證券代號,證券名稱,外陸資買進股數(不含外資自營商),外陸資賣出股數(不含外資自營商),外陸資買賣超股數(不含外資自營商),外資自營商買進股數,外資自營商賣出股數,外資自營商買賣超股數,投信買進股數,投信賣出股數,投信買賣超股數,自營商買賣超股數,自營商買進股數(自行買賣),自營商賣出股數(自行買賣),自營商買賣超股數(自行買賣),自營商買進股數(避險),自營商賣出股數(避險),自營商買賣超股數(避險),三大法人買賣超股數
00677U,富邦VIX         ,95520000,99672000,-4152000,0,0,0,0,0,0,83708000,400000,3160000,-2760000,93954000,7486000,86468000,79556000
00632R,元大台灣50反1   ,13341000,1505000,11836000,0,0,0,0,0,0,41726000,33330000,4149000,29181000,35010000,22465000,12545000,53562000
3481,群創            ,70427726,50183000,20244726,0,0,0,117000,9245000,-9128000,-1268000,1380000,1387000,-7000,1456000,2717000,-1261000,9848726
03033P,微星國票03售01  ,0,20000,-20000,0,0,0,0,0,0,9052000,0,0,0,9216000,164000,9052000,9032000
00669R,國泰美國道瓊反1 ,0,0,0,0,0,0,0,0,0,5060000,0,0,0,6215000,1155000,5060000,5060000
050363,臺指反元大98購04,0,0,0,0,0,0,0,0,0,4167000,0,0,0,5267000,1100000,4167000,4167000
3042,晶技            ,4637000,983000,3654000,0,0,0,195000,0,195000,208000,180000,240000,-60000,369000,101000,268000,4057000
00648R,元大S&P500反1   ,0,0,0,0,0,0,0,0,0,4026000,0,0,0,5325000,1299000,4026000,4026000
04051P,友達中信94售02  ,0,0,0,0,0,0,0,0,0,4019000,0,0,0,4019000,0,4019000,4019000
04875P,台積電中信94售04,0,0,0,0,0,0,0,0,0,3897000,0,0,0,3897000,0,3897000,3897000
1605,華新            ,1095000,1624000,-529000,0,0,0,16000,0,16000,4115000,0,54000,-54000,4287000,118000,4169000,3602000
00637L,元大滬深300正2  ,2268000,5558000,-3290000,0,0,0,0,0,0,6751000,132000,1041000,-909000,31343000,23683000,7660000,3461000
050256,臺指反元大98購03,0,0,0,0,0,0,0,0,0,3299000,0,0,0,3299000,0,3299000,3299000
056052,T50反1元大97購06,0,0,0,0,0,0,0,0,0,3049000,0,0,0,3986000,937000,3049000,3049000
1325,恆大            ,3386000,468000,2918000,0,0,0,0,0,0,20000,20000,0,20000,0,0,0,2938000
2891,中信金          ,28696173,27550088,1146085,0,0,0,770000,6000,764000,911000,1007000,120000,887000,24000,0,24000,2821085
050835,GIS凱基96購01   ,0,0,0,0,0,0,0,0,0,2799000,0,0,0,2799000,0,2799000,2799000
050169,臺指反元大97購01,0,0,0,0,0,0,0,0,0,2500000,0,0,0,2800000,300000,2500000,2500000
04294P,台積電元大95售01,0,0,0,0,0,0,0,0,0,2454000,0,0,0,2454000,0,2454000,2454000
00676R,富邦臺灣加權反1 ,0,0,0,0,0,0,0,0,0,2393000,0,0,0,2846000,453000,2393000,2393000
2104,國際中橡        ,2984000,611000,2373000,0,0,0,0,0,0,0,0,10000,-10000,10000,0,10000,2373000
00639,富邦深100       ,2388000,100000,2288000,0,0,0,0,0,0,-30000,0,0,0,1125000,1155000,-30000,2258000
05501P,健策國票97售01  ,0,0,0,0,0,0,0,0,0,2255000,0,0,0,2685000,430000,2255000,2255000
054036,T50反1元大96購08,0,0,0,0,0,0,0,0,0,2249000,0,0,0,4078000,1829000,2249000,2249000
054244,華新元大96購01  ,0,0,0,0,0,0,0,0,0,2228000,0,0,0,2250000,22000,2228000,2228000
8039,台虹            ,2757000,388000,2369000,0,0,0,0,0,0,-209000,9000,128000,-119000,64000,154000,-90000,2160000
00664R,國泰臺灣加權反1 ,0,0,0,0,0,0,0,0,0,2141000,0,0,0,3012000,871000,2141000,2141000
3231,緯創            ,11238200,10109713,1128487,0,0,0,36000,0,36000,971000,10000,218000,-208000,1319000,140000,1179000,2135487
044290,群創凱基93購05  ,0,0,0,0,0,0,0,0,0,2000000,0,0,0,2000000,0,2000000,2000000
047421,聯茂富邦97購01  ,0,0,0,0,0,0,0,0,0,1995000,0,0,0,2114000,119000,1995000,1995000
04368P,台積電凱基94售02,0,0,0,0,0,0,0,0,0,1989000,0,0,0,1989000,0,1989000,1989000
053949,康控富邦9A購01  ,0,0,0,0,0,0,0,0,0,1955000,0,0,0,2565000,610000,1955000,1955000
04617P,臺股指群益95售03,0,0,0,0,0,0,0,0,0,1949000,0,0,0,1949000,0,1949000,1949000
052498,台積電永豐95購06,0,0,0,0,0,0,0,0,0,1943000,0,0,0,2703000,760000,1943000,1943000
056594,台積電元富98購03,0,0,0,0,0,0,0,0,0,1921000,0,0,0,2366000,445000,1921000,1921000
048331,臺指反富邦97購01,0,0,0,0,0,0,0,0,0,1919000,0,0,0,1939000,20000,1919000,1919000
4934,太極            ,2013000,227000,1786000,0,0,0,0,0,0,0,0,0,0,0,0,0,1786000
056808,台積電統一98購06,0,0,0,0,0,0,0,0,0,1785000,0,0,0,2118000,333000,1785000,1785000
054684,裕隆永豐97購01  ,0,0,0,0,0,0,0,0,0,1774000,0,0,0,1824000,50000,1774000,1774000
055993,致茂國泰99購01  ,0,0,0,0,0,0,0,0,0,1669000,0,0,0,1750000,81000,1669000,1669000
05400P,台積電永豐95售05,0,0,0,0,0,0,0,0,0,1668000,0,0,0,2745000,1077000,1668000,1668000
04146P,可成凱基93售14  ,0,0,0,0,0,0,0,0,0,1589000,0,0,0,1600000,11000,1589000,1589000
054081,聯電元富96購01  ,0,0,0,0,0,0,0,0,0,1477000,0,0,0,1584000,107000,1477000,1477000
056595,台積電元富98購04,0,0,0,0,0,0,0,0,0,1464000,0,0,0,1617000,153000,1464000,1464000
057300,訊連永豐98購01  ,0,0,0,0,0,0,0,0,0,1452000,0,0,0,1479000,27000,1452000,1452000
08422P,玉晶光群益02售03,0,0,0,0,0,0,0,0,0,1447000,0,0,0,1447000,0,1447000,1447000
056593,台積電元富98購02,0,0,0,0,0,0,0,0,0,1444000,0,0,0,1478000,34000,1444000,1444000
2478,大毅            ,1931000,450000,1481000,0,0,0,0,0,0,-58000,0,0,0,4000,62000,-58000,1423000
3450,聯鈞            ,2282000,508000,1774000,0,0,0,0,0,0,-365000,38000,90000,-52000,30000,343000,-313000,1409000
048627,T50反1元大96購02,0,0,0,0,0,0,0,0,0,1396000,0,0,0,1834000,438000,1396000,1396000
055144,T50反1元大97購03,0,0,0,0,0,0,0,0,0,1381000,0,0,0,3387000,2006000,1381000,1381000
2342,茂矽            ,2023000,646000,1377000,0,0,0,0,0,0,-3000,16000,19000,-3000,0,0,0,1374000
055703,緯穎富邦98購01  ,0,0,0,0,0,0,0,0,0,1365000,0,0,0,1611000,246000,1365000,1365000
03371P,聯電元大02售07  ,0,0,0,0,0,0,0,0,0,1361000,0,0,0,1361000,0,1361000,1361000
054247,華邦電元大96購04,0,0,0,0,0,0,0,0,0,1360000,0,0,0,1360000,0,1360000,1360000
056918,台積電兆豐98購01,0,0,0,0,0,0,0,0,0,1338000,0,0,0,2137000,799000,1338000,1338000
00671R,富邦NASDAQ反1   ,0,0,0,0,0,0,0,0,0,1336000,0,0,0,2825000,1489000,1336000,1336000
053572,彩晶統一96購01  ,0,0,0,0,0,0,0,0,0,1329000,0,0,0,1329000,0,1329000,1329000
00739,元大MSCI A股    ,1245000,0,1245000,0,0,0,0,0,0,82000,0,0,0,707000,625000,82000,1327000
056423,奇鋐統一98購01  ,0,0,0,0,0,0,0,0,0,1315000,0,0,0,1332000,17000,1315000,1315000
056592,台積電元富98購01,0,0,0,0,0,0,0,0,0,1314000,0,0,0,1798000,484000,1314000,1314000
0061,元大寶滬深      ,123000,0,123000,0,0,0,0,0,0,1191000,210000,0,210000,1009000,28000,981000,1314000
00738U,元大道瓊白銀    ,945000,0,945000,0,0,0,0,0,0,355000,0,0,0,1704000,1349000,355000,1300000
048177,臺指反富邦99購01,0,0,0,0,0,0,0,0,0,1297000,0,0,0,1312000,15000,1297000,1297000
06081P,深中小元大97售02,0,0,0,0,0,0,0,0,0,1292000,0,0,0,1302000,10000,1292000,1292000
042326,元油2X國票94購01,0,0,0,0,0,0,0,0,0,1243000,0,0,0,1268000,25000,1243000,1243000
051858,上銀凱基95購01  ,0,10000,-10000,0,0,0,0,0,0,1247000,0,0,0,1372000,125000,1247000,1237000
055414,奇力新富邦9B購01,0,0,0,0,0,0,0,0,0,1228000,0,0,0,1305000,77000,1228000,1228000
1909,榮成            ,6631100,7146000,-514900,0,0,0,1749000,0,1749000,-23000,482000,505000,-23000,0,0,0,1211100
051751,聯茂富邦95購01  ,0,0,0,0,0,0,0,0,0,1189000,0,0,0,1308000,119000,1189000,1189000
00673R,元大S&P原油反1  ,0,2069000,-2069000,0,0,0,0,0,0,3255000,0,0,0,7406000,4151000,3255000,1186000
057139,華新科兆豐98購02,0,0,0,0,0,0,0,0,0,1180000,0,0,0,1572000,392000,1180000,1180000
06440P,台積電凱基98售07,0,0,0,0,0,0,0,0,0,1178000,0,0,0,1469000,291000,1178000,1178000
052528,茂林元大95購05  ,0,0,0,0,0,0,0,0,0,1171000,0,0,0,1197000,26000,1171000,1171000
057799,世紀鋼兆豐98購01,0,0,0,0,0,0,0,0,0,1156000,0,0,0,1209000,53000,1156000,1156000
054248,燿華元大97購02  ,0,0,0,0,0,0,0,0,0,1132000,0,0,0,1183000,51000,1132000,1132000
055450,台積電元富97購01,0,0,0,0,0,0,0,0,0,1119000,0,0,0,1608000,489000,1119000,1119000
049212,T50反1國票94購04,0,0,0,0,0,0,0,0,0,1107000,0,0,0,1107000,0,1107000,1107000
00636,國泰中國A50     ,254000,1000,253000,0,0,0,0,0,0,850000,20000,20000,0,1033000,183000,850000,1103000
2027,大成鋼          ,1713000,1648000,65000,0,0,0,0,0,0,1036000,3000,93000,-90000,1806000,680000,1126000,1101000
05618P,聯發科元富96售02,0,0,0,0,0,0,0,0,0,1098000,0,0,0,1269000,171000,1098000,1098000
056782,鴻海群益98購04  ,0,0,0,0,0,0,0,0,0,1089000,0,0,0,1849000,760000,1089000,1089000
051305,訊連凱基96購01  ,0,0,0,0,0,0,0,0,0,1087000,0,0,0,1417000,330000,1087000,1087000
052731,宏達電國泰98購01,0,0,0,0,0,0,0,0,0,1076000,0,0,0,1115000,39000,1076000,1076000
1714,和桐            ,1512000,449000,1063000,0,0,0,0,0,0,-12000,0,12000,-12000,0,0,0,1051000
050885,T50反1富邦95購01,0,0,0,0,0,0,0,0,0,1026000,0,0,0,1026000,0,1026000,1026000
056079,世紀鋼元大97購02,0,0,0,0,0,0,0,0,0,1021000,0,0,0,1332000,311000,1021000,1021000
04787P,台積電永昌96售04,0,30000,-30000,0,0,0,0,0,0,1051000,0,0,0,1069000,18000,1051000,1021000
05515P,台積電群益96售03,0,0,0,0,0,0,0,0,0,1014000,0,0,0,1064000,50000,1014000,1014000
04230P,臺股指中信95售06,0,0,0,0,0,0,0,0,0,1008000,0,0,0,1028000,20000,1008000,1008000
050568,為升中信97購01  ,0,0,0,0,0,0,0,0,0,1004000,0,0,0,1004000,0,1004000,1004000
053470,華邦電元大96購02,0,0,0,0,0,0,0,0,0,1004000,0,0,0,1138000,134000,1004000,1004000
04874P,高股息中信97售01,0,0,0,0,0,0,0,0,0,998000,0,0,0,998000,0,998000,998000
054552,聯發科凱基98購03,0,0,0,0,0,0,0,0,0,996000,0,0,0,1331000,335000,996000,996000
047371,明泰國票93購01  ,0,0,0,0,0,0,0,0,0,990000,0,0,0,990000,0,990000,990000
048643,強茂元大94購01  ,0,0,0,0,0,0,0,0,0,988000,0,0,0,988000,0,988000,988000
053158,茂林元大96購01  ,0,0,0,0,0,0,0,0,0,980000,0,0,0,980000,0,980000,980000
06214P,國巨國票98售04  ,0,0,0,0,0,0,0,0,0,959000,0,0,0,1193000,234000,959000,959000
054640,健策中信9B購01  ,0,0,0,0,0,0,0,0,0,952000,0,0,0,1039000,87000,952000,952000
051370,聯詠富邦97購01  ,0,0,0,0,0,0,0,0,0,949000,0,0,0,1006000,57000,949000,949000
057499,奇鋐群益98購01  ,0,0,0,0,0,0,0,0,0,938000,0,0,0,969000,31000,938000,938000
055013,訊連元富97購01  ,0,0,0,0,0,0,0,0,0,925000,0,0,0,1281000,356000,925000,925000
06174P,國巨元大97售07  ,0,0,0,0,0,0,0,0,0,924000,0,0,0,1053000,129000,924000,924000
055561,奇鋐凱基97購01  ,0,0,0,0,0,0,0,0,0,909000,0,0,0,909000,0,909000,909000
040760,T50反1凱基95購01,0,0,0,0,0,0,0,0,0,905000,0,0,0,905000,0,905000,905000
043349,T50反1國票93購01,0,0,0,0,0,0,0,0,0,899000,0,0,0,899000,0,899000,899000
047723,廣宇群益94購01  ,0,0,0,0,0,0,0,0,0,890000,0,0,0,890000,0,890000,890000
055399,超眾統一99購01  ,0,0,0,0,0,0,0,0,0,873000,0,0,0,908000,35000,873000,873000
055190,華新科元富97購01,0,0,0,0,0,0,0,0,0,864000,0,0,0,1244000,380000,864000,864000
4958,臻鼎-KY         ,3092094,1954398,1137696,0,0,0,84000,143000,-59000,-224000,80000,211000,-131000,6000,99000,-93000,854696
056848,泰鼎元富98購01  ,0,0,0,0,0,0,0,0,0,850000,0,0,0,1165000,315000,850000,850000
05767P,國巨凱基96售11  ,0,0,0,0,0,0,0,0,0,836000,0,0,0,1023000,187000,836000,836000
06572P,台積電永昌99售01,0,0,0,0,0,0,0,0,0,835000,0,0,0,5117000,4282000,835000,835000
048938,玉晶光永豐95購02,0,0,0,0,0,0,0,0,0,831000,0,0,0,842000,11000,831000,831000
053197,超眾元富96購02  ,0,0,0,0,0,0,0,0,0,830000,0,0,0,898000,68000,830000,830000
053762,T50反1富邦97購01,0,0,0,0,0,0,0,0,0,829000,0,0,0,1229000,400000,829000,829000
049191,元油2X永豐95購01,0,0,0,0,0,0,0,0,0,824000,0,0,0,974000,150000,824000,824000
00643,群益深証中小    ,1599000,243000,1356000,0,0,0,0,0,0,-532000,0,0,0,427000,959000,-532000,824000
054811,裕隆元大9A購01  ,0,0,0,0,0,0,0,0,0,820000,0,0,0,1233000,413000,820000,820000
054037,T50反1元大96購09,0,0,0,0,0,0,0,0,0,815000,0,0,0,1811000,996000,815000,815000
048733,台勝科麥證95購02,0,0,0,837000,23000,814000,0,0,0,814000,0,0,0,837000,23000,814000,814000
06496P,台灣50日盛98售01,0,0,0,0,0,0,0,0,0,814000,0,0,0,2264000,1450000,814000,814000
057066,緯穎富邦99購01  ,0,0,0,0,0,0,0,0,0,813000,0,0,0,813000,0,813000,813000
1707,葡萄王          ,891000,107000,784000,0,0,0,32000,0,32000,-5000,34000,43000,-9000,4000,0,4000,811000
055924,深中小群益9B購01,0,0,0,0,0,0,0,0,0,808000,0,0,0,2061000,1253000,808000,808000
052053,泰鼎凱基96購01  ,0,0,0,0,0,0,0,0,0,804000,0,0,0,944000,140000,804000,804000
056232,瑞儀凱基98購01  ,0,0,0,0,0,0,0,0,0,800000,0,0,0,800000,0,800000,800000
049792,元油2X元大94購08,0,0,0,0,0,0,0,0,0,798000,0,0,0,800000,2000,798000,798000
057614,華新科元富99購04,0,0,0,0,0,0,0,0,0,795000,0,0,0,830000,35000,795000,795000
054207,國巨國票98購01  ,0,0,0,0,0,0,0,0,0,792000,0,0,0,792000,0,792000,792000
052880,台積電凱基96購06,0,0,0,0,0,0,0,0,0,785000,0,0,0,820000,35000,785000,785000
3515,華擎            ,1516000,401000,1115000,0,0,0,0,190000,-190000,-145000,24000,94000,-70000,17000,92000,-75000,780000
3682,亞太電          ,1651000,876000,775000,0,0,0,0,0,0,0,0,0,0,0,0,0,775000
05268P,玉晶光元大98售01,0,0,0,0,0,0,0,0,0,767000,0,0,0,1128000,361000,767000,767000
054868,國泰金群益9A購01,0,0,0,0,0,0,0,0,0,759000,0,0,0,759000,0,759000,759000
3532,台勝科          ,1023000,791000,232000,0,0,0,2000,0,2000,521000,13000,32000,-19000,541000,1000,540000,755000
055735,宏達電元富98購01,0,0,0,0,0,0,0,0,0,752000,0,0,0,1227000,475000,752000,752000
056236,台積電群益97購06,0,0,0,0,0,0,0,0,0,749000,0,0,0,1085000,336000,749000,749000
054533,泰碩國泰98購01  ,0,0,0,0,0,0,0,0,0,749000,0,0,0,794000,45000,749000,749000
4927,泰鼎-KY         ,2667000,1203000,1464000,0,0,0,0,0,0,-715000,75000,251000,-176000,134000,673000,-539000,749000
054798,超眾群益97購01  ,0,0,0,0,0,0,0,0,0,747000,0,0,0,785000,38000,747000,747000
05289P,鴻海永豐95售05  ,0,0,0,0,0,0,0,0,0,743000,0,0,0,967000,224000,743000,743000
055276,台積電元大97購20,0,0,0,0,0,0,0,0,0,742000,0,0,0,817000,75000,742000,742000
06347P,祥碩元富97售02  ,0,0,0,0,0,0,0,0,0,741000,0,0,0,911000,170000,741000,741000
06454P,緯穎元大98售04  ,0,0,0,0,0,0,0,0,0,740000,0,0,0,876000,136000,740000,740000
053281,茂林元大96購02  ,0,0,0,0,0,0,0,0,0,724000,0,0,0,835000,111000,724000,724000
05849P,臺股指元大96售25,0,0,0,0,0,0,0,0,0,721000,0,0,0,751000,30000,721000,721000
06849P,欣興元大98售12  ,0,0,0,0,0,0,0,0,0,711000,0,0,0,715000,4000,711000,711000
03267P,台灣50元大02售06,0,0,0,0,0,0,0,0,0,702000,0,0,0,762000,60000,702000,702000
00686R,群益臺灣加權反1 ,0,0,0,0,0,0,0,0,0,693000,0,0,0,798000,105000,693000,693000
06136P,華新科國泰99售02,0,0,0,0,0,0,0,0,0,693000,0,0,0,1182000,489000,693000,693000
04496P,國巨國泰96售02  ,0,0,0,0,0,0,0,0,0,692000,0,0,0,719000,27000,692000,692000
054457,強茂群益96購01  ,0,0,0,0,0,0,0,0,0,689000,0,0,0,816000,127000,689000,689000
006205,富邦上証        ,1026000,22000,1004000,0,0,0,0,0,0,-316000,0,0,0,1179000,1495000,-316000,688000
049236,元油2X元富96購06,0,0,0,0,0,0,0,0,0,683000,0,0,0,765000,82000,683000,683000
057472,T50正2元大9B購03,0,0,0,0,0,0,0,0,0,682000,0,0,0,1000000,318000,682000,682000
055140,晶相光永豐97購01,0,0,0,0,0,0,0,0,0,672000,0,0,0,693000,21000,672000,672000
055289,泰碩元大98購01  ,0,0,0,0,0,0,0,0,0,671000,0,0,0,835000,164000,671000,671000
050831,超眾凱基95購01  ,0,0,0,0,0,0,0,0,0,662000,0,0,0,805000,143000,662000,662000
053846,友達元富99購02  ,0,0,0,0,0,0,0,0,0,662000,0,0,0,687000,25000,662000,662000
055896,南電統一97購02  ,0,0,0,0,0,0,0,0,0,657000,0,0,0,747000,90000,657000,657000
052687,國泰金元大96購03,0,0,0,0,0,0,0,0,0,655000,0,0,0,700000,45000,655000,655000
051346,仁寶元大95購01  ,0,0,0,0,0,0,0,0,0,653000,0,0,0,653000,0,653000,653000
3036,文曄            ,1185000,580000,605000,0,0,0,14000,0,14000,32000,129000,62000,67000,75000,110000,-35000,651000
057248,台積電統一98購08,0,0,0,0,0,0,0,0,0,649000,0,0,0,1264000,615000,649000,649000
055588,瑞昱元大97購03  ,0,0,0,0,0,0,0,0,0,647000,0,0,0,816000,169000,647000,647000
053602,台虹元大96購01  ,0,0,0,0,0,0,0,0,0,646000,0,0,0,844000,198000,646000,646000
050971,緯穎永豐95購01  ,0,0,0,0,0,0,0,0,0,643000,0,0,0,654000,11000,643000,643000
04660P,臺股指富邦94售03,0,0,0,0,0,0,0,0,0,640000,0,0,0,640000,0,640000,640000
053951,T50反1台新06購02,0,0,0,0,0,0,0,0,0,639000,0,0,0,639000,0,639000,639000
2535,達欣工          ,839000,200000,639000,0,0,0,0,0,0,-3000,20000,23000,-3000,0,0,0,636000
05682P,大立光元大98售03,0,0,0,0,0,0,0,0,0,635000,0,0,0,698000,63000,635000,635000
047882,超眾國泰94購01  ,0,0,0,0,0,0,0,0,0,635000,0,0,0,705000,70000,635000,635000
05877P,大立光群益96售06,0,0,0,0,0,0,0,0,0,635000,0,0,0,671000,36000,635000,635000
048178,上銀富邦95購02  ,0,0,0,0,0,0,0,0,0,633000,0,0,0,798000,165000,633000,633000
054998,玉晶光元富97購02,0,0,0,0,0,0,0,0,0,632000,0,0,0,652000,20000,632000,632000
048793,超眾元大95購02  ,0,0,0,0,0,0,0,0,0,630000,0,0,0,665000,35000,630000,630000
056074,茂林元大97購04  ,0,0,0,0,0,0,0,0,0,625000,0,0,0,727000,102000,625000,625000
053942,超眾國泰96購02  ,0,0,0,0,0,0,0,0,0,625000,0,0,0,775000,150000,625000,625000
054996,聯陽元富97購01  ,0,0,0,0,0,0,0,0,0,623000,0,0,0,891000,268000,623000,623000
053184,世紀鋼元富96購01,0,0,0,0,0,0,0,0,0,620000,0,0,0,1391000,771000,620000,620000
050391,大立光統一94購07,0,0,0,0,0,0,0,0,0,618000,0,0,0,649000,31000,618000,618000
04575P,新日興統一94售02,0,0,0,0,0,0,0,0,0,617000,0,0,0,810000,193000,617000,617000
05540P,亞德客凱基96售01,0,0,0,0,0,0,0,0,0,615000,0,0,0,625000,10000,615000,615000
055979,聯鈞統一97購03  ,0,0,0,0,0,0,0,0,0,612000,0,0,0,742000,130000,612000,612000
07480P,FBVIX凱基94售01 ,0,0,0,0,0,0,0,0,0,611000,0,0,0,978000,367000,611000,611000
05273P,國巨群益95售02  ,0,0,0,0,0,0,0,0,0,610000,0,0,0,650000,40000,610000,610000
3090,日電貿          ,932100,237000,695100,0,0,0,0,0,0,-90000,4000,1000,3000,1000,94000,-93000,605100
056523,光寶科中信98購01,0,0,0,0,0,0,0,0,0,605000,0,0,0,1213000,608000,605000,605000
044405,材料凱基93購01  ,0,0,0,0,0,0,0,0,0,603000,0,0,0,603000,0,603000,603000
057467,祥碩永豐98購04  ,0,0,0,0,0,0,0,0,0,601000,0,0,0,811000,210000,601000,601000
055387,世紀鋼元大97購01,0,0,0,0,0,0,0,0,0,601000,0,0,0,627000,26000,601000,601000
056828,國巨富邦9A購03  ,0,0,0,0,0,0,0,0,0,594000,0,0,0,760000,166000,594000,594000
06573P,台積電永昌99售02,0,0,0,0,0,0,0,0,0,590000,0,0,0,840000,250000,590000,590000
054979,南港元富97購01  ,0,0,0,0,0,0,0,0,0,588000,0,0,0,723000,135000,588000,588000
053507,百和兆豐96購01  ,0,0,0,0,0,0,0,0,0,588000,0,0,0,627000,39000,588000,588000
00641R,富邦日本反1     ,614000,207000,407000,0,0,0,0,0,0,178000,0,0,0,1544000,1366000,178000,585000
06063P,玉晶光元富97售01,0,0,0,0,0,0,0,0,0,583000,0,0,0,792000,209000,583000,583000
053930,S&P反1統一98購01,0,0,0,0,0,0,0,0,0,578000,0,0,0,602000,24000,578000,578000
1904,正隆            ,2996001,3602000,-605999,0,0,0,1025000,0,1025000,157000,187000,51000,136000,21000,0,21000,576001
055658,南電元富97購01  ,0,0,0,0,0,0,0,0,0,575000,0,0,0,577000,2000,575000,575000
049023,玉晶光群益96購04,0,10000,-10000,0,0,0,0,0,0,585000,0,0,0,943000,358000,585000,575000
056580,泰鼎元大9A購01  ,0,0,0,0,0,0,0,0,0,574000,0,0,0,1319000,745000,574000,574000
2385,群光            ,2328107,2176872,151235,0,0,0,121000,0,121000,301000,1000,161000,-160000,465000,4000,461000,573235
9933,中鼎            ,960000,387000,573000,0,0,0,0,0,0,0,0,0,0,0,0,0,573000
04710P,台積電元大94售16,0,0,0,0,0,0,0,0,0,571000,0,0,0,571000,0,571000,571000
046241,聯發科中信94購02,0,0,0,0,0,0,0,0,0,570000,0,0,0,570000,0,570000,570000
05530P,臺股指群益96售03,0,0,0,0,0,0,0,0,0,569000,0,0,0,569000,0,569000,569000
05439P,聯發科國票95售06,0,0,0,0,0,0,0,0,0,560000,0,0,0,608000,48000,560000,560000
057530,奇鋐元大99購01  ,0,0,0,0,0,0,0,0,0,559000,0,0,0,641000,82000,559000,559000
053626,台積電兆豐96購03,0,0,0,0,0,0,0,0,0,558000,0,0,0,640000,82000,558000,558000
047503,T50反1國票93購03,0,0,0,0,0,0,0,0,0,557000,0,0,0,557000,0,557000,557000
054583,玉晶光統一97購02,0,0,0,0,0,0,0,0,0,557000,0,0,0,607000,50000,557000,557000
2886,兆豐金          ,13248250,15395778,-2147528,0,0,0,374000,3000,371000,2333000,1401000,377000,1024000,1309000,0,1309000,556472
054755,世紀鋼凱基98購01,0,0,0,0,0,0,0,0,0,556000,0,0,0,688000,132000,556000,556000
05397P,大立光凱基96售08,0,0,0,0,0,0,0,0,0,555000,0,0,0,575000,20000,555000,555000
052282,宏達電凱基95購05,0,0,0,0,0,0,0,0,0,554000,0,0,0,770000,216000,554000,554000
3005,神基            ,149000,719000,-570000,0,0,0,7000,0,7000,1114000,176000,33000,143000,1033000,62000,971000,551000
055194,昇陽半元富97購01,0,0,0,0,0,0,0,0,0,550000,0,0,0,550000,0,550000,550000
6278,台表科          ,2282000,764000,1518000,0,0,0,150000,733000,-583000,-385000,2000,165000,-163000,6000,228000,-222000,550000
054614,玉晶光永豐97購03,0,0,0,0,0,0,0,0,0,548000,0,0,0,868000,320000,548000,548000
053371,滬深2X元大99購01,0,0,0,0,0,0,0,0,0,548000,0,0,0,557000,9000,548000,548000
03413B,臺股指凱基94熊19,0,0,0,0,0,0,0,0,0,547000,0,0,0,1308000,761000,547000,547000
054632,緯穎凱基9A購01  ,0,0,0,0,0,0,0,0,0,547000,0,0,0,795000,248000,547000,547000
057562,奇鋐兆豐98購01  ,0,0,0,0,0,0,0,0,0,546000,0,0,0,579000,33000,546000,546000
08890P,為升元大01售04  ,0,0,0,0,0,0,0,0,0,546000,0,0,0,636000,90000,546000,546000
054960,新日興元大97購02,0,0,0,0,0,0,0,0,0,545000,0,0,0,575000,30000,545000,545000
056043,力成凱基97購01  ,0,0,0,0,0,0,0,0,0,544000,0,0,0,548000,4000,544000,544000
055177,宏達電統一99購01,0,0,0,0,0,0,0,0,0,543000,0,0,0,550000,7000,543000,543000
2812,台中銀          ,1169000,745000,424000,0,0,0,46000,0,46000,71000,99000,28000,71000,0,0,0,541000
054237,茂林群益97購01  ,0,0,0,0,0,0,0,0,0,536000,0,0,0,610000,74000,536000,536000
052417,聯發科兆豐9B購01,0,0,0,0,0,0,0,0,0,535000,0,0,0,715000,180000,535000,535000
051090,光磊元大96購01  ,0,0,0,0,0,0,0,0,0,532000,0,0,0,600000,68000,532000,532000
3706,神達            ,5715000,4297000,1418000,0,0,0,927000,0,927000,-1814000,94000,1557000,-1463000,27000,378000,-351000,531000
05292P,台積電凱基95售16,0,0,0,0,0,0,0,0,0,529000,0,0,0,529000,0,529000,529000
05090P,國巨元大95售05  ,0,0,0,0,0,0,0,0,0,525000,0,0,0,615000,90000,525000,525000
05180P,玉晶光凱基95售04,0,0,0,0,0,0,0,0,0,522000,0,0,0,608000,86000,522000,522000
05901P,臺股指凱基9C售01,0,0,0,0,0,0,0,0,0,522000,0,0,0,591000,69000,522000,522000
06654P,欣興元大98售08  ,0,0,0,0,0,0,0,0,0,519000,0,0,0,537000,18000,519000,519000
050914,健鼎中信95購01  ,0,0,0,0,0,0,0,0,0,518000,0,0,0,938000,420000,518000,518000
055290,玉晶光元大98購08,0,0,0,0,0,0,0,0,0,516000,0,0,0,516000,0,516000,516000
05062P,大立光富邦98售03,0,0,0,0,0,0,0,0,0,515000,0,0,0,525000,10000,515000,515000
3016,嘉晶            ,1221000,218000,1003000,0,0,0,0,0,0,-488000,14000,0,14000,14000,516000,-502000,515000
054509,上証反元大99購01,0,0,0,0,0,0,0,0,0,511000,0,0,0,897000,386000,511000,511000
055368,台積電元大97購24,0,0,0,0,0,0,0,0,0,510000,0,0,0,1373000,863000,510000,510000
053763,T50反1富邦98購01,0,0,0,0,0,0,0,0,0,509000,0,0,0,509000,0,509000,509000
2376,技嘉            ,2067000,2193000,-126000,0,0,0,3000,0,3000,631000,93000,84000,9000,867000,245000,622000,508000
056756,T50反1元大98購06,0,0,0,0,0,0,0,0,0,505000,0,0,0,2457000,1952000,505000,505000
047194,世紀鋼元大96購01,0,0,0,0,0,0,0,0,0,502000,0,0,0,520000,18000,502000,502000
04257P,景碩國票93售01  ,0,0,0,0,0,0,0,0,0,500000,0,0,0,500000,0,500000,500000
045280,儒鴻富邦94購01  ,0,0,0,0,0,0,0,0,0,500000,0,0,0,510000,10000,500000,500000
048690,美律群益94購01  ,0,0,0,0,0,0,0,0,0,499000,0,0,0,499000,0,499000,499000
049216,華邦電國票95購01,0,0,0,0,0,0,0,0,0,499000,0,0,0,499000,0,499000,499000
050465,神基中信94購01  ,0,0,0,0,0,0,0,0,0,499000,0,0,0,499000,0,499000,499000
052525,聯詠元大95購06  ,0,0,0,0,0,0,0,0,0,499000,0,0,0,499000,0,499000,499000
053747,滬深2X永豐96購05,0,0,0,0,0,0,0,0,0,499000,0,0,0,499000,0,499000,499000
054042,華泰元大96購01  ,0,0,0,0,0,0,0,0,0,499000,0,0,0,518000,19000,499000,499000
054422,T50反1富邦9A購01,0,0,0,0,0,0,0,0,0,499000,0,0,0,499000,0,499000,499000
052815,滬深2X永豐97購01,0,0,0,0,0,0,0,0,0,497000,0,0,0,509000,12000,497000,497000
057745,泰鼎永豐99購01  ,0,0,0,0,0,0,0,0,0,494000,0,0,0,681000,187000,494000,494000
049706,世紀鋼元大95購02,0,0,0,0,0,0,0,0,0,493000,0,0,0,669000,176000,493000,493000
00655L,國泰中國A50正2  ,85000,55000,30000,0,0,0,0,0,0,462000,49000,139000,-90000,3025000,2473000,552000,492000
051918,聯茂元大95購01  ,0,0,0,0,0,0,0,0,0,492000,0,0,0,621000,129000,492000,492000
05603P,聯發科元大96售09,0,0,0,0,0,0,0,0,0,490000,0,0,0,587000,97000,490000,490000
048126,TPK元大94購02   ,0,0,0,0,0,0,0,0,0,490000,0,0,0,490000,0,490000,490000
051782,昇陽半群益95購01,0,0,0,0,0,0,0,0,0,490000,0,0,0,500000,10000,490000,490000
053640,上緯控永豐96購01,0,0,0,0,0,0,0,0,0,490000,0,0,0,490000,0,490000,490000
057578,可成中信99購01  ,0,0,0,0,0,0,0,0,0,489000,0,0,0,504000,15000,489000,489000
06633P,國巨國票99售01  ,0,0,0,0,0,0,0,0,0,488000,0,0,0,489000,1000,488000,488000
053630,奇鋐兆豐97購01  ,0,0,0,0,0,0,0,0,0,486000,0,0,0,491000,5000,486000,486000
05677P,玉晶光群益98售03,0,0,0,0,0,0,0,0,0,485000,0,0,0,485000,0,485000,485000
00783,富邦中証500     ,493000,0,493000,0,0,0,0,0,0,-8000,0,0,0,1430000,1438000,-8000,485000
04511P,臺股指元大94售06,0,0,0,0,0,0,0,0,0,485000,0,0,0,540000,55000,485000,485000
050524,宏達電元大95購04,0,0,0,0,0,0,0,0,0,484000,0,0,0,484000,0,484000,484000
056396,祥碩永豐98購01  ,0,0,0,0,0,0,0,0,0,482000,0,0,0,489000,7000,482000,482000
06110P,國巨國泰98售02  ,0,0,0,0,0,0,0,0,0,481000,0,0,0,481000,0,481000,481000
046248,技嘉群益93購02  ,0,0,0,0,0,0,0,0,0,480000,0,0,0,480000,0,480000,480000
053562,玉晶光國泰98購02,0,0,0,0,0,0,0,0,0,480000,0,0,0,798000,318000,480000,480000
055808,世紀鋼永豐97購01,0,0,0,0,0,0,0,0,0,477000,0,0,0,576000,99000,477000,477000
052854,聯詠日盛96購01  ,0,0,0,0,0,0,0,0,0,474000,0,0,0,484000,10000,474000,474000
055431,和鑫群益98購01  ,0,0,0,0,0,0,0,0,0,474000,0,0,0,474000,0,474000,474000
2451,創見            ,263000,351000,-88000,0,0,0,0,0,0,562000,8000,9000,-1000,563000,0,563000,474000
056938,泰碩元富98購01  ,0,0,0,0,0,0,0,0,0,472000,0,0,0,519000,47000,472000,472000
05015P,臺股指元大95售06,0,0,0,0,0,0,0,0,0,472000,0,0,0,557000,85000,472000,472000
054331,世芯永豐96購03  ,0,0,0,0,0,0,0,0,0,472000,0,0,0,990000,518000,472000,472000
055891,鴻海統一9A購01  ,0,0,0,0,0,0,0,0,0,470000,0,0,0,1955000,1485000,470000,470000
055682,智原凱基98購02  ,0,0,0,0,0,0,0,0,0,470000,0,0,0,470000,0,470000,470000
054330,世芯永豐96購02  ,0,0,0,0,0,0,0,0,0,470000,0,0,0,501000,31000,470000,470000
053436,聯茂日盛96購01  ,0,0,0,0,0,0,0,0,0,470000,0,0,0,626000,156000,470000,470000
055657,超眾元富97購02  ,0,0,0,0,0,0,0,0,0,469000,0,0,0,489000,20000,469000,469000
053673,超眾元富96購03  ,0,0,0,0,0,0,0,0,0,469000,0,0,0,504000,35000,469000,469000
056191,世紀鋼統一97購01,0,0,0,0,0,0,0,0,0,467000,0,0,0,487000,20000,467000,467000
057571,泰碩永豐98購01  ,0,0,0,0,0,0,0,0,0,466000,0,0,0,466000,0,466000,466000
053767,臻鼎富邦97購02  ,0,0,0,0,0,0,0,0,0,463000,0,0,0,501000,38000,463000,463000
055877,奇鋐元富97購01  ,0,0,0,0,0,0,0,0,0,459000,0,0,0,459000,0,459000,459000
04434P,玉晶光國票96售02,0,0,0,0,0,0,0,0,0,458000,0,0,0,993000,535000,458000,458000
054375,貿聯中信99購01  ,0,0,0,0,0,0,0,0,0,458000,0,0,0,460000,2000,458000,458000
053079,世紀鋼永豐96購01,0,0,0,0,0,0,0,0,0,456000,0,0,0,476000,20000,456000,456000
057466,泰鼎永豐98購01  ,0,0,0,0,0,0,0,0,0,454000,0,0,0,664000,210000,454000,454000
04395P,台積電群益94售06,0,0,0,0,0,0,0,0,0,453000,0,0,0,454000,1000,453000,453000
056080,世紀鋼元大97購03,0,0,0,0,0,0,0,0,0,452000,0,0,0,503000,51000,452000,452000
051489,世芯凱基95購01  ,0,0,0,0,0,0,0,0,0,451000,0,0,0,594000,143000,451000,451000
04847P,聯發科凱基94售17,0,0,0,0,0,0,0,0,0,449000,0,0,0,449000,0,449000,449000
06179P,國巨群益97售04  ,0,0,0,0,0,0,0,0,0,448000,0,0,0,901000,453000,448000,448000
056646,奇鋐凱基99購02  ,0,0,0,0,0,0,0,0,0,446000,0,0,0,766000,320000,446000,446000
053752,超眾永豐96購02  ,0,0,0,0,0,0,0,0,0,446000,0,0,0,481000,35000,446000,446000
054368,鴻海中信9A購02  ,0,0,0,0,0,0,0,0,0,443000,0,0,0,543000,100000,443000,443000
055310,聯詠群益97購02  ,0,0,0,0,0,0,0,0,0,443000,0,0,0,479000,36000,443000,443000
051113,聯電元富95購01  ,0,0,0,0,0,0,0,0,0,442000,0,0,0,499000,57000,442000,442000
054229,超眾元富96購05  ,0,0,0,0,0,0,0,0,0,442000,0,0,0,442000,0,442000,442000
057602,聯茂群益98購02  ,0,0,0,0,0,0,0,0,0,441000,0,0,0,482000,41000,441000,441000
03501P,奇鋐國票03售02  ,0,0,0,0,0,0,0,0,0,441000,0,0,0,441000,0,441000,441000
046928,奇鋐富邦97購01  ,0,0,0,0,0,0,0,0,0,440000,0,0,0,450000,10000,440000,440000
050883,嘉聯益國泰96購01,0,0,0,0,0,0,0,0,0,437000,0,0,0,471000,34000,437000,437000
06190P,玉晶光永豐97售05,0,0,0,0,0,0,0,0,0,437000,0,0,0,609000,172000,437000,437000
06229P,欣興凱基97售07  ,0,0,0,0,0,0,0,0,0,437000,0,0,0,783000,346000,437000,437000
05680P,聯發科元大96售12,0,0,0,0,0,0,0,0,0,436000,0,0,0,477000,41000,436000,436000
050719,世紀鋼群益96購01,0,0,0,0,0,0,0,0,0,435000,0,0,0,564000,129000,435000,435000
054134,強茂元大96購01  ,0,0,0,0,0,0,0,0,0,435000,0,0,0,605000,170000,435000,435000
048382,T50反1國票96購01,0,0,0,0,0,0,0,0,0,434000,0,0,0,434000,0,434000,434000
054564,玉晶光群益99購01,0,0,0,0,0,0,0,0,0,434000,0,0,0,542000,108000,434000,434000
052441,亞泥元大95購01  ,0,0,0,0,0,0,0,0,0,432000,0,0,0,516000,84000,432000,432000
056331,聯鈞國票99購01  ,0,0,0,0,0,0,0,0,0,430000,0,0,0,663000,233000,430000,430000
05551P,電子類元大96售01,0,0,0,0,0,0,0,0,0,430000,0,0,0,684000,254000,430000,430000
051397,聯茂兆豐95購03  ,0,0,0,0,0,0,0,0,0,429000,0,0,0,636000,207000,429000,429000
049635,臺股指群益94購08,0,0,0,0,0,0,0,0,0,429000,0,0,0,429000,0,429000,429000
054884,友達統一99購01  ,0,0,0,0,0,0,0,0,0,428000,0,0,0,488000,60000,428000,428000
05450P,臺股指元大95售27,0,0,0,0,0,0,0,0,0,428000,0,0,0,619000,191000,428000,428000
2324,仁寶            ,13605291,15401631,-1796340,0,0,0,156000,0,156000,2068000,2000,256000,-254000,2358000,36000,2322000,427660
047212,宏達電富邦97購01,0,0,0,0,0,0,0,0,0,427000,0,0,0,587000,160000,427000,427000
047493,旺宏元富96購01  ,0,0,0,0,0,0,0,0,0,425000,0,0,0,426000,1000,425000,425000
052882,南電凱基96購02  ,0,100000,-100000,0,0,0,0,0,0,525000,0,0,0,667000,142000,525000,425000
03763P,聯發科元富96售01,0,0,0,0,0,0,0,0,0,424000,0,0,0,424000,0,424000,424000
057095,祥碩元富98購02  ,0,0,0,0,0,0,0,0,0,423000,0,0,0,738000,315000,423000,423000
055629,華新科永豐97購04,0,0,0,0,0,0,0,0,0,422000,0,0,0,523000,101000,422000,422000
055397,超眾統一97購02  ,0,0,0,0,0,0,0,0,0,422000,0,0,0,422000,0,422000,422000
046797,T50反1元大96購01,0,0,0,0,0,0,0,0,0,420000,0,0,0,420000,0,420000,420000
046557,亞泥凱基93購02  ,0,0,0,0,0,0,0,0,0,420000,0,0,0,420000,0,420000,420000
050450,富邦金元大94購03,0,0,0,0,0,0,0,0,0,420000,0,0,0,430000,10000,420000,420000
054577,世芯元大98購01  ,0,0,0,0,0,0,0,0,0,417000,0,0,0,616000,199000,417000,417000
052896,宏達電群益96購01,0,0,0,0,0,0,0,0,0,417000,0,0,0,511000,94000,417000,417000
052833,康控群益96購01  ,0,0,0,0,0,0,0,0,0,416000,0,0,0,642000,226000,416000,416000
054195,亞泥國泰98購01  ,0,0,0,0,0,0,0,0,0,415000,0,0,0,415000,0,415000,415000
055378,晶相光元大97購02,0,0,0,0,0,0,0,0,0,413000,0,0,0,533000,120000,413000,413000
047637,旺宏元大94購03  ,0,0,0,0,0,0,0,0,0,412000,0,0,0,642000,230000,412000,412000
055681,奇鋐凱基98購03  ,0,0,0,0,0,0,0,0,0,410000,0,0,0,494000,84000,410000,410000
056706,元油2X富邦9B購01,0,0,0,0,0,0,0,0,0,410000,0,0,0,519000,109000,410000,410000
055337,超眾兆豐98購01  ,0,0,0,0,0,0,0,0,0,410000,0,0,0,825000,415000,410000,410000
055530,聯發科群益98購01,0,0,0,0,0,0,0,0,0,409000,0,0,0,618000,209000,409000,409000
042993,葡萄王元大94購01,0,0,0,0,0,0,0,0,0,409000,0,0,0,729000,320000,409000,409000
051359,中信金元大95購01,0,0,0,0,0,0,0,0,0,409000,0,0,0,693000,284000,409000,409000
8463,潤泰材          ,228000,218000,10000,0,0,0,400000,0,400000,-1000,0,1000,-1000,0,0,0,409000
048426,超眾元富93購01  ,0,0,0,0,0,0,0,0,0,408000,0,0,0,513000,105000,408000,408000
057511,健策統一98購02  ,0,0,0,0,0,0,0,0,0,406000,0,0,0,502000,96000,406000,406000
057841,茂林富邦9A購02  ,0,0,0,0,0,0,0,0,0,405000,0,0,0,405000,0,405000,405000
054367,鴻海中信98購03  ,0,0,0,0,0,0,0,0,0,404000,0,0,0,484000,80000,404000,404000
051686,宏達電凱基95購04,0,0,0,0,0,0,0,0,0,403000,0,0,0,423000,20000,403000,403000
050131,新光金凱基94購01,0,0,0,0,0,0,0,0,0,402000,0,0,0,410000,8000,402000,402000
053908,貿聯凱基98購01  ,0,0,0,0,0,0,0,0,0,401000,0,0,0,414000,13000,401000,401000
057131,奇力新凱基98購05,0,0,0,0,0,0,0,0,0,400000,0,0,0,400000,0,400000,400000
047169,滬深2X永豐95購01,0,0,0,0,0,0,0,0,0,400000,0,0,0,400000,0,400000,400000
03945P,欣興群益94售01  ,0,0,0,0,0,0,0,0,0,400000,0,0,0,410000,10000,400000,400000
049121,元油2X元富94購06,0,0,0,0,0,0,0,0,0,400000,0,0,0,400000,0,400000,400000
051673,玉晶光元大96購04,0,0,0,0,0,0,0,0,0,400000,0,0,0,1001000,601000,400000,400000
055004,群創元富99購06  ,0,0,0,0,0,0,0,0,0,400000,0,0,0,400000,0,400000,400000
08488P,臺股指群益9C售19,0,0,0,0,0,0,0,0,0,400000,0,0,0,400000,0,400000,400000
052004,泰碩國泰97購03  ,0,0,0,0,0,0,0,0,0,399000,0,0,0,429000,30000,399000,399000
06621P,欣興元大98售06  ,0,0,0,0,0,0,0,0,0,399000,0,0,0,501000,102000,399000,399000
051138,訊連永豐95購01  ,0,0,0,0,0,0,0,0,0,398000,0,0,0,498000,100000,398000,398000
054695,世芯永豐98購01  ,0,0,0,0,0,0,0,0,0,398000,0,0,0,490000,92000,398000,398000
055843,美律元大97購02  ,0,0,0,0,0,0,0,0,0,397000,0,0,0,509000,112000,397000,397000
053467,鴻海元大96購20  ,0,0,0,0,0,0,0,0,0,397000,0,0,0,568000,171000,397000,397000
6669,緯穎            ,951621,366579,585042,0,0,0,2000,103000,-101000,-88000,2000,46000,-44000,4000,48000,-44000,396042
041824,元油2X國票96購01,0,0,0,0,0,0,0,0,0,396000,0,0,0,549000,153000,396000,396000
048436,聯茂日盛93購01  ,0,0,0,0,0,0,0,0,0,396000,0,0,0,396000,0,396000,396000
048628,T50反1元大96購03,0,0,0,0,0,0,0,0,0,396000,0,0,0,1420000,1024000,396000,396000
052985,美律元大96購02  ,0,0,0,0,0,0,0,0,0,396000,0,0,0,499000,103000,396000,396000
051341,訊連永豐95購02  ,0,0,0,0,0,0,0,0,0,395000,0,0,0,630000,235000,395000,395000
049701,聯茂元大94購05  ,0,0,0,0,0,0,0,0,0,395000,0,0,0,395000,0,395000,395000
047406,香港反統一94購01,0,0,0,0,0,0,0,0,0,394000,0,0,0,430000,36000,394000,394000
053969,瑞昱元大97購01  ,0,0,0,0,0,0,0,0,0,393000,0,0,0,553000,160000,393000,393000
2504,國產            ,1245000,846000,399000,0,0,0,0,0,0,-6000,0,0,0,19000,25000,-6000,393000
056099,上銀永豐97購02  ,0,0,0,0,0,0,0,0,0,392000,0,0,0,642000,250000,392000,392000
057567,嘉聯益富邦9A購01,0,0,0,0,0,0,0,0,0,390000,0,0,0,401000,11000,390000,390000
006207,FH滬深          ,483000,1000,482000,0,0,0,0,0,0,-93000,0,90000,-90000,637000,640000,-3000,389000
048945,訊連永豐94購01  ,0,0,0,0,0,0,0,0,0,388000,0,0,0,388000,0,388000,388000
053114,聯茂兆豐97購01  ,0,0,0,0,0,0,0,0,0,388000,0,0,0,476000,88000,388000,388000
046793,聯發科元富99購01,0,0,0,0,0,0,0,0,0,387000,0,0,0,539000,152000,387000,387000
054456,華泰群益99購01  ,0,0,0,0,0,0,0,0,0,387000,0,0,0,408000,21000,387000,387000
047262,欣興國票93購04  ,0,0,0,0,0,0,0,0,0,385000,0,0,0,385000,0,385000,385000
054295,世芯元大96購03  ,0,0,0,0,0,0,0,0,0,385000,0,0,0,1478000,1093000,385000,385000
054955,宏達電元大98購01,0,0,0,0,0,0,0,0,0,385000,0,0,0,449000,64000,385000,385000
046573,上緯控國泰94購01,0,0,0,0,0,0,0,0,0,382000,0,0,0,388000,6000,382000,382000
051816,臺股指凱基95購07,0,0,0,0,0,0,0,0,0,381000,0,0,0,390000,9000,381000,381000
057501,超眾群益98購04  ,0,0,0,0,0,0,0,0,0,380000,0,0,0,406000,26000,380000,380000
051777,聯發科群益95購04,0,0,0,0,0,0,0,0,0,380000,0,0,0,405000,25000,380000,380000
055424,聚陽群益98購01  ,0,0,0,0,0,0,0,0,0,380000,0,0,0,403000,23000,380000,380000
054763,宏達電國票99購01,0,0,0,0,0,0,0,0,0,380000,0,0,0,452000,72000,380000,380000
08852P,台灣50台新01售01,0,0,0,0,0,0,0,0,0,380000,0,0,0,380000,0,380000,380000
051598,瑞昱兆豐95購01  ,0,0,0,0,0,0,0,0,0,379000,0,0,0,669000,290000,379000,379000
06351P,臺股指台新99售03,0,0,0,0,0,0,0,0,0,379000,0,0,0,379000,0,379000,379000
057442,玉晶光統一98購03,0,0,0,0,0,0,0,0,0,378000,0,0,0,577000,199000,378000,378000
050688,大立光日盛94購03,0,0,0,0,0,0,0,0,0,378000,0,0,0,408000,30000,378000,378000
054992,南亞科元富97購02,0,0,0,0,0,0,0,0,0,377000,0,0,0,397000,20000,377000,377000
05238P,禾伸堂永豐95售01,0,0,0,0,0,0,0,0,0,376000,0,0,0,405000,29000,376000,376000
048595,儒鴻國票96購01  ,0,0,0,0,0,0,0,0,0,375000,0,0,0,450000,75000,375000,375000
04410P,大立光統一94售05,0,0,0,0,0,0,0,0,0,374000,0,0,0,389000,15000,374000,374000
049413,台達電凱基94購06,0,0,0,0,0,0,0,0,0,374000,0,0,0,376000,2000,374000,374000
051969,世紀鋼永豐95購01,0,0,0,0,0,0,0,0,0,373000,0,0,0,463000,90000,373000,373000
052981,鴻海元大97購05  ,0,0,0,0,0,0,0,0,0,373000,0,0,0,513000,140000,373000,373000
050254,大立光富邦96購02,0,0,0,0,0,0,0,0,0,372000,0,0,0,400000,28000,372000,372000
051429,智邦元富95購01  ,0,0,0,0,0,0,0,0,0,372000,0,0,0,980000,608000,372000,372000
056348,S&P反1元大9A購01,0,0,0,0,0,0,0,0,0,371000,0,0,0,375000,4000,371000,371000
05375P,健策國票96售02  ,0,0,0,0,0,0,0,0,0,369000,0,0,0,419000,50000,369000,369000
06091P,華新科統一97售01,0,0,0,0,0,0,0,0,0,369000,0,0,0,607000,238000,369000,369000
052115,T50反1國票95購03,0,0,0,0,0,0,0,0,0,368000,0,0,0,368000,0,368000,368000
056247,台郡群益97購01  ,0,0,0,0,0,0,0,0,0,367000,0,0,0,383000,16000,367000,367000
056060,宏達電元大99購01,0,0,0,0,0,0,0,0,0,367000,0,0,0,433000,66000,367000,367000
057429,華新科兆豐98購03,0,0,0,0,0,0,0,0,0,367000,0,0,0,1415000,1048000,367000,367000
057357,超眾統一98購01  ,0,0,0,0,0,0,0,0,0,367000,0,0,0,438000,71000,367000,367000
052000,鈺齊元大95購03  ,0,0,0,0,0,0,0,0,0,366000,0,0,0,366000,0,366000,366000
055160,玉晶光元大99購03,0,0,0,0,0,0,0,0,0,365000,0,0,0,797000,432000,365000,365000
06767P,台積電永昌99售03,0,0,0,0,0,0,0,0,0,365000,0,0,0,365000,0,365000,365000
055430,宏達電群益97購01,0,0,0,0,0,0,0,0,0,364000,0,0,0,395000,31000,364000,364000
056161,康控凱基98購02  ,0,0,0,0,0,0,0,0,0,363000,0,0,0,456000,93000,363000,363000
055603,超眾元大97購04  ,0,0,0,0,0,0,0,0,0,362000,0,0,0,387000,25000,362000,362000
03454P,台積電凱基03售14,0,0,0,0,0,0,0,0,0,361000,0,0,0,361000,0,361000,361000
055954,南港元大97購02  ,0,0,0,0,0,0,0,0,0,360000,0,0,0,429000,69000,360000,360000
049500,聯茂元大94購04  ,0,0,0,0,0,0,0,0,0,360000,0,0,0,360000,0,360000,360000
056305,群創元大9A購03  ,0,0,0,0,0,0,0,0,0,359000,0,0,0,973000,614000,359000,359000
04889P,華通元大94售03  ,0,0,0,0,0,0,0,0,0,359000,0,0,0,529000,170000,359000,359000
04946P,華通元大94售04  ,0,0,0,0,0,0,0,0,0,359000,0,0,0,360000,1000,359000,359000
051506,台積電元富95購06,0,0,0,0,0,0,0,0,0,358000,0,0,0,1768000,1410000,358000,358000
049091,訊連凱基94購01  ,0,0,0,0,0,0,0,0,0,358000,0,0,0,425000,67000,358000,358000
052414,聯電麥證95購01  ,0,0,0,360000,2000,358000,0,0,0,358000,0,0,0,360000,2000,358000,358000
05171P,臺股指元大95售15,0,0,0,0,0,0,0,0,0,358000,0,0,0,520000,162000,358000,358000
06335P,台積電麥證97售02,0,0,0,359000,1000,358000,0,0,0,358000,0,0,0,359000,1000,358000,358000
04235P,鴻海群益93售08  ,0,0,0,0,0,0,0,0,0,357000,0,0,0,377000,20000,357000,357000
053154,聯詠元大96購01  ,0,0,0,0,0,0,0,0,0,357000,0,0,0,428000,71000,357000,357000
06047P,聯發科富邦99售04,0,0,0,0,0,0,0,0,0,356000,0,0,0,363000,7000,356000,356000
047141,宏達電兆豐94購01,0,0,0,0,0,0,0,0,0,354000,0,0,0,379000,25000,354000,354000
057461,國巨永豐98購07  ,0,0,0,0,0,0,0,0,0,353000,0,0,0,413000,60000,353000,353000
054968,佐登元大97購01  ,0,0,0,0,0,0,0,0,0,353000,0,0,0,353000,0,353000,353000
8046,南電            ,2524000,1751000,773000,0,0,0,342000,0,342000,-762000,125000,419000,-294000,66000,534000,-468000,353000
050195,上海銀元大94購03,0,0,0,0,0,0,0,0,0,352000,0,0,0,352000,0,352000,352000
05103P,臺股指凱基96售10,0,0,0,0,0,0,0,0,0,352000,0,0,0,352000,0,352000,352000
056096,超眾元富9A購01  ,0,0,0,0,0,0,0,0,0,351000,0,0,0,351000,0,351000,351000
04592P,台積電元大94售10,0,0,0,0,0,0,0,0,0,351000,0,0,0,457000,106000,351000,351000
049685,T50反1元大94購01,0,0,0,0,0,0,0,0,0,350000,0,0,0,350000,0,350000,350000
053169,貿聯群益97購01  ,0,0,0,0,0,0,0,0,0,350000,0,0,0,381000,31000,350000,350000
03959P,義隆元富96售01  ,0,0,0,0,0,0,0,0,0,349000,0,0,0,353000,4000,349000,349000
054775,復盛國票98購01  ,0,0,0,0,0,0,0,0,0,349000,0,0,0,437000,88000,349000,349000
055600,致伸元大97購02  ,0,0,0,0,0,0,0,0,0,347000,0,0,0,347000,0,347000,347000
050035,聯茂元大94購07  ,0,0,0,0,0,0,0,0,0,347000,0,0,0,473000,126000,347000,347000
04748P,臺股指元大94售23,0,0,0,0,0,0,0,0,0,347000,0,0,0,498000,151000,347000,347000
05479P,華新科台新96售01,0,0,0,0,0,0,0,0,0,345000,0,0,0,385000,40000,345000,345000
1789,神隆            ,516000,172000,344000,0,0,0,0,0,0,0,1000,1000,0,0,0,0,344000
044764,聯茂凱基93購03  ,0,0,0,0,0,0,0,0,0,342000,0,0,0,352000,10000,342000,342000
052619,茂林國泰99購01  ,0,0,0,0,0,0,0,0,0,342000,0,0,0,342000,0,342000,342000
05267P,欣興元大95售08  ,0,0,0,0,0,0,0,0,0,341000,0,0,0,356000,15000,341000,341000
06371P,茂林國票98售04  ,0,0,0,0,0,0,0,0,0,341000,0,0,0,500000,159000,341000,341000
052483,超眾群益95購03  ,0,0,0,0,0,0,0,0,0,339000,0,0,0,379000,40000,339000,339000
3026,禾伸堂          ,1323000,870000,453000,0,0,0,40000,162000,-122000,8000,121000,4000,117000,38000,147000,-109000,339000
047719,聯茂凱基94購01  ,0,0,0,0,0,0,0,0,0,338000,0,0,0,343000,5000,338000,338000
054891,聯鈞統一99購02  ,0,0,0,0,0,0,0,0,0,337000,0,0,0,438000,101000,337000,337000
054121,奇鋐永豐96購02  ,0,0,0,0,0,0,0,0,0,337000,0,0,0,337000,0,337000,337000
055550,華邦電凱基97購03,0,0,0,0,0,0,0,0,0,336000,0,0,0,357000,21000,336000,336000
051930,國泰金兆豐97購01,0,0,0,0,0,0,0,0,0,336000,0,0,0,336000,0,336000,336000
04690P,國巨群益94售06  ,0,0,0,0,0,0,0,0,0,335000,0,0,0,335000,0,335000,335000
052186,宏達電群益95購04,0,0,0,0,0,0,0,0,0,335000,0,0,0,377000,42000,335000,335000
053736,友達麥證96購01  ,0,0,0,362000,27000,335000,0,0,0,335000,0,0,0,362000,27000,335000,335000
06538P,國巨凱基98售11  ,0,0,0,0,0,0,0,0,0,335000,0,0,0,380000,45000,335000,335000
057684,聯茂日盛99購01  ,0,0,0,0,0,0,0,0,0,334000,0,0,0,410000,76000,334000,334000
04512P,臺股指元大94售07,0,0,0,0,0,0,0,0,0,333000,0,0,0,333000,0,333000,333000
056344,嘉晶凱基98購02  ,0,0,0,0,0,0,0,0,0,332000,0,0,0,332000,0,332000,332000
054308,嘉晶凱基98購01  ,0,0,0,0,0,0,0,0,0,332000,0,0,0,402000,70000,332000,332000
055102,上銀凱基98購01  ,0,0,0,0,0,0,0,0,0,332000,0,0,0,503000,171000,332000,332000
056146,台虹元大98購01  ,0,0,0,0,0,0,0,0,0,331000,0,0,0,343000,12000,331000,331000
1440,南紡            ,981000,646000,335000,0,0,0,0,0,0,-4000,5000,9000,-4000,0,0,0,331000
05595P,友達統一96售02  ,0,0,0,0,0,0,0,0,0,330000,0,0,0,480000,150000,330000,330000
049152,大立光元大95購06,0,0,0,0,0,0,0,0,0,330000,0,0,0,330000,0,330000,330000
05992P,華通元大96售05  ,0,0,0,0,0,0,0,0,0,329000,0,0,0,349000,20000,329000,329000
9802,鈺齊-KY         ,1039000,378000,661000,0,0,0,0,200000,-200000,-134000,0,2000,-2000,10000,142000,-132000,327000
056491,南亞科國泰99購01,0,0,0,0,0,0,0,0,0,326000,0,0,0,362000,36000,326000,326000
055404,超眾元富97購01  ,0,0,0,0,0,0,0,0,0,326000,0,0,0,326000,0,326000,326000
052068,瑞儀兆豐96購01  ,0,0,0,0,0,0,0,0,0,325000,0,0,0,325000,0,325000,325000
051109,美律統一95購02  ,0,0,0,0,0,0,0,0,0,325000,0,0,0,325000,0,325000,325000
057863,美律凱基9A購01  ,0,0,0,0,0,0,0,0,0,323000,0,0,0,323000,0,323000,323000
054343,世紀鋼元富96購02,0,0,0,0,0,0,0,0,0,323000,0,0,0,349000,26000,323000,323000
057535,泰鼎元大99購01  ,0,0,0,0,0,0,0,0,0,322000,0,0,0,446000,124000,322000,322000
050451,嘉晶元大95購01  ,0,0,0,0,0,0,0,0,0,321000,0,0,0,420000,99000,321000,321000
055301,台虹元大97購01  ,0,0,0,0,0,0,0,0,0,321000,0,0,0,395000,74000,321000,321000
06676P,華新科國票98售03,0,0,0,0,0,0,0,0,0,321000,0,0,0,361000,40000,321000,321000
046697,麗豐凱基94購01  ,0,0,0,0,0,0,0,0,0,320000,0,0,0,330000,10000,320000,320000
04190P,大立光兆豐94售03,0,0,0,0,0,0,0,0,0,320000,0,0,0,320000,0,320000,320000
051827,智邦元大95購04  ,0,0,0,0,0,0,0,0,0,320000,0,0,0,328000,8000,320000,320000
053441,旺宏凱基98購01  ,0,0,0,0,0,0,0,0,0,320000,0,0,0,400000,80000,320000,320000
054944,精元元大97購01  ,0,0,0,0,0,0,0,0,0,319000,0,0,0,319000,0,319000,319000
056967,奇鋐永豐98購01  ,0,0,0,0,0,0,0,0,0,318000,0,0,0,411000,93000,318000,318000
055708,茂林永豐97購02  ,0,0,0,0,0,0,0,0,0,318000,0,0,0,318000,0,318000,318000
044224,超眾凱基93購01  ,0,0,0,0,0,0,0,0,0,318000,0,0,0,328000,10000,318000,318000
047389,義隆元大94購01  ,0,0,0,0,0,0,0,0,0,318000,0,0,0,318000,0,318000,318000
05013P,台積電元大96售05,0,0,0,0,0,0,0,0,0,317000,0,0,0,418000,101000,317000,317000
055698,茂林國票98購03  ,0,0,0,0,0,0,0,0,0,316000,0,0,0,318000,2000,316000,316000
057153,祥碩國泰99購01  ,0,0,0,0,0,0,0,0,0,315000,0,0,0,842000,527000,315000,315000
048350,世紀鋼元大95購01,0,0,0,0,0,0,0,0,0,315000,0,0,0,396000,81000,315000,315000
052013,台積電永豐95購04,0,0,0,0,0,0,0,0,0,315000,0,0,0,360000,45000,315000,315000
051462,世芯國泰97購01  ,0,0,0,0,0,0,0,0,0,314000,0,0,0,621000,307000,314000,314000
056945,鴻海統一98購12  ,0,0,0,0,0,0,0,0,0,313000,0,0,0,464000,151000,313000,313000
055957,瑞昱元大97購06  ,0,0,0,0,0,0,0,0,0,313000,0,0,0,561000,248000,313000,313000
042916,佐登元大94購01  ,0,0,0,0,0,0,0,0,0,313000,0,0,0,313000,0,313000,313000
050100,台積電永昌96購02,0,0,0,0,0,0,0,0,0,313000,0,0,0,821000,508000,313000,313000
05966P,矽力凱基96售03  ,0,0,0,0,0,0,0,0,0,313000,0,0,0,717000,404000,313000,313000
03029X,元展26          ,0,0,0,0,0,0,0,0,0,311000,0,0,0,311000,0,311000,311000
053313,世紀鋼凱基96購01,0,0,0,0,0,0,0,0,0,311000,0,0,0,355000,44000,311000,311000
053692,聯詠元大96購04  ,0,0,0,0,0,0,0,0,0,311000,0,0,0,531000,220000,311000,311000
044531,欣興富邦93購01  ,0,0,0,0,0,0,0,0,0,310000,0,0,0,312000,2000,310000,310000
046905,新光金凱基99購01,0,0,0,0,0,0,0,0,0,310000,0,0,0,368000,58000,310000,310000
053386,聯詠元大96購03  ,0,0,0,0,0,0,0,0,0,310000,0,0,0,337000,27000,310000,310000
04939P,國巨國票95售03  ,0,0,0,0,0,0,0,0,0,309000,0,0,0,384000,75000,309000,309000
057630,茂林永豐98購01  ,0,0,0,0,0,0,0,0,0,308000,0,0,0,379000,71000,308000,308000
051845,世紀鋼富邦96購01,0,0,0,0,0,0,0,0,0,308000,0,0,0,351000,43000,308000,308000
056359,旺宏元大9A購01  ,0,0,0,0,0,0,0,0,0,306000,0,0,0,314000,8000,306000,306000
056291,聯茂永豐97購03  ,0,0,0,0,0,0,0,0,0,306000,0,0,0,383000,77000,306000,306000
054733,鴻海凱基98購04  ,0,0,0,0,0,0,0,0,0,306000,0,0,0,325000,19000,306000,306000
050581,美食國票94購02  ,0,0,0,0,0,0,0,0,0,305000,0,0,0,305000,0,305000,305000
053234,奇鋐永豐96購01  ,0,0,0,0,0,0,0,0,0,305000,0,0,0,305000,0,305000,305000
056065,奇鋐元大97購01  ,0,0,0,0,0,0,0,0,0,304000,0,0,0,529000,225000,304000,304000
055027,牧德國泰99購01  ,0,0,0,0,0,0,0,0,0,304000,0,0,0,434000,130000,304000,304000
06379P,群創統一97售05  ,0,0,0,0,0,0,0,0,0,304000,0,0,0,314000,10000,304000,304000
056584,鴻海統一9B購01  ,0,0,0,0,0,0,0,0,0,303000,0,0,0,466000,163000,303000,303000
047969,台達電富邦97購01,0,0,0,0,0,0,0,0,0,303000,0,0,0,343000,40000,303000,303000
044636,創意統一94購01  ,0,0,0,0,0,0,0,0,0,303000,0,0,0,303000,0,303000,303000
049766,滬深2X元富94購02,0,0,0,0,0,0,0,0,0,303000,0,0,0,613000,310000,303000,303000
047765,瑞昱元大93購12  ,0,0,0,0,0,0,0,0,0,301000,0,0,0,301000,0,301000,301000
047418,智邦富邦97購01  ,0,0,0,0,0,0,0,0,0,300000,0,0,0,464000,164000,300000,300000
048889,牧德元富94購03  ,0,0,0,0,0,0,0,0,0,300000,0,0,0,300000,0,300000,300000
048010,嘉聯益富邦97購01,0,0,0,0,0,0,0,0,0,300000,0,0,0,430000,130000,300000,300000
04833P,鴻海元大94售16  ,0,0,0,0,0,0,0,0,0,300000,0,0,0,300000,0,300000,300000
045235,致茂中信93購01  ,0,0,0,0,0,0,0,0,0,300000,0,0,0,300000,0,300000,300000
054114,新光金台新97購01,0,0,0,0,0,0,0,0,0,300000,0,0,0,300000,0,300000,300000
053909,致伸凱基97購01  ,0,0,0,0,0,0,0,0,0,300000,0,0,0,300000,0,300000,300000
049059,超眾永豐94購01  ,0,0,0,0,0,0,0,0,0,299000,0,0,0,299000,0,299000,299000
05008P,大立光元富95售05,0,0,0,0,0,0,0,0,0,299000,0,0,0,304000,5000,299000,299000
057418,台光電凱基98購04,0,0,0,0,0,0,0,0,0,297000,0,0,0,398000,101000,297000,297000
05722P,玉晶光國票97售03,0,0,0,0,0,0,0,0,0,297000,0,0,0,495000,198000,297000,297000
051012,台積電凱基95購04,0,0,0,0,0,0,0,0,0,297000,0,0,0,370000,73000,297000,297000
055060,聯陽永豐97購01  ,0,0,0,0,0,0,0,0,0,297000,0,0,0,297000,0,297000,297000
1710,東聯            ,497000,202000,295000,0,0,0,6000,0,6000,-4000,0,4000,-4000,0,0,0,297000
049889,欣興國泰96購01  ,0,0,0,0,0,0,0,0,0,296000,0,0,0,356000,60000,296000,296000
055232,泰碩國票98購01  ,0,0,0,0,0,0,0,0,0,296000,0,0,0,451000,155000,296000,296000
044465,元油2X群益97購01,0,0,0,0,0,0,0,0,0,295000,0,0,0,360000,65000,295000,295000
053086,宏達電元大97購01,0,0,0,0,0,0,0,0,0,295000,0,0,0,463000,168000,295000,295000
06383P,聯茂元富97售01  ,0,0,0,0,0,0,0,0,0,294000,0,0,0,405000,111000,294000,294000
048924,光罩永豐94購01  ,0,0,0,0,0,0,0,0,0,293000,0,0,0,373000,80000,293000,293000
051799,台積電永豐96購01,0,0,0,0,0,0,0,0,0,293000,0,0,0,298000,5000,293000,293000
052239,泰鼎國票97購01  ,0,0,0,0,0,0,0,0,0,293000,0,0,0,330000,37000,293000,293000
054791,泰碩群益99購02  ,0,0,0,0,0,0,0,0,0,293000,0,0,0,576000,283000,293000,293000
054273,宏達電中信98購01,0,0,0,0,0,0,0,0,0,293000,0,0,0,311000,18000,293000,293000
049601,矽創元大95購02  ,0,0,0,0,0,0,0,0,0,292000,0,0,0,342000,50000,292000,292000
055795,茂林國泰98購01  ,0,0,0,0,0,0,0,0,0,291000,0,0,0,604000,313000,291000,291000
052309,健策國泰97購01  ,0,0,0,0,0,0,0,0,0,291000,0,0,0,306000,15000,291000,291000
047304,元油2X元大96購02,0,0,0,0,0,0,0,0,0,290000,0,0,0,300000,10000,290000,290000
050700,健策凱基96購01  ,0,0,0,0,0,0,0,0,0,290000,0,0,0,455000,165000,290000,290000
057845,晶相光永豐98購03,0,0,0,0,0,0,0,0,0,289000,0,0,0,289000,0,289000,289000
06682P,玉晶光元大99售08,0,0,0,0,0,0,0,0,0,289000,0,0,0,329000,40000,289000,289000
055955,微星元大97購01  ,0,0,0,0,0,0,0,0,0,288000,0,0,0,441000,153000,288000,288000
054410,國巨元大96購14  ,0,0,0,0,0,0,0,0,0,288000,0,0,0,588000,300000,288000,288000
051406,泰鼎永豐96購01  ,0,0,0,0,0,0,0,0,0,287000,0,0,0,321000,34000,287000,287000
050968,超眾永豐95購01  ,0,0,0,0,0,0,0,0,0,286000,0,0,0,312000,26000,286000,286000
053516,茂林群益96購05  ,0,0,0,0,0,0,0,0,0,286000,0,0,0,332000,46000,286000,286000
053720,宏達電凱基97購01,0,0,0,0,0,0,0,0,0,286000,0,0,0,369000,83000,286000,286000
04492P,元油2X永豐94售03,0,0,0,0,0,0,0,0,0,285000,0,0,0,400000,115000,285000,285000
048269,瀚宇博國泰95購01,0,0,0,0,0,0,0,0,0,285000,0,0,0,290000,5000,285000,285000
055325,佐登國票98購01  ,0,0,0,0,0,0,0,0,0,285000,0,0,0,285000,0,285000,285000
054525,奇鋐元富96購01  ,0,0,0,0,0,0,0,0,0,284000,0,0,0,420000,136000,284000,284000
05229P,台積電群益95售05,0,0,0,0,0,0,0,0,0,283000,0,0,0,330000,47000,283000,283000
049242,佳世達元富96購01,0,0,0,0,0,0,0,0,0,283000,0,0,0,293000,10000,283000,283000
054802,高股息元大97購01,0,0,0,0,0,0,0,0,0,283000,0,0,0,303000,20000,283000,283000
053561,玉晶光國泰98購01,0,0,0,0,0,0,0,0,0,283000,0,0,0,602000,319000,283000,283000
05999P,世芯元大96售01  ,0,0,0,0,0,0,0,0,0,283000,0,0,0,461000,178000,283000,283000
055873,聚陽元富97購01  ,0,0,0,0,0,0,0,0,0,282000,0,0,0,330000,48000,282000,282000
053967,華邦電元大96購03,0,0,0,0,0,0,0,0,0,282000,0,0,0,481000,199000,282000,282000
055464,聚陽凱基97購01  ,0,0,0,0,0,0,0,0,0,282000,0,0,0,334000,52000,282000,282000
057416,T50反1凱基9C購01,0,0,0,0,0,0,0,0,0,281000,0,0,0,341000,60000,281000,281000
04327P,台積電國泰95售01,0,0,0,0,0,0,0,0,0,281000,0,0,0,396000,115000,281000,281000
04930P,國巨統一94售08  ,0,0,0,0,0,0,0,0,0,281000,0,0,0,281000,0,281000,281000
053948,大立光富邦99購04,0,0,0,0,0,0,0,0,0,278000,0,0,0,310000,32000,278000,278000
056206,泰鼎永豐97購01  ,0,0,0,0,0,0,0,0,0,277000,0,0,0,332000,55000,277000,277000
04417P,光罩國泰95售02  ,0,0,0,0,0,0,0,0,0,277000,0,0,0,360000,83000,277000,277000
4904,遠傳            ,3500372,3127415,372957,0,0,0,29000,0,29000,-125000,11000,137000,-126000,1000,0,1000,276957
057741,超眾富邦98購01  ,0,0,0,0,0,0,0,0,0,276000,0,0,0,326000,50000,276000,276000
06145P,華新科永豐97售02,0,0,0,0,0,0,0,0,0,276000,0,0,0,426000,150000,276000,276000
057348,台積電統一98購09,0,0,0,0,0,0,0,0,0,275000,0,0,0,280000,5000,275000,275000
056671,台灣50元富9A購01,0,0,0,0,0,0,0,0,0,275000,0,0,0,690000,415000,275000,275000
03543P,台泥中信02售01  ,0,0,0,0,0,0,0,0,0,275000,0,0,0,290000,15000,275000,275000
050990,T50反1元大95購01,0,0,0,0,0,0,0,0,0,275000,0,0,0,1916000,1641000,275000,275000
051126,訊連群益95購01  ,0,0,0,0,0,0,0,0,0,275000,0,0,0,339000,64000,275000,275000
05441P,華通元大95售09  ,0,0,0,0,0,0,0,0,0,275000,0,0,0,325000,50000,275000,275000
056557,世紀鋼凱基98購02,0,0,0,0,0,0,0,0,0,273000,0,0,0,312000,39000,273000,273000
048700,和鑫國票95購01  ,0,0,0,0,0,0,0,0,0,273000,0,0,0,283000,10000,273000,273000
049106,大立光富邦94購01,0,0,0,0,0,0,0,0,0,272000,0,0,0,272000,0,272000,272000
6531,愛普            ,582030,345000,237030,0,0,0,0,0,0,34000,65000,31000,34000,0,0,0,271030
054528,台光電統一96購02,0,0,0,0,0,0,0,0,0,271000,0,0,0,271000,0,271000,271000
04672P,台積電統一94售09,0,0,0,0,0,0,0,0,0,270000,0,0,0,480000,210000,270000,270000
048528,華泰國票94購01  ,0,0,0,0,0,0,0,0,0,270000,0,0,0,270000,0,270000,270000
04982P,臺股指中信94售03,0,0,0,0,0,0,0,0,0,270000,0,0,0,300000,30000,270000,270000
054950,奇力新元大98購02,0,0,0,0,0,0,0,0,0,270000,0,0,0,348000,78000,270000,270000
05383P,鴻海富邦95售06  ,0,0,0,0,0,0,0,0,0,270000,0,0,0,270000,0,270000,270000
052501,茂林永豐95購04  ,0,0,0,0,0,0,0,0,0,269000,0,0,0,269000,0,269000,269000
053188,旺宏統一97購03  ,0,0,0,0,0,0,0,0,0,269000,0,0,0,317000,48000,269000,269000
048154,旺宏兆豐94購01  ,0,0,0,0,0,0,0,0,0,268000,0,0,0,539000,271000,268000,268000
053149,京元電元大96購02,0,0,0,0,0,0,0,0,0,268000,0,0,0,270000,2000,268000,268000
057412,臺股指群益99購06,0,0,0,0,0,0,0,0,0,267000,0,0,0,267000,0,267000,267000
05174P,元金2X富邦9B售01,0,0,0,0,0,0,0,0,0,267000,0,0,0,312000,45000,267000,267000
054095,同欣電群益98購03,0,0,0,0,0,0,0,0,0,266000,0,0,0,336000,70000,266000,266000
057225,華新凱基98購01  ,0,0,0,0,0,0,0,0,0,265000,0,0,0,276000,11000,265000,265000
048638,台光電元大94購01,0,0,0,0,0,0,0,0,0,265000,0,0,0,265000,0,265000,265000
05014P,臺股指元大95售05,0,0,0,0,0,0,0,0,0,265000,0,0,0,305000,40000,265000,265000
055978,大立光統一98購05,0,0,0,0,0,0,0,0,0,264000,0,0,0,301000,37000,264000,264000
055181,日電貿統一97購01,0,0,0,0,0,0,0,0,0,264000,0,0,0,269000,5000,264000,264000
054383,傳奇群益97購01  ,0,0,0,0,0,0,0,0,0,264000,0,0,0,284000,20000,264000,264000
056696,茂林群益98購02  ,0,0,0,0,0,0,0,0,0,262000,0,0,0,303000,41000,262000,262000
056916,台達電兆豐98購02,0,0,0,0,0,0,0,0,0,261000,0,0,0,261000,0,261000,261000
046356,智伸科群益93購01,0,0,0,0,0,0,0,0,0,261000,0,0,0,281000,20000,261000,261000
054914,億光凱基98購01  ,0,0,0,0,0,0,0,0,0,261000,0,0,0,370000,109000,261000,261000
054198,台積電永昌96購08,0,0,0,0,0,0,0,0,0,261000,0,0,0,787000,526000,261000,261000
046134,致新國泰93購02  ,0,0,0,0,0,0,0,0,0,260000,0,0,0,260000,0,260000,260000
047142,中磊兆豐93購02  ,0,0,0,0,0,0,0,0,0,260000,0,0,0,260000,0,260000,260000
050401,鎧勝中信94購01  ,0,0,0,0,0,0,0,0,0,260000,0,0,0,260000,0,260000,260000
05303P,華通國泰97售01  ,0,0,0,0,0,0,0,0,0,260000,0,0,0,260000,0,260000,260000
05305P,華新科國泰97售01,0,0,0,0,0,0,0,0,0,260000,0,0,0,360000,100000,260000,260000
056318,鴻海群益98購02  ,0,0,0,0,0,0,0,0,0,259000,0,0,0,299000,40000,259000,259000
057961,茂林元大9A購01  ,0,0,0,0,0,0,0,0,0,259000,0,0,0,314000,55000,259000,259000
055966,茂林元大99購01  ,0,0,0,0,0,0,0,0,0,258000,0,0,0,568000,310000,258000,258000
057575,世紀鋼永豐98購02,0,0,0,0,0,0,0,0,0,258000,0,0,0,300000,42000,258000,258000
052944,宏達電國票97購01,0,0,0,0,0,0,0,0,0,258000,0,0,0,308000,50000,258000,258000
053980,泰鼎元大97購02  ,0,0,0,0,0,0,0,0,0,258000,0,0,0,412000,154000,258000,258000
057688,國巨凱基99購07  ,0,0,0,0,0,0,0,0,0,257000,0,0,0,342000,85000,257000,257000
052227,瑞昱凱基95購05  ,0,0,0,0,0,0,0,0,0,257000,0,0,0,290000,33000,257000,257000
052069,聯茂兆豐96購01  ,0,0,0,0,0,0,0,0,0,257000,0,0,0,297000,40000,257000,257000
050558,台積電統一94購14,0,0,0,0,0,0,0,0,0,257000,0,0,0,257000,0,257000,257000
048841,聯茂凱基94購06  ,0,0,0,0,0,0,0,0,0,255000,0,0,0,265000,10000,255000,255000
051526,超眾凱基95購02  ,0,0,0,0,0,0,0,0,0,255000,0,0,0,428000,173000,255000,255000
057772,台積電群益99購01,0,0,0,0,0,0,0,0,0,254000,0,0,0,751000,497000,254000,254000
057503,世紀鋼群益98購02,0,0,0,0,0,0,0,0,0,254000,0,0,0,314000,60000,254000,254000
055403,泰鼎元富97購01  ,0,0,0,0,0,0,0,0,0,254000,0,0,0,382000,128000,254000,254000
057183,玉晶光元大99購07,0,0,0,0,0,0,0,0,0,253000,0,0,0,453000,200000,253000,253000
05660P,玉晶光第一96售01,0,0,0,0,0,0,0,0,0,253000,0,0,0,1622000,1369000,253000,253000
051493,台郡凱基95購02  ,0,0,0,0,0,0,0,0,0,253000,0,0,0,319000,66000,253000,253000
03765P,大立光元富96售01,0,0,0,0,0,0,0,0,0,253000,0,0,0,255000,2000,253000,253000
054532,強茂國泰98購01  ,0,0,0,0,0,0,0,0,0,252000,0,0,0,599000,347000,252000,252000
056091,百和統一97購01  ,0,0,0,0,0,0,0,0,0,251000,0,0,0,251000,0,251000,251000
055595,宏達電元大98購02,0,0,0,0,0,0,0,0,0,251000,0,0,0,316000,65000,251000,251000
056720,世紀鋼永豐98購01,0,0,0,0,0,0,0,0,0,251000,0,0,0,326000,75000,251000,251000
044408,聯茂凱基93購02  ,0,0,0,0,0,0,0,0,0,250000,0,0,0,273000,23000,250000,250000
048515,貿聯凱基93購03  ,0,0,0,0,0,0,0,0,0,250000,0,0,0,250000,0,250000,250000
049379,智原元大95購01  ,0,0,0,0,0,0,0,0,0,250000,0,0,0,250000,0,250000,250000
051939,同欣電群益97購01,0,0,0,0,0,0,0,0,0,250000,0,0,0,286000,36000,250000,250000
054296,世芯元大97購01  ,0,0,0,0,0,0,0,0,0,250000,0,0,0,311000,61000,250000,250000
054687,建準永豐97購02  ,0,0,0,0,0,0,0,0,0,250000,0,0,0,250000,0,250000,250000
05965P,健策凱基96售05  ,0,0,0,0,0,0,0,0,0,250000,0,0,0,250000,0,250000,250000
05211P,國巨國票96售05  ,0,0,0,0,0,0,0,0,0,249000,0,0,0,249000,0,249000,249000
052796,和碩兆豐96購01  ,0,0,0,0,0,0,0,0,0,249000,0,0,0,249000,0,249000,249000
06212P,華新科元大97售11,0,0,0,0,0,0,0,0,0,249000,0,0,0,394000,145000,249000,249000
057388,奇鋐永豐98購02  ,0,0,0,0,0,0,0,0,0,248000,0,0,0,248000,0,248000,248000
056388,勤誠國泰99購01  ,0,0,0,0,0,0,0,0,0,248000,0,0,0,259000,11000,248000,248000
046855,嘉晶元大94購01  ,0,0,0,0,0,0,0,0,0,248000,0,0,0,258000,10000,248000,248000
05201P,玉晶光國泰97售02,0,0,0,0,0,0,0,0,0,248000,0,0,0,339000,91000,248000,248000
052208,力成麥證95購01  ,0,0,0,268000,20000,248000,0,0,0,248000,0,0,0,268000,20000,248000,248000
056986,超眾群益98購03  ,0,0,0,0,0,0,0,0,0,247000,0,0,0,361000,114000,247000,247000
054889,京鼎統一99購01  ,0,0,0,0,0,0,0,0,0,247000,0,0,0,315000,68000,247000,247000
06248P,國巨統一97售07  ,0,0,0,0,0,0,0,0,0,247000,0,0,0,247000,0,247000,247000
050923,南亞科凱基95購03,0,0,0,0,0,0,0,0,0,246000,0,0,0,376000,130000,246000,246000
052642,滬深2X永豐96購03,0,0,0,0,0,0,0,0,0,246000,0,0,0,248000,2000,246000,246000
052477,美律群益98購01  ,0,0,0,0,0,0,0,0,0,246000,0,0,0,351000,105000,246000,246000
05888P,友達元大97售01  ,0,0,0,0,0,0,0,0,0,246000,0,0,0,297000,51000,246000,246000
056082,旺宏統一99購02  ,0,0,0,0,0,0,0,0,0,245000,0,0,0,670000,425000,245000,245000
049529,華新科中信95購01,0,0,0,0,0,0,0,0,0,245000,0,0,0,370000,125000,245000,245000
049900,台積電元富94購06,0,0,0,0,0,0,0,0,0,245000,0,0,0,406000,161000,245000,245000
052328,台表科中信99購01,0,0,0,0,0,0,0,0,0,244000,0,0,0,388000,144000,244000,244000
055851,智原元大98購01  ,0,0,0,0,0,0,0,0,0,242000,0,0,0,407000,165000,242000,242000
056346,聯茂凱基99購02  ,0,0,0,0,0,0,0,0,0,242000,0,0,0,514000,272000,242000,242000
052146,泰碩群益95購01  ,0,0,0,0,0,0,0,0,0,242000,0,0,0,253000,11000,242000,242000
055359,超眾凱基97購01  ,0,0,0,0,0,0,0,0,0,242000,0,0,0,412000,170000,242000,242000
06181P,國巨中信97售02  ,0,0,0,0,0,0,0,0,0,242000,0,0,0,298000,56000,242000,242000
057220,鈺齊群益98購01  ,0,0,0,0,0,0,0,0,0,241000,0,0,0,282000,41000,241000,241000
057409,台虹群益98購02  ,0,0,0,0,0,0,0,0,0,241000,0,0,0,263000,22000,241000,241000
054010,致伸元富96購01  ,0,0,0,0,0,0,0,0,0,241000,0,0,0,241000,0,241000,241000
057595,健鼎兆豐98購01  ,0,0,0,0,0,0,0,0,0,240000,0,0,0,300000,60000,240000,240000
055913,中信金凱基97購01,0,0,0,0,0,0,0,0,0,240000,0,0,0,378000,138000,240000,240000
048495,南亞科元大93購04,0,0,0,0,0,0,0,0,0,240000,0,0,0,272000,32000,240000,240000
047529,嘉晶元大94購02  ,0,0,0,0,0,0,0,0,0,240000,0,0,0,280000,40000,240000,240000
052306,鴻海國泰97購05  ,0,0,0,0,0,0,0,0,0,240000,0,0,0,240000,0,240000,240000
052892,大成鋼群益96購01,0,0,0,0,0,0,0,0,0,240000,0,0,0,298000,58000,240000,240000
055446,奇力新統一9A購01,0,0,0,0,0,0,0,0,0,240000,0,0,0,433000,193000,240000,240000
055159,玉晶光元大98購05,0,0,0,0,0,0,0,0,0,240000,0,0,0,300000,60000,240000,240000
055266,京鼎永豐97購01  ,0,0,0,0,0,0,0,0,0,239000,0,0,0,249000,10000,239000,239000
2520,冠德            ,928000,728000,200000,0,0,0,17000,0,17000,22000,102000,5000,97000,0,75000,-75000,239000
048381,T50反1國票94購03,0,0,0,0,0,0,0,0,0,238000,0,0,0,238000,0,238000,238000
044639,京元電元富94購01,0,0,0,0,0,0,0,0,0,238000,0,0,0,289000,51000,238000,238000
049308,台達電凱基94購04,0,0,0,0,0,0,0,0,0,238000,0,0,0,238000,0,238000,238000
06225P,華新科元富97售04,0,0,0,0,0,0,0,0,0,238000,0,0,0,421000,183000,238000,238000
056226,聯發科凱基97購10,0,0,0,0,0,0,0,0,0,237000,0,0,0,252000,15000,237000,237000
049800,瑞昱元大94購05  ,0,0,0,0,0,0,0,0,0,237000,0,0,0,315000,78000,237000,237000
055141,牧德永豐98購02  ,0,0,0,0,0,0,0,0,0,237000,0,0,0,319000,82000,237000,237000
055671,世紀鋼群益97購01,0,0,0,0,0,0,0,0,0,236000,0,0,0,278000,42000,236000,236000
052866,大立光凱基96購12,0,0,0,0,0,0,0,0,0,236000,0,0,0,277000,41000,236000,236000
052848,聯發科統一96購03,0,0,0,0,0,0,0,0,0,236000,0,0,0,272000,36000,236000,236000
053132,國巨國票97購02  ,0,0,0,0,0,0,0,0,0,236000,0,0,0,236000,0,236000,236000
9911,櫻花            ,424000,187000,237000,0,0,0,0,0,0,-1000,1000,2000,-1000,0,0,0,236000
055551,致茂凱基98購01  ,0,0,0,0,0,0,0,0,0,235000,0,0,0,316000,81000,235000,235000
054680,華新科康和97購02,0,0,0,0,0,0,0,0,0,234000,0,0,0,749000,515000,234000,234000
055878,泰碩元富97購02  ,0,0,0,0,0,0,0,0,0,233000,0,0,0,243000,10000,233000,233000
055965,泰鼎元大97購03  ,0,0,0,0,0,0,0,0,0,233000,0,0,0,392000,159000,233000,233000
057820,華擎元大98購02  ,0,0,0,0,0,0,0,0,0,233000,0,0,0,294000,61000,233000,233000
054879,大成鋼統一97購01,0,0,0,0,0,0,0,0,0,233000,0,0,0,281000,48000,233000,233000
055247,聯發科統一98購01,0,0,0,0,0,0,0,0,0,233000,0,0,0,243000,10000,233000,233000
05079P,可成永豐95售01  ,0,0,0,0,0,0,0,0,0,232000,0,0,0,500000,268000,232000,232000
053947,義隆富邦97購01  ,0,0,0,0,0,0,0,0,0,232000,0,0,0,240000,8000,232000,232000
06346P,聯鈞元富97售02  ,0,0,0,0,0,0,0,0,0,232000,0,0,0,252000,20000,232000,232000
050791,聯發科富邦96購01,0,0,0,0,0,0,0,0,0,230000,0,0,0,275000,45000,230000,230000
050976,台光電統一95購01,0,0,0,0,0,0,0,0,0,230000,0,0,0,318000,88000,230000,230000
050337,南電國泰95購01  ,0,0,0,0,0,0,0,0,0,230000,0,0,0,231000,1000,230000,230000
05024P,華通國票96售01  ,0,0,0,0,0,0,0,0,0,230000,0,0,0,290000,60000,230000,230000
055037,宏盛富邦99購01  ,0,0,0,0,0,0,0,0,0,230000,0,0,0,230000,0,230000,230000
054332,世芯永豐97購01  ,0,0,0,0,0,0,0,0,0,230000,0,0,0,432000,202000,230000,230000
04796P,聯發科元大94售10,0,0,0,0,0,0,0,0,0,229000,0,0,0,229000,0,229000,229000
06042P,華新科永豐96售04,0,0,0,0,0,0,0,0,0,229000,0,0,0,269000,40000,229000,229000
057740,茂林富邦9A購01  ,0,0,0,0,0,0,0,0,0,228000,0,0,0,232000,4000,228000,228000
048611,宏達電凱基93購04,0,0,0,0,0,0,0,0,0,228000,0,0,0,231000,3000,228000,228000
050784,美律國泰96購01  ,0,0,0,0,0,0,0,0,0,228000,0,0,0,245000,17000,228000,228000
054556,世芯凱基99購01  ,0,0,0,0,0,0,0,0,0,228000,0,0,0,259000,31000,228000,228000
056076,超眾元大97購05  ,0,0,0,0,0,0,0,0,0,227000,0,0,0,317000,90000,227000,227000
055579,健策統一9A購01  ,0,0,0,0,0,0,0,0,0,227000,0,0,0,435000,208000,227000,227000
056110,嘉聯益永豐97購02,0,0,0,0,0,0,0,0,0,227000,0,0,0,257000,30000,227000,227000
048341,全新元大94購03  ,0,0,0,0,0,0,0,0,0,227000,0,0,0,227000,0,227000,227000
2809,京城銀          ,612000,496000,116000,0,0,0,5000,0,5000,106000,139000,33000,106000,0,0,0,227000
057750,神達國票99購01  ,0,0,0,0,0,0,0,0,0,226000,0,0,0,382000,156000,226000,226000
052379,鈺齊元大95購04  ,0,0,0,0,0,0,0,0,0,226000,0,0,0,226000,0,226000,226000
054346,世芯國票97購01  ,0,0,0,0,0,0,0,0,0,226000,0,0,0,300000,74000,226000,226000
054319,世紀鋼凱基96購02,0,0,0,0,0,0,0,0,0,226000,0,0,0,251000,25000,226000,226000
3698,隆達            ,845000,584000,261000,0,0,0,0,0,0,-35000,1000,29000,-28000,0,7000,-7000,226000
057629,泰碩永豐98購02  ,0,0,0,0,0,0,0,0,0,225000,0,0,0,316000,91000,225000,225000
056705,超眾國泰99購01  ,0,0,0,0,0,0,0,0,0,225000,0,0,0,287000,62000,225000,225000
056072,群創元大97購01  ,0,0,0,0,0,0,0,0,0,225000,0,0,0,240000,15000,225000,225000
048261,鴻海元富95購01  ,0,0,0,0,0,0,0,0,0,225000,0,0,0,415000,190000,225000,225000
051616,鴻海凱基96購08  ,0,0,0,0,0,0,0,0,0,225000,0,0,0,250000,25000,225000,225000
056165,矽力凱基98購02  ,0,0,0,0,0,0,0,0,0,224000,0,0,0,330000,106000,224000,224000
050077,臺股指凱基99購02,0,0,0,0,0,0,0,0,0,224000,0,0,0,600000,376000,224000,224000
052434,茂林國泰97購01  ,0,0,0,0,0,0,0,0,0,224000,0,0,0,301000,77000,224000,224000
054376,聯茂中信97購01  ,0,0,0,0,0,0,0,0,0,224000,0,0,0,315000,91000,224000,224000
05538P,玉晶光國票97售02,0,0,0,0,0,0,0,0,0,224000,0,0,0,309000,85000,224000,224000
04289P,臺股指中信95售07,0,0,0,0,0,0,0,0,0,223000,0,0,0,1612000,1389000,223000,223000
050101,台積電永昌96購03,30000,0,30000,0,0,0,0,0,0,193000,0,0,0,1208000,1015000,193000,223000
054227,宏達電元富96購02,0,0,0,0,0,0,0,0,0,223000,0,0,0,321000,98000,223000,223000
053983,樺漢元大97購02  ,0,0,0,0,0,0,0,0,0,223000,0,0,0,531000,308000,223000,223000
057592,美律兆豐99購01  ,0,0,0,0,0,0,0,0,0,222000,0,0,0,260000,38000,222000,222000
044605,超眾國泰93購02  ,0,0,0,0,0,0,0,0,0,222000,0,0,0,222000,0,222000,222000
046432,宏達電中信94購01,0,0,0,0,0,0,0,0,0,222000,0,0,0,222000,0,222000,222000
053385,聯詠元大96購02  ,0,0,0,0,0,0,0,0,0,222000,0,0,0,291000,69000,222000,222000
054845,智邦兆豐98購01  ,0,0,0,0,0,0,0,0,0,222000,0,0,0,272000,50000,222000,222000
052193,國巨元富95購06  ,0,0,0,0,0,0,0,0,0,221000,0,0,0,247000,26000,221000,221000
055221,矽創凱基97購02  ,0,0,0,0,0,0,0,0,0,221000,0,0,0,223000,2000,221000,221000
052820,宏達電永豐96購01,0,0,0,0,0,0,0,0,0,221000,0,0,0,255000,34000,221000,221000
047989,深中小元大96購02,0,0,0,0,0,0,0,0,0,220000,0,0,0,220000,0,220000,220000
047855,美律國票94購01  ,0,0,0,0,0,0,0,0,0,220000,0,0,0,220000,0,220000,220000
049966,旺宏國票95購02  ,0,0,0,0,0,0,0,0,0,220000,0,0,0,220000,0,220000,220000
050128,旺宏凱基94購04  ,0,0,0,0,0,0,0,0,0,220000,0,0,0,319000,99000,220000,220000
052926,旺宏元大98購02  ,0,0,0,0,0,0,0,0,0,220000,0,0,0,612000,392000,220000,220000
055281,台光電元大98購03,0,0,0,0,0,0,0,0,0,220000,0,0,0,241000,21000,220000,220000
3023,信邦            ,606000,341400,264600,0,0,0,5000,0,5000,-50000,18000,68000,-50000,0,0,0,219600
054809,大成鋼元大97購01,0,0,0,0,0,0,0,0,0,219000,0,0,0,331000,112000,219000,219000
053911,臺股指凱基96購31,0,0,0,0,0,0,0,0,0,219000,0,0,0,224000,5000,219000,219000
06014P,聯發科富邦97售02,0,0,0,0,0,0,0,0,0,219000,0,0,0,848000,629000,219000,219000
056663,臺股指元大9A購10,0,0,0,0,0,0,0,0,0,218000,0,0,0,470000,252000,218000,218000
047673,瑞昱元富96購01  ,0,0,0,0,0,0,0,0,0,218000,0,0,0,218000,0,218000,218000
050339,鴻海統一94購06  ,0,0,0,0,0,0,0,0,0,218000,0,0,0,218000,0,218000,218000
055425,聚陽群益99購01  ,0,0,0,0,0,0,0,0,0,218000,0,0,0,259000,41000,218000,218000
048905,旺宏富邦96購01  ,0,0,0,0,0,0,0,0,0,217000,0,0,0,240000,23000,217000,217000
044683,聯鈞凱基93購01  ,0,0,0,0,0,0,0,0,0,217000,0,0,0,637000,420000,217000,217000
054361,技嘉凱基96購01  ,0,0,0,0,0,0,0,0,0,217000,0,0,0,268000,51000,217000,217000
046680,上証反群益95購01,0,0,0,0,0,0,0,0,0,216000,0,0,0,529000,313000,216000,216000
052402,健策凱基97購01  ,0,0,0,0,0,0,0,0,0,216000,0,0,0,416000,200000,216000,216000
054294,世芯元大96購02  ,0,0,0,0,0,0,0,0,0,215000,0,0,0,401000,186000,215000,215000
055187,彩晶統一98購01  ,0,0,0,0,0,0,0,0,0,215000,0,0,0,307000,92000,215000,215000
054046,義隆元大96購02  ,0,0,0,0,0,0,0,0,0,215000,0,0,0,650000,435000,215000,215000
054149,達方元大96購01  ,0,0,0,0,0,0,0,0,0,215000,0,0,0,215000,0,215000,215000
053404,致新群益96購01  ,0,0,0,0,0,0,0,0,0,215000,0,0,0,256000,41000,215000,215000
06410P,祥碩統一97售01  ,0,0,0,0,0,0,0,0,0,215000,0,0,0,215000,0,215000,215000
03686P,大立光統一98售02,0,0,0,0,0,0,0,0,0,214000,0,0,0,637000,423000,214000,214000
04963P,鴻海元大94售25  ,0,0,0,0,0,0,0,0,0,214000,0,0,0,225000,11000,214000,214000
1218,泰山            ,555000,339000,216000,0,0,0,0,0,0,-2000,0,2000,-2000,0,0,0,214000
056464,臺股指凱基99購06,0,0,0,0,0,0,0,0,0,213000,0,0,0,271000,58000,213000,213000
04414P,牧德元富94售04  ,0,0,0,0,0,0,0,0,0,213000,0,0,0,250000,37000,213000,213000
052607,大立光元大96購03,0,0,0,0,0,0,0,0,0,213000,0,0,0,215000,2000,213000,213000
044689,超眾凱基93購03  ,0,0,0,0,0,0,0,0,0,212000,0,0,0,212000,0,212000,212000
051500,聯茂群益95購01  ,0,0,0,0,0,0,0,0,0,212000,0,0,0,223000,11000,212000,212000
052746,泰碩元大97購01  ,0,0,0,0,0,0,0,0,0,212000,0,0,0,212000,0,212000,212000
057518,世紀鋼元富98購01,0,0,0,0,0,0,0,0,0,211000,0,0,0,633000,422000,211000,211000
053222,聯茂凱基96購03  ,0,0,0,0,0,0,0,0,0,211000,0,0,0,216000,5000,211000,211000
053637,強茂永豐96購01  ,0,0,0,0,0,0,0,0,0,211000,0,0,0,224000,13000,211000,211000
05253P,智邦凱基95售08  ,0,0,0,0,0,0,0,0,0,210000,0,0,0,310000,100000,210000,210000
050787,致伸國泰96購01  ,0,0,0,0,0,0,0,0,0,210000,0,0,0,240000,30000,210000,210000
051306,嘉聯益凱基96購01,0,0,0,0,0,0,0,0,0,210000,0,0,0,210000,0,210000,210000
049388,南電元大94購05  ,0,0,0,0,0,0,0,0,0,210000,0,0,0,230000,20000,210000,210000
052109,可成元富95購01  ,0,0,0,0,0,0,0,0,0,210000,0,0,0,230000,20000,210000,210000
057402,嘉晶群益98購02  ,0,0,0,0,0,0,0,0,0,209000,0,0,0,219000,10000,209000,209000
051690,超眾凱基95購03  ,0,0,0,0,0,0,0,0,0,209000,0,0,0,209000,0,209000,209000
049854,超眾群益94購02  ,0,0,0,0,0,0,0,0,0,209000,0,0,0,209000,0,209000,209000
053291,旺宏中信9A購01  ,0,0,0,0,0,0,0,0,0,209000,0,0,0,432000,223000,209000,209000
053026,奇力新富邦98購01,0,0,0,0,0,0,0,0,0,209000,0,0,0,220000,11000,209000,209000
04682P,臺股指統一96售01,0,0,0,0,0,0,0,0,0,208000,0,0,0,388000,180000,208000,208000
046717,世紀鋼國泰94購01,0,0,0,0,0,0,0,0,0,208000,0,0,0,242000,34000,208000,208000
046298,聯發科富邦94購01,0,0,0,0,0,0,0,0,0,208000,0,0,0,288000,80000,208000,208000
056116,義隆群益97購02  ,0,0,0,0,0,0,0,0,0,207000,0,0,0,207000,0,207000,207000
055670,矽創群益98購02  ,0,0,0,0,0,0,0,0,0,207000,0,0,0,315000,108000,207000,207000
051222,世紀鋼元富95購01,0,0,0,0,0,0,0,0,0,207000,0,0,0,245000,38000,207000,207000
053509,華新群益98購01  ,0,0,0,0,0,0,0,0,0,207000,0,0,0,306000,99000,207000,207000
054088,華新群益98購02  ,0,0,0,0,0,0,0,0,0,207000,0,0,0,297000,90000,207000,207000
055029,帆宣國泰99購01  ,0,0,0,0,0,0,0,0,0,207000,0,0,0,207000,0,207000,207000
056163,嘉聯益凱基98購03,0,0,0,0,0,0,0,0,0,206000,0,0,0,437000,231000,206000,206000
048049,滬深反中信96購01,0,0,0,0,0,0,0,0,0,206000,0,0,0,214000,8000,206000,206000
051170,南電元大95購03  ,0,0,0,0,0,0,0,0,0,206000,0,0,0,256000,50000,206000,206000
055394,健策統一97購01  ,0,0,0,0,0,0,0,0,0,206000,0,0,0,336000,130000,206000,206000
053557,聯茂凱基96購04  ,0,0,0,0,0,0,0,0,0,206000,0,0,0,210000,4000,206000,206000
053772,大成鋼元大96購02,0,0,0,0,0,0,0,0,0,206000,0,0,0,226000,20000,206000,206000
057721,華擎元富98購02  ,0,0,0,0,0,0,0,0,0,205000,0,0,0,381000,176000,205000,205000
056839,台光電元富98購02,0,0,0,0,0,0,0,0,0,205000,0,0,0,205000,0,205000,205000
050301,矽創凱基94購03  ,0,0,0,0,0,0,0,0,0,205000,0,0,0,205000,0,205000,205000
049891,T50反1富邦94購02,0,0,0,0,0,0,0,0,0,205000,0,0,0,205000,0,205000,205000
050895,聯發科元大97購01,0,0,0,0,0,0,0,0,0,205000,0,0,0,280000,75000,205000,205000
053612,T50反1群益96購01,0,0,0,0,0,0,0,0,0,205000,0,0,0,205000,0,205000,205000
053074,嘉晶永豐96購02  ,0,0,0,0,0,0,0,0,0,205000,0,0,0,278000,73000,205000,205000
06435P,臺股指群益98售02,0,0,0,0,0,0,0,0,0,205000,0,0,0,205000,0,205000,205000
050823,信邦凱基95購01  ,0,0,0,0,0,0,0,0,0,204000,0,0,0,288000,84000,204000,204000
052814,上証2X永豐96購02,0,0,0,0,0,0,0,0,0,204000,0,0,0,787000,583000,204000,204000
2480,敦陽科          ,434000,226000,208000,0,0,0,0,0,0,-4000,0,4000,-4000,0,0,0,204000
056403,茂林群益98購01  ,0,0,0,0,0,0,0,0,0,203000,0,0,0,296000,93000,203000,203000
056604,鴻海富邦9A購01  ,0,0,0,0,0,0,0,0,0,203000,0,0,0,209000,6000,203000,203000
055720,宏達電元大97購05,0,0,0,0,0,0,0,0,0,203000,0,0,0,474000,271000,203000,203000
05091P,台積電元大95售11,0,0,0,0,0,0,0,0,0,203000,0,0,0,2377000,2174000,203000,203000
05042P,GIS凱基95售03   ,0,0,0,0,0,0,0,0,0,203000,0,0,0,242000,39000,203000,203000
049287,可成兆豐95購01  ,0,0,0,0,0,0,0,0,0,203000,0,0,0,203000,0,203000,203000
052518,道瓊反元大95購02,0,0,0,0,0,0,0,0,0,203000,0,0,0,203000,0,203000,203000
06789P,鴻海凱基98售12  ,0,0,0,0,0,0,0,0,0,203000,0,0,0,240000,37000,203000,203000
055895,群創統一97購04  ,0,0,0,0,0,0,0,0,0,202000,0,0,0,202000,0,202000,202000
047354,訊芯凱基94購01  ,0,0,0,0,0,0,0,0,0,202000,0,0,0,240000,38000,202000,202000
052805,晶技元大97購01  ,0,0,0,0,0,0,0,0,0,202000,0,0,0,840000,638000,202000,202000
054158,國巨日盛99購01  ,0,0,0,0,0,0,0,0,0,202000,0,0,0,539000,337000,202000,202000
05440P,緯穎國票96售02  ,0,0,0,0,0,0,0,0,0,202000,0,0,0,286000,84000,202000,202000
056621,宏達電永豐98購01,0,0,0,0,0,0,0,0,0,201000,0,0,0,286000,85000,201000,201000
056632,鴻海永昌98購01  ,0,0,0,0,0,0,0,0,0,201000,0,0,0,503000,302000,201000,201000
056768,宏達電元大99購03,0,0,0,0,0,0,0,0,0,201000,0,0,0,291000,90000,201000,201000
044637,滬深2X元富94購01,0,0,0,0,0,0,0,0,0,201000,0,0,0,201000,0,201000,201000
039550,滬深反凱基94購01,0,0,0,0,0,0,0,0,0,201000,0,0,0,201000,0,201000,201000
052392,台表科群益96購02,0,0,0,0,0,0,0,0,0,201000,0,0,0,211000,10000,201000,201000
052342,茂林凱基96購01  ,0,0,0,0,0,0,0,0,0,201000,0,0,0,230000,29000,201000,201000
06109P,華新科群益97售05,0,0,0,0,0,0,0,0,0,201000,0,0,0,313000,112000,201000,201000
05644P,大立光中信9A售03,0,0,0,0,0,0,0,0,0,200000,0,0,0,203000,3000,200000,200000
056312,茂林元大98購01  ,0,0,0,0,0,0,0,0,0,200000,0,0,0,322000,122000,200000,200000
055723,康控元大97購04  ,0,0,0,0,0,0,0,0,0,200000,0,0,0,214000,14000,200000,200000
03421B,臺股指元大99熊01,0,0,0,0,0,0,0,0,0,200000,0,0,0,201000,1000,200000,200000
045462,美律元大93購04  ,0,0,0,0,0,0,0,0,0,200000,0,0,0,200000,0,200000,200000
04551P,台表科元大94售02,0,0,0,0,0,0,0,0,0,200000,0,0,0,200000,0,200000,200000
04007P,國巨國票93售03  ,0,0,0,0,0,0,0,0,0,200000,0,0,0,200000,0,200000,200000
04466P,大立光元富94售04,0,0,0,0,0,0,0,0,0,200000,0,0,0,200000,0,200000,200000
044496,群創元大93購02  ,0,0,0,0,0,0,0,0,0,200000,0,0,0,200000,0,200000,200000
04637P,臺股指群益94售12,0,0,0,0,0,0,0,0,0,200000,0,0,0,200000,0,200000,200000
047903,滬深2X元大96購01,0,0,0,0,0,0,0,0,0,200000,0,0,0,200000,0,200000,200000
051494,中環兆豐95購01  ,0,0,0,0,0,0,0,0,0,200000,0,0,0,200000,0,200000,200000
052443,台積電元大95購23,0,0,0,0,0,0,0,0,0,200000,0,0,0,950000,750000,200000,200000
052255,T50反1國泰96購01,0,0,0,0,0,0,0,0,0,200000,0,0,0,200000,0,200000,200000
052216,康友元大96購01  ,0,0,0,0,0,0,0,0,0,200000,0,0,0,203000,3000,200000,200000
049257,南亞科元大94購03,0,0,0,0,0,0,0,0,0,200000,0,0,0,200000,0,200000,200000
049763,美食國泰96購01  ,0,0,0,0,0,0,0,0,0,200000,0,0,0,200000,0,200000,200000
051903,T50反1元大97購02,0,0,0,0,0,0,0,0,0,200000,0,0,0,210000,10000,200000,200000
050926,禾伸堂凱基95購01,0,0,0,0,0,0,0,0,0,200000,0,0,0,205000,5000,200000,200000
05214P,台積電國票97售02,0,0,0,0,0,0,0,0,0,200000,0,0,0,200000,0,200000,200000
052198,鴻海統一95購10  ,0,0,0,0,0,0,0,0,0,200000,0,0,0,249000,49000,200000,200000
050536,亞泥凱基95購01  ,0,0,0,0,0,0,0,0,0,200000,0,0,0,200000,0,200000,200000
049851,致伸群益94購03  ,0,0,0,0,0,0,0,0,0,200000,0,0,0,200000,0,200000,200000
053953,群創台新97購01  ,0,0,0,0,0,0,0,0,0,200000,0,0,0,200000,0,200000,200000
053445,可成凱基96購04  ,0,0,0,0,0,0,0,0,0,200000,0,0,0,280000,80000,200000,200000
053432,世紀鋼永豐96購02,0,0,0,0,0,0,0,0,0,200000,0,0,0,294000,94000,200000,200000
08674P,嘉晶元富07售02  ,0,0,0,0,0,0,0,0,0,200000,0,0,0,200000,0,200000,200000
049226,元石油富邦95購01,0,0,0,0,0,0,0,0,0,199000,0,0,0,333000,134000,199000,199000
04313P,國巨元富95售03  ,0,0,0,0,0,0,0,0,0,199000,0,0,0,450000,251000,199000,199000
045015,玉晶光元大94購01,0,0,0,0,0,0,0,0,0,199000,0,0,0,210000,11000,199000,199000
055341,台達電凱基97購02,0,0,0,0,0,0,0,0,0,199000,0,0,0,319000,120000,199000,199000
056195,群創富邦98購01  ,0,0,0,0,0,0,0,0,0,198000,0,0,0,200000,2000,198000,198000
056552,台表科凱基99購01,0,0,0,0,0,0,0,0,0,198000,0,0,0,200000,2000,198000,198000
05684P,臺股指元大96售09,0,0,0,0,0,0,0,0,0,198000,0,0,0,288000,90000,198000,198000
06237P,台積電元大97售26,0,0,0,0,0,0,0,0,0,198000,0,0,0,405000,207000,198000,198000
057953,聚陽元大98購01  ,0,0,0,0,0,0,0,0,0,198000,0,0,0,218000,20000,198000,198000
051142,臺股指永豐95購02,0,0,0,0,0,0,0,0,0,197000,0,0,0,434000,237000,197000,197000
051405,世芯永豐95購01  ,0,0,0,0,0,0,0,0,0,197000,0,0,0,893000,696000,197000,197000
056994,緯穎兆豐98購02  ,0,0,0,0,0,0,0,0,0,196000,0,0,0,275000,79000,196000,196000
049230,台達電富邦96購01,0,0,0,0,0,0,0,0,0,196000,0,0,0,196000,0,196000,196000
054649,聯茂群益97購01  ,0,0,0,0,0,0,0,0,0,196000,0,0,0,219000,23000,196000,196000
052849,可成統一97購01  ,0,0,0,0,0,0,0,0,0,196000,0,0,0,339000,143000,196000,196000
056311,泰鼎元大98購01  ,0,0,0,0,0,0,0,0,0,195000,0,0,0,552000,357000,195000,195000
050463,百和元大94購04  ,0,0,0,0,0,0,0,0,0,195000,0,0,0,455000,260000,195000,195000
052702,群創國票97購03  ,0,0,0,0,0,0,0,0,0,195000,0,0,0,223000,28000,195000,195000
053449,超眾凱基98購01  ,0,0,0,0,0,0,0,0,0,195000,0,0,0,398000,203000,195000,195000
054799,超眾群益98購01  ,0,0,0,0,0,0,0,0,0,195000,0,0,0,220000,25000,195000,195000
055283,聯發科元大97購16,0,0,0,0,0,0,0,0,0,195000,0,0,0,306000,111000,195000,195000
04967P,台表科永豐94售04,0,0,0,0,0,0,0,0,0,193000,0,0,0,193000,0,193000,193000
056039,宏達電凱基97購02,0,0,0,0,0,0,0,0,0,192000,0,0,0,227000,35000,192000,192000
049087,晶相光凱基94購02,0,0,0,0,0,0,0,0,0,192000,0,0,0,192000,0,192000,192000
050084,宏達電元富94購03,0,0,0,0,0,0,0,0,0,192000,0,0,0,192000,0,192000,192000
048782,亞泥元大94購01  ,0,0,0,0,0,0,0,0,0,192000,0,0,0,222000,30000,192000,192000
052629,訊芯中信99購01  ,0,0,0,0,0,0,0,0,0,192000,0,0,0,230000,38000,192000,192000
057080,華新科統一99購02,0,0,0,0,0,0,0,0,0,191000,0,0,0,649000,458000,191000,191000
03831P,臺股指中信95售02,0,0,0,0,0,0,0,0,0,191000,0,0,0,191000,0,191000,191000
050993,聯發科元大95購05,0,0,0,0,0,0,0,0,0,191000,0,0,0,208000,17000,191000,191000
051948,滬深2X元富9B購01,0,0,0,0,0,0,0,0,0,191000,0,0,0,191000,0,191000,191000
052937,國巨兆豐97購01  ,0,0,0,0,0,0,0,0,0,191000,0,0,0,595000,404000,191000,191000
4967,十銓            ,1692000,1184000,508000,0,0,0,0,0,0,-317000,1000,330000,-329000,12000,0,12000,191000
057596,聯茂兆豐99購01  ,0,0,0,0,0,0,0,0,0,190000,0,0,0,264000,74000,190000,190000
056118,聯詠群益97購03  ,0,0,0,0,0,0,0,0,0,190000,0,0,0,221000,31000,190000,190000
050009,昇陽半永豐94購02,0,0,0,0,0,0,0,0,0,190000,0,0,0,200000,10000,190000,190000
052316,台積電元大96購10,0,0,0,0,0,0,0,0,0,190000,0,0,0,227000,37000,190000,190000
053269,同欣電群益96購01,0,0,0,0,0,0,0,0,0,190000,0,0,0,270000,80000,190000,190000
056335,微星凱基98購01  ,0,0,0,0,0,0,0,0,0,189000,0,0,0,336000,147000,189000,189000
057170,瑞昱元大98購01  ,0,0,0,0,0,0,0,0,0,189000,0,0,0,233000,44000,189000,189000
054861,智邦群益97購01  ,0,0,0,0,0,0,0,0,0,189000,0,0,0,289000,100000,189000,189000
1701,中化            ,269000,74000,195000,0,0,0,0,0,0,-6000,0,6000,-6000,0,0,0,189000
057349,聯發科統一98購04,0,0,0,0,0,0,0,0,0,188000,0,0,0,384000,196000,188000,188000
056505,聯發科永豐98購01,0,0,0,0,0,0,0,0,0,188000,0,0,0,708000,520000,188000,188000
03416B,臺股指凱基95熊05,0,0,0,0,0,0,0,0,0,188000,0,0,0,227000,39000,188000,188000
049185,南電凱基94購03  ,0,0,0,0,0,0,0,0,0,188000,0,0,0,211000,23000,188000,188000
049302,聯茂日盛94購01  ,0,0,0,0,0,0,0,0,0,188000,0,0,0,282000,94000,188000,188000
054661,嘉聯益元大97購03,0,0,0,0,0,0,0,0,0,188000,0,0,0,244000,56000,188000,188000
053617,宏達電群益96購02,0,0,0,0,0,0,0,0,0,188000,0,0,0,214000,26000,188000,188000
053696,日月光元大96購05,0,0,0,0,0,0,0,0,0,188000,0,0,0,188000,0,188000,188000
06284P,台積電國票98售03,0,0,0,0,0,0,0,0,0,188000,0,0,0,188000,0,188000,188000
057408,台郡群益98購01  ,0,0,0,0,0,0,0,0,0,187000,0,0,0,197000,10000,187000,187000
057577,廣宇中信9A購01  ,0,0,0,0,0,0,0,0,0,187000,0,0,0,187000,0,187000,187000
05703P,矽力群益96售03  ,0,0,0,0,0,0,0,0,0,187000,0,0,0,266000,79000,187000,187000
047072,義隆兆豐94購01  ,0,0,0,0,0,0,0,0,0,187000,0,0,0,187000,0,187000,187000
049393,世紀鋼第一94購01,0,0,0,0,0,0,0,0,0,187000,0,0,0,242000,55000,187000,187000
053258,上証2X群益9A購03,0,0,0,0,0,0,0,0,0,187000,0,0,0,207000,20000,187000,187000
055082,台郡中信97購01  ,0,0,0,0,0,0,0,0,0,187000,0,0,0,197000,10000,187000,187000
055131,茂林康和97購01  ,0,0,0,0,0,0,0,0,0,187000,0,0,0,188000,1000,187000,187000
056629,昇陽半永豐98購01,0,0,0,0,0,0,0,0,0,186000,0,0,0,186000,0,186000,186000
056083,億光統一97購03  ,0,0,0,0,0,0,0,0,0,186000,0,0,0,244000,58000,186000,186000
048778,聯茂凱基94購04  ,0,0,0,0,0,0,0,0,0,186000,0,0,0,266000,80000,186000,186000
054607,台積電永豐97購03,0,0,0,0,0,0,0,0,0,186000,0,0,0,200000,14000,186000,186000
048000,義隆元大93購03  ,0,0,0,0,0,0,0,0,0,185000,0,0,0,185000,0,185000,185000
052385,滬深2X群益99購05,0,0,0,0,0,0,0,0,0,185000,0,0,0,205000,20000,185000,185000
055385,昇陽半元大98購01,0,0,0,0,0,0,0,0,0,185000,0,0,0,200000,15000,185000,185000
054170,泰鼎凱基98購01  ,0,0,0,0,0,0,0,0,0,185000,0,0,0,358000,173000,185000,185000
056222,台積電凱基9A購01,0,0,0,0,0,0,0,0,0,184000,0,0,0,188000,4000,184000,184000
049697,群創元大98購01  ,0,0,0,0,0,0,0,0,0,184000,0,0,0,334000,150000,184000,184000
053440,台積電凱基96購12,0,0,0,0,0,0,0,0,0,184000,0,0,0,288000,104000,184000,184000
053850,嘉澤元富96購03  ,0,0,0,0,0,0,0,0,0,183000,0,0,0,203000,20000,183000,183000
053655,全新凱基98購02  ,0,0,0,0,0,0,0,0,0,183000,0,0,0,185000,2000,183000,183000
052324,康友元大96購02  ,0,0,0,0,0,0,0,0,0,182000,0,0,0,185000,3000,182000,182000
053098,國巨元富96購04  ,0,0,0,0,0,0,0,0,0,182000,0,0,0,383000,201000,182000,182000
054818,奇力新元大97購05,0,0,0,0,0,0,0,0,0,182000,0,0,0,379000,197000,182000,182000
050867,聯鈞永豐95購01  ,0,0,0,0,0,0,0,0,0,181000,0,0,0,234000,53000,181000,181000
056303,亞光元大97購04  ,0,0,0,0,0,0,0,0,0,180000,0,0,0,240000,60000,180000,180000
055901,超眾中信97購01  ,0,0,0,0,0,0,0,0,0,180000,0,0,0,205000,25000,180000,180000
057240,茂林凱基9A購01  ,0,0,0,0,0,0,0,0,0,180000,0,0,0,197000,17000,180000,180000
057448,致茂元富98購01  ,0,0,0,0,0,0,0,0,0,180000,0,0,0,248000,68000,180000,180000
050087,美食台新94購01  ,0,0,0,0,0,0,0,0,0,180000,0,0,0,180000,0,180000,180000
049061,元油2X日盛94購01,0,0,0,0,0,0,0,0,0,180000,0,0,0,187000,7000,180000,180000
04469P,元油2X元大94售05,0,0,0,0,0,0,0,0,0,180000,0,0,0,200000,20000,180000,180000
051396,健鼎兆豐95購01  ,0,0,0,0,0,0,0,0,0,180000,0,0,0,200000,20000,180000,180000
05209P,鴻海凱基96售09  ,0,0,0,0,0,0,0,0,0,180000,0,0,0,390000,210000,180000,180000
050192,康控元大97購01  ,0,0,0,0,0,0,0,0,0,180000,0,0,0,220000,40000,180000,180000
050200,致新元大94購01  ,0,0,0,0,0,0,0,0,0,180000,0,0,0,180000,0,180000,180000
050717,京鼎群益96購01  ,0,0,0,0,0,0,0,0,0,180000,0,0,0,187000,7000,180000,180000
055083,康友中信97購01  ,0,0,0,0,0,0,0,0,0,180000,0,0,0,180000,0,180000,180000
057468,台郡永豐98購01  ,0,0,0,0,0,0,0,0,0,179000,0,0,0,245000,66000,179000,179000
055986,祥碩元富97購01  ,0,0,0,0,0,0,0,0,0,179000,0,0,0,185000,6000,179000,179000
056313,聯茂元大98購01  ,0,0,0,0,0,0,0,0,0,179000,0,0,0,361000,182000,179000,179000
048197,義隆元大93購04  ,0,0,0,0,0,0,0,0,0,179000,0,0,0,179000,0,179000,179000
052052,嘉澤凱基95購02  ,0,0,0,0,0,0,0,0,0,179000,0,0,0,179000,0,179000,179000
052874,超眾凱基96購01  ,0,0,0,0,0,0,0,0,0,179000,0,0,0,330000,151000,179000,179000
056141,聯茂元大97購05  ,0,0,0,0,0,0,0,0,0,178000,0,0,0,224000,46000,178000,178000
056675,聯發科元富02購01,0,0,0,0,0,0,0,0,0,178000,0,0,0,472000,294000,178000,178000
056458,日月光凱基98購02,0,0,0,0,0,0,0,0,0,178000,0,0,0,186000,8000,178000,178000
055688,力成凱基98購02  ,0,0,0,0,0,0,0,0,0,178000,0,0,0,255000,77000,178000,178000
057175,美律元大98購03  ,0,0,0,0,0,0,0,0,0,178000,0,0,0,184000,6000,178000,178000
054264,超眾元大97購02  ,0,0,0,0,0,0,0,0,0,178000,0,0,0,377000,199000,178000,178000
057397,茂林中信9A購01  ,0,0,0,0,0,0,0,0,0,177000,0,0,0,177000,0,177000,177000
051718,上証2X永豐95購01,0,0,0,0,0,0,0,0,0,177000,0,0,0,546000,369000,177000,177000
056356,台積電元大99購01,0,0,0,0,0,0,0,0,0,176000,0,0,0,1171000,995000,176000,176000
051644,聯茂康和95購01  ,0,0,0,0,0,0,0,0,0,176000,0,0,0,176000,0,176000,176000
053792,百和元大96購01  ,0,0,0,0,0,0,0,0,0,176000,0,0,0,377000,201000,176000,176000
057259,台積電兆豐98購03,0,0,0,0,0,0,0,0,0,175000,0,0,0,634000,459000,175000,175000
03636C,元油2X元富04牛01,0,0,0,0,0,0,0,0,0,175000,0,0,0,440000,265000,175000,175000
049346,新光金統一95購01,0,0,0,0,0,0,0,0,0,175000,0,0,0,425000,250000,175000,175000
053669,台積電統一96購08,0,0,0,0,0,0,0,0,0,175000,0,0,0,291000,116000,175000,175000
055887,上銀統一97購03  ,0,0,0,0,0,0,0,0,0,174000,0,0,0,174000,0,174000,174000
05825P,臺股指凱基96售22,0,0,0,0,0,0,0,0,0,174000,0,0,0,191000,17000,174000,174000
056142,超眾元大97購06  ,0,0,0,0,0,0,0,0,0,173000,0,0,0,328000,155000,173000,173000
057106,美律群益98購03  ,0,0,0,0,0,0,0,0,0,173000,0,0,0,215000,42000,173000,173000
042927,道瓊反中信94購01,0,0,0,0,0,0,0,0,0,173000,0,0,0,173000,0,173000,173000
049246,大成鋼元大94購02,0,0,0,0,0,0,0,0,0,173000,0,0,0,223000,50000,173000,173000
051150,宏達電凱基95購02,0,0,0,0,0,0,0,0,0,173000,0,0,0,191000,18000,173000,173000
054427,潤泰全富邦97購01,0,0,0,0,0,0,0,0,0,173000,0,0,0,181000,8000,173000,173000
054938,國巨元大97購04  ,0,0,0,0,0,0,0,0,0,173000,0,0,0,390000,217000,173000,173000
048786,瑞昱元大94購02  ,0,0,0,0,0,0,0,0,0,172000,0,0,0,173000,1000,172000,172000
051570,和碩富邦97購01  ,0,0,0,0,0,0,0,0,0,172000,0,0,0,282000,110000,172000,172000
052700,奇鋐國票97購02  ,0,0,0,0,0,0,0,0,0,172000,0,0,0,261000,89000,172000,172000
055124,建準兆豐97購01  ,0,0,0,0,0,0,0,0,0,172000,0,0,0,172000,0,172000,172000
055391,光罩統一97購02  ,0,0,0,0,0,0,0,0,0,172000,0,0,0,175000,3000,172000,172000
057509,聯發科統一9A購03,0,0,0,0,0,0,0,0,0,171000,0,0,0,171000,0,171000,171000
052084,台泥元大95購01  ,0,0,0,0,0,0,0,0,0,171000,0,0,0,203000,32000,171000,171000
052043,瑞昱日盛95購01  ,0,0,0,0,0,0,0,0,0,171000,0,0,0,332000,161000,171000,171000
054902,億光康和97購01  ,0,0,0,0,0,0,0,0,0,171000,0,0,0,171000,0,171000,171000
054424,大成鋼富邦97購02,0,0,0,0,0,0,0,0,0,171000,0,0,0,221000,50000,171000,171000
054253,宏達電元大97購03,0,0,0,0,0,0,0,0,0,171000,0,0,0,297000,126000,171000,171000
053962,聯茂永豐96購01  ,0,0,0,0,0,0,0,0,0,171000,0,0,0,245000,74000,171000,171000
056687,元大金統一98購01,0,0,0,0,0,0,0,0,0,170000,0,0,0,241000,71000,170000,170000
047624,台達電國票93購01,0,0,0,0,0,0,0,0,0,170000,0,0,0,170000,0,170000,170000
048370,可成統一93購04  ,0,0,0,0,0,0,0,0,0,170000,0,0,0,170000,0,170000,170000
045858,元油2X統一94購02,0,0,0,0,0,0,0,0,0,170000,0,0,0,470000,300000,170000,170000
08163P,T50正2中信95售01,0,0,0,0,0,0,0,0,0,170000,0,0,0,220000,50000,170000,170000
1808,潤隆            ,231000,61000,170000,0,0,0,0,0,0,0,0,0,0,0,0,0,170000
057463,華邦電永豐98購01,0,0,0,0,0,0,0,0,0,169000,0,0,0,169000,0,169000,169000
050822,亞光凱基95購01  ,0,0,0,0,0,0,0,0,0,169000,0,0,0,299000,130000,169000,169000
052017,奇鋐永豐95購01  ,0,0,0,0,0,0,0,0,0,169000,0,0,0,169000,0,169000,169000
055345,國巨凱基98購01  ,0,0,0,0,0,0,0,0,0,169000,0,0,0,291000,122000,169000,169000
06386P,欣興永豐97售03  ,0,0,0,0,0,0,0,0,0,169000,0,0,0,303000,134000,169000,169000
057798,貿聯兆豐99購01  ,0,0,0,0,0,0,0,0,0,168000,0,0,0,218000,50000,168000,168000
057167,台積電元大99購03,0,0,0,0,0,0,0,0,0,168000,0,0,0,665000,497000,168000,168000
051604,喬山群益95購01  ,0,0,0,0,0,0,0,0,0,168000,0,0,0,168000,0,168000,168000
050027,義隆元大94購03  ,0,0,0,0,0,0,0,0,0,168000,0,0,0,168000,0,168000,168000
048847,A50群益98購01   ,0,0,0,0,0,0,0,0,0,168000,0,0,0,170000,2000,168000,168000
054353,世紀鋼國泰98購01,0,0,0,0,0,0,0,0,0,168000,0,0,0,262000,94000,168000,168000
053998,泰鼎群益98購01  ,0,0,0,0,0,0,0,0,0,168000,0,0,0,233000,65000,168000,168000
053394,鴻海中信9A購01  ,0,0,0,0,0,0,0,0,0,168000,0,0,0,168000,0,168000,168000
06394P,台積電元大97售28,0,0,0,0,0,0,0,0,0,168000,0,0,0,262000,94000,168000,168000
6670,復盛應用        ,455000,215000,240000,0,0,0,5000,0,5000,-77000,0,39000,-39000,0,38000,-38000,168000
057265,聯詠兆豐98購01  ,0,0,0,0,0,0,0,0,0,167000,0,0,0,172000,5000,167000,167000
05011P,南電國泰96售01  ,0,0,0,0,0,0,0,0,0,167000,0,0,0,382000,215000,167000,167000
052405,聯茂凱基95購01  ,0,0,0,0,0,0,0,0,0,167000,0,0,0,192000,25000,167000,167000
051435,聯茂元富95購01  ,0,0,0,0,0,0,0,0,0,167000,0,0,0,229000,62000,167000,167000
055012,茂林元富97購01  ,0,0,0,0,0,0,0,0,0,167000,0,0,0,716000,549000,167000,167000
055104,台達電凱基98購01,0,0,0,0,0,0,0,0,0,167000,0,0,0,167000,0,167000,167000
056817,國巨永豐98購04  ,0,0,0,0,0,0,0,0,0,166000,0,0,0,372000,206000,166000,166000
055951,大成鋼元大97購02,0,0,0,0,0,0,0,0,0,166000,0,0,0,190000,24000,166000,166000
03645C,臺股指凱基96牛27,0,0,0,0,0,0,0,0,0,166000,0,0,0,310000,144000,166000,166000
052372,台泥元大95購02  ,0,0,0,0,0,0,0,0,0,166000,0,0,0,176000,10000,166000,166000
05529P,臺股指群益96售02,0,0,0,0,0,0,0,0,0,166000,0,0,0,166000,0,166000,166000
055273,華泰元大97購01  ,0,0,0,0,0,0,0,0,0,166000,0,0,0,171000,5000,166000,166000
054698,同欣電永豐97購01,0,0,0,0,0,0,0,0,0,166000,0,0,0,206000,40000,166000,166000
053373,台泥元大96購01  ,0,0,0,0,0,0,0,0,0,166000,0,0,0,210000,44000,166000,166000
052990,超眾元大97購01  ,0,0,0,0,0,0,0,0,0,166000,0,0,0,389000,223000,166000,166000
05902P,華通國票96售02  ,0,0,0,0,0,0,0,0,0,166000,0,0,0,200000,34000,166000,166000
055776,宏達電凱基98購02,0,0,0,0,0,0,0,0,0,165000,0,0,0,190000,25000,165000,165000
05631P,國巨富邦9A售01  ,0,0,0,0,0,0,0,0,0,165000,0,0,0,190000,25000,165000,165000
056568,台表科群益98購01,0,0,0,0,0,0,0,0,0,165000,0,0,0,270000,105000,165000,165000
048100,貿聯凱基93購02  ,0,0,0,0,0,0,0,0,0,165000,0,0,0,165000,0,165000,165000
04233P,儒鴻兆豐93售01  ,0,0,0,0,0,0,0,0,0,164000,0,0,0,165000,1000,164000,164000
053522,臺股指群益99購01,0,0,0,0,0,0,0,0,0,164000,0,0,0,164000,0,164000,164000
05885P,牧德統一96售01  ,0,0,0,0,0,0,0,0,0,164000,0,0,0,164000,0,164000,164000
08795P,聯發科凱基01售11,0,0,0,0,0,0,0,0,0,164000,0,0,0,164000,0,164000,164000
050877,美律統一95購01  ,0,0,0,0,0,0,0,0,0,163000,0,0,0,213000,50000,163000,163000
055927,南亞科群益97購01,0,0,0,0,0,0,0,0,0,162000,0,0,0,173000,11000,162000,162000
056024,大立光群益97購05,0,0,0,0,0,0,0,0,0,162000,0,0,0,162000,0,162000,162000
057109,信邦群益98購01  ,0,0,0,0,0,0,0,0,0,162000,0,0,0,172000,10000,162000,162000
057675,同欣電元大98購02,0,0,0,0,0,0,0,0,0,162000,0,0,0,222000,60000,162000,162000
048287,嘉晶兆豐94購01  ,0,0,0,0,0,0,0,0,0,162000,0,0,0,162000,0,162000,162000
051559,宏達電國泰96購01,0,0,0,0,0,0,0,0,0,162000,0,0,0,355000,193000,162000,162000
055260,晶相光統一98購01,0,0,0,0,0,0,0,0,0,162000,0,0,0,387000,225000,162000,162000
055336,茂林兆豐98購01  ,0,0,0,0,0,0,0,0,0,162000,0,0,0,184000,22000,162000,162000
055912,宏達電凱基98購03,0,0,0,0,0,0,0,0,0,161000,0,0,0,187000,26000,161000,161000
056384,玉晶光國泰9A購02,0,0,0,0,0,0,0,0,0,161000,0,0,0,265000,104000,161000,161000
05162P,玉晶光國票96售03,0,0,0,0,0,0,0,0,0,161000,0,0,0,787000,626000,161000,161000
051522,玉晶光凱基95購05,0,0,0,0,0,0,0,0,0,161000,0,0,0,186000,25000,161000,161000
051063,台郡群益95購01  ,0,0,0,0,0,0,0,0,0,161000,0,0,0,221000,60000,161000,161000
6213,聯茂            ,964000,804193,159807,0,0,0,772000,0,772000,-771000,254000,558000,-304000,24000,491000,-467000,160807
056113,新日興兆豐98購01,0,0,0,0,0,0,0,0,0,160000,0,0,0,220000,60000,160000,160000
056949,義隆統一98購01  ,0,0,0,0,0,0,0,0,0,160000,0,0,0,160000,0,160000,160000
056922,全新兆豐99購01  ,0,0,0,0,0,0,0,0,0,160000,0,0,0,160000,0,160000,160000
051479,兆豐金凱基95購01,0,0,0,0,0,0,0,0,0,160000,0,0,0,200000,40000,160000,160000
050327,泰鼎永豐94購03  ,0,0,0,0,0,0,0,0,0,160000,0,0,0,260000,100000,160000,160000
049486,旺宏元大94購08  ,0,0,0,0,0,0,0,0,0,160000,0,0,0,160000,0,160000,160000
052098,臺股指富邦95購01,0,0,0,0,0,0,0,0,0,160000,0,0,0,160000,0,160000,160000
053681,臺股指富邦96購02,0,0,0,0,0,0,0,0,0,160000,0,0,0,160000,0,160000,160000
06338P,亞德客統一97售02,0,0,0,0,0,0,0,0,0,160000,0,0,0,286000,126000,160000,160000
06592P,欣興元大98售04  ,0,0,0,0,0,0,0,0,0,160000,0,0,0,160000,0,160000,160000
056306,晶相光元大98購01,0,0,0,0,0,0,0,0,0,159000,0,0,0,220000,61000,159000,159000
047629,深中小元大96購01,0,0,0,0,0,0,0,0,0,159000,0,0,0,169000,10000,159000,159000
053822,正文群益97購01  ,0,0,0,0,0,0,0,0,0,159000,0,0,0,159000,0,159000,159000
054771,茂林國票98購02  ,0,0,0,0,0,0,0,0,0,159000,0,0,0,159000,0,159000,159000
06507P,台表科國票99售01,0,0,0,0,0,0,0,0,0,159000,0,0,0,160000,1000,159000,159000
051488,健策凱基96購04  ,0,0,0,0,0,0,0,0,0,158000,0,0,0,388000,230000,158000,158000
049587,美律元大95購01  ,0,0,0,0,0,0,0,0,0,158000,0,0,0,158000,0,158000,158000
054663,同欣電元大97購03,0,0,0,0,0,0,0,0,0,158000,0,0,0,178000,20000,158000,158000
055538,鴻海日盛97購04  ,0,0,0,0,0,0,0,0,0,157000,0,0,0,710000,553000,157000,157000
052467,嘉聯益統一96購01,0,0,0,0,0,0,0,0,0,157000,0,0,0,182000,25000,157000,157000
055238,茂林台新97購01  ,0,0,0,0,0,0,0,0,0,157000,0,0,0,157000,0,157000,157000
05835P,臺股指元富96售07,0,0,0,0,0,0,0,0,0,157000,0,0,0,267000,110000,157000,157000
055858,聯茂元大97購03  ,0,0,0,0,0,0,0,0,0,156000,0,0,0,236000,80000,156000,156000
055970,聯茂元大97購04  ,0,0,0,0,0,0,0,0,0,156000,0,0,0,167000,11000,156000,156000
048699,嘉晶國票95購01  ,0,0,0,0,0,0,0,0,0,156000,0,0,0,171000,15000,156000,156000
047343,台達電中信95購01,0,0,0,0,0,0,0,0,0,156000,0,0,0,166000,10000,156000,156000
04500P,燿華統一94售01  ,0,0,0,0,0,0,0,0,0,156000,0,0,0,156000,0,156000,156000
04462P,全新元富96售01  ,0,0,0,0,0,0,0,0,0,156000,0,0,0,158000,2000,156000,156000
04938P,亞德客國票95售01,0,0,0,0,0,0,0,0,0,156000,0,0,0,156000,0,156000,156000
051215,大立光統一95購03,0,0,0,0,0,0,0,0,0,156000,0,0,0,501000,345000,156000,156000
052322,力成元大96購01  ,0,0,0,0,0,0,0,0,0,156000,0,0,0,238000,82000,156000,156000
054578,世芯元大99購01  ,0,0,0,0,0,0,0,0,0,156000,0,0,0,183000,27000,156000,156000
053010,鴻海統一96購11  ,0,0,0,0,0,0,0,0,0,156000,0,0,0,156000,0,156000,156000
06154P,超眾元大98售01  ,0,0,0,0,0,0,0,0,0,156000,0,0,0,168000,12000,156000,156000
06419P,國巨統一97售09  ,0,0,0,0,0,0,0,0,0,156000,0,0,0,262000,106000,156000,156000
056120,聯茂群益97購02  ,0,0,0,0,0,0,0,0,0,155000,0,0,0,166000,11000,155000,155000
056495,泰鼎國泰99購01  ,0,0,0,0,0,0,0,0,0,155000,0,0,0,205000,50000,155000,155000
048556,技嘉元大93購03  ,0,0,0,0,0,0,0,0,0,155000,0,0,0,200000,45000,155000,155000
050972,台虹永豐95購01  ,0,0,0,0,0,0,0,0,0,155000,0,0,0,155000,0,155000,155000
049477,泰鼎永豐94購01  ,0,0,0,0,0,0,0,0,0,155000,0,0,0,183000,28000,155000,155000
05102P,臺股指凱基96售09,0,0,0,0,0,0,0,0,0,155000,0,0,0,155000,0,155000,155000
052191,超眾群益96購01  ,0,0,0,0,0,0,0,0,0,155000,0,0,0,217000,62000,155000,155000
054594,國巨麥證97購01  ,0,0,0,155000,0,155000,0,0,0,155000,0,0,0,155000,0,155000,155000
006206,元大上證50      ,62000,24000,38000,0,0,0,0,0,0,116000,0,0,0,116000,0,116000,154000
056408,奇鋐國票99購01  ,0,0,0,0,0,0,0,0,0,153000,0,0,0,163000,10000,153000,153000
056089,同欣電統一98購01,0,0,0,0,0,0,0,0,0,153000,0,0,0,243000,90000,153000,153000
056209,超眾永豐97購02  ,0,0,0,0,0,0,0,0,0,153000,0,0,0,170000,17000,153000,153000
050172,臺指反元大98購02,0,0,0,0,0,0,0,0,0,153000,0,0,0,1803000,1650000,153000,153000
055200,和大群益98購01  ,0,0,0,0,0,0,0,0,0,153000,0,0,0,209000,56000,153000,153000
053192,創意統一96購01  ,0,0,0,0,0,0,0,0,0,153000,0,0,0,188000,35000,153000,153000
06182P,群創兆豐97售03  ,0,0,0,0,0,0,0,0,0,153000,0,0,0,203000,50000,153000,153000
1227,佳格            ,1315300,1112880,202420,0,0,0,0,0,0,-50000,0,50000,-50000,0,0,0,152420
052089,聯發科元大96購02,0,0,0,0,0,0,0,0,0,152000,0,0,0,152000,0,152000,152000
050467,力成中信94購01  ,0,0,0,0,0,0,0,0,0,152000,0,0,0,202000,50000,152000,152000
055150,台積電元大98購04,0,0,0,0,0,0,0,0,0,152000,0,0,0,213000,61000,152000,152000
054391,宏達電元富96購04,0,0,0,0,0,0,0,0,0,152000,0,0,0,172000,20000,152000,152000
049964,強茂元富94購01  ,0,0,0,0,0,0,0,0,0,151000,0,0,0,151000,0,151000,151000
051001,緯穎元大96購02  ,0,0,0,0,0,0,0,0,0,151000,0,0,0,151000,0,151000,151000
053127,貿聯凱基97購01  ,0,0,0,0,0,0,0,0,0,151000,0,0,0,232000,81000,151000,151000
06622P,牧德元大98售01  ,0,0,0,0,0,0,0,0,0,151000,0,0,0,206000,55000,151000,151000
056134,可成元大97購06  ,0,0,0,0,0,0,0,0,0,150000,0,0,0,232000,82000,150000,150000
056765,友達元大9B購05  ,0,0,0,0,0,0,0,0,0,150000,0,0,0,320000,170000,150000,150000
056719,台虹永豐98購01  ,0,0,0,0,0,0,0,0,0,150000,0,0,0,150000,0,150000,150000
057231,美律凱基98購05  ,0,0,0,0,0,0,0,0,0,150000,0,0,0,153000,3000,150000,150000
045288,元油2X元大95購02,0,0,0,0,0,0,0,0,0,150000,0,0,0,150000,0,150000,150000
044532,康控富邦93購01  ,0,0,0,0,0,0,0,0,0,150000,0,0,0,150000,0,150000,150000
04449P,智邦凱基94售01  ,0,0,0,0,0,0,0,0,0,150000,0,0,0,150000,0,150000,150000
044289,群創凱基93購04  ,0,0,0,0,0,0,0,0,0,150000,0,0,0,150000,0,150000,150000
042803,天鈺元大93購01  ,0,0,0,0,0,0,0,0,0,150000,0,0,0,150000,0,150000,150000
049050,崇越康和94購01  ,0,0,0,0,0,0,0,0,0,150000,0,0,0,150000,0,150000,150000
047292,台光電元富96購01,0,0,0,0,0,0,0,0,0,150000,0,0,0,160000,10000,150000,150000
048592,漢唐群益93購04  ,0,0,0,0,0,0,0,0,0,150000,0,0,0,150000,0,150000,150000
051580,宏碁元大95購02  ,0,0,0,0,0,0,0,0,0,150000,0,0,0,268000,118000,150000,150000
050902,南電元大96購01  ,0,0,0,0,0,0,0,0,0,150000,0,0,0,175000,25000,150000,150000
052174,聯發科元大95購13,0,0,0,0,0,0,0,0,0,150000,0,0,0,150000,0,150000,150000
053430,樺漢永豐96購01  ,0,0,0,0,0,0,0,0,0,150000,0,0,0,150000,0,150000,150000
053647,臺股指國票96購10,0,0,0,0,0,0,0,0,0,150000,0,0,0,150000,0,150000,150000
054023,和大康和96購01  ,0,0,0,0,0,0,0,0,0,150000,0,0,0,150000,0,150000,150000
054681,味全永豐97購01  ,0,0,0,0,0,0,0,0,0,150000,0,0,0,150000,0,150000,150000
054712,上証2X中信98購02,0,0,0,0,0,0,0,0,0,150000,0,0,0,160000,10000,150000,150000
06271P,彩晶凱基97售01  ,0,0,0,0,0,0,0,0,0,150000,0,0,0,150000,0,150000,150000
05974P,國巨富邦97售03  ,0,0,0,0,0,0,0,0,0,150000,0,0,0,290000,140000,150000,150000
049901,瑞昱元富94購01  ,0,0,0,0,0,0,0,0,0,149000,0,0,0,149000,0,149000,149000
051843,聯發科富邦99購01,0,0,0,0,0,0,0,0,0,149000,0,0,0,265000,116000,149000,149000
052341,泰鼎凱基96購02  ,0,0,0,0,0,0,0,0,0,149000,0,0,0,162000,13000,149000,149000
054896,聯茂日盛97購01  ,0,0,0,0,0,0,0,0,0,149000,0,0,0,577000,428000,149000,149000
055299,康友元大97購02  ,0,0,0,0,0,0,0,0,0,149000,0,0,0,149000,0,149000,149000
055307,瑞昱群益97購02  ,0,0,0,0,0,0,0,0,0,149000,0,0,0,178000,29000,149000,149000
054113,奇力新台新97購01,0,0,0,0,0,0,0,0,0,149000,0,0,0,150000,1000,149000,149000
05815P,台積電凱基97售06,0,0,0,0,0,0,0,0,0,149000,0,0,0,475000,326000,149000,149000
057341,技嘉台新98購01  ,0,0,0,0,0,0,0,0,0,148000,0,0,0,148000,0,148000,148000
05556P,全新國票96售04  ,0,0,0,0,0,0,0,0,0,148000,0,0,0,148000,0,148000,148000
055601,茂林元大97購03  ,0,0,0,0,0,0,0,0,0,148000,0,0,0,162000,14000,148000,148000
052514,嘉澤凱基96購01  ,0,0,0,0,0,0,0,0,0,148000,0,0,0,158000,10000,148000,148000
05037P,華新科元大95售09,0,0,0,0,0,0,0,0,0,148000,0,0,0,218000,70000,148000,148000
050974,大成鋼統一95購01,0,0,0,0,0,0,0,0,0,148000,0,0,0,345000,197000,148000,148000
050742,新日興永豐94購01,0,0,0,0,0,0,0,0,0,148000,0,0,0,149000,1000,148000,148000
054153,宏達電國泰97購01,0,0,0,0,0,0,0,0,0,148000,0,0,0,361000,213000,148000,148000
05493P,華新科富邦99售02,0,0,0,0,0,0,0,0,0,148000,0,0,0,196000,48000,148000,148000
054432,台積電台新96購05,0,0,0,0,0,0,0,0,0,148000,0,0,0,238000,90000,148000,148000
06855P,聯發科富邦9A售01,0,0,0,0,0,0,0,0,0,148000,0,0,0,415000,267000,148000,148000
056681,鴻海統一98購09  ,0,0,0,0,0,0,0,0,0,147000,0,0,0,151000,4000,147000,147000
052367,聯茂國票96購02  ,0,0,0,0,0,0,0,0,0,147000,0,0,0,168000,21000,147000,147000
054641,祥碩中信98購01  ,0,0,0,0,0,0,0,0,0,147000,0,0,0,162000,15000,147000,147000
06906P,國巨國泰99售01  ,0,0,0,0,0,0,0,0,0,147000,0,0,0,222000,75000,147000,147000
06378P,國巨統一97售08  ,0,0,0,0,0,0,0,0,0,147000,0,0,0,319000,172000,147000,147000
055765,臺股指群益97購03,0,0,0,0,0,0,0,0,0,146000,0,0,0,146000,0,146000,146000
048860,玉晶光群益96購03,0,0,0,0,0,0,0,0,0,146000,0,0,0,170000,24000,146000,146000
03418B,臺股指元大95熊20,0,0,0,0,0,0,0,0,0,146000,0,0,0,181000,35000,146000,146000
055985,聯鈞元富97購01  ,0,0,0,0,0,0,0,0,0,145000,0,0,0,163000,18000,145000,145000
04828P,聯發科凱基94售15,0,0,0,0,0,0,0,0,0,145000,0,0,0,153000,8000,145000,145000
045807,上緯控國票93購01,0,0,0,0,0,0,0,0,0,145000,0,0,0,150000,5000,145000,145000
048618,超眾凱基93購08  ,0,0,0,0,0,0,0,0,0,145000,0,0,0,145000,0,145000,145000
050514,聯電元大94購01  ,0,0,0,0,0,0,0,0,0,145000,0,0,0,146000,1000,145000,145000
054352,世芯國泰98購01  ,0,0,0,0,0,0,0,0,0,145000,0,0,0,174000,29000,145000,145000
053753,啟碁永豐96購01  ,0,0,0,0,0,0,0,0,0,145000,0,0,0,145000,0,145000,145000
057141,嘉聯益兆豐99購01,0,0,0,0,0,0,0,0,0,144000,0,0,0,150000,6000,144000,144000
04744P,臻鼎元富94售04  ,0,0,0,0,0,0,0,0,0,144000,0,0,0,198000,54000,144000,144000
050484,世紀鋼國票95購02,0,0,0,0,0,0,0,0,0,144000,0,0,0,194000,50000,144000,144000
05055P,台表科群益95售01,0,0,0,0,0,0,0,0,0,144000,0,0,0,155000,11000,144000,144000
053632,新唐兆豐96購01  ,0,0,0,0,0,0,0,0,0,144000,0,0,0,194000,50000,144000,144000
054913,億光凱基97購01  ,0,0,0,0,0,0,0,0,0,144000,0,0,0,144000,0,144000,144000
056962,技嘉永豐98購01  ,0,0,0,0,0,0,0,0,0,143000,0,0,0,169000,26000,143000,143000
057526,智邦元大98購10  ,0,0,0,0,0,0,0,0,0,143000,0,0,0,161000,18000,143000,143000
052327,聯詠中信95購03  ,0,0,0,0,0,0,0,0,0,143000,0,0,0,293000,150000,143000,143000
055287,日電貿元大97購01,0,0,0,0,0,0,0,0,0,143000,0,0,0,186000,43000,143000,143000
053611,聯茂麥證96購01  ,0,0,0,173000,30000,143000,0,0,0,143000,0,0,0,173000,30000,143000,143000
052851,滬深2X元富96購02,0,0,0,0,0,0,0,0,0,143000,0,0,0,217000,74000,143000,143000
052955,國巨日盛96購01  ,0,0,0,0,0,0,0,0,0,143000,0,0,0,168000,25000,143000,143000
06104P,大立光凱基97售04,0,0,0,0,0,0,0,0,0,142000,0,0,0,150000,8000,142000,142000
056713,華擎永豐98購01  ,0,0,0,0,0,0,0,0,0,141000,0,0,0,171000,30000,141000,141000
056545,TPK凱基98購02   ,0,0,0,0,0,0,0,0,0,141000,0,0,0,239000,98000,141000,141000
056446,聯發科凱基98購08,0,0,0,0,0,0,0,0,0,141000,0,0,0,291000,150000,141000,141000
049205,聯發科群益94購05,0,0,0,0,0,0,0,0,0,141000,0,0,0,141000,0,141000,141000
049820,世紀鋼元大96購03,0,0,0,0,0,0,0,0,0,141000,0,0,0,171000,30000,141000,141000
054621,華新科兆豐98購01,0,0,0,0,0,0,0,0,0,141000,0,0,0,640000,499000,141000,141000
054767,日電貿國票98購01,0,0,0,0,0,0,0,0,0,141000,0,0,0,189000,48000,141000,141000
056753,群創兆豐98購02  ,0,0,0,0,0,0,0,0,0,140000,0,0,0,140000,0,140000,140000
057002,友達國票98購01  ,0,0,0,0,0,0,0,0,0,140000,0,0,0,160000,20000,140000,140000
057024,義隆凱基99購01  ,0,0,0,0,0,0,0,0,0,140000,0,0,0,140000,0,140000,140000
04854P,鴻海國泰96售04  ,0,0,0,0,0,0,0,0,0,140000,0,0,0,140000,0,140000,140000
04454P,大立光富邦98售02,0,0,0,0,0,0,0,0,0,140000,0,0,0,143000,3000,140000,140000
049830,智易凱基94購02  ,0,0,0,0,0,0,0,0,0,140000,0,0,0,140000,0,140000,140000
049341,旺宏統一95購01  ,0,0,0,0,0,0,0,0,0,140000,0,0,0,204000,64000,140000,140000
050442,復盛凱基94購01  ,0,0,0,0,0,0,0,0,0,140000,0,0,0,160000,20000,140000,140000
052307,潤泰全國泰96購01,0,0,0,0,0,0,0,0,0,140000,0,0,0,165000,25000,140000,140000
055388,華通統一97購03  ,0,0,0,0,0,0,0,0,0,140000,0,0,0,188000,48000,140000,140000
053749,揚明光永豐97購01,0,0,0,0,0,0,0,0,0,140000,0,0,0,150000,10000,140000,140000
06074P,台積電凱基98售04,0,0,0,0,0,0,0,0,0,140000,0,0,0,140000,0,140000,140000
057523,大成鋼元大99購01,0,0,0,0,0,0,0,0,0,139000,0,0,0,288000,149000,139000,139000
057308,同欣電兆豐99購01,0,0,0,0,0,0,0,0,0,139000,0,0,0,219000,80000,139000,139000
057847,聯茂永豐98購01  ,0,0,0,0,0,0,0,0,0,139000,0,0,0,168000,29000,139000,139000
056315,同欣電元大97購05,0,0,0,0,0,0,0,0,0,139000,0,0,0,304000,165000,139000,139000
055790,南電凱基97購01  ,0,0,0,0,0,0,0,0,0,139000,0,0,0,144000,5000,139000,139000
049316,茂林凱基94購02  ,0,0,0,0,0,0,0,0,0,139000,0,0,0,140000,1000,139000,139000
056870,全新日盛9A購01  ,0,0,0,0,0,0,0,0,0,138000,0,0,0,148000,10000,138000,138000
04080P,可成元大93售11  ,0,0,0,0,0,0,0,0,0,138000,0,0,0,138000,0,138000,138000
051485,玉晶光凱基97購02,0,0,0,0,0,0,0,0,0,138000,0,0,0,227000,89000,138000,138000
048848,滬深2X群益98購02,0,0,0,0,0,0,0,0,0,138000,0,0,0,243000,105000,138000,138000
05420P,大立光國泰97售03,0,0,0,0,0,0,0,0,0,138000,0,0,0,195000,57000,138000,138000
053069,同欣電群益98購01,0,0,0,0,0,0,0,0,0,138000,0,0,0,441000,303000,138000,138000
054666,強茂元富97購01  ,0,0,0,0,0,0,0,0,0,138000,0,0,0,148000,10000,138000,138000
057886,聯詠群益98購01  ,0,0,0,0,0,0,0,0,0,138000,0,0,0,175000,37000,138000,138000
056951,牧德統一99購01  ,0,0,0,0,0,0,0,0,0,137000,0,0,0,147000,10000,137000,137000
056154,宏達電凱基97購03,0,0,0,0,0,0,0,0,0,137000,0,0,0,206000,69000,137000,137000
056179,康友元富97購02  ,0,0,0,0,0,0,0,0,0,137000,0,0,0,137000,0,137000,137000
046602,新日興群益94購01,0,0,0,0,0,0,0,0,0,137000,0,0,0,149000,12000,137000,137000
00693U,街口S&P黃豆     ,0,0,0,0,0,0,0,0,0,137000,0,0,0,237000,100000,137000,137000
04383P,泰鼎國泰95售01  ,0,0,0,0,0,0,0,0,0,137000,0,0,0,187000,50000,137000,137000
04475P,欣興元大94售03  ,0,0,0,0,0,0,0,0,0,137000,0,0,0,137000,0,137000,137000
050199,南電元大94購09  ,0,0,0,0,0,0,0,0,0,137000,0,0,0,258000,121000,137000,137000
052670,茂林群益96購02  ,0,0,0,0,0,0,0,0,0,137000,0,0,0,165000,28000,137000,137000
055076,福懋科永豐97購01,0,0,0,0,0,0,0,0,0,137000,0,0,0,233000,96000,137000,137000
06847P,奇力新元大98售05,0,0,0,0,0,0,0,0,0,137000,0,0,0,147000,10000,137000,137000
06695P,群創兆豐98售04  ,0,0,0,0,0,0,0,0,0,137000,0,0,0,227000,90000,137000,137000
056558,台達電群益98購01,0,0,0,0,0,0,0,0,0,136000,0,0,0,136000,0,136000,136000
055610,光磊國票98購01  ,0,0,0,0,0,0,0,0,0,136000,0,0,0,136000,0,136000,136000
046685,世紀鋼群益93購02,0,0,0,0,0,0,0,0,0,136000,0,0,0,321000,185000,136000,136000
050808,台達電凱基96購02,0,0,0,0,0,0,0,0,0,136000,0,0,0,146000,10000,136000,136000
051042,中磊永豐95購01  ,0,0,0,0,0,0,0,0,0,136000,0,0,0,136000,0,136000,136000
049309,台達電凱基94購05,0,0,0,0,0,0,0,0,0,136000,0,0,0,136000,0,136000,136000
05068P,鴻海統一95售06  ,0,0,0,0,0,0,0,0,0,136000,0,0,0,136000,0,136000,136000
055300,緯穎元大98購01  ,0,0,0,0,0,0,0,0,0,136000,0,0,0,365000,229000,136000,136000
054503,京鼎永豐96購04  ,0,0,0,0,0,0,0,0,0,136000,0,0,0,136000,0,136000,136000
04861P,中磊群益94售02  ,0,0,0,0,0,0,0,0,0,135000,0,0,0,181000,46000,135000,135000
045522,滬深2X永豐94購01,0,0,0,0,0,0,0,0,0,135000,0,0,0,168000,33000,135000,135000
045449,嘉聯益國泰94購01,0,0,0,0,0,0,0,0,0,135000,0,0,0,135000,0,135000,135000
052260,為升富邦97購02  ,0,0,0,0,0,0,0,0,0,135000,0,0,0,175000,40000,135000,135000
050372,全新元大96購03  ,0,0,0,0,0,0,0,0,0,135000,0,0,0,245000,110000,135000,135000
06395P,台積電元大97售29,0,0,0,0,0,0,0,0,0,135000,0,0,0,225000,90000,135000,135000
047783,聯茂國泰94購02  ,0,0,0,0,0,0,0,0,0,134000,0,0,0,185000,51000,134000,134000
054701,宏全永豐97購01  ,0,0,0,0,0,0,0,0,0,134000,0,0,0,134000,0,134000,134000
052935,康友元大96購03  ,0,0,0,0,0,0,0,0,0,134000,0,0,0,167000,33000,134000,134000
054101,茂林國票97購04  ,0,0,0,0,0,0,0,0,0,134000,0,0,0,153000,19000,134000,134000
056361,美律元大99購02  ,0,0,0,0,0,0,0,0,0,133000,0,0,0,328000,195000,133000,133000
057105,致茂群益9A購01  ,0,0,0,0,0,0,0,0,0,133000,0,0,0,250000,117000,133000,133000
057806,國巨元大98購20  ,0,0,0,0,0,0,0,0,0,133000,0,0,0,623000,490000,133000,133000
04731P,臺股指中信96售03,0,0,0,0,0,0,0,0,0,133000,0,0,0,188000,55000,133000,133000
052601,大成鋼元大96購01,0,0,0,0,0,0,0,0,0,133000,0,0,0,231000,98000,133000,133000
05331P,上証2X國票96售01,0,0,0,0,0,0,0,0,0,133000,0,0,0,153000,20000,133000,133000
054426,國泰金富邦97購02,0,0,0,0,0,0,0,0,0,133000,0,0,0,133000,0,133000,133000
055439,台表科國票98購02,0,0,0,0,0,0,0,0,0,133000,0,0,0,133000,0,133000,133000
057486,美律元大98購04  ,0,0,0,0,0,0,0,0,0,132000,0,0,0,132000,0,132000,132000
05628P,茂林國票97售02  ,0,0,0,0,0,0,0,0,0,132000,0,0,0,202000,70000,132000,132000
055841,南亞科元大97購04,0,0,0,0,0,0,0,0,0,132000,0,0,0,207000,75000,132000,132000
055876,美食元富9A購01  ,0,0,0,0,0,0,0,0,0,132000,0,0,0,132000,0,132000,132000
052452,茂林元大95購03  ,0,0,0,0,0,0,0,0,0,132000,0,0,0,162000,30000,132000,132000
055206,台虹中信97購01  ,0,0,0,0,0,0,0,0,0,132000,0,0,0,420000,288000,132000,132000
053283,同欣電元大96購03,0,0,0,0,0,0,0,0,0,132000,0,0,0,278000,146000,132000,132000
053215,禾伸堂凱基96購01,0,0,0,0,0,0,0,0,0,132000,0,0,0,232000,100000,132000,132000
05617P,大立光統一97售02,0,0,0,0,0,0,0,0,0,131000,0,0,0,131000,0,131000,131000
046771,聯發科國泰94購02,0,0,0,0,0,0,0,0,0,131000,0,0,0,162000,31000,131000,131000
049145,南亞科元大94購01,0,0,0,0,0,0,0,0,0,131000,0,0,0,131000,0,131000,131000
050671,超眾永豐94購04  ,0,0,0,0,0,0,0,0,0,131000,0,0,0,132000,1000,131000,131000
049294,南亞科群益94購01,0,0,0,0,0,0,0,0,0,131000,0,0,0,221000,90000,131000,131000
056281,深中小永豐97購01,0,0,0,0,0,0,0,0,0,130000,0,0,0,130000,0,130000,130000
056418,台光電元富98購01,0,0,0,0,0,0,0,0,0,130000,0,0,0,130000,0,130000,130000
055520,矽力中信97購02  ,0,0,0,0,0,0,0,0,0,130000,0,0,0,243000,113000,130000,130000
055760,新日興群益98購02,0,0,0,0,0,0,0,0,0,130000,0,0,0,162000,32000,130000,130000
056933,國巨元富98購03  ,0,0,0,0,0,0,0,0,0,130000,0,0,0,249000,119000,130000,130000
03438P,群創群益98售03  ,0,0,0,0,0,0,0,0,0,130000,0,0,0,160000,30000,130000,130000
03861P,群創元富99售01  ,0,0,0,0,0,0,0,0,0,130000,0,0,0,130000,0,130000,130000
04131P,裕隆群益93售01  ,0,0,0,0,0,0,0,0,0,130000,0,0,0,130000,0,130000,130000
050569,英業達中信94購01,0,0,0,0,0,0,0,0,0,130000,0,0,0,130000,0,130000,130000
050603,致新國泰96購01  ,0,0,0,0,0,0,0,0,0,130000,0,0,0,160000,30000,130000,130000
050343,鴻海元富94購01  ,0,0,0,0,0,0,0,0,0,130000,0,0,0,221000,91000,130000,130000
052541,大立光統一95購06,0,0,0,0,0,0,0,0,0,130000,0,0,0,142000,12000,130000,130000
052561,矽創國票97購01  ,0,0,0,0,0,0,0,0,0,130000,0,0,0,130000,0,130000,130000
051227,技嘉群益97購01  ,0,0,0,0,0,0,0,0,0,130000,0,0,0,341000,211000,130000,130000
050779,超眾元大96購03  ,0,0,0,0,0,0,0,0,0,130000,0,0,0,188000,58000,130000,130000
051334,宏達電永豐95購01,0,0,0,0,0,0,0,0,0,130000,0,0,0,288000,158000,130000,130000
053416,光磊台新97購01  ,0,0,0,0,0,0,0,0,0,130000,0,0,0,141000,11000,130000,130000
052939,富邦金兆豐96購01,0,0,0,0,0,0,0,0,0,130000,0,0,0,150000,20000,130000,130000
054446,美食兆豐97購01  ,0,0,0,0,0,0,0,0,0,130000,0,0,0,130000,0,130000,130000
054722,傳奇永豐97購01  ,0,0,0,0,0,0,0,0,0,130000,0,0,0,235000,105000,130000,130000
055660,台光電兆豐97購01,0,0,0,0,0,0,0,0,0,129000,0,0,0,200000,71000,129000,129000
055606,矽創元大97購01  ,0,0,0,0,0,0,0,0,0,129000,0,0,0,129000,0,129000,129000
055922,台郡凱基98購03  ,0,0,0,0,0,0,0,0,0,129000,0,0,0,239000,110000,129000,129000
055956,瑞昱元大97購05  ,0,0,0,0,0,0,0,0,0,129000,0,0,0,229000,100000,129000,129000
049386,嘉聯益元大95購01,0,0,0,0,0,0,0,0,0,129000,0,0,0,154000,25000,129000,129000
054363,世芯凱基97購01  ,0,0,0,0,0,0,0,0,0,129000,0,0,0,144000,15000,129000,129000
05332P,臺股指國票95售01,0,0,0,0,0,0,0,0,0,129000,0,0,0,129000,0,129000,129000
06490P,鴻海富邦99售02  ,0,0,0,0,0,0,0,0,0,129000,0,0,0,129000,0,129000,129000
055490,台光電元大97購01,0,0,0,0,0,0,0,0,0,128000,0,0,0,128000,0,128000,128000
056717,康友永豐98購01  ,0,0,0,0,0,0,0,0,0,128000,0,0,0,130000,2000,128000,128000
057711,台積電統一9A購03,0,0,0,0,0,0,0,0,0,128000,0,0,0,138000,10000,128000,128000
03253P,台灣50國泰03售02,0,0,0,0,0,0,0,0,0,128000,0,0,0,368000,240000,128000,128000
048992,昇陽半元大94購02,0,0,0,0,0,0,0,0,0,128000,0,0,0,128000,0,128000,128000
048059,欣興國泰95購01  ,0,0,0,0,0,0,0,0,0,128000,0,0,0,371000,243000,128000,128000
046528,聯詠中信94購01  ,0,0,0,0,0,0,0,0,0,128000,0,0,0,138000,10000,128000,128000
053228,康友台新97購01  ,0,0,0,0,0,0,0,0,0,128000,0,0,0,158000,30000,128000,128000
053304,可成凱基96購03  ,0,0,0,0,0,0,0,0,0,128000,0,0,0,264000,136000,128000,128000
054148,矽創元大96購03  ,0,0,0,0,0,0,0,0,0,128000,0,0,0,128000,0,128000,128000
054665,華通元富97購02  ,0,0,0,0,0,0,0,0,0,128000,0,0,0,186000,58000,128000,128000
054628,可成凱基98購01  ,0,0,0,0,0,0,0,0,0,128000,0,0,0,142000,14000,128000,128000
05507P,聯茂凱基96售02  ,0,0,0,0,0,0,0,0,0,128000,0,0,0,325000,197000,128000,128000
055421,玉晶光永豐98購04,0,0,0,0,0,0,0,0,0,128000,0,0,0,466000,338000,128000,128000
055258,玉晶光統一97購03,0,0,0,0,0,0,0,0,0,128000,0,0,0,312000,184000,128000,128000
06877P,台積電兆豐98售04,0,0,0,0,0,0,0,0,0,128000,0,0,0,315000,187000,128000,128000
057890,滬深反統一98購01,0,0,0,0,0,0,0,0,0,128000,0,0,0,242000,114000,128000,128000
057565,可成富邦99購01  ,0,0,0,0,0,0,0,0,0,127000,0,0,0,247000,120000,127000,127000
057266,TPK兆豐98購02   ,0,0,0,0,0,0,0,0,0,127000,0,0,0,152000,25000,127000,127000
057261,瑞昱兆豐98購01  ,0,0,0,0,0,0,0,0,0,127000,0,0,0,338000,211000,127000,127000
056233,超眾凱基97購02  ,0,0,0,0,0,0,0,0,0,127000,0,0,0,128000,1000,127000,127000
051214,大立光統一95購02,0,0,0,0,0,0,0,0,0,127000,0,0,0,165000,38000,127000,127000
052764,景碩群益98購01  ,0,0,0,0,0,0,0,0,0,127000,0,0,0,127000,0,127000,127000
050357,南電群益94購02  ,0,0,0,0,0,0,0,0,0,127000,0,0,0,127000,0,127000,127000
050223,聯茂元富94購02  ,0,0,0,0,0,0,0,0,0,127000,0,0,0,237000,110000,127000,127000
054419,嘉聯益元大98購02,0,0,0,0,0,0,0,0,0,127000,0,0,0,237000,110000,127000,127000
053823,茂林群益96購06  ,0,0,0,0,0,0,0,0,0,127000,0,0,0,171000,44000,127000,127000
053670,台積電統一96購09,0,0,0,0,0,0,0,0,0,127000,0,0,0,235000,108000,127000,127000
053535,宏達電永豐96購02,0,0,0,0,0,0,0,0,0,127000,0,0,0,230000,103000,127000,127000
056231,嘉聯益凱基97購02,0,0,0,0,0,0,0,0,0,126000,0,0,0,167000,41000,126000,126000
057542,上銀凱基99購01  ,0,0,0,0,0,0,0,0,0,126000,0,0,0,148000,22000,126000,126000
057656,大成鋼兆豐98購01,0,0,0,0,0,0,0,0,0,126000,0,0,0,164000,38000,126000,126000
057781,國巨國票99購04  ,0,0,0,0,0,0,0,0,0,126000,0,0,0,171000,45000,126000,126000
04792P,智邦元大94售06  ,0,0,0,0,0,0,0,0,0,126000,0,0,0,179000,53000,126000,126000
048602,上緯控國票96購01,0,0,0,0,0,0,0,0,0,126000,0,0,0,127000,1000,126000,126000
049866,景碩兆豐94購01  ,0,0,0,0,0,0,0,0,0,126000,0,0,0,146000,20000,126000,126000
051774,聯茂中信96購01  ,0,0,0,0,0,0,0,0,0,126000,0,0,0,341000,215000,126000,126000
053017,世紀鋼統一96購02,0,0,0,0,0,0,0,0,0,126000,0,0,0,130000,4000,126000,126000
05914P,友達元大96售04  ,0,0,0,0,0,0,0,0,0,126000,0,0,0,245000,119000,126000,126000
057269,鈺齊兆豐98購01  ,0,0,0,0,0,0,0,0,0,125000,0,0,0,170000,45000,125000,125000
057045,美律元大99購04  ,0,0,0,0,0,0,0,0,0,125000,0,0,0,127000,2000,125000,125000
056273,祥碩統一97購02  ,0,0,0,0,0,0,0,0,0,125000,0,0,0,135000,10000,125000,125000
055492,華新科元大97購08,0,0,0,0,0,0,0,0,0,125000,0,0,0,558000,433000,125000,125000
048616,智伸科凱基93購07,0,0,0,0,0,0,0,0,0,125000,0,0,0,125000,0,125000,125000
048521,華通統一93購05  ,0,0,0,0,0,0,0,0,0,125000,0,0,0,125000,0,125000,125000
04605P,台積電兆豐94售03,0,0,0,0,0,0,0,0,0,125000,0,0,0,225000,100000,125000,125000
052928,美律元大98購01  ,0,0,0,0,0,0,0,0,0,125000,0,0,0,212000,87000,125000,125000
053200,華邦電日盛96購01,0,0,0,0,0,0,0,0,0,125000,0,0,0,125000,0,125000,125000
057471,昇陽半永豐98購02,0,0,0,0,0,0,0,0,0,124000,0,0,0,166000,42000,124000,124000
050850,訊連國票96購01  ,0,0,0,0,0,0,0,0,0,124000,0,0,0,144000,20000,124000,124000
051684,瑞昱凱基95購02  ,0,0,0,0,0,0,0,0,0,124000,0,0,0,184000,60000,124000,124000
049681,旺宏統一94購04  ,0,0,0,0,0,0,0,0,0,124000,0,0,0,300000,176000,124000,124000
052680,T50反1元大96購04,0,0,0,0,0,0,0,0,0,124000,0,0,0,210000,86000,124000,124000
052334,大成鋼日盛95購01,0,0,0,0,0,0,0,0,0,124000,0,0,0,124000,0,124000,124000
051311,瑞昱麥證95購01  ,0,0,0,246000,110000,136000,0,0,0,124000,0,0,0,246000,122000,124000,124000
052957,T50反1凱基99購01,0,0,0,0,0,0,0,0,0,124000,0,0,0,124000,0,124000,124000
054928,帆宣凱基98購01  ,0,0,0,0,0,0,0,0,0,124000,0,0,0,124000,0,124000,124000
06458P,玉晶光統一9A售02,0,0,0,0,0,0,0,0,0,124000,0,0,0,274000,150000,124000,124000
1732,毛寶            ,350000,225000,125000,0,0,0,0,0,0,-1000,0,1000,-1000,0,0,0,124000
057198,智伸科統一9B購01,0,0,0,0,0,0,0,0,0,123000,0,0,0,188000,65000,123000,123000
056739,美律凱基98購04  ,0,0,0,0,0,0,0,0,0,123000,0,0,0,280000,157000,123000,123000
056909,嘉聯益元大99購03,0,0,0,0,0,0,0,0,0,123000,0,0,0,158000,35000,123000,123000
055576,嘉晶統一98購01  ,0,0,0,0,0,0,0,0,0,123000,0,0,0,123000,0,123000,123000
055547,台積電凱基97購13,0,0,0,0,0,0,0,0,0,123000,0,0,0,123000,0,123000,123000
047074,大立光兆豐94購02,0,0,0,0,0,0,0,0,0,123000,0,0,0,323000,200000,123000,123000
03420B,臺股指元大95熊31,0,0,0,0,0,0,0,0,0,123000,0,0,0,231000,108000,123000,123000
052313,聯電元大98購01  ,0,0,0,0,0,0,0,0,0,123000,0,0,0,138000,15000,123000,123000
052595,奇力新群益96購01,0,0,0,0,0,0,0,0,0,123000,0,0,0,321000,198000,123000,123000
050705,南電凱基96購01  ,0,0,0,0,0,0,0,0,0,123000,0,0,0,165000,42000,123000,123000
05525P,奇力新群益96售02,0,0,0,0,0,0,0,0,0,123000,0,0,0,189000,66000,123000,123000
057241,超眾凱基99購02  ,0,0,0,0,0,0,0,0,0,122000,0,0,0,147000,25000,122000,122000
057434,國巨國票99購03  ,0,0,0,0,0,0,0,0,0,122000,0,0,0,213000,91000,122000,122000
049024,玉晶光群益97購01,0,0,0,0,0,0,0,0,0,122000,0,0,0,170000,48000,122000,122000
042793,台積電台新9C購01,0,0,0,0,0,0,0,0,0,122000,0,0,0,133000,11000,122000,122000
047058,聯茂國票94購01  ,0,0,0,0,0,0,0,0,0,122000,0,0,0,163000,41000,122000,122000
04850P,全新永豐94售03  ,0,0,0,0,0,0,0,0,0,122000,0,0,0,134000,12000,122000,122000
048856,高鐵群益94購01  ,0,0,0,0,0,0,0,0,0,122000,0,0,0,122000,0,122000,122000
050522,聯發科元大95購03,0,0,0,0,0,0,0,0,0,122000,0,0,0,556000,434000,122000,122000
049817,南電元大94購07  ,0,0,0,0,0,0,0,0,0,122000,0,0,0,132000,10000,122000,122000
054381,世芯群益98購01  ,0,0,0,0,0,0,0,0,0,122000,0,0,0,298000,176000,122000,122000
053199,旺宏日盛96購01  ,0,0,0,0,0,0,0,0,0,122000,0,0,0,132000,10000,122000,122000
053861,台光電元大98購01,0,0,0,0,0,0,0,0,0,122000,0,0,0,171000,49000,122000,122000
054071,泰鼎國泰97購02  ,0,0,0,0,0,0,0,0,0,122000,0,0,0,150000,28000,122000,122000
057393,台積電中信02購01,0,0,0,0,0,0,0,0,0,121000,0,0,0,126000,5000,121000,121000
057289,力成元大98購03  ,0,0,0,0,0,0,0,0,0,121000,0,0,0,121000,0,121000,121000
056085,聯發科統一97購01,0,0,0,0,0,0,0,0,0,121000,0,0,0,121000,0,121000,121000
056511,超眾永豐98購01  ,0,0,0,0,0,0,0,0,0,121000,0,0,0,142000,21000,121000,121000
051482,玉晶光凱基96購01,0,0,0,0,0,0,0,0,0,121000,0,0,0,210000,89000,121000,121000
03415B,臺股指元大93熊49,0,0,0,0,0,0,0,0,0,121000,0,0,0,181000,60000,121000,121000
050698,明泰凱基96購01  ,0,0,0,0,0,0,0,0,0,121000,0,0,0,121000,0,121000,121000
051748,超眾國泰96購01  ,0,0,0,0,0,0,0,0,0,121000,0,0,0,155000,34000,121000,121000
052024,臺股指永豐95購04,0,0,0,0,0,0,0,0,0,121000,0,0,0,266000,145000,121000,121000
053143,昇陽半永豐96購03,0,0,0,0,0,0,0,0,0,121000,0,0,0,121000,0,121000,121000
05447P,臺股指元大95售24,0,0,0,0,0,0,0,0,0,121000,0,0,0,140000,19000,121000,121000
054340,大成鋼元富96購01,0,0,0,0,0,0,0,0,0,121000,0,0,0,161000,40000,121000,121000
4766,南寶            ,168000,47000,121000,0,0,0,0,0,0,0,0,0,0,0,0,0,121000
056216,智原第一97購01  ,0,0,0,0,0,0,0,0,0,120000,0,0,0,120000,0,120000,120000
056129,義隆麥證97購01  ,0,0,0,130000,10000,120000,0,0,0,120000,0,0,0,130000,10000,120000,120000
055942,臺股指群益9C購01,0,0,0,0,0,0,0,0,0,120000,0,0,0,120000,0,120000,120000
057117,開發金日盛9B購01,0,0,0,0,0,0,0,0,0,120000,0,0,0,120000,0,120000,120000
057631,康控永豐98購02  ,0,0,0,0,0,0,0,0,0,120000,0,0,0,120000,0,120000,120000
057735,台灣50富邦9C購02,0,0,0,0,0,0,0,0,0,120000,0,0,0,189000,69000,120000,120000
057687,中502X凱基98購01,0,0,0,0,0,0,0,0,0,120000,0,0,0,240000,120000,120000,120000
044705,群創元大93購03  ,0,0,0,0,0,0,0,0,0,120000,0,0,0,171000,51000,120000,120000
044961,聯電中信94購01  ,0,0,0,0,0,0,0,0,0,120000,0,0,0,140000,20000,120000,120000
048351,旺宏台新94購02  ,0,0,0,0,0,0,0,0,0,120000,0,0,0,120000,0,120000,120000
051511,鈺齊中信97購01  ,0,0,0,0,0,0,0,0,0,120000,0,0,0,120000,0,120000,120000
048880,昇陽半國票94購01,0,0,0,0,0,0,0,0,0,120000,0,0,0,120000,0,120000,120000
052067,中磊兆豐96購01  ,0,0,0,0,0,0,0,0,0,120000,0,0,0,170000,50000,120000,120000
051772,玉山金中信95購01,0,0,0,0,0,0,0,0,0,120000,0,0,0,140000,20000,120000,120000
049111,元油2X統一94購03,0,0,0,0,0,0,0,0,0,120000,0,0,0,120000,0,120000,120000
050164,揚明光國泰95購01,0,0,0,0,0,0,0,0,0,120000,0,0,0,120000,0,120000,120000
052107,台積電統一95購06,0,0,0,0,0,0,0,0,0,120000,0,0,0,168000,48000,120000,120000
050437,聯詠凱基94購04  ,0,0,0,0,0,0,0,0,0,120000,0,0,0,120000,0,120000,120000
052442,中環元大95購02  ,0,0,0,0,0,0,0,0,0,120000,0,0,0,120000,0,120000,120000
05073P,臺股指中信95售09,0,0,0,0,0,0,0,0,0,120000,0,0,0,150000,30000,120000,120000
050970,康舒永豐95購01  ,0,0,0,0,0,0,0,0,0,120000,0,0,0,188000,68000,120000,120000
051394,奇鋐兆豐95購01  ,0,0,0,0,0,0,0,0,0,120000,0,0,0,160000,40000,120000,120000
05446P,緯穎元大95售04  ,0,0,0,0,0,0,0,0,0,120000,0,0,0,130000,10000,120000,120000
054565,玉晶光群益99購02,0,0,0,0,0,0,0,0,0,120000,0,0,0,160000,40000,120000,120000
053409,和碩兆豐96購02  ,0,0,0,0,0,0,0,0,0,120000,0,0,0,196000,76000,120000,120000
054131,南亞科元大96購04,0,0,0,0,0,0,0,0,0,120000,0,0,0,131000,11000,120000,120000
05363P,臺股指富邦95售03,0,0,0,0,0,0,0,0,0,120000,0,0,0,180000,60000,120000,120000
08663P,台灣50元大96售01,0,0,0,0,0,0,0,0,0,120000,0,0,0,120000,0,120000,120000
057704,台虹群益98購03  ,0,0,0,0,0,0,0,0,0,119000,0,0,0,232000,113000,119000,119000
057038,元油2X元大9B購06,0,0,0,0,0,0,0,0,0,119000,0,0,0,122000,3000,119000,119000
056947,國巨統一9A購01  ,0,0,0,0,0,0,0,0,0,119000,0,0,0,149000,30000,119000,119000
056940,嘉聯益元富98購01,0,0,0,0,0,0,0,0,0,119000,0,0,0,131000,12000,119000,119000
05672P,鴻海群益96售03  ,0,0,0,0,0,0,0,0,0,119000,0,0,0,154000,35000,119000,119000
055574,美律統一97購01  ,0,0,0,0,0,0,0,0,0,119000,0,0,0,119000,0,119000,119000
05638P,國巨統一96售04  ,0,0,0,0,0,0,0,0,0,119000,0,0,0,3753000,3634000,119000,119000
048818,台達電凱基94購01,0,0,0,0,0,0,0,0,0,119000,0,0,0,119000,0,119000,119000
045537,華新群益94購01  ,0,0,0,0,0,0,0,0,0,119000,0,0,0,130000,11000,119000,119000
052941,康控兆豐97購01  ,0,0,0,0,0,0,0,0,0,119000,0,0,0,425000,306000,119000,119000
055354,宏達電凱基98購01,0,0,0,0,0,0,0,0,0,119000,0,0,0,181000,62000,119000,119000
06488P,台積電元富98售05,0,0,0,0,0,0,0,0,0,119000,0,0,0,119000,0,119000,119000
2903,遠百            ,573000,449000,124000,0,0,0,0,0,0,-5000,0,5000,-5000,0,0,0,119000
051610,GIS群益95購02   ,0,0,0,0,0,0,0,0,0,118000,0,0,0,118000,0,118000,118000
051614,元金2X凱基97購01,10000,0,10000,0,0,0,0,0,0,108000,0,0,0,114000,6000,108000,118000
050515,聯電元大96購01  ,0,0,0,0,0,0,0,0,0,118000,0,0,0,118000,0,118000,118000
050897,嘉晶元大95購03  ,0,0,0,0,0,0,0,0,0,118000,0,0,0,118000,0,118000,118000
1513,中興電          ,351000,257000,94000,0,0,0,41000,0,41000,-17000,12000,29000,-17000,0,0,0,118000
2034,允強            ,196000,67000,129000,0,0,0,0,0,0,-11000,0,11000,-11000,0,0,0,118000
3708,上緯投控        ,135000,125000,10000,0,0,0,150000,0,150000,-42000,0,9000,-9000,0,33000,-33000,118000
057913,健策日盛98購01  ,0,0,0,0,0,0,0,0,0,118000,0,0,0,118000,0,118000,118000
06254P,臺股指群益97售07,0,0,0,0,0,0,0,0,0,118000,0,0,0,118000,0,118000,118000
050030,嘉晶元大94購03  ,0,0,0,0,0,0,0,0,0,117000,0,0,0,117000,0,117000,117000
00651R,FH香港反1       ,10000,0,10000,0,0,0,0,0,0,107000,360000,0,360000,339000,592000,-253000,117000
050218,世紀鋼統一94購02,0,0,0,0,0,0,0,0,0,117000,0,0,0,281000,164000,117000,117000
055415,禾伸堂富邦9B購01,0,0,0,0,0,0,0,0,0,117000,0,0,0,207000,90000,117000,117000
054803,味全元大9A購01  ,0,0,0,0,0,0,0,0,0,117000,0,0,0,185000,68000,117000,117000
053542,超眾永豐96購01  ,0,0,0,0,0,0,0,0,0,117000,0,0,0,153000,36000,117000,117000
06721P,臺股指中信9A售03,0,0,0,0,0,0,0,0,0,117000,0,0,0,133000,16000,117000,117000
06732P,台灣50日盛9A售01,0,0,0,0,0,0,0,0,0,117000,0,0,0,147000,30000,117000,117000
056292,統一元大97購01  ,0,0,0,0,0,0,0,0,0,116000,0,0,0,129000,13000,116000,116000
050091,喬山永豐94購02  ,0,0,0,0,0,0,0,0,0,116000,0,0,0,182000,66000,116000,116000
04703P,樺漢統一95售01  ,0,0,0,0,0,0,0,0,0,116000,0,0,0,225000,109000,116000,116000
046572,貿聯國泰94購01  ,0,0,0,0,0,0,0,0,0,116000,0,0,0,116000,0,116000,116000
053993,旺宏群益98購02  ,0,0,0,0,0,0,0,0,0,116000,0,0,0,141000,25000,116000,116000
054824,同欣電元大97購04,0,0,0,0,0,0,0,0,0,116000,0,0,0,140000,24000,116000,116000
056518,美律國票99購01  ,0,0,0,0,0,0,0,0,0,115000,0,0,0,115000,0,115000,115000
056665,上証2X國票99購02,0,0,0,0,0,0,0,0,0,115000,0,0,0,117000,2000,115000,115000
056816,華通永豐98購02  ,0,0,0,0,0,0,0,0,0,115000,0,0,0,119000,4000,115000,115000
049864,聯發科兆豐94購01,0,0,0,0,0,0,0,0,0,115000,0,0,0,258000,143000,115000,115000
051289,大立光統一96購01,0,0,0,0,0,0,0,0,0,115000,0,0,0,130000,15000,115000,115000
051007,台光電麥證95購01,0,0,0,140000,24000,116000,0,0,0,115000,0,0,0,140000,25000,115000,115000
054781,台化群益99購01  ,0,0,0,0,0,0,0,0,0,115000,0,0,0,144000,29000,115000,115000
054667,神基元富97購01  ,0,0,0,0,0,0,0,0,0,115000,0,0,0,154000,39000,115000,115000
055449,超眾統一9A購01  ,0,0,0,0,0,0,0,0,0,115000,0,0,0,115000,0,115000,115000
052925,日電貿永豐96購01,0,0,0,0,0,0,0,0,0,115000,0,0,0,120000,5000,115000,115000
053071,南電群益96購01  ,0,0,0,0,0,0,0,0,0,115000,0,0,0,122000,7000,115000,115000
057558,致新凱基98購01  ,0,0,0,0,0,0,0,0,0,114000,0,0,0,114000,0,114000,114000
046881,智原富邦99購01  ,0,0,0,0,0,0,0,0,0,114000,0,0,0,114000,0,114000,114000
051758,瑞昱元大95購01  ,0,0,0,0,0,0,0,0,0,114000,0,0,0,119000,5000,114000,114000
05403P,台積電富邦95售08,0,0,0,0,0,0,0,0,0,114000,0,0,0,114000,0,114000,114000
054334,超眾永豐96購04  ,0,0,0,0,0,0,0,0,0,114000,0,0,0,114000,0,114000,114000
056861,美律群益99購01  ,0,0,0,0,0,0,0,0,0,113000,0,0,0,113000,0,113000,113000
05085P,鴻海日盛95售01  ,0,0,0,0,0,0,0,0,0,113000,0,0,0,213000,100000,113000,113000
054888,泰碩統一97購01  ,0,0,0,0,0,0,0,0,0,113000,0,0,0,145000,32000,113000,113000
053808,大成鋼群益97購01,0,0,0,0,0,0,0,0,0,113000,0,0,0,131000,18000,113000,113000
053165,大立光群益96購03,0,0,0,0,0,0,0,0,0,113000,0,0,0,153000,40000,113000,113000
06006P,欣興永豐96售04  ,0,0,0,0,0,0,0,0,0,113000,0,0,0,143000,30000,113000,113000
046937,聯電元大99購01  ,0,0,0,0,0,0,0,0,0,112000,0,0,0,132000,20000,112000,112000
046268,嘉晶凱基93購02  ,0,0,0,0,0,0,0,0,0,112000,0,0,0,122000,10000,112000,112000
051877,嘉聯益國票97購02,0,0,0,0,0,0,0,0,0,112000,0,0,0,123000,11000,112000,112000
051555,聯茂永豐95購01  ,0,0,0,0,0,0,0,0,0,112000,0,0,0,162000,50000,112000,112000
05248P,矽創群益96售01  ,0,0,0,0,0,0,0,0,0,112000,0,0,0,178000,66000,112000,112000
053579,華通元大97購01  ,0,0,0,0,0,0,0,0,0,112000,0,0,0,113000,1000,112000,112000
06230P,亞德客永豐97售03,0,0,0,0,0,0,0,0,0,112000,0,0,0,155000,43000,112000,112000
06152P,玉晶光元大98售06,0,0,0,0,0,0,0,0,0,112000,0,0,0,639000,527000,112000,112000
6155,鈞寶            ,294000,181000,113000,0,0,0,0,0,0,-1000,0,1000,-1000,0,0,0,112000
056944,鴻海統一98購11  ,0,0,0,0,0,0,0,0,0,111000,0,0,0,111000,0,111000,111000
056920,友達兆豐98購02  ,0,0,0,0,0,0,0,0,0,111000,0,0,0,111000,0,111000,111000
055656,新唐元富97購01  ,0,0,0,0,0,0,0,0,0,111000,0,0,0,111000,0,111000,111000
045873,元油2X元富98購04,0,0,0,0,0,0,0,0,0,111000,0,0,0,1000000,889000,111000,111000
048057,宏達電國泰94購02,0,0,0,0,0,0,0,0,0,111000,0,0,0,160000,49000,111000,111000
052576,聯茂凱基96購01  ,0,0,0,0,0,0,0,0,0,111000,0,0,0,131000,20000,111000,111000
052492,易華電國票96購02,0,0,0,0,0,0,0,0,0,111000,0,0,0,111000,0,111000,111000
052399,台光電凱基95購03,0,0,0,0,0,0,0,0,0,111000,0,0,0,120000,9000,111000,111000
050175,台光電元大94購08,0,0,0,0,0,0,0,0,0,111000,0,0,0,120000,9000,111000,111000
2425,承啟            ,339000,226000,113000,0,0,0,0,0,0,-2000,9000,11000,-2000,0,0,0,111000
056577,玉晶光元大99購06,0,0,0,0,0,0,0,0,0,110000,0,0,0,352000,242000,110000,110000
056294,上銀元大97購11  ,0,0,0,0,0,0,0,0,0,110000,0,0,0,133000,23000,110000,110000
057079,台積電統一9A購02,0,0,0,0,0,0,0,0,0,110000,0,0,0,150000,40000,110000,110000
057092,健策元富98購01  ,0,0,0,0,0,0,0,0,0,110000,0,0,0,130000,20000,110000,110000
057537,聯茂元大98購04  ,0,0,0,0,0,0,0,0,0,110000,0,0,0,126000,16000,110000,110000
057483,微星元大98購04  ,0,0,0,0,0,0,0,0,0,110000,0,0,0,243000,133000,110000,110000
057346,鴻海統一98購13  ,0,0,0,0,0,0,0,0,0,110000,0,0,0,110000,0,110000,110000
057783,台積電國票9A購01,0,0,0,0,0,0,0,0,0,110000,0,0,0,140000,30000,110000,110000
046396,矽創國泰93購01  ,0,0,0,0,0,0,0,0,0,110000,0,0,0,110000,0,110000,110000
047521,台積電元大94購03,0,0,0,0,0,0,0,0,0,110000,0,0,0,396000,286000,110000,110000
047035,華邦電群益94購02,0,0,0,0,0,0,0,0,0,110000,0,0,0,130000,20000,110000,110000
047096,元油反國泰96購01,0,0,0,0,0,0,0,0,0,110000,0,0,0,110000,0,110000,110000
045818,鴻海凱基93購10  ,0,0,0,0,0,0,0,0,0,110000,0,0,0,120000,10000,110000,110000
04471P,華通元大95售03  ,0,0,0,0,0,0,0,0,0,110000,0,0,0,136000,26000,110000,110000
044401,亞光凱基93購01  ,0,0,0,0,0,0,0,0,0,110000,0,0,0,110000,0,110000,110000
043396,世紀鋼元大93購01,0,0,0,0,0,0,0,0,0,110000,0,0,0,110000,0,110000,110000
049985,華擎凱基94購01  ,0,0,0,0,0,0,0,0,0,110000,0,0,0,239000,129000,110000,110000
051755,台積電元大96購08,0,0,0,0,0,0,0,0,0,110000,0,0,0,263000,153000,110000,110000
049549,瀚宇博群益94購01,0,0,0,0,0,0,0,0,0,110000,0,0,0,110000,0,110000,110000
050296,亞光凱基94購03  ,0,0,0,0,0,0,0,0,0,110000,0,0,0,110000,0,110000,110000
050802,康控群益95購01  ,0,0,0,0,0,0,0,0,0,110000,0,0,0,110000,0,110000,110000
053549,南亞科凱基96購02,0,0,0,0,0,0,0,0,0,110000,0,0,0,137000,27000,110000,110000
053618,新唐群益96購01  ,0,0,0,0,0,0,0,0,0,110000,0,0,0,122000,12000,110000,110000
053191,奇鋐統一96購01  ,0,0,0,0,0,0,0,0,0,110000,0,0,0,200000,90000,110000,110000
054949,奇力新元大98購01,0,0,0,0,0,0,0,0,0,110000,0,0,0,138000,28000,110000,110000
054991,南亞科元富97購01,0,0,0,0,0,0,0,0,0,110000,0,0,0,120000,10000,110000,110000
055462,華邦電日盛97購01,0,0,0,0,0,0,0,0,0,110000,0,0,0,140000,30000,110000,110000
05465P,台表科永豐95售03,0,0,0,0,0,0,0,0,0,110000,0,0,0,241000,131000,110000,110000
1305,華夏            ,216000,106000,110000,0,0,0,0,0,0,0,0,0,0,0,0,0,110000
057939,鈺齊群益98購02  ,0,0,0,0,0,0,0,0,0,110000,0,0,0,110000,0,110000,110000
06513P,鴻海凱基98售10  ,0,0,0,0,0,0,0,0,0,110000,0,0,0,294000,184000,110000,110000
056132,台光電元大97購03,0,0,0,0,0,0,0,0,0,109000,0,0,0,124000,15000,109000,109000
056196,聯茂富邦98購02  ,0,0,0,0,0,0,0,0,0,109000,0,0,0,109000,0,109000,109000
055149,國巨元大97購06  ,0,0,0,0,0,0,0,0,0,109000,0,0,0,147000,38000,109000,109000
053307,泰碩凱基97購01  ,0,0,0,0,0,0,0,0,0,109000,0,0,0,264000,155000,109000,109000
8926,台汽電          ,467000,373000,94000,0,0,0,14000,0,14000,1000,15000,14000,1000,0,0,0,109000
055466,台達電凱基97購03,0,0,0,0,0,0,0,0,0,108000,0,0,0,108000,0,108000,108000
056010,力成中信97購01  ,0,0,0,0,0,0,0,0,0,108000,0,0,0,208000,100000,108000,108000
05766P,A50正2凱基99售01,0,0,0,0,0,0,0,0,0,108000,0,0,0,168000,60000,108000,108000
057110,立積群益98購01  ,0,0,0,0,0,0,0,0,0,108000,0,0,0,131000,23000,108000,108000
057244,鈺齊凱基99購01  ,0,0,0,0,0,0,0,0,0,108000,0,0,0,120000,12000,108000,108000
043156,大立光統一94購01,0,0,0,0,0,0,0,0,0,108000,0,0,0,108000,0,108000,108000
044464,滬深2X群益95購01,0,0,0,0,0,0,0,0,0,108000,0,0,0,119000,11000,108000,108000
049452,新光金統一94購02,0,0,0,0,0,0,0,0,0,108000,0,0,0,108000,0,108000,108000
052137,台表科凱基96購02,0,0,0,0,0,0,0,0,0,108000,0,0,0,112000,4000,108000,108000
053455,台光電元富96購02,0,0,0,0,0,0,0,0,0,108000,0,0,0,309000,201000,108000,108000
053591,大立光元大99購03,0,0,0,0,0,0,0,0,0,108000,0,0,0,175000,67000,108000,108000
055075,南電永豐97購01  ,0,0,0,0,0,0,0,0,0,108000,0,0,0,138000,30000,108000,108000
042997,新光鋼元大94購01,0,0,0,0,0,0,0,0,0,107000,0,0,0,107000,0,107000,107000
047893,嘉聯益兆豐94購01,0,0,0,0,0,0,0,0,0,107000,0,0,0,117000,10000,107000,107000
055243,國巨統一97購04  ,0,0,0,0,0,0,0,0,0,107000,0,0,0,198000,91000,107000,107000
053581,台積電元大96購14,0,0,0,0,0,0,0,0,0,107000,0,0,0,197000,90000,107000,107000
053779,台光電元大96購02,0,0,0,0,0,0,0,0,0,107000,0,0,0,124000,17000,107000,107000
054215,創意國票97購02  ,0,0,0,0,0,0,0,0,0,107000,0,0,0,112000,5000,107000,107000
05333P,臺股指國票95售02,0,0,0,0,0,0,0,0,0,107000,0,0,0,107000,0,107000,107000
053170,茂林群益96購04  ,0,0,0,0,0,0,0,0,0,107000,0,0,0,175000,68000,107000,107000
057705,臺股指群益98購05,0,0,0,0,0,0,0,0,0,106000,0,0,0,106000,0,106000,106000
05081P,京鼎永豐95售01  ,0,0,0,0,0,0,0,0,0,106000,0,0,0,107000,1000,106000,106000
046180,裕隆凱基93購01  ,0,0,0,0,0,0,0,0,0,106000,0,0,0,184000,78000,106000,106000
050566,高股息中信97購02,0,0,0,0,0,0,0,0,0,106000,0,0,0,135000,29000,106000,106000
049528,台積電中信94購01,0,0,0,0,0,0,0,0,0,106000,0,0,0,194000,88000,106000,106000
055755,禾伸堂兆豐97購02,0,0,0,0,0,0,0,0,0,105000,0,0,0,110000,5000,105000,105000
055722,聯鈞元大97購03  ,0,0,0,0,0,0,0,0,0,105000,0,0,0,147000,42000,105000,105000
047027,新光金元大95購01,0,0,0,0,0,0,0,0,0,105000,0,0,0,105000,0,105000,105000
048561,可成元大93購13  ,0,0,0,0,0,0,0,0,0,105000,0,0,0,225000,120000,105000,105000
04841P,群創元大94售04  ,0,0,0,0,0,0,0,0,0,105000,0,0,0,105000,0,105000,105000
049930,上海銀元大94購02,0,0,0,0,0,0,0,0,0,105000,0,0,0,125000,20000,105000,105000
054201,聯詠富邦97購02  ,0,0,0,0,0,0,0,0,0,105000,0,0,0,229000,124000,105000,105000
053896,麗豐群益97購01  ,0,0,0,0,0,0,0,0,0,105000,0,0,0,105000,0,105000,105000
053568,智伸科富邦98購01,0,0,0,0,0,0,0,0,0,105000,0,0,0,110000,5000,105000,105000
055068,亞翔永豐97購01  ,0,0,0,0,0,0,0,0,0,105000,0,0,0,105000,0,105000,105000
055008,隆達元富97購01  ,0,0,0,0,0,0,0,0,0,105000,0,0,0,205000,100000,105000,105000
054266,緯穎元大96購07  ,0,0,0,0,0,0,0,0,0,105000,0,0,0,175000,70000,105000,105000
06428P,國巨元大97售17  ,0,0,0,0,0,0,0,0,0,105000,0,0,0,153000,48000,105000,105000
055622,群創國泰99購01  ,0,0,0,0,0,0,0,0,0,104000,0,0,0,104000,0,104000,104000
056159,牧德凱基99購01  ,0,0,0,0,0,0,0,0,0,104000,0,0,0,104000,0,104000,104000
056275,國巨國泰98購04  ,0,0,0,0,0,0,0,0,0,104000,0,0,0,145000,41000,104000,104000
056370,台郡元大98購03  ,0,0,0,0,0,0,0,0,0,104000,0,0,0,104000,0,104000,104000
05161P,華新科國票96售01,0,0,0,0,0,0,0,0,0,104000,0,0,0,104000,0,104000,104000
047161,世紀鋼國票94購01,0,0,0,0,0,0,0,0,0,104000,0,0,0,145000,41000,104000,104000
050274,GIS元大94購05   ,0,0,0,0,0,0,0,0,0,104000,0,0,0,104000,0,104000,104000
055139,欣興永豐97購01  ,0,0,0,0,0,0,0,0,0,104000,0,0,0,116000,12000,104000,104000
056240,嘉晶群益97購02  ,0,0,0,0,0,0,0,0,0,103000,0,0,0,166000,63000,103000,103000
056405,聯茂群益98購01  ,0,0,0,0,0,0,0,0,0,103000,0,0,0,148000,45000,103000,103000
057406,茂林群益98購03  ,0,0,0,0,0,0,0,0,0,103000,0,0,0,265000,162000,103000,103000
056751,和大兆豐98購01  ,0,0,0,0,0,0,0,0,0,103000,0,0,0,137000,34000,103000,103000
049933,GIS元大95購01   ,0,0,0,0,0,0,0,0,0,103000,0,0,0,303000,200000,103000,103000
053860,台積電元大98購03,0,0,0,0,0,0,0,0,0,103000,0,0,0,228000,125000,103000,103000
053355,超眾兆豐97購01  ,0,0,0,0,0,0,0,0,0,103000,0,0,0,103000,0,103000,103000
06102P,智邦凱基97售03  ,0,0,0,0,0,0,0,0,0,103000,0,0,0,105000,2000,103000,103000
057601,中磊群益98購01  ,0,0,0,0,0,0,0,0,0,102000,0,0,0,119000,17000,102000,102000
056190,昇陽半統一97購01,0,0,0,0,0,0,0,0,0,102000,0,0,0,102000,0,102000,102000
055615,宏達電國票99購02,0,0,0,0,0,0,0,0,0,102000,0,0,0,125000,23000,102000,102000
055971,矽力元大97購05  ,0,0,0,0,0,0,0,0,0,102000,0,0,0,102000,0,102000,102000
047490,元油反統一93購01,0,0,0,0,0,0,0,0,0,102000,0,0,0,102000,0,102000,102000
047013,超眾元富96購01  ,0,0,0,0,0,0,0,0,0,102000,0,0,0,102000,0,102000,102000
053452,臺股指凱基97購01,0,0,0,0,0,0,0,0,0,102000,0,0,0,202000,100000,102000,102000
052827,昇陽半永豐97購01,0,0,0,0,0,0,0,0,0,102000,0,0,0,102000,0,102000,102000
054899,南港康和97購01  ,0,0,0,0,0,0,0,0,0,102000,0,0,0,102000,0,102000,102000
054230,上銀群益96購03  ,0,0,0,0,0,0,0,0,0,102000,0,0,0,202000,100000,102000,102000
4763,材料-KY         ,97000,26000,71000,0,0,0,0,0,0,31000,60000,16000,44000,0,13000,-13000,102000
056044,同欣電凱基97購03,0,0,0,0,0,0,0,0,0,101000,0,0,0,123000,22000,101000,101000
055921,新唐凱基98購01  ,0,0,0,0,0,0,0,0,0,101000,0,0,0,101000,0,101000,101000
057600,大立光群益99購03,0,0,0,0,0,0,0,0,0,101000,0,0,0,101000,0,101000,101000
056788,日月光群益98購01,0,0,0,0,0,0,0,0,0,101000,0,0,0,123000,22000,101000,101000
04794P,友達元大96售03  ,0,0,0,0,0,0,0,0,0,101000,0,0,0,101000,0,101000,101000
054540,泰鼎國票99購01  ,0,0,0,0,0,0,0,0,0,101000,0,0,0,110000,9000,101000,101000
054785,建準群益98購01  ,0,0,0,0,0,0,0,0,0,101000,0,0,0,107000,6000,101000,101000
05532P,臺股指群益96售05,0,0,0,0,0,0,0,0,0,101000,0,0,0,101000,0,101000,101000
053770,元金2X元大98購01,0,0,0,0,0,0,0,0,0,101000,0,0,0,234000,133000,101000,101000
057168,旺宏元大99購03  ,0,0,0,0,0,0,0,0,0,100000,0,0,0,100000,0,100000,100000
057010,景碩中信98購01  ,0,0,0,0,0,0,0,0,0,100000,0,0,0,100000,0,100000,100000
057680,臺股指元大98購10,0,0,0,0,0,0,0,0,0,100000,0,0,0,100000,0,100000,100000
057819,新日興元大99購01,0,0,0,0,0,0,0,0,0,100000,0,0,0,100000,0,100000,100000
057842,緯穎富邦99購02  ,0,0,0,0,0,0,0,0,0,100000,0,0,0,133000,33000,100000,100000
057430,富邦金兆豐98購01,0,0,0,0,0,0,0,0,0,100000,0,0,0,100000,0,100000,100000
057547,技嘉凱基99購01  ,0,0,0,0,0,0,0,0,0,100000,0,0,0,100000,0,100000,100000
056075,瀚宇博元大97購03,0,0,0,0,0,0,0,0,0,100000,0,0,0,109000,9000,100000,100000
055967,臻鼎元大97購01  ,0,0,0,0,0,0,0,0,0,100000,0,0,0,140000,40000,100000,100000
056355,台積電元大98購08,0,0,0,0,0,0,0,0,0,100000,0,0,0,304000,204000,100000,100000
047809,瑞昱凱基93購08  ,0,0,0,0,0,0,0,0,0,100000,0,0,0,120000,20000,100000,100000
047847,鴻海統一93購07  ,0,0,0,0,0,0,0,0,0,100000,0,0,0,100000,0,100000,100000
047767,聯發科元大93購20,0,0,0,0,0,0,0,0,0,100000,0,0,0,101000,1000,100000,100000
04773P,金融類元大94售01,0,0,0,0,0,0,0,0,0,100000,0,0,0,100000,0,100000,100000
046982,瀚宇博兆豐94購02,0,0,0,0,0,0,0,0,0,100000,0,0,0,100000,0,100000,100000
047610,致伸第一93購01  ,0,0,0,0,0,0,0,0,0,100000,0,0,0,100000,0,100000,100000
047448,啟碁元大93購06  ,0,0,0,0,0,0,0,0,0,100000,0,0,0,100000,0,100000,100000
048483,可成國泰95購01  ,0,0,0,0,0,0,0,0,0,100000,0,0,0,130000,30000,100000,100000
048422,瑞昱元富96購02  ,0,0,0,0,0,0,0,0,0,100000,0,0,0,100000,0,100000,100000
048424,揚明光元富95購01,0,0,0,0,0,0,0,0,0,100000,0,0,0,100000,0,100000,100000
048402,聯茂兆豐95購01  ,0,0,0,0,0,0,0,0,0,100000,0,0,0,100000,0,100000,100000
047388,京元電元大95購01,0,0,0,0,0,0,0,0,0,100000,0,0,0,100000,0,100000,100000
046608,超眾兆豐93購02  ,0,0,0,0,0,0,0,0,0,100000,0,0,0,100000,0,100000,100000
04675P,華新科統一94售05,0,0,0,0,0,0,0,0,0,100000,0,0,0,100000,0,100000,100000
04680P,臺股指統一94售05,0,0,0,0,0,0,0,0,0,100000,0,0,0,100000,0,100000,100000
051477,可成凱基95購07  ,0,0,0,0,0,0,0,0,0,100000,0,0,0,100000,0,100000,100000
048653,巨大元大96購02  ,0,0,0,0,0,0,0,0,0,100000,0,0,0,128000,28000,100000,100000
048198,大立光元大93購28,0,0,0,0,0,0,0,0,0,100000,0,0,0,100000,0,100000,100000
048836,牧德凱基94購03  ,0,0,0,0,0,0,0,0,0,100000,0,0,0,101000,1000,100000,100000
048885,中環元富94購01  ,0,0,0,0,0,0,0,0,0,100000,0,0,0,100000,0,100000,100000
047160,台郡國票94購01  ,0,0,0,0,0,0,0,0,0,100000,0,0,0,100000,0,100000,100000
047206,元金2X國泰94購01,0,0,0,0,0,0,0,0,0,100000,0,0,0,100000,0,100000,100000
047080,仁寶康和93購01  ,0,0,0,0,0,0,0,0,0,100000,0,0,0,100000,0,100000,100000
045869,滬深2X元富95購01,0,0,0,0,0,0,0,0,0,100000,0,0,0,100000,0,100000,100000
048286,滬深2X兆豐94購04,0,0,0,0,0,0,0,0,0,100000,0,0,0,120000,20000,100000,100000
044353,宏達電元大93購04,0,0,0,0,0,0,0,0,0,100000,0,0,0,100000,0,100000,100000
044347,上証2X元大94購01,0,0,0,0,0,0,0,0,0,100000,0,0,0,100000,0,100000,100000
04430P,晶相光元大94售04,0,0,0,0,0,0,0,0,0,100000,0,0,0,100000,0,100000,100000
045568,上証2X元大95購01,0,0,0,0,0,0,0,0,0,100000,0,0,0,100000,0,100000,100000
045478,世紀鋼元大93購02,0,0,0,0,0,0,0,0,0,100000,0,0,0,100000,0,100000,100000
045393,寶齡國泰93購01  ,0,0,0,0,0,0,0,0,0,100000,0,0,0,100000,0,100000,100000
045172,欣興兆豐94購01  ,0,0,0,0,0,0,0,0,0,100000,0,0,0,100000,0,100000,100000
04001P,聯發科凱基93售15,0,0,0,0,0,0,0,0,0,100000,0,0,0,100000,0,100000,100000
042196,元油2X元大93購02,0,0,0,0,0,0,0,0,0,100000,0,0,0,100000,0,100000,100000
04123P,可成凱基93售11  ,0,0,0,0,0,0,0,0,0,100000,0,0,0,100000,0,100000,100000
050181,富邦金元大94購02,0,0,0,0,0,0,0,0,0,100000,0,0,0,100000,0,100000,100000
04979P,臺股指凱基96售07,0,0,0,0,0,0,0,0,0,100000,0,0,0,110000,10000,100000,100000
050941,T50反1群益95購01,0,0,0,0,0,0,0,0,0,100000,0,0,0,1038000,938000,100000,100000
049640,大成鋼凱基94購02,0,0,0,0,0,0,0,0,0,100000,0,0,0,100000,0,100000,100000
049451,富邦金統一94購03,0,0,0,0,0,0,0,0,0,100000,0,0,0,100000,0,100000,100000
051442,正崴元大95購02  ,0,0,0,0,0,0,0,0,0,100000,0,0,0,100000,0,100000,100000
051464,彩晶國泰96購01  ,0,0,0,0,0,0,0,0,0,100000,0,0,0,100000,0,100000,100000
051249,潤泰全元大95購01,0,0,0,0,0,0,0,0,0,100000,0,0,0,295000,195000,100000,100000
051337,欣興永豐95購02  ,0,0,0,0,0,0,0,0,0,100000,0,0,0,104000,4000,100000,100000
051375,道瓊反群益9A購01,0,0,0,0,0,0,0,0,0,100000,0,0,0,100000,0,100000,100000
051365,瀚宇博國泰97購01,0,0,0,0,0,0,0,0,0,100000,0,0,0,100000,0,100000,100000
049579,鴻海元大94購06  ,0,0,0,0,0,0,0,0,0,100000,0,0,0,100000,0,100000,100000
050378,上証2X群益98購02,0,0,0,0,0,0,0,0,0,100000,0,0,0,220000,120000,100000,100000
050388,鴻海統一94購09  ,0,0,0,0,0,0,0,0,0,100000,0,0,0,200000,100000,100000,100000
050309,亞泥兆豐94購01  ,0,0,0,0,0,0,0,0,0,100000,0,0,0,100000,0,100000,100000
052435,滬深2X富邦96購05,0,0,0,0,0,0,0,0,0,100000,0,0,0,100000,0,100000,100000
052708,楠梓電永豐97購01,0,0,0,0,0,0,0,0,0,100000,0,0,0,100000,0,100000,100000
05272P,臻鼎中信97售03  ,0,0,0,0,0,0,0,0,0,100000,0,0,0,110000,10000,100000,100000
053688,燿華元大96購05  ,0,0,0,0,0,0,0,0,0,100000,0,0,0,103000,3000,100000,100000
053910,嘉聯益凱基98購01,0,0,0,0,0,0,0,0,0,100000,0,0,0,180000,80000,100000,100000
05296P,牧德凱基96售01  ,0,0,0,0,0,0,0,0,0,100000,0,0,0,100000,0,100000,100000
053369,T50反1元大96購06,0,0,0,0,0,0,0,0,0,100000,0,0,0,100000,0,100000,100000
053334,訊芯永豐96購01  ,0,0,0,0,0,0,0,0,0,100000,0,0,0,100000,0,100000,100000
055268,和大元大97購01  ,0,0,0,0,0,0,0,0,0,100000,0,0,0,100000,0,100000,100000
054906,神達康和97購01  ,0,0,0,0,0,0,0,0,0,100000,0,0,0,120000,20000,100000,100000
055101,台肥凱基97購01  ,0,0,0,0,0,0,0,0,0,100000,0,0,0,100000,0,100000,100000
05506P,茂林凱基96售03  ,0,0,0,0,0,0,0,0,0,100000,0,0,0,110000,10000,100000,100000
055174,精元統一97購01  ,0,0,0,0,0,0,0,0,0,100000,0,0,0,150000,50000,100000,100000
054639,台新金中信99購01,0,0,0,0,0,0,0,0,0,100000,0,0,0,100000,0,100000,100000
054714,和鑫台新98購01  ,0,0,0,0,0,0,0,0,0,100000,0,0,0,100000,0,100000,100000
054524,華通元富96購03  ,0,0,0,0,0,0,0,0,0,100000,0,0,0,100000,0,100000,100000
057938,台表科群益98購02,0,0,0,0,0,0,0,0,0,100000,0,0,0,100000,0,100000,100000
06696P,台灣50國票99售01,0,0,0,0,0,0,0,0,0,100000,0,0,0,118000,18000,100000,100000
06646P,國巨元大98售16  ,0,0,0,0,0,0,0,0,0,100000,0,0,0,358000,258000,100000,100000
055862,矽力元大97購04  ,0,0,0,0,0,0,0,0,0,99000,0,0,0,111000,12000,99000,99000
057672,茂林元大98購02  ,0,0,0,0,0,0,0,0,0,99000,0,0,0,144000,45000,99000,99000
051114,鈺齊中信95購01  ,0,0,0,0,0,0,0,0,0,99000,0,0,0,99000,0,99000,99000
049708,滬深2X凱基94購02,0,0,0,0,0,0,0,0,0,99000,0,0,0,99000,0,99000,99000
054515,華通元大98購02  ,0,0,0,0,0,0,0,0,0,99000,0,0,0,118000,19000,99000,99000
054709,宏達電統一97購01,0,0,0,0,0,0,0,0,0,99000,0,0,0,99000,0,99000,99000
052919,鈺齊富邦98購01  ,0,0,0,0,0,0,0,0,0,99000,0,0,0,110000,11000,99000,99000
05376P,聯發科日盛95售04,0,0,0,0,0,0,0,0,0,99000,0,0,0,137000,38000,99000,99000
06630P,國巨群益98售08  ,0,0,0,0,0,0,0,0,0,99000,0,0,0,634000,535000,99000,99000
05904P,大立光統一96售07,0,0,0,0,0,0,0,0,0,99000,0,0,0,207000,108000,99000,99000
057598,鴻海群益98購07  ,0,0,0,0,0,0,0,0,0,98000,0,0,0,133000,35000,98000,98000
057616,聯電凱基99購01  ,0,0,0,0,0,0,0,0,0,98000,0,0,0,99000,1000,98000,98000
057389,玉晶光永豐98購06,0,0,0,0,0,0,0,0,0,98000,0,0,0,139000,41000,98000,98000
056959,鴻海永豐98購03  ,0,0,0,0,0,0,0,0,0,98000,0,0,0,108000,10000,98000,98000
055852,聯鈞元大98購01  ,0,0,0,0,0,0,0,0,0,98000,0,0,0,183000,85000,98000,98000
055842,建準元大98購01  ,0,0,0,0,0,0,0,0,0,98000,0,0,0,100000,2000,98000,98000
055668,欣興群益97購01  ,0,0,0,0,0,0,0,0,0,98000,0,0,0,141000,43000,98000,98000
056375,玉晶光統一01購01,0,0,0,0,0,0,0,0,0,98000,0,0,0,99000,1000,98000,98000
056517,茂林兆豐99購01  ,0,0,0,0,0,0,0,0,0,98000,0,0,0,98000,0,98000,98000
03128P,玉晶光國泰03售04,0,0,0,0,0,0,0,0,0,98000,0,0,0,98000,0,98000,98000
044604,嘉聯益國泰93購01,0,0,0,0,0,0,0,0,0,98000,0,0,0,98000,0,98000,98000
042433,元油2X永豐96購01,0,0,0,0,0,0,0,0,0,98000,0,0,0,300000,202000,98000,98000
051459,臺股指元大95購19,0,0,0,0,0,0,0,0,0,98000,0,0,0,140000,42000,98000,98000
054164,強茂凱基98購01  ,0,0,0,0,0,0,0,0,0,98000,0,0,0,149000,51000,98000,98000
052885,高鐵兆豐98購01  ,0,0,0,0,0,0,0,0,0,98000,0,0,0,110000,12000,98000,98000
053457,旺宏國泰98購03  ,0,0,0,0,0,0,0,0,0,98000,0,0,0,165000,67000,98000,98000
053166,聯詠群益96購02  ,0,0,0,0,0,0,0,0,0,98000,0,0,0,98000,0,98000,98000
054718,可成永豐97購01  ,0,0,0,0,0,0,0,0,0,98000,0,0,0,173000,75000,98000,98000
054859,鴻海群益97購02  ,0,0,0,0,0,0,0,0,0,98000,0,0,0,98000,0,98000,98000
05828P,台積電統一97售02,0,0,0,0,0,0,0,0,0,98000,0,0,0,111000,13000,98000,98000
055498,大立光元大97購07,0,0,0,0,0,0,0,0,0,97000,0,0,0,97000,0,97000,97000
055802,新日興永豐97購01,0,0,0,0,0,0,0,0,0,97000,0,0,0,97000,0,97000,97000
056834,華新元富99購01  ,0,0,0,0,0,0,0,0,0,97000,0,0,0,157000,60000,97000,97000
057052,華擎元大98購01  ,0,0,0,0,0,0,0,0,0,97000,0,0,0,185000,88000,97000,97000
047177,上銀元大93購05  ,0,0,0,0,0,0,0,0,0,97000,0,0,0,97000,0,97000,97000
047908,南亞科元大93購02,0,0,0,0,0,0,0,0,0,97000,0,0,0,97000,0,97000,97000
050984,大立光國泰97購01,0,0,0,0,0,0,0,0,0,97000,0,0,0,218000,121000,97000,97000
052574,茂林凱基96購02  ,0,0,0,0,0,0,0,0,0,97000,0,0,0,216000,119000,97000,97000
049619,宏達電群益95購02,0,0,0,0,0,0,0,0,0,97000,0,0,0,100000,3000,97000,97000
052147,上緯控群益95購01,0,0,0,0,0,0,0,0,0,97000,0,0,0,107000,10000,97000,97000
051834,南電元大96購02  ,0,0,0,0,0,0,0,0,0,97000,0,0,0,107000,10000,97000,97000
051729,華新國票96購01  ,0,0,0,0,0,0,0,0,0,97000,0,0,0,117000,20000,97000,97000
051895,聯茂元富95購02  ,0,0,0,0,0,0,0,0,0,97000,0,0,0,97000,0,97000,97000
054870,新日興群益98購01,0,0,0,0,0,0,0,0,0,97000,0,0,0,173000,76000,97000,97000
054708,華通統一97購02  ,0,0,0,0,0,0,0,0,0,97000,0,0,0,97000,0,97000,97000
054518,亞光元大97購01  ,0,0,0,0,0,0,0,0,0,97000,0,0,0,100000,3000,97000,97000
054339,聯詠統一96購02  ,0,0,0,0,0,0,0,0,0,97000,0,0,0,193000,96000,97000,97000
055202,神達群益97購01  ,0,0,0,0,0,0,0,0,0,97000,0,0,0,176000,79000,97000,97000
052822,泰碩永豐97購01  ,0,0,0,0,0,0,0,0,0,97000,0,0,0,217000,120000,97000,97000
06313P,訊芯元富97售01  ,0,0,0,0,0,0,0,0,0,97000,0,0,0,262000,165000,97000,97000
057195,南茂元大98購01  ,0,0,0,0,0,0,0,0,0,96000,0,0,0,146000,50000,96000,96000
057618,台光電凱基99購01,0,0,0,0,0,0,0,0,0,96000,0,0,0,125000,29000,96000,96000
057849,南茂永豐98購02  ,0,0,0,0,0,0,0,0,0,96000,0,0,0,96000,0,96000,96000
055689,台郡凱基99購01  ,0,0,0,0,0,0,0,0,0,96000,0,0,0,96000,0,96000,96000
056581,超眾元大99購01  ,0,0,0,0,0,0,0,0,0,96000,0,0,0,147000,51000,96000,96000
047419,聯發科富邦95購01,0,0,0,0,0,0,0,0,0,96000,0,0,0,96000,0,96000,96000
049042,玉晶光兆豐95購01,0,0,0,0,0,0,0,0,0,96000,0,0,0,308000,212000,96000,96000
049843,康友中信95購01  ,0,0,0,0,0,0,0,0,0,96000,0,0,0,174000,78000,96000,96000
050377,華通第一94購01  ,0,0,0,0,0,0,0,0,0,96000,0,0,0,101000,5000,96000,96000
05413P,台郡國票96售02  ,0,0,0,0,0,0,0,0,0,96000,0,0,0,126000,30000,96000,96000
055311,健策群益98購02  ,0,0,0,0,0,0,0,0,0,96000,0,0,0,141000,45000,96000,96000
6192,巨路            ,144000,48000,96000,0,0,0,0,0,0,0,0,0,0,0,0,0,96000
056625,致伸永豐98購01  ,0,0,0,0,0,0,0,0,0,95000,0,0,0,95000,0,95000,95000
056475,宏達電元大99購02,0,0,0,0,0,0,0,0,0,95000,0,0,0,197000,102000,95000,95000
056455,群創凱基9A購01  ,0,0,0,0,0,0,0,0,0,95000,0,0,0,210000,115000,95000,95000
056376,玉晶光統一98購01,0,0,0,0,0,0,0,0,0,95000,0,0,0,275000,180000,95000,95000
057318,台光電凱基9A購01,0,0,0,0,0,0,0,0,0,95000,0,0,0,132000,37000,95000,95000
056960,光罩永豐98購01  ,0,0,0,0,0,0,0,0,0,95000,0,0,0,95000,0,95000,95000
056855,祥碩中信98購02  ,0,0,0,0,0,0,0,0,0,95000,0,0,0,100000,5000,95000,95000
056915,上銀兆豐99購01  ,0,0,0,0,0,0,0,0,0,95000,0,0,0,100000,5000,95000,95000
047226,義隆凱基94購01  ,0,0,0,0,0,0,0,0,0,95000,0,0,0,95000,0,95000,95000
044996,嘉晶國泰95購01  ,0,0,0,0,0,0,0,0,0,95000,0,0,0,95000,0,95000,95000
052364,全新國票95購02  ,0,0,0,0,0,0,0,0,0,95000,0,0,0,125000,30000,95000,95000
051978,泰碩凱基96購01  ,0,0,0,0,0,0,0,0,0,95000,0,0,0,146000,51000,95000,95000
052163,康舒永豐95購02  ,0,0,0,0,0,0,0,0,0,95000,0,0,0,95000,0,95000,95000
051842,大成鋼富邦97購01,0,0,0,0,0,0,0,0,0,95000,0,0,0,383000,288000,95000,95000
054482,大成鋼台新96購01,0,0,0,0,0,0,0,0,0,95000,0,0,0,100000,5000,95000,95000
05287P,鴻海元富95售09  ,0,0,0,0,0,0,0,0,0,95000,0,0,0,122000,27000,95000,95000
052950,超眾國票98購01  ,0,0,0,0,0,0,0,0,0,95000,0,0,0,95000,0,95000,95000
053392,致新元大96購01  ,0,0,0,0,0,0,0,0,0,95000,0,0,0,100000,5000,95000,95000
06300P,緯穎元大97售04  ,0,0,0,0,0,0,0,0,0,95000,0,0,0,120000,25000,95000,95000
2915,潤泰全          ,357200,885355,-528155,0,0,0,0,0,0,623000,3000,14000,-11000,674000,40000,634000,94845
056963,建準永豐98購01  ,0,0,0,0,0,0,0,0,0,94000,0,0,0,94000,0,94000,94000
057208,上海銀元富98購01,0,0,0,0,0,0,0,0,0,94000,0,0,0,113000,19000,94000,94000
057604,鴻海統一9C購01  ,0,0,0,0,0,0,0,0,0,94000,0,0,0,95000,1000,94000,94000
056651,聯茂凱基98購04  ,0,0,0,0,0,0,0,0,0,94000,0,0,0,101000,7000,94000,94000
044578,緯創凱基93購02  ,0,0,0,0,0,0,0,0,0,94000,0,0,0,95000,1000,94000,94000
049034,台達電兆豐94購01,0,0,0,0,0,0,0,0,0,94000,0,0,0,94000,0,94000,94000
03026X,元展23          ,0,0,0,0,0,0,0,0,0,94000,0,0,0,94000,0,94000,94000
049735,台光電群益94購03,0,0,0,0,0,0,0,0,0,94000,0,0,0,112000,18000,94000,94000
053164,台光電群益96購02,0,0,0,0,0,0,0,0,0,94000,0,0,0,106000,12000,94000,94000
054430,上銀台新96購02  ,0,0,0,0,0,0,0,0,0,94000,0,0,0,94000,0,94000,94000
05536P,奇力新元大96售03,0,0,0,0,0,0,0,0,0,94000,0,0,0,134000,40000,94000,94000
3530,晶相光          ,410000,147000,263000,0,0,0,0,0,0,-169000,0,20000,-20000,4000,153000,-149000,94000
2419,仲琦            ,450000,355000,95000,0,0,0,0,0,0,-1000,0,1000,-1000,0,0,0,94000
05822P,臺股指凱基96售19,0,0,0,0,0,0,0,0,0,94000,0,0,0,584000,490000,94000,94000
06123P,玉晶光元大97售04,0,0,0,0,0,0,0,0,0,94000,0,0,0,480000,386000,94000,94000
057049,新日興元大98購02,0,0,0,0,0,0,0,0,0,93000,0,0,0,93000,0,93000,93000
04907P,超眾國票95售01  ,0,0,0,0,0,0,0,0,0,93000,0,0,0,93000,0,93000,93000
048622,南電凱基93購07  ,0,190000,-190000,0,0,0,0,0,0,283000,0,0,0,305000,22000,283000,93000
050973,S&P反1統一95購01,0,0,0,0,0,0,0,0,0,93000,0,0,0,93000,0,93000,93000
05140P,台表科國票96售01,0,0,0,0,0,0,0,0,0,93000,0,0,0,213000,120000,93000,93000
055138,大毅永豐97購02  ,0,0,0,0,0,0,0,0,0,93000,0,0,0,146000,53000,93000,93000
053082,聯電元大98購03  ,0,0,0,0,0,0,0,0,0,93000,0,0,0,110000,17000,93000,93000
054109,南亞科凱基96購05,0,0,0,0,0,0,0,0,0,93000,0,0,0,113000,20000,93000,93000
053759,晶相光國泰98購01,0,0,0,0,0,0,0,0,0,93000,0,0,0,180000,87000,93000,93000
057733,嘉聯益國泰99購01,0,0,0,0,0,0,0,0,0,92000,0,0,0,238000,146000,92000,92000
056156,禾伸堂凱基98購04,0,0,0,0,0,0,0,0,0,92000,0,0,0,94000,2000,92000,92000
055664,和大群益98購02  ,0,0,0,0,0,0,0,0,0,92000,0,0,0,159000,67000,92000,92000
055536,嘉聯益群益99購02,0,0,0,0,0,0,0,0,0,92000,0,0,0,100000,8000,92000,92000
047511,義隆國票93購02  ,0,0,0,0,0,0,0,0,0,92000,0,0,0,92000,0,92000,92000
045479,T50反1中信95購01,0,0,0,0,0,0,0,0,0,92000,0,0,0,112000,20000,92000,92000
051272,嘉晶群益95購01  ,0,0,0,0,0,0,0,0,0,92000,0,0,0,99000,7000,92000,92000
049688,台光電元大94購04,0,0,0,0,0,0,0,0,0,92000,0,0,0,92000,0,92000,92000
050722,聯電國票96購01  ,0,0,0,0,0,0,0,0,0,92000,0,0,0,112000,20000,92000,92000
050245,大立光凱基94購12,0,0,0,0,0,0,0,0,0,92000,0,0,0,92000,0,92000,92000
054123,易華電永豐96購03,0,0,0,0,0,0,0,0,0,92000,0,0,0,112000,20000,92000,92000
05301P,矽力元大95售02  ,0,0,0,0,0,0,0,0,0,92000,0,0,0,92000,0,92000,92000
053278,禾伸堂元大96購01,0,0,0,0,0,0,0,0,0,92000,0,0,0,109000,17000,92000,92000
05516P,台積電元大96售12,0,0,0,0,0,0,0,0,0,92000,0,0,0,132000,40000,92000,92000
05444P,大立光元大95售10,0,0,0,0,0,0,0,0,0,92000,0,0,0,95000,3000,92000,92000
054865,可成群益97購01  ,0,0,0,0,0,0,0,0,0,92000,0,0,0,113000,21000,92000,92000
06725P,聯電元富98售01  ,0,0,0,0,0,0,0,0,0,92000,0,0,0,130000,38000,92000,92000
1217,愛之味          ,318000,224000,94000,0,0,0,0,0,0,-2000,0,2000,-2000,0,0,0,92000
06881P,國巨群益98售10  ,0,0,0,0,0,0,0,0,0,92000,0,0,0,742000,650000,92000,92000
056277,上銀富邦99購02  ,0,0,0,0,0,0,0,0,0,91000,0,0,0,167000,76000,91000,91000
057104,康友中信99購01  ,0,0,0,0,0,0,0,0,0,91000,0,0,0,91000,0,91000,91000
047524,瑞昱元大93購10  ,0,0,0,0,0,0,0,0,0,91000,0,0,0,91000,0,91000,91000
046941,瑞昱元大93購08  ,0,0,0,0,0,0,0,0,0,91000,0,0,0,101000,10000,91000,91000
048112,宏達電群益93購05,0,0,0,0,0,0,0,0,0,91000,0,0,0,101000,10000,91000,91000
048897,日電貿國泰95購01,0,0,0,0,0,0,0,0,0,91000,0,0,0,101000,10000,91000,91000
050173,旺宏元大96購02  ,0,0,0,0,0,0,0,0,0,91000,0,0,0,108000,17000,91000,91000
054715,中橡康和97購01  ,0,0,0,0,0,0,0,0,0,91000,0,0,0,141000,50000,91000,91000
053350,台表科國票97購02,0,0,0,0,0,0,0,0,0,91000,0,0,0,112000,21000,91000,91000
053894,創意群益96購01  ,0,0,0,0,0,0,0,0,0,91000,0,0,0,122000,31000,91000,91000
06600P,貿聯永豐98售01  ,0,0,0,0,0,0,0,0,0,91000,0,0,0,123000,32000,91000,91000
056541,智原凱基98購03  ,0,0,0,0,0,0,0,0,0,90000,0,0,0,100000,10000,90000,90000
055686,致伸凱基97購02  ,0,0,0,0,0,0,0,0,0,90000,0,0,0,90000,0,90000,90000
051507,彩晶元富95購01  ,0,0,0,0,0,0,0,0,0,90000,0,0,0,240000,150000,90000,90000
045472,嘉聯益元大93購02,0,0,0,0,0,0,0,0,0,90000,0,0,0,90000,0,90000,90000
04138P,智邦國票93售02  ,0,0,0,0,0,0,0,0,0,90000,0,0,0,100000,10000,90000,90000
00678,群益NBI生技     ,0,0,0,0,0,0,0,0,0,90000,0,0,0,1010000,920000,90000,90000
043916,群創凱基93購01  ,0,0,0,0,0,0,0,0,0,90000,0,0,0,90000,0,90000,90000
051856,亞德客凱基95購01,0,0,0,0,0,0,0,0,0,90000,0,0,0,90000,0,90000,90000
052063,臺股指國票95購10,0,0,0,0,0,0,0,0,0,90000,0,0,0,100000,10000,90000,90000
052020,聯茂永豐95購02  ,0,0,0,0,0,0,0,0,0,90000,0,0,0,106000,16000,90000,90000
050253,百和國泰96購01  ,0,0,0,0,0,0,0,0,0,90000,0,0,0,140000,50000,90000,90000
050950,健鼎群益96購01  ,0,0,0,0,0,0,0,0,0,90000,0,0,0,147000,57000,90000,90000
051441,鴻海元大95購13  ,0,0,0,0,0,0,0,0,0,90000,0,0,0,90000,0,90000,90000
052305,GIS永豐95購03   ,0,0,0,0,0,0,0,0,0,90000,0,0,0,90000,0,90000,90000
049508,上銀凱基94購04  ,0,0,0,0,0,0,0,0,0,90000,0,0,0,101000,11000,90000,90000
052578,大立光統一97購01,0,0,0,0,0,0,0,0,0,90000,0,0,0,92000,2000,90000,90000
05410P,聯發科元富95售04,0,0,0,0,0,0,0,0,0,90000,0,0,0,90000,0,90000,90000
054211,奇鋐國票97購03  ,0,0,0,0,0,0,0,0,0,90000,0,0,0,90000,0,90000,90000
053751,康控永豐96購02  ,0,0,0,0,0,0,0,0,0,90000,0,0,0,90000,0,90000,90000
053589,宏達電元大97購02,0,0,0,0,0,0,0,0,0,90000,0,0,0,209000,119000,90000,90000
054601,奇鋐台新98購01  ,0,0,0,0,0,0,0,0,0,90000,0,0,0,100000,10000,90000,90000
055316,上銀國票98購01  ,0,0,0,0,0,0,0,0,0,90000,0,0,0,770000,680000,90000,90000
06499P,臺股指元大9A售04,0,0,0,0,0,0,0,0,0,90000,0,0,0,90000,0,90000,90000
057887,智原群益98購04  ,0,0,0,0,0,0,0,0,0,90000,0,0,0,90000,0,90000,90000
057073,康控永豐98購01  ,0,0,0,0,0,0,0,0,0,89000,0,0,0,263000,174000,89000,89000
049040,亞光兆豐95購01  ,0,0,0,0,0,0,0,0,0,89000,0,0,0,102000,13000,89000,89000
04834P,鴻海元大94售17  ,0,0,0,0,0,0,0,0,0,89000,0,0,0,140000,51000,89000,89000
049209,GIS群益94購03   ,0,0,0,0,0,0,0,0,0,89000,0,0,0,89000,0,89000,89000
048061,鴻海統一95購03  ,0,0,0,0,0,0,0,0,0,89000,0,0,0,201000,112000,89000,89000
048607,上銀凱基93購11  ,0,0,0,0,0,0,0,0,0,89000,0,0,0,99000,10000,89000,89000
050690,台達電凱基96購01,0,0,0,0,0,0,0,0,0,89000,0,0,0,89000,0,89000,89000
055320,建準國票98購01  ,0,0,0,0,0,0,0,0,0,89000,0,0,0,89000,0,89000,89000
054345,世芯國票96購02  ,0,0,0,0,0,0,0,0,0,89000,0,0,0,161000,72000,89000,89000
053265,南亞科群益96購02,0,0,0,0,0,0,0,0,0,89000,0,0,0,110000,21000,89000,89000
2882A,國泰特          ,0,0,0,0,0,0,0,0,0,89000,89000,0,89000,0,0,0,89000
1762,中化生          ,269000,173000,96000,0,0,0,0,0,0,-7000,0,7000,-7000,0,0,0,89000
057088,上銀元富98購01  ,0,0,0,0,0,0,0,0,0,88000,0,0,0,170000,82000,88000,88000
055938,矽力群益97購01  ,0,0,0,0,0,0,0,0,0,88000,0,0,0,88000,0,88000,88000
056424,泰碩統一98購01  ,0,0,0,0,0,0,0,0,0,88000,0,0,0,167000,79000,88000,88000
04684P,欣興元大94售07  ,0,0,0,0,0,0,0,0,0,88000,0,0,0,90000,2000,88000,88000
052177,京鼎元大95購02  ,0,0,0,0,0,0,0,0,0,88000,0,0,0,98000,10000,88000,88000
051665,台積電元大96購07,0,0,0,0,0,0,0,0,0,88000,0,0,0,148000,60000,88000,88000
053574,奇力新元富99購01,0,0,0,0,0,0,0,0,0,88000,0,0,0,203000,115000,88000,88000
053641,正文永豐96購01  ,0,0,0,0,0,0,0,0,0,88000,0,0,0,130000,42000,88000,88000
053864,義隆元大96購01  ,0,0,0,0,0,0,0,0,0,88000,0,0,0,189000,101000,88000,88000
055113,大立光凱基98購06,0,0,0,0,0,0,0,0,0,88000,0,0,0,160000,72000,88000,88000
054921,文曄凱基97購01  ,0,0,0,0,0,0,0,0,0,88000,0,0,0,150000,62000,88000,88000
06256P,臺股指群益97售09,0,0,0,0,0,0,0,0,0,88000,0,0,0,88000,0,88000,88000
06724P,台灣50國票98售01,0,0,0,0,0,0,0,0,0,88000,0,0,0,94000,6000,88000,88000
057009,信邦中信99購01  ,0,0,0,0,0,0,0,0,0,87000,0,0,0,172000,85000,87000,87000
056910,超眾元大99購02  ,0,0,0,0,0,0,0,0,0,87000,0,0,0,199000,112000,87000,87000
047536,正崴日盛93購01  ,0,0,0,0,0,0,0,0,0,87000,0,0,0,87000,0,87000,87000
051924,聯茂日盛95購01  ,0,0,0,0,0,0,0,0,0,87000,0,0,0,387000,300000,87000,87000
04999P,南電永豐95售01  ,0,0,0,0,0,0,0,0,0,87000,0,0,0,123000,36000,87000,87000
049522,華通兆豐94購02  ,0,0,0,0,0,0,0,0,0,87000,0,0,0,121000,34000,87000,87000
05275P,國巨凱基95售05  ,0,0,0,0,0,0,0,0,0,87000,0,0,0,389000,302000,87000,87000
051404,牧德永豐96購01  ,0,0,0,0,0,0,0,0,0,87000,0,0,0,113000,26000,87000,87000
055207,致新中信99購01  ,0,0,0,0,0,0,0,0,0,87000,0,0,0,87000,0,87000,87000
054707,聯茂亞東97購01  ,0,0,0,0,0,0,0,0,0,87000,0,0,0,87000,0,87000,87000
054858,台肥群益97購01  ,0,0,0,0,0,0,0,0,0,87000,0,0,0,98000,11000,87000,87000
05320P,華通凱基96售03  ,0,0,0,0,0,0,0,0,0,87000,0,0,0,244000,157000,87000,87000
06273P,台表科凱基97售04,0,0,0,0,0,0,0,0,0,87000,0,0,0,138000,51000,87000,87000
057981,臻鼎永豐98購01  ,0,0,0,0,0,0,0,0,0,87000,0,0,0,100000,13000,87000,87000
05859P,台表科國票97售04,0,0,0,0,0,0,0,0,0,87000,0,0,0,114000,27000,87000,87000
5269,祥碩            ,290000,238000,52000,0,0,0,80000,50000,30000,5000,26000,11000,15000,3000,13000,-10000,87000
056791,嘉聯益群益98購01,0,0,0,0,0,0,0,0,0,86000,0,0,0,97000,11000,86000,86000
046903,友達凱基99購01  ,0,0,0,0,0,0,0,0,0,86000,0,0,0,97000,11000,86000,86000
04597P,為升凱基94售02  ,0,0,0,0,0,0,0,0,0,86000,0,0,0,96000,10000,86000,86000
052261,台泥第一95購01  ,0,0,0,0,0,0,0,0,0,86000,0,0,0,86000,0,86000,86000
050884,聯茂國泰96購01  ,0,0,0,0,0,0,0,0,0,86000,0,0,0,184000,98000,86000,86000
053848,聯發科元富96購03,0,0,0,0,0,0,0,0,0,86000,0,0,0,86000,0,86000,86000
053623,臺股指群益96購09,0,0,0,0,0,0,0,0,0,86000,0,0,0,86000,0,86000,86000
053897,台郡群益96購01  ,0,0,0,0,0,0,0,0,0,86000,0,0,0,86000,0,86000,86000
055220,緯穎凱基98購02  ,0,0,0,0,0,0,0,0,0,86000,0,0,0,147000,61000,86000,86000
06193P,台積電元富97售04,0,0,0,0,0,0,0,0,0,86000,0,0,0,269000,183000,86000,86000
056776,聯茂元大99購01  ,0,0,0,0,0,0,0,0,0,85000,0,0,0,119000,34000,85000,85000
056901,華新科元大98購03,0,0,0,0,0,0,0,0,0,85000,0,0,0,205000,120000,85000,85000
055893,大立光統一97購07,0,0,0,0,0,0,0,0,0,85000,0,0,0,115000,30000,85000,85000
046293,聯發科統一94購01,0,0,0,0,0,0,0,0,0,85000,0,0,0,219000,134000,85000,85000
043656,上証反元大94購01,0,0,0,0,0,0,0,0,0,85000,0,0,0,150000,65000,85000,85000
04674P,全新統一95售01  ,0,0,0,0,0,0,0,0,0,85000,0,0,0,87000,2000,85000,85000
046606,世紀鋼群益93購01,0,0,0,0,0,0,0,0,0,85000,0,0,0,98000,13000,85000,85000
047939,亞德客國票93購02,0,0,0,0,0,0,0,0,0,85000,0,0,0,95000,10000,85000,85000
048983,牧德元大95購01  ,0,0,0,0,0,0,0,0,0,85000,0,0,0,96000,11000,85000,85000
050833,台郡凱基95購01  ,0,0,0,0,0,0,0,0,0,85000,0,0,0,92000,7000,85000,85000
051864,聯發科凱基96購03,0,0,0,0,0,0,0,0,0,85000,0,0,0,85000,0,85000,85000
051338,揚明光永豐95購02,0,0,0,0,0,0,0,0,0,85000,0,0,0,105000,20000,85000,85000
052387,台積電群益95購08,0,0,0,0,0,0,0,0,0,85000,0,0,0,655000,570000,85000,85000
055271,鴻海元大98購03  ,0,0,0,0,0,0,0,0,0,85000,0,0,0,208000,123000,85000,85000
055381,茂林元大97購02  ,0,0,0,0,0,0,0,0,0,85000,0,0,0,133000,48000,85000,85000
054812,鴻海元大97購08  ,0,0,0,0,0,0,0,0,0,85000,0,0,0,310000,225000,85000,85000
054833,京鼎中信97購01  ,0,0,0,0,0,0,0,0,0,85000,0,0,0,120000,35000,85000,85000
054553,宏達電凱基99購01,0,0,0,0,0,0,0,0,0,85000,0,0,0,275000,190000,85000,85000
053034,上海銀兆豐96購01,0,0,0,0,0,0,0,0,0,85000,0,0,0,95000,10000,85000,85000
057917,台積電凱基98購17,0,0,0,0,0,0,0,0,0,85000,0,0,0,85000,0,85000,85000
05793P,臺股指中信99售08,0,0,0,0,0,0,0,0,0,85000,0,0,0,85000,0,85000,85000
056006,義隆亞東97購01  ,0,0,0,0,0,0,0,0,0,84000,0,0,0,84000,0,84000,84000
056780,元油2X群益9A購03,0,0,0,0,0,0,0,0,0,84000,0,0,0,84000,0,84000,84000
057639,國巨元大99購07  ,0,0,0,0,0,0,0,0,0,84000,0,0,0,108000,24000,84000,84000
04584P,楠梓電永豐94售01,0,0,0,0,0,0,0,0,0,84000,0,0,0,178000,94000,84000,84000
050292,可成凱基94購11  ,0,0,0,0,0,0,0,0,0,84000,0,0,0,152000,68000,84000,84000
051229,亞光群益95購01  ,0,0,0,0,0,0,0,0,0,84000,0,0,0,85000,1000,84000,84000
05100P,智邦凱基95售02  ,0,0,0,0,0,0,0,0,0,84000,0,0,0,184000,100000,84000,84000
051935,味全群益95購01  ,0,0,0,0,0,0,0,0,0,84000,0,0,0,84000,0,84000,84000
050116,嘉澤元大94購03  ,0,0,0,0,0,0,0,0,0,84000,0,0,0,92000,8000,84000,84000
052830,台光電群益96購01,0,0,0,0,0,0,0,0,0,84000,0,0,0,193000,109000,84000,84000
054579,聯茂元大97購01  ,0,0,0,0,0,0,0,0,0,84000,0,0,0,91000,7000,84000,84000
054281,世芯群益97購01  ,0,0,0,0,0,0,0,0,0,84000,0,0,0,264000,180000,84000,84000
054994,建準元富97購01  ,0,0,0,0,0,0,0,0,0,84000,0,0,0,84000,0,84000,84000
06087P,國巨永豐97售01  ,0,0,0,0,0,0,0,0,0,84000,0,0,0,124000,40000,84000,84000
3702,大聯大          ,2136557,3195515,-1058958,0,0,0,24000,0,24000,1118000,7000,22000,-15000,1334000,201000,1133000,83042
055943,瑞昱麥證97購01  ,0,0,0,158000,75000,83000,0,0,0,83000,0,0,0,158000,75000,83000,83000
055832,台達電元大97購02,0,0,0,0,0,0,0,0,0,83000,0,0,0,83000,0,83000,83000
056587,聯發科統一9A購01,0,0,0,0,0,0,0,0,0,83000,0,0,0,132000,49000,83000,83000
049017,旺宏群益96購03  ,0,0,0,0,0,0,0,0,0,83000,0,0,0,94000,11000,83000,83000
048058,大立光國泰95購01,0,0,0,0,0,0,0,0,0,83000,0,0,0,83000,0,83000,83000
051670,欣興元大95購06  ,0,0,0,0,0,0,0,0,0,83000,0,0,0,138000,55000,83000,83000
051551,新日興永豐95購01,0,0,0,0,0,0,0,0,0,83000,0,0,0,157000,74000,83000,83000
052786,S&P500中信96購01,0,0,0,0,0,0,0,0,0,83000,0,0,0,115000,32000,83000,83000
053041,可成凱基96購02  ,0,0,0,0,0,0,0,0,0,83000,0,0,0,84000,1000,83000,83000
053729,聯茂凱基96購05  ,0,0,0,0,0,0,0,0,0,83000,0,0,0,94000,11000,83000,83000
057962,超眾元大99購03  ,0,0,0,0,0,0,0,0,0,83000,0,0,0,157000,74000,83000,83000
05853P,欣興群益96售05  ,0,0,0,0,0,0,0,0,0,83000,0,0,0,126000,43000,83000,83000
055844,大毅元大98購01  ,0,0,0,0,0,0,0,0,0,82000,0,0,0,343000,261000,82000,82000
057692,臺股指凱基98購10,0,0,0,0,0,0,0,0,0,82000,0,0,0,235000,153000,82000,82000
057376,新日興元大98購04,0,0,0,0,0,0,0,0,0,82000,0,0,0,102000,20000,82000,82000
057396,健鼎中信99購01  ,0,0,0,0,0,0,0,0,0,82000,0,0,0,102000,20000,82000,82000
049036,燿華兆豐95購01  ,0,0,0,0,0,0,0,0,0,82000,0,0,0,82000,0,82000,82000
053869,嘉澤元大96購02  ,0,0,0,0,0,0,0,0,0,82000,0,0,0,82000,0,82000,82000
053043,嘉晶凱基96購01  ,0,0,0,0,0,0,0,0,0,82000,0,0,0,202000,120000,82000,82000
053027,玉晶光富邦98購01,0,0,0,0,0,0,0,0,0,82000,0,0,0,147000,65000,82000,82000
05302P,華通國泰96售01  ,0,0,0,0,0,0,0,0,0,82000,0,0,0,82000,0,82000,82000
054222,大立光統一98購03,0,0,0,0,0,0,0,0,0,82000,0,0,0,122000,40000,82000,82000
054581,訊芯元大97購02  ,0,0,0,0,0,0,0,0,0,82000,0,0,0,100000,18000,82000,82000
06085P,義隆台新97售01  ,0,0,0,0,0,0,0,0,0,82000,0,0,0,82000,0,82000,82000
06750P,聯發科元富02售03,0,0,0,0,0,0,0,0,0,82000,0,0,0,86000,4000,82000,82000
1409,新纖            ,602000,527000,75000,0,0,0,13000,0,13000,-6000,0,6000,-6000,0,0,0,82000
8131,福懋科          ,586000,419000,167000,0,0,0,11000,0,11000,-96000,19000,71000,-52000,3000,47000,-44000,82000
05729P,臺股指凱基97售02,0,0,0,0,0,0,0,0,0,81000,0,0,0,185000,104000,81000,81000
056911,緯穎元大99購01  ,0,0,0,0,0,0,0,0,0,81000,0,0,0,101000,20000,81000,81000
044950,玉晶光群益94購01,0,0,0,0,0,0,0,0,0,81000,0,0,0,162000,81000,81000,81000
047457,旺宏群益95購01  ,0,0,0,0,0,0,0,0,0,81000,0,0,0,271000,190000,81000,81000
052732,新唐國泰97購01  ,0,0,0,0,0,0,0,0,0,81000,0,0,0,81000,0,81000,81000
049132,大成鋼元大94購01,0,0,0,0,0,0,0,0,0,81000,0,0,0,81000,0,81000,81000
050188,貿聯元大96購01  ,0,0,0,0,0,0,0,0,0,81000,0,0,0,81000,0,81000,81000
050443,復盛凱基94購02  ,0,0,0,0,0,0,0,0,0,81000,0,0,0,81000,0,81000,81000
053356,聯發科統一96購07,0,0,0,0,0,0,0,0,0,81000,0,0,0,139000,58000,81000,81000
06692P,瑞昱凱基98售03  ,0,0,0,0,0,0,0,0,0,81000,0,0,0,110000,29000,81000,81000
06082P,華通統一98售01  ,0,0,0,0,0,0,0,0,0,81000,0,0,0,144000,63000,81000,81000
05890P,彩晶元大99售01  ,0,0,0,0,0,0,0,0,0,81000,0,0,0,101000,20000,81000,81000
057919,技嘉凱基98購03  ,0,0,0,0,0,0,0,0,0,81000,0,0,0,228000,147000,81000,81000
056952,元油2X國泰99購01,0,0,0,0,0,0,0,0,0,80000,0,0,0,131000,51000,80000,80000
057004,滬深反中信9A購01,0,0,0,0,0,0,0,0,0,80000,0,0,0,80000,0,80000,80000
057060,緯穎元大98購05  ,0,0,0,0,0,0,0,0,0,80000,0,0,0,98000,18000,80000,80000
057249,華邦電統一9A購01,0,0,0,0,0,0,0,0,0,80000,0,0,0,80000,0,80000,80000
057797,大立光兆豐99購01,0,0,0,0,0,0,0,0,0,80000,0,0,0,80000,0,80000,80000
055777,冠德凱基97購01  ,0,0,0,0,0,0,0,0,0,80000,0,0,0,100000,20000,80000,80000
055630,聯詠永豐97購02  ,0,0,0,0,0,0,0,0,0,80000,0,0,0,100000,20000,80000,80000
055725,嘉聯益元大98購03,0,0,0,0,0,0,0,0,0,80000,0,0,0,271000,191000,80000,80000
056644,宏達電凱基98購04,0,0,0,0,0,0,0,0,0,80000,0,0,0,301000,221000,80000,80000
05642P,玉晶光兆豐97售02,0,0,0,0,0,0,0,0,0,80000,0,0,0,160000,80000,80000,80000
046604,康控群益93購02  ,0,0,0,0,0,0,0,0,0,80000,0,0,0,80000,0,80000,80000
046869,聯發科統一95購01,0,0,0,0,0,0,0,0,0,80000,0,0,0,180000,100000,80000,80000
047973,華通兆豐94購01  ,0,0,0,0,0,0,0,0,0,80000,0,0,0,80000,0,80000,80000
048117,南電群益93購02  ,0,0,0,0,0,0,0,0,0,80000,0,0,0,90000,10000,80000,80000
048739,華新科統一94購02,0,0,0,0,0,0,0,0,0,80000,0,0,0,80000,0,80000,80000
048937,玉晶光永豐95購01,0,0,0,0,0,0,0,0,0,80000,0,0,0,539000,459000,80000,80000
049187,義隆台新94購01  ,0,0,0,0,0,0,0,0,0,80000,0,0,0,80000,0,80000,80000
04241P,欣興國泰95售02  ,0,0,0,0,0,0,0,0,0,80000,0,0,0,90000,10000,80000,80000
044588,元金2X統一93購01,0,0,0,0,0,0,0,0,0,80000,0,0,0,80000,0,80000,80000
047239,瀚宇博凱基94購01,0,0,0,0,0,0,0,0,0,80000,0,0,0,80000,0,80000,80000
046257,A50正2國票94購01,0,0,0,0,0,0,0,0,0,80000,0,0,0,80000,0,80000,80000
03641C,臺股指凱基95牛18,0,0,0,0,0,0,0,0,0,80000,0,0,0,80000,0,80000,80000
050429,漢唐凱基94購04  ,0,0,0,0,0,0,0,0,0,80000,0,0,0,80000,0,80000,80000
050947,聯發科群益95購01,0,0,0,0,0,0,0,0,0,80000,0,0,0,330000,250000,80000,80000
050600,瑞儀國泰95購01  ,0,0,0,0,0,0,0,0,0,80000,0,0,0,80000,0,80000,80000
050550,大立光凱基95購04,0,0,0,0,0,0,0,0,0,80000,0,0,0,80000,0,80000,80000
04932P,香港2X中信96售01,0,0,0,0,0,0,0,0,0,80000,0,0,0,115000,35000,80000,80000
049283,滬深2X中信95購10,0,0,0,0,0,0,0,0,0,80000,0,0,0,80000,0,80000,80000
052077,可成元富98購02  ,0,0,0,0,0,0,0,0,0,80000,0,0,0,90000,10000,80000,80000
051679,百和元大95購02  ,0,0,0,0,0,0,0,0,0,80000,0,0,0,80000,0,80000,80000
052587,景碩永豐97購01  ,0,0,0,0,0,0,0,0,0,80000,0,0,0,80000,0,80000,80000
052440,上証2X元大95購02,0,0,0,0,0,0,0,0,0,80000,0,0,0,80000,0,80000,80000
051029,緯創元富95購01  ,0,0,0,0,0,0,0,0,0,80000,0,0,0,120000,40000,80000,80000
049455,上海銀統一94購02,0,0,0,0,0,0,0,0,0,80000,0,0,0,80000,0,80000,80000
049407,台積電日盛94購02,0,0,0,0,0,0,0,0,0,80000,0,0,0,80000,0,80000,80000
050998,訊連元大95購01  ,0,0,0,0,0,0,0,0,0,80000,0,0,0,90000,10000,80000,80000
053384,聯發科元大96購13,0,0,0,0,0,0,0,0,0,80000,0,0,0,100000,20000,80000,80000
053225,昇陽半凱基96購01,0,0,0,0,0,0,0,0,0,80000,0,0,0,80000,0,80000,80000
053185,友達中信99購01  ,0,0,0,0,0,0,0,0,0,80000,0,0,0,100000,20000,80000,80000
053144,上証2X元大96購01,0,0,0,0,0,0,0,0,0,80000,0,0,0,80000,0,80000,80000
054038,T50反1元大98購04,0,0,0,0,0,0,0,0,0,80000,0,0,0,1535000,1455000,80000,80000
054790,禾伸堂群益98購01,0,0,0,0,0,0,0,0,0,80000,0,0,0,84000,4000,80000,80000
054297,台郡元大98購01  ,0,0,0,0,0,0,0,0,0,80000,0,0,0,81000,1000,80000,80000
054366,和大中信98購01  ,0,0,0,0,0,0,0,0,0,80000,0,0,0,90000,10000,80000,80000
054374,信邦中信96購01  ,0,0,0,0,0,0,0,0,0,80000,0,0,0,80000,0,80000,80000
05448P,臺股指元大95售25,0,0,0,0,0,0,0,0,0,80000,0,0,0,80000,0,80000,80000
054989,精元元富97購01  ,0,0,0,0,0,0,0,0,0,80000,0,0,0,80000,0,80000,80000
06056P,台積電凱基98售02,0,0,0,0,0,0,0,0,0,80000,0,0,0,80000,0,80000,80000
055645,技嘉元富97購01  ,0,0,0,0,0,0,0,0,0,79000,0,0,0,217000,138000,79000,79000
055684,京鼎凱基97購01  ,0,0,0,0,0,0,0,0,0,79000,0,0,0,80000,1000,79000,79000
057859,神達康和98購01  ,0,0,0,0,0,0,0,0,0,79000,0,0,0,89000,10000,79000,79000
057293,力成國泰99購01  ,0,0,0,0,0,0,0,0,0,79000,0,0,0,339000,260000,79000,79000
048986,訊連元大94購01  ,0,0,0,0,0,0,0,0,0,79000,0,0,0,79000,0,79000,79000
052270,力成日盛95購01  ,0,0,0,0,0,0,0,0,0,79000,0,0,0,259000,180000,79000,79000
051641,矽創國票96購01  ,0,0,0,0,0,0,0,0,0,79000,0,0,0,79000,0,79000,79000
051846,S&P反1中信96購02,0,0,0,0,0,0,0,0,0,79000,0,0,0,80000,1000,79000,79000
052064,臺股指國票95購11,0,0,0,0,0,0,0,0,0,79000,0,0,0,80000,1000,79000,79000
049256,瑞昱元大94購04  ,0,0,0,0,0,0,0,0,0,79000,0,0,0,79000,0,79000,79000
050525,嘉晶元大95購02  ,0,0,0,0,0,0,0,0,0,79000,0,0,0,79000,0,79000,79000
050641,上証反凱基96購01,0,0,0,0,0,0,0,0,0,79000,0,0,0,80000,1000,79000,79000
052153,GIS富邦96購02   ,0,0,0,0,0,0,0,0,0,79000,0,0,0,100000,21000,79000,79000
055042,得力永豐97購01  ,0,0,0,0,0,0,0,0,0,79000,0,0,0,79000,0,79000,79000
054900,金寶康和97購01  ,0,0,0,0,0,0,0,0,0,79000,0,0,0,124000,45000,79000,79000
054418,茂林元大97購01  ,0,0,0,0,0,0,0,0,0,79000,0,0,0,130000,51000,79000,79000
05889P,群創元大98售02  ,0,0,0,0,0,0,0,0,0,79000,0,0,0,185000,106000,79000,79000
06864P,健策凱基98售01  ,0,0,0,0,0,0,0,0,0,79000,0,0,0,110000,31000,79000,79000
06578P,華新科國票98售02,0,0,0,0,0,0,0,0,0,79000,0,0,0,100000,21000,79000,79000
5434,崇越            ,565000,466000,99000,0,0,0,5000,0,5000,-25000,2000,13000,-11000,0,14000,-14000,79000
056995,華新科日盛99購01,0,0,0,0,0,0,0,0,0,78000,0,0,0,78000,0,78000,78000
056709,華通永豐98購01  ,0,0,0,0,0,0,0,0,0,78000,0,0,0,94000,16000,78000,78000
057763,康控凱基99購02  ,0,0,0,0,0,0,0,0,0,78000,0,0,0,113000,35000,78000,78000
055980,祥碩統一98購01  ,0,0,0,0,0,0,0,0,0,78000,0,0,0,195000,117000,78000,78000
055988,矽力元富97購01  ,0,0,0,0,0,0,0,0,0,78000,0,0,0,78000,0,78000,78000
047408,嘉晶統一95購01  ,0,0,0,0,0,0,0,0,0,78000,0,0,0,89000,11000,78000,78000
045414,康控群益94購02  ,0,0,0,0,0,0,0,0,0,78000,0,0,0,80000,2000,78000,78000
050523,義隆元大94購05  ,0,0,0,0,0,0,0,0,0,78000,0,0,0,78000,0,78000,78000
050159,超眾群益94購03  ,0,0,0,0,0,0,0,0,0,78000,0,0,0,78000,0,78000,78000
051894,嘉聯益元富95購03,0,0,0,0,0,0,0,0,0,78000,0,0,0,83000,5000,78000,78000
051461,聯詠國泰96購01  ,0,0,0,0,0,0,0,0,0,78000,0,0,0,168000,90000,78000,78000
054235,欣興群益96購06  ,0,0,0,0,0,0,0,0,0,78000,0,0,0,159000,81000,78000,78000
053216,京鼎凱基96購02  ,0,0,0,0,0,0,0,0,0,78000,0,0,0,80000,2000,78000,78000
06453P,群創元大9B售02  ,0,0,0,0,0,0,0,0,0,78000,0,0,0,120000,42000,78000,78000
05887P,友達元富99售03  ,0,0,0,0,0,0,0,0,0,78000,0,0,0,216000,138000,78000,78000
055945,上証2X元大97購04,0,0,0,0,0,0,0,0,0,77000,0,0,0,77000,0,77000,77000
055506,台郡元大99購02  ,0,0,0,0,0,0,0,0,0,77000,0,0,0,77000,0,77000,77000
056239,宏達電群益98購01,0,0,0,0,0,0,0,0,0,77000,0,0,0,169000,92000,77000,77000
056137,聯鈞元大9A購01  ,0,0,0,0,0,0,0,0,0,77000,0,0,0,87000,10000,77000,77000
057867,大立光凱基98購17,0,0,0,0,0,0,0,0,0,77000,0,0,0,77000,0,77000,77000
057126,台積電凱基99購03,0,0,0,0,0,0,0,0,0,77000,0,0,0,97000,20000,77000,77000
04886P,臺股指凱基94售20,0,0,0,0,0,0,0,0,0,77000,0,0,0,80000,3000,77000,77000
051185,強茂永豐95購03  ,0,0,0,0,0,0,0,0,0,77000,0,0,0,77000,0,77000,77000
050679,上証2X元富97購02,0,0,0,0,0,0,0,0,0,77000,0,0,0,77000,0,77000,77000
052164,啟碁永豐95購01  ,0,0,0,0,0,0,0,0,0,77000,0,0,0,77000,0,77000,77000
049870,南電兆豐94購01  ,0,0,0,0,0,0,0,0,0,77000,0,0,0,160000,83000,77000,77000
053651,台光電凱基98購01,0,0,0,0,0,0,0,0,0,77000,0,0,0,131000,54000,77000,77000
054311,世芯凱基96購02  ,0,0,0,0,0,0,0,0,0,77000,0,0,0,109000,32000,77000,77000
06532P,友達元富98售04  ,0,0,0,0,0,0,0,0,0,77000,0,0,0,137000,60000,77000,77000
06356P,啟碁永豐97售01  ,0,0,0,0,0,0,0,0,0,77000,0,0,0,81000,4000,77000,77000
06358P,力成中信97售02  ,0,0,0,0,0,0,0,0,0,77000,0,0,0,217000,140000,77000,77000
1905,華紙            ,1132000,1054000,78000,0,0,0,0,0,0,-1000,2000,3000,-1000,0,0,0,77000
057061,華擎國泰9A購01  ,0,0,0,0,0,0,0,0,0,76000,0,0,0,235000,159000,76000,76000
056746,超眾凱基99購01  ,0,0,0,0,0,0,0,0,0,76000,0,0,0,204000,128000,76000,76000
055846,大立光元大97購09,0,0,0,0,0,0,0,0,0,76000,0,0,0,76000,0,76000,76000
048129,力成元大93購02  ,0,0,0,0,0,0,0,0,0,76000,0,0,0,76000,0,76000,76000
046574,泰鼎國泰94購01  ,0,0,0,0,0,0,0,0,0,76000,0,0,0,213000,137000,76000,76000
047696,聯發科國票94購02,0,0,0,0,0,0,0,0,0,76000,0,0,0,76000,0,76000,76000
00663L,國泰臺灣加權正2 ,0,2000,-2000,0,0,0,0,0,0,78000,0,0,0,121000,43000,78000,76000
049020,可成群益94購02  ,0,0,0,0,0,0,0,0,0,76000,0,0,0,107000,31000,76000,76000
044382,嘉聯益群益94購01,0,0,0,0,0,0,0,0,0,76000,0,0,0,76000,0,76000,76000
04571P,華新科國泰95售03,0,0,0,0,0,0,0,0,0,76000,0,0,0,180000,104000,76000,76000
049269,超眾元大96購02  ,0,0,0,0,0,0,0,0,0,76000,0,0,0,171000,95000,76000,76000
051579,宏碁元大95購01  ,0,0,0,0,0,0,0,0,0,76000,0,0,0,147000,71000,76000,76000
052424,泰碩國票97購01  ,0,0,0,0,0,0,0,0,0,76000,0,0,0,76000,0,76000,76000
054442,啟碁台新96購01  ,0,0,0,0,0,0,0,0,0,76000,0,0,0,76000,0,76000,76000
054971,帆宣元大97購02  ,0,0,0,0,0,0,0,0,0,76000,0,0,0,182000,106000,76000,76000
053906,宏達電凱基96購02,0,0,0,0,0,0,0,0,0,76000,0,0,0,106000,30000,76000,76000
053024,國巨富邦97購02  ,0,0,0,0,0,0,0,0,0,76000,0,0,0,222000,146000,76000,76000
06426P,T50正2元大9B售01,0,0,0,0,0,0,0,0,0,76000,0,0,0,406000,330000,76000,76000
05894P,友達群益98售02  ,0,0,0,0,0,0,0,0,0,76000,0,0,0,113000,37000,76000,76000
05930P,景碩康和96售01  ,0,0,0,0,0,0,0,0,0,76000,0,0,0,79000,3000,76000,76000
057903,聯鈞永豐99購01  ,0,0,0,0,0,0,0,0,0,76000,0,0,0,126000,50000,76000,76000
06238P,台積電元大98售07,0,0,0,0,0,0,0,0,0,76000,0,0,0,332000,256000,76000,76000
056257,聯茂元富97購04  ,0,0,0,0,0,0,0,0,0,75000,0,0,0,75000,0,75000,75000
05650P,台積電富邦96售01,0,0,0,0,0,0,0,0,0,75000,0,0,0,125000,50000,75000,75000
056572,義隆元大99購01  ,0,0,0,0,0,0,0,0,0,75000,0,0,0,75000,0,75000,75000
057271,國巨元大98購17  ,0,0,0,0,0,0,0,0,0,75000,0,0,0,90000,15000,75000,75000
057274,友達元大98購03  ,0,0,0,0,0,0,0,0,0,75000,0,0,0,75000,0,75000,75000
057698,奇力新群益98購02,0,0,0,0,0,0,0,0,0,75000,0,0,0,142000,67000,75000,75000
041527,T50反1中信96購01,0,0,0,0,0,0,0,0,0,75000,0,0,0,115000,40000,75000,75000
04086P,臺股指元富93售04,0,0,0,0,0,0,0,0,0,75000,0,0,0,75000,0,75000,75000
03860P,群創元富97售01  ,0,0,0,0,0,0,0,0,0,75000,0,0,0,125000,50000,75000,75000
048535,超眾國票94購02  ,0,0,0,0,0,0,0,0,0,75000,0,0,0,75000,0,75000,75000
048122,台達電元大96購02,0,0,0,0,0,0,0,0,0,75000,0,0,0,75000,0,75000,75000
049183,鎧勝凱基94購01  ,0,0,0,0,0,0,0,0,0,75000,0,0,0,75000,0,75000,75000
052640,台表科凱基97購01,0,0,0,0,0,0,0,0,0,75000,0,0,0,86000,11000,75000,75000
050283,T50反1凱基9A購01,0,0,0,0,0,0,0,0,0,75000,0,0,0,85000,10000,75000,75000
051902,T50反1元大97購01,0,0,0,0,0,0,0,0,0,75000,0,0,0,75000,0,75000,75000
052914,奇力新元富96購01,0,0,0,0,0,0,0,0,0,75000,0,0,0,199000,124000,75000,75000
054965,健策元大98購04  ,0,0,0,0,0,0,0,0,0,75000,0,0,0,84000,9000,75000,75000
055213,大成鋼凱基98購01,0,0,0,0,0,0,0,0,0,75000,0,0,0,81000,6000,75000,75000
054402,康控永豐96購03  ,0,0,0,0,0,0,0,0,0,75000,0,0,0,75000,0,75000,75000
3607,谷崧            ,82000,6000,76000,0,0,0,0,0,0,-1000,0,1000,-1000,0,0,0,75000
3041,揚智            ,443000,364000,79000,0,0,0,0,0,0,-4000,0,4000,-4000,0,0,0,75000
057549,台光電凱基98購05,0,0,0,0,0,0,0,0,0,74000,0,0,0,74000,0,74000,74000
057027,祥碩凱基98購01  ,0,0,0,0,0,0,0,0,0,74000,0,0,0,74000,0,74000,74000
056502,A50正2永豐98購01,0,0,0,0,0,0,0,0,0,74000,0,0,0,106000,32000,74000,74000
055590,聯發科元大98購02,0,0,0,0,0,0,0,0,0,74000,0,0,0,328000,254000,74000,74000
047616,鴻海凱基94購10  ,0,0,0,0,0,0,0,0,0,74000,0,0,0,74000,0,74000,74000
046344,超眾國票94購01  ,0,0,0,0,0,0,0,0,0,74000,0,0,0,104000,30000,74000,74000
042281,元油2X富邦96購02,0,0,0,0,0,0,0,0,0,74000,0,0,0,100000,26000,74000,74000
05170P,世芯元大95售01  ,0,0,0,0,0,0,0,0,0,74000,0,0,0,441000,367000,74000,74000
049247,光寶科元大94購02,0,0,0,0,0,0,0,0,0,74000,0,0,0,76000,2000,74000,74000
050099,台積電永昌96購01,0,0,0,0,0,0,0,0,0,74000,0,0,0,320000,246000,74000,74000
050454,嘉澤元大94購04  ,0,0,0,0,0,0,0,0,0,74000,0,0,0,74000,0,74000,74000
052362,瑞昱國票96購02  ,0,0,0,0,0,0,0,0,0,74000,0,0,0,104000,30000,74000,74000
054624,台積電凱基98購03,0,0,0,0,0,0,0,0,0,74000,0,0,0,193000,119000,74000,74000
055058,大毅永豐97購01  ,0,0,0,0,0,0,0,0,0,74000,0,0,0,126000,52000,74000,74000
1712,興農            ,110000,30000,80000,0,0,0,0,0,0,-6000,10000,16000,-6000,0,0,0,74000
06144P,台光電永豐97售01,0,0,0,0,0,0,0,0,0,74000,0,0,0,180000,106000,74000,74000
06151P,華新科元大97售07,0,0,0,0,0,0,0,0,0,74000,0,0,0,231000,157000,74000,74000
055839,瑞昱元大97購04  ,0,0,0,0,0,0,0,0,0,73000,0,0,0,98000,25000,73000,73000
056812,泰鼎統一98購01  ,0,0,0,0,0,0,0,0,0,73000,0,0,0,424000,351000,73000,73000
057646,玉山金元大98購01,0,0,0,0,0,0,0,0,0,73000,0,0,0,248000,175000,73000,73000
057768,華新科中信9A購01,0,0,0,0,0,0,0,0,0,73000,0,0,0,73000,0,73000,73000
050031,嘉澤元大95購01  ,0,0,0,0,0,0,0,0,0,73000,0,0,0,108000,35000,73000,73000
052532,台積電國泰96購07,0,0,0,0,0,0,0,0,0,73000,0,0,0,652000,579000,73000,73000
051251,信邦元大95購01  ,0,0,0,0,0,0,0,0,0,73000,0,0,0,108000,35000,73000,73000
051240,台積電元大95購12,0,0,0,0,0,0,0,0,0,73000,0,0,0,165000,92000,73000,73000
050202,建準群益95購01  ,0,0,0,0,0,0,0,0,0,73000,0,0,0,88000,15000,73000,73000
049583,台積電元大95購04,0,0,0,0,0,0,0,0,0,73000,0,0,0,468000,395000,73000,73000
055116,康控凱基98購01  ,0,0,0,0,0,0,0,0,0,73000,0,0,0,73000,0,73000,73000
054587,玉晶光國泰99購01,0,0,0,0,0,0,0,0,0,73000,0,0,0,91000,18000,73000,73000
05297P,臻鼎凱基95售04  ,0,0,0,0,0,0,0,0,0,73000,0,0,0,153000,80000,73000,73000
053343,宏達電國票97購02,0,0,0,0,0,0,0,0,0,73000,0,0,0,82000,9000,73000,73000
054011,旺宏永豐96購05  ,0,0,0,0,0,0,0,0,0,73000,0,0,0,156000,83000,73000,73000
054098,嘉晶國票97購04  ,0,0,0,0,0,0,0,0,0,73000,0,0,0,73000,0,73000,73000
9958,世紀鋼          ,1068000,1148000,-80000,0,0,0,762000,0,762000,-609000,67000,37000,30000,192000,831000,-639000,73000
057556,智易凱基99購01  ,0,0,0,0,0,0,0,0,0,72000,0,0,0,143000,71000,72000,72000
057589,超眾國票9A購01  ,0,0,0,0,0,0,0,0,0,72000,0,0,0,75000,3000,72000,72000
057288,聯茂元大98購03  ,0,0,0,0,0,0,0,0,0,72000,0,0,0,78000,6000,72000,72000
057392,福懋科永豐98購01,0,0,0,0,0,0,0,0,0,72000,0,0,0,72000,0,72000,72000
056934,國巨元富98購04  ,0,0,0,0,0,0,0,0,0,72000,0,0,0,144000,72000,72000,72000
057075,嘉聯益永豐98購01,0,0,0,0,0,0,0,0,0,72000,0,0,0,89000,17000,72000,72000
057163,上銀元大98購04  ,0,0,0,0,0,0,0,0,0,72000,0,0,0,72000,0,72000,72000
055885,大成鋼統一97購02,0,0,0,0,0,0,0,0,0,72000,0,0,0,72000,0,72000,72000
05634P,玉晶光台新97售01,0,0,0,0,0,0,0,0,0,72000,0,0,0,72000,0,72000,72000
050810,鴻海凱基95購09  ,0,0,0,0,0,0,0,0,0,72000,0,0,0,72000,0,72000,72000
04655P,臺股指凱基94售14,0,0,0,0,0,0,0,0,0,72000,0,0,0,640000,568000,72000,72000
048557,瑞昱元大94購01  ,0,0,0,0,0,0,0,0,0,72000,0,0,0,72000,0,72000,72000
050124,元金2X凱基95購01,0,0,0,0,0,0,0,0,0,72000,0,0,0,103000,31000,72000,72000
051734,台積電國票95購04,0,0,0,0,0,0,0,0,0,72000,0,0,0,199000,127000,72000,72000
050601,台表科國泰96購01,0,0,0,0,0,0,0,0,0,72000,0,0,0,99000,27000,72000,72000
053845,和大元富96購01  ,0,0,0,0,0,0,0,0,0,72000,0,0,0,72000,0,72000,72000
052968,燿華群益98購01  ,0,0,0,0,0,0,0,0,0,72000,0,0,0,117000,45000,72000,72000
052839,上海銀國泰97購01,0,0,0,0,0,0,0,0,0,72000,0,0,0,87000,15000,72000,72000
05283P,健鼎元大95售04  ,0,0,0,0,0,0,0,0,0,72000,0,0,0,72000,0,72000,72000
054905,國揚康和97購01  ,0,0,0,0,0,0,0,0,0,72000,0,0,0,72000,0,72000,72000
05810P,臺股指國票96售03,0,0,0,0,0,0,0,0,0,72000,0,0,0,80000,8000,72000,72000
06399P,台表科凱基97售05,0,0,0,0,0,0,0,0,0,72000,0,0,0,81000,9000,72000,72000
055730,建準元富97購02  ,0,0,0,0,0,0,0,0,0,71000,0,0,0,71000,0,71000,71000
048484,大立光國泰95購02,0,0,0,0,0,0,0,0,0,71000,0,0,0,82000,11000,71000,71000
00851,台新全球AI      ,0,0,0,0,0,0,0,0,0,71000,0,0,0,404000,333000,71000,71000
051807,瑞昱凱基95購03  ,0,0,0,0,0,0,0,0,0,71000,0,0,0,71000,0,71000,71000
052051,京鼎凱基95購01  ,0,0,0,0,0,0,0,0,0,71000,0,0,0,91000,20000,71000,71000
052277,台達電凱基97購01,0,0,0,0,0,0,0,0,0,71000,0,0,0,71000,0,71000,71000
052317,台積電元大96購11,0,0,0,0,0,0,0,0,0,71000,0,0,0,83000,12000,71000,71000
051463,世芯國泰97購02  ,0,0,0,0,0,0,0,0,0,71000,0,0,0,273000,202000,71000,71000
052503,大成鋼日盛95購02,0,0,0,0,0,0,0,0,0,71000,0,0,0,91000,20000,71000,71000
052456,滬深2X元富9B購03,0,0,0,0,0,0,0,0,0,71000,0,0,0,159000,88000,71000,71000
05249P,臻鼎國票95售01  ,0,0,0,0,0,0,0,0,0,71000,0,0,0,71000,0,71000,71000
054704,玉晶光第一97購01,0,0,0,0,0,0,0,0,0,71000,0,0,0,71000,0,71000,71000
054322,國巨台新96購02  ,0,0,0,0,0,0,0,0,0,71000,0,0,0,71000,0,71000,71000
053125,宏達電凱基96購01,0,0,0,0,0,0,0,0,0,71000,0,0,0,74000,3000,71000,71000
054184,A50正2永豐96購01,0,0,0,0,0,0,0,0,0,71000,0,0,0,71000,0,71000,71000
053961,揚明光永豐96購04,0,0,0,0,0,0,0,0,0,71000,0,0,0,121000,50000,71000,71000
06280P,臺股指凱基97售12,0,0,0,0,0,0,0,0,0,71000,0,0,0,71000,0,71000,71000
06077P,GIS凱基97售02   ,0,0,0,0,0,0,0,0,0,71000,0,0,0,83000,12000,71000,71000
055580,南茂統一97購01  ,0,0,0,0,0,0,0,0,0,70000,0,0,0,70000,0,70000,70000
055827,中石化元大98購01,0,0,0,0,0,0,0,0,0,70000,0,0,0,70000,0,70000,70000
056057,華邦電元大97購05,0,0,0,0,0,0,0,0,0,70000,0,0,0,81000,11000,70000,70000
056498,A50正2富邦9B購01,0,0,0,0,0,0,0,0,0,70000,0,0,0,70000,0,70000,70000
057223,富邦金日盛99購01,0,0,0,0,0,0,0,0,0,70000,0,0,0,176000,106000,70000,70000
057194,南電元大98購01  ,0,0,0,0,0,0,0,0,0,70000,0,0,0,105000,35000,70000,70000
057352,大立光統一9A購02,0,0,0,0,0,0,0,0,0,70000,0,0,0,70000,0,70000,70000
057561,大立光兆豐98購02,0,0,0,0,0,0,0,0,0,70000,0,0,0,70000,0,70000,70000
057861,台積電凱基98購16,0,0,0,0,0,0,0,0,0,70000,0,0,0,147000,77000,70000,70000
03005P,旭富群益01售05  ,0,0,0,0,0,0,0,0,0,70000,0,0,0,70000,0,70000,70000
045480,滬深2X中信94購01,0,0,0,0,0,0,0,0,0,70000,0,0,0,70000,0,70000,70000
048279,聯鈞永豐93購01  ,0,0,0,0,0,0,0,0,0,70000,0,0,0,70000,0,70000,70000
047546,瑞昱凱基93購06  ,0,0,0,0,0,0,0,0,0,70000,0,0,0,90000,20000,70000,70000
048021,滬深反凱基93購02,0,0,0,0,0,0,0,0,0,70000,0,0,0,70000,0,70000,70000
048069,南亞科元富95購02,0,0,0,0,0,0,0,0,0,70000,0,0,0,70000,0,70000,70000
051076,緯創國泰96購01  ,0,0,0,0,0,0,0,0,0,70000,0,0,0,70000,0,70000,70000
049517,台光電國票94購02,0,0,0,0,0,0,0,0,0,70000,0,0,0,110000,40000,70000,70000
05240P,玉晶光永豐96售01,0,0,0,0,0,0,0,0,0,70000,0,0,0,70000,0,70000,70000
051400,國巨永豐95購01  ,0,0,0,0,0,0,0,0,0,70000,0,0,0,100000,30000,70000,70000
050456,聯茂元大94購09  ,0,0,0,0,0,0,0,0,0,70000,0,0,0,81000,11000,70000,70000
050185,和鑫元大95購02  ,0,0,0,0,0,0,0,0,0,70000,0,0,0,70000,0,70000,70000
053912,T50反1國票97購02,0,0,0,0,0,0,0,0,0,70000,0,0,0,70000,0,70000,70000
053645,臺股指國票96購08,0,0,0,0,0,0,0,0,0,70000,0,0,0,70000,0,70000,70000
053057,聯電國泰97購02  ,0,0,0,0,0,0,0,0,0,70000,0,0,0,80000,10000,70000,70000
053351,A50正2兆豐97購01,0,0,0,0,0,0,0,0,0,70000,0,0,0,70000,0,70000,70000
053458,聯詠國泰97購01  ,0,0,0,0,0,0,0,0,0,70000,0,0,0,170000,100000,70000,70000
053501,明泰兆豐96購01  ,0,0,0,0,0,0,0,0,0,70000,0,0,0,70000,0,70000,70000
05481P,鴻海凱基95售21  ,0,0,0,0,0,0,0,0,0,70000,0,0,0,76000,6000,70000,70000
054963,牧德元大97購02  ,0,0,0,0,0,0,0,0,0,70000,0,0,0,102000,32000,70000,70000
055205,京鼎中信99購01  ,0,0,0,0,0,0,0,0,0,70000,0,0,0,70000,0,70000,70000
057978,聯發科永豐98購05,0,0,0,0,0,0,0,0,0,70000,0,0,0,120000,50000,70000,70000
06567P,鴻海永豐98售02  ,0,0,0,0,0,0,0,0,0,70000,0,0,0,70000,0,70000,70000
06876P,台灣50兆豐9B售01,0,0,0,0,0,0,0,0,0,70000,0,0,0,70000,0,70000,70000
1702,南僑            ,126000,46000,80000,0,0,0,0,0,0,-10000,0,10000,-10000,0,0,0,70000
056484,聯茂元大98購02  ,0,0,0,0,0,0,0,0,0,69000,0,0,0,73000,4000,69000,69000
047345,鴻海凱基94購06  ,0,0,0,0,0,0,0,0,0,69000,0,0,0,69000,0,69000,69000
04474P,聯發科元大94售03,0,0,0,0,0,0,0,0,0,69000,0,0,0,70000,1000,69000,69000
03903P,美律永豐93售01  ,0,0,0,0,0,0,0,0,0,69000,0,0,0,69000,0,69000,69000
045073,可成元大93購01  ,0,0,0,0,0,0,0,0,0,69000,0,0,0,81000,12000,69000,69000
049915,瑞昱元大94購07  ,0,0,0,0,0,0,0,0,0,69000,0,0,0,69000,0,69000,69000
049875,台積電永豐94購04,0,0,0,0,0,0,0,0,0,69000,0,0,0,580000,511000,69000,69000
050513,亞泥元大94購02  ,0,0,0,0,0,0,0,0,0,69000,0,0,0,102000,33000,69000,69000
052042,台積電日盛95購02,0,0,0,0,0,0,0,0,0,69000,0,0,0,184000,115000,69000,69000
050120,GIS元大95購02   ,0,0,0,0,0,0,0,0,0,69000,0,0,0,69000,0,69000,69000
049614,聯茂中信94購01  ,0,0,0,0,0,0,0,0,0,69000,0,0,0,293000,224000,69000,69000
049710,大成鋼凱基94購03,0,0,0,0,0,0,0,0,0,69000,0,0,0,69000,0,69000,69000
051234,南電群益95購02  ,0,0,0,0,0,0,0,0,0,69000,0,0,0,90000,21000,69000,69000
055127,台虹兆豐97購01  ,0,0,0,0,0,0,0,0,0,69000,0,0,0,199000,130000,69000,69000
055457,聚陽永豐97購01  ,0,0,0,0,0,0,0,0,0,69000,0,0,0,109000,40000,69000,69000
054662,同欣電元大97購02,0,0,0,0,0,0,0,0,0,69000,0,0,0,130000,61000,69000,69000
052878,台虹凱基96購01  ,0,0,0,0,0,0,0,0,0,69000,0,0,0,129000,60000,69000,69000
052976,台表科群益96購03,0,0,0,0,0,0,0,0,0,69000,0,0,0,69000,0,69000,69000
053656,可成凱基96購06  ,0,0,0,0,0,0,0,0,0,69000,0,0,0,107000,38000,69000,69000
05826P,臺股指凱基96售23,0,0,0,0,0,0,0,0,0,69000,0,0,0,69000,0,69000,69000
056488,致新元大99購01  ,0,0,0,0,0,0,0,0,0,68000,0,0,0,68000,0,68000,68000
056550,瑞儀凱基99購01  ,0,0,0,0,0,0,0,0,0,68000,0,0,0,82000,14000,68000,68000
056152,可成凱基97購02  ,0,0,0,0,0,0,0,0,0,68000,0,0,0,68000,0,68000,68000
056036,鴻海凱基97購07  ,0,0,0,0,0,0,0,0,0,68000,0,0,0,68000,0,68000,68000
056002,嘉晶永豐97購01  ,0,0,0,0,0,0,0,0,0,68000,0,0,0,68000,0,68000,68000
055848,大立光元大97購11,0,0,0,0,0,0,0,0,0,68000,0,0,0,68000,0,68000,68000
055925,上銀群益97購01  ,0,0,0,0,0,0,0,0,0,68000,0,0,0,116000,48000,68000,68000
057751,神達國票99購02  ,0,0,0,0,0,0,0,0,0,68000,0,0,0,69000,1000,68000,68000
057649,嘉聯益元大99購04,0,0,0,0,0,0,0,0,0,68000,0,0,0,144000,76000,68000,68000
057573,京鼎永豐98購02  ,0,0,0,0,0,0,0,0,0,68000,0,0,0,68000,0,68000,68000
057162,上銀元大98購03  ,0,0,0,0,0,0,0,0,0,68000,0,0,0,108000,40000,68000,68000
057023,美律凱基99購02  ,0,0,0,0,0,0,0,0,0,68000,0,0,0,68000,0,68000,68000
04314P,聯茂元富93售01  ,0,0,0,0,0,0,0,0,0,68000,0,0,0,68000,0,68000,68000
045897,泰鼎元大93購04  ,350000,0,350000,0,0,0,0,0,0,-282000,0,0,0,180000,462000,-282000,68000
051165,可成元大95購01  ,0,0,0,0,0,0,0,0,0,68000,0,0,0,68000,0,68000,68000
050287,台達電凱基94購10,0,0,0,0,0,0,0,0,0,68000,0,0,0,68000,0,68000,68000
050262,台積電元大94購21,0,0,0,0,0,0,0,0,0,68000,0,0,0,207000,139000,68000,68000
052612,康舒元大97購01  ,0,0,0,0,0,0,0,0,0,68000,0,0,0,68000,0,68000,68000
050110,京元電元大94購03,0,0,0,0,0,0,0,0,0,68000,0,0,0,68000,0,68000,68000
052085,聯電元大95購01  ,0,0,0,0,0,0,0,0,0,68000,0,0,0,69000,1000,68000,68000
051908,國泰金元大96購02,0,0,0,0,0,0,0,0,0,68000,0,0,0,68000,0,68000,68000
051917,瑞儀元大95購01  ,0,0,0,0,0,0,0,0,0,68000,0,0,0,68000,0,68000,68000
050505,可成凱基94購12  ,0,0,0,0,0,0,0,0,0,68000,0,0,0,68000,0,68000,68000
050460,GIS元大95購03   ,0,0,0,0,0,0,0,0,0,68000,0,0,0,68000,0,68000,68000
052172,致茂元大95購01  ,0,0,0,0,0,0,0,0,0,68000,0,0,0,94000,26000,68000,68000
050929,中磊凱基95購01  ,0,0,0,0,0,0,0,0,0,68000,0,0,0,68000,0,68000,68000
050520,凌陽元大94購02  ,0,0,0,0,0,0,0,0,0,68000,0,0,0,68000,0,68000,68000
049330,元上證統一94購03,0,0,0,0,0,0,0,0,0,68000,0,0,0,68000,0,68000,68000
049322,志超凱基94購02  ,0,0,0,0,0,0,0,0,0,68000,0,0,0,68000,0,68000,68000
053598,日月光元大96購04,0,0,0,0,0,0,0,0,0,68000,0,0,0,68000,0,68000,68000
053536,明泰永豐96購01  ,0,0,0,0,0,0,0,0,0,68000,0,0,0,78000,10000,68000,68000
053870,正文元大96購01  ,0,0,0,0,0,0,0,0,0,68000,0,0,0,68000,0,68000,68000
053839,華通統一96購01  ,0,0,0,0,0,0,0,0,0,68000,0,0,0,68000,0,68000,68000
053783,聯發科元大96購17,0,0,0,0,0,0,0,0,0,68000,0,0,0,83000,15000,68000,68000
05396P,台郡元大95售05  ,0,0,0,0,0,0,0,0,0,68000,0,0,0,71000,3000,68000,68000
054048,國泰金元大96購04,0,0,0,0,0,0,0,0,0,68000,0,0,0,68000,0,68000,68000
054174,宏達電台新97購01,0,0,0,0,0,0,0,0,0,68000,0,0,0,91000,23000,68000,68000
054147,GIS元大96購02   ,0,0,0,0,0,0,0,0,0,68000,0,0,0,68000,0,68000,68000
053383,京元電元大97購01,0,0,0,0,0,0,0,0,0,68000,0,0,0,81000,13000,68000,68000
053422,可成永豐96購01  ,0,0,0,0,0,0,0,0,0,68000,0,0,0,68000,0,68000,68000
053177,華邦電統一96購01,0,0,0,0,0,0,0,0,0,68000,0,0,0,79000,11000,68000,68000
054615,牧德永豐98購01  ,0,0,0,0,0,0,0,0,0,68000,0,0,0,121000,53000,68000,68000
054816,聯發科元大97購12,0,0,0,0,0,0,0,0,0,68000,0,0,0,68000,0,68000,68000
054314,嘉聯益凱基97購01,0,0,0,0,0,0,0,0,0,68000,0,0,0,78000,10000,68000,68000
054547,鴻海凱基98購02  ,0,0,0,0,0,0,0,0,0,68000,0,0,0,68000,0,68000,68000
055219,啟碁凱基98購01  ,0,0,0,0,0,0,0,0,0,68000,0,0,0,68000,0,68000,68000
055007,晶相光元富9A購02,0,0,0,0,0,0,0,0,0,68000,0,0,0,163000,95000,68000,68000
4133,亞諾法          ,154000,113000,41000,0,0,0,0,0,0,27000,27000,0,27000,0,0,0,68000
8497,格威傳媒        ,105000,32000,73000,0,0,0,0,0,0,-5000,0,0,0,0,5000,-5000,68000
05687P,臺股指元大96售12,0,0,0,0,0,0,0,0,0,67000,0,0,0,97000,30000,67000,67000
057394,台積電中信9C購02,0,0,0,0,0,0,0,0,0,67000,0,0,0,162000,95000,67000,67000
055564,茂林凱基98購01  ,0,0,0,0,0,0,0,0,0,67000,0,0,0,67000,0,67000,67000
056187,京鼎統一97購01  ,0,0,0,0,0,0,0,0,0,67000,0,0,0,106000,39000,67000,67000
056508,揚明光永豐98購01,0,0,0,0,0,0,0,0,0,67000,0,0,0,81000,14000,67000,67000
048462,南電凱基93購06  ,0,0,0,0,0,0,0,0,0,67000,0,0,0,67000,0,67000,67000
04702P,臺股指元富94售08,0,0,0,0,0,0,0,0,0,67000,0,0,0,67000,0,67000,67000
048130,美利達元大96購01,0,0,0,0,0,0,0,0,0,67000,0,0,0,182000,115000,67000,67000
049798,台積電元大94購18,0,0,0,0,0,0,0,0,0,67000,0,0,0,912000,845000,67000,67000
049490,京元電元大95購02,0,0,0,0,0,0,0,0,0,67000,0,0,0,68000,1000,67000,67000
051582,聯發科元大97購02,0,0,0,0,0,0,0,0,0,67000,0,0,0,152000,85000,67000,67000
055372,宏達電元大97購04,0,0,0,0,0,0,0,0,0,67000,0,0,0,163000,96000,67000,67000
055401,亞光元富9A購01  ,0,0,0,0,0,0,0,0,0,67000,0,0,0,75000,8000,67000,67000
053294,聯發科中信9C購01,0,0,0,0,0,0,0,0,0,67000,0,0,0,100000,33000,67000,67000
053468,鴻海元大98購01  ,0,0,0,0,0,0,0,0,0,67000,0,0,0,77000,10000,67000,67000
054017,茂林永豐96購02  ,0,0,0,0,0,0,0,0,0,67000,0,0,0,77000,10000,67000,67000
1532,勤美            ,164000,97000,67000,0,0,0,0,0,0,0,0,0,0,0,0,0,67000
08897P,國巨群益01售10  ,0,0,0,0,0,0,0,0,0,67000,0,0,0,119000,52000,67000,67000
06417P,台積電兆豐97售03,0,0,0,0,0,0,0,0,0,67000,0,0,0,237000,170000,67000,67000
056336,南亞科凱基98購02,0,0,0,0,0,0,0,0,0,66000,0,0,0,77000,11000,66000,66000
05633P,台表科群益96售04,0,0,0,0,0,0,0,0,0,66000,0,0,0,89000,23000,66000,66000
057326,景碩群益99購02  ,0,0,0,0,0,0,0,0,0,66000,0,0,0,66000,0,66000,66000
057809,英業達元大98購01,0,0,0,0,0,0,0,0,0,66000,0,0,0,66000,0,66000,66000
056764,友達元大9A購03  ,0,0,0,0,0,0,0,0,0,66000,0,0,0,88000,22000,66000,66000
046939,燿華元大96購01  ,0,0,0,0,0,0,0,0,0,66000,0,0,0,66000,0,66000,66000
04826P,華新科麥證95售01,0,0,0,69000,3000,66000,0,0,0,66000,0,0,0,69000,3000,66000,66000
052608,欣興元大97購01  ,0,0,0,0,0,0,0,0,0,66000,0,0,0,71000,5000,66000,66000
052742,可成元大96購01  ,0,0,0,0,0,0,0,0,0,66000,0,0,0,111000,45000,66000,66000
051342,光寶科元大95購01,0,0,0,0,0,0,0,0,0,66000,0,0,0,68000,2000,66000,66000
049233,聯發科統一94購04,0,0,0,0,0,0,0,0,0,66000,0,0,0,122000,56000,66000,66000
053176,矽力群益96購02  ,0,0,0,0,0,0,0,0,0,66000,0,0,0,70000,4000,66000,66000
053009,大成鋼統一96購02,0,0,0,0,0,0,0,0,0,66000,0,0,0,505000,439000,66000,66000
054263,聯茂元大96購02  ,0,0,0,0,0,0,0,0,0,66000,0,0,0,87000,21000,66000,66000
06607P,友達台新98售02  ,0,0,0,0,0,0,0,0,0,66000,0,0,0,66000,0,66000,66000
056863,義隆群益98購01  ,0,0,0,0,0,0,0,0,0,65000,0,0,0,76000,11000,65000,65000
056115,奇力新群益97購06,0,0,0,0,0,0,0,0,0,65000,0,0,0,133000,68000,65000,65000
056442,瑞昱凱基98購02  ,0,0,0,0,0,0,0,0,0,65000,0,0,0,120000,55000,65000,65000
055833,華通元大98購05  ,0,0,0,0,0,0,0,0,0,65000,0,0,0,125000,60000,65000,65000
055831,台達電元大97購01,0,0,0,0,0,0,0,0,0,65000,0,0,0,65000,0,65000,65000
048158,大立光兆豐95購01,0,0,0,0,0,0,0,0,0,65000,0,0,0,70000,5000,65000,65000
048179,臻鼎富邦97購01  ,0,0,0,0,0,0,0,0,0,65000,0,0,0,70000,5000,65000,65000
051835,百和元大95購03  ,0,0,0,0,0,0,0,0,0,65000,0,0,0,65000,0,65000,65000
049878,宏達電永豐94購01,0,0,0,0,0,0,0,0,0,65000,0,0,0,65000,0,65000,65000
05139P,臺股指凱基95售06,0,0,0,0,0,0,0,0,0,65000,0,0,0,65000,0,65000,65000
051039,台表科康和95購01,0,0,0,0,0,0,0,0,0,65000,0,0,0,65000,0,65000,65000
051000,台郡元大96購01  ,0,0,0,0,0,0,0,0,0,65000,0,0,0,118000,53000,65000,65000
052534,貿聯國泰96購02  ,0,0,0,0,0,0,0,0,0,65000,0,0,0,75000,10000,65000,65000
055279,華邦電元大97購02,0,0,0,0,0,0,0,0,0,65000,0,0,0,68000,3000,65000,65000
055342,鴻海凱基97購04  ,0,0,0,0,0,0,0,0,0,65000,0,0,0,65000,0,65000,65000
05314P,臺股指群益95售13,0,0,0,0,0,0,0,0,0,65000,0,0,0,65000,0,65000,65000
054189,貿聯永豐96購03  ,0,0,0,0,0,0,0,0,0,65000,0,0,0,75000,10000,65000,65000
054108,台積電凱基96購22,0,0,0,0,0,0,0,0,0,65000,0,0,0,81000,16000,65000,65000
06726P,欣興元富98售04  ,0,0,0,0,0,0,0,0,0,65000,0,0,0,99000,34000,65000,65000
05856P,A50正2中信99售01,0,0,0,0,0,0,0,0,0,65000,0,0,0,75000,10000,65000,65000
05843P,台積電元大96售16,0,0,0,0,0,0,0,0,0,65000,0,0,0,214000,149000,65000,65000
055857,嘉聯益元大97購04,0,0,0,0,0,0,0,0,0,64000,0,0,0,78000,14000,64000,64000
05568P,台積電統一96售03,0,0,0,0,0,0,0,0,0,64000,0,0,0,64000,0,64000,64000
056158,新日興凱基98購02,0,0,0,0,0,0,0,0,0,64000,0,0,0,64000,0,64000,64000
056821,日電貿永豐98購01,0,0,0,0,0,0,0,0,0,64000,0,0,0,91000,27000,64000,64000
057415,和碩日盛98購01  ,0,0,0,0,0,0,0,0,0,64000,0,0,0,64000,0,64000,64000
048026,瑞昱凱基94購01  ,0,0,0,0,0,0,0,0,0,64000,0,0,0,67000,3000,64000,64000
05160P,國巨國票96售03  ,0,0,0,0,0,0,0,0,0,64000,0,0,0,156000,92000,64000,64000
051422,超眾國票96購01  ,0,0,0,0,0,0,0,0,0,64000,0,0,0,69000,5000,64000,64000
051946,健策統一98購01  ,0,0,0,0,0,0,0,0,0,64000,0,0,0,189000,125000,64000,64000
050121,南電元大95購02  ,0,0,0,0,0,0,0,0,0,64000,0,0,0,79000,15000,64000,64000
049277,臺股指元大94購12,0,0,0,0,0,0,0,0,0,64000,0,0,0,138000,74000,64000,64000
053483,嘉澤第一96購01  ,0,0,0,0,0,0,0,0,0,64000,0,0,0,84000,20000,64000,64000
1773,勝一            ,95000,26000,69000,0,0,0,0,0,0,-5000,0,5000,-5000,0,0,0,64000
9955,佳龍            ,120000,50000,70000,0,0,0,0,0,0,-6000,0,6000,-6000,0,0,0,64000
056743,貿聯凱基98購04  ,0,0,0,0,0,0,0,0,0,63000,0,0,0,105000,42000,63000,63000
057016,中石化凱基9B購01,0,0,0,0,0,0,0,0,0,63000,0,0,0,63000,0,63000,63000
050061,聯發科凱基94購07,0,0,0,0,0,0,0,0,0,63000,0,0,0,93000,30000,63000,63000
048852,旺宏群益96購02  ,0,0,0,0,0,0,0,0,0,63000,0,0,0,88000,25000,63000,63000
048732,台勝科麥證95購01,0,0,0,63000,0,63000,0,0,0,63000,0,0,0,63000,0,63000,63000
051550,日電貿永豐95購01,0,0,0,0,0,0,0,0,0,63000,0,0,0,85000,22000,63000,63000
049420,日電貿凱基94購01,0,0,0,0,0,0,0,0,0,63000,0,0,0,68000,5000,63000,63000
055407,祥碩國泰98購01  ,0,0,0,0,0,0,0,0,0,63000,0,0,0,90000,27000,63000,63000
9930,中聯資源        ,94000,22000,72000,0,0,0,0,0,0,-9000,0,9000,-9000,0,0,0,63000
056919,英業達兆豐98購01,0,0,0,0,0,0,0,0,0,62000,0,0,0,73000,11000,62000,62000
057455,景碩國泰99購01  ,0,0,0,0,0,0,0,0,0,62000,0,0,0,70000,8000,62000,62000
057780,台郡群益98購02  ,0,0,0,0,0,0,0,0,0,62000,0,0,0,62000,0,62000,62000
05772P,景碩凱基96售02  ,0,0,0,0,0,0,0,0,0,62000,0,0,0,63000,1000,62000,62000
056341,宏達電凱基9A購01,0,0,0,0,0,0,0,0,0,62000,0,0,0,360000,298000,62000,62000
055721,聯詠元大97購04  ,0,0,0,0,0,0,0,0,0,62000,0,0,0,130000,68000,62000,62000
055960,義隆元大97購01  ,0,0,0,0,0,0,0,0,0,62000,0,0,0,62000,0,62000,62000
046870,大立光統一95購01,0,0,0,0,0,0,0,0,0,62000,0,0,0,84000,22000,62000,62000
046443,超眾兆豐93購01  ,0,0,0,0,0,0,0,0,0,62000,0,0,0,62000,0,62000,62000
042801,達邁元大93購01  ,0,0,0,0,0,0,0,0,0,62000,0,0,0,62000,0,62000,62000
03635C,滬深2X元富99牛01,0,0,0,0,0,0,0,0,0,62000,0,0,0,112000,50000,62000,62000
052666,瑞昱群益96購01  ,0,0,0,0,0,0,0,0,0,62000,0,0,0,62000,0,62000,62000
055292,聯鈞元大97購02  ,0,0,0,0,0,0,0,0,0,62000,0,0,0,155000,93000,62000,62000
054326,宏達電台新97購02,0,0,0,0,0,0,0,0,0,62000,0,0,0,62000,0,62000,62000
05893P,國巨兆豐96售04  ,0,0,0,0,0,0,0,0,0,62000,0,0,0,272000,210000,62000,62000
057896,嘉晶元富98購01  ,0,0,0,0,0,0,0,0,0,62000,0,0,0,62000,0,62000,62000
06679P,旺宏元大98售09  ,0,0,0,0,0,0,0,0,0,62000,0,0,0,213000,151000,62000,62000
06602P,國巨統一99售02  ,0,0,0,0,0,0,0,0,0,62000,0,0,0,103000,41000,62000,62000
056637,台光電日盛9A購01,0,0,0,0,0,0,0,0,0,61000,0,0,0,305000,244000,61000,61000
05664P,國巨凱基96售09  ,0,0,0,0,0,0,0,0,0,61000,0,0,0,83000,22000,61000,61000
057386,聯發科永豐98購04,0,0,0,0,0,0,0,0,0,61000,0,0,0,118000,57000,61000,61000
04198P,滬深2X群益95售04,0,0,0,0,0,0,0,0,0,61000,0,0,0,75000,14000,61000,61000
04577P,康友元富94售02  ,0,0,0,0,0,0,0,0,0,61000,0,0,0,61000,0,61000,61000
051486,玉晶光凱基97購03,0,0,0,0,0,0,0,0,0,61000,0,0,0,189000,128000,61000,61000
052029,矽力群益95購02  ,0,0,0,0,0,0,0,0,0,61000,0,0,0,61000,0,61000,61000
049935,南電元大94購08  ,0,0,0,0,0,0,0,0,0,61000,0,0,0,64000,3000,61000,61000
054647,禾伸堂群益99購01,0,0,0,0,0,0,0,0,0,61000,0,0,0,63000,2000,61000,61000
053331,玉晶光永豐97購02,0,0,0,0,0,0,0,0,0,61000,0,0,0,223000,162000,61000,61000
052979,上銀元大96購02  ,0,0,0,0,0,0,0,0,0,61000,0,0,0,70000,9000,61000,61000
052857,大成鋼凱基96購01,0,0,0,0,0,0,0,0,0,61000,0,0,0,187000,126000,61000,61000
06790P,台積電凱基9A售04,0,0,0,0,0,0,0,0,0,61000,0,0,0,177000,116000,61000,61000
057420,美食凱基98購01  ,0,0,0,0,0,0,0,0,0,60000,0,0,0,60000,0,60000,60000
057453,矽創元富98購01  ,0,0,0,0,0,0,0,0,0,60000,0,0,0,100000,40000,60000,60000
057477,智邦元大98購09  ,0,0,0,0,0,0,0,0,0,60000,0,0,0,71000,11000,60000,60000
057529,嘉晶元大99購02  ,0,0,0,0,0,0,0,0,0,60000,0,0,0,60000,0,60000,60000
056860,正崴群益98購01  ,0,0,0,0,0,0,0,0,0,60000,0,0,0,60000,0,60000,60000
056894,佳世達元大99購01,0,0,0,0,0,0,0,0,0,60000,0,0,0,60000,0,60000,60000
057132,華新科凱基98購05,0,0,0,0,0,0,0,0,0,60000,0,0,0,60000,0,60000,60000
056322,臺股指群益98購01,0,0,0,0,0,0,0,0,0,60000,0,0,0,60000,0,60000,60000
056026,智易群益97購01  ,0,0,0,0,0,0,0,0,0,60000,0,0,0,80000,20000,60000,60000
055850,聯詠元大97購06  ,0,0,0,0,0,0,0,0,0,60000,0,0,0,83000,23000,60000,60000
055648,可成元富97購01  ,0,0,0,0,0,0,0,0,0,60000,0,0,0,71000,11000,60000,60000
055515,聚陽中信9A購01  ,0,0,0,0,0,0,0,0,0,60000,0,0,0,100000,40000,60000,60000
049148,全新元大95購01  ,0,0,0,0,0,0,0,0,0,60000,0,0,0,60000,0,60000,60000
048951,宏全永豐94購01  ,0,0,0,0,0,0,0,0,0,60000,0,0,0,60000,0,60000,60000
048728,台達電麥證94購01,0,0,0,60000,0,60000,0,0,0,60000,0,0,0,60000,0,60000,60000
048736,台達電統一94購01,0,0,0,0,0,0,0,0,0,60000,0,0,0,60000,0,60000,60000
048851,台達電群益94購01,0,0,0,0,0,0,0,0,0,60000,0,0,0,60000,0,60000,60000
048861,牧德群益94購01  ,0,0,0,0,0,0,0,0,0,60000,0,0,0,60000,0,60000,60000
048901,矽格國泰95購01  ,0,0,0,0,0,0,0,0,0,60000,0,0,0,60000,0,60000,60000
048912,牧德富邦94購01  ,0,0,0,0,0,0,0,0,0,60000,0,0,0,60000,0,60000,60000
04813P,智邦元大94售07  ,0,0,0,0,0,0,0,0,0,60000,0,0,0,90000,30000,60000,60000
046442,聯茂兆豐93購03  ,0,0,0,0,0,0,0,0,0,60000,0,0,0,60000,0,60000,60000
046571,瑞昱國泰93購01  ,0,0,0,0,0,0,0,0,0,60000,0,0,0,60000,0,60000,60000
046688,超眾國票93購03  ,0,0,0,0,0,0,0,0,0,60000,0,0,0,60000,0,60000,60000
048446,南亞科凱基93購07,0,0,0,0,0,0,0,0,0,60000,0,0,0,62000,2000,60000,60000
047444,晶技元大93購03  ,0,0,0,0,0,0,0,0,0,60000,0,0,0,60000,0,60000,60000
047617,瑞昱凱基93購07  ,0,0,0,0,0,0,0,0,0,60000,0,0,0,60000,0,60000,60000
047689,瑞昱富邦97購01  ,0,0,0,0,0,0,0,0,0,60000,0,0,0,133000,73000,60000,60000
043019,華晶科元大94購01,0,0,0,0,0,0,0,0,0,60000,0,0,0,60000,0,60000,60000
04477P,南電元大94售04  ,0,0,0,0,0,0,0,0,0,60000,0,0,0,60000,0,60000,60000
04421P,玉晶光永豐94售02,0,0,0,0,0,0,0,0,0,60000,0,0,0,60000,0,60000,60000
049037,可成兆豐94購01  ,0,0,0,0,0,0,0,0,0,60000,0,0,0,60000,0,60000,60000
045914,超眾國票93購01  ,0,0,0,0,0,0,0,0,0,60000,0,0,0,60000,0,60000,60000
047109,華邦電元大94購01,0,0,0,0,0,0,0,0,0,60000,0,0,0,60000,0,60000,60000
04162P,南亞科統一94售02,0,0,0,0,0,0,0,0,0,60000,0,0,0,97000,37000,60000,60000
04172P,大立光凱基93售34,0,0,0,0,0,0,0,0,0,60000,0,0,0,60000,0,60000,60000
03162P,泰碩元大01售02  ,0,0,0,0,0,0,0,0,0,60000,0,0,0,76000,16000,60000,60000
04010P,上銀元大93售07  ,0,0,0,0,0,0,0,0,0,60000,0,0,0,60000,0,60000,60000
037536,道瓊反元富93購01,0,0,0,0,0,0,0,0,0,60000,0,0,0,60000,0,60000,60000
050236,旺宏凱基94購06  ,0,0,0,0,0,0,0,0,0,60000,0,0,0,70000,10000,60000,60000
05169P,玉晶光元大95售03,0,0,0,0,0,0,0,0,0,60000,0,0,0,80000,20000,60000,60000
052124,京鼎國票95購01  ,0,0,0,0,0,0,0,0,0,60000,0,0,0,80000,20000,60000,60000
049112,可成統一94購01  ,0,0,0,0,0,0,0,0,0,60000,0,0,0,60000,0,60000,60000
052536,聯茂國泰97購01  ,0,0,0,0,0,0,0,0,0,60000,0,0,0,60000,0,60000,60000
052793,健鼎兆豐96購01  ,0,0,0,0,0,0,0,0,0,60000,0,0,0,60000,0,60000,60000
052785,滬深2X中信99購03,0,0,0,0,0,0,0,0,0,60000,0,0,0,160000,100000,60000,60000
052415,台表科麥證95購02,0,0,0,67000,0,67000,0,0,0,60000,0,0,0,67000,7000,60000,60000
049399,台光電群益94購02,0,0,0,0,0,0,0,0,0,60000,0,0,0,60000,0,60000,60000
05132P,鴻海元富95售07  ,0,0,0,0,0,0,0,0,0,60000,0,0,0,60000,0,60000,60000
051163,鴻海元大95購04  ,0,0,0,0,0,0,0,0,0,60000,0,0,0,80000,20000,60000,60000
052215,樺漢元大96購02  ,0,0,0,0,0,0,0,0,0,60000,0,0,0,75000,15000,60000,60000
052861,台光電凱基96購03,0,0,0,0,0,0,0,0,0,60000,0,0,0,130000,70000,60000,60000
05313P,臺股指群益95售12,0,0,0,0,0,0,0,0,0,60000,0,0,0,60000,0,60000,60000
053337,聯電國票97購01  ,0,0,0,0,0,0,0,0,0,60000,0,0,0,100000,40000,60000,60000
053346,群創國票97購04  ,0,0,0,0,0,0,0,0,0,60000,0,0,0,60000,0,60000,60000
053227,晶技台新96購01  ,0,0,0,0,0,0,0,0,0,60000,0,0,0,60000,0,60000,60000
053297,鎧勝中信98購01  ,0,0,0,0,0,0,0,0,0,60000,0,0,0,70000,10000,60000,60000
054883,億光統一97購01  ,0,0,0,0,0,0,0,0,0,60000,0,0,0,60000,0,60000,60000
054255,亞光元大96購05  ,0,0,0,0,0,0,0,0,0,60000,0,0,0,60000,0,60000,60000
055215,智邦凱基98購02  ,0,0,0,0,0,0,0,0,0,60000,0,0,0,75000,15000,60000,60000
055069,帆宣永豐97購01  ,0,0,0,0,0,0,0,0,0,60000,0,0,0,60000,0,60000,60000
057990,美律統一99購02  ,0,0,0,0,0,0,0,0,0,60000,0,0,0,60000,0,60000,60000
05923P,旺宏元富96售05  ,0,0,0,0,0,0,0,0,0,60000,0,0,0,200000,140000,60000,60000
5525,順天            ,86000,26100,59900,0,0,0,0,0,0,0,0,0,0,0,0,0,59900
2395,研華            ,855908,802821,53087,0,0,0,7000,0,7000,-1000,0,2000,-2000,1000,0,1000,59087
057234,宏達電凱基98購05,0,0,0,0,0,0,0,0,0,59000,0,0,0,246000,187000,59000,59000
00674R,元大S&P黃金反1  ,0,0,0,0,0,0,0,0,0,59000,0,0,0,79000,20000,59000,59000
047151,台積電國票94購02,0,0,0,0,0,0,0,0,0,59000,0,0,0,185000,126000,59000,59000
046200,上海銀凱基93購01,0,0,0,0,0,0,0,0,0,59000,0,0,0,60000,1000,59000,59000
047040,台勝科群益93購01,0,0,0,0,0,0,0,0,0,59000,0,0,0,75000,16000,59000,59000
046476,鴻海統一96購01  ,0,0,0,0,0,0,0,0,0,59000,0,0,0,190000,131000,59000,59000
048678,統一富邦93購01  ,0,0,0,0,0,0,0,0,0,59000,0,0,0,70000,11000,59000,59000
050050,國泰金群益94購02,0,0,0,0,0,0,0,0,0,59000,0,0,0,60000,1000,59000,59000
051480,大立光凱基97購01,0,0,0,0,0,0,0,0,0,59000,0,0,0,80000,21000,59000,59000
051490,世芯凱基96購01  ,0,0,0,0,0,0,0,0,0,59000,0,0,0,114000,55000,59000,59000
050965,揚明光永豐96購01,0,0,0,0,0,0,0,0,0,59000,0,0,0,69000,10000,59000,59000
052792,大立光兆豐96購01,0,0,0,0,0,0,0,0,0,59000,0,0,0,70000,11000,59000,59000
05276P,GIS永豐95售02   ,0,0,0,0,0,0,0,0,0,59000,0,0,0,90000,31000,59000,59000
050359,T50反1元大94購05,0,0,0,0,0,0,0,0,0,59000,0,0,0,358000,299000,59000,59000
052116,T50反1國票97購01,0,0,0,0,0,0,0,0,0,59000,0,0,0,59000,0,59000,59000
050144,宏達電台新95購01,0,0,0,0,0,0,0,0,0,59000,0,0,0,69000,10000,59000,59000
051653,南電永豐95購02  ,0,0,0,0,0,0,0,0,0,59000,0,0,0,60000,1000,59000,59000
052006,康友富邦98購01  ,0,0,0,0,0,0,0,0,0,59000,0,0,0,115000,56000,59000,59000
049795,華通元大96購02  ,0,0,0,0,0,0,0,0,0,59000,0,0,0,184000,125000,59000,59000
054439,健策台新96購03  ,0,0,0,0,0,0,0,0,0,59000,0,0,0,80000,21000,59000,59000
054893,帆宣統一99購01  ,0,0,0,0,0,0,0,0,0,59000,0,0,0,60000,1000,59000,59000
053096,康控統一96購01  ,0,0,0,0,0,0,0,0,0,59000,0,0,0,107000,48000,59000,59000
052893,聯電群益98購01  ,0,0,0,0,0,0,0,0,0,59000,0,0,0,71000,12000,59000,59000
054090,瑞昱群益97購01  ,0,0,0,0,0,0,0,0,0,59000,0,0,0,90000,31000,59000,59000
053534,微星永豐96購02  ,0,0,0,0,0,0,0,0,0,59000,0,0,0,79000,20000,59000,59000
1423,利華            ,62000,3000,59000,0,0,0,0,0,0,0,0,0,0,0,0,0,59000
06105P,國巨國票98售02  ,0,0,0,0,0,0,0,0,0,59000,0,0,0,114000,55000,59000,59000
057160,佐登永豐98購02  ,0,0,0,0,0,0,0,0,0,58000,0,0,0,58000,0,58000,58000
057192,力成元大98購01  ,0,0,0,0,0,0,0,0,0,58000,0,0,0,63000,5000,58000,58000
056837,國巨元富98購02  ,0,0,0,0,0,0,0,0,0,58000,0,0,0,179000,121000,58000,58000
056718,GIS永豐98購01   ,0,0,0,0,0,0,0,0,0,58000,0,0,0,70000,12000,58000,58000
056213,建準國票98購02  ,0,0,0,0,0,0,0,0,0,58000,0,0,0,58000,0,58000,58000
056451,可成凱基99購01  ,0,0,0,0,0,0,0,0,0,58000,0,0,0,74000,16000,58000,58000
051470,玉晶光日盛95購01,0,0,0,0,0,0,0,0,0,58000,0,0,0,70000,12000,58000,58000
048656,大立光元富93購05,0,0,0,0,0,0,0,0,0,58000,0,0,0,88000,30000,58000,58000
048305,深100凱基96購01 ,0,0,0,0,0,0,0,0,0,58000,0,0,0,58000,0,58000,58000
044407,聯茂凱基93購01  ,0,0,0,0,0,0,0,0,0,58000,0,0,0,168000,110000,58000,58000
050687,上銀日盛94購01  ,0,0,0,0,0,0,0,0,0,58000,0,0,0,255000,197000,58000,58000
05224P,華通統一95售03  ,0,0,0,0,0,0,0,0,0,58000,0,0,0,178000,120000,58000,58000
051662,大立光永昌96購03,0,0,0,0,0,0,0,0,0,58000,0,0,0,58000,0,58000,58000
051723,嘉澤永豐95購01  ,0,0,0,0,0,0,0,0,0,58000,0,0,0,58000,0,58000,58000
04961P,貿聯凱基94售03  ,0,0,0,0,0,0,0,0,0,58000,0,0,0,118000,60000,58000,58000
052376,聯詠元大95購04  ,0,0,0,0,0,0,0,0,0,58000,0,0,0,68000,10000,58000,58000
051325,台光電台新96購01,0,0,0,0,0,0,0,0,0,58000,0,0,0,58000,0,58000,58000
051425,昇陽半國票97購01,0,0,0,0,0,0,0,0,0,58000,0,0,0,58000,0,58000,58000
053551,可成凱基96購05  ,0,0,0,0,0,0,0,0,0,58000,0,0,0,74000,16000,58000,58000
054386,鴻海統一98購03  ,0,0,0,0,0,0,0,0,0,58000,0,0,0,257000,199000,58000,58000
054304,台積電凱基96購23,0,0,0,0,0,0,0,0,0,58000,0,0,0,78000,20000,58000,58000
055184,群創統一98購02  ,0,0,0,0,0,0,0,0,0,58000,0,0,0,108000,50000,58000,58000
055167,友訊統一97購01  ,0,0,0,0,0,0,0,0,0,58000,0,0,0,68000,10000,58000,58000
055153,台光電元大98購02,0,0,0,0,0,0,0,0,0,58000,0,0,0,200000,142000,58000,58000
05944P,富邦金中信96售01,0,0,0,0,0,0,0,0,0,58000,0,0,0,68000,10000,58000,58000
057991,健策統一9C購01  ,0,0,0,0,0,0,0,0,0,58000,0,0,0,58000,0,58000,58000
06301P,臺股指元大97售04,0,0,0,0,0,0,0,0,0,58000,0,0,0,68000,10000,58000,58000
056672,元油2X元富98購10,0,0,0,0,0,0,0,0,0,57000,0,0,0,267000,210000,57000,57000
056617,美律永豐98購01  ,0,0,0,0,0,0,0,0,0,57000,0,0,0,93000,36000,57000,57000
056601,鈺齊元富98購01  ,0,0,0,0,0,0,0,0,0,57000,0,0,0,73000,16000,57000,57000
05705P,上証2X永豐96售03,0,0,0,0,0,0,0,0,0,57000,0,0,0,77000,20000,57000,57000
057440,台積電統一98購10,0,0,0,0,0,0,0,0,0,57000,0,0,0,161000,104000,57000,57000
048328,滬深2X永昌94購01,0,0,0,0,0,0,0,0,0,57000,0,0,0,57000,0,57000,57000
00706L,元大S&P日圓正2  ,0,0,0,0,0,0,0,0,0,57000,0,0,0,58000,1000,57000,57000
04049P,大立光元大95售02,0,0,0,0,0,0,0,0,0,57000,0,0,0,614000,557000,57000,57000
04869P,鴻海元富95售02  ,0,0,0,0,0,0,0,0,0,57000,0,0,0,107000,50000,57000,57000
048745,儒鴻元富97購02  ,0,0,0,0,0,0,0,0,0,57000,0,0,0,128000,71000,57000,57000
048425,聯茂元富96購02  ,0,0,0,0,0,0,0,0,0,57000,0,0,0,57000,0,57000,57000
051290,大立光統一96購02,0,0,0,0,0,0,0,0,0,57000,0,0,0,147000,90000,57000,57000
050755,和大元富94購01  ,0,0,0,0,0,0,0,0,0,57000,0,0,0,81000,24000,57000,57000
052299,T50反1台新05購03,0,0,0,0,0,0,0,0,0,57000,0,0,0,60000,3000,57000,57000
05029P,鴻海元富95售04  ,0,0,0,0,0,0,0,0,0,57000,0,0,0,72000,15000,57000,57000
049645,台積電凱基94購22,0,0,0,0,0,0,0,0,0,57000,0,0,0,70000,13000,57000,57000
049814,超眾元大95購04  ,0,0,0,0,0,0,0,0,0,57000,0,0,0,112000,55000,57000,57000
049962,台光電元富94購01,0,0,0,0,0,0,0,0,0,57000,0,0,0,57000,0,57000,57000
055255,欣興統一97購02  ,0,0,0,0,0,0,0,0,0,57000,0,0,0,93000,36000,57000,57000
05445P,聯詠元大95售05  ,0,0,0,0,0,0,0,0,0,57000,0,0,0,93000,36000,57000,57000
053697,臻鼎元大96購02  ,0,0,0,0,0,0,0,0,0,57000,0,0,0,67000,10000,57000,57000
054089,台積電群益96購11,0,0,0,0,0,0,0,0,0,57000,0,0,0,87000,30000,57000,57000
054027,欣興凱基96購04  ,0,0,0,0,0,0,0,0,0,57000,0,0,0,71000,14000,57000,57000
056561,台光電群益98購02,0,0,0,0,0,0,0,0,0,56000,0,0,0,71000,15000,56000,56000
056406,建準國票99購01  ,0,0,0,0,0,0,0,0,0,56000,0,0,0,56000,0,56000,56000
055570,華通統一98購03  ,0,0,0,0,0,0,0,0,0,56000,0,0,0,68000,12000,56000,56000
055673,旺宏日盛97購01  ,0,0,0,0,0,0,0,0,0,56000,0,0,0,81000,25000,56000,56000
048689,台光電群益94購01,0,0,0,0,0,0,0,0,0,56000,0,0,0,56000,0,56000,56000
048073,南電元富93購02  ,0,0,0,0,0,0,0,0,0,56000,0,0,0,57000,1000,56000,56000
051534,景碩國票97購01  ,0,0,0,0,0,0,0,0,0,56000,0,0,0,56000,0,56000,56000
00865B,國泰US短期公債  ,0,0,0,0,0,0,0,0,0,56000,40000,0,40000,16000,0,16000,56000
051968,勤誠永豐95購01  ,0,0,0,0,0,0,0,0,0,56000,0,0,0,57000,1000,56000,56000
051998,昇陽半元大96購02,0,0,0,0,0,0,0,0,0,56000,0,0,0,56000,0,56000,56000
051409,美律國票96購01  ,0,0,0,0,0,0,0,0,0,56000,0,0,0,76000,20000,56000,56000
051553,牧德永豐96購02  ,0,0,0,0,0,0,0,0,0,56000,0,0,0,69000,13000,56000,56000
053742,創意國票97購01  ,0,0,0,0,0,0,0,0,0,56000,0,0,0,130000,74000,56000,56000
053544,華新凱基96購01  ,0,0,0,0,0,0,0,0,0,56000,0,0,0,78000,22000,56000,56000
055429,華新科群益99購01,0,0,0,0,0,0,0,0,0,56000,0,0,0,98000,42000,56000,56000
06593P,欣興元大98售05  ,0,0,0,0,0,0,0,0,0,56000,0,0,0,172000,116000,56000,56000
08625P,台灣50凱基96售05,0,0,0,0,0,0,0,0,0,56000,0,0,0,56000,0,56000,56000
05911P,南亞科永豐96售03,0,0,0,0,0,0,0,0,0,56000,0,0,0,86000,30000,56000,56000
06028P,智邦台新97售01  ,0,0,0,0,0,0,0,0,0,56000,0,0,0,61000,5000,56000,56000
5305,敦南            ,170000,112000,58000,0,0,0,0,0,0,-2000,0,1000,-1000,0,1000,-1000,56000
055907,台虹兆豐98購01  ,0,0,0,0,0,0,0,0,0,55000,0,0,0,237000,182000,55000,55000
056399,上証2X群益9C購01,0,0,0,0,0,0,0,0,0,55000,0,0,0,55000,0,55000,55000
056479,玉晶光元大99購05,0,0,0,0,0,0,0,0,0,55000,0,0,0,133000,78000,55000,55000
056266,開發金統一9A購01,0,0,0,0,0,0,0,0,0,55000,0,0,0,55000,0,55000,55000
05744P,台表科元大96售04,0,0,0,0,0,0,0,0,0,55000,0,0,0,220000,165000,55000,55000
057729,華新科國泰99購04,0,0,0,0,0,0,0,0,0,55000,0,0,0,55000,0,55000,55000
057171,台光電元大9B購01,0,0,0,0,0,0,0,0,0,55000,0,0,0,88000,33000,55000,55000
04185P,欣興統一93售05  ,0,0,0,0,0,0,0,0,0,55000,0,0,0,55000,0,55000,55000
045088,康控元大94購02  ,0,0,0,0,0,0,0,0,0,55000,0,0,0,55000,0,55000,55000
045435,鴻海統一94購01  ,0,0,0,0,0,0,0,0,0,55000,0,0,0,55000,0,55000,55000
049056,玉晶光永豐95購03,0,0,0,0,0,0,0,0,0,55000,0,0,0,60000,5000,55000,55000
05004P,健策統一95售01  ,0,0,0,0,0,0,0,0,0,55000,0,0,0,55000,0,55000,55000
046716,欣興國泰93購03  ,0,0,0,0,0,0,0,0,0,55000,0,0,0,91000,36000,55000,55000
047975,緯創兆豐93購01  ,0,0,0,0,0,0,0,0,0,55000,0,0,0,80000,25000,55000,55000
051339,智易永豐95購02  ,0,0,0,0,0,0,0,0,0,55000,0,0,0,55000,0,55000,55000
052295,揚明光國票96購03,0,0,0,0,0,0,0,0,0,55000,0,0,0,55000,0,55000,55000
049569,光磊統一94購02  ,0,0,0,0,0,0,0,0,0,55000,0,0,0,72000,17000,55000,55000
051119,光寶科群益95購01,0,0,0,0,0,0,0,0,0,55000,0,0,0,56000,1000,55000,55000
052553,技嘉國票96購01  ,0,0,0,0,0,0,0,0,0,55000,0,0,0,122000,67000,55000,55000
050576,南亞科國票95購01,0,0,0,0,0,0,0,0,0,55000,0,0,0,65000,10000,55000,55000
053539,智易永豐96購01  ,0,0,0,0,0,0,0,0,0,55000,0,0,0,55000,0,55000,55000
053115,滬深2X中信97購01,0,0,0,0,0,0,0,0,0,55000,0,0,0,90000,35000,55000,55000
8341,日友            ,132000,82000,50000,0,0,0,1000,0,1000,4000,5000,1000,4000,0,0,0,55000
057973,神達富邦9A購01  ,0,0,0,0,0,0,0,0,0,55000,0,0,0,69000,14000,55000,55000
056843,冠德元富98購01  ,0,0,0,0,0,0,0,0,0,54000,0,0,0,100000,46000,54000,54000
056906,玉晶光元大9B購01,0,0,0,0,0,0,0,0,0,54000,0,0,0,191000,137000,54000,54000
057407,超眾群益99購01  ,0,0,0,0,0,0,0,0,0,54000,0,0,0,94000,40000,54000,54000
057365,智邦元大98購07  ,0,0,0,0,0,0,0,0,0,54000,0,0,0,71000,17000,54000,54000
056107,智易永豐97購02  ,0,0,0,0,0,0,0,0,0,54000,0,0,0,55000,1000,54000,54000
056100,楠梓電永豐97購02,0,0,0,0,0,0,0,0,0,54000,0,0,0,54000,0,54000,54000
056597,宏碁元富98購01  ,0,0,0,0,0,0,0,0,0,54000,0,0,0,91000,37000,54000,54000
055700,緯穎國泰98購02  ,0,0,0,0,0,0,0,0,0,54000,0,0,0,60000,6000,54000,54000
047966,華通國泰94購01  ,0,0,0,0,0,0,0,0,0,54000,0,0,0,59000,5000,54000,54000
04061P,臺股指群益93售15,0,0,0,0,0,0,0,0,0,54000,0,0,0,54000,0,54000,54000
050936,國巨國票95購04  ,0,0,0,0,0,0,0,0,0,54000,0,0,0,64000,10000,54000,54000
049649,信邦凱基94購01  ,0,0,0,0,0,0,0,0,0,54000,0,0,0,54000,0,54000,54000
050395,大立光元富94購10,0,0,0,0,0,0,0,0,0,54000,0,0,0,64000,10000,54000,54000
051019,大立光凱基95購08,0,0,0,0,0,0,0,0,0,54000,0,0,0,69000,15000,54000,54000
051988,台光電元大95購01,0,0,0,0,0,0,0,0,0,54000,0,0,0,70000,16000,54000,54000
05309P,康友中信95售03  ,0,0,0,0,0,0,0,0,0,54000,0,0,0,106000,52000,54000,54000
053060,大立光永昌96購05,0,0,0,0,0,0,0,0,0,54000,0,0,0,154000,100000,54000,54000
053035,台表科兆豐97購01,0,0,0,0,0,0,0,0,0,54000,0,0,0,54000,0,54000,54000
053248,智伸科國票97購01,0,0,0,0,0,0,0,0,0,54000,0,0,0,54000,0,54000,54000
053765,智邦富邦96購01  ,0,0,0,0,0,0,0,0,0,54000,0,0,0,55000,1000,54000,54000
055173,瑞昱統一97購01  ,0,0,0,0,0,0,0,0,0,54000,0,0,0,54000,0,54000,54000
055089,金寶群益98購01  ,0,0,0,0,0,0,0,0,0,54000,0,0,0,55000,1000,54000,54000
056626,同欣電永豐98購01,0,0,0,0,0,0,0,0,0,53000,0,0,0,53000,0,53000,53000
047875,南電永豐93購02  ,0,0,0,0,0,0,0,0,0,53000,0,0,0,53000,0,53000,53000
048698,宏達電國票95購01,0,0,0,0,0,0,0,0,0,53000,0,0,0,133000,80000,53000,53000
049485,台積電元大96購03,0,0,0,0,0,0,0,0,0,53000,0,0,0,491000,438000,53000,53000
050306,聯發科中信97購01,0,0,0,0,0,0,0,0,0,53000,0,0,0,200000,147000,53000,53000
052712,旺宏凱基96購02  ,0,0,0,0,0,0,0,0,0,53000,0,0,0,73000,20000,53000,53000
052078,大立光元富95購10,0,0,0,0,0,0,0,0,0,53000,0,0,0,53000,0,53000,53000
050127,台積電凱基94購31,0,0,0,0,0,0,0,0,0,53000,0,0,0,53000,0,53000,53000
049955,崇越群益95購01  ,0,0,0,0,0,0,0,0,0,53000,0,0,0,53000,0,53000,53000
055006,晶相光元富9A購01,0,0,0,0,0,0,0,0,0,53000,0,0,0,120000,67000,53000,53000
054693,神基永豐97購01  ,0,0,0,0,0,0,0,0,0,53000,0,0,0,64000,11000,53000,53000
054545,奇力新中信98購01,0,0,0,0,0,0,0,0,0,53000,0,0,0,102000,49000,53000,53000
05299P,旺宏元大95售04  ,0,0,0,0,0,0,0,0,0,53000,0,0,0,53000,0,53000,53000
06069P,台積電永豐97售01,0,0,0,0,0,0,0,0,0,53000,0,0,0,55000,2000,53000,53000
06518P,奇力新兆豐99售01,0,0,0,0,0,0,0,0,0,53000,0,0,0,83000,30000,53000,53000
1721,三晃            ,130000,76000,54000,0,0,0,0,0,0,-1000,0,1000,-1000,0,0,0,53000
055738,玉山金元富97購01,0,0,0,0,0,0,0,0,0,52000,0,0,0,52000,0,52000,52000
055613,全新國票98購01  ,0,0,0,0,0,0,0,0,0,52000,0,0,0,62000,10000,52000,52000
055902,同欣電中信99購01,0,0,0,0,0,0,0,0,0,52000,0,0,0,328000,276000,52000,52000
056025,嘉晶群益97購01  ,0,0,0,0,0,0,0,0,0,52000,0,0,0,52000,0,52000,52000
057495,牧德元大99購04  ,0,0,0,0,0,0,0,0,0,52000,0,0,0,56000,4000,52000,52000
057747,致新永豐98購01  ,0,0,0,0,0,0,0,0,0,52000,0,0,0,52000,0,52000,52000
047685,嘉聯益國泰95購01,0,0,0,0,0,0,0,0,0,52000,0,0,0,52000,0,52000,52000
043513,台灣50元大96購05,0,0,0,0,0,0,0,0,0,52000,0,0,0,52000,0,52000,52000
049255,旺宏元大97購02  ,0,0,0,0,0,0,0,0,0,52000,0,0,0,172000,120000,52000,52000
051645,光寶科永豐95購01,0,0,0,0,0,0,0,0,0,52000,0,0,0,54000,2000,52000,52000
052535,日月光國泰96購01,0,0,0,0,0,0,0,0,0,52000,0,0,0,62000,10000,52000,52000
052354,健策群益96購02  ,0,0,0,0,0,0,0,0,0,52000,0,0,0,73000,21000,52000,52000
052863,友達凱基98購02  ,0,0,0,0,0,0,0,0,0,52000,0,0,0,134000,82000,52000,52000
052975,嘉聯益群益96購01,0,0,0,0,0,0,0,0,0,52000,0,0,0,54000,2000,52000,52000
053447,京鼎凱基96購03  ,0,0,0,0,0,0,0,0,0,52000,0,0,0,60000,8000,52000,52000
053825,南電群益96購02  ,0,0,0,0,0,0,0,0,0,52000,0,0,0,117000,65000,52000,52000
054711,禾伸堂元富97購01,0,0,0,0,0,0,0,0,0,52000,0,0,0,115000,63000,52000,52000
055179,大立光統一97購04,0,0,0,0,0,0,0,0,0,52000,0,0,0,153000,101000,52000,52000
06545P,致茂元大98售01  ,0,0,0,0,0,0,0,0,0,52000,0,0,0,72000,20000,52000,52000
06113P,台積電群益97售01,0,0,0,0,0,0,0,0,0,52000,0,0,0,212000,160000,52000,52000
057971,華新科富邦9B購02,0,0,0,0,0,0,0,0,0,52000,0,0,0,72000,20000,52000,52000
057436,義隆國票99購02  ,0,0,0,0,0,0,0,0,0,51000,0,0,0,91000,40000,51000,51000
055820,矽力國票98購02  ,0,0,0,0,0,0,0,0,0,51000,0,0,0,61000,10000,51000,51000
04366P,全新元富95售01  ,0,0,0,0,0,0,0,0,0,51000,0,0,0,63000,12000,51000,51000
048675,台達電國泰94購02,0,0,0,0,0,0,0,0,0,51000,0,0,0,51000,0,51000,51000
048085,鴻海凱基93購32  ,0,0,0,0,0,0,0,0,0,51000,0,0,0,195000,144000,51000,51000
049228,台塑富邦94購01  ,0,0,0,0,0,0,0,0,0,51000,0,0,0,101000,50000,51000,51000
051585,美食元大95購01  ,0,0,0,0,0,0,0,0,0,51000,0,0,0,51000,0,51000,51000
052374,瑞昱元大95購02  ,0,0,0,0,0,0,0,0,0,51000,0,0,0,51000,0,51000,51000
050959,元金2X永豐95購02,0,0,0,0,0,0,0,0,0,51000,0,0,0,51000,0,51000,51000
051737,瑞昱國票96購01  ,0,0,0,0,0,0,0,0,0,51000,0,0,0,80000,29000,51000,51000
049288,聯茂兆豐95購02  ,0,0,0,0,0,0,0,0,0,51000,0,0,0,61000,10000,51000,51000
049982,嘉晶凱基94購01  ,0,0,0,0,0,0,0,0,0,51000,0,0,0,51000,0,51000,51000
04988P,楠梓電元大94售01,0,0,0,0,0,0,0,0,0,51000,0,0,0,76000,25000,51000,51000
050657,宏達電麥證94購01,0,0,0,51000,0,51000,0,0,0,51000,0,0,0,51000,0,51000,51000
054387,台積電統一98購02,0,0,0,0,0,0,0,0,0,51000,0,0,0,116000,65000,51000,51000
053872,臻鼎元大96購04  ,0,0,0,0,0,0,0,0,0,51000,0,0,0,51000,0,51000,51000
054179,上海銀台新97購01,0,0,0,0,0,0,0,0,0,51000,0,0,0,71000,20000,51000,51000
05813P,臺股指國票96售06,0,0,0,0,0,0,0,0,0,51000,0,0,0,51000,0,51000,51000
9925,新保            ,100000,45000,55000,0,0,0,0,0,0,-4000,0,4000,-4000,0,0,0,51000
055819,晶相光國票98購01,0,0,0,0,0,0,0,0,0,50000,0,0,0,50000,0,50000,50000
056063,大立光元大97購13,0,0,0,0,0,0,0,0,0,50000,0,0,0,50000,0,50000,50000
056070,新日興元大97購04,0,0,0,0,0,0,0,0,0,50000,0,0,0,85000,35000,50000,50000
055476,台郡凱基97購02  ,0,0,0,0,0,0,0,0,0,50000,0,0,0,50000,0,50000,50000
055727,矽力元大97購02  ,0,0,0,0,0,0,0,0,0,50000,0,0,0,57000,7000,50000,50000
055710,亞德客元大97購03,0,0,0,0,0,0,0,0,0,50000,0,0,0,50000,0,50000,50000
056619,強茂永豐98購01  ,0,0,0,0,0,0,0,0,0,50000,0,0,0,154000,104000,50000,50000
056612,台積電永豐98購01,0,0,0,0,0,0,0,0,0,50000,0,0,0,118000,68000,50000,50000
056378,欣興元富98購01  ,0,0,0,0,0,0,0,0,0,50000,0,0,0,50000,0,50000,50000
057491,美食元大98購03  ,0,0,0,0,0,0,0,0,0,50000,0,0,0,50000,0,50000,50000
057465,智易永豐98購02  ,0,0,0,0,0,0,0,0,0,50000,0,0,0,50000,0,50000,50000
057642,南亞科元大98購07,0,0,0,0,0,0,0,0,0,50000,0,0,0,58000,8000,50000,50000
056924,亞光兆豐98購01  ,0,0,0,0,0,0,0,0,0,50000,0,0,0,50000,0,50000,50000
057199,台達電元富02購01,0,0,0,0,0,0,0,0,0,50000,0,0,0,50000,0,50000,50000
057048,新日興元大98購01,0,0,0,0,0,0,0,0,0,50000,0,0,0,110000,60000,50000,50000
050812,台積電凱基95購01,0,0,0,0,0,0,0,0,0,50000,0,0,0,50000,0,50000,50000
048110,京元電群益94購01,0,0,0,0,0,0,0,0,0,50000,0,0,0,50000,0,50000,50000
048013,智易國票93購01  ,0,0,0,0,0,0,0,0,0,50000,0,0,0,50000,0,50000,50000
048221,鴻海凱基95購01  ,0,0,0,0,0,0,0,0,0,50000,0,0,0,117000,67000,50000,50000
04785P,鴻海永豐94售03  ,0,0,0,0,0,0,0,0,0,50000,0,0,0,130000,80000,50000,50000
047785,嘉聯益第一93購01,0,0,0,0,0,0,0,0,0,50000,0,0,0,50000,0,50000,50000
047003,鴻海統一93購05  ,0,0,0,0,0,0,0,0,0,50000,0,0,0,50000,0,50000,50000
046919,大毅永豐93購01  ,0,0,0,0,0,0,0,0,0,50000,0,0,0,50000,0,50000,50000
046626,台光電統一94購01,0,0,0,0,0,0,0,0,0,50000,0,0,0,50000,0,50000,50000
047317,聯詠元大93購06  ,0,0,0,0,0,0,0,0,0,50000,0,0,0,50000,0,50000,50000
047362,奇力新群益93購03,0,0,0,0,0,0,0,0,0,50000,0,0,0,50000,0,50000,50000
047410,上銀元富96購01  ,0,0,0,0,0,0,0,0,0,50000,0,0,0,50000,0,50000,50000
048439,上銀凱基93購09  ,0,0,0,0,0,0,0,0,0,50000,0,0,0,50000,0,50000,50000
048499,達運元大96購01  ,0,0,0,0,0,0,0,0,0,50000,0,0,0,50000,0,50000,50000
047476,鴻海凱基94購08  ,0,0,0,0,0,0,0,0,0,50000,0,0,0,68000,18000,50000,50000
047523,瑞昱元大93購09  ,0,0,0,0,0,0,0,0,0,50000,0,0,0,50000,0,50000,50000
04372P,臺股指凱基94售02,0,0,0,0,0,0,0,0,0,50000,0,0,0,50000,0,50000,50000
045591,彩晶元大93購01  ,0,0,0,0,0,0,0,0,0,50000,0,0,0,50000,0,50000,50000
04553P,S&P正2中信95售01,0,0,0,0,0,0,0,0,0,50000,0,0,0,50000,0,50000,50000
03305P,台達電台新02售01,0,0,0,0,0,0,0,0,0,50000,0,0,0,50000,0,50000,50000
047268,嘉聯益台新93購01,0,0,0,0,0,0,0,0,0,50000,0,0,0,50000,0,50000,50000
048329,台積電永昌93購07,0,0,0,0,0,0,0,0,0,50000,0,0,0,60000,10000,50000,50000
045963,新光金凱基93購01,0,0,0,0,0,0,0,0,0,50000,0,0,0,80000,30000,50000,50000
045824,嘉聯益凱基93購02,0,0,0,0,0,0,0,0,0,50000,0,0,0,50000,0,50000,50000
045638,強茂凱基93購02  ,0,0,0,0,0,0,0,0,0,50000,0,0,0,50000,0,50000,50000
044809,道瓊反國票93購01,0,0,0,0,0,0,0,0,0,50000,0,0,0,50000,0,50000,50000
050675,奇鋐富邦96購01  ,0,0,0,0,0,0,0,0,0,50000,0,0,0,50000,0,50000,50000
050560,聯詠統一94購02  ,0,0,0,0,0,0,0,0,0,50000,0,0,0,50000,0,50000,50000
05094P,大立光元大95售07,0,0,0,0,0,0,0,0,0,50000,0,0,0,68000,18000,50000,50000
050489,聯詠元富94購01  ,0,0,0,0,0,0,0,0,0,50000,0,0,0,70000,20000,50000,50000
050511,元油2X元大94購11,0,0,0,0,0,0,0,0,0,50000,0,0,0,50000,0,50000,50000
050518,台積電元大94購28,0,0,0,0,0,0,0,0,0,50000,0,0,0,199000,149000,50000,50000
049837,臺股指凱基96購02,0,0,0,0,0,0,0,0,0,50000,0,0,0,60000,10000,50000,50000
049337,台達電統一94購03,0,0,0,0,0,0,0,0,0,50000,0,0,0,50000,0,50000,50000
049310,台積電凱基94購15,0,0,0,0,0,0,0,0,0,50000,0,0,0,60000,10000,50000,50000
049977,瑞昱凱基94購03  ,0,0,0,0,0,0,0,0,0,50000,0,0,0,50000,0,50000,50000
050187,群創元大94購03  ,0,0,0,0,0,0,0,0,0,50000,0,0,0,185000,135000,50000,50000
050201,光磊群益94購01  ,0,0,0,0,0,0,0,0,0,50000,0,0,0,127000,77000,50000,50000
050196,嘉聯益元大97購01,0,0,0,0,0,0,0,0,0,50000,0,0,0,50000,0,50000,50000
049270,台表科元大95購02,0,0,0,0,0,0,0,0,0,50000,0,0,0,60000,10000,50000,50000
049696,欣興元大95購02  ,0,0,0,0,0,0,0,0,0,50000,0,0,0,55000,5000,50000,50000
051803,矽創永豐95購03  ,0,0,0,0,0,0,0,0,0,50000,0,0,0,50000,0,50000,50000
051898,富邦金國泰97購01,0,0,0,0,0,0,0,0,0,50000,0,0,0,50000,0,50000,50000
051020,健策凱基96購02  ,0,0,0,0,0,0,0,0,0,50000,0,0,0,110000,60000,50000,50000
052256,台泥國泰96購01  ,0,0,0,0,0,0,0,0,0,50000,0,0,0,50000,0,50000,50000
051236,鴻海元大96購05  ,0,0,0,0,0,0,0,0,0,50000,0,0,0,50000,0,50000,50000
049432,聯詠國票95購01  ,0,0,0,0,0,0,0,0,0,50000,0,0,0,61000,11000,50000,50000
051448,聯詠元大95購02  ,0,0,0,0,0,0,0,0,0,50000,0,0,0,53000,3000,50000,50000
051434,中磊元富95購02  ,0,0,0,0,0,0,0,0,0,50000,0,0,0,80000,30000,50000,50000
05278P,台郡元富95售02  ,0,0,0,0,0,0,0,0,0,50000,0,0,0,60000,10000,50000,50000
052778,智原國票97購01  ,0,0,0,0,0,0,0,0,0,50000,0,0,0,50000,0,50000,50000
052572,群創凱基99購01  ,0,0,0,0,0,0,0,0,0,50000,0,0,0,50000,0,50000,50000
052624,微星亞東97購01  ,0,0,0,0,0,0,0,0,0,50000,0,0,0,50000,0,50000,50000
052577,台積電統一96購01,0,0,0,0,0,0,0,0,0,50000,0,0,0,60000,10000,50000,50000
052428,嘉晶永豐95購01  ,0,0,0,0,0,0,0,0,0,50000,0,0,0,50000,0,50000,50000
054220,國巨統一97購02  ,0,0,0,0,0,0,0,0,0,50000,0,0,0,100000,50000,50000,50000
054105,元油反凱基9A購01,0,0,0,0,0,0,0,0,0,50000,0,0,0,50000,0,50000,50000
054059,欣興國票97購03  ,0,0,0,0,0,0,0,0,0,50000,0,0,0,60000,10000,50000,50000
053934,A50正2元富96購02,0,0,0,0,0,0,0,0,0,50000,0,0,0,50000,0,50000,50000
053642,瀚宇博永豐96購01,0,0,0,0,0,0,0,0,0,50000,0,0,0,50000,0,50000,50000
053288,臺股指元大96購16,0,0,0,0,0,0,0,0,0,50000,0,0,0,75000,25000,50000,50000
054286,台積電元大96購22,0,0,0,0,0,0,0,0,0,50000,0,0,0,89000,39000,50000,50000
054245,鴻海元大96購23  ,0,0,0,0,0,0,0,0,0,50000,0,0,0,50000,0,50000,50000
054365,遠東新中信96購01,0,0,0,0,0,0,0,0,0,50000,0,0,0,98000,48000,50000,50000
054355,上海銀富邦98購01,0,0,0,0,0,0,0,0,0,50000,0,0,0,50000,0,50000,50000
054874,帆宣群益99購02  ,0,0,0,0,0,0,0,0,0,50000,0,0,0,50000,0,50000,50000
054792,揚明光群益97購01,0,0,0,0,0,0,0,0,0,50000,0,0,0,50000,0,50000,50000
055186,正文統一97購01  ,0,0,0,0,0,0,0,0,0,50000,0,0,0,98000,48000,50000,50000
055079,台光電中信97購01,0,0,0,0,0,0,0,0,0,50000,0,0,0,159000,109000,50000,50000
055262,台虹國泰98購01  ,0,0,0,0,0,0,0,0,0,50000,0,0,0,105000,55000,50000,50000
055328,鈺齊國票98購01  ,0,0,0,0,0,0,0,0,0,50000,0,0,0,100000,50000,50000,50000
055314,華邦電中信99購01,0,0,0,0,0,0,0,0,0,50000,0,0,0,50000,0,50000,50000
3443,創意            ,356000,266000,90000,0,0,0,2000,0,2000,-42000,23000,31000,-8000,5000,39000,-34000,50000
05852P,嘉晶群益96售01  ,0,0,0,0,0,0,0,0,0,50000,0,0,0,50000,0,50000,50000
057475,聯電元大9A購01  ,0,0,0,0,0,0,0,0,0,49000,0,0,0,60000,11000,49000,49000
057354,聯鈞統一99購03  ,0,0,0,0,0,0,0,0,0,49000,0,0,0,55000,6000,49000,49000
057321,台泥群益98購01  ,0,0,0,0,0,0,0,0,0,49000,0,0,0,132000,83000,49000,49000
056432,鴻海凱基98購08  ,0,0,0,0,0,0,0,0,0,49000,0,0,0,132000,83000,49000,49000
055510,GIS元大97購03   ,0,0,0,0,0,0,0,0,0,49000,0,0,0,49000,0,49000,49000
045627,聯電凱基93購03  ,0,0,0,0,0,0,0,0,0,49000,0,0,0,60000,11000,49000,49000
049026,晶相光群益94購01,0,0,0,0,0,0,0,0,0,49000,0,0,0,83000,34000,49000,49000
04194P,欣興永豐93售05  ,0,0,0,0,0,0,0,0,0,49000,0,0,0,50000,1000,49000,49000
04760P,旺宏凱基94售02  ,0,0,0,0,0,0,0,0,0,49000,0,0,0,84000,35000,49000,49000
052602,聯電元大97購01  ,0,0,0,0,0,0,0,0,0,49000,0,0,0,50000,1000,49000,49000
051361,泰鼎元大95購01  ,0,0,0,0,0,0,0,0,0,49000,0,0,0,119000,70000,49000,49000
051327,元油2X永豐95購02,0,0,0,0,0,0,0,0,0,49000,0,0,0,64000,15000,49000,49000
050979,鴻海元富96購02  ,0,0,0,0,0,0,0,0,0,49000,0,0,0,59000,10000,49000,49000
049713,鴻海凱基94購17  ,0,0,0,0,0,0,0,0,0,49000,0,0,0,50000,1000,49000,49000
049668,大立光國泰96購02,0,0,0,0,0,0,0,0,0,49000,0,0,0,155000,106000,49000,49000
055380,智易元大98購02  ,0,0,0,0,0,0,0,0,0,49000,0,0,0,49000,0,49000,49000
054805,台苯元大9A購01  ,0,0,0,0,0,0,0,0,0,49000,0,0,0,49000,0,49000,49000
054324,美律台新97購01  ,0,0,0,0,0,0,0,0,0,49000,0,0,0,49000,0,49000,49000
053976,亞光元大96購02  ,0,0,0,0,0,0,0,0,0,49000,0,0,0,65000,16000,49000,49000
054107,上銀凱基97購01  ,0,0,0,0,0,0,0,0,0,49000,0,0,0,127000,78000,49000,49000
057912,美律日盛99購01  ,0,0,0,0,0,0,0,0,0,49000,0,0,0,54000,5000,49000,49000
06096P,全新永豐97售02  ,0,0,0,0,0,0,0,0,0,49000,0,0,0,72000,23000,49000,49000
06569P,可成永豐98售01  ,0,0,0,0,0,0,0,0,0,49000,0,0,0,70000,21000,49000,49000
06652P,長榮航元大98售01,0,0,0,0,0,0,0,0,0,49000,0,0,0,120000,71000,49000,49000
05579P,友達凱基98售03  ,0,0,0,0,0,0,0,0,0,48000,0,0,0,50000,2000,48000,48000
056527,大成鋼凱基98購03,0,0,0,0,0,0,0,0,0,48000,0,0,0,72000,24000,48000,48000
057643,聯發科元大99購03,0,0,0,0,0,0,0,0,0,48000,0,0,0,326000,278000,48000,48000
057730,聯鈞國泰9A購01  ,0,0,0,0,0,0,0,0,0,48000,0,0,0,53000,5000,48000,48000
057778,大立光群益98購02,0,0,0,0,0,0,0,0,0,48000,0,0,0,48000,0,48000,48000
057272,台積電元大98購14,0,0,0,0,0,0,0,0,0,48000,0,0,0,349000,301000,48000,48000
056984,嘉晶群益98購01  ,0,0,0,0,0,0,0,0,0,48000,0,0,0,58000,10000,48000,48000
056685,光罩統一98購03  ,0,0,0,0,0,0,0,0,0,48000,0,0,0,48000,0,48000,48000
056732,國巨凱基98購07  ,0,0,0,0,0,0,0,0,0,48000,0,0,0,48000,0,48000,48000
048149,泰鼎元富95購01  ,0,0,0,0,0,0,0,0,0,48000,0,0,0,62000,14000,48000,48000
050040,鴻海中信94購04  ,0,0,0,0,0,0,0,0,0,48000,0,0,0,48000,0,48000,48000
051586,國泰金元大96購01,0,0,0,0,0,0,0,0,0,48000,0,0,0,48000,0,48000,48000
00633L,富邦上証正2     ,3894000,2437000,1457000,0,0,0,0,0,0,-1409000,136000,673000,-537000,5767000,6639000,-872000,48000
049120,元油2X元富94購05,0,0,0,0,0,0,0,0,0,48000,0,0,0,104000,56000,48000,48000
052102,台泥兆豐96購01  ,0,0,0,0,0,0,0,0,0,48000,0,0,0,69000,21000,48000,48000
052016,神基永豐95購01  ,0,0,0,0,0,0,0,0,0,48000,0,0,0,103000,55000,48000,48000
052072,健策統一95購02  ,0,0,0,0,0,0,0,0,0,48000,0,0,0,54000,6000,48000,48000
051005,緯創中信95購02  ,0,0,0,0,0,0,0,0,0,48000,0,0,0,48000,0,48000,48000
052468,超眾統一96購02  ,0,0,0,0,0,0,0,0,0,48000,0,0,0,78000,30000,48000,48000
052565,上銀凱基96購01  ,0,0,0,0,0,0,0,0,0,48000,0,0,0,211000,163000,48000,48000
052404,臻鼎凱基95購05  ,0,0,0,0,0,0,0,0,0,48000,0,0,0,48000,0,48000,48000
053878,台表科亞東96購01,0,0,0,0,0,0,0,0,0,48000,0,0,0,48000,0,48000,48000
053829,力成麥證96購01  ,0,0,0,70000,22000,48000,0,0,0,48000,0,0,0,70000,22000,48000,48000
053668,鴻海統一97購01  ,0,0,0,0,0,0,0,0,0,48000,0,0,0,48000,0,48000,48000
053380,南亞科元大97購01,0,0,0,0,0,0,0,0,0,48000,0,0,0,79000,31000,48000,48000
052967,智邦群益96購01  ,0,0,0,0,0,0,0,0,0,48000,0,0,0,132000,84000,48000,48000
052912,日月光統一96購01,0,0,0,0,0,0,0,0,0,48000,0,0,0,137000,89000,48000,48000
054463,瑞昱凱基97購01  ,0,0,0,0,0,0,0,0,0,48000,0,0,0,48000,0,48000,48000
054450,聯茂第一96購01  ,0,0,0,0,0,0,0,0,0,48000,0,0,0,171000,123000,48000,48000
054679,台積電康和99購01,0,0,0,0,0,0,0,0,0,48000,0,0,0,68000,20000,48000,48000
055087,瑞昱亞東97購01  ,0,0,0,0,0,0,0,0,0,48000,0,0,0,48000,0,48000,48000
057947,和碩國票99購01  ,0,0,0,0,0,0,0,0,0,48000,0,0,0,48000,0,48000,48000
05954P,旺宏國票97售03  ,0,0,0,0,0,0,0,0,0,48000,0,0,0,113000,65000,48000,48000
057214,瑞昱群益98購01  ,0,0,0,0,0,0,0,0,0,47000,0,0,0,138000,91000,47000,47000
055789,台虹凱基97購01  ,0,0,0,0,0,0,0,0,0,47000,0,0,0,57000,10000,47000,47000
041870,A50正2凱基96購01,0,0,0,0,0,0,0,0,0,47000,0,0,0,47000,0,47000,47000
03896P,長榮航凱基95售01,0,0,0,0,0,0,0,0,0,47000,0,0,0,121000,74000,47000,47000
047213,新日興富邦97購01,0,0,0,0,0,0,0,0,0,47000,0,0,0,57000,10000,47000,47000
04293P,滬深2X元大96售02,0,0,0,0,0,0,0,0,0,47000,0,0,0,172000,125000,47000,47000
047588,大立光永豐94購01,0,0,0,0,0,0,0,0,0,47000,0,0,0,47000,0,47000,47000
048530,大立光國票93購04,0,0,0,0,0,0,0,0,0,47000,0,0,0,47000,0,47000,47000
052747,京鼎元大97購01  ,0,0,0,0,0,0,0,0,0,47000,0,0,0,58000,11000,47000,47000
051861,鴻海凱基98購01  ,0,0,0,0,0,0,0,0,0,47000,0,0,0,115000,68000,47000,47000
050444,卜蜂元大94購03  ,0,0,0,0,0,0,0,0,0,47000,0,0,0,50000,3000,47000,47000
054933,南港元大97購01  ,0,0,0,0,0,0,0,0,0,47000,0,0,0,161000,114000,47000,47000
053163,上証2X群益9A購02,0,0,0,0,0,0,0,0,0,47000,0,0,0,48000,1000,47000,47000
05359P,嘉澤元大95售02  ,0,0,0,0,0,0,0,0,0,47000,0,0,0,47000,0,47000,47000
05839P,臺股指富邦96售06,0,0,0,0,0,0,0,0,0,47000,0,0,0,107000,60000,47000,47000
06566P,華通永豐98售03  ,0,0,0,0,0,0,0,0,0,47000,0,0,0,213000,166000,47000,47000
06468P,華新科統一98售02,0,0,0,0,0,0,0,0,0,47000,0,0,0,192000,145000,47000,47000
056513,臻鼎亞東99購01  ,0,0,0,0,0,0,0,0,0,46000,0,0,0,47000,1000,46000,46000
056472,美律元大99購03  ,0,0,0,0,0,0,0,0,0,46000,0,0,0,46000,0,46000,46000
056551,台郡凱基98購04  ,0,0,0,0,0,0,0,0,0,46000,0,0,0,46000,0,46000,46000
057137,鈺齊凱基98購01  ,0,0,0,0,0,0,0,0,0,46000,0,0,0,46000,0,46000,46000
04699P,臺股指元富94售05,0,0,0,0,0,0,0,0,0,46000,0,0,0,46000,0,46000,46000
05158P,華通永豐95售01  ,0,0,0,0,0,0,0,0,0,46000,0,0,0,100000,54000,46000,46000
050879,樺漢統一95購02  ,0,0,0,0,0,0,0,0,0,46000,0,0,0,46000,0,46000,46000
04976P,中磊凱基94售01  ,0,0,0,0,0,0,0,0,0,46000,0,0,0,46000,0,46000,46000
052727,仁寶元富96購01  ,0,0,0,0,0,0,0,0,0,46000,0,0,0,63000,17000,46000,46000
05231P,GIS群益95售03   ,0,0,0,0,0,0,0,0,0,46000,0,0,0,185000,139000,46000,46000
053594,京鼎元大96購02  ,0,0,0,0,0,0,0,0,0,46000,0,0,0,50000,4000,46000,46000
054268,健策第一96購01  ,0,0,0,0,0,0,0,0,0,46000,0,0,0,110000,64000,46000,46000
05429P,鴻海統一95售16  ,0,0,0,0,0,0,0,0,0,46000,0,0,0,46000,0,46000,46000
06619P,聯發科元大98售06,0,0,0,0,0,0,0,0,0,46000,0,0,0,122000,76000,46000,46000
06367P,台積電凱基97售14,0,0,0,0,0,0,0,0,0,46000,0,0,0,141000,95000,46000,46000
057986,華新科元富99購05,0,0,0,0,0,0,0,0,0,46000,0,0,0,82000,36000,46000,46000
5264,鎧勝-KY         ,603000,516000,87000,0,0,0,0,0,0,-41000,0,1000,-1000,0,40000,-40000,46000
057207,立積元富98購02  ,0,0,0,0,0,0,0,0,0,45000,0,0,0,116000,71000,45000,45000
056801,國巨台新98購01  ,0,0,0,0,0,0,0,0,0,45000,0,0,0,45000,0,45000,45000
05776P,鴻海統一98售02  ,0,0,0,0,0,0,0,0,0,45000,0,0,0,49000,4000,45000,45000
057611,技嘉元富98購02  ,0,0,0,0,0,0,0,0,0,45000,0,0,0,200000,155000,45000,45000
057331,台積電國票99購04,0,0,0,0,0,0,0,0,0,45000,0,0,0,60000,15000,45000,45000
056386,TPK國泰99購01   ,0,0,0,0,0,0,0,0,0,45000,0,0,0,45000,0,45000,45000
056047,台積電兆豐97購02,0,0,0,0,0,0,0,0,0,45000,0,0,0,235000,190000,45000,45000
055953,上銀元大97購09  ,0,0,0,0,0,0,0,0,0,45000,0,0,0,70000,25000,45000,45000
055651,富邦金元富97購01,0,0,0,0,0,0,0,0,0,45000,0,0,0,90000,45000,45000,45000
051633,可成國票96購03  ,0,0,0,0,0,0,0,0,0,45000,0,0,0,72000,27000,45000,45000
049211,昇陽半群益94購03,0,0,0,0,0,0,0,0,0,45000,0,0,0,45000,0,45000,45000
048884,川湖元富94購01  ,0,0,0,0,0,0,0,0,0,45000,0,0,0,45000,0,45000,45000
04758P,國巨凱基94售03  ,0,0,0,0,0,0,0,0,0,45000,0,0,0,45000,0,45000,45000
047603,瑞昱國泰94購01  ,0,0,0,0,0,0,0,0,0,45000,0,0,0,75000,30000,45000,45000
044463,全新兆豐93購01  ,0,0,0,0,0,0,0,0,0,45000,0,0,0,45000,0,45000,45000
04322P,可成元大94售01  ,0,0,0,0,0,0,0,0,0,45000,0,0,0,145000,100000,45000,45000
051028,台光電元富95購02,0,0,0,0,0,0,0,0,0,45000,0,0,0,145000,100000,45000,45000
05143P,臻鼎台新95售01  ,0,0,0,0,0,0,0,0,0,45000,0,0,0,127000,82000,45000,45000
052719,致新凱基96購01  ,0,0,0,0,0,0,0,0,0,45000,0,0,0,45000,0,45000,45000
052533,聯發科國泰96購03,0,0,0,0,0,0,0,0,0,45000,0,0,0,45000,0,45000,45000
051065,台積電國票96購01,0,0,0,0,0,0,0,0,0,45000,0,0,0,85000,40000,45000,45000
052033,臺股指群益95購06,0,0,0,0,0,0,0,0,0,45000,0,0,0,45000,0,45000,45000
05181P,健策凱基95售01  ,0,0,0,0,0,0,0,0,0,45000,0,0,0,45000,0,45000,45000
05057P,鴻海國票96售01  ,0,0,0,0,0,0,0,0,0,45000,0,0,0,45000,0,45000,45000
054338,全新統一96購01  ,0,0,0,0,0,0,0,0,0,45000,0,0,0,243000,198000,45000,45000
054829,亞光國泰99購01  ,0,0,0,0,0,0,0,0,0,45000,0,0,0,50000,5000,45000,45000
05502P,台表科國票97售01,0,0,0,0,0,0,0,0,0,45000,0,0,0,45000,0,45000,45000
055420,欣興永豐98購01  ,0,0,0,0,0,0,0,0,0,45000,0,0,0,185000,140000,45000,45000
055277,旺宏元大97購04  ,0,0,0,0,0,0,0,0,0,45000,0,0,0,135000,90000,45000,45000
054016,嘉晶永豐96購04  ,0,0,0,0,0,0,0,0,0,45000,0,0,0,45000,0,45000,45000
052905,潤泰全國票97購01,0,0,0,0,0,0,0,0,0,45000,0,0,0,75000,30000,45000,45000
053141,景碩永豐96購02  ,0,0,0,0,0,0,0,0,0,45000,0,0,0,45000,0,45000,45000
06856P,台灣50永豐99售03,0,0,0,0,0,0,0,0,0,45000,0,0,0,232000,187000,45000,45000
055653,聯詠元富01購02  ,0,0,0,0,0,0,0,0,0,44000,0,0,0,65000,21000,44000,44000
055801,景碩永豐97購02  ,0,0,0,0,0,0,0,0,0,44000,0,0,0,80000,36000,44000,44000
056546,致伸凱基98購01  ,0,0,0,0,0,0,0,0,0,44000,0,0,0,56000,12000,44000,44000
056624,景碩永豐98購01  ,0,0,0,0,0,0,0,0,0,44000,0,0,0,44000,0,44000,44000
056177,嘉澤元富97購01  ,0,0,0,0,0,0,0,0,0,44000,0,0,0,44000,0,44000,44000
057189,康控元大98購02  ,0,0,0,0,0,0,0,0,0,44000,0,0,0,100000,56000,44000,44000
047514,亞光國票94購01  ,0,0,0,0,0,0,0,0,0,44000,0,0,0,102000,58000,44000,44000
048707,南電國票95購01  ,0,0,0,0,0,0,0,0,0,44000,0,0,0,44000,0,44000,44000
052194,旺宏元富95購04  ,0,0,0,0,0,0,0,0,0,44000,0,0,0,92000,48000,44000,44000
050252,聯發科國泰95購01,0,0,0,0,0,0,0,0,0,44000,0,0,0,302000,258000,44000,44000
049615,香港2X群益98購01,0,0,0,0,0,0,0,0,0,44000,0,0,0,70000,26000,44000,44000
049598,超眾元大95購03  ,0,0,0,0,0,0,0,0,0,44000,0,0,0,95000,51000,44000,44000
04950P,上証2X中信96售02,0,0,0,0,0,0,0,0,0,44000,0,0,0,290000,246000,44000,44000
055256,日電貿統一99購01,0,0,0,0,0,0,0,0,0,44000,0,0,0,48000,4000,44000,44000
055039,神達富邦99購01  ,0,0,0,0,0,0,0,0,0,44000,0,0,0,126000,82000,44000,44000
054984,華泰元富97購01  ,0,0,0,0,0,0,0,0,0,44000,0,0,0,74000,30000,44000,44000
06734P,智邦凱基98售05  ,0,0,0,0,0,0,0,0,0,44000,0,0,0,89000,45000,44000,44000
06272P,台郡凱基97售04  ,0,0,0,0,0,0,0,0,0,44000,0,0,0,44000,0,44000,44000
2845,遠東銀          ,1001000,1040000,-39000,0,0,0,33000,0,33000,50000,50000,0,50000,0,0,0,44000
2456,奇力新          ,5059000,2605000,2454000,0,0,0,38000,2012000,-1974000,-436297,237000,405297,-168297,24000,292000,-268000,43703
057226,上銀凱基98購06  ,0,0,0,0,0,0,0,0,0,43000,0,0,0,48000,5000,43000,43000
056678,力成元富98購01  ,0,0,0,0,0,0,0,0,0,43000,0,0,0,63000,20000,43000,43000
057638,上銀元大99購01  ,0,0,0,0,0,0,0,0,0,43000,0,0,0,68000,25000,43000,43000
056661,臺股指元大9A購08,0,0,0,0,0,0,0,0,0,43000,0,0,0,90000,47000,43000,43000
056548,瀚宇博凱基98購02,0,0,0,0,0,0,0,0,0,43000,0,0,0,93000,50000,43000,43000
056603,嘉聯益國泰9A購01,0,0,0,0,0,0,0,0,0,43000,0,0,0,89000,46000,43000,43000
055785,祥碩凱基97購02  ,0,0,0,0,0,0,0,0,0,43000,0,0,0,52000,9000,43000,43000
055952,上銀元大97購08  ,0,0,0,0,0,0,0,0,0,43000,0,0,0,74000,31000,43000,43000
055474,欣興凱基97購05  ,0,0,0,0,0,0,0,0,0,43000,0,0,0,298000,255000,43000,43000
055569,聚陽統一98購01  ,0,0,0,0,0,0,0,0,0,43000,0,0,0,98000,55000,43000,43000
055575,華新科統一98購01,0,0,0,0,0,0,0,0,0,43000,0,0,0,91000,48000,43000,43000
050092,鴻海永豐94購04  ,0,0,0,0,0,0,0,0,0,43000,0,0,0,43000,0,43000,43000
046568,臻鼎元富95購01  ,0,0,0,0,0,0,0,0,0,43000,0,0,0,181000,138000,43000,43000
03417B,臺股指凱基95熊19,0,0,0,0,0,0,0,0,0,43000,0,0,0,73000,30000,43000,43000
05186P,鈺齊中信95售02  ,0,0,0,0,0,0,0,0,0,43000,0,0,0,174000,131000,43000,43000
052969,建準群益97購01  ,0,0,0,0,0,0,0,0,0,43000,0,0,0,86000,43000,43000,43000
053387,緯創元大97購01  ,0,0,0,0,0,0,0,0,0,43000,0,0,0,47000,4000,43000,43000
054022,南亞康和96購01  ,0,0,0,0,0,0,0,0,0,43000,0,0,0,53000,10000,43000,43000
05412P,泰碩國票95售02  ,0,0,0,0,0,0,0,0,0,43000,0,0,0,433000,390000,43000,43000
054143,茂林元大96購04  ,0,0,0,0,0,0,0,0,0,43000,0,0,0,91000,48000,43000,43000
06549P,大立光元大98售11,0,0,0,0,0,0,0,0,0,43000,0,0,0,43000,0,43000,43000
055774,台光電凱基97購02,0,0,0,0,0,0,0,0,0,42000,0,0,0,83000,41000,42000,42000
056596,光磊元富98購01  ,0,0,0,0,0,0,0,0,0,42000,0,0,0,148000,106000,42000,42000
057831,聯發科元富02購04,0,0,0,0,0,0,0,0,0,42000,0,0,0,50000,8000,42000,42000
057555,玉晶光凱基9A購02,0,0,0,0,0,0,0,0,0,42000,0,0,0,42000,0,42000,42000
057579,長榮航中信9A購01,0,0,0,0,0,0,0,0,0,42000,0,0,0,122000,80000,42000,42000
056926,日月光兆豐98購01,0,0,0,0,0,0,0,0,0,42000,0,0,0,42000,0,42000,42000
056914,臺股指元大99購09,0,0,0,0,0,0,0,0,0,42000,0,0,0,54000,12000,42000,42000
05727P,新光金日盛96售02,0,0,0,0,0,0,0,0,0,42000,0,0,0,54000,12000,42000,42000
049052,台積電永豐94購02,0,0,0,0,0,0,0,0,0,42000,0,0,0,88000,46000,42000,42000
049192,元油2X永豐96購02,0,0,0,0,0,0,0,0,0,42000,0,0,0,60000,18000,42000,42000
051495,玉晶光第一95購02,0,0,0,0,0,0,0,0,0,42000,0,0,0,52000,10000,42000,42000
051873,緯穎凱基95購02  ,0,0,0,0,0,0,0,0,0,42000,0,0,0,65000,23000,42000,42000
049738,神基群益94購01  ,0,0,0,0,0,0,0,0,0,42000,0,0,0,58000,16000,42000,42000
052478,大立光群益95購05,0,0,0,0,0,0,0,0,0,42000,0,0,0,84000,42000,42000,42000
052611,力成元大96購02  ,0,0,0,0,0,0,0,0,0,42000,0,0,0,142000,100000,42000,42000
052701,群創國票96購01  ,0,0,0,0,0,0,0,0,0,42000,0,0,0,44000,2000,42000,42000
052252,大立光永豐95購03,0,0,0,0,0,0,0,0,0,42000,0,0,0,44000,2000,42000,42000
053631,欣興兆豐97購01  ,0,0,0,0,0,0,0,0,0,42000,0,0,0,44000,2000,42000,42000
053366,樺漢國泰98購01  ,0,0,0,0,0,0,0,0,0,42000,0,0,0,146000,104000,42000,42000
053496,義隆兆豐96購02  ,0,0,0,0,0,0,0,0,0,42000,0,0,0,42000,0,42000,42000
053180,同欣電統一96購01,0,0,0,0,0,0,0,0,0,42000,0,0,0,70000,28000,42000,42000
053316,友達群益9A購01  ,0,0,0,0,0,0,0,0,0,42000,0,0,0,42000,0,42000,42000
053120,復盛中信9A購01  ,0,0,0,0,0,0,0,0,0,42000,0,0,0,103000,61000,42000,42000
054967,神達元大97購01  ,0,0,0,0,0,0,0,0,0,42000,0,0,0,51000,9000,42000,42000
055396,瑞儀統一97購01  ,0,0,0,0,0,0,0,0,0,42000,0,0,0,93000,51000,42000,42000
3008,大立光          ,428594,369338,59256,0,0,0,12000,15000,-3000,-15000,5000,9000,-4000,2000,13000,-11000,41256
057202,TPK元富98購02   ,0,0,0,0,0,0,0,0,0,41000,0,0,0,71000,30000,41000,41000
056856,華通群益9A購01  ,0,0,0,0,0,0,0,0,0,41000,0,0,0,73000,32000,41000,41000
057469,康友永豐98購02  ,0,0,0,0,0,0,0,0,0,41000,0,0,0,41000,0,41000,41000
056164,聯茂凱基98購03  ,0,0,0,0,0,0,0,0,0,41000,0,0,0,41000,0,41000,41000
056130,新日興麥證97購01,0,0,0,71000,30000,41000,0,0,0,41000,0,0,0,71000,30000,41000,41000
056242,緯創群益9A購01  ,0,0,0,0,0,0,0,0,0,41000,0,0,0,161000,120000,41000,41000
055909,大成鋼凱基98購02,0,0,0,0,0,0,0,0,0,41000,0,0,0,41000,0,41000,41000
055560,大立光凱基97購10,0,0,0,0,0,0,0,0,0,41000,0,0,0,41000,0,41000,41000
055759,技嘉群益98購02  ,0,0,0,0,0,0,0,0,0,41000,0,0,0,123000,82000,41000,41000
048746,台達電元富94購01,0,0,0,0,0,0,0,0,0,41000,0,0,0,41000,0,41000,41000
048788,華新科元大95購02,0,0,0,0,0,0,0,0,0,41000,0,0,0,46000,5000,41000,41000
046460,聯鈞凱基93購02  ,0,0,0,0,0,0,0,0,0,41000,0,0,0,41000,0,41000,41000
047547,友達凱基99購02  ,0,0,0,0,0,0,0,0,0,41000,0,0,0,50000,9000,41000,41000
04908P,南電國票95售03  ,0,0,0,0,0,0,0,0,0,41000,0,0,0,63000,22000,41000,41000
046240,中鋼中信94購01  ,0,0,0,0,0,0,0,0,0,41000,0,0,0,41000,0,41000,41000
044927,聯詠國泰94購01  ,0,0,0,0,0,0,0,0,0,41000,0,0,0,110000,69000,41000,41000
03398P,瑞昱中信06售03  ,0,0,0,0,0,0,0,0,0,41000,0,0,0,41000,0,41000,41000
03242P,聯電統一02售04  ,0,0,0,0,0,0,0,0,0,41000,0,0,0,41000,0,41000,41000
052241,台郡國票96購01  ,0,0,0,0,0,0,0,0,0,41000,0,0,0,41000,0,41000,41000
052463,聯電統一96購01  ,0,0,0,0,0,0,0,0,0,41000,0,0,0,89000,48000,41000,41000
052500,元翎永豐95購01  ,0,0,0,0,0,0,0,0,0,41000,0,0,0,41000,0,41000,41000
050168,緯創富邦95購01  ,0,0,0,0,0,0,0,0,0,41000,0,0,0,41000,0,41000,41000
050226,華新科中信94購01,0,0,0,0,0,0,0,0,0,41000,0,0,0,111000,70000,41000,41000
04993P,上銀兆豐96售01  ,0,0,0,0,0,0,0,0,0,41000,0,0,0,47000,6000,41000,41000
049304,元油2X凱基95購05,0,0,0,0,0,0,0,0,0,41000,0,0,0,41000,0,41000,41000
052181,南茂元大95購05  ,0,0,0,0,0,0,0,0,0,41000,0,0,0,41000,0,41000,41000
054740,強茂凱基99購01  ,0,0,0,0,0,0,0,0,0,41000,0,0,0,91000,50000,41000,41000
053300,大成鋼凱基96購02,0,0,0,0,0,0,0,0,0,41000,0,0,0,41000,0,41000,41000
2059,川湖            ,149000,175000,-26000,0,0,0,91000,35000,56000,11000,13000,2000,11000,0,0,0,41000
9934,成霖            ,173000,136000,37000,0,0,0,0,0,0,4000,6000,2000,4000,0,0,0,41000
06477P,緯穎國票99售02  ,0,0,0,0,0,0,0,0,0,41000,0,0,0,43000,2000,41000,41000
06239P,奇力新元大97售08,0,0,0,0,0,0,0,0,0,41000,0,0,0,51000,10000,41000,41000
06044P,同欣電永豐96售03,0,0,0,0,0,0,0,0,0,41000,0,0,0,42000,1000,41000,41000
06007P,世芯永豐96售01  ,0,0,0,0,0,0,0,0,0,41000,0,0,0,66000,25000,41000,41000
057909,台光電兆豐98購01,0,0,0,0,0,0,0,0,0,41000,0,0,0,43000,2000,41000,41000
05840P,臺股指富邦96售07,0,0,0,0,0,0,0,0,0,41000,0,0,0,41000,0,41000,41000
05909P,康友元富96售02  ,0,0,0,0,0,0,0,0,0,41000,0,0,0,79000,38000,41000,41000
055661,亞德客中信98購01,0,0,0,0,0,0,0,0,0,40000,0,0,0,40000,0,40000,40000
055810,T50反1國票99購01,0,0,0,0,0,0,0,0,0,40000,0,0,0,40000,0,40000,40000
055990,矽創元富97購01  ,0,0,0,0,0,0,0,0,0,40000,0,0,0,50000,10000,40000,40000
056078,勤誠元大97購01  ,0,0,0,0,0,0,0,0,0,40000,0,0,0,40000,0,40000,40000
056178,嘉澤元富97購02  ,0,0,0,0,0,0,0,0,0,40000,0,0,0,40000,0,40000,40000
056172,鴻海元富97購11  ,0,0,0,0,0,0,0,0,0,40000,0,0,0,50000,10000,40000,40000
056211,南港國票98購01  ,0,0,0,0,0,0,0,0,0,40000,0,0,0,40000,0,40000,40000
056642,旺宏凱基98購07  ,0,0,0,0,0,0,0,0,0,40000,0,0,0,75000,35000,40000,40000
05647P,聯發科國票97售02,0,0,0,0,0,0,0,0,0,40000,0,0,0,157000,117000,40000,40000
057496,佐登元大98購02  ,0,0,0,0,0,0,0,0,0,40000,0,0,0,60000,20000,40000,40000
057358,元油2X元大98購08,0,0,0,0,0,0,0,0,0,40000,0,0,0,40000,0,40000,40000
057302,福懋科中信98購01,0,0,0,0,0,0,0,0,0,40000,0,0,0,45000,5000,40000,40000
057838,台郡國泰99購01  ,0,0,0,0,0,0,0,0,0,40000,0,0,0,50000,10000,40000,40000
057774,台光電群益99購02,0,0,0,0,0,0,0,0,0,40000,0,0,0,65000,25000,40000,40000
057640,台積電元大98購16,0,0,0,0,0,0,0,0,0,40000,0,0,0,502000,462000,40000,40000
057164,國巨元大98購14  ,0,0,0,0,0,0,0,0,0,40000,0,0,0,292000,252000,40000,40000
042116,元油2X國票97購01,0,0,0,0,0,0,0,0,0,40000,0,0,0,50000,10000,40000,40000
043652,微星國泰93購01  ,0,0,0,0,0,0,0,0,0,40000,0,0,0,40000,0,40000,40000
04548P,大立光元大94售14,0,0,0,0,0,0,0,0,0,40000,0,0,0,50000,10000,40000,40000
04533P,臺股指凱基94售05,0,0,0,0,0,0,0,0,0,40000,0,0,0,40000,0,40000,40000
04534P,臻鼎元富94售03  ,0,0,0,0,0,0,0,0,0,40000,0,0,0,40000,0,40000,40000
03949P,旺宏中信93售01  ,0,0,0,0,0,0,0,0,0,40000,0,0,0,40000,0,40000,40000
03968P,聯發科國票93售05,0,0,0,0,0,0,0,0,0,40000,0,0,0,40000,0,40000,40000
03956P,欣興統一93售02  ,0,0,0,0,0,0,0,0,0,40000,0,0,0,72000,32000,40000,40000
04476P,玉晶光元大94售05,0,0,0,0,0,0,0,0,0,40000,0,0,0,40000,0,40000,40000
046205,明基材凱基93購01,0,0,0,0,0,0,0,0,0,40000,0,0,0,50000,10000,40000,40000
04615P,華新科群益94售03,0,0,0,0,0,0,0,0,0,40000,0,0,0,40000,0,40000,40000
047277,晶技永豐93購01  ,0,0,0,0,0,0,0,0,0,40000,0,0,0,40000,0,40000,40000
049054,禾伸堂永豐94購01,0,0,0,0,0,0,0,0,0,40000,0,0,0,40000,0,40000,40000
047054,聯詠國票93購01  ,0,0,0,0,0,0,0,0,0,40000,0,0,0,40000,0,40000,40000
048598,瑞昱國票93購03  ,0,0,0,0,0,0,0,0,0,40000,0,0,0,40000,0,40000,40000
047771,緯創元大93購01  ,0,0,0,0,0,0,0,0,0,40000,0,0,0,40000,0,40000,40000
047946,南亞科統一93購04,0,0,0,0,0,0,0,0,0,40000,0,0,0,40000,0,40000,40000
047999,聯發科元大93購22,0,0,0,0,0,0,0,0,0,40000,0,0,0,40000,0,40000,40000
046629,群創統一98購01  ,0,0,0,0,0,0,0,0,0,40000,0,0,0,199000,159000,40000,40000
048386,華新國票94購01  ,0,0,0,0,0,0,0,0,0,40000,0,0,0,40000,0,40000,40000
048387,台達電國票94購01,0,0,0,0,0,0,0,0,0,40000,0,0,0,40000,0,40000,40000
048898,晶相光國泰96購01,0,0,0,0,0,0,0,0,0,40000,0,0,0,81000,41000,40000,40000
048185,台郡群益93購04  ,0,0,0,0,0,0,0,0,0,40000,0,0,0,40000,0,40000,40000
048035,聯詠凱基93購06  ,0,0,0,0,0,0,0,0,0,40000,0,0,0,50000,10000,40000,40000
048133,臻鼎國票94購01  ,0,0,0,0,0,0,0,0,0,40000,0,0,0,60000,20000,40000,40000
048941,牧德永豐94購02  ,0,0,0,0,0,0,0,0,0,40000,0,0,0,100000,60000,40000,40000
050486,可成元富94購05  ,0,0,0,0,0,0,0,0,0,40000,0,0,0,70000,30000,40000,40000
050612,台積電元大95購06,0,0,0,0,0,0,0,0,0,40000,0,0,0,70000,30000,40000,40000
050721,台泥國票94購01  ,0,0,0,0,0,0,0,0,0,40000,0,0,0,118000,78000,40000,40000
050219,台積電元富95購03,0,0,0,0,0,0,0,0,0,40000,0,0,0,153000,113000,40000,40000
04924P,元油2X元大94售12,0,0,0,0,0,0,0,0,0,40000,0,0,0,340000,300000,40000,40000
049769,和鑫元富96購01  ,0,0,0,0,0,0,0,0,0,40000,0,0,0,50000,10000,40000,40000
049602,南電元大95購01  ,0,0,0,0,0,0,0,0,0,40000,0,0,0,101000,61000,40000,40000
051919,台郡元大96購02  ,0,0,0,0,0,0,0,0,0,40000,0,0,0,40000,0,40000,40000
051912,健鼎元大96購01  ,0,0,0,0,0,0,0,0,0,40000,0,0,0,55000,15000,40000,40000
052075,旺宏元富95購03  ,0,0,0,0,0,0,0,0,0,40000,0,0,0,40000,0,40000,40000
051838,國巨國泰97購01  ,0,0,0,0,0,0,0,0,0,40000,0,0,0,40000,0,40000,40000
052457,日月光元富95購01,0,0,0,0,0,0,0,0,0,40000,0,0,0,70000,30000,40000,40000
049495,欣興元大94購06  ,0,0,0,0,0,0,0,0,0,40000,0,0,0,45000,5000,40000,40000
052760,盟立群益96購01  ,0,0,0,0,0,0,0,0,0,40000,0,0,0,90000,50000,40000,40000
052348,台光電富邦95購01,0,0,0,0,0,0,0,0,0,40000,0,0,0,40000,0,40000,40000
050781,昇陽半元大94購06,0,0,0,0,0,0,0,0,0,40000,0,0,0,40000,0,40000,40000
049480,同欣電永豐94購01,0,0,0,0,0,0,0,0,0,40000,0,0,0,45000,5000,40000,40000
053587,京元電元大98購01,0,0,0,0,0,0,0,0,0,40000,0,0,0,40000,0,40000,40000
053737,華新科麥證96購01,0,0,0,75000,35000,40000,0,0,0,40000,0,0,0,75000,35000,40000,40000
054212,聯詠國票97購03  ,0,0,0,0,0,0,0,0,0,40000,0,0,0,70000,30000,40000,40000
054034,景碩中信96購01  ,0,0,0,0,0,0,0,0,0,40000,0,0,0,40000,0,40000,40000
054006,智易統一97購01  ,0,0,0,0,0,0,0,0,0,40000,0,0,0,40000,0,40000,40000
053883,大立光中信98購02,0,0,0,0,0,0,0,0,0,40000,0,0,0,100000,60000,40000,40000
054312,TPK凱基98購01   ,0,0,0,0,0,0,0,0,0,40000,0,0,0,50000,10000,40000,40000
054373,富邦金中信97購01,0,0,0,0,0,0,0,0,0,40000,0,0,0,40000,0,40000,40000
054488,禾伸堂台新96購01,0,0,0,0,0,0,0,0,0,40000,0,0,0,169000,129000,40000,40000
054466,欣興凱基97購03  ,0,0,0,0,0,0,0,0,0,40000,0,0,0,40000,0,40000,40000
055459,建準永豐97購03  ,0,0,0,0,0,0,0,0,0,40000,0,0,0,40000,0,40000,40000
054995,宏盛元富97購01  ,0,0,0,0,0,0,0,0,0,40000,0,0,0,40000,0,40000,40000
05811P,臺股指國票96售04,0,0,0,0,0,0,0,0,0,40000,0,0,0,40000,0,40000,40000
05803P,臺股指兆豐96售03,0,0,0,0,0,0,0,0,0,40000,0,0,0,60000,20000,40000,40000
06066P,群創台新98售01  ,0,0,0,0,0,0,0,0,0,40000,0,0,0,151000,111000,40000,40000
06075P,智邦凱基97售02  ,0,0,0,0,0,0,0,0,0,40000,0,0,0,150000,110000,40000,40000
06530P,元油2X元富98售13,0,0,0,0,0,0,0,0,0,40000,0,0,0,50000,10000,40000,40000
06382P,大毅元富97售02  ,0,0,0,0,0,0,0,0,0,40000,0,0,0,252000,212000,40000,40000
4119,旭富            ,380000,549000,-169000,0,0,0,20000,0,20000,189000,111000,10000,101000,93000,5000,88000,40000
056509,晶相光永豐98購01,0,0,0,0,0,0,0,0,0,39000,0,0,0,90000,51000,39000,39000
056364,亞光元大99購02  ,0,0,0,0,0,0,0,0,0,39000,0,0,0,40000,1000,39000,39000
056053,和大元大97購05  ,0,0,0,0,0,0,0,0,0,39000,0,0,0,59000,20000,39000,39000
055855,牧德元大99購02  ,0,0,0,0,0,0,0,0,0,39000,0,0,0,220000,181000,39000,39000
055469,台光電凱基97購01,0,0,0,0,0,0,0,0,0,39000,0,0,0,39000,0,39000,39000
04893P,創意元大94售03  ,0,0,0,0,0,0,0,0,0,39000,0,0,0,40000,1000,39000,39000
048664,華新科統一94購01,0,0,0,0,0,0,0,0,0,39000,0,0,0,40000,1000,39000,39000
047494,華邦電元富96購01,0,0,0,0,0,0,0,0,0,39000,0,0,0,39000,0,39000,39000
047825,道瓊反元大96購01,0,0,0,0,0,0,0,0,0,39000,0,0,0,40000,1000,39000,39000
051383,京鼎群益96購02  ,0,0,0,0,0,0,0,0,0,39000,0,0,0,56000,17000,39000,39000
051157,華新科富邦98購01,0,0,0,0,0,0,0,0,0,39000,0,0,0,495000,456000,39000,39000
051833,昇陽半元大96購01,0,0,0,0,0,0,0,0,0,39000,0,0,0,79000,40000,39000,39000
051657,台郡元富98購01  ,0,0,0,0,0,0,0,0,0,39000,0,0,0,100000,61000,39000,39000
050158,上海銀群益96購01,0,0,0,0,0,0,0,0,0,39000,0,0,0,50000,11000,39000,39000
050919,台積電凱基95購03,0,0,0,0,0,0,0,0,0,39000,0,0,0,73000,34000,39000,39000
054757,南亞國票98購01  ,0,0,0,0,0,0,0,0,0,39000,0,0,0,119000,80000,39000,39000
054850,上海銀兆豐97購01,0,0,0,0,0,0,0,0,0,39000,0,0,0,80000,41000,39000,39000
054694,聯鈞永豐97購01  ,0,0,0,0,0,0,0,0,0,39000,0,0,0,45000,6000,39000,39000
05401P,聯茂永豐95售03  ,0,0,0,0,0,0,0,0,0,39000,0,0,0,40000,1000,39000,39000
053725,晶相光凱基96購01,0,0,0,0,0,0,0,0,0,39000,0,0,0,45000,6000,39000,39000
053111,緯創兆豐97購01  ,0,0,0,0,0,0,0,0,0,39000,0,0,0,70000,31000,39000,39000
6715,嘉基            ,131000,32000,99000,0,0,0,0,0,0,-60000,0,60000,-60000,0,0,0,39000
06747P,大立光群益99售04,0,0,0,0,0,0,0,0,0,39000,0,0,0,49000,10000,39000,39000
06034P,世芯凱基96售03  ,0,0,0,0,0,0,0,0,0,39000,0,0,0,41000,2000,39000,39000
055915,大立光凱基98購07,0,0,0,0,0,0,0,0,0,38000,0,0,0,49000,11000,38000,38000
056048,同欣電兆豐97購01,0,0,0,0,0,0,0,0,0,38000,0,0,0,58000,20000,38000,38000
056238,聯發科群益98購02,0,0,0,0,0,0,0,0,0,38000,0,0,0,138000,100000,38000,38000
056993,GIS兆豐99購01   ,0,0,0,0,0,0,0,0,0,38000,0,0,0,38000,0,38000,38000
056702,欣興國泰9A購01  ,0,0,0,0,0,0,0,0,0,38000,0,0,0,79000,41000,38000,38000
057431,京鼎兆豐98購02  ,0,0,0,0,0,0,0,0,0,38000,0,0,0,38000,0,38000,38000
057536,康控元大99購03  ,0,0,0,0,0,0,0,0,0,38000,0,0,0,202000,164000,38000,38000
048550,中鴻元大96購01  ,0,0,0,0,0,0,0,0,0,38000,0,0,0,38000,0,38000,38000
046858,群創元大94購02  ,0,0,0,0,0,0,0,0,0,38000,0,0,0,68000,30000,38000,38000
048828,禾伸堂凱基94購02,0,0,0,0,0,0,0,0,0,38000,0,0,0,48000,10000,38000,38000
048145,大立光統一93購10,0,0,0,0,0,0,0,0,0,38000,0,0,0,38000,0,38000,38000
050855,華通台新95購01  ,0,0,0,0,0,0,0,0,0,38000,0,0,0,38000,0,38000,38000
01004T,土銀富邦R2      ,0,17000,-17000,0,0,0,0,0,0,55000,55000,0,55000,0,0,0,38000
052154,緯創台新95購01  ,0,0,0,0,0,0,0,0,0,38000,0,0,0,38000,0,38000,38000
049348,瑞昱台新94購01  ,0,0,0,0,0,0,0,0,0,38000,0,0,0,38000,0,38000,38000
050761,華通元大94購05  ,0,0,0,0,0,0,0,0,0,38000,0,0,0,109000,71000,38000,38000
051450,世芯元大95購02  ,0,0,0,0,0,0,0,0,0,38000,0,0,0,242000,204000,38000,38000
051569,緯創富邦95購02  ,0,0,0,0,0,0,0,0,0,38000,0,0,0,38000,0,38000,38000
052403,麗豐凱基96購01  ,0,0,0,0,0,0,0,0,0,38000,0,0,0,38000,0,38000,38000
049547,新光金群益94購01,0,0,0,0,0,0,0,0,0,38000,0,0,0,58000,20000,38000,38000
053055,聯詠國票97購01  ,0,0,0,0,0,0,0,0,0,38000,0,0,0,95000,57000,38000,38000
052951,GIS國票97購02   ,0,0,0,0,0,0,0,0,0,38000,0,0,0,38000,0,38000,38000
05291P,鴻海凱基95售16  ,0,0,0,0,0,0,0,0,0,38000,0,0,0,66000,28000,38000,38000
053510,聯電群益97購01  ,0,0,0,0,0,0,0,0,0,38000,0,0,0,297000,259000,38000,38000
053358,晶技統一98購01  ,0,0,0,0,0,0,0,0,0,38000,0,0,0,58000,20000,38000,38000
053724,聯詠凱基96購04  ,0,0,0,0,0,0,0,0,0,38000,0,0,0,88000,50000,38000,38000
05382P,電子類群益95售02,0,0,0,0,0,0,0,0,0,38000,0,0,0,38000,0,38000,38000
054882,台光電統一97購02,0,0,0,0,0,0,0,0,0,38000,0,0,0,48000,10000,38000,38000
054484,仁寶台新96購01  ,0,0,0,0,0,0,0,0,0,38000,0,0,0,38000,0,38000,38000
054441,力成台新96購01  ,0,0,0,0,0,0,0,0,0,38000,0,0,0,57000,19000,38000,38000
055183,聯鈞統一97購01  ,0,0,0,0,0,0,0,0,0,38000,0,0,0,59000,21000,38000,38000
05795P,華邦電群益96售05,0,0,0,0,0,0,0,0,0,38000,0,0,0,38000,0,38000,38000
3705,永信            ,186000,135000,51000,0,0,0,0,0,0,-13000,0,13000,-13000,0,0,0,38000
057403,亞光群益98購04  ,0,0,0,0,0,0,0,0,0,37000,0,0,0,38000,1000,37000,37000
057134,茂林凱基98購02  ,0,0,0,0,0,0,0,0,0,37000,0,0,0,37000,0,37000,37000
055713,國巨元大98購09  ,0,0,0,0,0,0,0,0,0,37000,0,0,0,301000,264000,37000,37000
048874,玉晶光國票96購01,0,0,0,0,0,0,0,0,0,37000,0,0,0,44000,7000,37000,37000
047992,東陽元大96購01  ,0,0,0,0,0,0,0,0,0,37000,0,0,0,37000,0,37000,37000
052575,茂林凱基96購04  ,0,0,0,0,0,0,0,0,0,37000,0,0,0,37000,0,37000,37000
052806,玉晶光元大98購04,0,0,0,0,0,0,0,0,0,37000,0,0,0,192000,155000,37000,37000
05263P,台積電元大96售09,0,0,0,0,0,0,0,0,0,37000,0,0,0,182000,145000,37000,37000
049438,嘉晶國泰96購01  ,0,0,0,0,0,0,0,0,0,37000,0,0,0,162000,125000,37000,37000
051399,玉晶光台新96購01,0,0,0,0,0,0,0,0,0,37000,0,0,0,103000,66000,37000,37000
050780,台表科元大96購01,0,0,0,0,0,0,0,0,0,37000,0,0,0,100000,63000,37000,37000
052293,泰碩國票95購03  ,0,0,0,0,0,0,0,0,0,37000,0,0,0,207000,170000,37000,37000
049264,奇鋐元大95購01  ,0,0,0,0,0,0,0,0,0,37000,0,0,0,110000,73000,37000,37000
04958P,和大凱基94售04  ,0,0,0,0,0,0,0,0,0,37000,0,0,0,38000,1000,37000,37000
055288,日電貿元大97購02,0,0,0,0,0,0,0,0,0,37000,0,0,0,115000,78000,37000,37000
053582,英業達元大97購01,0,0,0,0,0,0,0,0,0,37000,0,0,0,47000,10000,37000,37000
05346P,臺股指統一95售06,0,0,0,0,0,0,0,0,0,37000,0,0,0,67000,30000,37000,37000
053249,致伸國票97購02  ,0,0,0,0,0,0,0,0,0,37000,0,0,0,37000,0,37000,37000
053022,欣興國泰98購01  ,0,0,0,0,0,0,0,0,0,37000,0,0,0,48000,11000,37000,37000
053097,超眾統一96購03  ,0,0,0,0,0,0,0,0,0,37000,0,0,0,37000,0,37000,37000
06802P,緯穎群益98售03  ,0,0,0,0,0,0,0,0,0,37000,0,0,0,71000,34000,37000,37000
3338,泰碩            ,683000,791030,-108030,0,0,0,544000,26000,518000,-373000,252000,434000,-182000,84000,275000,-191000,36970
00712,FH富時不動產    ,200,311000,-310800,0,0,0,0,0,0,347000,0,0,0,381000,34000,347000,36200
057182,禾伸堂元大99購02,0,0,0,0,0,0,0,0,0,36000,0,0,0,276000,240000,36000,36000
057296,智原永豐98購01  ,0,0,0,0,0,0,0,0,0,36000,0,0,0,36000,0,36000,36000
045825,力成凱基93購02  ,0,0,0,0,0,0,0,0,0,36000,0,0,0,36000,0,36000,36000
048427,百和元富95購01  ,0,0,0,0,0,0,0,0,0,36000,0,0,0,236000,200000,36000,36000
05152P,玉晶光群益96售05,0,0,0,0,0,0,0,0,0,36000,0,0,0,40000,4000,36000,36000
049159,同欣電中信96購01,0,0,0,0,0,0,0,0,0,36000,0,0,0,186000,150000,36000,36000
052672,世紀鋼群益96購02,0,0,0,0,0,0,0,0,0,36000,0,0,0,275000,239000,36000,36000
053091,同欣電元大96購01,0,0,0,0,0,0,0,0,0,36000,0,0,0,49000,13000,36000,36000
053332,創意永豐96購03  ,0,0,0,0,0,0,0,0,0,36000,0,0,0,117000,81000,36000,36000
053333,新唐永豐96購01  ,0,0,0,0,0,0,0,0,0,36000,0,0,0,39000,3000,36000,36000
053937,光磊元富96購01  ,0,0,0,0,0,0,0,0,0,36000,0,0,0,184000,148000,36000,36000
054171,台郡凱基97購01  ,0,0,0,0,0,0,0,0,0,36000,0,0,0,45000,9000,36000,36000
05451P,臺股指元大95售28,0,0,0,0,0,0,0,0,0,36000,0,0,0,40000,4000,36000,36000
9907,統一實          ,208000,164000,44000,0,0,0,0,0,0,-8000,0,8000,-8000,0,0,0,36000
05821P,臺股指凱基96售18,0,0,0,0,0,0,0,0,0,36000,10000,0,10000,1046000,1020000,26000,36000
05730P,臺股指凱基97售03,0,0,0,0,0,0,0,0,0,35000,0,0,0,65000,30000,35000,35000
055987,台表科元富97購01,0,0,0,0,0,0,0,0,0,35000,0,0,0,35000,0,35000,35000
05662P,景碩元富96售01  ,0,0,0,0,0,0,0,0,0,35000,0,0,0,35000,0,35000,35000
056639,國產康和98購01  ,0,0,0,0,0,0,0,0,0,35000,0,0,0,50000,15000,35000,35000
056655,旺宏元大99購02  ,0,0,0,0,0,0,0,0,0,35000,0,0,0,35000,0,35000,35000
056549,嘉聯益凱基98購04,0,0,0,0,0,0,0,0,0,35000,0,0,0,203000,168000,35000,35000
050814,微星凱基95購01  ,0,0,0,0,0,0,0,0,0,35000,0,0,0,35000,0,35000,35000
048650,台表科元大93購05,0,0,0,0,0,0,0,0,0,35000,0,0,0,35000,0,35000,35000
046650,台表科國泰94購01,0,0,0,0,0,0,0,0,0,35000,0,0,0,35000,0,35000,35000
04786P,鴻海永昌96售01  ,0,0,0,0,0,0,0,0,0,35000,0,0,0,36000,1000,35000,35000
049104,元油2X富邦97購02,0,0,0,0,0,0,0,0,0,35000,0,0,0,35000,0,35000,35000
04508P,臺股指元大94售03,0,0,0,0,0,0,0,0,0,35000,0,0,0,35000,0,35000,35000
03902P,義隆國票94售01  ,0,0,0,0,0,0,0,0,0,35000,0,0,0,35000,0,35000,35000
050759,貿聯元富94購02  ,0,0,0,0,0,0,0,0,0,35000,0,0,0,75000,40000,35000,35000
051849,旺宏中信98購01  ,0,0,0,0,0,0,0,0,0,35000,0,0,0,70000,35000,35000,35000
051844,宏達電富邦96購01,0,0,0,0,0,0,0,0,0,35000,0,0,0,55000,20000,35000,35000
049808,聯詠元大94購03  ,0,0,0,0,0,0,0,0,0,35000,0,0,0,85000,50000,35000,35000
049946,智邦兆豐95購01  ,0,0,0,0,0,0,0,0,0,35000,0,0,0,45000,10000,35000,35000
052167,亞泥元大96購01  ,0,0,0,0,0,0,0,0,0,35000,0,0,0,193000,158000,35000,35000
050680,上銀元富94購01  ,0,0,0,0,0,0,0,0,0,35000,0,0,0,288000,253000,35000,35000
050580,強茂國票95購01  ,0,0,0,0,0,0,0,0,0,35000,0,0,0,50000,15000,35000,35000
050542,宏碁凱基95購01  ,0,0,0,0,0,0,0,0,0,35000,0,0,0,35000,0,35000,35000
054354,技嘉富邦97購01  ,0,0,0,0,0,0,0,0,0,35000,0,0,0,115000,80000,35000,35000
055367,台積電元大97購23,0,0,0,0,0,0,0,0,0,35000,0,0,0,525000,490000,35000,35000
055435,佳世達中信99購01,0,0,0,0,0,0,0,0,0,35000,0,0,0,148000,113000,35000,35000
055021,亞德客國泰98購01,0,0,0,0,0,0,0,0,0,35000,0,0,0,50000,15000,35000,35000
05395P,旺宏元大96售06  ,0,0,0,0,0,0,0,0,0,35000,0,0,0,266000,231000,35000,35000
053586,建準元大96購01  ,0,0,0,0,0,0,0,0,0,35000,0,0,0,46000,11000,35000,35000
053841,美律統一96購01  ,0,0,0,0,0,0,0,0,0,35000,0,0,0,105000,70000,35000,35000
05799P,臺股指群益96售13,0,0,0,0,0,0,0,0,0,35000,0,0,0,35000,0,35000,35000
05994P,奇鋐元大96售02  ,0,0,0,0,0,0,0,0,0,35000,0,0,0,35000,0,35000,35000
06598P,奇力新永豐98售02,0,0,0,0,0,0,0,0,0,35000,0,0,0,255000,220000,35000,35000
056510,正文永豐98購02  ,0,0,0,0,0,0,0,0,0,34000,0,0,0,61000,27000,34000,34000
056352,鴻海元大99購01  ,0,0,0,0,0,0,0,0,0,34000,0,0,0,120000,86000,34000,34000
055733,奇力新元富97購01,0,0,0,0,0,0,0,0,0,34000,0,0,0,110000,76000,34000,34000
056988,聚陽兆豐98購01  ,0,0,0,0,0,0,0,0,0,34000,0,0,0,54000,20000,34000,34000
03544P,鴻海群益02售07  ,0,0,0,0,0,0,0,0,0,34000,0,0,0,44000,10000,34000,34000
048994,南電元大94購03  ,0,0,0,0,0,0,0,0,0,34000,0,0,0,34000,0,34000,34000
044299,南電凱基93購02  ,0,0,0,0,0,0,0,0,0,34000,0,0,0,64000,30000,34000,34000
051512,超眾麥證95購01  ,0,0,0,34000,0,34000,0,0,0,34000,0,0,0,34000,0,34000,34000
051886,道瓊反統一95購03,0,0,0,0,0,0,0,0,0,34000,0,0,0,38000,4000,34000,34000
052123,泰碩國票95購01  ,0,0,0,0,0,0,0,0,0,34000,0,0,0,195000,161000,34000,34000
053677,同欣電國泰97購01,0,0,0,0,0,0,0,0,0,34000,0,0,0,70000,36000,34000,34000
053324,康舒群益96購01  ,0,0,0,0,0,0,0,0,0,34000,0,0,0,143000,109000,34000,34000
055197,致新元富97購02  ,0,0,0,0,0,0,0,0,0,34000,0,0,0,34000,0,34000,34000
055313,南電群益97購01  ,0,0,0,0,0,0,0,0,0,34000,0,0,0,44000,10000,34000,34000
054239,台郡群益96購02  ,0,0,0,0,0,0,0,0,0,34000,0,0,0,34000,0,34000,34000
054672,華新科國泰99購01,0,0,0,0,0,0,0,0,0,34000,0,0,0,60000,26000,34000,34000
06678P,大立光統一99售01,0,0,0,0,0,0,0,0,0,34000,0,0,0,54000,20000,34000,34000
06853P,華擎元富98售03  ,0,0,0,0,0,0,0,0,0,34000,0,0,0,57000,23000,34000,34000
08484P,台灣50中信96售01,0,0,0,0,0,0,0,0,0,34000,0,0,0,54000,20000,34000,34000
4190,佐登-KY         ,95000,59000,36000,0,0,0,0,0,0,-2000,3000,1000,2000,0,4000,-4000,34000
05678P,群創群益97售01  ,0,0,0,0,0,0,0,0,0,33000,0,0,0,33000,0,33000,33000
057395,旺宏中信98購03  ,0,0,0,0,0,0,0,0,0,33000,0,0,0,33000,0,33000,33000
055798,聯茂富邦98購01  ,0,0,0,0,0,0,0,0,0,33000,0,0,0,45000,12000,33000,33000
056151,建準凱基97購01  ,0,0,0,0,0,0,0,0,0,33000,0,0,0,53000,20000,33000,33000
056444,南亞科凱基99購01,0,0,0,0,0,0,0,0,0,33000,0,0,0,64000,31000,33000,33000
051636,嘉晶國票95購02  ,0,0,0,0,0,0,0,0,0,33000,0,0,0,33000,0,33000,33000
05006P,華通元富95售01  ,0,0,0,0,0,0,0,0,0,33000,0,0,0,186000,153000,33000,33000
048128,超眾元大95購01  ,0,0,0,0,0,0,0,0,0,33000,0,0,0,99000,66000,33000,33000
04513P,元石油中信94售01,0,0,0,0,0,0,0,0,0,33000,0,0,0,33000,0,33000,33000
049582,台積電元大95購03,0,0,0,0,0,0,0,0,0,33000,0,0,0,237000,204000,33000,33000
051740,可成國票96購04  ,0,0,0,0,0,0,0,0,0,33000,0,0,0,59000,26000,33000,33000
050577,美律國票94購03  ,0,0,0,0,0,0,0,0,0,33000,0,0,0,38000,5000,33000,33000
051954,矽力元富95購04  ,0,0,0,0,0,0,0,0,0,33000,0,0,0,34000,1000,33000,33000
052254,康友永豐95購03  ,0,0,0,0,0,0,0,0,0,33000,0,0,0,41000,8000,33000,33000
052491,泰碩國票99購01  ,0,0,0,0,0,0,0,0,0,33000,0,0,0,46000,13000,33000,33000
052432,康友永豐95購04  ,0,0,0,0,0,0,0,0,0,33000,0,0,0,41000,8000,33000,33000
049496,和鑫元大95購01  ,0,0,0,0,0,0,0,0,0,33000,0,0,0,113000,80000,33000,33000
050330,南電永豐94購01  ,0,0,0,0,0,0,0,0,0,33000,0,0,0,127000,94000,33000,33000
054548,鴻海凱基98購03  ,0,0,0,0,0,0,0,0,0,33000,0,0,0,75000,42000,33000,33000
055090,國巨群益97購03  ,0,0,0,0,0,0,0,0,0,33000,0,0,0,34000,1000,33000,33000
052952,矽創國票97購02  ,0,0,0,0,0,0,0,0,0,33000,0,0,0,38000,5000,33000,33000
06561P,台灣50國泰9A售01,0,0,0,0,0,0,0,0,0,33000,0,0,0,33000,0,33000,33000
056656,華邦電元大98購02,0,0,0,0,0,0,0,0,0,32000,0,0,0,40000,8000,32000,32000
055782,新日興凱基99購01,0,0,0,0,0,0,0,0,0,32000,0,0,0,32000,0,32000,32000
055882,嘉聯益元富97購01,0,0,0,0,0,0,0,0,0,32000,0,0,0,32000,0,32000,32000
055729,金寶元富99購01  ,0,0,0,0,0,0,0,0,0,32000,0,0,0,109000,77000,32000,32000
057560,華新科兆豐99購01,0,0,0,0,0,0,0,0,0,32000,0,0,0,59000,27000,32000,32000
057621,崇越凱基98購01  ,0,0,0,0,0,0,0,0,0,32000,0,0,0,112000,80000,32000,32000
056763,國巨元大99購02  ,0,0,0,0,0,0,0,0,0,32000,0,0,0,162000,130000,32000,32000
05696P,南亞科凱基96售01,0,0,0,0,0,0,0,0,0,32000,0,0,0,32000,0,32000,32000
04103P,臺股指國票93售10,0,0,0,0,0,0,0,0,0,32000,0,0,0,52000,20000,32000,32000
04831P,聯詠富邦96售01  ,0,0,0,0,0,0,0,0,0,32000,0,0,0,78000,46000,32000,32000
045975,祥碩凱基93購04  ,0,0,0,0,0,0,0,0,0,32000,0,0,0,32000,0,32000,32000
046300,嘉聯益富邦94購01,0,0,0,0,0,0,0,0,0,32000,0,0,0,34000,2000,32000,32000
048850,聯電群益96購01  ,0,0,0,0,0,0,0,0,0,32000,0,0,0,54000,22000,32000,32000
051077,台郡國泰96購02  ,0,0,0,0,0,0,0,0,0,32000,0,0,0,52000,20000,32000,32000
052455,樺漢元大96購03  ,0,0,0,0,0,0,0,0,0,32000,0,0,0,144000,112000,32000,32000
052606,聯發科元大97購04,0,0,0,0,0,0,0,0,0,32000,0,0,0,220000,188000,32000,32000
051402,玉晶光永豐95購04,0,0,0,0,0,0,0,0,0,32000,0,0,0,59000,27000,32000,32000
051817,元金2X統一95購01,0,0,0,0,0,0,0,0,0,32000,0,0,0,32000,0,32000,32000
052844,台積電統一96購02,0,0,0,0,0,0,0,0,0,32000,0,0,0,56000,24000,32000,32000
052819,義隆永豐96購01  ,0,0,0,0,0,0,0,0,0,32000,0,0,0,132000,100000,32000,32000
054493,同欣電台新96購01,0,0,0,0,0,0,0,0,0,32000,0,0,0,38000,6000,32000,32000
054337,智邦統一96購01  ,0,0,0,0,0,0,0,0,0,32000,0,0,0,48000,16000,32000,32000
06333P,臺股指群益9C售02,0,0,0,0,0,0,0,0,0,32000,0,0,0,32000,0,32000,32000
06260P,臺股指群益97售13,0,0,0,0,0,0,0,0,0,32000,0,0,0,32000,0,32000,32000
8422,可寧衛          ,90000,60000,30000,0,0,0,2000,0,2000,0,0,0,0,0,0,0,32000
056992,祥碩兆豐98購01  ,0,0,0,0,0,0,0,0,0,31000,0,0,0,31000,0,31000,31000
056771,嘉晶元大99購01  ,0,0,0,0,0,0,0,0,0,31000,0,0,0,31000,0,31000,31000
05724P,致茂永豐96售01  ,0,0,0,0,0,0,0,0,0,31000,0,0,0,332000,301000,31000,31000
05785P,臺股指元大96售19,0,0,0,0,0,0,0,0,0,31000,0,0,0,38000,7000,31000,31000
055465,和大凱基97購03  ,0,0,0,0,0,0,0,0,0,31000,0,0,0,31000,0,31000,31000
055863,緯穎元大97購05  ,0,0,0,0,0,0,0,0,0,31000,0,0,0,228000,197000,31000,31000
056347,GIS凱基9A購01   ,0,0,0,0,0,0,0,0,0,31000,0,0,0,44000,13000,31000,31000
04646P,TPK凱基94售03   ,0,0,0,0,0,0,0,0,0,31000,0,0,0,43000,12000,31000,31000
049092,聯茂凱基94購07  ,0,0,0,0,0,0,0,0,0,31000,0,0,0,181000,150000,31000,31000
00743,國泰中國A150    ,13000,5000,8000,0,0,0,0,0,0,23000,0,0,0,23000,0,23000,31000
051851,TPK群益95購03   ,0,0,0,0,0,0,0,0,0,31000,0,0,0,100000,69000,31000,31000
051904,深100元大95購01 ,0,0,0,0,0,0,0,0,0,31000,0,0,0,31000,0,31000,31000
050946,瑞昱群益95購01  ,0,0,0,0,0,0,0,0,0,31000,0,0,0,69000,38000,31000,31000
052229,奇力新凱基96購01,0,0,0,0,0,0,0,0,0,31000,0,0,0,31000,0,31000,31000
050980,欣興元富95購02  ,0,0,0,0,0,0,0,0,0,31000,0,0,0,31000,0,31000,31000
052761,可成群益96購02  ,0,0,0,0,0,0,0,0,0,31000,0,0,0,47000,16000,31000,31000
051062,超眾群益95購02  ,0,0,0,0,0,0,0,0,0,31000,0,0,0,96000,65000,31000,31000
054282,泰鼎群益98購02  ,0,0,0,0,0,0,0,0,0,31000,0,0,0,264000,233000,31000,31000
054670,康友元富97購01  ,0,0,0,0,0,0,0,0,0,31000,0,0,0,61000,30000,31000,31000
055248,可成統一97購02  ,0,0,0,0,0,0,0,0,0,31000,0,0,0,31000,0,31000,31000
055426,旺宏群益99購02  ,0,0,0,0,0,0,0,0,0,31000,0,0,0,62000,31000,31000,31000
053309,泰鼎凱基96購03  ,0,0,0,0,0,0,0,0,0,31000,0,0,0,87000,56000,31000,31000
053344,嘉晶國票97購02  ,0,0,0,0,0,0,0,0,0,31000,0,0,0,41000,10000,31000,31000
054160,華泰凱基98購01  ,0,0,0,0,0,0,0,0,0,31000,0,0,0,31000,0,31000,31000
06206P,台積電凱基97售11,0,0,0,0,0,0,0,0,0,31000,0,0,0,160000,129000,31000,31000
06191P,鴻海群益97售03  ,0,0,0,0,0,0,0,0,0,31000,0,0,0,31000,0,31000,31000
06558P,旺宏元富98售02  ,0,0,0,0,0,0,0,0,0,31000,0,0,0,76000,45000,31000,31000
056297,台光電元大97購04,0,0,0,0,0,0,0,0,0,30000,0,0,0,45000,15000,30000,30000
056127,致新國票98購02  ,0,0,0,0,0,0,0,0,0,30000,0,0,0,30000,0,30000,30000
056228,可成凱基97購03  ,0,0,0,0,0,0,0,0,0,30000,0,0,0,132000,102000,30000,30000
056682,鴻海統一98購10  ,0,0,0,0,0,0,0,0,0,30000,0,0,0,30000,0,30000,30000
055793,臺股指凱基97購16,0,0,0,0,0,0,0,0,0,30000,0,0,0,100000,70000,30000,30000
055997,矽創國泰99購01  ,0,0,0,0,0,0,0,0,0,30000,0,0,0,63000,33000,30000,30000
056032,勤誠康和97購03  ,0,0,0,0,0,0,0,0,0,30000,0,0,0,30000,0,30000,30000
056071,創意元大97購02  ,0,0,0,0,0,0,0,0,0,30000,0,0,0,30000,0,30000,30000
055741,健策元富97購01  ,0,0,0,0,0,0,0,0,0,30000,0,0,0,68000,38000,30000,30000
057788,嘉聯益國票99購01,0,0,0,0,0,0,0,0,0,30000,0,0,0,41000,11000,30000,30000
057254,友達麥證98購01  ,0,0,0,40000,10000,30000,0,0,0,30000,0,0,0,40000,10000,30000,30000
057230,建準凱基98購02  ,0,0,0,0,0,0,0,0,0,30000,0,0,0,30000,0,30000,30000
057179,可成元大98購04  ,0,0,0,0,0,0,0,0,0,30000,0,0,0,175000,145000,30000,30000
057128,台光電凱基98購03,0,0,0,0,0,0,0,0,0,30000,0,0,0,42000,12000,30000,30000
057124,為升凱基98購02  ,0,0,0,0,0,0,0,0,0,30000,0,0,0,30000,0,30000,30000
056797,台積電麥證98購01,0,0,0,89000,0,89000,0,0,0,30000,0,0,0,89000,59000,30000,30000
056701,國產國泰9A購01  ,0,0,0,0,0,0,0,0,0,30000,0,0,0,50000,20000,30000,30000
056927,T50反1台新02購01,0,0,0,0,0,0,0,0,0,30000,0,0,0,30000,0,30000,30000
056925,群創兆豐98購03  ,0,0,0,0,0,0,0,0,0,30000,0,0,0,120000,90000,30000,30000
056851,瑞儀元富98購01  ,0,0,0,0,0,0,0,0,0,30000,0,0,0,50000,20000,30000,30000
056840,友達元富98購02  ,0,0,0,0,0,0,0,0,0,30000,0,0,0,30000,0,30000,30000
040215,上証反凱基95購01,0,0,0,0,0,0,0,0,0,30000,0,0,0,30000,0,30000,30000
03388P,元油2X元富98售02,0,0,0,0,0,0,0,0,0,30000,0,0,0,361000,331000,30000,30000
045089,中磊元大94購01  ,0,0,0,0,0,0,0,0,0,30000,0,0,0,30000,0,30000,30000
04554P,可成中信94售01  ,0,0,0,0,0,0,0,0,0,30000,0,0,0,40000,10000,30000,30000
049089,正文凱基94購02  ,0,0,0,0,0,0,0,0,0,30000,0,0,0,30000,0,30000,30000
048990,台表科元大94購01,0,0,0,0,0,0,0,0,0,30000,0,0,0,30000,0,30000,30000
048288,T50反1群益93購05,0,0,0,0,0,0,0,0,0,30000,0,0,0,30000,0,30000,30000
046242,大立光中信93購02,0,0,0,0,0,0,0,0,0,30000,0,0,0,30000,0,30000,30000
047135,可成凱基93購05  ,0,0,0,0,0,0,0,0,0,30000,0,0,0,30000,0,30000,30000
043990,智易元大93購01  ,0,0,0,0,0,0,0,0,0,30000,0,0,0,30000,0,30000,30000
044462,漢唐兆豐93購01  ,0,0,0,0,0,0,0,0,0,30000,0,0,0,30000,0,30000,30000
04302P,和碩中信93售01  ,0,0,0,0,0,0,0,0,0,30000,0,0,0,30000,0,30000,30000
04290P,滬深2X富邦96售03,0,0,0,0,0,0,0,0,0,30000,0,0,0,30000,0,30000,30000
046933,台泥元富93購01  ,0,0,0,0,0,0,0,0,0,30000,0,0,0,80000,50000,30000,30000
048403,聯發科群益93購10,0,0,0,0,0,0,0,0,0,30000,0,0,0,30000,0,30000,30000
047663,亞德客永豐93購03,0,0,0,0,0,0,0,0,0,30000,0,0,0,30000,0,30000,30000
04759P,台積電凱基94售27,0,0,0,0,0,0,0,0,0,30000,0,0,0,30000,0,30000,30000
048661,瑞昱統一93購05  ,0,0,0,0,0,0,0,0,0,30000,0,0,0,30000,0,30000,30000
048079,燿華日盛93購01  ,0,0,0,0,0,0,0,0,0,30000,0,0,0,30000,0,30000,30000
048217,亞德客凱基93購06,0,0,0,0,0,0,0,0,0,30000,0,0,0,30000,0,30000,30000
050290,南亞科凱基94購06,0,0,0,0,0,0,0,0,0,30000,0,0,0,42000,12000,30000,30000
04948P,瑞儀元大94售03  ,0,0,0,0,0,0,0,0,0,30000,0,0,0,30000,0,30000,30000
050374,上緯控元大95購01,0,0,0,0,0,0,0,0,0,30000,0,0,0,50000,20000,30000,30000
050370,台積電元大94購24,0,0,0,0,0,0,0,0,0,30000,0,0,0,118000,88000,30000,30000
052775,滬深2X國票99購02,0,0,0,0,0,0,0,0,0,30000,0,0,0,30000,0,30000,30000
052360,FB上証國票96購01,0,0,0,0,0,0,0,0,0,30000,0,0,0,30000,0,30000,30000
05269P,臻鼎元大95售05  ,0,0,0,0,0,0,0,0,0,30000,0,0,0,71000,41000,30000,30000
050994,欣興元大96購03  ,0,0,0,0,0,0,0,0,0,30000,0,0,0,36000,6000,30000,30000
052219,大立光日盛95購02,0,0,0,0,0,0,0,0,0,30000,0,0,0,30000,0,30000,30000
051568,智邦富邦95購01  ,0,0,0,0,0,0,0,0,0,30000,0,0,0,70000,40000,30000,30000
050933,南亞國票95購01  ,0,0,0,0,0,0,0,0,0,30000,0,0,0,30000,0,30000,30000
050593,台表科永豐94購03,0,0,0,0,0,0,0,0,0,30000,0,0,0,30000,0,30000,30000
050552,禾伸堂凱基94購05,0,0,0,0,0,0,0,0,0,30000,0,0,0,60000,30000,30000,30000
050670,牧德永豐94購03  ,0,0,0,0,0,0,0,0,0,30000,0,0,0,34000,4000,30000,30000
049345,富邦金統一94購02,0,0,0,0,0,0,0,0,0,30000,0,0,0,40000,10000,30000,30000
049888,智邦國泰96購01  ,0,0,0,0,0,0,0,0,0,30000,0,0,0,63000,33000,30000,30000
051876,宏達電國票96購01,0,0,0,0,0,0,0,0,0,30000,0,0,0,30000,0,30000,30000
051943,台積電麥證95購03,0,0,0,30000,0,30000,0,0,0,30000,0,0,0,30000,0,30000,30000
051743,揚明光國票96購02,0,0,0,0,0,0,0,0,0,30000,0,0,0,30000,0,30000,30000
051655,欣興元富95購04  ,0,0,0,0,0,0,0,0,0,30000,0,0,0,30000,0,30000,30000
049622,聯詠群益94購02  ,0,0,0,0,0,0,0,0,0,30000,0,0,0,42000,12000,30000,30000
050134,世紀鋼凱基94購04,0,0,0,0,0,0,0,0,0,30000,0,0,0,30000,0,30000,30000
049259,聯發科元大94購04,0,0,0,0,0,0,0,0,0,30000,0,0,0,80000,50000,30000,30000
054080,微星中信98購01  ,0,0,0,0,0,0,0,0,0,30000,0,0,0,30000,0,30000,30000
054099,TPK國票98購01   ,0,0,0,0,0,0,0,0,0,30000,0,0,0,30000,0,30000,30000
054000,訊芯群益96購02  ,0,0,0,0,0,0,0,0,0,30000,0,0,0,40000,10000,30000,30000
053660,群創凱基98購08  ,0,0,0,0,0,0,0,0,0,30000,0,0,0,30000,0,30000,30000
053575,聯詠元富96購01  ,0,0,0,0,0,0,0,0,0,30000,0,0,0,100000,70000,30000,30000
053781,友達元大9B購03  ,0,0,0,0,0,0,0,0,0,30000,0,0,0,30000,0,30000,30000
053175,矽力群益96購01  ,0,0,0,0,0,0,0,0,0,30000,0,0,0,30000,0,30000,30000
053171,中磊群益96購01  ,0,0,0,0,0,0,0,0,0,30000,0,0,0,84000,54000,30000,30000
052834,彩晶群益96購01  ,0,0,0,0,0,0,0,0,0,30000,0,0,0,30000,0,30000,30000
052963,智邦凱基96購02  ,0,0,0,0,0,0,0,0,0,30000,0,0,0,50000,20000,30000,30000
052901,台達電國票97購01,0,0,0,0,0,0,0,0,0,30000,0,0,0,30000,0,30000,30000
05298P,上銀元大95售03  ,0,0,0,0,0,0,0,0,0,30000,0,0,0,30000,0,30000,30000
055440,矽力國票98購01  ,0,0,0,0,0,0,0,0,0,30000,0,0,0,40000,10000,30000,30000
055066,佐登永豐97購01  ,0,0,0,0,0,0,0,0,0,30000,0,0,0,30000,0,30000,30000
054990,凌陽元富97購01  ,0,0,0,0,0,0,0,0,0,30000,0,0,0,50000,20000,30000,30000
054676,牧德台新98購01  ,0,0,0,0,0,0,0,0,0,30000,0,0,0,40000,10000,30000,30000
054651,台化麥證97購01  ,0,0,0,30000,0,30000,0,0,0,30000,0,0,0,30000,0,30000,30000
054610,聯發科永豐97購01,0,0,0,0,0,0,0,0,0,30000,0,0,0,30000,0,30000,30000
054742,京鼎凱基99購01  ,0,0,0,0,0,0,0,0,0,30000,0,0,0,45000,15000,30000,30000
05432P,國巨元富95售07  ,0,0,0,0,0,0,0,0,0,30000,0,0,0,30000,0,30000,30000
06886P,旺宏元大99售07  ,0,0,0,0,0,0,0,0,0,30000,0,0,0,48000,18000,30000,30000
06689P,鴻海中信9C售02  ,0,0,0,0,0,0,0,0,0,30000,0,0,0,30000,0,30000,30000
06659P,T50正2富邦9A售01,0,0,0,0,0,0,0,0,0,30000,0,0,0,30000,0,30000,30000
06731P,聯茂元大98售05  ,0,0,0,0,0,0,0,0,0,30000,0,0,0,45000,15000,30000,30000
06166P,大立光國票98售01,0,0,0,0,0,0,0,0,0,30000,0,0,0,30000,0,30000,30000
06002P,華通康和96售01  ,0,0,0,0,0,0,0,0,0,30000,0,0,0,30000,0,30000,30000
05846P,大立光元大96售07,0,0,0,0,0,0,0,0,0,30000,0,0,0,90000,60000,30000,30000
2642,宅配通          ,92000,62000,30000,0,0,0,0,0,0,0,0,0,0,0,0,0,30000
057041,國巨元大99購04  ,0,0,0,0,0,0,0,0,0,29000,0,0,0,158000,129000,29000,29000
057689,南亞科凱基99購02,0,0,0,0,0,0,0,0,0,29000,0,0,0,30000,1000,29000,29000
057327,玉晶光群益9A購04,0,0,0,0,0,0,0,0,0,29000,0,0,0,58000,29000,29000,29000
055745,臻鼎元富97購01  ,0,0,0,0,0,0,0,0,0,29000,0,0,0,86000,57000,29000,29000
055659,百和元富97購01  ,0,0,0,0,0,0,0,0,0,29000,0,0,0,31000,2000,29000,29000
055552,瑞昱凱基97購02  ,0,0,0,0,0,0,0,0,0,29000,0,0,0,72000,43000,29000,29000
055961,國泰金元大97購01,0,0,0,0,0,0,0,0,0,29000,0,0,0,29000,0,29000,29000
056459,茂林凱基99購01  ,0,0,0,0,0,0,0,0,0,29000,0,0,0,35000,6000,29000,29000
056230,可成凱基98購03  ,0,0,0,0,0,0,0,0,0,29000,0,0,0,35000,6000,29000,29000
056357,台積電元大9A購01,0,0,0,0,0,0,0,0,0,29000,0,0,0,997000,968000,29000,29000
048965,佳世達元大94購01,0,0,0,0,0,0,0,0,0,29000,0,0,0,29000,0,29000,29000
048569,台虹元大93購03  ,0,0,0,0,0,0,0,0,0,29000,0,0,0,32000,3000,29000,29000
047395,聯茂元大94購01  ,0,0,0,0,0,0,0,0,0,29000,0,0,0,79000,50000,29000,29000
04598P,光罩凱基94售03  ,0,0,0,0,0,0,0,0,0,29000,0,0,0,39000,10000,29000,29000
03904P,啟碁統一93售01  ,0,0,0,0,0,0,0,0,0,29000,0,0,0,32000,3000,29000,29000
04121P,宏碁凱基93售02  ,0,0,0,0,0,0,0,0,0,29000,0,0,0,32000,3000,29000,29000
041990,A50正2國票97購01,0,0,0,0,0,0,0,0,0,29000,0,0,0,30000,1000,29000,29000
049609,全新兆豐95購01  ,0,0,0,0,0,0,0,0,0,29000,0,0,0,30000,1000,29000,29000
051712,嘉聯益群益95購01,0,0,0,0,0,0,0,0,0,29000,0,0,0,29000,0,29000,29000
051785,臻鼎兆豐96購01  ,0,0,0,0,0,0,0,0,0,29000,0,0,0,32000,3000,29000,29000
051351,台積電元大95購15,0,0,0,0,0,0,0,0,0,29000,0,0,0,29000,0,29000,29000
052422,聯電國票96購03  ,0,0,0,0,0,0,0,0,0,29000,0,0,0,99000,70000,29000,29000
055036,中工富邦9B購01  ,0,0,0,0,0,0,0,0,0,29000,0,0,0,30000,1000,29000,29000
05491P,茂林元大95售04  ,0,5000,-5000,0,0,0,0,0,0,34000,0,0,0,355000,321000,34000,29000
054927,帆宣凱基97購01  ,0,0,0,0,0,0,0,0,0,29000,0,0,0,29000,0,29000,29000
055195,昇陽半元富97購02,0,0,0,0,0,0,0,0,0,29000,0,0,0,29000,0,29000,29000
053242,聯電國票96購04  ,0,0,0,0,0,0,0,0,0,29000,0,0,0,118000,89000,29000,29000
053754,英業達元富96購02,0,0,0,0,0,0,0,0,0,29000,0,0,0,90000,61000,29000,29000
053982,臻鼎元大96購05  ,0,0,0,0,0,0,0,0,0,29000,0,0,0,115000,86000,29000,29000
053923,亞光國票97購01  ,0,0,0,0,0,0,0,0,0,29000,0,0,0,30000,1000,29000,29000
055592,奇力新元大97購07,0,0,0,0,0,0,0,0,0,28000,0,0,0,31000,3000,28000,28000
055519,茂林中信99購01  ,0,0,0,0,0,0,0,0,0,28000,0,0,0,103000,75000,28000,28000
057588,南亞科國票99購01,0,0,0,0,0,0,0,0,0,28000,0,0,0,30000,2000,28000,28000
05707P,中磊永豐96售01  ,0,0,0,0,0,0,0,0,0,28000,0,0,0,58000,30000,28000,28000
05717P,鴻海元大97售07  ,0,0,0,0,0,0,0,0,0,28000,0,0,0,32000,4000,28000,28000
03576P,台灣50元富06售01,0,0,0,0,0,0,0,0,0,28000,0,0,0,229000,201000,28000,28000
048506,華通群益94購03  ,0,0,0,0,0,0,0,0,0,28000,0,0,0,56000,28000,28000,28000
051527,台郡凱基95購03  ,0,0,0,0,0,0,0,0,0,28000,0,0,0,68000,40000,28000,28000
048163,南亞科台新93購01,0,0,0,0,0,0,0,0,0,28000,0,0,0,33000,5000,28000,28000
051583,可成元大95購07  ,0,0,0,0,0,0,0,0,0,28000,0,0,0,68000,40000,28000,28000
051372,樺漢富邦96購01  ,0,0,0,0,0,0,0,0,0,28000,0,0,0,30000,2000,28000,28000
051226,英業達群益95購01,0,0,0,0,0,0,0,0,0,28000,0,0,0,28000,0,28000,28000
052240,臻鼎國票96購03  ,0,0,0,0,0,0,0,0,0,28000,0,0,0,38000,10000,28000,28000
051004,台新金中信95購02,0,0,0,0,0,0,0,0,0,28000,0,0,0,28000,0,28000,28000
05197P,智原永豐95售02  ,0,0,0,0,0,0,0,0,0,28000,0,0,0,30000,2000,28000,28000
051915,日月光元大96購01,0,0,0,0,0,0,0,0,0,28000,0,0,0,100000,72000,28000,28000
052149,電子類群益95購01,0,0,0,0,0,0,0,0,0,28000,0,0,0,148000,120000,28000,28000
050233,香港2X凱基96購01,0,0,0,0,0,0,0,0,0,28000,0,0,0,107000,79000,28000,28000
050579,聯發科國票95購04,0,0,0,0,0,0,0,0,0,28000,0,0,0,51000,23000,28000,28000
053979,健策元大98購01  ,0,0,0,0,0,0,0,0,0,28000,0,0,0,87000,59000,28000,28000
053250,百和國票97購02  ,0,0,0,0,0,0,0,0,0,28000,0,0,0,30000,2000,28000,28000
053292,美律中信98購01  ,0,0,0,0,0,0,0,0,0,28000,0,0,0,33000,5000,28000,28000
053480,祥碩元大96購02  ,0,0,0,0,0,0,0,0,0,28000,0,0,0,37000,9000,28000,28000
053077,同欣電永豐96購01,0,0,0,0,0,0,0,0,0,28000,0,0,0,68000,40000,28000,28000
055018,緯穎元富97購02  ,0,0,0,0,0,0,0,0,0,28000,0,0,0,124000,96000,28000,28000
054527,國巨統一97購03  ,0,0,0,0,0,0,0,0,0,28000,0,0,0,48000,20000,28000,28000
054753,復盛凱基98購01  ,0,0,0,0,0,0,0,0,0,28000,0,0,0,59000,31000,28000,28000
054717,亞德客永豐97購01,0,0,0,0,0,0,0,0,0,28000,0,0,0,29000,1000,28000,28000
9944,新麗            ,276000,250000,26000,0,0,0,0,0,0,2000,3000,1000,2000,0,0,0,28000
05867P,友達兆豐97售02  ,0,0,0,0,0,0,0,0,0,28000,0,0,0,30000,2000,28000,28000
05808P,臺股指國票96售01,0,0,0,0,0,0,0,0,0,28000,0,0,0,38000,10000,28000,28000
057960,聯鈞元大98購02  ,0,0,0,0,0,0,0,0,0,28000,0,0,0,32000,4000,28000,28000
06640P,國巨兆豐99售02  ,0,0,0,0,0,0,0,0,0,28000,0,0,0,178000,150000,28000,28000
06431P,新日興元大97售05,0,0,0,0,0,0,0,0,0,28000,0,0,0,38000,10000,28000,28000
057006,國巨中信98購03  ,0,0,0,0,0,0,0,0,0,27000,0,0,0,58000,31000,27000,27000
056958,喬山永豐98購01  ,0,0,0,0,0,0,0,0,0,27000,0,0,0,27000,0,27000,27000
057553,景碩凱基98購03  ,0,0,0,0,0,0,0,0,0,27000,0,0,0,27000,0,27000,27000
057329,緯穎群益98購02  ,0,0,0,0,0,0,0,0,0,27000,0,0,0,48000,21000,27000,27000
057410,南電群益98購01  ,0,0,0,0,0,0,0,0,0,27000,0,0,0,41000,14000,27000,27000
057682,台積電日盛9A購03,0,0,0,0,0,0,0,0,0,27000,0,0,0,29000,2000,27000,27000
057877,神達元大99購01  ,0,0,0,0,0,0,0,0,0,27000,0,0,0,37000,10000,27000,27000
055558,大立光凱基97購08,0,0,0,0,0,0,0,0,0,27000,0,0,0,27000,0,27000,27000
056069,新日興元大97購03,0,0,0,0,0,0,0,0,0,27000,0,0,0,42000,15000,27000,27000
055824,臺股指國票97購11,0,0,0,0,0,0,0,0,0,27000,0,0,0,27000,0,27000,27000
055886,上銀統一97購02  ,0,0,0,0,0,0,0,0,0,27000,0,0,0,81000,54000,27000,27000
056290,正文永豐98購01  ,0,0,0,0,0,0,0,0,0,27000,0,0,0,27000,0,27000,27000
056170,鴻海元富97購09  ,0,0,0,0,0,0,0,0,0,27000,0,0,0,37000,10000,27000,27000
048180,聯茂亞東93購02  ,0,0,0,0,0,0,0,0,0,27000,0,0,0,27000,0,27000,27000
051591,玉晶光元大97購01,0,0,0,0,0,0,0,0,0,27000,0,0,0,485000,458000,27000,27000
047940,台光電國票93購01,0,0,0,0,0,0,0,0,0,27000,0,0,0,27000,0,27000,27000
052152,創意富邦98購01  ,0,0,0,0,0,0,0,0,0,27000,0,0,0,27000,0,27000,27000
049630,臺股指群益94購03,0,0,0,0,0,0,0,0,0,27000,0,0,0,27000,0,27000,27000
04927P,大立光凱基95售06,0,0,0,0,0,0,0,0,0,27000,0,0,0,30000,3000,27000,27000
051801,牧德永豐95購04  ,0,0,0,0,0,0,0,0,0,27000,0,0,0,32000,5000,27000,27000
051654,致新永豐95購01  ,0,0,0,0,0,0,0,0,0,27000,0,0,0,27000,0,27000,27000
054542,台表科國票98購01,0,0,0,0,0,0,0,0,0,27000,0,0,0,66000,39000,27000,27000
05542P,滬深2X元富96售01,0,0,0,0,0,0,0,0,0,27000,0,0,0,47000,20000,27000,27000
053968,華邦電元大97購01,0,0,0,0,0,0,0,0,0,27000,0,0,0,128000,101000,27000,27000
057988,鈺齊元富98購02  ,0,0,0,0,0,0,0,0,0,27000,0,0,0,47000,20000,27000,27000
055889,鴻海統一97購05  ,0,0,0,0,0,0,0,0,0,26000,0,0,0,26000,0,26000,26000
055516,上銀中信97購01  ,0,0,0,0,0,0,0,0,0,26000,0,0,0,40000,14000,26000,26000
057669,嘉晶元大99購03  ,0,0,0,0,0,0,0,0,0,26000,0,0,0,41000,15000,26000,26000
056942,昇陽半元富98購01,0,0,0,0,0,0,0,0,0,26000,0,0,0,36000,10000,26000,26000
051593,和碩元大95購01  ,0,0,0,0,0,0,0,0,0,26000,0,0,0,26000,0,26000,26000
048697,華新科國票94購06,0,0,0,0,0,0,0,0,0,26000,0,0,0,48000,22000,26000,26000
03567P,可成凱基02售06  ,0,0,0,0,0,0,0,0,0,26000,0,0,0,46000,20000,26000,26000
03874P,臺股指群益95售01,0,0,0,0,0,0,0,0,0,26000,0,0,0,26000,0,26000,26000
04234P,華通群益94售02  ,0,0,0,0,0,0,0,0,0,26000,0,0,0,30000,4000,26000,26000
047266,嘉聯益國票94購02,0,0,0,0,0,0,0,0,0,26000,0,0,0,26000,0,26000,26000
051656,嘉聯益元富95購02,0,0,0,0,0,0,0,0,0,26000,0,0,0,26000,0,26000,26000
052076,可成元富98購01  ,0,0,0,0,0,0,0,0,0,26000,0,0,0,60000,34000,26000,26000
050220,台積電元富96購01,0,0,0,0,0,0,0,0,0,26000,0,0,0,47000,21000,26000,26000
050006,華擎永豐94購03  ,0,0,0,0,0,0,0,0,0,26000,0,0,0,43000,17000,26000,26000
051979,群創凱基97購01  ,0,0,0,0,0,0,0,0,0,26000,0,0,0,30000,4000,26000,26000
051025,晶華統一95購01  ,0,0,0,0,0,0,0,0,0,26000,0,0,0,92000,66000,26000,26000
051426,道瓊反統一95購02,0,0,0,0,0,0,0,0,0,26000,0,0,0,26000,0,26000,26000
050272,訊芯元大94購03  ,0,0,0,0,0,0,0,0,0,26000,0,0,0,26000,0,26000,26000
051104,鈺齊元大96購01  ,0,0,0,0,0,0,0,0,0,26000,0,0,0,106000,80000,26000,26000
052895,台積電群益96購04,0,0,0,0,0,0,0,0,0,26000,0,0,0,464000,438000,26000,26000
055418,華通永豐97購01  ,0,0,0,0,0,0,0,0,0,26000,0,0,0,28000,2000,26000,26000
055264,國巨永豐98購01  ,0,0,0,0,0,0,0,0,0,26000,0,0,0,104000,78000,26000,26000
054959,禾伸堂元大98購01,0,0,0,0,0,0,0,0,0,26000,0,0,0,95000,69000,26000,26000
055097,福懋科群益97購01,0,0,0,0,0,0,0,0,0,26000,0,0,0,43000,17000,26000,26000
05456P,鴻海凱基95售19  ,0,0,0,0,0,0,0,0,0,26000,0,0,0,28000,2000,26000,26000
05819P,臺股指凱基96售16,0,0,0,0,0,0,0,0,0,26000,0,0,0,26000,0,26000,26000
06255P,臺股指群益97售08,0,0,0,0,0,0,0,0,0,26000,0,0,0,26000,0,26000,26000
06416P,大立光群益97售06,0,0,0,0,0,0,0,0,0,26000,0,0,0,60000,34000,26000,26000
056747,致新凱基99購01  ,0,0,0,0,0,0,0,0,0,25000,0,0,0,35000,10000,25000,25000
057286,群創元大9B購05  ,0,0,0,0,0,0,0,0,0,25000,0,0,0,36000,11000,25000,25000
057835,華擎元富9B購01  ,0,0,0,0,0,0,0,0,0,25000,0,0,0,117000,92000,25000,25000
057828,緯穎元大99購02  ,0,0,0,0,0,0,0,0,0,25000,0,0,0,25000,0,25000,25000
05751P,台積電中信96售05,0,0,0,0,0,0,0,0,0,25000,0,0,0,25000,0,25000,25000
055639,上銀元富97購02  ,0,0,0,0,0,0,0,0,0,25000,0,0,0,151000,126000,25000,25000
055633,牧德永豐97購02  ,0,0,0,0,0,0,0,0,0,25000,0,0,0,100000,75000,25000,25000
055950,華新元大97購02  ,0,0,0,0,0,0,0,0,0,25000,0,0,0,27000,2000,25000,25000
056219,T50反1日盛02購01,0,0,0,0,0,0,0,0,0,25000,0,0,0,50000,25000,25000,25000
056199,美律永豐97購01  ,0,0,0,0,0,0,0,0,0,25000,0,0,0,25000,0,25000,25000
056288,健鼎永豐97購01  ,0,0,0,0,0,0,0,0,0,25000,0,0,0,25000,0,25000,25000
056354,國巨元大98購10  ,0,0,0,0,0,0,0,0,0,25000,0,0,0,130000,105000,25000,25000
056657,華邦電元大99購01,0,0,0,0,0,0,0,0,0,25000,0,0,0,25000,0,25000,25000
056526,力山凱基98購01  ,0,0,0,0,0,0,0,0,0,25000,0,0,0,25000,0,25000,25000
056566,臻鼎群益98購01  ,0,0,0,0,0,0,0,0,0,25000,0,0,0,45000,20000,25000,25000
056607,貿聯富邦99購02  ,0,0,0,0,0,0,0,0,0,25000,0,0,0,25000,0,25000,25000
048243,儒鴻兆豐94購01  ,0,0,0,0,0,0,0,0,0,25000,0,0,0,40000,15000,25000,25000
048248,聯發科兆豐95購01,0,0,0,0,0,0,0,0,0,25000,0,0,0,370000,345000,25000,25000
043750,美律元大93購01  ,0,0,0,0,0,0,0,0,0,25000,0,0,0,25000,0,25000,25000
03841P,聯發科統一93售02,0,0,0,0,0,0,0,0,0,25000,0,0,0,25000,0,25000,25000
03180P,台灣50元大01售39,0,0,0,0,0,0,0,0,0,25000,0,0,0,25000,0,25000,25000
048825,華新科凱基94購05,0,0,0,0,0,0,0,0,0,25000,0,0,0,35000,10000,25000,25000
051535,新日興國票96購01,0,0,0,0,0,0,0,0,0,25000,0,0,0,46000,21000,25000,25000
047926,可成凱基94購02  ,0,0,0,0,0,0,0,0,0,25000,0,0,0,25000,0,25000,25000
047392,大立光元大93購24,0,0,0,0,0,0,0,0,0,25000,0,0,0,25000,0,25000,25000
04692P,大立光群益94售06,0,0,0,0,0,0,0,0,0,25000,0,0,0,56000,31000,25000,25000
052398,瑞昱凱基95購06  ,0,0,0,0,0,0,0,0,0,25000,0,0,0,65000,40000,25000,25000
052715,可成凱基96購01  ,0,0,0,0,0,0,0,0,0,25000,0,0,0,25000,0,25000,25000
052363,廣達國票96購01  ,0,0,0,0,0,0,0,0,0,25000,0,0,0,275000,250000,25000,25000
052594,友訊群益98購01  ,0,0,0,0,0,0,0,0,0,25000,0,0,0,697000,672000,25000,25000
052548,旺宏亞東96購01  ,0,0,0,0,0,0,0,0,0,25000,0,0,0,30000,5000,25000,25000
051458,臺股指元大95購18,0,0,0,0,0,0,0,0,0,25000,0,0,0,50000,25000,25000,25000
05026P,貿聯群益95售01  ,0,0,0,0,0,0,0,0,0,25000,0,0,0,73000,48000,25000,25000
049686,T50反1元大94購02,0,0,0,0,0,0,0,0,0,25000,0,0,0,25000,0,25000,25000
051802,同欣電永豐95購02,0,0,0,0,0,0,0,0,0,25000,0,0,0,66000,41000,25000,25000
051826,智邦元大95購03  ,0,0,0,0,0,0,0,0,0,25000,0,0,0,101000,76000,25000,25000
054710,東元元富97購01  ,0,0,0,0,0,0,0,0,0,25000,0,0,0,35000,10000,25000,25000
054768,泰碩國票99購02  ,0,0,0,0,0,0,0,0,0,25000,0,0,0,45000,20000,25000,25000
054778,世紀鋼國票99購01,0,0,0,0,0,0,0,0,0,25000,0,0,0,102000,77000,25000,25000
054277,亞光群益97購01  ,0,0,0,0,0,0,0,0,0,25000,0,0,0,134000,109000,25000,25000
055074,台虹永豐97購01  ,0,0,0,0,0,0,0,0,0,25000,0,0,0,25000,0,25000,25000
055017,緯穎元富97購01  ,0,0,0,0,0,0,0,0,0,25000,0,0,0,135000,110000,25000,25000
055269,和大元大97購02  ,0,0,0,0,0,0,0,0,0,25000,0,0,0,50000,25000,25000,25000
05544P,台表科元富96售01,0,0,0,0,0,0,0,0,0,25000,0,0,0,48000,23000,25000,25000
053135,信邦國票96購01  ,0,0,0,0,0,0,0,0,0,25000,0,0,0,25000,0,25000,25000
052980,上銀元大96購03  ,0,0,0,0,0,0,0,0,0,25000,0,0,0,45000,20000,25000,25000
053044,南茂凱基96購02  ,0,0,0,0,0,0,0,0,0,25000,0,0,0,25000,0,25000,25000
05355P,臺股指元富95售09,0,0,0,0,0,0,0,0,0,25000,0,0,0,25000,0,25000,25000
06353P,電子類富邦99售02,0,0,0,0,0,0,0,0,0,25000,0,0,0,31000,6000,25000,25000
05903P,聯發科統一96售09,0,0,0,0,0,0,0,0,0,25000,0,0,0,28000,3000,25000,25000
05806P,宏達電永豐96售03,0,0,0,0,0,0,0,0,0,25000,0,0,0,73000,48000,25000,25000
057934,華新科群益98購07,0,0,0,0,0,0,0,0,0,25000,0,0,0,35000,10000,25000,25000
6491,晶碩            ,56000,31000,25000,0,0,0,0,0,0,0,0,0,0,0,0,0,25000
9940,信義            ,196000,147738,48262,0,0,0,0,0,0,-24000,0,24000,-24000,0,0,0,24262
056628,矽創永豐98購01  ,0,0,0,0,0,0,0,0,0,24000,0,0,0,160000,136000,24000,24000
056416,華新科中信98購01,0,0,0,0,0,0,0,0,0,24000,0,0,0,62000,38000,24000,24000
056058,建準元大97購02  ,0,0,0,0,0,0,0,0,0,24000,0,0,0,27000,3000,24000,24000
055680,美律凱基99購01  ,0,0,0,0,0,0,0,0,0,24000,0,0,0,30000,6000,24000,24000
057280,大立光元大98購15,0,0,0,0,0,0,0,0,0,24000,0,0,0,24000,0,24000,24000
057283,欣興元大98購07  ,0,0,0,0,0,0,0,0,0,24000,0,0,0,80000,56000,24000,24000
04654P,臺股指凱基94售13,0,0,0,0,0,0,0,0,0,24000,0,0,0,54000,30000,24000,24000
048501,GIS元大94購02   ,0,0,0,0,0,0,0,0,0,24000,0,0,0,24000,0,24000,24000
05080P,亞光永豐95售02  ,0,0,0,0,0,0,0,0,0,24000,0,0,0,24000,0,24000,24000
048875,晶相光國票94購01,0,0,0,0,0,0,0,0,0,24000,0,0,0,376000,352000,24000,24000
04023P,臺股指元富99售02,0,0,0,0,0,0,0,0,0,24000,0,0,0,290000,266000,24000,24000
045516,聯茂統一94購01  ,0,0,0,0,0,0,0,0,0,24000,0,0,0,258000,234000,24000,24000
044298,南電凱基93購01  ,0,0,0,0,0,0,0,0,0,24000,0,0,0,24000,0,24000,24000
051638,聯茂國票96購01  ,0,0,0,0,0,0,0,0,0,24000,0,0,0,24000,0,24000,24000
05187P,力山凱基95售01  ,0,0,0,0,0,0,0,0,0,24000,0,0,0,25000,1000,24000,24000
052015,漢唐永豐95購02  ,0,0,0,0,0,0,0,0,0,24000,0,0,0,92000,68000,24000,24000
049894,嘉聯益富邦98購01,0,0,0,0,0,0,0,0,0,24000,0,0,0,169000,145000,24000,24000
049385,茂林元大94購03  ,0,0,0,0,0,0,0,0,0,24000,0,0,0,24000,0,24000,24000
051423,GIS國票97購01   ,0,0,0,0,0,0,0,0,0,24000,0,0,0,24000,0,24000,24000
052668,聯發科群益97購01,0,0,0,0,0,0,0,0,0,24000,0,0,0,64000,40000,24000,24000
049498,茂林元大95購01  ,0,0,0,0,0,0,0,0,0,24000,0,0,0,64000,40000,24000,24000
050353,華擎群益95購01  ,0,0,0,0,0,0,0,0,0,24000,0,0,0,59000,35000,24000,24000
053545,上銀凱基96購03  ,0,0,0,0,0,0,0,0,0,24000,0,0,0,31000,7000,24000,24000
052907,嘉澤國票97購01  ,0,0,0,0,0,0,0,0,0,24000,0,0,0,30000,6000,24000,24000
052903,致茂國票97購01  ,0,0,0,0,0,0,0,0,0,24000,0,0,0,93000,69000,24000,24000
053302,國巨凱基96購10  ,0,0,0,0,0,0,0,0,0,24000,0,0,0,128000,104000,24000,24000
05788P,臺股指永昌96售05,0,0,0,0,0,0,0,0,0,24000,494000,0,494000,70000,540000,-470000,24000
06617P,智邦元大98售03  ,0,0,0,0,0,0,0,0,0,24000,0,0,0,170000,146000,24000,24000
056865,樺漢群益98購01  ,0,0,0,0,0,0,0,0,0,23000,0,0,0,40000,17000,23000,23000
057586,台積電國票99購06,0,0,0,0,0,0,0,0,0,23000,0,0,0,33000,10000,23000,23000
057382,聯發科國泰9A購01,0,0,0,0,0,0,0,0,0,23000,0,0,0,165000,142000,23000,23000
057821,晶相光元大98購03,0,0,0,0,0,0,0,0,0,23000,0,0,0,33000,10000,23000,23000
057744,健策永豐98購02  ,0,0,0,0,0,0,0,0,0,23000,0,0,0,23000,0,23000,23000
055757,大成鋼群益99購01,0,0,0,0,0,0,0,0,0,23000,0,0,0,33000,10000,23000,23000
055572,鴻海統一98購04  ,0,0,0,0,0,0,0,0,0,23000,0,0,0,26000,3000,23000,23000
056578,智易元大99購02  ,0,0,0,0,0,0,0,0,0,23000,0,0,0,110000,87000,23000,23000
047164,亞光台新93購01  ,0,0,0,0,0,0,0,0,0,23000,0,0,0,23000,0,23000,23000
03557P,欣興元大02售17  ,0,0,0,0,0,0,0,0,0,23000,0,0,0,23000,0,23000,23000
04033P,啟碁凱基93售04  ,0,0,0,0,0,0,0,0,0,23000,0,0,0,25000,2000,23000,23000
00711B,FH彭博新興債    ,0,0,0,0,0,0,0,0,0,23000,0,0,0,123000,100000,23000,23000
046813,聯電凱基96購01  ,0,0,0,0,0,0,0,0,0,23000,0,0,0,43000,20000,23000,23000
04670P,臺股指國票94售09,0,0,0,0,0,0,0,0,0,23000,0,0,0,33000,10000,23000,23000
047862,超眾台新93購01  ,0,0,0,0,0,0,0,0,0,23000,0,0,0,23000,0,23000,23000
048531,大立光國票93購05,0,0,0,0,0,0,0,0,0,23000,0,0,0,25000,2000,23000,23000
052289,為升元富95購02  ,0,0,0,0,0,0,0,0,0,23000,0,0,0,136000,113000,23000,23000
05223P,臻鼎凱基95售02  ,0,0,0,0,0,0,0,0,0,23000,0,0,0,29000,6000,23000,23000
052326,滬深反中信99購01,0,0,0,0,0,0,0,0,0,23000,0,0,0,44000,21000,23000,23000
050702,崇越凱基94購01  ,0,0,0,0,0,0,0,0,0,23000,0,0,0,27000,4000,23000,23000
052055,緯穎凱基95購03  ,0,0,0,0,0,0,0,0,0,23000,0,0,0,62000,39000,23000,23000
051822,和碩元富95購01  ,0,0,0,0,0,0,0,0,0,23000,0,0,0,23000,0,23000,23000
051790,貿聯國票95購03  ,0,0,0,0,0,0,0,0,0,23000,0,0,0,23000,0,23000,23000
050171,臺指反元大97購03,0,0,0,0,0,0,0,0,0,23000,0,0,0,23000,0,23000,23000
054203,滬深2X國票96購03,0,0,0,0,0,0,0,0,0,23000,0,0,0,23000,0,23000,23000
055362,GIS凱基97購03   ,0,0,0,0,0,0,0,0,0,23000,0,0,0,25000,2000,23000,23000
055025,華新科國泰98購02,0,0,0,0,0,0,0,0,0,23000,0,0,0,96000,73000,23000,23000
054481,鎧勝中信96購01  ,0,0,0,0,0,0,0,0,0,23000,0,0,0,203000,180000,23000,23000
054392,華通永豐96購05  ,0,0,0,0,0,0,0,0,0,23000,0,0,0,23000,0,23000,23000
057970,國巨富邦99購03  ,0,0,0,0,0,0,0,0,0,23000,0,0,0,23000,0,23000,23000
06064P,台積電台新98售01,0,0,0,0,0,0,0,0,0,23000,0,0,0,23000,0,23000,23000
2363,矽統            ,300000,276000,24000,0,0,0,0,0,0,-1000,5000,6000,-1000,0,0,0,23000
056404,嘉聯益群益9A購01,0,0,0,0,0,0,0,0,0,22000,0,0,0,173000,151000,22000,22000
05651P,大立光元大97售02,0,0,0,0,0,0,0,0,0,22000,0,0,0,27000,5000,22000,22000
056496,康控國泰99購01  ,0,0,0,0,0,0,0,0,0,22000,0,0,0,59000,37000,22000,22000
05626P,景碩國票97售03  ,0,0,0,0,0,0,0,0,0,22000,0,0,0,32000,10000,22000,22000
056128,和大中信99購01  ,0,0,0,0,0,0,0,0,0,22000,0,0,0,22000,0,22000,22000
057473,T50反1元大98購08,0,0,0,0,0,0,0,0,0,22000,0,0,0,1959000,1937000,22000,22000
057152,緯穎國票99購03  ,0,0,0,0,0,0,0,0,0,22000,0,0,0,22000,0,22000,22000
057029,緯穎凱基98購04  ,0,0,0,0,0,0,0,0,0,22000,0,0,0,33000,11000,22000,22000
047405,香港2X統一96購01,0,0,0,0,0,0,0,0,0,22000,0,0,0,70000,48000,22000,22000
048703,康控國票95購01  ,0,0,0,0,0,0,0,0,0,22000,0,0,0,22000,0,22000,22000
04017P,臺股指麥證93售02,0,0,0,22000,0,22000,0,0,0,22000,0,0,0,22000,0,22000,22000
04187P,麗豐元富93售02  ,0,0,0,0,0,0,0,0,0,22000,0,0,0,22000,0,22000,22000
04278P,大立光凱基93售38,0,0,0,0,0,0,0,0,0,22000,0,0,0,22000,0,22000,22000
045669,華通元大93購02  ,0,0,0,0,0,0,0,0,0,22000,0,0,0,32000,10000,22000,22000
050130,華新科凱基94購09,0,0,0,0,0,0,0,0,0,22000,0,0,0,48000,26000,22000,22000
051669,建準元大95購01  ,0,0,0,0,0,0,0,0,0,22000,0,0,0,25000,3000,22000,22000
052184,台光電群益95購03,0,0,0,0,0,0,0,0,0,22000,0,0,0,55000,33000,22000,22000
05092P,全新元大95售03  ,0,0,0,0,0,0,0,0,0,22000,0,0,0,54000,32000,22000,22000
052243,致茂康和95購01  ,0,0,0,0,0,0,0,0,0,22000,0,0,0,22000,0,22000,22000
05221P,玉晶光元大95售04,0,0,0,0,0,0,0,0,0,22000,0,0,0,28000,6000,22000,22000
051053,台光電群益95購01,0,0,0,0,0,0,0,0,0,22000,0,0,0,54000,32000,22000,22000
05234P,美食康和95售01  ,0,0,0,0,0,0,0,0,0,22000,0,0,0,112000,90000,22000,22000
054288,華邦電元大96購05,0,0,0,0,0,0,0,0,0,22000,0,0,0,63000,41000,22000,22000
05428P,滬深2X統一95售01,0,0,0,0,0,0,0,0,0,22000,0,0,0,33000,11000,22000,22000
054318,台虹凱基98購01  ,0,0,0,0,0,0,0,0,0,22000,0,0,0,92000,70000,22000,22000
054863,億光群益97購01  ,0,0,0,0,0,0,0,0,0,22000,0,0,0,22000,0,22000,22000
054630,聯鈞凱基98購01  ,0,0,0,0,0,0,0,0,0,22000,0,0,0,42000,20000,22000,22000
055103,南港凱基97購01  ,0,0,0,0,0,0,0,0,0,22000,0,0,0,22000,0,22000,22000
054217,台表科國票97購05,0,0,0,0,0,0,0,0,0,22000,0,0,0,22000,0,22000,22000
054129,技嘉元大96購02  ,0,0,0,0,0,0,0,0,0,22000,0,0,0,163000,141000,22000,22000
053178,南亞科統一98購01,0,0,0,0,0,0,0,0,0,22000,0,0,0,180000,158000,22000,22000
052886,世紀鋼兆豐96購01,0,0,0,0,0,0,0,0,0,22000,0,0,0,93000,71000,22000,22000
053122,美律凱基98購01  ,0,0,0,0,0,0,0,0,0,22000,0,0,0,22000,0,22000,22000
1730,花仙子          ,83000,82000,1000,0,0,0,0,0,0,21000,22000,1000,21000,0,0,0,22000
05979P,華新科中信96售02,0,0,0,0,0,0,0,0,0,22000,0,0,0,352000,330000,22000,22000
05943P,欣興凱基96售03  ,0,0,0,0,0,0,0,0,0,22000,0,0,0,67000,45000,22000,22000
057260,微星兆豐98購01  ,0,0,0,0,0,0,0,0,0,21000,0,0,0,75000,54000,21000,21000
057552,禾伸堂凱基98購05,0,0,0,0,0,0,0,0,0,21000,0,0,0,50000,29000,21000,21000
042929,台積電中信95購02,0,0,0,0,0,0,0,0,0,21000,0,0,0,25000,4000,21000,21000
045957,技嘉凱基93購03  ,0,0,0,0,0,0,0,0,0,21000,0,0,0,41000,20000,21000,21000
03909P,奇鋐元大93售04  ,0,0,0,0,0,0,0,0,0,21000,0,0,0,21000,0,21000,21000
048988,聯茂元大94購02  ,0,0,0,0,0,0,0,0,0,21000,0,0,0,171000,150000,21000,21000
047909,超眾元大93購03  ,0,0,0,0,0,0,0,0,0,21000,0,0,0,21000,0,21000,21000
052353,高鐵群益97購01  ,0,0,0,0,0,0,0,0,0,21000,0,0,0,32000,11000,21000,21000
052750,臺股指元大96購04,0,0,0,0,0,0,0,0,0,21000,0,0,0,93000,72000,21000,21000
050384,嘉澤國票94購02  ,0,0,0,0,0,0,0,0,0,21000,0,0,0,21000,0,21000,21000
051317,亞德客國票96購01,0,0,0,0,0,0,0,0,0,21000,0,0,0,31000,10000,21000,21000
049434,茂林國票95購01  ,0,0,0,0,0,0,0,0,0,21000,0,0,0,21000,0,21000,21000
049268,聯茂元大94購03  ,0,0,0,0,0,0,0,0,0,21000,0,0,0,69000,48000,21000,21000
053511,鴻海群益96購04  ,0,0,0,0,0,0,0,0,0,21000,0,0,0,111000,90000,21000,21000
054047,富邦金元大97購01,0,0,0,0,0,0,0,0,0,21000,0,0,0,21000,0,21000,21000
053755,亞光元富96購01  ,0,0,0,0,0,0,0,0,0,21000,0,0,0,24000,3000,21000,21000
055189,台虹統一97購01  ,0,0,0,0,0,0,0,0,0,21000,0,0,0,151000,130000,21000,21000
055161,貿聯元大98購03  ,0,0,0,0,0,0,0,0,0,21000,0,0,0,27000,6000,21000,21000
055030,帆宣國泰99購02  ,0,0,0,0,0,0,0,0,0,21000,0,0,0,74000,53000,21000,21000
055317,金寶國票98購01  ,0,0,0,0,0,0,0,0,0,21000,0,0,0,41000,20000,21000,21000
05452P,亞德客群益95售02,0,0,0,0,0,0,0,0,0,21000,0,0,0,43000,22000,21000,21000
05898P,旺宏凱基96售06  ,0,0,0,0,0,0,0,0,0,21000,0,0,0,41000,20000,21000,21000
06641P,智邦兆豐99售01  ,0,0,0,0,0,0,0,0,0,21000,0,0,0,52000,31000,21000,21000
2882B,國泰金乙特      ,0,0,0,0,0,0,0,0,0,21000,21000,0,21000,0,0,0,21000
3557,嘉威            ,66000,45000,21000,0,0,0,0,0,0,0,0,0,0,0,0,0,21000
8466,美吉吉-KY       ,27000,6000,21000,0,0,0,0,0,0,0,0,0,0,0,0,0,21000
2207,和泰車          ,536275,510540,25735,0,0,0,3000,0,3000,-8000,0,5000,-5000,0,3000,-3000,20735
057554,新日興凱基99購02,0,0,0,0,0,0,0,0,0,20000,0,0,0,20000,0,20000,20000
057452,新日興元富98購01,0,0,0,0,0,0,0,0,0,20000,0,0,0,30000,10000,20000,20000
057506,聯鈞國票99購02  ,0,0,0,0,0,0,0,0,0,20000,0,0,0,35000,15000,20000,20000
057432,T50反1國票9B購01,0,0,0,0,0,0,0,0,0,20000,0,0,0,20000,0,20000,20000
057444,台泥元富98購01  ,0,0,0,0,0,0,0,0,0,20000,0,0,0,90000,70000,20000,20000
057301,嘉聯益永豐98購02,0,0,0,0,0,0,0,0,0,20000,0,0,0,36000,16000,20000,20000
057330,台積電國票99購03,0,0,0,0,0,0,0,0,0,20000,0,0,0,34000,14000,20000,20000
057748,華通國票98購04  ,0,0,0,0,0,0,0,0,0,20000,0,0,0,24000,4000,20000,20000
057697,國巨群益98購09  ,0,0,0,0,0,0,0,0,0,20000,0,0,0,20000,0,20000,20000
057277,可成元大98購05  ,0,0,0,0,0,0,0,0,0,20000,0,0,0,20000,0,20000,20000
057252,牧德元富98購01  ,0,0,0,0,0,0,0,0,0,20000,0,0,0,26000,6000,20000,20000
057221,華通國票98購03  ,0,0,0,0,0,0,0,0,0,20000,0,0,0,20000,0,20000,20000
057216,聯發科群益99購01,0,0,0,0,0,0,0,0,0,20000,0,0,0,138000,118000,20000,20000
05702P,矽創凱基96售02  ,0,0,0,0,0,0,0,0,0,20000,0,0,0,20000,0,20000,20000
056845,揚明光元富98購01,0,0,0,0,0,0,0,0,0,20000,0,0,0,20000,0,20000,20000
056714,晶相光永豐98購02,0,0,0,0,0,0,0,0,0,20000,0,0,0,64000,44000,20000,20000
056680,華通統一98購04  ,0,0,0,0,0,0,0,0,0,20000,0,0,0,30000,10000,20000,20000
056320,京鼎群益99購01  ,0,0,0,0,0,0,0,0,0,20000,0,0,0,26000,6000,20000,20000
056425,聯發科日盛9A購01,0,0,0,0,0,0,0,0,0,20000,0,0,0,40000,20000,20000,20000
056602,嘉澤國泰99購01  ,0,0,0,0,0,0,0,0,0,20000,0,0,0,22000,2000,20000,20000
056554,GIS凱基99購01   ,0,0,0,0,0,0,0,0,0,20000,0,0,0,20000,0,20000,20000
056673,中石化元富9B購01,0,0,0,0,0,0,0,0,0,20000,0,0,0,20000,0,20000,20000
055599,TPK元大97購01   ,0,0,0,0,0,0,0,0,0,20000,0,0,0,100000,80000,20000,20000
055709,深中小元大97購03,0,0,0,0,0,0,0,0,0,20000,0,0,0,30000,10000,20000,20000
055618,麗豐國票98購01  ,0,0,0,0,0,0,0,0,0,20000,0,0,0,20000,0,20000,20000
056007,上銀中信97購02  ,0,0,0,0,0,0,0,0,0,20000,0,0,0,41000,21000,20000,20000
055923,矽力凱基98購01  ,0,0,0,0,0,0,0,0,0,20000,0,0,0,20000,0,20000,20000
055773,瑞昱凱基97購03  ,0,0,0,0,0,0,0,0,0,20000,0,0,0,30000,10000,20000,20000
047919,技嘉凱基93購06  ,0,0,0,0,0,0,0,0,0,20000,0,0,0,20000,0,20000,20000
047896,京元電群益93購01,0,0,0,0,0,0,0,0,0,20000,0,0,0,20000,0,20000,20000
047965,景碩中信93購01  ,0,0,0,0,0,0,0,0,0,20000,0,0,0,20000,0,20000,20000
047822,臺股指凱基93購16,0,0,0,0,0,0,0,0,0,20000,0,0,0,20000,0,20000,20000
047781,上銀國泰94購02  ,0,0,0,0,0,0,0,0,0,20000,0,0,0,20000,0,20000,20000
048533,景碩國票94購01  ,0,0,0,0,0,0,0,0,0,20000,0,0,0,20000,0,20000,20000
047626,全新國票94購01  ,0,0,0,0,0,0,0,0,0,20000,0,0,0,30000,10000,20000,20000
047078,上海銀兆豐93購01,0,0,0,0,0,0,0,0,0,20000,0,0,0,20000,0,20000,20000
048380,T50反1國票94購02,0,0,0,0,0,0,0,0,0,20000,0,0,0,20000,0,20000,20000
047329,聯茂元大93購04  ,0,0,0,0,0,0,0,0,0,20000,0,0,0,20000,0,20000,20000
04749P,臺股指元大94售25,0,0,0,0,0,0,0,0,0,20000,0,0,0,20000,0,20000,20000
047526,可成元大93購08  ,0,0,0,0,0,0,0,0,0,20000,0,0,0,20000,0,20000,20000
046887,華通群益93購01  ,0,0,0,0,0,0,0,0,0,20000,0,0,0,20000,0,20000,20000
046896,臻鼎群益94購01  ,0,0,0,0,0,0,0,0,0,20000,0,0,0,20000,0,20000,20000
04631P,臺股指中信95售08,0,0,0,0,0,0,0,0,0,20000,0,0,0,20000,0,20000,20000
046380,神基凱基93購01  ,0,0,0,0,0,0,0,0,0,20000,0,0,0,20000,0,20000,20000
04638P,臺股指群益94售13,0,0,0,0,0,0,0,0,0,20000,0,0,0,20000,0,20000,20000
048944,茂林永豐94購01  ,0,0,0,0,0,0,0,0,0,20000,0,0,0,20000,0,20000,20000
048961,矽創康和94購01  ,0,0,0,0,0,0,0,0,0,20000,0,0,0,20000,0,20000,20000
050866,景碩永豐95購01  ,0,0,0,0,0,0,0,0,0,20000,0,0,0,20000,0,20000,20000
048705,GIS國票95購01   ,0,0,0,0,0,0,0,0,0,20000,0,0,0,20000,0,20000,20000
04877P,聯發科麥證94售04,0,0,0,20000,0,20000,0,0,0,20000,0,0,0,20000,0,20000,20000
048744,儒鴻元富97購01  ,0,0,0,0,0,0,0,0,0,20000,0,0,0,20000,0,20000,20000
048834,牧德凱基94購01  ,0,0,0,0,0,0,0,0,0,20000,0,0,0,32000,12000,20000,20000
04816P,台積電兆豐94售06,0,0,0,0,0,0,0,0,0,20000,0,0,0,20000,0,20000,20000
04814P,健策元大96售01  ,0,0,0,0,0,0,0,0,0,20000,0,0,0,20000,0,20000,20000
048191,亞德客元大93購06,0,0,0,0,0,0,0,0,0,20000,0,0,0,20000,0,20000,20000
048657,大成鋼統一93購04,0,0,0,0,0,0,0,0,0,20000,0,0,0,20000,0,20000,20000
048064,可成統一93購02  ,0,0,0,0,0,0,0,0,0,20000,0,0,0,20000,0,20000,20000
048054,鴻海國泰95購01  ,0,0,0,0,0,0,0,0,0,20000,0,0,0,20000,0,20000,20000
048056,全新國泰94購02  ,0,0,0,0,0,0,0,0,0,20000,0,0,0,20000,0,20000,20000
048012,嘉晶國票94購01  ,0,0,0,0,0,0,0,0,0,20000,0,0,0,30000,10000,20000,20000
045115,玉晶光永豐94購01,0,0,0,0,0,0,0,0,0,20000,0,0,0,21000,1000,20000,20000
03424B,臺股指元大96熊26,0,0,0,0,0,0,0,0,0,20000,0,0,0,20000,0,20000,20000
04550P,超眾元大94售01  ,0,0,0,0,0,0,0,0,0,20000,0,0,0,20000,0,20000,20000
043511,上銀富邦93購01  ,0,0,0,0,0,0,0,0,0,20000,0,0,0,20000,0,20000,20000
04325P,創意元大93售06  ,0,0,0,0,0,0,0,0,0,20000,0,0,0,26000,6000,20000,20000
04195P,上海銀永豐93售01,0,0,0,0,0,0,0,0,0,20000,0,0,0,20000,0,20000,20000
04206P,臺股指元大93售46,0,0,0,0,0,0,0,0,0,20000,0,0,0,769000,749000,20000,20000
03025P,國巨元大01售12  ,0,0,0,0,0,0,0,0,0,20000,0,0,0,20000,0,20000,20000
045856,南亞科國泰94購01,0,0,0,0,0,0,0,0,0,20000,0,0,0,20000,0,20000,20000
048259,新日興統一93購01,0,0,0,0,0,0,0,0,0,20000,0,0,0,20000,0,20000,20000
049103,易華電國泰96購01,0,0,0,0,0,0,0,0,0,20000,0,0,0,20000,0,20000,20000
042953,鴻海台新01購01  ,0,0,0,0,0,0,0,0,0,20000,0,0,0,34000,14000,20000,20000
045663,元油2X元富94購01,0,0,0,0,0,0,0,0,0,20000,0,0,0,20000,0,20000,20000
045760,鴻海統一93購02  ,0,0,0,0,0,0,0,0,0,20000,0,0,0,20000,0,20000,20000
04482P,臺股指日盛94售01,0,0,0,0,0,0,0,0,0,20000,0,0,0,320000,300000,20000,20000
044190,聯詠富邦93購01  ,0,0,0,0,0,0,0,0,0,20000,0,0,0,20000,0,20000,20000
049258,美律元大94購03  ,0,0,0,0,0,0,0,0,0,20000,0,0,0,20000,0,20000,20000
049296,義隆群益96購01  ,0,0,0,0,0,0,0,0,0,20000,0,0,0,20000,0,20000,20000
052092,貿聯元大96購02  ,0,0,0,0,0,0,0,0,0,20000,0,0,0,63000,43000,20000,20000
049761,亞德客國泰95購03,0,0,0,0,0,0,0,0,0,20000,0,0,0,20000,0,20000,20000
049123,可成元富94購01  ,0,0,0,0,0,0,0,0,0,20000,0,0,0,20000,0,20000,20000
051678,鈺齊元大95購02  ,0,0,0,0,0,0,0,0,0,20000,0,0,0,20000,0,20000,20000
051640,GIS國票96購03   ,0,0,0,0,0,0,0,0,0,20000,0,0,0,20000,0,20000,20000
051691,台表科凱基95購01,0,0,0,0,0,0,0,0,0,20000,0,0,0,20000,0,20000,20000
051728,道瓊反國票97購01,0,0,0,0,0,0,0,0,0,20000,0,0,0,20000,0,20000,20000
052040,臺股指永昌95購01,0,0,0,0,0,0,0,0,0,20000,0,0,0,50000,30000,20000,20000
051940,康舒群益95購01  ,0,0,0,0,0,0,0,0,0,20000,0,0,0,56000,36000,20000,20000
050939,健鼎國票96購01  ,0,0,0,0,0,0,0,0,0,20000,0,0,0,30000,10000,20000,20000
052171,台積電元大95購21,0,0,0,0,0,0,0,0,0,20000,0,0,0,284000,264000,20000,20000
050650,大立光凱基96購01,0,0,0,0,0,0,0,0,0,20000,0,0,0,21000,1000,20000,20000
050615,奇力新元大95購03,0,0,0,0,0,0,0,0,0,20000,0,0,0,20000,0,20000,20000
05052P,友達群益97售01  ,0,0,0,0,0,0,0,0,0,20000,0,0,0,127000,107000,20000,20000
049890,嘉澤國泰95購01  ,0,0,0,0,0,0,0,0,0,20000,0,0,0,20000,0,20000,20000
049344,華固統一94購01  ,0,0,0,0,0,0,0,0,0,20000,0,0,0,20000,0,20000,20000
049997,聯發科永豐94購04,0,0,0,0,0,0,0,0,0,20000,0,0,0,160000,140000,20000,20000
050211,貿聯國票95購01  ,0,0,0,0,0,0,0,0,0,20000,0,0,0,40000,20000,20000,20000
049394,T50反1群益94購01,0,0,0,0,0,0,0,0,0,20000,0,0,0,20000,0,20000,20000
049401,可成群益94購04  ,0,0,0,0,0,0,0,0,0,20000,0,0,0,20000,0,20000,20000
051324,康友國票96購01  ,0,0,0,0,0,0,0,0,0,20000,0,0,0,20000,0,20000,20000
051313,緯創麥證95購02  ,0,0,0,30000,10000,20000,0,0,0,20000,0,0,0,30000,10000,20000,20000
051316,T50反1國票95購02,0,0,0,0,0,0,0,0,0,20000,0,0,0,120000,100000,20000,20000
051262,A50富邦96購01   ,0,0,0,0,0,0,0,0,0,20000,0,0,0,20000,0,20000,20000
052232,貿聯凱基96購02  ,0,0,0,0,0,0,0,0,0,20000,0,0,0,20000,0,20000,20000
052235,聯發科國票96購02,0,0,0,0,0,0,0,0,0,20000,0,0,0,20000,0,20000,20000
052253,康控永豐95購04  ,0,0,0,0,0,0,0,0,0,20000,0,0,0,20000,0,20000,20000
05225P,鴻海統一95售09  ,0,0,0,0,0,0,0,0,0,20000,0,0,0,20000,0,20000,20000
052280,聯發科凱基95購11,0,0,0,0,0,0,0,0,0,20000,0,0,0,40000,20000,20000,20000
049536,T50反1群益94購02,0,0,0,0,0,0,0,0,0,20000,0,0,0,20000,0,20000,20000
052734,台表科國泰98購02,0,0,0,0,0,0,0,0,0,20000,0,0,0,23000,3000,20000,20000
052787,國巨中信96購02  ,0,0,0,0,0,0,0,0,0,20000,0,0,0,20000,0,20000,20000
052423,宏達電國票96購02,0,0,0,0,0,0,0,0,0,20000,0,0,0,25000,5000,20000,20000
052559,茂林國票97購01  ,0,0,0,0,0,0,0,0,0,20000,0,0,0,40000,20000,20000,20000
052542,友達元富98購01  ,0,0,0,0,0,0,0,0,0,20000,0,0,0,20000,0,20000,20000
052520,南亞科元大95購06,0,0,0,0,0,0,0,0,0,20000,0,0,0,20000,0,20000,20000
052623,台郡兆豐96購01  ,0,0,0,0,0,0,0,0,0,20000,0,0,0,20000,0,20000,20000
054437,欣興台新97購02  ,0,0,0,0,0,0,0,0,0,20000,0,0,0,20000,0,20000,20000
054562,亞光群益98購01  ,0,0,0,0,0,0,0,0,0,20000,0,0,0,20000,0,20000,20000
054650,南亞麥證97購01  ,0,0,0,20000,0,20000,0,0,0,20000,0,0,0,20000,0,20000,20000
054856,得力群益99購01  ,0,0,0,0,0,0,0,0,0,20000,0,0,0,20000,0,20000,20000
054825,康友元大97購01  ,0,0,0,0,0,0,0,0,0,20000,0,0,0,24000,4000,20000,20000
055275,台積電元大97購19,0,0,0,0,0,0,0,0,0,20000,0,0,0,40000,20000,20000,20000
055250,華新科統一97購02,0,0,0,0,0,0,0,0,0,20000,0,0,0,153000,133000,20000,20000
055227,聯發科國票98購02,0,0,0,0,0,0,0,0,0,20000,0,0,0,20000,0,20000,20000
055454,華邦電元富97購02,0,0,0,0,0,0,0,0,0,20000,0,0,0,226000,206000,20000,20000
055398,超眾統一97購03  ,0,0,0,0,0,0,0,0,0,20000,0,0,0,20000,0,20000,20000
055000,玉晶光元富97購04,0,0,0,0,0,0,0,0,0,20000,0,0,0,20000,0,20000,20000
054952,大毅元大97購02  ,0,0,0,0,0,0,0,0,0,20000,0,0,0,20000,0,20000,20000
055192,世芯元富97購01  ,0,0,0,0,0,0,0,0,0,20000,0,0,0,481000,461000,20000,20000
055128,致新兆豐97購01  ,0,0,0,0,0,0,0,0,0,20000,0,0,0,20000,0,20000,20000
055093,京鼎群益98購01  ,0,0,0,0,0,0,0,0,0,20000,0,0,0,27000,7000,20000,20000
053804,富邦金凱基96購01,0,0,0,0,0,0,0,0,0,20000,0,0,0,30000,10000,20000,20000
053818,富邦金群益98購01,0,0,0,0,0,0,0,0,0,20000,0,0,0,22000,2000,20000,20000
053663,臺股指凱基96購24,0,0,0,0,0,0,0,0,0,20000,0,0,0,20000,0,20000,20000
053627,宏碁兆豐97購01  ,0,0,0,0,0,0,0,0,0,20000,0,0,0,30000,10000,20000,20000
053939,台表科元富96購03,0,0,0,0,0,0,0,0,0,20000,0,0,0,20000,0,20000,20000
053885,全新兆豐96購01  ,0,0,0,0,0,0,0,0,0,20000,0,0,0,20000,0,20000,20000
054096,佳世達國票97購01,0,0,0,0,0,0,0,0,0,20000,0,0,0,20000,0,20000,20000
054062,TPK國票96購02   ,0,0,0,0,0,0,0,0,0,20000,0,0,0,20000,0,20000,20000
054187,亞光永豐96購03  ,0,0,0,0,0,0,0,0,0,20000,0,0,0,20000,0,20000,20000
054172,易華電凱基98購01,0,0,0,0,0,0,0,0,0,20000,0,0,0,20000,0,20000,20000
053339,友達國票97購02  ,0,0,0,0,0,0,0,0,0,20000,0,0,0,20000,0,20000,20000
05334P,臺股指國票95售03,0,0,0,0,0,0,0,0,0,20000,0,0,0,20000,0,20000,20000
053406,國巨兆豐96購02  ,0,0,0,0,0,0,0,0,0,20000,0,0,0,20000,0,20000,20000
05318P,臺股指永昌95售03,0,0,0,0,0,0,0,0,0,20000,380000,0,380000,80000,440000,-360000,20000
053318,全新群益99購01  ,0,0,0,0,0,0,0,0,0,20000,0,0,0,31000,11000,20000,20000
053070,訊芯群益96購01  ,0,0,0,0,0,0,0,0,0,20000,0,0,0,20000,0,20000,20000
053073,技嘉康和96購01  ,0,0,0,0,0,0,0,0,0,20000,0,0,0,40000,20000,20000,20000
052816,上銀永豐96購01  ,0,0,0,0,0,0,0,0,0,20000,0,0,0,45000,25000,20000,20000
052953,百和國票97購01  ,0,0,0,0,0,0,0,0,0,20000,0,0,0,20000,0,20000,20000
2404,漢唐            ,68000,276000,-208000,0,0,0,2000,0,2000,226000,2000,12000,-10000,257000,21000,236000,20000
3669,圓展            ,65000,90000,-25000,0,0,0,25000,0,25000,20000,29000,9000,20000,0,0,0,20000
9103,美德醫療-DR     ,28000,8000,20000,0,0,0,0,0,0,0,0,0,0,0,0,0,20000
06594P,立積元大98售01  ,0,0,0,0,0,0,0,0,0,20000,0,0,0,91000,71000,20000,20000
06474P,鴻海富邦98售03  ,0,0,0,0,0,0,0,0,0,20000,0,0,0,23000,3000,20000,20000
06433P,大立光群益99售01,0,0,0,0,0,0,0,0,0,20000,0,0,0,20000,0,20000,20000
05958P,聯發科國票97售04,0,0,0,0,0,0,0,0,0,20000,0,0,0,20000,0,20000,20000
057941,聯電國票99購01  ,0,0,0,0,0,0,0,0,0,20000,0,0,0,30000,10000,20000,20000
06015P,大立光富邦98售04,0,0,0,0,0,0,0,0,0,20000,0,0,0,20000,0,20000,20000
06138P,台積電中信99售01,0,0,0,0,0,0,0,0,0,20000,0,0,0,26000,6000,20000,20000
01002T,土銀國泰R1      ,19918,0,19918,0,0,0,0,0,0,0,0,0,0,0,0,0,19918
055787,聯茂凱基99購01  ,0,0,0,0,0,0,0,0,0,19000,0,0,0,46000,27000,19000,19000
056029,國巨麥證98購01  ,0,0,0,20000,1000,19000,0,0,0,19000,0,0,0,20000,1000,19000,19000
056350,上銀元大98購02  ,0,0,0,0,0,0,0,0,0,19000,0,0,0,84000,65000,19000,19000
056826,A50正2富邦9B購02,0,0,0,0,0,0,0,0,0,19000,0,0,0,19000,0,19000,19000
057097,致新元富98購01  ,0,0,0,0,0,0,0,0,0,19000,0,0,0,19000,0,19000,19000
057213,華邦電群益98購01,0,0,0,0,0,0,0,0,0,19000,0,0,0,30000,11000,19000,19000
057372,華新科元大99購10,0,0,0,0,0,0,0,0,0,19000,0,0,0,95000,76000,19000,19000
044129,群創凱基93購02  ,0,0,0,0,0,0,0,0,0,19000,0,0,0,19000,0,19000,19000
048923,國巨永豐94購02  ,0,0,0,0,0,0,0,0,0,19000,0,0,0,82000,63000,19000,19000
048691,智伸科群益94購01,0,0,0,0,0,0,0,0,0,19000,0,0,0,30000,11000,19000,19000
048974,日電貿元大94購01,0,0,0,0,0,0,0,0,0,19000,0,0,0,19000,0,19000,19000
04835P,鴻海元大94售18  ,0,0,0,0,0,0,0,0,0,19000,0,0,0,20000,1000,19000,19000
047904,臺指反元大96購01,0,0,0,0,0,0,0,0,0,19000,0,0,0,29000,10000,19000,19000
052621,台郡富邦97購01  ,0,0,0,0,0,0,0,0,0,19000,0,0,0,20000,1000,19000,19000
052693,微星中信96購01  ,0,0,0,0,0,0,0,0,0,19000,0,0,0,20000,1000,19000,19000
049532,同欣電台新94購01,0,0,0,0,0,0,0,0,0,19000,0,0,0,50000,31000,19000,19000
050269,欣興元大94購09  ,0,0,0,0,0,0,0,0,0,19000,0,0,0,24000,5000,19000,19000
050892,聯電元大96購02  ,0,0,0,0,0,0,0,0,0,19000,0,0,0,50000,31000,19000,19000
050149,東元群益94購01  ,0,0,0,0,0,0,0,0,0,19000,0,0,0,45000,26000,19000,19000
053162,緯穎元大97購01  ,0,0,0,0,0,0,0,0,0,19000,0,0,0,122000,103000,19000,19000
054055,全新國票99購02  ,0,0,0,0,0,0,0,0,0,19000,0,0,0,49000,30000,19000,19000
054758,南亞國票9A購01  ,0,0,0,0,0,0,0,0,0,19000,0,0,0,19000,0,19000,19000
057948,嘉聯益國票99購02,0,0,0,0,0,0,0,0,0,19000,0,0,0,29000,10000,19000,19000
05941P,聯發科凱基96售22,0,0,0,0,0,0,0,0,0,19000,0,0,0,20000,1000,19000,19000
06836P,玉晶光國票99售06,0,0,0,0,0,0,0,0,0,19000,0,0,0,24000,5000,19000,19000
4560,強信-KY         ,56000,37000,19000,0,0,0,0,0,0,0,0,0,0,0,0,0,19000
2103,台橡            ,505000,490000,15000,0,0,0,0,0,0,4000,8000,4000,4000,0,0,0,19000
057336,聯發科國票99購01,0,0,0,0,0,0,0,0,0,18000,0,0,0,18000,0,18000,18000
05718P,國巨元大96售09  ,0,0,0,0,0,0,0,0,0,18000,0,0,0,108000,90000,18000,18000
057197,立積台新98購01  ,0,0,0,0,0,0,0,0,0,18000,0,0,0,37000,19000,18000,18000
057257,台泥兆豐99購01  ,0,0,0,0,0,0,0,0,0,18000,0,0,0,32000,14000,18000,18000
057100,國巨中信9A購02  ,0,0,0,0,0,0,0,0,0,18000,0,0,0,20000,2000,18000,18000
057017,和大凱基98購01  ,0,0,0,0,0,0,0,0,0,18000,0,0,0,33000,15000,18000,18000
056379,玉晶光元富98購01,0,0,0,0,0,0,0,0,0,18000,0,0,0,18000,0,18000,18000
056245,嘉澤群益97購01  ,0,0,0,0,0,0,0,0,0,18000,0,0,0,26000,8000,18000,18000
056246,祥碩群益97購01  ,0,0,0,0,0,0,0,0,0,18000,0,0,0,84000,66000,18000,18000
056180,南茂元富97購01  ,0,0,0,0,0,0,0,0,0,18000,0,0,0,28000,10000,18000,18000
056668,光磊國票99購01  ,0,0,0,0,0,0,0,0,0,18000,0,0,0,30000,12000,18000,18000
056608,力山永豐98購01  ,0,0,0,0,0,0,0,0,0,18000,0,0,0,68000,50000,18000,18000
056017,台積電群益97購04,0,0,0,0,0,0,0,0,0,18000,0,0,0,1384000,1366000,18000,18000
055933,欣興群益98購02  ,0,0,0,0,0,0,0,0,0,18000,0,0,0,44000,26000,18000,18000
047927,宏達電凱基93購03,0,0,0,0,0,0,0,0,0,18000,0,0,0,18000,0,18000,18000
047995,台達電元大96購01,0,0,0,0,0,0,0,0,0,18000,0,0,0,28000,10000,18000,18000
048575,旺宏國泰94購04  ,0,0,0,0,0,0,0,0,0,18000,0,0,0,95000,77000,18000,18000
046600,鴻海群益94購01  ,0,0,0,0,0,0,0,0,0,18000,0,0,0,45000,27000,18000,18000
020008,元大特股高息N   ,0,0,0,0,0,0,0,0,0,18000,0,0,0,45000,27000,18000,18000
04343P,啟碁永豐93售02  ,0,0,0,0,0,0,0,0,0,18000,0,0,0,21000,3000,18000,18000
03788P,聯發科群益94售02,0,0,0,0,0,0,0,0,0,18000,0,0,0,24000,6000,18000,18000
049250,華通元大95購04  ,0,0,0,0,0,0,0,0,0,18000,0,0,0,54000,36000,18000,18000
04966P,台表科元大94售04,0,0,0,0,0,0,0,0,0,18000,0,0,0,18000,0,18000,18000
049597,泰鼎元大96購01  ,0,0,0,0,0,0,0,0,0,18000,0,0,0,33000,15000,18000,18000
050790,昇陽半國泰96購02,0,0,0,0,0,0,0,0,0,18000,0,0,0,22000,4000,18000,18000
052231,景碩凱基96購01  ,0,0,0,0,0,0,0,0,0,18000,0,0,0,18000,0,18000,18000
050305,正崴中信95購01  ,0,0,0,0,0,0,0,0,0,18000,0,0,0,18000,0,18000,18000
051071,聯發科國票96購01,0,0,0,0,0,0,0,0,0,18000,0,0,0,20000,2000,18000,18000
052538,和大統一95購02  ,0,0,0,0,0,0,0,0,0,18000,0,0,0,18000,0,18000,18000
05461P,台積電亞東97售01,0,0,0,0,0,0,0,0,0,18000,0,0,0,18000,0,18000,18000
055346,國巨凱基98購02  ,0,0,0,0,0,0,0,0,0,18000,0,0,0,287000,269000,18000,18000
053887,聯茂兆豐97購02  ,0,0,0,0,0,0,0,0,0,18000,0,0,0,58000,40000,18000,18000
053921,嘉晶國票97購03  ,0,0,0,0,0,0,0,0,0,18000,0,0,0,28000,10000,18000,18000
054133,奇力新元大97購04,0,0,0,0,0,0,0,0,0,18000,0,0,0,27000,9000,18000,18000
054137,聯詠元大97購02  ,0,0,0,0,0,0,0,0,0,18000,0,0,0,317000,299000,18000,18000
053546,台積電凱基96購13,0,0,0,0,0,0,0,0,0,18000,0,0,0,68000,50000,18000,18000
053858,台達電元大96購05,0,0,0,0,0,0,0,0,0,18000,0,0,0,18000,0,18000,18000
053414,臻鼎國票97購01  ,0,0,0,0,0,0,0,0,0,18000,0,0,0,60000,42000,18000,18000
053051,楠梓電國票97購01,0,0,0,0,0,0,0,0,0,18000,0,0,0,22000,4000,18000,18000
1720,生達            ,36000,18000,18000,0,0,0,0,0,0,0,1000,1000,0,0,0,0,18000
6504,南六            ,110000,119000,-9000,0,0,0,0,0,0,27000,27000,0,27000,0,0,0,18000
06854P,鴻海富邦99售05  ,0,0,0,0,0,0,0,0,0,18000,0,0,0,33000,15000,18000,18000
057957,嘉晶元大98購01  ,0,0,0,0,0,0,0,0,0,18000,0,0,0,18000,0,18000,18000
055799,致茂永豐97購02  ,0,0,0,0,0,0,0,0,0,17000,0,0,0,27000,10000,17000,17000
055874,中環元富9A購01  ,0,0,0,0,0,0,0,0,0,17000,0,0,0,30000,13000,17000,17000
055619,同欣電國票98購02,0,0,0,0,0,0,0,0,0,17000,0,0,0,49000,32000,17000,17000
055501,創意元大97購01  ,0,0,0,0,0,0,0,0,0,17000,0,0,0,30000,13000,17000,17000
055486,國巨元大98購06  ,0,0,0,0,0,0,0,0,0,17000,0,0,0,151000,134000,17000,17000
055488,華邦電元大98購01,0,0,0,0,0,0,0,0,0,17000,0,0,0,112000,95000,17000,17000
056168,鴻海元富97購07  ,0,0,0,0,0,0,0,0,0,17000,0,0,0,17000,0,17000,17000
056208,崇越永豐97購01  ,0,0,0,0,0,0,0,0,0,17000,0,0,0,77000,60000,17000,17000
056243,創意群益97購03  ,0,0,0,0,0,0,0,0,0,17000,0,0,0,102000,85000,17000,17000
056813,聯茂統一99購01  ,0,0,0,0,0,0,0,0,0,17000,0,0,0,17000,0,17000,17000
056864,新日興群益99購01,0,0,0,0,0,0,0,0,0,17000,0,0,0,44000,27000,17000,17000
056939,康控元富98購01  ,0,0,0,0,0,0,0,0,0,17000,0,0,0,75000,58000,17000,17000
05693P,滬深2X凱基98售02,0,0,0,0,0,0,0,0,0,17000,0,0,0,77000,60000,17000,17000
056950,亞光統一99購01  ,0,0,0,0,0,0,0,0,0,17000,0,0,0,20000,3000,17000,17000
057476,國巨元大98購19  ,0,0,0,0,0,0,0,0,0,17000,0,0,0,45000,28000,17000,17000
057701,嘉聯益群益98購02,0,0,0,0,0,0,0,0,0,17000,0,0,0,18000,1000,17000,17000
057673,臻鼎元大98購01  ,0,0,0,0,0,0,0,0,0,17000,0,0,0,17000,0,17000,17000
00703,台新MSCI中國    ,0,0,0,0,0,0,0,0,0,17000,0,0,0,39000,22000,17000,17000
044003,聯發科兆豐93購01,0,0,0,0,0,0,0,0,0,17000,0,0,0,320000,303000,17000,17000
044995,大立光國泰94購01,0,0,0,0,0,0,0,0,0,17000,0,0,0,78000,61000,17000,17000
04264P,宏碁統一93售01  ,0,0,0,0,0,0,0,0,0,17000,0,0,0,20000,3000,17000,17000
048367,華邦電統一93購01,0,0,0,0,0,0,0,0,0,17000,0,0,0,17000,0,17000,17000
04745P,祥碩元大94售04  ,0,0,0,0,0,0,0,0,0,17000,0,0,0,68000,51000,17000,17000
048672,日電貿永豐93購02,0,0,0,0,0,0,0,0,0,17000,0,0,0,17000,0,17000,17000
048751,京鼎元富96購01  ,0,0,0,0,0,0,0,0,0,17000,0,0,0,17000,0,17000,17000
048780,臺股指凱基94購03,0,0,0,0,0,0,0,0,0,17000,0,0,0,18000,1000,17000,17000
048137,力成國票93購01  ,0,0,0,0,0,0,0,0,0,17000,0,0,0,47000,30000,17000,17000
05153P,台表科群益96售01,0,0,0,0,0,0,0,0,0,17000,0,0,0,17000,0,17000,17000
049291,華通群益94購04  ,0,0,0,0,0,0,0,0,0,17000,0,0,0,44000,27000,17000,17000
051937,廣達群益95購01  ,0,0,0,0,0,0,0,0,0,17000,0,0,0,17000,0,17000,17000
04991P,台表科元大94售05,0,0,0,0,0,0,0,0,0,17000,0,0,0,17000,0,17000,17000
053378,台積電元大98購02,0,0,0,0,0,0,0,0,0,17000,0,0,0,97000,80000,17000,17000
053810,台達電群益96購01,0,0,0,0,0,0,0,0,0,17000,0,0,0,37000,20000,17000,17000
053802,南亞科凱基96購04,0,0,0,0,0,0,0,0,0,17000,0,0,0,85000,68000,17000,17000
053666,臺股指凱基96購29,0,0,0,0,0,0,0,0,0,17000,0,0,0,23000,6000,17000,17000
053689,台光電元大96購01,0,0,0,0,0,0,0,0,0,17000,0,0,0,41000,24000,17000,17000
055185,晶相光統一97購01,0,0,0,0,0,0,0,0,0,17000,0,0,0,17000,0,17000,17000
054964,智易元大99購01  ,0,0,0,0,0,0,0,0,0,17000,0,0,0,17000,0,17000,17000
054549,台積電凱基98購01,0,0,0,0,0,0,0,0,0,17000,0,0,0,68000,51000,17000,17000
06202P,大立光元大98售06,0,0,0,0,0,0,0,0,0,17000,0,0,0,105000,88000,17000,17000
06651P,華新科元大99售09,0,0,0,0,0,0,0,0,0,17000,0,0,0,66000,49000,17000,17000
06322P,超眾統一97售04  ,0,0,0,0,0,0,0,0,0,17000,0,0,0,18000,1000,17000,17000
06328P,台積電中信01售02,0,0,0,0,0,0,0,0,0,17000,0,0,0,34000,17000,17000,17000
6541,泰福-KY         ,98000,81000,17000,0,0,0,0,0,0,0,1000,1000,0,0,0,0,17000
3518,柏騰            ,178000,161000,17000,0,0,0,0,0,0,0,5000,5000,0,0,0,0,17000
057771,鴻海群益99購01  ,0,0,0,0,0,0,0,0,0,16000,0,0,0,168000,152000,16000,16000
057557,聯茂凱基99購04  ,0,0,0,0,0,0,0,0,0,16000,0,0,0,127000,111000,16000,16000
05732P,臺股指統一96售02,0,0,0,0,0,0,0,0,0,16000,0,0,0,33000,17000,16000,16000
057151,易華電國票99購01,0,0,0,0,0,0,0,0,0,16000,0,0,0,29000,13000,16000,16000
056250,瑞昱兆豐97購02  ,0,0,0,0,0,0,0,0,0,16000,0,0,0,22000,6000,16000,16000
056279,新日興富邦99購01,0,0,0,0,0,0,0,0,0,16000,0,0,0,166000,150000,16000,16000
056174,億光元富97購01  ,0,0,0,0,0,0,0,0,0,16000,0,0,0,16000,0,16000,16000
055482,聚陽元大97購02  ,0,0,0,0,0,0,0,0,0,16000,0,0,0,16000,0,16000,16000
048855,華新科群益94購02,0,0,0,0,0,0,0,0,0,16000,0,0,0,76000,60000,16000,16000
046921,日電貿永豐93購01,0,0,0,0,0,0,0,0,0,16000,0,0,0,16000,0,16000,16000
046286,高鐵兆豐93購01  ,0,0,0,0,0,0,0,0,0,16000,0,0,0,16000,0,16000,16000
04003P,麗豐凱基94售03  ,0,0,0,0,0,0,0,0,0,16000,0,0,0,71000,55000,16000,16000
03450P,元油2X元富98售05,0,0,0,0,0,0,0,0,0,16000,0,0,0,160000,144000,16000,16000
049926,智易元大95購02  ,0,0,0,0,0,0,0,0,0,16000,0,0,0,16000,0,16000,16000
049885,緯穎永豐94購01  ,0,0,0,0,0,0,0,0,0,16000,0,0,0,18000,2000,16000,16000
052182,鴻海群益96購01  ,0,0,0,0,0,0,0,0,0,16000,0,0,0,104000,88000,16000,16000
049297,日電貿群益95購01,0,0,0,0,0,0,0,0,0,16000,0,0,0,16000,0,16000,16000
052724,力成統一97購01  ,0,0,0,0,0,0,0,0,0,16000,0,0,0,40000,24000,16000,16000
052782,超眾國票96購02  ,0,0,0,0,0,0,0,0,0,16000,0,0,0,16000,0,16000,16000
052770,聯茂群益96購02  ,0,0,0,0,0,0,0,0,0,16000,0,0,0,52000,36000,16000,16000
051112,台郡統一95購01  ,0,0,0,0,0,0,0,0,0,16000,0,0,0,50000,34000,16000,16000
050322,世紀鋼國票95購01,0,0,0,0,0,0,0,0,0,16000,0,0,0,24000,8000,16000,16000
051392,玉山金兆豐95購01,0,0,0,0,0,0,0,0,0,16000,0,0,0,39000,23000,16000,16000
054589,聯鈞國泰99購01  ,0,0,0,0,0,0,0,0,0,16000,0,0,0,44000,28000,16000,16000
055026,健和興國泰98購01,0,0,0,0,0,0,0,0,0,16000,0,0,0,25000,9000,16000,16000
055428,友達群益9C購01  ,0,0,0,0,0,0,0,0,0,16000,0,0,0,41000,25000,16000,16000
05358P,大立光元大95售09,0,0,0,0,0,0,0,0,0,16000,0,0,0,32000,16000,16000,16000
053793,致伸兆豐96購01  ,0,0,0,0,0,0,0,0,0,16000,0,0,0,16000,0,16000,16000
053712,台光電凱基96購04,0,0,0,0,0,0,0,0,0,16000,0,0,0,31000,15000,16000,16000
053279,景碩元大97購01  ,0,0,0,0,0,0,0,0,0,16000,0,0,0,18000,2000,16000,16000
1439,中和            ,27000,11000,16000,0,0,0,0,0,0,0,0,0,0,0,0,0,16000
05964P,華通凱基96售06  ,0,0,0,0,0,0,0,0,0,16000,0,0,0,98000,82000,16000,16000
05863P,滬深2X元大96售09,0,0,0,0,0,0,0,0,0,16000,0,0,0,385000,369000,16000,16000
055513,旺宏亞東98購01  ,0,0,0,0,0,0,0,0,0,15000,0,0,0,15000,0,15000,15000
055587,智邦元大97購02  ,0,0,0,0,0,0,0,0,0,15000,0,0,0,31000,16000,15000,15000
055544,鴻海凱基97購05  ,0,0,0,0,0,0,0,0,0,15000,0,0,0,150000,135000,15000,15000
056014,上銀群益97購02  ,0,0,0,0,0,0,0,0,0,15000,0,0,0,15000,0,15000,15000
056015,華通群益99購01  ,0,0,0,0,0,0,0,0,0,15000,0,0,0,34000,19000,15000,15000
056040,亞光凱基98購01  ,0,0,0,0,0,0,0,0,0,15000,0,0,0,15000,0,15000,15000
05624P,同欣電中信98售01,0,0,0,0,0,0,0,0,0,15000,0,0,0,15000,0,15000,15000
05625P,國巨國票97售01  ,0,0,0,0,0,0,0,0,0,15000,0,0,0,15000,0,15000,15000
056433,鴻海凱基98購09  ,0,0,0,0,0,0,0,0,0,15000,0,0,0,44000,29000,15000,15000
057154,易華電國泰99購01,0,0,0,0,0,0,0,0,0,15000,0,0,0,40000,25000,15000,15000
057237,群創凱基9B購02  ,0,0,0,0,0,0,0,0,0,15000,0,0,0,15000,0,15000,15000
057108,潤泰全群益98購01,0,0,0,0,0,0,0,0,0,15000,0,0,0,45000,30000,15000,15000
056844,欣興元富98購03  ,0,0,0,0,0,0,0,0,0,15000,0,0,0,18000,3000,15000,15000
056907,群創元大9C購04  ,0,0,0,0,0,0,0,0,0,15000,0,0,0,30000,15000,15000,15000
056704,健策國泰99購01  ,0,0,0,0,0,0,0,0,0,15000,0,0,0,40000,25000,15000,15000
057295,可成永豐98購02  ,0,0,0,0,0,0,0,0,0,15000,0,0,0,91000,76000,15000,15000
057507,貿聯國票98購02  ,0,0,0,0,0,0,0,0,0,15000,0,0,0,67000,52000,15000,15000
057520,元油2X元大98購15,0,0,0,0,0,0,0,0,0,15000,0,0,0,15000,0,15000,15000
057736,鴻海富邦99購04  ,0,0,0,0,0,0,0,0,0,15000,0,0,0,15000,0,15000,15000
057708,臺股指群益98購08,0,0,0,0,0,0,0,0,0,15000,0,0,0,15000,0,15000,15000
043601,亞光元大93購01  ,0,0,0,0,0,0,0,0,0,15000,0,0,0,15000,0,15000,15000
045228,泰鼎元大93購01  ,0,0,0,0,0,0,0,0,0,15000,0,0,0,23000,8000,15000,15000
045206,創意國泰93購02  ,0,0,0,0,0,0,0,0,0,15000,0,0,0,15000,0,15000,15000
03252P,台積電台新02售01,0,0,0,0,0,0,0,0,0,15000,0,0,0,35000,20000,15000,15000
04181P,嘉晶國票93售04  ,0,0,0,0,0,0,0,0,0,15000,0,0,0,15000,0,15000,15000
047144,華通群益94購01  ,0,0,0,0,0,0,0,0,0,15000,0,0,0,54000,39000,15000,15000
047219,美律麥證94購01  ,0,0,0,45000,30000,15000,0,0,0,15000,0,0,0,45000,30000,15000,15000
04618P,電子類群益94售02,0,0,0,0,0,0,0,0,0,15000,0,0,0,15000,0,15000,15000
046053,滬深2X群益94購01,0,0,0,0,0,0,0,0,0,15000,0,0,0,15000,0,15000,15000
044966,台表科中信94購01,0,0,0,0,0,0,0,0,0,15000,0,0,0,20000,5000,15000,15000
044909,玉晶光凱基93購02,0,0,0,0,0,0,0,0,0,15000,0,0,0,28000,13000,15000,15000
04396P,玉晶光群益94售02,0,0,0,0,0,0,0,0,0,15000,0,0,0,15000,0,15000,15000
044426,欣興國泰93購02  ,0,0,0,0,0,0,0,0,0,15000,0,0,0,21000,6000,15000,15000
046599,S&P反1群益93購01,0,0,0,0,0,0,0,0,0,15000,0,0,0,15000,0,15000,15000
048433,聯詠國票94購01  ,0,0,0,0,0,0,0,0,0,15000,0,0,0,15000,0,15000,15000
047047,旺宏國票95購01  ,0,0,0,0,0,0,0,0,0,15000,0,0,0,55000,40000,15000,15000
04770P,鴻海元大94售09  ,0,0,0,0,0,0,0,0,0,15000,0,0,0,15000,0,15000,15000
048052,力成中信93購01  ,0,0,0,0,0,0,0,0,0,15000,0,0,0,15000,0,15000,15000
048633,台達電元大94購02,0,0,0,0,0,0,0,0,0,15000,0,0,0,15000,0,15000,15000
048933,晶豪科永豐94購01,0,0,0,0,0,0,0,0,0,15000,0,0,0,15000,0,15000,15000
052224,楠梓電凱基97購01,0,0,0,0,0,0,0,0,0,15000,0,0,0,15000,0,15000,15000
051182,旺宏永豐95購01  ,0,0,0,0,0,0,0,0,0,15000,0,0,0,20000,5000,15000,15000
051168,訊連元大95購02  ,0,0,0,0,0,0,0,0,0,15000,0,0,0,230000,215000,15000,15000
051195,台郡中信95購01  ,0,0,0,0,0,0,0,0,0,15000,0,0,0,15000,0,15000,15000
051006,中磊中信95購01  ,0,0,0,0,0,0,0,0,0,15000,0,0,0,15000,0,15000,15000
050365,中石化元大94購02,0,0,0,0,0,0,0,0,0,15000,0,0,0,15000,0,15000,15000
052663,奇鋐國票97購01  ,0,0,0,0,0,0,0,0,0,15000,0,0,0,130000,115000,15000,15000
052684,旺宏元大98購01  ,0,0,0,0,0,0,0,0,0,15000,0,0,0,113000,98000,15000,15000
049584,台積電元大96購04,0,0,0,0,0,0,0,0,0,15000,0,0,0,494000,479000,15000,15000
052156,滬深2X永豐95購03,0,0,0,0,0,0,0,0,0,15000,0,0,0,35000,20000,15000,15000
050608,台達電元大94購12,0,0,0,0,0,0,0,0,0,15000,0,0,0,15000,0,15000,15000
049338,台達電統一94購04,0,0,0,0,0,0,0,0,0,15000,0,0,0,65000,50000,15000,15000
050915,健策中信98購01  ,0,0,0,0,0,0,0,0,0,15000,0,0,0,25000,10000,15000,15000
050228,中磊中信96購01  ,0,0,0,0,0,0,0,0,0,15000,0,0,0,15000,0,15000,15000
053479,達興元大96購01  ,0,0,0,0,0,0,0,0,0,15000,0,0,0,15000,0,15000,15000
053584,友達元大9B購02  ,0,0,0,0,0,0,0,0,0,15000,0,0,0,17000,2000,15000,15000
05356P,臺股指元富95售10,0,0,0,0,0,0,0,0,0,15000,0,0,0,85000,70000,15000,15000
05351P,臺股指元富95售05,0,0,0,0,0,0,0,0,0,15000,0,0,0,15000,0,15000,15000
053635,技嘉永豐96購01  ,0,0,0,0,0,0,0,0,0,15000,0,0,0,64000,49000,15000,15000
054074,健策富邦98購01  ,0,0,0,0,0,0,0,0,0,15000,0,0,0,16000,1000,15000,15000
054165,亞光凱基96購02  ,0,0,0,0,0,0,0,0,0,15000,0,0,0,15000,0,15000,15000
054056,華新科國票96購02,0,0,0,0,0,0,0,0,0,15000,0,0,0,30000,15000,15000,15000
054050,創意元大96購06  ,0,0,0,0,0,0,0,0,0,15000,0,0,0,25000,10000,15000,15000
055433,嘉聯益群益99購01,0,0,0,0,0,0,0,0,0,15000,0,0,0,75000,60000,15000,15000
055294,智易元大98購01  ,0,0,0,0,0,0,0,0,0,15000,0,0,0,50000,35000,15000,15000
055278,旺宏元大98購05  ,0,0,0,0,0,0,0,0,0,15000,0,0,0,290000,275000,15000,15000
054292,欣興元大96購06  ,0,0,0,0,0,0,0,0,0,15000,0,0,0,104000,89000,15000,15000
054254,晶豪科元大96購02,0,0,0,0,0,0,0,0,0,15000,0,0,0,15000,0,15000,15000
05906P,國巨元富96售05  ,0,0,0,0,0,0,0,0,0,15000,0,0,0,15000,0,15000,15000
05798P,臺股指群益96售12,0,0,0,0,0,0,0,0,0,15000,0,0,0,15000,0,15000,15000
05797P,臺股指群益96售11,0,0,0,0,0,0,0,0,0,15000,0,0,0,15000,0,15000,15000
06684P,緯穎元大98售06  ,0,0,0,0,0,0,0,0,0,15000,0,0,0,15000,0,15000,15000
06869P,金融類元大99售01,0,0,0,0,0,0,0,0,0,15000,0,0,0,15000,0,15000,15000
6533,晶心科          ,116000,105000,11000,0,0,0,0,0,0,4000,4000,0,4000,0,0,0,15000
5515,建國            ,20000,1000,19000,0,0,0,0,0,0,-4000,0,4000,-4000,0,0,0,15000
9927,泰銘            ,36000,18000,18000,0,0,0,0,0,0,-3000,0,3000,-3000,0,0,0,15000
057679,臺股指元大98購09,0,0,0,0,0,0,0,0,0,14000,0,0,0,74000,60000,14000,14000
057777,可成群益9A購03  ,0,0,0,0,0,0,0,0,0,14000,0,0,0,77000,63000,14000,14000
057865,富邦金凱基98購01,0,0,0,0,0,0,0,0,0,14000,0,0,0,14000,0,14000,14000
057492,大立光元大98購18,0,0,0,0,0,0,0,0,0,14000,0,0,0,14000,0,14000,14000
057493,聯詠元大98購02  ,0,0,0,0,0,0,0,0,0,14000,0,0,0,62000,48000,14000,14000
057062,立積國泰99購01  ,0,0,0,0,0,0,0,0,0,14000,0,0,0,28000,14000,14000,14000
056533,友達凱基9A購02  ,0,0,0,0,0,0,0,0,0,14000,0,0,0,14000,0,14000,14000
056620,華新科永豐98購02,0,0,0,0,0,0,0,0,0,14000,0,0,0,118000,104000,14000,14000
056271,嘉澤統一97購01  ,0,0,0,0,0,0,0,0,0,14000,0,0,0,42000,28000,14000,14000
056126,台郡國票98購02  ,0,0,0,0,0,0,0,0,0,14000,0,0,0,14000,0,14000,14000
055919,景碩凱基98購02  ,0,0,0,0,0,0,0,0,0,14000,0,0,0,24000,10000,14000,14000
049153,大立光元大96購02,0,0,0,0,0,0,0,0,0,14000,0,0,0,263000,249000,14000,14000
048787,義隆元大94購02  ,0,0,0,0,0,0,0,0,0,14000,0,0,0,209000,195000,14000,14000
04696P,亞德客國泰95售02,0,0,0,0,0,0,0,0,0,14000,0,0,0,111000,97000,14000,14000
04353P,全新永豐94售01  ,0,0,0,0,0,0,0,0,0,14000,0,0,0,24000,10000,14000,14000
04363P,儒鴻元富94售01  ,0,0,0,0,0,0,0,0,0,14000,0,0,0,15000,1000,14000,14000
03777P,華通中信95售01  ,0,0,0,0,0,0,0,0,0,14000,0,0,0,64000,50000,14000,14000
049315,上緯控凱基94購03,0,0,0,0,0,0,0,0,0,14000,0,0,0,14000,0,14000,14000
05173P,臺股指元大95售17,0,0,0,0,0,0,0,0,0,14000,0,0,0,14000,0,14000,14000
052705,超眾國票97購01  ,0,0,0,0,0,0,0,0,0,14000,0,0,0,24000,10000,14000,14000
049408,旺宏日盛94購01  ,0,0,0,0,0,0,0,0,0,14000,0,0,0,59000,45000,14000,14000
054511,香港反元大98購01,0,0,0,0,0,0,0,0,0,14000,0,0,0,15000,1000,14000,14000
054749,聯茂凱基98購01  ,0,0,0,0,0,0,0,0,0,14000,0,0,0,16000,2000,14000,14000
054801,康友群益97購02  ,0,0,0,0,0,0,0,0,0,14000,0,0,0,50000,36000,14000,14000
054822,祥碩元大97購01  ,0,0,0,0,0,0,0,0,0,14000,0,0,0,24000,10000,14000,14000
054922,文曄凱基98購01  ,0,0,0,0,0,0,0,0,0,14000,0,0,0,49000,35000,14000,14000
054903,億光康和97購02  ,0,0,0,0,0,0,0,0,0,14000,0,0,0,94000,80000,14000,14000
053524,聯電中信97購02  ,0,0,0,0,0,0,0,0,0,14000,0,0,0,14000,0,14000,14000
6172,互億            ,26000,12000,14000,0,0,0,0,0,0,0,3000,3000,0,0,0,0,14000
6142,友勁            ,0,12000,-12000,0,0,0,0,0,0,26000,26000,0,26000,0,0,0,14000
8454,富邦媒          ,45000,32000,13000,0,0,0,0,0,0,1000,9000,8000,1000,0,0,0,14000
1537,廣隆            ,24000,35000,-11000,0,0,0,27000,0,27000,-2000,0,2000,-2000,0,0,0,14000
1906,寶隆            ,182000,167000,15000,0,0,0,0,0,0,-1000,2000,3000,-1000,0,0,0,14000
06867P,訊芯元大98售08  ,0,0,0,0,0,0,0,0,0,14000,0,0,0,38000,24000,14000,14000
06680P,智邦元大98售06  ,0,0,0,0,0,0,0,0,0,14000,0,0,0,111000,97000,14000,14000
06388P,鴻海兆豐97售04  ,0,0,0,0,0,0,0,0,0,14000,0,0,0,40000,26000,14000,14000
05915P,聯發科元大96售19,0,0,0,0,0,0,0,0,0,14000,0,0,0,18000,4000,14000,14000
05886P,華通元富96售01  ,0,0,0,0,0,0,0,0,0,14000,0,0,0,314000,300000,14000,14000
05975P,國巨日盛99售02  ,0,0,0,0,0,0,0,0,0,14000,0,0,0,99000,85000,14000,14000
06258P,臺股指群益97售11,0,0,0,0,0,0,0,0,0,14000,0,0,0,14000,0,14000,14000
055904,貿聯亞東99購01  ,0,0,0,0,0,0,0,0,0,13000,0,0,0,13000,0,13000,13000
055775,友達凱基9A購01  ,0,0,0,0,0,0,0,0,0,13000,0,0,0,15000,2000,13000,13000
055620,樺漢國票98購01  ,0,0,0,0,0,0,0,0,0,13000,0,0,0,24000,11000,13000,13000
056194,聯發科富邦9B購01,0,0,0,0,0,0,0,0,0,13000,0,0,0,65000,52000,13000,13000
056633,鴻海永昌98購02  ,0,0,0,0,0,0,0,0,0,13000,0,0,0,335000,322000,13000,13000
056643,奇力新凱基99購01,0,0,0,0,0,0,0,0,0,13000,0,0,0,20000,7000,13000,13000
056483,TPK元大98購01   ,0,0,0,0,0,0,0,0,0,13000,0,0,0,23000,10000,13000,13000
057115,元油2X日盛9A購01,0,0,0,0,0,0,0,0,0,13000,0,0,0,13000,0,13000,13000
056869,國巨日盛99購03  ,0,0,0,0,0,0,0,0,0,13000,0,0,0,33000,20000,13000,13000
04518P,高鐵群益95售01  ,0,0,0,0,0,0,0,0,0,13000,0,0,0,18000,5000,13000,13000
04536P,長榮航統一94售01,0,0,0,0,0,0,0,0,0,13000,0,0,0,13000,0,13000,13000
04265P,滬深2X元富93售04,0,0,0,0,0,0,0,0,0,13000,0,0,0,367000,354000,13000,13000
04311P,奇力新統一95售01,0,0,0,0,0,0,0,0,0,13000,0,0,0,23000,10000,13000,13000
049019,美律群益94購02  ,0,0,0,0,0,0,0,0,0,13000,0,0,0,13000,0,13000,13000
048283,亞德客中信94購01,0,0,0,0,0,0,0,0,0,13000,0,0,0,13000,0,13000,13000
04898P,瑞儀中信95售01  ,0,0,0,0,0,0,0,0,0,13000,0,0,0,28000,15000,13000,13000
048811,鴻海日盛94購01  ,0,0,0,0,0,0,0,0,0,13000,0,0,0,13000,0,13000,13000
049436,義隆國泰96購02  ,0,0,0,0,0,0,0,0,0,13000,0,0,0,17000,4000,13000,13000
050271,上緯控元大96購01,0,0,0,0,0,0,0,0,0,13000,0,0,0,33000,20000,13000,13000
049469,元金2X永豐94購01,0,0,0,0,0,0,0,0,0,13000,0,0,0,13000,0,13000,13000
051315,同欣電麥證95購01,0,0,0,50000,37000,13000,0,0,0,13000,0,0,0,50000,37000,13000,13000
050325,台積電永豐94購05,0,0,0,0,0,0,0,0,0,13000,0,0,0,68000,55000,13000,13000
050348,鴻海群益94購06  ,0,0,0,0,0,0,0,0,0,13000,0,0,0,69000,56000,13000,13000
051050,鴻海群益95購03  ,0,0,0,0,0,0,0,0,0,13000,0,0,0,33000,20000,13000,13000
051095,貿聯元大95購03  ,0,0,0,0,0,0,0,0,0,13000,0,0,0,39000,26000,13000,13000
052586,晶豪科永豐96購01,0,0,0,0,0,0,0,0,0,13000,0,0,0,25000,12000,13000,13000
049973,T50反1日盛9A購01,0,0,0,0,0,0,0,0,0,13000,0,0,0,73000,60000,13000,13000
050005,京鼎永豐94購01  ,0,0,0,0,0,0,0,0,0,13000,0,0,0,43000,30000,13000,13000
050592,矽格永豐94購02  ,0,0,0,0,0,0,0,0,0,13000,0,0,0,13000,0,13000,13000
050537,鴻海凱基95購05  ,0,0,0,0,0,0,0,0,0,13000,0,0,0,120000,107000,13000,13000
053774,台達電元大96購04,0,0,0,0,0,0,0,0,0,13000,0,0,0,13000,0,13000,13000
054065,樺漢國票97購01  ,0,0,0,0,0,0,0,0,0,13000,0,0,0,41000,28000,13000,13000
05340P,臺股指國票95售08,0,0,0,0,0,0,0,0,0,13000,0,0,0,43000,30000,13000,13000
053159,同欣電元大96購02,0,0,0,0,0,0,0,0,0,13000,0,0,0,74000,61000,13000,13000
053174,同欣電群益98購02,0,0,0,0,0,0,0,0,0,13000,0,0,0,41000,28000,13000,13000
053003,國巨永豐96購02  ,0,0,0,0,0,0,0,0,0,13000,0,0,0,13000,0,13000,13000
053067,牧德群益96購01  ,0,0,0,0,0,0,0,0,0,13000,0,0,0,52000,39000,13000,13000
053100,美律元富96購01  ,0,0,0,0,0,0,0,0,0,13000,0,0,0,23000,10000,13000,13000
055053,瑞昱永豐97購01  ,0,0,0,0,0,0,0,0,0,13000,0,0,0,26000,13000,13000,13000
055196,致新元富97購01  ,0,0,0,0,0,0,0,0,0,13000,0,0,0,40000,27000,13000,13000
055119,力成凱基98購01  ,0,0,0,0,0,0,0,0,0,13000,0,0,0,23000,10000,13000,13000
055377,揚明光元大98購01,0,0,0,0,0,0,0,0,0,13000,0,0,0,14000,1000,13000,13000
054459,鈺齊群益96購01  ,0,0,0,0,0,0,0,0,0,13000,0,0,0,13000,0,13000,13000
054293,健策元大98購02  ,0,0,0,0,0,0,0,0,0,13000,0,0,0,75000,62000,13000,13000
06377P,華通統一97售04  ,0,0,0,0,0,0,0,0,0,13000,0,0,0,85000,72000,13000,13000
2838A,聯邦銀甲特      ,0,0,0,0,0,0,0,0,0,13000,13000,0,13000,0,0,0,13000
8482,商億-KY         ,113000,100000,13000,0,0,0,0,0,0,0,0,0,0,0,0,0,13000
05721P,全新群益98售02  ,0,0,0,0,0,0,0,0,0,12000,0,0,0,23000,11000,12000,12000
057414,華新科日盛9A購01,0,0,0,0,0,0,0,0,0,12000,0,0,0,102000,90000,12000,12000
05780P,台積電統一96售07,0,0,0,0,0,0,0,0,0,12000,0,0,0,25000,13000,12000,12000
057690,美律凱基99購03  ,0,0,0,0,0,0,0,0,0,12000,0,0,0,80000,68000,12000,12000
057641,旺宏元大98購10  ,0,0,0,0,0,0,0,0,0,12000,0,0,0,110000,98000,12000,12000
057658,玉晶光兆豐99購02,0,0,0,0,0,0,0,0,0,12000,0,0,0,130000,118000,12000,12000
057667,可成元大99購01  ,0,0,0,0,0,0,0,0,0,12000,0,0,0,15000,3000,12000,12000
056460,同欣電凱基99購01,0,0,0,0,0,0,0,0,0,12000,0,0,0,22000,10000,12000,12000
055537,康友群益97購03  ,0,0,0,0,0,0,0,0,0,12000,0,0,0,16000,4000,12000,12000
055565,祥碩凱基97購01  ,0,0,0,0,0,0,0,0,0,12000,0,0,0,18000,6000,12000,12000
055804,祥碩永豐97購02  ,0,0,0,0,0,0,0,0,0,12000,0,0,0,20000,8000,12000,12000
055861,矽力元大97購03  ,0,0,0,0,0,0,0,0,0,12000,0,0,0,36000,24000,12000,12000
055940,致新群益98購01  ,0,0,0,0,0,0,0,0,0,12000,0,0,0,43000,31000,12000,12000
056003,智伸科永豐97購02,0,0,0,0,0,0,0,0,0,12000,0,0,0,12000,0,12000,12000
048859,玉晶光群益96購02,0,0,0,0,0,0,0,0,0,12000,0,0,0,12000,0,12000,12000
051596,超眾元大95購05  ,0,0,0,0,0,0,0,0,0,12000,0,0,0,35000,23000,12000,12000
047572,深中小群益95購01,0,0,0,0,0,0,0,0,0,12000,0,0,0,132000,120000,12000,12000
047837,嘉晶元大93購01  ,0,0,0,0,0,0,0,0,0,12000,0,0,0,12000,0,12000,12000
04639P,臺股指群益94售14,0,0,0,0,0,0,0,0,0,12000,5000,0,5000,7000,0,7000,12000
049014,台達電群益94購02,0,0,0,0,0,0,0,0,0,12000,0,0,0,12000,0,12000,12000
044016,義隆凱基93購01  ,0,0,0,0,0,0,0,0,0,12000,0,0,0,50000,38000,12000,12000
044221,群創凱基93購03  ,0,0,0,0,0,0,0,0,0,12000,0,0,0,22000,10000,12000,12000
045436,友達統一93購02  ,0,0,0,0,0,0,0,0,0,12000,0,0,0,12000,0,12000,12000
04067P,聯發科凱基93售24,0,0,0,0,0,0,0,0,0,12000,0,0,0,12000,0,12000,12000
050543,聯發科凱基95購01,0,0,0,0,0,0,0,0,0,12000,0,0,0,96000,84000,12000,12000
050360,T50反1元大94購06,0,0,0,0,0,0,0,0,0,12000,0,0,0,12000,0,12000,12000
049534,華擎永豐94購02  ,0,0,0,0,0,0,0,0,0,12000,0,0,0,12000,0,12000,12000
051284,上銀統一95購02  ,0,0,0,0,0,0,0,0,0,12000,0,0,0,28000,16000,12000,12000
051572,上銀元大95購01  ,0,0,0,0,0,0,0,0,0,12000,0,0,0,59000,47000,12000,12000
051447,新光金元大97購01,0,0,0,0,0,0,0,0,0,12000,0,0,0,12000,0,12000,12000
052223,聯電凱基96購02  ,0,0,0,0,0,0,0,0,0,12000,0,0,0,17000,5000,12000,12000
055369,友訊元大97購01  ,0,0,0,0,0,0,0,0,0,12000,0,0,0,179000,167000,12000,12000
055422,康控永豐97購01  ,0,0,0,0,0,0,0,0,0,12000,0,0,0,210000,198000,12000,12000
055137,GIS富邦98購01   ,0,0,0,0,0,0,0,0,0,12000,0,0,0,15000,3000,12000,12000
055095,啟碁群益98購01  ,0,0,0,0,0,0,0,0,0,12000,0,0,0,12000,0,12000,12000
055204,宏達電中信99購01,0,0,0,0,0,0,0,0,0,12000,0,0,0,12000,0,12000,12000
055178,晶豪科統一97購01,0,0,0,0,0,0,0,0,0,12000,0,0,0,60000,48000,12000,12000
055175,建準統一97購01  ,0,0,0,0,0,0,0,0,0,12000,0,0,0,12000,0,12000,12000
052909,上銀統一96購01  ,0,0,0,0,0,0,0,0,0,12000,0,0,0,40000,28000,12000,12000
054210,台光電國票97購03,0,0,0,0,0,0,0,0,0,12000,0,0,0,22000,10000,12000,12000
053893,京鼎群益97購02  ,0,0,0,0,0,0,0,0,0,12000,0,0,0,18000,6000,12000,12000
06584P,欣興凱基98售03  ,0,0,0,0,0,0,0,0,0,12000,0,0,0,33000,21000,12000,12000
06728P,全新元大98售03  ,0,0,0,0,0,0,0,0,0,12000,0,0,0,16000,4000,12000,12000
06785P,臺股指元大98售02,0,0,0,0,0,0,0,0,0,12000,0,0,0,12000,0,12000,12000
057959,欣興元大98購14  ,0,0,0,0,0,0,0,0,0,12000,0,0,0,25000,13000,12000,12000
056020,義隆群益97購01  ,0,0,0,0,0,0,0,0,0,11000,0,0,0,11000,0,11000,11000
055905,可成兆豐97購03  ,0,0,0,0,0,0,0,0,0,11000,0,0,0,41000,30000,11000,11000
055687,瀚宇博凱基97購01,0,0,0,0,0,0,0,0,0,11000,0,0,0,59000,48000,11000,11000
055697,牧德國票98購01  ,0,0,0,0,0,0,0,0,0,11000,0,0,0,50000,39000,11000,11000
056431,鴻海凱基98購07  ,0,0,0,0,0,0,0,0,0,11000,0,0,0,179000,168000,11000,11000
056381,台虹元富98購01  ,0,0,0,0,0,0,0,0,0,11000,0,0,0,231000,220000,11000,11000
057720,日電貿元富98購01,0,0,0,0,0,0,0,0,0,11000,0,0,0,71000,60000,11000,11000
057811,南亞科元大98購08,0,0,0,0,0,0,0,0,0,11000,0,0,0,40000,29000,11000,11000
056980,建準群益98購02  ,0,0,0,0,0,0,0,0,0,11000,0,0,0,14000,3000,11000,11000
056981,全新群益99購03  ,0,0,0,0,0,0,0,0,0,11000,0,0,0,11000,0,11000,11000
056825,深中小富邦9B購01,0,0,0,0,0,0,0,0,0,11000,0,0,0,11000,0,11000,11000
056786,亞光群益98購03  ,0,0,0,0,0,0,0,0,0,11000,0,0,0,11000,0,11000,11000
04006P,滬深2X國票9B售01,0,0,0,0,0,0,0,0,0,11000,0,0,0,11000,0,11000,11000
045161,玉晶光國泰94購03,0,0,0,0,0,0,0,0,0,11000,0,0,0,32000,21000,11000,11000
044509,台光電凱基93購03,0,0,0,0,0,0,0,0,0,11000,0,0,0,12000,1000,11000,11000
045662,華邦電統一94購02,0,0,0,0,0,0,0,0,0,11000,0,0,0,11000,0,11000,11000
04904P,奇力新永豐94售05,0,0,0,0,0,0,0,0,0,11000,0,0,0,11000,0,11000,11000
047296,日月光元富96購01,0,0,0,0,0,0,0,0,0,11000,0,0,0,11000,0,11000,11000
046949,群創元大99購01  ,0,0,0,0,0,0,0,0,0,11000,0,0,0,42000,31000,11000,11000
048412,台勝科亞東93購01,0,0,0,0,0,0,0,0,0,11000,0,0,0,11000,0,11000,11000
047026,大毅元大93購02  ,0,0,0,0,0,0,0,0,0,11000,0,0,0,11000,0,11000,11000
047636,台達電元大93購03,0,0,0,0,0,0,0,0,0,11000,0,0,0,11000,0,11000,11000
048769,聯鈞凱基94購01  ,0,0,0,0,0,0,0,0,0,11000,0,0,0,11000,0,11000,11000
049397,台達電群益94購03,0,0,0,0,0,0,0,0,0,11000,0,0,0,11000,0,11000,11000
051322,國泰金國票96購01,0,0,0,0,0,0,0,0,0,11000,0,0,0,100000,89000,11000,11000
051420,康控國票95購05  ,0,0,0,0,0,0,0,0,0,11000,0,0,0,11000,0,11000,11000
052390,聯詠群益95購03  ,0,0,0,0,0,0,0,0,0,11000,0,0,0,11000,0,11000,11000
050535,台表科群益94購02,0,0,0,0,0,0,0,0,0,11000,0,0,0,12000,1000,11000,11000
052178,台郡元大96購03  ,0,0,0,0,0,0,0,0,0,11000,0,0,0,11000,0,11000,11000
052133,華邦電凱基9B購01,0,0,0,0,0,0,0,0,0,11000,0,0,0,15000,4000,11000,11000
049625,智易群益95購01  ,0,0,0,0,0,0,0,0,0,11000,0,0,0,11000,0,11000,11000
053809,上銀群益96購02  ,0,0,0,0,0,0,0,0,0,11000,0,0,0,45000,34000,11000,11000
053867,創意元大96購04  ,0,0,0,0,0,0,0,0,0,11000,0,0,0,52000,41000,11000,11000
053519,力成群益96購02  ,0,0,0,0,0,0,0,0,0,11000,0,0,0,22000,11000,11000,11000
053619,和碩群益96購01  ,0,0,0,0,0,0,0,0,0,11000,0,0,0,11000,0,11000,11000
052898,樺漢群益96購01  ,0,0,0,0,0,0,0,0,0,11000,0,0,0,11000,0,11000,11000
052965,廣宇群益97購01  ,0,0,0,0,0,0,0,0,0,11000,0,0,0,11000,0,11000,11000
052966,光磊群益96購01  ,0,0,0,0,0,0,0,0,0,11000,0,0,0,70000,59000,11000,11000
052974,瀚宇博群益96購01,0,0,0,0,0,0,0,0,0,11000,0,0,0,11000,0,11000,11000
053066,欣興群益96購02  ,0,0,0,0,0,0,0,0,0,11000,0,0,0,17000,6000,11000,11000
055091,微星群益97購01  ,0,0,0,0,0,0,0,0,0,11000,0,0,0,11000,0,11000,11000
055092,開發金群益9B購01,0,0,0,0,0,0,0,0,0,11000,0,0,0,11000,0,11000,11000
05508P,華通統一97售01  ,0,0,0,0,0,0,0,0,0,11000,0,0,0,41000,30000,11000,11000
055032,億光富邦99購01  ,0,0,0,0,0,0,0,0,0,11000,0,0,0,51000,40000,11000,11000
054951,大毅元大97購01  ,0,0,0,0,0,0,0,0,0,11000,0,0,0,41000,30000,11000,11000
055373,聯詠元大97購03  ,0,0,0,0,0,0,0,0,0,11000,0,0,0,22000,11000,11000,11000
054827,宏全元大9A購01  ,0,0,0,0,0,0,0,0,0,11000,0,0,0,11000,0,11000,11000
054800,訊芯群益99購01  ,0,0,0,0,0,0,0,0,0,11000,0,0,0,11000,0,11000,11000
05473P,聯詠統一97售02  ,0,0,0,0,0,0,0,0,0,11000,0,0,0,11000,0,11000,11000
054696,嘉聯益永豐97購01,0,0,0,0,0,0,0,0,0,11000,0,0,0,11000,0,11000,11000
058024,台積電國泰9A購01,0,0,0,0,0,0,0,0,0,11000,0,0,0,11000,0,11000,11000
05874P,台積電群益96售10,0,0,0,0,0,0,0,0,0,11000,0,0,0,41000,30000,11000,11000
06267P,大立光凱基97售12,0,0,0,0,0,0,0,0,0,11000,0,0,0,16000,5000,11000,11000
1737,臺鹽            ,35000,24000,11000,0,0,0,0,0,0,0,0,0,0,0,0,0,11000
056831,元油2X元富98購11,0,0,0,0,0,0,0,0,0,10000,0,0,0,10000,0,10000,10000
056818,正崴永豐98購01  ,0,0,0,0,0,0,0,0,0,10000,0,0,0,10000,0,10000,10000
056686,可成統一98購01  ,0,0,0,0,0,0,0,0,0,10000,0,0,0,58000,48000,10000,10000
056904,大立光元大99購05,0,0,0,0,0,0,0,0,0,10000,0,0,0,15000,5000,10000,10000
056850,彩晶元富99購01  ,0,0,0,0,0,0,0,0,0,10000,0,0,0,10000,0,10000,10000
057256,元油2X兆豐98購01,0,0,0,0,0,0,0,0,0,10000,0,0,0,10000,0,10000,10000
057278,可成元大98購06  ,0,0,0,0,0,0,0,0,0,10000,0,0,0,160000,150000,10000,10000
057118,欣興日盛9A購01  ,0,0,0,0,0,0,0,0,0,10000,0,0,0,10000,0,10000,10000
057119,微星康和98購01  ,0,0,0,0,0,0,0,0,0,10000,0,0,0,146000,136000,10000,10000
05713P,大立光統一96售05,0,0,0,0,0,0,0,0,0,10000,0,0,0,20000,10000,10000,10000
057032,A50反1元大9B購01,0,0,0,0,0,0,0,0,0,10000,0,0,0,10000,0,10000,10000
057018,亞德客凱基98購01,0,0,0,0,0,0,0,0,0,10000,0,0,0,10000,0,10000,10000
057011,日月光中信99購01,0,0,0,0,0,0,0,0,0,10000,0,0,0,10000,0,10000,10000
057752,臺股指國票98購08,0,0,0,0,0,0,0,0,0,10000,0,0,0,10000,0,10000,10000
057756,瑞昱日盛99購01  ,0,0,0,0,0,0,0,0,0,10000,0,0,0,10000,0,10000,10000
057836,南亞科國泰9A購01,0,0,0,0,0,0,0,0,0,10000,0,0,0,10000,0,10000,10000
057837,康控國泰99購02  ,0,0,0,0,0,0,0,0,0,10000,0,0,0,24000,14000,10000,10000
057725,台達電國泰9A購01,0,0,0,0,0,0,0,0,0,10000,0,0,0,10000,0,10000,10000
057637,上銀元大98購07  ,0,0,0,0,0,0,0,0,0,10000,0,0,0,10000,0,10000,10000
057624,新日興國泰99購01,0,0,0,0,0,0,0,0,0,10000,0,0,0,30000,20000,10000,10000
057433,上銀國票98購04  ,0,0,0,0,0,0,0,0,0,10000,0,0,0,10000,0,10000,10000
057427,華通兆豐99購01  ,0,0,0,0,0,0,0,0,0,10000,0,0,0,30000,20000,10000,10000
05739P,臺股指統一97售02,0,0,0,0,0,0,0,0,0,10000,0,0,0,10000,0,10000,10000
057328,京鼎群益99購02  ,0,0,0,0,0,0,0,0,0,10000,0,0,0,10000,0,10000,10000
057312,美律麥證98購01  ,0,0,0,30000,20000,10000,0,0,0,10000,0,0,0,30000,20000,10000,10000
057350,全新統一98購03  ,0,0,0,0,0,0,0,0,0,10000,0,0,0,58000,48000,10000,10000
057482,微星元大98購03  ,0,0,0,0,0,0,0,0,0,10000,0,0,0,10000,0,10000,10000
057450,國泰金元富98購01,0,0,0,0,0,0,0,0,0,10000,0,0,0,20000,10000,10000,10000
057559,可成兆豐99購02  ,0,0,0,0,0,0,0,0,0,10000,0,0,0,10000,0,10000,10000
056440,智邦凱基98購03  ,0,0,0,0,0,0,0,0,0,10000,0,0,0,24000,14000,10000,10000
056487,康友元大98購01  ,0,0,0,0,0,0,0,0,0,10000,0,0,0,11000,1000,10000,10000
05665P,台積電凱基96售08,0,0,0,0,0,0,0,0,0,10000,0,0,0,85000,75000,10000,10000
056540,聯詠凱基98購02  ,0,0,0,0,0,0,0,0,0,10000,0,0,0,10000,0,10000,10000
056556,南電凱基98購01  ,0,0,0,0,0,0,0,0,0,10000,0,0,0,10000,0,10000,10000
056538,國泰金凱基98購01,0,0,0,0,0,0,0,0,0,10000,0,0,0,10000,0,10000,10000
056221,鴻海凱基99購01  ,0,0,0,0,0,0,0,0,0,10000,0,0,0,60000,50000,10000,10000
056241,緯創群益97購01  ,0,0,0,0,0,0,0,0,0,10000,0,0,0,10000,0,10000,10000
05636P,國巨永豐96售03  ,0,0,0,0,0,0,0,0,0,10000,0,0,0,10000,0,10000,10000
055748,GIS元富97購01   ,0,0,0,0,0,0,0,0,0,10000,0,0,0,10000,0,10000,10000
055666,鴻海群益97購05  ,0,0,0,0,0,0,0,0,0,10000,0,0,0,70000,60000,10000,10000
055642,廣宇元富97購01  ,0,0,0,0,0,0,0,0,0,10000,0,0,0,30000,20000,10000,10000
055652,聯詠元富01購01  ,0,0,0,0,0,0,0,0,0,10000,0,0,0,30000,20000,10000,10000
055647,義隆元富97購01  ,0,0,0,0,0,0,0,0,0,10000,0,0,0,10000,0,10000,10000
055542,亞德客凱基97購01,0,0,0,0,0,0,0,0,0,10000,0,0,0,10000,0,10000,10000
055807,勤誠永豐97購01  ,0,0,0,0,0,0,0,0,0,10000,0,0,0,10000,0,10000,10000
055771,台積電日盛97購04,0,0,0,0,0,0,0,0,0,10000,0,0,0,200000,190000,10000,10000
056023,晶豪科群益97購01,0,0,0,0,0,0,0,0,0,10000,0,0,0,10000,0,10000,10000
056030,華通日盛97購01  ,0,0,0,0,0,0,0,0,0,10000,0,0,0,10000,0,10000,10000
056035,鴻海凱基97購06  ,0,0,0,0,0,0,0,0,0,10000,0,0,0,94000,84000,10000,10000
056001,美食永豐97購01  ,0,0,0,0,0,0,0,0,0,10000,0,0,0,10000,0,10000,10000
055944,日月光麥證97購01,0,0,0,20000,10000,10000,0,0,0,10000,0,0,0,20000,10000,10000,10000
055962,晶豪科元大97購02,0,0,0,0,0,0,0,0,0,10000,0,0,0,10000,0,10000,10000
055963,欣興元大97購04  ,0,0,0,0,0,0,0,0,0,10000,0,0,0,16000,6000,10000,10000
048684,上海銀富邦93購02,0,0,0,0,0,0,0,0,0,10000,0,0,0,10000,0,10000,10000
048717,鴻海永豐94購02  ,0,0,0,0,0,0,0,0,0,10000,0,0,0,11000,1000,10000,10000
048804,和碩富邦94購01  ,0,0,0,0,0,0,0,0,0,10000,0,0,0,10000,0,10000,10000
048824,聯發科凱基94購03,0,0,0,0,0,0,0,0,0,10000,0,0,0,10000,0,10000,10000
048910,和鑫富邦98購01  ,0,0,0,0,0,0,0,0,0,10000,0,0,0,20000,10000,10000,10000
048630,南亞元大93購01  ,0,0,0,0,0,0,0,0,0,10000,0,0,0,10000,0,10000,10000
048612,嘉晶凱基93購05  ,0,0,0,0,0,0,0,0,0,10000,0,0,0,10000,0,10000,10000
048227,亞光凱基93購05  ,0,0,0,0,0,0,0,0,0,10000,0,0,0,10000,0,10000,10000
048159,聯詠兆豐93購03  ,0,0,0,0,0,0,0,0,0,10000,0,0,0,10000,0,10000,10000
048019,GIS麥證94購01   ,0,0,0,10000,0,10000,0,0,0,10000,0,0,0,10000,0,10000,10000
048051,大立光中信94購03,0,0,0,0,0,0,0,0,0,10000,0,0,0,10000,0,10000,10000
048139,南電國票94購02  ,0,0,0,0,0,0,0,0,0,10000,0,0,0,10000,0,10000,10000
048107,華通群益93購02  ,0,0,0,0,0,0,0,0,0,10000,0,0,0,10000,0,10000,10000
048088,台積電凱基93購23,0,0,0,0,0,0,0,0,0,10000,0,0,0,10000,0,10000,10000
048084,華通凱基93購05  ,0,0,0,0,0,0,0,0,0,10000,0,0,0,10000,0,10000,10000
048097,聯詠凱基93購07  ,0,0,0,0,0,0,0,0,0,10000,0,0,0,30000,20000,10000,10000
051538,和碩國票96購01  ,0,0,0,0,0,0,0,0,0,10000,0,0,0,20000,10000,10000,10000
051518,富邦金凱基95購01,0,0,0,0,0,0,0,0,0,10000,0,0,0,10000,0,10000,10000
051611,鈺齊群益95購02  ,0,0,0,0,0,0,0,0,0,10000,0,0,0,10000,0,10000,10000
051629,上証2X國票95購04,0,0,0,0,0,0,0,0,0,10000,0,0,0,10000,0,10000,10000
051472,台積電凱基95購09,0,0,0,0,0,0,0,0,0,10000,0,0,0,10000,0,10000,10000
050841,國巨國票96購02  ,0,0,0,0,0,0,0,0,0,10000,0,0,0,10000,0,10000,10000
049155,同欣電元大94購01,0,0,0,0,0,0,0,0,0,10000,0,0,0,11000,1000,10000,10000
049171,台達電凱基94購03,0,0,0,0,0,0,0,0,0,10000,0,0,0,10000,0,10000,10000
049174,台積電凱基94購11,0,0,0,0,0,0,0,0,0,10000,0,0,0,10000,0,10000,10000
050072,京鼎凱基94購02  ,0,0,0,0,0,0,0,0,0,10000,0,0,0,10000,0,10000,10000
049229,台化富邦94購01  ,0,0,0,0,0,0,0,0,0,10000,0,0,0,30000,20000,10000,10000
050044,聯詠兆豐94購02  ,0,0,0,0,0,0,0,0,0,10000,0,0,0,10000,0,10000,10000
048524,GIS元富94購01   ,0,0,0,0,0,0,0,0,0,10000,0,0,0,10000,0,10000,10000
048525,華通國票94購02  ,0,0,0,0,0,0,0,0,0,10000,0,0,0,10000,0,10000,10000
046981,智伸科兆豐94購01,0,0,0,0,0,0,0,0,0,10000,0,0,0,10000,0,10000,10000
046965,復盛中信93購01  ,0,0,0,0,0,0,0,0,0,10000,0,0,0,10000,0,10000,10000
047614,台郡群益93購02  ,0,0,0,0,0,0,0,0,0,10000,0,0,0,10000,0,10000,10000
047856,GIS國票94購01   ,0,0,0,0,0,0,0,0,0,10000,0,0,0,10000,0,10000,10000
047782,燿華國泰95購01  ,0,0,0,0,0,0,0,0,0,10000,0,0,0,15000,5000,10000,10000
047788,欣興群益93購05  ,0,0,0,0,0,0,0,0,0,10000,0,0,0,10000,0,10000,10000
047804,鴻海凱基93購26  ,0,0,0,0,0,0,0,0,0,10000,0,0,0,50000,40000,10000,10000
047687,元金2X富邦96購01,0,0,0,0,0,0,0,0,0,10000,0,0,0,10000,0,10000,10000
047700,華新凱基94購01  ,0,0,0,0,0,0,0,0,0,10000,0,0,0,10000,0,10000,10000
047768,大立光元大95購01,0,0,0,0,0,0,0,0,0,10000,0,0,0,10000,0,10000,10000
047714,禾伸堂凱基93購03,0,0,0,0,0,0,0,0,0,10000,0,0,0,10000,0,10000,10000
047986,明泰群益93購01  ,0,0,0,0,0,0,0,0,0,10000,0,0,0,10000,0,10000,10000
047994,亞德客元大93購03,0,0,0,0,0,0,0,0,0,10000,0,0,0,10000,0,10000,10000
047964,元油反中信95購01,0,0,0,0,0,0,0,0,0,10000,0,0,0,10000,0,10000,10000
047911,晶技麥證94購01  ,0,0,0,10000,0,10000,0,0,0,10000,0,0,0,10000,0,10000,10000
047901,復盛群益93購01  ,0,0,0,0,0,0,0,0,0,10000,0,0,0,10000,0,10000,10000
048410,和碩群益93購01  ,0,0,0,0,0,0,0,0,0,10000,0,0,0,10000,0,10000,10000
047404,香港2X統一94購01,0,0,0,0,0,0,0,0,0,10000,0,0,0,10000,0,10000,10000
048376,台達電元富93購01,0,0,0,0,0,0,0,0,0,10000,0,0,0,10000,0,10000,10000
047380,統一元大93購01  ,0,0,0,0,0,0,0,0,0,10000,0,0,0,10000,0,10000,10000
04746P,臺股指元大94售17,0,0,0,0,0,0,0,0,0,10000,0,0,0,10000,0,10000,10000
047519,台達電元大93購02,0,0,0,0,0,0,0,0,0,10000,0,0,0,10000,0,10000,10000
047504,滬深2X國票9A購01,0,0,0,0,0,0,0,0,0,10000,0,0,0,50000,40000,10000,10000
047417,台塑富邦97購01  ,0,0,0,0,0,0,0,0,0,10000,0,0,0,20000,10000,10000,10000
047447,台郡元大94購02  ,0,0,0,0,0,0,0,0,0,10000,0,0,0,10000,0,10000,10000
046942,友達元大99購01  ,0,0,0,0,0,0,0,0,0,10000,0,0,0,167000,157000,10000,10000
046792,京元電元富96購01,0,0,0,0,0,0,0,0,0,10000,0,0,0,10000,0,10000,10000
046479,群創元富94購01  ,0,0,0,0,0,0,0,0,0,10000,0,0,0,20000,10000,10000,10000
04651P,臺股指凱基94售10,0,0,0,0,0,0,0,0,0,10000,0,0,0,10000,0,10000,10000
046391,上海銀統一94購01,0,0,0,0,0,0,0,0,0,10000,0,0,0,10000,0,10000,10000
049086,晶相光凱基94購01,0,0,0,0,0,0,0,0,0,10000,0,0,0,10000,0,10000,10000
049046,同欣電兆豐94購01,0,0,0,0,0,0,0,0,0,10000,0,0,0,20000,10000,10000,10000
049022,聯詠群益94購01  ,0,0,0,0,0,0,0,0,0,10000,0,0,0,10000,0,10000,10000
048991,昇陽半元大94購01,0,0,0,0,0,0,0,0,0,10000,0,0,0,10000,0,10000,10000
049009,南亞科麥證94購01,0,0,0,10000,0,10000,0,0,0,10000,0,0,0,10000,0,10000,10000
048352,嘉澤台新93購01  ,0,0,0,0,0,0,0,0,0,10000,0,0,0,10000,0,10000,10000
048293,聯詠群益93購04  ,0,0,0,0,0,0,0,0,0,10000,0,0,0,10000,0,10000,10000
048239,嘉澤國票93購01  ,0,0,0,0,0,0,0,0,0,10000,0,0,0,10000,0,10000,10000
046148,友達中信94購01  ,0,0,0,0,0,0,0,0,0,10000,0,0,0,30000,20000,10000,10000
046191,新光金凱基98購01,0,0,0,0,0,0,0,0,0,10000,0,0,0,20000,10000,10000,10000
046184,台光電凱基93購08,0,0,0,0,0,0,0,0,0,10000,0,0,0,10000,0,10000,10000
045749,智邦富邦93購01  ,0,0,0,0,0,0,0,0,0,10000,0,0,0,10000,0,10000,10000
045906,鴻海中信94購01  ,0,0,0,0,0,0,0,0,0,10000,0,0,0,20000,10000,10000,10000
046020,滬深2X元大95購02,0,0,0,0,0,0,0,0,0,10000,0,0,0,10000,0,10000,10000
047235,嘉澤凱基93購01  ,0,0,0,0,0,0,0,0,0,10000,0,0,0,10000,0,10000,10000
047162,華通台新93購02  ,0,0,0,0,0,0,0,0,0,10000,0,0,0,10000,0,10000,10000
047138,智伸科凱基93購04,0,0,0,0,0,0,0,0,0,10000,0,0,0,10000,0,10000,10000
046264,美律凱基93購05  ,0,0,0,0,0,0,0,0,0,10000,0,0,0,10000,0,10000,10000
045679,欣興元大94購01  ,0,0,0,0,0,0,0,0,0,10000,0,0,0,15000,5000,10000,10000
045643,臻鼎凱基93購01  ,0,0,0,0,0,0,0,0,0,10000,0,0,0,10000,0,10000,10000
04504P,台積電元富94售04,0,0,0,0,0,0,0,0,0,10000,0,0,0,10000,0,10000,10000
042502,上銀凱基93購01  ,0,0,0,0,0,0,0,0,0,10000,0,0,0,20000,10000,10000,10000
042516,健策凱基93購01  ,0,0,0,0,0,0,0,0,0,10000,0,0,0,10000,0,10000,10000
04465P,大立光元富94售03,0,0,0,0,0,0,0,0,0,10000,0,0,0,10000,0,10000,10000
044411,A50正2統一93購01,0,0,0,0,0,0,0,0,0,10000,0,0,0,10000,0,10000,10000
044567,華通凱基93購03  ,0,0,0,0,0,0,0,0,0,10000,0,0,0,10000,0,10000,10000
045150,聯發科凱基93購03,0,0,0,0,0,0,0,0,0,10000,0,0,0,20000,10000,10000,10000
045361,鈺齊凱基93購01  ,0,0,0,0,0,0,0,0,0,10000,0,0,0,10000,0,10000,10000
045470,康控元大94購03  ,0,0,0,0,0,0,0,0,0,10000,0,0,0,10000,0,10000,10000
045369,康控兆豐93購01  ,0,0,0,0,0,0,0,0,0,10000,0,0,0,10000,0,10000,10000
04379P,大立光元大94售06,0,0,0,0,0,0,0,0,0,10000,0,0,0,10000,0,10000,10000
03808P,旺宏國泰94售02  ,0,0,0,0,0,0,0,0,0,10000,0,0,0,10000,0,10000,10000
03810P,大立光富邦98售01,0,0,0,0,0,0,0,0,0,10000,0,0,0,10000,0,10000,10000
03932P,欣興統一93售01  ,0,0,0,0,0,0,0,0,0,10000,0,0,0,10000,0,10000,10000
03875P,滬深2X國票05售01,0,0,0,0,0,0,0,0,0,10000,0,0,0,10000,0,10000,10000
03885P,華新科統一96售01,0,0,0,0,0,0,0,0,0,10000,0,0,0,20000,10000,10000,10000
04104P,臺股指國票93售11,0,0,0,0,0,0,0,0,0,10000,0,0,0,10000,0,10000,10000
04021P,寶滬深元富93售01,0,0,0,0,0,0,0,0,0,10000,0,0,0,10000,0,10000,10000
04059P,臺股指群益93售13,0,0,0,0,0,0,0,0,0,10000,0,0,0,10000,0,10000,10000
03266P,寶成國票04售01  ,0,0,0,0,0,0,0,0,0,10000,0,0,0,10000,0,10000,10000
03020X,元展20          ,0,0,0,0,0,0,0,0,0,10000,0,0,0,10000,0,10000,10000
03038P,玉晶光國票02售03,0,0,0,0,0,0,0,0,0,10000,0,0,0,10000,0,10000,10000
049618,美律群益94購03  ,0,0,0,0,0,0,0,0,0,10000,0,0,0,10000,0,10000,10000
049613,華通中信94購01  ,0,0,0,0,0,0,0,0,0,10000,0,0,0,20000,10000,10000,10000
049690,義隆元大95購02  ,0,0,0,0,0,0,0,0,0,10000,0,0,0,30000,20000,10000,10000
049616,卜蜂群益94購01  ,0,0,0,0,0,0,0,0,0,10000,0,0,0,10000,0,10000,10000
049771,GIS元富94購02   ,0,0,0,0,0,0,0,0,0,10000,0,0,0,10000,0,10000,10000
049717,微星凱基94購01  ,0,0,0,0,0,0,0,0,0,10000,0,0,0,10000,0,10000,10000
049262,大立光元大94購09,0,0,0,0,0,0,0,0,0,10000,0,0,0,10000,0,10000,10000
052080,康友元富98購02  ,0,0,0,0,0,0,0,0,0,10000,0,0,0,10000,0,10000,10000
052103,台積電兆豐95購06,0,0,0,0,0,0,0,0,0,10000,0,0,0,655000,645000,10000,10000
051821,京元電元富95購04,0,0,0,0,0,0,0,0,0,10000,0,0,0,10000,0,10000,10000
051663,鴻海元大95購18  ,0,0,0,0,0,0,0,0,0,10000,0,0,0,10000,0,10000,10000
051887,上証2X元富98購01,0,0,0,0,0,0,0,0,0,10000,0,0,0,10000,0,10000,10000
051875,聯發科兆豐95購04,0,0,0,0,0,0,0,0,0,10000,0,0,0,10000,0,10000,10000
052022,南電永豐95購03  ,0,0,0,0,0,0,0,0,0,10000,0,0,0,10000,0,10000,10000
052179,康友元大95購03  ,0,0,0,0,0,0,0,0,0,10000,0,0,0,30000,20000,10000,10000
052166,元油反元大95購01,0,0,0,0,0,0,0,0,0,10000,0,0,0,10000,0,10000,10000
050948,華固群益95購01  ,0,0,0,0,0,0,0,0,0,10000,0,0,0,10000,0,10000,10000
050495,大立光永昌96購01,0,0,0,0,0,0,0,0,0,10000,0,0,0,467000,457000,10000,10000
050497,臺指反凱基96購02,0,0,0,0,0,0,0,0,0,10000,0,0,0,10000,0,10000,10000
052203,T50反1中信99購03,0,0,0,0,0,0,0,0,0,10000,0,0,0,10000,0,10000,10000
05063P,聯電元大96售03  ,0,0,0,0,0,0,0,0,0,10000,0,0,0,10000,0,10000,10000
05067P,欣興兆豐96售02  ,0,0,0,0,0,0,0,0,0,10000,0,0,0,14000,4000,10000,10000
050720,上証2X國票94購02,0,0,0,0,0,0,0,0,0,10000,0,0,0,10000,0,10000,10000
050007,貿聯永豐94購01  ,0,0,0,0,0,0,0,0,0,10000,0,0,0,10000,0,10000,10000
051958,貿聯台新95購01  ,0,0,0,0,0,0,0,0,0,10000,0,0,0,10000,0,10000,10000
049972,南電國票95購02  ,0,0,0,0,0,0,0,0,0,10000,0,0,0,20000,10000,10000,10000
049899,台積電元富94購05,0,0,0,0,0,0,0,0,0,10000,0,0,0,22000,12000,10000,10000
050891,喬山元大95購01  ,0,0,0,0,0,0,0,0,0,10000,0,0,0,10000,0,10000,10000
051951,聯發科元富95購02,0,0,0,0,0,0,0,0,0,10000,0,0,0,300000,290000,10000,10000
049328,元上證統一94購01,0,0,0,0,0,0,0,0,0,10000,0,0,0,10000,0,10000,10000
049858,百和群益94購05  ,0,0,0,0,0,0,0,0,0,10000,0,0,0,10000,0,10000,10000
052706,台虹國票97購01  ,0,0,0,0,0,0,0,0,0,10000,0,0,0,170000,160000,10000,10000
052725,為升元富96購01  ,0,0,0,0,0,0,0,0,0,10000,0,0,0,10000,0,10000,10000
052737,滬深2X元大96購06,0,0,0,0,0,0,0,0,0,10000,0,0,0,10000,0,10000,10000
052659,上証2X國票99購01,0,0,0,0,0,0,0,0,0,10000,0,0,0,10000,0,10000,10000
052617,景碩國泰98購01  ,0,0,0,0,0,0,0,0,0,10000,0,0,0,10000,0,10000,10000
052543,聯詠元富95購01  ,0,0,0,0,0,0,0,0,0,10000,0,0,0,10000,0,10000,10000
052515,矽力凱基95購02  ,0,0,0,0,0,0,0,0,0,10000,0,0,0,15000,5000,10000,10000
049544,台積電群益94購08,0,0,0,0,0,0,0,0,0,10000,0,0,0,310000,300000,10000,10000
050371,台積電元大94購25,0,0,0,0,0,0,0,0,0,10000,0,0,0,305000,295000,10000,10000
050385,貿聯國票95購02  ,0,0,0,0,0,0,0,0,0,10000,0,0,0,40000,30000,10000,10000
049497,茂林元大94購04  ,0,0,0,0,0,0,0,0,0,10000,0,0,0,10000,0,10000,10000
052585,友達永豐97購01  ,0,0,0,0,0,0,0,0,0,10000,0,0,0,10000,0,10000,10000
052580,高鐵元富96購01  ,0,0,0,0,0,0,0,0,0,10000,0,0,0,10000,0,10000,10000
052462,上銀統一95購03  ,0,0,0,0,0,0,0,0,0,10000,0,0,0,10000,0,10000,10000
051096,日月光元大95購01,0,0,0,0,0,0,0,0,0,10000,0,0,0,10000,0,10000,10000
051086,鴻海元大96購04  ,0,0,0,0,0,0,0,0,0,10000,0,0,0,50000,40000,10000,10000
051384,康友群益95購01  ,0,0,0,0,0,0,0,0,0,10000,0,0,0,21000,11000,10000,10000
051386,富邦金麥證96購01,0,0,0,10000,0,10000,0,0,0,10000,0,0,0,10000,0,10000,10000
051354,聯發科元大95購09,0,0,0,0,0,0,0,0,0,10000,0,0,0,180000,170000,10000,10000
051350,台積電元大95購14,0,0,0,0,0,0,0,0,0,10000,0,0,0,28000,18000,10000,10000
051321,建準國票96購01  ,0,0,0,0,0,0,0,0,0,10000,0,0,0,10000,0,10000,10000
051319,光磊國票96購02  ,0,0,0,0,0,0,0,0,0,10000,0,0,0,88000,78000,10000,10000
051310,台達電麥證95購01,0,0,0,10000,0,10000,0,0,0,10000,0,0,0,10000,0,10000,10000
051312,國泰金麥證95購01,0,0,0,10000,0,10000,0,0,0,10000,0,0,0,10000,0,10000,10000
051309,卜蜂麥證95購01  ,0,0,0,10000,0,10000,0,0,0,10000,0,0,0,10000,0,10000,10000
051286,國巨統一97購01  ,0,0,0,0,0,0,0,0,0,10000,0,0,0,10000,0,10000,10000
049426,為升兆豐95購01  ,0,0,0,0,0,0,0,0,0,10000,0,0,0,10000,0,10000,10000
051030,康友元富95購01  ,0,0,0,0,0,0,0,0,0,10000,0,0,0,10000,0,10000,10000
051131,玉山金台新95購01,0,0,0,0,0,0,0,0,0,10000,0,0,0,10000,0,10000,10000
052237,嘉澤國票96購02  ,0,0,0,0,0,0,0,0,0,10000,0,0,0,10000,0,10000,10000
052244,廣達康和95購01  ,0,0,0,0,0,0,0,0,0,10000,0,0,0,10000,0,10000,10000
052257,燿華國泰96購01  ,0,0,0,0,0,0,0,0,0,10000,0,0,0,10000,0,10000,10000
051196,喬山麥證95購01  ,0,0,0,10000,0,10000,0,0,0,10000,0,0,0,10000,0,10000,10000
051218,聯發科元富9B購02,0,0,0,0,0,0,0,0,0,10000,0,0,0,10000,0,10000,10000
051207,聯茂麥證95購01  ,0,0,0,10000,0,10000,0,0,0,10000,0,0,0,10000,0,10000,10000
051209,百和麥證95購01  ,0,0,0,10000,0,10000,0,0,0,10000,0,0,0,10000,0,10000,10000
051175,國巨凱基95購04  ,0,0,0,0,0,0,0,0,0,10000,0,0,0,74000,64000,10000,10000
051188,鴻海兆豐95購01  ,0,0,0,0,0,0,0,0,0,10000,0,0,0,10000,0,10000,10000
051009,緯創麥證95購01  ,0,0,0,10000,0,10000,0,0,0,10000,0,0,0,10000,0,10000,10000
051975,美食凱基95購02  ,0,0,0,0,0,0,0,0,0,10000,0,0,0,10000,0,10000,10000
050748,道瓊銀統一94購04,0,0,0,0,0,0,0,0,0,10000,0,0,0,10000,0,10000,10000
054635,台達電中信98購01,0,0,0,0,0,0,0,0,0,10000,0,0,0,10000,0,10000,10000
054560,全新群益98購03  ,0,0,0,0,0,0,0,0,0,10000,0,0,0,10000,0,10000,10000
054734,燿華凱基97購03  ,0,0,0,0,0,0,0,0,0,10000,0,0,0,10000,0,10000,10000
054786,全新群益99購02  ,0,0,0,0,0,0,0,0,0,10000,0,0,0,20000,10000,10000,10000
054828,正崴國泰99購01  ,0,0,0,0,0,0,0,0,0,10000,0,0,0,10000,0,10000,10000
054836,勤誠中信97購01  ,0,0,0,0,0,0,0,0,0,10000,0,0,0,10000,0,10000,10000
054857,信錦群益97購01  ,0,0,0,0,0,0,0,0,0,10000,0,0,0,10000,0,10000,10000
054852,奇鋐國票98購01  ,0,0,0,0,0,0,0,0,0,10000,0,0,0,60000,50000,10000,10000
054885,建準統一98購01  ,0,0,0,0,0,0,0,0,0,10000,0,0,0,10000,0,10000,10000
054240,訊芯群益96購03  ,0,0,0,0,0,0,0,0,0,10000,0,0,0,21000,11000,10000,10000
054252,奇力新元大96購04,0,0,0,0,0,0,0,0,0,10000,0,0,0,10000,0,10000,10000
054453,上海銀亞東96購01,0,0,0,0,0,0,0,0,0,10000,0,0,0,10000,0,10000,10000
054395,華新科永豐96購03,0,0,0,0,0,0,0,0,0,10000,0,0,0,716000,706000,10000,10000
054409,亞光國票97購02  ,0,0,0,0,0,0,0,0,0,10000,0,0,0,10000,0,10000,10000
054504,聯鈞永豐96購01  ,0,0,0,0,0,0,0,0,0,10000,0,0,0,24000,14000,10000,10000
054501,強茂永豐96購02  ,0,0,0,0,0,0,0,0,0,10000,0,0,0,10000,0,10000,10000
054479,緯創中信98購01  ,0,0,0,0,0,0,0,0,0,10000,0,0,0,10000,0,10000,10000
054471,T50反1中信9C購01,0,0,0,0,0,0,0,0,0,10000,0,0,0,10000,0,10000,10000
055376,群創元大01購01  ,0,0,0,0,0,0,0,0,0,10000,0,0,0,65000,55000,10000,10000
055402,正文元富97購02  ,0,0,0,0,0,0,0,0,0,10000,0,0,0,30000,20000,10000,10000
055233,康友國票98購01  ,0,0,0,0,0,0,0,0,0,10000,0,0,0,17000,7000,10000,10000
055235,金寶台新98購01  ,0,0,0,0,0,0,0,0,0,10000,0,0,0,10000,0,10000,10000
055333,晶豪科兆豐97購01,0,0,0,0,0,0,0,0,0,10000,0,0,0,10000,0,10000,10000
054909,福懋科康和97購01,0,0,0,0,0,0,0,0,0,10000,0,0,0,10000,0,10000,10000
055055,精元永豐97購01  ,0,0,0,0,0,0,0,0,0,10000,0,0,0,78000,68000,10000,10000
055056,億光永豐97購01  ,0,0,0,0,0,0,0,0,0,10000,0,0,0,10000,0,10000,10000
055028,佐登國泰98購01  ,0,0,0,0,0,0,0,0,0,10000,0,0,0,40000,30000,10000,10000
054985,光罩元富97購01  ,0,0,0,0,0,0,0,0,0,10000,0,0,0,10000,0,10000,10000
054970,帆宣元大97購01  ,0,0,0,0,0,0,0,0,0,10000,0,0,0,10000,0,10000,10000
055070,聯茂永豐97購01  ,0,0,0,0,0,0,0,0,0,10000,0,0,0,78000,68000,10000,10000
055112,晶豪科凱基98購01,0,0,0,0,0,0,0,0,0,10000,0,0,0,15000,5000,10000,10000
055110,美律凱基98購02  ,0,0,0,0,0,0,0,0,0,10000,0,0,0,10000,0,10000,10000
055216,友達凱基98購05  ,0,0,0,0,0,0,0,0,0,10000,0,0,0,170000,160000,10000,10000
053018,旺宏元富96購02  ,0,0,0,0,0,0,0,0,0,10000,0,0,0,10000,0,10000,10000
053068,智伸科群益96購01,0,0,0,0,0,0,0,0,0,10000,0,0,0,10000,0,10000,10000
053134,南亞科國票97購01,0,0,0,0,0,0,0,0,0,10000,0,0,0,20000,10000,10000,10000
052810,易華電元大96購02,0,0,0,0,0,0,0,0,0,10000,0,0,0,10000,0,10000,10000
052829,上銀群益96購01  ,0,0,0,0,0,0,0,0,0,10000,0,0,0,63000,53000,10000,10000
052897,緯創群益96購03  ,0,0,0,0,0,0,0,0,0,10000,0,0,0,10000,0,10000,10000
052860,旺宏凱基96購03  ,0,0,0,0,0,0,0,0,0,10000,0,0,0,10000,0,10000,10000
053325,GIS群益96購02   ,0,0,0,0,0,0,0,0,0,10000,0,0,0,10000,0,10000,10000
053305,聯詠凱基96購02  ,0,0,0,0,0,0,0,0,0,10000,0,0,0,10000,0,10000,10000
053370,上証2X元大97購03,0,0,0,0,0,0,0,0,0,10000,0,0,0,10000,0,10000,10000
053473,聯發科元大96購15,0,0,0,0,0,0,0,0,0,10000,0,0,0,10000,0,10000,10000
05345P,臺股指統一95售05,0,0,0,0,0,0,0,0,0,10000,0,0,0,10000,0,10000,10000
053661,嘉澤凱基97購01  ,0,0,0,0,0,0,0,0,0,10000,0,0,0,20000,10000,10000,10000
05384P,大立光永豐95售02,0,0,0,0,0,0,0,0,0,10000,0,0,0,10000,0,10000,10000
053784,奇力新元大97購02,0,0,0,0,0,0,0,0,0,10000,0,0,0,23000,13000,10000,10000
053728,茂林凱基97購01  ,0,0,0,0,0,0,0,0,0,10000,0,0,0,10000,0,10000,10000
053904,漢唐凱基97購01  ,0,0,0,0,0,0,0,0,0,10000,0,0,0,11000,1000,10000,10000
05393P,鴻海統一95售14  ,0,0,0,0,0,0,0,0,0,10000,0,0,0,10000,0,10000,10000
053940,康友元富96購01  ,0,0,0,0,0,0,0,0,0,10000,0,0,0,30000,20000,10000,10000
053952,南亞科台新96購01,0,0,0,0,0,0,0,0,0,10000,0,0,0,10000,0,10000,10000
054049,亞光元大96購03  ,0,0,0,0,0,0,0,0,0,10000,0,0,0,11000,1000,10000,10000
05402P,台郡永豐95售02  ,0,0,0,0,0,0,0,0,0,10000,0,0,0,10000,0,10000,10000
054144,康控元大97購02  ,0,0,0,0,0,0,0,0,0,10000,0,0,0,10000,0,10000,10000
054154,智易國泰97購01  ,0,0,0,0,0,0,0,0,0,10000,0,0,0,10000,0,10000,10000
054151,瑞昱國泰97購01  ,0,0,0,0,0,0,0,0,0,10000,0,0,0,14000,4000,10000,10000
054068,華通國泰96購02  ,0,0,0,0,0,0,0,0,0,10000,0,0,0,10000,0,10000,10000
054091,晶豪科群益96購01,0,0,0,0,0,0,0,0,0,10000,0,0,0,10000,0,10000,10000
2013,中鋼構          ,87000,77000,10000,0,0,0,0,0,0,0,0,0,0,0,0,0,10000
4545,銘鈺            ,24000,14000,10000,0,0,0,0,0,0,0,3000,3000,0,0,0,0,10000
06194P,台積電元富97售05,0,0,0,0,0,0,0,0,0,10000,0,0,0,115000,105000,10000,10000
06033P,可成凱基96售09  ,0,0,0,0,0,0,0,0,0,10000,0,0,0,160000,150000,10000,10000
057980,聯詠永豐98購01  ,0,0,0,0,0,0,0,0,0,10000,0,0,0,20000,10000,10000,10000
057882,華通群益9A購03  ,0,0,0,0,0,0,0,0,0,10000,0,0,0,32000,22000,10000,10000
057884,華邦電群益98購02,0,0,0,0,0,0,0,0,0,10000,0,0,0,32000,22000,10000,10000
057931,正崴群益98購02  ,0,0,0,0,0,0,0,0,0,10000,0,0,0,10000,0,10000,10000
06819P,臺股指元富98售08,0,0,0,0,0,0,0,0,0,10000,0,0,0,10000,0,10000,10000
06708P,臺股指台新99售05,0,0,0,0,0,0,0,0,0,10000,0,0,0,10000,0,10000,10000
06827P,臺股指國票98售03,0,0,0,0,0,0,0,0,0,10000,0,0,0,10000,0,10000,10000
08974P,可成群益02售02  ,0,0,0,0,0,0,0,0,0,10000,0,0,0,10000,0,10000,10000
06501P,臺股指元大9A售06,0,0,0,0,0,0,0,0,0,10000,0,0,0,10000,0,10000,10000
06528P,台積電富邦99售03,0,0,0,0,0,0,0,0,0,10000,0,0,0,30000,20000,10000,10000
06422P,勤誠統一98售01  ,0,0,0,0,0,0,0,0,0,10000,0,0,0,10000,0,10000,10000
06352P,臺股指富邦99售02,0,0,0,0,0,0,0,0,0,10000,0,0,0,10000,0,10000,10000
05558P,鴻海麥證96售01  ,0,0,0,13000,6000,7000,0,0,0,9000,0,0,0,18000,9000,9000,9000
055699,康控國票97購04  ,0,0,0,0,0,0,0,0,0,9000,0,0,0,29000,20000,9000,9000
056371,樺漢元大98購03  ,0,0,0,0,0,0,0,0,0,9000,0,0,0,9000,0,9000,9000
05620P,大立光富邦9B售01,0,0,0,0,0,0,0,0,0,9000,0,0,0,31000,22000,9000,9000
056092,亞德客元富97購02,0,0,0,0,0,0,0,0,0,9000,0,0,0,24000,15000,9000,9000
057451,大立光元富9B購01,0,0,0,0,0,0,0,0,0,9000,0,0,0,9000,0,9000,9000
057494,玉晶光元大99購09,0,0,0,0,0,0,0,0,0,9000,0,0,0,16000,7000,9000,9000
057338,群創國票99購01  ,0,0,0,0,0,0,0,0,0,9000,0,0,0,9000,0,9000,9000
057873,義隆元大98購03  ,0,0,0,0,0,0,0,0,0,9000,0,0,0,11000,2000,9000,9000
056895,技嘉元大98購01  ,0,0,0,0,0,0,0,0,0,9000,0,0,0,38000,29000,9000,9000
05686P,臺股指元大96售11,0,0,0,0,0,0,0,0,0,9000,0,0,0,64000,55000,9000,9000
056752,國巨兆豐98購02  ,0,0,0,0,0,0,0,0,0,9000,0,0,0,131000,122000,9000,9000
056785,可成群益99購01  ,0,0,0,0,0,0,0,0,0,9000,0,0,0,77000,68000,9000,9000
04047P,華邦電元大94售03,0,0,0,0,0,0,0,0,0,9000,0,0,0,32000,23000,9000,9000
04450P,京元電凱基94售01,0,0,0,0,0,0,0,0,0,9000,0,0,0,19000,10000,9000,9000
04394P,臻鼎凱基94售01  ,0,0,0,0,0,0,0,0,0,9000,0,0,0,19000,10000,9000,9000
04612P,上銀群益94售01  ,0,0,0,0,0,0,0,0,0,9000,0,0,0,9000,0,9000,9000
046878,康友國泰94購01  ,0,0,0,0,0,0,0,0,0,9000,0,0,0,10000,1000,9000,9000
048498,嘉澤元大94購01  ,0,0,0,0,0,0,0,0,0,9000,0,0,0,9000,0,9000,9000
048670,華新科永豐93購03,0,0,0,0,0,0,0,0,0,9000,0,0,0,60000,51000,9000,9000
048747,華通元富97購01  ,0,0,0,0,0,0,0,0,0,9000,0,0,0,92000,83000,9000,9000
051446,中壽元大96購01  ,0,0,0,0,0,0,0,0,0,9000,0,0,0,52000,43000,9000,9000
051253,緯創元大95購02  ,0,0,0,0,0,0,0,0,0,9000,0,0,0,98000,89000,9000,9000
052427,上証2X永豐96購01,0,0,0,0,0,0,0,0,0,9000,0,0,0,29000,20000,9000,9000
052751,臺股指元大96購05,0,0,0,0,0,0,0,0,0,9000,0,0,0,9000,0,9000,9000
051997,康友元大95購02  ,0,0,0,0,0,0,0,0,0,9000,0,0,0,100000,91000,9000,9000
051911,大立光元大98購02,0,0,0,0,0,0,0,0,0,9000,0,0,0,109000,100000,9000,9000
051840,康友國泰97購02  ,0,0,0,0,0,0,0,0,0,9000,0,0,0,77000,68000,9000,9000
054166,日電貿凱基98購01,0,0,0,0,0,0,0,0,0,9000,0,0,0,9000,0,9000,9000
054213,欣興國票97購04  ,0,0,0,0,0,0,0,0,0,9000,0,0,0,19000,10000,9000,9000
053898,康友群益97購01  ,0,0,0,0,0,0,0,0,0,9000,0,0,0,15000,6000,9000,9000
05374P,台積電國票96售07,0,0,0,0,0,0,0,0,0,9000,0,0,0,151000,142000,9000,9000
053580,國巨元大96購10  ,0,0,0,0,0,0,0,0,0,9000,0,0,0,246000,237000,9000,9000
053599,崇越元大96購01  ,0,0,0,0,0,0,0,0,0,9000,0,0,0,9000,0,9000,9000
053219,祥碩凱基96購01  ,0,0,0,0,0,0,0,0,0,9000,0,0,0,146000,137000,9000,9000
052859,國巨凱基96購07  ,0,0,0,0,0,0,0,0,0,9000,0,0,0,76000,67000,9000,9000
052826,嘉聯益永豐96購01,0,0,0,0,0,0,0,0,0,9000,0,0,0,211000,202000,9000,9000
055084,國巨第一97購01  ,0,0,0,0,0,0,0,0,0,9000,0,0,0,54000,45000,9000,9000
054918,華新科凱基98購02,0,0,0,0,0,0,0,0,0,9000,0,0,0,65000,56000,9000,9000
055365,華通元大97購03  ,0,0,0,0,0,0,0,0,0,9000,0,0,0,43000,34000,9000,9000
055350,聯發科凱基97購02,0,0,0,0,0,0,0,0,0,9000,0,0,0,77000,68000,9000,9000
054497,國巨永豐96購05  ,0,0,0,0,0,0,0,0,0,9000,0,0,0,461000,452000,9000,9000
05435P,鴻海群益95售12  ,0,0,0,0,0,0,0,0,0,9000,0,0,0,17000,8000,9000,9000
054590,嘉聯益國泰98購01,0,0,0,0,0,0,0,0,0,9000,0,0,0,9000,0,9000,9000
06408P,聯茂元富97售02  ,0,0,0,0,0,0,0,0,0,9000,0,0,0,10000,1000,9000,9000
06913P,聯發科元大98售14,0,0,0,0,0,0,0,0,0,9000,0,0,0,41000,32000,9000,9000
06024P,台郡國票97售05  ,0,0,0,0,0,0,0,0,0,9000,0,0,0,19000,10000,9000,9000
06041P,全新永豐96售03  ,0,0,0,0,0,0,0,0,0,9000,0,0,0,11000,2000,9000,9000
06204P,鴻海群益97售04  ,0,0,0,0,0,0,0,0,0,9000,0,0,0,50000,41000,9000,9000
2365,昆盈            ,32000,24000,8000,0,0,0,0,0,0,1000,1000,0,1000,0,0,0,9000
2377,微星            ,998000,1784670,-786670,0,0,0,389000,0,389000,406000,48000,101000,-53000,510000,51000,459000,8330
057121,立積康和98購01  ,0,0,0,0,0,0,0,0,0,8000,0,0,0,10000,2000,8000,8000
057284,新日興元大98購03,0,0,0,0,0,0,0,0,0,8000,0,0,0,8000,0,8000,8000
057251,泰鼎統一98購02  ,0,0,0,0,0,0,0,0,0,8000,0,0,0,80000,72000,8000,8000
057191,祥碩元大98購05  ,0,0,0,0,0,0,0,0,0,8000,0,0,0,324000,316000,8000,8000
057856,聯鈞國票99購03  ,0,0,0,0,0,0,0,0,0,8000,0,0,0,10000,2000,8000,8000
057648,和碩元大98購01  ,0,0,0,0,0,0,0,0,0,8000,0,0,0,8000,0,8000,8000
057670,欣興元大99購02  ,0,0,0,0,0,0,0,0,0,8000,0,0,0,23000,15000,8000,8000
057400,全新群益9A購01  ,0,0,0,0,0,0,0,0,0,8000,0,0,0,10000,2000,8000,8000
057581,元大金中信9A購01,0,0,0,0,0,0,0,0,0,8000,0,0,0,78000,70000,8000,8000
056124,華通國票98購02  ,0,0,0,0,0,0,0,0,0,8000,0,0,0,20000,12000,8000,8000
056286,奇鋐永豐97購01  ,0,0,0,0,0,0,0,0,0,8000,0,0,0,11000,3000,8000,8000
056573,華新科元大99購06,0,0,0,0,0,0,0,0,0,8000,0,0,0,210000,202000,8000,8000
055683,晶技凱基99購01  ,0,0,0,0,0,0,0,0,0,8000,0,0,0,15000,7000,8000,8000
055512,聯詠兆豐97購01  ,0,0,0,0,0,0,0,0,0,8000,0,0,0,8000,0,8000,8000
05585P,臺股指凱基96售14,0,0,0,0,0,0,0,0,0,8000,0,0,0,91000,83000,8000,8000
051599,健鼎兆豐95購02  ,0,0,0,0,0,0,0,0,0,8000,0,0,0,60000,52000,8000,8000
046804,群創元大94購01  ,0,0,0,0,0,0,0,0,0,8000,0,0,0,14000,6000,8000,8000
047615,為升凱基93購05  ,0,0,0,0,0,0,0,0,0,8000,0,0,0,8000,0,8000,8000
047075,群創兆豐93購01  ,0,0,0,0,0,0,0,0,0,8000,0,0,0,60000,52000,8000,8000
047191,同欣電元大93購02,0,0,0,0,0,0,0,0,0,8000,0,0,0,20000,12000,8000,8000
048263,台積電元富95購01,0,0,0,0,0,0,0,0,0,8000,0,0,0,10000,2000,8000,8000
048348,矽力元大93購03  ,0,0,0,0,0,0,0,0,0,8000,0,0,0,9000,1000,8000,8000
04399P,樺漢群益94售01  ,0,0,0,0,0,0,0,0,0,8000,0,0,0,10000,2000,8000,8000
045797,健策中信93購01  ,0,0,0,0,0,0,0,0,0,8000,0,0,0,10000,2000,8000,8000
041210,群創元富93購01  ,0,0,0,0,0,0,0,0,0,8000,0,0,0,18000,10000,8000,8000
04076P,臺股指凱基93售12,0,0,0,0,0,0,0,0,0,8000,0,0,0,8000,0,8000,8000
04228P,貿聯永豐93售03  ,0,0,0,0,0,0,0,0,0,8000,0,0,0,316000,308000,8000,8000
00688L,國泰20年美債正2 ,0,0,0,0,0,0,0,0,0,8000,0,0,0,147000,139000,8000,8000
043748,漢唐元大93購01  ,0,0,0,0,0,0,0,0,0,8000,0,0,0,8000,0,8000,8000
051789,嘉澤國票96購01  ,0,0,0,0,0,0,0,0,0,8000,0,0,0,38000,30000,8000,8000
05176P,台積電凱基95售11,0,0,0,0,0,0,0,0,0,8000,0,0,0,70000,62000,8000,8000
051701,華通群益97購01  ,0,0,0,0,0,0,0,0,0,8000,0,0,0,16000,8000,8000,8000
049133,為升元大94購02  ,0,0,0,0,0,0,0,0,0,8000,0,0,0,8000,0,8000,8000
049363,旺宏元大94購07  ,0,0,0,0,0,0,0,0,0,8000,0,0,0,28000,20000,8000,8000
049300,南電群益94購01  ,0,0,0,0,0,0,0,0,0,8000,0,0,0,21000,13000,8000,8000
049950,南亞科群益94購02,0,0,0,0,0,0,0,0,0,8000,0,0,0,31000,23000,8000,8000
050642,和大凱基94購03  ,0,0,0,0,0,0,0,0,0,8000,0,0,0,8000,0,8000,8000
050624,鈺齊元大94購01  ,0,0,0,0,0,0,0,0,0,8000,0,0,0,8000,0,8000,8000
050439,新日興凱基94購01,0,0,0,0,0,0,0,0,0,8000,0,0,0,10000,2000,8000,8000
050461,GIS元大95購04   ,0,0,0,0,0,0,0,0,0,8000,0,0,0,8000,0,8000,8000
052159,瑞昱永豐95購01  ,0,0,0,0,0,0,0,0,0,8000,0,0,0,50000,42000,8000,8000
05217P,鴻海統一95售08  ,0,0,0,0,0,0,0,0,0,8000,0,0,0,13000,5000,8000,8000
052517,滬深2X元大95購05,0,0,0,0,0,0,0,0,0,8000,0,0,0,8000,0,8000,8000
052355,為升永豐95購02  ,0,0,0,0,0,0,0,0,0,8000,0,0,0,62000,54000,8000,8000
052482,茂林群益95購01  ,0,0,0,0,0,0,0,0,0,8000,0,0,0,88000,80000,8000,8000
052461,和大統一95購01  ,0,0,0,0,0,0,0,0,0,8000,0,0,0,11000,3000,8000,8000
050341,光寶科元富94購01,0,0,0,0,0,0,0,0,0,8000,0,0,0,10000,2000,8000,8000
05157P,全新台新96售01  ,0,0,0,0,0,0,0,0,0,8000,0,0,0,20000,12000,8000,8000
051287,台積電統一95購05,0,0,0,0,0,0,0,0,0,8000,0,0,0,8000,0,8000,8000
05099P,台積電凱基95售06,0,0,0,0,0,0,0,0,0,8000,0,0,0,78000,70000,8000,8000
05230P,京元電群益95售01,0,0,0,0,0,0,0,0,0,8000,0,0,0,8000,0,8000,8000
054259,健策元大97購03  ,0,0,0,0,0,0,0,0,0,8000,0,0,0,90000,82000,8000,8000
055065,神達永豐97購01  ,0,0,0,0,0,0,0,0,0,8000,0,0,0,97000,89000,8000,8000
055114,新日興凱基98購01,0,0,0,0,0,0,0,0,0,8000,0,0,0,8000,0,8000,8000
053417,上銀永豐96購02  ,0,0,0,0,0,0,0,0,0,8000,0,0,0,81000,73000,8000,8000
053873,力成元大96購03  ,0,0,0,0,0,0,0,0,0,8000,0,0,0,13000,5000,8000,8000
054018,華新台新96購01  ,0,0,0,0,0,0,0,0,0,8000,0,0,0,46000,38000,8000,8000
054169,上緯控凱基98購01,0,0,0,0,0,0,0,0,0,8000,0,0,0,10000,2000,8000,8000
054076,義隆第一96購01  ,0,0,0,0,0,0,0,0,0,8000,0,0,0,8000,0,8000,8000
6206,飛捷            ,122000,90000,32000,0,0,0,0,0,0,-24000,0,24000,-24000,0,0,0,8000
9941A,裕融甲特        ,0,0,0,0,0,0,0,0,0,8000,8000,0,8000,0,0,0,8000
057885,台光電群益98購04,0,0,0,0,0,0,0,0,0,8000,0,0,0,59000,51000,8000,8000
05899P,臺股指凱基96售30,0,0,0,0,0,0,0,0,0,8000,0,0,0,8000,0,8000,8000
06911P,鴻海元大99售09  ,0,0,0,0,0,0,0,0,0,8000,0,0,0,8000,0,8000,8000
06681P,致茂元大98售02  ,0,0,0,0,0,0,0,0,0,8000,0,0,0,12000,4000,8000,8000
06366P,鴻海凱基97售10  ,0,0,0,0,0,0,0,0,0,8000,0,0,0,9000,1000,8000,8000
06590P,大立光元大98售13,0,0,0,0,0,0,0,0,0,8000,0,0,0,8000,0,8000,8000
055926,國巨群益98購06  ,0,0,0,0,0,0,0,0,0,7000,0,0,0,7000,0,7000,7000
055995,華擎國泰99購01  ,0,0,0,0,0,0,0,0,0,7000,0,0,0,7000,0,7000,7000
055481,聚陽元大97購01  ,0,0,0,0,0,0,0,0,0,7000,0,0,0,7000,0,7000,7000
055470,南亞科凱基97購01,0,0,0,0,0,0,0,0,0,7000,0,0,0,86000,79000,7000,7000
055555,全新凱基9A購01  ,0,0,0,0,0,0,0,0,0,7000,0,0,0,7000,0,7000,7000
056641,華通凱基98購03  ,0,0,0,0,0,0,0,0,0,7000,0,0,0,35000,28000,7000,7000
056353,鴻海元大99購02  ,0,0,0,0,0,0,0,0,0,7000,0,0,0,90000,83000,7000,7000
056314,力成元大97購01  ,0,0,0,0,0,0,0,0,0,7000,0,0,0,7000,0,7000,7000
056131,鴻海元大97購12  ,0,0,0,0,0,0,0,0,0,7000,0,0,0,24000,17000,7000,7000
056220,上証2X凱基99購01,0,0,0,0,0,0,0,0,0,7000,0,0,0,7000,0,7000,7000
057703,矽力群益98購01  ,0,0,0,0,0,0,0,0,0,7000,0,0,0,13000,6000,7000,7000
057650,力成元大98購04  ,0,0,0,0,0,0,0,0,0,7000,0,0,0,7000,0,7000,7000
057810,技嘉元大98購06  ,0,0,0,0,0,0,0,0,0,7000,0,0,0,31000,24000,7000,7000
057201,華擎元富98購01  ,0,0,0,0,0,0,0,0,0,7000,0,0,0,151000,144000,7000,7000
057222,鴻海國票99購04  ,0,0,0,0,0,0,0,0,0,7000,0,0,0,7000,0,7000,7000
057228,友達凱基9B購01  ,0,0,0,0,0,0,0,0,0,7000,0,0,0,7000,0,7000,7000
057229,友達凱基9B購02  ,0,0,0,0,0,0,0,0,0,7000,0,0,0,7000,0,7000,7000
056842,全新元富98購01  ,0,0,0,0,0,0,0,0,0,7000,0,0,0,20000,13000,7000,7000
043757,欣興元大93購01  ,0,0,0,0,0,0,0,0,0,7000,0,0,0,13000,6000,7000,7000
04338P,亞光元大93售04  ,0,0,0,0,0,0,0,0,0,7000,0,0,0,7000,0,7000,7000
03560P,台積電兆豐03售10,0,0,0,0,0,0,0,0,0,7000,0,0,0,7000,0,7000,7000
045782,欣興元大93購04  ,0,0,0,0,0,0,0,0,0,7000,0,0,0,12000,5000,7000,7000
048295,泰鼎群益93購01  ,0,0,0,0,0,0,0,0,0,7000,0,0,0,7000,0,7000,7000
047967,南亞科國泰95購01,0,0,0,0,0,0,0,0,0,7000,0,0,0,248000,241000,7000,7000
047722,南電凱基94購02  ,0,0,0,0,0,0,0,0,0,7000,0,0,0,7000,0,7000,7000
046384,群創凱基98購02  ,0,0,0,0,0,0,0,0,0,7000,0,0,0,7000,0,7000,7000
04849P,GIS中信94售01   ,0,0,0,0,0,0,0,0,0,7000,0,0,0,10000,3000,7000,7000
048981,牧德元大94購01  ,0,0,0,0,0,0,0,0,0,7000,0,0,0,14000,7000,7000,7000
052274,大立光群益95購03,0,0,0,0,0,0,0,0,0,7000,0,0,0,9000,2000,7000,7000
051368,國泰金富邦97購01,0,0,0,0,0,0,0,0,0,7000,0,0,0,10000,3000,7000,7000
049423,臺股指凱基95購02,0,0,0,0,0,0,0,0,0,7000,0,0,0,49000,42000,7000,7000
049402,奇鋐群益95購02  ,0,0,0,0,0,0,0,0,0,7000,0,0,0,7000,0,7000,7000
05264P,微星元大95售02  ,0,0,0,0,0,0,0,0,0,7000,0,0,0,30000,23000,7000,7000
052799,上銀元大96購01  ,0,0,0,0,0,0,0,0,0,7000,0,0,0,87000,80000,7000,7000
052406,力成凱基95購03  ,0,0,0,0,0,0,0,0,0,7000,0,0,0,27000,20000,7000,7000
052347,GIS凱基95購05   ,0,0,0,0,0,0,0,0,0,7000,0,0,0,30000,23000,7000,7000
052361,大成鋼國票96購01,0,0,0,0,0,0,0,0,0,7000,0,0,0,20000,13000,7000,7000
050457,力成元大94購01  ,0,0,0,0,0,0,0,0,0,7000,0,0,0,7000,0,7000,7000
052211,台積電元大95購22,0,0,0,0,0,0,0,0,0,7000,0,0,0,43000,36000,7000,7000
049124,可成元富94購02  ,0,0,0,0,0,0,0,0,0,7000,0,0,0,10000,3000,7000,7000
052104,英業達兆豐96購01,0,0,0,0,0,0,0,0,0,7000,0,0,0,8000,1000,7000,7000
053707,A50正2凱基99購02,0,0,0,0,0,0,0,0,0,7000,0,0,0,7000,0,7000,7000
053662,矽力凱基97購01  ,0,0,0,0,0,0,0,0,0,7000,0,0,0,12000,5000,7000,7000
053465,聯電元大96購05  ,0,0,0,0,0,0,0,0,0,7000,0,0,0,323000,316000,7000,7000
055123,億光兆豐97購01  ,0,0,0,0,0,0,0,0,0,7000,0,0,0,27000,20000,7000,7000
055461,TPK永豐97購01   ,0,0,0,0,0,0,0,0,0,7000,0,0,0,7000,0,7000,7000
054516,國巨元大97購02  ,0,0,0,0,0,0,0,0,0,7000,0,0,0,175000,168000,7000,7000
05466P,旺宏富邦97售01  ,0,0,0,0,0,0,0,0,0,7000,0,0,0,185000,178000,7000,7000
054788,華新科群益98購02,0,0,0,0,0,0,0,0,0,7000,0,0,0,26000,19000,7000,7000
06427P,鴻海元大97售13  ,0,0,0,0,0,0,0,0,0,7000,0,0,0,96000,89000,7000,7000
06437P,玉晶光國票99售01,0,0,0,0,0,0,0,0,0,7000,0,0,0,36000,29000,7000,7000
06787P,臺股指元大98售04,0,0,0,0,0,0,0,0,0,7000,0,0,0,7000,0,7000,7000
08164P,滬深2X中信95售04,0,0,0,0,0,0,0,0,0,7000,0,0,0,47000,40000,7000,7000
05865P,大立光元大96售09,0,0,0,0,0,0,0,0,0,7000,0,0,0,67000,60000,7000,7000
05848P,臺股指元大96售24,0,0,0,0,0,0,0,0,0,7000,0,0,0,20000,13000,7000,7000
05837P,臺股指富邦96售04,0,0,0,0,0,0,0,0,0,7000,0,0,0,30000,23000,7000,7000
06189P,華新科永豐97售03,0,0,0,0,0,0,0,0,0,7000,0,0,0,395000,388000,7000,7000
06025P,臺股指元大99售02,0,0,0,0,0,0,0,0,0,7000,0,0,0,9000,2000,7000,7000
4148,全宇生技-KY     ,12000,5000,7000,0,0,0,0,0,0,0,0,0,0,0,0,0,7000
2115,六暉-KY         ,10000,3000,7000,0,0,0,0,0,0,0,1000,1000,0,0,0,0,7000
056787,健鼎群益98購01  ,0,0,0,0,0,0,0,0,0,6000,0,0,0,36000,30000,6000,6000
056693,國產群益98購01  ,0,0,0,0,0,0,0,0,0,6000,0,0,0,6000,0,6000,6000
057120,茂林康和98購01  ,0,0,0,0,0,0,0,0,0,6000,0,0,0,6000,0,6000,6000
057361,元油2X元大98購11,0,0,0,0,0,0,0,0,0,6000,0,0,0,6000,0,6000,6000
056289,合勤控永豐97購01,0,0,0,0,0,0,0,0,0,6000,0,0,0,6000,0,6000,6000
056463,台虹凱基98購02  ,0,0,0,0,0,0,0,0,0,6000,0,0,0,38000,32000,6000,6000
056514,訊芯亞東99購01  ,0,0,0,0,0,0,0,0,0,6000,0,0,0,6000,0,6000,6000
055589,台光電元大98購04,0,0,0,0,0,0,0,0,0,6000,0,0,0,6000,0,6000,6000
05548P,臺股指元大96售02,0,0,0,0,0,0,0,0,0,6000,0,0,0,6000,0,6000,6000
05563P,台積電元大97售07,0,0,0,0,0,0,0,0,0,6000,0,0,0,6000,0,6000,6000
05574P,英業達元富96售01,0,0,0,0,0,0,0,0,0,6000,0,0,0,16000,10000,6000,6000
05575P,玉晶光元富96售01,0,0,0,0,0,0,0,0,0,6000,0,0,0,7000,1000,6000,6000
055958,台光電元大97購02,0,0,0,0,0,0,0,0,0,6000,0,0,0,28000,22000,6000,6000
05573P,仁寶元富96售02  ,0,0,0,0,0,0,0,0,0,6000,0,0,0,6000,0,6000,6000
049210,昇陽半群益94購02,0,0,0,0,0,0,0,0,0,6000,0,0,0,6000,0,6000,6000
048826,宏達電凱基94購01,0,0,0,0,0,0,0,0,0,6000,0,0,0,6000,0,6000,6000
048614,欣興凱基93購05  ,0,0,0,0,0,0,0,0,0,6000,0,0,0,6000,0,6000,6000
046465,GIS凱基95購01   ,0,0,0,0,0,0,0,0,0,6000,0,0,0,7000,1000,6000,6000
046831,大立光群益94購01,0,0,0,0,0,0,0,0,0,6000,0,0,0,10000,4000,6000,6000
048323,聯茂凱基93購09  ,0,0,0,0,0,0,0,0,0,6000,0,0,0,6000,0,6000,6000
045054,聯發科元富98購02,0,0,0,0,0,0,0,0,0,6000,0,0,0,6000,0,6000,6000
03656C,臺股指凱基99牛12,0,0,0,0,0,0,0,0,0,6000,0,0,0,8000,2000,6000,6000
051947,矽力統一95購01  ,0,0,0,0,0,0,0,0,0,6000,0,0,0,6000,0,6000,6000
049679,臺股指國票94購12,0,0,0,0,0,0,0,0,0,6000,0,0,0,7000,1000,6000,6000
051714,健鼎台新95購01  ,0,0,0,0,0,0,0,0,0,6000,0,0,0,6000,0,6000,6000
051832,復盛元大95購01  ,0,0,0,0,0,0,0,0,0,6000,0,0,0,6000,0,6000,6000
050533,致新元大94購03  ,0,0,0,0,0,0,0,0,0,6000,0,0,0,6000,0,6000,6000
050633,義隆群益96購02  ,0,0,0,0,0,0,0,0,0,6000,0,0,0,58000,52000,6000,6000
05069P,鴻海統一96售03  ,0,0,0,0,0,0,0,0,0,6000,0,0,0,6000,0,6000,6000
05000P,臺股指永豐95售01,0,0,0,0,0,0,0,0,0,6000,0,0,0,76000,70000,6000,6000
050190,麗豐元大95購02  ,0,0,0,0,0,0,0,0,0,6000,0,0,0,6000,0,6000,6000
049880,健策永豐94購02  ,0,0,0,0,0,0,0,0,0,6000,0,0,0,16000,10000,6000,6000
052690,台表科元大97購01,0,0,0,0,0,0,0,0,0,6000,0,0,0,7000,1000,6000,6000
050268,智原元大95購03  ,0,0,0,0,0,0,0,0,0,6000,0,0,0,6000,0,6000,6000
05116P,台積電群益95售03,0,0,0,0,0,0,0,0,0,6000,0,0,0,6000,0,6000,6000
051167,京鼎元大95購01  ,0,0,0,0,0,0,0,0,0,6000,0,0,0,6000,0,6000,6000
054748,正文凱基98購01  ,0,0,0,0,0,0,0,0,0,6000,0,0,0,6000,0,6000,6000
05467P,聯電元大95售02  ,0,0,0,0,0,0,0,0,0,6000,0,0,0,6000,0,6000,6000
054529,T50反1國泰97購02,0,0,0,0,0,0,0,0,0,6000,0,0,0,6000,0,6000,6000
054349,同欣電國票97購02,0,0,0,0,0,0,0,0,0,6000,0,0,0,12000,6000,6000,6000
053405,台達電兆豐96購01,0,0,0,0,0,0,0,0,0,6000,0,0,0,6000,0,6000,6000
052933,祥碩元大96購01  ,0,0,0,0,0,0,0,0,0,6000,0,0,0,13000,7000,6000,6000
053596,嘉澤元大96購01  ,0,0,0,0,0,0,0,0,0,6000,0,0,0,14000,8000,6000,6000
053518,聯茂群益96購03  ,0,0,0,0,0,0,0,0,0,6000,0,0,0,6000,0,6000,6000
053558,訊芯凱基96購02  ,0,0,0,0,0,0,0,0,0,6000,0,0,0,6000,0,6000,6000
053788,泰鼎元大97購01  ,0,0,0,0,0,0,0,0,0,6000,0,0,0,67000,61000,6000,6000
053922,亞光國票96購01  ,0,0,0,0,0,0,0,0,0,6000,0,0,0,6000,0,6000,6000
053881,南亞科中信97購01,0,0,0,0,0,0,0,0,0,6000,0,0,0,16000,10000,6000,6000
1410,南染            ,7000,1000,6000,0,0,0,0,0,0,0,0,0,0,0,0,0,6000
1338,廣華-KY         ,38000,32000,6000,0,0,0,0,0,0,0,0,0,0,0,0,0,6000
2477,美隆電          ,30000,32000,-2000,0,0,0,0,0,0,8000,8000,0,8000,0,0,0,6000
3588,通嘉            ,46000,38000,8000,0,0,0,0,0,0,-2000,0,2000,-2000,0,0,0,6000
4571,鈞興-KY         ,0,1000,-1000,0,0,0,0,0,0,7000,8000,1000,7000,0,0,0,6000
06083P,華通統一98售02  ,0,0,0,0,0,0,0,0,0,6000,0,0,0,261000,255000,6000,6000
05823P,臺股指凱基96售20,0,0,0,0,0,0,0,0,0,6000,0,0,0,12000,6000,6000,6000
057949,南電國票99購01  ,0,0,0,0,0,0,0,0,0,6000,0,0,0,6000,0,6000,6000
08714P,華碩元富01售03  ,0,0,0,0,0,0,0,0,0,6000,0,0,0,6000,0,6000,6000
06340P,鴻海統一98售06  ,0,0,0,0,0,0,0,0,0,6000,0,0,0,6000,0,6000,6000
06574P,大立光永昌99售01,0,0,0,0,0,0,0,0,0,6000,0,0,0,6000,0,6000,6000
06562P,台積電國泰99售02,0,0,0,0,0,0,0,0,0,6000,0,0,0,6000,0,6000,6000
055829,上銀元大97購06  ,0,0,0,0,0,0,0,0,0,5000,0,0,0,81000,76000,5000,5000
055977,南亞科統一97購01,0,0,0,0,0,0,0,0,0,5000,0,0,0,5000,0,5000,5000
056054,亞德客元大97購05,0,0,0,0,0,0,0,0,0,5000,0,0,0,5000,0,5000,5000
055707,聯鈞永豐98購01  ,0,0,0,0,0,0,0,0,0,5000,0,0,0,24000,19000,5000,5000
055638,上銀元富97購01  ,0,0,0,0,0,0,0,0,0,5000,0,0,0,405000,400000,5000,5000
05557P,S&P500中信96售02,0,0,0,0,0,0,0,0,0,5000,0,0,0,5000,0,5000,5000
056417,欣興中信98購01  ,0,0,0,0,0,0,0,0,0,5000,0,0,0,6000,1000,5000,5000
056616,台光電永豐98購01,0,0,0,0,0,0,0,0,0,5000,0,0,0,45000,40000,5000,5000
056600,聯茂元富98購01  ,0,0,0,0,0,0,0,0,0,5000,0,0,0,5000,0,5000,5000
056280,上証2X永豐98購01,0,0,0,0,0,0,0,0,0,5000,0,0,0,5000,0,5000,5000
056328,訊芯兆豐98購01  ,0,0,0,0,0,0,0,0,0,5000,0,0,0,5000,0,5000,5000
056329,上銀國票98購02  ,0,0,0,0,0,0,0,0,0,5000,0,0,0,5000,0,5000,5000
056133,可成元大97購05  ,0,0,0,0,0,0,0,0,0,5000,0,0,0,75000,70000,5000,5000
05614P,臺股指康和96售03,0,0,0,0,0,0,0,0,0,5000,0,0,0,5000,0,5000,5000
056098,矽創元富97購02  ,0,0,0,0,0,0,0,0,0,5000,0,0,0,45000,40000,5000,5000
056121,勤誠群益97購01  ,0,0,0,0,0,0,0,0,0,5000,0,0,0,15000,10000,5000,5000
057428,正崴兆豐98購01  ,0,0,0,0,0,0,0,0,0,5000,0,0,0,10000,5000,5000,5000
05756P,臺股指中信99售05,0,0,0,0,0,0,0,0,0,5000,0,0,0,5000,0,5000,5000
057500,神達群益98購01  ,0,0,0,0,0,0,0,0,0,5000,0,0,0,12000,7000,5000,5000
057850,上銀兆豐99購02  ,0,0,0,0,0,0,0,0,0,5000,0,0,0,5000,0,5000,5000
057734,訊芯國泰9A購01  ,0,0,0,0,0,0,0,0,0,5000,0,0,0,30000,25000,5000,5000
057136,立積凱基98購02  ,0,0,0,0,0,0,0,0,0,5000,0,0,0,52000,47000,5000,5000
057158,義隆永豐99購01  ,0,0,0,0,0,0,0,0,0,5000,0,0,0,5000,0,5000,5000
056692,燿華群益98購03  ,0,0,0,0,0,0,0,0,0,5000,0,0,0,103000,98000,5000,5000
05671P,友達國泰97售03  ,0,0,0,0,0,0,0,0,0,5000,0,0,0,5000,0,5000,5000
056775,康控元大99購01  ,0,0,0,0,0,0,0,0,0,5000,0,0,0,185000,180000,5000,5000
056858,國巨群益99購03  ,0,0,0,0,0,0,0,0,0,5000,0,0,0,35000,30000,5000,5000
056898,全新元大98購02  ,0,0,0,0,0,0,0,0,0,5000,0,0,0,5000,0,5000,5000
056966,嘉晶永豐98購01  ,0,0,0,0,0,0,0,0,0,5000,0,0,0,5000,0,5000,5000
03826P,瀚宇博元大95售01,0,0,0,0,0,0,0,0,0,5000,0,0,0,24000,19000,5000,5000
045114,玉晶光永豐93購02,0,0,0,0,0,0,0,0,0,5000,0,0,0,5000,0,5000,5000
04318P,大成鋼永豐93售02,0,0,0,0,0,0,0,0,0,5000,0,0,0,5000,0,5000,5000
045400,康友富邦93購01  ,0,0,0,0,0,0,0,0,0,5000,0,0,0,5000,0,5000,5000
045311,GIS元大94購01   ,0,0,0,0,0,0,0,0,0,5000,0,0,0,5000,0,5000,5000
04516P,台積電群益94售07,0,0,0,0,0,0,0,0,0,5000,0,0,0,5000,0,5000,5000
03103P,聯發科元富01售02,0,0,0,0,0,0,0,0,0,5000,0,0,0,5000,0,5000,5000
044883,玉晶光群益93購01,0,0,0,0,0,0,0,0,0,5000,0,0,0,5000,0,5000,5000
04263P,南電群益93售03  ,0,0,0,0,0,0,0,0,0,5000,0,0,0,5000,0,5000,5000
044533,S&P反1中信94購02,0,0,0,0,0,0,0,0,0,5000,0,0,0,5000,0,5000,5000
044602,大立光國泰93購01,0,0,0,0,0,0,0,0,0,5000,0,0,0,5000,0,5000,5000
04467P,元油2X元大94售03,0,0,0,0,0,0,0,0,0,5000,0,0,0,2717000,2712000,5000,5000
04468P,元油2X元大94售04,0,0,0,0,0,0,0,0,0,5000,0,0,0,5000,0,5000,5000
048249,嘉澤兆豐94購01  ,0,0,0,0,0,0,0,0,0,5000,0,0,0,105000,100000,5000,5000
049030,凌華群益94購01  ,0,0,0,0,0,0,0,0,0,5000,0,0,0,15000,10000,5000,5000
049038,高鐵兆豐94購01  ,0,0,0,0,0,0,0,0,0,5000,0,0,0,5000,0,5000,5000
047298,聯茂元富96購01  ,0,0,0,0,0,0,0,0,0,5000,0,0,0,10000,5000,5000,5000
046155,道瓊反群益94購01,0,0,0,0,0,0,0,0,0,5000,0,0,0,5000,0,5000,5000
046220,滬深2X元大95購03,0,0,0,0,0,0,0,0,0,5000,0,0,0,5000,0,5000,5000
04585P,楠梓電永豐94售02,0,0,0,0,0,0,0,0,0,5000,0,0,0,44000,39000,5000,5000
046956,矽力國票93購01  ,0,0,0,0,0,0,0,0,0,5000,0,0,0,5000,0,5000,5000
04695P,正崴康和94售01  ,0,0,0,0,0,0,0,0,0,5000,0,0,0,5000,0,5000,5000
04645P,禾伸堂凱基94售03,0,0,0,0,0,0,0,0,0,5000,0,0,0,5000,0,5000,5000
047978,元油反群益97購01,0,0,0,0,0,0,0,0,0,5000,0,0,0,5000,0,5000,5000
047897,可成群益94購01  ,0,0,0,0,0,0,0,0,0,5000,0,0,0,163000,158000,5000,5000
047628,新光金國票95購02,0,0,0,0,0,0,0,0,0,5000,0,0,0,5000,0,5000,5000
048127,麗豐元大94購01  ,0,0,0,0,0,0,0,0,0,5000,0,0,0,5000,0,5000,5000
048040,百和凱基93購07  ,0,0,0,0,0,0,0,0,0,5000,0,0,0,5000,0,5000,5000
048805,瀚宇博富邦95購01,0,0,0,0,0,0,0,0,0,5000,0,0,0,5000,0,5000,5000
048902,昇陽半國泰96購01,0,0,0,0,0,0,0,0,0,5000,0,0,0,57000,52000,5000,5000
050023,國巨元大94購12  ,0,0,0,0,0,0,0,0,0,5000,0,0,0,44000,39000,5000,5000
048966,佳世達元大95購01,0,0,0,0,0,0,0,0,0,5000,0,0,0,5000,0,5000,5000
049198,聯鈞永豐94購01  ,0,0,0,0,0,0,0,0,0,5000,0,0,0,7000,2000,5000,5000
049208,台郡群益94購01  ,0,0,0,0,0,0,0,0,0,5000,0,0,0,55000,50000,5000,5000
051600,新日興兆豐96購02,0,0,0,0,0,0,0,0,0,5000,0,0,0,10000,5000,5000,5000
050825,嘉澤凱基95購01  ,0,0,0,0,0,0,0,0,0,5000,0,0,0,5000,0,5000,5000
050854,世紀鋼國票97購01,0,0,0,0,0,0,0,0,0,5000,0,0,0,25000,20000,5000,5000
051232,貿聯群益95購02  ,0,0,0,0,0,0,0,0,0,5000,0,0,0,15000,10000,5000,5000
052333,嘉聯益兆豐96購01,0,0,0,0,0,0,0,0,0,5000,0,0,0,10000,5000,5000,5000
050730,復盛國票94購01  ,0,0,0,0,0,0,0,0,0,5000,0,0,0,5000,0,5000,5000
04940P,台積電國票95售02,0,0,0,0,0,0,0,0,0,5000,0,0,0,5000,0,5000,5000
051239,國巨元大96購02  ,0,0,0,0,0,0,0,0,0,5000,0,0,0,5000,0,5000,5000
051299,致茂凱基95購01  ,0,0,0,0,0,0,0,0,0,5000,0,0,0,93000,88000,5000,5000
052526,智伸科元大96購02,0,0,0,0,0,0,0,0,0,5000,0,0,0,110000,105000,5000,5000
052752,臺股指元大96購06,0,0,0,0,0,0,0,0,0,5000,0,0,0,5000,0,5000,5000
050328,臻鼎永豐94購03  ,0,0,0,0,0,0,0,0,0,5000,0,0,0,5000,0,5000,5000
050393,樺漢統一94購01  ,0,0,0,0,0,0,0,0,0,5000,0,0,0,5000,0,5000,5000
049577,台達電元大94購08,0,0,0,0,0,0,0,0,0,5000,0,0,0,5000,0,5000,5000
052583,友達台新96購02  ,0,0,0,0,0,0,0,0,0,5000,0,0,0,5000,0,5000,5000
05108P,欣興中信95售02  ,0,0,0,0,0,0,0,0,0,5000,0,0,0,5000,0,5000,5000
051094,健策元大96購03  ,0,0,0,0,0,0,0,0,0,5000,0,0,0,11000,6000,5000,5000
050419,鴻海凱基95購02  ,0,0,0,0,0,0,0,0,0,5000,0,0,0,11000,6000,5000,5000
049904,矽力元富94購01  ,0,0,0,0,0,0,0,0,0,5000,0,0,0,40000,35000,5000,5000
049909,國巨元大95購01  ,0,0,0,0,0,0,0,0,0,5000,0,0,0,5000,0,5000,5000
049364,燿華元大94購02  ,0,0,0,0,0,0,0,0,0,5000,0,0,0,5000,0,5000,5000
049359,台達電元大94購06,0,0,0,0,0,0,0,0,0,5000,0,0,0,5000,0,5000,5000
049360,台達電元大94購07,0,0,0,0,0,0,0,0,0,5000,0,0,0,5000,0,5000,5000
049794,台達電元大94購10,0,0,0,0,0,0,0,0,0,5000,0,0,0,5000,0,5000,5000
050193,臻鼎元大94購02  ,0,0,0,0,0,0,0,0,0,5000,0,0,0,5000,0,5000,5000
050887,台積電富邦95購05,0,0,0,0,0,0,0,0,0,5000,0,0,0,8000,3000,5000,5000
050177,聯發科元大94購11,0,0,0,0,0,0,0,0,0,5000,0,0,0,20000,15000,5000,5000
049952,強茂群益94購01  ,0,0,0,0,0,0,0,0,0,5000,0,0,0,5000,0,5000,5000
049940,臺股指元大94購21,0,0,0,0,0,0,0,0,0,5000,0,0,0,5000,0,5000,5000
050628,美律中信94購02  ,0,0,0,0,0,0,0,0,0,5000,0,0,0,5000,0,5000,5000
050595,緯穎永豐94購03  ,0,0,0,0,0,0,0,0,0,5000,0,0,0,10000,5000,5000,5000
05166P,中磊元富95售03  ,0,0,0,0,0,0,0,0,0,5000,0,0,0,5000,0,5000,5000
05167P,百和元富95售03  ,0,0,0,0,0,0,0,0,0,5000,0,0,0,5000,0,5000,5000
051871,同欣電凱基95購02,0,0,0,0,0,0,0,0,0,5000,0,0,0,50000,45000,5000,5000
05202P,鴻海元大95售16  ,0,0,0,0,0,0,0,0,0,5000,0,0,0,5000,0,5000,5000
052056,緯穎凱基95購04  ,0,0,0,0,0,0,0,0,0,5000,0,0,0,5000,0,5000,5000
052059,臺股指凱基95購17,0,0,0,0,0,0,0,0,0,5000,0,0,0,5000,0,5000,5000
049135,台達電元大94購03,0,0,0,0,0,0,0,0,0,5000,0,0,0,5000,0,5000,5000
049595,麗豐元大95購01  ,0,0,0,0,0,0,0,0,0,5000,0,0,0,5000,0,5000,5000
050165,泰鼎國泰95購02  ,0,0,0,0,0,0,0,0,0,5000,0,0,0,5000,0,5000,5000
049249,台達電元大94購05,0,0,0,0,0,0,0,0,0,5000,0,0,0,5000,0,5000,5000
05404P,台積電群益95售06,0,0,0,0,0,0,0,0,0,5000,0,0,0,5000,0,5000,5000
053994,微星群益96購01  ,0,0,0,0,0,0,0,0,0,5000,0,0,0,5000,0,5000,5000
05406P,台光電凱基95售02,0,0,0,0,0,0,0,0,0,5000,0,0,0,10000,5000,5000,5000
053705,滬深2X凱基99購01,0,0,0,0,0,0,0,0,0,5000,0,0,0,11000,6000,5000,5000
053741,漢唐國票97購03  ,0,0,0,0,0,0,0,0,0,5000,0,0,0,5000,0,5000,5000
053552,華新科凱基96購08,0,0,0,0,0,0,0,0,0,5000,0,0,0,91000,86000,5000,5000
053578,華新元大98購01  ,0,0,0,0,0,0,0,0,0,5000,0,0,0,5000,0,5000,5000
053592,亞光元大96購01  ,0,0,0,0,0,0,0,0,0,5000,0,0,0,17000,12000,5000,5000
053674,臺股指元富96購01,0,0,0,0,0,0,0,0,0,5000,0,0,0,5000,0,5000,5000
053605,臺股指永昌96購01,0,0,0,0,0,0,0,0,0,5000,0,0,0,385000,380000,5000,5000
052847,漢唐統一99購01  ,0,0,0,0,0,0,0,0,0,5000,0,0,0,5000,0,5000,5000
05286P,矽力統一95售02  ,0,0,0,0,0,0,0,0,0,5000,0,0,0,11000,6000,5000,5000
052887,華通中信96購01  ,0,0,0,0,0,0,0,0,0,5000,0,0,0,5000,0,5000,5000
05300P,健策元大95售02  ,0,0,0,0,0,0,0,0,0,5000,0,0,0,20000,15000,5000,5000
053374,台達電元大96購03,0,0,0,0,0,0,0,0,0,5000,0,0,0,5000,0,5000,5000
054246,國巨元大96購12  ,0,0,0,0,0,0,0,0,0,5000,0,0,0,279000,274000,5000,5000
054535,旺宏富邦97購02  ,0,0,0,0,0,0,0,0,0,5000,0,0,0,56000,51000,5000,5000
054502,泰碩永豐96購01  ,0,0,0,0,0,0,0,0,0,5000,0,0,0,10000,5000,5000,5000
05469P,台積電元大95售24,0,0,0,0,0,0,0,0,0,5000,0,0,0,1156000,1151000,5000,5000
05460P,台郡凱基95售05  ,0,0,0,0,0,0,0,0,0,5000,0,0,0,5000,0,5000,5000
054544,統一中信97購01  ,0,0,0,0,0,0,0,0,0,5000,0,0,0,15000,10000,5000,5000
054741,亞光凱基99購01  ,0,0,0,0,0,0,0,0,0,5000,0,0,0,5000,0,5000,5000
055352,奇力新凱基97購01,0,0,0,0,0,0,0,0,0,5000,0,0,0,9000,4000,5000,5000
055270,上銀元大97購03  ,0,0,0,0,0,0,0,0,0,5000,0,0,0,43000,38000,5000,5000
055115,日月光凱基98購01,0,0,0,0,0,0,0,0,0,5000,0,0,0,50000,45000,5000,5000
055172,凱美統一97購02  ,0,0,0,0,0,0,0,0,0,5000,0,0,0,5000,0,5000,5000
055158,亞光元大99購01  ,0,0,0,0,0,0,0,0,0,5000,0,0,0,5000,0,5000,5000
055015,帆宣元富97購01  ,0,0,0,0,0,0,0,0,0,5000,0,0,0,5000,0,5000,5000
06481P,台積電凱基98售12,0,0,0,0,0,0,0,0,0,5000,0,0,0,5000,0,5000,5000
06334P,臺股指群益9C售03,0,0,0,0,0,0,0,0,0,5000,0,0,0,5000,0,5000,5000
06327P,台積電中信01售01,0,0,0,0,0,0,0,0,0,5000,0,0,0,43000,38000,5000,5000
06438P,玉晶光國票99售02,0,0,0,0,0,0,0,0,0,5000,0,0,0,10000,5000,5000,5000
06907P,華新科國泰99售05,0,0,0,0,0,0,0,0,0,5000,0,0,0,175000,170000,5000,5000
06896P,信邦中信98售01  ,0,0,0,0,0,0,0,0,0,5000,0,0,0,5000,0,5000,5000
06889P,臺股指元大98售13,0,0,0,0,0,0,0,0,0,5000,0,0,0,5000,0,5000,5000
06831P,臺股指國票98售07,0,0,0,0,0,0,0,0,0,5000,0,0,0,5000,0,5000,5000
06777P,鴻海元大99售06  ,0,0,0,0,0,0,0,0,0,5000,0,0,0,457000,452000,5000,5000
06758P,鴻海元大98售10  ,0,0,0,0,0,0,0,0,0,5000,0,0,0,349000,344000,5000,5000
06711P,臺股指台新99售08,0,0,0,0,0,0,0,0,0,5000,0,0,0,5000,0,5000,5000
06616P,國巨元大98售15  ,0,0,0,0,0,0,0,0,0,5000,0,0,0,58000,53000,5000,5000
06660P,大立光富邦9B售03,0,0,0,0,0,0,0,0,0,5000,0,0,0,42000,37000,5000,5000
057895,全新元富9B購01  ,0,0,0,0,0,0,0,0,0,5000,0,0,0,12000,7000,5000,5000
06207P,聯發科凱基97售07,0,0,0,0,0,0,0,0,0,5000,0,0,0,5000,0,5000,5000
9926,新海            ,1000,0,1000,0,0,0,0,0,0,4000,4000,0,4000,0,0,0,5000
9136,巨騰-DR         ,7000,2000,5000,0,0,0,0,0,0,0,0,0,0,0,0,0,5000
3164,景岳            ,15000,8000,7000,0,0,0,0,0,0,-2000,1000,3000,-2000,0,0,0,5000
1541,錩泰            ,2000,5000,-3000,0,0,0,0,0,0,8000,9000,1000,8000,0,0,0,5000
056726,友達日盛9A購01  ,0,0,0,0,0,0,0,0,0,4000,0,0,0,10000,6000,4000,4000
05670P,台積電國票98售01,0,0,0,0,0,0,0,0,0,4000,0,0,0,4000,0,4000,4000
057779,禾伸堂群益98購02,0,0,0,0,0,0,0,0,0,4000,0,0,0,75000,71000,4000,4000
05750P,臺股指群益99售04,0,0,0,0,0,0,0,0,0,4000,0,0,0,5000,1000,4000,4000
056368,祥碩元大98購02  ,0,0,0,0,0,0,0,0,0,4000,0,0,0,13000,9000,4000,4000
056248,康友群益97購04  ,0,0,0,0,0,0,0,0,0,4000,0,0,0,21000,17000,4000,4000
056262,台積電統一98購04,0,0,0,0,0,0,0,0,0,4000,0,0,0,302000,298000,4000,4000
056559,華通群益98購02  ,0,0,0,0,0,0,0,0,0,4000,0,0,0,4000,0,4000,4000
056660,臺股指元大9A購07,0,0,0,0,0,0,0,0,0,4000,0,0,0,615000,611000,4000,4000
055487,國巨元大98購07  ,0,0,0,0,0,0,0,0,0,4000,0,0,0,92000,88000,4000,4000
050853,南電國票96購01  ,0,0,0,0,0,0,0,0,0,4000,0,0,0,70000,66000,4000,4000
051529,東元國票96購01  ,0,0,0,0,0,0,0,0,0,4000,0,0,0,10000,6000,4000,4000
048080,元石油凱基96購01,0,0,0,0,0,0,0,0,0,4000,0,0,0,4000,0,4000,4000
048635,鴻海元大94購04  ,0,0,0,0,0,0,0,0,0,4000,0,0,0,21000,17000,4000,4000
047015,上銀元大93購03  ,0,0,0,0,0,0,0,0,0,4000,0,0,0,4000,0,4000,4000
047669,台表科永豐93購02,0,0,0,0,0,0,0,0,0,4000,0,0,0,4000,0,4000,4000
048579,華新富邦93購01  ,0,0,0,0,0,0,0,0,0,4000,0,0,0,4000,0,4000,4000
047840,新日興元大93購03,0,0,0,0,0,0,0,0,0,4000,0,0,0,4000,0,4000,4000
047727,拓凱群益94購01  ,0,0,0,0,0,0,0,0,0,4000,0,0,0,4000,0,4000,4000
046647,高鐵國泰93購01  ,0,0,0,0,0,0,0,0,0,4000,0,0,0,4000,0,4000,4000
046628,大立光統一98購01,0,0,0,0,0,0,0,0,0,4000,0,0,0,34000,30000,4000,4000
046740,大立光群益95購01,0,0,0,0,0,0,0,0,0,4000,0,0,0,25000,21000,4000,4000
047383,鴻海元大95購01  ,0,0,0,0,0,0,0,0,0,4000,0,0,0,11000,7000,4000,4000
046275,台表科凱基94購01,0,0,0,0,0,0,0,0,0,4000,0,0,0,4000,0,4000,4000
044972,元金2X國票96購01,0,0,0,0,0,0,0,0,0,4000,0,0,0,10000,6000,4000,4000
04164P,滬深2X元富93售03,0,0,0,0,0,0,0,0,0,4000,0,0,0,85000,81000,4000,4000
0053,元大電子        ,0,0,0,0,0,0,0,0,0,4000,0,0,0,9000,5000,4000,4000
045231,南電元大94購01  ,0,0,0,0,0,0,0,0,0,4000,0,0,0,4000,0,4000,4000
04329P,TPK群益93售04   ,0,0,0,0,0,0,0,0,0,4000,0,0,0,6000,2000,4000,4000
043851,國泰金永昌93購01,0,0,0,0,0,0,0,0,0,4000,0,0,0,4000,0,4000,4000
045142,聯茂兆豐93購02  ,0,0,0,0,0,0,0,0,0,4000,0,0,0,4000,0,4000,4000
05213P,台積電國票96售05,0,0,0,0,0,0,0,0,0,4000,0,0,0,4000,0,4000,4000
052140,鈺齊凱基95購02  ,0,0,0,0,0,0,0,0,0,4000,0,0,0,4000,0,4000,4000
05165P,欣興元富95售03  ,0,0,0,0,0,0,0,0,0,4000,0,0,0,11000,7000,4000,4000
051738,全新國票96購02  ,0,0,0,0,0,0,0,0,0,4000,0,0,0,4000,0,4000,4000
051823,矽力元富95購02  ,0,0,0,0,0,0,0,0,0,4000,0,0,0,5000,1000,4000,4000
05054P,臻鼎群益95售02  ,0,0,0,0,0,0,0,0,0,4000,0,0,0,6000,2000,4000,4000
05220P,台積電元大95售16,0,0,0,0,0,0,0,0,0,4000,0,0,0,255000,251000,4000,4000
049916,台光電元大94購06,0,0,0,0,0,0,0,0,0,4000,0,0,0,7000,3000,4000,4000
050230,聯發科麥證94購02,0,0,0,51000,31000,20000,0,0,0,4000,0,0,0,51000,47000,4000,4000
04977P,力成凱基96售01  ,0,0,0,0,0,0,0,0,0,4000,0,0,0,5000,1000,4000,4000
051057,信邦群益95購01  ,0,0,0,0,0,0,0,0,0,4000,0,0,0,14000,10000,4000,4000
050320,台表科國票94購01,0,0,0,0,0,0,0,0,0,4000,0,0,0,4000,0,4000,4000
052714,義隆凱基96購02  ,0,0,0,0,0,0,0,0,0,4000,0,0,0,4000,0,4000,4000
051401,華新科永豐95購01,0,6000,-6000,0,0,0,0,0,0,10000,0,0,0,18000,8000,10000,4000
04945P,鴻海永豐94售06  ,0,0,0,0,0,0,0,0,0,4000,0,0,0,4000,0,4000,4000
05228P,大立光元富95售09,0,0,0,0,0,0,0,0,0,4000,0,0,0,4000,0,4000,4000
051187,晶相光永豐95購01,0,0,0,0,0,0,0,0,0,4000,0,0,0,34000,30000,4000,4000
051161,喬山元大95購02  ,0,0,0,0,0,0,0,0,0,4000,0,0,0,4000,0,4000,4000
054969,亞翔元大97購01  ,0,0,0,0,0,0,0,0,0,4000,0,0,0,4000,0,4000,4000
055229,大毅國票97購02  ,0,0,0,0,0,0,0,0,0,4000,0,0,0,4000,0,4000,4000
055297,啟碁元大97購01  ,0,0,0,0,0,0,0,0,0,4000,0,0,0,4000,0,4000,4000
055455,健策國泰98購02  ,0,0,0,0,0,0,0,0,0,4000,0,0,0,27000,23000,4000,4000
054754,昇陽半凱基98購02,0,0,0,0,0,0,0,0,0,4000,0,0,0,4000,0,4000,4000
054820,新日興元大97購01,0,0,0,0,0,0,0,0,0,4000,0,0,0,4000,0,4000,4000
054821,貿聯元大9A購01  ,0,0,0,0,0,0,0,0,0,4000,0,0,0,113000,109000,4000,4000
054420,緯穎元大96購08  ,0,0,0,0,0,0,0,0,0,4000,0,0,0,96000,92000,4000,4000
054299,南電元大96購03  ,0,0,0,0,0,0,0,0,0,4000,0,0,0,6000,2000,4000,4000
053259,卜蜂群益97購01  ,0,0,0,0,0,0,0,0,0,4000,0,0,0,4000,0,4000,4000
053088,奇鋐元大98購01  ,0,0,0,0,0,0,0,0,0,4000,0,0,0,4000,0,4000,4000
052843,鴻海統一96購09  ,0,0,0,0,0,0,0,0,0,4000,0,0,0,4000,0,4000,4000
053735,矽力中信97購01  ,0,0,0,0,0,0,0,0,0,4000,0,0,0,10000,6000,4000,4000
053790,嘉聯益元大99購02,0,0,0,0,0,0,0,0,0,4000,0,0,0,4000,0,4000,4000
053854,聯茂國泰97購02  ,0,0,0,0,0,0,0,0,0,4000,0,0,0,6000,2000,4000,4000
1312A,國喬特          ,0,0,0,0,0,0,0,0,0,4000,6000,2000,4000,0,0,0,4000
2468,華經            ,6000,2000,4000,0,0,0,0,0,0,0,0,0,0,0,0,0,4000
2616,山隆            ,16000,12000,4000,0,0,0,0,0,0,0,0,0,0,0,0,0,4000
4807,日成-KY         ,24000,20000,4000,0,0,0,0,0,0,0,0,0,0,0,0,0,4000
06071P,大立光永豐97售01,0,0,0,0,0,0,0,0,0,4000,0,0,0,33000,29000,4000,4000
06117P,臺股指日盛97售02,0,0,0,0,0,0,0,0,0,4000,0,0,0,4000,0,4000,4000
05991P,聯茂群益96售05  ,0,0,0,0,0,0,0,0,0,4000,0,0,0,30000,26000,4000,4000
05998P,台積電元大97售12,0,0,0,0,0,0,0,0,0,4000,0,0,0,117000,113000,4000,4000
06688P,鴻海中信02售01  ,0,0,0,0,0,0,0,0,0,4000,0,0,0,4000,0,4000,4000
06740P,台灣50國泰9A售02,0,0,0,0,0,0,0,0,0,4000,0,0,0,54000,50000,4000,4000
06540P,聯發科凱基98售13,0,0,0,0,0,0,0,0,0,4000,0,0,0,5000,1000,4000,4000
06551P,貿聯元大98售05  ,0,0,0,0,0,0,0,0,0,4000,0,0,0,85000,81000,4000,4000
056049,奇力新國票98購01,0,0,0,0,0,0,0,0,0,3000,0,0,0,3000,0,3000,3000
055972,GIS元大97購04   ,0,0,0,0,0,0,0,0,0,3000,0,0,0,3000,0,3000,3000
056445,聯發科凱基98購07,0,0,0,0,0,0,0,0,0,3000,0,0,0,59000,56000,3000,3000
056471,台光電元大99購01,0,0,0,0,0,0,0,0,0,3000,0,0,0,3000,0,3000,3000
056287,亞光永豐97購02  ,0,0,0,0,0,0,0,0,0,3000,0,0,0,3000,0,3000,3000
056197,友訊永豐97購01  ,0,0,0,0,0,0,0,0,0,3000,0,0,0,104000,101000,3000,3000
056166,微星台新97購01  ,0,0,0,0,0,0,0,0,0,3000,0,0,0,18000,15000,3000,3000
057757,鴻海凱基98購13  ,0,0,0,0,0,0,0,0,0,3000,0,0,0,59000,56000,3000,3000
057681,T50反1日盛9C購01,0,0,0,0,0,0,0,0,0,3000,0,0,0,3000,0,3000,3000
05765P,臺股指永豐96售01,0,0,0,0,0,0,0,0,0,3000,0,0,0,3000,0,3000,3000
056794,上銀麥證98購01  ,0,0,0,23000,20000,3000,0,0,0,3000,0,0,0,23000,20000,3000,3000
057227,台積電凱基98購15,0,0,0,0,0,0,0,0,0,3000,0,0,0,3000,0,3000,3000
057281,大立光元大98購16,0,0,0,0,0,0,0,0,0,3000,0,0,0,3000,0,3000,3000
057068,國巨永豐98購06  ,0,0,0,0,0,0,0,0,0,3000,0,0,0,123000,120000,3000,3000
03661C,臺股指凱基9C牛03,0,0,0,0,0,0,0,0,0,3000,0,0,0,3000,0,3000,3000
04340P,易華電元大94售02,0,0,0,0,0,0,0,0,0,3000,0,0,0,3000,0,3000,3000
045308,泰鼎元大93購02  ,0,0,0,0,0,0,0,0,0,3000,0,0,0,16000,13000,3000,3000
00680L,元大美債20正2   ,0,0,0,0,0,0,0,0,0,3000,236000,0,236000,144000,377000,-233000,3000
00691R,兆豐藍籌30反1   ,0,0,0,0,0,0,0,0,0,3000,0,0,0,5000,2000,3000,3000
045814,可成麥證93購01  ,0,0,0,3000,0,3000,0,0,0,3000,0,0,0,3000,0,3000,3000
04479P,同欣電中信96售02,0,0,0,0,0,0,0,0,0,3000,0,0,0,10000,7000,3000,3000
044645,元金2X群益93購01,0,0,0,0,0,0,0,0,0,3000,0,0,0,6000,3000,3000,3000
04625P,燿華元大94售03  ,0,0,0,0,0,0,0,0,0,3000,0,0,0,3000,0,3000,3000
047088,可成元富93購03  ,0,0,0,0,0,0,0,0,0,3000,0,0,0,3000,0,3000,3000
04603P,訊芯凱基94售03  ,0,0,0,0,0,0,0,0,0,3000,0,0,0,54000,51000,3000,3000
046061,中石化凱基98購01,0,0,0,0,0,0,0,0,0,3000,0,0,0,10000,7000,3000,3000
049090,茂林凱基94購01  ,0,0,0,0,0,0,0,0,0,3000,0,0,0,3000,0,3000,3000
04824P,亞泥中信94售02  ,0,0,0,0,0,0,0,0,0,3000,0,0,0,3000,0,3000,3000
046961,大立光中信95購02,0,0,0,0,0,0,0,0,0,3000,0,0,0,11000,8000,3000,3000
047517,元油反元大96購01,0,0,0,0,0,0,0,0,0,3000,0,0,0,3000,0,3000,3000
04788P,台積電永昌96售05,0,0,0,0,0,0,0,0,0,3000,0,0,0,3000,0,3000,3000
048006,瑞儀元大93購03  ,0,0,0,0,0,0,0,0,0,3000,0,0,0,3000,0,3000,3000
048591,台郡兆豐94購01  ,0,0,0,0,0,0,0,0,0,3000,0,0,0,3000,0,3000,3000
04810P,亞德客元大94售01,0,0,0,0,0,0,0,0,0,3000,0,0,0,3000,0,3000,3000
050843,富邦金國票96購01,0,0,0,0,0,0,0,0,0,3000,0,0,0,109000,106000,3000,3000
049154,玉晶光元大95購02,0,0,0,0,0,0,0,0,0,3000,0,0,0,137000,134000,3000,3000
04947P,聯詠元大94售05  ,0,0,0,0,0,0,0,0,0,3000,0,0,0,5000,2000,3000,3000
051452,貿聯元大95購04  ,0,0,0,0,0,0,0,0,0,3000,0,0,0,3000,0,3000,3000
051545,裕隆康和95購01  ,0,0,0,0,0,0,0,0,0,3000,0,0,0,163000,160000,3000,3000
052691,GIS元大96購01   ,0,0,0,0,0,0,0,0,0,3000,0,0,0,3000,0,3000,3000
049503,矽創元大94購01  ,0,0,0,0,0,0,0,0,0,3000,0,0,0,3000,0,3000,3000
050194,臻鼎元大94購03  ,0,0,0,0,0,0,0,0,0,3000,0,0,0,3000,0,3000,3000
050184,信邦元大94購01  ,0,0,0,0,0,0,0,0,0,3000,0,0,0,3000,0,3000,3000
052205,台積電中信95購09,0,0,0,0,0,0,0,0,0,3000,0,0,0,53000,50000,3000,3000
052142,滬深2X群益99購04,0,0,0,0,0,0,0,0,0,3000,0,0,0,3000,0,3000,3000
052110,可成元富95購02  ,0,0,0,0,0,0,0,0,0,3000,0,0,0,3000,0,3000,3000
049274,臺股指元大94購09,0,0,0,0,0,0,0,0,0,3000,0,0,0,3000,0,3000,3000
049656,臺股指凱基94購17,0,0,0,0,0,0,0,0,0,3000,0,0,0,3000,0,3000,3000
049117,矽格統一96購01  ,0,0,0,0,0,0,0,0,0,3000,0,0,0,3000,0,3000,3000
050174,技嘉元大94購01  ,0,0,0,0,0,0,0,0,0,3000,0,0,0,10000,7000,3000,3000
053819,大立光群益96購04,0,0,0,0,0,0,0,0,0,3000,0,0,0,3000,0,3000,3000
053831,台積電台新97購02,0,0,0,0,0,0,0,0,0,3000,0,0,0,3000,0,3000,3000
053727,麗豐凱基97購01  ,0,0,0,0,0,0,0,0,0,3000,0,0,0,3000,0,3000,3000
053658,亞光凱基96購01  ,0,0,0,0,0,0,0,0,0,3000,0,0,0,3000,0,3000,3000
053590,新光金元大9A購02,0,0,0,0,0,0,0,0,0,3000,0,0,0,105000,102000,3000,3000
054082,楠梓電元富96購01,0,0,0,0,0,0,0,0,0,3000,0,0,0,33000,30000,3000,3000
054161,友訊凱基98購01  ,0,0,0,0,0,0,0,0,0,3000,0,0,0,30000,27000,3000,3000
052917,大立光富邦99購02,0,0,0,0,0,0,0,0,0,3000,0,0,0,189000,186000,3000,3000
053102,祥碩元富96購01  ,0,0,0,0,0,0,0,0,0,3000,0,0,0,5000,2000,3000,3000
053129,緯穎凱基96購01  ,0,0,0,0,0,0,0,0,0,3000,0,0,0,3000,0,3000,3000
053112,中磊兆豐97購01  ,0,0,0,0,0,0,0,0,0,3000,0,0,0,3000,0,3000,3000
053207,SP黃豆凱基96購01,0,0,0,0,0,0,0,0,0,3000,0,0,0,3000,0,3000,3000
053500,新日興兆豐97購01,0,0,0,0,0,0,0,0,0,3000,0,0,0,3000,0,3000,3000
054421,臺股指元大99購03,0,0,0,0,0,0,0,0,0,3000,0,0,0,10000,7000,3000,3000
05457P,鴻海凱基95售20  ,0,0,0,0,0,0,0,0,0,3000,0,0,0,10000,7000,3000,3000
055460,華擎永豐97購01  ,0,0,0,0,0,0,0,0,0,3000,0,0,0,31000,28000,3000,3000
055384,緯穎元大98購02  ,0,0,0,0,0,0,0,0,0,3000,0,0,0,21000,18000,3000,3000
055360,台表科凱基97購02,0,0,0,0,0,0,0,0,0,3000,0,0,0,4000,1000,3000,3000
055293,晶相光元大97購01,0,0,0,0,0,0,0,0,0,3000,0,0,0,67000,64000,3000,3000
05528P,臺股指群益96售01,0,0,0,0,0,0,0,0,0,3000,0,0,0,3000,0,3000,3000
06400P,鴻海元富97售12  ,0,0,0,0,0,0,0,0,0,3000,0,0,0,3000,0,3000,3000
06402P,鴻海元富97售14  ,0,0,0,0,0,0,0,0,0,3000,0,0,0,3000,0,3000,3000
06404P,鴻海元富97售16  ,0,0,0,0,0,0,0,0,0,3000,0,0,0,3000,0,3000,3000
06349P,臺股指台新99售01,0,0,0,0,0,0,0,0,0,3000,0,0,0,3000,0,3000,3000
06776P,鴻海元大99售05  ,0,0,0,0,0,0,0,0,0,3000,0,0,0,6000,3000,3000,3000
06765P,欣興元大98售11  ,0,0,0,0,0,0,0,0,0,3000,0,0,0,5000,2000,3000,3000
06644P,亞德客元大98售03,0,0,0,0,0,0,0,0,0,3000,0,0,0,3000,0,3000,3000
06887P,華新科元大98售04,0,0,0,0,0,0,0,0,0,3000,0,0,0,35000,32000,3000,3000
1232,大統益          ,8000,1000,7000,0,0,0,0,0,0,-4000,0,4000,-4000,0,0,0,3000
05977P,旺宏永豐96售06  ,0,0,0,0,0,0,0,0,0,3000,0,0,0,95000,92000,3000,3000
06027P,鴻海台新96售04  ,0,0,0,0,0,0,0,0,0,3000,0,0,0,3000,0,3000,3000
06161P,聯發科群益97售03,0,0,0,0,0,0,0,0,0,3000,0,0,0,23000,20000,3000,3000
8480,泰昇-KY         ,6000,3000,3000,0,0,0,0,0,0,0,0,0,0,0,0,0,3000
2429,銘旺科          ,46000,43000,3000,0,0,0,0,0,0,0,0,0,0,0,0,0,3000
2887E,台新戊特        ,0,0,0,0,0,0,0,0,0,3000,3000,0,3000,0,0,0,3000
01003T,兆豐新光R1      ,4706,2000,2706,0,0,0,0,0,0,0,0,0,0,0,0,0,2706
057086,立積統一9C購01  ,0,0,0,0,0,0,0,0,0,2000,0,0,0,2000,0,2000,2000
057161,亞德客元大98購02,0,0,0,0,0,0,0,0,0,2000,0,0,0,2000,0,2000,2000
056745,聯茂凱基99購03  ,0,0,0,0,0,0,0,0,0,2000,0,0,0,64000,62000,2000,2000
056749,滬深2X兆豐99購01,0,0,0,0,0,0,0,0,0,2000,0,0,0,82000,80000,2000,2000
056849,瀚宇博元富98購01,0,0,0,0,0,0,0,0,0,2000,0,0,0,2000,0,2000,2000
057713,美律統一99購01  ,0,0,0,0,0,0,0,0,0,2000,0,0,0,2000,0,2000,2000
057533,晶相光元大98購02,0,0,0,0,0,0,0,0,0,2000,0,0,0,26000,24000,2000,2000
056162,祥碩凱基97購03  ,0,0,0,0,0,0,0,0,0,2000,0,0,0,16000,14000,2000,2000
056114,台達電群益97購02,0,0,0,0,0,0,0,0,0,2000,0,0,0,2000,0,2000,2000
056155,嘉晶凱基97購01  ,0,0,0,0,0,0,0,0,0,2000,0,0,0,2000,0,2000,2000
056265,國泰金統一97購01,0,0,0,0,0,0,0,0,0,2000,0,0,0,2000,0,2000,2000
05623P,台積電中信96售03,0,0,0,0,0,0,0,0,0,2000,0,0,0,10000,8000,2000,2000
056477,欣興元大98購02  ,0,0,0,0,0,0,0,0,0,2000,0,0,0,22000,20000,2000,2000
056492,全新國泰9A購01  ,0,0,0,0,0,0,0,0,0,2000,0,0,0,12000,10000,2000,2000
056598,京元電元富98購01,0,0,0,0,0,0,0,0,0,2000,0,0,0,20000,18000,2000,2000
055934,景碩群益98購03  ,0,0,0,0,0,0,0,0,0,2000,0,0,0,32000,30000,2000,2000
055836,華邦電元大97購04,0,0,0,0,0,0,0,0,0,2000,0,0,0,13000,11000,2000,2000
055910,瑞昱凱基98購01  ,0,0,0,0,0,0,0,0,0,2000,0,0,0,173000,171000,2000,2000
055866,臺股指元大97購03,0,0,0,0,0,0,0,0,0,2000,0,0,0,20000,18000,2000,2000
055539,億光台新97購01  ,0,0,0,0,0,0,0,0,0,2000,0,0,0,2000,0,2000,2000
055665,亞德客群益97購01,0,0,0,0,0,0,0,0,0,2000,0,0,0,2000,0,2000,2000
03010X,元展10          ,0,0,0,0,0,0,0,0,0,2000,0,0,0,2000,0,2000,2000
00684R,元大美元指數反1 ,0,0,0,0,0,0,0,0,0,2000,0,0,0,2000,0,2000,2000
00689R,國泰20年美債反1 ,0,0,0,0,0,0,0,0,0,2000,0,0,0,103000,101000,2000,2000
043381,大立光元大93購02,0,0,0,0,0,0,0,0,0,2000,0,0,0,2000,0,2000,2000
043889,台表科元大93購01,0,0,0,0,0,0,0,0,0,2000,0,0,0,2000,0,2000,2000
03647P,京元電元富95售02,0,0,0,0,0,0,0,0,0,2000,0,0,0,12000,10000,2000,2000
035275,台積電台新97購01,0,0,0,0,0,0,0,0,0,2000,0,0,0,3000,1000,2000,2000
035277,景碩台新97購01  ,0,0,0,0,0,0,0,0,0,2000,0,0,0,2000,0,2000,2000
045122,臺股指元大93購08,0,0,0,0,0,0,0,0,0,2000,0,0,0,2000,0,2000,2000
047105,和大元大94購01  ,0,0,0,0,0,0,0,0,0,2000,0,0,0,3000,1000,2000,2000
044302,智邦兆豐93購02  ,0,0,0,0,0,0,0,0,0,2000,0,0,0,2000,0,2000,2000
048942,上緯控永豐94購01,0,0,0,0,0,0,0,0,0,2000,0,0,0,2000,0,2000,2000
050051,智原群益94購01  ,0,0,0,0,0,0,0,0,0,2000,0,0,0,2000,0,2000,2000
048083,台達電凱基93購04,0,0,0,0,0,0,0,0,0,2000,0,0,0,2000,0,2000,2000
048231,台表科凱基93購06,0,0,0,0,0,0,0,0,0,2000,0,0,0,2000,0,2000,2000
04887P,臺股指凱基94售21,0,0,0,0,0,0,0,0,0,2000,0,0,0,2000,0,2000,2000
048867,台積電兆豐95購01,0,0,0,0,0,0,0,0,0,2000,0,0,0,2000,0,2000,2000
048566,上海銀元大93購04,0,0,0,0,0,0,0,0,0,2000,0,0,0,12000,10000,2000,2000
047039,晶技群益93購02  ,0,0,0,0,0,0,0,0,0,2000,0,0,0,2000,0,2000,2000
04795P,聯發科元大94售09,0,0,0,0,0,0,0,0,0,2000,0,0,0,2000,0,2000,2000
047907,燿華元大93購05  ,0,0,0,0,0,0,0,0,0,2000,0,0,0,2000,0,2000,2000
047772,泰鼎元大93購05  ,0,0,0,0,0,0,0,0,0,2000,0,0,0,3000,1000,2000,2000
049669,訊芯國泰95購01  ,0,0,0,0,0,0,0,0,0,2000,0,0,0,2000,0,2000,2000
049248,台達電元大94購04,0,0,0,0,0,0,0,0,0,2000,0,0,0,2000,0,2000,2000
051766,泰鼎元大95購02  ,0,0,0,0,0,0,0,0,0,2000,0,0,0,10000,8000,2000,2000
05205P,緯穎元大95售03  ,0,0,0,0,0,0,0,0,0,2000,0,0,0,2000,0,2000,2000
051862,旺宏凱基95購05  ,0,0,0,0,0,0,0,0,0,2000,0,0,0,2000,0,2000,2000
05189P,新光金凱基97售02,0,0,0,0,0,0,0,0,0,2000,0,0,0,35000,33000,2000,2000
050438,欣興凱基94購09  ,0,0,0,0,0,0,0,0,0,2000,0,0,0,2000,0,2000,2000
050617,神基元大94購01  ,0,0,0,0,0,0,0,0,0,2000,0,0,0,176000,174000,2000,2000
049937,臺股指元大94購18,0,0,0,0,0,0,0,0,0,2000,0,0,0,4000,2000,2000,2000
049578,台達電元大94購09,0,0,0,0,0,0,0,0,0,2000,0,0,0,2000,0,2000,2000
050414,泰鼎永豐94購04  ,0,0,0,0,0,0,0,0,0,2000,0,0,0,10000,8000,2000,2000
05244P,台積電元大95售17,0,0,0,0,0,0,0,0,0,2000,0,0,0,1750000,1748000,2000,2000
052689,玉晶光元大98購03,0,0,0,0,0,0,0,0,0,2000,0,0,0,2000,0,2000,2000
052627,中壽中信98購01  ,0,0,0,0,0,0,0,0,0,2000,0,0,0,2000,0,2000,2000
052733,台郡國泰97購01  ,0,0,0,0,0,0,0,0,0,2000,0,0,0,2000,0,2000,2000
051419,麗豐國票96購01  ,0,0,0,0,0,0,0,0,0,2000,0,0,0,2000,0,2000,2000
05117P,瑞昱群益95售02  ,0,0,0,0,0,0,0,0,0,2000,0,0,0,2000,0,2000,2000
051160,亞德客元大95購02,0,0,0,0,0,0,0,0,0,2000,0,0,0,2000,0,2000,2000
05122P,鴻海永昌96售06  ,0,0,0,0,0,0,0,0,0,2000,0,0,0,588000,586000,2000,2000
052230,大立光凱基96購09,0,0,0,0,0,0,0,0,0,2000,0,0,0,3000,1000,2000,2000
05531P,臺股指群益96售04,0,0,0,0,0,0,0,0,0,2000,0,0,0,2000,0,2000,2000
055375,京鼎元大97購03  ,0,0,0,0,0,0,0,0,0,2000,0,0,0,26000,24000,2000,2000
055148,鴻海元大98購02  ,0,0,0,0,0,0,0,0,0,2000,0,0,0,27000,25000,2000,2000
055176,大毅統一98購02  ,0,0,0,0,0,0,0,0,0,2000,0,0,0,3000,1000,2000,2000
055118,嘉聯益凱基98購02,0,0,0,0,0,0,0,0,0,2000,0,0,0,2000,0,2000,2000
054586,健鼎國泰99購01  ,0,0,0,0,0,0,0,0,0,2000,0,0,0,43000,41000,2000,2000
054669,凌華元富97購01  ,0,0,0,0,0,0,0,0,0,2000,0,0,0,2000,0,2000,2000
054886,大毅統一97購01  ,0,0,0,0,0,0,0,0,0,2000,0,0,0,2000,0,2000,2000
054543,元金2X中信01購01,0,0,0,0,0,0,0,0,0,2000,0,0,0,2000,0,2000,2000
053121,上証2X凱基9C購01,0,0,0,0,0,0,0,0,0,2000,0,0,0,2000,0,2000,2000
053015,緯創統一96購01  ,0,0,0,0,0,0,0,0,0,2000,0,0,0,2000,0,2000,2000
054066,緯穎國票97購03  ,0,0,0,0,0,0,0,0,0,2000,0,0,0,2000,0,2000,2000
054103,T50反1凱基99購04,0,0,0,0,0,0,0,0,0,2000,0,0,0,2000,0,2000,2000
054001,康友群益96購02  ,0,0,0,0,0,0,0,0,0,2000,0,0,0,17000,15000,2000,2000
053901,T50反1凱基99購03,0,0,0,0,0,0,0,0,0,2000,0,0,0,2000,0,2000,2000
053745,康友國票97購01  ,0,0,0,0,0,0,0,0,0,2000,0,0,0,2000,0,2000,2000
053836,亞光永豐96購02  ,0,0,0,0,0,0,0,0,0,2000,0,0,0,13000,11000,2000,2000
2891B,中信金乙特      ,0,0,0,0,0,0,0,0,0,2000,2000,0,2000,0,0,0,2000
2891C,中信金丙特      ,0,0,0,0,0,0,0,0,0,2000,2000,0,2000,0,0,0,2000
2496,卓越            ,2000,2000,0,0,0,0,0,0,0,2000,2000,0,2000,0,0,0,2000
2881B,富邦金乙特      ,0,0,0,0,0,0,0,0,0,2000,12000,10000,2000,0,0,0,2000
2002A,中鋼特          ,0,0,0,0,0,0,0,0,0,2000,2000,0,2000,0,0,0,2000
1902,台紙            ,264000,264000,0,0,0,0,0,0,0,2000,3000,1000,2000,0,0,0,2000
2415,錩新            ,0,0,0,0,0,0,0,0,0,2000,2000,0,2000,0,0,0,2000
8442,威宏-KY         ,8000,5000,3000,0,0,0,0,0,0,-1000,0,1000,-1000,0,0,0,2000
8374,羅昇            ,4000,2000,2000,0,0,0,0,0,0,0,0,0,0,0,0,0,2000
06141P,大立光日盛97售01,0,0,0,0,0,0,0,0,0,2000,0,0,0,2000,0,2000,2000
06278P,臺股指凱基97售10,0,0,0,0,0,0,0,0,0,2000,0,0,0,2000,0,2000,2000
06124P,超眾元大97售03  ,0,0,0,0,0,0,0,0,0,2000,0,0,0,20000,18000,2000,2000
057927,勤誠凱基98購01  ,0,0,0,0,0,0,0,0,0,2000,0,0,0,2000,0,2000,2000
05829P,臺股指統一96售08,0,0,0,0,0,0,0,0,0,2000,0,0,0,102000,100000,2000,2000
05873P,華通群益97售02  ,0,0,0,0,0,0,0,0,0,2000,0,0,0,12000,10000,2000,2000
06635P,聯發科凱基98售15,0,0,0,0,0,0,0,0,0,2000,0,0,0,60000,58000,2000,2000
06655P,TPK元大98售02   ,0,0,0,0,0,0,0,0,0,2000,0,0,0,3000,1000,2000,2000
06670P,鴻海群益98售06  ,0,0,0,0,0,0,0,0,0,2000,0,0,0,2000,0,2000,2000
06775P,臺股指兆豐98售03,0,0,0,0,0,0,0,0,0,2000,0,0,0,2000,0,2000,2000
06770P,台灣50第一9C售01,0,0,0,0,0,0,0,0,0,2000,0,0,0,3000,1000,2000,2000
06342P,世芯統一98售01  ,0,0,0,0,0,0,0,0,0,2000,0,0,0,2000,0,2000,2000
06287P,臺股指國票97售01,0,0,0,0,0,0,0,0,0,2000,0,0,0,2000,0,2000,2000
06462P,鴻海富邦98售01  ,0,0,0,0,0,0,0,0,0,2000,0,0,0,2000,0,2000,2000
008201,BP上證50        ,0,0,0,0,0,0,0,0,0,1100,0,0,0,1100,0,1100,1100
055676,亞德客凱基97購03,0,0,0,0,0,0,0,0,0,1000,0,0,0,1000,0,1000,1000
055637,亞德客元富97購01,0,0,0,0,0,0,0,0,0,1000,0,0,0,1000,0,1000,1000
055563,智易凱基97購02  ,0,0,0,0,0,0,0,0,0,1000,0,0,0,1000,0,1000,1000
05559P,臺股指麥證96售01,0,0,0,3000,2000,1000,0,0,0,1000,0,0,0,3000,2000,1000,1000
055478,訊芯凱基97購01  ,0,0,0,0,0,0,0,0,0,1000,0,0,0,1000,0,1000,1000
055496,高鐵元大97購02  ,0,0,0,0,0,0,0,0,0,1000,0,0,0,21000,20000,1000,1000
055508,矽力元大97購01  ,0,0,0,0,0,0,0,0,0,1000,0,0,0,1000,0,1000,1000
055509,訊芯元大97購03  ,0,0,0,0,0,0,0,0,0,1000,0,0,0,1000,0,1000,1000
055916,奇鋐凱基99購01  ,0,0,0,0,0,0,0,0,0,1000,0,0,0,1000,0,1000,1000
055788,緯穎凱基97購04  ,0,0,0,0,0,0,0,0,0,1000,0,0,0,3000,2000,1000,1000
055983,全新元富9A購02  ,0,0,0,0,0,0,0,0,0,1000,0,0,0,31000,30000,1000,1000
056004,南電永豐97購02  ,0,0,0,0,0,0,0,0,0,1000,0,0,0,2000,1000,1000,1000
056028,GIS群益97購02   ,0,0,0,0,0,0,0,0,0,1000,0,0,0,21000,20000,1000,1000
056555,矽創凱基98購01  ,0,0,0,0,0,0,0,0,0,1000,0,0,0,90000,89000,1000,1000
056649,智易凱基98購01  ,0,0,0,0,0,0,0,0,0,1000,0,0,0,28000,27000,1000,1000
056636,台積電日盛9A購01,0,0,0,0,0,0,0,0,0,1000,0,0,0,1000,0,1000,1000
056160,智易凱基97購03  ,0,0,0,0,0,0,0,0,0,1000,0,0,0,1000,0,1000,1000
056103,聯發科永豐97購03,0,0,0,0,0,0,0,0,0,1000,0,0,0,1000,0,1000,1000
05757P,旺宏永豐96售03  ,0,0,0,0,0,0,0,0,0,1000,0,0,0,13000,12000,1000,1000
057371,可成元大98購08  ,0,0,0,0,0,0,0,0,0,1000,0,0,0,1000,0,1000,1000
057297,新日興永豐98購01,0,0,0,0,0,0,0,0,0,1000,0,0,0,133000,132000,1000,1000
057702,同欣電群益99購01,0,0,0,0,0,0,0,0,0,1000,0,0,0,51000,50000,1000,1000
057662,上銀元大9A購01  ,0,0,0,0,0,0,0,0,0,1000,0,0,0,18000,17000,1000,1000
057791,可成統一99購01  ,0,0,0,0,0,0,0,0,0,1000,0,0,0,1000,0,1000,1000
05784P,臺股指元大96售18,0,0,0,0,0,0,0,0,0,1000,0,0,0,3000,2000,1000,1000
057854,聯發科國票99購03,0,0,0,0,0,0,0,0,0,1000,0,0,0,1000,0,1000,1000
056900,可成元大98購02  ,0,0,0,0,0,0,0,0,0,1000,0,0,0,1000,0,1000,1000
056905,欣興元大98購03  ,0,0,0,0,0,0,0,0,0,1000,0,0,0,65000,64000,1000,1000
056987,南茂群益98購01  ,0,0,0,0,0,0,0,0,0,1000,0,0,0,1000,0,1000,1000
056734,國巨凱基99購01  ,0,0,0,0,0,0,0,0,0,1000,0,0,0,1000,0,1000,1000
057144,南電兆豐98購01  ,0,0,0,0,0,0,0,0,0,1000,0,0,0,1000,0,1000,1000
057245,福懋科台新98購01,0,0,0,0,0,0,0,0,0,1000,0,0,0,1000,0,1000,1000
057077,國巨統一98購06  ,0,0,0,0,0,0,0,0,0,1000,0,0,0,1000,0,1000,1000
04205P,臺股指元大93售45,0,0,0,0,0,0,0,0,0,1000,0,0,0,649000,648000,1000,1000
04098P,臺股指國票93售05,0,0,0,0,0,0,0,0,0,1000,0,0,0,1000,0,1000,1000
04043P,復盛元富93售02  ,0,0,0,0,0,0,0,0,0,1000,0,0,0,1000,0,1000,1000
04015P,可成元大93售10  ,0,0,0,0,0,0,0,0,0,1000,0,0,0,1000,0,1000,1000
04232P,可成亞東93售02  ,0,0,0,0,0,0,0,0,0,1000,0,0,0,1000,0,1000,1000
03955P,華通統一93售04  ,0,0,0,0,0,0,0,0,0,1000,0,0,0,1000,0,1000,1000
03899P,滬深2X群益95售03,0,0,0,0,0,0,0,0,0,1000,0,0,0,1000,0,1000,1000
03428B,臺股指凱基97熊18,0,0,0,0,0,0,0,0,0,1000,0,0,0,1000,0,1000,1000
043854,華新科富邦93購01,0,0,0,0,0,0,0,0,0,1000,0,0,0,1000,0,1000,1000
04375P,卜蜂元大94售01  ,0,0,0,0,0,0,0,0,0,1000,0,0,0,1000,0,1000,1000
04357P,智易永豐94售01  ,0,0,0,0,0,0,0,0,0,1000,0,0,0,1000,0,1000,1000
043585,道瓊反元大94購01,0,0,0,0,0,0,0,0,0,1000,0,0,0,1000,0,1000,1000
04542P,致伸永豐94售01  ,0,0,0,0,0,0,0,0,0,1000,0,0,0,46000,45000,1000,1000
04543P,鴻海富邦95售03  ,0,0,0,0,0,0,0,0,0,1000,0,0,0,1000,0,1000,1000
04552P,南電元大94售06  ,0,0,0,0,0,0,0,0,0,1000,0,0,0,2000,1000,1000,1000
04459P,元油2X元富94售08,0,0,0,0,0,0,0,0,0,1000,0,0,0,3569000,3568000,1000,1000
044526,訊芯凱基93購02  ,0,0,0,0,0,0,0,0,0,1000,0,0,0,1000,0,1000,1000
042792,T50反1台新9C購01,0,0,0,0,0,0,0,0,0,1000,0,0,0,11000,10000,1000,1000
045630,技嘉凱基93購02  ,0,0,0,0,0,0,0,0,0,1000,0,0,0,28000,27000,1000,1000
044965,大立光中信95購01,0,0,0,0,0,0,0,0,0,1000,0,0,0,62000,61000,1000,1000
04502P,元油2X元富98售08,0,0,0,0,0,0,0,0,0,1000,0,0,0,121000,120000,1000,1000
047127,臻鼎中信95購01  ,0,0,0,0,0,0,0,0,0,1000,0,0,0,80000,79000,1000,1000
046066,長榮航凱基94購01,0,0,0,0,0,0,0,0,0,1000,0,0,0,1000,0,1000,1000
04594P,緯穎元大94售04  ,0,0,0,0,0,0,0,0,0,1000,0,0,0,1000,0,1000,1000
048296,康控群益93購03  ,0,0,0,0,0,0,0,0,0,1000,0,0,0,1000,0,1000,1000
048995,宏全元大94購01  ,0,0,0,0,0,0,0,0,0,1000,0,0,0,1000,0,1000,1000
049079,聯發科凱基94購04,0,0,0,0,0,0,0,0,0,1000,0,0,0,1000,0,1000,1000
04903P,全新永豐94售05  ,0,0,0,0,0,0,0,0,0,1000,0,0,0,2000,1000,1000,1000
047623,世紀鋼凱基94購02,0,0,0,0,0,0,0,0,0,1000,0,0,0,10000,9000,1000,1000
047638,瑞昱元大93購11  ,0,0,0,0,0,0,0,0,0,1000,0,0,0,1000,0,1000,1000
048552,鴻海元大94購03  ,0,0,0,0,0,0,0,0,0,1000,0,0,0,61000,60000,1000,1000
04644P,全新凱基94售01  ,0,0,0,0,0,0,0,0,0,1000,0,0,0,2000,1000,1000,1000
04653P,臺股指凱基94售12,0,0,0,0,0,0,0,0,0,1000,0,0,0,1000,0,1000,1000
046727,新光金元大93購03,0,0,0,0,0,0,0,0,0,1000,0,0,0,1000,0,1000,1000
047436,台積電元大94購02,0,0,0,0,0,0,0,0,0,1000,0,0,0,1000,0,1000,1000
04885P,大立光凱基94售19,0,0,0,0,0,0,0,0,0,1000,0,0,0,1000,0,1000,1000
048790,大立光元大95購05,0,0,0,0,0,0,0,0,0,1000,0,0,0,1000,0,1000,1000
04871P,力成元富94售02  ,0,0,0,0,0,0,0,0,0,1000,0,0,0,73000,72000,1000,1000
050059,旺宏凱基94購03  ,0,0,0,0,0,0,0,0,0,1000,0,0,0,1000,0,1000,1000
048936,玉晶光永豐94購05,0,0,0,0,0,0,0,0,0,1000,0,0,0,250000,249000,1000,1000
048978,晶相光元大94購02,0,0,0,0,0,0,0,0,0,1000,0,0,0,2000,1000,1000,1000
050864,亞光永豐95購01  ,0,0,0,0,0,0,0,0,0,1000,0,0,0,6000,5000,1000,1000
051503,玉晶光統一97購01,0,0,0,0,0,0,0,0,0,1000,0,0,0,1000,0,1000,1000
05159P,聯發科永豐95售04,0,0,0,0,0,0,0,0,0,1000,0,0,0,1000,0,1000,1000
052221,東元凱基95購01  ,0,0,0,0,0,0,0,0,0,1000,0,0,0,1000,0,1000,1000
052217,台光電日盛95購01,0,0,0,0,0,0,0,0,0,1000,0,0,0,13000,12000,1000,1000
051221,嘉聯益元富95購01,0,0,0,0,0,0,0,0,0,1000,0,0,0,1000,0,1000,1000
05114P,臺股指元富95售02,0,0,0,0,0,0,0,0,0,1000,0,0,0,1000,0,1000,1000
050734,台積電台新94購02,0,0,0,0,0,0,0,0,0,1000,0,0,0,2000,1000,1000,1000
051381,玉晶光群益98購01,0,0,0,0,0,0,0,0,0,1000,0,0,0,37000,36000,1000,1000
05130P,聯發科統一95售03,0,0,0,0,0,0,0,0,0,1000,0,0,0,2000,1000,1000,1000
049478,祥碩永豐94購02  ,0,0,0,0,0,0,0,0,0,1000,0,0,0,1000,0,1000,1000
049410,統一凱基94購02  ,0,0,0,0,0,0,0,0,0,1000,0,0,0,1000,0,1000,1000
04944P,元油2X永豐94售06,0,0,0,0,0,0,0,0,0,1000,0,0,0,1908000,1907000,1000,1000
052411,嘉聯益亞東95購02,0,0,0,0,0,0,0,0,0,1000,0,0,0,1000,0,1000,1000
052439,寶成富邦97購01  ,0,0,0,0,0,0,0,0,0,1000,0,0,0,4000,3000,1000,1000
052489,義隆國票96購02  ,0,0,0,0,0,0,0,0,0,1000,0,0,0,1000,0,1000,1000
051088,台積電元大95購09,0,0,0,0,0,0,0,0,0,1000,0,0,0,108000,107000,1000,1000
050304,台光電中信94購01,0,0,0,0,0,0,0,0,0,1000,0,0,0,1000,0,1000,1000
051962,晶相光永豐95購02,0,0,0,0,0,0,0,0,0,1000,0,0,0,21000,20000,1000,1000
050917,瀚宇博兆豐96購01,0,0,0,0,0,0,0,0,0,1000,0,0,0,1000,0,1000,1000
049365,美律元大94購04  ,0,0,0,0,0,0,0,0,0,1000,0,0,0,1000,0,1000,1000
04990P,臻鼎元大94售04  ,0,0,0,0,0,0,0,0,0,1000,0,0,0,3000,2000,1000,1000
049811,聯鈞元大94購01  ,0,0,0,0,0,0,0,0,0,1000,0,0,0,1000,0,1000,1000
050662,智易元大96購01  ,0,0,0,0,0,0,0,0,0,1000,0,0,0,1000,0,1000,1000
050666,道瓊銀永豐94購01,0,0,0,0,0,0,0,0,0,1000,0,0,0,1000,0,1000,1000
050709,嘉聯益第一96購01,0,0,0,0,0,0,0,0,0,1000,0,0,0,1000,0,1000,1000
052210,華夏元大95購01  ,0,0,0,0,0,0,0,0,0,1000,0,0,0,1000,0,1000,1000
05046P,台光電永豐95售02,0,0,0,0,0,0,0,0,0,1000,0,0,0,15000,14000,1000,1000
052151,義隆富邦96購01  ,0,0,0,0,0,0,0,0,0,1000,0,0,0,1000,0,1000,1000
050098,嘉聯益國泰95購02,0,0,0,0,0,0,0,0,0,1000,0,0,0,101000,100000,1000,1000
052036,臺股指群益95購09,0,0,0,0,0,0,0,0,0,1000,0,0,0,1000,0,1000,1000
05182P,嘉晶統一95售03  ,0,0,0,0,0,0,0,0,0,1000,0,0,0,1000,0,1000,1000
050106,台達電元大94購11,0,0,0,0,0,0,0,0,0,1000,0,0,0,1000,0,1000,1000
052096,力成元大95購01  ,0,0,0,0,0,0,0,0,0,1000,0,0,0,11000,10000,1000,1000
049629,臺股指群益94購02,0,0,0,0,0,0,0,0,0,1000,0,0,0,1000,0,1000,1000
049129,S&P反1元大97購01,0,0,0,0,0,0,0,0,0,1000,0,0,0,1000,0,1000,1000
053853,康控國泰97購02  ,0,0,0,0,0,0,0,0,0,1000,0,0,0,11000,10000,1000,1000
053857,宏達電富邦97購02,0,0,0,0,0,0,0,0,0,1000,0,0,0,1000,0,1000,1000
053764,A50正2富邦99購01,0,0,0,0,0,0,0,0,0,1000,0,0,0,1000,0,1000,1000
05357P,臺股指元富95售11,0,0,0,0,0,0,0,0,0,1000,0,0,0,1000,0,1000,1000
05362P,可成富邦97售02  ,0,0,0,0,0,0,0,0,0,1000,0,0,0,2000,1000,1000,1000
054008,大立光元富96購06,0,0,0,0,0,0,0,0,0,1000,0,0,0,70000,69000,1000,1000
054140,智易元大97購03  ,0,0,0,0,0,0,0,0,0,1000,0,0,0,1000,0,1000,1000
054182,台積電康和96購01,0,0,0,0,0,0,0,0,0,1000,0,0,0,1000,0,1000,1000
054200,美律富邦97購02  ,0,0,0,0,0,0,0,0,0,1000,0,0,0,1000,0,1000,1000
054218,S&P反1統一98購02,0,0,0,0,0,0,0,0,0,1000,0,0,0,1000,0,1000,1000
052988,智易元大96購02  ,0,0,0,0,0,0,0,0,0,1000,0,0,0,1000,0,1000,1000
05312P,臺股指群益95售11,0,0,0,0,0,0,0,0,0,1000,0,0,0,1000,0,1000,1000
05294P,亞光凱基95售02  ,0,0,0,0,0,0,0,0,0,1000,0,0,0,1000,0,1000,1000
052889,致伸麥證97購01  ,0,0,0,1000,0,1000,0,0,0,1000,0,0,0,1000,0,1000,1000
053408,友達兆豐98購01  ,0,0,0,0,0,0,0,0,0,1000,0,0,0,21000,20000,1000,1000
05336P,臺股指國票95售05,0,0,0,0,0,0,0,0,0,1000,0,0,0,1000,0,1000,1000
053361,友達元富99購01  ,0,0,0,0,0,0,0,0,0,1000,0,0,0,30000,29000,1000,1000
05338P,臺股指國票95售07,0,0,0,0,0,0,0,0,0,1000,0,0,0,1000,0,1000,1000
053241,元油反國票9A購01,0,0,0,0,0,0,0,0,0,1000,0,0,0,1000,0,1000,1000
053274,旺宏元大98購03  ,0,0,0,0,0,0,0,0,0,1000,0,0,0,1000,0,1000,1000
05329P,臺股指凱基95售13,0,0,0,0,0,0,0,0,0,1000,0,0,0,1000,0,1000,1000
05330P,臺股指凱基95售14,0,0,0,0,0,0,0,0,0,1000,0,0,0,1000,0,1000,1000
053277,大立光元大96購04,0,0,0,0,0,0,0,0,0,1000,0,0,0,1000,0,1000,1000
054507,鈺齊永豐96購01  ,0,0,0,0,0,0,0,0,0,1000,0,0,0,1000,0,1000,1000
054315,訊芯凱基98購01  ,0,0,0,0,0,0,0,0,0,1000,0,0,0,7000,6000,1000,1000
054309,禾伸堂凱基98購01,0,0,0,0,0,0,0,0,0,1000,0,0,0,1000,0,1000,1000
054895,南電統一97購01  ,0,0,0,0,0,0,0,0,0,1000,0,0,0,1000,0,1000,1000
054789,高鐵群益98購01  ,0,0,0,0,0,0,0,0,0,1000,0,0,0,1000,0,1000,1000
05455P,聯詠日盛95售01  ,0,0,0,0,0,0,0,0,0,1000,0,0,0,4000,3000,1000,1000
054978,堤維西元富97購01,0,0,0,0,0,0,0,0,0,1000,0,0,0,1000,0,1000,1000
055274,華泰元大97購02  ,0,0,0,0,0,0,0,0,0,1000,0,0,0,41000,40000,1000,1000
06589P,台積電元大98售12,0,0,0,0,0,0,0,0,0,1000,0,0,0,40000,39000,1000,1000
06294P,臺股指國票97售08,0,0,0,0,0,0,0,0,0,1000,0,0,0,1000,0,1000,1000
06336P,鴻海元大98售05  ,0,0,0,0,0,0,0,0,0,1000,0,0,0,1000,0,1000,1000
1236,宏亞            ,1000,0,1000,0,0,0,0,0,0,0,0,0,0,0,0,0,1000
057902,嘉晶永豐98購02  ,0,0,0,0,0,0,0,0,0,1000,0,0,0,1000,0,1000,1000
057940,和大國票99購01  ,0,0,0,0,0,0,0,0,0,1000,0,0,0,14000,13000,1000,1000
058047,可成元大98購11  ,0,0,0,0,0,0,0,0,0,1000,0,0,0,13000,12000,1000,1000
06045P,臺股指永豐96售03,0,0,0,0,0,0,0,0,0,1000,0,0,0,1000,0,1000,1000
06054P,臺股指中信9A售01,0,0,0,0,0,0,0,0,0,1000,0,0,0,2000,1000,1000,1000
8072,陞泰            ,1000,0,1000,0,0,0,0,0,0,0,0,0,0,0,0,0,1000
910322,康師傅-DR       ,4000,3000,1000,0,0,0,0,0,0,0,0,0,0,0,0,0,1000
9918,欣天然          ,1000,0,1000,0,0,0,0,0,0,0,0,0,0,0,0,0,1000
6449,鈺邦            ,33000,55000,-22000,0,0,0,0,0,0,23000,32000,9000,23000,0,0,0,1000
6464,台數科          ,1000,0,1000,0,0,0,0,0,0,0,0,0,0,0,0,0,1000
6582,申豐            ,10000,9000,1000,0,0,0,0,0,0,0,0,0,0,0,0,0,1000
6625,必應            ,1000,0,1000,0,0,0,0,0,0,0,0,0,0,0,0,0,1000
4555,氣立            ,1000,0,1000,0,0,0,0,0,0,0,0,0,0,0,0,0,1000
1506,正道            ,0,0,0,0,0,0,0,0,0,1000,1000,0,1000,0,0,0,1000
1453,大將            ,1000,0,1000,0,0,0,0,0,0,0,0,0,0,0,0,0,1000
2516,新建            ,5000,4000,1000,0,0,0,0,0,0,0,0,0,0,0,0,0,1000
2491,吉祥全          ,1000,0,1000,0,0,0,0,0,0,0,0,0,0,0,0,0,1000
3432,台端            ,0,0,0,0,0,0,0,0,0,1000,3000,2000,1000,0,0,0,1000
3702A,大聯大甲特      ,0,32000,-32000,0,0,0,0,0,0,33000,33000,0,33000,0,0,0,1000
057129,聯發科凱基99購03,0,0,0,0,0,0,0,0,0,0,0,0,0,5000,5000,0,0
057042,台積電元大98購10,0,0,0,0,0,0,0,0,0,0,0,0,0,294000,294000,0,0
057040,國巨元大98購12  ,0,0,0,0,0,0,0,0,0,0,0,0,0,171000,171000,0,0
057050,群創元大99購03  ,0,0,0,0,0,0,0,0,0,0,0,0,0,5000,5000,0,0
057051,群創元大9B購03  ,0,0,0,0,0,0,0,0,0,0,0,0,0,17000,17000,0,0
057030,滬深反元大9B購01,0,0,0,0,0,0,0,0,0,0,0,0,0,249000,249000,0,0
057165,國巨元大99購05  ,0,0,0,0,0,0,0,0,0,0,0,0,0,111000,111000,0,0
057181,亞光元大98購02  ,0,0,0,0,0,0,0,0,0,0,0,0,0,1000,1000,0,0
057172,南亞科元大98購03,0,0,0,0,0,0,0,0,0,0,0,0,0,12000,12000,0,0
057173,南亞科元大98購04,0,0,0,0,0,0,0,0,0,0,0,0,0,38000,38000,0,0
057174,南亞科元大98購05,0,0,0,0,0,0,0,0,0,0,0,0,0,37000,37000,0,0
057211,鴻海群益98購05  ,0,0,0,0,0,0,0,0,0,0,0,0,0,79000,79000,0,0
056740,大立光凱基98購13,0,0,0,0,0,0,0,0,0,0,0,0,0,10000,10000,0,0
056711,亞光永豐98購01  ,0,0,0,0,0,0,0,0,0,0,0,0,0,1000,1000,0,0
056697,緯穎群益98購01  ,0,0,0,0,0,0,0,0,0,0,0,0,0,27000,27000,0,0
05681P,大立光元大96售05,0,0,0,0,0,0,0,0,0,0,0,0,0,5000,5000,0,0
056989,鴻海兆豐98購02  ,0,0,0,0,0,0,0,0,0,0,0,0,0,8000,8000,0,0
056932,T50反1元富98購01,0,0,0,0,0,0,0,0,0,0,0,0,0,166000,166000,0,0
056897,南亞科元大98購02,0,0,0,0,0,0,0,0,0,0,0,0,0,35000,35000,0,0
056880,緯穎國票98購02  ,0,0,0,0,0,0,0,0,0,0,0,0,0,30000,30000,0,0
056847,佐登元富98購01  ,0,0,0,0,0,0,0,0,0,0,0,0,0,20000,20000,0,0
057874,可成元大99購02  ,0,0,0,0,0,0,0,0,0,0,0,0,0,81000,81000,0,0
057876,隆達元大98購01  ,0,0,0,0,0,0,0,0,0,0,0,0,0,170000,170000,0,0
057813,京元電元大98購03,0,0,0,0,0,0,0,0,0,0,0,0,0,50000,50000,0,0
057822,牧德元大9A購01  ,0,0,0,0,0,0,0,0,0,0,0,0,0,6000,6000,0,0
057758,鴻海凱基99購03  ,0,0,0,0,0,0,0,0,0,0,0,0,0,26000,26000,0,0
057759,聯發科凱基98購17,0,0,0,0,0,0,0,0,0,0,0,0,0,33000,33000,0,0
057766,矽力凱基98購03  ,0,0,0,0,0,0,0,0,0,0,0,0,0,9000,9000,0,0
057775,南亞科群益98購02,0,0,0,0,0,0,0,0,0,0,0,0,0,7000,7000,0,0
057665,技嘉元大99購01  ,0,0,0,0,0,0,0,0,0,0,0,0,0,7000,7000,0,0
057644,奇力新元大98購04,0,0,0,0,0,0,0,0,0,0,0,0,0,2000,2000,0,0
057612,瑞昱元富02購01  ,0,0,0,0,0,0,0,0,0,0,0,0,0,98000,98000,0,0
057597,華通群益9A購02  ,0,0,0,0,0,0,0,0,0,0,0,0,0,15000,15000,0,0
05769P,台積電凱基96售16,0,0,0,0,0,0,0,0,0,0,0,0,0,70000,70000,0,0
05768P,台積電凱基96售15,0,0,0,0,0,0,0,0,0,0,0,0,0,142000,142000,0,0
057671,群創元大9B購06  ,0,0,0,0,0,0,0,0,0,0,0,0,0,35000,35000,0,0
057674,台郡元大99購03  ,0,0,0,0,0,0,0,0,0,0,0,0,0,110000,110000,0,0
057732,牧德國泰9A購01  ,0,0,0,0,0,0,0,0,0,0,0,0,0,22000,22000,0,0
057323,智邦群益98購01  ,0,0,0,0,0,0,0,0,0,0,0,0,0,28000,28000,0,0
057320,玉晶光凱基98購01,0,0,0,0,0,0,0,0,0,0,0,0,0,2000,2000,0,0
057356,彩晶統一98購04  ,0,0,0,0,0,0,0,0,0,0,0,0,0,48000,48000,0,0
057367,技嘉元大98購02  ,0,0,0,0,0,0,0,0,0,0,0,0,0,26000,26000,0,0
057363,華通元大99購02  ,0,0,0,0,0,0,0,0,0,0,0,0,0,35000,35000,0,0
05733P,臺股指統一96售03,0,0,0,0,0,0,0,0,0,0,0,0,0,499000,499000,0,0
057375,欣興元大98購09  ,0,0,0,0,0,0,0,0,0,0,0,0,0,58000,58000,0,0
057378,康友元大98購02  ,0,0,0,0,0,0,0,0,0,0,0,0,0,3000,3000,0,0
057422,欣興凱基98購04  ,0,0,0,0,0,0,0,0,0,0,0,0,0,10000,10000,0,0
057584,國巨亞東99購01  ,0,0,0,0,0,0,0,0,0,0,0,0,0,13000,13000,0,0
057484,南亞科元大98購06,0,0,0,0,0,0,0,0,0,0,0,0,0,6000,6000,0,0
057489,奇力新元大99購06,0,0,0,0,0,0,0,0,0,0,0,0,0,19000,19000,0,0
057480,技嘉元大98購03  ,0,0,0,0,0,0,0,0,0,0,0,0,0,24000,24000,0,0
056153,華新科凱基97購02,0,0,0,0,0,0,0,0,0,0,0,0,0,5000,5000,0,0
056175,可成元富97購03  ,0,0,0,0,0,0,0,0,0,0,0,0,0,6000,6000,0,0
056183,南亞科統一97購02,0,0,0,0,0,0,0,0,0,0,0,0,0,48000,48000,0,0
056198,台光電永豐97購02,0,0,0,0,0,0,0,0,0,0,0,0,0,22000,22000,0,0
056264,聯發科統一98購02,0,0,0,0,0,0,0,0,0,0,0,0,0,48000,48000,0,0
056295,國巨元大97購16  ,0,0,0,0,0,0,0,0,0,0,0,0,0,176000,176000,0,0
056373,上銀統一99購02  ,0,0,0,0,0,0,0,0,0,0,0,0,0,48000,48000,0,0
056365,欣興元大98購01  ,0,0,0,0,0,0,0,0,0,0,0,0,0,15000,15000,0,0
056351,鴻海元大98購06  ,0,0,0,0,0,0,0,0,0,0,0,0,0,72000,72000,0,0
056337,聯發科凱基98購06,0,0,0,0,0,0,0,0,0,0,0,0,0,68000,68000,0,0
056674,華邦電元富98購01,0,0,0,0,0,0,0,0,0,0,0,0,0,51000,51000,0,0
056574,亞光元大99購03  ,0,0,0,0,0,0,0,0,0,0,0,0,0,1000,1000,0,0
056586,光罩統一98購02  ,0,0,0,0,0,0,0,0,0,0,0,0,0,38000,38000,0,0
056497,GIS國泰99購01   ,0,0,0,0,0,0,0,0,0,0,0,0,0,10000,10000,0,0
056443,南亞科凱基98購03,0,0,0,0,0,0,0,0,0,0,0,0,0,12000,12000,0,0
05645P,聯發科凱基96售13,0,0,0,0,0,0,0,0,0,0,0,0,0,67000,67000,0,0
056450,可成凱基98購05  ,0,0,0,0,0,0,0,0,0,0,0,0,0,30000,30000,0,0
056422,全新統一98購02  ,0,0,0,0,0,0,0,0,0,0,0,0,0,148000,148000,0,0
056021,興富發群益97購01,0,0,0,0,0,0,0,0,0,0,0,0,0,10000,10000,0,0
056068,欣興元大97購05  ,0,0,0,0,0,0,0,0,0,0,0,0,0,59000,59000,0,0
05578P,鴻海凱基96售11  ,0,0,0,0,0,0,0,0,0,0,0,0,0,8000,8000,0,0
055834,國巨元大97購13  ,0,0,0,0,0,0,0,0,0,0,0,0,0,237000,237000,0,0
055828,上銀元大97購05  ,0,0,0,0,0,0,0,0,0,0,0,0,0,10000,10000,0,0
055502,群創元大9C購03  ,0,0,0,0,0,0,0,0,0,0,0,0,0,2000,2000,0,0
055535,緯創群益98購01  ,0,0,0,0,0,0,0,0,0,0,0,0,0,14000,14000,0,0
055598,欣興元大97購03  ,0,0,0,0,0,0,0,0,0,0,0,0,0,4000,4000,0,0
055581,和大元大97購04  ,0,0,0,0,0,0,0,0,0,0,0,0,0,299000,299000,0,0
055584,國巨元大97購11  ,0,0,0,0,0,0,0,0,0,0,0,0,0,63000,63000,0,0
055557,華新科凱基97購01,0,0,0,0,0,0,0,0,0,0,0,0,0,4000,4000,0,0
055623,貿聯國泰99購01  ,0,0,0,0,0,0,0,0,0,0,0,0,0,30000,30000,0,0
055724,祥碩元大97購03  ,0,0,0,0,0,0,0,0,0,0,0,0,0,10000,10000,0,0
055715,智邦元大97購04  ,0,0,0,0,0,0,0,0,0,0,0,0,0,19000,19000,0,0
055726,台表科元大98購03,0,0,0,0,0,0,0,0,0,0,0,0,0,3000,3000,0,0
055732,全新元富9A購01  ,0,0,0,0,0,0,0,0,0,0,0,0,0,20000,20000,0,0
051501,康友群益95購02  ,0,0,0,0,0,0,0,0,0,0,0,0,0,11000,11000,0,0
05149P,緯穎國泰96售01  ,0,0,0,0,0,0,0,0,0,0,0,0,0,1000,1000,0,0
051484,玉晶光凱基97購01,0,0,0,0,0,0,0,0,0,0,0,0,0,56000,56000,0,0
05147P,鴻海元大95售11  ,0,0,0,0,0,0,0,0,0,0,0,0,0,25000,25000,0,0
050815,南亞科凱基95購01,0,0,0,0,0,0,0,0,0,0,0,0,0,20000,20000,0,0
048975,玉晶光元大94購03,0,0,0,0,0,0,0,0,0,0,0,0,0,1000,1000,0,0
04896P,上証2X中信95售01,0,0,0,0,0,0,0,0,0,0,0,0,0,3000,3000,0,0
048939,華擎永豐94購01  ,0,0,0,0,0,0,0,0,0,0,0,0,0,1000,1000,0,0
048967,凌陽元大95購01  ,0,0,0,0,0,0,0,0,0,0,0,0,0,68000,68000,0,0
050071,明泰凱基94購01  ,0,0,0,0,0,0,0,0,0,0,0,0,0,10000,10000,0,0
050809,鴻海凱基95購08  ,0,0,0,0,0,0,0,0,0,0,0,0,0,31000,31000,0,0
050806,華新科日盛95購01,0,0,0,0,0,0,0,0,0,0,0,0,0,100000,100000,0,0
050039,鴻海中信94購03  ,0,0,0,0,0,0,0,0,0,0,0,0,0,20000,20000,0,0
050033,日月光元大94購01,0,0,0,0,0,0,0,0,0,0,0,0,0,68000,68000,0,0
048685,T50反1第一94購01,0,0,0,0,0,0,0,0,0,0,0,0,0,429000,429000,0,0
048683,日月光富邦93購01,0,0,0,0,0,0,0,0,0,0,0,0,0,10000,10000,0,0
048752,廣越元富95購01  ,0,0,0,0,0,0,0,0,0,0,0,0,0,20000,20000,0,0
048757,美利達元富96購01,0,0,0,0,0,0,0,0,0,0,0,0,0,90000,90000,0,0
048837,牧德凱基94購04  ,0,0,0,0,0,0,0,0,0,0,0,0,0,2000,2000,0,0
048831,玉晶光凱基95購01,0,0,0,0,0,0,0,0,0,0,0,0,0,1000,1000,0,0
048832,玉晶光凱基95購02,0,0,0,0,0,0,0,0,0,0,0,0,0,15000,15000,0,0
048873,玉晶光國票95購02,0,0,0,0,0,0,0,0,0,0,0,0,0,12000,12000,0,0
048891,傳奇元富97購02  ,0,0,0,0,0,0,0,0,0,0,0,0,0,1000,1000,0,0
048895,光罩國泰95購01  ,0,0,0,0,0,0,0,0,0,0,0,0,0,31000,31000,0,0
048189,臺指反元大96購06,0,0,0,0,0,0,0,0,0,0,0,0,0,10000,10000,0,0
048062,南亞科統一93購05,0,0,0,0,0,0,0,0,0,0,0,0,0,2000,2000,0,0
048033,大立光凱基93購28,0,0,0,0,0,0,0,0,0,0,0,0,0,70000,70000,0,0
048094,大立光凱基93購31,0,0,0,0,0,0,0,0,0,0,0,0,0,120000,120000,0,0
048113,欣興群益93購08  ,0,0,0,0,0,0,0,0,0,0,0,0,0,3000,3000,0,0
048142,聯電統一93購01  ,0,0,0,0,0,0,0,0,0,0,0,0,0,50000,50000,0,0
047516,深中小第一93購01,0,0,0,0,0,0,0,0,0,0,0,0,0,200000,200000,0,0
047495,新日興元富96購01,0,0,0,0,0,0,0,0,0,0,0,0,0,30000,30000,0,0
047376,南電國票94購01  ,0,0,0,0,0,0,0,0,0,0,0,0,0,30000,30000,0,0
047349,可成凱基93購06  ,0,0,0,0,0,0,0,0,0,0,0,0,0,20000,20000,0,0
047316,大立光元大94購01,0,0,0,0,0,0,0,0,0,0,0,0,0,60000,60000,0,0
048379,台郡元富96購01  ,0,0,0,0,0,0,0,0,0,0,0,0,0,10000,10000,0,0
048406,欣興群益93購09  ,0,0,0,0,0,0,0,0,0,0,0,0,0,3000,3000,0,0
04681P,臺股指統一94售06,0,0,0,0,0,0,0,0,0,0,0,0,0,200000,200000,0,0
046865,鴻海統一95購01  ,0,0,0,0,0,0,0,0,0,0,0,0,0,11000,11000,0,0
046588,大立光元大93購13,0,0,0,0,0,0,0,0,0,0,0,0,0,100000,100000,0,0
046597,可成亞東93購01  ,0,0,0,0,0,0,0,0,0,0,0,0,0,10000,10000,0,0
046486,樺漢國泰94購01  ,0,0,0,0,0,0,0,0,0,0,0,0,0,80000,80000,0,0
046370,全新麥證93購01  ,0,0,0,10000,10000,0,0,0,0,0,0,0,0,10000,10000,0,0
048544,欣興永豐94購01  ,0,0,0,0,0,0,0,0,0,0,0,0,0,4000,4000,0,0
047543,鴻海凱基94購09  ,0,0,0,0,0,0,0,0,0,0,0,0,0,1000,1000,0,0
047848,可成統一93購01  ,0,0,0,0,0,0,0,0,0,0,0,0,0,83000,83000,0,0
047801,臺股指兆豐93購01,0,0,0,0,0,0,0,0,0,0,0,0,0,10000,10000,0,0
047823,臺股指凱基93購17,0,0,0,0,0,0,0,0,0,0,0,0,0,80000,80000,0,0
047818,台郡凱基93購04  ,0,0,0,0,0,0,0,0,0,0,0,0,0,10000,10000,0,0
047915,鴻海凱基93購27  ,0,0,0,0,0,0,0,0,0,0,0,0,0,10000,10000,0,0
047921,南亞科凱基93購05,0,0,0,0,0,0,0,0,0,0,0,0,0,5000,5000,0,0
047924,可成凱基93購10  ,0,0,0,0,0,0,0,0,0,0,0,0,0,30000,30000,0,0
047886,京元電富邦95購01,0,0,0,0,0,0,0,0,0,0,0,0,0,10000,10000,0,0
047879,台積電中信93購04,0,0,0,0,0,0,0,0,0,0,0,0,0,20000,20000,0,0
047883,臺股指永昌93購01,0,0,0,0,0,0,0,0,0,0,0,0,0,267000,267000,0,0
048001,中工元大96購01  ,0,0,0,0,0,0,0,0,0,0,0,0,0,39000,39000,0,0
049011,元油2X群益94購01,0,0,0,0,0,0,0,0,0,0,0,0,0,4890000,4890000,0,0
049078,瑞昱凱基94購02  ,0,0,0,0,0,0,0,0,0,0,0,0,0,80000,80000,0,0
049099,華新科國泰95購02,0,0,0,0,0,0,0,0,0,0,0,0,0,40000,40000,0,0
048273,南電富邦97購01  ,0,0,0,0,0,0,0,0,0,0,0,0,0,30000,30000,0,0
048245,台積電兆豐93購07,0,0,0,0,0,0,0,0,0,0,0,0,0,20000,20000,0,0
048258,國泰金統一93購01,0,0,0,0,0,0,0,0,0,0,0,0,0,50000,50000,0,0
04587P,聯發科永豐94售02,0,0,0,0,0,0,0,0,0,0,0,0,0,1000,1000,0,0
045867,臺股指統一93購03,0,0,0,0,0,0,0,0,0,0,0,0,0,498000,498000,0,0
04607P,A50中信94售01   ,0,0,0,0,0,0,0,0,0,0,0,0,0,10000,10000,0,0
046047,臺股指元大93購17,0,0,0,0,0,0,0,0,0,0,0,0,0,30000,30000,0,0
046208,滬深2X元富95購03,0,0,0,0,0,0,0,0,0,0,0,0,0,10000,10000,0,0
046159,群創群益98購04  ,0,0,0,0,0,0,0,0,0,0,0,0,0,41000,41000,0,0
047140,滬深2X兆豐94購01,0,0,0,0,0,0,0,0,0,0,0,0,0,10000,10000,0,0
047179,台積電元大93購17,0,0,0,0,0,0,0,0,0,0,0,0,0,50000,50000,0,0
047207,晶技國泰94購01  ,0,0,0,0,0,0,0,0,0,0,0,0,0,15000,15000,0,0
04499P,滬深2X統一94售03,0,0,0,0,0,0,0,0,0,0,0,0,0,23000,23000,0,0
045660,欣興富邦93購03  ,0,0,0,0,0,0,0,0,0,0,0,0,0,4000,4000,0,0
044512,奇力新凱基93購02,0,0,0,0,0,0,0,0,0,0,0,0,0,20000,20000,0,0
044201,群創國票95購01  ,0,0,0,0,0,0,0,0,0,0,0,0,0,825000,825000,0,0
044011,鴻海凱基93購03  ,0,0,0,0,0,0,0,0,0,0,0,0,0,19000,19000,0,0
045504,群創凱基94購01  ,0,0,0,0,0,0,0,0,0,0,0,0,0,77000,77000,0,0
04521P,元油2X日盛94售02,0,0,0,0,0,0,0,0,0,0,0,0,0,1083000,1083000,0,0
04337P,台積電元大93售25,0,0,0,0,0,0,0,0,0,0,0,0,0,400000,400000,0,0
045585,欣興元大93購03  ,0,0,0,0,0,0,0,0,0,0,0,0,0,5000,5000,0,0
03720P,元油2X富邦95售01,0,0,0,0,0,0,0,0,0,0,0,0,0,450000,450000,0,0
03893P,為升凱基93售03  ,0,0,0,0,0,0,0,0,0,0,0,0,0,2000,2000,0,0
03912P,臺股指元大93售36,0,0,0,0,0,0,0,0,0,0,0,0,0,280000,280000,0,0
03913P,臺股指元大93售37,0,0,0,0,0,0,0,0,0,0,0,0,0,809000,809000,0,0
03926P,麗豐元大93售02  ,0,0,0,0,0,0,0,0,0,0,0,0,0,57000,57000,0,0
03929P,元油2X永豐93售04,0,0,0,0,0,0,0,0,0,0,0,0,0,75000,75000,0,0
045081,大立光元大93購07,0,0,0,0,0,0,0,0,0,0,0,0,0,800000,800000,0,0
04510P,臺股指元大94售05,0,0,0,0,0,0,0,0,0,0,0,0,0,190000,190000,0,0
04509P,臺股指元大94售04,0,0,0,0,0,0,0,0,0,0,0,0,0,60000,60000,0,0
03088P,大立光元大01售17,0,0,0,0,0,0,0,0,0,0,0,0,0,20000,20000,0,0
03304P,欣興元富02售02  ,0,0,0,0,0,0,0,0,0,0,0,0,0,380000,380000,0,0
04063P,臺股指兆豐93售02,0,0,0,0,0,0,0,0,0,0,0,0,0,10000,10000,0,0
04064P,臺股指兆豐93售03,0,0,0,0,0,0,0,0,0,0,0,0,0,10000,10000,0,0
04102P,臺股指國票93售09,0,0,0,0,0,0,0,0,0,0,0,0,0,20000,20000,0,0
04075P,臺股指凱基93售11,0,0,0,0,0,0,0,0,0,0,0,0,0,10000,10000,0,0
00774B,新光中國政金綠債,0,0,0,0,0,0,0,0,0,0,0,0,0,2000,2000,0,0
00775B,新光投等債15+   ,0,0,0,0,0,0,0,0,0,0,0,0,0,2000,2000,0,0
04008P,京元電國票93售01,0,0,0,0,0,0,0,0,0,0,0,0,0,50000,50000,0,0
00700,富邦恒生國企    ,0,0,0,0,0,0,0,0,0,0,0,0,0,100000,100000,0,0
00707R,元大S&P日圓反1  ,0,0,0,0,0,0,0,0,0,0,0,0,0,1000,1000,0,0
00732,國泰RMB短期報酬 ,0,0,0,0,0,0,0,0,0,0,0,0,0,120000,120000,0,0
00683L,元大美元指數正2 ,0,0,0,0,0,0,0,0,0,0,0,0,0,61000,61000,0,0
00668K,國泰美國道瓊+U  ,0,0,0,0,0,0,0,0,0,0,0,0,0,100,100,0,0
00666R,富邦恒生國企反1 ,0,0,0,0,0,0,0,0,0,0,0,0,0,81000,81000,0,0
00657,國泰日經225     ,0,0,0,0,0,0,0,0,0,0,0,0,0,110000,110000,0,0
00657K,國泰日經225+U   ,0,0,0,0,0,0,0,0,0,0,0,0,0,100,100,0,0
00625K,富邦上証+R      ,0,0,0,0,0,0,0,0,0,0,0,0,0,50000,50000,0,0
00636K,國泰中國A50+U   ,0,0,0,0,0,0,0,0,0,0,0,0,0,100,100,0,0
049139,台積電元大94購06,0,0,0,0,0,0,0,0,0,0,0,0,0,205000,205000,0,0
049705,緯穎元大94購05  ,0,0,0,0,0,0,0,0,0,0,0,0,0,5000,5000,0,0
049759,元黃金富邦9A購01,0,0,0,0,0,0,0,0,0,0,0,0,0,20000,20000,0,0
049600,緯穎元大95購02  ,0,0,0,0,0,0,0,0,0,0,0,0,0,1000,1000,0,0
04964P,鴻海元大94售26  ,0,0,0,0,0,0,0,0,0,0,0,0,0,8000,8000,0,0
049666,臺股指永昌94購01,0,0,0,0,0,0,0,0,0,0,0,0,0,160000,160000,0,0
049692,可成元大94購07  ,0,0,0,0,0,0,0,0,0,0,0,0,0,68000,68000,0,0
052134,智邦凱基95購09  ,0,0,0,0,0,0,0,0,0,0,0,0,0,85000,85000,0,0
052148,康友群益95購03  ,0,0,0,0,0,0,0,0,0,0,0,0,0,4000,4000,0,0
052121,全新國票96購03  ,0,0,0,0,0,0,0,0,0,0,0,0,0,10000,10000,0,0
050132,日電貿凱基94購02,0,0,0,0,0,0,0,0,0,0,0,0,0,19000,19000,0,0
050102,鴻海富邦95購04  ,0,0,0,0,0,0,0,0,0,0,0,0,0,1000,1000,0,0
051805,元黃金凱基97購02,0,0,0,0,0,0,0,0,0,0,0,0,0,20000,20000,0,0
051769,矽力元大95購01  ,0,0,0,0,0,0,0,0,0,0,0,0,0,1000,1000,0,0
051764,欣興元大95購07  ,0,0,0,0,0,0,0,0,0,0,0,0,0,5000,5000,0,0
051707,欣興群益95購02  ,0,0,0,0,0,0,0,0,0,0,0,0,0,7000,7000,0,0
051677,達方元大95購01  ,0,0,0,0,0,0,0,0,0,0,0,0,0,44000,44000,0,0
049234,可成統一94購02  ,0,0,0,0,0,0,0,0,0,0,0,0,0,55000,55000,0,0
052074,鴻海元富95購10  ,0,0,0,0,0,0,0,0,0,0,0,0,0,629000,629000,0,0
051899,欣興國泰97購01  ,0,0,0,0,0,0,0,0,0,0,0,0,0,21000,21000,0,0
051906,國巨元大95購09  ,0,0,0,0,0,0,0,0,0,0,0,0,0,100000,100000,0,0
052188,欣興群益95購03  ,0,0,0,0,0,0,0,0,0,0,0,0,0,7000,7000,0,0
050949,亞光群益96購01  ,0,0,0,0,0,0,0,0,0,0,0,0,0,22000,22000,0,0
050928,日月光凱基95購01,0,0,0,0,0,0,0,0,0,0,0,0,0,13000,13000,0,0
050921,旺宏凱基95購02  ,0,0,0,0,0,0,0,0,0,0,0,0,0,20000,20000,0,0
050499,台達電凱基94購11,0,0,0,0,0,0,0,0,0,0,0,0,0,60000,60000,0,0
050494,可成永昌96購01  ,0,0,0,0,0,0,0,0,0,0,0,0,0,48000,48000,0,0
050425,國巨凱基94購12  ,0,0,0,0,0,0,0,0,0,0,0,0,0,25000,25000,0,0
050649,華新科凱基96購01,0,0,0,0,0,0,0,0,0,0,0,0,0,12000,12000,0,0
050609,鴻海元大94購23  ,0,0,0,0,0,0,0,0,0,0,0,0,0,68000,68000,0,0
050555,道瓊銀統一94購01,0,0,0,0,0,0,0,0,0,0,0,0,0,2000,2000,0,0
049810,欣興元大95購03  ,0,0,0,0,0,0,0,0,0,0,0,0,0,5000,5000,0,0
049815,緯穎元大94購06  ,0,0,0,0,0,0,0,0,0,0,0,0,0,7000,7000,0,0
049816,緯穎元大94購07  ,0,0,0,0,0,0,0,0,0,0,0,0,0,1000,1000,0,0
049809,聯詠元大94購04  ,0,0,0,0,0,0,0,0,0,0,0,0,0,11000,11000,0,0
049802,可成元大94購10  ,0,0,0,0,0,0,0,0,0,0,0,0,0,68000,68000,0,0
049896,聯發科統一94購06,0,0,0,0,0,0,0,0,0,0,0,0,0,50000,50000,0,0
04985P,景碩永豐94售02  ,0,0,0,0,0,0,0,0,0,0,0,0,0,5000,5000,0,0
049352,泰鼎永豐95購01  ,0,0,0,0,0,0,0,0,0,0,0,0,0,12000,12000,0,0
049374,大立光元大94購12,0,0,0,0,0,0,0,0,0,0,0,0,0,20000,20000,0,0
049312,亞光凱基94購02  ,0,0,0,0,0,0,0,0,0,0,0,0,0,2000,2000,0,0
051957,旺宏台新95購02  ,0,0,0,0,0,0,0,0,0,0,0,0,0,1000,1000,0,0
049333,深中小統一94購03,0,0,0,0,0,0,0,0,0,0,0,0,0,10000,10000,0,0
050918,南亞科日盛95購01,0,0,0,0,0,0,0,0,0,0,0,0,0,9000,9000,0,0
050231,聯發科麥證94購03,0,0,0,10000,10000,0,0,0,0,0,0,0,0,10000,10000,0,0
050229,鴻海麥證94購02  ,0,0,0,7000,0,7000,0,0,0,0,0,0,0,7000,7000,0,0
049938,臺股指元大94購19,0,0,0,0,0,0,0,0,0,0,0,0,0,998000,998000,0,0
049927,健策元大94購02  ,0,0,0,0,0,0,0,0,0,0,0,0,0,2000,2000,0,0
049929,祥碩元大94購03  ,0,0,0,0,0,0,0,0,0,0,0,0,0,3000,3000,0,0
049934,緯穎元大94購08  ,0,0,0,0,0,0,0,0,0,0,0,0,0,38000,38000,0,0
049914,瑞昱元大94購06  ,0,0,0,0,0,0,0,0,0,0,0,0,0,88000,88000,0,0
049907,鴻海元大94購07  ,0,0,0,0,0,0,0,0,0,0,0,0,0,33000,33000,0,0
049908,鴻海元大94購08  ,0,0,0,0,0,0,0,0,0,0,0,0,0,28000,28000,0,0
050340,鴻海統一94購07  ,0,0,0,0,0,0,0,0,0,0,0,0,0,1000,1000,0,0
050356,緯穎群益94購05  ,0,0,0,0,0,0,0,0,0,0,0,0,0,20000,20000,0,0
050392,群創統一96購01  ,0,0,0,0,0,0,0,0,0,0,0,0,0,100000,100000,0,0
05036P,義隆元大95售03  ,0,0,0,0,0,0,0,0,0,0,0,0,0,75000,75000,0,0
050366,鴻海元大94購19  ,0,0,0,0,0,0,0,0,0,0,0,0,0,162000,162000,0,0
051108,鴻海統一96購02  ,0,0,0,0,0,0,0,0,0,0,0,0,0,10000,10000,0,0
050415,力成永豐94購01  ,0,0,0,0,0,0,0,0,0,0,0,0,0,50000,50000,0,0
050409,華通永豐94購01  ,0,0,0,0,0,0,0,0,0,0,0,0,0,8000,8000,0,0
052590,祥碩永豐96購01  ,0,0,0,0,0,0,0,0,0,0,0,0,0,4000,4000,0,0
05243P,鴻海元大95售19  ,0,0,0,0,0,0,0,0,0,0,0,0,0,271000,271000,0,0
052445,南亞科元大95購05,0,0,0,0,0,0,0,0,0,0,0,0,0,33000,33000,0,0
052412,上証2X中信98購01,0,0,0,0,0,0,0,0,0,0,0,0,0,70000,70000,0,0
052366,聯詠國票96購01  ,0,0,0,0,0,0,0,0,0,0,0,0,0,33000,33000,0,0
052393,康友群益95購05  ,0,0,0,0,0,0,0,0,0,0,0,0,0,16000,16000,0,0
052633,國巨凱基96購05  ,0,0,0,0,0,0,0,0,0,0,0,0,0,64000,64000,0,0
052675,新光金國泰98購01,0,0,0,0,0,0,0,0,0,0,0,0,0,31000,31000,0,0
052566,國巨凱基96購04  ,0,0,0,0,0,0,0,0,0,0,0,0,0,29000,29000,0,0
052352,力成元富95購01  ,0,0,0,0,0,0,0,0,0,0,0,0,0,20000,20000,0,0
052345,矽力凱基95購01  ,0,0,0,0,0,0,0,0,0,0,0,0,0,6000,6000,0,0
052570,華新科凱基96購06,0,0,0,0,0,0,0,0,0,0,0,0,0,7000,7000,0,0
052546,友達中信98購01  ,0,0,0,0,0,0,0,0,0,0,0,0,0,10000,10000,0,0
049403,欣興群益94購03  ,0,0,0,0,0,0,0,0,0,0,0,0,0,3000,3000,0,0
049456,上海銀統一94購03,0,0,0,0,0,0,0,0,0,0,0,0,0,10000,10000,0,0
050264,聯發科元大94購13,0,0,0,0,0,0,0,0,0,0,0,0,0,38000,38000,0,0
051564,和碩國泰96購01  ,0,0,0,0,0,0,0,0,0,0,0,0,0,3000,3000,0,0
049381,欣興元大94購05  ,0,0,0,0,0,0,0,0,0,0,0,0,0,5000,5000,0,0
05133P,臺股指日盛95售01,0,0,0,0,0,0,0,0,0,0,0,0,0,170000,170000,0,0
051336,智原永豐95購01  ,0,0,0,0,0,0,0,0,0,0,0,0,0,30000,30000,0,0
051352,南亞科元大95購02,0,0,0,0,0,0,0,0,0,0,0,0,0,58000,58000,0,0
05135P,鴻海凱基96售07  ,0,0,0,0,0,0,0,0,0,0,0,0,0,8000,8000,0,0
051421,彩晶國票95購01  ,0,0,0,0,0,0,0,0,0,0,0,0,0,10000,10000,0,0
05074P,鴻海麥證95售01  ,0,0,0,10000,10000,0,0,0,0,0,0,0,0,10000,10000,0,0
050763,楠梓電元大94購03,0,0,0,0,0,0,0,0,0,0,0,0,0,32000,32000,0,0
050962,聯發科永豐95購02,0,0,0,0,0,0,0,0,0,0,0,0,0,998000,998000,0,0
051013,旺宏凱基95購03  ,0,0,0,0,0,0,0,0,0,0,0,0,0,10000,10000,0,0
051014,智邦凱基95購01  ,0,0,0,0,0,0,0,0,0,0,0,0,0,4000,4000,0,0
050995,貿聯元大95購02  ,0,0,0,0,0,0,0,0,0,0,0,0,0,60000,60000,0,0
051205,華新科麥證95購02,0,0,0,20000,20000,0,0,0,0,0,0,0,0,20000,20000,0,0
051230,聯詠群益95購01  ,0,0,0,0,0,0,0,0,0,0,0,0,0,11000,11000,0,0
051241,台積電元大95購13,0,0,0,0,0,0,0,0,0,0,0,0,0,79000,79000,0,0
052218,大立光日盛95購01,0,0,0,0,0,0,0,0,0,0,0,0,0,50000,50000,0,0
05222P,致伸凱基95售02  ,0,0,0,0,0,0,0,0,0,0,0,0,0,21000,21000,0,0
052271,力成日盛95購02  ,0,0,0,0,0,0,0,0,0,0,0,0,0,48000,48000,0,0
055280,智邦元大97購01  ,0,0,0,0,0,0,0,0,0,0,0,0,0,32000,32000,0,0
055261,帆宣統一98購01  ,0,0,0,0,0,0,0,0,0,0,0,0,0,2000,2000,0,0
055353,華新科凱基98購03,0,0,0,0,0,0,0,0,0,0,0,0,0,5000,5000,0,0
055357,欣興凱基97購04  ,0,0,0,0,0,0,0,0,0,0,0,0,0,10000,10000,0,0
055298,啟碁元大97購02  ,0,0,0,0,0,0,0,0,0,0,0,0,0,17000,17000,0,0
054935,華通元大98購03  ,0,0,0,0,0,0,0,0,0,0,0,0,0,143000,143000,0,0
054936,鴻海元大97購10  ,0,0,0,0,0,0,0,0,0,0,0,0,0,100000,100000,0,0
054940,台積電元大97購16,0,0,0,0,0,0,0,0,0,0,0,0,0,685000,685000,0,0
054939,台積電元大97購15,0,0,0,0,0,0,0,0,0,0,0,0,0,591000,591000,0,0
054972,聯茂元大97購02  ,0,0,0,0,0,0,0,0,0,0,0,0,0,241000,241000,0,0
054958,亞光元大97購03  ,0,0,0,0,0,0,0,0,0,0,0,0,0,20000,20000,0,0
055096,緯穎群益97購01  ,0,0,0,0,0,0,0,0,0,0,0,0,0,37000,37000,0,0
054567,拓凱群益98購01  ,0,0,0,0,0,0,0,0,0,0,0,0,0,60000,60000,0,0
054626,建準凱基98購01  ,0,0,0,0,0,0,0,0,0,0,0,0,0,100000,100000,0,0
05468P,鴻海元大96售14  ,0,0,0,0,0,0,0,0,0,0,0,0,0,560000,560000,0,0
054804,南亞元大9A購01  ,0,0,0,0,0,0,0,0,0,0,0,0,0,20000,20000,0,0
054782,國巨群益97購01  ,0,0,0,0,0,0,0,0,0,0,0,0,0,28000,28000,0,0
054746,貿聯凱基98購02  ,0,0,0,0,0,0,0,0,0,0,0,0,0,3000,3000,0,0
054760,台化國票9A購01  ,0,0,0,0,0,0,0,0,0,0,0,0,0,38000,38000,0,0
054739,義隆凱基98購02  ,0,0,0,0,0,0,0,0,0,0,0,0,0,40000,40000,0,0
05472P,國巨統一96售02  ,200000,0,200000,0,0,0,0,0,0,-200000,0,0,0,0,200000,-200000,0
054866,宏盛群益98購01  ,0,0,0,0,0,0,0,0,0,0,0,0,0,10000,10000,0,0
054813,鴻海元大97購09  ,0,0,0,0,0,0,0,0,0,0,0,0,0,210000,210000,0,0
054844,華邦電兆豐98購01,0,0,0,0,0,0,0,0,0,0,0,0,0,2000,2000,0,0
054360,智邦凱基96購03  ,0,0,0,0,0,0,0,0,0,0,0,0,0,19000,19000,0,0
054378,楠梓電群益98購01,0,0,0,0,0,0,0,0,0,0,0,0,0,19000,19000,0,0
054291,高鐵元大97購01  ,0,0,0,0,0,0,0,0,0,0,0,0,0,20000,20000,0,0
05454P,奇鋐群益95售04  ,0,0,0,0,0,0,0,0,0,0,0,0,0,1000,1000,0,0
054517,高鐵元大96購01  ,0,0,0,0,0,0,0,0,0,0,0,0,0,21000,21000,0,0
054522,康友元大96購07  ,0,0,0,0,0,0,0,0,0,0,0,0,0,6000,6000,0,0
054523,GIS元大96購05   ,0,0,0,0,0,0,0,0,0,0,0,0,0,68000,68000,0,0
054461,台積電凱基97購09,0,0,0,0,0,0,0,0,0,0,0,0,0,1000,1000,0,0
05442P,鴻海元大96售13  ,0,0,0,0,0,0,0,0,0,0,0,0,0,188000,188000,0,0
053322,京鼎群益97購01  ,0,0,0,0,0,0,0,0,0,0,0,0,0,7000,7000,0,0
053206,聯發科麥證96購02,0,0,0,10000,10000,0,0,0,0,0,0,0,0,10000,10000,0,0
05317P,臺股指永昌95售02,0,0,0,0,0,0,0,0,0,0,260000,0,260000,40000,300000,-260000,0
05315P,鴻海永昌96售08  ,0,0,0,0,0,0,0,0,0,0,0,0,0,306000,306000,0,0
053167,欣興群益96購03  ,0,0,0,0,0,0,0,0,0,0,0,0,0,4000,4000,0,0
053389,彩晶元大98購01  ,0,0,0,0,0,0,0,0,0,0,0,0,0,70000,70000,0,0
053381,友達元大9A購02  ,0,0,0,0,0,0,0,0,0,0,0,0,0,50000,50000,0,0
053376,鴻海元大96購19  ,0,0,0,0,0,0,0,0,0,0,0,0,0,93000,93000,0,0
053478,京鼎元大96購01  ,0,0,0,0,0,0,0,0,0,0,0,0,0,90000,90000,0,0
05348P,美律元富98售01  ,0,0,0,0,0,0,0,0,0,0,0,0,0,10000,10000,0,0
053475,華新科元大96購05,0,0,0,0,0,0,0,0,0,0,0,0,0,1000,1000,0,0
053095,台光電統一98購01,0,0,0,0,0,0,0,0,0,0,0,0,0,48000,48000,0,0
053093,緯穎元大96購06  ,0,0,0,0,0,0,0,0,0,0,0,0,0,93000,93000,0,0
053013,台積電統一97購01,0,0,0,0,0,0,0,0,0,0,0,0,0,10000,10000,0,0
053037,國巨凱基96購08  ,0,0,0,0,0,0,0,0,0,0,0,0,0,97000,97000,0,0
053063,力山群益98購01  ,0,0,0,0,0,0,0,0,0,0,0,0,0,11000,11000,0,0
054206,鴻海國票99購01  ,0,0,0,0,0,0,0,0,0,0,0,0,0,20000,20000,0,0
054168,貿聯凱基97購02  ,0,0,0,0,0,0,0,0,0,0,0,0,0,1000,1000,0,0
054135,大立光元大97購04,0,0,0,0,0,0,0,0,0,0,0,0,0,100000,100000,0,0
053999,台表科群益96購06,0,0,0,0,0,0,0,0,0,0,0,0,0,50000,50000,0,0
053984,康友元大96購05  ,0,0,0,0,0,0,0,0,0,0,0,0,0,4000,4000,0,0
053975,大立光元大98購04,0,0,0,0,0,0,0,0,0,0,0,0,0,100000,100000,0,0
054045,奇力新元大97購03,0,0,0,0,0,0,0,0,0,0,0,0,0,2000,2000,0,0
054025,鴻海凱基96購17  ,0,0,0,0,0,0,0,0,0,0,0,0,0,68000,68000,0,0
054040,中石化元大9C購01,0,0,0,0,0,0,0,0,0,0,0,0,0,40000,40000,0,0
054041,鴻海元大96購22  ,0,0,0,0,0,0,0,0,0,0,0,0,0,1000,1000,0,0
053905,華新科凱基96購10,0,0,0,0,0,0,0,0,0,0,0,0,0,31000,31000,0,0
05390P,康友群益95售04  ,0,0,0,0,0,0,0,0,0,0,0,0,0,2000,2000,0,0
053628,微星兆豐96購01  ,0,0,0,0,0,0,0,0,0,0,0,0,0,10000,10000,0,0
05365P,臺股指富邦95售05,0,0,0,0,0,0,0,0,0,0,0,0,0,550000,550000,0,0
053676,新光金國泰98購02,0,0,0,0,0,0,0,0,0,0,0,0,0,48000,48000,0,0
053672,嘉澤元富96購02  ,0,0,0,0,0,0,0,0,0,0,0,0,0,10000,10000,0,0
053684,台積電元大96購17,0,0,0,0,0,0,0,0,0,0,0,0,0,268000,268000,0,0
053690,南亞科元大96購02,0,0,0,0,0,0,0,0,0,0,0,0,0,38000,38000,0,0
053520,康友群益96購01  ,0,0,0,0,0,0,0,0,0,0,0,0,0,5000,5000,0,0
053780,南亞科元大96購03,0,0,0,0,0,0,0,0,0,0,0,0,0,52000,52000,0,0
053773,上銀元大96購04  ,0,0,0,0,0,0,0,0,0,0,0,0,0,65000,65000,0,0
053704,國巨群益96購06  ,0,0,0,0,0,0,0,0,0,0,0,0,0,63000,63000,0,0
053871,臻鼎元大96購03  ,0,0,0,0,0,0,0,0,0,0,0,0,0,8000,8000,0,0
3376,新日興          ,595000,241000,354000,0,0,0,50000,280000,-230000,-124000,11000,53000,-42000,13000,95000,-82000,0
3046,建碁            ,4000,3000,1000,0,0,0,0,0,0,-1000,0,1000,-1000,0,0,0,0
2850,新產            ,122000,115000,7000,0,0,0,0,0,0,-7000,0,7000,-7000,0,0,0,0
2706,第一店          ,7000,6000,1000,0,0,0,0,0,0,-1000,0,1000,-1000,0,0,0,0
2528,皇普            ,16000,18000,-2000,0,0,0,0,0,0,2000,2000,0,2000,0,0,0,0
1454,台富            ,1000,1000,0,0,0,0,0,0,0,0,0,0,0,0,0,0,0
1466,聚隆            ,1000,1000,0,0,0,0,0,0,0,0,0,0,0,0,0,0,0
1419,新紡            ,3000,3000,0,0,0,0,0,0,0,0,0,0,0,0,0,0,0
1724,台硝            ,1000,0,1000,0,0,0,0,0,0,-1000,0,1000,-1000,0,0,0,0
1617,榮星            ,4000,3000,1000,0,0,0,0,0,0,-1000,0,1000,-1000,0,0,0,0
1817,凱撒衛          ,19000,19000,0,0,0,0,0,0,0,0,0,0,0,0,0,0,0
2017,官田鋼          ,1000,0,1000,0,0,0,0,0,0,-1000,0,1000,-1000,0,0,0,0
4764,雙鍵            ,3000,3000,0,0,0,0,0,0,0,0,0,0,0,0,0,0,0
6216,居易            ,2000,2000,0,0,0,0,0,0,0,0,0,0,0,0,0,0,0
911616,杜康-DR         ,1000,1000,0,0,0,0,0,0,0,0,0,0,0,0,0,0,0
8467,波力-KY         ,1000,1000,0,0,0,0,0,0,0,0,0,0,0,0,0,0,0
8473,山林水          ,11000,11000,0,0,0,0,0,0,0,0,0,0,0,0,0,0,0
8201,無敵            ,3000,4000,-1000,0,0,0,0,0,0,1000,3000,2000,1000,0,0,0,0
06076P,大立光凱基98售03,0,0,0,0,0,0,0,0,0,0,0,0,0,2000,2000,0,0
06067P,華新科康和97售01,0,0,0,0,0,0,0,0,0,0,0,0,0,40000,40000,0,0
06107P,美律群益98售02  ,0,0,0,0,0,0,0,0,0,0,0,0,0,20000,20000,0,0
06043P,創意永豐96售06  ,0,0,0,0,0,0,0,0,0,0,0,0,0,42000,42000,0,0
05962P,大立光群益96售07,0,0,0,0,0,0,0,0,0,0,0,0,0,3000,3000,0,0
06270P,致伸凱基97售03  ,0,0,0,0,0,0,0,0,0,0,0,0,0,1000,1000,0,0
06262P,國巨凱基97售07  ,0,10000,-10000,0,0,0,0,0,0,10000,0,0,0,10000,0,10000,0
06231P,台積電永豐97售05,0,0,0,0,0,0,0,0,0,0,0,0,0,53000,53000,0,0
06175P,台積電元大97售21,0,0,0,0,0,0,0,0,0,0,0,0,0,30000,30000,0,0
058048,群創元大9B購07  ,0,0,0,0,0,0,0,0,0,0,0,0,0,46000,46000,0,0
058042,鴻海元大98購12  ,0,0,0,0,0,0,0,0,0,0,0,0,0,51000,51000,0,0
058044,鴻海元大99購07  ,0,0,0,0,0,0,0,0,0,0,0,0,0,98000,98000,0,0
058045,鴻海元大99購08  ,0,0,0,0,0,0,0,0,0,0,0,0,0,31000,31000,0,0
058079,鴻海群益98購08  ,0,0,0,0,0,0,0,0,0,0,0,0,0,55000,55000,0,0
058086,鴻海元大98購14  ,0,0,0,0,0,0,0,0,0,0,0,0,0,80000,80000,0,0
058087,鴻海元大98購15  ,0,0,0,0,0,0,0,0,0,0,0,0,0,32000,32000,0,0
058088,鴻海元大9A購01  ,0,0,0,0,0,0,0,0,0,0,0,0,0,23000,23000,0,0
058026,上銀富邦9A購01  ,0,0,0,0,0,0,0,0,0,0,0,0,0,6000,6000,0,0
058021,牧德凱基98購02  ,0,0,0,0,0,0,0,0,0,0,0,0,0,4000,4000,0,0
05800P,台積電兆豐96售04,0,0,0,0,0,0,0,0,0,0,0,0,0,5000,5000,0,0
057936,健策群益99購01  ,0,0,0,0,0,0,0,0,0,0,0,0,0,2000,2000,0,0
057937,神達群益98購02  ,0,0,0,0,0,0,0,0,0,0,0,0,0,6000,6000,0,0
057955,技嘉元大98購07  ,0,0,0,0,0,0,0,0,0,0,0,0,0,22000,22000,0,0
057964,緯穎元大99購03  ,0,0,0,0,0,0,0,0,0,0,0,0,0,2000,2000,0,0
057972,群創富邦9C購01  ,0,0,0,0,0,0,0,0,0,0,0,0,0,12000,12000,0,0
057929,上銀群益98購02  ,0,0,0,0,0,0,0,0,0,0,0,0,0,23000,23000,0,0
057932,美律群益98購04  ,0,0,0,0,0,0,0,0,0,0,0,0,0,22000,22000,0,0
057933,聯發科群益98購06,0,0,0,0,0,0,0,0,0,0,0,0,0,15000,15000,0,0
05870P,聯發科凱基96售19,0,0,0,0,0,0,0,0,0,0,0,0,0,10000,10000,0,0
05871P,全新凱基96售04  ,0,0,0,0,0,0,0,0,0,0,0,0,0,2000,2000,0,0
05845P,大立光元大96售06,0,0,0,0,0,0,0,0,0,0,0,0,0,50000,50000,0,0
05824P,臺股指凱基96售21,0,0,0,0,0,0,0,0,0,0,0,0,0,150000,150000,0,0
05817P,可成凱基96售07  ,0,0,0,0,0,0,0,0,0,0,0,0,0,21000,21000,0,0
058081,技嘉群益9A購03  ,0,0,0,0,0,0,0,0,0,0,0,0,0,31000,31000,0,0
058091,欣興元大99購03  ,0,0,0,0,0,0,0,0,0,0,0,0,0,2000,2000,0,0
058092,牧德元大98購02  ,0,0,0,0,0,0,0,0,0,0,0,0,0,9000,9000,0,0
05951P,台積電國票97售05,0,0,0,0,0,0,0,0,0,0,0,0,0,5000,5000,0,0
05913P,國巨元大96售11  ,0,0,0,0,0,0,0,0,0,0,0,0,0,94000,94000,0,0
05933P,鴻海凱基97售03  ,0,0,0,0,0,0,0,0,0,0,0,0,0,8000,8000,0,0
1235,興泰            ,0,1000,-1000,0,0,0,0,0,0,1000,1000,0,1000,0,0,0,0
06926P,可成群益9A售04  ,0,0,0,0,0,0,0,0,0,0,0,0,0,51000,51000,0,0
06866P,聯發科元大98售13,0,0,0,0,0,0,0,0,0,0,0,0,0,5000,5000,0,0
06909P,元油2X元大98售22,0,0,0,0,0,0,0,0,0,0,0,0,0,540000,540000,0,0
06835P,台灣50國票9A售01,0,0,0,0,0,0,0,0,0,0,0,0,0,65000,65000,0,0
06773P,台灣50兆豐9A售01,0,0,0,0,0,0,0,0,0,0,0,0,0,10000,10000,0,0
06788P,臺股指元大98售05,0,0,0,0,0,0,0,0,0,0,0,0,0,3000,3000,0,0
06812P,台灣50元富9C售01,0,0,0,0,0,0,0,0,0,0,0,0,0,30000,30000,0,0
06717P,可成元大98售09  ,0,0,0,0,0,0,0,0,0,0,0,0,0,75000,75000,0,0
06355P,聯茂永豐97售02  ,0,0,0,0,0,0,0,0,0,0,0,0,0,70000,70000,0,0
06368P,台積電凱基97售15,0,0,0,0,0,0,0,0,0,0,0,0,0,50000,50000,0,0
06411P,晶相光永豐97售03,0,0,0,0,0,0,0,0,0,0,0,0,0,99000,99000,0,0
06445P,大立光凱基98售09,0,0,0,0,0,0,0,0,0,0,0,0,0,5000,5000,0,0
06415P,台積電群益97售07,0,0,0,0,0,0,0,0,0,0,0,0,0,10000,10000,0,0
06626P,大立光統一9A售01,0,0,0,0,0,0,0,0,0,0,0,0,0,10000,10000,0,0
06585P,鴻海元大99售04  ,0,0,0,0,0,0,0,0,0,0,0,0,0,14000,14000,0,0
06587P,國巨元大98售13  ,0,0,0,0,0,0,0,0,0,0,0,0,0,110000,110000,0,0
06544P,鴻海元大98售09  ,0,0,0,0,0,0,0,0,0,0,0,0,0,317000,317000,0,0
06531P,元油2X元富98售14,0,0,0,0,0,0,0,0,0,0,0,0,0,220000,220000,0,0
06535P,可成群益99售02  ,0,0,0,0,0,0,0,0,0,0,0,0,0,51000,51000,0,0
06526P,元油2X永豐98售03,0,0,0,0,0,0,0,0,0,0,0,0,0,1598000,1598000,0,0
06511P,元油2X中信9B售01,0,0,0,0,0,0,0,0,0,0,0,0,0,500000,500000,0,0
055743,TPK元富98購01   ,0,0,0,0,0,0,0,0,0,-1000,0,0,0,0,1000,-1000,-1000
055692,緯穎凱基97購03  ,0,0,0,0,0,0,0,0,0,-1000,0,0,0,0,1000,-1000,-1000
055693,南茂凱基97購01  ,0,0,0,0,0,0,0,0,0,-1000,0,0,0,89000,90000,-1000,-1000
055625,亞光富邦98購01  ,0,0,0,0,0,0,0,0,0,-1000,0,0,0,0,1000,-1000,-1000
055497,開發金元大97購01,0,0,0,0,0,0,0,0,0,-1000,0,0,0,0,1000,-1000,-1000
055480,元上證元大97購02,0,0,0,0,0,0,0,0,0,-1000,0,0,0,0,1000,-1000,-1000
055854,群創元大98購04  ,0,0,0,0,0,0,0,0,0,-1000,0,0,0,0,1000,-1000,-1000
05584P,臺股指凱基96售13,0,0,0,0,0,0,0,0,0,-1000,0,0,0,9000,10000,-1000,-1000
056037,美律凱基98購03  ,0,0,0,0,0,0,0,0,0,-1000,0,0,0,0,1000,-1000,-1000
056426,上証2X凱基9A購01,0,0,0,0,0,0,0,0,0,-1000,0,0,0,0,1000,-1000,-1000
056669,貿聯國票99購01  ,0,0,0,0,0,0,0,0,0,-1000,0,0,0,11000,12000,-1000,-1000
056666,元油2X國票9A購01,0,0,0,0,0,0,0,0,0,-1000,0,0,0,0,1000,-1000,-1000
056147,鴻海日盛97購05  ,0,0,0,0,0,0,0,0,0,-1000,0,0,0,0,1000,-1000,-1000
056119,欣興群益97購02  ,0,0,0,0,0,0,0,0,0,-1000,0,0,0,16000,17000,-1000,-1000
057576,南亞科第一9C購01,0,0,0,0,0,0,0,0,0,-1000,0,0,0,3000,4000,-1000,-1000
057401,晶豪科群益99購01,0,0,0,0,0,0,0,0,0,-1000,0,0,0,10000,11000,-1000,-1000
057364,國巨元大98購18  ,0,0,0,0,0,0,0,0,0,-1000,0,0,0,145000,146000,-1000,-1000
05771P,大立光凱基96售13,0,0,0,0,0,0,0,0,0,-1000,0,0,0,4000,5000,-1000,-1000
05775P,台積電國泰98售02,0,0,0,0,0,0,0,0,0,-1000,0,0,0,5000,6000,-1000,-1000
057785,智邦國票99購02  ,0,0,0,0,0,0,0,0,0,-1000,0,0,0,12000,13000,-1000,-1000
056892,旺宏元大9A購02  ,0,0,0,0,0,0,0,0,0,-1000,0,0,0,1000,2000,-1000,-1000
056750,元油2X兆豐9A購01,0,0,0,0,0,0,0,0,0,-1000,0,0,0,0,1000,-1000,-1000
057238,群創凱基9B購03  ,0,0,0,0,0,0,0,0,0,-1000,0,0,0,0,1000,-1000,-1000
057270,遠東新元大98購01,0,0,0,0,0,0,0,0,0,-1000,0,0,0,2000,3000,-1000,-1000
057070,美律永豐98購02  ,0,0,0,0,0,0,0,0,0,-1000,0,0,0,67000,68000,-1000,-1000
057142,力成兆豐98購01  ,0,0,0,0,0,0,0,0,0,-1000,0,0,0,399000,400000,-1000,-1000
04014P,聯發科元大93售18,0,0,0,0,0,0,0,0,0,-1000,0,0,0,250000,251000,-1000,-1000
020011,統一微波高息20N ,0,0,0,0,0,0,0,0,0,-1000,0,0,0,0,1000,-1000,-1000
04132P,瑞昱群益93售04  ,0,0,0,0,0,0,0,0,0,-1000,0,0,0,0,1000,-1000,-1000
04136P,智邦元大93售09  ,0,0,0,0,0,0,0,0,0,-1000,0,0,0,0,1000,-1000,-1000
04144P,瑞昱凱基93售10  ,0,0,0,0,0,0,0,0,0,-1000,0,0,0,0,1000,-1000,-1000
03375P,玉晶光元大02售07,0,0,0,0,0,0,0,0,0,-1000,0,0,0,69000,70000,-1000,-1000
03351P,台積電麥證02售07,0,0,0,0,0,0,0,0,0,-1000,0,0,0,6000,7000,-1000,-1000
03102P,臺股指凱基03售08,0,0,0,0,0,0,0,0,0,-1000,0,0,0,0,1000,-1000,-1000
03052X,元展49          ,0,0,0,0,0,0,0,0,0,-1000,0,0,0,0,1000,-1000,-1000
04505P,佳世達元富96售03,0,0,0,0,0,0,0,0,0,-1000,0,0,0,3000,4000,-1000,-1000
039212,台達電台新9A購01,0,0,0,0,0,0,0,0,0,-1000,0,0,0,0,1000,-1000,-1000
03881P,易華電永豐93售02,0,0,0,0,0,0,0,0,0,-1000,0,0,0,0,1000,-1000,-1000
03821P,上海銀統一95售01,0,0,0,0,0,0,0,0,0,-1000,0,0,0,0,1000,-1000,-1000
036084,台灣50台新98購01,0,0,0,0,0,0,0,0,0,-1000,0,0,0,0,1000,-1000,-1000
04324P,新光金元大94售01,0,0,0,0,0,0,0,0,0,-1000,0,0,0,0,1000,-1000,-1000
043735,元金2X元大94購01,0,0,0,0,0,0,0,0,0,-1000,0,0,0,0,1000,-1000,-1000
04528P,智原凱基94售01  ,0,0,0,0,0,0,0,0,0,-1000,0,0,0,1000,2000,-1000,-1000
04547P,高鐵元大94售01  ,0,0,0,0,0,0,0,0,0,-1000,0,0,0,0,1000,-1000,-1000
04435P,台積電中信95售07,0,0,0,0,0,0,0,0,0,-1000,0,0,0,0,1000,-1000,-1000
04456P,日月光統一94售01,0,0,0,0,0,0,0,0,0,-1000,0,0,0,0,1000,-1000,-1000
04568P,瑞昱兆豐94售02  ,0,0,0,0,0,0,0,0,0,-1000,0,0,0,0,1000,-1000,-1000
045728,大立光亞東93購01,0,0,0,0,0,0,0,0,0,-1000,0,0,0,0,1000,-1000,-1000
044871,國巨統一93購05  ,0,0,0,0,0,0,0,0,0,-1000,0,0,0,0,1000,-1000,-1000
04713P,創意元大95售01  ,0,0,0,0,0,0,0,0,0,-1000,0,0,0,0,1000,-1000,-1000
047116,大立光元大93購19,0,0,0,0,0,0,0,0,0,-1000,0,0,0,0,1000,-1000,-1000
04602P,聯詠凱基94售02  ,0,0,0,0,0,0,0,0,0,-1000,0,0,0,0,1000,-1000,-1000
04901P,臺股指麥證94售02,0,0,0,0,1000,-1000,0,0,0,-1000,0,0,0,0,1000,-1000,-1000
047912,台郡麥證94購01  ,0,0,0,0,1000,-1000,0,0,0,-1000,0,0,0,0,1000,-1000,-1000
047048,華邦電國票93購02,0,0,0,0,0,0,0,0,0,-1000,0,0,0,0,1000,-1000,-1000
04853P,易華電永豐94售03,0,0,0,0,0,0,0,0,0,-1000,0,0,0,0,1000,-1000,-1000
048593,華新科群益93購04,0,0,0,0,0,0,0,0,0,-1000,0,0,0,9000,10000,-1000,-1000
04734P,上海銀兆豐94售02,0,0,0,0,0,0,0,0,0,-1000,0,0,0,0,1000,-1000,-1000
047506,卜蜂國票93購01  ,0,0,0,0,0,0,0,0,0,-1000,0,0,0,0,1000,-1000,-1000
048108,鴻海群益93購07  ,0,0,0,0,0,0,0,0,0,-1000,0,0,0,0,1000,-1000,-1000
04820P,聯茂永豐94售02  ,0,0,0,0,0,0,0,0,0,-1000,0,0,0,0,1000,-1000,-1000
048839,牧德凱基95購01  ,0,0,0,0,0,0,0,0,0,-1000,0,0,0,6000,7000,-1000,-1000
048716,力山永豐94購01  ,0,0,0,0,0,0,0,0,0,-1000,0,0,0,0,1000,-1000,-1000
048735,美利達麥證95購01,0,0,0,10000,11000,-1000,0,0,0,-1000,0,0,0,10000,11000,-1000,-1000
050022,鴻海元大94購11  ,0,0,0,0,0,0,0,0,0,-1000,0,0,0,36000,37000,-1000,-1000
04922P,日月光凱基94售02,0,0,0,0,0,0,0,0,0,-1000,0,0,0,0,1000,-1000,-1000
050058,國巨凱基94購06  ,0,0,0,0,0,0,0,0,0,-1000,0,0,0,23000,24000,-1000,-1000
049156,緯穎元大96購01  ,0,0,0,0,0,0,0,0,0,-1000,0,0,0,8000,9000,-1000,-1000
049175,台積電凱基94購12,0,0,0,0,0,0,0,0,0,-1000,0,0,0,0,1000,-1000,-1000
050847,創意國票96購01  ,0,0,0,0,0,0,0,0,0,-1000,0,0,0,0,1000,-1000,-1000
050788,台郡國泰96購01  ,0,0,0,0,0,0,0,0,0,-1000,0,0,0,0,1000,-1000,-1000
050793,大立光富邦96購03,0,0,0,0,0,0,0,0,0,-1000,0,0,0,0,1000,-1000,-1000
051366,康友國泰97購01  ,0,0,0,0,0,0,0,0,0,-1000,0,0,0,12000,13000,-1000,-1000
051261,鴻海永昌96購05  ,0,0,0,0,0,0,0,0,0,-1000,0,0,0,0,1000,-1000,-1000
051032,南電元富95購01  ,0,0,0,0,0,0,0,0,0,-1000,0,0,0,0,1000,-1000,-1000
052567,台積電凱基96購05,0,0,0,0,0,0,0,0,0,-1000,0,0,0,10000,11000,-1000,-1000
052688,新日興元大96購01,0,0,0,0,0,0,0,0,0,-1000,0,0,0,23000,24000,-1000,-1000
05250P,臻鼎國票96售01  ,0,0,0,0,0,0,0,0,0,-1000,0,0,0,19000,20000,-1000,-1000
05260P,和碩元富95售02  ,0,0,0,0,0,0,0,0,0,-1000,0,0,0,10000,11000,-1000,-1000
052809,訊芯元大97購01  ,0,0,0,0,0,0,0,0,0,-1000,0,0,0,10000,11000,-1000,-1000
052804,淘帝元大96購01  ,0,0,0,0,0,0,0,0,0,-1000,0,0,0,0,1000,-1000,-1000
052437,聯發科富邦99購02,0,0,0,0,0,0,0,0,0,-1000,0,0,0,102000,103000,-1000,-1000
050420,鴻海凱基95購03  ,0,0,0,0,0,0,0,0,0,-1000,0,0,0,0,1000,-1000,-1000
052431,茂林永豐95購03  ,0,0,0,0,0,0,0,0,0,-1000,0,0,0,9000,10000,-1000,-1000
050386,智伸科國票94購01,0,0,0,0,0,0,0,0,0,-1000,0,0,0,0,1000,-1000,-1000
050381,鴻海兆豐94購01  ,0,0,0,0,0,0,0,0,0,-1000,0,0,0,10000,11000,-1000,-1000
050344,鴻海元富96購01  ,0,0,0,0,0,0,0,0,0,-1000,0,0,0,40000,41000,-1000,-1000
050298,智伸科凱基94購02,0,0,0,0,0,0,0,0,0,-1000,0,0,0,0,1000,-1000,-1000
049515,同欣電凱基94購01,0,0,0,0,0,0,0,0,0,-1000,0,0,0,30000,31000,-1000,-1000
050011,S&P反1國泰95購01,0,0,0,0,0,0,0,0,0,-1000,0,0,0,0,1000,-1000,-1000
05088P,大立光富邦99售01,0,0,0,0,0,0,0,0,0,-1000,0,0,0,0,1000,-1000,-1000
049877,南亞科永豐94購01,0,0,0,0,0,0,0,0,0,-1000,0,0,0,48000,49000,-1000,-1000
049847,旺宏群益94購04  ,0,0,0,0,0,0,0,0,0,-1000,0,0,0,11000,12000,-1000,-1000
050610,鴻海元大94購24  ,0,0,0,0,0,0,0,0,0,-1000,0,0,0,239000,240000,-1000,-1000
050940,嘉澤國票95購01  ,0,0,0,0,0,0,0,0,0,-1000,0,0,0,38000,39000,-1000,-1000
052192,SP黃豆元富95購04,0,0,0,0,0,0,0,0,0,-1000,0,0,0,2000,3000,-1000,-1000
051857,喬山凱基95購01  ,0,0,0,0,0,0,0,0,0,-1000,0,0,0,0,1000,-1000,-1000
052032,臺股指群益95購05,0,0,0,0,0,0,0,0,0,-1000,0,0,0,0,1000,-1000,-1000
052035,臺股指群益95購08,0,0,0,0,0,0,0,0,0,-1000,0,0,0,0,1000,-1000,-1000
051791,智伸科國票96購01,0,0,0,0,0,0,0,0,0,-1000,0,0,0,22000,23000,-1000,-1000
05012P,台積電元大95售07,0,0,0,0,0,0,0,0,0,-1000,0,0,0,0,1000,-1000,-1000
05010P,台郡元富95售01  ,0,0,0,0,0,0,0,0,0,-1000,0,0,0,0,1000,-1000,-1000
04925P,和碩元大94售03  ,0,0,0,0,0,0,0,0,0,-1000,0,0,0,0,1000,-1000,-1000
050150,國巨群益95購01  ,0,0,0,0,0,0,0,0,0,-1000,0,0,0,12000,13000,-1000,-1000
052113,漢唐中信98購01  ,0,0,0,0,0,0,0,0,0,-1000,0,0,0,5000,6000,-1000,-1000
049691,可成元大94購06  ,0,0,0,0,0,0,0,0,0,-1000,0,0,0,123000,124000,-1000,-1000
053844,GIS統一96購01   ,0,0,0,0,0,0,0,0,0,-1000,0,0,0,48000,49000,-1000,-1000
053769,香港反元大99購01,0,0,0,0,0,0,0,0,0,-1000,0,0,0,0,1000,-1000,-1000
053547,台積電凱基96購14,0,0,0,0,0,0,0,0,0,-1000,0,0,0,24000,25000,-1000,-1000
053543,臺股指永豐96購02,0,0,0,0,0,0,0,0,0,-1000,0,0,0,0,1000,-1000,-1000
053593,晶技元大98購01  ,0,0,0,0,0,0,0,0,0,-1000,0,0,0,0,1000,-1000,-1000
053902,S&P反1凱基97購01,0,0,0,0,0,0,0,0,0,-1000,0,0,0,373000,374000,-1000,-1000
054060,晶技國票97購02  ,0,0,0,0,0,0,0,0,0,-1000,0,0,0,58000,59000,-1000,-1000
053062,緯穎富邦97購01  ,0,0,0,0,0,0,0,0,0,-1000,0,0,0,0,1000,-1000,-1000
05284P,鴻海兆豐95售04  ,0,0,0,0,0,0,0,0,0,-1000,0,0,0,6000,7000,-1000,-1000
053433,友達日盛99購06  ,0,0,0,0,0,0,0,0,0,-1000,0,0,0,70000,71000,-1000,-1000
053423,亞光永豐96購01  ,0,0,0,0,0,0,0,0,0,-1000,0,0,0,3000,4000,-1000,-1000
053173,矽格群益97購01  ,0,0,0,0,0,0,0,0,0,-1000,0,0,0,0,1000,-1000,-1000
053273,國巨元大96購08  ,0,0,0,0,0,0,0,0,0,-1000,0,0,0,380000,381000,-1000,-1000
054290,奇力新元大96購05,0,0,0,0,0,0,0,0,0,-1000,0,0,0,0,1000,-1000,-1000
054267,上銀第一96購01  ,0,0,0,0,0,0,0,0,0,-1000,0,0,0,0,1000,-1000,-1000
054379,光磊群益98購01  ,0,0,0,0,0,0,0,0,0,-1000,0,0,0,110000,111000,-1000,-1000
054566,貿聯群益97購02  ,0,0,0,0,0,0,0,0,0,-1000,0,0,0,10000,11000,-1000,-1000
055085,大毅國票97購01  ,0,0,0,0,0,0,0,0,0,-1000,0,0,0,204000,205000,-1000,-1000
054975,福懋科元大97購01,0,0,0,0,0,0,0,0,0,-1000,0,0,0,67000,68000,-1000,-1000
055321,大立光國票98購02,0,0,0,0,0,0,0,0,0,-1000,0,0,0,57000,58000,-1000,-1000
05535P,台積電元大97售06,0,0,0,0,0,0,0,0,0,-1000,0,0,0,1242000,1243000,-1000,-1000
05524P,瀚宇博國票97售02,0,0,0,0,0,0,0,0,0,-1000,0,0,0,10000,11000,-1000,-1000
06516P,國巨凱基98售08  ,0,0,0,0,0,0,0,0,0,-1000,0,0,0,105000,106000,-1000,-1000
06537P,華通凱基98售04  ,0,0,0,0,0,0,0,0,0,-1000,0,0,0,0,1000,-1000,-1000
06484P,聯發科凱基98售11,0,0,0,0,0,0,0,0,0,-1000,0,0,0,0,1000,-1000,-1000
06553P,訊芯元大98售05  ,0,0,0,0,0,0,0,0,0,-1000,0,0,0,50000,51000,-1000,-1000
06568P,國巨永豐98售05  ,0,0,0,0,0,0,0,0,0,-1000,0,0,0,30000,31000,-1000,-1000
06628P,訊芯元富98售03  ,0,0,0,0,0,0,0,0,0,-1000,0,0,0,0,1000,-1000,-1000
06459P,亞德客元富98售01,0,0,0,0,0,0,0,0,0,-1000,0,0,0,12000,13000,-1000,-1000
06885P,國巨國票99售06  ,0,0,0,0,0,0,0,0,0,-1000,0,0,0,6000,7000,-1000,-1000
06920P,台灣50凱基9A售01,0,0,0,0,0,0,0,0,0,-1000,0,0,0,0,1000,-1000,-1000
06940P,旺宏永豐98售05  ,0,0,0,0,0,0,0,0,0,-1000,0,0,0,50000,51000,-1000,-1000
06943P,致茂元富98售03  ,0,0,0,0,0,0,0,0,0,-1000,0,0,0,0,1000,-1000,-1000
05929P,宏達電康和96售01,0,0,0,0,0,0,0,0,0,-1000,0,0,0,10000,11000,-1000,-1000
05940P,聯發科凱基96售21,0,0,0,0,0,0,0,0,0,-1000,0,0,0,0,1000,-1000,-1000
05912P,和大元大96售01  ,0,0,0,0,0,0,0,0,0,-1000,0,0,0,0,1000,-1000,-1000
058080,台積電群益98購06,0,0,0,0,0,0,0,0,0,-1000,0,0,0,100000,101000,-1000,-1000
05830P,滬深2X元富99售03,0,0,0,0,0,0,0,0,0,-1000,0,0,0,144000,145000,-1000,-1000
05842P,台積電元大96售15,0,0,0,0,0,0,0,0,0,-1000,0,0,0,510000,511000,-1000,-1000
05850P,台積電兆豐96售06,0,0,0,0,0,0,0,0,0,-1000,0,0,0,0,1000,-1000,-1000
05866P,致伸元大96售01  ,0,0,0,0,0,0,0,0,0,-1000,0,0,0,101000,102000,-1000,-1000
057880,金融類元大99購02,0,0,0,0,0,0,0,0,0,-1000,0,0,0,0,1000,-1000,-1000
057944,新日興國票99購02,0,0,0,0,0,0,0,0,0,-1000,0,0,0,7000,8000,-1000,-1000
057945,京鼎國票99購03  ,0,0,0,0,0,0,0,0,0,-1000,0,0,0,13000,14000,-1000,-1000
058068,旺宏凱基98購11  ,0,0,0,0,0,0,0,0,0,-1000,0,0,0,0,1000,-1000,-1000
058057,FBVIX元富98購02 ,0,0,0,0,0,0,0,0,0,-1000,0,0,0,0,1000,-1000,-1000
058052,南電元大98購02  ,0,0,0,0,0,0,0,0,0,-1000,0,0,0,6000,7000,-1000,-1000
06176P,台積電元大97售22,0,0,0,0,0,0,0,0,0,-1000,0,0,0,0,1000,-1000,-1000
06146P,S&P反1元大97售03,0,0,0,0,0,0,0,0,0,-1000,0,0,0,0,1000,-1000,-1000
05967P,臺股指麥證96售02,0,0,0,0,1000,-1000,0,0,0,-1000,0,0,0,0,1000,-1000,-1000
05970P,超眾永豐96售03  ,0,0,0,0,0,0,0,0,0,-1000,0,0,0,10000,11000,-1000,-1000
06055P,華通凱基97售04  ,0,0,0,0,0,0,0,0,0,-1000,0,0,0,11000,12000,-1000,-1000
8478,東哥遊艇        ,1000,2000,-1000,0,0,0,0,0,0,0,0,0,0,0,0,0,-1000
8481,政伸            ,1000,2000,-1000,0,0,0,0,0,0,0,0,0,0,0,0,0,-1000
6641,基士德-KY       ,2000,3000,-1000,0,0,0,0,0,0,0,0,0,0,0,0,0,-1000
4930,燦星網          ,0,2000,-2000,0,0,0,0,0,0,1000,1000,0,1000,0,0,0,-1000
4989,榮科            ,13000,14000,-1000,0,0,0,0,0,0,0,0,0,0,0,0,0,-1000
9929,秋雨            ,0,1000,-1000,0,0,0,0,0,0,0,0,0,0,0,0,0,-1000
2012,春雨            ,0,1000,-1000,0,0,0,0,0,0,0,0,0,0,0,0,0,-1000
1725,元禎            ,0,1000,-1000,0,0,0,0,0,0,0,0,0,0,0,0,0,-1000
1776,展宇            ,2000,3000,-1000,0,0,0,0,0,0,0,0,0,0,0,0,0,-1000
1735,日勝化          ,0,1000,-1000,0,0,0,0,0,0,0,0,0,0,0,0,0,-1000
1583,程泰            ,0,1000,-1000,0,0,0,0,0,0,0,0,0,0,0,0,0,-1000
1589,永冠-KY         ,154000,261000,-107000,0,0,0,0,0,0,106000,169000,62000,107000,0,1000,-1000,-1000
1535,中宇            ,2000,3000,-1000,0,0,0,0,0,0,0,0,0,0,0,0,0,-1000
1432,大魯閣          ,1000,2000,-1000,0,0,0,0,0,0,0,0,0,0,0,0,0,-1000
1435,中福            ,2000,3000,-1000,0,0,0,0,0,0,0,0,0,0,0,0,0,-1000
1472,三洋紡          ,3000,5000,-2000,0,0,0,0,0,0,1000,1000,0,1000,0,0,0,-1000
2904,匯僑            ,0,0,0,0,0,0,0,0,0,-1000,0,1000,-1000,0,0,0,-1000
057067,元油2X永豐9B購01,0,0,0,0,0,0,0,0,0,-2000,0,0,0,0,2000,-2000,-2000
057282,大立光元大99購06,0,0,0,0,0,0,0,0,0,-2000,0,0,0,2000,4000,-2000,-2000
057285,群創元大98購07  ,0,0,0,0,0,0,0,0,0,-2000,0,0,0,0,2000,-2000,-2000
057294,台灣50永豐99購01,0,0,0,0,0,0,0,0,0,-2000,0,0,0,25000,27000,-2000,-2000
057224,和碩日盛9A購01  ,0,0,0,0,0,0,0,0,0,-2000,0,0,0,30000,32000,-2000,-2000
056806,元油2X統一98購02,0,0,0,0,0,0,0,0,0,-2000,0,0,0,30000,32000,-2000,-2000
056866,矽創群益98購03  ,0,0,0,0,0,0,0,0,0,-2000,0,0,0,40000,42000,-2000,-2000
056928,旺宏台新98購01  ,0,0,0,0,0,0,0,0,0,-2000,0,0,0,0,2000,-2000,-2000
057319,奇力新凱基99購02,0,0,0,0,0,0,0,0,0,-2000,0,0,0,1000,3000,-2000,-2000
057391,樺漢永豐98購01  ,0,0,0,0,0,0,0,0,0,-2000,0,0,0,0,2000,-2000,-2000
05753P,臺股指中信99售02,0,0,0,0,0,0,0,0,0,-2000,0,0,0,0,2000,-2000,-2000
05754P,臺股指中信99售03,0,0,0,0,0,0,0,0,0,-2000,0,0,0,0,2000,-2000,-2000
057502,訊芯群益98購02  ,0,0,0,0,0,0,0,0,0,-2000,0,0,0,20000,22000,-2000,-2000
056218,億光中信98購01  ,0,0,0,0,0,0,0,0,0,-2000,0,0,0,0,2000,-2000,-2000
056169,鴻海元富97購08  ,0,0,0,0,0,0,0,0,0,-2000,0,0,0,12000,14000,-2000,-2000
056334,台積電凱基98購06,0,0,0,0,0,0,0,0,0,-2000,0,0,0,0,2000,-2000,-2000
056360,智邦元大98購01  ,0,0,0,0,0,0,0,0,0,-2000,0,0,0,58000,60000,-2000,-2000
056670,樺漢國票99購01  ,0,0,0,0,0,0,0,0,0,-2000,0,0,0,28000,30000,-2000,-2000
056613,旺宏永豐98購01  ,0,0,0,0,0,0,0,0,0,-2000,0,0,0,5000,7000,-2000,-2000
056564,亞光群益98購02  ,0,0,0,0,0,0,0,0,0,-2000,0,0,0,0,2000,-2000,-2000
056413,上証反中信9A購01,0,0,0,0,0,0,0,0,0,-2000,0,0,0,0,2000,-2000,-2000
056061,國泰金元大97購02,0,0,0,0,0,0,0,0,0,-2000,0,0,0,0,2000,-2000,-2000
055485,國巨元大97購09  ,0,0,0,0,0,0,0,0,0,-2000,0,0,0,0,2000,-2000,-2000
055621,國巨國泰98購03  ,0,0,0,0,0,0,0,0,0,-2000,0,0,0,76000,78000,-2000,-2000
055669,緯穎群益97購02  ,0,0,0,0,0,0,0,0,0,-2000,0,0,0,35000,37000,-2000,-2000
055695,大毅國票98購03  ,0,0,0,0,0,0,0,0,0,-2000,0,0,0,0,2000,-2000,-2000
055742,健策元富97購02  ,0,0,0,0,0,0,0,0,0,-2000,0,0,0,24000,26000,-2000,-2000
05001P,華通統一95售01  ,0,0,0,0,0,0,0,0,0,-2000,0,0,0,87000,89000,-2000,-2000
048655,A50正2元富96購01,0,0,0,0,0,0,0,0,0,-2000,0,0,0,0,2000,-2000,-2000
04878P,國巨康和94售02  ,0,0,0,0,0,0,0,0,0,-2000,0,0,0,5000,7000,-2000,-2000
048810,玉晶光第一94購01,0,0,0,0,0,0,0,0,0,-2000,0,0,0,88000,90000,-2000,-2000
048631,遠東新元大93購01,0,0,0,0,0,0,0,0,0,-2000,0,0,0,185000,187000,-2000,-2000
048102,矽力凱基94購01  ,0,0,0,0,0,0,0,0,0,-2000,0,0,0,3000,5000,-2000,-2000
048134,祥碩國票93購02  ,0,0,0,0,0,0,0,0,0,-2000,0,0,0,0,2000,-2000,-2000
04728P,美律亞東94售02  ,0,0,0,0,0,0,0,0,0,-2000,0,0,0,0,2000,-2000,-2000
046576,S&P反1富邦93購01,0,0,0,0,0,0,0,0,0,-2000,0,0,0,0,2000,-2000,-2000
04765P,宏達電永豐94售02,0,0,0,0,0,0,0,0,0,-2000,0,0,0,0,2000,-2000,-2000
04726P,TPK凱基94售04   ,0,0,0,0,0,0,0,0,0,-2000,0,0,0,0,2000,-2000,-2000
045871,元油2X元富96購03,0,0,0,0,0,0,0,0,0,-2000,0,0,0,330000,332000,-2000,-2000
045817,滬深2X凱基95購02,0,0,0,0,0,0,0,0,0,-2000,0,0,0,0,2000,-2000,-2000
04566P,GIS凱基94售04   ,0,0,0,0,0,0,0,0,0,-2000,0,0,0,0,2000,-2000,-2000
04284P,瀚宇博永豐93售01,0,0,0,0,0,0,0,0,0,-2000,0,0,0,0,2000,-2000,-2000
042692,台灣50凱基96購09,0,0,0,0,0,0,0,0,0,-2000,0,0,0,0,2000,-2000,-2000
04247P,宏達電永豐93售02,0,0,0,0,0,0,0,0,0,-2000,0,0,0,0,2000,-2000,-2000
04429P,和鑫元大94售01  ,0,0,0,0,0,0,0,0,0,-2000,0,0,0,0,2000,-2000,-2000
04428P,台光電元大94售02,0,0,0,0,0,0,0,0,0,-2000,0,0,0,0,2000,-2000,-2000
045293,鴻海元大94購01  ,0,0,0,0,0,0,0,0,0,-2000,0,0,0,28000,30000,-2000,-2000
045365,智邦兆豐93購04  ,0,0,0,0,0,0,0,0,0,-2000,0,0,0,8000,10000,-2000,-2000
043580,大立光元富94購01,0,0,0,0,0,0,0,0,0,-2000,0,0,0,3000,5000,-2000,-2000
045566,南寶國泰93購01  ,0,0,0,0,0,0,0,0,0,-2000,0,0,0,0,2000,-2000,-2000
03607P,滬深2X富邦95售01,0,0,0,0,0,0,0,0,0,-2000,0,0,0,0,2000,-2000,-2000
03647C,T50反1元富99牛02,0,0,0,0,0,0,0,0,0,-2000,0,0,0,0,2000,-2000,-2000
04201P,智原群益93售01  ,0,0,0,0,0,0,0,0,0,-2000,0,0,0,0,2000,-2000,-2000
00776,新光ICE美國權值 ,0,0,0,0,0,0,0,0,0,-2000,0,0,0,5000,7000,-2000,-2000
006204,永豐臺灣加權    ,0,0,0,0,0,0,0,0,0,-2000,0,0,0,1000,3000,-2000,-2000
00661,元大日經225     ,0,0,0,0,0,0,0,0,0,-2000,0,0,0,41000,43000,-2000,-2000
049659,旺宏台新95購01  ,0,0,0,0,0,0,0,0,0,-2000,0,0,0,0,2000,-2000,-2000
04971P,矽力元富94售02  ,0,0,0,0,0,0,0,0,0,-2000,0,0,0,0,2000,-2000,-2000
049128,滬深2X元大97購03,0,0,0,0,0,0,0,0,0,-2000,0,0,0,0,2000,-2000,-2000
04923P,GIS凱基94售06   ,0,0,0,0,0,0,0,0,0,-2000,0,0,0,0,2000,-2000,-2000
049261,大立光元大94購08,0,0,0,0,0,0,0,0,0,-2000,0,0,0,4000,6000,-2000,-2000
051820,道瓊反元富95購01,0,0,0,0,0,0,0,0,0,-2000,0,0,0,0,2000,-2000,-2000
051650,矽力永豐95購01  ,0,0,0,0,0,0,0,0,0,-2000,0,0,0,0,2000,-2000,-2000
051694,A50正2中信96購03,0,0,0,0,0,0,0,0,0,-2000,0,0,0,0,2000,-2000,-2000
052047,建準凱基96購01  ,0,0,0,0,0,0,0,0,0,-2000,0,0,0,0,2000,-2000,-2000
05043P,佳世達元富95售01,0,0,0,0,0,0,0,0,0,-2000,0,0,0,3000,5000,-2000,-2000
050586,康友國票94購01  ,0,0,0,0,0,0,0,0,0,-2000,0,0,0,0,2000,-2000,-2000
050727,華新科國票94購09,0,0,0,0,0,0,0,0,0,-2000,0,0,0,0,2000,-2000,-2000
049841,國巨第一94購01  ,0,0,0,0,0,0,0,0,0,-2000,0,0,0,0,2000,-2000,-2000
049906,光寶科元大94購03,0,0,0,0,0,0,0,0,0,-2000,0,0,0,0,2000,-2000,-2000
049303,S&P反1凱基94購02,0,0,0,0,0,0,0,0,0,-2000,0,0,0,0,2000,-2000,-2000
050367,鴻海元大94購20  ,0,0,0,0,0,0,0,0,0,-2000,0,0,0,199000,201000,-2000,-2000
050352,欣興群益95購01  ,0,0,0,0,0,0,0,0,0,-2000,0,0,0,5000,7000,-2000,-2000
052446,聯發科元大96購03,0,0,0,0,0,0,0,0,0,-2000,0,0,0,20000,22000,-2000,-2000
052529,力成元大95購03  ,0,0,0,0,0,0,0,0,0,-2000,0,0,0,8000,10000,-2000,-2000
051575,國巨元大96購03  ,0,0,0,0,0,0,0,0,0,-2000,0,0,0,153000,155000,-2000,-2000
051360,緯創元大95購03  ,0,0,0,0,0,0,0,0,0,-2000,0,0,0,68000,70000,-2000,-2000
05138P,嘉聯益凱基96售02,0,0,0,0,0,0,0,0,0,-2000,0,0,0,10000,12000,-2000,-2000
050771,華新科元大94購06,0,0,0,0,0,0,0,0,0,-2000,0,0,0,4000,6000,-2000,-2000
052278,國巨凱基95購06  ,0,0,0,0,0,0,0,0,0,-2000,0,0,0,31000,33000,-2000,-2000
051211,道瓊反統一95購01,0,0,0,0,0,0,0,0,0,-2000,0,0,0,0,2000,-2000,-2000
05522P,友達元富96售02  ,0,0,0,0,0,0,0,0,0,-2000,0,0,0,0,2000,-2000,-2000
055379,牧德元大97購03  ,0,0,0,0,0,0,0,0,0,-2000,0,0,0,64000,66000,-2000,-2000
055390,國巨統一98購03  ,0,0,0,0,0,0,0,0,0,-2000,0,0,0,25000,27000,-2000,-2000
054953,華新科元大97購05,0,0,0,0,0,0,0,0,0,-2000,0,0,0,58000,60000,-2000,-2000
054907,帆宣康和97購01  ,0,0,0,0,0,0,0,0,0,-2000,0,0,0,8000,10000,-2000,-2000
055001,京鼎元富97購01  ,0,0,0,0,0,0,0,0,0,-2000,0,0,0,91000,93000,-2000,-2000
05505P,聯發科凱基96售09,0,0,0,0,0,0,0,0,0,-2000,0,0,0,1000,3000,-2000,-2000
054575,聯鈞元大97購01  ,0,0,0,0,0,0,0,0,0,-2000,0,0,0,132000,134000,-2000,-2000
054872,瀚宇博群益98購01,0,0,0,0,0,0,0,0,0,-2000,0,0,0,5000,7000,-2000,-2000
054451,上銀亞東98購01  ,0,0,0,0,0,0,0,0,0,-2000,0,0,0,0,2000,-2000,-2000
054492,嘉聯益台新96購01,0,0,0,0,0,0,0,0,0,-2000,0,0,0,38000,40000,-2000,-2000
05328P,臺股指凱基95售12,0,0,0,0,0,0,0,0,0,-2000,0,0,0,0,2000,-2000,-2000
053195,玉晶光元富96購02,0,0,0,0,0,0,0,0,0,-2000,0,0,0,0,2000,-2000,-2000
053353,玉晶光兆豐97購03,0,0,0,0,0,0,0,0,0,-2000,0,0,0,0,2000,-2000,-2000
052983,國巨元大96購07  ,0,0,0,0,0,0,0,0,0,-2000,0,0,0,211000,213000,-2000,-2000
053880,智邦中信96購01  ,0,0,0,0,0,0,0,0,0,-2000,0,0,0,20000,22000,-2000,-2000
054078,鴻海中信98購01  ,0,0,0,0,0,0,0,0,0,-2000,0,0,0,0,2000,-2000,-2000
053616,奇力新群益97購01,0,0,0,0,0,0,0,0,0,-2000,0,0,0,104000,106000,-2000,-2000
053852,南亞科國泰98購01,0,0,0,0,0,0,0,0,0,-2000,0,0,0,79000,81000,-2000,-2000
05379P,可成凱基95售11  ,0,0,0,0,0,0,0,0,0,-2000,0,0,0,0,2000,-2000,-2000
2901,欣欣            ,2000,1000,1000,0,0,0,0,0,0,-3000,0,3000,-3000,0,0,0,-2000
3416,融程電          ,3000,2000,1000,0,0,0,0,0,0,-3000,0,3000,-3000,0,0,0,-2000
3296,勝德            ,0,5000,-5000,0,0,0,0,0,0,3000,4000,1000,3000,0,0,0,-2000
3054,立萬利          ,1000,3000,-2000,0,0,0,0,0,0,0,0,0,0,0,0,0,-2000
2543,皇昌            ,0,2000,-2000,0,0,0,0,0,0,0,0,0,0,0,0,0,-2000
2722,夏都            ,0,2000,-2000,0,0,0,0,0,0,0,0,0,0,0,0,0,-2000
1459,聯發            ,0,1000,-1000,0,0,0,0,0,0,-1000,0,1000,-1000,0,0,0,-2000
1441,大東            ,2000,4000,-2000,0,0,0,0,0,0,0,0,0,0,0,0,0,-2000
1443,立益            ,0,2000,-2000,0,0,0,0,0,0,0,0,0,0,0,0,0,-2000
1445,大宇            ,0,1000,-1000,0,0,0,0,0,0,-1000,0,1000,-1000,0,0,0,-2000
1539,巨庭            ,0,2000,-2000,0,0,0,0,0,0,0,0,0,0,0,0,0,-2000
1568,倉佑            ,6000,8000,-2000,0,0,0,0,0,0,0,0,0,0,0,0,0,-2000
2032,新鋼            ,0,1000,-1000,0,0,0,0,0,0,-1000,0,1000,-1000,0,0,0,-2000
2033,佳大            ,1000,3000,-2000,0,0,0,0,0,0,0,0,0,0,0,0,0,-2000
5285,界霖            ,35000,36000,-1000,0,0,0,0,0,0,-1000,0,1000,-1000,0,0,0,-2000
6117,迎廣            ,0,0,0,0,0,0,0,0,0,-2000,0,2000,-2000,0,0,0,-2000
5906,台南-KY         ,2000,4000,-2000,0,0,0,0,0,0,0,0,0,0,0,0,0,-2000
6205,詮欣            ,1000,3000,-2000,0,0,0,0,0,0,0,0,0,0,0,0,0,-2000
4439,冠星-KY         ,0,5000,-5000,0,0,0,0,0,0,3000,3000,0,3000,0,0,0,-2000
6573,虹揚-KY         ,2000,2000,0,0,0,0,0,0,0,-2000,0,2000,-2000,0,0,0,-2000
6214,精誠            ,202000,247000,-45000,0,0,0,0,0,0,43000,51000,8000,43000,0,0,0,-2000
6215,和椿            ,16000,9000,7000,0,0,0,0,0,0,-9000,0,9000,-9000,0,0,0,-2000
9912,偉聯            ,0,1000,-1000,0,0,0,0,0,0,-1000,0,1000,-1000,0,0,0,-2000
8222,寶一            ,1000,0,1000,0,0,0,0,0,0,-3000,0,3000,-3000,0,0,0,-2000
06038P,國泰金台新96售01,0,0,0,0,0,0,0,0,0,-2000,0,0,0,0,2000,-2000,-2000
06029P,聯發科台新96售02,0,0,0,0,0,0,0,0,0,-2000,0,0,0,0,2000,-2000,-2000
06241P,大立光元富9A售01,0,0,0,0,0,0,0,0,0,-2000,0,0,0,11000,13000,-2000,-2000
058089,聯發科元大98購15,0,0,0,0,0,0,0,0,0,-2000,0,0,0,248000,250000,-2000,-2000
057969,緯穎國泰99購01  ,0,0,0,0,0,0,0,0,0,-2000,0,0,0,8000,10000,-2000,-2000
05814P,臺股指國票96售07,0,0,0,0,0,0,0,0,0,-2000,0,0,0,0,2000,-2000,-2000
058096,南電元大98購04  ,0,0,0,0,0,0,0,0,0,-2000,0,0,0,6000,8000,-2000,-2000
06938P,南電元大98售03  ,0,0,0,0,0,0,0,0,0,-2000,0,0,0,0,2000,-2000,-2000
08749P,鴻海台新01售02  ,0,0,0,0,0,0,0,0,0,-2000,0,0,0,0,2000,-2000,-2000
06897P,FBVIX群益01售01 ,0,0,0,0,0,0,0,0,0,-2000,0,0,0,0,2000,-2000,-2000
06898P,FBVIX群益9C售03 ,0,0,0,0,0,0,0,0,0,-2000,0,0,0,0,2000,-2000,-2000
06838P,台積電統一99售05,0,0,0,0,0,0,0,0,0,-2000,0,0,0,0,2000,-2000,-2000
06672P,聯發科群益98售05,0,0,0,0,0,0,0,0,0,-2000,0,0,0,21000,23000,-2000,-2000
06656P,GIS元大98售02   ,0,0,0,0,0,0,0,0,0,-2000,0,0,0,0,2000,-2000,-2000
06661P,玉晶光永豐98售05,0,0,0,0,0,0,0,0,0,-2000,0,0,0,65000,67000,-2000,-2000
06632P,創意群益98售03  ,0,0,0,0,0,0,0,0,0,-2000,0,0,0,0,2000,-2000,-2000
06779P,智邦元大98售12  ,0,0,0,0,0,0,0,0,0,-2000,0,0,0,25000,27000,-2000,-2000
06736P,新日興凱基98售03,0,0,0,0,0,0,0,0,0,-2000,0,0,0,0,2000,-2000,-2000
06729P,聯詠元大98售03  ,0,0,0,0,0,0,0,0,0,-2000,0,0,0,0,2000,-2000,-2000
06720P,智邦亞東99售01  ,0,0,0,0,0,0,0,0,0,-2000,0,0,0,0,2000,-2000,-2000
06763P,技嘉元大98售05  ,0,0,0,0,0,0,0,0,0,-2000,0,0,0,7000,9000,-2000,-2000
06381P,臺股指統一98售03,0,0,0,0,0,0,0,0,0,-2000,0,0,0,5000,7000,-2000,-2000
06283P,祥碩永豐97售01  ,0,0,0,0,0,0,0,0,0,-2000,0,0,0,1000,3000,-2000,-2000
06319P,臺股指元富97售06,0,0,0,0,0,0,0,0,0,-2000,0,0,0,0,2000,-2000,-2000
06536P,臺股指群益98售04,0,0,0,0,0,0,0,0,0,-2000,0,0,0,0,2000,-2000,-2000
055493,華新科元大97購09,0,0,0,0,0,0,0,0,0,-3000,0,0,0,114000,117000,-3000,-3000
055521,S&P反1群益01購01,0,0,0,0,0,0,0,0,0,-3000,0,0,0,0,3000,-3000,-3000
055931,冠德群益97購02  ,0,0,0,0,0,0,0,0,0,-3000,0,0,0,99000,102000,-3000,-3000
056486,樺漢元大98購04  ,0,0,0,0,0,0,0,0,0,-3000,0,0,0,0,3000,-3000,-3000
056579,麗豐元大99購01  ,0,0,0,0,0,0,0,0,0,-3000,0,0,0,24000,27000,-3000,-3000
056366,玉晶光元大99購04,0,0,0,0,0,0,0,0,0,-3000,0,0,0,8000,11000,-3000,-3000
057546,台積電凱基02購01,0,0,0,0,0,0,0,0,0,-3000,0,0,0,511000,514000,-3000,-3000
05736P,臺股指統一96售06,0,0,0,0,0,0,0,0,0,-3000,0,0,0,0,3000,-3000,-3000
05778P,台積電統一96售05,0,0,0,0,0,0,0,0,0,-3000,0,0,0,2000,5000,-3000,-3000
057879,電子類元大99購02,0,0,0,0,0,0,0,0,0,-3000,0,0,0,0,3000,-3000,-3000
057834,聯發科元富02購07,0,0,0,0,0,0,0,0,0,-3000,0,0,0,0,3000,-3000,-3000
057718,旺宏元富02購02  ,0,0,0,0,0,0,0,0,0,-3000,0,0,0,0,3000,-3000,-3000
057599,技嘉群益9A購01  ,0,0,0,0,0,0,0,0,0,-3000,0,0,0,30000,33000,-3000,-3000
056879,旺宏國票99購02  ,0,0,0,0,0,0,0,0,0,-3000,0,0,0,7000,10000,-3000,-3000
056871,新日興日盛99購01,0,0,0,0,0,0,0,0,0,-3000,0,0,0,78000,81000,-3000,-3000
056742,玉晶光凱基9A購01,0,0,0,0,0,0,0,0,0,-3000,0,0,0,130000,133000,-3000,-3000
056744,麗豐凱基9A購01  ,0,0,0,0,0,0,0,0,0,-3000,0,0,0,0,3000,-3000,-3000
057204,利勤元富98購01  ,0,0,0,0,0,0,0,0,0,-3000,0,0,0,7000,10000,-3000,-3000
057233,聯發科凱基98購14,0,0,0,0,0,0,0,0,0,-3000,0,0,0,68000,71000,-3000,-3000
057235,亞光凱基98購04  ,0,0,0,0,0,0,0,0,0,-3000,0,0,0,0,3000,-3000,-3000
057140,宏達電兆豐98購01,0,0,0,0,0,0,0,0,0,-3000,0,0,0,406000,409000,-3000,-3000
057078,國巨統一9A購02  ,0,0,0,0,0,0,0,0,0,-3000,0,0,0,262000,265000,-3000,-3000
0057,富邦摩台        ,7000,0,7000,0,0,0,0,0,0,-10000,0,0,0,20000,30000,-10000,-3000
00767,FH美國金融股    ,0,0,0,0,0,0,0,0,0,-3000,0,0,0,7000,10000,-3000,-3000
020004,兆豐電菁英30N   ,0,0,0,0,0,0,0,0,0,-3000,0,0,0,0,3000,-3000,-3000
03111P,元油2X富邦97售01,0,0,0,0,0,0,0,0,0,-3000,0,0,0,0,3000,-3000,-3000
04148P,GIS凱基93售05   ,0,0,0,0,0,0,0,0,0,-3000,0,0,0,0,3000,-3000,-3000
03481P,欣興群益02售08  ,0,0,0,0,0,0,0,0,0,-3000,0,0,0,0,3000,-3000,-3000
04398P,致伸群益94售02  ,0,0,0,0,0,0,0,0,0,-3000,0,0,0,3000,6000,-3000,-3000
045996,南電富邦94購01  ,0,0,0,0,0,0,0,0,0,-3000,0,0,0,20000,23000,-3000,-3000
047544,台積電凱基93購17,0,0,0,0,0,0,0,0,0,-3000,0,0,0,0,3000,-3000,-3000
047066,力成凱基93購04  ,0,0,0,0,0,0,0,0,0,-3000,0,0,0,17000,20000,-3000,-3000
047559,彩晶凱基94購03  ,0,0,0,0,0,0,0,0,0,-3000,0,0,0,0,3000,-3000,-3000
04691P,智邦群益94售02  ,0,0,0,0,0,0,0,0,0,-3000,0,0,0,45000,48000,-3000,-3000
04801P,矽力元大94售02  ,0,0,0,0,0,0,0,0,0,-3000,0,0,0,0,3000,-3000,-3000
048636,鴻海元大94購05  ,0,0,0,0,0,0,0,0,0,-3000,0,0,0,17000,20000,-3000,-3000
048844,訊芯凱基94購02  ,0,0,0,0,0,0,0,0,0,-3000,0,0,0,0,3000,-3000,-3000
05087P,GIS國泰96售01   ,0,0,0,0,0,0,0,0,0,-3000,0,0,0,0,3000,-3000,-3000
051982,深中小元大95購01,0,0,0,0,0,0,0,0,0,-3000,0,0,0,0,3000,-3000,-3000
051388,大立光麥證95購03,0,0,0,0,3000,-3000,0,0,0,-3000,0,0,0,0,3000,-3000,-3000
051408,台積電國票95購03,0,0,0,0,0,0,0,0,0,-3000,0,0,0,103000,106000,-3000,-3000
049448,光磊統一94購01  ,0,0,0,0,0,0,0,0,0,-3000,0,0,0,160000,163000,-3000,-3000
049418,大立光凱基94購05,0,0,0,0,0,0,0,0,0,-3000,0,0,0,2000,5000,-3000,-3000
052622,貿聯兆豐97購01  ,0,0,0,0,0,0,0,0,0,-3000,0,0,0,370000,373000,-3000,-3000
05257P,欣興凱基95售04  ,0,0,0,0,0,0,0,0,0,-3000,0,0,0,64000,67000,-3000,-3000
050653,聯鈞凱基96購01  ,0,0,0,0,0,0,0,0,0,-3000,0,0,0,35000,38000,-3000,-3000
051879,健策台新96購01  ,0,0,0,0,0,0,0,0,0,-3000,0,0,0,5000,8000,-3000,-3000
051639,康友國票96購02  ,0,0,0,0,0,0,0,0,0,-3000,0,0,0,0,3000,-3000,-3000
051674,臻鼎元大95購02  ,0,0,0,0,0,0,0,0,0,-3000,0,0,0,0,3000,-3000,-3000
050107,鴻海元大94購12  ,0,0,0,0,0,0,0,0,0,-3000,0,0,0,4000,7000,-3000,-3000
049767,奇力新元富94購01,0,0,0,0,0,0,0,0,0,-3000,0,0,0,0,3000,-3000,-3000
049593,群創元大9A購01  ,0,0,0,0,0,0,0,0,0,-3000,0,0,0,64000,67000,-3000,-3000
05387P,鴻海元大95售21  ,0,0,0,0,0,0,0,0,0,-3000,0,0,0,72000,75000,-3000,-3000
053477,大立光元大97購03,0,0,0,0,0,0,0,0,0,-3000,0,0,0,50000,53000,-3000,-3000
054448,矽力兆豐96購01  ,0,0,0,0,0,0,0,0,0,-3000,0,0,0,0,3000,-3000,-3000
054389,為升元富96購02  ,0,0,0,0,0,0,0,0,0,-3000,0,0,0,0,3000,-3000,-3000
05438P,康控永豐95售05  ,0,0,0,0,0,0,0,0,0,-3000,0,0,0,0,3000,-3000,-3000
05488P,臺股指凱基95售21,0,0,0,0,0,0,0,0,0,-3000,0,0,0,1000,4000,-3000,-3000
054576,健策元大98購03  ,0,0,0,0,0,0,0,0,0,-3000,0,0,0,39000,42000,-3000,-3000
054636,華通中信97購01  ,0,0,0,0,0,0,0,0,0,-3000,0,0,0,0,3000,-3000,-3000
05503P,智邦日盛96售01  ,0,0,0,0,0,0,0,0,0,-3000,0,0,0,0,3000,-3000,-3000
055395,泰鼎統一97購01  ,0,0,0,0,0,0,0,0,0,-3000,0,0,0,0,3000,-3000,-3000
055427,技嘉群益98購01  ,0,0,0,0,0,0,0,0,0,-3000,0,0,0,74000,77000,-3000,-3000
055339,緯穎兆豐98購01  ,0,0,0,0,0,0,0,0,0,-3000,0,0,0,2000,5000,-3000,-3000
055309,冠德群益97購01  ,0,0,0,0,0,0,0,0,0,-3000,0,0,0,9000,12000,-3000,-3000
06751P,旺宏凱基98售10  ,0,0,0,0,0,0,0,0,0,-3000,0,0,0,51000,54000,-3000,-3000
06868P,電子類元大99售01,0,0,0,0,0,0,0,0,0,-3000,0,0,0,0,3000,-3000,-3000
058093,神達元大9A購01  ,0,0,0,0,0,0,0,0,0,-3000,0,0,0,6000,9000,-3000,-3000
05858P,矽力中信96售01  ,0,0,0,0,0,0,0,0,0,-3000,0,0,0,55000,58000,-3000,-3000
05792P,臺股指中信99售07,0,0,0,0,0,0,0,0,0,-3000,0,0,0,0,3000,-3000,-3000
057983,緯穎永豐98購03  ,0,0,0,0,0,0,0,0,0,-3000,0,0,0,0,3000,-3000,-3000
06275P,臺股指凱基97售07,0,0,0,0,0,0,0,0,0,-3000,0,0,0,0,3000,-3000,-3000
06160P,台達電群益97售01,0,0,0,0,0,0,0,0,0,-3000,0,0,0,7000,10000,-3000,-3000
06036P,台表科凱基96售04,0,0,0,0,0,0,0,0,0,-3000,0,0,0,338000,341000,-3000,-3000
06116P,臺股指日盛97售01,0,0,0,0,0,0,0,0,0,-3000,0,0,0,0,3000,-3000,-3000
6243,迅杰            ,0,3000,-3000,0,0,0,0,0,0,0,0,0,0,0,0,0,-3000
4144,康聯-KY         ,0,3000,-3000,0,0,0,0,0,0,0,0,0,0,0,0,0,-3000
4562,穎漢            ,1000,4000,-3000,0,0,0,0,0,0,0,0,0,0,0,0,0,-3000
5284,jpp-KY          ,0,3000,-3000,0,0,0,0,0,0,0,0,0,0,0,0,0,-3000
2024,志聯            ,0,3000,-3000,0,0,0,0,0,0,0,0,0,0,0,0,0,-3000
1614,三洋電          ,10000,12000,-2000,0,0,0,0,0,0,-1000,0,1000,-1000,0,0,0,-3000
1525,江申            ,0,3000,-3000,0,0,0,0,0,0,0,0,0,0,0,0,0,-3000
1726,永記            ,4000,4000,0,0,0,0,0,0,0,-3000,0,3000,-3000,0,0,0,-3000
1438,裕豐            ,0,2000,-2000,0,0,0,0,0,0,-1000,0,1000,-1000,0,0,0,-3000
2414,精技            ,8000,11000,-3000,0,0,0,0,0,0,0,0,0,0,0,0,0,-3000
3058,立德            ,3000,8000,-5000,0,0,0,0,0,0,2000,4000,2000,2000,0,0,0,-3000
3346,麗清            ,16000,19000,-3000,0,0,0,0,0,0,0,0,0,0,0,0,0,-3000
3266,昇陽            ,9000,11000,-2000,0,0,0,0,0,0,-1000,0,1000,-1000,0,0,0,-3000
3528,安馳            ,1000,4000,-3000,0,0,0,0,0,0,0,0,0,0,0,0,0,-3000
3040,遠見            ,0,3000,-3000,0,0,0,0,0,0,0,0,0,0,0,0,0,-3000
3011,今皓            ,0,3000,-3000,0,0,0,0,0,0,0,0,0,0,0,0,0,-3000
05710P,禾伸堂國票97售02,0,0,0,0,0,0,0,0,0,-4000,0,0,0,84000,88000,-4000,-4000
057127,旺宏凱基98購09  ,0,0,0,0,0,0,0,0,0,-4000,0,0,0,0,4000,-4000,-4000
057122,元油2X凱基9B購05,0,0,0,0,0,0,0,0,0,-4000,0,0,0,0,4000,-4000,-4000
056890,國巨元大98購11  ,0,0,0,0,0,0,0,0,0,-4000,0,0,0,140000,144000,-4000,-4000
057727,華邦電國泰9A購01,0,0,0,0,0,0,0,0,0,-4000,0,0,0,27000,31000,-4000,-4000
057743,華擎永豐98購03  ,0,0,0,0,0,0,0,0,0,-4000,0,0,0,226000,230000,-4000,-4000
057528,南亞科元大99購01,0,0,0,0,0,0,0,0,0,-4000,0,0,0,68000,72000,-4000,-4000
057574,中磊永豐98購01  ,0,0,0,0,0,0,0,0,0,-4000,0,0,0,0,4000,-4000,-4000
055968,祥碩元大97購04  ,0,0,0,0,0,0,0,0,0,-4000,0,0,0,6000,10000,-4000,-4000
056051,T50反1元大97購05,0,0,0,0,0,0,0,0,0,-4000,0,0,0,50000,54000,-4000,-4000
056027,樺漢群益97購02  ,0,0,0,0,0,0,0,0,0,-4000,0,0,0,0,4000,-4000,-4000
055865,臺股指元大97購02,0,0,0,0,0,0,0,0,0,-4000,0,0,0,1000,5000,-4000,-4000
055930,可成群益98購01  ,0,0,0,0,0,0,0,0,0,-4000,0,0,0,101000,105000,-4000,-4000
055541,聚陽凱基98購01  ,0,0,0,0,0,0,0,0,0,-4000,0,0,0,1000,5000,-4000,-4000
055719,可成元大97購03  ,0,0,0,0,0,0,0,0,0,-4000,0,0,0,148000,152000,-4000,-4000
055677,喬山凱基97購01  ,0,0,0,0,0,0,0,0,0,-4000,0,0,0,0,4000,-4000,-4000
05562P,鴻海元大96售16  ,0,0,0,0,0,0,0,0,0,-4000,0,0,0,94000,98000,-4000,-4000
048784,台積電元大94購04,0,0,0,0,0,0,0,0,0,-4000,0,0,0,0,4000,-4000,-4000
048211,大立光日盛93購01,0,0,0,0,0,0,0,0,0,-4000,0,0,0,96000,100000,-4000,-4000
04669P,臺股指國票94售08,0,0,0,0,0,0,0,0,0,-4000,0,0,0,1000,5000,-4000,-4000
046379,奇力新凱基93購03,0,0,0,0,0,0,0,0,0,-4000,0,0,0,10000,14000,-4000,-4000
04751P,智邦兆豐95售02  ,0,0,0,0,0,0,0,0,0,-4000,0,0,0,117000,121000,-4000,-4000
047051,可成國票94購01  ,0,0,0,0,0,0,0,0,0,-4000,0,0,0,0,4000,-4000,-4000
04709P,台積電元大94售15,0,0,0,0,0,0,0,0,0,-4000,0,0,0,0,4000,-4000,-4000
04276P,聯發科凱基93售33,0,0,0,0,0,0,0,0,0,-4000,0,0,0,16000,20000,-4000,-4000
03648C,T50反1元大96牛07,0,0,0,0,0,0,0,0,0,-4000,0,0,0,2000,6000,-4000,-4000
03632C,臺股指元大95牛03,0,0,0,0,0,0,0,0,0,-4000,0,0,0,0,4000,-4000,-4000
04333P,儒鴻凱基93售06  ,0,0,0,0,0,0,0,0,0,-4000,0,0,0,3000,7000,-4000,-4000
03027P,玉晶光元大01售09,0,0,0,0,0,0,0,0,0,-4000,0,0,0,0,4000,-4000,-4000
0055,元大MSCI金融    ,0,0,0,0,0,0,0,0,0,-4000,0,0,0,0,4000,-4000,-4000
006203,元大MSCI台灣    ,0,1000,-1000,0,0,0,0,0,0,-3000,0,0,0,0,3000,-3000,-4000
049714,國巨凱基94購02  ,0,0,0,0,0,0,0,0,0,-4000,0,0,0,0,4000,-4000,-4000
051852,啟碁群益95購01  ,0,0,0,0,0,0,0,0,0,-4000,0,0,0,0,4000,-4000,-4000
05192P,玉晶光台新96售02,0,0,0,0,0,0,0,0,0,-4000,0,0,0,0,4000,-4000,-4000
052010,兆豐金中信95購01,0,0,0,0,0,0,0,0,0,-4000,0,0,0,20000,24000,-4000,-4000
050694,國巨凱基96購03  ,0,0,0,0,0,0,0,0,0,-4000,0,0,0,0,4000,-4000,-4000
050896,華新科元大96購02,0,0,0,0,0,0,0,0,0,-4000,0,0,0,5000,9000,-4000,-4000
052488,旺宏國票96購03  ,0,0,0,0,0,0,0,0,0,-4000,0,0,0,0,4000,-4000,-4000
051058,景碩群益96購01  ,0,0,0,0,0,0,0,0,0,-4000,0,0,0,16000,20000,-4000,-4000
052636,大立光凱基96購10,0,0,0,0,0,0,0,0,0,-4000,0,0,0,96000,100000,-4000,-4000
052551,台積電國票97購03,0,0,0,0,0,0,0,0,0,-4000,0,0,0,587000,591000,-4000,-4000
052807,貿聯元大98購01  ,0,0,0,0,0,0,0,0,0,-4000,0,0,0,36000,40000,-4000,-4000
051576,台積電元大97購02,0,0,0,0,0,0,0,0,0,-4000,0,0,0,120000,124000,-4000,-4000
050749,道瓊銀統一96購03,0,0,0,0,0,0,0,0,0,-4000,0,0,0,10000,14000,-4000,-4000
051008,大立光麥證95購01,0,0,0,1000,4000,-3000,0,0,0,-4000,0,0,0,1000,5000,-4000,-4000
055120,南港兆豐97購01  ,0,0,0,0,0,0,0,0,0,-4000,0,0,0,0,4000,-4000,-4000
054837,欣興第一97購01  ,0,0,0,0,0,0,0,0,0,-4000,0,0,0,6000,10000,-4000,-4000
054810,中橡元大9A購01  ,0,0,0,0,0,0,0,0,0,-4000,0,0,0,509000,513000,-4000,-4000
054795,合勤控群益98購01,0,0,0,0,0,0,0,0,0,-4000,0,0,0,0,4000,-4000,-4000
054478,可成中信97購01  ,0,0,0,0,0,0,0,0,0,-4000,0,0,0,48000,52000,-4000,-4000
054470,緯穎國票97購04  ,0,0,0,0,0,0,0,0,0,-4000,0,0,0,0,4000,-4000,-4000
053454,創意統一96購02  ,0,0,0,0,0,0,0,0,0,-4000,0,0,0,16000,20000,-4000,-4000
053388,群創元大9C購02  ,0,0,0,0,0,0,0,0,0,-4000,0,0,0,0,4000,-4000,-4000
053000,臺股指康和96購02,0,0,0,0,0,0,0,0,0,-4000,0,0,0,0,4000,-4000,-4000
054032,上銀中信96購01  ,0,0,0,0,0,0,0,0,0,-4000,0,0,0,0,4000,-4000,-4000
053991,鴻海群益96購05  ,0,0,0,0,0,0,0,0,0,-4000,0,0,0,0,4000,-4000,-4000
2712,遠雄來          ,1000,5000,-4000,0,0,0,0,0,0,0,0,0,0,0,0,0,-4000
2243,宏旭-KY         ,0,4000,-4000,0,0,0,0,0,0,0,0,0,0,0,0,0,-4000
4755,三福化          ,0,1000,-1000,0,0,0,0,0,0,-3000,0,3000,-3000,0,0,0,-4000
6136,富爾特          ,0,4000,-4000,0,0,0,0,0,0,0,0,0,0,0,0,0,-4000
4720,德淵            ,9000,13000,-4000,0,0,0,0,0,0,0,0,0,0,0,0,0,-4000
4557,永新-KY         ,0,4000,-4000,0,0,0,0,0,0,0,0,0,0,0,0,0,-4000
4141,龍燈-KY         ,3000,7000,-4000,0,0,0,0,0,0,0,0,0,0,0,0,0,-4000
9906,欣巴巴          ,0,4000,-4000,0,0,0,0,0,0,0,1000,1000,0,0,0,0,-4000
06143P,鴻海永豐97售02  ,0,0,0,0,0,0,0,0,0,-4000,0,0,0,18000,22000,-4000,-4000
058076,神達凱基98購02  ,0,0,0,0,0,0,0,0,0,-4000,0,0,0,9000,13000,-4000,-4000
05841P,華通元大96售04  ,0,0,0,0,0,0,0,0,0,-4000,0,0,0,1000,5000,-4000,-4000
06778P,台積電元大99售06,0,0,0,0,0,0,0,0,0,-4000,0,0,0,855000,859000,-4000,-4000
06618P,智邦元大98售04  ,0,0,0,0,0,0,0,0,0,-4000,0,0,0,18000,22000,-4000,-4000
06583P,可成凱基98售07  ,0,0,0,0,0,0,0,0,0,-4000,0,0,0,0,4000,-4000,-4000
06452P,大立光元大98售08,0,0,0,0,0,0,0,0,0,-4000,0,0,0,26000,30000,-4000,-4000
06446P,大立光凱基98售10,0,0,0,0,0,0,0,0,0,-4000,0,0,0,0,4000,-4000,-4000
055690,矽力凱基97購02  ,0,0,0,0,0,0,0,0,0,-5000,0,0,0,0,5000,-5000,-5000
055609,旺宏國票99購01  ,0,0,0,0,0,0,0,0,0,-5000,0,0,0,5000,10000,-5000,-5000
05552P,聯詠群益96售01  ,0,0,0,0,0,0,0,0,0,-5000,0,0,0,0,5000,-5000,-5000
055936,彩晶群益98購02  ,0,0,0,0,0,0,0,0,0,-5000,0,0,0,0,5000,-5000,-5000
056109,彩晶永豐98購01  ,0,0,0,0,0,0,0,0,0,-5000,0,0,0,2000,7000,-5000,-5000
056667,上銀國票99購01  ,0,0,0,0,0,0,0,0,0,-5000,0,0,0,0,5000,-5000,-5000
056389,鴻海富邦99購01  ,0,0,0,0,0,0,0,0,0,-5000,0,0,0,0,5000,-5000,-5000
057514,華新科元富99購03,0,0,0,0,0,0,0,0,0,-5000,0,0,0,20000,25000,-5000,-5000
057454,上銀國泰99購02  ,0,0,0,0,0,0,0,0,0,-5000,0,0,0,10000,15000,-5000,-5000
05735P,臺股指統一96售05,0,0,0,0,0,0,0,0,0,-5000,0,0,0,0,5000,-5000,-5000
057709,電子類群益98購01,0,0,0,0,0,0,0,0,0,-5000,0,0,0,0,5000,-5000,-5000
057659,台表科兆豐98購01,0,0,0,0,0,0,0,0,0,-5000,0,0,0,0,5000,-5000,-5000
057830,T50反1台新02購02,0,0,0,0,0,0,0,0,0,-5000,0,0,0,0,5000,-5000,-5000
056766,義隆元大98購01  ,0,0,0,0,0,0,0,0,0,-5000,0,0,0,62000,67000,-5000,-5000
057147,新日興國票99購01,0,0,0,0,0,0,0,0,0,-5000,0,0,0,64000,69000,-5000,-5000
057236,聯詠凱基98購03  ,0,0,0,0,0,0,0,0,0,-5000,0,0,0,0,5000,-5000,-5000
057242,台郡凱基98購05  ,0,0,0,0,0,0,0,0,0,-5000,0,0,0,2000,7000,-5000,-5000
0054,元大台商50      ,0,0,0,0,0,0,0,0,0,-5000,0,0,0,0,5000,-5000,-5000
043784,鴻海凱基94購01  ,0,0,0,0,0,0,0,0,0,-5000,0,0,0,5000,10000,-5000,-5000
03618C,高股息凱基95牛01,0,0,0,0,0,0,0,0,0,-5000,0,0,0,0,5000,-5000,-5000
03619C,臺股指元大95牛02,0,0,0,0,0,0,0,0,0,-5000,0,0,0,0,5000,-5000,-5000
03960P,新日興元富96售02,0,0,0,0,0,0,0,0,0,-5000,0,0,0,0,5000,-5000,-5000
045837,群創群益98購02  ,0,0,0,0,0,0,0,0,0,-5000,0,0,0,13000,18000,-5000,-5000
044049,元金2X元大94購03,0,0,0,0,0,0,0,0,0,-5000,0,0,0,0,5000,-5000,-5000
04593P,台積電元大94售11,0,0,0,0,0,0,0,0,0,-5000,0,0,0,0,5000,-5000,-5000
049062,華新科日盛94購01,0,0,0,0,0,0,0,0,0,-5000,0,0,0,0,5000,-5000,-5000
048272,新光金富邦98購01,0,0,0,0,0,0,0,0,0,-5000,0,0,0,0,5000,-5000,-5000
046995,臺股指凱基93購02,0,0,0,0,0,0,0,0,0,-5000,0,0,0,3000,8000,-5000,-5000
048584,欣興富邦95購01  ,0,0,0,0,0,0,0,0,0,-5000,0,0,0,6000,11000,-5000,-5000
047769,大立光元大96購01,0,0,0,0,0,0,0,0,0,-5000,0,0,0,0,5000,-5000,-5000
047686,元油反富邦94購02,0,0,0,0,0,0,0,0,0,-5000,0,0,0,0,5000,-5000,-5000
047466,新光金國泰95購01,0,0,0,0,0,0,0,0,0,-5000,0,0,0,0,5000,-5000,-5000
047342,T50反1中信99購01,0,0,0,0,0,0,0,0,0,-5000,0,0,0,15000,20000,-5000,-5000
048399,祥碩國票94購01  ,0,0,0,0,0,0,0,0,0,-5000,0,0,0,0,5000,-5000,-5000
047396,力成元大93購01  ,0,0,0,0,0,0,0,0,0,-5000,0,0,0,25000,30000,-5000,-5000
046385,群創凱基98購03  ,0,0,0,0,0,0,0,0,0,-5000,0,0,0,75000,80000,-5000,-5000
048140,T50反1統一93購05,0,0,0,0,0,0,0,0,0,-5000,0,0,0,0,5000,-5000,-5000
048869,光罩國票94購01  ,0,0,0,0,0,0,0,0,0,-5000,0,0,0,0,5000,-5000,-5000
048894,光罩國泰94購01  ,0,0,0,0,0,0,0,0,0,-5000,0,0,0,30000,35000,-5000,-5000
050875,訊芯永豐95購01  ,0,0,0,0,0,0,0,0,0,-5000,0,0,0,0,5000,-5000,-5000
050865,欣興永豐95購01  ,0,0,0,0,0,0,0,0,0,-5000,0,0,0,7000,12000,-5000,-5000
049222,和碩國票94購01  ,0,0,0,0,0,0,0,0,0,-5000,0,0,0,0,5000,-5000,-5000
050982,台積電國泰96購04,0,0,0,0,0,0,0,0,0,-5000,0,0,0,2000,7000,-5000,-5000
051027,楠梓電元富95購01,0,0,0,0,0,0,0,0,0,-5000,0,0,0,35000,40000,-5000,-5000
050752,美律統一94購05  ,0,0,0,0,0,0,0,0,0,-5000,0,0,0,25000,30000,-5000,-5000
052279,旺宏凱基95購07  ,0,0,0,0,0,0,0,0,0,-5000,0,0,0,5000,10000,-5000,-5000
051382,玉晶光群益98購02,0,0,0,0,0,0,0,0,0,-5000,0,0,0,33000,38000,-5000,-5000
052683,鴻海元大97購03  ,0,0,0,0,0,0,0,0,0,-5000,0,0,0,0,5000,-5000,-5000
05265P,正崴元大95售03  ,0,0,0,0,0,0,0,0,0,-5000,0,0,0,0,5000,-5000,-5000
051069,智邦國票96購01  ,0,0,0,0,0,0,0,0,0,-5000,0,0,0,10000,15000,-5000,-5000
05247P,上銀群益95售01  ,0,0,0,0,0,0,0,0,0,-5000,0,0,0,0,5000,-5000,-5000
052592,華通群益98購01  ,0,0,0,0,0,0,0,0,0,-5000,0,0,0,30000,35000,-5000,-5000
049518,宏達電國票95購02,0,0,0,0,0,0,0,0,0,-5000,0,0,0,136000,141000,-5000,-5000
050332,鴻海國泰96購05  ,0,0,0,0,0,0,0,0,0,-5000,0,0,0,34000,39000,-5000,-5000
051966,台表科永豐95購01,0,0,0,0,0,0,0,0,0,-5000,0,0,0,0,5000,-5000,-5000
04934P,鴻海中信94售05  ,0,0,0,0,0,0,0,0,0,-5000,0,0,0,0,5000,-5000,-5000
049812,致伸元大94購03  ,0,0,0,0,0,0,0,0,0,-5000,0,0,0,5000,10000,-5000,-5000
049813,康控元大96購02  ,0,0,0,0,0,0,0,0,0,-5000,0,0,0,0,5000,-5000,-5000
05051P,鴻海群益95售05  ,0,0,0,0,0,0,0,0,0,-5000,0,0,0,30000,35000,-5000,-5000
052202,矽力統一96購01  ,0,0,0,0,0,0,0,0,0,-5000,0,0,0,0,5000,-5000,-5000
050516,華通元大95購05  ,0,0,0,0,0,0,0,0,0,-5000,0,0,0,6000,11000,-5000,-5000
050925,可成凱基95購02  ,0,0,0,0,0,0,0,0,0,-5000,0,0,0,0,5000,-5000,-5000
051999,勤誠元大95購01  ,0,0,0,0,0,0,0,0,0,-5000,0,0,0,0,5000,-5000,-5000
052038,國巨永昌96購01  ,0,0,0,0,0,0,0,0,0,-5000,0,0,0,0,5000,-5000,-5000
05206P,南茂元大95售01  ,0,0,0,0,0,0,0,0,0,-5000,0,0,0,4000,9000,-5000,-5000
051747,貿聯國泰96購01  ,0,0,0,0,0,0,0,0,0,-5000,0,0,0,15000,20000,-5000,-5000
051695,元金2X中信98購01,0,0,0,0,0,0,0,0,0,-5000,0,0,0,0,5000,-5000,-5000
051741,可成國票97購01  ,0,0,0,0,0,0,0,0,0,-5000,0,0,0,226000,231000,-5000,-5000
049592,欣興元大96購01  ,0,0,0,0,0,0,0,0,0,-5000,0,0,0,6000,11000,-5000,-5000
049284,瑞昱中信94購02  ,0,0,0,0,0,0,0,0,0,-5000,0,0,0,37000,42000,-5000,-5000
054028,臻鼎凱基96購03  ,0,0,0,0,0,0,0,0,0,-5000,0,0,0,6000,11000,-5000,-5000
054145,嘉聯益元大98購01,0,0,0,0,0,0,0,0,0,-5000,0,0,0,4000,9000,-5000,-5000
054146,康友元大96購06  ,0,0,0,0,0,0,0,0,0,-5000,0,0,0,6000,11000,-5000,-5000
053756,亞光元富96購02  ,0,0,0,0,0,0,0,0,0,-5000,0,0,0,5000,10000,-5000,-5000
053789,彩晶元大9C購02  ,0,0,0,0,0,0,0,0,0,-5000,0,0,0,0,5000,-5000,-5000
053730,樺漢凱基98購01  ,0,0,0,0,0,0,0,0,0,-5000,0,0,0,15000,20000,-5000,-5000
053615,光罩群益96購01  ,0,0,0,0,0,0,0,0,0,-5000,0,0,0,0,5000,-5000,-5000
053571,奇鋐統一96購02  ,0,0,0,0,0,0,0,0,0,-5000,0,0,0,5000,10000,-5000,-5000
053560,漢唐國泰98購01  ,0,0,0,0,0,0,0,0,0,-5000,0,0,0,5000,10000,-5000,-5000
053030,南亞科第一96購01,0,0,0,0,0,0,0,0,0,-5000,0,0,0,8000,13000,-5000,-5000
053428,中磊永豐96購02  ,0,0,0,0,0,0,0,0,0,-5000,0,0,0,49000,54000,-5000,-5000
053271,喬山元大97購01  ,0,0,0,0,0,0,0,0,0,-5000,0,0,0,10000,15000,-5000,-5000
053280,群創元大9C購01  ,0,0,0,0,0,0,0,0,0,-5000,0,0,0,183000,188000,-5000,-5000
053251,世紀鋼國票97購02,0,0,0,0,0,0,0,0,0,-5000,0,0,0,136000,141000,-5000,-5000
054469,同欣電凱基97購01,0,0,0,0,0,0,0,0,0,-5000,0,0,0,0,5000,-5000,-5000
054223,大立光統一98購04,0,0,0,0,0,0,0,0,0,-5000,0,0,0,0,5000,-5000,-5000
054231,國巨群益98購03  ,0,0,0,0,0,0,0,0,0,-5000,0,0,0,0,5000,-5000,-5000
054644,A50正2群益9B購01,0,0,0,0,0,0,0,0,0,-5000,0,0,0,17000,22000,-5000,-5000
055071,群電永豐97購01  ,0,0,0,0,0,0,0,0,0,-5000,0,0,0,0,5000,-5000,-5000
055019,福懋科元富97購01,0,0,0,0,0,0,0,0,0,-5000,0,0,0,47000,52000,-5000,-5000
055361,樺漢凱基97購01  ,0,0,0,0,0,0,0,0,0,-5000,0,0,0,29000,34000,-5000,-5000
05539P,鎧勝永豐96售01  ,0,0,0,0,0,0,0,0,0,-5000,0,0,0,0,5000,-5000,-5000
055371,正崴元大97購02  ,0,0,0,0,0,0,0,0,0,-5000,0,0,0,0,5000,-5000,-5000
06409P,康友元富97售03  ,0,0,0,0,0,0,0,0,0,-5000,0,0,0,25000,30000,-5000,-5000
06606P,訊芯元富98售02  ,0,0,0,0,0,0,0,0,0,-5000,0,0,0,45000,50000,-5000,-5000
06514P,國巨凱基98售05  ,0,0,0,0,0,0,0,0,0,-5000,0,0,0,0,5000,-5000,-5000
06671P,台積電群益98售04,0,0,0,0,0,0,0,0,0,-5000,0,0,0,35000,40000,-5000,-5000
06690P,玉晶光群益9A售05,0,0,0,0,0,0,0,0,0,-5000,0,0,0,16000,21000,-5000,-5000
06863P,欣興凱基98售05  ,0,0,0,0,0,0,0,0,0,-5000,0,0,0,46000,51000,-5000,-5000
058083,聯發科群益98購08,0,0,0,0,0,0,0,0,0,-5000,0,0,0,6000,11000,-5000,-5000
05855P,滬深2X中信9C售01,0,0,0,0,0,0,0,0,0,-5000,0,0,0,0,5000,-5000,-5000
05908P,大立光元富96售05,0,0,0,0,0,0,0,0,0,-5000,0,0,0,0,5000,-5000,-5000
05950P,台積電國票97售04,0,0,0,0,0,0,0,0,0,-5000,0,0,0,0,5000,-5000,-5000
058053,上銀統一9B購01  ,0,0,0,0,0,0,0,0,0,-5000,0,0,0,0,5000,-5000,-5000
058005,茂林群益98購04  ,0,0,0,0,0,0,0,0,0,-5000,0,0,0,67000,72000,-5000,-5000
058019,美律凱基99購04  ,0,0,0,0,0,0,0,0,0,-5000,0,0,0,0,5000,-5000,-5000
057920,奇力新凱基98購08,0,0,0,0,0,0,0,0,0,-5000,0,0,0,0,5000,-5000,-5000
06158P,玉晶光元富97售08,0,0,0,0,0,0,0,0,0,-5000,0,0,0,45000,50000,-5000,-5000
06098P,T50反1日盛97售02,0,0,0,0,0,0,0,0,0,-5000,0,0,0,0,5000,-5000,-5000
06019P,緯穎凱基96售03  ,0,0,0,0,0,0,0,0,0,-5000,0,0,0,0,5000,-5000,-5000
6442,光聖            ,1000,4000,-3000,0,0,0,0,0,0,-2000,0,2000,-2000,0,0,0,-5000
6405,悅城            ,0,5000,-5000,0,0,0,0,0,0,0,0,0,0,0,0,0,-5000
4912,聯德控股-KY     ,2000,6000,-4000,0,0,0,0,0,0,-1000,0,1000,-1000,0,0,0,-5000
5608,四維航          ,9000,13000,-4000,0,0,0,0,0,0,-1000,0,1000,-1000,0,0,0,-5000
2314,台揚            ,201000,215000,-14000,0,0,0,0,0,0,9000,14000,5000,9000,0,0,0,-5000
1465,偉全            ,1000,6000,-5000,0,0,0,0,0,0,0,0,0,0,0,0,0,-5000
1733,五鼎            ,25000,32000,-7000,0,0,0,0,0,0,2000,3000,1000,2000,0,0,0,-5000
1603,華電            ,1000,6000,-5000,0,0,0,0,0,0,0,0,0,0,0,0,0,-5000
3550,聯穎            ,0,5000,-5000,0,0,0,0,0,0,0,0,0,0,0,0,0,-5000
057084,立積統一9B購01  ,0,0,0,0,0,0,0,0,0,-6000,0,0,0,15000,21000,-6000,-6000
05700P,臻鼎凱基96售02  ,0,0,0,0,0,0,0,0,0,-6000,0,0,0,6000,12000,-6000,-6000
057731,華擎國泰9A購02  ,0,0,0,0,0,0,0,0,0,-6000,0,0,0,46000,52000,-6000,-6000
057447,智邦元富02購01  ,0,0,0,0,0,0,0,0,0,-6000,0,0,0,0,6000,-6000,-6000
056457,嘉澤凱基98購01  ,0,0,0,0,0,0,0,0,0,-6000,0,0,0,0,6000,-6000,-6000
056201,華新科永豐98購01,0,0,0,0,0,0,0,0,0,-6000,0,0,0,129000,135000,-6000,-6000
056367,祥碩元大98購01  ,0,0,0,0,0,0,0,0,0,-6000,0,0,0,10000,16000,-6000,-6000
056022,新光金群益97購02,0,0,0,0,0,0,0,0,0,-6000,0,0,0,0,6000,-6000,-6000
05589P,大立光中信9A售01,0,0,0,0,0,0,0,0,0,-6000,0,0,0,5000,11000,-6000,-6000
055546,台積電凱基97購12,0,0,0,0,0,0,0,0,0,-6000,0,0,0,62000,68000,-6000,-6000
055624,聯發科富邦99購07,0,0,0,0,0,0,0,0,0,-6000,0,0,0,10000,16000,-6000,-6000
050021,鴻海元大94購10  ,0,0,0,0,0,0,0,0,0,-6000,0,0,0,0,6000,-6000,-6000
049172,鴻海凱基94購14  ,0,0,0,0,0,0,0,0,0,-6000,0,0,0,0,6000,-6000,-6000
050817,可成凱基95購01  ,0,0,0,0,0,0,0,0,0,-6000,0,0,0,11000,17000,-6000,-6000
051608,新日興群益96購01,0,0,0,0,0,0,0,0,0,-6000,0,0,0,10000,16000,-6000,-6000
048908,慧洋富邦95購01  ,0,0,0,0,0,0,0,0,0,-6000,0,0,0,0,6000,-6000,-6000
048893,南電元富94購01  ,0,0,0,0,0,0,0,0,0,-6000,0,0,0,0,6000,-6000,-6000
048652,巨大元大96購01  ,0,0,0,0,0,0,0,0,0,-6000,0,0,0,0,6000,-6000,-6000
046864,和大統一97購01  ,0,0,0,0,0,0,0,0,0,-6000,0,0,0,313000,319000,-6000,-6000
047437,旺宏元大94購02  ,0,0,0,0,0,0,0,0,0,-6000,0,0,0,5000,11000,-6000,-6000
04909P,鴻海統一94售10  ,0,0,0,0,0,0,0,0,0,-6000,0,0,0,0,6000,-6000,-6000
047222,鴻海凱基94購04  ,0,0,0,0,0,0,0,0,0,-6000,0,0,0,31000,37000,-6000,-6000
047224,台光電凱基94購01,0,0,0,0,0,0,0,0,0,-6000,0,0,0,0,6000,-6000,-6000
044126,奇力新凱基93購01,0,0,0,0,0,0,0,0,0,-6000,0,0,0,0,6000,-6000,-6000
04256P,美律國票93售03  ,0,0,0,0,0,0,0,0,0,-6000,0,0,0,0,6000,-6000,-6000
04274P,滬深2X凱基94售01,0,0,0,0,0,0,0,0,0,-6000,0,0,0,0,6000,-6000,-6000
04270P,台光電國票93售03,0,0,0,0,0,0,0,0,0,-6000,0,0,0,0,6000,-6000,-6000
03957P,創意統一94售02  ,0,0,0,0,0,0,0,0,0,-6000,0,0,0,0,6000,-6000,-6000
03849P,大成鋼凱基93售03,0,0,0,0,0,0,0,0,0,-6000,0,0,0,0,6000,-6000,-6000
042387,台積電永昌93購02,0,0,0,0,0,0,0,0,0,-6000,0,0,0,4000,10000,-6000,-6000
03152P,聯發科群益01售15,0,0,0,0,0,0,0,0,0,-6000,0,0,0,0,6000,-6000,-6000
050115,群創元大96購01  ,0,0,0,0,0,0,0,0,0,-6000,0,0,0,48000,54000,-6000,-6000
05212P,台積電國票96售04,0,0,0,0,0,0,0,0,0,-6000,0,0,0,190000,196000,-6000,-6000
052132,旺宏凱基9B購01  ,0,0,0,0,0,0,0,0,0,-6000,0,0,0,50000,56000,-6000,-6000
050587,緯穎國票94購02  ,0,0,0,0,0,0,0,0,0,-6000,0,0,0,4000,10000,-6000,-6000
050238,瑞昱凱基94購05  ,0,0,0,0,0,0,0,0,0,-6000,0,0,0,8000,14000,-6000,-6000
05023P,和碩凱基95售01  ,0,0,0,0,0,0,0,0,0,-6000,0,0,0,15000,21000,-6000,-6000
05280P,華通元大95售08  ,0,0,0,0,0,0,0,0,0,-6000,0,0,0,89000,95000,-6000,-6000
052704,TPK國票97購01   ,0,0,0,0,0,0,0,0,0,-6000,0,0,0,22000,28000,-6000,-6000
052308,大立光國泰97購02,0,0,0,0,0,0,0,0,0,-6000,0,0,0,20000,26000,-6000,-6000
055392,凱美統一97購03  ,0,0,0,0,0,0,0,0,0,-6000,0,0,0,0,6000,-6000,-6000
055456,上銀富邦99購01  ,0,0,0,0,0,0,0,0,0,-6000,0,0,0,8000,14000,-6000,-6000
054977,SP黃豆元富9B購01,0,0,0,0,0,0,0,0,0,-6000,0,0,0,14000,20000,-6000,-6000
055211,A50反1凱基9A購01,0,0,0,0,0,0,0,0,0,-6000,0,0,0,5000,11000,-6000,-6000
054557,臻鼎凱基98購01  ,0,0,0,0,0,0,0,0,0,-6000,0,0,0,7000,13000,-6000,-6000
054620,南茂永豐97購01  ,0,0,0,0,0,0,0,0,0,-6000,0,0,0,0,6000,-6000,-6000
054613,大立光永豐97購02,0,0,0,0,0,0,0,0,0,-6000,0,0,0,0,6000,-6000,-6000
054841,亞德客兆豐97購01,0,0,0,0,0,0,0,0,0,-6000,0,0,0,4000,10000,-6000,-6000
054287,台積電元大97購11,0,0,0,0,0,0,0,0,0,-6000,0,0,0,29000,35000,-6000,-6000
053399,創意中信96購01  ,0,0,0,0,0,0,0,0,0,-6000,0,0,0,0,6000,-6000,-6000
053377,台積電元大98購01,0,0,0,0,0,0,0,0,0,-6000,0,0,0,191000,197000,-6000,-6000
052994,群創台新99購01  ,0,0,0,0,0,0,0,0,0,-6000,0,0,0,0,6000,-6000,-6000
052972,義隆群益96購04  ,0,0,0,0,0,0,0,0,0,-6000,0,0,0,0,6000,-6000,-6000
052961,國巨凱基97購02  ,0,0,0,0,0,0,0,0,0,-6000,0,0,0,132000,138000,-6000,-6000
053927,牧德國票97購01  ,0,0,0,0,0,0,0,0,0,-6000,0,0,0,0,6000,-6000,-6000
3002,歐格            ,1000,7000,-6000,0,0,0,0,0,0,0,0,0,0,0,0,0,-6000
2546,根基            ,2000,8000,-6000,0,0,0,0,0,0,0,0,0,0,0,0,0,-6000
2427,三商電          ,0,6000,-6000,0,0,0,0,0,0,0,0,0,0,0,0,0,-6000
2466,冠西電          ,6000,8000,-2000,0,0,0,0,0,0,-4000,0,4000,-4000,0,0,0,-6000
2483,百容            ,0,3000,-3000,0,0,0,0,0,0,-3000,0,3000,-3000,0,0,0,-6000
1528,恩德            ,4000,10000,-6000,0,0,0,0,0,0,0,0,0,0,0,0,0,-6000
1713,國化            ,1000,7000,-6000,0,0,0,0,0,0,0,0,0,0,0,0,0,-6000
1416,廣豐            ,1000,7000,-6000,0,0,0,0,0,0,0,0,0,0,0,0,0,-6000
2114,鑫永銓          ,1000,7000,-6000,0,0,0,0,0,0,0,0,0,0,0,0,0,-6000
2038,海光            ,1000,7000,-6000,0,0,0,0,0,0,0,0,0,0,0,0,0,-6000
6128,上福            ,0,6000,-6000,0,0,0,0,0,0,0,0,0,0,0,0,0,-6000
4999,鑫禾            ,4000,10000,-6000,0,0,0,0,0,0,0,0,0,0,0,0,0,-6000
4722,國精化          ,1000,7000,-6000,0,0,0,0,0,0,0,0,0,0,0,0,0,-6000
4104,佳醫            ,34000,40000,-6000,0,0,0,0,0,0,0,0,0,0,0,0,0,-6000
4106,雃博            ,1000,6000,-5000,0,0,0,0,0,0,-1000,0,1000,-1000,0,0,0,-6000
6281,全國電          ,1000,7000,-6000,0,0,0,0,0,0,0,0,0,0,0,0,0,-6000
8367,建新國際        ,1000,7000,-6000,0,0,0,0,0,0,0,0,0,0,0,0,0,-6000
06277P,臺股指凱基97售09,0,0,0,0,0,0,0,0,0,-6000,0,0,0,187000,193000,-6000,-6000
058030,國巨永豐98購08  ,0,0,0,0,0,0,0,0,0,-6000,0,0,0,0,6000,-6000,-6000
05959P,聯發科國票98售01,0,0,0,0,0,0,0,0,0,-6000,0,0,0,0,6000,-6000,-6000
06701P,臺股指統一99售06,0,0,0,0,0,0,0,0,0,-6000,0,0,0,0,6000,-6000,-6000
06801P,技嘉群益99售02  ,0,0,0,0,0,0,0,0,0,-6000,0,0,0,4000,10000,-6000,-6000
06627P,華新科元富99售01,0,0,0,0,0,0,0,0,0,-6000,0,0,0,104000,110000,-6000,-6000
06604P,聯發科元富02售02,0,0,0,0,0,0,0,0,0,-6000,0,0,0,1000,7000,-6000,-6000
06577P,聯發科日盛9A售02,0,0,0,0,0,0,0,0,0,-6000,0,0,0,25000,31000,-6000,-6000
06337P,祥碩元大97售05  ,0,0,0,0,0,0,0,0,0,-6000,0,0,0,100000,106000,-6000,-6000
055678,上銀凱基97購02  ,0,0,0,0,0,0,0,0,0,-7000,0,0,0,3000,10000,-7000,-7000
055753,貿聯第一98購01  ,0,0,0,0,0,0,0,0,0,-7000,0,0,0,0,7000,-7000,-7000
05602P,國巨元大96售06  ,0,0,0,0,0,0,0,0,0,-7000,0,0,0,53000,60000,-7000,-7000
055932,玉山金群益99購01,0,0,0,0,0,0,0,0,0,-7000,0,0,0,24000,31000,-7000,-7000
055964,正文元大97購02  ,0,0,0,0,0,0,0,0,0,-7000,0,0,0,100000,107000,-7000,-7000
055996,矽力國泰99購01  ,0,0,0,0,0,0,0,0,0,-7000,0,0,0,162000,169000,-7000,-7000
056259,T50反1統一9A購01,0,0,0,0,0,0,0,0,0,-7000,0,0,0,3000,10000,-7000,-7000
056212,台光電國票98購03,0,0,0,0,0,0,0,0,0,-7000,0,0,0,1000,8000,-7000,-7000
056093,大毅元富97購01  ,0,0,0,0,0,0,0,0,0,-7000,0,0,0,3000,10000,-7000,-7000
056503,楠梓電永豐98購01,0,0,0,0,0,0,0,0,0,-7000,0,0,0,3000,10000,-7000,-7000
056412,上証2X中信9A購02,0,0,0,0,0,0,0,0,0,-7000,0,0,0,1000,8000,-7000,-7000
057435,旺宏國票99購04  ,0,0,0,0,0,0,0,0,0,-7000,0,0,0,0,7000,-7000,-7000
057449,華新科元富99購02,0,0,0,0,0,0,0,0,0,-7000,0,0,0,20000,27000,-7000,-7000
057545,國巨凱基99購05  ,0,0,0,0,0,0,0,0,0,-7000,0,0,0,105000,112000,-7000,-7000
057548,微星凱基99購01  ,0,0,0,0,0,0,0,0,0,-7000,0,0,0,5000,12000,-7000,-7000
057762,全新凱基99購03  ,0,0,0,0,0,0,0,0,0,-7000,0,0,0,3000,10000,-7000,-7000
056941,台郡元富9B購01  ,0,0,0,0,0,0,0,0,0,-7000,0,0,0,12000,19000,-7000,-7000
00735,國泰臺韓科技    ,0,0,0,0,0,0,0,0,0,-7000,0,0,0,350000,357000,-7000,-7000
04832P,為升元大94售09  ,0,0,0,0,0,0,0,0,0,-7000,0,0,0,1000,8000,-7000,-7000
04685P,訊芯元大94售02  ,0,0,0,0,0,0,0,0,0,-7000,0,0,0,13000,20000,-7000,-7000
047734,欣興兆豐94購02  ,0,0,0,0,0,0,0,0,0,-7000,0,0,0,0,7000,-7000,-7000
048634,華通元大94購01  ,0,0,0,0,0,0,0,0,0,-7000,0,0,0,28000,35000,-7000,-7000
048199,大立光元大94購03,0,0,0,0,0,0,0,0,0,-7000,0,0,0,0,7000,-7000,-7000
048081,元油反凱基96購01,0,0,0,0,0,0,0,0,0,-7000,0,0,0,0,7000,-7000,-7000
05002P,台積電統一95售03,0,0,0,0,0,0,0,0,0,-7000,0,0,0,3000,10000,-7000,-7000
052249,大成鋼永豐95購01,0,0,0,0,0,0,0,0,0,-7000,0,0,0,82000,89000,-7000,-7000
051578,智邦元大96購01  ,0,0,0,0,0,0,0,0,0,-7000,0,0,0,130000,137000,-7000,-7000
052765,新日興群益97購01,0,0,0,0,0,0,0,0,0,-7000,0,0,0,78000,85000,-7000,-7000
050404,元大金麥證94購01,0,0,0,4000,11000,-7000,0,0,0,-7000,0,0,0,4000,11000,-7000,-7000
050544,聯發科凱基95購02,0,0,0,0,0,0,0,0,0,-7000,0,0,0,229000,236000,-7000,-7000
050699,京鼎凱基96購01  ,0,0,0,0,0,0,0,0,0,-7000,0,0,0,50000,57000,-7000,-7000
05093P,可成元大95售03  ,0,0,0,0,0,0,0,0,0,-7000,0,0,0,3000,10000,-7000,-7000
049276,臺股指元大94購11,0,0,0,0,0,0,0,0,0,-7000,0,0,0,0,7000,-7000,-7000
052028,健策群益95購02  ,0,0,0,0,0,0,0,0,0,-7000,0,0,0,27000,34000,-7000,-7000
053914,國巨國票96購08  ,0,0,0,0,0,0,0,0,0,-7000,0,0,0,3000,10000,-7000,-7000
054126,和大元大96購02  ,0,0,0,0,0,0,0,0,0,-7000,0,0,0,0,7000,-7000,-7000
054128,台積電元大97購10,0,0,0,0,0,0,0,0,0,-7000,0,0,0,65000,72000,-7000,-7000
053532,台積電永豐96購03,0,0,0,0,0,0,0,0,0,-7000,0,0,0,0,7000,-7000,-7000
053722,新光金凱基9C購01,0,0,0,0,0,0,0,0,0,-7000,0,0,0,0,7000,-7000,-7000
053813,友達群益9A購03  ,0,0,0,0,0,0,0,0,0,-7000,0,0,0,465000,472000,-7000,-7000
054526,道瓊反統一98購01,0,0,0,0,0,0,0,0,0,-7000,0,0,0,3000,10000,-7000,-7000
054396,日電貿永豐96購02,0,0,0,0,0,0,0,0,0,-7000,0,0,0,9000,16000,-7000,-7000
055142,健策永豐98購01  ,0,0,0,0,0,0,0,0,0,-7000,0,0,0,23000,30000,-7000,-7000
055322,欣興國票97購06  ,0,0,0,0,0,0,0,0,0,-7000,0,0,0,77000,84000,-7000,-7000
055323,貿聯國票98購01  ,0,0,0,0,0,0,0,0,0,-7000,0,0,0,13000,20000,-7000,-7000
06372P,聯發科元大97售21,0,0,0,0,0,0,0,0,0,-7000,0,0,0,141000,148000,-7000,-7000
06285P,台積電國票98售04,0,0,0,0,0,0,0,0,0,-7000,0,0,0,0,7000,-7000,-7000
06529P,貿聯富邦99售03  ,0,0,0,0,0,0,0,0,0,-7000,0,0,0,39000,46000,-7000,-7000
06494P,鴻海永昌98售03  ,0,0,0,0,0,0,0,0,0,-7000,0,0,0,3000,10000,-7000,-7000
058011,台虹國票99購01  ,0,0,0,0,0,0,0,0,0,-7000,0,0,0,0,7000,-7000,-7000
058009,智易國票99購01  ,0,0,0,0,0,0,0,0,0,-7000,0,0,0,0,7000,-7000,-7000
057963,緯穎元大98購08  ,0,0,0,0,0,0,0,0,0,-7000,0,0,0,5000,12000,-7000,-7000
06048P,大立光富邦96售05,0,0,0,0,0,0,0,0,0,-7000,0,0,0,0,7000,-7000,-7000
6655,科定            ,0,7000,-7000,0,0,0,0,0,0,0,0,0,0,0,0,0,-7000
5007,三星            ,6000,13000,-7000,0,0,0,0,0,0,0,0,0,0,0,0,0,-7000
1414,東和            ,4000,10000,-6000,0,0,0,0,0,0,-1000,0,1000,-1000,0,0,0,-7000
2497,怡利電          ,3000,10000,-7000,0,0,0,0,0,0,0,0,0,0,0,0,0,-7000
056694,欣興群益98購04  ,0,0,0,0,0,0,0,0,0,-8000,0,0,0,20000,28000,-8000,-8000
057864,奇力新凱基99購03,0,0,0,0,0,0,0,0,0,-8000,0,0,0,0,8000,-8000,-8000
057540,緯穎日盛99購01  ,0,0,0,0,0,0,0,0,0,-8000,0,0,0,24000,32000,-8000,-8000
057513,智邦台新98購01  ,0,0,0,0,0,0,0,0,0,-8000,0,0,0,53000,61000,-8000,-8000
057340,玉晶光元富98購04,0,0,0,0,0,0,0,0,0,-8000,0,0,0,2000,10000,-8000,-8000
056515,燿華兆豐99購01  ,0,0,0,0,0,0,0,0,0,-8000,0,0,0,7000,15000,-8000,-8000
056631,臺股指永豐98購03,0,0,0,0,0,0,0,0,0,-8000,0,0,0,2000,10000,-8000,-8000
056599,臻鼎元富98購01  ,0,0,0,0,0,0,0,0,0,-8000,0,0,0,45000,53000,-8000,-8000
056101,光磊永豐98購01  ,0,0,0,0,0,0,0,0,0,-8000,0,0,0,428000,436000,-8000,-8000
056237,智邦群益97購02  ,0,0,0,0,0,0,0,0,0,-8000,0,0,0,102000,110000,-8000,-8000
056326,TPK兆豐98購01   ,0,0,0,0,0,0,0,0,0,-8000,0,0,0,2000,10000,-8000,-8000
055816,新日興國票98購01,0,0,0,0,0,0,0,0,0,-8000,0,0,0,1000,9000,-8000,-8000
048985,茂林元大94購01  ,0,0,0,0,0,0,0,0,0,-8000,0,0,0,12000,20000,-8000,-8000
04864P,欣興元大94售10  ,0,0,0,0,0,0,0,0,0,-8000,0,0,0,0,8000,-8000,-8000
048003,旭富元大93購01  ,0,0,0,0,0,0,0,0,0,-8000,0,0,0,2000,10000,-8000,-8000
048582,國泰金富邦93購01,0,0,0,0,0,0,0,0,0,-8000,0,0,0,0,8000,-8000,-8000
04762P,聯詠凱基94售03  ,0,0,0,0,0,0,0,0,0,-8000,0,0,0,0,8000,-8000,-8000
046480,群創元富96購01  ,0,0,0,0,0,0,0,0,0,-8000,0,0,0,10000,18000,-8000,-8000
048240,嘉聯益國票94購03,0,0,0,0,0,0,0,0,0,-8000,0,0,0,22000,30000,-8000,-8000
044105,聯詠中信95購01  ,0,0,0,0,0,0,0,0,0,-8000,0,0,0,140000,148000,-8000,-8000
040160,SP黃豆元富95購01,0,0,0,0,0,0,0,0,0,-8000,0,0,0,0,8000,-8000,-8000
043642,元金2X國票97購01,0,0,0,0,0,0,0,0,0,-8000,0,0,0,15000,23000,-8000,-8000
03425B,臺股指元大9A熊01,0,0,0,0,0,0,0,0,0,-8000,0,0,0,12000,20000,-8000,-8000
051432,群創元富99購03  ,0,0,0,0,0,0,0,0,0,-8000,0,0,0,30000,38000,-8000,-8000
051015,南亞科凱基95購04,0,0,0,0,0,0,0,0,0,-8000,0,0,0,12000,20000,-8000,-8000
055358,臻鼎凱基97購01  ,0,0,0,0,0,0,0,0,0,-8000,0,0,0,8000,16000,-8000,-8000
055156,華新科元大99購02,0,0,0,0,0,0,0,0,0,-8000,0,0,0,64000,72000,-8000,-8000
054051,貿聯元大97購03  ,0,0,0,0,0,0,0,0,0,-8000,0,0,0,48000,56000,-8000,-8000
054007,貿聯統一96購01  ,0,0,0,0,0,0,0,0,0,-8000,0,0,0,96000,104000,-8000,-8000
052824,揚明光永豐96購02,0,0,0,0,0,0,0,0,0,-8000,0,0,0,75000,83000,-8000,-8000
053081,上銀元大97購02  ,0,1000,-1000,0,0,0,0,0,0,-7000,0,0,0,79000,86000,-7000,-8000
2506,太設            ,1000,12000,-11000,0,0,0,0,0,0,3000,6000,3000,3000,0,0,0,-8000
2509,全坤建          ,0,8000,-8000,0,0,0,0,0,0,0,0,0,0,0,0,0,-8000
2443,億麗            ,0,8000,-8000,0,0,0,0,0,0,0,0,0,0,0,0,0,-8000
2608,嘉里大榮        ,38000,39000,-1000,0,0,0,8000,0,8000,-15000,0,15000,-15000,0,0,0,-8000
1530,亞崴            ,1000,9000,-8000,0,0,0,0,0,0,0,0,0,0,0,0,0,-8000
5533,皇鼎            ,6000,14000,-8000,0,0,0,0,0,0,0,0,0,0,0,0,0,-8000
6671,三能-KY         ,0,9000,-9000,0,0,0,0,0,0,1000,1000,0,1000,0,0,0,-8000
06169P,華新科元富97售02,0,0,0,0,0,0,0,0,0,-8000,0,0,0,130000,138000,-8000,-8000
058034,神達永豐98購02  ,0,0,0,0,0,0,0,0,0,-8000,0,0,0,12000,20000,-8000,-8000
05892P,大立光中信98售03,0,0,0,0,0,0,0,0,0,-8000,0,0,0,4000,12000,-8000,-8000
06479P,聯發科中信99售02,0,0,0,0,0,0,0,0,0,-8000,0,0,0,1000,9000,-8000,-8000
06397P,T50反1凱基9A售03,0,0,0,0,0,0,0,0,0,-8000,0,0,0,0,8000,-8000,-8000
06448P,華通元大99售01  ,0,0,0,0,0,0,0,0,0,-8000,0,0,0,43000,51000,-8000,-8000
1220,台榮            ,0,6000,-6000,0,0,0,0,0,0,-2000,0,2000,-2000,0,0,0,-8000
1203,味王            ,0,8000,-8000,0,0,0,0,0,0,0,0,0,0,0,0,0,-8000
055602,康控元大97購03  ,0,0,0,0,0,0,0,0,0,-9000,0,0,0,99000,108000,-9000,-9000
055489,瑞昱元大97購02  ,0,0,0,0,0,0,0,0,0,-9000,0,0,0,143000,152000,-9000,-9000
055473,禾伸堂凱基97購01,0,0,0,0,0,0,0,0,0,-9000,0,0,0,1000,10000,-9000,-9000
056332,台郡國票99購01  ,0,0,0,0,0,0,0,0,0,-9000,0,0,0,1000,10000,-9000,-9000
056338,聯發科凱基99購01,0,0,0,0,0,0,0,0,0,-9000,0,0,0,68000,77000,-9000,-9000
056772,欣興元大99購01  ,0,0,0,0,0,0,0,0,0,-9000,0,0,0,82000,91000,-9000,-9000
056979,微星群益98購01  ,0,0,0,0,0,0,0,0,0,-9000,0,0,0,7000,16000,-9000,-9000
057102,亞光中信9A購01  ,0,0,0,0,0,0,0,0,0,-9000,0,0,0,0,9000,-9000,-9000
057166,國巨元大99購06  ,0,0,0,0,0,0,0,0,0,-9000,0,0,0,130000,139000,-9000,-9000
045124,臺股指元大93購10,0,0,0,0,0,0,0,0,0,-9000,0,0,0,2000,11000,-9000,-9000
042068,台灣50富邦93購02,0,0,0,0,0,0,0,0,0,-9000,0,0,0,1000,10000,-9000,-9000
04437P,滬深2X群益98售03,0,0,0,0,0,0,0,0,0,-9000,0,0,0,67000,76000,-9000,-9000
042501,台灣50凱基96購06,0,0,0,0,0,0,0,0,0,-9000,0,0,0,0,9000,-9000,-9000
048460,盛群凱基94購01  ,0,0,0,0,0,0,0,0,0,-9000,0,0,0,2000,11000,-9000,-9000
047701,鴻海凱基94購12  ,0,0,0,0,0,0,0,0,0,-9000,0,0,0,20000,29000,-9000,-9000
049200,元黃金群益98購01,0,0,0,0,0,0,0,0,0,-9000,0,0,0,32000,41000,-9000,-9000
05095P,景碩元大95售01  ,0,0,0,0,0,0,0,0,0,-9000,0,0,0,44000,53000,-9000,-9000
050280,國巨日盛94購01  ,0,0,0,0,0,0,0,0,0,-9000,0,0,0,1000,10000,-9000,-9000
051052,台積電群益95購01,0,0,0,0,0,0,0,0,0,-9000,0,0,0,91000,100000,-9000,-9000
051756,台積電元大97購04,0,0,0,0,0,0,0,0,0,-9000,0,0,0,69000,78000,-9000,-9000
049273,臺股指元大94購08,0,0,0,0,0,0,0,0,0,-9000,0,0,0,5000,14000,-9000,-9000
050133,鈺齊凱基94購01  ,0,0,0,0,0,0,0,0,0,-9000,0,0,0,2000,11000,-9000,-9000
05066P,康控元大95售03  ,0,0,0,0,0,0,0,0,0,-9000,0,0,0,0,9000,-9000,-9000
053087,冠德元大96購02  ,0,0,0,0,0,0,0,0,0,-9000,0,0,0,1000,10000,-9000,-9000
052984,漢唐元大96購01  ,0,0,0,0,0,0,0,0,0,-9000,0,0,0,11000,20000,-9000,-9000
053965,聯電元大98購04  ,0,0,0,0,0,0,0,0,0,-9000,0,0,0,1000,10000,-9000,-9000
053826,光磊麥證97購01  ,0,0,0,2000,11000,-9000,0,0,0,-9000,0,0,0,2000,11000,-9000,-9000
054301,楠梓電凱基98購01,0,0,0,0,0,0,0,0,0,-9000,0,0,0,32000,41000,-9000,-9000
06702P,智邦元富98售01  ,0,0,0,0,0,0,0,0,0,-9000,0,0,0,62000,71000,-9000,-9000
06718P,聯詠元大98售01  ,0,0,0,0,0,0,0,0,0,-9000,0,0,0,1000,10000,-9000,-9000
06666P,台積電日盛9A售02,0,0,0,0,0,0,0,0,0,-9000,0,0,0,125000,134000,-9000,-9000
05857P,旺宏中信98售02  ,0,0,0,0,0,0,0,0,0,-9000,0,0,0,96000,105000,-9000,-9000
05875P,旺宏群益98售01  ,0,0,0,0,0,0,0,0,0,-9000,0,0,0,11000,20000,-9000,-9000
058012,鈺齊國票99購01  ,0,0,0,0,0,0,0,0,0,-9000,0,0,0,0,9000,-9000,-9000
058007,南電群益98購02  ,0,0,0,0,0,0,0,0,0,-9000,0,0,0,10000,19000,-9000,-9000
06188P,大立光元富97售01,0,0,0,0,0,0,0,0,0,-9000,0,0,0,5000,14000,-9000,-9000
06140P,華新科群益97售06,0,0,0,0,0,0,0,0,0,-9000,0,0,0,169000,178000,-9000,-9000
06129P,玉晶光元富97售06,0,0,0,0,0,0,0,0,0,-9000,0,0,0,130000,139000,-9000,-9000
06023P,超眾國票96售03  ,0,0,0,0,0,0,0,0,0,-9000,0,0,0,1000,10000,-9000,-9000
9937,全國            ,0,11000,-11000,0,0,0,0,0,0,2000,2000,0,2000,0,0,0,-9000
1727,中華化          ,0,8000,-8000,0,0,0,0,0,0,-1000,0,1000,-1000,0,0,0,-9000
2613,中櫃            ,1000,7000,-6000,0,0,0,0,0,0,-3000,0,3000,-3000,0,0,0,-9000
2539,櫻花建          ,5000,14000,-9000,0,0,0,0,0,0,0,0,0,0,0,0,0,-9000
057203,麗豐元富98購02  ,0,0,0,0,0,0,0,0,0,-10000,0,0,0,0,10000,-10000,-10000
057239,貿聯凱基98購05  ,0,0,0,0,0,0,0,0,0,-10000,0,0,0,11000,21000,-10000,-10000
057264,新光金兆豐98購01,0,0,0,0,0,0,0,0,0,-10000,0,0,0,0,10000,-10000,-10000
057098,新光金台新98購01,0,0,0,0,0,0,0,0,0,-10000,0,0,0,0,10000,-10000,-10000
057012,康控中信98購01  ,0,0,0,0,0,0,0,0,0,-10000,0,0,0,20000,30000,-10000,-10000
057000,亞德客國票99購01,0,0,0,0,0,0,0,0,0,-10000,0,0,0,0,10000,-10000,-10000
056965,全新永豐98購01  ,0,0,0,0,0,0,0,0,0,-10000,0,0,0,68000,78000,-10000,-10000
05691P,聯發科中信98售01,0,0,0,0,0,0,0,0,0,-10000,0,0,0,0,10000,-10000,-10000
056930,晶豪科台新98購01,0,0,0,0,0,0,0,0,0,-10000,0,0,0,0,10000,-10000,-10000
056889,元油2X元大99購07,0,0,0,0,0,0,0,0,0,-10000,0,0,0,100000,110000,-10000,-10000
056783,國巨群益99購01  ,0,0,0,0,0,0,0,0,0,-10000,0,0,0,0,10000,-10000,-10000
056731,國巨凱基98購04  ,0,0,0,0,0,0,0,0,0,-10000,0,0,0,0,10000,-10000,-10000
056723,國巨中信9A購01  ,0,0,0,0,0,0,0,0,0,-10000,0,0,0,40000,50000,-10000,-10000
05734P,臺股指統一96售04,0,0,0,0,0,0,0,0,0,-10000,0,0,0,0,10000,-10000,-10000
057369,奇力新元大99購05,0,0,0,0,0,0,0,0,0,-10000,0,0,0,14000,24000,-10000,-10000
057366,智邦元大98購08  ,0,0,0,0,0,0,0,0,0,-10000,0,0,0,15000,25000,-10000,-10000
057314,全新麥證98購01  ,0,0,0,20000,30000,-10000,0,0,0,-10000,0,0,0,20000,30000,-10000,-10000
057306,玉晶光兆豐99購01,0,0,0,0,0,0,0,0,0,-10000,0,0,0,0,10000,-10000,-10000
057437,可成國票99購01  ,0,0,0,0,0,0,0,0,0,-10000,0,0,0,57000,67000,-10000,-10000
057383,玉晶光富邦9A購01,0,0,0,0,0,0,0,0,0,-10000,0,0,0,0,10000,-10000,-10000
057377,康控元大99購02  ,0,0,0,0,0,0,0,0,0,-10000,0,0,0,218000,228000,-10000,-10000
057505,健策麥證98購01  ,0,0,0,0,10000,-10000,0,0,0,-10000,0,0,0,0,10000,-10000,-10000
057456,道瓊銀富邦9C購01,0,0,0,0,0,0,0,0,0,-10000,0,0,0,0,10000,-10000,-10000
057550,聯發科凱基02購01,0,0,0,0,0,0,0,0,0,-10000,0,0,0,0,10000,-10000,-10000
057857,牧德國票99購01  ,0,0,0,0,0,0,0,0,0,-10000,0,0,0,0,10000,-10000,-10000
057767,緯穎凱基98購06  ,0,0,0,0,0,0,0,0,0,-10000,0,0,0,31000,41000,-10000,-10000
057776,京元電群益98購02,0,0,0,0,0,0,0,0,0,-10000,0,0,0,0,10000,-10000,-10000
057827,康友元大98購03  ,0,0,0,0,0,0,0,0,0,-10000,0,0,0,0,10000,-10000,-10000
057816,欣興元大98購13  ,0,0,0,0,0,0,0,0,0,-10000,0,0,0,10000,20000,-10000,-10000
057706,臺股指群益98購06,0,0,0,0,0,0,0,0,0,-10000,0,0,0,0,10000,-10000,-10000
057655,奇力新中信98購05,0,0,0,0,0,0,0,0,0,-10000,0,0,0,0,10000,-10000,-10000
057683,技嘉日盛98購01  ,0,0,0,0,0,0,0,0,0,-10000,0,0,0,0,10000,-10000,-10000
057663,國巨元大99購08  ,0,0,0,0,0,0,0,0,0,-10000,0,0,0,67000,77000,-10000,-10000
057634,道瓊反元大99購01,0,0,0,0,0,0,0,0,0,-10000,0,0,0,0,10000,-10000,-10000
056374,聯發科統一9B購01,0,0,0,0,0,0,0,0,0,-10000,0,0,0,68000,78000,-10000,-10000
056258,訊芯元富97購04  ,0,0,0,0,0,0,0,0,0,-10000,0,0,0,0,10000,-10000,-10000
056123,鈺齊群益97購01  ,0,0,0,0,0,0,0,0,0,-10000,0,0,0,20000,30000,-10000,-10000
056150,台光電凱基98購02,0,0,0,0,0,0,0,0,0,-10000,0,0,0,0,10000,-10000,-10000
056136,京鼎元大98購01  ,0,0,0,0,0,0,0,0,0,-10000,0,0,0,0,10000,-10000,-10000
056227,奇力新凱基98購04,0,0,0,0,0,0,0,0,0,-10000,0,0,0,0,10000,-10000,-10000
056571,燿華元大98購02  ,0,0,0,0,0,0,0,0,0,-10000,0,0,0,0,10000,-10000,-10000
056547,臻鼎凱基99購01  ,0,0,0,0,0,0,0,0,0,-10000,0,0,0,36000,46000,-10000,-10000
05661P,聯發科統一96售06,0,0,0,0,0,0,0,0,0,-10000,0,0,0,0,10000,-10000,-10000
056658,美食元大98購01  ,0,0,0,0,0,0,0,0,0,-10000,0,0,0,5000,15000,-10000,-10000
056676,國產元富98購01  ,0,0,0,0,0,0,0,0,0,-10000,0,0,0,20000,30000,-10000,-10000
05666P,聯發科凱基96售14,0,0,0,0,0,0,0,0,0,-10000,0,0,0,0,10000,-10000,-10000
056534,京元電凱基98購01,0,0,0,0,0,0,0,0,0,-10000,0,0,0,14000,24000,-10000,-10000
056429,華通凱基98購02  ,0,0,0,0,0,0,0,0,0,-10000,0,0,0,20000,30000,-10000,-10000
055475,臻鼎凱基97購02  ,0,0,0,0,0,0,0,0,0,-10000,0,0,0,93000,103000,-10000,-10000
055499,大立光元大98購05,0,0,0,0,0,0,0,0,0,-10000,0,0,0,0,10000,-10000,-10000
055582,亞德客元大97購01,0,0,0,0,0,0,0,0,0,-10000,0,0,0,0,10000,-10000,-10000
055567,訊芯凱基98購02  ,0,0,0,0,0,0,0,0,0,-10000,0,0,0,0,10000,-10000,-10000
05567P,致伸群益96售01  ,0,0,0,0,0,0,0,0,0,-10000,0,0,0,1000,11000,-10000,-10000
055691,訊芯凱基97購02  ,0,0,0,0,0,0,0,0,0,-10000,0,0,0,0,10000,-10000,-10000
055646,漢唐元富97購01  ,0,0,0,0,0,0,0,0,0,-10000,0,0,0,0,10000,-10000,-10000
055814,晶豪科國票97購02,0,0,0,0,0,0,0,0,0,-10000,0,0,0,0,10000,-10000,-10000
055763,鎧勝群益97購01  ,0,0,0,0,0,0,0,0,0,-10000,0,0,0,0,10000,-10000,-10000
055920,智伸科凱基97購02,0,0,0,0,0,0,0,0,0,-10000,0,0,0,0,10000,-10000,-10000
055872,亞泥元富97購01  ,0,0,0,0,0,0,0,0,0,-10000,0,0,0,90000,100000,-10000,-10000
05587P,鴻海凱基96售12  ,0,0,0,0,0,0,0,0,0,-10000,0,0,0,0,10000,-10000,-10000
055890,鴻海統一99購01  ,0,0,0,0,0,0,0,0,0,-10000,0,0,0,48000,58000,-10000,-10000
055860,啟碁元大97購04  ,0,0,0,0,0,0,0,0,0,-10000,0,0,0,186000,196000,-10000,-10000
055864,臺股指元大97購01,0,0,0,0,0,0,0,0,0,-10000,0,0,0,0,10000,-10000,-10000
055991,鈺齊元富97購01  ,0,0,0,0,0,0,0,0,0,-10000,0,0,0,0,10000,-10000,-10000
055999,電子類富邦99購01,0,0,0,0,0,0,0,0,0,-10000,0,0,0,0,10000,-10000,-10000
055969,彩晶元大99購02  ,0,0,0,0,0,0,0,0,0,-10000,0,0,0,110000,120000,-10000,-10000
05606P,TPK國票97售02   ,0,0,0,0,0,0,0,0,0,-10000,0,0,0,0,10000,-10000,-10000
048962,宏全康和94購01  ,0,0,0,0,0,0,0,0,0,-10000,0,0,0,0,10000,-10000,-10000
050028,華新科元大94購03,0,0,0,0,0,0,0,0,0,-10000,0,0,0,0,10000,-10000,-10000
050079,元油2X統一94購06,0,0,0,0,0,0,0,0,0,-10000,0,0,0,226000,236000,-10000,-10000
050057,國巨凱基94購05  ,0,0,0,0,0,0,0,0,0,-10000,0,0,0,0,10000,-10000,-10000
050085,國泰金元富94購01,0,0,0,0,0,0,0,0,0,-10000,0,0,0,0,10000,-10000,-10000
051635,大立光國票96購04,0,0,0,0,0,0,0,0,0,-10000,0,0,0,0,10000,-10000,-10000
051587,大立光元大95購08,0,0,0,0,0,0,0,0,0,-10000,0,0,0,0,10000,-10000,-10000
051519,國泰金凱基95購02,10000,0,10000,0,0,0,0,0,0,-20000,0,0,0,0,20000,-20000,-10000
051508,元黃金中信97購01,0,0,0,0,0,0,0,0,0,-10000,0,0,0,0,10000,-10000,-10000
050836,緯穎凱基95購01  ,0,0,0,0,0,0,0,0,0,-10000,0,0,0,0,10000,-10000,-10000
04863P,技嘉元大94售02  ,0,0,0,0,0,0,0,0,0,-10000,0,0,0,38000,48000,-10000,-10000
048610,華新科凱基94購04,0,0,0,0,0,0,0,0,0,-10000,0,0,0,0,10000,-10000,-10000
048161,旺宏麥證94購01  ,0,0,0,0,10000,-10000,0,0,0,-10000,0,0,0,0,10000,-10000,-10000
048091,漢唐凱基93購03  ,0,0,0,0,0,0,0,0,0,-10000,0,0,0,0,10000,-10000,-10000
048114,景碩群益93購02  ,0,0,0,0,0,0,0,0,0,-10000,0,0,0,0,10000,-10000,-10000
048111,奇力新群益93購06,0,0,0,0,0,0,0,0,0,-10000,0,0,0,0,10000,-10000,-10000
048892,台郡元富97購01  ,0,0,0,0,0,0,0,0,0,-10000,0,0,0,0,10000,-10000,-10000
048926,燿華永豐95購01  ,0,0,0,0,0,0,0,0,0,-10000,0,0,0,0,10000,-10000,-10000
048842,矽格凱基94購01  ,0,0,0,0,0,0,0,0,0,-10000,0,0,0,10000,20000,-10000,-10000
048758,美利達元富96購02,0,0,0,0,0,0,0,0,0,-10000,0,0,0,10000,20000,-10000,-10000
048766,禾伸堂凱基94購01,0,0,0,0,0,0,0,0,0,-10000,0,0,0,0,10000,-10000,-10000
048710,奇力新台新94購01,0,0,0,0,0,0,0,0,0,-10000,0,0,0,0,10000,-10000,-10000
048712,樺漢台新94購01  ,0,0,0,0,0,0,0,0,0,-10000,0,0,0,0,10000,-10000,-10000
047813,華新科凱基93購07,0,0,0,0,0,0,0,0,0,-10000,0,0,0,0,10000,-10000,-10000
047988,志超群益93購02  ,0,0,0,0,0,0,0,0,0,-10000,0,0,0,0,10000,-10000,-10000
047984,禾伸堂群益93購01,0,0,0,0,0,0,0,0,0,-10000,0,0,0,0,10000,-10000,-10000
047942,華新科國票94購04,0,0,0,0,0,0,0,0,0,-10000,0,0,0,0,10000,-10000,-10000
047910,全新麥證94購01  ,0,0,0,0,10000,-10000,0,0,0,-10000,0,0,0,0,10000,-10000,-10000
047925,可成凱基94購01  ,0,0,0,0,0,0,0,0,0,-10000,0,0,0,10000,20000,-10000,-10000
047928,禾伸堂凱基93購04,0,0,0,0,0,0,0,0,0,-10000,0,0,0,0,10000,-10000,-10000
047070,華通兆豐93購01  ,0,0,0,0,0,0,0,0,0,-10000,0,0,0,0,10000,-10000,-10000
046989,可成凱基93購03  ,0,0,0,0,0,0,0,0,0,-10000,0,0,0,10000,20000,-10000,-10000
047055,旭富國票93購01  ,0,0,0,0,0,0,0,0,0,-10000,0,0,0,0,10000,-10000,-10000
048565,康控元大94購04  ,0,0,0,0,0,0,0,0,0,-10000,0,0,0,0,10000,-10000,-10000
048576,義隆國泰95購01  ,0,0,0,0,0,0,0,0,0,-10000,0,0,0,0,10000,-10000,-10000
048567,台郡元大93購03  ,0,0,0,0,0,0,0,0,0,-10000,0,0,0,0,10000,-10000,-10000
047656,聯詠兆豐93購02  ,0,0,0,0,0,0,0,0,0,-10000,0,0,0,0,10000,-10000,-10000
048545,嘉澤永豐93購03  ,0,0,0,0,0,0,0,0,0,-10000,0,0,0,0,10000,-10000,-10000
048548,緯穎永豐93購02  ,0,0,0,0,0,0,0,0,0,-10000,0,0,0,0,10000,-10000,-10000
048431,瑞昱國票94購01  ,0,0,0,0,0,0,0,0,0,-10000,0,0,0,0,10000,-10000,-10000
047481,可成凱基93購08  ,0,0,0,0,0,0,0,0,0,-10000,0,0,0,4000,14000,-10000,-10000
048435,致新國票93購01  ,0,0,0,0,0,0,0,0,0,-10000,0,0,0,20000,30000,-10000,-10000
047360,鴻海群益95購02  ,0,0,0,0,0,0,0,0,0,-10000,0,0,0,0,10000,-10000,-10000
047335,臺股指元大93購30,0,0,0,0,0,0,0,0,0,-10000,0,0,0,60000,70000,-10000,-10000
046390,旺宏統一94購02  ,0,0,0,0,0,0,0,0,0,-10000,0,0,0,0,10000,-10000,-10000
046570,旺宏國泰94購01  ,0,0,0,0,0,0,0,0,0,-10000,0,0,0,0,10000,-10000,-10000
046630,京元電元富95購03,0,0,0,0,0,0,0,0,0,-10000,0,0,0,10000,20000,-10000,-10000
046624,彩晶凱基94購02  ,0,0,0,0,0,0,0,0,0,-10000,0,0,0,0,10000,-10000,-10000
046929,大立光統一93購03,0,0,0,0,0,0,0,0,0,-10000,0,0,0,0,10000,-10000,-10000
04312P,聯茂統一93售02  ,0,0,0,0,0,0,0,0,0,-10000,0,0,0,0,10000,-10000,-10000
04310P,京元電統一93售03,0,0,0,0,0,0,0,0,0,-10000,0,0,0,0,10000,-10000,-10000
045683,泰鼎元大93購03  ,0,0,0,0,0,0,0,0,0,-10000,0,0,0,0,10000,-10000,-10000
045640,嘉晶凱基93購01  ,0,0,0,0,0,0,0,0,0,-10000,0,0,0,0,10000,-10000,-10000
044836,宏達電元大93購05,0,0,0,0,0,0,0,0,0,-10000,0,0,0,0,10000,-10000,-10000
044942,國巨群益94購01  ,0,0,0,0,0,0,0,0,0,-10000,0,0,0,0,10000,-10000,-10000
04497P,元油2X富邦97售03,0,0,0,0,0,0,0,0,0,-10000,0,0,0,490000,500000,-10000,-10000
044466,和大群益93購01  ,0,0,0,0,0,0,0,0,0,-10000,0,0,0,0,10000,-10000,-10000
044475,國巨元富95購02  ,0,0,0,0,0,0,0,0,0,-10000,0,0,0,0,10000,-10000,-10000
04436P,聯發科中信96售02,0,0,0,0,0,0,0,0,0,-10000,0,0,0,0,10000,-10000,-10000
044374,燿華兆豐93購01  ,0,0,0,0,0,0,0,0,0,-10000,0,0,0,0,10000,-10000,-10000
044396,燿華凱基93購02  ,0,0,0,0,0,0,0,0,0,-10000,0,0,0,10000,20000,-10000,-10000
044439,南電元大93購01  ,0,0,0,0,0,0,0,0,0,-10000,0,0,0,0,10000,-10000,-10000
044680,華新科凱基93購06,0,0,0,0,0,0,0,0,0,-10000,0,0,0,0,10000,-10000,-10000
044010,華通凱基93購01  ,0,0,0,0,0,0,0,0,0,-10000,0,0,0,0,10000,-10000,-10000
043912,華新科凱基93購01,0,0,0,0,0,0,0,0,0,-10000,0,0,0,0,10000,-10000,-10000
043921,台表科凱基93購01,0,0,0,0,0,0,0,0,0,-10000,0,0,0,0,10000,-10000,-10000
044354,奇鋐元大93購02  ,0,0,0,0,0,0,0,0,0,-10000,0,0,0,0,10000,-10000,-10000
044265,滬深2X中信95購05,0,0,0,0,0,0,0,0,0,-10000,0,0,0,0,10000,-10000,-10000
044270,群創中信95購02  ,0,0,0,0,0,0,0,0,0,-10000,0,0,0,15000,25000,-10000,-10000
044282,上銀凱基93購03  ,0,0,0,0,0,0,0,0,0,-10000,0,0,0,0,10000,-10000,-10000
049000,元油2X中信95購02,0,0,0,0,0,0,0,0,0,-10000,0,0,0,0,10000,-10000,-10000
049101,聯詠國泰95購01  ,0,0,0,0,0,0,0,0,0,-10000,0,0,0,0,10000,-10000,-10000
049044,和碩兆豐94購01  ,0,0,0,0,0,0,0,0,0,-10000,0,0,0,0,10000,-10000,-10000
049045,上海銀兆豐94購01,0,0,0,0,0,0,0,0,0,-10000,0,0,0,0,10000,-10000,-10000
049025,華擎群益94購01  ,0,0,0,0,0,0,0,0,0,-10000,0,0,0,0,10000,-10000,-10000
047083,大立光永豐93購01,0,0,0,0,0,0,0,0,0,-10000,0,0,0,0,10000,-10000,-10000
046185,正崴凱基93購02  ,0,0,0,0,0,0,0,0,0,-10000,0,0,0,0,10000,-10000,-10000
046182,燿華凱基93購04  ,0,0,0,0,0,0,0,0,0,-10000,0,0,0,10000,20000,-10000,-10000
04614P,光罩群益94售02  ,0,0,0,0,0,0,0,0,0,-10000,0,0,0,1000,11000,-10000,-10000
04196P,東陽中信93售02  ,0,0,0,0,0,0,0,0,0,-10000,0,0,0,10000,20000,-10000,-10000
04133P,友達群益93售01  ,0,0,0,0,0,0,0,0,0,-10000,0,0,0,0,10000,-10000,-10000
03366P,TPK元大02售03   ,0,0,0,0,0,0,0,0,0,-10000,0,0,0,10000,20000,-10000,-10000
04218P,正文國票93售03  ,0,0,0,0,0,0,0,0,0,-10000,0,0,0,0,10000,-10000,-10000
04223P,友達統一93售05  ,0,0,0,0,0,0,0,0,0,-10000,0,0,0,0,10000,-10000,-10000
03751P,旺宏富邦95售01  ,0,0,0,0,0,0,0,0,0,-10000,0,0,0,50000,60000,-10000,-10000
04556P,大成鋼群益94售02,0,0,0,0,0,0,0,0,0,-10000,0,0,0,1000,11000,-10000,-10000
045626,上銀凱基93購05  ,0,0,0,0,0,0,0,0,0,-10000,0,0,0,0,10000,-10000,-10000
04526P,美律凱基94售03  ,0,0,0,0,0,0,0,0,0,-10000,0,0,0,0,10000,-10000,-10000
045208,力成國泰94購01  ,0,0,0,0,0,0,0,0,0,-10000,0,0,0,0,10000,-10000,-10000
050682,南亞科元富94購02,0,0,0,0,0,0,0,0,0,-10000,0,0,0,32000,42000,-10000,-10000
050684,台郡元富94購02  ,0,0,0,0,0,0,0,0,0,-10000,0,0,0,0,10000,-10000,-10000
050644,國巨凱基96購01  ,0,0,0,0,0,0,0,0,0,-10000,0,0,0,0,10000,-10000,-10000
050697,冠德凱基96購01  ,0,0,0,0,0,0,0,0,0,-10000,0,0,0,0,10000,-10000,-10000
050538,鴻海凱基95購06  ,0,0,0,0,0,0,0,0,0,-10000,0,0,0,0,10000,-10000,-10000
050572,大立光中信97購01,0,0,0,0,0,0,0,0,0,-10000,0,0,0,0,10000,-10000,-10000
05056P,訊芯群益95售01  ,0,0,0,0,0,0,0,0,0,-10000,0,0,0,17000,27000,-10000,-10000
050627,華通中信94購02  ,0,0,0,0,0,0,0,0,0,-10000,0,0,0,48000,58000,-10000,-10000
052180,緯穎元大96購05  ,0,0,0,0,0,0,0,0,0,-10000,0,0,0,6000,16000,-10000,-10000
050512,台泥元大94購01  ,0,0,0,0,0,0,0,0,0,-10000,0,0,0,15000,25000,-10000,-10000
050423,鴻海凱基96購02  ,0,0,0,0,0,0,0,0,0,-10000,0,0,0,0,10000,-10000,-10000
050430,京元電凱基94購03,0,0,0,0,0,0,0,0,0,-10000,0,0,0,0,10000,-10000,-10000
050227,大立光中信96購01,0,0,0,0,0,0,0,0,0,-10000,0,0,0,0,10000,-10000,-10000
050210,華新科國票94購08,0,0,0,0,0,0,0,0,0,-10000,0,0,0,0,10000,-10000,-10000
050013,淘帝國泰95購01  ,0,0,0,0,0,0,0,0,0,-10000,0,0,0,0,10000,-10000,-10000
049979,美律凱基94購07  ,0,0,0,0,0,0,0,0,0,-10000,0,0,0,0,10000,-10000,-10000
049948,聯發科麥證94購01,0,0,0,0,10000,-10000,0,0,0,-10000,0,0,0,0,10000,-10000,-10000
049825,台積電凱基94購26,0,0,0,0,0,0,0,0,0,-10000,0,0,0,0,10000,-10000,-10000
049835,緯穎凱基94購05  ,0,0,0,0,0,0,0,0,0,-10000,0,0,0,0,10000,-10000,-10000
049862,南亞科兆豐94購01,0,0,0,0,0,0,0,0,0,-10000,0,0,0,0,10000,-10000,-10000
049859,味全兆豐95購01  ,0,0,0,0,0,0,0,0,0,-10000,0,0,0,0,10000,-10000,-10000
049361,華通元大94購02  ,0,0,0,0,0,0,0,0,0,-10000,0,0,0,0,10000,-10000,-10000
049335,聯電統一97購01  ,0,0,0,0,0,0,0,0,0,-10000,0,0,0,0,10000,-10000,-10000
049327,台郡元富94購01  ,0,0,0,0,0,0,0,0,0,-10000,0,0,0,0,10000,-10000,-10000
049319,GIS凱基94購03   ,0,0,0,0,0,0,0,0,0,-10000,0,0,0,100000,110000,-10000,-10000
052079,康友元富98購01  ,0,0,0,0,0,0,0,0,0,-10000,0,0,0,80000,90000,-10000,-10000
052131,台積電凱基96購01,0,0,0,0,0,0,0,0,0,-10000,0,0,0,0,10000,-10000,-10000
052101,滬深2X兆豐96購01,0,0,0,0,0,0,0,0,0,-10000,0,0,0,0,10000,-10000,-10000
049275,臺股指元大94購10,0,0,0,0,0,0,0,0,0,-10000,0,0,0,0,10000,-10000,-10000
050112,高鐵元大94購02  ,0,0,0,0,0,0,0,0,0,-10000,0,0,0,0,10000,-10000,-10000
049606,可成第一94購01  ,0,0,0,0,0,0,0,0,0,-10000,0,0,0,0,10000,-10000,-10000
049667,大立光國泰96購01,0,0,0,0,0,0,0,0,0,-10000,0,0,0,1000,11000,-10000,-10000
049646,旺宏凱基94購01  ,0,0,0,0,0,0,0,0,0,-10000,0,0,0,0,10000,-10000,-10000
04911P,美律元富94售02  ,0,0,0,0,0,0,0,0,0,-10000,0,0,0,0,10000,-10000,-10000
051773,元大金中信95購02,0,0,0,0,0,0,0,0,0,-10000,0,0,0,5000,15000,-10000,-10000
051850,臻鼎中信96購01  ,0,0,0,0,0,0,0,0,0,-10000,0,0,0,10000,20000,-10000,-10000
051742,欣興國票96購01  ,0,0,0,0,0,0,0,0,0,-10000,0,0,0,0,10000,-10000,-10000
051744,嘉聯益國票97購01,0,0,0,0,0,0,0,0,0,-10000,0,0,0,0,10000,-10000,-10000
051725,緯穎永豐95購02  ,0,0,0,0,0,0,0,0,0,-10000,0,0,0,0,10000,-10000,-10000
051703,台積電群益95購04,0,0,0,0,0,0,0,0,0,-10000,0,0,0,188000,198000,-10000,-10000
052037,全新國泰96購02  ,0,0,0,0,0,0,0,0,0,-10000,0,0,0,0,10000,-10000,-10000
052026,漢唐群益95購01  ,0,0,0,0,0,0,0,0,0,-10000,0,0,0,10000,20000,-10000,-10000
052071,臺股指兆豐95購01,0,0,0,0,0,0,0,0,0,-10000,0,0,0,0,10000,-10000,-10000
051098,矽格元大95購01  ,0,0,0,0,0,0,0,0,0,-10000,0,0,0,0,10000,-10000,-10000
05033P,T50反1元大98售01,0,0,0,0,0,0,0,0,0,-10000,0,0,0,0,10000,-10000,-10000
050335,正崴國泰96購01  ,0,0,0,0,0,0,0,0,0,-10000,0,0,0,0,10000,-10000,-10000
049511,奇力新凱基94購03,0,0,0,0,0,0,0,0,0,-10000,0,0,0,0,10000,-10000,-10000
052762,欣興群益96購01  ,0,0,0,0,0,0,0,0,0,-10000,0,0,0,7000,17000,-10000,-10000
052783,台郡國票97購01  ,0,0,0,0,0,0,0,0,0,-10000,0,0,0,0,10000,-10000,-10000
052709,光寶科日盛96購01,0,0,0,0,0,0,0,0,0,-10000,0,0,0,40000,50000,-10000,-10000
052426,國巨台新96購01  ,0,0,0,0,0,0,0,0,0,-10000,0,0,0,0,10000,-10000,-10000
052359,百和永豐95購01  ,0,0,0,0,0,0,0,0,0,-10000,0,0,0,0,10000,-10000,-10000
052657,友達元富96購01  ,0,0,0,0,0,0,0,0,0,-10000,0,0,0,0,10000,-10000,-10000
052641,聯詠台新96購01  ,0,0,0,0,0,0,0,0,0,-10000,0,0,0,0,10000,-10000,-10000
049449,宏碁統一94購01  ,0,0,0,0,0,0,0,0,0,-10000,0,0,0,0,10000,-10000,-10000
049445,遠東新統一94購01,0,0,0,0,0,0,0,0,0,-10000,0,0,0,90000,100000,-10000,-10000
049382,牧德元大94購04  ,0,0,0,0,0,0,0,0,0,-10000,0,0,0,0,10000,-10000,-10000
05025P,聯發科群益95售02,0,0,0,0,0,0,0,0,0,-10000,0,0,0,20000,30000,-10000,-10000
05146P,鴻海元大95售10  ,0,0,0,0,0,0,0,0,0,-10000,0,0,0,222000,232000,-10000,-10000
051460,S&P反1國泰97購01,0,0,0,0,0,0,0,0,0,-10000,0,0,0,40000,50000,-10000,-10000
051403,玉晶光永豐95購05,0,0,0,0,0,0,0,0,0,-10000,0,0,0,1000,11000,-10000,-10000
051345,鴻海元大95購09  ,0,0,0,0,0,0,0,0,0,-10000,0,0,0,0,10000,-10000,-10000
05125P,鴻海群益95售06  ,0,0,0,0,0,0,0,0,0,-10000,0,0,0,0,10000,-10000,-10000
051258,鈺齊國泰97購01  ,0,0,0,0,0,0,0,0,0,-10000,0,0,0,23000,33000,-10000,-10000
051269,康友富邦97購01  ,0,0,0,0,0,0,0,0,0,-10000,0,0,0,0,10000,-10000,-10000
051326,聯發科台新95購01,0,0,0,0,0,0,0,0,0,-10000,0,0,0,0,10000,-10000,-10000
051297,台積電凱基95購07,0,0,0,0,0,0,0,0,0,-10000,0,0,0,0,10000,-10000,-10000
051300,台光電凱基96購02,0,0,0,0,0,0,0,0,0,-10000,0,0,0,0,10000,-10000,-10000
050785,全新國泰96購01  ,0,0,0,0,0,0,0,0,0,-10000,0,0,0,0,10000,-10000,-10000
050786,健策國泰96購01  ,0,0,0,0,0,0,0,0,0,-10000,0,0,0,0,10000,-10000,-10000
050750,上銀統一94購02  ,0,0,0,0,0,0,0,0,0,-10000,0,0,0,0,10000,-10000,-10000
052281,全新凱基97購01  ,0,0,0,0,0,0,0,0,0,-10000,0,0,0,0,10000,-10000,-10000
052290,鴻海元富97購01  ,0,0,0,0,0,0,0,0,0,-10000,0,0,0,0,10000,-10000,-10000
052272,T50反1群益95購03,0,0,0,0,0,0,0,0,0,-10000,0,0,0,0,10000,-10000,-10000
051146,旺宏凱基95購04  ,0,0,0,0,0,0,0,0,0,-10000,0,0,0,0,10000,-10000,-10000
051147,南亞科凱基95購05,0,0,0,0,0,0,0,0,0,-10000,0,0,0,0,10000,-10000,-10000
051179,臺股指凱基95購04,0,0,0,0,0,0,0,0,0,-10000,0,0,0,0,10000,-10000,-10000
054280,牧德群益98購01  ,0,0,0,0,0,0,0,0,0,-10000,0,0,0,8000,18000,-10000,-10000
054250,漢唐元大96購04  ,0,0,0,0,0,0,0,0,0,-10000,0,0,0,0,10000,-10000,-10000
054256,創意元大96購07  ,0,0,0,0,0,0,0,0,0,-10000,0,0,0,0,10000,-10000,-10000
054323,旺宏台新96購02  ,0,0,0,0,0,0,0,0,0,-10000,0,0,0,0,10000,-10000,-10000
054440,TPK台新98購01   ,0,0,0,0,0,0,0,0,0,-10000,0,0,0,0,10000,-10000,-10000
054536,宏達電富邦97購03,0,0,0,0,0,0,0,0,0,-10000,0,0,0,0,10000,-10000,-10000
054539,欣興國票98購01  ,0,0,0,0,0,0,0,0,0,-10000,0,0,0,16000,26000,-10000,-10000
054846,瑞昱兆豐97購01  ,0,0,0,0,0,0,0,0,0,-10000,0,0,0,0,10000,-10000,-10000
054819,裕民元大9A購01  ,0,0,0,0,0,0,0,0,0,-10000,0,0,0,0,10000,-10000,-10000
054862,群光群益97購01  ,0,0,0,0,0,0,0,0,0,-10000,0,0,0,0,10000,-10000,-10000
054776,矽創國票98購01  ,0,0,0,0,0,0,0,0,0,-10000,0,0,0,20000,30000,-10000,-10000
054764,亞光國票98購01  ,0,0,0,0,0,0,0,0,0,-10000,0,0,0,20000,30000,-10000,-10000
054773,台郡國票98購01  ,0,0,0,0,0,0,0,0,0,-10000,0,0,0,0,10000,-10000,-10000
054631,台郡凱基98購02  ,0,0,0,0,0,0,0,0,0,-10000,0,0,0,0,10000,-10000,-10000
054555,欣興凱基98購01  ,0,0,0,0,0,0,0,0,0,-10000,0,0,0,163000,173000,-10000,-10000
054637,智邦中信98購01  ,0,0,0,0,0,0,0,0,0,-10000,0,0,0,10000,20000,-10000,-10000
054652,裕隆麥證97購01  ,0,0,0,83000,93000,-10000,0,0,0,-10000,0,0,0,83000,93000,-10000,-10000
054654,全新麥證99購01  ,0,0,0,20000,30000,-10000,0,0,0,-10000,0,0,0,20000,30000,-10000,-10000
054677,智易台新98購02  ,0,0,0,0,0,0,0,0,0,-10000,0,0,0,0,10000,-10000,-10000
055146,華通元大98購04  ,0,0,0,0,0,0,0,0,0,-10000,0,0,0,11000,21000,-10000,-10000
05511P,T50反1台新06售01,0,0,0,0,0,0,0,0,0,-10000,0,0,0,0,10000,-10000,-10000
055126,嘉澤兆豐97購01  ,0,0,0,0,0,0,0,0,0,-10000,0,0,0,0,10000,-10000,-10000
055111,宏盛凱基97購01  ,0,0,0,0,0,0,0,0,0,-10000,0,0,0,0,10000,-10000,-10000
055049,智邦永豐97購01  ,0,0,0,0,0,0,0,0,0,-10000,0,0,0,0,10000,-10000,-10000
054911,敬鵬凱基97購01  ,0,0,0,0,0,0,0,0,0,-10000,0,0,0,0,10000,-10000,-10000
054901,群光康和97購01  ,0,0,0,0,0,0,0,0,0,-10000,0,0,0,0,10000,-10000,-10000
054931,緯穎凱基98購01  ,0,0,0,0,0,0,0,0,0,-10000,0,0,0,49000,59000,-10000,-10000
055363,緯穎凱基98購03  ,0,0,0,0,0,0,0,0,0,-10000,0,0,0,14000,24000,-10000,-10000
055319,國巨國票98購03  ,0,0,0,0,0,0,0,0,0,-10000,0,0,0,0,10000,-10000,-10000
055302,達方元大97購01  ,0,0,0,0,0,0,0,0,0,-10000,0,0,0,47000,57000,-10000,-10000
055224,鴻海國票99購02  ,0,0,0,0,0,0,0,0,0,-10000,0,0,0,10000,20000,-10000,-10000
055253,大立光統一97購06,0,0,0,0,0,0,0,0,0,-10000,0,0,0,20000,30000,-10000,-10000
055443,台虹國票98購01  ,0,0,0,0,0,0,0,0,0,-10000,0,0,0,10000,20000,-10000,-10000
055423,亞光亞東99購01  ,0,0,0,0,0,0,0,0,0,-10000,0,0,0,0,10000,-10000,-10000
055408,力成國泰98購01  ,0,0,0,0,0,0,0,0,0,-10000,0,0,0,20000,30000,-10000,-10000
053827,漢唐麥證9A購01  ,0,0,0,0,10000,-10000,0,0,0,-10000,0,0,0,0,10000,-10000,-10000
053816,聯發科群益96購02,0,0,0,0,0,0,0,0,0,-10000,0,0,0,40000,50000,-10000,-10000
053847,美律元富96購02  ,0,0,0,0,0,0,0,0,0,-10000,0,0,0,10000,20000,-10000,-10000
053719,可成凱基96購08  ,0,0,0,0,0,0,0,0,0,-10000,0,0,0,0,10000,-10000,-10000
053565,台光電富邦98購01,0,0,0,0,0,0,0,0,0,-10000,0,0,0,0,10000,-10000,-10000
053597,牧德元大99購01  ,0,0,0,0,0,0,0,0,0,-10000,0,0,0,2000,12000,-10000,-10000
053609,華新中信9A購01  ,0,0,0,0,0,0,0,0,0,-10000,0,0,0,0,10000,-10000,-10000
053678,南亞科富邦97購01,0,0,0,0,0,0,0,0,0,-10000,0,0,0,0,10000,-10000,-10000
053964,上銀元大96購05  ,0,0,0,0,0,0,0,0,0,-10000,0,0,0,95000,105000,-10000,-10000
053959,晶豪科永豐96購02,0,0,0,0,0,0,0,0,0,-10000,0,0,0,0,10000,-10000,-10000
053944,亞泥富邦97購01  ,0,0,0,0,0,0,0,0,0,-10000,0,0,0,0,10000,-10000,-10000
053916,漢唐國票97購04  ,0,0,0,0,0,0,0,0,0,-10000,0,0,0,0,10000,-10000,-10000
053977,新日興元大96購03,0,0,0,0,0,0,0,0,0,-10000,0,0,0,0,10000,-10000,-10000
053989,奇力新兆豐97購01,0,0,0,0,0,0,0,0,0,-10000,0,0,0,0,10000,-10000,-10000
054122,康友永豐96購01  ,0,0,0,0,0,0,0,0,0,-10000,0,0,0,20000,30000,-10000,-10000
054162,光罩凱基98購01  ,0,0,0,0,0,0,0,0,0,-10000,0,0,0,0,10000,-10000,-10000
054152,漢唐國泰98購02  ,0,0,0,0,0,0,0,0,0,-10000,0,0,0,5000,15000,-10000,-10000
054191,香港2X中信98購01,0,0,0,0,0,0,0,0,0,-10000,0,0,0,0,10000,-10000,-10000
052991,台積電台新96購01,0,0,0,0,0,0,0,0,0,-10000,0,0,0,0,10000,-10000,-10000
053061,GIS富邦97購01   ,0,0,0,0,0,0,0,0,0,-10000,0,0,0,0,10000,-10000,-10000
053053,京元電國票97購02,0,0,0,0,0,0,0,0,0,-10000,0,0,0,0,10000,-10000,-10000
053089,貿聯元大97購02  ,0,0,0,0,0,0,0,0,0,-10000,0,0,0,0,10000,-10000,-10000
053094,聯電統一97購02  ,0,0,0,0,0,0,0,0,0,-10000,0,0,0,50000,60000,-10000,-10000
053101,創意元富96購03  ,0,0,0,0,0,0,0,0,0,-10000,0,0,0,10000,20000,-10000,-10000
05310P,智原永豐95售04  ,0,0,0,0,0,0,0,0,0,-10000,0,0,0,2000,12000,-10000,-10000
053123,京元電凱基96購01,0,0,0,0,0,0,0,0,0,-10000,0,0,0,0,10000,-10000,-10000
052846,智邦統一97購01  ,0,0,0,0,0,0,0,0,0,-10000,0,0,0,0,10000,-10000,-10000
052870,玉晶光凱基96購03,0,0,0,0,0,0,0,0,0,-10000,0,0,0,129000,139000,-10000,-10000
052881,康控凱基97購01  ,0,0,0,0,0,0,0,0,0,-10000,0,0,0,0,10000,-10000,-10000
052938,華新科兆豐96購01,0,0,0,0,0,0,0,0,0,-10000,0,0,0,0,10000,-10000,-10000
052947,晶技國票97購01  ,0,0,0,0,0,0,0,0,0,-10000,0,0,0,0,10000,-10000,-10000
052899,和大國票97購01  ,0,0,0,0,0,0,0,0,0,-10000,0,0,0,10000,20000,-10000,-10000
053450,同欣電凱基96購02,0,0,0,0,0,0,0,0,0,-10000,0,0,0,6000,16000,-10000,-10000
053460,緯穎國泰97購01  ,0,0,0,0,0,0,0,0,0,-10000,0,0,0,0,10000,-10000,-10000
053462,元油反富邦97購02,0,0,0,0,0,0,0,0,0,-10000,0,0,0,0,10000,-10000,-10000
053484,國巨國票97購03  ,0,0,0,0,0,0,0,0,0,-10000,0,0,0,0,10000,-10000,-10000
053485,矽創國票97購04  ,0,0,0,0,0,0,0,0,0,-10000,0,0,0,0,10000,-10000,-10000
053508,元油反群益9A購01,0,0,0,0,0,0,0,0,0,-10000,0,0,0,0,10000,-10000,-10000
053252,華邦電國泰98購01,0,0,0,0,0,0,0,0,0,-10000,0,0,0,11000,21000,-10000,-10000
05324P,臺股指凱基95售08,0,0,0,0,0,0,0,0,0,-10000,0,0,0,0,10000,-10000,-10000
2482,連宇            ,0,4000,-4000,0,0,0,0,0,0,-6000,1000,7000,-6000,0,0,0,-10000
1529,樂士            ,0,10000,-10000,0,0,0,0,0,0,0,1000,1000,0,0,0,0,-10000
1463,強盛            ,1000,10000,-9000,0,0,0,0,0,0,-1000,0,1000,-1000,0,0,0,-10000
2062,橋椿            ,2000,11000,-9000,0,0,0,0,0,0,-1000,0,1000,-1000,0,0,0,-10000
2069,運錩            ,1000,11000,-10000,0,0,0,0,0,0,0,0,0,0,0,0,0,-10000
2028,威致            ,0,10000,-10000,0,0,0,0,0,0,0,0,0,0,0,0,0,-10000
06037P,超眾國票98售02  ,0,0,0,0,0,0,0,0,0,-10000,0,0,0,0,10000,-10000,-10000
05982P,漢唐國票96售03  ,0,0,0,0,0,0,0,0,0,-10000,0,0,0,0,10000,-10000,-10000
06261P,上銀凱基97售03  ,0,0,0,0,0,0,0,0,0,-10000,0,0,0,0,10000,-10000,-10000
06217P,鴻海元富97售05  ,0,0,0,0,0,0,0,0,0,-10000,0,0,0,20000,30000,-10000,-10000
057905,臺股指永豐98購06,0,0,0,0,0,0,0,0,0,-10000,0,0,0,0,10000,-10000,-10000
058090,聯發科元大98購16,0,0,0,0,0,0,0,0,0,-10000,0,0,0,227000,237000,-10000,-10000
05956P,漢唐國票96售02  ,0,0,0,0,0,0,0,0,0,-10000,0,0,0,0,10000,-10000,-10000
05945P,聯詠中信96售01  ,0,0,0,0,0,0,0,0,0,-10000,0,0,0,8000,18000,-10000,-10000
05939P,聯發科凱基96售20,0,0,0,0,0,0,0,0,0,-10000,0,0,0,0,10000,-10000,-10000
06798P,臺股指凱基98售08,0,0,0,0,0,0,0,0,0,-10000,0,0,0,0,10000,-10000,-10000
1108,幸福            ,1000,11000,-10000,0,0,0,0,0,0,0,0,0,0,0,0,0,-10000
06921P,台光電凱基98售06,0,0,0,0,0,0,0,0,0,-10000,0,0,0,0,10000,-10000,-10000
06928P,鴻海元大99售10  ,0,0,0,0,0,0,0,0,0,-10000,0,0,0,0,10000,-10000,-10000
06932P,大立光元大98售21,0,0,0,0,0,0,0,0,0,-10000,0,0,0,0,10000,-10000,-10000
06858P,道瓊指中信9B售01,0,0,0,0,0,0,0,0,0,-10000,0,0,0,10000,20000,-10000,-10000
06865P,亞德客元大98售04,0,0,0,0,0,0,0,0,0,-10000,0,0,0,0,10000,-10000,-10000
06817P,臺股指元富98售06,0,0,0,0,0,0,0,0,0,-10000,0,0,0,0,10000,-10000,-10000
06910P,元油2X元大98售23,0,0,0,0,0,0,0,0,0,-10000,0,0,0,360000,370000,-10000,-10000
06882P,聯發科群益98售07,0,0,0,0,0,0,0,0,0,-10000,0,0,0,61000,71000,-10000,-10000
06432P,上銀群益98售01  ,0,0,0,0,0,0,0,0,0,-10000,0,0,0,10000,20000,-10000,-10000
06552P,茂林元大99售02  ,0,0,0,0,0,0,0,0,0,-10000,0,0,0,1000,11000,-10000,-10000
055928,南亞科群益97購02,0,0,0,0,0,0,0,0,0,-11000,0,0,0,0,11000,-11000,-11000
055617,TPK國票98購04   ,0,0,0,0,0,0,0,0,0,-11000,0,0,0,38000,49000,-11000,-11000
055531,華新科群益98購03,0,0,0,0,0,0,0,0,0,-11000,0,0,0,0,11000,-11000,-11000
056088,台郡統一97購02  ,0,0,0,0,0,0,0,0,0,-11000,0,0,0,5000,16000,-11000,-11000
057603,樺漢群益98購02  ,0,0,0,0,0,0,0,0,0,-11000,0,0,0,0,11000,-11000,-11000
057696,聯電群益9A購01  ,0,0,0,0,0,0,0,0,0,-11000,0,0,0,0,11000,-11000,-11000
057814,聯發科元大98購12,0,0,0,0,0,0,0,0,0,-11000,0,0,0,278000,289000,-11000,-11000
057770,亞德客群益98購01,0,0,0,0,0,0,0,0,0,-11000,0,0,0,0,11000,-11000,-11000
057541,台灣50康和9A購04,0,0,0,0,0,0,0,0,0,-11000,0,0,0,30000,41000,-11000,-11000
057566,欣興富邦99購01  ,0,0,0,0,0,0,0,0,0,-11000,0,0,0,15000,26000,-11000,-11000
05747P,漢唐群益96售03  ,0,0,0,0,0,0,0,0,0,-11000,0,0,0,0,11000,-11000,-11000
056799,群創麥證98購01  ,0,0,0,0,11000,-11000,0,0,0,-11000,0,0,0,0,11000,-11000,-11000
056823,智伸科永豐98購01,0,0,0,0,0,0,0,0,0,-11000,0,0,0,25000,36000,-11000,-11000
056867,華通麥證98購01  ,0,0,0,10000,21000,-11000,0,0,0,-11000,0,0,0,10000,21000,-11000,-11000
057219,群創群益98購10  ,0,0,0,0,0,0,0,0,0,-11000,0,0,0,0,11000,-11000,-11000
04537P,新光金統一94售01,0,0,0,0,0,0,0,0,0,-11000,0,0,0,1000,12000,-11000,-11000
045401,大立光兆豐93購01,0,0,0,0,0,0,0,0,0,-11000,0,0,0,30000,41000,-11000,-11000
04360P,易華電永豐94售01,0,0,0,0,0,0,0,0,0,-11000,0,0,0,0,11000,-11000,-11000
03595P,聯發科凱基02售11,0,0,0,0,0,0,0,0,0,-11000,0,0,0,0,11000,-11000,-11000
045101,玉晶光中信94購01,0,0,0,0,0,0,0,0,0,-11000,0,0,0,121000,132000,-11000,-11000
04621P,楠梓電統一94售02,0,0,0,0,0,0,0,0,0,-11000,0,0,0,12000,23000,-11000,-11000
04624P,台積電元大94售14,0,0,0,0,0,0,0,0,0,-11000,0,0,0,160000,171000,-11000,-11000
043961,道瓊反國泰94購01,0,0,0,0,0,0,0,0,0,-11000,0,0,0,10000,21000,-11000,-11000
04418P,燿華永豐94售01  ,0,0,0,0,0,0,0,0,0,-11000,0,0,0,0,11000,-11000,-11000
046492,旺宏富邦94購02  ,0,0,0,0,0,0,0,0,0,-11000,0,0,0,0,11000,-11000,-11000
047336,臺股指元大93購31,0,0,0,0,0,0,0,0,0,-11000,0,0,0,0,11000,-11000,-11000
047652,滬深2X兆豐94購03,0,0,0,0,0,0,0,0,0,-11000,0,0,0,0,11000,-11000,-11000
048909,聯詠富邦94購01  ,0,0,0,0,0,0,0,0,0,-11000,0,0,0,0,11000,-11000,-11000
048883,玉晶光統一94購01,0,0,0,0,0,0,0,0,0,-11000,0,0,0,0,11000,-11000,-11000
048028,聯發科凱基93購25,0,0,0,0,0,0,0,0,0,-11000,0,0,0,10000,21000,-11000,-11000
048205,臺股指元大93購39,0,0,0,0,0,0,0,0,0,-11000,0,0,0,4000,15000,-11000,-11000
052296,TPK國票96購01   ,0,0,0,0,0,0,0,0,0,-11000,0,0,0,1747000,1758000,-11000,-11000
05077P,智易群益95售02  ,0,0,0,0,0,0,0,0,0,-11000,0,0,0,0,11000,-11000,-11000
051907,台積電元大97購05,0,0,0,0,0,0,0,0,0,-11000,0,0,0,64000,75000,-11000,-11000
049119,元油2X元富94購04,0,0,0,0,0,0,0,0,0,-11000,0,0,0,24000,35000,-11000,-11000
049298,矽格群益95購01  ,0,0,0,0,0,0,0,0,0,-11000,0,0,0,0,11000,-11000,-11000
049734,瑞昱群益94購02  ,0,0,0,0,0,0,0,0,0,-11000,0,0,0,0,11000,-11000,-11000
050250,台郡凱基94購03  ,0,0,0,0,0,0,0,0,0,-11000,0,0,0,0,11000,-11000,-11000
052185,奇力新群益95購03,0,0,0,0,0,0,0,0,0,-11000,0,0,0,10000,21000,-11000,-11000
052948,景碩國票97購02  ,0,0,0,0,0,0,0,0,0,-11000,0,0,0,21000,32000,-11000,-11000
05419P,矽力永豐95售02  ,0,0,0,0,0,0,0,0,0,-11000,0,0,0,10000,21000,-11000,-11000
054064,台郡國票97購04  ,0,0,0,0,0,0,0,0,0,-11000,0,0,0,0,11000,-11000,-11000
055447,華新科統一97購04,0,0,0,0,0,0,0,0,0,-11000,0,0,0,18000,29000,-11000,-11000
055305,旺宏群益99購01  ,0,0,0,0,0,0,0,0,0,-11000,0,0,0,0,11000,-11000,-11000
055129,鈺齊兆豐97購01  ,0,0,0,0,0,0,0,0,0,-11000,0,0,0,14000,25000,-11000,-11000
054826,復盛元大9A購01  ,0,0,0,0,0,0,0,0,0,-11000,0,0,0,20000,31000,-11000,-11000
054236,貿聯群益96購01  ,0,0,0,0,0,0,0,0,0,-11000,0,0,0,20000,31000,-11000,-11000
06575P,大立光永昌99售02,0,0,0,0,0,0,0,0,0,-11000,0,0,0,0,11000,-11000,-11000
06522P,元油2X群益9B售03,0,0,0,0,0,0,0,0,0,-11000,0,0,0,1898000,1909000,-11000,-11000
06824P,台灣50國票99售02,0,0,0,0,0,0,0,0,0,-11000,0,0,0,65000,76000,-11000,-11000
06842P,臺股指統一9A售03,0,0,0,0,0,0,0,0,0,-11000,0,0,0,0,11000,-11000,-11000
05927P,正文永豐96售03  ,0,0,0,0,0,0,0,0,0,-11000,0,0,0,0,11000,-11000,-11000
058099,鴻海國泰9A購02  ,0,0,0,0,0,0,0,0,0,-11000,0,0,0,0,11000,-11000,-11000
05851P,力山群益97售01  ,0,0,0,0,0,0,0,0,0,-11000,0,0,0,26000,37000,-11000,-11000
058010,帆宣國票98購01  ,0,0,0,0,0,0,0,0,0,-11000,0,0,0,0,11000,-11000,-11000
058029,台灣50永豐9A購01,0,0,0,0,0,0,0,0,0,-11000,0,0,0,0,11000,-11000,-11000
058043,鴻海元大98購13  ,0,0,0,0,0,0,0,0,0,-11000,0,0,0,52000,63000,-11000,-11000
06032P,健策群益97售03  ,0,0,0,0,0,0,0,0,0,-11000,0,0,0,0,11000,-11000,-11000
06005P,晶豪科永豐96售04,0,0,0,0,0,0,0,0,0,-11000,0,0,0,24000,35000,-11000,-11000
1473,台南            ,51000,61000,-10000,0,0,0,0,0,0,-1000,0,1000,-1000,0,0,0,-11000
1323,永裕            ,2000,12000,-10000,0,0,0,0,0,0,-1000,0,1000,-1000,0,0,0,-11000
1526,日馳            ,16000,27000,-11000,0,0,0,0,0,0,0,0,0,0,0,0,0,-11000
1516,川飛            ,9000,20000,-11000,0,0,0,0,0,0,0,0,0,0,0,0,0,-11000
2701,萬企            ,0,11000,-11000,0,0,0,0,0,0,0,0,0,0,0,0,0,-11000
6605,帝寶            ,0,11000,-11000,0,0,0,0,0,0,0,0,0,0,0,0,0,-11000
8411,福貞-KY         ,0,11000,-11000,0,0,0,0,0,0,0,2000,2000,0,0,0,0,-11000
4572,駐龍            ,3000,14000,-11000,0,0,0,0,0,0,0,0,0,0,0,0,0,-11000
6674,鋐寶科技        ,0,8000,-8000,0,0,0,0,0,0,-3297,3000,6297,-3297,0,0,0,-11297
05726P,易華電永豐96售02,0,0,0,0,0,0,0,0,0,-12000,0,0,0,0,12000,-12000,-12000
057093,臻鼎元富98購02  ,0,0,0,0,0,0,0,0,0,-12000,0,0,0,51000,63000,-12000,-12000
056846,晶相光元富98購01,0,0,0,0,0,0,0,0,0,-12000,0,0,0,70000,82000,-12000,-12000
056778,元石油群益9B購01,0,0,0,0,0,0,0,0,0,-12000,0,0,0,78000,90000,-12000,-12000
056525,T50反1凱基99購06,0,0,0,0,0,0,0,0,0,-12000,0,0,0,84000,96000,-12000,-12000
055591,全新元大98購01  ,0,0,0,0,0,0,0,0,0,-12000,0,0,0,9000,21000,-12000,-12000
055911,可成凱基98購02  ,0,0,0,0,0,0,0,0,0,-12000,0,0,0,5000,17000,-12000,-12000
055949,亞德客元大97購04,0,0,0,0,0,0,0,0,0,-12000,0,0,0,50000,62000,-12000,-12000
048206,臺股指元大93購40,0,0,0,0,0,0,0,0,0,-12000,0,0,0,0,12000,-12000,-12000
048190,道瓊反元大96購02,0,0,0,0,0,0,0,0,0,-12000,0,0,0,3000,15000,-12000,-12000
04783P,貿聯元富94售01  ,0,0,0,0,0,0,0,0,0,-12000,0,0,0,2000,14000,-12000,-12000
047773,超眾元大96購01  ,0,0,0,0,0,0,0,0,0,-12000,0,0,0,146000,158000,-12000,-12000
044249,T50反1中信94購01,0,0,0,0,0,0,0,0,0,-12000,0,0,0,0,12000,-12000,-12000
036805,國巨元富93購02  ,0,0,0,0,0,0,0,0,0,-12000,0,0,0,11000,23000,-12000,-12000
04555P,元油2X群益95售01,0,0,0,0,0,0,0,0,0,-12000,0,0,0,4280000,4292000,-12000,-12000
042388,大立光永昌93購02,0,0,0,0,0,0,0,0,0,-12000,0,0,0,32000,44000,-12000,-12000
03085P,台積電元大01售34,0,0,0,0,0,0,0,0,0,-12000,0,0,0,0,12000,-12000,-12000
050234,國巨凱基94購10  ,0,0,0,0,0,0,0,0,0,-12000,0,0,0,27000,39000,-12000,-12000
049588,聯發科元大94購06,0,0,0,0,0,0,0,0,0,-12000,0,0,0,6000,18000,-12000,-12000
051145,台積電凱基95購05,0,0,0,0,0,0,0,0,0,-12000,0,0,0,68000,80000,-12000,-12000
051242,台積電元大96購06,0,0,0,0,0,0,0,0,0,-12000,0,0,0,92000,104000,-12000,-12000
052616,鴻海國泰98購02  ,0,0,0,0,0,0,0,0,0,-12000,0,0,0,20000,32000,-12000,-12000
052604,建準元大97購01  ,0,0,0,0,0,0,0,0,0,-12000,0,0,0,16000,28000,-12000,-12000
054238,聯茂群益96購04  ,0,0,0,0,0,0,0,0,0,-12000,0,0,0,21000,33000,-12000,-12000
054333,茂林永豐96購03  ,0,0,0,0,0,0,0,0,0,-12000,0,0,0,56000,68000,-12000,-12000
054468,台郡凱基98購01  ,0,0,0,0,0,0,0,0,0,-12000,0,0,0,1000,13000,-12000,-12000
054671,國巨國泰98購01  ,0,0,0,0,0,0,0,0,0,-12000,0,0,0,20000,32000,-12000,-12000
054106,元油反凱基9C購01,0,0,0,0,0,0,0,0,0,-12000,0,0,0,5000,17000,-12000,-12000
053891,欣興群益98購01  ,0,0,0,0,0,0,0,0,0,-12000,0,0,0,5000,17000,-12000,-12000
6579,研揚            ,2000,10000,-8000,0,0,0,0,0,0,-4000,1000,5000,-4000,0,0,0,-12000
9917,中保科          ,135000,145000,-10000,0,0,0,2000,0,2000,-4000,0,4000,-4000,0,0,0,-12000
3694,海華            ,21000,38000,-17000,0,0,0,0,0,0,5000,12000,7000,5000,0,0,0,-12000
5288,豐祥-KY         ,9000,19000,-10000,0,0,0,0,0,0,-2000,0,1000,-1000,0,1000,-1000,-12000
2430,燦坤            ,0,16000,-16000,0,0,0,0,0,0,4000,4000,0,4000,0,0,0,-12000
2465,麗臺            ,0,12000,-12000,0,0,0,0,0,0,0,0,0,0,0,0,0,-12000
2460,建通            ,0,10000,-10000,0,0,0,0,0,0,-2000,5000,7000,-2000,0,0,0,-12000
3060,銘異            ,209000,218000,-9000,0,0,0,0,0,0,-3000,0,3000,-3000,0,0,0,-12000
05985P,燿華統一96售03  ,0,0,0,0,0,0,0,0,0,-12000,0,0,0,0,12000,-12000,-12000
06184P,大立光元大97售06,0,0,0,0,0,0,0,0,0,-12000,0,0,0,50000,62000,-12000,-12000
1234,黑松            ,9000,11000,-2000,0,0,0,0,0,0,-10000,0,10000,-10000,0,0,0,-12000
06771P,台灣50中信02售01,0,0,0,0,0,0,0,0,0,-12000,0,0,0,40000,52000,-12000,-12000
06753P,智邦富邦98售03  ,0,0,0,0,0,0,0,0,0,-12000,0,0,0,15000,27000,-12000,-12000
06570P,大立光永豐98售01,0,0,0,0,0,0,0,0,0,-12000,0,0,0,0,12000,-12000,-12000
06547P,大立光元大98售09,0,0,0,0,0,0,0,0,0,-12000,0,0,0,0,12000,-12000,-12000
06623P,立積元大98售04  ,0,0,0,0,0,0,0,0,0,-12000,0,0,0,42000,54000,-12000,-12000
06424P,大成鋼永豐97售01,0,0,0,0,0,0,0,0,0,-12000,0,0,0,0,12000,-12000,-12000
056519,創意國票99購01  ,0,0,0,0,0,0,0,0,0,-13000,0,0,0,15000,28000,-13000,-13000
056482,貿聯元大99購01  ,0,0,0,0,0,0,0,0,0,-13000,0,0,0,187000,200000,-13000,-13000
056293,上銀元大97購10  ,0,0,0,0,0,0,0,0,0,-13000,0,0,0,17000,30000,-13000,-13000
05637P,聯電元大96售04  ,0,0,0,0,0,0,0,0,0,-13000,0,0,0,8000,21000,-13000,-13000
05685P,臺股指元大96售10,0,0,0,0,0,0,0,0,0,-13000,0,0,0,150000,163000,-13000,-13000
057107,華新科群益98購06,0,0,0,0,0,0,0,0,0,-13000,0,0,0,70000,83000,-13000,-13000
057114,台虹群益98購01  ,0,0,0,0,0,0,0,0,0,-13000,0,0,0,34000,47000,-13000,-13000
057014,元油2X凱基9A購05,0,0,0,0,0,0,0,0,0,-13000,0,0,0,10000,23000,-13000,-13000
057180,華新科元大99購08,0,0,0,0,0,0,0,0,0,-13000,0,0,0,61000,74000,-13000,-13000
057334,技嘉國票98購02  ,0,0,0,0,0,0,0,0,0,-13000,0,0,0,0,13000,-13000,-13000
057335,技嘉國票99購01  ,0,0,0,0,0,0,0,0,0,-13000,0,0,0,0,13000,-13000,-13000
057695,S&P反1群益9B購01,0,0,0,0,0,0,0,0,0,-13000,0,0,0,10000,23000,-13000,-13000
03039X,元展36          ,0,0,0,0,0,0,0,0,0,-13000,0,0,0,0,13000,-13000,-13000
03006X,元展06          ,0,0,0,0,0,0,0,0,0,-13000,0,0,0,0,13000,-13000,-13000
03012X,元展12          ,0,0,0,0,0,0,0,0,0,-13000,0,0,0,0,13000,-13000,-13000
00654R,富邦印度反1     ,0,15000,-15000,0,0,0,0,0,0,2000,0,0,0,2000,0,2000,-13000
045443,群創元富98購01  ,0,0,0,0,0,0,0,0,0,-13000,0,0,0,0,13000,-13000,-13000
04358P,TPK永豐94售01   ,0,0,0,0,0,0,0,0,0,-13000,0,0,0,0,13000,-13000,-13000
048153,台積電兆豐94購01,0,0,0,0,0,0,0,0,0,-13000,0,0,0,28000,41000,-13000,-13000
04888P,臺股指凱基95售03,0,0,0,0,0,0,0,0,0,-13000,0,0,0,65000,78000,-13000,-13000
049158,元油2X中信94購03,0,0,0,0,0,0,0,0,0,-13000,0,0,0,0,13000,-13000,-13000
052696,玉晶光麥證97購01,0,0,0,10000,23000,-13000,0,0,0,-13000,0,0,0,10000,23000,-13000,-13000
052378,矽力元大96購01  ,0,0,0,0,0,0,0,0,0,-13000,0,0,0,1000,14000,-13000,-13000
052248,元油反永豐95購01,0,0,0,0,0,0,0,0,0,-13000,0,0,0,0,13000,-13000,-13000
050782,台積電國泰96購03,0,0,0,0,0,0,0,0,0,-13000,0,0,0,22000,35000,-13000,-13000
049782,世紀鋼統一94購01,0,0,0,0,0,0,0,0,0,-13000,0,0,0,0,13000,-13000,-13000
050433,華新科凱基94購11,0,0,0,0,0,0,0,0,0,-13000,0,0,0,5000,18000,-13000,-13000
05053P,新日興群益95售01,0,0,0,0,0,0,0,0,0,-13000,0,0,0,2000,15000,-13000,-13000
053548,旺宏凱基96購04  ,0,0,0,0,0,0,0,0,0,-13000,0,0,0,0,13000,-13000,-13000
053083,中環元大99購01  ,0,0,0,0,0,0,0,0,0,-13000,0,0,0,1000,14000,-13000,-13000
053312,緯穎凱基96購02  ,0,0,0,0,0,0,0,0,0,-13000,0,0,0,2000,15000,-13000,-13000
053412,台達電國票97購02,0,0,0,0,0,0,0,0,0,-13000,0,0,0,3000,16000,-13000,-13000
053407,台積電兆豐96購02,10000,0,10000,0,0,0,0,0,0,-23000,0,0,0,3000,26000,-23000,-13000
054688,兆赫永豐97購01  ,0,0,0,0,0,0,0,0,0,-13000,0,0,0,45000,58000,-13000,-13000
05478P,智伸科國票96售02,0,0,0,0,0,0,0,0,0,-13000,0,0,0,0,13000,-13000,-13000
05526P,茂林群益96售03  ,0,0,0,0,0,0,0,0,0,-13000,0,0,0,1000,14000,-13000,-13000
06557P,台積電兆豐98售02,0,0,0,0,0,0,0,0,0,-13000,0,0,0,0,13000,-13000,-13000
06754P,台積電永豐98售03,0,0,0,0,0,0,0,0,0,-13000,0,0,0,20000,33000,-13000,-13000
06698P,玉晶光國票99售05,0,0,0,0,0,0,0,0,0,-13000,0,0,0,114000,127000,-13000,-13000
06675P,國巨國票99售02  ,0,0,0,0,0,0,0,0,0,-13000,0,0,0,163000,176000,-13000,-13000
3032,偉訓            ,0,13000,-13000,0,0,0,0,0,0,0,0,0,0,0,0,0,-13000
1521,大億            ,0,12000,-12000,0,0,0,0,0,0,-1000,0,1000,-1000,0,0,0,-13000
1533,車王電          ,1000,14000,-13000,0,0,0,0,0,0,0,0,0,0,0,0,0,-13000
1903,士紙            ,1000,13000,-12000,0,0,0,0,0,0,-1000,0,1000,-1000,0,0,0,-13000
1786,科妍            ,6000,22000,-16000,0,0,0,0,0,0,3000,6000,3000,3000,0,0,0,-13000
5706,鳳凰            ,37000,49000,-12000,0,0,0,0,0,0,-1000,0,1000,-1000,0,0,0,-13000
4108,懷特            ,0,14000,-14000,0,0,0,0,0,0,1000,1000,0,1000,0,0,0,-13000
9908,大台北          ,5000,18000,-13000,0,0,0,0,0,0,0,0,0,0,0,0,0,-13000
912000,晨訊科-DR       ,0,13000,-13000,0,0,0,0,0,0,0,0,0,0,0,0,0,-13000
9919,康那香          ,879060,891000,-11940,0,0,0,0,0,0,-2000,1000,3000,-2000,0,0,0,-13940
056437,台積電凱基98購11,0,0,0,0,0,0,0,0,0,-14000,0,0,0,26000,40000,-14000,-14000
05663P,創意元富96售04  ,0,0,0,0,0,0,0,0,0,-14000,0,0,0,15000,29000,-14000,-14000
056542,緯創凱基98購01  ,0,0,0,0,0,0,0,0,0,-14000,0,0,0,95000,109000,-14000,-14000
055559,大立光凱基97購09,0,0,0,0,0,0,0,0,0,-14000,0,0,0,0,14000,-14000,-14000
048767,欣興凱基94購01  ,0,0,0,0,0,0,0,0,0,-14000,0,0,0,6000,20000,-14000,-14000
046791,台郡統一96購01  ,0,0,0,0,0,0,0,0,0,-14000,0,0,0,1000,15000,-14000,-14000
044530,台積電富邦94購01,0,0,0,0,0,0,0,0,0,-14000,0,0,0,10000,24000,-14000,-14000
05144P,美律永豐95售02  ,0,0,0,0,0,0,0,0,0,-14000,0,0,0,0,14000,-14000,-14000
054660,禾伸堂元大97購03,0,0,0,0,0,0,0,0,0,-14000,0,0,0,74000,88000,-14000,-14000
054276,國巨群益96購07  ,0,0,0,0,0,0,0,0,0,-14000,0,0,0,0,14000,-14000,-14000
053466,華通元大98購01  ,0,0,0,0,0,0,0,0,0,-14000,0,0,0,0,14000,-14000,-14000
053686,台積電元大97購08,0,0,0,0,0,0,0,0,0,-14000,0,0,0,41000,55000,-14000,-14000
054058,晶豪科國票98購01,0,0,0,0,0,0,0,0,0,-14000,0,0,0,0,14000,-14000,-14000
8462,柏文            ,56000,69000,-13000,0,0,0,0,0,0,-1000,0,0,0,0,1000,-1000,-14000
6581,鋼聯            ,0,9000,-9000,0,0,0,0,0,0,-5000,0,5000,-5000,0,0,0,-14000
4576,大銀微系統      ,4000,18000,-14000,0,0,0,0,0,0,0,0,0,0,0,0,0,-14000
5203,訊連            ,663000,500000,163000,0,0,0,0,0,0,-177000,84000,40000,44000,5000,226000,-221000,-14000
2923,鼎固-KY         ,0,14000,-14000,0,0,0,0,0,0,0,0,0,0,0,0,0,-14000
2462,良得電          ,1000,12000,-11000,0,0,0,0,0,0,-3000,0,3000,-3000,0,0,0,-14000
2527,宏璟            ,10000,27000,-17000,0,0,0,0,0,0,3000,3000,0,3000,0,0,0,-14000
06662P,玉晶光中信9A售01,0,0,0,0,0,0,0,0,0,-14000,0,0,0,12000,26000,-14000,-14000
06871P,元油2X群益98售04,0,0,0,0,0,0,0,0,0,-14000,0,0,0,2105000,2119000,-14000,-14000
06612P,元油2X富邦9B售03,0,0,0,0,0,0,0,0,0,-14000,0,0,0,0,14000,-14000,-14000
06517P,國巨凱基98售09  ,0,0,0,0,0,0,0,0,0,-14000,0,0,0,90000,104000,-14000,-14000
06405P,億光元富97售02  ,0,0,0,0,0,0,0,0,0,-14000,0,0,0,11000,25000,-14000,-14000
06375P,矽力元大97售06  ,0,0,0,0,0,0,0,0,0,-14000,0,0,0,64000,78000,-14000,-14000
06359P,上銀群益97售03  ,0,0,0,0,0,0,0,0,0,-14000,0,0,0,6000,20000,-14000,-14000
06057P,大立光凱基98售01,0,0,0,0,0,0,0,0,0,-14000,0,0,0,16000,30000,-14000,-14000
06092P,嘉聯益統一97售01,0,0,0,0,0,0,0,0,0,-14000,0,0,0,0,14000,-14000,-14000
6415,矽力-KY         ,273000,251053,21947,0,0,0,8000,14000,-6000,-30000,0,19000,-19000,3000,14000,-11000,-14053
055640,鴻海元富97購03  ,0,0,0,0,0,0,0,0,0,-15000,0,0,0,0,15000,-15000,-15000
055649,華新科元富97購03,0,0,0,0,0,0,0,0,0,-15000,0,0,0,446000,461000,-15000,-15000
055704,亞德客永豐97購04,0,0,0,0,0,0,0,0,0,-15000,0,0,0,5000,20000,-15000,-15000
056050,晶技國票98購01  ,0,0,0,0,0,0,0,0,0,-15000,0,0,0,60000,75000,-15000,-15000
055830,上銀元大97購07  ,0,0,0,0,0,0,0,0,0,-15000,0,0,0,42000,57000,-15000,-15000
05659P,A50正2中信97售01,0,0,0,0,0,0,0,0,0,-15000,0,0,0,0,15000,-15000,-15000
056645,大立光凱基98購12,0,0,0,0,0,0,0,0,0,-15000,0,0,0,0,15000,-15000,-15000
056474,華新科元大99購05,0,0,0,0,0,0,0,0,0,-15000,0,0,0,15000,30000,-15000,-15000
056470,旺宏元大99購01  ,0,0,0,0,0,0,0,0,0,-15000,0,0,0,0,15000,-15000,-15000
056296,旺宏元大97購07  ,0,0,0,0,0,0,0,0,0,-15000,0,0,0,41000,56000,-15000,-15000
056301,開發金元大9A購01,0,0,0,0,0,0,0,0,0,-15000,0,0,0,0,15000,-15000,-15000
056087,世芯統一97購01  ,0,0,0,0,0,0,0,0,0,-15000,0,0,0,405000,420000,-15000,-15000
056207,茂林永豐97購03  ,0,0,0,0,0,0,0,0,0,-15000,0,0,0,0,15000,-15000,-15000
057796,鴻海兆豐99購03  ,0,0,0,0,0,0,0,0,0,-15000,0,0,0,0,15000,-15000,-15000
057445,華通元富02購01  ,0,0,0,0,0,0,0,0,0,-15000,0,0,0,0,15000,-15000,-15000
057146,技嘉國票98購01  ,0,0,0,0,0,0,0,0,0,-15000,0,0,0,61000,76000,-15000,-15000
057148,玉晶光國票99購04,0,0,0,0,0,0,0,0,0,-15000,0,0,0,10000,25000,-15000,-15000
056868,奇力新麥證98購01,0,0,0,20000,35000,-15000,0,0,0,-15000,0,0,0,20000,35000,-15000,-15000
05683P,矽創元大96售01  ,0,0,0,0,0,0,0,0,0,-15000,0,0,0,137000,152000,-15000,-15000
056833,和大元富9B購01  ,0,0,0,0,0,0,0,0,0,-15000,0,0,0,55000,70000,-15000,-15000
05673P,台積電群益96售05,0,0,0,0,0,0,0,0,0,-15000,0,0,0,10000,25000,-15000,-15000
056700,華新科國泰99購03,0,0,0,0,0,0,0,0,0,-15000,0,0,0,10000,25000,-15000,-15000
045736,台積電群益94購01,0,0,0,0,0,0,0,0,0,-15000,0,0,0,5000,20000,-15000,-15000
048291,台積電群益93購09,0,0,0,0,0,0,0,0,0,-15000,0,0,0,0,15000,-15000,-15000
04371P,臺股指凱基94售01,0,0,0,0,0,0,0,0,0,-15000,0,0,0,0,15000,-15000,-15000
03564P,為升群益02售02  ,0,0,0,0,0,0,0,0,0,-15000,0,0,0,0,15000,-15000,-15000
04083P,欣興統一94售01  ,0,0,0,0,0,0,0,0,0,-15000,0,0,0,5000,20000,-15000,-15000
046538,大立光群益93購06,0,0,0,0,0,0,0,0,0,-15000,0,0,0,10000,25000,-15000,-15000
04838P,宏達電元大95售02,0,0,0,0,0,0,0,0,0,-15000,0,0,0,0,15000,-15000,-15000
047880,聯發科國泰94購03,0,0,0,0,0,0,0,0,0,-15000,0,0,0,25000,40000,-15000,-15000
047596,元油反元富97購01,0,0,0,0,0,0,0,0,0,-15000,0,0,0,10000,25000,-15000,-15000
048119,臺指反元大96購03,0,0,0,0,0,0,0,0,0,-15000,0,0,0,0,15000,-15000,-15000
049189,訊芯康和94購01  ,0,0,0,0,0,0,0,0,0,-15000,0,0,0,0,15000,-15000,-15000
050288,台積電凱基94購32,0,0,0,0,0,0,0,0,0,-15000,0,0,0,0,15000,-15000,-15000
051387,新光金麥證96購01,0,0,0,0,15000,-15000,0,0,0,-15000,0,0,0,0,15000,-15000,-15000
052318,友達元大98購01  ,0,0,0,0,0,0,0,0,0,-15000,0,0,0,0,15000,-15000,-15000
051137,聯詠永豐95購01  ,0,0,0,0,0,0,0,0,0,-15000,0,0,0,10000,25000,-15000,-15000
052259,深100富邦95購01 ,0,0,0,0,0,0,0,0,0,-15000,0,0,0,70000,85000,-15000,-15000
052780,玉晶光國票96購04,0,0,0,0,0,0,0,0,0,-15000,0,0,0,0,15000,-15000,-15000
052790,智邦兆豐97購01  ,0,0,0,0,0,0,0,0,0,-15000,0,0,0,15000,30000,-15000,-15000
052676,聯發科永昌98購01,0,0,0,0,0,0,0,0,0,-15000,0,0,0,510000,525000,-15000,-15000
049493,可成元大94購05  ,0,0,0,0,0,0,0,0,0,-15000,0,0,0,252000,267000,-15000,-15000
050397,力成元富94購01  ,0,0,0,0,0,0,0,0,0,-15000,0,0,0,85000,100000,-15000,-15000
050676,道瓊銀統一96購02,0,0,0,0,0,0,0,0,0,-15000,0,0,0,0,15000,-15000,-15000
050665,南電台新94購01  ,0,0,0,0,0,0,0,0,0,-15000,0,0,0,0,15000,-15000,-15000
05050P,華通群益96售02  ,0,0,0,0,0,0,0,0,0,-15000,0,0,0,55000,70000,-15000,-15000
050496,鴻海富邦96購01  ,0,0,0,0,0,0,0,0,0,-15000,0,0,0,0,15000,-15000,-15000
050907,臺股指元大95購14,0,0,0,0,0,0,0,0,0,-15000,0,0,0,0,15000,-15000,-15000
049137,華通元大95購02  ,0,0,0,0,0,0,0,0,0,-15000,0,0,0,17000,32000,-15000,-15000
051787,燿華國票96購02  ,0,0,0,0,0,0,0,0,0,-15000,0,0,0,0,15000,-15000,-15000
053652,友達凱基98購04  ,0,0,0,0,0,0,0,0,0,-15000,0,0,0,0,15000,-15000,-15000
053523,T50反1中信9A購01,0,0,0,0,0,0,0,0,0,-15000,0,0,0,50000,65000,-15000,-15000
053573,臺股指統一99購01,0,0,0,0,0,0,0,0,0,-15000,0,0,0,0,15000,-15000,-15000
053843,訊芯統一96購01  ,0,0,0,0,0,0,0,0,0,-15000,0,0,0,0,15000,-15000,-15000
053493,智邦兆豐97購02  ,0,0,0,0,0,0,0,0,0,-15000,0,0,0,0,15000,-15000,-15000
053204,旺宏麥證96購01  ,0,0,0,0,15000,-15000,0,0,0,-15000,0,0,0,0,15000,-15000,-15000
054723,鴻海日盛97購01  ,0,0,0,0,0,0,0,0,0,-15000,0,0,0,55000,70000,-15000,-15000
054729,聯發科日盛97購02,0,0,0,0,0,0,0,0,0,-15000,0,0,0,0,15000,-15000,-15000
055327,致新國票98購01  ,0,0,0,0,0,0,0,0,0,-15000,0,0,0,0,15000,-15000,-15000
055389,國巨統一98購02  ,0,0,0,0,0,0,0,0,0,-15000,0,0,0,33000,48000,-15000,-15000
1413,宏洲            ,0,15000,-15000,0,0,0,0,0,0,0,0,0,0,0,0,0,-15000
06128P,玉晶光元富97售05,0,0,0,0,0,0,0,0,0,-15000,0,0,0,6000,21000,-15000,-15000
06224P,可成元富97售02  ,0,0,0,0,0,0,0,0,0,-15000,0,0,0,0,15000,-15000,-15000
06244P,智易元富97售02  ,0,0,0,0,0,0,0,0,0,-15000,0,0,0,0,15000,-15000,-15000
057994,技嘉中信98購01  ,0,0,0,0,0,0,0,0,0,-15000,0,0,0,0,15000,-15000,-15000
057922,華新科凱基99購01,0,0,0,0,0,0,0,0,0,-15000,0,0,0,10000,25000,-15000,-15000
06345P,臺股指統一9A售01,0,0,0,0,0,0,0,0,0,-15000,0,0,0,0,15000,-15000,-15000
06403P,鴻海元富97售15  ,0,0,0,0,0,0,0,0,0,-15000,0,0,0,15000,30000,-15000,-15000
06709P,臺股指台新99售06,0,0,0,0,0,0,0,0,0,-15000,0,0,0,0,15000,-15000,-15000
06764P,聯發科元大98售11,0,0,0,0,0,0,0,0,0,-15000,0,0,0,41000,56000,-15000,-15000
056969,智易永豐98購01  ,0,0,0,0,0,0,0,0,0,-16000,0,0,0,50000,66000,-16000,-16000
05697P,友達凱基96售01  ,0,0,0,0,0,0,0,0,0,-16000,0,0,0,12000,28000,-16000,-16000
057268,臻鼎兆豐99購01  ,0,0,0,0,0,0,0,0,0,-16000,0,0,0,0,16000,-16000,-16000
05746P,台積電群益96售07,0,0,0,0,0,0,0,0,0,-16000,0,0,0,17000,33000,-16000,-16000
057623,友訊國泰99購01  ,0,0,0,0,0,0,0,0,0,-16000,0,0,0,60000,76000,-16000,-16000
056529,中環凱基98購01  ,0,0,0,0,0,0,0,0,0,-16000,0,0,0,1000,17000,-16000,-16000
056635,亞德客日盛99購01,0,0,0,0,0,0,0,0,0,-16000,0,0,0,7000,23000,-16000,-16000
055705,微星永豐97購01  ,0,0,0,0,0,0,0,0,0,-16000,0,0,0,1000,17000,-16000,-16000
05565P,鎧勝元大96售01  ,0,0,0,0,0,0,0,0,0,-16000,0,0,0,0,16000,-16000,-16000
04805P,創意元富94售01  ,0,0,0,0,0,0,0,0,0,-16000,0,0,0,10000,26000,-16000,-16000
04815P,致伸元大94售04  ,0,0,0,0,0,0,0,0,0,-16000,0,0,0,1000,17000,-16000,-16000
048900,精成科國泰95購01,0,0,0,0,0,0,0,0,0,-16000,0,0,0,0,16000,-16000,-16000
04793P,台光電元大94售07,0,0,0,0,0,0,0,0,0,-16000,0,0,0,0,16000,-16000,-16000
047137,健策凱基94購01  ,0,0,0,0,0,0,0,0,0,-16000,0,0,0,0,16000,-16000,-16000
051829,玉晶光元大98購02,0,0,0,0,0,0,0,0,0,-16000,0,0,0,35000,51000,-16000,-16000
049231,鴻海富邦95購02  ,0,0,0,0,0,0,0,0,0,-16000,0,0,0,0,16000,-16000,-16000
049491,聯發科元大95購01,0,0,0,0,0,0,0,0,0,-16000,0,0,0,451000,467000,-16000,-16000
055355,大立光凱基97購05,0,0,0,0,0,0,0,0,0,-16000,0,0,0,5000,21000,-16000,-16000
054761,台光電國票98購02,0,0,0,0,0,0,0,0,0,-16000,0,0,0,52000,68000,-16000,-16000
053268,日月光群益96購01,0,0,0,0,0,0,0,0,0,-16000,0,0,0,14000,30000,-16000,-16000
053521,緯穎群益96購02  ,0,0,0,0,0,0,0,0,0,-16000,0,0,0,64000,80000,-16000,-16000
06939P,國巨永豐98售09  ,0,0,0,0,0,0,0,0,0,-16000,0,0,0,0,16000,-16000,-16000
06373P,聯發科元大97售22,0,0,0,0,0,0,0,0,0,-16000,0,0,0,45000,61000,-16000,-16000
06305P,臺股指元大97售11,0,0,0,0,0,0,0,0,0,-16000,0,0,0,18000,34000,-16000,-16000
06521P,矽力元大98售01  ,0,0,0,0,0,0,0,0,0,-16000,0,0,0,26000,42000,-16000,-16000
057979,華新科永豐98購03,0,0,0,0,0,0,0,0,0,-16000,0,0,0,0,16000,-16000,-16000
06228P,亞德客凱基97售04,0,0,0,0,0,0,0,0,0,-16000,0,0,0,52000,68000,-16000,-16000
06000P,GIS元大96售04   ,0,0,0,0,0,0,0,0,0,-16000,0,0,0,0,16000,-16000,-16000
1618,合機            ,1000,10000,-9000,0,0,0,0,0,0,-7000,2000,9000,-7000,0,0,0,-16000
1709,和益            ,35000,48000,-13000,0,0,0,0,0,0,-3000,0,3000,-3000,0,0,0,-16000
2228,劍麟            ,66000,84000,-18000,0,0,0,0,0,0,2000,0,0,0,2000,0,2000,-16000
4438,廣越            ,28000,25000,3000,0,0,0,0,19000,-19000,0,1000,1000,0,0,0,0,-16000
055556,奇力新凱基98購03,0,0,0,0,0,0,0,0,0,-17000,0,0,0,323000,340000,-17000,-17000
056414,國巨中信98購02  ,0,0,0,0,0,0,0,0,0,-17000,0,0,0,9000,26000,-17000,-17000
056267,文曄統一97購02  ,0,0,0,0,0,0,0,0,0,-17000,0,0,0,170000,187000,-17000,-17000
057217,奇力新群益99購01,0,0,0,0,0,0,0,0,0,-17000,0,0,0,61000,78000,-17000,-17000
046345,世紀鋼國票93購01,0,0,0,0,0,0,0,0,0,-17000,0,0,0,23000,40000,-17000,-17000
04806P,臻鼎元富94售06  ,0,0,0,0,0,0,0,0,0,-17000,0,0,0,46000,63000,-17000,-17000
04949P,致新元大94售04  ,0,0,0,0,0,0,0,0,0,-17000,0,0,0,28000,45000,-17000,-17000
052745,欣興元大96購04  ,0,0,0,0,0,0,0,0,0,-17000,0,0,0,14000,31000,-17000,-17000
052767,智伸科群益98購01,0,0,0,0,0,0,0,0,0,-17000,0,0,0,81000,98000,-17000,-17000
051255,康控元大96購04  ,0,0,0,0,0,0,0,0,0,-17000,0,0,0,0,17000,-17000,-17000
051560,玉晶光國泰97購03,0,0,0,0,0,0,0,0,0,-17000,0,0,0,219000,236000,-17000,-17000
051688,大立光凱基97購02,0,0,0,0,0,0,0,0,0,-17000,0,0,0,211000,228000,-17000,-17000
049762,華邦電國泰95購01,0,0,0,0,0,0,0,0,0,-17000,0,0,0,96000,113000,-17000,-17000
05070P,鴻海統一96售04  ,0,0,0,0,0,0,0,0,0,-17000,0,0,0,20000,37000,-17000,-17000
053739,A50正2國票9A購01,0,0,0,0,0,0,0,0,0,-17000,0,0,0,28000,45000,-17000,-17000
053474,聯發科元大97購06,0,0,0,0,0,0,0,0,0,-17000,0,0,0,74000,91000,-17000,-17000
052855,群創日盛99購01  ,0,0,0,0,0,0,0,0,0,-17000,0,0,0,5000,22000,-17000,-17000
054617,超眾永豐97購01  ,0,0,0,0,0,0,0,0,0,-17000,0,0,0,10000,27000,-17000,-17000
05459P,聯詠凱基95售03  ,0,0,0,0,0,0,0,0,0,-17000,0,0,0,0,17000,-17000,-17000
055442,矽創國票98購02  ,0,0,0,0,0,0,0,0,0,-17000,0,0,0,0,17000,-17000,-17000
4960,誠美材          ,0,17000,-17000,0,0,0,0,0,0,0,0,0,0,0,0,0,-17000
6277,宏正            ,38000,55000,-17000,0,0,0,0,0,0,0,0,0,0,0,0,0,-17000
2022,聚亨            ,2000,18000,-16000,0,0,0,0,0,0,-1000,0,1000,-1000,0,0,0,-17000
2397,友通            ,2000,9000,-7000,0,0,0,0,0,0,-10000,0,10000,-10000,0,0,0,-17000
06114P,台積電統一97售03,0,0,0,0,0,0,0,0,0,-17000,0,0,0,0,17000,-17000,-17000
06219P,國巨元富97售05  ,0,0,0,0,0,0,0,0,0,-17000,0,0,0,23000,40000,-17000,-17000
05791P,臺股指中信99售06,0,0,0,0,0,0,0,0,0,-17000,0,0,0,10000,27000,-17000,-17000
06597P,國巨富邦9A售05  ,0,0,0,0,0,0,0,0,0,-17000,0,0,0,646000,663000,-17000,-17000
06595P,祥碩元大98售03  ,0,0,0,0,0,0,0,0,0,-17000,0,0,0,6000,23000,-17000,-17000
06697P,台積電國票99售05,0,0,0,0,0,0,0,0,0,-17000,0,0,0,6000,23000,-17000,-17000
06642P,可成兆豐98售01  ,0,0,0,0,0,0,0,0,0,-17000,0,0,0,70000,87000,-17000,-17000
057267,康控兆豐99購01  ,0,0,0,0,0,0,0,0,0,-18000,0,0,0,30000,48000,-18000,-18000
056891,國巨元大99購03  ,0,0,0,0,0,0,0,0,0,-18000,0,0,0,170000,188000,-18000,-18000
056724,臻鼎中信9A購01  ,0,0,0,0,0,0,0,0,0,-18000,0,0,0,78000,96000,-18000,-18000
056815,元油2X永豐98購05,0,0,0,0,0,0,0,0,0,-18000,0,0,0,2000,20000,-18000,-18000
057353,玉晶光統一99購01,0,0,0,0,0,0,0,0,0,-18000,0,0,0,55000,73000,-18000,-18000
056185,全新統一98購01  ,0,0,0,0,0,0,0,0,0,-18000,0,0,0,30000,48000,-18000,-18000
056395,玉晶光永豐9B購01,0,0,0,0,0,0,0,0,0,-18000,0,0,0,102000,120000,-18000,-18000
055781,聯詠凱基98購01  ,0,0,0,0,0,0,0,0,0,-18000,0,0,0,0,18000,-18000,-18000
048803,大立光富邦96購01,0,0,0,0,0,0,0,0,0,-18000,0,0,0,0,18000,-18000,-18000
046947,禾伸堂元大93購01,0,0,0,0,0,0,0,0,0,-18000,0,0,0,0,18000,-18000,-18000
047917,台積電凱基94購01,0,0,0,0,0,0,0,0,0,-18000,0,0,0,0,18000,-18000,-18000
04628P,欣興元大95售01  ,0,0,0,0,0,0,0,0,0,-18000,0,0,0,0,18000,-18000,-18000
05219P,鴻海元大95售17  ,0,0,0,0,0,0,0,0,0,-18000,0,0,0,272000,290000,-18000,-18000
052195,健策元富95購01  ,0,0,0,0,0,0,0,0,0,-18000,0,0,0,0,18000,-18000,-18000
05128P,聯發科中信97售03,0,0,0,0,0,0,0,0,0,-18000,0,0,0,1000,19000,-18000,-18000
052777,燿華國票98購01  ,0,0,0,0,0,0,0,0,0,-18000,0,0,0,20000,38000,-18000,-18000
052420,道瓊反國票9B購01,0,0,0,0,0,0,0,0,0,-18000,0,0,0,14000,32000,-18000,-18000
054428,禾伸堂富邦98購01,0,0,0,0,0,0,0,0,0,-18000,0,0,0,17000,35000,-18000,-18000
053229,南電台新97購01  ,0,0,0,0,0,0,0,0,0,-18000,0,0,0,12000,30000,-18000,-18000
05398P,康控國票96售03  ,0,0,0,0,0,0,0,0,0,-18000,0,0,0,2000,20000,-18000,-18000
053996,晶相光群益97購01,0,0,0,0,0,0,0,0,0,-18000,0,0,0,122000,140000,-18000,-18000
054083,智伸科元富96購01,0,0,0,0,0,0,0,0,0,-18000,0,0,0,10000,28000,-18000,-18000
05409P,京元電元富95售05,0,0,0,0,0,0,0,0,0,-18000,0,0,0,12000,30000,-18000,-18000
06919P,臺股指日盛98售02,0,0,0,0,0,0,0,0,0,-18000,0,0,0,0,18000,-18000,-18000
06834P,訊芯群益99售02  ,0,0,0,0,0,0,0,0,0,-18000,0,0,0,143000,161000,-18000,-18000
058051,同欣電元大98購03,0,0,0,0,0,0,0,0,0,-18000,0,0,0,43000,61000,-18000,-18000
3021,鴻名            ,1000,20000,-19000,0,0,0,0,0,0,1000,1000,0,1000,0,0,0,-18000
3617,碩天            ,31000,47000,-16000,0,0,0,0,0,0,-2000,2000,4000,-2000,0,0,0,-18000
8103,瀚荃            ,0,18000,-18000,0,0,0,0,0,0,0,0,0,0,0,0,0,-18000
4526,東台            ,1000,19000,-18000,0,0,0,0,0,0,0,0,0,0,0,0,0,-18000
6024,群益期          ,13000,31000,-18000,0,0,0,0,0,0,0,0,0,0,0,0,0,-18000
6183,關貿            ,16000,32000,-16000,0,0,0,0,0,0,-2000,0,2000,-2000,0,0,0,-18000
6184,大豐電          ,10000,28000,-18000,0,0,0,0,0,0,0,0,0,0,0,0,0,-18000
055635,緯穎永豐97購01  ,0,0,0,0,0,0,0,0,0,-19000,0,0,0,33000,52000,-19000,-19000
056575,禾伸堂元大99購01,0,0,0,0,0,0,0,0,0,-19000,0,0,0,32000,51000,-19000,-19000
05658P,日月光元富96售02,0,0,0,0,0,0,0,0,0,-19000,0,0,0,32000,51000,-19000,-19000
056537,冠德凱基98購01  ,0,0,0,0,0,0,0,0,0,-19000,0,0,0,31000,50000,-19000,-19000
056299,友達元大9B購04  ,0,0,0,0,0,0,0,0,0,-19000,0,0,0,9000,28000,-19000,-19000
05629P,聯發科永昌99售02,0,0,0,0,0,0,0,0,0,-19000,0,0,0,40000,59000,-19000,-19000
05749P,臺股指群益99售03,0,0,0,0,0,0,0,0,0,-19000,0,0,0,411000,430000,-19000,-19000
057815,信邦元大98購01  ,0,0,0,0,0,0,0,0,0,-19000,0,0,0,0,19000,-19000,-19000
05712P,友達統一97售03  ,0,0,0,0,0,0,0,0,0,-19000,0,0,0,312000,331000,-19000,-19000
04380P,欣興元大94售02  ,0,0,0,0,0,0,0,0,0,-19000,0,0,0,11000,30000,-19000,-19000
047895,台積電群益94購04,0,0,0,0,0,0,0,0,0,-19000,0,0,0,41000,60000,-19000,-19000
047741,鴻海統一93購06  ,0,0,0,0,0,0,0,0,0,-19000,0,0,0,30000,49000,-19000,-19000
04771P,友達元大96售02  ,0,0,0,0,0,0,0,0,0,-19000,0,0,0,101000,120000,-19000,-19000
049537,元石油群益97購01,0,0,0,0,0,0,0,0,0,-19000,0,0,0,0,19000,-19000,-19000
051453,智伸科元大95購02,0,0,0,0,0,0,0,0,0,-19000,0,0,0,1000,20000,-19000,-19000
050632,國巨群益94購07  ,0,0,0,0,0,0,0,0,0,-19000,0,0,0,9000,28000,-19000,-19000
04965P,日月光元大94售02,0,0,0,0,0,0,0,0,0,-19000,0,0,0,32000,51000,-19000,-19000
050117,麗豐元大96購02  ,0,0,0,0,0,0,0,0,0,-19000,0,0,0,1000,20000,-19000,-19000
053926,晶相光國票97購01,0,0,0,0,0,0,0,0,0,-19000,0,0,0,106000,125000,-19000,-19000
052920,景碩台新96購02  ,0,0,0,0,0,0,0,0,0,-19000,0,0,0,41000,60000,-19000,-19000
053085,華新科元大97購04,0,0,0,0,0,0,0,0,0,-19000,0,0,0,0,19000,-19000,-19000
3679,新至陞          ,6000,27000,-21000,0,0,0,0,0,0,2000,3000,1000,2000,0,0,0,-19000
6666,羅麗芬-KY       ,6000,24000,-18000,0,0,0,0,0,0,-1000,2000,0,2000,0,3000,-3000,-19000
9942,茂順            ,3000,20000,-17000,0,0,0,0,0,0,-2000,0,2000,-2000,0,0,0,-19000
3167,大量            ,9000,20000,-11000,0,0,0,0,0,0,-8000,0,8000,-8000,0,0,0,-19000
3025,星通            ,1000,23000,-22000,0,0,0,0,0,0,3000,3000,0,3000,0,0,0,-19000
1340,勝悅-KY         ,2000,21000,-19000,0,0,0,0,0,0,0,0,0,0,0,0,0,-19000
05881P,彩晶康和96售01  ,0,0,0,0,0,0,0,0,0,-19000,0,0,0,0,19000,-19000,-19000
1219,福壽            ,2000,25000,-23000,0,0,0,0,0,0,4000,4000,0,4000,0,0,0,-19000
06647P,台積電元大98售13,0,0,0,0,0,0,0,0,0,-19000,0,0,0,130000,149000,-19000,-19000
06657P,寶成元大98售01  ,0,0,0,0,0,0,0,0,0,-19000,0,0,0,0,19000,-19000,-19000
057218,可成群益99購03  ,0,0,0,0,0,0,0,0,0,-20000,0,0,0,38000,58000,-20000,-20000
057176,全新元大99購02  ,0,0,0,0,0,0,0,0,0,-20000,0,0,0,20000,40000,-20000,-20000
056795,鴻海麥證98購01  ,0,0,0,20000,40000,-20000,0,0,0,-20000,0,0,0,20000,40000,-20000,-20000
056852,矽格元富98購01  ,0,0,0,0,0,0,0,0,0,-20000,0,0,0,10000,30000,-20000,-20000
056935,華新科元富98購02,0,0,0,0,0,0,0,0,0,-20000,0,0,0,10000,30000,-20000,-20000
057773,技嘉群益9A購02  ,0,0,0,0,0,0,0,0,0,-20000,0,0,0,39000,59000,-20000,-20000
057613,瑞昱元富02購02  ,0,0,0,0,0,0,0,0,0,-20000,0,0,0,0,20000,-20000,-20000
057458,TPK富邦9A購01   ,0,0,0,0,0,0,0,0,0,-20000,0,0,0,0,20000,-20000,-20000
057517,矽創元富98購02  ,0,0,0,0,0,0,0,0,0,-20000,0,0,0,0,20000,-20000,-20000
057332,旺宏國票99購03  ,0,0,0,0,0,0,0,0,0,-20000,0,0,0,0,20000,-20000,-20000
05627P,致伸國票97售01  ,0,0,0,0,0,0,0,0,0,-20000,0,0,0,0,20000,-20000,-20000
056203,興富發永豐97購01,0,0,0,0,0,0,0,0,0,-20000,0,0,0,0,20000,-20000,-20000
05619P,創意元富96售02  ,0,0,0,0,0,0,0,0,0,-20000,0,0,0,20000,40000,-20000,-20000
056615,燿華永豐98購02  ,0,0,0,0,0,0,0,0,0,-20000,0,0,0,4000,24000,-20000,-20000
056410,康控國票99購01  ,0,0,0,0,0,0,0,0,0,-20000,0,0,0,46000,66000,-20000,-20000
055737,開發金元富97購01,0,0,0,0,0,0,0,0,0,-20000,0,0,0,0,20000,-20000,-20000
055731,美律元富97購01  ,0,0,0,0,0,0,0,0,0,-20000,0,0,0,10000,30000,-20000,-20000
055548,旺宏凱基97購02  ,0,0,0,0,0,0,0,0,0,-20000,0,0,0,0,20000,-20000,-20000
055611,燿華國票98購02  ,0,0,0,0,0,0,0,0,0,-20000,0,0,0,30000,50000,-20000,-20000
055817,京鼎國票99購01  ,0,0,0,0,0,0,0,0,0,-20000,0,0,0,5000,25000,-20000,-20000
055869,臺股指元大97購08,0,0,0,0,0,0,0,0,0,-20000,0,0,0,0,20000,-20000,-20000
055883,樺漢元富97購01  ,0,0,0,0,0,0,0,0,0,-20000,0,0,0,0,20000,-20000,-20000
056067,智原元大97購01  ,0,0,0,0,0,0,0,0,0,-20000,0,0,0,0,20000,-20000,-20000
05597P,鴻海元富96售06  ,0,0,0,0,0,0,0,0,0,-20000,0,0,0,3000,23000,-20000,-20000
047704,智邦凱基93購06  ,0,0,0,0,0,0,0,0,0,-20000,0,0,0,0,20000,-20000,-20000
047678,景碩台新93購01  ,0,0,0,0,0,0,0,0,0,-20000,0,0,0,0,20000,-20000,-20000
047806,旺宏凱基93購05  ,0,0,0,0,0,0,0,0,0,-20000,0,0,0,0,20000,-20000,-20000
047959,南電永豐93購03  ,0,0,0,0,0,0,0,0,0,-20000,0,0,0,0,20000,-20000,-20000
047983,宏達電群益93購04,0,0,0,0,0,0,0,0,0,-20000,0,0,0,0,20000,-20000,-20000
047987,力成群益93購01  ,0,0,0,0,0,0,0,0,0,-20000,0,0,0,0,20000,-20000,-20000
047580,TPK群益94購01   ,0,0,0,0,0,0,0,0,0,-20000,0,0,0,0,20000,-20000,-20000
047545,智邦凱基93購05  ,0,0,0,0,0,0,0,0,0,-20000,0,0,0,0,20000,-20000,-20000
047049,聯發科國票94購01,0,0,0,0,0,0,0,0,0,-20000,0,0,0,0,20000,-20000,-20000
048534,貿聯國票94購01  ,0,0,0,0,0,0,0,0,0,-20000,0,0,0,0,20000,-20000,-20000
046720,元油2X元大95購08,0,0,0,0,0,0,0,0,0,-20000,0,0,0,0,20000,-20000,-20000
047303,寶滬深元大96購01,0,0,0,0,0,0,0,0,0,-20000,0,0,0,0,20000,-20000,-20000
047480,全新凱基93購01  ,0,0,0,0,0,0,0,0,0,-20000,0,0,0,10000,30000,-20000,-20000
048668,奇力新永豐93購04,0,0,0,0,0,0,0,0,0,-20000,0,0,0,0,20000,-20000,-20000
04817P,創意國票95售02  ,0,0,0,0,0,0,0,0,0,-20000,0,0,0,0,20000,-20000,-20000
04860P,鴻海群益94售07  ,0,0,0,0,0,0,0,0,0,-20000,0,0,0,0,20000,-20000,-20000
050063,聯發科凱基94購09,0,0,0,0,0,0,0,0,0,-20000,0,0,0,0,20000,-20000,-20000
050046,矽力兆豐94購01  ,0,0,0,0,0,0,0,0,0,-20000,0,0,0,0,20000,-20000,-20000
050842,旺宏國票97購01  ,0,0,0,0,0,0,0,0,0,-20000,0,0,0,10000,30000,-20000,-20000
050818,華新科凱基95購02,0,0,0,0,0,0,0,0,0,-20000,0,0,0,0,20000,-20000,-20000
051471,國巨凱基97購01  ,0,0,0,0,0,0,0,0,0,-20000,0,0,0,0,20000,-20000,-20000
051617,台積電凱基95購14,0,0,0,0,0,0,0,0,0,-20000,0,0,0,0,20000,-20000,-20000
043909,台光電凱基93購01,0,0,0,0,0,0,0,0,0,-20000,0,0,0,0,20000,-20000,-20000
043605,創意元大93購01  ,0,0,0,0,0,0,0,0,0,-20000,0,0,0,0,20000,-20000,-20000
04350P,欣興國票94售01  ,0,0,0,0,0,0,0,0,0,-20000,0,0,0,0,20000,-20000,-20000
045162,玉晶光國泰94購04,0,0,0,0,0,0,0,0,0,-20000,0,0,0,0,20000,-20000,-20000
03659C,元油2X元大98牛13,0,0,0,0,0,0,0,0,0,-20000,0,0,0,0,20000,-20000,-20000
045149,聯發科凱基93購02,0,0,0,0,0,0,0,0,0,-20000,0,0,0,0,20000,-20000,-20000
03953P,易華電凱基94售01,0,0,0,0,0,0,0,0,0,-20000,0,0,0,0,20000,-20000,-20000
03202P,聯電凱基01售03  ,0,0,0,0,0,0,0,0,0,-20000,0,0,0,0,20000,-20000,-20000
047090,緯創元富93購01  ,0,0,0,0,0,0,0,0,0,-20000,0,0,0,0,20000,-20000,-20000
047133,旺宏凱基93購03  ,0,0,0,0,0,0,0,0,0,-20000,0,0,0,0,20000,-20000,-20000
045866,南茂統一94購01  ,0,0,0,0,0,0,0,0,0,-20000,0,0,0,20000,40000,-20000,-20000
045842,T50反1台新98購01,0,0,0,0,0,0,0,0,0,-20000,0,0,0,30000,50000,-20000,-20000
048254,深中小統一93購01,0,0,0,0,0,0,0,0,0,-20000,0,0,0,0,20000,-20000,-20000
049084,欣興凱基94購03  ,0,0,0,0,0,0,0,0,0,-20000,0,0,0,10000,30000,-20000,-20000
045803,旺宏國票93購01  ,0,0,0,0,0,0,0,0,0,-20000,0,0,0,0,20000,-20000,-20000
044610,A50正2兆豐93購01,0,0,0,0,0,0,0,0,0,-20000,0,0,0,0,20000,-20000,-20000
044516,景碩凱基93購02  ,0,0,0,0,0,0,0,0,0,-20000,0,0,0,0,20000,-20000,-20000
049260,華新科元大96購01,0,0,0,0,0,0,0,0,0,-20000,0,0,0,31000,51000,-20000,-20000
052086,鴻海元大96購08  ,0,0,0,0,0,0,0,0,0,-20000,0,0,0,0,20000,-20000,-20000
050135,禾伸堂兆豐95購01,0,0,0,0,0,0,0,0,0,-20000,0,0,0,0,20000,-20000,-20000
049652,GIS凱基94購05   ,0,0,0,0,0,0,0,0,0,-20000,0,0,0,0,20000,-20000,-20000
049644,台積電凱基94購21,0,0,0,0,0,0,0,0,0,-20000,0,0,0,0,20000,-20000,-20000
04962P,易華電凱基96售01,0,0,0,0,0,0,0,0,0,-20000,0,0,0,0,20000,-20000,-20000
049591,開發金元大98購01,0,0,0,0,0,0,0,0,0,-20000,0,0,0,5000,25000,-20000,-20000
051693,華新科統一95購02,0,0,0,0,0,0,0,0,0,-20000,0,0,0,0,20000,-20000,-20000
05164P,南亞科元富95售04,0,0,0,0,0,0,0,0,0,-20000,0,0,0,0,20000,-20000,-20000
052048,景碩凱基95購01  ,0,0,0,0,0,0,0,0,0,-20000,0,0,0,50000,70000,-20000,-20000
050693,鴻海凱基96購05  ,0,0,0,0,0,0,0,0,0,-20000,0,0,0,0,20000,-20000,-20000
050545,奇力新凱基95購01,0,0,0,0,0,0,0,0,0,-20000,0,0,0,1000,21000,-20000,-20000
050547,華新科凱基95購01,0,0,0,0,0,0,0,0,0,-20000,0,0,0,447000,467000,-20000,-20000
050509,元油2X元大94購09,0,0,0,0,0,0,0,0,0,-20000,0,0,0,0,20000,-20000,-20000
050503,聯發科凱基94購22,0,0,0,0,0,0,0,0,0,-20000,0,0,0,0,20000,-20000,-20000
050906,臺股指元大95購13,0,0,0,0,0,0,0,0,0,-20000,0,0,0,0,20000,-20000,-20000
05018P,臺股指元大95售09,0,0,0,0,0,0,0,0,0,-20000,0,0,0,415000,435000,-20000,-20000
049917,華新科元大94購02,0,0,0,0,0,0,0,0,0,-20000,0,0,0,13000,33000,-20000,-20000
051961,泰碩永豐95購01  ,0,0,0,0,0,0,0,0,0,-20000,0,0,0,10000,30000,-20000,-20000
049357,微星富邦94購01  ,0,0,0,0,0,0,0,0,0,-20000,0,0,0,10000,30000,-20000,-20000
049331,元石油統一94購01,0,0,0,0,0,0,0,0,0,-20000,0,0,0,100000,120000,-20000,-20000
051950,旺宏元富95購02  ,0,0,0,0,0,0,0,0,0,-20000,0,0,0,0,20000,-20000,-20000
049855,台表科群益94購01,0,0,0,0,0,0,0,0,0,-20000,0,0,0,0,20000,-20000,-20000
051542,南茂國票96購01  ,0,0,0,0,0,0,0,0,0,-20000,0,0,0,0,20000,-20000,-20000
051562,玉晶光國泰97購05,0,0,0,0,0,0,0,0,0,-20000,0,0,0,64000,84000,-20000,-20000
051378,奇力新群益95購01,0,0,0,0,0,0,0,0,0,-20000,0,0,0,10000,30000,-20000,-20000
051353,聯發科元大95購08,0,0,0,0,0,0,0,0,0,-20000,0,0,0,0,20000,-20000,-20000
051433,中磊元富95購01  ,0,0,0,0,0,0,0,0,0,-20000,0,0,0,10000,30000,-20000,-20000
051416,創意國票96購02  ,0,0,0,0,0,0,0,0,0,-20000,0,0,0,0,20000,-20000,-20000
051203,微星麥證95購01  ,0,0,0,0,20000,-20000,0,0,0,-20000,0,0,0,0,20000,-20000,-20000
051017,聯發科凱基95購04,0,0,0,0,0,0,0,0,0,-20000,0,0,0,400000,420000,-20000,-20000
050978,鴻海元富95購03  ,0,0,0,0,0,0,0,0,0,-20000,0,0,0,10000,30000,-20000,-20000
050783,旺宏國泰96購02  ,0,0,0,0,0,0,0,0,0,-20000,0,0,0,25000,45000,-20000,-20000
049525,華新科兆豐94購01,0,0,0,0,0,0,0,0,0,-20000,0,0,0,0,20000,-20000,-20000
049505,臺股指元大94購16,0,0,0,0,0,0,0,0,0,-20000,0,0,0,10000,30000,-20000,-20000
049507,和大凱基94購01  ,0,0,0,0,0,0,0,0,0,-20000,0,0,0,0,20000,-20000,-20000
052487,國巨國票96購07  ,0,0,0,0,0,0,0,0,0,-20000,0,0,0,0,20000,-20000,-20000
052718,新唐凱基96購01  ,0,0,0,0,0,0,0,0,0,-20000,0,0,0,0,20000,-20000,-20000
052667,漢唐群益96購01  ,0,0,0,0,0,0,0,0,0,-20000,0,0,0,0,20000,-20000,-20000
052654,友達統一97購01  ,0,0,0,0,0,0,0,0,0,-20000,0,0,0,0,20000,-20000,-20000
052615,鴻海國泰98購01  ,0,0,0,0,0,0,0,0,0,-20000,0,0,0,0,20000,-20000,-20000
052563,京元電日盛96購01,0,0,0,0,0,0,0,0,0,-20000,0,0,0,0,20000,-20000,-20000
053116,華新科中信96購01,0,0,0,0,0,0,0,0,0,-20000,0,0,0,20000,40000,-20000,-20000
053025,燿華富邦98購02  ,0,0,0,0,0,0,0,0,0,-20000,0,0,0,9000,29000,-20000,-20000
052915,創意元富96購01  ,0,0,0,0,0,0,0,0,0,-20000,0,0,0,0,20000,-20000,-20000
053224,矽力凱基96購02  ,0,0,0,0,0,0,0,0,0,-20000,0,0,0,8000,28000,-20000,-20000
053155,晶技元大97購02  ,0,0,0,0,0,0,0,0,0,-20000,0,0,0,142000,162000,-20000,-20000
053932,華新科統一96購03,0,0,0,0,0,0,0,0,0,-20000,0,0,0,0,20000,-20000,-20000
053988,友達亞東96購01  ,0,0,0,0,0,0,0,0,0,-20000,0,0,0,0,20000,-20000,-20000
054092,大立光群益97購01,0,0,0,0,0,0,0,0,0,-20000,0,0,0,5000,25000,-20000,-20000
054196,台光電國泰97購02,0,0,0,0,0,0,0,0,0,-20000,0,0,0,4000,24000,-20000,-20000
054214,京鼎國票97購02  ,0,0,0,0,0,0,0,0,0,-20000,0,0,0,0,20000,-20000,-20000
053837,貿聯永豐96購02  ,0,0,0,0,0,0,0,0,0,-20000,0,0,0,0,20000,-20000,-20000
053866,景碩元大97購02  ,0,0,0,0,0,0,0,0,0,-20000,0,0,0,50000,70000,-20000,-20000
053533,光罩永豐96購03  ,0,0,0,0,0,0,0,0,0,-20000,0,0,0,0,20000,-20000,-20000
053577,上証2X元大96購02,0,0,0,0,0,0,0,0,0,-20000,0,0,0,80000,100000,-20000,-20000
053603,臺股指元大96購20,0,0,0,0,0,0,0,0,0,-20000,0,0,0,0,20000,-20000,-20000
054390,智邦元富96購03  ,0,0,0,0,0,0,0,0,0,-20000,0,0,0,0,20000,-20000,-20000
05427P,聯發科凱基96售07,0,0,0,0,0,0,0,0,0,-20000,0,0,0,18000,38000,-20000,-20000
054233,聯發科群益96購04,0,0,0,0,0,0,0,0,0,-20000,0,0,0,10000,30000,-20000,-20000
054226,燿華元富96購02  ,0,0,0,0,0,0,0,0,0,-20000,0,0,0,0,20000,-20000,-20000
054359,南亞科日盛96購02,0,0,0,0,0,0,0,0,0,-20000,0,0,0,0,20000,-20000,-20000
054600,中壽台新97購01  ,0,0,0,0,0,0,0,0,0,-20000,0,0,0,10000,30000,-20000,-20000
054559,台光電群益99購01,0,0,0,0,0,0,0,0,0,-20000,0,0,0,22000,42000,-20000,-20000
054580,樺漢元大98購01  ,0,0,0,0,0,0,0,0,0,-20000,0,0,0,0,20000,-20000,-20000
054690,新興永豐97購01  ,0,0,0,0,0,0,0,0,0,-20000,0,0,0,0,20000,-20000,-20000
054745,智易凱基97購01  ,0,0,0,0,0,0,0,0,0,-20000,0,0,0,0,20000,-20000,-20000
055434,樺漢群益97購01  ,0,0,0,0,0,0,0,0,0,-20000,0,0,0,0,20000,-20000,-20000
055306,燿華群益97購01  ,0,0,0,0,0,0,0,0,0,-20000,0,0,0,0,20000,-20000,-20000
055282,聯發科元大97購15,0,0,0,0,0,0,0,0,0,-20000,0,0,0,161000,181000,-20000,-20000
055078,亞泥中信98購01  ,0,0,0,0,0,0,0,0,0,-20000,0,0,0,48000,68000,-20000,-20000
055166,台積電統一97購05,0,0,0,0,0,0,0,0,0,-20000,0,0,0,417000,437000,-20000,-20000
054937,國巨元大97購03  ,0,0,0,0,0,0,0,0,0,-20000,0,0,0,275000,295000,-20000,-20000
055034,建準富邦99購01  ,0,0,0,0,0,0,0,0,0,-20000,0,0,0,0,20000,-20000,-20000
06634P,欣興國票98售02  ,0,0,0,0,0,0,0,0,0,-20000,0,0,0,0,20000,-20000,-20000
06704P,玉晶光元富98售05,0,0,0,0,0,0,0,0,0,-20000,0,0,0,10000,30000,-20000,-20000
1256,鮮活果汁-KY     ,0,20000,-20000,0,0,0,0,0,0,0,0,0,0,0,0,0,-20000
08671P,友訊國票01售01  ,0,0,0,0,0,0,0,0,0,-20000,0,0,0,0,20000,-20000,-20000
08599P,台表科元大9C售11,0,0,0,0,0,0,0,0,0,-20000,0,0,0,0,20000,-20000,-20000
06860P,台灣50兆豐98售01,0,0,0,0,0,0,0,0,0,-20000,0,0,0,0,20000,-20000,-20000
06892P,聯鈞元富98售01  ,0,0,0,0,0,0,0,0,0,-20000,0,0,0,0,20000,-20000,-20000
06902P,聯電凱基98售02  ,0,0,0,0,0,0,0,0,0,-20000,0,0,0,0,20000,-20000,-20000
06559P,玉晶光元富98售02,0,0,0,0,0,0,0,0,0,-20000,0,0,0,10000,30000,-20000,-20000
06480P,上銀凱基98售04  ,0,0,0,0,0,0,0,0,0,-20000,0,0,0,0,20000,-20000,-20000
06493P,聯發科永豐98售02,0,0,0,0,0,0,0,0,0,-20000,0,0,0,0,20000,-20000,-20000
06489P,台積電元富98售06,0,0,0,0,0,0,0,0,0,-20000,0,0,0,0,20000,-20000,-20000
06318P,臺股指元富97售05,0,0,0,0,0,0,0,0,0,-20000,0,0,0,0,20000,-20000,-20000
05947P,大成鋼元大96售03,0,0,0,0,0,0,0,0,0,-20000,0,0,0,0,20000,-20000,-20000
06094P,台達電中信97售01,0,0,0,0,0,0,0,0,0,-20000,0,0,0,0,20000,-20000,-20000
06101P,聯發科日盛97售03,0,0,0,0,0,0,0,0,0,-20000,0,0,0,0,20000,-20000,-20000
05961P,鴻海群益97售01  ,0,0,0,0,0,0,0,0,0,-20000,0,0,0,0,20000,-20000,-20000
1451,年興            ,3000,23000,-20000,0,0,0,0,0,0,0,1000,1000,0,0,0,0,-20000
2239,英利-KY         ,11000,31000,-20000,0,0,0,0,0,0,0,0,0,0,0,0,0,-20000
2227,裕日車          ,27000,46000,-19000,0,0,0,2000,0,2000,-3000,0,3000,-3000,0,0,0,-20000
2906,高林            ,1000,9000,-8000,0,0,0,0,0,0,-12000,0,12000,-12000,0,0,0,-20000
2471,資通            ,6000,26000,-20000,0,0,0,0,0,0,0,0,0,0,0,0,0,-20000
2444,兆勁            ,21000,42000,-21000,0,0,0,0,0,0,1000,1000,0,1000,0,0,0,-20000
5519,隆大            ,84000,100000,-16000,0,0,0,0,0,0,-4000,0,4000,-4000,0,0,0,-20000
6409,旭隼            ,157000,174950,-17950,0,0,0,0,0,0,-3000,3000,6000,-3000,0,0,0,-20950
056073,智伸科元大97購01,0,0,0,0,0,0,0,0,0,-21000,0,0,0,78000,99000,-21000,-21000
056449,義隆凱基98購03  ,0,0,0,0,0,0,0,0,0,-21000,0,0,0,85000,106000,-21000,-21000
05612P,台積電元大96售13,0,0,0,0,0,0,0,0,0,-21000,0,0,0,0,21000,-21000,-21000
056345,嘉聯益凱基99購01,0,0,0,0,0,0,0,0,0,-21000,0,0,0,249000,270000,-21000,-21000
05745P,富邦金兆豐96售02,0,0,0,0,0,0,0,0,0,-21000,0,0,0,0,21000,-21000,-21000
056985,智原群益98購03  ,0,0,0,0,0,0,0,0,0,-21000,0,0,0,0,21000,-21000,-21000
056800,臺股指麥證98購01,0,0,0,6000,27000,-21000,0,0,0,-21000,0,0,0,6000,27000,-21000,-21000
057177,奇力新元大99購04,0,0,0,0,0,0,0,0,0,-21000,0,0,0,82000,103000,-21000,-21000
04213P,台光電凱基93售11,0,0,0,0,0,0,0,0,0,-21000,0,0,0,0,21000,-21000,-21000
03999P,鴻海凱基94售11  ,0,0,0,0,0,0,0,0,0,-21000,0,0,0,0,21000,-21000,-21000
051637,嘉聯益國票96購01,0,0,0,0,0,0,0,0,0,-21000,0,0,0,69000,90000,-21000,-21000
051590,玉晶光元大96購02,0,0,0,0,0,0,0,0,0,-21000,0,0,0,141000,162000,-21000,-21000
050056,國巨凱基94購04  ,0,0,0,0,0,0,0,0,0,-21000,0,0,0,7000,28000,-21000,-21000
04913P,聯詠元富94售02  ,0,0,0,0,0,0,0,0,0,-21000,0,0,0,0,21000,-21000,-21000
048417,國巨統一94購01  ,0,0,0,0,0,0,0,0,0,-21000,0,0,0,0,21000,-21000,-21000
052226,旺宏凱基95購06  ,0,0,0,0,0,0,0,0,0,-21000,0,0,0,1000,22000,-21000,-21000
049848,聯發科群益94購06,0,0,0,0,0,0,0,0,0,-21000,0,0,0,80000,101000,-21000,-21000
050681,南亞科元富94購01,0,0,0,0,0,0,0,0,0,-21000,0,0,0,20000,41000,-21000,-21000
051798,國巨永豐95購03  ,0,0,0,0,0,0,0,0,0,-21000,0,0,0,33000,54000,-21000,-21000
051752,緯穎富邦96購01  ,0,0,0,0,0,0,0,0,0,-21000,0,0,0,19000,40000,-21000,-21000
054924,景碩凱基98購01  ,0,0,0,0,0,0,0,0,0,-21000,0,0,0,139000,160000,-21000,-21000
054234,可成群益96購05  ,0,0,0,0,0,0,0,0,0,-21000,0,0,0,16000,37000,-21000,-21000
054385,矽創群益98購01  ,0,0,0,0,0,0,0,0,0,-21000,0,0,0,197000,218000,-21000,-21000
05449P,臺股指元大95售26,0,0,0,0,0,0,0,0,0,-21000,0,0,0,149000,170000,-21000,-21000
054551,聯發科凱基98購02,0,0,0,0,0,0,0,0,0,-21000,0,0,0,0,21000,-21000,-21000
053701,台積電兆豐96購05,0,0,0,0,0,0,0,0,0,-21000,0,0,0,354000,375000,-21000,-21000
054188,欣興永豐96購03  ,0,0,0,0,0,0,0,0,0,-21000,0,0,0,110000,131000,-21000,-21000
8249,菱光            ,6000,27000,-21000,0,0,0,0,0,0,0,0,0,0,0,0,0,-21000
2611,志信            ,1000,21000,-20000,0,0,0,0,0,0,-1000,0,1000,-1000,0,0,0,-21000
2597,潤弘            ,1000,22000,-21000,0,0,0,0,0,0,0,0,0,0,0,0,0,-21000
2820,華票            ,313000,329000,-16000,0,0,0,0,0,0,-5000,0,5000,-5000,0,0,0,-21000
2939,凱羿-KY         ,14000,35000,-21000,0,0,0,0,0,0,0,0,0,0,0,0,0,-21000
3591,艾笛森          ,2000,22000,-20000,0,0,0,0,0,0,-1000,0,1000,-1000,0,0,0,-21000
2020,美亞            ,8000,28000,-20000,0,0,0,0,0,0,-1000,0,1000,-1000,0,0,0,-21000
1783,和康生          ,7000,28000,-21000,0,0,0,0,0,0,0,0,0,0,0,0,0,-21000
057889,致新群益99購01  ,0,0,0,0,0,0,0,0,0,-21000,0,0,0,0,21000,-21000,-21000
06463P,大立光富邦9A售01,0,0,0,0,0,0,0,0,0,-21000,0,0,0,50000,71000,-21000,-21000
06762P,智邦元大98售11  ,0,0,0,0,0,0,0,0,0,-21000,0,0,0,18000,39000,-21000,-21000
05706P,TPK永豐96售02   ,0,0,0,0,0,0,0,0,0,-22000,0,0,0,0,22000,-22000,-22000
057089,奇力新元富98購01,0,0,0,0,0,0,0,0,0,-22000,0,0,0,40000,62000,-22000,-22000
057508,康控國票99購03  ,0,0,0,0,0,0,0,0,0,-22000,0,0,0,18000,40000,-22000,-22000
057441,奇力新統一98購03,0,0,0,0,0,0,0,0,0,-22000,0,0,0,74000,96000,-22000,-22000
05640P,旺宏元富96售03  ,0,0,0,0,0,0,0,0,0,-22000,0,0,0,72000,94000,-22000,-22000
056531,佳世達凱基98購01,0,0,0,0,0,0,0,0,0,-22000,0,0,0,128000,150000,-22000,-22000
055805,矽力永豐97購01  ,0,0,0,0,0,0,0,0,0,-22000,0,0,0,3000,25000,-22000,-22000
055484,華通元大97購04  ,0,0,0,0,0,0,0,0,0,-22000,0,0,0,20000,42000,-22000,-22000
055494,華新科元大98購01,0,0,0,0,0,0,0,0,0,-22000,0,0,0,48000,70000,-22000,-22000
047871,健策永豐93購02  ,0,0,0,0,0,0,0,0,0,-22000,0,0,0,0,22000,-22000,-22000
047799,技嘉兆豐93購01  ,0,0,0,0,0,0,0,0,0,-22000,0,0,0,0,22000,-22000,-22000
048109,旺宏群益94購02  ,0,0,0,0,0,0,0,0,0,-22000,0,0,0,0,22000,-22000,-22000
0051,元大中型100     ,1000,1000,0,0,0,0,0,0,0,-22000,0,0,0,1000,23000,-22000,-22000
04382P,美律國泰95售01  ,0,0,0,0,0,0,0,0,0,-22000,0,0,0,0,22000,-22000,-22000
051896,柏文元富95購01  ,0,0,0,0,0,0,0,0,0,-22000,0,0,0,0,22000,-22000,-22000
050951,緯創群益96購01  ,0,0,0,0,0,0,0,0,0,-22000,0,0,0,0,22000,-22000,-22000
051233,力成群益97購01  ,0,0,0,0,0,0,0,0,0,-22000,0,0,0,38000,60000,-22000,-22000
051158,嘉晶富邦96購01  ,0,0,0,0,0,0,0,0,0,-22000,0,0,0,2000,24000,-22000,-22000
051173,元油2X凱基98購01,0,0,0,0,0,0,0,0,0,-22000,0,0,0,0,22000,-22000,-22000
051085,鴻海元大95購03  ,0,0,0,0,0,0,0,0,0,-22000,0,0,0,63000,85000,-22000,-22000
051120,南亞科群益95購01,0,0,0,0,0,0,0,0,0,-22000,0,0,0,15000,37000,-22000,-22000
050313,大立光兆豐94購05,0,0,0,0,0,0,0,0,0,-22000,0,0,0,0,22000,-22000,-22000
050351,華新科群益95購02,0,0,0,0,0,0,0,0,0,-22000,0,0,0,16000,38000,-22000,-22000
052891,台泥群益96購01  ,0,0,0,0,0,0,0,0,0,-22000,0,0,0,10000,32000,-22000,-22000
053084,國巨元大98購01  ,0,0,0,0,0,0,0,0,0,-22000,0,0,0,260000,282000,-22000,-22000
054538,台光電國票98購01,0,0,0,0,0,0,0,0,0,-22000,0,0,0,0,22000,-22000,-22000
054759,台化國票98購01  ,0,0,0,0,0,0,0,0,0,-22000,0,0,0,38000,60000,-22000,-22000
054873,帆宣群益99購01  ,0,0,0,0,0,0,0,0,0,-22000,0,0,0,0,22000,-22000,-22000
06286P,世芯國票97售02  ,0,0,0,0,0,0,0,0,0,-22000,0,0,0,55000,77000,-22000,-22000
06425P,TPK永豐97售02   ,0,0,0,0,0,0,0,0,0,-22000,0,0,0,0,22000,-22000,-22000
058075,貿聯凱基99購02  ,0,0,0,0,0,0,0,0,0,-22000,0,0,0,0,22000,-22000,-22000
058008,禾伸堂國票99購02,0,0,0,0,0,0,0,0,0,-22000,0,0,0,0,22000,-22000,-22000
057998,玉晶光麥證9A購01,0,0,0,8000,30000,-22000,0,0,0,-22000,0,0,0,8000,30000,-22000,-22000
06026P,華通台新97售01  ,0,0,0,0,0,0,0,0,0,-22000,0,0,0,38000,60000,-22000,-22000
06100P,台積電日盛97售03,0,0,0,0,0,0,0,0,0,-22000,0,0,0,2628000,2650000,-22000,-22000
1734,杏輝            ,69000,88000,-19000,0,0,0,0,0,0,-3000,2000,5000,-3000,0,0,0,-22000
1615,大山            ,5000,26000,-21000,0,0,0,0,0,0,-1000,0,1000,-1000,0,0,0,-22000
1598,岱宇            ,4000,26000,-22000,0,0,0,0,0,0,0,2000,2000,0,0,0,0,-22000
3130,一零四          ,1000,23000,-22000,0,0,0,0,0,0,0,0,0,0,0,0,0,-22000
2816,旺旺保          ,17000,41000,-24000,0,0,0,0,0,0,2000,3000,1000,2000,0,0,0,-22000
6201,亞弘電          ,1000,20000,-19000,0,0,0,0,0,0,-3000,0,3000,-3000,0,0,0,-22000
055525,國巨群益98購05  ,0,0,0,0,0,0,0,0,0,-23000,0,0,0,54000,77000,-23000,-23000
055818,晶相光國票97購02,0,0,0,0,0,0,0,0,0,-23000,0,0,0,0,23000,-23000,-23000
056394,晶豪科永豐98購01,0,0,0,0,0,0,0,0,0,-23000,0,0,0,5000,28000,-23000,-23000
05611P,康控群益96售02  ,0,0,0,0,0,0,0,0,0,-23000,0,0,0,1000,24000,-23000,-23000
057362,元油2X元大98購12,0,0,0,0,0,0,0,0,0,-23000,0,0,0,3000,26000,-23000,-23000
057717,友訊元富98購02  ,0,0,0,0,0,0,0,0,0,-23000,0,0,0,80000,103000,-23000,-23000
04517P,宏達電群益95售01,0,0,0,0,0,0,0,0,0,-23000,0,0,0,0,23000,-23000,-23000
0052,富邦科技        ,1000,2000,-1000,0,0,0,0,0,0,-22000,0,0,0,108000,130000,-22000,-23000
03094X,大立光元大68展08,0,0,0,0,0,0,0,0,0,-23000,0,0,0,0,23000,-23000,-23000
047046,台積電國票94購01,0,0,0,0,0,0,0,0,0,-23000,0,0,0,90000,113000,-23000,-23000
050402,緯穎中信96購01  ,0,0,0,0,0,0,0,0,0,-23000,0,0,0,42000,65000,-23000,-23000
050661,景碩元大94購02  ,0,0,0,0,0,0,0,0,0,-23000,0,0,0,25000,48000,-23000,-23000
049924,欣興元大95購04  ,0,0,0,0,0,0,0,0,0,-23000,0,0,0,5000,28000,-23000,-23000
055343,國巨凱基97購03  ,0,0,0,0,0,0,0,0,0,-23000,0,0,0,14000,37000,-23000,-23000
052894,國巨群益96購03  ,0,0,0,0,0,0,0,0,0,-23000,0,0,0,61000,84000,-23000,-23000
053181,滬深2X元富99購02,0,0,0,0,0,0,0,0,0,-23000,0,0,0,30000,53000,-23000,-23000
054127,台積電元大96購21,0,0,0,0,0,0,0,0,0,-23000,0,0,0,750000,773000,-23000,-23000
053791,同欣電元大96購05,0,0,0,0,0,0,0,0,0,-23000,0,0,0,193000,216000,-23000,-23000
053528,南電中信9A購01  ,0,0,0,0,0,0,0,0,0,-23000,0,0,0,47000,70000,-23000,-23000
4737,華廣            ,6000,28000,-22000,0,0,0,0,0,0,-1000,0,1000,-1000,0,0,0,-23000
2459,敦吉            ,16000,33000,-17000,0,0,0,0,0,0,-6000,0,6000,-6000,0,0,0,-23000
3305,昇貿            ,13000,36000,-23000,0,0,0,0,0,0,0,0,0,0,0,0,0,-23000
2305,全友            ,0,22000,-22000,0,0,0,0,0,0,-1000,0,1000,-1000,0,0,0,-23000
2358,廷鑫            ,1000,24000,-23000,0,0,0,0,0,0,0,0,0,0,0,0,0,-23000
06126P,凌陽元富97售02  ,0,0,0,0,0,0,0,0,0,-23000,0,0,0,7000,30000,-23000,-23000
057888,貿聯群益98購02  ,0,0,0,0,0,0,0,0,0,-23000,0,0,0,18000,41000,-23000,-23000
057930,旺宏群益99購04  ,0,0,0,0,0,0,0,0,0,-23000,0,0,0,2000,25000,-23000,-23000
06385P,聯發科永豐97售02,0,0,0,0,0,0,0,0,0,-23000,0,0,0,76000,99000,-23000,-23000
06844P,智邦元大98售13  ,0,0,0,0,0,0,0,0,0,-23000,0,0,0,18000,41000,-23000,-23000
057610,致茂元富98購02  ,0,0,0,0,0,0,0,0,0,-24000,0,0,0,36000,60000,-24000,-24000
057309,南茂兆豐99購01  ,0,0,0,0,0,0,0,0,0,-24000,0,0,0,36000,60000,-24000,-24000
056997,台灣50康和9A購02,0,0,0,0,0,0,0,0,0,-24000,0,0,0,0,24000,-24000,-24000
057215,友達群益98購03  ,0,0,0,0,0,0,0,0,0,-24000,0,0,0,51000,75000,-24000,-24000
056784,南亞科群益98購01,0,0,0,0,0,0,0,0,0,-24000,0,0,0,19000,43000,-24000,-24000
050081,聯發科統一94購07,0,0,0,0,0,0,0,0,0,-24000,0,0,0,133000,157000,-24000,-24000
051537,牧德國票96購01  ,0,0,0,0,0,0,0,0,0,-24000,0,0,0,0,24000,-24000,-24000
04032P,聯茂凱基94售02  ,0,0,0,0,0,0,0,0,0,-24000,0,0,0,1000,25000,-24000,-24000
00652,富邦印度        ,0,51000,-51000,0,0,0,0,0,0,27000,0,0,0,36000,9000,27000,-24000
04287P,A50正2中信96售01,0,0,0,0,0,0,0,0,0,-24000,0,0,0,10000,34000,-24000,-24000
050197,矽格元大94購04  ,0,0,0,0,0,0,0,0,0,-24000,0,0,0,0,24000,-24000,-24000
050620,和碩元大94購04  ,0,0,0,0,0,0,0,0,0,-24000,0,0,0,1000,25000,-24000,-24000
051897,台光電國泰97購01,0,0,0,0,0,0,0,0,0,-24000,0,0,0,0,24000,-24000,-24000
051995,矽力元大95購03  ,0,0,0,0,0,0,0,0,0,-24000,0,0,0,0,24000,-24000,-24000
05274P,嘉聯益亞東95售01,0,0,0,0,0,0,0,0,0,-24000,0,0,0,0,24000,-24000,-24000
053787,健策元大97購02  ,0,0,0,0,0,0,0,0,0,-24000,0,0,0,74000,98000,-24000,-24000
053107,旺宏兆豐97購01  ,0,0,0,0,0,0,0,0,0,-24000,0,0,0,0,24000,-24000,-24000
054445,技嘉兆豐96購01  ,0,0,0,0,0,0,0,0,0,-24000,0,0,0,0,24000,-24000,-24000
054225,華新元富96購01  ,0,0,0,0,0,0,0,0,0,-24000,0,0,0,6000,30000,-24000,-24000
06899P,嘉澤群益98售01  ,0,0,0,0,0,0,0,0,0,-24000,0,0,0,0,24000,-24000,-24000
06935P,神達元大98售02  ,0,0,0,0,0,0,0,0,0,-24000,0,0,0,0,24000,-24000,-24000
06941P,國巨統一98售07  ,0,0,0,0,0,0,0,0,0,-24000,0,0,0,0,24000,-24000,-24000
1225,福懋油          ,4000,21000,-17000,0,0,0,0,0,0,-7000,0,7000,-7000,0,0,0,-24000
06744P,嘉聯益永豐98售03,0,0,0,0,0,0,0,0,0,-24000,0,0,0,0,24000,-24000,-24000
06460P,亞德客元富98售02,0,0,0,0,0,0,0,0,0,-24000,0,0,0,20000,44000,-24000,-24000
05790P,臺股指永昌96售07,0,0,0,0,0,0,0,0,0,-24000,436000,0,436000,80000,540000,-460000,-24000
05861P,瀚宇博永豐96售02,0,0,0,0,0,0,0,0,0,-24000,0,0,0,12000,36000,-24000,-24000
06216P,上銀元富97售03  ,0,0,0,0,0,0,0,0,0,-24000,0,0,0,140000,164000,-24000,-24000
1806,冠軍            ,0,22000,-22000,0,0,0,0,0,0,-2000,0,2000,-2000,0,0,0,-24000
1524,耿鼎            ,2000,25000,-23000,0,0,0,0,0,0,-1000,0,1000,-1000,0,0,0,-24000
1612,宏泰            ,0,24000,-24000,0,0,0,0,0,0,0,0,0,0,0,0,0,-24000
3356,奇偶            ,37000,60000,-23000,0,0,0,0,0,0,-1000,0,1000,-1000,0,0,0,-24000
2433,互盛電          ,10000,33000,-23000,0,0,0,0,0,0,-1000,0,1000,-1000,0,0,0,-24000
6189,豐藝            ,2000,26000,-24000,0,0,0,0,0,0,0,0,0,0,0,0,0,-24000
8261,富鼎            ,31000,54000,-23000,0,0,0,0,0,0,-1000,0,1000,-1000,0,0,0,-24000
9905,大華            ,3000,19000,-16000,0,0,0,0,0,0,-8000,0,8000,-8000,0,0,0,-24000
057020,台積電凱基99購02,0,0,0,0,0,0,0,0,0,-25000,0,0,0,30000,55000,-25000,-25000
057046,奇力新元大99購03,0,0,0,0,0,0,0,0,0,-25000,0,0,0,39000,64000,-25000,-25000
057082,玉晶光統一9A購04,0,0,0,0,0,0,0,0,0,-25000,0,0,0,23000,48000,-25000,-25000
057325,可成群益9A購01  ,0,0,0,0,0,0,0,0,0,-25000,0,0,0,31000,56000,-25000,-25000
057316,國巨凱基99購04  ,0,0,0,0,0,0,0,0,0,-25000,0,0,0,5000,30000,-25000,-25000
057487,聯發科元大98購10,0,0,0,0,0,0,0,0,0,-25000,0,0,0,198000,223000,-25000,-25000
057699,可成群益9A購02  ,0,0,0,0,0,0,0,0,0,-25000,0,0,0,55000,80000,-25000,-25000
056108,麗豐永豐97購01  ,0,0,0,0,0,0,0,0,0,-25000,0,0,0,0,25000,-25000,-25000
056106,晶相光永豐97購02,0,0,0,0,0,0,0,0,0,-25000,0,0,0,0,25000,-25000,-25000
056285,可成永豐97購02  ,0,0,0,0,0,0,0,0,0,-25000,0,0,0,68000,93000,-25000,-25000
056256,聯茂元富97購03  ,0,0,0,0,0,0,0,0,0,-25000,0,0,0,10000,35000,-25000,-25000
05639P,欣興統一97售01  ,0,0,0,0,0,0,0,0,0,-25000,0,0,0,64000,89000,-25000,-25000
05652P,臻鼎群益96售01  ,0,0,0,0,0,0,0,0,0,-25000,0,0,0,24000,49000,-25000,-25000
056609,楠梓電永豐98購02,0,0,0,0,0,0,0,0,0,-25000,0,0,0,0,25000,-25000,-25000
055524,鴻海群益98購01  ,0,0,0,0,0,0,0,0,0,-25000,0,0,0,428000,453000,-25000,-25000
048315,聯發科凱基93購32,0,0,0,0,0,0,0,0,0,-25000,0,0,0,12000,37000,-25000,-25000
03430B,臺股指元大9B熊01,0,0,0,0,0,0,0,0,0,-25000,0,0,0,1000,26000,-25000,-25000
04892P,聯發科元大94售14,0,0,0,0,0,0,0,0,0,-25000,0,0,0,5000,30000,-25000,-25000
047558,臻鼎凱基93購06  ,0,0,0,0,0,0,0,0,0,-25000,0,0,0,10000,35000,-25000,-25000
052726,鴻海元富96購03  ,0,0,0,0,0,0,0,0,0,-25000,0,0,0,70000,95000,-25000,-25000
051078,力山富邦97購01  ,0,0,0,0,0,0,0,0,0,-25000,0,0,0,0,25000,-25000,-25000
052450,嘉澤元大95購03  ,0,0,0,0,0,0,0,0,0,-25000,0,0,0,0,25000,-25000,-25000
049557,南電元富94購02  ,0,0,0,0,0,0,0,0,0,-25000,0,0,0,15000,40000,-25000,-25000
050315,和碩兆豐95購01  ,0,0,0,0,0,0,0,0,0,-25000,0,0,0,0,25000,-25000,-25000
05121P,創意國泰96售01  ,0,0,0,0,0,0,0,0,0,-25000,0,0,0,12000,37000,-25000,-25000
051445,可成元大95購06  ,0,0,0,0,0,0,0,0,0,-25000,0,0,0,100000,125000,-25000,-25000
049773,臺股指元富94購02,0,0,0,0,0,0,0,0,0,-25000,0,0,0,0,25000,-25000,-25000
052126,群創國票97購01  ,0,0,0,0,0,0,0,0,0,-25000,0,0,0,0,25000,-25000,-25000
050611,鴻海元大95購02  ,0,0,0,0,0,0,0,0,0,-25000,0,0,0,50000,75000,-25000,-25000
052196,TPK元富95購01   ,0,0,0,0,0,0,0,0,0,-25000,0,0,0,0,25000,-25000,-25000
050455,貿聯元大94購02  ,0,0,0,0,0,0,0,0,0,-25000,0,0,0,14000,39000,-25000,-25000
050911,光磊中信98購01  ,0,0,0,0,0,0,0,0,0,-25000,0,0,0,8000,33000,-25000,-25000
05533P,滬深2X富邦97售01,0,0,0,0,0,0,0,0,0,-25000,0,0,0,0,25000,-25000,-25000
055038,華航富邦99購01  ,0,0,0,0,0,0,0,0,0,-25000,0,0,0,25000,50000,-25000,-25000
052998,拓凱康和96購01  ,0,0,0,0,0,0,0,0,0,-25000,0,0,0,10000,35000,-25000,-25000
052927,友達元大98購02  ,0,0,0,0,0,0,0,0,0,-25000,0,0,0,39000,64000,-25000,-25000
053397,國泰金中信96購01,0,0,0,0,0,0,0,0,0,-25000,0,0,0,0,25000,-25000,-25000
053855,康友國泰98購01  ,0,0,0,0,0,0,0,0,0,-25000,0,0,0,46000,71000,-25000,-25000
2450,神腦            ,9000,20000,-11000,0,0,0,0,0,0,-14000,0,14000,-14000,0,0,0,-25000
2007,燁興            ,0,24000,-24000,0,0,0,0,0,0,-1000,0,1000,-1000,0,0,0,-25000
2009,第一銅          ,2000,10000,-8000,0,0,0,0,0,0,-17000,2000,19000,-17000,0,0,0,-25000
06050P,玉晶光國票98售01,0,0,0,0,0,0,0,0,0,-25000,0,0,0,0,25000,-25000,-25000
06068P,玉晶光康和97售01,0,0,0,0,0,0,0,0,0,-25000,0,0,0,14000,39000,-25000,-25000
055809,T50反1國票98購02,0,0,0,0,0,0,0,0,0,-26000,0,0,0,125000,151000,-26000,-26000
055984,大立光元富97購02,0,0,0,0,0,0,0,0,0,-26000,0,0,0,0,26000,-26000,-26000
055989,矽力元富9A購01  ,0,0,0,0,0,0,0,0,0,-26000,0,0,0,0,26000,-26000,-26000
056453,禾伸堂凱基99購02,0,0,0,0,0,0,0,0,0,-26000,0,0,0,0,26000,-26000,-26000
057784,台積電國票9B購01,0,0,0,0,0,0,0,0,0,-26000,0,0,0,34000,60000,-26000,-26000
057846,神達永豐98購01  ,0,0,0,0,0,0,0,0,0,-26000,0,0,0,181000,207000,-26000,-26000
05731P,創意統一96售03  ,0,0,0,0,0,0,0,0,0,-26000,0,0,0,0,26000,-26000,-26000
057003,立積國票98購01  ,0,0,0,0,0,0,0,0,0,-26000,0,0,0,56000,82000,-26000,-26000
056946,國巨統一98購05  ,0,0,0,0,0,0,0,0,0,-26000,0,0,0,83000,109000,-26000,-26000
051528,亞泥國票96購01  ,0,0,0,0,0,0,0,0,0,-26000,0,0,0,50000,76000,-26000,-26000
042093,台灣50群益94購02,0,0,0,0,0,0,0,0,0,-26000,0,0,0,164000,190000,-26000,-26000
048345,緯創元大94購01  ,0,0,0,0,0,0,0,0,0,-26000,0,0,0,0,26000,-26000,-26000
048270,T50反1富邦99購01,0,0,0,0,0,0,0,0,0,-26000,0,0,0,484000,510000,-26000,-26000
050189,旭富元大94購01  ,0,0,0,0,0,0,0,0,0,-26000,0,0,0,8000,34000,-26000,-26000
050932,台塑國票96購01  ,0,0,0,0,0,0,0,0,0,-26000,0,0,0,50000,76000,-26000,-26000
049136,華通元大95購01  ,0,0,0,0,0,0,0,0,0,-26000,0,0,0,39000,65000,-26000,-26000
051863,技嘉凱基95購01  ,0,0,0,0,0,0,0,0,0,-26000,0,0,0,386000,412000,-26000,-26000
053868,群創元大99購02  ,0,0,0,0,0,0,0,0,0,-26000,0,0,0,5000,31000,-26000,-26000
053427,鎧勝永豐96購02  ,0,0,0,0,0,0,0,0,0,-26000,0,0,0,0,26000,-26000,-26000
05517P,臻鼎元大96售01  ,0,0,0,0,0,0,0,0,0,-26000,0,0,0,3000,29000,-26000,-26000
054725,國巨日盛97購01  ,0,0,0,0,0,0,0,0,0,-26000,0,0,0,205000,231000,-26000,-26000
06170P,禾伸堂元富97售02,0,0,0,0,0,0,0,0,0,-26000,0,0,0,303000,329000,-26000,-26000
05895P,奇力新群益96售03,0,0,0,0,0,0,0,0,0,-26000,0,0,0,300000,326000,-26000,-26000
06295P,國巨元大97售14  ,0,0,0,0,0,0,0,0,0,-26000,0,0,0,226000,252000,-26000,-26000
1231,聯華食          ,1000,21000,-20000,0,0,0,0,0,0,-6000,0,6000,-6000,0,0,0,-26000
1109,信大            ,97000,123000,-26000,0,0,0,0,0,0,0,0,0,0,0,0,0,-26000
06900P,FBVIX國票12售01 ,0,0,0,0,0,0,0,0,0,-26000,0,0,0,0,26000,-26000,-26000
2374,佳能            ,5000,100000,-95000,0,0,0,0,0,0,69000,71000,2000,69000,0,0,0,-26000
1467,南緯            ,0,25000,-25000,0,0,0,0,0,0,-1000,0,1000,-1000,0,0,0,-26000
1339,昭輝            ,68000,94000,-26000,0,0,0,0,0,0,0,0,0,0,0,0,0,-26000
2851,中再保          ,0,24000,-24000,0,0,0,0,0,0,-2000,0,2000,-2000,0,0,0,-26000
9902,台火            ,8000,33000,-25000,0,0,0,0,0,0,-1000,0,1000,-1000,0,0,0,-26000
056411,緯穎國票99購01  ,0,0,0,0,0,0,0,0,0,-27000,0,0,0,8000,35000,-27000,-27000
056255,華新科元富97購05,0,0,0,0,0,0,0,0,0,-27000,0,0,0,85000,112000,-27000,-27000
056272,嘉澤統一99購01  ,0,0,0,0,0,0,0,0,0,-27000,0,0,0,30000,57000,-27000,-27000
04157P,鎧勝永豐93售02  ,0,0,0,0,0,0,0,0,0,-27000,0,0,0,0,27000,-27000,-27000
03591P,台積電國票03售10,0,0,0,0,0,0,0,0,0,-27000,0,0,0,0,27000,-27000,-27000
045500,聯發科凱基93購04,0,0,0,0,0,0,0,0,0,-27000,0,0,0,10000,37000,-27000,-27000
049173,鴻海凱基94購15  ,0,0,0,0,0,0,0,0,0,-27000,0,0,0,43000,70000,-27000,-27000
052005,矽力國泰97購02  ,0,0,0,0,0,0,0,0,0,-27000,0,0,0,45000,72000,-27000,-27000
050521,聯發科元大94購15,0,0,0,0,0,0,0,0,0,-27000,0,0,0,93000,120000,-27000,-27000
052454,力成元大95購02  ,0,0,0,0,0,0,0,0,0,-27000,0,0,0,123000,150000,-27000,-27000
052610,貿聯元大97購01  ,0,0,0,0,0,0,0,0,0,-27000,0,0,0,33000,60000,-27000,-27000
054588,玉晶光國泰99購02,0,0,0,0,0,0,0,0,0,-27000,0,0,0,46000,73000,-27000,-27000
055416,欣興富邦98購01  ,0,0,0,0,0,0,0,0,0,-27000,0,0,0,87000,114000,-27000,-27000
053289,臺股指元大96購17,0,0,0,0,0,0,0,0,0,-27000,0,0,0,0,27000,-27000,-27000
052978,貿聯麥證97購01  ,0,0,0,0,27000,-27000,0,0,0,-27000,0,0,0,0,27000,-27000,-27000
053152,大立光元大99購01,0,0,0,0,0,0,0,0,0,-27000,0,0,0,138000,165000,-27000,-27000
053834,卜蜂永豐96購01  ,0,0,0,0,0,0,0,0,0,-27000,0,0,0,68000,95000,-27000,-27000
05370P,矽創元富95售01  ,0,0,0,0,0,0,0,0,0,-27000,0,0,0,34000,61000,-27000,-27000
2705,六福            ,0,27000,-27000,0,0,0,0,0,0,0,0,0,0,0,0,0,-27000
1437,勤益控          ,4000,31000,-27000,0,0,0,0,0,0,0,0,0,0,0,0,0,-27000
1708,東鹼            ,0,27000,-27000,0,0,0,0,0,0,0,0,0,0,0,0,0,-27000
1582,信錦            ,261000,289000,-28000,0,0,0,0,0,0,1000,6000,5000,1000,0,0,0,-27000
2413,環科            ,3000,28000,-25000,0,0,0,0,0,0,-2000,5000,7000,-2000,0,0,0,-27000
2029,盛餘            ,1000,27000,-26000,0,0,0,0,0,0,-1000,0,1000,-1000,0,0,0,-27000
06840P,臺股指統一98售04,0,0,0,0,0,0,0,0,0,-27000,0,0,0,3000,30000,-27000,-27000
06451P,聯發科元大98售04,0,0,0,0,0,0,0,0,0,-27000,0,0,0,15000,42000,-27000,-27000
06564P,國巨富邦9A售04  ,0,0,0,0,0,0,0,0,0,-27000,0,0,0,231000,258000,-27000,-27000
06172P,台虹永豐97售02  ,0,0,0,0,0,0,0,0,0,-27000,0,0,0,0,27000,-27000,-27000
06195P,台積電元富97售06,0,0,0,0,0,0,0,0,0,-27000,0,0,0,186000,213000,-27000,-27000
06200P,聯發科元大97售18,0,0,0,0,0,0,0,0,0,-27000,0,0,0,0,27000,-27000,-27000
06061P,訊芯統一97售01  ,0,0,0,0,0,0,0,0,0,-27000,0,0,0,25000,52000,-27000,-27000
06106P,國巨群益97售02  ,0,0,0,0,0,0,0,0,0,-27000,0,0,0,687000,714000,-27000,-27000
056363,華新科元大99購04,0,0,0,0,0,0,0,0,0,-28000,0,0,0,9000,37000,-28000,-28000
055477,同欣電凱基98購01,0,0,0,0,0,0,0,0,0,-28000,0,0,0,9000,37000,-28000,-28000
055612,台光電國票97購04,0,0,0,0,0,0,0,0,0,-28000,0,0,0,31000,59000,-28000,-28000
056789,和碩群益98購01  ,0,0,0,0,0,0,0,0,0,-28000,0,0,0,21000,49000,-28000,-28000
057504,技嘉麥證98購01  ,0,0,0,28000,56000,-28000,0,0,0,-28000,0,0,0,28000,56000,-28000,-28000
057826,祥碩元大98購08  ,0,0,0,0,0,0,0,0,0,-28000,0,0,0,39000,67000,-28000,-28000
046962,群創中信95購03  ,0,0,0,0,0,0,0,0,0,-28000,0,0,0,10000,38000,-28000,-28000
03827P,矽創國票94售01  ,0,0,0,0,0,0,0,0,0,-28000,0,0,0,0,28000,-28000,-28000
03033X,元展30          ,0,0,0,0,0,0,0,0,0,-28000,0,0,0,14000,42000,-28000,-28000
04716P,中石化凱基94售01,0,0,0,0,0,0,0,0,0,-28000,0,0,0,0,28000,-28000,-28000
042556,台灣50中信96購04,0,0,0,0,0,0,0,0,0,-28000,0,0,0,73000,101000,-28000,-28000
052662,華新科國票97購01,0,0,0,0,0,0,0,0,0,-28000,0,0,0,0,28000,-28000,-28000
052552,智邦國票97購01  ,0,0,0,0,0,0,0,0,0,-28000,0,0,0,0,28000,-28000,-28000
05106P,鴻海永豐95售02  ,0,0,0,0,0,0,0,0,0,-28000,0,0,0,10000,38000,-28000,-28000
05141P,華通台新96售01  ,0,0,0,0,0,0,0,0,0,-28000,0,0,0,26000,54000,-28000,-28000
054085,華新科統一96購04,0,0,0,0,0,0,0,0,0,-28000,0,0,0,35000,63000,-28000,-28000
05421P,鴻海元大96售12  ,0,0,0,0,0,0,0,0,0,-28000,0,0,0,259000,287000,-28000,-28000
054178,中磊台新97購01  ,0,0,0,0,0,0,0,0,0,-28000,0,0,0,10000,38000,-28000,-28000
053194,緯穎統一99購01  ,0,0,0,0,0,0,0,0,0,-28000,0,0,0,10000,38000,-28000,-28000
055409,元黃金富邦01購01,0,0,0,0,0,0,0,0,0,-28000,0,0,0,2000,30000,-28000,-28000
055257,景碩統一97購01  ,0,0,0,0,0,0,0,0,0,-28000,0,0,0,0,28000,-28000,-28000
05471P,聯電統一95售01  ,0,0,0,0,0,0,0,0,0,-28000,0,0,0,32000,60000,-28000,-28000
054370,台積電中信9A購01,0,0,0,0,0,0,0,0,0,-28000,0,0,0,238000,266000,-28000,-28000
06677P,牧德國票98售02  ,0,0,0,0,0,0,0,0,0,-28000,0,0,0,10000,38000,-28000,-28000
2493,揚博            ,0,28000,-28000,0,0,0,0,0,0,0,0,0,0,0,0,0,-28000
6112,聚碩            ,20000,47000,-27000,0,0,0,0,0,0,-1000,0,1000,-1000,0,0,0,-28000
057008,華新科中信99購02,0,0,0,0,0,0,0,0,0,-29000,0,0,0,58000,87000,-29000,-29000
055655,群創元富99購07  ,0,0,0,0,0,0,0,0,0,-29000,0,0,0,430000,459000,-29000,-29000
056623,禾伸堂永豐98購01,0,0,0,0,0,0,0,0,0,-29000,0,0,0,50000,79000,-29000,-29000
00753L,中信中國50正2   ,0,0,0,0,0,0,0,0,0,-29000,0,0,0,140000,169000,-29000,-29000
046914,友達台新96購01  ,0,0,0,0,0,0,0,0,0,-29000,0,0,0,0,29000,-29000,-29000
047491,旺宏統一94購03  ,0,0,0,0,0,0,0,0,0,-29000,0,0,0,20000,49000,-29000,-29000
052214,智伸科元大96購01,0,0,0,0,0,0,0,0,0,-29000,0,0,0,1000,30000,-29000,-29000
049911,智邦元大94購05  ,0,0,0,0,0,0,0,0,0,-29000,0,0,0,0,29000,-29000,-29000
051760,奇力新元大95購04,0,0,0,0,0,0,0,0,0,-29000,0,0,0,1000,30000,-29000,-29000
05470P,康控元大95售05  ,0,0,0,0,0,0,0,0,0,-29000,0,0,0,48000,77000,-29000,-29000
054765,亞光國票98購02  ,0,0,0,0,0,0,0,0,0,-29000,0,0,0,1000,30000,-29000,-29000
055054,群光永豐97購01  ,0,0,0,0,0,0,0,0,0,-29000,0,0,0,0,29000,-29000,-29000
05316P,台積電永昌96售06,0,0,0,0,0,0,0,0,0,-29000,0,0,0,32000,61000,-29000,-29000
053262,華邦電群益96購02,0,0,0,0,0,0,0,0,0,-29000,0,0,0,50000,79000,-29000,-29000
053338,台光電國票97購01,0,0,0,0,0,0,0,0,0,-29000,0,0,0,21000,50000,-29000,-29000
05381P,聯詠群益95售02  ,0,0,0,0,0,0,0,0,0,-29000,0,0,0,1000,30000,-29000,-29000
3050,鈺德            ,48000,77000,-29000,0,0,0,0,0,0,0,0,0,0,0,0,0,-29000
1417,嘉裕            ,3000,32000,-29000,0,0,0,0,0,0,0,0,0,0,0,0,0,-29000
06706P,智原台新98售02  ,0,0,0,0,0,0,0,0,0,-29000,0,0,0,0,29000,-29000,-29000
06870P,台灣50群益9A售03,0,0,0,0,0,0,0,0,0,-29000,0,0,0,308000,337000,-29000,-29000
06916P,聯鈞元富98售02  ,0,0,0,0,0,0,0,0,0,-29000,0,0,0,0,29000,-29000,-29000
06629P,台灣50第一98售01,0,0,0,0,0,0,0,0,0,-29000,0,0,0,1000,30000,-29000,-29000
06316P,臺股指元富97售03,0,0,0,0,0,0,0,0,0,-29000,0,0,0,0,29000,-29000,-29000
06018P,康控凱基96售03  ,0,0,0,0,0,0,0,0,0,-29000,0,0,0,33000,62000,-29000,-29000
06203P,奇力新中信98售02,0,0,0,0,0,0,0,0,0,-29000,0,0,0,198000,227000,-29000,-29000
00733,富邦臺灣中小    ,50,0,50,0,0,0,0,0,0,-30000,0,0,0,229000,259000,-30000,-29950
056438,旺宏凱基98購05  ,0,0,0,0,0,0,0,0,0,-30000,0,0,0,0,30000,-30000,-30000
056530,旺宏凱基98購06  ,0,0,0,0,0,0,0,0,0,-30000,0,0,0,0,30000,-30000,-30000
056512,易華電永豐98購01,0,0,0,0,0,0,0,0,0,-30000,0,0,0,26000,56000,-30000,-30000
056480,京鼎元大98購02  ,0,0,0,0,0,0,0,0,0,-30000,0,0,0,0,30000,-30000,-30000
056385,創意國泰99購01  ,0,0,0,0,0,0,0,0,0,-30000,0,0,0,0,30000,-30000,-30000
056204,嘉澤永豐97購01  ,0,0,0,0,0,0,0,0,0,-30000,0,0,0,0,30000,-30000,-30000
05621P,聯電中信96售01  ,0,0,0,0,0,0,0,0,0,-30000,0,0,0,142000,172000,-30000,-30000
056173,廣達元富97購01  ,0,0,0,0,0,0,0,0,0,-30000,0,0,0,80000,110000,-30000,-30000
056056,旺宏元大97購06  ,0,0,0,0,0,0,0,0,0,-30000,0,0,0,0,30000,-30000,-30000
055838,致茂元大97購03  ,0,0,0,0,0,0,0,0,0,-30000,0,0,0,143000,173000,-30000,-30000
05577P,上銀凱基96售02  ,0,0,0,0,0,0,0,0,0,-30000,0,0,0,0,30000,-30000,-30000
057019,台積電凱基98購14,0,0,0,0,0,0,0,0,0,-30000,0,0,0,0,30000,-30000,-30000
057123,上銀凱基98購05  ,0,0,0,0,0,0,0,0,0,-30000,0,0,0,0,30000,-30000,-30000
057155,元油2X富邦9B購02,0,0,0,0,0,0,0,0,0,-30000,0,0,0,0,30000,-30000,-30000
057279,國揚元大98購01  ,0,0,0,0,0,0,0,0,0,-30000,0,0,0,0,30000,-30000,-30000
056990,聯發科兆豐98購01,0,0,0,0,0,0,0,0,0,-30000,0,0,0,0,30000,-30000,-30000
057825,和碩元大98購02  ,0,0,0,0,0,0,0,0,0,-30000,0,0,0,0,30000,-30000,-30000
057793,群創統一99購02  ,0,0,0,0,0,0,0,0,0,-30000,0,0,0,0,30000,-30000,-30000
057839,台積電富邦9A購02,0,0,0,0,0,0,0,0,0,-30000,0,0,0,0,30000,-30000,-30000
057678,臺股指元大98購08,0,0,0,0,0,0,0,0,0,-30000,0,0,0,0,30000,-30000,-30000
05761P,嘉澤永豐96售01  ,0,0,0,0,0,0,0,0,0,-30000,0,0,0,73000,103000,-30000,-30000
057605,旺宏統一99購03  ,0,0,0,0,0,0,0,0,0,-30000,0,0,0,0,30000,-30000,-30000
057652,欣興永昌9C購01  ,0,0,0,0,0,0,0,0,0,-30000,0,0,0,4000,34000,-30000,-30000
057587,微星國票99購01  ,0,0,0,0,0,0,0,0,0,-30000,0,0,0,55000,85000,-30000,-30000
03307P,臺股指中信05售02,0,0,0,0,0,0,0,0,0,-30000,0,0,0,499000,529000,-30000,-30000
03857P,聯發科元富99售02,0,0,0,0,0,0,0,0,0,-30000,0,0,0,145000,175000,-30000,-30000
04384P,上証2X中信96售01,0,0,0,0,0,0,0,0,0,-30000,0,0,0,0,30000,-30000,-30000
04559P,華通凱基94售03  ,0,0,0,0,0,0,0,0,0,-30000,0,0,0,20000,50000,-30000,-30000
04291P,鴻海富邦93售04  ,0,0,0,0,0,0,0,0,0,-30000,0,0,0,0,30000,-30000,-30000
04501P,元油2X元富98售07,0,0,0,0,0,0,0,0,0,-30000,0,0,0,0,30000,-30000,-30000
044507,燿華凱基93購03  ,0,0,0,0,0,0,0,0,0,-30000,0,0,0,0,30000,-30000,-30000
04461P,燿華元富94售01  ,0,0,0,0,0,0,0,0,0,-30000,0,0,0,10000,40000,-30000,-30000
04460P,元油2X元富96售04,0,0,0,0,0,0,0,0,0,-30000,0,0,0,0,30000,-30000,-30000
044200,群創國票93購01  ,0,0,0,0,0,0,0,0,0,-30000,0,0,0,0,30000,-30000,-30000
044340,TPK統一93購01   ,0,0,0,0,0,0,0,0,0,-30000,0,0,0,0,30000,-30000,-30000
04413P,玉晶光元富94售01,0,0,0,0,0,0,0,0,0,-30000,0,0,0,0,30000,-30000,-30000
044124,燿華凱基93購01  ,0,0,0,0,0,0,0,0,0,-30000,0,0,0,10000,40000,-30000,-30000
046290,儒鴻統一93購01  ,0,0,0,0,0,0,0,0,0,-30000,0,0,0,0,30000,-30000,-30000
049003,智邦中信95購01  ,0,0,0,0,0,0,0,0,0,-30000,0,0,0,0,30000,-30000,-30000
049102,智伸科國泰96購01,0,0,0,0,0,0,0,0,0,-30000,0,0,0,0,30000,-30000,-30000
047250,日月光群益94購01,0,0,0,0,0,0,0,0,0,-30000,0,0,0,40000,70000,-30000,-30000
047510,奇力新國票94購01,0,0,0,0,0,0,0,0,0,-30000,0,0,0,0,30000,-30000,-30000
048365,T50反1統一93購09,0,0,0,0,0,0,0,0,0,-30000,0,0,0,0,30000,-30000,-30000
046493,緯創富邦93購01  ,0,0,0,0,0,0,0,0,0,-30000,0,0,0,0,30000,-30000,-30000
047711,華新科凱基94購03,0,0,0,0,0,0,0,0,0,-30000,0,0,0,0,30000,-30000,-30000
048972,晶豪科元大94購01,0,0,0,0,0,0,0,0,0,-30000,0,0,0,0,30000,-30000,-30000
051539,瀚宇博國票97購01,0,0,0,0,0,0,0,0,0,-30000,0,0,0,0,30000,-30000,-30000
048027,京元電凱基93購03,0,0,0,0,0,0,0,0,0,-30000,0,0,0,0,30000,-30000,-30000
048797,美律國泰95購02  ,0,0,0,0,0,0,0,0,0,-30000,0,0,0,25000,55000,-30000,-30000
051667,光磊元大96購02  ,0,0,0,0,0,0,0,0,0,-30000,0,0,0,947000,977000,-30000,-30000
051868,貿聯凱基96購01  ,0,0,0,0,0,0,0,0,0,-30000,0,0,0,0,30000,-30000,-30000
051933,嘉聯益國票97購03,0,0,0,0,0,0,0,0,0,-30000,0,0,0,0,30000,-30000,-30000
051914,健策元大96購06  ,0,0,0,0,0,0,0,0,0,-30000,0,0,0,36000,66000,-30000,-30000
049126,玉晶光元富94購02,0,0,0,0,0,0,0,0,0,-30000,0,0,0,21000,51000,-30000,-30000
049113,大立光統一94購06,0,0,0,0,0,0,0,0,0,-30000,0,0,0,16000,46000,-30000,-30000
052090,聯發科元大97購03,0,0,0,0,0,0,0,0,0,-30000,0,0,0,0,30000,-30000,-30000
049238,元油2X元富96購08,0,0,0,0,0,0,0,0,0,-30000,0,0,0,0,30000,-30000,-30000
049286,美律兆豐94購01  ,0,0,0,0,0,0,0,0,0,-30000,0,0,0,0,30000,-30000,-30000
049846,台泥群益94購01  ,0,0,0,0,0,0,0,0,0,-30000,0,0,0,10000,40000,-30000,-30000
05022P,智易凱基95售01  ,0,0,0,0,0,0,0,0,0,-30000,0,0,0,0,30000,-30000,-30000
051965,傳奇永豐95購01  ,0,0,0,0,0,0,0,0,0,-30000,0,0,0,0,30000,-30000,-30000
051973,華新科凱基96購04,0,0,0,0,0,0,0,0,0,-30000,0,0,0,0,30000,-30000,-30000
051974,華新科凱基96購05,0,0,0,0,0,0,0,0,0,-30000,0,0,0,20000,50000,-30000,-30000
050526,貿聯元大95購01  ,0,0,0,0,0,0,0,0,0,-30000,0,0,0,95000,125000,-30000,-30000
050655,中磊凱基96購01  ,0,0,0,0,0,0,0,0,0,-30000,0,0,0,0,30000,-30000,-30000
050726,可成國票96購01  ,0,0,0,0,0,0,0,0,0,-30000,0,0,0,10000,40000,-30000,-30000
050920,旺宏凱基95購01  ,0,0,0,0,0,0,0,0,0,-30000,0,0,0,0,30000,-30000,-30000
050449,宏達電元大95購03,0,0,0,0,0,0,0,0,0,-30000,0,0,0,0,30000,-30000,-30000
052213,富邦金元大95購01,0,0,0,0,0,0,0,0,0,-30000,0,0,0,0,30000,-30000,-30000
052325,高股息中信99購01,0,0,0,0,0,0,0,0,0,-30000,0,0,0,5000,35000,-30000,-30000
051202,智邦麥證95購01  ,0,0,0,0,30000,-30000,0,0,0,-30000,0,0,0,0,30000,-30000,-30000
050756,京元電元富94購03,0,0,0,0,0,0,0,0,0,-30000,0,0,0,0,30000,-30000,-30000
050957,T50反1台新05購01,0,0,0,0,0,0,0,0,0,-30000,0,0,0,20000,50000,-30000,-30000
051980,樺漢凱基96購01  ,0,0,0,0,0,0,0,0,0,-30000,0,0,0,0,30000,-30000,-30000
050789,矽創國泰96購01  ,0,0,0,0,0,0,0,0,0,-30000,0,0,0,0,30000,-30000,-30000
050977,聯發科統一95購02,0,0,0,0,0,0,0,0,0,-30000,0,0,0,0,30000,-30000,-30000
051411,聯發科國票95購05,0,0,0,0,0,0,0,0,0,-30000,0,0,0,0,30000,-30000,-30000
051540,力成國票95購01  ,0,0,0,0,0,0,0,0,0,-30000,0,0,0,0,30000,-30000,-30000
051466,玉晶光富邦97購01,0,0,0,0,0,0,0,0,0,-30000,0,0,0,0,30000,-30000,-30000
049472,楠梓電永豐95購01,0,0,0,0,0,0,0,0,0,-30000,0,0,0,0,30000,-30000,-30000
049427,瑞昱兆豐94購01  ,0,0,0,0,0,0,0,0,0,-30000,0,0,0,0,30000,-30000,-30000
049417,奇力新凱基94購02,0,0,0,0,0,0,0,0,0,-30000,0,0,0,0,30000,-30000,-30000
051105,台光電國票96購01,0,0,0,0,0,0,0,0,0,-30000,0,0,0,0,30000,-30000,-30000
052573,智伸科凱基97購01,0,0,0,0,0,0,0,0,0,-30000,0,0,0,0,30000,-30000,-30000
052337,臺股指日盛95購02,0,0,0,0,0,0,0,0,0,-30000,0,0,0,30000,60000,-30000,-30000
052344,台表科凱基98購01,0,0,0,0,0,0,0,0,0,-30000,0,0,0,112000,142000,-30000,-30000
053824,樺漢群益96購02  ,0,0,0,0,0,0,0,0,0,-30000,0,0,0,0,30000,-30000,-30000
05386P,臺股指永豐95售05,0,0,0,0,0,0,0,0,0,-30000,0,0,0,10000,40000,-30000,-30000
053708,道瓊反凱基98購01,0,0,0,0,0,0,0,0,0,-30000,0,0,0,79000,109000,-30000,-30000
053585,友達元大9C購03  ,0,0,0,0,0,0,0,0,0,-30000,0,0,0,20000,50000,-30000,-30000
054093,智原群益97購01  ,0,0,0,0,0,0,0,0,0,-30000,0,0,0,0,30000,-30000,-30000
054141,TPK元大96購02   ,0,0,0,0,0,0,0,0,0,-30000,0,0,0,0,30000,-30000,-30000
053919,可成國票97購02  ,0,0,0,0,0,0,0,0,0,-30000,0,0,0,10000,40000,-30000,-30000
053886,亞光兆豐96購01  ,0,0,0,0,0,0,0,0,0,-30000,0,0,0,0,30000,-30000,-30000
053431,志超永豐96購01  ,0,0,0,0,0,0,0,0,0,-30000,0,0,0,0,30000,-30000,-30000
053494,南亞科兆豐96購02,0,0,0,0,0,0,0,0,0,-30000,0,0,0,0,30000,-30000,-30000
05326P,臺股指凱基95售10,0,0,0,0,0,0,0,0,0,-30000,0,0,0,0,30000,-30000,-30000
053290,元油反中信97購01,0,0,0,0,0,0,0,0,0,-30000,0,0,0,0,30000,-30000,-30000
053138,華邦電富邦96購01,0,0,0,0,0,0,0,0,0,-30000,0,0,0,0,30000,-30000,-30000
053012,國巨統一96購03  ,0,0,0,0,0,0,0,0,0,-30000,0,0,0,38000,68000,-30000,-30000
052890,FB上証群益9B購01,0,0,0,0,0,0,0,0,0,-30000,0,0,0,0,30000,-30000,-30000
05519P,上証2X凱基98售01,0,0,0,0,0,0,0,0,0,-30000,0,0,0,0,30000,-30000,-30000
055188,亞翔統一97購01  ,0,0,0,0,0,0,0,0,0,-30000,0,0,0,0,30000,-30000,-30000
055072,康友永豐97購02  ,0,0,0,0,0,0,0,0,0,-30000,0,0,0,0,30000,-30000,-30000
055242,道瓊銀統一98購01,0,0,0,0,0,0,0,0,0,-30000,0,0,0,0,30000,-30000,-30000
055239,帆宣台新97購01  ,0,0,0,0,0,0,0,0,0,-30000,0,0,0,0,30000,-30000,-30000
055406,大毅國泰99購01  ,0,0,0,0,0,0,0,0,0,-30000,0,0,0,28000,58000,-30000,-30000
05477P,華新科群益95售06,0,0,0,0,0,0,0,0,0,-30000,0,0,0,0,30000,-30000,-30000
054890,聯鈞統一99購01  ,0,0,0,0,0,0,0,0,0,-30000,0,0,0,0,30000,-30000,-30000
054854,台積電麥證97購01,0,0,0,0,30000,-30000,0,0,0,-30000,0,0,0,0,30000,-30000,-30000
05463P,創意國票96售04  ,0,0,0,0,0,0,0,0,0,-30000,0,0,0,0,30000,-30000,-30000
054591,GIS國泰98購01   ,0,0,0,0,0,0,0,0,0,-30000,0,0,0,0,30000,-30000,-30000
054634,FB上証中信99購01,0,0,0,0,0,0,0,0,0,-30000,0,0,0,0,30000,-30000,-30000
054270,寶滬深中信98購01,0,0,0,0,0,0,0,0,0,-30000,0,0,0,20000,50000,-30000,-30000
054434,友達台新96購03  ,0,0,0,0,0,0,0,0,0,-30000,0,0,0,0,30000,-30000,-30000
054519,禾伸堂元大97購02,0,0,0,0,0,0,0,0,0,-30000,0,0,0,66000,96000,-30000,-30000
054506,矽格永豐96購01  ,0,0,0,0,0,0,0,0,0,-30000,0,0,0,0,30000,-30000,-30000
06218P,鴻海元富97售06  ,0,0,0,0,0,0,0,0,0,-30000,0,0,0,0,30000,-30000,-30000
06130P,玉晶光元富97售07,0,0,0,0,0,0,0,0,0,-30000,0,0,0,0,30000,-30000,-30000
06135P,志超元富97售01  ,0,0,0,0,0,0,0,0,0,-30000,0,0,0,0,30000,-30000,-30000
06051P,嘉聯益國票97售04,0,0,0,0,0,0,0,0,0,-30000,0,0,0,0,30000,-30000,-30000
06084P,宏達電元富97售02,0,0,0,0,0,0,0,0,0,-30000,0,0,0,73000,103000,-30000,-30000
05905P,晶技統一97售01  ,0,0,0,0,0,0,0,0,0,-30000,0,0,0,0,30000,-30000,-30000
057996,臻鼎中信98購01  ,0,0,0,0,0,0,0,0,0,-30000,0,0,0,0,30000,-30000,-30000
06341P,大立光統一97售08,0,0,0,0,0,0,0,0,0,-30000,0,0,0,0,30000,-30000,-30000
06605P,玉晶光元富98售03,0,0,0,0,0,0,0,0,0,-30000,0,0,0,10000,40000,-30000,-30000
06588P,台積電元大98售11,0,0,0,0,0,0,0,0,0,-30000,0,0,0,0,30000,-30000,-30000
06546P,聯發科元大98售05,0,0,0,0,0,0,0,0,0,-30000,0,0,0,26000,56000,-30000,-30000
1307,三芳            ,0,29000,-29000,0,0,0,0,0,0,-1000,0,1000,-1000,0,0,0,-30000
057304,為升兆豐99購02  ,0,0,0,0,0,0,0,0,0,-31000,0,0,0,0,31000,-31000,-31000
056982,華新科群益98購05,0,0,0,0,0,0,0,0,0,-31000,0,0,0,34000,65000,-31000,-31000
056820,欣興永豐98購02  ,0,0,0,0,0,0,0,0,0,-31000,0,0,0,95000,126000,-31000,-31000
057007,奇力新中信98購04,0,0,0,0,0,0,0,0,0,-31000,0,0,0,68000,99000,-31000,-31000
055716,致茂元大97購01  ,0,0,0,0,0,0,0,0,0,-31000,0,0,0,29000,60000,-31000,-31000
055605,緯穎元大97購02  ,0,0,0,0,0,0,0,0,0,-31000,0,0,0,98000,129000,-31000,-31000
056321,創意群益98購02  ,0,0,0,0,0,0,0,0,0,-31000,0,0,0,0,31000,-31000,-31000
048687,旺宏群益96購01  ,0,0,0,0,0,0,0,0,0,-31000,0,0,0,20000,51000,-31000,-31000
050880,大立光元富95購03,0,0,0,0,0,0,0,0,0,-31000,0,0,0,30000,61000,-31000,-31000
04920P,智易凱基94售05  ,0,0,0,0,0,0,0,0,0,-31000,0,0,0,58000,89000,-31000,-31000
047716,晶技凱基93購03  ,0,0,0,0,0,0,0,0,0,-31000,0,0,0,10000,41000,-31000,-31000
04732P,聯茂群益94售01  ,0,0,0,0,0,0,0,0,0,-31000,0,0,0,0,31000,-31000,-31000
048281,矽力永豐93購02  ,0,0,0,0,0,0,0,0,0,-31000,0,0,0,5000,36000,-31000,-31000
04581P,楠梓電康和94售03,0,0,0,0,0,0,0,0,0,-31000,0,0,0,144000,175000,-31000,-31000
051162,楠梓電元大95購01,0,0,0,0,0,0,0,0,0,-31000,0,0,0,0,31000,-31000,-31000
050913,全新中信97購01  ,0,0,0,0,0,0,0,0,0,-31000,0,0,0,0,31000,-31000,-31000
04970P,中環元富94售02  ,0,0,0,0,0,0,0,0,0,-31000,0,0,0,0,31000,-31000,-31000
051928,大立光中信96購03,0,0,0,0,0,0,0,0,0,-31000,0,0,0,0,31000,-31000,-31000
055154,聯發科元大98購01,0,0,0,0,0,0,0,0,0,-31000,0,0,0,85000,116000,-31000,-31000
05344P,臺股指統一95售04,0,0,0,0,0,0,0,0,0,-31000,0,0,0,0,31000,-31000,-31000
053556,康控凱基97購02  ,0,0,0,0,0,0,0,0,0,-31000,0,0,0,1000,32000,-31000,-31000
2373,震旦行          ,2000,28000,-26000,0,0,0,0,0,0,-5000,0,5000,-5000,0,0,0,-31000
2911,麗嬰房          ,4000,34000,-30000,0,0,0,0,0,0,-1000,0,1000,-1000,0,0,0,-31000
2472,立隆電          ,68000,115000,-47000,0,0,0,0,0,0,16000,25000,9000,16000,0,0,0,-31000
4725,信昌化          ,77000,107000,-30000,0,0,0,0,0,0,-1000,0,1000,-1000,0,0,0,-31000
6416,瑞祺電通        ,448000,190000,258000,0,0,0,0,179000,-179000,-110000,23000,133000,-110000,0,0,0,-31000
06705P,臻鼎元富98售03  ,0,0,0,0,0,0,0,0,0,-31000,0,0,0,79000,110000,-31000,-31000
05946P,和碩中信96售01  ,0,0,0,0,0,0,0,0,0,-31000,0,0,0,1000,32000,-31000,-31000
05878P,創意群益98售01  ,0,0,0,0,0,0,0,0,0,-31000,0,0,0,0,31000,-31000,-31000
06139P,台積電中信99售02,0,0,0,0,0,0,0,0,0,-31000,0,0,0,55000,86000,-31000,-31000
056467,上証2X元大98購02,0,0,0,0,0,0,0,0,0,-32000,0,0,0,68000,100000,-32000,-32000
056563,華新科群益98購04,0,0,0,0,0,0,0,0,0,-32000,0,0,0,16000,48000,-32000,-32000
055549,旺宏凱基97購03  ,0,0,0,0,0,0,0,0,0,-32000,0,0,0,0,32000,-32000,-32000
057039,元油2X元大9B購07,0,0,0,0,0,0,0,0,0,-32000,0,0,0,40000,72000,-32000,-32000
057200,技嘉元富98購01  ,0,0,0,0,0,0,0,0,0,-32000,0,0,0,146000,178000,-32000,-32000
056881,台灣50康和9A購01,0,0,0,0,0,0,0,0,0,-32000,0,0,0,0,32000,-32000,-32000
05755P,臺股指中信99售04,0,0,0,0,0,0,0,0,0,-32000,0,0,0,30000,62000,-32000,-32000
057633,緯穎永豐98購02  ,0,0,0,0,0,0,0,0,0,-32000,0,0,0,48000,80000,-32000,-32000
04470P,為升元大94售01  ,0,0,0,0,0,0,0,0,0,-32000,0,0,0,28000,60000,-32000,-32000
04520P,欣興群益94售02  ,0,0,0,0,0,0,0,0,0,-32000,0,0,0,0,32000,-32000,-32000
04142P,元油反凱基99售01,0,0,0,0,0,0,0,0,0,-32000,0,0,0,0,32000,-32000,-32000
04921P,TPK凱基94售05   ,0,0,0,0,0,0,0,0,0,-32000,0,0,0,0,32000,-32000,-32000
050876,復盛永豐95購01  ,0,0,0,0,0,0,0,0,0,-32000,0,0,0,32000,64000,-32000,-32000
050204,華新科群益94購05,0,0,0,0,0,0,0,0,0,-32000,0,0,0,65000,97000,-32000,-32000
049873,華新科台新94購02,0,0,0,0,0,0,0,0,0,-32000,0,0,0,0,32000,-32000,-32000
052250,光磊永豐95購01  ,0,0,0,0,0,0,0,0,0,-32000,0,0,0,11000,43000,-32000,-32000
051031,康友元富95購02  ,0,0,0,0,0,0,0,0,0,-32000,0,0,0,10000,42000,-32000,-32000
051260,鴻海永昌96購04  ,0,0,0,0,0,0,0,0,0,-32000,0,0,0,0,32000,-32000,-32000
052766,玉晶光群益9A購01,0,0,0,0,0,0,0,0,0,-32000,0,0,0,87000,119000,-32000,-32000
053559,台積電國泰98購01,0,0,0,0,0,0,0,0,0,-32000,0,0,0,238000,270000,-32000,-32000
053345,欣興國票97購02  ,0,0,0,0,0,0,0,0,0,-32000,0,0,0,48000,80000,-32000,-32000
053424,欣興永豐96購02  ,0,0,0,0,0,0,0,0,0,-32000,0,0,0,91000,123000,-32000,-32000
053293,聯發科中信9B購01,0,0,0,0,0,0,0,0,0,-32000,0,0,0,247000,279000,-32000,-32000
053032,國巨兆豐97購02  ,0,0,0,0,0,0,0,0,0,-32000,0,0,0,217000,249000,-32000,-32000
055064,碩天永豐97購01  ,0,0,0,0,0,0,0,0,0,-32000,0,0,0,0,32000,-32000,-32000
055249,大毅統一99購01  ,0,0,0,0,0,0,0,0,0,-32000,0,0,0,175000,207000,-32000,-32000
054412,智邦元大96購03  ,0,0,0,0,0,0,0,0,0,-32000,0,0,0,56000,88000,-32000,-32000
054807,台化元大9A購02  ,0,0,0,0,0,0,0,0,0,-32000,0,0,0,78000,110000,-32000,-32000
054794,貿聯群益98購01  ,0,0,0,0,0,0,0,0,0,-32000,0,0,0,0,32000,-32000,-32000
054750,聯茂凱基98購02  ,0,0,0,0,0,0,0,0,0,-32000,0,0,0,36000,68000,-32000,-32000
054752,易華電凱基97購02,0,0,0,0,0,0,0,0,0,-32000,0,0,0,0,32000,-32000,-32000
05996P,華新科群益96售03,0,0,0,0,0,0,0,0,0,-32000,0,0,0,138000,170000,-32000,-32000
06664P,聯發科兆豐98售02,0,0,0,0,0,0,0,0,0,-32000,0,0,0,0,32000,-32000,-32000
2704,國賓            ,29000,58000,-29000,0,0,0,0,0,0,-3000,0,3000,-3000,0,0,0,-32000
4994,傳奇            ,39100,51000,-11900,0,0,0,0,0,0,-21000,1000,0,1000,0,22000,-22000,-32900
05715P,創意元富96售05  ,0,0,0,0,0,0,0,0,0,-33000,0,0,0,0,33000,-33000,-33000
057149,京鼎國票99購02  ,0,0,0,0,0,0,0,0,0,-33000,0,0,0,15000,48000,-33000,-33000
056086,奇力新統一98購01,0,0,0,0,0,0,0,0,0,-33000,0,0,0,118000,151000,-33000,-33000
056018,旺宏群益97購02  ,0,0,0,0,0,0,0,0,0,-33000,0,0,0,0,33000,-33000,-33000
04385P,可成日盛94售01  ,0,0,0,0,0,0,0,0,0,-33000,0,0,0,0,33000,-33000,-33000
052396,台積電凱基97購01,0,0,0,0,0,0,0,0,0,-33000,0,0,0,0,33000,-33000,-33000
05107P,鴻海兆豐96售02  ,0,0,0,0,0,0,0,0,0,-33000,0,0,0,0,33000,-33000,-33000
049527,國巨中信95購01  ,0,0,0,0,0,0,0,0,0,-33000,0,0,0,10000,43000,-33000,-33000
049998,奇力新永豐94購03,0,0,0,0,0,0,0,0,0,-33000,0,0,0,10000,43000,-33000,-33000
050003,景碩永豐94購01  ,0,0,0,0,0,0,0,0,0,-33000,0,0,0,86000,119000,-33000,-33000
049118,元油2X元富94購03,0,0,0,0,0,0,0,0,0,-33000,0,0,0,71000,104000,-33000,-33000
054572,國巨元大98購03  ,0,0,0,0,0,0,0,0,0,-33000,0,0,0,191000,224000,-33000,-33000
054514,道瓊銀元大98購01,0,0,0,0,0,0,0,0,0,-33000,0,0,0,0,33000,-33000,-33000
055432,臻鼎群益97購02  ,0,0,0,0,0,0,0,0,0,-33000,0,0,0,7000,40000,-33000,-33000
053054,禾伸堂國票97購01,0,0,0,0,0,0,0,0,0,-33000,0,0,0,47000,80000,-33000,-33000
052869,新日興凱基96購01,0,0,0,0,0,0,0,0,0,-33000,0,0,0,25000,58000,-33000,-33000
2707,晶華            ,34000,67000,-33000,0,0,0,0,0,0,0,0,0,0,0,0,0,-33000
2530,華建            ,9000,39000,-30000,0,0,0,0,0,0,-3000,0,3000,-3000,0,0,0,-33000
3057,喬鼎            ,1000,34000,-33000,0,0,0,0,0,0,0,0,0,0,0,0,0,-33000
06873P,嘉晶元富98售02  ,0,0,0,0,0,0,0,0,0,-33000,0,0,0,3000,36000,-33000,-33000
06245P,健策元富97售03  ,0,0,0,0,0,0,0,0,0,-33000,0,0,0,61000,94000,-33000,-33000
05938P,旺宏凱基96售07  ,0,0,0,0,0,0,0,0,0,-33000,0,0,0,120000,153000,-33000,-33000
058033,景碩永豐98購02  ,0,0,0,0,0,0,0,0,0,-33000,0,0,0,0,33000,-33000,-33000
056391,大立光富邦9C購01,0,0,0,0,0,0,0,0,0,-34000,0,0,0,50000,84000,-34000,-34000
056362,聯發科元大99購01,0,0,0,0,0,0,0,0,0,-34000,0,0,0,480000,514000,-34000,-34000
04188P,康控元富93售03  ,0,0,0,0,0,0,0,0,0,-34000,0,0,0,6000,40000,-34000,-34000
00766L,台新MSCI中國正2 ,0,0,0,0,0,0,0,0,0,-34000,0,0,0,223000,257000,-34000,-34000
04252P,台達電元富93售02,0,0,0,0,0,0,0,0,0,-34000,0,0,0,6000,40000,-34000,-34000
04807P,聯茂元富94售01  ,0,0,0,0,0,0,0,0,0,-34000,0,0,0,18000,52000,-34000,-34000
048549,滬深2X元大96購03,0,0,0,0,0,0,0,0,0,-34000,0,0,0,0,34000,-34000,-34000
04959P,可成凱基94售14  ,0,0,0,0,0,0,0,0,0,-34000,0,0,0,112000,146000,-34000,-34000
049488,智邦元大95購01  ,0,0,0,0,0,0,0,0,0,-34000,0,0,0,0,34000,-34000,-34000
05226P,智邦統一95售01  ,0,0,0,0,0,0,0,0,0,-34000,0,0,0,170000,204000,-34000,-34000
051127,同欣電群益95購01,0,0,0,0,0,0,0,0,0,-34000,0,0,0,146000,180000,-34000,-34000
050804,和大日盛95購01  ,0,0,0,0,0,0,0,0,0,-34000,0,0,0,14000,48000,-34000,-34000
053048,同欣電麥證96購01,0,0,0,0,34000,-34000,0,0,0,-34000,0,0,0,0,34000,-34000,-34000
053232,友達永豐97購02  ,0,0,0,0,0,0,0,0,0,-34000,0,0,0,36000,70000,-34000,-34000
055002,群創元富99購04  ,0,0,0,0,0,0,0,0,0,-34000,0,0,0,12000,46000,-34000,-34000
054724,鴻海日盛97購02  ,0,0,0,0,0,0,0,0,0,-34000,0,0,0,46000,80000,-34000,-34000
06895P,台灣50統一9A售01,0,0,0,0,0,0,0,0,0,-34000,0,0,0,0,34000,-34000,-34000
06914P,南茂元大98售03  ,0,0,0,0,0,0,0,0,0,-34000,0,0,0,0,34000,-34000,-34000
06309P,光罩元富97售03  ,0,0,0,0,0,0,0,0,0,-34000,0,0,0,21000,55000,-34000,-34000
1436,華友聯          ,11000,45000,-34000,0,0,0,0,0,0,0,0,0,0,0,0,0,-34000
9943,好樂迪          ,11000,45000,-34000,0,0,0,0,0,0,0,0,0,0,0,0,0,-34000
056929,華新科台新98購01,0,0,0,0,0,0,0,0,0,-35000,0,0,0,10000,45000,-35000,-35000
057844,新日興永豐99購01,0,0,0,0,0,0,0,0,0,-35000,0,0,0,31000,66000,-35000,-35000
057746,同欣電永豐98購02,0,0,0,0,0,0,0,0,0,-35000,0,0,0,0,35000,-35000,-35000
057479,致茂元大98購03  ,0,0,0,0,0,0,0,0,0,-35000,0,0,0,15000,50000,-35000,-35000
057405,麗豐群益98購01  ,0,0,0,0,0,0,0,0,0,-35000,0,0,0,0,35000,-35000,-35000
04647P,上海銀凱基94售04,0,0,0,0,0,0,0,0,0,-35000,0,0,0,0,35000,-35000,-35000
044304,臻鼎兆豐93購01  ,0,0,0,0,0,0,0,0,0,-35000,0,0,0,5000,40000,-35000,-35000
047227,華新科凱基94購01,0,0,0,0,0,0,0,0,0,-35000,0,0,0,10000,45000,-35000,-35000
04611P,元油2X群益98售02,0,0,0,0,0,0,0,0,0,-35000,0,0,0,1685000,1720000,-35000,-35000
052591,康友永豐97購01  ,0,0,0,0,0,0,0,0,0,-35000,0,0,0,0,35000,-35000,-35000
052444,友訊元大95購01  ,0,0,0,0,0,0,0,0,0,-35000,0,0,0,114000,149000,-35000,-35000
052105,南亞科兆豐95購01,0,0,0,0,0,0,0,0,0,-35000,0,0,0,0,35000,-35000,-35000
049947,S&P反1中信97購01,0,0,0,0,0,0,0,0,0,-35000,0,0,0,15000,50000,-35000,-35000
049307,上銀凱基94購03  ,0,0,0,0,0,0,0,0,0,-35000,0,0,0,0,35000,-35000,-35000
050937,可成國票96購02  ,0,0,0,0,0,0,0,0,0,-35000,0,0,0,77000,112000,-35000,-35000
054730,上証2X凱基98購02,0,0,0,0,0,0,0,0,0,-35000,0,0,0,0,35000,-35000,-35000
054838,京鼎第一97購01  ,0,0,0,0,0,0,0,0,0,-35000,0,0,0,13000,48000,-35000,-35000
054571,楠梓電元大99購01,0,0,0,0,0,0,0,0,0,-35000,0,0,0,146000,181000,-35000,-35000
05458P,台積電凱基97售02,0,0,0,0,0,0,0,0,0,-35000,0,0,0,50000,85000,-35000,-35000
054406,旺宏國票98購01  ,0,0,0,0,0,0,0,0,0,-35000,0,0,0,0,35000,-35000,-35000
054946,億光元大97購01  ,0,0,0,0,0,0,0,0,0,-35000,0,0,0,0,35000,-35000,-35000
054976,上証2X元富9A購01,0,0,0,0,0,0,0,0,0,-35000,0,0,0,0,35000,-35000,-35000
052934,中磊元大96購01  ,0,0,0,0,0,0,0,0,0,-35000,0,0,0,114000,149000,-35000,-35000
8499,鼎炫-KY         ,4000,39000,-35000,0,0,0,0,0,0,0,0,0,0,0,0,0,-35000
3013,晟銘電          ,4000,38000,-34000,0,0,0,0,0,0,-1000,1000,2000,-1000,0,0,0,-35000
08672P,聯發科統一01售09,0,0,0,0,0,0,0,0,0,-35000,0,0,0,0,35000,-35000,-35000
06093P,華通元富97售03  ,0,0,0,0,0,0,0,0,0,-35000,0,0,0,150000,185000,-35000,-35000
045377,華邦電元大93購01,0,0,0,0,0,0,0,0,0,-36000,0,0,0,99000,135000,-36000,-36000
047548,友達凱基99購03  ,0,0,0,0,0,0,0,0,0,-36000,0,0,0,69000,105000,-36000,-36000
051970,元黃金凱基98購01,0,0,0,0,0,0,0,0,0,-36000,0,0,0,0,36000,-36000,-36000
051910,大立光元大97購01,0,0,0,0,0,0,0,0,0,-36000,0,0,0,0,36000,-36000,-36000
051889,智邦元富95購02  ,0,0,0,0,0,0,0,0,0,-36000,0,0,0,113000,149000,-36000,-36000
051736,旺宏國票96購01  ,0,0,0,0,0,0,0,0,0,-36000,0,0,0,0,36000,-36000,-36000
052768,泰鼎群益96購01  ,0,0,0,0,0,0,0,0,0,-36000,0,0,0,106000,142000,-36000,-36000
052321,華擎元大95購01  ,0,0,0,0,0,0,0,0,0,-36000,0,0,0,3000,39000,-36000,-36000
05127P,鴻海亞東96售01  ,0,0,0,0,0,0,0,0,0,-36000,0,0,0,0,36000,-36000,-36000
052888,台表科中信9A購01,0,0,0,0,0,0,0,0,0,-36000,0,0,0,0,36000,-36000,-36000
05360P,健策元大95售03  ,0,0,0,0,0,0,0,0,0,-36000,0,0,0,0,36000,-36000,-36000
053625,國巨兆豐96購03  ,0,0,0,0,0,0,0,0,0,-36000,0,0,0,238000,274000,-36000,-36000
054094,創意群益96購02  ,0,0,0,0,0,0,0,0,0,-36000,0,0,0,0,36000,-36000,-36000
054926,神達凱基98購01  ,0,0,0,0,0,0,0,0,0,-36000,0,0,0,68000,104000,-36000,-36000
055356,大立光凱基97購06,0,0,0,0,0,0,0,0,0,-36000,0,0,0,14000,50000,-36000,-36000
054668,傳奇元富97購03  ,0,0,0,0,0,0,0,0,0,-36000,0,0,0,70000,106000,-36000,-36000
06833P,矽力群益99售01  ,0,0,0,0,0,0,0,0,0,-36000,0,0,0,65000,101000,-36000,-36000
06846P,美律元大98售05  ,0,0,0,0,0,0,0,0,0,-36000,0,0,0,0,36000,-36000,-36000
1503,士電            ,1000,37000,-36000,0,0,0,0,0,0,0,0,0,0,0,0,0,-36000
2030,彰源            ,3000,38000,-35000,0,0,0,0,0,0,-1000,0,1000,-1000,0,0,0,-36000
1760,寶齡富錦        ,78000,114000,-36000,0,0,0,0,0,0,0,0,0,0,3000,3000,0,-36000
056836,國巨元富98購01  ,0,0,0,0,0,0,0,0,0,-37000,0,0,0,784000,821000,-37000,-37000
05674P,瑞昱群益96售02  ,0,0,0,0,0,0,0,0,0,-37000,0,0,0,0,37000,-37000,-37000
057091,華新科元富9A購01,0,0,0,0,0,0,0,0,0,-37000,0,0,0,80000,117000,-37000,-37000
047571,滬深2X群益99購01,0,0,0,0,0,0,0,0,0,-37000,0,0,0,30000,67000,-37000,-37000
048070,聯發科元富99購03,0,0,0,0,0,0,0,0,0,-37000,0,0,0,100000,137000,-37000,-37000
00736,國泰新興市場    ,0,0,0,0,0,0,0,0,0,-37000,0,0,0,164000,201000,-37000,-37000
04931P,臻鼎元富94售09  ,0,0,0,0,0,0,0,0,0,-37000,0,0,0,35000,72000,-37000,-37000
049892,國巨富邦96購01  ,0,0,0,0,0,0,0,0,0,-37000,0,0,0,26000,63000,-37000,-37000
050692,鴻海凱基96購04  ,0,0,0,0,0,0,0,0,0,-37000,0,0,0,11000,48000,-37000,-37000
054398,牧德永豐96購03  ,0,0,0,0,0,0,0,0,0,-37000,0,0,0,98000,135000,-37000,-37000
054243,國喬元大96購01  ,0,0,0,0,0,0,0,0,0,-37000,0,0,0,115000,152000,-37000,-37000
05307P,光寶科中信95售01,0,0,0,0,0,0,0,0,0,-37000,0,0,0,0,37000,-37000,-37000
06447P,上銀元大98售01  ,0,0,0,0,0,0,0,0,0,-37000,0,0,0,0,37000,-37000,-37000
06119P,大立光凱基98售04,0,0,0,0,0,0,0,0,0,-37000,0,0,0,0,37000,-37000,-37000
058058,大立光元富9B購02,0,0,0,0,0,0,0,0,0,-37000,0,0,0,0,37000,-37000,-37000
05804P,美律永豐96售01  ,1000,0,1000,0,0,0,0,0,0,-38000,0,0,0,0,38000,-38000,-37000
057112,立積群益99購01  ,0,0,0,0,0,0,0,0,0,-38000,0,0,0,11000,49000,-38000,-38000
056688,聯詠統一98購01  ,0,0,0,0,0,0,0,0,0,-38000,0,0,0,10000,48000,-38000,-38000
057387,奇力新永豐98購03,0,0,0,0,0,0,0,0,0,-38000,0,0,0,30000,68000,-38000,-38000
057299,立積永豐98購02  ,0,0,0,0,0,0,0,0,0,-38000,0,0,0,172000,210000,-38000,-38000
056420,台表科元富98購01,0,0,0,0,0,0,0,0,0,-38000,0,0,0,22000,60000,-38000,-38000
056055,國巨元大97購15  ,0,0,0,0,0,0,0,0,0,-38000,0,0,0,129000,167000,-38000,-38000
055840,南亞科元大97購03,0,0,0,0,0,0,0,0,0,-38000,0,0,0,242000,280000,-38000,-38000
055746,同欣電元富97購01,0,0,0,0,0,0,0,0,0,-38000,0,0,0,50000,88000,-38000,-38000
035274,華新台新97購01  ,0,0,0,0,0,0,0,0,0,-38000,0,0,0,0,38000,-38000,-38000
048865,世紀鋼群益94購01,0,0,0,0,0,0,0,0,0,-38000,0,0,0,22000,60000,-38000,-38000
051483,玉晶光凱基96購02,0,0,0,0,0,0,0,0,0,-38000,0,0,0,210000,248000,-38000,-38000
04915P,鴻海永昌96售02  ,0,0,0,0,0,0,0,0,0,-38000,0,0,0,115000,153000,-38000,-38000
047033,日月光中信95購01,0,0,0,0,0,0,0,0,0,-38000,0,0,0,58000,96000,-38000,-38000
051788,奇力新國票97購02,0,0,0,0,0,0,0,0,0,-38000,0,0,0,0,38000,-38000,-38000
051332,奇力新永豐95購01,0,0,0,0,0,0,0,0,0,-38000,0,0,0,23000,61000,-38000,-38000
052660,京元電國票97購01,0,0,0,0,0,0,0,0,0,-38000,0,0,0,24000,62000,-38000,-38000
052661,奇力新國票97購03,0,0,0,0,0,0,0,0,0,-38000,0,0,0,0,38000,-38000,-38000
052579,亞泥元富96購01  ,0,0,0,0,0,0,0,0,0,-38000,0,0,0,110000,148000,-38000,-38000
052929,可成元大96購02  ,0,0,0,0,0,0,0,0,0,-38000,0,0,0,160000,198000,-38000,-38000
054100,致伸國票97購03  ,0,0,0,0,0,0,0,0,0,-38000,0,0,0,55000,93000,-38000,-38000
054173,奇力新台新97購02,0,0,0,0,0,0,0,0,0,-38000,0,0,0,0,38000,-38000,-38000
054057,晶豪科國票97購01,0,0,0,0,0,0,0,0,0,-38000,0,0,0,0,38000,-38000,-38000
054357,可成兆豐97購02  ,0,0,0,0,0,0,0,0,0,-38000,0,0,0,0,38000,-38000,-38000
054335,緯穎永豐96購02  ,0,0,0,0,0,0,0,0,0,-38000,0,0,0,40000,78000,-38000,-38000
054737,京元電凱基99購01,0,0,0,0,0,0,0,0,0,-38000,0,0,0,6000,44000,-38000,-38000
055106,台積電凱基98購05,0,0,0,0,0,0,0,0,0,-38000,0,0,0,200000,238000,-38000,-38000
055182,京鼎統一98購01  ,0,0,0,0,0,0,0,0,0,-38000,0,0,0,10000,48000,-38000,-38000
057946,晶相光國票99購01,0,0,0,0,0,0,0,0,0,-38000,0,0,0,12000,50000,-38000,-38000
05884P,旺宏統一96售01  ,0,0,0,0,0,0,0,0,0,-38000,0,0,0,213000,251000,-38000,-38000
1447,力鵬            ,25000,51000,-26000,0,0,0,0,0,0,-12000,0,12000,-12000,0,0,0,-38000
4746,台耀            ,76000,121000,-45000,0,0,0,0,0,0,7000,13000,6000,7000,0,0,0,-38000
056419,欣興元富98購02  ,0,0,0,0,0,0,0,0,0,-39000,0,0,0,55000,94000,-39000,-39000
056261,台積電統一97購07,0,0,0,0,0,0,0,0,0,-39000,0,0,0,9000,48000,-39000,-39000
04756P,大立光元富94售08,0,0,0,0,0,0,0,0,0,-39000,0,0,0,161000,200000,-39000,-39000
04778P,可成凱基94售10  ,0,0,0,0,0,0,0,0,0,-39000,0,0,0,40000,79000,-39000,-39000
04676P,彩晶統一94售03  ,0,0,0,0,0,0,0,0,0,-39000,0,0,0,0,39000,-39000,-39000
047313,華新科元大93購08,0,0,0,0,0,0,0,0,0,-39000,0,0,0,1000,40000,-39000,-39000
048704,台表科國票95購01,0,0,0,0,0,0,0,0,0,-39000,0,0,0,62000,101000,-39000,-39000
04862P,台積電元大94售26,0,0,0,0,0,0,0,0,0,-39000,0,0,0,160000,199000,-39000,-39000
03399P,欣興中信02售03  ,0,0,0,0,0,0,0,0,0,-39000,0,0,0,161000,200000,-39000,-39000
048349,美利達元大96購02,0,0,0,0,0,0,0,0,0,-39000,0,0,0,20000,59000,-39000,-39000
04412P,欣興元富94售01  ,0,0,0,0,0,0,0,0,0,-39000,0,0,0,0,39000,-39000,-39000
050390,聯發科統一94購09,0,0,0,0,0,0,0,0,0,-39000,0,0,0,15000,54000,-39000,-39000
052521,友達元大9B購01  ,0,0,0,0,0,0,0,0,0,-39000,0,0,0,91000,130000,-39000,-39000
052375,奇力新元大96購02,0,0,0,0,0,0,0,0,0,-39000,0,0,0,91000,130000,-39000,-39000
05129P,鴻海兆豐95售02  ,0,0,0,0,0,0,0,0,0,-39000,0,0,0,0,39000,-39000,-39000
055217,緯創凱基97購02  ,0,0,0,0,0,0,0,0,0,-39000,0,0,0,61000,100000,-39000,-39000
055296,康舒元大97購02  ,0,0,0,0,0,0,0,0,0,-39000,0,0,0,160000,199000,-39000,-39000
055405,華泰國泰98購01  ,0,0,0,0,0,0,0,0,0,-39000,0,0,0,1000,40000,-39000,-39000
05462P,美律亞東97售01  ,0,0,0,0,0,0,0,0,0,-39000,0,0,0,0,39000,-39000,-39000
053142,緯穎永豐96購01  ,0,0,0,0,0,0,0,0,0,-39000,0,0,0,5000,44000,-39000,-39000
4916,事欣科          ,31000,70000,-39000,0,0,0,0,0,0,0,3000,3000,0,0,0,0,-39000
8429,金麗-KY         ,17000,55000,-38000,0,0,0,0,0,0,-1000,0,1000,-1000,0,0,0,-39000
3311,閎暉            ,6000,37000,-31000,0,0,0,0,0,0,-8000,2000,10000,-8000,0,0,0,-39000
06147P,國巨元大97售05  ,0,0,0,0,0,0,0,0,0,-39000,0,0,0,51000,90000,-39000,-39000
06608P,立積群益99售02  ,0,0,0,0,0,0,0,0,0,-39000,0,0,0,5000,44000,-39000,-39000
08388P,台灣50中信03售09,0,0,0,0,0,0,0,0,0,-39000,0,0,0,610000,649000,-39000,-39000
056516,晶豪科兆豐98購01,0,0,0,0,0,0,0,0,0,-40000,0,0,0,90000,130000,-40000,-40000
055694,光罩國票98購01  ,0,0,0,0,0,0,0,0,0,-40000,0,0,0,20000,60000,-40000,-40000
055667,致茂群益98購01  ,0,0,0,0,0,0,0,0,0,-40000,0,0,0,87000,127000,-40000,-40000
057438,禾伸堂國票99購01,0,0,0,0,0,0,0,0,0,-40000,0,0,0,8000,48000,-40000,-40000
057840,健策富邦99購01  ,0,0,0,0,0,0,0,0,0,-40000,0,0,0,0,40000,-40000,-40000
056727,滬深反凱基9B購01,0,0,0,0,0,0,0,0,0,-40000,0,0,0,0,40000,-40000,-40000
056798,華新科麥證98購01,0,0,0,10000,50000,-40000,0,0,0,-40000,0,0,0,10000,50000,-40000,-40000
056790,彩晶群益98購03  ,0,0,0,0,0,0,0,0,0,-40000,0,0,0,0,40000,-40000,-40000
057085,立積統一9B購02  ,0,0,0,0,0,0,0,0,0,-40000,0,0,0,0,40000,-40000,-40000
04272P,元上證凱基94售01,0,0,0,0,0,0,0,0,0,-40000,0,0,0,60000,100000,-40000,-40000
048307,道瓊指凱基93購01,0,0,0,0,0,0,0,0,0,-40000,0,0,0,10000,50000,-40000,-40000
04729P,臺股指中信96售01,0,0,0,0,0,0,0,0,0,-40000,0,0,0,0,40000,-40000,-40000
049075,光磊凱基94購01  ,0,0,0,0,0,0,0,0,0,-40000,0,0,0,0,40000,-40000,-40000
04600P,可成凱基94售07  ,0,0,0,0,0,0,0,0,0,-40000,0,0,0,120000,160000,-40000,-40000
048186,元黃金元大96購01,0,0,0,0,0,0,0,0,0,-40000,0,0,0,6000,46000,-40000,-40000
048192,華通元大96購01  ,0,0,0,0,0,0,0,0,0,-40000,0,0,0,47000,87000,-40000,-40000
04735P,聯茂兆豐94售01  ,0,0,0,0,0,0,0,0,0,-40000,0,0,0,0,40000,-40000,-40000
047478,旺宏凱基93購04  ,0,0,0,0,0,0,0,0,0,-40000,0,0,0,0,40000,-40000,-40000
047556,群創凱基95購01  ,0,0,0,0,0,0,0,0,0,-40000,0,0,0,15000,55000,-40000,-40000
051285,鴻海統一95購07  ,0,0,0,0,0,0,0,0,0,-40000,0,0,0,0,40000,-40000,-40000
051267,美律富邦96購01  ,0,0,0,0,0,0,0,0,0,-40000,0,0,0,0,40000,-40000,-40000
050766,燿華元大96購02  ,0,0,0,0,0,0,0,0,0,-40000,0,0,0,0,40000,-40000,-40000
050988,廣達富邦95購01  ,0,0,0,0,0,0,0,0,0,-40000,0,0,0,60000,100000,-40000,-40000
052368,力成國票96購01  ,0,0,0,0,0,0,0,0,0,-40000,0,0,0,0,40000,-40000,-40000
052389,聯發科群益95購05,0,0,0,0,0,0,0,0,0,-40000,0,0,0,0,40000,-40000,-40000
052801,友達元大9A購01  ,0,0,0,0,0,0,0,0,0,-40000,0,0,0,155000,195000,-40000,-40000
052593,台積電群益96購02,0,0,0,0,0,0,0,0,0,-40000,0,0,0,40000,80000,-40000,-40000
05178P,大立光凱基96售05,0,0,0,0,0,0,0,0,0,-40000,0,0,0,300000,340000,-40000,-40000
052145,京元電群益95購02,0,0,0,0,0,0,0,0,0,-40000,0,0,0,0,40000,-40000,-40000
052087,鴻海元大96購09  ,0,0,0,0,0,0,0,0,0,-40000,0,0,0,10000,50000,-40000,-40000
050551,大立光凱基95購05,0,0,0,0,0,0,0,0,0,-40000,0,0,0,0,40000,-40000,-40000
050567,道瓊銀中信96購01,0,0,0,0,0,0,0,0,0,-40000,0,0,0,0,40000,-40000,-40000
050004,明泰永豐94購01  ,0,0,0,0,0,0,0,0,0,-40000,0,0,0,0,40000,-40000,-40000
053090,新唐元大96購01  ,0,0,0,0,0,0,0,0,0,-40000,0,0,0,0,40000,-40000,-40000
053196,康控元富96購01  ,0,0,0,0,0,0,0,0,0,-40000,0,0,0,10000,50000,-40000,-40000
053349,台郡國票97購02  ,0,0,0,0,0,0,0,0,0,-40000,0,0,0,50000,90000,-40000,-40000
05349P,可成元富98售03  ,0,0,0,0,0,0,0,0,0,-40000,0,0,0,10000,50000,-40000,-40000
054156,聯電亞東98購01  ,0,0,0,0,0,0,0,0,0,-40000,0,0,0,10000,50000,-40000,-40000
053685,台積電元大96購18,0,0,0,0,0,0,0,0,0,-40000,0,0,0,39000,79000,-40000,-40000
053567,群創富邦97購01  ,0,0,0,0,0,0,0,0,0,-40000,0,0,0,0,40000,-40000,-40000
054625,旺宏凱基98購03  ,0,0,0,0,0,0,0,0,0,-40000,0,0,0,0,40000,-40000,-40000
054867,華航群益99購01  ,0,0,0,0,0,0,0,0,0,-40000,0,0,0,0,40000,-40000,-40000
054275,華通群益97購03  ,0,0,0,0,0,0,0,0,0,-40000,0,0,0,70000,110000,-40000,-40000
054289,聯發科元大97購11,0,0,0,0,0,0,0,0,0,-40000,0,0,0,20000,60000,-40000,-40000
054403,同欣電永豐96購02,0,0,0,0,0,0,0,0,0,-40000,0,0,0,0,40000,-40000,-40000
054401,康普永豐96購01  ,0,0,0,0,0,0,0,0,0,-40000,0,0,0,0,40000,-40000,-40000
054452,華通亞東96購01  ,0,0,0,0,0,0,0,0,0,-40000,0,0,0,0,40000,-40000,-40000
055308,聯發科群益97購04,0,0,0,0,0,0,0,0,0,-40000,0,0,0,0,40000,-40000,-40000
054945,正崴元大97購01  ,0,0,0,0,0,0,0,0,0,-40000,0,0,0,0,40000,-40000,-40000
08100P,台灣50元富95售01,0,0,0,0,0,0,0,0,0,-40000,0,0,0,0,40000,-40000,-40000
06878P,台灣50日盛9B售01,0,0,0,0,0,0,0,0,0,-40000,0,0,0,5000,45000,-40000,-40000
06520P,元油2X元大98售04,0,0,0,0,0,0,0,0,0,-40000,0,0,0,390000,430000,-40000,-40000
06159P,牧德元富97售02  ,0,0,0,0,0,0,0,0,0,-40000,0,0,0,33000,73000,-40000,-40000
06142P,台虹康和97售02  ,0,0,0,0,0,0,0,0,0,-40000,0,0,0,3000,43000,-40000,-40000
05925P,晶技永豐96售03  ,0,0,0,0,0,0,0,0,0,-40000,0,0,0,85000,125000,-40000,-40000
057958,禾伸堂元大99購05,0,0,0,0,0,0,0,0,0,-40000,0,0,0,32000,72000,-40000,-40000
058060,貿聯元富98購01  ,0,0,0,0,0,0,0,0,0,-40000,0,0,0,0,40000,-40000,-40000
2495,普安            ,36000,76000,-40000,0,0,0,0,0,0,0,0,0,0,0,0,0,-40000
8104,錸寶            ,18000,57000,-39000,0,0,0,0,0,0,-1000,0,1000,-1000,0,0,0,-40000
056802,友達台新98購01  ,0,0,0,0,0,0,0,0,0,-41000,0,0,0,9000,50000,-41000,-41000
05667P,旺宏台新96售01  ,0,0,0,0,0,0,0,0,0,-41000,0,0,0,16000,57000,-41000,-41000
057443,臺股指統一99購04,0,0,0,0,0,0,0,0,0,-41000,0,0,0,0,41000,-41000,-41000
055571,鴻海統一97購03  ,0,0,0,0,0,0,0,0,0,-41000,0,0,0,0,41000,-41000,-41000
047675,群創元富96購03  ,0,0,0,0,0,0,0,0,0,-41000,0,0,0,10000,51000,-41000,-41000
047196,上銀統一97購01  ,0,0,0,0,0,0,0,0,0,-41000,0,0,0,10000,51000,-41000,-41000
050954,樺漢群益95購01  ,0,0,0,0,0,0,0,0,0,-41000,0,0,0,0,41000,-41000,-41000
051081,聯茂富邦96購01  ,0,0,0,0,0,0,0,0,0,-41000,0,0,0,67000,108000,-41000,-41000
054962,玉晶光元大99購02,0,0,0,0,0,0,0,0,0,-41000,0,0,0,25000,66000,-41000,-41000
055163,訊芯元大98購01  ,0,0,0,0,0,0,0,0,0,-41000,0,0,0,50000,91000,-41000,-41000
054472,道瓊反中信9A購01,0,0,0,0,0,0,0,0,0,-41000,0,0,0,2000,43000,-41000,-41000
054205,華新國票97購02  ,0,0,0,0,0,0,0,0,0,-41000,0,0,0,0,41000,-41000,-41000
053974,大立光元大96購10,0,0,0,0,0,0,0,0,0,-41000,0,0,0,0,41000,-41000,-41000
05281P,南亞科元大95售03,0,0,0,0,0,0,0,0,0,-41000,0,0,0,0,41000,-41000,-41000
8114,振樺電          ,2000,36000,-34000,0,0,0,0,6000,-6000,-1000,0,1000,-1000,0,0,0,-41000
1446,宏和            ,6000,46000,-40000,0,0,0,0,0,0,-1000,0,1000,-1000,0,0,0,-41000
1452,宏益            ,0,40000,-40000,0,0,0,0,0,0,-1000,0,1000,-1000,0,0,0,-41000
1723,中碳            ,33000,130000,-97000,0,0,0,51000,0,51000,5000,5000,0,5000,0,0,0,-41000
057894,華通元富02購02  ,0,0,0,0,0,0,0,0,0,-41000,0,0,0,0,41000,-41000,-41000
05910P,力山永豐96售02  ,0,0,0,0,0,0,0,0,0,-41000,0,0,0,10000,51000,-41000,-41000
06132P,正文元富97售01  ,0,0,0,0,0,0,0,0,0,-41000,0,0,0,0,41000,-41000,-41000
06247P,同欣電元富97售02,0,0,0,0,0,0,0,0,0,-41000,0,0,0,70000,111000,-41000,-41000
06467P,旺宏統一98售01  ,0,0,0,0,0,0,0,0,0,-41000,0,0,0,170000,211000,-41000,-41000
06912P,台光電元大99售02,0,0,0,0,0,0,0,0,0,-41000,0,0,0,0,41000,-41000,-41000
06942P,台灣50台新02售01,0,0,0,0,0,0,0,0,0,-41000,0,0,0,0,41000,-41000,-41000
055585,國巨元大98購08  ,0,0,0,0,0,0,0,0,0,-42000,0,0,0,126000,168000,-42000,-42000
055908,GIS日盛97購01   ,0,0,0,0,0,0,0,0,0,-42000,0,0,0,48000,90000,-42000,-42000
055906,大立光兆豐97購03,0,0,0,0,0,0,0,0,0,-42000,0,0,0,0,42000,-42000,-42000
056144,GIS元大98購01   ,0,0,0,0,0,0,0,0,0,-42000,0,0,0,24000,66000,-42000,-42000
057694,臺股指凱基98購12,0,0,0,0,0,0,0,0,0,-42000,0,0,0,0,42000,-42000,-42000
057138,亞德客兆豐98購01,0,0,0,0,0,0,0,0,0,-42000,0,0,0,8000,50000,-42000,-42000
047844,台虹元大93購02  ,0,0,0,0,0,0,0,0,0,-42000,0,0,0,70000,112000,-42000,-42000
050673,旺宏富邦96購02  ,0,0,0,0,0,0,0,0,0,-42000,0,0,0,0,42000,-42000,-42000
051926,聯電中信97購01  ,0,0,0,0,0,0,0,0,0,-42000,0,0,0,0,42000,-42000,-42000
052936,華通兆豐98購01  ,0,0,0,0,0,0,0,0,0,-42000,0,0,0,55000,97000,-42000,-42000
053718,全新凱基97購02  ,0,0,0,0,0,0,0,0,0,-42000,0,0,0,1000,43000,-42000,-42000
054855,得力群益98購01  ,0,0,0,0,0,0,0,0,0,-42000,0,0,0,10000,52000,-42000,-42000
06486P,麗豐元大98售02  ,0,0,0,0,0,0,0,0,0,-42000,0,0,0,11000,53000,-42000,-42000
06052P,台郡國票97售06  ,0,0,0,0,0,0,0,0,0,-42000,0,0,0,2000,44000,-42000,-42000
057916,國巨凱基98購13  ,0,0,0,0,0,0,0,0,0,-42000,0,0,0,5000,47000,-42000,-42000
058002,FBVIX群益9C購01 ,0,0,0,0,0,0,0,0,0,-42000,0,0,0,0,42000,-42000,-42000
1316,上曜            ,69000,111000,-42000,0,0,0,0,0,0,0,0,0,0,0,0,0,-42000
2748,雲品            ,2000,44000,-42000,0,0,0,0,0,0,0,0,0,0,0,0,0,-42000
057135,立積凱基98購01  ,0,0,0,0,0,0,0,0,0,-43000,0,0,0,67000,110000,-43000,-43000
057090,奇力新元富98購02,0,0,0,0,0,0,0,0,0,-43000,0,0,0,0,43000,-43000,-43000
056761,元油2X元大98購07,0,0,0,0,0,0,0,0,0,-43000,0,0,0,644000,687000,-43000,-43000
057627,和大永豐98購01  ,0,0,0,0,0,0,0,0,0,-43000,0,0,0,40000,83000,-43000,-43000
057582,亞光中信9A購02  ,0,0,0,0,0,0,0,0,0,-43000,0,0,0,0,43000,-43000,-43000
056358,友訊元大99購01  ,0,0,0,0,0,0,0,0,0,-43000,0,0,0,0,43000,-43000,-43000
056504,國巨永豐98購02  ,0,0,0,0,0,0,0,0,0,-43000,0,0,0,5000,48000,-43000,-43000
055728,緯穎元大97購03  ,0,0,0,0,0,0,0,0,0,-43000,0,0,0,42000,85000,-43000,-43000
048364,臺股指永豐93購04,0,0,0,0,0,0,0,0,0,-43000,0,0,0,0,43000,-43000,-43000
051830,健策元大97購01  ,0,0,0,0,0,0,0,0,0,-43000,0,0,0,26000,69000,-43000,-43000
051735,台積電國票96購06,0,0,0,0,0,0,0,0,0,-43000,0,0,0,269000,312000,-43000,-43000
050659,宏達電元大96購01,0,0,0,0,0,0,0,0,0,-43000,0,0,0,275000,318000,-43000,-43000
050890,南電富邦99購01  ,0,0,0,0,0,0,0,0,0,-43000,0,0,0,43000,86000,-43000,-43000
049554,禾伸堂富邦96購01,0,0,0,0,0,0,0,0,0,-43000,0,0,0,18000,61000,-43000,-43000
052380,臺股指元大95購21,0,0,0,0,0,0,0,0,0,-43000,0,0,0,0,43000,-43000,-43000
052262,華新亞東95購02  ,0,0,0,0,0,0,0,0,0,-43000,0,0,0,5000,48000,-43000,-43000
054415,奇力新元大96購06,0,0,0,0,0,0,0,0,0,-43000,0,0,0,4000,47000,-43000,-43000
055251,華新科統一99購01,0,0,0,0,0,0,0,0,0,-43000,0,0,0,0,43000,-43000,-43000
053693,欣興元大96購05  ,0,0,0,0,0,0,0,0,0,-43000,0,0,0,42000,85000,-43000,-43000
1460,宏遠            ,11000,51000,-40000,0,0,0,0,0,0,-3000,0,3000,-3000,0,0,0,-43000
8070,長華*           ,7000,43000,-36000,0,0,0,0,0,0,-7000,9000,16000,-7000,0,0,0,-43000
4919,新唐            ,160000,167000,-7000,0,0,0,1000,0,1000,-37000,0,1000,-1000,7000,43000,-36000,-43000
06020P,燿華元富96售04  ,0,0,0,0,0,0,0,0,0,-43000,0,0,0,10000,53000,-43000,-43000
06198P,台積電元大98售06,0,0,0,0,0,0,0,0,0,-43000,0,0,0,632000,675000,-43000,-43000
06903P,技嘉凱基98售04  ,0,0,0,0,0,0,0,0,0,-43000,0,0,0,0,43000,-43000,-43000
06703P,新日興元富98售02,0,0,0,0,0,0,0,0,0,-43000,0,0,0,125000,168000,-43000,-43000
055527,旺宏群益99購03  ,0,0,0,0,0,0,0,0,0,-44000,0,0,0,0,44000,-44000,-44000
05601P,鴻海元大97售04  ,0,0,0,0,0,0,0,0,0,-44000,0,0,0,236000,280000,-44000,-44000
056485,同欣電元大98購01,0,0,0,0,0,0,0,0,0,-44000,0,0,0,136000,180000,-44000,-44000
056754,智易兆豐99購01  ,0,0,0,0,0,0,0,0,0,-44000,0,0,0,64000,108000,-44000,-44000
057013,聯發科麥證98購01,0,0,0,10000,54000,-44000,0,0,0,-44000,0,0,0,10000,54000,-44000,-44000
047505,元金2X國票9B購01,0,0,0,0,0,0,0,0,0,-44000,0,0,0,152000,196000,-44000,-44000
04652P,臺股指凱基94售11,0,0,0,0,0,0,0,0,0,-44000,0,0,0,1000,45000,-44000,-44000
047861,臺股指國票93購16,0,0,0,0,0,0,0,0,0,-44000,0,0,0,0,44000,-44000,-44000
047993,鑽全元大96購01  ,0,0,0,0,0,0,0,0,0,-44000,0,0,0,23000,67000,-44000,-44000
048979,晶相光元大94購03,0,0,0,0,0,0,0,0,0,-44000,0,0,0,21000,65000,-44000,-44000
050869,健策永豐95購01  ,0,0,0,0,0,0,0,0,0,-44000,0,0,0,3000,47000,-44000,-44000
051601,群創兆豐95購02  ,0,0,0,0,0,0,0,0,0,-44000,0,0,0,100000,144000,-44000,-44000
045907,鴻海中信94購02  ,0,0,0,0,0,0,0,0,0,-44000,0,0,0,68000,112000,-44000,-44000
044853,亞光國泰93購01  ,0,0,0,0,0,0,0,0,0,-44000,0,0,0,21000,65000,-44000,-44000
04452P,超眾國泰95售01  ,0,0,0,0,0,0,0,0,0,-44000,0,0,0,10000,54000,-44000,-44000
03799P,京元電元大94售01,0,0,0,0,0,0,0,0,0,-44000,0,0,0,0,44000,-44000,-44000
03951P,新光金凱基95售01,0,0,0,0,0,0,0,0,0,-44000,0,0,0,0,44000,-44000,-44000
052527,泰鼎元大96購02  ,0,0,0,0,0,0,0,0,0,-44000,0,0,0,28000,72000,-44000,-44000
053879,元油反中信98購02,0,0,0,0,0,0,0,0,0,-44000,0,0,0,0,44000,-44000,-44000
053311,同欣電凱基96購01,0,0,0,0,0,0,0,0,0,-44000,0,0,0,31000,75000,-44000,-44000
054744,晶相光凱基99購01,0,0,0,0,0,0,0,0,0,-44000,0,0,0,51000,95000,-44000,-44000
06891P,緯穎富邦99售03  ,0,0,0,0,0,0,0,0,0,-44000,0,0,0,20000,64000,-44000,-44000
06269P,群創凱基98售10  ,0,0,0,0,0,0,0,0,0,-44000,0,0,0,100000,144000,-44000,-44000
05995P,T50正2中信9C售01,0,0,0,0,0,0,0,0,0,-44000,0,0,0,49000,93000,-44000,-44000
05897P,國巨凱基96售12  ,0,0,0,0,0,0,0,0,0,-44000,0,0,0,183000,227000,-44000,-44000
1558,伸興            ,11000,54000,-43000,0,0,0,0,0,0,-1000,0,1000,-1000,0,0,0,-44000
3257,虹冠電          ,14000,53000,-39000,0,0,0,0,0,0,-5000,3000,8000,-5000,0,0,0,-44000
2913,農林            ,418000,440000,-22000,0,0,0,0,0,0,-22000,0,22000,-22000,0,0,0,-44000
057113,祥碩群益98購01  ,0,0,0,0,0,0,0,0,0,-45000,0,0,0,175000,220000,-45000,-45000
05728P,滬深2X凱基98售03,0,0,0,0,0,0,0,0,0,-45000,0,0,0,0,45000,-45000,-45000
057232,京元電凱基98購02,0,0,0,0,0,0,0,0,0,-45000,0,0,0,0,45000,-45000,-45000
056857,國巨群益99購02  ,0,0,0,0,0,0,0,0,0,-45000,0,0,0,20000,65000,-45000,-45000
056654,元油2X元大98購02,0,0,0,0,0,0,0,0,0,-45000,0,0,0,20000,65000,-45000,-45000
055739,健鼎元富97購01  ,0,0,0,0,0,0,0,0,0,-45000,0,0,0,33000,78000,-45000,-45000
055747,康舒元富97購01  ,0,0,0,0,0,0,0,0,0,-45000,0,0,0,0,45000,-45000,-45000
045567,滬深2X富邦93購01,0,0,0,0,0,0,0,0,0,-45000,0,0,0,0,45000,-45000,-45000
04335P,大成鋼元大93售01,0,0,0,0,0,0,0,0,0,-45000,0,0,0,0,45000,-45000,-45000
046149,宏達電國票93購01,0,0,0,0,0,0,0,0,0,-45000,0,0,0,60000,105000,-45000,-45000
047097,旺宏國泰94購03  ,0,0,0,0,0,0,0,0,0,-45000,0,0,0,0,45000,-45000,-45000
048726,儒鴻麥證95購01  ,0,0,0,0,45000,-45000,0,0,0,-45000,0,0,0,0,45000,-45000,-45000
051412,奇力新國票96購01,0,0,0,0,0,0,0,0,0,-45000,0,0,0,17000,62000,-45000,-45000
051364,鴻海國泰97購03  ,0,0,0,0,0,0,0,0,0,-45000,0,0,0,0,45000,-45000,-45000
049842,道瓊反中信98購01,0,0,0,0,0,0,0,0,0,-45000,0,0,0,0,45000,-45000,-45000
049585,旺宏元大95購02  ,0,0,0,0,0,0,0,0,0,-45000,0,0,0,191000,236000,-45000,-45000
054783,國巨群益98購04  ,0,0,0,0,0,0,0,0,0,-45000,0,0,0,86000,131000,-45000,-45000
053456,大立光元富96購04,0,0,0,0,0,0,0,0,0,-45000,0,0,0,11000,56000,-45000,-45000
052906,緯創國票97購01  ,0,0,0,0,0,0,0,0,0,-45000,0,0,0,0,45000,-45000,-45000
052958,T50反1凱基99購02,0,0,0,0,0,0,0,0,0,-45000,0,0,0,5000,50000,-45000,-45000
052871,群創凱基98購07  ,0,0,0,0,0,0,0,0,0,-45000,0,0,0,55000,100000,-45000,-45000
05366P,鴻海元富95售12  ,0,0,0,0,0,0,0,0,0,-45000,0,0,0,15000,60000,-45000,-45000
054053,聯茂元大96購01  ,0,0,0,0,0,0,0,0,0,-45000,0,0,0,88000,133000,-45000,-45000
1540,喬福            ,0,45000,-45000,0,0,0,0,0,0,0,0,0,0,0,0,0,-45000
2031,新光鋼          ,96000,161000,-65000,0,0,0,0,0,0,20000,20000,0,20000,0,0,0,-45000
2015,豐興            ,355000,454000,-99000,0,0,0,56000,0,56000,-2000,0,2000,-2000,0,0,0,-45000
4952,凌通            ,12000,52000,-40000,0,0,0,0,0,0,-5000,0,5000,-5000,0,0,0,-45000
5471,松翰            ,307000,351000,-44000,0,0,0,0,0,0,-1000,0,1000,-1000,0,0,0,-45000
06070P,漢唐永豐97售01  ,0,0,0,0,0,0,0,0,0,-45000,0,0,0,0,45000,-45000,-45000
06099P,鴻海日盛97售03  ,0,0,0,0,0,0,0,0,0,-45000,0,0,0,3000,48000,-45000,-45000
05720P,可成中信98售01  ,0,0,0,0,0,0,0,0,0,-46000,0,0,0,50000,96000,-46000,-46000
057056,立積元大99購02  ,0,0,0,0,0,0,0,0,0,-46000,0,0,0,34000,80000,-46000,-46000
05760P,京鼎永豐96售02  ,0,0,0,0,0,0,0,0,0,-46000,0,0,0,88000,134000,-46000,-46000
047287,貿聯統一95購01  ,0,0,0,0,0,0,0,0,0,-46000,0,0,0,21000,67000,-46000,-46000
049828,華新科凱基94購06,0,0,0,0,0,0,0,0,0,-46000,0,0,0,16000,62000,-46000,-46000
05123P,鴻海永昌96售07  ,0,0,0,0,0,0,0,0,0,-46000,0,0,0,336000,382000,-46000,-46000
051224,華通群益96購03  ,0,0,0,0,0,0,0,0,0,-46000,0,0,0,73000,119000,-46000,-46000
051225,台積電群益95購02,0,0,0,0,0,0,0,0,0,-46000,0,0,0,130000,176000,-46000,-46000
049563,華新統一95購01  ,0,0,0,0,0,0,0,0,0,-46000,0,0,0,94000,140000,-46000,-46000
05031P,台光電元富95售01,0,0,0,0,0,0,0,0,0,-46000,0,0,0,145000,191000,-46000,-46000
053130,聯發科麥證96購01,0,0,0,25000,71000,-46000,0,0,0,-46000,0,0,0,25000,71000,-46000,-46000
06226P,聯發科麥證97售03,0,0,0,1000,47000,-46000,0,0,0,-46000,0,0,0,1000,47000,-46000,-46000
1110,東泥            ,1000,47000,-46000,0,0,0,0,0,0,0,0,0,0,0,0,0,-46000
06810P,國巨統一99售03  ,0,0,0,0,0,0,0,0,0,-46000,0,0,0,164000,210000,-46000,-46000
06497P,大立光凱基98售11,0,0,0,0,0,0,0,0,0,-46000,0,0,0,4000,50000,-46000,-46000
06510P,燿華永豐98售03  ,0,0,0,0,0,0,0,0,0,-46000,0,0,0,16000,62000,-46000,-46000
06299P,可成元大97售04  ,0,0,0,0,0,0,0,0,0,-46000,0,0,0,25000,71000,-46000,-46000
1337,再生-KY         ,10000,54000,-44000,0,0,0,0,0,0,-2000,0,2000,-2000,0,0,0,-46000
056978,技嘉群益99購01  ,0,0,0,0,0,0,0,0,0,-47000,0,0,0,32000,79000,-47000,-47000
05679P,台表科群益96售05,0,0,0,0,0,0,0,0,0,-47000,0,0,0,73000,120000,-47000,-47000
056469,國巨元大99購01  ,0,0,0,0,0,0,0,0,0,-47000,0,0,0,65000,112000,-47000,-47000
056135,緯創元大98購01  ,0,0,0,0,0,0,0,0,0,-47000,0,0,0,56000,103000,-47000,-47000
04848P,康控凱基94售02  ,0,0,0,0,0,0,0,0,0,-47000,0,0,0,0,47000,-47000,-47000
048588,世紀鋼中信94購01,0,0,0,0,0,0,0,0,0,-47000,0,0,0,35000,82000,-47000,-47000
05083P,麗豐永豐95售02  ,0,0,0,0,0,0,0,0,0,-47000,0,0,0,44000,91000,-47000,-47000
045768,大立光元富95購02,0,0,0,0,0,0,0,0,0,-47000,0,0,0,3000,50000,-47000,-47000
03639C,元油2X元大9B牛01,0,0,0,0,0,0,0,0,0,-47000,0,0,0,228000,275000,-47000,-47000
00710B,FH彭博高收益債  ,0,0,0,0,0,0,0,0,0,-47000,0,0,0,103000,150000,-47000,-47000
05040P,聯發科凱基95售05,0,0,0,0,0,0,0,0,0,-47000,0,0,0,38000,85000,-47000,-47000
049459,全新元富95購02  ,0,0,0,0,0,0,0,0,0,-47000,0,0,0,1000,48000,-47000,-47000
050570,聯發科中信97購02,0,0,0,0,0,0,0,0,0,-47000,0,0,0,0,47000,-47000,-47000
053264,南亞科群益96購01,0,0,0,0,0,0,0,0,0,-47000,0,0,0,15000,62000,-47000,-47000
053890,華新科群益98購01,0,0,0,0,0,0,0,0,0,-47000,0,0,0,0,47000,-47000,-47000
054413,台光電元大96購03,0,0,0,0,0,0,0,0,0,-47000,0,0,0,14000,61000,-47000,-47000
054317,昇陽半凱基98購01,0,0,0,0,0,0,0,0,0,-47000,0,0,0,3000,50000,-47000,-47000
1315,達新            ,86000,132000,-46000,0,0,0,0,0,0,-1000,1000,2000,-1000,0,0,0,-47000
3055,蔚華科          ,28000,67000,-39000,0,0,0,0,0,0,-8000,1000,9000,-8000,0,0,0,-47000
056184,南亞科統一97購03,0,0,0,0,0,0,0,0,0,-48000,0,0,0,0,48000,-48000,-48000
056308,TPK元大97購02   ,0,0,0,0,0,0,0,0,0,-48000,0,0,0,20000,68000,-48000,-48000
056683,台積電統一98購05,0,0,0,0,0,0,0,0,0,-48000,0,0,0,0,48000,-48000,-48000
056684,旺宏統一98購02  ,0,0,0,0,0,0,0,0,0,-48000,0,0,0,0,48000,-48000,-48000
056589,康控統一98購01  ,0,0,0,0,0,0,0,0,0,-48000,0,0,0,0,48000,-48000,-48000
056936,禾伸堂元富98購01,0,0,0,0,0,0,0,0,0,-48000,0,0,0,9000,57000,-48000,-48000
057047,華新科元大99購07,0,0,0,0,0,0,0,0,0,-48000,0,0,0,41000,89000,-48000,-48000
057668,華新科元大9A購01,0,0,0,0,0,0,0,0,0,-48000,0,0,0,41000,89000,-48000,-48000
057712,南亞科統一9A購01,0,0,0,0,0,0,0,0,0,-48000,0,0,0,0,48000,-48000,-48000
057516,和鑫元富98購01  ,0,0,0,0,0,0,0,0,0,-48000,0,0,0,60000,108000,-48000,-48000
03993P,滬深2X中信94售03,0,0,0,0,0,0,0,0,0,-48000,0,0,0,0,48000,-48000,-48000
048773,貿聯凱基94購01  ,0,0,0,0,0,0,0,0,0,-48000,0,0,0,13000,61000,-48000,-48000
047797,臺股指群益93購08,0,0,0,0,0,0,0,0,0,-48000,0,0,0,0,48000,-48000,-48000
04837P,華新科元大94售05,0,0,0,0,0,0,0,0,0,-48000,0,0,0,0,48000,-48000,-48000
046627,高鐵統一95購01  ,0,0,0,0,0,0,0,0,0,-48000,0,0,0,0,48000,-48000,-48000
050704,復盛凱基94購03  ,0,0,0,0,0,0,0,0,0,-48000,0,0,0,12000,60000,-48000,-48000
050477,矽力永豐94購01  ,0,0,0,0,0,0,0,0,0,-48000,0,0,0,0,48000,-48000,-48000
051700,深中小群益99購04,0,0,0,0,0,0,0,0,0,-48000,0,0,0,62000,110000,-48000,-48000
051373,華新亞東95購01  ,0,0,0,0,0,0,0,0,0,-48000,0,0,0,0,48000,-48000,-48000
051415,晶技國票96購01  ,0,0,0,0,0,0,0,0,0,-48000,0,0,0,31000,79000,-48000,-48000
050765,鴻海元大96購02  ,0,0,0,0,0,0,0,0,0,-48000,0,0,0,257000,305000,-48000,-48000
054699,復盛永豐97購01  ,0,0,0,0,0,0,0,0,0,-48000,0,0,0,85000,133000,-48000,-48000
055393,華新科統一97購03,0,0,0,0,0,0,0,0,0,-48000,0,0,0,0,48000,-48000,-48000
055117,臻鼎凱基98購02  ,0,0,0,0,0,0,0,0,0,-48000,0,0,0,30000,78000,-48000,-48000
055009,合勤控元富97購01,0,0,0,0,0,0,0,0,0,-48000,0,0,0,2000,50000,-48000,-48000
053889,致茂群益97購01  ,0,0,0,0,0,0,0,0,0,-48000,0,0,0,128000,176000,-48000,-48000
054087,矽創亞東96購01  ,0,0,0,0,0,0,0,0,0,-48000,0,0,0,0,48000,-48000,-48000
053189,聯發科統一96購05,0,0,0,0,0,0,0,0,0,-48000,0,0,0,0,48000,-48000,-48000
052962,台積電凱基97購03,0,0,0,0,0,0,0,0,0,-48000,0,0,0,0,48000,-48000,-48000
3018,同開            ,45000,90000,-45000,0,0,0,0,0,0,-3000,0,3000,-3000,0,0,0,-48000
5234,達興材料        ,14000,62000,-48000,0,0,0,0,0,0,0,0,0,0,0,0,0,-48000
5283,禾聯碩          ,1000,53000,-52000,0,0,0,0,0,0,4000,5000,1000,4000,0,0,0,-48000
06332P,世紀鋼群益98售01,0,0,0,0,0,0,0,0,0,-48000,0,0,0,11000,59000,-48000,-48000
06783P,亞光元大98售03  ,0,0,0,0,0,0,0,0,0,-48000,0,0,0,43000,91000,-48000,-48000
06264P,友達凱基98售06  ,0,0,0,0,0,0,0,0,0,-48000,0,0,0,20000,68000,-48000,-48000
06265P,美律凱基97售01  ,0,0,0,0,0,0,0,0,0,-48000,0,0,0,0,48000,-48000,-48000
06156P,大立光統一97售05,0,0,0,0,0,0,0,0,0,-48000,0,0,0,12000,60000,-48000,-48000
05963P,貿聯國票97售02  ,0,0,0,0,0,0,0,0,0,-48000,0,0,0,16000,64000,-48000,-48000
057539,南茂元大98購02  ,0,0,0,0,0,0,0,0,0,-49000,0,0,0,10000,59000,-49000,-49000
057685,台灣50凱基9C購01,0,0,0,0,0,0,0,0,0,-49000,0,0,0,77000,126000,-49000,-49000
057666,奇力新元大9A購01,0,0,0,0,0,0,0,0,0,-49000,0,0,0,51000,100000,-49000,-49000
057622,元油2X國泰99購03,0,0,0,0,0,0,0,0,0,-49000,0,0,0,0,49000,-49000,-49000
057291,國巨國泰9A購01  ,0,0,0,0,0,0,0,0,0,-49000,0,0,0,99000,148000,-49000,-49000
056777,矽力元大98購02  ,0,0,0,0,0,0,0,0,0,-49000,0,0,0,9000,58000,-49000,-49000
056171,鴻海元富97購10  ,0,0,0,0,0,0,0,0,0,-49000,0,0,0,25000,74000,-49000,-49000
056229,可成凱基97購04  ,0,0,0,0,0,0,0,0,0,-49000,0,0,0,9000,58000,-49000,-49000
047014,元油反元大99購01,0,0,0,0,0,0,0,0,0,-49000,0,0,0,3000,52000,-49000,-49000
050082,聯發科統一94購08,0,0,0,0,0,0,0,0,0,-49000,0,0,0,0,49000,-49000,-49000
050983,新光金國泰97購01,0,0,0,0,0,0,0,0,0,-49000,0,0,0,41000,90000,-49000,-49000
052519,旺宏元大95購05  ,0,0,0,0,0,0,0,0,0,-49000,0,0,0,241000,290000,-49000,-49000
051647,華新科永豐95購02,0,0,0,0,0,0,0,0,0,-49000,0,0,0,5000,54000,-49000,-49000
053314,A50正2群益9A購01,0,0,0,0,0,0,0,0,0,-49000,0,0,0,32000,81000,-49000,-49000
054185,喬山永豐96購02  ,0,0,0,0,0,0,0,0,0,-49000,0,0,0,0,49000,-49000,-49000
053638,信邦永豐96購01  ,0,0,0,0,0,0,0,0,0,-49000,0,0,0,115000,164000,-49000,-49000
06199P,聯發科元大97售17,0,0,0,0,0,0,0,0,0,-49000,0,0,0,20000,69000,-49000,-49000
06242P,大立光元富9A售02,0,0,0,0,0,0,0,0,0,-49000,0,0,0,11000,60000,-49000,-49000
06209P,旺宏統一97售07  ,0,0,0,0,0,0,0,0,0,-49000,0,0,0,122000,171000,-49000,-49000
06308P,國巨元富97售06  ,0,0,0,0,0,0,0,0,0,-49000,0,0,0,75000,124000,-49000,-49000
06434P,超眾群益98售02  ,0,0,0,0,0,0,0,0,0,-49000,0,0,0,30000,79000,-49000,-49000
2881A,富邦特          ,0,3000,-3000,0,0,0,0,0,0,-46000,54000,100000,-46000,0,0,0,-49000
2514,龍邦            ,3000,51000,-48000,0,0,0,0,0,0,-1000,0,1000,-1000,0,0,0,-49000
056215,華新科國票97購03,0,0,0,0,0,0,0,0,0,-50000,0,0,0,0,50000,-50000,-50000
056316,訊芯元大98購03  ,0,0,0,0,0,0,0,0,0,-50000,0,0,0,100000,150000,-50000,-50000
056494,緯創國泰99購01  ,0,0,0,0,0,0,0,0,0,-50000,0,0,0,10000,60000,-50000,-50000
056528,為升凱基98購01  ,0,0,0,0,0,0,0,0,0,-50000,0,0,0,70000,120000,-50000,-50000
055711,上銀元大97購04  ,0,0,0,0,0,0,0,0,0,-50000,0,0,0,112000,162000,-50000,-50000
055500,京鼎元大97購04  ,0,0,0,0,0,0,0,0,0,-50000,0,0,0,0,50000,-50000,-50000
055472,大立光凱基97購07,0,0,0,0,0,0,0,0,0,-50000,0,0,0,0,50000,-50000,-50000
05593P,鴻海國票97售03  ,0,0,0,0,0,0,0,0,0,-50000,0,0,0,0,50000,-50000,-50000
055811,國巨國票98購05  ,0,0,0,0,0,0,0,0,0,-50000,0,0,0,0,50000,-50000,-50000
056722,滬深反中信9B購01,0,0,0,0,0,0,0,0,0,-50000,0,0,0,70000,120000,-50000,-50000
056707,鴻海富邦99購03  ,0,0,0,0,0,0,0,0,0,-50000,0,0,0,14000,64000,-50000,-50000
056896,南亞科元大98購01,0,0,0,0,0,0,0,0,0,-50000,0,0,0,7000,57000,-50000,-50000
057716,神達統一98購01  ,0,0,0,0,0,0,0,0,0,-50000,0,0,0,0,50000,-50000,-50000
057801,元油2X元大98購19,0,0,0,0,0,0,0,0,0,-50000,0,0,0,0,50000,-50000,-50000
057805,華通元大98購06  ,0,0,0,0,0,0,0,0,0,-50000,0,0,0,28000,78000,-50000,-50000
057538,緯穎元大98購07  ,0,0,0,0,0,0,0,0,0,-50000,0,0,0,6000,56000,-50000,-50000
05748P,臺股指群益99售02,0,0,0,0,0,0,0,0,0,-50000,0,0,0,25000,75000,-50000,-50000
050093,國巨永豐94購05  ,0,0,0,0,0,0,0,0,0,-50000,0,0,0,67000,117000,-50000,-50000
050024,旺宏元大94購09  ,0,0,0,0,0,0,0,0,0,-50000,0,0,0,49000,99000,-50000,-50000
050018,高股息元大94購02,0,0,0,0,0,0,0,0,0,-50000,0,0,0,0,50000,-50000,-50000
049142,智邦元大94購01  ,0,0,0,0,0,0,0,0,0,-50000,0,0,0,0,50000,-50000,-50000
050846,緯創國票96購01  ,0,0,0,0,0,0,0,0,0,-50000,0,0,0,0,50000,-50000,-50000
05148P,臻鼎元大95售01  ,0,0,0,0,0,0,0,0,0,-50000,0,0,0,3000,53000,-50000,-50000
051523,牧德凱基95購02  ,0,0,0,0,0,0,0,0,0,-50000,0,0,0,20000,70000,-50000,-50000
051624,智邦麥證95購02  ,0,0,0,14000,60000,-46000,0,0,0,-50000,0,0,0,14000,64000,-50000,-50000
048654,滬深2X元富93購05,0,0,0,0,0,0,0,0,0,-50000,0,0,0,0,50000,-50000,-50000
048629,滬深2X元大96購04,0,0,0,0,0,0,0,0,0,-50000,0,0,0,150000,200000,-50000,-50000
046994,臺股指凱基93購01,0,0,0,0,0,0,0,0,0,-50000,0,0,0,10000,60000,-50000,-50000
047582,滬深2X永豐95購02,0,0,0,0,0,0,0,0,0,-50000,0,0,0,0,50000,-50000,-50000
04855P,上証2X元富94售02,0,0,0,0,0,0,0,0,0,-50000,0,0,0,5000,55000,-50000,-50000
046940,瑞昱元大93購07  ,0,0,0,0,0,0,0,0,0,-50000,0,0,0,20000,70000,-50000,-50000
04730P,臺股指中信96售02,0,0,0,0,0,0,0,0,0,-50000,0,0,0,116000,166000,-50000,-50000
047454,滬深2X群益96購03,0,0,0,0,0,0,0,0,0,-50000,0,0,0,0,50000,-50000,-50000
047483,新光金凱基99購04,0,0,0,0,0,0,0,0,0,-50000,0,0,0,0,50000,-50000,-50000
045106,玉晶光群益95購01,0,0,0,0,0,0,0,0,0,-50000,0,0,0,0,50000,-50000,-50000
03650C,T50反1元大98牛05,0,0,0,0,0,0,0,0,0,-50000,0,0,0,0,50000,-50000,-50000
043442,大立光台新01購01,0,0,0,0,0,0,0,0,0,-50000,0,0,0,2000,52000,-50000,-50000
045376,友訊元大93購01  ,0,0,0,0,0,0,0,0,0,-50000,0,0,0,0,50000,-50000,-50000
01001T,土銀富邦R1      ,0,0,0,0,0,0,0,0,0,-50000,0,50000,-50000,0,0,0,-50000
03177P,國巨群益01售12  ,0,0,0,0,0,0,0,0,0,-50000,0,0,0,157000,207000,-50000,-50000
04028P,燿華凱基94售02  ,0,0,0,0,0,0,0,0,0,-50000,0,0,0,80000,130000,-50000,-50000
04583P,滬深2X永豐94售06,0,0,0,0,0,0,0,0,0,-50000,0,0,0,0,50000,-50000,-50000
04478P,元油2X中信95售03,0,0,0,0,0,0,0,0,0,-50000,0,0,0,0,50000,-50000,-50000
04403P,景碩國票95售01  ,0,0,0,0,0,0,0,0,0,-50000,0,0,0,0,50000,-50000,-50000
04404P,玉晶光國票94售01,0,0,0,0,0,0,0,0,0,-50000,0,0,0,4000,54000,-50000,-50000
051699,世紀鋼麥證95購01,0,0,0,50000,100000,-50000,0,0,0,-50000,0,0,0,50000,100000,-50000,-50000
051854,鴻海麥證95購04  ,0,0,0,0,50000,-50000,0,0,0,-50000,0,0,0,0,50000,-50000,-50000
051784,國巨兆豐95購01  ,0,0,0,0,0,0,0,0,0,-50000,0,0,0,0,50000,-50000,-50000
051901,嘉聯益富邦96購01,0,0,0,0,0,0,0,0,0,-50000,0,0,0,0,50000,-50000,-50000
04957P,上証2X凱基96售02,0,0,0,0,0,0,0,0,0,-50000,0,0,0,0,50000,-50000,-50000
049731,A50正2群益94購02,0,0,0,0,0,0,0,0,0,-50000,0,0,0,0,50000,-50000,-50000
049726,道瓊反中信96購01,0,0,0,0,0,0,0,0,0,-50000,0,0,0,0,50000,-50000,-50000
052095,彩晶元大97購01  ,0,0,0,0,0,0,0,0,0,-50000,0,0,0,0,50000,-50000,-50000
052108,鴻海元富95購11  ,0,0,0,0,0,0,0,0,0,-50000,0,0,0,0,50000,-50000,-50000
050446,鴻海元大94購22  ,0,0,0,0,0,0,0,0,0,-50000,0,0,0,0,50000,-50000,-50000
05215P,台積電台新95售03,0,0,0,0,0,0,0,0,0,-50000,0,0,0,50000,100000,-50000,-50000
052175,可成元大95購10  ,0,0,0,0,0,0,0,0,0,-50000,0,0,0,0,50000,-50000,-50000
050660,欣興元大96購02  ,0,0,0,0,0,0,0,0,0,-50000,0,0,0,6000,56000,-50000,-50000
050677,光寶科統一94購01,0,0,0,0,0,0,0,0,0,-50000,0,0,0,0,50000,-50000,-50000
050564,臻鼎元富94購08  ,0,0,0,0,0,0,0,0,0,-50000,0,0,0,0,50000,-50000,-50000
049372,華新科元大95購04,0,0,0,0,0,0,0,0,0,-50000,0,0,0,17000,67000,-50000,-50000
050208,燿華兆豐95購02  ,0,0,0,0,0,0,0,0,0,-50000,0,0,0,0,50000,-50000,-50000
052391,瑞儀群益95購01  ,0,0,0,0,0,0,0,0,0,-50000,0,0,0,150000,200000,-50000,-50000
05239P,欣興永豐95售03  ,0,0,0,0,0,0,0,0,0,-50000,0,0,0,11000,61000,-50000,-50000
052769,達興群益96購01  ,0,0,0,0,0,0,0,0,0,-50000,0,0,0,0,50000,-50000,-50000
050411,聯發科永豐94購05,0,0,0,0,0,0,0,0,0,-50000,0,0,0,68000,118000,-50000,-50000
049494,華新科元大95購05,0,0,0,0,0,0,0,0,0,-50000,0,0,0,0,50000,-50000,-50000
05098P,鴻海凱基95售15  ,0,0,0,0,0,0,0,0,0,-50000,0,0,0,18000,68000,-50000,-50000
050992,台積電元大97購01,0,0,0,0,0,0,0,0,0,-50000,0,0,0,60000,110000,-50000,-50000
050757,聯發科元富94購03,0,0,0,0,0,0,0,0,0,-50000,0,0,0,0,50000,-50000,-50000
051164,鴻海元大95購05  ,0,0,0,0,0,0,0,0,0,-50000,0,0,0,809000,859000,-50000,-50000
051166,可成元大95購02  ,0,0,0,0,0,0,0,0,0,-50000,0,0,0,68000,118000,-50000,-50000
052273,新光金群益95購02,0,0,0,0,0,0,0,0,0,-50000,0,0,0,0,50000,-50000,-50000
051246,美律元大96購01  ,0,0,0,0,0,0,0,0,0,-50000,0,0,0,0,50000,-50000,-50000
051247,可成元大95購04  ,0,0,0,0,0,0,0,0,0,-50000,0,0,0,0,50000,-50000,-50000
053665,臺股指凱基96購26,0,0,0,0,0,0,0,0,0,-50000,0,0,0,0,50000,-50000,-50000
05364P,臺股指富邦95售04,0,0,0,0,0,0,0,0,0,-50000,0,0,0,0,50000,-50000,-50000
053679,緯創富邦96購01  ,0,0,0,0,0,0,0,0,0,-50000,0,0,0,0,50000,-50000,-50000
053600,同欣電元大96購04,0,0,0,0,0,0,0,0,0,-50000,0,0,0,32000,82000,-50000,-50000
05399P,GIS國票95售03   ,0,0,0,0,0,0,0,0,0,-50000,0,0,0,10000,60000,-50000,-50000
053226,國巨台新97購02  ,0,0,0,0,0,0,0,0,0,-50000,0,0,0,0,50000,-50000,-50000
053446,欣興凱基96購02  ,0,0,0,0,0,0,0,0,0,-50000,0,0,0,0,50000,-50000,-50000
053482,矽力元大96購03  ,0,0,0,0,0,0,0,0,0,-50000,0,0,0,0,50000,-50000,-50000
053336,元油反國票9B購02,0,0,0,0,0,0,0,0,0,-50000,0,0,0,0,50000,-50000,-50000
055046,上銀永豐97購01  ,0,0,0,0,0,0,0,0,0,-50000,0,0,0,74000,124000,-50000,-50000
055452,台積電元富97購03,0,0,0,0,0,0,0,0,0,-50000,0,0,0,0,50000,-50000,-50000
05436P,台積電群益95售07,0,0,0,0,0,0,0,0,0,-50000,0,0,0,25000,75000,-50000,-50000
054249,技嘉元大96購03  ,0,0,0,0,0,0,0,0,0,-50000,0,0,0,20000,70000,-50000,-50000
054433,南亞科台新96購02,0,0,0,0,0,0,0,0,0,-50000,0,0,0,20000,70000,-50000,-50000
054487,京元電台新97購01,0,0,0,0,0,0,0,0,0,-50000,0,0,0,0,50000,-50000,-50000
2501,國建            ,266000,305000,-39000,0,0,0,0,0,0,-11000,0,11000,-11000,0,0,0,-50000
4956,光鋐            ,11000,61000,-50000,0,0,0,0,0,0,0,0,0,0,0,0,0,-50000
06384P,訊芯元富97售03  ,0,0,0,0,0,0,0,0,0,-50000,0,0,0,0,50000,-50000,-50000
06742P,可成富邦99售02  ,0,0,0,0,0,0,0,0,0,-50000,0,0,0,30000,80000,-50000,-50000
06639P,訊芯元富98售04  ,0,0,0,0,0,0,0,0,0,-50000,0,0,0,0,50000,-50000,-50000
06924P,台積電群益98售07,0,0,0,0,0,0,0,0,0,-50000,0,0,0,0,50000,-50000,-50000
06893P,致新元富98售02  ,0,0,0,0,0,0,0,0,0,-50000,0,0,0,0,50000,-50000,-50000
05836P,臺股指元富96售08,0,0,0,0,0,0,0,0,0,-50000,0,0,0,0,50000,-50000,-50000
05801P,正崴兆豐96售01  ,0,0,0,0,0,0,0,0,0,-50000,0,0,0,0,50000,-50000,-50000
058056,FBVIX元富98購01 ,0,0,0,0,0,0,0,0,0,-50000,0,0,0,0,50000,-50000,-50000
05668P,滬深2X永豐96售04,0,0,0,0,0,0,0,0,0,-51000,0,0,0,89000,140000,-51000,-51000
056807,元油2X統一9B購01,0,0,0,0,0,0,0,0,0,-51000,0,0,0,20000,71000,-51000,-51000
057205,元翎元富98購01  ,0,0,0,0,0,0,0,0,0,-51000,0,0,0,114000,165000,-51000,-51000
055483,和大元大97購03  ,0,0,0,0,0,0,0,0,0,-51000,0,0,0,8000,59000,-51000,-51000
05566P,景碩永豐96售01  ,0,0,0,0,0,0,0,0,0,-51000,0,0,0,10000,61000,-51000,-51000
056090,康舒統一97購01  ,0,0,0,0,0,0,0,0,0,-51000,0,0,0,0,51000,-51000,-51000
050799,嘉聯益中信98購01,0,0,0,0,0,0,0,0,0,-51000,0,0,0,0,51000,-51000,-51000
051584,可成元大95購08  ,0,0,0,0,0,0,0,0,0,-51000,0,0,0,135000,186000,-51000,-51000
049607,台積電兆豐94購04,0,0,0,0,0,0,0,0,0,-51000,0,0,0,80000,131000,-51000,-51000
054925,神達凱基97購01  ,0,0,0,0,0,0,0,0,0,-51000,0,0,0,50000,101000,-51000,-51000
05323P,瑞昱凱基96售02  ,0,0,0,0,0,0,0,0,0,-51000,0,0,0,58000,109000,-51000,-51000
05285P,同欣電群益95售02,0,0,0,0,0,0,0,0,0,-51000,0,0,0,0,51000,-51000,-51000
053029,國巨第一96購01  ,0,0,0,0,0,0,0,0,0,-51000,0,0,0,519000,570000,-51000,-51000
053601,台表科元大98購01,0,0,0,0,0,0,0,0,0,-51000,0,0,0,29000,80000,-51000,-51000
053865,欣興元大97購02  ,0,0,0,0,0,0,0,0,0,-51000,0,0,0,125000,176000,-51000,-51000
06196P,元上證元大97售01,0,0,0,0,0,0,0,0,0,-51000,0,0,0,0,51000,-51000,-51000
05997P,嘉聯益群益96售02,0,0,0,0,0,0,0,0,0,-51000,0,0,0,93000,144000,-51000,-51000
06097P,茂林永豐97售01  ,0,0,0,0,0,0,0,0,0,-51000,0,0,0,15000,66000,-51000,-51000
057594,宏達電兆豐99購01,0,0,0,0,0,0,0,0,0,-52000,0,0,0,145000,197000,-52000,-52000
04348P,燿華國票94售01  ,0,0,0,0,0,0,0,0,0,-52000,0,0,0,0,52000,-52000,-52000
046375,友達凱基98購01  ,0,0,0,0,0,0,0,0,0,-52000,0,0,0,0,52000,-52000,-52000
04754P,宏達電元富94售02,0,0,0,0,0,0,0,0,0,-52000,0,0,0,8000,60000,-52000,-52000
051780,矽力群益95購01  ,0,0,0,0,0,0,0,0,0,-52000,0,0,0,0,52000,-52000,-52000
05041P,大立光凱基95售09,0,0,0,0,0,0,0,0,0,-52000,0,0,0,30000,82000,-52000,-52000
052429,禾伸堂永豐95購02,0,0,0,0,0,0,0,0,0,-52000,0,0,0,0,52000,-52000,-52000
052707,景碩台新96購01  ,0,0,0,0,0,0,0,0,0,-52000,0,0,0,60000,112000,-52000,-52000
052568,漢唐凱基96購02  ,0,0,0,0,0,0,0,0,0,-52000,0,0,0,0,52000,-52000,-52000
053006,玉晶光永豐96購03,0,0,0,0,0,0,0,0,0,-52000,0,0,0,55000,107000,-52000,-52000
05288P,寶成元富95售02  ,0,0,0,0,0,0,0,0,0,-52000,0,0,0,30000,82000,-52000,-52000
052821,晶技永豐96購01  ,0,0,0,0,0,0,0,0,0,-52000,0,0,0,0,52000,-52000,-52000
054860,台積電群益98購01,0,0,0,0,0,0,0,0,0,-52000,0,0,0,539000,591000,-52000,-52000
06220P,廣宇元富97售02  ,0,0,0,0,0,0,0,0,0,-52000,0,0,0,0,52000,-52000,-52000
08218P,滬深2X凱基96售01,0,0,0,0,0,0,0,0,0,-52000,0,0,0,0,52000,-52000,-52000
06780P,義隆元大98售02  ,0,0,0,0,0,0,0,0,0,-52000,0,0,0,0,52000,-52000,-52000
06610P,台積電凱基9A售03,0,0,0,0,0,0,0,0,0,-52000,0,0,0,0,52000,-52000,-52000
2727,王品            ,24000,76000,-52000,0,0,0,0,0,0,0,0,0,0,0,0,0,-52000
057817,景碩元大98購01  ,0,0,0,0,0,0,0,0,0,-53000,0,0,0,58000,111000,-53000,-53000
057855,晶技國票99購01  ,0,0,0,0,0,0,0,0,0,-53000,0,0,0,17000,70000,-53000,-53000
05676P,欣興群益96售04  ,0,0,0,0,0,0,0,0,0,-53000,0,0,0,40000,93000,-53000,-53000
056268,新日興統一97購01,0,0,0,0,0,0,0,0,0,-53000,0,0,0,0,53000,-53000,-53000
05655P,南亞科統一96售01,0,0,0,0,0,0,0,0,0,-53000,0,0,0,158000,211000,-53000,-53000
055974,上銀統一97購05  ,0,0,0,0,0,0,0,0,0,-53000,0,0,0,0,53000,-53000,-53000
046884,元油反群益95購01,0,0,0,0,0,0,0,0,0,-53000,0,0,0,0,53000,-53000,-53000
04671P,華通統一94售01  ,0,0,0,0,0,0,0,0,0,-53000,0,0,0,2000,55000,-53000,-53000
050075,南電凱基94購04  ,0,0,0,0,0,0,0,0,0,-53000,0,0,0,39000,92000,-53000,-53000
03243P,台積電統一02售08,0,0,0,0,0,0,0,0,0,-53000,0,0,0,0,53000,-53000,-53000
00763U,街口道瓊銅      ,0,0,0,0,0,0,0,0,0,-53000,0,0,0,0,53000,-53000,-53000
050732,台虹國票94購01  ,0,0,0,0,0,0,0,0,0,-53000,0,0,0,0,53000,-53000,-53000
049272,世紀鋼元大96購02,0,0,0,0,0,0,0,0,0,-53000,0,0,0,81000,134000,-53000,-53000
054772,康控國票98購02  ,0,0,0,0,0,0,0,0,0,-53000,0,0,0,90000,143000,-53000,-53000
054683,川湖永豐97購01  ,0,0,0,0,0,0,0,0,0,-53000,0,0,0,18000,71000,-53000,-53000
054232,台積電群益96購12,0,0,0,0,0,0,0,0,0,-53000,0,0,0,20000,73000,-53000,-53000
054929,群電凱基97購01  ,0,0,0,0,0,0,0,0,0,-53000,0,0,0,0,53000,-53000,-53000
053261,國巨群益96購05  ,0,0,0,0,0,0,0,0,0,-53000,0,0,0,1000,54000,-53000,-53000
053801,台積電凱基96購18,0,0,0,0,0,0,0,0,0,-53000,0,0,0,37000,90000,-53000,-53000
2852,第一保          ,3000,53000,-50000,0,0,0,0,0,0,-3000,0,3000,-3000,0,0,0,-53000
3027,盛達            ,1000,37000,-36000,0,0,0,0,0,0,-17000,0,17000,-17000,0,0,0,-53000
06723P,台灣50麥證99售01,0,0,0,27000,80000,-53000,0,0,0,-53000,0,0,0,27000,80000,-53000,-53000
06268P,聯詠凱基97售02  ,0,0,0,0,0,0,0,0,0,-53000,0,0,0,0,53000,-53000,-53000
06150P,奇力新元大97售06,0,0,0,0,0,0,0,0,0,-53000,0,0,0,49000,102000,-53000,-53000
055976,台積電統一99購03,0,0,0,0,0,0,0,0,0,-54000,0,0,0,605000,659000,-54000,-54000
05549P,臺股指元大96售03,0,0,0,0,0,0,0,0,0,-54000,0,0,0,154000,208000,-54000,-54000
056779,元油2X群益9A購02,0,0,0,0,0,0,0,0,0,-54000,0,0,0,16000,70000,-54000,-54000
05695P,台積電凱基96售10,0,0,0,0,0,0,0,0,0,-54000,0,0,0,60000,114000,-54000,-54000
057058,祥碩元大98購04  ,0,0,0,0,0,0,0,0,0,-54000,0,0,0,72000,126000,-54000,-54000
03629C,元油2X元富98牛06,0,0,0,0,0,0,0,0,0,-54000,0,0,0,37000,91000,-54000,-54000
050945,致茂群益95購01  ,0,0,0,0,0,0,0,0,0,-54000,0,0,0,131000,185000,-54000,-54000
052276,力成群益96購01  ,0,0,0,0,0,0,0,0,0,-54000,0,0,0,12000,66000,-54000,-54000
051543,鈺齊國票96購01  ,0,0,0,0,0,0,0,0,0,-54000,0,0,0,410000,464000,-54000,-54000
052388,旺宏群益96購05  ,0,0,0,0,0,0,0,0,0,-54000,0,0,0,20000,74000,-54000,-54000
053814,美律群益97購02  ,0,0,0,0,0,0,0,0,0,-54000,0,0,0,0,54000,-54000,-54000
05489P,臺股指凱基95售22,0,0,0,0,0,0,0,0,0,-54000,0,0,0,0,54000,-54000,-54000
055259,玉晶光統一9A購01,0,0,0,0,0,0,0,0,0,-54000,0,0,0,180000,234000,-54000,-54000
05434P,世紀鋼元富95售02,0,0,0,0,0,0,0,0,0,-54000,0,0,0,1000,55000,-54000,-54000
054720,禾伸堂永豐97購01,0,0,0,0,0,0,0,0,0,-54000,0,0,0,3000,57000,-54000,-54000
054629,華新科凱基98購01,0,0,0,0,0,0,0,0,0,-54000,0,0,0,249000,303000,-54000,-54000
054831,緯穎國泰98購01  ,0,0,0,0,0,0,0,0,0,-54000,0,0,0,9000,63000,-54000,-54000
06183P,大立光元大97售05,0,0,0,0,0,0,0,0,0,-54000,0,0,0,5000,59000,-54000,-54000
06811P,聯發科統一98售06,0,0,0,0,0,0,0,0,0,-54000,0,0,0,87000,141000,-54000,-54000
2731,雄獅            ,11000,65000,-54000,0,0,0,0,0,0,0,0,0,0,0,0,0,-54000
2607,榮運            ,491000,538000,-47000,0,0,0,0,0,0,-7000,0,7000,-7000,0,0,0,-54000
057185,群創元大98購06  ,0,0,0,0,0,0,0,0,0,-55000,0,0,0,40000,95000,-55000,-55000
057749,華新科國票99購01,0,0,0,0,0,0,0,0,0,-55000,0,0,0,14000,69000,-55000,-55000
057782,台積電國票99購07,0,0,0,0,0,0,0,0,0,-55000,0,0,0,139000,194000,-55000,-55000
057625,泰鼎國泰9A購01  ,0,0,0,0,0,0,0,0,0,-55000,0,0,0,127000,182000,-55000,-55000
057615,元油2X凱基98購02,0,0,0,0,0,0,0,0,0,-55000,0,0,0,30000,85000,-55000,-55000
056493,晶技國泰99購01  ,0,0,0,0,0,0,0,0,0,-55000,0,0,0,0,55000,-55000,-55000
056148,臺股指日盛97購03,0,0,0,0,0,0,0,0,0,-55000,0,0,0,100000,155000,-55000,-55000
03497P,金像電凱基02售06,0,0,0,0,0,0,0,0,0,-55000,0,0,0,60000,115000,-55000,-55000
03892P,元油2X中信95售01,0,0,0,0,0,0,0,0,0,-55000,0,0,0,70000,125000,-55000,-55000
04177P,富邦金元大94售01,0,0,0,0,0,0,0,0,0,-55000,0,0,0,0,55000,-55000,-55000
04427P,滬深2X元大97售02,0,0,0,0,0,0,0,0,0,-55000,0,0,0,0,55000,-55000,-55000
04626P,聯發科元大94售07,0,0,0,0,0,0,0,0,0,-55000,0,0,0,214000,269000,-55000,-55000
04842P,群創元大96售02  ,0,0,0,0,0,0,0,0,0,-55000,0,0,0,15000,70000,-55000,-55000
049829,裕民凱基94購01  ,0,0,0,0,0,0,0,0,0,-55000,0,0,0,0,55000,-55000,-55000
049871,T50反1台新9A購02,0,0,0,0,0,0,0,0,0,-55000,0,0,0,10000,65000,-55000,-55000
051855,道瓊反凱基97購01,0,0,0,0,0,0,0,0,0,-55000,0,0,0,0,55000,-55000,-55000
054303,國巨凱基96購15  ,0,0,0,0,0,0,0,0,0,-55000,0,0,0,80000,135000,-55000,-55000
053714,南亞科凱基96購03,0,0,0,0,0,0,0,0,0,-55000,0,0,0,30000,85000,-55000,-55000
053588,聯發科元大97購07,0,0,0,0,0,0,0,0,0,-55000,0,0,0,5000,60000,-55000,-55000
05414P,台表科國票96售02,0,0,0,0,0,0,0,0,0,-55000,0,0,0,27000,82000,-55000,-55000
054132,聯發科元大97購10,0,0,0,0,0,0,0,0,0,-55000,0,0,0,0,55000,-55000,-55000
4552,力達-KY         ,10000,65000,-55000,0,0,0,0,0,0,0,0,0,0,0,0,0,-55000
06243P,亞光元富97售01  ,0,0,0,0,0,0,0,0,0,-55000,0,0,0,8000,63000,-55000,-55000
06079P,燿華群益98售02  ,0,0,0,0,0,0,0,0,0,-55000,0,0,0,0,55000,-55000,-55000
056507,創意永豐98購02  ,0,0,0,0,0,0,0,0,0,-56000,0,0,0,36000,92000,-56000,-56000
05594P,旺宏國票96售04  ,0,0,0,0,0,0,0,0,0,-56000,0,0,0,40000,96000,-56000,-56000
057620,康控凱基99購01  ,0,0,0,0,0,0,0,0,0,-56000,0,0,0,59000,115000,-56000,-56000
050813,旺宏凱基96購01  ,0,0,0,0,0,0,0,0,0,-56000,0,0,0,3000,59000,-56000,-56000
049980,奇力新凱基94購04,0,0,0,0,0,0,0,0,0,-56000,0,0,0,0,56000,-56000,-56000
053973,晶豪科元大96購01,0,0,0,0,0,0,0,0,0,-56000,0,0,0,12000,68000,-56000,-56000
053771,華新元大97購01  ,0,0,0,0,0,0,0,0,0,-56000,0,0,0,13000,69000,-56000,-56000
053379,南亞科元大96購01,0,0,0,0,0,0,0,0,0,-56000,0,0,0,50000,106000,-56000,-56000
053056,同欣電國票97購01,0,0,0,0,0,0,0,0,0,-56000,0,0,0,20000,76000,-56000,-56000
054258,牧德元大97購01  ,0,0,0,0,0,0,0,0,0,-56000,0,0,0,24000,80000,-56000,-56000
054329,華新科永豐96購02,0,0,0,0,0,0,0,0,0,-56000,0,0,0,20000,76000,-56000,-56000
05464P,華通康和95售02  ,0,0,0,0,0,0,0,0,0,-56000,0,0,0,0,56000,-56000,-56000
054908,群電康和97購01  ,0,0,0,0,0,0,0,0,0,-56000,0,0,0,9000,65000,-56000,-56000
055005,晶相光元富97購01,0,0,0,0,0,0,0,0,0,-56000,0,0,0,40000,96000,-56000,-56000
055157,晶豪科元大97購01,0,0,0,0,0,0,0,0,0,-56000,0,0,0,25000,81000,-56000,-56000
05973P,聯詠元大96售06  ,0,0,0,0,0,0,0,0,0,-56000,0,0,0,4000,60000,-56000,-56000
06153P,健策元大97售04  ,0,0,0,0,0,0,0,0,0,-56000,0,0,0,60000,116000,-56000,-56000
058040,FBVIX元大98購01 ,0,0,0,0,0,0,0,0,0,-56000,0,0,0,41000,97000,-56000,-56000
05907P,聯發科元富96售05,0,0,0,0,0,0,0,0,0,-56000,0,0,0,0,56000,-56000,-56000
057426,元油2X兆豐9B購01,0,0,0,0,0,0,0,0,0,-57000,0,0,0,0,57000,-57000,-57000
057026,長榮航凱基98購01,0,0,0,0,0,0,0,0,0,-57000,0,0,0,3000,60000,-57000,-57000
055517,國巨中信97購03  ,0,0,0,0,0,0,0,0,0,-57000,0,0,0,48000,105000,-57000,-57000
05570P,聯發科統一96售04,0,0,0,0,0,0,0,0,0,-57000,0,0,0,65000,122000,-57000,-57000
056611,國巨永豐98購03  ,0,0,0,0,0,0,0,0,0,-57000,0,0,0,0,57000,-57000,-57000
04755P,大立光元富94售07,0,0,0,0,0,0,0,0,0,-57000,0,0,0,5000,62000,-57000,-57000
047004,台積電統一99購01,0,2000,-2000,0,0,0,0,0,0,-55000,0,0,0,68000,123000,-55000,-57000
04599P,南亞科凱基94售03,0,0,0,0,0,0,0,0,0,-57000,0,0,0,140000,197000,-57000,-57000
04165P,南亞科元富95售03,0,0,0,0,0,0,0,0,0,-57000,0,0,0,20000,77000,-57000,-57000
050955,達方群益97購01  ,0,0,0,0,0,0,0,0,0,-57000,0,0,0,43000,100000,-57000,-57000
049617,光罩群益94購03  ,0,0,0,0,0,0,0,0,0,-57000,0,0,0,243000,300000,-57000,-57000
052738,聯電元大98購02  ,0,0,0,0,0,0,0,0,0,-57000,0,0,0,235000,292000,-57000,-57000
051243,微星元大95購01  ,0,0,0,0,0,0,0,0,0,-57000,0,0,0,56000,113000,-57000,-57000
054464,奇力新凱基98購02,0,0,0,0,0,0,0,0,0,-57000,0,0,0,176000,233000,-57000,-57000
054136,亞光元大96購04  ,0,0,0,0,0,0,0,0,0,-57000,0,0,0,2000,59000,-57000,-57000
06222P,致茂元富97售02  ,0,0,0,0,0,0,0,0,0,-57000,0,0,0,46000,103000,-57000,-57000
06813P,友訊元富98售03  ,0,0,0,0,0,0,0,0,0,-57000,0,0,0,0,57000,-57000,-57000
06743P,創意永豐98售03  ,0,0,0,0,0,0,0,0,0,-57000,0,0,0,47000,104000,-57000,-57000
1101B,台泥乙特        ,0,0,0,0,0,0,0,0,0,-57000,3000,60000,-57000,0,0,0,-57000
06303P,臺股指元大97售09,0,0,0,0,0,0,0,0,0,-57000,0,0,0,0,57000,-57000,-57000
2723,美食-KY         ,185000,238000,-53000,0,0,0,1000,0,1000,-5000,0,0,0,0,5000,-5000,-57000
056506,晶豪科永豐98購02,0,0,0,0,0,0,0,0,0,-58000,0,0,0,10000,68000,-58000,-58000
055471,聯發科凱基97購04,0,0,0,0,0,0,0,0,0,-58000,0,0,0,10000,68000,-58000,-58000
055837,致茂元大97購02  ,0,0,0,0,0,0,0,0,0,-58000,0,0,0,20000,78000,-58000,-58000
056970,TPK永豐98購01   ,0,0,0,0,0,0,0,0,0,-58000,0,0,0,10000,68000,-58000,-58000
057632,傳奇永豐98購01  ,0,0,0,0,0,0,0,0,0,-58000,0,0,0,0,58000,-58000,-58000
057677,臺股指元大98購07,0,0,0,0,0,0,0,0,0,-58000,0,0,0,0,58000,-58000,-58000
00645,富邦日本        ,0,0,0,0,0,0,0,0,0,-58000,0,0,0,126000,184000,-58000,-58000
03652C,臺股指元大03牛01,0,0,0,0,0,0,0,0,0,-58000,0,0,0,103000,161000,-58000,-58000
048337,致茂元大93購04  ,0,0,0,0,0,0,0,0,0,-58000,0,0,0,10000,68000,-58000,-58000
050647,聯發科凱基96購01,0,0,0,0,0,0,0,0,0,-58000,0,0,0,84000,142000,-58000,-58000
05350P,可成元富98售04  ,0,0,0,0,0,0,0,0,0,-58000,0,0,0,2000,60000,-58000,-58000
053299,台泥凱基96購01  ,0,0,0,0,0,0,0,0,0,-58000,0,0,0,10000,68000,-58000,-58000
053209,台積電凱基96購07,0,0,0,0,0,0,0,0,0,-58000,0,0,0,0,58000,-58000,-58000
054793,牧德群益9A購01  ,0,0,0,0,0,0,0,0,0,-58000,0,0,0,16000,74000,-58000,-58000
6283,淳安            ,8000,65000,-57000,0,0,0,0,0,0,-1000,8000,9000,-1000,0,0,0,-58000
06534P,聯發科群益98售04,0,0,0,0,0,0,0,0,0,-58000,0,0,0,21000,79000,-58000,-58000
06915P,晶技元富98售02  ,0,0,0,0,0,0,0,0,0,-58000,0,0,0,0,58000,-58000,-58000
06192P,高股息中信98售01,0,0,0,0,0,0,0,0,0,-58000,0,0,0,0,58000,-58000,-58000
05919P,京鼎元大96售03  ,0,0,0,0,0,0,0,0,0,-58000,0,0,0,112000,170000,-58000,-58000
056715,瀚宇博永豐98購01,0,0,0,0,0,0,0,0,0,-59000,0,0,0,77000,136000,-59000,-59000
055879,神達元富97購01  ,0,0,0,0,0,0,0,0,0,-59000,0,0,0,292000,351000,-59000,-59000
056448,全新凱基99購01  ,0,0,0,0,0,0,0,0,0,-59000,0,0,0,19000,78000,-59000,-59000
04214P,美利達凱基93售04,0,0,0,0,0,0,0,0,0,-59000,0,0,0,50000,109000,-59000,-59000
047542,華通凱基94購02  ,0,0,0,0,0,0,0,0,0,-59000,0,0,0,0,59000,-59000,-59000
04882P,鴻海凱基94售19  ,0,0,0,0,0,0,0,0,0,-59000,0,0,0,13000,72000,-59000,-59000
055035,興勤富邦98購01  ,0,0,0,0,0,0,0,0,0,-59000,0,0,0,1000,60000,-59000,-59000
053777,台積電元大96購20,0,0,0,0,0,0,0,0,0,-59000,0,0,0,68000,127000,-59000,-59000
2405,浩鑫            ,7000,66000,-59000,0,0,0,0,0,0,0,0,0,0,0,0,0,-59000
6285,啟碁            ,442000,475000,-33000,0,0,0,3000,27804,-24804,-2000,2000,6000,-4000,6000,4000,2000,-59804
056095,臻鼎元富9A購01  ,0,0,0,0,0,0,0,0,0,-60000,0,0,0,80000,140000,-60000,-60000
055701,亞德客富邦99購01,0,0,0,0,0,0,0,0,0,-60000,0,0,0,40000,100000,-60000,-60000
056991,牧德兆豐98購01  ,0,0,0,0,0,0,0,0,0,-60000,0,0,0,0,60000,-60000,-60000
056976,喬山群益98購01  ,0,0,0,0,0,0,0,0,0,-60000,0,0,0,0,60000,-60000,-60000
057273,智邦元大98購05  ,0,0,0,0,0,0,0,0,0,-60000,0,0,0,64000,124000,-60000,-60000
057824,日月光元大98購01,0,0,0,0,0,0,0,0,0,-60000,0,0,0,2000,62000,-60000,-60000
057551,華新科凱基98購06,0,0,0,0,0,0,0,0,0,-60000,0,0,0,0,60000,-60000,-60000
051630,力山國票96購01  ,0,0,0,0,0,0,0,0,0,-60000,0,0,0,0,60000,-60000,-60000
047032,台虹元大93購01  ,0,0,0,0,0,0,0,0,0,-60000,0,0,0,0,60000,-60000,-60000
04852P,臻鼎永豐94售02  ,0,0,0,0,0,0,0,0,0,-60000,0,0,0,10000,70000,-60000,-60000
047703,台積電凱基93購19,0,0,0,0,0,0,0,0,0,-60000,0,0,0,0,60000,-60000,-60000
047680,上証反中信96購01,0,0,0,0,0,0,0,0,0,-60000,0,0,0,0,60000,-60000,-60000
04768P,大立光國泰96售03,0,0,0,0,0,0,0,0,0,-60000,0,0,0,55000,115000,-60000,-60000
04156P,大立光永豐93售02,0,0,0,0,0,0,0,0,0,-60000,0,0,0,0,60000,-60000,-60000
01010T,京城樂富R1      ,0,0,0,0,0,0,0,0,0,-60000,0,60000,-60000,0,0,0,-60000
04315P,台光電國票93售04,0,0,0,0,0,0,0,0,0,-60000,0,0,0,0,60000,-60000,-60000
04515P,元油2X群益97售02,0,0,0,0,0,0,0,0,0,-60000,0,0,0,2179000,2239000,-60000,-60000
048989,矽格元大94購02  ,0,0,0,0,0,0,0,0,0,-60000,0,0,0,0,60000,-60000,-60000
04823P,台積電元富94售09,0,0,0,0,0,0,0,0,0,-60000,0,0,0,0,60000,-60000,-60000
049066,元石油凱基97購01,0,0,0,0,0,0,0,0,0,-60000,0,0,0,0,60000,-60000,-60000
045870,元油2X元富96購02,0,0,0,0,0,0,0,0,0,-60000,0,0,0,20000,80000,-60000,-60000
047234,晶技凱基93購01  ,0,0,0,0,0,0,0,0,0,-60000,0,0,0,0,60000,-60000,-60000
050183,奇鋐元大96購01  ,0,0,0,0,0,0,0,0,0,-60000,0,0,0,0,60000,-60000,-60000
049897,華新科統一94購07,0,0,0,0,0,0,0,0,0,-60000,0,0,0,0,60000,-60000,-60000
049728,正崴中信94購01  ,0,0,0,0,0,0,0,0,0,-60000,0,0,0,0,60000,-60000,-60000
050118,臻鼎元大94購01  ,0,0,0,0,0,0,0,0,0,-60000,0,0,0,0,60000,-60000,-60000
052125,群創國票95購02  ,0,0,0,0,0,0,0,0,0,-60000,0,0,0,0,60000,-60000,-60000
051841,南茂國泰96購01  ,0,0,0,0,0,0,0,0,0,-60000,0,0,0,60000,120000,-60000,-60000
051923,聯發科日盛95購02,0,0,0,0,0,0,0,0,0,-60000,0,0,0,0,60000,-60000,-60000
050774,健策元大96購02  ,0,0,0,0,0,0,0,0,0,-60000,0,0,0,0,60000,-60000,-60000
051983,道瓊反元大95購01,0,0,0,0,0,0,0,0,0,-60000,0,0,0,77000,137000,-60000,-60000
05096P,台積電日盛95售01,0,0,0,0,0,0,0,0,0,-60000,0,0,0,1688000,1748000,-60000,-60000
052656,力山元富96購01  ,0,0,0,0,0,0,0,0,0,-60000,0,0,0,0,60000,-60000,-60000
050329,超眾永豐94購03  ,0,0,0,0,0,0,0,0,0,-60000,0,0,0,0,60000,-60000,-60000
053639,禾伸堂永豐96購01,0,0,0,0,0,0,0,0,0,-60000,0,0,0,10000,70000,-60000,-60000
054110,群創凱基98購09  ,0,0,0,0,0,0,0,0,0,-60000,0,0,0,0,60000,-60000,-60000
054194,國巨麥證96購02  ,0,0,0,0,60000,-60000,0,0,0,-60000,0,0,0,0,60000,-60000,-60000
054026,台積電凱基97購08,0,0,0,0,0,0,0,0,0,-60000,0,0,0,0,60000,-60000,-60000
053884,緯穎第一96購01  ,0,0,0,0,0,0,0,0,0,-60000,0,0,0,0,60000,-60000,-60000
053966,旺宏元大96購08  ,0,0,0,0,0,0,0,0,0,-60000,0,0,0,335000,395000,-60000,-60000
053438,玉晶光麥證97購02,0,0,0,2000,62000,-60000,0,0,0,-60000,0,0,0,2000,62000,-60000,-60000
053139,滬深2X永豐98購01,0,0,0,0,0,0,0,0,0,-60000,0,0,0,0,60000,-60000,-60000
054919,興富發凱基97購01,0,0,0,0,0,0,0,0,0,-60000,0,0,0,0,60000,-60000,-60000
055151,台積電元大98購05,0,0,0,0,0,0,0,0,0,-60000,0,0,0,555000,615000,-60000,-60000
055099,可成日盛97購01  ,0,0,0,0,0,0,0,0,0,-60000,0,0,0,0,60000,-60000,-60000
054584,貿聯元富97購01  ,0,0,0,0,0,0,0,0,0,-60000,0,0,0,20000,80000,-60000,-60000
4566,時碩工業        ,11000,71000,-60000,0,0,0,0,0,0,0,3000,3000,0,0,0,0,-60000
2702,華園            ,11000,71000,-60000,0,0,0,0,0,0,0,0,0,0,0,0,0,-60000
2488,漢平            ,88000,151000,-63000,0,0,0,0,0,0,3000,4000,1000,3000,0,0,0,-60000
2423,固緯            ,1000,61000,-60000,0,0,0,0,0,0,0,0,0,0,0,0,0,-60000
08820P,台積電凱基01售10,0,0,0,0,0,0,0,0,0,-60000,0,0,0,0,60000,-60000,-60000
06908P,健策國泰99售02  ,0,0,0,0,0,0,0,0,0,-60000,0,0,0,10000,70000,-60000,-60000
06727P,台光電元大98售05,0,0,0,0,0,0,0,0,0,-60000,0,0,0,0,60000,-60000,-60000
06582P,可成凱基98售06  ,0,0,0,0,0,0,0,0,0,-60000,0,0,0,180000,240000,-60000,-60000
06393P,台積電元大97售27,0,0,0,0,0,0,0,0,0,-60000,0,0,0,0,60000,-60000,-60000
05553P,智原群益96售01  ,0,0,0,0,0,0,0,0,0,-61000,0,0,0,0,61000,-61000,-61000
056560,旺宏群益98購03  ,0,0,0,0,0,0,0,0,0,-61000,0,0,0,1000,62000,-61000,-61000
049425,喬山兆豐95購01  ,0,0,0,0,0,0,0,0,0,-61000,0,0,0,0,61000,-61000,-61000
051430,瑞昱元富95購02  ,0,0,0,0,0,0,0,0,0,-61000,0,0,0,199000,260000,-61000,-61000
051761,富邦金元大96購01,0,0,0,0,0,0,0,0,0,-61000,0,0,0,7000,68000,-61000,-61000
050114,群創元大95購01  ,0,0,0,0,0,0,0,0,0,-61000,0,0,0,69000,130000,-61000,-61000
054700,致新永豐97購01  ,0,0,0,0,0,0,0,0,0,-61000,0,0,0,39000,100000,-61000,-61000
054806,台化元大9A購01  ,0,0,0,0,0,0,0,0,0,-61000,0,0,0,94000,155000,-61000,-61000
05978P,麗豐永豐96售02  ,0,0,0,0,0,0,0,0,0,-61000,0,0,0,0,61000,-61000,-61000
3028,增你強          ,25000,86000,-61000,0,0,0,0,0,0,0,0,0,0,0,0,0,-61000
3504,揚明光          ,101000,118000,-17000,0,0,0,0,0,0,-44000,0,15000,-15000,0,29000,-29000,-61000
6235,華孚            ,5000,64000,-59000,0,0,0,0,0,0,-2000,0,2000,-2000,0,0,0,-61000
056466,臺股指凱基99購08,0,0,0,0,0,0,0,0,0,-62000,0,0,0,168000,230000,-62000,-62000
056730,元油2X凱基9A購04,0,0,0,0,0,0,0,0,0,-62000,0,0,0,17000,79000,-62000,-62000
046944,奇力新元大96購01,0,0,0,0,0,0,0,0,0,-62000,0,0,0,30000,92000,-62000,-62000
046934,智邦元富96購01  ,0,0,0,0,0,0,0,0,0,-62000,0,0,0,9000,71000,-62000,-62000
04997P,燿華台新95售02  ,0,0,0,0,0,0,0,0,0,-62000,0,0,0,0,62000,-62000,-62000
04994P,大成鋼凱基95售01,0,0,0,0,0,0,0,0,0,-62000,0,0,0,0,62000,-62000,-62000
050422,鴻海凱基96購01  ,0,0,0,0,0,0,0,0,0,-62000,0,0,0,26000,88000,-62000,-62000
050744,健策永豐94購04  ,0,0,0,0,0,0,0,0,0,-62000,0,0,0,0,62000,-62000,-62000
052476,台光電群益98購01,0,0,0,0,0,0,0,0,0,-62000,0,0,0,89000,151000,-62000,-62000
054336,台積電統一96購11,0,0,0,0,0,0,0,0,0,-62000,0,0,0,440000,502000,-62000,-62000
055437,禾伸堂中信99購01,0,0,0,0,0,0,0,0,0,-62000,0,0,0,38000,100000,-62000,-62000
053459,康控國泰97購01  ,0,0,0,0,0,0,0,0,0,-62000,0,0,0,64000,126000,-62000,-62000
053995,奇力新群益97購02,0,0,0,0,0,0,0,0,0,-62000,0,0,0,150000,212000,-62000,-62000
2849,安泰銀          ,0,69000,-69000,0,0,0,0,0,0,7000,7000,0,7000,0,0,0,-62000
06412P,南亞科日盛97售01,0,0,0,0,0,0,0,0,0,-62000,0,0,0,81000,143000,-62000,-62000
057125,國巨凱基98購12  ,0,0,0,0,0,0,0,0,0,-63000,0,0,0,10000,73000,-63000,-63000
057111,立積群益98購02  ,0,0,0,0,0,0,0,0,0,-63000,0,0,0,36000,99000,-63000,-63000
057860,金寶凱基98購01  ,0,0,0,0,0,0,0,0,0,-63000,0,0,0,7000,70000,-63000,-63000
057645,華新科元大99購11,0,0,0,0,0,0,0,0,0,-63000,0,0,0,42000,105000,-63000,-63000
056677,智伸科元富98購01,0,0,0,0,0,0,0,0,0,-63000,0,0,0,20000,83000,-63000,-63000
055880,神達元富97購02  ,0,0,0,0,0,0,0,0,0,-63000,0,0,0,110000,173000,-63000,-63000
048888,牧德元富94購02  ,0,0,0,0,0,0,0,0,0,-63000,0,0,0,40000,103000,-63000,-63000
05027P,南電群益95售01  ,0,0,0,0,0,0,0,0,0,-63000,0,0,0,5000,68000,-63000,-63000
05377P,鴻海凱基95售18  ,0,0,0,0,0,0,0,0,0,-63000,0,0,0,17000,80000,-63000,-63000
053744,台郡國票97購03  ,0,0,0,0,0,0,0,0,0,-63000,0,0,0,20000,83000,-63000,-63000
053415,聯茂國票97購01  ,0,0,0,0,0,0,0,0,0,-63000,0,0,0,62000,125000,-63000,-63000
054981,國巨元富97購02  ,0,0,0,0,0,0,0,0,0,-63000,0,0,0,521000,584000,-63000,-63000
06581P,南亞科凱基98售04,0,0,0,0,0,0,0,0,0,-63000,0,0,0,0,63000,-63000,-63000
06560P,台積電統一98售07,0,0,0,0,0,0,0,0,0,-63000,0,0,0,5000,68000,-63000,-63000
06062P,宏達電元富97售01,0,0,0,0,0,0,0,0,0,-63000,0,0,0,0,63000,-63000,-63000
05920P,力成元大96售04  ,0,0,0,0,0,0,0,0,0,-63000,0,0,0,53000,116000,-63000,-63000
2457,飛宏            ,1000,77000,-76000,0,0,0,0,0,0,13000,15000,2000,13000,0,0,0,-63000
3501,維熹            ,0,63000,-63000,0,0,0,0,0,0,0,0,0,0,0,0,0,-63000
055467,國巨凱基97購05  ,0,0,0,0,0,0,0,0,0,-64000,0,0,0,155000,219000,-64000,-64000
056407,嘉晶國票99購01  ,0,0,0,0,0,0,0,0,0,-64000,0,0,0,0,64000,-64000,-64000
057544,鴻海凱基02購01  ,0,0,0,0,0,0,0,0,0,-64000,0,0,0,116000,180000,-64000,-64000
048527,鴻海國票94購02  ,0,0,0,0,0,0,0,0,0,-64000,0,0,0,36000,100000,-64000,-64000
046291,友達統一94購01  ,0,0,0,0,0,0,0,0,0,-64000,0,0,0,7000,71000,-64000,-64000
044988,玉晶光統一95購01,0,0,0,0,0,0,0,0,0,-64000,0,0,0,56000,120000,-64000,-64000
03644C,臺股指元大94牛28,0,0,0,0,0,0,0,0,0,-64000,0,0,0,25000,89000,-64000,-64000
00660,元大歐洲50      ,0,0,0,0,0,0,0,0,0,-64000,0,0,0,0,64000,-64000,-64000
052343,同欣電凱基95購03,0,0,0,0,0,0,0,0,0,-64000,0,0,0,31000,95000,-64000,-64000
052736,T50反1元大96購05,0,0,0,0,0,0,0,0,0,-64000,0,0,0,1389000,1453000,-64000,-64000
049694,華新科元大95購06,0,0,0,0,0,0,0,0,0,-64000,0,0,0,6000,70000,-64000,-64000
054627,義隆凱基98購01  ,0,0,0,0,0,0,0,0,0,-64000,0,0,0,60000,124000,-64000,-64000
053425,京鼎永豐96購01  ,0,0,0,0,0,0,0,0,0,-64000,0,0,0,8000,72000,-64000,-64000
053439,台積電凱基96購11,0,0,0,0,0,0,0,0,0,-64000,0,0,0,40000,104000,-64000,-64000
1731,美吾華          ,31000,94000,-63000,0,0,0,0,0,0,-1000,0,1000,-1000,0,0,0,-64000
05949P,台積電國票96售09,0,0,0,0,0,0,0,0,0,-64000,0,0,0,163000,227000,-64000,-64000
058059,晶技元富98購01  ,0,0,0,0,0,0,0,0,0,-64000,0,0,0,11000,75000,-64000,-64000
058003,FBVIX群益9C購02 ,0,0,0,0,0,0,0,0,0,-64000,0,0,0,0,64000,-64000,-64000
06031P,新光金兆豐96售02,0,0,0,0,0,0,0,0,0,-64000,0,0,0,63000,127000,-64000,-64000
06884P,台郡群益98售03  ,0,0,0,0,0,0,0,0,0,-64000,0,0,0,75000,139000,-64000,-64000
056590,樺漢統一9A購01  ,0,0,0,0,0,0,0,0,0,-65000,0,0,0,53000,118000,-65000,-65000
04422P,玉晶光永豐94售03,0,0,0,0,0,0,0,0,0,-65000,0,0,0,465000,530000,-65000,-65000
04433P,上証2X國票95售01,0,0,0,0,0,0,0,0,0,-65000,0,0,0,35000,100000,-65000,-65000
04451P,可成凱基94售04  ,0,0,0,0,0,0,0,0,0,-65000,0,0,0,6000,71000,-65000,-65000
04879P,康控永豐94售02  ,0,0,0,0,0,0,0,0,0,-65000,0,0,0,0,65000,-65000,-65000
051597,T50反1中信99購02,0,0,0,0,0,0,0,0,0,-65000,0,0,0,90000,155000,-65000,-65000
050049,華通群益96購01  ,0,0,0,0,0,0,0,0,0,-65000,0,0,0,137000,202000,-65000,-65000
049636,上証反凱基9A購01,0,0,0,0,0,0,0,0,0,-65000,0,0,0,22000,87000,-65000,-65000
050517,台積電元大94購27,0,0,0,0,0,0,0,0,0,-65000,0,0,0,188000,253000,-65000,-65000
05020P,廣達中信95售01  ,0,0,0,0,0,0,0,0,0,-65000,0,0,0,0,65000,-65000,-65000
051089,旺宏元大96購04  ,0,0,0,0,0,0,0,0,0,-65000,0,0,0,22000,87000,-65000,-65000
051073,同欣電國票96購01,0,0,0,0,0,0,0,0,0,-65000,0,0,0,0,65000,-65000,-65000
051468,智邦日盛95購01  ,0,0,0,0,0,0,0,0,0,-65000,0,0,0,0,65000,-65000,-65000
051033,台積電兆豐95購03,0,0,0,0,0,0,0,0,0,-65000,0,0,0,55000,120000,-65000,-65000
053256,上銀富邦98購01  ,0,0,0,0,0,0,0,0,0,-65000,0,0,0,27000,92000,-65000,-65000
053108,南亞科兆豐96購01,0,0,0,0,0,0,0,0,0,-65000,0,0,0,0,65000,-65000,-65000
054216,聯茂國票97購03  ,0,0,0,0,0,0,0,0,0,-65000,0,0,0,10000,75000,-65000,-65000
054262,瀚宇博元大96購03,0,0,0,0,0,0,0,0,0,-65000,0,0,0,3000,68000,-65000,-65000
054520,健鼎元大96購02  ,0,0,0,0,0,0,0,0,0,-65000,0,0,0,20000,85000,-65000,-65000
1215,卜蜂            ,107000,138000,-31000,0,0,0,0,0,0,-34000,0,16000,-16000,0,18000,-18000,-65000
06715P,台積電元大99售04,0,0,0,0,0,0,0,0,0,-65000,0,0,0,919000,984000,-65000,-65000
06323P,台郡統一97售01  ,0,0,0,0,0,0,0,0,0,-65000,0,0,0,137000,202000,-65000,-65000
05896P,宏達電群益96售03,0,0,0,0,0,0,0,0,0,-65000,0,0,0,5000,70000,-65000,-65000
05869P,旺宏凱基96售05  ,0,0,0,0,0,0,0,0,0,-65000,0,0,0,50000,115000,-65000,-65000
3149,正達            ,27000,92000,-65000,0,0,0,0,0,0,0,0,0,0,0,0,0,-65000
057425,臺股指凱基9C購02,0,0,0,0,0,0,0,0,0,-66000,0,0,0,251000,317000,-66000,-66000
048641,美律元大94購01  ,0,0,0,0,0,0,0,0,0,-66000,0,0,0,70000,136000,-66000,-66000
04733P,康控兆豐95售01  ,0,0,0,0,0,0,0,0,0,-66000,0,0,0,0,66000,-66000,-66000
050956,鈺齊群益95購01  ,0,0,0,0,0,0,0,0,0,-66000,0,0,0,114000,180000,-66000,-66000
04952P,台光電亞東94售01,0,0,0,0,0,0,0,0,0,-66000,0,0,0,0,66000,-66000,-66000
05520P,聯詠凱基96售01  ,0,0,0,0,0,0,0,0,0,-66000,0,0,0,0,66000,-66000,-66000
053876,可成永昌98購01  ,0,0,0,0,0,0,0,0,0,-66000,0,0,0,0,66000,-66000,-66000
053400,緯穎中信9A購01  ,0,0,0,0,0,0,0,0,0,-66000,0,0,0,107000,173000,-66000,-66000
2636,台驊投控        ,3000,67000,-64000,0,0,0,0,0,0,-2000,0,2000,-2000,0,0,0,-66000
3712,永崴投控        ,5000,70000,-65000,0,0,0,0,0,0,-1000,0,1000,-1000,0,0,0,-66000
06001P,樺漢台新96售01  ,0,0,0,0,0,0,0,0,0,-66000,0,0,0,0,66000,-66000,-66000
06180P,禾伸堂群益97售01,0,0,0,0,0,0,0,0,0,-66000,0,0,0,126000,192000,-66000,-66000
06398P,禾伸堂凱基97售02,0,0,0,0,0,0,0,0,0,-66000,0,0,0,46000,112000,-66000,-66000
06565P,元油2X永豐9A售01,0,0,0,0,0,0,0,0,0,-66000,0,0,0,2288000,2354000,-66000,-66000
06457P,玉晶光統一98售02,0,0,0,0,0,0,0,0,0,-66000,0,0,0,114000,180000,-66000,-66000
057609,友訊元富98購01  ,0,0,0,0,0,0,0,0,0,-67000,0,0,0,63000,130000,-67000,-67000
05692P,聯發科中信9A售02,0,0,0,0,0,0,0,0,0,-67000,0,0,0,2000,69000,-67000,-67000
056917,國巨兆豐98購03  ,0,0,0,0,0,0,0,0,0,-67000,0,0,0,53000,120000,-67000,-67000
056402,智易群益98購02  ,0,0,0,0,0,0,0,0,0,-67000,0,0,0,41000,108000,-67000,-67000
050065,冠德凱基94購01  ,0,0,0,0,0,0,0,0,0,-67000,0,0,0,1000,68000,-67000,-67000
049144,瑞昱元大94購03  ,0,0,0,0,0,0,0,0,0,-67000,0,0,0,69000,136000,-67000,-67000
052634,華邦電凱基96購01,0,0,0,0,0,0,0,0,0,-67000,0,0,0,1000,68000,-67000,-67000
053245,全新國票97購01  ,0,0,0,0,0,0,0,0,0,-67000,0,0,0,0,67000,-67000,-67000
055122,國巨兆豐98購01  ,0,0,0,0,0,0,0,0,0,-67000,0,0,0,191000,258000,-67000,-67000
058104,國巨統一9A購04  ,0,0,0,0,0,0,0,0,0,-67000,0,0,0,0,67000,-67000,-67000
8210,勤誠            ,270000,331000,-61000,0,0,0,0,0,0,-6000,8000,33000,-25000,27000,8000,19000,-67000
2476,鉅祥            ,9000,75000,-66000,0,0,0,0,0,0,-1000,0,1000,-1000,0,0,0,-67000
056447,聯發科凱基98購09,0,0,0,0,0,0,0,0,0,-68000,0,0,0,0,68000,-68000,-68000
056441,燿華凱基98購01  ,0,0,0,0,0,0,0,0,0,-68000,0,0,0,0,68000,-68000,-68000
056343,高鐵凱基98購02  ,0,0,0,0,0,0,0,0,0,-68000,0,0,0,0,68000,-68000,-68000
055627,亞德客永豐97購02,0,0,0,0,0,0,0,0,0,-68000,0,0,0,0,68000,-68000,-68000
05582P,群創凱基98售06  ,0,0,0,0,0,0,0,0,0,-68000,0,0,0,47000,115000,-68000,-68000
056038,可成凱基97購01  ,0,0,0,0,0,0,0,0,0,-68000,0,0,0,0,68000,-68000,-68000
056882,華邦電康和98購01,0,0,0,0,0,0,0,0,0,-68000,0,0,0,0,68000,-68000,-68000
056968,揚明光永豐98購02,0,0,0,0,0,0,0,0,0,-68000,0,0,0,0,68000,-68000,-68000
056716,康舒永豐98購01  ,0,0,0,0,0,0,0,0,0,-68000,0,0,0,68000,136000,-68000,-68000
057044,旺宏元大98購08  ,0,0,0,0,0,0,0,0,0,-68000,0,0,0,0,68000,-68000,-68000
057572,明泰永豐98購01  ,0,0,0,0,0,0,0,0,0,-68000,0,0,0,0,68000,-68000,-68000
051474,智邦凱基95購04  ,0,0,0,0,0,0,0,0,0,-68000,0,0,0,0,68000,-68000,-68000
048642,聯發科元大94購02,0,0,0,0,0,0,0,0,0,-68000,0,0,0,1000,69000,-68000,-68000
048645,創意元大94購02  ,0,0,0,0,0,0,0,0,0,-68000,0,0,0,0,68000,-68000,-68000
049082,晶豪科凱基94購01,0,0,0,0,0,0,0,0,0,-68000,0,0,0,0,68000,-68000,-68000
049004,聯發科中信96購01,0,0,0,0,0,0,0,0,0,-68000,0,0,0,2000,70000,-68000,-68000
00714,群益道瓊美國地產,21000,5000,16000,0,0,0,0,0,0,-84000,0,0,0,0,84000,-84000,-68000
05255P,義隆凱基95售01  ,0,0,0,0,0,0,0,0,0,-68000,0,0,0,2000,70000,-68000,-68000
049487,智邦元大94購03  ,0,0,0,0,0,0,0,0,0,-68000,0,0,0,0,68000,-68000,-68000
050205,牧德群益94購02  ,0,0,0,0,0,0,0,0,0,-68000,0,0,0,52000,120000,-68000,-68000
050901,樺漢元大95購02  ,0,0,0,0,0,0,0,0,0,-68000,0,0,0,0,68000,-68000,-68000
049783,元油2X兆豐95購01,0,0,0,0,0,0,0,0,0,-68000,0,0,0,2148000,2216000,-68000,-68000
051953,矽力元富95購03  ,0,0,0,0,0,0,0,0,0,-68000,0,0,0,49000,117000,-68000,-68000
049693,可成元大94購08  ,0,0,0,0,0,0,0,0,0,-68000,0,0,0,0,68000,-68000,-68000
049596,智伸科元大95購01,0,0,0,0,0,0,0,0,0,-68000,0,0,0,0,68000,-68000,-68000
052018,京鼎永豐95購02  ,0,0,0,0,0,0,0,0,0,-68000,0,0,0,0,68000,-68000,-68000
055130,京鼎康和97購01  ,0,0,0,0,0,0,0,0,0,-68000,0,0,0,0,68000,-68000,-68000
054957,興富發元大97購01,0,0,0,0,0,0,0,0,0,-68000,0,0,0,50000,118000,-68000,-68000
055351,聯發科凱基97購03,0,0,0,0,0,0,0,0,0,-68000,0,0,0,0,68000,-68000,-68000
054435,華新科台新97購02,0,0,0,0,0,0,0,0,0,-68000,0,0,0,1130000,1198000,-68000,-68000
054871,明泰群益98購01  ,0,0,0,0,0,0,0,0,0,-68000,0,0,0,12000,80000,-68000,-68000
053205,台光電麥證96購01,0,0,0,66000,130000,-64000,0,0,0,-68000,0,0,0,66000,134000,-68000,-68000
053157,日月光元大96購03,0,0,0,0,0,0,0,0,0,-68000,0,0,0,0,68000,-68000,-68000
053330,燿華永豐96購03  ,0,0,0,0,0,0,0,0,0,-68000,0,0,0,0,68000,-68000,-68000
053698,中磊元大96購02  ,0,0,0,0,0,0,0,0,0,-68000,0,0,0,0,68000,-68000,-68000
053778,旺宏元大97購03  ,0,0,0,0,0,0,0,0,0,-68000,0,0,0,262000,330000,-68000,-68000
053981,康控元大96購05  ,0,0,0,0,0,0,0,0,0,-68000,0,0,0,0,68000,-68000,-68000
2486,一詮            ,11000,84000,-73000,0,0,0,0,0,0,5000,9000,4000,5000,0,0,0,-68000
3030,德律            ,225000,278000,-53000,0,0,0,0,0,0,-15000,0,15000,-15000,0,0,0,-68000
06205P,台積電群益97售03,0,0,0,0,0,0,0,0,0,-68000,0,0,0,313000,381000,-68000,-68000
06004P,奇力新永豐96售02,0,0,0,0,0,0,0,0,0,-68000,0,0,0,70000,138000,-68000,-68000
06080P,景碩群益98售02  ,0,0,0,0,0,0,0,0,0,-68000,0,0,0,21000,89000,-68000,-68000
056689,玉晶光統一9A購03,0,0,0,0,0,0,0,0,0,-69000,0,0,0,1000,70000,-69000,-69000
056819,奇力新永豐98購01,0,0,0,0,0,0,0,0,0,-69000,0,0,0,0,69000,-69000,-69000
048562,宏達電元大95購01,0,0,0,0,0,0,0,0,0,-69000,0,0,0,156000,225000,-69000,-69000
051696,新日興中信96購01,0,0,0,0,0,0,0,0,0,-69000,0,0,0,136000,205000,-69000,-69000
05034P,台積電元大95售08,0,0,0,0,0,0,0,0,0,-69000,0,0,0,132000,201000,-69000,-69000
05035P,聯發科元大95售06,1000,0,1000,0,0,0,0,0,0,-70000,0,0,0,684000,754000,-70000,-69000
053525,台積電中信96購04,0,0,0,0,0,0,0,0,0,-69000,0,0,0,0,69000,-69000,-69000
053481,同欣電元大97購01,0,0,0,0,0,0,0,0,0,-69000,0,0,0,38000,107000,-69000,-69000
053230,達方台新97購01  ,0,0,0,0,0,0,0,0,0,-69000,0,0,0,10000,79000,-69000,-69000
054356,可成兆豐97購01  ,0,0,0,0,0,0,0,0,0,-69000,0,0,0,4000,73000,-69000,-69000
055331,國巨兆豐99購01  ,0,0,0,0,0,0,0,0,0,-69000,0,0,0,32000,101000,-69000,-69000
06208P,台郡凱基97售03  ,0,0,0,0,0,0,0,0,0,-69000,0,0,0,70000,139000,-69000,-69000
06631P,玉晶光群益9A售03,0,0,0,0,0,0,0,0,0,-69000,0,0,0,15000,84000,-69000,-69000
6525,捷敏-KY         ,19400,87000,-67600,0,0,0,0,0,0,-2000,0,2000,-2000,0,0,0,-69600
056971,麗豐永豐98購01  ,0,0,0,0,0,0,0,0,0,-70000,0,0,0,0,70000,-70000,-70000
056923,奇力新兆豐99購02,0,0,0,0,0,0,0,0,0,-70000,0,0,0,3000,73000,-70000,-70000
057243,樺漢凱基99購01  ,0,0,0,0,0,0,0,0,0,-70000,0,0,0,0,70000,-70000,-70000
057313,聯發科麥證99購01,0,0,0,20000,90000,-70000,0,0,0,-70000,0,0,0,20000,90000,-70000,-70000
057660,訊芯兆豐98購02  ,0,0,0,0,0,0,0,0,0,-70000,0,0,0,0,70000,-70000,-70000
057862,智邦凱基99購01  ,0,0,0,0,0,0,0,0,0,-70000,0,0,0,1000,71000,-70000,-70000
055643,宏碁元富97購01  ,0,0,0,0,0,0,0,0,0,-70000,0,0,0,0,70000,-70000,-70000
055468,智邦凱基97購04  ,0,0,0,0,0,0,0,0,0,-70000,0,0,0,0,70000,-70000,-70000
055511,大立光兆豐97購02,0,0,0,0,0,0,0,0,0,-70000,0,0,0,90000,160000,-70000,-70000
056249,鴻海兆豐97購05  ,0,0,0,0,0,0,0,0,0,-70000,0,0,0,0,70000,-70000,-70000
056102,億光永豐97購02  ,0,0,0,0,0,0,0,0,0,-70000,0,0,0,0,70000,-70000,-70000
056461,樺漢凱基98購02  ,0,0,0,0,0,0,0,0,0,-70000,0,0,0,2000,72000,-70000,-70000
047784,元油反富邦94購03,0,0,0,0,0,0,0,0,0,-70000,0,0,0,0,70000,-70000,-70000
05086P,鴻海凱基95售13  ,0,0,0,0,0,0,0,0,0,-70000,0,0,0,13000,83000,-70000,-70000
050861,鴻海永豐95購01  ,0,0,0,0,0,0,0,0,0,-70000,0,0,0,0,70000,-70000,-70000
03917P,鴻海凱基94售07  ,0,0,0,0,0,0,0,0,0,-70000,0,0,0,0,70000,-70000,-70000
047245,聯發科群益94購03,0,0,0,0,0,0,0,0,0,-70000,0,0,0,0,70000,-70000,-70000
04490P,聯發科台新94售02,0,0,0,0,0,0,0,0,0,-70000,0,0,0,0,70000,-70000,-70000
052692,滬深2X中信99購02,0,0,0,0,0,0,0,0,0,-70000,0,0,0,0,70000,-70000,-70000
052679,致伸富邦98購01  ,0,0,0,0,0,0,0,0,0,-70000,0,0,0,0,70000,-70000,-70000
051428,玉晶光統一96購01,0,0,0,0,0,0,0,0,0,-70000,0,0,0,0,70000,-70000,-70000
051257,光寶科國泰96購01,0,0,0,0,0,0,0,0,0,-70000,0,0,0,10000,80000,-70000,-70000
051263,深中小富邦96購01,0,0,0,0,0,0,0,0,0,-70000,0,0,0,0,70000,-70000,-70000
051704,智邦群益95購02  ,0,0,0,0,0,0,0,0,0,-70000,0,0,0,69000,139000,-70000,-70000
05191P,鴻海台新95售01  ,0,0,0,0,0,0,0,0,0,-70000,0,0,0,0,70000,-70000,-70000
052187,奇鋐群益95購03  ,0,0,0,0,0,0,0,0,0,-70000,0,0,0,0,70000,-70000,-70000
05523P,聯發科國票96售04,0,0,0,0,0,0,0,0,0,-70000,0,0,0,0,70000,-70000,-70000
054310,牧德凱基98購01  ,0,0,0,0,0,0,0,0,0,-70000,0,0,0,3000,73000,-70000,-70000
054648,智原群益98購01  ,0,0,0,0,0,0,0,0,0,-70000,0,0,0,0,70000,-70000,-70000
053236,群創永豐97購02  ,0,0,0,0,0,0,0,0,0,-70000,0,0,0,0,70000,-70000,-70000
053156,緯創元大96購02  ,0,0,0,0,0,0,0,0,0,-70000,0,0,0,0,70000,-70000,-70000
053495,聯發科兆豐96購02,0,0,0,0,0,0,0,0,0,-70000,0,0,0,0,70000,-70000,-70000
052818,智邦永豐96購01  ,0,0,0,0,0,0,0,0,0,-70000,0,0,0,41000,111000,-70000,-70000
052956,聯發科日盛96購01,0,0,0,0,0,0,0,0,0,-70000,0,0,0,140000,210000,-70000,-70000
052921,大成鋼永豐96購01,0,0,0,0,0,0,0,0,0,-70000,0,0,0,0,70000,-70000,-70000
054035,聯詠麥證96購01  ,0,0,0,0,70000,-70000,0,0,0,-70000,0,0,0,0,70000,-70000,-70000
054061,晶技國票97購03  ,0,0,0,0,0,0,0,0,0,-70000,0,0,0,0,70000,-70000,-70000
054199,大立光永昌96購07,0,0,0,0,0,0,0,0,0,-70000,0,0,0,0,70000,-70000,-70000
054117,宏全康和96購01  ,0,0,0,0,0,0,0,0,0,-70000,0,0,0,0,70000,-70000,-70000
4976,佳凌            ,27000,97000,-70000,0,0,0,0,0,0,0,0,0,0,0,0,0,-70000
1455,集盛            ,95000,161000,-66000,0,0,0,0,0,0,-4000,0,4000,-4000,0,0,0,-70000
06471P,臺股指凱基99售11,0,0,0,0,0,0,0,0,0,-70000,0,0,0,0,70000,-70000,-70000
06519P,元油2X元大98售03,0,0,0,0,0,0,0,0,0,-70000,0,0,0,540000,610000,-70000,-70000
06354P,大立光永豐97售04,0,0,0,0,0,0,0,0,0,-70000,0,0,0,16000,86000,-70000,-70000
06663P,鴻海兆豐98售03  ,0,0,0,0,0,0,0,0,0,-70000,0,0,0,0,70000,-70000,-70000
05844P,旺宏元大96售07  ,1000,0,1000,0,0,0,0,0,0,-71000,0,0,0,84000,155000,-71000,-70000
05922P,京元電兆豐96售01,0,0,0,0,0,0,0,0,0,-70000,0,0,0,40000,110000,-70000,-70000
057343,道瓊反統一9A購01,0,0,0,0,0,0,0,0,0,-71000,0,0,0,1000,72000,-71000,-71000
057057,立積元大9A購01  ,0,0,0,0,0,0,0,0,0,-71000,0,0,0,26000,97000,-71000,-71000
00681R,元大美債20反1   ,0,0,0,0,0,0,0,0,0,-71000,0,0,0,3000,74000,-71000,-71000
04809P,台光電群益94售04,0,0,0,0,0,0,0,0,0,-71000,0,0,0,35000,106000,-71000,-71000
048572,美利達元大96購04,0,0,0,0,0,0,0,0,0,-71000,0,0,0,14000,85000,-71000,-71000
04843P,致新元大94售02  ,0,0,0,0,0,0,0,0,0,-71000,0,0,0,1000,72000,-71000,-71000
051661,華新科永昌96購01,0,0,0,0,0,0,0,0,0,-71000,0,0,0,0,71000,-71000,-71000
05104P,智邦台新95售02  ,0,0,0,0,0,0,0,0,0,-71000,0,0,0,0,71000,-71000,-71000
051990,泰碩元大95購01  ,0,0,0,0,0,0,0,0,0,-71000,0,0,0,439000,510000,-71000,-71000
05883P,致伸永豐96售03  ,0,0,0,0,0,0,0,0,0,-71000,0,0,0,24000,95000,-71000,-71000
06326P,鴻海中信01售01  ,0,0,0,0,0,0,0,0,0,-71000,0,0,0,57000,128000,-71000,-71000
06307P,聚陽元富97售02  ,0,0,0,0,0,0,0,0,0,-71000,0,0,0,40000,111000,-71000,-71000
06414P,矽力凱基97售03  ,0,0,0,0,0,0,0,0,0,-71000,0,0,0,161000,232000,-71000,-71000
06539P,聯發科凱基98售12,0,0,0,0,0,0,0,0,0,-71000,0,0,0,165000,236000,-71000,-71000
06498P,臺股指元大9A售03,0,0,0,0,0,0,0,0,0,-71000,0,0,0,35000,106000,-71000,-71000
06611P,祥碩國票98售01  ,0,0,0,0,0,0,0,0,0,-71000,0,0,0,0,71000,-71000,-71000
6152,百一            ,0,71000,-71000,0,0,0,0,0,0,0,0,0,0,0,0,0,-71000
6414,樺漢            ,55000,293000,-238000,0,0,0,150000,0,150000,17000,85000,42000,43000,10000,36000,-26000,-71000
8033,雷虎            ,0,71000,-71000,0,0,0,0,0,0,0,0,0,0,0,0,0,-71000
056943,華通統一99購01  ,0,0,0,0,0,0,0,0,0,-72000,0,0,0,24000,96000,-72000,-72000
056569,T50正2元大9B購02,0,0,0,0,0,0,0,0,0,-72000,0,0,0,42000,114000,-72000,-72000
055628,旺宏永豐97購01  ,0,0,0,0,0,0,0,0,0,-72000,0,0,0,16000,88000,-72000,-72000
051987,廣達元大95購01  ,0,0,0,0,0,0,0,0,0,-72000,0,0,0,68000,140000,-72000,-72000
051944,智邦統一95購02  ,0,0,0,0,0,0,0,0,0,-72000,0,0,0,44000,116000,-72000,-72000
053734,友達中信98購02  ,0,0,0,0,0,0,0,0,0,-72000,0,0,0,846000,918000,-72000,-72000
055412,旺宏富邦99購01  ,0,0,0,0,0,0,0,0,0,-72000,0,0,0,30000,102000,-72000,-72000
05495P,大立光統一95售07,0,0,0,0,0,0,0,0,0,-72000,0,0,0,0,72000,-72000,-72000
06674P,祥碩群益98售02  ,0,0,0,0,0,0,0,0,0,-72000,0,0,0,10000,82000,-72000,-72000
06213P,大立光元大98售07,0,0,0,0,0,0,0,0,0,-72000,0,0,0,108000,180000,-72000,-72000
06095P,燿華永豐97售01  ,0,0,0,0,0,0,0,0,0,-72000,0,0,0,22000,94000,-72000,-72000
055800,欣興永豐97購02  ,0,0,0,0,0,0,0,0,0,-73000,0,0,0,56000,129000,-73000,-73000
056908,牧德元大99購03  ,0,0,0,0,0,0,0,0,0,-73000,0,0,0,13000,86000,-73000,-73000
057159,晶技永豐98購01  ,0,0,0,0,0,0,0,0,0,-73000,0,0,0,19000,92000,-73000,-73000
047763,旺宏元大94購04  ,0,0,0,0,0,0,0,0,0,-73000,0,0,0,0,73000,-73000,-73000
052453,崇越元大95購01  ,0,0,0,0,0,0,0,0,0,-73000,0,0,0,32000,105000,-73000,-73000
054009,欣興元富96購03  ,0,0,0,0,0,0,0,0,0,-73000,0,0,0,10000,83000,-73000,-73000
053284,樺漢元大97購01  ,0,0,0,0,0,0,0,0,0,-73000,0,0,0,0,73000,-73000,-73000
05960P,欣興統一96售01  ,0,0,0,0,0,0,0,0,0,-73000,0,0,0,17000,90000,-73000,-73000
6165,捷泰            ,50000,123000,-73000,0,0,0,0,0,0,0,0,0,0,0,0,0,-73000
05723P,華通永豐96售03  ,0,0,0,0,0,0,0,0,0,-74000,0,0,0,41000,115000,-74000,-74000
05759P,智邦永豐96售02  ,0,0,0,0,0,0,0,0,0,-74000,0,0,0,56000,130000,-74000,-74000
055937,康舒群益97購01  ,0,0,0,0,0,0,0,0,0,-74000,0,0,0,35000,109000,-74000,-74000
048233,南電凱基93購05  ,0,0,0,0,0,0,0,0,0,-74000,0,0,0,6000,80000,-74000,-74000
051623,和碩凱基96購02  ,0,0,0,0,0,0,0,0,0,-74000,0,0,0,0,74000,-74000,-74000
042942,永冠國票94購01  ,0,0,0,0,0,0,0,0,0,-74000,0,0,0,125000,199000,-74000,-74000
04463P,可成元富94售03  ,0,0,0,0,0,0,0,0,0,-74000,0,0,0,6000,80000,-74000,-74000
047283,世紀鋼永豐93購02,0,0,0,0,0,0,0,0,0,-74000,0,0,0,25000,99000,-74000,-74000
052170,台積電元大95購20,0,0,0,0,0,0,0,0,0,-74000,0,0,0,69000,143000,-74000,-74000
054999,玉晶光元富97購03,0,0,0,0,0,0,0,0,0,-74000,0,0,0,126000,200000,-74000,-74000
1321,大洋            ,9000,65000,-56000,0,0,0,0,0,0,-18000,0,18000,-18000,0,0,0,-74000
3004,豐達科          ,6000,80000,-74000,0,0,0,0,0,0,0,0,0,0,0,0,0,-74000
05880P,創意康和96售01  ,0,0,0,0,0,0,0,0,0,-74000,0,0,0,1000,75000,-74000,-74000
06021P,世紀鋼元富96售03,0,0,0,0,0,0,0,0,0,-74000,0,0,0,2000,76000,-74000,-74000
06614P,祥碩永豐98售03  ,0,0,0,0,0,0,0,0,0,-74000,0,0,0,0,74000,-74000,-74000
05607P,華通日盛96售01  ,0,0,0,0,0,0,0,0,0,-75000,0,0,0,1000,76000,-75000,-75000
056614,智邦永豐98購01  ,0,0,0,0,0,0,0,0,0,-75000,0,0,0,30000,105000,-75000,-75000
056117,宏達電群益97購02,0,0,0,0,0,0,0,0,0,-75000,0,0,0,0,75000,-75000,-75000
056269,新日興統一98購01,0,0,0,0,0,0,0,0,0,-75000,0,0,0,41000,116000,-75000,-75000
057617,國巨凱基99購06  ,0,0,0,0,0,0,0,0,0,-75000,0,0,0,7000,82000,-75000,-75000
057858,T50正2康和98購01,0,0,0,0,0,0,0,0,0,-75000,0,0,0,70000,145000,-75000,-75000
057481,技嘉元大98購04  ,0,0,0,0,0,0,0,0,0,-75000,0,0,0,27000,102000,-75000,-75000
047145,鴻海群益95購01  ,0,0,0,0,0,0,0,0,0,-75000,0,0,0,33000,108000,-75000,-75000
044601,旺宏國泰93購03  ,0,0,0,0,0,0,0,0,0,-75000,0,0,0,0,75000,-75000,-75000
051536,玉晶光國票97購01,0,0,0,0,0,0,0,0,0,-75000,0,0,0,45000,120000,-75000,-75000
049913,微星元大94購01  ,0,0,0,0,0,0,0,0,0,-75000,0,0,0,86000,161000,-75000,-75000
052060,旺宏國票96購02  ,0,0,0,0,0,0,0,0,0,-75000,0,0,0,45000,120000,-75000,-75000
051753,華通元大96購03  ,0,0,0,0,0,0,0,0,0,-75000,0,0,0,9000,84000,-75000,-75000
055332,奇力新兆豐98購01,0,0,0,0,0,0,0,0,0,-75000,0,0,0,26000,101000,-75000,-75000
055304,瑞昱第一98購01  ,0,0,0,0,0,0,0,0,0,-75000,0,0,0,0,75000,-75000,-75000
054362,亞光凱基96購03  ,0,0,0,0,0,0,0,0,0,-75000,0,0,0,0,75000,-75000,-75000
054541,康控國票98購01  ,0,0,0,0,0,0,0,0,0,-75000,0,0,0,0,75000,-75000,-75000
05295P,緯創凱基95售01  ,0,0,0,0,0,0,0,0,0,-75000,0,0,0,15000,90000,-75000,-75000
052836,旺宏國泰98購01  ,0,0,0,0,0,0,0,0,0,-75000,0,0,0,285000,360000,-75000,-75000
06370P,貿聯凱基97售03  ,0,0,0,0,0,0,0,0,0,-75000,0,0,0,3000,78000,-75000,-75000
06149P,台積電元大97售18,0,0,0,0,0,0,0,0,0,-75000,0,0,0,696000,771000,-75000,-75000
05862P,大立光國泰98售01,0,0,0,0,0,0,0,0,0,-75000,0,0,0,789000,864000,-75000,-75000
058037,台灣50元大9B購02,0,0,0,0,0,0,0,0,0,-75000,0,0,0,352000,427000,-75000,-75000
057053,立積元大98購02  ,0,0,0,0,0,0,0,0,0,-76000,0,0,0,9000,85000,-76000,-76000
056884,元油2X元大99購02,0,0,0,0,0,0,0,0,0,-76000,0,0,0,24000,100000,-76000,-76000
056400,道瓊反群益9C購01,0,0,0,0,0,0,0,0,0,-76000,0,0,0,0,76000,-76000,-76000
047833,全新元大94購02  ,0,0,0,0,0,0,0,0,0,-76000,0,0,0,4000,80000,-76000,-76000
048577,GIS國泰94購01   ,0,0,0,0,0,0,0,0,0,-76000,0,0,0,0,76000,-76000,-76000
042317,台灣50永豐96購01,0,0,0,0,0,0,0,0,0,-76000,0,0,0,15000,91000,-76000,-76000
052003,泰碩國泰97購02  ,0,0,0,0,0,0,0,0,0,-76000,0,0,0,619000,695000,-76000,-76000
05237P,為升永豐95售01  ,0,0,0,0,0,0,0,0,0,-76000,0,0,0,96000,172000,-76000,-76000
051985,智邦元大95購05  ,0,0,0,0,0,0,0,0,0,-76000,0,0,0,0,76000,-76000,-76000
053537,玉晶光永豐98購02,0,0,0,0,0,0,0,0,0,-76000,0,0,0,222000,298000,-76000,-76000
055237,晶豪科台新97購01,0,0,0,0,0,0,0,0,0,-76000,0,0,0,0,76000,-76000,-76000
06387P,緯穎永豐97售02  ,0,0,0,0,0,0,0,0,0,-76000,0,0,0,91000,167000,-76000,-76000
2545,皇翔            ,25000,121000,-96000,0,0,0,0,0,0,20000,20000,0,20000,0,0,0,-76000
056276,同欣電國泰98購01,0,0,0,0,0,0,0,0,0,-77000,0,0,0,30000,107000,-77000,-77000
056193,聯發科富邦99購08,0,0,0,0,0,0,0,0,0,-77000,0,0,0,181000,258000,-77000,-77000
055491,奇力新元大98購03,0,0,0,0,0,0,0,0,0,-77000,0,0,0,17000,94000,-77000,-77000
04781P,欣興凱基94售06  ,0,0,0,0,0,0,0,0,0,-77000,0,0,0,23000,100000,-77000,-77000
050155,華新科群益95購01,0,0,0,0,0,0,0,0,0,-77000,0,0,0,33000,110000,-77000,-77000
05499P,聯詠元富95售02  ,0,0,0,0,0,0,0,0,0,-77000,0,0,0,30000,107000,-77000,-77000
4414,如興            ,140000,215000,-75000,0,0,0,0,0,0,-2000,0,2000,-2000,0,0,0,-77000
8011,台通            ,16000,94000,-78000,0,0,0,0,0,0,1000,3000,2000,1000,0,0,0,-77000
06795P,臺股指凱基98售05,0,0,0,0,0,0,0,0,0,-77000,0,0,0,194000,271000,-77000,-77000
05926P,智易永豐96售02  ,0,0,0,0,0,0,0,0,0,-77000,0,0,0,0,77000,-77000,-77000
06162P,大立光群益97售02,0,0,0,0,0,0,0,0,0,-77000,0,0,0,0,77000,-77000,-77000
06017P,亞光凱基96售04  ,0,0,0,0,0,0,0,0,0,-77000,0,0,0,12000,89000,-77000,-77000
055562,欣興凱基97購06  ,0,0,0,0,0,0,0,0,0,-78000,0,0,0,0,78000,-78000,-78000
055663,崇越中信97購01  ,0,0,0,0,0,0,0,0,0,-78000,0,0,0,199000,277000,-78000,-78000
056300,聯發科元大97購23,0,0,0,0,0,0,0,0,0,-78000,0,0,0,376000,454000,-78000,-78000
056539,新光金凱基9A購01,0,0,0,0,0,0,0,0,0,-78000,0,0,0,0,78000,-78000,-78000
05675P,美律群益97售01  ,0,0,0,0,0,0,0,0,0,-78000,0,0,0,0,78000,-78000,-78000
04706P,力山元大95售01  ,0,0,0,0,0,0,0,0,0,-78000,0,0,0,22000,100000,-78000,-78000
04226P,宏達電元富93售01,0,0,0,0,0,0,0,0,0,-78000,0,0,0,0,78000,-78000,-78000
04711P,台光電元大94售05,0,0,0,0,0,0,0,0,0,-78000,0,0,0,24000,102000,-78000,-78000
049740,禾伸堂群益94購01,0,0,0,0,0,0,0,0,0,-78000,0,0,0,98000,176000,-78000,-78000
055295,瀚宇博元大97購02,0,0,0,0,0,0,0,0,0,-78000,0,0,0,20000,98000,-78000,-78000
06108P,奇力新群益97售05,0,0,0,0,0,0,0,0,0,-78000,0,0,0,113000,191000,-78000,-78000
06233P,訊芯永豐97售03  ,0,0,0,0,0,0,0,0,0,-78000,0,0,0,45000,123000,-78000,-78000
06330P,南亞科群益97售03,0,0,0,0,0,0,0,0,0,-78000,0,0,0,32000,110000,-78000,-78000
6168,宏齊            ,12000,98000,-86000,0,0,0,0,0,0,8000,8000,0,8000,0,0,0,-78000
05610P,國巨群益98售01  ,0,0,0,0,0,0,0,0,0,-79000,0,0,0,530000,609000,-79000,-79000
049235,元油2X元富96購05,0,0,0,0,0,0,0,0,0,-79000,0,0,0,3000,82000,-79000,-79000
051762,國泰金元大95購01,0,0,0,0,0,0,0,0,0,-79000,0,0,0,1000,80000,-79000,-79000
05032P,台積電國泰96售05,0,0,0,0,0,0,0,0,0,-79000,0,0,0,0,79000,-79000,-79000
050314,晶技兆豐94購01  ,0,0,0,0,0,0,0,0,0,-79000,0,0,0,0,79000,-79000,-79000
055463,國喬凱基97購01  ,0,0,0,0,0,0,0,0,0,-79000,0,0,0,1000,80000,-79000,-79000
054377,臺股指中信99購09,0,0,0,0,0,0,0,0,0,-79000,0,0,0,225000,304000,-79000,-79000
053888,和大群益97購01  ,0,0,0,0,0,0,0,0,0,-79000,0,0,0,165000,244000,-79000,-79000
05417P,燿華永豐95售07  ,0,0,0,0,0,0,0,0,0,-79000,0,0,0,0,79000,-79000,-79000
054180,亞泥康和96購01  ,0,0,0,0,0,0,0,0,0,-79000,0,0,0,0,79000,-79000,-79000
9941,裕融            ,36000,117000,-81000,0,0,0,2000,0,2000,0,0,0,0,0,0,0,-79000
2524,京城            ,13000,91000,-78000,0,0,0,0,0,0,-1000,0,1000,-1000,0,0,0,-79000
2233,宇隆            ,5000,73000,-68000,0,0,0,0,11000,-11000,0,0,0,0,0,0,0,-79000
06485P,玉晶光群益9A售02,0,0,0,0,0,0,0,0,0,-79000,0,0,0,22000,101000,-79000,-79000
3022,威強電          ,9000,58600,-49600,0,0,0,0,0,0,-30000,0,30000,-30000,0,0,0,-79600
056583,昇陽半元大98購02,0,0,0,0,0,0,0,0,0,-80000,0,0,0,54000,134000,-80000,-80000
056456,群創凱基9B購01  ,0,0,0,0,0,0,0,0,0,-80000,0,0,0,0,80000,-80000,-80000
055717,聯發科元大97購19,0,0,0,0,0,0,0,0,0,-80000,0,0,0,10000,90000,-80000,-80000
055849,聯詠元大97購05  ,0,0,0,0,0,0,0,0,0,-80000,0,0,0,0,80000,-80000,-80000
057564,台積電富邦9B購03,0,0,0,0,0,0,0,0,0,-80000,0,0,0,171000,251000,-80000,-80000
057653,臺股指永昌98購01,0,0,0,0,0,0,0,0,0,-80000,0,0,0,0,80000,-80000,-80000
044330,T50反1統一93購01,0,0,0,0,0,0,0,0,0,-80000,0,0,0,0,80000,-80000,-80000
03888P,大立光元富93售03,0,0,0,0,0,0,0,0,0,-80000,0,0,0,0,80000,-80000,-80000
051615,華通凱基96購01  ,0,0,0,0,0,0,0,0,0,-80000,0,0,0,0,80000,-80000,-80000
050076,百和凱基94購02  ,0,0,0,0,0,0,0,0,0,-80000,0,0,0,20000,100000,-80000,-80000
050396,欣興元富94購02  ,0,0,0,0,0,0,0,0,0,-80000,0,0,0,20000,100000,-80000,-80000
052524,新光金元大9B購01,0,0,0,0,0,0,0,0,0,-80000,0,0,0,0,80000,-80000,-80000
051796,和碩康和95購01  ,0,0,0,0,0,0,0,0,0,-80000,0,0,0,0,80000,-80000,-80000
049967,華新科國票94購07,0,0,0,0,0,0,0,0,0,-80000,0,0,0,53000,133000,-80000,-80000
050578,聯發科國票95購03,0,0,0,0,0,0,0,0,0,-80000,0,0,0,210000,290000,-80000,-80000
05411P,台積電國票96售08,0,0,0,0,0,0,0,0,0,-80000,0,0,0,0,80000,-80000,-80000
05368P,可成元富95售03  ,0,0,0,0,0,0,0,0,0,-80000,0,0,0,10000,90000,-80000,-80000
053832,聯發科台新96購01,0,0,0,0,0,0,0,0,0,-80000,0,0,0,0,80000,-80000,-80000
054585,禾伸堂國泰99購01,0,0,0,0,0,0,0,0,0,-80000,0,0,0,106000,186000,-80000,-80000
055254,聯詠統一97購03  ,0,0,0,0,0,0,0,0,0,-80000,0,0,0,0,80000,-80000,-80000
06296P,燿華元大98售01  ,0,0,0,0,0,0,0,0,0,-80000,0,0,0,3000,83000,-80000,-80000
06772P,國巨中信99售01  ,0,0,0,0,0,0,0,0,0,-80000,0,0,0,0,80000,-80000,-80000
06901P,亞德客凱基98售02,0,0,0,0,0,0,0,0,0,-80000,0,0,0,0,80000,-80000,-80000
06167P,欣興國票97售05  ,0,0,0,0,0,0,0,0,0,-80000,0,0,0,0,80000,-80000,-80000
05948P,茂林元大96售03  ,0,0,0,0,0,0,0,0,0,-80000,0,0,0,20000,100000,-80000,-80000
057943,可成國票99購03  ,0,0,0,0,0,0,0,0,0,-80000,0,0,0,8000,88000,-80000,-80000
057311,玉晶光日盛9A購01,0,0,0,0,0,0,0,0,0,-81000,0,0,0,0,81000,-81000,-81000
055868,臺股指元大97購07,0,0,0,0,0,0,0,0,0,-81000,0,0,0,299000,380000,-81000,-81000
056333,台積電日盛9B購01,0,0,0,0,0,0,0,0,0,-81000,0,0,0,160000,241000,-81000,-81000
04426P,佳世達康和94售02,0,0,0,0,0,0,0,0,0,-81000,0,0,0,0,81000,-81000,-81000
052200,台光電統一95購02,0,0,0,0,0,0,0,0,0,-81000,0,0,0,40000,121000,-81000,-81000
049803,華新科元大95購07,0,0,0,0,0,0,0,0,0,-81000,0,0,0,10000,91000,-81000,-81000
054316,矽創凱基97購01  ,0,0,0,0,0,0,0,0,0,-81000,0,0,0,79000,160000,-81000,-81000
06456P,聯發科統一98售03,0,0,0,0,0,0,0,0,0,-81000,0,0,0,0,81000,-81000,-81000
3015,全漢            ,2000,83000,-81000,0,0,0,0,0,0,0,0,0,0,0,0,0,-81000
2108,南帝            ,133000,211000,-78000,0,0,0,0,0,0,-3000,0,3000,-3000,0,0,0,-81000
1449,佳和            ,27000,108000,-81000,0,0,0,0,0,0,0,0,0,0,0,0,0,-81000
03444P,道瓊銀群益02售04,0,0,0,0,0,0,0,0,0,-82000,0,0,0,0,82000,-82000,-82000
050064,華新科凱基94購08,0,0,0,0,0,0,0,0,0,-82000,0,0,0,16000,98000,-82000,-82000
048762,寶齡凱基94購01  ,0,0,0,0,0,0,0,0,0,-82000,0,0,0,41000,123000,-82000,-82000
04688P,大立光凱基94售09,0,0,0,0,0,0,0,0,0,-82000,0,0,0,0,82000,-82000,-82000
049599,樺漢元大95購01  ,0,0,0,0,0,0,0,0,0,-82000,0,0,0,20000,102000,-82000,-82000
050792,可成富邦96購01  ,0,0,0,0,0,0,0,0,0,-82000,0,0,0,170000,252000,-82000,-82000
055040,台虹富邦99購01  ,0,0,0,0,0,0,0,0,0,-82000,0,0,0,0,82000,-82000,-82000
053997,健策群益97購02  ,0,0,0,0,0,0,0,0,0,-82000,0,0,0,24000,106000,-82000,-82000
1626,艾美特-KY       ,28000,110000,-82000,0,0,0,0,0,0,0,0,0,0,0,0,0,-82000
3024,憶聲            ,27000,108000,-81000,0,0,0,0,0,0,-1000,0,1000,-1000,0,0,0,-82000
6196,帆宣            ,420000,271000,149000,0,0,0,0,135000,-135000,-96000,0,64000,-64000,0,32000,-32000,-82000
4540,全球傳動        ,36000,118000,-82000,0,0,0,0,0,0,0,0,0,0,0,0,0,-82000
3454,晶睿            ,49000,130550,-81550,0,0,0,0,0,0,-1000,0,1000,-1000,0,0,0,-82550
05604P,聯發科元大96售10,0,0,0,0,0,0,0,0,0,-83000,0,0,0,461000,544000,-83000,-83000
055714,智邦元大97購03  ,0,0,0,0,0,0,0,0,0,-83000,0,0,0,15000,98000,-83000,-83000
057807,友訊元大98購02  ,0,0,0,0,0,0,0,0,0,-83000,0,0,0,0,83000,-83000,-83000
056712,京鼎永豐98購01  ,0,0,0,0,0,0,0,0,0,-83000,0,0,0,50000,133000,-83000,-83000
057143,台郡兆豐98購01  ,0,0,0,0,0,0,0,0,0,-83000,0,0,0,30000,113000,-83000,-83000
048878,康控國票95購02  ,0,0,0,0,0,0,0,0,0,-83000,0,0,0,10000,93000,-83000,-83000
048928,華新科永豐94購02,0,0,0,0,0,0,0,0,0,-83000,0,0,0,30000,113000,-83000,-83000
045055,聯發科元富98購03,0,0,0,0,0,0,0,0,0,-83000,0,0,0,50000,133000,-83000,-83000
00752,中信中國50      ,1000,10000,-9000,0,0,0,0,0,0,-74000,0,0,0,456000,530000,-74000,-83000
049785,華新科兆豐95購01,0,0,0,0,0,0,0,0,0,-83000,0,0,0,140000,223000,-83000,-83000
053643,漢唐國票97購02  ,0,0,0,0,0,0,0,0,0,-83000,0,0,0,0,83000,-83000,-83000
05860P,旺宏康和96售01  ,0,0,0,0,0,0,0,0,0,-83000,0,0,0,10000,93000,-83000,-83000
06009P,宏達電元富96售03,0,0,0,0,0,0,0,0,0,-83000,0,0,0,0,83000,-83000,-83000
049049,玉晶光康和94購02,0,0,0,0,0,0,0,0,0,-84000,0,0,0,10000,94000,-84000,-84000
049745,國巨永豐94購04  ,0,0,0,0,0,0,0,0,0,-84000,0,0,0,122000,206000,-84000,-84000
049138,台積電元大94購05,0,0,0,0,0,0,0,0,0,-84000,0,0,0,190000,274000,-84000,-84000
055246,美律統一98購01  ,0,0,0,0,0,0,0,0,0,-84000,0,0,0,48000,132000,-84000,-84000
06466P,台積電統一9B售01,0,0,0,0,0,0,0,0,0,-84000,0,0,0,0,84000,-84000,-84000
2908,特力            ,2000,67000,-65000,0,0,0,0,0,0,-19000,0,19000,-19000,0,0,0,-84000
1442,名軒            ,22000,106000,-84000,0,0,0,0,0,0,0,5000,5000,0,0,0,0,-84000
2109,華豐            ,0,84000,-84000,0,0,0,0,0,0,0,0,0,0,0,0,0,-84000
6592,和潤企業        ,34000,118000,-84000,0,0,0,0,0,0,0,0,0,0,0,0,0,-84000
057333,智邦國票99購01  ,0,0,0,0,0,0,0,0,0,-85000,0,0,0,115000,200000,-85000,-85000
055797,華通富邦98購01  ,0,0,0,0,0,0,0,0,0,-85000,0,0,0,0,85000,-85000,-85000
05608P,聯發科凱基96售10,0,0,0,0,0,0,0,0,0,-85000,0,0,0,45000,130000,-85000,-85000
04432P,昇陽半元大94售04,0,0,0,0,0,0,0,0,0,-85000,0,0,0,0,85000,-85000,-85000
048755,志超元富96購01  ,0,0,0,0,0,0,0,0,0,-85000,0,0,0,20000,105000,-85000,-85000
04916P,大立光永昌96售02,0,0,0,0,0,0,0,0,0,-85000,0,0,0,0,85000,-85000,-85000
047885,元金2X富邦99購01,0,0,0,0,0,0,0,0,0,-85000,0,0,0,25000,110000,-85000,-85000
051825,中環元大95購01  ,0,0,0,0,0,0,0,0,0,-85000,0,0,0,0,85000,-85000,-85000
049313,晶技凱基94購01  ,0,0,0,0,0,0,0,0,0,-85000,0,0,0,0,85000,-85000,-85000
050530,台表科元大95購04,0,0,0,0,0,0,0,0,0,-85000,0,0,0,37000,122000,-85000,-85000
05534P,元油反元大96售06,0,0,0,0,0,0,0,0,0,-85000,0,0,0,30000,115000,-85000,-85000
053342,全新國票99購01  ,0,0,0,0,0,0,0,0,0,-85000,0,0,0,30000,115000,-85000,-85000
053382,友達元大9C購02  ,0,0,0,0,0,0,0,0,0,-85000,0,0,0,100000,185000,-85000,-85000
6591,動力-KY         ,82000,165000,-83000,0,0,0,0,0,0,-2000,0,2000,-2000,0,0,0,-85000
06263P,燿華凱基97售04  ,0,0,0,0,0,0,0,0,0,-85000,0,0,0,2000,87000,-85000,-85000
056224,聯發科凱基97購08,0,0,0,0,0,0,0,0,0,-86000,0,0,0,9000,95000,-86000,-86000
046715,美律國泰94購01  ,0,0,0,0,0,0,0,0,0,-86000,0,0,0,0,86000,-86000,-86000
048946,崇越永豐94購01  ,0,0,0,0,0,0,0,0,0,-86000,0,0,0,0,86000,-86000,-86000
054814,台積電元大97購13,0,0,0,0,0,0,0,0,0,-86000,0,0,0,1177000,1263000,-86000,-86000
055718,可成元大97購02  ,0,0,0,0,0,0,0,0,0,-87000,0,0,0,381000,468000,-87000,-87000
057423,台郡凱基98購06  ,0,0,0,0,0,0,0,0,0,-87000,0,0,0,20000,107000,-87000,-87000
057398,台郡中信99購01  ,0,0,0,0,0,0,0,0,0,-87000,0,0,0,100000,187000,-87000,-87000
04558P,瑞昱日盛94售01  ,0,0,0,0,0,0,0,0,0,-87000,0,0,0,3000,90000,-87000,-87000
05251P,喬山台新95售02  ,0,0,0,0,0,0,0,0,0,-87000,0,0,0,8000,95000,-87000,-87000
052674,智邦國泰98購01  ,0,0,0,0,0,0,0,0,0,-87000,0,0,0,51000,138000,-87000,-87000
055348,旺宏凱基97購01  ,0,0,0,0,0,0,0,0,0,-87000,0,0,0,11000,98000,-87000,-87000
054118,國巨永豐96購04  ,0,0,0,0,0,0,0,0,0,-87000,0,0,0,73000,160000,-87000,-87000
05917P,宏達電元大96售02,0,0,0,0,0,0,0,0,0,-87000,0,0,0,14000,101000,-87000,-87000
4536,拓凱            ,13000,48000,-35000,0,0,0,0,0,0,-52000,0,52000,-52000,0,0,0,-87000
4739,康普            ,54000,116000,-62000,0,0,0,0,0,0,-25000,0,25000,-25000,0,0,0,-87000
2832,台產            ,10000,95000,-85000,0,0,0,0,0,0,-2000,0,2000,-2000,0,0,0,-87000
057619,玉晶光凱基98購02,0,0,0,0,0,0,0,0,0,-88000,0,0,0,0,88000,-88000,-88000
05708P,奇力新國票97售04,0,0,0,0,0,0,0,0,0,-88000,0,0,0,0,88000,-88000,-88000
056972,祥碩永豐98購02  ,0,0,0,0,0,0,0,0,0,-88000,0,0,0,11000,99000,-88000,-88000
056430,鴻海凱基98購06  ,0,0,0,0,0,0,0,0,0,-88000,0,0,0,23000,111000,-88000,-88000
056567,瀚宇博群益98購02,0,0,0,0,0,0,0,0,0,-88000,0,0,0,10000,98000,-88000,-88000
046703,瑞昱元富95購01  ,0,0,0,0,0,0,0,0,0,-88000,0,0,0,0,88000,-88000,-88000
048555,技嘉元大93購02  ,0,0,0,0,0,0,0,0,0,-88000,0,0,0,10000,98000,-88000,-88000
052650,台郡永豐96購01  ,0,0,0,0,0,0,0,0,0,-88000,0,0,0,0,88000,-88000,-88000
054537,南亞科亞東97購01,0,0,0,0,0,0,0,0,0,-88000,0,0,0,159000,247000,-88000,-88000
2511,太子            ,200000,277000,-77000,0,0,0,0,0,0,-11000,0,11000,-11000,0,0,0,-88000
2431,聯昌            ,31000,119000,-88000,0,0,0,0,0,0,0,1000,1000,0,0,0,0,-88000
06059P,泰碩元大97售02  ,0,0,0,0,0,0,0,0,0,-88000,0,0,0,41000,129000,-88000,-88000
06475P,牧德永豐98售03  ,0,0,0,0,0,0,0,0,0,-88000,0,0,0,107000,195000,-88000,-88000
049956,國巨統一94購05  ,0,0,0,0,0,0,0,0,0,-89000,0,0,0,1000,90000,-89000,-89000
053614,台積電群益96購08,10000,0,10000,0,0,0,0,0,0,-99000,0,0,0,161000,260000,-99000,-89000
06686P,麗豐永豐98售02  ,0,0,0,0,0,0,0,0,0,-89000,0,0,0,29000,118000,-89000,-89000
06039P,亞光台新96售03  ,0,0,0,0,0,0,0,0,0,-89000,0,0,0,0,89000,-89000,-89000
056473,奇力新元大99購02,0,0,0,0,0,0,0,0,0,-90000,0,0,0,20000,110000,-90000,-90000
056234,GIS麥證97購01   ,0,0,0,10000,100000,-90000,0,0,0,-90000,0,0,0,10000,100000,-90000,-90000
055794,聯發科國泰99購01,0,0,0,0,0,0,0,0,0,-90000,0,0,0,40000,130000,-90000,-90000
05588P,群創兆豐97售02  ,0,0,0,0,0,0,0,0,0,-90000,0,0,0,0,90000,-90000,-90000
057031,滬深反元大9B購02,0,0,0,0,0,0,0,0,0,-90000,0,0,0,120000,210000,-90000,-90000
057524,旺宏元大99購04  ,0,0,0,0,0,0,0,0,0,-90000,0,0,0,10000,100000,-90000,-90000
04766P,緯穎永豐94售02  ,0,0,0,0,0,0,0,0,0,-90000,0,0,0,0,90000,-90000,-90000
047642,宏達電元大93購08,0,0,0,0,0,0,0,0,0,-90000,0,0,0,10000,100000,-90000,-90000
046770,聯發科國泰94購01,0,0,0,0,0,0,0,0,0,-90000,0,0,0,82000,172000,-90000,-90000
047309,鴻海元大93購13  ,0,0,0,0,0,0,0,0,0,-90000,0,0,0,10000,100000,-90000,-90000
044693,滬深2X元大94購01,0,0,0,0,0,0,0,0,0,-90000,0,0,0,30000,120000,-90000,-90000
049849,欣興群益94購04  ,0,0,0,0,0,0,0,0,0,-90000,0,0,0,4000,94000,-90000,-90000
052183,華邦電群益95購01,0,0,0,0,0,0,0,0,0,-90000,0,0,0,40000,130000,-90000,-90000
050500,台積電凱基94購36,0,0,0,0,0,0,0,0,0,-90000,0,0,0,10000,100000,-90000,-90000
049770,康控元富95購01  ,0,0,0,0,0,0,0,0,0,-90000,0,0,0,10000,100000,-90000,-90000
049638,A50反1凱基94購01,0,0,0,0,0,0,0,0,0,-90000,0,0,0,30000,120000,-90000,-90000
05109P,臺股指麥證95售01,0,0,0,0,90000,-90000,0,0,0,-90000,0,0,0,0,90000,-90000,-90000
051984,台塑元大95購01  ,0,0,0,0,0,0,0,0,0,-90000,0,0,0,97000,187000,-90000,-90000
053233,大立光永豐96購01,0,0,0,0,0,0,0,0,0,-90000,0,0,0,0,90000,-90000,-90000
053075,欣興永豐96購01  ,0,0,0,0,0,0,0,0,0,-90000,0,0,0,17000,107000,-90000,-90000
054851,樺漢兆豐97購01  ,0,0,0,0,0,0,0,0,0,-90000,0,0,0,0,90000,-90000,-90000
054834,帆宣中信97購01  ,0,0,0,0,0,0,0,0,0,-90000,0,0,0,20000,110000,-90000,-90000
055349,京元電凱基97購02,0,0,0,0,0,0,0,0,0,-90000,0,0,0,0,90000,-90000,-90000
055225,華邦電國票99購01,0,0,0,0,0,0,0,0,0,-90000,0,0,0,10000,100000,-90000,-90000
055234,昇陽半國票98購02,0,0,0,0,0,0,0,0,0,-90000,0,0,0,100000,190000,-90000,-90000
055003,群創元富99購05  ,0,0,0,0,0,0,0,0,0,-90000,0,0,0,120000,210000,-90000,-90000
054988,凱美元富97購02  ,0,0,0,0,0,0,0,0,0,-90000,0,0,0,10000,100000,-90000,-90000
054956,宏盛元大97購01  ,0,0,0,0,0,0,0,0,0,-90000,0,0,0,78000,168000,-90000,-90000
05492P,聯茂元大95售02  ,0,0,0,0,0,0,0,0,0,-90000,0,0,0,177000,267000,-90000,-90000
05789P,臺股指永昌96售06,0,0,0,0,0,0,0,0,0,-90000,322000,0,322000,128000,540000,-412000,-90000
06737P,台郡凱基98售07  ,0,0,0,0,0,0,0,0,0,-90000,0,0,0,69000,159000,-90000,-90000
06759P,台積電元大98售17,0,0,0,0,0,0,0,0,0,-90000,0,0,0,680000,770000,-90000,-90000
06464P,台光電亞東99售01,0,0,0,0,0,0,0,0,0,-90000,0,0,0,0,90000,-90000,-90000
2312,金寶            ,255000,904000,-649000,0,0,0,0,0,0,559000,51000,15000,36000,610000,87000,523000,-90000
6209,今國光          ,87000,176000,-89000,0,0,0,0,0,0,-1000,0,1000,-1000,0,0,0,-90000
05635P,健策台新96售02  ,0,0,0,0,0,0,0,0,0,-91000,0,0,0,0,91000,-91000,-91000
052320,緯創元大95購05  ,0,0,0,0,0,0,0,0,0,-91000,0,0,0,62000,153000,-91000,-91000
050400,臻鼎中信97購01  ,0,0,0,0,0,0,0,0,0,-91000,0,0,0,754000,845000,-91000,-91000
055417,健策富邦98購02  ,0,0,0,0,0,0,0,0,0,-91000,0,0,0,180000,271000,-91000,-91000
05482P,鴻海凱基95售22  ,0,0,0,0,0,0,0,0,0,-91000,0,0,0,0,91000,-91000,-91000
053390,彩晶元大9A購01  ,0,0,0,0,0,0,0,0,0,-91000,0,0,0,8000,99000,-91000,-91000
8404,百和興業-KY     ,28000,119000,-91000,0,0,0,0,0,0,0,1000,1000,0,0,0,0,-91000
2905,三商            ,440000,479000,-39000,0,0,0,0,0,0,-52000,0,52000,-52000,0,0,0,-91000
06282P,聯鈞永豐97售02  ,0,0,0,0,0,0,0,0,0,-91000,0,0,0,62000,153000,-91000,-91000
06420P,大立光統一98售06,0,0,0,0,0,0,0,0,0,-91000,0,0,0,0,91000,-91000,-91000
05918P,大立光元大96售11,0,0,0,0,0,0,0,0,0,-91000,0,0,0,0,91000,-91000,-91000
056618,京元電永豐98購01,0,0,0,0,0,0,0,0,0,-92000,0,0,0,27000,119000,-92000,-92000
05546P,全新元大97售01  ,0,0,0,0,0,0,0,0,0,-92000,0,0,0,2000,94000,-92000,-92000
04193P,智原永豐93售01  ,0,0,0,0,0,0,0,0,0,-92000,0,0,0,0,92000,-92000,-92000
05233P,台郡台新95售02  ,0,0,0,0,0,0,0,0,0,-92000,0,0,0,0,92000,-92000,-92000
050261,國巨元大95購04  ,0,0,0,0,0,0,0,0,0,-92000,0,0,0,143000,235000,-92000,-92000
051927,國巨中信96購01  ,0,0,0,0,0,0,0,0,0,-92000,0,0,0,30000,122000,-92000,-92000
052964,台表科凱基96購03,0,0,0,0,0,0,0,0,0,-92000,0,0,0,28000,120000,-92000,-92000
054458,復盛群益96購01  ,0,0,0,0,0,0,0,0,0,-92000,0,0,0,13000,105000,-92000,-92000
05807P,泰鼎永豐96售03  ,0,0,0,0,0,0,0,0,0,-92000,0,0,0,67000,159000,-92000,-92000
2010,春源            ,0,92000,-92000,0,0,0,0,0,0,0,0,0,0,0,0,0,-92000
1531,高林股          ,1000,92000,-91000,0,0,0,0,0,0,-1000,0,1000,-1000,0,0,0,-92000
055712,金寶元大97購02  ,0,0,0,0,0,0,0,0,0,-93000,0,0,0,1000,94000,-93000,-93000
055914,大立光凱基97購13,0,0,0,0,0,0,0,0,0,-93000,0,0,0,7000,100000,-93000,-93000
056468,鴻海元大98購07  ,0,0,0,0,0,0,0,0,0,-93000,0,0,0,18000,111000,-93000,-93000
057478,智邦元大99購01  ,0,0,0,0,0,0,0,0,0,-93000,0,0,0,249000,342000,-93000,-93000
057647,欣興元大98購10  ,0,0,0,0,0,0,0,0,0,-93000,0,0,0,14000,107000,-93000,-93000
04117P,聯發科元大93售21,0,0,0,0,0,0,0,0,0,-93000,0,0,0,50000,143000,-93000,-93000
052798,滬深2X元大96購07,0,0,0,0,0,0,0,0,0,-93000,0,0,0,7000,100000,-93000,-93000
05245P,台積電元大95售18,0,0,0,0,0,0,0,0,0,-93000,0,0,0,1463000,1556000,-93000,-93000
05433P,智原元富95售02  ,0,0,0,0,0,0,0,0,0,-93000,0,0,0,10000,103000,-93000,-93000
1608,華榮            ,7000,102000,-95000,0,0,0,0,0,0,2000,3000,1000,2000,0,0,0,-93000
2855,統一證          ,614000,718000,-104000,0,0,0,11000,0,11000,0,0,0,0,0,0,0,-93000
058041,FBVIX元大98購02 ,0,0,0,0,0,0,0,0,0,-93000,0,0,0,0,93000,-93000,-93000
06749P,技嘉元富98售03  ,0,0,0,0,0,0,0,0,0,-93000,0,0,0,70000,163000,-93000,-93000
06839P,玉晶光統一9A售05,0,0,0,0,0,0,0,0,0,-93000,0,0,0,28000,121000,-93000,-93000
05770P,聯發科凱基96售16,0,0,0,0,0,0,0,0,0,-94000,0,0,0,6000,100000,-94000,-94000
057569,光磊永豐98購03  ,0,0,0,0,0,0,0,0,0,-94000,0,0,0,346000,440000,-94000,-94000
057317,技嘉凱基98購02  ,0,0,0,0,0,0,0,0,0,-94000,0,0,0,39000,133000,-94000,-94000
056793,臺股指群益98購03,0,0,0,0,0,0,0,0,0,-94000,0,0,0,415000,509000,-94000,-94000
05598P,國巨元富96售03  ,0,0,0,0,0,0,0,0,0,-94000,0,0,0,0,94000,-94000,-94000
050922,南亞科凱基95購02,0,0,0,0,0,0,0,0,0,-94000,0,0,0,71000,165000,-94000,-94000
06883P,聯茂群益98售03  ,0,0,0,0,0,0,0,0,0,-94000,0,0,0,2000,96000,-94000,-94000
06011P,貿聯元富96售04  ,0,0,0,0,0,0,0,0,0,-94000,0,0,0,106000,200000,-94000,-94000
056606,華新科富邦9A購02,0,0,0,0,0,0,0,0,0,-95000,0,0,0,20000,115000,-95000,-95000
057063,立積國泰9A購01  ,0,0,0,0,0,0,0,0,0,-95000,0,0,0,0,95000,-95000,-95000
049370,可成元大94購03  ,0,0,0,0,0,0,0,0,0,-95000,0,0,0,338000,433000,-95000,-95000
049976,台積電凱基94購28,0,0,0,0,0,0,0,0,0,-95000,0,0,0,30000,125000,-95000,-95000
052065,臺股指國票95購12,30000,0,30000,0,0,0,0,0,0,-125000,0,0,0,45000,170000,-125000,-95000
049612,香港反中信96購01,0,0,0,0,0,0,0,0,0,-95000,0,0,0,0,95000,-95000,-95000
050137,臺指反國票96購01,0,0,0,0,0,0,0,0,0,-95000,0,0,0,5000,100000,-95000,-95000
052490,禾伸堂國票95購01,0,0,0,0,0,0,0,0,0,-95000,0,0,0,40000,135000,-95000,-95000
050964,晶技永豐95購02  ,0,0,0,0,0,0,0,0,0,-95000,0,0,0,45000,140000,-95000,-95000
054563,泰碩群益99購01  ,0,0,0,0,0,0,0,0,0,-95000,0,0,0,304000,399000,-95000,-95000
053517,崇越群益97購01  ,0,0,0,0,0,0,0,0,0,-95000,0,0,0,5000,100000,-95000,-95000
06249P,億光統一97售02  ,0,0,0,0,0,0,0,0,0,-95000,0,0,0,0,95000,-95000,-95000
06857P,超眾永豐98售02  ,0,0,0,0,0,0,0,0,0,-95000,0,0,0,5000,100000,-95000,-95000
06312P,樺漢元富97售02  ,0,0,0,0,0,0,0,0,0,-95000,0,0,0,19000,114000,-95000,-95000
3583,辛耘            ,33000,127000,-94000,0,0,0,0,0,0,-1000,0,1000,-1000,0,0,0,-95000
3622,洋華            ,7000,108000,-101000,0,0,0,0,0,0,6000,13000,7000,6000,0,0,0,-95000
2351,順德            ,60000,155000,-95000,0,0,0,0,0,0,0,0,0,0,0,0,0,-95000
045086,玉晶光元大94購02,0,0,0,0,0,0,0,0,0,-96000,0,0,0,0,96000,-96000,-96000
049437,可成國泰96購01  ,0,0,0,0,0,0,0,0,0,-96000,0,0,0,10000,106000,-96000,-96000
049380,欣興元大94購04  ,0,0,0,0,0,0,0,0,0,-96000,0,0,0,8000,104000,-96000,-96000
054138,晶技元大98購02  ,0,0,0,0,0,0,0,0,0,-96000,0,0,0,0,96000,-96000,-96000
053020,貿聯元富96購01  ,0,0,0,0,0,0,0,0,0,-96000,0,0,0,4000,100000,-96000,-96000
054558,劍麟群益99購01  ,0,0,0,0,0,0,0,0,0,-96000,0,0,0,4000,100000,-96000,-96000
06187P,國巨統一97售05  ,0,0,0,0,0,0,0,0,0,-96000,0,0,0,90000,186000,-96000,-96000
05972P,瑞昱元大96售01  ,0,0,0,0,0,0,0,0,0,-96000,0,0,0,22000,118000,-96000,-96000
05891P,聯發科中信98售03,0,0,0,0,0,0,0,0,0,-96000,0,0,0,61000,157000,-96000,-96000
05743P,創意元大96售01  ,0,0,0,0,0,0,0,0,0,-97000,0,0,0,0,97000,-97000,-97000
057657,國巨兆豐98購04  ,0,0,0,0,0,0,0,0,0,-97000,0,0,0,82000,179000,-97000,-97000
056188,晶相光統一99購01,0,0,0,0,0,0,0,0,0,-97000,0,0,0,92000,189000,-97000,-97000
04168P,元金2X凱基99售01,0,0,0,0,0,0,0,0,0,-97000,0,0,0,3000,100000,-97000,-97000
045829,滬深2X群益95購02,0,0,0,0,0,0,0,0,0,-97000,0,0,0,3000,100000,-97000,-97000
045656,滬深2X永昌93購03,0,0,0,0,0,0,0,0,0,-97000,0,0,0,10000,107000,-97000,-97000
04633P,旺宏群益96售04  ,0,0,0,0,0,0,0,0,0,-97000,0,0,0,20000,117000,-97000,-97000
050493,聯發科永昌96購01,0,0,0,0,0,0,0,0,0,-97000,0,0,0,340000,437000,-97000,-97000
051682,元黃金凱基97購01,0,0,0,0,0,0,0,0,0,-97000,0,0,0,10000,107000,-97000,-97000
054942,凱美元大97購02  ,0,0,0,0,0,0,0,0,0,-97000,0,0,0,25000,122000,-97000,-97000
052977,奇力新麥證97購01,0,0,0,31000,130000,-99000,0,0,0,-97000,0,0,0,33000,130000,-97000,-97000
054069,亞光國泰98購01  ,0,0,0,0,0,0,0,0,0,-97000,0,0,0,105000,202000,-97000,-97000
06406P,可成元富97售04  ,0,0,0,0,0,0,0,0,0,-97000,0,0,0,14000,111000,-97000,-97000
3419,譁裕            ,75000,171000,-96000,0,0,0,0,0,0,-1000,0,1000,-1000,0,0,0,-97000
3010,華立            ,35000,126000,-91000,0,0,0,0,0,0,-6000,0,6000,-6000,0,0,0,-97000
056499,鴻海富邦98購02  ,0,0,0,0,0,0,0,0,0,-98000,0,0,0,4000,102000,-98000,-98000
056532,技嘉凱基98購01  ,0,0,0,0,0,0,0,0,0,-98000,0,0,0,109000,207000,-98000,-98000
055762,智伸科群益97購01,0,0,0,0,0,0,0,0,0,-98000,0,0,0,0,98000,-98000,-98000
056838,旺宏元富98購01  ,0,0,0,0,0,0,0,0,0,-98000,0,0,0,0,98000,-98000,-98000
045298,旺宏元大94購01  ,0,0,0,0,0,0,0,0,0,-98000,0,0,0,0,98000,-98000,-98000
049293,友訊群益95購01  ,0,0,0,0,0,0,0,0,0,-98000,0,0,0,68000,166000,-98000,-98000
052614,聯電國泰97購01  ,0,0,0,0,0,0,0,0,0,-98000,0,0,0,0,98000,-98000,-98000
054070,創意國泰96購02  ,0,0,0,0,0,0,0,0,0,-98000,0,0,0,30000,128000,-98000,-98000
053464,喬山元大96購01  ,0,0,0,0,0,0,0,0,0,-98000,0,0,0,3000,101000,-98000,-98000
053266,全新群益98購01  ,0,0,0,0,0,0,0,0,0,-98000,0,0,0,0,98000,-98000,-98000
2390,云辰            ,150000,244000,-94000,0,0,0,0,0,0,-4000,0,4000,-4000,0,0,0,-98000
1795,美時            ,62000,160000,-98000,0,0,0,0,0,0,0,0,0,0,0,0,0,-98000
06620P,聯發科元大98售07,0,0,0,0,0,0,0,0,0,-98000,0,0,0,76000,174000,-98000,-98000
06748P,智邦台新98售02  ,0,0,0,0,0,0,0,0,0,-98000,0,0,0,0,98000,-98000,-98000
057287,彩晶元大9C購03  ,0,0,0,0,0,0,0,0,0,-99000,0,0,0,0,99000,-99000,-99000
05656P,台表科統一96售01,0,0,0,0,0,0,0,0,0,-99000,0,0,0,0,99000,-99000,-99000
044457,滬深2X國票97購01,0,0,0,0,0,0,0,0,0,-99000,0,0,0,0,99000,-99000,-99000
047115,可成元大93購06  ,0,0,0,0,0,0,0,0,0,-99000,0,0,0,0,99000,-99000,-99000
048500,樺漢元大93購03  ,0,0,0,0,0,0,0,0,0,-99000,0,0,0,0,99000,-99000,-99000
047815,大立光凱基93購25,0,0,0,0,0,0,0,0,0,-99000,0,0,0,1000,100000,-99000,-99000
049166,元油2X凱基97購02,0,0,0,0,0,0,0,0,0,-99000,0,0,0,0,99000,-99000,-99000
050034,智伸科元大94購01,0,0,0,0,0,0,0,0,0,-99000,0,0,0,0,99000,-99000,-99000
050839,楠梓電國票96購01,0,0,0,0,0,0,0,0,0,-99000,0,0,0,0,99000,-99000,-99000
051668,智邦元大95購02  ,0,0,0,0,0,0,0,0,0,-99000,0,0,0,50000,149000,-99000,-99000
050534,臻鼎兆豐94購01  ,0,0,0,0,0,0,0,0,0,-99000,0,0,0,0,99000,-99000,-99000
053028,康控富邦98購01  ,0,0,0,0,0,0,0,0,0,-99000,0,0,0,68000,167000,-99000,-99000
053036,聯電凱基98購01  ,0,0,0,0,0,0,0,0,0,-99000,0,0,0,12000,111000,-99000,-99000
054495,滬深2X永豐97購02,0,0,0,0,0,0,0,0,0,-99000,0,0,0,0,99000,-99000,-99000
056304,創意元大97購03  ,0,0,0,0,0,0,0,0,0,-100000,0,0,0,0,100000,-100000,-100000
055761,創意群益97購01  ,0,0,0,0,0,0,0,0,0,-100000,0,0,0,0,100000,-100000,-100000
05572P,群創統一96售02  ,0,0,0,0,0,0,0,0,0,-100000,0,0,0,0,100000,-100000,-100000
055636,元油反元富97購02,0,0,0,0,0,0,0,0,0,-100000,0,0,0,0,100000,-100000,-100000
055534,晶技群益97購03  ,0,0,0,0,0,0,0,0,0,-100000,0,0,0,164000,264000,-100000,-100000
057209,元油2X第一98購01,0,0,0,0,0,0,0,0,0,-100000,0,0,0,0,100000,-100000,-100000
056760,元油2X元大98購06,0,0,0,0,0,0,0,0,0,-100000,0,0,0,30000,130000,-100000,-100000
057381,微星國泰9A購01  ,0,0,0,0,0,0,0,0,0,-100000,0,0,0,40000,140000,-100000,-100000
057305,南亞科兆豐98購02,0,0,0,0,0,0,0,0,0,-100000,0,0,0,3000,103000,-100000,-100000
050036,矽格元大94購03  ,0,0,0,0,0,0,0,0,0,-100000,0,0,0,0,100000,-100000,-100000
050019,T50反1元大94購04,0,0,0,0,0,0,0,0,0,-100000,0,0,0,0,100000,-100000,-100000
049143,智邦元大94購02  ,0,0,0,0,0,0,0,0,0,-100000,0,0,0,0,100000,-100000,-100000
048002,景碩元大93購04  ,0,0,0,0,0,0,0,0,0,-100000,0,0,0,0,100000,-100000,-100000
047996,華邦電元大93購04,0,0,0,0,0,0,0,0,0,-100000,0,0,0,0,100000,-100000,-100000
046537,聯發科群益93購02,0,0,0,0,0,0,0,0,0,-100000,0,0,0,6000,106000,-100000,-100000
046938,致茂元大93購02  ,0,0,0,0,0,0,0,0,0,-100000,0,0,0,0,100000,-100000,-100000
04457P,同欣電統一94售01,0,0,0,0,0,0,0,0,0,-100000,0,0,0,0,100000,-100000,-100000
04455P,台積電統一94售07,0,0,0,0,0,0,0,0,0,-100000,0,0,0,120000,220000,-100000,-100000
04419P,奇力新永豐94售01,0,0,0,0,0,0,0,0,0,-100000,0,0,0,60000,160000,-100000,-100000
042902,光寶科元大94購01,0,0,0,0,0,0,0,0,0,-100000,0,0,0,0,100000,-100000,-100000
050691,楠梓電凱基96購01,0,0,0,0,0,0,0,0,0,-100000,0,0,0,100000,200000,-100000,-100000
049807,新光金元大96購02,0,0,0,0,0,0,0,0,0,-100000,0,0,0,0,100000,-100000,-100000
052011,欣興中信96購01  ,0,0,0,0,0,0,0,0,0,-100000,0,0,0,0,100000,-100000,-100000
049292,鴻海群益94購04  ,0,0,0,0,0,0,0,0,0,-100000,0,0,0,0,100000,-100000,-100000
049241,智邦元富94購01  ,0,0,0,0,0,0,0,0,0,-100000,0,0,0,0,100000,-100000,-100000
052664,麗豐國票96購02  ,0,0,0,0,0,0,0,0,0,-100000,0,0,0,100000,200000,-100000,-100000
052569,聯發科凱基96購08,0,0,0,0,0,0,0,0,0,-100000,0,0,0,0,100000,-100000,-100000
052757,華邦電群益96購01,0,0,0,0,0,0,0,0,0,-100000,0,0,0,0,100000,-100000,-100000
052713,智邦凱基96購01  ,0,0,0,0,0,0,0,0,0,-100000,0,0,0,0,100000,-100000,-100000
052598,滬深2X元大96購05,0,0,0,0,0,0,0,0,0,-100000,0,0,0,0,100000,-100000,-100000
051124,創意群益95購01  ,0,0,0,0,0,0,0,0,0,-100000,0,0,0,0,100000,-100000,-100000
051083,A50正2元大98購01,0,0,0,0,0,0,0,0,0,-100000,0,0,0,0,100000,-100000,-100000
050358,致新群益94購01  ,0,0,0,0,0,0,0,0,0,-100000,0,0,0,0,100000,-100000,-100000
051293,鴻海元富95購05  ,0,0,0,0,0,0,0,0,0,-100000,0,0,0,50000,150000,-100000,-100000
05136P,台積電凱基95售08,0,0,0,0,0,0,0,0,0,-100000,0,0,0,0,100000,-100000,-100000
051228,聯發科群益95購03,0,0,0,0,0,0,0,0,0,-100000,0,0,0,0,100000,-100000,-100000
051152,鴻海國泰97購01  ,0,0,0,0,0,0,0,0,0,-100000,0,0,0,0,100000,-100000,-100000
054417,牧德元大96購01  ,0,0,0,0,0,0,0,0,0,-100000,0,0,0,1000,101000,-100000,-100000
054347,上緯控國票96購02,0,0,0,0,0,0,0,0,0,-100000,0,0,0,0,100000,-100000,-100000
054843,中環兆豐97購01  ,0,0,0,0,0,0,0,0,0,-100000,0,0,0,12000,112000,-100000,-100000
055169,光罩統一99購01  ,0,0,0,0,0,0,0,0,0,-100000,0,0,0,0,100000,-100000,-100000
053038,華邦電凱基97購01,0,0,0,0,0,0,0,0,0,-100000,0,0,0,0,100000,-100000,-100000
052949,智易國票97購02  ,0,0,0,0,0,0,0,0,0,-100000,0,0,0,0,100000,-100000,-100000
053263,華邦電群益96購03,0,0,0,0,0,0,0,0,0,-100000,0,0,0,0,100000,-100000,-100000
053221,彩晶凱基98購01  ,0,0,0,0,0,0,0,0,0,-100000,0,0,0,0,100000,-100000,-100000
053799,矽創中信9A購01  ,0,0,0,0,0,0,0,0,0,-100000,0,0,0,0,100000,-100000,-100000
053859,台積電元大97購09,0,0,0,0,0,0,0,0,0,-100000,0,0,0,1332000,1432000,-100000,-100000
06650P,聯發科元大98售09,0,0,0,0,0,0,0,0,0,-100000,0,0,0,26000,126000,-100000,-100000
06905P,上証2X國泰99售02,0,0,0,0,0,0,0,0,0,-100000,0,0,0,0,100000,-100000,-100000
06601P,臺股指永豐98售04,0,0,0,0,0,0,0,0,0,-100000,0,0,0,0,100000,-100000,-100000
06304P,臺股指元大97售10,0,0,0,0,0,0,0,0,0,-100000,0,0,0,0,100000,-100000,-100000
058109,台灣50元富9B購01,0,0,0,0,0,0,0,0,0,-100000,0,0,0,0,100000,-100000,-100000
057977,台光電永豐98購02,0,0,0,0,0,0,0,0,0,-100000,0,0,0,2000,102000,-100000,-100000
2231,為升            ,46000,72000,-26000,0,0,0,0,0,0,-74000,0,54000,-54000,2000,22000,-20000,-100000
1507,永大            ,10000,110000,-100000,0,0,0,0,0,0,0,0,0,0,0,0,0,-100000
2426,鼎元            ,127000,235000,-108000,0,0,0,0,0,0,8000,20000,12000,8000,0,0,0,-100000
056310,神達元大97購02  ,0,0,0,0,0,0,0,0,0,-101000,0,0,0,217000,318000,-101000,-101000
044963,台積電中信96購01,0,0,0,0,0,0,0,0,0,-101000,0,0,0,30000,131000,-101000,-101000
04914P,國巨國泰95售06  ,0,0,0,0,0,0,0,0,0,-101000,0,0,0,1206000,1307000,-101000,-101000
049244,亞光元富94購01  ,0,0,0,0,0,0,0,0,0,-101000,0,0,0,0,101000,-101000,-101000
04984P,臺股指康和94售04,0,0,0,0,0,0,0,0,0,-101000,0,0,0,499000,600000,-101000,-101000
04983P,臺股指康和94售03,0,0,0,0,0,0,0,0,0,-101000,0,0,0,0,101000,-101000,-101000
04987P,昇陽半永豐94售04,0,0,0,0,0,0,0,0,0,-101000,0,0,0,0,101000,-101000,-101000
050614,聯發科元大95購04,0,0,0,0,0,0,0,0,0,-101000,0,0,0,221000,322000,-101000,-101000
054947,興勤元大97購01  ,0,0,0,0,0,0,0,0,0,-101000,0,0,0,17000,118000,-101000,-101000
054657,道瓊銀元大97購01,0,0,0,0,0,0,0,0,0,-101000,0,0,0,0,101000,-101000,-101000
2331,精英            ,161000,236000,-75000,0,0,0,0,0,0,-26000,10000,36000,-26000,0,0,0,-101000
06035P,同欣電凱基96售03,0,0,0,0,0,0,0,0,0,-101000,0,0,0,0,101000,-101000,-101000
06576P,台光電群益98售03,0,0,0,0,0,0,0,0,0,-101000,0,0,0,126000,227000,-101000,-101000
056192,智邦富邦98購01  ,0,0,0,0,0,0,0,0,0,-102000,0,0,0,152000,254000,-102000,-102000
05653P,華邦電統一96售02,0,0,0,0,0,0,0,0,0,-102000,0,0,0,35000,137000,-102000,-102000
055935,創意群益97購02  ,0,0,0,0,0,0,0,0,0,-102000,0,0,0,4000,106000,-102000,-102000
057087,台郡統一99購01  ,0,0,0,0,0,0,0,0,0,-102000,0,0,0,0,102000,-102000,-102000
042994,葡萄王元大94購02,0,0,0,0,0,0,0,0,0,-102000,0,0,0,61000,163000,-102000,-102000
04025P,宏達電國泰94售01,0,0,0,0,0,0,0,0,0,-102000,0,0,0,42000,144000,-102000,-102000
042168,台灣50凱基96購01,0,0,0,0,0,0,0,0,0,-102000,0,0,0,0,102000,-102000,-102000
049893,日月光富邦98購01,0,0,0,0,0,0,0,0,0,-102000,0,0,0,10000,112000,-102000,-102000
051156,鴻海富邦97購01  ,0,0,0,0,0,0,0,0,0,-102000,0,0,0,5000,107000,-102000,-102000
051252,健鼎元大95購01  ,0,0,0,0,0,0,0,0,0,-102000,0,0,0,0,102000,-102000,-102000
049424,中石化兆豐94購01,0,0,0,0,0,0,0,0,0,-102000,0,0,0,18000,120000,-102000,-102000
055155,奇力新元大99購01,0,0,0,0,0,0,0,0,0,-102000,0,0,0,134000,236000,-102000,-102000
06010P,國泰金元富96售01,0,0,0,0,0,0,0,0,0,-102000,0,0,0,51000,153000,-102000,-102000
05987P,健策統一96售02  ,0,0,0,0,0,0,0,0,0,-102000,0,0,0,0,102000,-102000,-102000
056691,元油2X群益9B購01,0,0,0,0,0,0,0,0,0,-103000,0,0,0,3000,106000,-103000,-103000
056401,國巨群益98購07  ,0,0,0,0,0,0,0,0,0,-103000,0,0,0,0,103000,-103000,-103000
00690,兆豐藍籌30      ,0,0,0,0,0,0,0,0,0,-103000,0,0,0,12000,115000,-103000,-103000
051513,台積電凱基95購13,0,0,0,0,0,0,0,0,0,-103000,0,0,0,100000,203000,-103000,-103000
048573,世紀鋼元大93購05,0,0,0,0,0,0,0,0,0,-103000,0,0,0,19000,122000,-103000,-103000
054830,世芯國泰99購01  ,0,0,0,0,0,0,0,0,0,-103000,0,0,0,269000,372000,-103000,-103000
06645P,上銀元大98售05  ,0,0,0,0,0,0,0,0,0,-103000,0,0,0,39000,142000,-103000,-103000
056535,全新凱基99購02  ,0,0,0,0,0,0,0,0,0,-104000,0,0,0,2000,106000,-104000,-104000
051193,新日興兆豐96購01,0,0,0,0,0,0,0,0,0,-104000,0,0,0,0,104000,-104000,-104000
05065P,燿華元大96售03  ,0,0,0,0,0,0,0,0,0,-104000,0,0,0,70000,174000,-104000,-104000
055303,鈺齊元大97購01  ,0,0,0,0,0,0,0,0,0,-104000,0,0,0,229000,333000,-104000,-104000
053924,京鼎國票97購01  ,0,0,0,0,0,0,0,0,0,-104000,0,0,0,0,104000,-104000,-104000
052959,聯電凱基97購01  ,0,0,0,0,0,0,0,0,0,-104000,0,0,0,181000,285000,-104000,-104000
06197P,國巨元大97售08  ,0,0,0,0,0,0,0,0,0,-104000,0,0,0,219000,323000,-104000,-104000
4306,炎洲            ,23000,127000,-104000,0,0,0,0,0,0,0,3000,3000,0,0,0,0,-104000
05571P,大立光統一96售03,0,0,0,0,0,0,0,0,0,-105000,0,0,0,0,105000,-105000,-105000
057290,元油2X國泰99購02,0,0,0,0,0,0,0,0,0,-105000,0,0,0,0,105000,-105000,-105000
057738,旺宏富邦9A購01  ,0,0,0,0,0,0,0,0,0,-105000,0,0,0,0,105000,-105000,-105000
04767P,台積電國泰95售04,0,0,0,0,0,0,0,0,0,-105000,0,0,0,0,105000,-105000,-105000
04163P,可成統一93售03  ,0,0,0,0,0,0,0,0,0,-105000,0,0,0,0,105000,-105000,-105000
03935P,可成富邦95售01  ,0,0,0,0,0,0,0,0,0,-105000,0,0,0,0,105000,-105000,-105000
04910P,台積電統一94售12,0,0,0,0,0,0,0,0,0,-105000,0,0,0,0,105000,-105000,-105000
051659,力山國泰97購01  ,0,0,0,0,0,0,0,0,0,-105000,0,0,0,0,105000,-105000,-105000
050281,台積電日盛94購03,0,0,0,0,0,0,0,0,0,-105000,0,0,0,62000,167000,-105000,-105000
050361,T50反1元大94購07,0,0,0,0,0,0,0,0,0,-105000,0,0,0,2096000,2201000,-105000,-105000
05030P,台積電元富95售04,0,0,0,0,0,0,0,0,0,-105000,0,0,0,0,105000,-105000,-105000
049492,聯發科元大95購02,0,0,0,0,0,0,0,0,0,-105000,0,0,0,6000,111000,-105000,-105000
053487,台泥兆豐97購01  ,0,0,0,0,0,0,0,0,0,-105000,0,0,0,0,105000,-105000,-105000
053863,聯發科元大96購18,0,0,0,0,0,0,0,0,0,-105000,0,0,0,100000,205000,-105000,-105000
1810,和成            ,0,102000,-102000,0,0,0,0,0,0,-3000,0,3000,-3000,0,0,0,-105000
2637,慧洋-KY         ,545000,865000,-320000,0,0,0,3000,0,3000,212000,250000,38000,212000,0,0,0,-105000
058046,國巨元大9A購01  ,0,0,0,0,0,0,0,0,0,-105000,0,0,0,100000,205000,-105000,-105000
048076,亞光第一94購01  ,0,0,0,0,0,0,0,0,0,-106000,0,0,0,0,106000,-106000,-106000
052530,台郡元大96購04  ,0,0,0,0,0,0,0,0,0,-106000,0,0,0,47000,153000,-106000,-106000
053255,貿聯國泰97購01  ,0,0,0,0,0,0,0,0,0,-106000,0,0,0,148000,254000,-106000,-106000
053014,旺宏統一97購02  ,0,0,0,0,0,0,0,0,0,-106000,0,0,0,120000,226000,-106000,-106000
06376P,上銀統一99售01  ,0,0,0,0,0,0,0,0,0,-106000,0,0,0,42000,148000,-106000,-106000
6706,惠特            ,289000,70000,219000,0,0,0,0,140000,-140000,-185000,0,185000,-185000,0,0,0,-106000
052637,欣興凱基97購01  ,0,0,0,0,0,0,0,0,0,-107000,0,0,0,44000,151000,-107000,-107000
052772,台虹群益96購01  ,0,0,0,0,0,0,0,0,0,-107000,0,0,0,94000,201000,-107000,-107000
052763,晶技群益97購01  ,0,0,0,0,0,0,0,0,0,-107000,0,0,0,37000,144000,-107000,-107000
050740,旺宏永豐94購03  ,0,0,0,0,0,0,0,0,0,-107000,0,0,0,0,107000,-107000,-107000
054224,亞光統一98購01  ,0,0,0,0,0,0,0,0,0,-107000,0,0,0,0,107000,-107000,-107000
6271,同欣電          ,1497000,1085000,412000,0,0,0,139000,142000,-3000,-516000,41000,496000,-455000,6000,67000,-61000,-107000
06760P,台積電元大98售18,0,0,0,0,0,0,0,0,0,-107000,0,0,0,772000,879000,-107000,-107000
057347,國巨統一9A購03  ,0,0,0,0,0,0,0,0,0,-108000,0,0,0,0,108000,-108000,-108000
057374,禾伸堂元大99購03,0,0,0,0,0,0,0,0,0,-108000,0,0,0,5000,113000,-108000,-108000
056500,大立光富邦9B購02,0,0,0,0,0,0,0,0,0,-108000,0,0,0,231000,339000,-108000,-108000
056182,台光電統一97購03,0,0,0,0,0,0,0,0,0,-108000,0,0,0,20000,128000,-108000,-108000
048857,晶豪科群益94購01,0,0,0,0,0,0,0,0,0,-108000,0,0,0,12000,120000,-108000,-108000
051666,旺宏元大96購05  ,0,0,0,0,0,0,0,0,0,-108000,0,0,0,0,108000,-108000,-108000
05437P,聯詠永豐95售02  ,0,0,0,0,0,0,0,0,0,-108000,0,0,0,0,108000,-108000,-108000
054465,亞光凱基97購01  ,0,0,0,0,0,0,0,0,0,-108000,0,0,0,292000,400000,-108000,-108000
054616,智伸科永豐97購01,0,0,0,0,0,0,0,0,0,-108000,0,0,0,0,108000,-108000,-108000
06761P,台積電元大99售05,0,0,0,0,0,0,0,0,0,-108000,0,0,0,847000,955000,-108000,-108000
06665P,欣興兆豐99售01  ,0,0,0,0,0,0,0,0,0,-108000,0,0,0,0,108000,-108000,-108000
058055,華擎統一9A購01  ,0,0,0,0,0,0,0,0,0,-108000,0,0,0,0,108000,-108000,-108000
06163P,聯詠群益97售01  ,0,0,0,0,0,0,0,0,0,-108000,0,0,0,6000,114000,-108000,-108000
06030P,友達兆豐96售02  ,0,0,0,0,0,0,0,0,0,-108000,0,0,0,170000,278000,-108000,-108000
5258,虹堡            ,21000,126000,-105000,0,0,0,0,0,0,-3000,0,3000,-3000,0,0,0,-108000
056340,可成凱基98購04  ,0,0,0,0,0,0,0,0,0,-109000,0,0,0,10000,119000,-109000,-109000
03840P,台積電統一99售02,0,0,0,0,0,0,0,0,0,-109000,0,0,0,640000,749000,-109000,-109000
045087,玉晶光元大95購01,0,0,0,0,0,0,0,0,0,-109000,0,0,0,0,109000,-109000,-109000
051941,樺漢群益95購02  ,0,0,0,0,0,0,0,0,0,-109000,0,0,0,0,109000,-109000,-109000
050894,旺宏元大96購03  ,0,0,0,0,0,0,0,0,0,-109000,0,0,0,6000,115000,-109000,-109000
055244,國巨統一98購01  ,0,0,0,0,0,0,0,0,0,-109000,0,0,0,143000,252000,-109000,-109000
4942,嘉彰            ,21000,109000,-88000,0,0,0,0,0,0,-21000,0,21000,-21000,0,0,0,-109000
06060P,玉晶光元大97售03,0,0,0,0,0,0,0,0,0,-109000,0,0,0,100000,209000,-109000,-109000
06173P,華通元大97售02  ,0,0,0,0,0,0,0,0,0,-109000,0,0,0,104000,213000,-109000,-109000
056570,旺宏元大98購07  ,0,0,0,0,0,0,0,0,0,-110000,0,0,0,0,110000,-110000,-110000
05592P,可成群益96售03  ,0,0,0,0,0,0,0,0,0,-110000,0,0,0,51000,161000,-110000,-110000
03427P,聯電元大02售11  ,0,0,0,0,0,0,0,0,0,-110000,0,0,0,590000,700000,-110000,-110000
04282P,微星永豐93售02  ,0,0,0,0,0,0,0,0,0,-110000,0,0,0,0,110000,-110000,-110000
044487,元油2X元大94購01,0,0,0,0,0,0,0,0,0,-110000,0,0,0,0,110000,-110000,-110000
04867P,美律統一94售03  ,0,0,0,0,0,0,0,0,0,-110000,0,0,0,0,110000,-110000,-110000
052233,台郡凱基96購01  ,0,0,0,0,0,0,0,0,0,-110000,0,0,0,227000,337000,-110000,-110000
051344,鴻海元大95購08  ,0,0,0,0,0,0,0,0,0,-110000,0,0,0,20000,130000,-110000,-110000
055458,燿華永豐98購01  ,0,0,0,0,0,0,0,0,0,-110000,0,0,0,0,110000,-110000,-110000
05500P,臺股指中信96售04,0,0,0,0,0,0,0,0,0,-110000,0,0,0,20000,130000,-110000,-110000
06461P,玉晶光國泰9A售01,0,0,0,0,0,0,0,0,0,-110000,0,0,0,12000,122000,-110000,-110000
05590P,臺股指中信96售05,0,0,0,0,0,0,0,0,0,-111000,0,0,0,0,111000,-111000,-111000
055662,上銀中信99購01  ,0,0,0,0,0,0,0,0,0,-111000,0,0,0,62000,173000,-111000,-111000
057527,億光元大98購01  ,0,0,0,0,0,0,0,0,0,-111000,0,0,0,20000,131000,-111000,-111000
051592,健策元大96購05  ,0,0,0,0,0,0,0,0,0,-111000,0,0,0,47000,158000,-111000,-111000
048968,可成元大94購02  ,0,0,0,0,0,0,0,0,0,-111000,0,0,0,328000,439000,-111000,-111000
048442,友訊凱基94購01  ,0,0,0,0,0,0,0,0,0,-111000,0,0,0,442000,553000,-111000,-111000
04085P,欣興元富93售01  ,0,0,0,0,0,0,0,0,0,-111000,0,0,0,0,111000,-111000,-111000
00866,新光Shiller CAPE,0,0,0,0,0,0,0,0,0,-111000,0,0,0,10000,121000,-111000,-111000
053275,燿華元大97購01  ,0,0,0,0,0,0,0,0,0,-111000,0,0,0,35000,146000,-111000,-111000
053469,光磊元大97購01  ,0,0,0,0,0,0,0,0,0,-111000,0,0,0,69000,180000,-111000,-111000
053354,康控兆豐97購02  ,0,0,0,0,0,0,0,0,0,-111000,0,0,0,79000,190000,-111000,-111000
06791P,聯發科凱基98售16,0,0,0,0,0,0,0,0,0,-111000,0,0,0,147000,258000,-111000,-111000
06115P,台積電統一97售04,0,0,0,0,0,0,0,0,0,-111000,0,0,0,125000,236000,-111000,-111000
05928P,華邦電康和96售01,0,0,0,0,0,0,0,0,0,-111000,0,0,0,49000,160000,-111000,-111000
3006,晶豪科          ,363000,389000,-26000,0,0,0,0,0,0,-85000,0,3000,-3000,24000,106000,-82000,-111000
056145,緯穎元大98購03  ,0,0,0,0,0,0,0,0,0,-112000,0,0,0,31000,143000,-112000,-112000
00685L,群益臺灣加權正2 ,0,0,0,0,0,0,0,0,0,-112000,0,0,0,115000,227000,-112000,-112000
048560,聯發科元大94購01,0,0,0,0,0,0,0,0,0,-112000,0,0,0,68000,180000,-112000,-112000
052749,日月光元大96購02,10000,0,10000,0,0,0,0,0,0,-122000,0,0,0,35000,157000,-122000,-112000
052130,國巨凱基9B購01  ,0,0,0,0,0,0,0,0,0,-112000,0,0,0,163000,275000,-112000,-112000
053395,致茂中信96購01  ,0,0,0,0,0,0,0,0,0,-112000,0,0,0,26000,138000,-112000,-112000
2612,中航            ,14000,123000,-109000,0,0,0,0,0,0,-3000,0,3000,-3000,0,0,0,-112000
058028,國巨富邦99購04  ,0,0,0,0,0,0,0,0,0,-112000,0,0,0,117000,229000,-112000,-112000
055526,台積電群益97購02,0,0,0,0,0,0,0,0,0,-113000,0,0,0,0,113000,-113000,-113000
049141,旺宏元大95購01  ,0,0,0,0,0,0,0,0,0,-113000,0,0,0,33000,146000,-113000,-113000
04935P,鴻海中信96售01  ,0,0,0,0,0,0,0,0,0,-113000,0,0,0,80000,193000,-113000,-113000
05270P,台表科元大95售05,0,0,0,0,0,0,0,0,0,-113000,0,0,0,17000,130000,-113000,-113000
050758,聯發科元富9B購01,0,0,0,0,0,0,0,0,0,-113000,0,0,0,2000,115000,-113000,-113000
053862,南亞科元大97購02,0,0,0,0,0,0,0,0,0,-113000,0,0,0,5000,118000,-113000,-113000
05514P,康舒永豐96售01  ,0,0,0,0,0,0,0,0,0,-113000,0,0,0,0,113000,-113000,-113000
054272,華通中信98購01  ,0,0,0,0,0,0,0,0,0,-113000,0,0,0,9000,122000,-113000,-113000
06311P,嘉聯益元富97售02,0,0,0,0,0,0,0,0,0,-113000,0,0,0,30000,143000,-113000,-113000
057156,元油2X富邦9C購01,0,0,0,0,0,0,0,0,0,-114000,0,0,0,15000,129000,-114000,-114000
057096,緯穎元富98購01  ,0,0,0,0,0,0,0,0,0,-114000,0,0,0,0,114000,-114000,-114000
04856P,光磊元富94售01  ,0,0,0,0,0,0,0,0,0,-114000,0,0,0,0,114000,-114000,-114000
049797,台積電元大94購17,0,0,0,0,0,0,0,0,0,-114000,0,0,0,84000,198000,-114000,-114000
050491,旺宏國泰96購01  ,0,0,0,0,0,0,0,0,0,-114000,0,0,0,11000,125000,-114000,-114000
055419,國巨永豐97購03  ,0,0,0,0,0,0,0,0,0,-114000,0,0,0,0,114000,-114000,-114000
055315,晶技麥證97購01  ,0,0,0,100000,214000,-114000,0,0,0,-114000,0,0,0,100000,214000,-114000,-114000
053610,矽力中信98購01  ,0,0,0,0,0,0,0,0,0,-114000,0,0,0,70000,184000,-114000,-114000
05321P,鴻海凱基95售17  ,0,0,0,0,0,0,0,0,0,-114000,0,0,0,200000,314000,-114000,-114000
06407P,創意元富97售02  ,0,0,0,0,0,0,0,0,0,-114000,0,0,0,52000,166000,-114000,-114000
06148P,台積電元大97售17,0,0,0,0,0,0,0,0,0,-114000,0,0,0,250000,364000,-114000,-114000
3312,弘憶股          ,68000,182000,-114000,0,0,0,0,0,0,0,0,0,0,0,0,0,-114000
057255,聯發科麥證98購02,0,0,0,69000,184000,-115000,0,0,0,-115000,0,0,0,69000,184000,-115000,-115000
056830,友達富邦99購01  ,0,0,0,0,0,0,0,0,0,-115000,0,0,0,0,115000,-115000,-115000
04851P,創意永豐94售02  ,0,0,0,0,0,0,0,0,0,-115000,0,0,0,40000,155000,-115000,-115000
03832P,臺股指中信95售03,0,0,0,0,0,0,0,0,0,-115000,0,0,0,45000,160000,-115000,-115000
051276,SGBR2X中信97購01,0,0,0,0,0,0,0,0,0,-115000,0,0,0,0,115000,-115000,-115000
052741,聯發科元大96購08,0,0,0,0,0,0,0,0,0,-115000,0,0,0,5000,120000,-115000,-115000
6108,競國            ,10000,125000,-115000,0,0,0,0,0,0,0,0,0,0,0,0,0,-115000
06232P,智易永豐97售01  ,0,0,0,0,0,0,0,0,0,-115000,0,0,0,0,115000,-115000,-115000
06504P,麗豐國票99售02  ,0,0,0,0,0,0,0,0,0,-115000,0,0,0,0,115000,-115000,-115000
06487P,聯發科統一99售02,0,0,0,0,0,0,0,0,0,-115000,0,0,0,0,115000,-115000,-115000
05786P,臺股指永昌96售03,0,0,0,0,0,0,0,0,0,-116000,1275000,0,1275000,1135000,2526000,-1391000,-116000
05641P,貿聯元富96售02  ,0,0,0,0,0,0,0,0,0,-116000,0,0,0,6000,122000,-116000,-116000
04738P,揚明光永豐94售03,0,0,0,0,0,0,0,0,0,-116000,0,0,0,0,116000,-116000,-116000
049324,臺股指凱基94購06,0,0,0,0,0,0,0,0,0,-116000,0,0,0,0,116000,-116000,-116000
051938,旭富群益95購01  ,0,0,0,0,0,0,0,0,0,-116000,0,0,0,24000,140000,-116000,-116000
053319,可成群益96購04  ,0,0,0,0,0,0,0,0,0,-116000,0,0,0,57000,173000,-116000,-116000
6224,聚鼎            ,67000,155000,-88000,0,0,0,0,0,0,-28000,8000,36000,-28000,0,0,0,-116000
05649P,矽創國票97售03  ,0,0,0,0,0,0,0,0,0,-117000,0,0,0,0,117000,-117000,-117000
056263,友訊統一99購01  ,0,0,0,0,0,0,0,0,0,-117000,0,0,0,45000,162000,-117000,-117000
045213,A50正2元大95購01,0,0,0,0,0,0,0,0,0,-117000,0,0,0,386000,503000,-117000,-117000
05521P,創意永豐96售01  ,0,0,0,0,0,0,0,0,0,-117000,0,0,0,24000,141000,-117000,-117000
054364,智伸科凱基96購01,0,0,0,0,0,0,0,0,0,-117000,0,0,0,80000,197000,-117000,-117000
054645,奇力新群益97購04,0,0,0,0,0,0,0,0,0,-117000,0,0,0,1000,118000,-117000,-117000
4164,承業醫          ,5000,110000,-105000,0,0,0,0,0,0,-12000,2000,14000,-12000,0,0,0,-117000
4142,國光生          ,305000,419000,-114000,0,0,0,0,0,0,-3000,0,3000,-3000,0,0,0,-117000
057590,元油2X兆豐98購02,0,0,0,0,0,0,0,0,0,-118000,0,0,0,0,118000,-118000,-118000
057193,力成元大98購02  ,0,0,0,0,0,0,0,0,0,-118000,0,0,0,107000,225000,-118000,-118000
06436P,台光電國票98售04,0,0,0,0,0,0,0,0,0,-118000,0,0,0,11000,129000,-118000,-118000
06348P,鈺齊元富97售02  ,0,0,0,0,0,0,0,0,0,-118000,0,0,0,599000,717000,-118000,-118000
06111P,上銀兆豐98售01  ,0,0,0,0,0,0,0,0,0,-118000,0,0,0,0,118000,-118000,-118000
05794P,華邦電群益96售04,0,0,0,0,0,0,0,0,0,-118000,0,0,0,0,118000,-118000,-118000
056576,晶技元大99購02  ,0,0,0,0,0,0,0,0,0,-119000,0,0,0,20000,139000,-119000,-119000
056650,彩晶凱基9A購01  ,0,0,0,0,0,0,0,0,0,-119000,0,0,0,0,119000,-119000,-119000
050714,深中小群益98購01,0,0,0,0,0,0,0,0,0,-119000,0,0,0,181000,300000,-119000,-119000
052695,台表科中信98購01,0,0,0,0,0,0,0,0,0,-119000,0,0,0,5000,124000,-119000,-119000
050417,喬山凱基94購01  ,0,0,0,0,0,0,0,0,0,-119000,0,0,0,0,119000,-119000,-119000
051115,華通麥證96購01  ,0,0,0,0,119000,-119000,0,0,0,-119000,0,0,0,0,119000,-119000,-119000
1309,台達化          ,51000,161000,-110000,0,0,0,0,0,0,-9000,0,9000,-9000,0,0,0,-119000
03939P,康控元大95售02  ,0,0,0,0,0,0,0,0,0,-120000,0,0,0,0,120000,-120000,-120000
03646C,臺股指元大95牛32,0,0,0,0,0,0,0,0,0,-120000,0,0,0,10000,130000,-120000,-120000
00731,FH富時高息低波  ,0,0,0,0,0,0,0,0,0,-120000,0,0,0,281000,401000,-120000,-120000
044930,元黃金富邦93購01,0,0,0,0,0,0,0,0,0,-120000,0,0,0,0,120000,-120000,-120000
051116,可成麥證95購01  ,0,0,0,0,120000,-120000,0,0,0,-120000,0,0,0,0,120000,-120000,-120000
052523,奇力新元大97購01,0,0,0,0,0,0,0,0,0,-120000,0,0,0,23000,143000,-120000,-120000
052721,友達統一96購01  ,0,0,0,0,0,0,0,0,0,-120000,0,0,0,0,120000,-120000,-120000
050556,道瓊銀統一95購01,0,0,0,0,0,0,0,0,0,-120000,0,0,0,0,120000,-120000,-120000
050510,元油2X元大94購10,0,0,0,0,0,0,0,0,0,-120000,0,0,0,0,120000,-120000,-120000
051687,大立光凱基95購12,0,0,0,0,0,0,0,0,0,-120000,0,0,0,0,120000,-120000,-120000
055023,億光國泰98購01  ,0,0,0,0,0,0,0,0,0,-120000,0,0,0,25000,145000,-120000,-120000
053760,牧德國泰98購01  ,0,0,0,0,0,0,0,0,0,-120000,0,0,0,83000,203000,-120000,-120000
05418P,瑞昱永豐95售02  ,0,0,0,0,0,0,0,0,0,-120000,0,0,0,0,120000,-120000,-120000
06508P,台灣50統一98售01,0,0,0,0,0,0,0,0,0,-120000,0,0,0,566000,686000,-120000,-120000
06904P,TPK凱基98售03   ,0,0,0,0,0,0,0,0,0,-120000,0,0,0,0,120000,-120000,-120000
051634,大立光國票96購03,0,0,0,0,0,0,0,0,0,-121000,0,0,0,89000,210000,-121000,-121000
052648,茂林永豐96購01  ,0,0,0,0,0,0,0,0,0,-121000,0,0,0,49000,170000,-121000,-121000
055272,國巨元大98購04  ,0,0,0,0,0,0,0,0,0,-121000,0,0,0,189000,310000,-121000,-121000
055736,宏達電元富99購01,0,0,0,0,0,0,0,0,0,-122000,0,0,0,197000,319000,-122000,-122000
04503P,元油2X元富98售09,0,0,0,0,0,0,0,0,0,-122000,0,0,0,571000,693000,-122000,-122000
048998,玉晶光國票95購03,0,0,0,0,0,0,0,0,0,-122000,0,0,0,55000,177000,-122000,-122000
03064P,台灣50群益01售14,0,0,0,0,0,0,0,0,0,-122000,0,0,0,530000,652000,-122000,-122000
052647,晶技永豐97購01  ,0,0,0,0,0,0,0,0,0,-122000,0,0,0,25000,147000,-122000,-122000
051178,大立光凱基95購10,0,0,0,0,0,0,0,0,0,-122000,0,0,0,0,122000,-122000,-122000
04929P,同欣電凱基95售01,0,0,0,0,0,0,0,0,0,-122000,0,0,0,0,122000,-122000,-122000
05957P,友達國票97售04  ,0,0,0,0,0,0,0,0,0,-122000,0,0,0,81000,203000,-122000,-122000
00713,元大台灣高息低波,0,0,0,0,0,0,0,0,0,-123000,0,0,0,0,123000,-123000,-123000
052753,電子類元大96購02,0,0,0,0,0,0,0,0,0,-123000,0,0,0,21000,144000,-123000,-123000
05246P,南電元大95售04  ,0,0,0,0,0,0,0,0,0,-123000,0,0,0,12000,135000,-123000,-123000
05039P,鴻海凱基95售10  ,0,0,0,0,0,0,0,0,0,-123000,0,0,0,8000,131000,-123000,-123000
053270,台塑元大96購01  ,0,0,0,0,0,0,0,0,0,-123000,0,0,0,131000,254000,-123000,-123000
1457,宜進            ,6000,128000,-122000,0,0,0,0,0,0,-1000,0,1000,-1000,0,0,0,-123000
056605,台積電富邦9B購02,0,0,0,0,0,0,0,0,0,-124000,0,0,0,145000,269000,-124000,-124000
057664,台積電元大9A購03,0,0,0,0,0,0,0,0,0,-124000,0,0,0,1044000,1168000,-124000,-124000
050097,可成國泰96購02  ,0,0,0,0,0,0,0,0,0,-124000,0,0,0,29000,153000,-124000,-124000
04978P,台表科凱基94售02,0,0,0,0,0,0,0,0,0,-124000,0,0,0,146000,270000,-124000,-124000
054350,美律國泰98購01  ,0,0,0,0,0,0,0,0,0,-124000,0,0,0,0,124000,-124000,-124000
2420,新巨            ,6000,130000,-124000,0,0,0,0,0,0,0,0,0,0,0,0,0,-124000
2467,志聖            ,13000,136000,-123000,0,0,0,0,0,0,-1000,0,1000,-1000,0,0,0,-124000
05989P,健策元富96售01  ,0,0,0,0,0,0,0,0,0,-124000,0,0,0,8000,132000,-124000,-124000
055884,臺股指元富97購01,0,0,0,0,0,0,0,0,0,-125000,0,0,0,0,125000,-125000,-125000
048429,旺宏國票94購02  ,0,0,0,0,0,0,0,0,0,-125000,0,0,0,0,125000,-125000,-125000
04022P,群創元富96售04  ,0,0,0,0,0,0,0,0,0,-125000,0,0,0,0,125000,-125000,-125000
03824P,燿華元大94售01  ,0,0,0,0,0,0,0,0,0,-125000,0,0,0,10000,135000,-125000,-125000
044805,旭富凱基93購01  ,0,0,0,0,0,0,0,0,0,-125000,0,0,0,0,125000,-125000,-125000
05235P,健鼎康和95售02  ,0,0,0,0,0,0,0,0,0,-125000,0,0,0,0,125000,-125000,-125000
05443P,宏達電元大95售05,0,0,0,0,0,0,0,0,0,-125000,0,0,0,0,125000,-125000,-125000
052838,新唐國泰98購01  ,0,0,0,0,0,0,0,0,0,-125000,0,0,0,20000,145000,-125000,-125000
054208,台積電國票97購07,0,0,0,0,0,0,0,0,0,-125000,0,0,0,114000,239000,-125000,-125000
05725P,嘉聯益永豐96售02,0,0,0,0,0,0,0,0,0,-126000,0,0,0,0,126000,-126000,-126000
057043,台積電元大99購02,0,0,0,0,0,0,0,0,0,-126000,0,0,0,1010000,1136000,-126000,-126000
051577,台積電元大97購03,0,0,0,0,0,0,0,0,0,-126000,0,0,0,49000,175000,-126000,-126000
050674,瑞昱富邦94購02  ,0,0,0,0,0,0,0,0,0,-126000,0,0,0,4000,130000,-126000,-126000
053285,臺股指元大96購08,0,0,0,0,0,0,0,0,0,-126000,0,0,0,90000,216000,-126000,-126000
054643,上証2X群益9B購01,0,0,0,0,0,0,0,0,0,-126000,0,0,0,0,126000,-126000,-126000
06361P,聯發科群益97售06,0,0,0,0,0,0,0,0,0,-126000,0,0,0,28000,154000,-126000,-126000
05669P,嘉晶永豐96售03  ,0,0,0,0,0,0,0,0,0,-127000,0,0,0,93000,220000,-127000,-127000
05787P,臺股指永昌96售04,0,0,0,0,0,0,0,0,0,-127000,1170000,0,1170000,231000,1528000,-1297000,-127000
00709,富邦歐洲        ,0,0,0,0,0,0,0,0,0,-127000,0,0,0,120000,247000,-127000,-127000
052644,聯發科永豐96購01,0,0,0,0,0,0,0,0,0,-127000,0,0,0,24000,151000,-127000,-127000
05369P,可成元富95售04  ,0,0,0,0,0,0,0,0,0,-127000,0,0,0,0,127000,-127000,-127000
06837P,上銀統一9A售02  ,0,0,0,0,0,0,0,0,0,-127000,0,0,0,294000,421000,-127000,-127000
3003,健和興          ,165000,290000,-125000,0,0,0,0,0,0,-2000,0,0,0,1000,3000,-2000,-127000
2206,三陽工業        ,103000,229000,-126000,0,0,0,0,0,0,-1000,0,1000,-1000,0,0,0,-127000
2348,海悅            ,4000,137000,-133000,0,0,0,0,0,0,6000,6000,0,6000,0,0,0,-127000
056011,矽力中信99購01  ,0,0,0,0,0,0,0,0,0,-128000,0,0,0,14000,142000,-128000,-128000
055347,台積電凱基97購10,0,0,0,0,0,0,0,0,0,-128000,0,0,0,0,128000,-128000,-128000
4137,麗豐-KY         ,46000,154000,-108000,0,0,0,1000,0,1000,-21000,0,2000,-2000,0,19000,-19000,-128000
056439,華邦電凱基98購02,0,0,0,0,0,0,0,0,0,-129000,0,0,0,134000,263000,-129000,-129000
056827,元油2X富邦02購01,0,0,0,0,0,0,0,0,0,-129000,0,0,0,23000,152000,-129000,-129000
057064,華新科富邦9B購01,0,0,0,0,0,0,0,0,0,-129000,0,0,0,276000,405000,-129000,-129000
049721,晶技凱基94購02  ,0,0,0,0,0,0,0,0,0,-129000,0,0,0,213000,342000,-129000,-129000
054561,奇力新群益97購03,0,0,0,0,0,0,0,0,0,-129000,0,0,0,71000,200000,-129000,-129000
053168,晶技群益98購01  ,0,0,0,0,0,0,0,0,0,-129000,0,0,0,102000,231000,-129000,-129000
058035,旭富永豐98購02  ,0,0,0,0,0,0,0,0,0,-129000,0,0,0,0,129000,-129000,-129000
057742,喬山永豐98購02  ,0,0,0,0,0,0,0,0,0,-130000,0,0,0,0,130000,-130000,-130000
00757,統一FANG+       ,0,0,0,0,0,0,0,0,0,-130000,0,0,0,238000,368000,-130000,-130000
044402,景碩凱基93購01  ,0,0,0,0,0,0,0,0,0,-130000,0,0,0,0,130000,-130000,-130000
047974,新光金兆豐93購01,0,0,0,0,0,0,0,0,0,-130000,0,0,0,0,130000,-130000,-130000
050151,台積電群益94購12,0,0,0,0,0,0,0,0,0,-130000,0,0,0,0,130000,-130000,-130000
049833,正文凱基94購05  ,0,0,0,0,0,0,0,0,0,-130000,0,0,0,80000,210000,-130000,-130000
050753,百和統一94購01  ,0,0,0,0,0,0,0,0,0,-130000,0,0,0,13000,143000,-130000,-130000
052902,鴻海國票97購04  ,0,0,0,0,0,0,0,0,0,-130000,0,0,0,0,130000,-130000,-130000
053913,華新國票97購01  ,0,0,0,0,0,0,0,0,0,-130000,0,0,0,10000,140000,-130000,-130000
054726,台積電日盛97購01,0,0,0,0,0,0,0,0,0,-130000,0,0,0,22000,152000,-130000,-130000
054473,鴻海中信96購02  ,0,0,0,0,0,0,0,0,0,-130000,0,0,0,70000,200000,-130000,-130000
041991,元油2X國票98購01,0,0,0,0,0,0,0,0,0,-131000,0,0,0,320000,451000,-131000,-131000
052638,緯創凱基96購02  ,0,0,0,0,0,0,0,0,0,-131000,0,0,0,10000,141000,-131000,-131000
2359,所羅門          ,27000,154000,-127000,0,0,0,0,0,0,-4000,5000,9000,-4000,0,0,0,-131000
055994,聯發科國泰99購02,0,0,0,0,0,0,0,0,0,-132000,0,0,0,61000,193000,-132000,-132000
04514P,元石油中信97售01,0,0,0,0,0,0,0,0,0,-132000,0,0,0,71000,203000,-132000,-132000
054770,健策國票98購01  ,0,0,0,0,0,0,0,0,0,-132000,0,0,0,132000,264000,-132000,-132000
3645,達邁            ,78000,209000,-131000,0,0,0,0,0,0,-1000,0,1000,-1000,0,0,0,-132000
05838P,臺股指富邦96售05,0,0,0,0,0,0,0,0,0,-132000,0,0,0,0,132000,-132000,-132000
06125P,楠梓電元富99售01,0,0,0,0,0,0,0,0,0,-132000,0,0,0,26000,158000,-132000,-132000
056111,力成永豐97購01  ,0,0,0,0,0,0,0,0,0,-133000,0,0,0,185000,318000,-133000,-133000
047584,元金2X永豐95購01,0,0,0,0,0,0,0,0,0,-133000,0,0,0,138000,271000,-133000,-133000
046645,技嘉國泰94購01  ,0,0,0,0,0,0,0,0,0,-133000,0,0,0,59000,192000,-133000,-133000
052655,群創統一97購01  ,0,0,0,0,0,0,0,0,0,-133000,0,0,0,53000,186000,-133000,-133000
050590,晶技永豐95購01  ,0,0,0,0,0,0,0,0,0,-133000,0,0,0,37000,170000,-133000,-133000
052913,鴻海元富96購05  ,0,0,0,0,0,0,0,0,0,-133000,0,0,0,0,133000,-133000,-133000
8101,華冠            ,1000,134000,-133000,0,0,0,0,0,0,0,0,0,0,0,0,0,-133000
050870,旭富永豐95購01  ,0,0,0,0,0,0,0,0,0,-134000,0,0,0,1000,135000,-134000,-134000
04439P,聯發科群益94售04,0,0,0,0,0,0,0,0,0,-134000,0,0,0,36000,170000,-134000,-134000
050240,聯發科凱基94購13,0,0,0,0,0,0,0,0,0,-134000,0,0,0,83000,217000,-134000,-134000
05204P,TPK元大95售03   ,0,0,0,0,0,0,0,0,0,-134000,0,0,0,37000,171000,-134000,-134000
054142,致伸元大97購01  ,0,0,0,0,0,0,0,0,0,-134000,0,0,0,118000,252000,-134000,-134000
9939,宏全            ,136000,260000,-124000,0,0,0,55000,0,55000,-65000,11000,54000,-43000,3000,25000,-22000,-134000
2388,威盛            ,53000,187000,-134000,0,0,0,0,0,0,0,0,0,0,0,0,0,-134000
06421P,嘉澤統一97售02  ,0,0,0,0,0,0,0,0,0,-134000,0,0,0,35000,169000,-134000,-134000
9921,巨大            ,926000,912908,13092,0,0,0,4000,135000,-131000,-17000,0,17000,-17000,0,0,0,-134908
047630,元油反元大96購02,0,0,0,0,0,0,0,0,0,-135000,0,0,0,18000,153000,-135000,-135000
05218P,大立光永昌96售04,0,0,0,0,0,0,0,0,0,-135000,0,0,0,613000,748000,-135000,-135000
050421,鴻海凱基95購04  ,0,0,0,0,0,0,0,0,0,-135000,0,0,0,210000,345000,-135000,-135000
051237,鴻海元大97購01  ,0,0,0,0,0,0,0,0,0,-135000,0,0,0,20000,155000,-135000,-135000
055062,文曄永豐97購01  ,0,0,0,0,0,0,0,0,0,-135000,0,0,0,15000,150000,-135000,-135000
3029,零壹            ,179000,454000,-275000,0,0,0,0,0,0,140000,140000,0,140000,0,0,0,-135000
06122P,亞光元大98售01  ,0,0,0,0,0,0,0,0,0,-135000,0,0,0,30000,165000,-135000,-135000
2548,華固            ,245658,381000,-135342,0,0,0,5000,0,5000,-5000,2000,1000,1000,0,6000,-6000,-135342
056210,矽創永豐97購02  ,0,0,0,0,0,0,0,0,0,-136000,0,0,0,0,136000,-136000,-136000
051622,和碩凱基96購01  ,0,0,0,0,0,0,0,0,0,-136000,0,0,0,0,136000,-136000,-136000
052685,技嘉元大96購01  ,0,0,0,0,0,0,0,0,0,-136000,0,0,0,10000,146000,-136000,-136000
05009P,大立光元富95售06,0,0,0,0,0,0,0,0,0,-136000,0,0,0,49000,185000,-136000,-136000
055108,智邦凱基98購01  ,0,0,0,0,0,0,0,0,0,-136000,0,0,0,0,136000,-136000,-136000
055438,鴻海國票98購01  ,0,0,0,0,0,0,0,0,0,-136000,0,0,0,30000,166000,-136000,-136000
054732,台化凱基98購01  ,0,0,0,0,0,0,0,0,0,-136000,0,0,0,10000,146000,-136000,-136000
052884,台積電兆豐96購01,0,0,0,0,0,0,0,0,0,-136000,0,0,0,15000,151000,-136000,-136000
053186,健策中信9C購01  ,0,0,0,0,0,0,0,0,0,-136000,0,0,0,23000,159000,-136000,-136000
1592,英瑞-KY         ,1000,137000,-136000,0,0,0,0,0,0,0,0,0,0,0,0,0,-136000
06246P,茂林元富97售03  ,0,0,0,0,0,0,0,0,0,-136000,0,0,0,265000,401000,-136000,-136000
05648P,康控國票97售01  ,0,0,0,0,0,0,0,0,0,-137000,0,0,0,100000,237000,-137000,-137000
05741P,聯發科元大96售14,0,0,0,0,0,0,0,0,0,-137000,0,0,0,321000,458000,-137000,-137000
05084P,嘉聯益永豐95售02,0,0,0,0,0,0,0,0,0,-137000,0,0,0,0,137000,-137000,-137000
04541P,智易永豐94售03  ,0,0,0,0,0,0,0,0,0,-137000,0,0,0,0,137000,-137000,-137000
04386P,大立光日盛94售01,0,0,0,0,0,0,0,0,0,-137000,0,0,0,0,137000,-137000,-137000
050557,台積電統一94購13,0,0,0,0,0,0,0,0,0,-137000,0,0,0,48000,185000,-137000,-137000
06131P,京鼎元富97售02  ,0,0,0,0,0,0,0,0,0,-137000,0,0,0,30000,167000,-137000,-137000
6668,中揚光          ,82000,220000,-138000,0,0,0,0,0,0,1000,1000,0,1000,0,0,0,-137000
057568,友訊永豐99購01  ,0,0,0,0,0,0,0,0,0,-138000,0,0,0,0,138000,-138000,-138000
056585,台積電統一9A購01,0,0,0,0,0,0,0,0,0,-138000,0,0,0,0,138000,-138000,-138000
055754,和大兆豐97購01  ,0,0,0,0,0,0,0,0,0,-138000,0,0,0,2000,140000,-138000,-138000
052386,鴻海群益96購02  ,0,0,0,0,0,0,0,0,0,-138000,0,0,0,90000,228000,-138000,-138000
055410,元油反富邦9A購01,0,0,0,0,0,0,0,0,0,-138000,0,0,0,0,138000,-138000,-138000
054932,台肥元大97購01  ,0,0,0,0,0,0,0,0,0,-138000,0,0,0,136000,274000,-138000,-138000
2014,中鴻            ,682000,799000,-117000,0,0,0,0,0,0,-21000,0,21000,-21000,0,0,0,-138000
2428,興勤            ,20000,156000,-136000,0,0,0,0,0,0,-2000,0,1000,-1000,0,1000,-1000,-138000
05955P,台光電國票97售02,0,0,0,0,0,0,0,0,0,-138000,0,0,0,0,138000,-138000,-138000
06314P,GIS元富97售02   ,0,0,0,0,0,0,0,0,0,-138000,0,0,0,20000,158000,-138000,-138000
06542P,台光電國票98售05,0,0,0,0,0,0,0,0,0,-138000,0,0,0,10000,148000,-138000,-138000
05762P,昇陽半永豐96售04,0,0,0,0,0,0,0,0,0,-139000,0,0,0,0,139000,-139000,-139000
050743,京鼎永豐94購02  ,0,0,0,0,0,0,0,0,0,-139000,0,0,0,46000,185000,-139000,-139000
06509P,鴻海群益98售03  ,0,0,0,0,0,0,0,0,0,-139000,0,0,0,0,139000,-139000,-139000
06455P,上銀統一99售03  ,0,0,0,0,0,0,0,0,0,-139000,0,0,0,0,139000,-139000,-139000
5534,長虹            ,142542,305000,-162458,0,0,0,32000,0,32000,-9000,2000,11000,-9000,0,0,0,-139458
03947P,新光金國泰94售01,0,0,0,0,0,0,0,0,0,-140000,0,0,0,60000,200000,-140000,-140000
04629P,康控元大94售05  ,0,0,0,0,0,0,0,0,0,-140000,0,0,0,176000,316000,-140000,-140000
052678,群創富邦96購01  ,0,0,0,0,0,0,0,0,0,-140000,0,0,0,10000,150000,-140000,-140000
049695,新光金元大9A購01,0,0,0,0,0,0,0,0,0,-140000,0,0,0,0,140000,-140000,-140000
054449,中環第一96購01  ,0,0,0,0,0,0,0,0,0,-140000,0,0,0,0,140000,-140000,-140000
054416,禾伸堂元大97購01,0,0,0,0,0,0,0,0,0,-140000,0,0,0,0,140000,-140000,-140000
053179,大立光統一96購04,0,0,0,0,0,0,0,0,0,-140000,0,0,0,0,140000,-140000,-140000
5225,東科-KY         ,11000,147000,-136000,0,0,0,0,0,0,-4000,0,4000,-4000,0,0,0,-140000
06078P,臺股指凱基9A售01,0,0,0,0,0,0,0,0,0,-140000,0,0,0,94000,234000,-140000,-140000
05988P,光磊元富96售02  ,0,0,0,0,0,0,0,0,0,-140000,0,0,0,0,140000,-140000,-140000
057739,新日興富邦9B購01,0,0,0,0,0,0,0,0,0,-141000,0,0,0,7000,148000,-141000,-141000
056893,智邦元大98購02  ,0,0,0,0,0,0,0,0,0,-141000,0,0,0,64000,205000,-141000,-141000
052173,廣達元大95購02  ,0,0,0,0,0,0,0,0,0,-141000,0,0,0,122000,263000,-141000,-141000
04953P,台積電群益94售13,0,0,0,0,0,0,0,0,0,-141000,0,0,0,95000,236000,-141000,-141000
6226,光鼎            ,47000,185000,-138000,0,0,0,0,0,0,-3000,0,3000,-3000,0,0,0,-141000
1809,中釉            ,10000,151000,-141000,0,0,0,0,0,0,0,0,0,0,0,0,0,-141000
04453P,聯發科富邦94售04,0,0,0,0,0,0,0,0,0,-142000,0,0,0,633000,775000,-142000,-142000
04532P,臺股指凱基94售04,0,0,0,0,0,0,0,0,0,-142000,0,0,0,10000,152000,-142000,-142000
051099,台郡元大95購03  ,0,0,0,0,0,0,0,0,0,-142000,0,0,0,6000,148000,-142000,-142000
051041,大立光永豐95購01,0,0,0,0,0,0,0,0,0,-142000,0,0,0,0,142000,-142000,-142000
06013P,世芯國泰97售03  ,0,0,0,0,0,0,0,0,0,-142000,0,0,0,151000,293000,-142000,-142000
06177P,玉晶光元大98售07,0,0,0,0,0,0,0,0,0,-142000,0,0,0,287000,429000,-142000,-142000
055507,樺漢元大98購02  ,0,0,0,0,0,0,0,0,0,-143000,0,0,0,0,143000,-143000,-143000
04630P,嘉聯益元大95售02,0,0,0,0,0,0,0,0,0,-143000,0,0,0,20000,163000,-143000,-143000
054574,美律元大99購01  ,0,0,0,0,0,0,0,0,0,-143000,0,0,0,5000,148000,-143000,-143000
06137P,玉晶光永豐97售04,0,0,0,0,0,0,0,0,0,-143000,0,0,0,56000,199000,-143000,-143000
5907,大洋-KY         ,7000,150941,-143941,0,0,0,0,0,0,0,0,0,0,0,0,0,-143941
048781,臺股指凱基96購01,0,0,0,0,0,0,0,0,0,-144000,0,0,0,300000,444000,-144000,-144000
051245,南亞科元大95購01,0,0,0,0,0,0,0,0,0,-144000,0,0,0,73000,217000,-144000,-144000
052421,元油反國票9B購01,0,0,0,0,0,0,0,0,0,-144000,0,0,0,47000,191000,-144000,-144000
055312,台虹群益99購01  ,0,0,0,0,0,0,0,0,0,-144000,0,0,0,205000,349000,-144000,-144000
1308,亞聚            ,6000,141000,-135000,0,0,0,0,0,0,-9000,0,9000,-9000,0,0,0,-144000
055770,欣興麥證97購01  ,0,0,0,125000,270000,-145000,0,0,0,-145000,0,0,0,125000,270000,-145000,-145000
047217,臺股指中信93購05,0,0,0,0,0,0,0,0,0,-145000,0,0,0,55000,200000,-145000,-145000
052464,大立光統一95購05,0,0,0,0,0,0,0,0,0,-145000,0,0,0,3000,148000,-145000,-145000
054912,群光凱基97購01  ,0,0,0,0,0,0,0,0,0,-145000,0,0,0,10000,155000,-145000,-145000
054864,聯發科群益97購02,0,0,0,0,0,0,0,0,0,-145000,0,0,0,0,145000,-145000,-145000
1522,堤維西          ,50000,194000,-144000,0,0,0,0,0,0,-1000,0,0,0,0,1000,-1000,-145000
05854P,華新科凱基96售09,0,0,0,0,0,0,0,0,0,-145000,0,0,0,75000,220000,-145000,-145000
06441P,台積電凱基98售08,0,0,0,0,0,0,0,0,0,-145000,0,0,0,90000,235000,-145000,-145000
056327,樺漢兆豐98購01  ,0,0,0,0,0,0,0,0,0,-146000,0,0,0,0,146000,-146000,-146000
051619,智邦凱基95購07  ,0,0,0,0,0,0,0,0,0,-146000,0,0,0,0,146000,-146000,-146000
051075,智邦國泰97購01  ,0,0,0,0,0,0,0,0,0,-146000,0,0,0,106000,252000,-146000,-146000
050431,聯發科凱基94購18,0,0,0,0,0,0,0,0,0,-146000,0,0,0,7000,153000,-146000,-146000
05983P,聯詠國票96售02  ,0,0,0,0,0,0,0,0,0,-146000,0,0,0,17000,163000,-146000,-146000
3094,聯傑            ,43000,198000,-155000,0,0,0,0,0,0,9000,9000,0,9000,0,0,0,-146000
9924,福興            ,19000,159000,-140000,0,0,0,0,0,0,-6000,0,6000,-6000,0,0,0,-146000
053463,可成富邦98購01  ,0,0,0,0,0,0,0,0,0,-147000,0,0,0,65000,212000,-147000,-147000
2461,光群雷          ,83000,229000,-146000,0,0,0,0,0,0,-1000,0,1000,-1000,0,0,0,-147000
2208,台船            ,53000,204000,-151000,0,0,0,0,0,0,4000,7000,3000,4000,0,0,0,-147000
05591P,義隆群益96售03  ,0,0,0,0,0,0,0,0,0,-148000,0,0,0,0,148000,-148000,-148000
057351,奇力新統一98購02,0,0,0,0,0,0,0,0,0,-148000,0,0,0,0,148000,-148000,-148000
047576,技嘉群益94購01  ,0,0,0,0,0,0,0,0,0,-148000,0,0,0,49000,197000,-148000,-148000
047319,晶技元大93購02  ,0,0,0,0,0,0,0,0,0,-148000,0,0,0,0,148000,-148000,-148000
04912P,可成元富94售06  ,0,0,0,0,0,0,0,0,0,-148000,0,0,0,0,148000,-148000,-148000
052652,台虹永豐96購01  ,0,0,0,0,0,0,0,0,0,-148000,0,0,0,19000,167000,-148000,-148000
050801,元金2X群益98購01,0,0,0,0,0,0,0,0,0,-148000,0,0,0,0,148000,-148000,-148000
054012,廣達永豐96購01  ,0,0,0,0,0,0,0,0,0,-148000,0,0,0,0,148000,-148000,-148000
6197,佳必琪          ,3000,151000,-148000,0,0,0,0,0,0,0,4000,4000,0,0,0,0,-148000
04586P,光罩永豐94售02  ,0,0,0,0,0,0,0,0,0,-149000,0,0,0,1000,150000,-149000,-149000
05111P,台積電統一95售04,0,0,0,0,0,0,0,0,0,-149000,0,0,0,4000,153000,-149000,-149000
054079,鴻海中信98購02  ,0,0,0,0,0,0,0,0,0,-149000,0,0,0,76000,225000,-149000,-149000
055180,文曄統一97購01  ,0,0,0,0,0,0,0,0,0,-149000,0,0,0,153000,302000,-149000,-149000
6672,騰輝電子-KY     ,26000,175000,-149000,0,0,0,0,0,0,0,0,0,0,0,0,0,-149000
8464,億豐            ,549100,623121,-74021,0,0,0,11000,54000,-43000,-32000,0,32000,-32000,0,0,0,-149021
2534,宏盛            ,268800,396000,-127200,0,0,0,0,0,0,-22000,0,0,0,2000,24000,-22000,-149200
057852,國巨國票99購05  ,0,0,0,0,0,0,0,0,0,-150000,0,0,0,28000,178000,-150000,-150000
056016,鴻海群益97購06  ,0,0,0,0,0,0,0,0,0,-150000,0,0,0,35000,185000,-150000,-150000
055495,長榮航元大97購01,0,0,0,0,0,0,0,0,0,-150000,0,0,0,0,150000,-150000,-150000
056392,玉晶光富邦9C購01,0,0,0,0,0,0,0,0,0,-150000,0,0,0,0,150000,-150000,-150000
046064,中工凱基94購01  ,0,0,0,0,0,0,0,0,0,-150000,0,0,0,28000,178000,-150000,-150000
04727P,臺股指凱基96售03,0,0,0,0,0,0,0,0,0,-150000,0,0,0,0,150000,-150000,-150000
03298P,台積電統一03售15,0,0,0,0,0,0,0,0,0,-150000,0,0,0,430000,580000,-150000,-150000
046719,元石油元大95購02,0,0,0,0,0,0,0,0,0,-150000,0,0,0,0,150000,-150000,-150000
046798,元油2X元大96購01,0,0,0,0,0,0,0,0,0,-150000,0,0,0,100000,250000,-150000,-150000
047674,群創元富96購02  ,0,0,0,0,0,0,0,0,0,-150000,0,0,0,0,150000,-150000,-150000
051092,禾伸堂元大95購02,0,0,0,0,0,0,0,0,0,-150000,0,0,0,0,150000,-150000,-150000
052506,日月光日盛95購01,0,0,0,0,0,0,0,0,0,-150000,0,0,0,0,150000,-150000,-150000
05126P,牧德群益95售01  ,0,0,0,0,0,0,0,0,0,-150000,0,0,0,0,150000,-150000,-150000
051878,鴻海台新96購01  ,0,0,0,0,0,0,0,0,0,-150000,0,0,0,0,150000,-150000,-150000
051676,康舒元大95購01  ,0,0,0,0,0,0,0,0,0,-150000,0,0,0,50000,200000,-150000,-150000
054848,群創兆豐98購01  ,0,0,0,0,0,0,0,0,0,-150000,0,0,0,0,150000,-150000,-150000
054411,光磊元大97購02  ,0,0,0,0,0,0,0,0,0,-150000,0,0,0,820000,970000,-150000,-150000
05416P,喬山永豐95售04  ,0,0,0,0,0,0,0,0,0,-150000,0,0,0,10000,160000,-150000,-150000
053903,燿華凱基97購01  ,0,0,0,0,0,0,0,0,0,-150000,0,0,0,0,150000,-150000,-150000
048346,智易元大95購01  ,0,0,0,0,0,0,0,0,0,-151000,0,0,0,3000,154000,-151000,-151000
04601P,大立光凱基94售07,0,0,0,0,0,0,0,0,0,-151000,0,0,0,0,151000,-151000,-151000
049343,華新科統一94購03,0,0,0,0,0,0,0,0,0,-151000,0,0,0,19000,170000,-151000,-151000
049545,台積電群益94購09,0,0,0,0,0,0,0,0,0,-151000,0,0,0,429000,580000,-151000,-151000
053960,晶技永豐96購02  ,0,0,0,0,0,0,0,0,0,-151000,0,0,0,0,151000,-151000,-151000
056721,台灣50永昌9A購01,0,0,0,0,0,0,0,0,0,-152000,0,0,0,10000,162000,-152000,-152000
057212,台積電群益98購03,0,0,0,0,0,0,0,0,0,-152000,0,0,0,276000,428000,-152000,-152000
049736,宏達電群益95購03,0,0,0,0,0,0,0,0,0,-152000,0,0,0,0,152000,-152000,-152000
06525P,上証2X國泰99售01,0,0,0,0,0,0,0,0,0,-152000,0,0,0,11000,163000,-152000,-152000
06894P,鈺齊元富98售03  ,0,0,0,0,0,0,0,0,0,-152000,0,0,0,23000,175000,-152000,-152000
06669P,緯穎凱基98售05  ,0,0,0,0,0,0,0,0,0,-152000,0,0,0,100000,252000,-152000,-152000
08637P,台灣50中信96售03,0,0,0,0,0,0,0,0,0,-153000,0,0,0,1377000,1530000,-153000,-153000
1444,力麗            ,276000,388000,-112000,0,0,0,0,0,0,-41000,0,41000,-41000,0,0,0,-153000
048284,臺股指中信95購04,0,0,0,0,0,0,0,0,0,-154000,0,0,0,0,154000,-154000,-154000
048603,中磊國票94購02  ,0,0,0,0,0,0,0,0,0,-154000,0,0,0,0,154000,-154000,-154000
057071,華擎永豐98購02  ,0,0,0,0,0,0,0,0,0,-155000,0,0,0,391000,546000,-155000,-155000
057531,禾伸堂元大99購04,0,0,0,0,0,0,0,0,0,-155000,0,0,0,3000,158000,-155000,-155000
05609P,國泰金凱基96售01,0,0,0,0,0,0,0,0,0,-155000,0,0,0,0,155000,-155000,-155000
050882,華泰國泰96購01  ,0,0,0,0,0,0,0,0,0,-155000,0,0,0,0,155000,-155000,-155000
048935,玉晶光永豐94購04,0,0,0,0,0,0,0,0,0,-155000,0,0,0,84000,239000,-155000,-155000
03882P,鴻海元大93售10  ,0,0,0,0,0,0,0,0,0,-155000,0,0,0,125000,280000,-155000,-155000
050685,緯穎元富94購02  ,0,0,0,0,0,0,0,0,0,-155000,0,0,0,45000,200000,-155000,-155000
051231,健策群益97購01  ,0,0,0,0,0,0,0,0,0,-155000,0,0,0,73000,228000,-155000,-155000
053687,智邦元大96購02  ,0,0,0,0,0,0,0,0,0,-155000,0,0,0,59000,214000,-155000,-155000
06649P,聯發科元大98售08,0,0,0,0,0,0,0,0,0,-155000,0,0,0,151000,306000,-155000,-155000
06687P,A50正2中信9A售01,0,0,0,0,0,0,0,0,0,-155000,0,0,0,0,155000,-155000,-155000
06613P,華新科富邦9A售03,0,0,0,0,0,0,0,0,0,-155000,0,0,0,423000,578000,-155000,-155000
06090P,旺宏統一97售06  ,0,0,0,0,0,0,0,0,0,-155000,0,0,0,264000,419000,-155000,-155000
056349,道瓊銀元大9B購01,0,0,0,0,0,0,0,0,0,-156000,0,0,0,0,156000,-156000,-156000
05596P,可成統一96售01  ,0,0,0,0,0,0,0,0,0,-156000,0,0,0,0,156000,-156000,-156000
05388P,南亞科元大95售04,0,0,0,0,0,0,0,0,0,-156000,0,0,0,4000,160000,-156000,-156000
05555P,健策群益98售01  ,0,0,0,0,0,0,0,0,0,-157000,0,0,0,0,157000,-157000,-157000
057823,神達元大98購01  ,0,0,0,0,0,0,0,0,0,-157000,0,0,0,70000,227000,-157000,-157000
051155,聯發科國泰96購01,0,0,0,0,0,0,0,0,0,-157000,0,0,0,148000,305000,-157000,-157000
050686,欣興兆豐96購01  ,0,0,0,0,0,0,0,0,0,-157000,0,0,0,48000,205000,-157000,-157000
053137,旺宏富邦98購01  ,0,0,0,0,0,0,0,0,0,-157000,0,0,0,5000,162000,-157000,-157000
055386,致新元大97購02  ,0,0,0,0,0,0,0,0,0,-157000,0,0,0,0,157000,-157000,-157000
055451,台積電元富97購02,0,0,0,0,0,0,0,0,0,-157000,0,0,0,67000,224000,-157000,-157000
06648P,華邦電元大98售03,0,0,0,0,0,0,0,0,0,-157000,0,0,0,67000,224000,-157000,-157000
3048,益登            ,36000,191000,-155000,0,0,0,0,0,0,-2000,0,2000,-2000,0,0,0,-157000
5243,乙盛-KY         ,129000,285000,-156000,0,0,0,0,0,0,-1000,4000,5000,-1000,0,0,0,-157000
056841,友達元富98購03  ,0,0,0,0,0,0,0,0,0,-158000,0,0,0,50000,208000,-158000,-158000
05613P,臻鼎台新96售01  ,0,0,0,0,0,0,0,0,0,-158000,0,0,0,98000,256000,-158000,-158000
03414B,臺股指凱基99熊01,0,0,0,0,0,0,0,0,0,-158000,0,0,0,112000,270000,-158000,-158000
054072,台積電富邦98購02,0,0,0,0,0,0,0,0,0,-158000,0,0,0,587000,745000,-158000,-158000
6177,達麗            ,50000,208000,-158000,0,0,0,0,0,0,0,0,0,0,0,0,0,-158000
2536,宏普            ,86000,244000,-158000,0,0,0,0,0,0,0,0,0,0,0,0,0,-158000
05630P,大立光永昌96售06,0,0,0,0,0,0,0,0,0,-159000,0,0,0,109000,268000,-159000,-159000
057303,喬山兆豐99購01  ,0,0,0,0,0,0,0,0,0,-159000,0,0,0,10000,169000,-159000,-159000
052677,景碩富邦97購01  ,0,0,0,0,0,0,0,0,0,-159000,0,0,0,40000,199000,-159000,-159000
055286,晶技元大98購03  ,0,0,0,0,0,0,0,0,0,-159000,0,0,0,183000,342000,-159000,-159000
3209,全科            ,21000,174000,-153000,0,0,0,0,0,0,-6000,0,6000,-6000,0,0,0,-159000
4961,天鈺            ,85000,242000,-157000,0,0,0,0,0,0,-2000,0,2000,-2000,0,0,0,-159000
06331P,南亞科群益97售04,0,0,0,0,0,0,0,0,0,-159000,0,0,0,21000,180000,-159000,-159000
05847P,大立光元大96售08,0,0,0,0,0,0,0,0,0,-159000,0,0,0,11000,170000,-159000,-159000
05583P,訊芯凱基96售01  ,0,0,0,0,0,0,0,0,0,-160000,0,0,0,6000,166000,-160000,-160000
051072,強茂國票95購02  ,0,0,0,0,0,0,0,0,0,-160000,0,0,0,136000,296000,-160000,-160000
051431,群創元富99購02  ,0,0,0,0,0,0,0,0,0,-160000,0,0,0,0,160000,-160000,-160000
051945,智邦統一95購03  ,0,0,0,0,0,0,0,0,0,-160000,0,0,0,100000,260000,-160000,-160000
05497P,聯詠統一96售01  ,1000,0,1000,0,0,0,0,0,0,-161000,0,0,0,10000,171000,-161000,-160000
054344,景碩國票97購04  ,0,0,0,0,0,0,0,0,0,-160000,0,0,0,122000,282000,-160000,-160000
054228,貿聯元富96購03  ,0,0,0,0,0,0,0,0,0,-160000,0,0,0,0,160000,-160000,-160000
054769,創意國票98購01  ,0,0,0,0,0,0,0,0,0,-160000,0,0,0,0,160000,-160000,-160000
052987,華新科元大99購01,0,0,0,0,0,0,0,0,0,-160000,0,0,0,0,160000,-160000,-160000
05325P,臺股指凱基95售09,0,0,0,0,0,0,0,0,0,-160000,0,0,0,20000,180000,-160000,-160000
06794P,臺股指凱基98售04,0,0,0,0,0,0,0,0,0,-160000,0,0,0,30000,190000,-160000,-160000
048590,貿聯兆豐94購02  ,0,0,0,0,0,0,0,0,0,-161000,0,0,0,10000,171000,-161000,-161000
049670,鈺齊國泰96購01  ,0,0,0,0,0,0,0,0,0,-161000,0,0,0,13000,174000,-161000,-161000
050716,可成群益96購01  ,0,0,0,0,0,0,0,0,0,-162000,0,0,0,40000,202000,-162000,-162000
049922,禾伸堂元大95購01,0,0,0,0,0,0,0,0,0,-162000,0,0,0,64000,226000,-162000,-162000
055198,奇力新第一97購01,0,0,0,0,0,0,0,0,0,-162000,0,0,0,171000,333000,-162000,-162000
1590,亞德客-KY       ,589000,751446,-162446,0,0,0,0,0,0,0,6000,2000,4000,3000,7000,-4000,-162446
056077,矽力元大97購07  ,0,0,0,0,0,0,0,0,0,-163000,0,0,0,35000,198000,-163000,-163000
054987,凱美元富97購01  ,0,0,0,0,0,0,0,0,0,-163000,0,0,0,95000,258000,-163000,-163000
056588,聯發科統一9A購02,0,0,0,0,0,0,0,0,0,-164000,0,0,0,129000,293000,-164000,-164000
6477,安集            ,16000,176000,-160000,0,0,0,1000,0,1000,-5000,0,5000,-5000,0,0,0,-164000
057728,瑞昱國泰99購01  ,0,0,0,0,0,0,0,0,0,-165000,0,0,0,30000,195000,-165000,-165000
047487,南電凱基94購01  ,0,0,0,0,0,0,0,0,0,-165000,0,0,0,335000,500000,-165000,-165000
054727,台積電日盛97購02,0,0,0,0,0,0,0,0,0,-165000,0,0,0,221000,386000,-165000,-165000
3047,訊舟            ,201000,368000,-167000,0,0,0,0,0,0,2000,5000,3000,2000,0,0,0,-165000
04373P,滬深2X元大97售01,0,0,0,0,0,0,0,0,0,-166000,0,0,0,38000,204000,-166000,-166000
050260,鴻海元大94購15  ,0,0,0,0,0,0,0,0,0,-166000,0,0,0,305000,471000,-166000,-166000
5607,遠雄港          ,45000,271000,-226000,0,0,0,0,0,0,60000,60000,0,60000,0,0,0,-166000
05005P,台表科統一95售01,0,0,0,0,0,0,0,0,0,-167000,0,0,0,65000,232000,-167000,-167000
054997,文曄元富97購01  ,0,0,0,0,0,0,0,0,0,-167000,0,0,0,60000,227000,-167000,-167000
4532,瑞智            ,56000,222000,-166000,0,0,0,0,0,0,-1000,0,1000,-1000,0,0,0,-167000
2606,裕民            ,338000,347000,-9000,0,0,0,13000,0,13000,-171000,0,165000,-165000,0,6000,-6000,-167000
05900P,臺股指凱基99售05,0,0,0,0,0,0,0,0,0,-167000,0,0,0,13000,180000,-167000,-167000
056854,友達中信9A購01  ,0,0,0,0,0,0,0,0,0,-168000,0,0,0,307000,475000,-168000,-168000
056792,訊芯群益98購01  ,0,0,0,0,0,0,0,0,0,-168000,0,0,0,3000,171000,-168000,-168000
04082P,智邦統一93售03  ,0,0,0,0,0,0,0,0,0,-168000,0,0,0,0,168000,-168000,-168000
05259P,臺股指凱基96售12,0,0,0,0,0,0,0,0,0,-168000,0,0,0,42000,210000,-168000,-168000
051866,聯發科凱基96購05,0,0,0,0,0,0,0,0,0,-168000,0,0,0,39000,207000,-168000,-168000
054261,智伸科元大96購03,0,0,0,0,0,0,0,0,0,-168000,0,0,0,21000,189000,-168000,-168000
8996,高力            ,559000,452000,107000,0,0,0,0,0,0,-275000,3000,278000,-275000,0,0,0,-168000
056140,康控元大98購01  ,0,0,0,0,0,0,0,0,0,-169000,0,0,0,152000,321000,-169000,-169000
06822P,上銀富邦99售03  ,0,0,0,0,0,0,0,0,0,-169000,0,0,0,130000,299000,-169000,-169000
049590,華新科元大94購01,0,0,0,0,0,0,0,0,0,-170000,0,0,0,6000,176000,-170000,-170000
04954P,健策國票96售01  ,0,0,0,0,0,0,0,0,0,-170000,0,0,0,40000,210000,-170000,-170000
05120P,聯發科國泰97售01,0,0,0,0,0,0,0,0,0,-170000,0,0,0,127000,297000,-170000,-170000
06072P,牧德永豐97售01  ,0,0,0,0,0,0,0,0,0,-170000,0,0,0,215000,385000,-170000,-170000
057069,台積電永豐98購02,0,0,0,0,0,0,0,0,0,-171000,0,0,0,102000,273000,-171000,-171000
04250P,嘉晶統一95售02  ,0,0,0,0,0,0,0,0,0,-171000,0,0,0,102000,273000,-171000,-171000
050807,群臺反凱基95購01,0,0,0,0,0,0,0,0,0,-171000,0,0,0,0,171000,-171000,-171000
06752P,訊芯凱基98售05  ,0,0,0,0,0,0,0,0,0,-171000,0,0,0,161000,332000,-171000,-171000
057103,禾伸堂中信9A購01,0,0,0,0,0,0,0,0,0,-172000,0,0,0,96000,268000,-172000,-172000
056033,T50正2凱基99購02,0,0,0,0,0,0,0,0,0,-172000,0,0,0,95000,267000,-172000,-172000
045618,元油2X永豐98購01,0,0,0,0,0,0,0,0,0,-172000,0,0,0,104000,276000,-172000,-172000
05078P,義隆永豐95售01  ,0,0,0,0,0,0,0,0,0,-172000,0,0,0,0,172000,-172000,-172000
053019,禾伸堂元富96購01,0,0,0,0,0,0,0,0,0,-172000,0,0,0,55000,227000,-172000,-172000
06506P,台郡國票99售02  ,0,0,0,0,0,0,0,0,0,-172000,0,0,0,0,172000,-172000,-172000
057022,智邦凱基98購04  ,0,0,0,0,0,0,0,0,0,-173000,0,0,0,113000,286000,-173000,-173000
03016P,滬深2X群益01售09,0,0,0,0,0,0,0,0,0,-173000,0,0,0,0,173000,-173000,-173000
054743,聯鈞凱基99購01  ,0,0,0,0,0,0,0,0,0,-173000,0,0,0,87000,260000,-173000,-173000
06823P,台灣50永豐98售02,0,0,0,0,0,0,0,0,0,-173000,0,0,0,71000,244000,-173000,-173000
05569P,漢唐統一97售01  ,0,0,0,0,0,0,0,0,0,-174000,0,0,0,20000,194000,-174000,-174000
05654P,台光電統一96售01,0,0,0,0,0,0,0,0,0,-174000,0,0,0,60000,234000,-174000,-174000
051771,上銀中信95購01  ,0,0,0,0,0,0,0,0,0,-174000,0,0,0,201000,375000,-174000,-174000
049941,臺股指元大94購24,0,0,0,0,0,0,0,0,0,-174000,0,0,0,186000,360000,-174000,-174000
055081,健鼎中信97購01  ,0,0,0,0,0,0,0,0,0,-174000,0,0,0,466000,640000,-174000,-174000
6139,亞翔            ,118000,228000,-110000,0,0,0,0,0,0,-64000,1000,65000,-64000,0,0,0,-174000
055209,勤誠康和97購01  ,0,0,0,0,0,0,0,0,0,-175000,0,0,0,5000,180000,-175000,-175000
054608,致茂永豐97購01  ,0,0,0,0,0,0,0,0,0,-175000,0,0,0,40000,215000,-175000,-175000
057968,可成國泰9A購01  ,0,0,0,0,0,0,0,0,0,-175000,0,0,0,40000,215000,-175000,-175000
053644,台表科國票97購03,0,0,0,0,0,0,0,0,0,-176000,0,0,0,24000,200000,-176000,-176000
057399,滬深反群益9C購01,0,0,0,0,0,0,0,0,0,-177000,0,0,0,50000,227000,-177000,-177000
051439,川湖元大95購01  ,0,0,0,0,0,0,0,0,0,-177000,0,0,0,23000,200000,-177000,-177000
052813,T50正2永豐96購01,0,0,0,0,0,0,0,0,0,-177000,0,0,0,23000,200000,-177000,-177000
053295,奇力新中信96購01,0,0,0,0,0,0,0,0,0,-177000,0,0,0,68000,245000,-177000,-177000
05509P,智邦元富96售02  ,0,0,0,0,0,0,0,0,0,-177000,0,0,0,6000,183000,-177000,-177000
057935,晶技群益98購02  ,0,0,0,0,0,0,0,0,0,-177000,0,0,0,0,177000,-177000,-177000
057497,祥碩元大98購06  ,0,0,0,0,0,0,0,0,0,-178000,0,0,0,58000,236000,-178000,-178000
057871,國巨元大99購09  ,0,0,0,0,0,0,0,0,0,-178000,0,0,0,50000,228000,-178000,-178000
050844,大立光國票96購01,0,0,0,0,0,0,0,0,0,-178000,0,0,0,0,178000,-178000,-178000
049991,臺股指凱基96購04,0,0,0,0,0,0,0,0,0,-178000,0,0,0,0,178000,-178000,-178000
05543P,鴻海元富96售04  ,0,0,0,0,0,0,0,0,0,-178000,0,0,0,7000,185000,-178000,-178000
054278,晶技群益97購02  ,0,0,0,0,0,0,0,0,0,-178000,0,0,0,0,178000,-178000,-178000
05981P,可成永昌98售02  ,0,0,0,0,0,0,0,0,0,-178000,0,0,0,219000,397000,-178000,-178000
055214,聯電凱基97購02  ,0,0,0,0,0,0,0,0,0,-179000,0,0,0,211000,390000,-179000,-179000
04693P,超眾群益95售01  ,0,0,0,0,0,0,0,0,0,-180000,0,0,0,2000,182000,-180000,-180000
047960,鈺齊永豐93購01  ,0,0,0,0,0,0,0,0,0,-180000,0,0,0,20000,200000,-180000,-180000
050559,聯發科統一94購10,0,0,0,0,0,0,0,0,0,-180000,0,0,0,30000,210000,-180000,-180000
055011,元翎元富97購01  ,0,0,0,0,0,0,0,0,0,-180000,0,0,0,60000,240000,-180000,-180000
1210,大成            ,138000,317000,-179000,0,0,0,16000,0,16000,-17000,0,17000,-17000,0,0,0,-180000
057843,晶技永豐98購02  ,0,0,0,0,0,0,0,0,0,-181000,0,0,0,0,181000,-181000,-181000
051266,國巨富邦99購01  ,0,0,0,0,0,0,0,0,0,-181000,0,0,0,77000,258000,-181000,-181000
06596P,元油2X富邦02售03,0,0,0,0,0,0,0,0,0,-181000,0,0,0,569000,750000,-181000,-181000
05934P,國巨凱基96售13  ,0,0,0,0,0,0,0,0,0,-181000,0,0,0,418000,599000,-181000,-181000
3321,同泰            ,0,181000,-181000,0,0,0,0,0,0,0,0,0,0,0,0,0,-181000
1464,得力            ,0,169000,-169000,0,0,0,0,0,0,-12000,0,0,0,0,12000,-12000,-181000
048471,旭富永豐93購01  ,0,0,0,0,0,0,0,0,0,-182000,0,0,0,0,182000,-182000,-182000
051697,康友中信95購02  ,0,0,0,0,0,0,0,0,0,-182000,0,0,0,21000,203000,-182000,-182000
053413,台積電國票99購01,0,0,0,0,0,0,0,0,0,-182000,0,0,0,316000,498000,-182000,-182000
054052,日月光元大96購06,0,0,0,0,0,0,0,0,0,-182000,0,0,0,142000,324000,-182000,-182000
05719P,可成元大96售03  ,0,0,0,0,0,0,0,0,0,-183000,0,0,0,94000,277000,-183000,-183000
050333,鴻海國泰96購06  ,0,0,0,0,0,0,0,0,0,-183000,0,0,0,50000,233000,-183000,-183000
053797,台積電中信98購01,0,0,0,0,0,0,0,0,0,-183000,0,0,0,23000,206000,-183000,-183000
054285,國巨元大98購02  ,0,0,0,0,0,0,0,0,0,-183000,0,0,0,240000,423000,-183000,-183000
2453,凌群            ,34000,217000,-183000,0,0,0,0,0,0,0,0,0,0,0,0,0,-183000
05580P,美律凱基96售03  ,0,0,0,0,0,0,0,0,0,-184000,0,0,0,0,184000,-184000,-184000
00665L,富邦恒生國企正2 ,54000,69000,-15000,0,0,0,0,0,0,-169000,0,0,0,36000,205000,-169000,-184000
044429,元金2X元大94購04,0,0,0,0,0,0,0,0,0,-184000,0,0,0,389000,573000,-184000,-184000
052922,國巨永豐96購01  ,0,0,0,0,0,0,0,0,0,-184000,0,0,0,127000,311000,-184000,-184000
06276P,臺股指凱基97售08,0,0,0,0,0,0,0,0,0,-184000,0,0,0,10000,194000,-184000,-184000
06719P,台灣50群益9A售01,0,0,0,0,0,0,0,0,0,-184000,0,0,0,1000,185000,-184000,-184000
05711P,茂林國票97售03  ,0,0,0,0,0,0,0,0,0,-185000,0,0,0,0,185000,-185000,-185000
05199P,訊芯永豐95售02  ,0,0,0,0,0,0,0,0,0,-185000,0,0,0,39000,224000,-185000,-185000
053990,晶技兆豐96購01  ,0,0,0,0,0,0,0,0,0,-185000,0,0,0,3000,188000,-185000,-185000
054112,台積電麥證96購02,0,0,0,10000,195000,-185000,0,0,0,-185000,0,0,0,10000,195000,-185000,-185000
056478,晶技元大99購01  ,0,0,0,0,0,0,0,0,0,-186000,0,0,0,171000,357000,-186000,-186000
050618,緯創元大95購01  ,0,0,0,0,0,0,0,0,0,-186000,0,0,0,0,186000,-186000,-186000
052942,聯發科中信97購04,0,0,0,0,0,0,0,0,0,-186000,0,0,0,660000,846000,-186000,-186000
2006,東和鋼鐵        ,230000,416000,-186000,0,0,0,5000,0,5000,-5000,0,5000,-5000,0,0,0,-186000
056565,欣興群益98購03  ,0,0,0,0,0,0,0,0,0,-187000,0,0,0,31000,218000,-187000,-187000
05758P,光罩永豐96售02  ,0,0,0,0,0,0,0,0,0,-187000,0,0,0,116000,303000,-187000,-187000
06374P,台表科元大97售06,0,0,0,0,0,0,0,0,0,-187000,0,0,0,17000,204000,-187000,-187000
056390,台積電富邦9B購01,0,0,0,0,0,0,0,0,0,-188000,0,0,0,14000,202000,-188000,-188000
05550P,臺股指元大96售07,0,0,0,0,0,0,0,0,0,-188000,0,0,0,0,188000,-188000,-188000
05430P,台積電統一95售07,0,0,0,0,0,0,0,0,0,-188000,0,0,0,19000,207000,-188000,-188000
054954,華新科元大97購06,0,0,0,0,0,0,0,0,0,-188000,0,0,0,53000,241000,-188000,-188000
055892,國巨統一99購01  ,0,0,0,0,0,0,0,0,0,-189000,0,0,0,85000,274000,-189000,-189000
04687P,全新凱基94售02  ,0,0,0,0,0,0,0,0,0,-189000,0,0,0,223000,412000,-189000,-189000
04974P,聯發科凱基96售02,0,0,0,0,0,0,0,0,0,-189000,0,0,0,385000,574000,-189000,-189000
055265,玉晶光永豐98購03,0,0,0,0,0,0,0,0,0,-189000,0,0,0,31000,220000,-189000,-189000
054702,智邦第一97購01  ,0,0,0,0,0,0,0,0,0,-189000,0,0,0,71000,260000,-189000,-189000
055948,道瓊銀元大98購02,0,0,0,0,0,0,0,0,0,-190000,0,0,0,10000,200000,-190000,-190000
047541,深中小凱基94購01,0,0,0,0,0,0,0,0,0,-190000,0,0,0,0,190000,-190000,-190000
047898,嘉澤群益93購02  ,0,0,0,0,0,0,0,0,0,-190000,0,0,0,15000,205000,-190000,-190000
052639,康控凱基96購02  ,0,0,0,0,0,0,0,0,0,-190000,0,0,0,0,190000,-190000,-190000
054462,旺宏凱基96購08  ,0,0,0,0,0,0,0,0,0,-190000,0,0,0,0,190000,-190000,-190000
055329,百和國票98購01  ,0,0,0,0,0,0,0,0,0,-190000,0,0,0,110000,300000,-190000,-190000
05990P,台積電群益96售13,0,0,0,0,0,0,0,0,0,-190000,0,0,0,156000,346000,-190000,-190000
055553,聯發科凱基97購05,0,0,0,0,0,0,0,0,0,-191000,0,0,0,0,191000,-191000,-191000
057693,臺股指凱基98購11,0,0,0,0,0,0,0,0,0,-191000,0,0,0,0,191000,-191000,-191000
057206,立積元富98購01  ,0,0,0,0,0,0,0,0,0,-191000,0,0,0,0,191000,-191000,-191000
04489P,大立光凱基94售03,0,0,0,0,0,0,0,0,0,-191000,0,0,0,0,191000,-191000,-191000
052597,茂林群益96購01  ,0,0,0,0,0,0,0,0,0,-191000,0,0,0,72000,263000,-191000,-191000
04998P,京元電永豐95售01,0,0,0,0,0,0,0,0,0,-191000,0,0,0,0,191000,-191000,-191000
050243,華新科凱基94購10,0,0,0,0,0,0,0,0,0,-191000,0,0,0,35000,226000,-191000,-191000
06008P,燿華統一96售04  ,0,0,0,0,0,0,0,0,0,-191000,0,0,0,0,191000,-191000,-191000
04723P,美律凱基94售06  ,0,0,0,0,0,0,0,0,0,-192000,0,0,0,6000,198000,-192000,-192000
06274P,臺股指凱基97售06,0,0,0,0,0,0,0,0,0,-192000,0,0,0,0,192000,-192000,-192000
06164P,臺股指凱基97售04,0,0,0,0,0,0,0,0,0,-192000,0,0,0,0,192000,-192000,-192000
06469P,臺股指凱基99售09,0,0,0,0,0,0,0,0,0,-192000,0,0,0,2000,194000,-192000,-192000
6166,凌華            ,30000,285000,-255000,0,0,0,0,0,0,63000,68000,0,68000,0,5000,-5000,-192000
4426,利勤            ,12000,199000,-187000,0,0,0,0,0,0,-5000,0,0,0,0,5000,-5000,-192000
05701P,彩晶凱基96售01  ,0,0,0,0,0,0,0,0,0,-193000,0,0,0,175000,368000,-193000,-193000
04491P,光磊康和94售01  ,0,0,0,0,0,0,0,0,0,-193000,0,0,0,0,193000,-193000,-193000
047569,世紀鋼國票94購02,0,0,0,0,0,0,0,0,0,-193000,0,0,0,6000,199000,-193000,-193000
052207,台郡中信95購02  ,0,0,0,0,0,0,0,0,0,-193000,0,0,0,110000,303000,-193000,-193000
05155P,聯發科兆豐95售03,0,0,0,0,0,0,0,0,0,-193000,0,0,0,0,193000,-193000,-193000
2421,建準            ,478000,570000,-92000,0,0,0,0,0,0,-101000,0,33000,-33000,0,68000,-68000,-193000
3056,總太            ,171000,366000,-195000,0,0,0,0,0,0,2000,6000,4000,2000,0,0,0,-193000
055734,奇力新元富97購02,0,0,0,0,0,0,0,0,0,-194000,0,0,0,198000,392000,-194000,-194000
056647,晶技凱基98購02  ,0,0,0,0,0,0,0,0,0,-194000,0,0,0,41000,235000,-194000,-194000
2436,偉詮電          ,38000,231000,-193000,0,0,0,0,0,0,-1000,0,1000,-1000,0,0,0,-194000
04821P,臺股指永豐94售01,0,0,0,0,0,0,0,0,0,-195000,0,0,0,422000,617000,-195000,-195000
00702,國泰標普低波高息,2000,0,2000,0,0,0,0,0,0,-197000,0,0,0,5000,202000,-197000,-195000
051438,喬山元大95購03  ,0,0,0,0,0,0,0,0,0,-195000,0,0,0,0,195000,-195000,-195000
3413,京鼎            ,51000,169000,-118000,0,0,0,20000,0,20000,-97000,10000,44000,-34000,1000,64000,-63000,-195000
06793P,臺股指凱基98售03,0,0,0,0,0,0,0,0,0,-195000,0,0,0,0,195000,-195000,-195000
055593,華新科元大97購10,0,0,0,0,0,0,0,0,0,-196000,0,0,0,1014000,1210000,-196000,-196000
054380,世芯群益97購02  ,0,0,0,0,0,0,0,0,0,-196000,0,0,0,139000,335000,-196000,-196000
054372,南亞科中信96購01,0,0,0,0,0,0,0,0,0,-196000,0,0,0,4000,200000,-196000,-196000
06088P,建準永豐97售01  ,0,0,0,0,0,0,0,0,0,-196000,0,0,0,0,196000,-196000,-196000
051097,嘉聯益元大96購02,0,0,0,0,0,0,0,0,0,-197000,0,0,0,129000,326000,-197000,-197000
049524,可成兆豐95購02  ,0,0,0,0,0,0,0,0,0,-197000,0,0,0,13000,210000,-197000,-197000
04980P,臺股指凱基96售08,0,0,0,0,0,0,0,0,0,-197000,0,0,0,755000,952000,-197000,-197000
056562,奇力新群益98購01,0,0,0,0,0,0,0,0,0,-198000,0,0,0,61000,259000,-198000,-198000
057754,臺股指國票98購10,0,0,0,0,0,0,0,0,0,-198000,0,0,0,9000,207000,-198000,-198000
057510,泰碩統一98購02  ,5000,1000,4000,0,0,0,0,0,0,-202000,0,0,0,39000,241000,-202000,-198000
058038,滬深反元大98購01,0,0,0,0,0,0,0,0,0,-198000,0,0,0,0,198000,-198000,-198000
052755,滬深2X群益9A購01,0,0,0,0,0,0,0,0,0,-199000,0,0,0,1000,200000,-199000,-199000
051456,鈺齊元大95購01  ,0,0,0,0,0,0,0,0,0,-199000,0,0,0,7000,206000,-199000,-199000
054923,晶技凱基98購01  ,0,0,0,0,0,0,0,0,0,-199000,0,0,0,0,199000,-199000,-199000
053153,大立光元大99購02,0,0,0,0,0,0,0,0,0,-199000,0,0,0,37000,236000,-199000,-199000
053172,瑞儀群益97購01  ,0,0,0,0,0,0,0,0,0,-199000,0,0,0,10000,209000,-199000,-199000
053805,奇鋐凱基98購02  ,0,0,0,0,0,0,0,0,0,-199000,0,0,0,0,199000,-199000,-199000
056758,元石油元大98購02,0,0,0,0,0,0,0,0,0,-200000,0,0,0,0,200000,-200000,-200000
056948,旺宏統一9A購01  ,0,0,0,0,0,0,0,0,0,-200000,0,0,0,0,200000,-200000,-200000
056490,台積電國泰99購01,0,0,0,0,0,0,0,0,0,-200000,0,0,0,0,200000,-200000,-200000
043599,宏達電元大93購03,0,0,0,0,0,0,0,0,0,-200000,0,0,0,0,200000,-200000,-200000
045168,欣興中信93購02  ,0,0,0,0,0,0,0,0,0,-200000,0,0,0,0,200000,-200000,-200000
045410,華邦電群益94購01,0,0,0,0,0,0,0,0,0,-200000,0,0,0,0,200000,-200000,-200000
044364,超眾中信94購01  ,0,0,0,0,0,0,0,0,0,-200000,0,0,0,0,200000,-200000,-200000
047530,智伸科元大93購04,0,0,0,0,0,0,0,0,0,-200000,0,0,0,0,200000,-200000,-200000
051280,台積電兆豐95購04,0,0,0,0,0,0,0,0,0,-200000,0,0,0,105000,305000,-200000,-200000
050764,鴻海元大94購27  ,0,0,0,0,0,0,0,0,0,-200000,0,0,0,0,200000,-200000,-200000
051171,T50反1第一95購01,0,0,0,0,0,0,0,0,0,-200000,0,0,0,0,200000,-200000,-200000
052508,矽力日盛95購02  ,0,0,0,0,0,0,0,0,0,-200000,0,0,0,0,200000,-200000,-200000
052335,新光金日盛95購02,0,0,0,0,0,0,0,0,0,-200000,0,0,0,0,200000,-200000,-200000
050405,新光金麥證94購01,0,0,0,25000,225000,-200000,0,0,0,-200000,0,0,0,25000,225000,-200000,-200000
049903,大立光元富94購06,0,0,0,0,0,0,0,0,0,-200000,0,0,0,0,200000,-200000,-200000
050424,鴻海凱基96購03  ,0,0,0,0,0,0,0,0,0,-200000,0,0,0,0,200000,-200000,-200000
050466,瑞儀中信94購01  ,0,0,0,0,0,0,0,0,0,-200000,0,0,0,0,200000,-200000,-200000
050113,欣興元大95購05  ,0,0,0,0,0,0,0,0,0,-200000,0,0,0,6000,206000,-200000,-200000
049279,元油2X國票94購02,0,0,0,0,0,0,0,0,0,-200000,0,0,0,2545000,2745000,-200000,-200000
05361P,聯發科富邦97售01,0,0,0,0,0,0,0,0,0,-200000,0,0,0,0,200000,-200000,-200000
054943,群光元大97購01  ,0,0,0,0,0,0,0,0,0,-200000,0,0,0,10000,210000,-200000,-200000
055170,光磊統一97購01  ,0,0,0,0,0,0,0,0,0,-200000,0,0,0,48000,248000,-200000,-200000
055241,T50反1統一99購01,0,0,0,0,0,0,0,0,0,-200000,0,0,0,0,200000,-200000,-200000
055444,致新台新97購01  ,0,0,0,0,0,0,0,0,0,-200000,0,0,0,0,200000,-200000,-200000
058094,祥碩元大98購09  ,0,0,0,0,0,0,0,0,0,-200000,0,0,0,7000,207000,-200000,-200000
06223P,漢唐元富97售02  ,0,0,0,0,0,0,0,0,0,-200000,0,0,0,6000,206000,-200000,-200000
06875P,台灣50永昌9A售02,0,0,0,0,0,0,0,0,0,-200000,0,0,0,30000,230000,-200000,-200000
2107,厚生            ,51000,222000,-171000,0,0,0,0,0,0,-29000,0,29000,-29000,0,0,0,-200000
1717,長興            ,209000,436000,-227000,0,0,0,8000,0,8000,18000,18000,0,18000,0,0,0,-201000
06766P,玉晶光元大99售10,0,0,0,0,0,0,0,0,0,-201000,0,0,0,0,201000,-201000,-201000
06310P,精元元富97售02  ,1000,0,1000,0,0,0,0,0,0,-202000,0,0,0,30000,232000,-202000,-201000
056835,聯電元富99購01  ,0,0,0,0,0,0,0,0,0,-202000,0,0,0,103000,305000,-202000,-202000
04891P,友達元大94售01  ,0,0,0,0,0,0,0,0,0,-202000,0,0,0,0,202000,-202000,-202000
052058,臺股指凱基95購16,0,0,0,0,0,0,0,0,0,-202000,0,0,0,0,202000,-202000,-202000
049826,光磊凱基94購02  ,0,0,0,0,0,0,0,0,0,-202000,0,0,0,71000,273000,-202000,-202000
06157P,聯鈞統一97售02  ,0,0,0,0,0,0,0,0,0,-202000,0,0,0,60000,262000,-202000,-202000
06073P,健策永豐97售01  ,0,0,0,0,0,0,0,0,0,-202000,0,0,0,78000,280000,-202000,-202000
3033,威健            ,55000,229000,-174000,0,0,0,0,0,0,-28000,0,28000,-28000,0,0,0,-202000
056200,大毅永豐98購01  ,0,0,0,0,0,0,0,0,0,-203000,0,0,0,141000,344000,-203000,-203000
048872,玉晶光國票94購02,0,0,0,0,0,0,0,0,0,-203000,0,0,0,30000,233000,-203000,-203000
055022,精元國泰99購01  ,0,0,0,0,0,0,0,0,0,-203000,0,0,0,100000,303000,-203000,-203000
05347P,滬深2X元富9B售02,0,0,0,0,0,0,0,0,0,-203000,0,0,0,161000,364000,-203000,-203000
06491P,台積電富邦99售02,0,0,0,0,0,0,0,0,0,-203000,0,0,0,0,203000,-203000,-203000
048553,光磊元大93購03  ,0,0,0,0,0,0,0,0,0,-204000,0,0,0,68000,272000,-204000,-204000
3661,世芯-KY         ,822000,970000,-148000,0,0,0,80000,0,80000,-136000,42000,52000,-10000,54000,180000,-126000,-204000
04782P,智伸科統一96售01,0,0,0,0,0,0,0,0,0,-205000,0,0,0,82000,287000,-205000,-205000
049114,玉晶光統一94購02,0,0,0,0,0,0,0,0,0,-205000,0,0,0,277000,482000,-205000,-205000
050104,元石油元大97購02,0,0,0,0,0,0,0,0,0,-206000,0,0,0,145000,351000,-206000,-206000
053187,國巨統一96購05  ,0,0,0,0,0,0,0,0,0,-206000,0,0,0,96000,302000,-206000,-206000
054982,國巨元富97購03  ,0,0,0,0,0,0,0,0,0,-206000,0,0,0,605000,811000,-206000,-206000
06492P,上銀永豐98售01  ,0,0,0,0,0,0,0,0,0,-206000,0,0,0,52000,258000,-206000,-206000
056436,台積電凱基98購10,0,0,0,0,0,0,0,0,0,-207000,0,0,0,345000,552000,-207000,-207000
056659,泰碩元大99購01  ,0,0,0,0,0,0,0,0,0,-207000,0,0,0,674000,881000,-207000,-207000
055917,禾伸堂凱基98購02,0,0,0,0,0,0,0,0,0,-207000,0,0,0,0,207000,-207000,-207000
05119P,聯發科國泰96售02,0,0,0,0,0,0,0,0,0,-207000,0,0,0,184000,391000,-207000,-207000
2538,基泰            ,4000,213000,-209000,0,0,0,0,0,0,2000,2000,0,2000,0,0,0,-207000
056066,奇鋐元大98購02  ,0,0,0,0,0,0,0,0,0,-208000,0,0,0,37000,245000,-208000,-208000
056398,南茂永豐98購01  ,0,0,0,0,0,0,0,0,0,-208000,0,0,0,0,208000,-208000,-208000
2442,新美齊          ,136000,345000,-209000,0,0,0,1000,0,1000,0,0,0,0,0,0,0,-208000
054467,隆達凱基97購01  ,0,0,0,0,0,0,0,0,0,-209000,0,0,0,11000,220000,-209000,-209000
06339P,上銀統一97售06  ,0,0,0,0,0,0,0,0,0,-209000,0,0,0,0,209000,-209000,-209000
056059,美律元大98購02  ,0,0,0,0,0,0,0,0,0,-210000,0,0,0,0,210000,-210000,-210000
057083,立積統一98購01  ,0,0,0,0,0,0,0,0,0,-210000,0,0,0,262000,472000,-210000,-210000
049190,元油2X永豐94購04,0,0,0,0,0,0,0,0,0,-210000,0,0,0,1527000,1737000,-210000,-210000
052658,友達元富9C購01  ,0,0,0,0,0,0,0,0,0,-210000,0,0,0,70000,280000,-210000,-210000
053190,聯發科統一99購01,0,0,0,0,0,0,0,0,0,-210000,0,0,0,0,210000,-210000,-210000
06418P,T50反1統一9A售02,0,0,0,0,0,0,0,0,0,-210000,0,0,0,5000,215000,-210000,-210000
3535,晶彩科          ,42000,251000,-209000,0,0,0,0,0,0,-1000,0,1000,-1000,0,0,0,-210000
9188,精熙-DR         ,0,210000,-210000,0,0,0,0,0,0,0,0,0,0,0,0,0,-210000
05782P,聯詠元富96售02  ,0,0,0,0,0,0,0,0,0,-211000,0,0,0,0,211000,-211000,-211000
00650L,FH香港正2       ,0,0,0,0,0,0,0,0,0,-211000,0,0,0,137000,348000,-211000,-211000
050519,旺宏元大95購03  ,0,0,0,0,0,0,0,0,0,-211000,0,0,0,23000,234000,-211000,-211000
052923,台積電永豐96購02,0,0,0,0,0,0,0,0,0,-211000,0,0,0,208000,419000,-211000,-211000
03996P,旺宏國泰95售01  ,0,0,0,0,0,0,0,0,0,-212000,0,0,0,0,212000,-212000,-212000
052286,力成凱基95購02  ,0,0,0,0,0,0,0,0,0,-212000,0,0,0,2000,214000,-212000,-212000
054120,奇力新永豐96購01,0,0,0,0,0,0,0,0,0,-212000,0,0,0,72000,284000,-212000,-212000
1560,中砂            ,25000,237000,-212000,0,0,0,0,0,0,0,0,0,0,0,0,0,-212000
06933P,禾伸堂元大98售03,0,0,0,0,0,0,0,0,0,-212000,0,0,0,0,212000,-212000,-212000
00653L,富邦印度正2     ,0,145000,-145000,0,0,0,0,0,0,-68000,0,0,0,48000,116000,-68000,-213000
052066,華邦電兆豐96購01,0,0,0,0,0,0,0,0,0,-213000,0,0,0,0,213000,-213000,-213000
052845,旺宏統一97購01  ,0,0,0,0,0,0,0,0,0,-213000,0,0,0,0,213000,-213000,-213000
053005,微星永豐96購01  ,0,0,0,0,0,0,0,0,0,-213000,0,0,0,136000,349000,-213000,-213000
057891,華新科統一9A購01,0,0,0,0,0,0,0,0,0,-213000,0,0,0,7000,220000,-213000,-213000
05714P,群創統一97售03  ,0,0,0,0,0,0,0,0,0,-214000,0,0,0,50000,264000,-214000,-214000
057025,華新科凱基98購04,0,0,0,0,0,0,0,0,0,-214000,0,0,0,113000,327000,-214000,-214000
05698P,群創凱基96售01  ,0,0,0,0,0,0,0,0,0,-214000,0,0,0,285000,499000,-214000,-214000
055650,華新科元富98購01,0,0,0,0,0,0,0,0,0,-214000,0,0,0,549000,763000,-214000,-214000
054073,群創富邦96購03  ,0,0,0,0,0,0,0,0,0,-214000,0,0,0,243000,457000,-214000,-214000
05453P,智邦群益95售03  ,0,0,0,0,0,0,0,0,0,-214000,0,0,0,18000,232000,-214000,-214000
05490P,鴻海元大95售23  ,0,0,0,0,0,0,0,0,0,-214000,0,0,0,76000,290000,-214000,-214000
055340,華新科日盛97購01,20000,0,20000,0,0,0,0,0,0,-234000,0,0,0,89000,323000,-234000,-214000
2441,超豐            ,165000,351000,-186000,0,0,0,6000,0,6000,-34000,3000,37000,-34000,0,0,0,-214000
2347,聯強            ,3087200,4442354,-1355154,0,0,0,4000,0,4000,1137000,0,30000,-30000,1167000,0,1167000,-214154
055871,群創台新97購02  ,0,0,0,0,0,0,0,0,0,-215000,0,0,0,0,215000,-215000,-215000
053649,台積電凱基97購05,0,0,0,0,0,0,0,0,0,-215000,0,0,0,0,215000,-215000,-215000
053604,臺股指元大96購21,0,0,0,0,0,0,0,0,0,-215000,0,0,0,0,215000,-215000,-215000
05971P,世紀鋼永豐96售04,0,0,0,0,0,0,0,0,0,-215000,0,0,0,14000,229000,-215000,-215000
06738P,瑞昱兆豐98售02  ,0,0,0,0,0,0,0,0,0,-215000,0,0,0,39000,254000,-215000,-215000
052744,聯詠元大97購01  ,0,0,0,0,0,0,0,0,0,-216000,0,0,0,244000,460000,-216000,-216000
054204,元金2X國票9B購02,0,0,0,0,0,0,0,0,0,-216000,0,0,0,132000,348000,-216000,-216000
05496P,聯詠統一95售04  ,0,3000,-3000,0,0,0,0,0,0,-213000,0,0,0,3000,216000,-213000,-216000
06320P,上銀統一97售04  ,0,0,0,0,0,0,0,0,0,-216000,0,0,0,0,216000,-216000,-216000
1711,永光            ,46000,258000,-212000,0,0,0,0,0,0,-4000,1000,5000,-4000,0,0,0,-216000
2897,王道銀行        ,29000,256000,-227000,0,0,0,12000,0,12000,-1000,6000,7000,-1000,0,0,0,-216000
055696,華新科國票98購01,0,0,0,0,0,0,0,0,0,-218000,0,0,0,58000,276000,-218000,-218000
050445,鴻海元大94購21  ,0,0,0,0,0,0,0,0,0,-218000,0,0,0,100000,318000,-218000,-218000
049799,旺宏元大96購01  ,0,0,0,0,0,0,0,0,0,-218000,0,0,0,82000,300000,-218000,-218000
04402P,TPK兆豐95售01   ,0,0,0,0,0,0,0,0,0,-219000,0,0,0,15000,234000,-219000,-219000
053286,臺股指元大96購14,0,0,0,0,0,0,0,0,0,-219000,0,0,0,59000,278000,-219000,-219000
1519,華城            ,129000,384000,-255000,0,0,0,36000,0,36000,0,0,0,0,0,0,0,-219000
046154,道瓊指群益94購01,0,0,0,0,0,0,0,0,0,-220000,0,0,0,0,220000,-220000,-220000
048973,禾伸堂元大94購01,0,0,0,0,0,0,0,0,0,-220000,0,0,0,0,220000,-220000,-220000
052114,華固中信95購01  ,0,0,0,0,0,0,0,0,0,-220000,0,0,0,0,220000,-220000,-220000
05311P,臺股指群益95售10,0,0,0,0,0,0,0,0,0,-220000,0,0,0,30000,250000,-220000,-220000
3437,榮創            ,130000,350000,-220000,0,0,0,0,0,0,0,0,0,0,0,0,0,-220000
054853,TPK國票98購02   ,0,0,0,0,0,0,0,0,0,-221000,0,0,0,0,221000,-221000,-221000
6698,旭暉應材        ,5000,34000,-29000,0,0,0,0,0,0,-193000,0,193000,-193000,0,0,0,-222000
052943,奇力新國票96購02,0,0,0,0,0,0,0,0,0,-223000,0,0,0,14000,237000,-223000,-223000
051977,泰碩凱基95購01  ,0,0,0,0,0,0,0,0,0,-224000,0,0,0,5000,229000,-224000,-224000
051455,樺漢元大96購01  ,0,0,0,0,0,0,0,0,0,-224000,0,0,0,35000,259000,-224000,-224000
3031,佰鴻            ,4000,228000,-224000,0,0,0,0,0,0,0,0,0,0,0,0,0,-224000
057737,國巨富邦99購02  ,0,140000,-140000,0,0,0,0,0,0,-85000,0,0,0,700000,785000,-85000,-225000
049146,南亞科元大94購02,0,0,0,0,0,0,0,0,0,-225000,0,0,0,75000,300000,-225000,-225000
05163P,聯發科統一96售02,0,0,0,0,0,0,0,0,0,-225000,0,0,0,149000,374000,-225000,-225000
053257,華通富邦97購01  ,0,0,0,0,0,0,0,0,0,-225000,0,0,0,0,225000,-225000,-225000
054774,同欣電國票98購01,0,0,0,0,0,0,0,0,0,-225000,0,0,0,23000,248000,-225000,-225000
06127P,泰碩元富97售01  ,0,0,0,0,0,0,0,0,0,-225000,0,0,0,114000,339000,-225000,-225000
04411P,智易統一96售01  ,0,0,0,0,0,0,0,0,0,-226000,0,0,0,0,226000,-226000,-226000
03050X,元展47          ,0,0,0,0,0,0,0,0,0,-226000,0,0,0,0,226000,-226000,-226000
054371,台積電中信9C購01,0,0,0,0,0,0,0,0,0,-226000,0,0,0,298000,524000,-226000,-226000
054623,華新科第一97購01,0,0,0,0,0,0,0,0,0,-227000,0,0,0,148000,375000,-227000,-227000
06739P,聯詠兆豐98售02  ,0,0,0,0,0,0,0,0,0,-227000,0,0,0,8000,235000,-227000,-227000
6412,群電            ,279000,510000,-231000,0,0,0,2000,0,2000,2000,2000,1000,1000,1000,0,1000,-227000
055981,臺股指統一97購03,0,0,0,0,0,0,0,0,0,-228000,0,0,0,0,228000,-228000,-228000
05124P,華新科富邦97售02,0,0,0,0,0,0,0,0,0,-228000,0,0,0,37000,265000,-228000,-228000
052383,臺股指元大95購29,0,0,0,0,0,0,0,0,0,-228000,0,0,0,125000,353000,-228000,-228000
5215,科嘉-KY         ,57000,164000,-107000,0,0,0,0,116000,-116000,-5000,0,5000,-5000,0,0,0,-228000
06364P,鴻海凱基97售08  ,0,0,0,0,0,0,0,0,0,-228000,0,0,0,304000,532000,-228000,-228000
06389P,聯發科兆豐97售01,0,0,0,0,0,0,0,0,0,-228000,0,0,0,8000,236000,-228000,-228000
051380,禾伸堂群益95購01,0,0,0,0,0,0,0,0,0,-229000,0,0,0,0,229000,-229000,-229000
053282,彩晶元大9C購01  ,0,0,0,0,0,0,0,0,0,-229000,0,0,0,0,229000,-229000,-229000
052828,滬深2X群益9A購02,0,0,0,0,0,0,0,0,0,-229000,0,0,0,1000,230000,-229000,-229000
4155,訊映            ,72000,301000,-229000,0,0,0,0,0,0,0,0,0,0,0,0,0,-229000
044247,道瓊反元富97購01,0,0,0,0,0,0,0,0,0,-230000,0,0,0,20000,250000,-230000,-230000
051473,台積電凱基95購10,0,0,0,0,0,0,0,0,0,-230000,0,0,0,0,230000,-230000,-230000
053126,健策凱基97購02  ,0,0,0,0,0,0,0,0,0,-230000,0,0,0,0,230000,-230000,-230000
055212,和大凱基97購02  ,0,0,0,0,0,0,0,0,0,-230000,0,0,0,20000,250000,-230000,-230000
3563,牧德            ,50000,139000,-89000,0,0,0,1000,87000,-86000,-55000,0,24000,-24000,11000,42000,-31000,-230000
06653P,美食元大98售02  ,0,0,0,0,0,0,0,0,0,-230000,0,0,0,9000,239000,-230000,-230000
6452,康友-KY         ,126000,290000,-164000,0,0,0,0,0,0,-67000,0,0,0,7000,74000,-67000,-231000
051487,健策凱基96購03  ,0,0,0,0,0,0,0,0,0,-232000,0,0,0,30000,262000,-232000,-232000
04610P,世紀鋼永豐94售03,0,0,0,0,0,0,0,0,0,-232000,0,0,0,1000,233000,-232000,-232000
049100,華新科國泰96購01,0,0,0,0,0,0,0,0,0,-232000,0,0,0,0,232000,-232000,-232000
053443,智邦凱基97購01  ,0,0,0,0,0,0,0,0,0,-232000,0,0,0,30000,262000,-232000,-232000
06118P,上証2X凱基98售03,0,0,0,0,0,0,0,0,0,-233000,0,0,0,63000,296000,-233000,-233000
05694P,台積電凱基96售09,0,0,0,0,0,0,0,0,0,-234000,0,0,0,461000,695000,-234000,-234000
06505P,康控國票99售02  ,0,0,0,0,0,0,0,0,0,-234000,0,0,0,0,234000,-234000,-234000
6558,興能高          ,104000,338000,-234000,0,0,0,0,0,0,0,0,0,0,0,0,0,-234000
1476,儒鴻            ,189000,425187,-236187,0,0,0,1000,0,1000,1000,3000,2000,1000,2000,2000,0,-234187
04876P,台光電中信94售02,0,0,0,0,0,0,0,0,0,-235000,0,0,0,0,235000,-235000,-235000
05742P,可成元大96售04  ,0,0,0,0,0,0,0,0,0,-237000,0,0,0,576000,813000,-237000,-237000
052371,元金2X元大95購01,0,0,0,0,0,0,0,0,0,-237000,0,0,0,23000,260000,-237000,-237000
05980P,台積電永昌96售09,0,0,0,0,0,0,0,0,0,-237000,0,0,0,7788000,8025000,-237000,-237000
045021,臺股指中信94購02,0,0,0,0,0,0,0,0,0,-238000,0,0,0,50000,288000,-238000,-238000
051066,台積電國票96購02,0,0,0,0,0,0,0,0,0,-238000,0,0,0,189000,427000,-238000,-238000
051106,華通統一95購02  ,0,0,0,0,0,0,0,0,0,-238000,0,0,0,0,238000,-238000,-238000
2484,希華            ,7000,245000,-238000,0,0,0,0,0,0,-1000,0,1000,-1000,0,0,0,-239000
6005,群益證          ,866000,1174000,-308000,0,0,0,69000,0,69000,0,0,0,0,0,0,0,-239000
049237,元油2X元富96購07,0,0,0,0,0,0,0,0,0,-240000,0,0,0,0,240000,-240000,-240000
055152,旺宏元大98購04  ,0,0,0,0,0,0,0,0,0,-240000,0,0,0,121000,361000,-240000,-240000
5531,鄉林            ,87000,327000,-240000,0,0,0,0,0,0,0,0,0,0,0,0,0,-240000
2617,台航            ,3000,237000,-234000,0,0,0,0,0,0,-6000,0,6000,-6000,0,0,0,-240000
06624P,訊芯元大98售06  ,0,0,0,0,0,0,0,0,0,-240000,0,0,0,0,240000,-240000,-240000
054192,國巨中信98購01  ,0,0,0,0,0,0,0,0,0,-241000,0,0,0,17000,258000,-241000,-241000
056284,台積電永豐97購06,0,0,0,0,0,0,0,0,0,-242000,0,0,0,129000,371000,-242000,-242000
049986,嘉澤凱基94購02  ,0,0,0,0,0,0,0,0,0,-244000,0,0,0,16000,260000,-244000,-244000
06470P,臺股指凱基99售10,0,0,0,0,0,0,0,0,0,-245000,0,0,0,20000,265000,-245000,-245000
9935,慶豐富          ,137000,383000,-246000,0,0,0,0,0,0,1000,2000,1000,1000,0,0,0,-245000
05616P,台光電永豐96售01,0,0,0,0,0,0,0,0,0,-246000,0,0,0,161000,407000,-246000,-246000
053807,T50反1群益96購02,0,0,0,0,0,0,0,0,0,-246000,0,0,0,726000,972000,-246000,-246000
2399,映泰            ,65000,311000,-246000,0,0,0,0,0,0,0,0,0,0,0,0,0,-246000
06800P,台灣50群益9A售02,0,0,0,0,0,0,0,0,0,-246000,0,0,0,66000,312000,-246000,-246000
051357,可成元大95購05  ,0,0,0,0,0,0,0,0,0,-247000,0,0,0,120000,367000,-247000,-247000
044255,群創元大93購01  ,0,0,0,0,0,0,0,0,0,-248000,0,0,0,160000,408000,-248000,-248000
056886,元油2X元大99購04,0,0,0,0,0,0,0,0,0,-249000,0,0,0,50000,299000,-249000,-249000
00771,元大US高息特別股,0,0,0,0,0,0,0,0,0,-249000,0,0,0,23000,272000,-249000,-249000
04919P,聯詠凱基94售05  ,0,0,0,0,0,0,0,0,0,-249000,0,0,0,0,249000,-249000,-249000
053148,華邦電元大96購01,0,0,0,0,0,0,0,0,0,-249000,0,0,0,83000,332000,-249000,-249000
056325,群創兆豐9A購01  ,0,0,0,0,0,0,0,0,0,-250000,0,0,0,0,250000,-250000,-250000
05072P,聯電元富95售02  ,0,0,0,0,0,0,0,0,0,-250000,0,0,0,0,250000,-250000,-250000
051905,道瓊銀元大95購01,0,0,0,0,0,0,0,0,0,-250000,0,0,0,22000,272000,-250000,-250000
051916,和碩元大95購02  ,0,0,0,0,0,0,0,0,0,-250000,0,0,0,0,250000,-250000,-250000
052982,鴻海元大97購06  ,0,0,0,0,0,0,0,0,0,-250000,0,0,0,0,250000,-250000,-250000
056653,元石油元大98購01,0,0,0,0,0,0,0,0,0,-251000,0,0,0,110000,361000,-251000,-251000
049267,瀚宇博元大95購02,0,0,0,0,0,0,0,0,0,-251000,0,0,0,0,251000,-251000,-251000
05699P,茂林凱基96售05  ,0,0,0,0,0,0,0,0,0,-252000,0,0,0,50000,302000,-252000,-252000
057315,台灣50康和9A購03,0,0,0,0,0,0,0,0,0,-252000,0,0,0,0,252000,-252000,-252000
053882,聯發科中信98購02,0,0,0,0,0,0,0,0,0,-252000,0,0,0,0,252000,-252000,-252000
1527,鑽全            ,20000,269000,-249000,0,0,0,0,0,0,-3000,0,3000,-3000,0,0,0,-252000
05764P,世紀鋼永豐96售03,0,0,0,0,0,0,0,0,0,-253000,0,0,0,61000,314000,-253000,-253000
047676,臺股指元富99購01,0,0,0,0,0,0,0,0,0,-253000,0,0,0,3000,256000,-253000,-253000
057525,光磊元大99購01  ,0,0,0,0,0,0,0,0,0,-254000,0,0,0,462000,716000,-254000,-254000
04747P,臺股指元大94售22,0,0,0,0,0,0,0,0,0,-254000,0,0,0,616000,870000,-254000,-254000
00770,國泰北美科技    ,0,0,0,0,0,0,0,0,0,-254000,0,0,0,10000,264000,-254000,-254000
3052,夆典            ,47000,300000,-253000,0,0,0,0,0,0,-1000,0,1000,-1000,0,0,0,-254000
06625P,華新科統一98售03,0,0,0,0,0,0,0,0,0,-254000,0,0,0,155000,409000,-254000,-254000
056859,台積電群益98購02,0,0,0,0,0,0,0,0,0,-255000,0,0,0,426000,681000,-255000,-255000
049178,宏達電凱基94購02,0,0,0,0,0,0,0,0,0,-255000,0,0,0,40000,295000,-255000,-255000
053106,鴻海兆豐98購01  ,0,0,0,0,0,0,0,0,0,-255000,0,0,0,0,255000,-255000,-255000
06298P,聯發科元大97售20,0,0,0,0,0,0,0,0,0,-255000,0,0,0,0,255000,-255000,-255000
049463,華新科富邦97購01,0,0,0,0,0,0,0,0,0,-256000,0,0,0,96000,352000,-256000,-256000
057818,泰碩元大9A購01  ,0,0,0,0,0,0,0,0,0,-257000,0,0,0,173000,430000,-257000,-257000
054400,健策永豐96購02  ,0,0,0,0,0,0,0,0,0,-257000,0,0,0,76000,333000,-257000,-257000
6451,訊芯-KY         ,195000,299000,-104000,0,0,0,0,90000,-90000,-63000,5000,1000,4000,4000,71000,-67000,-257000
054685,國巨永豐97購02  ,0,0,0,0,0,0,0,0,0,-258000,0,0,0,1002000,1260000,-258000,-258000
06155P,智邦統一97售02  ,0,0,0,0,0,0,0,0,0,-258000,0,0,0,7000,265000,-258000,-258000
00656R,國泰中國A50反1  ,8000,0,8000,0,0,0,0,0,0,-267000,10000,0,10000,474000,751000,-277000,-259000
046011,欣興元富95購01  ,0,0,0,0,0,0,0,0,0,-259000,0,0,0,5000,264000,-259000,-259000
05110P,上銀統一95售01  ,0,0,0,0,0,0,0,0,0,-259000,0,0,0,148000,407000,-259000,-259000
05252P,華通凱基95售01  ,0,0,0,0,0,0,0,0,0,-259000,0,0,0,53000,312000,-259000,-259000
6239,力成            ,2433600,2611869,-178269,0,0,0,81000,100000,-19000,-62000,69000,102000,-33000,23000,52000,-29000,-259269
055644,致茂元富97購01  ,0,0,0,0,0,0,0,0,0,-260000,0,0,0,0,260000,-260000,-260000
051191,可成兆豐96購01  ,0,0,0,0,0,0,0,0,0,-260000,0,0,0,0,260000,-260000,-260000
050571,美食中信95購01  ,0,0,0,0,0,0,0,0,0,-260000,0,0,0,0,260000,-260000,-260000
052867,晶技凱基96購01  ,0,0,0,0,0,0,0,0,0,-260000,0,0,0,47000,307000,-260000,-260000
054015,晶豪科永豐96購03,0,0,0,0,0,0,0,0,0,-260000,0,0,0,0,260000,-260000,-260000
051451,世芯元大95購03  ,0,0,0,0,0,0,0,0,0,-261000,0,0,0,181000,442000,-261000,-261000
053298,SP黃豆凱基99購01,0,0,0,0,0,0,0,0,0,-261000,0,0,0,0,261000,-261000,-261000
055982,T50反1元富97購01,0,0,0,0,0,0,0,0,0,-262000,0,0,0,195000,457000,-262000,-262000
04764P,台光電台新94售01,0,0,0,0,0,0,0,0,0,-262000,0,0,0,0,262000,-262000,-262000
047971,南亞科富邦95購01,0,0,0,0,0,0,0,0,0,-263000,0,0,0,0,263000,-263000,-263000
053065,大立光群益96購01,0,0,0,0,0,0,0,0,0,-263000,0,0,0,38000,301000,-263000,-263000
047780,友達中信96購01  ,0,0,0,0,0,0,0,0,0,-264000,0,0,0,186000,450000,-264000,-264000
055825,臺股指國票97購12,0,0,0,0,0,0,0,0,0,-265000,0,0,0,460000,725000,-265000,-265000
047681,滬深反中信95購01,0,0,0,0,0,0,0,0,0,-265000,0,0,0,95000,360000,-265000,-265000
04956P,臺股指日盛94售02,0,0,0,0,0,0,0,0,0,-265000,0,0,0,2043000,2308000,-265000,-265000
03428P,台積電元大02售28,0,0,0,0,0,0,0,0,0,-266000,0,0,0,34000,300000,-266000,-266000
049538,元油2X群益98購01,0,0,0,0,0,0,0,0,0,-266000,0,0,0,227000,493000,-266000,-266000
06240P,奇力新元富97售03,0,0,0,0,0,0,0,0,0,-266000,0,0,0,136000,402000,-266000,-266000
045053,聯發科元富98購01,0,0,0,0,0,0,0,0,0,-267000,0,0,0,395000,662000,-267000,-267000
05921P,同欣電元大96售06,0,0,0,0,0,0,0,0,0,-267000,0,0,0,3000,270000,-267000,-267000
057292,國巨國泰9B購01  ,0,0,0,0,0,0,0,0,0,-268000,0,0,0,262000,530000,-268000,-268000
051991,泰碩元大95購02  ,0,0,0,0,0,0,0,0,0,-268000,0,0,0,136000,404000,-268000,-268000
2316,楠梓電          ,653000,692000,-39000,0,0,0,0,0,0,-229000,2000,27000,-25000,14000,218000,-204000,-268000
056462,訊芯凱基98購03  ,0,0,0,0,0,0,0,0,0,-270000,0,0,0,0,270000,-270000,-270000
048068,南亞科元富95購01,0,0,0,0,0,0,0,0,0,-270000,0,0,0,90000,360000,-270000,-270000
06046P,健策統一96售03  ,0,0,0,0,0,0,0,0,0,-270000,0,0,0,542000,812000,-270000,-270000
057462,光磊永豐98購02  ,0,0,0,0,0,0,0,0,0,-271000,0,0,0,309000,580000,-271000,-271000
050874,康控永豐95購01  ,0,0,0,0,0,0,0,0,0,-272000,0,0,0,19000,291000,-272000,-272000
05924P,超眾元富96售04  ,0,0,0,0,0,0,0,0,0,-272000,0,0,0,0,272000,-272000,-272000
057413,臺股指群益9C購04,0,0,0,0,0,0,0,0,0,-273000,0,0,0,21000,294000,-273000,-273000
054159,T50正2凱基99購01,0,0,0,0,0,0,0,0,0,-273000,0,0,0,14000,287000,-273000,-273000
055573,國巨統一97購06  ,0,0,0,0,0,0,0,0,0,-275000,0,0,0,245000,520000,-275000,-275000
06741P,台積電富邦98售04,0,0,0,0,0,0,0,0,0,-275000,0,0,0,205000,480000,-275000,-275000
052057,臺股指凱基95購15,0,0,0,0,0,0,0,0,0,-276000,0,0,0,35000,311000,-276000,-276000
054534,台積電富邦98購03,0,0,0,0,0,0,0,0,0,-276000,0,0,0,210000,486000,-276000,-276000
1103,嘉泥            ,529000,716000,-187000,0,0,0,0,0,0,-89000,0,89000,-89000,0,0,0,-276000
050708,臺股指凱基96購06,0,0,0,0,0,0,0,0,0,-277000,0,0,0,263000,540000,-277000,-277000
05805P,義隆永豐96售02  ,0,0,0,0,0,0,0,0,0,-277000,0,0,0,0,277000,-277000,-277000
6552,易華電          ,156000,414000,-258000,0,0,0,0,0,0,-19000,3000,16000,-13000,1000,7000,-6000,-277000
052269,T50反1日盛9B購01,0,0,0,0,0,0,0,0,0,-278000,0,0,0,1567000,1845000,-278000,-278000
055222,臺股指凱基97購05,0,0,0,0,0,0,0,0,0,-278000,0,0,0,0,278000,-278000,-278000
05304P,國巨國泰97售02  ,0,0,0,0,0,0,0,0,0,-278000,0,0,0,71000,349000,-278000,-278000
05405P,大立光群益95售04,0,0,0,0,0,0,0,0,0,-279000,0,0,0,20000,299000,-279000,-279000
057094,祥碩元富98購01  ,0,0,0,0,0,0,0,0,0,-280000,0,0,0,20000,300000,-280000,-280000
04857P,美律元富94售01  ,0,0,0,0,0,0,0,0,0,-280000,0,0,0,0,280000,-280000,-280000
054102,百和國票97購04  ,0,0,0,0,0,0,0,0,0,-280000,0,0,0,20000,300000,-280000,-280000
053650,華邦電凱基98購01,0,0,0,0,0,0,0,0,0,-280000,0,0,0,50000,330000,-280000,-280000
053244,光磊國票97購01  ,0,0,0,0,0,0,0,0,0,-280000,0,0,0,949000,1229000,-280000,-280000
058067,台積電第一9C購01,0,0,0,0,0,0,0,0,0,-280000,0,0,0,0,280000,-280000,-280000
2929,淘帝-KY         ,49000,323574,-274574,0,0,0,0,0,0,-6000,0,2000,-2000,0,4000,-4000,-280574
1536,和大            ,714000,595000,119000,0,0,0,9000,0,9000,-409000,0,330000,-330000,2000,81000,-79000,-281000
05007P,旺宏元富95售01  ,0,0,0,0,0,0,0,0,0,-282000,0,0,0,1000,283000,-282000,-282000
056377,智伸科統一9A購01,0,0,0,0,0,0,0,0,0,-283000,0,0,0,0,283000,-283000,-283000
2393,億光            ,400000,772000,-372000,0,0,0,0,0,0,89000,176000,33000,143000,16000,70000,-54000,-283000
2106,建大            ,81000,352000,-271000,0,0,0,0,0,0,-12000,0,12000,-12000,0,0,0,-283000
055758,旺宏群益97購01  ,0,0,0,0,0,0,0,0,0,-284000,0,0,0,40000,324000,-284000,-284000
053925,群創國票98購01  ,0,0,0,0,0,0,0,0,0,-284000,0,0,0,606000,890000,-284000,-284000
2605,新興            ,166000,453000,-287000,0,0,0,0,0,0,3000,0,0,0,3000,0,3000,-284000
055706,大立光永豐97購03,0,0,0,0,0,0,0,0,0,-285000,0,0,0,230000,515000,-285000,-285000
056501,貿聯富邦99購01  ,0,0,0,0,0,0,0,0,0,-285000,0,0,0,111000,396000,-285000,-285000
051505,台積電元富95購05,0,0,0,0,0,0,0,0,0,-285000,0,0,0,21000,306000,-285000,-285000
054593,滬深2X永昌9A購01,0,0,0,0,0,0,0,0,0,-285000,0,0,0,223000,508000,-285000,-285000
054961,玉晶光元大99購01,0,0,0,0,0,0,0,0,0,-287000,0,0,0,112000,399000,-287000,-287000
052832,益航群益96購01  ,0,0,0,0,0,0,0,0,0,-287000,0,0,0,175000,462000,-287000,-287000
05131P,聯詠統一97售01  ,0,0,0,0,0,0,0,0,0,-288000,0,0,0,8000,296000,-288000,-288000
06058P,玉晶光凱基97售04,0,0,0,0,0,0,0,0,0,-289000,0,0,0,16000,305000,-289000,-289000
055522,道瓊反群益01購01,0,0,0,0,0,0,0,0,0,-290000,0,0,0,6000,296000,-290000,-290000
04742P,瑞昱統一94售01  ,0,0,0,0,0,0,0,0,0,-290000,0,0,0,4000,294000,-290000,-290000
045994,康控富邦94購01  ,0,0,0,0,0,0,0,0,0,-290000,0,0,0,150000,440000,-290000,-290000
050123,群臺反凱基96購01,0,0,0,0,0,0,0,0,0,-290000,0,0,0,100000,390000,-290000,-290000
054606,台積電永豐97購02,0,0,0,0,0,0,0,0,0,-290000,0,0,0,380000,670000,-290000,-290000
055792,臺股指凱基97購15,0,0,0,0,0,0,0,0,0,-291000,0,0,0,105000,396000,-291000,-291000
048391,友訊國票94購01  ,0,0,0,0,0,0,0,0,0,-291000,0,0,0,131000,422000,-291000,-291000
053851,鴻海國泰98購03  ,0,0,0,0,0,0,0,0,0,-291000,0,0,0,175000,466000,-291000,-291000
051082,上証2X元大98購01,0,0,0,0,0,0,0,0,0,-292000,0,0,0,0,292000,-292000,-292000
053052,旺宏國票97購02  ,0,0,0,0,0,0,0,0,0,-293000,0,0,0,119000,412000,-293000,-293000
054067,百和國票97購03  ,0,0,0,0,0,0,0,0,0,-294000,0,0,0,369000,663000,-294000,-294000
1515,力山            ,491000,779000,-288000,0,0,0,0,0,0,-6000,0,0,0,4000,10000,-6000,-294000
05783P,嘉澤元富96售01  ,0,0,0,0,0,0,0,0,0,-295000,0,0,0,50000,345000,-295000,-295000
050797,聯發科中信99購01,0,0,0,0,0,0,0,0,0,-295000,0,0,0,15000,310000,-295000,-295000
06683P,訊芯元大98售07  ,0,0,0,0,0,0,0,0,0,-295000,0,0,0,307000,602000,-295000,-295000
2601,益航            ,295000,590000,-295000,0,0,0,0,0,0,-1000,0,1000,-1000,0,0,0,-296000
3605,宏致            ,45000,331000,-286000,0,0,0,0,0,0,-10000,5000,15000,-10000,0,0,0,-296000
055791,臺股指凱基97購14,0,0,0,0,0,0,0,0,0,-297000,0,0,0,4000,301000,-297000,-297000
051913,緯創元大96購01  ,0,0,0,0,0,0,0,0,0,-297000,0,0,0,10000,307000,-297000,-297000
04868P,可成統一94售03  ,0,0,0,0,0,0,0,0,0,-298000,0,0,0,0,298000,-298000,-298000
053001,力山永豐96購01  ,0,0,0,0,0,0,0,0,0,-298000,0,0,0,0,298000,-298000,-298000
04446P,元油2X凱基94售03,0,0,0,0,0,0,0,0,0,-299000,0,0,0,551000,850000,-299000,-299000
054305,光磊凱基98購01  ,0,0,0,0,0,0,0,0,0,-299000,0,0,0,0,299000,-299000,-299000
055685,日月光凱基97購02,0,0,0,0,0,0,0,0,0,-300000,0,0,0,0,300000,-300000,-300000
04391P,玉晶光凱基95售03,0,0,0,0,0,0,0,0,0,-300000,0,0,0,60000,360000,-300000,-300000
04757P,元油2X凱基94售04,0,0,0,0,0,0,0,0,0,-300000,0,0,0,330000,630000,-300000,-300000
047690,美律富邦97購01  ,0,0,0,0,0,0,0,0,0,-300000,0,0,0,0,300000,-300000,-300000
049774,元油2X統一94購05,0,0,0,0,0,0,0,0,0,-300000,0,0,0,0,300000,-300000,-300000
049366,聯發科元大94購05,0,0,0,0,0,0,0,0,0,-300000,0,0,0,0,300000,-300000,-300000
051128,台表科群益95購02,0,0,0,0,0,0,0,0,0,-300000,0,0,0,23000,323000,-300000,-300000
052451,旭富元大95購02  ,0,0,0,0,0,0,0,0,0,-300000,0,0,0,328000,628000,-300000,-300000
06832P,玉晶光凱基98售03,0,0,0,0,0,0,0,0,0,-300000,0,0,0,0,300000,-300000,-300000
06843P,鴻海元大98售11  ,0,0,0,0,0,0,0,0,0,-300000,0,0,0,0,300000,-300000,-300000
050562,瑞昱元富94購02  ,0,0,0,0,0,0,0,0,0,-302000,0,0,0,111000,413000,-302000,-302000
06503P,臺股指中信9A售02,0,0,0,0,0,0,0,0,0,-302000,0,0,0,47000,349000,-302000,-302000
056009,奇力新中信98購03,0,0,0,0,0,0,0,0,0,-303000,0,0,0,3000,306000,-303000,-303000
052547,光磊兆豐96購01  ,0,0,0,0,0,0,0,0,0,-303000,0,0,0,0,303000,-303000,-303000
05261P,鴻海元大95售20  ,0,0,0,0,0,0,0,0,0,-303000,0,0,0,982000,1285000,-303000,-303000
05154P,台積電兆豐95售05,0,0,0,0,0,0,0,0,0,-303000,0,0,0,0,303000,-303000,-303000
2023,燁輝            ,275000,569000,-294000,0,0,0,0,0,0,-9000,1000,10000,-9000,0,0,0,-303000
05740P,宏達電元富96售01,0,0,0,0,0,0,0,0,0,-304000,0,0,0,1000,305000,-304000,-304000
055577,晶技統一97購02  ,0,0,0,0,0,0,0,0,0,-305000,0,0,0,47000,352000,-305000,-305000
04595P,臺股指元大94售13,0,0,0,0,0,0,0,0,0,-305000,0,0,0,0,305000,-305000,-305000
048334,A50正2元大96購01,0,0,0,0,0,0,0,0,0,-305000,0,0,0,23000,328000,-305000,-305000
045572,元油2X元大98購01,0,0,0,0,0,0,0,0,0,-305000,0,0,0,231000,536000,-305000,-305000
051149,可成凱基95購04  ,0,0,0,0,0,0,0,0,0,-305000,0,0,0,24000,329000,-305000,-305000
044817,可成兆豐93購01  ,0,0,0,0,0,0,0,0,0,-306000,0,0,0,0,306000,-306000,-306000
05485P,旺宏凱基95售08  ,0,0,0,0,0,0,0,0,0,-307000,0,0,0,103000,410000,-307000,-307000
055048,台積電永豐97購04,0,0,0,0,0,0,0,0,0,-307000,0,0,0,0,307000,-307000,-307000
053654,聯發科凱基98購01,0,0,0,0,0,0,0,0,0,-307000,0,0,0,40000,347000,-307000,-307000
06012P,世芯國票96售01  ,0,0,0,0,0,0,0,0,0,-307000,0,0,0,89000,396000,-307000,-307000
056955,台灣50永豐98購01,0,0,0,0,0,0,0,0,0,-309000,0,0,0,727000,1036000,-309000,-309000
04207P,臺股指元大93售47,0,0,0,0,0,0,0,0,0,-309000,0,0,0,2270000,2579000,-309000,-309000
1722,台肥            ,580000,915000,-335000,0,0,0,6000,0,6000,20000,30000,10000,20000,0,0,0,-309000
04267P,康控元富93售04  ,0,0,0,0,0,0,0,0,0,-310000,0,0,0,0,310000,-310000,-310000
052061,樺漢國票96購01  ,0,0,0,0,0,0,0,0,0,-310000,0,0,0,0,310000,-310000,-310000
05527P,聯茂群益96售01  ,0,0,0,0,0,0,0,0,0,-310000,0,0,0,0,310000,-310000,-310000
06133P,帆宣元富97售02  ,0,0,0,0,0,0,0,0,0,-310000,0,0,0,12000,322000,-310000,-310000
051749,矽力國泰97購01  ,0,0,0,0,0,0,0,0,0,-311000,0,0,0,69000,380000,-311000,-311000
055164,矽創元大98購01  ,0,0,0,0,0,0,0,0,0,-313000,0,0,0,5000,318000,-313000,-313000
05487P,台表科凱基95售02,0,0,0,0,0,0,0,0,0,-313000,0,0,0,517000,830000,-313000,-313000
05942P,奇力新凱基96售04,0,0,0,0,0,0,0,0,0,-314000,0,0,0,1000,315000,-314000,-314000
1802,台玻            ,753000,1067000,-314000,0,0,0,0,0,0,0,0,0,0,0,0,0,-314000
057534,旭富元大98購01  ,0,0,0,0,0,0,0,0,0,-315000,0,0,0,40000,355000,-315000,-315000
052212,可成元大95購11  ,0,0,0,0,0,0,0,0,0,-315000,0,0,0,0,315000,-315000,-315000
055744,茂林元富97購02  ,0,0,0,0,0,0,0,0,0,-316000,0,0,0,284000,600000,-316000,-316000
049067,元油2X凱基94購02,0,0,0,0,0,0,0,0,0,-316000,0,0,0,200000,516000,-316000,-316000
06450P,聯發科元大98售03,0,0,0,0,0,0,0,0,0,-316000,0,0,0,157000,473000,-316000,-316000
053306,晶技凱基97購01  ,0,0,0,0,0,0,0,0,0,-317000,0,0,0,0,317000,-317000,-317000
2464,盟立            ,40000,357000,-317000,0,0,0,0,0,0,0,0,0,0,0,0,0,-317000
6141,柏承            ,142000,459000,-317000,0,0,0,0,0,0,0,0,0,0,0,0,0,-317000
05564P,玉晶光元大97售02,0,0,0,0,0,0,0,0,0,-318000,0,0,0,477000,795000,-318000,-318000
049167,元油2X凱基97購03,0,0,0,0,0,0,0,0,0,-318000,0,0,0,50000,368000,-318000,-318000
052297,旭富國票96購01  ,0,0,0,0,0,0,0,0,0,-318000,0,0,0,44000,362000,-318000,-318000
049776,全新統一95購02  ,0,0,0,0,0,0,0,0,0,-319000,0,0,0,0,319000,-319000,-319000
06053P,緯穎國票97售05  ,0,0,0,0,0,0,0,0,0,-319000,0,0,0,81000,400000,-319000,-319000
057722,臺股指元富98購01,0,0,0,0,0,0,0,0,0,-320000,0,0,0,0,320000,-320000,-320000
051520,新光金凱基97購01,0,0,0,0,0,0,0,0,0,-320000,0,0,0,0,320000,-320000,-320000
043391,康控元大94購01  ,0,0,0,0,0,0,0,0,0,-320000,0,0,0,0,320000,-320000,-320000
051288,可成統一95購03  ,0,0,0,0,0,0,0,0,0,-320000,0,0,0,0,320000,-320000,-320000
052900,大成鋼國票97購01,0,0,0,0,0,0,0,0,0,-320000,0,0,0,140000,460000,-320000,-320000
06215P,康控永豐97售02  ,0,0,0,0,0,0,0,0,0,-320000,0,0,0,0,320000,-320000,-320000
05426P,聯發科凱基95售12,0,0,0,0,0,0,0,0,0,-321000,0,0,0,8000,329000,-321000,-321000
2615,萬海            ,273000,612000,-339000,0,0,0,16000,0,16000,1000,25000,24000,1000,0,0,0,-322000
049561,道瓊銀統一96購01,0,0,0,0,0,0,0,0,0,-323000,0,0,0,0,323000,-323000,-323000
055285,華新科元大99購03,0,0,0,0,0,0,0,0,0,-323000,0,0,0,76000,399000,-323000,-323000
053987,宏碁亞東96購01  ,0,0,0,0,0,0,0,0,0,-323000,0,0,0,0,323000,-323000,-323000
00728,第一金工業30    ,0,0,0,0,0,0,0,0,0,-324000,0,0,0,600000,924000,-324000,-324000
06185P,台表科元大97售05,1000,0,1000,0,0,0,0,0,0,-325000,0,0,0,31000,356000,-325000,-324000
050893,鴻海元大96購03  ,0,0,0,0,0,0,0,0,0,-325000,0,0,0,128000,453000,-325000,-325000
054477,聯發科中信9C購02,0,0,0,0,0,0,0,0,0,-325000,0,0,0,10000,335000,-325000,-325000
1611,中電            ,242000,567000,-325000,0,0,0,0,0,0,0,2000,2000,0,0,0,0,-325000
6202,盛群            ,20000,337000,-317000,0,0,0,0,0,0,-8000,0,8000,-8000,0,0,0,-325000
057911,國巨日盛98購01  ,0,0,0,0,0,0,0,0,0,-327000,0,0,0,0,327000,-327000,-327000
053917,友達國票97購03  ,0,0,0,0,0,0,0,0,0,-328000,0,0,0,122000,450000,-328000,-328000
2102,泰豐            ,10000,338000,-328000,0,0,0,0,0,0,0,0,0,0,0,0,0,-328000
055783,群創凱基99購03  ,0,0,0,0,0,0,0,0,0,-329000,0,0,0,340000,669000,-329000,-329000
04483P,元油2X凱基97售04,0,0,0,0,0,0,0,0,0,-330000,0,0,0,0,330000,-330000,-330000
053124,聯發科凱基96購12,0,0,0,0,0,0,0,0,0,-330000,0,0,0,0,330000,-330000,-330000
06550P,健策元大99售01  ,0,0,0,0,0,0,0,0,0,-331000,0,0,0,0,331000,-331000,-331000
047202,欣興元富96購01  ,0,0,0,0,0,0,0,0,0,-332000,0,0,0,0,332000,-332000,-332000
054197,台積電永昌96購07,0,0,0,0,0,0,0,0,0,-333000,0,0,0,2521000,2854000,-333000,-333000
06201P,可成元大97售01  ,0,0,0,0,0,0,0,0,0,-333000,0,0,0,201000,534000,-333000,-333000
6230,超眾            ,344000,370000,-26000,0,0,0,0,2000,-2000,-305000,72000,38000,34000,4000,343000,-339000,-333000
3653,健策            ,450020,371000,79020,0,0,0,0,241000,-241000,-173000,35000,117000,-82000,68000,159000,-91000,-334980
049125,禾伸堂元富94購01,0,0,0,0,0,0,0,0,0,-335000,0,0,0,105000,440000,-335000,-335000
055445,旺宏統一99購01  ,0,0,0,0,0,0,0,0,0,-336000,0,0,0,40000,376000,-336000,-336000
052516,臺股指凱基95購20,0,0,0,0,0,0,0,0,0,-337000,0,0,0,0,337000,-337000,-337000
2505,國揚            ,74000,347000,-273000,0,0,0,0,0,0,-64000,0,0,0,0,64000,-64000,-337000
1229,聯華            ,273000,599000,-326000,0,0,0,4000,0,4000,-15000,0,15000,-15000,0,0,0,-337000
055975,鴻海統一98購05  ,0,0,0,0,0,0,0,0,0,-338000,0,0,0,81000,419000,-338000,-338000
054348,康控國票97購03  ,0,0,0,0,0,0,0,0,0,-340000,0,0,0,45000,385000,-340000,-340000
054658,道瓊銀元大9A購01,0,0,0,0,0,0,0,0,0,-340000,0,0,0,0,340000,-340000,-340000
00675L,富邦臺灣加權正2 ,29000,32000,-3000,0,0,0,0,0,0,-338000,0,0,0,110000,448000,-338000,-341000
2485,兆赫            ,107000,443000,-336000,0,0,0,0,0,0,-5000,4000,4000,0,0,5000,-5000,-341000
052319,可成元大95購12  ,0,0,0,0,0,0,0,0,0,-343000,0,0,0,299000,642000,-343000,-343000
3703,欣陸            ,129000,493000,-364000,0,0,0,0,0,0,21000,21000,0,21000,0,0,0,-343000
049306,元油2X凱基96購01,0,0,0,0,0,0,0,0,0,-346000,0,0,0,159000,505000,-346000,-346000
06476P,臺股指永豐98售01,0,0,0,0,0,0,0,0,0,-346000,0,0,0,117000,463000,-346000,-346000
03412P,滬深2X群益98售01,0,0,0,0,0,0,0,0,0,-349000,0,0,0,20000,369000,-349000,-349000
5388,中磊            ,183000,535000,-352000,0,0,0,13000,0,13000,-10000,10000,5000,5000,2000,17000,-15000,-349000
9938,百和            ,205000,735000,-530000,0,0,0,100000,0,100000,81000,122000,3000,119000,16000,54000,-38000,-349000
1434,福懋            ,899000,1182749,-283749,0,0,0,16000,0,16000,-82000,43000,125000,-82000,0,0,0,-349749
057380,技嘉國泰9A購01  ,0,0,0,0,0,0,0,0,0,-350000,0,0,0,71000,421000,-350000,-350000
056725,鴻海國票99購03  ,0,0,0,0,0,0,0,0,0,-350000,0,0,0,30000,380000,-350000,-350000
052122,新光金國票96購01,0,0,0,0,0,0,0,0,0,-350000,0,0,0,0,350000,-350000,-350000
05258P,臺股指凱基96售11,0,0,0,0,0,0,0,0,0,-350000,0,0,0,0,350000,-350000,-350000
2836,高雄銀          ,25000,372000,-347000,0,0,0,0,0,0,-4000,0,4000,-4000,0,0,0,-351000
1104,環泥            ,25000,377000,-352000,0,0,0,0,0,0,0,0,0,0,0,0,0,-352000
1313,聯成            ,197000,514000,-317000,0,0,0,0,0,0,-36000,0,36000,-36000,0,0,0,-353000
8163,達方            ,115000,379000,-264000,0,0,0,1000,0,1000,-90000,9000,57000,-48000,1000,43000,-42000,-353000
056954,聯詠富邦9A購01  ,0,0,0,0,0,0,0,0,0,-354000,0,0,0,166000,520000,-354000,-354000
055077,臺股指永豐97購02,0,0,0,0,0,0,0,0,0,-354000,0,0,0,35000,389000,-354000,-354000
052740,聯發科元大96購07,0,0,0,0,0,0,0,0,0,-355000,0,0,0,135000,490000,-355000,-355000
049355,元油2X富邦96購04,0,0,0,0,0,0,0,0,0,-355000,0,0,0,50000,405000,-355000,-355000
1201,味全            ,132000,473000,-341000,0,0,0,0,0,0,-15000,0,0,0,7000,22000,-15000,-356000
06796P,臺股指凱基98售06,0,0,0,0,0,0,0,0,0,-357000,0,0,0,223000,580000,-357000,-357000
048007,明基材元大96購01,0,0,0,0,0,0,0,0,0,-358000,0,0,0,316000,674000,-358000,-358000
057055,立積元大99購01  ,0,0,0,0,0,0,0,0,0,-359000,0,0,0,19000,378000,-359000,-359000
055786,彩晶凱基99購02  ,0,0,0,0,0,0,0,0,0,-359000,0,0,0,0,359000,-359000,-359000
06735P,奇力新凱基98售07,0,0,0,0,0,0,0,0,0,-361000,0,0,0,822000,1183000,-361000,-361000
055503,健策元大98購05  ,0,0,0,0,0,0,0,0,0,-362000,0,0,0,87000,449000,-362000,-362000
05151P,台光電群益95售02,0,0,0,0,0,0,0,0,0,-362000,0,0,0,0,362000,-362000,-362000
05476P,聯發科群益95售06,0,0,0,0,0,0,0,0,0,-364000,0,0,0,21000,385000,-364000,-364000
6120,達運            ,117000,419000,-302000,0,0,0,0,0,0,-62000,0,59000,-59000,0,3000,-3000,-364000
049219,聯發科國票95購01,0,0,0,0,0,0,0,0,0,-368000,0,0,0,68000,436000,-368000,-368000
03660C,元油2X富邦02牛04,0,0,0,0,0,0,0,0,0,-369000,0,0,0,5000,374000,-369000,-369000
049165,元油2X凱基97購01,0,0,0,0,0,0,0,0,0,-370000,0,0,0,50000,420000,-370000,-370000
051003,中環中信97購01  ,0,0,0,0,0,0,0,0,0,-370000,0,0,0,0,370000,-370000,-370000
051268,創意富邦97購01  ,0,0,0,0,0,0,0,0,0,-370000,0,0,0,0,370000,-370000,-370000
053971,聯發科元大97購09,0,0,0,0,0,0,0,0,0,-370000,0,0,0,250000,620000,-370000,-370000
3035,智原            ,698000,1123000,-425000,0,0,0,200000,0,200000,-145000,0,70000,-70000,0,75000,-75000,-370000
06694P,臺股指凱基99售13,0,0,0,0,0,0,0,0,0,-370000,0,0,0,0,370000,-370000,-370000
047604,智原國泰95購01  ,0,0,0,0,0,0,0,0,0,-371000,0,0,0,30000,401000,-371000,-371000
050613,台光電元大94購09,0,0,0,0,0,0,0,0,0,-373000,0,0,0,40000,413000,-373000,-373000
056662,臺股指元大9A購09,0,0,0,0,0,0,0,0,0,-375000,0,0,0,89000,464000,-375000,-375000
2499,東貝            ,42000,416000,-374000,0,0,0,0,0,0,-1000,0,1000,-1000,0,0,0,-375000
048276,旺宏永豐94購01  ,0,0,0,0,0,0,0,0,0,-376000,0,0,0,4000,380000,-376000,-376000
06599P,宏達電永豐98售02,0,0,0,0,0,0,0,0,0,-376000,0,0,0,1000,377000,-376000,-376000
057488,聯發科元大99購02,0,0,0,0,0,0,0,0,0,-378000,0,0,0,124000,502000,-378000,-378000
053150,聯發科元大96購11,0,0,0,0,0,0,0,0,0,-378000,0,0,0,37000,415000,-378000,-378000
051932,康控國票96購02  ,0,0,0,0,0,0,0,0,0,-380000,0,0,0,0,380000,-380000,-380000
05115P,T50反1群益95售02,0,0,0,0,0,0,0,0,0,-380000,0,0,0,100000,480000,-380000,-380000
053363,旺宏國泰98購02  ,0,0,0,0,0,0,0,0,0,-380000,0,0,0,19000,399000,-380000,-380000
2362,藍天            ,116000,444000,-328000,0,0,0,0,0,0,-52000,2000,54000,-52000,0,0,0,-380000
03181P,台灣50元大01售40,0,0,0,0,0,0,0,0,0,-381000,0,0,0,20000,401000,-381000,-381000
06134P,緯穎元富97售03  ,0,0,0,0,0,0,0,0,0,-382000,0,0,0,0,382000,-382000,-382000
055193,世芯元富97購02  ,0,0,0,0,0,0,0,0,0,-388000,0,0,0,293000,681000,-388000,-388000
2542,興富發          ,1983108,2354688,-371580,0,0,0,0,0,0,-17000,3000,20000,-17000,0,0,0,-388580
2329,華泰            ,183000,581000,-398000,0,0,0,0,0,0,9000,0,2000,-2000,14000,3000,11000,-389000
04784P,超眾元富94售01  ,0,0,0,0,0,0,0,0,0,-390000,0,0,0,33000,423000,-390000,-390000
051524,貿聯凱基95購02  ,0,0,0,0,0,0,0,0,0,-390000,0,0,0,3000,393000,-390000,-390000
051573,鴻海元大95購15  ,0,0,0,0,0,0,0,0,0,-390000,0,0,0,0,390000,-390000,-390000
2101,南港            ,269000,622000,-353000,0,0,0,0,0,0,-37000,4000,3000,1000,0,38000,-38000,-390000
057054,立積元大98購03  ,0,0,0,0,0,0,0,0,0,-391000,0,0,0,5000,396000,-391000,-391000
05271P,國巨富邦97售01  ,0,0,0,0,0,0,0,0,0,-394000,0,0,0,6000,400000,-394000,-394000
05282P,可成元大95售09  ,0,0,0,0,0,0,0,0,0,-397000,0,0,0,247000,644000,-397000,-397000
048821,光磊凱基95購01  ,0,0,0,0,0,0,0,0,0,-398000,0,0,0,309000,707000,-398000,-398000
047285,鴻海統一95購02  ,0,0,0,0,0,0,0,0,0,-398000,0,0,0,0,398000,-398000,-398000
052669,群創群益98購06  ,0,0,0,0,0,0,0,0,0,-398000,0,0,0,130000,528000,-398000,-398000
056324,南亞科兆豐98購01,0,0,0,0,0,0,0,0,0,-399000,0,0,0,100000,499000,-399000,-399000
048271,可成富邦95購02  ,0,0,0,0,0,0,0,0,0,-399000,0,0,0,21000,420000,-399000,-399000
4977,眾達-KY         ,159000,509000,-350000,0,0,0,0,0,0,-49000,30000,79000,-49000,0,0,0,-399000
055881,康控元富97購01  ,0,0,0,0,0,0,0,0,0,-400000,0,0,0,211000,611000,-400000,-400000
050828,康控凱基95購01  ,0,0,0,0,0,0,0,0,0,-400000,0,0,0,0,400000,-400000,-400000
051201,台積電麥證95購02,0,0,0,10000,410000,-400000,0,0,0,-400000,0,0,0,10000,410000,-400000,-400000
8016,矽創            ,245000,577000,-332000,0,0,0,11000,0,11000,-80000,3000,20000,-17000,0,63000,-63000,-401000
04808P,訊芯永豐94售02  ,0,0,0,0,0,0,0,0,0,-402000,0,0,0,29000,431000,-402000,-402000
054762,奇力新國票99購01,0,0,0,0,0,0,0,0,0,-402000,0,0,0,28000,430000,-402000,-402000
2402,毅嘉            ,119000,510000,-391000,0,0,0,0,0,0,-12000,1000,13000,-12000,0,0,0,-403000
050162,中環國泰95購01  ,0,0,0,0,0,0,0,0,0,-405000,0,0,0,0,405000,-405000,-405000
057723,臺股指元富98購02,0,0,0,0,0,0,0,0,0,-406000,0,0,0,92000,498000,-406000,-406000
4564,元翎            ,64000,472000,-408000,0,0,0,0,0,0,1000,1000,0,1000,0,0,0,-407000
056428,台達電凱基99購01,0,0,0,0,0,0,0,0,0,-409000,0,0,0,12000,421000,-409000,-409000
6176,瑞儀            ,637000,1451747,-814747,0,0,0,20000,0,20000,385000,13000,48000,-35000,434000,14000,420000,-409747
053401,臺股指中信99購01,0,0,0,0,0,0,0,0,0,-410000,0,0,0,230000,640000,-410000,-410000
06851P,鈺齊元大98售01  ,0,0,0,0,0,0,0,0,0,-412000,0,0,0,271000,683000,-412000,-412000
056824,元石油富邦9B購01,0,0,0,0,0,0,0,0,0,-413000,0,0,0,0,413000,-413000,-413000
1604,聲寶            ,3000,415000,-412000,0,0,0,0,0,0,-1000,2000,3000,-1000,0,0,0,-413000
057726,華通國泰9A購01  ,0,0,0,0,0,0,0,0,0,-420000,0,0,0,25000,445000,-420000,-420000
04506P,旺宏元大94售06  ,0,0,0,0,0,0,0,0,0,-420000,0,0,0,16000,436000,-420000,-420000
058054,台積電統一9C購01,0,0,0,0,0,0,0,0,0,-420000,0,0,0,0,420000,-420000,-420000
2406,國碩            ,464000,871000,-407000,0,0,0,0,0,0,-14000,1000,15000,-14000,0,0,0,-421000
2489,瑞軒            ,349000,769000,-420000,0,0,0,0,0,0,-1000,1000,2000,-1000,0,0,0,-421000
054425,聯發科富邦99購03,0,0,0,0,0,0,0,0,0,-423000,0,0,0,2032000,2455000,-423000,-423000
056757,T50反1元大98購07,0,0,0,0,0,0,0,0,0,-426000,0,0,0,1990000,2416000,-426000,-426000
2387,精元            ,200000,364000,-164000,0,0,0,0,260000,-260000,-2000,0,0,0,26000,28000,-2000,-426000
049570,華新科統一94購04,0,0,0,0,0,0,0,0,0,-429000,0,0,0,26000,455000,-429000,-429000
06211P,鴻海元大98售04  ,0,0,0,0,0,0,0,0,0,-430000,0,0,0,73000,503000,-430000,-430000
3533,嘉澤            ,108000,391000,-283000,0,0,0,0,0,0,-148000,22000,135000,-113000,3000,38000,-35000,-431000
055518,華新科中信99購01,0,0,0,0,0,0,0,0,0,-432000,0,0,0,64000,496000,-432000,-432000
05028P,康控永豐95售02  ,0,0,0,0,0,0,0,0,0,-432000,0,0,0,30000,462000,-432000,-432000
2547,日勝生          ,348000,774000,-426000,0,0,0,0,0,0,-6000,0,6000,-6000,0,0,0,-432000
8112,至上            ,347000,793000,-446000,0,0,0,12000,0,12000,2000,5000,3000,2000,0,0,0,-432000
4968,立積            ,491000,986000,-495000,0,0,0,0,0,0,61000,51000,52000,-1000,84000,22000,62000,-434000
043040,永冠元富94購01  ,0,0,0,0,0,0,0,0,0,-436000,0,0,0,572000,1008000,-436000,-436000
06880P,鈺齊凱基98售03  ,0,0,0,0,0,0,0,0,0,-436000,0,0,0,433000,869000,-436000,-436000
045517,元油2X元富98購01,0,0,0,0,0,0,0,0,0,-438000,0,0,0,225000,663000,-438000,-438000
4935,茂林-KY         ,360000,513000,-153000,0,0,0,0,0,0,-286000,91000,64000,27000,4000,317000,-313000,-439000
047355,世紀鋼凱基94購01,0,0,0,0,0,0,0,0,0,-440000,0,0,0,111000,551000,-440000,-440000
052986,聯發科元大97購05,0,0,0,0,0,0,0,0,0,-440000,0,0,0,1240000,1680000,-440000,-440000
3062,建漢            ,124000,566000,-442000,0,0,0,0,0,0,-1000,0,1000,-1000,0,0,0,-443000
056005,臺股指永豐97購04,0,0,0,0,0,0,0,0,0,-445000,0,0,0,0,445000,-445000,-445000
3704,合勤控          ,193000,618000,-425000,0,0,0,0,0,0,-20000,0,2000,-2000,0,18000,-18000,-445000
8021,尖點            ,58000,499000,-441000,0,0,0,0,0,0,-8000,1000,9000,-8000,0,0,0,-449000
049108,玉晶光富邦96購02,0,0,0,0,0,0,0,0,0,-450000,0,0,0,80000,530000,-450000,-450000
052284,日月光凱基96購01,0,0,0,0,0,0,0,0,0,-450000,0,0,0,0,450000,-450000,-450000
03314P,台積電元大02售16,0,0,0,0,0,0,0,0,0,-451000,0,0,0,131000,582000,-451000,-451000
3038,全台            ,75000,544000,-469000,0,0,0,0,0,0,17000,33000,16000,17000,0,0,0,-452000
2609,陽明            ,1017000,1470000,-453000,0,0,0,0,0,0,0,0,0,0,0,0,0,-453000
2417,圓剛            ,158000,608000,-450000,0,0,0,0,0,0,-3000,0,3000,-3000,0,0,0,-453000
054993,南亞科元富97購03,0,0,0,0,0,0,0,0,0,-454000,0,0,0,60000,514000,-454000,-454000
057263,可成兆豐99購01  ,0,0,0,0,0,0,0,0,0,-456000,0,0,0,232000,688000,-456000,-456000
050319,康控國票95購04  ,0,0,0,0,0,0,0,0,0,-456000,0,0,0,0,456000,-456000,-456000
5521,工信            ,66000,513000,-447000,0,0,0,0,0,0,-9000,0,9000,-9000,0,0,0,-456000
050282,T50反1凱基97購01,0,0,0,0,0,0,0,0,0,-457000,0,0,0,406000,863000,-457000,-457000
045700,道瓊指中信94購01,0,0,0,0,0,0,0,0,0,-460000,0,0,0,874000,1334000,-460000,-460000
051888,國巨元富95購05  ,0,0,0,0,0,0,0,0,0,-460000,0,0,0,335000,795000,-460000,-460000
8110,華東            ,30000,484000,-454000,0,0,0,0,0,0,-7000,28000,35000,-7000,0,0,0,-461000
054508,臺股指永豐96購04,0,0,0,0,0,0,0,0,0,-462000,0,0,0,50000,512000,-462000,-462000
05688P,臺股指元大96售13,0,0,0,0,0,0,0,0,0,-469000,0,0,0,203000,672000,-469000,-469000
06235P,國巨元大97售12  ,0,0,0,0,0,0,0,0,0,-471000,0,0,0,287000,758000,-471000,-471000
9914,美利達          ,302000,466658,-164658,0,0,0,0,141000,-141000,-166000,5000,169000,-164000,0,2000,-2000,-471658
3059,華晶科          ,41000,511000,-470000,0,0,0,0,0,0,-2000,0,2000,-2000,0,0,0,-472000
9910,豐泰            ,594500,1085847,-491347,0,0,0,2000,0,2000,15000,30000,15000,15000,0,0,0,-474347
1477,聚陽            ,180000,663850,-483850,0,0,0,0,0,0,9000,33000,15000,18000,2000,11000,-9000,-474850
053691,聯發科元大96購16,0,0,0,0,0,0,0,0,0,-475000,0,0,0,24000,499000,-475000,-475000
058023,南電凱基98購02  ,0,0,0,0,0,0,0,0,0,-475000,0,0,0,0,475000,-475000,-475000
051259,鴻海永昌96購03  ,0,0,0,0,0,0,0,0,0,-476000,0,0,0,1538000,2014000,-476000,-476000
052228,聯發科凱基96購06,0,0,0,0,0,0,0,0,0,-477000,0,0,0,100000,577000,-477000,-477000
8081,致新            ,113000,450000,-337000,0,0,0,0,0,0,-140000,0,36000,-36000,6000,110000,-104000,-477000
2401,凌陽            ,102000,487000,-385000,0,0,0,0,0,0,-93000,1000,62000,-61000,0,32000,-32000,-478000
050725,光磊國票96購01  ,0,0,0,0,0,0,0,0,0,-480000,0,0,0,899000,1379000,-480000,-480000
2049,上銀            ,1442382,1440254,2128,0,0,0,18000,130000,-112000,-373000,38000,151000,-113000,10000,270000,-260000,-482872
057298,旭富永豐98購01  ,0,0,0,0,0,0,0,0,0,-483000,0,0,0,50000,533000,-483000,-483000
04619P,華新統一94售02  ,0,0,0,0,0,0,0,0,0,-486000,0,0,0,0,486000,-486000,-486000
05118P,超眾元大96售04  ,0,0,0,0,0,0,0,0,0,-486000,0,0,0,35000,521000,-486000,-486000
053978,創意元大96購05  ,0,0,0,0,0,0,0,0,0,-488000,0,0,0,12000,500000,-488000,-488000
05510P,燿華元富96售01  ,0,0,0,0,0,0,0,0,0,-488000,0,0,0,0,488000,-488000,-488000
051023,S&P反1統一95購02,0,0,0,0,0,0,0,0,0,-489000,0,0,0,10000,499000,-489000,-489000
051355,聯發科元大96購01,0,0,0,0,0,0,0,0,0,-490000,0,0,0,40000,530000,-490000,-490000
8028,昇陽半導體      ,186000,593000,-407000,0,0,0,0,0,0,-83000,4000,1000,3000,2000,88000,-86000,-490000
053761,健策國泰98購01  ,0,0,0,0,0,0,0,0,0,-491000,0,0,0,521000,1012000,-491000,-491000
050170,臺指反元大97購02,0,0,0,0,0,0,0,0,0,-494000,0,0,0,60000,554000,-494000,-494000
1310,台苯            ,361000,863000,-502000,0,0,0,8000,0,8000,0,0,0,0,0,0,0,-494000
05763P,致新永豐96售01  ,0,0,0,0,0,0,0,0,0,-496000,0,0,0,47000,543000,-496000,-496000
1101,台泥            ,5346771,7637096,-2290325,0,0,0,168000,0,168000,1626000,400000,12000,388000,1302000,64000,1238000,-496325
053738,群創麥證96購01  ,0,0,0,0,497000,-497000,0,0,0,-497000,0,0,0,0,497000,-497000,-497000
056805,元石油統一9B購01,0,0,0,0,0,0,0,0,0,-498000,0,0,0,90000,588000,-498000,-498000
04507P,台光電元大94售03,0,0,0,0,0,0,0,0,0,-499000,0,0,0,0,499000,-499000,-499000
5522,遠雄            ,632000,1007000,-375000,0,0,0,8000,0,8000,-132000,89000,221000,-132000,0,0,0,-499000
056874,友達凱基98購08  ,0,0,0,0,0,0,0,0,0,-500000,0,0,0,150000,650000,-500000,-500000
04707P,喬山元大94售01  ,0,0,0,0,0,0,0,0,0,-500000,0,0,0,0,500000,-500000,-500000
050055,道瓊反凱基95購01,0,0,0,0,0,0,0,0,0,-500000,0,0,0,0,500000,-500000,-500000
049290,元油2X群益94購02,0,0,0,0,0,0,0,0,0,-500000,0,0,0,0,500000,-500000,-500000
9105,泰金寶-DR       ,114000,614000,-500000,0,0,0,0,0,0,0,0,0,0,0,0,0,-500000
057262,友達兆豐98購03  ,0,0,0,0,0,0,0,0,0,-501000,0,0,0,214000,715000,-501000,-501000
049539,元油2X群益9A購01,0,0,0,0,0,0,0,0,0,-501000,0,0,0,522000,1023000,-501000,-501000
06757P,台灣50元大9B售01,0,0,0,0,0,0,0,0,0,-502000,0,0,0,638000,1140000,-502000,-502000
053945,國巨富邦98購02  ,0,0,0,0,0,0,0,0,0,-505000,0,0,0,612000,1117000,-505000,-505000
4551,智伸科          ,95000,382000,-287000,0,0,0,0,195000,-195000,-23000,59000,35000,24000,12000,59000,-47000,-505000
00737,國泰AI+Robo     ,0,264000,-264000,0,0,0,0,0,0,-243000,0,0,0,204000,447000,-243000,-507000
052291,鴻海元富97購02  ,0,0,0,0,0,0,0,0,0,-509000,0,0,0,0,509000,-509000,-509000
053045,國巨中信97購01  ,0,0,0,0,0,0,0,0,0,-509000,0,0,0,80000,589000,-509000,-509000
8271,宇瞻            ,285000,775000,-490000,0,0,0,0,0,0,-19000,5000,24000,-19000,0,0,0,-509000
047595,元石油元富97購01,0,0,0,0,0,0,0,0,0,-514000,0,0,0,26000,540000,-514000,-514000
2375,凱美            ,387000,894000,-507000,0,0,0,0,0,0,-11000,0,0,0,0,11000,-11000,-518000
055223,和大國票98購01  ,0,0,0,0,0,0,0,0,0,-520000,0,0,0,10000,530000,-520000,-520000
04243P,大立光永昌93售08,0,0,0,0,0,0,0,0,0,-522000,0,0,0,0,522000,-522000,-522000
03387P,台積電凱基03售11,0,0,0,0,0,0,0,0,0,-523000,0,0,0,4295000,4818000,-523000,-523000
054546,玉晶光中信9B購01,0,0,0,0,0,0,0,0,0,-526000,0,0,0,191000,717000,-526000,-526000
044964,旺宏中信94購01  ,0,0,0,0,0,0,0,0,0,-527000,0,0,0,60000,587000,-527000,-527000
050715,台積電群益96購01,0,0,0,0,0,0,0,0,0,-528000,0,0,0,1546000,2074000,-528000,-528000
057474,T50反1元大98購09,0,0,0,0,0,0,0,0,0,-532000,0,0,0,1399000,1931000,-532000,-532000
045189,大立光元富98購01,0,0,0,0,0,0,0,0,0,-532000,0,0,0,115000,647000,-532000,-532000
052091,緯創元大95購04  ,0,0,0,0,0,0,0,0,0,-532000,0,0,0,20000,552000,-532000,-532000
04894P,世紀鋼元大94售02,0,0,0,0,0,0,0,0,0,-533000,0,0,0,75000,608000,-533000,-533000
05480P,滬深2X凱基96售05,0,0,0,0,0,0,0,0,0,-533000,0,0,0,526000,1059000,-533000,-533000
3596,智易            ,207000,682000,-475000,0,0,0,0,0,0,-58248,15000,6000,9000,3000,70248,-67248,-533248
051414,新光金國票95購04,0,0,0,0,0,0,0,0,0,-534000,0,0,0,0,534000,-534000,-534000
052550,鴻海國票97購02  ,0,0,0,0,0,0,0,0,0,-537000,0,0,0,62000,599000,-537000,-537000
00662,富邦NASDAQ      ,0,0,0,0,0,0,0,0,0,-548000,20000,0,20000,159000,727000,-568000,-548000
053512,台積電群益96購06,0,0,0,0,0,0,0,0,0,-549000,0,0,0,310000,859000,-549000,-549000
05431P,台光電統一97售01,0,0,0,0,0,0,0,0,0,-550000,0,0,0,0,550000,-550000,-550000
8105,凌巨            ,47000,593000,-546000,0,0,0,0,0,0,-4000,0,4000,-4000,0,0,0,-550000
2349,錸德            ,412000,964000,-552000,0,0,0,2000,0,2000,-1000,0,1000,-1000,0,0,0,-551000
1514,亞力            ,123000,674000,-551000,0,0,0,0,0,0,0,0,0,0,0,0,0,-551000
2912,統一超          ,1063689,1622714,-559025,0,0,0,10000,0,10000,-2000,0,3000,-3000,1000,0,1000,-551025
1907,永豐餘          ,1586000,2750000,-1164000,0,0,0,24000,0,24000,586000,565000,21000,544000,42000,0,42000,-554000
052635,奇力新凱基98購01,0,0,0,0,0,0,0,0,0,-558000,0,0,0,958000,1516000,-558000,-558000
049389,元石油中信97購02,0,0,0,0,0,0,0,0,0,-562000,0,0,0,482000,1044000,-562000,-562000
6288,聯嘉            ,141000,722000,-581000,0,0,0,0,0,0,15000,15000,0,15000,0,0,0,-566000
053766,友達富邦97購01  ,0,0,0,0,0,0,0,0,0,-568000,0,0,0,216000,784000,-568000,-568000
03651C,臺股指凱基97牛17,0,0,0,0,0,0,0,0,0,-570000,0,0,0,224000,794000,-570000,-570000
05145P,道瓊反元大98售01,0,0,0,0,0,0,0,0,0,-582000,0,0,0,10000,592000,-582000,-582000
04995P,台達電凱基96售03,0,0,0,0,0,0,0,0,0,-586000,0,0,0,14000,600000,-586000,-586000
2105,正新            ,2915500,3447516,-532016,0,0,0,15000,0,15000,-71000,1000,73000,-72000,1000,0,1000,-588016
1736,喬山            ,406000,735000,-329000,0,0,0,0,123000,-123000,-137000,0,80000,-80000,9000,66000,-57000,-589000
06821P,臺股指元富98售10,0,0,0,0,0,0,0,0,0,-592000,0,0,0,1000,593000,-592000,-592000
057074,立積永豐98購01  ,0,0,0,0,0,0,0,0,0,-593000,0,0,0,50000,643000,-593000,-593000
053357,可成統一96購02  ,0,0,0,0,0,0,0,0,0,-593000,0,0,0,722000,1315000,-593000,-593000
046108,A50正2元大95購02,0,0,0,0,0,0,0,0,0,-599000,0,0,0,0,599000,-599000,-599000
2356,英業達          ,3253488,5778568,-2525080,0,0,0,42000,0,42000,1883000,213000,137000,76000,1879000,72000,1807000,-600080
051971,元金2X凱基97購02,0,0,0,0,0,0,0,0,0,-602000,0,0,0,192000,794000,-602000,-602000
6282,康舒            ,490000,1035000,-545000,0,0,0,0,0,0,-60000,12000,28000,-16000,7000,51000,-44000,-605000
3044,健鼎            ,928300,1478000,-549700,0,0,0,1000,0,1000,-59000,1000,14000,-13000,2000,48000,-46000,-607700
2204,中華            ,238000,845800,-607800,0,0,0,2000,0,2000,-3000,2000,5000,-3000,0,0,0,-608800
1319,東陽            ,100551,686000,-585449,0,0,0,0,0,0,-25000,0,15000,-15000,0,10000,-10000,-610449
056811,健策統一9B購01  ,0,0,0,0,0,0,0,0,0,-618000,0,0,0,207000,825000,-618000,-618000
051101,台表科元大96購02,0,0,0,0,0,0,0,0,0,-627000,0,0,0,11000,638000,-627000,-627000
054713,國巨中信9B購01  ,0,0,0,0,0,0,0,0,0,-628000,0,0,0,1972000,2600000,-628000,-628000
057384,台灣50永豐99購02,0,0,0,0,0,0,0,0,0,-629000,0,0,0,201000,830000,-629000,-629000
056652,上証反元大9B購01,0,0,0,0,0,0,0,0,0,-629000,0,0,0,0,629000,-629000,-629000
05306P,泰碩國泰97售01  ,0,0,0,0,0,0,0,0,0,-629000,0,0,0,20000,649000,-629000,-629000
054877,百和群益98購01  ,0,0,0,0,0,0,0,0,0,-633000,0,0,0,81000,714000,-633000,-633000
2537,聯上發          ,230000,866000,-636000,0,0,0,0,0,0,0,4000,4000,0,0,0,0,-636000
4906,正文            ,117000,612000,-495000,0,0,0,0,0,0,-152000,18000,10000,8000,10000,170000,-160000,-647000
052135,聯發科凱基9B購01,0,0,0,0,0,0,0,0,0,-648000,0,0,0,436000,1084000,-648000,-648000
04208P,臺股指元大93售48,0,0,0,0,0,0,0,0,0,-649000,0,0,0,250000,899000,-649000,-649000
053444,奇力新凱基96購03,0,0,0,0,0,0,0,0,0,-649000,0,0,0,451000,1100000,-649000,-649000
03638C,T50反1元大94牛03,0,0,0,0,0,0,0,0,0,-651000,0,0,0,109000,760000,-651000,-651000
056270,群創統一98購04  ,0,0,0,0,0,0,0,0,0,-658000,0,0,0,323000,981000,-658000,-658000
049576,元油2X元大94購06,0,0,0,0,0,0,0,0,0,-658000,0,0,0,20000,678000,-658000,-658000
020000,富邦特選蘋果N   ,0,0,0,0,0,0,0,0,0,-669000,0,0,0,31000,700000,-669000,-669000
051367,可成富邦97購01  ,0,0,0,0,0,0,0,0,0,-677000,0,0,0,166000,843000,-677000,-677000
051056,華新科群益95購03,0,0,0,0,0,0,0,0,0,-680000,0,0,0,0,680000,-680000,-680000
6191,精成科          ,100000,761000,-661000,0,0,0,0,0,0,-19000,0,13000,-13000,2000,8000,-6000,-680000
5469,瀚宇博          ,682000,1186000,-504000,0,0,0,0,0,0,-177000,1000,9000,-8000,9000,178000,-169000,-681000
054980,國巨元富97購01  ,0,0,0,0,0,0,0,0,0,-684000,0,0,0,1061000,1745000,-684000,-684000
056773,晶技元大99購03  ,0,0,0,0,0,0,0,0,0,-685000,0,0,0,150000,835000,-685000,-685000
055411,國巨富邦9A購02  ,0,0,0,0,0,0,0,0,0,-685000,0,0,0,656000,1341000,-685000,-685000
053699,臺股指元大96購22,0,0,0,0,0,0,0,0,0,-686000,0,0,0,511000,1197000,-686000,-686000
055679,華通凱基99購01  ,0,0,0,0,0,0,0,0,0,-691000,0,0,0,50000,741000,-691000,-691000
043231,鴻海中信95購01  ,0,0,0,0,0,0,0,0,0,-691000,0,0,0,2000,693000,-691000,-691000
050899,旭富元大95購01  ,0,0,0,0,0,0,0,0,0,-691000,0,0,0,24000,715000,-691000,-691000
051618,智邦凱基95購06  ,0,0,0,0,0,0,0,0,0,-693000,0,0,0,251000,944000,-693000,-693000
049371,可成元大94購04  ,0,0,0,0,0,0,0,0,0,-695000,0,0,0,5000,700000,-695000,-695000
06089P,矽創永豐97售01  ,0,0,0,0,0,0,0,0,0,-696000,0,0,0,10000,706000,-696000,-696000
3665,貿聯-KY         ,872000,1365717,-493717,0,0,0,1000,76000,-75000,-129000,69000,71000,-2000,7000,134000,-127000,-697717
055063,玉晶光永豐99購01,0,0,0,0,0,0,0,0,0,-705000,0,0,0,10000,715000,-705000,-705000
3014,聯陽            ,430000,1119000,-689000,0,0,0,0,0,0,-25000,20000,0,20000,0,45000,-45000,-714000
1326,台化            ,3180150,4399080,-1218930,0,0,0,179000,0,179000,324000,6000,96000,-90000,414000,0,414000,-715930
053418,旺宏永豐96購02  ,0,0,0,0,0,0,0,0,0,-719000,0,0,0,703000,1422000,-719000,-719000
055107,旺宏凱基98購04  ,0,0,0,0,0,0,0,0,0,-721000,0,0,0,66000,787000,-721000,-721000
054934,金寶元大97購01  ,0,0,0,0,0,0,0,0,0,-721000,0,0,0,9000,730000,-721000,-721000
6443,元晶            ,24000,752000,-728000,0,0,0,0,0,0,-1000,0,1000,-1000,0,0,0,-729000
6456,GIS-KY          ,132000,718000,-586000,0,0,0,0,0,0,-143000,0,7000,-7000,1000,137000,-136000,-729000
051410,京元電國票96購01,0,0,0,0,0,0,0,0,0,-730000,0,0,0,0,730000,-730000,-730000
3380,明泰            ,32000,726000,-694000,0,0,0,0,0,0,-40000,119000,127000,-8000,0,32000,-32000,-734000
054983,國巨元富97購04  ,10000,0,10000,0,0,0,0,0,0,-746000,0,0,0,3265000,4011000,-746000,-736000
6269,台郡            ,1325000,1305000,20000,0,0,0,0,303000,-303000,-454000,66000,445000,-379000,18000,93000,-75000,-737000
049240,華通元富94購01  ,0,0,0,0,0,0,0,0,0,-738000,0,0,0,60000,798000,-738000,-738000
053391,嘉聯益元大99購01,0,0,0,0,0,0,0,0,0,-743000,0,0,0,34000,777000,-743000,-743000
05049P,矽創永豐95售01  ,0,0,0,0,0,0,0,0,0,-749000,0,0,0,12000,761000,-749000,-749000
052653,臺股指永豐97購01,0,0,0,0,0,0,0,0,0,-750000,0,0,0,80000,830000,-750000,-750000
2448,晶電            ,10585000,8805000,1780000,0,0,0,0,2090000,-2090000,-441000,299000,740000,-441000,0,0,0,-751000
044269,群創中信95購01  ,0,0,0,0,0,0,0,0,0,-753000,0,0,0,816000,1569000,-753000,-753000
041973,台灣50中信94購01,0,0,0,0,0,0,0,0,0,-758000,0,0,0,82000,840000,-758000,-758000
9946,三發地產        ,180000,940000,-760000,0,0,0,0,0,0,-1000,0,1000,-1000,0,0,0,-761000
058039,元石油元大98購03,0,0,0,0,0,0,0,0,0,-766000,0,0,0,0,766000,-766000,-766000
04464P,可成元富94售04  ,0,0,0,0,0,0,0,0,0,-773000,0,0,0,14000,787000,-773000,-773000
057910,華新科兆豐99購02,0,0,0,0,0,0,0,0,0,-789000,0,0,0,0,789000,-789000,-789000
055614,華新科國票97購02,0,0,0,0,0,0,0,0,0,-792000,0,0,0,290000,1082000,-792000,-792000
3019,亞光            ,765000,1178000,-413000,0,0,0,0,0,0,-379000,146000,254000,-108000,19000,290000,-271000,-792000
2439,美律            ,241000,1295000,-1054000,0,0,0,3000,0,3000,258000,60000,52000,8000,307000,57000,250000,-793000
053798,台積電中信98購02,0,0,0,0,0,0,0,0,0,-800000,0,0,0,140000,940000,-800000,-800000
050991,元油2X元大96購04,0,0,0,0,0,0,0,0,0,-801000,0,0,0,142000,943000,-801000,-801000
3189,景碩            ,1278000,1800000,-522000,0,0,0,0,0,0,-283000,50000,120000,-70000,22000,235000,-213000,-805000
06658P,台灣50富邦9C售01,0,0,0,0,0,0,0,0,0,-810000,0,0,0,154000,964000,-810000,-810000
050778,瑞儀元大96購01  ,0,0,0,0,0,0,0,0,0,-815000,0,0,0,193000,1008000,-815000,-815000
057417,國巨凱基9A購03  ,0,0,0,0,0,0,0,0,0,-820000,0,0,0,39000,859000,-820000,-820000
05547P,群創元大96售03  ,0,0,0,0,0,0,0,0,0,-827000,0,0,0,94000,921000,-827000,-827000
00631L,元大台灣50正2   ,29000,55000,-26000,0,0,0,0,0,0,-807000,44000,0,44000,1886000,2737000,-851000,-833000
050142,聯發科元富9A購01,0,0,0,0,0,0,0,0,0,-836000,0,0,0,405000,1241000,-836000,-836000
3406,玉晶光          ,1772030,2169865,-397835,0,0,0,19000,94000,-75000,-369000,276000,531000,-255000,28000,142000,-114000,-841835
2340,光磊            ,480000,1302000,-822000,0,0,0,0,0,0,-23000,18000,39000,-21000,338000,340000,-2000,-845000
3576,聯合再生        ,727000,609000,118000,0,0,0,0,0,0,-966000,0,966000,-966000,0,0,0,-848000
8213,志超            ,53000,904000,-851000,0,0,0,0,0,0,-5000,0,5000,-5000,0,0,0,-856000
056977,國巨群益9A購01  ,0,0,0,0,0,0,0,0,0,-859000,0,0,0,64000,923000,-859000,-859000
03657C,T50反1元大99牛01,0,0,0,0,0,0,0,0,0,-860000,0,0,0,0,860000,-860000,-860000
053935,華通元富96購02  ,0,0,0,0,0,0,0,0,0,-862000,0,0,0,0,862000,-862000,-862000
054689,華新科永豐97購01,0,0,0,0,0,0,0,0,0,-868000,0,0,0,590000,1458000,-868000,-868000
5876,上海商銀        ,4712000,5694223,-982223,0,0,0,6000,0,6000,108000,156000,0,156000,23000,71000,-48000,-868223
054756,世紀鋼凱基99購01,0,0,0,0,0,0,0,0,0,-871000,0,0,0,151000,1022000,-871000,-871000
00762,元大全球AI      ,1000,0,1000,0,0,0,0,0,0,-873000,25000,0,25000,38000,936000,-898000,-872000
2392,正崴            ,67000,925000,-858000,0,0,0,0,0,0,-18000,1000,2000,-1000,0,17000,-17000,-876000
2357,華碩            ,1064901,2143019,-1078118,0,0,0,6000,0,6000,192000,26000,3000,23000,169000,0,169000,-880118
2614,東森            ,825000,1726000,-901000,0,0,0,0,0,0,7000,14000,7000,7000,0,0,0,-894000
2355,敬鵬            ,34000,911000,-877000,0,0,0,0,0,0,-19000,0,17000,-17000,0,2000,-2000,-896000
9945,潤泰新          ,502720,1457528,-954808,0,0,0,3000,0,3000,51000,25000,12000,13000,38000,0,38000,-900808
055145,T50反1元大97購04,0,0,0,0,0,0,0,0,0,-915000,0,0,0,2554000,3469000,-915000,-915000
2332,友訊            ,488000,1527000,-1039000,0,0,0,0,0,0,124000,525000,177000,348000,134000,358000,-224000,-915000
2323,中環            ,1909000,2106000,-197000,0,0,0,2000,0,2000,-731000,27000,459000,-432000,34000,333000,-299000,-926000
053563,台積電富邦97購01,0,0,0,0,0,0,0,0,0,-932000,0,0,0,264000,1196000,-932000,-932000
06227P,大立光群益97售04,0,0,0,0,0,0,0,0,0,-938000,0,0,0,98000,1036000,-938000,-938000
2368,金像電          ,3489000,2881000,608000,0,0,0,0,0,0,-1547000,494000,2041000,-1547000,0,0,0,-939000
056610,鴻海永豐98購01  ,0,0,0,0,0,0,0,0,0,-947000,0,0,0,314000,1261000,-947000,-947000
052852,國巨元富96購02  ,0,0,0,0,0,0,0,0,0,-949000,0,0,0,501000,1450000,-949000,-949000
00668,國泰美國道瓊    ,3000,0,3000,0,0,0,0,0,0,-957000,0,0,0,268000,1225000,-957000,-954000
042903,金寶元大94購01  ,0,0,0,0,0,0,0,0,0,-967000,0,0,0,5000,972000,-967000,-967000
054633,臺股指凱基9A購02,0,0,0,0,0,0,0,0,0,-973000,0,0,0,360000,1333000,-973000,-973000
056013,T50反1群益97購01,0,0,0,0,0,0,0,0,0,-980000,0,0,0,0,980000,-980000,-980000
03643C,臺股指元富99牛04,0,0,0,0,0,0,0,0,0,-980000,0,0,0,634000,1614000,-980000,-980000
1304,台聚            ,291000,440000,-149000,0,0,0,0,450000,-450000,-381000,0,381000,-381000,0,0,0,-980000
00635U,元大S&P黃金     ,42000,761000,-719000,0,0,0,0,0,0,-265000,0,250000,-250000,283000,298000,-15000,-984000
052400,聯詠凱基97購01  ,0,0,0,0,0,0,0,0,0,-985000,0,0,0,30000,1015000,-985000,-985000
044013,友達凱基93購01  ,0,0,0,0,0,0,0,0,0,-988000,0,0,0,10000,998000,-988000,-988000
2328,廣宇            ,108000,1045000,-937000,0,0,0,0,0,0,-52000,6000,7000,-1000,0,51000,-51000,-989000
055641,鴻海元富97購04  ,0,0,0,0,0,0,0,0,0,-998000,0,0,0,20000,1018000,-998000,-998000
04858P,健策元富94售01  ,0,0,0,0,0,0,0,0,0,-998000,0,0,0,0,998000,-998000,-998000
048503,百和元大93購02  ,0,0,0,0,0,0,0,0,0,-998000,0,0,0,0,998000,-998000,-998000
1303,南亞            ,4043803,5248404,-1204601,0,0,0,237000,0,237000,-31000,1000,33000,-32000,1000,0,1000,-998601
051996,康友元大95購01  ,0,0,0,0,0,0,0,0,0,-1000000,0,0,0,0,1000000,-1000000,-1000000
047379,元油2X元大96購03,0,0,0,0,0,0,0,0,0,-1010000,0,0,0,0,1010000,-1010000,-1010000
00640L,富邦日本正2     ,5000,3000,2000,0,0,0,0,0,0,-1012000,0,0,0,428000,1440000,-1012000,-1010000
052531,台積電國泰96購06,0,0,0,0,0,0,0,0,0,-1014000,0,0,0,0,1014000,-1014000,-1014000
049007,玉晶光中信96購01,0,0,0,0,0,0,0,0,0,-1024000,0,0,0,471000,1495000,-1024000,-1024000
043538,元石油國票97購01,0,0,0,0,0,0,0,0,0,-1030000,0,0,0,0,1030000,-1030000,-1030000
050416,高股息凱基96購02,0,0,0,0,0,0,0,0,0,-1030000,0,0,0,49000,1079000,-1030000,-1030000
2354,鴻準            ,1301600,2402878,-1101278,0,0,0,2000,0,2000,69000,87000,18000,69000,0,0,0,-1030278
055672,國巨日盛97購02  ,0,0,0,0,0,0,0,0,0,-1052000,0,0,0,611000,1663000,-1052000,-1052000
056767,大毅元大99購01  ,0,0,0,0,0,0,0,0,0,-1052000,0,0,0,409000,1461000,-1052000,-1052000
057563,旭富國泰9A購01  ,0,0,0,0,0,0,0,0,0,-1052000,0,0,0,74000,1126000,-1052000,-1052000
2634,漢翔            ,87000,1145000,-1058000,0,0,0,5000,0,5000,0,0,0,0,0,0,0,-1053000
1609,大亞            ,45000,1103000,-1058000,0,0,0,3000,0,3000,-3000,0,3000,-3000,0,0,0,-1058000
6257,矽格            ,166000,1246000,-1080000,0,0,0,0,0,0,18000,104000,75000,29000,0,11000,-11000,-1062000
1718,中纖            ,830000,1925000,-1095000,0,0,0,0,0,0,0,0,0,0,0,0,0,-1095000
056862,聯發科群益98購03,0,0,0,0,0,0,0,0,0,-1097000,0,0,0,106000,1203000,-1097000,-1097000
1312,國喬            ,338000,1396000,-1058000,0,0,0,0,0,0,-40000,6000,46000,-40000,0,0,0,-1098000
048813,元黃金凱基94購01,0,0,0,0,0,0,0,0,0,-1106000,0,0,0,3000,1109000,-1106000,-1106000
2455,全新            ,150010,786750,-636740,0,0,0,0,225000,-225000,-247000,27000,148000,-121000,11000,137000,-126000,-1108740
042752,台灣50元大96購03,0,0,0,0,0,0,0,0,0,-1110000,0,0,0,34000,1144000,-1110000,-1110000
057190,立積元大9A購02  ,0,0,0,0,0,0,0,0,0,-1133000,0,0,0,95000,1228000,-1133000,-1133000
2345,智邦            ,2973949,3591396,-617447,0,0,0,73000,6000,67000,-596000,128000,545000,-417000,20000,199000,-179000,-1146447
2515,中工            ,547000,1697000,-1150000,0,0,0,0,0,0,0,16000,12000,4000,27000,31000,-4000,-1150000
03828P,致茂中信95售01  ,0,0,0,0,0,0,0,0,0,-1151000,0,0,0,10000,1161000,-1151000,-1151000
055812,台積電國票99購02,0,0,0,0,0,0,0,0,0,-1163000,0,0,0,71000,1234000,-1163000,-1163000
045600,道瓊指國票95購01,0,0,0,0,0,0,0,0,0,-1174000,0,0,0,154000,1328000,-1174000,-1174000
006208,富邦台50        ,4000,0,4000,0,0,0,0,0,0,-1178000,0,0,0,0,1178000,-1178000,-1174000
2481,強茂            ,131000,1122000,-991000,0,0,0,0,0,0,-185000,0,0,0,57000,242000,-185000,-1176000
4915,致伸            ,359000,1515000,-1156000,0,0,0,4000,0,4000,-49000,0,1000,-1000,7000,55000,-48000,-1201000
2360,致茂            ,596100,1661582,-1065482,0,0,0,1000,0,1000,-141000,36000,129000,-93000,0,48000,-48000,-1205482
055998,臺股指富邦99購01,0,0,0,0,0,0,0,0,0,-1209000,0,0,0,7000,1216000,-1209000,-1209000
2201,裕隆            ,1453000,2022000,-569000,0,0,0,0,0,0,-646000,8000,8000,0,53000,699000,-646000,-1215000
056181,百和元富97購02  ,0,0,0,0,0,0,0,0,0,-1230000,0,0,0,0,1230000,-1230000,-1230000
2838,聯邦銀          ,217000,1448000,-1231000,0,0,0,0,0,0,1000,13000,12000,1000,0,0,0,-1230000
2889,國票金          ,1079000,2396000,-1317000,0,0,0,29000,0,29000,30000,54000,24000,30000,0,0,0,-1258000
3545,敦泰            ,657000,1906243,-1249243,0,0,0,0,0,0,-9000,0,9000,-9000,0,0,0,-1258243
044104,鴻海中信95購03  ,0,0,0,0,0,0,0,0,0,-1274000,0,0,0,1297000,2571000,-1274000,-1274000
4943,康控-KY         ,446000,1546000,-1100000,0,0,0,0,0,0,-176000,20000,62000,-42000,27000,161000,-134000,-1276000
05774P,臺股指凱基99售04,0,0,0,0,0,0,0,0,0,-1277000,0,0,0,59000,1336000,-1277000,-1277000
055263,華新科富邦9A購01,0,0,0,0,0,0,0,0,0,-1281000,0,0,0,409000,1690000,-1281000,-1281000
043958,臻鼎元富94購01  ,0,0,0,0,0,0,0,0,0,-1320000,0,0,0,78000,1398000,-1320000,-1320000
3045,台灣大          ,1931142,3303673,-1372531,0,0,0,70000,0,70000,-17700,1000,19700,-18700,1000,0,1000,-1320231
2338,光罩            ,207000,1320000,-1113000,0,0,0,0,0,0,-221000,0,104000,-104000,30000,147000,-117000,-1334000
2369,菱生            ,442000,1771000,-1329000,0,0,0,0,0,0,-19000,2000,21000,-19000,0,0,0,-1348000
2371,大同            ,2517416,3758503,-1241087,0,0,0,0,0,0,-109000,61000,170000,-109000,0,0,0,-1350087
8150,南茂            ,465000,1762000,-1297000,0,0,0,0,0,0,-61000,0,3000,-3000,29000,87000,-58000,-1358000
054369,鴻海中信9C購01  ,0,0,0,0,0,0,0,0,0,-1390000,0,0,0,415000,1805000,-1390000,-1390000
051514,智邦凱基95購05  ,0,0,0,0,0,0,0,0,0,-1448000,0,0,0,0,1448000,-1448000,-1448000
2308,台達電          ,3351112,4681481,-1330369,0,0,0,49000,0,49000,-191000,9000,108000,-99000,7000,99000,-92000,-1472369
00638R,元大滬深300反1  ,0,601000,-601000,0,0,0,0,0,0,-873000,850000,166000,684000,574000,2131000,-1557000,-1474000
2379,瑞昱            ,2046084,3447771,-1401687,0,0,0,105000,38000,67000,-151000,16000,75000,-59000,17000,109000,-92000,-1485687
00730,富邦臺灣優質高息,3000,0,3000,0,0,0,0,0,0,-1496000,0,0,0,54000,1550000,-1496000,-1493000
9904,寶成            ,6061962,7545967,-1484005,0,0,0,92000,98000,-6000,-5000,11000,16000,-5000,0,0,0,-1495005
2383,台光電          ,791000,1487000,-696000,0,0,0,17000,532000,-515000,-376000,90000,297000,-207000,21000,190000,-169000,-1587000
055448,健策統一97購02  ,0,0,0,0,0,0,0,0,0,-1590000,0,0,0,140000,1730000,-1590000,-1590000
049996,元油2X永豐94購05,0,0,0,0,0,0,0,0,0,-1621000,0,0,0,117000,1738000,-1621000,-1621000
1102,亞泥            ,4894350,7736930,-2842580,0,0,0,99000,0,99000,1095000,10000,1000,9000,1166000,80000,1086000,-1648580
3673,TPK-KY          ,365000,1946000,-1581000,0,0,0,2000,0,2000,-107000,2000,36000,-34000,2000,75000,-73000,-1686000
2458,義隆            ,498000,1957000,-1459000,0,0,0,2000,132000,-130000,-110000,112000,51000,61000,4000,175000,-171000,-1699000
8215,明基材          ,267000,1977000,-1710000,0,0,0,0,0,0,5000,12000,7000,5000,0,0,0,-1705000
1504,東元            ,3074000,4805000,-1731000,0,0,0,24000,0,24000,-6000,18000,24000,-6000,0,0,0,-1713000
6505,台塑化          ,749050,2919734,-2170684,0,0,0,84000,0,84000,352000,7000,48000,-41000,409000,16000,393000,-1734684
055210,S&P正2凱基97購01,0,0,0,0,0,0,0,0,0,-1749000,0,0,0,250000,1999000,-1749000,-1749000
051733,中環國票96購02  ,0,0,0,0,0,0,0,0,0,-1787000,0,0,0,0,1787000,-1787000,-1787000
044717,旺宏統一94購01  ,0,0,0,0,0,0,0,0,0,-1836000,0,0,0,240000,2076000,-1836000,-1836000
3034,聯詠            ,2170938,3935880,-1764942,0,0,0,16000,0,16000,-94000,143000,289000,-146000,160000,108000,52000,-1842942
2474,可成            ,1469313,3141104,-1671791,0,0,0,218000,9000,209000,-389000,93000,290000,-197000,33000,225000,-192000,-1851791
046999,康控富邦99購01  ,0,0,0,0,0,0,0,0,0,-1887000,0,0,0,20000,1907000,-1887000,-1887000
053657,元大金凱基96購01,0,0,0,0,0,0,0,0,0,-1907000,0,0,0,0,1907000,-1907000,-1907000
2382,廣達            ,2757501,5164698,-2407197,0,0,0,90000,0,90000,349000,149000,425000,-276000,655000,30000,625000,-1968197
052681,T50反1元大98購02,0,0,0,0,0,0,0,0,0,-1977000,0,0,0,92000,2069000,-1977000,-1977000
2633,台灣高鐵        ,2730674,4503729,-1773055,0,0,0,30000,0,30000,-241000,0,133000,-133000,5000,113000,-108000,-1984055
2867,三商壽          ,218000,2216000,-1998000,0,0,0,0,0,0,-10000,27000,37000,-10000,0,0,0,-2008000
5871,中租-KY         ,2293699,4311644,-2017945,0,0,0,16000,300,15700,-47000,3000,51000,-48000,1000,0,1000,-2049245
05545P,台表科國泰98售01,0,0,0,0,0,0,0,0,0,-2068000,0,0,0,18000,2086000,-2068000,-2068000
00717,富邦美國特別股  ,0,360000,-360000,0,0,0,0,0,0,-1723000,0,0,0,100000,1823000,-1723000,-2083000
056698,T50反1國泰9A購01,0,0,0,0,0,0,0,0,0,-2132000,0,0,0,195000,2327000,-2132000,-2132000
2801,彰銀            ,4985703,7260350,-2274647,0,0,0,209000,2000,207000,-72000,1000,45000,-44000,0,28000,-28000,-2139647
2449,京元電子        ,1077000,4000690,-2923690,0,0,0,0,0,0,764000,106000,16000,90000,910000,236000,674000,-2159690
051277,聯發科中信9A購01,0,0,0,0,0,0,0,0,0,-2161000,0,0,0,5000,2166000,-2161000,-2161000
3711,日月光投控      ,10194203,12904136,-2709933,0,0,0,74000,0,74000,471000,87000,201000,-114000,629000,44000,585000,-2164933
052314,鴻海元大96購11  ,0,0,0,0,0,0,0,0,0,-2185000,0,0,0,108000,2293000,-2185000,-2185000
2327,國巨            ,6160450,8336701,-2176251,0,0,0,96000,275000,-179000,167000,626000,414000,212000,503000,548000,-45000,-2188251
056591,S&P正2元富9A購01,0,0,0,0,0,0,0,0,0,-2224000,0,0,0,418000,2642000,-2224000,-2224000
2841,台開            ,37000,2270000,-2233000,0,0,0,0,0,0,-7000,0,7000,-7000,0,0,0,-2240000
2412,中華電          ,3386990,5775854,-2388864,0,0,0,161000,0,161000,-41000,0,41000,-41000,0,0,0,-2268864
6153,嘉聯益          ,726000,2315000,-1589000,0,0,0,0,0,0,-721000,33000,288000,-255000,2000,468000,-466000,-2310000
3049,和鑫            ,584000,2866000,-2282000,0,0,0,0,0,0,-69000,3000,1000,2000,0,71000,-71000,-2351000
2367,燿華            ,690000,2895000,-2205000,0,0,0,0,0,0,-239000,0,16000,-16000,30000,253000,-223000,-2444000
2002,中鋼            ,9052862,11876796,-2823934,0,0,0,400000,0,400000,-40000,2000,42000,-40000,0,0,0,-2463934
2603,長榮            ,4318000,6835919,-2517919,0,0,0,244000,0,244000,-229000,26000,255000,-229000,0,0,0,-2502919
056112,勤誠永豐97購02  ,0,0,0,0,0,0,0,0,0,-2552000,0,0,0,0,2552000,-2552000,-2552000
1216,統一            ,6779481,9533719,-2754238,0,0,0,203000,0,203000,-36000,22000,1000,21000,0,57000,-57000,-2587238
051133,台積電永豐95購02,0,0,0,0,0,0,0,0,0,-2632000,0,0,0,1781000,4413000,-2632000,-2632000
6116,彩晶            ,2581000,4162000,-1581000,0,0,0,0,0,0,-1068000,14000,150000,-136000,17000,949000,-932000,-2649000
00647L,元大S&P500正2   ,2000,0,2000,0,0,0,0,0,0,-2732000,0,397000,-397000,129000,2464000,-2335000,-2730000
00646,元大S&P500      ,4000,0,4000,0,0,0,0,0,0,-2822000,0,0,0,0,2822000,-2822000,-2818000
00701,國泰股利精選30  ,0,3000,-3000,0,0,0,0,0,0,-2838000,0,0,0,155000,2993000,-2838000,-2841000
6251,定穎            ,152000,3307000,-3155000,0,0,0,275000,0,275000,-23000,188000,211000,-23000,0,0,0,-2903000
052150,台積電富邦95購07,0,0,0,0,0,0,0,0,0,-2927000,0,0,0,0,2927000,-2927000,-2927000
00708L,元大S&P黃金正2  ,0,428000,-428000,0,0,0,0,0,0,-2609000,0,0,0,1519000,4128000,-2609000,-3037000
5880,合庫金          ,7608607,11004666,-3396059,0,0,0,309000,3000,306000,2000,2000,0,2000,0,0,0,-3088059
2352,佳世達          ,553000,3697000,-3144000,0,0,0,21000,0,21000,-18000,21000,32000,-11000,0,7000,-7000,-3141000
4938,和碩            ,6249577,9864827,-3615250,0,0,0,33000,0,33000,435000,3000,12000,-9000,563000,119000,444000,-3147250
00634R,富邦上証反1     ,0,689000,-689000,0,0,0,0,0,0,-2476000,0,0,0,764000,3240000,-2476000,-3165000
1314,中石化          ,3292000,6282000,-2990000,0,0,0,16000,0,16000,-274000,3000,59000,-56000,0,218000,-218000,-3248000
2498,宏達電          ,2058000,3736000,-1678000,0,0,0,0,0,0,-1605000,83000,209000,-126000,48000,1527000,-1479000,-3283000
2492,華新科          ,1592000,4553064,-2961064,0,0,0,41000,1225000,-1184000,824000,1067000,539000,528000,620000,324000,296000,-3321064
2454,聯發科          ,4252160,6734584,-2482424,0,0,0,23000,368000,-345000,-540000,64000,189000,-125000,16000,431000,-415000,-3367424
2880,華南金          ,5815171,9583512,-3768341,0,0,0,300000,4000,296000,-15000,2000,7000,-5000,0,10000,-10000,-3487341
053131,華通國票97購03  ,0,0,0,0,0,0,0,0,0,-3490000,0,0,0,8000,3498000,-3490000,-3490000
00830,國泰費城半導體  ,263000,0,263000,0,0,0,0,0,0,-3761000,0,0,0,153000,3914000,-3761000,-3498000
045872,元油2X元富98購03,0,0,0,0,0,0,0,0,0,-3581000,0,0,0,1481000,5062000,-3581000,-3581000
041900,元油2X富邦96購01,0,0,0,0,0,0,0,0,0,-3670000,0,0,0,0,3670000,-3670000,-3670000
00670L,富邦NASDAQ正2   ,6000,1000,5000,0,0,0,0,0,0,-3769000,0,976000,-976000,41000,2834000,-2793000,-3764000
2610,華航            ,9557000,13273440,-3716440,0,0,0,49000,1000,48000,-135000,180000,292000,-112000,0,23000,-23000,-3803440
053564,台積電富邦99購01,0,0,0,0,0,0,0,0,0,-3918000,0,0,0,305000,4223000,-3918000,-3918000
3017,奇鋐            ,535000,3234000,-2699000,0,0,0,81000,580000,-499000,-850000,0,123000,-123000,34000,761000,-727000,-4048000
1402,遠東新          ,3952000,8136941,-4184941,0,0,0,132000,50000,82000,25000,51000,4000,47000,25000,47000,-22000,-4077941
046147,道瓊指中信96購02,0,0,0,0,0,0,0,0,0,-4161000,0,0,0,50000,4211000,-4161000,-4161000
2353,宏碁            ,4149000,8456761,-4307761,0,0,0,24000,0,24000,42000,97000,42000,55000,63000,76000,-13000,-4241761
056829,台積電富邦9A購01,0,0,0,0,0,0,0,0,0,-4570000,0,0,0,165000,4735000,-4570000,-4570000
2887,台新金          ,8302400,13298622,-4996222,0,0,0,318000,3000,315000,-14000,1000,23000,-22000,8000,0,8000,-4695222
3037,欣興            ,5933000,8477000,-2544000,0,0,0,118000,1785000,-1667000,-585000,93000,285000,-192000,70000,463000,-393000,-4796000
00692,富邦公司治理    ,4000,0,4000,0,0,0,0,0,0,-4832000,0,0,0,1057000,5889000,-4832000,-4828000
00861,元大全球未來通訊,74200,5000,69200,0,0,0,0,0,0,-5069000,0,0,0,451000,5520000,-5069000,-4999800
1301,台塑            ,4908011,10017721,-5109710,0,0,0,71000,0,71000,-1000,5000,12000,-7000,7000,1000,6000,-5039710
2892,第一金          ,7632359,13268509,-5636150,0,0,0,392000,4000,388000,-4000,1000,5000,-4000,0,0,0,-5252150
2409,友達            ,54404800,54728000,-323200,0,0,0,164000,3528000,-3364000,-1759000,415000,1884000,-1469000,729000,1019000,-290000,-5446200
2884,玉山金          ,15329000,21220644,-5891644,0,0,0,352000,5000,347000,-5000,117000,120000,-3000,22000,24000,-2000,-5549644
2881,富邦金          ,7114871,12952725,-5837854,0,0,0,249000,2000,247000,-67000,51000,28000,23000,8000,98000,-90000,-5657854
00850,元大臺灣ESG永續 ,4000,1000,3000,0,0,0,0,0,0,-5936000,0,0,0,837000,6773000,-5936000,-5933000
2313,華通            ,2521000,4553000,-2032000,0,0,0,13000,2563000,-2550000,-1520000,719000,1434000,-715000,219000,1024000,-805000,-6102000
2823,中壽            ,4642000,10863598,-6221598,0,0,0,46000,1000,45000,-136000,1000,115000,-114000,7000,29000,-22000,-6312598
2344,華邦電          ,8538630,13377709,-4839079,0,0,0,119000,250000,-131000,-1760000,93000,381000,-288000,42000,1514000,-1472000,-6730079
2408,南亞科          ,3040533,7265086,-4224553,0,0,0,32000,2158000,-2126000,-399000,637000,1263000,-626000,661000,434000,227000,-6749553
2834,臺企銀          ,6077717,13311643,-7233926,0,0,0,167000,2000,165000,19000,1000,14000,-13000,32000,0,32000,-7049926
2885,元大金          ,10117875,16697365,-6579490,0,0,0,358000,7000,351000,-1167000,27000,1379000,-1352000,268000,83000,185000,-7395490
2301,光寶科          ,6119753,15010888,-8891135,0,0,0,17000,1000,16000,856000,145000,91000,54000,834000,32000,802000,-8019135
2618,長榮航          ,6904000,15374669,-8470669,0,0,0,96000,1000,95000,69000,198000,141000,57000,12000,0,12000,-8306669
2882,國泰金          ,6956679,15436698,-8480019,0,0,0,287000,151327,135673,-512071,0,412071,-412071,49000,149000,-100000,-8856417
2890,永豐金          ,9310976,18725892,-9414916,0,0,0,334000,5000,329000,-15000,1000,19000,-18000,3000,0,3000,-9100916
00852L,國泰美國道瓊正2 ,2000,0,2000,0,0,0,0,0,0,-9376000,118000,0,118000,530000,10024000,-9494000,-9374000
00715L,街口布蘭特油正2 ,2000,0,2000,0,0,0,0,0,0,-9409000,0,0,0,41000,9450000,-9409000,-9407000
2883,開發金          ,8511450,20498317,-11986867,0,0,0,439000,4000,435000,-130000,2000,1000,1000,0,131000,-131000,-11681867
2337,旺宏            ,33256000,41161502,-7905502,0,0,0,403000,1782000,-1379000,-2816000,265000,1227000,-962000,244000,2098000,-1854000,-12100502
2303,聯電            ,35552628,46894000,-11341372,0,0,0,146000,3250000,-3104000,923000,2447000,1206000,1241000,84000,402000,-318000,-13522372
2317,鴻海            ,22087129,38073013,-15985884,0,0,0,107000,1000,106000,-487000,408000,340000,68000,266000,821000,-555000,-16366884
0050,元大台灣50      ,40008,12689000,-12648992,0,0,0,85000,0,85000,-6799000,194000,2427000,-2233000,2319000,6885000,-4566000,-19362992
2888,新光金          ,23736461,46542001,-22805540,0,0,0,167000,0,167000,1523000,794000,69000,725000,1857000,1059000,798000,-21115540
2330,台積電          ,24621943,48743753,-24121810,0,0,0,258000,23000,235000,-444985,1053000,659000,394000,390000,1228985,-838985,-24331795
0056,元大高股息      ,57000,2000,55000,0,0,0,105000,0,105000,-49840000,5000,0,5000,226000,50071000,-49845000,-49680000
00642U,元大S&P石油     ,130000,10186000,-10056000,0,0,0,0,0,0,-84751000,100000,0,100000,2685000,87536000,-84851000,-94807000
00672L,元大S&P原油正2  ,1479000,41099000,-39620000,0,0,0,0,0,0,-58604000,70000,1600000,-1530000,10995000,68069000,-57074000,-98224000
