證券代號,證券名稱,外陸資買進股數(不含外資自營商),外陸資賣出股數(不含外資自營商),外陸資買賣超股數(不含外資自營商),外資自營商買進股數,外資自營商賣出股數,外資自營商買賣超股數,投信買進股數,投信賣出股數,投信買賣超股數,自營商買賣超股數,自營商買進股數(自行買賣),自營商賣出股數(自行買賣),自營商買賣超股數(自行買賣),自營商買進股數(避險),自營商賣出股數(避險),自營商買賣超股數(避險),三大法人買賣超股數
2409,友達            ,97099999,28568000,68531999,0,0,0,31000,0,31000,-3841000,1130000,1978000,-848000,1119000,4112000,-2993000,64721999
2303,聯電            ,59151401,35483153,23668248,0,0,0,490000,281000,209000,68000,616000,725000,-109000,299000,122000,177000,23945248
0056,元大高股息      ,26000,43000,-17000,0,0,0,0,0,0,18354000,1000000,0,1000000,17354000,0,17354000,18337000
3481,群創            ,65781191,40955000,24826191,0,0,0,0,5000000,-5000000,-1658000,1358000,1092000,266000,2531000,4455000,-1924000,18168191
2301,光寶科          ,22676635,11113009,11563626,0,0,0,175000,0,175000,-283000,111000,553000,-442000,618000,459000,159000,11455626
00876,元大未來關鍵科技,1000,1000,0,0,0,0,0,0,0,11187000,0,0,0,11798000,611000,11187000,11187000
00715L,街口布蘭特油正2 ,5610000,4879000,731000,0,0,0,0,0,0,6753000,0,0,0,15460000,8707000,6753000,7484000
3037,欣興            ,22657000,15124000,7533000,0,0,0,1136000,19000,1117000,-1238000,302000,188000,114000,188000,1540000,-1352000,7412000
2201,裕隆            ,7967000,5152000,2815000,0,0,0,4174000,0,4174000,-348000,15000,62000,-47000,646000,947000,-301000,6641000
2408,南亞科          ,8298403,3886015,4412388,0,0,0,95000,0,95000,183000,107000,87000,20000,267000,104000,163000,4690388
2421,建準            ,4442000,645000,3797000,0,0,0,520000,0,520000,321000,25000,5000,20000,369000,68000,301000,4638000
3042,晶技            ,4955000,1128000,3827000,0,0,0,916000,619000,297000,401000,362000,213000,149000,295000,43000,252000,4525000
3034,聯詠            ,6881688,4145000,2736688,0,0,0,851000,9000,842000,294000,378000,110000,268000,129000,103000,26000,3872688
6251,定穎            ,4463000,731000,3732000,0,0,0,0,0,0,3000,5000,2000,3000,0,0,0,3735000
2324,仁寶            ,12863697,9015000,3848697,0,0,0,318000,0,318000,-1039000,2000,58000,-56000,41000,1024000,-983000,3127697
2308,台達電          ,8519032,4871874,3647158,0,0,0,810000,200000,610000,-1239000,2012000,3192000,-1180000,39000,98000,-59000,3018158
2603,長榮            ,7590873,3446000,4144873,0,0,0,0,0,0,-1129000,535000,1697000,-1162000,36000,3000,33000,3015873
00861,元大全球未來通訊,59000,59000,0,0,0,0,0,0,0,2836000,0,0,0,3307000,471000,2836000,2836000
2316,楠梓電          ,2881000,246000,2635000,0,0,0,0,0,0,-29000,0,30000,-30000,98000,97000,1000,2606000
2610,華航            ,9846977,7550000,2296977,0,0,0,0,0,0,244000,0,0,0,247000,3000,244000,2540977
068473,聯發科群益01購13,0,0,0,0,0,0,0,0,0,2327000,0,0,0,3040000,713000,2327000,2327000
6443,元晶            ,955000,2412000,-1457000,0,0,0,3744000,0,3744000,30000,30000,0,30000,0,0,0,2317000
3231,緯創            ,13549030,10861535,2687495,0,0,0,164000,0,164000,-587000,360000,0,360000,317000,1264000,-947000,2264495
053856,台積電富邦98購01,0,0,0,0,0,0,0,0,0,2199000,0,0,0,2350000,151000,2199000,2199000
052542,友達元富98購01  ,0,0,0,0,0,0,0,0,0,2132000,0,0,0,2218000,86000,2132000,2132000
1605,華新            ,4808000,1940528,2867472,0,0,0,1000000,0,1000000,-1738000,19000,650000,-631000,281000,1388000,-1107000,2129472
3029,零壹            ,2469000,439000,2030000,0,0,0,0,0,0,-44000,0,44000,-44000,0,0,0,1986000
2393,億光            ,3231000,1257000,1974000,0,0,0,0,0,0,-2000,81000,31000,50000,234000,286000,-52000,1972000
067683,上緯控元大01購03,0,0,0,0,0,0,0,0,0,1962000,0,0,0,3130000,1168000,1962000,1962000
2363,矽統            ,2703000,746000,1957000,0,0,0,0,0,0,-8000,0,8000,-8000,0,0,0,1949000
1909,榮成            ,2492000,567000,1925000,0,0,0,0,0,0,-31000,9000,40000,-31000,0,0,0,1894000
2456,奇力新          ,2078000,652000,1426000,0,0,0,0,0,0,425000,134000,104000,30000,400000,5000,395000,1851000
2327,國巨            ,3058941,1375952,1682989,0,0,0,12000,17000,-5000,171000,131000,77000,54000,141000,24000,117000,1848989
6269,台郡            ,3165000,1756000,1409000,0,0,0,558000,155000,403000,-45000,197000,208000,-11000,25000,59000,-34000,1767000
067100,華邦電群益01購01,0,0,0,0,0,0,0,0,0,1695000,0,0,0,1725000,30000,1695000,1695000
00708L,元大S&P黃金正2  ,3000,0,3000,0,0,0,0,0,0,1686000,0,0,0,2744000,1058000,1686000,1689000
068117,欣興元富07購02  ,0,0,0,0,0,0,0,0,0,1593000,0,0,0,2380000,787000,1593000,1593000
3673,TPK-KY          ,795000,668000,127000,0,0,0,1050000,0,1050000,371000,264000,0,264000,118000,11000,107000,1548000
066471,致新統一02購01  ,0,0,0,0,0,0,0,0,0,1455000,0,0,0,1523000,68000,1455000,1455000
060817,華邦電台新9A購01,0,0,0,0,0,0,0,0,0,1446000,0,0,0,1505000,59000,1446000,1446000
00670L,富邦NASDAQ正2   ,13000,1000,12000,0,0,0,0,0,0,1432000,0,0,0,1643000,211000,1432000,1444000
2454,聯發科          ,6400520,5153443,1247077,0,0,0,130000,488000,-358000,543000,269000,109000,160000,419000,36000,383000,1432077
066508,世紀鋼富邦03購01,0,0,0,0,0,0,0,0,0,1422000,0,0,0,1829000,407000,1422000,1422000
03875P,滬深2X國票05售01,0,0,0,0,0,0,0,0,0,1398000,0,0,0,1398000,0,1398000,1398000
00634R,富邦上証反1     ,1175000,339000,836000,0,0,0,0,0,0,561000,0,960000,-960000,1872000,351000,1521000,1397000
3189,景碩            ,4640000,3150000,1490000,0,0,0,0,20000,-20000,-176000,154000,106000,48000,113000,337000,-224000,1294000
068116,欣興元富07購01  ,0,0,0,0,0,0,0,0,0,1263000,0,0,0,1845000,582000,1263000,1263000
063984,華邦電國泰02購01,0,0,0,0,0,0,0,0,0,1244000,0,0,0,1251000,7000,1244000,1244000
068118,欣興元富07購03  ,0,0,0,0,0,0,0,0,0,1241000,0,0,0,2537000,1296000,1241000,1241000
2329,華泰            ,1634000,362000,1272000,0,0,0,0,0,0,-36000,0,36000,-36000,0,0,0,1236000
6153,嘉聯益          ,2435000,1383000,1052000,0,0,0,0,0,0,147000,130000,85000,45000,630000,528000,102000,1199000
057579,長榮航中信9A購01,0,0,0,0,0,0,0,0,0,1192000,0,0,0,1363000,171000,1192000,1192000
061188,大成鋼富邦9B購01,0,0,0,0,0,0,0,0,0,1172000,0,0,0,1212000,40000,1172000,1172000
066110,大成鋼兆豐01購01,0,0,0,0,0,0,0,0,0,1141000,0,0,0,1141000,0,1141000,1141000
1477,聚陽            ,1408000,968000,440000,0,0,0,828000,0,828000,-127000,151000,183000,-32000,47000,142000,-95000,1141000
1229,聯華            ,2152000,1014000,1138000,0,0,0,0,0,0,2000,10000,31000,-21000,23000,0,23000,1140000
065342,華邦電統一02購01,0,0,0,0,0,0,0,0,0,1137000,0,0,0,1146000,9000,1137000,1137000
03106P,T50反1元大01售06,0,0,0,0,0,0,0,0,0,1129000,0,0,0,1139000,10000,1129000,1129000
006205,富邦上証        ,37000,48000,-11000,0,0,0,0,0,0,1119000,4000,4000,0,2180000,1061000,1119000,1108000
2855,統一證          ,2439000,2832000,-393000,0,0,0,1500000,0,1500000,0,0,0,0,0,0,0,1107000
07890P,南電國票9B售01  ,0,0,0,0,0,0,0,0,0,1105000,0,0,0,1455000,350000,1105000,1105000
08892P,台積電元大01售27,0,0,0,0,0,0,0,0,0,1101000,0,0,0,1101000,0,1101000,1101000
065076,中橡元大9C購01  ,0,0,0,0,0,0,0,0,0,1100000,0,0,0,1100000,0,1100000,1100000
03087P,聯發科元大01售24,0,0,0,0,0,0,0,0,0,1099000,0,0,0,1364000,265000,1099000,1099000
07382P,台積電群益9B售01,0,0,0,0,0,0,0,0,0,1098000,0,0,0,1098000,0,1098000,1098000
068041,訊芯元富07購01  ,0,0,0,0,0,0,0,0,0,1095000,0,0,0,1193000,98000,1095000,1095000
066102,國揚國票02購01  ,0,0,0,0,0,0,0,0,0,1090000,0,0,0,1157000,67000,1090000,1090000
064725,緯創統一02購01  ,0,0,0,0,0,0,0,0,0,1089000,0,0,0,1104000,15000,1089000,1089000
063090,道瓊反中信9C購02,0,0,0,0,0,0,0,0,0,1087000,0,0,0,1088000,1000,1087000,1087000
067378,欣興統一02購02  ,0,0,0,0,0,0,0,0,0,1085000,0,0,0,1224000,139000,1085000,1085000
064235,美律統一9C購02  ,0,0,0,0,0,0,0,0,0,1080000,0,0,0,1143000,63000,1080000,1080000
03100P,玉晶光凱基03售04,0,0,0,0,0,0,0,0,0,1078000,0,0,0,1093000,15000,1078000,1078000
067625,欣興富邦03購01  ,0,0,0,0,0,0,0,0,0,1078000,0,0,0,2040000,962000,1078000,1078000
067308,欣興元大01購03  ,0,0,0,0,0,0,0,0,0,1027000,0,0,0,1434000,407000,1027000,1027000
065979,立積元大03購01  ,0,0,0,0,0,0,0,0,0,1022000,0,0,0,1282000,260000,1022000,1022000
065472,華新元大01購01  ,0,0,0,0,0,0,0,0,0,1008000,0,0,0,1196000,188000,1008000,1008000
066959,新唐元大01購01  ,0,0,0,0,0,0,0,0,0,1008000,0,0,0,1092000,84000,1008000,1008000
065862,世紀鋼元大9C購06,0,0,0,0,0,0,0,0,0,994000,0,0,0,1137000,143000,994000,994000
061173,T50反1凱基04購01,0,0,0,0,0,0,0,0,0,993000,0,0,0,997000,4000,993000,993000
064718,友達統一02購01  ,0,0,0,0,0,0,0,0,0,990000,0,0,0,1040000,50000,990000,990000
068057,惠特統一02購02  ,0,0,0,0,0,0,0,0,0,990000,0,0,0,1052000,62000,990000,990000
08055P,臺股指國票9B售20,0,0,0,0,0,0,0,0,0,988000,0,0,0,988000,0,988000,988000
068034,國揚元富07購01  ,0,0,0,0,0,0,0,0,0,984000,0,0,0,1138000,154000,984000,984000
064239,群創統一02購01  ,0,0,0,0,0,0,0,0,0,983000,0,0,0,1128000,145000,983000,983000
067367,台積電統一01購11,0,0,0,0,0,0,0,0,0,979000,0,0,0,979000,0,979000,979000
059581,日月光元富99購02,0,0,0,0,0,0,0,0,0,978000,0,0,0,978000,0,978000,978000
065496,裕隆富邦9C購01  ,0,0,0,0,0,0,0,0,0,976000,0,0,0,2546000,1570000,976000,976000
054472,道瓊反中信9A購01,0,0,0,0,0,0,0,0,0,974000,0,0,0,1109000,135000,974000,974000
064048,大立光統一9C購07,0,0,0,0,0,0,0,0,0,967000,0,0,0,1099000,132000,967000,967000
3545,敦泰            ,1613000,675650,937350,0,0,0,0,0,0,-3000,8000,0,8000,99000,110000,-11000,934350
6202,盛群            ,1207000,278000,929000,0,0,0,0,0,0,4000,4000,0,4000,0,0,0,933000
5264,鎧勝-KY         ,3977000,3439000,538000,0,0,0,0,0,0,376000,29000,15000,14000,458000,96000,362000,914000
2618,長榮航          ,4514831,3724369,790462,0,0,0,0,0,0,118000,29000,122000,-93000,380000,169000,211000,908462
08554P,玉晶光國票01售06,0,0,0,0,0,0,0,0,0,902000,0,0,0,1247000,345000,902000,902000
07900P,臺股指凱基9B售03,0,0,0,0,0,0,0,0,0,900000,0,0,0,900000,0,900000,900000
067477,億光元大01購01  ,0,0,0,0,0,0,0,0,0,900000,0,0,0,2479000,1579000,900000,900000
064904,茂林群益9C購02  ,0,0,0,0,0,0,0,0,0,888000,0,0,0,1025000,137000,888000,888000
067397,欣興永豐01購03  ,0,0,0,0,0,0,0,0,0,888000,0,0,0,1026000,138000,888000,888000
068038,康控元富03購01  ,0,0,0,0,0,0,0,0,0,880000,0,0,0,1402000,522000,880000,880000
2897,王道銀行        ,1604000,580000,1024000,0,0,0,0,0,0,-144000,0,144000,-144000,0,0,0,880000
066043,美律元大01購01  ,0,0,0,0,0,0,0,0,0,867000,0,0,0,1445000,578000,867000,867000
4938,和碩            ,8216348,6980696,1235652,0,0,0,103000,3000,100000,-477000,3000,170000,-167000,19000,329000,-310000,858652
08750P,台灣50群益01售04,0,0,0,0,0,0,0,0,0,858000,0,0,0,1530000,672000,858000,858000
2383,台光電          ,1059000,1438000,-379000,0,0,0,909000,5000,904000,330000,268000,128000,140000,209000,19000,190000,855000
064386,友達富邦01購01  ,0,0,0,0,0,0,0,0,0,846000,0,0,0,1083000,237000,846000,846000
060716,新唐永豐9A購01  ,0,0,0,0,0,0,0,0,0,840000,0,0,0,887000,47000,840000,840000
067661,大成元大01購01  ,0,0,0,0,0,0,0,0,0,830000,0,0,0,839000,9000,830000,830000
07043P,國巨元大99售14  ,0,0,0,0,0,0,0,0,0,825000,0,0,0,825000,0,825000,825000
057719,欣興元富02購01  ,0,0,0,0,0,0,0,0,0,823000,0,0,0,1180000,357000,823000,823000
066324,仲琦永豐01購01  ,0,0,0,0,0,0,0,0,0,822000,0,0,0,829000,7000,822000,822000
2905,三商            ,2464000,1646879,817121,0,0,0,0,0,0,0,0,0,0,0,0,0,817121
068343,台積電麥證01購12,0,0,0,951000,146000,805000,0,0,0,805000,0,0,0,951000,146000,805000,805000
063259,廣達富邦9C購01  ,0,0,0,0,0,0,0,0,0,804000,0,0,0,980000,176000,804000,804000
07844P,可成國票9A售01  ,0,0,0,0,0,0,0,0,0,798000,0,0,0,893000,95000,798000,798000
065098,致伸元大9C購02  ,0,0,0,0,0,0,0,0,0,794000,0,0,0,804000,10000,794000,794000
065039,國巨凱基02購02  ,0,0,0,0,0,0,0,0,0,776000,0,0,0,801000,25000,776000,776000
068104,彩晶永豐01購01  ,0,0,0,0,0,0,0,0,0,776000,0,0,0,865000,89000,776000,776000
08886P,台積電富邦04售04,0,0,0,0,0,0,0,0,0,765000,0,0,0,765000,0,765000,765000
067478,興勤元大01購01  ,0,0,0,0,0,0,0,0,0,760000,0,0,0,760000,0,760000,760000
058337,日月光元富99購01,0,0,0,0,0,0,0,0,0,754000,0,0,0,755000,1000,754000,754000
07106P,國巨統一9B售05  ,0,0,0,0,0,0,0,0,0,753000,0,0,0,753000,0,753000,753000
066115,美律兆豐02購01  ,0,0,0,0,0,0,0,0,0,752000,0,0,0,861000,109000,752000,752000
058896,中環元大99購03  ,0,0,0,0,0,0,0,0,0,750000,0,0,0,750000,0,750000,750000
066253,泰豐元大01購01  ,0,0,0,0,0,0,0,0,0,750000,0,0,0,750000,0,750000,750000
060596,元黃金凱基9A購02,0,0,0,0,0,0,0,0,0,744000,0,0,0,754000,10000,744000,744000
068023,聚陽元富07購01  ,0,0,0,0,0,0,0,0,0,744000,0,0,0,1477000,733000,744000,744000
3056,總太            ,876000,137000,739000,0,0,0,0,0,0,2000,0,0,0,22000,20000,2000,741000
053564,台積電富邦99購01,0,0,0,0,0,0,0,0,0,735000,0,0,0,735000,0,735000,735000
067392,欣興國泰03購01  ,0,0,0,0,0,0,0,0,0,731000,0,0,0,1222000,491000,731000,731000
063675,亞德客國泰01購01,0,0,0,0,0,0,0,0,0,729000,0,0,0,863000,134000,729000,729000
067670,微星元大01購06  ,0,0,0,0,0,0,0,0,0,728000,0,0,0,857000,129000,728000,728000
065687,華通元富9C購03  ,0,0,0,0,0,0,0,0,0,727000,0,0,0,758000,31000,727000,727000
07578P,高鐵元大9A售02  ,0,0,0,0,0,0,0,0,0,722000,0,0,0,722000,0,722000,722000
08095P,大立光元富9B售03,0,0,0,0,0,0,0,0,0,722000,0,0,0,785000,63000,722000,722000
063653,儒鴻元富9B購01  ,0,0,0,0,0,0,0,0,0,720000,0,0,0,753000,33000,720000,720000
067474,華邦電元大01購02,0,0,0,0,0,0,0,0,0,715000,0,0,0,931000,216000,715000,715000
063863,儒鴻富邦02購01  ,0,0,0,0,0,0,0,0,0,714000,0,0,0,1136000,422000,714000,714000
00639,富邦深100       ,627000,146000,481000,0,0,0,0,0,0,225771,0,0,0,1620771,1395000,225771,706771
067475,微星元大01購05  ,0,0,0,0,0,0,0,0,0,700000,0,0,0,808000,108000,700000,700000
067026,群創兆豐03購01  ,0,0,0,0,0,0,0,0,0,699000,0,0,0,899000,200000,699000,699000
067749,申豐元大01購02  ,0,0,0,0,0,0,0,0,0,693000,0,0,0,969000,276000,693000,693000
066563,日月光元大01購01,0,0,0,0,0,0,0,0,0,691000,0,0,0,717000,26000,691000,691000
3006,晶豪科          ,847000,170000,677000,0,0,0,0,0,0,12000,28000,3000,25000,0,13000,-13000,689000
067398,欣興永豐01購04  ,0,0,0,0,0,0,0,0,0,679000,0,0,0,1049000,370000,679000,679000
06653P,美食元大98售02  ,0,0,0,0,0,0,0,0,0,678000,0,0,0,678000,0,678000,678000
068111,大成鋼元富07購01,0,0,0,0,0,0,0,0,0,676000,0,0,0,676000,0,676000,676000
058645,康控富邦01購01  ,0,0,0,0,0,0,0,0,0,675000,0,0,0,977000,302000,675000,675000
067396,欣興永豐01購02  ,0,0,0,0,0,0,0,0,0,674000,0,0,0,693000,19000,674000,674000
066309,永光永豐01購01  ,0,0,0,0,0,0,0,0,0,671000,0,0,0,732000,61000,671000,671000
063490,儒鴻富邦9C購01  ,0,0,0,0,0,0,0,0,0,669000,0,0,0,842000,173000,669000,669000
056609,楠梓電永豐98購02,0,0,0,0,0,0,0,0,0,664000,0,0,0,664000,0,664000,664000
067200,深中小元大03購01,0,0,0,0,0,0,0,0,0,658000,0,0,0,761000,103000,658000,658000
067723,國揚凱基01購02  ,0,0,0,0,0,0,0,0,0,654000,0,0,0,666000,12000,654000,654000
061080,華邦電兆豐9B購01,0,0,0,0,0,0,0,0,0,648000,0,0,0,841000,193000,648000,648000
2412,中華電          ,4286158,3369000,917158,0,0,0,39000,284000,-245000,-30000,1000,34000,-33000,12000,9000,3000,642158
064426,群創兆豐9C購01  ,0,0,0,0,0,0,0,0,0,640000,0,0,0,660000,20000,640000,640000
057798,貿聯兆豐99購01  ,0,0,0,0,0,0,0,0,0,638000,0,0,0,741000,103000,638000,638000
065027,玉晶光中信03購01,30000,0,30000,0,0,0,0,0,0,603000,0,0,0,799000,196000,603000,633000
08726P,台積電群益01售07,0,0,0,0,0,0,0,0,0,633000,0,0,0,633000,0,633000,633000
068258,可成國泰03購01  ,0,0,0,0,0,0,0,0,0,630000,0,0,0,857000,227000,630000,630000
065258,華邦電元大01購01,0,0,0,0,0,0,0,0,0,625000,0,0,0,972000,347000,625000,625000
068155,國揚元大01購03  ,0,0,0,0,0,0,0,0,0,622000,0,0,0,857000,235000,622000,622000
056472,美律元大99購03  ,0,0,0,0,0,0,0,0,0,620000,0,0,0,655000,35000,620000,620000
08227P,T50反1元大9B售09,0,0,0,0,0,0,0,0,0,619000,0,0,0,619000,0,619000,619000
067696,欣興兆豐03購01  ,0,0,0,0,0,0,0,0,0,604000,0,0,0,628000,24000,604000,604000
08249P,聯發科群益9C售06,0,0,0,0,0,0,0,0,0,600000,0,0,0,670000,70000,600000,600000
08600P,臺股指元大9C售32,0,0,0,0,0,0,0,0,0,600000,0,0,0,600000,0,600000,600000
03840P,台積電統一99售02,0,0,0,0,0,0,0,0,0,600000,0,0,0,600000,0,600000,600000
06438P,玉晶光國票99售02,0,0,0,0,0,0,0,0,0,598000,0,0,0,623000,25000,598000,598000
068103,松翰永豐01購02  ,0,0,0,0,0,0,0,0,0,596000,0,0,0,596000,0,596000,596000
9914,美利達          ,1123000,835400,287600,0,0,0,89000,1000,88000,216000,151000,24000,127000,97000,8000,89000,591600
065019,華邦電富邦9C購01,0,0,0,0,0,0,0,0,0,591000,0,0,0,611000,20000,591000,591000
08857P,台灣50國票01售07,0,0,0,0,0,0,0,0,0,590000,0,0,0,600000,10000,590000,590000
067463,T50反1元大01購04,0,0,0,0,0,0,0,0,0,590000,0,0,0,590000,0,590000,590000
067687,啟碁元大01購02  ,0,0,0,0,0,0,0,0,0,588000,0,0,0,626000,38000,588000,588000
062707,致伸元大9B購01  ,0,0,0,0,0,0,0,0,0,587000,0,0,0,617000,30000,587000,587000
064460,健策統一9C購03  ,0,0,0,0,0,0,0,0,0,584000,0,0,0,717000,133000,584000,584000
066962,致新元大01購02  ,0,0,0,0,0,0,0,0,0,580000,0,0,0,580000,0,580000,580000
066063,南電元大01購04  ,0,0,0,0,0,0,0,0,0,578000,0,0,0,594000,16000,578000,578000
08461P,長榮航國票9C售01,0,0,0,0,0,0,0,0,0,576000,0,0,0,602000,26000,576000,576000
063269,儒鴻兆豐9C購01  ,0,0,0,0,0,0,0,0,0,576000,0,0,0,643000,67000,576000,576000
067997,美律元大01購02  ,0,0,0,0,0,0,0,0,0,576000,0,0,0,709000,133000,576000,576000
1526,日馳            ,1677000,1105000,572000,0,0,0,0,0,0,0,0,0,0,0,0,0,572000
07032P,聯發科統一9C售02,0,0,0,0,0,0,0,0,0,570000,0,0,0,1527000,957000,570000,570000
056657,華邦電元大99購01,0,0,0,0,0,0,0,0,0,570000,0,0,0,630000,60000,570000,570000
066331,東森永豐01購01  ,0,0,0,0,0,0,0,0,0,568000,0,0,0,594000,26000,568000,568000
068064,欣興兆豐03購02  ,0,0,0,0,0,0,0,0,0,566000,0,0,0,672000,106000,566000,566000
064697,健策群益01購02  ,0,0,0,0,0,0,0,0,0,565000,0,0,0,576000,11000,565000,565000
063610,儒鴻群益9B購02  ,0,0,0,0,0,0,0,0,0,564000,0,0,0,684000,120000,564000,564000
006206,元大上證50      ,781000,41000,740000,0,0,0,0,0,0,-177000,0,0,0,62000,239000,-177000,563000
065349,玉晶光統一9C購05,0,0,0,0,0,0,0,0,0,561000,0,0,0,600000,39000,561000,561000
3049,和鑫            ,4141000,3831000,310000,0,0,0,0,0,0,251000,0,57000,-57000,330000,22000,308000,561000
064988,志超元大9C購01  ,0,0,0,0,0,0,0,0,0,557000,0,0,0,848000,291000,557000,557000
064982,新唐元大9C購01  ,0,0,0,0,0,0,0,0,0,553000,0,0,0,1086000,533000,553000,553000
061847,力山國票9B購01  ,0,0,0,0,0,0,0,0,0,547000,0,0,0,608000,61000,547000,547000
060109,茂林元大99購05  ,0,0,0,0,0,0,0,0,0,545000,0,0,0,752000,207000,545000,545000
066562,上緯控元大01購01,0,0,0,0,0,0,0,0,0,545000,0,0,0,831000,286000,545000,545000
066011,華通元富01購01  ,0,0,0,0,0,0,0,0,0,545000,0,0,0,551000,6000,545000,545000
068520,彩晶統一03購02  ,0,0,0,0,0,0,0,0,0,543000,0,0,0,651000,108000,543000,543000
058911,茂林元大99購04  ,0,0,0,0,0,0,0,0,0,540000,0,0,0,730000,190000,540000,540000
060214,茂林康和9A購01  ,50000,120000,-70000,0,0,0,0,0,0,605000,0,0,0,1308000,703000,605000,535000
00643,群益深証中小    ,683000,47000,636000,0,0,0,0,0,0,-101000,0,0,0,194000,295000,-101000,535000
08207P,金像電群益9B售05,0,0,0,0,0,0,0,0,0,534000,0,0,0,602000,68000,534000,534000
059932,世紀鋼富邦9A購02,0,0,0,0,0,0,0,0,0,534000,0,0,0,536000,2000,534000,534000
066051,景碩元大01購01  ,0,0,0,0,0,0,0,0,0,534000,0,0,0,931000,397000,534000,534000
2478,大毅            ,755000,361000,394000,0,0,0,0,0,0,138000,0,14000,-14000,175000,23000,152000,532000
08825P,義隆元大01售04  ,0,0,0,0,0,0,0,0,0,530000,0,0,0,558000,28000,530000,530000
062984,致新元富9B購01  ,0,0,0,0,0,0,0,0,0,529000,0,0,0,550000,21000,529000,529000
068122,彩晶元富03購01  ,0,0,0,0,0,0,0,0,0,529000,0,0,0,738000,209000,529000,529000
08803P,鴻海元富07售08  ,0,0,0,0,0,0,0,0,0,524000,0,0,0,524000,0,524000,524000
064074,南茂永豐9C購01  ,0,0,0,0,0,0,0,0,0,524000,0,0,0,537000,13000,524000,524000
061490,茂林兆豐9B購01  ,0,0,0,0,0,0,0,0,0,523000,0,0,0,1291000,768000,523000,523000
068058,聯電中信03購02  ,0,0,0,0,0,0,0,0,0,523000,0,0,0,574000,51000,523000,523000
03010P,國巨國泰03售01  ,0,0,0,0,0,0,0,0,0,522000,0,0,0,610000,88000,522000,522000
067835,微星統一02購02  ,0,0,0,0,0,0,0,0,0,522000,0,0,0,525000,3000,522000,522000
063959,GIS元大9C購02   ,0,0,0,0,0,0,0,0,0,521000,0,0,0,572000,51000,521000,521000
1513,中興電          ,1285000,430000,855000,0,0,0,0,0,0,-335000,58000,24000,34000,78000,447000,-369000,520000
066177,上緯控凱基01購01,0,0,0,0,0,0,0,0,0,519000,0,0,0,734000,215000,519000,519000
065647,健鼎元大9C購05  ,0,0,0,0,0,0,0,0,0,519000,0,0,0,1219000,700000,519000,519000
061876,明泰元大9B購01  ,0,0,0,0,0,0,0,0,0,518000,0,0,0,634000,116000,518000,518000
064685,裕隆群益9C購01  ,0,0,0,0,0,0,0,0,0,517000,0,0,0,693000,176000,517000,517000
07634P,金像電元大9A售01,0,0,0,0,0,0,0,0,0,514000,0,0,0,515000,1000,514000,514000
064550,南茂凱基01購01  ,0,0,0,0,0,0,0,0,0,514000,0,0,0,521000,7000,514000,514000
066754,南電國泰02購01  ,0,0,0,0,0,0,0,0,0,514000,0,0,0,920000,406000,514000,514000
062050,亞德客統一9C購01,0,0,0,0,0,0,0,0,0,513000,0,0,0,640000,127000,513000,513000
08710P,鴻海元富07售03  ,0,0,0,0,0,0,0,0,0,511000,0,0,0,540000,29000,511000,511000
058714,美律統一9B購01  ,0,0,0,0,0,0,0,0,0,511000,0,0,0,764000,253000,511000,511000
6456,GIS-KY          ,2186000,2306000,-120000,0,0,0,189000,0,189000,442000,152000,103000,49000,505000,112000,393000,511000
068090,大成鋼群益01購02,0,0,0,0,0,0,0,0,0,510000,0,0,0,537000,27000,510000,510000
08316P,祥碩元大9C售04  ,0,0,0,0,0,0,0,0,0,509000,0,0,0,873000,364000,509000,509000
064981,致伸元大9C購01  ,0,0,0,0,0,0,0,0,0,505000,0,0,0,505000,0,505000,505000
067530,國巨群益01購09  ,0,0,0,0,0,0,0,0,0,505000,0,0,0,897000,392000,505000,505000
08809P,台灣50群益01售07,10000,0,10000,0,0,0,0,0,0,494000,0,0,0,851000,357000,494000,504000
066266,強茂元大01購01  ,0,0,0,0,0,0,0,0,0,504000,0,0,0,865000,361000,504000,504000
08800P,台積電元大01售20,0,0,0,0,0,0,0,0,0,502000,0,0,0,502000,0,502000,502000
057956,全新元大99購04  ,0,0,0,0,0,0,0,0,0,500000,0,0,0,500000,0,500000,500000
061775,臺指反國票9B購04,0,0,0,0,0,0,0,0,0,500000,0,0,0,500000,0,500000,500000
065782,健策富邦01購02  ,0,0,0,0,0,0,0,0,0,500000,0,0,0,506000,6000,500000,500000
066474,微星麥證01購01  ,0,0,0,500000,0,500000,0,0,0,500000,0,0,0,500000,0,500000,500000
067176,健策麥證02購02  ,0,0,0,525000,8000,517000,0,0,0,500000,0,0,0,525000,25000,500000,500000
067842,微星元富07購01  ,0,0,0,0,0,0,0,0,0,500000,0,0,0,597000,97000,500000,500000
065016,臺指反富邦01購01,0,0,0,0,0,0,0,0,0,499000,0,0,0,499000,0,499000,499000
062775,大成鋼元大9B購02,0,0,0,0,0,0,0,0,0,497000,0,0,0,497000,0,497000,497000
062133,大成鋼群益9B購01,0,0,0,0,0,0,0,0,0,497000,0,0,0,570000,73000,497000,497000
065983,亞德客國泰03購01,0,0,0,0,0,0,0,0,0,497000,0,0,0,594000,97000,497000,497000
066928,台達電國票01購02,0,0,0,0,0,0,0,0,0,496000,0,0,0,505000,9000,496000,496000
4927,泰鼎-KY         ,1144000,765000,379000,0,0,0,0,314000,-314000,431000,155000,20000,135000,308000,12000,296000,496000
061511,緯穎富邦9B購02  ,0,0,0,0,0,0,0,0,0,495000,0,0,0,545000,50000,495000,495000
065882,景碩台新9C購03  ,0,0,0,0,0,0,0,0,0,493000,0,0,0,724000,231000,493000,493000
068318,中興電元大01購01,0,0,0,0,0,0,0,0,0,490000,0,0,0,693000,203000,490000,490000
057997,旺宏第一9C購01  ,0,100000,-100000,0,0,0,0,0,0,589000,0,0,0,609000,20000,589000,489000
065271,日月光元大9C購02,0,0,0,0,0,0,0,0,0,488000,0,0,0,635000,147000,488000,488000
061170,南茂兆豐9B購01  ,0,0,0,0,0,0,0,0,0,488000,0,0,0,611000,123000,488000,488000
2102,泰豐            ,993000,268000,725000,0,0,0,0,0,0,-237000,0,7000,-7000,7000,237000,-230000,488000
060191,亞光元富9A購02  ,0,0,0,0,0,0,0,0,0,486000,0,0,0,509000,23000,486000,486000
067069,友訊元大01購03  ,0,0,0,0,0,0,0,0,0,486000,0,0,0,524000,38000,486000,486000
060414,中興電永豐9A購01,0,0,0,0,0,0,0,0,0,485000,0,0,0,591000,106000,485000,485000
058537,彩晶統一9B購01  ,0,0,0,0,0,0,0,0,0,485000,0,0,0,946000,461000,485000,485000
6504,南六            ,475000,121000,354000,0,0,0,0,0,0,131000,50000,4000,46000,131000,46000,85000,485000
064889,T50反1群益9C購02,0,0,0,0,0,0,0,0,0,480000,0,0,0,500000,20000,480000,480000
064378,群創元富9C購01  ,0,0,0,0,0,0,0,0,0,480000,0,0,0,521000,41000,480000,480000
6165,捷泰            ,508000,29000,479000,0,0,0,0,0,0,0,0,0,0,0,0,0,479000
064114,南茂國票01購01  ,0,0,0,0,0,0,0,0,0,477000,0,0,0,645000,168000,477000,477000
057445,華通元富02購01  ,0,0,0,0,0,0,0,0,0,472000,0,0,0,524000,52000,472000,472000
067492,健策元大01購11  ,0,0,0,0,0,0,0,0,0,472000,0,0,0,1080000,608000,472000,472000
066284,松翰元大01購01  ,0,0,0,0,0,0,0,0,0,472000,0,0,0,480000,8000,472000,472000
066001,景碩國票02購01  ,0,50000,-50000,0,0,0,0,0,0,521000,0,0,0,694000,173000,521000,471000
064446,聚陽統一02購02  ,0,0,0,0,0,0,0,0,0,470000,0,0,0,752000,282000,470000,470000
066411,南紡元大01購01  ,0,0,0,0,0,0,0,0,0,470000,0,0,0,493000,23000,470000,470000
8016,矽創            ,496000,146000,350000,0,0,0,0,2000,-2000,122000,2000,3000,-1000,149000,26000,123000,470000
00669R,國泰美國道瓊反1 ,5000,2000,3000,0,0,0,0,0,0,466000,0,0,0,1644000,1178000,466000,469000
063294,美律麥證9B購01  ,0,0,0,475000,7000,468000,0,0,0,468000,0,0,0,475000,7000,468000,468000
07055P,景碩群益9A售02  ,0,0,0,0,0,0,0,0,0,464000,0,0,0,505000,41000,464000,464000
057485,友達元大9C購04  ,0,0,0,0,0,0,0,0,0,464000,0,0,0,464000,0,464000,464000
065482,立積元大01購02  ,0,0,0,0,0,0,0,0,0,464000,0,0,0,542000,78000,464000,464000
067088,啟碁元大01購01  ,0,0,0,0,0,0,0,0,0,462000,0,0,0,462000,0,462000,462000
061589,世紀鋼富邦9B購01,0,0,0,0,0,0,0,0,0,459000,0,0,0,459000,0,459000,459000
08337P,台灣50凱基01售15,0,0,0,0,0,0,0,0,0,458000,0,0,0,458000,0,458000,458000
8926,台汽電          ,1047675,578000,469675,0,0,0,0,0,0,-13000,0,13000,-13000,0,0,0,456675
08510P,大立光富邦03售04,0,0,0,0,0,0,0,0,0,453000,0,0,0,453000,0,453000,453000
08598P,立積元大9C售04  ,0,0,0,0,0,0,0,0,0,453000,0,0,0,584000,131000,453000,453000
059996,美律元富99購01  ,0,0,0,0,0,0,0,0,0,453000,0,0,0,489000,36000,453000,453000
2314,台揚            ,583000,127000,456000,0,0,0,0,0,0,-3000,0,3000,-3000,0,0,0,453000
066291,惠特元大01購01  ,0,0,0,0,0,0,0,0,0,450000,0,0,0,479000,29000,450000,450000
064117,中興電元大9C購01,0,0,0,0,0,0,0,0,0,448000,0,0,0,532000,84000,448000,448000
059080,亞泥元大99購01  ,0,0,0,0,0,0,0,0,0,447000,0,0,0,606000,159000,447000,447000
063766,南茂元富9B購01  ,0,0,0,0,0,0,0,0,0,447000,0,0,0,447000,0,447000,447000
066533,南茂元富01購01  ,0,0,0,0,0,0,0,0,0,445000,0,0,0,503000,58000,445000,445000
064553,臺指反群益9C購01,0,0,0,0,0,0,0,0,0,444000,0,0,0,747000,303000,444000,444000
00783,富邦中証500     ,18000,35000,-17000,0,0,0,0,0,0,461000,0,0,0,1334000,873000,461000,444000
066234,群光富邦04購01  ,0,0,0,0,0,0,0,0,0,444000,0,0,0,502000,58000,444000,444000
065408,華通永豐9C購02  ,0,0,0,0,0,0,0,0,0,442000,0,0,0,442000,0,442000,442000
061427,旭富元大9A購02  ,0,0,0,0,0,0,0,0,0,442000,0,0,0,656000,214000,442000,442000
063054,健鼎統一01購01  ,0,0,0,0,0,0,0,0,0,441000,0,0,0,501000,60000,441000,441000
065984,緯創富邦03購01  ,0,0,0,0,0,0,0,0,0,441000,0,0,0,670000,229000,441000,441000
064673,南茂元大9C購01  ,0,0,0,0,0,0,0,0,0,440000,0,0,0,674000,234000,440000,440000
055701,亞德客富邦99購01,0,0,0,0,0,0,0,0,0,439000,0,0,0,1015000,576000,439000,439000
066752,南電元大01購06  ,0,0,0,0,0,0,0,0,0,439000,0,0,0,538000,99000,439000,439000
067620,聚陽國泰02購01  ,0,0,0,0,0,0,0,0,0,438000,0,0,0,733000,295000,438000,438000
068304,台積電國票03購01,0,0,0,0,0,0,0,0,0,436000,0,0,0,436000,0,436000,436000
08740P,創意康和01售03  ,0,0,0,0,0,0,0,0,0,431000,0,0,0,659000,228000,431000,431000
065169,華邦電元大9C購03,0,0,0,0,0,0,0,0,0,431000,0,0,0,480000,49000,431000,431000
00830,國泰費城半導體  ,23000,22000,1000,0,0,0,0,0,0,428000,0,0,0,713000,285000,428000,429000
062589,友達統一9C購03  ,0,0,0,0,0,0,0,0,0,429000,0,0,0,429000,0,429000,429000
2809,京城銀          ,1013000,495000,518000,0,0,0,350000,0,350000,-439000,0,11000,-11000,12000,440000,-428000,429000
066484,瑞昱元富07購01  ,0,0,0,0,0,0,0,0,0,428000,0,0,0,1032000,604000,428000,428000
067013,致新永豐01購01  ,0,0,0,0,0,0,0,0,0,427000,0,0,0,427000,0,427000,427000
067049,明泰凱基01購01  ,0,0,0,0,0,0,0,0,0,424000,0,0,0,427000,3000,424000,424000
066140,鎧勝群益01購01  ,0,0,0,0,0,0,0,0,0,418000,0,0,0,918000,500000,418000,418000
2841,台開            ,1044000,626000,418000,0,0,0,0,0,0,0,0,0,0,0,0,0,418000
063134,裕隆統一01購01  ,0,0,0,0,0,0,0,0,0,417000,0,0,0,562000,145000,417000,417000
061372,世紀鋼國泰9C購01,0,0,0,0,0,0,0,0,0,417000,0,0,0,473000,56000,417000,417000
066089,文曄永豐01購01  ,0,0,0,0,0,0,0,0,0,417000,0,0,0,522000,105000,417000,417000
067030,南電兆豐03購01  ,0,0,0,0,0,0,0,0,0,417000,0,0,0,539000,122000,417000,417000
058477,億光凱基9A購01  ,0,0,0,0,0,0,0,0,0,415000,0,0,0,1086000,671000,415000,415000
065314,矽創國票01購02  ,0,0,0,0,0,0,0,0,0,415000,0,0,0,832000,417000,415000,415000
067787,致伸群益03購01  ,0,0,0,0,0,0,0,0,0,415000,0,0,0,420000,5000,415000,415000
066270,國揚元大01購01  ,0,0,0,0,0,0,0,0,0,414000,0,0,0,556000,142000,414000,414000
062896,中興電元大9B購01,0,0,0,0,0,0,0,0,0,412000,0,0,0,693000,281000,412000,412000
067690,惠特元大01購04  ,0,0,0,0,0,0,0,0,0,412000,0,0,0,452000,40000,412000,412000
065104,南茂元大9C購02  ,0,0,0,0,0,0,0,0,0,410000,0,0,0,600000,190000,410000,410000
064196,健策群益01購01  ,0,0,0,0,0,0,0,0,0,410000,0,0,0,464000,54000,410000,410000
063777,儒鴻永豐9B購02  ,0,0,0,0,0,0,0,0,0,410000,0,0,0,410000,0,410000,410000
067788,致伸群益03購02  ,0,0,0,0,0,0,0,0,0,410000,0,0,0,420000,10000,410000,410000
065944,大成鋼統一02購01,0,0,0,0,0,0,0,0,0,410000,0,0,0,410000,0,410000,410000
058188,華擎永豐99購01  ,0,0,0,0,0,0,0,0,0,409000,0,0,0,424000,15000,409000,409000
062597,世紀鋼統一01購01,0,0,0,0,0,0,0,0,0,409000,0,0,0,428000,19000,409000,409000
067014,聯發科富邦03購05,0,0,0,0,0,0,0,0,0,407000,0,0,0,1879000,1472000,407000,407000
065128,大成鋼兆豐9C購01,0,0,0,0,0,0,0,0,0,405000,0,0,0,405000,0,405000,405000
067376,欣興統一01購01  ,0,0,0,0,0,0,0,0,0,404000,0,0,0,518000,114000,404000,404000
067027,日月光兆豐03購01,0,0,0,0,0,0,0,0,0,402000,0,0,0,493000,91000,402000,402000
058832,立積永豐99購01  ,0,0,0,0,0,0,0,0,0,401000,0,0,0,406000,5000,401000,401000
068124,康友元富07購01  ,0,0,0,0,0,0,0,0,0,401000,0,0,0,519000,118000,401000,401000
059016,晶相光元富99購03,0,0,0,0,0,0,0,0,0,400000,0,0,0,400000,0,400000,400000
056676,國產元富98購01  ,0,0,0,0,0,0,0,0,0,400000,0,0,0,400000,0,400000,400000
062571,臺指反群益9B購04,0,0,0,0,0,0,0,0,0,400000,0,0,0,400000,0,400000,400000
067129,神隆永豐01購01  ,0,0,0,0,0,0,0,0,0,400000,0,0,0,400000,0,400000,400000
06723P,台灣50麥證99售01,0,0,0,400000,0,400000,0,0,0,400000,0,0,0,400000,0,400000,400000
08623P,健策群益01售04  ,0,0,0,0,0,0,0,0,0,398000,0,0,0,508000,110000,398000,398000
00635U,元大S&P黃金     ,5000,0,5000,0,0,0,0,0,0,393000,0,0,0,687000,294000,393000,398000
062908,晶豪科元大9B購03,0,0,0,0,0,0,0,0,0,398000,0,0,0,486000,88000,398000,398000
065383,南電元大01購02  ,0,0,0,0,0,0,0,0,0,398000,0,0,0,400000,2000,398000,398000
061165,美律兆豐9A購01  ,0,0,0,0,0,0,0,0,0,397000,0,0,0,397000,0,397000,397000
067470,國巨元大01購10  ,0,0,0,0,0,0,0,0,0,397000,0,0,0,400000,3000,397000,397000
061796,興勤永豐9B購01  ,0,0,0,0,0,0,0,0,0,396000,0,0,0,416000,20000,396000,396000
067224,致新元大01購03  ,0,0,0,0,0,0,0,0,0,396000,0,0,0,447000,51000,396000,396000
065849,景碩元大9C購03  ,0,0,0,0,0,0,0,0,0,395000,0,0,0,816000,421000,395000,395000
064582,裕隆永豐9C購02  ,0,0,0,0,0,0,0,0,0,394000,0,0,0,486000,92000,394000,394000
064978,群創元大9C購07  ,0,0,0,0,0,0,0,0,0,393000,0,0,0,485000,92000,393000,393000
066267,強茂元大01購02  ,0,0,0,0,0,0,0,0,0,393000,0,0,0,754000,361000,393000,393000
3576,聯合再生        ,2055000,1662000,393000,0,0,0,0,0,0,0,0,0,0,0,0,0,393000
2379,瑞昱            ,1810942,1791348,19594,0,0,0,54000,7000,47000,324000,187000,22000,165000,174000,15000,159000,390594
064377,宏達電元富9C購01,0,0,0,0,0,0,0,0,0,390000,0,0,0,475000,85000,390000,390000
00648R,元大S&P500反1   ,0,0,0,0,0,0,0,0,0,390000,0,0,0,1601000,1211000,390000,390000
061745,南電凱基9B購02  ,0,0,0,0,0,0,0,0,0,390000,0,0,0,410000,20000,390000,390000
07864P,可成元大9B售01  ,0,0,0,0,0,0,0,0,0,388000,0,0,0,600000,212000,388000,388000
062408,致新永豐9B購01  ,0,0,0,0,0,0,0,0,0,388000,0,0,0,394000,6000,388000,388000
062980,康控元富9B購01  ,0,0,0,0,0,0,0,0,0,388000,0,0,0,556000,168000,388000,388000
065341,華邦電統一01購02,0,0,0,0,0,0,0,0,0,388000,0,0,0,388000,0,388000,388000
07919P,創意永豐9B售01  ,0,0,0,0,0,0,0,0,0,387000,0,0,0,387000,0,387000,387000
060158,廣達永豐9A購01  ,0,0,0,0,0,0,0,0,0,386000,0,0,0,413000,27000,386000,386000
065955,健鼎統一01購03  ,0,0,0,0,0,0,0,0,0,386000,0,0,0,685000,299000,386000,386000
00693U,街口S&P黃豆     ,482000,8000,474000,0,0,0,0,0,0,-89000,0,0,0,4535000,4624000,-89000,385000
03049P,台積電元富07售11,0,0,0,0,0,0,0,0,0,382000,0,0,0,397000,15000,382000,382000
062996,致茂國票9C購01  ,0,0,0,0,0,0,0,0,0,382000,0,0,0,387000,5000,382000,382000
067761,致伸永豐01購01  ,0,0,0,0,0,0,0,0,0,382000,0,0,0,382000,0,382000,382000
060915,旭富元大9A購01  ,0,0,0,0,0,0,0,0,0,379000,0,0,0,751000,372000,379000,379000
068173,友達中信01購05  ,0,0,0,0,0,0,0,0,0,379000,0,0,0,449000,70000,379000,379000
060110,茂林元大99購06  ,0,0,0,0,0,0,0,0,0,378000,0,0,0,609000,231000,378000,378000
3036,文曄            ,791000,340580,450420,0,0,0,0,0,0,-73000,0,102000,-102000,60000,31000,29000,377420
064238,玉晶光統一01購08,0,0,0,0,0,0,0,0,0,377000,0,0,0,449000,72000,377000,377000
067684,康控元大01購05  ,0,0,0,0,0,0,0,0,0,377000,0,0,0,841000,464000,377000,377000
062886,中興電群益9B購01,0,0,0,0,0,0,0,0,0,375000,0,0,0,417000,42000,375000,375000
064976,景碩元大9C購01  ,0,0,0,0,0,0,0,0,0,373000,0,0,0,706000,333000,373000,373000
068366,泰碩國泰03購02  ,0,0,0,0,0,0,0,0,0,373000,0,0,0,471000,98000,373000,373000
062145,億光國票9B購01  ,0,0,0,0,0,0,0,0,0,373000,0,0,0,642000,269000,373000,373000
067391,健策元富01購02  ,0,0,0,0,0,0,0,0,0,373000,0,0,0,461000,88000,373000,373000
062916,智易元大9B購01  ,0,0,0,0,0,0,0,0,0,371000,0,0,0,561000,190000,371000,371000
057582,亞光中信9A購02  ,0,0,0,0,0,0,0,0,0,371000,0,0,0,393000,22000,371000,371000
065690,台苯群益9C購01  ,0,0,0,0,0,0,0,0,0,371000,0,0,0,373000,2000,371000,371000
065553,聯詠凱基9C購03  ,0,0,0,0,0,0,0,0,0,370000,0,0,0,388000,18000,370000,370000
066598,致新群益02購01  ,0,0,0,0,0,0,0,0,0,369000,0,0,0,369000,0,369000,369000
066040,友訊元大01購02  ,0,0,0,0,0,0,0,0,0,368000,0,0,0,368000,0,368000,368000
2484,希華            ,571000,200000,371000,0,0,0,0,0,0,-3000,0,3000,-3000,0,0,0,368000
064273,華邦電元大9C購02,0,0,0,0,0,0,0,0,0,366000,0,0,0,371000,5000,366000,366000
063201,廣達統一01購01  ,0,0,0,0,0,0,0,0,0,366000,0,0,0,645000,279000,366000,366000
051849,旺宏中信98購01  ,0,0,0,0,0,0,0,0,0,364000,0,0,0,376000,12000,364000,364000
060506,京元電元大9A購02,0,0,0,0,0,0,0,0,0,364000,0,0,0,364000,0,364000,364000
066450,松翰群益01購01  ,0,0,0,0,0,0,0,0,0,364000,0,0,0,391000,27000,364000,364000
062871,大成鋼兆豐9B購01,0,0,0,0,0,0,0,0,0,363000,0,0,0,363000,0,363000,363000
068163,緯穎元大01購07  ,0,0,0,0,0,0,0,0,0,362000,0,0,0,365000,3000,362000,362000
061557,台積電國票9C購02,0,0,0,0,0,0,0,0,0,361000,0,0,0,371000,10000,361000,361000
068249,聯發科元大01購25,0,0,0,0,0,0,0,0,0,361000,0,0,0,556000,195000,361000,361000
03090P,臺股指元大01售19,0,0,0,0,0,0,0,0,0,360000,0,0,0,427000,67000,360000,360000
056470,旺宏元大99購01  ,0,0,0,0,0,0,0,0,0,359000,0,0,0,391000,32000,359000,359000
067299,燿華元大01購03  ,0,0,0,0,0,0,0,0,0,359000,0,0,0,424000,65000,359000,359000
08184P,可成永豐9B售03  ,0,0,0,0,0,0,0,0,0,358000,0,0,0,358000,0,358000,358000
060123,光罩永豐99購02  ,0,0,0,0,0,0,0,0,0,358000,0,0,0,412000,54000,358000,358000
063924,致新元富9C購01  ,0,0,0,0,0,0,0,0,0,358000,0,0,0,363000,5000,358000,358000
064170,儒鴻元富9C購01  ,0,0,0,0,0,0,0,0,0,357000,0,0,0,372000,15000,357000,357000
067215,亞光元大01購05  ,0,0,0,0,0,0,0,0,0,357000,0,0,0,357000,0,357000,357000
068165,南電元大01購08  ,0,0,0,0,0,0,0,0,0,356000,0,0,0,412000,56000,356000,356000
063613,全新群益9C購01  ,0,0,0,0,0,0,0,0,0,355000,0,0,0,375000,20000,355000,355000
3014,聯陽            ,395000,145000,250000,0,0,0,0,0,0,105000,60000,20000,40000,76000,11000,65000,355000
054471,T50反1中信9C購01,0,0,0,0,0,0,0,0,0,354000,0,0,0,504000,150000,354000,354000
057045,美律元大99購04  ,0,0,0,0,0,0,0,0,0,354000,0,0,0,384000,30000,354000,354000
067134,國揚永豐01購02  ,0,0,0,0,0,0,0,0,0,354000,0,0,0,411000,57000,354000,354000
062986,T50反1中信02購01,0,0,0,0,0,0,0,0,0,353000,0,0,0,1936000,1583000,353000,353000
067621,友達國泰02購01  ,0,0,0,0,0,0,0,0,0,352000,0,0,0,1302000,950000,352000,352000
08899P,台積電群益01售16,0,0,0,0,0,0,0,0,0,351000,0,0,0,351000,0,351000,351000
08257P,台積電元大9C售04,0,0,0,0,0,0,0,0,0,350000,0,0,0,350000,0,350000,350000
059760,楠梓電永豐99購01,0,0,0,0,0,0,0,0,0,350000,0,0,0,393000,43000,350000,350000
057912,美律日盛99購01  ,0,0,0,0,0,0,0,0,0,350000,0,0,0,350000,0,350000,350000
064099,億光群益9C購01  ,0,0,0,0,0,0,0,0,0,349000,0,0,0,447000,98000,349000,349000
058318,致茂永豐9A購01  ,0,0,0,0,0,0,0,0,0,349000,0,0,0,470000,121000,349000,349000
065495,上銀富邦01購02  ,0,0,0,0,0,0,0,0,0,349000,0,0,0,509000,160000,349000,349000
064444,聚陽統一01購02  ,0,0,0,0,0,0,0,0,0,347000,0,0,0,1187000,840000,347000,347000
061355,康友元大9A購03  ,0,0,0,0,0,0,0,0,0,346000,0,0,0,369000,23000,346000,346000
068153,美律元大01購04  ,0,0,0,0,0,0,0,0,0,346000,0,0,0,684000,338000,346000,346000
068095,GIS群益01購01   ,0,0,0,0,0,0,0,0,0,346000,0,0,0,570000,224000,346000,346000
066303,泰山永豐01購01  ,0,0,0,0,0,0,0,0,0,346000,0,0,0,346000,0,346000,346000
066044,京元電元大01購01,0,0,0,0,0,0,0,0,0,346000,0,0,0,433000,87000,346000,346000
055022,精元國泰99購01  ,0,0,0,0,0,0,0,0,0,345000,0,0,0,351000,6000,345000,345000
063781,健策永豐9B購08  ,0,0,0,0,0,0,0,0,0,345000,0,0,0,396000,51000,345000,345000
08576P,嘉澤凱基9C售03  ,0,0,0,0,0,0,0,0,0,341000,0,0,0,361000,20000,341000,341000
065847,嘉晶元大9C購03  ,0,0,0,0,0,0,0,0,0,340000,0,0,0,599000,259000,340000,340000
065006,景碩國票01購01  ,0,0,0,0,0,0,0,0,0,339000,0,0,0,434000,95000,339000,339000
059755,宏達電國泰9A購01,0,0,0,0,0,0,0,0,0,339000,0,0,0,459000,120000,339000,339000
065749,友訊元大9C購03  ,0,0,0,0,0,0,0,0,0,339000,0,0,0,360000,21000,339000,339000
00762,元大全球AI      ,0,0,0,0,0,0,0,0,0,338000,0,0,0,445000,107000,338000,338000
066755,永光永豐01購02  ,0,0,0,0,0,0,0,0,0,338000,0,0,0,346000,8000,338000,338000
067493,健策元大01購12  ,0,0,0,0,0,0,0,0,0,338000,0,0,0,581000,243000,338000,338000
3030,德律            ,730000,399000,331000,0,0,0,0,0,0,7000,0,1000,-1000,8000,0,8000,338000
064453,微星統一02購01  ,0,0,0,0,0,0,0,0,0,337000,0,0,0,380000,43000,337000,337000
065474,旺宏元大9C購06  ,0,0,0,0,0,0,0,0,0,337000,0,0,0,381000,44000,337000,337000
063693,智易永豐9B購02  ,0,0,0,0,0,0,0,0,0,336000,0,0,0,380000,44000,336000,336000
065682,健策統一9C購07  ,0,0,0,0,0,0,0,0,0,336000,0,0,0,569000,233000,336000,336000
065942,燿華元富01購01  ,0,0,0,0,0,0,0,0,0,336000,0,0,0,336000,0,336000,336000
067512,台郡統一02購03  ,0,0,0,0,0,0,0,0,0,335000,0,0,0,370000,35000,335000,335000
062265,南茂元大9B購01  ,0,0,0,0,0,0,0,0,0,334000,0,0,0,568000,234000,334000,334000
062550,啟碁永豐9B購01  ,0,0,0,0,0,0,0,0,0,334000,0,0,0,334000,0,334000,334000
061000,旺宏兆豐9A購02  ,0,0,0,0,0,0,0,0,0,334000,0,0,0,334000,0,334000,334000
08396P,鴻海元富9C售04  ,0,0,0,0,0,0,0,0,0,333000,0,0,0,336000,3000,333000,333000
062527,美律統一01購01  ,0,0,0,0,0,0,0,0,0,333000,0,0,0,791000,458000,333000,333000
08152P,祥碩統一9B售02  ,0,0,0,0,0,0,0,0,0,332000,0,0,0,537000,205000,332000,332000
064995,世紀鋼兆豐9C購01,0,0,0,0,0,0,0,0,0,332000,0,0,0,360000,28000,332000,332000
063587,漢唐永豐9B購02  ,0,0,0,0,0,0,0,0,0,332000,0,0,0,332000,0,332000,332000
061027,儒鴻永豐9A購02  ,0,0,0,0,0,0,0,0,0,332000,0,0,0,332000,0,332000,332000
07880P,可成群益9B售05  ,0,0,0,0,0,0,0,0,0,330000,0,0,0,350000,20000,330000,330000
06836P,玉晶光國票99售06,0,0,0,0,0,0,0,0,0,330000,0,0,0,330000,0,330000,330000
08564P,國巨群益9C售15  ,0,0,0,0,0,0,0,0,0,329000,0,0,0,329000,0,329000,329000
060367,緯穎元富9A購02  ,0,0,0,0,0,0,0,0,0,329000,0,0,0,336000,7000,329000,329000
068024,聚陽元富07購02  ,0,0,0,0,0,0,0,0,0,329000,0,0,0,874000,545000,329000,329000
064915,美律統一02購02  ,0,0,0,0,0,0,0,0,0,328000,0,0,0,506000,178000,328000,328000
067141,台表科永豐01購01,0,0,0,0,0,0,0,0,0,327000,0,0,0,420000,93000,327000,327000
066207,聯鈞統一01購02  ,0,0,0,0,0,0,0,0,0,327000,0,0,0,328000,1000,327000,327000
066285,松翰元大01購02  ,0,0,0,0,0,0,0,0,0,325000,0,0,0,582000,257000,325000,325000
08256P,台積電元大9C售02,0,0,0,0,0,0,0,0,0,324000,0,0,0,324000,0,324000,324000
064330,燿華元大9C購02  ,0,0,0,0,0,0,0,0,0,324000,0,0,0,324000,0,324000,324000
067991,旺宏元大01購04  ,0,0,0,0,0,0,0,0,0,323000,0,0,0,326000,3000,323000,323000
062498,華通群益9C購04  ,0,0,0,0,0,0,0,0,0,322000,0,0,0,343000,21000,322000,322000
064174,致新元富9C購02  ,0,0,0,0,0,0,0,0,0,321000,0,0,0,321000,0,321000,321000
08521P,台達電元大9C售03,0,0,0,0,0,0,0,0,0,321000,0,0,0,334000,13000,321000,321000
067082,健策元大01購07  ,0,0,0,0,0,0,0,0,0,321000,0,0,0,427000,106000,321000,321000
065794,麗豐永豐9C購01  ,0,0,0,0,0,0,0,0,0,321000,0,0,0,503000,182000,321000,321000
08716P,台積電兆豐01售02,0,0,0,0,0,0,0,0,0,320000,0,0,0,340000,20000,320000,320000
08098P,大立光凱基9B售09,0,0,0,0,0,0,0,0,0,320000,0,0,0,320000,0,320000,320000
067689,惠特元大01購03  ,0,0,0,0,0,0,0,0,0,320000,0,0,0,320000,0,320000,320000
08270P,鴻海富邦9C售02  ,0,0,0,0,0,0,0,0,0,319000,0,0,0,320000,1000,319000,319000
062653,正隆永豐9B購01  ,0,0,0,0,0,0,0,0,0,319000,0,0,0,319000,0,319000,319000
08765P,鴻海富邦01售02  ,0,0,0,0,0,0,0,0,0,318000,0,0,0,332000,14000,318000,318000
067734,亞德客元大01購03,0,0,0,0,0,0,0,0,0,318000,0,0,0,323000,5000,318000,318000
066232,聯強富邦03購01  ,0,0,0,0,0,0,0,0,0,318000,0,0,0,324000,6000,318000,318000
2913,農林            ,626000,266000,360000,0,0,0,0,0,0,-42000,0,42000,-42000,0,0,0,318000
064728,健策統一9C購04  ,0,0,0,0,0,0,0,0,0,317000,0,0,0,426000,109000,317000,317000
060288,群光元大9C購01  ,0,0,0,0,0,0,0,0,0,317000,0,0,0,379000,62000,317000,317000
060698,旺宏國泰9C購01  ,0,0,0,0,0,0,0,0,0,317000,0,0,0,337000,20000,317000,317000
062098,億光永豐9B購01  ,0,0,0,0,0,0,0,0,0,317000,0,0,0,431000,114000,317000,317000
066327,強茂永豐01購01  ,0,0,0,0,0,0,0,0,0,316000,0,0,0,321000,5000,316000,316000
067738,技嘉元大01購02  ,0,0,0,0,0,0,0,0,0,316000,0,0,0,357000,41000,316000,316000
068001,欣興元大01購08  ,0,0,0,0,0,0,0,0,0,315000,0,0,0,405000,90000,315000,315000
067495,日月光元大01購04,0,0,0,0,0,0,0,0,0,315000,0,0,0,588000,273000,315000,315000
066870,宏達電元富01購01,0,0,0,0,0,0,0,0,0,315000,0,0,0,400000,85000,315000,315000
065254,大成鋼元大9C購01,0,0,0,0,0,0,0,0,0,313000,0,0,0,313000,0,313000,313000
067310,欣興元大01購05  ,0,0,0,0,0,0,0,0,0,313000,0,0,0,482000,169000,313000,313000
064415,群創麥證9C購01  ,0,0,0,312000,0,312000,0,0,0,312000,0,0,0,312000,0,312000,312000
064563,全新群益02購01  ,0,0,0,0,0,0,0,0,0,312000,0,0,0,442000,130000,312000,312000
3052,夆典            ,400000,88000,312000,0,0,0,0,0,0,0,0,0,0,0,0,0,312000
066619,永光凱基01購01  ,0,0,0,0,0,0,0,0,0,311000,0,0,0,315000,4000,311000,311000
063999,日月光兆豐9C購01,0,0,0,0,0,0,0,0,0,309000,0,0,0,434000,125000,309000,309000
063651,金像電台新9B購01,0,0,0,0,0,0,0,0,0,309000,0,0,0,340000,31000,309000,309000
065806,貿聯群益9C購05  ,0,0,0,0,0,0,0,0,0,309000,0,0,0,309000,0,309000,309000
068402,群光元富03購01  ,0,0,0,0,0,0,0,0,0,308000,0,0,0,351000,43000,308000,308000
065896,智易統一02購01  ,0,0,0,0,0,0,0,0,0,308000,0,0,0,308000,0,308000,308000
067547,儒鴻中信01購01  ,0,0,0,0,0,0,0,0,0,308000,0,0,0,359000,51000,308000,308000
068022,聯發科台新01購01,0,0,0,0,0,0,0,0,0,308000,0,0,0,310000,2000,308000,308000
067743,緯創元大01購02  ,0,0,0,0,0,0,0,0,0,308000,0,0,0,581000,273000,308000,308000
061687,大成鋼群益9A購01,0,0,0,0,0,0,0,0,0,307000,0,0,0,307000,0,307000,307000
066356,嘉基永豐01購01  ,0,0,0,0,0,0,0,0,0,307000,0,0,0,313000,6000,307000,307000
1789,神隆            ,614000,277000,337000,0,0,0,0,0,0,-30000,0,0,0,16000,46000,-30000,307000
067505,微星統一03購01  ,0,0,0,0,0,0,0,0,0,306000,0,0,0,311000,5000,306000,306000
065655,緯穎元大9C購05  ,0,0,0,0,0,0,0,0,0,305000,0,0,0,397000,92000,305000,305000
07060P,台表科國票9A售01,0,0,0,0,0,0,0,0,0,304000,0,0,0,509000,205000,304000,304000
066250,大成鋼元大01購01,0,0,0,0,0,0,0,0,0,304000,0,0,0,338000,34000,304000,304000
067994,技嘉元大01購03  ,0,0,0,0,0,0,0,0,0,304000,0,0,0,327000,23000,304000,304000
068130,美律統一03購02  ,0,0,0,0,0,0,0,0,0,303000,0,0,0,456000,153000,303000,303000
1309,台達化          ,1178000,889000,289000,0,0,0,0,0,0,13000,20000,7000,13000,0,0,0,302000
00647L,元大S&P500正2   ,1000,13000,-12000,0,0,0,0,0,0,314000,0,0,0,938000,624000,314000,302000
056369,彩晶元大01購01  ,0,0,0,0,0,0,0,0,0,301000,0,0,0,301000,0,301000,301000
067242,景碩群益01購03  ,0,0,0,0,0,0,0,0,0,301000,0,0,0,580000,279000,301000,301000
08398P,台積電元富9C售04,0,0,0,0,0,0,0,0,0,300000,0,0,0,300000,0,300000,300000
08274P,台積電元富9C售02,0,0,0,0,0,0,0,0,0,300000,0,0,0,300000,0,300000,300000
03121P,聯電元大01售04  ,0,0,0,0,0,0,0,0,0,300000,0,0,0,355000,55000,300000,300000
060176,T50反1元富04購03,0,0,0,0,0,0,0,0,0,300000,0,0,0,300000,0,300000,300000
063839,華通元大9C購02  ,0,0,0,0,0,0,0,0,0,300000,0,0,0,331000,31000,300000,300000
067144,上銀統一02購01  ,0,0,0,0,0,0,0,0,0,300000,0,0,0,310000,10000,300000,300000
066111,上銀兆豐02購01  ,0,0,0,0,0,0,0,0,0,300000,0,0,0,425000,125000,300000,300000
065767,T50反1國票03購01,0,0,0,0,0,0,0,0,0,300000,0,0,0,300000,0,300000,300000
067942,瑞儀凱基02購01  ,0,0,0,0,0,0,0,0,0,298000,0,0,0,431000,133000,298000,298000
066957,健策元大01購06  ,0,0,0,0,0,0,0,0,0,296000,0,0,0,460000,164000,296000,296000
066893,技嘉兆豐01購02  ,0,0,0,0,0,0,0,0,0,296000,0,0,0,312000,16000,296000,296000
064247,廣達元富9C購01  ,0,0,0,0,0,0,0,0,0,295000,0,0,0,309000,14000,295000,295000
08246P,亞德客群益01售01,0,0,0,0,0,0,0,0,0,295000,0,0,0,377000,82000,295000,295000
08060P,嘉澤元大9B售01  ,0,0,0,0,0,0,0,0,0,295000,0,0,0,295000,0,295000,295000
059181,世紀鋼元富9C購01,0,0,0,0,0,0,0,0,0,295000,0,0,0,495000,200000,295000,295000
067166,華通麥證01購01  ,0,0,0,297000,0,297000,0,0,0,295000,0,0,0,297000,2000,295000,295000
067264,美利達國票02購01,0,0,0,0,0,0,0,0,0,294000,0,0,0,517000,223000,294000,294000
08375P,聯電元富9C售02  ,0,0,0,0,0,0,0,0,0,293000,0,0,0,293000,0,293000,293000
064799,裕隆元大9C購02  ,0,0,0,0,0,0,0,0,0,292000,0,0,0,772000,480000,292000,292000
068307,美律國票03購01  ,0,0,0,0,0,0,0,0,0,292000,0,0,0,330000,38000,292000,292000
064326,裕隆元大9C購01  ,0,0,0,0,0,0,0,0,0,291000,0,0,0,627000,336000,291000,291000
064179,上銀富邦01購01  ,0,0,0,0,0,0,0,0,0,290000,0,0,0,400000,110000,290000,290000
08891P,國巨元大01售11  ,0,0,0,0,0,0,0,0,0,290000,0,0,0,290000,0,290000,290000
058040,FBVIX元大98購01 ,0,0,0,0,0,0,0,0,0,290000,0,0,0,290000,0,290000,290000
00673R,元大S&P原油反1  ,0,0,0,0,0,0,0,0,0,290000,0,0,0,397000,107000,290000,290000
063804,華邦電兆豐01購01,0,0,0,0,0,0,0,0,0,290000,0,0,0,340000,50000,290000,290000
08926P,台積電元富07售06,0,0,0,0,0,0,0,0,0,288000,0,0,0,303000,15000,288000,288000
063277,大成鋼元大9B購03,0,0,0,0,0,0,0,0,0,287000,0,0,0,297000,10000,287000,287000
068028,國巨元富07購12  ,0,0,0,0,0,0,0,0,0,287000,0,0,0,302000,15000,287000,287000
062252,華邦電元大9C購01,0,0,0,0,0,0,0,0,0,286000,0,0,0,288000,2000,286000,286000
067222,申豐元大01購01  ,0,0,0,0,0,0,0,0,0,286000,0,0,0,510000,224000,286000,286000
064369,彩晶統一01購01  ,0,0,0,0,0,0,0,0,0,285000,0,0,0,682000,397000,285000,285000
07777P,創意元大9A售03  ,0,0,0,0,0,0,0,0,0,285000,0,0,0,355000,70000,285000,285000
065171,燿華元大9C購04  ,0,0,0,0,0,0,0,0,0,285000,0,0,0,320000,35000,285000,285000
066452,晶碩群益01購01  ,0,0,0,0,0,0,0,0,0,285000,0,0,0,295000,10000,285000,285000
064149,美律統一02購01  ,0,0,0,0,0,0,0,0,0,284000,0,0,0,566000,282000,284000,284000
062057,華邦電統一01購01,0,0,0,0,0,0,0,0,0,284000,0,0,0,347000,63000,284000,284000
5521,工信            ,648000,380000,268000,0,0,0,0,0,0,16000,16000,0,16000,0,0,0,284000
059261,華邦電中信01購01,0,0,0,0,0,0,0,0,0,283000,0,0,0,355000,72000,283000,283000
066597,緯穎群益02購01  ,0,0,0,0,0,0,0,0,0,283000,0,0,0,294000,11000,283000,283000
064375,智邦元富03購01  ,0,0,0,0,0,0,0,0,0,282000,0,0,0,413000,131000,282000,282000
066528,南電統一02購01  ,0,0,0,0,0,0,0,0,0,282000,0,0,0,309000,27000,282000,282000
066767,敦泰永豐01購02  ,0,0,0,0,0,0,0,0,0,282000,0,0,0,460000,178000,282000,282000
064498,可成元大01購03  ,0,0,0,0,0,0,0,0,0,281000,0,0,0,302000,21000,281000,281000
08677P,超眾群益01售02  ,0,0,0,0,0,0,0,0,0,281000,0,0,0,343000,62000,281000,281000
063175,燿華兆豐9C購01  ,0,0,0,0,0,0,0,0,0,281000,0,0,0,285000,4000,281000,281000
08606P,聯發科國票9C售05,0,0,0,0,0,0,0,0,0,280000,0,0,0,640000,360000,280000,280000
064820,裕隆統一9C購01  ,0,0,0,0,0,0,0,0,0,280000,0,0,0,469000,189000,280000,280000
062297,億豐永豐9B購01  ,0,0,0,0,0,0,0,0,0,280000,0,0,0,324000,44000,280000,280000
068119,健鼎元富07購01  ,0,0,0,0,0,0,0,0,0,280000,0,0,0,1845000,1565000,280000,280000
062543,華通富邦9C購01  ,0,0,0,0,0,0,0,0,0,279000,0,0,0,389000,110000,279000,279000
067978,緯穎群益01購06  ,0,0,0,0,0,0,0,0,0,279000,0,0,0,299000,20000,279000,279000
066467,晶碩統一03購01  ,0,0,0,0,0,0,0,0,0,279000,0,0,0,282000,3000,279000,279000
066015,健策元富01購01  ,0,0,0,0,0,0,0,0,0,279000,0,0,0,312000,33000,279000,279000
08313P,健策國票01售01  ,0,0,0,0,0,0,0,0,0,278000,0,0,0,582000,304000,278000,278000
064614,友訊元大9C購02  ,0,0,0,0,0,0,0,0,0,278000,0,0,0,279000,1000,278000,278000
067862,泰豐元大01購02  ,0,0,0,0,0,0,0,0,0,278000,0,0,0,284000,6000,278000,278000
067713,聚陽凱基01購02  ,0,0,0,0,0,0,0,0,0,278000,0,0,0,294000,16000,278000,278000
067309,欣興元大01購04  ,0,0,0,0,0,0,0,0,0,278000,0,0,0,672000,394000,278000,278000
067593,亞德客凱基01購01,0,0,0,0,0,0,0,0,0,277000,0,0,0,277000,0,277000,277000
067393,欣興國泰03購02  ,0,0,0,0,0,0,0,0,0,277000,0,0,0,739000,462000,277000,277000
066078,南電凱基02購02  ,0,0,0,0,0,0,0,0,0,277000,0,0,0,277000,0,277000,277000
063694,貿聯永豐9B購01  ,0,0,0,0,0,0,0,0,0,276000,0,0,0,279000,3000,276000,276000
067949,緯穎國泰03購01  ,0,0,0,0,0,0,0,0,0,276000,0,0,0,288000,12000,276000,276000
068287,鴻海群益01購10  ,0,0,0,0,0,0,0,0,0,275000,0,0,0,302000,27000,275000,275000
067154,華擎統一03購03  ,0,0,0,0,0,0,0,0,0,275000,0,0,0,275000,0,275000,275000
065448,緯創統一9C購01  ,0,0,0,0,0,0,0,0,0,274000,0,0,0,406000,132000,274000,274000
067851,華邦電國票02購01,0,0,0,0,0,0,0,0,0,274000,0,0,0,274000,0,274000,274000
066903,中興電凱基01購01,0,0,0,0,0,0,0,0,0,274000,0,0,0,403000,129000,274000,274000
066769,嘉基永豐01購02  ,0,0,0,0,0,0,0,0,0,273000,0,0,0,273000,0,273000,273000
068083,南電凱基01購04  ,0,0,0,0,0,0,0,0,0,273000,0,0,0,293000,20000,273000,273000
067063,為升元大01購01  ,0,0,0,0,0,0,0,0,0,273000,0,0,0,375000,102000,273000,273000
064774,聚陽群益9C購04  ,0,0,0,0,0,0,0,0,0,272000,0,0,0,483000,211000,272000,272000
08903P,台積電兆豐01售04,0,0,0,0,0,0,0,0,0,271000,0,0,0,271000,0,271000,271000
065316,大成鋼凱基9C購01,0,0,0,0,0,0,0,0,0,271000,0,0,0,321000,50000,271000,271000
07694P,超眾元大9A售05  ,0,0,0,0,0,0,0,0,0,270000,0,0,0,270000,0,270000,270000
059849,興勤永豐99購01  ,0,0,0,0,0,0,0,0,0,270000,0,0,0,270000,0,270000,270000
067377,欣興統一02購01  ,0,0,0,0,0,0,0,0,0,270000,0,0,0,290000,20000,270000,270000
066872,亞光國泰03購01  ,0,0,0,0,0,0,0,0,0,270000,0,0,0,330000,60000,270000,270000
064866,義隆永豐9C購02  ,0,0,0,0,0,0,0,0,0,269000,0,0,0,731000,462000,269000,269000
057566,欣興富邦99購01  ,0,0,0,0,0,0,0,0,0,269000,0,0,0,269000,0,269000,269000
063988,華通永豐9C購01  ,0,0,0,0,0,0,0,0,0,269000,0,0,0,269000,0,269000,269000
065713,緯穎群益9C購04  ,0,0,0,0,0,0,0,0,0,269000,0,0,0,269000,0,269000,269000
067337,欣興凱基01購01  ,0,0,0,0,0,0,0,0,0,269000,0,0,0,522000,253000,269000,269000
066293,惠特元大02購01  ,0,0,0,0,0,0,0,0,0,268000,0,0,0,268000,0,268000,268000
066265,精元元大01購01  ,0,0,0,0,0,0,0,0,0,268000,0,0,0,382000,114000,268000,268000
067077,智原元大01購04  ,0,0,0,0,0,0,0,0,0,267000,0,0,0,487000,220000,267000,267000
067652,義隆元富01購01  ,0,0,0,0,0,0,0,0,0,267000,0,0,0,1167000,900000,267000,267000
064974,燿華元大9C購03  ,0,0,0,0,0,0,0,0,0,266000,0,0,0,305000,39000,266000,266000
03085P,台積電元大01售34,0,0,0,0,0,0,0,0,0,266000,0,0,0,266000,0,266000,266000
066408,致新凱基01購02  ,0,0,0,0,0,0,0,0,0,266000,0,0,0,298000,32000,266000,266000
058899,旺宏元大99購10  ,0,0,0,0,0,0,0,0,0,265000,0,0,0,357000,92000,265000,265000
062360,華邦電元大9B購01,0,0,0,0,0,0,0,0,0,265000,0,0,0,447000,182000,265000,265000
067728,南亞科台新01購01,0,0,0,0,0,0,0,0,0,265000,0,0,0,278000,13000,265000,265000
067126,康控富邦03購02  ,0,0,0,0,0,0,0,0,0,265000,0,0,0,265000,0,265000,265000
065080,燿華元大01購01  ,0,0,0,0,0,0,0,0,0,262000,0,0,0,277000,15000,262000,262000
03145P,聯發科國票03售01,0,0,0,0,0,0,0,0,0,262000,0,0,0,280000,18000,262000,262000
065594,華通元大01購02  ,0,0,0,0,0,0,0,0,0,262000,0,0,0,325000,63000,262000,262000
066168,強茂凱基01購02  ,0,0,0,0,0,0,0,0,0,262000,0,0,0,269000,7000,262000,262000
064638,儒鴻凱基9C購03  ,0,0,0,0,0,0,0,0,0,261000,0,0,0,271000,10000,261000,261000
08720P,台光電元大01售03,0,0,0,0,0,0,0,0,0,261000,0,0,0,267000,6000,261000,261000
00641R,富邦日本反1     ,10000,28000,-18000,0,0,0,0,0,0,279000,0,0,0,635000,356000,279000,261000
063022,嘉晶元大9B購04  ,0,0,0,0,0,0,0,0,0,261000,0,0,0,413000,152000,261000,261000
062590,亞光統一9B購01  ,0,0,0,0,0,0,0,0,0,261000,0,0,0,261000,0,261000,261000
066348,松翰永豐01購01  ,0,0,0,0,0,0,0,0,0,261000,0,0,0,405000,144000,261000,261000
063874,志超永豐9C購01  ,0,0,0,0,0,0,0,0,0,260000,0,0,0,260000,0,260000,260000
068313,松翰國票03購01  ,0,0,0,0,0,0,0,0,0,259000,0,0,0,306000,47000,259000,259000
063436,儒鴻統一01購03  ,0,0,0,0,0,0,0,0,0,259000,0,0,0,313000,54000,259000,259000
063353,上銀元富9B購03  ,0,0,0,0,0,0,0,0,0,259000,0,0,0,274000,15000,259000,259000
064248,億光元富9C購01  ,0,0,0,0,0,0,0,0,0,258000,0,0,0,1103000,845000,258000,258000
064250,亞光元富9C購01  ,0,0,0,0,0,0,0,0,0,258000,0,0,0,308000,50000,258000,258000
060412,儒鴻永豐9A購01  ,0,0,0,0,0,0,0,0,0,258000,0,0,0,286000,28000,258000,258000
066856,致新元大01購01  ,0,0,0,0,0,0,0,0,0,258000,0,0,0,414000,156000,258000,258000
067275,聯發科統一02購07,0,0,0,0,0,0,0,0,0,258000,0,0,0,1088000,830000,258000,258000
067484,聯詠元大01購07  ,0,0,0,0,0,0,0,0,0,258000,0,0,0,290000,32000,258000,258000
08453P,玉晶光台新9C售02,0,0,0,0,0,0,0,0,0,257000,0,0,0,328000,71000,257000,257000
064816,訊芯元大9C購01  ,0,0,0,0,0,0,0,0,0,257000,0,0,0,272000,15000,257000,257000
6176,瑞儀            ,4590000,5401000,-811000,0,0,0,1275000,21000,1254000,-186000,173000,193000,-20000,40000,206000,-166000,257000
07799P,南電國票9A售04  ,0,0,0,0,0,0,0,0,0,255000,0,0,0,260000,5000,255000,255000
062374,茂林元大9B購03  ,0,0,0,0,0,0,0,0,0,255000,0,0,0,572000,317000,255000,255000
063556,儒鴻元大9B購02  ,0,0,0,0,0,0,0,0,0,253000,0,0,0,363000,110000,253000,253000
8215,明基材          ,739000,480000,259000,0,0,0,0,0,0,-6000,0,6000,-6000,0,0,0,253000
068355,美律凱基01購02  ,0,0,0,0,0,0,0,0,0,252000,0,0,0,262000,10000,252000,252000
064950,美律凱基02購01  ,0,0,0,0,0,0,0,0,0,252000,0,0,0,252000,0,252000,252000
08534P,玉晶光元富06售02,0,0,0,0,0,0,0,0,0,252000,0,0,0,327000,75000,252000,252000
066877,奇鋐富邦03購01  ,0,0,0,0,0,0,0,0,0,252000,0,0,0,370000,118000,252000,252000
060918,康友國泰9C購01  ,0,0,0,0,0,0,0,0,0,251000,0,0,0,345000,94000,251000,251000
6120,達運            ,810000,559000,251000,0,0,0,0,0,0,0,0,0,0,0,0,0,251000
060682,牧德元大9A購03  ,0,0,0,0,0,0,0,0,0,250000,0,0,0,250000,0,250000,250000
059656,T50反1元大99購11,0,0,0,0,0,0,0,0,0,250000,0,0,0,250000,0,250000,250000
066878,牧德富邦03購01  ,0,0,0,0,0,0,0,0,0,250000,0,0,0,250000,0,250000,250000
066269,宏達電元大01購03,0,0,0,0,0,0,0,0,0,250000,0,0,0,252000,2000,250000,250000
065712,緯穎群益9C購03  ,0,0,0,0,0,0,0,0,0,250000,0,0,0,311000,61000,250000,250000
08644P,臺股指中信02售02,0,0,0,0,0,0,0,0,0,249000,0,0,0,359000,110000,249000,249000
03072P,台積電國泰03售04,0,0,0,0,0,0,0,0,0,248000,0,0,0,718000,470000,248000,248000
03148P,聯電群益03售04  ,0,0,0,0,0,0,0,0,0,248000,0,0,0,310000,62000,248000,248000
065336,華新統一02購01  ,0,0,0,0,0,0,0,0,0,248000,0,0,0,821000,573000,248000,248000
063336,大成鋼統一9C購02,0,0,0,0,0,0,0,0,0,248000,0,0,0,248000,0,248000,248000
066077,健策凱基01購01  ,0,0,0,0,0,0,0,0,0,248000,0,0,0,330000,82000,248000,248000
067479,京元電元大01購05,0,0,0,0,0,0,0,0,0,247000,0,0,0,247000,0,247000,247000
067207,微星元大01購04  ,0,0,0,0,0,0,0,0,0,247000,0,0,0,292000,45000,247000,247000
067313,欣興元大03購01  ,0,0,0,0,0,0,0,0,0,246000,0,0,0,577000,331000,246000,246000
057972,群創富邦9C購01  ,0,0,0,0,0,0,0,0,0,245000,0,0,0,250000,5000,245000,245000
063435,儒鴻統一01購02  ,0,0,0,0,0,0,0,0,0,245000,0,0,0,300000,55000,245000,245000
065377,群創元大02購02  ,0,0,0,0,0,0,0,0,0,245000,0,0,0,329000,84000,245000,245000
067485,緯創元大01購01  ,0,0,0,0,0,0,0,0,0,245000,0,0,0,615000,370000,245000,245000
065831,緯創凱基9C購03  ,0,0,0,0,0,0,0,0,0,245000,0,0,0,307000,62000,245000,245000
08117P,聯發科元富9B售04,0,0,0,0,0,0,0,0,0,243000,0,0,0,293000,50000,243000,243000
07865P,可成元大9B售02  ,0,0,0,0,0,0,0,0,0,243000,0,0,0,243000,0,243000,243000
063552,晶技國票9B購03  ,0,0,0,0,0,0,0,0,0,243000,0,0,0,243000,0,243000,243000
062404,新唐永豐9B購01  ,0,0,0,0,0,0,0,0,0,243000,0,0,0,284000,41000,243000,243000
067758,儒鴻永豐01購01  ,0,0,0,0,0,0,0,0,0,243000,0,0,0,263000,20000,243000,243000
054301,楠梓電凱基98購01,0,0,0,0,0,0,0,0,0,242000,0,0,0,242000,0,242000,242000
067318,康控元大01購03  ,0,0,0,0,0,0,0,0,0,242000,0,0,0,480000,238000,242000,242000
066515,強茂永豐01購02  ,0,0,0,0,0,0,0,0,0,242000,0,0,0,280000,38000,242000,242000
6278,台表科          ,3444000,3730000,-286000,0,0,0,115000,324000,-209000,737000,577000,340000,237000,550000,50000,500000,242000
064295,聚陽國票01購01  ,0,0,0,0,0,0,0,0,0,240000,0,0,0,255000,15000,240000,240000
058510,全新元大9B購02  ,0,0,0,0,0,0,0,0,0,240000,0,0,0,310000,70000,240000,240000
057112,立積群益99購01  ,0,0,0,0,0,0,0,0,0,240000,0,0,0,260000,20000,240000,240000
058877,T50反1國泰9B購01,0,0,0,0,0,0,0,0,0,240000,0,0,0,240000,0,240000,240000
065507,亞德客群益01購02,0,0,0,0,0,0,0,0,0,240000,0,0,0,240000,0,240000,240000
066921,日月光麥證01購01,0,0,0,246000,156000,90000,0,0,0,240000,0,0,0,396000,156000,240000,240000
065830,景碩凱基9C購04  ,0,0,0,0,0,0,0,0,0,240000,0,0,0,358000,118000,240000,240000
068164,南電元大01購07  ,0,0,0,0,0,0,0,0,0,240000,0,0,0,304000,64000,240000,240000
065202,南電元富06購01  ,0,0,0,0,0,0,0,0,0,239000,0,0,0,241000,2000,239000,239000
063473,茂林元大9B購05  ,0,0,0,0,0,0,0,0,0,239000,0,0,0,308000,69000,239000,239000
067762,康舒永豐01購02  ,0,0,0,0,0,0,0,0,0,239000,0,0,0,239000,0,239000,239000
066848,健策元大01購05  ,0,0,0,0,0,0,0,0,0,239000,0,0,0,617000,378000,239000,239000
058054,台積電統一9C購01,0,0,0,0,0,0,0,0,0,238000,0,0,0,318000,80000,238000,238000
065433,緯創凱基9C購01  ,0,0,0,0,0,0,0,0,0,238000,0,0,0,264000,26000,238000,238000
068056,台表科統一03購01,0,0,0,0,0,0,0,0,0,238000,0,0,0,260000,22000,238000,238000
064873,世紀鋼永豐9C購01,0,0,0,0,0,0,0,0,0,237000,0,0,0,249000,12000,237000,237000
057287,彩晶元大9C購03  ,0,0,0,0,0,0,0,0,0,237000,0,0,0,320000,83000,237000,237000
00662,富邦NASDAQ      ,6000,0,6000,0,0,0,0,0,0,231000,0,60000,-60000,581000,290000,291000,237000
061094,彩晶統一9B購02  ,0,0,0,0,0,0,0,0,0,237000,0,0,0,278000,41000,237000,237000
063536,美食統一01購01  ,0,0,0,0,0,0,0,0,0,237000,0,0,0,243000,6000,237000,237000
067202,聚陽元大01購02  ,0,0,0,0,0,0,0,0,0,237000,0,0,0,488000,251000,237000,237000
064944,亞德客凱基9C購03,0,0,0,0,0,0,0,0,0,236000,0,0,0,257000,21000,236000,236000
08560P,茂林國票01售01  ,0,0,0,0,0,0,0,0,0,236000,0,0,0,260000,24000,236000,236000
063292,致新元大9B購02  ,0,0,0,0,0,0,0,0,0,236000,0,0,0,254000,18000,236000,236000
065540,台表科統一02購05,0,0,0,0,0,0,0,0,0,236000,0,0,0,920000,684000,236000,236000
061942,亞德客群益9B購01,0,0,0,0,0,0,0,0,0,236000,0,0,0,268000,32000,236000,236000
068152,美律元大01購03  ,0,0,0,0,0,0,0,0,0,236000,0,0,0,296000,60000,236000,236000
08597P,聯發科元大9C售18,0,0,0,0,0,0,0,0,0,235000,0,0,0,390000,155000,235000,235000
062798,台光電統一9B購01,0,0,0,0,0,0,0,0,0,235000,0,0,0,235000,0,235000,235000
08440P,玉晶光國票01售05,0,0,0,0,0,0,0,0,0,234000,0,0,0,456000,222000,234000,234000
057544,鴻海凱基02購01  ,0,0,0,0,0,0,0,0,0,234000,0,0,0,305000,71000,234000,234000
057592,美律兆豐99購01  ,0,0,0,0,0,0,0,0,0,234000,0,0,0,346000,112000,234000,234000
062578,超眾群益9B購01  ,0,0,0,0,0,0,0,0,0,234000,0,0,0,234000,0,234000,234000
064061,GIS麥證01購01   ,0,0,0,343000,110000,233000,0,0,0,233000,0,0,0,343000,110000,233000,233000
068491,美律元大01購06  ,0,0,0,0,0,0,0,0,0,233000,0,0,0,248000,15000,233000,233000
061042,致新永豐9A購02  ,0,0,0,0,0,0,0,0,0,233000,0,0,0,236000,3000,233000,233000
067237,國揚群益01購02  ,0,0,0,0,0,0,0,0,0,233000,0,0,0,233000,0,233000,233000
067331,友訊凱基01購02  ,0,0,0,0,0,0,0,0,0,233000,0,0,0,233000,0,233000,233000
066012,友訊元富01購01  ,0,0,0,0,0,0,0,0,0,233000,0,0,0,234000,1000,233000,233000
060928,明泰永豐9A購01  ,0,0,0,0,0,0,0,0,0,232000,0,0,0,262000,30000,232000,232000
062074,旺宏元大9B購04  ,0,0,0,0,0,0,0,0,0,232000,0,0,0,233000,1000,232000,232000
062644,中環國泰9C購01  ,0,0,0,0,0,0,0,0,0,232000,0,0,0,366000,134000,232000,232000
063723,儒鴻元大9B購04  ,0,0,0,0,0,0,0,0,0,232000,0,0,0,317000,85000,232000,232000
08881P,奇力新凱基01售02,0,0,0,0,0,0,0,0,0,231000,0,0,0,231000,0,231000,231000
058966,元油2X日盛99購03,0,0,0,0,0,0,0,0,0,231000,0,0,0,231000,0,231000,231000
063862,世紀鋼國泰02購01,0,0,0,0,0,0,0,0,0,231000,0,0,0,268000,37000,231000,231000
061065,神基凱基9A購01  ,0,0,0,0,0,0,0,0,0,231000,0,0,0,231000,0,231000,231000
066506,宏達電富邦03購01,0,0,0,0,0,0,0,0,0,231000,0,0,0,231000,0,231000,231000
061432,世紀鋼元大9A購05,0,0,0,0,0,0,0,0,0,230000,0,0,0,230000,0,230000,230000
066141,盛群群益01購01  ,0,0,0,0,0,0,0,0,0,230000,0,0,0,311000,81000,230000,230000
08955P,台灣50凱基04售09,0,0,0,0,0,0,0,0,0,229000,0,0,0,231000,2000,229000,229000
07899P,和大凱基9B售01  ,0,0,0,0,0,0,0,0,0,229000,0,0,0,235000,6000,229000,229000
062005,旺宏國泰01購01  ,0,0,0,0,0,0,0,0,0,229000,0,0,0,263000,34000,229000,229000
063794,亞德客凱基9C購01,0,0,0,0,0,0,0,0,0,229000,0,0,0,269000,40000,229000,229000
066453,嘉基群益01購01  ,0,0,0,0,0,0,0,0,0,228000,0,0,0,228000,0,228000,228000
067364,緯穎群益01購05  ,0,0,0,0,0,0,0,0,0,228000,0,0,0,228000,0,228000,228000
064107,友達兆豐01購01  ,0,0,0,0,0,0,0,0,0,227000,0,0,0,312000,85000,227000,227000
064352,嘉聯益元大9C購01,0,0,0,0,0,0,0,0,0,227000,0,0,0,562000,335000,227000,227000
061626,超眾群益9A購02  ,0,0,0,0,0,0,0,0,0,227000,0,0,0,227000,0,227000,227000
061677,泰碩元大9A購05  ,0,0,0,0,0,0,0,0,0,227000,0,0,0,227000,0,227000,227000
065255,上銀元大01購01  ,0,0,0,0,0,0,0,0,0,227000,0,0,0,228000,1000,227000,227000
065451,台表科統一02購04,0,0,0,0,0,0,0,0,0,227000,0,0,0,721000,494000,227000,227000
067520,健策元富01購03  ,0,0,0,0,0,0,0,0,0,227000,0,0,0,250000,23000,227000,227000
066543,大成鋼元大01購02,0,0,0,0,0,0,0,0,0,227000,0,0,0,227000,0,227000,227000
066271,東森元大01購01  ,0,0,0,0,0,0,0,0,0,227000,0,0,0,263000,36000,227000,227000
065214,友達國泰01購01  ,0,0,0,0,0,0,0,0,0,226000,0,0,0,632000,406000,226000,226000
065219,緯穎國泰01購01  ,0,0,0,0,0,0,0,0,0,225000,0,0,0,353000,128000,225000,225000
067223,嘉基元大01購02  ,0,0,0,0,0,0,0,0,0,225000,0,0,0,225000,0,225000,225000
1808,潤隆            ,288000,63000,225000,0,0,0,0,0,0,0,0,0,0,0,0,0,225000
08464P,牧德永豐9C售02  ,0,0,0,0,0,0,0,0,0,224000,0,0,0,295000,71000,224000,224000
060437,宏全永豐9A購01  ,0,0,0,0,0,0,0,0,0,224000,0,0,0,343000,119000,224000,224000
061270,彩晶凱基9A購02  ,0,0,0,0,0,0,0,0,0,224000,0,0,0,224000,0,224000,224000
064163,康控統一01購01  ,0,0,0,0,0,0,0,0,0,223000,0,0,0,667000,444000,223000,223000
065952,聯發科統一03購02,0,0,0,0,0,0,0,0,0,223000,0,0,0,223000,0,223000,223000
066678,台達電兆豐03購01,0,0,0,0,0,0,0,0,0,223000,0,0,0,434000,211000,223000,223000
060733,和大統一9C購01  ,0,0,0,0,0,0,0,0,0,222000,0,0,0,333000,111000,222000,222000
066790,健策麥證01購01  ,0,0,0,231000,0,231000,0,0,0,222000,0,0,0,231000,9000,222000,222000
066932,京元電國票02購01,0,0,0,0,0,0,0,0,0,222000,0,0,0,242000,20000,222000,222000
058422,百和麥證99購01  ,0,0,0,300000,79000,221000,0,0,0,221000,0,0,0,300000,79000,221000,221000
063438,聚陽統一9C購01  ,0,0,0,0,0,0,0,0,0,221000,0,0,0,221000,0,221000,221000
065945,鴻海統一02購01  ,0,0,0,0,0,0,0,0,0,221000,0,0,0,975000,754000,221000,221000
065625,聯發科兆豐9C購06,0,0,0,0,0,0,0,0,0,221000,0,0,0,221000,0,221000,221000
03086P,台積電元大01售37,0,0,0,0,0,0,0,0,0,220000,0,0,0,220000,0,220000,220000
065861,台汽電元大9C購01,0,0,0,0,0,0,0,0,0,220000,0,0,0,220000,0,220000,220000
067036,南電康和01購02  ,0,0,0,0,0,0,0,0,0,220000,0,0,0,380000,160000,220000,220000
061900,志超永豐9B購01  ,0,0,0,0,0,0,0,0,0,219000,0,0,0,219000,0,219000,219000
065766,南電元大9C購08  ,0,0,0,0,0,0,0,0,0,219000,0,0,0,222000,3000,219000,219000
066349,聚碩永豐01購01  ,0,0,0,0,0,0,0,0,0,219000,0,0,0,219000,0,219000,219000
064831,宏達電統一02購01,0,0,0,0,0,0,0,0,0,218000,0,0,0,349000,131000,218000,218000
068380,欣興永豐01購05  ,0,0,0,0,0,0,0,0,0,218000,0,0,0,224000,6000,218000,218000
061353,康控元大9A購01  ,0,0,0,0,0,0,0,0,0,218000,0,0,0,420000,202000,218000,218000
066342,上緯控永豐01購01,0,0,0,0,0,0,0,0,0,218000,0,0,0,219000,1000,218000,218000
064204,瑞儀兆豐01購01  ,0,10000,-10000,0,0,0,0,0,0,227000,0,0,0,361000,134000,227000,217000
065054,百和凱基02購01  ,0,0,0,0,0,0,0,0,0,217000,0,0,0,217000,0,217000,217000
4961,天鈺            ,303000,79000,224000,0,0,0,0,0,0,-7000,0,7000,-7000,0,0,0,217000
060156,光磊永豐9A購01  ,0,0,0,0,0,0,0,0,0,216000,0,0,0,236000,20000,216000,216000
064095,鴻海群益01購02  ,0,0,0,0,0,0,0,0,0,215000,0,0,0,403000,188000,215000,215000
062898,華通元大9B購05  ,0,0,0,0,0,0,0,0,0,215000,0,0,0,272000,57000,215000,215000
066968,技嘉元富07購01  ,0,0,0,0,0,0,0,0,0,215000,0,0,0,215000,0,215000,215000
067032,致新元富01購01  ,0,0,0,0,0,0,0,0,0,215000,0,0,0,253000,38000,215000,215000
067002,生達永豐01購02  ,0,0,0,0,0,0,0,0,0,215000,0,0,0,215000,0,215000,215000
067551,欣興中信02購01  ,0,0,0,0,0,0,0,0,0,215000,0,0,0,532000,317000,215000,215000
058207,南茂凱基99購01  ,0,0,0,0,0,0,0,0,0,214000,0,0,0,264000,50000,214000,214000
065382,緯穎元大9C購04  ,0,0,0,0,0,0,0,0,0,214000,0,0,0,214000,0,214000,214000
063860,旺宏國泰02購01  ,0,0,0,0,0,0,0,0,0,214000,0,0,0,224000,10000,214000,214000
063572,麗豐元大9B購01  ,0,0,0,0,0,0,0,0,0,214000,0,0,0,610000,396000,214000,214000
066988,新唐群益02購01  ,0,0,0,0,0,0,0,0,0,214000,0,0,0,240000,26000,214000,214000
066208,聯鈞統一02購01  ,0,0,0,0,0,0,0,0,0,214000,0,0,0,227000,13000,214000,214000
08243P,祥碩凱基9C售02  ,0,0,0,0,0,0,0,0,0,213000,0,0,0,477000,264000,213000,213000
066292,惠特元大01購02  ,0,0,0,0,0,0,0,0,0,213000,0,0,0,213000,0,213000,213000
066009,創意統一02購02  ,0,0,0,0,0,0,0,0,0,213000,0,0,0,636000,423000,213000,213000
059949,啟碁永豐99購01  ,0,0,0,0,0,0,0,0,0,212000,0,0,0,262000,50000,212000,212000
061787,華新科群益9C購01,0,0,0,0,0,0,0,0,0,212000,0,0,0,229000,17000,212000,212000
066355,惠特永豐01購01  ,0,0,0,0,0,0,0,0,0,212000,0,0,0,212000,0,212000,212000
064676,聚陽兆豐9C購01  ,0,0,0,0,0,0,0,0,0,211000,0,0,0,258000,47000,211000,211000
08482P,亞德客群益9C售02,0,0,0,0,0,0,0,0,0,211000,0,0,0,211000,0,211000,211000
062575,景碩群益9B購01  ,0,0,0,0,0,0,0,0,0,211000,0,0,0,239000,28000,211000,211000
066216,南電統一03購01  ,0,0,0,0,0,0,0,0,0,211000,0,0,0,258000,47000,211000,211000
068120,智易元富07購01  ,0,0,0,0,0,0,0,0,0,211000,0,0,0,526000,315000,211000,211000
08468P,台郡統一9C售02  ,0,0,0,0,0,0,0,0,0,210000,0,0,0,210000,0,210000,210000
08583P,鴻海群益01售05  ,0,0,0,0,0,0,0,0,0,210000,0,0,0,220000,10000,210000,210000
064700,致新群益9C購02  ,0,0,0,0,0,0,0,0,0,210000,0,0,0,220000,10000,210000,210000
08090P,嘉澤統一9B售01  ,0,0,0,0,0,0,0,0,0,210000,0,0,0,210000,0,210000,210000
059765,嘉聯益永豐99購02,0,0,0,0,0,0,0,0,0,210000,0,0,0,381000,171000,210000,210000
062655,漢唐永豐9B購01  ,0,0,0,0,0,0,0,0,0,210000,0,0,0,210000,0,210000,210000
063765,上銀元富9B購09  ,0,0,0,0,0,0,0,0,0,210000,0,0,0,210000,0,210000,210000
062189,康控元大9B購02  ,0,0,0,0,0,0,0,0,0,210000,0,0,0,361000,151000,210000,210000
068071,興勤凱基02購01  ,0,0,0,0,0,0,0,0,0,210000,0,0,0,210000,0,210000,210000
067130,泰豐永豐01購02  ,0,0,0,0,0,0,0,0,0,210000,0,0,0,360000,150000,210000,210000
058725,美律富邦9A購01  ,0,0,0,0,0,0,0,0,0,209000,0,0,0,209000,0,209000,209000
063669,宏達電統一9C購01,0,0,0,0,0,0,0,0,0,209000,0,0,0,401000,192000,209000,209000
06716P,台積電元大9A售02,0,0,0,0,0,0,0,0,0,209000,0,0,0,233000,24000,209000,209000
2884,玉山金          ,11988916,11848933,139983,0,0,0,6000,0,6000,63000,202000,107000,95000,0,32000,-32000,208983
064841,彩晶統一02購02  ,0,0,0,0,0,0,0,0,0,208000,0,0,0,336000,128000,208000,208000
059450,和大永豐99購01  ,0,0,0,0,0,0,0,0,0,208000,0,0,0,238000,30000,208000,208000
065259,燿華元大9C購05  ,0,0,0,0,0,0,0,0,0,208000,0,0,0,227000,19000,208000,208000
063383,億豐永豐9B購02  ,0,0,0,0,0,0,0,0,0,208000,0,0,0,490000,282000,208000,208000
057863,美律凱基9A購01  ,0,0,0,0,0,0,0,0,0,207000,0,0,0,207000,0,207000,207000
05755P,臺股指中信99售04,0,0,0,0,0,0,0,0,0,207000,0,0,0,460000,253000,207000,207000
055890,鴻海統一99購01  ,0,0,0,0,0,0,0,0,0,207000,0,0,0,207000,0,207000,207000
062062,貿聯統一01購01  ,0,0,0,0,0,0,0,0,0,207000,0,0,0,216000,9000,207000,207000
067682,上緯控元大01購02,0,0,0,0,0,0,0,0,0,207000,0,0,0,426000,219000,207000,207000
067940,健策凱基01購04  ,0,0,0,0,0,0,0,0,0,207000,0,0,0,243000,36000,207000,207000
08294P,台積電元大9C售06,0,0,0,0,0,0,0,0,0,206000,0,0,0,206000,0,206000,206000
053390,彩晶元大9A購01  ,0,0,0,0,0,0,0,0,0,206000,0,0,0,206000,0,206000,206000
020008,元大特股高息N   ,0,0,0,0,0,0,0,0,0,206000,0,0,0,211000,5000,206000,206000
062650,南電富邦01購01  ,0,0,0,0,0,0,0,0,0,206000,0,0,0,206000,0,206000,206000
066381,景碩康和01購01  ,0,0,0,0,0,0,0,0,0,206000,0,0,0,291000,85000,206000,206000
064703,T50反1國泰01購01,0,0,0,0,0,0,0,0,0,205000,0,0,0,230000,25000,205000,205000
062172,南六永豐9B購01  ,0,0,0,0,0,0,0,0,0,205000,0,0,0,205000,0,205000,205000
066809,新唐凱基01購01  ,0,0,0,0,0,0,0,0,0,205000,0,0,0,316000,111000,205000,205000
066079,道瓊反國泰03購01,0,0,0,0,0,0,0,0,0,205000,0,0,0,205000,0,205000,205000
067664,台船元大01購01  ,0,0,0,0,0,0,0,0,0,205000,0,0,0,205000,0,205000,205000
067236,聯發科群益01購06,0,0,0,0,0,0,0,0,0,205000,0,0,0,205000,0,205000,205000
067071,燿華元大01購02  ,0,0,0,0,0,0,0,0,0,205000,0,0,0,220000,15000,205000,205000
2345,智邦            ,1406851,1228000,178851,0,0,0,12000,27000,-15000,41000,4000,5000,-1000,55000,13000,42000,204851
064624,群創元大02購01  ,0,0,0,0,0,0,0,0,0,204000,0,0,0,354000,150000,204000,204000
058786,元黃金元大99購01,0,0,0,0,0,0,0,0,0,204000,0,0,0,215000,11000,204000,204000
062801,宏達電統一01購01,0,0,0,0,0,0,0,0,0,204000,0,0,0,224000,20000,204000,204000
066549,京元電元大01購03,0,0,0,0,0,0,0,0,0,204000,0,0,0,312000,108000,204000,204000
064301,漢唐兆豐01購01  ,0,0,0,0,0,0,0,0,0,203000,0,0,0,308000,105000,203000,203000
064428,裕隆凱基02購01  ,0,0,0,0,0,0,0,0,0,203000,0,0,0,437000,234000,203000,203000
00680L,元大美債20正2   ,103000,0,103000,0,0,0,0,0,0,100000,0,0,0,113000,13000,100000,203000
061361,世紀鋼兆豐9A購01,0,0,0,0,0,0,0,0,0,203000,0,0,0,293000,90000,203000,203000
06638P,鴻海統一99售02  ,0,0,0,0,0,0,0,0,0,203000,0,0,0,400000,197000,203000,203000
060417,正隆永豐9A購01  ,0,0,0,0,0,0,0,0,0,202000,0,0,0,202000,0,202000,202000
060423,智易永豐9A購01  ,0,0,0,0,0,0,0,0,0,202000,0,0,0,203000,1000,202000,202000
058284,滬深反群益01購01,0,0,0,0,0,0,0,0,0,201000,0,0,0,201000,0,201000,201000
08118P,嘉澤元富9B售02  ,0,0,0,0,0,0,0,0,0,200000,0,0,0,200000,0,200000,200000
08003P,國巨國泰9B售07  ,0,0,0,0,0,0,0,0,0,200000,0,0,0,205000,5000,200000,200000
07183P,臺股指凱基99售25,0,0,0,0,0,0,0,0,0,200000,0,0,0,200000,0,200000,200000
08550P,台灣50群益02售04,0,0,0,0,0,0,0,0,0,200000,0,0,0,200000,0,200000,200000
08707P,台灣50台新01售05,0,0,0,0,0,0,0,0,0,200000,0,0,0,200000,0,200000,200000
08928P,漢唐元富07售02  ,0,0,0,0,0,0,0,0,0,200000,0,0,0,260000,60000,200000,200000
058308,全新元大9B購01  ,0,0,0,0,0,0,0,0,0,200000,0,0,0,200000,0,200000,200000
062251,旺宏元大9B購06  ,0,0,0,0,0,0,0,0,0,200000,0,0,0,200000,0,200000,200000
059219,旺宏元大99購12  ,0,0,0,0,0,0,0,0,0,200000,0,0,0,205000,5000,200000,200000
059931,緯穎富邦9A購01  ,0,0,0,0,0,0,0,0,0,200000,0,0,0,200000,0,200000,200000
060111,臻鼎元大99購04  ,0,0,0,0,0,0,0,0,0,200000,0,0,0,200000,0,200000,200000
052847,漢唐統一99購01  ,0,0,0,0,0,0,0,0,0,200000,0,0,0,200000,0,200000,200000
047548,友達凱基99購03  ,0,0,0,0,0,0,0,0,0,200000,0,0,0,200000,0,200000,200000
056894,佳世達元大99購01,0,0,0,0,0,0,0,0,0,200000,0,0,0,200000,0,200000,200000
057355,彩晶統一98購03  ,0,0,0,0,0,0,0,0,0,200000,0,0,0,200000,0,200000,200000
055234,昇陽半國票98購02,0,0,0,0,0,0,0,0,0,200000,0,0,0,200000,0,200000,200000
060451,中石化元大9C購02,0,0,0,0,0,0,0,0,0,200000,0,0,0,200000,0,200000,200000
062011,上銀富邦9C購01  ,0,0,0,0,0,0,0,0,0,200000,0,0,0,200000,0,200000,200000
065257,友訊元大01購01  ,0,0,0,0,0,0,0,0,0,200000,0,0,0,231000,31000,200000,200000
062693,中石化元大02購01,0,0,0,0,0,0,0,0,0,200000,0,0,0,200000,0,200000,200000
062454,華通群益9C購03  ,0,0,0,0,0,0,0,0,0,200000,0,0,0,201000,1000,200000,200000
063474,康控元大9B購04  ,0,0,0,0,0,0,0,0,0,200000,0,0,0,238000,38000,200000,200000
060745,京元電國票9A購01,0,0,0,0,0,0,0,0,0,200000,0,0,0,200000,0,200000,200000
066470,惠特統一02購01  ,0,0,0,0,0,0,0,0,0,200000,0,0,0,210000,10000,200000,200000
066249,生達元大01購01  ,0,32000,-32000,0,0,0,0,0,0,232000,0,0,0,592000,360000,232000,200000
067184,聯發科凱基01購13,0,0,0,0,0,0,0,0,0,200000,0,0,0,200000,0,200000,200000
057894,華通元富02購02  ,0,0,0,0,0,0,0,0,0,199000,0,0,0,295000,96000,199000,199000
063890,正隆群益9C購01  ,0,0,0,0,0,0,0,0,0,199000,0,0,0,210000,11000,199000,199000
062695,華通元大9C購01  ,0,0,0,0,0,0,0,0,0,199000,0,0,0,301000,102000,199000,199000
065470,聚陽元大01購01  ,0,0,0,0,0,0,0,0,0,199000,0,0,0,258000,59000,199000,199000
067024,旺宏兆豐03購01  ,0,0,0,0,0,0,0,0,0,199000,0,0,0,200000,1000,199000,199000
07715P,台灣50群益9A售14,0,0,0,0,0,0,0,0,0,198000,0,0,0,198000,0,198000,198000
07772P,華新科國票9A售05,0,0,0,0,0,0,0,0,0,198000,0,0,0,198000,0,198000,198000
062934,大成鋼凱基9B購02,0,0,0,0,0,0,0,0,0,198000,0,0,0,198000,0,198000,198000
059947,貿聯永豐99購03  ,0,0,0,0,0,0,0,0,0,198000,0,0,0,199000,1000,198000,198000
062802,宏達電統一9B購01,0,0,0,0,0,0,0,0,0,198000,0,0,0,339000,141000,198000,198000
064020,華通元大01購01  ,0,0,0,0,0,0,0,0,0,198000,0,0,0,226000,28000,198000,198000
067708,華新科元富01購01,0,0,0,0,0,0,0,0,0,198000,0,0,0,198000,0,198000,198000
06970P,旺宏元大99售08  ,0,0,0,0,0,0,0,0,0,197000,0,0,0,230000,33000,197000,197000
08006P,長榮航中信03售01,0,0,0,0,0,0,0,0,0,197000,0,0,0,235000,38000,197000,197000
08798P,聯發科國票01售03,0,0,0,0,0,0,0,0,0,197000,0,0,0,207000,10000,197000,197000
064085,儒鴻凱基9C購02  ,0,0,0,0,0,0,0,0,0,197000,0,0,0,225000,28000,197000,197000
066167,強茂凱基01購01  ,0,0,0,0,0,0,0,0,0,197000,0,0,0,224000,27000,197000,197000
065989,泰碩永豐01購01  ,0,0,0,0,0,0,0,0,0,197000,0,0,0,204000,7000,197000,197000
064092,世紀鋼凱基9C購03,0,0,0,0,0,0,0,0,0,196000,0,0,0,196000,0,196000,196000
064476,金像電國泰02購01,0,0,0,0,0,0,0,0,0,196000,0,0,0,289000,93000,196000,196000
08556P,臺股指中信01售08,0,0,0,0,0,0,0,0,0,196000,0,0,0,288000,92000,196000,196000
065386,華通兆豐9C購02  ,0,0,0,0,0,0,0,0,0,196000,0,0,0,199000,3000,196000,196000
066420,宏達電元大02購01,0,0,0,0,0,0,0,0,0,196000,0,0,0,202000,6000,196000,196000
3016,嘉晶            ,768000,598000,170000,0,0,0,0,0,0,26000,1000,17000,-16000,164000,122000,42000,196000
065026,世紀鋼永豐9C購02,0,0,0,0,0,0,0,0,0,195000,0,0,0,263000,68000,195000,195000
062179,旺宏元大9B購05  ,0,0,0,0,0,0,0,0,0,195000,0,0,0,200000,5000,195000,195000
067610,上緯控凱基02購01,0,0,0,0,0,0,0,0,0,195000,0,0,0,195000,0,195000,195000
067354,國揚群益01購03  ,0,0,0,0,0,0,0,0,0,195000,0,0,0,223000,28000,195000,195000
068568,聯詠元大01購10  ,0,0,0,0,0,0,0,0,0,194000,0,0,0,713000,519000,194000,194000
08315P,台積電元大9C售08,0,0,0,0,0,0,0,0,0,194000,0,0,0,394000,200000,194000,194000
064610,儒鴻元大9C購03  ,0,0,0,0,0,0,0,0,0,194000,0,0,0,246000,52000,194000,194000
061044,世紀鋼永豐9A購02,0,0,0,0,0,0,0,0,0,194000,0,0,0,194000,0,194000,194000
061015,旺宏麥證9A購03  ,0,0,0,197000,3000,194000,0,0,0,194000,0,0,0,197000,3000,194000,194000
063819,致新群益9C購01  ,0,0,0,0,0,0,0,0,0,194000,0,0,0,219000,25000,194000,194000
060824,旺宏元大9A購06  ,0,0,0,0,0,0,0,0,0,194000,0,0,0,195000,1000,194000,194000
062717,華邦電凱基9C購01,0,0,0,0,0,0,0,0,0,194000,0,0,0,199000,5000,194000,194000
064470,世紀鋼元富03購01,0,0,0,0,0,0,0,0,0,193000,0,0,0,214000,21000,193000,193000
03125P,台積電凱基01售24,0,0,0,0,0,0,0,0,0,193000,0,0,0,221000,28000,193000,193000
063642,茂林元大9B購08  ,0,0,0,0,0,0,0,0,0,193000,0,0,0,204000,11000,193000,193000
065442,健鼎麥證9C購01  ,0,0,0,253000,60000,193000,0,0,0,193000,0,0,0,253000,60000,193000,193000
067070,友訊元大01購04  ,0,0,0,0,0,0,0,0,0,193000,0,0,0,696000,503000,193000,193000
068576,台積電國泰03購07,0,0,0,0,0,0,0,0,0,192000,0,0,0,304000,112000,192000,192000
058527,世紀鋼元大99購01,0,0,0,0,0,0,0,0,0,192000,0,0,0,213000,21000,192000,192000
063573,茂林元大9B購06  ,0,0,0,0,0,0,0,0,0,192000,0,0,0,257000,65000,192000,192000
068149,旺宏元大01購05  ,0,0,0,0,0,0,0,0,0,192000,0,0,0,200000,8000,192000,192000
060404,台勝科國泰9B購01,0,0,0,0,0,0,0,0,0,191000,0,0,0,461000,270000,191000,191000
062897,上銀元大9B購06  ,0,0,0,0,0,0,0,0,0,191000,0,0,0,194000,3000,191000,191000
065407,世紀鋼富邦01購01,0,0,0,0,0,0,0,0,0,191000,0,0,0,200000,9000,191000,191000
063072,裕隆永豐9B購01  ,0,0,0,0,0,0,0,0,0,191000,0,0,0,504000,313000,191000,191000
062088,緯穎元大9B購04  ,0,0,0,0,0,0,0,0,0,191000,0,0,0,246000,55000,191000,191000
068248,美律元大01購05  ,0,0,0,0,0,0,0,0,0,191000,0,0,0,269000,78000,191000,191000
067679,奇鋐元大02購02  ,0,0,0,0,0,0,0,0,0,191000,0,0,0,415000,224000,191000,191000
9944,新麗            ,233000,43000,190000,0,0,0,0,0,0,1000,3000,2000,1000,0,0,0,191000
07703P,玉晶光中信9B售03,0,0,0,0,0,0,0,0,0,190000,0,0,0,200000,10000,190000,190000
062433,上銀元大9B購05  ,0,0,0,0,0,0,0,0,0,190000,0,0,0,190000,0,190000,190000
066294,嘉基元大01購01  ,0,0,0,0,0,0,0,0,0,190000,0,0,0,210000,20000,190000,190000
066288,晶碩元大01購01  ,0,0,0,0,0,0,0,0,0,190000,0,0,0,340000,150000,190000,190000
065760,和碩元大9C購02  ,0,0,0,0,0,0,0,0,0,190000,0,0,0,200000,10000,190000,190000
068278,惠特永豐01購03  ,0,0,0,0,0,0,0,0,0,189000,0,0,0,229000,40000,189000,189000
058325,昇陽半永豐99購01,0,0,0,0,0,0,0,0,0,189000,0,0,0,189000,0,189000,189000
058547,世紀鋼富邦9A購01,0,0,0,0,0,0,0,0,0,189000,0,0,0,189000,0,189000,189000
067326,世紀鋼元大01購02,0,0,0,0,0,0,0,0,0,189000,0,0,0,219000,30000,189000,189000
064068,義隆永豐9C購01  ,0,0,0,0,0,0,0,0,0,188000,0,0,0,393000,205000,188000,188000
056232,瑞儀凱基98購01  ,0,0,0,0,0,0,0,0,0,188000,0,0,0,431000,243000,188000,188000
063779,華邦電永豐9B購01,0,0,0,0,0,0,0,0,0,188000,0,0,0,188000,0,188000,188000
08341P,國泰金台新9C售01,0,0,0,0,0,0,0,0,0,187000,0,0,0,187000,0,187000,187000
064836,群創統一9C購04  ,0,0,0,0,0,0,0,0,0,187000,0,0,0,335000,148000,187000,187000
063845,旺宏元大9C購03  ,0,0,0,0,0,0,0,0,0,187000,0,0,0,219000,32000,187000,187000
067360,日月光群益01購01,0,0,0,0,0,0,0,0,0,187000,0,0,0,454000,267000,187000,187000
067591,聚陽凱基02購02  ,0,0,0,0,0,0,0,0,0,187000,0,0,0,212000,25000,187000,187000
066228,嘉基國泰02購01  ,0,0,0,0,0,0,0,0,0,187000,0,0,0,223000,36000,187000,187000
066469,申豐統一02購02  ,0,0,0,0,0,0,0,0,0,187000,0,0,0,550000,363000,187000,187000
066548,燿華元大02購02  ,0,0,0,0,0,0,0,0,0,187000,0,0,0,203000,16000,187000,187000
3661,世芯-KY         ,1191180,1058939,132241,0,0,0,0,22000,-22000,76000,68000,12000,56000,24000,4000,20000,186241
08414P,超眾凱基9C售02  ,0,0,0,0,0,0,0,0,0,186000,0,0,0,200000,14000,186000,186000
062884,康控兆豐9C購01  ,0,0,0,0,0,0,0,0,0,186000,0,0,0,499000,313000,186000,186000
061693,華新科群益9B購02,0,0,0,0,0,0,0,0,0,186000,0,0,0,206000,20000,186000,186000
06615P,鴻海元大9C售02  ,0,0,0,0,0,0,0,0,0,186000,0,0,0,196000,10000,186000,186000
064971,裕隆元大01購01  ,0,0,0,0,0,0,0,0,0,185000,0,0,0,1213000,1028000,185000,185000
059293,宏達電元富9B購01,0,0,0,0,0,0,0,0,0,185000,0,0,0,185000,0,185000,185000
066050,亞光元大01購01  ,0,0,0,0,0,0,0,0,0,185000,0,0,0,243000,58000,185000,185000
067004,義隆永豐01購01  ,0,0,0,0,0,0,0,0,0,185000,0,0,0,358000,173000,185000,185000
068084,南電凱基02購03  ,0,0,0,0,0,0,0,0,0,185000,0,0,0,215000,30000,185000,185000
1560,中砂            ,255000,68000,187000,0,0,0,0,0,0,-2000,0,2000,-2000,0,0,0,185000
064398,聚陽凱基01購01  ,0,0,0,0,0,0,0,0,0,184000,0,0,0,236000,52000,184000,184000
08836P,滬深2X國票02售04,0,0,0,0,0,0,0,0,0,184000,0,0,0,188000,4000,184000,184000
061713,華邦電凱基9A購01,0,0,0,0,0,0,0,0,0,184000,0,0,0,204000,20000,184000,184000
065742,宏達電麥證9C購01,0,0,0,184000,0,184000,0,0,0,184000,0,0,0,184000,0,184000,184000
066530,美律元富04購01  ,0,0,0,0,0,0,0,0,0,184000,0,0,0,365000,181000,184000,184000
08799P,台積電元大01售19,0,0,0,0,0,0,0,0,0,182000,0,0,0,182000,0,182000,182000
065139,華通凱基03購01  ,0,0,0,0,0,0,0,0,0,182000,0,0,0,188000,6000,182000,182000
065821,億豐元富03購01  ,0,0,0,0,0,0,0,0,0,182000,0,0,0,465000,283000,182000,182000
065941,超眾群益02購01  ,0,0,0,0,0,0,0,0,0,182000,0,0,0,182000,0,182000,182000
064079,英業達中信9C購01,0,0,0,0,0,0,0,0,0,181000,0,0,0,245000,64000,181000,181000
061125,億光永豐9A購01  ,0,0,0,0,0,0,0,0,0,181000,0,0,0,509000,328000,181000,181000
066277,敦泰元大01購02  ,0,0,0,0,0,0,0,0,0,181000,0,0,0,495000,314000,181000,181000
2426,鼎元            ,322000,135000,187000,0,0,0,0,0,0,-6000,0,6000,-6000,0,0,0,181000
064302,美律兆豐01購01  ,0,0,0,0,0,0,0,0,0,180000,0,0,0,382000,202000,180000,180000
07867P,晶技元大9B售01  ,0,0,0,0,0,0,0,0,0,180000,0,0,0,200000,20000,180000,180000
07303P,臺股指元大9A售36,0,0,0,0,0,0,0,0,0,180000,0,0,0,180000,0,180000,180000
059278,群創元大9A購04  ,0,0,0,0,0,0,0,0,0,180000,0,0,0,207000,27000,180000,180000
062051,上銀統一9C購02  ,0,0,0,0,0,0,0,0,0,180000,0,0,0,180000,0,180000,180000
062012,燿華富邦9C購01  ,0,0,0,0,0,0,0,0,0,180000,0,0,0,214000,34000,180000,180000
063870,健策永豐01購01  ,0,0,0,0,0,0,0,0,0,180000,0,0,0,193000,13000,180000,180000
065798,華通群益01購03  ,0,0,0,0,0,0,0,0,0,180000,0,0,0,182000,2000,180000,180000
066651,創意康和01購04  ,0,0,0,0,0,0,0,0,0,180000,0,0,0,220000,40000,180000,180000
1447,力鵬            ,291000,111000,180000,0,0,0,0,0,0,0,0,0,0,0,0,0,180000
08559P,瑞昱國票9C售01  ,0,0,0,0,0,0,0,0,0,179000,0,0,0,204000,25000,179000,179000
063907,華通凱基9C購03  ,0,0,0,0,0,0,0,0,0,179000,0,0,0,183000,4000,179000,179000
063665,南亞科統一01購02,0,0,0,0,0,0,0,0,0,179000,0,0,0,179000,0,179000,179000
061352,茂林元大9A購04  ,0,0,0,0,0,0,0,0,0,179000,0,0,0,549000,370000,179000,179000
065975,緯創元大02購01  ,0,0,0,0,0,0,0,0,0,179000,0,0,0,376000,197000,179000,179000
068076,欣興凱基01購05  ,0,0,0,0,0,0,0,0,0,179000,0,0,0,529000,350000,179000,179000
065097,貿聯元大9C購04  ,0,0,0,0,0,0,0,0,0,178000,0,0,0,239000,61000,178000,178000
056668,光磊國票99購01  ,0,0,0,0,0,0,0,0,0,178000,0,0,0,178000,0,178000,178000
063605,健策凱基9C購02  ,0,0,0,0,0,0,0,0,0,178000,0,0,0,192000,14000,178000,178000
066274,景碩元大01購02  ,0,0,0,0,0,0,0,0,0,178000,0,0,0,453000,275000,178000,178000
066952,亞光元大01購03  ,0,0,0,0,0,0,0,0,0,178000,0,0,0,178000,0,178000,178000
3443,創意            ,597763,258000,339763,0,0,0,1000,228000,-227000,65000,86000,57000,29000,38000,2000,36000,177763
056469,國巨元大99購01  ,0,0,0,0,0,0,0,0,0,177000,0,0,0,222000,45000,177000,177000
057671,群創元大9B購06  ,0,0,0,0,0,0,0,0,0,177000,0,0,0,287000,110000,177000,177000
065264,亞光元大9C購02  ,0,0,0,0,0,0,0,0,0,177000,0,0,0,217000,40000,177000,177000
066811,致新凱基01購03  ,0,0,0,0,0,0,0,0,0,177000,0,0,0,177000,0,177000,177000
066757,南港永豐01購01  ,0,0,0,0,0,0,0,0,0,177000,0,0,0,177000,0,177000,177000
066193,致新凱基01購01  ,0,0,0,0,0,0,0,0,0,177000,0,0,0,182000,5000,177000,177000
068142,鴻海元大02購02  ,0,0,0,0,0,0,0,0,0,177000,0,0,0,319000,142000,177000,177000
064067,美律永豐9C購01  ,0,0,0,0,0,0,0,0,0,176000,0,0,0,203000,27000,176000,176000
067985,聚陽元大02購01  ,0,0,0,0,0,0,0,0,0,176000,0,0,0,531000,355000,176000,176000
067073,國揚元大01購02  ,0,0,0,0,0,0,0,0,0,176000,0,0,0,938000,762000,176000,176000
067372,聯發科統一03購03,0,0,0,0,0,0,0,0,0,176000,0,0,0,182000,6000,176000,176000
066615,長榮航康和01購01,0,0,0,0,0,0,0,0,0,176000,0,0,0,310000,134000,176000,176000
08262P,茂林元大9C售01  ,0,0,0,0,0,0,0,0,0,175000,0,0,0,179000,4000,175000,175000
065091,亞光元大9C購01  ,0,0,0,0,0,0,0,0,0,175000,0,0,0,221000,46000,175000,175000
08897P,國巨群益01售10  ,0,0,0,0,0,0,0,0,0,175000,0,0,0,222000,47000,175000,175000
062219,燿華統一9B購01  ,0,0,0,0,0,0,0,0,0,175000,0,0,0,175000,0,175000,175000
065530,亞德客統一9C購02,0,0,0,0,0,0,0,0,0,175000,0,0,0,226000,51000,175000,175000
066800,晶豪科凱基02購01,0,0,0,0,0,0,0,0,0,175000,0,0,0,205000,30000,175000,175000
9940,信義            ,238000,44000,194000,0,0,0,0,0,0,-19000,0,19000,-19000,0,0,0,175000
5269,祥碩            ,399000,203000,196000,0,0,0,0,20000,-20000,-1000,14000,18000,-4000,4000,1000,3000,175000
056579,麗豐元大99購01  ,0,0,0,0,0,0,0,0,0,174000,0,0,0,286000,112000,174000,174000
062561,瀚宇博凱基9B購01,0,0,0,0,0,0,0,0,0,174000,0,0,0,304000,130000,174000,174000
067340,欣興凱基02購02  ,0,0,0,0,0,0,0,0,0,174000,0,0,0,222000,48000,174000,174000
064253,貿聯元富9C購01  ,0,0,0,0,0,0,0,0,0,173000,0,0,0,251000,78000,173000,173000
064908,世紀鋼群益01購02,0,0,0,0,0,0,0,0,0,173000,0,0,0,199000,26000,173000,173000
062520,晶豪科元大9B購02,40000,0,40000,0,0,0,0,0,0,133000,0,0,0,237000,104000,133000,173000
062969,旺宏元富9B購01  ,0,0,0,0,0,0,0,0,0,173000,0,0,0,211000,38000,173000,173000
067357,欣興群益01購02  ,0,0,0,0,0,0,0,0,0,173000,0,0,0,285000,112000,173000,173000
066990,啟碁群益01購01  ,0,0,0,0,0,0,0,0,0,173000,0,0,0,179000,6000,173000,173000
07576P,可成元大9A售01  ,0,0,0,0,0,0,0,0,0,172000,0,0,0,177000,5000,172000,172000
065142,華邦電凱基01購01,0,0,0,0,0,0,0,0,0,172000,0,0,0,185000,13000,172000,172000
061532,和大統一9C購02  ,0,0,0,0,0,0,0,0,0,172000,0,0,0,288000,116000,172000,172000
058162,上銀日盛9B購01  ,0,0,0,0,0,0,0,0,0,172000,0,0,0,172000,0,172000,172000
067011,嘉基永豐01購03  ,0,0,0,0,0,0,0,0,0,172000,0,0,0,172000,0,172000,172000
068078,緯創凱基02購01  ,0,0,0,0,0,0,0,0,0,172000,0,0,0,225000,53000,172000,172000
066440,南帝群益01購01  ,0,0,0,0,0,0,0,0,0,172000,0,0,0,172000,0,172000,172000
061783,友達群益9B購01  ,0,0,0,0,0,0,0,0,0,171000,0,0,0,172000,1000,171000,171000
065320,技嘉凱基9C購02  ,0,0,0,0,0,0,0,0,0,171000,0,0,0,186000,15000,171000,171000
066328,國揚永豐01購01  ,0,0,0,0,0,0,0,0,0,171000,0,0,0,199000,28000,171000,171000
067491,健策元大01購10  ,0,0,0,0,0,0,0,0,0,171000,0,0,0,639000,468000,171000,171000
08401P,玉晶光元富9C售04,0,0,0,0,0,0,0,0,0,170000,0,0,0,181000,11000,170000,170000
08473P,康控凱基9C售01  ,0,0,0,0,0,0,0,0,0,170000,0,0,0,170000,0,170000,170000
07011P,宏達電凱基99售02,0,0,0,0,0,0,0,0,0,170000,0,0,0,180000,10000,170000,170000
08086P,燿華凱基9B售03  ,0,0,0,0,0,0,0,0,0,170000,0,0,0,170000,0,170000,170000
062910,亞光元大9B購01  ,0,0,0,0,0,0,0,0,0,170000,0,0,0,215000,45000,170000,170000
053734,友達中信98購02  ,0,0,0,0,0,0,0,0,0,170000,0,0,0,170000,0,170000,170000
066377,健策兆豐01購02  ,0,0,0,0,0,0,0,0,0,170000,0,0,0,202000,32000,170000,170000
066165,大毅凱基01購01  ,0,0,0,0,0,0,0,0,0,170000,0,0,0,275000,105000,170000,170000
058521,日月光元大99購01,0,0,0,0,0,0,0,0,0,169000,0,0,0,194000,25000,169000,169000
063187,全新凱基9B購02  ,0,0,0,0,0,0,0,0,0,169000,0,0,0,169000,0,169000,169000
066243,潤泰新富邦03購01,0,0,0,0,0,0,0,0,0,169000,0,0,0,568000,399000,169000,169000
9935,慶豐富          ,245000,75000,170000,0,0,0,0,0,0,-1000,0,1000,-1000,0,0,0,169000
064157,健鼎統一01購02  ,0,0,0,0,0,0,0,0,0,168000,0,0,0,853000,685000,168000,168000
059571,奇力新凱基99購06,0,0,0,0,0,0,0,0,0,168000,0,0,0,188000,20000,168000,168000
058356,華邦電凱基99購01,0,0,0,0,0,0,0,0,0,168000,0,0,0,168000,0,168000,168000
053883,大立光中信98購02,0,0,0,0,0,0,0,0,0,168000,0,0,0,168000,0,168000,168000
057266,TPK兆豐98購02   ,0,0,0,0,0,0,0,0,0,168000,0,0,0,173000,5000,168000,168000
053381,友達元大9A購02  ,0,0,0,0,0,0,0,0,0,168000,0,0,0,479000,311000,168000,168000
03047P,矽創國票03售01  ,0,0,0,0,0,0,0,0,0,168000,0,0,0,225000,57000,168000,168000
063802,南茂凱基9C購01  ,0,0,0,0,0,0,0,0,0,168000,0,0,0,222000,54000,168000,168000
065241,南電凱基01購02  ,0,0,0,0,0,0,0,0,0,168000,0,0,0,169000,1000,168000,168000
068105,GIS永豐01購01   ,0,0,0,0,0,0,0,0,0,168000,0,0,0,478000,310000,168000,168000
067934,美律凱基01購01  ,0,0,0,0,0,0,0,0,0,168000,0,0,0,168000,0,168000,168000
064376,美律元富9C購01  ,0,0,0,0,0,0,0,0,0,167000,0,0,0,281000,114000,167000,167000
067915,宏碁永豐01購01  ,0,0,0,0,0,0,0,0,0,167000,0,0,0,192000,25000,167000,167000
067421,華邦電凱基01購02,0,0,0,0,0,0,0,0,0,167000,0,0,0,169000,2000,167000,167000
065850,緯創元大9C購06  ,0,0,0,0,0,0,0,0,0,167000,0,0,0,303000,136000,167000,167000
8112,至上            ,532000,326000,206000,0,0,0,0,0,0,-39000,12000,51000,-39000,0,0,0,167000
064119,上銀元大9C購06  ,0,0,0,0,0,0,0,0,0,166000,0,0,0,166000,0,166000,166000
064576,世紀鋼群益01購01,0,0,0,0,0,0,0,0,0,166000,0,0,0,166000,0,166000,166000
065317,上銀凱基9C購03  ,0,0,0,0,0,0,0,0,0,166000,0,0,0,216000,50000,166000,166000
062489,可成永豐9B購02  ,0,0,0,0,0,0,0,0,0,166000,0,0,0,200000,34000,166000,166000
065973,嘉晶元大01購03  ,0,0,0,0,0,0,0,0,0,166000,0,0,0,318000,152000,166000,166000
066494,旺宏國泰03購01  ,0,0,0,0,0,0,0,0,0,166000,0,0,0,744000,578000,166000,166000
066909,義隆凱基01購04  ,0,0,0,0,0,0,0,0,0,166000,0,0,0,204000,38000,166000,166000
067992,宏碁元大01購01  ,0,0,0,0,0,0,0,0,0,166000,0,0,0,189000,23000,166000,166000
4906,正文            ,450000,251000,199000,0,0,0,0,0,0,-33000,14000,13000,1000,59000,93000,-34000,166000
064587,泰碩永豐9C購01  ,0,0,0,0,0,0,0,0,0,165000,0,0,0,165000,0,165000,165000
057347,國巨統一9A購03  ,0,0,0,0,0,0,0,0,0,165000,0,0,0,370000,205000,165000,165000
063172,廣達中信9C購01  ,0,0,0,0,0,0,0,0,0,165000,0,0,0,401000,236000,165000,165000
063707,儒鴻凱基9C購01  ,0,0,0,0,0,0,0,0,0,165000,0,0,0,301000,136000,165000,165000
065256,上銀元大9C購10  ,0,0,0,0,0,0,0,0,0,165000,0,0,0,170000,5000,165000,165000
067948,群創國泰03購01  ,0,0,0,0,0,0,0,0,0,165000,0,0,0,165000,0,165000,165000
066984,總太群益02購01  ,0,0,0,0,0,0,0,0,0,165000,0,0,0,194000,29000,165000,165000
08381P,台灣50群益9C售06,0,0,0,0,0,0,0,0,0,164000,0,0,0,680000,516000,164000,164000
058296,明泰凱基99購01  ,0,0,0,0,0,0,0,0,0,164000,0,0,0,164000,0,164000,164000
063937,上銀元大9C購02  ,0,0,0,0,0,0,0,0,0,164000,0,0,0,164000,0,164000,164000
062747,立積永豐9B購01  ,0,0,0,0,0,0,0,0,0,164000,0,0,0,380000,216000,164000,164000
066889,元大金中信07購01,0,0,0,0,0,0,0,0,0,164000,0,0,0,202000,38000,164000,164000
064214,群創凱基03購01  ,0,0,0,0,0,0,0,0,0,163000,0,0,0,204000,41000,163000,163000
064175,華通國泰02購01  ,0,0,0,0,0,0,0,0,0,163000,0,0,0,199000,36000,163000,163000
065053,南電凱基02購01  ,0,0,0,0,0,0,0,0,0,163000,0,0,0,163000,0,163000,163000
068399,中興電元富03購01,0,0,0,0,0,0,0,0,0,163000,0,0,0,552000,389000,163000,163000
061896,景碩永豐9B購01  ,0,0,0,0,0,0,0,0,0,163000,0,0,0,341000,178000,163000,163000
067330,台達電凱基02購01,0,0,0,0,0,0,0,0,0,163000,0,0,0,223000,60000,163000,163000
067782,亞德客群益01購04,0,0,0,0,0,0,0,0,0,163000,0,0,0,224000,61000,163000,163000
064160,新日興統一01購03,0,0,0,0,0,0,0,0,0,162000,0,0,0,177000,15000,162000,162000
063030,華通凱基9B購03  ,0,0,0,0,0,0,0,0,0,162000,0,0,0,215000,53000,162000,162000
062610,啟碁凱基9B購01  ,0,0,0,0,0,0,0,0,0,162000,0,0,0,162000,0,162000,162000
067929,華通凱基01購04  ,0,0,0,0,0,0,0,0,0,162000,0,0,0,167000,5000,162000,162000
067587,欣興群益01購03  ,0,0,0,0,0,0,0,0,0,162000,0,0,0,490000,328000,162000,162000
066332,慧洋永豐01購01  ,0,0,0,0,0,0,0,0,0,162000,0,0,0,201000,39000,162000,162000
065852,創意元大9C購06  ,0,0,0,0,0,0,0,0,0,162000,0,0,0,278000,116000,162000,162000
03150P,台積電群益03售01,0,0,0,0,0,0,0,0,0,161000,0,0,0,193000,32000,161000,161000
03055P,台積電康和01售02,0,0,0,0,0,0,0,0,0,161000,0,0,0,161000,0,161000,161000
056411,緯穎國票99購01  ,0,0,0,0,0,0,0,0,0,161000,0,0,0,161000,0,161000,161000
063382,南茂永豐9B購01  ,0,0,0,0,0,0,0,0,0,161000,0,0,0,324000,163000,161000,161000
066813,亞德客兆豐01購01,0,0,0,0,0,0,0,0,0,161000,0,0,0,216000,55000,161000,161000
064225,健策國票01購02  ,0,0,0,0,0,0,0,0,0,160000,0,0,0,178000,18000,160000,160000
064655,聚陽元大9C購02  ,0,0,0,0,0,0,0,0,0,160000,0,0,0,245000,85000,160000,160000
08872P,臺股指群益01售05,0,0,0,0,0,0,0,0,0,160000,0,0,0,220000,60000,160000,160000
064876,旺宏兆豐9C購01  ,0,0,0,0,0,0,0,0,0,160000,0,0,0,245000,85000,160000,160000
057057,立積元大9A購01  ,0,0,0,0,0,0,0,0,0,160000,0,0,0,208000,48000,160000,160000
061524,華通凱基9A購07  ,0,0,0,0,0,0,0,0,0,160000,0,0,0,170000,10000,160000,160000
060712,建準永豐9A購01  ,0,0,0,0,0,0,0,0,0,160000,0,0,0,240000,80000,160000,160000
065208,義隆國票01購01  ,0,0,0,0,0,0,0,0,0,160000,0,0,0,195000,35000,160000,160000
060469,台勝科元大9A購02,0,0,0,0,0,0,0,0,0,160000,0,0,0,160000,0,160000,160000
063437,聚陽統一01購01  ,0,0,0,0,0,0,0,0,0,160000,0,0,0,160000,0,160000,160000
063496,儒鴻永豐9B購01  ,0,0,0,0,0,0,0,0,0,160000,0,0,0,170000,10000,160000,160000
066744,和碩元大01購02  ,0,0,0,0,0,0,0,0,0,160000,0,0,0,213000,53000,160000,160000
066405,晶碩凱基01購01  ,0,0,0,0,0,0,0,0,0,160000,0,0,0,160000,0,160000,160000
067775,GIS統一02購04   ,0,0,0,0,0,0,0,0,0,160000,0,0,0,930000,770000,160000,160000
4536,拓凱            ,246000,118000,128000,0,0,0,10000,0,10000,22000,33000,51000,-18000,52000,12000,40000,160000
08172P,台積電凱基03售02,0,0,0,0,0,0,0,0,0,159000,0,0,0,299000,140000,159000,159000
064788,台汽電群益9C購01,0,0,0,0,0,0,0,0,0,159000,0,0,0,209000,50000,159000,159000
063518,儒鴻凱基9B購02  ,0,0,0,0,0,0,0,0,0,159000,0,0,0,189000,30000,159000,159000
068066,亞德客凱基03購01,0,0,0,0,0,0,0,0,0,159000,0,0,0,187000,28000,159000,159000
066812,志超凱基01購01  ,0,0,0,0,0,0,0,0,0,159000,0,0,0,169000,10000,159000,159000
065737,南茂凱基9C購02  ,0,0,0,0,0,0,0,0,0,159000,0,0,0,304000,145000,159000,159000
064778,美律群益9C購01  ,0,0,0,0,0,0,0,0,0,158000,0,0,0,192000,34000,158000,158000
08451P,南六統一9C售06  ,5000,0,5000,0,0,0,0,0,0,153000,0,0,0,158000,5000,153000,158000
08588P,緯穎元富03售01  ,0,0,0,0,0,0,0,0,0,158000,0,0,0,249000,91000,158000,158000
065067,億豐群益01購01  ,0,0,0,0,0,0,0,0,0,158000,0,0,0,158000,0,158000,158000
057777,可成群益9A購03  ,0,0,0,0,0,0,0,0,0,158000,0,0,0,208000,50000,158000,158000
063820,華邦電麥證01購01,0,0,0,158000,0,158000,0,0,0,158000,0,0,0,158000,0,158000,158000
061616,鴻海群益9A購07  ,0,0,0,0,0,0,0,0,0,158000,0,0,0,171000,13000,158000,158000
062708,立積元大9B購01  ,0,0,0,0,0,0,0,0,0,158000,0,0,0,359000,201000,158000,158000
062363,燿華元大9B購03  ,0,0,0,0,0,0,0,0,0,158000,0,0,0,185000,27000,158000,158000
061957,上銀統一01購01  ,0,0,0,0,0,0,0,0,0,158000,0,0,0,191000,33000,158000,158000
061072,南電凱基9B購01  ,0,0,0,0,0,0,0,0,0,158000,0,0,0,158000,0,158000,158000
08957P,聯電凱基03售02  ,0,0,0,0,0,0,0,0,0,157000,0,0,0,157000,0,157000,157000
061873,友達元大9C購07  ,0,0,0,0,0,0,0,0,0,157000,0,0,0,220000,63000,157000,157000
061917,亞德客凱基9B購02,0,0,0,0,0,0,0,0,0,157000,0,0,0,217000,60000,157000,157000
062119,世紀鋼中信9B購01,0,0,0,0,0,0,0,0,0,157000,0,0,0,157000,0,157000,157000
065269,貿聯元大9C購05  ,0,0,0,0,0,0,0,0,0,157000,0,0,0,257000,100000,157000,157000
065330,億豐凱基9C購03  ,0,0,0,0,0,0,0,0,0,157000,0,0,0,241000,84000,157000,157000
065582,景碩國泰01購01  ,0,0,0,0,0,0,0,0,0,157000,0,0,0,295000,138000,157000,157000
067640,欣興統一02購03  ,0,0,0,0,0,0,0,0,0,157000,0,0,0,289000,132000,157000,157000
067514,申豐統一02購05  ,0,0,0,0,0,0,0,0,0,157000,0,0,0,204000,47000,157000,157000
064625,健策元大01購02  ,0,0,0,0,0,0,0,0,0,156000,0,0,0,729000,573000,156000,156000
063664,漢唐統一9C購01  ,0,0,0,0,0,0,0,0,0,156000,0,0,0,156000,0,156000,156000
067672,聯發科元大01購21,0,0,0,0,0,0,0,0,0,156000,0,0,0,269000,113000,156000,156000
064307,聚陽群益9C購03  ,0,0,0,0,0,0,0,0,0,155000,0,0,0,217000,62000,155000,155000
08536P,台積電國票9C售08,0,0,0,0,0,0,0,0,0,155000,0,0,0,155000,0,155000,155000
07917P,可成永豐9B售01  ,0,0,0,0,0,0,0,0,0,155000,0,0,0,155000,0,155000,155000
051047,深中小群益99購01,0,0,0,0,0,0,0,0,0,155000,0,0,0,180000,25000,155000,155000
066638,聚碩凱基01購01  ,0,0,0,0,0,0,0,0,0,155000,0,0,0,215000,60000,155000,155000
00636,國泰中國A50     ,439500,2000,437500,0,0,0,0,0,0,-283000,0,0,0,229000,512000,-283000,154500
068326,技嘉元大01購04  ,0,0,0,0,0,0,0,0,0,154000,0,0,0,201000,47000,154000,154000
058267,奇鋐永豐99購01  ,0,0,0,0,0,0,0,0,0,154000,0,0,0,405000,251000,154000,154000
063690,健鼎永豐9B購01  ,0,0,0,0,0,0,0,0,0,154000,0,0,0,606000,452000,154000,154000
062598,華通台新9B購02  ,0,0,0,0,0,0,0,0,0,154000,0,0,0,154000,0,154000,154000
067642,貿聯統一01購03  ,0,0,0,0,0,0,0,0,0,154000,0,0,0,169000,15000,154000,154000
065012,燿華國泰02購01  ,0,0,0,0,0,0,0,0,0,153000,0,0,0,169000,16000,153000,153000
063865,旺宏永豐9C購01  ,0,0,0,0,0,0,0,0,0,153000,0,0,0,153000,0,153000,153000
067644,康舒統一01購01  ,0,0,0,0,0,0,0,0,0,153000,0,0,0,163000,10000,153000,153000
067181,華通凱基01購02  ,0,0,0,0,0,0,0,0,0,153000,0,0,0,168000,15000,153000,153000
062552,南電永豐9B購01  ,0,0,0,0,0,0,0,0,0,152000,0,0,0,203000,51000,152000,152000
061990,台勝科元大9C購01,0,0,0,0,0,0,0,0,0,152000,0,0,0,152000,0,152000,152000
066804,緯創凱基01購01  ,0,0,0,0,0,0,0,0,0,152000,0,0,0,232000,80000,152000,152000
910861,神州-DR         ,152000,0,152000,0,0,0,0,0,0,0,0,0,0,0,0,0,152000
3501,維熹            ,184000,32000,152000,0,0,0,0,0,0,0,0,0,0,0,0,0,152000
062026,華邦電群益9B購01,0,0,0,0,0,0,0,0,0,151000,0,0,0,201000,50000,151000,151000
067424,美律凱基02購02  ,0,0,0,0,0,0,0,0,0,151000,0,0,0,151000,0,151000,151000
08111P,臺股指中信01售06,0,0,0,0,0,0,0,0,0,150000,0,0,0,150000,0,150000,150000
08199P,大毅元大9B售02  ,0,0,0,0,0,0,0,0,0,150000,0,0,0,150000,0,150000,150000
068411,世紀鋼元富07購01,0,0,0,0,0,0,0,0,0,150000,0,0,0,230000,80000,150000,150000
08356P,聯發科元大9C售08,0,0,0,0,0,0,0,0,0,150000,0,0,0,150000,0,150000,150000
059986,宏達電元大99購08,0,0,0,0,0,0,0,0,0,150000,0,0,0,153000,3000,150000,150000
054821,貿聯元大9A購01  ,0,0,0,0,0,0,0,0,0,150000,0,0,0,150000,0,150000,150000
062187,台勝科元大9B購02,0,0,0,0,0,0,0,0,0,150000,0,0,0,150000,0,150000,150000
065361,上銀元大9C購11  ,0,0,0,0,0,0,0,0,0,150000,0,0,0,150000,0,150000,150000
063574,茂林元大9B購07  ,0,0,0,0,0,0,0,0,0,150000,0,0,0,188000,38000,150000,150000
063676,上銀國泰9C購02  ,0,0,0,0,0,0,0,0,0,150000,0,0,0,150000,0,150000,150000
062466,FBVIX凱基9B購01 ,0,0,0,0,0,0,0,0,0,150000,0,0,0,150000,0,150000,150000
061793,上銀永豐9B購01  ,0,0,0,0,0,0,0,0,0,150000,0,0,0,150000,0,150000,150000
067786,緯創群益04購01  ,0,0,0,0,0,0,0,0,0,150000,0,0,0,204000,54000,150000,150000
067928,華城凱基01購01  ,0,0,0,0,0,0,0,0,0,150000,0,0,0,186000,36000,150000,150000
067932,技嘉凱基01購01  ,0,0,0,0,0,0,0,0,0,150000,0,0,0,169000,19000,150000,150000
066456,全新統一02購01  ,0,0,0,0,0,0,0,0,0,150000,0,0,0,150000,0,150000,150000
065846,華新科元大03購01,0,0,0,0,0,0,0,0,0,150000,0,0,0,200000,50000,150000,150000
08783P,台積電元大01售18,0,0,0,0,0,0,0,0,0,149000,0,0,0,149000,0,149000,149000
064485,儒鴻元大01購01  ,0,0,0,0,0,0,0,0,0,149000,0,0,0,302000,153000,149000,149000
064990,世紀鋼元大01購01,0,0,0,0,0,0,0,0,0,149000,0,0,0,211000,62000,149000,149000
056523,光寶科中信98購01,0,0,0,0,0,0,0,0,0,149000,0,0,0,150000,1000,149000,149000
020012,富邦行動通訊N   ,0,0,0,0,0,0,0,0,0,149000,0,0,0,153000,4000,149000,149000
065220,義隆富邦01購02  ,0,0,0,0,0,0,0,0,0,149000,0,0,0,153000,4000,149000,149000
066538,信邦兆豐03購01  ,0,0,0,0,0,0,0,0,0,149000,0,0,0,152000,3000,149000,149000
064948,致茂凱基01購01  ,0,0,0,0,0,0,0,0,0,148000,0,0,0,245000,97000,148000,148000
059867,華邦電凱基99購02,0,0,0,0,0,0,0,0,0,148000,0,0,0,148000,0,148000,148000
057690,美律凱基99購03  ,0,0,0,0,0,0,0,0,0,148000,0,0,0,149000,1000,148000,148000
068106,南電永豐01購02  ,0,0,0,0,0,0,0,0,0,148000,0,0,0,171000,23000,148000,148000
2605,新興            ,316000,245000,71000,0,0,0,0,0,0,77000,0,7000,-7000,84000,0,84000,148000
064374,旺宏元富9C購01  ,0,0,0,0,0,0,0,0,0,147000,0,0,0,197000,50000,147000,147000
063872,嘉聯益永豐9C購01,0,0,0,0,0,0,0,0,0,147000,0,0,0,345000,198000,147000,147000
067338,欣興凱基01購02  ,0,0,0,0,0,0,0,0,0,147000,0,0,0,356000,209000,147000,147000
066105,松翰國票01購01  ,0,0,0,0,0,0,0,0,0,147000,0,0,0,147000,0,147000,147000
064473,技嘉麥證9C購01  ,0,0,0,158000,12000,146000,0,0,0,146000,0,0,0,158000,12000,146000,146000
068363,世紀鋼凱基01購02,0,0,0,0,0,0,0,0,0,146000,0,0,0,150000,4000,146000,146000
07502P,美食元大9A售01  ,0,0,0,0,0,0,0,0,0,146000,0,0,0,154000,8000,146000,146000
058069,美律凱基99購05  ,0,0,0,0,0,0,0,0,0,146000,0,0,0,146000,0,146000,146000
058534,友達統一9B購01  ,0,0,0,0,0,0,0,0,0,146000,0,0,0,194000,48000,146000,146000
063440,上銀統一01購02  ,0,0,0,0,0,0,0,0,0,146000,0,0,0,156000,10000,146000,146000
063922,大立光元富9C購04,0,0,0,0,0,0,0,0,0,146000,0,0,0,255000,109000,146000,146000
061659,信邦永豐9A購01  ,0,0,0,0,0,0,0,0,0,146000,0,0,0,148000,2000,146000,146000
065178,和碩元大9C購01  ,0,0,0,0,0,0,0,0,0,146000,0,0,0,197000,51000,146000,146000
061041,南電永豐9A購03  ,0,0,0,0,0,0,0,0,0,146000,0,0,0,252000,106000,146000,146000
065727,冠德凱基9C購01  ,0,0,0,0,0,0,0,0,0,146000,0,0,0,256000,110000,146000,146000
064532,聯茂兆豐01購01  ,0,0,0,0,0,0,0,0,0,145000,0,0,0,165000,20000,145000,145000
08616P,聯發科元富9C售02,0,0,0,0,0,0,0,0,0,145000,0,0,0,145000,0,145000,145000
059952,旺宏康和99購01  ,0,0,0,0,0,0,0,0,0,145000,0,0,0,145000,0,145000,145000
063100,聚陽群益9C購02  ,0,0,0,0,0,0,0,0,0,145000,0,0,0,188000,43000,145000,145000
063584,南六國泰01購01  ,0,0,0,0,0,0,0,0,0,145000,0,0,0,441000,296000,145000,145000
065728,嘉晶凱基9C購04  ,0,0,0,0,0,0,0,0,0,145000,0,0,0,275000,130000,145000,145000
08411P,技嘉凱基9C售01  ,0,0,0,0,0,0,0,0,0,144000,0,0,0,144000,0,144000,144000
08493P,嘉澤元大9C售01  ,0,0,0,0,0,0,0,0,0,144000,0,0,0,144000,0,144000,144000
064918,中信金統一02購01,0,0,0,0,0,0,0,0,0,144000,0,0,0,177000,33000,144000,144000
060122,亞德客永豐99購02,0,0,0,0,0,0,0,0,0,144000,0,0,0,152000,8000,144000,144000
067408,達方永豐01購02  ,0,0,0,0,0,0,0,0,0,144000,0,0,0,200000,56000,144000,144000
8011,台通            ,197000,53000,144000,0,0,0,0,0,0,0,0,0,0,0,0,0,144000
060164,合勤控永豐9A購01,0,0,0,0,0,0,0,0,0,143000,0,0,0,161000,18000,143000,143000
058026,上銀富邦9A購01  ,0,0,0,0,0,0,0,0,0,143000,0,0,0,143000,0,143000,143000
03062P,世紀鋼凱基02售02,0,0,0,0,0,0,0,0,0,143000,0,0,0,193000,50000,143000,143000
063973,緯穎國票9C購01  ,0,0,0,0,0,0,0,0,0,143000,0,0,0,143000,0,143000,143000
060612,世紀鋼凱基9A購01,0,0,0,0,0,0,0,0,0,143000,0,0,0,150000,7000,143000,143000
066109,南電國票02購01  ,0,0,0,0,0,0,0,0,0,143000,0,0,0,170000,27000,143000,143000
066239,拓凱富邦02購01  ,0,0,0,0,0,0,0,0,0,143000,0,0,0,243000,100000,143000,143000
066268,宏達電元大01購02,0,0,0,0,0,0,0,0,0,143000,0,0,0,152000,9000,143000,143000
066513,精元永豐01購02  ,0,0,0,0,0,0,0,0,0,143000,0,0,0,228000,85000,143000,143000
058552,欣興永豐99購01  ,0,0,0,0,0,0,0,0,0,142000,0,0,0,259000,117000,142000,142000
065372,漢唐元大9C購02  ,0,0,0,0,0,0,0,0,0,142000,0,0,0,144000,2000,142000,142000
061865,力山元大9B購01  ,0,0,0,0,0,0,0,0,0,142000,0,0,0,146000,4000,142000,142000
058989,茂林凱基99購02  ,0,0,0,0,0,0,0,0,0,141000,0,0,0,239000,98000,141000,141000
057969,緯穎國泰99購01  ,0,0,0,0,0,0,0,0,0,141000,0,0,0,186000,45000,141000,141000
057446,旺宏元富02購01  ,0,0,0,0,0,0,0,0,0,141000,0,0,0,141000,0,141000,141000
065298,健策統一9C購06  ,0,0,0,0,0,0,0,0,0,141000,0,0,0,190000,49000,141000,141000
066322,群光永豐01購01  ,0,0,0,0,0,0,0,0,0,141000,0,0,0,144000,3000,141000,141000
065025,健策永豐9C購02  ,0,0,0,0,0,0,0,0,0,140000,0,0,0,145000,5000,140000,140000
068450,台積電國票01購10,0,0,0,0,0,0,0,0,0,140000,0,0,0,190000,50000,140000,140000
08503P,臺股指國票9C售05,0,0,0,0,0,0,0,0,0,140000,0,0,0,160000,20000,140000,140000
08512P,玉晶光永豐9C售06,0,0,0,0,0,0,0,0,0,140000,0,0,0,140000,0,140000,140000
064603,和碩元富9C購01  ,0,0,0,0,0,0,0,0,0,140000,0,0,0,215000,75000,140000,140000
056520,鴻海日盛99購01  ,0,0,0,0,0,0,0,0,0,140000,0,0,0,1145000,1005000,140000,140000
058495,元大金群益9B購01,0,0,0,0,0,0,0,0,0,140000,0,0,0,340000,200000,140000,140000
056655,旺宏元大99購02  ,0,0,0,0,0,0,0,0,0,140000,0,0,0,150000,10000,140000,140000
062156,美律凱基9B購01  ,0,0,0,0,0,0,0,0,0,140000,0,0,0,140000,0,140000,140000
061872,友達元大9C購06  ,0,0,0,0,0,0,0,0,0,140000,0,0,0,150000,10000,140000,140000
062757,華通凱基9B購02  ,0,0,0,0,0,0,0,0,0,140000,0,0,0,145000,5000,140000,140000
066536,漢唐兆豐03購01  ,0,0,0,0,0,0,0,0,0,140000,0,0,0,140000,0,140000,140000
065662,台勝科永豐9C購01,0,0,0,0,0,0,0,0,0,140000,0,0,0,140000,0,140000,140000
067101,華邦電群益01購02,0,0,0,0,0,0,0,0,0,140000,0,0,0,172000,32000,140000,140000
3605,宏致            ,252000,112000,140000,0,0,0,0,0,0,0,0,0,0,0,0,0,140000
08797P,健策凱基02售03  ,0,0,0,0,0,0,0,0,0,139000,0,0,0,396000,257000,139000,139000
065876,牧德群益02購01  ,0,0,0,0,0,0,0,0,0,139000,0,0,0,139000,0,139000,139000
068362,南電凱基01購06  ,0,0,0,0,0,0,0,0,0,138000,0,0,0,179000,41000,138000,138000
064413,世紀鋼凱基02購01,0,0,0,0,0,0,0,0,0,138000,0,0,0,246000,108000,138000,138000
066418,京元電元大01購02,0,0,0,0,0,0,0,0,0,138000,0,0,0,166000,28000,138000,138000
068123,嘉聯益元富07購01,0,0,0,0,0,0,0,0,0,138000,0,0,0,260000,122000,138000,138000
4142,國光生          ,1018000,1623000,-605000,0,0,0,666000,0,666000,77000,8000,11000,-3000,100000,20000,80000,138000
2542,興富發          ,1229801,1069000,160801,0,0,0,0,0,0,-23000,6000,28000,-22000,0,1000,-1000,137801
08160P,茂林元富9B售03  ,0,0,0,0,0,0,0,0,0,137000,0,0,0,256000,119000,137000,137000
068413,健策台新01購01  ,0,0,0,0,0,0,0,0,0,137000,0,0,0,780000,643000,137000,137000
068424,台灣50凱基04購11,0,0,0,0,0,0,0,0,0,137000,0,0,0,137000,0,137000,137000
064505,康控元大9C購01  ,0,0,0,0,0,0,0,0,0,137000,0,0,0,217000,80000,137000,137000
03427B,臺股指元大9A熊02,0,0,0,0,0,0,0,0,0,137000,0,0,0,298000,161000,137000,137000
059957,中信金康和99購01,0,0,0,0,0,0,0,0,0,137000,0,0,0,137000,0,137000,137000
065188,玉晶光統一02購01,0,0,0,0,0,0,0,0,0,137000,0,0,0,151000,14000,137000,137000
065432,景碩凱基9C購03  ,0,0,0,0,0,0,0,0,0,137000,0,0,0,155000,18000,137000,137000
066568,聚碩元大01購01  ,0,0,0,0,0,0,0,0,0,137000,0,0,0,310000,173000,137000,137000
064768,仁寶中信03購01  ,0,0,0,0,0,0,0,0,0,136000,0,0,0,143000,7000,136000,136000
060189,宏達電元富9B購03,0,0,0,0,0,0,0,0,0,136000,0,0,0,226000,90000,136000,136000
061521,亞光兆豐9A購02  ,0,0,0,0,0,0,0,0,0,136000,0,0,0,246000,110000,136000,136000
061207,美律元大9A購04  ,0,0,0,0,0,0,0,0,0,136000,0,0,0,150000,14000,136000,136000
063219,友達群益9B購03  ,0,0,0,0,0,0,0,0,0,136000,0,0,0,178000,42000,136000,136000
063465,友達元大9C購10  ,0,0,0,0,0,0,0,0,0,136000,0,0,0,209000,73000,136000,136000
063625,儒鴻元大9B購03  ,0,0,0,0,0,0,0,0,0,136000,0,0,0,248000,112000,136000,136000
066750,緯穎元大01購04  ,0,0,0,0,0,0,0,0,0,136000,0,0,0,156000,20000,136000,136000
065800,技嘉群益9C購01  ,0,0,0,0,0,0,0,0,0,136000,0,0,0,159000,23000,136000,136000
066251,川湖元大01購01  ,0,0,0,0,0,0,0,0,0,136000,0,0,0,172000,36000,136000,136000
067285,欣興國票02購01  ,0,0,0,0,0,0,0,0,0,136000,0,0,0,521000,385000,136000,136000
2461,光群雷          ,179000,43000,136000,0,0,0,0,0,0,0,0,0,0,0,0,0,136000
064292,南茂元大01購01  ,0,0,0,0,0,0,0,0,0,135000,0,0,0,185000,50000,135000,135000
064639,聚陽凱基02購01  ,0,0,0,0,0,0,0,0,0,135000,0,0,0,202000,67000,135000,135000
06054P,臺股指中信9A售01,0,0,0,0,0,0,0,0,0,135000,0,0,0,135000,0,135000,135000
06658P,台灣50富邦9C售01,0,0,0,0,0,0,0,0,0,135000,0,0,0,155000,20000,135000,135000
08360P,國巨國泰02售01  ,0,0,0,0,0,0,0,0,0,134000,0,0,0,380000,246000,134000,134000
064759,景碩凱基9C購01  ,0,0,0,0,0,0,0,0,0,134000,0,0,0,327000,193000,134000,134000
064932,緯穎統一01購04  ,0,0,0,0,0,0,0,0,0,134000,0,0,0,298000,164000,134000,134000
08061P,大毅國票9B售04  ,0,0,0,0,0,0,0,0,0,134000,0,0,0,134000,0,134000,134000
068397,世紀鋼統一03購01,0,0,0,0,0,0,0,0,0,134000,0,0,0,155000,21000,134000,134000
056783,國巨群益99購01  ,0,0,0,0,0,0,0,0,0,134000,0,0,0,160000,26000,134000,134000
063739,台勝科元大9B購03,0,0,0,0,0,0,0,0,0,134000,0,0,0,134000,0,134000,134000
066451,台郡群益01購01  ,0,0,0,0,0,0,0,0,0,134000,0,0,0,227000,93000,134000,134000
067903,申豐群益01購01  ,0,0,0,0,0,0,0,0,0,134000,0,0,0,223000,89000,134000,134000
067710,同欣電元富04購01,0,0,0,0,0,0,0,0,0,134000,0,0,0,219000,85000,134000,134000
064917,元大金統一02購01,0,0,0,0,0,0,0,0,0,133000,0,0,0,243000,110000,133000,133000
062870,亞德客兆豐9C購01,0,0,0,0,0,0,0,0,0,133000,0,0,0,163000,30000,133000,133000
065523,茂林群益9C購03  ,0,0,0,0,0,0,0,0,0,133000,0,0,0,153000,20000,133000,133000
065547,同欣電兆豐01購01,0,0,0,0,0,0,0,0,0,133000,0,0,0,133000,0,133000,133000
062076,美律元大9B購02  ,0,0,0,0,0,0,0,0,0,133000,0,0,0,134000,1000,133000,133000
067662,聚陽元大01購03  ,0,0,0,0,0,0,0,0,0,133000,0,0,0,631000,498000,133000,133000
067631,上銀永豐01購01  ,0,0,0,0,0,0,0,0,0,133000,0,0,0,153000,20000,133000,133000
066861,致新國票02購01  ,0,0,0,0,0,0,0,0,0,133000,0,0,0,134000,1000,133000,133000
068489,技嘉元大01購05  ,0,0,0,0,0,0,0,0,0,132000,0,0,0,196000,64000,132000,132000
058751,南茂凱基9A購01  ,0,0,0,0,0,0,0,0,0,132000,0,0,0,140000,8000,132000,132000
067373,聯發科統一03購04,0,0,0,0,0,0,0,0,0,131000,0,0,0,330000,199000,131000,131000
4934,太極            ,301000,170000,131000,0,0,0,0,0,0,0,0,0,0,0,0,0,131000
060654,大毅群益9B購01  ,0,0,0,0,0,0,0,0,0,130000,0,0,0,130000,0,130000,130000
060388,世紀鋼凱基9B購01,0,0,0,0,0,0,0,0,0,130000,0,0,0,171000,41000,130000,130000
055874,中環元富9A購01  ,0,0,0,0,0,0,0,0,0,130000,0,0,0,180000,50000,130000,130000
063799,華邦電凱基9C購02,0,0,0,0,0,0,0,0,0,130000,0,0,0,151000,21000,130000,130000
063579,GIS元大9C購01   ,0,0,0,0,0,0,0,0,0,130000,0,0,0,176000,46000,130000,130000
062605,上銀凱基9B購03  ,0,0,0,0,0,0,0,0,0,130000,0,0,0,130000,0,130000,130000
065789,泰碩永豐9C購02  ,0,0,0,0,0,0,0,0,0,130000,0,0,0,130000,0,130000,130000
00753L,中信中國50正2   ,482000,0,482000,0,0,0,0,0,0,-353000,0,0,0,533000,886000,-353000,129000
062622,南電元大9B購03  ,0,0,0,0,0,0,0,0,0,129000,0,0,0,133000,4000,129000,129000
067461,晶碩永豐01購02  ,0,0,0,0,0,0,0,0,0,129000,0,0,0,130000,1000,129000,129000
1762,中化生          ,275000,147000,128000,0,0,0,0,0,0,1000,1000,0,1000,0,0,0,129000
3048,益登            ,149000,20000,129000,0,0,0,0,0,0,0,0,0,0,0,0,0,129000
08077P,亞德客國票9B售02,0,0,0,0,0,0,0,0,0,128000,0,0,0,180000,52000,128000,128000
064185,裕隆永豐9C購01  ,0,0,0,0,0,0,0,0,0,128000,0,0,0,609000,481000,128000,128000
062266,世紀鋼元大9B購02,0,0,0,0,0,0,0,0,0,128000,0,0,0,262000,134000,128000,128000
058884,世紀鋼永豐99購02,0,0,0,0,0,0,0,0,0,128000,0,0,0,162000,34000,128000,128000
060811,亞德客凱基9A購02,0,0,0,0,0,0,0,0,0,128000,0,0,0,128000,0,128000,128000
065543,緯穎元富01購01  ,0,0,0,0,0,0,0,0,0,128000,0,0,0,191000,63000,128000,128000
065834,億豐凱基03購01  ,0,0,0,0,0,0,0,0,0,128000,0,0,0,215000,87000,128000,128000
6196,帆宣            ,800000,674000,126000,0,0,0,0,0,0,2000,4000,69000,-65000,74000,7000,67000,128000
064018,儒鴻元大9C購02  ,0,0,0,0,0,0,0,0,0,127000,0,0,0,237000,110000,127000,127000
065953,宏達電統一03購01,0,0,0,0,0,0,0,0,0,127000,0,0,0,256000,129000,127000,127000
067806,宏碁凱基02購01  ,0,0,0,0,0,0,0,0,0,127000,0,0,0,216000,89000,127000,127000
1773,勝一            ,154000,74000,80000,0,0,0,65000,0,65000,-18000,0,18000,-18000,0,0,0,127000
064359,華通統一9C購05  ,0,0,0,0,0,0,0,0,0,126000,0,0,0,257000,131000,126000,126000
064712,聚陽統一02購03  ,0,0,0,0,0,0,0,0,0,126000,0,0,0,126000,0,126000,126000
060209,喬山康和9A購01  ,0,0,0,0,0,0,0,0,0,126000,0,0,0,126000,0,126000,126000
03043P,健策國票03售01  ,0,0,0,0,0,0,0,0,0,126000,0,0,0,129000,3000,126000,126000
067622,同欣電國泰02購01,0,0,0,0,0,0,0,0,0,126000,0,0,0,299000,173000,126000,126000
067554,聚陽國票02購02  ,0,0,0,0,0,0,0,0,0,126000,0,0,0,298000,172000,126000,126000
067107,義隆群益01購02  ,0,0,0,0,0,0,0,0,0,126000,0,0,0,193000,67000,126000,126000
08861P,台積電統一01售10,0,0,0,0,0,0,0,0,0,125000,0,0,0,155000,30000,125000,125000
056925,群創兆豐98購03  ,0,0,0,0,0,0,0,0,0,125000,0,0,0,125000,0,125000,125000
055118,嘉聯益凱基98購02,0,0,0,0,0,0,0,0,0,125000,0,0,0,125000,0,125000,125000
057872,旺宏元大99購06  ,0,0,0,0,0,0,0,0,0,125000,0,0,0,125000,0,125000,125000
065548,台達電凱基01購02,0,0,0,0,0,0,0,0,0,125000,0,0,0,163000,38000,125000,125000
065371,漢唐元大01購01  ,0,0,0,0,0,0,0,0,0,125000,0,0,0,132000,7000,125000,125000
061132,志超永豐9A購01  ,0,0,0,0,0,0,0,0,0,125000,0,0,0,125000,0,125000,125000
067368,技嘉統一03購01  ,0,0,0,0,0,0,0,0,0,125000,0,0,0,154000,29000,125000,125000
066242,惠特富邦03購01  ,0,0,0,0,0,0,0,0,0,125000,0,0,0,135000,10000,125000,125000
08104P,晶技元大9B售06  ,0,0,0,0,0,0,0,0,0,124000,0,0,0,124000,0,124000,124000
07131P,緯穎元大99售06  ,0,0,0,0,0,0,0,0,0,124000,0,0,0,124000,0,124000,124000
061877,貿聯元大9B購01  ,0,0,0,0,0,0,0,0,0,124000,0,0,0,162000,38000,124000,124000
063826,中興電國票01購01,0,0,0,0,0,0,0,0,0,124000,0,0,0,189000,65000,124000,124000
063466,美食元大9B購02  ,0,0,0,0,0,0,0,0,0,124000,0,0,0,130000,6000,124000,124000
062434,華通元大9B購04  ,0,0,0,0,0,0,0,0,0,124000,0,0,0,286000,162000,124000,124000
065672,嘉晶凱基01購01  ,0,0,0,0,0,0,0,0,0,124000,0,0,0,187000,63000,124000,124000
068327,聯發科元大01購27,0,0,0,0,0,0,0,0,0,123000,0,0,0,136000,13000,123000,123000
068328,聯發科元大01購28,0,0,0,0,0,0,0,0,0,123000,0,0,0,138000,15000,123000,123000
064400,大成鋼凱基01購01,0,0,0,0,0,0,0,0,0,123000,0,0,0,128000,5000,123000,123000
08171P,嘉澤國票9C售01  ,0,0,0,0,0,0,0,0,0,123000,0,0,0,281000,158000,123000,123000
08405P,聯發科元大9C售11,0,0,0,0,0,0,0,0,0,123000,0,0,0,357000,234000,123000,123000
08390P,旺宏凱基9C售02  ,0,0,0,0,0,0,0,0,0,123000,0,0,0,178000,55000,123000,123000
056943,華通統一99購01  ,0,0,0,0,0,0,0,0,0,123000,0,0,0,138000,15000,123000,123000
062721,美律凱基9B購02  ,0,0,0,0,0,0,0,0,0,123000,0,0,0,123000,0,123000,123000
065293,玉晶光群益01購07,0,0,0,0,0,0,0,0,0,123000,0,0,0,162000,39000,123000,123000
066575,緯穎元大01購03  ,0,0,0,0,0,0,0,0,0,123000,0,0,0,123000,0,123000,123000
067316,嘉澤元大01購03  ,0,0,0,0,0,0,0,0,0,123000,0,0,0,170000,47000,123000,123000
066986,健策群益02購02  ,0,0,0,0,0,0,0,0,0,123000,0,0,0,147000,24000,123000,123000
064449,金寶統一01購02  ,0,0,0,0,0,0,0,0,0,122000,0,0,0,122000,0,122000,122000
058305,華邦電元大99購02,0,0,0,0,0,0,0,0,0,122000,0,0,0,122000,0,122000,122000
059253,康控凱基9B購02  ,0,0,0,0,0,0,0,0,0,122000,0,0,0,122000,0,122000,122000
061256,亞德客凱基9B購01,0,0,0,0,0,0,0,0,0,122000,0,0,0,146000,24000,122000,122000
061673,仁寶元大9B購01  ,0,0,0,0,0,0,0,0,0,122000,0,0,0,122000,0,122000,122000
063640,貿聯元大9B購03  ,0,0,0,0,0,0,0,0,0,122000,0,0,0,153000,31000,122000,122000
064845,華通元富9C購02  ,0,0,0,0,0,0,0,0,0,121000,0,0,0,123000,2000,121000,121000
062239,台汽電凱基9B購01,0,0,0,0,0,0,0,0,0,121000,0,0,0,121000,0,121000,121000
058801,致伸元大99購01  ,0,0,0,0,0,0,0,0,0,121000,0,0,0,421000,300000,121000,121000
053799,矽創中信9A購01  ,0,0,0,0,0,0,0,0,0,121000,0,0,0,151000,30000,121000,121000
065197,景碩元富06購01  ,0,0,0,0,0,0,0,0,0,121000,0,0,0,431000,310000,121000,121000
061951,南電群益9B購01  ,0,0,0,0,0,0,0,0,0,121000,0,0,0,121000,0,121000,121000
067801,台達電凱基01購03,0,0,0,0,0,0,0,0,0,121000,0,0,0,244000,123000,121000,121000
067998,聯發科元大01購22,0,20000,-20000,0,0,0,0,0,0,141000,0,0,0,155000,14000,141000,121000
066683,和碩兆豐01購01  ,0,0,0,0,0,0,0,0,0,121000,0,0,0,221000,100000,121000,121000
065705,嘉晶群益9C購05  ,0,0,0,0,0,0,0,0,0,121000,0,0,0,157000,36000,121000,121000
065930,矽格國票02購01  ,0,0,0,0,0,0,0,0,0,121000,0,0,0,159000,38000,121000,121000
06478P,臺股指日盛9A售01,0,20000,-20000,0,0,0,0,0,0,140000,0,0,0,1274000,1134000,140000,120000
065033,和碩兆豐9C購01  ,0,0,0,0,0,0,0,0,0,120000,0,0,0,236000,116000,120000,120000
068391,玉晶光統一07購01,0,0,0,0,0,0,0,0,0,120000,0,0,0,120000,0,120000,120000
068376,美律永豐01購01  ,0,0,0,0,0,0,0,0,0,120000,0,0,0,180000,60000,120000,120000
063687,金像電永豐9B購04,0,0,0,0,0,0,0,0,0,120000,0,0,0,120000,0,120000,120000
063236,旺宏元大9B購07  ,0,0,0,0,0,0,0,0,0,120000,0,0,0,142000,22000,120000,120000
063214,康控國票9C購01  ,0,0,0,0,0,0,0,0,0,120000,0,0,0,182000,62000,120000,120000
066830,國揚群益01購01  ,0,0,0,0,0,0,0,0,0,120000,0,0,0,135000,15000,120000,120000
066363,美律中信05購01  ,0,0,0,0,0,0,0,0,0,120000,0,0,0,163000,43000,120000,120000
067441,儒鴻國票02購01  ,0,0,0,0,0,0,0,0,0,120000,0,0,0,157000,37000,120000,120000
3060,銘異            ,133000,12000,121000,0,0,0,0,0,0,-1000,0,1000,-1000,0,0,0,120000
068333,緯創元大01購04  ,0,0,0,0,0,0,0,0,0,119000,0,0,0,297000,178000,119000,119000
08229P,祥碩國票9B售04  ,0,0,0,0,0,0,0,0,0,119000,0,0,0,120000,1000,119000,119000
08393P,鴻海群益9C售05  ,20000,0,20000,0,0,0,0,0,0,99000,0,0,0,157000,58000,99000,119000
08763P,健策永豐01售02  ,0,0,0,0,0,0,0,0,0,119000,0,0,0,124000,5000,119000,119000
064574,達方群益01購01  ,0,0,0,0,0,0,0,0,0,119000,0,0,0,122000,3000,119000,119000
058053,上銀統一9B購01  ,0,0,0,0,0,0,0,0,0,119000,0,0,0,206000,87000,119000,119000
067629,亞德客永豐01購01,0,0,0,0,0,0,0,0,0,119000,0,0,0,119000,0,119000,119000
066290,台塑化元大01購01,0,0,0,0,0,0,0,0,0,119000,0,0,0,319000,200000,119000,119000
2348,海悅            ,164000,39000,125000,0,0,0,0,0,0,-6000,0,6000,-6000,0,0,0,119000
08994P,台灣50群益01售11,0,0,0,0,0,0,0,0,0,118000,0,0,0,148000,30000,118000,118000
068358,啟碁凱基01購01  ,0,0,0,0,0,0,0,0,0,118000,0,0,0,118000,0,118000,118000
057576,南亞科第一9C購01,0,0,0,0,0,0,0,0,0,118000,0,0,0,130000,12000,118000,118000
060557,南電凱基9A購02  ,0,0,0,0,0,0,0,0,0,118000,0,0,0,118000,0,118000,118000
066629,國揚凱基01購01  ,0,0,0,0,0,0,0,0,0,118000,0,0,0,422000,304000,118000,118000
066222,生達國泰02購01  ,0,0,0,0,0,0,0,0,0,118000,0,0,0,186000,68000,118000,118000
8454,富邦媒          ,202000,91000,111000,0,0,0,0,0,0,7000,8000,1000,7000,0,0,0,118000
9938,百和            ,628000,671000,-43000,0,0,0,0,0,0,161000,102000,2000,100000,65000,4000,61000,118000
08976P,臺股指群益01售10,0,0,0,0,0,0,0,0,0,117000,0,0,0,167000,50000,117000,117000
08695P,嘉晶群益01售01  ,0,0,0,0,0,0,0,0,0,117000,0,0,0,200000,83000,117000,117000
064366,群創統一01購01  ,0,0,0,0,0,0,0,0,0,117000,0,0,0,305000,188000,117000,117000
064167,緯穎統一01購03  ,0,0,0,0,0,0,0,0,0,117000,0,0,0,164000,47000,117000,117000
064270,華通元大9C購03  ,0,0,0,0,0,0,0,0,0,117000,0,0,0,153000,36000,117000,117000
057000,亞德客國票99購01,0,0,0,0,0,0,0,0,0,117000,0,0,0,118000,1000,117000,117000
03104P,大立光元富04售01,0,0,0,0,0,0,0,0,0,117000,0,0,0,120000,3000,117000,117000
058019,美律凱基99購04  ,0,0,0,0,0,0,0,0,0,117000,0,0,0,117000,0,117000,117000
060559,世紀鋼凱基9C購01,0,0,0,0,0,0,0,0,0,117000,0,0,0,117000,0,117000,117000
066144,惠特群益01購02  ,0,0,0,0,0,0,0,0,0,117000,0,0,0,117000,0,117000,117000
067588,欣興群益01購04  ,0,0,0,0,0,0,0,0,0,117000,0,0,0,511000,394000,117000,117000
8261,富鼎            ,135000,18000,117000,0,0,0,0,0,0,0,0,0,0,0,0,0,117000
064362,友達統一01購02  ,0,0,0,0,0,0,0,0,0,116000,0,0,0,146000,30000,116000,116000
08290P,高鐵統一01售01  ,0,0,0,0,0,0,0,0,0,116000,0,0,0,117000,1000,116000,116000
064900,景碩群益01購01  ,0,0,0,0,0,0,0,0,0,116000,0,0,0,148000,32000,116000,116000
060387,盛群凱基9A購01  ,0,0,0,0,0,0,0,0,0,116000,0,0,0,120000,4000,116000,116000
059113,群光永豐99購01  ,0,0,0,0,0,0,0,0,0,116000,0,0,0,116000,0,116000,116000
057397,茂林中信9A購01  ,0,0,0,0,0,0,0,0,0,116000,0,0,0,116000,0,116000,116000
065529,聯發科中信01購04,0,0,0,0,0,0,0,0,0,116000,0,0,0,116000,0,116000,116000
062761,嘉晶凱基9C購01  ,0,0,0,0,0,0,0,0,0,116000,0,0,0,147000,31000,116000,116000
067965,美律群益01購02  ,0,0,0,0,0,0,0,0,0,116000,0,0,0,116000,0,116000,116000
065860,南電元大02購01  ,0,0,0,0,0,0,0,0,0,116000,0,0,0,118000,2000,116000,116000
066847,群創元大01購03  ,0,0,0,0,0,0,0,0,0,116000,0,0,0,316000,200000,116000,116000
4960,誠美材          ,753000,627000,126000,0,0,0,0,0,0,-10000,0,10000,-10000,0,0,0,116000
3504,揚明光          ,138000,21000,117000,0,0,0,0,0,0,-1000,0,5000,-5000,4000,0,4000,116000
07670P,茂林元大9A售02  ,0,0,0,0,0,0,0,0,0,115000,0,0,0,115000,0,115000,115000
08990P,台積電元大01售28,0,0,0,0,0,0,0,0,0,115000,0,0,0,115000,0,115000,115000
03084P,鴻海元大01售23  ,0,0,0,0,0,0,0,0,0,115000,0,0,0,121000,6000,115000,115000
03009P,玉晶光凱基01售08,0,0,0,0,0,0,0,0,0,115000,0,0,0,119000,4000,115000,115000
057730,聯鈞國泰9A購01  ,0,0,0,0,0,0,0,0,0,115000,0,0,0,135000,20000,115000,115000
061649,緯穎元大9A購06  ,0,0,0,0,0,0,0,0,0,115000,0,0,0,170000,55000,115000,115000
063833,致新國票01購01  ,0,0,0,0,0,0,0,0,0,115000,0,0,0,115000,0,115000,115000
066781,滬深2X中信04購01,0,0,0,0,0,0,0,0,0,115000,0,0,0,745000,630000,115000,115000
065917,全新凱基02購01  ,0,0,0,0,0,0,0,0,0,115000,0,0,0,125000,10000,115000,115000
067106,義隆群益01購01  ,0,0,0,0,0,0,0,0,0,115000,0,0,0,150000,35000,115000,115000
064646,群創凱基02購01  ,0,0,0,0,0,0,0,0,0,114000,0,0,0,140000,26000,114000,114000
064530,康控中信9C購01  ,0,0,0,0,0,0,0,0,0,114000,0,0,0,172000,58000,114000,114000
059120,致伸永豐99購01  ,0,0,0,0,0,0,0,0,0,114000,0,0,0,114000,0,114000,114000
061491,嘉聯益兆豐9B購01,0,0,0,0,0,0,0,0,0,114000,0,0,0,282000,168000,114000,114000
057161,亞德客元大98購02,0,0,0,0,0,0,0,0,0,114000,0,0,0,139000,25000,114000,114000
062774,儒鴻元大9C購01  ,0,0,0,0,0,0,0,0,0,114000,0,0,0,121000,7000,114000,114000
063298,統一凱基9B購01  ,0,0,0,0,0,0,0,0,0,114000,0,0,0,118000,4000,114000,114000
063322,台郡群益9B購02  ,0,0,0,0,0,0,0,0,0,114000,0,0,0,193000,79000,114000,114000
065362,華通元大9C購06  ,0,0,0,0,0,0,0,0,0,114000,0,0,0,142000,28000,114000,114000
063429,南電凱基01購01  ,0,0,0,0,0,0,0,0,0,114000,0,0,0,114000,0,114000,114000
062063,世紀鋼統一9C購01,0,0,0,0,0,0,0,0,0,114000,0,0,0,204000,90000,114000,114000
2929,淘帝-KY         ,512000,408000,104000,0,0,0,0,0,0,10000,12000,0,12000,0,2000,-2000,114000
2351,順德            ,155000,43000,112000,0,0,0,0,0,0,2000,0,0,0,2000,0,2000,114000
08822P,聯發科凱基01售12,0,0,0,0,0,0,0,0,0,113000,0,0,0,133000,20000,113000,113000
08669P,聯發科群益02售02,0,0,0,0,0,0,0,0,0,113000,0,0,0,128000,15000,113000,113000
08537P,台光電國票01售03,0,0,0,0,0,0,0,0,0,113000,0,0,0,113000,0,113000,113000
07714P,世紀鋼元大9A售03,0,0,0,0,0,0,0,0,0,113000,0,0,0,113000,0,113000,113000
00875,國泰網路資安    ,2000,2000,0,0,0,0,0,0,0,113000,0,0,0,674000,561000,113000,113000
058952,南茂群益99購01  ,0,0,0,0,0,0,0,0,0,113000,0,0,0,113000,0,113000,113000
067698,潤泰全國票02購01,0,0,0,0,0,0,0,0,0,113000,0,0,0,314000,201000,113000,113000
068010,台郡元大01購06  ,0,0,0,0,0,0,0,0,0,113000,0,0,0,706000,593000,113000,113000
065840,國巨元大03購01  ,0,0,0,0,0,0,0,0,0,113000,0,0,0,113000,0,113000,113000
066820,南茂兆豐03購01  ,0,0,0,0,0,0,0,0,0,113000,0,0,0,387000,274000,113000,113000
066534,華通台新01購02  ,0,0,0,0,0,0,0,0,0,113000,0,0,0,199000,86000,113000,113000
06885P,國巨國票99售06  ,0,0,0,0,0,0,0,0,0,112000,0,0,0,112000,0,112000,112000
065038,上銀凱基9C購02  ,0,0,0,0,0,0,0,0,0,112000,0,0,0,150000,38000,112000,112000
08656P,大立光群益9C售07,0,0,0,0,0,0,0,0,0,112000,0,0,0,112000,0,112000,112000
064001,華通凱基02購01  ,0,0,0,0,0,0,0,0,0,112000,0,0,0,112000,0,112000,112000
061582,麗豐元大9A購01  ,0,0,0,0,0,0,0,0,0,112000,0,0,0,127000,15000,112000,112000
063933,TPK統一01購01   ,0,0,0,0,0,0,0,0,0,112000,0,0,0,112000,0,112000,112000
058969,亞德客永豐99購01,0,0,0,0,0,0,0,0,0,111000,0,0,0,122000,11000,111000,111000
057727,華邦電國泰9A購01,0,0,0,0,0,0,0,0,0,111000,0,0,0,121000,10000,111000,111000
062226,臻鼎統一9B購01  ,0,0,0,0,0,0,0,0,0,111000,0,0,0,214000,103000,111000,111000
058431,國巨統一9B購01  ,0,0,0,0,0,0,0,0,0,111000,0,0,0,500000,389000,111000,111000
062988,儒鴻群益9B購01  ,0,0,0,0,0,0,0,0,0,111000,0,0,0,111000,0,111000,111000
063969,晶豪科國票01購01,0,0,0,0,0,0,0,0,0,111000,0,0,0,111000,0,111000,111000
063609,南電凱基9B購05  ,0,0,0,0,0,0,0,0,0,111000,0,0,0,111000,0,111000,111000
066163,友訊凱基01購01  ,0,0,0,0,0,0,0,0,0,111000,0,0,0,115000,4000,111000,111000
067271,世紀鋼永豐01購02,0,0,0,0,0,0,0,0,0,111000,0,0,0,113000,2000,111000,111000
3059,華晶科          ,231000,115000,116000,0,0,0,0,0,0,-5000,0,5000,-5000,0,0,0,111000
08389P,技嘉國票9C售01  ,0,0,0,0,0,0,0,0,0,110000,0,0,0,110000,0,110000,110000
064887,嘉晶中信9C購02  ,0,0,0,0,0,0,0,0,0,110000,0,0,0,120000,10000,110000,110000
058375,群創凱基9B購04  ,0,0,0,0,0,0,0,0,0,110000,0,0,0,170000,60000,110000,110000
056317,華通群益99購02  ,0,0,0,0,0,0,0,0,0,110000,0,0,0,110000,0,110000,110000
056782,鴻海群益98購04  ,0,0,0,0,0,0,0,0,0,110000,0,0,0,110000,0,110000,110000
058699,楠梓電元大99購02,0,0,0,0,0,0,0,0,0,110000,0,0,0,146000,36000,110000,110000
059288,旺宏元富99購03  ,0,0,0,0,0,0,0,0,0,110000,0,0,0,110000,0,110000,110000
061916,元金2X凱基02購01,0,0,0,0,0,0,0,0,0,110000,0,0,0,110000,0,110000,110000
063371,南亞科永豐9B購01,0,0,0,0,0,0,0,0,0,110000,0,0,0,110000,0,110000,110000
061186,牧德國泰9C購01  ,0,0,0,0,0,0,0,0,0,110000,0,0,0,110000,0,110000,110000
06535P,可成群益99售02  ,0,0,0,0,0,0,0,0,0,110000,0,0,0,127000,17000,110000,110000
061998,緯穎元大9B購03  ,0,0,0,0,0,0,0,0,0,110000,0,0,0,110000,0,110000,110000
068088,台灣50群益01購13,0,0,0,0,0,0,0,0,0,110000,0,0,0,110000,0,110000,110000
066840,臺指反元大04購05,0,0,0,0,0,0,0,0,0,110000,0,0,0,110000,0,110000,110000
03124P,台郡元大01售07  ,0,0,0,0,0,0,0,0,0,109000,0,0,0,175000,66000,109000,109000
056352,鴻海元大99購01  ,0,0,0,0,0,0,0,0,0,109000,0,0,0,109000,0,109000,109000
065212,瑞儀國票01購01  ,0,0,0,0,0,0,0,0,0,109000,0,0,0,125000,16000,109000,109000
065455,金寶元富9C購01  ,0,0,0,0,0,0,0,0,0,109000,0,0,0,119000,10000,109000,109000
060933,南電永豐9A購02  ,0,0,0,0,0,0,0,0,0,109000,0,0,0,109000,0,109000,109000
063683,大成鋼永豐9B購01,0,0,0,0,0,0,0,0,0,109000,0,0,0,109000,0,109000,109000
063654,上銀元富9B購05  ,0,0,0,0,0,0,0,0,0,109000,0,0,0,180000,71000,109000,109000
062768,南電凱基9B購04  ,0,0,0,0,0,0,0,0,0,109000,0,0,0,165000,56000,109000,109000
066838,致新群益02購02  ,0,0,0,0,0,0,0,0,0,109000,0,0,0,109000,0,109000,109000
2609,陽明            ,395000,286000,109000,0,0,0,0,0,0,0,0,0,0,0,0,0,109000
064451,技嘉統一01購02  ,0,0,0,0,0,0,0,0,0,108000,0,0,0,113000,5000,108000,108000
064230,上銀統一01購04  ,0,0,0,0,0,0,0,0,0,108000,0,0,0,111000,3000,108000,108000
055570,華通統一98購03  ,0,0,0,0,0,0,0,0,0,108000,0,0,0,108000,0,108000,108000
057527,億光元大98購01  ,0,0,0,0,0,0,0,0,0,108000,0,0,0,262000,154000,108000,108000
059294,宏達電元富9B購02,0,0,0,0,0,0,0,0,0,108000,0,0,0,161000,53000,108000,108000
062968,仁寶元富9B購01  ,0,0,0,0,0,0,0,0,0,108000,0,0,0,125000,17000,108000,108000
062523,世紀鋼元大9C購03,0,0,0,0,0,0,0,0,0,108000,0,0,0,119000,11000,108000,108000
065454,神隆元富9C購01  ,0,0,0,0,0,0,0,0,0,108000,0,0,0,108000,0,108000,108000
066354,緯穎永豐01購01  ,0,0,0,0,0,0,0,0,0,108000,0,0,0,108000,0,108000,108000
065845,友達元大9C購12  ,0,0,0,0,0,0,0,0,0,108000,0,0,0,278000,170000,108000,108000
065854,臻鼎元大9C購05  ,0,0,0,0,0,0,0,0,0,108000,0,0,0,108000,0,108000,108000
9911,櫻花            ,222000,93000,129000,0,0,0,0,0,0,-21000,0,21000,-21000,0,0,0,108000
064871,緯穎永豐9C購03  ,0,0,0,0,0,0,0,0,0,107000,0,0,0,108000,1000,107000,107000
08036P,嘉澤群益9B售03  ,0,0,0,0,0,0,0,0,0,107000,0,0,0,107000,0,107000,107000
064783,貿聯群益9C購03  ,0,0,0,0,0,0,0,0,0,107000,0,0,0,107000,0,107000,107000
065997,元黃金國票03購01,0,0,0,0,0,0,0,0,0,107000,0,0,0,140000,33000,107000,107000
066502,國巨富邦05購02  ,0,0,0,0,0,0,0,0,0,107000,0,0,0,176000,69000,107000,107000
066636,健策凱基01購02  ,0,0,0,0,0,0,0,0,0,107000,0,0,0,195000,88000,107000,107000
068086,世紀鋼凱基03購02,0,0,0,0,0,0,0,0,0,107000,0,0,0,198000,91000,107000,107000
067766,上銀統一02購02  ,0,0,0,0,0,0,0,0,0,107000,0,0,0,117000,10000,107000,107000
9921,巨大            ,1039698,1070600,-30902,0,0,0,0,8000,-8000,145000,70000,37000,33000,117000,5000,112000,106098
065072,和大元大9C購03  ,0,0,0,0,0,0,0,0,0,106000,0,0,0,126000,20000,106000,106000
064073,南電永豐9C購01  ,0,0,0,0,0,0,0,0,0,106000,0,0,0,109000,3000,106000,106000
062379,致新元大9B購01  ,0,0,0,0,0,0,0,0,0,106000,0,0,0,154000,48000,106000,106000
067845,美食元富04購01  ,0,0,0,0,0,0,0,0,0,106000,0,0,0,184000,78000,106000,106000
068317,台灣50元大01購35,0,0,0,0,0,0,0,0,0,105000,0,0,0,105000,0,105000,105000
054811,裕隆元大9A購01  ,0,0,0,0,0,0,0,0,0,105000,0,0,0,115000,10000,105000,105000
063732,建準元大9B購02  ,0,0,0,0,0,0,0,0,0,105000,0,0,0,562000,457000,105000,105000
065329,億豐凱基9C購02  ,0,0,0,0,0,0,0,0,0,105000,0,0,0,239000,134000,105000,105000
060906,旺宏元大9A購07  ,0,0,0,0,0,0,0,0,0,105000,0,0,0,105000,0,105000,105000
068167,世紀鋼元大02購01,0,0,0,0,0,0,0,0,0,105000,0,0,0,150000,45000,105000,105000
067138,正文永豐01購02  ,0,0,0,0,0,0,0,0,0,105000,0,0,0,105000,0,105000,105000
067433,神達凱基01購01  ,0,0,0,0,0,0,0,0,0,105000,0,0,0,110000,5000,105000,105000
066824,旺宏群益02購01  ,0,0,0,0,0,0,0,0,0,105000,0,0,0,205000,100000,105000,105000
065890,台積電統一03購01,0,0,0,0,0,0,0,0,0,105000,0,0,0,105000,0,105000,105000
065697,旺宏群益9C購07  ,0,0,0,0,0,0,0,0,0,105000,0,0,0,171000,66000,105000,105000
2108,南帝            ,198000,251000,-53000,0,0,0,0,0,0,158000,140000,3000,137000,21000,0,21000,105000
07888P,大立光國票9B售01,0,0,0,0,0,0,0,0,0,104000,0,0,0,104000,0,104000,104000
057555,玉晶光凱基9A購02,0,0,0,0,0,0,0,0,0,104000,0,0,0,530000,426000,104000,104000
059938,凱美永豐99購01  ,0,0,0,0,0,0,0,0,0,104000,0,0,0,117000,13000,104000,104000
059042,世紀鋼群益99購02,0,0,0,0,0,0,0,0,0,104000,0,0,0,146000,42000,104000,104000
061339,京元電元大9A購05,0,0,0,0,0,0,0,0,0,104000,0,0,0,104000,0,104000,104000
061598,南電永豐9A購04  ,0,0,0,0,0,0,0,0,0,104000,0,0,0,197000,93000,104000,104000
065779,台勝科國泰01購02,0,0,0,0,0,0,0,0,0,104000,0,0,0,128000,24000,104000,104000
065970,燿華元大02購01  ,0,0,0,0,0,0,0,0,0,104000,0,0,0,139000,35000,104000,104000
066256,華通元大02購02  ,0,35000,-35000,0,0,0,0,0,0,139000,0,0,0,235000,96000,139000,104000
066567,臻鼎元大01購01  ,0,0,0,0,0,0,0,0,0,104000,0,0,0,104000,0,104000,104000
08968P,台表科元大01售04,0,0,0,0,0,0,0,0,0,103000,0,0,0,131000,28000,103000,103000
056807,元油2X統一9B購01,0,0,0,0,0,0,0,0,0,103000,0,0,0,103000,0,103000,103000
063450,華新科統一02購01,0,0,0,0,0,0,0,0,0,103000,0,0,0,222000,119000,103000,103000
066037,華通元大01購03  ,0,0,0,0,0,0,0,0,0,103000,0,0,0,136000,33000,103000,103000
066093,世紀鋼永豐01購01,0,0,0,0,0,0,0,0,0,103000,0,0,0,107000,4000,103000,103000
066095,友訊中信05購01  ,0,0,0,0,0,0,0,0,0,103000,0,0,0,140000,37000,103000,103000
065732,健策凱基9C購04  ,0,0,0,0,0,0,0,0,0,103000,0,0,0,141000,38000,103000,103000
067038,滬深2X凱基04購02,0,0,0,0,0,0,0,0,0,103000,0,0,0,105000,2000,103000,103000
067868,欣興元大01購07  ,0,0,0,0,0,0,0,0,0,103000,0,0,0,670000,567000,103000,103000
08584P,立積群益9C售02  ,0,0,0,0,0,0,0,0,0,102000,0,0,0,175000,73000,102000,102000
03057P,亞德客凱基01售02,0,0,0,0,0,0,0,0,0,102000,0,0,0,223000,121000,102000,102000
063491,國巨富邦02購02  ,0,0,0,0,0,0,0,0,0,102000,0,0,0,119000,17000,102000,102000
061606,景碩凱基9A購02  ,0,0,0,0,0,0,0,0,0,102000,0,0,0,108000,6000,102000,102000
062320,南電凱基9B購03  ,0,0,0,0,0,0,0,0,0,102000,0,0,0,110000,8000,102000,102000
061206,旺宏元大9A購12  ,0,0,0,0,0,0,0,0,0,102000,0,0,0,102000,0,102000,102000
06552P,茂林元大99售02  ,0,0,0,0,0,0,0,0,0,102000,0,0,0,102000,0,102000,102000
067301,漢唐元大01購02  ,0,0,0,0,0,0,0,0,0,102000,0,0,0,102000,0,102000,102000
065614,緯穎元大01購02  ,0,0,0,0,0,0,0,0,0,102000,0,0,0,102000,0,102000,102000
066709,聚碩群益01購01  ,0,0,0,0,0,0,0,0,0,102000,0,0,0,165000,63000,102000,102000
066725,華通元大01購05  ,0,0,0,0,0,0,0,0,0,102000,0,0,0,136000,34000,102000,102000
066746,聯茂元大01購01  ,0,0,0,0,0,0,0,0,0,102000,0,0,0,300000,198000,102000,102000
2323,中環            ,1022000,637500,384500,0,0,0,0,0,0,-283000,0,124000,-124000,4000,163000,-159000,101500
08807P,可成元富07售02  ,0,0,0,0,0,0,0,0,0,101000,0,0,0,252000,151000,101000,101000
08862P,台積電元大01售24,0,0,0,0,0,0,0,0,0,101000,0,0,0,101000,0,101000,101000
064200,華通兆豐01購01  ,0,0,0,0,0,0,0,0,0,101000,0,0,0,102000,1000,101000,101000
07920P,大立光中信01售01,0,0,0,0,0,0,0,0,0,101000,0,0,0,102000,1000,101000,101000
064827,友達統一02購02  ,0,0,0,0,0,0,0,0,0,101000,0,0,0,151000,50000,101000,101000
07420P,可成元大99售07  ,0,0,0,0,0,0,0,0,0,101000,0,0,0,101000,0,101000,101000
057437,可成國票99購01  ,0,0,0,0,0,0,0,0,0,101000,0,0,0,201000,100000,101000,101000
059065,南電凱基9A購01  ,0,0,0,0,0,0,0,0,0,101000,0,0,0,111000,10000,101000,101000
060170,世紀鋼永豐9A購01,0,0,0,0,0,0,0,0,0,101000,0,0,0,102000,1000,101000,101000
058023,南電凱基98購02  ,0,0,0,0,0,0,0,0,0,101000,0,0,0,104000,3000,101000,101000
066541,南電兆豐01購02  ,0,0,0,0,0,0,0,0,0,101000,0,0,0,157000,56000,101000,101000
067302,聯發科元大01購20,0,0,0,0,0,0,0,0,0,101000,0,0,0,182000,81000,101000,101000
067944,緯穎凱基01購04  ,0,0,0,0,0,0,0,0,0,101000,0,0,0,111000,10000,101000,101000
07527P,台灣50凱基9B售02,0,0,0,0,0,0,0,0,0,100000,0,0,0,100000,0,100000,100000
07319P,台積電凱基01售02,0,0,0,0,0,0,0,0,0,100000,0,0,0,100000,0,100000,100000
06911P,鴻海元大99售09  ,0,0,0,0,0,0,0,0,0,100000,0,0,0,100000,0,100000,100000
068348,上銀凱基01購02  ,0,0,0,0,0,0,0,0,0,100000,0,0,0,160000,60000,100000,100000
06834P,訊芯群益99售02  ,0,0,0,0,0,0,0,0,0,100000,0,0,0,100000,0,100000,100000
06843P,鴻海元大98售11  ,0,0,0,0,0,0,0,0,0,100000,0,0,0,116000,16000,100000,100000
064965,臺指反元大03購02,0,0,0,0,0,0,0,0,0,100000,0,0,0,100000,0,100000,100000
08074P,緯穎元富9B售02  ,0,0,0,0,0,0,0,0,0,100000,0,0,0,109000,9000,100000,100000
08253P,鴻海元大9C售06  ,0,0,0,0,0,0,0,0,0,100000,0,0,0,100000,0,100000,100000
08212P,鴻海統一9B售08  ,0,0,0,0,0,0,0,0,0,100000,0,0,0,100000,0,100000,100000
065165,上銀元大9C購09  ,0,0,0,0,0,0,0,0,0,100000,0,0,0,110000,10000,100000,100000
064373,和大元富03購01  ,0,0,0,0,0,0,0,0,0,100000,0,0,0,100000,0,100000,100000
064327,金寶元大01購01  ,0,0,0,0,0,0,0,0,0,100000,0,0,0,100000,0,100000,100000
08641P,台灣50群益9C售08,0,0,0,0,0,0,0,0,0,100000,0,0,0,100000,0,100000,100000
08714P,華碩元富01售03  ,0,0,0,0,0,0,0,0,0,100000,0,0,0,260000,160000,100000,100000
08721P,臺股指元大01售02,0,0,0,0,0,0,0,0,0,100000,0,0,0,100000,0,100000,100000
058200,世芯康和99購01  ,0,0,0,0,0,0,0,0,0,100000,0,0,0,100000,0,100000,100000
057844,新日興永豐99購01,0,0,0,0,0,0,0,0,0,100000,0,0,0,100000,0,100000,100000
062923,緯穎元大9B購06  ,0,0,0,0,0,0,0,0,0,100000,0,0,0,100000,0,100000,100000
060694,旺宏麥證9A購02  ,0,0,0,100000,0,100000,0,0,0,100000,0,0,0,100000,0,100000,100000
059205,元石油元大99購01,0,0,0,0,0,0,0,0,0,100000,0,0,0,100000,0,100000,100000
059313,元石油元大99購06,0,0,0,0,0,0,0,0,0,100000,0,0,0,100000,0,100000,100000
060390,聯鈞群益9A購01  ,0,0,0,0,0,0,0,0,0,100000,0,0,0,100000,0,100000,100000
059040,訊芯群益99購03  ,0,0,0,0,0,0,0,0,0,100000,0,0,0,100000,0,100000,100000
058598,T50反1元大99購04,0,0,0,0,0,0,0,0,0,100000,0,0,0,100000,0,100000,100000
054860,台積電群益98購01,0,0,0,0,0,0,0,0,0,100000,0,0,0,100000,0,100000,100000
056410,康控國票99購01  ,0,0,0,0,0,0,0,0,0,100000,0,0,0,100000,0,100000,100000
058399,美律元大99購05  ,0,0,0,0,0,0,0,0,0,100000,0,0,0,100000,0,100000,100000
059539,緯穎凱基99購03  ,0,0,0,0,0,0,0,0,0,100000,0,0,0,100000,0,100000,100000
052203,T50反1中信99購03,0,0,0,0,0,0,0,0,0,100000,0,0,0,100000,0,100000,100000
046942,友達元大99購01  ,0,0,0,0,0,0,0,0,0,100000,0,0,0,110000,10000,100000,100000
00654R,富邦印度反1     ,87000,0,87000,0,0,0,0,0,0,13000,0,0,0,13000,0,13000,100000
056820,欣興永豐98購02  ,0,0,0,0,0,0,0,0,0,100000,0,0,0,100000,0,100000,100000
03152P,聯發科群益01售15,0,0,0,0,0,0,0,0,0,100000,0,0,0,100000,0,100000,100000
057338,群創國票99購01  ,0,0,0,0,0,0,0,0,0,100000,0,0,0,100000,0,100000,100000
065299,燿華元富9C購02  ,0,0,0,0,0,0,0,0,0,100000,0,0,0,100000,0,100000,100000
065300,燿華元富9C購03  ,0,0,0,0,0,0,0,0,0,100000,0,0,0,100000,0,100000,100000
065380,緯穎元大9C購02  ,0,0,0,0,0,0,0,0,0,100000,0,0,0,100000,0,100000,100000
060556,緯穎凱基9A購04  ,0,0,0,0,0,0,0,0,0,100000,0,0,0,100000,0,100000,100000
060470,台勝科元大9A購03,0,0,0,0,0,0,0,0,0,100000,0,0,0,100000,0,100000,100000
060457,中橡元大9A購02  ,0,0,0,0,0,0,0,0,0,100000,0,0,0,100000,0,100000,100000
062170,健策永豐9B購04  ,0,0,0,0,0,0,0,0,0,100000,0,0,0,114000,14000,100000,100000
061918,上銀凱基9B購02  ,0,0,0,0,0,0,0,0,0,100000,0,0,0,100000,0,100000,100000
060990,新光金元大9B購03,0,0,0,0,0,0,0,0,0,100000,0,0,0,200000,100000,100000,100000
063076,柏文永豐9B購02  ,0,0,0,0,0,0,0,0,0,100000,0,0,0,100000,0,100000,100000
062621,緯穎元大9B購05  ,0,0,0,0,0,0,0,0,0,100000,0,0,0,100000,0,100000,100000
061637,華新科元大9A購22,0,0,0,0,0,0,0,0,0,100000,0,0,0,100000,0,100000,100000
063838,上銀元大9C購01  ,0,0,0,0,0,0,0,0,0,100000,0,0,0,100000,0,100000,100000
063612,金像電群益9B購04,0,0,0,0,0,0,0,0,0,100000,0,0,0,110000,10000,100000,100000
064019,上銀元大9C購05  ,0,0,0,0,0,0,0,0,0,100000,0,0,0,100000,0,100000,100000
067832,鴻海統一02購04  ,0,0,0,0,0,0,0,0,0,100000,0,0,0,200000,100000,100000,100000
068036,緯創元富02購01  ,0,0,0,0,0,0,0,0,0,100000,0,0,0,100000,0,100000,100000
067982,臺指反元大04購08,0,0,0,0,0,0,0,0,0,100000,0,0,0,100000,0,100000,100000
067996,南亞科元大01購02,0,0,0,0,0,0,0,0,0,100000,0,0,0,150000,50000,100000,100000
067199,滬深2X元大04購02,0,0,0,0,0,0,0,0,0,100000,0,0,0,100000,0,100000,100000
067057,滬深2X元大01購09,0,0,0,0,0,0,0,0,0,100000,0,0,0,800000,700000,100000,100000
06652P,長榮航元大98售01,0,0,0,0,0,0,0,0,0,100000,0,0,0,100000,0,100000,100000
066743,和碩元大01購01  ,0,0,0,0,0,0,0,0,0,100000,0,0,0,100000,0,100000,100000
066121,道瓊反群益04購01,0,0,0,0,0,0,0,0,0,100000,0,0,0,100000,0,100000,100000
066036,神隆元大02購01  ,0,0,0,0,0,0,0,0,0,100000,0,0,0,100000,0,100000,100000
066241,瑞祺富邦03購01  ,0,0,0,0,0,0,0,0,0,100000,0,0,0,100000,0,100000,100000
06616P,國巨元大98售15  ,0,0,0,0,0,0,0,0,0,100000,0,0,0,100000,0,100000,100000
066196,南港統一03購01  ,0,0,0,0,0,0,0,0,0,100000,0,0,0,100000,0,100000,100000
2534,宏盛            ,201000,99094,101906,0,0,0,0,0,0,-2000,0,2000,-2000,0,0,0,99906
064279,新光金元大01購01,0,0,0,0,0,0,0,0,0,99000,0,0,0,200000,101000,99000,99000
064478,聚陽富邦01購01  ,0,0,0,0,0,0,0,0,0,99000,0,0,0,136000,37000,99000,99000
065030,亞光兆豐9C購01  ,0,0,0,0,0,0,0,0,0,99000,0,0,0,99000,0,99000,99000
061253,臺股指群益9A購04,0,0,0,0,0,0,0,0,0,99000,0,0,0,130000,31000,99000,99000
065579,南茂群益9C購02  ,0,0,0,0,0,0,0,0,0,99000,0,0,0,164000,65000,99000,99000
068445,精成科凱基01購01,0,0,0,0,0,0,0,0,0,98000,0,0,0,148000,50000,98000,98000
064039,亞德客統一02購01,0,0,0,0,0,0,0,0,0,98000,0,0,0,98000,0,98000,98000
057084,立積統一9B購01  ,0,0,0,0,0,0,0,0,0,98000,0,0,0,113000,15000,98000,98000
065518,聯鈞群益9C購02  ,0,0,0,0,0,0,0,0,0,98000,0,0,0,107000,9000,98000,98000
060430,和潤永豐9A購01  ,0,0,0,0,0,0,0,0,0,98000,0,0,0,100000,2000,98000,98000
065274,南茂元大9C購03  ,0,0,0,0,0,0,0,0,0,98000,0,0,0,428000,330000,98000,98000
061923,友達凱基9B購04  ,0,0,0,0,0,0,0,0,0,98000,0,0,0,98000,0,98000,98000
066083,鴻海富邦02購01  ,0,0,0,0,0,0,0,0,0,98000,0,0,0,100000,2000,98000,98000
067459,微星永豐01購01  ,0,0,0,0,0,0,0,0,0,98000,0,0,0,98000,0,98000,98000
067497,康控元大01購04  ,0,0,0,0,0,0,0,0,0,98000,0,0,0,443000,345000,98000,98000
06770P,台灣50第一9C售01,0,0,0,0,0,0,0,0,0,98000,0,0,0,159000,61000,98000,98000
08494P,世芯元大9C售02  ,0,0,0,0,0,0,0,0,0,97000,0,0,0,385000,288000,97000,97000
065014,南電國泰01購01  ,0,0,0,0,0,0,0,0,0,97000,0,0,0,112000,15000,97000,97000
057507,貿聯國票98購02  ,0,0,0,0,0,0,0,0,0,97000,0,0,0,97000,0,97000,97000
059292,華新科元富9B購02,0,0,0,0,0,0,0,0,0,97000,0,0,0,102000,5000,97000,97000
060699,華新科國泰9B購03,0,0,0,0,0,0,0,0,0,97000,0,0,0,97000,0,97000,97000
061477,晶豪科元大9A購01,0,0,0,0,0,0,0,0,0,97000,0,0,0,121000,24000,97000,97000
061205,旺宏元大9A購11  ,0,0,0,0,0,0,0,0,0,97000,0,0,0,97000,0,97000,97000
062710,盛群元大9B購01  ,0,0,0,0,0,0,0,0,0,97000,0,0,0,247000,150000,97000,97000
066280,眾達元大01購01  ,0,0,0,0,0,0,0,0,0,97000,0,0,0,100000,3000,97000,97000
066287,訊芯元大01購01  ,0,0,0,0,0,0,0,0,0,97000,0,0,0,217000,120000,97000,97000
066772,友達富邦03購01  ,0,0,0,0,0,0,0,0,0,97000,0,0,0,151000,54000,97000,97000
066719,滬深2X元大01購06,0,0,0,0,0,0,0,0,0,97000,0,0,0,1079000,982000,97000,97000
6243,迅杰            ,101000,4000,97000,0,0,0,0,0,0,0,0,0,0,0,0,0,97000
064317,日月光群益9C購01,0,0,0,0,0,0,0,0,0,96000,0,0,0,379000,283000,96000,96000
065092,健鼎元大9C購02  ,0,0,0,0,0,0,0,0,0,96000,0,0,0,323000,227000,96000,96000
060259,潤泰全凱基9C購01,0,0,0,0,0,0,0,0,0,96000,0,0,0,100000,4000,96000,96000
062487,中興電永豐9B購01,0,0,0,0,0,0,0,0,0,96000,0,0,0,233000,137000,96000,96000
063519,聚陽凱基9B購02  ,0,0,0,0,0,0,0,0,0,96000,0,0,0,132000,36000,96000,96000
066927,亞德客國票02購01,0,0,0,0,0,0,0,0,0,96000,0,0,0,157000,61000,96000,96000
066185,松翰凱基01購01  ,0,0,0,0,0,0,0,0,0,96000,0,0,0,196000,100000,96000,96000
067627,中興電永豐01購01,0,0,0,0,0,0,0,0,0,96000,0,0,0,147000,51000,96000,96000
065131,晶技兆豐01購01  ,0,0,0,0,0,0,0,0,0,95000,0,0,0,95000,0,95000,95000
064772,FBVIX群益9C購04 ,0,0,0,0,0,0,0,0,0,95000,0,0,0,96000,1000,95000,95000
08014P,微星凱基9B售02  ,0,0,0,0,0,0,0,0,0,95000,0,0,0,95000,0,95000,95000
06888P,日月光元大98售02,0,0,0,0,0,0,0,0,0,95000,0,0,0,230000,135000,95000,95000
060040,康控國票99購04  ,0,0,0,0,0,0,0,0,0,95000,0,0,0,100000,5000,95000,95000
057987,大立光元富98購02,0,0,0,0,0,0,0,0,0,95000,0,0,0,95000,0,95000,95000
057523,大成鋼元大99購01,0,0,0,0,0,0,0,0,0,95000,0,0,0,105000,10000,95000,95000
057023,美律凱基99購02  ,0,0,0,0,0,0,0,0,0,95000,0,0,0,95000,0,95000,95000
03107P,台積電元大01售39,0,0,0,0,0,0,0,0,0,95000,0,0,0,95000,0,95000,95000
062327,燿華統一9B購02  ,0,0,0,0,0,0,0,0,0,95000,0,0,0,95000,0,95000,95000
060877,華邦電中信02購01,0,0,0,0,0,0,0,0,0,95000,0,0,0,118000,23000,95000,95000
060885,世紀鋼中信9A購01,0,0,0,0,0,0,0,0,0,95000,0,0,0,100000,5000,95000,95000
067289,燿華兆豐03購01  ,0,0,0,0,0,0,0,0,0,95000,0,0,0,95000,0,95000,95000
068158,緯創元大01購03  ,0,0,0,0,0,0,0,0,0,95000,0,0,0,182000,87000,95000,95000
07130P,台郡元大9B售01  ,0,0,0,0,0,0,0,0,0,94000,0,0,0,104000,10000,94000,94000
08070P,晶技國泰9C售02  ,0,0,0,0,0,0,0,0,0,94000,0,0,0,94000,0,94000,94000
08202P,台表科國泰01售04,0,0,0,0,0,0,0,0,0,94000,0,0,0,144000,50000,94000,94000
064291,南六元大9C購04  ,0,0,0,0,0,0,0,0,0,94000,0,0,0,296000,202000,94000,94000
057404,貿聯群益99購01  ,0,0,0,0,0,0,0,0,0,94000,0,0,0,94000,0,94000,94000
03044P,康控國票03售01  ,0,0,0,0,0,0,0,0,0,94000,0,0,0,94000,0,94000,94000
062229,南六統一9B購01  ,0,0,0,0,0,0,0,0,0,94000,0,0,0,160000,66000,94000,94000
065200,健策元富9C購04  ,0,0,0,0,0,0,0,0,0,94000,0,0,0,157000,63000,94000,94000
067721,義隆凱基01購06  ,0,0,0,0,0,0,0,0,0,94000,0,0,0,209000,115000,94000,94000
067219,瑞儀元大01購01  ,1000,0,1000,0,0,0,0,0,0,93000,0,0,0,564000,471000,93000,94000
066263,華碩元大02購01  ,0,0,0,0,0,0,0,0,0,94000,0,0,0,116000,22000,94000,94000
064145,宏碁統一02購01  ,0,0,0,0,0,0,0,0,0,93000,0,0,0,105000,12000,93000,93000
064328,華通元大9C購04  ,0,0,0,0,0,0,0,0,0,93000,0,0,0,119000,26000,93000,93000
064578,TPK國泰02購01   ,0,0,0,0,0,0,0,0,0,93000,0,0,0,93000,0,93000,93000
059097,世紀鋼元大99購05,0,0,0,0,0,0,0,0,0,93000,0,0,0,325000,232000,93000,93000
057738,旺宏富邦9A購01  ,0,0,0,0,0,0,0,0,0,93000,0,0,0,95000,2000,93000,93000
056911,緯穎元大99購01  ,0,0,0,0,0,0,0,0,0,93000,0,0,0,93000,0,93000,93000
054308,嘉晶凱基98購01  ,0,0,0,0,0,0,0,0,0,93000,0,0,0,93000,0,93000,93000
065381,緯穎元大9C購03  ,0,0,0,0,0,0,0,0,0,93000,0,0,0,134000,41000,93000,93000
062483,致新國票9B購01  ,0,0,0,0,0,0,0,0,0,93000,0,0,0,93000,0,93000,93000
063803,世紀鋼凱基01購01,0,0,0,0,0,0,0,0,0,93000,0,0,0,113000,20000,93000,93000
063477,訊芯元大9B購01  ,0,0,0,0,0,0,0,0,0,93000,0,0,0,122000,29000,93000,93000
066747,台郡元大01購03  ,0,0,0,0,0,0,0,0,0,93000,0,0,0,133000,40000,93000,93000
05750P,臺股指群益99售04,0,0,0,0,0,0,0,0,0,92000,0,0,0,92000,0,92000,92000
057150,貿聯國票99購02  ,0,0,0,0,0,0,0,0,0,92000,0,0,0,97000,5000,92000,92000
065340,旺宏統一9C購04  ,0,0,0,0,0,0,0,0,0,92000,0,0,0,100000,8000,92000,92000
061084,京元電兆豐9A購02,0,0,0,0,0,0,0,0,0,92000,0,0,0,111000,19000,92000,92000
066326,敦陽科永豐01購01,0,0,0,0,0,0,0,0,0,92000,0,0,0,252000,160000,92000,92000
065673,嘉晶凱基01購02  ,0,0,0,0,0,0,0,0,0,92000,0,0,0,106000,14000,92000,92000
065677,南亞科統一03購02,0,0,0,0,0,0,0,0,0,92000,0,0,0,92000,0,92000,92000
066976,台達電群益01購01,0,0,0,0,0,0,0,0,0,92000,0,0,0,405000,313000,92000,92000
8271,宇瞻            ,124000,31000,93000,0,0,0,0,0,0,-1000,0,1000,-1000,0,0,0,92000
064554,儒鴻群益9C購01  ,0,0,0,0,0,0,0,0,0,91000,0,0,0,101000,10000,91000,91000
065134,中石化凱基01購01,0,0,0,0,0,0,0,0,0,91000,0,0,0,121000,30000,91000,91000
08652P,鴻海群益9C售09  ,0,0,0,0,0,0,0,0,0,91000,0,0,0,221000,130000,91000,91000
08599P,台表科元大9C售11,0,0,0,0,0,0,0,0,0,91000,0,0,0,165000,74000,91000,91000
08969P,臺股指元大01售12,0,0,0,0,0,0,0,0,0,91000,0,0,0,92000,1000,91000,91000
064916,玉山金統一02購01,0,0,0,0,0,0,0,0,0,91000,0,0,0,99000,8000,91000,91000
060676,京元電元大9A購03,0,0,0,0,0,0,0,0,0,91000,0,0,0,152000,61000,91000,91000
060962,義隆凱基9B購01  ,0,0,0,0,0,0,0,0,0,91000,0,0,0,92000,1000,91000,91000
065265,景碩元大9C購02  ,0,0,0,0,0,0,0,0,0,91000,0,0,0,94000,3000,91000,91000
063783,儒鴻中信9C購01  ,0,0,0,0,0,0,0,0,0,91000,0,0,0,235000,144000,91000,91000
063764,上銀元富9B購08  ,0,0,0,0,0,0,0,0,0,91000,0,0,0,107000,16000,91000,91000
067814,緯創凱基01購02  ,0,0,0,0,0,0,0,0,0,91000,0,0,0,151000,60000,91000,91000
08150P,立積國票9C售01  ,0,0,0,0,0,0,0,0,0,90000,0,0,0,732000,642000,90000,90000
07217P,大立光凱基9A售05,0,0,0,0,0,0,0,0,0,90000,0,0,0,90000,0,90000,90000
068504,訊芯元大01購02  ,0,0,0,0,0,0,0,0,0,90000,0,0,0,90000,0,90000,90000
068316,台灣50元大01購34,0,0,0,0,0,0,0,0,0,90000,0,0,0,95000,5000,90000,90000
08320P,智邦統一9C售02  ,0,0,0,0,0,0,0,0,0,90000,0,0,0,100000,10000,90000,90000
058292,上銀凱基9A購01  ,0,0,0,0,0,0,0,0,0,90000,0,0,0,100000,10000,90000,90000
062891,台汽電群益9B購01,0,0,0,0,0,0,0,0,0,90000,0,0,0,105000,15000,90000,90000
058048,群創元大9B購07  ,0,0,0,0,0,0,0,0,0,90000,0,0,0,200000,110000,90000,90000
058378,南電凱基99購01  ,0,0,0,0,0,0,0,0,0,90000,0,0,0,91000,1000,90000,90000
063529,聯茂凱基9B購02  ,0,0,0,0,0,0,0,0,0,90000,0,0,0,90000,0,90000,90000
067647,鴻海元富07購09  ,0,0,0,0,0,0,0,0,0,90000,0,0,0,104000,14000,90000,90000
068160,智易元大01購01  ,0,0,0,0,0,0,0,0,0,90000,0,0,0,228000,138000,90000,90000
066438,南紡群益01購01  ,0,0,0,0,0,0,0,0,0,90000,0,0,0,100000,10000,90000,90000
066677,台泥兆豐03購01  ,0,0,0,0,0,0,0,0,0,90000,0,0,0,111000,21000,90000,90000
1519,華城            ,319000,276000,43000,0,0,0,0,0,0,47000,0,0,0,55000,8000,47000,90000
064903,新唐群益9C購01  ,0,0,0,0,0,0,0,0,0,89000,0,0,0,108000,19000,89000,89000
058642,旺宏麥證9A購01  ,0,0,0,89000,0,89000,0,0,0,89000,0,0,0,89000,0,89000,89000
062982,同欣電元富9B購01,0,0,0,0,0,0,0,0,0,89000,0,0,0,92000,3000,89000,89000
062306,華通凱基9B購01  ,0,0,0,0,0,0,0,0,0,89000,0,0,0,89000,0,89000,89000
065325,亞光凱基9C購01  ,0,0,0,0,0,0,0,0,0,89000,0,0,0,90000,1000,89000,89000
065416,華通國票01購02  ,0,0,0,0,0,0,0,0,0,89000,0,0,0,110000,21000,89000,89000
065587,亞德客永豐9C購02,0,0,0,0,0,0,0,0,0,89000,0,0,0,91000,2000,89000,89000
061868,旺宏元大9B購03  ,0,0,0,0,0,0,0,0,0,89000,0,0,0,100000,11000,89000,89000
067067,國巨元大01購08  ,0,0,0,0,0,0,0,0,0,89000,0,0,0,164000,75000,89000,89000
067137,健策永豐01購03  ,0,0,0,0,0,0,0,0,0,89000,0,0,0,99000,10000,89000,89000
08936P,鴻海元大01售20  ,0,0,0,0,0,0,0,0,0,88000,0,0,0,98000,10000,88000,88000
062879,美食兆豐9B購01  ,0,0,0,0,0,0,0,0,0,88000,0,0,0,98000,10000,88000,88000
058361,美律凱基99購06  ,0,0,0,0,0,0,0,0,0,88000,0,0,0,88000,0,88000,88000
056136,京鼎元大98購01  ,0,0,0,0,0,0,0,0,0,88000,0,0,0,100000,12000,88000,88000
063486,聚陽國泰9C購01  ,0,0,0,0,0,0,0,0,0,88000,0,0,0,103000,15000,88000,88000
067409,巨大永豐01購01  ,0,0,0,0,0,0,0,0,0,88000,0,0,0,180000,92000,88000,88000
067341,欣興凱基03購01  ,0,0,0,0,0,0,0,0,0,88000,0,0,0,273000,185000,88000,88000
067657,日月光元富01購01,0,0,0,0,0,0,0,0,0,88000,0,0,0,425000,337000,88000,88000
066828,聯發科群益02購05,0,0,0,0,0,0,0,0,0,88000,0,0,0,88000,0,88000,88000
066491,麗豐元富01購01  ,0,0,0,0,0,0,0,0,0,88000,0,0,0,438000,350000,88000,88000
065669,義隆凱基01購03  ,0,0,0,0,0,0,0,0,0,88000,0,0,0,118000,30000,88000,88000
058428,大立光元富99購02,0,0,0,0,0,0,0,0,0,87000,0,0,0,87000,0,87000,87000
062924,世紀鋼元大9C購04,0,0,0,0,0,0,0,0,0,87000,0,0,0,170000,83000,87000,87000
062323,上銀統一9B購03  ,0,0,0,0,0,0,0,0,0,87000,0,0,0,107000,20000,87000,87000
060850,康友國票9A購03  ,0,0,0,0,0,0,0,0,0,87000,0,0,0,110000,23000,87000,87000
066212,惠特統一01購01  ,0,0,0,0,0,0,0,0,0,87000,0,0,0,87000,0,87000,87000
066035,南電群益01購01  ,0,0,0,0,0,0,0,0,0,87000,0,0,0,148000,61000,87000,87000
067599,台積電凱基01購14,0,0,0,0,0,0,0,0,0,87000,0,0,0,231000,144000,87000,87000
067183,友訊凱基02購01  ,0,0,0,0,0,0,0,0,0,87000,0,0,0,87000,0,87000,87000
03045P,台表科國票03售01,0,0,0,0,0,0,0,0,0,86000,0,0,0,99000,13000,86000,86000
060513,緯穎元大9B購01  ,0,0,0,0,0,0,0,0,0,86000,0,0,0,206000,120000,86000,86000
063710,光寶科凱基9C購01,0,0,0,0,0,0,0,0,0,86000,0,0,0,146000,60000,86000,86000
063867,全新永豐9C購01  ,0,0,0,0,0,0,0,0,0,86000,0,0,0,114000,28000,86000,86000
1457,宜進            ,227000,141000,86000,0,0,0,0,0,0,0,0,0,0,0,0,0,86000
5531,鄉林            ,257000,165000,92000,0,0,0,0,0,0,-6000,0,6000,-6000,0,0,0,86000
08352P,大立光群益01售02,0,0,0,0,0,0,0,0,0,85000,0,0,0,85000,0,85000,85000
064180,國巨富邦02購03  ,0,0,0,0,0,0,0,0,0,85000,0,0,0,150000,65000,85000,85000
064274,燿華元大9C購01  ,0,0,0,0,0,0,0,0,0,85000,0,0,0,91000,6000,85000,85000
064243,TPK統一02購02   ,0,0,0,0,0,0,0,0,0,85000,0,0,0,85000,0,85000,85000
064921,景碩統一02購01  ,2000,0,2000,0,0,0,0,0,0,83000,0,0,0,452000,369000,83000,85000
07590P,玉晶光國票9A售03,0,0,0,0,0,0,0,0,0,85000,0,0,0,85000,0,85000,85000
00730,富邦臺灣優質高息,0,0,0,0,0,0,0,0,0,85000,0,0,0,311000,226000,85000,85000
056386,TPK國泰99購01   ,0,0,0,0,0,0,0,0,0,85000,0,0,0,85000,0,85000,85000
062874,微星兆豐9B購01  ,0,0,0,0,0,0,0,0,0,85000,0,0,0,105000,20000,85000,85000
063978,美食兆豐9C購01  ,0,0,0,0,0,0,0,0,0,85000,0,0,0,95000,10000,85000,85000
062307,華通凱基9C購01  ,0,0,0,0,0,0,0,0,0,85000,0,0,0,177000,92000,85000,85000
063273,緯穎兆豐9C購01  ,0,0,0,0,0,0,0,0,0,85000,0,0,0,106000,21000,85000,85000
065190,緯穎統一9C購02  ,0,0,0,0,0,0,0,0,0,85000,0,0,0,100000,15000,85000,85000
062060,奇鋐統一9C購01  ,0,0,0,0,0,0,0,0,0,85000,0,0,0,135000,50000,85000,85000
062071,華通元大9B購02  ,0,0,0,0,0,0,0,0,0,85000,0,0,0,181000,96000,85000,85000
063385,可成中信9C購01  ,0,0,0,0,0,0,0,0,0,85000,0,0,0,85000,0,85000,85000
067249,緯穎群益01購04  ,0,0,0,0,0,0,0,0,0,85000,0,0,0,85000,0,85000,85000
067848,臻鼎元富07購01  ,0,0,0,0,0,0,0,0,0,85000,0,0,0,310000,225000,85000,85000
068219,聯發科統一03購06,0,0,0,0,0,0,0,0,0,85000,0,0,0,85000,0,85000,85000
065998,友訊國票01購02  ,0,0,0,0,0,0,0,0,0,85000,0,0,0,85000,0,85000,85000
065872,漢翔群益9C購01  ,0,0,0,0,0,0,0,0,0,85000,0,0,0,85000,0,85000,85000
1582,信錦            ,144000,71000,73000,0,0,0,0,0,0,12000,12000,0,12000,0,0,0,85000
064953,嘉晶凱基9C購02  ,0,0,0,0,0,0,0,0,0,84000,0,0,0,111000,27000,84000,84000
064781,嘉晶群益9C購04  ,0,0,0,0,0,0,0,0,0,84000,0,0,0,118000,34000,84000,84000
064194,燿華群益9C購01  ,0,0,0,0,0,0,0,0,0,84000,0,0,0,84000,0,84000,84000
08931P,晶技元富07售02  ,0,0,0,0,0,0,0,0,0,84000,0,0,0,96000,12000,84000,84000
08923P,聯發科統一01售13,0,0,0,0,0,0,0,0,0,84000,0,0,0,141000,57000,84000,84000
057332,旺宏國票99購03  ,0,0,0,0,0,0,0,0,0,84000,0,0,0,84000,0,84000,84000
057325,可成群益9A購01  ,0,0,0,0,0,0,0,0,0,84000,0,0,0,84000,0,84000,84000
063300,華通凱基9B購05  ,0,0,0,0,0,0,0,0,0,84000,0,0,0,95000,11000,84000,84000
062630,全新國票9B購02  ,0,0,0,0,0,0,0,0,0,84000,0,0,0,84000,0,84000,84000
063755,上銀統一9C購03  ,0,0,0,0,0,0,0,0,0,84000,0,0,0,84000,0,84000,84000
065688,緯創元富9C購02  ,0,0,0,0,0,0,0,0,0,84000,0,0,0,167000,83000,84000,84000
066131,群光群益02購01  ,0,0,0,0,0,0,0,0,0,84000,0,0,0,88000,4000,84000,84000
066816,泰鼎兆豐03購01  ,0,0,0,0,0,0,0,0,0,84000,0,0,0,99000,15000,84000,84000
067021,正崴中信01購01  ,0,0,0,0,0,0,0,0,0,84000,0,0,0,85000,1000,84000,84000
3694,海華            ,332000,245000,87000,0,0,0,0,0,0,-3000,0,3000,-3000,0,0,0,84000
3703,欣陸            ,92000,27000,65000,0,0,0,0,0,0,19000,19000,0,19000,0,0,0,84000
064268,緯穎永豐9C購01  ,0,0,0,0,0,0,0,0,0,83000,0,0,0,83000,0,83000,83000
064679,晶技兆豐9C購01  ,0,0,0,0,0,0,0,0,0,83000,0,0,0,85000,2000,83000,83000
07902P,玉晶光國票01售01,0,0,0,0,0,0,0,0,0,83000,0,0,0,232000,149000,83000,83000
068401,瑞昱元富07購03  ,0,0,0,0,0,0,0,0,0,83000,0,0,0,238000,155000,83000,83000
062262,茂林元大9B購02  ,0,0,0,0,0,0,0,0,0,83000,0,0,0,132000,49000,83000,83000
061593,智原永豐9A購01  ,0,0,0,0,0,0,0,0,0,83000,0,0,0,92000,9000,83000,83000
063080,裕隆凱基9B購01  ,0,0,0,0,0,0,0,0,0,83000,0,0,0,371000,288000,83000,83000
065331,亞德客國票01購01,0,0,0,0,0,0,0,0,0,83000,0,0,0,96000,13000,83000,83000
065339,旺宏統一01購08  ,0,0,0,0,0,0,0,0,0,83000,0,0,0,83000,0,83000,83000
067353,可成群益02購01  ,0,0,0,0,0,0,0,0,0,83000,0,0,0,99000,16000,83000,83000
066137,智易群益01購01  ,0,0,0,0,0,0,0,0,0,83000,0,0,0,525000,442000,83000,83000
068314,南電國票03購02  ,0,0,0,0,0,0,0,0,0,82000,0,0,0,143000,61000,82000,82000
060700,華新科國泰9C購01,0,0,0,0,0,0,0,0,0,82000,0,0,0,300000,218000,82000,82000
060043,全新群益9B購02  ,0,0,0,0,0,0,0,0,0,82000,0,0,0,82000,0,82000,82000
060287,燿華元大9A購01  ,0,0,0,0,0,0,0,0,0,82000,0,0,0,82000,0,82000,82000
060187,華新科元富9A購02,0,0,0,0,0,0,0,0,0,82000,0,0,0,90000,8000,82000,82000
062132,神隆群益9B購01  ,0,0,0,0,0,0,0,0,0,82000,0,0,0,82000,0,82000,82000
061198,世紀鋼永豐9A購03,0,0,0,0,0,0,0,0,0,82000,0,0,0,82000,0,82000,82000
061778,元金2X群益9B購02,0,0,0,0,0,0,0,0,0,82000,0,0,0,107000,25000,82000,82000
4119,旭富            ,539000,518000,21000,0,0,0,0,0,0,61000,10000,1000,9000,65000,13000,52000,82000
068507,緯穎元大01購08  ,0,0,0,0,0,0,0,0,0,81000,0,0,0,81000,0,81000,81000
064461,致伸統一01購01  ,0,0,0,0,0,0,0,0,0,81000,0,0,0,144000,63000,81000,81000
064691,友達群益9C購04  ,0,0,0,0,0,0,0,0,0,81000,0,0,0,81000,0,81000,81000
060413,東元永豐9A購01  ,0,0,0,0,0,0,0,0,0,81000,0,0,0,81000,0,81000,81000
046629,群創統一98購01  ,0,0,0,0,0,0,0,0,0,81000,0,0,0,147000,66000,81000,81000
059661,大立光元大99購22,0,0,0,0,0,0,0,0,0,81000,0,0,0,81000,0,81000,81000
056578,智易元大99購02  ,0,0,0,0,0,0,0,0,0,81000,0,0,0,87000,6000,81000,81000
067245,康控群益01購03  ,0,0,0,0,0,0,0,0,0,81000,0,0,0,81000,0,81000,81000
2472,立隆電          ,145000,64000,81000,0,0,0,0,0,0,0,0,0,0,0,0,0,81000
08158P,嘉澤元富9B售03  ,0,0,0,0,0,0,0,0,0,80000,0,0,0,188000,108000,80000,80000
064872,南電永豐9C購02  ,0,0,0,0,0,0,0,0,0,80000,0,0,0,86000,6000,80000,80000
068310,欣興國票03購02  ,0,0,0,0,0,0,0,0,0,80000,0,0,0,176000,96000,80000,80000
068360,緯穎凱基01購05  ,0,0,0,0,0,0,0,0,0,80000,0,0,0,80000,0,80000,80000
07091P,SGBR2X凱基9A售02,0,0,0,0,0,0,0,0,0,80000,0,0,0,80000,0,80000,80000
064171,燿華元富9C購01  ,0,0,0,0,0,0,0,0,0,80000,0,0,0,148000,68000,80000,80000
08273P,國巨元富9C售02  ,0,0,0,0,0,0,0,0,0,80000,0,0,0,80000,0,80000,80000
08790P,聯發科元富01售01,0,0,0,0,0,0,0,0,0,80000,0,0,0,80000,0,80000,80000
08650P,臺股指元大9C售36,0,0,0,0,0,0,0,0,0,80000,0,0,0,210000,130000,80000,80000
054819,裕民元大9A購01  ,0,0,0,0,0,0,0,0,0,80000,0,0,0,100000,20000,80000,80000
062212,臻鼎台新9B購01  ,0,0,0,0,0,0,0,0,0,80000,0,0,0,136000,56000,80000,80000
057985,華通元富02購03  ,0,0,0,0,0,0,0,0,0,80000,0,0,0,96000,16000,80000,80000
062794,鴻海統一9C購15  ,0,20000,-20000,0,0,0,0,0,0,100000,0,0,0,100000,0,100000,80000
063168,台表科永豐9B購01,0,0,0,0,0,0,0,0,0,80000,0,0,0,225000,145000,80000,80000
063902,志超群益9C購01  ,0,0,0,0,0,0,0,0,0,80000,0,0,0,80000,0,80000,80000
065167,華通元大02購01  ,0,0,0,0,0,0,0,0,0,80000,0,0,0,160000,80000,80000,80000
060561,台積電富邦04購01,0,0,0,0,0,0,0,0,0,80000,0,0,0,80000,0,80000,80000
067039,生達凱基01購01  ,0,0,0,0,0,0,0,0,0,80000,0,0,0,80000,0,80000,80000
067363,同欣電群益01購02,0,0,0,0,0,0,0,0,0,80000,0,0,0,80000,0,80000,80000
068230,亞光元富04購01  ,0,0,0,0,0,0,0,0,0,80000,0,0,0,80000,0,80000,80000
067826,高鐵兆豐03購01  ,0,0,0,0,0,0,0,0,0,80000,0,0,0,85000,5000,80000,80000
066182,康控凱基01購01  ,0,0,0,0,0,0,0,0,0,80000,0,0,0,80000,0,80000,80000
066030,超眾群益01購01  ,0,0,0,0,0,0,0,0,0,80000,0,0,0,85000,5000,80000,80000
065738,國巨麥證9C購04  ,0,0,0,80000,0,80000,0,0,0,80000,0,0,0,80000,0,80000,80000
066929,國巨國票02購03  ,0,0,0,0,0,0,0,0,0,80000,0,0,0,91000,11000,80000,80000
066717,上証2X元大01購01,0,0,0,0,0,0,0,0,0,80000,0,0,0,200000,120000,80000,80000
066370,帆宣中信01購01  ,0,0,0,0,0,0,0,0,0,80000,0,0,0,191000,111000,80000,80000
9910,豐泰            ,506391,423901,82490,0,0,0,0,0,0,-3000,0,3000,-3000,0,0,0,79490
07054P,華新科兆豐99售04,0,0,0,0,0,0,0,0,0,79000,0,0,0,100000,21000,79000,79000
064682,嘉聯益兆豐01購01,0,0,0,0,0,0,0,0,0,79000,0,0,0,122000,43000,79000,79000
061543,南亞科群益9A購01,0,0,0,0,0,0,0,0,0,79000,0,0,0,79000,0,79000,79000
058590,南電中信9A購02  ,0,0,0,0,0,0,0,0,0,79000,0,0,0,109000,30000,79000,79000
058630,日月光國票9A購01,0,0,0,0,0,0,0,0,0,79000,0,0,0,134000,55000,79000,79000
058596,旺宏台新99購01  ,0,0,0,0,0,0,0,0,0,79000,0,0,0,79000,0,79000,79000
059821,美律凱基99購08  ,0,0,0,0,0,0,0,0,0,79000,0,0,0,79000,0,79000,79000
057231,美律凱基98購05  ,0,0,0,0,0,0,0,0,0,79000,0,0,0,79000,0,79000,79000
061948,美食群益9B購01  ,0,0,0,0,0,0,0,0,0,79000,0,0,0,89000,10000,79000,79000
068037,聯鈞元富07購01  ,0,0,0,0,0,0,0,0,0,79000,0,0,0,79000,0,79000,79000
2535,達欣工          ,72000,72000,0,0,0,0,0,0,0,79000,90000,0,90000,0,11000,-11000,79000
1587,吉茂            ,103000,24000,79000,0,0,0,0,0,0,0,0,0,0,0,0,0,79000
059630,美律凱基99購07  ,0,0,0,0,0,0,0,0,0,78000,0,0,0,78000,0,78000,78000
056550,瑞儀凱基99購01  ,0,0,0,0,0,0,0,0,0,78000,0,0,0,98000,20000,78000,78000
060008,華邦電群益9A購01,0,0,0,0,0,0,0,0,0,78000,0,0,0,128000,50000,78000,78000
061515,泰碩永豐9A購03  ,0,0,0,0,0,0,0,0,0,78000,0,0,0,78000,0,78000,78000
057882,華通群益9A購03  ,0,0,0,0,0,0,0,0,0,78000,0,0,0,78000,0,78000,78000
065589,景碩永豐9C購02  ,0,0,0,0,0,0,0,0,0,78000,0,0,0,151000,73000,78000,78000
061126,京元電永豐9A購02,0,0,0,0,0,0,0,0,0,78000,0,0,0,88000,10000,78000,78000
063637,聯發科元大9C購02,0,0,0,0,0,0,0,0,0,78000,0,0,0,78000,0,78000,78000
066445,牧德群益01購01  ,0,0,0,0,0,0,0,0,0,78000,0,0,0,78000,0,78000,78000
066841,臺指反元大04購06,0,0,0,0,0,0,0,0,0,78000,0,0,0,78000,0,78000,78000
2457,飛宏            ,182000,104000,78000,0,0,0,0,0,0,0,0,0,0,0,0,0,78000
6197,佳必琪          ,137000,54000,83000,0,0,0,0,0,0,-5000,0,5000,-5000,0,0,0,78000
064956,麗豐凱基9C購01  ,0,0,0,0,0,0,0,0,0,77000,0,0,0,121000,44000,77000,77000
068462,帆宣國票03購01  ,0,0,0,0,0,0,0,0,0,77000,0,0,0,119000,42000,77000,77000
064136,致新元大9C購01  ,0,0,0,0,0,0,0,0,0,77000,0,0,0,144000,67000,77000,77000
060017,全新康和99購01  ,0,0,0,0,0,0,0,0,0,77000,0,0,0,87000,10000,77000,77000
060422,台勝科永豐9A購01,0,0,0,0,0,0,0,0,0,77000,0,0,0,92000,15000,77000,77000
063207,聯茂統一01購01  ,0,0,0,0,0,0,0,0,0,77000,0,0,0,135000,58000,77000,77000
060958,儒鴻凱基9A購02  ,0,0,0,0,0,0,0,0,0,77000,0,0,0,213000,136000,77000,77000
061858,南電國票9B購02  ,0,0,0,0,0,0,0,0,0,77000,0,0,0,86000,9000,77000,77000
065267,聯鈞元大9C購02  ,0,0,0,0,0,0,0,0,0,77000,0,0,0,92000,15000,77000,77000
065731,群創凱基03購02  ,0,0,0,0,0,0,0,0,0,77000,0,0,0,100000,23000,77000,77000
065747,華通元大9C購07  ,0,0,0,0,0,0,0,0,0,77000,0,0,0,305000,228000,77000,77000
067705,遠東新元富01購01,0,0,0,0,0,0,0,0,0,77000,0,0,0,77000,0,77000,77000
067481,國產元大01購03  ,0,0,0,0,0,0,0,0,0,77000,0,0,0,232000,155000,77000,77000
066993,世紀鋼群益01購03,0,0,0,0,0,0,0,0,0,77000,0,0,0,82000,5000,77000,77000
3704,合勤控          ,468000,348000,120000,0,0,0,0,0,0,-43000,0,23000,-23000,0,20000,-20000,77000
068422,緯穎兆豐03購02  ,0,0,0,0,0,0,0,0,0,76000,0,0,0,76000,0,76000,76000
064412,緯穎凱基01購01  ,0,0,0,0,0,0,0,0,0,76000,0,0,0,156000,80000,76000,76000
064391,亞德客永豐9C購01,0,0,0,0,0,0,0,0,0,76000,0,0,0,87000,11000,76000,76000
058748,景碩凱基9A購01  ,0,0,0,0,0,0,0,0,0,76000,0,0,0,80000,4000,76000,76000
062162,世紀鋼凱基9B購03,0,0,0,0,0,0,0,0,0,76000,0,0,0,76000,0,76000,76000
063079,儒鴻凱基9B購01  ,0,0,0,0,0,0,0,0,0,76000,0,0,0,115000,39000,76000,76000
063280,燿華元大9B購05  ,0,0,0,0,0,0,0,0,0,76000,0,0,0,86000,10000,76000,76000
063270,喬山兆豐9C購01  ,0,0,0,0,0,0,0,0,0,76000,0,0,0,86000,10000,76000,76000
063633,金像電元大9B購05,0,0,0,0,0,0,0,0,0,76000,0,0,0,91000,15000,76000,76000
060723,致新永豐9A購01  ,0,0,0,0,0,0,0,0,0,76000,0,0,0,86000,10000,76000,76000
064011,嘉晶國票9C購01  ,0,0,0,0,0,0,0,0,0,76000,0,0,0,147000,71000,76000,76000
067651,漢唐元富07購01  ,0,0,0,0,0,0,0,0,0,76000,0,0,0,126000,50000,76000,76000
067746,瀚宇博元大01購04,0,0,0,0,0,0,0,0,0,76000,0,0,0,114000,38000,76000,76000
066301,大成永豐01購01  ,0,0,0,0,0,0,0,0,0,76000,0,0,0,93000,17000,76000,76000
08011P,玉晶光元大9B售05,0,0,0,0,0,0,0,0,0,75000,0,0,0,75000,0,75000,75000
064919,嘉晶統一02購02  ,0,0,0,0,0,0,0,0,0,75000,0,0,0,75000,0,75000,75000
07014P,華通元大99售04  ,0,0,0,0,0,0,0,0,0,75000,0,0,0,75000,0,75000,75000
064492,技嘉元大9C購01  ,0,0,0,0,0,0,0,0,0,75000,0,0,0,75000,0,75000,75000
058806,道瓊銀統一9B購01,0,0,0,0,0,0,0,0,0,75000,0,0,0,75000,0,75000,75000
06025P,臺股指元大99售02,0,0,0,0,0,0,0,0,0,75000,0,0,0,100000,25000,75000,75000
063659,世紀鋼元富9B購01,0,0,0,0,0,0,0,0,0,75000,0,0,0,429000,354000,75000,75000
061940,世紀鋼國票9C購01,0,0,0,0,0,0,0,0,0,75000,0,0,0,77000,2000,75000,75000
065590,元黃金元大9C購01,0,0,0,0,0,0,0,0,0,75000,0,0,0,75000,0,75000,75000
06569P,可成永豐98售01  ,0,0,0,0,0,0,0,0,0,75000,0,0,0,75000,0,75000,75000
066052,景碩元大02購01  ,0,10000,-10000,0,0,0,0,0,0,85000,0,0,0,270000,185000,85000,75000
066275,台勝科元大01購01,0,0,0,0,0,0,0,0,0,75000,0,0,0,132000,57000,75000,75000
064338,美食元大9C購01  ,0,0,0,0,0,0,0,0,0,74000,0,0,0,117000,43000,74000,74000
08428P,GIS國票01售01   ,0,0,0,0,0,0,0,0,0,74000,0,0,0,99000,25000,74000,74000
064846,旺宏元富03購01  ,0,0,0,0,0,0,0,0,0,74000,0,0,0,74000,0,74000,74000
063993,華通群益01購01  ,0,0,0,0,0,0,0,0,0,74000,0,0,0,74000,0,74000,74000
063631,燿華元大9B購06  ,0,0,0,0,0,0,0,0,0,74000,0,0,0,81000,7000,74000,74000
065956,緯創統一01購01  ,0,0,0,0,0,0,0,0,0,74000,0,0,0,137000,63000,74000,74000
066345,正文永豐01購01  ,0,0,0,0,0,0,0,0,0,74000,0,0,0,411000,337000,74000,74000
066555,聯詠元大01購01  ,0,0,0,0,0,0,0,0,0,74000,0,0,0,75000,1000,74000,74000
067936,泰碩凱基01購02  ,0,0,0,0,0,0,0,0,0,74000,0,0,0,94000,20000,74000,74000
6235,華孚            ,98000,21000,77000,0,0,0,0,0,0,-3000,0,3000,-3000,0,0,0,74000
064939,健策元富9C購03  ,0,0,0,0,0,0,0,0,0,73000,0,0,0,158000,85000,73000,73000
08978P,臺股指群益01售12,0,0,0,0,0,0,0,0,0,73000,0,0,0,73000,0,73000,73000
059456,智易永豐99購01  ,0,0,0,0,0,0,0,0,0,73000,0,0,0,104000,31000,73000,73000
062069,喬山元大9B購01  ,0,0,0,0,0,0,0,0,0,73000,0,0,0,108000,35000,73000,73000
067674,可成元大01購08  ,0,0,0,0,0,0,0,0,0,73000,0,0,0,73000,0,73000,73000
06824P,台灣50國票99售02,0,0,0,0,0,0,0,0,0,73000,0,0,0,83000,10000,73000,73000
067458,台積電永豐01購02,0,0,0,0,0,0,0,0,0,73000,0,0,0,99000,26000,73000,73000
065811,億豐群益9C購01  ,0,0,0,0,0,0,0,0,0,73000,0,0,0,275000,202000,73000,73000
065088,可成元大9C購09  ,0,0,0,0,0,0,0,0,0,72000,0,0,0,72000,0,72000,72000
07100P,華航元大99售01  ,0,0,0,0,0,0,0,0,0,72000,0,0,0,72000,0,72000,72000
068412,欣興台新01購01  ,0,0,0,0,0,0,0,0,0,72000,0,0,0,144000,72000,72000,72000
060203,緯穎元富9A購01  ,0,0,0,0,0,0,0,0,0,72000,0,0,0,79000,7000,72000,72000
060717,康控永豐9A購01  ,0,0,0,0,0,0,0,0,0,72000,0,0,0,107000,35000,72000,72000
061567,華通元大9A購11  ,0,0,0,0,0,0,0,0,0,72000,0,0,0,89000,17000,72000,72000
053537,玉晶光永豐98購02,0,0,0,0,0,0,0,0,0,72000,0,0,0,124000,52000,72000,72000
063626,聚陽元大9B購03  ,0,0,0,0,0,0,0,0,0,72000,0,0,0,154000,82000,72000,72000
063656,台光電元富03購01,0,0,0,0,0,0,0,0,0,72000,0,0,0,72000,0,72000,72000
060783,亞德客富邦9B購01,0,0,0,0,0,0,0,0,0,72000,0,0,0,82000,10000,72000,72000
06333P,臺股指群益9C售02,0,0,0,0,0,0,0,0,0,72000,0,0,0,72000,0,72000,72000
062526,友達統一01購01  ,0,0,0,0,0,0,0,0,0,72000,0,0,0,141000,69000,72000,72000
062713,台灣50凱基02購03,0,0,0,0,0,0,0,0,0,72000,0,0,0,83000,11000,72000,72000
065745,裕隆元大9C購03  ,0,0,0,0,0,0,0,0,0,72000,0,0,0,404000,332000,72000,72000
066463,鎧勝統一02購01  ,0,0,0,0,0,0,0,0,0,72000,0,0,0,365000,293000,72000,72000
066681,聯發科兆豐01購04,0,0,0,0,0,0,0,0,0,72000,0,0,0,72000,0,72000,72000
068194,致茂凱基01購02  ,0,0,0,0,0,0,0,0,0,72000,0,0,0,97000,25000,72000,72000
067699,奇鋐國票02購03  ,0,0,0,0,0,0,0,0,0,72000,0,0,0,102000,30000,72000,72000
067740,精元元大01購02  ,0,0,0,0,0,0,0,0,0,72000,0,0,0,206000,134000,72000,72000
068575,南電元大01購10  ,0,0,0,0,0,0,0,0,0,71000,0,0,0,77000,6000,71000,71000
064645,義隆凱基03購01  ,0,0,0,0,0,0,0,0,0,71000,0,0,0,135000,64000,71000,71000
053049,T50反1國票98購01,0,0,0,0,0,0,0,0,0,71000,0,0,0,71000,0,71000,71000
057626,技嘉富邦9A購01  ,0,0,0,0,0,0,0,0,0,71000,0,0,0,319000,248000,71000,71000
061581,貿聯元大9A購05  ,0,0,0,0,0,0,0,0,0,71000,0,0,0,71000,0,71000,71000
063897,神達群益9C購01  ,0,0,0,0,0,0,0,0,0,71000,0,0,0,79000,8000,71000,71000
063811,亞德客群益9C購01,0,0,0,0,0,0,0,0,0,71000,0,0,0,189000,118000,71000,71000
065508,大成鋼群益01購01,0,0,0,0,0,0,0,0,0,71000,0,0,0,109000,38000,71000,71000
065354,金像電元富03購01,0,0,0,0,0,0,0,0,0,71000,0,0,0,104000,33000,71000,71000
067548,亞德客中信03購01,0,0,0,0,0,0,0,0,0,71000,0,0,0,168000,97000,71000,71000
066195,臺股指凱基03購04,0,0,0,0,0,0,0,0,0,71000,0,0,0,105000,34000,71000,71000
06437P,玉晶光國票99售01,0,0,0,0,0,0,0,0,0,70000,0,0,0,110000,40000,70000,70000
064057,緯穎統一02購01  ,0,0,0,0,0,0,0,0,0,70000,0,0,0,182000,112000,70000,70000
064176,京元電國泰01購01,0,0,0,0,0,0,0,0,0,70000,0,0,0,88000,18000,70000,70000
064286,TPK元大9C購02   ,0,0,0,0,0,0,0,0,0,70000,0,0,0,70000,0,70000,70000
08538P,聯發科國票01售01,0,0,0,0,0,0,0,0,0,70000,0,0,0,72000,2000,70000,70000
068340,緯穎元大03購01  ,0,0,0,0,0,0,0,0,0,70000,0,0,0,71000,1000,70000,70000
07568P,鴻海凱基9A售22  ,0,0,0,0,0,0,0,0,0,70000,0,0,0,80000,10000,70000,70000
064966,FBVIX元大9C購03 ,0,0,0,0,0,0,0,0,0,70000,0,0,0,70000,0,70000,70000
064750,緯穎麥證9C購01  ,0,0,0,70000,0,70000,0,0,0,70000,0,0,0,70000,0,70000,70000
060278,道瓊反元大9A購03,0,0,0,0,0,0,0,0,0,70000,0,0,0,70000,0,70000,70000
060027,元金2X永豐99購02,0,0,0,0,0,0,0,0,0,70000,0,0,0,70000,0,70000,70000
058314,欣興富邦9B購01  ,0,0,0,0,0,0,0,0,0,70000,0,0,0,70000,0,70000,70000
065499,京元電富邦01購01,0,0,0,0,0,0,0,0,0,70000,0,0,0,92000,22000,70000,70000
065227,金像電凱基9C購01,0,0,0,0,0,0,0,0,0,70000,0,0,0,86000,16000,70000,70000
062061,台勝科統一01購01,0,0,0,0,0,0,0,0,0,70000,0,0,0,70000,0,70000,70000
061661,京鼎永豐9A購02  ,0,0,0,0,0,0,0,0,0,70000,0,0,0,260000,190000,70000,70000
061734,全新中信9B購02  ,0,0,0,0,0,0,0,0,0,70000,0,0,0,70000,0,70000,70000
062393,智邦富邦9B購01  ,0,0,0,0,0,0,0,0,0,70000,0,0,0,70000,0,70000,70000
066296,昇陽半元大01購02,0,0,0,0,0,0,0,0,0,70000,0,0,0,70000,0,70000,70000
066660,群光凱基01購01  ,0,0,0,0,0,0,0,0,0,70000,0,0,0,153000,83000,70000,70000
066631,聯詠凱基03購01  ,0,0,0,0,0,0,0,0,0,70000,0,0,0,70000,0,70000,70000
066457,可成統一02購01  ,0,0,0,0,0,0,0,0,0,70000,0,0,0,70000,0,70000,70000
068139,亞德客元大01購05,0,0,0,0,0,0,0,0,0,70000,0,0,0,138000,68000,70000,70000
3419,譁裕            ,84000,10000,74000,0,0,0,0,0,0,-4000,1000,5000,-4000,0,0,0,70000
060677,京元電元大9A購04,0,0,0,0,0,0,0,0,0,69000,0,0,0,89000,20000,69000,69000
058118,瑞昱群益99購01  ,0,0,0,0,0,0,0,0,0,69000,0,0,0,70000,1000,69000,69000
058215,貿聯群益99購02  ,0,0,0,0,0,0,0,0,0,69000,0,0,0,70000,1000,69000,69000
057629,泰碩永豐98購02  ,0,0,0,0,0,0,0,0,0,69000,0,0,0,69000,0,69000,69000
057623,友訊國泰99購01  ,0,0,0,0,0,0,0,0,0,69000,0,0,0,69000,0,69000,69000
059282,嘉聯益永豐99購01,0,0,0,0,0,0,0,0,0,69000,0,0,0,198000,129000,69000,69000
056455,群創凱基9A購01  ,0,0,0,0,0,0,0,0,0,69000,0,0,0,79000,10000,69000,69000
059644,茂林凱基99購03  ,0,0,0,0,0,0,0,0,0,69000,0,0,0,127000,58000,69000,69000
064005,義隆凱基01購01  ,0,0,0,0,0,0,0,0,0,69000,0,0,0,108000,39000,69000,69000
065392,華通群益01購02  ,0,0,0,0,0,0,0,0,0,69000,0,0,0,92000,23000,69000,69000
067564,訊芯國票02購01  ,0,0,0,0,0,0,0,0,0,69000,0,0,0,156000,87000,69000,69000
065864,光寶科群益9C購01,0,0,0,0,0,0,0,0,0,69000,0,0,0,102000,33000,69000,69000
07871P,台積電群益9C售02,0,0,0,0,0,0,0,0,0,68000,0,0,0,71000,3000,68000,68000
08821P,旺宏凱基01售01  ,0,0,0,0,0,0,0,0,0,68000,0,0,0,94000,26000,68000,68000
065145,貿聯凱基9C購02  ,0,0,0,0,0,0,0,0,0,68000,0,0,0,68000,0,68000,68000
03454B,臺股指元大04熊06,0,0,0,0,0,0,0,0,0,68000,0,0,0,124000,56000,68000,68000
060249,正文元大9C購01  ,0,0,0,0,0,0,0,0,0,68000,0,0,0,80000,12000,68000,68000
060028,國揚永豐99購01  ,0,0,0,0,0,0,0,0,0,68000,0,0,0,68000,0,68000,68000
059999,緯穎元富99購01  ,0,0,0,0,0,0,0,0,0,68000,0,0,0,68000,0,68000,68000
060653,全新群益9A購02  ,0,0,0,0,0,0,0,0,0,68000,0,0,0,68000,0,68000,68000
060665,康控凱基9A購01  ,0,0,0,0,0,0,0,0,0,68000,0,0,0,79000,11000,68000,68000
060719,瀚宇博永豐9A購01,0,0,0,0,0,0,0,0,0,68000,0,0,0,70000,2000,68000,68000
062204,京元電國票9C購01,0,0,0,0,0,0,0,0,0,68000,0,0,0,68000,0,68000,68000
060548,友達凱基9B購03  ,0,0,0,0,0,0,0,0,0,68000,0,0,0,68000,0,68000,68000
061899,復盛永豐9B購01  ,0,0,0,0,0,0,0,0,0,68000,0,0,0,68000,0,68000,68000
060799,茂林永豐9A購01  ,0,0,0,0,0,0,0,0,0,68000,0,0,0,68000,0,68000,68000
063926,南亞科統一03購01,0,0,0,0,0,0,0,0,0,68000,0,0,0,68000,0,68000,68000
063432,金寶元富9B購01  ,0,0,0,0,0,0,0,0,0,68000,0,0,0,88000,20000,68000,68000
063314,美律群益9B購01  ,0,0,0,0,0,0,0,0,0,68000,0,0,0,118000,50000,68000,68000
062562,瑞儀凱基9B購02  ,0,0,0,0,0,0,0,0,0,68000,0,0,0,88000,20000,68000,68000
066339,總太永豐01購01  ,0,0,0,0,0,0,0,0,0,68000,0,0,0,174000,106000,68000,68000
066518,惠特永豐01購02  ,0,0,0,0,0,0,0,0,0,68000,0,0,0,68000,0,68000,68000
066845,亞光元大01購02  ,0,0,0,0,0,0,0,0,0,68000,0,0,0,68000,0,68000,68000
066860,健策國票02購02  ,0,0,0,0,0,0,0,0,0,68000,0,0,0,83000,15000,68000,68000
067345,美利達凱基02購01,0,0,0,0,0,0,0,0,0,68000,0,0,0,250000,182000,68000,68000
067953,京元電永豐01購02,0,0,0,0,0,0,0,0,0,68000,0,0,0,78000,10000,68000,68000
5215,科嘉-KY         ,213000,128000,85000,0,0,0,0,0,0,-17000,0,17000,-17000,0,0,0,68000
8499,鼎炫-KY         ,75000,7000,68000,0,0,0,0,0,0,0,0,0,0,0,0,0,68000
064514,喬山群益9C購01  ,0,0,0,0,0,0,0,0,0,67000,0,0,0,87000,20000,67000,67000
08596P,聯發科國泰02售02,0,0,0,0,0,0,0,0,0,67000,0,0,0,79000,12000,67000,67000
057828,緯穎元大99購02  ,0,0,0,0,0,0,0,0,0,67000,0,0,0,167000,100000,67000,67000
057792,群創統一99購01  ,0,0,0,0,0,0,0,0,0,67000,0,0,0,77000,10000,67000,67000
059265,美律中信01購01  ,0,0,0,0,0,0,0,0,0,67000,0,0,0,90000,23000,67000,67000
03118P,台積電國票01售07,0,0,0,0,0,0,0,0,0,67000,0,0,0,67000,0,67000,67000
063939,上銀元大9C購04  ,0,0,0,0,0,0,0,0,0,67000,0,0,0,99000,32000,67000,67000
060571,京元電永豐9A購01,0,0,0,0,0,0,0,0,0,67000,0,0,0,80000,13000,67000,67000
065542,緯穎統一01購05  ,0,0,0,0,0,0,0,0,0,67000,0,0,0,154000,87000,67000,67000
066554,嘉晶元大01購05  ,0,0,0,0,0,0,0,0,0,67000,0,0,0,423000,356000,67000,67000
066319,聯強永豐01購01  ,0,0,0,0,0,0,0,0,0,67000,0,0,0,67000,0,67000,67000
064937,英業達元富9C購01,0,0,0,0,0,0,0,0,0,66000,0,0,0,66000,0,66000,66000
057267,康控兆豐99購01  ,0,0,0,0,0,0,0,0,0,66000,0,0,0,160000,94000,66000,66000
057060,緯穎元大98購05  ,0,0,0,0,0,0,0,0,0,66000,0,0,0,94000,28000,66000,66000
060252,緯穎元大9A購02  ,0,0,0,0,0,0,0,0,0,66000,0,0,0,145000,79000,66000,66000
058813,旺宏統一9B購04  ,0,0,0,0,0,0,0,0,0,66000,0,0,0,66000,0,66000,66000
062289,緯穎群益9B購01  ,0,0,0,0,0,0,0,0,0,66000,0,0,0,103000,37000,66000,66000
066313,泰豐永豐01購01  ,0,0,0,0,0,0,0,0,0,66000,0,0,0,76000,10000,66000,66000
066630,東森凱基01購01  ,0,0,0,0,0,0,0,0,0,66000,0,0,0,106000,40000,66000,66000
066926,聚陽國票02購01  ,0,0,0,0,0,0,0,0,0,66000,0,0,0,166000,100000,66000,66000
066643,旺宏麥證01購01  ,0,0,0,66000,0,66000,0,0,0,66000,0,0,0,66000,0,66000,66000
065815,微星元富9C購01  ,0,0,0,0,0,0,0,0,0,66000,0,0,0,66000,0,66000,66000
065920,日月光凱基02購01,0,0,0,0,0,0,0,0,0,66000,0,0,0,261000,195000,66000,66000
066184,鎧勝凱基01購01  ,0,0,0,0,0,0,0,0,0,66000,0,0,0,267000,201000,66000,66000
066013,友訊元富01購02  ,0,0,0,0,0,0,0,0,0,66000,0,0,0,117000,51000,66000,66000
067783,高鐵群益02購01  ,0,0,0,0,0,0,0,0,0,66000,0,0,0,66000,0,66000,66000
3015,全漢            ,110000,38000,72000,0,0,0,0,0,0,-6000,0,6000,-6000,0,0,0,66000
07830P,牧德凱基9A售03  ,0,0,0,0,0,0,0,0,0,65000,0,0,0,65000,0,65000,65000
07057P,大立光康和9B售02,0,0,0,0,0,0,0,0,0,65000,0,0,0,65000,0,65000,65000
068325,宏碁元大01購04  ,0,0,0,0,0,0,0,0,0,65000,0,0,0,85000,20000,65000,65000
08920P,臺股指凱基03售07,0,0,0,0,0,0,0,0,0,65000,0,0,0,81000,16000,65000,65000
08971P,臺股指元大01售14,0,0,0,0,0,0,0,0,0,65000,0,0,0,65000,0,65000,65000
08307P,台積電凱基9C售03,0,0,0,0,0,0,0,0,0,65000,0,0,0,65000,0,65000,65000
062922,南六元大9B購03  ,0,0,0,0,0,0,0,0,0,65000,0,0,0,283000,218000,65000,65000
056600,聯茂元富98購01  ,0,0,0,0,0,0,0,0,0,65000,0,0,0,65000,0,65000,65000
062967,上銀元富9B購01  ,0,0,0,0,0,0,0,0,0,65000,0,0,0,145000,80000,65000,65000
063352,上銀元富9B購02  ,0,0,0,0,0,0,0,0,0,65000,0,0,0,136000,71000,65000,65000
063655,華通元富9B購01  ,0,0,0,0,0,0,0,0,0,65000,0,0,0,67000,2000,65000,65000
065524,康控群益01購01  ,0,0,0,0,0,0,0,0,0,65000,0,0,0,139000,74000,65000,65000
065226,華通凱基01購01  ,0,0,0,0,0,0,0,0,0,65000,0,0,0,87000,22000,65000,65000
065288,華新科群益02購02,0,0,0,0,0,0,0,0,0,65000,0,0,0,92000,27000,65000,65000
062177,上銀元大9B購02  ,0,0,0,0,0,0,0,0,0,65000,0,0,0,100000,35000,65000,65000
062029,牧德群益9B購03  ,0,0,0,0,0,0,0,0,0,65000,0,0,0,65000,0,65000,65000
061257,上銀凱基9A購06  ,0,0,0,0,0,0,0,0,0,65000,0,0,0,65000,0,65000,65000
061439,寶成凱基9A購01  ,0,0,0,0,0,0,0,0,0,65000,0,0,0,81000,16000,65000,65000
065992,立積永豐01購01  ,0,0,0,0,0,0,0,0,0,65000,0,0,0,344000,279000,65000,65000
066819,樺漢兆豐01購01  ,0,0,0,0,0,0,0,0,0,65000,0,0,0,85000,20000,65000,65000
066350,達麗永豐01購01  ,0,0,0,0,0,0,0,0,0,65000,0,0,0,65000,0,65000,65000
3004,豐達科          ,74000,9000,65000,0,0,0,0,0,0,0,0,0,0,0,0,0,65000
4739,康普            ,94000,29000,65000,0,0,0,0,0,0,0,0,0,0,0,0,0,65000
064355,南六元大01購01  ,0,0,0,0,0,0,0,0,0,64000,0,0,0,266000,202000,64000,64000
065156,可成群益01購02  ,0,0,0,0,0,0,0,0,0,64000,0,0,0,64000,0,64000,64000
064727,群創統一02購03  ,0,0,0,0,0,0,0,0,0,64000,0,0,0,573000,509000,64000,64000
058450,旺宏永豐99購01  ,0,0,0,0,0,0,0,0,0,64000,0,0,0,64000,0,64000,64000
03074P,大立光國泰03售05,0,0,0,0,0,0,0,0,0,64000,0,0,0,64000,0,64000,64000
03051P,玉晶光統一01售14,0,0,0,0,0,0,0,0,0,64000,0,0,0,74000,10000,64000,64000
058671,旺宏群益9A購01  ,0,0,0,0,0,0,0,0,0,64000,0,0,0,64000,0,64000,64000
058061,貿聯元富9B購01  ,0,0,0,0,0,0,0,0,0,64000,0,0,0,74000,10000,64000,64000
057990,美律統一99購02  ,0,0,0,0,0,0,0,0,0,64000,0,0,0,84000,20000,64000,64000
060381,元黃金凱基9A購01,0,0,0,0,0,0,0,0,0,64000,0,0,0,144000,80000,64000,64000
059160,華通凱基99購03  ,0,0,0,0,0,0,0,0,0,64000,0,0,0,64000,0,64000,64000
065447,緯創統一02購02  ,0,0,0,0,0,0,0,0,0,64000,0,0,0,190000,126000,64000,64000
063627,上銀元大9B購09  ,0,0,0,0,0,0,0,0,0,64000,0,0,0,74000,10000,64000,64000
062382,燿華國泰9C購01  ,0,0,0,0,0,0,0,0,0,64000,0,0,0,74000,10000,64000,64000
066665,聯詠凱基02購01  ,0,0,0,0,0,0,0,0,0,64000,0,0,0,64000,0,64000,64000
067582,華通群益02購04  ,0,0,0,0,0,0,0,0,0,64000,0,0,0,64000,0,64000,64000
067630,大成鋼永豐01購01,0,0,0,0,0,0,0,0,0,64000,0,0,0,64000,0,64000,64000
064960,世紀鋼凱基03購01,0,0,0,0,0,0,0,0,0,63000,0,0,0,73000,10000,63000,63000
064656,聚陽元大9C購03  ,0,0,0,0,0,0,0,0,0,63000,0,0,0,212000,149000,63000,63000
059358,旺宏永豐99購02  ,0,0,0,0,0,0,0,0,0,63000,0,0,0,73000,10000,63000,63000
03669C,滬深2X元富09牛01,0,0,0,0,0,0,0,0,0,63000,0,0,0,123000,60000,63000,63000
059688,燿華永豐99購01  ,0,0,0,0,0,0,0,0,0,63000,0,0,0,63000,0,63000,63000
062309,燿華凱基9B購01  ,0,0,0,0,0,0,0,0,0,63000,0,0,0,63000,0,63000,63000
061747,南亞科統一01購01,0,0,0,0,0,0,0,0,0,63000,0,0,0,65000,2000,63000,63000
063660,儒鴻統一9C購01  ,0,0,0,0,0,0,0,0,0,63000,0,0,0,146000,83000,63000,63000
061596,健策永豐9A購03  ,0,0,0,0,0,0,0,0,0,63000,0,0,0,73000,10000,63000,63000
065311,TPK國票01購03   ,0,0,0,0,0,0,0,0,0,63000,0,0,0,63000,0,63000,63000
065598,微星元大01購02  ,0,0,0,0,0,0,0,0,0,63000,0,0,0,63000,0,63000,63000
066944,鴻海元大01購13  ,0,0,0,0,0,0,0,0,0,63000,0,0,0,68000,5000,63000,63000
066297,美利達元大01購01,0,0,0,0,0,0,0,0,0,63000,0,0,0,215000,152000,63000,63000
3557,嘉威            ,121000,59000,62000,0,0,0,0,0,0,1000,1000,0,1000,0,0,0,63000
2020,美亞            ,80000,38000,42000,0,0,0,0,0,0,21000,21000,0,21000,0,0,0,63000
064483,瑞儀永豐9C購01  ,0,0,0,0,0,0,0,0,0,62000,0,0,0,344000,282000,62000,62000
08958P,鴻海凱基01售08  ,0,0,0,0,0,0,0,0,0,62000,0,0,0,62000,0,62000,62000
1439,中和            ,188000,124000,64000,0,0,0,0,0,0,-2000,0,2000,-2000,0,0,0,62000
08355P,智邦元大9C售03  ,0,0,0,0,0,0,0,0,0,62000,0,0,0,93000,31000,62000,62000
064898,國產群益9C購01  ,0,0,0,0,0,0,0,0,0,62000,0,0,0,62000,0,62000,62000
064835,嘉晶統一02購01  ,0,0,0,0,0,0,0,0,0,62000,0,0,0,198000,136000,62000,62000
064804,英業達元大9C購01,0,0,0,0,0,0,0,0,0,62000,0,0,0,130000,68000,62000,62000
068389,美律統一03購03  ,0,0,0,0,0,0,0,0,0,62000,0,0,0,138000,76000,62000,62000
07797P,大立光國票9A售08,0,0,0,0,0,0,0,0,0,62000,0,0,0,62000,0,62000,62000
060031,旭富永豐99購02  ,0,0,0,0,0,0,0,0,0,62000,0,0,0,62000,0,62000,62000
058189,嘉澤永豐99購01  ,0,0,0,0,0,0,0,0,0,62000,0,0,0,67000,5000,62000,62000
062021,康控永豐9B購01  ,0,0,0,0,0,0,0,0,0,62000,0,0,0,120000,58000,62000,62000
061092,可成統一9C購02  ,0,0,0,0,0,0,0,0,0,62000,0,0,0,62000,0,62000,62000
063494,金像電富邦9B購01,0,0,0,0,0,0,0,0,0,62000,0,0,0,77000,15000,62000,62000
062451,瀚宇博元大9B購02,0,0,0,0,0,0,0,0,0,62000,0,0,0,92000,30000,62000,62000
066138,健策群益01購05  ,0,0,0,0,0,0,0,0,0,62000,0,0,0,90000,28000,62000,62000
066132,精元群益01購01  ,0,0,0,0,0,0,0,0,0,62000,0,0,0,72000,10000,62000,62000
067339,欣興凱基02購01  ,15000,15000,0,0,0,0,0,0,0,62000,0,0,0,399000,337000,62000,62000
06771P,台灣50中信02售01,0,0,0,0,0,0,0,0,0,62000,0,0,0,65000,3000,62000,62000
08859P,奇鋐國票03售01  ,0,0,0,0,0,0,0,0,0,61000,0,0,0,61000,0,61000,61000
064233,燿華統一9C購02  ,0,0,0,0,0,0,0,0,0,61000,0,0,0,61000,0,61000,61000
059786,全新元大99購06  ,0,0,0,0,0,0,0,0,0,61000,0,0,0,61000,0,61000,61000
057479,致茂元大98購03  ,0,0,0,0,0,0,0,0,0,61000,0,0,0,61000,0,61000,61000
062333,嘉晶統一9C購01  ,0,0,0,0,0,0,0,0,0,61000,0,0,0,61000,0,61000,61000
060777,茂林凱基9C購01  ,0,0,0,0,0,0,0,0,0,61000,0,0,0,69000,8000,61000,61000
063603,友達凱基9B購05  ,0,0,0,0,0,0,0,0,0,61000,0,0,0,61000,0,61000,61000
061306,瑞祺永豐9A購02  ,0,0,0,0,0,0,0,0,0,61000,0,0,0,122000,61000,61000,61000
061943,上銀群益9B購02  ,0,0,0,0,0,0,0,0,0,61000,0,0,0,61000,0,61000,61000
067194,惠特凱基01購03  ,0,0,0,0,0,0,0,0,0,61000,0,0,0,71000,10000,61000,61000
3356,奇偶            ,71000,9000,62000,0,0,0,0,0,0,-1000,0,1000,-1000,0,0,0,61000
2636,台驊投控        ,143000,141000,2000,0,0,0,0,0,0,59000,59000,0,59000,0,0,0,61000
064209,燿華凱基01購01  ,0,0,0,0,0,0,0,0,0,60000,0,0,0,60000,0,60000,60000
08832P,台表科群益01售01,0,0,0,0,0,0,0,0,0,60000,0,0,0,60000,0,60000,60000
08549P,大立光元大9C售25,0,0,0,0,0,0,0,0,0,60000,0,0,0,60000,0,60000,60000
07673P,電子類元大9A售01,0,0,0,0,0,0,0,0,0,60000,0,0,0,60000,0,60000,60000
07199P,臺股指元大99售15,0,0,0,0,0,0,0,0,0,60000,0,0,0,60000,0,60000,60000
06835P,台灣50國票9A售01,0,0,0,0,0,0,0,0,0,60000,0,0,0,60000,0,60000,60000
064902,健策群益01購03  ,0,0,0,0,0,0,0,0,0,60000,0,0,0,74000,14000,60000,60000
064433,金像電凱基02購01,0,0,0,0,0,0,0,0,0,60000,0,0,0,60000,0,60000,60000
054803,味全元大9A購01  ,0,0,0,0,0,0,0,0,0,60000,0,0,0,100000,40000,60000,60000
046375,友達凱基98購01  ,0,0,0,0,0,0,0,0,0,60000,0,0,0,60000,0,60000,60000
020016,統一MSCI美科技N ,0,0,0,0,0,0,0,0,0,60000,0,0,0,63000,3000,60000,60000
058091,欣興元大99購03  ,0,0,0,0,0,0,0,0,0,60000,0,0,0,70000,10000,60000,60000
057887,智原群益98購04  ,0,0,0,0,0,0,0,0,0,60000,0,0,0,60000,0,60000,60000
058864,欣興凱基99購04  ,0,0,0,0,0,0,0,0,0,60000,0,0,0,60000,0,60000,60000
062893,元金2X元大9C購01,0,0,0,0,0,0,0,0,0,60000,0,0,0,60000,0,60000,60000
062238,臻鼎凱基9C購01  ,0,0,0,0,0,0,0,0,0,60000,0,0,0,61000,1000,60000,60000
059034,華通群益9B購02  ,0,0,0,0,0,0,0,0,0,60000,0,0,0,60000,0,60000,60000
060232,友訊元大9C購01  ,0,0,0,0,0,0,0,0,0,60000,0,0,0,121000,61000,60000,60000
057793,群創統一99購02  ,0,0,0,0,0,0,0,0,0,60000,0,0,0,60000,0,60000,60000
060433,億豐永豐9A購01  ,0,0,0,0,0,0,0,0,0,60000,0,0,0,60000,0,60000,60000
065583,超眾國泰02購01  ,0,0,0,0,0,0,0,0,0,60000,0,0,0,60000,0,60000,60000
065438,緯穎凱基9C購04  ,0,0,0,0,0,0,0,0,0,60000,0,0,0,60000,0,60000,60000
061134,大成鋼統一9C購01,0,0,0,0,0,0,0,0,0,60000,0,0,0,60000,0,60000,60000
063483,致新元大9B購03  ,0,0,0,0,0,0,0,0,0,60000,0,0,0,83000,23000,60000,60000
063343,美律統一9C購01  ,0,0,0,0,0,0,0,0,0,60000,0,0,0,60000,0,60000,60000
063293,億豐元大9B購01  ,0,0,0,0,0,0,0,0,0,60000,0,0,0,70000,10000,60000,60000
06732P,台灣50日盛9A售01,0,0,0,0,0,0,0,0,0,60000,0,0,0,490000,430000,60000,60000
067432,大立光凱基03購04,0,0,0,0,0,0,0,0,0,60000,0,0,0,60000,0,60000,60000
067614,台汽電凱基01購01,0,0,0,0,0,0,0,0,0,60000,0,0,0,60000,0,60000,60000
067807,京元電凱基01購02,0,0,0,0,0,0,0,0,0,60000,0,0,0,115000,55000,60000,60000
065962,鴻海元大01購04  ,0,0,0,0,0,0,0,0,0,60000,0,0,0,60000,0,60000,60000
06633P,國巨國票99售01  ,0,0,0,0,0,0,0,0,0,60000,0,0,0,60000,0,60000,60000
3149,正達            ,64000,4000,60000,0,0,0,0,0,0,0,0,0,0,0,0,0,60000
07975P,國巨元大9B售15  ,0,0,0,0,0,0,0,0,0,59000,0,0,0,59000,0,59000,59000
08622P,緯創群益9C售03  ,0,0,0,0,0,0,0,0,0,59000,0,0,0,60000,1000,59000,59000
1315,達新            ,95000,32000,63000,0,0,0,0,0,0,-4000,0,4000,-4000,0,0,0,59000
064647,致伸凱基9C購01  ,0,0,0,0,0,0,0,0,0,59000,0,0,0,59000,0,59000,59000
060675,南亞科元大9A購02,0,0,0,0,0,0,0,0,0,59000,0,0,0,64000,5000,59000,59000
058517,景碩元大99購06  ,0,0,0,0,0,0,0,0,0,59000,0,0,0,75000,16000,59000,59000
063459,華通元大9B購08  ,0,0,0,0,0,0,0,0,0,59000,0,0,0,85000,26000,59000,59000
061238,晶技元大9A購02  ,0,0,0,0,0,0,0,0,0,59000,0,0,0,182000,123000,59000,59000
062036,致新群益9B購01  ,0,0,0,0,0,0,0,0,0,59000,0,0,0,59000,0,59000,59000
060913,宏達電元大9A購03,0,0,0,0,0,0,0,0,0,59000,0,0,0,62000,3000,59000,59000
065230,義隆凱基02購01  ,0,0,0,0,0,0,0,0,0,59000,0,0,0,60000,1000,59000,59000
065233,TPK凱基01購01   ,0,0,0,0,0,0,0,0,0,59000,0,0,0,59000,0,59000,59000
065891,聯發科統一02購03,0,0,0,0,0,0,0,0,0,59000,0,0,0,59000,0,59000,59000
065783,友訊永豐9C購02  ,0,0,0,0,0,0,0,0,0,59000,0,0,0,59000,0,59000,59000
067737,英業達元大01購01,0,0,0,0,0,0,0,0,0,59000,0,0,0,61000,2000,59000,59000
067694,聚陽中信03購01  ,0,0,0,0,0,0,0,0,0,59000,0,0,0,66000,7000,59000,59000
064346,貿聯元大01購01  ,0,0,0,0,0,0,0,0,0,58000,0,0,0,58000,0,58000,58000
064404,奇力新凱基02購01,0,0,0,0,0,0,0,0,0,58000,0,0,0,78000,20000,58000,58000
064837,TPK統一9C購02   ,0,0,0,0,0,0,0,0,0,58000,0,0,0,58000,0,58000,58000
067819,健策凱基01購03  ,0,0,0,0,0,0,0,0,0,58000,0,0,0,103000,45000,58000,58000
067429,國揚凱基02購01  ,0,0,0,0,0,0,0,0,0,58000,0,0,0,125000,67000,58000,58000
067187,聯陽凱基01購02  ,0,0,0,0,0,0,0,0,0,58000,0,0,0,58000,0,58000,58000
065775,神隆國泰03購01  ,0,0,0,0,0,0,0,0,0,58000,0,0,0,80000,22000,58000,58000
066031,力成群益01購01  ,0,0,0,0,0,0,0,0,0,58000,0,0,0,84000,26000,58000,58000
066154,聯強康和01購01  ,0,0,0,0,0,0,0,0,0,58000,0,0,0,65000,7000,58000,58000
066329,達欣工永豐01購01,0,0,0,0,0,0,0,0,0,58000,0,0,0,58000,0,58000,58000
08062P,華擎國票9B售03  ,0,0,0,0,0,0,0,0,0,57000,0,0,0,57000,0,57000,57000
068288,長榮航群益01購02,0,0,0,0,0,0,0,0,0,57000,0,0,0,202000,145000,57000,57000
064083,群創中信06購01  ,0,0,0,0,0,0,0,0,0,57000,0,0,0,134000,77000,57000,57000
064263,貿聯永豐9C購01  ,0,0,0,0,0,0,0,0,0,57000,0,0,0,78000,21000,57000,57000
08883P,台積電國票02售02,0,0,0,0,0,0,0,0,0,57000,0,0,0,57000,0,57000,57000
08546P,可成中信9C售02  ,0,0,0,0,0,0,0,0,0,57000,0,0,0,60000,3000,57000,57000
08338P,台灣50凱基9C售11,0,0,0,0,0,0,0,0,0,57000,0,0,0,57000,0,57000,57000
058531,華通元富99購01  ,0,0,0,0,0,0,0,0,0,57000,0,0,0,57000,0,57000,57000
053584,友達元大9B購02  ,0,0,0,0,0,0,0,0,0,57000,0,0,0,360000,303000,57000,57000
058324,嘉聯益永豐9A購01,0,0,0,0,0,0,0,0,0,57000,0,0,0,67000,10000,57000,57000
058746,華通凱基9A購02  ,0,0,0,0,0,0,0,0,0,57000,0,0,0,61000,4000,57000,57000
058706,聯鈞元大9C購01  ,0,0,0,0,0,0,0,0,0,57000,0,0,0,60000,3000,57000,57000
060386,台勝科凱基9B購01,0,0,0,0,0,0,0,0,0,57000,0,0,0,57000,0,57000,57000
065172,義隆元大9C購05  ,0,0,0,0,0,0,0,0,0,57000,0,0,0,100000,43000,57000,57000
060468,聯鈞元大9A購02  ,0,0,0,0,0,0,0,0,0,57000,0,0,0,57000,0,57000,57000
062090,南電元大9B購02  ,0,0,0,0,0,0,0,0,0,57000,0,0,0,57000,0,57000,57000
063464,廣達元大9B購02  ,0,0,0,0,0,0,0,0,0,57000,0,0,0,81000,24000,57000,57000
061827,台灣50凱基02購01,0,0,0,0,0,0,0,0,0,57000,0,0,0,57000,0,57000,57000
066317,英利永豐01購01  ,0,0,0,0,0,0,0,0,0,57000,0,0,0,57000,0,57000,57000
066289,晶碩元大02購01  ,0,0,0,0,0,0,0,0,0,57000,0,0,0,111000,54000,57000,57000
06586P,鴻海元大9C售01  ,0,0,0,0,0,0,0,0,0,57000,0,0,0,62000,5000,57000,57000
2486,一詮            ,85000,28000,57000,0,0,0,0,0,0,0,0,0,0,0,0,0,57000
064218,南六凱基01購01  ,0,0,0,0,0,0,0,0,0,56000,0,0,0,56000,0,56000,56000
064215,康控凱基02購01  ,0,0,0,0,0,0,0,0,0,56000,0,0,0,81000,25000,56000,56000
064323,滬深2X元大9C購09,0,0,0,0,0,0,0,0,0,56000,0,0,0,131000,75000,56000,56000
062878,宏達電兆豐9B購01,0,0,0,0,0,0,0,0,0,56000,0,0,0,241000,185000,56000,56000
054842,台達電兆豐98購01,0,0,0,0,0,0,0,0,0,56000,0,0,0,56000,0,56000,56000
051603,深中小群益99購03,0,0,0,0,0,0,0,0,0,56000,0,0,0,56000,0,56000,56000
062807,和碩統一9B購01  ,0,0,0,0,0,0,0,0,0,56000,0,0,0,347000,291000,56000,56000
063979,健鼎兆豐9C購01  ,0,0,0,0,0,0,0,0,0,56000,0,0,0,86000,30000,56000,56000
062047,緯穎凱基9B購01  ,0,0,0,0,0,0,0,0,0,56000,0,0,0,99000,43000,56000,56000
061195,健策永豐9B購02  ,0,0,0,0,0,0,0,0,0,56000,0,0,0,136000,80000,56000,56000
065825,鴻海凱基02購02  ,0,0,0,0,0,0,0,0,0,56000,0,0,0,58000,2000,56000,56000
4755,三福化          ,101000,45000,56000,0,0,0,0,0,0,0,0,0,0,0,0,0,56000
064054,中租統一02購01  ,0,0,0,0,0,0,0,0,0,55000,0,0,0,60000,5000,55000,55000
068392,彩晶統一03購01  ,0,0,0,0,0,0,0,0,0,55000,0,0,0,55000,0,55000,55000
064723,大立光統一02購04,0,0,0,0,0,0,0,0,0,55000,0,0,0,85000,30000,55000,55000
054156,聯電亞東98購01  ,0,0,0,0,0,0,0,0,0,55000,0,0,0,55000,0,55000,55000
058245,訊連元大99購01  ,0,0,0,0,0,0,0,0,0,55000,0,0,0,55000,0,55000,55000
057713,美律統一99購01  ,0,0,0,0,0,0,0,0,0,55000,0,0,0,172000,117000,55000,55000
059851,晶相光永豐99購02,0,0,0,0,0,0,0,0,0,55000,0,0,0,55000,0,55000,55000
061398,力成中信9A購01  ,0,0,0,0,0,0,0,0,0,55000,0,0,0,55000,0,55000,55000
060982,旺宏元大9A購09  ,0,0,0,0,0,0,0,0,0,55000,0,0,0,55000,0,55000,55000
063133,喬山統一01購01  ,0,0,0,0,0,0,0,0,0,55000,0,0,0,150000,95000,55000,55000
065229,友達凱基02購03  ,0,0,0,0,0,0,0,0,0,55000,0,0,0,135000,80000,55000,55000
065570,台光電群益01購01,0,0,0,0,0,0,0,0,0,55000,0,0,0,90000,35000,55000,55000
063628,華通元大9B購09  ,0,0,0,0,0,0,0,0,0,55000,0,0,0,75000,20000,55000,55000
06334P,臺股指群益9C售03,0,0,0,0,0,0,0,0,0,55000,0,0,0,63000,8000,55000,55000
065743,宏達電麥證9C購02,0,0,0,65000,10000,55000,0,0,0,55000,0,0,0,65000,10000,55000,55000
067556,義隆國票02購02  ,0,0,0,0,0,0,0,0,0,55000,0,0,0,59000,4000,55000,55000
067488,群創元大03購01  ,0,0,0,0,0,0,0,0,0,55000,0,0,0,255000,200000,55000,55000
4155,訊映            ,94000,37000,57000,0,0,0,0,0,0,-2000,0,2000,-2000,0,0,0,55000
1609,大亞            ,276000,221000,55000,0,0,0,0,0,0,0,0,0,0,0,0,0,55000
4725,信昌化          ,54149,0,54149,0,0,0,0,0,0,0,0,0,0,0,0,0,54149
064100,義隆群益9C購01  ,0,0,0,0,0,0,0,0,0,54000,0,0,0,67000,13000,54000,54000
064568,聯鈞群益9C購01  ,0,0,0,0,0,0,0,0,0,54000,0,0,0,103000,49000,54000,54000
065115,臺股指國票9C購12,0,0,0,0,0,0,0,0,0,54000,0,0,0,54000,0,54000,54000
058293,光寶科凱基9A購01,0,0,0,0,0,0,0,0,0,54000,0,0,0,287000,233000,54000,54000
058794,旺宏元大99購09  ,0,0,0,0,0,0,0,0,0,54000,0,0,0,174000,120000,54000,54000
058769,友達兆豐99購01  ,0,0,0,0,0,0,0,0,0,54000,0,0,0,185000,131000,54000,54000
03129P,台光電統一01售06,0,0,0,0,0,0,0,0,0,54000,0,0,0,54000,0,54000,54000
063262,南六富邦9C購01  ,0,0,0,0,0,0,0,0,0,54000,0,0,0,422000,368000,54000,54000
063230,緯穎群益9B購02  ,0,0,0,0,0,0,0,0,0,54000,0,0,0,74000,20000,54000,54000
062574,美食群益9B購02  ,0,0,0,0,0,0,0,0,0,54000,0,0,0,92000,38000,54000,54000
063539,世紀鋼統一9B購02,0,0,0,0,0,0,0,0,0,54000,0,0,0,209000,155000,54000,54000
065238,聯茂凱基02購01  ,0,0,0,0,0,0,0,0,0,54000,0,0,0,54000,0,54000,54000
063132,台表科元大9C購02,0,0,0,0,0,0,0,0,0,54000,0,0,0,166000,112000,54000,54000
062066,元黃金元大9B購01,0,0,0,0,0,0,0,0,0,54000,0,0,0,54000,0,54000,54000
067415,大成凱基01購01  ,0,0,0,0,0,0,0,0,0,54000,0,0,0,59000,5000,54000,54000
067959,嘉聯益永豐01購01,0,0,0,0,0,0,0,0,0,54000,0,0,0,198000,144000,54000,54000
067739,微星元大01購07  ,0,0,0,0,0,0,0,0,0,54000,0,0,0,236000,182000,54000,54000
068102,晶豪科永豐01購01,0,0,0,0,0,0,0,0,0,54000,0,0,0,54000,0,54000,54000
066282,鎧勝元大01購01  ,0,0,0,0,0,0,0,0,0,54000,0,0,0,768000,714000,54000,54000
066225,松翰國泰03購01  ,0,0,0,0,0,0,0,0,0,54000,0,0,0,60000,6000,54000,54000
066169,晶豪科凱基01購01,0,0,0,0,0,0,0,0,0,54000,0,0,0,60000,6000,54000,54000
064220,力山國票01購01  ,0,0,0,0,0,0,0,0,0,53000,0,0,0,114000,61000,53000,53000
08563P,金像電元富9C售03,0,0,0,0,0,0,0,0,0,53000,0,0,0,156000,103000,53000,53000
08647P,鴻海凱基9C售06  ,0,0,0,0,0,0,0,0,0,53000,0,0,0,70000,17000,53000,53000
07708P,玉晶光元大9A售13,0,0,0,0,0,0,0,0,0,53000,0,0,0,73000,20000,53000,53000
03151P,聯發科群益01售14,0,0,0,0,0,0,0,0,0,53000,0,0,0,60000,7000,53000,53000
057103,禾伸堂中信9A購01,0,0,0,0,0,0,0,0,0,53000,0,0,0,65000,12000,53000,53000
057959,欣興元大98購14  ,0,0,0,0,0,0,0,0,0,53000,0,0,0,78000,25000,53000,53000
060305,得力永豐9A購01  ,0,0,0,0,0,0,0,0,0,53000,0,0,0,174000,121000,53000,53000
062044,健策凱基9B購02  ,0,0,0,0,0,0,0,0,0,53000,0,0,0,96000,43000,53000,53000
061418,世紀鋼群益9A購02,0,0,0,0,0,0,0,0,0,53000,0,0,0,197000,144000,53000,53000
062106,華邦電國票9B購02,0,0,0,0,0,0,0,0,0,53000,0,0,0,256000,203000,53000,53000
065533,台光電統一02購03,0,0,0,0,0,0,0,0,0,53000,0,0,0,100000,47000,53000,53000
063793,和大凱基9C購01  ,0,0,0,0,0,0,0,0,0,53000,0,0,0,53000,0,53000,53000
066509,南亞永豐01購01  ,0,0,0,0,0,0,0,0,0,53000,0,0,0,58000,5000,53000,53000
067186,晶豪科凱基01購02,0,0,0,0,0,0,0,0,0,53000,0,0,0,60000,7000,53000,53000
3530,晶相光          ,114000,55000,59000,0,0,0,0,0,0,-6000,0,1000,-1000,0,5000,-5000,53000
07509P,牧德國票9A售03  ,0,0,0,0,0,0,0,0,0,52000,0,0,0,52000,0,52000,52000
068496,景碩元大01購04  ,0,0,0,0,0,0,0,0,0,52000,0,0,0,269000,217000,52000,52000
08645P,臺股指中信03售01,0,0,0,0,0,0,0,0,0,52000,0,0,0,94000,42000,52000,52000
064033,茂林元大9C購02  ,0,0,0,0,0,0,0,0,0,52000,0,0,0,185000,133000,52000,52000
064325,亞德客元大9C購01,0,0,0,0,0,0,0,0,0,52000,0,0,0,116000,64000,52000,52000
062253,燿華元大9B購02  ,0,0,0,0,0,0,0,0,0,52000,0,0,0,52000,0,52000,52000
03123P,台積電元大01售45,0,0,0,0,0,0,0,0,0,52000,0,0,0,52000,0,52000,52000
061604,台光電凱基9B購01,0,0,0,0,0,0,0,0,0,52000,0,0,0,52000,0,52000,52000
061839,華新科凱基05購04,0,0,0,0,0,0,0,0,0,52000,0,0,0,52000,0,52000,52000
065578,台郡群益9C購02  ,0,0,0,0,0,0,0,0,0,52000,0,0,0,55000,3000,52000,52000
063027,台汽電元大9B購01,0,0,0,0,0,0,0,0,0,52000,0,0,0,100000,48000,52000,52000
067253,精元國票01購01  ,0,0,0,0,0,0,0,0,0,52000,0,0,0,118000,66000,52000,52000
067117,健策群益01購09  ,0,0,0,0,0,0,0,0,0,52000,0,0,0,79000,27000,52000,52000
067846,大立光元富01購01,0,0,0,0,0,0,0,0,0,52000,0,0,0,52000,0,52000,52000
066426,台勝科元大01購02,0,0,0,0,0,0,0,0,0,52000,0,0,0,52000,0,52000,52000
066912,盛群凱基01購01  ,0,0,0,0,0,0,0,0,0,52000,0,0,0,102000,50000,52000,52000
066798,燿華凱基02購02  ,0,0,0,0,0,0,0,0,0,52000,0,0,0,72000,20000,52000,52000
066126,南港群益01購01  ,0,0,0,0,0,0,0,0,0,52000,0,0,0,52000,0,52000,52000
065733,茂林凱基9C購03  ,0,0,0,0,0,0,0,0,0,52000,0,0,0,305000,253000,52000,52000
065780,國巨富邦03購02  ,0,0,0,0,0,0,0,0,0,52000,0,0,0,52000,0,52000,52000
064580,統一永豐9C購01  ,0,0,0,0,0,0,0,0,0,51000,0,0,0,51000,0,51000,51000
03195P,台積電元富07售14,0,0,0,0,0,0,0,0,0,51000,0,0,0,51000,0,51000,51000
03421B,臺股指元大99熊01,0,0,0,0,0,0,0,0,0,51000,0,0,0,137000,86000,51000,51000
03064X,元展59          ,0,0,0,0,0,0,0,0,0,51000,0,0,0,100000,49000,51000,51000
058270,上緯控永豐99購01,0,0,0,0,0,0,0,0,0,51000,0,0,0,136000,85000,51000,51000
061452,大成鋼凱基9A購01,0,0,0,0,0,0,0,0,0,51000,0,0,0,51000,0,51000,51000
065456,義隆元富9C購03  ,0,0,0,0,0,0,0,0,0,51000,0,0,0,172000,121000,51000,51000
065718,健策中信9C購02  ,0,0,0,0,0,0,0,0,0,51000,0,0,0,63000,12000,51000,51000
065895,台勝科統一02購01,0,0,0,0,0,0,0,0,0,51000,0,0,0,51000,0,51000,51000
066098,華碩中信02購01  ,0,0,0,0,0,0,0,0,0,51000,0,0,0,119000,68000,51000,51000
066091,南電永豐01購01  ,0,0,0,0,0,0,0,0,0,51000,0,0,0,110000,59000,51000,51000
066311,生達永豐01購01  ,0,0,0,0,0,0,0,0,0,51000,0,0,0,51000,0,51000,51000
6155,鈞寶            ,90000,33000,57000,0,0,0,0,0,0,-6000,0,6000,-6000,0,0,0,51000
6558,興能高          ,85000,33000,52000,0,0,0,0,0,0,-1000,0,1000,-1000,0,0,0,51000
064556,華通群益02購02  ,0,0,0,0,0,0,0,0,0,50000,0,0,0,57000,7000,50000,50000
064482,微星永豐9C購01  ,0,0,0,0,0,0,0,0,0,50000,0,0,0,74000,24000,50000,50000
08334P,智邦永豐9C售01  ,0,0,0,0,0,0,0,0,0,50000,0,0,0,50000,0,50000,50000
08459P,聯發科兆豐9C售04,0,0,0,0,0,0,0,0,0,50000,0,0,0,50000,0,50000,50000
08866P,旭富元大01售01  ,0,0,0,0,0,0,0,0,0,50000,0,0,0,50000,0,50000,50000
08756P,台灣50元大01售18,0,0,0,0,0,0,0,0,0,50000,0,0,0,50000,0,50000,50000
08953P,大立光元富07售02,0,0,0,0,0,0,0,0,0,50000,0,0,0,50000,0,50000,50000
08935P,鴻海元大01售19  ,0,0,0,0,0,0,0,0,0,50000,0,0,0,50000,0,50000,50000
08944P,臺股指國票01售01,0,0,0,0,0,0,0,0,0,50000,0,0,0,100000,50000,50000,50000
068574,GIS元大01購08   ,0,0,0,0,0,0,0,0,0,50000,0,0,0,625000,575000,50000,50000
068428,神隆凱基03購01  ,0,0,0,0,0,0,0,0,0,50000,0,0,0,50000,0,50000,50000
07498P,台積電元大9A售09,0,0,0,0,0,0,0,0,0,50000,0,0,0,50000,0,50000,50000
07025P,玉晶光凱基99售01,0,0,0,0,0,0,0,0,0,50000,0,0,0,50000,0,50000,50000
064765,緯穎凱基9C購02  ,0,0,0,0,0,0,0,0,0,50000,0,0,0,50000,0,50000,50000
064758,可成凱基02購02  ,0,0,0,0,0,0,0,0,0,50000,0,0,0,50000,0,50000,50000
064805,金像電元大9C購04,0,0,0,0,0,0,0,0,0,50000,0,0,0,70000,20000,50000,50000
064660,華通元大9C購05  ,0,0,0,0,0,0,0,0,0,50000,0,0,0,76000,26000,50000,50000
08043P,電子類群益9B售01,0,0,0,0,0,0,0,0,0,50000,0,0,0,50000,0,50000,50000
07926P,上銀統一9B售02  ,0,0,0,0,0,0,0,0,0,50000,0,0,0,50000,0,50000,50000
07939P,台積電統一9B售14,0,0,0,0,0,0,0,0,0,50000,0,0,0,50000,0,50000,50000
08228P,華擎國票9C售01  ,0,0,0,0,0,0,0,0,0,50000,0,0,0,160000,110000,50000,50000
060636,大毅永豐9A購02  ,0,0,0,0,0,0,0,0,0,50000,0,0,0,50000,0,50000,50000
062246,力山元大9B購02  ,0,0,0,0,0,0,0,0,0,50000,0,0,0,50000,0,50000,50000
057925,貿聯凱基99購01  ,0,0,0,0,0,0,0,0,0,50000,0,0,0,50000,0,50000,50000
05793P,臺股指中信99售08,0,0,0,0,0,0,0,0,0,50000,0,0,0,50000,0,50000,50000
058770,貿聯兆豐9A購01  ,0,0,0,0,0,0,0,0,0,50000,0,0,0,70000,20000,50000,50000
058736,鈺齊永豐99購02  ,0,0,0,0,0,0,0,0,0,50000,0,0,0,50000,0,50000,50000
060251,易華電元大9C購01,0,0,0,0,0,0,0,0,0,50000,0,0,0,80000,30000,50000,50000
060275,元黃金元大9A購01,0,0,0,0,0,0,0,0,0,50000,0,0,0,50000,0,50000,50000
060385,台勝科凱基9A購01,0,0,0,0,0,0,0,0,0,50000,0,0,0,50000,0,50000,50000
059327,南茂元大99購01  ,0,0,0,0,0,0,0,0,0,50000,0,0,0,60000,10000,50000,50000
058632,世紀鋼國票9A購01,0,0,0,0,0,0,0,0,0,50000,0,0,0,51000,1000,50000,50000
059880,世紀鋼凱基99購02,0,0,0,0,0,0,0,0,0,50000,0,0,0,80000,30000,50000,50000
059121,瑞儀永豐99購01  ,0,0,0,0,0,0,0,0,0,50000,0,0,0,50000,0,50000,50000
059919,宏達電元大99購06,0,0,0,0,0,0,0,0,0,50000,0,0,0,78000,28000,50000,50000
03052P,台灣50第一01售01,0,0,0,0,0,0,0,0,0,50000,0,0,0,50000,0,50000,50000
052871,群創凱基98購07  ,0,0,0,0,0,0,0,0,0,50000,0,0,0,50000,0,50000,50000
00737,國泰AI+Robo     ,0,6000,-6000,0,0,0,0,0,0,56000,0,0,0,121000,65000,56000,50000
03192P,台積電國泰03售05,0,0,0,0,0,0,0,0,0,50000,0,0,0,70000,20000,50000,50000
03083P,鴻海元大01售22  ,0,0,0,0,0,0,0,0,0,50000,0,0,0,50000,0,50000,50000
057126,台積電凱基99購03,0,0,0,0,0,0,0,0,0,50000,0,0,0,50000,0,50000,50000
055736,宏達電元富99購01,0,0,0,0,0,0,0,0,0,50000,0,0,0,50000,0,50000,50000
055249,大毅統一99購01  ,0,0,0,0,0,0,0,0,0,50000,0,0,0,50000,0,50000,50000
059650,緯穎凱基99購04  ,0,0,0,0,0,0,0,0,0,50000,0,0,0,50000,0,50000,50000
058435,旺宏統一9B購02  ,0,0,0,0,0,0,0,0,0,50000,0,0,0,50000,0,50000,50000
056699,光罩國泰99購01  ,0,0,0,0,0,0,0,0,0,50000,0,0,0,194000,144000,50000,50000
056747,致新凱基99購01  ,0,0,0,0,0,0,0,0,0,50000,0,0,0,60000,10000,50000,50000
065509,上銀群益9C購04  ,0,0,0,0,0,0,0,0,0,50000,0,0,0,70000,20000,50000,50000
062143,大成鋼國票9B購01,0,0,0,0,0,0,0,0,0,50000,0,0,0,60000,10000,50000,50000
060436,巨大永豐9A購01  ,0,0,0,0,0,0,0,0,0,50000,0,0,0,50000,0,50000,50000
060428,瑞祺永豐9A購01  ,0,0,0,0,0,0,0,0,0,50000,0,0,0,100000,50000,50000,50000
065174,華新科元大02購02,0,0,0,0,0,0,0,0,0,50000,0,0,0,50000,0,50000,50000
060604,宏達電凱基9B購01,0,0,0,0,0,0,0,0,0,50000,0,0,0,92000,42000,50000,50000
060509,宏達電元大9A購02,0,0,0,0,0,0,0,0,0,50000,0,0,0,52000,2000,50000,50000
061265,富邦金凱基9B購01,0,0,0,0,0,0,0,0,0,50000,0,0,0,50000,0,50000,50000
061331,T50反1元大9A購15,0,0,0,0,0,0,0,0,0,50000,0,0,0,50000,0,50000,50000
06340P,鴻海統一98售06  ,0,0,0,0,0,0,0,0,0,50000,0,0,0,50000,0,50000,50000
063425,台勝科凱基9B購02,0,0,0,0,0,0,0,0,0,50000,0,0,0,50000,0,50000,50000
063035,燿華凱基9B購02  ,0,0,0,0,0,0,0,0,0,50000,0,0,0,50000,0,50000,50000
060981,旺宏元大9A購08  ,0,0,0,0,0,0,0,0,0,50000,0,0,0,50000,0,50000,50000
061660,禾伸堂永豐9A購01,0,0,0,0,0,0,0,0,0,50000,0,0,0,60000,10000,50000,50000
062565,漢唐中信9C購01  ,0,0,0,0,0,0,0,0,0,50000,0,0,0,70000,20000,50000,50000
062780,旺宏元大01購01  ,0,0,0,0,0,0,0,0,0,50000,0,0,0,53000,3000,50000,50000
063237,微星元大9B購02  ,0,0,0,0,0,0,0,0,0,50000,0,0,0,50000,0,50000,50000
062432,上銀元大9B購04  ,0,0,0,0,0,0,0,0,0,50000,0,0,0,50000,0,50000,50000
061650,南電元大9A購07  ,0,0,0,0,0,0,0,0,0,50000,0,0,0,51000,1000,50000,50000
063691,聯鈞永豐9B購01  ,0,0,0,0,0,0,0,0,0,50000,0,0,0,50000,0,50000,50000
063713,麗豐凱基9B購01  ,0,0,0,0,0,0,0,0,0,50000,0,0,0,175000,125000,50000,50000
063695,上銀第一9B購01  ,0,0,0,0,0,0,0,0,0,50000,0,0,0,50000,0,50000,50000
063938,上銀元大9C購03  ,0,0,0,0,0,0,0,0,0,50000,0,0,0,50000,0,50000,50000
063913,貿聯凱基02購01  ,0,0,0,0,0,0,0,0,0,50000,0,0,0,50000,0,50000,50000
063614,美食群益9B購03  ,0,0,0,0,0,0,0,0,0,50000,0,0,0,50000,0,50000,50000
066371,同欣電中信05購01,0,0,0,0,0,0,0,0,0,50000,0,0,0,50000,0,50000,50000
066473,大成鋼麥證01購01,0,0,0,50000,0,50000,0,0,0,50000,0,0,0,50000,0,50000,50000
066915,訊芯凱基02購01  ,0,0,0,0,0,0,0,0,0,50000,0,0,0,50000,0,50000,50000
065987,大毅永豐01購01  ,0,0,0,0,0,0,0,0,0,50000,0,0,0,50000,0,50000,50000
066246,中化元大01購01  ,0,0,0,0,0,0,0,0,0,50000,0,0,0,100000,50000,50000,50000
065772,道瓊反國票01購02,0,0,0,0,0,0,0,0,0,50000,0,0,0,50000,0,50000,50000
065696,旺宏群益9C購06  ,0,0,0,0,0,0,0,0,0,50000,0,0,0,86000,36000,50000,50000
067669,金像電元大02購03,0,0,0,0,0,0,0,0,0,50000,0,0,0,166000,116000,50000,50000
068075,欣興凱基01購04  ,0,0,0,0,0,0,0,0,0,50000,0,0,0,375000,325000,50000,50000
067135,聯詠永豐01購02  ,0,0,0,0,0,0,0,0,0,50000,0,0,0,234000,184000,50000,50000
067171,聯發科麥證01購08,0,0,0,0,0,0,0,0,0,50000,0,0,0,50000,0,50000,50000
067385,申豐統一02購04  ,0,0,0,0,0,0,0,0,0,50000,0,0,0,93000,43000,50000,50000
1536,和大            ,932000,756000,176000,0,0,0,0,100000,-100000,-26000,6000,6000,0,9000,35000,-26000,50000
064936,世紀鋼統一9C購02,0,0,0,0,0,0,0,0,0,49000,0,0,0,49000,0,49000,49000
064105,南茂群益9C購01  ,0,0,0,0,0,0,0,0,0,49000,0,0,0,66000,17000,49000,49000
059862,全新群益99購04  ,0,0,0,0,0,0,0,0,0,49000,0,0,0,98000,49000,49000,49000
060208,卜蜂康和9A購01  ,0,0,0,0,0,0,0,0,0,49000,0,0,0,49000,0,49000,49000
057662,上銀元大9A購01  ,0,0,0,0,0,0,0,0,0,49000,0,0,0,50000,1000,49000,49000
058850,華新科群益99購03,0,0,0,0,0,0,0,0,0,49000,0,0,0,74000,25000,49000,49000
063528,元大金凱基9B購01,0,0,0,0,0,0,0,0,0,49000,0,0,0,84000,35000,49000,49000
063567,漢唐元大9B購03  ,0,0,0,0,0,0,0,0,0,49000,0,0,0,101000,52000,49000,49000
060788,嘉晶富邦9B購01  ,0,0,0,0,0,0,0,0,0,49000,0,0,0,150000,101000,49000,49000
063433,臻鼎元富9B購01  ,0,0,0,0,0,0,0,0,0,49000,0,0,0,146000,97000,49000,49000
061599,元金反中信9C購01,0,0,0,0,0,0,0,0,0,49000,0,0,0,120000,71000,49000,49000
060926,宏達電永豐9A購01,0,0,0,0,0,0,0,0,0,49000,0,0,0,51000,2000,49000,49000
061232,和大元大9A購03  ,0,0,0,0,0,0,0,0,0,49000,0,0,0,73000,24000,49000,49000
061105,宏達電元大9A購04,0,0,0,0,0,0,0,0,0,49000,0,0,0,53000,4000,49000,49000
065231,宏達電凱基01購01,0,0,0,0,0,0,0,0,0,49000,0,0,0,49000,0,49000,49000
065402,漢唐國泰02購01  ,0,0,0,0,0,0,0,0,0,49000,0,0,0,49000,0,49000,49000
068069,台光電凱基01購03,0,0,0,0,0,0,0,0,0,49000,0,0,0,50000,1000,49000,49000
065615,南電元大01購03  ,0,0,0,0,0,0,0,0,0,49000,0,0,0,49000,0,49000,49000
065799,友訊群益01購03  ,0,0,0,0,0,0,0,0,0,49000,0,0,0,61000,12000,49000,49000
066720,滬深2X元大01購07,0,0,0,0,0,0,0,0,0,49000,0,0,0,64000,15000,49000,49000
2387,精元            ,828000,902000,-74000,0,0,0,224000,0,224000,-101000,2000,22000,-20000,9000,90000,-81000,49000
064384,聯電富邦01購01  ,0,0,0,0,0,0,0,0,0,48000,0,0,0,48000,0,48000,48000
064316,貿聯群益9C購02  ,0,0,0,0,0,0,0,0,0,48000,0,0,0,48000,0,48000,48000
062197,聯發科中信01購03,0,0,0,0,0,0,0,0,0,48000,0,0,0,50000,2000,48000,48000
062849,中興電永豐9B購02,0,0,0,0,0,0,0,0,0,48000,0,0,0,123000,75000,48000,48000
061507,南電國票9A購05  ,0,0,0,0,0,0,0,0,0,48000,0,0,0,60000,12000,48000,48000
03082P,鴻海元大01售21  ,0,0,0,0,0,0,0,0,0,48000,0,0,0,50000,2000,48000,48000
03175P,台積電國票03售04,0,0,0,0,0,0,0,0,0,48000,0,0,0,110000,62000,48000,48000
060552,群創凱基9B購05  ,0,0,0,0,0,0,0,0,0,48000,0,0,0,58000,10000,48000,48000
061229,緯穎中信9B購01  ,0,0,0,0,0,0,0,0,0,48000,0,0,0,48000,0,48000,48000
063121,友達元大9C購09  ,0,0,0,0,0,0,0,0,0,48000,0,0,0,98000,50000,48000,48000
061053,國巨群益9A購08  ,0,0,0,0,0,0,0,0,0,48000,0,0,0,48000,0,48000,48000
063155,緯穎元富9B購03  ,0,0,0,0,0,0,0,0,0,48000,0,0,0,48000,0,48000,48000
063299,金寶凱基9B購01  ,0,0,0,0,0,0,0,0,0,48000,0,0,0,298000,250000,48000,48000
063291,緯穎元大01購01  ,0,0,0,0,0,0,0,0,0,48000,0,0,0,130000,82000,48000,48000
066365,富邦金中信03購01,0,0,0,0,0,0,0,0,0,48000,0,0,0,48000,0,48000,48000
066389,南港凱基01購01  ,0,0,0,0,0,0,0,0,0,48000,0,0,0,50000,2000,48000,48000
066086,東元永豐01購01  ,0,0,0,0,0,0,0,0,0,48000,0,0,0,75000,27000,48000,48000
067825,南港兆豐03購01  ,0,0,0,0,0,0,0,0,0,48000,0,0,0,56000,8000,48000,48000
064347,貿聯元大9C購03  ,0,0,0,0,0,0,0,0,0,47000,0,0,0,87000,40000,47000,47000
064205,台灣50凱基01購14,0,0,0,0,0,0,0,0,0,47000,0,0,0,47000,0,47000,47000
08734P,創意康和01售02  ,0,0,0,0,0,0,0,0,0,47000,0,0,0,54000,7000,47000,47000
08211P,台表科元富9B售03,0,0,0,0,0,0,0,0,0,47000,0,0,0,133000,86000,47000,47000
07142P,台灣50元大01售01,0,0,0,0,0,0,0,0,0,47000,0,0,0,120000,73000,47000,47000
06977P,臺股指元大9A售15,0,0,0,0,0,0,0,0,0,47000,0,0,0,55000,8000,47000,47000
03095P,國巨凱基02售07  ,0,0,0,0,0,0,0,0,0,47000,0,0,0,132000,85000,47000,47000
058494,可成群益9B購01  ,0,0,0,0,0,0,0,0,0,47000,0,0,0,47000,0,47000,47000
056330,玉晶光國票99購03,0,0,0,0,0,0,0,0,0,47000,0,0,0,137000,90000,47000,47000
062234,廣達凱基9B購01  ,0,0,0,0,0,0,0,0,0,47000,0,0,0,57000,10000,47000,47000
057675,同欣電元大98購02,0,0,0,0,0,0,0,0,0,47000,0,0,0,47000,0,47000,47000
058959,南茂國票9A購01  ,0,0,0,0,0,0,0,0,0,47000,0,0,0,47000,0,47000,47000
063611,儒鴻群益9B購03  ,0,0,0,0,0,0,0,0,0,47000,0,0,0,47000,0,47000,47000
063608,力成凱基9B購03  ,0,0,0,0,0,0,0,0,0,47000,0,0,0,47000,0,47000,47000
063744,儒鴻國票9C購01  ,0,0,0,0,0,0,0,0,0,47000,0,0,0,70000,23000,47000,47000
063827,國巨國票02購01  ,0,0,0,0,0,0,0,0,0,47000,0,0,0,64000,17000,47000,47000
063120,台光電元大9C購01,0,0,0,0,0,0,0,0,0,47000,0,0,0,67000,20000,47000,47000
061243,麗豐兆豐9A購01  ,0,0,0,0,0,0,0,0,0,47000,0,0,0,47000,0,47000,47000
068200,亞光凱基01購01  ,0,0,0,0,0,0,0,0,0,47000,0,0,0,47000,0,47000,47000
067151,聯發科統一02購06,0,0,0,0,0,0,0,0,0,47000,0,0,0,57000,10000,47000,47000
066188,訊芯凱基01購01  ,0,0,0,0,0,0,0,0,0,47000,0,0,0,50000,3000,47000,47000
065948,燿華統一01購02  ,0,0,0,0,0,0,0,0,0,47000,0,0,0,57000,10000,47000,47000
065676,臻鼎凱基9C購04  ,0,0,0,0,0,0,0,0,0,47000,0,0,0,47000,0,47000,47000
9934,成霖            ,86000,39000,47000,0,0,0,0,0,0,0,3000,3000,0,0,0,0,47000
064997,T50反1國票01購04,0,0,0,0,0,0,0,0,0,46000,0,0,0,46000,0,46000,46000
061553,南電群益9A購03  ,0,0,0,0,0,0,0,0,0,46000,0,0,0,54000,8000,46000,46000
057923,晶豪科凱基98購02,0,0,0,0,0,0,0,0,0,46000,0,0,0,47000,1000,46000,46000
057567,嘉聯益富邦9A購01,0,0,0,0,0,0,0,0,0,46000,0,0,0,232000,186000,46000,46000
00739,元大MSCI A股    ,28000,19000,9000,0,0,0,0,0,0,37000,0,0,0,292000,255000,37000,46000
063102,旺宏群益9B購03  ,0,0,0,0,0,0,0,0,0,46000,0,0,0,96000,50000,46000,46000
060572,景碩永豐9A購01  ,0,0,0,0,0,0,0,0,0,46000,0,0,0,64000,18000,46000,46000
065558,嘉聯益凱基9C購02,0,0,0,0,0,0,0,0,0,46000,0,0,0,145000,99000,46000,46000
062625,華通國票9B購02  ,0,0,0,0,0,0,0,0,0,46000,0,0,0,48000,2000,46000,46000
062476,神隆國票9B購01  ,0,0,0,0,0,0,0,0,0,46000,0,0,0,67000,21000,46000,46000
065829,嘉晶凱基9C購05  ,0,0,0,0,0,0,0,0,0,46000,0,0,0,133000,87000,46000,46000
066075,景碩凱基02購01  ,0,0,0,0,0,0,0,0,0,46000,0,0,0,286000,240000,46000,46000
2231,為升            ,155000,105000,50000,0,0,0,0,0,0,-4000,1000,0,1000,0,5000,-5000,46000
1541,錩泰            ,66000,18000,48000,0,0,0,0,0,0,-2000,0,2000,-2000,0,0,0,46000
3047,訊舟            ,497000,440100,56900,0,0,0,0,0,0,-11000,0,11000,-11000,0,0,0,45900
064789,和大國票01購01  ,0,0,0,0,0,0,0,0,0,45000,0,0,0,45000,0,45000,45000
064419,鴻海兆豐9C購01  ,0,0,0,0,0,0,0,0,0,45000,0,0,0,45000,0,45000,45000
06485P,玉晶光群益9A售02,0,0,0,0,0,0,0,0,0,45000,0,0,0,113000,68000,45000,45000
07163P,臺股指群益99售14,0,0,0,0,0,0,0,0,0,45000,0,0,0,45000,0,45000,45000
07013P,玉晶光群益9A售06,0,0,0,0,0,0,0,0,0,45000,0,0,0,250000,205000,45000,45000
07360P,台積電元大99售46,0,0,0,0,0,0,0,0,0,45000,0,0,0,45000,0,45000,45000
08961P,大毅凱基01售03  ,0,0,0,0,0,0,0,0,0,45000,0,0,0,90000,45000,45000,45000
08774P,華擎凱基01售02  ,0,0,0,0,0,0,0,0,0,45000,0,0,0,105000,60000,45000,45000
064257,台勝科國泰01購01,0,0,0,0,0,0,0,0,0,45000,0,0,0,48000,3000,45000,45000
064299,宏碁兆豐9C購01  ,0,0,0,0,0,0,0,0,0,45000,0,0,0,88000,43000,45000,45000
064586,緯創永豐9C購01  ,0,0,0,0,0,0,0,0,0,45000,0,0,0,46000,1000,45000,45000
00733,富邦臺灣中小    ,0,0,0,0,0,0,0,0,0,45000,0,0,0,259000,214000,45000,45000
056829,台積電富邦9A購01,0,0,0,0,0,0,0,0,0,45000,0,0,0,55000,10000,45000,45000
056124,華通國票98購02  ,0,0,0,0,0,0,0,0,0,45000,0,0,0,55000,10000,45000,45000
062281,奇鋐群益9B購01  ,0,0,0,0,0,0,0,0,0,45000,0,0,0,51000,6000,45000,45000
059852,康控永豐99購02  ,0,0,0,0,0,0,0,0,0,45000,0,0,0,88000,43000,45000,45000
05773P,臺股指凱基99售03,0,0,0,0,0,0,0,0,0,45000,0,0,0,45000,0,45000,45000
059262,致茂中信01購01  ,0,0,0,0,0,0,0,0,0,45000,0,0,0,70000,25000,45000,45000
061764,旺宏元大9B購01  ,0,0,0,0,0,0,0,0,0,45000,0,0,0,50000,5000,45000,45000
065338,旺宏統一01購07  ,20000,0,20000,0,0,0,0,0,0,25000,0,0,0,65000,40000,25000,45000
063118,中鋼元大9C購01  ,0,0,0,0,0,0,0,0,0,45000,0,0,0,63000,18000,45000,45000
061928,群創凱基9B購06  ,0,0,0,0,0,0,0,0,0,45000,0,0,0,71000,26000,45000,45000
065627,貿聯兆豐9C購02  ,0,0,0,0,0,0,0,0,0,45000,0,0,0,45000,0,45000,45000
066723,聯電元大02購01  ,0,0,0,0,0,0,0,0,0,45000,0,0,0,45000,0,45000,45000
067975,茂林群益04購01  ,0,0,0,0,0,0,0,0,0,45000,0,0,0,263000,218000,45000,45000
067876,世紀鋼元大01購03,0,0,0,0,0,0,0,0,0,45000,0,0,0,75000,30000,45000,45000
064543,華通凱基02購02  ,0,0,0,0,0,0,0,0,0,44000,0,0,0,44000,0,44000,44000
064053,祥碩統一02購01  ,0,0,0,0,0,0,0,0,0,44000,0,0,0,44000,0,44000,44000
064266,聯茂永豐9C購01  ,0,0,0,0,0,0,0,0,0,44000,0,0,0,69000,25000,44000,44000
08715P,創意元富07售02  ,0,0,0,0,0,0,0,0,0,44000,0,0,0,164000,120000,44000,44000
068608,景碩凱基01購01  ,0,0,0,0,0,0,0,0,0,44000,0,0,0,118000,74000,44000,44000
068383,上銀統一03購01  ,0,0,0,0,0,0,0,0,0,44000,0,0,0,44000,0,44000,44000
060133,牧德群益9B購01  ,0,0,0,0,0,0,0,0,0,44000,0,0,0,44000,0,44000,44000
058900,旺宏元大99購11  ,0,0,0,0,0,0,0,0,0,44000,0,0,0,44000,0,44000,44000
058082,美律群益98購05  ,0,0,0,0,0,0,0,0,0,44000,0,0,0,49000,5000,44000,44000
058727,嘉晶富邦9A購01  ,0,0,0,0,0,0,0,0,0,44000,0,0,0,84000,40000,44000,44000
056659,泰碩元大99購01  ,0,0,0,0,0,0,0,0,0,44000,0,0,0,278000,234000,44000,44000
059699,華通凱基99購04  ,0,0,0,0,0,0,0,0,0,44000,0,0,0,44000,0,44000,44000
057307,瀚宇博兆豐99購01,0,0,0,0,0,0,0,0,0,44000,0,0,0,44000,0,44000,44000
061891,力山永豐9B購01  ,0,0,0,0,0,0,0,0,0,44000,0,0,0,44000,0,44000,44000
063163,京元電永豐9B購01,0,0,0,0,0,0,0,0,0,44000,0,0,0,44000,0,44000,44000
061142,南電統一9A購01  ,0,0,0,0,0,0,0,0,0,44000,0,0,0,62000,18000,44000,44000
063169,台汽電永豐9B購01,0,0,0,0,0,0,0,0,0,44000,0,0,0,44000,0,44000,44000
063846,智邦元大9C購01  ,0,0,0,0,0,0,0,0,0,44000,0,0,0,49000,5000,44000,44000
063639,華擎元大9C購03  ,0,0,0,0,0,0,0,0,0,44000,0,0,0,156000,112000,44000,44000
063644,祥碩元大9B購10  ,0,0,0,0,0,0,0,0,0,44000,0,0,0,58000,14000,44000,44000
066991,訊芯群益01購01  ,0,0,0,0,0,0,0,0,0,44000,0,0,0,145000,101000,44000,44000
066379,台達電康和01購01,0,0,0,0,0,0,0,0,0,44000,0,0,0,236000,192000,44000,44000
065784,正崴永豐9C購01  ,0,0,0,0,0,0,0,0,0,44000,0,0,0,46000,2000,44000,44000
056669,貿聯國票99購01  ,0,0,0,0,0,0,0,0,0,43000,0,0,0,44000,1000,43000,43000
056598,京元電元富98購01,0,0,0,0,0,0,0,0,0,43000,0,0,0,43000,0,43000,43000
058573,鴻海群益9A購02  ,0,0,0,0,0,0,0,0,0,43000,0,0,0,74000,31000,43000,43000
062602,華通麥證9C購01  ,0,0,0,43000,0,43000,0,0,0,43000,0,0,0,43000,0,43000,43000
062662,友達群益9B購02  ,0,0,0,0,0,0,0,0,0,43000,0,0,0,53000,10000,43000,43000
063431,神隆元富9B購01  ,0,0,0,0,0,0,0,0,0,43000,0,0,0,43000,0,43000,43000
065585,聯發科富邦03購02,0,0,0,0,0,0,0,0,0,43000,0,0,0,273000,230000,43000,43000
065716,道瓊反中信03購01,0,0,0,0,0,0,0,0,0,43000,0,0,0,43000,0,43000,43000
066107,惠特國票02購01  ,0,0,0,0,0,0,0,0,0,43000,0,0,0,82000,39000,43000,43000
4144,康聯-KY         ,83000,40000,43000,0,0,0,0,0,0,0,0,0,0,0,0,0,43000
1701,中化            ,206000,182000,24000,0,0,0,0,0,0,19000,21000,2000,19000,0,0,0,43000
2385,群光            ,1338632,1084000,254632,0,0,0,70000,0,70000,-282000,0,2000,-2000,0,280000,-280000,42632
08248P,旺宏群益9C售02  ,0,0,0,0,0,0,0,0,0,42000,0,0,0,42000,0,42000,42000
08435P,台積電群益9C售11,0,0,0,0,0,0,0,0,0,42000,0,0,0,42000,0,42000,42000
1409,新纖            ,117000,144000,-27000,0,0,0,0,0,0,69000,0,0,0,69000,0,69000,42000
064022,台積電元大9C購07,0,0,0,0,0,0,0,0,0,42000,0,0,0,60000,18000,42000,42000
064349,泰鼎元大9C購02  ,0,0,0,0,0,0,0,0,0,42000,0,0,0,81000,39000,42000,42000
060307,南港永豐9A購01  ,0,0,0,0,0,0,0,0,0,42000,0,0,0,42000,0,42000,42000
062935,華通凱基9C購02  ,0,0,0,0,0,0,0,0,0,42000,0,0,0,45000,3000,42000,42000
0051,元大中型100     ,5000,4000,1000,0,0,0,0,0,0,41000,0,0,0,44000,3000,41000,42000
065434,台勝科凱基01購01,0,0,0,0,0,0,0,0,0,42000,0,0,0,42000,0,42000,42000
061071,復盛凱基9A購01  ,0,0,0,0,0,0,0,0,0,42000,0,0,0,42000,0,42000,42000
061124,微星永豐9A購02  ,0,0,0,0,0,0,0,0,0,42000,0,0,0,83000,41000,42000,42000
061701,友達國票9B購02  ,0,0,0,0,0,0,0,0,0,42000,0,0,0,50000,8000,42000,42000
063976,正崴兆豐9C購01  ,0,0,0,0,0,0,0,0,0,42000,0,0,0,92000,50000,42000,42000
060721,瑞儀永豐9A購01  ,0,0,0,0,0,0,0,0,0,42000,0,0,0,73000,31000,42000,42000
064004,全新凱基01購01  ,0,0,0,0,0,0,0,0,0,42000,0,0,0,71000,29000,42000,42000
066351,關貿永豐01購01  ,0,0,0,0,0,0,0,0,0,42000,0,0,0,42000,0,42000,42000
066323,精元永豐01購01  ,0,0,0,0,0,0,0,0,0,42000,0,0,0,73000,31000,42000,42000
066775,智原富邦03購01  ,0,0,0,0,0,0,0,0,0,42000,0,0,0,42000,0,42000,42000
067099,友訊群益01購04  ,0,0,0,0,0,0,0,0,0,42000,0,0,0,42000,0,42000,42000
067444,國巨國票03購01  ,0,0,0,0,0,0,0,0,0,42000,0,0,0,42000,0,42000,42000
067791,康舒群益01購01  ,0,0,0,0,0,0,0,0,0,42000,0,0,0,97000,55000,42000,42000
1802,台玻            ,470000,354000,116000,0,0,0,0,0,0,-74000,0,74000,-74000,0,0,0,42000
3413,京鼎            ,306000,295000,11000,0,0,0,24000,0,24000,7000,1000,7000,-6000,32000,19000,13000,42000
3050,鈺德            ,51000,7000,44000,0,0,0,0,0,0,-2000,0,2000,-2000,0,0,0,42000
08698P,可成凱基01售02  ,0,0,0,0,0,0,0,0,0,41000,0,0,0,57000,16000,41000,41000
0054,元大台商50      ,0,0,0,0,0,0,0,0,0,41000,0,0,0,41000,0,41000,41000
056347,GIS凱基9A購01   ,0,0,0,0,0,0,0,0,0,41000,0,0,0,45000,4000,41000,41000
058201,華通凱基9A購01  ,0,0,0,0,0,0,0,0,0,41000,0,0,0,41000,0,41000,41000
063591,麗豐永豐9B購02  ,0,0,0,0,0,0,0,0,0,41000,0,0,0,41000,0,41000,41000
063594,上銀中信9C購01  ,0,0,0,0,0,0,0,0,0,41000,0,0,0,41000,0,41000,41000
061731,旺宏統一9B購06  ,0,0,0,0,0,0,0,0,0,41000,0,0,0,41000,0,41000,41000
061820,康控群益9B購02  ,0,0,0,0,0,0,0,0,0,41000,0,0,0,141000,100000,41000,41000
063341,燿華統一9C購01  ,0,0,0,0,0,0,0,0,0,41000,0,0,0,51000,10000,41000,41000
067436,訊連凱基01購01  ,0,0,0,0,0,0,0,0,0,41000,0,0,0,51000,10000,41000,41000
06742P,可成富邦99售02  ,0,0,0,0,0,0,0,0,0,41000,0,0,0,41000,0,41000,41000
067320,訊連元大01購01  ,0,0,0,0,0,0,0,0,0,41000,0,0,0,120000,79000,41000,41000
067256,新唐國票02購01  ,0,0,0,0,0,0,0,0,0,41000,0,0,0,84000,43000,41000,41000
066897,京元電康和01購01,0,0,0,0,0,0,0,0,0,41000,0,0,0,41000,0,41000,41000
066128,台積電群益02購01,0,0,0,0,0,0,0,0,0,41000,0,0,0,41000,0,41000,41000
08683P,大立光凱基02售03,0,0,0,0,0,0,0,0,0,40000,0,0,0,40000,0,40000,40000
08585P,台表科群益9C售04,0,0,0,0,0,0,0,0,0,40000,0,0,0,40000,0,40000,40000
08574P,聯發科凱基02售04,0,0,0,0,0,0,0,0,0,40000,0,0,0,40000,0,40000,40000
08627P,臺股指群益9C售22,0,0,0,0,0,0,0,0,0,40000,0,0,0,40000,0,40000,40000
08346P,大立光元大9C售15,0,0,0,0,0,0,0,0,0,40000,0,0,0,60000,20000,40000,40000
08371P,京元電凱基9C售01,0,0,0,0,0,0,0,0,0,40000,0,0,0,50000,10000,40000,40000
08934P,鴻海元大01售18  ,0,0,0,0,0,0,0,0,0,40000,0,0,0,40000,0,40000,40000
08304P,大立光中信02售01,0,0,0,0,0,0,0,0,0,40000,0,0,0,50000,10000,40000,40000
065135,和大凱基01購01  ,0,0,0,0,0,0,0,0,0,40000,0,0,0,50000,10000,40000,40000
065086,可成元大01購04  ,0,0,0,0,0,0,0,0,0,40000,0,0,0,54000,14000,40000,40000
08187P,大毅群益9B售04  ,0,0,0,0,0,0,0,0,0,40000,0,0,0,40000,0,40000,40000
07879P,瑞昱群益9C售01  ,0,0,0,0,0,0,0,0,0,40000,0,0,0,100000,60000,40000,40000
064796,緯穎國票01購01  ,0,0,0,0,0,0,0,0,0,40000,0,0,0,101000,61000,40000,40000
06912P,台光電元大99售02,0,0,0,0,0,0,0,0,0,40000,0,0,0,40000,0,40000,40000
07065P,臺股指元大9A售26,0,0,0,0,0,0,0,0,0,40000,0,0,0,90000,50000,40000,40000
058763,和碩群益99購01  ,0,0,0,0,0,0,0,0,0,40000,0,0,0,57000,17000,40000,40000
057618,台光電凱基99購01,0,0,0,0,0,0,0,0,0,40000,0,0,0,50000,10000,40000,40000
060706,群創富邦9A購01  ,0,0,0,0,0,0,0,0,0,40000,0,0,0,40000,0,40000,40000
060673,旺宏元大9A購04  ,0,0,0,0,0,0,0,0,0,40000,0,0,0,50000,10000,40000,40000
058947,SGBR2X群益9B購02,0,0,0,0,0,0,0,0,0,40000,0,0,0,50000,10000,40000,40000
055265,玉晶光永豐98購03,0,0,0,0,0,0,0,0,0,40000,0,0,0,40000,0,40000,40000
055290,玉晶光元大98購08,0,0,0,0,0,0,0,0,0,40000,0,0,0,40000,0,40000,40000
055294,智易元大98購01  ,0,0,0,0,0,0,0,0,0,40000,0,0,0,40000,0,40000,40000
053770,元金2X元大98購01,0,0,0,0,0,0,0,0,0,40000,0,0,0,40000,0,40000,40000
056599,臻鼎元富98購01  ,0,0,0,0,0,0,0,0,0,40000,0,0,0,40000,0,40000,40000
056734,國巨凱基99購01  ,0,0,0,0,0,0,0,0,0,40000,0,0,0,40000,0,40000,40000
051277,聯發科中信9A購01,0,0,0,0,0,0,0,0,0,40000,0,0,0,40000,0,40000,40000
057041,國巨元大99購04  ,0,0,0,0,0,0,0,0,0,40000,0,0,0,163000,123000,40000,40000
03012X,元展12          ,0,0,0,0,0,0,0,0,0,40000,0,0,0,40000,0,40000,40000
03091P,臺股指元大01售20,0,0,0,0,0,0,0,0,0,40000,0,0,0,60000,20000,40000,40000
062292,旭富永豐9B購01  ,0,0,0,0,0,0,0,0,0,40000,0,0,0,40000,0,40000,40000
062437,廣達元大9B購01  ,0,0,0,0,0,0,0,0,0,40000,0,0,0,40000,0,40000,40000
061697,世紀鋼群益9A購03,0,0,0,0,0,0,0,0,0,40000,0,0,0,50000,10000,40000,40000
061730,旺宏統一01購02  ,0,0,0,0,0,0,0,0,0,40000,0,0,0,40000,0,40000,40000
062464,T50反1凱基9C購03,0,0,0,0,0,0,0,0,0,40000,0,0,0,40000,0,40000,40000
062728,健策凱基9B購04  ,0,0,0,0,0,0,0,0,0,40000,0,0,0,51000,11000,40000,40000
063563,國巨元大9C購07  ,0,0,0,0,0,0,0,0,0,40000,0,0,0,40000,0,40000,40000
063441,台達電統一9C購01,0,0,0,0,0,0,0,0,0,40000,0,0,0,40000,0,40000,40000
060763,聯鈞元大9A購03  ,0,0,0,0,0,0,0,0,0,40000,0,0,0,40000,0,40000,40000
061286,大立光統一9A購05,0,0,0,0,0,0,0,0,0,40000,0,0,0,40000,0,40000,40000
061392,泰鼎群益9A購02  ,0,0,0,0,0,0,0,0,0,40000,0,0,0,40000,0,40000,40000
063143,嘉澤統一9B購02  ,0,0,0,0,0,0,0,0,0,40000,0,0,0,40000,0,40000,40000
062073,國巨元大9B購06  ,0,0,0,0,0,0,0,0,0,40000,0,0,0,40000,0,40000,40000
065251,宏達電國泰02購01,0,0,0,0,0,0,0,0,0,40000,0,0,0,121000,81000,40000,40000
066191,惠特凱基01購02  ,0,0,0,0,0,0,0,0,0,40000,0,0,0,50000,10000,40000,40000
065715,勤誠群益9C購01  ,0,0,0,0,0,0,0,0,0,40000,0,0,0,40000,0,40000,40000
066902,台泥凱基01購01  ,0,0,0,0,0,0,0,0,0,40000,0,0,0,56000,16000,40000,40000
06631P,玉晶光群益9A售03,0,0,0,0,0,0,0,0,0,40000,0,0,0,190000,150000,40000,40000
068115,玉山金元富07購01,0,0,0,0,0,0,0,0,0,40000,0,0,0,40000,0,40000,40000
3022,威強電          ,104000,53000,51000,0,0,0,0,0,0,-11000,0,11000,-11000,0,0,0,40000
1906,寶隆            ,51000,11000,40000,0,0,0,0,0,0,0,0,0,0,0,0,0,40000
6142,友勁            ,81000,21000,60000,0,0,0,0,0,0,-20000,0,20000,-20000,0,0,0,40000
068339,GIS元大01購05   ,0,0,0,0,0,0,0,0,0,39000,0,0,0,200000,161000,39000,39000
064865,美律永豐9C購02  ,0,0,0,0,0,0,0,0,0,39000,0,0,0,73000,34000,39000,39000
1304,台聚            ,272000,247000,25000,0,0,0,0,0,0,14000,17000,3000,14000,0,0,0,39000
055787,聯茂凱基99購01  ,0,0,0,0,0,0,0,0,0,39000,0,0,0,60000,21000,39000,39000
058973,麗豐永豐99購01  ,0,0,0,0,0,0,0,0,0,39000,0,0,0,64000,25000,39000,39000
060061,旺宏兆豐99購02  ,0,0,0,0,0,0,0,0,0,39000,0,0,0,49000,10000,39000,39000
058033,景碩永豐98購02  ,0,0,0,0,0,0,0,0,0,39000,0,0,0,66000,27000,39000,39000
058122,美律國票9A購01  ,0,0,0,0,0,0,0,0,0,39000,0,0,0,80000,41000,39000,39000
065368,技嘉元大9C購04  ,0,0,0,0,0,0,0,0,0,39000,0,0,0,40000,1000,39000,39000
061003,南亞科兆豐9A購01,0,0,0,0,0,0,0,0,0,39000,0,0,0,39000,0,39000,39000
061075,亞德客兆豐9A購01,0,0,0,0,0,0,0,0,0,39000,0,0,0,39000,0,39000,39000
063630,智邦元大9B購09  ,0,0,0,0,0,0,0,0,0,39000,0,0,0,189000,150000,39000,39000
06813P,友訊元富98售03  ,0,0,0,0,0,0,0,0,0,39000,0,0,0,39000,0,39000,39000
067719,旺宏凱基01購03  ,0,0,0,0,0,0,0,0,0,39000,0,0,0,60000,21000,39000,39000
067081,華擎元大01購05  ,0,0,0,0,0,0,0,0,0,39000,0,0,0,79000,40000,39000,39000
067311,欣興元大01購06  ,0,0,0,0,0,0,0,0,0,39000,0,0,0,116000,77000,39000,39000
066664,嘉晶凱基02購01  ,0,0,0,0,0,0,0,0,0,39000,0,0,0,71000,32000,39000,39000
065886,中磊元富9C購01  ,0,0,0,0,0,0,0,0,0,39000,0,0,0,69000,30000,39000,39000
066231,友訊富邦02購01  ,0,0,0,0,0,0,0,0,0,39000,0,0,0,54000,15000,39000,39000
3515,華擎            ,316000,279000,37000,0,0,0,0,0,0,2000,1000,2000,-1000,14000,11000,3000,39000
064285,貿聯元大9C購02  ,0,0,0,0,0,0,0,0,0,38000,0,0,0,40000,2000,38000,38000
064240,群創統一02購02  ,0,0,0,0,0,0,0,0,0,38000,0,0,0,390000,352000,38000,38000
064080,宏達電中信06購01,0,0,0,0,0,0,0,0,0,38000,0,0,0,148000,110000,38000,38000
08213P,台光電統一9B售03,0,0,0,0,0,0,0,0,0,38000,0,0,0,48000,10000,38000,38000
08234P,華擎元富9B售03  ,0,0,0,0,0,0,0,0,0,38000,0,0,0,88000,50000,38000,38000
07314P,T50正2元大9C售03,0,0,0,0,0,0,0,0,0,38000,0,0,0,38000,0,38000,38000
07359P,台積電元大99售45,0,0,0,0,0,0,0,0,0,38000,0,0,0,38000,0,38000,38000
061508,南六國泰9C購02  ,0,0,0,0,0,0,0,0,0,38000,0,0,0,62000,24000,38000,38000
062233,神隆凱基9B購01  ,0,0,0,0,0,0,0,0,0,38000,0,0,0,50000,12000,38000,38000
059871,義隆凱基99購03  ,0,0,0,0,0,0,0,0,0,38000,0,0,0,60000,22000,38000,38000
059923,緯穎元大99購09  ,0,0,0,0,0,0,0,0,0,38000,0,0,0,62000,24000,38000,38000
059039,致伸群益99購01  ,0,0,0,0,0,0,0,0,0,38000,0,0,0,93000,55000,38000,38000
056095,臻鼎元富9A購01  ,0,0,0,0,0,0,0,0,0,38000,0,0,0,38000,0,38000,38000
03066P,台積電群益01售19,0,0,0,0,0,0,0,0,0,38000,0,0,0,38000,0,38000,38000
063527,美食凱基01購01  ,0,0,0,0,0,0,0,0,0,38000,0,0,0,38000,0,38000,38000
063326,正隆國票9B購01  ,0,0,0,0,0,0,0,0,0,38000,0,0,0,38000,0,38000,38000
065270,TPK元大01購01   ,0,0,0,0,0,0,0,0,0,38000,0,0,0,38000,0,38000,38000
066192,嘉基凱基01購01  ,0,0,0,0,0,0,0,0,0,38000,0,0,0,38000,0,38000,38000
066073,奇鋐凱基01購01  ,0,0,0,0,0,0,0,0,0,38000,0,0,0,42000,4000,38000,38000
066033,南六群益02購01  ,0,0,0,0,0,0,0,0,0,38000,0,0,0,41000,3000,38000,38000
066687,國巨元富07購05  ,0,0,0,0,0,0,0,0,0,38000,0,0,0,80000,42000,38000,38000
067261,樺漢國票02購01  ,0,0,0,0,0,0,0,0,0,38000,0,0,0,38000,0,38000,38000
067270,精成科永豐01購01,0,0,0,0,0,0,0,0,0,38000,0,0,0,125000,87000,38000,38000
067155,健策統一02購01  ,0,0,0,0,0,0,0,0,0,38000,0,0,0,99000,61000,38000,38000
067147,台積電統一04購01,0,0,0,0,0,0,0,0,0,38000,0,0,0,38000,0,38000,38000
067160,燿華國票03購01  ,0,0,0,0,0,0,0,0,0,38000,0,0,0,47000,9000,38000,38000
3311,閎暉            ,34000,0,34000,0,0,0,0,0,0,4000,5000,1000,4000,0,0,0,38000
4766,南寶            ,44000,6000,38000,0,0,0,0,0,0,0,0,0,0,0,0,0,38000
064751,亞德客凱基9C購02,0,0,0,0,0,0,0,0,0,37000,0,0,0,89000,52000,37000,37000
064746,貿聯國票01購02  ,0,0,0,0,0,0,0,0,0,37000,0,0,0,69000,32000,37000,37000
08300P,世芯國票01售01  ,0,0,0,0,0,0,0,0,0,37000,0,0,0,279000,242000,37000,37000
08276P,可成元富9C售02  ,0,0,0,0,0,0,0,0,0,37000,0,0,0,191000,154000,37000,37000
064527,裕隆中信01購01  ,0,0,0,0,0,0,0,0,0,37000,0,0,0,350000,313000,37000,37000
064203,康控兆豐9C購02  ,0,0,0,0,0,0,0,0,0,37000,0,0,0,47000,10000,37000,37000
08880P,全新凱基01售02  ,0,0,0,0,0,0,0,0,0,37000,0,0,0,60000,23000,37000,37000
08628P,微星中信9C售01  ,0,0,0,0,0,0,0,0,0,37000,0,0,0,67000,30000,37000,37000
057411,臺股指群益99購05,0,0,0,0,0,0,0,0,0,37000,0,0,0,39000,2000,37000,37000
057152,緯穎國票99購03  ,0,0,0,0,0,0,0,0,0,37000,0,0,0,37000,0,37000,37000
057438,禾伸堂國票99購01,0,0,0,0,0,0,0,0,0,37000,0,0,0,38000,1000,37000,37000
065182,南電元大9C購05  ,0,0,0,0,0,0,0,0,0,37000,0,0,0,37000,0,37000,37000
060934,台汽電永豐9A購02,0,0,0,0,0,0,0,0,0,37000,0,0,0,37000,0,37000,37000
062485,華通國泰01購01  ,0,0,0,0,0,0,0,0,0,37000,0,0,0,113000,76000,37000,37000
061695,群創群益9A購01  ,0,0,0,0,0,0,0,0,0,37000,0,0,0,47000,10000,37000,37000
063903,國巨麥證01購01  ,0,0,0,67000,30000,37000,0,0,0,37000,0,0,0,67000,30000,37000,37000
063782,致新永豐9B購02  ,0,0,0,0,0,0,0,0,0,37000,0,0,0,86000,49000,37000,37000
060835,亞德客國票9A購01,0,0,0,0,0,0,0,0,0,37000,0,0,0,57000,20000,37000,37000
067384,南六統一01購03  ,0,0,0,0,0,0,0,0,0,37000,0,0,0,376000,339000,37000,37000
068147,台積電元大02購06,0,0,0,0,0,0,0,0,0,37000,0,0,0,38000,1000,37000,37000
066948,聯發科元大01購16,0,0,0,0,0,0,0,0,0,37000,0,0,0,262000,225000,37000,37000
065892,聯發科統一02購04,0,0,0,0,0,0,0,0,0,37000,0,0,0,37000,0,37000,37000
065909,大立光永豐9C購02,0,0,0,0,0,0,0,0,0,37000,0,0,0,47000,10000,37000,37000
2634,漢翔            ,187000,137000,50000,0,0,0,0,0,0,-13000,0,17000,-17000,4000,0,4000,37000
2430,燦坤            ,38000,1000,37000,0,0,0,0,0,0,0,0,0,0,0,0,0,37000
08811P,鴻海群益01售08  ,0,0,0,0,0,0,0,0,0,36000,0,0,0,46000,10000,36000,36000
064135,復盛元大9C購01  ,0,0,0,0,0,0,0,0,0,36000,0,0,0,80000,44000,36000,36000
064300,英業達兆豐9C購01,0,0,0,0,0,0,0,0,0,36000,0,0,0,36000,0,36000,36000
064297,台郡國票01購01  ,0,0,0,0,0,0,0,0,0,36000,0,0,0,36000,0,36000,36000
064434,微星凱基02購01  ,0,0,0,0,0,0,0,0,0,36000,0,0,0,61000,25000,36000,36000
059754,訊芯群益9A購01  ,0,0,0,0,0,0,0,0,0,36000,0,0,0,36000,0,36000,36000
00706L,元大S&P日圓正2  ,0,0,0,0,0,0,0,0,0,36000,0,0,0,47000,11000,36000,36000
060335,明泰康和9A購01  ,0,0,0,0,0,0,0,0,0,36000,0,0,0,36000,0,36000,36000
060409,味全永豐9A購01  ,0,0,0,0,0,0,0,0,0,36000,0,0,0,36000,0,36000,36000
062195,聚陽中信9C購01  ,0,0,0,0,0,0,0,0,0,36000,0,0,0,203000,167000,36000,36000
057902,嘉晶永豐98購02  ,0,0,0,0,0,0,0,0,0,36000,0,0,0,106000,70000,36000,36000
063604,群創凱基01購02  ,0,0,0,0,0,0,0,0,0,36000,0,0,0,54000,18000,36000,36000
062052,華通統一01購01  ,0,0,0,0,0,0,0,0,0,36000,0,0,0,44000,8000,36000,36000
061023,茂林國泰9B購02  ,0,0,0,0,0,0,0,0,0,36000,0,0,0,153000,117000,36000,36000
061457,TPK凱基9A購01   ,0,0,0,0,0,0,0,0,0,36000,0,0,0,36000,0,36000,36000
060434,台汽電永豐9A購01,0,0,0,0,0,0,0,0,0,36000,0,0,0,36000,0,36000,36000
065478,緯創元大9C購03  ,0,0,0,0,0,0,0,0,0,36000,0,0,0,286000,250000,36000,36000
067104,聯發科群益01購05,0,0,0,0,0,0,0,0,0,36000,0,0,0,46000,10000,36000,36000
066982,嘉晶群益02購01  ,0,0,0,0,0,0,0,0,0,36000,0,0,0,53000,17000,36000,36000
064870,中租永豐9C購01  ,0,0,0,0,0,0,0,0,0,35000,0,0,0,35000,0,35000,35000
064709,瑞祺永豐9C購01  ,0,0,0,0,0,0,0,0,0,35000,0,0,0,95000,60000,35000,35000
064468,健策元富9C購02  ,0,0,0,0,0,0,0,0,0,35000,0,0,0,69000,34000,35000,35000
07031P,台灣50中信03售02,0,0,0,0,0,0,0,0,0,35000,0,0,0,40000,5000,35000,35000
08514P,華新科凱基9C售05,0,0,0,0,0,0,0,0,0,35000,0,0,0,65000,30000,35000,35000
058022,樺漢凱基99購02  ,0,0,0,0,0,0,0,0,0,35000,0,0,0,35000,0,35000,35000
058731,貿聯永豐99購02  ,0,0,0,0,0,0,0,0,0,35000,0,0,0,46000,11000,35000,35000
062814,台光電兆豐9B購01,0,0,0,0,0,0,0,0,0,35000,0,0,0,40000,5000,35000,35000
00728,第一金工業30    ,3000,1000,2000,0,0,0,0,0,0,33000,0,0,0,242000,209000,33000,35000
00757,統一FANG+       ,2000,0,2000,0,0,0,0,0,0,33000,0,0,0,240000,207000,33000,35000
03061P,南電凱基01售05  ,0,0,0,0,0,0,0,0,0,35000,0,0,0,45000,10000,35000,35000
057179,可成元大98購04  ,0,0,0,0,0,0,0,0,0,35000,0,0,0,35000,0,35000,35000
059706,嘉晶凱基99購01  ,0,0,0,0,0,0,0,0,0,35000,0,0,0,35000,0,35000,35000
065601,聯發科元大01購05,0,0,0,0,0,0,0,0,0,35000,0,0,0,35000,0,35000,35000
061436,上銀凱基9A購07  ,0,0,0,0,0,0,0,0,0,35000,0,0,0,35000,0,35000,35000
061681,南電元大9A購08  ,0,0,0,0,0,0,0,0,0,35000,0,0,0,35000,0,35000,35000
063328,京元電國票9C購02,0,0,0,0,0,0,0,0,0,35000,0,0,0,41000,6000,35000,35000
067374,大立光統一01購08,0,0,0,0,0,0,0,0,0,35000,0,0,0,35000,0,35000,35000
067711,緯穎元富05購01  ,0,0,0,0,0,0,0,0,0,35000,0,0,0,183000,148000,35000,35000
065951,聯發科統一01購08,0,0,0,0,0,0,0,0,0,35000,0,0,0,55000,20000,35000,35000
065695,友訊群益01購02  ,0,0,0,0,0,0,0,0,0,35000,0,0,0,35000,0,35000,35000
065698,旺宏群益9C購08  ,0,0,0,0,0,0,0,0,0,35000,0,0,0,35000,0,35000,35000
065667,台光電凱基01購01,0,0,0,0,0,0,0,0,0,35000,0,0,0,50000,15000,35000,35000
066021,華通群益02購03  ,0,0,0,0,0,0,0,0,0,35000,0,0,0,35000,0,35000,35000
066096,友訊中信05購02  ,0,0,0,0,0,0,0,0,0,35000,0,0,0,73000,38000,35000,35000
066867,A50正2元富01購02,0,0,0,0,0,0,0,0,0,35000,0,0,0,35000,0,35000,35000
066760,大立光永豐01購01,0,0,0,0,0,0,0,0,0,35000,0,0,0,35000,0,35000,35000
066384,訊芯康和01購01  ,0,0,0,0,0,0,0,0,0,35000,0,0,0,103000,68000,35000,35000
064025,友達元大02購01  ,0,0,0,0,0,0,0,0,0,34000,0,0,0,148000,114000,34000,34000
064251,緯創元富9C購01  ,0,0,0,0,0,0,0,0,0,34000,0,0,0,56000,22000,34000,34000
065062,亞光群益9C購01  ,0,0,0,0,0,0,0,0,0,34000,0,0,0,34000,0,34000,34000
068590,台積電元富07購12,0,0,0,0,0,0,0,0,0,34000,0,0,0,418000,384000,34000,34000
064777,南亞科群益9C購01,0,0,0,0,0,0,0,0,0,34000,0,0,0,45000,11000,34000,34000
064671,聯茂元大9C購02  ,0,0,0,0,0,0,0,0,0,34000,0,0,0,135000,101000,34000,34000
058499,滬深2X元大9C購01,0,0,0,0,0,0,0,0,0,34000,0,0,0,35000,1000,34000,34000
054935,華通元大98購03  ,0,0,0,0,0,0,0,0,0,34000,0,0,0,36000,2000,34000,34000
047885,元金2X富邦99購01,0,0,0,0,0,0,0,0,0,34000,0,0,0,50000,16000,34000,34000
020000,富邦特選蘋果N   ,0,0,0,0,0,0,0,0,0,34000,0,0,0,46000,12000,34000,34000
060238,強茂元大9C購01  ,0,0,0,0,0,0,0,0,0,34000,0,0,0,37000,3000,34000,34000
059360,全新永豐99購02  ,0,0,0,0,0,0,0,0,0,34000,0,0,0,52000,18000,34000,34000
059319,台光電元大99購04,0,0,0,0,0,0,0,0,0,34000,0,0,0,34000,0,34000,34000
058610,欣興元大99購05  ,0,0,0,0,0,0,0,0,0,34000,0,0,0,36000,2000,34000,34000
063211,道瓊銀國票9B購01,0,0,0,0,0,0,0,0,0,34000,0,0,0,35000,1000,34000,34000
062461,智伸科群益9B購01,0,0,0,0,0,0,0,0,0,34000,0,0,0,35000,1000,34000,34000
063910,漢唐凱基9C購01  ,0,0,0,0,0,0,0,0,0,34000,0,0,0,50000,16000,34000,34000
063508,緯創群益9B購01  ,0,0,0,0,0,0,0,0,0,34000,0,0,0,35000,1000,34000,34000
061651,世紀鋼元大9C購02,0,0,0,0,0,0,0,0,0,34000,0,0,0,36000,2000,34000,34000
060767,世紀鋼元大9A購02,0,0,0,0,0,0,0,0,0,34000,0,0,0,72000,38000,34000,34000
065445,台光電統一01購05,0,0,0,0,0,0,0,0,0,34000,0,0,0,34000,0,34000,34000
065411,旺宏永豐9C購02  ,0,0,0,0,0,0,0,0,0,34000,0,0,0,34000,0,34000,34000
065391,和大群益01購03  ,0,0,0,0,0,0,0,0,0,34000,0,0,0,34000,0,34000,34000
061978,旺宏元大9C購01  ,0,0,0,0,0,0,0,0,0,34000,0,0,0,50000,16000,34000,34000
066768,瀚宇博永豐01購01,0,0,0,0,0,0,0,0,0,34000,0,0,0,41000,7000,34000,34000
068220,聯發科統一04購01,0,0,0,0,0,0,0,0,0,34000,0,0,0,60000,26000,34000,34000
067449,微星國票02購02  ,0,0,0,0,0,0,0,0,0,34000,0,0,0,55000,21000,34000,34000
067241,信邦群益01購01  ,0,0,0,0,0,0,0,0,0,34000,0,0,0,146000,112000,34000,34000
067233,微星群益02購02  ,0,0,0,0,0,0,0,0,0,34000,0,0,0,58000,24000,34000,34000
3406,玉晶光          ,1540000,1486000,54000,0,0,0,0,288000,-288000,268000,223000,16000,207000,90000,29000,61000,34000
4551,智伸科          ,70000,28000,42000,0,0,0,0,0,0,-8000,0,6000,-6000,2000,4000,-2000,34000
065018,台達電富邦03購01,0,0,0,0,0,0,0,0,0,33000,0,0,0,33000,0,33000,33000
07906P,中租群益9B售02  ,0,0,0,0,0,0,0,0,0,33000,0,0,0,43000,10000,33000,33000
08369P,鴻海凱基01售04  ,0,0,0,0,0,0,0,0,0,33000,0,0,0,33000,0,33000,33000
08655P,大立光群益02售02,0,0,0,0,0,0,0,0,0,33000,0,0,0,39000,6000,33000,33000
057377,康控元大99購02  ,0,0,0,0,0,0,0,0,0,33000,0,0,0,386000,353000,33000,33000
054169,上緯控凱基98購01,0,0,0,0,0,0,0,0,0,33000,0,0,0,72000,39000,33000,33000
054640,健策中信9B購01  ,0,0,0,0,0,0,0,0,0,33000,0,0,0,44000,11000,33000,33000
058363,全新凱基9A購02  ,0,0,0,0,0,0,0,0,0,33000,0,0,0,33000,0,33000,33000
061936,旺宏國票9B購03  ,0,0,0,0,0,0,0,0,0,33000,0,0,0,43000,10000,33000,33000
060609,玉晶光凱基9B購01,0,0,0,0,0,0,0,0,0,33000,0,0,0,46000,13000,33000,33000
065504,宏達電永豐9C購01,0,0,0,0,0,0,0,0,0,33000,0,0,0,57000,24000,33000,33000
061897,泰碩永豐9B購01  ,0,0,0,0,0,0,0,0,0,33000,0,0,0,50000,17000,33000,33000
061719,緯穎凱基9A購06  ,0,0,0,0,0,0,0,0,0,33000,0,0,0,33000,0,33000,33000
062324,上銀統一9B購04  ,0,0,0,0,0,0,0,0,0,33000,0,0,0,33000,0,33000,33000
067205,台積電元大01購22,0,0,0,0,0,0,0,0,0,33000,0,0,0,355000,322000,33000,33000
067663,神隆元大01購03  ,0,0,0,0,0,0,0,0,0,33000,0,0,0,33000,0,33000,33000
066637,瀚宇博凱基01購02,0,0,0,0,0,0,0,0,0,33000,0,0,0,99000,66000,33000,33000
066832,健策群益01購08  ,0,0,0,0,0,0,0,0,0,33000,0,0,0,81000,48000,33000,33000
056716,康舒永豐98購01  ,0,0,0,0,0,0,0,0,0,32000,0,0,0,32000,0,32000,32000
056909,嘉聯益元大99購03,0,0,0,0,0,0,0,0,0,32000,0,0,0,569000,537000,32000,32000
03186P,台積電元大01售50,0,0,0,0,0,0,0,0,0,32000,0,0,0,33000,1000,32000,32000
03058P,台積電凱基01售18,0,0,0,0,0,0,0,0,0,32000,0,0,0,32000,0,32000,32000
059159,上銀凱基99購05  ,0,0,0,0,0,0,0,0,0,32000,0,0,0,40000,8000,32000,32000
059284,緯穎永豐99購03  ,0,0,0,0,0,0,0,0,0,32000,0,0,0,32000,0,32000,32000
060295,貿聯元大9A購03  ,0,0,0,0,0,0,0,0,0,32000,0,0,0,32000,0,32000,32000
062885,臻鼎兆豐9C購01  ,0,0,0,0,0,0,0,0,0,32000,0,0,0,52000,20000,32000,32000
057963,緯穎元大98購08  ,0,0,0,0,0,0,0,0,0,32000,0,0,0,33000,1000,32000,32000
062398,建準永豐9B購01  ,0,0,0,0,0,0,0,0,0,32000,0,0,0,340000,308000,32000,32000
062494,中石化中信9C購01,0,0,0,0,0,0,0,0,0,32000,0,0,0,42000,10000,32000,32000
062781,微星元大9C購01  ,0,0,0,0,0,0,0,0,0,32000,0,0,0,32000,0,32000,32000
062762,聯詠凱基9B購02  ,0,0,0,0,0,0,0,0,0,32000,0,0,0,39000,7000,32000,32000
062633,亞光國票9B購01  ,0,0,0,0,0,0,0,0,0,32000,0,0,0,32000,0,32000,32000
063703,晶豪科群益9B購02,0,0,0,0,0,0,0,0,0,32000,0,0,0,62000,30000,32000,32000
063126,TPK元大9B購01   ,0,0,0,0,0,0,0,0,0,32000,0,0,0,32000,0,32000,32000
061456,玉晶光凱基9B購05,0,0,0,0,0,0,0,0,0,32000,0,0,0,32000,0,32000,32000
065384,南電元大9C購07  ,0,0,0,0,0,0,0,0,0,32000,0,0,0,32000,0,32000,32000
065309,亞光國票01購01  ,0,0,0,0,0,0,0,0,0,32000,0,0,0,32000,0,32000,32000
066911,牧德凱基02購01  ,0,0,0,0,0,0,0,0,0,32000,0,0,0,32000,0,32000,32000
066402,泰鼎凱基01購02  ,0,0,0,0,0,0,0,0,0,32000,0,0,0,32000,0,32000,32000
066488,聯詠元富07購01  ,0,0,0,0,0,0,0,0,0,32000,0,0,0,32000,0,32000,32000
067963,宏碁群益02購01  ,0,0,0,0,0,0,0,0,0,32000,0,0,0,57000,25000,32000,32000
067180,為升凱基02購01  ,0,0,0,0,0,0,0,0,0,32000,0,0,0,62000,30000,32000,32000
5258,虹堡            ,35000,1000,34000,0,0,0,0,0,0,-2000,0,2000,-2000,0,0,0,32000
2485,兆赫            ,164000,112000,52000,0,0,0,0,0,0,-20000,0,20000,-20000,0,0,0,32000
2540,愛山林          ,32000,0,32000,0,0,0,0,0,0,0,0,0,0,0,0,0,32000
08504P,臺股指國票9C售06,0,0,0,0,0,0,0,0,0,31000,0,0,0,334000,303000,31000,31000
08837P,牧德國票03售01  ,0,0,0,0,0,0,0,0,0,31000,0,0,0,47000,16000,31000,31000
08952P,台積電元富07售08,0,0,0,0,0,0,0,0,0,31000,0,0,0,31000,0,31000,31000
064032,群創元大9C購06  ,0,0,0,0,0,0,0,0,0,31000,0,0,0,34000,3000,31000,31000
08122P,晶技國票9C售01  ,0,0,0,0,0,0,0,0,0,31000,0,0,0,31000,0,31000,31000
064456,禾伸堂統一01購01,0,0,0,0,0,0,0,0,0,31000,0,0,0,61000,30000,31000,31000
064848,金像電元富9C購02,0,0,0,0,0,0,0,0,0,31000,0,0,0,53000,22000,31000,31000
058747,友達凱基9A購03  ,0,0,0,0,0,0,0,0,0,31000,0,0,0,31000,0,31000,31000
058822,樺漢國泰9B購01  ,0,0,0,0,0,0,0,0,0,31000,0,0,0,39000,8000,31000,31000
061558,旺宏國票9B購02  ,0,0,0,0,0,0,0,0,0,31000,0,0,0,31000,0,31000,31000
060296,和碩元大9A購01  ,0,0,0,0,0,0,0,0,0,31000,0,0,0,44000,13000,31000,31000
060242,潤泰全元大9C購01,0,0,0,0,0,0,0,0,0,31000,0,0,0,56000,25000,31000,31000
00770,國泰北美科技    ,0,0,0,0,0,0,0,0,0,31000,0,0,0,39000,8000,31000,31000
00717,富邦美國特別股  ,0,0,0,0,0,0,0,0,0,31000,0,0,0,454000,423000,31000,31000
03184P,台積電元大01售48,0,0,0,0,0,0,0,0,0,31000,0,0,0,34000,3000,31000,31000
057543,華通凱基99購02  ,0,0,0,0,0,0,0,0,0,31000,0,0,0,32000,1000,31000,31000
058516,健鼎元大99購02  ,0,0,0,0,0,0,0,0,0,31000,0,0,0,406000,375000,31000,31000
055775,友達凱基9A購01  ,0,0,0,0,0,0,0,0,0,31000,0,0,0,36000,5000,31000,31000
053827,漢唐麥證9A購01  ,0,0,0,81000,50000,31000,0,0,0,31000,0,0,0,81000,50000,31000,31000
060450,南亞元大9A購02  ,0,0,0,0,0,0,0,0,0,31000,0,0,0,36000,5000,31000,31000
063409,GIS國票9C購02   ,0,0,0,0,0,0,0,0,0,31000,0,0,0,51000,20000,31000,31000
063015,微星元大9B購01  ,0,0,0,0,0,0,0,0,0,31000,0,0,0,51000,20000,31000,31000
061646,力成元大9A購02  ,0,0,0,0,0,0,0,0,0,31000,0,0,0,40000,9000,31000,31000
060747,聯鈞國票9A購02  ,0,0,0,0,0,0,0,0,0,31000,0,0,0,31000,0,31000,31000
063561,上銀元大9B購08  ,0,0,0,0,0,0,0,0,0,31000,0,0,0,37000,6000,31000,31000
063265,瑞祺永豐9B購01  ,0,0,0,0,0,0,0,0,0,31000,0,0,0,100000,69000,31000,31000
067352,美律群益01購01  ,0,0,0,0,0,0,0,0,0,31000,0,0,0,31000,0,31000,31000
066366,信邦中信02購01  ,0,0,0,0,0,0,0,0,0,31000,0,0,0,61000,30000,31000,31000
066042,正崴元大02購01  ,0,0,0,0,0,0,0,0,0,31000,0,0,0,31000,0,31000,31000
3090,日電貿          ,121000,105000,16000,0,0,0,0,0,0,15000,0,3000,-3000,18000,0,18000,31000
2442,新美齊          ,43000,12000,31000,0,0,0,0,0,0,0,1000,1000,0,0,0,0,31000
064849,大立光元富9C購06,0,0,0,0,0,0,0,0,0,30000,0,0,0,31000,1000,30000,30000
064409,彩晶凱基04購01  ,0,0,0,0,0,0,0,0,0,30000,0,0,0,155000,125000,30000,30000
07883P,可成凱基9B售03  ,0,0,0,0,0,0,0,0,0,30000,0,0,0,81000,51000,30000,30000
068301,華通國票03購02  ,0,0,0,0,0,0,0,0,0,30000,0,0,0,30000,0,30000,30000
068368,國巨富邦04購01  ,0,0,0,0,0,0,0,0,0,30000,0,0,0,30000,0,30000,30000
07086P,力成元富9C售01  ,0,0,0,0,0,0,0,0,0,30000,0,0,0,40000,10000,30000,30000
06925P,致茂群益9A售02  ,0,0,0,0,0,0,0,0,0,30000,0,0,0,60000,30000,30000,30000
07649P,金像電永豐9A售02,0,0,0,0,0,0,0,0,0,30000,0,0,0,40000,10000,30000,30000
07731P,臺股指凱基9A售28,0,0,0,0,0,0,0,0,0,30000,0,0,0,240000,210000,30000,30000
07798P,同欣電國票9A售01,0,0,0,0,0,0,0,0,0,30000,0,0,0,30000,0,30000,30000
07825P,健策國泰9B售04  ,0,0,0,0,0,0,0,0,0,30000,0,0,0,50000,20000,30000,30000
07861P,台灣50中信03售08,0,0,0,0,0,0,0,0,0,30000,0,0,0,30000,0,30000,30000
064027,義隆元大9C購01  ,0,0,0,0,0,0,0,0,0,30000,0,0,0,54000,24000,30000,30000
064528,國巨中信02購01  ,0,0,0,0,0,0,0,0,0,30000,0,0,0,30000,0,30000,30000
064197,智伸科群益9C購01,0,0,0,0,0,0,0,0,0,30000,0,0,0,30000,0,30000,30000
1339,昭輝            ,41000,11000,30000,0,0,0,0,0,0,0,0,0,0,0,0,0,30000
08860P,鴻海統一01售06  ,0,0,0,0,0,0,0,0,0,30000,0,0,0,30000,0,30000,30000
08511P,電子類富邦9C售02,0,0,0,0,0,0,0,0,0,30000,0,0,0,30000,0,30000,30000
08329P,台達電統一9C售02,0,0,0,0,0,0,0,0,0,30000,0,0,0,30000,0,30000,30000
08649P,聯發科元大9C售21,0,0,0,0,0,0,0,0,0,30000,0,0,0,30000,0,30000,30000
08684P,禾伸堂凱基01售01,0,0,0,0,0,0,0,0,0,30000,0,0,0,30000,0,30000,30000
056113,新日興兆豐98購01,0,0,0,0,0,0,0,0,0,30000,0,0,0,30000,0,30000,30000
056135,緯創元大98購01  ,0,0,0,0,0,0,0,0,0,30000,0,0,0,30000,0,30000,30000
056388,勤誠國泰99購01  ,0,0,0,0,0,0,0,0,0,30000,0,0,0,30000,0,30000,30000
056542,緯創凱基98購01  ,0,0,0,0,0,0,0,0,0,30000,0,0,0,30000,0,30000,30000
058512,宏達電元大99購04,0,0,0,0,0,0,0,0,0,30000,0,0,0,30000,0,30000,30000
058528,世紀鋼元大99購02,0,0,0,0,0,0,0,0,0,30000,0,0,0,30000,0,30000,30000
059783,旺宏元大99購17  ,0,0,0,0,0,0,0,0,0,30000,0,0,0,42000,12000,30000,30000
059817,華通凱基99購05  ,0,0,0,0,0,0,0,0,0,30000,0,0,0,30000,0,30000,30000
058544,FBVIX富邦9B購01 ,0,0,0,0,0,0,0,0,0,30000,0,0,0,40000,10000,30000,30000
058434,旺宏統一9B購01  ,0,0,0,0,0,0,0,0,0,30000,0,0,0,70000,40000,30000,30000
059629,友達凱基99購06  ,0,0,0,0,0,0,0,0,0,30000,0,0,0,30000,0,30000,30000
059641,群創凱基99購06  ,0,0,0,0,0,0,0,0,0,30000,0,0,0,50000,20000,30000,30000
058342,鴻海群益9A購01  ,0,0,0,0,0,0,0,0,0,30000,0,0,0,30000,0,30000,30000
058365,奇力新凱基9A購01,0,0,0,0,0,0,0,0,0,30000,0,0,0,30000,0,30000,30000
056667,上銀國票99購01  ,0,0,0,0,0,0,0,0,0,30000,0,0,0,30000,0,30000,30000
053342,全新國票99購01  ,0,0,0,0,0,0,0,0,0,30000,0,0,0,30000,0,30000,30000
057154,易華電國泰99購01,0,0,0,0,0,0,0,0,0,30000,0,0,0,30000,0,30000,30000
057203,麗豐元富98購02  ,0,0,0,0,0,0,0,0,0,30000,0,0,0,30000,0,30000,30000
053181,滬深2X元富99購02,0,0,0,0,0,0,0,0,0,30000,0,0,0,110000,80000,30000,30000
045836,群創群益98購01  ,0,0,0,0,0,0,0,0,0,30000,0,0,0,30000,0,30000,30000
060365,京鼎元富9A購01  ,0,0,0,0,0,0,0,0,0,30000,0,0,0,30000,0,30000,30000
059865,國巨凱基01購01  ,0,0,0,0,0,0,0,0,0,30000,0,0,0,77000,47000,30000,30000
059825,嘉晶凱基99購02  ,0,0,0,0,0,0,0,0,0,30000,0,0,0,30000,0,30000,30000
059833,緯穎康和99購01  ,0,0,0,0,0,0,0,0,0,30000,0,0,0,30000,0,30000,30000
058239,景碩元大99購03  ,0,0,0,0,0,0,0,0,0,30000,0,0,0,41000,11000,30000,30000
058831,茂林永豐99購01  ,0,0,0,0,0,0,0,0,0,30000,0,0,0,40000,10000,30000,30000
058658,瑞儀中信99購01  ,0,0,0,0,0,0,0,0,0,30000,0,0,0,30000,0,30000,30000
058180,華新科國泰9A購01,0,0,0,0,0,0,0,0,0,30000,0,0,0,30000,0,30000,30000
058196,台塑中信99購01  ,0,0,0,0,0,0,0,0,0,30000,0,0,0,30000,0,30000,30000
063222,群創群益9B購03  ,0,0,0,0,0,0,0,0,0,30000,0,0,0,50000,20000,30000,30000
062462,GIS群益9B購01   ,0,0,0,0,0,0,0,0,0,30000,0,0,0,30000,0,30000,30000
063565,旺宏元大9B購08  ,0,0,0,0,0,0,0,0,0,30000,0,0,0,40000,10000,30000,30000
063606,TPK凱基9C購01   ,0,0,0,0,0,0,0,0,0,30000,0,0,0,30000,0,30000,30000
063601,金像電凱基01購01,0,0,0,0,0,0,0,0,0,30000,0,0,0,30000,0,30000,30000
063814,嘉晶群益9C購01  ,0,0,0,0,0,0,0,0,0,30000,0,0,0,67000,37000,30000,30000
063831,帆宣國票01購01  ,0,0,0,0,0,0,0,0,0,30000,0,0,0,73000,43000,30000,30000
062971,英業達元富9B購01,0,0,0,0,0,0,0,0,0,30000,0,0,0,30000,0,30000,30000
063678,友達國泰9C購01  ,0,0,0,0,0,0,0,0,0,30000,0,0,0,30000,0,30000,30000
063062,群創元富9B購01  ,0,0,0,0,0,0,0,0,0,30000,0,0,0,30000,0,30000,30000
063372,漢翔永豐9B購01  ,0,0,0,0,0,0,0,0,0,30000,0,0,0,30000,0,30000,30000
061131,崇越永豐9A購01  ,0,0,0,0,0,0,0,0,0,30000,0,0,0,30000,0,30000,30000
061447,鴻海中信04購02  ,0,0,0,0,0,0,0,0,0,30000,0,0,0,30000,0,30000,30000
061273,臺股指凱基9A購23,0,0,0,0,0,0,0,0,0,30000,0,0,0,62000,32000,30000,30000
065166,台達電元大9C購04,0,0,0,0,0,0,0,0,0,30000,0,0,0,40000,10000,30000,30000
065262,義隆元大9C購06  ,0,0,0,0,0,0,0,0,0,30000,0,0,0,94000,64000,30000,30000
065310,華擎國票01購01  ,0,0,0,0,0,0,0,0,0,30000,0,0,0,30000,0,30000,30000
065376,京鼎元大9C購02  ,0,0,0,0,0,0,0,0,0,30000,0,0,0,80000,50000,30000,30000
065993,立積永豐01購02  ,0,0,0,0,0,0,0,0,0,30000,0,0,0,30000,0,30000,30000
066002,健策國票02購01  ,0,0,0,0,0,0,0,0,0,30000,0,0,0,77000,47000,30000,30000
066076,台勝科凱基01購02,0,0,0,0,0,0,0,0,0,30000,0,0,0,30000,0,30000,30000
066116,宏達電兆豐01購01,0,0,0,0,0,0,0,0,0,30000,0,0,0,30000,0,30000,30000
066255,英利元大01購01  ,0,0,0,0,0,0,0,0,0,30000,0,0,0,50000,20000,30000,30000
065692,國巨群益9C購17  ,0,0,0,0,0,0,0,0,0,30000,0,0,0,30000,0,30000,30000
065651,中磊元大9C購01  ,0,0,0,0,0,0,0,0,0,30000,0,0,0,69000,39000,30000,30000
066362,瑞昱中信05購01  ,0,0,0,0,0,0,0,0,0,30000,0,0,0,190000,160000,30000,30000
066375,南亞科兆豐01購01,0,0,0,0,0,0,0,0,0,30000,0,0,0,121000,91000,30000,30000
066596,健策群益02購01  ,0,0,0,0,0,0,0,0,0,30000,0,0,0,48000,18000,30000,30000
066937,群創國票03購01  ,0,0,0,0,0,0,0,0,0,30000,0,0,0,30000,0,30000,30000
066679,微星兆豐01購01  ,0,0,0,0,0,0,0,0,0,30000,0,0,0,60000,30000,30000,30000
066714,台灣50元大01購22,0,0,0,0,0,0,0,0,0,30000,0,0,0,30000,0,30000,30000
067191,康控凱基01購02  ,0,0,0,0,0,0,0,0,0,30000,0,0,0,38000,8000,30000,30000
066995,盟立國泰03購01  ,0,0,0,0,0,0,0,0,0,30000,0,0,0,225000,195000,30000,30000
6205,詮欣            ,30000,3000,27000,0,0,0,0,0,0,3000,3000,0,3000,0,0,0,30000
08719P,華通元大01售04  ,0,0,0,0,0,0,0,0,0,29000,0,0,0,40000,11000,29000,29000
064491,金像電元大9C購03,0,0,0,0,0,0,0,0,0,29000,0,0,0,30000,1000,29000,29000
07856P,力成凱基9A售02  ,0,0,0,0,0,0,0,0,0,29000,0,0,0,129000,100000,29000,29000
07069P,欣興元富99售02  ,0,0,0,0,0,0,0,0,0,29000,0,0,0,684000,655000,29000,29000
08045P,健策國票9B售01  ,0,0,0,0,0,0,0,0,0,29000,0,0,0,30000,1000,29000,29000
08230P,台表科國票9C售03,0,0,0,0,0,0,0,0,0,29000,0,0,0,29000,0,29000,29000
064807,義隆元大9C購03  ,0,0,0,0,0,0,0,0,0,29000,0,0,0,60000,31000,29000,29000
065022,同欣電富邦01購01,0,0,0,0,0,0,0,0,0,29000,0,0,0,50000,21000,29000,29000
058887,元石油元大9C購04,0,0,0,0,0,0,0,0,0,29000,0,0,0,29000,0,29000,29000
05830P,滬深2X元富99售03,0,0,0,0,0,0,0,0,0,29000,0,0,0,526000,497000,29000,29000
03039P,玉晶光國票02售04,0,0,0,0,0,0,0,0,0,29000,0,0,0,50000,21000,29000,29000
00714,群益道瓊美國地產,0,82000,-82000,0,0,0,0,0,0,111000,0,0,0,111000,0,111000,29000
057189,康控元大98購02  ,0,0,0,0,0,0,0,0,0,29000,0,0,0,29000,0,29000,29000
03109P,台積電元大01售41,0,0,0,0,0,0,0,0,0,29000,0,0,0,29000,0,29000,29000
055164,矽創元大98購01  ,0,0,0,0,0,0,0,0,0,29000,0,0,0,30000,1000,29000,29000
065323,聯發科凱基9C購09,0,0,0,0,0,0,0,0,0,29000,0,0,0,50000,21000,29000,29000
065285,宏碁群益01購01  ,0,0,0,0,0,0,0,0,0,29000,0,0,0,41000,12000,29000,29000
060432,達方永豐9A購01  ,0,0,0,0,0,0,0,0,0,29000,0,0,0,234000,205000,29000,29000
062188,貿聯元大9B購02  ,0,0,0,0,0,0,0,0,0,29000,0,0,0,29000,0,29000,29000
060897,健策凱基9A購04  ,0,0,0,0,0,0,0,0,0,29000,0,0,0,31000,2000,29000,29000
060904,臺指反元大9C購07,0,0,0,0,0,0,0,0,0,29000,0,0,0,59000,30000,29000,29000
063661,聚陽統一9C購02  ,0,0,0,0,0,0,0,0,0,29000,0,0,0,29000,0,29000,29000
060814,健策凱基9B購01  ,0,0,0,0,0,0,0,0,0,29000,0,0,0,30000,1000,29000,29000
067288,為升兆豐03購01  ,0,0,0,0,0,0,0,0,0,29000,0,0,0,34000,5000,29000,29000
067371,聯發科統一02購08,0,0,0,0,0,0,0,0,0,29000,0,0,0,29000,0,29000,29000
066949,聯發科元大01購17,0,0,0,0,0,0,0,0,0,29000,0,0,0,149000,120000,29000,29000
066400,健策凱基02購02  ,0,0,0,0,0,0,0,0,0,29000,0,0,0,67000,38000,29000,29000
064187,亞光永豐9C購01  ,0,0,0,0,0,0,0,0,0,28000,0,0,0,28000,0,28000,28000
08284P,鴻海凱基01售03  ,0,0,0,0,0,0,0,0,0,28000,0,0,0,40000,12000,28000,28000
064029,宏達電元大9C購01,0,0,0,0,0,0,0,0,0,28000,0,0,0,87000,59000,28000,28000
08754P,臺股指群益01售04,0,0,0,0,0,0,0,0,0,28000,0,0,0,206000,178000,28000,28000
058514,潤泰全元大99購01,0,0,0,0,0,0,0,0,0,28000,0,0,0,100000,72000,28000,28000
00692,富邦公司治理    ,70000,70000,0,0,0,0,0,0,0,28000,0,0,0,1396000,1368000,28000,28000
058017,漢唐凱基99購01  ,0,0,0,0,0,0,0,0,0,28000,0,0,0,28000,0,28000,28000
059454,亞光永豐99購01  ,0,0,0,0,0,0,0,0,0,28000,0,0,0,39000,11000,28000,28000
06371P,茂林國票98售04  ,0,0,0,0,0,0,0,0,0,28000,0,0,0,28000,0,28000,28000
062495,友達中信01購02  ,0,0,0,0,0,0,0,0,0,28000,0,0,0,61000,33000,28000,28000
062040,玉晶光凱基01購01,0,0,0,0,0,0,0,0,0,28000,0,0,0,32000,4000,28000,28000
063041,貿聯凱基9B購01  ,0,0,0,0,0,0,0,0,0,28000,0,0,0,30000,2000,28000,28000
061122,敬鵬永豐9A購01  ,0,0,0,0,0,0,0,0,0,28000,0,0,0,28000,0,28000,28000
061069,嘉聯益凱基9A購01,0,0,0,0,0,0,0,0,0,28000,0,0,0,176000,148000,28000,28000
060541,正隆凱基9A購01  ,0,0,0,0,0,0,0,0,0,28000,0,0,0,91000,63000,28000,28000
068017,玉晶光國票01購09,0,0,0,0,0,0,0,0,0,28000,0,0,0,50000,22000,28000,28000
2233,宇隆            ,51000,23000,28000,0,0,0,0,0,0,0,0,0,0,0,0,0,28000
2488,漢平            ,31000,3000,28000,0,0,0,0,0,0,0,0,0,0,0,0,0,28000
064348,TPK元大9C購03   ,0,0,0,0,0,0,0,0,0,27000,0,0,0,27000,0,27000,27000
064406,健策凱基03購01  ,0,0,0,0,0,0,0,0,0,27000,0,0,0,28000,1000,27000,27000
068382,亞德客統一03購01,0,0,0,0,0,0,0,0,0,27000,0,0,0,33000,6000,27000,27000
03122P,台積電元大01售44,0,0,0,0,0,0,0,0,0,27000,0,0,0,28000,1000,27000,27000
058515,健鼎元大99購01  ,0,0,0,0,0,0,0,0,0,27000,0,0,0,100000,73000,27000,27000
053965,聯電元大98購04  ,0,0,0,0,0,0,0,0,0,27000,0,0,0,27000,0,27000,27000
063392,聯電群益9B購02  ,0,0,0,0,0,0,0,0,0,27000,0,0,0,27000,0,27000,27000
061881,緯穎元大9B購02  ,0,0,0,0,0,0,0,0,0,27000,0,0,0,27000,0,27000,27000
062672,兆豐金中信03購01,0,0,0,0,0,0,0,0,0,27000,0,0,0,65000,38000,27000,27000
062776,鴻海元大9B購03  ,0,0,0,0,0,0,0,0,0,27000,0,0,0,60000,33000,27000,27000
062453,聚陽群益9C購01  ,0,0,0,0,0,0,0,0,0,27000,0,0,0,30000,3000,27000,27000
063955,TPK元大9C購01   ,0,0,0,0,0,0,0,0,0,27000,0,0,0,27000,0,27000,27000
068040,超眾元富04購01  ,0,0,0,0,0,0,0,0,0,27000,0,0,0,77000,50000,27000,27000
067847,大立光元富01購02,0,0,0,0,0,0,0,0,0,27000,0,0,0,27000,0,27000,27000
06777P,鴻海元大99售06  ,0,0,0,0,0,0,0,0,0,27000,0,0,0,92000,65000,27000,27000
067250,中化國票02購01  ,0,0,0,0,0,0,0,0,0,27000,0,0,0,27000,0,27000,27000
066437,台泥群益02購01  ,0,0,0,0,0,0,0,0,0,27000,0,0,0,27000,0,27000,27000
066480,國巨元富07購02  ,0,0,0,0,0,0,0,0,0,27000,0,0,0,27000,0,27000,27000
066000,奇鋐國票02購01  ,0,0,0,0,0,0,0,0,0,27000,0,0,0,127000,100000,27000,27000
2849,安泰銀          ,48000,21000,27000,0,0,0,0,0,0,0,0,0,0,0,0,0,27000
1472,三洋紡          ,38000,11000,27000,0,0,0,0,0,0,0,0,0,0,0,0,0,27000
07922P,大立光群益9B售05,0,0,0,0,0,0,0,0,0,26000,0,0,0,26000,0,26000,26000
08295P,長榮航元大9C售01,0,0,0,0,0,0,0,0,0,26000,0,0,0,26000,0,26000,26000
064648,臻鼎凱基9C購02  ,0,0,0,0,0,0,0,0,0,26000,0,0,0,26000,0,26000,26000
065129,上銀兆豐01購01  ,0,0,0,0,0,0,0,0,0,26000,0,0,0,26000,0,26000,26000
08779P,旺宏群益01售04  ,0,0,0,0,0,0,0,0,0,26000,0,0,0,26000,0,26000,26000
08834P,聯發科統一01售11,0,0,0,0,0,0,0,0,0,26000,0,0,0,28000,2000,26000,26000
055695,大毅國票98購03  ,0,0,0,0,0,0,0,0,0,26000,0,0,0,26000,0,26000,26000
057580,玉山金中信9A購01,0,0,0,0,0,0,0,0,0,26000,0,0,0,28000,2000,26000,26000
060327,美律群益9A購02  ,0,0,0,0,0,0,0,0,0,26000,0,0,0,26000,0,26000,26000
058733,同欣電永豐99購02,0,0,0,0,0,0,0,0,0,26000,0,0,0,37000,11000,26000,26000
063190,聯茂凱基9B購01  ,0,2000,-2000,0,0,0,0,0,0,28000,0,0,0,86000,58000,28000,26000
062366,義隆元大9B購04  ,0,0,0,0,0,0,0,0,0,26000,0,0,0,44000,18000,26000,26000
062426,大立光統一02購02,0,0,0,0,0,0,0,0,0,26000,0,0,0,134000,108000,26000,26000
063281,京元電元大9B購01,0,0,0,0,0,0,0,0,0,26000,0,0,0,39000,13000,26000,26000
061836,華新科凱基05購01,0,0,0,0,0,0,0,0,0,26000,0,0,0,27000,1000,26000,26000
061117,美律國泰9C購01  ,0,0,0,0,0,0,0,0,0,26000,0,0,0,26000,0,26000,26000
066026,泰碩群益03購01  ,0,0,0,0,0,0,0,0,0,26000,0,0,0,149000,123000,26000,26000
067986,亞德客元大01購04,0,0,0,0,0,0,0,0,0,26000,0,0,0,254000,228000,26000,26000
2607,榮運            ,89000,63000,26000,0,0,0,0,0,0,0,0,0,0,0,0,0,26000
08826P,健策元大01售08  ,0,0,0,0,0,0,0,0,0,25000,0,0,0,50000,25000,25000,25000
08724P,臺股指元大01售05,0,0,0,0,0,0,0,0,0,25000,0,0,0,25000,0,25000,25000
08617P,緯創元富9C售03  ,0,0,0,0,0,0,0,0,0,25000,0,0,0,101000,76000,25000,25000
064287,日月光元大9C購01,0,0,0,0,0,0,0,0,0,25000,0,0,0,51000,26000,25000,25000
08272P,鴻海元富9C售02  ,0,0,0,0,0,0,0,0,0,25000,0,0,0,25000,0,25000,25000
064393,友訊永豐9C購01  ,0,0,0,0,0,0,0,0,0,25000,0,0,0,26000,1000,25000,25000
064869,景碩永豐9C購01  ,0,0,0,0,0,0,0,0,0,25000,0,0,0,118000,93000,25000,25000
08214P,南六統一9B售03  ,0,0,0,0,0,0,0,0,0,25000,0,0,0,55000,30000,25000,25000
07085P,超眾元富9C售01  ,0,0,0,0,0,0,0,0,0,25000,0,0,0,75000,50000,25000,25000
057924,健策凱基98購02  ,0,0,0,0,0,0,0,0,0,25000,0,0,0,25000,0,25000,25000
058101,台積電富邦9C購01,0,0,0,0,0,0,0,0,0,25000,0,0,0,25000,0,25000,25000
061483,TPK元大9A購01   ,0,0,0,0,0,0,0,0,0,25000,0,0,0,25000,0,25000,25000
060057,欣興凱基9B購01  ,0,0,0,0,0,0,0,0,0,25000,0,0,0,31000,6000,25000,25000
059128,友達中信99購02  ,0,0,0,0,0,0,0,0,0,25000,0,0,0,25000,0,25000,25000
059146,貿聯國票9A購02  ,0,0,0,0,0,0,0,0,0,25000,0,0,0,28000,3000,25000,25000
054756,世紀鋼凱基99購01,0,0,0,0,0,0,0,0,0,25000,0,0,0,52000,27000,25000,25000
057240,茂林凱基9A購01  ,0,0,0,0,0,0,0,0,0,25000,0,0,0,25000,0,25000,25000
063421,可成凱基9C購02  ,0,0,0,0,0,0,0,0,0,25000,0,0,0,25000,0,25000,25000
061231,聚陽元大9A購02  ,0,0,0,0,0,0,0,0,0,25000,0,0,0,25000,0,25000,25000
060862,美律永豐9A購01  ,0,0,0,0,0,0,0,0,0,25000,0,0,0,157000,132000,25000,25000
065206,旺宏國票01購02  ,0,0,0,0,0,0,0,0,0,25000,0,0,0,44000,19000,25000,25000
063621,華新科兆豐9B購02,0,0,0,0,0,0,0,0,0,25000,0,0,0,25000,0,25000,25000
066173,泰碩凱基02購01  ,0,0,0,0,0,0,0,0,0,25000,0,0,0,25000,0,25000,25000
066422,嘉晶元大02購01  ,0,0,0,0,0,0,0,0,0,25000,0,0,0,180000,155000,25000,25000
066906,聯發科凱基03購03,0,0,0,0,0,0,0,0,0,25000,0,0,0,27000,2000,25000,25000
1786,科妍            ,35000,9000,26000,0,0,0,0,0,0,-1000,1000,2000,-1000,0,0,0,25000
2423,固緯            ,31000,3000,28000,0,0,0,0,0,0,-3000,0,3000,-3000,0,0,0,25000
911868,同方友友-DR     ,25000,0,25000,0,0,0,0,0,0,0,0,0,0,0,0,0,25000
07712P,茂林元大9A售03  ,0,0,0,0,0,0,0,0,0,24000,0,0,0,79000,55000,24000,24000
07531P,大立光國泰9B售03,0,0,0,0,0,0,0,0,0,24000,0,0,0,24000,0,24000,24000
064642,裕隆凱基9C購01  ,0,0,0,0,0,0,0,0,0,24000,0,0,0,90000,66000,24000,24000
064593,鈺齊永豐9C購01  ,0,0,0,0,0,0,0,0,0,24000,0,0,0,25000,1000,24000,24000
064493,南亞科元大9C購01,0,0,0,0,0,0,0,0,0,24000,0,0,0,81000,57000,24000,24000
058353,國巨凱基99購09  ,0,0,0,0,0,0,0,0,0,24000,0,0,0,30000,6000,24000,24000
058558,鴻海日盛9A購02  ,0,0,0,0,0,0,0,0,0,24000,0,0,0,767000,743000,24000,24000
058585,S&P正2中信9B購02,0,0,0,0,0,0,0,0,0,24000,0,0,0,44000,20000,24000,24000
060389,世紀鋼凱基9B購02,0,0,0,0,0,0,0,0,0,24000,0,0,0,24000,0,24000,24000
059515,牧德永豐99購01  ,0,0,0,0,0,0,0,0,0,24000,0,0,0,29000,5000,24000,24000
059277,群創元大99購05  ,0,0,0,0,0,0,0,0,0,24000,0,0,0,34000,10000,24000,24000
060651,瑞儀中信9B購01  ,0,0,0,0,0,0,0,0,0,24000,0,0,0,34000,10000,24000,24000
063571,TPK元大9B購03   ,0,0,0,0,0,0,0,0,0,24000,0,0,0,24000,0,24000,24000
061662,瑞儀永豐9A購02  ,0,0,0,0,0,0,0,0,0,24000,0,0,0,32000,8000,24000,24000
061994,瑞儀元大9B購01  ,0,0,0,0,0,0,0,0,0,24000,0,0,0,24000,0,24000,24000
062013,奇鋐富邦9B購01  ,0,0,0,0,0,0,0,0,0,24000,0,0,0,108000,84000,24000,24000
065545,華通兆豐9C購03  ,0,0,0,0,0,0,0,0,0,24000,0,0,0,24000,0,24000,24000
061048,國巨中信9A購05  ,0,0,0,0,0,0,0,0,0,24000,0,0,0,34000,10000,24000,24000
063008,華通元大9B購06  ,0,0,0,0,0,0,0,0,0,24000,0,0,0,24000,0,24000,24000
061362,台塑國票9B購01  ,0,0,0,0,0,0,0,0,0,24000,0,0,0,46000,22000,24000,24000
063406,麗豐國票9C購01  ,0,0,0,0,0,0,0,0,0,24000,0,0,0,81000,57000,24000,24000
066259,聯強元大01購01  ,0,0,0,0,0,0,0,0,0,24000,0,0,0,34000,10000,24000,24000
067977,中磊群益01購02  ,0,0,0,0,0,0,0,0,0,24000,0,0,0,39000,15000,24000,24000
06782P,大立光元大99售07,0,0,0,0,0,0,0,0,0,24000,0,0,0,24000,0,24000,24000
067425,京元電凱基01購01,0,0,0,0,0,0,0,0,0,24000,0,0,0,24000,0,24000,24000
065069,臺股指群益9C購17,0,0,0,0,0,0,0,0,0,23000,0,0,0,23000,0,23000,23000
065047,群創凱基9C購01  ,0,0,0,0,0,0,0,0,0,23000,0,0,0,52000,29000,23000,23000
08590P,智邦凱基9C售04  ,1030000,0,1030000,0,0,0,0,0,0,-1007000,0,0,0,50000,1057000,-1007000,23000
08985P,台表科兆豐03售02,0,0,0,0,0,0,0,0,0,23000,0,0,0,26000,3000,23000,23000
064399,和大凱基02購01  ,0,0,0,0,0,0,0,0,0,23000,0,0,0,73000,50000,23000,23000
057914,日月光日盛9A購01,0,0,0,0,0,0,0,0,0,23000,0,0,0,525000,502000,23000,23000
059296,大立光元富99購06,0,0,0,0,0,0,0,0,0,23000,0,0,0,33000,10000,23000,23000
059721,旺宏元大99購16  ,0,0,0,0,0,0,0,0,0,23000,0,0,0,24000,1000,23000,23000
056366,玉晶光元大99購04,0,0,0,0,0,0,0,0,0,23000,0,0,0,90000,67000,23000,23000
056772,欣興元大99購01  ,0,0,0,0,0,0,0,0,0,23000,0,0,0,32000,9000,23000,23000
006203,元大MSCI台灣    ,1000,1000,0,0,0,0,0,0,0,23000,0,0,0,60000,37000,23000,23000
061366,台勝科國票9A購01,0,0,0,0,0,0,0,0,0,23000,0,0,0,23000,0,23000,23000
063028,巨大元大9B購02  ,0,0,0,0,0,0,0,0,0,23000,0,0,0,23000,0,23000,23000
061664,上銀中信9A購01  ,0,0,0,0,0,0,0,0,0,23000,0,0,0,23000,0,23000,23000
061819,茂林群益9B購01  ,0,0,0,0,0,0,0,0,0,23000,0,0,0,264000,241000,23000,23000
062415,聯茂中信9C購01  ,0,0,0,0,0,0,0,0,0,23000,0,0,0,23000,0,23000,23000
064012,泰碩國票01購02  ,0,0,0,0,0,0,0,0,0,23000,0,0,0,63000,40000,23000,23000
067404,盛群永豐01購01  ,0,0,0,0,0,0,0,0,0,23000,0,0,0,23000,0,23000,23000
067613,康舒凱基01購01  ,0,0,0,0,0,0,0,0,0,23000,0,0,0,120000,97000,23000,23000
067282,金像電國票02購02,0,0,0,0,0,0,0,0,0,23000,0,0,0,43000,20000,23000,23000
067735,聯電元大03購01  ,0,0,0,0,0,0,0,0,0,23000,0,0,0,23000,0,23000,23000
06797P,臺股指凱基98售07,0,0,0,0,0,0,0,0,0,23000,0,0,0,33000,10000,23000,23000
066936,新日興國票02購01,0,0,0,0,0,0,0,0,0,23000,0,0,0,31000,8000,23000,23000
066308,中化永豐01購01  ,0,0,0,0,0,0,0,0,0,23000,0,0,0,23000,0,23000,23000
6552,易華電          ,74000,49000,25000,0,0,0,0,0,0,-2000,0,2000,-2000,0,0,0,23000
3543,州巧            ,25000,2000,23000,0,0,0,0,0,0,0,0,0,0,0,0,0,23000
064442,嘉聯益凱基9C購01,0,0,0,0,0,0,0,0,0,22000,0,0,0,371000,349000,22000,22000
08069P,大立光國泰01售02,0,0,0,0,0,0,0,0,0,22000,0,0,0,22000,0,22000,22000
064986,GIS元大9C購07   ,0,0,0,0,0,0,0,0,0,22000,0,0,0,50000,28000,22000,22000
07246P,旺宏凱基99售08  ,0,0,0,0,0,0,0,0,0,22000,0,0,0,25000,3000,22000,22000
08796P,晶技凱基01售01  ,0,0,0,0,0,0,0,0,0,22000,0,0,0,26000,4000,22000,22000
08782P,台積電元大01售17,0,0,0,0,0,0,0,0,0,22000,0,0,0,22000,0,22000,22000
08856P,台灣50國票01售06,0,0,0,0,0,0,0,0,0,22000,0,0,0,22000,0,22000,22000
08643P,和碩群益9C售02  ,0,0,0,0,0,0,0,0,0,22000,0,0,0,62000,40000,22000,22000
08367P,臺股指凱基9C售11,0,0,0,0,0,0,0,0,0,22000,0,0,0,95000,73000,22000,22000
065109,台勝科國票01購01,0,0,0,0,0,0,0,0,0,22000,0,0,0,22000,0,22000,22000
065074,亞德客元大9C購03,0,0,0,0,0,0,0,0,0,22000,0,0,0,25000,3000,22000,22000
064133,力成元大9C購01  ,0,0,0,0,0,0,0,0,0,22000,0,0,0,22000,0,22000,22000
020011,統一微波高息20N ,0,0,0,0,0,0,0,0,0,22000,0,0,0,43000,21000,22000,22000
054468,台郡凱基98購01  ,0,0,0,0,0,0,0,0,0,22000,0,0,0,24000,2000,22000,22000
058536,群創統一9B購01  ,0,0,0,0,0,0,0,0,0,22000,0,0,0,579000,557000,22000,22000
057568,友訊永豐99購01  ,0,0,0,0,0,0,0,0,0,22000,0,0,0,32000,10000,22000,22000
056742,玉晶光凱基9A購01,0,0,0,0,0,0,0,0,0,22000,0,0,0,32000,10000,22000,22000
060239,國揚元大9C購01  ,0,0,0,0,0,0,0,0,0,22000,0,0,0,52000,30000,22000,22000
060401,世紀鋼國票9B購01,0,0,0,0,0,0,0,0,0,22000,0,0,0,42000,20000,22000,22000
059816,聯電凱基99購03  ,0,0,0,0,0,0,0,0,0,22000,0,0,0,22000,0,22000,22000
062254,台光電元大9B購02,0,0,0,0,0,0,0,0,0,22000,0,0,0,62000,40000,22000,22000
063864,健策富邦01購01  ,0,0,0,0,0,0,0,0,0,22000,0,0,0,45000,23000,22000,22000
061639,晶豪科元大9A購02,0,40000,-40000,0,0,0,0,0,0,62000,0,0,0,428000,366000,62000,22000
061770,泰碩元大9B購02  ,0,0,0,0,0,0,0,0,0,22000,0,0,0,48000,26000,22000,22000
062766,台郡凱基9B購02  ,0,0,0,0,0,0,0,0,0,22000,0,0,0,22000,0,22000,22000
062722,京元電凱基9B購02,0,0,0,0,0,0,0,0,0,22000,0,0,0,210000,188000,22000,22000
061052,和大群益9A購01  ,0,0,0,0,0,0,0,0,0,22000,0,0,0,39000,17000,22000,22000
063069,道瓊銀富邦05購01,0,0,0,0,0,0,0,0,0,22000,0,0,0,27000,5000,22000,22000
061363,儒鴻國票9B購01  ,0,0,0,0,0,0,0,0,0,22000,0,0,0,22000,0,22000,22000
063399,智原群益9B購01  ,0,0,0,0,0,0,0,0,0,22000,0,0,0,35000,13000,22000,22000
066707,揚明光群益01購02,0,0,0,0,0,0,0,0,0,22000,0,0,0,34000,12000,22000,22000
068241,力山元大01購02  ,0,0,0,0,0,0,0,0,0,22000,0,0,0,161000,139000,22000,22000
067668,金像電元大01購02,0,0,0,0,0,0,0,0,0,22000,0,0,0,39000,17000,22000,22000
067956,玉晶光永豐01購08,0,0,0,0,0,0,0,0,0,22000,0,0,0,32000,10000,22000,22000
2444,兆勁            ,22000,0,22000,0,0,0,0,0,0,0,0,0,0,0,0,0,22000
4560,強信-KY         ,133000,110000,23000,0,0,0,0,0,0,-1000,0,1000,-1000,0,0,0,22000
065106,S&P反1國票9C購02,0,0,0,0,0,0,0,0,0,21000,0,0,0,21000,0,21000,21000
064306,和潤兆豐01購01  ,0,0,0,0,0,0,0,0,0,21000,0,0,0,21000,0,21000,21000
08605P,聯發科中信9C售06,0,0,0,0,0,0,0,0,0,21000,0,0,0,268000,247000,21000,21000
08982P,泰碩凱基01售01  ,0,0,0,0,0,0,0,0,0,21000,0,0,0,65000,44000,21000,21000
08983P,玉晶光凱基01售06,0,0,0,0,0,0,0,0,0,21000,0,0,0,24000,3000,21000,21000
068353,台積電凱基01購23,0,0,0,0,0,0,0,0,0,21000,0,0,0,37000,16000,21000,21000
068566,聯發科元大01購31,0,0,0,0,0,0,0,0,0,21000,0,0,0,90000,69000,21000,21000
068484,聯電元大03購02  ,0,0,0,0,0,0,0,0,0,21000,0,0,0,32000,11000,21000,21000
064680,創意兆豐01購01  ,0,0,0,0,0,0,0,0,0,21000,0,0,0,30000,9000,21000,21000
07967P,力山元大9B售03  ,0,0,0,0,0,0,0,0,0,21000,0,0,0,21000,0,21000,21000
062268,力山群益9B購01  ,0,0,0,0,0,0,0,0,0,21000,0,0,0,82000,61000,21000,21000
062237,緯創凱基9B購01  ,0,0,0,0,0,0,0,0,0,21000,0,0,0,63000,42000,21000,21000
058712,鴻海統一9B購03  ,0,0,0,0,0,0,0,0,0,21000,0,0,0,80000,59000,21000,21000
058351,上銀凱基9A購02  ,0,0,0,0,0,0,0,0,0,21000,0,0,0,21000,0,21000,21000
054808,東元元大9A購01  ,0,0,0,0,0,0,0,0,0,21000,0,0,0,21000,0,21000,21000
03050X,元展47          ,0,0,0,0,0,0,0,0,0,21000,0,0,0,21000,0,21000,21000
063374,嘉澤永豐9B購04  ,0,0,0,0,0,0,0,0,0,21000,0,0,0,26000,5000,21000,21000
061192,奇鋐永豐9A購01  ,0,0,0,0,0,0,0,0,0,21000,0,0,0,31000,10000,21000,21000
063051,仁寶統一01購01  ,0,0,0,0,0,0,0,0,0,21000,0,0,0,101000,80000,21000,21000
063147,東元元富9B購01  ,0,0,0,0,0,0,0,0,0,21000,0,0,0,102000,81000,21000,21000
063221,京元電群益9B購02,0,0,0,0,0,0,0,0,0,21000,0,0,0,23000,2000,21000,21000
067951,宏碁永豐01購02  ,0,0,0,0,0,0,0,0,0,21000,0,0,0,21000,0,21000,21000
066164,精元凱基01購01  ,0,0,0,0,0,0,0,0,0,21000,0,0,0,126000,105000,21000,21000
065744,華新元大9C購01  ,0,0,0,0,0,0,0,0,0,21000,0,0,0,120000,99000,21000,21000
8033,雷虎            ,33000,12000,21000,0,0,0,0,0,0,0,0,0,0,0,0,0,21000
8103,瀚荃            ,106000,92000,14000,0,0,0,0,0,0,7000,7000,0,7000,0,0,0,21000
2374,佳能            ,40000,12000,28000,0,0,0,0,0,0,-7000,0,7000,-7000,0,0,0,21000
3094,聯傑            ,56000,35000,21000,0,0,0,0,0,0,0,0,0,0,0,0,0,21000
2612,中航            ,23000,2000,21000,0,0,0,0,0,0,0,0,0,0,0,0,0,21000
08054P,臺股指國票9B售19,0,0,0,0,0,0,0,0,0,20000,0,0,0,20000,0,20000,20000
08002P,大毅國票9B售03  ,0,0,0,0,0,0,0,0,0,20000,0,0,0,20000,0,20000,20000
07921P,鴻海群益9B售04  ,0,0,0,0,0,0,0,0,0,20000,0,0,0,20000,0,20000,20000
08121P,聯發科國票9B售05,0,0,0,0,0,0,0,0,0,20000,0,0,0,20000,0,20000,20000
08141P,鴻海凱基9B售09  ,0,0,0,0,0,0,0,0,0,20000,0,0,0,20000,0,20000,20000
08143P,聯發科凱基9C售05,0,0,0,0,0,0,0,0,0,20000,0,0,0,20000,0,20000,20000
064408,TPK凱基02購01   ,0,0,0,0,0,0,0,0,0,20000,0,0,0,20000,0,20000,20000
064923,牧德統一02購01  ,0,0,0,0,0,0,0,0,0,20000,0,0,0,20000,0,20000,20000
064696,群創群益9C購02  ,0,0,0,0,0,0,0,0,0,20000,0,0,0,30000,10000,20000,20000
068458,玉晶光國票01購10,0,0,0,0,0,0,0,0,0,20000,0,0,0,22000,2000,20000,20000
06839P,玉晶光統一9A售05,0,0,0,0,0,0,0,0,0,20000,0,0,0,20000,0,20000,20000
07081P,南電群益9A售01  ,0,0,0,0,0,0,0,0,0,20000,0,0,0,20000,0,20000,20000
06959P,鴻海凱基9A售02  ,0,0,0,0,0,0,0,0,0,20000,0,0,0,20000,0,20000,20000
06859P,元金2X中信9C售01,0,0,0,0,0,0,0,0,0,20000,0,0,0,20000,0,20000,20000
07462P,臺股指元大9B售05,0,0,0,0,0,0,0,0,0,20000,0,0,0,20000,0,20000,20000
07833P,大立光群益9B售02,0,0,0,0,0,0,0,0,0,20000,0,0,0,25000,5000,20000,20000
08771P,滬深2X凱基01售02,0,0,0,0,0,0,0,0,0,20000,0,0,0,21000,1000,20000,20000
08812P,聯發科群益01售01,0,0,0,0,0,0,0,0,0,20000,0,0,0,20000,0,20000,20000
08632P,聯發科元大9C售19,0,0,0,0,0,0,0,0,0,20000,0,0,0,20000,0,20000,20000
08547P,大立光中信9C售04,0,0,0,0,0,0,0,0,0,20000,0,0,0,20000,0,20000,20000
08712P,國巨元富07售03  ,0,0,0,0,0,0,0,0,0,20000,0,0,0,20000,0,20000,20000
08392P,上銀群益9C售01  ,0,0,0,0,0,0,0,0,0,20000,0,0,0,30000,10000,20000,20000
08515P,鴻海群益9C售06  ,0,0,0,0,0,0,0,0,0,20000,0,0,0,20000,0,20000,20000
08471P,日月光凱基9C售02,0,0,0,0,0,0,0,0,0,20000,0,0,0,20000,0,20000,20000
064063,健策國泰01購02  ,0,0,0,0,0,0,0,0,0,20000,0,0,0,67000,47000,20000,20000
064097,友訊群益9C購01  ,0,0,0,0,0,0,0,0,0,20000,0,0,0,20000,0,20000,20000
064569,群創群益9C購01  ,0,0,0,0,0,0,0,0,0,20000,0,0,0,110000,90000,20000,20000
03073P,大立光國泰03售04,0,0,0,0,0,0,0,0,0,20000,0,0,0,20000,0,20000,20000
052318,友達元大98購01  ,0,0,0,0,0,0,0,0,0,20000,0,0,0,20000,0,20000,20000
052521,友達元大9B購01  ,0,0,0,0,0,0,0,0,0,20000,0,0,0,20000,0,20000,20000
052328,台表科中信99購01,0,0,0,0,0,0,0,0,0,20000,0,0,0,115000,95000,20000,20000
0050,元大台灣50      ,703100,448100,255000,0,0,0,0,68000,-68000,-167000,150000,335000,-185000,1378000,1360000,18000,20000
03179P,聯發科群益01售16,0,0,0,0,0,0,0,0,0,20000,0,0,0,30000,10000,20000,20000
03127P,台表科凱基01售03,0,0,0,0,0,0,0,0,0,20000,0,0,0,20000,0,20000,20000
057151,易華電國票99購01,0,0,0,0,0,0,0,0,0,20000,0,0,0,20000,0,20000,20000
057383,玉晶光富邦9A購01,0,0,0,0,0,0,0,0,0,20000,0,0,0,20000,0,20000,20000
056905,欣興元大98購03  ,0,0,0,0,0,0,0,0,0,20000,0,0,0,20000,0,20000,20000
055842,建準元大98購01  ,0,0,0,0,0,0,0,0,0,20000,0,0,0,30000,10000,20000,20000
056127,致新國票98購02  ,0,0,0,0,0,0,0,0,0,20000,0,0,0,20000,0,20000,20000
056316,訊芯元大98購03  ,0,0,0,0,0,0,0,0,0,20000,0,0,0,20000,0,20000,20000
054161,友訊凱基98購01  ,0,0,0,0,0,0,0,0,0,20000,0,0,0,20000,0,20000,20000
054164,強茂凱基98購01  ,0,0,0,0,0,0,0,0,0,20000,0,0,0,20000,0,20000,20000
053413,台積電國票99購01,0,0,0,0,0,0,0,0,0,20000,0,0,0,20000,0,20000,20000
058372,欣興凱基99購03  ,0,0,0,0,0,0,0,0,0,20000,0,0,0,20000,0,20000,20000
057546,台積電凱基02購01,0,0,0,0,0,0,0,0,0,20000,0,0,0,38000,18000,20000,20000
059665,嘉聯益元大99購06,0,0,0,0,0,0,0,0,0,20000,0,0,0,20000,0,20000,20000
059567,台積電凱基9A購12,0,0,0,0,0,0,0,0,0,20000,0,0,0,20000,0,20000,20000
057817,景碩元大98購01  ,0,0,0,0,0,0,0,0,0,20000,0,0,0,20000,0,20000,20000
058873,美律國票9A購02  ,0,0,0,0,0,0,0,0,0,20000,0,0,0,63000,43000,20000,20000
057609,友訊元富98購01  ,0,0,0,0,0,0,0,0,0,20000,0,0,0,33000,13000,20000,20000
058055,華擎統一9A購01  ,0,0,0,0,0,0,0,0,0,20000,0,0,0,20000,0,20000,20000
058074,欣興凱基99購01  ,0,0,0,0,0,0,0,0,0,20000,0,0,0,20000,0,20000,20000
062827,神基群益9B購01  ,0,0,0,0,0,0,0,0,0,20000,0,0,0,120000,100000,20000,20000
062877,可成兆豐9C購01  ,0,0,0,0,0,0,0,0,0,20000,0,0,0,25000,5000,20000,20000
062285,台勝科群益9B購01,0,0,0,0,0,0,0,0,0,20000,0,0,0,20000,0,20000,20000
059847,喬山永豐99購01  ,0,0,0,0,0,0,0,0,0,20000,0,0,0,25000,5000,20000,20000
059869,友達凱基99購07  ,0,0,0,0,0,0,0,0,0,20000,0,0,0,20000,0,20000,20000
058611,欣興元大99購06  ,0,0,0,0,0,0,0,0,0,20000,0,0,0,20000,0,20000,20000
058636,亞光兆豐9A購01  ,0,0,0,0,0,0,0,0,0,20000,0,0,0,20000,0,20000,20000
060049,華通凱基99購06  ,0,0,0,0,0,0,0,0,0,20000,0,0,0,20000,0,20000,20000
060075,台積電元富99購05,0,0,0,0,0,0,0,0,0,20000,0,0,0,20000,0,20000,20000
060116,世紀鋼元大99購07,0,0,0,0,0,0,0,0,0,20000,0,0,0,20000,0,20000,20000
059877,康控凱基99購05  ,0,0,0,0,0,0,0,0,0,20000,0,0,0,20000,0,20000,20000
059878,聯茂凱基99購07  ,0,0,0,0,0,0,0,0,0,20000,0,0,0,141000,121000,20000,20000
059921,大立光元大99購24,0,0,0,0,0,0,0,0,0,20000,0,0,0,38000,18000,20000,20000
060375,葡萄王元富9A購01,0,0,0,0,0,0,0,0,0,20000,0,0,0,20000,0,20000,20000
060343,台積電統一9C購02,0,0,0,0,0,0,0,0,0,20000,0,0,0,51000,31000,20000,20000
060182,旺宏元富9A購01  ,0,0,0,0,0,0,0,0,0,20000,0,0,0,20000,0,20000,20000
059452,全新永豐99購03  ,0,0,0,0,0,0,0,0,0,20000,0,0,0,104000,84000,20000,20000
059475,元石油群益99購02,0,0,0,0,0,0,0,0,0,20000,0,0,0,20000,0,20000,20000
059443,嘉聯益元大9B購01,0,0,0,0,0,0,0,0,0,20000,0,0,0,20000,0,20000,20000
063186,聯發科凱基9C購04,0,0,0,0,0,0,0,0,0,20000,0,0,0,35000,15000,20000,20000
062335,茂林統一01購01  ,0,0,0,0,0,0,0,0,0,20000,0,0,0,20000,0,20000,20000
062718,技嘉凱基9B購01  ,0,0,0,0,0,0,0,0,0,20000,0,0,0,20000,0,20000,20000
062687,華擎統一01購02  ,0,0,0,0,0,0,0,0,0,20000,0,0,0,20000,0,20000,20000
062603,台化凱基9B購01  ,0,0,0,0,0,0,0,0,0,20000,0,0,0,30000,10000,20000,20000
061751,華通台新9B購01  ,0,0,0,0,0,0,0,0,0,20000,0,0,0,20000,0,20000,20000
061679,健策元大9B購04  ,0,0,0,0,0,0,0,0,0,20000,0,0,0,20000,0,20000,20000
061654,旺宏國票9A購02  ,0,0,0,0,0,0,0,0,0,20000,0,0,0,20000,0,20000,20000
063704,麗豐群益9B購01  ,0,0,0,0,0,0,0,0,0,20000,0,0,0,20000,0,20000,20000
063462,金像電元大9C購01,0,0,0,0,0,0,0,0,0,20000,0,0,0,20000,0,20000,20000
063888,TPK中信01購01   ,0,0,0,0,0,0,0,0,0,20000,0,0,0,20000,0,20000,20000
063551,美食國票9B購02  ,0,0,0,0,0,0,0,0,0,20000,0,0,0,20000,0,20000,20000
062559,嘉晶凱基9B購02  ,0,0,0,0,0,0,0,0,0,20000,0,0,0,40000,20000,20000,20000
063036,聯發科凱基9B購11,0,0,0,0,0,0,0,0,0,20000,0,0,0,20000,0,20000,20000
063007,儒鴻元大9B購01  ,0,0,0,0,0,0,0,0,0,20000,0,0,0,20000,0,20000,20000
060845,欣興國票9A購01  ,0,0,0,0,0,0,0,0,0,20000,0,0,0,21000,1000,20000,20000
060861,漢唐永豐9A購01  ,0,0,0,0,0,0,0,0,0,20000,0,0,0,22000,2000,20000,20000
062045,崇越凱基9B購01  ,0,0,0,0,0,0,0,0,0,20000,0,0,0,20000,0,20000,20000
063423,聯詠凱基9C購02  ,0,0,0,0,0,0,0,0,0,20000,0,0,0,22000,2000,20000,20000
061378,南六永豐9A購03  ,0,0,0,0,0,0,0,0,0,20000,0,0,0,92000,72000,20000,20000
065512,友訊群益01購01  ,0,0,0,0,0,0,0,0,0,20000,0,0,0,20000,0,20000,20000
065440,台積電麥證9C購02,0,0,0,20000,0,20000,0,0,0,20000,0,0,0,20000,0,20000,20000
061979,友達元大9C購08  ,0,0,0,0,0,0,0,0,0,20000,0,0,0,70000,50000,20000,20000
060452,儒鴻元大9A購01  ,0,0,0,0,0,0,0,0,0,20000,0,0,0,20000,0,20000,20000
060453,儒鴻元大9A購02  ,0,0,0,0,0,0,0,0,0,20000,0,0,0,20000,0,20000,20000
062120,國巨台新9B購01  ,0,0,0,0,0,0,0,0,0,20000,0,0,0,20000,0,20000,20000
060540,南亞凱基9A購01  ,0,0,0,0,0,0,0,0,0,20000,0,0,0,25000,5000,20000,20000
065958,T50反1元大01購01,0,0,0,0,0,0,0,0,0,20000,0,0,0,20000,0,20000,20000
065914,智邦凱基02購03  ,0,0,0,0,0,0,0,0,0,20000,0,0,0,46000,26000,20000,20000
066240,泰鼎富邦03購01  ,0,0,0,0,0,0,0,0,0,20000,0,0,0,20000,0,20000,20000
066070,金像電凱基01購03,0,0,0,0,0,0,0,0,0,20000,0,0,0,25000,5000,20000,20000
066787,聯發科麥證01購06,0,0,0,20000,0,20000,0,0,0,20000,0,0,0,20000,0,20000,20000
066822,泰豐群益01購01  ,0,0,0,0,0,0,0,0,0,20000,0,0,0,20000,0,20000,20000
06789P,鴻海凱基98售12  ,0,0,0,0,0,0,0,0,0,20000,0,0,0,20000,0,20000,20000
067763,鈺齊永豐01購01  ,0,0,0,0,0,0,0,0,0,20000,0,0,0,24000,4000,20000,20000
068233,同欣電元富05購01,0,0,0,0,0,0,0,0,0,20000,0,0,0,20000,0,20000,20000
068018,玉晶光國票02購05,0,0,0,0,0,0,0,0,0,20000,0,0,0,20000,0,20000,20000
068072,聯發科凱基01購18,0,0,0,0,0,0,0,0,0,20000,0,0,0,20000,0,20000,20000
067232,友訊群益01購05  ,0,0,0,0,0,0,0,0,0,20000,0,0,0,120000,100000,20000,20000
067190,智伸科凱基02購01,0,0,0,0,0,0,0,0,0,20000,0,0,0,25000,5000,20000,20000
067051,泰鼎凱基02購01  ,0,0,0,0,0,0,0,0,0,20000,0,0,0,20000,0,20000,20000
067052,帆宣凱基02購01  ,0,0,0,0,0,0,0,0,0,20000,0,0,0,25000,5000,20000,20000
067416,南紡凱基01購01  ,0,0,0,0,0,0,0,0,0,20000,0,0,0,50000,30000,20000,20000
2701,萬企            ,24000,1000,23000,0,0,0,0,0,0,-3000,0,3000,-3000,0,0,0,20000
3346,麗清            ,28000,8000,20000,0,0,0,0,0,0,0,0,0,0,0,0,0,20000
2015,豐興            ,61000,41000,20000,0,0,0,0,0,0,0,0,0,0,0,0,0,20000
912000,晨訊科-DR       ,20000,0,20000,0,0,0,0,0,0,0,0,0,0,0,0,0,20000
4952,凌通            ,24000,4000,20000,0,0,0,0,0,0,0,0,0,0,0,0,0,20000
064622,晶技元大01購01  ,0,0,0,0,0,0,0,0,0,19000,0,0,0,24000,5000,19000,19000
064344,緯創元大9C購01  ,0,0,0,0,0,0,0,0,0,19000,0,0,0,19000,0,19000,19000
064058,儒鴻麥證01購01  ,0,0,0,19000,10000,9000,0,0,0,19000,0,0,0,29000,10000,19000,19000
08784P,上証2X元富01售01,0,0,0,0,0,0,0,0,0,19000,0,0,0,19000,0,19000,19000
08977P,臺股指群益01售11,0,0,0,0,0,0,0,0,0,19000,0,0,0,21000,2000,19000,19000
1316,上曜            ,17000,3000,14000,0,0,0,0,0,0,5000,5000,0,5000,0,0,0,19000
07292P,臺股指凱基99售44,0,0,0,0,0,0,0,0,0,19000,0,0,0,20000,1000,19000,19000
068418,微星兆豐03購01  ,0,0,0,0,0,0,0,0,0,19000,0,0,0,39000,20000,19000,19000
064752,台達電凱基01購01,0,0,0,0,0,0,0,0,0,19000,0,0,0,34000,15000,19000,19000
064657,和大元大9C購02  ,0,0,0,0,0,0,0,0,0,19000,0,0,0,39000,20000,19000,19000
08225P,臺股指凱基9B售20,0,0,0,0,0,0,0,0,0,19000,0,0,0,20000,1000,19000,19000
059532,華新科凱基9B購03,0,0,0,0,0,0,0,0,0,19000,0,0,0,19000,0,19000,19000
059948,正文永豐99購01  ,0,0,0,0,0,0,0,0,0,19000,0,0,0,123000,104000,19000,19000
059170,康控凱基9B購01  ,0,0,0,0,0,0,0,0,0,19000,0,0,0,37000,18000,19000,19000
059908,元金2X元大99購01,0,0,0,0,0,0,0,0,0,19000,0,0,0,20000,1000,19000,19000
058586,鴻海中信01購02  ,0,0,0,0,0,0,0,0,0,19000,0,0,0,29000,10000,19000,19000
057243,樺漢凱基99購01  ,0,0,0,0,0,0,0,0,0,19000,0,0,0,19000,0,19000,19000
051847,香港反中信99購01,0,0,0,0,0,0,0,0,0,19000,0,0,0,19000,0,19000,19000
065307,矽格元富9C購01  ,0,0,0,0,0,0,0,0,0,19000,0,0,0,76000,57000,19000,19000
061468,神達群益9A購01  ,0,0,0,0,0,0,0,0,0,19000,0,0,0,51000,32000,19000,19000
063616,上銀兆豐9C購01  ,0,0,0,0,0,0,0,0,0,19000,0,0,0,19000,0,19000,19000
063501,旭富永豐9B購02  ,0,0,0,0,0,0,0,0,0,19000,0,0,0,20000,1000,19000,19000
063851,健策元大01購01  ,0,0,0,0,0,0,0,0,0,19000,0,0,0,115000,96000,19000,19000
063467,大立光元大9C購06,0,0,0,0,0,0,0,0,0,19000,0,0,0,19000,0,19000,19000
067012,台虹永豐01購02  ,0,0,0,0,0,0,0,0,0,19000,0,0,0,20000,1000,19000,19000
067650,技嘉元富07購03  ,0,0,0,0,0,0,0,0,0,19000,0,0,0,39000,20000,19000,19000
066913,樺漢凱基01購01  ,0,0,0,0,0,0,0,0,0,19000,0,0,0,19000,0,19000,19000
065781,創意富邦01購01  ,0,0,0,0,0,0,0,0,0,19000,0,0,0,79000,60000,19000,19000
4999,鑫禾            ,23000,4000,19000,0,0,0,0,0,0,0,0,0,0,0,0,0,19000
2302,麗正            ,21000,2000,19000,0,0,0,0,0,0,0,0,0,0,0,0,0,19000
08139P,華新科元大9B售12,0,0,0,0,0,0,0,0,0,18000,0,0,0,43000,25000,18000,18000
08153P,台表科統一9B售01,0,0,0,0,0,0,0,0,0,18000,0,0,0,38000,20000,18000,18000
08080P,祥碩國票9B售03  ,0,0,0,0,0,0,0,0,0,18000,0,0,0,148000,130000,18000,18000
07991P,鴻海群益9C售02  ,0,0,0,0,0,0,0,0,0,18000,0,0,0,18000,0,18000,18000
064708,帆宣永豐9C購01  ,0,0,0,0,0,0,0,0,0,18000,0,0,0,57000,39000,18000,18000
068268,旺宏永豐01購01  ,0,0,0,0,0,0,0,0,0,18000,0,0,0,50000,32000,18000,18000
1109,信大            ,19000,1000,18000,0,0,0,0,0,0,0,0,0,0,0,0,0,18000
08410P,臺股指元大9C售16,0,0,0,0,0,0,0,0,0,18000,0,0,0,20000,2000,18000,18000
08364P,聯發科凱基02售02,0,0,0,0,0,0,0,0,0,18000,0,0,0,18000,0,18000,18000
08733P,臺股指麥證01售05,0,0,0,18000,0,18000,0,0,0,18000,0,0,0,18000,0,18000,18000
064112,宏碁國票01購01  ,0,0,0,0,0,0,0,0,0,18000,0,0,0,18000,0,18000,18000
03059P,台積電凱基01售19,0,0,0,0,0,0,0,0,0,18000,0,0,0,18000,0,18000,18000
057175,美律元大98購03  ,0,0,0,0,0,0,0,0,0,18000,0,0,0,30000,12000,18000,18000
059635,華新科凱基9A購06,0,0,0,0,0,0,0,0,0,18000,0,0,0,20000,2000,18000,18000
058377,茂林凱基9A購03  ,10000,190000,-180000,0,0,0,0,0,0,198000,0,0,0,218000,20000,198000,18000
054534,台積電富邦98購03,0,0,0,0,0,0,0,0,0,18000,0,0,0,18000,0,18000,18000
059100,元油2X統一9C購02,0,0,0,0,0,0,0,0,0,18000,0,0,0,20000,2000,18000,18000
059467,旺宏元大99購15  ,0,0,0,0,0,0,0,0,0,18000,0,0,0,20000,2000,18000,18000
060419,漢翔永豐9A購01  ,0,0,0,0,0,0,0,0,0,18000,0,0,0,22000,4000,18000,18000
058014,上銀凱基99購02  ,0,0,0,0,0,0,0,0,0,18000,0,0,0,18000,0,18000,18000
063996,貿聯群益9C購01  ,0,0,0,0,0,0,0,0,0,18000,0,0,0,18000,0,18000,18000
062316,康控凱基9B購03  ,0,0,0,0,0,0,0,0,0,18000,0,0,0,48000,30000,18000,18000
061375,華通永豐9A購02  ,0,0,0,0,0,0,0,0,0,18000,0,0,0,18000,0,18000,18000
061389,華新科群益9B購01,0,0,0,0,0,0,0,0,0,18000,0,0,0,70000,52000,18000,18000
061347,創意元大9A購02  ,0,0,0,0,0,0,0,0,0,18000,0,0,0,35000,17000,18000,18000
063408,茂林國票9C購02  ,0,0,0,0,0,0,0,0,0,18000,0,0,0,88000,70000,18000,18000
061904,台灣50中信9B購01,0,0,0,0,0,0,0,0,0,18000,0,0,0,20000,2000,18000,18000
065337,華通統一01購03  ,0,0,0,0,0,0,0,0,0,18000,0,0,0,151000,133000,18000,18000
065419,立積國票01購03  ,0,0,0,0,0,0,0,0,0,18000,0,0,0,18000,0,18000,18000
066136,景碩群益01購02  ,0,0,0,0,0,0,0,0,0,18000,0,0,0,137000,119000,18000,18000
066794,鴻海凱基01購07  ,0,0,0,0,0,0,0,0,0,18000,0,0,0,18000,0,18000,18000
067931,旺宏凱基01購05  ,0,0,0,0,0,0,0,0,0,18000,0,0,0,33000,15000,18000,18000
067972,玉晶光群益02購22,0,0,0,0,0,0,0,0,0,18000,0,0,0,85000,67000,18000,18000
067262,嘉基國票02購01  ,0,0,0,0,0,0,0,0,0,18000,0,0,0,20000,2000,18000,18000
3312,弘憶股          ,6000,14000,-8000,0,0,0,0,0,0,26000,26000,0,26000,0,0,0,18000
8021,尖點            ,62000,41000,21000,0,0,0,0,0,0,-3000,0,3000,-3000,0,0,0,18000
3008,大立光          ,150941,126348,24593,0,0,0,0,7800,-7800,1000,2000,3000,-1000,4000,2000,2000,17793
6669,緯穎            ,364520,311164,53356,0,0,0,0,1000,-1000,-35000,6000,6000,0,5000,40000,-35000,17356
064573,復盛群益9C購01  ,0,0,0,0,0,0,0,0,0,17000,0,0,0,17000,0,17000,17000
065099,聯茂元大9C購03  ,0,0,0,0,0,0,0,0,0,17000,0,0,0,44000,27000,17000,17000
064481,技嘉永豐9C購01  ,0,0,0,0,0,0,0,0,0,17000,0,0,0,24000,7000,17000,17000
068469,鴻海群益01購11  ,0,0,0,0,0,0,0,0,0,17000,0,0,0,57000,40000,17000,17000
068522,旺宏元富04購01  ,0,0,0,0,0,0,0,0,0,17000,0,0,0,22000,5000,17000,17000
064692,嘉晶群益9C購03  ,0,0,0,0,0,0,0,0,0,17000,0,0,0,38000,21000,17000,17000
064421,技嘉兆豐01購01  ,0,0,0,0,0,0,0,0,0,17000,0,0,0,37000,20000,17000,17000
062850,友訊永豐9B購01  ,0,0,0,0,0,0,0,0,0,17000,0,0,0,41000,24000,17000,17000
060718,中磊永豐9A購01  ,0,0,0,0,0,0,0,0,0,17000,0,0,0,49000,32000,17000,17000
060329,鎧勝群益9B購01  ,0,0,0,0,0,0,0,0,0,17000,0,0,0,17000,0,17000,17000
060297,和碩元大9A購02  ,0,0,0,0,0,0,0,0,0,17000,0,0,0,54000,37000,17000,17000
059312,元石油元大99購05,0,0,0,0,0,0,0,0,0,17000,0,0,0,17000,0,17000,17000
059063,康控凱基99購04  ,0,0,0,0,0,0,0,0,0,17000,0,0,0,27000,10000,17000,17000
053891,欣興群益98購01  ,0,0,0,0,0,0,0,0,0,17000,0,0,0,80000,63000,17000,17000
057455,景碩國泰99購01  ,0,0,0,0,0,0,0,0,0,17000,0,0,0,17000,0,17000,17000
058389,聯茂國票9A購01  ,0,0,0,0,0,0,0,0,0,17000,0,0,0,18000,1000,17000,17000
058376,貿聯凱基9A購01  ,0,0,0,0,0,0,0,0,0,17000,0,0,0,17000,0,17000,17000
03156P,台灣50元大01售36,0,0,0,0,0,0,0,0,0,17000,0,0,0,20000,3000,17000,17000
03071P,GIS群益01售02   ,0,0,0,0,0,0,0,0,0,17000,0,0,0,27000,10000,17000,17000
00688L,國泰20年美債正2 ,0,0,0,0,0,0,0,0,0,17000,0,0,0,119000,102000,17000,17000
065526,台表科群益9C購03,0,0,0,0,0,0,0,0,0,17000,0,0,0,17000,0,17000,17000
065232,健策凱基02購01  ,0,0,0,0,0,0,0,0,0,17000,0,0,0,70000,53000,17000,17000
062328,南亞科統一9C購01,0,0,0,0,0,0,0,0,0,17000,0,0,0,92000,75000,17000,17000
062352,南六群益9B購02  ,0,0,0,0,0,0,0,0,0,17000,0,0,0,100000,83000,17000,17000
063226,康控群益9B購03  ,0,0,0,0,0,0,0,0,0,17000,0,0,0,124000,107000,17000,17000
063240,聯發科元大9B購17,0,0,0,0,0,0,0,0,0,17000,0,0,0,20000,3000,17000,17000
063348,祥碩統一01購04  ,0,0,0,0,0,0,0,0,0,17000,0,0,0,17000,0,17000,17000
061705,健策國票9A購06  ,0,0,0,0,0,0,0,0,0,17000,0,0,0,26000,9000,17000,17000
061843,億豐凱基9C購01  ,0,0,0,0,0,0,0,0,0,17000,0,0,0,203000,186000,17000,17000
063553,同欣電國票9B購03,0,0,0,0,0,0,0,0,0,17000,0,0,0,17000,0,17000,17000
063522,技嘉凱基9B購03  ,0,0,0,0,0,0,0,0,0,17000,0,0,0,18000,1000,17000,17000
06698P,玉晶光國票99售05,0,0,0,0,0,0,0,0,0,17000,0,0,0,55000,38000,17000,17000
066985,牧德群益02購02  ,0,0,0,0,0,0,0,0,0,17000,0,0,0,17000,0,17000,17000
06766P,玉晶光元大99售10,0,0,0,0,0,0,0,0,0,17000,0,0,0,45000,28000,17000,17000
06688P,鴻海中信02售01  ,0,0,0,0,0,0,0,0,0,17000,0,0,0,18000,1000,17000,17000
066419,聯發科元大01購11,0,0,0,0,0,0,0,0,0,17000,0,0,0,28000,11000,17000,17000
066618,南六康和01購01  ,0,0,0,0,0,0,0,0,0,17000,0,0,0,59000,42000,17000,17000
066129,佳世達群益01購01,0,0,0,0,0,0,0,0,0,17000,0,0,0,17000,0,17000,17000
065624,聯詠中信9C購01  ,0,0,0,0,0,0,0,0,0,17000,0,0,0,17000,0,17000,17000
1903,士紙            ,106300,108000,-1700,0,0,0,0,0,0,18000,18000,0,18000,0,0,0,16300
064787,和潤群益9C購01  ,0,0,0,0,0,0,0,0,0,16000,0,0,0,48000,32000,16000,16000
064888,景碩中信9C購01  ,0,0,0,0,0,0,0,0,0,16000,0,0,0,253000,237000,16000,16000
064897,宏達電群益9C購02,0,0,0,0,0,0,0,0,0,16000,0,0,0,22000,6000,16000,16000
064970,東元元大9C購01  ,0,0,0,0,0,0,0,0,0,16000,0,0,0,23000,7000,16000,16000
064255,泰碩國泰02購01  ,0,0,0,0,0,0,0,0,0,16000,0,0,0,131000,115000,16000,16000
064600,技嘉元富9C購01  ,0,0,0,0,0,0,0,0,0,16000,0,0,0,16000,0,16000,16000
064611,亞德客元大9C購02,0,0,0,0,0,0,0,0,0,16000,0,0,0,19000,3000,16000,16000
08711P,鴻海元富07售04  ,0,0,0,0,0,0,0,0,0,16000,0,0,0,16000,0,16000,16000
08458P,南電元大9C售04  ,0,0,0,0,0,0,0,0,0,16000,0,0,0,36000,20000,16000,16000
08517P,奇力新群益9C售03,0,0,0,0,0,0,0,0,0,16000,0,0,0,16000,0,16000,16000
03178P,台積電群益01售23,0,0,0,0,0,0,0,0,0,16000,0,0,0,20000,4000,16000,16000
056724,臻鼎中信9A購01  ,0,0,0,0,0,0,0,0,0,16000,0,0,0,20000,4000,16000,16000
059728,聯鈞元大99購01  ,0,0,0,0,0,0,0,0,0,16000,0,0,0,16000,0,16000,16000
058449,台積電永豐99購01,0,0,0,0,0,0,0,0,0,16000,0,0,0,16000,0,16000,16000
060315,易華電永豐9A購01,0,0,0,0,0,0,0,0,0,16000,0,0,0,20000,4000,16000,16000
062261,嘉晶元大9B購02  ,0,0,0,0,0,0,0,0,0,16000,0,0,0,26000,10000,16000,16000
057981,臻鼎永豐98購01  ,0,0,0,0,0,0,0,0,0,16000,0,0,0,16000,0,16000,16000
061601,台積電凱基9A購26,0,0,0,0,0,0,0,0,0,16000,0,0,0,16000,0,16000,16000
063181,聚陽凱基9B購01  ,0,0,0,0,0,0,0,0,0,16000,0,0,0,33000,17000,16000,16000
060597,華通凱基9A購04  ,0,0,0,0,0,0,0,0,0,16000,0,0,0,16000,0,16000,16000
065694,國巨群益9C購19  ,0,0,0,0,0,0,0,0,0,16000,0,0,0,18000,2000,16000,16000
065751,台光電元大9C購06,0,0,0,0,0,0,0,0,0,16000,0,0,0,183000,167000,16000,16000
065940,立積群益02購01  ,0,0,0,0,0,0,0,0,0,16000,0,0,0,16000,0,16000,16000
065871,南亞科群益9C購03,0,0,0,0,0,0,0,0,0,16000,0,0,0,36000,20000,16000,16000
066157,晶碩康和01購01  ,0,0,0,0,0,0,0,0,0,16000,0,0,0,25000,9000,16000,16000
066360,致茂中信05購01  ,0,0,0,0,0,0,0,0,0,16000,0,0,0,66000,50000,16000,16000
066844,聯發科元大01購12,0,0,0,0,0,0,0,0,0,16000,0,0,0,46000,30000,16000,16000
067902,中磊群益01購01  ,0,0,0,0,0,0,0,0,0,16000,0,0,0,26000,10000,16000,16000
067816,玉晶光凱基01購05,0,0,0,0,0,0,0,0,0,16000,0,0,0,68000,52000,16000,16000
068031,致茂元富07購01  ,0,0,0,0,0,0,0,0,0,16000,0,0,0,959000,943000,16000,16000
06807P,臺股指群益98售13,0,0,0,0,0,0,0,0,0,16000,0,0,0,22000,6000,16000,16000
067041,國巨凱基04購02  ,0,0,0,0,0,0,0,0,0,16000,0,0,0,35000,19000,16000,16000
067455,T50反1國泰03購01,0,0,0,0,0,0,0,0,0,16000,0,0,0,76000,60000,16000,16000
067633,致茂永豐01購02  ,0,0,0,0,0,0,0,0,0,16000,0,0,0,203000,187000,16000,16000
1730,花仙子          ,24000,7000,17000,0,0,0,0,0,0,-1000,0,1000,-1000,0,0,0,16000
2239,英利-KY         ,26000,10000,16000,0,0,0,0,0,0,0,0,0,0,0,0,0,16000
2369,菱生            ,132000,116000,16000,0,0,0,0,0,0,0,0,0,0,0,0,0,16000
2413,環科            ,32000,16000,16000,0,0,0,0,0,0,0,0,0,0,0,0,0,16000
2453,凌群            ,44000,28000,16000,0,0,0,0,0,0,0,0,0,0,0,0,0,16000
3038,全台            ,418000,422000,-4000,0,0,0,0,0,0,20000,20000,0,20000,0,0,0,16000
08431P,景碩凱基9C售02  ,0,0,0,0,0,0,0,0,0,15000,0,0,0,131000,116000,15000,15000
08620P,聯發科群益9C售15,0,0,0,0,0,0,0,0,0,15000,0,0,0,15000,0,15000,15000
08967P,聯電元大01售03  ,0,0,0,0,0,0,0,0,0,15000,0,0,0,15000,0,15000,15000
08997P,台積電群益01售17,0,0,0,0,0,0,0,0,0,15000,0,0,0,15000,0,15000,15000
1438,裕豐            ,18000,3000,15000,0,0,0,0,0,0,0,0,0,0,0,0,0,15000
064540,神達麥證01購01  ,0,0,0,36000,21000,15000,0,0,0,15000,0,0,0,36000,21000,15000,15000
064549,神基凱基9C購01  ,0,0,0,0,0,0,0,0,0,15000,0,0,0,65000,50000,15000,15000
064914,友達統一02購03  ,0,0,0,0,0,0,0,0,0,15000,0,0,0,32000,17000,15000,15000
064427,喬山凱基01購01  ,0,0,0,0,0,0,0,0,0,15000,0,0,0,15000,0,15000,15000
068453,台積電國票03購03,0,0,0,0,0,0,0,0,0,15000,0,0,0,33000,18000,15000,15000
07575P,瑞昱元大9A售02  ,0,0,0,0,0,0,0,0,0,15000,0,0,0,75000,60000,15000,15000
058116,正崴中信99購02  ,0,0,0,0,0,0,0,0,0,15000,0,0,0,17000,2000,15000,15000
058677,矽格群益99購01  ,0,0,0,0,0,0,0,0,0,15000,0,0,0,55000,40000,15000,15000
060311,盟立永豐9A購01  ,0,0,0,0,0,0,0,0,0,15000,0,0,0,15000,0,15000,15000
060286,佳世達元大9C購01,0,0,0,0,0,0,0,0,0,15000,0,0,0,20000,5000,15000,15000
060254,世紀鋼元大9A購01,0,0,0,0,0,0,0,0,0,15000,0,0,0,20000,5000,15000,15000
057747,致新永豐98購01  ,0,0,0,0,0,0,0,0,0,15000,0,0,0,15000,0,15000,15000
059298,大立光元富9C購02,0,0,0,0,0,0,0,0,0,15000,0,0,0,146000,131000,15000,15000
059194,元金2X永豐99購01,0,0,0,0,0,0,0,0,0,15000,0,0,0,15000,0,15000,15000
058957,貿聯國票9A購01  ,0,0,0,0,0,0,0,0,0,15000,0,0,0,59000,44000,15000,15000
058625,旺宏國票9A購01  ,0,0,0,0,0,0,0,0,0,15000,0,0,0,15000,0,15000,15000
058464,矽創兆豐9A購01  ,0,0,0,0,0,0,0,0,0,15000,0,0,0,595000,580000,15000,15000
056619,強茂永豐98購01  ,0,0,0,0,0,0,0,0,0,15000,0,0,0,15000,0,15000,15000
057564,台積電富邦9B購03,0,0,0,0,0,0,0,0,0,15000,0,0,0,15000,0,15000,15000
055576,嘉晶統一98購01  ,0,0,0,0,0,0,0,0,0,15000,0,0,0,15000,0,15000,15000
054589,聯鈞國泰99購01  ,0,0,0,0,0,0,0,0,0,15000,0,0,0,15000,0,15000,15000
056404,嘉聯益群益9A購01,0,0,0,0,0,0,0,0,0,15000,0,0,0,157000,142000,15000,15000
057363,華通元大99購02  ,0,0,0,0,0,0,0,0,0,15000,0,0,0,27000,12000,15000,15000
056954,聯詠富邦9A購01  ,0,0,0,0,0,0,0,0,0,15000,0,0,0,15000,0,15000,15000
048070,聯發科元富99購03,0,0,0,0,0,0,0,0,0,15000,0,0,0,15000,0,15000,15000
065444,燿華統一02購02  ,0,0,0,0,0,0,0,0,0,15000,0,0,0,15000,0,15000,15000
063002,上証2X元大9B購03,0,0,0,0,0,0,0,0,0,15000,0,0,0,15000,0,15000,15000
062406,臻鼎永豐9B購01  ,0,0,0,0,0,0,0,0,0,15000,0,0,0,285000,270000,15000,15000
062643,緯穎國票9B購01  ,0,0,0,0,0,0,0,0,0,15000,0,0,0,63000,48000,15000,15000
060816,世紀鋼凱基9C購02,0,0,0,0,0,0,0,0,0,15000,0,0,0,20000,5000,15000,15000
063914,和碩凱基9C購01  ,0,0,0,0,0,0,0,0,0,15000,0,0,0,15000,0,15000,15000
067473,旺宏元大02購01  ,0,0,0,0,0,0,0,0,0,15000,0,0,0,25000,10000,15000,15000
067447,台積電國票02購04,0,0,0,0,0,0,0,0,0,15000,0,0,0,15000,0,15000,15000
067356,欣興群益01購01  ,0,0,0,0,0,0,0,0,0,15000,0,0,0,15000,0,15000,15000
067305,國產元大01購02  ,0,0,0,0,0,0,0,0,0,15000,0,0,0,129000,114000,15000,15000
067165,世紀鋼國票02購02,0,0,0,0,0,0,0,0,0,15000,0,0,0,20000,5000,15000,15000
068093,達欣工群益01購01,0,0,0,0,0,0,0,0,0,15000,0,0,0,20000,5000,15000,15000
067894,玉晶光群益02購08,0,0,0,0,0,0,0,0,0,15000,0,0,0,98000,83000,15000,15000
067716,台船凱基01購01  ,0,0,0,0,0,0,0,0,0,15000,0,0,0,30000,15000,15000,15000
065792,TPK永豐9C購02   ,0,0,0,0,0,0,0,0,0,15000,0,0,0,15000,0,15000,15000
065927,智原國票02購01  ,0,0,0,0,0,0,0,0,0,15000,0,0,0,20000,5000,15000,15000
065665,鴻海凱基9C購04  ,0,0,0,0,0,0,0,0,0,15000,0,0,0,15000,0,15000,15000
2013,中鋼構          ,74000,69000,5000,0,0,0,0,0,0,10000,10000,0,10000,0,0,0,15000
8341,日友            ,83000,67000,16000,0,0,0,0,0,0,-1000,0,1000,-1000,0,0,0,15000
5434,崇越            ,390000,372000,18000,0,0,0,0,0,0,-3000,0,3000,-3000,0,0,0,15000
6164,華興            ,20000,5000,15000,0,0,0,0,0,0,0,0,0,0,0,0,0,15000
068417,宏碁兆豐03購01  ,0,0,0,0,0,0,0,0,0,14000,0,0,0,29000,15000,14000,14000
068523,台光電元富07購02,0,0,0,0,0,0,0,0,0,14000,0,0,0,400000,386000,14000,14000
068374,技嘉永豐01購01  ,0,0,0,0,0,0,0,0,0,14000,0,0,0,14000,0,14000,14000
08008P,華新科統一9B售05,0,0,0,0,0,0,0,0,0,14000,0,0,0,86000,72000,14000,14000
07928P,國巨統一9B售09  ,0,0,0,0,0,0,0,0,0,14000,0,0,0,15000,1000,14000,14000
064907,緯穎群益9C購02  ,0,0,0,0,0,0,0,0,0,14000,0,0,0,68000,54000,14000,14000
064590,牧德永豐9C購01  ,0,0,0,0,0,0,0,0,0,14000,0,0,0,17000,3000,14000,14000
064082,緯創中信06購01  ,0,0,0,0,0,0,0,0,0,14000,0,0,0,36000,22000,14000,14000
064246,南六統一9C購02  ,0,0,0,0,0,0,0,0,0,14000,0,0,0,142000,128000,14000,14000
064516,華通群益02購01  ,0,0,0,0,0,0,0,0,0,14000,0,0,0,19000,5000,14000,14000
08548P,台勝科凱基9C售03,0,0,0,0,0,0,0,0,0,14000,0,0,0,14000,0,14000,14000
058498,世紀鋼群益99購01,0,0,0,0,0,0,0,0,0,14000,0,0,0,157000,143000,14000,14000
059905,A50正2元大9C購06,0,0,0,0,0,0,0,0,0,14000,0,0,0,15000,1000,14000,14000
059350,樺漢凱基9A購01  ,0,0,0,0,0,0,0,0,0,14000,0,0,0,14000,0,14000,14000
058886,元石油元大9C購03,0,0,0,0,0,0,0,0,0,14000,0,0,0,14000,0,14000,14000
062218,燿華統一01購01  ,0,0,0,0,0,0,0,0,0,14000,0,0,0,14000,0,14000,14000
061722,健策永豐9B購03  ,0,0,0,0,0,0,0,0,0,14000,0,0,0,72000,58000,14000,14000
062450,臻鼎元大9B購02  ,0,0,0,0,0,0,0,0,0,14000,0,0,0,14000,0,14000,14000
063303,聯發科凱基9B購14,0,0,0,0,0,0,0,0,0,14000,0,0,0,14000,0,14000,14000
065563,T50反1群益9C購04,0,0,0,0,0,0,0,0,0,14000,0,0,0,420000,406000,14000,14000
065750,智邦元大9C購09  ,0,0,0,0,0,0,0,0,0,14000,0,0,0,47000,33000,14000,14000
065877,TPK群益9C購05   ,0,0,0,0,0,0,0,0,0,14000,0,0,0,14000,0,14000,14000
066181,泰鼎凱基01購01  ,0,0,0,0,0,0,0,0,0,14000,0,0,0,14000,0,14000,14000
066029,神達群益02購01  ,0,0,0,0,0,0,0,0,0,14000,0,0,0,66000,52000,14000,14000
066837,樺漢群益01購02  ,0,0,0,0,0,0,0,0,0,14000,0,0,0,14000,0,14000,14000
066831,亞光群益01購01  ,0,0,0,0,0,0,0,0,0,14000,0,0,0,15000,1000,14000,14000
066862,台達電台新01購01,0,0,0,0,0,0,0,0,0,14000,0,0,0,16000,2000,14000,14000
066785,台光電麥證01購01,0,0,0,40000,59000,-19000,0,0,0,14000,0,0,0,73000,59000,14000,14000
066684,T50反1元富07購01,0,0,0,0,0,0,0,0,0,14000,0,0,0,30000,16000,14000,14000
068067,台積電凱基01購17,0,0,0,0,0,0,0,0,0,14000,0,0,0,18000,4000,14000,14000
068000,聯詠元大01購09  ,0,0,0,0,0,0,0,0,0,14000,0,0,0,15000,1000,14000,14000
068210,嘉聯益凱基01購01,0,0,0,0,0,0,0,0,0,14000,0,0,0,400000,386000,14000,14000
1532,勤美            ,47000,28000,19000,0,0,0,0,0,0,-5000,0,5000,-5000,0,0,0,14000
2373,震旦行          ,16000,2000,14000,0,0,0,0,0,0,0,0,0,0,0,0,0,14000
08532P,國巨元富06售02  ,0,0,0,0,0,0,0,0,0,13000,0,0,0,13000,0,13000,13000
08787P,滬深2X元富01售06,0,0,0,0,0,0,0,0,0,13000,0,0,0,13000,0,13000,13000
065041,金像電凱基02購02,0,0,0,0,0,0,0,0,0,13000,0,0,0,23000,10000,13000,13000
064024,漢唐元大9C購01  ,0,0,0,0,0,0,0,0,0,13000,0,0,0,36000,23000,13000,13000
064693,玉晶光群益01購06,0,0,0,0,0,0,0,0,0,13000,0,0,0,14000,1000,13000,13000
07891P,臺股指國票9B售01,0,0,0,0,0,0,0,0,0,13000,0,0,0,13000,0,13000,13000
08178P,南亞科元大9B售01,0,0,0,0,0,0,0,0,0,13000,0,0,0,13000,0,13000,13000
058672,可成群益9B購02  ,0,0,0,0,0,0,0,0,0,13000,0,0,0,13000,0,13000,13000
060236,精元元大9C購01  ,0,0,0,0,0,0,0,0,0,13000,0,0,0,13000,0,13000,13000
058648,聯陽永豐99購01  ,0,0,0,0,0,0,0,0,0,13000,0,0,0,20000,7000,13000,13000
059926,世紀鋼國泰9B購01,0,0,0,0,0,0,0,0,0,13000,0,0,0,16000,3000,13000,13000
058484,元金2X國票04購01,0,0,0,0,0,0,0,0,0,13000,0,0,0,13000,0,13000,13000
058443,T50正2富邦01購01,0,0,0,0,0,0,0,0,0,13000,0,0,0,85000,72000,13000,13000
058344,旺宏群益99購05  ,0,0,0,0,0,0,0,0,0,13000,0,0,0,13000,0,13000,13000
057051,群創元大9B購03  ,0,0,0,0,0,0,0,0,0,13000,0,0,0,113000,100000,13000,13000
03140P,聯發科凱基01售22,0,0,0,0,0,0,0,0,0,13000,0,0,0,13000,0,13000,13000
065446,宏達電統一9C購02,0,0,0,0,0,0,0,0,0,13000,0,0,0,207000,194000,13000,13000
060874,中鋼中信02購01  ,0,0,0,0,0,0,0,0,0,13000,0,0,0,58000,45000,13000,13000
061855,台郡國票9B購01  ,0,0,0,0,0,0,0,0,0,13000,0,0,0,13000,0,13000,13000
063401,中租群益9B購03  ,0,0,0,0,0,0,0,0,0,13000,0,0,0,98000,85000,13000,13000
061410,緯穎國票9A購03  ,0,0,0,0,0,0,0,0,0,13000,0,0,0,13000,0,13000,13000
061247,玉晶光群益9A購09,0,0,0,0,0,0,0,0,0,13000,0,0,0,19000,6000,13000,13000
062811,鴻海兆豐9B購01  ,0,0,0,0,0,0,0,0,0,13000,0,0,0,13000,0,13000,13000
062594,祥碩統一01購02  ,0,0,0,0,0,0,0,0,0,13000,0,0,0,13000,0,13000,13000
063635,漢唐元大9B購04  ,0,0,0,0,0,0,0,0,0,13000,0,0,0,139000,126000,13000,13000
063607,中租凱基9B購02  ,0,0,0,0,0,0,0,0,0,13000,0,0,0,13000,0,13000,13000
063763,上銀元富9B購07  ,0,0,0,0,0,0,0,0,0,13000,0,0,0,50000,37000,13000,13000
068191,台積電凱基01購21,0,0,0,0,0,0,0,0,0,13000,0,0,0,92000,79000,13000,13000
068243,聯電元大02購02  ,0,0,0,0,0,0,0,0,0,13000,0,0,0,43000,30000,13000,13000
067718,鴻海凱基01購09  ,0,0,0,0,0,0,0,0,0,13000,0,0,0,26000,13000,13000,13000
067015,義隆富邦04購01  ,0,0,0,0,0,0,0,0,0,13000,0,0,0,23000,10000,13000,13000
066810,瀚宇博凱基02購01,0,0,0,0,0,0,0,0,0,13000,0,0,0,23000,10000,13000,13000
065961,東元元大04購01  ,0,0,0,0,0,0,0,0,0,13000,0,0,0,21000,8000,13000,13000
065659,華新科永豐9C購04,0,0,0,0,0,0,0,0,0,13000,0,0,0,13000,0,13000,13000
2420,新巨            ,13000,0,13000,0,0,0,0,0,0,0,0,0,0,0,0,0,13000
1466,聚隆            ,102000,90000,12000,0,0,0,0,0,0,1000,1000,0,1000,0,0,0,13000
1626,艾美特-KY       ,17000,8000,9000,0,0,0,0,0,0,4000,4000,0,4000,0,0,0,13000
3705,永信            ,108000,95000,13000,0,0,0,0,0,0,0,0,0,0,0,0,0,13000
2731,雄獅            ,24000,9000,15000,0,0,0,0,0,0,-2000,0,2000,-2000,0,0,0,13000
068345,聯發科麥證01購09,0,0,0,24000,12000,12000,0,0,0,12000,0,0,0,24000,12000,12000,12000
06993P,鴻海凱基99售05  ,0,0,0,0,0,0,0,0,0,12000,0,0,0,20000,8000,12000,12000
07046P,大立光富邦9C售03,0,0,0,0,0,0,0,0,0,12000,0,0,0,12000,0,12000,12000
064388,緯穎富邦9C購01  ,0,0,0,0,0,0,0,0,0,12000,0,0,0,189000,177000,12000,12000
08749P,鴻海台新01售02  ,0,0,0,0,0,0,0,0,0,12000,0,0,0,13000,1000,12000,12000
08925P,國巨元富07售10  ,0,0,0,0,0,0,0,0,0,12000,0,0,0,12000,0,12000,12000
1417,嘉裕            ,44000,26000,18000,0,0,0,0,0,0,-6000,0,6000,-6000,0,0,0,12000
1110,東泥            ,16000,4000,12000,0,0,0,0,0,0,0,0,0,0,0,0,0,12000
057077,國巨統一98購06  ,0,0,0,0,0,0,0,0,0,12000,0,0,0,12000,0,12000,12000
052927,友達元大98購02  ,0,0,0,0,0,0,0,0,0,12000,0,0,0,12000,0,12000,12000
058504,台積電元大99購07,0,0,0,0,0,0,0,0,0,12000,0,0,0,12000,0,12000,12000
059785,美律元大9A購03  ,0,0,0,0,0,0,0,0,0,12000,0,0,0,22000,10000,12000,12000
055623,貿聯國泰99購01  ,0,0,0,0,0,0,0,0,0,12000,0,0,0,57000,45000,12000,12000
059172,台郡凱基99購03  ,0,0,0,0,0,0,0,0,0,12000,0,0,0,20000,8000,12000,12000
060100,新光金元大9C購01,0,0,0,0,0,0,0,0,0,12000,0,0,0,112000,100000,12000,12000
059830,台郡凱基99購05  ,0,0,0,0,0,0,0,0,0,12000,0,0,0,12000,0,12000,12000
059503,大立光富邦9B購04,0,0,0,0,0,0,0,0,0,12000,0,0,0,15000,3000,12000,12000
060213,牧德康和9A購01  ,0,0,0,0,0,0,0,0,0,12000,0,0,0,12000,0,12000,12000
058051,同欣電元大98購03,0,0,0,0,0,0,0,0,0,12000,0,0,0,13000,1000,12000,12000
057977,台光電永豐98購02,0,0,0,0,0,0,0,0,0,12000,0,0,0,12000,0,12000,12000
057888,貿聯群益98購02  ,0,0,0,0,0,0,0,0,0,12000,0,0,0,30000,18000,12000,12000
057954,宏碁元大99購01  ,0,0,0,0,0,0,0,0,0,12000,0,0,0,12000,0,12000,12000
062920,康友元大9B購01  ,0,0,0,0,0,0,0,0,0,12000,0,0,0,122000,110000,12000,12000
062940,華新科凱基9C購02,0,0,0,0,0,0,0,0,0,12000,0,0,0,13000,1000,12000,12000
063714,超眾凱基9B購03  ,0,0,0,0,0,0,0,0,0,12000,0,0,0,12000,0,12000,12000
062744,超眾國泰9C購01  ,0,0,0,0,0,0,0,0,0,12000,0,0,0,12000,0,12000,12000
062810,華通兆豐9B購02  ,0,0,0,0,0,0,0,0,0,12000,0,0,0,12000,0,12000,12000
061808,聯發科統一01購02,0,0,0,0,0,0,0,0,0,12000,0,0,0,27000,15000,12000,12000
061718,GIS凱基9B購01   ,0,0,0,0,0,0,0,0,0,12000,0,0,0,12000,0,12000,12000
062478,牧德國票9B購03  ,0,0,0,0,0,0,0,0,0,12000,0,0,0,17000,5000,12000,12000
063329,健策國票9C購01  ,0,0,0,0,0,0,0,0,0,12000,0,0,0,34000,22000,12000,12000
063311,喬山群益9B購01  ,0,0,0,0,0,0,0,0,0,12000,0,0,0,12000,0,12000,12000
063357,聯發科國泰01購04,0,0,0,0,0,0,0,0,0,12000,0,0,0,12000,0,12000,12000
061327,台郡凱基9A購02  ,0,0,0,0,0,0,0,0,0,12000,0,0,0,20000,8000,12000,12000
063108,世紀鋼群益9C購01,0,0,0,0,0,0,0,0,0,12000,0,0,0,76000,64000,12000,12000
061162,南電群益9A購02  ,0,0,0,0,0,0,0,0,0,12000,0,0,0,18000,6000,12000,12000
062038,鴻海凱基9B購05  ,0,0,0,0,0,0,0,0,0,12000,0,0,0,12000,0,12000,12000
061932,上銀國票9B購01  ,0,0,0,0,0,0,0,0,0,12000,0,0,0,12000,0,12000,12000
065605,義隆元大01購02  ,0,0,0,0,0,0,0,0,0,12000,0,0,0,339000,327000,12000,12000
061944,聯電群益9B購01  ,0,0,0,0,0,0,0,0,0,12000,0,0,0,12000,0,12000,12000
065645,嘉晶元大01購02  ,0,0,0,0,0,0,0,0,0,12000,0,0,0,164000,152000,12000,12000
065675,茂林凱基03購01  ,0,0,0,0,0,0,0,0,0,12000,0,0,0,260000,248000,12000,12000
065810,台表科群益9C購05,0,0,0,0,0,0,0,0,0,12000,0,0,0,12000,0,12000,12000
065824,臺指反凱基03購01,0,0,0,0,0,0,0,0,0,12000,0,0,0,12000,0,12000,12000
066378,超眾兆豐03購01  ,0,0,0,0,0,0,0,0,0,12000,0,0,0,25000,13000,12000,12000
066620,長興凱基01購01  ,0,0,0,0,0,0,0,0,0,12000,0,0,0,47000,35000,12000,12000
066561,健策元大01購04  ,0,0,0,0,0,0,0,0,0,12000,0,0,0,589000,577000,12000,12000
066516,智原永豐01購01  ,0,0,0,0,0,0,0,0,0,12000,0,0,0,12000,0,12000,12000
067102,聯發科群益01購03,0,0,0,0,0,0,0,0,0,12000,0,0,0,12000,0,12000,12000
067335,國產凱基02購02  ,0,0,0,0,0,0,0,0,0,12000,0,0,0,12000,0,12000,12000
2722,夏都            ,19000,2000,17000,0,0,0,0,0,0,-5000,2000,7000,-5000,0,0,0,12000
5285,界霖            ,40000,28000,12000,0,0,0,0,0,0,0,0,0,0,0,0,0,12000
4576,大銀微系統      ,24000,12000,12000,0,0,0,0,0,0,0,0,0,0,0,0,0,12000
08871P,大立光群益01售08,0,0,0,0,0,0,0,0,0,11000,0,0,0,12000,1000,11000,11000
08505P,臺股指國票9C售07,0,0,0,0,0,0,0,0,0,11000,0,0,0,11000,0,11000,11000
08635P,大成鋼國票01售01,0,0,0,0,0,0,0,0,0,11000,0,0,0,60000,49000,11000,11000
064387,GIS富邦9C購01   ,0,0,0,0,0,0,0,0,0,11000,0,0,0,16000,5000,11000,11000
064098,正崴群益9C購01  ,0,0,0,0,0,0,0,0,0,11000,0,0,0,11000,0,11000,11000
064229,台表科國票01購01,0,0,0,0,0,0,0,0,0,11000,0,0,0,11000,0,11000,11000
064137,台泥統一02購01  ,0,0,0,0,0,0,0,0,0,11000,0,0,0,11000,0,11000,11000
07706P,長榮航元大9A售03,0,0,0,0,0,0,0,0,0,11000,0,0,0,11000,0,11000,11000
07782P,寶成凱基9A售02  ,0,0,0,0,0,0,0,0,0,11000,0,0,0,11000,0,11000,11000
068443,致伸凱基01購01  ,0,0,0,0,0,0,0,0,0,11000,0,0,0,11000,0,11000,11000
07983P,茂林群益9B售03  ,0,0,0,0,0,0,0,0,0,11000,0,0,0,11000,0,11000,11000
08123P,台表科國票9C售01,0,0,0,0,0,0,0,0,0,11000,0,0,0,11000,0,11000,11000
08125P,聯茂群益9B售02  ,0,0,0,0,0,0,0,0,0,11000,0,0,0,11000,0,11000,11000
064469,臻鼎元富9C購01  ,0,0,0,0,0,0,0,0,0,11000,0,0,0,166000,155000,11000,11000
062955,立積永豐9B購02  ,0,0,0,0,0,0,0,0,0,11000,0,0,0,18000,7000,11000,11000
058768,南港兆豐99購01  ,0,0,0,0,0,0,0,0,0,11000,0,0,0,18000,7000,11000,11000
059391,立積凱基9A購01  ,0,0,0,0,0,0,0,0,0,11000,0,0,0,11000,0,11000,11000
059246,奇力新凱基9A購02,0,0,0,0,0,0,0,0,0,11000,0,0,0,11000,0,11000,11000
057724,亞德客國泰99購01,0,0,0,0,0,0,0,0,0,11000,0,0,0,11000,0,11000,11000
060063,可成兆豐9B購01  ,0,0,0,0,0,0,0,0,0,11000,0,0,0,11000,0,11000,11000
057475,聯電元大9A購01  ,0,0,0,0,0,0,0,0,0,11000,0,0,0,11000,0,11000,11000
054477,聯發科中信9C購02,0,0,0,0,0,0,0,0,0,11000,0,0,0,11000,0,11000,11000
056266,開發金統一9A購01,0,0,0,0,0,0,0,0,0,11000,0,0,0,30000,19000,11000,11000
055976,台積電統一99購03,0,0,0,0,0,0,0,0,0,11000,0,0,0,11000,0,11000,11000
058492,華通群益9B購01  ,0,0,0,0,0,0,0,0,0,11000,0,0,0,11000,0,11000,11000
059580,大立光元富99購07,0,0,0,0,0,0,0,0,0,11000,0,0,0,11000,0,11000,11000
056755,聯茂兆豐98購01  ,0,0,0,0,0,0,0,0,0,11000,0,0,0,11000,0,11000,11000
051970,元黃金凱基98購01,0,0,0,0,0,0,0,0,0,11000,0,0,0,11000,0,11000,11000
00743,國泰中國A150    ,0,0,0,0,0,0,0,0,0,11000,0,0,0,11000,0,11000,11000
057069,台積電永豐98購02,0,0,0,0,0,0,0,0,0,11000,0,0,0,11000,0,11000,11000
03157P,鴻海元大01售27  ,0,0,0,0,0,0,0,0,0,11000,0,0,0,11000,0,11000,11000
061955,FANG+統一9B購01 ,0,0,0,0,0,0,0,0,0,11000,0,0,0,15000,4000,11000,11000
062116,元金2X第一9B購01,0,0,0,0,0,0,0,0,0,11000,0,0,0,41000,30000,11000,11000
065429,微星凱基02購02  ,0,0,0,0,0,0,0,0,0,11000,0,0,0,11000,0,11000,11000
061031,神隆永豐9A購02  ,0,0,0,0,0,0,0,0,0,11000,0,0,0,11000,0,11000,11000
061258,華通凱基9A購06  ,0,0,0,0,0,0,0,0,0,11000,0,0,0,11000,0,11000,11000
061446,鴻海中信04購01  ,0,0,0,0,0,0,0,0,0,11000,0,0,0,32000,21000,11000,11000
063247,信邦元大9B購02  ,0,0,0,0,0,0,0,0,0,11000,0,0,0,11000,0,11000,11000
061831,智邦凱基9B購02  ,0,0,0,0,0,0,0,0,0,11000,0,0,0,11000,0,11000,11000
062654,技嘉永豐9B購01  ,0,0,0,0,0,0,0,0,0,11000,0,0,0,11000,0,11000,11000
060759,南亞科元大9A購03,0,0,0,0,0,0,0,0,0,11000,0,0,0,11000,0,11000,11000
067351,國巨群益01購08  ,0,0,0,0,0,0,0,0,0,11000,0,0,0,31000,20000,11000,11000
067715,泰豐凱基02購01  ,0,0,0,0,0,0,0,0,0,11000,0,0,0,40000,29000,11000,11000
067680,聯詠元大01購08  ,0,0,0,0,0,0,0,0,0,11000,0,0,0,16000,5000,11000,11000
068180,華新科群益02購03,0,0,0,0,0,0,0,0,0,11000,0,0,0,15000,4000,11000,11000
068121,TPK元富03購01   ,0,0,0,0,0,0,0,0,0,11000,0,0,0,11000,0,11000,11000
065787,奇鋐永豐9C購01  ,0,0,0,0,0,0,0,0,0,11000,0,0,0,11000,0,11000,11000
065848,聯詠元大9C購03  ,0,0,0,0,0,0,0,0,0,11000,0,0,0,13000,2000,11000,11000
065950,正崴統一03購01  ,0,0,0,0,0,0,0,0,0,11000,0,0,0,11000,0,11000,11000
065790,創意永豐9C購02  ,0,0,0,0,0,0,0,0,0,11000,0,0,0,23000,12000,11000,11000
065720,義隆兆豐9C購03  ,0,0,0,0,0,0,0,0,0,11000,0,0,0,13000,2000,11000,11000
066082,康友國泰03購01  ,0,0,0,0,0,0,0,0,0,11000,0,0,0,98000,87000,11000,11000
5706,鳳凰            ,17000,6000,11000,0,0,0,0,0,0,0,0,0,0,0,0,0,11000
8114,振樺電          ,13000,0,13000,0,0,0,0,0,0,-2000,0,2000,-2000,0,0,0,11000
910322,康師傅-DR       ,11000,0,11000,0,0,0,0,0,0,0,0,0,0,0,0,0,11000
2506,太設            ,15000,11000,4000,0,0,0,0,0,0,7000,7000,0,7000,0,0,0,11000
3550,聯穎            ,8000,0,8000,0,0,0,0,0,0,3000,3000,0,3000,0,0,0,11000
3167,大量            ,12000,1000,11000,0,0,0,0,0,0,0,0,0,0,0,0,0,11000
2397,友通            ,17000,5000,12000,0,0,0,0,0,0,-1000,0,1000,-1000,0,0,0,11000
064714,和大統一02購02  ,0,0,0,0,0,0,0,0,0,10000,0,0,0,10000,0,10000,10000
064927,瀚宇博統一02購01,0,0,0,0,0,0,0,0,0,10000,0,0,0,15000,5000,10000,10000
064955,健策凱基9C購03  ,0,0,0,0,0,0,0,0,0,10000,0,0,0,53000,43000,10000,10000
064674,鈺齊元大9C購01  ,0,0,0,0,0,0,0,0,0,10000,0,0,0,35000,25000,10000,10000
07978P,茂林群益9B售02  ,0,0,0,0,0,0,0,0,0,10000,0,0,0,10000,0,10000,10000
07957P,晶技群益9B售02  ,0,0,0,0,0,0,0,0,0,10000,0,0,0,10000,0,10000,10000
07963P,智邦統一9B售01  ,0,0,0,0,0,0,0,0,0,10000,0,0,0,20000,10000,10000,10000
08177P,金像電元大9B售02,0,0,0,0,0,0,0,0,0,10000,0,0,0,10000,0,10000,10000
08197P,聯發科元大9B售24,0,0,0,0,0,0,0,0,0,10000,0,0,0,20000,10000,10000,10000
08240P,華通中信06售03  ,0,0,0,0,0,0,0,0,0,10000,0,0,0,70000,60000,10000,10000
064392,喬山永豐9C購01  ,0,0,0,0,0,0,0,0,0,10000,0,0,0,10000,0,10000,10000
064401,台達電凱基06購01,0,0,0,0,0,0,0,0,0,10000,0,0,0,20000,10000,10000,10000
08259P,華新科元大9C售04,0,0,0,0,0,0,0,0,0,10000,0,0,0,38000,28000,10000,10000
064858,鴻海富邦01購01  ,0,0,0,0,0,0,0,0,0,10000,0,0,0,20000,10000,10000,10000
068442,牧德凱基01購04  ,0,0,0,0,0,0,0,0,0,10000,0,0,0,10000,0,10000,10000
068408,緯穎元富01購02  ,0,0,0,0,0,0,0,0,0,10000,0,0,0,80000,70000,10000,10000
068289,國泰金群益01購01,0,0,0,0,0,0,0,0,0,10000,0,0,0,10000,0,10000,10000
07756P,台灣50國票04售01,0,0,0,0,0,0,0,0,0,10000,0,0,0,10000,0,10000,10000
07741P,滬深2X凱基9B售04,0,0,0,0,0,0,0,0,0,10000,0,0,0,10000,0,10000,10000
07573P,國巨元大9A售11  ,0,0,0,0,0,0,0,0,0,10000,0,0,0,10000,0,10000,10000
07667P,亞德客元大9A售05,0,0,0,0,0,0,0,0,0,10000,0,0,0,10000,0,10000,10000
07334P,臺股指國票99售19,0,0,0,0,0,0,0,0,0,10000,0,0,0,10000,0,10000,10000
07445P,大立光凱基9A售08,0,0,0,0,0,0,0,0,0,10000,0,0,0,10000,0,10000,10000
07244P,鴻海凱基9A售13  ,0,0,0,0,0,0,0,0,0,10000,0,0,0,10000,0,10000,10000
07276P,臺股指群益99售19,0,0,0,0,0,0,0,0,0,10000,0,0,0,10000,0,10000,10000
07148P,富邦金元大99售01,0,0,0,0,0,0,0,0,0,10000,0,0,0,10000,0,10000,10000
06987P,鴻海元富99售08  ,0,0,0,0,0,0,0,0,0,10000,0,0,0,10000,0,10000,10000
06914P,南茂元大98售03  ,0,0,0,0,0,0,0,0,0,10000,0,0,0,10000,0,10000,10000
064186,燿華永豐9C購01  ,0,0,0,0,0,0,0,0,0,10000,0,0,0,10000,0,10000,10000
064184,矽格富邦02購01  ,0,0,0,0,0,0,0,0,0,10000,0,0,0,10000,0,10000,10000
064222,玉山金國票01購01,0,0,0,0,0,0,0,0,0,10000,0,0,0,11000,1000,10000,10000
064267,南六永豐9C購03  ,0,0,0,0,0,0,0,0,0,10000,0,0,0,10000,0,10000,10000
064276,聯發科元大9C購07,0,0,0,0,0,0,0,0,0,10000,0,0,0,10000,0,10000,10000
06448P,華通元大99售01  ,0,0,0,0,0,0,0,0,0,10000,0,0,0,10000,0,10000,10000
065082,台光電元大9C購04,0,0,0,0,0,0,0,0,0,10000,0,0,0,183000,173000,10000,10000
065144,大立光凱基01購06,0,0,0,0,0,0,0,0,0,10000,0,0,0,10000,0,10000,10000
064314,信邦群益9C購01  ,0,0,0,0,0,0,0,0,0,10000,0,0,0,30000,20000,10000,10000
064571,帆宣群益9C購01  ,0,0,0,0,0,0,0,0,0,10000,0,0,0,10000,0,10000,10000
064559,旺宏群益01購02  ,0,0,0,0,0,0,0,0,0,10000,0,0,0,10000,0,10000,10000
064643,瑞昱凱基04購01  ,0,0,0,0,0,0,0,0,0,10000,0,0,0,10000,0,10000,10000
08271P,華通元富9C售01  ,0,0,0,0,0,0,0,0,0,10000,0,0,0,10000,0,10000,10000
08279P,南電元富9C售02  ,0,0,0,0,0,0,0,0,0,10000,0,0,0,10000,0,10000,10000
08297P,寶成元大9C售01  ,0,0,0,0,0,0,0,0,0,10000,0,0,0,20000,10000,10000,10000
08624P,力成群益9C售01  ,0,0,0,0,0,0,0,0,0,10000,0,0,0,10000,0,10000,10000
08553P,嘉澤群益9C售01  ,0,0,0,0,0,0,0,0,0,10000,0,0,0,10000,0,10000,10000
08530P,鴻海統一9C售19  ,0,0,0,0,0,0,0,0,0,10000,0,0,0,10000,0,10000,10000
08522P,智邦元大9C售08  ,0,0,0,0,0,0,0,0,0,10000,0,0,0,10000,0,10000,10000
08331P,義隆元富9C售02  ,0,0,0,0,0,0,0,0,0,10000,0,0,0,10000,0,10000,10000
08350P,臺股指中信9C售06,0,0,0,0,0,0,0,0,0,10000,0,0,0,10000,0,10000,10000
08351P,南六國票01售02  ,0,0,0,0,0,0,0,0,0,10000,0,0,0,10000,0,10000,10000
08426P,奇力新國票01售01,0,0,0,0,0,0,0,0,0,10000,0,0,0,10000,0,10000,10000
08924P,鴻海元富07售10  ,0,0,0,0,0,0,0,0,0,10000,0,0,0,10000,0,10000,10000
08911P,力成凱基01售01  ,0,0,0,0,0,0,0,0,0,10000,0,0,0,10000,0,10000,10000
08907P,奇鋐群益01售03  ,0,0,0,0,0,0,0,0,0,10000,0,0,0,23000,13000,10000,10000
08878P,台積電凱基01售11,0,0,0,0,0,0,0,0,0,10000,0,0,0,14000,4000,10000,10000
08889P,台灣50元大01售28,0,0,0,0,0,0,0,0,0,10000,0,0,0,10000,0,10000,10000
08789P,A50正2元富01售04,0,0,0,0,0,0,0,0,0,10000,0,0,0,10000,0,10000,10000
08816P,台積電富邦04售03,0,0,0,0,0,0,0,0,0,10000,0,0,0,10000,0,10000,10000
08970P,臺股指元大01售13,0,0,0,0,0,0,0,0,0,10000,0,0,0,10000,0,10000,10000
03153P,聯發科群益03售01,0,0,0,0,0,0,0,0,0,10000,0,0,0,10000,0,10000,10000
053194,緯穎統一99購01  ,0,0,0,0,0,0,0,0,0,10000,0,0,0,10000,0,10000,10000
056946,國巨統一98購05  ,0,0,0,0,0,0,0,0,0,10000,0,0,0,10000,0,10000,10000
057381,微星國泰9A購01  ,0,0,0,0,0,0,0,0,0,10000,0,0,0,10000,0,10000,10000
057168,旺宏元大99購03  ,0,0,0,0,0,0,0,0,0,10000,0,0,0,10000,0,10000,10000
057260,微星兆豐98購01  ,0,0,0,0,0,0,0,0,0,10000,0,0,0,10000,0,10000,10000
051911,大立光元大98購02,0,0,0,0,0,0,0,0,0,10000,0,0,0,10000,0,10000,10000
052505,友達日盛9B購02  ,0,0,0,0,0,0,0,0,0,10000,0,0,0,10000,0,10000,10000
051055,友達群益98購01  ,0,0,0,0,0,0,0,0,0,10000,0,0,0,10000,0,10000,10000
046793,聯發科元富99購01,0,0,0,0,0,0,0,0,0,10000,0,0,0,10000,0,10000,10000
03035X,元展32          ,0,0,0,0,0,0,0,0,0,10000,0,0,0,10000,0,10000,10000
03077P,臺股指富邦01售03,0,0,0,0,0,0,0,0,0,10000,0,0,0,30000,20000,10000,10000
03079P,台灣50元大01售31,0,0,0,0,0,0,0,0,0,10000,0,0,0,10000,0,10000,10000
056597,宏碁元富98購01  ,0,0,0,0,0,0,0,0,0,10000,0,0,0,10000,0,10000,10000
056671,台灣50元富9A購01,0,0,0,0,0,0,0,0,0,10000,0,0,0,20000,10000,10000,10000
056685,光罩統一98購03  ,0,0,0,0,0,0,0,0,0,10000,0,0,0,10000,0,10000,10000
058402,欣興元大99購04  ,0,0,0,0,0,0,0,0,0,10000,0,0,0,10000,0,10000,10000
059570,全新凱基99購04  ,0,0,0,0,0,0,0,0,0,10000,0,0,0,10000,0,10000,10000
059573,健策凱基9A購02  ,0,0,0,0,0,0,0,0,0,10000,0,0,0,11000,1000,10000,10000
059622,上銀凱基99購10  ,0,0,0,0,0,0,0,0,0,10000,0,0,0,10000,0,10000,10000
059600,緯穎元大99購07  ,0,0,0,0,0,0,0,0,0,10000,0,0,0,10000,0,10000,10000
05981P,可成永昌98售02  ,0,0,0,0,0,0,0,0,0,10000,0,0,0,10000,0,10000,10000
055781,聯詠凱基98購01  ,0,0,0,0,0,0,0,0,0,10000,0,0,0,20000,10000,10000,10000
054831,緯穎國泰98購01  ,0,0,0,0,0,0,0,0,0,10000,0,0,0,10000,0,10000,10000
055023,億光國泰98購01  ,0,0,0,0,0,0,0,0,0,10000,0,0,0,10000,0,10000,10000
056219,T50反1日盛02購01,0,0,0,0,0,0,0,0,0,10000,0,0,0,10000,0,10000,10000
054514,道瓊銀元大98購01,0,0,0,0,0,0,0,0,0,10000,0,0,0,10000,0,10000,10000
054556,世芯凱基99購01  ,0,0,0,0,0,0,0,0,0,10000,0,0,0,10000,0,10000,10000
054080,微星中信98購01  ,0,0,0,0,0,0,0,0,0,10000,0,0,0,10000,0,10000,10000
053408,友達兆豐98購01  ,0,0,0,0,0,0,0,0,0,10000,0,0,0,10000,0,10000,10000
057483,微星元大98購04  ,0,0,0,0,0,0,0,0,0,10000,0,0,0,10000,0,10000,10000
055620,樺漢國票98購01  ,0,0,0,0,0,0,0,0,0,10000,0,0,0,10000,0,10000,10000
055417,健策富邦98購02  ,0,0,0,0,0,0,0,0,0,10000,0,0,0,10000,0,10000,10000
055426,旺宏群益99購02  ,0,0,0,0,0,0,0,0,0,10000,0,0,0,10000,0,10000,10000
058649,健策永豐99購01  ,0,0,0,0,0,0,0,0,0,10000,0,0,0,13000,3000,10000,10000
060052,宏碁凱基99購01  ,0,0,0,0,0,0,0,0,0,10000,0,0,0,10000,0,10000,10000
059863,和大凱基99購01  ,0,0,0,0,0,0,0,0,0,10000,0,0,0,10000,0,10000,10000
058564,元金2X凱基9C購01,0,0,0,0,0,0,0,0,0,10000,0,0,0,10000,0,10000,10000
058569,健策凱基9A購01  ,0,0,0,0,0,0,0,0,0,10000,0,0,0,10000,0,10000,10000
058588,致茂中信9B購01  ,0,0,0,0,0,0,0,0,0,10000,0,0,0,70000,60000,10000,10000
058612,健策元大99購02  ,0,0,0,0,0,0,0,0,0,10000,0,0,0,12000,2000,10000,10000
059169,可成凱基99購04  ,0,0,0,0,0,0,0,0,0,10000,0,0,0,11000,1000,10000,10000
059124,台積電第一03購01,0,0,0,0,0,0,0,0,0,10000,0,0,0,10000,0,10000,10000
059129,麗豐中信99購01  ,0,0,0,0,0,0,0,0,0,10000,0,0,0,30000,20000,10000,10000
059035,旺宏群益99購06  ,0,0,0,0,0,0,0,0,0,10000,0,0,0,10000,0,10000,10000
058942,南茂中信99購01  ,0,0,0,0,0,0,0,0,0,10000,0,0,0,10000,0,10000,10000
058979,上銀凱基99購04  ,0,0,0,0,0,0,0,0,0,10000,0,0,0,10000,0,10000,10000
058981,國巨凱基99購10  ,0,0,0,0,0,0,0,0,0,10000,0,0,0,10000,0,10000,10000
057603,樺漢群益98購02  ,0,0,0,0,0,0,0,0,0,10000,0,0,0,10000,0,10000,10000
057770,亞德客群益98購01,0,0,0,0,0,0,0,0,0,10000,0,0,0,10000,0,10000,10000
060411,達新永豐9A購01  ,0,0,0,0,0,0,0,0,0,10000,0,0,0,20000,10000,10000,10000
057640,台積電元大98購16,0,0,0,0,0,0,0,0,0,10000,0,0,0,10000,0,10000,10000
057646,玉山金元大98購01,0,0,0,0,0,0,0,0,0,10000,0,0,0,10000,0,10000,10000
060339,國巨統一01購01  ,0,0,0,0,0,0,0,0,0,10000,0,0,0,10000,0,10000,10000
059238,台積電凱基99購11,0,0,0,0,0,0,0,0,0,10000,0,0,0,10000,0,10000,10000
059267,群創中信01購02  ,0,0,0,0,0,0,0,0,0,10000,0,0,0,28000,18000,10000,10000
059386,上銀凱基99購07  ,0,0,0,0,0,0,0,0,0,10000,0,0,0,10000,0,10000,10000
059387,華通凱基9A購03  ,0,0,0,0,0,0,0,0,0,10000,0,0,0,10000,0,10000,10000
059349,台郡凱基99購04  ,0,0,0,0,0,0,0,0,0,10000,0,0,0,10000,0,10000,10000
059341,台積電凱基99購15,0,0,0,0,0,0,0,0,0,10000,0,0,0,10000,0,10000,10000
060222,貿聯凱基9A購02  ,0,0,0,0,0,0,0,0,0,10000,0,0,0,10000,0,10000,10000
060159,健和興永豐9A購01,0,0,0,0,0,0,0,0,0,10000,0,0,0,10000,0,10000,10000
060125,強茂永豐99購01  ,0,0,0,0,0,0,0,0,0,10000,0,0,0,10000,0,10000,10000
057616,聯電凱基99購01  ,0,0,0,0,0,0,0,0,0,10000,0,0,0,10000,0,10000,10000
058803,世紀鋼元大99購03,0,0,0,0,0,0,0,0,0,10000,0,0,0,10000,0,10000,10000
057843,晶技永豐98購02  ,0,0,0,0,0,0,0,0,0,10000,0,0,0,10000,0,10000,10000
058697,亞德客元大99購01,0,0,0,0,0,0,0,0,0,10000,0,0,0,20000,10000,10000,10000
057926,帆宣凱基98購02  ,0,0,0,0,0,0,0,0,0,10000,0,0,0,20000,10000,10000,10000
057871,國巨元大99購09  ,0,0,0,0,0,0,0,0,0,10000,0,0,0,10000,0,10000,10000
057989,旺宏統一99購04  ,0,0,0,0,0,0,0,0,0,10000,0,0,0,10000,0,10000,10000
058036,南電永豐98購01  ,0,0,0,0,0,0,0,0,0,10000,0,0,0,10000,0,10000,10000
058135,景碩元大99購01  ,0,0,0,0,0,0,0,0,0,10000,0,0,0,20000,10000,10000,10000
058139,臻鼎元大99購01  ,0,0,0,0,0,0,0,0,0,10000,0,0,0,10000,0,10000,10000
062205,奇力新國票9C購01,0,0,0,0,0,0,0,0,0,10000,0,0,0,10000,0,10000,10000
062271,華通群益9C購02  ,0,0,0,0,0,0,0,0,0,10000,0,0,0,10000,0,10000,10000
062828,聯詠群益9B購02  ,0,0,0,0,0,0,0,0,0,10000,0,0,0,10000,0,10000,10000
062275,燿華群益9B購01  ,0,0,0,0,0,0,0,0,0,10000,0,0,0,10000,0,10000,10000
061555,聯電國票9B購01  ,0,0,0,0,0,0,0,0,0,10000,0,0,0,10000,0,10000,10000
060645,台表科永豐9A購02,0,0,0,0,0,0,0,0,0,10000,0,0,0,10000,0,10000,10000
060630,國巨富邦9C購03  ,0,0,0,0,0,0,0,0,0,10000,0,0,0,20000,10000,10000,10000
058321,大立光永豐99購01,0,0,0,0,0,0,0,0,0,10000,0,0,0,10000,0,10000,10000
058303,華通元大99購03  ,0,0,0,0,0,0,0,0,0,10000,0,0,0,10000,0,10000,10000
060731,奇力新群益9A購01,0,0,0,0,0,0,0,0,0,10000,0,0,0,10000,0,10000,10000
060784,鴻海富邦9C購01  ,0,0,0,0,0,0,0,0,0,10000,0,0,0,30000,20000,10000,10000
060812,智邦凱基9A購01  ,0,0,0,0,0,0,0,0,0,10000,0,0,0,10000,0,10000,10000
063934,寶成統一02購01  ,0,0,0,0,0,0,0,0,0,10000,0,0,0,10000,0,10000,10000
062987,祥碩中信01購01  ,0,0,0,0,0,0,0,0,0,10000,0,0,0,10000,0,10000,10000
063444,金像電統一03購01,0,0,0,0,0,0,0,0,0,10000,0,0,0,130000,120000,10000,10000
061648,緯穎元大9A購04  ,0,0,0,0,0,0,0,0,0,10000,0,0,0,10000,0,10000,10000
061630,FBVIX元大9A購02 ,0,0,0,0,0,0,0,0,0,10000,0,0,0,10000,0,10000,10000
063733,聯發科元大9B購27,0,0,0,0,0,0,0,0,0,10000,0,0,0,10000,0,10000,10000
063806,瀚宇博兆豐01購01,0,0,0,0,0,0,0,0,0,10000,0,0,0,10000,0,10000,10000
063800,玉晶光凱基9C購02,0,0,0,0,0,0,0,0,0,10000,0,0,0,11000,1000,10000,10000
063785,華通中信06購02  ,0,0,0,0,0,0,0,0,0,10000,0,0,0,30000,20000,10000,10000
063789,智邦台新9C購01  ,0,0,0,0,0,0,0,0,0,10000,0,0,0,10000,0,10000,10000
063790,南亞科台新9C購01,0,0,0,0,0,0,0,0,0,10000,0,0,0,10000,0,10000,10000
063836,台塑元大9C購01  ,0,0,0,0,0,0,0,0,0,10000,0,0,0,69000,59000,10000,10000
063812,智邦群益9C購02  ,0,0,0,0,0,0,0,0,0,10000,0,0,0,30000,20000,10000,10000
064003,台積電凱基01購03,0,0,0,0,0,0,0,0,0,10000,0,0,0,10000,0,10000,10000
062593,健策統一9B購03  ,0,0,0,0,0,0,0,0,0,10000,0,0,0,22000,12000,10000,10000
062609,帆宣凱基9B購01  ,0,0,0,0,0,0,0,0,0,10000,0,0,0,10000,0,10000,10000
062628,廣達國票9B購01  ,0,0,0,0,0,0,0,0,0,10000,0,0,0,29000,19000,10000,10000
062629,聯發科國票9C購01,0,0,0,0,0,0,0,0,0,10000,0,0,0,10000,0,10000,10000
062740,致伸國票9B購01  ,0,0,0,0,0,0,0,0,0,10000,0,0,0,39000,29000,10000,10000
062760,漢唐凱基9B購01  ,0,0,0,0,0,0,0,0,0,10000,0,0,0,10000,0,10000,10000
062752,世芯中信9B購01  ,0,0,0,0,0,0,0,0,0,10000,0,0,0,10000,0,10000,10000
062723,聯發科凱基9B購09,0,0,0,0,0,0,0,0,0,10000,0,0,0,10000,0,10000,10000
061842,牧德凱基9C購01  ,0,0,0,0,0,0,0,0,0,10000,0,0,0,10000,0,10000,10000
063346,TPK統一9C購01   ,0,0,0,0,0,0,0,0,0,10000,0,0,0,10000,0,10000,10000
062427,嘉澤統一01購01  ,0,0,0,0,0,0,0,0,0,10000,0,0,0,10000,0,10000,10000
062400,晶豪科永豐9B購02,0,0,0,0,0,0,0,0,0,10000,0,0,0,10000,0,10000,10000
063185,聯發科凱基9C購03,0,0,0,0,0,0,0,0,0,10000,0,0,0,10000,0,10000,10000
062357,國巨元大9B購11  ,0,0,0,0,0,0,0,0,0,10000,0,0,0,16000,6000,10000,10000
062315,健策凱基9C購01  ,0,0,0,0,0,0,0,0,0,10000,0,0,0,11000,1000,10000,10000
061267,玉山金凱基9B購01,0,0,0,0,0,0,0,0,0,10000,0,0,0,11000,1000,10000,10000
061453,台達電凱基9B購01,0,0,0,0,0,0,0,0,0,10000,0,0,0,10000,0,10000,10000
061262,智邦凱基9A購02  ,0,0,0,0,0,0,0,0,0,10000,0,0,0,10000,0,10000,10000
061263,微星凱基9A購01  ,0,0,0,0,0,0,0,0,0,10000,0,0,0,10000,0,10000,10000
061413,台勝科群益9A購01,0,0,0,0,0,0,0,0,0,10000,0,0,0,10000,0,10000,10000
061390,大立光群益9A購04,0,0,0,0,0,0,0,0,0,10000,0,0,0,10000,0,10000,10000
061370,晶技國泰9C購01  ,0,0,0,0,0,0,0,0,0,10000,0,0,0,10000,0,10000,10000
061319,聯發科凱基9A購16,0,0,0,0,0,0,0,0,0,10000,0,0,0,10000,0,10000,10000
061112,台表科元大9A購03,0,0,0,0,0,0,0,0,0,10000,0,0,0,10000,0,10000,10000
061215,健策元大9A購06  ,0,0,0,0,0,0,0,0,0,10000,0,0,0,15000,5000,10000,10000
063414,鴻海凱基03購01  ,0,0,0,0,0,0,0,0,0,10000,0,0,0,78000,68000,10000,10000
061066,嘉晶凱基9B購01  ,0,0,0,0,0,0,0,0,0,10000,0,0,0,35000,25000,10000,10000
061034,晶豪科永豐9A購01,0,0,0,0,0,0,0,0,0,10000,0,0,0,10000,0,10000,10000
061030,喬山永豐9A購01  ,0,0,0,0,0,0,0,0,0,10000,0,0,0,10000,0,10000,10000
060959,金像電凱基9A購01,0,0,0,0,0,0,0,0,0,10000,0,0,0,10000,0,10000,10000
060960,金像電凱基9B購01,0,0,0,0,0,0,0,0,0,10000,0,0,0,10000,0,10000,10000
063006,道瓊反元大9C購01,0,0,0,0,0,0,0,0,0,10000,0,0,0,10000,0,10000,10000
063012,技嘉元大9B購01  ,0,0,0,0,0,0,0,0,0,10000,0,0,0,11000,1000,10000,10000
063058,A50正2元富02購01,0,0,0,0,0,0,0,0,0,10000,0,0,0,30000,20000,10000,10000
061919,國巨凱基9B購06  ,0,0,0,0,0,0,0,0,0,10000,0,0,0,10000,0,10000,10000
060867,智伸科永豐9A購01,0,0,0,0,0,0,0,0,0,10000,0,0,0,20000,10000,10000,10000
065577,超眾群益9C購02  ,0,0,0,0,0,0,0,0,0,10000,0,0,0,10000,0,10000,10000
065555,旭富凱基01購02  ,0,0,0,0,0,0,0,0,0,10000,0,0,0,10000,0,10000,10000
062159,聯詠凱基9B購01  ,0,0,0,0,0,0,0,0,0,10000,0,0,0,10000,0,10000,10000
061938,大立光國票9B購03,0,0,0,0,0,0,0,0,0,10000,0,0,0,10000,0,10000,10000
061945,華通群益9B購04  ,0,0,0,0,0,0,0,0,0,10000,0,0,0,10000,0,10000,10000
062176,元金2X元大9B購01,0,0,0,0,0,0,0,0,0,10000,0,0,0,10000,0,10000,10000
061962,台積電統一01購03,0,0,0,0,0,0,0,0,0,10000,0,0,0,10000,0,10000,10000
060601,技嘉凱基9A購02  ,0,0,0,0,0,0,0,0,0,10000,0,0,0,10000,0,10000,10000
060603,聯發科凱基9A購12,0,0,0,0,0,0,0,0,0,10000,0,0,0,10000,0,10000,10000
060558,億豐凱基9A購01  ,0,0,0,0,0,0,0,0,0,10000,0,0,0,10000,0,10000,10000
060562,旺宏富邦9C購02  ,0,0,0,0,0,0,0,0,0,10000,0,0,0,40000,30000,10000,10000
060542,上銀凱基9A購04  ,0,0,0,0,0,0,0,0,0,10000,0,0,0,10000,0,10000,10000
060547,瑞昱凱基9A購01  ,0,0,0,0,0,0,0,0,0,10000,0,0,0,10000,0,10000,10000
060610,玉晶光凱基9B購02,0,0,0,0,0,0,0,0,0,10000,0,0,0,11000,1000,10000,10000
065215,義隆國泰02購02  ,0,0,0,0,0,0,0,0,0,10000,0,0,0,61000,51000,10000,10000
066092,億豐永豐01購01  ,0,0,0,0,0,0,0,0,0,10000,0,0,0,134000,124000,10000,10000
066069,英業達凱基02購01,0,0,0,0,0,0,0,0,0,10000,0,0,0,35000,25000,10000,10000
065721,中壽兆豐9C購01  ,0,0,0,0,0,0,0,0,0,10000,0,0,0,20000,10000,10000,10000
065639,臺指反元大03購04,0,0,0,0,0,0,0,0,0,10000,0,0,0,10000,0,10000,10000
065954,大立光統一03購01,0,0,0,0,0,0,0,0,0,10000,0,0,0,10000,0,10000,10000
065905,聯茂富邦02購01  ,0,0,0,0,0,0,0,0,0,10000,0,0,0,10000,0,10000,10000
065814,健策統一9C購08  ,0,0,0,0,0,0,0,0,0,10000,0,0,0,46000,36000,10000,10000
066455,聯發科統一01購10,0,0,0,0,0,0,0,0,0,10000,0,0,0,10000,0,10000,10000
066627,大毅凱基03購01  ,0,0,0,0,0,0,0,0,0,10000,0,0,0,10000,0,10000,10000
066604,台郡富邦04購01  ,0,0,0,0,0,0,0,0,0,10000,0,0,0,11000,1000,10000,10000
066412,神隆元大01購01  ,0,0,0,0,0,0,0,0,0,10000,0,0,0,10000,0,10000,10000
06677P,牧德國票98售02  ,0,0,0,0,0,0,0,0,0,10000,0,0,0,10000,0,10000,10000
066734,聯詠元大01購03  ,0,0,0,0,0,0,0,0,0,10000,0,0,0,10000,0,10000,10000
066682,聯詠兆豐03購01  ,0,0,0,0,0,0,0,0,0,10000,0,0,0,17000,7000,10000,10000
068070,友達凱基05購01  ,0,0,0,0,0,0,0,0,0,10000,0,0,0,11000,1000,10000,10000
067973,玉晶光群益02購23,0,0,0,0,0,0,0,0,0,10000,0,0,0,11000,1000,10000,10000
067660,元金2X元大01購01,0,0,0,0,0,0,0,0,0,10000,0,0,0,10000,0,10000,10000
067714,上銀凱基01購01  ,0,0,0,0,0,0,0,0,0,10000,0,0,0,40000,30000,10000,10000
067769,國巨統一02購04  ,0,0,0,0,0,0,0,0,0,10000,0,0,0,20000,10000,10000,10000
067795,臺股指群益01購07,0,0,0,0,0,0,0,0,0,10000,0,0,0,10000,0,10000,10000
067912,上証2X永豐01購03,0,0,0,0,0,0,0,0,0,10000,0,0,0,10000,0,10000,10000
067964,燿華群益02購02  ,0,0,0,0,0,0,0,0,0,10000,0,0,0,10000,0,10000,10000
067422,微星凱基02購03  ,0,0,0,0,0,0,0,0,0,10000,0,0,0,10000,0,10000,10000
06744P,嘉聯益永豐98售03,0,0,0,0,0,0,0,0,0,10000,0,0,0,10000,0,10000,10000
067418,中化凱基01購01  ,0,0,0,0,0,0,0,0,0,10000,0,0,0,60000,50000,10000,10000
067518,大立光台新01購03,0,0,0,0,0,0,0,0,0,10000,0,0,0,10000,0,10000,10000
06752P,訊芯凱基98售05  ,0,0,0,0,0,0,0,0,0,10000,0,0,0,10000,0,10000,10000
067584,技嘉群益02購01  ,0,0,0,0,0,0,0,0,0,10000,0,0,0,80000,70000,10000,10000
067040,鴻海凱基02購04  ,0,0,0,0,0,0,0,0,0,10000,0,0,0,10000,0,10000,10000
066978,國巨群益01購03  ,0,0,0,0,0,0,0,0,0,10000,0,0,0,10000,0,10000,10000
2460,建通            ,10000,0,10000,0,0,0,0,0,0,0,0,0,0,0,0,0,10000
3229,晟鈦            ,15000,5000,10000,0,0,0,0,0,0,0,0,0,0,0,0,0,10000
2509,全坤建          ,15000,6000,9000,0,0,0,0,0,0,1000,1000,0,1000,0,0,0,10000
2482,連宇            ,10000,0,10000,0,0,0,0,0,0,0,0,0,0,0,0,0,10000
2702,華園            ,28000,18000,10000,0,0,0,0,0,0,0,0,0,0,0,0,0,10000
5225,東科-KY         ,33000,23000,10000,0,0,0,0,0,0,0,1000,1000,0,0,0,0,10000
1219,福壽            ,21000,12000,9000,0,0,0,0,0,0,0,0,0,0,0,0,0,9000
08879P,台積電凱基01售12,0,0,0,0,0,0,0,0,0,9000,0,0,0,9000,0,9000,9000
08900P,聯發科群益01售07,0,0,0,0,0,0,0,0,0,9000,0,0,0,1017000,1008000,9000,9000
08847P,滬深2X群益03售06,0,0,0,0,0,0,0,0,0,9000,0,0,0,10000,1000,9000,9000
08345P,大立光元大9C售14,0,0,0,0,0,0,0,0,0,9000,0,0,0,9000,0,9000,9000
08634P,大立光元大9C售26,0,0,0,0,0,0,0,0,0,9000,0,0,0,9000,0,9000,9000
08260P,大立光元大9C售08,0,0,0,0,0,0,0,0,0,9000,0,0,0,9000,0,9000,9000
064341,聯詠元大9C購01  ,0,0,0,0,0,0,0,0,0,9000,0,0,0,148000,139000,9000,9000
064333,義隆元大9C購02  ,0,0,0,0,0,0,0,0,0,9000,0,0,0,30000,21000,9000,9000
064467,南亞科元富9C購02,0,0,0,0,0,0,0,0,0,9000,0,0,0,109000,100000,9000,9000
064177,立積國泰01購01  ,0,0,0,0,0,0,0,0,0,9000,0,0,0,9000,0,9000,9000
058075,貿聯凱基99購02  ,0,0,0,0,0,0,0,0,0,9000,0,0,0,9000,0,9000,9000
058749,康控凱基99購03  ,0,0,0,0,0,0,0,0,0,9000,0,0,0,9000,0,9000,9000
060346,華新科統一01購01,0,0,0,0,0,0,0,0,0,9000,0,0,0,23000,14000,9000,9000
059044,聯電日盛99購02  ,0,0,0,0,0,0,0,0,0,9000,0,0,0,9000,0,9000,9000
055438,鴻海國票98購01  ,0,0,0,0,0,0,0,0,0,9000,0,0,0,9000,0,9000,9000
056264,聯發科統一98購02,0,0,0,0,0,0,0,0,0,9000,0,0,0,11000,2000,9000,9000
057557,聯茂凱基99購04  ,0,0,0,0,0,0,0,0,0,9000,0,0,0,10000,1000,9000,9000
056614,智邦永豐98購01  ,0,0,0,0,0,0,0,0,0,9000,0,0,0,9000,0,9000,9000
056726,友達日盛9A購01  ,0,0,0,0,0,0,0,0,0,9000,0,0,0,9000,0,9000,9000
03053P,台灣50中信04售03,0,0,0,0,0,0,0,0,0,9000,0,0,0,10000,1000,9000,9000
00663L,國泰臺灣加權正2 ,0,38000,-38000,0,0,0,0,0,0,47000,0,0,0,182000,135000,47000,9000
057009,信邦中信99購01  ,0,0,0,0,0,0,0,0,0,9000,0,0,0,23000,14000,9000,9000
065602,聯發科元大9C購15,0,0,0,0,0,0,0,0,0,9000,0,0,0,15000,6000,9000,9000
061930,臺股指凱基9B購05,0,0,0,0,0,0,0,0,0,9000,0,0,0,50000,41000,9000,9000
061244,和碩兆豐9A購01  ,0,0,0,0,0,0,0,0,0,9000,0,0,0,9000,0,9000,9000
062503,玉晶光群益01購03,0,0,0,0,0,0,0,0,0,9000,0,0,0,16000,7000,9000,9000
063331,瑞儀國票9C購01  ,0,0,0,0,0,0,0,0,0,9000,0,0,0,141000,132000,9000,9000
063274,鈺齊兆豐9B購01  ,0,0,0,0,0,0,0,0,0,9000,0,0,0,10000,1000,9000,9000
061716,瑞儀凱基9B購01  ,0,0,0,0,0,0,0,0,0,9000,0,0,0,160000,151000,9000,9000
063622,健策兆豐9B購01  ,0,0,0,0,0,0,0,0,0,9000,0,0,0,10000,1000,9000,9000
063980,智易兆豐9C購02  ,0,0,0,0,0,0,0,0,0,9000,0,0,0,291000,282000,9000,9000
062976,嘉澤元富9B購01  ,0,0,0,0,0,0,0,0,0,9000,0,0,0,24000,15000,9000,9000
067229,台達電群益01購02,0,0,0,0,0,0,0,0,0,9000,0,0,0,453000,444000,9000,9000
068044,寶成元富07購01  ,0,0,0,0,0,0,0,0,0,9000,0,0,0,20000,11000,9000,9000
068096,聯電富邦03購01  ,0,0,0,0,0,0,0,0,0,9000,0,0,0,9000,0,9000,9000
066817,瀚宇博兆豐03購01,0,0,0,0,0,0,0,0,0,9000,0,0,0,10000,1000,9000,9000
066399,聯鈞凱基01購02  ,0,0,0,0,0,0,0,0,0,9000,0,0,0,9000,0,9000,9000
066624,燿華凱基01購02  ,0,0,0,0,0,0,0,0,0,9000,0,0,0,9000,0,9000,9000
066569,帆宣元大01購02  ,0,0,0,0,0,0,0,0,0,9000,0,0,0,14000,5000,9000,9000
065643,聯發科元大01購06,0,0,0,0,0,0,0,0,0,9000,0,0,0,9000,0,9000,9000
065644,義隆元大9C購08  ,0,0,0,0,0,0,0,0,0,9000,0,0,0,89000,80000,9000,9000
065753,正崴元大9C購02  ,0,0,0,0,0,0,0,0,0,9000,0,0,0,9000,0,9000,9000
5525,順天            ,10000,1000,9000,0,0,0,0,0,0,0,0,0,0,0,0,0,9000
6579,研揚            ,12000,3000,9000,0,0,0,0,0,0,0,0,0,0,0,0,0,9000
3308,聯德            ,9000,0,9000,0,0,0,0,0,0,0,0,0,0,0,0,0,9000
1783,和康生          ,76000,67000,9000,0,0,0,0,0,0,0,0,0,0,0,0,0,9000
065060,上銀群益9C購02  ,0,0,0,0,0,0,0,0,0,8000,0,0,0,28000,20000,8000,8000
065078,台積電元大02購01,0,0,0,0,0,0,0,0,0,8000,0,0,0,8000,0,8000,8000
065096,世芯元大9C購03  ,0,0,0,0,0,0,0,0,0,8000,0,0,0,12000,4000,8000,8000
064640,和大凱基03購01  ,0,0,0,0,0,0,0,0,0,8000,0,0,0,10000,2000,8000,8000
08335P,香港2X中信03售01,0,0,0,0,0,0,0,0,0,8000,0,0,0,8000,0,8000,8000
08523P,金像電元大9C售06,0,0,0,0,0,0,0,0,0,8000,0,0,0,34000,26000,8000,8000
08908P,義隆凱基01售05  ,0,0,0,0,0,0,0,0,0,8000,0,0,0,56000,48000,8000,8000
07746P,華新科凱基9A售11,0,0,0,0,0,0,0,0,0,8000,0,0,0,58000,50000,8000,8000
07748P,茂林凱基9A售04  ,0,0,0,0,0,0,0,0,0,8000,0,0,0,13000,5000,8000,8000
07722P,玉晶光凱基9A售10,0,0,0,0,0,0,0,0,0,8000,0,0,0,8000,0,8000,8000
068434,美律凱基01購03  ,0,0,0,0,0,0,0,0,0,8000,0,0,0,18000,10000,8000,8000
07966P,瑞祺群益9B售02  ,0,0,0,0,0,0,0,0,0,8000,0,0,0,8000,0,8000,8000
065023,大毅永豐9C購01  ,0,0,0,0,0,0,0,0,0,8000,0,0,0,32000,24000,8000,8000
057048,新日興元大98購01,0,0,0,0,0,0,0,0,0,8000,0,0,0,20000,12000,8000,8000
03105P,大立光元富04售02,0,0,0,0,0,0,0,0,0,8000,0,0,0,8000,0,8000,8000
056745,聯茂凱基99購03  ,0,0,0,0,0,0,0,0,0,8000,0,0,0,12000,4000,8000,8000
056459,茂林凱基99購01  ,0,0,0,0,0,0,0,0,0,8000,0,0,0,8000,0,8000,8000
056521,群創日盛98購01  ,0,0,0,0,0,0,0,0,0,8000,0,0,0,8000,0,8000,8000
055428,友達群益9C購01  ,0,0,0,0,0,0,0,0,0,8000,0,0,0,18000,10000,8000,8000
059037,宏達電群益99購02,0,0,0,0,0,0,0,0,0,8000,0,0,0,36000,28000,8000,8000
059968,世紀鋼凱基99購03,0,0,0,0,0,0,0,0,0,8000,0,0,0,8000,0,8000,8000
059826,欣興凱基99購06  ,0,0,0,0,0,0,0,0,0,8000,0,0,0,10000,2000,8000,8000
059998,華航元富99購02  ,0,0,0,0,0,0,0,0,0,8000,0,0,0,8000,0,8000,8000
060020,康控康和99購01  ,0,0,0,0,0,0,0,0,0,8000,0,0,0,8000,0,8000,8000
060016,廣達康和99購01  ,0,0,0,0,0,0,0,0,0,8000,0,0,0,8000,0,8000,8000
060083,和大元大99購02  ,0,0,0,0,0,0,0,0,0,8000,0,0,0,8000,0,8000,8000
057604,鴻海統一9C購01  ,0,0,0,0,0,0,0,0,0,8000,0,0,0,10000,2000,8000,8000
057779,禾伸堂群益98購02,0,0,0,0,0,0,0,0,0,8000,0,0,0,8000,0,8000,8000
059370,玉晶光元富99購02,0,0,0,0,0,0,0,0,0,8000,0,0,0,8000,0,8000,8000
058685,TPK凱基99購01   ,0,0,0,0,0,0,0,0,0,8000,0,0,0,8000,0,8000,8000
060710,上銀永豐9A購01  ,0,0,0,0,0,0,0,0,0,8000,0,0,0,10000,2000,8000,8000
063445,金像電統一9B購01,0,0,0,0,0,0,0,0,0,8000,0,0,0,14000,6000,8000,8000
063448,聯發科統一9C購11,0,0,0,0,0,0,0,0,0,8000,0,0,0,8000,0,8000,8000
060775,世芯凱基9A購02  ,0,0,0,0,0,0,0,0,0,8000,0,0,0,10000,2000,8000,8000
060761,南亞科元大9A購05,0,0,0,0,0,0,0,0,0,8000,0,0,0,10000,2000,8000,8000
061592,義隆永豐9A購03  ,0,0,0,0,0,0,0,0,0,8000,0,0,0,8000,0,8000,8000
063807,超眾兆豐01購01  ,0,0,0,0,0,0,0,0,0,8000,0,0,0,8000,0,8000,8000
063260,信邦富邦9B購01  ,0,0,0,0,0,0,0,0,0,8000,0,0,0,20000,12000,8000,8000
062368,聯詠元大9B購01  ,0,0,0,0,0,0,0,0,0,8000,0,0,0,20000,12000,8000,8000
06125P,楠梓電元富99售01,0,0,0,0,0,0,0,0,0,8000,0,0,0,18000,10000,8000,8000
061435,元金2X凱基9C購03,0,0,0,0,0,0,0,0,0,8000,0,0,0,8000,0,8000,8000
063033,台積電凱基9B購09,0,0,0,0,0,0,0,0,0,8000,0,0,0,8000,0,8000,8000
063130,聯茂元大9B購02  ,0,0,0,0,0,0,0,0,0,8000,0,0,0,43000,35000,8000,8000
065606,可成元大01購05  ,0,0,0,0,0,0,0,0,0,8000,0,0,0,110000,102000,8000,8000
065502,康友富邦03購01  ,0,0,0,0,0,0,0,0,0,8000,0,0,0,28000,20000,8000,8000
065483,聯茂元大9C購06  ,0,0,0,0,0,0,0,0,0,8000,0,0,0,68000,60000,8000,8000
065223,旺宏中信01購01  ,0,100000,-100000,0,0,0,0,0,0,108000,0,0,0,130000,22000,108000,8000
065709,瀚宇博群益9C購01,0,0,0,0,0,0,0,0,0,8000,0,0,0,41000,33000,8000,8000
065660,晶豪科永豐9C購01,0,0,0,0,0,0,0,0,0,8000,0,0,0,20000,12000,8000,8000
066097,英業達中信02購01,0,0,0,0,0,0,0,0,0,8000,0,0,0,138000,130000,8000,8000
066100,鎧勝中信05購01  ,0,0,0,0,0,0,0,0,0,8000,0,0,0,101000,93000,8000,8000
066047,嘉晶元大01購04  ,0,0,0,0,0,0,0,0,0,8000,0,0,0,191000,183000,8000,8000
065985,金像電永豐01購02,0,0,0,0,0,0,0,0,0,8000,0,0,0,10000,2000,8000,8000
066219,惠特元富01購01  ,0,0,0,0,0,0,0,0,0,8000,0,0,0,177000,169000,8000,8000
066496,大立光國泰03購01,0,0,0,0,0,0,0,0,0,8000,0,0,0,9000,1000,8000,8000
067810,聯發科凱基02購06,0,0,0,0,0,0,0,0,0,8000,0,0,0,10000,2000,8000,8000
067255,日月光國票02購01,0,0,0,0,0,0,0,0,0,8000,0,0,0,522000,514000,8000,8000
067169,台積電麥證01購07,0,0,0,9000,30000,-21000,0,0,0,8000,0,0,0,38000,30000,8000,8000
067010,訊芯永豐01購01  ,0,0,0,0,0,0,0,0,0,8000,0,0,0,10000,2000,8000,8000
067053,申豐凱基02購01  ,0,0,0,0,0,0,0,0,0,8000,0,0,0,251000,243000,8000,8000
067103,聯發科群益01購04,0,0,0,0,0,0,0,0,0,8000,0,0,0,8000,0,8000,8000
2891B,中信金乙特      ,0,0,0,0,0,0,0,0,0,8000,8000,0,8000,0,0,0,8000
8473,山林水          ,11000,3000,8000,0,0,0,0,0,0,0,0,0,0,0,0,0,8000
6216,居易            ,3000,0,3000,0,0,0,0,0,0,5000,5000,0,5000,0,0,0,8000
08015P,可成凱基9B售05  ,0,0,0,0,0,0,0,0,0,7000,0,0,0,55000,48000,7000,7000
064396,創意永豐9C購01  ,0,0,0,0,0,0,0,0,0,7000,0,0,0,42000,35000,7000,7000
07838P,泰碩元大9A售04  ,0,0,0,0,0,0,0,0,0,7000,0,0,0,41000,34000,7000,7000
07034P,大立光元富99售03,0,0,0,0,0,0,0,0,0,7000,0,0,0,107000,100000,7000,7000
08524P,奇力新元大9C售01,0,0,0,0,0,0,0,0,0,7000,0,0,0,7000,0,7000,7000
064064,義隆富邦03購01  ,0,0,0,0,0,0,0,0,0,7000,0,0,0,12000,5000,7000,7000
065100,聯茂元大9C購04  ,0,0,0,0,0,0,0,0,0,7000,0,0,0,40000,33000,7000,7000
065052,南六凱基02購02  ,0,0,0,0,0,0,0,0,0,7000,0,0,0,36000,29000,7000,7000
064195,晶豪科群益9C購01,0,0,0,0,0,0,0,0,0,7000,0,0,0,11000,4000,7000,7000
064252,嘉澤元富9C購01  ,0,0,0,0,0,0,0,0,0,7000,0,0,0,35000,28000,7000,7000
062279,晶豪科群益9B購01,0,0,0,0,0,0,0,0,0,7000,0,0,0,13000,6000,7000,7000
062835,瑞儀群益9B購01  ,0,0,0,0,0,0,0,0,0,7000,0,0,0,10000,3000,7000,7000
062894,道瓊銀元大9B購02,0,0,0,0,0,0,0,0,0,7000,0,0,0,7000,0,7000,7000
058222,玉晶光統一9B購01,0,0,0,0,0,0,0,0,0,7000,0,0,0,35000,28000,7000,7000
058209,臺股指凱基01購01,0,0,0,0,0,0,0,0,0,7000,0,0,0,7000,0,7000,7000
060326,群光群益9A購01  ,0,0,0,0,0,0,0,0,0,7000,0,0,0,14000,7000,7000,7000
053402,A50正2群益9A購02,0,0,0,0,0,0,0,0,0,7000,0,0,0,7000,0,7000,7000
054079,鴻海中信98購02  ,0,0,0,0,0,0,0,0,0,7000,0,0,0,17000,10000,7000,7000
054931,緯穎凱基98購01  ,0,0,0,0,0,0,0,0,0,7000,0,0,0,7000,0,7000,7000
059626,台積電凱基01購01,0,0,0,0,0,0,0,0,0,7000,0,0,0,19000,12000,7000,7000
058424,滬深2X元富99購04,0,0,0,0,0,0,0,0,0,7000,0,0,0,17000,10000,7000,7000
056921,京元電兆豐98購01,0,0,0,0,0,0,0,0,0,7000,0,0,0,21000,14000,7000,7000
00735,國泰臺韓科技    ,76000,0,76000,0,0,0,0,0,0,-69000,0,0,0,100000,169000,-69000,7000
00865B,國泰US短期公債  ,0,0,0,0,0,0,0,0,0,7000,0,0,0,109000,102000,7000,7000
03036P,玉晶光國票01售08,0,0,0,0,0,0,0,0,0,7000,0,0,0,23000,16000,7000,7000
061939,中租國票9B購01  ,0,0,0,0,0,0,0,0,0,7000,0,0,0,7000,0,7000,7000
065604,聯發科元大9C購17,0,0,0,0,0,0,0,0,0,7000,0,0,0,20000,13000,7000,7000
061422,台積電元大9A購30,0,0,0,0,0,0,0,0,0,7000,0,0,0,18000,11000,7000,7000
061259,台積電凱基9A購21,0,0,0,0,0,0,0,0,0,7000,0,0,0,17000,10000,7000,7000
063092,聯發科中信9B購03,0,0,0,0,0,0,0,0,0,7000,0,0,0,7000,0,7000,7000
061210,玉山金元大9A購02,0,0,0,0,0,0,0,0,0,7000,0,0,0,8000,1000,7000,7000
063397,廣達群益9B購02  ,0,0,0,0,0,0,0,0,0,7000,0,0,0,16000,9000,7000,7000
063386,國巨兆豐9B購04  ,0,0,0,0,0,0,0,0,0,7000,0,0,0,7000,0,7000,7000
062364,瑞昱元大9B購04  ,0,0,0,0,0,0,0,0,0,7000,0,0,0,20000,13000,7000,7000
062440,聯發科元大9B購11,0,0,0,0,0,0,0,0,0,7000,0,0,0,10000,3000,7000,7000
063243,聯發科元大9B購20,0,0,0,0,0,0,0,0,0,7000,0,0,0,10000,3000,7000,7000
061773,和潤元大9B購01  ,0,0,0,0,0,0,0,0,0,7000,0,0,0,7000,0,7000,7000
062699,台積電元大01購02,0,0,0,0,0,0,0,0,0,7000,0,0,0,7000,0,7000,7000
063880,可成元富9C購01  ,0,0,0,0,0,0,0,0,0,7000,0,0,0,10000,3000,7000,7000
063434,和潤元富9B購01  ,0,0,0,0,0,0,0,0,0,7000,0,0,0,19000,12000,7000,7000
067022,台虹中信01購01  ,0,0,0,0,0,0,0,0,0,7000,0,0,0,7000,0,7000,7000
067143,台灣50統一04購01,0,0,0,0,0,0,0,0,0,7000,0,0,0,7000,0,7000,7000
067220,台郡元大01購04  ,0,0,0,0,0,0,0,0,0,7000,0,0,0,379000,372000,7000,7000
065777,正崴國泰03購01  ,0,0,0,0,0,0,0,0,0,7000,0,0,0,7000,0,7000,7000
6405,悅城            ,22000,15000,7000,0,0,0,0,0,0,0,0,0,0,0,0,0,7000
6581,鋼聯            ,10000,3000,7000,0,0,0,0,0,0,0,0,0,0,0,0,0,7000
2613,中櫃            ,4000,2000,2000,0,0,0,0,0,0,5000,5000,0,5000,0,0,0,7000
3296,勝德            ,8000,4000,4000,0,0,0,0,0,0,3000,3000,0,3000,0,0,0,7000
3026,禾伸堂          ,172000,175000,-3000,0,0,0,0,0,0,10000,0,3000,-3000,13000,0,13000,7000
1468,昶和            ,9000,2000,7000,0,0,0,0,0,0,0,0,0,0,0,0,0,7000
1446,宏和            ,8000,1000,7000,0,0,0,0,0,0,0,0,0,0,0,0,0,7000
2471,資通            ,27000,19000,8000,0,0,0,0,0,0,-1000,0,1000,-1000,0,0,0,7000
064490,金像電元大9C購02,0,0,0,0,0,0,0,0,0,6000,0,0,0,117000,111000,6000,6000
064313,嘉晶群益9C購02  ,0,0,0,0,0,0,0,0,0,6000,0,0,0,19000,13000,6000,6000
064546,燿華凱基02購01  ,0,0,0,0,0,0,0,0,0,6000,0,0,0,74000,68000,6000,6000
064551,鈺齊凱基9C購02  ,0,0,0,0,0,0,0,0,0,6000,0,0,0,6000,0,6000,6000
08629P,緯創凱基9C售02  ,0,0,0,0,0,0,0,0,0,6000,0,0,0,6000,0,6000,6000
08613P,同欣電凱基9C售04,0,0,0,0,0,0,0,0,0,6000,0,0,0,6000,0,6000,6000
08699P,南電元大01售05  ,0,0,0,0,0,0,0,0,0,6000,0,0,0,8000,2000,6000,6000
08909P,華新科凱基01售04,0,0,0,0,0,0,0,0,0,6000,0,0,0,336000,330000,6000,6000
08849P,國巨群益01售07  ,0,0,0,0,0,0,0,0,0,6000,0,0,0,6000,0,6000,6000
08841P,A50正2中信03售02,0,0,0,0,0,0,0,0,0,6000,0,0,0,16000,10000,6000,6000
08877P,臺股指中信04售03,0,0,0,0,0,0,0,0,0,6000,0,0,0,26000,20000,6000,6000
08858P,台積電國票01售05,0,0,0,0,0,0,0,0,0,6000,0,0,0,6000,0,6000,6000
08753P,群創群益01售01  ,0,0,0,0,0,0,0,0,0,6000,0,0,0,20000,14000,6000,6000
1445,大宇            ,0,0,0,0,0,0,0,0,0,6000,7000,1000,6000,0,0,0,6000
07808P,超眾永豐9A售04  ,0,0,0,0,0,0,0,0,0,6000,0,0,0,6000,0,6000,6000
07416P,台積電元大99售53,0,0,0,0,0,0,0,0,0,6000,0,0,0,6000,0,6000,6000
064403,正崴凱基01購01  ,0,0,0,0,0,0,0,0,0,6000,0,0,0,6000,0,6000,6000
08222P,南六凱基9B售05  ,0,0,0,0,0,0,0,0,0,6000,0,0,0,6000,0,6000,6000
064678,嘉晶兆豐01購01  ,0,0,0,0,0,0,0,0,0,6000,0,0,0,56000,50000,6000,6000
064754,漢唐凱基02購01  ,0,0,0,0,0,0,0,0,0,6000,0,0,0,6000,0,6000,6000
03032P,華通國票03售01  ,0,0,0,0,0,0,0,0,0,6000,0,0,0,10000,4000,6000,6000
00713,元大台灣高息低波,34000,0,34000,0,0,0,0,0,0,-28000,0,0,0,0,28000,-28000,6000
053388,群創元大9C購02  ,0,0,0,0,0,0,0,0,0,6000,0,0,0,6000,0,6000,6000
057401,晶豪科群益99購01,0,0,0,0,0,0,0,0,0,6000,0,0,0,10000,4000,6000,6000
057506,聯鈞國票99購02  ,0,0,0,0,0,0,0,0,0,6000,0,0,0,6000,0,6000,6000
056658,美食元大98購01  ,0,0,0,0,0,0,0,0,0,6000,0,0,0,6000,0,6000,6000
056516,晶豪科兆豐98購01,0,0,0,0,0,0,0,0,0,6000,0,0,0,6000,0,6000,6000
056491,南亞科國泰99購01,0,0,0,0,0,0,0,0,0,6000,0,0,0,6000,0,6000,6000
054272,華通中信98購01  ,0,0,0,0,0,0,0,0,0,6000,0,0,0,16000,10000,6000,6000
054515,華通元大98購02  ,0,0,0,0,0,0,0,0,0,6000,0,0,0,6000,0,6000,6000
057605,旺宏統一99購03  ,0,0,0,0,0,0,0,0,0,6000,0,0,0,6000,0,6000,6000
059378,台光電群益9B購01,0,0,0,0,0,0,0,0,0,6000,0,0,0,6000,0,6000,6000
060153,A50正2永豐9A購01,0,0,0,0,0,0,0,0,0,6000,0,0,0,6000,0,6000,6000
059114,華新科永豐99購05,0,0,0,0,0,0,0,0,0,6000,0,0,0,6000,0,6000,6000
059174,訊芯凱基99購01  ,0,0,0,0,0,0,0,0,0,6000,0,0,0,6000,0,6000,6000
058876,南電國票9A購02  ,0,0,0,0,0,0,0,0,0,6000,0,0,0,36000,30000,6000,6000
062936,鴻海凱基9B購07  ,0,0,0,0,0,0,0,0,0,6000,0,0,0,6000,0,6000,6000
060642,華擎永豐9A購02  ,0,0,0,0,0,0,0,0,0,6000,0,0,0,6000,0,6000,6000
062972,京元電元富9B購01,0,0,0,0,0,0,0,0,0,6000,0,0,0,49000,43000,6000,6000
063916,瀚宇博凱基01購01,0,0,0,0,0,0,0,0,0,6000,0,0,0,29000,23000,6000,6000
063966,大毅國票01購01  ,0,0,0,0,0,0,0,0,0,6000,0,0,0,10000,4000,6000,6000
061640,智原元大9A購01  ,0,0,0,0,0,0,0,0,0,6000,0,0,0,7000,1000,6000,6000
061611,南六統一01購01  ,0,0,0,0,0,0,0,0,0,6000,0,0,0,6000,0,6000,6000
063681,深中小永豐9B購01,0,0,0,0,0,0,0,0,0,6000,0,0,0,6000,0,6000,6000
063904,大立光麥證01購01,0,0,0,6000,0,6000,0,0,0,6000,0,0,0,6000,0,6000,6000
063596,嘉澤中信9B購01  ,0,0,0,0,0,0,0,0,0,6000,0,0,0,6000,0,6000,6000
062673,台新金中信03購01,0,0,0,0,0,0,0,0,0,6000,0,0,0,6000,0,6000,6000
061711,台積電凱基9A購27,0,0,0,0,0,0,0,0,0,6000,0,0,0,6000,0,6000,6000
063228,聯茂群益9B購01  ,0,0,0,0,0,0,0,0,0,6000,0,0,0,6000,0,6000,6000
063288,泰鼎元大9B購02  ,0,0,0,0,0,0,0,0,0,6000,0,0,0,82000,76000,6000,6000
061249,億豐群益9A購01  ,0,0,0,0,0,0,0,0,0,6000,0,0,0,6000,0,6000,6000
063128,智伸科元大9B購01,0,0,0,0,0,0,0,0,0,6000,0,0,0,6000,0,6000,6000
063029,喬山凱基9B購01  ,0,0,0,0,0,0,0,0,0,6000,0,0,0,6000,0,6000,6000
060841,宏達電國票9B購01,0,0,0,0,0,0,0,0,0,6000,0,0,0,16000,10000,6000,6000
062095,旺宏富邦9C購03  ,0,0,0,0,0,0,0,0,0,6000,0,0,0,10000,4000,6000,6000
065412,金像電永豐9C購01,0,0,0,0,0,0,0,0,0,6000,0,0,0,6000,0,6000,6000
062178,上銀元大9B購03  ,0,0,0,0,0,0,0,0,0,6000,0,0,0,7000,1000,6000,6000
062144,華通國票9B購01  ,0,0,0,0,0,0,0,0,0,6000,0,0,0,6000,0,6000,6000
060606,玉晶光凱基9A購05,0,0,0,0,0,0,0,0,0,6000,0,0,0,6000,0,6000,6000
066058,TPK元大01購02   ,0,0,0,0,0,0,0,0,0,6000,0,0,0,6000,0,6000,6000
066490,創意元富07購01  ,0,0,0,0,0,0,0,0,0,6000,0,0,0,6000,0,6000,6000
066894,聯發科兆豐03購01,0,0,0,0,0,0,0,0,0,6000,0,0,0,10000,4000,6000,6000
067303,聯發科元大02購03,0,0,0,0,0,0,0,0,0,6000,0,0,0,1726000,1720000,6000,6000
067528,聚陽群益01購01  ,0,0,0,0,0,0,0,0,0,6000,0,0,0,227000,221000,6000,6000
06750P,聯發科元富02售03,0,0,0,0,0,0,0,0,0,6000,0,0,0,10000,4000,6000,6000
2415,錩新            ,17000,10000,7000,0,0,0,0,0,0,-1000,0,1000,-1000,0,0,0,6000
2305,全友            ,8000,2000,6000,0,0,0,0,0,0,0,0,0,0,0,0,0,6000
2881A,富邦特          ,8000,0,8000,0,0,0,0,0,0,-2000,1000,3000,-2000,0,0,0,6000
6281,全國電          ,1000,6000,-5000,0,0,0,0,0,0,11000,12000,1000,11000,0,0,0,6000
6215,和椿            ,10000,4000,6000,0,0,0,0,0,0,0,0,0,0,0,0,0,6000
6128,上福            ,10000,4000,6000,0,0,0,0,0,0,0,1000,1000,0,0,0,0,6000
064824,台積電統一02購03,0,0,0,0,0,0,0,0,0,5000,0,0,0,5000,0,5000,5000
06499P,臺股指元大9A售04,0,0,0,0,0,0,0,0,0,5000,0,0,0,5000,0,5000,5000
08215P,旺宏群益9B售04  ,0,0,0,0,0,0,0,0,0,5000,0,0,0,25000,20000,5000,5000
08169P,台光電群益9B售04,0,0,0,0,0,0,0,0,0,5000,0,0,0,5000,0,5000,5000
064432,台積電凱基9C購04,0,0,0,0,0,0,0,0,0,5000,0,0,0,17000,12000,5000,5000
08035P,國巨群益9C售04  ,0,0,0,0,0,0,0,0,0,5000,0,0,0,5000,0,5000,5000
08148P,長榮航群益9B售03,0,0,0,0,0,0,0,0,0,5000,0,0,0,5000,0,5000,5000
08058P,華新科元大9B售10,0,0,0,0,0,0,0,0,0,5000,0,0,0,30000,25000,5000,5000
07329P,台灣50群益9A售07,0,0,0,0,0,0,0,0,0,5000,0,0,0,5000,0,5000,5000
07671P,超眾元大9A售04  ,0,0,0,0,0,0,0,0,0,5000,0,0,0,5000,0,5000,5000
07753P,台灣50元大9C售34,0,0,0,0,0,0,0,0,0,5000,0,0,0,11000,6000,5000,5000
07107P,臺股指統一99售07,0,0,0,0,0,0,0,0,0,5000,0,0,0,5000,0,5000,5000
07010P,T50正2凱基9C售01,0,0,0,0,0,0,0,0,0,5000,0,0,0,5000,0,5000,5000
068446,滬深2X國票03購03,0,0,0,0,0,0,0,0,0,5000,0,0,0,5000,0,5000,5000
068488,台積電元大01購47,5000,0,5000,0,0,0,0,0,0,0,0,0,0,5000,5000,0,5000
068276,訊連永豐01購02  ,0,0,0,0,0,0,0,0,0,5000,0,0,0,5000,0,5000,5000
068341,世紀鋼元大01購04,1000,0,1000,0,0,0,0,0,0,4000,0,0,0,13000,9000,4000,5000
068398,上証2X元富07購04,0,0,0,0,0,0,0,0,0,5000,0,0,0,5000,0,5000,5000
068381,玉晶光永豐03購01,0,0,0,0,0,0,0,0,0,5000,0,0,0,5000,0,5000,5000
1232,大統益          ,11000,1000,10000,0,0,0,0,0,0,-5000,0,5000,-5000,0,0,0,5000
1234,黑松            ,17000,12000,5000,0,0,0,0,0,0,0,0,0,0,0,0,0,5000
1236,宏亞            ,6000,1000,5000,0,0,0,0,0,0,0,0,0,0,0,0,0,5000
1203,味王            ,14000,9000,5000,0,0,0,0,0,0,0,0,0,0,0,0,0,5000
08966P,臺指反元大04售07,0,0,0,0,0,0,0,0,0,5000,0,0,0,5000,0,5000,5000
08833P,緯穎群益01售03  ,0,0,0,0,0,0,0,0,0,5000,0,0,0,15000,10000,5000,5000
08884P,義隆國票02售01  ,0,0,0,0,0,0,0,0,0,5000,0,0,0,13000,8000,5000,5000
08490P,上銀元大9C售08  ,0,0,0,0,0,0,0,0,0,5000,0,0,0,5000,0,5000,5000
08372P,大立光凱基01售04,0,0,0,0,0,0,0,0,0,5000,0,0,0,5000,0,5000,5000
064612,聯電元大01購01  ,0,0,0,0,0,0,0,0,0,5000,0,0,0,5000,0,5000,5000
064475,台積電國泰02購03,0,0,0,0,0,0,0,0,0,5000,0,0,0,5000,0,5000,5000
065146,帆宣凱基9C購01  ,0,0,0,0,0,0,0,0,0,5000,0,0,0,5000,0,5000,5000
062930,旺宏統一9C購02  ,0,0,0,0,0,0,0,0,0,5000,0,0,0,5000,0,5000,5000
062191,台郡元大9B購05  ,0,0,0,0,0,0,0,0,0,5000,0,0,0,5000,0,5000,5000
057813,京元電元大98購03,0,0,0,0,0,0,0,0,0,5000,0,0,0,5000,0,5000,5000
058225,旺宏元富99購01  ,0,0,0,0,0,0,0,0,0,5000,0,0,0,5000,0,5000,5000
058174,台積電凱基9A購05,0,0,0,0,0,0,0,0,0,5000,0,0,0,10000,5000,5000,5000
059166,友達凱基99購05  ,0,0,0,0,0,0,0,0,0,5000,0,0,0,5000,0,5000,5000
058996,台達電元大99購02,0,0,0,0,0,0,0,0,0,5000,0,0,0,5000,0,5000,5000
058950,國巨群益99購06  ,0,0,0,0,0,0,0,0,0,5000,0,0,0,5000,0,5000,5000
060037,鴻海國票99購10  ,0,0,0,0,0,0,0,0,0,5000,0,0,0,5000,0,5000,5000
059864,亞德客凱基99購01,0,0,0,0,0,0,0,0,0,5000,0,0,0,11000,6000,5000,5000
059477,FBVIX群益99購01 ,0,0,0,0,0,0,0,0,0,5000,0,0,0,5000,0,5000,5000
057681,T50反1日盛9C購01,0,0,0,0,0,0,0,0,0,5000,0,0,0,10000,5000,5000,5000
060277,道瓊反元大9A購02,0,0,0,0,0,0,0,0,0,5000,0,0,0,5000,0,5000,5000
055569,聚陽統一98購01  ,0,0,0,0,0,0,0,0,0,5000,0,0,0,10000,5000,5000,5000
056543,京鼎凱基98購01  ,0,0,0,0,0,0,0,0,0,5000,0,0,0,5000,0,5000,5000
055102,上銀凱基98購01  ,0,0,0,0,0,0,0,0,0,5000,0,0,0,5000,0,5000,5000
055030,帆宣國泰99購02  ,0,0,0,0,0,0,0,0,0,5000,0,0,0,5000,0,5000,5000
055844,大毅元大98購01  ,0,0,0,0,0,0,0,0,0,5000,0,0,0,5000,0,5000,5000
057577,廣宇中信9A購01  ,0,0,0,0,0,0,0,0,0,5000,0,0,0,5000,0,5000,5000
058522,聯茂元大99購07  ,0,0,0,0,0,0,0,0,0,5000,0,0,0,106000,101000,5000,5000
057135,立積凱基98購01  ,0,0,0,0,0,0,0,0,0,5000,0,0,0,5000,0,5000,5000
056955,台灣50永豐98購01,0,0,0,0,0,0,0,0,0,5000,0,0,0,6000,1000,5000,5000
057031,滬深反元大9B購02,0,0,0,0,0,0,0,0,0,5000,0,0,0,5000,0,5000,5000
03131P,南亞科元富07售02,0,0,0,0,0,0,0,0,0,5000,0,0,0,5000,0,5000,5000
00732,國泰RMB短期報酬 ,0,0,0,0,0,0,0,0,0,5000,0,0,0,105000,100000,5000,5000
03453B,臺股指元大02熊02,0,0,0,0,0,0,0,0,0,5000,0,0,0,41000,36000,5000,5000
03060P,微星凱基01售01  ,0,0,0,0,0,0,0,0,0,5000,0,0,0,5000,0,5000,5000
050754,元金2X元富9B購01,0,0,0,0,0,0,0,0,0,5000,0,0,0,5000,0,5000,5000
065196,技嘉元富06購01  ,0,0,0,0,0,0,0,0,0,5000,0,0,0,5000,0,5000,5000
062122,國巨統一02購01  ,0,0,0,0,0,0,0,0,0,5000,0,0,0,10000,5000,5000,5000
065401,立積群益9C購01  ,0,0,0,0,0,0,0,0,0,5000,0,0,0,5000,0,5000,5000
065390,達新群益9C購02  ,0,0,0,0,0,0,0,0,0,5000,0,0,0,5000,0,5000,5000
065326,華擎凱基02購01  ,0,0,0,0,0,0,0,0,0,5000,0,0,0,21000,16000,5000,5000
06549P,大立光元大98售11,0,0,0,0,0,0,0,0,0,5000,0,0,0,5000,0,5000,5000
065517,緯創群益9C購02  ,0,0,0,0,0,0,0,0,0,5000,0,0,0,16000,11000,5000,5000
061901,柏文永豐9B購01  ,0,0,0,0,0,0,0,0,0,5000,0,0,0,10000,5000,5000,5000
060881,玉山金中信02購01,0,0,0,0,0,0,0,0,0,5000,0,0,0,6000,1000,5000,5000
060849,力成國票9A購01  ,0,0,0,0,0,0,0,0,0,5000,0,0,0,5000,0,5000,5000
063127,TPK元大9B購02   ,0,0,0,0,0,0,0,0,0,5000,0,0,0,5000,0,5000,5000
061397,上銀台新9A購01  ,0,0,0,0,0,0,0,0,0,5000,0,0,0,5000,0,5000,5000
063418,京元電凱基9B購03,0,0,0,0,0,0,0,0,0,5000,0,0,0,55000,50000,5000,5000
063242,聯發科元大9B購19,0,0,0,0,0,0,0,0,0,5000,0,0,0,5000,0,5000,5000
063176,南亞科兆豐9B購01,0,0,0,0,0,0,0,0,0,5000,0,0,0,5000,0,5000,5000
062342,上証2X群益01購03,0,0,0,0,0,0,0,0,0,5000,0,0,0,5000,0,5000,5000
061708,同欣電國票9A購02,0,0,0,0,0,0,0,0,0,5000,0,0,0,5000,0,5000,5000
061724,訊芯永豐9A購01  ,0,0,0,0,0,0,0,0,0,5000,0,0,0,45000,40000,5000,5000
061799,奇鋐永豐9B購01  ,0,0,0,0,0,0,0,0,0,5000,0,0,0,10000,5000,5000,5000
062698,台積電元大01購01,0,0,0,0,0,0,0,0,0,5000,0,0,0,5000,0,5000,5000
063885,南六元富9C購01  ,0,0,0,0,0,0,0,0,0,5000,0,0,0,252000,247000,5000,5000
063871,瀚宇博永豐9C購01,0,0,0,0,0,0,0,0,0,5000,0,0,0,5000,0,5000,5000
063663,台光電統一9C購01,0,0,0,0,0,0,0,0,0,5000,0,0,0,15000,10000,5000,5000
063488,金像電國泰01購01,0,0,0,0,0,0,0,0,0,5000,0,0,0,32000,27000,5000,5000
067517,台積電台新01購04,0,0,0,0,0,0,0,0,0,5000,0,0,0,5000,0,5000,5000
067555,旺宏國票02購01  ,0,0,0,0,0,0,0,0,0,5000,0,0,0,10000,5000,5000,5000
067583,金像電群益01購05,0,0,0,0,0,0,0,0,0,5000,0,0,0,8000,3000,5000,5000
067546,世紀鋼群益01購05,0,0,0,0,0,0,0,0,0,5000,0,0,0,80000,75000,5000,5000
06721P,臺股指中信9A售03,0,0,0,0,0,0,0,0,0,5000,0,0,0,160000,155000,5000,5000
067001,中化永豐01購02  ,0,0,0,0,0,0,0,0,0,5000,0,0,0,5000,0,5000,5000
067096,滬深2X群益01購06,0,0,0,0,0,0,0,0,0,5000,0,0,0,5000,0,5000,5000
067089,瑞祺元大01購04  ,0,0,0,0,0,0,0,0,0,5000,0,0,0,5000,0,5000,5000
067805,宏碁凱基01購02  ,0,0,0,0,0,0,0,0,0,5000,0,0,0,27000,22000,5000,5000
066908,聯發科凱基03購05,0,0,0,0,0,0,0,0,0,5000,0,0,0,5000,0,5000,5000
066965,鴻海元富07購07  ,0,0,0,0,0,0,0,0,0,5000,0,0,0,9000,4000,5000,5000
066826,聯發科群益02購03,0,0,0,0,0,0,0,0,0,5000,0,0,0,5000,0,5000,5000
066827,聯發科群益02購04,0,0,0,0,0,0,0,0,0,5000,0,0,0,5000,0,5000,5000
066658,卜蜂凱基01購01  ,0,0,0,0,0,0,0,0,0,5000,0,0,0,5000,0,5000,5000
066778,緯穎富邦03購01  ,0,0,0,0,0,0,0,0,0,5000,0,0,0,5000,0,5000,5000
066614,貿聯麥證01購01  ,0,0,0,10000,5000,5000,0,0,0,5000,0,0,0,10000,5000,5000,5000
066446,健策群益01購06  ,0,0,0,0,0,0,0,0,0,5000,0,0,0,11000,6000,5000,5000
066361,微星中信05購01  ,0,0,0,0,0,0,0,0,0,5000,0,0,0,20000,15000,5000,5000
06610P,台積電凱基9A售03,0,0,0,0,0,0,0,0,0,5000,0,0,0,10000,5000,5000,5000
066281,眾達元大02購01  ,0,0,0,0,0,0,0,0,0,5000,0,0,0,5000,0,5000,5000
06626P,大立光統一9A售01,0,0,0,0,0,0,0,0,0,5000,0,0,0,5000,0,5000,5000
06570P,大立光永豐98售01,0,0,0,0,0,0,0,0,0,5000,0,0,0,5000,0,5000,5000
065741,聯發科麥證9C購06,0,0,0,5000,0,5000,0,0,0,5000,0,0,0,5000,0,5000,5000
065725,技嘉凱基9C購03  ,0,0,0,0,0,0,0,0,0,5000,0,0,0,24000,19000,5000,5000
065656,聯發科國泰03購01,0,0,0,0,0,0,0,0,0,5000,0,0,0,5000,0,5000,5000
06564P,國巨富邦9A售04  ,0,0,0,0,0,0,0,0,0,5000,0,0,0,10000,5000,5000,5000
065674,華擎凱基9C購03  ,0,0,0,0,0,0,0,0,0,5000,0,0,0,15000,10000,5000,5000
5546,永固-KY         ,15000,14000,1000,0,0,0,0,0,0,4000,4000,0,4000,0,0,0,5000
4720,德淵            ,12000,12000,0,0,0,0,0,0,0,5000,5000,0,5000,0,0,0,5000
6525,捷敏-KY         ,9000,6000,3000,0,0,0,0,0,0,2000,2000,0,2000,0,0,0,5000
8481,政伸            ,6000,1000,5000,0,0,0,0,0,0,0,0,0,0,0,0,0,5000
3617,碩天            ,12000,1000,11000,0,0,0,0,0,0,-6000,0,6000,-6000,0,0,0,5000
3701,大眾控          ,6000,1000,5000,0,0,0,0,0,0,0,0,0,0,0,0,0,5000
2462,良得電          ,8000,3000,5000,0,0,0,0,0,0,0,0,0,0,0,0,0,5000
1451,年興            ,23000,11000,12000,0,0,0,0,0,0,-7000,0,7000,-7000,0,0,0,5000
1527,鑽全            ,47000,42000,5000,0,0,0,0,0,0,0,0,0,0,0,0,0,5000
1725,元禎            ,6000,1000,5000,0,0,0,0,0,0,0,0,0,0,0,0,0,5000
2024,志聯            ,5000,0,5000,0,0,0,0,0,0,0,0,0,0,0,0,0,5000
065085,聯發科元大01購02,0,0,0,0,0,0,0,0,0,4000,0,0,0,6000,2000,4000,4000
08418P,大立光元大01售04,0,0,0,0,0,0,0,0,0,4000,0,0,0,4000,0,4000,4000
08359P,緯創元大9C售02  ,0,0,0,0,0,0,0,0,0,4000,0,0,0,4000,0,4000,4000
08664P,金像電凱基01售02,0,0,0,0,0,0,0,0,0,4000,0,0,0,4000,0,4000,4000
08898P,台積電群益01售15,0,0,0,0,0,0,0,0,0,4000,0,0,0,8000,4000,4000,4000
08742P,友達凱基01售02  ,0,0,0,0,0,0,0,0,0,4000,0,0,0,14000,10000,4000,4000
08829P,滬深2X群益01售07,0,0,0,0,0,0,0,0,0,4000,0,0,0,4000,0,4000,4000
1416,廣豐            ,20000,17000,3000,0,0,0,0,0,0,1000,1000,0,1000,0,0,0,4000
1419,新紡            ,7000,3000,4000,0,0,0,0,0,0,0,0,0,0,0,0,0,4000
068267,台積電永豐01購04,0,0,0,0,0,0,0,0,0,4000,0,0,0,4000,0,4000,4000
07095P,台灣50元大9C售03,0,0,0,0,0,0,0,0,0,4000,0,0,0,4000,0,4000,4000
064441,嘉澤凱基9C購02  ,0,0,0,0,0,0,0,0,0,4000,0,0,0,13000,9000,4000,4000
064857,T50反1富邦01購02,0,0,0,0,0,0,0,0,0,4000,0,0,0,4000,0,4000,4000
048383,元金2X國票99購01,0,0,0,0,0,0,0,0,0,4000,0,0,0,24000,20000,4000,4000
053082,聯電元大98購03  ,0,0,0,0,0,0,0,0,0,4000,0,0,0,4000,0,4000,4000
053088,奇鋐元大98購01  ,0,0,0,0,0,0,0,0,0,4000,0,0,0,48000,44000,4000,4000
056808,台積電統一98購06,0,0,0,0,0,0,0,0,0,4000,0,0,0,4000,0,4000,4000
053282,彩晶元大9C購01  ,0,0,0,0,0,0,0,0,0,4000,0,0,0,126000,122000,4000,4000
057331,台積電國票99購04,0,0,0,0,0,0,0,0,0,4000,0,0,0,4000,0,4000,4000
057257,台泥兆豐99購01  ,0,0,0,0,0,0,0,0,0,4000,0,0,0,14000,10000,4000,4000
059692,聯詠永豐99購01  ,0,0,0,0,0,0,0,0,0,4000,0,0,0,4000,0,4000,4000
057595,健鼎兆豐98購01  ,0,0,0,0,0,0,0,0,0,4000,0,0,0,34000,30000,4000,4000
057458,TPK富邦9A購01   ,0,0,0,0,0,0,0,0,0,4000,0,0,0,4000,0,4000,4000
057454,上銀國泰99購02  ,0,0,0,0,0,0,0,0,0,4000,0,0,0,4000,0,4000,4000
054440,TPK台新98購01   ,0,0,0,0,0,0,0,0,0,4000,0,0,0,4000,0,4000,4000
060336,南電康和9A購01  ,0,0,0,0,0,0,0,0,0,4000,0,0,0,4000,0,4000,4000
059223,大立光元大99購14,0,0,0,0,0,0,0,0,0,4000,0,0,0,4000,0,4000,4000
058088,鴻海元大9A購01  ,0,0,0,0,0,0,0,0,0,4000,0,0,0,4000,0,4000,4000
062834,立積群益9B購02  ,0,0,0,0,0,0,0,0,0,4000,0,0,0,5000,1000,4000,4000
061526,宏達電凱基9A購04,0,0,0,0,0,0,0,0,0,4000,0,0,0,4000,0,4000,4000
063970,大立光國票01購01,0,0,0,0,0,0,0,0,0,4000,0,0,0,6000,2000,4000,4000
063602,金像電凱基9B購04,0,0,0,0,0,0,0,0,0,4000,0,0,0,6000,2000,4000,4000
063515,香港2X凱基01購01,0,0,0,0,0,0,0,0,0,4000,0,0,0,30000,26000,4000,4000
063562,國巨元大9C購06  ,0,0,0,0,0,0,0,0,0,4000,0,0,0,10000,6000,4000,4000
062616,玉晶光元大9C購06,0,0,0,0,0,0,0,0,0,4000,0,0,0,37000,33000,4000,4000
062448,健策元大9C購04  ,0,0,0,0,0,0,0,0,0,4000,0,0,0,6000,2000,4000,4000
062377,力成元大9B購01  ,0,0,0,0,0,0,0,0,0,4000,0,0,0,54000,50000,4000,4000
063238,漢唐元大9B購02  ,0,0,0,0,0,0,0,0,0,4000,0,0,0,59000,55000,4000,4000
063200,瑞昱統一9C購01  ,0,0,0,0,0,0,0,0,0,4000,0,0,0,4000,0,4000,4000
061228,聯茂中信9A購01  ,0,0,0,0,0,0,0,0,0,4000,0,0,0,4000,0,4000,4000
061144,玉晶光中信9B購02,0,0,0,0,0,0,0,0,0,4000,0,0,0,4000,0,4000,4000
063125,華擎元大9C購02  ,0,0,0,0,0,0,0,0,0,4000,0,0,0,9000,5000,4000,4000
062998,泰碩國票01購01  ,0,0,0,0,0,0,0,0,0,4000,0,0,0,4000,0,4000,4000
060851,國巨國泰9C購01  ,0,0,0,0,0,0,0,0,0,4000,0,0,0,50000,46000,4000,4000
061038,TPK永豐9A購01   ,0,0,0,0,0,0,0,0,0,4000,0,0,0,4000,0,4000,4000
060988,華新科元大9A購12,0,0,0,0,0,0,0,0,0,4000,0,0,0,8000,4000,4000,4000
062067,滬深2X元大9B購01,0,0,0,0,0,0,0,0,0,4000,0,0,0,4000,0,4000,4000
065374,義隆元大9C購07  ,0,0,0,0,0,0,0,0,0,4000,0,0,0,87000,83000,4000,4000
065284,旺宏群益9C購03  ,0,0,0,0,0,0,0,0,0,4000,0,0,0,11000,7000,4000,4000
065773,鴻海國票03購01  ,0,0,0,0,0,0,0,0,0,4000,0,0,0,559000,555000,4000,4000
065752,正崴元大9C購01  ,0,0,0,0,0,0,0,0,0,4000,0,0,0,4000,0,4000,4000
065974,智原元大01購01  ,0,0,0,0,0,0,0,0,0,4000,0,0,0,199000,195000,4000,4000
066103,神基國票02購01  ,0,0,0,0,0,0,0,0,0,4000,0,0,0,38000,34000,4000,4000
066135,潤泰全群益02購01,0,0,0,0,0,0,0,0,0,4000,0,0,0,34000,30000,4000,4000
066587,台船群益01購01  ,0,0,0,0,0,0,0,0,0,4000,0,0,0,17000,13000,4000,4000
066540,景碩兆豐01購02  ,0,0,0,0,0,0,0,0,0,4000,0,0,0,204000,200000,4000,4000
066788,聯發科麥證01購07,0,0,0,4000,0,4000,0,0,0,4000,0,0,0,4000,0,4000,4000
066907,聯發科凱基03購04,0,0,0,0,0,0,0,0,0,4000,0,0,0,4000,0,4000,4000
068216,國巨台新01購01  ,0,0,0,0,0,0,0,0,0,4000,0,0,0,10000,6000,4000,4000
066989,聯茂群益01購01  ,0,0,0,0,0,0,0,0,0,4000,0,0,0,5000,1000,4000,4000
067566,台積電康和01購01,0,0,0,0,0,0,0,0,0,4000,0,0,0,63000,59000,4000,4000
067401,嘉澤永豐01購02  ,0,0,0,0,0,0,0,0,0,4000,0,0,0,4000,0,4000,4000
2028,威致            ,10000,6000,4000,0,0,0,0,0,0,0,0,0,0,0,0,0,4000
1805,寶徠            ,4000,0,4000,0,0,0,0,0,0,0,0,0,0,0,0,0,4000
1726,永記            ,6000,0,6000,0,0,0,0,0,0,-2000,0,2000,-2000,0,0,0,4000
2438,翔耀            ,4000,0,4000,0,0,0,0,0,0,0,0,0,0,0,0,0,4000
3702A,大聯大甲特      ,2000,0,2000,0,0,0,0,0,0,2000,7000,0,7000,0,5000,-5000,4000
3266,昇陽            ,19000,8000,11000,0,0,0,0,0,0,-7000,0,7000,-7000,0,0,0,4000
2838A,聯邦銀甲特      ,0,0,0,0,0,0,0,0,0,4000,14000,0,14000,0,10000,-10000,4000
3002,歐格            ,6000,2000,4000,0,0,0,0,0,0,0,0,0,0,0,0,0,4000
2543,皇昌            ,10000,6000,4000,0,0,0,0,0,0,0,0,0,0,0,0,0,4000
2497,怡利電          ,6000,2000,4000,0,0,0,0,0,0,0,0,0,0,0,0,0,4000
9906,欣巴巴          ,7000,3000,4000,0,0,0,0,0,0,0,0,0,0,0,0,0,4000
6655,科定            ,9000,5000,4000,0,0,0,0,0,0,0,0,0,0,0,0,0,4000
6674,鋐寶科技        ,4000,0,4000,0,0,0,0,0,0,0,0,0,0,0,0,0,4000
8072,陞泰            ,15000,8000,7000,0,0,0,0,0,0,-3000,0,3000,-3000,0,0,0,4000
4571,鈞興-KY         ,4000,0,4000,0,0,0,0,0,0,0,0,0,0,0,0,0,4000
4438,廣越            ,5000,1000,4000,0,0,0,0,0,0,0,0,0,0,0,0,0,4000
6133,金橋            ,6000,3000,3000,0,0,0,0,0,0,1000,1000,0,1000,0,0,0,4000
065017,和大富邦03購01  ,0,0,0,0,0,0,0,0,0,3000,0,0,0,3000,0,3000,3000
065011,智邦國泰02購01  ,0,0,0,0,0,0,0,0,0,3000,0,0,0,60000,57000,3000,3000
064946,台積電凱基01購07,0,0,0,0,0,0,0,0,0,3000,0,0,0,4000,1000,3000,3000
064828,聯發科統一01購06,0,0,0,0,0,0,0,0,0,3000,0,0,0,3000,0,3000,3000
07230P,滬深2X群益01售02,0,0,0,0,0,0,0,0,0,3000,0,0,0,25000,22000,3000,3000
07218P,臺股指凱基99售31,0,0,0,0,0,0,0,0,0,3000,0,0,0,3000,0,3000,3000
07752P,台灣50元大9C售33,0,0,0,0,0,0,0,0,0,3000,0,0,0,3000,0,3000,3000
07657P,技嘉凱基9A售03  ,0,0,0,0,0,0,0,0,0,3000,0,0,0,3000,0,3000,3000
07363P,大立光元大99售26,0,0,0,0,0,0,0,0,0,3000,0,0,0,3000,0,3000,3000
08835P,聯發科統一01售12,0,0,0,0,0,0,0,0,0,3000,0,0,0,5000,2000,3000,3000
08675P,旺宏群益01售03  ,0,0,0,0,0,0,0,0,0,3000,0,0,0,9000,6000,3000,3000
08594P,台積電群益01售05,0,0,0,0,0,0,0,0,0,3000,0,0,0,3000,0,3000,3000
08432P,台勝科凱基9C售02,0,0,0,0,0,0,0,0,0,3000,0,0,0,3000,0,3000,3000
064234,正崴統一01購01  ,0,0,0,0,0,0,0,0,0,3000,0,0,0,11000,8000,3000,3000
064575,鈺齊群益9C購01  ,0,0,0,0,0,0,0,0,0,3000,0,0,0,3000,0,3000,3000
064379,TPK元富9C購01   ,0,0,0,0,0,0,0,0,0,3000,0,0,0,3000,0,3000,3000
058274,世紀鋼永豐99購01,0,0,0,0,0,0,0,0,0,3000,0,0,0,10000,7000,3000,3000
062944,茂林凱基9B購02  ,0,0,0,0,0,0,0,0,0,3000,0,0,0,88000,85000,3000,3000
062947,國巨富邦01購01  ,0,0,0,0,0,0,0,0,0,3000,0,0,0,11000,8000,3000,3000
058112,神達元富98購01  ,0,0,0,0,0,0,0,0,0,3000,0,0,0,3000,0,3000,3000
057816,欣興元大98購13  ,0,0,0,0,0,0,0,0,0,3000,0,0,0,3000,0,3000,3000
057853,旺宏國票99購05  ,0,0,0,0,0,0,0,0,0,3000,0,0,0,63000,60000,3000,3000
058723,元石油國泰9A購01,0,0,0,0,0,0,0,0,0,3000,0,0,0,3000,0,3000,3000
058655,鴻海中信03購02  ,0,0,0,0,0,0,0,0,0,3000,0,0,0,3000,0,3000,3000
058788,喬山元大99購01  ,0,0,0,0,0,0,0,0,0,3000,0,0,0,3000,0,3000,3000
059351,台虹凱基99購01  ,0,0,0,0,0,0,0,0,0,3000,0,0,0,65000,62000,3000,3000
060350,元黃金元富9B購01,0,0,0,0,0,0,0,0,0,3000,0,0,0,20000,17000,3000,3000
060410,台苯永豐9A購01  ,0,0,0,0,0,0,0,0,0,3000,0,0,0,8000,5000,3000,3000
057715,聯發科統一99購03,0,0,0,0,0,0,0,0,0,3000,0,0,0,3000,0,3000,3000
057708,臺股指群益98購08,0,0,0,0,0,0,0,0,0,3000,0,0,0,3000,0,3000,3000
060022,勤誠康和99購01  ,0,0,0,0,0,0,0,0,0,3000,0,0,0,3000,0,3000,3000
060065,大立光兆豐9B購01,0,0,0,0,0,0,0,0,0,3000,0,0,0,4000,1000,3000,3000
058939,台積電中信9B購01,0,0,0,0,0,0,0,0,0,3000,0,0,0,3000,0,3000,3000
059067,上銀國票9A購02  ,0,0,0,0,0,0,0,0,0,3000,0,0,0,28000,25000,3000,3000
054421,臺股指元大99購03,0,0,0,0,0,0,0,0,0,3000,0,0,0,3000,0,3000,3000
055506,台郡元大99購02  ,0,0,0,0,0,0,0,0,0,3000,0,0,0,3000,0,3000,3000
058328,世紀鋼統一9B購01,0,0,0,0,0,0,0,0,0,3000,0,0,0,183000,180000,3000,3000
056603,嘉聯益國泰9A購01,0,0,0,0,0,0,0,0,0,3000,0,0,0,35000,32000,3000,3000
057516,和鑫元富98購01  ,0,0,0,0,0,0,0,0,0,3000,0,0,0,3000,0,3000,3000
059727,大立光元大9A購01,0,0,0,0,0,0,0,0,0,3000,0,0,0,5000,2000,3000,3000
057229,友達凱基9B購02  ,0,0,0,0,0,0,0,0,0,3000,0,0,0,3000,0,3000,3000
053377,台積電元大98購01,0,0,0,0,0,0,0,0,0,3000,0,0,0,3000,0,3000,3000
03108P,台積電元大01售40,0,0,0,0,0,0,0,0,0,3000,0,0,0,3000,0,3000,3000
050378,上証2X群益98購02,0,0,0,0,0,0,0,0,0,3000,0,0,0,3000,0,3000,3000
046937,聯電元大99購01  ,0,0,0,0,0,0,0,0,0,3000,0,0,0,3000,0,3000,3000
03679C,臺股指元大04牛04,0,0,0,0,0,0,0,0,0,3000,0,0,0,3000,0,3000,3000
00690,兆豐藍籌30      ,0,0,0,0,0,0,0,0,0,3000,0,0,0,339000,336000,3000,3000
00736,國泰新興市場    ,0,0,0,0,0,0,0,0,0,3000,0,0,0,104000,101000,3000,3000
00763U,街口道瓊銅      ,0,5000,-5000,0,0,0,0,0,0,8000,0,0,0,8000,0,8000,3000
065191,南電統一01購03  ,0,0,0,0,0,0,0,0,0,3000,0,0,0,3000,0,3000,3000
060511,群創元大9B購08  ,0,0,0,0,0,0,0,0,0,3000,0,0,0,13000,10000,3000,3000
062113,瑞祺國票9B購01  ,0,0,0,0,0,0,0,0,0,3000,0,0,0,12000,9000,3000,3000
062148,奇鋐國票9B購01  ,0,0,0,0,0,0,0,0,0,3000,0,0,0,3000,0,3000,3000
060489,世紀鋼群益9A購01,0,0,0,0,0,0,0,0,0,3000,0,0,0,70000,67000,3000,3000
060431,復盛永豐9A購01  ,0,0,0,0,0,0,0,0,0,3000,0,0,0,3000,0,3000,3000
065378,嘉澤元大01購01  ,0,0,0,0,0,0,0,0,0,3000,0,0,0,6000,3000,3000,3000
065550,聯發科凱基01購07,0,0,0,0,0,0,0,0,0,3000,0,0,0,5000,2000,3000,3000
065481,臻鼎元大9C購04  ,0,0,0,0,0,0,0,0,0,3000,0,0,0,86000,83000,3000,3000
065572,泰碩群益01購01  ,0,0,0,0,0,0,0,0,0,3000,0,0,0,94000,91000,3000,3000
060909,金像電元大9B購01,0,0,0,0,0,0,0,0,0,3000,0,0,0,3000,0,3000,3000
060951,元黃金群益9A購01,0,0,0,0,0,0,0,0,0,3000,0,0,0,3000,0,3000,3000
061037,嘉澤永豐9A購01  ,0,0,0,0,0,0,0,0,0,3000,0,0,0,3000,0,3000,3000
060836,上銀國票9A購03  ,0,0,0,0,0,0,0,0,0,3000,0,0,0,3000,0,3000,3000
063164,聯發科永豐9B購03,0,0,0,0,0,0,0,0,0,3000,0,0,0,3000,0,3000,3000
063034,致茂凱基9B購01  ,0,0,0,0,0,0,0,0,0,3000,0,0,0,18000,15000,3000,3000
063416,台積電凱基9B購10,0,0,0,0,0,0,0,0,0,3000,0,0,0,5000,2000,3000,3000
061421,台積電元大9A購29,0,0,0,0,0,0,0,0,0,3000,0,0,0,20000,17000,3000,3000
063115,台積電麥證9B購02,0,0,0,3000,0,3000,0,0,0,3000,0,0,0,3000,0,3000,3000
062608,智易凱基9B購01  ,0,0,0,0,0,0,0,0,0,3000,0,0,0,3000,0,3000,3000
062679,技嘉統一01購01  ,0,0,0,0,0,0,0,0,0,3000,0,0,0,3000,0,3000,3000
063617,鴻海兆豐01購01  ,0,0,0,0,0,0,0,0,0,3000,0,0,0,3000,0,3000,3000
063823,T50反1國票01購02,0,0,0,0,0,0,0,0,0,3000,0,0,0,3000,0,3000,3000
063778,亞德客永豐9B購02,0,0,0,0,0,0,0,0,0,3000,0,0,0,15000,12000,3000,3000
063965,漢唐國票01購01  ,0,0,0,0,0,0,0,0,0,3000,0,0,0,44000,41000,3000,3000
063954,世芯元大01購02  ,0,0,0,0,0,0,0,0,0,3000,0,0,0,3000,0,3000,3000
067438,緯穎凱基01購03  ,0,0,0,0,0,0,0,0,0,3000,0,0,0,32000,29000,3000,3000
067626,聚陽永豐01購01  ,0,0,0,0,0,0,0,0,0,3000,0,0,0,270000,267000,3000,3000
066649,華新科麥證01購02,0,0,0,14000,10000,4000,0,0,0,3000,0,0,0,14000,11000,3000,3000
066653,矽格康和01購01  ,0,0,0,0,0,0,0,0,0,3000,0,0,0,5000,2000,3000,3000
066122,卜蜂群益03購01  ,0,0,0,0,0,0,0,0,0,3000,0,0,0,3000,0,3000,3000
066049,奇鋐元大02購01  ,0,0,0,0,0,0,0,0,0,3000,0,0,0,13000,10000,3000,3000
6201,亞弘電          ,3000,0,3000,0,0,0,0,0,0,0,0,0,0,0,0,0,3000
4557,永新-KY         ,3000,0,3000,0,0,0,0,0,0,0,0,0,0,0,0,0,3000
4426,利勤            ,48000,45000,3000,0,0,0,0,0,0,0,0,0,0,0,0,0,3000
4581,光隆精密-KY     ,3000,0,3000,0,0,0,0,0,0,0,0,0,0,0,0,0,3000
4994,傳奇            ,37000,31000,6000,0,0,0,0,0,0,-3000,0,3000,-3000,0,0,0,3000
8940,新天地          ,4000,1000,3000,0,0,0,0,0,0,0,0,0,0,0,0,0,3000
8466,美吉吉-KY       ,9000,6000,3000,0,0,0,0,0,0,0,0,0,0,0,0,0,3000
8467,波力-KY         ,4000,0,4000,0,0,0,0,0,0,-1000,0,1000,-1000,0,0,0,3000
8442,威宏-KY         ,3000,0,3000,0,0,0,0,0,0,0,0,0,0,0,0,0,3000
9937,全國            ,3000,0,3000,0,0,0,0,0,0,0,0,0,0,0,0,0,3000
2904,匯僑            ,1000,0,1000,0,0,0,0,0,0,2000,2000,0,2000,0,0,0,3000
2901,欣欣            ,3000,0,3000,0,0,0,0,0,0,0,0,0,0,0,0,0,3000
2748,雲品            ,9000,6000,3000,0,0,0,0,0,0,0,0,0,0,0,0,0,3000
3130,一零四          ,3000,0,3000,0,0,0,0,0,0,0,0,0,0,0,0,0,3000
3011,今皓            ,3000,0,3000,0,0,0,0,0,0,0,0,0,0,0,0,0,3000
3593,力銘            ,3000,0,3000,0,0,0,0,0,0,0,0,0,0,0,0,0,3000
3454,晶睿            ,17000,14000,3000,0,0,0,0,0,0,0,0,0,0,0,0,0,3000
2431,聯昌            ,8000,5000,3000,0,0,0,0,0,0,0,0,0,0,0,0,0,3000
2440,太空梭          ,3000,0,3000,0,0,0,0,0,0,0,0,0,0,0,0,0,3000
2465,麗臺            ,3000,0,3000,0,0,0,0,0,0,0,0,0,0,0,0,0,3000
2243,宏旭-KY         ,0,0,0,0,0,0,0,0,0,3000,3000,0,3000,0,0,0,3000
2227,裕日車          ,13000,10000,3000,0,0,0,0,0,0,0,0,0,0,0,0,0,3000
1735,日勝化          ,3000,0,3000,0,0,0,0,0,0,0,0,0,0,0,0,0,3000
1776,展宇            ,3000,1000,2000,0,0,0,0,0,0,1000,1000,0,1000,0,0,0,3000
2008,高興昌          ,4000,1000,3000,0,0,0,0,0,0,0,0,0,0,0,0,0,3000
1452,宏益            ,3000,0,3000,0,0,0,0,0,0,0,0,0,0,0,0,0,3000
1525,江申            ,3000,0,3000,0,0,0,0,0,0,0,0,0,0,0,0,0,3000
064577,大立光國泰02購01,0,0,0,0,0,0,0,0,0,2000,0,0,0,2000,0,2000,2000
064560,技嘉群益01購01  ,0,0,0,0,0,0,0,0,0,2000,0,0,0,9000,7000,2000,2000
064534,京元電國票01購01,0,0,0,0,0,0,0,0,0,2000,0,0,0,12000,10000,2000,2000
064641,神隆凱基9C購01  ,0,0,0,0,0,0,0,0,0,2000,0,0,0,2000,0,2000,2000
064221,華通國票01購01  ,0,0,0,0,0,0,0,0,0,2000,0,0,0,129000,127000,2000,2000
064169,南電統一9C購01  ,0,0,0,0,0,0,0,0,0,2000,0,0,0,2000,0,2000,2000
065056,臺股指凱基9C購20,0,0,0,0,0,0,0,0,0,2000,0,0,0,2000,0,2000,2000
065059,神隆群益9C購01  ,0,0,0,0,0,0,0,0,0,2000,0,0,0,12000,10000,2000,2000
08332P,智邦台新9C售03  ,0,0,0,0,0,0,0,0,0,2000,0,0,0,2000,0,2000,2000
08566P,禾伸堂群益9C售01,0,0,0,0,0,0,0,0,0,2000,0,0,0,5000,3000,2000,2000
08561P,台表科國票01售02,0,0,0,0,0,0,0,0,0,2000,0,0,0,22000,20000,2000,2000
08717P,台灣50元大01售16,0,0,0,0,0,0,0,0,0,2000,0,0,0,2000,0,2000,2000
08864P,欣興元大01售01  ,0,0,0,0,0,0,0,0,0,2000,0,0,0,72000,70000,2000,2000
08776P,上証2X群益03售02,0,0,0,0,0,0,0,0,0,2000,0,0,0,17000,15000,2000,2000
1443,立益            ,3000,1000,2000,0,0,0,0,0,0,0,0,0,0,0,0,0,2000
1324,地球            ,3000,1000,2000,0,0,0,0,0,0,0,0,0,0,0,0,0,2000
07781P,高鐵凱基9A售02  ,0,0,0,0,0,0,0,0,0,2000,0,0,0,2000,0,2000,2000
06990P,康友元富99售03  ,0,0,0,0,0,0,0,0,0,2000,0,0,0,27000,25000,2000,2000
06890P,金融類元大98售02,0,0,0,0,0,0,0,0,0,2000,0,0,0,2000,0,2000,2000
06862P,大立光凱基98售16,0,0,0,0,0,0,0,0,0,2000,0,0,0,2000,0,2000,2000
068494,玉山金元大01購01,0,0,0,0,0,0,0,0,0,2000,0,0,0,3000,1000,2000,2000
064851,勤誠元富03購01  ,0,0,0,0,0,0,0,0,0,2000,0,0,0,2000,0,2000,2000
064802,台積電元大01購04,0,0,0,0,0,0,0,0,0,2000,0,0,0,2000,0,2000,2000
06477P,緯穎國票99售02  ,0,0,0,0,0,0,0,0,0,2000,0,0,0,2000,0,2000,2000
064861,緯創富邦9C購01  ,0,0,0,0,0,0,0,0,0,2000,0,0,0,12000,10000,2000,2000
08224P,臺股指凱基9B售19,0,0,0,0,0,0,0,0,0,2000,0,0,0,2000,0,2000,2000
07870P,鴻海群益9B售01  ,0,0,0,0,0,0,0,0,0,2000,0,0,0,2000,0,2000,2000
00866,新光Shiller CAPE,0,0,0,0,0,0,0,0,0,2000,0,0,0,28000,26000,2000,2000
03459B,臺股指元大9C熊38,0,0,0,0,0,0,0,0,0,2000,0,0,0,2000,0,2000,2000
03690C,臺股指凱基01牛13,0,0,0,0,0,0,0,0,0,2000,0,0,0,80000,78000,2000,2000
045053,聯發科元富98購01,0,0,0,0,0,0,0,0,0,2000,0,0,0,51000,49000,2000,2000
052325,高股息中信99購01,0,0,0,0,0,0,0,0,0,2000,0,0,0,2000,0,2000,2000
056798,華新科麥證98購01,0,0,0,2000,0,2000,0,0,0,2000,0,0,0,2000,0,2000,2000
03419B,臺股指元富99熊03,0,0,0,0,0,0,0,0,0,2000,0,0,0,2000,0,2000,2000
056970,TPK永豐98購01   ,0,0,0,0,0,0,0,0,0,2000,0,0,0,2000,0,2000,2000
057121,立積康和98購01  ,0,0,0,0,0,0,0,0,0,2000,0,0,0,2000,0,2000,2000
058459,南電永豐99購01  ,0,0,0,0,0,0,0,0,0,2000,0,0,0,2000,0,2000,2000
059618,台積電日盛99購01,0,0,0,0,0,0,0,0,0,2000,0,0,0,2000,0,2000,2000
059646,聯茂凱基99購06  ,0,0,0,0,0,0,0,0,0,2000,0,0,0,5000,3000,2000,2000
058475,台積電凱基99購06,0,0,0,0,0,0,0,0,0,2000,0,0,0,2000,0,2000,2000
059784,台光電元大9A購01,0,0,0,0,0,0,0,0,0,2000,0,0,0,2000,0,2000,2000
056586,光罩統一98購02  ,0,0,0,0,0,0,0,0,0,2000,0,0,0,2000,0,2000,2000
05756P,臺股指中信99售05,0,0,0,0,0,0,0,0,0,2000,0,0,0,2000,0,2000,2000
055335,健策兆豐98購01  ,0,0,0,0,0,0,0,0,0,2000,0,0,0,2000,0,2000,2000
054204,元金2X國票9B購02,0,0,0,0,0,0,0,0,0,2000,0,0,0,2000,0,2000,2000
054565,玉晶光群益99購02,0,0,0,0,0,0,0,0,0,2000,0,0,0,2000,0,2000,2000
056565,欣興群益98購03  ,0,0,0,0,0,0,0,0,0,2000,0,0,0,2000,0,2000,2000
059956,玉山金康和99購01,0,0,0,0,0,0,0,0,0,2000,0,0,0,2000,0,2000,2000
059941,聯發科永豐99購04,0,0,0,0,0,0,0,0,0,2000,0,0,0,2000,0,2000,2000
060079,台郡台新99購03  ,0,0,0,0,0,0,0,0,0,2000,0,0,0,2000,0,2000,2000
059868,台光電凱基99購03,0,0,0,0,0,0,0,0,0,2000,0,0,0,2000,0,2000,2000
057693,臺股指凱基98購11,0,0,0,0,0,0,0,0,0,2000,0,0,0,2000,0,2000,2000
057744,健策永豐98購02  ,0,0,0,0,0,0,0,0,0,2000,0,0,0,2000,0,2000,2000
057664,台積電元大9A購03,0,0,0,0,0,0,0,0,0,2000,0,0,0,2000,0,2000,2000
060363,美律元富9A購01  ,0,0,0,0,0,0,0,0,0,2000,0,0,0,2000,0,2000,2000
059214,國巨元大99購20  ,0,0,0,0,0,0,0,0,0,2000,0,0,0,2000,0,2000,2000
059480,美律群益9A購01  ,0,0,0,0,0,0,0,0,0,2000,0,0,0,2000,0,2000,2000
060152,上証2X永豐9A購02,0,0,0,0,0,0,0,0,0,2000,0,0,0,2000,0,2000,2000
057796,鴻海兆豐99購03  ,0,0,0,0,0,0,0,0,0,2000,0,0,0,12000,10000,2000,2000
057839,台積電富邦9A購02,0,0,0,0,0,0,0,0,0,2000,0,0,0,2000,0,2000,2000
058063,旺宏中信98購04  ,0,0,0,0,0,0,0,0,0,2000,0,0,0,2000,0,2000,2000
058171,國巨凱基9A購07  ,0,0,0,0,0,0,0,0,0,2000,0,0,0,2000,0,2000,2000
057909,台光電兆豐98購01,0,0,0,0,0,0,0,0,0,2000,0,0,0,2000,0,2000,2000
057936,健策群益99購01  ,0,0,0,0,0,0,0,0,0,2000,0,0,0,26000,24000,2000,2000
061478,奇鋐元大9A購01  ,0,0,0,0,0,0,0,0,0,2000,0,0,0,2000,0,2000,2000
062992,聯發科群益9B購09,0,0,0,0,0,0,0,0,0,2000,0,0,0,2000,0,2000,2000
060766,世芯元大9A購02  ,0,0,0,0,0,0,0,0,0,2000,0,0,0,2000,0,2000,2000
063600,燿華凱基9B購04  ,0,0,0,0,0,0,0,0,0,2000,0,0,0,2000,0,2000,2000
062660,神隆群益9B購02  ,0,0,0,0,0,0,0,0,0,2000,0,0,0,12000,10000,2000,2000
061769,晶技元大9B購03  ,0,0,0,0,0,0,0,0,0,2000,0,0,0,2000,0,2000,2000
061795,智邦永豐9B購01  ,0,0,0,0,0,0,0,0,0,2000,0,0,0,2000,0,2000,2000
061668,信邦中信9B購01  ,0,0,0,0,0,0,0,0,0,2000,0,0,0,2000,0,2000,2000
063313,南亞科群益9B購02,0,0,0,0,0,0,0,0,0,2000,0,0,0,21000,19000,2000,2000
063364,聯發科富邦01購02,0,0,0,0,0,0,0,0,0,2000,0,0,0,2000,0,2000,2000
062535,台積電麥證02購01,0,0,0,2000,0,2000,0,0,0,2000,0,0,0,2000,0,2000,2000
063103,技嘉群益9B購01  ,0,0,0,0,0,0,0,0,0,2000,0,0,0,2000,0,2000,2000
061394,FBVIX統一9B購01 ,0,0,0,0,0,0,0,0,0,2000,0,0,0,2000,0,2000,2000
061260,台積電凱基9A購23,0,0,0,0,0,0,0,0,0,2000,0,0,0,3000,1000,2000,2000
061157,聯鈞群益9A購02  ,0,0,0,0,0,0,0,0,0,2000,0,0,0,60000,58000,2000,2000
061235,台積電元大9A購23,0,0,0,0,0,0,0,0,0,2000,0,0,0,2000,0,2000,2000
060846,欣興國票9A購02  ,0,0,0,0,0,0,0,0,0,2000,0,0,0,2000,0,2000,2000
061008,群創兆豐9A購02  ,0,0,0,0,0,0,0,0,0,2000,0,0,0,12000,10000,2000,2000
060929,健策永豐9A購01  ,0,0,0,0,0,0,0,0,0,2000,0,0,0,12000,10000,2000,2000
062032,崇越群益9B購01  ,0,0,0,0,0,0,0,0,0,2000,0,0,0,2000,0,2000,2000
065428,旺宏凱基03購01  ,0,0,0,0,0,0,0,0,0,2000,0,0,0,6000,4000,2000,2000
065460,嘉聯益台新9C購01,0,0,0,0,0,0,0,0,0,2000,0,0,0,70000,68000,2000,2000
060475,瑞祺元大9A購01  ,0,0,0,0,0,0,0,0,0,2000,0,0,0,32000,30000,2000,2000
062109,聯詠國票9C購01  ,0,0,0,0,0,0,0,0,0,2000,0,0,0,2000,0,2000,2000
060492,元黃金元富9A購01,0,0,0,0,0,0,0,0,0,2000,0,0,0,2000,0,2000,2000
065972,聯發科元大01購07,0,0,0,0,0,0,0,0,0,2000,0,0,0,16000,14000,2000,2000
065936,聯發科群益02購01,0,0,0,0,0,0,0,0,0,2000,0,0,0,2000,0,2000,2000
065678,聯發科統一01購07,0,0,0,0,0,0,0,0,0,2000,0,0,0,78000,76000,2000,2000
066507,和碩富邦03購01  ,0,0,0,0,0,0,0,0,0,2000,0,0,0,5000,3000,2000,2000
066454,金像電統一01購03,0,0,0,0,0,0,0,0,0,2000,0,0,0,2000,0,2000,2000
066343,佳醫永豐01購01  ,0,0,0,0,0,0,0,0,0,2000,0,0,0,8000,6000,2000,2000
067502,聚陽統一02購04  ,0,0,0,0,0,0,0,0,0,2000,0,0,0,80000,78000,2000,2000
067428,大毅凱基01購02  ,0,0,0,0,0,0,0,0,0,2000,0,0,0,52000,50000,2000,2000
067370,南亞科統一03購03,0,0,0,0,0,0,0,0,0,2000,0,0,0,2000,0,2000,2000
06733P,鴻海凱基99售02  ,0,0,0,0,0,0,0,0,0,2000,0,0,0,2000,0,2000,2000
067019,A50中信02購01   ,0,0,0,0,0,0,0,0,0,2000,0,0,0,2000,0,2000,2000
067290,金像電兆豐03購01,0,0,0,0,0,0,0,0,0,2000,0,0,0,15000,13000,2000,2000
067263,台汽電國票01購01,0,0,0,0,0,0,0,0,0,2000,0,0,0,2000,0,2000,2000
068073,京城銀凱基01購01,0,0,0,0,0,0,0,0,0,2000,0,0,0,100000,98000,2000,2000
067967,玉山金群益01購01,0,0,0,0,0,0,0,0,0,2000,0,0,0,3000,1000,2000,2000
067916,敬鵬永豐01購01  ,0,0,0,0,0,0,0,0,0,2000,0,0,0,2000,0,2000,2000
067750,鈺齊元大02購01  ,0,0,0,0,0,0,0,0,0,2000,0,0,0,8000,6000,2000,2000
1473,台南            ,13000,11000,2000,0,0,0,0,0,0,0,0,0,0,0,0,0,2000
1535,中宇            ,5000,1000,4000,0,0,0,0,0,0,-2000,0,2000,-2000,0,0,0,2000
1727,中華化          ,3000,1000,2000,0,0,0,0,0,0,0,0,0,0,0,0,0,2000
2236,百達-KY         ,3000,1000,2000,0,0,0,0,0,0,0,0,0,0,0,0,0,2000
3416,融程電          ,5000,3000,2000,0,0,0,0,0,0,0,0,0,0,0,0,0,2000
3432,台端            ,3000,0,3000,0,0,0,0,0,0,-1000,0,1000,-1000,0,0,0,2000
2712,遠雄來          ,3000,1000,2000,0,0,0,0,0,0,0,0,0,0,0,0,0,2000
2936,客思達-KY       ,2000,0,2000,0,0,0,0,0,0,0,0,0,0,0,0,0,2000
2524,京城            ,25000,18000,7000,0,0,0,0,0,0,-5000,0,5000,-5000,0,0,0,2000
2539,櫻花建          ,24000,22000,2000,0,0,0,0,0,0,0,0,0,0,0,0,0,2000
9926,新海            ,3000,1000,2000,0,0,0,0,0,0,0,0,0,0,0,0,0,2000
911608,明輝-DR         ,2000,0,2000,0,0,0,0,0,0,0,0,0,0,0,0,0,2000
6671,三能-KY         ,2000,0,2000,0,0,0,0,0,0,0,1000,1000,0,0,0,0,2000
8367,建新國際        ,0,0,0,0,0,0,0,0,0,2000,2000,0,2000,0,0,0,2000
6666,羅麗芬-KY       ,4000,0,4000,0,0,0,0,0,0,-2000,0,2000,-2000,0,0,0,2000
6464,台數科          ,4000,2000,2000,0,0,0,0,0,0,0,0,0,0,0,0,0,2000
4566,時碩工業        ,4000,2000,2000,0,0,0,0,0,0,0,0,0,0,0,0,0,2000
5284,jpp-KY          ,3000,1000,2000,0,0,0,0,0,0,0,0,0,0,0,0,0,2000
064744,創意國票01購02  ,0,0,0,0,0,0,0,0,0,1000,0,0,0,3000,2000,1000,1000
064690,台光電群益9C購02,0,0,0,0,0,0,0,0,0,1000,0,0,0,100000,99000,1000,1000
064929,台表科統一02購03,0,0,0,0,0,0,0,0,0,1000,0,0,0,7000,6000,1000,1000
068525,京元電元富07購01,0,0,0,0,0,0,0,0,0,1000,0,0,0,13000,12000,1000,1000
068538,帆宣中信01購03  ,0,0,0,0,0,0,0,0,0,1000,0,0,0,1000,0,1000,1000
06856P,台灣50永豐99售03,0,0,0,0,0,0,0,0,0,1000,0,0,0,174000,173000,1000,1000
07196P,大立光元大99售13,0,0,0,0,0,0,0,0,0,1000,0,0,0,11000,10000,1000,1000
07839P,嘉澤元大9A售04  ,0,0,0,0,0,0,0,0,0,1000,0,0,0,101000,100000,1000,1000
1323,永裕            ,0,0,0,0,0,0,0,0,0,1000,1000,0,1000,0,0,0,1000
1341,富林-KY         ,1000,0,1000,0,0,0,0,0,0,0,0,0,0,0,0,0,1000
1256,鮮活果汁-KY     ,1000,0,1000,0,0,0,0,0,0,0,0,0,0,0,0,0,1000
1235,興泰            ,3000,2000,1000,0,0,0,0,0,0,0,0,0,0,0,0,0,1000
08778P,台積電群益01售09,0,0,0,0,0,0,0,0,0,1000,0,0,0,1000,0,1000,1000
08808P,台灣50群益01售06,0,0,0,0,0,0,0,0,0,1000,0,0,0,5000,4000,1000,1000
08814P,世紀鋼群益01售04,0,0,0,0,0,0,0,0,0,1000,0,0,0,1000,0,1000,1000
08718P,台灣50元大02售03,0,0,0,0,0,0,0,0,0,1000,0,0,0,1000,0,1000,1000
08544P,和碩國票01售02  ,0,0,0,0,0,0,0,0,0,1000,0,0,0,11000,10000,1000,1000
08378P,世紀鋼元富9C售02,0,0,0,0,0,0,0,0,0,1000,0,0,0,56000,55000,1000,1000
08383P,智邦群益9C售03  ,0,0,0,0,0,0,0,0,0,1000,0,0,0,1000,0,1000,1000
065057,臺股指凱基9C購21,0,0,0,0,0,0,0,0,0,1000,0,0,0,1000,0,1000,1000
065046,玉晶光凱基01購03,0,0,0,0,0,0,0,0,0,1000,0,0,0,7000,6000,1000,1000
065158,和碩群益9C購01  ,0,0,0,0,0,0,0,0,0,1000,0,0,0,19000,18000,1000,1000
064138,亞德客統一01購02,0,0,0,0,0,0,0,0,0,1000,0,0,0,8000,7000,1000,1000
064164,祥碩統一01購05  ,0,0,0,0,0,0,0,0,0,1000,0,0,0,1000,0,1000,1000
064152,義隆統一02購02  ,0,0,0,0,0,0,0,0,0,1000,0,0,0,5000,4000,1000,1000
064259,矽格富邦9C購01  ,0,0,0,0,0,0,0,0,0,1000,0,0,0,1000,0,1000,1000
064242,TPK統一02購01   ,0,0,0,0,0,0,0,0,0,1000,0,0,0,1000,0,1000,1000
064271,鴻海元大9C購08  ,0,0,0,0,0,0,0,0,0,1000,0,0,0,1000,0,1000,1000
064621,大立光元大9C購20,0,0,0,0,0,0,0,0,0,1000,0,0,0,43000,42000,1000,1000
08306P,台積電凱基01售04,0,0,0,0,0,0,0,0,0,1000,0,0,0,1000,0,1000,1000
064526,臺股指群益9C購11,0,0,0,0,0,0,0,0,0,1000,0,0,0,1000,0,1000,1000
064567,晶技群益01購01  ,0,0,0,0,0,0,0,0,0,1000,0,0,0,9000,8000,1000,1000
064090,祥碩凱基9C購03  ,0,0,0,0,0,0,0,0,0,1000,0,0,0,1000,0,1000,1000
060697,鴻海國泰9C購01  ,0,0,0,0,0,0,0,0,0,1000,0,0,0,8000,7000,1000,1000
060628,和大富邦9B購01  ,0,0,0,0,0,0,0,0,0,1000,0,0,0,21000,20000,1000,1000
060629,鴻海富邦9B購01  ,0,0,0,0,0,0,0,0,0,1000,0,0,0,1000,0,1000,1000
062921,GIS元大9B購01   ,0,0,0,0,0,0,0,0,0,1000,0,0,0,1000,0,1000,1000
062843,臺股指群益9B購10,0,0,0,0,0,0,0,0,0,1000,0,0,0,3000,2000,1000,1000
058190,貿聯永豐99購01  ,0,0,0,0,0,0,0,0,0,1000,0,0,0,1000,0,1000,1000
058169,國巨凱基9A購05  ,0,0,0,0,0,0,0,0,0,1000,0,0,0,1000,0,1000,1000
057862,智邦凱基99購01  ,0,0,0,0,0,0,0,0,0,1000,0,0,0,1000,0,1000,1000
058744,FBVIX凱基9C購03 ,0,0,0,0,0,0,0,0,0,1000,0,0,0,56000,55000,1000,1000
057802,卜蜂元大98購01  ,0,0,0,0,0,0,0,0,0,1000,0,0,0,1000,0,1000,1000
058684,健策凱基99購02  ,0,0,0,0,0,0,0,0,0,1000,0,0,0,2000,1000,1000,1000
060174,T50反1元富04購01,0,0,0,0,0,0,0,0,0,1000,0,0,0,16000,15000,1000,1000
060185,聯發科元富04購01,0,0,0,0,0,0,0,0,0,1000,0,0,0,1000,0,1000,1000
059203,勤誠永豐99購02  ,0,0,0,0,0,0,0,0,0,1000,0,0,0,1000,0,1000,1000
060253,昇陽半元大9C購01,0,0,0,0,0,0,0,0,0,1000,0,0,0,1000,0,1000,1000
060285,聯電元大9C購01  ,0,0,0,0,0,0,0,0,0,1000,0,0,0,1000,0,1000,1000
058554,瀚宇博永豐99購01,0,0,0,0,0,0,0,0,0,1000,0,0,0,1000,0,1000,1000
058633,台灣50兆豐99購01,0,0,0,0,0,0,0,0,0,1000,0,0,0,1000,0,1000,1000
060093,友達元大03購01  ,0,0,0,0,0,0,0,0,0,1000,0,0,0,52000,51000,1000,1000
060044,大立光群益99購09,0,0,0,0,0,0,0,0,0,1000,0,0,0,1000,0,1000,1000
059062,群創凱基99購05  ,0,0,0,0,0,0,0,0,0,1000,0,0,0,22000,21000,1000,1000
059036,可成群益9B購03  ,0,0,0,0,0,0,0,0,0,1000,0,0,0,5000,4000,1000,1000
059117,禾伸堂永豐99購01,0,0,0,0,0,0,0,0,0,1000,0,0,0,1000,0,1000,1000
056211,南港國票98購01  ,0,0,0,0,0,0,0,0,0,1000,0,0,0,1000,0,1000,1000
055106,台積電凱基98購05,0,0,0,0,0,0,0,0,0,1000,0,0,0,1000,0,1000,1000
054593,滬深2X永昌9A購01,0,0,0,0,0,0,0,0,0,1000,0,0,0,1000,0,1000,1000
054479,緯創中信98購01  ,0,0,0,0,0,0,0,0,0,1000,0,0,0,20000,19000,1000,1000
054425,聯發科富邦99購03,0,0,0,0,0,0,0,0,0,1000,0,0,0,1000,0,1000,1000
053565,台光電富邦98購01,0,0,0,0,0,0,0,0,0,1000,0,0,0,1000,0,1000,1000
053979,健策元大98購01  ,0,0,0,0,0,0,0,0,0,1000,0,0,0,1000,0,1000,1000
053798,台積電中信98購02,0,0,0,0,0,0,0,0,0,1000,0,0,0,1000,0,1000,1000
055271,鴻海元大98購03  ,0,0,0,0,0,0,0,0,0,1000,0,0,0,1000,0,1000,1000
055312,台虹群益99購01  ,0,0,0,0,0,0,0,0,0,1000,0,0,0,1000,0,1000,1000
055228,聯發科國票98購03,0,0,0,0,0,0,0,0,0,1000,0,0,0,1000,0,1000,1000
056576,晶技元大99購02  ,0,0,0,0,0,0,0,0,0,1000,0,0,0,4000,3000,1000,1000
056646,奇鋐凱基99購02  ,0,0,0,0,0,0,0,0,0,1000,0,0,0,1000,0,1000,1000
057110,立積群益98購01  ,0,0,0,0,0,0,0,0,0,1000,0,0,0,1000,0,1000,1000
056963,建準永豐98購01  ,0,0,0,0,0,0,0,0,0,1000,0,0,0,1000,0,1000,1000
053382,友達元大9C購02  ,0,0,0,0,0,0,0,0,0,1000,0,0,0,1000,0,1000,1000
053297,鎧勝中信98購01  ,0,0,0,0,0,0,0,0,0,1000,0,0,0,1000,0,1000,1000
057085,立積統一9B購02  ,0,0,0,0,0,0,0,0,0,1000,0,0,0,15000,14000,1000,1000
057079,台積電統一9A購02,0,0,0,0,0,0,0,0,0,1000,0,0,0,1000,0,1000,1000
03015X,元展15          ,0,0,0,0,0,0,0,0,0,1000,0,0,0,1000,0,1000,1000
03112P,GIS元大01售03   ,0,0,0,0,0,0,0,0,0,1000,0,0,0,64000,63000,1000,1000
046384,群創凱基98購02  ,0,0,0,0,0,0,0,0,0,1000,0,0,0,1000,0,1000,1000
052692,滬深2X中信99購02,0,0,0,0,0,0,0,0,0,1000,0,0,0,3000,2000,1000,1000
00742,新光內需收益    ,0,0,0,0,0,0,0,0,0,1000,250000,250000,0,354000,353000,1000,1000
00702,國泰標普低波高息,0,0,0,0,0,0,0,0,0,1000,0,0,0,1000,0,1000,1000
0057,富邦摩台        ,2000,0,2000,0,0,0,0,0,0,-1000,0,0,0,20000,21000,-1000,1000
060566,聯詠富邦9C購01  ,0,0,0,0,0,0,0,0,0,1000,0,0,0,1000,0,1000,1000
060608,玉晶光凱基9A購08,0,0,0,0,0,0,0,0,0,1000,0,0,0,1000,0,1000,1000
062117,燿華中信9B購01  ,0,0,0,0,0,0,0,0,0,1000,0,0,0,1000,0,1000,1000
062181,義隆元大9B購03  ,0,0,0,0,0,0,0,0,0,1000,0,0,0,1000,0,1000,1000
060455,葡萄王元大9A購02,0,0,0,0,0,0,0,0,0,1000,0,0,0,1000,0,1000,1000
065449,中租統一9C購01  ,0,0,0,0,0,0,0,0,0,1000,0,0,0,1000,0,1000,1000
065400,華擎群益01購02  ,0,0,0,0,0,0,0,0,0,1000,0,0,0,1000,0,1000,1000
065357,立積元富03購01  ,0,0,0,0,0,0,0,0,0,1000,0,0,0,1000,0,1000,1000
065347,聯發科統一9C購15,0,0,0,0,0,0,0,0,0,1000,0,0,0,1000,0,1000,1000
065489,臺股指元大9C購31,0,0,0,0,0,0,0,0,0,1000,0,0,0,201000,200000,1000,1000
065506,道瓊指群益9C購03,0,0,0,0,0,0,0,0,0,1000,0,0,0,1000,0,1000,1000
061909,台積電中信05購02,0,0,0,0,0,0,0,0,0,1000,0,0,0,1000,0,1000,1000
062058,瑞昱統一01購01  ,0,0,0,0,0,0,0,0,0,1000,0,0,0,22000,21000,1000,1000
060907,金像電元大9A購02,0,0,0,0,0,0,0,0,0,1000,0,0,0,1000,0,1000,1000
060848,聯茂國票9A購02  ,0,0,0,0,0,0,0,0,0,1000,0,0,0,1000,0,1000,1000
063157,鴻海台新9B購02  ,0,0,0,0,0,0,0,0,0,1000,0,0,0,1000,0,1000,1000
063003,滬深2X元大9B購06,0,0,0,0,0,0,0,0,0,1000,0,0,0,3000,2000,1000,1000
061123,燿華永豐9A購01  ,0,0,0,0,0,0,0,0,0,1000,0,0,0,1000,0,1000,1000
063417,金像電凱基9B購03,0,0,0,0,0,0,0,0,0,1000,0,0,0,1000,0,1000,1000
06105P,國巨國票98售02  ,0,0,0,0,0,0,0,0,0,1000,0,0,0,1000,0,1000,1000
063410,南六國票9C購01  ,0,0,0,0,0,0,0,0,0,1000,0,0,0,1000,0,1000,1000
061451,南電中信9A購03  ,0,0,0,0,0,0,0,0,0,1000,0,0,0,1000,0,1000,1000
063091,聯電中信9B購01  ,0,0,0,0,0,0,0,0,0,1000,0,0,0,1000,0,1000,1000
061343,大立光元大9A購04,0,0,0,0,0,0,0,0,0,1000,0,0,0,1000,0,1000,1000
062538,台積電國泰9C購02,0,0,0,0,0,0,0,0,0,1000,0,0,0,1000,0,1000,1000
062423,聯發科統一9C購07,0,0,0,0,0,0,0,0,0,1000,0,0,0,1000,0,1000,1000
063188,TPK凱基9B購01   ,0,0,0,0,0,0,0,0,0,1000,0,0,0,1000,0,1000,1000
063195,訊連元富9B購01  ,0,0,0,0,0,0,0,0,0,1000,0,0,0,258000,257000,1000,1000
063227,祥碩群益9B購06  ,0,0,0,0,0,0,0,0,0,1000,0,0,0,1000,0,1000,1000
061772,健策元大9B購06  ,0,0,0,0,0,0,0,0,0,1000,0,0,0,5000,4000,1000,1000
062486,瑞昱富邦9B購01  ,0,0,0,0,0,0,0,0,0,1000,0,0,0,1000,0,1000,1000
062640,訊連國票9C購01  ,0,0,0,0,0,0,0,0,0,1000,0,0,0,48000,47000,1000,1000
063575,矽格元大9B購02  ,0,0,0,0,0,0,0,0,0,1000,0,0,0,11000,10000,1000,1000
064013,創意國票01購01  ,0,0,0,0,0,0,0,0,0,1000,0,0,0,1000,0,1000,1000
064015,立積國票01購01  ,0,0,0,0,0,0,0,0,0,1000,0,0,0,1000,0,1000,1000
063726,鴻海元大9B購04  ,0,0,0,0,0,0,0,0,0,1000,0,0,0,1000,0,1000,1000
063901,緯穎群益9C購01  ,0,0,0,0,0,0,0,0,0,1000,0,0,0,152000,151000,1000,1000
060765,世芯元大9A購01  ,0,0,0,0,0,0,0,0,0,1000,0,0,0,1000,0,1000,1000
063972,緯創國票9C購01  ,0,0,0,0,0,0,0,0,0,1000,0,0,0,2000,1000,1000,1000
061655,微星國票9A購01  ,0,0,0,0,0,0,0,0,0,1000,0,0,0,1000,0,1000,1000
062994,祥碩群益9B購05  ,0,0,0,0,0,0,0,0,0,1000,0,0,0,3000,2000,1000,1000
063717,宏達電兆豐9B購02,0,0,0,0,0,0,0,0,0,1000,0,0,0,3000,2000,1000,1000
067907,緯創國泰03購01  ,0,0,0,0,0,0,0,0,0,1000,0,0,0,123000,122000,1000,1000
067820,和碩凱基01購01  ,0,0,0,0,0,0,0,0,0,1000,0,0,0,7000,6000,1000,1000
068092,聯發科群益01購10,0,0,0,0,0,0,0,0,0,1000,0,0,0,1000,0,1000,1000
068015,臺指反國票01購02,0,0,0,0,0,0,0,0,0,1000,0,0,0,1000,0,1000,1000
067116,嘉澤群益01購02  ,0,0,0,0,0,0,0,0,0,1000,0,0,0,21000,20000,1000,1000
067136,京鼎永豐01購01  ,0,0,0,0,0,0,0,0,0,1000,0,0,0,1000,0,1000,1000
067445,台積電國票01購06,0,0,0,0,0,0,0,0,0,1000,0,0,0,51000,50000,1000,1000
067462,台灣50元大01購27,0,0,0,0,0,0,0,0,0,1000,0,0,0,1000,0,1000,1000
067510,嘉澤統一03購01  ,0,0,0,0,0,0,0,0,0,1000,0,0,0,1000,0,1000,1000
067513,南六統一01購04  ,0,0,0,0,0,0,0,0,0,1000,0,0,0,172000,171000,1000,1000
066318,友訊永豐01購01  ,0,0,0,0,0,0,0,0,0,1000,0,0,0,1000,0,1000,1000
066383,臻鼎康和01購01  ,0,0,0,0,0,0,0,0,0,1000,0,0,0,27000,26000,1000,1000
066633,總太凱基01購01  ,0,0,0,0,0,0,0,0,0,1000,0,0,0,73000,72000,1000,1000
066732,可成元大01購06  ,0,0,0,0,0,0,0,0,0,1000,0,0,0,2000,1000,1000,1000
066864,上証2X元富07購02,0,0,0,0,0,0,0,0,0,1000,0,0,0,1000,0,1000,1000
066884,亞光永豐01購01  ,0,0,0,0,0,0,0,0,0,1000,0,0,0,1000,0,1000,1000
065634,聯發科國票9C購06,0,0,0,0,0,0,0,0,0,1000,0,0,0,1000,0,1000,1000
065873,信邦群益02購01  ,0,0,0,0,0,0,0,0,0,1000,0,0,0,2000,1000,1000,1000
065986,金像電永豐01購03,0,0,0,0,0,0,0,0,0,1000,0,0,0,1000,0,1000,1000
066085,台積電富邦05購01,0,0,0,0,0,0,0,0,0,1000,0,0,0,1000,0,1000,1000
066260,聯強元大01購02  ,0,0,0,0,0,0,0,0,0,1000,0,0,0,58000,57000,1000,1000
6409,旭隼            ,11000,10000,1000,0,0,0,0,0,0,0,0,0,0,0,0,0,1000
4555,氣立            ,3000,5000,-2000,0,0,0,0,0,0,3000,3000,0,3000,0,0,0,1000
6641,基士德-KY       ,3000,1000,2000,0,0,0,0,0,0,-1000,0,1000,-1000,0,0,0,1000
8497,格威傳媒        ,2000,1000,1000,0,0,0,0,0,0,0,0,0,0,0,0,0,1000
9929,秋雨            ,1000,0,1000,0,0,0,0,0,0,0,0,0,0,0,0,0,1000
9917,中保科          ,64000,60000,4000,0,0,0,0,0,0,-3000,0,3000,-3000,0,0,0,1000
9941A,裕融甲特        ,0,0,0,0,0,0,0,0,0,1000,1000,0,1000,0,0,0,1000
2491,吉祥全          ,4000,0,4000,0,0,0,0,0,0,-3000,0,3000,-3000,0,0,0,1000
4190,佐登-KY         ,5000,3000,2000,0,0,0,0,0,0,-1000,0,1000,-1000,0,0,0,1000
3164,景岳            ,2000,1000,1000,0,0,0,0,0,0,0,0,0,0,0,0,0,1000
1733,五鼎            ,70000,74000,-4000,0,0,0,0,0,0,5000,7000,2000,5000,0,0,0,1000
1708,東鹼            ,11000,14000,-3000,0,0,0,0,0,0,4000,8000,4000,4000,0,0,0,1000
1583,程泰            ,1000,0,1000,0,0,0,0,0,0,0,0,0,0,0,0,0,1000
064101,可成群益01購01  ,0,0,0,0,0,0,0,0,0,0,0,0,0,1000,1000,0,0
064109,上銀國票01購01  ,0,0,0,0,0,0,0,0,0,0,0,0,0,10000,10000,0,0
064113,新日興國票01購01,0,0,0,0,0,0,0,0,0,0,0,0,0,12000,12000,0,0
064536,富邦金國票01購01,0,0,0,0,0,0,0,0,0,0,0,0,0,48000,48000,0,0
064047,義隆統一02購01  ,0,0,0,0,0,0,0,0,0,0,0,0,0,40000,40000,0,0
064547,宏達電凱基9C購01,0,0,0,0,0,0,0,0,0,0,0,0,0,15000,15000,0,0
08275P,南亞科元富9C售01,0,0,0,0,0,0,0,0,0,0,0,0,0,120000,120000,0,0
064608,滬深2X元大9C購11,0,0,0,0,0,0,0,0,0,0,0,0,0,1000,1000,0,0
064254,景碩台新9C購02  ,0,0,0,0,0,0,0,0,0,0,0,0,0,1000,1000,0,0
064217,GIS凱基02購02   ,0,0,0,0,0,0,0,0,0,0,0,0,0,502000,502000,0,0
064131,群創元大01購02  ,0,0,0,0,0,0,0,0,0,0,0,0,0,55000,55000,0,0
065123,台灣50永豐9C購02,0,0,0,0,0,0,0,0,0,0,0,0,0,33000,33000,0,0
06508P,台灣50統一98售01,0,0,0,0,0,0,0,0,0,0,0,0,0,533000,533000,0,0
064488,台達電元大9C購01,0,0,0,0,0,0,0,0,0,0,0,0,0,21000,21000,0,0
064499,可成元大9C購07  ,0,0,0,0,0,0,0,0,0,0,0,0,0,2000,2000,0,0
08419P,元金2X群益9C售01,0,0,0,0,0,0,0,0,0,0,0,0,0,190000,190000,0,0
08420P,國巨群益9C售12  ,0,0,0,0,0,0,0,0,0,0,0,0,0,5000,5000,0,0
08427P,義隆國票9C售01  ,0,0,0,0,0,0,0,0,0,0,0,0,0,72000,72000,0,0
08507P,臺股指國票9C售08,0,0,0,0,0,0,0,0,0,0,0,0,0,90000,90000,0,0
08509P,臺股指國票9C售10,0,0,0,0,0,0,0,0,0,0,0,0,0,84000,84000,0,0
08579P,臺股指元大9C售27,0,0,0,0,0,0,0,0,0,0,0,0,0,20000,20000,0,0
08609P,世紀鋼永豐9C售03,0,0,0,0,0,0,0,0,0,0,0,0,0,2000,2000,0,0
08723P,臺股指元大01售04,0,0,0,0,0,0,0,0,0,0,0,0,0,24000,24000,0,0
08725P,臺股指元大01售06,0,0,0,0,0,0,0,0,0,0,0,0,0,50000,50000,0,0
08670P,健策統一01售01  ,0,0,0,0,0,0,0,0,0,0,0,0,0,100000,100000,0,0
08648P,健策凱基9C售05  ,0,0,0,0,0,0,0,0,0,0,0,0,0,4000,4000,0,0
08827P,緯穎元大01售05  ,0,0,0,0,0,0,0,0,0,0,0,0,0,20000,20000,0,0
08932P,矽格元富01售01  ,0,0,0,0,0,0,0,0,0,0,0,0,0,50000,50000,0,0
08933P,上銀元大01售02  ,0,0,0,0,0,0,0,0,0,0,0,0,0,10000,10000,0,0
08938P,大立光元大01售15,0,0,0,0,0,0,0,0,0,0,0,0,0,3000,3000,0,0
07757P,國巨國票9B售04  ,0,0,0,0,0,0,0,0,0,0,0,0,0,25000,25000,0,0
07751P,世紀鋼凱基9A售02,0,0,0,0,0,0,0,0,0,0,0,0,0,50000,50000,0,0
07347P,上証2X凱基99售02,0,0,0,0,0,0,0,0,0,0,0,0,0,499000,499000,0,0
07614P,華新科群益9A售04,0,0,0,0,0,0,0,0,0,0,0,0,0,50000,50000,0,0
07198P,臺股指元大99售14,0,0,0,0,0,0,0,0,0,0,0,0,0,80000,80000,0,0
07229P,T50正2群益9A售01,0,0,0,0,0,0,0,0,0,0,0,0,0,20000,20000,0,0
068632,華新凱基03購01  ,0,0,0,0,0,0,0,0,0,0,0,0,0,74000,74000,0,0
068597,聯電凱基03購04  ,0,0,0,0,0,0,0,0,0,0,0,0,0,10000,10000,0,0
068603,京元電凱基03購01,0,0,0,0,0,0,0,0,0,0,0,0,0,2000,2000,0,0
068643,GIS凱基02購05   ,0,0,0,0,0,0,0,0,0,0,0,0,0,9000,9000,0,0
06867P,訊芯元大98售08  ,0,0,0,0,0,0,0,0,0,0,0,0,0,100000,100000,0,0
06926P,可成群益9A售04  ,0,0,0,0,0,0,0,0,0,0,0,0,0,1000,1000,0,0
068528,緯創元富03購01  ,0,0,0,0,0,0,0,0,0,0,0,0,0,11000,11000,0,0
068500,華擎元大01購09  ,0,0,0,0,0,0,0,0,0,0,0,0,0,32000,32000,0,0
06847P,奇力新元大98售05,0,0,0,0,0,0,0,0,0,0,0,0,0,3000,3000,0,0
068447,A50正2國票03購01,0,0,0,0,0,0,0,0,0,0,0,0,0,20000,20000,0,0
068444,中磊凱基01購01  ,0,0,0,0,0,0,0,0,0,0,0,0,0,7000,7000,0,0
068440,華擎凱基01購04  ,0,0,0,0,0,0,0,0,0,0,0,0,0,16000,16000,0,0
068431,華通凱基03購02  ,0,0,0,0,0,0,0,0,0,0,0,0,0,7000,7000,0,0
068303,台積電國票01購08,0,0,0,0,0,0,0,0,0,0,0,0,0,10000,10000,0,0
068296,緯穎康和01購01  ,0,0,0,0,0,0,0,0,0,0,0,0,0,10000,10000,0,0
068342,鴻海麥證01購03  ,0,0,0,12000,12000,0,0,0,0,0,0,0,0,12000,12000,0,0
064964,T50反1元大9C購10,0,0,0,0,0,0,0,0,0,0,0,0,0,20000,20000,0,0
064924,健策統一9C購05  ,0,0,0,0,0,0,0,0,0,0,0,0,0,11000,11000,0,0
064716,國巨統一9C購14  ,0,0,0,0,0,0,0,0,0,0,0,0,0,250000,250000,0,0
064742,奇鋐國票01購02  ,0,0,0,0,0,0,0,0,0,0,0,0,0,15000,15000,0,0
064790,金像電國票01購01,0,0,0,0,0,0,0,0,0,0,0,0,0,1000,1000,0,0
064852,智邦台新9C購04  ,0,0,0,0,0,0,0,0,0,0,0,0,0,8000,8000,0,0
08019P,緯穎國票9B售02  ,0,0,0,0,0,0,0,0,0,0,0,0,0,9000,9000,0,0
08092P,仁寶元富9B售02  ,0,0,0,0,0,0,0,0,0,0,0,0,0,100000,100000,0,0
08134P,臺股指元大9B售40,0,0,0,0,0,0,0,0,0,0,0,0,0,200000,200000,0,0
08220P,華邦電凱基9B售02,0,0,0,0,0,0,0,0,0,0,0,0,0,4000,4000,0,0
08226P,台灣50元大9B售26,0,0,0,0,0,0,0,0,0,0,0,0,0,70000,70000,0,0
064437,可成凱基02購01  ,0,0,0,0,0,0,0,0,0,0,0,0,0,1000,1000,0,0
064410,超眾凱基02購01  ,0,0,0,0,0,0,0,0,0,0,0,0,0,50000,50000,0,0
00636K,國泰中國A50+U   ,0,0,0,0,0,0,0,0,0,0,0,0,0,100,100,0,0
00666R,富邦恒生國企反1 ,0,0,0,0,0,0,0,0,0,0,0,0,0,118000,118000,0,0
00668K,國泰美國道瓊+U  ,0,0,0,0,0,0,0,0,0,0,0,0,0,100,100,0,0
00657K,國泰日經225+U   ,0,0,0,0,0,0,0,0,0,0,0,0,0,100,100,0,0
00675L,富邦臺灣加權正2 ,137000,151000,-14000,0,0,0,0,0,0,14000,0,0,0,79000,65000,14000,0
00774B,新光中國政金綠債,0,0,0,0,0,0,0,0,0,0,0,0,0,2000,2000,0,0
00775B,新光投等債15+   ,0,0,0,0,0,0,0,0,0,0,0,0,0,2000,2000,0,0
03021P,玉晶光群益02售25,0,0,0,0,0,0,0,0,0,0,0,0,0,60000,60000,0,0
052775,滬深2X國票99購02,0,0,0,0,0,0,0,0,0,0,0,0,0,20000,20000,0,0
046903,友達凱基99購01  ,0,0,0,0,0,0,0,0,0,0,0,0,0,10000,10000,0,0
03458B,臺股指元大04熊07,0,0,0,0,0,0,0,0,0,0,0,0,0,41000,41000,0,0
03681C,台灣50凱基02牛02,0,0,0,0,0,0,0,0,0,0,0,0,0,6000,6000,0,0
047547,友達凱基99購02  ,0,0,0,0,0,0,0,0,0,0,0,0,0,10000,10000,0,0
048105,滬深2X群益99購02,0,0,0,0,0,0,0,0,0,0,0,0,0,1000,1000,0,0
03133P,聯電中信01售02  ,0,0,0,0,0,0,0,0,0,0,0,0,0,40000,40000,0,0
056771,嘉晶元大99購01  ,0,0,0,0,0,0,0,0,0,0,0,0,0,8000,8000,0,0
056856,華通群益9A購01  ,0,0,0,0,0,0,0,0,0,0,0,0,0,1000,1000,0,0
057020,台積電凱基99購02,0,0,0,0,0,0,0,0,0,0,0,0,0,250000,250000,0,0
057162,上銀元大98購03  ,0,0,0,0,0,0,0,0,0,0,0,0,0,1000,1000,0,0
057286,群創元大9B購05  ,0,0,0,0,0,0,0,0,0,0,0,0,0,150000,150000,0,0
057299,立積永豐98購02  ,0,0,0,0,0,0,0,0,0,0,0,0,0,1000,1000,0,0
056636,台積電日盛9A購01,0,0,0,0,0,0,0,0,0,0,0,0,0,30000,30000,0,0
056588,聯發科統一9A購02,0,0,0,0,0,0,0,0,0,0,0,0,0,1000,1000,0,0
057529,嘉晶元大99購02  ,0,0,0,0,0,0,0,0,0,0,0,0,0,10000,10000,0,0
056744,麗豐凱基9A購01  ,0,0,0,0,0,0,0,0,0,0,0,0,0,25000,25000,0,0
058374,玉晶光凱基9A購03,0,0,0,0,0,0,0,0,0,0,0,0,0,1000,1000,0,0
058403,玉晶光元大99購12,0,0,0,0,0,0,0,0,0,0,0,0,0,2000,2000,0,0
058420,聯發科麥證99購03,0,0,0,1000,0,1000,0,0,0,0,0,0,0,1000,1000,0,0
058387,國巨國票9A購03  ,0,0,0,0,0,0,0,0,0,0,0,0,0,3000,3000,0,0
059788,華新科元大9A購05,0,0,0,0,0,0,0,0,0,0,0,0,0,2000,2000,0,0
059731,康控元大99購04  ,0,0,0,0,0,0,0,0,0,0,0,0,0,10000,10000,0,0
058481,玉晶光凱基9A購04,0,0,0,0,0,0,0,0,0,0,0,0,0,1000,1000,0,0
058467,日月光中信9A購01,0,0,0,0,0,0,0,0,0,0,0,0,0,50000,50000,0,0
058470,台灣50日盛9B購02,0,0,0,0,0,0,0,0,0,0,0,0,0,130000,130000,0,0
058471,台積電日盛9C購01,0,0,0,0,0,0,0,0,0,0,0,0,0,10000,10000,0,0
059550,台灣50日盛99購02,0,0,0,0,0,0,0,0,0,0,0,0,0,1000,1000,0,0
059660,華新科元大9A購04,0,0,0,0,0,0,0,0,0,0,0,0,0,1000,1000,0,0
055205,京鼎中信99購01  ,0,0,0,0,0,0,0,0,0,0,0,0,0,41000,41000,0,0
057480,技嘉元大98購03  ,0,0,0,0,0,0,0,0,0,0,0,0,0,2000,2000,0,0
055382,台郡元大99購01  ,0,0,0,0,0,0,0,0,0,0,0,0,0,5000,5000,0,0
055726,台表科元大98購03,0,0,0,0,0,0,0,0,0,0,0,0,0,7000,7000,0,0
053654,聯發科凱基98購01,0,0,0,0,0,0,0,0,0,0,0,0,0,2000,2000,0,0
055782,新日興凱基99購01,0,0,0,0,0,0,0,0,0,0,0,0,0,1000,1000,0,0
055966,茂林元大99購01  ,0,0,0,0,0,0,0,0,0,0,0,0,0,10000,10000,0,0
056259,T50反1統一9A購01,0,0,0,0,0,0,0,0,0,0,0,0,0,5000,5000,0,0
056333,台積電日盛9B購01,0,0,0,0,0,0,0,0,0,0,0,0,0,20000,20000,0,0
056498,A50正2富邦9B購01,0,0,0,0,0,0,0,0,0,0,0,0,0,31000,31000,0,0
056518,美律國票99購01  ,0,0,0,0,0,0,0,0,0,0,0,0,0,40000,40000,0,0
059112,上銀永豐99購01  ,0,0,0,0,0,0,0,0,0,0,0,0,0,15000,15000,0,0
059131,國巨群益99購07  ,0,0,0,0,0,0,0,0,0,0,0,0,0,2000,2000,0,0
059195,國巨永豐99購04  ,0,0,0,0,0,0,0,0,0,0,0,0,0,46000,46000,0,0
059197,可成永豐99購02  ,0,0,0,0,0,0,0,0,0,0,0,0,0,28000,28000,0,0
059005,嘉晶元大99購06  ,0,0,0,0,0,0,0,0,0,0,0,0,0,10000,10000,0,0
059014,SGBR2X元富03購01,0,0,0,0,0,0,0,0,0,0,0,0,0,2000,2000,0,0
059082,華通元大99購06  ,0,0,0,0,0,0,0,0,0,0,0,0,0,18000,18000,0,0
059083,華通元大99購07  ,0,0,0,0,0,0,0,0,0,0,0,0,0,9000,9000,0,0
059922,大立光元大99購25,0,0,0,0,0,0,0,0,0,0,0,0,0,20000,20000,0,0
059917,華新科元大99購19,0,0,0,0,0,0,0,0,0,0,0,0,0,1000,1000,0,0
059990,健策元大9A購01  ,0,0,0,0,0,0,0,0,0,0,0,0,0,2000,2000,0,0
060055,宏達電凱基99購06,0,0,0,0,0,0,0,0,0,0,0,0,0,50000,50000,0,0
059876,智易凱基99購02  ,0,0,0,0,0,0,0,0,0,0,0,0,0,30000,30000,0,0
060105,牧德元大9B購01  ,0,0,0,0,0,0,0,0,0,0,0,0,0,27000,27000,0,0
060098,華新科元大99購24,0,0,0,0,0,0,0,0,0,0,0,0,0,1000,1000,0,0
059888,華新科國票99購03,0,0,0,0,0,0,0,0,0,0,0,0,0,1000,1000,0,0
059889,華新科國票99購04,0,0,0,0,0,0,0,0,0,0,0,0,0,1000,1000,0,0
059879,GIS凱基99購03   ,0,0,0,0,0,0,0,0,0,0,0,0,0,10000,10000,0,0
059882,臺股指凱基9C購06,0,0,0,0,0,0,0,0,0,0,0,0,0,5000,5000,0,0
058631,鈺齊國票9A購01  ,0,0,0,0,0,0,0,0,0,0,0,0,0,1000,1000,0,0
060264,華新科國票9A購02,0,0,0,0,0,0,0,0,0,0,0,0,0,1000,1000,0,0
060334,群光康和9A購01  ,0,0,0,0,0,0,0,0,0,0,0,0,0,6000,6000,0,0
060293,緯創元大9A購01  ,0,0,0,0,0,0,0,0,0,0,0,0,0,10000,10000,0,0
057682,台積電日盛9A購03,0,0,0,0,0,0,0,0,0,0,0,0,0,20000,20000,0,0
060399,康友國票9A購02  ,0,0,0,0,0,0,0,0,0,0,0,0,0,38000,38000,0,0
057619,玉晶光凱基98購02,0,0,0,0,0,0,0,0,0,0,0,0,0,3000,3000,0,0
059247,可成凱基99購05  ,0,0,0,0,0,0,0,0,0,0,0,0,0,1000,1000,0,0
059301,華新科群益99購04,0,0,0,0,0,0,0,0,0,0,0,0,0,1000,1000,0,0
059295,大立光元富99購05,0,0,0,0,0,0,0,0,0,0,0,0,0,100000,100000,0,0
059343,宏達電凱基99購04,0,0,0,0,0,0,0,0,0,0,0,0,0,10000,10000,0,0
059427,國巨元大99購24  ,0,0,0,0,0,0,0,0,0,0,0,0,0,2000,2000,0,0
059538,健策凱基99購03  ,0,0,0,0,0,0,0,0,0,0,0,0,0,1000,1000,0,0
059512,晶豪科永豐99購02,0,0,0,0,0,0,0,0,0,0,0,0,0,10000,10000,0,0
059466,國巨元大99購26  ,0,0,0,0,0,0,0,0,0,0,0,0,0,4000,4000,0,0
059470,華新科元大99購16,0,0,0,0,0,0,0,0,0,0,0,0,0,2000,2000,0,0
059500,鴻海元富99購11  ,0,0,0,0,0,0,0,0,0,0,0,0,0,5000,5000,0,0
058698,華通元大99購05  ,0,0,0,0,0,0,0,0,0,0,0,0,0,6000,6000,0,0
058718,台灣50元富03購01,0,0,0,0,0,0,0,0,0,0,0,0,0,70000,70000,0,0
057809,英業達元大98購01,0,0,0,0,0,0,0,0,0,0,0,0,0,1000,1000,0,0
058773,和碩兆豐99購01  ,0,0,0,0,0,0,0,0,0,0,0,0,0,14000,14000,0,0
058792,鴻海元大99購18  ,0,0,0,0,0,0,0,0,0,0,0,0,0,1000,1000,0,0
058798,大立光元大99購11,0,0,0,0,0,0,0,0,0,0,0,0,0,10000,10000,0,0
058193,緯穎永豐99購01  ,0,0,0,0,0,0,0,0,0,0,0,0,0,27000,27000,0,0
058073,大立光凱基99購04,0,0,0,0,0,0,0,0,0,0,0,0,0,2000,2000,0,0
058106,神達統一98購02  ,0,0,0,0,0,0,0,0,0,0,0,0,0,60000,60000,0,0
057953,聚陽元大98購01  ,0,0,0,0,0,0,0,0,0,0,0,0,0,2000,2000,0,0
057913,健策日盛98購01  ,0,0,0,0,0,0,0,0,0,0,0,0,0,10000,10000,0,0
057875,京鼎元大98購03  ,0,0,0,0,0,0,0,0,0,0,0,0,0,26000,26000,0,0
058009,智易國票99購01  ,0,0,0,0,0,0,0,0,0,0,0,0,0,12000,12000,0,0
062904,台光電元大9B購06,0,0,0,0,0,0,0,0,0,0,0,0,0,4000,4000,0,0
062912,新日興元大9B購01,0,0,0,0,0,0,0,0,0,0,0,0,0,50000,50000,0,0
062942,嘉澤凱基9B購02  ,0,0,0,0,0,0,0,0,0,0,0,0,0,3000,3000,0,0
061566,華通元大9A購10  ,0,0,0,0,0,0,0,0,0,0,0,0,0,5000,5000,0,0
061656,華新科國票9A購08,0,0,0,0,0,0,0,0,0,0,0,0,0,7000,7000,0,0
062190,瀚宇博元大9B購01,0,0,0,0,0,0,0,0,0,0,0,0,0,44000,44000,0,0
062206,緯創國票9B購01  ,0,0,0,0,0,0,0,0,0,0,0,0,0,1000,1000,0,0
060621,玉晶光元大9A購05,0,0,0,0,0,0,0,0,0,0,0,0,0,8000,8000,0,0
060680,玉晶光元大9C購03,0,0,0,0,0,0,0,0,0,0,0,0,0,4000,4000,0,0
058249,緯穎元大99購04  ,0,0,0,0,0,0,0,0,0,0,0,0,0,30000,30000,0,0
060685,康友元大9A購01  ,0,0,0,0,0,0,0,0,0,0,0,0,0,49000,49000,0,0
061481,嘉澤元大9A購03  ,0,0,0,0,0,0,0,0,0,0,0,0,0,3000,3000,0,0
061474,瑞昱元大9A購04  ,0,0,0,0,0,0,0,0,0,0,0,0,0,23000,23000,0,0
061545,華新科群益9A購09,0,0,0,0,0,0,0,0,0,0,0,0,0,19000,19000,0,0
061563,群創國票9B購02  ,0,0,0,0,0,0,0,0,0,0,0,0,0,10000,10000,0,0
063685,鴻海永豐9B購03  ,0,0,0,0,0,0,0,0,0,0,0,0,0,8000,8000,0,0
061645,超眾元大9A購06  ,0,0,0,0,0,0,0,0,0,0,0,0,0,4000,4000,0,0
063636,聯發科元大9B購26,0,0,0,0,0,0,0,0,0,0,0,0,0,11000,11000,0,0
063632,金像電元大9B購04,0,0,0,0,0,0,0,0,0,0,0,0,0,68000,68000,0,0
061573,義隆元大9A購02  ,0,0,0,0,0,0,0,0,0,0,0,0,0,24000,24000,0,0
062990,台積電群益9B購06,0,0,0,0,0,0,0,0,0,0,0,0,0,10000,10000,0,0
063481,緯穎元大9B購08  ,0,0,0,0,0,0,0,0,0,0,0,0,0,3000,3000,0,0
063458,正隆元大9B購01  ,0,0,0,0,0,0,0,0,0,0,0,0,0,76000,76000,0,0
063894,漢唐群益9C購01  ,0,0,0,0,0,0,0,0,0,0,0,0,0,12000,12000,0,0
063883,超眾元富9C購02  ,0,0,0,0,0,0,0,0,0,0,0,0,0,5000,5000,0,0
063747,國巨國票9C購06  ,0,0,0,0,0,0,0,0,0,0,0,0,0,1000,1000,0,0
06351P,臺股指台新99售03,0,0,0,0,0,0,0,0,0,0,0,0,0,120000,120000,0,0
062669,微星中信03購01  ,0,0,0,0,0,0,0,0,0,0,0,0,0,20000,20000,0,0
062696,國巨元大9B購16  ,0,0,0,0,0,0,0,0,0,0,0,0,0,10000,10000,0,0
062702,可成元大9C購01  ,0,0,0,0,0,0,0,0,0,0,0,0,0,1000,1000,0,0
062796,技嘉統一9C購01  ,0,0,0,0,0,0,0,0,0,0,0,0,0,5000,5000,0,0
062493,元金反中信9B購01,0,0,0,0,0,0,0,0,0,0,0,0,0,2000,2000,0,0
062457,京元電群益9B購01,0,0,0,0,0,0,0,0,0,0,0,0,0,2000,2000,0,0
062473,同欣電凱基9B購01,0,0,0,0,0,0,0,0,0,0,0,0,0,3000,3000,0,0
061694,玉山金群益9A購01,0,0,0,0,0,0,0,0,0,0,0,0,0,2000,2000,0,0
061676,新光金元大9A購03,0,0,0,0,0,0,0,0,0,0,0,0,0,100000,100000,0,0
061813,鴻海群益9B購02  ,0,0,0,0,0,0,0,0,0,0,0,0,0,146000,146000,0,0
061835,華新科凱基02購03,0,0,0,0,0,0,0,0,0,0,0,0,0,1000,1000,0,0
063332,矽格國票9B購01  ,0,0,0,0,0,0,0,0,0,0,0,0,0,21000,21000,0,0
063315,京元電群益9B購03,0,0,0,0,0,0,0,0,0,0,0,0,0,3000,3000,0,0
063285,華擎元大9B購03  ,0,0,0,0,0,0,0,0,0,0,0,0,0,5000,5000,0,0
062313,聯詠凱基9C購01  ,0,0,0,0,0,0,0,0,0,0,0,0,0,2000,2000,0,0
062429,A50正2元大9B購01,0,0,0,0,0,0,0,0,0,0,0,0,0,10000,10000,0,0
062513,玉晶光國票9C購01,0,0,0,0,0,0,0,0,0,0,0,0,0,8000,8000,0,0
062378,台表科元大9C購01,0,0,0,0,0,0,0,0,0,0,0,0,0,22000,22000,0,0
061290,玉晶光統一01購04,0,0,0,0,0,0,0,0,0,0,0,0,0,3000,3000,0,0
063085,嘉澤凱基9C購01  ,0,0,0,0,0,0,0,0,0,0,0,0,0,3000,3000,0,0
061365,國巨國票9B購05  ,0,0,0,0,0,0,0,0,0,0,0,0,0,7000,7000,0,0
061429,南六元大9A購02  ,0,0,0,0,0,0,0,0,0,0,0,0,0,7000,7000,0,0
061424,華新科元大9A購18,0,0,0,0,0,0,0,0,0,0,0,0,0,1000,1000,0,0
061425,華新科元大9A購19,0,0,0,0,0,0,0,0,0,0,0,0,0,1000,1000,0,0
061395,健策統一9C購02  ,0,0,0,0,0,0,0,0,0,0,0,0,0,9000,9000,0,0
061415,健策群益9A購04  ,0,0,0,0,0,0,0,0,0,0,0,0,0,1000,1000,0,0
061416,聯茂群益9A購01  ,0,0,0,0,0,0,0,0,0,0,0,0,0,10000,10000,0,0
063411,和潤國票9C購01  ,0,0,0,0,0,0,0,0,0,0,0,0,0,2000,2000,0,0
063368,遠東新永豐9B購01,0,0,0,0,0,0,0,0,0,0,0,0,0,11000,11000,0,0
061083,京元電兆豐9A購01,0,0,0,0,0,0,0,0,0,0,0,0,0,9000,9000,0,0
061145,臻鼎中信9A購02  ,0,0,0,0,0,0,0,0,0,0,0,0,0,20000,20000,0,0
063166,超眾永豐9B購01  ,0,0,0,0,0,0,0,0,0,0,0,0,0,10000,10000,0,0
063017,台光電元大9B購07,0,0,0,0,0,0,0,0,0,0,0,0,0,4000,4000,0,0
060995,泰鼎元大9A購03  ,0,0,0,0,0,0,0,0,0,0,0,0,0,3000,3000,0,0
060943,宏達電國票9B購02,0,0,0,0,0,0,0,0,0,0,0,0,0,20000,20000,0,0
061852,大立光國票9B購02,0,0,0,0,0,0,0,0,0,0,0,0,0,1000,1000,0,0
061871,瑞昱元大9B購01  ,0,0,0,0,0,0,0,0,0,0,0,0,0,17000,17000,0,0
062048,義隆台新9B購01  ,0,0,0,0,0,0,0,0,0,0,0,0,0,1000,1000,0,0
065557,中磊凱基9C購01  ,0,0,0,0,0,0,0,0,0,0,0,0,0,37000,37000,0,0
060456,正隆元大9A購01  ,0,0,0,0,0,0,0,0,0,0,0,0,0,76000,76000,0,0
060454,葡萄王元大9A購01,0,0,0,0,0,0,0,0,0,0,0,0,0,100000,100000,0,0
060490,華新科台新9A購01,0,0,0,0,0,0,0,0,0,0,0,0,0,1000,1000,0,0
060435,鈺齊永豐9A購01  ,0,0,0,0,0,0,0,0,0,0,0,0,0,50000,50000,0,0
060515,臺股指元大9B購12,0,0,0,0,0,0,0,0,0,0,0,0,0,5000,5000,0,0
060550,可成凱基9A購02  ,0,0,0,0,0,0,0,0,0,0,0,0,0,1000,1000,0,0
060544,國巨凱基9B購03  ,0,0,0,0,0,0,0,0,0,0,0,0,0,1000,1000,0,0
065268,嘉澤元大9C購02  ,0,0,0,0,0,0,0,0,0,0,0,0,0,20000,20000,0,0
066183,眾達凱基01購01  ,0,0,0,0,0,0,0,0,0,0,0,0,0,25000,25000,0,0
066176,華擎凱基01購01  ,0,0,0,0,0,0,0,0,0,0,0,0,0,25000,25000,0,0
066065,東元凱基04購01  ,0,0,0,0,0,0,0,0,0,0,0,0,0,7000,7000,0,0
066020,東元群益01購01  ,0,0,0,0,0,0,0,0,0,0,0,0,0,7000,7000,0,0
066025,宏達電群益01購01,0,0,0,0,0,0,0,0,0,0,0,0,0,2000,2000,0,0
065802,義隆群益9C購05  ,0,0,0,0,0,0,0,0,0,0,0,0,0,14000,14000,0,0
065918,可成凱基01購01  ,0,0,0,0,0,0,0,0,0,0,0,0,0,1000,1000,0,0
065622,鴻海中信06購01  ,0,0,0,0,0,0,0,0,0,0,0,0,0,1000,1000,0,0
065670,華新科凱基01購02,0,0,0,0,0,0,0,0,0,0,0,0,0,10000,10000,0,0
065666,旺宏凱基9C購03  ,0,0,0,0,0,0,0,0,0,0,0,0,0,1000,1000,0,0
065700,京元電群益9C購01,0,0,0,0,0,0,0,0,0,0,0,0,0,3000,3000,0,0
065758,嘉澤元大9C購03  ,0,0,0,0,0,0,0,0,0,0,0,0,0,4000,4000,0,0
065770,元黃金國票01購01,0,0,0,0,0,0,0,0,0,0,0,0,0,5000,5000,0,0
066879,智伸科富邦03購01,0,0,0,0,0,0,0,0,0,0,0,0,0,100000,100000,0,0
066823,國巨群益02購02  ,0,0,0,0,0,0,0,0,0,0,0,0,0,10000,10000,0,0
066821,臺指反群益01購03,0,0,0,0,0,0,0,0,0,0,0,0,0,100000,100000,0,0
066839,台灣50元大01購24,0,0,0,0,0,0,0,0,0,0,0,0,0,1000,1000,0,0
06689P,鴻海中信9C售02  ,0,0,0,0,0,0,0,0,0,0,0,0,0,380000,380000,0,0
066896,緯穎兆豐03購01  ,0,0,0,0,0,0,0,0,0,0,0,0,0,22000,22000,0,0
066910,華擎凱基01購03  ,0,0,0,0,0,0,0,0,0,0,0,0,0,16000,16000,0,0
066919,台積電麥證01購06,0,0,0,0,30000,-30000,0,0,0,0,0,0,0,30000,30000,0,0
06691P,臺股指群益9C售05,0,0,0,0,0,0,0,0,0,0,0,0,0,1000,1000,0,0
066972,滬深2X群益03購04,0,0,0,0,0,0,0,0,0,0,0,0,0,49000,49000,0,0
066741,華擎元大01購03  ,0,0,0,0,0,0,0,0,0,0,0,0,0,8000,8000,0,0
066753,聯鈞國泰03購01  ,0,0,0,0,0,0,0,0,0,0,0,0,0,15000,15000,0,0
066669,華擎凱基02購02  ,0,0,0,0,0,0,0,0,0,0,0,0,0,8000,8000,0,0
066708,嘉澤群益02購01  ,0,0,0,0,0,0,0,0,0,0,0,0,0,10000,10000,0,0
066721,臺指反元大04購03,0,0,0,0,0,0,0,0,0,0,0,0,0,10000,10000,0,0
066439,信錦群益02購01  ,0,0,0,0,0,0,0,0,0,0,0,0,0,100000,100000,0,0
066616,創意康和01購01  ,0,0,0,0,0,0,0,0,0,0,0,0,0,1000,1000,0,0
066590,華新科群益01購04,0,0,0,0,0,0,0,0,0,0,0,0,0,2000,2000,0,0
066559,聯鈞元大01購03  ,0,0,0,0,0,0,0,0,0,0,0,0,0,44000,44000,0,0
067527,遠東新群益01購01,0,0,0,0,0,0,0,0,0,0,0,0,0,19000,19000,0,0
067550,燿華中信02購01  ,0,0,0,0,0,0,0,0,0,0,0,0,0,40000,40000,0,0
067545,矽格群益01購02  ,0,0,0,0,0,0,0,0,0,0,0,0,0,12000,12000,0,0
067489,華擎元大01購06  ,0,0,0,0,0,0,0,0,0,0,0,0,0,40000,40000,0,0
067490,嘉澤元大01購04  ,0,0,0,0,0,0,0,0,0,0,0,0,0,16000,16000,0,0
067607,聯鈞凱基01購04  ,0,0,0,0,0,0,0,0,0,0,0,0,0,20000,20000,0,0
06755P,大立光永豐98售03,0,0,0,0,0,0,0,0,0,0,0,0,0,1000,1000,0,0
06758P,鴻海元大98售10  ,0,0,0,0,0,0,0,0,0,0,0,0,0,120000,120000,0,0
067440,A50正2國票02購01,0,0,0,0,0,0,0,0,0,0,0,0,0,40000,40000,0,0
067443,國巨國票02購04  ,0,0,0,0,0,0,0,0,0,0,0,0,0,1000,1000,0,0
067033,新日興康和01購01,0,0,0,0,0,0,0,0,0,0,0,0,0,60000,60000,0,0
067226,台灣50群益01購09,0,0,0,0,0,0,0,0,0,0,0,0,0,4000,4000,0,0
068020,玉晶光國票02購07,0,0,0,0,0,0,0,0,0,0,0,0,0,3000,3000,0,0
068049,玉晶光統一01購13,0,0,0,0,0,0,0,0,0,0,0,0,0,5000,5000,0,0
068074,玉山金凱基01購01,0,0,0,0,0,0,0,0,0,0,0,0,0,1000,1000,0,0
068211,樺漢凱基01購02  ,0,0,0,0,0,0,0,0,0,0,0,0,0,6000,6000,0,0
068156,新光金元大02購01,0,0,0,0,0,0,0,0,0,0,0,0,0,100000,100000,0,0
067838,玉晶光統一01購12,0,0,0,0,0,0,0,0,0,0,0,0,0,3000,3000,0,0
067865,友達元大01購02  ,0,0,0,0,0,0,0,0,0,0,0,0,0,200000,200000,0,0
067920,玉晶光永豐01購04,0,0,0,0,0,0,0,0,0,0,0,0,0,3000,3000,0,0
067729,台灣50元大01購29,0,0,0,0,0,0,0,0,0,0,0,0,0,5000,5000,0,0
06776P,鴻海元大99售05  ,0,0,0,0,0,0,0,0,0,0,0,0,0,86000,86000,0,0
067667,台積電元大02購05,0,0,0,0,0,0,0,0,0,0,0,0,0,270000,270000,0,0
1530,亞崴            ,5000,5000,0,0,0,0,0,0,0,0,0,0,0,0,0,0,0
1465,偉全            ,3000,0,3000,0,0,0,0,0,0,-3000,0,3000,-3000,0,0,0,0
1470,大統新創        ,2000,2000,0,0,0,0,0,0,0,0,0,0,0,0,0,0,0
1724,台硝            ,0,1000,-1000,0,0,0,0,0,0,1000,1000,0,1000,0,0,0,0
2405,浩鑫            ,63000,63000,0,0,0,0,0,0,0,0,0,0,0,0,0,0,0
2704,國賓            ,39000,37000,2000,0,0,0,0,0,0,-2000,0,2000,-2000,0,0,0,0
2630,亞航            ,6000,1000,5000,0,0,0,0,0,0,-5000,0,5000,-5000,0,0,0,0
9943,好樂迪          ,23000,19000,4000,0,0,0,0,0,0,-4000,0,4000,-4000,0,0,0,0
8478,東哥遊艇        ,1000,1000,0,0,0,0,0,0,0,0,0,0,0,0,0,0,0
9907,統一實          ,197000,179000,18000,0,0,0,0,0,0,-18000,0,18000,-18000,0,0,0,0
8201,無敵            ,3000,2000,1000,0,0,0,0,0,0,-1000,0,1000,-1000,0,0,0,0
6277,宏正            ,15000,14000,1000,0,0,0,0,0,0,-1000,0,1000,-1000,0,0,0,0
6431,光麗-KY         ,9000,9000,0,0,0,0,0,0,0,0,0,0,0,0,0,0,0
4439,冠星-KY         ,9000,9000,0,0,0,0,0,0,0,0,0,0,0,0,0,0,0
4807,日成-KY         ,3000,3000,0,0,0,0,0,0,0,0,0,0,0,0,0,0,0
4916,事欣科          ,14000,12000,2000,0,0,0,0,0,0,-2000,0,2000,-2000,0,0,0,0
6172,互億            ,6000,6000,0,0,0,0,0,0,0,0,0,0,0,0,0,0,0
5533,皇鼎            ,23000,21000,2000,0,0,0,0,0,0,-2000,0,2000,-2000,0,0,0,0
064875,國巨兆豐01購01  ,0,0,0,0,0,0,0,0,0,-1000,0,0,0,0,1000,-1000,-1000
08236P,國巨富邦03售01  ,0,0,0,0,0,0,0,0,0,-1000,0,0,0,0,1000,-1000,-1000
08221P,台表科凱基9B售05,0,0,0,0,0,0,0,0,0,-1000,0,0,0,39000,40000,-1000,-1000
08162P,台灣50台新9C售06,0,0,0,0,0,0,0,0,0,-1000,0,0,0,0,1000,-1000,-1000
08144P,臺股指凱基02售03,0,0,0,0,0,0,0,0,0,-1000,0,0,0,0,1000,-1000,-1000
08067P,大立光凱基9B售08,0,0,0,0,0,0,0,0,0,-1000,0,0,0,0,1000,-1000,-1000
08037P,台表科群益9B售02,0,0,0,0,0,0,0,0,0,-1000,0,0,0,20000,21000,-1000,-1000
07980P,臺股指凱基02售01,0,0,0,0,0,0,0,0,0,-1000,0,0,0,0,1000,-1000,-1000
064755,南亞科凱基01購02,0,0,0,0,0,0,0,0,0,-1000,0,0,0,62000,63000,-1000,-1000
064694,玉晶光群益02購02,0,0,0,0,0,0,0,0,0,-1000,0,0,0,14000,15000,-1000,-1000
064928,同欣電統一01購02,0,0,0,0,0,0,0,0,0,-1000,0,0,0,50000,51000,-1000,-1000
064993,嘉澤兆豐9C購01  ,0,0,0,0,0,0,0,0,0,-1000,0,0,0,0,1000,-1000,-1000
068294,玉晶光兆豐03購01,0,0,0,0,0,0,0,0,0,-1000,0,0,0,2000,3000,-1000,-1000
068410,緯穎元富07購02  ,0,0,0,0,0,0,0,0,0,-1000,0,0,0,0,1000,-1000,-1000
068510,鴻海統一03購06  ,20000,0,20000,0,0,0,0,0,0,-21000,0,0,0,0,21000,-21000,-1000
07190P,臺股指富邦9C售02,0,0,0,0,0,0,0,0,0,-1000,0,0,0,0,1000,-1000,-1000
07122P,欣興凱基99售05  ,0,0,0,0,0,0,0,0,0,-1000,0,0,0,0,1000,-1000,-1000
07644P,南電凱基9A售03  ,0,0,0,0,0,0,0,0,0,-1000,0,0,0,0,1000,-1000,-1000
08949P,臺股指國票01售06,0,0,0,0,0,0,0,0,0,-1000,0,0,0,21000,22000,-1000,-1000
08979P,電子類群益01售01,0,0,0,0,0,0,0,0,0,-1000,0,0,0,0,1000,-1000,-1000
1340,勝悅-KY         ,10000,9000,1000,0,0,0,0,0,0,-2000,0,2000,-2000,0,0,0,-1000
1435,中福            ,0,1000,-1000,0,0,0,0,0,0,0,0,0,0,0,0,0,-1000
08752P,長榮航群益01售01,0,0,0,0,0,0,0,0,0,-1000,0,0,0,0,1000,-1000,-1000
08680P,聯發科元大01售10,0,0,0,0,0,0,0,0,0,-1000,0,0,0,6000,7000,-1000,-1000
064506,康控元大9C購02  ,0,0,0,0,0,0,0,0,0,-1000,0,0,0,173000,174000,-1000,-1000
065042,國產凱基02購01  ,0,0,0,0,0,0,0,0,0,-1000,0,0,0,22000,23000,-1000,-1000
064510,GIS元大01購01   ,0,0,0,0,0,0,0,0,0,-1000,0,0,0,36000,37000,-1000,-1000
065090,大立光元大9C購24,0,20000,-20000,0,0,0,0,0,0,19000,0,0,0,20000,1000,19000,-1000
065120,臺股指富邦9C購03,0,0,0,0,0,0,0,0,0,-1000,0,0,0,0,1000,-1000,-1000
064142,國巨統一9C購13  ,0,0,0,0,0,0,0,0,0,-1000,0,0,0,0,1000,-1000,-1000
08314P,國巨元大9C售14  ,0,0,0,0,0,0,0,0,0,-1000,0,0,0,0,1000,-1000,-1000
08318P,台積電台新01售01,0,1000,-1000,0,0,0,0,0,0,0,0,0,0,0,0,0,-1000
064585,中壽永豐9C購01  ,0,0,0,0,0,0,0,0,0,-1000,0,0,0,0,1000,-1000,-1000
064595,超眾統一02購01  ,0,0,0,0,0,0,0,0,0,-1000,0,0,0,0,1000,-1000,-1000
064598,國巨元富9C購03  ,0,0,0,0,0,0,0,0,0,-1000,0,0,0,0,1000,-1000,-1000
064102,宏達電群益9C購01,0,0,0,0,0,0,0,0,0,-1000,0,0,0,2000,3000,-1000,-1000
058240,景碩元大99購04  ,0,0,0,0,0,0,0,0,0,-1000,0,0,0,11000,12000,-1000,-1000
058278,FBVIX中信03購02 ,0,0,0,0,0,0,0,0,0,-1000,0,0,0,2000,3000,-1000,-1000
060667,力成凱基9A購01  ,0,0,0,0,0,0,0,0,0,-1000,0,0,0,0,1000,-1000,-1000
062861,世芯國票9C購01  ,0,0,0,0,0,0,0,0,0,-1000,0,0,0,1000,2000,-1000,-1000
057991,健策統一9C購01  ,0,0,0,0,0,0,0,0,0,-1000,0,0,0,13000,14000,-1000,-1000
058008,禾伸堂國票99購02,0,0,0,0,0,0,0,0,0,-1000,0,0,0,0,1000,-1000,-1000
058124,玉晶光國票9A購01,0,0,0,0,0,0,0,0,0,-1000,0,0,0,0,1000,-1000,-1000
058227,台灣50元大9C購01,0,0,0,0,0,0,0,0,0,-1000,0,0,0,0,1000,-1000,-1000
058165,FBVIX凱基9C購01 ,0,0,0,0,0,0,0,0,0,-1000,0,0,0,0,1000,-1000,-1000
058167,鴻海凱基9A購03  ,0,0,0,0,0,0,0,0,0,-1000,0,0,0,0,1000,-1000,-1000
058705,長榮航元大99購01,0,0,0,0,0,0,0,0,0,-1000,0,0,0,0,1000,-1000,-1000
059415,台灣50元大9A購03,0,0,0,0,0,0,0,0,0,-1000,0,0,0,0,1000,-1000,-1000
059365,T50反1台新99購01,0,0,0,0,0,0,0,0,0,-1000,0,0,0,0,1000,-1000,-1000
060260,京鼎凱基9C購01  ,0,0,0,0,0,0,0,0,0,-1000,0,0,0,0,1000,-1000,-1000
058579,聯發科群益99購04,0,0,0,0,0,0,0,0,0,-1000,0,0,0,0,1000,-1000,-1000
058651,FBVIX中信9C購01 ,0,0,0,0,0,0,0,0,0,-1000,0,0,0,0,1000,-1000,-1000
060060,台積電兆豐99購05,0,0,0,0,0,0,0,0,0,-1000,0,0,0,0,1000,-1000,-1000
058908,貿聯元大99購03  ,0,0,0,0,0,0,0,0,0,-1000,0,0,0,0,1000,-1000,-1000
059095,訊芯元大99購01  ,0,0,0,0,0,0,0,0,0,-1000,0,0,0,0,1000,-1000,-1000
059054,國巨凱基99購11  ,0,0,0,0,0,0,0,0,0,-1000,0,0,0,0,1000,-1000,-1000
056345,嘉聯益凱基99購01,0,0,0,0,0,0,0,0,0,-1000,0,0,0,0,1000,-1000,-1000
055817,京鼎國票99購01  ,0,0,0,0,0,0,0,0,0,-1000,0,0,0,0,1000,-1000,-1000
054532,強茂國泰98購01  ,0,0,0,0,0,0,0,0,0,-1000,0,0,0,0,1000,-1000,-1000
054679,台積電康和99購01,0,0,0,0,0,0,0,0,0,-1000,0,0,0,1000,2000,-1000,-1000
059687,卜蜂永豐99購01  ,0,0,0,0,0,0,0,0,0,-1000,0,0,0,0,1000,-1000,-1000
059716,鴻海元大99購35  ,0,0,0,0,0,0,0,0,0,-1000,0,0,0,5000,6000,-1000,-1000
059649,矽力凱基99購02  ,0,0,0,0,0,0,0,0,0,-1000,0,0,0,0,1000,-1000,-1000
057563,旭富國泰9A購01  ,0,0,0,0,0,0,0,0,0,-1000,0,0,0,0,1000,-1000,-1000
056638,臺股指日盛98購01,0,0,0,0,0,0,0,0,0,-1000,0,0,0,0,1000,-1000,-1000
057423,台郡凱基98購06  ,0,0,0,0,0,0,0,0,0,-1000,0,0,0,0,1000,-1000,-1000
057241,超眾凱基99購02  ,0,0,0,0,0,0,0,0,0,-1000,0,0,0,1000,2000,-1000,-1000
057149,京鼎國票99購02  ,0,0,0,0,0,0,0,0,0,-1000,0,0,0,0,1000,-1000,-1000
056995,華新科日盛99購01,0,0,0,0,0,0,0,0,0,-1000,0,0,0,0,1000,-1000,-1000
053316,友達群益9A購01  ,0,0,0,0,0,0,0,0,0,-1000,0,0,0,79000,80000,-1000,-1000
053391,嘉聯益元大99購01,0,0,0,0,0,0,0,0,0,-1000,0,0,0,0,1000,-1000,-1000
056811,健策統一9B購01  ,0,0,0,0,0,0,0,0,0,-1000,0,0,0,2000,3000,-1000,-1000
03242P,聯電統一02售04  ,0,0,0,0,0,0,0,0,0,-1000,0,0,0,0,1000,-1000,-1000
03229P,臺股指凱基02售07,0,0,0,0,0,0,0,0,0,-1000,0,0,0,0,1000,-1000,-1000
03169P,台灣50中信03售10,0,0,0,0,0,0,0,0,0,-1000,0,0,0,0,1000,-1000,-1000
03088P,大立光元大01售17,0,0,0,0,0,0,0,0,0,-1000,0,0,0,20000,21000,-1000,-1000
03678C,臺股指凱基01牛02,0,0,0,0,0,0,0,0,0,-1000,0,0,0,9000,10000,-1000,-1000
03033X,元展30          ,0,0,0,0,0,0,0,0,0,-1000,0,0,0,0,1000,-1000,-1000
03022X,富展01          ,0,0,0,0,0,0,0,0,0,-1000,0,0,0,0,1000,-1000,-1000
03080P,台灣50元大01售32,0,0,0,0,0,0,0,0,0,-1000,0,0,0,2000,3000,-1000,-1000
03064P,台灣50群益01售14,0,0,0,0,0,0,0,0,0,-1000,0,0,0,73000,74000,-1000,-1000
01007T,兆豐國泰R2      ,0,1000,-1000,0,0,0,0,0,0,0,0,0,0,0,0,0,-1000
020002,元富新中國N     ,0,0,0,0,0,0,0,0,0,-1000,0,0,0,0,1000,-1000,-1000
00685L,群益臺灣加權正2 ,0,0,0,0,0,0,0,0,0,-1000,0,0,0,32000,33000,-1000,-1000
00657,國泰日經225     ,0,13000,-13000,0,0,0,0,0,0,12000,0,0,0,222000,210000,12000,-1000
060502,國巨元大9A購07  ,0,0,0,0,0,0,0,0,0,-1000,0,0,0,0,1000,-1000,-1000
065195,國巨元富06購01  ,0,0,0,0,0,0,0,0,0,-1000,0,0,0,0,1000,-1000,-1000
065559,超眾凱基9C購03  ,0,0,0,0,0,0,0,0,0,-1000,0,0,0,0,1000,-1000,-1000
06556P,臺股指元大99售08,0,0,0,0,0,0,0,0,0,-1000,0,0,0,0,1000,-1000,-1000
065493,T50反1富邦03購01,0,0,0,0,0,0,0,0,0,-1000,0,0,0,0,1000,-1000,-1000
065367,技嘉元大01購01  ,0,0,0,0,0,0,0,0,0,-1000,0,0,0,0,1000,-1000,-1000
065319,鴻海凱基9C購03  ,0,0,0,0,0,0,0,0,0,-1000,0,0,0,60000,61000,-1000,-1000
065461,台光電中信9C購01,0,0,0,0,0,0,0,0,0,-1000,0,0,0,338000,339000,-1000,-1000
061893,鴻海永豐9B購01  ,0,0,0,0,0,0,0,0,0,-1000,0,0,0,0,1000,-1000,-1000
063078,元金2X凱基02購03,0,0,0,0,0,0,0,0,0,-1000,0,0,0,5000,6000,-1000,-1000
061104,華新科元大9A購13,0,0,0,0,0,0,0,0,0,-1000,0,0,0,0,1000,-1000,-1000
061189,可成富邦9B購02  ,0,0,0,0,0,0,0,0,0,-1000,0,0,0,0,1000,-1000,-1000
061184,大立光國泰9C購01,0,0,0,0,0,0,0,0,0,-1000,0,0,0,61000,62000,-1000,-1000
061191,可成永豐9A購02  ,0,0,0,0,0,0,0,0,0,-1000,0,0,0,0,1000,-1000,-1000
063393,華通群益9C購05  ,0,0,0,0,0,0,0,0,0,-1000,0,0,0,10000,11000,-1000,-1000
061402,矽創兆豐9B購01  ,0,0,0,0,0,0,0,0,0,-1000,0,0,0,0,1000,-1000,-1000
061454,國巨凱基9A購16  ,0,0,0,0,0,0,0,0,0,-1000,0,0,0,2000,3000,-1000,-1000
061309,鴻海統一9C購05  ,0,0,0,0,0,0,0,0,0,-1000,0,0,0,0,1000,-1000,-1000
061342,華新科元大9A購17,0,0,0,0,0,0,0,0,0,-1000,0,0,0,0,1000,-1000,-1000
062392,國巨富邦02購01  ,0,0,0,0,0,0,0,0,0,-1000,0,0,0,60000,61000,-1000,-1000
062508,臺股指群益9B購03,0,0,0,0,0,0,0,0,0,-1000,0,0,0,0,1000,-1000,-1000
062452,A50正2群益01購04,0,0,0,0,0,0,0,0,0,-1000,0,0,0,5000,6000,-1000,-1000
062339,瑞昱麥證9C購01  ,0,0,0,0,1000,-1000,0,0,0,-1000,0,0,0,0,1000,-1000,-1000
063304,大立光凱基01購02,0,0,0,0,0,0,0,0,0,-1000,0,0,0,0,1000,-1000,-1000
061811,A50正2群益01購03,0,0,0,0,0,0,0,0,0,-1000,0,0,0,1000,2000,-1000,-1000
061760,臺指反元大01購06,0,0,0,0,0,0,0,0,0,-1000,0,0,0,0,1000,-1000,-1000
062751,華擎中信9C購01  ,0,0,0,0,0,0,0,0,0,-1000,0,0,0,1000,2000,-1000,-1000
062683,可成統一9B購04  ,0,0,0,0,0,0,0,0,0,-1000,0,0,0,0,1000,-1000,-1000
062678,華通統一9C購04  ,0,0,0,0,0,0,0,0,0,-1000,0,0,0,104000,105000,-1000,-1000
063736,大立光元大9B購08,0,0,0,0,0,0,0,0,0,-1000,0,0,0,0,1000,-1000,-1000
063463,瑞昱元大9B購05  ,0,0,0,0,0,0,0,0,0,-1000,0,0,0,0,1000,-1000,-1000
060821,SP黃豆元大9A購02,0,0,0,0,0,0,0,0,0,-1000,0,0,0,0,1000,-1000,-1000
061569,旺宏元大9A購14  ,0,0,0,0,0,0,0,0,0,-1000,0,0,0,0,1000,-1000,-1000
067703,臺股指國票01購11,0,0,0,0,0,0,0,0,0,-1000,0,0,0,0,1000,-1000,-1000
067909,玉晶光國泰03購02,0,0,0,0,0,0,0,0,0,-1000,0,0,0,0,1000,-1000,-1000
06779P,智邦元大98售12  ,0,0,0,0,0,0,0,0,0,-1000,0,0,0,0,1000,-1000,-1000
068208,彩晶凱基02購01  ,0,0,0,0,0,0,0,0,0,-1000,0,0,0,0,1000,-1000,-1000
067974,玉晶光群益02購24,0,0,0,0,0,0,0,0,0,-1000,0,0,0,32000,33000,-1000,-1000
067291,可成兆豐01購01  ,0,0,0,0,0,0,0,0,0,-1000,0,0,0,0,1000,-1000,-1000
067272,鴻海統一01購05  ,0,0,0,0,0,0,0,0,0,-1000,0,0,0,0,1000,-1000,-1000
067570,台積電麥證01購11,0,0,0,0,1000,-1000,0,0,0,-1000,0,0,0,0,1000,-1000,-1000
066580,臺股指元大01購09,0,0,0,0,0,0,0,0,0,-1000,0,0,0,9000,10000,-1000,-1000
06630P,國巨群益98售08  ,0,0,0,0,0,0,0,0,0,-1000,0,0,0,0,1000,-1000,-1000
066661,友達凱基03購01  ,0,0,0,0,0,0,0,0,0,-1000,0,0,0,0,1000,-1000,-1000
066655,上証2X凱基03購03,0,0,0,0,0,0,0,0,0,-1000,0,0,0,5000,6000,-1000,-1000
065671,大立光凱基9C購07,0,0,0,0,0,0,0,0,0,-1000,0,0,0,0,1000,-1000,-1000
065912,瑞祺永豐9C購02  ,0,0,0,0,0,0,0,0,0,-1000,0,0,0,0,1000,-1000,-1000
065888,鴻海統一03購01  ,0,0,0,0,0,0,0,0,0,-1000,0,0,0,0,1000,-1000,-1000
065971,金像電元大02購01,0,0,0,0,0,0,0,0,0,-1000,0,0,0,0,1000,-1000,-1000
065946,鴻海統一03購03  ,0,0,0,0,0,0,0,0,0,-1000,0,0,0,0,1000,-1000,-1000
066055,聯鈞元大01購01  ,0,0,0,0,0,0,0,0,0,-1000,0,0,0,2000,3000,-1000,-1000
066220,矽格台新01購01  ,0,0,0,0,0,0,0,0,0,-1000,0,0,0,35000,36000,-1000,-1000
066211,瑞祺統一04購01  ,0,0,0,0,0,0,0,0,0,-1000,0,0,0,0,1000,-1000,-1000
066295,昇陽半元大01購01,0,0,0,0,0,0,0,0,0,-1000,0,0,0,0,1000,-1000,-1000
5538,東明-KY         ,0,1000,-1000,0,0,0,0,0,0,0,0,0,0,0,0,0,-1000
4564,元翎            ,116000,117000,-1000,0,0,0,0,0,0,0,0,0,0,0,0,0,-1000
6442,光聖            ,1000,0,1000,0,0,0,0,0,0,-2000,0,2000,-2000,0,0,0,-1000
6625,必應            ,0,1000,-1000,0,0,0,0,0,0,0,0,0,0,0,0,0,-1000
8222,寶一            ,3000,3000,0,0,0,0,0,0,0,-1000,0,1000,-1000,0,0,0,-1000
9905,大華            ,14000,14000,0,0,0,0,0,0,0,-1000,0,1000,-1000,0,0,0,-1000
8411,福貞-KY         ,5000,3000,2000,0,0,0,0,0,0,-3000,0,3000,-3000,0,0,0,-1000
2483,百容            ,1000,0,1000,0,0,0,0,0,0,-2000,0,2000,-2000,0,0,0,-1000
3054,立萬利          ,5000,3000,2000,0,0,0,0,0,0,-3000,0,3000,-3000,0,0,0,-1000
3528,安馳            ,0,0,0,0,0,0,0,0,0,-1000,0,1000,-1000,0,0,0,-1000
3494,誠研            ,0,1000,-1000,0,0,0,0,0,0,0,0,0,0,0,0,0,-1000
2109,華豐            ,49000,50000,-1000,0,0,0,0,0,0,0,0,0,0,0,0,0,-1000
2114,鑫永銓          ,7000,10000,-3000,0,0,0,0,0,0,2000,2000,0,2000,0,0,0,-1000
2115,六暉-KY         ,1000,2000,-1000,0,0,0,0,0,0,0,0,0,0,0,0,0,-1000
2038,海光            ,14000,15000,-1000,0,0,0,0,0,0,0,0,0,0,0,0,0,-1000
2002A,中鋼特          ,0,0,0,0,0,0,0,0,0,-1000,1000,2000,-1000,0,0,0,-1000
1454,台富            ,0,1000,-1000,0,0,0,0,0,0,0,0,0,0,0,0,0,-1000
1533,車王電          ,1000,2000,-1000,0,0,0,0,0,0,0,0,0,0,0,0,0,-1000
1540,喬福            ,3000,3000,0,0,0,0,0,0,0,-1000,0,1000,-1000,0,0,0,-1000
064364,高鐵統一9C購02  ,0,0,0,0,0,0,0,0,0,-2000,0,0,0,0,2000,-2000,-2000
064539,玉晶光麥證01購01,0,0,0,0,4000,-4000,0,0,0,-2000,0,0,0,2000,4000,-2000,-2000
064629,和潤元大9C購01  ,0,0,0,0,0,0,0,0,0,-2000,0,0,0,0,2000,-2000,-2000
064272,鴻海元大9C購09  ,0,0,0,0,0,0,0,0,0,-2000,0,0,0,0,2000,-2000,-2000
065073,亞德客元大01購02,0,0,0,0,0,0,0,0,0,-2000,0,0,0,9000,11000,-2000,-2000
065040,燿華凱基9C購01  ,0,0,0,0,0,0,0,0,0,-2000,0,0,0,2000,4000,-2000,-2000
08701P,景碩康和01售02  ,0,0,0,0,0,0,0,0,0,-2000,0,0,0,2000,4000,-2000,-2000
08618P,國巨群益9C售20  ,0,0,0,0,0,0,0,0,0,-2000,0,0,0,0,2000,-2000,-2000
08496P,金像電國票01售02,0,0,0,0,0,0,0,0,0,-2000,0,0,0,0,2000,-2000,-2000
08429P,台達電凱基9C售01,0,0,0,0,0,0,0,0,0,-2000,0,0,0,10000,12000,-2000,-2000
08358P,大立光元大9C售18,0,0,0,0,0,0,0,0,0,-2000,0,0,0,8000,10000,-2000,-2000
08370P,台積電凱基01售06,0,0,0,0,0,0,0,0,0,-2000,0,0,0,0,2000,-2000,-2000
08896P,台灣50群益01售10,0,0,0,0,0,0,0,0,0,-2000,0,0,0,3000,5000,-2000,-2000
08902P,台灣50中信05售01,0,0,0,0,0,0,0,0,0,-2000,0,0,0,0,2000,-2000,-2000
1436,華友聯          ,0,0,0,0,0,0,0,0,0,-2000,0,2000,-2000,0,0,0,-2000
1423,利華            ,0,0,0,0,0,0,0,0,0,-2000,0,2000,-2000,0,0,0,-2000
1441,大東            ,0,2000,-2000,0,0,0,0,0,0,0,0,0,0,0,0,0,-2000
1413,宏洲            ,0,2000,-2000,0,0,0,0,0,0,0,0,0,0,0,0,0,-2000
07379P,大立光元大99售30,0,0,0,0,0,0,0,0,0,-2000,0,0,0,0,2000,-2000,-2000
07840P,康控元大9A售02  ,0,0,0,0,0,0,0,0,0,-2000,0,0,0,0,2000,-2000,-2000
07181P,臺股指凱基99售23,0,0,0,0,0,0,0,0,0,-2000,0,0,0,0,2000,-2000,-2000
07228P,台灣50群益9B售06,0,0,0,0,0,0,0,0,0,-2000,0,0,0,0,2000,-2000,-2000
068683,聯電永豐02購02  ,0,0,0,0,0,0,0,0,0,-2000,0,0,0,0,2000,-2000,-2000
068657,台積電元大02購10,0,0,0,0,0,0,0,0,0,-2000,0,0,0,0,2000,-2000,-2000
068606,聯發科凱基01購26,0,0,0,0,0,0,0,0,0,-2000,0,0,0,0,2000,-2000,-2000
068297,臺指反國票01購03,0,0,0,0,0,0,0,0,0,-2000,0,0,0,0,2000,-2000,-2000
068357,富邦金凱基01購01,0,0,0,0,0,0,0,0,0,-2000,0,0,0,2000,4000,-2000,-2000
064942,道瓊反凱基02購01,0,0,0,0,0,0,0,0,0,-2000,0,0,0,0,2000,-2000,-2000
08128P,聯發科元大9B售22,0,0,0,0,0,0,0,0,0,-2000,0,0,0,0,2000,-2000,-2000
08112P,臺股指中信01售07,0,0,0,0,0,0,0,0,0,-2000,0,0,0,564000,566000,-2000,-2000
08149P,祥碩群益9B售07  ,0,0,0,0,0,0,0,0,0,-2000,0,0,0,0,2000,-2000,-2000
0053,元大電子        ,0,0,0,0,0,0,0,0,0,-2000,0,0,0,3000,5000,-2000,-2000
00625K,富邦上証+R      ,0,0,0,0,0,0,0,0,0,-2000,0,0,0,50000,52000,-2000,-2000
020004,兆豐電菁英30N   ,0,0,0,0,0,0,0,0,0,-2000,0,0,0,4000,6000,-2000,-2000
00691R,兆豐藍籌30反1   ,0,0,0,0,0,0,0,0,0,-2000,0,0,0,0,2000,-2000,-2000
00711B,FH彭博新興債    ,0,0,0,0,0,0,0,0,0,-2000,0,0,0,102000,104000,-2000,-2000
03052X,元展49          ,0,0,0,0,0,0,0,0,0,-2000,0,0,0,0,2000,-2000,-2000
03039X,元展36          ,0,0,0,0,0,0,0,0,0,-2000,0,0,0,0,2000,-2000,-2000
042793,台積電台新9C購01,0,0,0,0,0,0,0,0,0,-2000,0,0,0,0,2000,-2000,-2000
03250P,日月光元富07售02,0,0,0,0,0,0,0,0,0,-2000,0,0,0,0,2000,-2000,-2000
03201P,台灣50凱基04售13,0,0,0,0,0,0,0,0,0,-2000,0,0,0,0,2000,-2000,-2000
056833,和大元富9B購01  ,0,0,0,0,0,0,0,0,0,-2000,0,0,0,0,2000,-2000,-2000
053186,健策中信9C購01  ,0,0,0,0,0,0,0,0,0,-2000,0,0,0,10000,12000,-2000,-2000
057364,國巨元大98購18  ,0,0,0,0,0,0,0,0,0,-2000,0,0,0,0,2000,-2000,-2000
055578,群創統一98購03  ,0,0,0,0,0,0,0,0,0,-2000,0,0,0,0,2000,-2000,-2000
056280,上証2X永豐98購01,0,0,0,0,0,0,0,0,0,-2000,0,0,0,0,2000,-2000,-2000
058593,大立光統一9B購02,0,0,0,0,0,0,0,0,0,-2000,0,0,0,0,2000,-2000,-2000
059856,昇陽半永豐99購03,0,0,0,0,0,0,0,0,0,-2000,0,0,0,0,2000,-2000,-2000
060368,緯穎元富9A購03  ,0,0,0,0,0,0,0,0,0,-2000,0,0,0,0,2000,-2000,-2000
060369,滬深2X元富01購01,0,0,0,0,0,0,0,0,0,-2000,0,0,0,0,2000,-2000,-2000
060370,滬深2X元富04購01,0,0,0,0,0,0,0,0,0,-2000,0,0,0,0,2000,-2000,-2000
060392,華擎群益9C購02  ,0,0,0,0,0,0,0,0,0,-2000,0,0,0,0,2000,-2000,-2000
060416,神隆永豐9A購01  ,0,0,0,0,0,0,0,0,0,-2000,0,0,0,0,2000,-2000,-2000
057691,健策凱基99購01  ,0,0,0,0,0,0,0,0,0,-2000,0,0,0,66000,68000,-2000,-2000
057874,可成元大99購02  ,0,0,0,0,0,0,0,0,0,-2000,0,0,0,0,2000,-2000,-2000
058777,台光電國票9A購01,0,0,0,0,0,0,0,0,0,-2000,0,0,0,0,2000,-2000,-2000
058865,群創凱基01購01  ,0,0,0,0,0,0,0,0,0,-2000,0,0,0,10000,12000,-2000,-2000
058861,國巨凱基9A購08  ,0,0,0,0,0,0,0,0,0,-2000,0,0,0,0,2000,-2000,-2000
063946,聯發科元大9C購04,0,0,0,0,0,0,0,0,0,-2000,0,0,0,0,2000,-2000,-2000
060752,上銀元大9A購04  ,0,0,0,0,0,0,0,0,0,-2000,0,0,0,0,2000,-2000,-2000
060744,鴻海國票9A購04  ,0,0,0,0,0,0,0,0,0,-2000,0,0,0,0,2000,-2000,-2000
063797,台積電凱基02購02,0,0,0,0,0,0,0,0,0,-2000,0,0,0,0,2000,-2000,-2000
064014,貿聯國票01購01  ,0,0,0,0,0,0,0,0,0,-2000,0,0,0,50000,52000,-2000,-2000
062635,創意國票9B購01  ,0,0,0,0,0,0,0,0,0,-2000,0,0,0,0,2000,-2000,-2000
062742,技嘉國泰01購01  ,0,0,0,0,0,0,0,0,0,-2000,0,0,0,3000,5000,-2000,-2000
062763,華擎凱基9C購02  ,0,0,0,0,0,0,0,0,0,-2000,0,0,0,8000,10000,-2000,-2000
061753,南亞科台新9B購01,0,0,0,0,0,0,0,0,0,-2000,0,0,0,0,2000,-2000,-2000
061780,國巨群益9C購01  ,0,0,0,0,0,0,0,0,0,-2000,0,0,0,0,2000,-2000,-2000
061830,元金2X凱基01購01,0,0,0,0,0,0,0,0,0,-2000,0,0,0,0,2000,-2000,-2000
062467,國巨凱基9B購08  ,0,0,0,0,0,0,0,0,0,-2000,0,0,0,0,2000,-2000,-2000
063305,亞光凱基9B購01  ,0,0,0,0,0,0,0,0,0,-2000,0,0,0,0,2000,-2000,-2000
063358,華擎國泰01購01  ,0,0,0,0,0,0,0,0,0,-2000,0,0,0,10000,12000,-2000,-2000
063216,元黃金群益9B購02,0,0,0,0,0,0,0,0,0,-2000,0,0,0,0,2000,-2000,-2000
063276,和大元大9B購01  ,0,0,0,0,0,0,0,0,0,-2000,0,0,0,0,2000,-2000,-2000
062354,台達電元大9B購01,0,0,0,0,0,0,0,0,0,-2000,0,0,0,0,2000,-2000,-2000
062439,聯發科元大9B購10,0,0,0,0,0,0,0,0,0,-2000,0,0,0,5000,7000,-2000,-2000
061297,台積電富邦9C購09,0,0,0,0,0,0,0,0,0,-2000,0,0,0,0,2000,-2000,-2000
061463,智邦群益9A購02  ,0,0,0,0,0,0,0,0,0,-2000,0,0,0,0,2000,-2000,-2000
061404,臺指反國票04購01,0,0,0,0,0,0,0,0,0,-2000,0,0,0,0,2000,-2000,-2000
063419,聯發科凱基03購01,0,0,0,0,0,0,0,0,0,-2000,0,0,0,8000,10000,-2000,-2000
061150,國巨群益9A購09  ,0,0,0,0,0,0,0,0,0,-2000,0,0,0,3000,5000,-2000,-2000
065334,立積國票01購02  ,0,0,0,0,0,0,0,0,0,-2000,0,0,0,9000,11000,-2000,-2000
060567,華擎富邦9C購01  ,0,0,0,0,0,0,0,0,0,-2000,0,0,0,0,2000,-2000,-2000
062128,祥碩統一01購01  ,0,0,0,0,0,0,0,0,0,-2000,0,0,0,0,2000,-2000,-2000
066247,中化元大01購02  ,0,0,0,0,0,0,0,0,0,-2000,0,0,0,100000,102000,-2000,-2000
066056,聯鈞元大01購02  ,0,0,0,0,0,0,0,0,0,-2000,0,0,0,0,2000,-2000,-2000
066057,華擎元大02購01  ,0,0,0,0,0,0,0,0,0,-2000,0,0,0,44000,46000,-2000,-2000
066024,金像電群益01購04,0,0,0,0,0,0,0,0,0,-2000,0,0,0,0,2000,-2000,-2000
066108,惠特國票02購02  ,0,0,0,0,0,0,0,0,0,-2000,0,0,0,44000,46000,-2000,-2000
065693,國巨群益9C購18  ,0,0,0,0,0,0,0,0,0,-2000,0,0,0,23000,25000,-2000,-2000
066711,臺股指群益01購03,0,0,0,0,0,0,0,0,0,-2000,0,0,0,0,2000,-2000,-2000
066691,京元電台新01購01,0,0,0,0,0,0,0,0,0,-2000,0,0,0,38000,40000,-2000,-2000
066904,台積電凱基02購10,0,0,0,0,0,0,0,0,0,-2000,0,0,0,0,2000,-2000,-2000
06682P,玉晶光元大99售08,0,0,0,0,0,0,0,0,0,-2000,0,0,0,31000,33000,-2000,-2000
066873,健策國泰02購01  ,0,0,0,0,0,0,0,0,0,-2000,0,0,0,468000,470000,-2000,-2000
066302,卜蜂永豐01購01  ,0,0,0,0,0,0,0,0,0,-2000,0,0,0,0,2000,-2000,-2000
066352,晶碩永豐01購01  ,0,0,0,0,0,0,0,0,0,-2000,0,0,0,0,2000,-2000,-2000
066447,智伸科群益01購02,0,0,0,0,0,0,0,0,0,-2000,0,0,0,0,2000,-2000,-2000
066551,大立光元大01購07,0,0,0,0,0,0,0,0,0,-2000,0,0,0,0,2000,-2000,-2000
06660P,大立光富邦9B售03,0,0,0,0,0,0,0,0,0,-2000,0,0,0,0,2000,-2000,-2000
067605,新日興凱基02購02,0,0,0,0,0,0,0,0,0,-2000,0,0,0,7000,9000,-2000,-2000
067457,FBVIX國泰03購01 ,0,0,0,0,0,0,0,0,0,-2000,0,0,0,0,2000,-2000,-2000
067854,力成國票02購01  ,0,0,0,0,0,0,0,0,0,-2000,0,0,0,0,2000,-2000,-2000
067677,大立光元大01購13,0,0,0,0,0,0,0,0,0,-2000,0,0,0,0,2000,-2000,-2000
1539,巨庭            ,1000,3000,-2000,0,0,0,0,0,0,0,0,0,0,0,0,0,-2000
1459,聯發            ,3000,5000,-2000,0,0,0,0,0,0,0,0,0,0,0,0,0,-2000
1817,凱撒衛          ,0,2000,-2000,0,0,0,0,0,0,0,0,0,0,0,0,0,-2000
2029,盛餘            ,6000,7000,-1000,0,0,0,0,0,0,-1000,0,1000,-1000,0,0,0,-2000
1737,臺鹽            ,7000,16000,-9000,0,0,0,0,0,0,7000,7000,0,7000,0,0,0,-2000
2358,廷鑫            ,2000,3000,-1000,0,0,0,0,0,0,-1000,0,1000,-1000,0,0,0,-2000
3021,鴻名            ,0,0,0,0,0,0,0,0,0,-2000,0,2000,-2000,0,0,0,-2000
3025,星通            ,0,0,0,0,0,0,0,0,0,-2000,0,2000,-2000,0,0,0,-2000
2939,凱羿-KY         ,280000,288000,-8000,0,0,0,0,0,0,6000,6000,0,6000,0,0,0,-2000
8443,阿瘦            ,0,0,0,0,0,0,0,0,0,-2000,0,2000,-2000,0,0,0,-2000
8488,吉源-KY         ,0,2000,-2000,0,0,0,0,0,0,0,0,0,0,0,0,0,-2000
8404,百和興業-KY     ,30000,19000,11000,0,0,0,0,0,0,-13000,0,13000,-13000,0,0,0,-2000
6573,虹揚-KY         ,14000,14000,0,0,0,0,0,0,0,-2000,0,2000,-2000,0,0,0,-2000
5283,禾聯碩          ,3000,7000,-4000,0,0,0,0,0,0,2000,3000,1000,2000,0,0,0,-2000
4976,佳凌            ,49000,51000,-2000,0,0,0,0,0,0,0,0,0,0,0,0,0,-2000
6136,富爾特          ,1000,3000,-2000,0,0,0,0,0,0,0,0,0,0,0,0,0,-2000
08113P,台灣50凱基02售04,0,0,0,0,0,0,0,0,0,-3000,0,0,0,0,3000,-3000,-3000
08186P,泰碩永豐9B售03  ,0,0,0,0,0,0,0,0,0,-3000,0,0,0,0,3000,-3000,-3000
08201P,祥碩元大9B售09  ,0,0,0,0,0,0,0,0,0,-3000,0,0,0,757000,760000,-3000,-3000
064454,華新科統一01購03,0,0,0,0,0,0,0,0,0,-3000,0,0,0,0,3000,-3000,-3000
064979,華擎元大9C購04  ,0,0,0,0,0,0,0,0,0,-3000,0,0,0,22000,25000,-3000,-3000
064806,微星元大01購01  ,0,0,0,0,0,0,0,0,0,-3000,0,0,0,2000,5000,-3000,-3000
068351,鴻海凱基04購01  ,0,0,0,0,0,0,0,0,0,-3000,0,0,0,0,3000,-3000,-3000
068375,台光電永豐01購02,0,0,0,0,0,0,0,0,0,-3000,0,0,0,0,3000,-3000,-3000
068330,大立光元大01購19,0,0,0,0,0,0,0,0,0,-3000,0,0,0,6000,9000,-3000,-3000
068546,國巨群益01購11  ,0,0,0,0,0,0,0,0,0,-3000,0,0,0,0,3000,-3000,-3000
068439,信邦凱基01購02  ,0,0,0,0,0,0,0,0,0,-3000,0,0,0,40000,43000,-3000,-3000
068454,致茂國票03購01  ,0,0,0,0,0,0,0,0,0,-3000,0,0,0,104000,107000,-3000,-3000
068655,台積電元大02購08,0,0,0,0,0,0,0,0,0,-3000,0,0,0,0,3000,-3000,-3000
1414,東和            ,0,4000,-4000,0,0,0,0,0,0,1000,1000,0,1000,0,0,0,-3000
08913P,臺股指凱基01售04,0,0,0,0,0,0,0,0,0,-3000,0,0,0,0,3000,-3000,-3000
08465P,玉晶光兆豐01售02,0,0,0,0,0,0,0,0,0,-3000,0,0,0,8000,11000,-3000,-3000
08604P,金融類元大9C售01,0,0,0,0,0,0,0,0,0,-3000,0,0,0,0,3000,-3000,-3000
065101,力成元大9C購05  ,0,0,0,0,0,0,0,0,0,-3000,0,0,0,6000,9000,-3000,-3000
064077,台積電中信06購03,0,0,0,0,0,0,0,0,0,-3000,0,0,0,7000,10000,-3000,-3000
058795,可成元大99購03  ,0,0,0,0,0,0,0,0,0,-3000,0,0,0,0,3000,-3000,-3000
058771,神達兆豐99購01  ,0,0,0,0,0,0,0,0,0,-3000,0,0,0,0,3000,-3000,-3000
057858,T50正2康和98購01,0,0,0,0,0,0,0,0,0,-3000,0,0,0,0,3000,-3000,-3000
058683,可成凱基9A購01  ,0,0,0,0,0,0,0,0,0,-3000,0,0,0,0,3000,-3000,-3000
057944,新日興國票99購02,0,0,0,0,0,0,0,0,0,-3000,0,0,0,0,3000,-3000,-3000
060634,矽創富邦9B購01  ,0,0,0,0,0,0,0,0,0,-3000,0,0,0,0,3000,-3000,-3000
061520,健策中信9A購01  ,0,0,0,0,0,0,0,0,0,-3000,0,0,0,18000,21000,-3000,-3000
060267,上緯控國票9C購01,0,0,0,0,0,0,0,0,0,-3000,0,0,0,0,3000,-3000,-3000
059363,超眾永豐99購02  ,0,0,0,0,0,0,0,0,0,-3000,0,0,0,0,3000,-3000,-3000
059290,全新元富99購01  ,0,0,0,0,0,0,0,0,0,-3000,0,0,0,0,3000,-3000,-3000
060233,宏碁元大9A購01  ,0,0,0,0,0,0,0,0,0,-3000,0,0,0,0,3000,-3000,-3000
059051,和大凱基9A購01  ,0,0,0,0,0,0,0,0,0,-3000,0,0,0,0,3000,-3000,-3000
059162,國巨凱基99購12  ,0,0,0,0,0,0,0,0,0,-3000,0,0,0,2000,5000,-3000,-3000
056165,矽力凱基98購02  ,0,0,0,0,0,0,0,0,0,-3000,0,0,0,0,3000,-3000,-3000
056320,京鼎群益99購01  ,0,0,0,0,0,0,0,0,0,-3000,0,0,0,0,3000,-3000,-3000
054890,聯鈞統一99購01  ,0,0,0,0,0,0,0,0,0,-3000,0,0,0,0,3000,-3000,-3000
053396,漢唐中信9A購01  ,0,0,0,0,0,0,0,0,0,-3000,0,0,0,0,3000,-3000,-3000
056617,美律永豐98購01  ,0,0,0,0,0,0,0,0,0,-3000,0,0,0,0,3000,-3000,-3000
058473,上銀凱基9A購03  ,0,0,0,0,0,0,0,0,0,-3000,0,0,0,10000,13000,-3000,-3000
057328,京鼎群益99購02  ,0,0,0,0,0,0,0,0,0,-3000,0,0,0,0,3000,-3000,-3000
03217P,臺股指群益02售02,0,0,0,0,0,0,0,0,0,-3000,0,0,0,0,3000,-3000,-3000
03075P,泰碩國泰03售01  ,0,0,0,0,0,0,0,0,0,-3000,0,0,0,15000,18000,-3000,-3000
03113P,南電元大01售09  ,0,0,0,0,0,0,0,0,0,-3000,0,0,0,0,3000,-3000,-3000
03181P,台灣50元大01售40,0,0,0,0,0,0,0,0,0,-3000,0,0,0,146000,149000,-3000,-3000
03455B,臺股指凱基03熊06,0,0,0,0,0,0,0,0,0,-3000,0,0,0,4000,7000,-3000,-3000
0055,元大MSCI金融    ,0,0,0,0,0,0,0,0,0,-3000,0,0,0,0,3000,-3000,-3000
065211,世芯國票01購03  ,0,0,0,0,0,0,0,0,0,-3000,0,0,0,13000,16000,-3000,-3000
063389,大立光兆豐9C購02,0,0,0,0,0,0,0,0,0,-3000,0,0,0,0,3000,-3000,-3000
061275,臺股指凱基9A購25,0,0,0,0,0,0,0,0,0,-3000,0,0,0,62000,65000,-3000,-3000
061364,國巨國票9A購09  ,0,0,0,0,0,0,0,0,0,-3000,0,0,0,4000,7000,-3000,-3000
063330,神達國票9C購01  ,0,0,0,0,0,0,0,0,0,-3000,0,0,0,0,3000,-3000,-3000
062497,遠東新群益9B購01,0,0,0,0,0,0,0,0,0,-3000,0,0,0,0,3000,-3000,-3000
062471,國泰金凱基9B購02,0,0,0,0,0,0,0,0,0,-3000,0,0,0,0,3000,-3000,-3000
062787,超眾元大9C購02  ,0,0,0,0,0,0,0,0,0,-3000,0,0,0,7000,10000,-3000,-3000
062725,大立光凱基9B購06,0,0,0,0,0,0,0,0,0,-3000,0,0,0,0,3000,-3000,-3000
063735,華新科元大9B購15,0,0,0,0,0,0,0,0,0,-3000,0,0,0,65000,68000,-3000,-3000
063844,台積電元大9C購05,0,0,0,0,0,0,0,0,0,-3000,0,0,0,0,3000,-3000,-3000
063950,信邦元大9C購01  ,0,0,0,0,0,0,0,0,0,-3000,0,0,0,2000,5000,-3000,-3000
061644,健策元大9C購02  ,0,0,0,0,0,0,0,0,0,-3000,0,0,0,19000,22000,-3000,-3000
063711,高鐵凱基9B購01  ,0,0,0,0,0,0,0,0,0,-3000,0,0,0,0,3000,-3000,-3000
067757,元金2X永豐01購01,0,0,0,0,0,0,0,0,0,-3000,0,0,0,1000,4000,-3000,-3000
068176,滬深2X群益01購10,0,0,0,0,0,0,0,0,0,-3000,0,0,0,0,3000,-3000,-3000
068169,臺股指元大01購22,0,0,0,0,0,0,0,0,0,-3000,0,0,0,6000,9000,-3000,-3000
067379,新日興統一03購01,0,0,0,0,0,0,0,0,0,-3000,0,0,0,0,3000,-3000,-3000
067269,眾達永豐01購02  ,0,0,0,0,0,0,0,0,0,-3000,0,0,0,113000,116000,-3000,-3000
067216,健策元大01購09  ,0,0,0,0,0,0,0,0,0,-3000,0,0,0,596000,599000,-3000,-3000
067159,上証2X國票02購01,0,0,0,0,0,0,0,0,0,-3000,0,0,0,2000,5000,-3000,-3000
065680,聯發科統一9C購16,0,0,0,0,0,0,0,0,0,-3000,0,0,0,400000,403000,-3000,-3000
06602P,國巨統一99售02  ,0,0,0,0,0,0,0,0,0,-3000,0,0,0,0,3000,-3000,-3000
066197,鴻海統一02購02  ,0,0,0,0,0,0,0,0,0,-3000,0,0,0,0,3000,-3000,-3000
8480,泰昇-KY         ,3000,6000,-3000,0,0,0,0,0,0,0,0,0,0,0,0,0,-3000
9918,欣天然          ,4000,4000,0,0,0,0,0,0,0,-3000,0,3000,-3000,0,0,0,-3000
2923,鼎固-KY         ,9000,12000,-3000,0,0,0,0,0,0,0,0,0,0,0,0,0,-3000
2706,第一店          ,11000,7000,4000,0,0,0,0,0,0,-7000,0,7000,-7000,0,0,0,-3000
2516,新建            ,1000,4000,-3000,0,0,0,0,0,0,0,0,0,0,0,0,0,-3000
3518,柏騰            ,22000,23000,-1000,0,0,0,0,0,0,-2000,0,2000,-2000,0,0,0,-3000
2033,佳大            ,0,3000,-3000,0,0,0,0,0,0,0,0,0,0,0,0,0,-3000
2433,互盛電          ,16000,2000,14000,0,0,0,0,0,0,-17000,0,17000,-17000,0,0,0,-3000
1524,耿鼎            ,6000,8000,-2000,0,0,0,0,0,0,-1000,0,1000,-1000,0,0,0,-3000
1616,億泰            ,0,3000,-3000,0,0,0,0,0,0,0,0,0,0,0,0,0,-3000
064055,台郡統一02購01  ,0,0,0,0,0,0,0,0,0,-4000,0,0,0,32000,36000,-4000,-4000
064332,聯發科元大01購01,0,0,0,0,0,0,0,0,0,-4000,0,0,0,0,4000,-4000,-4000
064489,宏碁元大9C購01  ,0,0,0,0,0,0,0,0,0,-4000,0,0,0,7000,11000,-4000,-4000
064264,智伸科永豐9C購01,0,0,0,0,0,0,0,0,0,-4000,0,0,0,0,4000,-4000,-4000
064207,國巨凱基03購02  ,0,0,0,0,0,0,0,0,0,-4000,0,0,0,1000,5000,-4000,-4000
08697P,臺股指麥證01售03,0,0,0,56000,60000,-4000,0,0,0,-4000,0,0,0,56000,60000,-4000,-4000
06952P,大立光統一9A售03,0,0,0,0,0,0,0,0,0,-4000,0,0,0,18000,22000,-4000,-4000
07807P,聯茂永豐9A售02  ,0,0,0,0,0,0,0,0,0,-4000,0,0,0,0,4000,-4000,-4000
064822,台達電統一01購03,0,0,0,0,0,0,0,0,0,-4000,0,0,0,106000,110000,-4000,-4000
08194P,同欣電國票9C售03,0,0,0,0,0,0,0,0,0,-4000,0,0,0,60000,64000,-4000,-4000
08110P,臺股指中信01售05,0,0,0,0,0,0,0,0,0,-4000,0,0,0,170000,174000,-4000,-4000
07886P,國巨國票9B售06  ,0,0,0,0,0,0,0,0,0,-4000,0,0,0,46000,50000,-4000,-4000
00661,元大日經225     ,0,0,0,0,0,0,0,0,0,-4000,0,0,0,87000,91000,-4000,-4000
00686R,群益臺灣加權反1 ,0,0,0,0,0,0,0,0,0,-4000,0,0,0,178000,182000,-4000,-4000
00700,富邦恒生國企    ,0,0,0,0,0,0,0,0,0,-4000,0,0,0,96000,100000,-4000,-4000
00707R,元大S&P日圓反1  ,0,0,0,0,0,0,0,0,0,-4000,0,0,0,1000,5000,-4000,-4000
03035P,玉晶光國票01售07,0,0,0,0,0,0,0,0,0,-4000,0,0,0,0,4000,-4000,-4000
03069P,大毅群益01售04  ,0,0,0,0,0,0,0,0,0,-4000,0,0,0,1000,5000,-4000,-4000
057195,南茂元大98購01  ,0,0,0,0,0,0,0,0,0,-4000,0,0,0,0,4000,-4000,-4000
057539,南茂元大98購02  ,0,0,0,0,0,0,0,0,0,-4000,0,0,0,1000,5000,-4000,-4000
058347,玉晶光群益9B購01,0,0,0,0,0,0,0,0,0,-4000,0,0,0,14000,18000,-4000,-4000
057486,美律元大98購04  ,0,0,0,0,0,0,0,0,0,-4000,0,0,0,175000,179000,-4000,-4000
058934,台灣50中信03購03,0,0,0,0,0,0,0,0,0,-4000,0,0,0,11000,15000,-4000,-4000
058620,滬深2X國票9A購02,0,0,0,0,0,0,0,0,0,-4000,0,0,0,0,4000,-4000,-4000
060051,台積電凱基9B購01,0,0,0,0,0,0,0,0,0,-4000,0,0,0,0,4000,-4000,-4000
059224,大立光元大99購15,0,0,0,0,0,0,0,0,0,-4000,0,0,0,0,4000,-4000,-4000
060632,可成富邦9B購01  ,0,0,0,0,0,0,0,0,0,-4000,0,0,0,0,4000,-4000,-4000
062887,台積電群益9C購05,0,0,0,0,0,0,0,0,0,-4000,0,0,0,0,4000,-4000,-4000
061542,旺宏群益9A購04  ,0,0,0,0,0,0,0,0,0,-4000,0,0,0,0,4000,-4000,-4000
057931,正崴群益98購02  ,0,0,0,0,0,0,0,0,0,-4000,0,0,0,0,4000,-4000,-4000
057962,超眾元大99購03  ,0,0,0,0,0,0,0,0,0,-4000,0,0,0,3000,7000,-4000,-4000
063878,國巨元富9C購01  ,0,0,0,0,0,0,0,0,0,-4000,0,0,0,0,4000,-4000,-4000
063757,鴻海統一9C購16  ,0,0,0,0,0,0,0,0,0,-4000,0,0,0,0,4000,-4000,-4000
063526,台光電凱基9B購04,0,0,0,0,0,0,0,0,0,-4000,0,0,0,0,4000,-4000,-4000
061698,智邦國票9A購04  ,0,0,0,0,0,0,0,0,0,-4000,0,0,0,0,4000,-4000,-4000
063284,大立光元大9B購07,0,0,0,0,0,0,0,0,0,-4000,0,0,0,0,4000,-4000,-4000
063351,億豐統一9B購01  ,0,0,0,0,0,0,0,0,0,-4000,0,0,0,0,4000,-4000,-4000
063256,鴻海國泰01購02  ,0,0,0,0,0,0,0,0,0,-4000,0,0,0,0,4000,-4000,-4000
062438,台光電元大9B購04,0,0,0,0,0,0,0,0,0,-4000,0,0,0,132000,136000,-4000,-4000
061326,新日興凱基9B購01,0,0,0,0,0,0,0,0,0,-4000,0,0,0,5000,9000,-4000,-4000
061269,嘉澤凱基9A購01  ,0,0,0,0,0,0,0,0,0,-4000,0,0,0,0,4000,-4000,-4000
063415,台積電凱基03購01,0,0,0,0,0,0,0,0,0,-4000,0,0,0,6000,10000,-4000,-4000
061110,超眾元大9A購03  ,0,0,0,0,0,0,0,0,0,-4000,0,0,0,9000,13000,-4000,-4000
061202,和大元大9A購02  ,0,0,0,0,0,0,0,0,0,-4000,0,0,0,0,4000,-4000,-4000
061879,超眾元大9C購01  ,0,0,0,0,0,0,0,0,0,-4000,0,0,0,0,4000,-4000,-4000
061907,裕隆中信9B購01  ,0,0,0,0,0,0,0,0,0,-4000,0,0,0,120000,124000,-4000,-4000
062150,南六國票9B購01  ,0,0,0,0,0,0,0,0,0,-4000,0,0,0,9000,13000,-4000,-4000
062142,喬山國票9B購01  ,0,0,0,0,0,0,0,0,0,-4000,0,0,0,0,4000,-4000,-4000
060426,盛群永豐9A購01  ,0,0,0,0,0,0,0,0,0,-4000,0,0,0,51000,55000,-4000,-4000
061991,牧德元大9C購01  ,0,0,0,0,0,0,0,0,0,-4000,0,0,0,0,4000,-4000,-4000
065430,可成凱基02購03  ,0,0,0,0,0,0,0,0,0,-4000,0,0,0,2000,6000,-4000,-4000
065395,致茂群益01購01  ,0,0,0,0,0,0,0,0,0,-4000,0,0,0,9000,13000,-4000,-4000
065597,旺宏元大01購03  ,0,0,0,0,0,0,0,0,0,-4000,0,0,0,16000,20000,-4000,-4000
066178,拓凱凱基01購01  ,0,0,0,0,0,0,0,0,0,-4000,0,0,0,86000,90000,-4000,-4000
065726,京元電凱基9C購02,0,0,0,0,0,0,0,0,0,-4000,0,0,0,3000,7000,-4000,-4000
066628,宏達電凱基03購01,0,0,0,0,0,0,0,0,0,-4000,0,0,0,79000,83000,-4000,-4000
066607,台郡永豐01購01  ,0,0,0,0,0,0,0,0,0,-4000,0,0,0,68000,72000,-4000,-4000
066396,可成凱基01購04  ,0,0,0,0,0,0,0,0,0,-4000,0,0,0,0,4000,-4000,-4000
066779,上証2X中信03購01,0,0,0,0,0,0,0,0,0,-4000,0,0,0,5000,9000,-4000,-4000
067278,申豐統一02購03  ,0,0,0,0,0,0,0,0,0,-4000,0,0,0,140000,144000,-4000,-4000
067405,超眾永豐01購01  ,0,0,0,0,0,0,0,0,0,-4000,0,0,0,0,4000,-4000,-4000
067563,上緯控國票02購01,0,0,0,0,0,0,0,0,0,-4000,0,0,0,50000,54000,-4000,-4000
068209,彩晶凱基04購02  ,0,0,0,0,0,0,0,0,0,-4000,0,0,0,0,4000,-4000,-4000
067987,台積電元大01購29,0,0,0,0,0,0,0,0,0,-4000,0,0,0,0,4000,-4000,-4000
1453,大將            ,0,4000,-4000,0,0,0,0,0,0,0,0,0,0,0,0,0,-4000
2007,燁興            ,3000,7000,-4000,0,0,0,0,0,0,0,0,0,0,0,0,0,-4000
2450,神腦            ,9000,13000,-4000,0,0,0,0,0,0,0,0,0,0,0,0,0,-4000
2406,國碩            ,330000,334000,-4000,0,0,0,0,0,0,0,0,0,0,0,0,0,-4000
3055,蔚華科          ,6000,10000,-4000,0,0,0,0,0,0,0,0,0,0,0,0,0,-4000
2528,皇普            ,44000,48000,-4000,0,0,0,0,0,0,0,0,0,0,0,0,0,-4000
2496,卓越            ,0,4000,-4000,0,0,0,0,0,0,0,0,0,0,0,0,0,-4000
2616,山隆            ,3000,15000,-12000,0,0,0,0,0,0,8000,8000,0,8000,0,0,0,-4000
2537,聯上發          ,63000,61000,2000,0,0,0,0,0,0,-6000,0,6000,-6000,0,0,0,-4000
2597,潤弘            ,7000,13000,-6000,0,0,0,0,0,0,2000,2000,0,2000,0,0,0,-4000
2881B,富邦金乙特      ,0,0,0,0,0,0,0,0,0,-4000,1000,0,1000,0,5000,-5000,-4000
9930,中聯資源        ,13000,18000,-5000,0,0,0,0,0,0,1000,4000,3000,1000,0,0,0,-4000
6414,樺漢            ,60000,40000,20000,0,0,0,0,0,0,-24000,2000,14000,-12000,1000,13000,-12000,-4000
6184,大豐電          ,3000,7000,-4000,0,0,0,0,0,0,0,0,0,0,0,0,0,-4000
6214,精誠            ,67000,46000,21000,0,0,0,0,0,0,-25000,0,25000,-25000,0,0,0,-4000
4930,燦星網          ,0,3000,-3000,0,0,0,0,0,0,-1000,0,1000,-1000,0,0,0,-4000
08096P,大立光元富9B售04,0,0,0,0,0,0,0,0,0,-5000,0,0,0,20000,25000,-5000,-5000
08206P,鴻海群益9C售03  ,0,0,0,0,0,0,0,0,0,-5000,0,0,0,10000,15000,-5000,-5000
064459,創意統一02購01  ,0,0,0,0,0,0,0,0,0,-5000,0,0,0,15000,20000,-5000,-5000
064850,智原元富9C購01  ,0,0,0,0,0,0,0,0,0,-5000,0,0,0,5000,10000,-5000,-5000
064729,聯茂統一02購02  ,0,0,0,0,0,0,0,0,0,-5000,0,0,0,0,5000,-5000,-5000
064753,英業達凱基9C購01,0,0,0,0,0,0,0,0,0,-5000,0,0,0,15000,20000,-5000,-5000
064734,大立光元富9C購05,0,0,0,0,0,0,0,0,0,-5000,0,0,0,5000,10000,-5000,-5000
06473P,鴻海元大99售03  ,0,0,0,0,0,0,0,0,0,-5000,0,0,0,0,5000,-5000,-5000
064667,大立光元大02購01,0,0,0,0,0,0,0,0,0,-5000,0,0,0,5000,10000,-5000,-5000
064922,玉晶光統一01購10,0,0,0,0,0,0,0,0,0,-5000,0,0,0,47000,52000,-5000,-5000
064925,和碩統一02購01  ,0,0,0,0,0,0,0,0,0,-5000,0,0,0,0,5000,-5000,-5000
07685P,玉晶光凱基9B售03,0,0,0,0,0,0,0,0,0,-5000,0,0,0,5000,10000,-5000,-5000
07389P,臺股指群益9C售08,0,0,0,0,0,0,0,0,0,-5000,0,0,0,0,5000,-5000,-5000
07557P,玉晶光元大9A售09,0,0,0,0,0,0,0,0,0,-5000,0,0,0,0,5000,-5000,-5000
06949P,台表科元大99售01,0,0,0,0,0,0,0,0,0,-5000,0,0,0,0,5000,-5000,-5000
068665,聯電統一02購02  ,0,0,0,0,0,0,0,0,0,-5000,0,0,0,0,5000,-5000,-5000
068601,台積電凱基03購07,0,0,0,0,0,0,0,0,0,-5000,0,0,0,0,5000,-5000,-5000
068613,帆宣凱基01購02  ,0,0,0,0,0,0,0,0,0,-5000,0,0,0,10000,15000,-5000,-5000
07177P,臺股指凱基99售19,0,0,0,0,0,0,0,0,0,-5000,0,0,0,0,5000,-5000,-5000
068432,技嘉凱基01購02  ,0,0,0,0,0,0,0,0,0,-5000,0,0,0,17000,22000,-5000,-5000
068319,聯電元大01購05  ,0,0,0,0,0,0,0,0,0,-5000,0,0,0,13000,18000,-5000,-5000
08665P,鴻海國票02售01  ,0,0,0,0,0,0,0,0,0,-5000,0,0,0,0,5000,-5000,-5000
08676P,泰碩群益04售01  ,0,0,0,0,0,0,0,0,0,-5000,0,0,0,0,5000,-5000,-5000
08592P,聯發科凱基01售06,0,0,0,0,0,0,0,0,0,-5000,0,0,0,0,5000,-5000,-5000
08442P,臺股指麥證01售01,0,0,0,50000,55000,-5000,0,0,0,-5000,0,0,0,50000,55000,-5000,-5000
08407P,臺股指元大9C售13,0,0,0,0,0,0,0,0,0,-5000,0,0,0,6000,11000,-5000,-5000
08388P,台灣50中信03售09,0,0,0,0,0,0,0,0,0,-5000,0,0,0,35000,40000,-5000,-5000
08844P,滬深2X元大03售03,0,0,0,0,0,0,0,0,0,-5000,0,0,0,0,5000,-5000,-5000
065161,矽格群益9C購01  ,0,0,0,0,0,0,0,0,0,-5000,0,0,0,4000,9000,-5000,-5000
064103,大立光群益9C購03,0,0,0,0,0,0,0,0,0,-5000,0,0,0,0,5000,-5000,-5000
064086,旺宏凱基9C購01  ,0,0,0,0,0,0,0,0,0,-5000,0,0,0,0,5000,-5000,-5000
064604,聯茂元富9C購01  ,0,0,0,0,0,0,0,0,0,-5000,0,0,0,26000,31000,-5000,-5000
058032,大立光永豐98購05,0,0,0,0,0,0,0,0,0,-5000,0,0,0,0,5000,-5000,-5000
057893,亞德客元富98購03,0,0,0,0,0,0,0,0,0,-5000,0,0,0,0,5000,-5000,-5000
057901,大立光永豐98購04,0,0,0,0,0,0,0,0,0,-5000,0,0,0,0,5000,-5000,-5000
058175,旺宏凱基99購03  ,0,0,0,0,0,0,0,0,0,-5000,0,0,0,0,5000,-5000,-5000
057867,大立光凱基98購17,0,0,0,0,0,0,0,0,0,-5000,0,0,0,0,5000,-5000,-5000
062845,微星富邦01購01  ,0,0,0,0,0,0,0,0,0,-5000,0,0,0,0,5000,-5000,-5000
062855,嘉澤永豐9B購02  ,0,0,0,0,0,0,0,0,0,-5000,0,0,0,66000,71000,-5000,-5000
062931,上証2X凱基01購01,0,0,0,0,0,0,0,0,0,-5000,0,0,0,5000,10000,-5000,-5000
060672,鴻海元大9A購14  ,0,0,0,0,0,0,0,0,0,-5000,0,0,0,0,5000,-5000,-5000
061497,大立光國票9A購09,0,0,0,0,0,0,0,0,0,-5000,0,0,0,0,5000,-5000,-5000
060226,道瓊反元大9A購01,0,0,0,0,0,0,0,0,0,-5000,0,0,0,15000,20000,-5000,-5000
060178,T50反1元富04購05,0,0,0,0,0,0,0,0,0,-5000,0,0,0,0,5000,-5000,-5000
060355,元金2X元富9C購01,0,0,0,0,0,0,0,0,0,-5000,0,0,0,0,5000,-5000,-5000
057785,智邦國票99購02  ,0,0,0,0,0,0,0,0,0,-5000,0,0,0,0,5000,-5000,-5000
060029,嘉晶永豐99購03  ,0,0,0,0,0,0,0,0,0,-5000,0,0,0,83000,88000,-5000,-5000
060013,S&P正2康和99購01,0,0,0,0,0,0,0,0,0,-5000,0,0,0,0,5000,-5000,-5000
059901,滬深2X元大9C購07,0,0,0,0,0,0,0,0,0,-5000,0,0,0,0,5000,-5000,-5000
059928,道瓊銀富邦03購01,0,0,0,0,0,0,0,0,0,-5000,0,0,0,0,5000,-5000,-5000
055318,華通國票98購01  ,0,0,0,0,0,0,0,0,0,-5000,0,0,0,0,5000,-5000,-5000
054353,世紀鋼國泰98購01,0,0,0,0,0,0,0,0,0,-5000,0,0,0,20000,25000,-5000,-5000
056375,玉晶光統一01購01,0,0,0,0,0,0,0,0,0,-5000,0,0,0,88000,93000,-5000,-5000
058397,大成鋼元大99購02,0,0,0,0,0,0,0,0,0,-5000,0,0,0,15000,20000,-5000,-5000
056768,宏達電元大99購03,0,0,0,0,0,0,0,0,0,-5000,0,0,0,0,5000,-5000,-5000
059733,緯穎元大99購08  ,0,0,0,0,0,0,0,0,0,-5000,0,0,0,0,5000,-5000,-5000
059780,滬深2X元大9C購06,0,0,0,0,0,0,0,0,0,-5000,0,0,0,0,5000,-5000,-5000
059726,華新科元大99購18,0,0,0,0,0,0,0,0,0,-5000,0,0,0,2000,7000,-5000,-5000
057198,智伸科統一9B購01,0,0,0,0,0,0,0,0,0,-5000,0,0,0,0,5000,-5000,-5000
057304,為升兆豐99購02  ,0,0,0,0,0,0,0,0,0,-5000,0,0,0,0,5000,-5000,-5000
057408,台郡群益98購01  ,0,0,0,0,0,0,0,0,0,-5000,0,0,0,0,5000,-5000,-5000
057050,群創元大99購03  ,0,0,0,0,0,0,0,0,0,-5000,0,0,0,0,5000,-5000,-5000
03149P,鴻海群益01售12  ,0,0,0,0,0,0,0,0,0,-5000,0,0,0,12000,17000,-5000,-5000
03692C,T50反1元大05牛01,0,0,0,0,0,0,0,0,0,-5000,0,0,0,10000,15000,-5000,-5000
065468,FBVIX元大9C購04 ,0,0,0,0,0,0,0,0,0,-5000,0,0,0,0,5000,-5000,-5000
065355,聯發科元富03購05,0,0,0,0,0,0,0,0,0,-5000,0,0,0,2000,7000,-5000,-5000
061989,晶技元大9B購04  ,0,0,0,0,0,0,0,0,0,-5000,0,0,0,0,5000,-5000,-5000
060477,和潤元大9A購01  ,0,0,0,0,0,0,0,0,0,-5000,0,0,0,0,5000,-5000,-5000
061947,旺宏群益9B購02  ,0,0,0,0,0,0,0,0,0,-5000,0,0,0,0,5000,-5000,-5000
065221,神隆永豐9C購01  ,0,0,0,0,0,0,0,0,0,-5000,0,0,0,0,5000,-5000,-5000
065185,和大統一02購05  ,0,0,0,0,0,0,0,0,0,-5000,0,0,0,0,5000,-5000,-5000
063083,聯發科凱基01購02,0,0,0,0,0,0,0,0,0,-5000,0,0,0,10000,15000,-5000,-5000
060980,台積電元大9A購21,0,0,0,0,0,0,0,0,0,-5000,0,0,0,0,5000,-5000,-5000
061014,台積電麥證9A購04,0,0,0,0,5000,-5000,0,0,0,-5000,0,0,0,0,5000,-5000,-5000
061043,百和永豐9A購01  ,0,0,0,0,0,0,0,0,0,-5000,0,0,0,0,5000,-5000,-5000
061279,鴻海統一9C購04  ,0,0,0,0,0,0,0,0,0,-5000,0,0,0,24000,29000,-5000,-5000
062390,元黃金富邦9C購01,0,0,0,0,0,0,0,0,0,-5000,0,0,0,0,5000,-5000,-5000
062385,玉晶光國泰01購01,0,0,0,0,0,0,0,0,0,-5000,0,0,0,0,5000,-5000,-5000
062362,致茂元大9B購01  ,0,0,0,0,0,0,0,0,0,-5000,0,0,0,0,5000,-5000,-5000
06321P,台積電統一98售03,0,0,0,0,0,0,0,0,0,-5000,0,0,0,0,5000,-5000,-5000
061690,旺宏群益9A購05  ,0,0,0,0,0,0,0,0,0,-5000,0,0,0,20000,25000,-5000,-5000
062470,智邦凱基9C購01  ,0,0,0,0,0,0,0,0,0,-5000,0,0,0,5000,10000,-5000,-5000
062701,漢唐元大9B購01  ,0,0,0,0,0,0,0,0,0,-5000,0,0,0,10000,15000,-5000,-5000
062671,國泰金中信03購01,0,0,0,0,0,0,0,0,0,-5000,0,0,0,0,5000,-5000,-5000
063534,鴻海統一9B購07  ,0,0,0,0,0,0,0,0,0,-5000,0,0,0,0,5000,-5000,-5000
063557,聚陽元大9B購01  ,0,0,0,0,0,0,0,0,0,-5000,0,0,0,42000,47000,-5000,-5000
062553,台積電凱基9B購07,0,0,0,0,0,0,0,0,0,-5000,0,0,0,0,5000,-5000,-5000
063520,上銀凱基9B購05  ,0,0,0,0,0,0,0,0,0,-5000,0,0,0,4000,9000,-5000,-5000
063521,國巨凱基03購01  ,0,0,0,0,0,0,0,0,0,-5000,0,0,0,0,5000,-5000,-5000
063911,大立光凱基9C購03,0,0,0,0,0,0,0,0,0,-5000,0,0,0,8000,13000,-5000,-5000
063756,鴻海統一9B購09  ,0,0,0,0,0,0,0,0,0,-5000,0,0,0,0,5000,-5000,-5000
063891,國巨群益9C購07  ,0,0,0,0,0,0,0,0,0,-5000,0,0,0,6000,11000,-5000,-5000
061634,遠東新元大9A購01,0,0,0,0,0,0,0,0,0,-5000,0,0,0,0,5000,-5000,-5000
061595,智易永豐9A購02  ,0,0,0,0,0,0,0,0,0,-5000,0,0,0,0,5000,-5000,-5000
060729,國巨群益9A購05  ,0,0,0,0,0,0,0,0,0,-5000,0,0,0,0,5000,-5000,-5000
068002,玉晶光元大01購10,0,0,0,0,0,0,0,0,0,-5000,0,0,0,0,5000,-5000,-5000
068045,滬深2X統一03購01,0,0,0,0,0,0,0,0,0,-5000,0,0,0,0,5000,-5000,-5000
068051,玉晶光統一03購01,0,0,0,0,0,0,0,0,0,-5000,0,0,0,0,5000,-5000,-5000
068190,台積電凱基01購20,0,0,0,0,0,0,0,0,0,-5000,0,0,0,5000,10000,-5000,-5000
068246,台積電元大01購38,0,0,0,0,0,0,0,0,0,-5000,0,0,0,0,5000,-5000,-5000
067797,臺股指群益01購09,0,0,0,0,0,0,0,0,0,-5000,0,0,0,0,5000,-5000,-5000
067849,瀚宇博元富04購01,0,0,0,0,0,0,0,0,0,-5000,0,0,0,2000,7000,-5000,-5000
067579,道瓊銀群益01購03,0,0,0,0,0,0,0,0,0,-5000,0,0,0,0,5000,-5000,-5000
067543,臻鼎群益01購01  ,0,0,0,0,0,0,0,0,0,-5000,0,0,0,25000,30000,-5000,-5000
067395,金像電永豐01購04,0,0,0,0,0,0,0,0,0,-5000,0,0,0,0,5000,-5000,-5000
067348,元金2X群益01購01,0,0,0,0,0,0,0,0,0,-5000,0,0,0,0,5000,-5000,-5000
067042,旺宏凱基01購02  ,0,0,0,0,0,0,0,0,0,-5000,0,0,0,0,5000,-5000,-5000
066765,揚明光永豐01購01,0,0,0,0,0,0,0,0,0,-5000,0,0,0,32000,37000,-5000,-5000
066859,華擎國票02購01  ,0,0,0,0,0,0,0,0,0,-5000,0,0,0,0,5000,-5000,-5000
065957,華擎統一03購02  ,0,0,0,0,0,0,0,0,0,-5000,0,0,0,0,5000,-5000,-5000
066146,昇陽半群益01購02,0,0,0,0,0,0,0,0,0,-5000,0,0,0,0,5000,-5000,-5000
06597P,國巨富邦9A售05  ,0,0,0,0,0,0,0,0,0,-5000,0,0,0,41000,46000,-5000,-5000
066104,鎧勝國票02購01  ,0,0,0,0,0,0,0,0,0,-5000,0,0,0,180000,185000,-5000,-5000
066120,臺指反群益02購02,0,0,0,0,0,0,0,0,0,-5000,0,0,0,0,5000,-5000,-5000
066133,京元電群益01購01,0,0,0,0,0,0,0,0,0,-5000,0,0,0,10000,15000,-5000,-5000
4552,力達-KY         ,4000,7000,-3000,0,0,0,0,0,0,-2000,0,2000,-2000,0,0,0,-5000
4722,國精化          ,5000,16000,-11000,0,0,0,0,0,0,6000,6000,0,6000,0,0,0,-5000
4737,華廣            ,6000,11000,-5000,0,0,0,0,0,0,0,0,0,0,0,0,0,-5000
4148,全宇生技-KY     ,0,5000,-5000,0,0,0,0,0,0,0,0,0,0,0,0,0,-5000
1464,得力            ,114000,104000,10000,0,0,0,0,0,0,-15000,0,0,0,13000,28000,-15000,-5000
064206,鴻海凱基03購02  ,0,0,0,0,0,0,0,0,0,-6000,0,0,0,0,6000,-6000,-6000
064173,國產元富9C購01  ,0,0,0,0,0,0,0,0,0,-6000,0,0,0,0,6000,-6000,-6000
1108,幸福            ,30000,36000,-6000,0,0,0,0,0,0,0,0,0,0,0,0,0,-6000
08689P,高股息中信01售01,0,0,0,0,0,0,0,0,0,-6000,0,0,0,0,6000,-6000,-6000
068492,聯發科元大01購29,0,0,0,0,0,0,0,0,0,-6000,0,0,0,138000,144000,-6000,-6000
068521,同欣電統一03購02,0,0,0,0,0,0,0,0,0,-6000,0,0,0,14000,20000,-6000,-6000
07114P,旺宏兆豐9A售01  ,0,0,0,0,0,0,0,0,0,-6000,0,0,0,79000,85000,-6000,-6000
07424P,大立光元大9B售01,0,0,0,0,0,0,0,0,0,-6000,0,0,0,0,6000,-6000,-6000
064940,智伸科元富9C購01,0,0,0,0,0,0,0,0,0,-6000,0,0,0,25000,31000,-6000,-6000
064739,智邦國票01購01  ,0,0,0,0,0,0,0,0,0,-6000,0,0,0,0,6000,-6000,-6000
064402,宏碁凱基01購01  ,0,0,0,0,0,0,0,0,0,-6000,0,0,0,30000,36000,-6000,-6000
07889P,旭富國票9B售01  ,0,0,0,0,0,0,0,0,0,-6000,0,0,0,64000,70000,-6000,-6000
03128P,玉晶光國泰03售04,0,0,0,0,0,0,0,0,0,-6000,0,0,0,20000,26000,-6000,-6000
03221P,和大凱基02售03  ,0,0,0,0,0,0,0,0,0,-6000,0,0,0,0,6000,-6000,-6000
03185P,台積電元大01售49,0,0,0,0,0,0,0,0,0,-6000,0,0,0,10000,16000,-6000,-6000
03235P,宏達電元大02售02,0,0,0,0,0,0,0,0,0,-6000,0,0,0,0,6000,-6000,-6000
03241P,聯電統一02售03  ,0,0,0,0,0,0,0,0,0,-6000,0,0,0,0,6000,-6000,-6000
059722,南亞科元大99購02,0,0,0,0,0,0,0,0,0,-6000,0,0,0,4000,10000,-6000,-6000
058405,訊連元大99購02  ,0,0,0,0,0,0,0,0,0,-6000,0,0,0,96000,102000,-6000,-6000
056384,玉晶光國泰9A購02,0,0,0,0,0,0,0,0,0,-6000,0,0,0,0,6000,-6000,-6000
056428,台達電凱基99購01,0,0,0,0,0,0,0,0,0,-6000,0,0,0,14000,20000,-6000,-6000
057440,台積電統一98購10,0,0,0,0,0,0,0,0,0,-6000,0,0,0,1000,7000,-6000,-6000
059920,宏達電元大99購07,0,0,0,0,0,0,0,0,0,-6000,0,0,0,115000,121000,-6000,-6000
059230,滬深2X國票9B購02,0,0,0,0,0,0,0,0,0,-6000,0,0,0,0,6000,-6000,-6000
062899,鴻海元大9C購04  ,0,0,0,0,0,0,0,0,0,-6000,0,0,0,0,6000,-6000,-6000
057829,臺股指元大98購12,0,0,0,0,0,0,0,0,0,-6000,0,0,0,0,6000,-6000,-6000
058078,景碩國票99購01  ,0,0,0,0,0,0,0,0,0,-6000,0,0,0,91000,97000,-6000,-6000
057999,智邦亞東99購02  ,0,0,0,0,0,0,0,0,0,-6000,0,0,0,1000,7000,-6000,-6000
060762,長榮航元大9A購02,0,0,0,0,0,0,0,0,0,-6000,0,0,0,0,6000,-6000,-6000
063932,世芯統一01購01  ,0,0,0,0,0,0,0,0,0,-6000,0,0,0,2000,8000,-6000,-6000
063738,奇鋐元大9B購03  ,0,0,0,0,0,0,0,0,0,-6000,0,0,0,42000,48000,-6000,-6000
063815,玉晶光群益02購01,0,0,0,0,0,0,0,0,0,-6000,0,0,0,6000,12000,-6000,-6000
063509,超眾群益9B購03  ,0,0,0,0,0,0,0,0,0,-6000,0,0,0,0,6000,-6000,-6000
062604,東元凱基9B購01  ,0,0,0,0,0,0,0,0,0,-6000,0,0,0,0,6000,-6000,-6000
063245,富邦金元大9B購03,0,0,0,0,0,0,0,0,0,-6000,0,0,0,1000,7000,-6000,-6000
062314,玉晶光凱基9B購06,0,0,0,0,0,0,0,0,0,-6000,0,0,0,12000,18000,-6000,-6000
062310,南亞科凱基9B購02,0,0,0,0,0,0,0,0,0,-6000,0,0,0,9000,15000,-6000,-6000
063086,祥碩凱基9C購01  ,0,0,0,0,0,0,0,0,0,-6000,0,0,0,0,6000,-6000,-6000
061230,臺指反元大01購04,0,0,0,0,0,0,0,0,0,-6000,0,0,0,0,6000,-6000,-6000
065494,滬深2X富邦01購01,0,0,0,0,0,0,0,0,0,-6000,0,0,0,0,6000,-6000,-6000
065803,大立光群益01購03,0,0,0,0,0,0,0,0,0,-6000,0,0,0,0,6000,-6000,-6000
065842,技嘉元大9C購05  ,0,0,0,0,0,0,0,0,0,-6000,0,0,0,0,6000,-6000,-6000
065681,聯發科統一9C購17,0,0,0,0,0,0,0,0,0,-6000,0,0,0,11000,17000,-6000,-6000
067161,嘉澤國票02購01  ,0,0,0,0,0,0,0,0,0,-6000,0,0,0,0,6000,-6000,-6000
067185,宏達電凱基02購01,0,0,0,0,0,0,0,0,0,-6000,0,0,0,74000,80000,-6000,-6000
067612,超眾凱基02購03  ,0,0,0,0,0,0,0,0,0,-6000,0,0,0,0,6000,-6000,-6000
067877,T50反1群益01購07,0,0,0,0,0,0,0,0,0,-6000,0,0,0,0,6000,-6000,-6000
067781,SP黃豆群益01購02,0,0,0,0,0,0,0,0,0,-6000,0,0,0,0,6000,-6000,-6000
068179,致茂群益02購01  ,0,0,0,0,0,0,0,0,0,-6000,0,0,0,0,6000,-6000,-6000
068207,日月光凱基01購02,0,0,0,0,0,0,0,0,0,-6000,0,0,0,72000,78000,-6000,-6000
1521,大億            ,3000,9000,-6000,0,0,0,0,0,0,0,0,0,0,0,0,0,-6000
1614,三洋電          ,6000,12000,-6000,0,0,0,0,0,0,0,0,0,0,0,0,0,-6000
2030,彰源            ,11000,17000,-6000,0,0,0,0,0,0,0,0,0,0,0,0,0,-6000
2032,新鋼            ,1000,4000,-3000,0,0,0,0,0,0,-3000,0,3000,-3000,0,0,0,-6000
3057,喬鼎            ,2000,8000,-6000,0,0,0,0,0,0,0,0,0,0,0,0,0,-6000
2611,志信            ,1000,7000,-6000,0,0,0,0,0,0,0,0,0,0,0,0,0,-6000
5515,建國            ,9000,15000,-6000,0,0,0,0,0,0,0,0,0,0,0,0,0,-6000
07294P,滬深2X元富9C售08,0,0,0,0,0,0,0,0,0,-7000,0,0,0,0,7000,-7000,-7000
07067P,旺宏台新99售02  ,0,0,0,0,0,0,0,0,0,-7000,0,0,0,114000,121000,-7000,-7000
07001P,國巨元大99售12  ,0,0,0,0,0,0,0,0,0,-7000,0,0,0,0,7000,-7000,-7000
07009P,臺股指中信9B售01,0,0,0,0,0,0,0,0,0,-7000,0,0,0,0,7000,-7000,-7000
068518,大立光統一01購10,0,0,0,0,0,0,0,0,0,-7000,0,0,0,0,7000,-7000,-7000
1432,大魯閣          ,0,7000,-7000,0,0,0,0,0,0,0,0,0,0,0,0,0,-7000
064588,玉晶光永豐9C購05,0,0,0,0,0,0,0,0,0,-7000,0,0,0,1000,8000,-7000,-7000
058156,超眾統一9A購02  ,0,0,0,0,0,0,0,0,0,-7000,0,0,0,0,7000,-7000,-7000
062906,全新元大9B購03  ,0,0,0,0,0,0,0,0,0,-7000,0,0,0,161000,168000,-7000,-7000
060714,晶技永豐9A購02  ,0,0,0,0,0,0,0,0,0,-7000,0,0,0,27000,34000,-7000,-7000
059973,A50正2元大99購02,0,0,0,0,0,0,0,0,0,-7000,0,0,0,0,7000,-7000,-7000
058977,SGBR2X凱基03購01,0,0,0,0,0,0,0,0,0,-7000,0,0,0,54000,61000,-7000,-7000
059075,FBVIX元大99購01 ,0,0,0,0,0,0,0,0,0,-7000,0,0,0,0,7000,-7000,-7000
058592,聯發科統一9C購01,0,0,0,0,0,0,0,0,0,-7000,0,0,0,4000,11000,-7000,-7000
058553,合勤控永豐99購01,0,0,0,0,0,0,0,0,0,-7000,0,0,0,0,7000,-7000,-7000
058371,智原凱基9A購01  ,0,0,0,0,0,0,0,0,0,-7000,0,0,0,5000,12000,-7000,-7000
059732,超眾元大9A購01  ,0,0,0,0,0,0,0,0,0,-7000,0,0,0,0,7000,-7000,-7000
03154P,華新科群益01售07,0,0,0,0,0,0,0,0,0,-7000,0,0,0,0,7000,-7000,-7000
00709,富邦歐洲        ,0,0,0,0,0,0,0,0,0,-7000,0,0,0,103000,110000,-7000,-7000
065373,聯發科元大01購03,0,0,0,0,0,0,0,0,0,-7000,0,0,0,0,7000,-7000,-7000
065173,可成元大9C購10  ,0,0,0,0,0,0,0,0,0,-7000,0,0,0,1000,8000,-7000,-7000
061959,鴻海統一9B購04  ,0,0,0,0,0,0,0,0,0,-7000,0,0,0,202000,209000,-7000,-7000
061074,儒鴻兆豐9B購01  ,0,0,0,0,0,0,0,0,0,-7000,0,0,0,0,7000,-7000,-7000
063394,金像電群益9B購01,0,0,0,0,0,0,0,0,0,-7000,0,0,0,1000,8000,-7000,-7000
063402,GIS群益9B購02   ,0,0,0,0,0,0,0,0,0,-7000,0,0,0,49000,56000,-7000,-7000
063019,聯發科元大9C購01,0,0,0,0,0,0,0,0,0,-7000,0,0,0,0,7000,-7000,-7000
060896,晶技凱基9A購02  ,0,0,0,0,0,0,0,0,0,-7000,0,0,0,67000,74000,-7000,-7000
062311,奇力新凱基9B購01,0,0,0,0,0,0,0,0,0,-7000,0,0,0,0,7000,-7000,-7000
062501,台積電群益9C購03,0,0,0,0,0,0,0,0,0,-7000,0,0,0,0,7000,-7000,-7000
062548,智易永豐9B購01  ,0,0,0,0,0,0,0,0,0,-7000,0,0,0,0,7000,-7000,-7000
063721,道瓊銀元大9B購03,0,0,0,0,0,0,0,0,0,-7000,0,0,0,5000,12000,-7000,-7000
063722,遠東新元大9B購02,0,0,0,0,0,0,0,0,0,-7000,0,0,0,23000,30000,-7000,-7000
068145,台積電元大01購35,0,0,0,0,0,0,0,0,0,-7000,0,0,0,270000,277000,-7000,-7000
067608,嘉澤凱基01購02  ,0,0,0,0,0,0,0,0,0,-7000,0,0,0,3000,10000,-7000,-7000
067586,奇鋐群益01購02  ,0,0,0,0,0,0,0,0,0,-7000,0,0,0,4000,11000,-7000,-7000
065642,台積電元大9C購13,0,0,0,0,0,0,0,0,0,-7000,0,0,0,0,7000,-7000,-7000
066061,超眾元大01購04  ,0,0,0,0,0,0,0,0,0,-7000,0,0,0,0,7000,-7000,-7000
066145,昇陽半群益01購01,0,0,0,0,0,0,0,0,0,-7000,0,0,0,0,7000,-7000,-7000
066857,大立光國票02購02,0,0,0,0,0,0,0,0,0,-7000,0,0,0,100000,107000,-7000,-7000
066895,台勝科兆豐01購01,0,0,0,0,0,0,0,0,0,-7000,0,0,0,13000,20000,-7000,-7000
066943,FBVIX元大04購01 ,0,0,0,0,0,0,0,0,0,-7000,0,0,0,0,7000,-7000,-7000
066357,昇陽半永豐01購01,0,0,0,0,0,0,0,0,0,-7000,0,0,0,0,7000,-7000,-7000
066593,奇鋐群益01購01  ,0,0,0,0,0,0,0,0,0,-7000,0,0,0,50000,57000,-7000,-7000
4912,聯德控股-KY     ,126000,150000,-24000,0,0,0,0,0,0,17000,17000,0,17000,0,0,0,-7000
4989,榮科            ,3000,0,3000,0,0,0,0,0,0,-10000,0,10000,-10000,0,0,0,-7000
5007,三星            ,16000,21000,-5000,0,0,0,0,0,0,-2000,0,2000,-2000,0,0,0,-7000
2832,台產            ,8000,14000,-6000,0,0,0,0,0,0,-1000,0,1000,-1000,0,0,0,-7000
2882B,國泰金乙特      ,0,0,0,0,0,0,0,0,0,-7000,3000,0,3000,0,10000,-10000,-7000
1615,大山            ,6000,13000,-7000,0,0,0,0,0,0,0,0,0,0,0,0,0,-7000
1456,怡華            ,5000,9000,-4000,0,0,0,0,0,0,-3000,0,3000,-3000,0,0,0,-7000
064538,鈺齊國票01購01  ,0,0,0,0,0,0,0,0,0,-8000,0,0,0,0,8000,-8000,-8000
064056,GIS統一01購02   ,0,0,0,0,0,0,0,0,0,-8000,0,0,0,0,8000,-8000,-8000
064183,聯茂富邦01購01  ,0,0,0,0,0,0,0,0,0,-8000,0,0,0,0,8000,-8000,-8000
065075,葡萄王元大01購01,0,0,0,0,0,0,0,0,0,-8000,0,0,0,0,8000,-8000,-8000
08939P,緯穎元大01售06  ,0,0,0,0,0,0,0,0,0,-8000,0,0,0,0,8000,-8000,-8000
08828P,上証2X群益01售05,0,0,0,0,0,0,0,0,0,-8000,0,0,0,2000,10000,-8000,-8000
08542P,台勝科國票02售01,0,0,0,0,0,0,0,0,0,-8000,0,0,0,20000,28000,-8000,-8000
08333P,大立光富邦02售03,0,0,0,0,0,0,0,0,0,-8000,0,0,0,0,8000,-8000,-8000
08447P,緯穎永豐9C售02  ,0,0,0,0,0,0,0,0,0,-8000,0,0,0,85000,93000,-8000,-8000
068438,大立光凱基01購11,0,0,0,0,0,0,0,0,0,-8000,0,0,0,0,8000,-8000,-8000
068256,彩晶元大03購01  ,0,0,0,0,0,0,0,0,0,-8000,0,0,0,116000,124000,-8000,-8000
06922P,元上證群益9C售01,0,0,0,0,0,0,0,0,0,-8000,0,0,0,2000,10000,-8000,-8000
068621,國巨群益02購03  ,0,0,0,0,0,0,0,0,0,-8000,0,0,0,0,8000,-8000,-8000
07127P,精元元大99售01  ,0,0,0,0,0,0,0,0,0,-8000,0,0,0,35000,43000,-8000,-8000
07791P,奇鋐元大9A售02  ,0,0,0,0,0,0,0,0,0,-8000,0,0,0,2000,10000,-8000,-8000
064930,南六統一02購02  ,0,0,0,0,0,0,0,0,0,-8000,0,0,0,2000,10000,-8000,-8000
053095,台光電統一98購01,0,0,0,0,0,0,0,0,0,-8000,0,0,0,0,8000,-8000,-8000
03020P,大立光群益01售11,0,0,0,0,0,0,0,0,0,-8000,0,0,0,12000,20000,-8000,-8000
059648,台表科凱基99購03,0,0,0,0,0,0,0,0,0,-8000,0,0,0,0,8000,-8000,-8000
059637,大立光凱基01購01,0,0,0,0,0,0,0,0,0,-8000,0,0,0,50000,58000,-8000,-8000
058345,台光電群益99購03,0,0,0,0,0,0,0,0,0,-8000,0,0,0,0,8000,-8000,-8000
058589,群創中信01購01  ,0,0,0,0,0,0,0,0,0,-8000,0,0,0,53000,61000,-8000,-8000
059884,鴻海國票99購09  ,0,0,0,0,0,0,0,0,0,-8000,0,0,0,0,8000,-8000,-8000
059008,鈺齊元大99購03  ,0,0,0,0,0,0,0,0,0,-8000,0,0,0,51000,59000,-8000,-8000
059086,國巨元大99購18  ,0,0,0,0,0,0,0,0,0,-8000,0,0,0,0,8000,-8000,-8000
059425,SGBR2X元大9A購02,0,0,0,0,0,0,0,0,0,-8000,0,0,0,2000,10000,-8000,-8000
059506,滬深2X永豐99購04,0,0,0,0,0,0,0,0,0,-8000,0,0,0,0,8000,-8000,-8000
058111,健鼎元富98購01  ,0,0,0,0,0,0,0,0,0,-8000,0,0,0,0,8000,-8000,-8000
057961,茂林元大9A購01  ,0,0,0,0,0,0,0,0,0,-8000,0,0,0,89000,97000,-8000,-8000
057947,和碩國票99購01  ,0,0,0,0,0,0,0,0,0,-8000,0,0,0,0,8000,-8000,-8000
063734,可成元大9B購04  ,0,0,0,0,0,0,0,0,0,-8000,0,0,0,1000,9000,-8000,-8000
063615,瑞祺群益9B購03  ,0,0,0,0,0,0,0,0,0,-8000,0,0,0,0,8000,-8000,-8000
063912,信邦凱基01購01  ,0,0,0,0,0,0,0,0,0,-8000,0,0,0,2000,10000,-8000,-8000
063967,華新科國票01購01,0,0,0,0,0,0,0,0,0,-8000,0,0,0,10000,18000,-8000,-8000
062338,鴻海麥證9B購01  ,0,0,0,0,8000,-8000,0,0,0,-8000,0,0,0,0,8000,-8000,-8000
063213,智伸科國票9C購01,0,0,0,0,0,0,0,0,0,-8000,0,0,0,0,8000,-8000,-8000
063208,鈺齊統一9C購01  ,0,0,0,0,0,0,0,0,0,-8000,0,0,0,0,8000,-8000,-8000
063319,神達群益9B購01  ,0,0,0,0,0,0,0,0,0,-8000,0,0,0,7000,15000,-8000,-8000
062797,瑞昱統一9B購01  ,0,0,0,0,0,0,0,0,0,-8000,0,0,0,5000,13000,-8000,-8000
061822,和潤群益9B購01  ,0,0,0,0,0,0,0,0,0,-8000,0,0,0,0,8000,-8000,-8000
063056,嘉澤統一9C購02  ,0,0,0,0,0,0,0,0,0,-8000,0,0,0,12000,20000,-8000,-8000
063379,帆宣永豐9B購01  ,0,0,0,0,0,0,0,0,0,-8000,0,0,0,20000,28000,-8000,-8000
061236,台積電元大9A購24,0,0,0,0,0,0,0,0,0,-8000,0,0,0,5000,13000,-8000,-8000
065189,台郡統一9C購03  ,0,0,0,0,0,0,0,0,0,-8000,0,0,0,0,8000,-8000,-8000
060555,台表科凱基9A購03,0,0,0,0,0,0,0,0,0,-8000,0,0,0,0,8000,-8000,-8000
066425,創意元大01購03  ,0,0,0,0,0,0,0,0,0,-8000,0,0,0,72000,80000,-8000,-8000
066938,敦泰國票02購01  ,0,0,0,0,0,0,0,0,0,-8000,0,0,0,98000,106000,-8000,-8000
066264,金像電元大01購01,0,0,0,0,0,0,0,0,0,-8000,0,0,0,25000,33000,-8000,-8000
065809,同欣電群益9C購03,0,0,0,0,0,0,0,0,0,-8000,0,0,0,0,8000,-8000,-8000
065921,GIS凱基01購02   ,0,0,0,0,0,0,0,0,0,-8000,0,0,0,1000,9000,-8000,-8000
067423,南亞科凱基02購01,0,0,0,0,0,0,0,0,0,-8000,0,0,0,2000,10000,-8000,-8000
067238,大立光群益02購03,0,0,0,0,0,0,0,0,0,-8000,0,0,0,0,8000,-8000,-8000
067114,京鼎群益02購04  ,0,0,0,0,0,0,0,0,0,-8000,0,0,0,0,8000,-8000,-8000
067653,可成元富07購03  ,0,0,0,0,0,0,0,0,0,-8000,0,0,0,63000,71000,-8000,-8000
067899,玉晶光群益02購13,0,0,0,0,0,0,0,0,0,-8000,0,0,0,27000,35000,-8000,-8000
067924,台積電兆豐03購03,0,0,0,0,0,0,0,0,0,-8000,0,0,0,122000,130000,-8000,-8000
2022,聚亨            ,5000,13000,-8000,0,0,0,0,0,0,0,0,0,0,0,0,0,-8000
4763,材料-KY         ,4000,6000,-2000,0,0,0,0,0,0,-6000,0,6000,-6000,0,0,0,-8000
6672,騰輝電子-KY     ,12000,20000,-8000,0,0,0,0,0,0,0,0,0,0,0,0,0,-8000
9924,福興            ,8000,21000,-13000,0,0,0,0,0,0,5000,5000,0,5000,0,0,0,-8000
9942,茂順            ,7000,21000,-14000,0,0,0,0,0,0,6000,6000,0,6000,0,0,0,-8000
064800,鴻海元大9C購12  ,0,0,0,0,0,0,0,0,0,-9000,0,0,0,0,9000,-9000,-9000
08165P,台表科永豐9B售02,0,0,0,0,0,0,0,0,0,-9000,0,0,0,11000,20000,-9000,-9000
08417P,聯發科元大9C售12,0,0,0,0,0,0,0,0,0,-9000,0,0,0,35000,44000,-9000,-9000
065152,燿華群益9C購02  ,0,0,0,0,0,0,0,0,0,-9000,0,0,0,0,9000,-9000,-9000
064289,台郡元大9C購01  ,0,0,0,0,0,0,0,0,0,-9000,0,0,0,8000,17000,-9000,-9000
06453P,群創元大9B售02  ,0,0,0,0,0,0,0,0,0,-9000,0,0,0,25000,34000,-9000,-9000
057930,旺宏群益99購04  ,0,0,0,0,0,0,0,0,0,-9000,0,0,0,10000,19000,-9000,-9000
057835,華擎元富9B購01  ,0,0,0,0,0,0,0,0,0,-9000,0,0,0,3000,12000,-9000,-9000
060709,緯穎富邦9B購01  ,0,0,0,0,0,0,0,0,0,-9000,0,0,0,1000,10000,-9000,-9000
060169,群電永豐9A購01  ,0,0,0,0,0,0,0,0,0,-9000,0,0,0,20000,29000,-9000,-9000
059297,大立光元富9C購01,0,0,0,0,0,0,0,0,0,-9000,0,0,0,128000,137000,-9000,-9000
060402,神隆國泰9B購01  ,0,0,0,0,0,0,0,0,0,-9000,0,0,0,248000,257000,-9000,-9000
060306,台肥永豐9A購01  ,0,0,0,0,0,0,0,0,0,-9000,0,0,0,1000,10000,-9000,-9000
059164,旺宏凱基99購06  ,0,0,0,0,0,0,0,0,0,-9000,0,0,0,1000,10000,-9000,-9000
058995,台達電元大99購01,0,0,0,0,0,0,0,0,0,-9000,0,0,0,11000,20000,-9000,-9000
059959,訊芯康和99購01  ,0,0,0,0,0,0,0,0,0,-9000,0,0,0,2000,11000,-9000,-9000
053805,奇鋐凱基98購02  ,0,0,0,0,0,0,0,0,0,-9000,0,0,0,1000,10000,-9000,-9000
01002T,土銀國泰R1      ,0,9000,-9000,0,0,0,0,0,0,0,0,0,0,0,0,0,-9000
065335,玉晶光台新9C購03,0,0,0,0,0,0,0,0,0,-9000,0,0,0,31000,40000,-9000,-9000
061222,台灣50中信9A購02,0,0,0,0,0,0,0,0,0,-9000,0,0,0,1000,10000,-9000,-9000
061348,聯鈞元大9A購05  ,0,0,0,0,0,0,0,0,0,-9000,0,0,0,0,9000,-9000,-9000
061391,晶技群益9A購02  ,0,0,0,0,0,0,0,0,0,-9000,0,0,0,71000,80000,-9000,-9000
060940,國巨國票9B購03  ,0,0,0,0,0,0,0,0,0,-9000,0,0,0,4000,13000,-9000,-9000
063837,亞德客元大01購01,0,0,0,0,0,0,0,0,0,-9000,0,0,0,79000,88000,-9000,-9000
067988,台積電元大01購30,0,0,0,0,0,0,0,0,0,-9000,0,0,0,0,9000,-9000,-9000
066979,國巨群益01購04  ,0,0,0,0,0,0,0,0,0,-9000,0,0,0,1000,10000,-9000,-9000
067008,康舒永豐01購01  ,0,0,0,0,0,0,0,0,0,-9000,0,0,0,724000,733000,-9000,-9000
066950,義隆元大01購03  ,30000,0,30000,0,0,0,0,0,0,-39000,0,0,0,642000,681000,-39000,-9000
066920,華擎麥證01購01  ,0,0,0,0,9000,-9000,0,0,0,-9000,0,0,0,0,9000,-9000,-9000
066657,滬深2X凱基04購01,0,0,0,0,0,0,0,0,0,-9000,0,0,0,6000,15000,-9000,-9000
066579,臺股指元大01購08,0,0,0,0,0,0,0,0,0,-9000,0,0,0,1000,10000,-9000,-9000
066602,滬深2X富邦03購01,0,0,0,0,0,0,0,0,0,-9000,0,0,0,0,9000,-9000,-9000
8462,柏文            ,17000,11000,6000,0,0,0,0,14000,-14000,-1000,0,1000,-1000,0,0,0,-9000
1618,合機            ,0,15000,-15000,0,0,0,0,0,0,6000,6000,0,6000,0,0,0,-9000
1537,廣隆            ,9000,18000,-9000,0,0,0,0,0,0,0,0,0,0,0,0,0,-9000
2427,三商電          ,2000,0,2000,0,0,0,0,0,0,-11000,0,11000,-11000,0,0,0,-9000
2727,王品            ,18000,22000,-4000,0,0,0,0,0,0,-5000,0,5000,-5000,0,0,0,-9000
2608,嘉里大榮        ,1000,10000,-9000,0,0,0,0,0,0,0,0,0,0,0,0,0,-9000
08287P,茂林凱基9C售02  ,0,0,0,0,0,0,0,0,0,-10000,0,0,0,10000,20000,-10000,-10000
064358,台達電統一01購02,0,0,0,0,0,0,0,0,0,-10000,0,0,0,0,10000,-10000,-10000
064335,可成元大9C購05  ,0,0,0,0,0,0,0,0,0,-10000,0,0,0,0,10000,-10000,-10000
06433P,大立光群益99售01,0,0,0,0,0,0,0,0,0,-10000,0,0,0,0,10000,-10000,-10000
064062,創意國泰01購01  ,0,0,0,0,0,0,0,0,0,-10000,0,0,0,0,10000,-10000,-10000
064118,喬山元大01購01  ,0,0,0,0,0,0,0,0,0,-10000,0,0,0,15000,25000,-10000,-10000
064521,群創群益02購01  ,0,0,0,0,0,0,0,0,0,-10000,0,0,0,10000,20000,-10000,-10000
064293,勤誠元大9C購01  ,0,0,0,0,0,0,0,0,0,-10000,0,0,0,0,10000,-10000,-10000
064199,南六群益01購01  ,0,0,0,0,0,0,0,0,0,-10000,0,0,0,0,10000,-10000,-10000
065045,信邦凱基9C購01  ,0,0,0,0,0,0,0,0,0,-10000,0,0,0,5000,15000,-10000,-10000
064518,華新科群益02購01,0,0,0,0,0,0,0,0,0,-10000,0,0,0,13000,23000,-10000,-10000
065058,東元群益9C購01  ,0,0,0,0,0,0,0,0,0,-10000,0,0,0,0,10000,-10000,-10000
065089,大立光元大9C購23,0,0,0,0,0,0,0,0,0,-10000,0,0,0,5000,15000,-10000,-10000
065117,臺股指國票9C購14,0,0,0,0,0,0,0,0,0,-10000,0,0,0,0,10000,-10000,-10000
08395P,燿華永豐9C售02  ,0,0,0,0,0,0,0,0,0,-10000,0,0,0,0,10000,-10000,-10000
08328P,國巨國票9C售07  ,0,0,0,0,0,0,0,0,0,-10000,0,0,0,0,10000,-10000,-10000
08363P,南亞科凱基01售01,0,0,0,0,0,0,0,0,0,-10000,0,0,0,20000,30000,-10000,-10000
08642P,華新科群益9C售06,0,0,0,0,0,0,0,0,0,-10000,0,0,0,150000,160000,-10000,-10000
08730P,緯穎永豐01售02  ,0,0,0,0,0,0,0,0,0,-10000,0,0,0,0,10000,-10000,-10000
08788P,A50正2元富01售03,0,0,0,0,0,0,0,0,0,-10000,0,0,0,0,10000,-10000,-10000
08751P,友達群益01售01  ,0,0,0,0,0,0,0,0,0,-10000,0,0,0,13000,23000,-10000,-10000
08741P,國巨凱基01售05  ,0,0,0,0,0,0,0,0,0,-10000,0,0,0,10000,20000,-10000,-10000
08781P,台灣50元大01售25,0,0,0,0,0,0,0,0,0,-10000,0,0,0,0,10000,-10000,-10000
08773P,瑞昱凱基01售01  ,0,0,0,0,0,0,0,0,0,-10000,0,0,0,5000,15000,-10000,-10000
08846P,上証2X群益03售03,0,0,0,0,0,0,0,0,0,-10000,0,0,0,0,10000,-10000,-10000
08919P,臺股指凱基01售10,0,0,0,0,0,0,0,0,0,-10000,0,0,0,40000,50000,-10000,-10000
08940P,聯發科第一01售01,0,0,0,0,0,0,0,0,0,-10000,0,0,0,0,10000,-10000,-10000
08941P,臺股指中信04售04,0,0,0,0,0,0,0,0,0,-10000,0,0,0,0,10000,-10000,-10000
08962P,大立光凱基03售05,0,0,0,0,0,0,0,0,0,-10000,0,0,0,0,10000,-10000,-10000
07904P,聯發科群益9B售05,0,0,0,0,0,0,0,0,0,-10000,0,0,0,10000,20000,-10000,-10000
07958P,華擎群益9B售01  ,0,0,0,0,0,0,0,0,0,-10000,0,0,0,0,10000,-10000,-10000
08000P,奇鋐凱基9B售03  ,0,0,0,0,0,0,0,0,0,-10000,0,0,0,0,10000,-10000,-10000
064447,喬山統一02購01  ,0,0,0,0,0,0,0,0,0,-10000,0,0,0,0,10000,-10000,-10000
08210P,健策元富9B售02  ,0,0,0,0,0,0,0,0,0,-10000,0,0,0,0,10000,-10000,-10000
064838,旭富統一01購01  ,0,0,0,0,0,0,0,0,0,-10000,0,0,0,0,10000,-10000,-10000
064769,漢翔中信9C購01  ,0,0,0,0,0,0,0,0,0,-10000,0,0,0,0,10000,-10000,-10000
064722,大立光統一02購03,0,0,0,0,0,0,0,0,0,-10000,0,0,0,0,10000,-10000,-10000
064687,國巨群益9C購10  ,0,0,0,0,0,0,0,0,0,-10000,0,0,0,0,10000,-10000,-10000
064688,國巨群益9C購11  ,0,0,0,0,0,0,0,0,0,-10000,0,0,0,0,10000,-10000,-10000
064896,華新科群益01購02,0,0,0,0,0,0,0,0,0,-10000,0,0,0,4000,14000,-10000,-10000
064989,鈺齊元大01購01  ,0,0,0,0,0,0,0,0,0,-10000,0,0,0,0,10000,-10000,-10000
07788P,華新科群益9A售08,0,0,0,0,0,0,0,0,0,-10000,0,0,0,0,10000,-10000,-10000
07848P,旺宏群益9B售01  ,0,0,0,0,0,0,0,0,0,-10000,0,0,0,0,10000,-10000,-10000
07737P,華通永豐9A售01  ,0,0,0,0,0,0,0,0,0,-10000,0,0,0,0,10000,-10000,-10000
07318P,鴻海凱基01售02  ,0,0,0,0,0,0,0,0,0,-10000,0,0,0,30000,40000,-10000,-10000
07408P,台積電兆豐99售06,0,0,0,0,0,0,0,0,0,-10000,0,0,0,0,10000,-10000,-10000
07479P,A50正2元富9A售03,0,0,0,0,0,0,0,0,0,-10000,0,0,0,0,10000,-10000,-10000
07637P,國巨國票9A售08  ,0,0,0,0,0,0,0,0,0,-10000,0,0,0,0,10000,-10000,-10000
07683P,宏達電凱基9A售03,0,0,0,0,0,0,0,0,0,-10000,0,0,0,0,10000,-10000,-10000
07627P,超眾凱基9A售02  ,0,0,0,0,0,0,0,0,0,-10000,0,0,0,0,10000,-10000,-10000
07630P,臺股指凱基9A售11,0,0,0,0,0,0,0,0,0,-10000,0,0,0,0,10000,-10000,-10000
07594P,大立光永豐9A售01,0,0,0,0,0,0,0,0,0,-10000,0,0,0,0,10000,-10000,-10000
07216P,大立光凱基99售08,0,0,0,0,0,0,0,0,0,-10000,0,0,0,0,10000,-10000,-10000
07274P,上証2X群益01售01,0,0,0,0,0,0,0,0,0,-10000,0,0,0,5000,15000,-10000,-10000
07113P,台積電兆豐99售03,0,0,0,0,0,0,0,0,0,-10000,0,0,0,0,10000,-10000,-10000
07024P,臺股指永豐99售02,0,0,0,0,0,0,0,0,0,-10000,0,0,0,0,10000,-10000,-10000
068675,聯電元富03購01  ,0,0,0,0,0,0,0,0,0,-10000,0,0,0,0,10000,-10000,-10000
068682,神達富邦03購01  ,0,0,0,0,0,0,0,0,0,-10000,0,0,0,2000,12000,-10000,-10000
068277,緯穎永豐01購03  ,0,0,0,0,0,0,0,0,0,-10000,0,0,0,0,10000,-10000,-10000
068281,A50反1中信01購01,0,0,0,0,0,0,0,0,0,-10000,0,0,0,0,10000,-10000,-10000
068320,國巨元大01購17  ,0,0,0,0,0,0,0,0,0,-10000,0,0,0,0,10000,-10000,-10000
06837P,上銀統一9A售02  ,0,0,0,0,0,0,0,0,0,-10000,0,0,0,0,10000,-10000,-10000
068483,聯電元大01購06  ,0,0,0,0,0,0,0,0,0,-10000,0,0,0,5000,15000,-10000,-10000
068508,世紀鋼元大01購05,0,0,0,0,0,0,0,0,0,-10000,0,0,0,30000,40000,-10000,-10000
068550,玉晶光群益03購01,0,0,0,0,0,0,0,0,0,-10000,0,0,0,0,10000,-10000,-10000
053185,友達中信99購01  ,0,0,0,0,0,0,0,0,0,-10000,0,0,0,0,10000,-10000,-10000
03041P,玉晶光國票03售03,0,0,0,0,0,0,0,0,0,-10000,0,0,0,10000,20000,-10000,-10000
03026P,國巨元大01售13  ,0,0,0,0,0,0,0,0,0,-10000,0,0,0,0,10000,-10000,-10000
03081P,華通元大01售06  ,0,0,0,0,0,0,0,0,0,-10000,0,0,0,0,10000,-10000,-10000
03662C,FBVIX凱基03牛01 ,0,0,0,0,0,0,0,0,0,-10000,0,0,0,70000,80000,-10000,-10000
046905,新光金凱基99購01,0,0,0,0,0,0,0,0,0,-10000,0,0,0,0,10000,-10000,-10000
047571,滬深2X群益99購01,0,0,0,0,0,0,0,0,0,-10000,0,0,0,0,10000,-10000,-10000
056851,瑞儀元富98購01  ,0,0,0,0,0,0,0,0,0,-10000,0,0,0,10000,20000,-10000,-10000
05748P,臺股指群益99售02,0,0,0,0,0,0,0,0,0,-10000,0,0,0,0,10000,-10000,-10000
03013X,元展13          ,0,0,0,0,0,0,0,0,0,-10000,0,0,0,0,10000,-10000,-10000
056994,緯穎兆豐98購02  ,0,0,0,0,0,0,0,0,0,-10000,0,0,0,0,10000,-10000,-10000
057102,亞光中信9A購01  ,0,0,0,0,0,0,0,0,0,-10000,0,0,0,0,10000,-10000,-10000
057116,鴻海日盛9A購01  ,0,0,0,0,0,0,0,0,0,-10000,0,0,0,480000,490000,-10000,-10000
057428,正崴兆豐98購01  ,0,0,0,0,0,0,0,0,0,-10000,0,0,0,0,10000,-10000,-10000
057390,台表科永豐98購01,0,0,0,0,0,0,0,0,0,-10000,0,0,0,0,10000,-10000,-10000
057388,奇鋐永豐98購02  ,0,0,0,0,0,0,0,0,0,-10000,0,0,0,0,10000,-10000,-10000
054040,中石化元大9C購01,0,0,0,0,0,0,0,0,0,-10000,0,0,0,0,10000,-10000,-10000
054058,晶豪科國票98購01,0,0,0,0,0,0,0,0,0,-10000,0,0,0,0,10000,-10000,-10000
053593,晶技元大98購01  ,0,0,0,0,0,0,0,0,0,-10000,0,0,0,0,10000,-10000,-10000
054371,台積電中信9C購01,0,0,0,0,0,0,0,0,0,-10000,0,0,0,0,10000,-10000,-10000
054309,禾伸堂凱基98購01,0,0,0,0,0,0,0,0,0,-10000,0,0,0,0,10000,-10000,-10000
054638,國泰金中信99購01,0,0,0,0,0,0,0,0,0,-10000,0,0,0,0,10000,-10000,-10000
055399,超眾統一99購01  ,0,0,0,0,0,0,0,0,0,-10000,0,0,0,10000,20000,-10000,-10000
055406,大毅國泰99購01  ,0,0,0,0,0,0,0,0,0,-10000,0,0,0,0,10000,-10000,-10000
055411,國巨富邦9A購02  ,0,0,0,0,0,0,0,0,0,-10000,0,0,0,0,10000,-10000,-10000
055336,茂林兆豐98購01  ,0,0,0,0,0,0,0,0,0,-10000,0,0,0,10000,20000,-10000,-10000
055305,旺宏群益99購01  ,0,0,0,0,0,0,0,0,0,-10000,0,0,0,10000,20000,-10000,-10000
056453,禾伸堂凱基99購02,0,0,0,0,0,0,0,0,0,-10000,0,0,0,0,10000,-10000,-10000
056346,聯茂凱基99購02  ,0,0,0,0,0,0,0,0,0,-10000,0,0,0,100000,110000,-10000,-10000
05631P,國巨富邦9A售01  ,0,0,0,0,0,0,0,0,0,-10000,0,0,0,0,10000,-10000,-10000
054780,中石化群益99購01,0,0,0,0,0,0,0,0,0,-10000,0,0,0,0,10000,-10000,-10000
054785,建準群益98購01  ,0,0,0,0,0,0,0,0,0,-10000,0,0,0,0,10000,-10000,-10000
055780,禾伸堂凱基99購01,0,0,0,0,0,0,0,0,0,-10000,0,0,0,0,10000,-10000,-10000
055892,國巨統一99購01  ,0,0,0,0,0,0,0,0,0,-10000,0,0,0,0,10000,-10000,-10000
057561,大立光兆豐98購02,0,0,0,0,0,0,0,0,0,-10000,0,0,0,0,10000,-10000,-10000
057600,大立光群益99購03,0,0,0,0,0,0,0,0,0,-10000,0,0,0,0,10000,-10000,-10000
058386,A50正2國票9B購01,0,0,0,0,0,0,0,0,0,-10000,0,0,0,0,10000,-10000,-10000
057500,神達群益98購01  ,0,0,0,0,0,0,0,0,0,-10000,0,0,0,0,10000,-10000,-10000
057535,泰鼎元大99購01  ,0,0,0,0,0,0,0,0,0,-10000,0,0,0,0,10000,-10000,-10000
056746,超眾凱基99購01  ,0,0,0,0,0,0,0,0,0,-10000,0,0,0,0,10000,-10000,-10000
056634,為升兆豐99購01  ,0,0,0,0,0,0,0,0,0,-10000,0,0,0,0,10000,-10000,-10000
059597,大立光元大99購21,0,0,0,0,0,0,0,0,0,-10000,0,0,0,0,10000,-10000,-10000
058414,大立光兆豐99購02,0,0,0,0,0,0,0,0,0,-10000,0,0,0,0,10000,-10000,-10000
059574,台表科凱基99購02,0,0,0,0,0,0,0,0,0,-10000,0,0,0,0,10000,-10000,-10000
058438,大立光統一9B購01,0,0,0,0,0,0,0,0,0,-10000,0,0,0,0,10000,-10000,-10000
059681,華新科國泰9B購02,0,0,0,0,0,0,0,0,0,-10000,0,0,0,17000,27000,-10000,-10000
059742,富邦金元富99購01,0,0,0,0,0,0,0,0,0,-10000,0,0,0,10000,20000,-10000,-10000
059766,同欣電永豐99購03,0,0,0,0,0,0,0,0,0,-10000,0,0,0,10000,20000,-10000,-10000
058468,聯茂中信99購02  ,0,0,0,0,0,0,0,0,0,-10000,0,0,0,0,10000,-10000,-10000
058533,玉晶光元富99購01,0,0,0,0,0,0,0,0,0,-10000,0,0,0,0,10000,-10000,-10000
058936,國喬中信99購01  ,0,0,0,0,0,0,0,0,0,-10000,0,0,0,10000,20000,-10000,-10000
058937,仁寶中信99購01  ,0,0,0,0,0,0,0,0,0,-10000,0,0,0,10000,20000,-10000,-10000
058909,神達元大99購03  ,0,0,0,0,0,0,0,0,0,-10000,0,0,0,0,10000,-10000,-10000
059161,鴻海凱基9A購09  ,0,0,0,0,0,0,0,0,0,-10000,0,0,0,0,10000,-10000,-10000
059127,國巨中信99購04  ,0,0,0,0,0,0,0,0,0,-10000,0,0,0,0,10000,-10000,-10000
059886,可成國票99購04  ,0,0,0,0,0,0,0,0,0,-10000,0,0,0,0,10000,-10000,-10000
060011,臺股指群益9C購06,0,0,0,0,0,0,0,0,0,-10000,0,0,0,0,10000,-10000,-10000
058653,光寶科中信9A購01,0,0,0,0,0,0,0,0,0,-10000,0,0,0,0,10000,-10000,-10000
058600,國巨元大99購15  ,0,0,0,0,0,0,0,0,0,-10000,0,0,0,0,10000,-10000,-10000
058560,T50反1凱基9A購04,0,0,0,0,0,0,0,0,0,-10000,0,0,0,0,10000,-10000,-10000
059848,智邦永豐99購01  ,0,0,0,0,0,0,0,0,0,-10000,0,0,0,0,10000,-10000,-10000
060266,潤泰全國票9A購01,0,0,0,0,0,0,0,0,0,-10000,0,0,0,0,10000,-10000,-10000
060376,瑞祺元富9A購01  ,0,0,0,0,0,0,0,0,0,-10000,0,0,0,10000,20000,-10000,-10000
06037P,超眾國票98售02  ,0,0,0,0,0,0,0,0,0,-10000,0,0,0,0,10000,-10000,-10000
060406,瑞祺國泰9B購01  ,0,0,0,0,0,0,0,0,0,-10000,0,0,0,0,10000,-10000,-10000
057794,T50反1兆豐99購02,0,0,0,0,0,0,0,0,0,-10000,0,0,0,0,10000,-10000,-10000
057768,華新科中信9A購01,0,0,0,0,0,0,0,0,0,-10000,0,0,0,0,10000,-10000,-10000
057685,台灣50凱基9C購01,0,0,0,0,0,0,0,0,0,-10000,0,0,0,52000,62000,-10000,-10000
059211,鴻海元大99購27  ,0,0,0,0,0,0,0,0,0,-10000,0,0,0,0,10000,-10000,-10000
059248,華新科凱基99購04,0,0,0,0,0,0,0,0,0,-10000,0,0,0,0,10000,-10000,-10000
059434,全新元大99購05  ,0,0,0,0,0,0,0,0,0,-10000,0,0,0,0,10000,-10000,-10000
060240,富邦金元大9A購01,0,0,0,0,0,0,0,0,0,-10000,0,0,0,0,10000,-10000,-10000
059533,富邦金凱基99購01,0,0,0,0,0,0,0,0,0,-10000,0,0,0,20000,30000,-10000,-10000
060705,台光電富邦9B購01,0,0,0,0,0,0,0,0,0,-10000,0,0,0,1000,11000,-10000,-10000
061501,嘉澤國票9A購01  ,0,0,0,0,0,0,0,0,0,-10000,0,0,0,0,10000,-10000,-10000
061505,力成國票9A購03  ,0,0,0,0,0,0,0,0,0,-10000,0,0,0,0,10000,-10000,-10000
061530,智邦台新9A購02  ,0,0,0,0,0,0,0,0,0,-10000,0,0,0,0,10000,-10000,-10000
060644,泰鼎永豐9A購02  ,0,0,0,0,0,0,0,0,0,-10000,0,0,0,0,10000,-10000,-10000
058315,TPK富邦9C購01   ,0,0,0,0,0,0,0,0,0,-10000,0,0,0,0,10000,-10000,-10000
062915,嘉澤元大9B購03  ,0,0,0,0,0,0,0,0,0,-10000,0,0,0,67000,77000,-10000,-10000
062880,大立光兆豐9B購02,0,0,0,0,0,0,0,0,0,-10000,0,0,0,0,10000,-10000,-10000
062882,新日興兆豐9C購01,0,0,0,0,0,0,0,0,0,-10000,0,0,0,0,10000,-10000,-10000
062873,國巨兆豐9C購01  ,0,0,0,0,0,0,0,0,0,-10000,0,0,0,0,10000,-10000,-10000
057842,緯穎富邦99購02  ,0,0,0,0,0,0,0,0,0,-10000,0,0,0,0,10000,-10000,-10000
058809,國巨統一9B購03  ,0,0,0,0,0,0,0,0,0,-10000,0,0,0,0,10000,-10000,-10000
058654,鴻海中信03購01  ,0,0,0,0,0,0,0,0,0,-10000,0,0,0,0,10000,-10000,-10000
058662,禾伸堂兆豐99購01,0,0,0,0,0,0,0,0,0,-10000,0,0,0,10000,20000,-10000,-10000
057957,嘉晶元大98購01  ,0,0,0,0,0,0,0,0,0,-10000,0,0,0,13000,23000,-10000,-10000
057965,臺股指元大98購14,0,0,0,0,0,0,0,0,0,-10000,0,0,0,0,10000,-10000,-10000
058136,景碩元大99購02  ,0,0,0,0,0,0,0,0,0,-10000,0,0,0,11000,21000,-10000,-10000
058100,聯茂國泰99購02  ,0,0,0,0,0,0,0,0,0,-10000,0,0,0,0,10000,-10000,-10000
058204,世芯凱基9A購01  ,0,0,0,0,0,0,0,0,0,-10000,0,0,0,0,10000,-10000,-10000
063752,瑞祺國票9C購01  ,0,0,0,0,0,0,0,0,0,-10000,0,0,0,0,10000,-10000,-10000
063517,遠東新凱基01購01,0,0,0,0,0,0,0,0,0,-10000,0,0,0,0,10000,-10000,-10000
061638,國泰金元大9A購03,0,0,0,0,0,0,0,0,0,-10000,0,0,0,0,10000,-10000,-10000
061643,嘉澤元大9A購05  ,0,0,0,0,0,0,0,0,0,-10000,0,0,0,3000,13000,-10000,-10000
060741,滬深2X國票9A購05,0,0,0,0,0,0,0,0,0,-10000,0,0,0,0,10000,-10000,-10000
060776,世芯凱基9B購01  ,0,0,0,0,0,0,0,0,0,-10000,0,0,0,0,10000,-10000,-10000
062993,華新科群益9B購05,0,0,0,0,0,0,0,0,0,-10000,0,0,0,1000,11000,-10000,-10000
061759,上証反元大02購01,0,0,0,0,0,0,0,0,0,-10000,0,0,0,0,10000,-10000,-10000
062764,世芯凱基9B購02  ,0,0,0,0,0,0,0,0,0,-10000,0,0,0,0,10000,-10000,-10000
062739,嘉晶國票9B購02  ,0,0,0,0,0,0,0,0,0,-10000,0,0,0,21000,31000,-10000,-10000
062658,聯茂第一9B購01  ,0,0,0,0,0,0,0,0,0,-10000,0,0,0,0,10000,-10000,-10000
063306,聯茂凱基9C購01  ,0,0,0,0,0,0,0,0,0,-10000,0,0,0,70000,80000,-10000,-10000
063349,台郡統一9C購01  ,0,0,0,0,0,0,0,0,0,-10000,0,0,0,0,10000,-10000,-10000
063261,康控富邦03購01  ,0,0,0,0,0,0,0,0,0,-10000,0,0,0,0,10000,-10000,-10000
063271,中磊兆豐9C購01  ,0,0,0,0,0,0,0,0,0,-10000,0,0,0,4000,14000,-10000,-10000
062373,泰鼎元大9B購01  ,0,0,0,0,0,0,0,0,0,-10000,0,0,0,0,10000,-10000,-10000
062444,大立光元大9C購01,0,0,0,0,0,0,0,0,0,-10000,0,0,0,0,10000,-10000,-10000
062425,可成統一01購01  ,0,0,0,0,0,0,0,0,0,-10000,0,0,0,0,10000,-10000,-10000
060942,智邦國票9A購02  ,0,0,0,0,0,0,0,0,0,-10000,0,0,0,0,10000,-10000,-10000
061850,國巨國票9C購02  ,0,0,0,0,0,0,0,0,0,-10000,0,0,0,0,10000,-10000,-10000
062054,鴻海統一9C購06  ,0,0,0,0,0,0,0,0,0,-10000,0,0,0,0,10000,-10000,-10000
063151,奇鋐元富9B購01  ,0,0,0,0,0,0,0,0,0,-10000,0,0,0,0,10000,-10000,-10000
061401,華擎兆豐9B購01  ,0,0,0,0,0,0,0,0,0,-10000,0,0,0,0,10000,-10000,-10000
061442,玉晶光永豐9A購07,0,0,0,0,0,0,0,0,0,-10000,0,0,0,0,10000,-10000,-10000
061367,瑞祺國票9A購01  ,0,0,0,0,0,0,0,0,0,-10000,0,0,0,0,10000,-10000,-10000
063099,臺指反群益9B購05,0,0,0,0,0,0,0,0,0,-10000,0,0,0,0,10000,-10000,-10000
063111,TPK兆豐9B購01   ,0,0,0,0,0,0,0,0,0,-10000,0,0,0,0,10000,-10000,-10000
061227,日月光中信9B購01,0,0,0,0,0,0,0,0,0,-10000,0,0,0,433000,443000,-10000,-10000
061169,GIS兆豐9A購01   ,0,0,0,0,0,0,0,0,0,-10000,0,0,0,0,10000,-10000,-10000
063369,聚陽永豐9B購01  ,0,0,0,0,0,0,0,0,0,-10000,0,0,0,334000,344000,-10000,-10000
063424,新日興凱基01購01,0,0,0,0,0,0,0,0,0,-10000,0,0,0,12000,22000,-10000,-10000
065297,旺宏統一02購01  ,0,0,0,0,0,0,0,0,0,-10000,0,0,0,0,10000,-10000,-10000
065345,台光電統一01購04,0,0,0,0,0,0,0,0,0,-10000,0,0,0,136000,146000,-10000,-10000
065463,大立光中信01購02,0,0,0,0,0,0,0,0,0,-10000,0,0,0,10000,20000,-10000,-10000
065415,台積電兆豐9C購05,0,0,0,0,0,0,0,0,0,-10000,0,0,0,0,10000,-10000,-10000
065475,聯發科元大01購04,0,0,0,0,0,0,0,0,0,-10000,0,0,0,0,10000,-10000,-10000
065556,旭富凱基9C購02  ,0,0,0,0,0,0,0,0,0,-10000,0,0,0,10000,20000,-10000,-10000
065591,道瓊反元大9C購05,0,0,0,0,0,0,0,0,0,-10000,0,0,0,0,10000,-10000,-10000
060521,鴻海中信01購03  ,0,0,0,0,0,0,0,0,0,-10000,0,0,0,0,10000,-10000,-10000
065203,FBVIX國票9C購01 ,0,0,0,0,0,0,0,0,0,-10000,0,0,0,0,10000,-10000,-10000
065236,旭富凱基9C購01  ,0,0,0,0,0,0,0,0,0,-10000,0,0,0,0,10000,-10000,-10000
065266,創意元大9C購05  ,0,0,0,0,0,0,0,0,0,-10000,0,0,0,0,10000,-10000,-10000
065282,國巨群益9C購14  ,0,0,0,0,0,0,0,0,0,-10000,0,0,0,0,10000,-10000,-10000
062019,嘉澤永豐9B購01  ,0,0,0,0,0,0,0,0,0,-10000,0,0,0,0,10000,-10000,-10000
060482,東元富邦9A購01  ,0,0,0,0,0,0,0,0,0,-10000,0,0,0,0,10000,-10000,-10000
060425,凌華永豐9A購01  ,0,0,0,0,0,0,0,0,0,-10000,0,0,0,0,10000,-10000,-10000
060443,滬深2X元大9A購03,0,0,0,0,0,0,0,0,0,-10000,0,0,0,0,10000,-10000,-10000
062127,台勝科統一01購02,0,0,0,0,0,0,0,0,0,-10000,0,0,0,0,10000,-10000,-10000
066489,京鼎元富04購01  ,0,0,0,0,0,0,0,0,0,-10000,0,0,0,20000,30000,-10000,-10000
066442,華碩群益01購01  ,0,0,0,0,0,0,0,0,0,-10000,0,0,0,0,10000,-10000,-10000
066409,勤誠凱基01購01  ,0,0,0,0,0,0,0,0,0,-10000,0,0,0,0,10000,-10000,-10000
066694,深中小群益03購01,0,0,0,0,0,0,0,0,0,-10000,0,0,0,101000,111000,-10000,-10000
066771,滬深2X富邦02購01,0,0,0,0,0,0,0,0,0,-10000,0,0,0,10000,20000,-10000,-10000
066784,滬深反中信03購01,0,0,0,0,0,0,0,0,0,-10000,0,0,0,0,10000,-10000,-10000
066780,上証反中信04購01,0,0,0,0,0,0,0,0,0,-10000,0,0,0,0,10000,-10000,-10000
066854,樺漢元大01購02  ,0,0,0,0,0,0,0,0,0,-10000,0,0,0,0,10000,-10000,-10000
066865,滬深2X元富01購02,0,0,0,0,0,0,0,0,0,-10000,0,0,0,0,10000,-10000,-10000
066882,A50正2永豐01購01,0,0,0,0,0,0,0,0,0,-10000,0,0,0,30000,40000,-10000,-10000
065922,鴻海麥證01購01  ,0,0,0,0,10000,-10000,0,0,0,-10000,0,0,0,0,10000,-10000,-10000
065875,創意群益9C購05  ,0,0,0,0,0,0,0,0,0,-10000,0,0,0,0,10000,-10000,-10000
065885,神達元富9C購01  ,0,0,0,0,0,0,0,0,0,-10000,0,0,0,50000,60000,-10000,-10000
065657,智邦富邦9C購01  ,0,0,0,0,0,0,0,0,0,-10000,0,0,0,0,10000,-10000,-10000
065708,中磊群益9C購01  ,0,0,0,0,0,0,0,0,0,-10000,0,0,0,30000,40000,-10000,-10000
066244,臺指反元大04購01,0,0,0,0,0,0,0,0,0,-10000,0,0,0,0,10000,-10000,-10000
066226,惠特國泰03購01  ,0,0,0,0,0,0,0,0,0,-10000,0,0,0,0,10000,-10000,-10000
066152,大立光麥證01購03,0,0,0,0,10000,-10000,0,0,0,-10000,0,0,0,0,10000,-10000,-10000
06701P,臺股指統一99售06,0,0,0,0,0,0,0,0,0,-10000,0,0,0,0,10000,-10000,-10000
067020,臺指反中信03購02,0,0,0,0,0,0,0,0,0,-10000,0,0,0,0,10000,-10000,-10000
06711P,臺股指台新99售08,0,0,0,0,0,0,0,0,0,-10000,0,0,0,0,10000,-10000,-10000
067097,為升群益01購01  ,0,0,0,0,0,0,0,0,0,-10000,0,0,0,0,10000,-10000,-10000
067182,鴻海凱基02購05  ,0,0,0,0,0,0,0,0,0,-10000,0,0,0,0,10000,-10000,-10000
067145,南港統一03購02  ,0,0,0,0,0,0,0,0,0,-10000,0,0,0,100000,110000,-10000,-10000
067437,瑞祺凱基02購02  ,0,0,0,0,0,0,0,0,0,-10000,0,0,0,0,10000,-10000,-10000
067382,康控統一03購02  ,0,0,0,0,0,0,0,0,0,-10000,0,0,0,0,10000,-10000,-10000
067573,滬深反群益02購01,0,0,0,0,0,0,0,0,0,-10000,0,0,0,0,10000,-10000,-10000
067544,超眾群益03購01  ,0,0,0,0,0,0,0,0,0,-10000,0,0,0,40000,50000,-10000,-10000
068193,順德凱基01購01  ,0,0,0,0,0,0,0,0,0,-10000,0,0,0,0,10000,-10000,-10000
067950,元金2X永豐01購02,0,0,0,0,0,0,0,0,0,-10000,0,0,0,0,10000,-10000,-10000
067852,大毅國票02購01  ,0,0,0,0,0,0,0,0,0,-10000,0,0,0,8000,18000,-10000,-10000
067859,滬深2X元大01購12,0,0,0,0,0,0,0,0,0,-10000,0,0,0,20000,30000,-10000,-10000
2495,普安            ,12000,8000,4000,0,0,0,0,0,0,-14000,0,14000,-14000,0,0,0,-10000
2887F,台新戊特二      ,0,0,0,0,0,0,0,0,0,-10000,0,10000,-10000,0,0,0,-10000
8374,羅昇            ,8000,18000,-10000,0,0,0,0,0,0,0,0,0,0,0,0,0,-10000
6541,泰福-KY         ,22000,32000,-10000,0,0,0,0,0,0,0,0,0,0,0,0,0,-10000
6166,凌華            ,37000,41000,-4000,0,0,0,0,0,0,-6000,0,6000,-6000,0,0,0,-10000
068474,義隆群益01購05  ,0,0,0,0,0,0,0,0,0,-11000,0,0,0,88000,99000,-11000,-11000
068352,台積電凱基01購22,0,0,0,0,0,0,0,0,0,-11000,0,0,0,10000,21000,-11000,-11000
068259,台灣50富邦03購04,0,0,0,0,0,0,0,0,0,-11000,0,0,0,20000,31000,-11000,-11000
068598,台積電凱基01購25,0,0,0,0,0,0,0,0,0,-11000,0,0,0,1000,12000,-11000,-11000
07021P,台積電富邦9C售02,0,0,0,0,0,0,0,0,0,-11000,0,0,0,0,11000,-11000,-11000
07579P,聯茂元大9A售01  ,0,0,0,0,0,0,0,0,0,-11000,0,0,0,22000,33000,-11000,-11000
064760,玉晶光凱基01購02,0,0,0,0,0,0,0,0,0,-11000,0,0,0,67000,78000,-11000,-11000
08176P,國巨元大9B售20  ,0,0,0,0,0,0,0,0,0,-11000,0,0,0,10000,21000,-11000,-11000
064884,台表科第一9C購01,0,0,0,0,0,0,0,0,0,-11000,0,0,0,0,11000,-11000,-11000
07996P,亞德客凱基9B售03,0,0,0,0,0,0,0,0,0,-11000,0,0,0,40000,51000,-11000,-11000
07903P,台積電群益9B售03,0,0,0,0,0,0,0,0,0,-11000,0,0,0,10000,21000,-11000,-11000
1225,福懋油          ,9000,20000,-11000,0,0,0,0,0,0,0,0,0,0,0,0,0,-11000
08802P,聯發科元大01售14,0,0,0,0,0,0,0,0,0,-11000,0,0,0,257000,268000,-11000,-11000
064486,聚陽元大9C購01  ,0,0,0,0,0,0,0,0,0,-11000,0,0,0,152000,163000,-11000,-11000
064495,南亞科元大9C購03,0,0,0,0,0,0,0,0,0,-11000,0,0,0,50000,61000,-11000,-11000
064037,寶成元大9C購02  ,0,0,0,0,0,0,0,0,0,-11000,0,0,0,20000,31000,-11000,-11000
057819,新日興元大99購01,0,0,0,0,0,0,0,0,0,-11000,0,0,0,0,11000,-11000,-11000
058761,欣興群益99購02  ,0,0,0,0,0,0,0,0,0,-11000,0,0,0,10000,21000,-11000,-11000
062832,嘉澤群益9B購02  ,0,0,0,0,0,0,0,0,0,-11000,0,0,0,13000,24000,-11000,-11000
060195,旭富元富9A購02  ,0,0,0,0,0,0,0,0,0,-11000,0,0,0,0,11000,-11000,-11000
059364,昇陽半永豐99購02,0,0,0,0,0,0,0,0,0,-11000,0,0,0,2000,13000,-11000,-11000
059359,精元永豐99購01  ,0,0,0,0,0,0,0,0,0,-11000,0,0,0,14000,25000,-11000,-11000
059116,晶豪科永豐99購01,0,0,0,0,0,0,0,0,0,-11000,0,0,0,39000,50000,-11000,-11000
058520,智易元大99購03  ,0,0,0,0,0,0,0,0,0,-11000,0,0,0,90000,101000,-11000,-11000
059820,南亞科凱基99購07,0,0,0,0,0,0,0,0,0,-11000,0,0,0,0,11000,-11000,-11000
055989,矽力元富9A購01  ,0,0,0,0,0,0,0,0,0,-11000,0,0,0,0,11000,-11000,-11000
057354,聯鈞統一99購03  ,0,0,0,0,0,0,0,0,0,-11000,0,0,0,80000,91000,-11000,-11000
03008P,玉晶光中信01售01,0,0,0,0,0,0,0,0,0,-11000,0,0,0,0,11000,-11000,-11000
03682C,臺股指凱基9C牛07,0,0,0,0,0,0,0,0,0,-11000,0,0,0,10000,21000,-11000,-11000
00689R,國泰20年美債反1 ,0,11000,-11000,0,0,0,0,0,0,0,0,0,0,150000,150000,0,-11000
006207,FH滬深          ,88000,21000,67000,0,0,0,0,0,0,-78000,0,0,0,41000,119000,-78000,-11000
060463,台積電元大9A購10,0,0,0,0,0,0,0,0,0,-11000,0,0,0,1000,12000,-11000,-11000
061967,旺宏統一01購04  ,0,0,0,0,0,0,0,0,0,-11000,0,0,0,0,11000,-11000,-11000
065484,康友元大9C購01  ,0,0,0,0,0,0,0,0,0,-11000,0,0,0,50000,61000,-11000,-11000
065397,宏達電群益9C購03,0,0,0,0,0,0,0,0,0,-11000,0,0,0,28000,39000,-11000,-11000
063167,同欣電永豐9B購03,0,0,0,0,0,0,0,0,0,-11000,0,0,0,0,11000,-11000,-11000
060931,GIS永豐9A購01   ,0,0,0,0,0,0,0,0,0,-11000,0,0,0,0,11000,-11000,-11000
062388,旭富國泰01購01  ,0,0,0,0,0,0,0,0,0,-11000,0,0,0,9000,20000,-11000,-11000
062734,臺指反國票9C購03,0,0,0,0,0,0,0,0,0,-11000,0,0,0,50000,61000,-11000,-11000
061794,國巨永豐9B購01  ,0,0,0,0,0,0,0,0,0,-11000,0,0,0,0,11000,-11000,-11000
063930,高鐵統一02購02  ,0,0,0,0,0,0,0,0,0,-11000,0,0,0,0,11000,-11000,-11000
063917,南六凱基02購01  ,0,0,0,0,0,0,0,0,0,-11000,0,0,0,88000,99000,-11000,-11000
063672,GIS統一9C購01   ,0,0,0,0,0,0,0,0,0,-11000,0,0,0,29000,40000,-11000,-11000
067804,旺宏凱基01購04  ,0,0,0,0,0,0,0,0,0,-11000,0,0,0,0,11000,-11000,-11000
067654,嘉晶元富07購03  ,0,0,0,0,0,0,0,0,0,-11000,0,0,0,71000,82000,-11000,-11000
067681,嘉澤元大01購05  ,0,0,0,0,0,0,0,0,0,-11000,0,0,0,16000,27000,-11000,-11000
067697,致茂國票02購01  ,0,0,0,0,0,0,0,0,0,-11000,0,0,0,79000,90000,-11000,-11000
067596,國巨凱基02購05  ,0,0,0,0,0,0,0,0,0,-11000,0,0,0,12000,23000,-11000,-11000
067158,T50反1國票02購02,0,0,0,0,0,0,0,0,0,-11000,0,0,0,0,11000,-11000,-11000
066961,超眾元大01購05  ,0,0,0,0,0,0,0,0,0,-11000,0,0,0,0,11000,-11000,-11000
5907,大洋-KY         ,1000,10000,-9000,0,0,0,0,0,0,-2000,0,2000,-2000,0,0,0,-11000
4540,全球傳動        ,20000,28000,-8000,0,0,0,0,0,0,-3000,0,3000,-3000,0,0,0,-11000
8482,商億-KY         ,69000,78000,-9000,0,0,0,0,0,0,-2000,0,2000,-2000,0,0,0,-11000
9188,精熙-DR         ,6000,17000,-11000,0,0,0,0,0,0,0,0,0,0,0,0,0,-11000
2477,美隆電          ,2000,19000,-17000,0,0,0,0,0,0,6000,6000,0,6000,0,0,0,-11000
2467,志聖            ,48000,58000,-10000,0,0,0,0,0,0,-1000,0,1000,-1000,0,0,0,-11000
2468,華經            ,0,11000,-11000,0,0,0,0,0,0,0,0,0,0,0,0,0,-11000
1558,伸興            ,4000,18000,-14000,0,0,0,0,0,0,3000,3000,0,3000,0,0,0,-11000
1529,樂士            ,9000,20000,-11000,0,0,0,0,0,0,0,0,0,0,0,0,0,-11000
08310P,南電凱基9C售01  ,0,0,0,0,0,0,0,0,0,-12000,0,0,0,0,12000,-12000,-12000
064381,道瓊銀國泰02購01,0,0,0,0,0,0,0,0,0,-12000,0,0,0,0,12000,-12000,-12000
064147,瑞昱統一01購04  ,0,0,0,0,0,0,0,0,0,-12000,0,0,0,33000,45000,-12000,-12000
08729P,創意永豐01售01  ,0,0,0,0,0,0,0,0,0,-12000,0,0,0,128000,140000,-12000,-12000
08219P,上銀凱基9B售08  ,0,0,0,0,0,0,0,0,0,-12000,0,0,0,0,12000,-12000,-12000
064813,祥碩元大9C購05  ,0,0,0,0,0,0,0,0,0,-12000,0,0,0,29000,41000,-12000,-12000
065007,群創國票01購01  ,0,0,0,0,0,0,0,0,0,-12000,0,0,0,0,12000,-12000,-12000
068377,京元電永豐01購03,0,0,0,0,0,0,0,0,0,-12000,0,0,0,8000,20000,-12000,-12000
068460,健策國票03購02  ,0,0,0,0,0,0,0,0,0,-12000,0,0,0,8000,20000,-12000,-12000
068544,台積電兆豐03購04,0,0,0,0,0,0,0,0,0,-12000,0,0,0,0,12000,-12000,-12000
00771,元大US高息特別股,0,0,0,0,0,0,0,0,0,-12000,0,0,0,223000,235000,-12000,-12000
052220,T50反1凱基98購01,0,0,0,0,0,0,0,0,0,-12000,0,0,0,0,12000,-12000,-12000
052412,上証2X中信98購01,0,0,0,0,0,0,0,0,0,-12000,0,0,0,0,12000,-12000,-12000
059689,南亞科永豐99購02,0,0,0,0,0,0,0,0,0,-12000,0,0,0,42000,54000,-12000,-12000
059140,大立光兆豐9A購02,0,0,0,0,0,0,0,0,0,-12000,0,0,0,28000,40000,-12000,-12000
059489,上証2X國票9A購01,0,0,0,0,0,0,0,0,0,-12000,0,0,0,11000,23000,-12000,-12000
058701,鴻海元大99購16  ,0,0,0,0,0,0,0,0,0,-12000,0,0,0,0,12000,-12000,-12000
058841,深中小群益01購01,0,0,0,0,0,0,0,0,0,-12000,0,0,0,114000,126000,-12000,-12000
058182,日電貿國泰9A購01,0,0,0,0,0,0,0,0,0,-12000,0,0,0,0,12000,-12000,-12000
057877,神達元大99購01  ,0,0,0,0,0,0,0,0,0,-12000,0,0,0,0,12000,-12000,-12000
063454,瑞儀統一9B購01  ,0,0,0,0,0,0,0,0,0,-12000,0,0,0,26000,38000,-12000,-12000
063460,智邦元大9B購08  ,0,0,0,0,0,0,0,0,0,-12000,0,0,0,108000,120000,-12000,-12000
062736,漢唐國票9B購01  ,0,0,0,0,0,0,0,0,0,-12000,0,0,0,22000,34000,-12000,-12000
062591,新日興統一9C購01,0,0,0,0,0,0,0,0,0,-12000,0,0,0,0,12000,-12000,-12000
063340,英業達統一9B購01,0,0,0,0,0,0,0,0,0,-12000,0,0,0,0,12000,-12000,-12000
061886,力山國泰01購01  ,0,0,0,0,0,0,0,0,0,-12000,0,0,0,62000,74000,-12000,-12000
063050,葡萄王統一01購01,0,0,0,0,0,0,0,0,0,-12000,0,0,0,0,12000,-12000,-12000
063038,富邦金凱基9B購02,0,0,0,0,0,0,0,0,0,-12000,0,0,0,1000,13000,-12000,-12000
061455,京元電凱基9B購01,0,0,0,0,0,0,0,0,0,-12000,0,0,0,0,12000,-12000,-12000
065414,立積永豐9C購01  ,0,0,0,0,0,0,0,0,0,-12000,0,0,0,40000,52000,-12000,-12000
062138,力成群益9B購01  ,0,0,0,0,0,0,0,0,0,-12000,0,0,0,0,12000,-12000,-12000
065272,聯茂元大9C購05  ,0,0,0,0,0,0,0,0,0,-12000,0,0,0,68000,80000,-12000,-12000
066987,旭富群益01購01  ,0,0,0,0,0,0,0,0,0,-12000,0,0,0,85000,97000,-12000,-12000
067569,台積電麥證01購10,0,0,0,18000,30000,-12000,0,0,0,-12000,0,0,0,18000,30000,-12000,-12000
066170,聯陽凱基01購01  ,0,0,0,0,0,0,0,0,0,-12000,0,0,0,57000,69000,-12000,-12000
066262,華碩元大01購02  ,0,0,0,0,0,0,0,0,0,-12000,0,0,0,89000,101000,-12000,-12000
066113,金像電兆豐01購01,0,0,0,0,0,0,0,0,0,-12000,0,0,0,0,12000,-12000,-12000
065978,臻鼎元大02購01  ,0,0,0,0,0,0,0,0,0,-12000,0,0,0,115000,127000,-12000,-12000
065880,訊芯群益9C購01  ,0,0,0,0,0,0,0,0,0,-12000,0,0,0,259000,271000,-12000,-12000
066905,台積電凱基03購03,0,0,0,0,0,0,0,0,0,-12000,0,0,0,21000,33000,-12000,-12000
066525,創意統一03購01  ,0,0,0,0,0,0,0,0,0,-12000,0,0,0,0,12000,-12000,-12000
1721,三晃            ,2000,13000,-11000,0,0,0,0,0,0,-1000,0,1000,-1000,0,0,0,-12000
2707,晶華            ,54000,6000,48000,0,0,0,0,50000,-50000,-10000,0,10000,-10000,0,0,0,-12000
9136,巨騰-DR         ,21000,33000,-12000,0,0,0,0,0,0,0,0,0,0,0,0,0,-12000
068293,國巨兆豐01購03  ,0,0,0,0,0,0,0,0,0,-13000,0,0,0,0,13000,-13000,-13000
08205P,智邦凱基9B售03  ,0,0,0,0,0,0,0,0,0,-13000,0,0,0,7000,20000,-13000,-13000
08785P,滬深2X元富01售04,0,0,0,0,0,0,0,0,0,-13000,0,0,0,110000,123000,-13000,-13000
1321,大洋            ,2000,13000,-11000,0,0,0,0,0,0,-2000,0,2000,-2000,0,0,0,-13000
064504,玉晶光元大01購02,0,0,0,0,0,0,0,0,0,-13000,0,0,0,9000,22000,-13000,-13000
064620,大立光元大01購03,0,0,0,0,0,0,0,0,0,-13000,0,0,0,0,13000,-13000,-13000
057980,聯詠永豐98購01  ,0,0,0,0,0,0,0,0,0,-13000,0,0,0,0,13000,-13000,-13000
058011,台虹國票99購01  ,0,0,0,0,0,0,0,0,0,-13000,0,0,0,0,13000,-13000,-13000
058673,華新科群益9A購02,0,0,0,0,0,0,0,0,0,-13000,0,0,0,1000,14000,-13000,-13000
057838,台郡國泰99購01  ,0,0,0,0,0,0,0,0,0,-13000,0,0,0,3000,16000,-13000,-13000
061499,嘉晶國票9A購03  ,0,0,0,0,0,0,0,0,0,-13000,0,0,0,24000,37000,-13000,-13000
057638,上銀元大99購01  ,0,0,0,0,0,0,0,0,0,-13000,0,0,0,0,13000,-13000,-13000
059189,國泰金富邦9B購01,0,0,0,0,0,0,0,0,0,-13000,0,0,0,0,13000,-13000,-13000
059954,華新科康和99購01,0,0,0,0,0,0,0,0,0,-13000,0,0,0,18000,31000,-13000,-13000
059911,國巨元大99購27  ,0,0,0,0,0,0,0,0,0,-13000,0,0,0,12000,25000,-13000,-13000
059647,超眾凱基99購04  ,0,0,0,0,0,0,0,0,0,-13000,0,0,0,0,13000,-13000,-13000
057447,智邦元富02購01  ,0,0,0,0,0,0,0,0,0,-13000,0,0,0,8000,21000,-13000,-13000
03006P,華通永豐01售01  ,0,0,0,0,0,0,0,0,0,-13000,0,0,0,0,13000,-13000,-13000
03177P,國巨群益01售12  ,0,0,0,0,0,0,0,0,0,-13000,0,0,0,0,13000,-13000,-13000
056910,超眾元大99購02  ,0,0,0,0,0,0,0,0,0,-13000,0,0,0,0,13000,-13000,-13000
065218,世芯國泰02購02  ,0,0,0,0,0,0,0,0,0,-13000,0,0,0,0,13000,-13000,-13000
061972,華新元大9B購01  ,0,0,0,0,0,0,0,0,0,-13000,0,0,0,40000,53000,-13000,-13000
060449,元金2X元大9A購02,0,0,0,0,0,0,0,0,0,-13000,0,0,0,0,13000,-13000,-13000
061437,燿華凱基9A購01  ,0,0,0,0,0,0,0,0,0,-13000,0,0,0,12000,25000,-13000,-13000
063045,國巨兆豐9C購02  ,0,0,0,0,0,0,0,0,0,-13000,0,0,0,0,13000,-13000,-13000
063025,超眾元大9B購01  ,0,0,0,0,0,0,0,0,0,-13000,0,0,0,0,13000,-13000,-13000
061878,茂林元大9B購01  ,0,0,0,0,0,0,0,0,0,-13000,0,0,0,78000,91000,-13000,-13000
062519,元金2X元大9B購03,0,0,0,0,0,0,0,0,0,-13000,0,0,0,0,13000,-13000,-13000
062767,GIS凱基9B購02   ,0,0,0,0,0,0,0,0,0,-13000,0,0,0,23000,36000,-13000,-13000
066730,致茂元大01購01  ,0,0,0,0,0,0,0,0,0,-13000,0,0,0,47000,60000,-13000,-13000
065856,中租元大9C購03  ,0,0,0,0,0,0,0,0,0,-13000,0,0,0,0,13000,-13000,-13000
065808,力成群益9C購02  ,0,0,0,0,0,0,0,0,0,-13000,0,0,0,0,13000,-13000,-13000
065652,超眾元大01購02  ,0,0,0,0,0,0,0,0,0,-13000,0,0,0,0,13000,-13000,-13000
065653,同欣電元大03購01,0,0,0,0,0,0,0,0,0,-13000,0,0,0,208000,221000,-13000,-13000
066162,泰豐凱基01購01  ,0,0,0,0,0,0,0,0,0,-13000,0,0,0,39000,52000,-13000,-13000
067109,晶豪科群益01購01,0,0,0,0,0,0,0,0,0,-13000,0,0,0,10000,23000,-13000,-13000
068183,彩晶群益03購02  ,0,0,0,0,0,0,0,0,0,-13000,0,0,0,55000,68000,-13000,-13000
5234,達興材料        ,5000,17000,-12000,0,0,0,0,0,0,-1000,0,1000,-1000,0,0,0,-13000
2705,六福            ,4000,17000,-13000,0,0,0,0,0,0,0,0,0,0,0,0,0,-13000
3013,晟銘電          ,1000,3000,-2000,0,0,0,0,0,0,-11000,0,11000,-11000,0,0,0,-13000
4137,麗豐-KY         ,31000,34000,-3000,0,0,0,0,0,0,-10000,0,0,0,7000,17000,-10000,-13000
064389,台泥永豐9C購01  ,0,0,0,0,0,0,0,0,0,-14000,0,0,0,0,14000,-14000,-14000
064126,聯發科元大9C購05,0,0,0,0,0,0,0,0,0,-14000,0,0,0,10000,24000,-14000,-14000
08621P,景碩群益9C售01  ,0,0,0,0,0,0,0,0,0,-14000,0,0,0,21000,35000,-14000,-14000
068470,台積電群益01購20,0,0,0,0,0,0,0,0,0,-14000,0,0,0,0,14000,-14000,-14000
068641,神達凱基03購01  ,0,0,0,0,0,0,0,0,0,-14000,0,0,0,2000,16000,-14000,-14000
03214P,技嘉群益02售02  ,0,0,0,0,0,0,0,0,0,-14000,0,0,0,0,14000,-14000,-14000
058488,華擎國票9A購01  ,0,0,0,0,0,0,0,0,0,-14000,0,0,0,0,14000,-14000,-14000
057764,台表科凱基9A購01,0,0,0,0,0,0,0,0,0,-14000,0,0,0,6000,20000,-14000,-14000
062932,滬深2X凱基01購01,0,0,0,0,0,0,0,0,0,-14000,0,0,0,257000,271000,-14000,-14000
063548,同欣電兆豐9B購01,0,0,0,0,0,0,0,0,0,-14000,0,0,0,176000,190000,-14000,-14000
063877,鴻海元富9C購01  ,0,0,0,0,0,0,0,0,0,-14000,0,0,0,0,14000,-14000,-14000
062002,鴻海國泰01購01  ,0,0,0,0,0,0,0,0,0,-14000,0,0,0,14000,28000,-14000,-14000
065458,立積元富03購02  ,0,0,0,0,0,0,0,0,0,-14000,0,0,0,44000,58000,-14000,-14000
068144,台積電元大01購33,0,0,0,0,0,0,0,0,0,-14000,0,0,0,1000,15000,-14000,-14000
068148,台積電元大02購07,0,0,0,0,0,0,0,0,0,-14000,0,0,0,380000,394000,-14000,-14000
068138,道瓊銀元大01購03,0,0,0,0,0,0,0,0,0,-14000,0,0,0,1000,15000,-14000,-14000
067692,鈺齊元大01購02  ,0,0,0,0,0,0,0,0,0,-14000,0,0,0,17000,31000,-14000,-14000
067778,A50群益01購01   ,0,0,0,0,0,0,0,0,0,-14000,0,0,0,4000,18000,-14000,-14000
067796,臺股指群益01購08,0,0,0,0,0,0,0,0,0,-14000,0,0,0,19000,33000,-14000,-14000
067937,玉晶光凱基02購04,0,0,0,0,0,0,0,0,0,-14000,0,0,0,139000,153000,-14000,-14000
067933,微星凱基02購04  ,0,0,0,0,0,0,0,0,0,-14000,0,0,0,11000,25000,-14000,-14000
067218,鎧勝元大01購04  ,0,0,0,0,0,0,0,0,0,-14000,0,0,0,420000,434000,-14000,-14000
066028,嘉澤群益01購01  ,0,0,0,0,0,0,0,0,0,-14000,0,0,0,5000,19000,-14000,-14000
065776,鴻海國泰03購01  ,0,0,0,0,0,0,0,0,0,-14000,0,0,0,34000,48000,-14000,-14000
1608,華榮            ,54000,68000,-14000,0,0,0,0,0,0,0,0,0,0,0,0,0,-14000
4545,銘鈺            ,10000,25000,-15000,0,0,0,0,0,0,1000,1000,0,1000,0,0,0,-14000
06878P,台灣50日盛9B售01,0,0,0,0,0,0,0,0,0,-15000,0,0,0,0,15000,-15000,-15000
068681,新唐國泰03購01  ,0,0,0,0,0,0,0,0,0,-15000,0,0,0,0,15000,-15000,-15000
06929P,鴻海元大99售11  ,0,0,0,0,0,0,0,0,0,-15000,0,0,0,0,15000,-15000,-15000
07342P,大立光凱基99售14,0,0,0,0,0,0,0,0,0,-15000,0,0,0,25000,40000,-15000,-15000
068519,群創統一03購01  ,0,0,0,0,0,0,0,0,0,-15000,0,0,0,0,15000,-15000,-15000
068563,宏碁元大01購05  ,0,0,0,0,0,0,0,0,0,-15000,0,0,0,17000,32000,-15000,-15000
08193P,同欣電國票9C售02,0,0,0,0,0,0,0,0,0,-15000,0,0,0,60000,75000,-15000,-15000
065013,矽創國泰02購01  ,0,0,0,0,0,0,0,0,0,-15000,0,0,0,743000,758000,-15000,-15000
064947,台積電凱基01購08,0,0,0,0,0,0,0,0,0,-15000,0,0,0,0,15000,-15000,-15000
1338,廣華-KY         ,21000,36000,-15000,0,0,0,0,0,0,0,0,0,0,0,0,0,-15000
08937P,大立光元大01售14,0,0,0,0,0,0,0,0,0,-15000,0,0,0,0,15000,-15000,-15000
064315,創意群益9C購01  ,0,0,0,0,0,0,0,0,0,-15000,0,0,0,1000,16000,-15000,-15000
062937,旺宏凱基9B購08  ,0,0,0,0,0,0,0,0,0,-15000,0,0,0,0,15000,-15000,-15000
062869,帆宣中信9B購01  ,0,0,0,0,0,0,0,0,0,-15000,0,0,0,10000,25000,-15000,-15000
062203,燿華國票9C購01  ,0,0,0,0,0,0,0,0,0,-15000,0,0,0,0,15000,-15000,-15000
061518,達方永豐9A購02  ,0,0,0,0,0,0,0,0,0,-15000,0,0,0,60000,75000,-15000,-15000
061498,大立光國票9A購10,0,0,0,0,0,0,0,0,0,-15000,0,0,0,0,15000,-15000,-15000
058681,大立光康和9B購01,0,0,0,0,0,0,0,0,0,-15000,0,0,0,0,15000,-15000,-15000
058012,鈺齊國票99購01  ,0,0,0,0,0,0,0,0,0,-15000,0,0,0,0,15000,-15000,-15000
057645,華新科元大99購11,0,0,0,0,0,0,0,0,0,-15000,0,0,0,0,15000,-15000,-15000
060360,南亞科元富9A購02,0,0,0,0,0,0,0,0,0,-15000,0,0,0,66000,81000,-15000,-15000
059832,超眾康和99購01  ,0,0,0,0,0,0,0,0,0,-15000,0,0,0,0,15000,-15000,-15000
058892,元油2X元大9C購08,0,0,0,0,0,0,0,0,0,-15000,0,0,0,0,15000,-15000,-15000
058487,晶技國票9A購01  ,0,0,0,0,0,0,0,0,0,-15000,0,0,0,21000,36000,-15000,-15000
056688,聯詠統一98購01  ,0,0,0,0,0,0,0,0,0,-15000,0,0,0,30000,45000,-15000,-15000
055439,台表科國票98購02,0,0,0,0,0,0,0,0,0,-15000,0,0,0,0,15000,-15000,-15000
055615,宏達電國票99購02,0,0,0,0,0,0,0,0,0,-15000,0,0,0,0,15000,-15000,-15000
054533,泰碩國泰98購01  ,0,0,0,0,0,0,0,0,0,-15000,0,0,0,0,15000,-15000,-15000
03144P,台積電國票01售09,0,0,0,0,0,0,0,0,0,-15000,0,0,0,103000,118000,-15000,-15000
03063P,臺股指凱基04售03,0,0,0,0,0,0,0,0,0,-15000,0,0,0,100000,115000,-15000,-15000
065467,臺指反元大03購03,0,0,0,0,0,0,0,0,0,-15000,0,0,0,0,15000,-15000,-15000
065418,緯創國票01購01  ,0,0,0,0,0,0,0,0,0,-15000,0,0,0,1000,16000,-15000,-15000
062160,南六凱基9B購01  ,0,0,0,0,0,0,0,0,0,-15000,0,0,0,10000,25000,-15000,-15000
062110,華擎國票9B購01  ,0,0,0,0,0,0,0,0,0,-15000,0,0,0,0,15000,-15000,-15000
062068,滬深2X元大9B購02,0,0,0,0,0,0,0,0,0,-15000,0,0,0,0,15000,-15000,-15000
063053,聯發科統一01購04,0,0,0,0,0,0,0,0,0,-15000,0,0,0,0,15000,-15000,-15000
061403,滬深2X國票9A購06,0,0,0,0,0,0,0,0,0,-15000,0,0,0,0,15000,-15000,-15000
061077,國巨兆豐9B購01  ,0,0,0,0,0,0,0,0,0,-15000,0,0,0,20000,35000,-15000,-15000
063363,鴻海富邦9B購02  ,0,0,0,0,0,0,0,0,0,-15000,0,0,0,0,15000,-15000,-15000
062983,緯穎元富9B購01  ,0,0,0,0,0,0,0,0,0,-15000,0,0,0,44000,59000,-15000,-15000
063698,上銀群益9B購05  ,0,0,0,0,0,0,0,0,0,-15000,0,0,0,20000,35000,-15000,-15000
062568,緯穎中信9C購01  ,0,0,0,0,0,0,0,0,0,-15000,0,0,0,0,15000,-15000,-15000
061800,泰鼎永豐9B購01  ,0,0,0,0,0,0,0,0,0,-15000,0,0,0,16000,31000,-15000,-15000
063180,台塑凱基9B購01  ,0,0,0,0,0,0,0,0,0,-15000,0,0,0,0,15000,-15000,-15000
063342,台光電統一9B購02,0,0,0,0,0,0,0,0,0,-15000,0,0,0,98000,113000,-15000,-15000
063286,嘉澤元大9B購04  ,0,0,0,0,0,0,0,0,0,-15000,0,0,0,7000,22000,-15000,-15000
063217,元金2X群益9B購03,0,15000,-15000,0,0,0,0,0,0,0,0,0,0,15000,15000,0,-15000
066198,華碩統一03購01  ,0,0,0,0,0,0,0,0,0,-15000,0,0,0,400000,415000,-15000,-15000
066659,燿華凱基03購01  ,0,0,0,0,0,0,0,0,0,-15000,0,0,0,0,15000,-15000,-15000
066797,台積電凱基02購09,0,0,0,0,0,0,0,0,0,-15000,0,0,0,0,15000,-15000,-15000
066608,國巨麥證01購03  ,0,0,0,5000,20000,-15000,0,0,0,-15000,0,0,0,5000,20000,-15000,-15000
066321,華碩永豐01購01  ,0,0,0,0,0,0,0,0,0,-15000,0,0,0,75000,90000,-15000,-15000
067267,台積電富邦05購03,0,0,0,0,0,0,0,0,0,-15000,0,0,0,0,15000,-15000,-15000
067590,茂林群益01購01  ,0,0,0,0,0,0,0,0,0,-15000,0,0,0,0,15000,-15000,-15000
068188,T50反1凱基04購02,0,0,0,0,0,0,0,0,0,-15000,0,0,0,0,15000,-15000,-15000
6605,帝寶            ,5000,20000,-15000,0,0,0,0,0,0,0,0,0,0,0,0,0,-15000
2459,敦吉            ,4000,15000,-11000,0,0,0,0,0,0,-4000,0,4000,-4000,0,0,0,-15000
2443,億麗            ,1000,16000,-15000,0,0,0,0,0,0,0,0,0,0,0,0,0,-15000
3563,牧德            ,51000,53000,-2000,0,0,0,0,10000,-10000,-3000,0,2000,-2000,1000,2000,-1000,-15000
065127,世芯永豐9C購03  ,0,0,0,0,0,0,0,0,0,-16000,0,0,0,2000,18000,-16000,-16000
065095,玉晶光元大02購02,0,0,0,0,0,0,0,0,0,-16000,0,0,0,67000,83000,-16000,-16000
08766P,臺股指中信03售03,0,0,0,0,0,0,0,0,0,-16000,0,0,0,26000,42000,-16000,-16000
068548,台積電群益01購22,0,0,0,0,0,0,0,0,0,-16000,0,0,0,10000,26000,-16000,-16000
068667,聯電統一03購05  ,0,0,0,0,0,0,0,0,0,-16000,0,0,0,0,16000,-16000,-16000
03102P,臺股指凱基03售08,0,0,0,0,0,0,0,0,0,-16000,0,0,0,10000,26000,-16000,-16000
056496,康控國泰99購01  ,0,0,0,0,0,0,0,0,0,-16000,0,0,0,0,16000,-16000,-16000
057548,微星凱基99購01  ,0,0,0,0,0,0,0,0,0,-16000,0,0,0,12000,28000,-16000,-16000
058847,國巨群益99購05  ,0,0,0,0,0,0,0,0,0,-16000,0,0,0,34000,50000,-16000,-16000
058849,奇力新群益99購02,0,0,0,0,0,0,0,0,0,-16000,0,0,0,0,16000,-16000,-16000
057613,瑞昱元富02購02  ,0,0,0,0,0,0,0,0,0,-16000,0,0,0,1000,17000,-16000,-16000
058248,聯茂元大99購05  ,0,0,0,0,0,0,0,0,0,-16000,0,0,0,136000,152000,-16000,-16000
062319,南六凱基9B購02  ,0,0,0,0,0,0,0,0,0,-16000,0,0,0,85000,101000,-16000,-16000
062806,世芯統一02購01  ,0,0,0,0,0,0,0,0,0,-16000,0,0,0,0,16000,-16000,-16000
063958,瑞祺元大9C購01  ,0,0,0,0,0,0,0,0,0,-16000,0,0,0,13000,29000,-16000,-16000
063892,旺宏群益01購01  ,0,0,0,0,0,0,0,0,0,-16000,0,0,0,0,16000,-16000,-16000
063568,高鐵元大9B購01  ,0,0,0,0,0,0,0,0,0,-16000,0,0,0,0,16000,-16000,-16000
064007,嘉澤凱基02購01  ,0,0,0,0,0,0,0,0,0,-16000,0,0,0,3000,19000,-16000,-16000
064008,日月光凱基9C購01,0,0,0,0,0,0,0,0,0,-16000,0,0,0,164000,180000,-16000,-16000
063525,廣達凱基9B購02  ,0,0,0,0,0,0,0,0,0,-16000,0,0,0,86000,102000,-16000,-16000
061194,聯鈞永豐9A購02  ,0,0,0,0,0,0,0,0,0,-16000,0,0,0,0,16000,-16000,-16000
061400,可成兆豐9B購02  ,0,0,0,0,0,0,0,0,0,-16000,0,0,0,21000,37000,-16000,-16000
061906,統一中信9B購01  ,0,0,0,0,0,0,0,0,0,-16000,0,0,0,0,16000,-16000,-16000
062140,元金2X國票9B購03,0,0,0,0,0,0,0,0,0,-16000,0,0,0,0,16000,-16000,-16000
068189,國巨凱基04購03  ,0,0,0,0,0,0,0,0,0,-16000,0,0,0,0,16000,-16000,-16000
067471,台積電元大01購26,0,0,0,0,0,0,0,0,0,-16000,0,0,0,9000,25000,-16000,-16000
067430,中工凱基05購01  ,0,0,0,0,0,0,0,0,0,-16000,0,0,0,1000,17000,-16000,-16000
066449,瀚宇博群益01購01,0,0,0,0,0,0,0,0,0,-16000,0,0,0,5000,21000,-16000,-16000
066573,瑞祺元大01購02  ,0,0,0,0,0,0,0,0,0,-16000,0,0,0,300000,316000,-16000,-16000
3535,晶彩科          ,62000,73000,-11000,0,0,0,0,0,0,-5000,0,5000,-5000,0,0,0,-16000
2380,虹光            ,1000,17000,-16000,0,0,0,0,0,0,0,0,0,0,0,0,0,-16000
1528,恩德            ,4000,19000,-15000,0,0,0,0,0,0,-1000,0,1000,-1000,0,0,0,-16000
1503,士電            ,16000,18000,-2000,0,0,0,0,0,0,-14000,0,14000,-14000,0,0,0,-16000
8070,長華*           ,13000,29000,-16000,0,0,0,0,0,0,0,0,0,0,0,0,0,-16000
8422,可寧衛          ,10000,32000,-22000,0,0,0,0,0,0,6000,6000,0,6000,0,0,0,-16000
6183,關貿            ,15000,11000,4000,0,0,0,0,0,0,-20000,0,17000,-17000,0,3000,-3000,-16000
07563P,台灣50中信04售01,0,0,0,0,0,0,0,0,0,-17000,0,0,0,7000,24000,-17000,-17000
068384,聯電統一03購02  ,0,0,0,0,0,0,0,0,0,-17000,0,0,0,8000,25000,-17000,-17000
064785,康友群益9C購01  ,0,0,0,0,0,0,0,0,0,-17000,0,0,0,0,17000,-17000,-17000
08728P,緯穎群益01售01  ,0,0,0,0,0,0,0,0,0,-17000,0,0,0,0,17000,-17000,-17000
08489P,臺股指群益9C售20,0,0,0,0,0,0,0,0,0,-17000,0,0,0,0,17000,-17000,-17000
061482,健策元大9C購01  ,0,0,0,0,0,0,0,0,0,-17000,0,0,0,3000,20000,-17000,-17000
062236,信邦凱基9B購01  ,0,0,0,0,0,0,0,0,0,-17000,0,0,0,39000,56000,-17000,-17000
062863,聯茂國票9B購01  ,0,0,0,0,0,0,0,0,0,-17000,0,0,0,0,17000,-17000,-17000
060248,日月光元大9A購01,0,0,0,0,0,0,0,0,0,-17000,0,0,0,0,17000,-17000,-17000
058406,聯茂元大99購06  ,0,0,0,0,0,0,0,0,0,-17000,0,0,0,0,17000,-17000,-17000
058348,台表科群益99購01,0,0,0,0,0,0,0,0,0,-17000,0,0,0,0,17000,-17000,-17000
03103P,聯發科元富01售02,0,0,0,0,0,0,0,0,0,-17000,0,0,0,46000,63000,-17000,-17000
03101P,GIS凱基01售04   ,0,0,0,0,0,0,0,0,0,-17000,0,0,0,0,17000,-17000,-17000
03011P,臺股指富邦01售01,0,0,0,0,0,0,0,0,0,-17000,0,0,0,10000,27000,-17000,-17000
060424,中租永豐9A購01  ,0,0,0,0,0,0,0,0,0,-17000,0,0,0,0,17000,-17000,-17000
065417,嘉晶國票01購02  ,0,0,0,0,0,0,0,0,0,-17000,0,0,0,14000,31000,-17000,-17000
061168,力成兆豐9A購01  ,0,0,0,0,0,0,0,0,0,-17000,0,0,0,0,17000,-17000,-17000
063398,信邦群益9B購02  ,0,0,0,0,0,0,0,0,0,-17000,0,0,0,28000,45000,-17000,-17000
063641,泰鼎元大9B購04  ,0,0,0,0,0,0,0,0,0,-17000,0,0,0,3000,20000,-17000,-17000
063446,台光電統一01購02,0,0,0,0,0,0,0,0,0,-17000,0,0,0,11000,28000,-17000,-17000
060769,國巨麥證9A購02  ,0,0,0,0,17000,-17000,0,0,0,-17000,0,0,0,0,17000,-17000,-17000
060732,玉晶光群益9C購02,0,0,0,0,0,0,0,0,0,-17000,0,0,0,80000,97000,-17000,-17000
062599,鴻海台新9B購01  ,0,0,0,0,0,0,0,0,0,-17000,0,0,0,0,17000,-17000,-17000
062639,臻鼎國票9C購01  ,0,0,0,0,0,0,0,0,0,-17000,0,0,0,0,17000,-17000,-17000
066901,台虹康和01購01  ,0,0,0,0,0,0,0,0,0,-17000,0,0,0,105000,122000,-17000,-17000
066702,開發金群益03購01,0,0,0,0,0,0,0,0,0,-17000,0,0,0,0,17000,-17000,-17000
066072,華新科凱基01購03,0,0,0,0,0,0,0,0,0,-17000,0,0,0,101000,118000,-17000,-17000
065612,聯茂元大9C購07  ,0,20000,-20000,0,0,0,0,0,0,3000,0,0,0,81000,78000,3000,-17000
065812,寶成群益9C購02  ,0,0,0,0,0,0,0,0,0,-17000,0,0,0,100000,117000,-17000,-17000
067529,力山群益01購02  ,0,0,0,0,0,0,0,0,0,-17000,0,0,0,56000,73000,-17000,-17000
068214,嘉基凱基02購01  ,0,0,0,0,0,0,0,0,0,-17000,0,0,0,3000,20000,-17000,-17000
068033,國產元富01購01  ,0,0,0,0,0,0,0,0,0,-17000,0,0,0,158000,175000,-17000,-17000
067802,台積電凱基07購01,0,0,0,0,0,0,0,0,0,-17000,0,0,0,0,17000,-17000,-17000
1603,華電            ,6000,20000,-14000,0,0,0,0,0,0,-3000,0,3000,-3000,0,0,0,-17000
08910P,宏達電凱基01售02,0,0,0,0,0,0,0,0,0,-18000,0,0,0,0,18000,-18000,-18000
08974P,可成群益02售02  ,0,0,0,0,0,0,0,0,0,-18000,0,0,0,42000,60000,-18000,-18000
07981P,上銀群益9B售04  ,0,0,0,0,0,0,0,0,0,-18000,0,0,0,0,18000,-18000,-18000
057389,玉晶光永豐98購06,0,0,0,0,0,0,0,0,0,-18000,0,0,0,5000,23000,-18000,-18000
057306,玉晶光兆豐99購01,0,0,0,0,0,0,0,0,0,-18000,0,0,0,23000,41000,-18000,-18000
03022P,玉晶光群益02售26,0,0,0,0,0,0,0,0,0,-18000,0,0,0,44000,62000,-18000,-18000
053058,台光電永昌99購01,0,0,0,0,0,0,0,0,0,-18000,0,0,0,0,18000,-18000,-18000
058373,晶技凱基99購02  ,0,0,0,0,0,0,0,0,0,-18000,0,0,0,7000,25000,-18000,-18000
057553,景碩凱基98購03  ,0,0,0,0,0,0,0,0,0,-18000,0,0,0,13000,31000,-18000,-18000
056720,世紀鋼永豐98購01,0,0,0,0,0,0,0,0,0,-18000,0,0,0,0,18000,-18000,-18000
059695,聯鈞永豐99購02  ,0,0,0,0,0,0,0,0,0,-18000,0,0,0,0,18000,-18000,-18000
060320,元金2X群益02購01,0,0,0,0,0,0,0,0,0,-18000,0,0,0,7000,25000,-18000,-18000
059344,長榮航凱基99購01,0,0,0,0,0,0,0,0,0,-18000,0,0,0,0,18000,-18000,-18000
059326,康友元大99購01  ,0,0,0,0,0,0,0,0,0,-18000,0,0,0,115000,133000,-18000,-18000
062846,國泰金富邦9C購01,0,0,0,0,0,0,0,0,0,-18000,0,0,0,0,18000,-18000,-18000
058323,泰鼎永豐9A購01  ,0,0,0,0,0,0,0,0,0,-18000,0,0,0,10000,28000,-18000,-18000
062804,玉晶光統一9C購04,0,0,0,0,0,0,0,0,0,-18000,0,0,0,3000,21000,-18000,-18000
062318,台郡凱基9B購01  ,0,0,0,0,0,0,0,0,0,-18000,0,0,0,14000,32000,-18000,-18000
062521,玉晶光元大9C購05,0,0,0,0,0,0,0,0,0,-18000,0,0,0,0,18000,-18000,-18000
062371,健策元大9B購08  ,0,0,0,0,0,0,0,0,0,-18000,0,0,0,2000,20000,-18000,-18000
063196,力成元富9B購01  ,0,0,0,0,0,0,0,0,0,-18000,0,0,0,68000,86000,-18000,-18000
063550,可成國票9C購01  ,0,0,0,0,0,0,0,0,0,-18000,0,0,0,0,18000,-18000,-18000
065441,義隆麥證9C購01  ,0,0,0,27000,70000,-43000,0,0,0,-18000,0,0,0,63000,81000,-18000,-18000
065584,華通富邦01購01  ,0,0,0,0,0,0,0,0,0,-18000,0,0,0,112000,130000,-18000,-18000
062004,國巨國泰9C購03  ,0,0,0,0,0,0,0,0,0,-18000,0,0,0,1000,19000,-18000,-18000
067815,玉晶光凱基01購04,0,0,0,0,0,0,0,0,0,-18000,0,0,0,133000,151000,-18000,-18000
068178,華邦電群益01購04,0,0,0,0,0,0,0,0,0,-18000,0,0,0,267000,285000,-18000,-18000
067451,嘉晶國票02購01  ,0,0,0,0,0,0,0,0,0,-18000,0,0,0,60000,78000,-18000,-18000
067016,康控富邦04購01  ,0,0,0,0,0,0,0,0,0,-18000,0,0,0,27000,45000,-18000,-18000
065828,大立光凱基06購01,0,0,0,0,0,0,0,0,0,-18000,0,0,0,5000,23000,-18000,-18000
065931,瑞祺國票02購01  ,0,0,0,0,0,0,0,0,0,-18000,0,0,0,0,18000,-18000,-18000
065980,中租元大02購01  ,0,0,0,0,0,0,0,0,0,-18000,0,0,0,0,18000,-18000,-18000
066005,國巨統一03購01  ,0,0,0,0,0,0,0,0,0,-18000,0,0,0,0,18000,-18000,-18000
065999,燿華國票02購01  ,0,0,0,0,0,0,0,0,0,-18000,0,0,0,0,18000,-18000,-18000
066834,泰鼎群益01購01  ,0,0,0,0,0,0,0,0,0,-18000,0,0,0,0,18000,-18000,-18000
1611,中電            ,22000,79000,-57000,0,0,0,0,0,0,39000,39000,0,39000,0,0,0,-18000
9927,泰銘            ,11000,28000,-17000,0,0,0,0,0,0,-1000,0,1000,-1000,0,0,0,-18000
064821,聯電統一02購01  ,0,0,0,0,0,0,0,0,0,-19000,0,0,0,163000,182000,-19000,-19000
068503,同欣電元大01購06,0,0,0,0,0,0,0,0,0,-19000,0,0,0,0,19000,-19000,-19000
068497,緯創元大01購05  ,0,0,0,0,0,0,0,0,0,-19000,0,0,0,226000,245000,-19000,-19000
068449,國巨國票01購03  ,0,0,0,0,0,0,0,0,0,-19000,0,0,0,0,19000,-19000,-19000
08761P,聯詠元大01售02  ,0,0,0,0,0,0,0,0,0,-19000,0,0,0,21000,40000,-19000,-19000
064094,達新群益9C購01  ,0,0,0,0,0,0,0,0,0,-19000,0,0,0,3000,22000,-19000,-19000
08282P,南六群益9C售01  ,0,0,0,0,0,0,0,0,0,-19000,0,0,0,1000,20000,-19000,-19000
064557,鴻海群益9C購04  ,0,0,0,0,0,0,0,0,0,-19000,0,0,0,0,19000,-19000,-19000
062829,泰碩群益9B購01  ,0,0,0,0,0,0,0,0,0,-19000,0,0,0,0,19000,-19000,-19000
058687,聯茂凱基9A購01  ,0,0,0,0,0,0,0,0,0,-19000,0,0,0,10000,29000,-19000,-19000
058202,鴻海凱基9A購04  ,0,0,0,0,0,0,0,0,0,-19000,0,0,0,21000,40000,-19000,-19000
058044,鴻海元大99購07  ,0,0,0,0,0,0,0,0,0,-19000,0,0,0,0,19000,-19000,-19000
058925,旭富元富99購02  ,0,0,0,0,0,0,0,0,0,-19000,0,0,0,0,19000,-19000,-19000
060531,大立光中信9A購04,0,0,0,0,0,0,0,0,0,-19000,0,0,0,0,19000,-19000,-19000
063422,奇鋐凱基9B購04  ,0,0,0,0,0,0,0,0,0,-19000,0,0,0,38000,57000,-19000,-19000
063801,GIS凱基01購01   ,0,0,0,0,0,0,0,0,0,-19000,0,0,0,23000,42000,-19000,-19000
062359,旺宏元大9C購02  ,0,0,0,0,0,0,0,0,0,-19000,0,0,0,1000,20000,-19000,-19000
061789,群創群益9B購01  ,0,0,0,0,0,0,0,0,0,-19000,0,0,0,30000,49000,-19000,-19000
066601,上証2X富邦02購01,0,0,0,0,0,0,0,0,0,-19000,0,0,0,1000,20000,-19000,-19000
065981,超眾元大02購01  ,0,0,0,0,0,0,0,0,0,-19000,0,0,0,0,19000,-19000,-19000
067375,大立光統一03購03,0,0,0,0,0,0,0,0,0,-19000,0,0,0,0,19000,-19000,-19000
06798P,臺股指凱基98售08,0,0,0,0,0,0,0,0,0,-19000,0,0,0,1000,20000,-19000,-19000
067794,臺股指群益01購06,0,0,0,0,0,0,0,0,0,-19000,0,0,0,1000,20000,-19000,-19000
4572,駐龍            ,4000,23000,-19000,0,0,0,0,0,0,0,0,0,0,0,0,0,-19000
2206,三陽工業        ,251000,270000,-19000,0,0,0,0,0,0,0,0,0,0,0,0,0,-19000
2514,龍邦            ,15000,33000,-18000,0,0,0,0,0,0,-1000,0,1000,-1000,0,0,0,-19000
064579,大立光富邦03購02,0,0,0,0,0,0,0,0,0,-20000,0,0,0,0,20000,-20000,-20000
08323P,華新科凱基9C售04,0,0,0,0,0,0,0,0,0,-20000,0,0,0,40000,60000,-20000,-20000
08261P,玉晶光元大9C售08,0,0,0,0,0,0,0,0,0,-20000,0,0,0,30000,50000,-20000,-20000
065081,金像電元大9C購05,0,0,0,0,0,0,0,0,0,-20000,0,0,0,0,20000,-20000,-20000
065043,新光金凱基02購01,0,0,0,0,0,0,0,0,0,-20000,0,0,0,30000,50000,-20000,-20000
065149,遠東新群益9C購01,0,0,0,0,0,0,0,0,0,-20000,0,0,0,0,20000,-20000,-20000
065150,上銀群益9C購03  ,0,0,0,0,0,0,0,0,0,-20000,0,0,0,0,20000,-20000,-20000
08775P,台灣50群益01售05,0,0,0,0,0,0,0,0,0,-20000,0,0,0,0,20000,-20000,-20000
08780P,聯發科群益02售06,0,0,0,0,0,0,0,0,0,-20000,0,0,0,10000,30000,-20000,-20000
08793P,聯詠中信07售02  ,0,0,0,0,0,0,0,0,0,-20000,0,0,0,50000,70000,-20000,-20000
08873P,欣興永豐01售01  ,0,0,0,0,0,0,0,0,0,-20000,0,0,0,4000,24000,-20000,-20000
08472P,和碩凱基9C售02  ,0,0,0,0,0,0,0,0,0,-20000,0,0,0,0,20000,-20000,-20000
08404P,技嘉元大9C售02  ,0,0,0,0,0,0,0,0,0,-20000,0,0,0,5000,25000,-20000,-20000
08708P,華通台新01售01  ,0,0,0,0,0,0,0,0,0,-20000,0,0,0,0,20000,-20000,-20000
08591P,台光電凱基9C售02,0,0,0,0,0,0,0,0,0,-20000,0,0,0,10000,30000,-20000,-20000
08568P,臺股指富邦9C售05,0,0,0,0,0,0,0,0,0,-20000,0,0,0,70000,90000,-20000,-20000
068594,台積電統一03購09,0,0,0,0,0,0,0,0,0,-20000,0,0,0,0,20000,-20000,-20000
068305,台光電國票03購01,0,0,0,0,0,0,0,0,0,-20000,0,0,0,14000,34000,-20000,-20000
07784P,華新科富邦9B售04,0,0,0,0,0,0,0,0,0,-20000,0,0,0,0,20000,-20000,-20000
07850P,健策群益9A售06  ,0,0,0,0,0,0,0,0,0,-20000,0,0,0,30000,50000,-20000,-20000
07855P,旺宏凱基9A售09  ,0,0,0,0,0,0,0,0,0,-20000,0,0,0,0,20000,-20000,-20000
07800P,華新科國泰9B售04,0,0,0,0,0,0,0,0,0,-20000,0,0,0,10000,30000,-20000,-20000
07806P,健策永豐9A售02  ,0,0,0,0,0,0,0,0,0,-20000,0,0,0,0,20000,-20000,-20000
07794P,智邦國票9A售03  ,0,0,0,0,0,0,0,0,0,-20000,0,0,0,0,20000,-20000,-20000
068599,台積電凱基01購27,0,0,0,0,0,0,0,0,0,-20000,0,0,0,1000,21000,-20000,-20000
068602,智邦凱基01購01  ,0,0,0,0,0,0,0,0,0,-20000,0,0,0,0,20000,-20000,-20000
068635,台積電凱基03購09,0,0,0,0,0,0,0,0,0,-20000,0,0,0,0,20000,-20000,-20000
06963P,鴻海凱基99售04  ,0,0,0,0,0,0,0,0,0,-20000,0,0,0,0,20000,-20000,-20000
07096P,元石油元大9C售05,0,0,0,0,0,0,0,0,0,-20000,0,0,0,0,20000,-20000,-20000
07076P,鴻海凱基9A售08  ,0,0,0,0,0,0,0,0,0,-20000,0,0,0,0,20000,-20000,-20000
07238P,台灣50國票99售07,0,0,0,0,0,0,0,0,0,-20000,0,0,0,0,20000,-20000,-20000
07121P,華新科凱基99售03,0,0,0,0,0,0,0,0,0,-20000,0,0,0,0,20000,-20000,-20000
07150P,和碩元大99售01  ,0,0,0,0,0,0,0,0,0,-20000,0,0,0,0,20000,-20000,-20000
065002,致茂國票01購01  ,0,0,0,0,0,0,0,0,0,-20000,0,0,0,9000,29000,-20000,-20000
07884P,華新科凱基9B售08,0,0,0,0,0,0,0,0,0,-20000,0,0,0,0,20000,-20000,-20000
07948P,大成鋼凱基9B售01,0,0,0,0,0,0,0,0,0,-20000,0,0,0,20000,40000,-20000,-20000
08063P,立積國票9B售03  ,0,0,0,0,0,0,0,0,0,-20000,0,0,0,499000,519000,-20000,-20000
059997,華航元富99購01  ,0,0,0,0,0,0,0,0,0,-20000,0,0,0,0,20000,-20000,-20000
059087,台積電元大99購26,0,0,0,0,0,0,0,0,0,-20000,0,0,0,0,20000,-20000,-20000
059004,嘉晶元大99購05  ,0,0,0,0,0,0,0,0,0,-20000,0,0,0,0,20000,-20000,-20000
060099,宏達電元大99購09,0,0,0,0,0,0,0,0,0,-20000,0,0,0,0,20000,-20000,-20000
059324,智易元大99購04  ,0,0,0,0,0,0,0,0,0,-20000,0,0,0,0,20000,-20000,-20000
059497,滬深2X元富9C購05,0,0,0,0,0,0,0,0,0,-20000,0,0,0,0,20000,-20000,-20000
060383,葡萄王凱基9A購01,0,0,0,0,0,0,0,0,0,-20000,0,0,0,0,20000,-20000,-20000
057763,康控凱基99購02  ,0,0,0,0,0,0,0,0,0,-20000,0,0,0,0,20000,-20000,-20000
058145,聯茂元大99購03  ,0,0,0,0,0,0,0,0,0,-20000,0,0,0,10000,30000,-20000,-20000
058179,國巨國泰9B購02  ,0,0,0,0,0,0,0,0,0,-20000,0,0,0,10000,30000,-20000,-20000
058804,T50反1統一9B購01,0,0,0,0,0,0,0,0,0,-20000,0,0,0,0,20000,-20000,-20000
058808,大成鋼統一9B購01,0,0,0,0,0,0,0,0,0,-20000,0,0,0,10000,30000,-20000,-20000
057852,國巨國票99購05  ,0,0,0,0,0,0,0,0,0,-20000,0,0,0,0,20000,-20000,-20000
057857,牧德國票99購01  ,0,0,0,0,0,0,0,0,0,-20000,0,0,0,0,20000,-20000,-20000
058750,緯穎凱基9A購03  ,0,0,0,0,0,0,0,0,0,-20000,0,0,0,10000,30000,-20000,-20000
058740,T50反1日盛9B購02,0,0,0,0,0,0,0,0,0,-20000,0,0,0,0,20000,-20000,-20000
062287,康友群益9B購02  ,0,0,0,0,0,0,0,0,0,-20000,0,0,0,0,20000,-20000,-20000
062876,全新兆豐9B購01  ,0,0,0,0,0,0,0,0,0,-20000,0,0,0,0,20000,-20000,-20000
062914,嘉澤元大9B購02  ,0,0,0,0,0,0,0,0,0,-20000,0,0,0,7000,27000,-20000,-20000
058319,大毅永豐9A購01  ,0,0,0,0,0,0,0,0,0,-20000,0,0,0,0,20000,-20000,-20000
058260,華新科富邦9C購01,0,0,0,0,0,0,0,0,0,-20000,0,0,0,0,20000,-20000,-20000
058275,S&P500中信9B購01,0,0,0,0,0,0,0,0,0,-20000,0,0,0,0,20000,-20000,-20000
060833,道瓊反國票9A購01,0,0,0,0,0,0,0,0,0,-20000,0,0,0,0,20000,-20000,-20000
059639,大立光凱基9A購06,0,0,0,0,0,0,0,0,0,-20000,0,0,0,0,20000,-20000,-20000
059778,上証2X元大9C購03,0,0,0,0,0,0,0,0,0,-20000,0,0,0,0,20000,-20000,-20000
058652,SGBR2X中信01購01,0,0,0,0,0,0,0,0,0,-20000,0,0,0,0,20000,-20000,-20000
056313,聯茂元大98購01  ,0,0,0,0,0,0,0,0,0,-20000,0,0,0,0,20000,-20000,-20000
056156,禾伸堂凱基98購04,0,0,0,0,0,0,0,0,0,-20000,0,0,0,0,20000,-20000,-20000
056144,GIS元大98購01   ,0,0,0,0,0,0,0,0,0,-20000,0,0,0,0,20000,-20000,-20000
055899,群創中信99購01  ,0,0,0,0,0,0,0,0,0,-20000,0,0,0,0,20000,-20000,-20000
055080,正崴中信99購01  ,0,0,0,0,0,0,0,0,0,-20000,0,0,0,0,20000,-20000,-20000
054571,楠梓電元大99購01,0,0,0,0,0,0,0,0,0,-20000,0,0,0,0,20000,-20000,-20000
054318,台虹凱基98購01  ,0,0,0,0,0,0,0,0,0,-20000,0,0,0,0,20000,-20000,-20000
053609,華新中信9A購01  ,0,0,0,0,0,0,0,0,0,-20000,0,0,0,0,20000,-20000,-20000
054088,華新群益98購02  ,0,0,0,0,0,0,0,0,0,-20000,0,0,0,15000,35000,-20000,-20000
055445,旺宏統一99購01  ,0,0,0,0,0,0,0,0,0,-20000,0,0,0,0,20000,-20000,-20000
055415,禾伸堂富邦9B購01,0,0,0,0,0,0,0,0,0,-20000,0,0,0,0,20000,-20000,-20000
055259,玉晶光統一9A購01,0,0,0,0,0,0,0,0,0,-20000,0,0,0,20000,40000,-20000,-20000
03024P,南六群益01售02  ,0,0,0,0,0,0,0,0,0,-20000,0,0,0,0,20000,-20000,-20000
048414,滬深2X統一98購01,0,0,0,0,0,0,0,0,0,-20000,0,0,0,30000,50000,-20000,-20000
03686C,臺股指元大04牛05,0,0,0,0,0,0,0,0,0,-20000,0,0,0,0,20000,-20000,-20000
056858,國巨群益99購03  ,0,0,0,0,0,0,0,0,0,-20000,0,0,0,0,20000,-20000,-20000
03099P,玉晶光凱基03售01,0,0,0,0,0,0,0,0,0,-20000,0,0,0,0,20000,-20000,-20000
03132P,玉晶光台新01售01,0,0,0,0,0,0,0,0,0,-20000,0,0,0,0,20000,-20000,-20000
061803,巨大永豐9B購01  ,0,0,0,0,0,0,0,0,0,-20000,0,0,0,0,20000,-20000,-20000
061658,聯茂富邦9A購03  ,0,0,0,0,0,0,0,0,0,-20000,0,0,0,0,20000,-20000,-20000
061725,國巨麥證9A購05  ,0,0,0,1000,20000,-19000,0,0,0,-20000,0,0,0,1000,21000,-20000,-20000
061709,SP黃豆凱基01購02,0,0,0,0,0,0,0,0,0,-20000,0,0,0,0,20000,-20000,-20000
063173,矽格中信9B購01  ,0,0,0,0,0,0,0,0,0,-20000,0,0,0,1000,21000,-20000,-20000
063325,SP黃豆國票9C購02,0,0,0,0,0,0,0,0,0,-20000,0,0,0,0,20000,-20000,-20000
063741,GIS元大9B購04   ,0,0,0,0,0,0,0,0,0,-20000,0,0,0,0,20000,-20000,-20000
063742,道瓊指國票9C購01,0,0,0,0,0,0,0,0,0,-20000,0,0,0,0,20000,-20000,-20000
063887,香港2X中信02購01,0,0,0,0,0,0,0,0,0,-20000,0,0,0,0,20000,-20000,-20000
063868,嘉晶永豐9C購01  ,0,0,0,0,0,0,0,0,0,-20000,0,0,0,0,20000,-20000,-20000
06381P,臺股指統一98售03,0,0,0,0,0,0,0,0,0,-20000,0,0,0,0,20000,-20000,-20000
063570,嘉晶元大9C購02  ,0,0,0,0,0,0,0,0,0,-20000,0,0,0,212000,232000,-20000,-20000
063582,瑞祺國泰9C購01  ,0,0,0,0,0,0,0,0,0,-20000,0,0,0,142000,162000,-20000,-20000
060738,矽格統一9C購01  ,0,0,0,0,0,0,0,0,0,-20000,0,0,0,54000,74000,-20000,-20000
063645,瑞儀元大9B購02  ,0,0,0,0,0,0,0,0,0,-20000,0,0,0,9000,29000,-20000,-20000
063961,世紀鋼元大9C購05,0,0,0,0,0,0,0,0,0,-20000,0,0,0,86000,106000,-20000,-20000
063376,神達永豐9B購01  ,0,0,0,0,0,0,0,0,0,-20000,0,0,0,5000,25000,-20000,-20000
061106,群創元大9B購09  ,0,0,0,0,0,0,0,0,0,-20000,0,0,0,15000,35000,-20000,-20000
061266,國泰金凱基9B購01,0,0,0,0,0,0,0,0,0,-20000,0,0,0,0,20000,-20000,-20000
060932,南六永豐9A購02  ,0,0,0,0,0,0,0,0,0,-20000,0,0,0,18000,38000,-20000,-20000
065193,和大元富03購02  ,0,0,0,0,0,0,0,0,0,-20000,0,0,0,0,20000,-20000,-20000
065292,緯創群益9C購01  ,0,0,0,0,0,0,0,0,0,-20000,0,0,0,0,20000,-20000,-20000
061960,國巨統一01購05  ,0,0,0,0,0,0,0,0,0,-20000,0,0,0,0,20000,-20000,-20000
062129,世紀鋼統一02購01,0,0,0,0,0,0,0,0,0,-20000,0,0,0,35000,55000,-20000,-20000
067733,力山元大01購01  ,0,0,0,0,0,0,0,0,0,-20000,0,0,0,208000,228000,-20000,-20000
067646,元金2X元富01購01,0,0,0,0,0,0,0,0,0,-20000,0,0,0,0,20000,-20000,-20000
067812,國泰金凱基01購01,0,0,0,0,0,0,0,0,0,-20000,0,0,0,0,20000,-20000,-20000
067839,臺股指統一01購01,0,0,0,0,0,0,0,0,0,-20000,0,0,0,0,20000,-20000,-20000
067821,力成凱基01購02  ,0,0,0,0,0,0,0,0,0,-20000,0,0,0,0,20000,-20000,-20000
068126,樺漢元富07購01  ,0,0,0,0,0,0,0,0,0,-20000,0,0,0,0,20000,-20000,-20000
068201,玉晶光凱基02購07,0,0,0,0,0,0,0,0,0,-20000,0,0,0,0,20000,-20000,-20000
067411,矽格兆豐03購01  ,0,0,0,0,0,0,0,0,0,-20000,0,0,0,33000,53000,-20000,-20000
06726P,欣興元富98售04  ,0,0,0,0,0,0,0,0,0,-20000,0,0,0,0,20000,-20000,-20000
067167,鴻海麥證01購02  ,0,0,0,0,20000,-20000,0,0,0,-20000,0,0,0,0,20000,-20000,-20000
065991,牧德永豐01購01  ,0,0,0,0,0,0,0,0,0,-20000,0,0,0,0,20000,-20000,-20000
066066,鴻海凱基01購05  ,0,0,0,0,0,0,0,0,0,-20000,0,0,0,0,20000,-20000,-20000
066130,燿華群益01購03  ,0,0,0,0,0,0,0,0,0,-20000,0,0,0,0,20000,-20000,-20000
066224,眾達國泰03購01  ,0,0,0,0,0,0,0,0,0,-20000,0,0,0,60000,80000,-20000,-20000
066233,華碩富邦02購01  ,0,0,0,0,0,0,0,0,0,-20000,0,0,0,0,20000,-20000,-20000
065791,牧德永豐9C購03  ,0,0,0,0,0,0,0,0,0,-20000,0,0,0,0,20000,-20000,-20000
065761,中租元大9C購02  ,0,0,0,0,0,0,0,0,0,-20000,0,0,0,0,20000,-20000,-20000
066535,台積電兆豐01購01,0,0,0,0,0,0,0,0,0,-20000,0,0,0,50000,70000,-20000,-20000
066876,大立光富邦05購01,0,0,0,0,0,0,0,0,0,-20000,0,0,0,0,20000,-20000,-20000
066712,台灣50元大01購20,0,0,0,0,0,0,0,0,0,-20000,0,0,0,5000,25000,-20000,-20000
066656,滬深2X凱基03購02,0,0,0,0,0,0,0,0,0,-20000,0,0,0,0,20000,-20000,-20000
066735,智原元大01購03  ,0,0,0,0,0,0,0,0,0,-20000,0,0,0,45000,65000,-20000,-20000
2601,益航            ,127000,137000,-10000,0,0,0,0,0,0,-10000,0,10000,-10000,0,0,0,-20000
1568,倉佑            ,7000,28000,-21000,0,0,0,0,0,0,1000,1000,0,1000,0,0,0,-20000
068378,聯發科永豐01購03,0,0,0,0,0,0,0,0,0,-21000,0,0,0,8000,29000,-21000,-21000
1215,卜蜂            ,581000,599000,-18000,0,0,0,0,0,0,-3000,0,0,0,0,3000,-3000,-21000
057105,致茂群益9A購01  ,0,0,0,0,0,0,0,0,0,-21000,0,0,0,0,21000,-21000,-21000
052475,滬深2X群益99購06,0,0,0,0,0,0,0,0,0,-21000,0,0,0,0,21000,-21000,-21000
058448,滬深2X永豐9A購01,0,0,0,0,0,0,0,0,0,-21000,0,0,0,13000,34000,-21000,-21000
060618,玉晶光元大9A購02,0,0,0,0,0,0,0,0,0,-21000,0,0,0,1000,22000,-21000,-21000
058675,康控群益9B購01  ,0,0,0,0,0,0,0,0,0,-21000,0,0,0,51000,72000,-21000,-21000
060058,牧德凱基9B購01  ,0,0,0,0,0,0,0,0,0,-21000,0,0,0,0,21000,-21000,-21000
065296,國巨統一01購10  ,0,0,0,0,0,0,0,0,0,-21000,0,0,0,0,21000,-21000,-21000
063001,巨大國票9B購01  ,0,0,0,0,0,0,0,0,0,-21000,0,0,0,20000,41000,-21000,-21000
061261,台積電凱基9B購03,0,0,0,0,0,0,0,0,0,-21000,0,0,0,241000,262000,-21000,-21000
063546,國巨兆豐9C購03  ,0,0,0,0,0,0,0,0,0,-21000,0,0,0,0,21000,-21000,-21000
063784,華通中信06購01  ,0,0,0,0,0,0,0,0,0,-21000,0,0,0,22000,43000,-21000,-21000
063301,鴻海凱基9B購08  ,0,0,0,0,0,0,0,0,0,-21000,0,0,0,6000,27000,-21000,-21000
062340,力成麥證9B購01  ,0,0,0,0,21000,-21000,0,0,0,-21000,0,0,0,0,21000,-21000,-21000
062642,帆宣國票9B購01  ,0,0,0,0,0,0,0,0,0,-21000,0,0,0,0,21000,-21000,-21000
066675,滬深2X兆豐03購01,0,0,0,0,0,0,0,0,0,-21000,0,0,0,33000,54000,-21000,-21000
066464,台郡統一02購02  ,0,0,0,0,0,0,0,0,0,-21000,0,0,0,107000,128000,-21000,-21000
065857,嘉聯益元大9C購03,0,0,0,0,0,0,0,0,0,-21000,0,0,0,781000,802000,-21000,-21000
067426,聯發科凱基01購14,0,0,0,0,0,0,0,0,0,-21000,0,0,0,0,21000,-21000,-21000
067506,台光電統一02購04,0,0,0,0,0,0,0,0,0,-21000,0,0,0,100000,121000,-21000,-21000
067858,上証2X元大01購06,0,0,0,0,0,0,0,0,0,-21000,0,0,0,0,21000,-21000,-21000
067751,臺股指元大01購15,0,0,0,0,0,0,0,0,0,-21000,0,0,0,0,21000,-21000,-21000
6283,淳安            ,6000,26000,-20000,0,0,0,0,0,0,-1000,0,1000,-1000,0,0,0,-21000
9908,大台北          ,6000,23000,-17000,0,0,0,0,0,0,-4000,0,4000,-4000,0,0,0,-21000
1231,聯華食          ,16000,34000,-18000,0,0,0,0,0,0,-4000,0,4000,-4000,0,0,0,-22000
08555P,超眾國票01售01  ,0,0,0,0,0,0,0,0,0,-22000,0,0,0,0,22000,-22000,-22000
064472,國巨麥證9C購03  ,0,0,0,21000,43000,-22000,0,0,0,-22000,0,0,0,21000,43000,-22000,-22000
064623,創意元大9C購04  ,0,0,0,0,0,0,0,0,0,-22000,0,0,0,2000,24000,-22000,-22000
07033P,大立光統一9B售03,0,0,0,0,0,0,0,0,0,-22000,0,0,0,0,22000,-22000,-22000
068607,聯詠凱基01購02  ,0,0,0,0,0,0,0,0,0,-22000,0,0,0,6000,28000,-22000,-22000
07944P,華新科元大9B售08,0,0,0,0,0,0,0,0,0,-22000,0,0,0,42000,64000,-22000,-22000
08018P,牧德國票9B售04  ,0,0,0,0,0,0,0,0,0,-22000,0,0,0,35000,57000,-22000,-22000
064423,義隆兆豐9C購02  ,0,0,0,0,0,0,0,0,0,-22000,0,0,0,17000,39000,-22000,-22000
060234,凱美元大9C購01  ,0,0,0,0,0,0,0,0,0,-22000,0,0,0,79000,101000,-22000,-22000
058852,貿聯群益99購04  ,0,0,0,0,0,0,0,0,0,-22000,0,0,0,0,22000,-22000,-22000
059605,臺股指元大9A購42,0,0,0,0,0,0,0,0,0,-22000,0,0,0,0,22000,-22000,-22000
062719,微星凱基9B購01  ,0,0,0,0,0,0,0,0,0,-22000,0,0,0,10000,32000,-22000,-22000
063232,裕隆元大9B購01  ,0,0,0,0,0,0,0,0,0,-22000,0,0,0,240000,262000,-22000,-22000
063963,鴻海國票01購01  ,0,0,0,0,0,0,0,0,0,-22000,0,0,0,0,22000,-22000,-22000
060945,緯穎國票9A購02  ,0,0,0,0,0,0,0,0,0,-22000,0,0,0,18000,40000,-22000,-22000
065575,神達群益01購01  ,0,0,0,0,0,0,0,0,0,-22000,0,0,0,0,22000,-22000,-22000
065500,健鼎富邦01購01  ,0,0,0,0,0,0,0,0,0,-22000,0,0,0,0,22000,-22000,-22000
065878,麗豐群益02購01  ,0,0,0,0,0,0,0,0,0,-22000,0,0,0,8000,30000,-22000,-22000
066060,超眾元大01購03  ,0,0,0,0,0,0,0,0,0,-22000,0,0,0,0,22000,-22000,-22000
066406,南六凱基01購02  ,0,0,0,0,0,0,0,0,0,-22000,0,0,0,27000,49000,-22000,-22000
066933,可成國票02購01  ,0,0,0,0,0,0,0,0,0,-22000,0,0,0,0,22000,-22000,-22000
2908,特力            ,1000,23000,-22000,0,0,0,0,0,0,0,0,0,0,0,0,0,-22000
2340,光磊            ,175000,237000,-62000,0,0,0,0,0,0,39681,57000,0,57000,0,17319,-17319,-22319
064443,同欣電凱基03購01,0,0,0,0,0,0,0,0,0,-23000,0,0,0,9000,32000,-23000,-23000
064983,力成元大9C購04  ,0,0,0,0,0,0,0,0,0,-23000,0,0,0,0,23000,-23000,-23000
08263P,台表科元大9C售06,0,0,0,0,0,0,0,0,0,-23000,0,0,0,2000,25000,-23000,-23000
064617,台光電元大01購01,0,0,0,0,0,0,0,0,0,-23000,0,0,0,190000,213000,-23000,-23000
064345,創意元大9C購03  ,0,0,0,0,0,0,0,0,0,-23000,0,0,0,0,23000,-23000,-23000
065140,國巨凱基01購02  ,0,0,0,0,0,0,0,0,0,-23000,0,0,0,4000,27000,-23000,-23000
065136,正隆凱基9C購01  ,0,0,0,0,0,0,0,0,0,-23000,0,0,0,44000,67000,-23000,-23000
065116,臺股指國票9C購13,0,0,0,0,0,0,0,0,0,-23000,0,0,0,0,23000,-23000,-23000
08478P,臺股指凱基9C售16,0,0,0,0,0,0,0,0,0,-23000,0,0,0,73000,96000,-23000,-23000
08487P,同欣電群益01售01,0,0,0,0,0,0,0,0,0,-23000,0,0,0,5000,28000,-23000,-23000
1307,三芳            ,24000,43000,-19000,0,0,0,0,0,0,-4000,0,4000,-4000,0,0,0,-23000
059675,大立光元富99購08,0,0,0,0,0,0,0,0,0,-23000,0,0,0,33000,56000,-23000,-23000
056689,玉晶光統一9A購03,0,0,0,0,0,0,0,0,0,-23000,0,0,0,60000,83000,-23000,-23000
057556,智易凱基99購01  ,0,0,0,0,0,0,0,0,0,-23000,0,0,0,0,23000,-23000,-23000
050758,聯發科元富9B購01,0,0,0,0,0,0,0,0,0,-23000,0,0,0,10000,33000,-23000,-23000
00710B,FH彭博高收益債  ,0,0,0,0,0,0,0,0,0,-23000,0,0,0,126000,149000,-23000,-23000
057165,國巨元大99購05  ,0,0,0,0,0,0,0,0,0,-23000,0,0,0,0,23000,-23000,-23000
03166P,台積電台新03售01,0,0,0,0,0,0,0,0,0,-23000,0,0,0,1309000,1332000,-23000,-23000
058790,楠梓電元大99購03,0,0,0,0,0,0,0,0,0,-23000,0,0,0,86000,109000,-23000,-23000
062227,南六統一01購02  ,0,0,0,0,0,0,0,0,0,-23000,0,0,0,0,23000,-23000,-23000
059912,國巨元大99購28  ,0,0,0,0,0,0,0,0,0,-23000,0,0,0,10000,33000,-23000,-23000
05894P,友達群益98售02  ,0,0,0,0,0,0,0,0,0,-23000,0,0,0,0,23000,-23000,-23000
059951,台塑康和99購01  ,0,0,0,0,0,0,0,0,0,-23000,0,0,0,0,23000,-23000,-23000
065204,神隆國票01購01  ,0,0,0,0,0,0,0,0,0,-23000,0,0,0,3000,26000,-23000,-23000
063705,臻鼎群益9B購03  ,0,0,0,0,0,0,0,0,0,-23000,0,0,0,55000,78000,-23000,-23000
063773,可成富邦9C購01  ,0,0,0,0,0,0,0,0,0,-23000,0,0,0,10000,33000,-23000,-23000
063898,旭富群益9C購01  ,0,0,0,0,0,0,0,0,0,-23000,0,0,0,0,23000,-23000,-23000
063212,聯發科國票9C購02,0,0,0,0,0,0,0,0,0,-23000,0,0,0,10000,33000,-23000,-23000
062615,亞德客元大9B購02,0,0,0,0,0,0,0,0,0,-23000,0,0,0,69000,92000,-23000,-23000
062455,鴻海群益9C購01  ,0,0,0,0,0,0,0,0,0,-23000,0,0,0,0,23000,-23000,-23000
066428,健策元大02購02  ,0,0,0,0,0,0,0,0,0,-23000,0,0,0,282000,305000,-23000,-23000
066478,鴻海元富07購02  ,0,0,0,0,0,0,0,0,0,-23000,0,0,0,6000,29000,-23000,-23000
065913,光寶科凱基01購01,0,0,0,0,0,0,0,0,0,-23000,0,0,0,93000,116000,-23000,-23000
067678,大立光元大02購02,0,0,0,0,0,0,0,0,0,-23000,0,0,0,0,23000,-23000,-23000
068177,台積電群益02購04,0,0,0,0,0,0,0,0,0,-23000,0,0,0,0,23000,-23000,-23000
068029,台積電元富07購09,0,0,0,0,0,0,0,0,0,-23000,0,0,0,0,23000,-23000,-23000
067108,大毅群益01購01  ,0,0,0,0,0,0,0,0,0,-23000,0,0,0,81000,104000,-23000,-23000
3305,昇貿            ,1000,18000,-17000,0,0,0,0,0,0,-6000,0,6000,-6000,0,0,0,-23000
6141,柏承            ,62000,75000,-13000,0,0,0,0,0,0,-10000,0,10000,-10000,0,0,0,-23000
6152,百一            ,7000,30000,-23000,0,0,0,0,0,0,0,0,0,0,0,0,0,-23000
08457P,大毅元大9C售03  ,0,0,0,0,0,0,0,0,0,-24000,0,0,0,12000,36000,-24000,-24000
064034,台表科元大9C購07,0,0,0,0,0,0,0,0,0,-24000,0,0,0,55000,79000,-24000,-24000
064943,聚陽凱基9C購01  ,0,0,0,0,0,0,0,0,0,-24000,0,0,0,113000,137000,-24000,-24000
064905,嘉聯益群益9C購01,0,0,0,0,0,0,0,0,0,-24000,0,0,0,154000,178000,-24000,-24000
068369,玉晶光富邦03購01,0,0,0,0,0,0,0,0,0,-24000,0,0,0,0,24000,-24000,-24000
068385,聯電統一03購03  ,0,0,0,0,0,0,0,0,0,-24000,0,0,0,157000,181000,-24000,-24000
058929,可成統一9C購01  ,0,0,0,0,0,0,0,0,0,-24000,0,0,0,102000,126000,-24000,-24000
057739,新日興富邦9B購01,0,0,0,0,0,0,0,0,0,-24000,0,0,0,12000,36000,-24000,-24000
062858,微星國票9B購01  ,0,0,0,0,0,0,0,0,0,-24000,0,0,0,14000,38000,-24000,-24000
058713,國巨統一9B購02  ,0,0,0,0,0,0,0,0,0,-24000,0,0,0,11000,35000,-24000,-24000
058154,泰碩統一9A購01  ,0,0,0,0,0,0,0,0,0,-24000,0,0,0,152000,176000,-24000,-24000
03190P,日月光元大01售05,0,0,0,0,0,0,0,0,0,-24000,0,0,0,1000,25000,-24000,-24000
057374,禾伸堂元大99購03,0,0,0,0,0,0,0,0,0,-24000,0,0,0,0,24000,-24000,-24000
062700,台光電元大9B購05,0,0,0,0,0,0,0,0,0,-24000,0,0,0,31000,55000,-24000,-24000
063699,國巨群益9B購07  ,0,0,0,0,0,0,0,0,0,-24000,0,0,0,0,24000,-24000,-24000
063634,台光電元大9B購09,0,0,0,0,0,0,0,0,0,-24000,0,0,0,135000,159000,-24000,-24000
065291,日電貿群益01購01,0,0,0,0,0,0,0,0,0,-24000,0,0,0,0,24000,-24000,-24000
065393,旺宏群益9C購04  ,0,0,0,0,0,0,0,0,0,-24000,0,0,0,2000,26000,-24000,-24000
061268,玉晶光凱基9B購04,0,0,0,0,0,0,0,0,0,-24000,0,0,0,8000,32000,-24000,-24000
061293,聯茂統一9A購01  ,0,0,0,0,0,0,0,0,0,-24000,0,0,0,10000,34000,-24000,-24000
061204,國巨元大9A購16  ,0,0,0,0,0,0,0,0,0,-24000,0,0,0,2000,26000,-24000,-24000
065889,鴻海統一03購02  ,0,0,0,0,0,0,0,0,0,-24000,0,0,0,60000,84000,-24000,-24000
065679,聯發科統一03購01,0,0,0,0,0,0,0,0,0,-24000,0,0,0,5000,29000,-24000,-24000
066599,鴻海國泰03購02  ,0,0,0,0,0,0,0,0,0,-24000,0,0,0,900000,924000,-24000,-24000
066836,樺漢群益01購01  ,0,0,0,0,0,0,0,0,0,-24000,0,0,0,11000,35000,-24000,-24000
2012,春雨            ,0,23000,-23000,0,0,0,0,0,0,-1000,0,1000,-1000,0,0,0,-24000
068283,帆宣中信01購02  ,0,0,0,0,0,0,0,0,0,-25000,0,0,0,85000,110000,-25000,-25000
068280,滬深2X中信01購03,0,0,0,0,0,0,0,0,0,-25000,0,0,0,30000,55000,-25000,-25000
06906P,國巨國泰99售01  ,0,0,0,0,0,0,0,0,0,-25000,0,0,0,5000,30000,-25000,-25000
07129P,華新科元大99售14,0,0,0,0,0,0,0,0,0,-25000,0,0,0,0,25000,-25000,-25000
07758P,台積電國票9A售06,0,0,0,0,0,0,0,0,0,-25000,0,0,0,10000,35000,-25000,-25000
064891,台達電群益9C購01,0,0,0,0,0,0,0,0,0,-25000,0,0,0,7000,32000,-25000,-25000
065004,瑞昱國票01購02  ,0,0,0,0,0,0,0,0,0,-25000,0,0,0,11000,36000,-25000,-25000
08173P,金像電凱基9B售02,0,0,0,0,0,0,0,0,0,-25000,0,0,0,5000,30000,-25000,-25000
064522,華擎群益01購01  ,0,0,0,0,0,0,0,0,0,-25000,0,0,0,0,25000,-25000,-25000
064572,同欣電群益9C購02,0,0,0,0,0,0,0,0,0,-25000,0,0,0,25000,50000,-25000,-25000
064545,智邦凱基9C購02  ,0,0,0,0,0,0,0,0,0,-25000,0,0,0,0,25000,-25000,-25000
064531,旭富兆豐9C購01  ,0,0,0,0,0,0,0,0,0,-25000,0,0,0,10000,35000,-25000,-25000
08296P,同欣電元大9C售04,0,0,0,0,0,0,0,0,0,-25000,0,0,0,0,25000,-25000,-25000
065079,致茂元大9C購01  ,0,0,0,0,0,0,0,0,0,-25000,0,0,0,55000,80000,-25000,-25000
065107,道瓊反國票9C購03,0,0,0,0,0,0,0,0,0,-25000,0,0,0,0,25000,-25000,-25000
08950P,臺股指國票01售07,0,0,0,0,0,0,0,0,0,-25000,0,0,0,0,25000,-25000,-25000
08887P,聯發科富邦03售06,0,0,0,0,0,0,0,0,0,-25000,0,0,0,91000,116000,-25000,-25000
053782,京元電元大98購02,0,0,0,0,0,0,0,0,0,-25000,0,0,0,10000,35000,-25000,-25000
056150,台光電凱基98購02,0,0,0,0,0,0,0,0,0,-25000,0,0,0,10000,35000,-25000,-25000
056385,創意國泰99購01  ,0,0,0,0,0,0,0,0,0,-25000,0,0,0,12000,37000,-25000,-25000
059807,大立光元富99購09,0,0,0,0,0,0,0,0,0,-25000,0,0,0,55000,80000,-25000,-25000
058480,新日興凱基9A購01,0,0,0,0,0,0,0,0,0,-25000,0,0,0,3000,28000,-25000,-25000
03204P,台積電凱基01售28,0,0,0,0,0,0,0,0,0,-25000,0,0,0,0,25000,-25000,-25000
02001L,富邦蘋果正二N   ,0,0,0,0,0,0,0,0,0,-25000,0,0,0,0,25000,-25000,-25000
056776,聯茂元大99購01  ,0,0,0,0,0,0,0,0,0,-25000,0,0,0,0,25000,-25000,-25000
056907,群創元大9C購04  ,0,0,0,0,0,0,0,0,0,-25000,0,0,0,200000,225000,-25000,-25000
058192,訊芯永豐99購01  ,0,0,0,0,0,0,0,0,0,-25000,0,0,0,0,25000,-25000,-25000
062927,同欣電國票9B購02,0,0,0,0,0,0,0,0,0,-25000,0,0,0,0,25000,-25000,-25000
062958,長榮航麥證9B購01,0,0,0,0,25000,-25000,0,0,0,-25000,0,0,0,0,25000,-25000,-25000
060686,康友元大9A購02  ,0,0,0,0,0,0,0,0,0,-25000,0,0,0,60000,85000,-25000,-25000
062085,同欣電元大9B購01,0,0,0,0,0,0,0,0,0,-25000,0,0,0,53000,78000,-25000,-25000
061032,金像電永豐9A購03,0,0,0,0,0,0,0,0,0,-25000,0,0,0,0,25000,-25000,-25000
065538,健鼎統一9C購01  ,0,0,0,0,0,0,0,0,0,-25000,0,0,0,689000,714000,-25000,-25000
060611,同欣電凱基9A購02,0,0,0,0,0,0,0,0,0,-25000,0,0,0,0,25000,-25000,-25000
063825,道瓊銀國票01購01,0,0,0,0,0,0,0,0,0,-25000,0,0,0,0,25000,-25000,-25000
062638,茂林國票9C購01  ,0,0,0,0,0,0,0,0,0,-25000,0,0,0,369000,394000,-25000,-25000
066892,台積電兆豐03購01,0,0,0,0,0,0,0,0,0,-25000,0,0,0,0,25000,-25000,-25000
066550,國泰金元大01購01,0,0,0,0,0,0,0,0,0,-25000,0,0,0,0,25000,-25000,-25000
066397,智原凱基01購01  ,0,0,0,0,0,0,0,0,0,-25000,0,0,0,10000,35000,-25000,-25000
066395,可成凱基01購03  ,0,0,0,0,0,0,0,0,0,-25000,0,0,0,0,25000,-25000,-25000
065868,燿華群益02購01  ,0,0,0,0,0,0,0,0,0,-25000,0,0,0,20000,45000,-25000,-25000
066106,台郡國票02購01  ,0,0,0,0,0,0,0,0,0,-25000,0,0,0,0,25000,-25000,-25000
066298,美利達元大01購02,0,0,0,0,0,0,0,0,0,-25000,0,0,0,12000,37000,-25000,-25000
066166,大毅凱基02購01  ,0,0,0,0,0,0,0,0,0,-25000,0,0,0,25000,50000,-25000,-25000
066977,鴻海群益02購01  ,0,0,0,0,0,0,0,0,0,-25000,0,0,0,0,25000,-25000,-25000
067296,A50正2元大01購03,0,0,0,0,0,0,0,0,0,-25000,0,0,0,5000,30000,-25000,-25000
067469,國巨元大01購09  ,0,0,0,0,0,0,0,0,0,-25000,0,0,0,88000,113000,-25000,-25000
067317,嘉澤元大02購01  ,0,0,0,0,0,0,0,0,0,-25000,0,0,0,67000,92000,-25000,-25000
06804P,臺股指群益98售10,0,0,0,0,0,0,0,0,0,-25000,0,0,0,0,25000,-25000,-25000
068087,臺股指凱基04購04,0,0,0,0,0,0,0,0,0,-25000,0,0,0,185000,210000,-25000,-25000
068168,臺股指元大01購18,0,0,0,0,0,0,0,0,0,-25000,0,0,0,0,25000,-25000,-25000
068240,道瓊銀元大01購05,0,0,0,0,0,0,0,0,0,-25000,0,0,0,0,25000,-25000,-25000
067712,惠特元富04購01  ,0,0,0,0,0,0,0,0,0,-25000,0,0,0,499000,524000,-25000,-25000
067841,A50正2元富04購01,0,0,0,0,0,0,0,0,0,-25000,0,0,0,0,25000,-25000,-25000
067958,中磊永豐01購01  ,0,0,0,0,0,0,0,0,0,-25000,0,0,0,4000,29000,-25000,-25000
067918,玉晶光永豐01購02,0,0,0,0,0,0,0,0,0,-25000,0,0,0,1000,26000,-25000,-25000
1592,英瑞-KY         ,8000,28000,-20000,0,0,0,0,0,0,-5000,0,5000,-5000,0,0,0,-25000
3591,艾笛森          ,22000,46000,-24000,0,0,0,0,0,0,-1000,0,1000,-1000,0,0,0,-25000
2617,台航            ,46000,71000,-25000,0,0,0,0,0,0,0,0,0,0,0,0,0,-25000
08869P,緯穎凱基01售02  ,0,0,0,0,0,0,0,0,0,-26000,0,0,0,1000,27000,-26000,-26000
08815P,聯發科國泰03售03,0,0,0,0,0,0,0,0,0,-26000,0,0,0,255000,281000,-26000,-26000
1217,愛之味          ,29000,55000,-26000,0,0,0,0,0,0,0,0,0,0,0,0,0,-26000
064041,國巨統一01購07  ,0,0,0,0,0,0,0,0,0,-26000,0,0,0,0,26000,-26000,-26000
07084P,S&P正2元富9B售02,0,0,0,0,0,0,0,0,0,-26000,0,0,0,0,26000,-26000,-26000
068346,GIS麥證01購02   ,0,0,0,100000,126000,-26000,0,0,0,-26000,0,0,0,100000,126000,-26000,-26000
068487,台積電元大01購46,0,0,0,0,0,0,0,0,0,-26000,0,0,0,28000,54000,-26000,-26000
062228,南六統一02購01  ,0,0,0,0,0,0,0,0,0,-26000,0,0,0,10000,36000,-26000,-26000
058878,旭富國泰9B購01  ,0,0,0,0,0,0,0,0,0,-26000,0,0,0,10000,36000,-26000,-26000
059348,日月光凱基99購01,0,0,0,0,0,0,0,0,0,-26000,0,0,0,0,26000,-26000,-26000
059334,A50正2國票9A購02,0,0,0,0,0,0,0,0,0,-26000,0,0,0,11000,37000,-26000,-26000
059955,美食康和99購01  ,0,0,0,0,0,0,0,0,0,-26000,0,0,0,0,26000,-26000,-26000
053764,A50正2富邦99購01,0,0,0,0,0,0,0,0,0,-26000,0,0,0,4000,30000,-26000,-26000
062729,神達凱基9B購02  ,0,0,0,0,0,0,0,0,0,-26000,0,0,0,22000,48000,-26000,-26000
061702,奇鋐國票9A購02  ,0,0,0,0,0,0,0,0,0,-26000,0,0,0,0,26000,-26000,-26000
061669,崇越中信9A購01  ,0,0,0,0,0,0,0,0,0,-26000,0,0,0,10000,36000,-26000,-26000
062522,同欣電元大9B購02,0,0,0,0,0,0,0,0,0,-26000,0,0,0,42000,68000,-26000,-26000
062288,南六群益9B購01  ,0,0,0,0,0,0,0,0,0,-26000,0,0,0,24000,50000,-26000,-26000
060809,康友群益9A購01  ,0,0,0,0,0,0,0,0,0,-26000,0,0,0,0,26000,-26000,-26000
067742,大立光元大01購16,0,0,0,0,0,0,0,0,0,-26000,0,0,0,12000,38000,-26000,-26000
068185,嘉聯益群益01購01,0,0,0,0,0,0,0,0,0,-26000,0,0,0,225000,251000,-26000,-26000
067380,華擎統一02購02  ,0,0,0,0,0,0,0,0,0,-26000,0,0,0,15000,41000,-26000,-26000
065735,矽格凱基01購02  ,0,0,0,0,0,0,0,0,0,-26000,0,0,0,10000,36000,-26000,-26000
066430,台郡元大01購01  ,0,0,0,0,0,0,0,0,0,-26000,0,0,0,97000,123000,-26000,-26000
3028,增你強          ,8000,32000,-24000,0,0,0,0,0,0,-2000,0,2000,-2000,0,0,0,-26000
9902,台火            ,1000,27000,-26000,0,0,0,0,0,0,0,0,0,0,0,0,0,-26000
07707P,玉山金元大9A售03,0,0,0,0,0,0,0,0,0,-27000,0,0,0,0,27000,-27000,-27000
064810,嘉晶元大01購01  ,0,0,0,0,0,0,0,0,0,-27000,0,0,0,170000,197000,-27000,-27000
065110,嘉澤國票01購01  ,0,0,0,0,0,0,0,0,0,-27000,0,0,0,99000,126000,-27000,-27000
056497,GIS國泰99購01   ,0,0,0,0,0,0,0,0,0,-27000,0,0,0,0,27000,-27000,-27000
03068P,美律群益01售03  ,0,0,0,0,0,0,0,0,0,-27000,0,0,0,20000,47000,-27000,-27000
059068,台虹國票9A購01  ,0,0,0,0,0,0,0,0,0,-27000,0,0,0,0,27000,-27000,-27000
061742,奇鋐凱基9B購01  ,0,0,0,0,0,0,0,0,0,-27000,0,0,0,20000,47000,-27000,-27000
060952,滬深2X群益9C購05,0,0,0,0,0,0,0,0,0,-27000,0,0,0,5000,32000,-27000,-27000
066336,聯陽永豐01購01  ,0,0,0,0,0,0,0,0,0,-27000,0,0,0,23000,50000,-27000,-27000
066600,瀚宇博國泰03購01,0,0,0,0,0,0,0,0,0,-27000,0,0,0,107000,134000,-27000,-27000
065988,晶技永豐01購01  ,0,0,0,0,0,0,0,0,0,-27000,0,0,0,66000,93000,-27000,-27000
067634,高鐵永豐01購01  ,0,0,0,0,0,0,0,0,0,-27000,0,0,0,0,27000,-27000,-27000
067247,瀚宇博群益01購02,0,0,0,0,0,0,0,0,0,-27000,0,0,0,0,27000,-27000,-27000
068254,訊連元大01購02  ,0,0,0,0,0,0,0,0,0,-27000,0,0,0,0,27000,-27000,-27000
8463,潤泰材          ,9000,36000,-27000,0,0,0,0,0,0,0,1000,1000,0,0,0,0,-27000
6598,ABC-KY          ,2000,29000,-27000,0,0,0,0,0,0,0,0,0,0,0,0,0,-27000
2642,宅配通          ,3000,30000,-27000,0,0,0,0,0,0,0,0,0,0,0,0,0,-27000
1463,強盛            ,9000,42000,-33000,0,0,0,0,0,0,6000,6000,0,6000,0,0,0,-27000
2365,昆盈            ,9000,16000,-7000,0,0,0,0,0,0,-20000,0,20000,-20000,0,0,0,-27000
08922P,京元電永豐01售01,0,0,0,0,0,0,0,0,0,-28000,0,0,0,0,28000,-28000,-28000
08425P,世紀鋼元富9C售03,0,0,0,0,0,0,0,0,0,-28000,0,0,0,35000,63000,-28000,-28000
064782,健策群益9C購02  ,0,0,0,0,0,0,0,0,0,-28000,0,0,0,31000,59000,-28000,-28000
064448,裕隆統一02購01  ,0,0,0,0,0,0,0,0,0,-28000,0,0,0,319000,347000,-28000,-28000
068372,聯電永豐01購01  ,0,0,0,0,0,0,0,0,0,-28000,0,0,0,131000,159000,-28000,-28000
060713,聯詠永豐9A購01  ,0,0,0,0,0,0,0,0,0,-28000,0,0,0,20000,48000,-28000,-28000
061522,元黃金凱基01購01,0,0,0,0,0,0,0,0,0,-28000,0,0,0,2000,30000,-28000,-28000
060664,聯詠凱基9A購01  ,0,0,0,0,0,0,0,0,0,-28000,0,0,0,1000,29000,-28000,-28000
04006P,滬深2X國票9B售01,0,0,0,0,0,0,0,0,0,-28000,0,0,0,71000,99000,-28000,-28000
056904,大立光元大99購05,0,0,0,0,0,0,0,0,0,-28000,0,0,0,0,28000,-28000,-28000
056269,新日興統一98購01,0,0,0,0,0,0,0,0,0,-28000,0,0,0,0,28000,-28000,-28000
056670,樺漢國票99購01  ,0,0,0,0,0,0,0,0,0,-28000,0,0,0,0,28000,-28000,-28000
061020,超眾國票9A購02  ,0,0,0,0,0,0,0,0,0,-28000,0,0,0,0,28000,-28000,-28000
060999,國巨兆豐9A購01  ,0,0,0,0,0,0,0,0,0,-28000,0,0,0,0,28000,-28000,-28000
061720,智邦國泰9C購01  ,0,0,0,0,0,0,0,0,0,-28000,0,0,0,2000,30000,-28000,-28000
063194,華新科台新9B購01,0,0,0,0,0,0,0,0,0,-28000,0,0,0,1000,29000,-28000,-28000
06326P,鴻海中信01售01  ,0,0,0,0,0,0,0,0,0,-28000,0,0,0,838000,866000,-28000,-28000
067168,國巨麥證01購05  ,0,0,0,0,28000,-28000,0,0,0,-28000,0,0,0,0,28000,-28000,-28000
065668,南亞科凱基9C購02,0,0,0,0,0,0,0,0,0,-28000,0,0,0,81000,109000,-28000,-28000
066431,台郡元大02購01  ,0,0,0,0,0,0,0,0,0,-28000,0,0,0,69000,97000,-28000,-28000
1506,正道            ,13000,41000,-28000,0,0,0,0,0,0,0,0,0,0,0,0,0,-28000
2530,華建            ,39000,55000,-16000,0,0,0,0,0,0,-12000,0,12000,-12000,0,0,0,-28000
5607,遠雄港          ,43000,71000,-28000,0,0,0,0,0,0,0,0,0,0,0,0,0,-28000
4526,東台            ,30000,41000,-11000,0,0,0,0,0,0,-17000,0,17000,-17000,0,0,0,-28000
08516P,技嘉群益01售02  ,0,0,0,0,0,0,0,0,0,-29000,0,0,0,4000,33000,-29000,-29000
08685P,南電凱基01售03  ,0,0,0,0,0,0,0,0,0,-29000,0,0,0,1000,30000,-29000,-29000
1220,台榮            ,1000,30000,-29000,0,0,0,0,0,0,0,0,0,0,0,0,0,-29000
08951P,臺股指國票01售08,0,0,0,0,0,0,0,0,0,-29000,0,0,0,56000,85000,-29000,-29000
1437,勤益控          ,7000,32000,-25000,0,0,0,0,0,0,-4000,0,4000,-4000,0,0,0,-29000
056605,台積電富邦9B購02,0,0,0,0,0,0,0,0,0,-29000,0,0,0,4000,33000,-29000,-29000
03040P,玉晶光國票03售02,0,0,0,0,0,0,0,0,0,-29000,0,0,0,20000,49000,-29000,-29000
059517,茂林永豐99購02  ,0,0,0,0,0,0,0,0,0,-29000,0,0,0,35000,64000,-29000,-29000
062632,嘉晶國票9B購01  ,0,0,0,0,0,0,0,0,0,-29000,0,0,0,29000,58000,-29000,-29000
060983,南亞科元大9A購06,0,0,0,0,0,0,0,0,0,-29000,0,0,0,21000,50000,-29000,-29000
062184,奇鋐元大9B購02  ,0,0,0,0,0,0,0,0,0,-29000,0,0,0,42000,71000,-29000,-29000
065366,英業達元大9C購02,0,0,0,0,0,0,0,0,0,-29000,0,0,0,10000,39000,-29000,-29000
066372,惠特中信01購01  ,0,0,0,0,0,0,0,0,0,-29000,0,0,0,50000,79000,-29000,-29000
066815,華擎兆豐03購01  ,0,0,0,0,0,0,0,0,0,-29000,0,0,0,25000,54000,-29000,-29000
065730,新日興凱基9C購01,0,0,0,0,0,0,0,0,0,-29000,0,0,0,5000,34000,-29000,-29000
065832,貿聯凱基02購03  ,0,0,0,0,0,0,0,0,0,-29000,0,0,0,0,29000,-29000,-29000
067029,台表科兆豐03購01,0,0,0,0,0,0,0,0,0,-29000,0,0,0,55000,84000,-29000,-29000
6139,亞翔            ,179000,308000,-129000,0,0,0,0,0,0,100000,100000,0,100000,0,0,0,-29000
3062,建漢            ,410000,439000,-29000,0,0,0,0,0,0,0,0,0,0,0,0,0,-29000
08668P,燿華群益01售01  ,0,0,0,0,0,0,0,0,0,-30000,0,0,0,0,30000,-30000,-30000
08732P,臺股指麥證01售04,0,0,0,0,30000,-30000,0,0,0,-30000,0,0,0,0,30000,-30000,-30000
08412P,群創凱基01售03  ,0,0,0,0,0,0,0,0,0,-30000,0,0,0,0,30000,-30000,-30000
08336P,聯發科中信9C售05,0,0,0,0,0,0,0,0,0,-30000,0,0,0,0,30000,-30000,-30000
064087,華新科凱基9C購03,0,0,0,0,0,0,0,0,0,-30000,0,0,0,1000,31000,-30000,-30000
07868P,健策元大9B售05  ,0,0,0,0,0,0,0,0,0,-30000,0,0,0,0,30000,-30000,-30000
07358P,鴻海元大99售39  ,0,0,0,0,0,0,0,0,0,-30000,0,0,0,10000,40000,-30000,-30000
07080P,健策群益9A售01  ,0,0,0,0,0,0,0,0,0,-30000,0,0,0,0,30000,-30000,-30000
064407,貿聯凱基02購02  ,0,0,0,0,0,0,0,0,0,-30000,0,0,0,80000,110000,-30000,-30000
08170P,緯穎群益9B售03  ,0,0,0,0,0,0,0,0,0,-30000,0,0,0,0,30000,-30000,-30000
07990P,緯穎凱基9B售02  ,0,0,0,0,0,0,0,0,0,-30000,0,0,0,32000,62000,-30000,-30000
07913P,友達元大01售01  ,20000,0,20000,0,0,0,0,0,0,-50000,0,0,0,0,50000,-50000,-30000
08157P,大立光元富9B售06,0,0,0,0,0,0,0,0,0,-30000,0,0,0,8000,38000,-30000,-30000
065021,貿聯富邦03購01  ,0,0,0,0,0,0,0,0,0,-30000,0,0,0,0,30000,-30000,-30000
059355,國巨富邦9B購03  ,0,0,0,0,0,0,0,0,0,-30000,0,0,0,0,30000,-30000,-30000
059252,聯詠凱基99購03  ,0,0,0,0,0,0,0,0,0,-30000,0,0,0,0,30000,-30000,-30000
060313,淘帝永豐9A購01  ,0,0,0,0,0,0,0,0,0,-30000,0,0,0,0,30000,-30000,-30000
059890,大立光國票99購03,0,0,0,0,0,0,0,0,0,-30000,0,0,0,0,30000,-30000,-30000
060036,上証2X國票99購03,0,0,0,0,0,0,0,0,0,-30000,0,0,0,60000,90000,-30000,-30000
058575,智邦群益99購01  ,0,0,0,0,0,0,0,0,0,-30000,0,0,0,0,30000,-30000,-30000
059872,華新科凱基01購01,0,0,0,0,0,0,0,0,0,-30000,0,0,0,0,30000,-30000,-30000
062821,華擎兆豐9C購01  ,0,0,0,0,0,0,0,0,0,-30000,0,0,0,0,30000,-30000,-30000
062907,可成元大9C購03  ,0,0,0,0,0,0,0,0,0,-30000,0,0,0,1000,31000,-30000,-30000
062844,T50反1國泰9C購01,0,0,0,0,0,0,0,0,0,-30000,0,0,0,0,30000,-30000,-30000
057897,華通富邦99購01  ,0,0,0,0,0,0,0,0,0,-30000,0,0,0,0,30000,-30000,-30000
00731,FH富時高息低波  ,0,1000,-1000,0,0,0,0,0,0,-29000,0,0,0,1001000,1030000,-29000,-30000
01003T,兆豐新光R1      ,16000,46000,-30000,0,0,0,0,0,0,0,0,0,0,0,0,0,-30000
057138,亞德客兆豐98購01,0,0,0,0,0,0,0,0,0,-30000,0,0,0,0,30000,-30000,-30000
053328,滬深2X永豐99購01,0,0,0,0,0,0,0,0,0,-30000,0,0,0,0,30000,-30000,-30000
057393,台積電中信02購01,0,0,0,0,0,0,0,0,0,-30000,0,0,0,0,30000,-30000,-30000
02001R,富邦蘋果反一N   ,0,0,0,0,0,0,0,0,0,-30000,0,0,0,0,30000,-30000,-30000
03171P,台積電中信05售07,0,0,0,0,0,0,0,0,0,-30000,0,0,0,0,30000,-30000,-30000
03161P,景碩元大01售03  ,0,0,0,0,0,0,0,0,0,-30000,0,0,0,0,30000,-30000,-30000
03164P,牧德元大01售03  ,0,0,0,0,0,0,0,0,0,-30000,0,0,0,50000,80000,-30000,-30000
057536,康控元大99購03  ,0,0,0,0,0,0,0,0,0,-30000,0,0,0,90000,120000,-30000,-30000
057554,新日興凱基99購02,0,0,0,0,0,0,0,0,0,-30000,0,0,0,0,30000,-30000,-30000
057575,世紀鋼永豐98購02,0,0,0,0,0,0,0,0,0,-30000,0,0,0,1000,31000,-30000,-30000
058546,玉晶光富邦9B購01,0,0,0,0,0,0,0,0,0,-30000,0,0,0,10000,40000,-30000,-30000
056573,華新科元大99購06,0,0,0,0,0,0,0,0,0,-30000,0,0,0,0,30000,-30000,-30000
053739,A50正2國票9A購01,0,0,0,0,0,0,0,0,0,-30000,0,0,0,0,30000,-30000,-30000
057494,玉晶光元大99購09,0,0,0,0,0,0,0,0,0,-30000,0,0,0,3000,33000,-30000,-30000
061976,國巨元大9B購01  ,0,0,0,0,0,0,0,0,0,-30000,0,0,0,20000,50000,-30000,-30000
060975,滬深2X元大01購02,0,0,0,0,0,0,0,0,0,-30000,0,0,0,0,30000,-30000,-30000
061101,道瓊銀元大9A購02,0,0,0,0,0,0,0,0,0,-30000,0,0,0,10000,40000,-30000,-30000
061387,鴻海群益9A購05  ,0,0,0,0,0,0,0,0,0,-30000,0,0,0,0,30000,-30000,-30000
062463,世紀鋼麥證9B購01,0,0,0,40000,70000,-30000,0,0,0,-30000,0,0,0,40000,70000,-30000,-30000
063204,高鐵統一9C購01  ,0,0,0,0,0,0,0,0,0,-30000,0,0,0,0,30000,-30000,-30000
063290,GIS元大9B購02   ,0,0,0,0,0,0,0,0,0,-30000,0,0,0,45000,75000,-30000,-30000
062332,大立光統一9B購11,0,0,0,0,0,0,0,0,0,-30000,0,0,0,20000,50000,-30000,-30000
062383,大立光國泰01購01,0,0,0,0,0,0,0,0,0,-30000,0,0,0,0,30000,-30000,-30000
06344P,臺股指統一99售03,0,0,0,0,0,0,0,0,0,-30000,0,0,0,0,30000,-30000,-30000
063504,國巨群益9C購06  ,0,0,0,0,0,0,0,0,0,-30000,0,0,0,5000,35000,-30000,-30000
067131,為升永豐01購01  ,0,0,0,0,0,0,0,0,0,-30000,0,0,0,0,30000,-30000,-30000
067609,智易凱基01購01  ,0,0,0,0,0,0,0,0,0,-30000,0,0,0,1000,31000,-30000,-30000
067472,台積電元大03購01,0,0,0,0,0,0,0,0,0,-30000,0,0,0,0,30000,-30000,-30000
068182,群創群益04購01  ,0,0,0,0,0,0,0,0,0,-30000,0,0,0,0,30000,-30000,-30000
068054,玉晶光統一03購04,0,0,0,0,0,0,0,0,0,-30000,0,0,0,40000,70000,-30000,-30000
067990,台積電元大01購32,0,0,0,0,0,0,0,0,0,-30000,0,0,0,270000,300000,-30000,-30000
067765,百和永豐01購01  ,0,0,0,0,0,0,0,0,0,-30000,0,0,0,30000,60000,-30000,-30000
067910,玉晶光國泰03購03,0,0,0,0,0,0,0,0,0,-30000,0,0,0,0,30000,-30000,-30000
06577P,聯發科日盛9A售02,0,0,0,0,0,0,0,0,0,-30000,0,0,0,0,30000,-30000,-30000
066150,國巨麥證01購02  ,0,0,0,0,30000,-30000,0,0,0,-30000,0,0,0,0,30000,-30000,-30000
066180,正文凱基01購01  ,0,0,0,0,0,0,0,0,0,-30000,0,0,0,0,30000,-30000,-30000
066974,SP黃豆群益03購01,0,0,0,0,0,0,0,0,0,-30000,0,0,0,0,30000,-30000,-30000
066640,達麗凱基01購01  ,0,0,0,0,0,0,0,0,0,-30000,0,0,0,20000,50000,-30000,-30000
066742,健策元大02購03  ,0,0,0,0,0,0,0,0,0,-30000,0,0,0,194000,224000,-30000,-30000
066762,總太永豐01購02  ,0,0,0,0,0,0,0,0,0,-30000,0,0,0,162000,192000,-30000,-30000
1612,宏泰            ,3000,50000,-47000,0,0,0,0,0,0,17000,17000,0,17000,0,0,0,-30000
064741,南亞科國票01購01,0,0,0,0,0,0,0,0,0,-31000,0,0,0,0,31000,-31000,-31000
064262,玉晶光永豐9C購03,0,0,0,0,0,0,0,0,0,-31000,0,0,0,3000,34000,-31000,-31000
08527P,大立光元大01售06,0,0,0,0,0,0,0,0,0,-31000,0,0,0,4000,35000,-31000,-31000
08486P,富邦金群益9C售02,0,0,0,0,0,0,0,0,0,-31000,0,0,0,10000,41000,-31000,-31000
056279,新日興富邦99購01,0,0,0,0,0,0,0,0,0,-31000,0,0,0,0,31000,-31000,-31000
03023P,玉晶光群益02售27,0,0,0,0,0,0,0,0,0,-31000,0,0,0,0,31000,-31000,-31000
058851,大立光群益99購07,0,0,0,0,0,0,0,0,0,-31000,0,0,0,0,31000,-31000,-31000
059029,旺宏兆豐99購01  ,0,0,0,0,0,0,0,0,0,-31000,0,0,0,9000,40000,-31000,-31000
058944,元石油群益9C購02,0,0,0,0,0,0,0,0,0,-31000,0,0,0,19000,50000,-31000,-31000
064016,南六國票01購01  ,0,0,0,0,0,0,0,0,0,-31000,0,0,0,3000,34000,-31000,-31000
060813,高鐵凱基9A購01  ,0,0,0,0,0,0,0,0,0,-31000,0,0,0,0,31000,-31000,-31000
063347,祥碩統一01購03  ,0,0,0,0,0,0,0,0,0,-31000,0,0,0,54000,85000,-31000,-31000
063225,茂林群益9B購04  ,0,0,0,0,0,0,0,0,0,-31000,0,0,0,40000,71000,-31000,-31000
062661,華通群益9B購05  ,0,0,0,0,0,0,0,0,0,-31000,0,0,0,69000,100000,-31000,-31000
062793,鴻海統一9B購06  ,0,0,0,0,0,0,0,0,0,-31000,0,0,0,0,31000,-31000,-31000
063367,GIS富邦9B購01   ,0,0,0,0,0,0,0,0,0,-31000,0,0,0,0,31000,-31000,-31000
063021,大立光元大9C購05,0,0,0,0,0,0,0,0,0,-31000,0,0,0,2000,33000,-31000,-31000
065308,葡萄王國票01購01,0,0,0,0,0,0,0,0,0,-31000,0,0,0,0,31000,-31000,-31000
065588,聯發科永豐9C購02,0,0,0,0,0,0,0,0,0,-31000,0,0,0,0,31000,-31000,-31000
066783,友達中信01購04  ,0,0,0,0,0,0,0,0,0,-31000,0,0,0,0,31000,-31000,-31000
066776,創意富邦03購02  ,0,0,0,0,0,0,0,0,0,-31000,0,0,0,90000,121000,-31000,-31000
067722,國產凱基01購01  ,0,0,0,0,0,0,0,0,0,-31000,0,0,0,4000,35000,-31000,-31000
068047,台積電統一03購06,0,0,0,0,0,0,0,0,0,-31000,0,0,0,0,31000,-31000,-31000
067192,矽格凱基01購03  ,0,0,0,0,0,0,0,0,0,-31000,0,0,0,36000,67000,-31000,-31000
08927P,技嘉元富07售04  ,0,0,0,0,0,0,0,0,0,-32000,0,0,0,0,32000,-32000,-32000
064122,國巨元大9C購17  ,0,0,0,0,0,0,0,0,0,-32000,0,0,0,11000,43000,-32000,-32000
08209P,上銀元富9B售06  ,0,0,0,0,0,0,0,0,0,-32000,0,0,0,101000,133000,-32000,-32000
064418,鴻海兆豐01購02  ,0,0,0,0,0,0,0,0,0,-32000,0,0,0,0,32000,-32000,-32000
068656,台積電元大02購09,0,0,0,0,0,0,0,0,0,-32000,0,0,0,0,32000,-32000,-32000
07774P,台灣50群益9A售16,0,0,0,0,0,0,0,0,0,-32000,0,0,0,0,32000,-32000,-32000
068533,台郡元富07購03  ,0,0,0,0,0,0,0,0,0,-32000,0,0,0,0,32000,-32000,-32000
057758,鴻海凱基99購03  ,0,0,0,0,0,0,0,0,0,-32000,0,0,0,16000,48000,-32000,-32000
062192,南六元大9B購01  ,0,0,0,0,0,0,0,0,0,-32000,0,0,0,58000,90000,-32000,-32000
055999,電子類富邦99購01,0,0,0,0,0,0,0,0,0,-32000,0,0,0,0,32000,-32000,-32000
065353,GIS統一02購03   ,0,0,0,0,0,0,0,0,0,-32000,0,0,0,0,32000,-32000,-32000
062173,世紀鋼永豐9B購01,0,0,0,0,0,0,0,0,0,-32000,0,0,0,0,32000,-32000,-32000
061776,晶技國票9B購01  ,0,0,0,0,0,0,0,0,0,-32000,0,0,0,58000,90000,-32000,-32000
063184,台光電凱基9B購03,0,0,0,0,0,0,0,0,0,-32000,0,0,0,25000,57000,-32000,-32000
060792,信錦永豐9A購01  ,0,0,0,0,0,0,0,0,0,-32000,0,0,0,0,32000,-32000,-32000
067260,台郡國票02購02  ,0,0,0,0,0,0,0,0,0,-32000,0,0,0,0,32000,-32000,-32000
067332,旺宏凱基03購02  ,0,0,0,0,0,0,0,0,0,-32000,0,0,0,15000,47000,-32000,-32000
067466,元金2X元大03購01,0,0,0,0,0,0,0,0,0,-32000,0,0,0,0,32000,-32000,-32000
06799P,臺股指凱基98售09,0,0,0,0,0,0,0,0,0,-32000,0,0,0,20000,52000,-32000,-32000
068100,喬山永豐01購01  ,0,0,0,0,0,0,0,0,0,-32000,0,0,0,20000,52000,-32000,-32000
067954,大立光永豐01購02,0,0,0,0,0,0,0,0,0,-32000,0,0,0,0,32000,-32000,-32000
067844,全新元富07購01  ,0,0,0,0,0,0,0,0,0,-32000,0,0,0,0,32000,-32000,-32000
066956,華擎元大01購04  ,0,0,0,0,0,0,0,0,0,-32000,0,0,0,195000,227000,-32000,-32000
066094,元黃金中信03購01,0,0,0,0,0,0,0,0,0,-32000,0,0,0,1000,33000,-32000,-32000
9939,宏全            ,384000,432000,-48000,0,0,0,0,0,0,16000,30000,2000,28000,2000,14000,-12000,-32000
07789P,緯穎群益9A售03  ,0,0,0,0,0,0,0,0,0,-33000,0,0,0,0,33000,-33000,-33000
08093P,英業達元富9B售02,0,0,0,0,0,0,0,0,0,-33000,0,0,0,47000,80000,-33000,-33000
07974P,上証2X元大9B售02,0,0,0,0,0,0,0,0,0,-33000,0,0,0,699000,732000,-33000,-33000
064277,可成元大9C購04  ,0,0,0,0,0,0,0,0,0,-33000,0,0,0,3000,36000,-33000,-33000
08312P,旺宏國票01售01  ,0,0,0,0,0,0,0,0,0,-33000,0,0,0,0,33000,-33000,-33000
064555,力山群益01購01  ,0,0,0,0,0,0,0,0,0,-33000,0,0,0,4000,37000,-33000,-33000
1442,名軒            ,122000,163000,-41000,0,0,0,0,0,0,8000,8000,0,8000,0,0,0,-33000
08354P,旺宏元大9C售05  ,0,0,0,0,0,0,0,0,0,-33000,0,0,0,25000,58000,-33000,-33000
059714,A50正2元大9C購01,0,0,0,0,0,0,0,0,0,-33000,0,0,0,0,33000,-33000,-33000
058456,京鼎永豐99購01  ,0,0,0,0,0,0,0,0,0,-33000,0,0,0,10000,43000,-33000,-33000
061546,大立光群益9A購05,0,0,0,0,0,0,0,0,0,-33000,0,0,0,0,33000,-33000,-33000
059143,國巨國票9A購04  ,0,0,0,0,0,0,0,0,0,-33000,0,0,0,44000,77000,-33000,-33000
063443,金像電統一01購02,0,0,0,0,0,0,0,0,0,-33000,0,0,0,0,33000,-33000,-33000
063218,台塑群益9B購01  ,0,0,0,0,0,0,0,0,0,-33000,0,0,0,0,33000,-33000,-33000
062107,台光電國票9B購01,0,0,0,0,0,0,0,0,0,-33000,0,0,0,0,33000,-33000,-33000
065222,玉晶光永豐9C購07,0,0,0,0,0,0,0,0,0,-33000,0,0,0,30000,63000,-33000,-33000
063388,台光電兆豐9C購01,0,0,0,0,0,0,0,0,0,-33000,0,0,0,126000,159000,-33000,-33000
068008,聯茂元大01購02  ,0,0,0,0,0,0,0,0,0,-33000,0,0,0,78000,111000,-33000,-33000
067970,玉晶光群益02購20,0,0,0,0,0,0,0,0,0,-33000,0,0,0,8000,41000,-33000,-33000
067298,台積電元大02購04,0,0,0,0,0,0,0,0,0,-33000,0,0,0,294000,327000,-33000,-33000
9941,裕融            ,21000,49000,-28000,0,0,0,0,0,0,-5000,0,5000,-5000,0,0,0,-33000
4943,康控-KY         ,210000,225000,-15000,0,0,0,0,0,0,-18000,0,0,0,69000,87000,-18000,-33000
3607,谷崧            ,15000,47000,-32000,0,0,0,0,0,0,-1000,0,1000,-1000,0,0,0,-33000
064165,同欣電統一01購01,0,0,0,0,0,0,0,0,0,-34000,0,0,0,73000,107000,-34000,-34000
065044,大立光凱基9C購06,0,0,0,0,0,0,0,0,0,-34000,0,0,0,0,34000,-34000,-34000
07982P,全新群益9B售04  ,0,0,0,0,0,0,0,0,0,-34000,0,0,0,83000,117000,-34000,-34000
064707,群創富邦9C購02  ,0,0,0,0,0,0,0,0,0,-34000,0,0,0,0,34000,-34000,-34000
064464,台郡統一01購01  ,0,0,0,0,0,0,0,0,0,-34000,0,0,0,149000,183000,-34000,-34000
057589,超眾國票9A購01  ,0,0,0,0,0,0,0,0,0,-34000,0,0,0,0,34000,-34000,-34000
062346,智邦群益9B購02  ,0,0,0,0,0,0,0,0,0,-34000,0,0,0,4000,38000,-34000,-34000
063989,大立光永豐9C購01,0,0,0,0,0,0,0,0,0,-34000,0,0,0,0,34000,-34000,-34000
067362,眾達群益01購02  ,0,0,0,0,0,0,0,0,0,-34000,0,0,0,0,34000,-34000,-34000
067632,台積電永豐01購03,0,0,0,0,0,0,0,0,0,-34000,0,0,0,0,34000,-34000,-34000
065855,瀚宇博元大9C購03,0,0,0,0,0,0,0,0,0,-34000,0,0,0,18000,52000,-34000,-34000
066799,台光電凱基01購02,0,0,0,0,0,0,0,0,0,-34000,0,0,0,50000,84000,-34000,-34000
066337,聯陽永豐01購02  ,0,0,0,0,0,0,0,0,0,-34000,0,0,0,55000,89000,-34000,-34000
066338,德律永豐01購01  ,0,0,0,0,0,0,0,0,0,-34000,0,0,0,20000,54000,-34000,-34000
4141,龍燈-KY         ,7000,34000,-27000,0,0,0,0,0,0,-7000,0,7000,-7000,0,0,0,-34000
2852,第一保          ,16000,51000,-35000,0,0,0,0,0,0,1000,1000,0,1000,0,0,0,-34000
1702,南僑            ,31000,65000,-34000,0,0,0,0,0,0,0,0,0,0,0,0,0,-34000
1707,葡萄王          ,8000,42000,-34000,0,0,0,0,0,0,0,0,0,0,0,0,0,-34000
2428,興勤            ,26000,42000,-16000,0,0,0,0,0,0,-18000,0,0,0,0,18000,-18000,-34000
2466,冠西電          ,11000,45000,-34000,0,0,0,0,0,0,0,0,0,0,0,0,0,-34000
6108,競國            ,7000,52000,-45000,0,0,0,0,0,0,11000,12000,1000,11000,0,0,0,-34000
2395,研華            ,1552538,1477269,75269,0,0,0,15000,0,15000,-125001,6000,59000,-53000,0,72001,-72001,-34732
08156P,大立光元富9B售05,0,0,0,0,0,0,0,0,0,-35000,0,0,0,9000,44000,-35000,-35000
08192P,大毅國票9B售05  ,0,0,0,0,0,0,0,0,0,-35000,0,0,0,0,35000,-35000,-35000
08233P,國泰金元富9B售01,0,0,0,0,0,0,0,0,0,-35000,0,0,0,266000,301000,-35000,-35000
064513,T50反1群益9C購01,0,0,0,0,0,0,0,0,0,-35000,0,0,0,40000,75000,-35000,-35000
064520,京鼎群益02購01  ,0,0,0,0,0,0,0,0,0,-35000,0,0,0,0,35000,-35000,-35000
064134,瑞祺元大9C購02  ,0,0,0,0,0,0,0,0,0,-35000,0,0,0,16000,51000,-35000,-35000
1104,環泥            ,8000,39000,-31000,0,0,0,0,0,0,-4000,0,4000,-4000,0,0,0,-35000
08792P,聯發科中信02售02,0,0,0,0,0,0,0,0,0,-35000,0,0,0,100000,135000,-35000,-35000
058346,嘉晶群益99購01  ,0,0,0,0,0,0,0,0,0,-35000,0,0,0,0,35000,-35000,-35000
058333,鴻海元富99購04  ,0,0,0,0,0,0,0,0,0,-35000,0,0,0,0,35000,-35000,-35000
052766,玉晶光群益9A購01,0,0,0,0,0,0,0,0,0,-35000,0,0,0,0,35000,-35000,-35000
053361,友達元富99購01  ,0,0,0,0,0,0,0,0,0,-35000,0,0,0,281000,316000,-35000,-35000
059924,世紀鋼元大99購06,0,0,0,0,0,0,0,0,0,-35000,0,0,0,9000,44000,-35000,-35000
058591,台灣50統一9B購02,0,0,0,0,0,0,0,0,0,-35000,0,0,0,0,35000,-35000,-35000
060059,鴻海兆豐99購06  ,0,0,0,0,0,0,0,0,0,-35000,0,0,0,0,35000,-35000,-35000
060707,台郡富邦9A購01  ,0,0,0,0,0,0,0,0,0,-35000,0,0,0,53000,88000,-35000,-35000
063716,旺宏兆豐9B購01  ,0,0,0,0,0,0,0,0,0,-35000,0,0,0,15000,50000,-35000,-35000
062705,美食元大9B購01  ,0,0,0,0,0,0,0,0,0,-35000,0,0,0,28000,63000,-35000,-35000
060987,華新科元大9A購11,0,0,0,0,0,0,0,0,0,-35000,0,0,0,15000,50000,-35000,-35000
065235,旭富凱基02購01  ,0,0,0,0,0,0,0,0,0,-35000,0,0,0,15000,50000,-35000,-35000
061996,矽格元大9B購01  ,0,0,0,0,0,0,0,0,0,-35000,0,0,0,0,35000,-35000,-35000
066413,鴻海元大01購06  ,0,0,0,0,0,0,0,0,0,-35000,0,0,0,77000,112000,-35000,-35000
066081,文曄國泰03購01  ,0,0,0,0,0,0,0,0,0,-35000,0,0,0,6000,41000,-35000,-35000
067467,鴻海元大01購16  ,0,0,0,0,0,0,0,0,0,-35000,0,0,0,65000,100000,-35000,-35000
067450,聯發科國票02購01,0,0,0,0,0,0,0,0,0,-35000,0,0,0,29000,64000,-35000,-35000
067300,金像電元大02購02,0,0,0,0,0,0,0,0,0,-35000,0,0,0,29000,64000,-35000,-35000
067046,聯發科凱基04購01,0,0,0,0,0,0,0,0,0,-35000,0,0,0,18000,53000,-35000,-35000
067989,台積電元大01購31,0,0,0,0,0,0,0,0,0,-35000,0,0,0,280000,315000,-35000,-35000
068016,宏碁國票02購01  ,0,0,0,0,0,0,0,0,0,-35000,0,0,0,0,35000,-35000,-35000
067904,SP黃豆國泰03購01,0,0,0,0,0,0,0,0,0,-35000,0,0,0,5000,40000,-35000,-35000
067917,冠德永豐01購01  ,0,0,0,0,0,0,0,0,0,-35000,0,0,0,0,35000,-35000,-35000
2034,允強            ,18000,53000,-35000,0,0,0,0,0,0,0,0,0,0,0,0,0,-35000
08491P,全新元大9C售01  ,0,0,0,0,0,0,0,0,0,-36000,0,0,0,100000,136000,-36000,-36000
064265,嘉聯益永豐9C購02,0,0,0,0,0,0,0,0,0,-36000,0,0,0,247000,283000,-36000,-36000
068323,台積電元大01購42,0,0,0,0,0,0,0,0,0,-36000,0,0,0,12000,48000,-36000,-36000
059943,信邦永豐99購01  ,0,0,0,0,0,0,0,0,0,-36000,0,0,0,2000,38000,-36000,-36000
046383,群創凱基98購01  ,0,0,0,0,0,0,0,0,0,-36000,0,0,0,2000,38000,-36000,-36000
063139,聯發科統一9B購07,0,0,0,0,0,0,0,0,0,-36000,0,0,0,10000,46000,-36000,-36000
061129,文曄永豐9A購01  ,0,0,0,0,0,0,0,0,0,-36000,0,0,0,0,36000,-36000,-36000
063858,鴻海國泰02購01  ,0,0,0,0,0,0,0,0,0,-36000,0,0,0,229000,265000,-36000,-36000
067853,京鼎國票02購01  ,0,0,0,0,0,0,0,0,0,-36000,0,0,0,0,36000,-36000,-36000
067649,台積電元富07購05,0,0,0,0,0,0,0,0,0,-36000,0,0,0,0,36000,-36000,-36000
068174,華新科中信01購01,0,0,0,0,0,0,0,0,0,-36000,0,0,0,13000,49000,-36000,-36000
2009,第一銅          ,3000,39000,-36000,0,0,0,0,0,0,0,0,0,0,0,0,0,-36000
2546,根基            ,3000,43000,-40000,0,0,0,0,0,0,4000,4000,0,4000,0,0,0,-36000
068284,香港反群益01購01,0,0,0,0,0,0,0,0,0,-37000,0,0,0,0,37000,-37000,-37000
068275,健策永豐01購04  ,0,0,0,0,0,0,0,0,0,-37000,0,0,0,46000,83000,-37000,-37000
064695,京鼎群益02購02  ,0,0,0,0,0,0,0,0,0,-37000,0,0,0,31000,68000,-37000,-37000
064999,T50反1國票9C購03,0,0,0,0,0,0,0,0,0,-37000,0,0,0,0,37000,-37000,-37000
06505P,康控國票99售02  ,0,0,0,0,0,0,0,0,0,-37000,0,0,0,23000,60000,-37000,-37000
064091,台郡凱基01購01  ,0,0,0,0,0,0,0,0,0,-37000,0,0,0,10000,47000,-37000,-37000
064035,GIS元大9C購03   ,0,0,0,0,0,0,0,0,0,-37000,0,0,0,7000,44000,-37000,-37000
08498P,大立光國票01售02,0,0,0,0,0,0,0,0,0,-37000,0,0,0,43000,80000,-37000,-37000
08905P,金像電群益01售06,0,0,0,0,0,0,0,0,0,-37000,0,0,0,1000,38000,-37000,-37000
058334,鴻海元富99購05  ,0,0,0,0,0,0,0,0,0,-37000,0,0,0,0,37000,-37000,-37000
060637,玉晶光永豐9A購03,0,0,0,0,0,0,0,0,0,-37000,0,0,0,2000,39000,-37000,-37000
058833,台表科永豐99購01,0,0,0,0,0,0,0,0,0,-37000,0,0,0,0,37000,-37000,-37000
058711,鴻海統一9A購02  ,0,0,0,0,0,0,0,0,0,-37000,0,0,0,61000,98000,-37000,-37000
063849,奇鋐元大9C購01  ,0,0,0,0,0,0,0,0,0,-37000,0,0,0,0,37000,-37000,-37000
063991,南六永豐9C購02  ,0,0,0,0,0,0,0,0,0,-37000,0,0,0,31000,68000,-37000,-37000
063500,嘉晶永豐9B購02  ,0,0,0,0,0,0,0,0,0,-37000,0,0,0,8000,45000,-37000,-37000
062619,台表科元大9B購03,0,0,0,0,0,0,0,0,0,-37000,0,0,0,10000,47000,-37000,-37000
063427,南六凱基9B購04  ,0,0,0,0,0,0,0,0,0,-37000,0,0,0,26000,63000,-37000,-37000
062035,瑞祺群益9B購01  ,0,0,0,0,0,0,0,0,0,-37000,0,0,0,0,37000,-37000,-37000
065228,南亞科凱基01購03,0,0,0,0,0,0,0,0,0,-37000,0,0,0,0,37000,-37000,-37000
060575,大立光中信9B購02,0,0,0,0,0,0,0,0,0,-37000,0,0,0,0,37000,-37000,-37000
068221,聯發科統一05購01,0,0,0,0,0,0,0,0,0,-37000,0,0,0,25000,62000,-37000,-37000
067799,玉晶光康和01購01,0,0,0,0,0,0,0,0,0,-37000,0,0,0,10000,47000,-37000,-37000
065710,嘉聯益群益9C購02,0,0,0,0,0,0,0,0,0,-37000,0,0,0,161000,198000,-37000,-37000
066584,滬深2X群益03購01,0,0,0,0,0,0,0,0,0,-37000,0,0,0,34000,71000,-37000,-37000
2887E,台新戊特        ,0,0,0,0,0,0,0,37000,-37000,0,0,0,0,0,0,0,-37000
2425,承啟            ,15000,52000,-37000,0,0,0,0,0,0,0,0,0,0,0,0,0,-37000
5519,隆大            ,22000,76000,-54000,0,0,0,0,0,0,17000,19000,2000,17000,0,0,0,-37000
9946,三發地產        ,11000,48000,-37000,0,0,0,0,0,0,0,0,0,0,0,0,0,-37000
1337,再生-KY         ,8000,45000,-37000,0,0,0,0,0,0,-1000,0,1000,-1000,0,0,0,-38000
08231P,上銀元富9B售10  ,0,0,0,0,0,0,0,0,0,-38000,0,0,0,80000,118000,-38000,-38000
068659,嘉晶元大03購01  ,0,0,0,0,0,0,0,0,0,-38000,0,0,0,13000,51000,-38000,-38000
058299,同欣電凱基9A購01,0,0,0,0,0,0,0,0,0,-38000,0,0,0,0,38000,-38000,-38000
060243,潤泰全元大9C購02,0,0,0,0,0,0,0,0,0,-38000,0,0,0,0,38000,-38000,-38000
00682U,元大美元指數    ,0,0,0,0,0,0,0,0,0,-38000,0,0,0,96000,134000,-38000,-38000
03134P,台積電中信07售05,0,0,0,0,0,0,0,0,0,-38000,0,0,0,22000,60000,-38000,-38000
056869,國巨日盛99購03  ,0,0,0,0,0,0,0,0,0,-38000,0,0,0,93000,131000,-38000,-38000
062147,大毅國票9B購02  ,0,0,0,0,0,0,0,0,0,-38000,0,0,0,38000,76000,-38000,-38000
062033,瀚宇博群益9B購01,0,0,0,0,0,0,0,0,0,-38000,0,0,0,70000,108000,-38000,-38000
060922,金像電永豐9A購01,0,0,0,0,0,0,0,0,0,-38000,0,0,0,12000,50000,-38000,-38000
063643,臻鼎元大9B購03  ,0,0,0,0,0,0,0,0,0,-38000,0,0,0,28000,66000,-38000,-38000
066623,國巨凱基04購01  ,0,0,0,0,0,0,0,0,0,-38000,0,0,0,0,38000,-38000,-38000
066626,盟立凱基01購01  ,0,0,0,0,0,0,0,0,0,-38000,0,0,0,100000,138000,-38000,-38000
06613P,華新科富邦9A售03,0,0,0,0,0,0,0,0,0,-38000,0,0,0,0,38000,-38000,-38000
067803,台積電凱基07購02,0,0,0,0,0,0,0,0,0,-38000,0,0,0,0,38000,-38000,-38000
067358,華擎群益01購05  ,0,0,0,0,0,0,0,0,0,-38000,0,0,0,8000,46000,-38000,-38000
6115,鎰勝            ,14000,54000,-40000,0,0,0,0,0,0,2000,2000,0,2000,0,0,0,-38000
1455,集盛            ,87000,123000,-36000,0,0,0,0,0,0,-2000,0,2000,-2000,0,0,0,-38000
064458,玉晶光統一01購09,0,0,0,0,0,0,0,0,0,-39000,0,0,0,3000,42000,-39000,-39000
08993P,彩晶元大01售02  ,0,0,0,0,0,0,0,0,0,-39000,0,0,0,0,39000,-39000,-39000
08743P,群創凱基01售04  ,0,0,0,0,0,0,0,0,0,-39000,0,0,0,40000,79000,-39000,-39000
08690P,友訊中信05售03  ,0,0,0,0,0,0,0,0,0,-39000,0,0,0,0,39000,-39000,-39000
057028,台郡凱基99購02  ,0,0,0,0,0,0,0,0,0,-39000,0,0,0,18000,57000,-39000,-39000
058335,鴻海元富99購06  ,0,0,0,0,0,0,0,0,0,-39000,0,0,0,0,39000,-39000,-39000
056479,玉晶光元大99購05,0,0,0,0,0,0,0,0,0,-39000,0,0,0,8000,47000,-39000,-39000
054138,晶技元大98購02  ,0,0,0,0,0,0,0,0,0,-39000,0,0,0,1000,40000,-39000,-39000
057745,泰鼎永豐99購01  ,0,0,0,0,0,0,0,0,0,-39000,0,0,0,96000,135000,-39000,-39000
061485,鴻海兆豐9A購01  ,0,0,0,0,0,0,0,0,0,-39000,0,0,0,0,39000,-39000,-39000
061583,矽創元大9A購01  ,0,0,0,0,0,0,0,0,0,-39000,0,0,0,94000,133000,-39000,-39000
063487,國巨國泰01購02  ,0,0,0,0,0,0,0,0,0,-39000,0,0,0,182000,221000,-39000,-39000
060865,創意永豐9A購01  ,0,0,0,0,0,0,0,0,0,-39000,0,0,0,31000,70000,-39000,-39000
065479,新日興元大9C購05,0,0,0,0,0,0,0,0,0,-39000,0,0,0,100000,139000,-39000,-39000
067658,矽格元富04購01  ,0,0,0,0,0,0,0,0,0,-39000,0,0,0,41000,80000,-39000,-39000
068222,緯創統一01購02  ,0,0,0,0,0,0,0,0,0,-39000,0,0,0,5000,44000,-39000,-39000
065613,GIS元大9C購08   ,0,0,0,0,0,0,0,0,0,-39000,0,0,0,68000,107000,-39000,-39000
065869,微星群益02購01  ,0,0,0,0,0,0,0,0,0,-39000,0,0,0,18000,57000,-39000,-39000
066969,可成元富07購01  ,0,0,0,0,0,0,0,0,0,-39000,0,0,0,0,39000,-39000,-39000
06687P,A50正2中信9A售01,0,0,0,0,0,0,0,0,0,-39000,0,0,0,0,39000,-39000,-39000
2010,春源            ,18000,45000,-27000,0,0,0,0,0,0,-12000,0,12000,-12000,0,0,0,-39000
3712,永崴投控        ,616000,650000,-34000,0,0,0,0,0,0,-5000,0,5000,-5000,0,0,0,-39000
6112,聚碩            ,43000,72000,-29000,0,0,0,0,0,0,-10000,0,0,0,0,10000,-10000,-39000
4942,嘉彰            ,45000,84000,-39000,0,0,0,0,0,0,0,0,0,0,0,0,0,-39000
08374P,緯穎凱基9C售01  ,0,0,0,0,0,0,0,0,0,-40000,0,0,0,0,40000,-40000,-40000
08760P,瑞昱元大01售02  ,0,0,0,0,0,0,0,0,0,-40000,0,0,0,0,40000,-40000,-40000
064065,大立光富邦02購02,0,0,0,0,0,0,0,0,0,-40000,0,0,0,0,40000,-40000,-40000
08277P,嘉晶元富9C售02  ,0,0,0,0,0,0,0,0,0,-40000,0,0,0,1000,41000,-40000,-40000
065147,寶成凱基01購01  ,0,0,0,0,0,0,0,0,0,-40000,0,0,0,50000,90000,-40000,-40000
08101P,超眾群益9B售02  ,0,0,0,0,0,0,0,0,0,-40000,0,0,0,0,40000,-40000,-40000
07949P,滬深2X元大9B售04,0,0,0,0,0,0,0,0,0,-40000,0,0,0,20000,60000,-40000,-40000
07235P,T50正2元大9C售02,0,0,0,0,0,0,0,0,0,-40000,0,0,0,2000,42000,-40000,-40000
068269,南亞科永豐01購01,0,0,0,0,0,0,0,0,0,-40000,0,0,0,18000,58000,-40000,-40000
068350,鴻海凱基03購05  ,0,0,0,0,0,0,0,0,0,-40000,0,0,0,0,40000,-40000,-40000
068425,道瓊銀凱基04購01,0,0,0,0,0,0,0,0,0,-40000,0,0,0,0,40000,-40000,-40000
061559,南亞科國票9A購02,0,0,0,0,0,0,0,0,0,-40000,0,0,0,0,40000,-40000,-40000
062214,金寶統一01購01  ,0,0,0,0,0,0,0,0,0,-40000,0,0,0,0,40000,-40000,-40000
062223,大立光統一9C購04,0,0,0,0,0,0,0,0,0,-40000,0,0,0,0,40000,-40000,-40000
062259,可成元大9B購03  ,0,0,0,0,0,0,0,0,0,-40000,0,0,0,11000,51000,-40000,-40000
060310,瑞昱永豐9A購01  ,0,0,0,0,0,0,0,0,0,-40000,0,0,0,0,40000,-40000,-40000
059096,百和元大99購04  ,0,0,0,0,0,0,0,0,0,-40000,0,0,0,3000,43000,-40000,-40000
060050,鴻海凱基9B購01  ,0,0,0,0,0,0,0,0,0,-40000,0,0,0,0,40000,-40000,-40000
058604,華邦電元大99購03,0,0,0,0,0,0,0,0,0,-40000,0,0,0,60000,100000,-40000,-40000
058622,國巨國票99購07  ,0,0,0,0,0,0,0,0,0,-40000,0,0,0,7000,47000,-40000,-40000
059836,大立光國泰9B購02,0,0,0,0,0,0,0,0,0,-40000,0,0,0,0,40000,-40000,-40000
054740,強茂凱基99購01  ,0,0,0,0,0,0,0,0,0,-40000,0,0,0,0,40000,-40000,-40000
055320,建準國票98購01  ,0,0,0,0,0,0,0,0,0,-40000,0,0,0,0,40000,-40000,-40000
056413,上証反中信9A購01,0,0,0,0,0,0,0,0,0,-40000,0,0,0,0,40000,-40000,-40000
056012,勤誠中信99購01  ,0,0,0,0,0,0,0,0,0,-40000,0,0,0,0,40000,-40000,-40000
054758,南亞國票9A購01  ,0,0,0,0,0,0,0,0,0,-40000,0,0,0,0,40000,-40000,-40000
058398,中環元大99購02  ,0,0,0,0,0,0,0,0,0,-40000,0,0,0,0,40000,-40000,-40000
057049,新日興元大98購02,0,0,0,0,0,0,0,0,0,-40000,0,0,0,0,40000,-40000,-40000
057298,旭富永豐98購01  ,0,0,0,0,0,0,0,0,0,-40000,0,0,0,0,40000,-40000,-40000
051432,群創元富99購03  ,0,0,0,0,0,0,0,0,0,-40000,0,0,0,0,40000,-40000,-40000
03067P,南亞科群益01售01,0,0,0,0,0,0,0,0,0,-40000,0,0,0,20000,60000,-40000,-40000
065569,智邦群益01購01  ,0,0,0,0,0,0,0,0,0,-40000,0,0,0,10000,50000,-40000,-40000
060966,台表科凱基9B購01,0,0,0,0,0,0,0,0,0,-40000,0,0,0,0,40000,-40000,-40000
063137,瑞昱統一01購02  ,0,0,0,0,0,0,0,0,0,-40000,0,0,0,0,40000,-40000,-40000
060774,南亞科凱基9A購01,0,0,0,0,0,0,0,0,0,-40000,0,0,0,0,40000,-40000,-40000
063499,金像電永豐9B購03,0,0,0,0,0,0,0,0,0,-40000,0,0,0,1000,41000,-40000,-40000
061762,台塑元大9B購01  ,0,0,0,0,0,0,0,0,0,-40000,0,0,0,0,40000,-40000,-40000
066766,嘉澤永豐01購01  ,0,0,0,0,0,0,0,0,0,-40000,0,0,0,0,40000,-40000,-40000
066609,國巨麥證01購04  ,0,0,0,0,40000,-40000,0,0,0,-40000,0,0,0,0,40000,-40000,-40000
066353,台塑化永豐01購01,0,0,0,0,0,0,0,0,0,-40000,0,0,0,0,40000,-40000,-40000
066369,瀚宇博中信01購01,0,0,0,0,0,0,0,0,0,-40000,0,0,0,30000,70000,-40000,-40000
065704,華新科群益9C購05,0,0,0,0,0,0,0,0,0,-40000,0,0,0,10000,50000,-40000,-40000
067809,聯發科凱基01購17,0,0,0,0,0,0,0,0,0,-40000,0,0,0,0,40000,-40000,-40000
067818,玉晶光凱基02購02,0,0,0,0,0,0,0,0,0,-40000,0,0,0,11000,51000,-40000,-40000
067578,SP黃豆群益01購01,0,0,0,0,0,0,0,0,0,-40000,0,0,0,0,40000,-40000,-40000
3040,遠見            ,33000,72000,-39000,0,0,0,0,0,0,-1000,0,1000,-1000,0,0,0,-40000
1809,中釉            ,61000,101000,-40000,0,0,0,0,0,0,0,0,0,0,0,0,0,-40000
2382,廣達            ,8522893,11446000,-2923107,0,0,0,840000,4000,836000,2047000,1286000,212000,1074000,1307000,334000,973000,-40107
08079P,宏達電國票9B售03,0,0,0,0,0,0,0,0,0,-41000,0,0,0,20000,61000,-41000,-41000
08154P,上銀元富9B售04  ,0,0,0,0,0,0,0,0,0,-41000,0,0,0,0,41000,-41000,-41000
064231,鴻海統一01購03  ,0,0,0,0,0,0,0,0,0,-41000,0,0,0,0,41000,-41000,-41000
047004,台積電統一99購01,0,0,0,0,0,0,0,0,0,-41000,0,0,0,0,41000,-41000,-41000
060227,和大元大9A購01  ,0,0,0,0,0,0,0,0,0,-41000,0,0,0,32000,73000,-41000,-41000
062809,同欣電統一9C購01,0,0,0,0,0,0,0,0,0,-41000,0,0,0,2000,43000,-41000,-41000
062564,矽創凱基9B購01  ,0,0,0,0,0,0,0,0,0,-41000,0,0,0,65000,106000,-41000,-41000
063472,茂林元大9B購04  ,0,0,0,0,0,0,0,0,0,-41000,0,0,0,88000,129000,-41000,-41000
061866,力山元大9C購01  ,0,0,0,0,0,0,0,0,0,-41000,0,0,0,68000,109000,-41000,-41000
061903,宏全永豐9B購01  ,0,0,0,0,0,0,0,0,0,-41000,0,0,0,0,41000,-41000,-41000
067387,智邦元富04購01  ,0,0,0,0,0,0,0,0,0,-41000,0,0,0,0,41000,-41000,-41000
067076,聯詠元大01購05  ,0,0,0,0,0,0,0,0,0,-41000,0,0,0,688000,729000,-41000,-41000
067960,帆宣永豐01購01  ,0,0,0,0,0,0,0,0,0,-41000,0,0,0,41000,82000,-41000,-41000
068224,健策統一03購01  ,0,0,0,0,0,0,0,0,0,-41000,0,0,0,42000,83000,-41000,-41000
068019,玉晶光國票02購06,0,0,0,0,0,0,0,0,0,-41000,0,0,0,2000,43000,-41000,-41000
066084,國巨富邦05購01  ,0,0,0,0,0,0,0,0,0,-41000,0,0,0,25000,66000,-41000,-41000
066316,台船永豐01購01  ,0,0,0,0,0,0,0,0,0,-41000,0,0,0,16000,57000,-41000,-41000
066706,揚明光群益01購01,0,0,0,0,0,0,0,0,0,-41000,0,0,0,0,41000,-41000,-41000
1507,永大            ,27000,59000,-32000,0,0,0,0,0,0,-9000,0,9000,-9000,0,0,0,-41000
3032,偉訓            ,4000,53000,-49000,0,0,0,0,0,0,8000,9000,1000,8000,0,0,0,-41000
3257,虹冠電          ,236000,274000,-38000,0,0,0,0,0,0,-3000,0,3000,-3000,0,0,0,-41000
2538,基泰            ,32000,72000,-40000,0,0,0,0,0,0,-1000,0,1000,-1000,0,0,0,-41000
2527,宏璟            ,6000,46000,-40000,0,0,0,0,0,0,-1000,0,1000,-1000,0,0,0,-41000
5608,四維航          ,77000,116000,-39000,0,0,0,0,0,0,-2000,0,2000,-2000,0,0,0,-41000
3005,神基            ,953000,767729,185271,0,0,0,1000,0,1000,-228000,0,8000,-8000,7000,227000,-220000,-41729
065130,奇鋐兆豐9C購01  ,0,0,0,0,0,0,0,0,0,-42000,0,0,0,9000,51000,-42000,-42000
064084,群創中信06購02  ,0,0,0,0,0,0,0,0,0,-42000,0,0,0,52000,94000,-42000,-42000
064339,大立光元大01購01,0,0,0,0,0,0,0,0,0,-42000,0,0,0,0,42000,-42000,-42000
08179P,華新科元大9B售13,0,0,0,0,0,0,0,0,0,-42000,0,0,0,8000,50000,-42000,-42000
068295,旭富兆豐01購02  ,0,0,0,0,0,0,0,0,0,-42000,0,0,0,3000,45000,-42000,-42000
060617,華新科元大9A購08,0,0,0,0,0,0,0,0,0,-42000,0,0,0,0,42000,-42000,-42000
058834,GIS永豐99購01   ,0,0,0,0,0,0,0,0,0,-42000,0,0,0,12000,54000,-42000,-42000
057948,嘉聯益國票99購02,0,0,0,0,0,0,0,0,0,-42000,0,0,0,0,42000,-42000,-42000
060878,奇力新中信9C購01,0,0,0,0,0,0,0,0,0,-42000,0,0,0,0,42000,-42000,-42000
063104,大立光群益9C購02,0,0,0,0,0,0,0,0,0,-42000,0,0,0,0,42000,-42000,-42000
063948,高鐵元大9C購01  ,0,0,0,0,0,0,0,0,0,-42000,0,0,0,0,42000,-42000,-42000
066448,眾達群益01購01  ,0,0,0,0,0,0,0,0,0,-42000,0,0,0,0,42000,-42000,-42000
065621,聯發科第一9C購01,0,0,0,0,0,0,0,0,0,-42000,0,0,0,108000,150000,-42000,-42000
065661,智原永豐9C購01  ,0,0,0,0,0,0,0,0,0,-42000,0,0,0,1000,43000,-42000,-42000
065907,南亞科永豐9C購01,0,0,0,0,0,0,0,0,0,-42000,0,0,0,0,42000,-42000,-42000
068030,台積電元富07購10,0,0,0,0,0,0,0,0,0,-42000,0,0,0,0,42000,-42000,-42000
067898,玉晶光群益02購12,0,0,0,0,0,0,0,0,0,-42000,0,0,0,0,42000,-42000,-42000
067203,台達電元大01購03,0,0,0,0,0,0,0,0,0,-42000,0,0,0,64000,106000,-42000,-42000
067206,台積電元大01購23,0,0,0,0,0,0,0,0,0,-42000,0,0,0,2000,44000,-42000,-42000
3653,健策            ,202000,347000,-145000,0,0,0,205000,0,205000,-102000,26000,46000,-20000,68000,150000,-82000,-42000
064863,台積電永豐9C購01,0,0,0,0,0,0,0,0,0,-43000,0,0,0,0,43000,-43000,-43000
08129P,聯發科元大9B售23,0,0,0,0,0,0,0,0,0,-43000,0,0,0,0,43000,-43000,-43000
064757,義隆凱基01購02  ,0,0,0,0,0,0,0,0,0,-43000,0,0,0,385000,428000,-43000,-43000
065077,鴻海元大01購03  ,0,0,0,0,0,0,0,0,0,-43000,0,0,0,0,43000,-43000,-43000
064281,大立光元大9C購12,0,0,0,0,0,0,0,0,0,-43000,0,0,0,0,43000,-43000,-43000
060679,聯詠元大9A購04  ,0,0,0,0,0,0,0,0,0,-43000,0,0,0,23000,66000,-43000,-43000
00684R,元大美元指數反1 ,0,0,0,0,0,0,0,0,0,-43000,0,0,0,103000,146000,-43000,-43000
054769,創意國票98購01  ,0,0,0,0,0,0,0,0,0,-43000,0,0,0,7000,50000,-43000,-43000
061597,南六永豐9A購04  ,0,0,0,0,0,0,0,0,0,-43000,0,0,0,2000,45000,-43000,-43000
061657,智原國票9A購01  ,0,0,0,0,0,0,0,0,0,-43000,0,0,0,102000,145000,-43000,-43000
062547,玉晶光永豐9B購05,0,0,0,0,0,0,0,0,0,-43000,0,0,0,10000,53000,-43000,-43000
062732,南六凱基9B購03  ,0,0,0,0,0,0,0,0,0,-43000,0,0,0,20000,63000,-43000,-43000
062414,臻鼎中信01購01  ,0,0,0,0,0,0,0,0,0,-43000,0,0,0,2000,45000,-43000,-43000
063253,巨大元大9B購03  ,0,0,0,0,0,0,0,0,0,-43000,0,0,0,3000,46000,-43000,-43000
061028,聚陽永豐9A購01  ,0,0,0,0,0,0,0,0,0,-43000,0,0,0,53000,96000,-43000,-43000
065332,漢唐國票01購02  ,0,0,0,0,0,0,0,0,0,-43000,0,0,0,24000,67000,-43000,-43000
067947,京鼎國泰03購01  ,0,0,0,0,0,0,0,0,0,-43000,0,0,0,63000,106000,-43000,-43000
066392,聯強凱基01購01  ,0,0,0,0,0,0,0,0,0,-43000,0,0,0,98000,141000,-43000,-43000
066359,潤泰新永豐01購01,0,0,0,0,0,0,0,0,0,-43000,0,0,0,150000,193000,-43000,-43000
066527,泰鼎統一03購01  ,0,0,0,0,0,0,0,0,0,-43000,0,0,0,0,43000,-43000,-43000
066833,正文群益01購01  ,0,0,0,0,0,0,0,0,0,-43000,0,0,0,57000,100000,-43000,-43000
6189,豐藝            ,18000,60000,-42000,0,0,0,0,0,0,-1000,0,1000,-1000,0,0,0,-43000
5305,敦南            ,14000,59000,-45000,0,0,0,0,0,0,2000,4000,2000,2000,0,0,0,-43000
064237,奇鋐統一01購01  ,0,0,0,0,0,0,0,0,0,-44000,0,0,0,142000,186000,-44000,-44000
064508,力成元大9C購03  ,0,0,0,0,0,0,0,0,0,-44000,0,0,0,0,44000,-44000,-44000
08349P,南六元大9C售03  ,0,0,0,0,0,0,0,0,0,-44000,0,0,0,6000,50000,-44000,-44000
08462P,臻鼎國票9C售02  ,0,0,0,0,0,0,0,0,0,-44000,0,0,0,6000,50000,-44000,-44000
08443P,臺股指麥證01售02,0,0,0,1321000,1365000,-44000,0,0,0,-44000,0,0,0,1321000,1365000,-44000,-44000
064879,健策兆豐01購01  ,0,0,0,0,0,0,0,0,0,-44000,0,0,0,17000,61000,-44000,-44000
064414,臺股指凱基9C購10,0,0,0,0,0,0,0,0,0,-44000,0,0,0,63000,107000,-44000,-44000
056471,台光電元大99購01,0,0,0,0,0,0,0,0,0,-44000,0,0,0,2000,46000,-44000,-44000
055443,台虹國票98購01  ,0,0,0,0,0,0,0,0,0,-44000,0,0,0,0,44000,-44000,-44000
056554,GIS凱基99購01   ,0,0,0,0,0,0,0,0,0,-44000,0,0,0,41000,85000,-44000,-44000
058623,國巨國票99購08  ,0,0,0,0,0,0,0,0,0,-44000,0,0,0,6000,50000,-44000,-44000
061018,台積電國票9B購05,0,0,0,0,0,0,0,0,0,-44000,0,0,0,38000,82000,-44000,-44000
063224,泰鼎群益9B購02  ,0,0,0,0,0,0,0,0,0,-44000,0,0,0,26000,70000,-44000,-44000
062652,上証2X永豐9B購01,0,0,0,0,0,0,0,0,0,-44000,0,0,0,40000,84000,-44000,-44000
062557,台光電凱基9B購02,0,0,0,0,0,0,0,0,0,-44000,0,0,0,85000,129000,-44000,-44000
063524,瑞昱凱基9B購05  ,0,0,0,0,0,0,0,0,0,-44000,0,0,0,2000,46000,-44000,-44000
063578,瑞祺元大9B購03  ,0,0,0,0,0,0,0,0,0,-44000,0,0,0,18000,62000,-44000,-44000
063485,巨大元大9B購04  ,0,0,0,0,0,0,0,0,0,-44000,0,0,0,11000,55000,-44000,-44000
063470,泰鼎元大9B購03  ,0,0,0,0,0,0,0,0,0,-44000,0,0,0,128000,172000,-44000,-44000
063915,祥碩凱基01購01  ,0,0,0,0,0,0,0,0,0,-44000,0,0,0,23000,67000,-44000,-44000
063943,台光電元大9C購02,0,0,0,0,0,0,0,0,0,-44000,0,0,0,124000,168000,-44000,-44000
066635,敦泰凱基01購01  ,0,0,0,0,0,0,0,0,0,-44000,0,0,0,143000,187000,-44000,-44000
066087,大毅永豐01購02  ,0,0,0,0,0,0,0,0,0,-44000,0,0,0,5000,49000,-44000,-44000
066147,美利達群益01購01,0,0,0,0,0,0,0,0,0,-44000,0,0,0,0,44000,-44000,-44000
067900,玉晶光群益02購14,0,0,0,0,0,0,0,0,0,-44000,0,0,0,0,44000,-44000,-44000
2836,高雄銀          ,71000,115000,-44000,0,0,0,0,0,0,0,0,0,0,0,0,0,-44000
1810,和成            ,28000,71000,-43000,0,0,0,0,0,0,-1000,0,1000,-1000,0,0,0,-44000
068493,聯發科元大01購30,0,0,0,0,0,0,0,0,0,-45000,0,0,0,198000,243000,-45000,-45000
07059P,華通國票9A售02  ,0,0,0,0,0,0,0,0,0,-45000,0,0,0,5000,50000,-45000,-45000
08526P,義隆元大9C售04  ,0,0,0,0,0,0,0,0,0,-45000,0,0,0,175000,220000,-45000,-45000
065048,世芯凱基01購01  ,0,0,0,0,0,0,0,0,0,-45000,0,0,0,16000,61000,-45000,-45000
064081,國產中信06購01  ,0,0,0,0,0,0,0,0,0,-45000,0,0,0,10000,55000,-45000,-45000
08309P,GIS凱基9C售01   ,0,0,0,0,0,0,0,0,0,-45000,0,0,0,60000,105000,-45000,-45000
058276,道瓊指中信9C購01,0,0,0,0,0,0,0,0,0,-45000,0,0,0,0,45000,-45000,-45000
00681R,元大美債20反1   ,0,0,0,0,0,0,0,0,0,-45000,0,0,0,2000,47000,-45000,-45000
060736,旺宏統一01購01  ,0,0,0,0,0,0,0,0,0,-45000,0,0,0,31000,76000,-45000,-45000
063198,仁寶統一01購02  ,0,0,0,0,0,0,0,0,0,-45000,0,0,0,41000,86000,-45000,-45000
063146,南六統一9B購02  ,0,0,0,0,0,0,0,0,0,-45000,0,0,0,142000,187000,-45000,-45000
062072,國巨元大9B購05  ,0,0,0,0,0,0,0,0,0,-45000,0,0,0,5000,50000,-45000,-45000
062165,聯茂國泰01購01  ,0,0,0,0,0,0,0,0,0,-45000,0,0,0,0,45000,-45000,-45000
067700,緯創國票02購01  ,0,0,0,0,0,0,0,0,0,-45000,0,0,0,5000,50000,-45000,-45000
066190,惠特凱基01購01  ,0,0,0,0,0,0,0,0,0,-45000,0,0,0,15000,60000,-45000,-45000
065818,奇鋐元富9C購01  ,0,0,0,0,0,0,0,0,0,-45000,0,0,0,0,45000,-45000,-45000
066485,台光電元富01購01,0,0,0,0,0,0,0,0,0,-45000,0,0,0,107000,152000,-45000,-45000
066340,敦泰永豐01購01  ,0,0,0,0,0,0,0,0,0,-45000,0,0,0,69000,114000,-45000,-45000
2493,揚博            ,39000,84000,-45000,0,0,0,0,0,0,0,0,0,0,0,0,0,-45000
08292P,華新科台新9C售01,0,0,0,0,0,0,0,0,0,-46000,0,0,0,314000,360000,-46000,-46000
064665,南亞科元大9C購06,0,0,0,0,0,0,0,0,0,-46000,0,0,0,50000,96000,-46000,-46000
064892,台達電群益9C購02,0,0,0,0,0,0,0,0,0,-46000,0,0,0,183000,229000,-46000,-46000
00668,國泰美國道瓊    ,1000,0,1000,0,0,0,0,0,0,-47000,0,0,0,91000,138000,-47000,-46000
03048P,南電國票03售01  ,0,0,0,0,0,0,0,0,0,-46000,0,0,0,14000,60000,-46000,-46000
057275,友達元大9A購04  ,0,0,0,0,0,0,0,0,0,-46000,0,0,0,0,46000,-46000,-46000
05644P,大立光中信9A售03,0,0,0,0,0,0,0,0,0,-46000,0,0,0,64000,110000,-46000,-46000
056361,美律元大99購02  ,0,0,0,0,0,0,0,0,0,-46000,0,0,0,140000,186000,-46000,-46000
062247,國巨元大9B購07  ,0,0,0,0,0,0,0,0,0,-46000,0,0,0,0,46000,-46000,-46000
060144,全新國票9B購01  ,0,0,0,0,0,0,0,0,0,-46000,0,0,0,26000,72000,-46000,-46000
061950,日月光群益9B購01,0,0,0,0,0,0,0,0,0,-46000,0,0,0,160000,206000,-46000,-46000
062100,矽格永豐9B購01  ,0,0,0,0,0,0,0,0,0,-46000,0,0,0,0,46000,-46000,-46000
061341,華新科元大9A購16,0,0,0,0,0,0,0,0,0,-46000,0,0,0,1000,47000,-46000,-46000
063706,台虹群益9B購01  ,0,0,0,0,0,0,0,0,0,-46000,0,0,0,4000,50000,-46000,-46000
063995,健鼎群益9C購01  ,0,0,0,0,0,0,0,0,0,-46000,0,0,0,74000,120000,-46000,-46000
066663,達欣工凱基01購01,0,0,0,0,0,0,0,0,0,-46000,0,0,0,0,46000,-46000,-46000
067018,FB上証中信02購01,0,0,0,0,0,0,0,0,0,-46000,0,0,0,5000,51000,-46000,-46000
064390,台塑永豐9C購01  ,0,0,0,0,0,0,0,0,0,-47000,0,0,0,0,47000,-47000,-47000
06919P,臺股指日盛98售02,0,0,0,0,0,0,0,0,0,-47000,0,0,0,120000,167000,-47000,-47000
068427,儒鴻凱基01購01  ,0,0,0,0,0,0,0,0,0,-47000,0,0,0,12000,59000,-47000,-47000
068459,玉晶光國票03購04,0,0,0,0,0,0,0,0,0,-47000,0,0,0,6000,53000,-47000,-47000
08991P,玉晶光元大01售06,0,0,0,0,0,0,0,0,0,-47000,0,0,0,33000,80000,-47000,-47000
058110,光寶科元富98購01,0,0,0,0,0,0,0,0,0,-47000,0,0,0,0,47000,-47000,-47000
055683,晶技凱基99購01  ,0,0,0,0,0,0,0,0,0,-47000,0,0,0,22000,69000,-47000,-47000
063478,GIS元大9B購03   ,0,0,0,0,0,0,0,0,0,-47000,0,0,0,18000,65000,-47000,-47000
062989,鴻海群益9B購07  ,0,0,0,0,0,0,0,0,0,-47000,0,0,0,0,47000,-47000,-47000
063258,緯穎國泰9C購01  ,0,0,0,0,0,0,0,0,0,-47000,0,0,0,0,47000,-47000,-47000
061707,超眾國票9B購01  ,0,0,0,0,0,0,0,0,0,-47000,0,0,0,5000,52000,-47000,-47000
062046,矽格凱基9B購01  ,0,0,0,0,0,0,0,0,0,-47000,0,0,0,65000,112000,-47000,-47000
065607,聯詠元大9C購02  ,0,0,0,0,0,0,0,0,0,-47000,0,0,0,239000,286000,-47000,-47000
066358,美利達永豐01購01,0,0,0,0,0,0,0,0,0,-47000,0,0,0,43000,90000,-47000,-47000
066519,達方永豐01購01  ,0,0,0,0,0,0,0,0,0,-47000,0,0,0,205000,252000,-47000,-47000
065707,聯詠群益9C購02  ,0,0,0,0,0,0,0,0,0,-47000,0,0,0,38000,85000,-47000,-47000
2480,敦陽科          ,26000,67000,-41000,0,0,0,0,0,0,-6000,0,0,0,10000,16000,-6000,-47000
1712,興農            ,107000,159000,-52000,0,0,0,0,0,0,5000,5000,0,5000,0,0,0,-47000
2059,川湖            ,10000,56000,-46000,0,0,0,0,1000,-1000,0,0,0,0,0,0,0,-47000
064042,國巨統一9C購12  ,0,0,0,0,0,0,0,0,0,-48000,0,0,0,47000,95000,-48000,-48000
064343,健鼎元大9C購01  ,0,0,0,0,0,0,0,0,0,-48000,0,0,0,164000,212000,-48000,-48000
064144,智邦統一01購02  ,0,0,0,0,0,0,0,0,0,-48000,0,0,0,76000,124000,-48000,-48000
064130,創意元大9C購02  ,0,0,0,0,0,0,0,0,0,-48000,0,0,0,20000,68000,-48000,-48000
068592,台積電統一01購13,0,0,0,0,0,0,0,0,0,-48000,0,0,0,4000,52000,-48000,-48000
07050P,宏達電中信9B售01,0,0,0,0,0,0,0,0,0,-48000,0,0,0,0,48000,-48000,-48000
07593P,臺股指凱基9A售08,0,0,0,0,0,0,0,0,0,-48000,0,0,0,252000,300000,-48000,-48000
064830,可成統一9C購04  ,0,0,0,0,0,0,0,0,0,-48000,0,0,0,74000,122000,-48000,-48000
03188P,聯發科元大01售34,0,0,0,0,0,0,0,0,0,-48000,0,0,0,5000,53000,-48000,-48000
059925,可成國泰9B購01  ,0,0,0,0,0,0,0,0,0,-48000,0,0,0,107000,155000,-48000,-48000
065207,奇力新國票9C購02,0,0,0,0,0,0,0,0,0,-48000,0,0,0,128000,176000,-48000,-48000
060963,禾伸堂凱基9A購01,0,0,0,0,0,0,0,0,0,-48000,0,0,0,2000,50000,-48000,-48000
063231,台泥元大9B購01  ,0,0,0,0,0,0,0,0,0,-48000,0,0,0,10000,58000,-48000,-48000
066125,得力群益01購01  ,0,0,0,0,0,0,0,0,0,-48000,0,0,0,0,48000,-48000,-48000
066386,宏全康和01購01  ,0,0,0,0,0,0,0,0,0,-48000,0,0,0,75000,123000,-48000,-48000
068213,台塑化凱基01購01,0,0,0,0,0,0,0,0,0,-48000,0,0,0,2000,50000,-48000,-48000
064659,台達電元大9C購02,0,0,0,0,0,0,0,0,0,-49000,0,0,0,4000,53000,-49000,-49000
064992,玉晶光兆豐01購01,0,0,0,0,0,0,0,0,0,-49000,0,0,0,33000,82000,-49000,-49000
07955P,大成鋼群益9B售02,0,0,0,0,0,0,0,0,0,-49000,0,0,0,54000,103000,-49000,-49000
068414,聯電中信01購01  ,0,0,0,0,0,0,0,0,0,-49000,0,0,0,0,49000,-49000,-49000
064216,矽格凱基01購01  ,0,0,0,0,0,0,0,0,0,-49000,0,0,0,0,49000,-49000,-49000
1305,華夏            ,190000,251000,-61000,0,0,0,0,0,0,12000,0,16000,-16000,28000,0,28000,-49000
08727P,健策群益01售07  ,0,0,0,0,0,0,0,0,0,-49000,0,0,0,11000,60000,-49000,-49000
060035,臺股指永豐99購04,0,0,0,0,0,0,0,0,0,-49000,0,0,0,1000,50000,-49000,-49000
060097,華新科元大99購23,0,0,0,0,0,0,0,0,0,-49000,0,0,0,2000,51000,-49000,-49000
062902,智邦元大9B購07  ,0,0,0,0,0,0,0,0,0,-49000,0,0,0,0,49000,-49000,-49000
058474,鴻海凱基9A購06  ,0,0,0,0,0,0,0,0,0,-49000,0,0,0,2000,51000,-49000,-49000
063307,同欣電凱基9B購02,0,0,0,0,0,0,0,0,0,-49000,0,0,0,1000,50000,-49000,-49000
061732,智邦中信9B購01  ,0,0,0,0,0,0,0,0,0,-49000,0,0,0,51000,100000,-49000,-49000
061607,台表科凱基9B購02,0,0,0,0,0,0,0,0,0,-49000,0,0,0,59000,108000,-49000,-49000
065263,國泰金元大9C購02,0,0,0,0,0,0,0,0,0,-49000,0,0,0,1000,50000,-49000,-49000
06699P,台積電統一98售11,0,0,0,0,0,0,0,0,0,-49000,0,0,0,0,49000,-49000,-49000
066843,台達電元大01購02,0,0,0,0,0,0,0,0,0,-49000,0,0,0,624000,673000,-49000,-49000
066034,南六群益02購02  ,0,0,0,0,0,0,0,0,0,-49000,0,0,0,0,49000,-49000,-49000
1531,高林股          ,6000,54000,-48000,0,0,0,0,0,0,-1000,0,1000,-1000,0,0,0,-49000
4532,瑞智            ,36000,84000,-48000,0,0,0,0,0,0,-1000,0,1000,-1000,0,0,0,-49000
08495P,同欣電元大9C售08,0,0,0,0,0,0,0,0,0,-50000,0,0,0,0,50000,-50000,-50000
08423P,台積電統一9C售13,0,0,0,0,0,0,0,0,0,-50000,0,0,0,0,50000,-50000,-50000
08972P,義隆永豐01售02  ,0,0,0,0,0,0,0,0,0,-50000,0,0,0,0,50000,-50000,-50000
08762P,南六元大01售03  ,0,0,0,0,0,0,0,0,0,-50000,0,0,0,0,50000,-50000,-50000
08845P,友訊元大01售05  ,0,0,0,0,0,0,0,0,0,-50000,0,0,0,0,50000,-50000,-50000
064471,國巨麥證9C購02  ,0,0,0,0,50000,-50000,0,0,0,-50000,0,0,0,0,50000,-50000,-50000
065094,新日興元大9C購04,0,0,0,0,0,0,0,0,0,-50000,0,0,0,54000,104000,-50000,-50000
064380,超眾元富9C購03  ,0,0,0,0,0,0,0,0,0,-50000,0,0,0,0,50000,-50000,-50000
064089,新日興凱基02購01,0,0,0,0,0,0,0,0,0,-50000,0,0,0,4000,54000,-50000,-50000
064649,同欣電凱基01購01,0,0,0,0,0,0,0,0,0,-50000,0,0,0,50000,100000,-50000,-50000
064529,友達中信01購03  ,0,0,0,0,0,0,0,0,0,-50000,0,0,0,0,50000,-50000,-50000
068537,信邦中信01購01  ,0,0,0,0,0,0,0,0,0,-50000,0,0,0,0,50000,-50000,-50000
068322,國巨元大03購02  ,0,0,0,0,0,0,0,0,0,-50000,0,0,0,0,50000,-50000,-50000
068409,緯穎元富07購01  ,0,0,0,0,0,0,0,0,0,-50000,0,0,0,0,50000,-50000,-50000
07585P,台灣50中信03售06,0,0,0,0,0,0,0,0,0,-50000,0,0,0,0,50000,-50000,-50000
07669P,華新科元大9A售14,0,0,0,0,0,0,0,0,0,-50000,0,0,0,0,50000,-50000,-50000
07400P,國巨凱基99售20  ,0,0,0,0,0,0,0,0,0,-50000,0,0,0,0,50000,-50000,-50000
07690P,華新科元大9A售15,0,0,0,0,0,0,0,0,0,-50000,0,0,0,0,50000,-50000,-50000
07693P,群創元大9B售10  ,0,0,0,0,0,0,0,0,0,-50000,0,0,0,0,50000,-50000,-50000
07103P,南電元大99售04  ,0,0,0,0,0,0,0,0,0,-50000,0,0,0,0,50000,-50000,-50000
07195P,大立光元大99售12,0,0,0,0,0,0,0,0,0,-50000,0,0,0,0,50000,-50000,-50000
07977P,華新科群益01售01,0,0,0,0,0,0,0,0,0,-50000,0,0,0,440000,490000,-50000,-50000
08010P,大成鋼元大9B售01,0,0,0,0,0,0,0,0,0,-50000,0,0,0,0,50000,-50000,-50000
08088P,義隆凱基9B售03  ,0,0,0,0,0,0,0,0,0,-50000,0,0,0,0,50000,-50000,-50000
08204P,台灣50中信01售04,0,0,0,0,0,0,0,0,0,-50000,0,0,0,0,50000,-50000,-50000
06466P,台積電統一9B售01,0,0,0,0,0,0,0,0,0,-50000,0,0,0,50000,100000,-50000,-50000
064975,南亞科元大9C購07,0,0,0,0,0,0,0,0,0,-50000,0,0,0,0,50000,-50000,-50000
059730,晶相光元大9C購02,0,0,0,0,0,0,0,0,0,-50000,0,0,0,0,50000,-50000,-50000
059873,華新科凱基99購09,0,0,0,0,0,0,0,0,0,-50000,0,0,0,0,50000,-50000,-50000
054406,旺宏國票98購01  ,0,0,0,0,0,0,0,0,0,-50000,0,0,0,0,50000,-50000,-50000
03202P,聯電凱基01售03  ,0,0,0,0,0,0,0,0,0,-50000,0,0,0,5000,55000,-50000,-50000
03162P,泰碩元大01售02  ,0,0,0,0,0,0,0,0,0,-50000,0,0,0,0,50000,-50000,-50000
057078,國巨統一9A購02  ,0,0,0,0,0,0,0,0,0,-50000,0,0,0,10000,60000,-50000,-50000
03030P,玉晶光元大03售01,0,0,0,0,0,0,0,0,0,-50000,0,0,0,0,50000,-50000,-50000
00678,群益NBI生技     ,0,76000,-76000,0,0,0,0,0,0,26000,10000,0,10000,316000,300000,16000,-50000
060666,聯茂凱基9A購02  ,0,0,0,0,0,0,0,0,0,-50000,0,0,0,0,50000,-50000,-50000
061538,SP黃豆群益9A購03,0,0,0,0,0,0,0,0,0,-50000,0,0,0,0,50000,-50000,-50000
061480,泰碩元大9B購01  ,0,0,0,0,0,0,0,0,0,-50000,0,0,0,55000,105000,-50000,-50000
058205,神達凱基9B購01  ,0,0,0,0,0,0,0,0,0,-50000,0,0,0,0,50000,-50000,-50000
058197,國巨中信99購02  ,0,0,0,0,0,0,0,0,0,-50000,0,0,0,0,50000,-50000,-50000
058828,大毅永豐99購01  ,0,0,0,0,0,0,0,0,0,-50000,0,0,0,0,50000,-50000,-50000
058608,華新科元大99購13,0,0,0,0,0,0,0,0,0,-50000,0,0,0,0,50000,-50000,-50000
059918,華新科元大99購20,0,0,0,0,0,0,0,0,0,-50000,0,0,0,1000,51000,-50000,-50000
058987,華新科凱基9B購01,0,0,0,0,0,0,0,0,0,-50000,0,0,0,0,50000,-50000,-50000
058972,新日興永豐9A購01,0,0,0,0,0,0,0,0,0,-50000,0,0,0,18000,68000,-50000,-50000
059091,中信金元大99購01,0,0,0,0,0,0,0,0,0,-50000,0,0,0,0,50000,-50000,-50000
060151,旺宏富邦9A購02  ,0,0,0,0,0,0,0,0,0,-50000,0,0,0,0,50000,-50000,-50000
059530,華新科凱基9A購05,0,0,0,0,0,0,0,0,0,-50000,0,0,0,1000,51000,-50000,-50000
059531,華新科凱基9B購02,0,0,0,0,0,0,0,0,0,-50000,0,0,0,1000,51000,-50000,-50000
060341,國巨統一9C購02  ,0,0,0,0,0,0,0,0,0,-50000,0,0,0,0,50000,-50000,-50000
057669,嘉晶元大99購03  ,0,0,0,0,0,0,0,0,0,-50000,0,0,0,7000,57000,-50000,-50000
062081,華新科元大9B購06,0,0,0,0,0,0,0,0,0,-50000,0,0,0,0,50000,-50000,-50000
062124,大立光統一9B購09,0,0,0,0,0,0,0,0,0,-50000,0,0,0,0,50000,-50000,-50000
061985,富邦金元大9B購01,0,0,0,0,0,0,0,0,0,-50000,0,0,0,1000,51000,-50000,-50000
061969,大立光統一01購02,0,0,0,0,0,0,0,0,0,-50000,0,0,0,0,50000,-50000,-50000
063055,創意統一9B購02  ,0,0,0,0,0,0,0,0,0,-50000,0,0,0,0,50000,-50000,-50000
061875,華新科元大9B購03,0,0,0,0,0,0,0,0,0,-50000,0,0,0,0,50000,-50000,-50000
061898,茂林永豐9B購01  ,0,0,0,0,0,0,0,0,0,-50000,0,0,0,0,50000,-50000,-50000
061322,華新科凱基9A購12,0,0,0,0,0,0,0,0,0,-50000,0,0,0,0,50000,-50000,-50000
061324,華新科凱基9C購01,0,0,0,0,0,0,0,0,0,-50000,0,0,0,0,50000,-50000,-50000
061443,大立光統一9C購02,0,0,0,0,0,0,0,0,0,-50000,0,0,0,0,50000,-50000,-50000
061062,和大凱基9A購02  ,0,0,0,0,0,0,0,0,0,-50000,0,0,0,0,50000,-50000,-50000
061190,力山永豐9A購02  ,0,0,0,0,0,0,0,0,0,-50000,0,0,0,50000,100000,-50000,-50000
061576,華新科元大9A購21,0,0,0,0,0,0,0,0,0,-50000,0,0,0,1000,51000,-50000,-50000
063451,漢翔統一9C購01  ,0,0,0,0,0,0,0,0,0,-50000,0,0,0,0,50000,-50000,-50000
063824,S&P反1國票9C購01,0,0,0,0,0,0,0,0,0,-50000,0,0,0,0,50000,-50000,-50000
063740,矽格元大9B購03  ,0,0,0,0,0,0,0,0,0,-50000,0,0,0,23000,73000,-50000,-50000
063746,上銀國票9C購01  ,0,0,0,0,0,0,0,0,0,-50000,0,0,0,0,50000,-50000,-50000
062500,國巨群益01購01  ,0,0,0,0,0,0,0,0,0,-50000,0,0,0,3000,53000,-50000,-50000
061838,華新科凱基05購03,0,0,0,0,0,0,0,0,0,-50000,0,0,0,1000,51000,-50000,-50000
062617,京鼎元大9B購01  ,0,0,0,0,0,0,0,0,0,-50000,0,0,0,0,50000,-50000,-50000
062769,臺股指凱基9B購13,0,0,0,0,0,0,0,0,0,-50000,0,0,0,10000,60000,-50000,-50000
062442,華新科元大9C購02,0,0,0,0,0,0,0,0,0,-50000,0,0,0,0,50000,-50000,-50000
062435,國巨元大9B購13  ,0,0,0,0,0,0,0,0,0,-50000,0,0,0,0,50000,-50000,-50000
062369,創意元大9B購01  ,0,0,0,0,0,0,0,0,0,-50000,0,0,0,0,50000,-50000,-50000
062358,國巨元大9B購12  ,0,0,0,0,0,0,0,0,0,-50000,0,0,0,0,50000,-50000,-50000
065990,華擎永豐01購01  ,0,0,0,0,0,0,0,0,0,-50000,0,0,0,0,50000,-50000,-50000
066090,泰鼎永豐01購01  ,0,0,0,0,0,0,0,0,0,-50000,0,0,0,0,50000,-50000,-50000
066187,瑞祺凱基01購01  ,0,0,0,0,0,0,0,0,0,-50000,0,0,0,0,50000,-50000,-50000
065967,國巨元大01購07  ,0,0,0,0,0,0,0,0,0,-50000,0,0,0,5000,55000,-50000,-50000
066668,揚明光凱基01購01,0,0,0,0,0,0,0,0,0,-50000,0,0,0,0,50000,-50000,-50000
066544,鴻海元大01購08  ,0,0,0,0,0,0,0,0,0,-50000,0,0,0,0,50000,-50000,-50000
067093,台灣50群益01購08,0,0,0,0,0,0,0,0,0,-50000,0,0,0,1000,51000,-50000,-50000
067606,京鼎凱基01購04  ,0,0,0,0,0,0,0,0,0,-50000,0,0,0,0,50000,-50000,-50000
067695,國產中信05購01  ,0,0,0,0,0,0,0,0,0,-50000,0,0,0,0,50000,-50000,-50000
067741,中壽元大01購01  ,0,0,0,0,0,0,0,0,0,-50000,0,0,0,0,50000,-50000,-50000
067913,華城永豐01購03  ,0,0,0,0,0,0,0,0,0,-50000,0,0,0,74000,124000,-50000,-50000
6451,訊芯-KY         ,180000,231000,-51000,0,0,0,0,3000,-3000,4000,0,3000,-3000,18000,11000,7000,-50000
1522,堤維西          ,26000,83000,-57000,0,0,0,0,0,0,7000,8000,0,8000,0,1000,-1000,-50000
064672,同欣電元大01購01,0,0,0,0,0,0,0,0,0,-51000,0,0,0,74000,125000,-51000,-51000
064121,國巨元大9C購16  ,0,0,0,0,0,0,0,0,0,-51000,0,0,0,22000,73000,-51000,-51000
065083,南亞科元大01購01,0,0,0,0,0,0,0,0,0,-51000,0,0,0,49000,100000,-51000,-51000
065087,可成元大9C購08  ,0,0,0,0,0,0,0,0,0,-51000,0,0,0,90000,141000,-51000,-51000
065063,玉晶光群益02購04,0,0,0,0,0,0,0,0,0,-51000,0,0,0,11000,62000,-51000,-51000
064150,全新統一01購03  ,0,0,0,0,0,0,0,0,0,-51000,0,0,0,26000,77000,-51000,-51000
062367,禾伸堂元大9B購02,0,0,0,0,0,0,0,0,0,-51000,0,0,0,49000,100000,-51000,-51000
062294,盛群永豐9B購01  ,0,0,0,0,0,0,0,0,0,-51000,0,0,0,0,51000,-51000,-51000
063337,國巨統一02購02  ,0,0,0,0,0,0,0,0,0,-51000,0,0,0,33000,84000,-51000,-51000
063248,創意元大9C購01  ,0,0,0,0,0,0,0,0,0,-51000,0,0,0,3000,54000,-51000,-51000
063246,嘉晶元大9C購01  ,0,0,0,0,0,0,0,0,0,-51000,0,0,0,109000,160000,-51000,-51000
061587,美律富邦9A購02  ,0,0,0,0,0,0,0,0,0,-51000,0,0,0,129000,180000,-51000,-51000
062028,晶技群益9B購01  ,0,0,0,0,0,0,0,0,0,-51000,0,0,0,93000,144000,-51000,-51000
065505,健鼎永豐9C購01  ,0,0,0,0,0,0,0,0,0,-51000,0,0,0,138000,189000,-51000,-51000
065443,智邦統一9C購03  ,0,0,0,0,0,0,0,0,0,-51000,0,0,0,51000,102000,-51000,-51000
067333,凌陽凱基02購01  ,0,0,0,0,0,0,0,0,0,-51000,0,0,0,135000,186000,-51000,-51000
067006,德律永豐01購02  ,0,0,0,0,0,0,0,0,0,-51000,0,0,0,30000,81000,-51000,-51000
066980,台光電群益01購02,0,0,0,0,0,0,0,0,0,-51000,0,0,0,65000,116000,-51000,-51000
067295,滬深2X元大01購11,0,0,0,0,0,0,0,0,0,-51000,0,0,0,0,51000,-51000,-51000
066505,可成富邦03購01  ,0,0,0,0,0,0,0,0,0,-51000,0,0,0,0,51000,-51000,-51000
066403,台郡凱基01購02  ,0,0,0,0,0,0,0,0,0,-51000,0,0,0,10000,61000,-51000,-51000
066726,鴻海元大01購11  ,0,0,0,0,0,0,0,0,0,-51000,0,0,0,0,51000,-51000,-51000
066935,奇鋐國票02購02  ,0,0,0,0,0,0,0,0,0,-51000,0,0,0,37000,88000,-51000,-51000
3321,同泰            ,0,51000,-51000,0,0,0,0,0,0,0,0,0,0,0,0,0,-51000
08671P,友訊國票01售01  ,0,0,0,0,0,0,0,0,0,-52000,0,0,0,2000,54000,-52000,-52000
068498,玉晶光元大01購16,0,0,0,0,0,0,0,0,0,-52000,0,0,0,9000,61000,-52000,-52000
059424,SGBR2X元大9A購01,0,0,0,0,0,0,0,0,0,-52000,0,0,0,10000,62000,-52000,-52000
00652,富邦印度        ,55000,112000,-57000,0,0,0,0,0,0,5000,0,0,0,156000,151000,5000,-52000
065435,臻鼎凱基02購01  ,0,0,0,0,0,0,0,0,0,-52000,0,0,0,0,52000,-52000,-52000
061121,智邦永豐9A購02  ,0,0,0,0,0,0,0,0,0,-52000,0,0,0,3000,55000,-52000,-52000
062091,世紀鋼元大9B購01,0,0,0,0,0,0,0,0,0,-52000,0,0,0,224000,276000,-52000,-52000
063847,聯發科元大9C購03,0,0,0,0,0,0,0,0,0,-52000,0,0,0,94000,146000,-52000,-52000
066482,華碩元富01購02  ,0,0,0,0,0,0,0,0,0,-52000,0,0,0,73000,125000,-52000,-52000
066006,大立光統一01購07,0,0,0,0,0,0,0,0,0,-52000,0,0,0,32000,84000,-52000,-52000
067319,眾達元大01購02  ,0,0,0,0,0,0,0,0,0,-52000,0,0,0,209000,261000,-52000,-52000
067460,晶技永豐01購02  ,0,0,0,0,0,0,0,0,0,-52000,0,0,0,72000,124000,-52000,-52000
068468,聯電群益03購03  ,0,0,0,0,0,0,0,0,0,-53000,0,0,0,31000,84000,-53000,-53000
00645,富邦日本        ,0,0,0,0,0,0,0,0,0,-53000,0,0,0,180000,233000,-53000,-53000
055689,台郡凱基99購01  ,0,0,0,0,0,0,0,0,0,-53000,0,0,0,10000,63000,-53000,-53000
056277,上銀富邦99購02  ,0,0,0,0,0,0,0,0,0,-53000,0,0,0,0,53000,-53000,-53000
058455,玉晶光永豐99購03,0,0,0,0,0,0,0,0,0,-53000,0,0,0,2000,55000,-53000,-53000
058875,台表科國票9A購02,0,0,0,0,0,0,0,0,0,-53000,0,0,0,33000,86000,-53000,-53000
061565,滬深2X元大9A購08,0,0,0,0,0,0,0,0,0,-53000,0,0,0,0,53000,-53000,-53000
063769,玉晶光國泰02購01,0,0,0,0,0,0,0,0,0,-53000,0,0,0,2000,55000,-53000,-53000
062741,立積國票9B購02  ,0,0,0,0,0,0,0,0,0,-53000,0,0,0,21000,74000,-53000,-53000
065369,瑞昱元大9C購01  ,0,0,0,0,0,0,0,0,0,-53000,0,0,0,50000,103000,-53000,-53000
067112,泰碩群益01購02  ,0,0,0,0,0,0,0,0,0,-53000,0,0,0,0,53000,-53000,-53000
067727,聯茂凱基01購02  ,0,0,0,0,0,0,0,0,0,-53000,0,0,0,50000,103000,-53000,-53000
066237,京鼎富邦04購01  ,0,0,0,0,0,0,0,0,0,-53000,0,0,0,10000,63000,-53000,-53000
066310,長興永豐01購01  ,0,0,0,0,0,0,0,0,0,-53000,0,0,0,19000,72000,-53000,-53000
8249,菱光            ,7000,60000,-53000,0,0,0,0,0,0,0,0,0,0,0,0,0,-53000
6415,矽力-KY         ,182384,234333,-51949,0,0,0,0,2000,-2000,0,0,0,0,0,0,0,-53949
08577P,臺指2X中信03售01,0,0,0,0,0,0,0,0,0,-54000,0,0,0,0,54000,-54000,-54000
08901P,台表科群益01售02,0,0,0,0,0,0,0,0,0,-54000,0,0,0,0,54000,-54000,-54000
057263,可成兆豐99購01  ,0,0,0,0,0,0,0,0,0,-54000,0,0,0,0,54000,-54000,-54000
065351,中租統一02購02  ,0,0,0,0,0,0,0,0,0,-54000,0,0,0,444000,498000,-54000,-54000
065413,玉晶光永豐9C購10,0,0,0,0,0,0,0,0,0,-54000,0,0,0,0,54000,-54000,-54000
063428,矽創凱基9B購02  ,0,0,0,0,0,0,0,0,0,-54000,0,0,0,36000,90000,-54000,-54000
061318,智邦凱基9B購01  ,0,0,0,0,0,0,0,0,0,-54000,0,0,0,1000,55000,-54000,-54000
061368,南六國票9A購01  ,0,0,0,0,0,0,0,0,0,-54000,0,0,0,164000,218000,-54000,-54000
066866,滬深2X元富01購03,0,0,0,0,0,0,0,0,0,-54000,0,0,0,4000,58000,-54000,-54000
065819,京鼎元富03購01  ,0,0,0,0,0,0,0,0,0,-54000,0,0,0,30000,84000,-54000,-54000
065723,新日興兆豐01購01,0,0,0,0,0,0,0,0,0,-54000,0,0,0,8000,62000,-54000,-54000
067072,建準元大01購01  ,0,0,0,0,0,0,0,0,0,-54000,0,0,0,533000,587000,-54000,-54000
067035,台表科康和01購01,0,0,0,0,0,0,0,0,0,-54000,0,0,0,0,54000,-54000,-54000
067342,新日興凱基01購02,0,0,0,0,0,0,0,0,0,-54000,0,0,0,0,54000,-54000,-54000
6668,中揚光          ,34000,88000,-54000,0,0,0,0,0,0,0,0,0,0,0,0,0,-54000
08562P,南電國票01售03  ,0,0,0,0,0,0,0,0,0,-55000,0,0,0,30000,85000,-55000,-55000
08666P,智邦國票02售01  ,0,0,0,0,0,0,0,0,0,-55000,0,0,0,60000,115000,-55000,-55000
065125,奇力新永豐9C購01,0,0,0,0,0,0,0,0,0,-55000,0,0,0,14000,69000,-55000,-55000
068559,鴻海元大01購29  ,0,0,0,0,0,0,0,0,0,-55000,0,0,0,0,55000,-55000,-55000
068361,惠特凱基03購01  ,0,0,0,0,0,0,0,0,0,-55000,0,0,0,0,55000,-55000,-55000
068365,大立光國泰03購06,0,0,0,0,0,0,0,0,0,-55000,0,0,0,0,55000,-55000,-55000
03240P,臺股指元大02售05,0,0,0,0,0,0,0,0,0,-55000,0,0,0,0,55000,-55000,-55000
061528,超眾凱基9A購04  ,0,0,0,0,0,0,0,0,0,-55000,0,0,0,0,55000,-55000,-55000
061303,玉晶光永豐9B購03,0,0,0,0,0,0,0,0,0,-55000,0,0,0,0,55000,-55000,-55000
061987,大立光元大9B購03,0,0,0,0,0,0,0,0,0,-55000,0,0,0,20000,75000,-55000,-55000
060505,友達元大9C購05  ,0,0,0,0,0,0,0,0,0,-55000,0,0,0,0,55000,-55000,-55000
061744,超眾凱基9B購02  ,0,0,0,0,0,0,0,0,0,-55000,0,0,0,0,55000,-55000,-55000
062458,全新群益9B購03  ,0,0,0,0,0,0,0,0,0,-55000,0,0,0,18000,73000,-55000,-55000
063338,國巨統一9C購11  ,0,0,0,0,0,0,0,0,0,-55000,0,0,0,0,55000,-55000,-55000
067693,滬深2X中信04購02,0,0,0,0,0,0,0,0,0,-55000,0,0,0,5000,60000,-55000,-55000
065919,禾伸堂凱基02購01,0,0,0,0,0,0,0,0,0,-55000,0,0,0,0,55000,-55000,-55000
066398,京鼎凱基01購02  ,0,0,0,0,0,0,0,0,0,-55000,0,0,0,0,55000,-55000,-55000
8028,昇陽半導體      ,44000,98000,-54000,0,0,0,0,0,0,-1000,2000,1000,1000,0,2000,-2000,-55000
068511,國巨統一07購01  ,0,0,0,0,0,0,0,0,0,-56000,0,0,0,10000,66000,-56000,-56000
064371,矽格統一9C購02  ,0,0,0,0,0,0,0,0,0,-56000,0,0,0,44000,100000,-56000,-56000
064630,巨大元大9C購01  ,0,0,0,0,0,0,0,0,0,-56000,0,0,0,88000,144000,-56000,-56000
060688,世紀鋼元大9C購01,0,0,0,0,0,0,0,0,0,-56000,0,0,0,7000,63000,-56000,-56000
057282,大立光元大99購06,0,0,0,0,0,0,0,0,0,-56000,0,0,0,32000,88000,-56000,-56000
064000,台郡兆豐9C購01  ,0,0,0,0,0,0,0,0,0,-56000,0,0,0,30000,86000,-56000,-56000
063597,健策中信9B購02  ,0,0,0,0,0,0,0,0,0,-56000,0,0,0,10000,66000,-56000,-56000
063618,智邦兆豐9C購01  ,0,0,0,0,0,0,0,0,0,-56000,0,0,0,0,56000,-56000,-56000
063951,新日興元大9C購01,0,0,0,0,0,0,0,0,0,-56000,0,0,0,20000,76000,-56000,-56000
065457,旭富元富03購01  ,0,0,0,0,0,0,0,0,0,-56000,0,0,0,1000,57000,-56000,-56000
065370,瑞昱元大9C購02  ,0,0,0,0,0,0,0,0,0,-56000,0,0,0,117000,173000,-56000,-56000
065473,鴻海元大9C購14  ,0,0,0,0,0,0,0,0,0,-56000,0,0,0,0,56000,-56000,-56000
065576,泰鼎群益9C購02  ,0,0,0,0,0,0,0,0,0,-56000,0,0,0,19000,75000,-56000,-56000
066423,智原元大01購02  ,0,0,0,0,0,0,0,0,0,-56000,0,0,0,14000,70000,-56000,-56000
066806,京鼎凱基02購01  ,0,0,0,0,0,0,0,0,0,-56000,0,0,0,0,56000,-56000,-56000
066992,緯穎群益01購02  ,0,0,0,0,0,0,0,0,0,-56000,0,0,0,58000,114000,-56000,-56000
067287,瀚宇博國票02購01,0,0,0,0,0,0,0,0,0,-56000,0,0,0,30000,86000,-56000,-56000
068586,奇力新台新01購01,0,0,0,0,0,0,0,0,0,-57000,0,0,0,0,57000,-57000,-57000
068291,大立光群益03購01,0,0,0,0,0,0,0,0,0,-57000,0,0,0,24000,81000,-57000,-57000
064996,T50反1國票01購03,0,0,0,0,0,0,0,0,0,-57000,0,0,0,110000,167000,-57000,-57000
00665L,富邦恒生國企正2 ,5000,54000,-49000,0,0,0,0,0,0,-8000,0,0,0,58000,66000,-8000,-57000
03687C,臺股指凱基9C牛22,0,0,0,0,0,0,0,0,0,-57000,0,0,0,39000,96000,-57000,-57000
059640,聯詠凱基99購04  ,0,0,0,0,0,0,0,0,0,-57000,0,0,0,0,57000,-57000,-57000
058817,嘉聯益台新99購01,0,0,0,0,0,0,0,0,0,-57000,0,0,0,3000,60000,-57000,-57000
062108,晶豪科國票9B購01,0,0,0,0,0,0,0,0,0,-57000,0,0,0,5000,62000,-57000,-57000
061853,晶技國票9B購02  ,0,0,0,0,0,0,0,0,0,-57000,0,0,0,32000,89000,-57000,-57000
064006,晶技凱基9C購02  ,0,0,0,0,0,0,0,0,0,-57000,0,0,0,49000,106000,-57000,-57000
063737,大立光元大9C購07,0,0,0,0,0,0,0,0,0,-57000,0,0,0,0,57000,-57000,-57000
061790,中租群益9B購01  ,0,0,0,0,0,0,0,0,0,-57000,0,0,0,0,57000,-57000,-57000
067562,牧德國票02購01  ,0,0,0,0,0,0,0,0,0,-57000,0,0,0,0,57000,-57000,-57000
067927,瑞祺兆豐01購01  ,0,0,0,0,0,0,0,0,0,-57000,0,0,0,77000,134000,-57000,-57000
067955,玉晶光永豐01購07,0,0,0,0,0,0,0,0,0,-57000,0,0,0,0,57000,-57000,-57000
068205,京鼎凱基01購05  ,0,0,0,0,0,0,0,0,0,-57000,0,0,0,0,57000,-57000,-57000
068159,華擎元大01購08  ,0,0,0,0,0,0,0,0,0,-57000,0,0,0,50000,107000,-57000,-57000
068003,玉晶光元大01購12,0,0,0,0,0,0,0,0,0,-57000,0,0,0,18000,75000,-57000,-57000
3024,憶聲            ,7000,64000,-57000,0,0,0,0,0,0,0,0,0,0,0,0,0,-57000
064967,道瓊銀元大01購01,0,0,0,0,0,0,0,0,0,-58000,0,0,0,10000,68000,-58000,-58000
064829,義隆統一01購02  ,0,0,0,0,0,0,0,0,0,-58000,0,0,0,73000,131000,-58000,-58000
068465,致茂永豐01購03  ,0,0,0,0,0,0,0,0,0,-58000,0,0,0,0,58000,-58000,-58000
064188,玉晶光永豐9C購02,0,0,0,0,0,0,0,0,0,-58000,0,0,0,10000,68000,-58000,-58000
08687P,南六永豐01售02  ,0,0,0,0,0,0,0,0,0,-58000,0,0,0,0,58000,-58000,-58000
08545P,南電國泰01售02  ,0,0,0,0,0,0,0,0,0,-58000,0,0,0,2000,60000,-58000,-58000
057812,友達元大9A購05  ,0,0,0,0,0,0,0,0,0,-58000,0,0,0,346000,404000,-58000,-58000
059662,旭富元大9C購01  ,0,0,0,0,0,0,0,0,0,-58000,0,0,0,0,58000,-58000,-58000
058370,聯詠凱基99購01  ,0,0,0,0,0,0,0,0,0,-58000,0,0,0,0,58000,-58000,-58000
063668,奇力新統一01購03,0,0,0,0,0,0,0,0,0,-58000,0,0,0,0,58000,-58000,-58000
063129,祥碩元大9C購03  ,0,0,0,0,0,0,0,0,0,-58000,0,0,0,0,58000,-58000,-58000
061423,廣達元大9A購01  ,0,0,0,0,0,0,0,0,0,-58000,0,0,0,0,58000,-58000,-58000
067901,旭富群益01購04  ,0,0,0,0,0,0,0,0,0,-58000,0,0,0,0,58000,-58000,-58000
067567,瀚宇博康和01購01,0,0,0,0,0,0,0,0,0,-58000,0,0,0,85000,143000,-58000,-58000
067162,康控國票02購01  ,0,0,0,0,0,0,0,0,0,-58000,0,0,0,133000,191000,-58000,-58000
066855,樺漢元大01購03  ,0,0,0,0,0,0,0,0,0,-58000,0,0,0,35000,93000,-58000,-58000
066967,台積電元富07購03,0,0,0,0,0,0,0,0,0,-58000,0,0,0,1000,59000,-58000,-58000
065664,矽格永豐9C購01  ,0,0,0,0,0,0,0,0,0,-58000,0,0,0,0,58000,-58000,-58000
6192,巨路            ,19000,77000,-58000,0,0,0,0,0,0,0,0,0,0,0,0,0,-58000
08424P,群創元富9C售03  ,0,0,0,0,0,0,0,0,0,-59000,0,0,0,0,59000,-59000,-59000
03027P,玉晶光元大01售09,0,0,0,0,0,0,0,0,0,-59000,0,0,0,10000,69000,-59000,-59000
057222,鴻海國票99購04  ,0,0,0,0,0,0,0,0,0,-59000,0,0,0,0,59000,-59000,-59000
057982,帆宣永豐98購01  ,0,0,0,0,0,0,0,0,0,-59000,0,0,0,1000,60000,-59000,-59000
061525,華新科凱基9A購13,0,0,0,0,0,0,0,0,0,-59000,0,0,0,20000,79000,-59000,-59000
059988,大立光元大9A購02,0,0,0,0,0,0,0,0,0,-59000,0,0,0,0,59000,-59000,-59000
062121,奇鋐台新9B購01  ,0,0,0,0,0,0,0,0,0,-59000,0,0,0,0,59000,-59000,-59000
061974,光寶科元大9B購01,0,0,0,0,0,0,0,0,0,-59000,0,0,0,261000,320000,-59000,-59000
060551,大立光凱基9B購02,0,0,0,0,0,0,0,0,0,-59000,0,0,0,0,59000,-59000,-59000
062637,智易國票9B購01  ,0,0,0,0,0,0,0,0,0,-59000,0,0,0,34000,93000,-59000,-59000
065658,聯發科富邦03購03,0,0,0,0,0,0,0,0,0,-59000,0,0,0,144000,203000,-59000,-59000
066441,聯強群益01購01  ,0,0,0,0,0,0,0,0,0,-59000,0,0,0,44000,103000,-59000,-59000
067943,矽格凱基01購04  ,0,0,0,0,0,0,0,0,0,-59000,0,0,0,19000,78000,-59000,-59000
068021,泰鼎國票02購01  ,0,0,0,0,0,0,0,0,0,-59000,0,0,0,0,59000,-59000,-59000
08380P,GIS元大9C售06   ,0,0,0,0,0,0,0,0,0,-60000,0,0,0,5000,65000,-60000,-60000
08565P,聯發科群益9C售12,0,0,0,0,0,0,0,0,0,-60000,0,0,0,0,60000,-60000,-60000
08745P,臺股指凱基02售06,0,0,0,0,0,0,0,0,0,-60000,0,0,0,0,60000,-60000,-60000
08988P,華碩國票01售02  ,0,0,0,0,0,0,0,0,0,-60000,0,0,0,0,60000,-60000,-60000
064296,奇鋐國票01購01  ,0,0,0,0,0,0,0,0,0,-60000,0,0,0,12000,72000,-60000,-60000
065119,大立光富邦03購03,0,0,0,0,0,0,0,0,0,-60000,0,0,0,0,60000,-60000,-60000
064497,可成元大01購02  ,0,0,0,0,0,0,0,0,0,-60000,0,0,0,28000,88000,-60000,-60000
064651,GIS凱基9C購02   ,0,0,0,0,0,0,0,0,0,-60000,0,0,0,130000,190000,-60000,-60000
064312,大立光群益01購01,0,0,0,0,0,0,0,0,0,-60000,0,0,0,0,60000,-60000,-60000
064021,國巨元大9C購15  ,0,0,0,0,0,0,0,0,0,-60000,0,0,0,0,60000,-60000,-60000
06841P,臺股指統一9A售02,0,0,0,0,0,0,0,0,0,-60000,0,0,0,0,60000,-60000,-60000
068354,燿華凱基01購03  ,0,0,0,0,0,0,0,0,0,-60000,0,0,0,0,60000,-60000,-60000
07612P,國巨國泰9B售06  ,0,0,0,0,0,0,0,0,0,-60000,0,0,0,0,60000,-60000,-60000
064818,華新統一01購01  ,0,0,0,0,0,0,0,0,0,-60000,0,0,0,0,60000,-60000,-60000
064819,華新統一01購02  ,0,0,0,0,0,0,0,0,0,-60000,0,0,0,0,60000,-60000,-60000
064743,聯詠國票01購01  ,0,0,0,0,0,0,0,0,0,-60000,0,0,0,20000,80000,-60000,-60000
06498P,臺股指元大9A售03,0,0,0,0,0,0,0,0,0,-60000,0,0,0,10000,70000,-60000,-60000
08189P,超眾群益9B售04  ,0,0,0,0,0,0,0,0,0,-60000,0,0,0,0,60000,-60000,-60000
059403,T50反1台新03購03,0,0,0,0,0,0,0,0,0,-60000,0,0,0,0,60000,-60000,-60000
058237,嘉晶元大99購04  ,0,0,0,0,0,0,0,0,0,-60000,0,0,0,10000,70000,-60000,-60000
058150,中502X統一9B購01,0,0,0,0,0,0,0,0,0,-60000,0,0,0,0,60000,-60000,-60000
058693,旭富國票9A購01  ,0,0,0,0,0,0,0,0,0,-60000,0,0,0,0,60000,-60000,-60000
058797,大毅元大99購03  ,0,0,0,0,0,0,0,0,0,-60000,0,0,0,6000,66000,-60000,-60000
03155P,玉晶光群益01售08,0,0,0,0,0,0,0,0,0,-60000,0,0,0,0,60000,-60000,-60000
03093P,台灣50凱基04售10,0,0,0,0,0,0,0,0,0,-60000,0,0,0,0,60000,-60000,-60000
03115P,玉晶光第一01售01,0,0,0,0,0,0,0,0,0,-60000,0,0,0,60000,120000,-60000,-60000
056552,台表科凱基99購01,0,0,0,0,0,0,0,0,0,-60000,0,0,0,0,60000,-60000,-60000
056096,超眾元富9A購01  ,0,0,0,0,0,0,0,0,0,-60000,0,0,0,12000,72000,-60000,-60000
055680,美律凱基99購01  ,0,0,0,0,0,0,0,0,0,-60000,0,0,0,0,60000,-60000,-60000
062577,泰鼎群益9B購01  ,0,0,0,0,0,0,0,0,0,-60000,0,0,0,0,60000,-60000,-60000
062755,茂林麥證9B購01  ,0,0,0,0,60000,-60000,0,0,0,-60000,0,0,0,0,60000,-60000,-60000
063283,華新科元大9C購03,0,0,0,0,0,0,0,0,0,-60000,0,0,0,0,60000,-60000,-60000
062504,旭富群益9B購02  ,0,0,0,0,0,0,0,0,0,-60000,0,0,0,0,60000,-60000,-60000
063981,貿聯兆豐9C購01  ,0,0,0,0,0,0,0,0,0,-60000,0,0,0,0,60000,-60000,-60000
060819,國巨統一9C購04  ,0,0,0,0,0,0,0,0,0,-60000,0,0,0,0,60000,-60000,-60000
065276,台灣50群益02購03,0,0,0,0,0,0,0,0,0,-60000,0,0,0,9000,69000,-60000,-60000
065580,鈺齊群益01購01  ,0,0,0,0,0,0,0,0,0,-60000,0,0,0,0,60000,-60000,-60000
061325,晶技凱基9A購03  ,0,0,0,0,0,0,0,0,0,-60000,0,0,0,76000,136000,-60000,-60000
061234,國巨元大9A購18  ,0,0,0,0,0,0,0,0,0,-60000,0,0,0,0,60000,-60000,-60000
060855,華新科富邦01購01,0,0,0,0,0,0,0,0,0,-60000,0,0,0,0,60000,-60000,-60000
068181,長榮航群益02購01,0,0,0,0,0,0,0,0,0,-60000,0,0,0,0,60000,-60000,-60000
067265,巨大國票02購01  ,0,0,0,0,0,0,0,0,0,-60000,0,0,0,62000,122000,-60000,-60000
067139,訊連永豐01購01  ,0,0,0,0,0,0,0,0,0,-60000,0,0,0,88000,148000,-60000,-60000
067509,京鼎統一01購01  ,0,0,0,0,0,0,0,0,0,-60000,0,0,0,88000,148000,-60000,-60000
067381,康控統一03購01  ,0,0,0,0,0,0,0,0,0,-60000,0,0,0,64000,124000,-60000,-60000
066367,緯創中信05購01  ,0,0,0,0,0,0,0,0,0,-60000,0,0,0,5000,65000,-60000,-60000
066479,國巨元富07購01  ,0,0,0,0,0,0,0,0,0,-60000,0,0,0,13000,73000,-60000,-60000
066591,華新科群益01購05,0,0,0,0,0,0,0,0,0,-60000,0,0,0,40000,100000,-60000,-60000
066886,T50反1中信05購01,0,0,0,0,0,0,0,0,0,-60000,0,0,0,0,60000,-60000,-60000
066795,台積電凱基02購07,0,0,0,0,0,0,0,0,0,-60000,0,0,0,0,60000,-60000,-60000
066713,台灣50元大01購21,0,0,0,0,0,0,0,0,0,-60000,0,0,0,46000,106000,-60000,-60000
2723,美食-KY         ,277071,348000,-70929,0,0,0,0,0,0,10000,0,2000,-2000,26000,14000,12000,-60929
068524,友達元富07購01  ,0,0,0,0,0,0,0,0,0,-61000,0,0,0,107000,168000,-61000,-61000
08357P,聯發科元大9C售09,0,0,0,0,0,0,0,0,0,-61000,0,0,0,0,61000,-61000,-61000
055589,台光電元大98購04,0,0,0,0,0,0,0,0,0,-61000,0,0,0,0,61000,-61000,-61000
056737,國巨凱基9A購01  ,0,0,0,0,0,0,0,0,0,-61000,0,0,0,0,61000,-61000,-61000
00651R,FH香港反1       ,0,0,0,0,0,0,0,0,0,-61000,0,0,0,272000,333000,-61000,-61000
060984,南亞科元大9A購07,0,0,0,0,0,0,0,0,0,-61000,0,0,0,0,61000,-61000,-61000
062674,百和中信03購01  ,0,0,0,0,0,0,0,0,0,-61000,0,0,0,7000,68000,-61000,-61000
066578,臺股指元大01購07,0,0,0,0,0,0,0,0,0,-61000,0,0,0,0,61000,-61000,-61000
065729,聯詠凱基9C購04  ,0,0,0,0,0,0,0,0,0,-61000,0,0,0,73000,134000,-61000,-61000
067399,新日興永豐01購01,0,0,0,0,0,0,0,0,0,-61000,0,0,0,0,61000,-61000,-61000
067871,玉晶光元大01購08,0,0,0,0,0,0,0,0,0,-61000,0,0,0,5000,66000,-61000,-61000
3686,達能            ,164000,225000,-61000,0,0,0,0,0,0,0,0,0,0,0,0,0,-61000
4164,承業醫          ,33000,92000,-59000,0,0,0,0,0,0,-2000,0,2000,-2000,0,0,0,-61000
08543P,世芯國票01售02  ,0,0,0,0,0,0,0,0,0,-62000,0,0,0,702000,764000,-62000,-62000
064500,國泰金元大9C購01,0,0,0,0,0,0,0,0,0,-62000,0,0,0,0,62000,-62000,-62000
064125,聯發科元大02購01,0,0,0,0,0,0,0,0,0,-62000,0,0,0,0,62000,-62000,-62000
064771,貿聯中信01購01  ,0,0,0,0,0,0,0,0,0,-62000,0,0,0,38000,100000,-62000,-62000
039212,台達電台新9A購01,0,0,0,0,0,0,0,0,0,-62000,0,0,0,1000,63000,-62000,-62000
03167P,友達元富07售02  ,0,0,0,0,0,0,0,0,0,-62000,0,0,0,0,62000,-62000,-62000
057082,玉晶光統一9A購04,0,0,0,0,0,0,0,0,0,-62000,0,0,0,181000,243000,-62000,-62000
055916,奇鋐凱基99購01  ,40000,0,40000,0,0,0,0,0,0,-102000,0,0,0,20000,122000,-102000,-62000
056213,建準國票98購02  ,0,0,0,0,0,0,0,0,0,-62000,0,0,0,0,62000,-62000,-62000
062822,力成兆豐9B購01  ,0,0,0,0,0,0,0,0,0,-62000,0,0,0,0,62000,-62000,-62000
063439,正隆統一01購01  ,0,0,0,0,0,0,0,0,0,-62000,0,0,0,93000,155000,-62000,-62000
061620,禾伸堂群益9A購02,0,0,0,0,0,0,0,0,0,-62000,0,0,0,0,62000,-62000,-62000
061358,世紀鋼元大9A購04,0,0,0,0,0,0,0,0,0,-62000,0,0,0,210000,272000,-62000,-62000
063113,聯茂兆豐9B購01  ,0,0,0,0,0,0,0,0,0,-62000,0,0,0,68000,130000,-62000,-62000
067420,國巨凱基02購03  ,0,0,0,0,0,0,0,0,0,-62000,0,0,0,7000,69000,-62000,-62000
066642,臺股指凱基04購01,0,0,0,0,0,0,0,0,0,-62000,0,0,0,225000,287000,-62000,-62000
2851,中再保          ,23000,67000,-44000,0,0,0,0,0,0,-18000,0,18000,-18000,0,0,0,-62000
064767,宏全凱基9C購01  ,0,0,0,0,0,0,0,0,0,-63000,0,0,0,10000,73000,-63000,-63000
064949,南亞科凱基9C購01,0,0,0,0,0,0,0,0,0,-63000,0,0,0,0,63000,-63000,-63000
064628,南六元大9C購05  ,0,0,0,0,0,0,0,0,0,-63000,0,0,0,29000,92000,-63000,-63000
059950,百和永豐99購02  ,0,0,0,0,0,0,0,0,0,-63000,0,0,0,117000,180000,-63000,-63000
058584,百和群益9A購01  ,0,0,0,0,0,0,0,0,0,-63000,0,0,0,0,63000,-63000,-63000
060072,國巨元富99購04  ,0,0,0,0,0,0,0,0,0,-63000,0,0,0,20000,83000,-63000,-63000
061469,瑞祺群益9A購02  ,0,0,0,0,0,0,0,0,0,-63000,0,0,0,0,63000,-63000,-63000
063159,嘉澤國泰01購01  ,0,0,0,0,0,0,0,0,0,-63000,0,0,0,25000,88000,-63000,-63000
061867,旺宏元大9B購02  ,0,0,0,0,0,0,0,0,0,-63000,0,0,0,102000,165000,-63000,-63000
061905,上証反中信03購01,0,0,0,0,0,0,0,0,0,-63000,0,0,0,0,63000,-63000,-63000
060815,茂林凱基9B購01  ,0,0,0,0,0,0,0,0,0,-63000,0,0,0,30000,93000,-63000,-63000
063852,瀚宇博元大9C購01,0,0,0,0,0,0,0,0,0,-63000,0,0,0,35000,98000,-63000,-63000
063268,GIS中信9B購01   ,0,0,0,0,0,0,0,0,0,-63000,0,0,0,6000,69000,-63000,-63000
066963,T50反1元富07購03,0,0,0,0,0,0,0,0,0,-63000,0,0,0,77000,140000,-63000,-63000
066315,南帝永豐01購01  ,0,0,0,0,0,0,0,0,0,-63000,0,0,0,89000,152000,-63000,-63000
066223,拓凱國泰03購01  ,0,0,0,0,0,0,0,0,0,-63000,0,0,0,9000,72000,-63000,-63000
2547,日勝生          ,51000,114000,-63000,0,0,0,0,0,0,0,0,0,0,0,0,0,-63000
06458P,玉晶光統一9A售02,0,0,0,0,0,0,0,0,0,-64000,0,0,0,0,64000,-64000,-64000
08344P,旺宏元大01售02  ,0,0,0,0,0,0,0,0,0,-64000,0,0,0,43000,107000,-64000,-64000
064779,義隆群益9C購03  ,0,0,0,0,0,0,0,0,0,-64000,0,0,0,155000,219000,-64000,-64000
00638R,元大滬深300反1  ,33000,180000,-147000,0,0,0,0,0,0,83000,0,0,0,1009000,926000,83000,-64000
00712,FH富時不動產    ,0,126000,-126000,0,0,0,0,0,0,62000,0,0,0,108000,46000,62000,-64000
062803,嘉晶統一9B購02  ,0,0,0,0,0,0,0,0,0,-64000,0,0,0,7000,71000,-64000,-64000
063559,力山元大9B購04  ,0,0,0,0,0,0,0,0,0,-64000,0,0,0,5000,69000,-64000,-64000
063131,聯茂元大9B購03  ,0,0,0,0,0,0,0,0,0,-64000,0,0,0,58000,122000,-64000,-64000
2106,建大            ,282000,116000,166000,0,0,0,0,200000,-200000,-30000,0,30000,-30000,0,0,0,-64000
068535,台積電中信05購06,0,0,0,0,0,0,0,0,0,-65000,0,0,0,10000,75000,-65000,-65000
064071,台郡永豐9C購01  ,0,0,0,0,0,0,0,0,0,-65000,0,0,0,12000,77000,-65000,-65000
00766L,台新MSCI中國正2 ,0,0,0,0,0,0,0,0,0,-65000,0,0,0,95000,160000,-65000,-65000
055446,奇力新統一9A購01,0,0,0,0,0,0,0,0,0,-65000,0,0,0,0,65000,-65000,-65000
059009,世紀鋼元大99購04,0,0,0,0,0,0,0,0,0,-65000,0,0,0,8000,73000,-65000,-65000
059453,奇力新永豐99購01,0,0,0,0,0,0,0,0,0,-65000,0,0,0,38000,103000,-65000,-65000
062812,國巨兆豐9B購03  ,0,0,0,0,0,0,0,0,0,-65000,0,0,0,0,65000,-65000,-65000
058312,大毅國泰9B購01  ,0,0,0,0,0,0,0,0,0,-65000,0,0,0,132000,197000,-65000,-65000
060978,國巨元大9A購13  ,0,0,0,0,0,0,0,0,0,-65000,0,0,0,5000,70000,-65000,-65000
061373,華通富邦9A購02  ,0,0,0,0,0,0,0,0,0,-65000,0,0,0,40000,105000,-65000,-65000
061647,南六元大9A購03  ,0,0,0,0,0,0,0,0,0,-65000,0,0,0,216000,281000,-65000,-65000
062351,瑞祺群益9C購01  ,0,0,0,0,0,0,0,0,0,-65000,0,0,0,0,65000,-65000,-65000
065883,康友台新9C購01  ,0,0,0,0,0,0,0,0,0,-65000,0,0,0,0,65000,-65000,-65000
066572,台郡元大01購02  ,0,0,0,0,0,0,0,0,0,-65000,0,0,0,120000,185000,-65000,-65000
066703,聯詠群益01購02  ,0,0,0,0,0,0,0,0,0,-65000,0,0,0,176000,241000,-65000,-65000
067414,嘉澤康和01購01  ,0,0,0,0,0,0,0,0,0,-65000,0,0,0,0,65000,-65000,-65000
067523,上証反群益06購01,0,0,0,0,0,0,0,0,0,-65000,0,0,0,50000,115000,-65000,-65000
067243,華擎群益01購04  ,0,0,0,0,0,0,0,0,0,-65000,0,0,0,0,65000,-65000,-65000
067211,聯發科元大01購19,0,0,0,0,0,0,0,0,0,-65000,0,0,0,182000,247000,-65000,-65000
1806,冠軍            ,22000,87000,-65000,0,0,0,0,0,0,0,0,0,0,0,0,0,-65000
6230,超眾            ,51000,47000,4000,0,0,0,0,63000,-63000,-6000,0,0,0,7000,13000,-6000,-65000
9105,泰金寶-DR       ,144000,209000,-65000,0,0,0,0,0,0,0,0,0,0,0,0,0,-65000
065112,台表科國票02購01,0,0,0,0,0,0,0,0,0,-66000,0,0,0,25000,91000,-66000,-66000
060015,國巨康和99購03  ,0,0,0,0,0,0,0,0,0,-66000,0,0,0,18000,84000,-66000,-66000
056906,玉晶光元大9B購01,0,0,0,0,0,0,0,0,0,-66000,0,0,0,62000,128000,-66000,-66000
062474,台表科凱基9C購01,0,0,0,0,0,0,0,0,0,-66000,0,0,0,20000,86000,-66000,-66000
060806,華新科群益9A購03,0,0,0,0,0,0,0,0,0,-66000,0,0,0,0,66000,-66000,-66000
067688,南六元大01購06  ,0,0,0,0,0,0,0,0,0,-66000,0,0,0,372000,438000,-66000,-66000
067798,GIS中信03購01   ,0,0,0,0,0,0,0,0,0,-66000,0,0,0,31000,97000,-66000,-66000
066761,聯陽永豐01購03  ,0,0,0,0,0,0,0,0,0,-66000,0,0,0,1000,67000,-66000,-66000
066858,聯鈞國票02購01  ,0,0,0,0,0,0,0,0,0,-66000,0,0,0,33000,99000,-66000,-66000
066159,寶成康和01購01  ,0,0,0,0,0,0,0,0,0,-66000,0,0,0,12000,78000,-66000,-66000
2545,皇翔            ,43000,109000,-66000,0,0,0,0,0,0,0,0,0,0,0,0,0,-66000
3031,佰鴻            ,15000,81000,-66000,0,0,0,0,0,0,0,0,0,0,0,0,0,-66000
08904P,為升國票03售01  ,0,0,0,0,0,0,0,0,0,-67000,0,0,0,36000,103000,-67000,-67000
058824,晶技富邦9A購01  ,0,0,0,0,0,0,0,0,0,-67000,0,0,0,0,67000,-67000,-67000
061785,奇力新群益9B購01,0,0,0,0,0,0,0,0,0,-67000,0,0,0,0,67000,-67000,-67000
062573,大毅群益9B購03  ,0,0,0,0,0,0,0,0,0,-67000,0,0,0,0,67000,-67000,-67000
065522,旭富群益9C購03  ,0,0,0,0,0,0,0,0,0,-67000,0,0,0,0,67000,-67000,-67000
066174,京鼎凱基01購01  ,0,0,0,0,0,0,0,0,0,-67000,0,0,0,13000,80000,-67000,-67000
2062,橋椿            ,16000,83000,-67000,0,0,0,0,0,0,0,0,0,0,0,0,0,-67000
064036,矽創元大9C購01  ,0,0,0,0,0,0,0,0,0,-68000,0,0,0,145000,213000,-68000,-68000
064745,聯鈞國票01購01  ,0,0,0,0,0,0,0,0,0,-68000,0,0,0,43000,111000,-68000,-68000
058244,神達元大99購02  ,0,0,0,0,0,0,0,0,0,-68000,0,0,0,0,68000,-68000,-68000
062260,華新科元大9B購09,0,0,0,0,0,0,0,0,0,-68000,0,0,0,1000,69000,-68000,-68000
062248,國巨元大9B購08  ,0,0,0,0,0,0,0,0,0,-68000,0,0,0,0,68000,-68000,-68000
059191,茂林富邦9B購01  ,0,0,0,0,0,0,0,0,0,-68000,0,0,0,48000,116000,-68000,-68000
059984,華新科元大99購21,0,0,0,0,0,0,0,0,0,-68000,0,0,0,1000,69000,-68000,-68000
00683L,元大美元指數正2 ,0,0,0,0,0,0,0,0,0,-68000,0,0,0,88000,156000,-68000,-68000
054891,聯鈞統一99購02  ,0,0,0,0,0,0,0,0,0,-68000,0,0,0,0,68000,-68000,-68000
058409,鴻海兆豐99購05  ,0,0,0,0,0,0,0,0,0,-68000,0,0,0,0,68000,-68000,-68000
065175,大立光元大01購05,0,0,0,0,0,0,0,0,0,-68000,0,0,0,0,68000,-68000,-68000
061983,華新科元大9B購04,0,0,0,0,0,0,0,0,0,-68000,0,0,0,1000,69000,-68000,-68000
061984,華新科元大9B購05,0,0,0,0,0,0,0,0,0,-68000,0,0,0,0,68000,-68000,-68000
062182,華新科元大9B購07,0,0,0,0,0,0,0,0,0,-68000,0,0,0,1000,69000,-68000,-68000
061931,力山國票9B購02  ,0,0,0,0,0,0,0,0,0,-68000,0,0,0,26000,94000,-68000,-68000
061766,華新科元大9B購02,0,0,0,0,0,0,0,0,0,-68000,0,0,0,0,68000,-68000,-68000
061710,國巨凱基9A購18  ,0,0,0,0,0,0,0,0,0,-68000,0,0,0,1000,69000,-68000,-68000
062443,大立光元大9B購05,0,0,0,0,0,0,0,0,0,-68000,0,0,0,0,68000,-68000,-68000
063686,國巨永豐9B購04  ,0,0,0,0,0,0,0,0,0,-68000,0,0,0,0,68000,-68000,-68000
063638,華新科元大9B購14,0,0,0,0,0,0,0,0,0,-68000,0,0,0,0,68000,-68000,-68000
066229,力山富邦04購01  ,0,0,0,0,0,0,0,0,0,-68000,0,0,0,51000,119000,-68000,-68000
065717,創意中信9C購02  ,0,0,0,0,0,0,0,0,0,-68000,0,0,0,33000,101000,-68000,-68000
066749,瑞祺元大01購03  ,0,0,0,0,0,0,0,0,0,-68000,0,0,0,0,68000,-68000,-68000
067468,鴻海元大01購17  ,0,0,0,0,0,0,0,0,0,-68000,0,0,0,0,68000,-68000,-68000
1731,美吾華          ,154000,222000,-68000,0,0,0,0,0,0,0,0,0,0,0,0,0,-68000
3533,嘉澤            ,247000,175000,72000,0,0,0,0,155000,-155000,15000,22000,13000,9000,7000,1000,6000,-68000
064899,大立光群益9C購06,0,0,0,0,0,0,0,0,0,-69000,0,0,0,1000,70000,-69000,-69000
064661,鴻海元大01購02  ,0,0,0,0,0,0,0,0,0,-69000,0,0,0,0,69000,-69000,-69000
059827,晶技凱基99購03  ,0,0,0,0,0,0,0,0,0,-69000,0,0,0,13000,82000,-69000,-69000
060756,鴻海元大9A購16  ,0,0,0,0,0,0,0,0,0,-69000,0,0,0,44000,113000,-69000,-69000
063461,金像電元大9B購03,0,0,0,0,0,0,0,0,0,-69000,0,0,0,0,69000,-69000,-69000
068141,鴻海元大01購25  ,0,0,0,0,0,0,0,0,0,-69000,0,0,0,100000,169000,-69000,-69000
065654,台表科元大9C購12,0,0,0,0,0,0,0,0,0,-69000,0,0,0,264000,333000,-69000,-69000
4133,亞諾法          ,29000,178000,-149000,0,0,0,0,0,0,80000,0,0,0,110000,30000,80000,-69000
2489,瑞軒            ,134000,180000,-46000,0,0,0,0,0,0,-23000,3000,26000,-23000,0,0,0,-69000
064686,鴻海群益01購03  ,0,0,0,0,0,0,0,0,0,-70000,0,0,0,0,70000,-70000,-70000
07566P,台積電台新9B售02,0,0,0,0,0,0,0,0,0,-70000,0,0,0,0,70000,-70000,-70000
06954P,大立光元富99售01,0,0,0,0,0,0,0,0,0,-70000,0,0,0,0,70000,-70000,-70000
064353,力成元大9C購02  ,0,0,0,0,0,0,0,0,0,-70000,0,0,0,0,70000,-70000,-70000
08850P,台光電群益01售03,0,0,0,0,0,0,0,0,0,-70000,0,0,0,10000,80000,-70000,-70000
08746P,鴻海元富07售06  ,0,0,0,0,0,0,0,0,0,-70000,0,0,0,0,70000,-70000,-70000
08339P,上銀統一9C售04  ,0,0,0,0,0,0,0,0,0,-70000,0,0,0,4000,74000,-70000,-70000
057534,旭富元大98購01  ,0,0,0,0,0,0,0,0,0,-70000,0,0,0,0,70000,-70000,-70000
056765,友達元大9B購05  ,0,0,0,0,0,0,0,0,0,-70000,0,0,0,30000,100000,-70000,-70000
059594,奇力新元大9B購01,0,0,0,0,0,0,0,0,0,-70000,0,0,0,0,70000,-70000,-70000
055034,建準富邦99購01  ,0,0,0,0,0,0,0,0,0,-70000,0,0,0,0,70000,-70000,-70000
056301,開發金元大9A購01,0,0,0,0,0,0,0,0,0,-70000,0,0,0,0,70000,-70000,-70000
057489,奇力新元大99購06,0,0,0,0,0,0,0,0,0,-70000,0,0,0,0,70000,-70000,-70000
03029P,玉晶光元大02售05,0,0,0,0,0,0,0,0,0,-70000,0,0,0,50000,120000,-70000,-70000
061609,華新科統一9C購01,0,0,0,0,0,0,0,0,0,-70000,0,0,0,0,70000,-70000,-70000
063252,緯穎元大9B購07  ,0,0,0,0,0,0,0,0,0,-70000,0,0,0,0,70000,-70000,-70000
063289,台表科元大9B購07,0,0,0,0,0,0,0,0,0,-70000,0,0,0,27000,97000,-70000,-70000
061085,聯茂兆豐9A購01  ,0,0,0,0,0,0,0,0,0,-70000,0,0,0,410000,480000,-70000,-70000
065421,康友國票01購01  ,0,0,0,0,0,0,0,0,0,-70000,0,0,0,48000,118000,-70000,-70000
065714,矽創群益9C購02  ,0,0,0,0,0,0,0,0,0,-70000,0,0,0,60000,130000,-70000,-70000
068250,聯發科元大02購04,0,0,0,0,0,0,0,0,0,-70000,0,0,0,70000,140000,-70000,-70000
067656,新日興元富07購01,0,0,0,0,0,0,0,0,0,-70000,0,0,0,85000,155000,-70000,-70000
067402,茂林永豐01購01  ,0,0,0,0,0,0,0,0,0,-70000,0,0,0,138000,208000,-70000,-70000
2414,精技            ,10000,86000,-76000,0,0,0,0,0,0,6000,6000,0,6000,0,0,0,-70000
08673P,友訊元富01售03  ,0,0,0,0,0,0,0,0,0,-71000,0,0,0,9000,80000,-71000,-71000
065141,國巨凱基9C購10  ,0,2000,-2000,0,0,0,0,0,0,-69000,0,0,0,11000,80000,-69000,-71000
065108,建準國票01購01  ,0,0,0,0,0,0,0,0,0,-71000,0,0,0,27000,98000,-71000,-71000
00703,台新MSCI中國    ,0,0,0,0,0,0,0,0,0,-71000,0,0,0,41000,112000,-71000,-71000
067595,國巨凱基02購04  ,0,0,0,0,0,0,0,0,0,-71000,0,0,0,19000,90000,-71000,-71000
067784,富邦金群益02購01,0,0,0,0,0,0,0,0,0,-71000,0,0,0,34000,105000,-71000,-71000
067923,台勝科中信01購01,0,0,0,0,0,0,0,0,0,-71000,0,0,0,33000,104000,-71000,-71000
065925,鴻海國票04購01  ,0,0,0,0,0,0,0,0,0,-71000,0,0,0,0,71000,-71000,-71000
066203,景碩統一03購01  ,0,0,0,0,0,0,0,0,0,-71000,0,0,0,515000,586000,-71000,-71000
066204,京鼎統一02購01  ,0,0,0,0,0,0,0,0,0,-71000,0,0,0,58000,129000,-71000,-71000
066032,矽格群益01購01  ,0,0,0,0,0,0,0,0,0,-71000,0,0,0,14000,85000,-71000,-71000
066603,台達電富邦05購01,0,0,0,0,0,0,0,0,0,-71000,0,0,0,22000,93000,-71000,-71000
064290,GIS元大9C購04   ,0,0,0,0,0,0,0,0,0,-72000,0,0,0,96000,168000,-72000,-72000
064601,嘉晶元富9C購03  ,0,0,0,0,0,0,0,0,0,-72000,0,0,0,0,72000,-72000,-72000
068611,臻鼎凱基01購01  ,0,0,0,0,0,0,0,0,0,-72000,0,0,0,0,72000,-72000,-72000
068379,聯陽永豐01購04  ,0,0,0,0,0,0,0,0,0,-72000,0,0,0,0,72000,-72000,-72000
064840,彩晶統一02購01  ,0,0,0,0,0,0,0,0,0,-72000,0,0,0,600000,672000,-72000,-72000
065010,國巨國泰01購04  ,0,0,0,0,0,0,0,0,0,-72000,0,0,0,207000,279000,-72000,-72000
05589P,大立光中信9A售01,0,0,0,0,0,0,0,0,0,-72000,0,0,0,0,72000,-72000,-72000
062883,智易兆豐9C購01  ,0,0,0,0,0,0,0,0,0,-72000,0,0,0,111000,183000,-72000,-72000
061496,華新科國票9A購07,0,0,0,0,0,0,0,0,0,-72000,0,0,0,196000,268000,-72000,-72000
065363,國巨元大01購04  ,0,0,0,0,0,0,0,0,0,-72000,0,0,0,28000,100000,-72000,-72000
063380,台表科永豐9B購03,0,0,0,0,0,0,0,0,0,-72000,0,0,0,93000,165000,-72000,-72000
061882,矽創元大9B購01  ,0,0,0,0,0,0,0,0,0,-72000,0,0,0,99000,171000,-72000,-72000
061666,友達中信01購01  ,0,0,0,0,0,0,0,0,0,-72000,0,0,0,0,72000,-72000,-72000
063590,華擎永豐9B購01  ,0,0,0,0,0,0,0,0,0,-72000,0,0,0,30000,102000,-72000,-72000
065719,T50反1兆豐9C購01,0,0,0,0,0,0,0,0,0,-72000,0,0,0,0,72000,-72000,-72000
067025,禾伸堂兆豐03購01,0,0,0,0,0,0,0,0,0,-72000,0,0,0,0,72000,-72000,-72000
6224,聚鼎            ,27000,102000,-75000,0,0,0,0,0,0,3000,3000,0,3000,0,0,0,-72000
064662,鴻海元大9C購10  ,0,0,0,0,0,0,0,0,0,-73000,0,0,0,12000,85000,-73000,-73000
068260,道瓊銀富邦07購01,0,0,0,0,0,0,0,0,0,-73000,0,0,0,10000,83000,-73000,-73000
068429,裕隆凱基01購01  ,0,0,0,0,0,0,0,0,0,-73000,0,0,0,143000,216000,-73000,-73000
059123,訊芯永豐99購03  ,0,0,0,0,0,0,0,0,0,-73000,0,0,0,276000,349000,-73000,-73000
063480,南六元大9C購01  ,0,0,0,0,0,0,0,0,0,-73000,0,0,0,57000,130000,-73000,-73000
062620,台表科元大9B購04,0,0,0,0,0,0,0,0,0,-73000,0,0,0,73000,146000,-73000,-73000
065279,T50反1群益9C購03,0,0,0,0,0,0,0,0,0,-73000,0,0,0,1996000,2069000,-73000,-73000
065757,新日興元大9C購06,0,0,0,0,0,0,0,0,0,-73000,0,0,0,56000,129000,-73000,-73000
066153,南帝康和01購01  ,0,0,0,0,0,0,0,0,0,-73000,0,0,0,43000,116000,-73000,-73000
1709,和益            ,34000,134000,-100000,0,0,0,0,0,0,27000,27000,0,27000,0,0,0,-73000
068564,燿華元大01購04  ,0,0,0,0,0,0,0,0,0,-74000,0,0,0,25000,99000,-74000,-74000
068349,聯電凱基03購03  ,0,0,0,0,0,0,0,0,0,-74000,0,0,0,5000,79000,-74000,-74000
08132P,南六元大9B售05  ,0,0,0,0,0,0,0,0,0,-74000,0,0,0,46000,120000,-74000,-74000
08469P,富邦金凱基9C售01,0,0,0,0,0,0,0,0,0,-74000,0,0,0,0,74000,-74000,-74000
059242,南亞科凱基99購06,0,0,0,0,0,0,0,0,0,-74000,0,0,0,1000,75000,-74000,-74000
03187P,聯發科元大01售33,0,0,0,0,0,0,0,0,0,-74000,0,0,0,30000,104000,-74000,-74000
065389,聯茂兆豐9C購01  ,0,0,0,0,0,0,0,0,0,-74000,0,0,0,30000,104000,-74000,-74000
062086,瑞祺元大9B購01  ,0,0,0,0,0,0,0,0,0,-74000,0,0,0,16000,90000,-74000,-74000
061625,聯茂群益9A購02  ,0,0,0,0,0,0,0,0,0,-74000,0,0,0,36000,110000,-74000,-74000
063506,嘉晶群益9B購01  ,0,0,0,0,0,0,0,0,0,-74000,0,0,0,196000,270000,-74000,-74000
066514,盟立永豐01購01  ,0,0,0,0,0,0,0,0,0,-74000,0,0,0,85000,159000,-74000,-74000
066960,盛群元大01購01  ,0,0,0,0,0,0,0,0,0,-74000,0,0,0,306000,380000,-74000,-74000
066888,長榮航中信07購01,0,0,0,0,0,0,0,0,0,-74000,0,0,0,88000,162000,-74000,-74000
08289P,智邦統一9C售01  ,0,0,0,0,0,0,0,0,0,-75000,0,0,0,0,75000,-75000,-75000
064853,亞德客麥證9C購01,0,0,0,35000,110000,-75000,0,0,0,-75000,0,0,0,35000,110000,-75000,-75000
068371,華城永豐01購04  ,0,0,0,0,0,0,0,0,0,-75000,0,0,0,0,75000,-75000,-75000
07863P,華新科凱基9B售07,0,0,0,0,0,0,0,0,0,-75000,0,0,0,0,75000,-75000,-75000
055661,亞德客中信98購01,0,0,0,0,0,0,0,0,0,-75000,0,0,0,0,75000,-75000,-75000
058309,大毅元大99購02  ,0,0,0,0,0,0,0,0,0,-75000,0,0,0,25000,100000,-75000,-75000
063848,大立光元大9C購09,0,0,0,0,0,0,0,0,0,-75000,0,0,0,0,75000,-75000,-75000
061633,統一元大9A購01  ,0,0,0,0,0,0,0,0,0,-75000,0,0,0,107000,182000,-75000,-75000
063971,健鼎國票01購01  ,0,0,0,0,0,0,0,0,0,-75000,0,0,0,274000,349000,-75000,-75000
063940,國巨元大01購02  ,0,0,0,0,0,0,0,0,0,-75000,0,0,0,1000,76000,-75000,-75000
061689,國巨群益9A購12  ,0,0,0,0,0,0,0,0,0,-75000,0,0,0,5000,80000,-75000,-75000
062482,台表科國票9B購01,0,0,0,0,0,0,0,0,0,-75000,0,0,0,7000,82000,-75000,-75000
063215,台表科國票9C購02,0,0,0,0,0,0,0,0,0,-75000,0,0,0,10000,85000,-75000,-75000
061870,智邦元大9B購02  ,0,0,0,0,0,0,0,0,0,-75000,0,0,0,25000,100000,-75000,-75000
060955,大立光群益9A購02,0,0,0,0,0,0,0,0,0,-75000,0,0,0,0,75000,-75000,-75000
065609,嘉澤元大01購02  ,0,0,0,0,0,0,0,0,0,-75000,0,0,0,24000,99000,-75000,-75000
066727,鴻海元大01購12  ,0,0,0,0,0,0,0,0,0,-75000,0,0,0,40000,115000,-75000,-75000
065793,旭富永豐9C購02  ,0,0,0,0,0,0,0,0,0,-75000,0,0,0,0,75000,-75000,-75000
068128,台積電統一03購07,0,0,0,0,0,0,0,0,0,-75000,0,0,0,0,75000,-75000,-75000
068187,南電群益01購02  ,0,0,0,0,0,0,0,0,0,-75000,0,0,0,10000,85000,-75000,-75000
2850,新產            ,1000,76000,-75000,0,0,0,0,0,0,0,0,0,0,0,0,0,-75000
6024,群益期          ,2000,77624,-75624,0,0,0,0,0,0,0,0,0,0,0,0,0,-75624
07083P,台積電統一9A售06,0,0,0,0,0,0,0,0,0,-76000,0,0,0,0,76000,-76000,-76000
064740,台光電國票01購01,0,0,0,0,0,0,0,0,0,-76000,0,0,0,81000,157000,-76000,-76000
064494,南亞科元大9C購02,0,0,0,0,0,0,0,0,0,-76000,0,0,0,24000,100000,-76000,-76000
08992P,牧德元大01售02  ,0,0,0,0,0,0,0,0,0,-76000,0,0,0,24000,100000,-76000,-76000
058707,泰鼎元大99購02  ,0,0,0,0,0,0,0,0,0,-76000,0,0,0,0,76000,-76000,-76000
063482,緯穎元大9B購09  ,0,0,0,0,0,0,0,0,0,-76000,0,0,0,24000,100000,-76000,-76000
068048,美律統一03購01  ,0,0,0,0,0,0,0,0,0,-76000,0,0,0,280000,356000,-76000,-76000
067774,同欣電統一02購01,0,0,0,0,0,0,0,0,0,-76000,0,0,0,0,76000,-76000,-76000
067068,台積電元大01購21,0,0,0,0,0,0,0,0,0,-76000,0,0,0,10000,86000,-76000,-76000
067149,瑞昱統一03購01  ,0,0,0,0,0,0,0,0,0,-76000,0,0,0,368000,444000,-76000,-76000
066003,台表科國票02購02,0,0,0,0,0,0,0,0,0,-76000,0,0,0,0,76000,-76000,-76000
3588,通嘉            ,66000,140000,-74000,0,0,0,0,0,0,-2000,0,2000,-2000,0,0,0,-76000
08541P,景碩國票01售02  ,0,0,0,0,0,0,0,0,0,-77000,0,0,0,20000,97000,-77000,-77000
08703P,華碩凱基01售02  ,0,0,0,0,0,0,0,0,0,-77000,0,0,0,1000,78000,-77000,-77000
065093,新日興元大9C購03,0,0,0,0,0,0,0,0,0,-77000,0,0,0,50000,127000,-77000,-77000
064616,智邦元大9C購04  ,0,0,0,0,0,0,0,0,0,-77000,0,0,0,85000,162000,-77000,-77000
062264,南六元大9B購02  ,0,0,0,0,0,0,0,0,0,-77000,0,0,0,210000,287000,-77000,-77000
057570,技嘉永豐98購02  ,0,0,0,0,0,0,0,0,0,-77000,0,0,0,0,77000,-77000,-77000
066524,創意統一02購03  ,0,0,0,0,0,0,0,0,0,-77000,0,0,0,0,77000,-77000,-77000
067217,康控元大01購02  ,0,0,0,0,0,0,0,0,0,-77000,0,0,0,535000,612000,-77000,-77000
3682,亞太電          ,221000,298000,-77000,0,0,0,0,0,0,0,0,0,0,0,0,0,-77000
068477,嘉聯益群益01購02,0,0,0,0,0,0,0,0,0,-78000,0,0,0,51000,129000,-78000,-78000
062925,建準國票9B購01  ,0,0,0,0,0,0,0,0,0,-78000,0,0,0,0,78000,-78000,-78000
062681,全新統一01購01  ,0,0,0,0,0,0,0,0,0,-78000,0,0,0,176000,254000,-78000,-78000
067164,台虹國票02購01  ,0,0,0,0,0,0,0,0,0,-78000,0,0,0,0,78000,-78000,-78000
067173,京鼎兆豐01購01  ,0,0,0,0,0,0,0,0,0,-78000,0,0,0,23000,101000,-78000,-78000
067306,奇鋐元大01購02  ,0,0,0,0,0,0,0,0,0,-78000,0,0,0,0,78000,-78000,-78000
066127,劍麟群益03購01  ,0,0,0,0,0,0,0,0,0,-78000,0,0,0,2000,80000,-78000,-78000
065820,瑞祺元富03購01  ,0,0,0,0,0,0,0,0,0,-78000,0,0,0,83000,161000,-78000,-78000
065633,聯發科國票01購02,0,0,0,0,0,0,0,0,0,-78000,0,0,0,46000,124000,-78000,-78000
3209,全科            ,17000,95000,-78000,0,0,0,0,0,0,0,0,0,0,0,0,0,-78000
065102,同欣電元大9C購07,0,0,0,0,0,0,0,0,0,-79000,0,0,0,27000,106000,-79000,-79000
08691P,鎧勝中信05售02  ,0,0,0,0,0,0,0,0,0,-79000,0,0,0,30000,109000,-79000,-79000
1325,恆大            ,0,115000,-115000,0,0,0,0,0,0,36000,1000,0,1000,35000,0,35000,-79000
058268,泰碩永豐9A購01  ,0,0,0,0,0,0,0,0,0,-79000,0,0,0,0,79000,-79000,-79000
058614,台郡元大9A購01  ,0,0,0,0,0,0,0,0,0,-79000,0,0,0,1000,80000,-79000,-79000
062682,全新統一9B購01  ,0,0,0,0,0,0,0,0,0,-79000,0,0,0,116000,195000,-79000,-79000
063209,巨大統一01購01  ,0,0,0,0,0,0,0,0,0,-79000,0,0,0,0,79000,-79000,-79000
063956,神達元大9C購01  ,0,0,0,0,0,0,0,0,0,-79000,0,0,0,0,79000,-79000,-79000
065246,旭富兆豐01購01  ,0,0,0,0,0,0,0,0,0,-79000,0,0,0,0,79000,-79000,-79000
060599,國巨凱基9C購01  ,0,0,0,0,0,0,0,0,0,-79000,0,0,0,2000,81000,-79000,-79000
066724,台達電元大01購01,0,0,0,0,0,0,0,0,0,-79000,0,0,0,49000,128000,-79000,-79000
068204,玉晶光凱基03購05,0,0,0,0,0,0,0,0,0,-79000,0,0,0,11000,90000,-79000,-79000
08445P,臺股指麥證9C售03,0,0,0,320000,400000,-80000,0,0,0,-80000,0,0,0,320000,400000,-80000,-80000
068419,聯發科兆豐03購02,0,0,0,0,0,0,0,0,0,-80000,0,0,0,0,80000,-80000,-80000
068448,光寶科國票03購01,0,0,0,0,0,0,0,0,0,-80000,0,0,0,6000,86000,-80000,-80000
068569,健策元大01購13  ,0,0,0,0,0,0,0,0,0,-80000,0,0,0,282000,362000,-80000,-80000
068534,台達電中信03購01,0,0,0,0,0,0,0,0,0,-80000,0,0,0,94000,174000,-80000,-80000
07834P,聯詠群益9A售03  ,0,0,0,0,0,0,0,0,0,-80000,0,0,0,0,80000,-80000,-80000
08155P,聯發科元富9B售05,0,0,0,0,0,0,0,0,0,-80000,0,0,0,0,80000,-80000,-80000
07894P,燿華元大9B售01  ,0,0,0,0,0,0,0,0,0,-80000,0,0,0,20000,100000,-80000,-80000
057508,康控國票99購03  ,0,0,0,0,0,0,0,0,0,-80000,0,0,0,101000,181000,-80000,-80000
054368,鴻海中信9A購02  ,0,0,0,0,0,0,0,0,0,-80000,0,0,0,0,80000,-80000,-80000
056444,南亞科凱基99購01,0,0,0,0,0,0,0,0,0,-80000,0,0,0,0,80000,-80000,-80000
03017X,元展17          ,0,0,0,0,0,0,0,0,0,-80000,0,0,0,0,80000,-80000,-80000
052659,上証2X國票99購01,0,0,0,0,0,0,0,0,0,-80000,0,0,0,80000,160000,-80000,-80000
061320,奇力新凱基9A購04,0,0,0,0,0,0,0,0,0,-80000,0,0,0,0,80000,-80000,-80000
063471,泰鼎元大9C購01  ,0,0,0,0,0,0,0,0,0,-80000,0,0,0,58000,138000,-80000,-80000
063919,大立光元富03購01,0,0,0,0,0,0,0,0,0,-80000,0,0,0,0,80000,-80000,-80000
067725,旭富凱基01購03  ,0,0,0,0,0,0,0,0,0,-80000,0,0,0,0,80000,-80000,-80000
067889,大毅群益01購03  ,0,0,0,0,0,0,0,0,0,-80000,0,0,0,66000,146000,-80000,-80000
067829,鎧勝兆豐03購01  ,0,0,0,0,0,0,0,0,0,-80000,0,0,0,171000,251000,-80000,-80000
067163,眾達國票02購01  ,0,0,0,0,0,0,0,0,0,-80000,0,0,0,0,80000,-80000,-80000
067641,群創統一01購02  ,0,0,0,0,0,0,0,0,0,-80000,0,0,0,68000,148000,-80000,-80000
066314,台橡永豐01購01  ,0,0,0,0,0,0,0,0,0,-80000,0,0,0,400000,480000,-80000,-80000
065822,緯創台新9C購01  ,0,0,0,0,0,0,0,0,0,-80000,0,0,0,53000,133000,-80000,-80000
065826,國巨凱基9C購12  ,0,0,0,0,0,0,0,0,0,-80000,0,0,0,0,80000,-80000,-80000
065844,南亞科元大9C購09,0,0,0,0,0,0,0,0,0,-80000,0,0,0,106000,186000,-80000,-80000
1720,生達            ,126000,179000,-53000,0,0,0,0,0,0,-27000,0,0,0,0,27000,-27000,-80000
2101,南港            ,266000,378000,-112000,0,0,0,0,0,0,32000,0,12000,-12000,71000,27000,44000,-80000
9925,新保            ,33000,114000,-81000,0,0,0,0,0,0,1000,1000,0,1000,0,0,0,-80000
08161P,台表科元富9B售02,0,0,0,0,0,0,0,0,0,-81000,0,0,0,0,81000,-81000,-81000
068526,聯發科元富04購03,0,0,0,0,0,0,0,0,0,-81000,0,0,0,0,81000,-81000,-81000
08557P,臺股指中信01售09,0,0,0,0,0,0,0,0,0,-81000,0,0,0,0,81000,-81000,-81000
08843P,台表科凱基01售01,0,0,0,0,0,0,0,0,0,-81000,0,0,0,34000,115000,-81000,-81000
064562,友達群益9C購03  ,0,0,0,0,0,0,0,0,0,-81000,0,0,0,20000,101000,-81000,-81000
062697,國巨元大9C購01  ,0,0,0,0,0,0,0,0,0,-81000,0,0,0,0,81000,-81000,-81000
061914,台光電中信9B購01,0,0,0,0,0,0,0,0,0,-81000,0,0,0,51000,132000,-81000,-81000
065560,同欣電麥證9C購02,0,0,0,19000,100000,-81000,0,0,0,-81000,0,0,0,19000,100000,-81000,-81000
065510,鴻海群益01購04  ,0,0,0,0,0,0,0,0,0,-81000,0,0,0,35000,116000,-81000,-81000
066112,智邦兆豐02購01  ,0,0,0,0,0,0,0,0,0,-81000,0,0,0,0,81000,-81000,-81000
066307,華城永豐01購01  ,0,0,0,0,0,0,0,0,0,-81000,0,0,0,10000,91000,-81000,-81000
066481,華碩元富01購01  ,0,0,0,0,0,0,0,0,0,-81000,0,0,0,38000,119000,-81000,-81000
066595,敦泰群益01購01  ,0,0,0,0,0,0,0,0,0,-81000,0,0,0,92000,173000,-81000,-81000
067602,億光凱基01購01  ,0,0,0,0,0,0,0,0,0,-81000,0,0,0,292000,373000,-81000,-81000
067508,奇鋐統一03購01  ,0,0,0,0,0,0,0,0,0,-81000,0,0,0,74000,155000,-81000,-81000
1604,聲寶            ,24000,105000,-81000,0,0,0,0,0,0,0,0,0,0,0,0,0,-81000
3033,威健            ,275000,356000,-81000,0,0,0,0,0,0,0,0,0,0,0,0,0,-81000
064129,新日興元大9C購02,0,0,0,0,0,0,0,0,0,-82000,0,0,0,102000,184000,-82000,-82000
064211,友達凱基02購01  ,0,0,0,0,0,0,0,0,0,-82000,0,0,0,88000,170000,-82000,-82000
08929P,可成元富07售04  ,0,0,0,0,0,0,0,0,0,-82000,0,0,0,133000,215000,-82000,-82000
057318,台光電凱基9A購01,0,0,0,0,0,0,0,0,0,-82000,0,0,0,83000,165000,-82000,-82000
059023,可成統一9B購02  ,0,0,0,0,0,0,0,0,0,-82000,0,0,0,75000,157000,-82000,-82000
062183,奇鋐元大9B購01  ,0,0,0,0,0,0,0,0,0,-82000,0,0,0,7000,89000,-82000,-82000
063355,超眾元富9B購01  ,0,0,0,0,0,0,0,0,0,-82000,0,0,0,10000,92000,-82000,-82000
063576,台表科元大9B購08,0,0,0,0,0,0,0,0,0,-82000,0,0,0,93000,175000,-82000,-82000
068143,國巨元大01購14  ,0,0,0,0,0,0,0,0,0,-82000,0,0,0,0,82000,-82000,-82000
064208,智邦凱基02購01  ,0,0,0,0,0,0,0,0,0,-83000,0,0,0,0,83000,-83000,-83000
064261,力山永豐9C購01  ,0,0,0,0,0,0,0,0,0,-83000,0,0,0,0,83000,-83000,-83000
068271,大毅永豐01購03  ,0,0,0,0,0,0,0,0,0,-83000,0,0,0,0,83000,-83000,-83000
059061,晶技凱基9A購01  ,0,0,0,0,0,0,0,0,0,-83000,0,0,0,83000,166000,-83000,-83000
061517,瑞祺永豐9A購03  ,0,0,0,0,0,0,0,0,0,-83000,0,0,0,0,83000,-83000,-83000
03189P,玉晶光元大03售05,0,0,0,0,0,0,0,0,0,-83000,0,0,0,30000,113000,-83000,-83000
061986,晶豪科元大9B購01,0,0,0,0,0,0,0,0,0,-83000,0,0,0,158000,241000,-83000,-83000
065234,旭富凱基01購01  ,0,0,0,0,0,0,0,0,0,-83000,0,0,0,0,83000,-83000,-83000
067971,玉晶光群益02購21,0,0,0,0,0,0,0,0,0,-83000,0,0,0,33000,116000,-83000,-83000
067890,華新科群益01購06,0,0,0,0,0,0,0,0,0,-83000,0,0,0,39000,122000,-83000,-83000
066997,樺漢國泰03購01  ,0,0,0,0,0,0,0,0,0,-83000,0,0,0,26000,109000,-83000,-83000
066335,潤泰全永豐01購01,0,0,0,0,0,0,0,0,0,-83000,0,0,0,0,83000,-83000,-83000
066842,卜蜂元大01購01  ,0,0,0,0,0,0,0,0,0,-83000,0,0,0,7000,90000,-83000,-83000
6177,達麗            ,39000,116950,-77950,0,0,0,0,0,0,-6000,3000,7000,-4000,0,2000,-2000,-83950
068529,貿聯元富07購01  ,0,0,0,0,0,0,0,0,0,-84000,0,0,0,73000,157000,-84000,-84000
055331,國巨兆豐99購01  ,0,0,0,0,0,0,0,0,0,-84000,0,0,0,441000,525000,-84000,-84000
059165,南亞科凱基99購04,0,0,0,0,0,0,0,0,0,-84000,0,0,0,10000,94000,-84000,-84000
059942,全新永豐99購04  ,0,0,0,0,0,0,0,0,0,-84000,0,0,0,0,84000,-84000,-84000
063407,泰鼎國票9C購01  ,0,0,0,0,0,0,0,0,0,-84000,0,0,0,28000,112000,-84000,-84000
063420,奇力新凱基9B購03,0,0,0,0,0,0,0,0,0,-84000,0,0,0,0,84000,-84000,-84000
066380,瑞昱康和01購02  ,0,0,0,0,0,0,0,0,0,-84000,0,0,0,9000,93000,-84000,-84000
065689,群創元富9C購04  ,0,0,0,0,0,0,0,0,0,-84000,0,0,0,121000,205000,-84000,-84000
067431,新光金凱基01購01,0,0,0,0,0,0,0,0,0,-84000,0,0,0,70000,154000,-84000,-84000
08191P,鴻海台新9B售03  ,0,0,0,0,0,0,0,0,0,-85000,0,0,0,12000,97000,-85000,-85000
064991,友達兆豐9C購01  ,0,0,0,0,0,0,0,0,0,-85000,0,0,0,0,85000,-85000,-85000
062818,大立光兆豐9C購01,0,0,0,0,0,0,0,0,0,-85000,0,0,0,0,85000,-85000,-85000
058161,T50反1日盛03購01,0,0,0,0,0,0,0,0,0,-85000,0,0,0,0,85000,-85000,-85000
03017P,深中小群益01售02,0,0,0,0,0,0,0,0,0,-85000,0,0,0,0,85000,-85000,-85000
063082,瑞昱凱基9B購04  ,0,0,0,0,0,0,0,0,0,-85000,0,0,0,185000,270000,-85000,-85000
062163,大毅國泰01購01  ,0,0,0,0,0,0,0,0,0,-85000,0,0,0,252000,337000,-85000,-85000
063541,華擎元富9B購02  ,0,0,0,0,0,0,0,0,0,-85000,0,0,0,0,85000,-85000,-85000
067292,大立光兆豐01購01,0,0,0,0,0,0,0,0,0,-85000,0,0,0,0,85000,-85000,-85000
067979,寶成群益03購01  ,0,0,0,0,0,0,0,0,0,-85000,0,0,0,0,85000,-85000,-85000
068061,台灣50兆豐01購03,0,0,0,0,0,0,0,0,0,-85000,0,0,0,0,85000,-85000,-85000
066217,美利達統一03購01,0,0,0,0,0,0,0,0,0,-85000,0,0,0,82000,167000,-85000,-85000
066777,群創富邦01購01  ,0,0,0,0,0,0,0,0,0,-85000,0,0,0,0,85000,-85000,-85000
03004P,華擎群益02售02  ,0,0,0,0,0,0,0,0,0,-86000,0,0,0,47000,133000,-86000,-86000
051597,T50反1中信99購02,0,0,0,0,0,0,0,0,0,-86000,0,0,0,0,86000,-86000,-86000
063560,力山元大9B購05  ,0,0,0,0,0,0,0,0,0,-86000,0,0,0,9000,95000,-86000,-86000
061815,奇力新群益9B購02,0,0,0,0,0,0,0,0,0,-86000,0,0,0,0,86000,-86000,-86000
061817,高鐵群益9B購01  ,0,0,0,0,0,0,0,0,0,-86000,0,0,0,0,86000,-86000,-86000
065205,金寶國票01購01  ,0,0,0,0,0,0,0,0,0,-86000,0,0,0,97000,183000,-86000,-86000
063117,聯茂麥證9B購01  ,0,0,0,15000,101000,-86000,0,0,0,-86000,0,0,0,15000,101000,-86000,-86000
068089,T50反1群益01購08,0,0,0,0,0,0,0,0,0,-86000,0,0,0,0,86000,-86000,-86000
2375,凱美            ,106000,189000,-83000,0,0,0,0,0,0,-3000,0,0,0,2000,5000,-3000,-86000
068300,聯電國票03購01  ,0,0,0,0,0,0,0,0,0,-87000,0,0,0,99000,186000,-87000,-87000
03019P,全新群益01售01  ,0,0,0,0,0,0,0,0,0,-87000,0,0,0,20000,107000,-87000,-87000
03089P,華擎元大01售07  ,0,0,0,0,0,0,0,0,0,-87000,0,0,0,182000,269000,-87000,-87000
060671,亞德客元大9A購03,0,0,0,0,0,0,0,0,0,-87000,0,0,0,10000,97000,-87000,-87000
061933,光寶科國票9B購01,0,0,0,0,0,0,0,0,0,-87000,0,0,0,163000,250000,-87000,-87000
062146,大毅國票9B購01  ,0,0,0,0,0,0,0,0,0,-87000,0,0,0,2000,89000,-87000,-87000
063884,台表科元富03購01,0,0,0,0,0,0,0,0,0,-87000,0,0,0,0,87000,-87000,-87000
068232,泰鼎元富04購01  ,0,0,0,0,0,0,0,0,0,-87000,0,0,0,113000,200000,-87000,-87000
067919,玉晶光永豐01購03,0,0,0,0,0,0,0,0,0,-87000,0,0,0,2000,89000,-87000,-87000
066046,聯發科元大01購09,0,0,0,0,0,0,0,0,0,-87000,0,0,0,11000,98000,-87000,-87000
2328,廣宇            ,191000,279000,-88000,0,0,0,0,0,0,1000,1000,0,1000,0,0,0,-87000
3583,辛耘            ,119000,138000,-19000,0,0,0,0,67000,-67000,-1000,0,1000,-1000,0,0,0,-87000
5534,長虹            ,35000,103073,-68073,0,0,0,0,0,0,-19000,1000,20000,-19000,0,0,0,-87073
058856,新光金兆豐99購01,0,0,0,0,0,0,0,0,0,-88000,0,0,0,0,88000,-88000,-88000
063569,美食元大9B購03  ,0,0,0,0,0,0,0,0,0,-88000,0,0,0,12000,100000,-88000,-88000
061642,創意元大9A購04  ,0,0,0,0,0,0,0,0,0,-88000,0,0,0,2000,90000,-88000,-88000
062720,南亞科凱基9B購03,0,0,0,0,0,0,0,0,0,-88000,0,0,0,4000,92000,-88000,-88000
065571,神基群益01購01  ,0,0,0,0,0,0,0,0,0,-88000,0,0,0,12000,100000,-88000,-88000
061360,智邦兆豐9B購02  ,0,0,0,0,0,0,0,0,0,-88000,0,0,0,32000,120000,-88000,-88000
066017,南六元富03購01  ,0,0,0,0,0,0,0,0,0,-88000,0,0,0,167000,255000,-88000,-88000
067611,拓凱凱基02購01  ,0,0,0,0,0,0,0,0,0,-88000,0,0,0,40000,128000,-88000,-88000
2548,華固            ,455000,545000,-90000,0,0,0,0,0,0,2000,2000,0,2000,0,0,0,-88000
057848,台表科永豐98購02,0,0,0,0,0,0,0,0,0,-89000,0,0,0,0,89000,-89000,-89000
048505,滬深2X群益99購03,0,0,0,0,0,0,0,0,0,-89000,0,0,0,0,89000,-89000,-89000
03046P,緯穎國票03售01  ,0,0,0,0,0,0,0,0,0,-89000,0,0,0,19000,108000,-89000,-89000
058472,亞德客凱基9A購01,0,0,0,0,0,0,0,0,0,-89000,0,0,0,57000,146000,-89000,-89000
061612,南六統一9A購01  ,0,0,0,0,0,0,0,0,0,-89000,0,0,0,169000,258000,-89000,-89000
067594,國巨凱基01購06  ,0,0,0,0,0,0,0,0,0,-89000,0,0,0,9000,98000,-89000,-89000
066238,聯鈞富邦03購01  ,0,0,0,0,0,0,0,0,0,-89000,0,0,0,130000,219000,-89000,-89000
066558,創意元大01購04  ,0,0,0,0,0,0,0,0,0,-89000,0,0,0,18000,107000,-89000,-89000
1732,毛寶            ,105000,197000,-92000,0,0,0,0,0,0,3000,3000,0,3000,0,0,0,-89000
08065P,瑞昱凱基9B售03  ,0,0,0,0,0,0,0,0,0,-90000,0,0,0,0,90000,-90000,-90000
064517,國巨群益02購01  ,0,0,0,0,0,0,0,0,0,-90000,0,0,0,35000,125000,-90000,-90000
058810,國巨統一9B購04  ,0,0,0,0,0,0,0,0,0,-90000,0,0,0,0,90000,-90000,-90000
062263,康控元大9B購03  ,0,0,0,0,0,0,0,0,0,-90000,0,0,0,194000,284000,-90000,-90000
060194,旭富元富9A購01  ,0,0,0,0,0,0,0,0,0,-90000,0,0,0,0,90000,-90000,-90000
060720,嘉聯益永豐9A購02,0,0,0,0,0,0,0,0,0,-90000,0,0,0,200000,290000,-90000,-90000
063729,國巨元大9C購08  ,0,0,0,0,0,0,0,0,0,-90000,0,0,0,30000,120000,-90000,-90000
061840,長榮航凱基9C購01,0,0,0,0,0,0,0,0,0,-90000,0,0,0,0,90000,-90000,-90000
063287,嘉澤元大9B購05  ,0,0,0,0,0,0,0,0,0,-90000,0,0,0,0,90000,-90000,-90000
061971,力山元大9C購02  ,0,0,0,0,0,0,0,0,0,-90000,0,0,0,25000,115000,-90000,-90000
066278,健策元大02購01  ,0,0,0,0,0,0,0,0,0,-90000,0,0,0,206000,296000,-90000,-90000
066143,惠特群益01購01  ,0,0,0,0,0,0,0,0,0,-90000,0,0,0,10000,100000,-90000,-90000
067615,鈺齊凱基01購01  ,0,0,0,0,0,0,0,0,0,-90000,0,0,0,50000,140000,-90000,-90000
067453,嘉澤國票02購02  ,0,0,0,0,0,0,0,0,0,-90000,0,0,0,0,90000,-90000,-90000
2390,云辰            ,481000,565000,-84000,0,0,0,0,0,0,-6000,0,6000,-6000,0,0,0,-90000
6533,晶心科          ,82000,173000,-91000,0,0,0,0,0,0,1000,1000,0,1000,0,0,0,-90000
068400,瑞昱元富07購02  ,0,0,0,0,0,0,0,0,0,-91000,0,0,0,256000,347000,-91000,-91000
07300P,臺股指元大9A售33,0,0,0,0,0,0,0,0,0,-91000,0,0,0,0,91000,-91000,-91000
07224P,鴻海元大9A售02  ,0,0,0,0,0,0,0,0,0,-91000,0,0,0,0,91000,-91000,-91000
058242,玉晶光元大9A購01,0,0,0,0,0,0,0,0,0,-91000,0,0,0,0,91000,-91000,-91000
03025P,國巨元大01售12  ,0,0,0,0,0,0,0,0,0,-91000,0,0,0,30000,121000,-91000,-91000
062511,台光電國票9B購02,0,0,0,0,0,0,0,0,0,-91000,0,0,0,129000,220000,-91000,-91000
063544,華新科台新9B購02,0,0,0,0,0,0,0,0,0,-91000,0,0,0,2000,93000,-91000,-91000
067603,冠德凱基02購01  ,0,0,0,0,0,0,0,0,0,-91000,0,0,0,0,91000,-91000,-91000
065906,瑞昱永豐9C購01  ,0,0,0,0,0,0,0,0,0,-91000,0,0,0,15000,106000,-91000,-91000
066641,台郡凱基03購01  ,0,0,0,0,0,0,0,0,0,-91000,0,0,0,19000,110000,-91000,-91000
068573,矽格元大01購06  ,0,0,0,0,0,0,0,0,0,-92000,0,0,0,11000,103000,-92000,-92000
08181P,華新科國泰9C售02,0,0,0,0,0,0,0,0,0,-92000,0,0,0,800000,892000,-92000,-92000
065118,國巨富邦01購02  ,0,0,0,0,0,0,0,0,0,-92000,0,0,0,6000,98000,-92000,-92000
08658P,聯發科統一9C售19,0,0,0,0,0,0,0,0,0,-92000,0,0,0,13000,105000,-92000,-92000
03038P,玉晶光國票02售03,0,0,0,0,0,0,0,0,0,-92000,0,0,0,0,92000,-92000,-92000
064010,GIS凱基02購01   ,0,0,0,0,0,0,0,0,0,-92000,0,0,0,10000,102000,-92000,-92000
063087,南六凱基9C購02  ,0,0,0,0,0,0,0,0,0,-92000,0,0,0,21000,113000,-92000,-92000
061036,晶技永豐9A購03  ,0,0,0,0,0,0,0,0,0,-92000,0,0,0,13000,105000,-92000,-92000
067268,日月光永豐01購01,0,0,0,0,0,0,0,0,0,-92000,0,0,0,165000,257000,-92000,-92000
067120,矽創群益01購01  ,0,0,0,0,0,0,0,0,0,-92000,0,0,0,20000,112000,-92000,-92000
067895,玉晶光群益02購09,0,0,0,0,0,0,0,0,0,-92000,0,0,0,100000,192000,-92000,-92000
2355,敬鵬            ,149000,240000,-91000,0,0,0,0,0,0,-1000,18000,18000,0,0,1000,-1000,-92000
064985,台表科元大9C購09,0,0,0,0,0,0,0,0,0,-93000,0,0,0,18000,111000,-93000,-93000
03070P,台表科群益01售04,0,0,0,0,0,0,0,0,0,-93000,0,0,0,25000,118000,-93000,-93000
03094P,台達電凱基01售04,0,0,0,0,0,0,0,0,0,-93000,0,0,0,19000,112000,-93000,-93000
062919,聯茂元大9B購01  ,0,0,0,0,0,0,0,0,0,-93000,0,0,0,262000,355000,-93000,-93000
058688,矽創凱基9A購01  ,0,0,0,0,0,0,0,0,0,-93000,0,0,0,7000,100000,-93000,-93000
065170,智邦元大9C購07  ,0,0,0,0,0,0,0,0,0,-93000,0,0,0,10000,103000,-93000,-93000
065209,國泰金國票01購01,0,0,0,0,0,0,0,0,0,-93000,0,0,0,0,93000,-93000,-93000
065514,建準群益9C購01  ,0,0,0,0,0,0,0,0,0,-93000,0,0,0,31000,124000,-93000,-93000
065516,健鼎群益9C購02  ,0,0,0,0,0,0,0,0,0,-93000,0,0,0,0,93000,-93000,-93000
063941,國巨元大9C購12  ,0,0,0,0,0,0,0,0,0,-93000,0,0,0,0,93000,-93000,-93000
066499,台郡國泰02購01  ,0,0,0,0,0,0,0,0,0,-93000,0,0,0,10000,103000,-93000,-93000
8105,凌巨            ,262000,351000,-89000,0,0,0,0,0,0,-4000,0,4000,-4000,0,0,0,-93000
064931,南六統一9C購05  ,0,0,0,0,0,0,0,0,0,-94000,0,0,0,0,94000,-94000,-94000
064803,智邦元大9C購05  ,0,0,0,0,0,0,0,0,0,-94000,0,0,0,6000,100000,-94000,-94000
07858P,旺宏永豐9A售03  ,0,0,0,0,0,0,0,0,0,-94000,0,0,0,71000,165000,-94000,-94000
064507,臻鼎元大9C購02  ,0,0,0,0,0,0,0,0,0,-94000,0,0,0,16000,110000,-94000,-94000
056395,玉晶光永豐9B購01,0,0,0,0,0,0,0,0,0,-94000,0,0,0,25000,119000,-94000,-94000
063997,泰鼎群益9C購01  ,0,0,0,0,0,0,0,0,0,-94000,0,0,0,20000,114000,-94000,-94000
066388,力山凱基01購02  ,0,0,0,0,0,0,0,0,0,-94000,0,0,0,164000,258000,-94000,-94000
066458,大毅統一02購02  ,0,0,0,0,0,0,0,0,0,-94000,0,0,0,128000,222000,-94000,-94000
066759,盟立永豐01購03  ,0,0,0,0,0,0,0,0,0,-94000,0,0,0,175000,269000,-94000,-94000
06685P,鴻海國泰9A售01  ,0,0,0,0,0,0,0,0,0,-94000,0,0,0,16000,110000,-94000,-94000
067976,訊連群益01購01  ,0,0,0,0,0,0,0,0,0,-94000,0,0,0,43000,137000,-94000,-94000
8429,金麗-KY         ,73000,167000,-94000,0,0,0,0,0,0,0,0,0,0,0,0,0,-94000
2419,仲琦            ,15000,18000,-3000,0,0,0,0,0,0,-91000,19000,3000,16000,0,107000,-107000,-94000
064417,創意中信9C購01  ,0,0,0,0,0,0,0,0,0,-95000,0,0,0,7000,102000,-95000,-95000
065600,友達元大9C購11  ,0,0,0,0,0,0,0,0,0,-95000,0,0,0,114000,209000,-95000,-95000
062087,瑞祺元大9B購02  ,0,0,0,0,0,0,0,0,0,-95000,0,0,0,46000,141000,-95000,-95000
068063,大立光兆豐01購02,0,0,0,0,0,0,0,0,0,-95000,0,0,0,0,95000,-95000,-95000
066680,友達兆豐01購02  ,0,0,0,0,0,0,0,0,0,-95000,0,0,0,0,95000,-95000,-95000
066320,順德永豐01購01  ,0,0,0,0,0,0,0,0,0,-95000,0,0,0,0,95000,-95000,-95000
066546,鴻海元大01購10  ,0,0,0,0,0,0,0,0,0,-95000,0,0,0,5000,100000,-95000,-95000
065900,瑞祺國泰02購01  ,0,0,0,0,0,0,0,0,0,-95000,0,0,0,0,95000,-95000,-95000
064761,神達凱基9C購01  ,0,0,0,0,0,0,0,0,0,-96000,0,0,0,0,96000,-96000,-96000
068430,聯電凱基01購01  ,0,0,0,0,0,0,0,0,0,-96000,0,0,0,5000,101000,-96000,-96000
064480,聚陽永豐9C購01  ,0,0,0,0,0,0,0,0,0,-96000,0,0,0,206000,302000,-96000,-96000
065084,南亞科元大9C購08,0,0,0,0,0,0,0,0,0,-96000,0,0,0,54000,150000,-96000,-96000
065566,裕隆群益9C購02  ,0,0,0,0,0,0,0,0,0,-96000,0,0,0,107000,203000,-96000,-96000
065313,聯茂國票01購01  ,0,0,0,0,0,0,0,0,0,-96000,0,0,0,48000,144000,-96000,-96000
061737,南亞科凱基9B購01,0,0,0,0,0,0,0,0,0,-96000,0,0,0,35000,131000,-96000,-96000
062641,瀚宇博國票9B購01,0,0,0,0,0,0,0,0,0,-96000,0,0,0,0,96000,-96000,-96000
068239,道瓊銀元大01購04,0,0,0,0,0,0,0,0,0,-96000,0,0,0,10000,106000,-96000,-96000
064111,國巨國票02購02  ,0,0,0,0,0,0,0,0,0,-97000,0,0,0,7000,104000,-97000,-97000
08682P,鴻海凱基01售06  ,0,0,0,0,0,0,0,0,0,-97000,0,0,0,10000,107000,-97000,-97000
064958,GIS凱基02購03   ,0,0,0,0,0,0,0,0,0,-97000,0,0,0,110000,207000,-97000,-97000
063345,嘉晶統一9C購02  ,0,0,0,0,0,0,0,0,0,-97000,0,0,0,18000,115000,-97000,-97000
063566,台光電元大9B購08,0,0,0,0,0,0,0,0,0,-97000,0,0,0,91000,188000,-97000,-97000
063841,國巨元大01購01  ,0,0,0,0,0,0,0,0,0,-97000,0,0,0,1000,98000,-97000,-97000
065260,金像電元大9C購07,0,0,0,0,0,0,0,0,0,-97000,0,0,0,4000,101000,-97000,-97000
061958,鴻海統一01購01  ,0,0,0,0,0,0,0,0,0,-97000,0,0,0,260000,357000,-97000,-97000
068127,台積電統一02購07,0,0,0,0,0,0,0,0,0,-97000,0,0,0,0,97000,-97000,-97000
067673,義隆元大01購06  ,0,0,0,0,0,0,0,0,0,-97000,0,0,0,313000,410000,-97000,-97000
067023,巨大中信01購01  ,0,0,0,0,0,0,0,0,0,-97000,0,0,0,73000,170000,-97000,-97000
067561,晶技國票02購01  ,0,0,0,0,0,0,0,0,0,-97000,0,0,0,178000,275000,-97000,-97000
066248,長興元大01購01  ,0,0,0,0,0,0,0,0,0,-97000,0,0,0,0,97000,-97000,-97000
066134,強茂群益01購01  ,0,0,0,0,0,0,0,0,0,-97000,0,0,0,419000,516000,-97000,-97000
066594,聯詠群益01購01  ,0,0,0,0,0,0,0,0,0,-97000,0,0,0,19000,116000,-97000,-97000
068577,台積電國泰03購08,0,0,0,0,0,0,0,0,0,-98000,0,0,0,15000,113000,-98000,-98000
064592,同欣電永豐9C購01,0,0,0,0,0,0,0,0,0,-98000,0,0,0,0,98000,-98000,-98000
064132,神達元大9C購02  ,0,0,0,0,0,0,0,0,0,-98000,0,0,0,0,98000,-98000,-98000
055891,鴻海統一9A購01  ,0,0,0,0,0,0,0,0,0,-98000,0,0,0,0,98000,-98000,-98000
058421,國泰金麥證01購01,0,0,0,0,98000,-98000,0,0,0,-98000,0,0,0,0,98000,-98000,-98000
062027,國泰金群益9B購01,0,0,0,0,0,0,0,0,0,-98000,0,0,0,0,98000,-98000,-98000
065287,華新科群益01購03,0,0,0,0,0,0,0,0,0,-98000,0,0,0,6000,104000,-98000,-98000
065385,億豐元大03購01  ,0,0,0,0,0,0,0,0,0,-98000,0,0,0,236000,334000,-98000,-98000
060954,國泰金群益9A購02,0,0,0,0,0,0,0,0,0,-98000,0,0,0,0,98000,-98000,-98000
060946,世紀鋼國票9A購02,0,0,0,0,0,0,0,0,0,-98000,0,0,0,109000,207000,-98000,-98000
061017,國泰金麥證9A購01,0,0,0,0,98000,-98000,0,0,0,-98000,0,0,0,0,98000,-98000,-98000
063768,華新科國泰9C購03,0,0,0,0,0,0,0,0,0,-98000,0,0,0,15000,113000,-98000,-98000
063786,瑞昱中信06購01  ,0,0,0,0,0,0,0,0,0,-98000,0,0,0,40000,138000,-98000,-98000
066946,京元電元大01購04,0,0,0,0,0,0,0,0,0,-98000,0,0,0,110000,208000,-98000,-98000
057789,上銀統一9A購01  ,0,0,0,0,0,0,0,0,0,-99000,0,0,0,22000,121000,-99000,-99000
058920,SGBR2X元富99購06,0,0,0,0,0,0,0,0,0,-99000,0,0,0,1000,100000,-99000,-99000
060912,華新科元大9A購10,0,0,0,0,0,0,0,0,0,-99000,0,0,0,1000,100000,-99000,-99000
065535,健鼎統一02購03  ,0,0,0,0,0,0,0,0,0,-99000,0,0,0,41000,140000,-99000,-99000
065210,健策國票01購03  ,0,0,0,0,0,0,0,0,0,-99000,0,0,0,33000,132000,-99000,-99000
065240,矽創凱基01購01  ,0,0,0,0,0,0,0,0,0,-99000,0,0,0,50000,149000,-99000,-99000
065711,矽格群益9C購02  ,0,0,0,0,0,0,0,0,0,-99000,0,0,0,8000,107000,-99000,-99000
065736,同欣電凱基9C購05,0,0,0,0,0,0,0,0,0,-99000,0,0,0,10000,109000,-99000,-99000
067921,旭富永豐01購02  ,0,0,0,0,0,0,0,0,0,-99000,0,0,0,0,99000,-99000,-99000
3532,台勝科          ,73000,150000,-77000,0,0,0,1000,0,1000,-23000,0,0,0,9000,32000,-23000,-99000
1319,東陽            ,73316,156000,-82684,0,0,0,0,0,0,-17000,2000,19000,-17000,0,0,0,-99684
08552P,華新科群益9C售04,0,0,0,0,0,0,0,0,0,-100000,0,0,0,1200000,1300000,-100000,-100000
064653,T50反1元大9C購08,0,0,0,0,0,0,0,0,0,-100000,0,0,0,0,100000,-100000,-100000
064619,南亞科元大9C購05,0,0,0,0,0,0,0,0,0,-100000,0,0,0,20000,120000,-100000,-100000
064110,國巨國票01購01  ,0,0,0,0,0,0,0,0,0,-100000,0,0,0,104000,204000,-100000,-100000
068570,日月光元大01購06,0,0,0,0,0,0,0,0,0,-100000,0,0,0,117000,217000,-100000,-100000
07668P,旺宏元大9A售10  ,0,0,0,0,0,0,0,0,0,-100000,0,0,0,0,100000,-100000,-100000
07633P,台灣50元大9A售18,0,0,0,0,0,0,0,0,0,-100000,0,0,0,0,100000,-100000,-100000
06937P,GIS元大98售03   ,0,0,0,0,0,0,0,0,0,-100000,0,0,0,0,100000,-100000,-100000
08085P,華通凱基9B售04  ,0,0,0,0,0,0,0,0,0,-100000,0,0,0,0,100000,-100000,-100000
07999P,台達電凱基9B售02,0,0,0,0,0,0,0,0,0,-100000,0,0,0,0,100000,-100000,-100000
058646,聯茂富邦9A購01  ,0,0,0,0,0,0,0,0,0,-100000,0,0,0,60000,160000,-100000,-100000
060258,T50反1凱基9A購06,0,0,0,0,0,0,0,0,0,-100000,0,0,0,0,100000,-100000,-100000
059375,道瓊反群益9C購02,0,0,0,0,0,0,0,0,0,-100000,0,0,0,0,100000,-100000,-100000
058230,國巨元大99購11  ,0,0,0,0,0,0,0,0,0,-100000,0,0,0,0,100000,-100000,-100000
056723,國巨中信9A購01  ,0,0,0,0,0,0,0,0,0,-100000,0,0,0,0,100000,-100000,-100000
056763,國巨元大99購02  ,0,0,0,0,0,0,0,0,0,-100000,0,0,0,0,100000,-100000,-100000
054378,楠梓電群益98購01,0,0,0,0,0,0,0,0,0,-100000,0,0,0,0,100000,-100000,-100000
057369,奇力新元大99購05,0,0,0,0,0,0,0,0,0,-100000,0,0,0,0,100000,-100000,-100000
057186,群創元大99購04  ,0,0,0,0,0,0,0,0,0,-100000,0,0,0,0,100000,-100000,-100000
052619,茂林國泰99購01  ,0,0,0,0,0,0,0,0,0,-100000,0,0,0,0,100000,-100000,-100000
062075,智邦元大9B購03  ,0,0,0,0,0,0,0,0,0,-100000,0,0,0,0,100000,-100000,-100000
063031,鴻海凱基9C購01  ,0,0,0,0,0,0,0,0,0,-100000,0,0,0,1000,101000,-100000,-100000
061056,臺指反國票02購01,0,0,0,0,0,0,0,0,0,-100000,0,0,0,0,100000,-100000,-100000
063796,鴻海凱基9C購02  ,0,0,0,0,0,0,0,0,0,-100000,0,0,0,0,100000,-100000,-100000
063842,國巨元大9C購10  ,0,0,0,0,0,0,0,0,0,-100000,0,0,0,0,100000,-100000,-100000
063853,同欣電元大9C購02,0,0,0,0,0,0,0,0,0,-100000,0,0,0,15000,115000,-100000,-100000
060826,牧德元大9B購02  ,0,0,0,0,0,0,0,0,0,-100000,0,0,0,0,100000,-100000,-100000
06296P,燿華元大98售01  ,0,0,0,0,0,0,0,0,0,-100000,0,0,0,0,100000,-100000,-100000
063250,同欣電元大9B購03,0,0,0,0,0,0,0,0,0,-100000,0,0,0,0,100000,-100000,-100000
063244,華新科元大9B購11,0,0,0,0,0,0,0,0,0,-100000,0,0,0,0,100000,-100000,-100000
067747,同欣電元大01購04,0,0,0,0,0,0,0,0,0,-100000,0,0,0,105000,205000,-100000,-100000
068140,鴻海元大01購24  ,0,0,0,0,0,0,0,0,0,-100000,0,0,0,0,100000,-100000,-100000
067110,德律群益01購01  ,0,0,0,0,0,0,0,0,0,-100000,0,0,0,0,100000,-100000,-100000
065706,奇鋐群益9C購02  ,0,0,0,0,0,0,0,0,0,-100000,0,0,0,10000,110000,-100000,-100000
065965,國巨元大01購05  ,0,0,0,0,0,0,0,0,0,-100000,0,0,0,0,100000,-100000,-100000
065963,鴻海元大01購05  ,0,0,0,0,0,0,0,0,0,-100000,0,0,0,0,100000,-100000,-100000
066931,友達國票02購01  ,0,0,0,0,0,0,0,0,0,-100000,0,0,0,0,100000,-100000,-100000
066692,T50反1群益01購04,0,0,0,0,0,0,0,0,0,-100000,0,0,0,50000,150000,-100000,-100000
066553,大立光元大01購09,0,0,0,0,0,0,0,0,0,-100000,0,0,0,0,100000,-100000,-100000
066461,智伸科統一04購01,0,0,0,0,0,0,0,0,0,-100000,0,0,0,0,100000,-100000,-100000
8104,錸寶            ,118000,217000,-99000,0,0,0,0,0,0,-1000,10000,11000,-1000,0,0,0,-100000
07660P,聯茂凱基9A售03  ,0,0,0,0,0,0,0,0,0,-101000,0,0,0,19000,120000,-101000,-101000
07836P,大成鋼元大9A售01,0,0,0,0,0,0,0,0,0,-101000,0,0,0,0,101000,-101000,-101000
068547,台積電群益01購21,0,0,0,0,0,0,0,0,0,-101000,0,0,0,9000,110000,-101000,-101000
055486,國巨元大98購06  ,0,0,0,0,0,0,0,0,0,-101000,0,0,0,0,101000,-101000,-101000
058401,華航元大9A購01  ,0,0,0,0,0,0,0,0,0,-101000,0,0,0,94000,195000,-101000,-101000
058010,帆宣國票98購01  ,0,0,0,0,0,0,0,0,0,-101000,0,0,0,43000,144000,-101000,-101000
059513,揚明光永豐99購01,0,0,0,0,0,0,0,0,0,-101000,0,0,0,0,101000,-101000,-101000
063859,國巨國泰01購03  ,0,0,0,0,0,0,0,0,0,-101000,0,0,0,31000,132000,-101000,-101000
063116,大立光麥證9C購01,0,0,0,0,101000,-101000,0,0,0,-101000,0,0,0,0,101000,-101000,-101000
065252,玉晶光永豐9C購08,0,0,0,0,0,0,0,0,0,-101000,0,0,0,44000,145000,-101000,-101000
065513,旺宏群益9C購05  ,0,0,0,0,0,0,0,0,0,-101000,0,0,0,35000,136000,-101000,-101000
066570,力成元大02購01  ,0,0,0,0,0,0,0,0,0,-101000,0,0,0,0,101000,-101000,-101000
067768,鴻海統一03購05  ,0,0,0,0,0,0,0,0,0,-101000,0,0,0,0,101000,-101000,-101000
067685,瀚宇博元大01購03,0,0,0,0,0,0,0,0,0,-101000,0,0,0,19000,120000,-101000,-101000
067969,玉晶光群益02購19,0,0,0,0,0,0,0,0,0,-101000,0,0,0,38000,139000,-101000,-101000
4108,懷特            ,175000,276000,-101000,0,0,0,0,0,0,0,0,0,0,0,0,0,-101000
07675P,全新永豐9A售02  ,0,0,0,0,0,0,0,0,0,-102000,0,0,0,0,102000,-102000,-102000
064334,可成元大01購01  ,0,0,0,0,0,0,0,0,0,-102000,0,0,0,5000,107000,-102000,-102000
064139,裕隆統一01購02  ,0,0,0,0,0,0,0,0,0,-102000,0,0,0,160000,262000,-102000,-102000
065051,和碩凱基02購01  ,0,0,0,0,0,0,0,0,0,-102000,0,0,0,5000,107000,-102000,-102000
08449P,華新科群益9C售03,0,0,0,0,0,0,0,0,0,-102000,0,0,0,350000,452000,-102000,-102000
057718,旺宏元富02購02  ,0,0,0,0,0,0,0,0,0,-102000,0,0,0,95000,197000,-102000,-102000
059850,日電貿永豐99購01,0,0,0,0,0,0,0,0,0,-102000,0,0,0,10000,112000,-102000,-102000
065348,中壽統一9C購02  ,0,0,0,0,0,0,0,0,0,-102000,0,0,0,0,102000,-102000,-102000
065216,群創國泰01購02  ,0,0,0,0,0,0,0,0,0,-102000,0,0,0,649000,751000,-102000,-102000
062979,茂林元富9B購01  ,0,0,0,0,0,0,0,0,0,-102000,0,0,0,527000,629000,-102000,-102000
062569,南電中信01購01  ,0,0,0,0,0,0,0,0,0,-102000,0,0,0,165000,267000,-102000,-102000
067048,聯詠凱基02購02  ,0,0,0,0,0,0,0,0,0,-102000,0,0,0,16000,118000,-102000,-102000
066477,鴻海元富07購01  ,0,0,0,0,0,0,0,0,0,-102000,0,0,0,0,102000,-102000,-102000
065938,文曄群益01購01  ,0,0,0,0,0,0,0,0,0,-102000,0,0,0,150000,252000,-102000,-102000
8131,福懋科          ,30000,148000,-118000,0,0,0,0,0,0,16000,16000,0,16000,0,0,0,-102000
064650,台表科凱基03購01,0,0,0,0,0,0,0,0,0,-103000,0,0,0,144000,247000,-103000,-103000
068567,聯發科元大01購32,0,0,0,0,0,0,0,0,0,-103000,0,0,0,70000,173000,-103000,-103000
064766,矽創凱基9C購01  ,0,0,0,0,0,0,0,0,0,-103000,0,0,0,57000,160000,-103000,-103000
059028,嘉聯益台新99購02,0,0,0,0,0,0,0,0,0,-103000,0,0,0,58000,161000,-103000,-103000
062270,上銀群益9B購03  ,0,0,0,0,0,0,0,0,0,-103000,0,0,0,21000,124000,-103000,-103000
061818,富邦金群益9C購01,0,0,0,0,0,0,0,0,0,-103000,0,0,0,0,103000,-103000,-103000
063334,復盛國票9B購01  ,0,0,0,0,0,0,0,0,0,-103000,0,0,0,13000,116000,-103000,-103000
065491,華新科國泰02購01,0,0,0,0,0,0,0,0,0,-103000,0,0,0,114000,217000,-103000,-103000
061136,可成統一9A購01  ,0,0,0,0,0,0,0,0,0,-103000,0,0,0,0,103000,-103000,-103000
061913,宏碁中信9B購01  ,0,0,0,0,0,0,0,0,0,-103000,0,0,0,17000,120000,-103000,-103000
065904,群創富邦02購01  ,0,0,0,0,0,0,0,0,0,-103000,0,0,0,19000,122000,-103000,-103000
066071,台光電凱基02購01,0,0,0,0,0,0,0,0,0,-103000,0,0,0,93000,196000,-103000,-103000
066592,大立光群益01購06,0,0,0,0,0,0,0,0,0,-103000,0,0,0,0,103000,-103000,-103000
067486,新日興元大01購03,0,0,0,0,0,0,0,0,0,-103000,0,0,0,2000,105000,-103000,-103000
067861,聚陽元大01購04  ,0,0,0,0,0,0,0,0,0,-103000,0,0,0,493000,596000,-103000,-103000
3437,榮創            ,982000,1085000,-103000,0,0,0,0,0,0,0,0,0,0,0,0,0,-103000
2331,精英            ,94000,198000,-104000,0,0,0,0,0,0,1000,1000,0,1000,0,0,0,-103000
068581,台積電永豐01購05,0,0,0,0,0,0,0,0,0,-104000,0,0,0,0,104000,-104000,-104000
064106,國巨兆豐9C購04  ,0,0,0,0,0,0,0,0,0,-104000,0,0,0,15000,119000,-104000,-104000
08672P,聯發科統一01售09,0,0,0,0,0,0,0,0,0,-104000,0,0,0,0,104000,-104000,-104000
08840P,臺股指麥證01售07,0,0,0,42000,146000,-104000,0,0,0,-104000,0,0,0,42000,146000,-104000,-104000
059663,旭富元大9C購02  ,0,0,0,0,0,0,0,0,0,-104000,0,0,0,30000,134000,-104000,-104000
063479,南六元大9B購06  ,0,0,0,0,0,0,0,0,0,-104000,0,0,0,200000,304000,-104000,-104000
063817,GIS群益9C購01   ,0,0,0,0,0,0,0,0,0,-104000,0,0,0,580000,684000,-104000,-104000
067636,復盛永豐01購01  ,0,0,0,0,0,0,0,0,0,-104000,0,0,0,37000,141000,-104000,-104000
065884,智原元富9C購02  ,0,0,0,0,0,0,0,0,0,-104000,0,0,0,5000,109000,-104000,-104000
08817P,致新元富01售02  ,0,0,0,0,0,0,0,0,0,-105000,0,0,0,50000,155000,-105000,-105000
064626,聯茂元大9C購01  ,0,0,0,0,0,0,0,0,0,-105000,0,0,0,42000,147000,-105000,-105000
064212,可成凱基03購01  ,0,0,0,0,0,0,0,0,0,-105000,0,0,0,0,105000,-105000,-105000
07133P,臺股指元大9A售27,0,0,0,0,0,0,0,0,0,-105000,0,0,0,0,105000,-105000,-105000
059814,SP黃豆凱基9A購02,0,0,0,0,0,0,0,0,0,-105000,0,0,0,0,105000,-105000,-105000
062230,緯穎統一01購01  ,0,0,0,0,0,0,0,0,0,-105000,0,0,0,15000,120000,-105000,-105000
060130,瀚宇博永豐99購02,0,0,0,0,0,0,0,0,0,-105000,0,0,0,0,105000,-105000,-105000
062549,中租永豐9B購01  ,0,0,0,0,0,0,0,0,0,-105000,0,0,0,15000,120000,-105000,-105000
060782,道瓊指富邦9C購01,0,0,0,0,0,0,0,0,0,-105000,0,0,0,0,105000,-105000,-105000
061717,力成凱基9B購01  ,0,0,0,0,0,0,0,0,0,-105000,0,0,0,0,105000,-105000,-105000
061922,瑞昱凱基9B購01  ,0,0,0,0,0,0,0,0,0,-105000,0,0,0,75000,180000,-105000,-105000
065253,和大元大01購02  ,0,0,0,0,0,0,0,0,0,-105000,0,0,0,100000,205000,-105000,-105000
060522,鴻海中信9A購03  ,0,0,0,0,0,0,0,0,0,-105000,0,0,0,10000,115000,-105000,-105000
060467,神基元大9A購01  ,0,0,0,0,0,0,0,0,0,-105000,0,0,0,0,105000,-105000,-105000
065774,旭富國票01購01  ,0,0,0,0,0,0,0,0,0,-105000,0,0,0,0,105000,-105000,-105000
066472,美利達統一02購01,0,0,0,0,0,0,0,0,0,-105000,0,0,0,22000,127000,-105000,-105000
067483,禾伸堂元大01購02,0,0,0,0,0,0,0,0,0,-105000,0,0,0,0,105000,-105000,-105000
068225,華通元富07購02  ,0,0,0,0,0,0,0,0,0,-105000,0,0,0,71000,176000,-105000,-105000
064702,百和群益01購01  ,0,0,0,0,0,0,0,0,0,-106000,0,0,0,0,106000,-106000,-106000
063426,茂林凱基9B購03  ,0,0,0,0,0,0,0,0,0,-106000,0,0,0,20000,126000,-106000,-106000
063873,南六永豐9C購01  ,0,0,0,0,0,0,0,0,0,-106000,0,0,0,82000,188000,-106000,-106000
065928,創意國票02購01  ,0,0,0,0,0,0,0,0,0,-106000,0,0,0,16000,122000,-106000,-106000
066261,華碩元大01購01  ,0,0,0,0,0,0,0,0,0,-106000,0,0,0,17000,123000,-106000,-106000
055997,矽創國泰99購01  ,0,0,0,0,0,0,0,0,0,-107000,0,0,0,20000,127000,-107000,-107000
063354,茂林元富9B購02  ,0,0,0,0,0,0,0,0,0,-107000,0,0,0,198000,305000,-107000,-107000
062089,矽創元大9B購02  ,0,0,0,0,0,0,0,0,0,-107000,0,0,0,45000,152000,-107000,-107000
063063,泰鼎元富9B購01  ,0,0,0,0,0,0,0,0,0,-107000,0,0,0,24000,131000,-107000,-107000
067893,玉晶光群益02購07,0,0,0,0,0,0,0,0,0,-107000,0,0,0,64000,171000,-107000,-107000
067113,京鼎群益02購03  ,0,0,0,0,0,0,0,0,0,-107000,0,0,0,0,107000,-107000,-107000
067257,帆宣國票02購01  ,0,0,0,0,0,0,0,0,0,-107000,0,0,0,53000,160000,-107000,-107000
08244P,同欣電凱基9C售03,0,0,0,0,0,0,0,0,0,-108000,0,0,0,30000,138000,-108000,-108000
064224,玉晶光國票01購04,0,0,0,0,0,0,0,0,0,-108000,0,0,0,19000,127000,-108000,-108000
062049,亞德客統一01購01,0,0,0,0,0,0,0,0,0,-108000,0,0,0,18000,126000,-108000,-108000
065343,智邦統一01購03  ,0,0,0,0,0,0,0,0,0,-108000,0,0,0,35000,143000,-108000,-108000
063772,智邦富邦9B購02  ,0,0,0,0,0,0,0,0,0,-108000,0,0,0,0,108000,-108000,-108000
060760,南亞科元大9A購04,0,0,0,0,0,0,0,0,0,-108000,0,0,0,2000,110000,-108000,-108000
065623,瑞昱中信04購01  ,0,0,0,0,0,0,0,0,0,-108000,0,0,0,95000,203000,-108000,-108000
066955,新日興元大01購01,0,0,0,0,0,0,0,0,0,-108000,0,0,0,106000,214000,-108000,-108000
2017,官田鋼          ,10000,117000,-107000,0,0,0,0,0,0,-1000,0,1000,-1000,0,0,0,-108000
1514,亞力            ,153000,261000,-108000,0,0,0,0,0,0,0,0,0,0,0,0,0,-108000
065159,臻鼎群益9C購02  ,0,0,0,0,0,0,0,0,0,-109000,0,0,0,62000,171000,-109000,-109000
08441P,同欣電元富9C售01,0,0,0,0,0,0,0,0,0,-109000,0,0,0,110000,219000,-109000,-109000
064973,智邦元大9C購06  ,0,0,0,0,0,0,0,0,0,-109000,0,0,0,22000,131000,-109000,-109000
068286,聯電群益03購02  ,5000,0,5000,0,0,0,0,0,0,-114000,0,0,0,24000,138000,-114000,-109000
062235,億光凱基9B購01  ,0,0,0,0,0,0,0,0,0,-109000,0,0,0,204000,313000,-109000,-109000
061237,晶技元大9A購01  ,0,0,0,0,0,0,0,0,0,-109000,0,0,0,189000,298000,-109000,-109000
061304,創意永豐9A購02  ,0,0,0,0,0,0,0,0,0,-109000,0,0,0,15000,124000,-109000,-109000
066054,創意元大01購02  ,0,0,0,0,0,0,0,0,0,-109000,0,0,0,8000,117000,-109000,-109000
067284,華新科國票02購01,0,0,0,0,0,0,0,0,0,-109000,0,0,0,0,109000,-109000,-109000
068403,南亞科元富07購01,0,0,0,0,0,0,0,0,0,-110000,0,0,0,89000,199000,-110000,-110000
068347,T50反1凱基04購03,0,0,0,0,0,0,0,0,0,-110000,0,0,0,0,110000,-110000,-110000
068421,GIS兆豐01購02   ,0,0,0,0,0,0,0,0,0,-110000,0,0,0,11000,121000,-110000,-110000
064705,新光金富邦01購01,0,0,0,0,0,0,0,0,0,-110000,0,0,0,200000,310000,-110000,-110000
064275,台光電元大9C購03,0,0,0,0,0,0,0,0,0,-110000,0,0,0,90000,200000,-110000,-110000
058837,SGBR2X中信9C購01,0,0,0,0,0,0,0,0,0,-110000,0,0,0,0,110000,-110000,-110000
060183,南亞科元富9A購01,0,0,0,0,0,0,0,0,0,-110000,0,0,0,7000,117000,-110000,-110000
056515,燿華兆豐99購01  ,0,0,0,0,0,0,0,0,0,-110000,0,0,0,0,110000,-110000,-110000
059636,宏達電凱基99購05,0,0,0,0,0,0,0,0,0,-110000,0,0,0,0,110000,-110000,-110000
062030,旭富群益9B購01  ,0,0,0,0,0,0,0,0,0,-110000,0,0,0,0,110000,-110000,-110000
060953,富邦金群益9A購01,0,0,0,0,0,0,0,0,0,-110000,0,0,0,0,110000,-110000,-110000
061613,南六統一9C購01  ,0,0,0,0,0,0,0,0,0,-110000,0,0,0,186000,296000,-110000,-110000
064009,超眾凱基01購01  ,0,0,0,0,0,0,0,0,0,-110000,0,0,0,0,110000,-110000,-110000
062361,智邦元大9B購06  ,0,0,0,0,0,0,0,0,0,-110000,0,0,0,2000,112000,-110000,-110000
061663,南六永豐9A購05  ,0,0,0,0,0,0,0,0,0,-110000,0,0,0,0,110000,-110000,-110000
062596,緯穎統一01購02  ,0,0,0,0,0,0,0,0,0,-110000,0,0,0,0,110000,-110000,-110000
067322,達方元大01購01  ,0,0,0,0,0,0,0,0,0,-110000,0,0,0,100000,210000,-110000,-110000
065801,瑞昱群益9C購04  ,0,0,0,0,0,0,0,0,0,-110000,0,0,0,39000,149000,-110000,-110000
066674,達方凱基01購01  ,0,0,0,0,0,0,0,0,0,-110000,0,0,0,50000,160000,-110000,-110000
066605,盟立永豐01購02  ,0,0,0,0,0,0,0,0,0,-110000,0,0,0,0,110000,-110000,-110000
9802,鈺齊-KY         ,63000,168000,-105000,0,0,0,0,0,0,-5000,4000,0,4000,0,9000,-9000,-110000
08608P,臺股指富邦9C售06,0,0,0,0,0,0,0,0,0,-111000,0,0,0,0,111000,-111000,-111000
064832,長榮航統一01購01,0,0,0,0,0,0,0,0,0,-111000,0,0,0,40000,151000,-111000,-111000
068660,欣興元大02購02  ,0,0,0,0,0,0,0,0,0,-111000,0,0,0,36000,147000,-111000,-111000
058261,大立光富邦03購01,0,0,0,0,0,0,0,0,0,-111000,0,0,0,0,111000,-111000,-111000
063495,台光電富邦9C購01,0,0,0,0,0,0,0,0,0,-111000,0,0,0,19000,130000,-111000,-111000
061019,大毅國票9A購01  ,0,0,0,0,0,0,0,0,0,-111000,0,0,0,48000,159000,-111000,-111000
065344,瑞昱統一01購05  ,0,0,0,0,0,0,0,0,0,-111000,0,0,0,50000,161000,-111000,-111000
060570,南亞科永豐9A購01,0,0,0,0,0,0,0,0,0,-111000,0,0,0,50000,161000,-111000,-111000
066947,聯發科元大01購15,1000,0,1000,0,0,0,0,0,0,-112000,0,0,0,966000,1078000,-112000,-111000
066851,瀚宇博元大01購02,0,0,0,0,0,0,0,0,0,-111000,0,0,0,9000,120000,-111000,-111000
066074,文曄凱基01購01  ,0,0,0,0,0,0,0,0,0,-111000,0,0,0,380000,491000,-111000,-111000
066148,美利達群益01購02,0,0,0,0,0,0,0,0,0,-111000,0,0,0,28000,139000,-111000,-111000
067142,美利達永豐01購02,0,0,0,0,0,0,0,0,0,-111000,0,0,0,100000,211000,-111000,-111000
067883,元金2X群益01購02,0,0,0,0,0,0,0,0,0,-111000,0,0,0,0,111000,-111000,-111000
6670,復盛應用        ,7000,120000,-113000,0,0,0,0,0,0,2000,0,0,0,5000,3000,2000,-111000
068658,義隆元大02購01  ,0,0,0,0,0,0,0,0,0,-112000,0,0,0,74000,186000,-112000,-112000
065375,神基元大03購01  ,0,0,0,0,0,0,0,0,0,-112000,0,0,0,0,112000,-112000,-112000
060923,全新永豐9A購01  ,0,0,0,0,0,0,0,0,0,-112000,0,0,0,0,112000,-112000,-112000
061388,台積電群益9A購05,0,0,0,0,0,0,0,0,0,-112000,0,0,0,82000,194000,-112000,-112000
067686,矽格元大01購04  ,0,0,0,0,0,0,0,0,0,-112000,0,0,0,11000,123000,-112000,-112000
067140,鎧勝永豐01購02  ,0,0,0,0,0,0,0,0,0,-112000,0,0,0,264000,376000,-112000,-112000
067128,華城永豐01購02  ,0,0,0,0,0,0,0,0,0,-112000,0,0,0,55000,167000,-112000,-112000
067258,盛群國票01購01  ,0,0,0,0,0,0,0,0,0,-112000,0,0,0,0,112000,-112000,-112000
067403,眾達永豐01購03  ,0,0,0,0,0,0,0,0,0,-112000,0,0,0,0,112000,-112000,-112000
066917,美利達凱基01購02,0,0,0,0,0,0,0,0,0,-112000,0,0,0,7000,119000,-112000,-112000
066565,泰鼎元大01購01  ,0,0,0,0,0,0,0,0,0,-112000,0,0,0,344000,456000,-112000,-112000
3045,台灣大          ,1404238,1518000,-113762,0,0,0,44000,0,44000,-43000,1000,47000,-46000,5000,2000,3000,-112762
068677,日月光元富07購01,0,0,0,0,0,0,0,0,0,-113000,0,0,0,0,113000,-113000,-113000
07035P,大立光元富99售04,0,0,0,0,0,0,0,0,0,-113000,0,0,0,0,113000,-113000,-113000
07600P,台灣50凱基04售06,0,0,0,0,0,0,0,0,0,-113000,0,0,0,0,113000,-113000,-113000
064618,南亞科元大9C購04,0,0,0,0,0,0,0,0,0,-113000,0,0,0,68000,181000,-113000,-113000
064305,健鼎兆豐9C購02  ,0,0,0,0,0,0,0,0,0,-113000,0,0,0,68000,181000,-113000,-113000
063396,金像電群益9C購01,0,0,0,0,0,0,0,0,0,-113000,0,0,0,0,113000,-113000,-113000
065245,國泰金兆豐9C購01,0,0,0,0,0,0,0,0,0,-113000,0,0,0,60000,173000,-113000,-113000
063921,大立光元富9C購03,0,0,0,0,0,0,0,0,0,-113000,0,0,0,67000,180000,-113000,-113000
067533,瑞昱群益01購02  ,0,0,0,0,0,0,0,0,0,-113000,0,0,0,91000,204000,-113000,-113000
067830,帆宣兆豐03購01  ,0,0,0,0,0,0,0,0,0,-113000,0,0,0,289000,402000,-113000,-113000
067945,台積電國泰03購03,0,0,0,0,0,0,0,0,0,-113000,0,0,0,0,113000,-113000,-113000
064023,智邦元大9C購02  ,0,0,0,0,0,0,0,0,0,-114000,0,0,0,4000,118000,-114000,-114000
08646P,臺股指中信03售02,0,0,0,0,0,0,0,0,0,-114000,0,0,0,0,114000,-114000,-114000
064719,聯發科統一02購01,0,0,0,0,0,0,0,0,0,-114000,0,0,0,367000,481000,-114000,-114000
064868,嘉晶永豐9C購02  ,0,0,0,0,0,0,0,0,0,-114000,0,0,0,10000,124000,-114000,-114000
07954P,台表科元大9B售02,0,0,0,0,0,0,0,0,0,-114000,0,0,0,85000,199000,-114000,-114000
058287,國巨國票9A購02  ,0,0,0,0,0,0,0,0,0,-114000,0,0,0,6000,120000,-114000,-114000
057958,禾伸堂元大99購05,0,0,0,0,0,0,0,0,0,-114000,0,0,0,0,114000,-114000,-114000
063577,台表科元大9C購04,0,0,0,0,0,0,0,0,0,-114000,0,0,0,10000,124000,-114000,-114000
062546,新日興永豐9B購01,0,0,0,0,0,0,0,0,0,-114000,0,0,0,0,114000,-114000,-114000
065213,南六國票01購03  ,0,0,0,0,0,0,0,0,0,-114000,0,0,0,25000,139000,-114000,-114000
063107,矽創群益9B購01  ,0,0,0,0,0,0,0,0,0,-114000,0,0,0,62000,176000,-114000,-114000
067755,大立光國泰03購03,0,0,0,0,0,0,0,0,0,-114000,0,0,0,131000,245000,-114000,-114000
066835,台郡群益01購02  ,0,0,0,0,0,0,0,0,0,-114000,0,0,0,0,114000,-114000,-114000
065838,鴻海元大03購01  ,0,0,0,0,0,0,0,0,0,-114000,0,0,0,143000,257000,-114000,-114000
2439,美律            ,1050000,981000,69000,0,0,0,0,0,0,-183000,284000,162000,122000,66000,371000,-305000,-114000
068332,欣興元大03購02  ,0,0,0,0,0,0,0,0,0,-115000,0,0,0,313000,428000,-115000,-115000
065859,GIS元大9C購10   ,0,0,0,0,0,0,0,0,0,-115000,0,0,0,60000,175000,-115000,-115000
066394,建準凱基01購01  ,0,0,0,0,0,0,0,0,0,-115000,0,0,0,30000,145000,-115000,-115000
067850,台郡元富07購01  ,0,0,0,0,0,0,0,0,0,-115000,0,0,0,317000,432000,-115000,-115000
067066,鴻海元大01購15  ,0,0,0,0,0,0,0,0,0,-115000,0,0,0,32000,147000,-115000,-115000
057876,隆達元大98購01  ,0,0,0,0,0,0,0,0,0,-116000,0,0,0,7000,123000,-116000,-116000
03182P,聯電元大01售08  ,0,0,0,0,0,0,0,0,0,-116000,0,0,0,5000,121000,-116000,-116000
062080,奇力新元大9B購02,0,0,0,0,0,0,0,0,0,-116000,0,0,0,0,116000,-116000,-116000
062161,南六凱基9C購01  ,0,0,0,0,0,0,0,0,0,-116000,0,0,0,1000,117000,-116000,-116000
062560,奇鋐凱基9B購02  ,0,0,0,0,0,0,0,0,0,-116000,0,0,0,28000,144000,-116000,-116000
067535,友達群益02購01  ,0,0,0,0,0,0,0,0,0,-116000,0,0,0,0,116000,-116000,-116000
068091,華碩群益01購02  ,0,0,0,0,0,0,0,0,0,-116000,0,0,0,0,116000,-116000,-116000
066486,台光電元富01購02,0,0,0,0,0,0,0,0,0,-116000,0,0,0,200000,316000,-116000,-116000
1710,東聯            ,47000,160000,-113000,0,0,0,0,0,0,-3000,0,3000,-3000,0,0,0,-116000
057684,聯茂日盛99購01  ,0,0,0,0,0,0,0,0,0,-117000,0,0,0,40000,157000,-117000,-117000
068161,智易元大01購02  ,0,0,0,0,0,0,0,0,0,-117000,0,0,0,162000,279000,-117000,-117000
6226,光鼎            ,45000,162000,-117000,0,0,0,0,0,0,0,0,0,0,0,0,0,-117000
068456,冠德國票03購01  ,0,0,0,0,0,0,0,0,0,-118000,0,0,0,50000,168000,-118000,-118000
059259,FBVIX中信03購06 ,0,0,0,0,0,0,0,0,0,-118000,0,0,0,15000,133000,-118000,-118000
054976,上証2X元富9A購01,0,0,0,0,0,0,0,0,0,-118000,0,0,0,366000,484000,-118000,-118000
062034,同欣電群益9B購01,0,0,0,0,0,0,0,0,0,-118000,0,0,0,15000,133000,-118000,-118000
061047,大立光第一9A購01,0,0,0,0,0,0,0,0,0,-118000,0,0,0,0,118000,-118000,-118000
063020,奇力新元大9B購04,0,0,0,0,0,0,0,0,0,-118000,0,0,0,25000,143000,-118000,-118000
066053,創意元大01購01  ,0,0,0,0,0,0,0,0,0,-118000,0,0,0,3000,121000,-118000,-118000
2816,旺旺保          ,5000,124000,-119000,0,0,0,0,0,0,1000,1000,0,1000,0,0,0,-118000
068532,台郡元富07購02  ,0,0,0,0,0,0,0,0,0,-119000,0,0,0,20000,139000,-119000,-119000
07466P,亞德客元大9A售02,0,0,0,0,0,0,0,0,0,-119000,0,0,0,131000,250000,-119000,-119000
07792P,牧德元大9A售04  ,0,0,0,0,0,0,0,0,0,-119000,0,0,0,181000,300000,-119000,-119000
06962P,華新科永豐99售01,0,0,0,0,0,0,0,0,0,-119000,0,0,0,707000,826000,-119000,-119000
064826,南亞科統一01購03,0,0,0,0,0,0,0,0,0,-119000,0,0,0,0,119000,-119000,-119000
08466P,旺宏統一9C售03  ,0,0,0,0,0,0,0,0,0,-119000,0,0,0,43000,162000,-119000,-119000
064509,台表科元大9C購08,0,0,0,0,0,0,0,0,0,-119000,0,0,0,23000,142000,-119000,-119000
058555,矽創永豐9A購01  ,0,0,0,0,0,0,0,0,0,-119000,0,0,0,0,119000,-119000,-119000
058722,台郡元富99購01  ,0,0,0,0,0,0,0,0,0,-119000,0,0,0,0,119000,-119000,-119000
063026,南六元大9B購04  ,0,0,0,0,0,0,0,0,0,-119000,0,0,0,139000,258000,-119000,-119000
063373,晶技永豐9B購02  ,0,0,0,0,0,0,0,0,0,-119000,0,0,0,21000,140000,-119000,-119000
063532,GIS凱基9B購03   ,0,0,0,0,0,0,0,0,0,-119000,0,0,0,10000,129000,-119000,-119000
068077,晶技凱基02購01  ,0,0,0,0,0,0,0,0,0,-119000,0,0,0,58000,177000,-119000,-119000
067776,巨大統一03購02  ,0,0,0,0,0,0,0,0,0,-119000,0,0,0,30000,149000,-119000,-119000
067078,京鼎元大01購04  ,0,0,0,0,0,0,0,0,0,-119000,0,0,0,1000,120000,-119000,-119000
067259,聯茂國票02購01  ,0,0,0,0,0,0,0,0,0,-119000,0,0,0,3000,122000,-119000,-119000
064511,GIS元大9C購05   ,0,0,0,0,0,0,0,0,0,-120000,0,0,0,171000,291000,-120000,-120000
08595P,南電群益9C售03  ,0,0,0,0,0,0,0,0,0,-120000,0,0,0,0,120000,-120000,-120000
057964,緯穎元大99購03  ,0,0,0,0,0,0,0,0,0,-120000,0,0,0,121000,241000,-120000,-120000
03003P,京鼎群益01售02  ,0,0,0,0,0,0,0,0,0,-120000,0,0,0,20000,140000,-120000,-120000
052755,滬深2X群益9A購01,0,0,0,0,0,0,0,0,0,-120000,0,0,0,0,120000,-120000,-120000
061594,玉晶光永豐9A購08,0,0,0,0,0,0,0,0,0,-120000,0,0,0,2000,122000,-120000,-120000
062336,茂林統一01購02  ,0,0,0,0,0,0,0,0,0,-120000,0,0,0,0,120000,-120000,-120000
065596,鴻海元大9C購16  ,0,0,0,0,0,0,0,0,0,-120000,0,0,0,0,120000,-120000,-120000
067538,晶技群益01購02  ,0,0,0,0,0,0,0,0,0,-120000,0,0,0,20000,140000,-120000,-120000
067870,玉晶光元大01購07,0,0,0,0,0,0,0,0,0,-120000,0,0,0,0,120000,-120000,-120000
068247,宏碁元大01購03  ,0,0,0,0,0,0,0,0,0,-120000,0,0,0,18000,138000,-120000,-120000
065932,世紀鋼國票02購01,0,0,0,0,0,0,0,0,0,-120000,0,0,0,0,120000,-120000,-120000
065964,鴻海元大02購01  ,0,0,0,0,0,0,0,0,0,-120000,0,0,0,78000,198000,-120000,-120000
064666,華新科元大02購01,0,0,0,0,0,0,0,0,0,-121000,0,0,0,0,121000,-121000,-121000
00660,元大歐洲50      ,0,0,0,0,0,0,0,0,0,-121000,0,0,0,0,121000,-121000,-121000
065477,健鼎元大9C購03  ,0,0,0,0,0,0,0,0,0,-121000,0,0,0,321000,442000,-121000,-121000
065176,玉晶光元大01購04,0,0,0,0,0,0,0,0,0,-121000,0,0,0,203000,324000,-121000,-121000
062676,南六台新9B購01  ,0,0,0,0,0,0,0,0,0,-121000,0,0,0,167000,288000,-121000,-121000
065611,嘉聯益元大9C購02,0,0,0,0,0,0,0,0,0,-121000,0,0,0,1067000,1188000,-121000,-121000
066945,鴻海元大01購14  ,0,0,0,0,0,0,0,0,0,-121000,0,0,0,0,121000,-121000,-121000
067946,聯發科國泰03購04,0,0,0,0,0,0,0,0,0,-121000,0,0,0,1010000,1131000,-121000,-121000
067127,台虹富邦03購01  ,0,0,0,0,0,0,0,0,0,-121000,0,0,0,0,121000,-121000,-121000
064249,聯發科元富06購01,0,0,0,0,0,0,0,0,0,-122000,0,0,0,0,122000,-122000,-122000
059841,國巨富邦9C購01  ,0,0,0,0,0,0,0,0,0,-122000,0,0,0,4000,126000,-122000,-122000
067892,玉晶光群益02購06,0,0,0,0,0,0,0,0,0,-122000,0,0,0,83000,205000,-122000,-122000
067874,台郡元大01購05  ,0,0,0,0,0,0,0,0,0,-122000,0,0,0,75000,197000,-122000,-122000
068082,南六凱基03購01  ,0,0,0,0,0,0,0,0,0,-122000,0,0,0,54000,176000,-122000,-122000
066745,瀚宇博元大01購01,0,0,0,0,0,0,0,0,0,-122000,0,0,0,51000,173000,-122000,-122000
6206,飛捷            ,15000,141000,-126000,0,0,0,0,0,0,4000,4000,0,4000,0,0,0,-122000
064228,同欣電國票01購01,0,0,0,0,0,0,0,0,0,-123000,0,0,0,0,123000,-123000,-123000
064893,金像電群益01購02,0,0,0,0,0,0,0,0,0,-123000,0,0,0,80000,203000,-123000,-123000
063620,奇力新兆豐9B購01,0,0,0,0,0,0,0,0,0,-123000,0,0,0,9000,132000,-123000,-123000
061178,晶技凱基9B購01  ,0,0,0,0,0,0,0,0,0,-123000,0,0,0,47000,170000,-123000,-123000
063106,台表科群益9B購03,0,0,0,0,0,0,0,0,0,-123000,0,0,0,0,123000,-123000,-123000
067248,帆宣群益01購01  ,0,0,0,0,0,0,0,0,0,-123000,0,0,0,60000,183000,-123000,-123000
067504,鴻海統一01購07  ,0,0,0,0,0,0,0,0,0,-123000,0,0,0,70000,193000,-123000,-123000
064764,聯茂凱基01購01  ,0,0,0,0,0,0,0,0,0,-124000,0,0,0,11000,135000,-124000,-124000
068585,美律台新01購02  ,0,0,0,0,0,0,0,0,0,-124000,0,0,0,0,124000,-124000,-124000
08633P,聯發科元大9C售20,0,0,0,0,0,0,0,0,0,-124000,0,0,0,30000,154000,-124000,-124000
061489,高鐵兆豐9A購01  ,0,0,0,0,0,0,0,0,0,-124000,0,0,0,29000,153000,-124000,-124000
063390,嘉晶兆豐9B購01  ,0,0,0,0,0,0,0,0,0,-124000,0,0,0,45000,169000,-124000,-124000
061841,晶技凱基9C購01  ,0,0,0,0,0,0,0,0,0,-124000,0,0,0,48000,172000,-124000,-124000
067855,達方國票02購01  ,0,0,0,0,0,0,0,0,0,-124000,0,0,0,48000,172000,-124000,-124000
2882A,國泰特          ,0,9000,-9000,0,0,0,0,52000,-52000,-63000,2000,60000,-58000,0,5000,-5000,-124000
064867,華新科永豐9C購03,0,0,0,0,0,0,0,0,0,-125000,0,0,0,0,125000,-125000,-125000
058046,國巨元大9A購01  ,0,0,0,0,0,0,0,0,0,-125000,0,0,0,120000,245000,-125000,-125000
057836,南亞科國泰9A購01,0,0,0,0,0,0,0,0,0,-125000,0,0,0,0,125000,-125000,-125000
03028P,玉晶光元大01售11,0,0,0,0,0,0,0,0,0,-125000,0,0,0,0,125000,-125000,-125000
03117P,南電康和01售03  ,0,0,0,0,0,0,0,0,0,-125000,0,0,0,0,125000,-125000,-125000
061706,旭富國票9A購02  ,0,0,0,0,0,0,0,0,0,-125000,0,0,0,0,125000,-125000,-125000
061127,美食永豐9A購01  ,0,0,0,0,0,0,0,0,0,-125000,0,0,0,0,125000,-125000,-125000
060857,旭富富邦9B購01  ,0,0,0,0,0,0,0,0,0,-125000,0,0,0,90000,215000,-125000,-125000
6582,申豐            ,88000,190000,-102000,0,0,0,0,0,0,-23000,9000,0,9000,13000,45000,-32000,-125000
08794P,台積電兆豐01售03,0,0,0,0,0,0,0,0,0,-126000,0,0,0,0,126000,-126000,-126000
062405,泰鼎永豐9B購02  ,0,0,0,0,0,0,0,0,0,-126000,0,0,0,3000,129000,-126000,-126000
067811,高鐵凱基01購01  ,0,0,0,0,0,0,0,0,0,-126000,0,0,0,0,126000,-126000,-126000
066890,聯詠中信07購01  ,0,0,0,0,0,0,0,0,0,-126000,0,0,0,21000,147000,-126000,-126000
065646,健鼎元大9C購04  ,0,0,0,0,0,0,0,0,0,-126000,0,0,0,378000,504000,-126000,-126000
054297,台郡元大98購01  ,0,0,0,0,0,0,0,0,0,-127000,0,0,0,13000,140000,-127000,-127000
063202,南亞科統一9C購02,0,0,0,0,0,0,0,0,0,-127000,0,0,0,157000,284000,-127000,-127000
061574,大毅元大9B購01  ,0,0,0,0,0,0,0,0,0,-127000,0,0,0,25000,152000,-127000,-127000
066589,英業達群益01購01,0,0,0,0,0,0,0,0,0,-127000,0,0,0,133000,260000,-127000,-127000
067417,力山凱基02購01  ,0,0,0,0,0,0,0,0,0,-127000,0,0,0,0,127000,-127000,-127000
067344,鎧勝凱基02購01  ,0,0,0,0,0,0,0,0,0,-127000,0,0,0,44000,171000,-127000,-127000
2357,華碩            ,1614241,1698333,-84092,0,0,0,30000,0,30000,-73000,6000,4000,2000,18000,93000,-75000,-127092
2207,和泰車          ,120237,252000,-131763,0,0,0,0,0,0,4000,4000,0,4000,0,0,0,-127763
08975P,欣興群益01售05  ,0,0,0,0,0,0,0,0,0,-128000,0,0,0,32000,160000,-128000,-128000
068420,大立光兆豐01購03,0,0,0,0,0,0,0,0,0,-128000,0,0,0,0,128000,-128000,-128000
068364,鴻海國泰07購01  ,0,0,0,0,0,0,0,0,0,-128000,0,0,0,9000,137000,-128000,-128000
063493,金像電富邦01購01,0,0,0,0,0,0,0,0,0,-128000,0,0,0,2000,130000,-128000,-128000
063908,國巨凱基9C購06  ,0,0,0,0,0,0,0,0,0,-128000,0,0,0,5000,133000,-128000,-128000
061857,康友國票9B購01  ,0,0,0,0,0,0,0,0,0,-128000,0,0,0,124000,252000,-128000,-128000
066953,禾伸堂元大01購01,0,0,0,0,0,0,0,0,0,-128000,0,0,0,1000,129000,-128000,-128000
066814,健鼎兆豐01購01  ,0,0,0,0,0,0,0,0,0,-128000,0,0,0,191000,319000,-128000,-128000
1449,佳和            ,197000,325000,-128000,0,0,0,0,0,0,0,0,0,0,0,0,0,-128000
4306,炎洲            ,16000,144000,-128000,0,0,0,0,0,0,0,0,0,0,0,0,0,-128000
062171,中磊永豐9B購01  ,0,0,0,0,0,0,0,0,0,-129000,0,0,0,8000,137000,-129000,-129000
062401,信邦永豐9B購01  ,0,0,0,0,0,0,0,0,0,-129000,0,0,0,0,129000,-129000,-129000
066622,南帝凱基01購01  ,0,0,0,0,0,0,0,0,0,-129000,0,0,0,0,129000,-129000,-129000
066118,台郡兆豐01購01  ,0,0,0,0,0,0,0,0,0,-129000,0,0,0,1000,130000,-129000,-129000
067321,南六元大01購05  ,0,0,0,0,0,0,0,0,0,-129000,0,0,0,183000,312000,-129000,-129000
08258P,旺宏元大9C售04  ,0,0,0,0,0,0,0,0,0,-130000,0,0,0,54000,184000,-130000,-130000
054563,泰碩群益99購01  ,0,0,0,0,0,0,0,0,0,-130000,0,0,0,0,130000,-130000,-130000
054158,國巨日盛99購01  ,0,0,0,0,0,0,0,0,0,-130000,0,0,0,0,130000,-130000,-130000
065237,茂林凱基01購01  ,0,0,0,0,0,0,0,0,0,-130000,0,0,0,20000,150000,-130000,-130000
065544,和大兆豐01購01  ,0,0,0,0,0,0,0,0,0,-130000,0,0,0,0,130000,-130000,-130000
063154,南六元富9B購02  ,0,0,0,0,0,0,0,0,0,-130000,0,0,0,38000,168000,-130000,-130000
067204,國巨元大02購02  ,0,0,0,0,0,0,0,0,0,-130000,0,0,0,200000,330000,-130000,-130000
067080,群創元大01購04  ,0,0,0,0,0,0,0,0,0,-130000,0,0,0,201000,331000,-130000,-130000
067873,神達元大01購03  ,0,0,0,0,0,0,0,0,0,-130000,0,0,0,1000,131000,-130000,-130000
066898,聯發科康和01購01,0,0,0,0,0,0,0,0,0,-130000,0,0,0,44000,174000,-130000,-130000
3010,華立            ,10000,151000,-141000,0,0,0,0,0,0,11000,11000,0,11000,0,0,0,-130000
057837,康控國泰99購02  ,0,0,0,0,0,0,0,0,0,-131000,0,0,0,40000,171000,-131000,-131000
061915,T50反1凱基02購02,0,0,0,0,0,0,0,0,0,-131000,0,0,0,0,131000,-131000,-131000
063531,台表科凱基9B購04,0,0,0,0,0,0,0,0,0,-131000,0,0,0,0,131000,-131000,-131000
067756,奇鋐國泰03購01  ,0,0,0,0,0,0,0,0,0,-131000,0,0,0,53000,184000,-131000,-131000
067995,瑞昱元大02購01  ,0,0,0,0,0,0,0,0,0,-131000,0,0,0,239000,370000,-131000,-131000
068198,奇力新凱基02購02,0,0,0,0,0,0,0,0,0,-131000,0,0,0,0,131000,-131000,-131000
2739,寒舍            ,31000,162000,-131000,0,0,0,0,0,0,0,0,0,0,0,0,0,-131000
064792,美律國票9C購01  ,0,0,0,0,0,0,0,0,0,-132000,0,0,0,228000,360000,-132000,-132000
064920,景碩統一01購02  ,0,0,0,0,0,0,0,0,0,-132000,0,0,0,568000,700000,-132000,-132000
08438P,鴻海國票01售02  ,0,0,0,0,0,0,0,0,0,-132000,0,0,0,0,132000,-132000,-132000
063210,百和統一9C購01  ,0,0,0,0,0,0,0,0,0,-132000,0,0,0,105000,237000,-132000,-132000
060944,國泰金國票9A購01,0,0,0,0,0,0,0,0,0,-132000,0,0,0,0,132000,-132000,-132000
061344,禾伸堂元大9A購02,0,0,0,0,0,0,0,0,0,-132000,0,0,0,0,132000,-132000,-132000
065539,瑞儀統一01購01  ,0,0,0,0,0,0,0,0,0,-132000,0,0,0,150000,282000,-132000,-132000
067193,台表科凱基03購02,0,0,0,0,0,0,0,0,0,-132000,0,0,0,41000,173000,-132000,-132000
066018,南六元富03購02  ,0,0,0,0,0,0,0,0,0,-132000,0,0,0,137000,269000,-132000,-132000
08366P,祥碩凱基9C售04  ,0,0,0,0,0,0,0,0,0,-133000,0,0,0,132000,265000,-133000,-133000
08693P,宏達電群益01售02,0,0,0,0,0,0,0,0,0,-133000,0,0,0,0,133000,-133000,-133000
1440,南紡            ,846000,494000,352000,0,0,0,0,0,0,-485000,0,485000,-485000,0,0,0,-133000
058670,鴻海群益9A購03  ,0,0,0,0,0,0,0,0,0,-133000,0,0,0,0,133000,-133000,-133000
059155,台表科日盛99購01,0,0,0,0,0,0,0,0,0,-133000,0,0,0,15000,148000,-133000,-133000
0061,元大寶滬深      ,61000,68000,-7000,0,0,0,0,0,0,-126000,0,0,0,48000,174000,-126000,-133000
062302,聯詠中信05購02  ,0,0,0,0,0,0,0,0,0,-133000,0,0,0,31000,164000,-133000,-133000
063592,瑞祺永豐9B購02  ,0,0,0,0,0,0,0,0,0,-133000,0,0,0,0,133000,-133000,-133000
063920,大立光元富03購02,0,0,0,0,0,0,0,0,0,-133000,0,0,0,8000,141000,-133000,-133000
07952P,富邦金元大9B售02,0,0,0,0,0,0,0,0,0,-134000,0,0,0,0,134000,-134000,-134000
06886P,旺宏元大99售07  ,0,0,0,0,0,0,0,0,0,-134000,0,0,0,6000,140000,-134000,-134000
065546,景碩兆豐01購01  ,0,0,0,0,0,0,0,0,0,-134000,0,0,0,227000,361000,-134000,-134000
065327,台表科凱基9C購02,0,0,0,0,0,0,0,0,0,-134000,0,0,0,20000,154000,-134000,-134000
061357,寶成元大9A購01  ,0,0,0,0,0,0,0,0,0,-134000,0,0,0,0,134000,-134000,-134000
067872,玉晶光元大02購03,0,0,0,0,0,0,0,0,0,-134000,0,0,0,30000,164000,-134000,-134000
08400P,美律元富9C售02  ,0,0,0,0,0,0,0,0,0,-135000,0,0,0,0,135000,-135000,-135000
061187,瀚宇博國泰9C購01,0,0,0,0,0,0,0,0,0,-135000,0,0,0,36000,171000,-135000,-135000
067896,玉晶光群益02購10,0,0,0,0,0,0,0,0,0,-135000,0,0,0,18000,153000,-135000,-135000
067789,和碩群益01購01  ,0,0,0,0,0,0,0,0,0,-135000,0,0,0,83000,218000,-135000,-135000
067297,台積電元大02購03,0,0,0,0,0,0,0,0,0,-135000,0,0,0,279000,414000,-135000,-135000
066279,拓凱元大01購01  ,0,0,0,0,0,0,0,0,0,-135000,0,0,0,74000,209000,-135000,-135000
08535P,和大國票01售02  ,0,0,0,0,0,0,0,0,0,-136000,0,0,0,200000,336000,-136000,-136000
064644,台光電凱基9C購01,0,0,0,0,0,0,0,0,0,-136000,0,0,0,101000,237000,-136000,-136000
064463,聯茂統一01購02  ,0,0,0,0,0,0,0,0,0,-136000,0,0,0,0,136000,-136000,-136000
03014P,玉晶光永豐01售05,0,0,0,0,0,0,0,0,0,-136000,0,0,0,0,136000,-136000,-136000
061869,智邦元大9B購01  ,0,0,0,0,0,0,0,0,0,-136000,0,0,0,4000,140000,-136000,-136000
060785,國巨富邦9B購04  ,0,0,0,0,0,0,0,0,0,-136000,0,0,0,0,136000,-136000,-136000
067487,京鼎元大01購06  ,0,0,0,0,0,0,0,0,0,-136000,0,0,0,32000,168000,-136000,-136000
068223,京鼎統一03購02  ,0,0,0,0,0,0,0,0,0,-136000,0,0,0,99000,235000,-136000,-136000
068065,京鼎兆豐01購02  ,0,0,0,0,0,0,0,0,0,-136000,0,0,0,0,136000,-136000,-136000
064477,南六國泰02購01  ,0,0,0,0,0,0,0,0,0,-137000,0,0,0,265000,402000,-137000,-137000
063761,嘉澤統一02購01  ,0,0,0,0,0,0,0,0,0,-137000,0,0,0,5000,142000,-137000,-137000
063404,金像電國票9B購01,0,0,0,0,0,0,0,0,0,-137000,0,0,0,9000,146000,-137000,-137000
066048,奇鋐元大01購01  ,0,0,0,0,0,0,0,0,0,-137000,0,0,0,157000,294000,-137000,-137000
066639,彩晶凱基05購01  ,0,0,0,0,0,0,0,0,0,-137000,0,0,0,85000,222000,-137000,-137000
1723,中碳            ,5000,138000,-133000,0,0,0,0,0,0,-4000,0,4000,-4000,0,0,0,-137000
064880,神達兆豐9C購01  ,0,0,0,0,0,0,0,0,0,-138000,0,0,0,28000,166000,-138000,-138000
058507,美律元大9A購01  ,0,0,0,0,0,0,0,0,0,-138000,0,0,0,20000,158000,-138000,-138000
063377,泰鼎永豐9B購03  ,0,0,0,0,0,0,0,0,0,-138000,0,0,0,0,138000,-138000,-138000
063832,矽創國票01購01  ,0,0,0,0,0,0,0,0,0,-138000,0,0,0,77000,215000,-138000,-138000
063677,台光電國泰9C購02,0,0,0,0,0,0,0,0,0,-138000,0,0,0,0,138000,-138000,-138000
062386,京鼎國泰9C購01  ,0,0,0,0,0,0,0,0,0,-138000,0,0,0,10000,148000,-138000,-138000
066566,康控元大01購01  ,0,0,0,0,0,0,0,0,0,-138000,0,0,0,112000,250000,-138000,-138000
065995,台虹永豐01購01  ,0,0,0,0,0,0,0,0,0,-138000,0,0,0,0,138000,-138000,-138000
2464,盟立            ,189000,352000,-163000,0,0,0,0,0,0,25000,0,1000,-1000,64000,38000,26000,-138000
064842,南六統一9C購04  ,0,0,0,0,0,0,0,0,0,-139000,0,0,0,285000,424000,-139000,-139000
068356,奇力新凱基01購03,0,0,0,0,0,0,0,0,0,-139000,0,0,0,1000,140000,-139000,-139000
03256P,聯發科富邦03售08,0,0,0,0,0,0,0,0,0,-139000,0,0,0,2495000,2634000,-139000,-139000
062353,亞德客元大9B購01,0,0,0,0,0,0,0,0,0,-139000,0,0,0,265000,404000,-139000,-139000
06178P,大立光第一99售01,0,0,0,0,0,0,0,0,0,-139000,0,0,0,0,139000,-139000,-139000
066205,京鼎統一03購01  ,0,0,0,0,0,0,0,0,0,-139000,0,0,0,87000,226000,-139000,-139000
068046,台積電統一03購05,0,0,0,0,0,0,0,0,0,-139000,0,0,0,12000,151000,-139000,-139000
067085,臻鼎元大01購02  ,0,0,0,0,0,0,0,0,0,-139000,0,0,0,132000,271000,-139000,-139000
068467,台灣50群益01購15,0,0,0,0,0,0,0,0,0,-140000,0,0,0,7000,147000,-140000,-140000
064726,創意統一01購03  ,0,0,0,0,0,0,0,0,0,-140000,0,0,0,14000,154000,-140000,-140000
08631P,臺股指麥證9C售06,0,0,0,10000,150000,-140000,0,0,0,-140000,0,0,0,10000,150000,-140000,-140000
059787,奇力新元大9A購02,0,0,0,0,0,0,0,0,0,-140000,0,0,0,11000,151000,-140000,-140000
058366,元大金凱基99購01,0,0,0,0,0,0,0,0,0,-140000,0,0,0,0,140000,-140000,-140000
057824,日月光元大98購01,0,0,0,0,0,0,0,0,0,-140000,0,0,0,0,140000,-140000,-140000
058728,SP黃豆永豐99購01,0,0,0,0,0,0,0,0,0,-140000,0,0,0,10000,150000,-140000,-140000
061683,台灣50群益9B購09,0,0,0,0,0,0,0,0,0,-140000,0,0,0,65000,205000,-140000,-140000
063928,可成統一01購02  ,0,0,0,0,0,0,0,0,0,-140000,0,0,0,0,140000,-140000,-140000
061245,晶技群益9A購01  ,0,0,0,0,0,0,0,0,0,-140000,0,0,0,84000,224000,-140000,-140000
065527,巨大群益9C購03  ,0,0,0,0,0,0,0,0,0,-140000,0,0,0,57000,197000,-140000,-140000
065898,神基麥證9C購01  ,0,0,0,20000,160000,-140000,0,0,0,-140000,0,0,0,20000,160000,-140000,-140000
4104,佳醫            ,70000,210000,-140000,0,0,0,0,0,0,0,0,0,0,0,0,0,-140000
064411,台表科凱基02購01,0,0,0,0,0,0,0,0,0,-141000,0,0,0,0,141000,-141000,-141000
08105P,景碩元大9B售01  ,0,0,0,0,0,0,0,0,0,-141000,0,0,0,2000,143000,-141000,-141000
055653,聯詠元富01購02  ,0,0,0,0,0,0,0,0,0,-141000,0,0,0,270000,411000,-141000,-141000
00631L,元大台灣50正2   ,137000,200000,-63000,0,0,0,0,0,0,-78000,116000,0,116000,1655000,1849000,-194000,-141000
062778,國巨元大9B購17  ,0,0,0,0,0,0,0,0,0,-141000,0,0,0,9000,150000,-141000,-141000
2436,偉詮電          ,475000,616000,-141000,0,0,0,0,0,0,0,0,0,0,0,0,0,-141000
056891,國巨元大99購03  ,0,0,0,0,0,0,0,0,0,-142000,0,0,0,1000,143000,-142000,-142000
063064,台表科元富9B購01,0,0,0,0,0,0,0,0,0,-142000,0,0,0,10000,152000,-142000,-142000
068080,台表科凱基02購03,0,0,0,0,0,0,0,0,0,-142000,0,0,0,70000,212000,-142000,-142000
067922,玉晶光中信04購01,0,0,0,0,0,0,0,0,0,-142000,0,0,0,0,142000,-142000,-142000
067813,晶技凱基01購03  ,0,0,0,0,0,0,0,0,0,-142000,0,0,0,176000,318000,-142000,-142000
08106P,聯發科統一9B售09,0,0,0,0,0,0,0,0,0,-143000,0,0,0,0,143000,-143000,-143000
064935,寶成統一02購02  ,0,0,0,0,0,0,0,0,0,-143000,0,0,0,12000,155000,-143000,-143000
064977,玉晶光元大01購03,0,0,0,0,0,0,0,0,0,-143000,0,0,0,196000,339000,-143000,-143000
068461,瑞儀國票03購01  ,0,0,0,0,0,0,0,0,0,-143000,0,0,0,139000,282000,-143000,-143000
067726,帆宣凱基01購01  ,0,0,0,0,0,0,0,0,0,-143000,0,0,0,206000,349000,-143000,-143000
2476,鉅祥            ,18000,161000,-143000,0,0,0,0,0,0,0,0,0,0,0,0,0,-143000
064749,巨大國票01購01  ,0,0,0,0,0,0,0,0,0,-144000,0,0,0,53000,197000,-144000,-144000
057945,京鼎國票99購03  ,0,0,0,0,0,0,0,0,0,-144000,0,0,0,15000,159000,-144000,-144000
067482,高鐵元大01購01  ,0,0,0,0,0,0,0,0,0,-144000,0,0,0,0,144000,-144000,-144000
066923,滬深2X國票02購01,0,0,0,0,0,0,0,0,0,-144000,0,0,0,0,144000,-144000,-144000
066849,神達元大01購01  ,0,0,0,0,0,0,0,0,0,-144000,0,0,0,0,144000,-144000,-144000
07786P,南電中信9C售01  ,0,0,0,0,0,0,0,0,0,-145000,0,0,0,10000,155000,-145000,-145000
00752,中信中國50      ,0,0,0,0,0,0,0,0,0,-145000,0,0,0,250000,395000,-145000,-145000
061448,旺宏中信9A購02  ,0,0,0,0,0,0,0,0,0,-145000,0,0,0,60000,205000,-145000,-145000
065286,瑞昱群益9C購03  ,0,0,0,0,0,0,0,0,0,-145000,0,0,0,0,145000,-145000,-145000
065180,台表科元大9C購10,0,0,0,0,0,0,0,0,0,-145000,0,0,0,55000,200000,-145000,-145000
065763,台表科元大9C購14,0,0,0,0,0,0,0,0,0,-145000,0,0,0,41000,186000,-145000,-145000
068306,建準國票03購01  ,0,0,0,0,0,0,0,0,0,-146000,0,0,0,0,146000,-146000,-146000
065111,瀚宇博國票01購01,0,0,0,0,0,0,0,0,0,-146000,0,0,0,20000,166000,-146000,-146000
03689C,T50反1元大02牛01,0,0,0,0,0,0,0,0,0,-146000,0,0,0,375000,521000,-146000,-146000
059838,茂林國泰9B購01  ,0,0,0,0,0,0,0,0,0,-146000,0,0,0,70000,216000,-146000,-146000
061153,奇力新群益9A購02,0,0,0,0,0,0,0,0,0,-146000,0,0,0,0,146000,-146000,-146000
067542,旭富群益01購03  ,0,0,0,0,0,0,0,0,0,-146000,0,0,0,4000,150000,-146000,-146000
068479,帆宣群益01購02  ,0,0,0,0,0,0,0,0,0,-147000,0,0,0,0,147000,-147000,-147000
055245,凱美統一99購01  ,0,0,0,0,0,0,0,0,0,-147000,0,0,0,0,147000,-147000,-147000
056353,鴻海元大99購02  ,0,0,0,0,0,0,0,0,0,-147000,0,0,0,0,147000,-147000,-147000
063813,瑞昱群益9C購02  ,0,0,0,0,0,0,0,0,0,-147000,0,0,0,20000,167000,-147000,-147000
067240,聯陽群益01購02  ,0,0,0,0,0,0,0,0,0,-147000,0,0,0,0,147000,-147000,-147000
066252,南港元大01購02  ,0,0,0,0,0,0,0,0,0,-147000,0,0,0,93000,240000,-147000,-147000
065996,T50反1第一01購01,0,0,0,0,0,0,0,0,0,-147000,0,0,0,101000,248000,-147000,-147000
6715,嘉基            ,36000,161000,-125000,0,0,0,0,0,0,-22000,1000,5000,-4000,0,18000,-18000,-147000
060212,華航康和9A購01  ,0,0,0,0,0,0,0,0,0,-148000,0,0,0,0,148000,-148000,-148000
063899,同欣電群益9C購01,0,0,0,0,0,0,0,0,0,-148000,0,0,0,0,148000,-148000,-148000
065365,國巨元大9C購19  ,0,0,0,0,0,0,0,0,0,-148000,0,0,0,2000,150000,-148000,-148000
066571,矽格元大01購02  ,0,0,0,0,0,0,0,0,0,-148000,0,0,0,13000,161000,-148000,-148000
067293,智伸科兆豐03購01,0,0,0,0,0,0,0,0,0,-148000,0,0,0,0,148000,-148000,-148000
067585,大毅群益01購02  ,0,0,0,0,0,0,0,0,0,-148000,0,0,0,1000,149000,-148000,-148000
061055,康控群益9A購01  ,0,0,0,0,0,0,0,0,0,-149000,0,0,0,0,149000,-149000,-149000
061628,緯穎群益9A購04  ,0,0,0,0,0,0,0,0,0,-149000,0,0,0,0,149000,-149000,-149000
062545,嘉晶永豐9B購01  ,0,0,0,0,0,0,0,0,0,-149000,0,0,0,49000,198000,-149000,-149000
067389,聯發科元富07購04,0,0,0,0,0,0,0,0,0,-149000,0,0,0,32000,181000,-149000,-149000
067225,巨大元大01購03  ,0,0,0,0,0,0,0,0,0,-149000,0,0,0,9000,158000,-149000,-149000
067648,國巨元富07購09  ,0,0,0,0,0,0,0,0,0,-149000,0,0,0,0,149000,-149000,-149000
066424,晶技元大01購03  ,0,0,0,0,0,0,0,0,0,-149000,0,0,0,166000,315000,-149000,-149000
08078P,聯發科國票9B售04,0,0,0,0,0,0,0,0,0,-150000,0,0,0,0,150000,-150000,-150000
08159P,日月光元富9B售01,0,0,0,0,0,0,0,0,0,-150000,0,0,0,51000,201000,-150000,-150000
065138,上銀凱基02購01  ,0,0,0,0,0,0,0,0,0,-150000,0,0,0,127000,277000,-150000,-150000
064561,友達群益9C購02  ,0,0,0,0,0,0,0,0,0,-150000,0,0,0,20000,170000,-150000,-150000
08842P,京鼎凱基01售03  ,0,0,0,0,0,0,0,0,0,-150000,0,0,0,0,150000,-150000,-150000
058540,嘉聯益國泰9A購02,0,0,0,0,0,0,0,0,0,-150000,0,0,0,0,150000,-150000,-150000
03251P,台灣50台新03售01,0,0,0,0,0,0,0,0,0,-150000,0,0,0,0,150000,-150000,-150000
063648,台表科元大9C購05,0,0,0,0,0,0,0,0,0,-150000,0,0,0,52000,202000,-150000,-150000
061049,奇力新中信9A購02,0,0,0,0,0,0,0,0,0,-150000,0,0,0,0,150000,-150000,-150000
060911,大毅元大9A購01  ,0,0,0,0,0,0,0,0,0,-150000,0,0,0,5000,155000,-150000,-150000
066172,日電貿凱基01購01,0,0,0,0,0,0,0,0,0,-150000,0,0,0,0,150000,-150000,-150000
065866,鴻海群益9C購07  ,0,0,0,0,0,0,0,0,0,-150000,0,0,0,0,150000,-150000,-150000
068202,玉晶光凱基03購02,0,0,0,0,0,0,0,0,0,-150000,0,0,0,0,150000,-150000,-150000
067314,新日興元大01購02,0,0,0,0,0,0,0,0,0,-150000,0,0,0,0,150000,-150000,-150000
8163,達方            ,137000,300000,-163000,0,0,0,0,0,0,13000,2000,5000,-3000,40000,24000,16000,-150000
08739P,台郡凱基01售03  ,0,0,0,0,0,0,0,0,0,-151000,0,0,0,90000,241000,-151000,-151000
08091P,A50正2元富9B售02,0,0,0,0,0,0,0,0,0,-151000,0,0,0,110000,261000,-151000,-151000
03691C,T50反1元大01牛05,0,0,0,0,0,0,0,0,0,-151000,0,0,0,50000,201000,-151000,-151000
03050P,台積電統一01售12,0,0,0,0,0,0,0,0,0,-151000,0,0,0,25000,176000,-151000,-151000
066574,康友元大01購01  ,0,0,0,0,0,0,0,0,0,-151000,0,0,0,59000,210000,-151000,-151000
066883,聯發科永豐01購01,0,0,0,0,0,0,0,0,0,-151000,0,0,0,80000,231000,-151000,-151000
8039,台虹            ,295000,620000,-325000,0,0,0,0,0,0,174000,179000,83000,96000,78000,0,78000,-151000
6449,鈺邦            ,112000,263000,-151000,0,0,0,0,0,0,0,5000,5000,0,0,0,0,-151000
07689P,旺宏元大9A售13  ,0,0,0,0,0,0,0,0,0,-152000,0,0,0,18000,170000,-152000,-152000
06984P,上銀富邦9B售01  ,0,0,0,0,0,0,0,0,0,-152000,0,0,0,191000,343000,-152000,-152000
057141,嘉聯益兆豐99購01,0,0,0,0,0,0,0,0,0,-152000,0,0,0,0,152000,-152000,-152000
061549,泰碩群益9A購01  ,0,0,0,0,0,0,0,0,0,-152000,0,0,0,10000,162000,-152000,-152000
063350,台表科統一02購02,0,0,0,0,0,0,0,0,0,-152000,0,0,0,16000,168000,-152000,-152000
06690P,玉晶光群益9A售05,0,0,0,0,0,0,0,0,0,-152000,0,0,0,25000,177000,-152000,-152000
066773,美律富邦03購01  ,0,0,0,0,0,0,0,0,0,-152000,0,0,0,1184000,1336000,-152000,-152000
066617,鎧勝康和01購01  ,0,0,0,0,0,0,0,0,0,-152000,0,0,0,410000,562000,-152000,-152000
068423,GIS康和01購01   ,0,0,0,0,0,0,0,0,0,-153000,0,0,0,565000,718000,-153000,-153000
065160,聯茂群益9C購02  ,0,0,0,0,0,0,0,0,0,-153000,0,0,0,34000,187000,-153000,-153000
03139P,聯電凱基01售02  ,0,0,0,0,0,0,0,0,0,-153000,0,0,0,20000,173000,-153000,-153000
067939,玉晶光凱基02購06,0,0,0,0,0,0,0,0,0,-153000,0,0,0,39000,192000,-153000,-153000
5288,豐祥-KY         ,21000,39000,-18000,0,0,0,0,128000,-128000,-7000,3000,10000,-7000,0,0,0,-153000
053276,友達元大9C購01  ,0,0,0,0,0,0,0,0,0,-154000,0,0,0,747000,901000,-154000,-154000
068226,聯發科元富04購02,0,0,0,0,0,0,0,0,0,-154000,0,0,0,67000,221000,-154000,-154000
066304,聯華永豐01購01  ,0,0,0,0,0,0,0,0,0,-154000,0,0,0,39000,193000,-154000,-154000
066273,晶技元大01購02  ,0,0,0,0,0,0,0,0,0,-154000,0,0,0,38000,192000,-154000,-154000
065105,巨大元大01購01  ,0,0,0,0,0,0,0,0,0,-155000,0,0,0,0,155000,-155000,-155000
061039,台表科永豐9A購03,0,0,0,0,0,0,0,0,0,-155000,0,0,0,0,155000,-155000,-155000
064801,鴻海元大9C購13  ,0,0,0,0,0,0,0,0,0,-156000,0,0,0,52000,208000,-156000,-156000
066139,拓凱群益01購01  ,0,0,0,0,0,0,0,0,0,-156000,0,0,0,83000,239000,-156000,-156000
066751,矽創元大01購03  ,0,0,0,0,0,0,0,0,0,-156000,0,0,0,459000,615000,-156000,-156000
068112,宏碁元富07購01  ,0,0,0,0,0,0,0,0,0,-156000,0,0,0,27000,183000,-156000,-156000
6491,晶碩            ,73000,76000,-3000,0,0,0,0,150000,-150000,-3000,0,0,0,0,3000,-3000,-156000
064833,新光金統一02購01,0,0,0,0,0,0,0,0,0,-157000,0,0,0,0,157000,-157000,-157000
057840,健策富邦99購01  ,0,0,0,0,0,0,0,0,0,-157000,0,0,0,0,157000,-157000,-157000
057788,嘉聯益國票99購01,0,0,0,0,0,0,0,0,0,-157000,0,0,0,200000,357000,-157000,-157000
059147,矽創國票99購01  ,0,0,0,0,0,0,0,0,0,-157000,0,0,0,1000,158000,-157000,-157000
067772,超眾統一03購02  ,0,0,0,0,0,0,0,0,0,-157000,0,0,0,0,157000,-157000,-157000
6591,動力-KY         ,86000,231000,-145000,0,0,0,0,0,0,-12000,0,12000,-12000,0,0,0,-157000
068309,聯詠國票03購01  ,0,0,0,0,0,0,0,0,0,-158000,0,0,0,0,158000,-158000,-158000
057450,國泰金元富98購01,0,0,0,0,0,0,0,0,0,-158000,0,0,0,0,158000,-158000,-158000
062441,華新科元大9C購01,0,0,0,0,0,0,0,0,0,-158000,0,0,0,1000,159000,-158000,-158000
063650,矽創元大9B購03  ,0,0,0,0,0,0,0,0,0,-158000,0,0,0,163000,321000,-158000,-158000
066676,A50正2兆豐03購01,0,0,0,0,0,0,0,0,0,-158000,0,0,0,247000,405000,-158000,-158000
068455,聯發科國票03購02,50000,0,50000,0,0,0,0,0,0,-209000,0,0,0,0,209000,-209000,-159000
064537,健鼎國票01購02  ,0,0,0,0,0,0,0,0,0,-159000,0,0,0,73000,232000,-159000,-159000
08890P,為升元大01售04  ,0,0,0,0,0,0,0,0,0,-159000,0,0,0,22000,181000,-159000,-159000
063593,GIS永豐9B購01   ,0,0,0,0,0,0,0,0,0,-159000,0,0,0,325000,484000,-159000,-159000
063321,泰鼎群益9B購03  ,0,0,0,0,0,0,0,0,0,-159000,0,0,0,0,159000,-159000,-159000
066161,力山凱基01購01  ,0,0,0,0,0,0,0,0,0,-159000,0,0,0,9000,168000,-159000,-159000
066186,台郡凱基02購01  ,0,0,0,0,0,0,0,0,0,-159000,0,0,0,91000,250000,-159000,-159000
067792,GIS群益02購02   ,0,0,0,0,0,0,0,0,0,-159000,0,0,0,66000,225000,-159000,-159000
068081,GIS凱基01購03   ,0,0,0,0,0,0,0,0,0,-159000,0,0,0,68000,227000,-159000,-159000
067111,聯詠群益01購03  ,0,0,0,0,0,0,0,0,0,-159000,0,0,0,189000,348000,-159000,-159000
6452,康友-KY         ,128000,286000,-158000,0,0,0,0,0,0,-1000,0,1000,-1000,9000,9000,0,-159000
08737P,聯詠凱基01售01  ,0,0,0,0,0,0,0,0,0,-160000,0,0,0,140000,300000,-160000,-160000
064683,台表科兆豐9C購02,0,0,0,0,0,0,0,0,0,-160000,0,0,0,0,160000,-160000,-160000
058735,南茂永豐99購01  ,0,0,0,0,0,0,0,0,0,-160000,0,0,0,20000,180000,-160000,-160000
062349,新日興群益9B購02,0,0,0,0,0,0,0,0,0,-160000,0,0,0,14000,174000,-160000,-160000
063982,TPK兆豐9C購01   ,0,0,0,0,0,0,0,0,0,-160000,0,0,0,0,160000,-160000,-160000
06700P,臺股指統一99售05,0,0,0,0,0,0,0,0,0,-160000,0,0,0,0,160000,-160000,-160000
067624,微星富邦04購01  ,0,0,0,0,0,0,0,0,0,-160000,0,0,0,0,160000,-160000,-160000
067962,鴻海群益02購04  ,0,0,0,0,0,0,0,0,0,-160000,0,0,0,20000,180000,-160000,-160000
8464,億豐            ,409781,629333,-219552,0,0,0,88000,0,88000,-29000,3000,19000,-16000,1000,14000,-13000,-160552
061509,SP黃豆富邦9C購01,0,0,0,0,0,0,0,0,0,-161000,0,0,0,39000,200000,-161000,-161000
060157,致茂永豐9A購02  ,0,0,0,0,0,0,0,0,0,-161000,0,0,0,166000,327000,-161000,-161000
063947,大毅元大9C購02  ,0,0,0,0,0,0,0,0,0,-161000,0,0,0,42000,203000,-161000,-161000
061466,創意群益9A購01  ,0,0,0,0,0,0,0,0,0,-161000,0,0,0,91000,252000,-161000,-161000
067209,瑞昱元大01購04  ,0,0,0,0,0,0,0,0,0,-161000,0,0,0,592000,753000,-161000,-161000
1517,利奇            ,277000,438000,-161000,0,0,0,0,0,0,0,0,0,0,0,0,0,-161000
064733,南六統一9C購03  ,0,0,0,0,0,0,0,0,0,-162000,0,0,0,461000,623000,-162000,-162000
068562,台積電元大03購02,0,0,0,0,0,0,0,0,0,-162000,0,0,0,0,162000,-162000,-162000
0052,富邦科技        ,6000,4000,2000,0,0,0,0,0,0,-164000,0,0,0,118000,282000,-164000,-162000
062343,中石化群益9B購01,0,0,0,0,0,0,0,0,0,-162000,0,0,0,0,162000,-162000,-162000
066433,南六元大02購01  ,0,0,0,0,0,0,0,0,0,-162000,0,0,0,118000,280000,-162000,-162000
068338,GIS元大01購04   ,0,0,0,0,0,0,0,0,0,-163000,0,0,0,188000,351000,-163000,-163000
1314,中石化          ,1109000,1800000,-691000,0,0,0,0,0,0,528000,14000,2000,12000,516000,0,516000,-163000
065525,瑞儀群益01購01  ,0,0,0,0,0,0,0,0,0,-163000,0,0,0,176000,339000,-163000,-163000
065595,鴻海元大9C購15  ,0,0,0,0,0,0,0,0,0,-163000,0,0,0,0,163000,-163000,-163000
065934,智邦群益01購02  ,0,0,0,0,0,0,0,0,0,-163000,0,0,0,6000,169000,-163000,-163000
067957,玉晶光永豐01購09,0,0,0,0,0,0,0,0,0,-163000,0,0,0,2000,165000,-163000,-163000
2511,太子            ,96000,239000,-143000,0,0,0,0,0,0,-20000,0,20000,-20000,0,0,0,-163000
08964P,美律台新01售01  ,0,0,0,0,0,0,0,0,0,-164000,0,0,0,4000,168000,-164000,-164000
08456P,聯發科元大9C售13,0,0,0,0,0,0,0,0,0,-164000,0,0,0,46000,210000,-164000,-164000
067831,聯電統一03購01  ,0,0,0,0,0,0,0,0,0,-164000,0,0,0,405000,569000,-164000,-164000
067864,台光電元大01購05,0,0,0,0,0,0,0,0,0,-164000,0,0,0,18000,182000,-164000,-164000
067759,美食永豐01購01  ,0,0,0,0,0,0,0,0,0,-164000,0,0,0,0,164000,-164000,-164000
065839,鴻海元大9C購17  ,0,0,0,0,0,0,0,0,0,-164000,0,0,0,67000,231000,-164000,-164000
9955,佳龍            ,82000,245000,-163000,0,0,0,0,0,0,-1000,0,1000,-1000,0,0,0,-164000
064350,茂林元大01購01  ,0,0,0,0,0,0,0,0,0,-165000,0,0,0,203000,368000,-165000,-165000
068265,信錦永豐01購01  ,0,0,0,0,0,0,0,0,0,-165000,0,0,0,0,165000,-165000,-165000
063295,京元電麥證9B購01,0,0,0,32000,197000,-165000,0,0,0,-165000,0,0,0,32000,197000,-165000,-165000
066080,台光電國泰03購01,0,0,0,0,0,0,0,0,0,-165000,0,0,0,114000,279000,-165000,-165000
068060,聯發科中信04購01,0,0,0,0,0,0,0,0,0,-165000,0,0,0,178000,343000,-165000,-165000
6416,瑞祺電通        ,73000,168000,-95000,0,0,0,90000,20000,70000,-140000,5000,153000,-148000,20000,12000,8000,-165000
6531,愛普            ,567000,732000,-165000,0,0,0,0,0,0,0,0,0,0,0,0,0,-165000
2501,國建            ,129000,293000,-164000,0,0,0,0,0,0,-1000,0,1000,-1000,0,0,0,-165000
064210,台光電凱基03購01,0,0,0,0,0,0,0,0,0,-166000,0,0,0,40000,206000,-166000,-166000
1444,力麗            ,234000,379000,-145000,0,0,0,0,0,0,-21000,0,21000,-21000,0,0,0,-166000
059115,美食永豐99購01  ,0,0,0,0,0,0,0,0,0,-166000,0,0,0,0,166000,-166000,-166000
063320,旭富群益9B購03  ,0,0,0,0,0,0,0,0,0,-166000,0,0,0,0,166000,-166000,-166000
060722,矽格永豐9A購01  ,0,0,0,0,0,0,0,0,0,-166000,0,0,0,0,166000,-166000,-166000
063077,巨大永豐9B購03  ,0,0,0,0,0,0,0,0,0,-166000,0,0,0,67000,233000,-166000,-166000
067790,台表科群益01購03,0,0,0,0,0,0,0,0,0,-166000,0,0,0,139000,305000,-166000,-166000
1474,弘裕            ,219000,386000,-167000,0,0,0,0,0,0,1000,1000,0,1000,0,0,0,-166000
1201,味全            ,44000,211000,-167000,0,0,0,0,0,0,0,0,0,0,0,0,0,-167000
064523,聯茂群益9C購01  ,0,0,0,0,0,0,0,0,0,-167000,0,0,0,14000,181000,-167000,-167000
062208,旭富國票9C購01  ,0,0,0,0,0,0,0,0,0,-167000,0,0,0,0,167000,-167000,-167000
067239,聯陽群益01購01  ,0,0,0,0,0,0,0,0,0,-167000,0,0,0,70000,237000,-167000,-167000
065754,健鼎元大9C購06  ,0,0,0,0,0,0,0,0,0,-167000,0,0,0,560000,727000,-167000,-167000
068475,晶技群益01購04  ,0,0,0,0,0,0,0,0,0,-168000,0,0,0,33000,201000,-168000,-168000
061768,晶技元大9B購02  ,0,0,0,0,0,0,0,0,0,-168000,0,0,0,31000,199000,-168000,-168000
066498,康控國泰02購01  ,0,0,0,0,0,0,0,0,0,-168000,0,0,0,102000,270000,-168000,-168000
066763,創意永豐01購02  ,0,0,0,0,0,0,0,0,0,-168000,0,0,0,40000,208000,-168000,-168000
067507,南亞科統一01購04,0,0,0,0,0,0,0,0,0,-168000,0,0,0,0,168000,-168000,-168000
064283,奇鋐元大9C購02  ,0,0,0,0,0,0,0,0,0,-169000,0,0,0,3000,172000,-169000,-169000
063918,復盛凱基9C購01  ,0,0,0,0,0,0,0,0,0,-169000,0,0,0,56000,225000,-169000,-169000
067065,為升元大01購03  ,0,0,0,0,0,0,0,0,0,-169000,0,0,0,33000,202000,-169000,-169000
2451,創見            ,157000,155000,2000,0,0,0,1000,0,1000,-172000,0,5000,-5000,0,167000,-167000,-169000
057004,滬深反中信9A購01,0,0,0,0,0,0,0,0,0,-170000,0,0,0,30000,200000,-170000,-170000
056767,大毅元大99購01  ,0,0,0,0,0,0,0,0,0,-170000,0,0,0,10000,180000,-170000,-170000
063538,神達統一9C購01  ,0,0,0,0,0,0,0,0,0,-170000,0,0,0,230000,400000,-170000,-170000
062649,緯穎富邦9B購03  ,0,0,0,0,0,0,0,0,0,-170000,0,0,0,0,170000,-170000,-170000
061223,T50反1中信01購01,0,0,0,0,0,0,0,0,0,-170000,0,0,0,39000,209000,-170000,-170000
066662,建準凱基02購01  ,0,0,0,0,0,0,0,0,0,-170000,0,0,0,20000,190000,-170000,-170000
066492,台郡元富01購01  ,0,0,0,0,0,0,0,0,0,-170000,0,0,0,10000,180000,-170000,-170000
2107,厚生            ,7000,197000,-190000,0,0,0,0,0,0,20000,20000,0,20000,0,0,0,-170000
6698,旭暉應材        ,33000,82000,-49000,0,0,0,0,116000,-116000,-5000,0,5000,-5000,0,0,0,-170000
056517,茂林兆豐99購01  ,0,0,0,0,0,0,0,0,0,-171000,0,0,0,0,171000,-171000,-171000
067312,欣興元大02購01  ,0,0,0,0,0,0,0,0,0,-171000,0,0,0,332000,503000,-171000,-171000
064148,瑞昱統一02購01  ,0,0,0,0,0,0,0,0,0,-172000,0,0,0,100000,272000,-172000,-172000
067891,玉晶光群益02購05,0,0,0,0,0,0,0,0,0,-172000,0,0,0,75000,247000,-172000,-172000
2867,三商壽          ,776000,906000,-130000,0,0,0,0,0,0,-42000,0,42000,-42000,0,0,0,-172000
062350,台表科群益9B購01,0,0,0,0,0,0,0,0,0,-173000,0,0,0,0,173000,-173000,-173000
063073,瑞昱永豐9B購01  ,0,0,0,0,0,0,0,0,0,-174000,0,0,0,61000,235000,-174000,-174000
062037,華新凱基9B購01  ,0,0,0,0,0,0,0,0,0,-174000,0,0,0,10000,184000,-174000,-174000
067619,臺股指凱基04購02,0,0,0,0,0,0,0,0,0,-174000,0,0,0,265000,439000,-174000,-174000
06846P,美律元大98售05  ,0,0,0,0,0,0,0,0,0,-175000,0,0,0,0,175000,-175000,-175000
058720,旭富元富99購01  ,0,0,0,0,0,0,0,0,0,-175000,0,0,0,0,175000,-175000,-175000
063657,茂林元富9B購04  ,0,0,0,0,0,0,0,0,0,-175000,0,0,0,121000,296000,-175000,-175000
068674,聯發科統一03購12,0,0,0,0,0,0,0,0,0,-176000,0,0,0,0,176000,-176000,-176000
064895,奇力新群益9C購02,0,0,0,0,0,0,0,0,0,-176000,0,0,0,2000,178000,-176000,-176000
060204,矽創元富9A購01  ,0,0,0,0,0,0,0,0,0,-176000,0,0,0,56000,232000,-176000,-176000
065198,玉晶光元富06購01,0,0,0,0,0,0,0,0,0,-176000,0,0,0,93000,269000,-176000,-176000
066374,臺股指中信04購01,0,0,0,0,0,0,0,0,0,-176000,0,0,0,104000,280000,-176000,-176000
066156,建準康和01購01  ,0,0,0,0,0,0,0,0,0,-176000,0,0,0,26000,202000,-176000,-176000
064699,臻鼎群益9C購01  ,0,0,0,0,0,0,0,0,0,-177000,0,0,0,30000,207000,-177000,-177000
08986P,聯發科元富07售06,0,0,0,0,0,0,0,0,0,-177000,0,0,0,12000,189000,-177000,-177000
065312,日月光國票01購01,0,0,0,0,0,0,0,0,0,-177000,0,0,0,81000,258000,-177000,-177000
062409,巨大永豐9B購02  ,0,0,0,0,0,0,0,0,0,-177000,0,0,0,0,177000,-177000,-177000
067498,臻鼎元大01購03  ,0,0,0,0,0,0,0,0,0,-177000,0,0,0,178000,355000,-177000,-177000
2228,劍麟            ,41000,141000,-100000,0,0,0,0,113000,-113000,36000,30000,0,30000,6000,0,6000,-177000
2399,映泰            ,47000,228000,-181000,0,0,0,0,0,0,4000,4000,0,4000,0,0,0,-177000
08084P,台表科元大9B售06,0,0,0,0,0,0,0,0,0,-178000,0,0,0,22000,200000,-178000,-178000
058732,矽格永豐99購01  ,0,0,0,0,0,0,0,0,0,-178000,0,0,0,42000,220000,-178000,-178000
054778,世紀鋼國票99購01,0,0,0,0,0,0,0,0,0,-178000,0,0,0,85000,263000,-178000,-178000
03034P,欣興國票03售01  ,0,0,0,0,0,0,0,0,0,-178000,0,0,0,60000,238000,-178000,-178000
065843,瑞昱元大9C購03  ,0,0,0,0,0,0,0,0,0,-178000,0,0,0,379000,557000,-178000,-178000
062665,智易群益9B購01  ,0,0,0,0,0,0,0,0,0,-179000,0,0,0,58000,237000,-179000,-179000
061164,燿華兆豐9B購01  ,0,0,0,0,0,0,0,0,0,-179000,0,0,0,56000,235000,-179000,-179000
067503,聚陽統一03購01  ,0,0,0,0,0,0,0,0,0,-179000,0,0,0,176000,355000,-179000,-179000
07082P,美律元大99售06  ,0,0,0,0,0,0,0,0,0,-180000,0,0,0,0,180000,-180000,-180000
07145P,為升元大99售03  ,0,0,0,0,0,0,0,0,0,-180000,0,0,0,21000,201000,-180000,-180000
068536,聯發科中信04購02,0,0,0,0,0,0,0,0,0,-180000,0,0,0,122000,302000,-180000,-180000
056325,群創兆豐9A購01  ,0,0,0,0,0,0,0,0,0,-180000,0,0,0,0,180000,-180000,-180000
062819,奇鋐兆豐9B購01  ,0,0,0,0,0,0,0,0,0,-180000,0,0,0,20000,200000,-180000,-180000
060229,楠梓電元大9C購01,0,0,0,0,0,0,0,0,0,-180000,0,0,0,132000,312000,-180000,-180000
061374,力山永豐9A購04  ,0,0,0,0,0,0,0,0,0,-180000,0,0,0,80000,260000,-180000,-180000
063658,瑞祺元富9B購01  ,0,0,0,0,0,0,0,0,0,-180000,0,0,0,38000,218000,-180000,-180000
065899,神基麥證9C購02  ,0,0,0,170000,350000,-180000,0,0,0,-180000,0,0,0,170000,350000,-180000,-180000
068359,GIS凱基01購05   ,0,0,0,0,0,0,0,0,0,-181000,0,0,0,17000,198000,-181000,-181000
061050,康友中信9A購01  ,0,0,0,0,0,0,0,0,0,-181000,0,0,0,0,181000,-181000,-181000
067938,玉晶光凱基02購05,0,0,0,0,0,0,0,0,0,-181000,0,0,0,123000,304000,-181000,-181000
3018,同開            ,26000,207000,-181000,0,0,0,0,0,0,0,0,0,0,0,0,0,-181000
8150,南茂            ,1342000,986833,355167,0,0,0,0,0,0,-537000,0,6000,-6000,108000,639000,-531000,-181833
068273,嘉晶永豐01購01  ,0,0,0,0,0,0,0,0,0,-182000,0,0,0,1000,183000,-182000,-182000
068315,台灣50元大01購33,0,0,0,0,0,0,0,0,0,-182000,0,0,0,383000,565000,-182000,-182000
060290,興富發元大9C購01,0,0,0,0,0,0,0,0,0,-182000,0,0,0,181000,363000,-182000,-182000
056138,群創元大9B購01  ,0,0,0,0,0,0,0,0,0,-182000,0,0,0,128000,310000,-182000,-182000
053394,鴻海中信9A購01  ,0,0,0,0,0,0,0,0,0,-182000,0,0,0,0,182000,-182000,-182000
061294,奇力新麥證9A購01,0,0,0,0,182000,-182000,0,0,0,-182000,0,0,0,0,182000,-182000,-182000
067628,力山永豐01購01  ,0,0,0,0,0,0,0,0,0,-182000,0,0,0,50000,232000,-182000,-182000
064524,GIS群益02購01   ,0,0,0,0,0,0,0,0,0,-183000,0,0,0,182000,365000,-183000,-183000
056738,國巨凱基9A購02  ,0,0,0,0,0,0,0,0,0,-183000,0,0,0,0,183000,-183000,-183000
058247,聯茂元大99購04  ,0,0,0,0,0,0,0,0,0,-183000,0,0,0,215000,398000,-183000,-183000
063359,泰鼎國泰01購01  ,0,0,0,0,0,0,0,0,0,-183000,0,0,0,121000,304000,-183000,-183000
068006,玉晶光元大03購03,0,0,0,0,0,0,0,0,0,-183000,0,0,0,0,183000,-183000,-183000
066774,聯詠富邦03購01  ,0,0,0,0,0,0,0,0,0,-183000,0,0,0,1215000,1398000,-183000,-183000
068395,GIS統一03購03   ,0,0,0,0,0,0,0,0,0,-184000,0,0,0,1000,185000,-184000,-184000
062939,奇力新凱基9B購02,0,0,0,0,0,0,0,0,0,-184000,0,0,0,1000,185000,-184000,-184000
055713,國巨元大98購09  ,0,0,0,0,0,0,0,0,0,-184000,0,0,0,1000,185000,-184000,-184000
065939,創意群益01購01  ,0,0,0,0,0,0,0,0,0,-184000,0,0,0,0,184000,-184000,-184000
3019,亞光            ,182000,359000,-177000,0,0,0,0,0,0,-7000,76000,52000,24000,4000,35000,-31000,-184000
3669,圓展            ,576000,761000,-185000,0,0,0,0,0,0,1000,5000,4000,1000,0,0,0,-184000
2906,高林            ,50000,234000,-184000,0,0,0,0,0,0,0,0,0,0,0,0,0,-184000
061479,泰碩元大9A購02  ,0,0,0,0,0,0,0,0,0,-185000,0,0,0,0,185000,-185000,-185000
063366,台表科富邦9C購02,0,0,0,0,0,0,0,0,0,-185000,0,0,0,0,185000,-185000,-185000
068386,台達電統一03購02,0,0,0,0,0,0,0,0,0,-186000,0,0,0,222000,408000,-186000,-186000
064959,巨大凱基9C購02  ,0,0,0,0,0,0,0,0,0,-186000,0,0,0,22000,208000,-186000,-186000
059024,大立光統一9B購04,0,0,0,0,0,0,0,0,0,-186000,0,0,0,30000,216000,-186000,-186000
059995,南亞科元富99購01,0,0,0,0,0,0,0,0,0,-186000,0,0,0,15000,201000,-186000,-186000
2911,麗嬰房          ,12000,198000,-186000,0,0,0,0,0,0,0,0,0,0,0,0,0,-186000
064906,台表科群益9C購02,0,0,0,0,0,0,0,0,0,-187000,0,0,0,3000,190000,-187000,-187000
07923P,元金2X凱基02售02,0,0,0,0,0,0,0,0,0,-187000,0,0,0,23000,210000,-187000,-187000
07754P,日月光元大9A售02,0,0,0,0,0,0,0,0,0,-187000,0,0,0,5000,192000,-187000,-187000
08399P,技嘉元富9C售02  ,0,0,0,0,0,0,0,0,0,-187000,0,0,0,28000,215000,-187000,-187000
03013P,華新科永豐01售01,0,0,0,0,0,0,0,0,0,-187000,0,0,0,0,187000,-187000,-187000
061754,晶技麥證9B購01  ,0,0,0,6000,213000,-207000,0,0,0,-187000,0,0,0,26000,213000,-187000,-187000
061926,晶技凱基9B購02  ,0,0,0,0,0,0,0,0,0,-187000,0,0,0,37000,224000,-187000,-187000
067499,帆宣元大01購04  ,0,0,0,0,0,0,0,0,0,-187000,0,0,0,64000,251000,-187000,-187000
067034,台郡康和01購01  ,0,0,0,0,0,0,0,0,0,-187000,0,0,0,92000,279000,-187000,-187000
067228,華新群益01購01  ,0,0,0,0,0,0,0,0,0,-187000,0,0,0,169000,356000,-187000,-187000
06956P,國巨日盛99售04  ,0,0,0,0,0,0,0,0,0,-188000,0,0,0,0,188000,-188000,-188000
064701,巨大群益9C購02  ,0,0,0,0,0,0,0,0,0,-189000,0,0,0,64000,253000,-189000,-189000
062826,奇力新群益9C購01,0,0,0,0,0,0,0,0,0,-189000,0,0,0,0,189000,-189000,-189000
065399,新日興群益01購01,0,0,0,0,0,0,0,0,0,-189000,0,0,0,16000,205000,-189000,-189000
060583,南亞科元富9A購05,0,0,0,0,0,0,0,0,0,-189000,0,0,0,0,189000,-189000,-189000
066235,大毅富邦04購01  ,0,0,0,0,0,0,0,0,0,-189000,0,0,0,0,189000,-189000,-189000
068629,聯電康和02購01  ,0,0,0,0,0,0,0,0,0,-190000,0,0,0,0,190000,-190000,-190000
068478,瑞儀群益01購02  ,0,0,0,0,0,0,0,0,0,-190000,0,0,0,132000,322000,-190000,-190000
00851,台新全球AI      ,0,0,0,0,0,0,0,0,0,-190000,0,0,0,83000,273000,-190000,-190000
059823,奇力新凱基99購07,0,0,0,0,0,0,0,0,0,-190000,0,0,0,10000,200000,-190000,-190000
066194,美利達凱基01購01,0,0,0,0,0,0,0,0,0,-190000,0,0,0,34000,224000,-190000,-190000
066347,鎧勝永豐01購01  ,0,0,0,0,0,0,0,0,0,-190000,0,0,0,307000,497000,-190000,-190000
066539,晶技兆豐01購02  ,0,0,0,0,0,0,0,0,0,-190000,0,0,0,290000,480000,-190000,-190000
066576,矽創元大01購02  ,0,0,0,0,0,0,0,0,0,-190000,0,0,0,487000,677000,-190000,-190000
067195,台虹凱基02購01  ,0,0,0,0,0,0,0,0,0,-190000,0,0,0,0,190000,-190000,-190000
067534,億光群益01購01  ,0,0,0,0,0,0,0,0,0,-190000,0,0,0,19000,209000,-190000,-190000
062272,鴻海群益9B購05  ,0,0,0,0,0,0,0,0,0,-191000,0,0,0,52000,243000,-191000,-191000
063818,矽創群益9C購01  ,0,0,0,0,0,0,0,0,0,-191000,0,0,0,55000,246000,-191000,-191000
067897,玉晶光群益02購11,0,0,0,0,0,0,0,0,0,-192000,0,0,0,59000,251000,-192000,-192000
062645,國巨國泰9B購08  ,0,0,0,0,0,0,0,0,0,-193000,0,0,0,5000,198000,-193000,-193000
08299P,玉晶光國票02售01,0,0,0,0,0,0,0,0,0,-194000,0,0,0,22000,216000,-194000,-194000
061816,長榮航群益9B購02,0,0,0,0,0,0,0,0,0,-194000,0,0,0,104000,298000,-194000,-194000
067439,巨大凱基02購02  ,0,0,0,0,0,0,0,0,0,-194000,0,0,0,0,194000,-194000,-194000
067125,健策富邦03購01  ,0,0,0,0,0,0,0,0,0,-194000,0,0,0,50000,244000,-194000,-194000
064311,新光金群益01購02,0,0,0,0,0,0,0,0,0,-195000,0,0,0,0,195000,-195000,-195000
060361,南亞科元富9A購03,0,0,0,0,0,0,0,0,0,-195000,0,0,0,21000,216000,-195000,-195000
055652,聯詠元富01購01  ,0,0,0,0,0,0,0,0,0,-195000,0,0,0,325000,520000,-195000,-195000
062651,世紀鋼富邦9C購01,0,0,0,0,0,0,0,0,0,-195000,0,0,0,20000,215000,-195000,-195000
063484,達方元大9B購01  ,0,0,0,0,0,0,0,0,0,-195000,0,0,0,96000,291000,-195000,-195000
067496,拓凱元大01購02  ,0,0,0,0,0,0,0,0,0,-195000,0,0,0,214000,409000,-195000,-195000
066941,滬深2X元大03購01,0,0,0,0,0,0,0,0,0,-195000,0,0,0,147000,342000,-195000,-195000
065636,台表科國票01購03,0,0,0,0,0,0,0,0,0,-195000,0,0,0,170000,365000,-195000,-195000
2103,台橡            ,627000,814000,-187000,0,0,0,0,0,0,-8000,0,44000,-44000,63000,27000,36000,-195000
068505,GIS元大01購06   ,0,0,0,0,0,0,0,0,0,-196000,0,0,0,186000,382000,-196000,-196000
062220,台光電統一01購01,0,0,0,0,0,0,0,0,0,-196000,0,0,0,137000,333000,-196000,-196000
062540,茂林國泰9C購01  ,0,0,0,0,0,0,0,0,0,-196000,0,0,0,50000,246000,-196000,-196000
065703,大毅群益9C購01  ,0,0,0,0,0,0,0,0,0,-196000,0,0,0,44000,240000,-196000,-196000
067908,玉晶光國泰03購01,0,0,0,0,0,0,0,0,0,-196000,0,0,0,175000,371000,-196000,-196000
3003,健和興          ,29000,222000,-193000,0,0,0,0,0,0,-3000,0,3000,-3000,0,0,0,-196000
5522,遠雄            ,292000,488000,-196000,0,0,0,0,0,0,0,2000,2000,0,0,0,0,-196000
1227,佳格            ,663601,858000,-194399,0,0,0,0,0,0,-2000,8000,10000,-2000,0,0,0,-196399
08131P,立積元大9B售02  ,0,0,0,0,0,0,0,0,0,-197000,0,0,0,0,197000,-197000,-197000
061033,台光電永豐9A購01,0,0,0,0,0,0,0,0,0,-197000,0,0,0,138000,335000,-197000,-197000
067736,國巨元大02購04  ,0,0,0,0,0,0,0,0,0,-197000,0,0,0,20000,217000,-197000,-197000
067359,牧德群益01購02  ,0,0,0,0,0,0,0,0,0,-197000,0,0,0,3000,200000,-197000,-197000
067244,康控群益01購02  ,0,0,0,0,0,0,0,0,0,-197000,0,0,0,68000,265000,-197000,-197000
066792,T50反1凱基01購03,0,0,0,0,0,0,0,0,0,-197000,0,0,0,81000,278000,-197000,-197000
066334,京城銀永豐01購01,0,0,0,0,0,0,0,0,0,-197000,0,0,0,6000,203000,-197000,-197000
2536,宏普            ,17000,177000,-160000,0,0,0,0,50000,-50000,13000,13000,0,13000,0,0,0,-197000
068312,鎧勝國票03購01  ,0,0,0,0,0,0,0,0,0,-198000,0,0,0,12000,210000,-198000,-198000
062917,旭富元大9C購03  ,0,0,0,0,0,0,0,0,0,-198000,0,0,0,25000,223000,-198000,-198000
067434,日月光凱基01購01,0,0,0,0,0,0,0,0,0,-198000,0,0,0,106000,304000,-198000,-198000
064028,大毅元大01購01  ,0,0,0,0,0,0,0,0,0,-199000,0,0,0,0,199000,-199000,-199000
05887P,友達元富99售03  ,0,0,0,0,0,0,0,0,0,-199000,0,0,0,6000,205000,-199000,-199000
057943,可成國票99購03  ,0,0,0,0,0,0,0,0,0,-199000,0,0,0,0,199000,-199000,-199000
057700,新日興群益9A購01,0,0,0,0,0,0,0,0,0,-199000,0,0,0,4000,203000,-199000,-199000
061384,T50反1群益9A購04,0,0,0,0,0,0,0,0,0,-199000,0,0,0,0,199000,-199000,-199000
065387,台光電兆豐9C購02,0,0,0,0,0,0,0,0,0,-199000,0,0,0,224000,423000,-199000,-199000
065352,GIS統一01購04   ,0,0,0,0,0,0,0,0,0,-199000,0,0,0,356000,555000,-199000,-199000
063475,同欣電元大9C購01,0,0,0,0,0,0,0,0,0,-199000,0,0,0,2000,201000,-199000,-199000
067055,上証2X元大01購03,0,0,0,0,0,0,0,0,0,-199000,0,0,0,0,199000,-199000,-199000
068192,台積電凱基03購04,0,0,0,0,0,0,0,0,0,-199000,0,0,0,127000,326000,-199000,-199000
064337,大毅元大01購02  ,0,0,0,0,0,0,0,0,0,-200000,0,0,0,0,200000,-200000,-200000
064153,中壽統一9C購01  ,0,0,0,0,0,0,0,0,0,-200000,0,0,0,0,200000,-200000,-200000
065164,和大元大01購01  ,0,0,0,0,0,0,0,0,0,-200000,0,0,0,0,200000,-200000,-200000
08805P,台積電元富07售04,0,0,0,0,0,0,0,0,0,-200000,0,0,0,130000,330000,-200000,-200000
068299,華新國票03購01  ,0,0,0,0,0,0,0,0,0,-200000,0,0,0,80000,280000,-200000,-200000
07404P,華新科凱基99售10,0,0,0,0,0,0,0,0,0,-200000,0,0,0,0,200000,-200000,-200000
08059P,京鼎元大9B售02  ,0,0,0,0,0,0,0,0,0,-200000,0,0,0,0,200000,-200000,-200000
08057P,京鼎群益9B售01  ,0,0,0,0,0,0,0,0,0,-200000,0,0,0,0,200000,-200000,-200000
07989P,玉晶光凱基9B售07,0,0,0,0,0,0,0,0,0,-200000,0,0,0,0,200000,-200000,-200000
064780,義隆群益9C購04  ,0,0,0,0,0,0,0,0,0,-200000,0,0,0,113000,313000,-200000,-200000
064984,同欣電元大9C購06,0,0,0,0,0,0,0,0,0,-200000,0,0,0,0,200000,-200000,-200000
062888,漢唐群益9B購01  ,0,0,0,0,0,0,0,0,0,-200000,0,0,0,0,200000,-200000,-200000
03199P,台積電統一01售16,0,0,0,0,0,0,0,0,0,-200000,0,0,0,0,200000,-200000,-200000
057166,國巨元大99購06  ,0,0,0,0,0,0,0,0,0,-200000,0,0,0,0,200000,-200000,-200000
062428,超眾統一9B購01  ,0,0,0,0,0,0,0,0,0,-200000,0,0,0,20000,220000,-200000,-200000
062715,T50反1凱基03購01,0,0,0,0,0,0,0,0,0,-200000,0,0,0,0,200000,-200000,-200000
061837,華新科凱基05購02,0,0,0,0,0,0,0,0,0,-200000,0,0,0,0,200000,-200000,-200000
065360,和大元大01購03  ,0,0,0,0,0,0,0,0,0,-200000,0,0,0,0,200000,-200000,-200000
065225,神隆凱基01購01  ,0,0,0,0,0,0,0,0,0,-200000,0,0,0,0,200000,-200000,-200000
060970,T50反1元大9A購08,0,0,0,0,0,0,0,0,0,-200000,0,0,0,0,200000,-200000,-200000
068203,玉晶光凱基03購03,0,0,0,0,0,0,0,0,0,-200000,0,0,0,0,200000,-200000,-200000
068212,GIS凱基02購04   ,0,0,0,0,0,0,0,0,0,-200000,0,0,0,10000,210000,-200000,-200000
068245,國巨元大01購16  ,0,0,0,0,0,0,0,0,0,-200000,0,0,0,0,200000,-200000,-200000
068053,玉晶光統一03購03,0,0,0,0,0,0,0,0,0,-200000,0,0,0,0,200000,-200000,-200000
067659,滬深2X元大03購05,0,0,0,0,0,0,0,0,0,-200000,0,0,0,0,200000,-200000,-200000
08839P,臺股指麥證01售06,0,0,0,0,201000,-201000,0,0,0,-201000,0,0,0,0,201000,-201000,-201000
064487,和大元大9C購01  ,0,0,0,0,0,0,0,0,0,-201000,0,0,0,0,201000,-201000,-201000
067773,台郡統一02購04  ,0,0,0,0,0,0,0,0,0,-201000,0,0,0,1000,202000,-201000,-201000
067999,大毅元大01購03  ,0,0,0,0,0,0,0,0,0,-201000,0,0,0,50000,251000,-201000,-201000
067092,美利達元大01購03,0,0,0,0,0,0,0,0,0,-201000,0,0,0,171000,372000,-201000,-201000
08868P,欣興凱基02售03  ,0,0,0,0,0,0,0,0,0,-202000,0,0,0,18000,220000,-202000,-202000
056913,臺股指元大99購05,0,0,0,0,0,0,0,0,0,-202000,0,0,0,0,202000,-202000,-202000
067691,台虹元大01購03  ,0,0,0,0,0,0,0,0,0,-202000,0,0,0,6000,208000,-202000,-202000
066557,京鼎元大01購01  ,0,0,0,0,0,0,0,0,0,-202000,0,0,0,54000,256000,-202000,-202000
064736,超眾元富9C購04  ,0,0,0,0,0,0,0,0,0,-203000,0,0,0,10000,213000,-203000,-203000
061544,大毅群益9B購02  ,0,0,0,0,0,0,0,0,0,-203000,0,0,0,0,203000,-203000,-203000
061376,瑞昱永豐9A購02  ,0,0,0,0,0,0,0,0,0,-203000,0,0,0,56000,259000,-203000,-203000
2342,茂矽            ,718000,916000,-198000,0,0,0,0,0,0,-5000,0,5000,-5000,0,0,0,-203000
057016,中石化凱基9B購01,0,0,0,0,0,0,0,0,0,-204000,0,0,0,110000,314000,-204000,-204000
066429,矽格元大01購01  ,0,0,0,0,0,0,0,0,0,-204000,0,0,0,23000,227000,-204000,-204000
066852,矽格元大01購03  ,0,0,0,0,0,0,0,0,0,-204000,0,0,0,6000,210000,-204000,-204000
068628,台表科群益02購01,0,0,0,0,0,0,0,0,0,-205000,0,0,0,0,205000,-205000,-205000
064256,玉晶光國泰02購02,0,0,0,0,0,0,0,0,0,-205000,0,0,0,350000,555000,-205000,-205000
066899,義隆康和01購01  ,0,0,0,0,0,0,0,0,0,-205000,0,0,0,615000,820000,-205000,-205000
066305,華夏永豐01購01  ,0,0,0,0,0,0,0,0,0,-205000,0,0,0,20000,225000,-205000,-205000
066062,同欣電元大01購02,0,0,0,0,0,0,0,0,0,-205000,0,0,0,19000,224000,-205000,-205000
067115,京鼎群益02購05  ,0,0,0,0,0,0,0,0,0,-205000,0,0,0,2000,207000,-205000,-205000
064980,牧德元大01購01  ,0,0,0,0,0,0,0,0,0,-206000,0,0,0,0,206000,-206000,-206000
064416,南亞科中信01購01,0,0,0,0,0,0,0,0,0,-207000,0,0,0,0,207000,-207000,-207000
064605,GIS元富9C購01   ,0,0,0,0,0,0,0,0,0,-207000,0,0,0,40000,247000,-207000,-207000
1218,泰山            ,50000,220000,-170000,0,0,0,0,0,0,-37000,10000,0,10000,3000,50000,-47000,-207000
058650,台虹永豐9A購01  ,0,0,0,0,0,0,0,0,0,-207000,0,0,0,65000,272000,-207000,-207000
063153,南六元富9B購01  ,0,0,0,0,0,0,0,0,0,-207000,0,0,0,66000,273000,-207000,-207000
061577,泰碩元大9A購03  ,0,0,0,0,0,0,0,0,0,-207000,0,0,0,0,207000,-207000,-207000
066996,拓凱國泰03購02  ,0,0,0,0,0,0,0,0,0,-207000,0,0,0,0,207000,-207000,-207000
067388,聯發科元富07購03,0,0,0,0,0,0,0,0,0,-207000,0,0,0,90000,297000,-207000,-207000
065177,旭富元大9C購05  ,0,0,0,0,0,0,0,0,0,-209000,0,0,0,49000,258000,-209000,-209000
067817,玉晶光凱基02購01,0,0,0,0,0,0,0,0,0,-209000,0,0,0,83000,292000,-209000,-209000
065966,國巨元大01購06  ,0,0,0,0,0,0,0,0,0,-209000,0,0,0,0,209000,-209000,-209000
065968,國巨元大02購01  ,0,0,0,0,0,0,0,0,0,-209000,0,0,0,1000,210000,-209000,-209000
2362,藍天            ,119000,325000,-206000,0,0,0,0,0,0,-3000,0,14000,-14000,11000,0,11000,-209000
4968,立積            ,951000,1389000,-438000,0,0,0,144000,0,144000,85000,189000,94000,95000,94000,104000,-10000,-209000
08824P,微星元大01售03  ,0,0,0,0,0,0,0,0,0,-210000,0,0,0,80000,290000,-210000,-210000
064738,裕隆國票01購01  ,0,0,0,0,0,0,0,0,0,-210000,0,0,0,100000,310000,-210000,-210000
066236,潤泰全富邦01購01,0,0,0,0,0,0,0,0,0,-210000,0,0,0,100000,310000,-210000,-210000
067476,台光電元大01購04,0,0,0,0,0,0,0,0,0,-210000,0,0,0,286000,496000,-210000,-210000
057733,嘉聯益國泰99購01,0,0,0,0,0,0,0,0,0,-211000,0,0,0,85000,296000,-211000,-211000
062851,建準永豐9B購02  ,0,0,0,0,0,0,0,0,0,-211000,0,0,0,17000,228000,-211000,-211000
068146,台積電元大01購36,0,0,0,0,0,0,0,0,0,-211000,0,0,0,12000,223000,-211000,-211000
066346,眾達永豐01購01  ,0,0,0,0,0,0,0,0,0,-212000,0,0,0,0,212000,-212000,-212000
059509,奇力新永豐99購02,0,0,0,0,0,0,0,0,0,-213000,0,0,0,39000,252000,-213000,-213000
066801,奇鋐凱基01購02  ,0,0,0,0,0,0,0,0,0,-213000,0,0,0,40000,253000,-213000,-213000
3041,揚智            ,322000,530634,-208634,0,0,0,0,0,0,-5000,0,5000,-5000,0,0,0,-213634
1313,聯成            ,272000,482000,-210000,0,0,0,0,0,0,-4000,0,4000,-4000,0,0,0,-214000
065133,SP黃豆凱基02購01,0,0,0,0,0,0,0,0,0,-214000,0,0,0,77000,291000,-214000,-214000
065295,旭富群益9C購02  ,0,0,0,0,0,0,0,0,0,-214000,0,0,0,0,214000,-214000,-214000
063983,麗豐兆豐9C購01  ,0,0,0,0,0,0,0,0,0,-214000,0,0,0,0,214000,-214000,-214000
064192,巨大中信9C購01  ,0,0,0,0,0,0,0,0,0,-215000,0,0,0,85000,300000,-215000,-215000
058410,國巨兆豐99購03  ,0,0,0,0,0,0,0,0,0,-215000,0,0,0,15000,230000,-215000,-215000
065315,玉晶光中信03購02,0,0,0,0,0,0,0,0,0,-215000,0,0,0,700000,915000,-215000,-215000
1308,亞聚            ,83000,316000,-233000,0,0,0,0,0,0,17000,0,0,0,17000,0,17000,-216000
068337,同欣電元大01購05,0,0,0,0,0,0,0,0,0,-216000,0,0,0,0,216000,-216000,-216000
063876,華新元富9C購01  ,0,0,0,0,0,0,0,0,0,-216000,0,0,0,138000,354000,-216000,-216000
066758,智邦永豐01購01  ,0,0,0,0,0,0,0,0,0,-216000,0,0,0,0,216000,-216000,-216000
068101,奇力新永豐01購01,0,0,0,0,0,0,0,0,0,-216000,0,0,0,78000,294000,-216000,-216000
066459,智原統一01購01  ,0,0,0,0,0,0,0,0,0,-217000,0,0,0,13000,230000,-217000,-217000
066007,大立光統一02購06,0,0,0,0,0,0,0,0,0,-217000,0,0,0,0,217000,-217000,-217000
2023,燁輝            ,79000,264000,-185000,0,0,0,0,0,0,-32000,0,32000,-32000,0,0,0,-217000
08200P,祥碩元大9B售08  ,0,0,0,0,0,0,0,0,0,-218000,0,0,0,0,218000,-218000,-218000
03110P,聯發科元大01售26,1000,0,1000,0,0,0,0,0,0,-219000,0,0,0,566000,785000,-219000,-218000
063994,台光電群益9C購01,0,0,0,0,0,0,0,0,0,-218000,0,0,0,30000,248000,-218000,-218000
062480,茂林國票9B購01  ,0,0,0,0,0,0,0,0,0,-218000,0,0,0,98000,316000,-218000,-218000
063384,巨大永豐9B購04  ,0,0,0,0,0,0,0,0,0,-218000,0,0,0,142000,360000,-218000,-218000
065722,緯創兆豐9C購02  ,0,0,0,0,0,0,0,0,0,-218000,0,0,0,158000,376000,-218000,-218000
066916,台虹凱基01購01  ,0,0,0,0,0,0,0,0,0,-219000,0,0,0,5000,224000,-219000,-219000
068553,T50反1元大01購09,0,0,0,0,0,0,0,0,0,-220000,0,0,0,0,220000,-220000,-220000
056926,日月光兆豐98購01,0,0,0,0,0,0,0,0,0,-220000,0,0,0,0,220000,-220000,-220000
00656R,國泰中國A50反1  ,0,0,0,0,0,0,0,0,0,-220000,0,0,0,339000,559000,-220000,-220000
067119,泰鼎群益01購02  ,0,0,0,0,0,0,0,0,0,-220000,0,0,0,92000,312000,-220000,-220000
067188,日電貿凱基01購02,0,0,0,0,0,0,0,0,0,-220000,0,0,0,0,220000,-220000,-220000
066577,巨大元大01購02  ,0,0,0,0,0,0,0,0,0,-221000,0,0,0,101000,322000,-221000,-221000
065037,緯穎統一02購02  ,0,0,0,0,0,0,0,0,0,-222000,0,0,0,0,222000,-222000,-222000
064070,祥碩永豐9C購01  ,0,0,0,0,0,0,0,0,0,-222000,0,0,0,31000,253000,-222000,-222000
061005,可成兆豐9A購01  ,0,0,0,0,0,0,0,0,0,-222000,0,0,0,18000,240000,-222000,-222000
067754,元金2X元大01購02,0,0,0,0,0,0,0,0,0,-222000,0,0,0,8000,230000,-222000,-222000
2014,中鴻            ,52000,274000,-222000,0,0,0,0,0,0,0,0,0,0,0,0,0,-222000
064354,同欣電元大9C購05,0,0,0,0,0,0,0,0,0,-223000,0,0,0,79000,302000,-223000,-223000
064260,矽創富邦9C購01  ,0,0,0,0,0,0,0,0,0,-223000,0,0,0,970000,1193000,-223000,-223000
061241,晶技兆豐9A購01  ,0,0,0,0,0,0,0,0,0,-223000,0,0,0,20000,243000,-223000,-223000
063724,亞德客元大9B購03,0,0,0,0,0,0,0,0,0,-223000,0,0,0,149000,372000,-223000,-223000
063680,寶成富邦9C購01  ,0,0,0,0,0,0,0,0,0,-223000,0,0,0,0,223000,-223000,-223000
066748,同欣電元大01購03,0,0,0,0,0,0,0,0,0,-223000,0,0,0,83000,306000,-223000,-223000
066286,瑞祺元大01購01  ,0,0,0,0,0,0,0,0,0,-223000,0,0,0,6000,229000,-223000,-223000
08963P,牧德凱基01售02  ,0,0,0,0,0,0,0,0,0,-224000,0,0,0,1000,225000,-224000,-224000
067732,遠東新元大01購01,0,0,0,0,0,0,0,0,0,-224000,0,0,0,0,224000,-224000,-224000
062258,奇力新元大9B購03,0,0,0,0,0,0,0,0,0,-225000,0,0,0,0,225000,-225000,-225000
063673,GIS統一9C購02   ,0,0,0,0,0,0,0,0,0,-226000,0,0,0,451000,677000,-226000,-226000
063760,聯詠統一9C購02  ,0,0,0,0,0,0,0,0,0,-226000,0,0,0,17000,243000,-226000,-226000
065036,世芯統一02購02  ,0,0,0,0,0,0,0,0,0,-227000,0,0,0,12000,239000,-227000,-227000
065937,大毅群益02購01  ,0,0,0,0,0,0,0,0,0,-227000,0,0,0,28000,255000,-227000,-227000
068331,欣興元大01購09  ,0,0,0,0,0,0,0,0,0,-228000,0,0,0,187000,415000,-228000,-228000
060743,鴻海國票9A購03  ,0,0,0,0,0,0,0,0,0,-228000,0,0,0,2000,230000,-228000,-228000
066306,亞聚永豐01購01  ,0,0,0,0,0,0,0,0,0,-228000,0,0,0,0,228000,-228000,-228000
068255,鎧勝元大01購05  ,0,0,0,0,0,0,0,0,0,-229000,0,0,0,119000,348000,-229000,-229000
1103,嘉泥            ,109000,333000,-224000,0,0,0,0,0,0,-5000,0,5000,-5000,0,0,0,-229000
061571,奇力新元大9A購03,0,0,0,0,0,0,0,0,0,-229000,0,0,0,31000,260000,-229000,-229000
067427,奇力新凱基01購01,0,0,0,0,0,0,0,0,0,-229000,0,0,0,0,229000,-229000,-229000
2637,慧洋-KY         ,27000,183000,-156000,0,0,0,0,0,0,-73000,0,78000,-78000,28000,23000,5000,-229000
07652P,臺股指中信9A售07,0,0,0,0,0,0,0,0,0,-230000,0,0,0,0,230000,-230000,-230000
058616,台虹元大9A購01  ,0,0,0,0,0,0,0,0,0,-230000,0,0,0,0,230000,-230000,-230000
067329,巨大康和01購02  ,0,0,0,0,0,0,0,0,0,-230000,0,0,0,30000,260000,-230000,-230000
067720,瑞昱凱基01購02  ,0,0,0,0,0,0,0,0,0,-231000,0,0,0,276000,507000,-231000,-231000
066887,聯發科中信02購01,0,0,0,0,0,0,0,0,0,-231000,0,0,0,77000,308000,-231000,-231000
056810,群創統一9A購01  ,0,0,0,0,0,0,0,0,0,-232000,0,0,0,10000,242000,-232000,-232000
057531,禾伸堂元大99購04,0,0,0,0,0,0,0,0,0,-232000,0,0,0,68000,300000,-232000,-232000
062488,台光電永豐9B購02,0,0,0,0,0,0,0,0,0,-232000,0,0,0,27000,259000,-232000,-232000
062185,禾伸堂元大9B購01,0,0,0,0,0,0,0,0,0,-232000,0,0,0,68000,300000,-232000,-232000
064856,GIS國泰02購01   ,0,0,0,0,0,0,0,0,0,-233000,0,0,0,96000,329000,-233000,-233000
065005,台光電國票01購02,0,0,0,0,0,0,0,0,0,-234000,0,0,0,85000,319000,-234000,-234000
066487,聯詠元富01購03  ,0,0,0,0,0,0,0,0,0,-234000,0,0,0,136000,370000,-234000,-234000
065683,嘉聯益統一03購01,0,0,0,0,0,0,0,0,0,-234000,0,0,0,0,234000,-234000,-234000
067407,南六永豐01購03  ,0,0,0,0,0,0,0,0,0,-234000,0,0,0,0,234000,-234000,-234000
068329,義隆元大01購07  ,0,0,0,0,0,0,0,0,0,-235000,0,0,0,165000,400000,-235000,-235000
065608,緯創元大9C購04  ,0,0,0,0,0,0,0,0,0,-235000,0,0,0,221000,456000,-235000,-235000
062745,聯詠永豐9B購01  ,0,0,0,0,0,0,0,0,0,-235000,0,0,0,126000,361000,-235000,-235000
063339,智邦統一01購01  ,0,0,0,0,0,0,0,0,0,-235000,0,0,0,101000,336000,-235000,-235000
060730,台積電群益9A購03,0,0,0,0,0,0,0,0,0,-235000,0,0,0,1000,236000,-235000,-235000
067604,晶技凱基01購02  ,0,0,0,0,0,0,0,0,0,-235000,0,0,0,44000,279000,-235000,-235000
066149,潤泰新群益01購01,0,0,0,0,0,0,0,0,0,-235000,0,0,0,30000,265000,-235000,-235000
08867P,欣興凱基01售03  ,0,0,0,0,0,0,0,0,0,-236000,0,0,0,148000,384000,-236000,-236000
064040,鴻海統一9C購18  ,0,0,0,0,0,0,0,0,0,-236000,0,0,0,999000,1235000,-236000,-236000
8210,勤誠            ,121000,356000,-235000,0,0,0,0,0,0,-1000,1000,2000,-1000,0,0,0,-236000
066736,京鼎元大01購02  ,0,0,0,0,0,0,0,0,0,-237000,0,0,0,36000,273000,-237000,-237000
067961,台達電群益01購03,0,0,0,0,0,0,0,0,0,-237000,0,0,0,76000,313000,-237000,-237000
068623,美律群益02購01  ,0,0,0,0,0,0,0,0,0,-238000,0,0,0,0,238000,-238000,-238000
067123,京鼎富邦05購01  ,0,0,0,0,0,0,0,0,0,-238000,0,0,0,2000,240000,-238000,-238000
8081,致新            ,129000,296000,-167000,0,0,0,0,0,0,-71000,21000,0,21000,0,92000,-92000,-238000
1467,南緯            ,49000,287000,-238000,0,0,0,0,0,0,0,0,0,0,0,0,0,-238000
063510,台表科群益9C購01,0,0,0,0,0,0,0,0,0,-239000,0,0,0,0,239000,-239000,-239000
067346,巨大凱基02購01  ,0,0,0,0,0,0,0,0,0,-239000,0,0,0,10000,249000,-239000,-239000
064957,台表科凱基02購02,0,0,0,0,0,0,0,0,0,-240000,0,0,0,13000,253000,-240000,-240000
065403,健鼎國泰02購01  ,0,0,0,0,0,0,0,0,0,-240000,0,0,0,0,240000,-240000,-240000
066556,和鑫元大01購01  ,0,0,0,0,0,0,0,0,0,-240000,0,0,0,16000,256000,-240000,-240000
068490,台光電元大01購06,0,0,0,0,0,0,0,0,0,-241000,0,0,0,32000,273000,-241000,-241000
064304,信邦兆豐01購01  ,0,0,0,0,0,0,0,0,0,-241000,0,0,0,24000,265000,-241000,-241000
058178,國巨國泰9A購02  ,0,0,0,0,0,0,0,0,0,-242000,0,0,0,11000,253000,-242000,-242000
066529,巨大統一03購01  ,0,0,0,0,0,0,0,0,0,-242000,0,0,0,232000,474000,-242000,-242000
067526,深中小群益02購01,0,0,0,0,0,0,0,0,0,-242000,0,0,0,0,242000,-242000,-242000
066475,新光金麥證01購01,0,0,0,0,243000,-243000,0,0,0,-243000,0,0,0,0,243000,-243000,-243000
061302,晶技永豐9A購04  ,0,0,0,0,0,0,0,0,0,-244000,0,0,0,20000,264000,-244000,-244000
062539,可成國泰01購01  ,0,0,0,0,0,0,0,0,0,-244000,0,0,0,13000,257000,-244000,-244000
3450,聯鈞            ,158000,236000,-78000,0,0,0,0,131000,-131000,-35000,0,5000,-5000,7000,37000,-30000,-244000
064030,泰碩元大01購01  ,0,0,0,0,0,0,0,0,0,-245000,0,0,0,111000,356000,-245000,-245000
065573,新日興群益01購02,0,0,0,0,0,0,0,0,0,-245000,0,0,0,24000,269000,-245000,-245000
067565,聯發科日盛01購01,0,0,0,0,0,0,0,0,0,-245000,0,0,0,0,245000,-245000,-245000
059187,國巨富邦9B購02  ,0,0,0,0,0,0,0,0,0,-246000,0,0,0,20000,266000,-246000,-246000
065485,巨大元大9C購02  ,0,0,0,0,0,0,0,0,0,-246000,0,0,0,73000,319000,-246000,-246000
067589,拓凱群益02購01  ,0,0,0,0,0,0,0,0,0,-246000,0,0,0,48000,294000,-246000,-246000
067675,中工元大03購01  ,0,0,0,0,0,0,0,0,0,-246000,0,0,0,61000,307000,-246000,-246000
066382,拓凱康和01購01  ,0,0,0,0,0,0,0,0,0,-246000,0,0,0,102000,348000,-246000,-246000
2615,萬海            ,77000,335000,-258000,0,0,0,0,0,0,12000,59000,47000,12000,0,0,0,-246000
6592,和潤企業        ,73000,261000,-188000,0,0,0,0,50000,-50000,-8000,0,0,0,1000,9000,-8000,-246000
058105,旺宏統一9A購02  ,0,0,0,0,0,0,0,0,0,-247000,0,0,0,239000,486000,-247000,-247000
062344,力山群益9B購02  ,0,0,0,0,0,0,0,0,0,-247000,0,0,0,32000,279000,-247000,-247000
063554,GIS國票9C購03   ,0,0,0,0,0,0,0,0,0,-247000,0,0,0,0,247000,-247000,-247000
064372,滬深2X元富9C購10,0,0,0,0,0,0,0,0,0,-248000,0,0,0,5000,253000,-248000,-248000
058613,茂林元大99購03  ,0,0,0,0,0,0,0,0,0,-248000,0,0,0,115000,363000,-248000,-248000
065865,光寶科群益9C購02,0,0,0,0,0,0,0,0,0,-248000,0,0,0,160000,408000,-248000,-248000
067246,鎧勝群益01購02  ,0,0,0,0,0,0,0,0,0,-248000,0,0,0,119000,367000,-248000,-248000
064370,聯茂統一02購01  ,0,0,0,0,0,0,0,0,0,-249000,0,0,0,46000,295000,-249000,-249000
067281,T50反1國票01購05,0,0,0,0,0,0,0,0,0,-249000,0,0,0,375000,624000,-249000,-249000
07200P,臺股指元大99售16,0,0,0,0,0,0,0,0,0,-250000,0,0,0,0,250000,-250000,-250000
060107,旭富元大99購03  ,0,0,0,0,0,0,0,0,0,-250000,0,0,0,22000,272000,-250000,-250000
062293,麗豐永豐9B購01  ,0,0,0,0,0,0,0,0,0,-250000,0,0,0,0,250000,-250000,-250000
061181,牧德凱基9A購01  ,0,0,0,0,0,0,0,0,0,-250000,0,0,0,0,250000,-250000,-250000
068466,帆宣永豐01購02  ,0,0,0,0,0,0,0,0,0,-251000,0,0,0,0,251000,-251000,-251000
064356,矽創元大01購01  ,0,0,0,0,0,0,0,0,0,-251000,0,0,0,220000,471000,-251000,-251000
060678,聯詠元大9A購03  ,0,0,0,0,0,0,0,0,0,-251000,0,0,0,31000,282000,-251000,-251000
063774,GIS富邦9B購02   ,0,0,0,0,0,0,0,0,0,-251000,0,0,0,25000,276000,-251000,-251000
067785,晶技群益01購03  ,0,0,0,0,0,0,0,0,0,-251000,0,0,0,173000,424000,-251000,-251000
1795,美時            ,194000,305000,-111000,0,0,0,0,139000,-139000,-1000,0,1000,-1000,0,0,0,-251000
2367,燿華            ,1072000,910000,162000,0,0,0,0,0,0,-413000,5000,3000,2000,57000,472000,-415000,-251000
062296,南六永豐9B購02  ,0,0,0,0,0,0,0,0,0,-252000,0,0,0,0,252000,-252000,-252000
067280,國巨第一01購01  ,0,0,0,0,0,0,0,0,0,-252000,0,0,0,62000,314000,-252000,-252000
067210,聯發科元大01購18,0,0,0,0,0,0,0,0,0,-252000,0,0,0,131000,383000,-252000,-252000
067005,盟立永豐01購04  ,0,0,0,0,0,0,0,0,0,-252000,0,0,0,100000,352000,-252000,-252000
064127,聯發科元大9C購06,0,0,0,0,0,0,0,0,0,-253000,0,0,0,21000,274000,-253000,-253000
068678,台積電台新03購02,0,0,0,0,0,0,0,0,0,-253000,0,0,0,400000,653000,-253000,-253000
064954,奇鋐凱基9C購01  ,0,0,0,0,0,0,0,0,0,-253000,0,0,0,128000,381000,-253000,-253000
068561,台積電元大01購52,0,0,0,0,0,0,0,0,0,-254000,0,0,0,0,254000,-254000,-254000
063239,建準元大9B購01  ,0,0,0,0,0,0,0,0,0,-254000,0,0,0,106000,360000,-254000,-254000
067665,台達電元大01購04,0,0,0,0,0,0,0,0,0,-254000,0,0,0,83000,337000,-254000,-254000
067823,台表科凱基01購02,0,0,0,0,0,0,0,0,0,-254000,0,0,0,20000,274000,-254000,-254000
054827,宏全元大9A購01  ,0,0,0,0,0,0,0,0,0,-255000,0,0,0,150000,405000,-255000,-255000
063688,建準永豐9B購03  ,0,0,0,0,0,0,0,0,0,-255000,0,0,0,77000,332000,-255000,-255000
068218,台光電統一02購05,0,0,0,0,0,0,0,0,0,-255000,0,0,0,0,255000,-255000,-255000
055036,中工富邦9B購01  ,0,0,0,0,0,0,0,0,0,-257000,0,0,0,0,257000,-257000,-257000
058931,玉晶光統一9C購01,0,0,0,0,0,0,0,0,0,-257000,0,0,0,18000,275000,-257000,-257000
063229,台表科群益9B購04,0,0,0,0,0,0,0,0,0,-257000,0,0,0,33000,290000,-257000,-257000
060920,超眾富邦9B購01  ,0,0,0,0,0,0,0,0,0,-257000,0,0,0,24000,281000,-257000,-257000
065289,冠德群益9C購01  ,0,27000,-27000,0,0,0,0,0,0,-230000,0,0,0,37000,267000,-230000,-257000
067501,聚陽統一01購03  ,0,0,0,0,0,0,0,0,0,-257000,0,0,0,511000,768000,-257000,-257000
065851,京鼎元大02購01  ,0,0,0,0,0,0,0,0,0,-257000,0,0,0,43000,300000,-257000,-257000
4967,十銓            ,612000,869000,-257000,0,0,0,0,0,0,0,0,0,0,0,0,0,-257000
064627,矽格元大9C購01  ,0,0,0,0,0,0,0,0,0,-258000,0,0,0,10000,268000,-258000,-258000
050077,臺股指凱基99購02,0,0,0,0,0,0,0,0,0,-258000,0,0,0,59000,317000,-258000,-258000
00664R,國泰臺灣加權反1 ,26000,26000,0,0,0,0,0,0,0,-259000,0,0,0,445000,704000,-259000,-259000
063649,南六元大9C購02  ,0,0,0,0,0,0,0,0,0,-259000,0,0,0,27000,286000,-259000,-259000
059815,SP黃豆凱基9A購03,0,0,0,0,0,0,0,0,0,-260000,0,0,0,0,260000,-260000,-260000
068506,GIS元大01購07   ,0,0,0,0,0,0,0,0,0,-261000,0,0,0,176000,437000,-261000,-261000
054893,帆宣統一99購01  ,0,0,0,0,0,0,0,0,0,-261000,0,0,0,11000,272000,-261000,-261000
064596,台表科統一01購03,0,0,0,0,0,0,0,0,0,-262000,0,0,0,265000,527000,-262000,-262000
062817,富邦金兆豐9B購01,0,0,0,0,0,0,0,0,0,-262000,0,0,0,19000,281000,-262000,-262000
068404,建準元富04購01  ,0,0,0,0,0,0,0,0,0,-263000,0,0,0,85000,348000,-263000,-263000
064429,鴻海凱基03購03  ,0,0,0,0,0,0,0,0,0,-263000,0,0,0,1000,264000,-263000,-263000
064583,光寶科永豐9C購01,0,0,0,0,0,0,0,0,0,-264000,0,0,0,396000,660000,-264000,-264000
062337,台表科統一01購01,0,0,0,0,0,0,0,0,0,-264000,0,0,0,6000,270000,-264000,-264000
061213,群創元大9A購05  ,0,0,0,0,0,0,0,0,0,-264000,0,0,0,20000,284000,-264000,-264000
068195,瑞昱凱基02購02  ,0,0,0,0,0,0,0,0,0,-264000,0,0,0,356000,620000,-264000,-264000
068433,台光電凱基01購04,0,0,0,0,0,0,0,0,0,-265000,0,0,0,0,265000,-265000,-265000
067365,美利達群益01購03,0,0,0,0,0,0,0,0,0,-265000,0,0,0,32000,297000,-265000,-265000
067152,義隆統一02購03  ,0,0,0,0,0,0,0,0,0,-265000,0,0,0,0,265000,-265000,-265000
064933,矽創統一01購01  ,0,0,0,0,0,0,0,0,0,-266000,0,0,0,81000,347000,-266000,-266000
066951,長榮航元大01購01,0,0,0,0,0,0,0,0,0,-266000,0,0,0,0,266000,-266000,-266000
064720,長榮航統一02購01,0,0,0,0,0,0,0,0,0,-267000,0,0,0,0,267000,-267000,-267000
066008,大立光統一03購02,0,0,0,0,0,0,0,0,0,-267000,0,0,0,0,267000,-267000,-267000
068113,台光電元富07購01,0,0,0,0,0,0,0,0,0,-267000,0,0,0,118000,385000,-267000,-267000
1718,中纖            ,33000,145000,-112000,0,0,0,0,0,0,-155000,2000,2000,0,0,155000,-155000,-267000
060106,旭富元大99購02  ,0,0,0,0,0,0,0,0,0,-268000,0,0,0,0,268000,-268000,-268000
006208,富邦台50        ,26000,5000,21000,0,0,0,0,0,0,-289000,0,0,0,253000,542000,-289000,-268000
03001P,玉晶光群益02售17,0,0,0,0,0,0,0,0,0,-268000,0,0,0,311000,579000,-268000,-268000
063220,建準群益9B購01  ,0,0,0,0,0,0,0,0,0,-268000,0,0,0,38000,306000,-268000,-268000
067926,嘉晶兆豐01購02  ,0,0,0,0,0,0,0,0,0,-268000,0,0,0,14000,282000,-268000,-268000
067091,台虹元大01購02  ,0,0,0,0,0,0,0,0,0,-268000,0,0,0,126000,394000,-268000,-268000
07837P,華邦電元大9A售01,0,0,0,0,0,0,0,0,0,-269000,0,0,0,0,269000,-269000,-269000
063136,智邦統一9B購02  ,0,0,0,0,0,0,0,0,0,-269000,0,0,0,61000,330000,-269000,-269000
065536,健鼎統一02購04  ,0,0,0,0,0,0,0,0,0,-269000,0,0,0,124000,393000,-269000,-269000
067941,鎧勝凱基01購02  ,0,0,0,0,0,0,0,0,0,-269000,0,0,0,131000,400000,-269000,-269000
065785,奇力新永豐9C購02,0,0,0,0,0,0,0,0,0,-269000,0,0,0,38000,307000,-269000,-269000
065103,南六元大9C購06  ,0,0,0,0,0,0,0,0,0,-270000,0,0,0,199000,469000,-270000,-270000
03425B,臺股指元大9A熊01,0,0,0,0,0,0,0,0,0,-270000,0,0,0,0,270000,-270000,-270000
058525,台虹元大99購02  ,0,0,0,0,0,0,0,0,0,-270000,0,0,0,80000,350000,-270000,-270000
062372,旭富元大9B購01  ,0,0,0,0,0,0,0,0,0,-270000,0,0,0,0,270000,-270000,-270000
5469,瀚宇博          ,500000,786569,-286569,0,0,0,0,0,0,16000,37000,77000,-40000,78000,22000,56000,-270569
064552,巨大凱基01購01  ,0,0,0,0,0,0,0,0,0,-271000,0,0,0,20000,291000,-271000,-271000
053291,旺宏中信9A購01  ,0,0,0,0,0,0,0,0,0,-271000,0,0,0,0,271000,-271000,-271000
058656,燿華中信99購01  ,0,0,0,0,0,0,0,0,0,-271000,0,0,0,32000,303000,-271000,-271000
065586,嘉聯益富邦03購01,0,0,0,0,0,0,0,0,0,-271000,0,0,0,14000,285000,-271000,-271000
066493,美利達元富01購01,0,0,0,0,0,0,0,0,0,-271000,0,0,0,209000,480000,-271000,-271000
068068,瑞昱凱基01購03  ,0,0,0,0,0,0,0,0,0,-272000,0,0,0,30000,302000,-272000,-272000
068079,瑞儀凱基01購01  ,0,0,0,0,0,0,0,0,0,-272000,0,0,0,252000,524000,-272000,-272000
07692P,玉晶光元大9A售11,0,0,0,0,0,0,0,0,0,-273000,0,0,0,40000,313000,-273000,-273000
6706,惠特            ,301000,133000,168000,0,0,0,0,407000,-407000,-35000,0,0,0,10000,45000,-35000,-274000
065321,瑞昱凱基9C購01  ,0,0,0,0,0,0,0,0,0,-275000,0,0,0,46000,321000,-275000,-275000
067857,百和國票02購01  ,0,0,0,0,0,0,0,0,0,-275000,0,0,0,49000,324000,-275000,-275000
067132,瑞昱永豐01購01  ,0,0,0,0,0,0,0,0,0,-275000,0,0,0,40000,315000,-275000,-275000
066434,台虹元大01購01  ,0,0,0,0,0,0,0,0,0,-275000,0,0,0,18000,293000,-275000,-275000
066041,台光電元大01購02,0,0,0,0,0,0,0,0,0,-275000,0,0,0,245000,520000,-275000,-275000
066414,鴻海元大01購07  ,0,0,0,0,0,0,0,0,0,-276000,0,0,0,109000,385000,-276000,-276000
2838,聯邦銀          ,269000,488591,-219591,0,0,0,0,0,0,-57000,0,57000,-57000,0,0,0,-276591
060695,同欣電麥證9A購01,0,0,0,33000,310000,-277000,0,0,0,-277000,0,0,0,33000,310000,-277000,-277000
067539,緯創群益01購01  ,0,0,0,0,0,0,0,0,0,-277000,0,0,0,10000,287000,-277000,-277000
067863,國巨元大02購05  ,0,0,0,0,0,0,0,0,0,-277000,0,0,0,142000,419000,-277000,-277000
067760,旭富永豐01購01  ,0,0,0,0,0,0,0,0,0,-277000,0,0,0,0,277000,-277000,-277000
3338,泰碩            ,221000,432000,-211000,0,0,0,0,50000,-50000,-16000,21000,23000,-2000,26000,40000,-14000,-277000
064809,冠德元大9C購01  ,0,0,0,0,0,0,0,0,0,-278000,0,0,0,113000,391000,-278000,-278000
058928,國巨統一9C購01  ,0,0,0,0,0,0,0,0,0,-278000,0,0,0,547000,825000,-278000,-278000
065561,同欣電麥證9C購03,0,0,0,22000,300000,-278000,0,0,0,-278000,0,0,0,22000,300000,-278000,-278000
061572,奇力新元大9A購04,0,0,0,0,0,0,0,0,0,-278000,0,0,0,23000,301000,-278000,-278000
066846,京鼎元大01購03  ,0,0,0,0,0,0,0,0,0,-278000,0,0,0,8000,286000,-278000,-278000
064926,臻鼎統一02購01  ,0,0,0,0,0,0,0,0,0,-279000,0,0,0,142000,421000,-279000,-279000
057740,茂林富邦9A購01  ,0,0,0,0,0,0,0,0,0,-279000,0,0,0,41000,320000,-279000,-279000
066254,南帝元大01購01  ,0,0,0,0,0,0,0,0,0,-279000,0,0,0,100000,379000,-279000,-279000
065562,同欣電麥證9C購04,0,0,0,20000,300000,-280000,0,0,0,-280000,0,0,0,20000,300000,-280000,-280000
066700,瑞昱群益01購01  ,0,0,0,0,0,0,0,0,0,-281000,0,0,0,124000,405000,-281000,-281000
068009,矽格元大01購05  ,0,0,0,0,0,0,0,0,0,-281000,0,0,0,8000,289000,-281000,-281000
067061,亞泥元大01購01  ,3000,0,3000,0,0,0,0,0,0,-284000,0,0,0,0,284000,-284000,-281000
068560,台積電元大01購51,0,0,0,0,0,0,0,0,0,-282000,0,0,0,0,282000,-282000,-282000
064342,晶技元大9C購01  ,0,0,0,0,0,0,0,0,0,-282000,0,0,0,49000,331000,-282000,-282000
063144,超眾統一9C購02  ,0,0,0,0,0,0,0,0,0,-282000,0,0,0,0,282000,-282000,-282000
064854,祥碩麥證9C購01  ,0,0,0,20000,319000,-299000,0,0,0,-283000,0,0,0,36000,319000,-283000,-283000
065333,冠德國票01購01  ,0,0,0,0,0,0,0,0,0,-283000,0,0,0,2000,285000,-283000,-283000
065431,大立光凱基02購02,0,0,0,0,0,0,0,0,0,-283000,0,0,0,60000,343000,-283000,-283000
063191,台表科凱基9B購03,0,0,0,0,0,0,0,0,0,-283000,0,0,0,85000,368000,-283000,-283000
068482,光寶科元大01購01,0,0,0,0,0,0,0,0,0,-284000,0,0,0,173000,457000,-284000,-284000
08348P,貿聯元大9C售01  ,0,0,0,0,0,0,0,0,0,-284000,0,0,0,0,284000,-284000,-284000
063356,台表科元富02購01,0,0,0,0,0,0,0,0,0,-284000,0,0,0,164000,448000,-284000,-284000
062666,和碩群益9B購01  ,0,0,0,0,0,0,0,0,0,-285000,0,0,0,14000,299000,-285000,-285000
065537,健鼎統一02購05  ,0,0,0,0,0,0,0,0,0,-285000,0,0,0,124000,409000,-285000,-285000
068244,國巨元大01購15  ,0,0,0,0,0,0,0,0,0,-285000,0,0,0,0,285000,-285000,-285000
065424,華新凱基02購01  ,0,0,0,0,0,0,0,0,0,-286000,0,0,0,0,286000,-286000,-286000
065179,同欣電元大02購01,0,0,0,0,0,0,0,0,0,-286000,0,0,0,20000,306000,-286000,-286000
068157,晶技元大01購04  ,0,0,0,0,0,0,0,0,0,-286000,0,0,0,54000,340000,-286000,-286000
057525,光磊元大99購01  ,0,0,0,0,0,0,0,0,0,-287000,0,0,0,0,287000,-287000,-287000
063075,祥碩永豐9B購04  ,0,0,0,0,0,0,0,0,0,-287000,0,0,0,80000,367000,-287000,-287000
066731,瑞昱元大01購01  ,0,0,0,0,0,0,0,0,0,-288000,0,0,0,526000,814000,-288000,-288000
066160,美利達康和01購01,0,0,0,0,0,0,0,0,0,-289000,0,0,0,41000,330000,-289000,-289000
064445,聚陽統一02購01  ,0,0,0,0,0,0,0,0,0,-290000,0,0,0,224000,514000,-290000,-290000
08216P,聯發科群益9C售05,0,0,0,0,0,0,0,0,0,-290000,0,0,0,0,290000,-290000,-290000
060124,奇力新永豐99購03,0,0,0,0,0,0,0,0,0,-290000,0,0,0,0,290000,-290000,-290000
061476,大毅元大9A購02  ,0,0,0,0,0,0,0,0,0,-290000,0,0,0,10000,300000,-290000,-290000
00850,元大臺灣ESG永續 ,0,0,0,0,0,0,0,0,0,-291000,0,0,0,767000,1058000,-291000,-291000
067031,華擎元富01購01  ,0,0,0,0,0,0,0,0,0,-291000,0,0,0,60000,351000,-291000,-291000
066344,拓凱永豐01購01  ,0,0,0,0,0,0,0,0,0,-292000,0,0,0,60000,352000,-292000,-292000
068451,台積電國票01購11,0,0,0,0,0,0,0,0,0,-293000,0,0,0,12000,305000,-293000,-293000
065480,旭富元大9C購06  ,0,0,0,0,0,0,0,0,0,-293000,0,0,0,7000,300000,-293000,-293000
066201,大毅統一02購01  ,0,0,0,0,0,0,0,0,0,-293000,0,0,0,68000,361000,-293000,-293000
065699,南亞科群益9C購02,0,0,0,0,0,0,0,0,0,-293000,0,0,0,111000,404000,-293000,-293000
2606,裕民            ,152000,420000,-268000,0,0,0,0,0,0,-25000,0,25000,-25000,0,0,0,-293000
063895,新光金群益01購01,0,0,0,0,0,0,0,0,0,-294000,0,0,0,6000,300000,-294000,-294000
066410,潤泰新凱基01購01,0,0,0,0,0,0,0,0,0,-294000,0,0,0,604000,898000,-294000,-294000
066299,潤泰新元大01購01,0,0,0,0,0,0,0,0,0,-295000,0,0,0,36000,331000,-295000,-295000
065034,玉晶光統一01購11,0,0,0,0,0,0,0,0,0,-296000,0,0,0,681000,977000,-296000,-296000
3023,信邦            ,365000,651000,-286000,0,0,0,0,3000,-3000,-7000,0,7000,-7000,2000,2000,0,-296000
064814,祥碩元大9C購06  ,0,0,0,0,0,0,0,0,0,-297000,0,0,0,55000,352000,-297000,-297000
063809,矽創兆豐01購01  ,0,0,0,0,0,0,0,0,0,-298000,0,0,0,432000,730000,-298000,-298000
08190P,宏達電元富9B售04,0,0,0,0,0,0,0,0,0,-299000,0,0,0,0,299000,-299000,-299000
068472,聯發科群益01購12,0,0,0,0,0,0,0,0,0,-299000,0,0,0,554000,853000,-299000,-299000
07503P,禾伸堂元大9A售01,0,0,0,0,0,0,0,0,0,-300000,0,0,0,0,300000,-300000,-300000
06935P,神達元大98售02  ,0,0,0,0,0,0,0,0,0,-300000,0,0,0,0,300000,-300000,-300000
064190,新光金第一9C購01,0,0,0,0,0,0,0,0,0,-300000,0,0,0,0,300000,-300000,-300000
058093,神達元大9A購01  ,0,0,0,0,0,0,0,0,0,-300000,0,0,0,0,300000,-300000,-300000
058634,可成兆豐99購03  ,0,0,0,0,0,0,0,0,0,-300000,0,0,0,0,300000,-300000,-300000
063821,南亞科麥證9C購01,0,0,0,0,300000,-300000,0,0,0,-300000,0,0,0,0,300000,-300000,-300000
063992,大立光中信9C購03,0,0,0,0,0,0,0,0,0,-300000,0,0,0,0,300000,-300000,-300000
065250,同欣電麥證9C購01,0,0,0,0,300000,-300000,0,0,0,-300000,0,0,0,0,300000,-300000,-300000
065756,緯創元大9C購05  ,0,0,0,0,0,0,0,0,0,-300000,0,0,0,183000,483000,-300000,-300000
065976,牧德元大02購02  ,0,0,0,0,0,0,0,0,0,-300000,0,0,0,0,300000,-300000,-300000
066427,牧德元大02購03  ,0,0,0,0,0,0,0,0,0,-300000,0,0,0,0,300000,-300000,-300000
067706,台積電元富07購07,0,0,0,0,0,0,0,0,0,-300000,0,0,0,394000,694000,-300000,-300000
068151,瑞昱元大01購05  ,0,0,0,0,0,0,0,0,0,-301000,0,0,0,221000,522000,-301000,-301000
068098,同欣電富邦01購02,0,0,0,0,0,0,0,0,0,-301000,0,0,0,0,301000,-301000,-301000
2338,光罩            ,321000,572000,-251000,0,0,0,0,0,0,-50000,0,0,0,15000,65000,-50000,-301000
060009,南亞科群益99購03,0,0,0,0,0,0,0,0,0,-302000,0,0,0,47000,349000,-302000,-302000
067560,聯詠國票02購01  ,0,0,0,0,0,0,0,0,0,-303000,0,0,0,62000,365000,-303000,-303000
065020,友達富邦01購02  ,0,0,0,0,0,0,0,0,0,-304000,0,0,0,161000,465000,-304000,-304000
3622,洋華            ,40000,344000,-304000,0,0,0,0,0,0,0,0,0,0,0,0,0,-304000
068673,聯發科統一03購11,0,0,0,0,0,0,0,0,0,-305000,0,0,0,100000,405000,-305000,-305000
1476,儒鴻            ,372987,637603,-264616,0,0,0,33000,0,33000,-74000,30000,52000,-22000,8000,60000,-52000,-305616
08610P,鴻海凱基9C售05  ,0,0,0,0,0,0,0,0,0,-306000,0,0,0,98000,404000,-306000,-306000
063282,奇力新元大9B購06,0,0,0,0,0,0,0,0,0,-306000,0,0,0,18000,324000,-306000,-306000
1460,宏遠            ,51000,358000,-307000,0,0,0,0,0,0,1000,1000,0,1000,0,0,0,-306000
064784,祥碩群益9C購01  ,0,0,0,0,0,0,0,0,0,-308000,0,0,0,83000,391000,-308000,-308000
068154,聯發科元大01購23,0,0,0,0,0,0,0,0,0,-308000,0,0,0,84000,392000,-308000,-308000
056392,玉晶光富邦9C購01,0,0,0,0,0,0,0,0,0,-310000,0,0,0,7000,317000,-310000,-310000
062153,智邦麥證9B購01  ,0,0,0,0,312000,-312000,0,0,0,-312000,0,0,0,0,312000,-312000,-312000
068166,鈺齊元大01購03  ,0,0,0,0,0,0,0,0,0,-312000,0,0,0,18000,330000,-312000,-312000
067744,神達元大01購02  ,0,0,0,0,0,0,0,0,0,-312000,0,0,0,0,312000,-312000,-312000
067083,正文元大01購01  ,0,0,0,0,0,0,0,0,0,-312000,0,0,0,128000,440000,-312000,-312000
07709P,創意元大9A售01  ,0,0,0,0,0,0,0,0,0,-313000,0,0,0,16000,329000,-313000,-313000
065242,巨大凱基01購02  ,0,50000,-50000,0,0,0,0,0,0,-263000,0,0,0,89000,352000,-263000,-313000
066376,聯詠兆豐01購01  ,0,0,0,0,0,0,0,0,0,-313000,0,0,0,28000,341000,-313000,-313000
6271,同欣電          ,423000,436000,-13000,0,0,0,0,339000,-339000,38000,45000,40000,5000,68000,35000,33000,-314000
063753,矽創國票9C購01  ,0,0,0,0,0,0,0,0,0,-315000,0,0,0,31000,346000,-315000,-315000
6412,群電            ,37000,184000,-147000,0,0,0,0,170000,-170000,0,0,0,0,0,0,0,-317000
064430,鴻海凱基03購04  ,0,0,0,0,0,0,0,0,0,-318000,0,0,0,82000,400000,-318000,-318000
067361,旭富群益01購02  ,0,0,0,0,0,0,0,0,0,-318000,0,0,0,0,318000,-318000,-318000
068393,GIS統一03購01   ,0,0,0,0,0,0,0,0,0,-319000,0,0,0,10000,329000,-319000,-319000
062528,全新統一9C購01  ,0,0,0,0,0,0,0,0,0,-319000,0,0,0,0,319000,-319000,-319000
055032,億光富邦99購01  ,0,0,0,0,0,0,0,0,0,-321000,0,0,0,148000,469000,-321000,-321000
068651,聯電元大02購04  ,0,0,0,0,0,0,0,0,0,-322000,0,0,0,0,322000,-322000,-322000
08520P,和大元大9C售04  ,0,0,0,0,0,0,0,0,0,-322000,0,0,0,61000,383000,-322000,-322000
062704,大毅元大9C購01  ,0,0,0,0,0,0,0,0,0,-323000,0,0,0,1000,324000,-323000,-323000
063808,台表科兆豐9C購01,0,0,0,0,0,0,0,0,0,-323000,0,0,0,0,323000,-323000,-323000
067598,台積電凱基01購13,0,0,0,0,0,0,0,0,0,-323000,0,0,0,115000,438000,-323000,-323000
066522,建準中信01購01  ,0,0,0,0,0,0,0,0,0,-323000,0,0,0,55000,378000,-323000,-323000
065887,巨大元富9C購01  ,0,0,0,0,0,0,0,0,0,-323000,0,0,0,30000,353000,-323000,-323000
065532,台光電統一02購02,0,0,0,0,0,0,0,0,0,-324000,0,0,0,95000,419000,-324000,-324000
067827,富邦金兆豐03購01,0,0,0,0,0,0,0,0,0,-324000,0,0,0,75000,399000,-324000,-324000
064812,旭富元大9C購04  ,0,0,0,0,0,0,0,0,0,-325000,0,0,0,0,325000,-325000,-325000
067597,國巨凱基02購06  ,0,0,0,0,0,0,0,0,0,-326000,0,0,0,73000,399000,-326000,-326000
066373,美利達中信01購01,0,0,0,0,0,0,0,0,0,-326000,0,0,0,255000,581000,-326000,-326000
08657P,牧德群益9C售02  ,0,0,0,0,0,0,0,0,0,-328000,0,0,0,89000,417000,-328000,-328000
066099,大立光中信05購01,0,0,0,0,0,0,0,0,0,-328000,0,0,0,40000,368000,-328000,-328000
057649,嘉聯益元大99購04,0,0,0,0,0,0,0,0,0,-329000,0,0,0,0,329000,-329000,-329000
065858,台表科元大03購01,0,0,0,0,0,0,0,0,0,-330000,0,0,0,179000,509000,-330000,-330000
066685,T50反1元富07購02,0,0,0,0,0,0,0,0,0,-330000,0,0,0,0,330000,-330000,-330000
5243,乙盛-KY         ,130000,438000,-308000,0,0,0,0,0,0,-22000,58000,80000,-22000,0,0,0,-330000
00642U,元大S&P石油     ,2000,0,2000,0,0,0,0,0,0,-333000,0,0,0,0,333000,-333000,-331000
6282,康舒            ,282000,546000,-264000,0,0,0,0,0,0,-67000,23000,30000,-7000,75000,135000,-60000,-331000
068270,建準永豐01購01  ,0,0,0,0,0,0,0,0,0,-332000,0,0,0,0,332000,-332000,-332000
1905,華紙            ,37000,373000,-336000,0,0,0,0,0,0,4000,0,0,0,4000,0,4000,-332000
5388,中磊            ,902000,1298300,-396300,0,0,0,50000,0,50000,14000,10000,0,10000,6000,2000,4000,-332300
3706,神達            ,466000,1082336,-616336,0,0,0,3000,0,3000,281000,259000,61000,198000,106000,23000,83000,-332336
2360,致茂            ,692000,1009850,-317850,0,0,0,50000,53000,-3000,-12000,15000,20000,-5000,3000,10000,-7000,-332850
059510,華新科永豐99購07,0,0,0,0,0,0,0,0,0,-333000,0,0,0,0,333000,-333000,-333000
067212,聯發科元大02購02,0,0,0,0,0,0,0,0,0,-333000,0,0,0,1239000,1572000,-333000,-333000
058327,大毅統一9B購01  ,0,0,0,0,0,0,0,0,0,-334000,0,0,0,0,334000,-334000,-334000
064724,健鼎統一02購02  ,0,0,0,0,0,0,0,0,0,-335000,0,0,0,3000,338000,-335000,-335000
058549,藍天永豐99購01  ,0,0,0,0,0,0,0,0,0,-336000,0,0,0,30000,366000,-336000,-336000
065437,台表科凱基9C購03,0,0,0,0,0,0,0,0,0,-336000,0,0,0,52000,388000,-336000,-336000
065404,玉晶光國泰02購03,0,0,0,0,0,0,0,0,0,-336000,0,0,0,1020000,1356000,-336000,-336000
063449,全新統一9B購02  ,0,0,0,0,0,0,0,0,0,-336000,0,0,0,144000,480000,-336000,-336000
062413,台光電中信9B購02,0,0,0,0,0,0,0,0,0,-336000,0,0,0,137000,473000,-336000,-336000
046949,群創元大99購01  ,0,0,0,0,0,0,0,0,0,-337000,0,0,0,640000,977000,-337000,-337000
062003,國巨國泰01購01  ,0,0,0,0,0,0,0,0,0,-337000,0,0,0,35000,372000,-337000,-337000
067315,京鼎元大01購05  ,0,0,0,0,0,0,0,0,0,-337000,0,0,0,103000,440000,-337000,-337000
6285,啟碁            ,1151000,1441440,-290440,0,0,0,1000,0,1000,-48000,9000,0,9000,4000,61000,-57000,-337440
067276,義隆統一03購01  ,0,0,0,0,0,0,0,0,0,-339000,0,0,0,1024000,1363000,-339000,-339000
064158,健鼎統一02購01  ,0,0,0,0,0,0,0,0,0,-341000,0,0,0,10000,351000,-341000,-341000
065132,臻鼎兆豐01購01  ,0,0,0,0,0,0,0,0,0,-343000,0,0,0,225000,568000,-343000,-343000
08630P,臺股指麥證9C售05,0,0,0,0,343000,-343000,0,0,0,-343000,0,0,0,0,343000,-343000,-343000
057182,禾伸堂元大99購02,0,0,0,0,0,0,0,0,0,-344000,0,0,0,0,344000,-344000,-344000
057442,玉晶光統一98購03,0,0,0,0,0,0,0,0,0,-344000,0,0,0,76000,420000,-344000,-344000
066606,聯詠永豐01購01  ,0,0,0,0,0,0,0,0,0,-346000,0,0,0,179000,525000,-346000,-346000
065778,南亞科國泰01購01,0,0,0,0,0,0,0,0,0,-346000,0,0,0,169000,515000,-346000,-346000
2392,正崴            ,310000,652000,-342000,0,0,0,0,0,0,-4000,0,18000,-18000,26000,12000,14000,-346000
068501,泰鼎元大01購04  ,0,0,0,0,0,0,0,0,0,-348000,0,0,0,7000,355000,-348000,-348000
1310,台苯            ,44000,393000,-349000,0,0,0,0,0,0,0,0,0,0,0,0,0,-349000
03116P,玉晶光康和01售02,0,0,0,0,0,0,0,0,0,-349000,0,0,0,60000,409000,-349000,-349000
06822P,上銀富邦99售03  ,0,0,0,0,0,0,0,0,0,-349000,0,0,0,0,349000,-349000,-349000
065755,日電貿元大9C購02,0,0,0,0,0,0,0,0,0,-350000,0,0,0,0,350000,-350000,-350000
065977,旭富元大02購01  ,0,0,0,0,0,0,0,0,0,-350000,0,0,0,8000,358000,-350000,-350000
066276,敦泰元大01購01  ,0,0,0,0,0,0,0,0,0,-351000,0,0,0,285000,636000,-351000,-351000
066625,瑞昱凱基02購01  ,0,0,0,0,0,0,0,0,0,-351000,0,0,0,185000,536000,-351000,-351000
064763,祥碩凱基02購01  ,0,0,0,0,0,0,0,0,0,-352000,0,0,0,288000,640000,-352000,-352000
08147P,聯發科群益9B售10,0,0,0,0,0,0,0,0,0,-352000,0,0,0,43000,395000,-352000,-352000
065650,旭富元大9C購07  ,0,0,0,0,0,0,0,0,0,-352000,0,0,0,0,352000,-352000,-352000
065049,世芯凱基02購01  ,0,0,0,0,0,0,0,0,0,-353000,0,0,0,630000,983000,-353000,-353000
066016,台表科元富01購02,0,0,0,0,0,0,0,0,0,-353000,0,0,0,0,353000,-353000,-353000
067150,聯發科統一02購05,0,0,0,0,0,0,0,0,0,-353000,0,0,0,158000,511000,-353000,-353000
062823,台表科兆豐9B購01,0,0,0,0,0,0,0,0,0,-354000,0,0,0,0,354000,-354000,-354000
066200,建準統一02購01  ,0,0,0,0,0,0,0,0,0,-354000,0,0,0,173000,527000,-354000,-354000
065817,聯發科元富03購08,0,0,0,0,0,0,0,0,0,-354000,0,0,0,137000,491000,-354000,-354000
066789,聯詠麥證01購01  ,0,0,0,231000,585000,-354000,0,0,0,-354000,0,0,0,231000,585000,-354000,-354000
067221,台表科元大01購02,0,0,0,0,0,0,0,0,0,-355000,0,0,0,18000,373000,-355000,-355000
064026,建準元大9C購02  ,0,0,0,0,0,0,0,0,0,-356000,0,0,0,51000,407000,-356000,-356000
066958,日月光元大01購02,0,0,0,0,0,0,0,0,0,-356000,0,0,0,436000,792000,-356000,-356000
5471,松翰            ,304000,589000,-285000,0,0,0,0,0,0,-71000,0,0,0,6000,77000,-71000,-356000
064368,日月光統一01購01,0,0,0,0,0,0,0,0,0,-357000,0,0,0,1095000,1452000,-357000,-357000
064284,京鼎元大9C購01  ,0,0,0,0,0,0,0,0,0,-357000,0,0,0,46000,403000,-357000,-357000
064881,聯茂兆豐01購02  ,0,0,0,0,0,0,0,0,0,-358000,0,0,0,187000,545000,-358000,-358000
058184,鴻海永豐99購01  ,10000,0,10000,0,0,0,0,0,0,-368000,0,0,0,2000,370000,-368000,-358000
08801P,聯發科元大01售13,0,0,0,0,0,0,0,0,0,-359000,0,0,0,434000,793000,-359000,-359000
066718,滬深2X元大01購05,0,0,0,0,0,0,0,0,0,-359000,0,0,0,30000,389000,-359000,-359000
068234,T50反1元大01購07,0,0,0,0,0,0,0,0,0,-361000,0,0,0,420000,781000,-361000,-361000
3044,健鼎            ,1256000,1977845,-721845,0,0,0,430000,0,430000,-70000,60000,16000,44000,190000,304000,-114000,-361845
063581,同欣電國泰9C購01,0,0,0,0,0,0,0,0,0,-363000,0,0,0,59000,422000,-363000,-363000
8110,華東            ,147000,513000,-366000,0,0,0,0,0,0,2000,29000,27000,2000,0,0,0,-364000
062731,力成凱基9B購02  ,0,0,0,0,0,0,0,0,0,-365000,0,0,0,160000,525000,-365000,-365000
068114,富邦金元富07購01,0,0,0,0,0,0,0,0,0,-365000,0,0,0,105000,470000,-365000,-365000
062215,華通統一9B購01  ,0,0,0,0,0,0,0,0,0,-366000,0,0,0,230000,596000,-366000,-366000
062136,南亞科群益9B購01,0,0,0,0,0,0,0,0,0,-366000,0,0,0,0,366000,-366000,-366000
4106,雃博            ,430000,773000,-343000,0,0,0,0,0,0,-24000,0,24000,-24000,0,0,0,-367000
068527,義隆元富03購01  ,0,0,0,0,0,0,0,0,0,-368000,0,0,0,172000,540000,-368000,-368000
057818,泰碩元大9A購01  ,0,0,0,0,0,0,0,0,0,-368000,0,0,0,434000,802000,-368000,-368000
08607P,聯發科富邦03售04,0,0,0,0,0,0,0,0,0,-369000,0,0,0,1000,370000,-369000,-369000
067707,奇力新元富04購01,0,0,0,0,0,0,0,0,0,-369000,0,0,0,11000,380000,-369000,-369000
08702P,南電康和01售01  ,0,0,0,0,0,0,0,0,0,-370000,0,0,0,130000,500000,-370000,-370000
068558,聯電元大01購07  ,0,0,0,0,0,0,0,0,0,-370000,0,0,0,5000,375000,-370000,-370000
064704,嘉晶國泰01購01  ,0,0,0,0,0,0,0,0,0,-371000,0,0,0,53000,424000,-371000,-371000
08999P,玉晶光群益02售16,0,0,0,0,0,0,0,0,0,-371000,0,0,0,128000,499000,-371000,-371000
067410,聚陽兆豐01購01  ,0,0,0,0,0,0,0,0,0,-371000,0,0,0,154000,525000,-371000,-371000
065055,臺股指凱基02購04,0,0,0,0,0,0,0,0,0,-372000,0,0,0,161000,533000,-372000,-372000
068671,台積電統一04購02,0,0,0,0,0,0,0,0,0,-372000,0,0,0,0,372000,-372000,-372000
07875P,祥碩群益9B售01  ,0,0,0,0,0,0,0,0,0,-373000,0,0,0,0,373000,-373000,-373000
067540,新日興群益02購01,0,0,0,0,0,0,0,0,0,-373000,0,0,0,10000,383000,-373000,-373000
066704,創意群益01購02  ,0,0,0,0,0,0,0,0,0,-373000,0,0,0,0,373000,-373000,-373000
065994,南六永豐01購01  ,0,0,0,0,0,0,0,0,0,-374000,0,0,0,37000,411000,-374000,-374000
061488,奇力新兆豐9A購01,0,0,0,0,0,0,0,0,0,-375000,0,0,0,4000,379000,-375000,-375000
060121,新光金富邦99購01,0,0,0,0,0,0,0,0,0,-375000,0,0,0,200000,575000,-375000,-375000
057385,光罩永豐99購01  ,0,0,0,0,0,0,0,0,0,-375000,0,0,0,5000,380000,-375000,-375000
064735,群創元富9C購02  ,0,0,0,0,0,0,0,0,0,-376000,0,0,0,24000,400000,-376000,-376000
060284,南港元大01購01  ,0,0,0,0,0,0,0,0,0,-378000,0,0,0,122000,500000,-378000,-378000
067279,美利達統一02購02,0,0,0,0,0,0,0,0,0,-378000,0,0,0,55000,433000,-378000,-378000
1736,喬山            ,177000,529400,-352400,0,0,0,0,0,0,-26000,0,0,0,1000,27000,-26000,-378400
068471,聯發科群益01購11,0,0,0,0,0,0,0,0,0,-379000,0,0,0,10000,389000,-379000,-379000
064278,高鐵元大9C購02  ,0,0,0,0,0,0,0,0,0,-379000,0,0,0,0,379000,-379000,-379000
063251,同欣電元大9B購04,0,0,0,0,0,0,0,0,0,-379000,0,0,0,3000,382000,-379000,-379000
8213,志超            ,109000,429000,-320000,0,0,0,0,0,0,-59000,5000,1000,4000,9000,72000,-63000,-379000
063171,光寶科中信9B購01,0,0,0,0,0,0,0,0,0,-381000,0,0,0,0,381000,-381000,-381000
065490,國巨國泰02購02  ,0,0,0,0,0,0,0,0,0,-381000,0,0,0,25000,406000,-381000,-381000
066283,鎧勝元大01購02  ,0,0,0,0,0,0,0,0,0,-381000,0,0,0,280000,661000,-381000,-381000
064193,華新群益9C購01  ,0,0,0,0,0,0,0,0,0,-383000,0,0,0,115000,498000,-383000,-383000
064839,旭富統一9C購01  ,0,0,0,0,0,0,0,0,0,-383000,0,0,0,6000,389000,-383000,-383000
062017,京鼎永豐9B購01  ,0,0,0,0,0,0,0,0,0,-383000,0,0,0,0,383000,-383000,-383000
068394,GIS統一03購02   ,0,0,0,0,0,0,0,0,0,-384000,0,0,0,20000,404000,-384000,-384000
066922,台表科麥證01購01,0,0,0,0,384000,-384000,0,0,0,-384000,0,0,0,0,384000,-384000,-384000
062097,台光電永豐9B購01,0,0,0,0,0,0,0,0,0,-385000,0,0,0,106000,491000,-385000,-385000
061197,矽創永豐9A購02  ,0,0,0,0,0,0,0,0,0,-385000,0,0,0,130000,515000,-385000,-385000
067748,GIS元大01購02   ,0,0,0,0,0,0,0,0,0,-387000,0,0,0,169000,556000,-387000,-387000
067993,宏碁元大01購02  ,0,0,0,0,0,0,0,0,0,-387000,0,0,0,154000,541000,-387000,-387000
2359,所羅門          ,255000,634000,-379000,0,0,0,0,0,0,-8000,0,8000,-8000,0,0,0,-387000
4956,光鋐            ,745000,1132000,-387000,0,0,0,0,0,0,-1000,0,1000,-1000,0,0,0,-388000
08865P,欣興元大01售02  ,0,0,0,0,0,0,0,0,0,-389000,0,0,0,20000,409000,-389000,-389000
057973,神達富邦9A購01  ,0,0,0,0,0,0,0,0,0,-389000,0,0,0,2000,391000,-389000,-389000
055902,同欣電中信99購01,0,0,0,0,0,0,0,0,0,-389000,0,0,0,102000,491000,-389000,-389000
063583,GIS國泰01購01   ,0,0,0,0,0,0,0,0,0,-389000,0,0,0,31000,420000,-389000,-389000
2812,台中銀          ,190000,577000,-387000,0,0,0,0,0,0,-2000,0,2000,-2000,0,0,0,-389000
00655L,國泰中國A50正2  ,67000,105000,-38000,0,0,0,0,0,0,-353000,0,0,0,3929000,4282000,-353000,-391000
067643,台郡統一03購01  ,0,0,0,0,0,0,0,0,0,-391000,0,0,0,190000,581000,-391000,-391000
067867,冠德元大01購01  ,0,0,0,0,0,0,0,0,0,-391000,0,0,0,491000,882000,-391000,-391000
2441,超豐            ,139000,542000,-403000,0,0,0,0,0,0,12000,12000,0,12000,0,0,0,-391000
07965P,玉晶光群益01售02,0,0,0,0,0,0,0,0,0,-393000,0,0,0,156000,549000,-393000,-393000
066218,美利達統一03購02,0,0,0,0,0,0,0,0,0,-393000,0,0,0,80000,473000,-393000,-393000
08140P,祥碩元大9B售07  ,0,0,0,0,0,0,0,0,0,-395000,0,0,0,100000,495000,-395000,-395000
064732,GIS統一01購03   ,0,0,0,0,0,0,0,0,0,-395000,0,0,0,157000,552000,-395000,-395000
066114,瑞昱兆豐02購01  ,0,0,0,0,0,0,0,0,0,-395000,0,0,0,533000,928000,-395000,-395000
07929P,旺宏統一9B售07  ,0,0,0,0,0,0,0,0,0,-397000,0,0,0,25000,422000,-397000,-397000
068162,GIS元大02購01   ,0,0,0,0,0,0,0,0,0,-397000,0,0,0,12000,409000,-397000,-397000
066272,聯陽元大01購01  ,0,0,0,0,0,0,0,0,0,-398000,0,0,0,206000,604000,-398000,-398000
059397,T50反1元富99購05,0,0,0,0,0,0,0,0,0,-399000,0,0,0,0,399000,-399000,-399000
062130,T50反1群益9B購01,0,0,0,0,0,0,0,0,0,-399000,0,0,0,0,399000,-399000,-399000
8046,南電            ,2553000,3077000,-524000,0,0,0,551000,0,551000,-426000,187000,133000,54000,49000,529000,-480000,-399000
065610,牧德元大02購01  ,0,0,0,0,0,0,0,0,0,-400000,0,0,0,0,400000,-400000,-400000
066586,道瓊反群益01購02,0,0,0,0,0,0,0,0,0,-400000,0,0,0,0,400000,-400000,-400000
068238,臺指反元大04購09,0,0,0,0,0,0,0,0,0,-401000,0,0,0,100000,501000,-401000,-401000
067704,台表科麥證01購02,0,0,0,0,401000,-401000,0,0,0,-401000,0,0,0,0,401000,-401000,-401000
08365P,貿聯凱基9C售01  ,0,0,0,0,0,0,0,0,0,-403000,0,0,0,20000,423000,-403000,-403000
063542,泰鼎元富9B購02  ,0,0,0,0,0,0,0,0,0,-403000,0,0,0,56000,459000,-403000,-403000
2388,威盛            ,490000,893000,-403000,0,0,0,0,0,0,0,0,0,0,0,0,0,-403000
2515,中工            ,176000,727000,-551000,0,0,0,0,0,0,147000,148000,62000,86000,61000,0,61000,-404000
063671,GIS統一01購01   ,0,0,0,0,0,0,0,0,0,-405000,0,0,0,456000,861000,-405000,-405000
062164,禾伸堂國泰01購01,0,0,0,0,0,0,0,0,0,-405000,0,0,0,0,405000,-405000,-405000
064503,日電貿元大9C購01,0,0,0,0,0,0,0,0,0,-406000,0,0,0,0,406000,-406000,-406000
064465,台表科統一01購02,0,0,0,0,0,0,0,0,0,-406000,0,0,0,314000,720000,-406000,-406000
067084,泰鼎元大01購02  ,0,0,0,0,0,0,0,0,0,-406000,0,0,0,3000,409000,-406000,-406000
067003,聯發科永豐01購02,0,0,0,0,0,0,0,0,0,-406000,0,0,0,50000,456000,-406000,-406000
6209,今國光          ,591000,1097000,-506000,0,0,0,0,0,0,100000,100000,0,100000,0,0,0,-406000
08748P,台積電元富07售02,0,0,0,0,0,0,0,0,0,-407000,0,0,0,0,407000,-407000,-407000
066385,巨大康和01購01  ,0,0,0,0,0,0,0,0,0,-407000,0,0,0,10000,417000,-407000,-407000
058615,矽創元大99購01  ,0,0,0,0,0,0,0,0,0,-408000,0,0,0,126000,534000,-408000,-408000
066891,鴻海兆豐04購01  ,0,0,0,0,0,0,0,0,0,-409000,0,0,0,0,409000,-409000,-409000
067745,泰鼎元大01購03  ,0,0,0,0,0,0,0,0,0,-409000,0,0,0,92000,501000,-409000,-409000
056764,友達元大9A購03  ,0,0,0,0,0,0,0,0,0,-410000,0,0,0,27000,437000,-410000,-410000
062496,矽創中信9B購01  ,0,0,0,0,0,0,0,0,0,-410000,0,0,0,718000,1128000,-410000,-410000
068579,GIS國泰03購01   ,0,0,0,0,0,0,0,0,0,-411000,0,0,0,170000,581000,-411000,-411000
8996,高力            ,69000,492000,-423000,0,0,0,0,0,0,12000,15000,3000,12000,0,0,0,-411000
1904,正隆            ,541000,932000,-391000,0,0,0,0,0,0,-20000,0,0,0,33000,53000,-20000,-411000
2614,東森            ,124000,470000,-346000,0,0,0,0,0,0,-67000,17000,1000,16000,0,83000,-83000,-413000
03002P,玉晶光群益02售18,0,0,0,0,0,0,0,0,0,-414000,0,0,0,53000,467000,-414000,-414000
065466,台表科中信01購03,0,0,0,0,0,0,0,0,0,-414000,0,0,0,41000,455000,-414000,-414000
067037,美利達康和01購02,0,0,0,0,0,0,0,0,0,-414000,0,0,0,196000,610000,-414000,-414000
063145,台表科統一02購01,0,0,0,0,0,0,0,0,0,-415000,0,0,0,20000,435000,-415000,-415000
065356,聯發科元富03購06,0,0,0,0,0,0,0,0,0,-416000,0,0,0,14000,430000,-416000,-416000
068097,台積電富邦03購05,0,0,0,0,0,0,0,0,0,-416000,0,0,0,0,416000,-416000,-416000
067666,國巨元大02購03  ,0,0,0,0,0,0,0,0,0,-418000,0,0,0,32000,450000,-418000,-418000
2031,新光鋼          ,14000,441000,-427000,0,0,0,0,0,0,9000,19000,10000,9000,0,0,0,-418000
062422,億光統一01購01  ,0,0,0,0,0,0,0,0,0,-420000,0,0,0,399000,819000,-420000,-420000
2458,義隆            ,2435000,2382000,53000,0,0,0,1000,10000,-9000,-468000,141000,515000,-374000,172000,266000,-94000,-424000
068344,台積電麥證01購13,0,0,0,16000,444000,-428000,0,0,0,-428000,0,0,0,16000,444000,-428000,-428000
068324,台積電元大01購43,0,0,0,0,0,0,0,0,0,-428000,0,0,0,31000,459000,-428000,-428000
066998,訊芯國泰03購01  ,0,0,0,0,0,0,0,0,0,-428000,0,0,0,428000,856000,-428000,-428000
067121,台虹群益01購01  ,0,0,0,0,0,0,0,0,0,-429000,0,0,0,1000,430000,-429000,-429000
1711,永光            ,224000,499000,-275000,0,0,0,0,0,0,-154000,0,9000,-9000,0,145000,-145000,-429000
061828,T50反1凱基02購01,0,0,0,0,0,0,0,0,0,-430000,0,0,0,0,430000,-430000,-430000
064786,GIS群益9C購04   ,0,0,0,0,0,0,0,0,0,-431000,0,0,0,138000,569000,-431000,-431000
03452B,臺股指凱基03熊05,0,0,0,0,0,0,0,0,0,-431000,0,0,0,93000,524000,-431000,-431000
067208,瑞昱元大01購03  ,0,0,0,0,0,0,0,0,0,-431000,0,0,0,472000,903000,-431000,-431000
2006,東和鋼鐵        ,84000,518000,-434000,0,0,0,0,0,0,0,0,0,0,0,0,0,-434000
066432,南六元大01購02  ,0,0,0,0,0,0,0,0,0,-435000,0,0,0,75000,510000,-435000,-435000
2208,台船            ,65000,490000,-425000,0,0,0,0,0,0,-11000,0,14000,-14000,5000,2000,3000,-436000
066391,國巨凱基01購04  ,0,0,0,0,0,0,0,0,0,-438000,0,0,0,0,438000,-438000,-438000
2347,聯強            ,978865,1078003,-99138,0,0,0,99000,0,99000,-438000,1000,18000,-17000,4000,425000,-421000,-438138
066654,上証2X凱基03購02,0,0,0,0,0,0,0,0,0,-440000,0,0,0,74000,514000,-440000,-440000
061137,晶技統一9B購01  ,0,0,0,0,0,0,0,0,0,-442000,0,0,0,427000,869000,-442000,-442000
9945,潤泰新          ,1141631,1831693,-690062,0,0,0,0,20000,-20000,268000,27000,5000,22000,266000,20000,246000,-442062
061138,晶技統一9C購01  ,0,0,0,0,0,0,0,0,0,-443000,0,0,0,33000,476000,-443000,-443000
066954,聯詠元大01購04  ,0,0,0,0,0,0,0,0,0,-444000,0,0,0,418000,862000,-444000,-444000
4977,眾達-KY         ,56000,505000,-449000,0,0,0,0,0,0,1000,0,2000,-2000,8000,5000,3000,-448000
066737,創意元大01購05  ,0,0,0,0,0,0,0,0,0,-449000,0,0,0,23000,472000,-449000,-449000
2104,國際中橡        ,2350000,2757460,-407460,0,0,0,0,0,0,-42000,0,38000,-38000,2000,6000,-4000,-449460
058692,華邦電國票9B購01,0,0,0,0,0,0,0,0,0,-450000,0,0,0,0,450000,-450000,-450000
058807,和大統一9B購01  ,0,0,0,0,0,0,0,0,0,-450000,0,0,0,0,450000,-450000,-450000
066690,瑞昱台新01購01  ,0,0,0,0,0,0,0,0,0,-450000,0,0,0,112000,562000,-450000,-450000
063944,建準元大9C購01  ,0,0,0,0,0,0,0,0,0,-451000,0,0,0,179000,630000,-451000,-451000
067266,義隆國泰03購01  ,0,18000,-18000,0,0,0,0,0,0,-433000,0,0,0,1422000,1855000,-433000,-451000
067090,南六元大01購04  ,0,0,0,0,0,0,0,0,0,-453000,0,0,0,242000,695000,-453000,-453000
067952,台光電永豐01購01,0,0,0,0,0,0,0,0,0,-456000,0,0,0,84000,540000,-456000,-456000
054791,泰碩群益99購02  ,0,0,0,0,0,0,0,0,0,-459000,0,0,0,0,459000,-459000,-459000
067324,巨大元大01購04  ,0,0,0,0,0,0,0,0,0,-459000,0,0,0,93000,552000,-459000,-459000
068405,玉晶光元富07購01,0,0,0,0,0,0,0,0,0,-460000,0,0,0,20000,480000,-460000,-460000
067875,百和元大01購01  ,0,0,0,0,0,0,0,0,0,-460000,0,0,0,320000,780000,-460000,-460000
068463,聯發科富邦03購07,0,0,0,0,0,0,0,0,0,-461000,0,0,0,10000,471000,-461000,-461000
1515,力山            ,598000,1185000,-587000,0,0,0,0,0,0,125000,70000,15000,55000,116000,46000,70000,-462000
068485,台達電元大01購05,0,0,0,0,0,0,0,0,0,-463000,0,0,0,167000,630000,-463000,-463000
067214,聯陽元大01購02  ,0,0,0,0,0,0,0,0,0,-463000,0,0,0,323000,786000,-463000,-463000
2349,錸德            ,369000,832000,-463000,0,0,0,0,0,0,0,0,0,0,0,0,0,-463000
5871,中租-KY         ,879000,1318467,-439467,0,0,0,2000,0,2000,-29000,14000,42000,-28000,3000,4000,-1000,-466467
052491,泰碩國票99購01  ,0,0,0,0,0,0,0,0,0,-468000,0,0,0,0,468000,-468000,-468000
066483,瑞昱元富01購01  ,0,0,0,0,0,0,0,0,0,-469000,0,0,0,397000,866000,-469000,-469000
067558,中工國票02購01  ,0,0,0,0,0,0,0,0,0,-472000,0,0,0,87000,559000,-472000,-472000
068565,建準元大01購02  ,0,0,0,0,0,0,0,0,0,-473000,0,0,0,51000,524000,-473000,-473000
00676R,富邦臺灣加權反1 ,18000,132000,-114000,0,0,0,0,0,0,-361000,0,0,0,672000,1033000,-361000,-475000
066532,力成元富07購01  ,0,0,0,0,0,0,0,0,0,-477000,0,0,0,13000,490000,-477000,-477000
068110,華新元富03購01  ,0,0,0,0,0,0,0,0,0,-479000,0,0,0,337000,816000,-479000,-479000
08995P,台灣50群益01售12,0,0,0,0,0,0,0,0,0,-481000,0,0,0,0,481000,-481000,-481000
066644,瑞昱麥證01購01  ,0,0,0,82000,677000,-595000,0,0,0,-481000,0,0,0,201000,682000,-481000,-481000
066330,新興永豐01購01  ,0,0,0,0,0,0,0,0,0,-482000,0,0,0,8000,490000,-482000,-482000
066688,台積電元富07購01,0,0,0,0,0,0,0,0,0,-484000,0,0,0,249000,733000,-484000,-484000
065943,台表科元富01購01,0,0,0,0,0,0,0,0,0,-484000,0,0,0,0,484000,-484000,-484000
068509,義隆台新01購01  ,0,0,0,0,0,0,0,0,0,-485000,0,0,0,287000,772000,-485000,-485000
063362,台表科國泰01購03,0,0,0,0,0,0,0,0,0,-485000,0,0,0,24000,509000,-485000,-485000
1760,寶齡富錦        ,451000,938000,-487000,0,0,0,0,0,0,0,0,0,0,0,0,0,-487000
068593,台積電統一03購08,0,0,0,0,0,0,0,0,0,-491000,0,0,0,151000,642000,-491000,-491000
00701,國泰股利精選30  ,2000,112000,-110000,0,0,0,0,0,0,-385000,3000,0,3000,84000,472000,-388000,-495000
066117,茂林兆豐02購01  ,0,0,0,0,0,0,0,0,0,-495000,0,0,0,420000,915000,-495000,-495000
065599,台光電元大9C購05,0,0,0,0,0,0,0,0,0,-496000,0,0,0,383000,879000,-496000,-496000
3027,盛達            ,260000,756000,-496000,0,0,0,0,0,0,0,0,0,0,0,0,0,-496000
067087,帆宣元大01購03  ,0,0,0,0,0,0,0,0,0,-498000,0,0,0,55000,553000,-498000,-498000
03007P,玉晶光永豐01售01,0,0,0,0,0,0,0,0,0,-499000,0,0,0,0,499000,-499000,-499000
068502,帆宣元大01購05  ,0,0,0,0,0,0,0,0,0,-500000,0,0,0,0,500000,-500000,-500000
067355,大立光群益01購07,0,0,0,0,0,0,0,0,0,-502000,0,0,0,0,502000,-502000,-502000
067511,拓凱統一01購01  ,0,0,0,0,0,0,0,0,0,-503000,0,0,0,0,503000,-503000,-503000
068012,台虹元大01購04  ,0,0,0,0,0,0,0,0,0,-503000,0,0,0,13000,516000,-503000,-503000
065933,鴻海群益01購06  ,0,0,0,0,0,0,0,0,0,-503000,0,0,0,298000,801000,-503000,-503000
2404,漢唐            ,54000,472863,-418863,0,0,0,0,0,0,-86000,0,1000,-1000,1000,86000,-85000,-504863
03042P,玉晶光國票04售01,0,0,0,0,0,0,0,0,0,-505000,0,0,0,2000,507000,-505000,-505000
064236,奇力新統一01購04,0,0,0,0,0,0,0,0,0,-507000,0,0,0,0,507000,-507000,-507000
063788,矽創統一02購01  ,0,0,0,0,0,0,0,0,0,-507000,0,0,0,1000,508000,-507000,-507000
066850,鎧勝元大01購03  ,0,0,0,0,0,0,0,0,0,-507000,0,0,0,147000,654000,-507000,-507000
067323,美利達元大01購04,0,0,0,0,0,0,0,0,0,-507000,0,0,0,129000,636000,-507000,-507000
067366,巨大群益01購01  ,0,0,0,0,0,0,0,0,0,-508000,0,0,0,0,508000,-508000,-508000
5876,上海商銀        ,3625362,4269000,-643638,0,0,0,1000,0,1000,134000,0,14000,-14000,154000,6000,148000,-508638
08998P,玉晶光群益02售15,0,0,0,0,0,0,0,0,0,-509000,0,0,0,0,509000,-509000,-509000
064815,台表科元大01購01,0,0,0,0,0,0,0,0,0,-509000,0,0,0,147000,656000,-509000,-509000
03432B,臺股指凱基98熊13,0,0,0,0,0,0,0,0,0,-509000,0,0,0,424000,933000,-509000,-509000
03015P,玉晶光永豐01售06,0,0,0,0,0,0,0,0,0,-509000,0,0,0,16000,525000,-509000,-509000
067328,鎧勝康和01購02  ,0,0,0,0,0,0,0,0,0,-512000,0,0,0,84000,596000,-512000,-512000
059074,元油2X元大9C購15,0,0,0,0,0,0,0,0,0,-515000,0,0,0,0,515000,-515000,-515000
1717,長興            ,393000,955000,-562000,0,0,0,0,0,0,46000,50000,2000,48000,0,2000,-2000,-516000
065959,T50反1元大01購02,0,0,0,0,0,0,0,0,0,-517000,0,0,0,0,517000,-517000,-517000
068011,台表科元大01購05,0,0,0,0,0,0,0,0,0,-518000,0,0,0,45000,563000,-518000,-518000
065305,泰鼎元富9C購01  ,0,0,0,0,0,0,0,0,0,-519000,0,0,0,91000,610000,-519000,-519000
065405,華新科富邦03購01,0,0,0,0,0,0,0,0,0,-522000,0,0,0,0,522000,-522000,-522000
067028,上海銀兆豐03購01,0,0,0,0,0,0,0,0,0,-522000,0,0,0,0,522000,-522000,-522000
066004,國巨統一01購11  ,0,0,0,0,0,0,0,0,0,-523000,0,0,0,0,523000,-523000,-523000
2520,冠德            ,956000,1698000,-742000,0,0,0,0,0,0,216000,93000,14000,79000,137000,0,137000,-526000
068062,瑞昱兆豐03購01  ,0,0,0,0,0,0,0,0,0,-528000,0,0,0,482000,1010000,-528000,-528000
4904,遠傳            ,1503475,2050000,-546525,0,0,0,72000,0,72000,-54000,0,56000,-56000,6000,4000,2000,-528525
068624,聯發科群益02購08,0,0,0,0,0,0,0,0,0,-529000,0,0,0,0,529000,-529000,-529000
08094P,華新科元富9B售05,0,0,0,0,0,0,0,0,0,-537000,0,0,0,432000,969000,-537000,-537000
068039,鎧勝元富07購01  ,0,0,0,0,0,0,0,0,0,-537000,0,0,0,245000,782000,-537000,-537000
063361,台表科國泰01購02,0,0,0,0,0,0,0,0,0,-538000,0,0,0,77000,615000,-538000,-538000
3380,明泰            ,1018000,1298000,-280000,0,0,0,0,0,0,-258000,17000,4000,13000,0,271000,-271000,-538000
067623,台積電富邦04購05,0,0,0,0,0,0,0,0,0,-540000,0,0,0,0,540000,-540000,-540000
067639,奇力新統一01購06,0,0,0,0,0,0,0,0,0,-540000,0,0,0,49000,589000,-540000,-540000
1590,亞德客-KY       ,740718,1207819,-467101,0,0,0,0,54000,-54000,-24000,25000,13000,12000,11000,47000,-36000,-545101
067178,京鼎康和01購01  ,0,0,0,0,0,0,0,0,0,-546000,0,0,0,124000,670000,-546000,-546000
4935,茂林-KY         ,625000,1216000,-591000,0,0,0,5000,0,5000,40000,41000,51000,-10000,108000,58000,50000,-546000
068217,台達電統一03購01,0,0,0,0,0,0,0,0,0,-547000,0,0,0,222000,769000,-547000,-547000
065685,同欣電統一01購04,0,0,0,0,0,0,0,0,0,-550000,0,0,0,53000,603000,-550000,-550000
2049,上銀            ,329240,854534,-525294,0,0,0,6000,0,6000,-31000,11000,12000,-1000,6000,36000,-30000,-550294
065762,台表科元大9C購13,0,0,0,0,0,0,0,0,0,-552000,0,0,0,161000,713000,-552000,-552000
065464,健鼎中信9C購01  ,0,0,0,0,0,0,0,0,0,-554000,0,0,0,10000,564000,-554000,-554000
2820,華票            ,230000,751000,-521000,0,0,0,0,0,0,-35000,20000,55000,-35000,0,0,0,-556000
060708,康友富邦9B購01  ,0,0,0,0,0,0,0,0,0,-557000,0,0,0,10000,567000,-557000,-557000
2356,英業達          ,9309906,9280000,29906,0,0,0,259000,0,259000,-846000,43000,36000,7000,3000,856000,-853000,-557094
1722,台肥            ,1122000,1686000,-564000,0,0,0,0,0,0,4000,20000,16000,4000,0,0,0,-560000
063674,力山國泰01購02  ,0,0,0,0,0,0,0,0,0,-561000,0,0,0,717000,1278000,-561000,-561000
068499,京鼎元大01購07  ,0,0,0,0,0,0,0,0,0,-562000,0,0,0,94000,656000,-562000,-562000
068308,強茂國票01購01  ,0,0,0,0,0,0,0,0,0,-562000,0,0,0,724000,1286000,-562000,-562000
068229,聯發科元富07購09,0,0,0,0,0,0,0,0,0,-566000,0,0,0,81000,647000,-566000,-566000
00650L,FH香港正2       ,60000,60000,0,0,0,0,0,0,0,-567000,0,0,0,166000,733000,-567000,-567000
063049,上海銀兆豐9B購01,0,0,0,0,0,0,0,0,0,-568000,0,0,0,0,568000,-568000,-568000
067007,拓凱永豐01購02  ,0,0,0,0,0,0,0,0,0,-570000,0,0,0,0,570000,-570000,-570000
00633L,富邦上証正2     ,1261000,2540000,-1279000,0,0,0,0,0,0,705000,0,21000,-21000,5719000,4993000,726000,-574000
063360,茂林國泰9C購02  ,0,0,0,0,0,0,0,0,0,-575000,0,0,0,106000,681000,-575000,-575000
066686,鴻海元富07購05  ,0,0,0,0,0,0,0,0,0,-575000,0,0,0,40000,615000,-575000,-575000
064843,巨大統一02購01  ,0,0,0,0,0,0,0,0,0,-577000,0,0,0,146000,723000,-577000,-577000
051887,上証2X元富98購01,0,0,0,0,0,0,0,0,0,-580000,0,0,0,0,580000,-580000,-580000
067888,奇力新群益01購02,0,0,0,0,0,0,0,0,0,-582000,0,0,0,17000,599000,-582000,-582000
2915,潤泰全          ,172314,515600,-343286,0,0,0,0,0,0,-239000,10000,51000,-41000,22000,220000,-198000,-582286
2498,宏達電          ,711000,849000,-138000,0,0,0,3000,0,3000,-448000,94000,195000,-101000,24000,371000,-347000,-583000
065746,光寶科元大9C購01,0,0,0,0,0,0,0,0,0,-585000,0,0,0,307000,892000,-585000,-585000
08744P,臺股指凱基02售05,0,0,0,0,0,0,0,0,0,-587000,0,0,0,493000,1080000,-587000,-587000
063861,南亞科國泰02購01,0,0,0,0,0,0,0,0,0,-588000,0,0,0,144000,732000,-588000,-588000
065554,群創凱基02購02  ,0,0,0,0,0,0,0,0,0,-590000,0,0,0,10000,600000,-590000,-590000
067118,上緯控群益01購01,0,0,0,0,0,0,0,0,0,-591000,0,0,0,426000,1017000,-591000,-591000
1734,杏輝            ,5000,463020,-458020,0,0,0,0,0,0,-132999,0,0,0,50001,183000,-132999,-591019
07992P,玉晶光群益01售04,0,0,0,0,0,0,0,0,0,-594000,0,0,0,54000,648000,-594000,-594000
066465,同欣電統一01購05,0,0,0,0,0,0,0,0,0,-594000,0,0,0,104000,698000,-594000,-594000
068396,南電統一03購02  ,0,0,0,0,0,0,0,0,0,-595000,0,0,0,473000,1068000,-595000,-595000
07536P,華新科元富9A售04,0,0,0,0,0,0,0,0,0,-598000,0,0,0,69000,667000,-598000,-598000
060890,大立光統一01購01,0,0,0,0,0,0,0,0,0,-599000,0,0,0,40000,639000,-599000,-599000
064303,新光金兆豐01購01,0,0,0,0,0,0,0,0,0,-600000,0,0,0,0,600000,-600000,-600000
056775,康控元大99購01  ,0,0,0,0,0,0,0,0,0,-600000,0,0,0,95000,695000,-600000,-600000
08893P,京元電元大01售06,0,0,0,0,0,0,0,0,0,-602000,0,0,0,10000,612000,-602000,-602000
3665,貿聯-KY         ,177000,376478,-199478,0,0,0,0,392155,-392155,-11515,3000,0,3000,4000,18515,-14515,-603148
1714,和桐            ,106000,723000,-617000,0,0,0,0,0,0,11000,13000,2000,11000,0,0,0,-606000
063900,GIS群益9C購03   ,0,0,0,0,0,0,0,0,0,-607000,0,0,0,62000,669000,-607000,-607000
064045,南亞科統一9C購04,0,0,0,0,0,0,0,0,0,-609000,0,0,0,120000,729000,-609000,-609000
068516,聯發科統一05購02,0,0,0,0,0,0,0,0,0,-615000,0,0,0,8000,623000,-615000,-615000
062491,矽創永豐9B購01  ,0,0,0,0,0,0,0,0,0,-615000,0,0,0,57000,672000,-615000,-615000
2903,遠百            ,217000,821000,-604000,0,0,0,0,0,0,-11000,15000,26000,-11000,0,0,0,-615000
6191,精成科          ,95000,701000,-606000,0,0,0,0,0,0,-10000,0,17000,-17000,10000,3000,7000,-616000
2455,全新            ,223000,853000,-630000,0,0,0,0,0,0,9000,76000,53000,23000,39000,53000,-14000,-621000
6505,台塑化          ,1180828,1805000,-624172,0,0,0,1000,0,1000,-2000,0,8000,-8000,7000,1000,6000,-625172
065306,泰鼎元富9C購02  ,0,0,0,0,0,0,0,0,0,-627000,0,0,0,12000,639000,-627000,-627000
068227,聯發科元富07購07,10000,0,10000,0,0,0,0,0,0,-639000,0,0,0,93000,732000,-639000,-629000
054806,台化元大9A購01  ,0,0,0,0,0,0,0,0,0,-630000,0,0,0,0,630000,-630000,-630000
08068P,宏達電國泰9C售01,0,0,0,0,0,0,0,0,0,-631000,0,0,0,0,631000,-631000,-631000
066501,鴻海富邦03購01  ,0,0,0,0,0,0,0,0,0,-631000,0,0,0,37000,668000,-631000,-631000
1907,永豐餘          ,132000,821000,-689000,0,0,0,0,0,0,58000,0,0,0,58000,0,58000,-631000
3596,智易            ,196000,786000,-590000,0,0,0,0,0,0,-41000,3000,17000,-14000,27000,54000,-27000,-631000
067369,瑞昱統一01購07  ,0,0,0,0,0,0,0,0,0,-637000,0,0,0,174000,811000,-637000,-637000
3698,隆達            ,2497000,3359000,-862000,0,0,0,0,0,0,221000,459000,294000,165000,56000,0,56000,-641000
068215,潤泰新凱基01購02,0,0,0,0,0,0,0,0,0,-643000,0,0,0,79000,722000,-643000,-643000
062974,奇力新元富9B購01,0,0,0,0,0,0,0,0,0,-646000,0,0,0,12000,658000,-646000,-646000
063148,建準元富9B購01  ,0,0,0,0,0,0,0,0,0,-647000,0,0,0,258000,905000,-647000,-647000
067500,台表科元大01購03,0,0,0,0,0,0,0,0,0,-649000,0,0,0,49000,698000,-649000,-649000
3645,達邁            ,766000,1563000,-797000,0,0,0,0,0,0,148000,150000,2000,148000,0,0,0,-649000
063728,國巨元大9B購21  ,0,0,0,0,0,0,0,0,0,-650000,0,0,0,0,650000,-650000,-650000
068572,帆宣元大01購07  ,0,0,0,0,0,0,0,0,0,-653000,0,0,0,0,653000,-653000,-653000
4746,台耀            ,259000,514000,-255000,0,0,0,0,400000,-400000,1000,2000,1000,1000,0,0,0,-654000
063124,奇力新元大9B購05,0,0,0,0,0,0,0,0,0,-657000,0,0,0,0,657000,-657000,-657000
063549,國巨國票9C購05  ,0,0,0,0,0,0,0,0,0,-658000,0,0,0,1000,659000,-658000,-658000
3702,大聯大          ,6351919,2711000,3640919,0,0,0,5000,0,5000,-4305000,32000,571000,-539000,21000,3787000,-3766000,-659081
2312,金寶            ,530000,1163000,-633000,0,0,0,0,0,0,-28000,0,3000,-3000,0,25000,-25000,-661000
08638P,泰碩國票9C售01  ,0,0,0,0,0,0,0,0,0,-664000,0,0,0,0,664000,-664000,-664000
2204,中華            ,97000,810000,-713000,0,0,0,0,0,0,49000,35000,8000,27000,22000,0,22000,-664000
060964,日月光凱基9A購01,0,0,0,0,0,0,0,0,0,-666000,0,0,0,148000,814000,-666000,-666000
057578,可成中信99購01  ,0,0,0,0,0,0,0,0,0,-670000,0,0,0,40000,710000,-670000,-670000
057011,日月光中信99購01,0,0,0,0,0,0,0,0,0,-677000,0,0,0,153000,830000,-677000,-677000
067968,大立光群益01購10,0,0,0,0,0,0,0,0,0,-678000,0,0,0,7000,685000,-678000,-678000
062008,南亞科國泰9C購01,0,0,0,0,0,0,0,0,0,-680000,0,0,0,57000,737000,-680000,-680000
6477,安集            ,771000,1484000,-713000,0,0,0,0,0,0,30000,30000,0,30000,0,0,0,-683000
068055,鎧勝統一02購02  ,0,0,0,0,0,0,0,0,0,-685000,0,0,0,249000,934000,-685000,-685000
059101,康控統一9A購01  ,0,0,0,0,0,0,0,0,0,-689000,0,0,0,635000,1324000,-689000,-689000
058437,可成統一9B購01  ,0,0,0,0,0,0,0,0,0,-693000,0,0,0,100000,793000,-693000,-693000
07976P,聯發科群益9C售02,0,0,0,0,0,0,0,0,0,-695000,0,0,0,0,695000,-695000,-695000
067386,巨大統一02購02  ,0,0,0,0,0,0,0,0,0,-695000,0,0,0,0,695000,-695000,-695000
067177,日月光麥證01購02,0,0,0,20000,715000,-695000,0,0,0,-695000,0,0,0,20000,715000,-695000,-695000
1303,南亞            ,6285130,7077000,-791870,0,0,0,90000,0,90000,4000,13000,2000,11000,0,7000,-7000,-697870
066994,聯發科國泰03購02,0,0,0,0,0,0,0,0,0,-699000,0,0,0,0,699000,-699000,-699000
067906,國揚國泰02購01  ,0,0,0,0,0,0,0,0,0,-709000,0,0,0,206000,915000,-709000,-709000
06529P,貿聯富邦99售03  ,0,0,0,0,0,0,0,0,0,-710000,0,0,0,160000,870000,-710000,-710000
064245,GIS統一02購02   ,0,0,0,0,0,0,0,0,0,-711000,0,0,0,32000,743000,-711000,-711000
066829,奇力新群益01購01,0,0,0,0,0,0,0,0,0,-714000,0,0,0,0,714000,-714000,-714000
3376,新日興          ,350000,684000,-334000,0,0,0,0,424000,-424000,42000,34000,14000,20000,23000,1000,22000,-716000
067304,義隆元大01購05  ,0,0,0,0,0,0,0,0,0,-717000,0,0,0,777000,1494000,-717000,-717000
067146,台達電統一02購01,0,0,0,0,0,0,0,0,0,-718000,0,0,0,381000,1099000,-718000,-718000
08518P,世芯群益9C售03  ,0,0,0,0,0,0,0,0,0,-721000,0,0,0,0,721000,-721000,-721000
063624,GIS兆豐9B購01   ,0,0,0,0,0,0,0,0,0,-721000,0,0,0,310000,1031000,-721000,-721000
068252,晶技元大01購05  ,0,0,0,0,0,0,0,0,0,-728000,0,0,0,26000,754000,-728000,-728000
5203,訊連            ,89000,839000,-750000,0,0,0,0,0,0,10000,10000,0,10000,0,0,0,-740000
059093,旭富元大99購01  ,0,0,0,0,0,0,0,0,0,-742000,0,0,0,69000,811000,-742000,-742000
067843,聯發科元富07購05,0,0,0,0,0,0,0,0,0,-746000,0,0,0,70000,816000,-746000,-746000
08203P,同欣電永豐9B售04,0,0,0,0,0,0,0,0,0,-748000,0,0,0,0,748000,-748000,-748000
058779,大立光國票9A購02,0,0,0,0,0,0,0,0,0,-748000,0,0,0,57000,805000,-748000,-748000
2377,微星            ,2573244,3186000,-612756,0,0,0,142000,0,142000,-279000,63000,176000,-113000,8000,174000,-166000,-749756
056604,鴻海富邦9A購01  ,0,0,0,0,0,0,0,0,0,-750000,0,0,0,25000,775000,-750000,-750000
063476,台表科元大9C購03,0,0,0,0,0,0,0,0,0,-756000,0,0,0,70000,826000,-756000,-756000
4915,致伸            ,2111000,2698000,-587000,0,0,0,0,0,0,-173075,0,8000,-8000,0,165075,-165075,-760075
066300,潤泰新元大01購02,0,0,0,0,0,0,0,0,0,-761000,0,0,0,28000,789000,-761000,-761000
1210,大成            ,58000,875000,-817000,0,0,0,0,0,0,50000,50000,0,50000,0,0,0,-767000
068616,日月光國票03購01,0,0,0,0,0,0,0,0,0,-770000,0,0,0,0,770000,-770000,-770000
068042,GIS元富07購01   ,0,0,0,0,0,0,0,0,0,-772000,0,0,0,943000,1715000,-772000,-772000
067516,美利達統一03購04,0,0,0,0,0,0,0,0,0,-773000,0,0,0,30000,803000,-773000,-773000
067327,聯詠康和01購01  ,0,0,0,0,0,0,0,0,0,-774000,0,0,0,473000,1247000,-774000,-774000
6168,宏齊            ,611000,1381000,-770000,0,0,0,0,0,0,-8000,0,8000,-8000,0,0,0,-778000
064244,GIS統一02購01   ,0,0,0,0,0,0,0,0,0,-787000,0,0,0,737000,1524000,-787000,-787000
063057,祥碩統一03購01  ,0,30000,-30000,0,0,0,0,0,0,-757000,0,0,0,1153000,1910000,-757000,-787000
08422P,玉晶光群益02售03,0,0,0,0,0,0,0,0,0,-790000,0,0,0,47000,837000,-790000,-790000
065541,GIS統一01購05   ,0,0,0,0,0,0,0,0,0,-795000,0,0,0,167000,962000,-795000,-795000
068591,台積電元富07購13,0,0,0,0,0,0,0,0,0,-797000,0,0,0,833000,1630000,-797000,-797000
00674R,元大S&P黃金反1  ,0,0,0,0,0,0,0,0,0,-797000,0,0,0,51000,848000,-797000,-797000
063667,全新統一01購02  ,0,0,0,0,0,0,0,0,0,-801000,0,0,0,31000,832000,-801000,-801000
056584,鴻海統一9B購01  ,0,0,0,0,0,0,0,0,0,-817000,0,0,0,3015000,3832000,-817000,-817000
067390,聯詠元富07購02  ,0,0,0,0,0,0,0,0,0,-824000,0,0,0,644000,1468000,-824000,-824000
2889,國票金          ,31000,895000,-864000,0,0,0,0,0,0,35000,40000,5000,35000,0,0,0,-829000
4958,臻鼎-KY         ,1575201,2020340,-445139,0,0,0,15000,348000,-333000,-52000,55000,77000,-22000,16000,46000,-30000,-830139
1216,統一            ,4994162,6325902,-1331740,0,0,0,503000,0,503000,-2000,0,0,0,7000,9000,-2000,-830740
08434P,臺股指凱基03售02,0,0,0,0,0,0,0,0,0,-831000,0,0,0,26000,857000,-831000,-831000
066871,台表科元富07購01,0,0,0,0,0,0,0,0,0,-843000,0,0,0,75000,918000,-843000,-843000
067325,巨大元大01購05  ,0,0,0,0,0,0,0,0,0,-844000,0,0,0,1000,845000,-844000,-844000
065126,世芯永豐9C購02  ,0,0,0,0,0,0,0,0,0,-846000,0,0,0,63000,909000,-846000,-846000
060364,奇力新元富9A購01,0,0,0,0,0,0,0,0,0,-846000,0,0,0,423000,1269000,-846000,-846000
2354,鴻準            ,732854,1705285,-972431,0,0,0,81000,0,81000,32000,27000,8000,19000,14000,1000,13000,-859431
6257,矽格            ,413000,1303000,-890000,0,0,0,10000,0,10000,18000,77000,65000,12000,44000,38000,6000,-862000
1312,國喬            ,223000,1157000,-934000,0,0,0,0,0,0,66000,11000,1000,10000,56000,0,56000,-868000
00632R,元大台灣50反1   ,94332000,732000,93600000,0,0,0,0,0,0,-94472000,130000,513000,-383000,1256000,95345000,-94089000,-872000
064911,光寶科統一02購01,0,0,0,0,0,0,0,0,0,-874000,0,0,0,514000,1388000,-874000,-874000
08250P,GIS群益9C售02   ,0,0,0,0,0,0,0,0,0,-885000,0,0,0,5000,890000,-885000,-885000
068257,聯發科國泰03購05,0,0,0,0,0,0,0,0,0,-889000,0,0,0,3021000,3910000,-889000,-889000
00852L,國泰美國道瓊正2 ,0,783000,-783000,0,0,0,0,0,0,-107000,0,0,0,4276000,4383000,-107000,-890000
068099,GIS富邦01購01   ,0,0,0,0,0,0,0,0,0,-893000,0,0,0,0,893000,-893000,-893000
064963,T50反1元大9C購09,0,0,0,0,0,0,0,0,0,-898000,0,0,0,100000,998000,-898000,-898000
066869,聯發科元富07購02,0,0,0,0,0,0,0,0,0,-906000,0,0,0,145000,1051000,-906000,-906000
4919,新唐            ,358000,1017000,-659000,0,0,0,0,0,0,-247000,2000,1000,1000,17000,265000,-248000,-906000
2105,正新            ,661481,1708000,-1046519,0,0,0,128000,0,128000,12000,14000,0,14000,0,2000,-2000,-906519
057581,元大金中信9A購01,0,0,0,0,0,0,0,0,0,-910000,0,0,0,30000,940000,-910000,-910000
068582,聯發科永豐01購04,0,0,0,0,0,0,0,0,0,-916000,0,0,0,30000,946000,-916000,-916000
063267,台表科中信01購02,0,0,0,0,0,0,0,0,0,-918000,0,0,0,205000,1123000,-918000,-918000
068043,GIS元富07購02   ,0,0,0,0,0,0,0,0,0,-920000,0,0,0,86000,1006000,-920000,-920000
068035,聯詠元富07購03  ,0,0,0,0,0,0,0,0,0,-923000,0,0,0,826000,1749000,-923000,-923000
065534,台光電統一9C購02,0,0,0,0,0,0,0,0,0,-924000,0,0,0,22000,946000,-924000,-924000
066868,聯發科元富07購01,0,0,0,0,0,0,0,0,0,-953000,0,0,0,203000,1156000,-953000,-953000
058104,國巨統一9A購04  ,0,0,0,0,0,0,0,0,0,-958000,0,0,0,0,958000,-958000,-958000
065816,聯發科元富03購07,0,0,0,0,0,0,0,0,0,-974000,0,0,0,222000,1196000,-974000,-974000
066770,上証2X富邦02購02,0,0,0,0,0,0,0,0,0,-975000,0,0,0,20000,995000,-975000,-975000
08180P,聯發科國泰01售05,0,0,0,0,0,0,0,0,0,-983000,0,0,0,15000,998000,-983000,-983000
9919,康那香          ,386000,1406000,-1020000,0,0,0,0,0,0,6000,6000,0,6000,0,0,0,-1014000
067307,聯詠元大01購06  ,0,0,0,0,0,0,0,0,0,-1028000,0,0,0,377000,1405000,-1028000,-1028000
067494,日月光元大01購03,0,0,0,0,0,0,0,0,0,-1041000,0,0,0,358000,1399000,-1041000,-1041000
063881,嘉晶元富9C購01  ,0,0,0,0,0,0,0,0,0,-1067000,0,0,0,93000,1160000,-1067000,-1067000
068390,聯詠統一03購01  ,0,0,0,0,0,0,0,0,0,-1110000,0,0,0,310000,1420000,-1110000,-1110000
00646,元大S&P500      ,7000,17000,-10000,0,0,0,0,0,0,-1100000,0,0,0,330000,1430000,-1100000,-1110000
2402,毅嘉            ,218000,1339000,-1121000,0,0,0,0,0,0,-1000,0,1000,-1000,0,0,0,-1122000
068464,聯詠富邦03購02  ,0,0,0,0,0,0,0,0,0,-1124000,0,0,0,303000,1427000,-1124000,-1124000
068415,台積電中信07購04,0,0,0,0,0,0,0,0,0,-1126000,0,0,0,91000,1217000,-1126000,-1126000
2474,可成            ,680460,1812067,-1131607,0,0,0,1000,0,1000,-12000,0,23000,-23000,26000,15000,11000,-1142607
2492,華新科          ,809958,1797668,-987710,0,0,0,15000,5000,10000,-165000,77000,117000,-40000,91000,216000,-125000,-1142710
00672L,元大S&P原油正2  ,0,74000,-74000,0,0,0,0,0,0,-1088000,0,0,0,520000,1608000,-1088000,-1162000
058445,旺宏富邦9C購01  ,0,0,0,0,0,0,0,0,0,-1168000,0,0,0,311000,1479000,-1168000,-1168000
6288,聯嘉            ,241000,1411000,-1170000,0,0,0,0,0,0,-2000,6000,8000,-2000,0,0,0,-1172000
1589,永冠-KY         ,413000,1461000,-1048000,0,0,0,0,0,0,-133000,3000,136000,-133000,0,0,0,-1181000
067515,美利達統一03購03,0,0,0,0,0,0,0,0,0,-1186000,0,0,0,0,1186000,-1186000,-1186000
9933,中鼎            ,477000,1360000,-883000,0,0,0,0,0,0,-305000,0,10000,-10000,0,295000,-295000,-1188000
1598,岱宇            ,300000,1521000,-1221000,0,0,0,0,0,0,22000,48000,26000,22000,0,0,0,-1199000
060790,日月光富邦9A購01,0,0,0,0,0,0,0,0,0,-1205000,0,0,0,26000,1231000,-1205000,-1205000
068670,台積電統一03購12,0,0,0,0,0,0,0,0,0,-1240000,0,0,0,0,1240000,-1240000,-1240000
068231,聯詠元富07購04  ,0,0,0,0,0,0,0,0,0,-1251000,0,0,0,284000,1535000,-1251000,-1251000
2401,凌陽            ,1001000,2320000,-1319000,0,0,0,0,0,0,11000,62000,51000,11000,0,0,0,-1308000
2481,強茂            ,601000,1597000,-996000,0,0,0,0,132000,-132000,-191000,70000,159000,-89000,111000,213000,-102000,-1319000
1434,福懋            ,720867,1558000,-837133,0,0,0,1000,0,1000,-483000,45000,0,45000,0,528000,-528000,-1319133
056892,旺宏元大9A購02  ,0,0,0,0,0,0,0,0,0,-1335000,0,0,0,6000,1341000,-1335000,-1335000
063750,和鑫國票9B購01  ,0,0,0,0,0,0,0,0,0,-1424000,0,0,0,64000,1488000,-1424000,-1424000
3708,上緯投控        ,306000,1695000,-1389000,0,0,0,15000,0,15000,-69000,82000,27000,55000,31000,155000,-124000,-1443000
5880,合庫金          ,5468061,6871001,-1402940,0,0,0,5000,0,5000,-64000,1000,52000,-51000,0,13000,-13000,-1461940
068032,大毅元富07購01  ,0,0,0,0,0,0,0,0,0,-1465000,0,0,0,185000,1650000,-1465000,-1465000
1504,東元            ,1585000,3059000,-1474000,0,0,0,0,0,0,-3000,15000,8000,7000,0,10000,-10000,-1477000
9958,世紀鋼          ,848000,1894000,-1046000,0,0,0,0,0,0,-458000,3000,10000,-7000,54000,505000,-451000,-1504000
00738U,元大道瓊白銀    ,143000,203000,-60000,0,0,0,0,0,0,-1445000,0,0,0,1663000,3108000,-1445000,-1505000
2332,友訊            ,936000,2112000,-1176000,0,0,0,0,0,0,-344000,4000,2000,2000,3000,349000,-346000,-1520000
6239,力成            ,2671939,4234491,-1562552,0,0,0,46000,11000,35000,0,18000,32000,-14000,15000,1000,14000,-1527552
065949,瑞昱統一01購06  ,0,0,0,0,0,0,0,0,0,-1534000,0,0,0,398000,1932000,-1534000,-1534000
2823,中壽            ,2039740,3952721,-1912981,0,0,0,2000,0,2000,363000,150000,0,150000,218000,5000,213000,-1547981
067655,晶技元富07購01  ,0,0,0,0,0,0,0,0,0,-1589000,0,0,0,160000,1749000,-1589000,-1589000
3711,日月光投控      ,4359633,6892000,-2532367,0,0,0,216000,54000,162000,774000,844000,52000,792000,808000,826000,-18000,-1596367
2353,宏碁            ,4250496,6164000,-1913504,0,0,0,12000,0,12000,298000,326000,8000,318000,91000,111000,-20000,-1603504
068131,聯發科統一02購09,0,0,0,0,0,0,0,0,0,-1608000,0,0,0,0,1608000,-1608000,-1608000
08615P,同欣電統一9C售02,0,0,0,0,0,0,0,0,0,-1635000,0,0,0,10000,1645000,-1635000,-1635000
3035,智原            ,731000,1397000,-666000,0,0,0,0,1000000,-1000000,25000,39000,36000,3000,39000,17000,22000,-1641000
056673,中石化元富9B購01,0,0,0,0,0,0,0,0,0,-1647000,0,0,0,0,1647000,-1647000,-1647000
1301,台塑            ,1397119,2970000,-1572881,0,0,0,2000,245000,-243000,-4000,2000,6000,-4000,9000,9000,0,-1819881
2027,大成鋼          ,202000,1383000,-1181000,0,0,0,0,0,0,-641000,5000,6000,-1000,0,640000,-640000,-1822000
1326,台化            ,1517248,2835000,-1317752,0,0,0,2000,502000,-500000,-5000,1000,0,1000,0,6000,-6000,-1822752
068406,同欣電元富07購01,0,0,0,0,0,0,0,0,0,-1900000,0,0,0,0,1900000,-1900000,-1900000
068133,鎧勝統一03購01  ,0,0,0,0,0,0,0,0,0,-1923000,0,0,0,103000,2026000,-1923000,-1923000
9904,寶成            ,4017906,6290919,-2273013,0,0,0,154000,0,154000,131000,102000,23000,79000,56000,4000,52000,-1988013
068228,聯發科元富07購08,0,0,0,0,0,0,0,0,0,-2110000,0,0,0,172000,2282000,-2110000,-2110000
2505,國揚            ,1279000,2987000,-1708000,0,0,0,0,0,0,-408000,2000,107000,-105000,328000,631000,-303000,-2116000
6213,聯茂            ,1189000,1995000,-806000,0,0,0,772000,2116160,-1344160,33000,40000,36000,4000,34000,5000,29000,-2117160
067580,亞德客群益01購03,0,0,0,0,0,0,0,0,0,-2131000,0,0,0,196000,2327000,-2131000,-2131000
2845,遠東銀          ,977000,3129171,-2152171,0,0,0,0,0,0,-11000,0,6000,-6000,0,5000,-5000,-2163171
1101,台泥            ,2933023,6422544,-3489521,0,0,0,1553000,0,1553000,-243000,410000,160000,250000,6000,499000,-493000,-2179521
2352,佳世達          ,408000,2828202,-2420202,0,0,0,5000,0,5000,105000,108000,3000,105000,0,0,0,-2310202
3017,奇鋐            ,1439000,1945000,-506000,0,0,0,0,1749000,-1749000,-62000,110000,296000,-186000,193000,69000,124000,-2317000
020018,統一價值成長30N ,0,0,0,0,0,0,0,0,0,-2327000,0,0,0,90000,2417000,-2327000,-2327000
07597P,臺股指中信01售02,0,0,0,0,0,0,0,0,0,-2484000,0,0,0,755000,3239000,-2484000,-2484000
2449,京元電子        ,1193000,3039000,-1846000,0,0,0,4000,17000,-13000,-656000,37000,216000,-179000,37000,514000,-477000,-2515000
00640L,富邦日本正2     ,38000,23000,15000,0,0,0,0,0,0,-2640000,0,0,0,173000,2813000,-2640000,-2625000
08130P,義隆元大9B售05  ,0,0,0,0,0,0,0,0,0,-2780000,0,0,0,20000,2800000,-2780000,-2780000
2801,彰銀            ,2369768,5187000,-2817232,0,0,0,3000,0,3000,-7000,1000,26000,-25000,25000,7000,18000,-2821232
4414,如興            ,2949000,5845000,-2896000,0,0,0,0,0,0,21000,21000,0,21000,0,0,0,-2875000
6005,群益證          ,1384000,4427000,-3043000,0,0,0,1000,0,1000,0,0,0,0,0,0,0,-3042000
020019,統一特選台灣5GN ,0,0,0,0,0,0,0,0,0,-3065000,0,0,0,789000,3854000,-3065000,-3065000
2633,台灣高鐵        ,1894847,5062000,-3167153,0,0,0,1000,0,1000,54000,63000,10000,53000,26000,25000,1000,-3112153
2880,華南金          ,4046041,7337000,-3290959,0,0,0,5000,0,5000,-11000,3000,3000,0,0,11000,-11000,-3296959
2417,圓剛            ,1219000,4667000,-3448000,0,0,0,0,0,0,30000,33000,3000,30000,0,0,0,-3418000
2504,國產            ,631000,3678000,-3047000,0,0,0,0,0,0,-391000,14000,4000,10000,0,401000,-401000,-3438000
1402,遠東新          ,5520220,9067000,-3546780,0,0,0,3000,0,3000,38000,15000,0,15000,30000,7000,23000,-3505780
2912,統一超          ,762261,3884124,-3121863,0,0,0,0,0,0,-451000,0,451000,-451000,0,0,0,-3572863
2317,鴻海            ,20919018,25353194,-4434176,0,0,0,6000,0,6000,671000,173000,201000,-28000,1100000,401000,699000,-3757176
00677U,富邦VIX         ,30023000,988000,29035000,0,0,0,0,0,0,-32853000,0,1504000,-1504000,6000,31355000,-31349000,-3818000
1102,亞泥            ,4001567,5704000,-1702433,0,0,0,2000,0,2000,-2123000,19000,1646000,-1627000,18000,514000,-496000,-3823433
2376,技嘉            ,1313000,4702000,-3389000,0,0,0,2000,113000,-111000,-374000,171000,261000,-90000,33000,317000,-284000,-3874000
2881,富邦金          ,9696822,14000036,-4303214,0,0,0,102000,0,102000,33000,0,61000,-61000,127000,33000,94000,-4168214
2886,兆豐金          ,10765802,16834000,-6068198,0,0,0,2175000,0,2175000,-411000,162000,76000,86000,0,497000,-497000,-4304198
2887,台新金          ,15429588,20106229,-4676641,0,0,0,6000,0,6000,-46000,0,123000,-123000,90000,13000,77000,-4716641
2891,中信金          ,19973265,24666000,-4692735,0,0,0,232000,572000,-340000,-84000,53000,72000,-19000,0,65000,-65000,-5116735
2883,開發金          ,8497653,14358000,-5860347,0,0,0,512000,0,512000,19000,124000,99000,25000,0,6000,-6000,-5329347
2337,旺宏            ,5343200,10144000,-4800800,0,0,0,13000,0,13000,-565000,173000,173000,0,273000,838000,-565000,-5352800
2313,華通            ,1005000,4289000,-3284000,0,0,0,0,1398000,-1398000,-687000,359000,246000,113000,197000,997000,-800000,-5369000
2892,第一金          ,4453430,12645743,-8192313,0,0,0,2210000,0,2210000,484000,530000,32000,498000,0,14000,-14000,-5498313
00671R,富邦NASDAQ反1   ,0,115000,-115000,0,0,0,0,0,0,-6247000,0,0,0,545000,6792000,-6247000,-6362000
2368,金像電          ,3964000,9416000,-5452000,0,0,0,0,963000,-963000,17000,80000,110000,-30000,98000,51000,47000,-6398000
2834,臺企銀          ,1203425,7551000,-6347575,0,0,0,2000,0,2000,-145000,0,123000,-123000,0,22000,-22000,-6490575
2448,晶電            ,9930000,17627000,-7697000,0,0,0,201000,139000,62000,689000,968000,285000,683000,6000,0,6000,-6946000
2002,中鋼            ,2914657,10406672,-7492015,0,0,0,7000,0,7000,-58000,1000,43000,-42000,0,16000,-16000,-7543015
2890,永豐金          ,10452338,18917000,-8464662,0,0,0,346000,0,346000,-444000,126000,600000,-474000,44000,14000,30000,-8562662
2888,新光金          ,16309124,26744971,-10435847,0,0,0,7000,0,7000,718000,0,0,0,956000,238000,718000,-9710847
2882,國泰金          ,7965475,18962669,-10997194,0,0,0,105000,0,105000,106000,0,0,0,126000,20000,106000,-10786194
00653L,富邦印度正2     ,339000,2975000,-2636000,0,0,0,0,0,0,-8382663,0,0,0,722000,9104663,-8382663,-11018663
00878,國泰永續高股息  ,215000,21000,194000,0,0,0,0,0,0,-11415000,0,0,0,0,11415000,-11415000,-11221000
6116,彩晶            ,2007000,14759000,-12752000,0,0,0,0,0,0,-1230000,93000,152000,-59000,711000,1882000,-1171000,-13982000
00637L,元大滬深300正2  ,13328000,21946000,-8618000,0,0,0,0,0,0,-5563000,205000,161000,44000,35480000,41087000,-5607000,-14181000
2330,台積電          ,19412901,35082336,-15669435,0,0,0,159000,401000,-242000,962000,413000,198000,215000,839000,92000,747000,-14949435
2344,華邦電          ,13711980,33499000,-19787020,0,0,0,11000,0,11000,-2619000,157000,291000,-134000,39000,2524000,-2485000,-22395020
2371,大同            ,29612351,60751161,-31138810,0,0,0,0,0,0,935000,1032000,97000,935000,0,0,0,-30203810
2885,元大金          ,8600666,41960000,-33359334,0,0,0,7000,0,7000,79000,113000,0,113000,1000,35000,-34000,-33273334
