證券代號,證券名稱,外陸資買進股數(不含外資自營商),外陸資賣出股數(不含外資自營商),外陸資買賣超股數(不含外資自營商),外資自營商買進股數,外資自營商賣出股數,外資自營商買賣超股數,投信買進股數,投信賣出股數,投信買賣超股數,自營商買賣超股數,自營商買進股數(自行買賣),自營商賣出股數(自行買賣),自營商買賣超股數(自行買賣),自營商買進股數(避險),自營商賣出股數(避險),自營商買賣超股數(避險),三大法人買賣超股數
00677U,富邦VIX         ,29254000,85289000,-56035000,0,0,0,0,0,0,114383000,3813000,5406000,-1593000,120856000,4880000,115976000,58348000
2337,旺宏            ,18864555,7921000,10943555,0,0,0,0,1226214,-1226214,321636,283000,30000,253000,180000,111364,68636,10038977
00634R,富邦上証反1     ,1778000,52000,1726000,0,0,0,0,0,0,4848000,0,2000000,-2000000,8163000,1315000,6848000,6574000
00631L,元大台灣50正2   ,181000,300000,-119000,0,0,0,0,0,0,6526000,0,20000,-20000,14073000,7527000,6546000,6407000
03090X,元展84          ,0,0,0,0,0,0,0,0,0,5119000,0,0,0,5119000,0,5119000,5119000
00669R,國泰美國道瓊反1 ,137000,0,137000,0,0,0,0,0,0,4796647,0,0,0,6748000,1951353,4796647,4933647
1605,華新            ,8557833,9398104,-840271,0,0,0,2027000,11379,2015621,3070000,98000,14000,84000,3164000,178000,2986000,4245350
00638R,元大滬深300反1  ,1031000,6000,1025000,0,0,0,0,0,0,3072000,0,200000,-200000,5125000,1853000,3272000,4097000
00648R,元大S&P500反1   ,0,0,0,0,0,0,0,0,0,3011000,0,0,0,6983000,3972000,3011000,3011000
04391P,玉晶光凱基95售03,0,0,0,0,0,0,0,0,0,2895000,0,0,0,3151000,256000,2895000,2895000
059180,祥碩元富9A購01  ,0,0,0,0,0,0,0,0,0,2736000,0,0,0,3037000,301000,2736000,2736000
1314,中石化          ,5432850,2436500,2996350,0,0,0,3000,236199,-233199,-201000,4000,192000,-188000,14000,27000,-13000,2562151
059179,祥碩元富99購01  ,0,0,0,0,0,0,0,0,0,2526000,0,0,0,2895000,369000,2526000,2526000
6116,彩晶            ,8308000,5623000,2685000,0,0,0,0,15479,-15479,-170000,0,73000,-73000,197000,294000,-97000,2499521
058094,祥碩元大98購09  ,0,0,0,0,0,0,0,0,0,2440000,0,0,0,2790000,350000,2440000,2440000
056999,元油2X國票98購02,0,0,0,0,0,0,0,0,0,2164000,0,0,0,2164000,0,2164000,2164000
056737,國巨凱基9A購01  ,0,0,0,0,0,0,0,0,0,1942000,0,0,0,1972000,30000,1942000,1942000
049140,台積電元大94購07,0,0,0,0,0,0,0,0,0,1922000,0,0,0,1922000,0,1922000,1922000
2027,大成鋼          ,2566114,2454741,111373,0,0,0,672000,5775,666225,1064000,0,158000,-158000,1275000,53000,1222000,1841598
3037,欣興            ,6774000,4330000,2444000,0,0,0,0,791154,-791154,188000,236000,133000,103000,91000,6000,85000,1840846
2104,國際中橡        ,2265780,457740,1808040,0,0,0,0,6173,-6173,0,0,0,0,0,0,0,1801867
055798,聯茂富邦98購01  ,0,0,0,0,0,0,0,0,0,1705000,0,0,0,1726000,21000,1705000,1705000
059239,台積電凱基99購12,0,0,0,0,0,0,0,0,0,1682000,0,0,0,3200000,1518000,1682000,1682000
8046,南電            ,2540000,4294000,-1754000,0,0,0,3337000,935,3336065,60000,103000,26000,77000,159000,176000,-17000,1642065
4958,臻鼎-KY         ,10945413,10265540,679873,0,0,0,1005000,245927,759073,202000,375000,182000,193000,18000,9000,9000,1640946
2323,中環            ,3360000,1860000,1500000,0,0,0,6000,0,6000,26000,10000,62000,-52000,78000,0,78000,1532000
054325,奇力新台新97購03,0,0,0,0,0,0,0,0,0,1497000,0,0,0,1497000,0,1497000,1497000
059218,台積電元大99購31,0,0,0,0,0,0,0,0,0,1491000,0,0,0,1576000,85000,1491000,1491000
058912,祥碩元大99購01  ,0,0,0,0,0,0,0,0,0,1403000,0,0,0,2012000,609000,1403000,1403000
058343,台積電群益99購02,0,0,0,0,0,0,0,0,0,1391000,0,0,0,1397000,6000,1391000,1391000
059080,亞泥元大99購01  ,0,0,0,0,0,0,0,0,0,1380000,0,0,0,1952000,572000,1380000,1380000
055213,大成鋼凱基98購01,0,0,0,0,0,0,0,0,0,1351000,0,0,0,1351000,0,1351000,1351000
052329,台積電亞東96購01,0,0,0,0,0,0,0,0,0,1236000,0,0,0,1756000,520000,1236000,1236000
059071,元油2X元大9C購12,0,0,0,0,0,0,0,0,0,1180000,0,0,0,1180000,0,1180000,1180000
057380,技嘉國泰9A購01  ,0,0,0,0,0,0,0,0,0,1154000,0,0,0,1229000,75000,1154000,1154000
05149P,緯穎國泰96售01  ,0,0,0,0,0,0,0,0,0,1140000,0,0,0,1609000,469000,1140000,1140000
057917,台積電凱基98購17,0,0,0,0,0,0,0,0,0,1136000,0,0,0,1524000,388000,1136000,1136000
04452P,超眾國泰95售01  ,0,0,0,0,0,0,0,0,0,1136000,0,0,0,1146000,10000,1136000,1136000
056224,聯發科凱基97購08,0,0,0,0,0,0,0,0,0,1130000,0,0,0,1130000,0,1130000,1130000
056494,緯創國泰99購01  ,0,0,0,0,0,0,0,0,0,1111000,0,0,0,1111000,0,1111000,1111000
00673R,元大S&P原油反1  ,0,26000,-26000,0,0,0,0,0,0,1126000,0,0,0,9703000,8577000,1126000,1100000
2329,華泰            ,1690000,566000,1124000,0,0,0,0,17000,-17000,-25000,0,26000,-26000,1000,0,1000,1082000
2448,晶電            ,4025000,4271516,-246516,0,0,0,1701000,101441,1599559,-284000,36000,186000,-150000,0,134000,-134000,1069043
04023P,臺股指元富99售02,0,2000,-2000,0,0,0,0,0,0,1070000,0,0,0,1070000,0,1070000,1068000
3017,奇鋐            ,1867000,857000,1010000,0,0,0,72000,1000,71000,-18000,0,30000,-30000,47000,35000,12000,1063000
00656R,國泰中國A50反1  ,355000,4000,351000,0,0,0,0,0,0,678000,0,0,0,1119000,441000,678000,1029000
4927,泰鼎-KY         ,1068000,670880,397120,0,0,0,808000,0,808000,-203000,180000,424000,-244000,73000,32000,41000,1002120
4906,正文            ,1250000,229000,1021000,0,0,0,0,0,0,-28000,21000,45000,-24000,7000,11000,-4000,993000
6456,GIS-KY          ,1344000,367240,976760,0,0,0,8000,926,7074,7351,0,8000,-8000,18000,2649,15351,991185
052324,康友元大96購02  ,0,0,0,0,0,0,0,0,0,970000,0,0,0,1000000,30000,970000,970000
058999,台積電元大99購24,0,0,0,0,0,0,0,0,0,963000,0,0,0,1023000,60000,963000,963000
050645,台積電凱基94購39,0,0,0,0,0,0,0,0,0,956000,0,0,0,1084000,128000,956000,956000
051842,大成鋼富邦97購01,0,0,0,0,0,0,0,0,0,950000,0,0,0,950000,0,950000,950000
3682,亞太電          ,1849000,795966,1053034,0,0,0,0,112040,-112040,-6000,0,6000,-6000,0,0,0,934994
056061,國泰金元大97購02,0,0,0,0,0,0,0,0,0,913000,0,0,0,993000,80000,913000,913000
053209,台積電凱基96購07,0,0,0,0,0,0,0,0,0,909000,0,0,0,970000,61000,909000,909000
2478,大毅            ,2549000,1649280,899720,0,0,0,0,0,0,5000,0,4000,-4000,24000,15000,9000,904720
051451,世芯元大95購03  ,0,0,0,0,0,0,0,0,0,895000,0,0,0,895000,0,895000,895000
2349,錸德            ,1668000,772000,896000,0,0,0,0,0,0,-1000,0,1000,-1000,0,0,0,895000
05236P,緯穎康和95售01  ,0,0,0,0,0,0,0,0,0,892000,0,0,0,892000,0,892000,892000
00671R,富邦NASDAQ反1   ,0,0,0,0,0,0,0,0,0,883000,0,0,0,1322000,439000,883000,883000
2841,台開            ,1475000,610000,865000,0,0,0,0,0,0,0,0,0,0,0,0,0,865000
053673,超眾元富96購03  ,0,0,0,0,0,0,0,0,0,864000,0,0,0,874000,10000,864000,864000
048346,智易元大95購01  ,0,0,0,0,0,0,0,0,0,861000,0,0,0,861000,0,861000,861000
058407,滬深2X兆豐9A購01,0,0,0,0,0,0,0,0,0,860000,0,0,0,870000,10000,860000,860000
2454,聯發科          ,9194000,8488920,705080,0,0,0,170000,22846,147154,6000,140000,155000,-15000,67000,46000,21000,858234
054113,奇力新台新97購01,0,0,0,0,0,0,0,0,0,851000,0,0,0,851000,0,851000,851000
047013,超眾元富96購01  ,0,0,0,0,0,0,0,0,0,850000,0,0,0,850000,0,850000,850000
057799,世紀鋼兆豐98購01,0,0,0,0,0,0,0,0,0,843000,0,0,0,853000,10000,843000,843000
05682P,大立光元大98售03,0,0,0,0,0,0,0,0,0,830000,0,0,0,854000,24000,830000,830000
5264,鎧勝-KY         ,666000,490000,176000,0,0,0,600000,2580,597420,54000,28000,12000,16000,38000,0,38000,827420
057104,康友中信99購01  ,0,0,0,0,0,0,0,0,0,820000,0,0,0,821000,1000,820000,820000
058760,嘉晶群益9A購01  ,0,0,0,0,0,0,0,0,0,812000,0,0,0,812000,0,812000,812000
056829,台積電富邦9A購01,0,0,0,0,0,0,0,0,0,802000,0,0,0,849000,47000,802000,802000
00865B,國泰US短期公債  ,0,0,0,0,0,0,0,0,0,802000,0,0,0,812000,10000,802000,802000
9958,世紀鋼          ,1435000,1526000,-91000,0,0,0,776000,0,776000,109000,69000,262000,-193000,436000,134000,302000,794000
3406,玉晶光          ,1603000,904395,698605,0,0,0,0,66298,-66298,159000,95000,13000,82000,99000,22000,77000,791307
054287,台積電元大97購11,0,0,0,0,0,0,0,0,0,788000,0,0,0,788000,0,788000,788000
059012,臺股指元大9A購31,0,0,0,0,0,0,0,0,0,782000,0,0,0,899000,117000,782000,782000
059043,聯電日盛99購01  ,0,0,0,0,0,0,0,0,0,769000,0,0,0,1022000,253000,769000,769000
1201,味全            ,1068000,272000,796000,0,0,0,0,0,0,-27000,0,0,0,0,27000,-27000,769000
052895,台積電群益96購04,0,0,0,0,0,0,0,0,0,763000,0,0,0,962000,199000,763000,763000
055808,世紀鋼永豐97購01,0,0,0,0,0,0,0,0,0,756000,0,0,0,816000,60000,756000,756000
00654R,富邦印度反1     ,0,0,0,0,0,0,0,0,0,738000,0,0,0,912000,174000,738000,738000
054306,聯發科凱基96購23,0,0,0,0,0,0,0,0,0,730000,0,0,0,730000,0,730000,730000
3338,泰碩            ,1297000,563000,734000,0,0,0,243000,0,243000,-252000,2000,330000,-328000,92000,16000,76000,725000
6166,凌華            ,1710078,989000,721078,0,0,0,0,1000,-1000,4000,0,0,0,4000,0,4000,724078
050644,國巨凱基96購01  ,0,0,0,0,0,0,0,0,0,705000,0,0,0,705000,0,705000,705000
050998,訊連元大95購01  ,0,0,0,0,0,0,0,0,0,700000,0,0,0,700000,0,700000,700000
055558,大立光凱基97購08,0,0,0,0,0,0,0,0,0,695000,0,0,0,705000,10000,695000,695000
059102,聯鈞元富99購01  ,0,0,0,0,0,0,0,0,0,681000,0,0,0,783000,102000,681000,681000
054567,拓凱群益98購01  ,0,0,0,0,0,0,0,0,0,680000,0,0,0,690000,10000,680000,680000
059171,祥碩凱基99購04  ,0,0,0,0,0,0,0,0,0,668000,0,0,0,980000,312000,668000,668000
058205,神達凱基9B購01  ,0,0,0,0,0,0,0,0,0,649000,0,0,0,652000,3000,649000,649000
058982,台積電凱基99購08,0,0,0,0,0,0,0,0,0,648000,0,0,0,686000,38000,648000,648000
053989,奇力新兆豐97購01,0,0,0,0,0,0,0,0,0,644000,0,0,0,644000,0,644000,644000
8215,明基材          ,818000,147000,671000,0,0,0,0,8000,-8000,-35000,0,35000,-35000,0,0,0,628000
056914,臺股指元大99購09,0,0,0,0,0,0,0,0,0,623000,0,0,0,634000,11000,623000,623000
052830,台光電群益96購01,0,0,0,0,0,0,0,0,0,620000,0,0,0,620000,0,620000,620000
058443,T50正2富邦01購01,0,0,0,0,0,0,0,0,0,617000,0,0,0,721000,104000,617000,617000
03619C,臺股指元大95牛02,0,0,0,0,0,0,0,0,0,604000,0,0,0,616000,12000,604000,604000
055945,上証2X元大97購04,0,0,0,0,0,0,0,0,0,599000,0,0,0,599000,0,599000,599000
058699,楠梓電元大99購02,0,0,0,0,0,0,0,0,0,596000,0,0,0,596000,0,596000,596000
6285,啟碁            ,1660402,1091087,569315,0,0,0,185000,7877,177123,-151000,8000,146000,-138000,1000,14000,-13000,595438
1905,華紙            ,1043000,448000,595000,0,0,0,0,0,0,0,0,0,0,0,0,0,595000
054932,台肥元大97購01  ,0,0,0,0,0,0,0,0,0,593000,0,0,0,593000,0,593000,593000
049114,玉晶光統一94購02,0,0,0,0,0,0,0,0,0,587000,0,0,0,587000,0,587000,587000
3005,神基            ,158000,436000,-278000,0,0,0,248000,5457,242543,618000,0,12000,-12000,640000,10000,630000,582543
2367,燿華            ,2662000,2049000,613000,0,0,0,0,11900,-11900,-23000,0,39000,-39000,18000,2000,16000,578100
057309,南茂兆豐99購01  ,0,0,0,0,0,0,0,0,0,577000,0,0,0,713000,136000,577000,577000
8163,達方            ,977000,406000,571000,0,0,0,1000,1000,0,1000,10000,2000,8000,0,7000,-7000,572000
058836,FBVIX中信03購05 ,0,0,0,0,0,0,0,0,0,569000,0,0,0,620000,51000,569000,569000
056765,友達元大9B購05  ,0,0,0,0,0,0,0,0,0,567000,0,0,0,567000,0,567000,567000
056141,聯茂元大97購05  ,0,0,0,0,0,0,0,0,0,564000,0,0,0,710000,146000,564000,564000
2316,楠梓電          ,949000,381000,568000,0,0,0,0,0,0,-4000,0,5000,-5000,1000,0,1000,564000
049544,台積電群益94購08,0,0,0,0,0,0,0,0,0,562000,0,0,0,562000,0,562000,562000
058527,世紀鋼元大99購01,0,0,0,0,0,0,0,0,0,560000,0,0,0,560000,0,560000,560000
020000,富邦特選蘋果N   ,0,0,0,0,0,0,0,0,0,558000,0,0,0,591000,33000,558000,558000
053083,中環元大99購01  ,0,0,0,0,0,0,0,0,0,558000,0,0,0,879000,321000,558000,558000
5876,上海商銀        ,7286081,6839440,446641,0,0,0,0,24790,-24790,130000,120000,1000,119000,11000,0,11000,551851
5471,松翰            ,853000,306210,546790,0,0,0,0,0,0,0,0,0,0,0,0,0,546790
3576,聯合再生        ,2372000,1809500,562500,0,0,0,0,17024,-17024,-1000,0,1000,-1000,0,0,0,544476
8028,昇陽半導體      ,991000,474000,517000,0,0,0,0,0,0,18000,15000,0,15000,3000,0,3000,535000
051410,京元電國票96購01,0,0,0,0,0,0,0,0,0,534000,0,0,0,534000,0,534000,534000
059135,臺股指群益99購10,0,0,0,0,0,0,0,0,0,532000,0,0,0,902000,370000,532000,532000
3056,總太            ,1053000,453000,600000,0,0,0,0,14000,-14000,-54000,0,54000,-54000,0,0,0,532000
050260,鴻海元大94購15  ,0,0,0,0,0,0,0,0,0,529000,0,0,0,529000,0,529000,529000
059025,台灣50台新9B購02,0,0,0,0,0,0,0,0,0,524000,0,0,0,524000,0,524000,524000
8150,南茂            ,2693954,2318192,375762,0,0,0,50000,2623,47377,98000,0,25000,-25000,179000,56000,123000,521139
2439,美律            ,1252016,802000,450016,0,0,0,56000,215796,-159796,223000,59000,109000,-50000,277000,4000,273000,513220
055343,國巨凱基97購03  ,0,0,0,0,0,0,0,0,0,510000,0,0,0,510000,0,510000,510000
3062,建漢            ,778000,267000,511000,0,0,0,0,0,0,-5000,0,5000,-5000,0,0,0,506000
056217,A50正2中信99購02,0,0,0,0,0,0,0,0,0,504000,0,0,0,504000,0,504000,504000
06454P,緯穎元大98售04  ,0,0,0,0,0,0,0,0,0,501000,0,0,0,538000,37000,501000,501000
050394,大立光元富94購09,0,0,0,0,0,0,0,0,0,500000,0,0,0,500000,0,500000,500000
05974P,國巨富邦97售03  ,0,0,0,0,0,0,0,0,0,500000,0,0,0,500000,0,500000,500000
6005,群益證          ,1128530,596000,532530,0,0,0,0,35603,-35603,0,0,0,0,0,0,0,496927
053630,奇鋐兆豐97購01  ,0,0,0,0,0,0,0,0,0,496000,0,0,0,516000,20000,496000,496000
056228,可成凱基97購03  ,0,0,0,0,0,0,0,0,0,493000,0,0,0,519000,26000,493000,493000
048633,台達電元大94購02,0,0,0,0,0,0,0,0,0,491000,0,0,0,491000,0,491000,491000
058633,台灣50兆豐99購01,0,0,0,0,0,0,0,0,0,490000,0,0,0,500000,10000,490000,490000
057870,大立光凱基99購02,0,0,0,0,0,0,0,0,0,490000,0,0,0,490000,0,490000,490000
04168P,元金2X凱基99售01,0,0,0,0,0,0,0,0,0,485000,0,0,0,485000,0,485000,485000
08100P,台灣50元富95售01,0,0,0,0,0,0,0,0,0,485000,0,0,0,485000,0,485000,485000
058603,台積電元大99購12,0,0,0,0,0,0,0,0,0,483000,0,0,0,509000,26000,483000,483000
6251,定穎            ,808000,511000,297000,0,0,0,0,15000,-15000,200000,200000,0,200000,0,0,0,482000
056592,台積電元富98購01,0,0,0,0,0,0,0,0,0,480000,0,0,0,480000,0,480000,480000
2375,凱美            ,871000,395646,475354,0,0,0,0,0,0,-2000,0,0,0,0,2000,-2000,473354
058718,台灣50元富03購01,0,0,0,0,0,0,0,0,0,472000,0,0,0,472000,0,472000,472000
3035,智原            ,921000,441000,480000,0,0,0,0,0,0,-12830,0,12000,-12000,4000,4830,-830,467170
058077,超眾凱基98購02  ,0,0,0,0,0,0,0,0,0,458000,0,0,0,461000,3000,458000,458000
057772,台積電群益99購01,0,0,0,0,0,0,0,0,0,455000,0,0,0,455000,0,455000,455000
3049,和鑫            ,3438000,2961000,477000,0,0,0,0,25000,-25000,3000,0,0,0,3000,0,3000,455000
059335,台灣50凱基03購02,0,0,0,0,0,0,0,0,0,453000,0,0,0,453000,0,453000,453000
049245,和鑫元富95購01  ,0,0,0,0,0,0,0,0,0,452000,0,0,0,452000,0,452000,452000
00675L,富邦臺灣加權正2 ,0,0,0,0,0,0,0,0,0,452000,0,0,0,2171000,1719000,452000,452000
051450,世芯元大95購02  ,0,0,0,0,0,0,0,0,0,450000,0,0,0,455000,5000,450000,450000
058080,台積電群益98購06,0,0,0,0,0,0,0,0,0,446000,0,0,0,688000,242000,446000,446000
08674P,嘉晶元富07售02  ,0,0,0,0,0,0,0,0,0,442000,0,0,0,473000,31000,442000,442000
056664,上証反中信9B購01,0,0,0,0,0,0,0,0,0,440000,0,0,0,440000,0,440000,440000
05221P,玉晶光元大95售04,0,0,0,0,0,0,0,0,0,440000,0,0,0,440000,0,440000,440000
052527,泰鼎元大96購02  ,0,0,0,0,0,0,0,0,0,436000,0,0,0,436000,0,436000,436000
3515,華擎            ,551000,514000,37000,0,0,0,424000,6000,418000,-19000,0,32000,-32000,17000,4000,13000,436000
059295,大立光元富99購05,0,0,0,0,0,0,0,0,0,435000,0,0,0,603000,168000,435000,435000
05268P,玉晶光元大98售01,0,0,0,0,0,0,0,0,0,434000,0,0,0,475000,41000,434000,434000
00651R,FH香港反1       ,127000,5000,122000,0,0,0,0,0,0,312000,0,300000,-300000,800000,188000,612000,434000
8105,凌巨            ,747000,305000,442000,0,0,0,0,0,0,-11000,0,11000,-11000,0,0,0,431000
054133,奇力新元大97購04,0,0,0,0,0,0,0,0,0,428000,0,0,0,428000,0,428000,428000
042711,台灣50國票93購01,0,0,0,0,0,0,0,0,0,426000,0,0,0,426000,0,426000,426000
1309,台達化          ,583000,158000,425000,0,0,0,0,0,0,1000,1000,0,1000,0,0,0,426000
00633L,富邦上証正2     ,2390000,80000,2310000,0,0,0,0,0,0,-1885000,0,0,0,6263000,8148000,-1885000,425000
1714,和桐            ,1621000,1198000,423000,0,0,0,0,0,0,0,0,0,0,0,0,0,423000
4976,佳凌            ,541000,116000,425000,0,0,0,0,0,0,-2000,0,2000,-2000,0,0,0,423000
2338,光罩            ,1448000,1043000,405000,0,0,0,0,8000,-8000,25000,0,0,0,33000,8000,25000,422000
051464,彩晶國泰96購01  ,0,0,0,0,0,0,0,0,0,420000,0,0,0,420000,0,420000,420000
053611,聯茂麥證96購01  ,0,0,0,450000,30000,420000,0,0,0,420000,0,0,0,450000,30000,420000,420000
053184,世紀鋼元富96購01,0,0,0,0,0,0,0,0,0,420000,0,0,0,420000,0,420000,420000
05306P,泰碩國泰97售01  ,0,0,0,0,0,0,0,0,0,418000,0,0,0,649000,231000,418000,418000
059011,臺股指元大9A購30,0,0,0,0,0,0,0,0,0,417000,0,0,0,508000,91000,417000,417000
04858P,健策元富94售01  ,0,0,0,0,0,0,0,0,0,416000,0,0,0,426000,10000,416000,416000
050788,台郡國泰96購01  ,0,0,0,0,0,0,0,0,0,413000,0,0,0,413000,0,413000,413000
059342,聯發科凱基9A購05,0,0,0,0,0,0,0,0,0,412000,0,0,0,418000,6000,412000,412000
049584,台積電元大96購04,0,0,0,0,0,0,0,0,0,411000,0,0,0,431000,20000,411000,411000
2489,瑞軒            ,826000,347000,479000,0,0,0,0,0,0,-68000,2000,70000,-68000,0,0,0,411000
06946P,T50正2元大9C售01,0,0,0,0,0,0,0,0,0,411000,0,0,0,461000,50000,411000,411000
059127,國巨中信99購04  ,0,0,0,0,0,0,0,0,0,408000,0,0,0,640000,232000,408000,408000
058174,台積電凱基9A購05,0,0,0,0,0,0,0,0,0,406000,0,0,0,1656000,1250000,406000,406000
9105,泰金寶-DR       ,994000,591000,403000,0,0,0,0,0,0,0,0,0,0,0,0,0,403000
3380,明泰            ,900000,319000,581000,0,0,0,0,50000,-50000,-130697,44000,174000,-130000,0,697,-697,400303
054730,上証2X凱基98購02,0,0,0,0,0,0,0,0,0,400000,0,0,0,400000,0,400000,400000
03840P,台積電統一99售02,0,0,0,0,0,0,0,0,0,400000,0,0,0,400000,0,400000,400000
055009,合勤控元富97購01,0,0,0,0,0,0,0,0,0,400000,0,0,0,400000,0,400000,400000
055092,開發金群益9B購01,0,0,0,0,0,0,0,0,0,399000,0,0,0,399000,0,399000,399000
2314,台揚            ,589000,208000,381000,0,0,0,0,0,0,13000,20000,0,20000,2000,9000,-7000,394000
051602,南茂兆豐96購01  ,0,0,0,0,0,0,0,0,0,390000,0,0,0,390000,0,390000,390000
049362,國巨元大94購04  ,0,0,0,0,0,0,0,0,0,389000,0,0,0,389000,0,389000,389000
058452,義隆永豐99購02  ,0,0,0,0,0,0,0,0,0,387000,0,0,0,406000,19000,387000,387000
056412,上証2X中信9A購02,0,0,0,0,0,0,0,0,0,386000,0,0,0,386000,0,386000,386000
2601,益航            ,657000,255000,402000,0,0,0,0,17000,-17000,0,0,0,0,0,0,0,385000
059163,台積電凱基99購10,0,0,0,0,0,0,0,0,0,380000,0,0,0,1208000,828000,380000,380000
053978,創意元大96購05  ,0,0,0,0,0,0,0,0,0,380000,0,0,0,400000,20000,380000,380000
050383,超眾兆豐95購01  ,0,0,0,0,0,0,0,0,0,379000,0,0,0,379000,0,379000,379000
2515,中工            ,1719000,1292000,427000,0,0,0,0,0,0,-48000,4000,72000,-68000,20000,0,20000,379000
050117,麗豐元大96購02  ,0,0,0,0,0,0,0,0,0,378000,0,0,0,388000,10000,378000,378000
00641R,富邦日本反1     ,370000,45000,325000,0,0,0,0,0,0,52000,0,0,0,203000,151000,52000,377000
6282,康舒            ,1029000,610000,419000,0,0,0,0,19000,-19000,-24000,4000,23000,-19000,0,5000,-5000,376000
054259,健策元大97購03  ,0,0,0,0,0,0,0,0,0,375000,0,0,0,405000,30000,375000,375000
053392,致新元大96購01  ,0,0,0,0,0,0,0,0,0,375000,0,0,0,375000,0,375000,375000
2504,國產            ,1787000,1529000,258000,0,0,0,0,0,0,117000,0,0,0,177000,60000,117000,375000
1609,大亞            ,898000,511000,387000,0,0,0,1000,0,1000,-14000,0,14000,-14000,0,0,0,374000
4968,立積            ,1092000,739000,353000,0,0,0,50000,40000,10000,10000,0,0,0,12000,2000,10000,373000
059134,臺股指群益99購09,0,0,0,0,0,0,0,0,0,372000,0,0,0,479000,107000,372000,372000
055960,義隆元大97購01  ,0,0,0,0,0,0,0,0,0,370000,0,0,0,370000,0,370000,370000
052224,楠梓電凱基97購01,0,0,0,0,0,0,0,0,0,370000,0,0,0,370000,0,370000,370000
2461,光群雷          ,627000,259000,368000,0,0,0,0,0,0,-1000,0,1000,-1000,0,0,0,367000
00674R,元大S&P黃金反1  ,0,0,0,0,0,0,0,0,0,364000,0,0,0,384000,20000,364000,364000
2369,菱生            ,717000,336000,381000,0,0,0,0,0,0,-17000,0,17000,-17000,0,0,0,364000
00681R,元大美債20反1   ,0,0,0,0,0,0,0,0,0,362000,0,0,0,393000,31000,362000,362000
058880,台灣50永豐99購04,0,0,0,0,0,0,0,0,0,362000,0,0,0,362000,0,362000,362000
1460,宏遠            ,410000,52000,358000,0,0,0,0,0,0,0,0,0,0,0,0,0,358000
2915,潤泰全          ,920496,1399409,-478913,0,0,0,278000,2964,275036,561000,4000,17000,-13000,576000,2000,574000,357123
059341,台積電凱基99購15,0,0,0,0,0,0,0,0,0,356000,0,0,0,802000,446000,356000,356000
1718,中纖            ,1455000,1100000,355000,0,0,0,0,0,0,0,0,0,0,0,0,0,355000
6213,聯茂            ,1232000,1453000,-221000,0,0,0,878000,201595,676405,-104000,23000,234000,-211000,123000,16000,107000,351405
057259,台積電兆豐98購03,0,0,0,0,0,0,0,0,0,351000,0,0,0,351000,0,351000,351000
047768,大立光元大95購01,0,0,0,0,0,0,0,0,0,351000,0,0,0,351000,0,351000,351000
056265,國泰金統一97購01,0,0,0,0,0,0,0,0,0,350000,0,0,0,350000,0,350000,350000
047780,友達中信96購01  ,0,0,0,0,0,0,0,0,0,350000,0,0,0,350000,0,350000,350000
1215,卜蜂            ,516000,412000,104000,0,0,0,249000,3000,246000,0,0,0,0,0,0,0,350000
058600,國巨元大99購15  ,0,0,0,0,0,0,0,0,0,349000,0,0,0,349000,0,349000,349000
2383,台光電          ,1644000,1097700,546300,0,0,0,0,108841,-108841,-89340,156000,263000,-107000,22000,4340,17660,348119
059133,臺股指群益99購08,0,0,0,0,0,0,0,0,0,347000,0,0,0,551000,204000,347000,347000
2208,台船            ,490000,144000,346000,0,0,0,0,0,0,0,0,0,0,0,0,0,346000
048575,旺宏國泰94購04  ,0,0,0,0,0,0,0,0,0,344000,0,0,0,344000,0,344000,344000
3029,零壹            ,704000,366000,338000,0,0,0,0,0,0,6000,6000,0,6000,0,0,0,344000
07208P,台積電凱基99售14,0,0,0,0,0,0,0,0,0,341000,0,0,0,676000,335000,341000,341000
048007,明基材元大96購01,0,0,0,0,0,0,0,0,0,339000,0,0,0,344000,5000,339000,339000
049272,世紀鋼元大96購02,0,0,0,0,0,0,0,0,0,337000,0,0,0,451000,114000,337000,337000
058307,聯發科元大99購08,0,0,0,0,0,0,0,0,0,335000,0,0,0,395000,60000,335000,335000
057041,國巨元大99購04  ,0,0,0,0,0,0,0,0,0,335000,0,0,0,335000,0,335000,335000
2379,瑞昱            ,4225000,4221860,3140,0,0,0,316000,3688,312312,18000,0,22000,-22000,52000,12000,40000,333452
06889P,臺股指元大98售13,0,0,0,0,0,0,0,0,0,333000,0,0,0,652000,319000,333000,333000
058576,南亞科群益99購01,0,0,0,0,0,0,0,0,0,332000,0,0,0,332000,0,332000,332000
059128,友達中信99購02  ,0,0,0,0,0,0,0,0,0,332000,0,0,0,1215000,883000,332000,332000
5215,科嘉-KY         ,163000,126000,37000,0,0,0,295000,0,295000,0,0,0,0,0,0,0,332000
3533,嘉澤            ,138014,98000,40014,0,0,0,295000,2123,292877,-1000,14000,18000,-4000,5000,2000,3000,331891
058118,瑞昱群益99購01  ,0,0,0,0,0,0,0,0,0,330000,0,0,0,330000,0,330000,330000
047421,聯茂富邦97購01  ,0,0,0,0,0,0,0,0,0,330000,0,0,0,365000,35000,330000,330000
051382,玉晶光群益98購02,0,0,0,0,0,0,0,0,0,325000,0,0,0,325000,0,325000,325000
00739,元大MSCI A股    ,339000,7000,332000,0,0,0,0,0,0,-10274,0,0,0,92726,103000,-10274,321726
2401,凌陽            ,704000,349000,355000,0,0,0,0,0,0,-34000,0,34000,-34000,0,0,0,321000
058607,聯發科元大99購14,0,0,0,0,0,0,0,0,0,319000,0,0,0,329000,10000,319000,319000
058470,台灣50日盛9B購02,0,0,0,0,0,0,0,0,0,318000,0,0,0,318000,0,318000,318000
2455,全新            ,918000,620230,297770,0,0,0,0,40334,-40334,58000,55000,5000,50000,13000,5000,8000,315436
055359,超眾凱基97購01  ,0,0,0,0,0,0,0,0,0,315000,0,0,0,320000,5000,315000,315000
05327P,臺股指凱基95售11,0,0,0,0,0,0,0,0,0,315000,0,0,0,315000,0,315000,315000
053057,聯電國泰97購02  ,0,0,0,0,0,0,0,0,0,314000,0,0,0,334000,20000,314000,314000
045767,大立光元富95購01,0,0,0,0,0,0,0,0,0,313000,0,0,0,411000,98000,313000,313000
06021P,世紀鋼元富96售03,0,0,0,0,0,0,0,0,0,313000,0,0,0,359000,46000,313000,313000
048049,滬深反中信96購01,0,0,0,0,0,0,0,0,0,312000,0,0,0,312000,0,312000,312000
056921,京元電兆豐98購01,0,0,0,0,0,0,0,0,0,311000,0,0,0,558000,247000,311000,311000
055157,晶豪科元大97購01,0,0,0,0,0,0,0,0,0,310000,0,0,0,310000,0,310000,310000
048785,台積電元大96購01,0,0,0,0,0,0,0,0,0,310000,0,0,0,716000,406000,310000,310000
050127,台積電凱基94購31,0,0,0,0,0,0,0,0,0,310000,0,0,0,310000,0,310000,310000
051914,健策元大96購06  ,0,0,0,0,0,0,0,0,0,309000,0,0,0,449000,140000,309000,309000
059090,台新金元大99購01,0,0,0,0,0,0,0,0,0,308000,0,0,0,308000,0,308000,308000
048588,世紀鋼中信94購01,0,0,0,0,0,0,0,0,0,307000,0,0,0,420000,113000,307000,307000
059309,滬深2X元大99購02,0,0,0,0,0,0,0,0,0,305000,0,0,0,355000,50000,305000,305000
052453,崇越元大95購01  ,0,0,0,0,0,0,0,0,0,305000,0,0,0,350000,45000,305000,305000
2417,圓剛            ,591000,286000,305000,0,0,0,0,0,0,0,0,0,0,0,0,0,305000
054727,台積電日盛97購02,0,0,0,0,0,0,0,0,0,304000,0,0,0,304000,0,304000,304000
053648,台積電凱基97購04,0,0,0,0,0,0,0,0,0,303000,0,0,0,404000,101000,303000,303000
053788,泰鼎元大97購01  ,0,0,0,0,0,0,0,0,0,302000,0,0,0,302000,0,302000,302000
051879,健策台新96購01  ,0,0,0,0,0,0,0,0,0,302000,0,0,0,302000,0,302000,302000
049252,國巨元大96購01  ,0,0,0,0,0,0,0,0,0,302000,0,0,0,342000,40000,302000,302000
049641,台達電凱基94購08,0,0,0,0,0,0,0,0,0,302000,0,0,0,302000,0,302000,302000
052789,台積電麥證96購01,0,0,0,71000,0,71000,0,0,0,301000,0,0,0,301000,0,301000,301000
1409,新纖            ,1036000,671000,365000,0,0,0,0,0,0,-64000,0,64000,-64000,0,0,0,301000
059249,大立光凱基99購05,0,0,0,0,0,0,0,0,0,300000,0,0,0,310000,10000,300000,300000
055589,台光電元大98購04,0,0,0,0,0,0,0,0,0,300000,0,0,0,300000,0,300000,300000
051107,鴻海統一95購05  ,0,0,0,0,0,0,0,0,0,300000,0,0,0,300000,0,300000,300000
049845,台積電麥證94購01,0,0,0,300000,0,300000,0,0,0,300000,0,0,0,300000,0,300000,300000
051800,旺宏永豐95購02  ,0,0,0,0,0,0,0,0,0,299000,0,0,0,299000,0,299000,299000
06669P,緯穎凱基98售05  ,0,0,0,0,0,0,0,0,0,298000,0,0,0,327000,29000,298000,298000
04762P,聯詠凱基94售03  ,0,0,0,0,0,0,0,0,0,298000,0,0,0,298000,0,298000,298000
2327,國巨            ,3614000,2882101,731899,0,0,0,17000,949940,-932940,498000,59000,16000,43000,489000,34000,455000,296959
054229,超眾元富96購05  ,0,0,0,0,0,0,0,0,0,296000,0,0,0,296000,0,296000,296000
058409,鴻海兆豐99購05  ,0,0,0,0,0,0,0,0,0,296000,0,0,0,334000,38000,296000,296000
056768,宏達電元大99購03,0,0,0,0,0,0,0,0,0,294000,0,0,0,441000,147000,294000,294000
047681,滬深反中信95購01,0,0,0,0,0,0,0,0,0,292000,0,0,0,298000,6000,292000,292000
03765P,大立光元富96售01,0,0,0,0,0,0,0,0,0,292000,0,0,0,292000,0,292000,292000
1312,國喬            ,1799000,1559000,240000,0,0,0,0,5000,-5000,57000,68000,22000,46000,39000,28000,11000,292000
1313,聯成            ,869000,569310,299690,0,0,0,0,8000,-8000,0,0,0,0,0,0,0,291690
057640,台積電元大98購16,0,0,0,0,0,0,0,0,0,291000,0,0,0,291000,0,291000,291000
059010,臺股指元大99購12,0,0,0,0,0,0,0,0,0,291000,0,0,0,291000,0,291000,291000
055813,聯發科國票98購04,0,0,0,0,0,0,0,0,0,290000,0,0,0,290000,0,290000,290000
056261,台積電統一97購07,0,0,0,0,0,0,0,0,0,290000,0,0,0,300000,10000,290000,290000
057410,南電群益98購01  ,0,0,0,0,0,0,0,0,0,290000,0,0,0,290000,0,290000,290000
057523,大成鋼元大99購01,0,0,0,0,0,0,0,0,0,290000,0,0,0,290000,0,290000,290000
056857,國巨群益99購02  ,0,0,0,0,0,0,0,0,0,290000,0,0,0,400000,110000,290000,290000
053054,禾伸堂國票97購01,0,0,0,0,0,0,0,0,0,290000,0,0,0,290000,0,290000,290000
2485,兆赫            ,619000,291000,328000,0,0,0,0,0,0,-38000,0,28000,-28000,5000,15000,-10000,290000
07141P,台灣50國票9A售03,0,0,0,0,0,0,0,0,0,290000,0,0,0,290000,0,290000,290000
052179,康友元大95購03  ,0,0,0,0,0,0,0,0,0,289000,0,0,0,299000,10000,289000,289000
00707R,元大S&P日圓反1  ,0,0,0,0,0,0,0,0,0,289000,0,0,0,290000,1000,289000,289000
07134P,臺股指元大9A售28,0,0,0,0,0,0,0,0,0,286000,0,0,0,288000,2000,286000,286000
058306,聯發科元大99購07,0,0,0,0,0,0,0,0,0,284000,0,0,0,294000,10000,284000,284000
06434P,超眾群益98售02  ,0,0,0,0,0,0,0,0,0,284000,0,0,0,284000,0,284000,284000
1809,中釉            ,353000,69000,284000,0,0,0,0,0,0,0,0,0,0,0,0,0,284000
059074,元油2X元大9C購15,0,0,0,0,0,0,0,0,0,283000,0,0,0,283000,0,283000,283000
054868,國泰金群益9A購01,0,0,0,0,0,0,0,0,0,283000,0,0,0,526000,243000,283000,283000
052546,友達中信98購01  ,0,0,0,0,0,0,0,0,0,282000,0,0,0,282000,0,282000,282000
059000,台積電元大99購25,0,0,0,0,0,0,0,0,0,281000,0,0,0,308000,27000,281000,281000
051827,智邦元大95購04  ,0,0,0,0,0,0,0,0,0,281000,0,0,0,374000,93000,281000,281000
056899,可成元大98購01  ,0,0,0,0,0,0,0,0,0,280000,0,0,0,290000,10000,280000,280000
047543,鴻海凱基94購09  ,0,0,0,0,0,0,0,0,0,280000,0,0,0,280000,0,280000,280000
042953,鴻海台新01購01  ,0,0,0,0,0,0,0,0,0,280000,0,0,0,286000,6000,280000,280000
052688,新日興元大96購01,0,0,0,0,0,0,0,0,0,280000,0,0,0,280000,0,280000,280000
6443,元晶            ,402000,122000,280000,0,0,0,0,0,0,0,0,0,0,0,0,0,280000
2049,上銀            ,2865137,2657649,207488,0,0,0,112000,43633,68367,3910,10000,17000,-7000,42000,31090,10910,279765
057813,京元電元大98購03,0,0,0,0,0,0,0,0,0,279000,0,0,0,625000,346000,279000,279000
4915,致伸            ,1959000,1493282,465718,0,0,0,0,174813,-174813,-12000,0,14000,-14000,3000,1000,2000,278905
052172,致茂元大95購01  ,0,0,0,0,0,0,0,0,0,278000,0,0,0,288000,10000,278000,278000
07205P,鴻海凱基99售11  ,0,0,0,0,0,0,0,0,0,278000,0,0,0,290000,12000,278000,278000
049820,世紀鋼元大96購03,0,0,0,0,0,0,0,0,0,277000,0,0,0,412000,135000,277000,277000
053383,京元電元大97購01,0,0,0,0,0,0,0,0,0,276000,0,0,0,423000,147000,276000,276000
054053,聯茂元大96購01  ,0,0,0,0,0,0,0,0,0,275000,0,0,0,624000,349000,275000,275000
057232,京元電凱基98購02,0,0,0,0,0,0,0,0,0,275000,0,0,0,275000,0,275000,275000
049600,緯穎元大95購02  ,0,0,0,0,0,0,0,0,0,275000,0,0,0,275000,0,275000,275000
049784,台積電兆豐94購05,0,0,0,0,0,0,0,0,0,274000,0,0,0,355000,81000,274000,274000
058491,滬深2X群益01購01,0,0,0,0,0,0,0,0,0,273000,0,0,0,273000,0,273000,273000
3047,訊舟            ,427000,154000,273000,0,0,0,0,0,0,0,0,0,0,0,0,0,273000
052171,台積電元大95購21,0,0,0,0,0,0,0,0,0,270000,0,0,0,270000,0,270000,270000
051989,華固元大95購02  ,0,0,0,0,0,0,0,0,0,270000,0,0,0,270000,0,270000,270000
2340,光磊            ,683000,335000,348000,0,0,0,0,37550,-37550,-42000,0,34000,-34000,5000,13000,-8000,268450
2520,冠德            ,733000,410000,323000,0,0,0,0,79000,-79000,24000,24000,0,24000,0,0,0,268000
059151,臺股指國票99購14,0,0,0,0,0,0,0,0,0,267000,0,0,0,267000,0,267000,267000
4155,訊映            ,349000,82000,267000,0,0,0,0,0,0,0,0,0,0,0,0,0,267000
9944,新麗            ,421000,154000,267000,0,0,0,0,0,0,0,0,0,0,0,0,0,267000
054804,南亞元大9A購01  ,0,0,0,0,0,0,0,0,0,266000,0,0,0,266000,0,266000,266000
057058,祥碩元大98購04  ,0,0,0,0,0,0,0,0,0,265000,0,0,0,436000,171000,265000,265000
053979,健策元大98購01  ,0,0,0,0,0,0,0,0,0,265000,0,0,0,265000,0,265000,265000
058963,華新科兆豐99購05,0,0,0,0,0,0,0,0,0,265000,0,0,0,265000,0,265000,265000
049843,康友中信95購01  ,0,0,0,0,0,0,0,0,0,265000,0,0,0,301000,36000,265000,265000
056572,義隆元大99購01  ,0,0,0,0,0,0,0,0,0,264000,0,0,0,284000,20000,264000,264000
3038,全台            ,581000,147000,434000,0,0,0,0,0,0,-171000,0,171000,-171000,0,0,0,263000
2442,新美齊          ,705000,431000,274000,0,0,0,1000,0,1000,-12000,0,12000,-12000,0,0,0,263000
055657,超眾元富97購02  ,0,0,0,0,0,0,0,0,0,262000,0,0,0,262000,0,262000,262000
055826,中石化元大97購01,0,0,0,0,0,0,0,0,0,260000,0,0,0,260000,0,260000,260000
07118P,台積電凱基99售09,0,0,0,0,0,0,0,0,0,260000,0,0,0,347000,87000,260000,260000
059208,SGBR2X元大99購02,0,0,0,0,0,0,0,0,0,259000,0,0,0,259000,0,259000,259000
052388,旺宏群益96購05  ,0,0,0,0,0,0,0,0,0,259000,0,0,0,259000,0,259000,259000
06038P,國泰金台新96售01,0,0,0,0,0,0,0,0,0,258000,0,0,0,327000,69000,258000,258000
058509,聯發科元大99購12,0,0,0,0,0,0,0,0,0,257000,0,0,0,257000,0,257000,257000
3532,台勝科          ,350500,474000,-123500,0,0,0,6000,2662,3338,375000,0,20000,-20000,396000,1000,395000,254838
058551,義隆永豐99購03  ,0,0,0,0,0,0,0,0,0,254000,0,0,0,260000,6000,254000,254000
05412P,泰碩國票95售02  ,0,0,0,0,0,0,0,0,0,253000,0,0,0,253000,0,253000,253000
9933,中鼎            ,1270000,746000,524000,0,0,0,32000,4053,27947,-299000,0,299000,-299000,0,0,0,252947
057565,可成富邦99購01  ,0,0,0,0,0,0,0,0,0,252000,0,0,0,280000,28000,252000,252000
057013,聯發科麥證98購01,0,0,0,170000,20000,150000,0,0,0,250000,0,0,0,280000,30000,250000,250000
058283,世紀鋼中信99購01,0,0,0,0,0,0,0,0,0,250000,0,0,0,1100000,850000,250000,250000
053719,可成凱基96購08  ,0,0,0,0,0,0,0,0,0,250000,0,0,0,547000,297000,250000,250000
049310,台積電凱基94購15,0,0,0,0,0,0,0,0,0,250000,0,0,0,250000,0,250000,250000
5521,工信            ,453000,204000,249000,0,0,0,0,0,0,0,0,0,0,0,0,0,249000
052396,台積電凱基97購01,0,0,0,0,0,0,0,0,0,248000,0,0,0,248000,0,248000,248000
052874,超眾凱基96購01  ,0,0,0,0,0,0,0,0,0,248000,0,0,0,253000,5000,248000,248000
058707,泰鼎元大99購02  ,0,0,0,0,0,0,0,0,0,245000,0,0,0,390000,145000,245000,245000
053860,台積電元大98購03,0,0,0,0,0,0,0,0,0,245000,0,0,0,245000,0,245000,245000
057962,超眾元大99購03  ,0,0,0,0,0,0,0,0,0,244000,0,0,0,289000,45000,244000,244000
06490P,鴻海富邦99售02  ,0,0,0,0,0,0,0,0,0,244000,0,0,0,876000,632000,244000,244000
06654P,欣興元大98售08  ,0,0,0,0,0,0,0,0,0,240000,0,0,0,240000,0,240000,240000
056271,嘉澤統一97購01  ,0,0,0,0,0,0,0,0,0,240000,0,0,0,240000,0,240000,240000
053602,台虹元大96購01  ,0,0,0,0,0,0,0,0,0,240000,0,0,0,300000,60000,240000,240000
058968,T50正2永豐99購01,0,0,0,0,0,0,0,0,0,240000,0,0,0,281000,41000,240000,240000
052829,上銀群益96購01  ,0,0,0,0,0,0,0,0,0,239000,0,0,0,249000,10000,239000,239000
053041,可成凱基96購02  ,0,0,0,0,0,0,0,0,0,238000,0,0,0,253000,15000,238000,238000
2537,聯上發          ,731000,494000,237000,0,0,0,0,0,0,1000,1000,0,1000,0,0,0,238000
6209,今國光          ,355000,115000,240000,0,0,0,0,0,0,-3000,0,3000,-3000,0,0,0,237000
056233,超眾凱基97購02  ,0,0,0,0,0,0,0,0,0,236000,0,0,0,240000,4000,236000,236000
057282,大立光元大99購06,0,0,0,0,0,0,0,0,0,235000,0,0,0,235000,0,235000,235000
050370,台積電元大94購24,0,0,0,0,0,0,0,0,0,235000,0,0,0,250000,15000,235000,235000
04878P,國巨康和94售02  ,0,0,0,0,0,0,0,0,0,235000,0,0,0,518000,283000,235000,235000
058794,旺宏元大99購09  ,0,0,0,0,0,0,0,0,0,234000,0,0,0,239000,5000,234000,234000
05063P,聯電元大96售03  ,0,0,0,0,0,0,0,0,0,233000,0,0,0,233000,0,233000,233000
058921,聯發科元富03購01,0,0,0,0,0,0,0,0,0,230000,0,0,0,230000,0,230000,230000
052890,FB上証群益9B購01,0,0,0,0,0,0,0,0,0,230000,0,0,0,650000,420000,230000,230000
050167,T50反1富邦96購01,0,0,0,0,0,0,0,0,0,230000,0,0,0,230000,0,230000,230000
2404,漢唐            ,293220,263000,30220,0,0,0,0,1758,-1758,201000,20000,19000,1000,202000,2000,200000,229462
05677P,玉晶光群益98售03,0,0,0,0,0,0,0,0,0,229000,0,0,0,229000,0,229000,229000
1702,南僑            ,458000,224000,234000,0,0,0,0,3000,-3000,-2000,0,2000,-2000,0,0,0,229000
3535,晶彩科          ,468000,239000,229000,0,0,0,0,0,0,0,0,0,0,0,0,0,229000
2201,裕隆            ,1499000,1260000,239000,0,0,0,0,9121,-9121,-1000,0,0,0,2000,3000,-1000,228879
3673,TPK-KY          ,1479000,1286000,193000,0,0,0,0,2140,-2140,38000,20000,9000,11000,31000,4000,27000,228860
056292,統一元大97購01  ,0,0,0,0,0,0,0,0,0,228000,0,0,0,658000,430000,228000,228000
047769,大立光元大96購01,0,0,0,0,0,0,0,0,0,228000,0,0,0,228000,0,228000,228000
6592,和潤企業        ,317000,103000,214000,0,0,0,13000,0,13000,0,0,0,0,0,0,0,227000
056080,世紀鋼元大97購03,0,0,0,0,0,0,0,0,0,226000,0,0,0,244000,18000,226000,226000
04441P,台積電台新95售01,0,0,0,0,0,0,0,0,0,226000,0,0,0,450000,224000,226000,226000
1730,花仙子          ,332000,46000,286000,0,0,0,0,0,0,-61000,0,61000,-61000,0,0,0,225000
056318,鴻海群益98購02  ,0,0,0,0,0,0,0,0,0,224000,0,0,0,224000,0,224000,224000
2399,映泰            ,442000,215000,227000,0,0,0,0,0,0,-3000,0,3000,-3000,0,0,0,224000
057954,宏碁元大99購01  ,0,0,0,0,0,0,0,0,0,223000,0,0,0,499000,276000,223000,223000
059215,台積電元大99購28,0,0,0,0,0,0,0,0,0,223000,0,0,0,229000,6000,223000,223000
054227,宏達電元富96購02,0,0,0,0,0,0,0,0,0,220000,0,0,0,220000,0,220000,220000
056575,禾伸堂元大99購01,0,0,0,0,0,0,0,0,0,220000,0,0,0,250000,30000,220000,220000
05104P,智邦台新95售02  ,0,0,0,0,0,0,0,0,0,220000,0,0,0,255000,35000,220000,220000
2426,鼎元            ,434000,209000,225000,0,0,0,0,0,0,-5000,0,5000,-5000,0,0,0,220000
04813P,智邦元大94售07  ,0,0,0,0,0,0,0,0,0,218000,0,0,0,218000,0,218000,218000
057625,泰鼎國泰9A購01  ,0,0,0,0,0,0,0,0,0,217000,0,0,0,273000,56000,217000,217000
03436B,臺股指元富99熊13,0,0,0,0,0,0,0,0,0,217000,0,0,0,288000,71000,217000,217000
049044,和碩兆豐94購01  ,0,0,0,0,0,0,0,0,0,215000,0,0,0,215000,0,215000,215000
048860,玉晶光群益96購03,0,0,0,0,0,0,0,0,0,215000,0,0,0,215000,0,215000,215000
07103P,南電元大99售04  ,0,0,0,0,0,0,0,0,0,213000,0,0,0,213000,0,213000,213000
059004,嘉晶元大99購05  ,0,0,0,0,0,0,0,0,0,212000,0,0,0,370000,158000,212000,212000
056437,台積電凱基98購11,0,0,0,0,0,0,0,0,0,211000,0,0,0,253000,42000,211000,211000
058511,華新科元大9B購01,0,0,0,0,0,0,0,0,0,210000,0,0,0,210000,0,210000,210000
06684P,緯穎元大98售06  ,0,0,0,0,0,0,0,0,0,210000,0,0,0,218000,8000,210000,210000
052476,台光電群益98購01,0,0,0,0,0,0,0,0,0,210000,0,0,0,210000,0,210000,210000
051075,智邦國泰97購01  ,0,0,0,0,0,0,0,0,0,210000,0,0,0,221000,11000,210000,210000
053491,鴻海兆豐97購02  ,0,0,0,0,0,0,0,0,0,210000,0,0,0,215000,5000,210000,210000
2534,宏盛            ,815000,609000,206000,0,0,0,0,0,0,2000,1000,1000,0,2000,0,2000,208000
3437,榮創            ,339000,131000,208000,0,0,0,0,0,0,0,0,0,0,0,0,0,208000
2609,陽明            ,394000,169000,225000,0,0,0,0,17963,-17963,0,0,0,0,0,0,0,207037
058652,SGBR2X中信01購01,0,0,0,0,0,0,0,0,0,206000,0,0,0,206000,0,206000,206000
057278,可成元大98購06  ,0,0,0,0,0,0,0,0,0,205000,0,0,0,215000,10000,205000,205000
050540,台積電凱基94購38,0,0,0,0,0,0,0,0,0,205000,0,0,0,284000,79000,205000,205000
2031,新光鋼          ,329000,103000,226000,0,0,0,0,2000,-2000,-19000,0,19000,-19000,0,0,0,205000
057158,義隆永豐99購01  ,0,0,0,0,0,0,0,0,0,204000,0,0,0,204000,0,204000,204000
06668P,祥碩凱基98售02  ,0,0,0,0,0,0,0,0,0,203000,0,0,0,208000,5000,203000,203000
059234,台灣50凱基9C購03,0,0,0,0,0,0,0,0,0,202000,0,0,0,212000,10000,202000,202000
05905P,晶技統一97售01  ,0,0,0,0,0,0,0,0,0,202000,0,0,0,202000,0,202000,202000
056311,泰鼎元大98購01  ,0,0,0,0,0,0,0,0,0,202000,0,0,0,202000,0,202000,202000
049254,台積電元大96購02,0,0,0,0,0,0,0,0,0,202000,0,0,0,220000,18000,202000,202000
1455,集盛            ,496000,293000,203000,0,0,0,0,0,0,-1000,0,1000,-1000,0,0,0,202000
055909,大成鋼凱基98購02,0,0,0,0,0,0,0,0,0,200000,0,0,0,200000,0,200000,200000
057669,嘉晶元大99購03  ,0,0,0,0,0,0,0,0,0,200000,0,0,0,220000,20000,200000,200000
057532,智原元大98購03  ,0,0,0,0,0,0,0,0,0,200000,0,0,0,200000,0,200000,200000
059279,台灣50富邦9C購03,0,0,0,0,0,0,0,0,0,200000,0,0,0,200000,0,200000,200000
059173,矽力凱基99購01  ,0,0,0,0,0,0,0,0,0,200000,0,0,0,200000,0,200000,200000
057766,矽力凱基98購03  ,0,0,0,0,0,0,0,0,0,200000,0,0,0,200000,0,200000,200000
049267,瀚宇博元大95購02,0,0,0,0,0,0,0,0,0,200000,0,0,0,200000,0,200000,200000
051751,聯茂富邦95購01  ,0,0,0,0,0,0,0,0,0,200000,0,0,0,200000,0,200000,200000
051695,元金2X中信98購01,0,0,0,0,0,0,0,0,0,200000,0,0,0,200000,0,200000,200000
048287,嘉晶兆豐94購01  ,0,0,0,0,0,0,0,0,0,200000,0,0,0,200000,0,200000,200000
048012,嘉晶國票94購01  ,0,0,0,0,0,0,0,0,0,200000,0,0,0,200000,0,200000,200000
050727,華新科國票94購09,0,0,0,0,0,0,0,0,0,200000,0,0,0,200000,0,200000,200000
051234,南電群益95購02  ,0,0,0,0,0,0,0,0,0,200000,0,0,0,200000,0,200000,200000
058716,華新科台新99購02,0,0,0,0,0,0,0,0,0,200000,0,0,0,200000,0,200000,200000
3712,永崴投控        ,338000,138000,200000,0,0,0,0,0,0,0,0,0,0,0,0,0,200000
2867,三商壽          ,1097434,886928,210506,0,0,0,0,10985,-10985,0,0,0,0,0,0,0,199521
050719,世紀鋼群益96購01,0,0,0,0,0,0,0,0,0,199000,0,0,0,260000,61000,199000,199000
051957,旺宏台新95購02  ,0,0,0,0,0,0,0,0,0,199000,0,0,0,199000,0,199000,199000
05194P,玉晶光康和95售01,0,0,0,0,0,0,0,0,0,198000,0,0,0,198000,0,198000,198000
052626,上証2X中信9A購01,0,0,0,0,0,0,0,0,0,198000,0,0,0,198000,0,198000,198000
058900,旺宏元大99購11  ,0,0,0,0,0,0,0,0,0,198000,0,0,0,198000,0,198000,198000
055122,國巨兆豐98購01  ,0,0,0,0,0,0,0,0,0,197000,0,0,0,197000,0,197000,197000
1440,南紡            ,511000,303000,208000,0,0,0,0,0,0,-11000,0,11000,-11000,0,0,0,197000
052325,高股息中信99購01,0,0,0,0,0,0,0,0,0,196000,0,0,0,207000,11000,196000,196000
2331,精英            ,305000,126000,179000,0,0,0,0,0,0,17000,28000,11000,17000,0,0,0,196000
057513,智邦台新98購01  ,0,0,0,0,0,0,0,0,0,195000,0,0,0,270000,75000,195000,195000
049934,緯穎元大94購08  ,0,0,0,0,0,0,0,0,0,195000,0,0,0,195000,0,195000,195000
1902,台紙            ,249000,47000,202000,0,0,0,0,7000,-7000,0,0,0,0,0,0,0,195000
4414,如興            ,650000,455000,195000,0,0,0,0,0,0,0,0,0,0,0,0,0,195000
057043,台積電元大99購02,0,0,0,0,0,0,0,0,0,194000,0,0,0,194000,0,194000,194000
04763P,臺股指凱基96售05,0,0,0,0,0,0,0,0,0,194000,0,0,0,194000,0,194000,194000
048153,台積電兆豐94購01,0,0,0,0,0,0,0,0,0,192000,0,0,0,202000,10000,192000,192000
6533,晶心科          ,280000,84000,196000,0,0,0,0,0,0,-4000,0,4000,-4000,0,0,0,192000
058518,玉晶光元大99購13,0,0,0,0,0,0,0,0,0,190000,0,0,0,190000,0,190000,190000
058599,T50反1元大99購05,0,0,0,0,0,0,0,0,0,190000,0,0,0,275000,85000,190000,190000
055376,群創元大01購01  ,0,0,0,0,0,0,0,0,0,190000,0,0,0,190000,0,190000,190000
055727,矽力元大97購02  ,0,0,0,0,0,0,0,0,0,190000,0,0,0,190000,0,190000,190000
045837,群創群益98購02  ,0,0,0,0,0,0,0,0,0,190000,0,0,0,190000,0,190000,190000
049598,超眾元大95購03  ,0,0,0,0,0,0,0,0,0,190000,0,0,0,190000,0,190000,190000
053782,京元電元大98購02,0,0,0,0,0,0,0,0,0,190000,0,0,0,210000,20000,190000,190000
058758,台積電群益99購05,0,0,0,0,0,0,0,0,0,190000,0,0,0,190000,0,190000,190000
054780,中石化群益99購01,0,0,0,0,0,0,0,0,0,189000,0,0,0,210000,21000,189000,189000
056560,旺宏群益98購03  ,0,0,0,0,0,0,0,0,0,189000,0,0,0,189000,0,189000,189000
052060,旺宏國票96購02  ,0,0,0,0,0,0,0,0,0,189000,0,0,0,189000,0,189000,189000
056413,上証反中信9A購01,0,0,0,0,0,0,0,0,0,188000,0,0,0,188000,0,188000,188000
053563,台積電富邦97購01,188000,0,188000,0,0,0,0,0,0,0,0,0,0,0,0,0,188000
049706,世紀鋼元大95購02,0,0,0,0,0,0,0,0,0,188000,0,0,0,219000,31000,188000,188000
048975,玉晶光元大94購03,0,0,0,0,0,0,0,0,0,188000,0,0,0,188000,0,188000,188000
2464,盟立            ,434000,245000,189000,0,0,0,0,1000,-1000,0,0,0,0,0,0,0,188000
06201P,可成元大97售01  ,0,0,0,0,0,0,0,0,0,187000,0,0,0,187000,0,187000,187000
8081,致新            ,492000,329000,163000,0,0,0,28000,2000,26000,-3000,6000,23000,-17000,16000,2000,14000,186000
058520,智易元大99購03  ,0,0,0,0,0,0,0,0,0,185000,0,0,0,190000,5000,185000,185000
059366,台積電台新99購04,0,0,0,0,0,0,0,0,0,185000,0,0,0,185000,0,185000,185000
042501,台灣50凱基96購06,0,0,0,0,0,0,0,0,0,185000,0,0,0,185000,0,185000,185000
058897,國巨元大99購17  ,0,0,0,0,0,0,0,0,0,185000,0,0,0,230000,45000,185000,185000
06033P,可成凱基96售09  ,0,0,0,0,0,0,0,0,0,185000,0,0,0,249000,64000,185000,185000
058706,聯鈞元大9C購01  ,0,0,0,0,0,0,0,0,0,184000,0,0,0,184000,0,184000,184000
056910,超眾元大99購02  ,0,0,0,0,0,0,0,0,0,183000,0,0,0,209000,26000,183000,183000
050030,嘉晶元大94購03  ,0,0,0,0,0,0,0,0,0,183000,0,0,0,279000,96000,183000,183000
03662C,FBVIX凱基03牛01 ,10000,0,10000,0,0,0,0,0,0,173000,0,0,0,190000,17000,173000,183000
4961,天鈺            ,223000,40000,183000,0,0,0,0,0,0,0,0,0,0,0,0,0,183000
056334,台積電凱基98購06,0,0,0,0,0,0,0,0,0,182000,0,0,0,519000,337000,182000,182000
05170P,世芯元大95售01  ,0,0,0,0,0,0,0,0,0,181000,0,0,0,266000,85000,181000,181000
057492,大立光元大98購18,0,0,0,0,0,0,0,0,0,180000,0,0,0,180000,0,180000,180000
054416,禾伸堂元大97購01,0,0,0,0,0,0,0,0,0,180000,0,0,0,200000,20000,180000,180000
053304,可成凱基96購03  ,20000,0,20000,0,0,0,0,0,0,160000,0,0,0,200000,40000,160000,180000
047564,滬深2X國票99購01,0,0,0,0,0,0,0,0,0,180000,0,0,0,180000,0,180000,180000
049697,群創元大98購01  ,0,0,0,0,0,0,0,0,0,180000,0,0,0,180000,0,180000,180000
058704,台積電元大99購17,0,0,0,0,0,0,0,0,0,180000,0,0,0,180000,0,180000,180000
051766,泰鼎元大95購02  ,0,0,0,0,0,0,0,0,0,179000,0,0,0,179000,0,179000,179000
052421,元油反國票9B購01,0,0,0,0,0,0,0,0,0,178000,0,0,0,178000,0,178000,178000
052191,超眾群益96購01  ,0,0,0,0,0,0,0,0,0,178000,0,0,0,178000,0,178000,178000
06617P,智邦元大98售03  ,0,0,0,0,0,0,0,0,0,177000,0,0,0,183000,6000,177000,177000
8021,尖點            ,435000,254000,181000,0,0,0,0,0,0,-4000,0,4000,-4000,0,0,0,177000
1526,日馳            ,220000,43000,177000,0,0,0,0,0,0,0,0,0,0,0,0,0,177000
058144,聯茂元大99購02  ,0,0,0,0,0,0,0,0,0,176000,0,0,0,191000,15000,176000,176000
056722,滬深反中信9B購01,0,0,0,0,0,0,0,0,0,175000,0,0,0,243000,68000,175000,175000
056524,欣興中信98購02  ,0,0,0,0,0,0,0,0,0,175000,0,0,0,175000,0,175000,175000
051734,台積電國票95購04,0,0,0,0,0,0,0,0,0,175000,0,0,0,175000,0,175000,175000
058524,超眾元大99購04  ,1000,0,1000,0,0,0,0,0,0,173000,0,0,0,190000,17000,173000,174000
00710B,FH彭博高收益債  ,0,0,0,0,0,0,0,0,0,174000,0,0,0,175000,1000,174000,174000
049490,京元電元大95購02,0,0,0,0,0,0,0,0,0,173000,0,0,0,183000,10000,173000,173000
047683,亞德客國泰95購01,0,0,0,0,0,0,0,0,0,173000,0,0,0,230000,57000,173000,173000
048551,鴻海元大94購02  ,0,0,0,0,0,0,0,0,0,173000,0,0,0,563000,390000,173000,173000
07004P,大立光兆豐9A售01,0,0,0,0,0,0,0,0,0,173000,0,0,0,173000,0,173000,173000
056039,宏達電凱基97購02,0,0,0,0,0,0,0,0,0,172000,0,0,0,172000,0,172000,172000
056515,燿華兆豐99購01  ,0,0,0,0,0,0,0,0,0,172000,0,0,0,259000,87000,172000,172000
053818,富邦金群益98購01,20000,0,20000,0,0,0,0,0,0,152000,0,0,0,262000,110000,152000,172000
07102P,南電元大99售03  ,0,0,0,0,0,0,0,0,0,172000,0,0,0,212000,40000,172000,172000
058941,華新科中信99購03,0,0,0,0,0,0,0,0,0,171000,0,0,0,470000,299000,171000,171000
05180P,玉晶光凱基95售04,0,0,0,0,0,0,0,0,0,171000,0,0,0,235000,64000,171000,171000
056250,瑞昱兆豐97購02  ,0,0,0,0,0,0,0,0,0,170000,0,0,0,170000,0,170000,170000
058365,奇力新凱基9A購01,0,0,0,0,0,0,0,0,0,170000,0,0,0,170000,0,170000,170000
059089,聯發科元大99購19,0,0,0,0,0,0,0,0,0,170000,0,0,0,245000,75000,170000,170000
057880,金融類元大99購02,0,0,0,0,0,0,0,0,0,170000,0,0,0,170000,0,170000,170000
051776,上証2X群益99購01,0,0,0,0,0,0,0,0,0,170000,0,0,0,170000,0,170000,170000
048859,玉晶光群益96購02,0,0,0,0,0,0,0,0,0,170000,0,0,0,170000,0,170000,170000
06993P,鴻海凱基99售05  ,0,0,0,0,0,0,0,0,0,170000,0,0,0,170000,0,170000,170000
059206,元石油元大99購02,0,0,0,0,0,0,0,0,0,170000,0,0,0,170000,0,170000,170000
8429,金麗-KY         ,216000,46000,170000,0,0,0,0,0,0,0,0,0,0,0,0,0,170000
5519,隆大            ,356000,186000,170000,0,0,0,0,0,0,0,0,0,0,0,0,0,170000
057288,聯茂元大98購03  ,0,0,0,0,0,0,0,0,0,169000,0,0,0,226000,57000,169000,169000
052104,英業達兆豐96購01,0,0,0,0,0,0,0,0,0,169000,0,0,0,289000,120000,169000,169000
3060,銘異            ,323000,154000,169000,0,0,0,0,0,0,0,0,0,0,0,0,0,169000
050099,台積電永昌96購01,0,0,0,0,0,0,0,0,0,168000,0,0,0,738000,570000,168000,168000
04980P,臺股指凱基96售08,0,0,0,0,0,0,0,0,0,168000,0,0,0,168000,0,168000,168000
057798,貿聯兆豐99購01  ,0,0,0,0,0,0,0,0,0,167000,0,0,0,220000,53000,167000,167000
4532,瑞智            ,319000,152000,167000,0,0,0,0,0,0,0,0,0,0,0,0,0,167000
2356,英業達          ,9915356,11328672,-1413316,0,0,0,150000,6572,143428,1436000,2000,137000,-135000,1657000,86000,1571000,166112
054671,國巨國泰98購01  ,0,0,0,0,0,0,0,0,0,165000,0,0,0,165000,0,165000,165000
055386,致新元大97購02  ,0,0,0,0,0,0,0,0,0,165000,0,0,0,165000,0,165000,165000
06740P,台灣50國泰9A售02,0,0,0,0,0,0,0,0,0,165000,0,0,0,165000,0,165000,165000
06772P,國巨中信99售01  ,0,0,0,0,0,0,0,0,0,165000,0,0,0,165000,0,165000,165000
056599,臻鼎元富98購01  ,0,0,0,0,0,0,0,0,0,164000,0,0,0,180000,16000,164000,164000
2614,東森            ,538000,374000,164000,0,0,0,0,0,0,0,0,0,0,0,0,0,164000
1734,杏輝            ,234000,71000,163000,0,0,0,0,0,0,-1000,0,1000,-1000,0,0,0,162000
059217,台積電元大99購30,0,0,0,0,0,0,0,0,0,161000,0,0,0,222000,61000,161000,161000
058888,元油2X元大99購16,0,0,0,0,0,0,0,0,0,161000,0,0,0,161000,0,161000,161000
059028,嘉聯益台新99購02,0,0,0,0,0,0,0,0,0,161000,0,0,0,161000,0,161000,161000
059205,元石油元大99購01,0,0,0,0,0,0,0,0,0,161000,0,0,0,161000,0,161000,161000
057965,臺股指元大98購14,0,0,0,0,0,0,0,0,0,160000,0,0,0,160000,0,160000,160000
048624,美律台新93購01  ,0,0,0,0,0,0,0,0,0,160000,0,0,0,160000,0,160000,160000
047123,中石化中信95購01,0,0,0,0,0,0,0,0,0,160000,0,0,0,340000,180000,160000,160000
049553,鴻海國泰96購02  ,0,0,0,0,0,0,0,0,0,160000,0,0,0,240000,80000,160000,160000
4426,利勤            ,428000,268000,160000,0,0,0,0,0,0,0,0,0,0,0,0,0,160000
3008,大立光          ,821000,705399,115601,0,0,0,11000,1154,9846,34000,20000,11000,9000,27000,2000,25000,159447
059232,台灣50凱基03購01,0,0,0,0,0,0,0,0,0,159000,0,0,0,169000,10000,159000,159000
058068,旺宏凱基98購11  ,0,0,0,0,0,0,0,0,0,158000,0,0,0,200000,42000,158000,158000
058542,T50反1富邦9B購01,0,0,0,0,0,0,0,0,0,158000,0,0,0,158000,0,158000,158000
057478,智邦元大99購01  ,0,0,0,0,0,0,0,0,0,158000,0,0,0,198000,40000,158000,158000
059229,臺股指元大99購22,0,0,0,0,0,0,0,0,0,157000,0,0,0,160000,3000,157000,157000
056580,泰鼎元大9A購01  ,0,0,0,0,0,0,0,0,0,156000,0,0,0,159000,3000,156000,156000
053687,智邦元大96購02  ,0,0,0,0,0,0,0,0,0,156000,0,0,0,250000,94000,156000,156000
05975P,國巨日盛99售02  ,0,0,0,0,0,0,0,0,0,156000,0,0,0,156000,0,156000,156000
2023,燁輝            ,667000,510000,157000,0,0,0,0,0,0,-1000,0,1000,-1000,0,0,0,156000
056134,可成元大97購06  ,0,0,0,0,0,0,0,0,0,155000,0,0,0,155000,0,155000,155000
058403,玉晶光元大99購12,0,0,0,0,0,0,0,0,0,155000,0,0,0,155000,0,155000,155000
051938,旭富群益95購01  ,0,0,0,0,0,0,0,0,0,155000,0,0,0,205000,50000,155000,155000
048350,世紀鋼元大95購01,0,0,0,0,0,0,0,0,0,154000,0,0,0,154000,0,154000,154000
05011P,南電國泰96售01  ,0,0,0,0,0,0,0,0,0,153000,0,0,0,227000,74000,153000,153000
4540,全球傳動        ,228000,75000,153000,0,0,0,0,0,0,0,0,0,0,0,0,0,153000
058499,滬深2X元大9C購01,0,0,0,0,0,0,0,0,0,152000,0,0,0,152000,0,152000,152000
04894P,世紀鋼元大94售02,0,0,0,0,0,0,0,0,0,151000,0,0,0,176000,25000,151000,151000
4725,信昌化          ,236000,85000,151000,0,0,0,0,0,0,0,0,0,0,0,0,0,151000
054332,世芯永豐97購01  ,0,0,0,0,0,0,0,0,0,150000,0,0,0,150000,0,150000,150000
054791,泰碩群益99購02  ,0,0,0,0,0,0,0,0,0,150000,0,0,0,150000,0,150000,150000
054827,宏全元大9A購01  ,0,0,0,0,0,0,0,0,0,150000,0,0,0,250000,100000,150000,150000
054828,正崴國泰99購01  ,0,0,0,0,0,0,0,0,0,150000,0,0,0,150000,0,150000,150000
056571,燿華元大98購02  ,0,0,0,0,0,0,0,0,0,150000,0,0,0,210000,60000,150000,150000
05712P,友達統一97售03  ,0,0,0,0,0,0,0,0,0,150000,0,0,0,150000,0,150000,150000
054135,大立光元大97購04,0,0,0,0,0,0,0,0,0,150000,0,0,0,150000,0,150000,150000
057892,上証2X元富02購01,0,0,0,0,0,0,0,0,0,150000,0,0,0,150000,0,150000,150000
049279,元油2X國票94購02,0,0,0,0,0,0,0,0,0,150000,0,0,0,150000,0,150000,150000
053784,奇力新元大97購02,0,0,0,0,0,0,0,0,0,150000,0,0,0,150000,0,150000,150000
05150P,玉晶光第一95售01,0,0,0,0,0,0,0,0,0,150000,0,0,0,150000,0,150000,150000
3698,隆達            ,577000,383000,194000,0,0,0,0,0,0,-44000,0,44000,-44000,0,0,0,150000
1721,三晃            ,208000,58000,150000,0,0,0,0,0,0,0,0,0,0,0,0,0,150000
2362,藍天            ,395000,219000,176000,0,0,0,0,5450,-5450,-22000,0,17000,-17000,0,5000,-5000,148550
057899,台積電永豐98購04,0,0,0,0,0,0,0,0,0,148000,0,0,0,148000,0,148000,148000
056727,滬深反凱基9B購01,0,0,0,0,0,0,0,0,0,148000,0,0,0,159000,11000,148000,148000
058826,台積電永豐99購02,0,0,0,0,0,0,0,0,0,148000,0,0,0,148000,0,148000,148000
048262,台積電元富94購01,0,0,0,0,0,0,0,0,0,148000,0,0,0,153000,5000,148000,148000
06235P,國巨元大97售12  ,0,0,0,0,0,0,0,0,0,148000,0,0,0,148000,0,148000,148000
06398P,禾伸堂凱基97售02,0,0,0,0,0,0,0,0,0,148000,0,0,0,148000,0,148000,148000
059060,大立光凱基9A購03,0,0,0,0,0,0,0,0,0,147000,0,0,0,147000,0,147000,147000
05013P,台積電元大96售05,0,0,0,0,0,0,0,0,0,147000,0,0,0,180000,33000,147000,147000
06152P,玉晶光元大98售06,0,0,0,0,0,0,0,0,0,147000,0,0,0,147000,0,147000,147000
3022,威強電          ,233000,86000,147000,0,0,0,0,0,0,0,0,0,0,0,0,0,147000
2481,強茂            ,517000,350800,166200,0,0,0,0,0,0,-20000,0,1000,-1000,2000,21000,-19000,146200
06347P,祥碩元富97售02  ,0,0,0,0,0,0,0,0,0,146000,0,0,0,172000,26000,146000,146000
058354,台積電凱基9A購06,0,0,0,0,0,0,0,0,0,145000,0,0,0,145000,0,145000,145000
056618,京元電永豐98購01,0,0,0,0,0,0,0,0,0,145000,0,0,0,145000,0,145000,145000
052531,台積電國泰96購06,0,0,0,0,0,0,0,0,0,145000,0,0,0,145000,0,145000,145000
05972P,瑞昱元大96售01  ,0,0,0,0,0,0,0,0,0,145000,0,0,0,145000,0,145000,145000
3376,新日興          ,557000,893000,-336000,0,0,0,368000,129629,238371,242000,222000,11000,211000,38000,7000,31000,144371
054756,世紀鋼凱基99購01,0,0,0,0,0,0,0,0,0,143000,0,0,0,168000,25000,143000,143000
06687P,A50正2中信9A售01,0,0,0,0,0,0,0,0,0,143000,0,0,0,143000,0,143000,143000
052939,富邦金兆豐96購01,0,0,0,0,0,0,0,0,0,143000,0,0,0,424000,281000,143000,143000
04454P,大立光富邦98售02,0,0,0,0,0,0,0,0,0,143000,0,0,0,143000,0,143000,143000
4919,新唐            ,332000,179000,153000,0,0,0,1000,2000,-1000,-9000,0,3000,-3000,1000,7000,-6000,143000
2467,志聖            ,300000,157000,143000,0,0,0,0,0,0,0,0,0,0,0,0,0,143000
2359,所羅門          ,310000,164000,146000,0,0,0,0,0,0,-3000,0,3000,-3000,0,0,0,143000
054967,神達元大97購01  ,0,0,0,0,0,0,0,0,0,142000,0,0,0,142000,0,142000,142000
059013,臺股指元大9A購32,0,0,0,0,0,0,0,0,0,142000,0,0,0,142000,0,142000,142000
058936,國喬中信99購01  ,0,0,0,0,0,0,0,0,0,142000,0,0,0,150000,8000,142000,142000
3149,正達            ,180000,38000,142000,0,0,0,0,0,0,0,0,0,0,0,0,0,142000
055344,國巨凱基97購04  ,0,0,0,0,0,0,0,0,0,141000,0,0,0,141000,0,141000,141000
055701,亞德客富邦99購01,0,0,0,0,0,0,0,0,0,140000,0,0,0,358000,218000,140000,140000
049811,聯鈞元大94購01  ,0,0,0,0,0,0,0,0,0,140000,0,0,0,140000,0,140000,140000
04854P,鴻海國泰96售04  ,0,0,0,0,0,0,0,0,0,140000,0,0,0,499000,359000,140000,140000
048573,世紀鋼元大93購05,0,0,0,0,0,0,0,0,0,140000,0,0,0,140000,0,140000,140000
04596P,臺股指元大94售14,0,1000,-1000,0,0,0,0,0,0,141000,0,0,0,141000,0,141000,140000
6141,柏承            ,267000,127000,140000,0,0,0,0,0,0,0,0,0,0,0,0,0,140000
057197,立積台新98購01  ,0,0,0,0,0,0,0,0,0,139000,0,0,0,139000,0,139000,139000
059255,臺股指凱基99購33,0,0,0,0,0,0,0,0,0,138000,0,0,0,831000,693000,138000,138000
059337,台灣50凱基9C購05,0,0,0,0,0,0,0,0,0,138000,0,0,0,138000,0,138000,138000
053355,超眾兆豐97購01  ,0,0,0,0,0,0,0,0,0,138000,0,0,0,138000,0,138000,138000
04792P,智邦元大94售06  ,0,0,0,0,0,0,0,0,0,138000,0,0,0,238000,100000,138000,138000
04890P,台積電元大95售05,0,0,0,0,0,0,0,0,0,138000,0,0,0,485000,347000,138000,138000
3605,宏致            ,338000,198000,140000,0,0,0,0,0,0,-2000,0,2000,-2000,0,0,0,138000
1786,科妍            ,182000,40000,142000,0,0,0,0,0,0,-4000,1000,5000,-4000,0,0,0,138000
06650P,聯發科元大98售09,0,0,0,0,0,0,0,0,0,137000,0,0,0,144000,7000,137000,137000
058401,華航元大9A購01  ,0,0,0,0,0,0,0,0,0,137000,0,0,0,137000,0,137000,137000
058903,聯發科元大99購16,0,0,0,0,0,0,0,0,0,137000,0,0,0,142000,5000,137000,137000
1731,美吾華          ,372000,235000,137000,0,0,0,0,0,0,0,0,0,0,0,0,0,137000
056797,台積電麥證98購01,0,0,0,136000,0,136000,0,0,0,136000,0,0,0,136000,0,136000,136000
057272,台積電元大98購14,0,0,0,0,0,0,0,0,0,136000,0,0,0,158000,22000,136000,136000
055367,台積電元大97購23,0,0,0,0,0,0,0,0,0,136000,0,0,0,136000,0,136000,136000
08447P,緯穎永豐9C售02  ,0,0,0,0,0,0,0,0,0,136000,0,0,0,136000,0,136000,136000
054808,東元元大9A購01  ,0,0,0,0,0,0,0,0,0,135000,0,0,0,313000,178000,135000,135000
9955,佳龍            ,220000,84000,136000,0,0,0,0,0,0,-1000,0,1000,-1000,0,0,0,135000
05718P,國巨元大96售09  ,0,0,0,0,0,0,0,0,0,134000,0,0,0,134000,0,134000,134000
06680P,智邦元大98售06  ,0,0,0,0,0,0,0,0,0,134000,0,0,0,155000,21000,134000,134000
08653P,台灣50凱基96售07,0,0,0,0,0,0,0,0,0,134000,0,0,0,134000,0,134000,134000
053587,京元電元大98購01,0,0,0,0,0,0,0,0,0,133000,0,0,0,133000,0,133000,133000
6202,盛群            ,600300,365000,235300,0,0,0,0,1000,-1000,-102000,0,102000,-102000,0,0,0,132300
4190,佐登-KY         ,261000,125000,136000,0,0,0,0,0,0,-4000,16000,15000,1000,0,5000,-5000,132000
056893,智邦元大98購02  ,0,0,0,0,0,0,0,0,0,131000,0,0,0,131000,0,131000,131000
056851,瑞儀元富98購01  ,0,0,0,0,0,0,0,0,0,131000,0,0,0,185000,54000,131000,131000
052413,上証反中信97購01,0,0,0,0,0,0,0,0,0,131000,0,0,0,202000,71000,131000,131000
051774,聯茂中信96購01  ,0,0,0,0,0,0,0,0,0,131000,0,0,0,131000,0,131000,131000
056894,佳世達元大99購01,0,0,0,0,0,0,0,0,0,130000,0,0,0,130000,0,130000,130000
056770,國產元大98購02  ,0,0,0,0,0,0,0,0,0,130000,0,0,0,150000,20000,130000,130000
055970,聯茂元大97購04  ,0,0,0,0,0,0,0,0,0,130000,0,0,0,230000,100000,130000,130000
03832P,臺股指中信95售03,0,0,0,0,0,0,0,0,0,130000,0,0,0,130000,0,130000,130000
049251,國巨元大95購02  ,0,0,0,0,0,0,0,0,0,130000,0,0,0,160000,30000,130000,130000
04465P,大立光元富94售03,0,0,0,0,0,0,0,0,0,130000,0,0,0,130000,0,130000,130000
044996,嘉晶國泰95購01  ,0,0,0,0,0,0,0,0,0,130000,0,0,0,130000,0,130000,130000
051559,宏達電國泰96購01,0,0,0,0,0,0,0,0,0,130000,0,0,0,130000,0,130000,130000
052665,緯穎國票96購03  ,0,0,0,0,0,0,0,0,0,130000,0,0,0,130000,0,130000,130000
2374,佳能            ,212000,81000,131000,0,0,0,0,0,0,-1000,0,1000,-1000,0,0,0,130000
058337,日月光元富99購01,0,0,0,0,0,0,0,0,0,129000,0,0,0,130000,1000,129000,129000
059087,台積電元大99購26,0,0,0,0,0,0,0,0,0,129000,0,0,0,139000,10000,129000,129000
06300P,緯穎元大97售04  ,0,0,0,0,0,0,0,0,0,129000,0,0,0,136000,7000,129000,129000
2431,聯昌            ,147000,18000,129000,0,0,0,0,0,0,-1000,0,1000,-1000,0,0,0,128000
057179,可成元大98購04  ,0,0,0,0,0,0,0,0,0,127000,0,0,0,128000,1000,127000,127000
05154P,台積電兆豐95售05,0,0,0,0,0,0,0,0,0,127000,0,0,0,430000,303000,127000,127000
05500P,臺股指中信96售04,0,0,0,0,0,0,0,0,0,127000,0,0,0,127000,0,127000,127000
03418B,臺股指元大95熊20,0,0,0,0,0,0,0,0,0,127000,0,0,0,235000,108000,127000,127000
07206P,鴻海凱基9A售11  ,0,0,0,0,0,0,0,0,0,126000,0,0,0,162000,36000,126000,126000
054823,祥碩元大97購02  ,0,6000,-6000,0,0,0,0,0,0,131000,0,0,0,146000,15000,131000,125000
055404,超眾元富97購01  ,0,0,0,0,0,0,0,0,0,125000,0,0,0,125000,0,125000,125000
058605,華邦電元大99購04,0,0,0,0,0,0,0,0,0,125000,0,0,0,125000,0,125000,125000
054280,牧德群益98購01  ,0,0,0,0,0,0,0,0,0,125000,0,0,0,125000,0,125000,125000
058072,大立光凱基98購20,0,0,0,0,0,0,0,0,0,125000,0,0,0,130000,5000,125000,125000
00640L,富邦日本正2     ,0,4000,-4000,0,0,0,0,0,0,129000,0,0,0,292000,163000,129000,125000
051639,康友國票96購02  ,0,0,0,0,0,0,0,0,0,125000,0,0,0,125000,0,125000,125000
06081P,深中小元大97售02,0,0,0,0,0,0,0,0,0,125000,0,0,0,130000,5000,125000,125000
3419,譁裕            ,157000,32000,125000,0,0,0,0,0,0,0,0,0,0,0,0,0,125000
058462,台積電兆豐99購01,0,0,0,0,0,0,0,0,0,124000,0,0,0,124000,0,124000,124000
06295P,國巨元大97售14  ,0,0,0,0,0,0,0,0,0,124000,0,0,0,124000,0,124000,124000
056357,台積電元大9A購01,0,0,0,0,0,0,0,0,0,123000,0,0,0,123000,0,123000,123000
058200,世芯康和99購01  ,0,0,0,0,0,0,0,0,0,123000,0,0,0,140000,17000,123000,123000
055683,晶技凱基99購01  ,0,0,0,0,0,0,0,0,0,123000,0,0,0,123000,0,123000,123000
058795,可成元大99購03  ,0,0,0,0,0,0,0,0,0,123000,0,0,0,180000,57000,123000,123000
059214,國巨元大99購20  ,0,0,0,0,0,0,0,0,0,122000,0,0,0,132000,10000,122000,122000
056333,台積電日盛9B購01,0,0,0,0,0,0,0,0,0,122000,0,0,0,300000,178000,122000,122000
4564,元翎            ,292000,170000,122000,0,0,0,0,0,0,0,0,0,0,0,0,0,122000
058426,旺宏元富99購02  ,0,0,0,0,0,0,0,0,0,121000,0,0,0,121000,0,121000,121000
05266P,華新科元大95售11,0,0,0,0,0,0,0,0,0,121000,0,0,0,153000,32000,121000,121000
3450,聯鈞            ,770000,824000,-54000,0,0,0,160000,0,160000,15000,0,3000,-3000,48000,30000,18000,121000
6257,矽格            ,977000,615350,361650,0,0,0,0,9000,-9000,-232000,97000,347000,-250000,30000,12000,18000,120650
054140,智易元大97購03  ,0,0,0,0,0,0,0,0,0,120000,0,0,0,120000,0,120000,120000
05446P,緯穎元大95售04  ,0,0,0,0,0,0,0,0,0,120000,0,0,0,120000,0,120000,120000
059140,大立光兆豐9A購02,0,0,0,0,0,0,0,0,0,120000,0,0,0,130000,10000,120000,120000
056583,昇陽半元大98購02,0,0,0,0,0,0,0,0,0,120000,0,0,0,120000,0,120000,120000
057277,可成元大98購05  ,0,0,0,0,0,0,0,0,0,120000,0,0,0,120000,0,120000,120000
057477,智邦元大98購09  ,0,0,0,0,0,0,0,0,0,120000,0,0,0,120000,0,120000,120000
056076,超眾元大97購05  ,0,0,0,0,0,0,0,0,0,120000,0,0,0,120000,0,120000,120000
054951,大毅元大97購01  ,0,0,0,0,0,0,0,0,0,120000,0,0,0,120000,0,120000,120000
058691,友訊國票9A購01  ,0,0,0,0,0,0,0,0,0,120000,0,0,0,120000,0,120000,120000
058988,大立光凱基9A購02,0,0,0,0,0,0,0,0,0,120000,0,0,0,120000,0,120000,120000
055031,南港富邦99購01  ,0,0,0,0,0,0,0,0,0,120000,0,0,0,120000,0,120000,120000
050262,台積電元大94購21,0,0,0,0,0,0,0,0,0,120000,0,0,0,120000,0,120000,120000
052933,祥碩元大96購01  ,0,0,0,0,0,0,0,0,0,120000,0,0,0,483000,363000,120000,120000
05296P,牧德凱基96售01  ,0,0,0,0,0,0,0,0,0,120000,0,0,0,190000,70000,120000,120000
053126,健策凱基97購02  ,0,0,0,0,0,0,0,0,0,120000,0,0,0,120000,0,120000,120000
053293,聯發科中信9B購01,0,100000,-100000,0,0,0,0,0,0,220000,0,0,0,220000,0,220000,120000
054389,為升元富96購02  ,0,0,0,0,0,0,0,0,0,119000,0,0,0,119000,0,119000,119000
056469,國巨元大99購01  ,0,0,0,0,0,0,0,0,0,119000,0,0,0,119000,0,119000,119000
05565P,鎧勝元大96售01  ,0,0,0,0,0,0,0,0,0,119000,0,0,0,145000,26000,119000,119000
05835P,臺股指元富96售07,0,0,0,0,0,0,0,0,0,119000,0,0,0,119000,0,119000,119000
8213,志超            ,434000,302000,132000,0,0,0,0,9000,-9000,-4000,0,2000,-2000,0,2000,-2000,119000
058349,滬深2X日盛9A購01,0,0,0,0,0,0,0,0,0,118000,0,0,0,118000,0,118000,118000
055587,智邦元大97購02  ,0,0,0,0,0,0,0,0,0,118000,0,0,0,118000,0,118000,118000
055120,南港兆豐97購01  ,0,0,0,0,0,0,0,0,0,118000,0,0,0,118000,0,118000,118000
057178,可成元大98購03  ,0,0,0,0,0,0,0,0,0,118000,0,0,0,118000,0,118000,118000
6541,泰福-KY         ,199000,81000,118000,0,0,0,0,0,0,0,0,0,0,0,0,0,118000
07154P,台灣50群益94售01,0,0,0,0,0,0,0,0,0,118000,0,0,0,320000,202000,118000,118000
058361,美律凱基99購06  ,0,0,0,0,0,0,0,0,0,117000,0,0,0,127000,10000,117000,117000
048222,台積電凱基93購26,0,0,0,0,0,0,0,0,0,117000,0,0,0,117000,0,117000,117000
1733,五鼎            ,218000,89000,129000,0,0,0,0,0,0,-12000,0,12000,-12000,0,0,0,117000
058235,大立光元大99購08,0,0,0,0,0,0,0,0,0,116000,0,0,0,116000,0,116000,116000
056133,可成元大97購05  ,0,0,0,0,0,0,0,0,0,116000,0,0,0,116000,0,116000,116000
058656,燿華中信99購01  ,0,0,0,0,0,0,0,0,0,116000,0,0,0,238000,122000,116000,116000
048733,台勝科麥證95購02,0,0,0,116000,0,116000,0,0,0,116000,0,0,0,116000,0,116000,116000
058889,元油2X元大9C購05,0,0,0,0,0,0,0,0,0,116000,0,0,0,116000,0,116000,116000
2102,泰豐            ,537000,421000,116000,0,0,0,0,0,0,0,0,0,0,0,0,0,116000
2484,希華            ,241000,125000,116000,0,0,0,0,0,0,0,0,0,0,0,0,0,116000
07120P,聯發科凱基99售09,0,0,0,0,0,0,0,0,0,116000,0,0,0,116000,0,116000,116000
058506,台積電元大99購09,0,0,0,0,0,0,0,0,0,115000,0,0,0,115000,0,115000,115000
057650,力成元大98購04  ,0,0,0,0,0,0,0,0,0,115000,0,0,0,115000,0,115000,115000
057042,台積電元大98購10,0,0,0,0,0,0,0,0,0,115000,0,0,0,115000,0,115000,115000
058245,訊連元大99購01  ,0,0,0,0,0,0,0,0,0,115000,0,0,0,115000,0,115000,115000
058966,元油2X日盛99購03,0,0,0,0,0,0,0,0,0,115000,0,0,0,165000,50000,115000,115000
058703,台積電元大99購16,0,0,0,0,0,0,0,0,0,115000,0,0,0,115000,0,115000,115000
05363P,臺股指富邦95售03,0,0,0,0,0,0,0,0,0,115000,0,0,0,115000,0,115000,115000
2547,日勝生          ,404000,289000,115000,0,0,0,0,0,0,0,0,0,0,0,0,0,115000
2312,金寶            ,1749000,1596000,153000,0,0,0,0,11000,-11000,-27000,0,0,0,1000,28000,-27000,115000
056740,大立光凱基98購13,0,0,0,0,0,0,0,0,0,114000,0,0,0,119000,5000,114000,114000
048460,盛群凱基94購01  ,0,0,0,0,0,0,0,0,0,114000,0,0,0,156000,42000,114000,114000
00830,國泰費城半導體  ,10000,5000,5000,0,0,0,0,0,0,109000,0,0,0,324000,215000,109000,114000
03999P,鴻海凱基94售11  ,0,0,0,0,0,0,0,0,0,114000,0,0,0,174000,60000,114000,114000
07105P,大毅元富99售02  ,0,0,0,0,0,0,0,0,0,114000,0,0,0,144000,30000,114000,114000
057283,欣興元大98購07  ,0,0,0,0,0,0,0,0,0,113000,0,0,0,138000,25000,113000,113000
05282P,可成元大95售09  ,0,0,0,0,0,0,0,0,0,113000,0,0,0,113000,0,113000,113000
2486,一詮            ,151000,38000,113000,0,0,0,0,0,0,0,0,0,0,0,0,0,113000
055714,智邦元大97購03  ,0,0,0,0,0,0,0,0,0,112000,0,0,0,190000,78000,112000,112000
2472,立隆電          ,211000,92000,119000,0,0,0,0,1000,-1000,-6000,18000,24000,-6000,0,0,0,112000
1340,勝悅-KY         ,164000,51000,113000,0,0,0,0,0,0,-1000,0,1000,-1000,0,0,0,112000
3518,柏騰            ,169000,57000,112000,0,0,0,0,0,0,0,0,0,0,0,0,0,112000
058191,祥碩永豐99購01  ,0,0,0,0,0,0,0,0,0,111000,0,0,0,111000,0,111000,111000
051462,世芯國泰97購01  ,0,0,0,0,0,0,0,0,0,111000,0,0,0,111000,0,111000,111000
03183P,鴻海元大01售28  ,0,0,0,0,0,0,0,0,0,111000,0,0,0,111000,0,111000,111000
046662,大立光元大93購14,0,0,0,0,0,0,0,0,0,111000,0,0,0,111000,0,111000,111000
4956,光鋐            ,132000,21000,111000,0,0,0,0,0,0,0,0,0,0,0,0,0,111000
8261,富鼎            ,171000,60000,111000,0,0,0,0,0,0,0,0,0,0,0,0,0,111000
07150P,和碩元大99售01  ,0,0,0,0,0,0,0,0,0,111000,0,0,0,111000,0,111000,111000
055583,國巨元大97購10  ,0,0,0,0,0,0,0,0,0,110000,0,0,0,110000,0,110000,110000
059064,緯穎凱基99購02  ,0,0,0,0,0,0,0,0,0,110000,0,0,0,120000,10000,110000,110000
056094,大立光元富97購03,0,0,0,0,0,0,0,0,0,110000,0,0,0,110000,0,110000,110000
056016,鴻海群益97購06  ,0,0,0,0,0,0,0,0,0,110000,0,0,0,110000,0,110000,110000
046574,泰鼎國泰94購01  ,0,0,0,0,0,0,0,0,0,110000,0,0,0,145000,35000,110000,110000
053313,世紀鋼凱基96購01,0,0,0,0,0,0,0,0,0,110000,0,0,0,110000,0,110000,110000
041832,T50反1統一94購01,0,0,0,0,0,0,0,0,0,110000,0,0,0,110000,0,110000,110000
050266,兆豐金元大94購01,0,0,0,0,0,0,0,0,0,110000,0,0,0,220000,110000,110000,110000
056344,嘉晶凱基98購02  ,0,0,0,0,0,0,0,0,0,109000,0,0,0,109000,0,109000,109000
054046,義隆元大96購02  ,0,0,0,0,0,0,0,0,0,109000,0,0,0,569000,460000,109000,109000
058090,聯發科元大98購16,0,0,0,0,0,0,0,0,0,109000,0,0,0,119000,10000,109000,109000
06479P,聯發科中信99售02,0,0,0,0,0,0,0,0,0,109000,0,0,0,112000,3000,109000,109000
06346P,聯鈞元富97售02  ,0,0,0,0,0,0,0,0,0,109000,0,0,0,156000,47000,109000,109000
07214P,聯發科凱基9A售04,0,0,0,0,0,0,0,0,0,109000,0,0,0,109000,0,109000,109000
059216,台積電元大99購29,0,0,0,0,0,0,0,0,0,108000,0,0,0,148000,40000,108000,108000
039550,滬深反凱基94購01,0,0,0,0,0,0,0,0,0,108000,0,0,0,108000,0,108000,108000
047231,大立光凱基95購03,0,0,0,0,0,0,0,0,0,108000,0,0,0,108000,0,108000,108000
8463,潤泰材          ,206000,99000,107000,0,0,0,0,0,0,0,0,0,0,0,0,0,107000
056206,泰鼎永豐97購01  ,0,0,0,0,0,0,0,0,0,106000,0,0,0,156000,50000,106000,106000
057530,奇鋐元大99購01  ,0,0,0,0,0,0,0,0,0,106000,0,0,0,106000,0,106000,106000
054784,順德群益9A購01  ,0,0,0,0,0,0,0,0,0,105000,0,0,0,123000,18000,105000,105000
055776,宏達電凱基98購02,0,0,0,0,0,0,0,0,0,105000,0,0,0,133000,28000,105000,105000
059149,臺股指國票99購12,0,0,0,0,0,0,0,0,0,105000,0,0,0,105000,0,105000,105000
056766,義隆元大98購01  ,0,0,0,0,0,0,0,0,0,105000,0,0,0,228000,123000,105000,105000
04898P,瑞儀中信95售01  ,0,0,0,0,0,0,0,0,0,105000,0,0,0,105000,0,105000,105000
08637P,台灣50中信96售03,0,0,0,0,0,0,0,0,0,105000,0,0,0,105000,0,105000,105000
055594,華新科元大98購02,0,0,0,0,0,0,0,0,0,104000,0,0,0,104000,0,104000,104000
057371,可成元大98購08  ,0,0,0,0,0,0,0,0,0,104000,0,0,0,114000,10000,104000,104000
00650L,FH香港正2       ,67000,48000,19000,0,0,0,0,0,0,85000,0,0,0,214000,129000,85000,104000
058837,SGBR2X中信9C購01,0,0,0,0,0,0,0,0,0,104000,0,0,0,110000,6000,104000,104000
058898,台積電元大99購20,0,0,0,0,0,0,0,0,0,104000,0,0,0,104000,0,104000,104000
2495,普安            ,114000,10000,104000,0,0,0,0,0,0,0,0,0,0,0,0,0,104000
05402P,台郡永豐95售02  ,0,0,0,0,0,0,0,0,0,103000,0,0,0,103000,0,103000,103000
050779,超眾元大96購03  ,0,0,0,0,0,0,0,0,0,103000,0,0,0,143000,40000,103000,103000
042994,葡萄王元大94購02,0,0,0,0,0,0,0,0,0,103000,0,0,0,273000,170000,103000,103000
049292,鴻海群益94購04  ,0,0,0,0,0,0,0,0,0,103000,0,0,0,293000,190000,103000,103000
2365,昆盈            ,137000,33000,104000,0,0,0,0,0,0,-1000,0,1000,-1000,0,0,0,103000
054799,超眾群益98購01  ,0,0,0,0,0,0,0,0,0,102000,0,0,0,102000,0,102000,102000
05484P,台積電凱基95售18,0,0,0,0,0,0,0,0,0,102000,0,0,0,251000,149000,102000,102000
058663,瑞儀兆豐9A購01  ,0,0,0,0,0,0,0,0,0,102000,0,0,0,184000,82000,102000,102000
05665P,台積電凱基96售08,0,0,0,0,0,0,0,0,0,102000,0,0,0,192000,90000,102000,102000
058231,技嘉元大99購02  ,0,0,0,0,0,0,0,0,0,102000,0,0,0,102000,0,102000,102000
06649P,聯發科元大98售08,0,0,0,0,0,0,0,0,0,102000,0,0,0,102000,0,102000,102000
020012,富邦行動通訊N   ,0,0,0,0,0,0,0,0,0,102000,0,0,0,486000,384000,102000,102000
057863,美律凱基9A購01  ,0,0,0,0,0,0,0,0,0,101000,0,0,0,101000,0,101000,101000
054939,台積電元大97購15,0,0,0,0,0,0,0,0,0,101000,0,0,0,101000,0,101000,101000
055112,晶豪科凱基98購01,0,0,0,0,0,0,0,0,0,100000,0,0,0,100000,0,100000,100000
057312,美律麥證98購01  ,0,0,0,100000,0,100000,0,0,0,100000,0,0,0,100000,0,100000,100000
056245,嘉澤群益97購01  ,0,0,0,0,0,0,0,0,0,100000,0,0,0,100000,0,100000,100000
057585,鴻海國票99購05  ,0,0,0,0,0,0,0,0,0,100000,0,0,0,100000,0,100000,100000
055789,台虹凱基97購01  ,0,0,0,0,0,0,0,0,0,100000,0,0,0,100000,0,100000,100000
059053,鴻海凱基99購07  ,0,0,0,0,0,0,0,0,0,100000,0,0,0,100000,0,100000,100000
054295,世芯元大96購03  ,0,0,0,0,0,0,0,0,0,100000,0,0,0,170000,70000,100000,100000
06640P,國巨兆豐99售02  ,0,0,0,0,0,0,0,0,0,100000,0,0,0,110000,10000,100000,100000
059153,臺股指國票99購16,0,0,0,0,0,0,0,0,0,100000,0,0,0,100000,0,100000,100000
058419,聯發科麥證99購02,0,0,0,0,30000,-30000,0,0,0,100000,0,0,0,130000,30000,100000,100000
058412,聯發科兆豐99購01,0,0,0,0,0,0,0,0,0,100000,0,0,0,100000,0,100000,100000
058405,訊連元大99購02  ,0,0,0,0,0,0,0,0,0,100000,0,0,0,100000,0,100000,100000
057939,鈺齊群益98購02  ,0,0,0,0,0,0,0,0,0,100000,0,0,0,100000,0,100000,100000
056778,元石油群益9B購01,0,0,0,0,0,0,0,0,0,100000,0,0,0,100000,0,100000,100000
04310P,京元電統一93售03,0,0,0,0,0,0,0,0,0,100000,0,0,0,100000,0,100000,100000
04954P,健策國票96售01  ,0,0,0,0,0,0,0,0,0,100000,0,0,0,100000,0,100000,100000
03993P,滬深2X中信94售03,0,0,0,0,0,0,0,0,0,100000,0,0,0,100000,0,100000,100000
047047,旺宏國票95購01  ,0,0,0,0,0,0,0,0,0,100000,0,0,0,100000,0,100000,100000
048600,嘉澤國票94購01  ,0,0,0,0,0,0,0,0,0,100000,0,0,0,100000,0,100000,100000
051944,智邦統一95購02  ,0,0,0,0,0,0,0,0,0,100000,0,0,0,100000,0,100000,100000
053492,華邦電兆豐97購01,0,0,0,0,0,0,0,0,0,100000,0,0,0,100000,0,100000,100000
051755,台積電元大96購08,0,0,0,0,0,0,0,0,0,100000,0,0,0,190000,90000,100000,100000
050094,T50反1國泰95購01,0,0,0,0,0,0,0,0,0,100000,0,0,0,100000,0,100000,100000
050427,台積電凱基94購34,0,0,0,0,0,0,0,0,0,100000,0,0,0,100000,0,100000,100000
05203P,華新科元大95售10,0,0,0,0,0,0,0,0,0,100000,0,0,0,100000,0,100000,100000
052068,瑞儀兆豐96購01  ,0,0,0,0,0,0,0,0,0,100000,0,0,0,100000,0,100000,100000
051576,台積電元大97購02,0,0,0,0,0,0,0,0,0,100000,0,0,0,100000,0,100000,100000
052760,盟立群益96購01  ,0,0,0,0,0,0,0,0,0,100000,0,0,0,100000,0,100000,100000
052742,可成元大96購01  ,0,0,0,0,0,0,0,0,0,100000,0,0,0,100000,0,100000,100000
053067,牧德群益96購01  ,0,0,0,0,0,0,0,0,0,100000,0,0,0,100000,0,100000,100000
3209,全科            ,157000,57000,100000,0,0,0,0,0,0,0,0,0,0,0,0,0,100000
6024,群益期          ,169000,69900,99100,0,0,0,0,0,0,0,0,0,0,0,0,0,99100
056516,晶豪科兆豐98購01,0,0,0,0,0,0,0,0,0,99000,0,0,0,99000,0,99000,99000
055007,晶相光元富9A購02,0,0,0,0,0,0,0,0,0,99000,0,0,0,100000,1000,99000,99000
058796,可成元大99購04  ,0,0,0,0,0,0,0,0,0,99000,0,0,0,99000,0,99000,99000
052594,友訊群益98購01  ,0,0,0,0,0,0,0,0,0,99000,0,0,0,99000,0,99000,99000
053269,同欣電群益96購01,0,0,0,0,0,0,0,0,0,99000,0,0,0,99000,0,99000,99000
048732,台勝科麥證95購01,0,0,0,105000,6000,99000,0,0,0,99000,0,0,0,105000,6000,99000,99000
043442,大立光台新01購01,0,0,0,0,0,0,0,0,0,99000,0,0,0,99000,0,99000,99000
1626,艾美特-KY       ,125000,34000,91000,0,0,0,0,0,0,8000,8000,0,8000,0,0,0,99000
07005P,台積電統一9B售05,0,0,0,0,0,0,0,0,0,99000,0,0,0,99000,0,99000,99000
057538,緯穎元大98購07  ,0,0,0,0,0,0,0,0,0,98000,0,0,0,98000,0,98000,98000
057510,泰碩統一98購02  ,0,0,0,0,0,0,0,0,0,98000,0,0,0,98000,0,98000,98000
059367,台灣50元富01購03,0,0,0,0,0,0,0,0,0,98000,0,0,0,176000,78000,98000,98000
04761P,可成凱基94售09  ,0,0,0,0,0,0,0,0,0,98000,0,0,0,130000,32000,98000,98000
051756,台積電元大97購04,0,0,0,0,0,0,0,0,0,98000,0,0,0,111000,13000,98000,98000
051690,超眾凱基95購03  ,0,0,0,0,0,0,0,0,0,98000,0,0,0,98000,0,98000,98000
059302,大立光群益99購08,0,0,0,0,0,0,0,0,0,98000,0,0,0,204000,106000,98000,98000
057861,台積電凱基98購16,0,0,0,0,0,0,0,0,0,97000,0,0,0,108000,11000,97000,97000
057225,華新凱基98購01  ,0,0,0,0,0,0,0,0,0,97000,0,0,0,110000,13000,97000,97000
044963,台積電中信96購01,0,0,0,0,0,0,0,0,0,97000,0,0,0,246000,149000,97000,97000
1316,上曜            ,222000,125000,97000,0,0,0,0,0,0,0,0,0,0,0,0,0,97000
5203,訊連            ,516000,422000,94000,0,0,0,0,0,0,3000,0,0,0,5000,2000,3000,97000
5522,遠雄            ,355000,270000,85000,0,0,0,93000,4501,88499,-77000,6000,83000,-77000,0,0,0,96499
055406,大毅國泰99購01  ,0,0,0,0,0,0,0,0,0,96000,0,0,0,163000,67000,96000,96000
03669C,滬深2X元富09牛01,0,0,0,0,0,0,0,0,0,96000,0,0,0,151000,55000,96000,96000
6183,關貿            ,116000,20000,96000,0,0,0,0,0,0,0,0,0,0,0,0,0,96000
054421,臺股指元大99購03,0,0,0,0,0,0,0,0,0,95000,0,0,0,95000,0,95000,95000
05852P,嘉晶群益96售01  ,0,0,0,0,0,0,0,0,0,95000,0,0,0,100000,5000,95000,95000
054444,緯穎台新97購01  ,0,0,0,0,0,0,0,0,0,95000,0,0,0,130000,35000,95000,95000
057910,華新科兆豐99購02,0,0,0,0,0,0,0,0,0,95000,0,0,0,95000,0,95000,95000
048263,台積電元富95購01,0,0,0,0,0,0,0,0,0,95000,0,0,0,295000,200000,95000,95000
059009,世紀鋼元大99購04,0,0,0,0,0,0,0,0,0,95000,0,0,0,95000,0,95000,95000
052386,鴻海群益96購02  ,0,0,0,0,0,0,0,0,0,95000,0,0,0,120000,25000,95000,95000
6155,鈞寶            ,184000,89000,95000,0,0,0,0,0,0,0,0,0,0,0,0,0,95000
07202P,台灣50凱基9C售04,0,0,0,0,0,0,0,0,0,95000,0,0,0,280000,185000,95000,95000
06059P,泰碩元大97售02  ,0,0,0,0,0,0,0,0,0,95000,0,0,0,181000,86000,95000,95000
05015P,臺股指元大95售06,0,0,0,0,0,0,0,0,0,94000,0,0,0,94000,0,94000,94000
048848,滬深2X群益98購02,0,0,0,0,0,0,0,0,0,94000,0,0,0,94000,0,94000,94000
046570,旺宏國泰94購01  ,0,0,0,0,0,0,0,0,0,94000,0,0,0,94000,0,94000,94000
00655L,國泰中國A50正2  ,741000,40000,701000,0,0,0,0,0,0,-607000,0,0,0,3195000,3802000,-607000,94000
07193P,聯發科元大99售24,0,0,0,0,0,0,0,0,0,94000,0,0,0,156000,62000,94000,94000
2457,飛宏            ,362000,259000,103000,0,0,0,0,0,0,-9000,0,9000,-9000,0,0,0,94000
6139,亞翔            ,220000,114000,106000,0,0,0,0,14000,-14000,2000,0,3000,-3000,5000,0,5000,94000
8101,華冠            ,139000,45000,94000,0,0,0,0,0,0,0,0,0,0,0,0,0,94000
8110,華東            ,381000,244000,137000,0,0,0,0,23000,-23000,-20000,0,20000,-20000,0,0,0,94000
059125,台積電第一03購02,0,0,0,0,0,0,0,0,0,93000,0,0,0,93000,0,93000,93000
059310,元石油元大99購03,0,0,0,0,0,0,0,0,0,93000,0,0,0,93000,0,93000,93000
03416B,臺股指凱基95熊05,0,0,0,0,0,0,0,0,0,93000,0,0,0,93000,0,93000,93000
05090P,國巨元大95售05  ,0,0,0,0,0,0,0,0,0,93000,0,0,0,93000,0,93000,93000
06410P,祥碩統一97售01  ,0,0,0,0,0,0,0,0,0,93000,0,0,0,93000,0,93000,93000
052806,玉晶光元大98購04,0,0,0,0,0,0,0,0,0,92000,0,0,0,92000,0,92000,92000
053183,大立光元富96購03,0,0,0,0,0,0,0,0,0,92000,0,0,0,92000,0,92000,92000
058971,台積電永豐99購03,0,0,0,0,0,0,0,0,0,92000,0,0,0,92000,0,92000,92000
04393P,牧德凱基94售06  ,0,0,0,0,0,0,0,0,0,92000,0,0,0,92000,0,92000,92000
057466,泰鼎永豐98購01  ,0,0,0,0,0,0,0,0,0,91000,0,0,0,91000,0,91000,91000
03412P,滬深2X群益98售01,0,0,0,0,0,0,0,0,0,91000,0,0,0,91000,0,91000,91000
00771,元大US高息特別股,0,0,0,0,0,0,0,0,0,91000,0,0,0,319000,228000,91000,91000
053503,臻鼎兆豐97購01  ,0,0,0,0,0,0,0,0,0,91000,0,0,0,455000,364000,91000,91000
04696P,亞德客國泰95售02,0,0,0,0,0,0,0,0,0,91000,0,0,0,93000,2000,91000,91000
052216,康友元大96購01  ,0,0,0,0,0,0,0,0,0,91000,0,0,0,141000,50000,91000,91000
07203P,T50正2凱基9C售02,0,0,0,0,0,0,0,0,0,91000,0,0,0,124000,33000,91000,91000
1532,勤美            ,195000,104000,91000,0,0,0,0,0,0,0,0,0,0,0,0,0,91000
057727,華邦電國泰9A購01,0,0,0,0,0,0,0,0,0,90000,0,0,0,90000,0,90000,90000
057057,立積元大9A購01  ,0,0,0,0,0,0,0,0,0,90000,0,0,0,110000,20000,90000,90000
057667,可成元大99購01  ,0,0,0,0,0,0,0,0,0,90000,0,0,0,90000,0,90000,90000
056491,南亞科國泰99購01,0,0,0,0,0,0,0,0,0,90000,0,0,0,90000,0,90000,90000
06636P,可成凱基98售08  ,0,0,0,0,0,0,0,0,0,90000,0,0,0,90000,0,90000,90000
06518P,奇力新兆豐99售01,0,0,0,0,0,0,0,0,0,90000,0,0,0,90000,0,90000,90000
054311,世芯凱基96購02  ,0,0,0,0,0,0,0,0,0,90000,0,0,0,90000,0,90000,90000
054166,日電貿凱基98購01,0,0,0,0,0,0,0,0,0,90000,0,0,0,90000,0,90000,90000
054559,台光電群益99購01,0,0,0,0,0,0,0,0,0,90000,0,0,0,90000,0,90000,90000
056900,可成元大98購02  ,0,0,0,0,0,0,0,0,0,90000,0,0,0,90000,0,90000,90000
056852,矽格元富98購01  ,0,0,0,0,0,0,0,0,0,90000,0,0,0,110000,20000,90000,90000
056856,華通群益9A購01  ,0,0,0,0,0,0,0,0,0,90000,0,0,0,90000,0,90000,90000
056897,南亞科元大98購02,0,0,0,0,0,0,0,0,0,90000,0,0,0,90000,0,90000,90000
050496,鴻海富邦96購01  ,0,0,0,0,0,0,0,0,0,90000,0,0,0,90000,0,90000,90000
052095,彩晶元大97購01  ,0,0,0,0,0,0,0,0,0,90000,0,0,0,90000,0,90000,90000
046949,群創元大99購01  ,0,0,0,0,0,0,0,0,0,90000,0,0,0,90000,0,90000,90000
05169P,玉晶光元大95售03,0,0,0,0,0,0,0,0,0,90000,0,0,0,90000,0,90000,90000
051785,臻鼎兆豐96購01  ,0,0,0,0,0,0,0,0,0,90000,0,0,0,100000,10000,90000,90000
0055,元大MSCI金融    ,1000,2000,-1000,0,0,0,0,0,0,91000,0,0,0,93000,2000,91000,90000
03075X,元展70          ,0,0,0,0,0,0,0,0,0,90000,0,0,0,90000,0,90000,90000
055103,南港凱基97購01  ,0,0,0,0,0,0,0,0,0,89000,0,0,0,90000,1000,89000,89000
055313,南電群益97購01  ,0,0,0,0,0,0,0,0,0,89000,0,0,0,89000,0,89000,89000
04963P,鴻海元大94售25  ,0,0,0,0,0,0,0,0,0,89000,0,0,0,499000,410000,89000,89000
3588,通嘉            ,146000,57000,89000,0,0,0,0,0,0,0,0,0,0,0,0,0,89000
058519,嘉澤元大99購01  ,0,0,0,0,0,0,0,0,0,88000,0,0,0,88000,0,88000,88000
05774P,臺股指凱基99售04,0,0,0,0,0,0,0,0,0,88000,0,0,0,88000,0,88000,88000
03253P,台灣50國泰03售02,0,0,0,0,0,0,0,0,0,88000,0,0,0,207000,119000,88000,88000
05201P,玉晶光國泰97售02,0,0,0,0,0,0,0,0,0,88000,0,0,0,162000,74000,88000,88000
050906,臺股指元大95購13,0,0,0,0,0,0,0,0,0,88000,0,0,0,88000,0,88000,88000
3703,欣陸            ,307000,219000,88000,0,0,0,0,0,0,0,0,0,0,0,0,0,88000
3596,智易            ,654000,514175,139825,0,0,0,0,3000,-3000,-49587,0,66000,-66000,24000,7587,16413,87238
058504,台積電元大99購07,0,0,0,0,0,0,0,0,0,87000,0,0,0,115000,28000,87000,87000
00678,群益NBI生技     ,69000,4000,65000,0,0,0,0,0,0,22000,0,0,0,22000,0,22000,87000
06901P,亞德客凱基98售02,0,0,0,0,0,0,0,0,0,87000,0,0,0,92000,5000,87000,87000
054143,茂林元大96購04  ,0,0,0,0,0,0,0,0,0,86000,0,0,0,86000,0,86000,86000
059256,臺股指凱基99購34,0,0,0,0,0,0,0,0,0,86000,0,0,0,120000,34000,86000,86000
049552,鴻海國泰96購01  ,0,0,0,0,0,0,0,0,0,86000,0,0,0,96000,10000,86000,86000
053677,同欣電國泰97購01,0,0,0,0,0,0,0,0,0,86000,0,0,0,86000,0,86000,86000
06615P,鴻海元大9C售02  ,0,0,0,0,0,0,0,0,0,85000,0,0,0,150000,65000,85000,85000
059032,元石油群益9C購03,0,0,0,0,0,0,0,0,0,85000,0,0,0,191000,106000,85000,85000
059086,國巨元大99購18  ,0,0,0,0,0,0,0,0,0,85000,0,0,0,85000,0,85000,85000
057024,義隆凱基99購01  ,0,0,0,0,0,0,0,0,0,85000,0,0,0,200000,115000,85000,85000
05397P,大立光凱基96售08,0,15000,-15000,0,0,0,0,0,0,100000,0,0,0,100000,0,100000,85000
049064,T50反1凱基96購03,0,0,0,0,0,0,0,0,0,85000,0,0,0,90000,5000,85000,85000
00663L,國泰臺灣加權正2 ,0,0,0,0,0,0,0,0,0,85000,0,0,0,1235000,1150000,85000,85000
04770P,鴻海元大94售09  ,0,0,0,0,0,0,0,0,0,85000,0,0,0,85000,0,85000,85000
06470P,臺股指凱基99售10,0,0,0,0,0,0,0,0,0,85000,0,0,0,85000,0,85000,85000
07082P,美律元大99售06  ,0,0,0,0,0,0,0,0,0,85000,0,0,0,85000,0,85000,85000
06328P,台積電中信01售02,0,0,0,0,0,0,0,0,0,85000,0,0,0,135000,50000,85000,85000
6226,光鼎            ,117000,32000,85000,0,0,0,0,0,0,0,0,0,0,0,0,0,85000
058521,日月光元大99購01,0,0,0,0,0,0,0,0,0,84000,0,0,0,84000,0,84000,84000
051062,超眾群益95購02  ,0,0,0,0,0,0,0,0,0,84000,0,0,0,84000,0,84000,84000
050480,健策國票95購04  ,0,0,0,0,0,0,0,0,0,84000,0,0,0,130000,46000,84000,84000
3048,益登            ,311000,227000,84000,0,0,0,0,0,0,0,0,0,0,0,0,0,84000
5285,界霖            ,139000,55000,84000,0,0,0,0,0,0,0,0,0,0,0,0,0,84000
2488,漢平            ,134000,50000,84000,0,0,0,0,0,0,0,0,0,0,0,0,0,84000
057060,緯穎元大98購05  ,0,0,0,0,0,0,0,0,0,83000,0,0,0,90000,7000,83000,83000
056581,超眾元大99購01  ,0,0,0,0,0,0,0,0,0,82000,0,0,0,92000,10000,82000,82000
2413,環科            ,106000,24000,82000,0,0,0,0,0,0,0,0,0,0,0,0,0,82000
07204P,鴻海凱基99售10  ,0,0,0,0,0,0,0,0,0,82000,0,0,0,102000,20000,82000,82000
07248P,可成凱基99售06  ,0,0,0,0,0,0,0,0,0,82000,0,0,0,89000,7000,82000,82000
1315,達新            ,189000,106000,83000,0,0,0,0,3000,-3000,2000,2000,0,2000,0,0,0,82000
06933P,禾伸堂元大98售03,0,0,0,0,0,0,0,0,0,82000,0,0,0,92000,10000,82000,82000
4108,懷特            ,87000,5000,82000,0,0,0,0,0,0,0,0,0,0,0,0,0,82000
05641P,貿聯元富96售02  ,0,0,0,0,0,0,0,0,0,81000,0,0,0,81000,0,81000,81000
04831P,聯詠富邦96售01  ,0,0,0,0,0,0,0,0,0,81000,0,0,0,101000,20000,81000,81000
04682P,臺股指統一96售01,0,0,0,0,0,0,0,0,0,81000,0,0,0,81000,0,81000,81000
042929,台積電中信95購02,0,0,0,0,0,0,0,0,0,81000,0,0,0,81000,0,81000,81000
00682U,元大美元指數    ,0,0,0,0,0,0,0,0,0,81000,0,0,0,81000,0,81000,81000
6235,華孚            ,133000,49000,84000,0,0,0,0,0,0,-3000,0,3000,-3000,0,0,0,81000
06934P,聯鈞元大98售03  ,0,0,0,0,0,0,0,0,0,81000,0,0,0,94000,13000,81000,81000
06996P,臺股指凱基99售17,0,0,0,0,0,0,0,0,0,81000,0,0,0,81000,0,81000,81000
1435,中福            ,104000,23000,81000,0,0,0,0,0,0,0,0,0,0,0,0,0,81000
055240,京元電元富97購01,0,0,0,0,0,0,0,0,0,80000,0,0,0,80000,0,80000,80000
054963,牧德元大97購02  ,0,0,0,0,0,0,0,0,0,80000,0,0,0,80000,0,80000,80000
057200,技嘉元富98購01  ,0,0,0,0,0,0,0,0,0,80000,0,0,0,100000,20000,80000,80000
056724,臻鼎中信9A購01  ,0,0,0,0,0,0,0,0,0,80000,0,0,0,80000,0,80000,80000
058058,大立光元富9B購02,0,0,0,0,0,0,0,0,0,80000,0,0,0,80000,0,80000,80000
058453,可成永豐99購01  ,0,0,0,0,0,0,0,0,0,80000,0,0,0,80000,0,80000,80000
046792,京元電元富96購01,0,0,0,0,0,0,0,0,0,80000,0,0,0,80000,0,80000,80000
047680,上証反中信96購01,0,0,0,0,0,0,0,0,0,80000,0,0,0,110000,30000,80000,80000
047825,道瓊反元大96購01,0,0,0,0,0,0,0,0,0,80000,0,0,0,180000,100000,80000,80000
053641,正文永豐96購01  ,0,0,0,0,0,0,0,0,0,80000,0,0,0,80000,0,80000,80000
05211P,國巨國票96售05  ,0,0,0,0,0,0,0,0,0,80000,0,0,0,80000,0,80000,80000
053913,華新國票97購01  ,0,0,0,0,0,0,0,0,0,80000,0,0,0,100000,20000,80000,80000
053228,康友台新97購01  ,0,0,0,0,0,0,0,0,0,80000,0,0,0,80000,0,80000,80000
052387,台積電群益95購08,0,0,0,0,0,0,0,0,0,80000,0,0,0,158000,78000,80000,80000
07042P,T50反1元大9C售02,0,0,0,0,0,0,0,0,0,80000,0,0,0,80000,0,80000,80000
059193,台灣50永豐99購05,0,0,0,0,0,0,0,0,0,80000,0,0,0,80000,0,80000,80000
4943,康控-KY         ,588046,497000,91046,0,0,0,0,857,-857,-11000,4000,19000,-15000,10000,6000,4000,79189
054509,上証反元大99購01,0,0,0,0,0,0,0,0,0,79000,0,0,0,80000,1000,79000,79000
05601P,鴻海元大97售04  ,0,0,0,0,0,0,0,0,0,79000,0,0,0,89000,10000,79000,79000
058508,聯發科元大99購11,0,0,0,0,0,0,0,0,0,79000,0,0,0,79000,0,79000,79000
052384,臺股指元大95購30,0,0,0,0,0,0,0,0,0,79000,0,0,0,79000,0,79000,79000
05305P,華新科國泰97售01,0,0,0,0,0,0,0,0,0,79000,0,0,0,79000,0,79000,79000
04830P,大立光凱基94售15,0,0,0,0,0,0,0,0,0,79000,0,0,0,79000,0,79000,79000
07114P,旺宏兆豐9A售01  ,0,0,0,0,0,0,0,0,0,79000,0,0,0,159000,80000,79000,79000
059236,鴻海凱基99購09  ,0,0,0,0,0,0,0,0,0,78000,0,0,0,269000,191000,78000,78000
058400,聯發科元大99購09,0,0,0,0,0,0,0,0,0,78000,0,0,0,78000,0,78000,78000
058366,元大金凱基99購01,0,0,0,0,0,0,0,0,0,78000,0,0,0,78000,0,78000,78000
058129,國巨元大99購10  ,0,0,0,0,0,0,0,0,0,78000,0,0,0,99000,21000,78000,78000
04518P,高鐵群益95售01  ,0,0,0,0,0,0,0,0,0,78000,0,0,0,95000,17000,78000,78000
049583,台積電元大95購04,0,0,0,0,0,0,0,0,0,78000,0,0,0,78000,0,78000,78000
049597,泰鼎元大96購01  ,0,0,0,0,0,0,0,0,0,78000,0,0,0,78000,0,78000,78000
042168,台灣50凱基96購01,0,0,0,0,0,0,0,0,0,78000,0,0,0,78000,0,78000,78000
050517,台積電元大94購27,0,0,0,0,0,0,0,0,0,78000,0,0,0,78000,0,78000,78000
1522,堤維西          ,305000,222000,83000,0,0,0,0,5000,-5000,0,0,0,0,0,0,0,78000
1783,和康生          ,101000,22000,79000,0,0,0,0,0,0,-1000,0,1000,-1000,0,0,0,78000
07227P,聯發科元富99售05,0,0,0,0,0,0,0,0,0,78000,0,0,0,78000,0,78000,78000
058341,T50反1群益99購01,0,0,0,0,0,0,0,0,0,77000,0,0,0,77000,0,77000,77000
059272,台灣50元大99購01,0,0,0,0,0,0,0,0,0,77000,0,0,0,88000,11000,77000,77000
058475,台積電凱基99購06,0,0,0,0,0,0,0,0,0,77000,0,0,0,89000,12000,77000,77000
055915,大立光凱基98購07,0,0,0,0,0,0,0,0,0,77000,0,0,0,77000,0,77000,77000
050100,台積電永昌96購02,0,0,0,0,0,0,0,0,0,77000,0,0,0,187000,110000,77000,77000
3004,豐達科          ,220000,143000,77000,0,0,0,0,0,0,0,0,0,0,0,0,0,77000
056047,台積電兆豐97購02,0,0,0,0,0,0,0,0,0,76000,0,0,0,76000,0,76000,76000
06564P,國巨富邦9A售04  ,0,0,0,0,0,0,0,0,0,76000,0,0,0,76000,0,76000,76000
058303,華通元大99購03  ,0,0,0,0,0,0,0,0,0,76000,0,0,0,164000,88000,76000,76000
058913,元油2X元富01購01,0,0,0,0,0,0,0,0,0,76000,0,0,0,196000,120000,76000,76000
044988,玉晶光統一95購01,0,0,0,0,0,0,0,0,0,76000,0,0,0,76000,0,76000,76000
020008,元大特股高息N   ,0,0,0,0,0,0,0,0,0,76000,0,0,0,97000,21000,76000,76000
04768P,大立光國泰96售03,0,0,0,0,0,0,0,0,0,76000,0,0,0,76000,0,76000,76000
3059,華晶科          ,285000,209000,76000,0,0,0,0,0,0,0,0,0,0,0,0,0,76000
2612,中航            ,149000,73000,76000,0,0,0,0,0,0,0,0,0,0,0,0,0,76000
05434P,世紀鋼元富95售02,0,0,0,0,0,0,0,0,0,75000,0,0,0,262000,187000,75000,75000
056079,世紀鋼元大97購02,0,0,0,0,0,0,0,0,0,75000,0,0,0,75000,0,75000,75000
04798P,牧德元大95售02  ,0,0,0,0,0,0,0,0,0,75000,0,0,0,75000,0,75000,75000
04712P,國泰金元大94售01,0,0,0,0,0,0,0,0,0,75000,0,0,0,75000,0,75000,75000
04053P,聯茂國泰94售01  ,0,0,0,0,0,0,0,0,0,75000,0,0,0,75000,0,75000,75000
049406,T50反1日盛97購01,0,0,0,0,0,0,0,0,0,75000,0,0,0,105000,30000,75000,75000
058902,聯發科元大99購15,0,0,0,0,0,0,0,0,0,75000,0,0,0,75000,0,75000,75000
050406,台積電台新95購02,0,0,0,0,0,0,0,0,0,75000,0,0,0,210000,135000,75000,75000
9919,康那香          ,588000,572000,16000,0,0,0,0,0,0,59000,0,0,0,59000,0,59000,75000
05764P,世紀鋼永豐96售03,0,0,0,0,0,0,0,0,0,74000,0,0,0,150000,76000,74000,74000
058232,聯發科元大99購05,0,0,0,0,0,0,0,0,0,74000,0,0,0,74000,0,74000,74000
058310,大立光元大99購10,0,0,0,0,0,0,0,0,0,74000,0,0,0,74000,0,74000,74000
056767,大毅元大99購01  ,0,0,0,0,0,0,0,0,0,74000,0,0,0,74000,0,74000,74000
055736,宏達電元富99購01,0,0,0,0,0,0,0,0,0,74000,0,0,0,74000,0,74000,74000
051113,聯電元富95購01  ,0,0,0,0,0,0,0,0,0,74000,0,0,0,104000,30000,74000,74000
07218P,臺股指凱基99售31,0,0,0,0,0,0,0,0,0,74000,0,0,0,74000,0,74000,74000
2929,淘帝-KY         ,168000,94148,73852,0,0,0,0,0,0,0,0,0,0,0,0,0,73852
057593,聯發科兆豐98購03,0,0,0,0,0,0,0,0,0,73000,0,0,0,73000,0,73000,73000
05494P,華邦電統一95售02,0,0,0,0,0,0,0,0,0,73000,0,0,0,73000,0,73000,73000
051591,玉晶光元大97購01,0,0,0,0,0,0,0,0,0,73000,0,0,0,73000,0,73000,73000
058855,台積電兆豐99購02,0,0,0,0,0,0,0,0,0,73000,0,0,0,73000,0,73000,73000
051911,大立光元大98購02,0,0,0,0,0,0,0,0,0,73000,0,0,0,73000,0,73000,73000
3583,辛耘            ,194000,121000,73000,0,0,0,0,0,0,0,0,0,0,0,0,0,73000
4916,事欣科          ,124000,50000,74000,0,0,0,0,0,0,-1000,0,1000,-1000,0,0,0,73000
056115,奇力新群益97購06,0,0,0,0,0,0,0,0,0,72000,0,0,0,72000,0,72000,72000
059059,宏達電凱基99購03,0,0,0,0,0,0,0,0,0,72000,0,0,0,136000,64000,72000,72000
058991,台灣50元大03購01,0,0,0,0,0,0,0,0,0,72000,0,0,0,79000,7000,72000,72000
06337P,祥碩元大97售05  ,0,0,0,0,0,0,0,0,0,72000,0,0,0,240000,168000,72000,72000
055460,華擎永豐97購01  ,0,0,0,0,0,0,0,0,0,71000,0,0,0,81000,10000,71000,71000
057490,可成元大98購10  ,0,0,0,0,0,0,0,0,0,71000,0,0,0,71000,0,71000,71000
057596,聯茂兆豐99購01  ,0,0,0,0,0,0,0,0,0,71000,0,0,0,71000,0,71000,71000
055879,神達元富97購01  ,0,0,0,0,0,0,0,0,0,71000,0,0,0,71000,0,71000,71000
04287P,A50正2中信96售01,0,0,0,0,0,0,0,0,0,71000,0,0,0,71000,0,71000,71000
057212,台積電群益98購03,0,0,0,0,0,0,0,0,0,70000,0,0,0,70000,0,70000,70000
057303,喬山兆豐99購01  ,0,0,0,0,0,0,0,0,0,70000,0,0,0,80000,10000,70000,70000
057167,台積電元大99購03,0,0,0,0,0,0,0,0,0,70000,0,0,0,73000,3000,70000,70000
057488,聯發科元大99購02,0,0,0,0,0,0,0,0,0,70000,0,0,0,75000,5000,70000,70000
058602,台積電元大99購11,0,0,0,0,0,0,0,0,0,70000,0,0,0,70000,0,70000,70000
056433,鴻海凱基98購09  ,0,0,0,0,0,0,0,0,0,70000,0,0,0,70000,0,70000,70000
05406P,台光電凱基95售02,0,0,0,0,0,0,0,0,0,70000,0,0,0,75000,5000,70000,70000
058087,鴻海元大98購15  ,0,0,0,0,0,0,0,0,0,70000,0,0,0,70000,0,70000,70000
054317,昇陽半凱基98購01,0,0,0,0,0,0,0,0,0,70000,0,0,0,70000,0,70000,70000
054254,晶豪科元大96購02,0,0,0,0,0,0,0,0,0,70000,0,0,0,70000,0,70000,70000
054574,美律元大99購01  ,0,0,0,0,0,0,0,0,0,70000,0,0,0,70000,0,70000,70000
049638,A50反1凱基94購01,0,0,0,0,0,0,0,0,0,70000,0,0,0,70000,0,70000,70000
045446,鴻海國泰94購01  ,0,0,0,0,0,0,0,0,0,70000,0,0,0,70000,0,70000,70000
04885P,大立光凱基94售19,0,0,0,0,0,0,0,0,0,70000,0,0,0,70000,0,70000,70000
059002,聯發科元大99購18,0,0,0,0,0,0,0,0,0,70000,0,0,0,296000,226000,70000,70000
058798,大立光元大99購11,0,0,0,0,0,0,0,0,0,70000,0,0,0,70000,0,70000,70000
051567,台積電富邦95購06,0,0,0,0,0,0,0,0,0,70000,0,0,0,70000,0,70000,70000
050896,華新科元大96購02,0,0,0,0,0,0,0,0,0,70000,0,0,0,80000,10000,70000,70000
07092P,上銀凱基99售03  ,0,0,0,0,0,0,0,0,0,70000,0,0,0,81000,11000,70000,70000
3026,禾伸堂          ,650000,592000,58000,0,0,0,0,0,0,12000,0,23000,-23000,42000,7000,35000,70000
056774,和鑫元大98購01  ,0,0,0,0,0,0,0,0,0,69000,0,0,0,105000,36000,69000,69000
03437B,臺股指元富9C熊01,0,0,0,0,0,0,0,0,0,69000,0,0,0,159000,90000,69000,69000
6277,宏正            ,98000,29000,69000,0,0,0,0,0,0,0,0,0,0,0,0,0,69000
058233,聯發科元大99購06,0,0,0,0,0,0,0,0,0,68000,0,0,0,68000,0,68000,68000
058152,聯發科統一9B購02,0,0,0,0,0,0,0,0,0,68000,0,0,0,68000,0,68000,68000
05443P,宏達電元大95售05,0,0,0,0,0,0,0,0,0,68000,0,0,0,135000,67000,68000,68000
05507P,聯茂凱基96售02  ,0,0,0,0,0,0,0,0,0,68000,0,0,0,78000,10000,68000,68000
057526,智邦元大98購10  ,0,0,0,0,0,0,0,0,0,68000,0,0,0,68000,0,68000,68000
057273,智邦元大98購05  ,0,0,0,0,0,0,0,0,0,68000,0,0,0,68000,0,68000,68000
057365,智邦元大98購07  ,0,0,0,0,0,0,0,0,0,68000,0,0,0,68000,0,68000,68000
036628,統一台新99購01  ,0,0,0,0,0,0,0,0,0,68000,0,0,0,70000,2000,68000,68000
051668,智邦元大95購02  ,0,0,0,0,0,0,0,0,0,68000,0,0,0,155000,87000,68000,68000
058800,健策元大99購03  ,0,0,0,0,0,0,0,0,0,68000,0,0,0,68000,0,68000,68000
058802,矽創元大99購02  ,0,0,0,0,0,0,0,0,0,68000,0,0,0,68000,0,68000,68000
058909,神達元大99購03  ,0,0,0,0,0,0,0,0,0,68000,0,0,0,68000,0,68000,68000
07128P,大毅元大99售04  ,0,0,0,0,0,0,0,0,0,68000,0,0,0,68000,0,68000,68000
06387P,緯穎永豐97售02  ,0,0,0,0,0,0,0,0,0,68000,0,0,0,73000,5000,68000,68000
6452,康友-KY         ,279000,228470,50530,0,0,0,0,0,0,17000,0,0,0,20000,3000,17000,67530
057498,台郡元大98購04  ,0,0,0,0,0,0,0,0,0,67000,0,0,0,67000,0,67000,67000
058237,嘉晶元大99購04  ,0,0,0,0,0,0,0,0,0,67000,0,0,0,140000,73000,67000,67000
056909,嘉聯益元大99購03,0,0,0,0,0,0,0,0,0,67000,0,0,0,67000,0,67000,67000
04032P,聯茂凱基94售02  ,0,0,0,0,0,0,0,0,0,67000,0,0,0,67000,0,67000,67000
1463,強盛            ,88000,21000,67000,0,0,0,0,0,0,0,0,0,0,0,0,0,67000
2453,凌群            ,113000,46000,67000,0,0,0,0,0,0,0,0,0,0,0,0,0,67000
058803,世紀鋼元大99購03,0,0,0,0,0,0,0,0,0,66000,0,0,0,75000,9000,66000,66000
058686,祥碩凱基99購03  ,0,0,0,0,0,0,0,0,0,66000,0,0,0,201000,135000,66000,66000
050235,國巨凱基94購11  ,0,0,0,0,0,0,0,0,0,66000,0,0,0,66000,0,66000,66000
051272,嘉晶群益95購01  ,0,0,0,0,0,0,0,0,0,66000,0,0,0,66000,0,66000,66000
06783P,亞光元大98售03  ,0,0,0,0,0,0,0,0,0,66000,0,0,0,66000,0,66000,66000
3622,洋華            ,138000,71000,67000,0,0,0,0,0,0,-1000,0,1000,-1000,0,0,0,66000
1808,潤隆            ,231000,141000,90000,0,0,0,0,921,-921,-24000,0,24000,-24000,0,0,0,65079
056772,欣興元大99購01  ,0,0,0,0,0,0,0,0,0,65000,0,0,0,65000,0,65000,65000
058186,聯發科永豐99購01,0,0,0,0,0,0,0,0,0,65000,0,0,0,115000,50000,65000,65000
059129,麗豐中信99購01  ,0,0,0,0,0,0,0,0,0,65000,0,0,0,65000,0,65000,65000
05759P,智邦永豐96售02  ,0,0,0,0,0,0,0,0,0,65000,0,0,0,70000,5000,65000,65000
051249,潤泰全元大95購01,0,0,0,0,0,0,0,0,0,65000,0,0,0,65000,0,65000,65000
2013,中鋼構          ,124000,59000,65000,0,0,0,0,0,0,0,0,0,0,0,0,0,65000
07000P,T50反1元大99售03,0,0,0,0,0,0,0,0,0,65000,0,0,0,65000,0,65000,65000
06228P,亞德客凱基97售04,0,0,0,0,0,0,0,0,0,65000,0,0,0,65000,0,65000,65000
058054,台積電統一9C購01,0,0,0,0,0,0,0,0,0,64000,0,0,0,65000,1000,64000,64000
044478,友達統一93購01  ,0,0,0,0,0,0,0,0,0,64000,0,0,0,64000,0,64000,64000
058119,華新亞東99購01  ,0,0,0,0,0,0,0,0,0,63000,0,0,0,65000,2000,63000,63000
056701,國產國泰9A購01  ,0,0,0,0,0,0,0,0,0,63000,0,0,0,463000,400000,63000,63000
059257,臺股指凱基99購35,0,0,0,0,0,0,0,0,0,63000,0,0,0,338000,275000,63000,63000
055763,鎧勝群益97購01  ,0,0,0,0,0,0,0,0,0,63000,0,0,0,181000,118000,63000,63000
057373,大立光元大98購17,0,0,0,0,0,0,0,0,0,63000,0,0,0,63000,0,63000,63000
054811,裕隆元大9A購01  ,0,0,0,0,0,0,0,0,0,63000,0,0,0,63000,0,63000,63000
006206,元大上證50      ,104000,46000,58000,0,0,0,0,0,0,5000,0,0,0,14000,9000,5000,63000
04818P,華新科永豐94售03,0,0,0,0,0,0,0,0,0,63000,0,0,0,78000,15000,63000,63000
052656,力山元富96購01  ,0,0,0,0,0,0,0,0,0,63000,0,0,0,63000,0,63000,63000
1710,東聯            ,840932,516000,324932,0,0,0,0,0,0,-262000,0,262000,-262000,0,0,0,62932
056226,聯發科凱基97購10,0,0,0,0,0,0,0,0,0,62000,0,0,0,100000,38000,62000,62000
05396P,台郡元大95售05  ,0,0,0,0,0,0,0,0,0,62000,0,0,0,67000,5000,62000,62000
053566,大立光富邦99購03,0,0,0,0,0,0,0,0,0,62000,0,0,0,62000,0,62000,62000
053195,玉晶光元富96購02,0,0,0,0,0,0,0,0,0,62000,0,0,0,72000,10000,62000,62000
058922,聯發科元富03購02,0,0,0,0,0,0,0,0,0,62000,0,0,0,62000,0,62000,62000
04935P,鴻海中信96售01  ,0,0,0,0,0,0,0,0,0,62000,0,0,0,156000,94000,62000,62000
07207P,台積電凱基99售13,0,0,0,0,0,0,0,0,0,62000,0,0,0,182000,120000,62000,62000
06878P,台灣50日盛9B售01,0,0,0,0,0,0,0,0,0,62000,0,0,0,85000,23000,62000,62000
056835,聯電元富99購01  ,0,0,0,0,0,0,0,0,0,61000,0,0,0,84000,23000,61000,61000
049798,台積電元大94購18,0,0,0,0,0,0,0,0,0,61000,0,0,0,61000,0,61000,61000
051896,柏文元富95購01  ,0,0,0,0,0,0,0,0,0,61000,0,0,0,61000,0,61000,61000
06196P,元上證元大97售01,0,0,0,0,0,0,0,0,0,61000,0,0,0,61000,0,61000,61000
4560,強信-KY         ,181000,120000,61000,0,0,0,0,0,0,0,0,0,0,0,0,0,61000
8404,百和興業-KY     ,241000,179000,62000,0,0,0,0,0,0,-1000,0,1000,-1000,0,0,0,61000
055605,緯穎元大97購02  ,0,0,0,0,0,0,0,0,0,60000,0,0,0,65000,5000,60000,60000
055538,鴻海日盛97購04  ,0,0,0,0,0,0,0,0,0,60000,0,0,0,70000,10000,60000,60000
058089,聯發科元大98購15,0,0,0,0,0,0,0,0,0,60000,0,0,0,60000,0,60000,60000
058246,帆宣元大99購01  ,0,0,0,0,0,0,0,0,0,60000,0,0,0,60000,0,60000,60000
058281,奇力新中信99購01,0,0,0,0,0,0,0,0,0,60000,0,0,0,110000,50000,60000,60000
05855P,滬深2X中信9C售01,0,0,0,0,0,0,0,0,0,60000,0,0,0,60000,0,60000,60000
058567,華新科凱基9A購02,0,0,0,0,0,0,0,0,0,60000,0,0,0,60000,0,60000,60000
05421P,鴻海元大96售12  ,0,0,0,0,0,0,0,0,0,60000,0,0,0,60000,0,60000,60000
054755,世紀鋼凱基98購01,0,0,0,0,0,0,0,0,0,60000,0,0,0,80000,20000,60000,60000
056272,嘉澤統一99購01  ,0,0,0,0,0,0,0,0,0,60000,0,0,0,60000,0,60000,60000
057004,滬深反中信9A購01,0,0,0,0,0,0,0,0,0,60000,0,0,0,60000,0,60000,60000
056004,南電永豐97購02  ,0,0,0,0,0,0,0,0,0,60000,0,0,0,60000,0,60000,60000
054964,智易元大99購01  ,0,0,0,0,0,0,0,0,0,60000,0,0,0,60000,0,60000,60000
056492,全新國泰9A購01  ,0,0,0,0,0,0,0,0,0,60000,0,0,0,60000,0,60000,60000
049582,台積電元大95購03,0,0,0,0,0,0,0,0,0,60000,0,0,0,60000,0,60000,60000
041527,T50反1中信96購01,0,0,0,0,0,0,0,0,0,60000,0,0,0,60000,0,60000,60000
04244P,可成元大93售12  ,0,0,0,0,0,0,0,0,0,60000,0,0,0,60000,0,60000,60000
01003T,兆豐新光R1      ,61000,1000,60000,0,0,0,0,0,0,0,0,0,0,0,0,0,60000
04436P,聯發科中信96售02,0,0,0,0,0,0,0,0,0,60000,0,0,0,60000,0,60000,60000
04382P,美律國泰95售01  ,0,0,0,0,0,0,0,0,0,60000,0,0,0,156000,96000,60000,60000
052771,GIS群益96購01   ,0,0,0,0,0,0,0,0,0,60000,0,0,0,60000,0,60000,60000
051254,健策元大96購04  ,0,0,0,0,0,0,0,0,0,60000,0,0,0,80000,20000,60000,60000
050807,群臺反凱基95購01,0,0,0,0,0,0,0,0,0,60000,0,0,0,60000,0,60000,60000
050522,聯發科元大95購03,0,0,0,0,0,0,0,0,0,60000,0,0,0,60000,0,60000,60000
4989,榮科            ,84000,23000,61000,0,0,0,0,0,0,-1000,1000,2000,-1000,0,0,0,60000
05994P,奇鋐元大96售02  ,0,0,0,0,0,0,0,0,0,60000,0,0,0,61000,1000,60000,60000
06992P,玉晶光日盛9B售01,0,0,0,0,0,0,0,0,0,60000,0,0,0,60000,0,60000,60000
059250,大立光凱基99購06,0,0,0,0,0,0,0,0,0,59000,0,0,0,59000,0,59000,59000
058142,瑞儀元大99購01  ,0,0,0,0,0,0,0,0,0,59000,0,0,0,80000,21000,59000,59000
055671,世紀鋼群益97購01,0,0,0,0,0,0,0,0,0,59000,0,0,0,59000,0,59000,59000
051355,聯發科元大96購01,0,0,0,0,0,0,0,0,0,59000,0,0,0,59000,0,59000,59000
1447,力鵬            ,310000,251000,59000,0,0,0,0,0,0,0,0,0,0,0,0,0,59000
059223,大立光元大99購14,0,0,0,0,0,0,0,0,0,58000,0,0,0,58000,0,58000,58000
059224,大立光元大99購15,0,0,0,0,0,0,0,0,0,58000,0,0,0,122000,64000,58000,58000
053069,同欣電群益98購01,0,0,0,0,0,0,0,0,0,58000,0,0,0,90000,32000,58000,58000
046476,鴻海統一96購01  ,0,0,0,0,0,0,0,0,0,58000,0,0,0,58000,0,58000,58000
07173P,臺股指國票99售10,0,0,0,0,0,0,0,0,0,58000,0,0,0,58000,0,58000,58000
3550,聯穎            ,66000,8000,58000,0,0,0,0,0,0,0,0,0,0,0,0,0,58000
8249,菱光            ,115000,57000,58000,0,0,0,0,0,0,0,0,0,0,0,0,0,58000
2809,京城銀          ,1404000,1442000,-38000,0,0,0,101000,7001,93999,2000,2000,0,2000,0,0,0,57999
04330P,台達電亞東93售02,0,0,0,0,0,0,0,0,0,57000,0,0,0,57000,0,57000,57000
05255P,義隆凱基95售01  ,0,0,0,0,0,0,0,0,0,57000,0,0,0,60000,3000,57000,57000
053834,卜蜂永豐96購01  ,0,0,0,0,0,0,0,0,0,57000,0,0,0,57000,0,57000,57000
06022P,緯穎永豐96售03  ,0,0,0,0,0,0,0,0,0,57000,0,0,0,57000,0,57000,57000
06153P,健策元大97售04  ,0,0,0,0,0,0,0,0,0,57000,0,0,0,57000,0,57000,57000
6477,安集            ,93000,36000,57000,0,0,0,0,0,0,0,0,0,0,0,0,0,57000
056531,佳世達凱基98購01,0,0,0,0,0,0,0,0,0,56000,0,0,0,56000,0,56000,56000
055387,世紀鋼元大97購01,0,0,0,0,0,0,0,0,0,56000,0,0,0,187000,131000,56000,56000
05536P,奇力新元大96售03,0,0,0,0,0,0,0,0,0,56000,0,0,0,63000,7000,56000,56000
051490,世芯凱基96購01  ,0,0,0,0,0,0,0,0,0,56000,0,0,0,56000,0,56000,56000
052759,京元電群益96購01,0,0,0,0,0,0,0,0,0,56000,0,0,0,56000,0,56000,56000
00757,統一FANG+       ,0,0,0,0,0,0,0,0,0,56000,0,0,0,264000,208000,56000,56000
6191,精成科          ,493000,426000,67000,0,0,0,0,9000,-9000,-2000,0,4000,-4000,2000,0,2000,56000
3607,谷崧            ,135000,79000,56000,0,0,0,0,0,0,0,0,0,0,0,0,0,56000
06859P,元金2X中信9C售01,0,0,0,0,0,0,0,0,0,56000,0,0,0,56000,0,56000,56000
3443,創意            ,350000,293535,56465,0,0,0,1000,26627,-25627,25000,26000,12000,14000,20000,9000,11000,55838
055357,欣興凱基97購04  ,0,0,0,0,0,0,0,0,0,55000,0,0,0,55000,0,55000,55000
054710,東元元富97購01  ,0,0,0,0,0,0,0,0,0,55000,0,0,0,330000,275000,55000,55000
05669P,嘉晶永豐96售03  ,0,0,0,0,0,0,0,0,0,55000,0,0,0,59000,4000,55000,55000
058132,義隆元大99購03  ,0,0,0,0,0,0,0,0,0,55000,0,0,0,70000,15000,55000,55000
03857P,聯發科元富99售02,0,0,0,0,0,0,0,0,0,55000,0,0,0,65000,10000,55000,55000
04550P,超眾元大94售01  ,0,0,0,0,0,0,0,0,0,55000,0,0,0,80000,25000,55000,55000
051919,台郡元大96購02  ,0,0,0,0,0,0,0,0,0,55000,0,0,0,55000,0,55000,55000
053427,鎧勝永豐96購02  ,0,0,0,0,0,0,0,0,0,55000,0,0,0,55000,0,55000,55000
047154,新光金國票95購01,0,0,0,0,0,0,0,0,0,55000,0,0,0,55000,0,55000,55000
059014,SGBR2X元富03購01,0,0,0,0,0,0,0,0,0,55000,0,0,0,61000,6000,55000,55000
2727,王品            ,118000,63000,55000,0,0,0,0,0,0,0,0,0,0,0,0,0,55000
2014,中鴻            ,581000,486000,95000,0,0,0,0,0,0,-40000,0,40000,-40000,0,0,0,55000
6670,復盛應用        ,3129000,3044000,85000,0,0,0,0,603,-603,-30000,0,36000,-36000,6000,0,6000,54397
056904,大立光元大99購05,0,0,0,0,0,0,0,0,0,54000,0,0,0,54000,0,54000,54000
059046,滬深2X凱基9C購01,0,0,0,0,0,0,0,0,0,54000,0,0,0,65000,11000,54000,54000
04717P,和大凱基94售02  ,0,0,0,0,0,0,0,0,0,54000,0,0,0,210000,156000,54000,54000
3346,麗清            ,83000,29000,54000,0,0,0,0,0,0,0,0,0,0,0,0,0,54000
06852P,臺股指元大98售11,0,0,0,0,0,0,0,0,0,54000,0,0,0,550000,496000,54000,54000
06012P,世芯國票96售01  ,0,0,0,0,0,0,0,0,0,54000,0,0,0,54000,0,54000,54000
06125P,楠梓電元富99售01,0,0,0,0,0,0,0,0,0,54000,0,0,0,54000,0,54000,54000
059085,鴻海元大99購25  ,0,0,0,0,0,0,0,0,0,53000,0,0,0,101000,48000,53000,53000
054845,智邦兆豐98購01  ,0,0,0,0,0,0,0,0,0,53000,0,0,0,53000,0,53000,53000
05483P,國巨凱基95售07  ,0,0,0,0,0,0,0,0,0,53000,0,0,0,63000,10000,53000,53000
058514,潤泰全元大99購01,0,0,0,0,0,0,0,0,0,53000,0,0,0,135000,82000,53000,53000
049484,台積電元大95購02,0,0,0,0,0,0,0,0,0,53000,0,0,0,53000,0,53000,53000
058710,臺股指元大9A購23,0,0,0,0,0,0,0,0,0,53000,0,0,0,53000,0,53000,53000
058974,臺股指永豐99購03,0,0,0,0,0,0,0,0,0,53000,0,0,0,53000,0,53000,53000
051987,廣達元大95購01  ,0,0,0,0,0,0,0,0,0,53000,0,0,0,53000,0,53000,53000
059305,台灣50元大99購02,0,0,0,0,0,0,0,0,0,53000,0,0,0,63000,10000,53000,53000
06183P,大立光元大97售05,0,0,0,0,0,0,0,0,0,53000,0,0,0,484000,431000,53000,53000
06265P,美律凱基97售01  ,0,0,0,0,0,0,0,0,0,53000,0,0,0,63000,10000,53000,53000
07009P,臺股指中信9B售01,0,0,0,0,0,0,0,0,0,53000,0,0,0,53000,0,53000,53000
3094,聯傑            ,98000,45000,53000,0,0,0,0,0,0,0,0,0,0,0,0,0,53000
5515,建國            ,80000,27000,53000,0,0,0,0,0,0,0,0,0,0,0,0,0,53000
8422,可寧衛          ,188000,92000,96000,0,0,0,0,3000,-3000,-40000,0,40000,-40000,0,0,0,53000
1507,永大            ,2233000,2178690,54310,0,0,0,0,1543,-1543,0,0,0,0,0,0,0,52767
058606,聯發科元大99購13,0,0,0,0,0,0,0,0,0,52000,0,0,0,52000,0,52000,52000
058397,大成鋼元大99購02,0,0,0,0,0,0,0,0,0,52000,0,0,0,68000,16000,52000,52000
051999,勤誠元大95購01  ,0,0,0,0,0,0,0,0,0,52000,0,0,0,62000,10000,52000,52000
052780,玉晶光國票96購04,0,0,0,0,0,0,0,0,0,52000,0,0,0,52000,0,52000,52000
049383,健策元大95購01  ,0,0,0,0,0,0,0,0,0,52000,0,0,0,52000,0,52000,52000
6672,騰輝電子-KY     ,185000,133000,52000,0,0,0,0,0,0,0,0,0,0,0,0,0,52000
059124,台積電第一03購01,0,0,0,0,0,0,0,0,0,51000,0,0,0,51000,0,51000,51000
04932P,香港2X中信96售01,0,0,0,0,0,0,0,0,0,51000,0,0,0,51000,0,51000,51000
049482,國巨元大94購06  ,0,0,0,0,0,0,0,0,0,51000,0,0,0,51000,0,51000,51000
05188P,可成凱基95售09  ,0,0,0,0,0,0,0,0,0,51000,0,0,0,51000,0,51000,51000
053197,超眾元富96購02  ,0,0,0,0,0,0,0,0,0,51000,0,0,0,51000,0,51000,51000
05901P,臺股指凱基9C售01,0,0,0,0,0,0,0,0,0,51000,0,0,0,51000,0,51000,51000
07081P,南電群益9A售01  ,0,0,0,0,0,0,0,0,0,51000,0,0,0,51000,0,51000,51000
054450,聯茂第一96購01  ,0,0,0,0,0,0,0,0,0,50000,0,0,0,50000,0,50000,50000
054481,鎧勝中信96購01  ,0,0,0,0,0,0,0,0,0,50000,0,0,0,50000,0,50000,50000
06629P,台灣50第一98售01,0,0,0,0,0,0,0,0,0,50000,0,0,0,50000,0,50000,50000
06656P,GIS元大98售02   ,0,0,0,0,0,0,0,0,0,50000,0,0,0,50000,0,50000,50000
058100,聯茂國泰99購02  ,0,0,0,0,0,0,0,0,0,50000,0,0,0,50000,0,50000,50000
055615,宏達電國票99購02,0,0,0,0,0,0,0,0,0,50000,0,0,0,50000,0,50000,50000
055308,聯發科群益97購04,0,0,0,0,0,0,0,0,0,50000,0,0,0,50000,0,50000,50000
054821,貿聯元大9A購01  ,0,0,0,0,0,0,0,0,0,50000,0,0,0,50000,0,50000,50000
054861,智邦群益97購01  ,0,0,0,0,0,0,0,0,0,50000,0,0,0,50000,0,50000,50000
056058,建準元大97購02  ,0,0,0,0,0,0,0,0,0,50000,0,0,0,50000,0,50000,50000
055923,矽力凱基98購01  ,0,0,0,0,0,0,0,0,0,50000,0,0,0,50000,0,50000,50000
056135,緯創元大98購01  ,0,0,0,0,0,0,0,0,0,50000,0,0,0,50000,0,50000,50000
054361,技嘉凱基96購01  ,0,0,0,0,0,0,0,0,0,50000,0,0,0,60000,10000,50000,50000
054364,智伸科凱基96購01,0,0,0,0,0,0,0,0,0,50000,0,0,0,50000,0,50000,50000
056913,臺股指元大99購05,0,0,0,0,0,0,0,0,0,50000,0,0,0,60000,10000,50000,50000
057022,智邦凱基98購04  ,0,0,0,0,0,0,0,0,0,50000,0,0,0,50000,0,50000,50000
057725,台達電國泰9A購01,0,0,0,0,0,0,0,0,0,50000,0,0,0,80000,30000,50000,50000
057276,全新元大99購03  ,0,0,0,0,0,0,0,0,0,50000,0,0,0,50000,0,50000,50000
057176,全新元大99購02  ,0,0,0,0,0,0,0,0,0,50000,0,0,0,50000,0,50000,50000
05623P,台積電中信96售03,0,0,0,0,0,0,0,0,0,50000,0,0,0,150000,100000,50000,50000
056360,智邦元大98購01  ,0,0,0,0,0,0,0,0,0,50000,0,0,0,68000,18000,50000,50000
057621,崇越凱基98購01  ,0,0,0,0,0,0,0,0,0,50000,0,0,0,110000,60000,50000,50000
057638,上銀元大99購01  ,0,0,0,0,0,0,0,0,0,50000,0,0,0,50000,0,50000,50000
056603,嘉聯益國泰9A購01,0,0,0,0,0,0,0,0,0,50000,0,0,0,50000,0,50000,50000
055843,美律元大97購02  ,0,0,0,0,0,0,0,0,0,50000,0,0,0,50000,0,50000,50000
052551,台積電國票97購03,0,0,0,0,0,0,0,0,0,50000,0,0,0,50000,0,50000,50000
058765,緯穎群益99購03  ,0,0,0,0,0,0,0,0,0,50000,0,0,0,50000,0,50000,50000
058805,元石油統一9B購02,0,0,0,0,0,0,0,0,0,50000,0,0,0,50000,0,50000,50000
055030,帆宣國泰99購02  ,0,0,0,0,0,0,0,0,0,50000,0,0,0,50000,0,50000,50000
053176,矽力群益96購02  ,0,0,0,0,0,0,0,0,0,50000,0,0,0,50000,0,50000,50000
053019,禾伸堂元富96購01,0,0,0,0,0,0,0,0,0,50000,0,0,0,50000,0,50000,50000
052764,景碩群益98購01  ,0,0,0,0,0,0,0,0,0,50000,0,0,0,100000,50000,50000,50000
052345,矽力凱基95購01  ,0,0,0,0,0,0,0,0,0,50000,0,0,0,50000,0,50000,50000
052055,緯穎凱基95購03  ,0,0,0,0,0,0,0,0,0,50000,0,0,0,60000,10000,50000,50000
053781,友達元大9B購03  ,0,0,0,0,0,0,0,0,0,50000,0,0,0,50000,0,50000,50000
050456,聯茂元大94購09  ,0,0,0,0,0,0,0,0,0,50000,0,0,0,50000,0,50000,50000
050650,大立光凱基96購01,0,0,0,0,0,0,0,0,0,50000,0,0,0,50000,0,50000,50000
051055,友達群益98購01  ,0,0,0,0,0,0,0,0,0,50000,0,0,0,50000,0,50000,50000
051083,A50正2元大98購01,0,0,0,0,0,0,0,0,0,50000,0,0,0,50000,0,50000,50000
053990,晶技兆豐96購01  ,0,0,0,0,0,0,0,0,0,50000,0,0,0,50000,0,50000,50000
047024,奇力新元大95購01,0,0,0,0,0,0,0,0,0,50000,0,0,0,50000,0,50000,50000
04807P,聯茂元富94售01  ,0,0,0,0,0,0,0,0,0,50000,0,0,0,50000,0,50000,50000
04799P,健策元大94售03  ,0,0,0,0,0,0,0,0,0,50000,0,0,0,50000,0,50000,50000
047692,T50反1國票94購01,0,0,0,0,0,0,0,0,0,50000,0,0,0,50000,0,50000,50000
04758P,國巨凱基94售03  ,0,0,0,0,0,0,0,0,0,50000,0,0,0,50000,0,50000,50000
049478,祥碩永豐94購02  ,0,0,0,0,0,0,0,0,0,50000,0,0,0,50000,0,50000,50000
049137,華通元大95購02  ,0,0,0,0,0,0,0,0,0,50000,0,0,0,50000,0,50000,50000
049585,旺宏元大95購02  ,0,0,0,0,0,0,0,0,0,50000,0,0,0,50000,0,50000,50000
04049P,大立光元大95售02,0,0,0,0,0,0,0,0,0,50000,0,0,0,156000,106000,50000,50000
00766L,台新MSCI中國正2 ,0,0,0,0,0,0,0,0,0,50000,0,0,0,96000,46000,50000,50000
03074X,元展69          ,0,0,0,0,0,0,0,0,0,50000,0,0,0,50000,0,50000,50000
07067P,旺宏台新99售02  ,0,0,0,0,0,0,0,0,0,50000,0,0,0,50000,0,50000,50000
06891P,緯穎富邦99售03  ,0,0,0,0,0,0,0,0,0,50000,0,0,0,50000,0,50000,50000
06914P,南茂元大98售03  ,0,0,0,0,0,0,0,0,0,50000,0,0,0,50000,0,50000,50000
06262P,國巨凱基97售07  ,0,0,0,0,0,0,0,0,0,50000,0,0,0,50000,0,50000,50000
059191,茂林富邦9B購01  ,0,0,0,0,0,0,0,0,0,50000,0,0,0,50000,0,50000,50000
1444,力麗            ,394000,344000,50000,0,0,0,0,0,0,0,0,0,0,0,0,0,50000
3057,喬鼎            ,60000,10000,50000,0,0,0,0,0,0,0,0,0,0,0,0,0,50000
2233,宇隆            ,143000,89450,53550,0,0,0,0,0,0,-4000,0,4000,-4000,0,0,0,49550
054412,智邦元大96購03  ,0,0,0,0,0,0,0,0,0,49000,0,0,0,50000,1000,49000,49000
057501,超眾群益98購04  ,0,0,0,0,0,0,0,0,0,49000,0,0,0,49000,0,49000,49000
058226,世芯元富99購01  ,0,0,0,0,0,0,0,0,0,49000,0,0,0,49000,0,49000,49000
06550P,健策元大99售01  ,0,0,0,0,0,0,0,0,0,49000,0,0,0,51000,2000,49000,49000
06731P,聯茂元大98售05  ,0,0,0,0,0,0,0,0,0,49000,0,0,0,111000,62000,49000,49000
059233,台灣50凱基9C購02,0,0,0,0,0,0,0,0,0,49000,0,0,0,82000,33000,49000,49000
053786,新日興元大96購02,0,0,0,0,0,0,0,0,0,49000,0,0,0,50000,1000,49000,49000
2444,兆勁            ,66000,16000,50000,0,0,0,0,0,0,-1000,0,1000,-1000,0,0,0,49000
1339,昭輝            ,113000,41000,72000,0,0,0,0,0,0,-23000,0,23000,-23000,0,0,0,49000
08801P,聯發科元大01售13,0,0,0,0,0,0,0,0,0,49000,0,0,0,49000,0,49000,49000
06147P,國巨元大97售05  ,0,0,0,0,0,0,0,0,0,49000,0,0,0,49000,0,49000,49000
3031,佰鴻            ,142000,92000,50000,0,0,0,0,0,0,-1000,0,1000,-1000,0,0,0,49000
5258,虹堡            ,126000,75000,51000,0,0,0,0,0,0,-2000,0,2000,-2000,0,0,0,49000
057889,致新群益99購01  ,0,0,0,0,0,0,0,0,0,48000,0,0,0,200000,152000,48000,48000
056980,建準群益98購02  ,0,0,0,0,0,0,0,0,0,48000,0,0,0,48000,0,48000,48000
050525,嘉晶元大95購02  ,0,0,0,0,0,0,0,0,0,48000,0,0,0,50000,2000,48000,48000
04289P,臺股指中信95售07,0,0,0,0,0,0,0,0,0,48000,0,0,0,48000,0,48000,48000
03959P,義隆元富96售01  ,0,0,0,0,0,0,0,0,0,48000,0,0,0,50000,2000,48000,48000
049685,T50反1元大94購01,0,0,0,0,0,0,0,0,0,48000,0,0,0,48000,0,48000,48000
048872,玉晶光國票94購02,0,0,0,0,0,0,0,0,0,48000,0,0,0,48000,0,48000,48000
053407,台積電兆豐96購02,0,50000,-50000,0,0,0,0,0,0,98000,0,0,0,98000,0,98000,48000
4552,力達-KY         ,102000,54320,47680,0,0,0,0,0,0,0,0,0,0,0,0,0,47680
056354,國巨元大98購10  ,0,0,0,0,0,0,0,0,0,47000,0,0,0,47000,0,47000,47000
06682P,玉晶光元大99售08,0,0,0,0,0,0,0,0,0,47000,0,0,0,64000,17000,47000,47000
06655P,TPK元大98售02   ,2000,0,2000,0,0,0,0,0,0,45000,0,0,0,45000,0,45000,47000
06646P,國巨元大98售16  ,0,0,0,0,0,0,0,0,0,47000,0,0,0,47000,0,47000,47000
056749,滬深2X兆豐99購01,0,0,0,0,0,0,0,0,0,47000,0,0,0,57000,10000,47000,47000
051624,智邦麥證95購02  ,0,0,0,48000,1000,47000,0,0,0,47000,0,0,0,48000,1000,47000,47000
00851,台新全球AI      ,0,0,0,0,0,0,0,0,0,47000,0,0,0,138000,91000,47000,47000
051094,健策元大96購03  ,0,0,0,0,0,0,0,0,0,47000,0,0,0,184000,137000,47000,47000
06174P,國巨元大97售07  ,0,0,0,0,0,0,0,0,0,47000,0,0,0,47000,0,47000,47000
06070P,漢唐永豐97售01  ,0,0,0,0,0,0,0,0,0,47000,0,0,0,50000,3000,47000,47000
06949P,台表科元大99售01,0,0,0,0,0,0,0,0,0,47000,0,0,0,47000,0,47000,47000
2477,美隆電          ,113000,64000,49000,0,0,0,0,0,0,-2000,2000,4000,-2000,0,0,0,47000
2538,基泰            ,244000,190000,54000,0,0,0,0,0,0,-7000,0,7000,-7000,0,0,0,47000
057960,聯鈞元大98購02  ,0,0,0,0,0,0,0,0,0,46000,0,0,0,46000,0,46000,46000
057370,可成元大98購07  ,0,0,0,0,0,0,0,0,0,46000,0,0,0,46000,0,46000,46000
057418,台光電凱基98購04,0,0,0,0,0,0,0,0,0,46000,0,0,0,46000,0,46000,46000
046477,台積電統一94購02,0,0,0,0,0,0,0,0,0,46000,0,0,0,46000,0,46000,46000
08852P,台灣50台新01售01,0,0,0,0,0,0,0,0,0,46000,0,0,0,213000,167000,46000,46000
07012P,智邦群益9A售01  ,0,0,0,0,0,0,0,0,0,46000,0,0,0,160000,114000,46000,46000
07001P,國巨元大99售12  ,0,0,0,0,0,0,0,0,0,46000,0,0,0,46000,0,46000,46000
056142,超眾元大97購06  ,0,0,0,0,0,0,0,0,0,45000,0,0,0,45000,0,45000,45000
056532,技嘉凱基98購01  ,0,0,0,0,0,0,0,0,0,45000,0,0,0,65000,20000,45000,45000
059176,臺股指凱基99購27,0,0,0,0,0,0,0,0,0,45000,0,0,0,45000,0,45000,45000
06514P,國巨凱基98售05  ,0,0,0,0,0,0,0,0,0,45000,0,0,0,55000,10000,45000,45000
051613,S&P反1凱基96購01,0,0,0,0,0,0,0,0,0,45000,0,0,0,295000,250000,45000,45000
00753L,中信中國50正2   ,0,0,0,0,0,0,0,0,0,45000,0,0,0,182000,137000,45000,45000
04344P,台達電國泰94售01,0,0,0,0,0,0,0,0,0,45000,0,0,0,45000,0,45000,45000
052326,滬深反中信99購01,0,0,0,0,0,0,0,0,0,45000,0,0,0,113000,68000,45000,45000
050314,晶技兆豐94購01  ,0,0,0,0,0,0,0,0,0,45000,0,0,0,45000,0,45000,45000
07131P,緯穎元大99售06  ,0,0,0,0,0,0,0,0,0,45000,0,0,0,60000,15000,45000,45000
06502P,A50中信98售01   ,0,0,0,0,0,0,0,0,0,45000,0,0,0,45000,0,45000,45000
05452P,亞德客群益95售02,0,0,0,0,0,0,0,0,0,44000,0,0,0,44000,0,44000,44000
056144,GIS元大98購01   ,0,0,0,0,0,0,0,0,0,44000,0,0,0,44000,0,44000,44000
054039,元油反元大96購08,0,0,0,0,0,0,0,0,0,44000,0,0,0,44000,0,44000,44000
04960P,大立光凱基96售04,0,0,0,0,0,0,0,0,0,44000,0,0,0,44000,0,44000,44000
03543P,台泥中信02售01  ,0,0,0,0,0,0,0,0,0,44000,0,0,0,44000,0,44000,44000
07077P,緯穎凱基99售01  ,0,0,0,0,0,0,0,0,0,44000,0,0,0,68000,24000,44000,44000
059203,勤誠永豐99購02  ,0,0,0,0,0,0,0,0,0,44000,0,0,0,80000,36000,44000,44000
2010,春源            ,90000,46000,44000,0,0,0,0,0,0,0,0,0,0,0,0,0,44000
3356,奇偶            ,83000,37000,46000,0,0,0,0,0,0,-2000,0,2000,-2000,0,0,0,44000
6715,嘉基            ,65000,11000,54000,0,0,0,0,0,0,-10724,0,10724,-10724,0,0,0,43276
05479P,華新科台新96售01,0,0,0,0,0,0,0,0,0,43000,0,0,0,144000,101000,43000,43000
055292,聯鈞元大97購02  ,0,0,0,0,0,0,0,0,0,43000,0,0,0,43000,0,43000,43000
05461P,台積電亞東97售01,0,0,0,0,0,0,0,0,0,43000,0,0,0,383000,340000,43000,43000
0053,元大電子        ,0,0,0,0,0,0,0,0,0,43000,0,0,0,52000,9000,43000,43000
04859P,台達電群益94售04,0,0,0,0,0,0,0,0,0,43000,0,0,0,50000,7000,43000,43000
055021,亞德客國泰98購01,0,0,0,0,0,0,0,0,0,43000,0,0,0,43000,0,43000,43000
051406,泰鼎永豐96購01  ,0,0,0,0,0,0,0,0,0,43000,0,0,0,53000,10000,43000,43000
8210,勤誠            ,412000,357000,55000,0,0,0,10000,3000,7000,-19000,4000,36000,-32000,16000,3000,13000,43000
3504,揚明光          ,50000,2000,48000,0,0,0,1000,0,1000,-6000,0,4000,-4000,0,2000,-2000,43000
3013,晟銘電          ,81000,38000,43000,0,0,0,0,0,0,0,0,0,0,0,0,0,43000
07226P,貿聯富邦9B售01  ,0,0,0,0,0,0,0,0,0,43000,0,0,0,100000,57000,43000,43000
06936P,瑞儀元大98售01  ,0,0,0,0,0,0,0,0,0,43000,0,0,0,43000,0,43000,43000
059177,臺股指凱基99購28,0,0,0,0,0,0,0,0,0,42000,0,0,0,42000,0,42000,42000
05436P,台積電群益95售07,0,0,0,0,0,0,0,0,0,42000,0,0,0,112000,70000,42000,42000
05654P,台光電統一96售01,0,0,0,0,0,0,0,0,0,42000,0,0,0,42000,0,42000,42000
058938,台積電中信01購03,0,0,0,0,0,0,0,0,0,42000,0,0,0,52000,10000,42000,42000
04771P,友達元大96售02  ,0,0,0,0,0,0,0,0,0,42000,0,0,0,42000,0,42000,42000
053449,超眾凱基98購01  ,0,0,0,0,0,0,0,0,0,42000,0,0,0,42000,0,42000,42000
049387,緯穎元大94購03  ,0,60000,-60000,0,0,0,0,0,0,102000,0,0,0,162000,60000,102000,42000
06475P,牧德永豐98售03  ,0,0,0,0,0,0,0,0,0,42000,0,0,0,43000,1000,42000,42000
05580P,美律凱基96售03  ,0,0,0,0,0,0,0,0,0,41000,0,0,0,42000,1000,41000,41000
058143,瑞儀元大99購02  ,0,0,0,0,0,0,0,0,0,41000,0,0,0,41000,0,41000,41000
043656,上証反元大94購01,0,0,0,0,0,0,0,0,0,41000,0,0,0,41000,0,41000,41000
058940,聯發科中信9A購03,0,0,0,0,0,0,0,0,0,41000,0,0,0,41000,0,41000,41000
05307P,光寶科中信95售01,0,0,0,0,0,0,0,0,0,41000,0,0,0,41000,0,41000,41000
052631,T50反1凱基98購02,0,0,0,0,0,0,0,0,0,41000,0,0,0,41000,0,41000,41000
07085P,超眾元富9C售01  ,0,0,0,0,0,0,0,0,0,41000,0,0,0,47000,6000,41000,41000
059371,聯鈞元富99購02  ,0,0,0,0,0,0,0,0,0,41000,0,0,0,45000,4000,41000,41000
058224,世芯統一9B購02  ,0,0,0,0,0,0,0,0,0,40000,0,0,0,40000,0,40000,40000
057987,大立光元富98購02,0,0,0,0,0,0,0,0,0,40000,0,0,0,100000,60000,40000,40000
057994,技嘉中信98購01  ,0,0,0,0,0,0,0,0,0,40000,0,0,0,40000,0,40000,40000
058566,聯發科凱基9A購02,0,0,0,0,0,0,0,0,0,40000,0,0,0,74000,34000,40000,40000
054055,全新國票99購02  ,0,0,0,0,0,0,0,0,0,40000,0,0,0,40000,0,40000,40000
054049,亞光元大96購03  ,0,0,0,0,0,0,0,0,0,40000,0,0,0,40000,0,40000,40000
055559,大立光凱基97購09,0,0,0,0,0,0,0,0,0,40000,0,0,0,40000,0,40000,40000
055663,崇越中信97購01  ,0,0,0,0,0,0,0,0,0,40000,0,0,0,50000,10000,40000,40000
059336,台灣50凱基9A購02,0,0,0,0,0,0,0,0,0,40000,0,0,0,141000,101000,40000,40000
055842,建準元大98購01  ,0,0,0,0,0,0,0,0,0,40000,0,0,0,50000,10000,40000,40000
05590P,臺股指中信96售05,0,0,0,0,0,0,0,0,0,40000,0,0,0,40000,0,40000,40000
056628,矽創永豐98購01  ,0,0,0,0,0,0,0,0,0,40000,0,0,0,40000,0,40000,40000
056363,華新科元大99購04,0,0,0,0,0,0,0,0,0,40000,0,0,0,40000,0,40000,40000
057675,同欣電元大98購02,0,0,0,0,0,0,0,0,0,40000,0,0,0,40000,0,40000,40000
057267,康控兆豐99購01  ,0,0,0,0,0,0,0,0,0,40000,0,0,0,50000,10000,40000,40000
054376,聯茂中信97購01  ,0,0,0,0,0,0,0,0,0,40000,0,0,0,40000,0,40000,40000
054374,信邦中信96購01  ,0,0,0,0,0,0,0,0,0,40000,0,0,0,40000,0,40000,40000
05498P,友達元富95售02  ,0,0,0,0,0,0,0,0,0,40000,0,0,0,40000,0,40000,40000
055438,鴻海國票98購01  ,0,0,0,0,0,0,0,0,0,40000,0,0,0,40000,0,40000,40000
055382,台郡元大99購01  ,0,0,0,0,0,0,0,0,0,40000,0,0,0,40000,0,40000,40000
055951,大成鋼元大97購02,0,0,0,0,0,0,0,0,0,40000,0,0,0,40000,0,40000,40000
05524P,瀚宇博國票97售02,0,0,0,0,0,0,0,0,0,40000,0,0,0,40000,0,40000,40000
056487,康友元大98購01  ,0,0,0,0,0,0,0,0,0,40000,0,0,0,40000,0,40000,40000
056497,GIS國泰99購01   ,0,0,0,0,0,0,0,0,0,40000,0,0,0,50000,10000,40000,40000
052700,奇鋐國票97購02  ,0,0,0,0,0,0,0,0,0,40000,0,0,0,40000,0,40000,40000
05284P,鴻海兆豐95售04  ,0,0,0,0,0,0,0,0,0,40000,0,0,0,40000,0,40000,40000
053992,中環群益96購01  ,0,0,0,0,0,0,0,0,0,40000,0,0,0,100000,60000,40000,40000
05229P,台積電群益95售05,0,0,0,0,0,0,0,0,0,40000,0,0,0,65000,25000,40000,40000
052235,聯發科國票96購02,0,0,0,0,0,0,0,0,0,40000,0,0,0,40000,0,40000,40000
051281,健策兆豐96購01  ,0,0,0,0,0,0,0,0,0,40000,0,0,0,40000,0,40000,40000
050395,大立光元富94購10,0,0,0,0,0,0,0,0,0,40000,0,0,0,40000,0,40000,40000
050685,緯穎元富94購02  ,0,0,0,0,0,0,0,0,0,40000,0,0,0,40000,0,40000,40000
052107,台積電統一95購06,0,0,0,0,0,0,0,0,0,40000,0,0,0,40000,0,40000,40000
05401P,聯茂永豐95售03  ,0,0,0,0,0,0,0,0,0,40000,0,0,0,43000,3000,40000,40000
052934,中磊元大96購01  ,0,0,0,0,0,0,0,0,0,40000,0,0,0,50000,10000,40000,40000
058886,元石油元大9C購03,0,0,0,0,0,0,0,0,0,40000,0,0,0,40000,0,40000,40000
05505P,聯發科凱基96售09,0,0,0,0,0,0,0,0,0,40000,0,0,0,40000,0,40000,40000
055014,達興元富97購01  ,0,0,0,0,0,0,0,0,0,40000,0,0,0,50000,10000,40000,40000
058709,臺股指元大9A購22,0,0,0,0,0,0,0,0,0,40000,0,0,0,40000,0,40000,40000
04341P,美律永豐93售03  ,0,0,0,0,0,0,0,0,0,40000,0,0,0,40000,0,40000,40000
049072,台積電凱基94購08,0,0,0,0,0,0,0,0,0,40000,0,0,0,40000,0,40000,40000
04904P,奇力新永豐94售05,0,0,0,0,0,0,0,0,0,40000,0,0,0,40000,0,40000,40000
049721,晶技凱基94購02  ,0,0,0,0,0,0,0,0,0,40000,0,0,0,40000,0,40000,40000
03618C,高股息凱基95牛01,0,0,0,0,0,0,0,0,0,40000,0,0,0,45000,5000,40000,40000
04273P,上証反凱基99售01,0,0,0,0,0,0,0,0,0,40000,0,0,0,40000,0,40000,40000
04229P,臺股指中信95售05,0,0,0,0,0,0,0,0,0,40000,0,0,0,40000,0,40000,40000
051931,美律國票96購02  ,0,0,0,0,0,0,0,0,0,40000,0,0,0,40000,0,40000,40000
051601,群創兆豐95購02  ,0,0,0,0,0,0,0,0,0,40000,0,0,0,40000,0,40000,40000
04549P,茂林元大94售02  ,0,0,0,0,0,0,0,0,0,40000,0,0,0,50000,10000,40000,40000
045754,大立光國泰94購03,0,0,0,0,0,0,0,0,0,40000,0,0,0,40000,0,40000,40000
04780P,大立光凱基94售11,0,0,0,0,0,0,0,0,0,40000,0,0,0,40000,0,40000,40000
04785P,鴻海永豐94售03  ,0,0,0,0,0,0,0,0,0,40000,0,0,0,132000,92000,40000,40000
049814,超眾元大95購04  ,0,0,0,0,0,0,0,0,0,40000,0,0,0,40000,0,40000,40000
046942,友達元大99購01  ,0,0,0,0,0,0,0,0,0,40000,0,0,0,40000,0,40000,40000
05971P,世紀鋼永豐96售04,0,0,0,0,0,0,0,0,0,40000,0,0,0,42000,2000,40000,40000
06049P,創意亞東97售01  ,0,0,0,0,0,0,0,0,0,40000,0,0,0,40000,0,40000,40000
06272P,台郡凱基97售04  ,0,0,0,0,0,0,0,0,0,40000,0,0,0,40000,0,40000,40000
06400P,鴻海元富97售12  ,0,0,0,0,0,0,0,0,0,40000,0,0,0,40000,0,40000,40000
06501P,臺股指元大9A售06,0,0,0,0,0,0,0,0,0,40000,0,0,0,40000,0,40000,40000
3018,同開            ,111000,71000,40000,0,0,0,0,0,0,0,0,0,0,0,0,0,40000
05857P,旺宏中信98售02  ,0,0,0,0,0,0,0,0,0,39000,0,0,0,39000,0,39000,39000
058665,台灣50群益9B購02,0,0,0,0,0,0,0,0,0,39000,0,0,0,39000,0,39000,39000
04993P,上銀兆豐96售01  ,0,0,0,0,0,0,0,0,0,39000,0,0,0,39000,0,39000,39000
049636,上証反凱基9A購01,0,0,0,0,0,0,0,0,0,39000,0,0,0,39000,0,39000,39000
058777,台光電國票9A購01,0,0,0,0,0,0,0,0,0,39000,0,0,0,39000,0,39000,39000
053152,大立光元大99購01,0,0,0,0,0,0,0,0,0,39000,0,0,0,39000,0,39000,39000
050984,大立光國泰97購01,0,0,0,0,0,0,0,0,0,39000,0,0,0,39000,0,39000,39000
06963P,鴻海凱基99售04  ,0,0,0,0,0,0,0,0,0,39000,0,0,0,69000,30000,39000,39000
06162P,大立光群益97售02,0,0,0,0,0,0,0,0,0,39000,0,0,0,39000,0,39000,39000
1817,凱撒衛          ,53000,14000,39000,0,0,0,0,0,0,0,0,0,0,0,0,0,39000
056054,亞德客元大97購05,0,0,0,0,0,0,0,0,0,38000,0,0,0,38000,0,38000,38000
05638P,國巨統一96售04  ,0,0,0,0,0,0,0,0,0,38000,0,0,0,38000,0,38000,38000
05589P,大立光中信9A售01,0,0,0,0,0,0,0,0,0,38000,0,0,0,38000,0,38000,38000
059228,臺股指元大99購21,0,0,0,0,0,0,0,0,0,38000,0,0,0,38000,0,38000,38000
058282,聯茂中信99購01  ,0,0,0,0,0,0,0,0,0,38000,0,0,0,38000,0,38000,38000
058284,滬深反群益01購01,0,0,0,0,0,0,0,0,0,38000,0,0,0,38000,0,38000,38000
05137P,華新科凱基96售03,0,0,0,0,0,0,0,0,0,38000,0,0,0,38000,0,38000,38000
053584,友達元大9B購02  ,0,0,0,0,0,0,0,0,0,38000,0,0,0,50000,12000,38000,38000
058885,元石油元大9C購02,0,0,0,0,0,0,0,0,0,38000,0,0,0,38000,0,38000,38000
06423P,亞光台新97售01  ,0,0,0,0,0,0,0,0,0,38000,0,0,0,40000,2000,38000,38000
2911,麗嬰房          ,56000,18000,38000,0,0,0,0,0,0,0,0,0,0,0,0,0,38000
054263,聯茂元大96購02  ,0,0,0,0,0,0,0,0,0,37000,0,0,0,89000,52000,37000,37000
056911,緯穎元大99購01  ,0,0,0,0,0,0,0,0,0,37000,0,0,0,37000,0,37000,37000
055211,A50反1凱基9A購01,0,0,0,0,0,0,0,0,0,37000,0,0,0,37000,0,37000,37000
058887,元石油元大9C購04,0,0,0,0,0,0,0,0,0,37000,0,0,0,37000,0,37000,37000
058843,元油2X群益9C購02,0,0,0,0,0,0,0,0,0,37000,0,0,0,37000,0,37000,37000
049629,臺股指群益94購02,0,0,0,0,0,0,0,0,0,37000,0,0,0,84000,47000,37000,37000
049612,香港反中信96購01,0,0,0,0,0,0,0,0,0,37000,0,0,0,41000,4000,37000,37000
04415P,牧德元富94售05  ,0,0,0,0,0,0,0,0,0,37000,0,0,0,38000,1000,37000,37000
6108,競國            ,212000,171000,41000,0,0,0,0,0,0,-4000,0,4000,-4000,0,0,0,37000
06980P,緯穎永豐99售02  ,0,0,0,0,0,0,0,0,0,37000,0,0,0,37000,0,37000,37000
07022P,嘉晶永豐99售02  ,0,0,0,0,0,0,0,0,0,37000,0,0,0,47000,10000,37000,37000
07113P,台積電兆豐99售03,0,0,0,0,0,0,0,0,0,37000,0,0,0,1164000,1127000,37000,37000
2107,厚生            ,219000,159000,60000,0,0,0,0,23000,-23000,0,0,0,0,0,0,0,37000
2429,銘旺科          ,55000,18000,37000,0,0,0,0,0,0,0,0,0,0,0,0,0,37000
058617,南電元大99購01  ,0,0,0,0,0,0,0,0,0,36000,0,0,0,36000,0,36000,36000
055965,泰鼎元大97購03  ,0,0,0,0,0,0,0,0,0,36000,0,0,0,36000,0,36000,36000
056987,南茂群益98購01  ,0,0,0,0,0,0,0,0,0,36000,0,0,0,70000,34000,36000,36000
06648P,華邦電元大98售03,0,0,0,0,0,0,0,0,0,36000,0,0,0,89000,53000,36000,36000
04428P,台光電元大94售02,0,0,0,0,0,0,0,0,0,36000,0,0,0,36000,0,36000,36000
04463P,可成元富94售03  ,0,0,0,0,0,0,0,0,0,36000,0,0,0,46000,10000,36000,36000
048637,鴻海元大96購01  ,0,0,0,0,0,0,0,0,0,36000,0,0,0,36000,0,36000,36000
05189P,新光金凱基97售02,0,0,0,0,0,0,0,0,0,36000,0,0,0,36000,0,36000,36000
053378,台積電元大98購02,0,0,0,0,0,0,0,0,0,36000,0,0,0,36000,0,36000,36000
05026P,貿聯群益95售01  ,0,0,0,0,0,0,0,0,0,36000,0,0,0,36000,0,36000,36000
052083,S&P反1元大97購02,0,0,0,0,0,0,0,0,0,36000,0,0,0,56000,20000,36000,36000
2704,國賓            ,80000,44000,36000,0,0,0,0,0,0,0,0,0,0,0,0,0,36000
06778P,台積電元大99售06,0,0,0,0,0,0,0,0,0,36000,0,0,0,36000,0,36000,36000
05947P,大成鋼元大96售03,0,0,0,0,0,0,0,0,0,36000,0,0,0,36000,0,36000,36000
4106,雃博            ,84000,48000,36000,0,0,0,0,0,0,0,0,0,0,0,0,0,36000
05923P,旺宏元富96售05  ,0,0,0,0,0,0,0,0,0,35000,0,0,0,35000,0,35000,35000
059079,SGBR2X元大99購01,0,0,0,0,0,0,0,0,0,35000,0,0,0,35000,0,35000,35000
058088,鴻海元大9A購01  ,0,0,0,0,0,0,0,0,0,35000,0,0,0,40000,5000,35000,35000
058350,T50正2凱基9B購01,0,0,0,0,0,0,0,0,0,35000,0,0,0,35000,0,35000,35000
054952,大毅元大97購02  ,0,0,0,0,0,0,0,0,0,35000,0,0,0,40000,5000,35000,35000
055378,晶相光元大97購02,0,0,0,0,0,0,0,0,0,35000,0,0,0,35000,0,35000,35000
054335,緯穎永豐96購02  ,0,0,0,0,0,0,0,0,0,35000,0,0,0,35000,0,35000,35000
058614,台郡元大9A購01  ,0,0,0,0,0,0,0,0,0,35000,0,0,0,182000,147000,35000,35000
058660,樺漢中信9A購01  ,0,0,0,0,0,0,0,0,0,35000,0,0,0,35000,0,35000,35000
052884,台積電兆豐96購01,0,0,0,0,0,0,0,0,0,35000,0,0,0,45000,10000,35000,35000
058933,FBVIX台新9B購01 ,0,0,0,0,0,0,0,0,0,35000,0,0,0,70000,35000,35000,35000
058840,T50反1群益99購02,0,0,0,0,0,0,0,0,0,35000,0,0,0,35000,0,35000,35000
051876,宏達電國票96購01,0,0,0,0,0,0,0,0,0,35000,0,0,0,35000,0,35000,35000
046145,矽力元富95購01  ,0,0,0,0,0,0,0,0,0,35000,0,0,0,35000,0,35000,35000
047990,臺指反元大96購02,0,0,0,0,0,0,0,0,0,35000,0,0,0,35000,0,35000,35000
046961,大立光中信95購02,0,0,0,0,0,0,0,0,0,35000,0,0,0,35000,0,35000,35000
04281P,旺宏永豐93售05  ,0,0,0,0,0,0,0,0,0,35000,0,0,0,35000,0,35000,35000
035277,景碩台新97購01  ,0,0,0,0,0,0,0,0,0,35000,0,0,0,35000,0,35000,35000
03428P,台積電元大02售28,0,0,0,0,0,0,0,0,0,35000,0,0,0,35000,0,35000,35000
03434B,臺股指元大99熊10,0,0,0,0,0,0,0,0,0,35000,0,0,0,290000,255000,35000,35000
3041,揚智            ,815000,780000,35000,0,0,0,0,0,0,0,0,0,0,0,0,0,35000
06127P,泰碩元富97售01  ,0,0,0,0,0,0,0,0,0,35000,0,0,0,35000,0,35000,35000
06323P,台郡統一97售01  ,0,0,0,0,0,0,0,0,0,35000,0,0,0,35000,0,35000,35000
06339P,上銀統一97售06  ,0,0,0,0,0,0,0,0,0,35000,0,0,0,35000,0,35000,35000
06189P,華新科永豐97售03,0,0,0,0,0,0,0,0,0,35000,0,0,0,40000,5000,35000,35000
06952P,大立光統一9A售03,0,0,0,0,0,0,0,0,0,35000,0,0,0,35000,0,35000,35000
06954P,大立光元富99售01,0,0,0,0,0,0,0,0,0,35000,0,0,0,41000,6000,35000,35000
07076P,鴻海凱基9A售08  ,0,0,0,0,0,0,0,0,0,35000,0,0,0,35000,0,35000,35000
2029,盛餘            ,56000,17000,39000,0,0,0,0,0,0,-4000,0,4000,-4000,0,0,0,35000
8462,柏文            ,92000,57000,35000,0,0,0,0,932,-932,0,0,0,0,0,0,0,34068
056485,同欣電元大98購01,0,0,0,0,0,0,0,0,0,34000,0,0,0,34000,0,34000,34000
056912,臺股指元大99購04,0,0,0,0,0,0,0,0,0,34000,0,0,0,34000,0,34000,34000
056579,麗豐元大99購01  ,0,0,0,0,0,0,0,0,0,34000,0,0,0,40000,6000,34000,34000
06618P,智邦元大98售04  ,0,0,0,0,0,0,0,0,0,34000,0,0,0,245000,211000,34000,34000
035276,南亞科台新97購01,0,0,0,0,0,0,0,0,0,34000,0,0,0,59000,25000,34000,34000
052687,國泰金元大96購03,0,0,0,0,0,0,0,0,0,34000,0,0,0,214000,180000,34000,34000
05316P,台積電永昌96售06,0,0,0,0,0,0,0,0,0,34000,0,0,0,44000,10000,34000,34000
05022P,智易凱基95售01  ,0,0,0,0,0,0,0,0,0,34000,0,0,0,50000,16000,34000,34000
052674,智邦國泰98購01  ,0,0,0,0,0,0,0,0,0,34000,0,0,0,34000,0,34000,34000
06844P,智邦元大98售13  ,0,0,0,0,0,0,0,0,0,34000,0,0,0,36000,2000,34000,34000
06857P,超眾永豐98售02  ,0,0,0,0,0,0,0,0,0,34000,0,0,0,110000,76000,34000,34000
06219P,國巨元富97售05  ,0,0,0,0,0,0,0,0,0,34000,0,0,0,34000,0,34000,34000
05917P,宏達電元大96售02,0,0,0,0,0,0,0,0,0,33000,0,0,0,33000,0,33000,33000
059283,康友永豐99購02  ,0,0,0,0,0,0,0,0,0,33000,0,0,0,33000,0,33000,33000
059049,元油2X凱基9A購12,0,0,0,0,0,0,0,0,0,33000,0,0,0,33000,0,33000,33000
058428,大立光元富99購02,0,0,0,0,0,0,0,0,0,33000,0,0,0,33000,0,33000,33000
057741,超眾富邦98購01  ,0,0,0,0,0,0,0,0,0,33000,0,0,0,375000,342000,33000,33000
057773,技嘉群益9A購02  ,0,0,0,0,0,0,0,0,0,33000,0,0,0,33000,0,33000,33000
05689P,滬深2X中信97售02,0,0,0,0,0,0,0,0,0,33000,0,0,0,33000,0,33000,33000
057518,世紀鋼元富98購01,0,0,0,0,0,0,0,0,0,33000,0,0,0,85000,52000,33000,33000
054798,超眾群益97購01  ,0,0,0,0,0,0,0,0,0,33000,0,0,0,33000,0,33000,33000
051578,智邦元大96購01  ,0,0,0,0,0,0,0,0,0,33000,0,0,0,139000,106000,33000,33000
059202,禾聯碩永豐99購01,0,0,0,0,0,0,0,0,0,33000,0,0,0,33000,0,33000,33000
07142P,台灣50元大01售01,0,0,0,0,0,0,0,0,0,33000,0,0,0,52000,19000,33000,33000
1109,信大            ,98000,70000,28000,0,0,0,0,7000,-7000,12000,12000,0,12000,0,0,0,33000
1528,恩德            ,49000,15000,34000,0,0,0,0,0,0,-1000,0,1000,-1000,0,0,0,33000
1540,喬福            ,49000,17000,32000,0,0,0,0,0,0,1000,1000,0,1000,0,0,0,33000
3454,晶睿            ,80000,45000,35000,0,0,0,0,1000,-1000,-1000,0,1000,-1000,0,0,0,33000
4148,全宇生技-KY     ,40000,7000,33000,0,0,0,0,0,0,0,0,0,0,0,0,0,33000
054957,興富發元大97購01,0,0,0,0,0,0,0,0,0,32000,0,0,0,32000,0,32000,32000
055955,微星元大97購01  ,0,0,0,0,0,0,0,0,0,32000,0,0,0,92000,60000,32000,32000
054979,南港元富97購01  ,0,0,0,0,0,0,0,0,0,32000,0,0,0,32000,0,32000,32000
056424,泰碩統一98購01  ,0,0,0,0,0,0,0,0,0,32000,0,0,0,32000,0,32000,32000
054071,泰鼎國泰97購02  ,0,0,0,0,0,0,0,0,0,32000,0,0,0,37000,5000,32000,32000
059098,元油2X統一9B購03,10000,0,10000,0,0,0,0,0,0,22000,0,0,0,32000,10000,22000,32000
053905,華新科凱基96購10,0,0,0,0,0,0,0,0,0,32000,0,0,0,82000,50000,32000,32000
050500,台積電凱基94購36,0,0,0,0,0,0,0,0,0,32000,0,0,0,42000,10000,32000,32000
04437P,滬深2X群益98售03,0,0,0,0,0,0,0,0,0,32000,0,0,0,32000,0,32000,32000
04727P,臺股指凱基96售03,0,0,0,0,0,0,0,0,0,32000,0,0,0,32000,0,32000,32000
04871P,力成元富94售02  ,0,0,0,0,0,0,0,0,0,32000,0,0,0,40000,8000,32000,32000
051946,健策統一98購01  ,0,0,0,0,0,0,0,0,0,32000,0,0,0,32000,0,32000,32000
8104,錸寶            ,56000,24000,32000,0,0,0,0,0,0,0,0,0,0,0,0,0,32000
2009,第一銅          ,41000,8000,33000,0,0,0,0,0,0,-1000,0,1000,-1000,0,0,0,32000
05773P,臺股指凱基99售03,0,0,0,0,0,0,0,0,0,31000,0,0,0,31000,0,31000,31000
05794P,華邦電群益96售04,0,0,0,0,0,0,0,0,0,31000,0,0,0,31000,0,31000,31000
055070,聯茂永豐97購01  ,0,0,0,0,0,0,0,0,0,31000,0,0,0,31000,0,31000,31000
058471,台積電日盛9C購01,0,0,0,0,0,0,0,0,0,31000,0,0,0,41000,10000,31000,31000
054887,大毅統一98購01  ,0,0,0,0,0,0,0,0,0,31000,0,0,0,31000,0,31000,31000
057645,華新科元大99購11,0,0,0,0,0,0,0,0,0,31000,0,0,0,31000,0,31000,31000
057171,台光電元大9B購01,0,0,0,0,0,0,0,0,0,31000,0,0,0,31000,0,31000,31000
053323,群創群益98購07  ,0,0,0,0,0,0,0,0,0,31000,0,0,0,31000,0,31000,31000
04814P,健策元大96售01  ,0,0,0,0,0,0,0,0,0,31000,0,0,0,51000,20000,31000,31000
00713,元大台灣高息低波,30000,1000,29000,0,0,0,0,0,0,2000,0,0,0,68000,66000,2000,31000
052483,超眾群益95購03  ,0,0,0,0,0,0,0,0,0,31000,0,0,0,31000,0,31000,31000
2405,浩鑫            ,359000,328000,31000,0,0,0,0,0,0,0,0,0,0,0,0,0,31000
06969P,上銀元大99售02  ,0,0,0,0,0,0,0,0,0,31000,0,0,0,48000,17000,31000,31000
06473P,鴻海元大99售03  ,0,0,0,0,0,0,0,0,0,31000,0,0,0,60000,29000,31000,31000
6197,佳必琪          ,125000,94000,31000,0,0,0,0,0,0,0,0,0,0,0,0,0,31000
9930,中聯資源        ,50000,19000,31000,0,0,0,0,0,0,0,0,0,0,0,0,0,31000
057182,禾伸堂元大99購02,0,0,0,0,0,0,0,0,0,30000,0,0,0,30000,0,30000,30000
057363,華通元大99購02  ,0,0,0,0,0,0,0,0,0,30000,0,0,0,30000,0,30000,30000
056353,鴻海元大99購02  ,0,0,0,0,0,0,0,0,0,30000,0,0,0,31000,1000,30000,30000
05853P,欣興群益96售05  ,0,0,0,0,0,0,0,0,0,30000,0,0,0,30000,0,30000,30000
054404,新日興康和96購01,0,0,0,0,0,0,0,0,0,30000,0,0,0,30000,0,30000,30000
056110,嘉聯益永豐97購02,0,0,0,0,0,0,0,0,0,30000,0,0,0,30000,0,30000,30000
058496,文曄群益99購01  ,0,0,0,0,0,0,0,0,0,30000,0,0,0,30000,0,30000,30000
057503,世紀鋼群益98購02,0,0,0,0,0,0,0,0,0,30000,0,0,0,30000,0,30000,30000
057529,嘉晶元大99購02  ,0,0,0,0,0,0,0,0,0,30000,0,0,0,40000,10000,30000,30000
058619,台灣50國票99購04,0,0,0,0,0,0,0,0,0,30000,0,0,0,32000,2000,30000,30000
055153,台光電元大98購02,0,0,0,0,0,0,0,0,0,30000,0,0,0,30000,0,30000,30000
056490,台積電國泰99購01,0,0,0,0,0,0,0,0,0,30000,0,0,0,30000,0,30000,30000
057955,技嘉元大98購07  ,0,0,0,0,0,0,0,0,0,30000,0,0,0,30000,0,30000,30000
058449,台積電永豐99購01,0,0,0,0,0,0,0,0,0,30000,0,0,0,30000,0,30000,30000
058330,鴻海元富99購01  ,0,0,0,0,0,0,0,0,0,30000,0,0,0,30000,0,30000,30000
057777,可成群益9A購03  ,0,0,0,0,0,0,0,0,0,30000,0,0,0,30000,0,30000,30000
057768,華新科中信9A購01,0,0,0,0,0,0,0,0,0,30000,0,0,0,30000,0,30000,30000
058095,昇陽半元大98購03,0,0,0,0,0,0,0,0,0,30000,0,0,0,80000,50000,30000,30000
055735,宏達電元富98購01,0,0,0,0,0,0,0,0,0,30000,0,0,0,30000,0,30000,30000
055545,國巨凱基97購06  ,0,0,0,0,0,0,0,0,0,30000,0,0,0,30000,0,30000,30000
05675P,美律群益97售01  ,0,0,0,0,0,0,0,0,0,30000,0,0,0,30000,0,30000,30000
056649,智易凱基98購01  ,0,0,0,0,0,0,0,0,0,30000,0,0,0,30000,0,30000,30000
056668,光磊國票99購01  ,0,0,0,0,0,0,0,0,0,30000,0,0,0,30000,0,30000,30000
059091,中信金元大99購01,0,0,0,0,0,0,0,0,0,30000,0,0,0,30000,0,30000,30000
06725P,聯電元富98售01  ,0,0,0,0,0,0,0,0,0,30000,0,0,0,30000,0,30000,30000
058871,元油2X國票9A購06,0,0,0,0,0,0,0,0,0,30000,0,0,0,30000,0,30000,30000
05885P,牧德統一96售01  ,0,0,0,0,0,0,0,0,0,30000,0,0,0,30000,0,30000,30000
058892,元油2X元大9C購08,0,0,0,0,0,0,0,0,0,30000,0,0,0,30000,0,30000,30000
052417,聯發科兆豐9B購01,0,0,0,0,0,0,0,0,0,30000,0,0,0,30000,0,30000,30000
052919,鈺齊富邦98購01  ,0,0,0,0,0,0,0,0,0,30000,0,0,0,30000,0,30000,30000
05089P,亞德客元大95售01,0,0,0,0,0,0,0,0,0,30000,0,0,0,30000,0,30000,30000
053559,台積電國泰98購01,0,0,0,0,0,0,0,0,0,30000,0,0,0,30000,0,30000,30000
053561,玉晶光國泰98購01,0,0,0,0,0,0,0,0,0,30000,0,0,0,30000,0,30000,30000
053825,南電群益96購02  ,0,0,0,0,0,0,0,0,0,30000,0,0,0,30000,0,30000,30000
05261P,鴻海元大95售20  ,0,0,0,0,0,0,0,0,0,30000,0,0,0,480000,450000,30000,30000
051542,南茂國票96購01  ,0,0,0,0,0,0,0,0,0,30000,0,0,0,30000,0,30000,30000
051596,超眾元大95購05  ,0,0,0,0,0,0,0,0,0,30000,0,0,0,30000,0,30000,30000
050915,健策中信98購01  ,0,0,0,0,0,0,0,0,0,30000,0,0,0,30000,0,30000,30000
05105P,大立光台新95售02,0,0,0,0,0,0,0,0,0,30000,0,0,0,30000,0,30000,30000
052201,超眾統一96購01  ,0,0,0,0,0,0,0,0,0,30000,0,0,0,30000,0,30000,30000
042918,矽格元大94購01  ,0,0,0,0,0,0,0,0,0,30000,0,0,0,30000,0,30000,30000
043961,道瓊反國泰94購01,0,0,0,0,0,0,0,0,0,30000,0,0,0,30000,0,30000,30000
04314P,聯茂元富93售01  ,0,0,0,0,0,0,0,0,0,30000,0,0,0,30000,0,30000,30000
045055,聯發科元富98購03,0,0,0,0,0,0,0,0,0,30000,0,0,0,30000,0,30000,30000
04252P,台達電元富93售02,0,0,0,0,0,0,0,0,0,30000,0,0,0,30000,0,30000,30000
049615,香港2X群益98購01,0,0,0,0,0,0,0,0,0,30000,0,0,0,30000,0,30000,30000
049212,T50反1國票94購04,0,0,0,0,0,0,0,0,0,30000,0,0,0,30000,0,30000,30000
04936P,大立光中信95售03,0,0,0,0,0,0,0,0,0,30000,0,0,0,30000,0,30000,30000
04821P,臺股指永豐94售01,0,0,0,0,0,0,0,0,0,30000,0,0,0,30000,0,30000,30000
04724P,可成凱基94售08  ,0,0,0,0,0,0,0,0,0,30000,0,0,0,30000,0,30000,30000
047161,世紀鋼國票94購01,0,0,0,0,0,0,0,0,0,30000,0,0,0,30000,0,30000,30000
048628,T50反1元大96購03,0,0,0,0,0,0,0,0,0,30000,0,0,0,30000,0,30000,30000
053287,臺股指元大96購15,0,0,0,0,0,0,0,0,0,30000,0,0,0,30000,0,30000,30000
053511,鴻海群益96購04  ,0,0,0,0,0,0,0,0,0,30000,0,0,0,80000,50000,30000,30000
045836,群創群益98購01  ,0,0,0,0,0,0,0,0,0,30000,0,0,0,190000,160000,30000,30000
046866,台積電統一94購03,0,0,0,0,0,0,0,0,0,30000,0,0,0,30000,0,30000,30000
6605,帝寶            ,67000,36000,31000,0,0,0,0,1000,-1000,0,0,0,0,0,0,0,30000
3591,艾笛森          ,100000,70000,30000,0,0,0,0,0,0,0,0,0,0,0,0,0,30000
3058,立德            ,40000,9000,31000,0,0,0,0,0,0,-1000,0,1000,-1000,0,0,0,30000
06492P,上銀永豐98售01  ,0,0,0,0,0,0,0,0,0,30000,0,0,0,30000,0,30000,30000
06848P,聯詠元大98售04  ,0,0,0,0,0,0,0,0,0,30000,0,0,0,30000,0,30000,30000
06851P,鈺齊元大98售01  ,0,0,0,0,0,0,0,0,0,30000,0,0,0,30000,0,30000,30000
06950P,鴻海統一9B售02  ,0,0,0,0,0,0,0,0,0,30000,0,0,0,30000,0,30000,30000
059184,晶技台新99購01  ,0,0,0,0,0,0,0,0,0,30000,0,0,0,30000,0,30000,30000
05992P,華通元大96售05  ,0,0,0,0,0,0,0,0,0,30000,0,0,0,30000,0,30000,30000
1410,南染            ,33000,3000,30000,0,0,0,0,0,0,0,0,0,0,0,0,0,30000
1231,聯華食          ,80000,50000,30000,0,0,0,0,0,0,0,0,0,0,0,0,0,30000
2501,國建            ,390000,333000,57000,0,0,0,0,5218,-5218,-22000,0,22000,-22000,0,0,0,29782
054589,聯鈞國泰99購01  ,0,0,0,0,0,0,0,0,0,29000,0,0,0,29000,0,29000,29000
055351,聯發科凱基97購03,0,0,0,0,0,0,0,0,0,29000,0,0,0,60000,31000,29000,29000
05720P,可成中信98售01  ,0,0,0,0,0,0,0,0,0,29000,0,0,0,34000,5000,29000,29000
038095,T50反1群益93購02,0,0,0,0,0,0,0,0,0,29000,0,0,0,120000,91000,29000,29000
042928,台積電中信95購01,0,0,0,0,0,0,0,0,0,29000,0,0,0,49000,20000,29000,29000
05263P,台積電元大96售09,0,0,0,0,0,0,0,0,0,29000,0,0,0,43000,14000,29000,29000
053708,道瓊反凱基98購01,0,0,0,0,0,0,0,0,0,29000,0,0,0,29000,0,29000,29000
058951,南電群益99購01  ,0,0,0,0,0,0,0,0,0,29000,0,0,0,29000,0,29000,29000
06013P,世芯國泰97售03  ,0,0,0,0,0,0,0,0,0,29000,0,0,0,143000,114000,29000,29000
06997P,台灣50中信03售01,0,0,0,0,0,0,0,0,0,29000,0,0,0,29000,0,29000,29000
07162P,臺股指群益99售13,0,0,0,0,0,0,0,0,0,29000,0,0,0,30000,1000,29000,29000
4306,炎洲            ,165000,136000,29000,0,0,0,0,0,0,0,0,0,0,0,0,0,29000
5225,東科-KY         ,263000,234000,29000,0,0,0,0,0,0,0,0,0,0,0,0,0,29000
6666,羅麗芬-KY       ,37000,7900,29100,0,0,0,0,0,0,-1000,0,1000,-1000,0,0,0,28100
05620P,大立光富邦9B售01,0,0,0,0,0,0,0,0,0,28000,0,0,0,139000,111000,28000,28000
06661P,玉晶光永豐98售05,0,0,0,0,0,0,0,0,0,28000,0,0,0,28000,0,28000,28000
058311,緯穎元大99購05  ,0,0,0,0,0,0,0,0,0,28000,0,0,0,28000,0,28000,28000
053071,南電群益96購01  ,0,0,0,0,0,0,0,0,0,28000,0,0,0,28000,0,28000,28000
053787,健策元大97購02  ,0,0,0,0,0,0,0,0,0,28000,0,0,0,28000,0,28000,28000
05102P,臺股指凱基96售09,0,0,0,0,0,0,0,0,0,28000,0,0,0,28000,0,28000,28000
04399P,樺漢群益94售01  ,0,0,0,0,0,0,0,0,0,28000,0,0,0,30000,2000,28000,28000
04416P,牧德元富94售06  ,0,0,0,0,0,0,0,0,0,28000,0,0,0,30000,2000,28000,28000
051633,可成國票96購03  ,0,0,0,0,0,0,0,0,0,28000,0,0,0,28000,0,28000,28000
06967P,台郡台新99售02  ,0,0,0,0,0,0,0,0,0,28000,0,0,0,48000,20000,28000,28000
07046P,大立光富邦9C售03,0,0,0,0,0,0,0,0,0,28000,0,0,0,90000,62000,28000,28000
08484P,台灣50中信96售01,0,0,0,0,0,0,0,0,0,28000,0,0,0,28000,0,28000,28000
055662,上銀中信99購01  ,0,0,0,0,0,0,0,0,0,27000,0,0,0,27000,0,27000,27000
059037,宏達電群益99購02,0,0,0,0,0,0,0,0,0,27000,0,0,0,30000,3000,27000,27000
056356,台積電元大99購01,0,0,0,0,0,0,0,0,0,27000,0,0,0,27000,0,27000,27000
057210,T50反1群益98購01,0,0,0,0,0,0,0,0,0,27000,0,0,0,27000,0,27000,27000
057279,國揚元大98購01  ,0,0,0,0,0,0,0,0,0,27000,0,0,0,27000,0,27000,27000
046628,大立光統一98購01,0,0,0,0,0,0,0,0,0,27000,0,0,0,27000,0,27000,27000
04176P,台達電元大94售01,0,0,0,0,0,0,0,0,0,27000,0,0,0,27000,0,27000,27000
052282,宏達電凱基95購05,0,0,0,0,0,0,0,0,0,27000,0,0,0,27000,0,27000,27000
04995P,台達電凱基96售03,0,0,0,0,0,0,0,0,0,27000,0,0,0,130000,103000,27000,27000
05294P,亞光凱基95售02  ,0,0,0,0,0,0,0,0,0,27000,0,0,0,47000,20000,27000,27000
058967,可成麥證99購01  ,0,0,0,27000,0,27000,0,0,0,27000,0,0,0,27000,0,27000,27000
06928P,鴻海元大99售10  ,0,0,0,0,0,0,0,0,0,27000,0,0,0,29000,2000,27000,27000
06495P,華新科亞東9A售01,0,0,0,0,0,0,0,0,0,27000,0,0,0,27000,0,27000,27000
3025,星通            ,74000,45000,29000,0,0,0,0,0,0,-2000,0,2000,-2000,0,0,0,27000
054822,祥碩元大97購01  ,0,0,0,0,0,0,0,0,0,26000,0,0,0,26000,0,26000,26000
06734P,智邦凱基98售05  ,0,0,0,0,0,0,0,0,0,26000,0,0,0,26000,0,26000,26000
06538P,國巨凱基98售11  ,0,0,0,0,0,0,0,0,0,26000,0,0,0,26000,0,26000,26000
058420,聯發科麥證99購03,0,0,0,19000,10000,9000,0,0,0,26000,0,0,0,36000,10000,26000,26000
052713,智邦凱基96購01  ,0,0,0,0,0,0,0,0,0,26000,0,0,0,26000,0,26000,26000
052053,泰鼎凱基96購01  ,0,0,0,0,0,0,0,0,0,26000,0,0,0,27000,1000,26000,26000
050979,鴻海元富96購02  ,0,0,0,0,0,0,0,0,0,26000,0,0,0,26000,0,26000,26000
03831P,臺股指中信95售02,0,0,0,0,0,0,0,0,0,26000,0,0,0,26000,0,26000,26000
03417B,臺股指凱基95熊19,0,0,0,0,0,0,0,0,0,26000,0,0,0,30000,4000,26000,26000
6224,聚鼎            ,86000,57000,29000,0,0,0,0,1000,-1000,-2000,0,2000,-2000,0,0,0,26000
8499,鼎炫-KY         ,33000,7000,26000,0,0,0,0,0,0,0,0,0,0,0,0,0,26000
07089P,臺指2X中信01售01,0,0,0,0,0,0,0,0,0,26000,0,0,0,97000,71000,26000,26000
08609P,世紀鋼永豐9C售03,0,0,0,0,0,0,0,0,0,26000,0,0,0,26000,0,26000,26000
2069,運錩            ,48000,21000,27000,0,0,0,0,0,0,-1000,0,1000,-1000,0,0,0,26000
2239,英利-KY         ,34000,8000,26000,0,0,0,0,0,0,0,0,0,0,0,0,0,26000
058321,大立光永豐99購01,0,0,0,0,0,0,0,0,0,25000,0,0,0,25000,0,25000,25000
055715,智邦元大97購04  ,0,0,0,0,0,0,0,0,0,25000,0,0,0,31000,6000,25000,25000
056769,國產元大98購01  ,0,0,0,0,0,0,0,0,0,25000,0,0,0,35000,10000,25000,25000
06527P,T50正2富邦9C售01,0,0,0,0,0,0,0,0,0,25000,0,0,0,25000,0,25000,25000
059348,日月光凱基99購01,0,0,0,0,0,0,0,0,0,25000,0,0,0,200000,175000,25000,25000
057300,訊連永豐98購01  ,0,0,0,0,0,0,0,0,0,25000,0,0,0,25000,0,25000,25000
057665,技嘉元大99購01  ,0,0,0,0,0,0,0,0,0,25000,0,0,0,30000,5000,25000,25000
05658P,日月光元富96售02,0,0,0,0,0,0,0,0,0,25000,0,0,0,25000,0,25000,25000
055827,中石化元大98購01,0,0,0,0,0,0,0,0,0,25000,0,0,0,25000,0,25000,25000
049761,亞德客國泰95購03,0,0,0,0,0,0,0,0,0,25000,0,0,0,25000,0,25000,25000
04564P,大立光凱基94售06,0,0,0,0,0,0,0,0,0,25000,0,0,0,25000,0,25000,25000
051729,華新國票96購01  ,0,0,0,0,0,0,0,0,0,25000,0,0,0,25000,0,25000,25000
048187,臺指反元大96購04,0,0,0,0,0,0,0,0,0,25000,0,0,0,25000,0,25000,25000
051389,台達電兆豐95購01,0,0,0,0,0,0,0,0,0,25000,0,0,0,25000,0,25000,25000
058812,台積電統一9B購06,0,0,0,0,0,0,0,0,0,25000,0,0,0,25000,0,25000,25000
2228,劍麟            ,168000,135000,33000,0,0,0,0,8000,-8000,0,0,0,0,0,0,0,25000
2302,麗正            ,25000,0,25000,0,0,0,0,0,0,0,0,0,0,0,0,0,25000
2528,皇普            ,54000,25000,29000,0,0,0,0,0,0,-4000,2000,6000,-4000,0,0,0,25000
08679P,台灣50元大01售15,0,0,0,0,0,0,0,0,0,25000,0,0,0,25000,0,25000,25000
06461P,玉晶光國泰9A售01,0,0,0,0,0,0,0,0,0,25000,0,0,0,25000,0,25000,25000
06846P,美律元大98售05  ,0,0,0,0,0,0,0,0,0,25000,0,0,0,30000,5000,25000,25000
06880P,鈺齊凱基98售03  ,0,0,0,0,0,0,0,0,0,25000,0,0,0,25000,0,25000,25000
06447P,上銀元大98售01  ,0,0,0,0,0,0,0,0,0,25000,0,0,0,25000,0,25000,25000
6128,上福            ,41000,16000,25000,0,0,0,0,0,0,0,0,0,0,0,0,0,25000
055980,祥碩統一98購01  ,0,0,0,0,0,0,0,0,0,24000,0,0,0,24000,0,24000,24000
054353,世紀鋼國泰98購01,0,0,0,0,0,0,0,0,0,24000,0,0,0,24000,0,24000,24000
057480,技嘉元大98購03  ,0,0,0,0,0,0,0,0,0,24000,0,0,0,30000,6000,24000,24000
06611P,祥碩國票98售01  ,0,0,0,0,0,0,0,0,0,24000,0,0,0,30000,6000,24000,24000
054563,泰碩群益99購01  ,0,0,0,0,0,0,0,0,0,24000,0,0,0,24000,0,24000,24000
055524,鴻海群益98購01  ,0,0,0,0,0,0,0,0,0,24000,0,0,0,24000,0,24000,24000
055515,聚陽中信9A購01  ,0,0,0,0,0,0,0,0,0,24000,0,0,0,74000,50000,24000,24000
056644,宏達電凱基98購04,0,0,0,0,0,0,0,0,0,24000,0,0,0,24000,0,24000,24000
058046,國巨元大9A購01  ,0,0,0,0,0,0,0,0,0,24000,0,0,0,30000,6000,24000,24000
053120,復盛中信9A購01  ,0,0,0,0,0,0,0,0,0,24000,0,0,0,24000,0,24000,24000
051020,健策凱基96購02  ,0,0,0,0,0,0,0,0,0,24000,0,0,0,24000,0,24000,24000
053761,健策國泰98購01  ,0,0,0,0,0,0,0,0,0,24000,0,0,0,24000,0,24000,24000
050597,聯電麥證94購01  ,0,0,0,28000,4000,24000,0,0,0,24000,0,0,0,28000,4000,24000,24000
04598P,光罩凱基94售03  ,0,0,0,0,0,0,0,0,0,24000,0,0,0,24000,0,24000,24000
051855,道瓊反凱基97購01,0,0,0,0,0,0,0,0,0,24000,0,0,0,544000,520000,24000,24000
5525,順天            ,37000,13000,24000,0,0,0,0,0,0,0,0,0,0,0,0,0,24000
3014,聯陽            ,600000,511000,89000,0,0,0,0,8000,-8000,-57000,0,63000,-63000,7000,1000,6000,24000
8011,台通            ,135000,108000,27000,0,0,0,0,0,0,-3000,0,3000,-3000,0,0,0,24000
06245P,健策元富97售03  ,0,0,0,0,0,0,0,0,0,24000,0,0,0,25000,1000,24000,24000
06780P,義隆元大98售02  ,0,0,0,0,0,0,0,0,0,24000,0,0,0,24000,0,24000,24000
2471,資通            ,36000,12000,24000,0,0,0,0,0,0,0,0,0,0,0,0,0,24000
05573P,仁寶元富96售02  ,0,0,0,0,0,0,0,0,0,23000,0,0,0,29000,6000,23000,23000
056895,技嘉元大98購01  ,0,0,0,0,0,0,0,0,0,23000,0,0,0,41000,18000,23000,23000
05453P,智邦群益95售03  ,0,0,0,0,0,0,0,0,0,23000,0,0,0,111000,88000,23000,23000
05539P,鎧勝永豐96售01  ,0,0,0,0,0,0,0,0,0,23000,0,0,0,27000,4000,23000,23000
057159,晶技永豐98購01  ,0,0,0,0,0,0,0,0,0,23000,0,0,0,23000,0,23000,23000
057674,台郡元大99購03  ,0,0,0,0,0,0,0,0,0,23000,0,0,0,29000,6000,23000,23000
05348P,美律元富98售01  ,0,0,0,0,0,0,0,0,0,23000,0,0,0,23000,0,23000,23000
04787P,台積電永昌96售04,0,0,0,0,0,0,0,0,0,23000,0,0,0,33000,10000,23000,23000
04779P,大立光凱基94售10,0,0,0,0,0,0,0,0,0,23000,0,0,0,23000,0,23000,23000
03564P,為升群益02售02  ,0,0,0,0,0,0,0,0,0,23000,0,0,0,23000,0,23000,23000
053081,上銀元大97購02  ,0,0,0,0,0,0,0,0,0,23000,0,0,0,23000,0,23000,23000
058851,大立光群益99購07,0,0,0,0,0,0,0,0,0,23000,0,0,0,23000,0,23000,23000
1533,車王電          ,44000,21000,23000,0,0,0,0,0,0,0,0,0,0,0,0,0,23000
06309P,光罩元富97售03  ,0,0,0,0,0,0,0,0,0,23000,0,0,0,23000,0,23000,23000
8033,雷虎            ,29000,6000,23000,0,0,0,0,0,0,0,0,0,0,0,0,0,23000
3052,夆典            ,485000,462000,23000,0,0,0,0,0,0,0,0,0,0,0,0,0,23000
5907,大洋-KY         ,103000,80000,23000,0,0,0,0,0,0,0,0,0,0,0,0,0,23000
9940,信義            ,99432,73000,26432,0,0,0,0,3590,-3590,0,0,0,0,0,0,0,22842
056986,超眾群益98購03  ,0,0,0,0,0,0,0,0,0,22000,0,0,0,22000,0,22000,22000
056341,宏達電凱基9A購01,0,0,0,0,0,0,0,0,0,22000,0,0,0,22000,0,22000,22000
057558,致新凱基98購01  ,0,0,0,0,0,0,0,0,0,22000,0,0,0,23000,1000,22000,22000
058538,智邦台新99購02  ,0,0,0,0,0,0,0,0,0,22000,0,0,0,560000,538000,22000,22000
057894,華通元富02購02  ,0,0,0,0,0,0,0,0,0,22000,0,0,0,22000,0,22000,22000
059119,華擎永豐99購02  ,0,0,0,0,0,0,0,0,0,22000,0,0,0,22000,0,22000,22000
058096,南電元大98購04  ,0,0,0,0,0,0,0,0,0,22000,0,0,0,22000,0,22000,22000
057957,嘉晶元大98購01  ,0,0,0,0,0,0,0,0,0,22000,0,0,0,22000,0,22000,22000
055018,緯穎元富97購02  ,0,0,0,0,0,0,0,0,0,22000,0,0,0,22000,0,22000,22000
058775,台積電國票9A購02,0,0,0,0,0,0,0,0,0,22000,0,0,0,22000,0,22000,22000
053163,上証2X群益9A購02,0,0,0,0,0,0,0,0,0,22000,0,0,0,32000,10000,22000,22000
052967,智邦群益96購01  ,0,0,0,0,0,0,0,0,0,22000,0,0,0,22000,0,22000,22000
050903,臺股指元大95購10,0,0,0,0,0,0,0,0,0,22000,0,0,0,22000,0,22000,22000
051225,台積電群益95購02,0,0,0,0,0,0,0,0,0,22000,0,0,0,22000,0,22000,22000
051250,大立光元大98購01,0,0,0,0,0,0,0,0,0,22000,0,0,0,22000,0,22000,22000
050957,T50反1台新05購01,0,0,0,0,0,0,0,0,0,22000,0,0,0,22000,0,22000,22000
053349,台郡國票97購02  ,0,0,0,0,0,0,0,0,0,22000,0,0,0,22000,0,22000,22000
04684P,欣興元大94售07  ,0,0,0,0,0,0,0,0,0,22000,0,0,0,22000,0,22000,22000
06743P,創意永豐98售03  ,0,0,0,0,0,0,0,0,0,22000,0,0,0,22000,0,22000,22000
07160P,台灣50中信03售04,0,0,0,0,0,0,0,0,0,22000,0,0,0,37000,15000,22000,22000
07073P,臺股指中信9B售02,0,0,0,0,0,0,0,0,0,22000,0,0,0,22000,0,22000,22000
2450,神腦            ,60000,37000,23000,0,0,0,0,0,0,-1000,0,1000,-1000,0,0,0,22000
2702,華園            ,66000,33000,33000,0,0,0,0,0,0,-11000,0,11000,-11000,0,0,0,22000
058007,南電群益98購02  ,0,0,0,0,0,0,0,0,0,21000,0,0,0,21000,0,21000,21000
058213,欣興群益99購01  ,0,0,0,0,0,0,0,0,0,21000,0,0,0,21000,0,21000,21000
056848,泰鼎元富98購01  ,0,0,0,0,0,0,0,0,0,21000,0,0,0,21000,0,21000,21000
05405P,大立光群益95售04,0,0,0,0,0,0,0,0,0,21000,0,0,0,21000,0,21000,21000
059048,元油2X凱基9A購11,0,0,0,0,0,0,0,0,0,21000,0,0,0,21000,0,21000,21000
05925P,晶技永豐96售03  ,0,0,0,0,0,0,0,0,0,21000,0,0,0,21000,0,21000,21000
056348,S&P反1元大9A購01,0,0,0,0,0,0,0,0,0,21000,0,0,0,23000,2000,21000,21000
055912,宏達電凱基98購03,0,0,0,0,0,0,0,0,0,21000,0,0,0,53000,32000,21000,21000
05770P,聯發科凱基96售16,0,0,0,0,0,0,0,0,0,21000,0,0,0,21000,0,21000,21000
05724P,致茂永豐96售01  ,0,0,0,0,0,0,0,0,0,21000,0,0,0,21000,0,21000,21000
051977,泰碩凱基95購01  ,0,0,0,0,0,0,0,0,0,21000,0,0,0,21000,0,21000,21000
047521,台積電元大94購03,0,0,0,0,0,0,0,0,0,21000,0,0,0,34000,13000,21000,21000
048177,臺指反富邦99購01,0,0,0,0,0,0,0,0,0,21000,0,0,0,21000,0,21000,21000
04881P,高股息凱基96售01,0,0,0,0,0,0,0,0,0,21000,0,0,0,21000,0,21000,21000
045479,T50反1中信95購01,0,0,0,0,0,0,0,0,0,21000,0,0,0,21000,0,21000,21000
049483,台積電元大94購12,0,0,0,0,0,0,0,0,0,21000,0,0,0,31000,10000,21000,21000
03425B,臺股指元大9A熊01,0,0,0,0,0,0,0,0,0,21000,0,0,0,27000,6000,21000,21000
03399P,欣興中信02售03  ,0,0,0,0,0,0,0,0,0,21000,0,0,0,21000,0,21000,21000
050982,台積電國泰96購04,0,0,0,0,0,0,0,0,0,21000,0,0,0,21000,0,21000,21000
053867,創意元大96購04  ,0,0,0,0,0,0,0,0,0,21000,0,0,0,21000,0,21000,21000
052731,宏達電國泰98購01,0,0,0,0,0,0,0,0,0,21000,0,0,0,21000,0,21000,21000
052809,訊芯元大97購01  ,0,0,0,0,0,0,0,0,0,21000,0,0,0,21000,0,21000,21000
058761,欣興群益99購02  ,0,0,0,0,0,0,0,0,0,21000,0,0,0,21000,0,21000,21000
05900P,臺股指凱基99售05,0,0,0,0,0,0,0,0,0,21000,0,0,0,21000,0,21000,21000
1417,嘉裕            ,33000,12000,21000,0,0,0,0,0,0,0,0,0,0,0,0,0,21000
06229P,欣興凱基97售07  ,0,0,0,0,0,0,0,0,0,21000,0,0,0,32000,11000,21000,21000
06010P,國泰金元富96售01,0,0,0,0,0,0,0,0,0,21000,0,0,0,21000,0,21000,21000
06076P,大立光凱基98售03,0,0,0,0,0,0,0,0,0,21000,0,0,0,41000,20000,21000,21000
06103P,漢唐凱基97售02  ,0,0,0,0,0,0,0,0,0,21000,0,0,0,35000,14000,21000,21000
057286,群創元大9B購05  ,0,0,0,0,0,0,0,0,0,20000,0,0,0,20000,0,20000,20000
057146,技嘉國票98購01  ,0,0,0,0,0,0,0,0,0,20000,0,0,0,20000,0,20000,20000
057012,康控中信98購01  ,0,0,0,0,0,0,0,0,0,20000,0,0,0,20000,0,20000,20000
057352,大立光統一9A購02,0,0,0,0,0,0,0,0,0,20000,0,0,0,20000,0,20000,20000
056565,欣興群益98購03  ,0,0,0,0,0,0,0,0,0,20000,0,0,0,20000,0,20000,20000
05583P,訊芯凱基96售01  ,0,0,0,0,0,0,0,0,0,20000,0,0,0,20000,0,20000,20000
05586P,臺股指凱基96售15,0,0,0,0,0,0,0,0,0,20000,0,0,0,20000,0,20000,20000
05659P,A50正2中信97售01,0,0,0,0,0,0,0,0,0,20000,0,0,0,20000,0,20000,20000
057639,國巨元大99購07  ,0,0,0,0,0,0,0,0,0,20000,0,0,0,20000,0,20000,20000
057636,上銀元大98購06  ,0,0,0,0,0,0,0,0,0,20000,0,0,0,20000,0,20000,20000
056388,勤誠國泰99購01  ,0,0,0,0,0,0,0,0,0,20000,0,0,0,20000,0,20000,20000
055774,台光電凱基97購02,0,0,0,0,0,0,0,0,0,20000,0,0,0,20000,0,20000,20000
056256,聯茂元富97購03  ,0,0,0,0,0,0,0,0,0,20000,0,0,0,20000,0,20000,20000
056060,宏達電元大99購01,0,0,0,0,0,0,0,0,0,20000,0,0,0,20000,0,20000,20000
05606P,TPK國票97售02   ,0,0,0,0,0,0,0,0,0,20000,0,0,0,20000,0,20000,20000
054761,台光電國票98購02,0,0,0,0,0,0,0,0,0,20000,0,0,0,20000,0,20000,20000
058541,T50反1富邦01購01,0,0,0,0,0,0,0,0,0,20000,0,0,0,20000,0,20000,20000
05591P,義隆群益96售03  ,0,0,0,0,0,0,0,0,0,20000,0,0,0,20000,0,20000,20000
05482P,鴻海凱基95售22  ,0,0,0,0,0,0,0,0,0,20000,0,0,0,20000,0,20000,20000
054859,鴻海群益97購02  ,0,0,0,0,0,0,0,0,0,20000,0,0,0,20000,0,20000,20000
054867,華航群益99購01  ,0,0,0,0,0,0,0,0,0,20000,0,0,0,20000,0,20000,20000
054959,禾伸堂元大98購01,0,0,0,0,0,0,0,0,0,20000,0,0,0,20000,0,20000,20000
054969,亞翔元大97購01  ,0,0,0,0,0,0,0,0,0,20000,0,0,0,20000,0,20000,20000
054413,台光電元大96購03,0,0,0,0,0,0,0,0,0,20000,0,0,0,20000,0,20000,20000
057481,技嘉元大98購04  ,0,0,0,0,0,0,0,0,0,20000,0,0,0,20000,0,20000,20000
058615,矽創元大99購01  ,0,0,0,0,0,0,0,0,0,20000,0,0,0,20000,0,20000,20000
057557,聯茂凱基99購04  ,0,0,0,0,0,0,0,0,0,20000,0,0,0,32000,12000,20000,20000
058479,亞光凱基9A購01  ,0,0,0,0,0,0,0,0,0,20000,0,0,0,20000,0,20000,20000
056478,晶技元大99購01  ,0,0,0,0,0,0,0,0,0,20000,0,0,0,20000,0,20000,20000
056457,嘉澤凱基98購01  ,0,0,0,0,0,0,0,0,0,20000,0,0,0,20000,0,20000,20000
055209,勤誠康和97購01  ,0,0,0,0,0,0,0,0,0,20000,0,0,0,20000,0,20000,20000
06620P,聯發科元大98售07,0,0,0,0,0,0,0,0,0,20000,0,0,0,20000,0,20000,20000
06546P,聯發科元大98售05,0,0,0,0,0,0,0,0,0,20000,0,0,0,20000,0,20000,20000
06667P,鴻海凱基98售11  ,0,0,0,0,0,0,0,0,0,20000,0,0,0,20000,0,20000,20000
059156,台灣50凱基01購03,0,0,0,0,0,0,0,0,0,20000,0,0,0,20000,0,20000,20000
059174,訊芯凱基99購01  ,0,0,0,0,0,0,0,0,0,20000,0,0,0,20000,0,20000,20000
054318,台虹凱基98購01  ,0,0,0,0,0,0,0,0,0,20000,0,0,0,20000,0,20000,20000
055757,大成鋼群益99購01,0,0,0,0,0,0,0,0,0,20000,0,0,0,20000,0,20000,20000
05444P,大立光元大95售10,0,0,0,0,0,0,0,0,0,20000,0,0,0,316000,296000,20000,20000
054564,玉晶光群益99購01,0,0,0,0,0,0,0,0,0,20000,0,0,0,20000,0,20000,20000
054558,劍麟群益99購01  ,0,0,0,0,0,0,0,0,0,20000,0,0,0,20000,0,20000,20000
054737,京元電凱基99購01,0,0,0,0,0,0,0,0,0,20000,0,0,0,20000,0,20000,20000
054047,富邦金元大97購01,0,0,0,0,0,0,0,0,0,20000,0,0,0,20000,0,20000,20000
058571,緯穎凱基9A購02  ,0,0,0,0,0,0,0,0,0,20000,0,0,0,20000,0,20000,20000
056656,華邦電元大98購02,0,0,0,0,0,0,0,0,0,20000,0,0,0,20000,0,20000,20000
056741,大立光凱基98購14,0,0,0,0,0,0,0,0,0,20000,0,0,0,20000,0,20000,20000
058569,健策凱基9A購01  ,0,0,0,0,0,0,0,0,0,20000,0,0,0,20000,0,20000,20000
055474,欣興凱基97購05  ,0,0,0,0,0,0,0,0,0,20000,0,0,0,20000,0,20000,20000
055482,聚陽元大97購02  ,0,0,0,0,0,0,0,0,0,20000,0,0,0,20000,0,20000,20000
055580,南茂統一97購01  ,0,0,0,0,0,0,0,0,0,20000,0,0,0,20000,0,20000,20000
056782,鴻海群益98購04  ,0,0,0,0,0,0,0,0,0,20000,0,0,0,50000,30000,20000,20000
057820,華擎元大98購02  ,0,0,0,0,0,0,0,0,0,20000,0,0,0,20000,0,20000,20000
055719,可成元大97購03  ,0,0,0,0,0,0,0,0,0,20000,0,0,0,20000,0,20000,20000
055665,亞德客群益97購01,0,0,0,0,0,0,0,0,0,20000,0,0,0,20000,0,20000,20000
054152,漢唐國泰98購02  ,0,0,0,0,0,0,0,0,0,20000,0,0,0,90000,70000,20000,20000
054154,智易國泰97購01  ,0,0,0,0,0,0,0,0,0,20000,0,0,0,20000,0,20000,20000
058150,中502X統一9B購01,0,0,0,0,0,0,0,0,0,20000,0,0,0,20000,0,20000,20000
058166,鴻海凱基9A購01  ,0,0,0,0,0,0,0,0,0,20000,0,0,0,20000,0,20000,20000
058097,台灣50國泰99購01,0,0,0,0,0,0,0,0,0,20000,0,0,0,20000,0,20000,20000
057760,聯發科凱基98購18,0,0,0,0,0,0,0,0,0,20000,0,0,0,20000,0,20000,20000
058382,S&P500中信99購01,0,0,0,0,0,0,0,0,0,20000,0,0,0,20000,0,20000,20000
052519,旺宏元大95購05  ,0,0,0,0,0,0,0,0,0,20000,0,0,0,20000,0,20000,20000
055026,健和興國泰98購01,0,0,0,0,0,0,0,0,0,20000,0,0,0,20000,0,20000,20000
055051,藍天永豐97購01  ,0,0,0,0,0,0,0,0,0,20000,0,0,0,20000,0,20000,20000
058975,台灣50凱基01購02,0,0,0,0,0,0,0,0,0,20000,0,0,0,20000,0,20000,20000
058926,勤誠元富99購01  ,0,0,0,0,0,0,0,0,0,20000,0,0,0,20000,0,20000,20000
052800,國巨元大96購05  ,0,0,0,0,0,0,0,0,0,20000,0,0,0,30000,10000,20000,20000
052768,泰鼎群益96購01  ,0,0,0,0,0,0,0,0,0,20000,0,0,0,20000,0,20000,20000
05278P,台郡元富95售02  ,0,0,0,0,0,0,0,0,0,20000,0,0,0,20000,0,20000,20000
052957,T50反1凱基99購01,0,0,0,0,0,0,0,0,0,20000,0,0,0,20000,0,20000,20000
053062,緯穎富邦97購01  ,0,0,0,0,0,0,0,0,0,20000,0,0,0,20000,0,20000,20000
053199,旺宏日盛96購01  ,0,0,0,0,0,0,0,0,0,20000,0,0,0,20000,0,20000,20000
053827,漢唐麥證9A購01  ,0,0,0,20000,0,20000,0,0,0,20000,0,0,0,20000,0,20000,20000
053912,T50反1國票97購02,0,0,0,0,0,0,0,0,0,20000,0,0,0,20000,0,20000,20000
052602,聯電元大97購01  ,0,0,0,0,0,0,0,0,0,20000,0,0,0,20000,0,20000,20000
053969,瑞昱元大97購01  ,0,0,0,0,0,0,0,0,0,20000,0,0,0,20000,0,20000,20000
05098P,鴻海凱基95售15  ,0,0,0,0,0,0,0,0,0,20000,0,0,0,20000,0,20000,20000
052220,T50反1凱基98購01,0,0,0,0,0,0,0,0,0,20000,0,0,0,20000,0,20000,20000
051347,國巨元大95購06  ,0,0,0,0,0,0,0,0,0,20000,0,0,0,20000,0,20000,20000
051590,玉晶光元大96購02,0,0,0,0,0,0,0,0,0,20000,0,0,0,20000,0,20000,20000
051478,宏達電凱基95購03,0,0,0,0,0,0,0,0,0,20000,0,0,0,20000,0,20000,20000
051251,信邦元大95購01  ,0,0,0,0,0,0,0,0,0,20000,0,0,0,30000,10000,20000,20000
05123P,鴻海永昌96售07  ,0,0,0,0,0,0,0,0,0,20000,0,0,0,20000,0,20000,20000
050617,神基元大94購01  ,0,0,0,0,0,0,0,0,0,20000,0,0,0,20000,0,20000,20000
05062P,大立光富邦98售03,0,0,0,0,0,0,0,0,0,20000,0,0,0,20000,0,20000,20000
050369,台積電元大94購23,0,0,0,0,0,0,0,0,0,20000,0,0,0,20000,0,20000,20000
053797,台積電中信98購01,0,0,0,0,0,0,0,0,0,20000,0,0,0,20000,0,20000,20000
052085,聯電元大95購01  ,0,0,0,0,0,0,0,0,0,20000,0,0,0,20000,0,20000,20000
052134,智邦凱基95購09  ,0,0,0,0,0,0,0,0,0,20000,0,0,0,20000,0,20000,20000
05215P,台積電台新95售03,0,0,0,0,0,0,0,0,0,20000,0,0,0,202000,182000,20000,20000
03427P,聯電元大02售11  ,0,0,0,0,0,0,0,0,0,20000,0,0,0,20000,0,20000,20000
04403P,景碩國票95售01  ,0,0,0,0,0,0,0,0,0,20000,0,0,0,20000,0,20000,20000
04457P,同欣電統一94售01,0,0,0,0,0,0,0,0,0,20000,0,0,0,20000,0,20000,20000
049491,聯發科元大95購01,0,0,0,0,0,0,0,0,0,20000,0,0,0,20000,0,20000,20000
04927P,大立光凱基95售06,0,0,0,0,0,0,0,0,0,20000,0,0,0,20000,0,20000,20000
049235,元油2X元富96購05,20000,0,20000,0,0,0,0,0,0,0,0,0,0,0,0,0,20000
049695,新光金元大9A購01,0,0,0,0,0,0,0,0,0,20000,0,0,0,20000,0,20000,20000
04523P,亞德客凱基94售02,0,0,0,0,0,0,0,0,0,20000,0,0,0,20000,0,20000,20000
03824P,燿華元大94售01  ,0,0,0,0,0,0,0,0,0,20000,0,0,0,20000,0,20000,20000
03894P,鴻海凱基94售05  ,0,0,0,0,0,0,0,0,0,20000,0,0,0,20000,0,20000,20000
04165P,南亞科元富95售03,0,0,0,0,0,0,0,0,0,20000,0,0,0,20000,0,20000,20000
04243P,大立光永昌93售08,0,0,0,0,0,0,0,0,0,20000,0,0,0,20000,0,20000,20000
04989P,國巨元大94售15  ,0,0,0,0,0,0,0,0,0,20000,0,0,0,20000,0,20000,20000
047436,台積電元大94購02,0,0,0,0,0,0,0,0,0,20000,0,0,0,30000,10000,20000,20000
04715P,聯茂元大94售06  ,0,0,0,0,0,0,0,0,0,20000,0,0,0,20000,0,20000,20000
04708P,國巨元大94售11  ,0,0,0,0,0,0,0,0,0,20000,0,0,0,20000,0,20000,20000
04723P,美律凱基94售06  ,0,0,0,0,0,0,0,0,0,20000,0,0,0,20000,0,20000,20000
048763,台積電凱基94購03,0,0,0,0,0,0,0,0,0,20000,0,0,0,20000,0,20000,20000
048636,鴻海元大94購05  ,0,0,0,0,0,0,0,0,0,20000,0,0,0,20000,0,20000,20000
04870P,大立光元富94售11,0,0,0,0,0,0,0,0,0,20000,0,0,0,20000,0,20000,20000
053477,大立光元大97購03,0,0,0,0,0,0,0,0,0,20000,0,0,0,20000,0,20000,20000
05347P,滬深2X元富9B售02,0,0,0,0,0,0,0,0,0,20000,0,0,0,20000,0,20000,20000
04553P,S&P正2中信95售01,0,0,0,0,0,0,0,0,0,20000,0,0,0,20000,0,20000,20000
046645,技嘉國泰94購01  ,0,0,0,0,0,0,0,0,0,20000,0,0,0,20000,0,20000,20000
04608P,晶相光永豐94售02,0,0,0,0,0,0,0,0,0,20000,0,0,0,20000,0,20000,20000
046159,群創群益98購04  ,0,0,0,0,0,0,0,0,0,20000,0,0,0,20000,0,20000,20000
06023P,超眾國票96售03  ,0,0,0,0,0,0,0,0,0,20000,0,0,0,30000,10000,20000,20000
05942P,奇力新凱基96售04,0,0,0,0,0,0,0,0,0,20000,0,0,0,35000,15000,20000,20000
06232P,智易永豐97售01  ,0,0,0,0,0,0,0,0,0,20000,0,0,0,20000,0,20000,20000
06197P,國巨元大97售08  ,0,0,0,0,0,0,0,0,0,20000,0,0,0,20000,0,20000,20000
059185,臺股指台新99購12,0,0,0,0,0,0,0,0,0,20000,0,0,0,90000,70000,20000,20000
06270P,致伸凱基97售03  ,0,0,0,0,0,0,0,0,0,20000,0,0,0,20000,0,20000,20000
06451P,聯發科元大98售04,0,0,0,0,0,0,0,0,0,20000,0,0,0,21000,1000,20000,20000
07030P,鈺齊群益99售01  ,0,0,0,0,0,0,0,0,0,20000,0,0,0,20000,0,20000,20000
07084P,S&P正2元富9B售02,0,0,0,0,0,0,0,0,0,20000,0,0,0,20000,0,20000,20000
07104P,聯發科元富99售04,0,0,0,0,0,0,0,0,0,20000,0,0,0,20000,0,20000,20000
06839P,玉晶光統一9A售05,0,0,0,0,0,0,0,0,0,20000,0,0,0,20000,0,20000,20000
06736P,新日興凱基98售03,0,0,0,0,0,0,0,0,0,20000,0,0,0,20000,0,20000,20000
06858P,道瓊指中信9B售01,0,0,0,0,0,0,0,0,0,20000,0,0,0,20000,0,20000,20000
1441,大東            ,45000,25000,20000,0,0,0,0,0,0,0,0,0,0,0,0,0,20000
1459,聯發            ,22000,2000,20000,0,0,0,0,0,0,0,0,0,0,0,0,0,20000
1474,弘裕            ,29000,9000,20000,0,0,0,0,0,0,0,0,0,0,0,0,0,20000
1506,正道            ,26000,6000,20000,0,0,0,0,0,0,0,0,0,0,0,0,0,20000
08163P,T50正2中信95售01,0,0,0,0,0,0,0,0,0,20000,0,0,0,20000,0,20000,20000
058352,鴻海凱基9A購05  ,0,0,0,0,0,0,0,0,0,19000,0,0,0,50000,31000,19000,19000
05667P,旺宏台新96售01  ,0,0,0,0,0,0,0,0,0,19000,0,0,0,19000,0,19000,19000
054063,聯茂國票97購02  ,0,0,0,0,0,0,0,0,0,19000,0,0,0,19000,0,19000,19000
05475P,聯茂亞東95售01  ,0,0,0,0,0,0,0,0,0,19000,0,0,0,21000,2000,19000,19000
059088,台積電元大99購27,0,0,0,0,0,0,0,0,0,19000,0,0,0,25000,6000,19000,19000
05920P,力成元大96售04  ,0,0,0,0,0,0,0,0,0,19000,0,0,0,20000,1000,19000,19000
06533P,上証2X中信9B售01,0,0,0,0,0,0,0,0,0,19000,0,0,0,20000,1000,19000,19000
054426,國泰金富邦97購02,0,0,0,0,0,0,0,0,0,19000,0,0,0,19000,0,19000,19000
05758P,光罩永豐96售02  ,0,0,0,0,0,0,0,0,0,19000,0,0,0,19000,0,19000,19000
057053,立積元大98購02  ,0,0,0,0,0,0,0,0,0,19000,0,0,0,30000,11000,19000,19000
057251,泰鼎統一98購02  ,0,0,0,0,0,0,0,0,0,19000,0,0,0,19000,0,19000,19000
04563P,可成凱基94售05  ,0,0,0,0,0,0,0,0,0,19000,0,0,0,39000,20000,19000,19000
04827P,國巨凱基94售09  ,0,0,0,0,0,0,0,0,0,19000,0,0,0,51000,32000,19000,19000
048349,美利達元大96購02,0,0,0,0,0,0,0,0,0,19000,0,0,0,19000,0,19000,19000
048898,晶相光國泰96購01,0,0,0,0,0,0,0,0,0,19000,0,0,0,120000,101000,19000,19000
03671P,大立光凱基95售02,0,0,0,0,0,0,0,0,0,19000,0,0,0,19000,0,19000,19000
03435B,臺股指凱基99熊29,0,0,0,0,0,0,0,0,0,19000,0,0,0,56000,37000,19000,19000
03421B,臺股指元大99熊01,0,0,0,0,0,0,0,0,0,19000,0,0,0,20000,1000,19000,19000
03019X,元展19          ,0,0,0,0,0,0,0,0,0,19000,0,0,0,21000,2000,19000,19000
006207,FH滬深          ,5000,42000,-37000,0,0,0,0,0,0,56000,0,0,0,83000,27000,56000,19000
05076P,深中小群益99售02,0,0,0,0,0,0,0,0,0,19000,0,0,0,29000,10000,19000,19000
05272P,臻鼎中信97售03  ,0,0,0,0,0,0,0,0,0,19000,0,0,0,19000,0,19000,19000
07244P,鴻海凱基9A售13  ,0,0,0,0,0,0,0,0,0,19000,0,0,0,39000,20000,19000,19000
1439,中和            ,50000,31000,19000,0,0,0,0,0,0,0,0,0,0,0,0,0,19000
2642,宅配通          ,96000,77000,19000,0,0,0,0,0,0,0,0,0,0,0,0,0,19000
2530,華建            ,35000,16000,19000,0,0,0,0,0,0,0,0,0,0,0,0,0,19000
2483,百容            ,23000,4000,19000,0,0,0,0,0,0,0,0,0,0,0,0,0,19000
06869P,金融類元大99售01,0,0,0,0,0,0,0,0,0,19000,0,0,0,73000,54000,19000,19000
07137P,大立光中信9B售01,0,0,0,0,0,0,0,0,0,19000,0,0,0,19000,0,19000,19000
07034P,大立光元富99售03,0,0,0,0,0,0,0,0,0,19000,0,0,0,39000,20000,19000,19000
06395P,台積電元大97售29,0,0,0,0,0,0,0,0,0,19000,0,0,0,21000,2000,19000,19000
06119P,大立光凱基98售04,0,0,0,0,0,0,0,0,0,19000,0,0,0,19000,0,19000,19000
9902,台火            ,40000,21000,19000,0,0,0,0,0,0,0,0,0,0,0,0,0,19000
054975,福懋科元大97購01,0,0,0,0,0,0,0,0,0,18000,0,0,0,28000,10000,18000,18000
055368,台積電元大97購24,0,0,0,0,0,0,0,0,0,18000,0,0,0,18000,0,18000,18000
05513P,玉山金台新96售01,0,0,0,0,0,0,0,0,0,18000,0,0,0,18000,0,18000,18000
06572P,台積電永昌99售01,0,0,0,0,0,0,0,0,0,18000,0,0,0,58000,40000,18000,18000
06665P,欣興兆豐99售01  ,0,0,0,0,0,0,0,0,0,18000,0,0,0,21000,3000,18000,18000
059270,台灣50元大01購03,0,0,0,0,0,0,0,0,0,18000,0,0,0,18000,0,18000,18000
059284,緯穎永豐99購03  ,0,0,0,0,0,0,0,0,0,18000,0,0,0,33000,15000,18000,18000
054579,聯茂元大97購01  ,0,0,0,0,0,0,0,0,0,18000,0,0,0,251000,233000,18000,18000
059017,台灣50統一9B購03,0,0,0,0,0,0,0,0,0,18000,0,0,0,18000,0,18000,18000
051227,技嘉群益97購01  ,0,0,0,0,0,0,0,0,0,18000,0,0,0,23000,5000,18000,18000
05038P,牧德元大95售03  ,0,0,0,0,0,0,0,0,0,18000,0,0,0,18000,0,18000,18000
05151P,台光電群益95售02,0,0,0,0,0,0,0,0,0,18000,0,0,0,18000,0,18000,18000
05095P,景碩元大95售01  ,0,0,0,0,0,0,0,0,0,18000,0,0,0,35000,17000,18000,18000
051748,超眾國泰96購01  ,0,0,0,0,0,0,0,0,0,18000,0,0,0,18000,0,18000,18000
4572,駐龍            ,27000,9000,18000,0,0,0,0,0,0,0,0,0,0,0,0,0,18000
3032,偉訓            ,47000,33000,14000,0,0,0,0,0,0,4000,4000,0,4000,0,0,0,18000
3164,景岳            ,40000,22000,18000,0,0,0,0,0,0,0,0,0,0,0,0,0,18000
07025P,玉晶光凱基99售01,0,0,0,0,0,0,0,0,0,18000,0,0,0,64000,46000,18000,18000
07040P,台灣50元大9C售02,0,0,0,0,0,0,0,0,0,18000,0,0,0,62000,44000,18000,18000
06994P,台光電凱基99售02,0,0,0,0,0,0,0,0,0,18000,0,0,0,18000,0,18000,18000
07106P,國巨統一9B售05  ,0,0,0,0,0,0,0,0,0,18000,0,0,0,18000,0,18000,18000
2617,台航            ,285000,267000,18000,0,0,0,0,0,0,0,0,0,0,0,0,0,18000
059168,奇力新凱基99購05,0,0,0,0,0,0,0,0,0,17000,0,0,0,20000,3000,17000,17000
06613P,華新科富邦9A售03,0,0,0,0,0,0,0,0,0,17000,0,0,0,17000,0,17000,17000
06614P,祥碩永豐98售03  ,0,0,0,0,0,0,0,0,0,17000,0,0,0,17000,0,17000,17000
06674P,祥碩群益98售02  ,0,0,0,0,0,0,0,0,0,17000,0,0,0,17000,0,17000,17000
058415,祥碩兆豐99購01  ,0,0,0,0,0,0,0,0,0,17000,0,0,0,18000,1000,17000,17000
05515P,台積電群益96售03,0,0,0,0,0,0,0,0,0,17000,0,0,0,17000,0,17000,17000
055984,大立光元富97購02,0,0,0,0,0,0,0,0,0,17000,0,0,0,35000,18000,17000,17000
057602,聯茂群益98購02  ,0,0,0,0,0,0,0,0,0,17000,0,0,0,17000,0,17000,17000
053314,A50正2群益9A購01,0,0,0,0,0,0,0,0,0,17000,0,0,0,17000,0,17000,17000
05173P,臺股指元大95售17,0,0,0,0,0,0,0,0,0,17000,0,0,0,17000,0,17000,17000
04811P,上銀元大94售02  ,0,0,0,0,0,0,0,0,0,17000,0,0,0,17000,0,17000,17000
0054,元大台商50      ,0,0,0,0,0,0,0,0,0,17000,0,0,0,20000,3000,17000,17000
04979P,臺股指凱基96售07,0,0,0,0,0,0,0,0,0,17000,0,0,0,17000,0,17000,17000
050402,緯穎中信96購01  ,0,0,0,0,0,0,0,0,0,17000,0,0,0,17000,0,17000,17000
050035,聯茂元大94購07  ,0,0,0,0,0,0,0,0,0,17000,0,0,0,18000,1000,17000,17000
04994P,大成鋼凱基95售01,0,0,0,0,0,0,0,0,0,17000,0,0,0,20000,3000,17000,17000
059029,旺宏兆豐99購01  ,0,0,0,0,0,0,0,0,0,17000,0,0,0,17000,0,17000,17000
053193,超眾統一97購01  ,0,0,0,0,0,0,0,0,0,17000,0,0,0,17000,0,17000,17000
2423,固緯            ,63000,46000,17000,0,0,0,0,0,0,0,0,0,0,0,0,0,17000
06955P,臻鼎元富99售01  ,0,0,0,0,0,0,0,0,0,17000,0,0,0,17000,0,17000,17000
06500P,臺股指元大9A售05,0,0,0,0,0,0,0,0,0,17000,0,0,0,21000,4000,17000,17000
06379P,群創統一97售05  ,0,0,0,0,0,0,0,0,0,17000,0,0,0,40000,23000,17000,17000
056168,鴻海元富97購07  ,0,0,0,0,0,0,0,0,0,16000,0,0,0,16000,0,16000,16000
057375,欣興元大98購09  ,0,0,0,0,0,0,0,0,0,16000,0,0,0,38000,22000,16000,16000
054357,可成兆豐97購02  ,0,0,0,0,0,0,0,0,0,16000,0,0,0,16000,0,16000,16000
058312,大毅國泰9B購01  ,0,0,0,0,0,0,0,0,0,16000,0,0,0,16000,0,16000,16000
057806,國巨元大98購20  ,0,0,0,0,0,0,0,0,0,16000,0,0,0,16000,0,16000,16000
054543,元金2X中信01購01,0,0,0,0,0,0,0,0,0,16000,0,0,0,16000,0,16000,16000
05456P,鴻海凱基95售19  ,0,0,0,0,0,0,0,0,0,16000,0,0,0,36000,20000,16000,16000
05275P,國巨凱基95售05  ,0,0,0,0,0,0,0,0,0,16000,0,0,0,16000,0,16000,16000
050123,群臺反凱基96購01,0,0,0,0,0,0,0,0,0,16000,0,0,0,16000,0,16000,16000
058750,緯穎凱基9A購03  ,0,0,0,0,0,0,0,0,0,16000,0,0,0,102000,86000,16000,16000
052003,泰碩國泰97購02  ,0,0,0,0,0,0,0,0,0,16000,0,0,0,16000,0,16000,16000
050492,漢唐國泰96購01  ,0,0,0,0,0,0,0,0,0,16000,0,0,0,118000,102000,16000,16000
04464P,可成元富94售04  ,0,0,0,0,0,0,0,0,0,16000,0,0,0,20000,4000,16000,16000
04335P,大成鋼元大93售01,0,0,0,0,0,0,0,0,0,16000,0,0,0,20000,4000,16000,16000
04800P,聯茂元大94售08  ,0,0,0,0,0,0,0,0,0,16000,0,0,0,30000,14000,16000,16000
04732P,聯茂群益94售01  ,0,0,0,0,0,0,0,0,0,16000,0,0,0,16000,0,16000,16000
053347,茂林國票98購01  ,0,0,0,0,0,0,0,0,0,16000,0,0,0,16000,0,16000,16000
05998P,台積電元大97售12,0,0,0,0,0,0,0,0,0,16000,0,0,0,323000,307000,16000,16000
07013P,玉晶光群益9A售06,0,0,0,0,0,0,0,0,0,16000,0,0,0,16000,0,16000,16000
07064P,臺股指元大9A售25,0,0,0,0,0,0,0,0,0,16000,0,0,0,16000,0,16000,16000
07043P,國巨元大99售14  ,0,0,0,0,0,0,0,0,0,16000,0,0,0,16000,0,16000,16000
1338,廣華-KY         ,124000,108000,16000,0,0,0,0,0,0,0,0,0,0,0,0,0,16000
05911P,南亞科永豐96售03,0,0,0,0,0,0,0,0,0,15000,0,0,0,15000,0,15000,15000
05422P,大立光中信97售02,0,0,0,0,0,0,0,0,0,15000,0,0,0,15000,0,15000,15000
06513P,鴻海凱基98售10  ,0,0,0,0,0,0,0,0,0,15000,0,0,0,15000,0,15000,15000
06608P,立積群益99售02  ,0,0,0,0,0,0,0,0,0,15000,0,0,0,15000,0,15000,15000
059308,T50反1元大99購07,0,0,0,0,0,0,0,0,0,15000,0,0,0,15000,0,15000,15000
057978,聯發科永豐98購05,0,0,0,0,0,0,0,0,0,15000,0,0,0,25000,10000,15000,15000
057933,聯發科群益98購06,0,0,0,0,0,0,0,0,0,15000,0,0,0,15000,0,15000,15000
058158,台積電台新99購01,0,0,0,0,0,0,0,0,0,15000,0,0,0,200000,185000,15000,15000
054319,世紀鋼凱基96購02,0,0,0,0,0,0,0,0,0,15000,0,0,0,15000,0,15000,15000
056034,華通凱基98購01  ,0,0,0,0,0,0,0,0,0,15000,0,0,0,15000,0,15000,15000
056505,聯發科永豐98購01,0,0,0,0,0,0,0,0,0,15000,0,0,0,15000,0,15000,15000
055192,世芯元富97購01  ,0,0,0,0,0,0,0,0,0,15000,0,0,0,15000,0,15000,15000
055300,緯穎元大98購01  ,0,0,0,0,0,0,0,0,0,15000,0,0,0,25000,10000,15000,15000
056468,鴻海元大98購07  ,0,0,0,0,0,0,0,0,0,15000,0,0,0,15000,0,15000,15000
058657,大立光中信99購01,0,0,0,0,0,0,0,0,0,15000,0,0,0,15000,0,15000,15000
058594,台灣50元富9B購03,0,0,0,0,0,0,0,0,0,15000,0,0,0,15000,0,15000,15000
057366,智邦元大98購08  ,0,0,0,0,0,0,0,0,0,15000,0,0,0,15000,0,15000,15000
05692P,聯發科中信9A售02,0,0,0,0,0,0,0,0,0,15000,0,0,0,15000,0,15000,15000
057047,華新科元大99購07,0,0,0,0,0,0,0,0,0,15000,0,0,0,15000,0,15000,15000
05636P,國巨永豐96售03  ,0,0,0,0,0,0,0,0,0,15000,0,0,0,15000,0,15000,15000
05660P,玉晶光第一96售01,0,0,0,0,0,0,0,0,0,15000,0,0,0,15000,0,15000,15000
057563,旭富國泰9A購01  ,0,0,0,0,0,0,0,0,0,15000,0,0,0,15000,0,15000,15000
056566,臻鼎群益98購01  ,0,0,0,0,0,0,0,0,0,15000,0,0,0,15000,0,15000,15000
05333P,臺股指國票95售02,0,0,0,0,0,0,0,0,0,15000,0,0,0,15000,0,15000,15000
053309,泰鼎凱基96購03  ,0,0,0,0,0,0,0,0,0,15000,0,0,0,15000,0,15000,15000
05179P,大立光凱基96售06,0,0,0,0,0,0,0,0,0,15000,0,0,0,15000,0,15000,15000
045768,大立光元富95購02,0,0,0,0,0,0,0,0,0,15000,0,0,0,30000,15000,15000,15000
048383,元金2X國票99購01,0,0,0,0,0,0,0,0,0,15000,0,0,0,15000,0,15000,15000
048574,台積電國泰95購02,0,0,0,0,0,0,0,0,0,15000,0,0,0,15000,0,15000,15000
048572,美利達元大96購04,0,0,0,0,0,0,0,0,0,15000,0,0,0,15000,0,15000,15000
04988P,楠梓電元大94售01,0,0,0,0,0,0,0,0,0,15000,0,0,0,15000,0,15000,15000
04760P,旺宏凱基94售02  ,0,0,0,0,0,0,0,0,0,15000,0,0,0,15000,0,15000,15000
03413B,臺股指凱基94熊19,0,140000,-140000,0,0,0,0,0,0,155000,0,0,0,592000,437000,155000,15000
04177P,富邦金元大94售01,0,0,0,0,0,0,0,0,0,15000,0,0,0,35000,20000,15000,15000
051067,台積電國票96購03,0,0,0,0,0,0,0,0,0,15000,0,0,0,15000,0,15000,15000
052203,T50反1中信99購03,0,0,0,0,0,0,0,0,0,15000,0,0,0,15000,0,15000,15000
051193,新日興兆豐96購01,0,0,0,0,0,0,0,0,0,15000,0,0,0,25000,10000,15000,15000
052668,聯發科群益97購01,0,0,0,0,0,0,0,0,0,15000,0,0,0,15000,0,15000,15000
05245P,台積電元大95售18,0,0,0,0,0,0,0,0,0,15000,0,0,0,15000,0,15000,15000
058960,臺股指國票99購05,0,0,0,0,0,0,0,0,0,15000,0,0,0,15000,0,15000,15000
05017P,臺股指元大95售08,0,0,0,0,0,0,0,0,0,15000,0,0,0,15000,0,15000,15000
053251,世紀鋼國票97購02,0,0,0,0,0,0,0,0,0,15000,0,0,0,15000,0,15000,15000
07200P,臺股指元大99售16,0,0,0,0,0,0,0,0,0,15000,0,0,0,16000,1000,15000,15000
1720,生達            ,119000,94000,25000,0,0,0,0,0,0,-10000,0,10000,-10000,0,0,0,15000
07031P,台灣50中信03售02,0,0,0,0,0,0,0,0,0,15000,0,0,0,15000,0,15000,15000
07109P,聯發科中信9B售02,0,0,0,0,0,0,0,0,0,15000,0,0,0,25000,10000,15000,15000
07130P,台郡元大9B售01  ,0,0,0,0,0,0,0,0,0,15000,0,0,0,15000,0,15000,15000
06877P,台積電兆豐98售04,0,0,0,0,0,0,0,0,0,15000,0,0,0,35000,20000,15000,15000
06310P,精元元富97售02  ,0,0,0,0,0,0,0,0,0,15000,0,0,0,47000,32000,15000,15000
06338P,亞德客統一97售02,0,0,0,0,0,0,0,0,0,15000,0,0,0,15000,0,15000,15000
06193P,台積電元富97售04,0,0,0,0,0,0,0,0,0,15000,0,0,0,305000,290000,15000,15000
06208P,台郡凱基97售03  ,0,0,0,0,0,0,0,0,0,15000,0,0,0,15000,0,15000,15000
4545,銘鈺            ,23000,6000,17000,0,0,0,0,0,0,-2000,0,2000,-2000,0,0,0,15000
5534,長虹            ,197000,148000,49000,0,0,0,2000,36568,-34568,0,2000,2000,0,0,0,0,14432
05624P,同欣電中信98售01,0,0,0,0,0,0,0,0,0,14000,0,0,0,14000,0,14000,14000
057169,微星元大98購01  ,0,0,0,0,0,0,0,0,0,14000,0,0,0,48000,34000,14000,14000
058004,大立光群益98購03,0,0,0,0,0,0,0,0,0,14000,0,0,0,14000,0,14000,14000
057795,鴻海兆豐99購02  ,0,0,0,0,0,0,0,0,0,14000,0,0,0,385000,371000,14000,14000
056747,致新凱基99購01  ,0,0,0,0,0,0,0,0,0,14000,0,0,0,15000,1000,14000,14000
055669,緯穎群益97購02  ,0,0,0,0,0,0,0,0,0,14000,0,0,0,14000,0,14000,14000
054281,世芯群益97購01  ,0,0,0,0,0,0,0,0,0,14000,0,0,0,14000,0,14000,14000
054554,大立光凱基98購02,0,0,0,0,0,0,0,0,0,14000,0,0,0,14000,0,14000,14000
053005,微星永豐96購01  ,0,0,0,0,0,0,0,0,0,14000,0,0,0,14000,0,14000,14000
052783,台郡國票97購01  ,0,0,0,0,0,0,0,0,0,14000,0,0,0,14000,0,14000,14000
058861,國巨凱基9A購08  ,0,0,0,0,0,0,0,0,0,14000,0,0,0,14000,0,14000,14000
058715,鴻海台新99購02  ,0,0,0,0,0,0,0,0,0,14000,0,0,0,14000,0,14000,14000
053972,華新科元大96購06,0,0,0,0,0,0,0,0,0,14000,0,0,0,15000,1000,14000,14000
052042,台積電日盛95購02,0,0,0,0,0,0,0,0,0,14000,0,0,0,44000,30000,14000,14000
04107P,元黃金中信94售01,0,0,0,0,0,0,0,0,0,14000,0,0,0,15000,1000,14000,14000
04234P,華通群益94售02  ,0,0,0,0,0,0,0,0,0,14000,0,0,0,20000,6000,14000,14000
049269,超眾元大96購02  ,0,0,0,0,0,0,0,0,0,14000,0,0,0,14000,0,14000,14000
5706,鳳凰            ,44000,32000,12000,0,0,0,0,0,0,2000,2000,0,2000,0,0,0,14000
06222P,致茂元富97售02  ,0,0,0,0,0,0,0,0,0,14000,0,0,0,19000,5000,14000,14000
06446P,大立光凱基98售10,0,0,0,0,0,0,0,0,0,14000,0,0,0,15000,1000,14000,14000
06080P,景碩群益98售02  ,0,0,0,0,0,0,0,0,0,14000,0,0,0,14000,0,14000,14000
07121P,華新科凱基99售03,0,0,0,0,0,0,0,0,0,14000,0,0,0,15000,1000,14000,14000
08218P,滬深2X凱基96售01,0,0,0,0,0,0,0,0,0,14000,0,0,0,14000,0,14000,14000
059122,超眾永豐99購01  ,0,0,0,0,0,0,0,0,0,13000,0,0,0,13000,0,13000,13000
06626P,大立光統一9A售01,0,0,0,0,0,0,0,0,0,13000,0,0,0,13000,0,13000,13000
059240,台積電凱基9A購09,0,0,0,0,0,0,0,0,0,13000,0,0,0,97000,84000,13000,13000
06594P,立積元大98售01  ,0,0,0,0,0,0,0,0,0,13000,0,0,0,13000,0,13000,13000
056789,和碩群益98購01  ,0,0,0,0,0,0,0,0,0,13000,0,0,0,13000,0,13000,13000
058196,台塑中信99購01  ,0,0,0,0,0,0,0,0,0,13000,0,0,0,18000,5000,13000,13000
058050,台郡元大99購05  ,0,0,0,0,0,0,0,0,0,13000,0,0,0,21000,8000,13000,13000
058041,FBVIX元大98購02 ,0,0,0,0,0,0,0,0,0,13000,0,0,0,13000,0,13000,13000
057166,國巨元大99購06  ,0,0,0,0,0,0,0,0,0,13000,0,0,0,13000,0,13000,13000
056222,台積電凱基9A購01,0,0,0,0,0,0,0,0,0,13000,0,0,0,28000,15000,13000,13000
054778,世紀鋼國票99購01,0,0,0,0,0,0,0,0,0,13000,0,0,0,13000,0,13000,13000
04914P,國巨國泰95售06  ,0,0,0,0,0,0,0,0,0,13000,0,0,0,13000,0,13000,13000
04345P,景碩國泰94售02  ,0,0,0,0,0,0,0,0,0,13000,0,0,0,16000,3000,13000,13000
048697,華新科國票94購06,0,0,0,0,0,0,0,0,0,13000,0,0,0,13000,0,13000,13000
049929,祥碩元大94購03  ,0,0,0,0,0,0,0,0,0,13000,0,0,0,33000,20000,13000,13000
048270,T50反1富邦99購01,0,0,0,0,0,0,0,0,0,13000,0,0,0,13000,0,13000,13000
047051,可成國票94購01  ,0,0,0,0,0,0,0,0,0,13000,0,0,0,13000,0,13000,13000
051672,玉晶光元大96購03,0,0,0,0,0,0,0,0,0,13000,0,0,0,13000,0,13000,13000
050451,嘉晶元大95購01  ,0,0,0,0,0,0,0,0,0,13000,0,0,0,15000,2000,13000,13000
052272,T50反1群益95購03,0,0,0,0,0,0,0,0,0,13000,0,0,0,13000,0,13000,13000
05117P,瑞昱群益95售02  ,0,0,0,0,0,0,0,0,0,13000,0,0,0,13000,0,13000,13000
050170,臺指反元大97購02,0,0,0,0,0,0,0,0,0,13000,0,0,0,18000,5000,13000,13000
050219,台積電元富95購03,0,0,0,0,0,0,0,0,0,13000,0,0,0,104000,91000,13000,13000
07230P,滬深2X群益01售02,0,0,0,0,0,0,0,0,0,13000,0,0,0,18000,5000,13000,13000
07174P,臺股指國票99售11,0,0,0,0,0,0,0,0,0,13000,0,0,0,100000,87000,13000,13000
1432,大魯閣          ,13000,0,13000,0,0,0,0,0,0,0,0,0,0,0,0,0,13000
2427,三商電          ,20000,1000,19000,0,0,0,0,0,0,-6000,0,6000,-6000,0,0,0,13000
2482,連宇            ,37000,18000,19000,0,0,0,0,0,0,-6000,0,6000,-6000,0,0,0,13000
06966P,健策台新9A售02  ,0,0,0,0,0,0,0,0,0,13000,0,0,0,13000,0,13000,13000
06078P,臺股指凱基9A售01,0,0,0,0,0,0,0,0,0,13000,0,0,0,13000,0,13000,13000
06394P,台積電元大97售28,0,0,0,0,0,0,0,0,0,13000,0,0,0,14000,1000,13000,13000
06247P,同欣電元富97售02,0,0,0,0,0,0,0,0,0,13000,0,0,0,14000,1000,13000,13000
3011,今皓            ,13000,0,13000,0,0,0,0,0,0,0,0,0,0,0,0,0,13000
055953,上銀元大97購09  ,0,0,0,0,0,0,0,0,0,12000,0,0,0,12000,0,12000,12000
057489,奇力新元大99購06,0,0,0,0,0,0,0,0,0,12000,0,0,0,12000,0,12000,12000
057486,美律元大98購04  ,0,0,0,0,0,0,0,0,0,12000,0,0,0,68000,56000,12000,12000
055891,鴻海統一9A購01  ,0,0,0,0,0,0,0,0,0,12000,0,0,0,12000,0,12000,12000
057097,致新元富98購01  ,0,0,0,0,0,0,0,0,0,12000,0,0,0,62000,50000,12000,12000
057307,瀚宇博兆豐99購01,0,0,0,0,0,0,0,0,0,12000,0,0,0,22000,10000,12000,12000
056969,智易永豐98購01  ,0,0,0,0,0,0,0,0,0,12000,0,0,0,12000,0,12000,12000
057745,泰鼎永豐99購01  ,0,0,0,0,0,0,0,0,0,12000,0,0,0,14000,2000,12000,12000
057996,臻鼎中信98購01  ,0,0,0,0,0,0,0,0,0,12000,0,0,0,12000,0,12000,12000
05027P,南電群益95售01  ,0,0,0,0,0,0,0,0,0,12000,0,0,0,23000,11000,12000,12000
052756,國巨群益96購02  ,0,0,0,0,0,0,0,0,0,12000,0,0,0,80000,68000,12000,12000
053012,國巨統一96購03  ,0,0,0,0,0,0,0,0,0,12000,0,0,0,12000,0,12000,12000
052882,南電凱基96購02  ,0,0,0,0,0,0,0,0,0,12000,0,0,0,12000,0,12000,12000
058910,泰鼎元大99購03  ,0,0,0,0,0,0,0,0,0,12000,0,0,0,128000,116000,12000,12000
05897P,國巨凱基96售12  ,0,0,0,0,0,0,0,0,0,12000,0,0,0,12000,0,12000,12000
05096P,台積電日盛95售01,0,0,0,0,0,0,0,0,0,12000,0,0,0,12000,0,12000,12000
051424,緯穎國票97購01  ,0,0,0,0,0,0,0,0,0,12000,0,0,0,12000,0,12000,12000
050842,旺宏國票97購01  ,0,0,0,0,0,0,0,0,0,12000,0,0,0,12000,0,12000,12000
05085P,鴻海日盛95售01  ,0,0,0,0,0,0,0,0,0,12000,0,0,0,12000,0,12000,12000
05378P,台積電凱基96售02,0,0,0,0,0,0,0,0,0,12000,0,0,0,312000,300000,12000,12000
045907,鴻海中信94購02  ,0,0,0,0,0,0,0,0,0,12000,0,0,0,12000,0,12000,12000
04571P,華新科國泰95售03,0,0,0,0,0,0,0,0,0,12000,0,0,0,12000,0,12000,12000
048070,聯發科元富99購03,0,0,0,0,0,0,0,0,0,12000,0,0,0,17000,5000,12000,12000
042927,道瓊反中信94購01,0,0,0,0,0,0,0,0,0,12000,0,0,0,12000,0,12000,12000
049485,台積電元大96購03,0,0,0,0,0,0,0,0,0,12000,0,0,0,12000,0,12000,12000
6184,大豐電          ,39000,27000,12000,0,0,0,0,0,0,0,0,0,0,0,0,0,12000
6449,鈺邦            ,100000,88000,12000,0,0,0,0,0,0,0,0,0,0,0,0,0,12000
06075P,智邦凱基97售02  ,0,0,0,0,0,0,0,0,0,12000,0,0,0,12000,0,12000,12000
06007P,世芯永豐96售01  ,0,0,0,0,0,0,0,0,0,12000,0,0,0,85000,73000,12000,12000
05948P,茂林元大96售03  ,0,0,0,0,0,0,0,0,0,12000,0,0,0,52000,40000,12000,12000
06999P,玉晶光國票9B售01,0,0,0,0,0,0,0,0,0,12000,0,0,0,12000,0,12000,12000
06860P,台灣50兆豐98售01,0,0,0,0,0,0,0,0,0,12000,0,0,0,15000,3000,12000,12000
06913P,聯發科元大98售14,0,0,0,0,0,0,0,0,0,12000,0,0,0,14000,2000,12000,12000
06782P,大立光元大99售07,0,0,0,0,0,0,0,0,0,12000,0,0,0,28000,16000,12000,12000
1457,宜進            ,105000,93000,12000,0,0,0,0,0,0,0,0,0,0,0,0,0,12000
058396,力山元大99購01  ,0,0,0,0,0,0,0,0,0,11000,0,0,0,11000,0,11000,11000
058241,景碩元大99購05  ,0,0,0,0,0,0,0,0,0,11000,0,0,0,11000,0,11000,11000
056903,大立光元大99購04,0,0,0,0,0,0,0,0,0,11000,0,0,0,11000,0,11000,11000
055722,聯鈞元大97購03  ,0,0,0,0,0,0,0,0,0,11000,0,0,0,11000,0,11000,11000
054095,同欣電群益98購03,0,0,0,0,0,0,0,0,0,11000,0,0,0,11000,0,11000,11000
06685P,鴻海國泰9A售01  ,0,0,0,0,0,0,0,0,0,11000,0,0,0,141000,130000,11000,11000
059152,臺股指國票99購15,0,0,0,0,0,0,0,0,0,11000,0,0,0,11000,0,11000,11000
054695,世芯永豐98購01  ,0,0,0,0,0,0,0,0,0,11000,0,0,0,11000,0,11000,11000
057862,智邦凱基99購01  ,0,0,0,0,0,0,0,0,0,11000,0,0,0,11000,0,11000,11000
057323,智邦群益98購01  ,0,0,0,0,0,0,0,0,0,11000,0,0,0,11000,0,11000,11000
057409,台虹群益98購02  ,0,0,0,0,0,0,0,0,0,11000,0,0,0,31000,20000,11000,11000
057108,潤泰全群益98購01,0,0,0,0,0,0,0,0,0,11000,0,0,0,11000,0,11000,11000
057135,立積凱基98購01  ,0,0,0,0,0,0,0,0,0,11000,0,0,0,11000,0,11000,11000
05581P,華新科凱基96售07,0,0,0,0,0,0,0,0,0,11000,0,0,0,11000,0,11000,11000
05637P,聯電元大96售04  ,0,0,0,0,0,0,0,0,0,11000,0,0,0,11000,0,11000,11000
055270,上銀元大97購03  ,0,0,0,0,0,0,0,0,0,11000,0,0,0,13000,2000,11000,11000
054944,精元元大97購01  ,0,0,0,0,0,0,0,0,0,11000,0,0,0,11000,0,11000,11000
054933,南港元大97購01  ,0,0,0,0,0,0,0,0,0,11000,0,0,0,11000,0,11000,11000
054785,建準群益98購01  ,0,0,0,0,0,0,0,0,0,11000,0,0,0,11000,0,11000,11000
04272P,元上證凱基94售01,0,0,0,0,0,0,0,0,0,11000,0,0,0,11000,0,11000,11000
04754P,宏達電元富94售02,0,0,0,0,0,0,0,0,0,11000,0,0,0,35000,24000,11000,11000
048331,臺指反富邦97購01,0,0,0,0,0,0,0,0,0,11000,0,0,0,11000,0,11000,11000
04567P,臺股指凱基95售01,0,0,0,0,0,0,0,0,0,11000,0,0,0,11000,0,11000,11000
046934,智邦元富96購01  ,0,0,0,0,0,0,0,0,0,11000,0,0,0,200000,189000,11000,11000
05192P,玉晶光台新96售02,0,0,0,0,0,0,0,0,0,11000,0,0,0,11000,0,11000,11000
04998P,京元電永豐95售01,0,0,0,0,0,0,0,0,0,11000,0,0,0,31000,20000,11000,11000
05101P,大立光凱基95售11,0,0,0,0,0,0,0,0,0,11000,0,0,0,11000,0,11000,11000
053977,新日興元大96購03,0,0,0,0,0,0,0,0,0,11000,0,0,0,11000,0,11000,11000
058949,上銀群益99購02  ,0,0,0,0,0,0,0,0,0,11000,0,0,0,11000,0,11000,11000
05285P,同欣電群益95售02,0,0,0,0,0,0,0,0,0,11000,0,0,0,11000,0,11000,11000
053181,滬深2X元富99購02,0,0,0,0,0,0,0,0,0,11000,0,0,0,11000,0,11000,11000
053065,大立光群益96購01,0,0,0,0,0,0,0,0,0,11000,0,0,0,11000,0,11000,11000
050174,技嘉元大94購01  ,0,0,0,0,0,0,0,0,0,11000,0,0,0,11000,0,11000,11000
1436,華友聯          ,16000,5000,11000,0,0,0,0,0,0,0,0,0,0,0,0,0,11000
07176P,臺股指凱基99售18,0,0,0,0,0,0,0,0,0,11000,0,0,0,11000,0,11000,11000
07197P,臺股指元大99售13,0,0,0,0,0,0,0,0,0,11000,0,0,0,31000,20000,11000,11000
07198P,臺股指元大99售14,0,0,0,0,0,0,0,0,0,11000,0,0,0,11000,0,11000,11000
2020,美亞            ,52000,41000,11000,0,0,0,0,0,0,0,0,0,0,0,0,0,11000
06884P,台郡群益98售03  ,0,0,0,0,0,0,0,0,0,11000,0,0,0,11000,0,11000,11000
06399P,台表科凱基97售05,0,0,0,0,0,0,0,0,0,11000,0,0,0,11000,0,11000,11000
06305P,臺股指元大97售11,0,0,0,0,0,0,0,0,0,11000,0,0,0,11000,0,11000,11000
6641,基士德-KY       ,18000,7000,11000,0,0,0,0,0,0,0,0,0,0,0,0,0,11000
4104,佳醫            ,81000,69000,12000,0,0,0,0,1000,-1000,0,0,0,0,0,0,0,11000
4737,華廣            ,38000,27000,11000,0,0,0,0,0,0,0,0,0,0,0,0,0,11000
054906,神達康和97購01  ,0,0,0,0,0,0,0,0,0,10000,0,0,0,10000,0,10000,10000
054917,聯發科凱基98購05,0,0,0,0,0,0,0,0,0,10000,0,0,0,10000,0,10000,10000
054896,聯茂日盛97購01  ,0,0,0,0,0,0,0,0,0,10000,0,0,0,10000,0,10000,10000
055938,矽力群益97購01  ,0,0,0,0,0,0,0,0,0,10000,0,0,0,10000,0,10000,10000
056062,大立光元大97購12,0,0,0,0,0,0,0,0,0,10000,0,0,0,10000,0,10000,10000
05600P,玉晶光台新96售04,0,0,0,0,0,0,0,0,0,10000,0,0,0,10000,0,10000,10000
054347,上緯控國票96購02,0,0,0,0,0,0,0,0,0,10000,0,0,0,30000,20000,10000,10000
054419,嘉聯益元大98購02,0,0,0,0,0,0,0,0,0,10000,0,0,0,10000,0,10000,10000
055341,台達電凱基97購02,0,0,0,0,0,0,0,0,0,10000,0,0,0,10000,0,10000,10000
055354,宏達電凱基98購01,0,0,0,0,0,0,0,0,0,10000,0,0,0,10000,0,10000,10000
055233,康友國票98購01  ,0,0,0,0,0,0,0,0,0,10000,0,0,0,10000,0,10000,10000
05521P,創意永豐96售01  ,0,0,0,0,0,0,0,0,0,10000,0,0,0,10000,0,10000,10000
056519,創意國票99購01  ,0,0,0,0,0,0,0,0,0,10000,0,0,0,10000,0,10000,10000
056527,大成鋼凱基98購03,0,0,0,0,0,0,0,0,0,10000,0,0,0,10000,0,10000,10000
056439,華邦電凱基98購02,0,0,0,0,0,0,0,0,0,10000,0,0,0,10000,0,10000,10000
05643P,大立光中信98售01,0,0,0,0,0,0,0,0,0,10000,0,0,0,10000,0,10000,10000
056422,全新統一98購02  ,0,0,0,0,0,0,0,0,0,10000,0,0,0,10000,0,10000,10000
058595,T50正2元富99購01,0,0,0,0,0,0,0,0,0,10000,0,0,0,10000,0,10000,10000
058616,台虹元大9A購01  ,0,0,0,0,0,0,0,0,0,10000,0,0,0,10000,0,10000,10000
058590,南電中信9A購02  ,0,0,0,0,0,0,0,0,0,10000,0,0,0,10000,0,10000,10000
058505,台積電元大99購08,0,0,0,0,0,0,0,0,0,10000,0,0,0,10000,0,10000,10000
05754P,臺股指中信99售03,0,0,0,0,0,0,0,0,0,10000,0,0,0,10000,0,10000,10000
056370,台郡元大98購03  ,0,0,0,0,0,0,0,0,0,10000,0,0,0,10000,0,10000,10000
056414,國巨中信98購02  ,0,0,0,0,0,0,0,0,0,10000,0,0,0,10000,0,10000,10000
055788,緯穎凱基97購04  ,0,0,0,0,0,0,0,0,0,10000,0,0,0,10000,0,10000,10000
056417,欣興中信98購01  ,0,0,0,0,0,0,0,0,0,10000,0,0,0,10000,0,10000,10000
05632P,大立光群益96售02,0,0,0,0,0,0,0,0,0,10000,0,0,0,10000,0,10000,10000
056313,聯茂元大98購01  ,0,0,0,0,0,0,0,0,0,10000,0,0,0,10000,0,10000,10000
056166,微星台新97購01  ,0,0,0,0,0,0,0,0,0,10000,0,0,0,10000,0,10000,10000
05617P,大立光統一97售02,0,0,0,0,0,0,0,0,0,10000,0,0,0,10000,0,10000,10000
05618P,聯發科元富96售02,0,0,0,0,0,0,0,0,0,10000,0,0,0,10000,0,10000,10000
056286,奇鋐永豐97購01  ,0,0,0,0,0,0,0,0,0,10000,0,0,0,10000,0,10000,10000
05621P,聯電中信96售01  ,0,0,0,0,0,0,0,0,0,10000,0,0,0,170000,160000,10000,10000
055874,中環元富9A購01  ,0,0,0,0,0,0,0,0,0,10000,0,0,0,10000,0,10000,10000
055849,聯詠元大97購05  ,0,0,0,0,0,0,0,0,0,10000,0,0,0,10000,0,10000,10000
055906,大立光兆豐97購03,0,0,0,0,0,0,0,0,0,10000,0,0,0,10000,0,10000,10000
05653P,華邦電統一96售02,0,0,0,0,0,0,0,0,0,10000,0,0,0,10000,0,10000,10000
05755P,臺股指中信99售04,0,0,0,0,0,0,0,0,0,10000,0,0,0,10000,0,10000,10000
056632,鴻海永昌98購01  ,0,0,0,0,0,0,0,0,0,10000,0,0,0,10000,0,10000,10000
056602,嘉澤國泰99購01  ,0,0,0,0,0,0,0,0,0,10000,0,0,0,10000,0,10000,10000
057148,玉晶光國票99購04,0,0,0,0,0,0,0,0,0,10000,0,0,0,10000,0,10000,10000
057139,華新科兆豐98購02,0,0,0,0,0,0,0,0,0,10000,0,0,0,10000,0,10000,10000
057192,力成元大98購01  ,0,0,0,0,0,0,0,0,0,10000,0,0,0,10000,0,10000,10000
057102,亞光中信9A購01  ,0,0,0,0,0,0,0,0,0,10000,0,0,0,10000,0,10000,10000
057663,國巨元大99購08  ,0,0,0,0,0,0,0,0,0,10000,0,0,0,20000,10000,10000,10000
057311,玉晶光日盛9A購01,0,0,0,0,0,0,0,0,0,10000,0,0,0,10000,0,10000,10000
057281,大立光元大98購16,0,0,0,0,0,0,0,0,0,10000,0,0,0,10000,0,10000,10000
057402,嘉晶群益98購02  ,0,0,0,0,0,0,0,0,0,10000,0,0,0,10000,0,10000,10000
057397,茂林中信9A購01  ,0,0,0,0,0,0,0,0,0,10000,0,0,0,10000,0,10000,10000
057372,華新科元大99購10,0,0,0,0,0,0,0,0,0,10000,0,0,0,10000,0,10000,10000
05744P,台表科元大96售04,0,0,0,0,0,0,0,0,0,10000,0,0,0,10000,0,10000,10000
05742P,可成元大96售04  ,0,0,0,0,0,0,0,0,0,10000,0,0,0,10000,0,10000,10000
05743P,創意元大96售01  ,0,0,0,0,0,0,0,0,0,10000,0,0,0,10000,0,10000,10000
056974,臻鼎永昌9C購01  ,0,0,0,0,0,0,0,0,0,10000,0,0,0,10000,0,10000,10000
05772P,景碩凱基96售02  ,0,0,0,0,0,0,0,0,0,10000,0,0,0,10000,0,10000,10000
05702P,矽創凱基96售02  ,0,0,0,0,0,0,0,0,0,10000,0,0,0,10000,0,10000,10000
054634,FB上証中信99購01,0,0,0,0,0,0,0,0,0,10000,0,0,0,30000,20000,10000,10000
054640,健策中信9B購01  ,0,0,0,0,0,0,0,0,0,10000,0,0,0,10000,0,10000,10000
059130,台灣50群益9B購05,0,0,0,0,0,0,0,0,0,10000,0,0,0,10000,0,10000,10000
059047,元油2X凱基9A購10,0,0,0,0,0,0,0,0,0,10000,0,0,0,10000,0,10000,10000
059042,世紀鋼群益99購02,0,0,0,0,0,0,0,0,0,10000,0,0,0,10000,0,10000,10000
054213,欣興國票97購04  ,0,0,0,0,0,0,0,0,0,10000,0,0,0,10000,0,10000,10000
05418P,瑞昱永豐95售02  ,0,0,0,0,0,0,0,0,0,10000,0,0,0,10000,0,10000,10000
05415P,台積電台新95售04,0,0,0,0,0,0,0,0,0,10000,0,0,0,211000,201000,10000,10000
059164,旺宏凱基99購06  ,0,0,0,0,0,0,0,0,0,10000,0,0,0,10000,0,10000,10000
06644P,亞德客元大98售03,0,0,0,0,0,0,0,0,0,10000,0,0,0,20000,10000,10000,10000
06702P,智邦元富98售01  ,0,0,0,0,0,0,0,0,0,10000,0,0,0,10000,0,10000,10000
06524P,臺股指麥證98售02,0,0,0,10000,0,10000,0,0,0,10000,0,0,0,10000,0,10000,10000
06727P,台光電元大98售05,0,0,0,0,0,0,0,0,0,10000,0,0,0,10000,0,10000,10000
06591P,大立光元大98售14,0,0,0,0,0,0,0,0,0,10000,0,0,0,10000,0,10000,10000
059222,聯發科元大99購22,0,0,0,0,0,0,0,0,0,10000,0,0,0,250000,240000,10000,10000
059271,台灣50元大01購05,0,0,0,0,0,0,0,0,0,10000,0,0,0,23000,13000,10000,10000
054097,淘帝國票97購01  ,0,0,0,0,0,0,0,0,0,10000,0,0,0,10000,0,10000,10000
054125,元油反元大96購09,0,0,0,0,0,0,0,0,0,10000,0,0,0,10000,0,10000,10000
055597,禾伸堂元大98購02,0,0,0,0,0,0,0,0,0,10000,0,0,0,10000,0,10000,10000
054128,台積電元大97購10,0,0,0,0,0,0,0,0,0,10000,0,0,0,390000,380000,10000,10000
056845,揚明光元富98購01,0,0,0,0,0,0,0,0,0,10000,0,0,0,20000,10000,10000,10000
056764,友達元大9A購03  ,0,0,0,0,0,0,0,0,0,10000,0,0,0,10000,0,10000,10000
05668P,滬深2X永豐96售04,0,0,0,0,0,0,0,0,0,10000,0,0,0,10000,0,10000,10000
056667,上銀國票99購01  ,0,0,0,0,0,0,0,0,0,10000,0,0,0,10000,0,10000,10000
056647,晶技凱基98購02  ,0,0,0,0,0,0,0,0,0,10000,0,0,0,10000,0,10000,10000
056714,晶相光永豐98購02,0,0,0,0,0,0,0,0,0,10000,0,0,0,10000,0,10000,10000
055472,大立光凱基97購07,0,0,0,0,0,0,0,0,0,10000,0,0,0,20000,10000,10000,10000
05550P,臺股指元大96售07,0,0,0,0,0,0,0,0,0,10000,0,0,0,10000,0,10000,10000
05552P,聯詠群益96售01  ,0,0,0,0,0,0,0,0,0,10000,0,0,0,10000,0,10000,10000
05553P,智原群益96售01  ,0,0,0,0,0,0,0,0,0,10000,0,0,0,10000,0,10000,10000
057758,鴻海凱基99購03  ,0,0,0,0,0,0,0,0,0,10000,0,0,0,10000,0,10000,10000
058402,欣興元大99購04  ,0,0,0,0,0,0,0,0,0,10000,0,0,0,10000,0,10000,10000
058418,台積電麥證99購01,0,0,0,10000,10000,0,0,0,0,10000,0,0,0,20000,10000,10000,10000
058308,全新元大9B購01  ,0,0,0,0,0,0,0,0,0,10000,0,0,0,10000,0,10000,10000
058323,泰鼎永豐9A購01  ,0,0,0,0,0,0,0,0,0,10000,0,0,0,20000,10000,10000,10000
058363,全新凱基9A購02  ,0,0,0,0,0,0,0,0,0,10000,0,0,0,10000,0,10000,10000
05790P,臺股指永昌96售07,0,0,0,0,0,0,0,0,0,10000,10000,1000,9000,12000,11000,1000,10000
057958,禾伸堂元大99購05,0,0,0,0,0,0,0,0,0,10000,0,0,0,10000,0,10000,10000
057963,緯穎元大98購08  ,0,0,0,0,0,0,0,0,0,10000,0,0,0,20000,10000,10000,10000
058435,旺宏統一9B購02  ,0,0,0,0,0,0,0,0,0,10000,0,0,0,10000,0,10000,10000
058438,大立光統一9B購01,0,0,0,0,0,0,0,0,0,10000,0,0,0,10000,0,10000,10000
05018P,臺股指元大95售09,0,0,0,0,0,0,0,0,0,10000,0,0,0,10000,0,10000,10000
052454,力成元大95購02  ,0,0,0,0,0,0,0,0,0,10000,0,0,0,10000,0,10000,10000
052727,仁寶元富96購01  ,0,0,0,0,0,0,0,0,0,10000,0,0,0,10000,0,10000,10000
054037,T50反1元大96購09,0,0,0,0,0,0,0,0,0,10000,0,0,0,10000,0,10000,10000
052807,貿聯元大98購01  ,0,0,0,0,0,0,0,0,0,10000,0,0,0,10000,0,10000,10000
054020,技嘉台新97購01  ,0,0,0,0,0,0,0,0,0,10000,0,0,0,10000,0,10000,10000
054023,和大康和96購01  ,0,0,0,0,0,0,0,0,0,10000,0,0,0,10000,0,10000,10000
053079,世紀鋼永豐96購01,0,0,0,0,0,0,0,0,0,10000,0,0,0,10000,0,10000,10000
05270P,台表科元大95售05,0,0,0,0,0,0,0,0,0,10000,0,0,0,10000,0,10000,10000
05323P,瑞昱凱基96售02  ,0,0,0,0,0,0,0,0,0,10000,0,0,0,10000,0,10000,10000
053017,世紀鋼統一96購02,0,0,0,0,0,0,0,0,0,10000,0,0,0,10000,0,10000,10000
052990,超眾元大97購01  ,0,0,0,0,0,0,0,0,0,10000,0,0,0,10000,0,10000,10000
058908,貿聯元大99購03  ,0,0,0,0,0,0,0,0,0,10000,0,0,0,13000,3000,10000,10000
058856,新光金兆豐99購01,0,0,0,0,0,0,0,0,0,10000,0,0,0,10000,0,10000,10000
058849,奇力新群益99購02,0,0,0,0,0,0,0,0,0,10000,0,0,0,11000,1000,10000,10000
058969,亞德客永豐99購01,0,0,0,0,0,0,0,0,0,10000,0,0,0,10000,0,10000,10000
055028,佐登國泰98購01  ,0,0,0,0,0,0,0,0,0,10000,0,0,0,10000,0,10000,10000
058748,景碩凱基9A購01  ,0,0,0,0,0,0,0,0,0,10000,0,0,0,10000,0,10000,10000
058781,康友國票9A購01  ,0,0,0,0,0,0,0,0,0,10000,0,0,0,10000,0,10000,10000
058799,晶技元大99購04  ,0,0,0,0,0,0,0,0,0,10000,0,0,0,50000,40000,10000,10000
058818,南電台新99購03  ,0,0,0,0,0,0,0,0,0,10000,0,0,0,10000,0,10000,10000
058821,泰鼎國泰9B購01  ,0,0,0,0,0,0,0,0,0,10000,0,0,0,31000,21000,10000,10000
056418,台光電元富98購01,0,0,0,0,0,0,0,0,0,10000,0,0,0,10000,0,10000,10000
052673,T50反1國泰97購01,0,0,0,0,0,0,0,0,0,10000,0,0,0,10000,0,10000,10000
052689,玉晶光元大98購03,0,0,0,0,0,0,0,0,0,10000,0,0,0,10000,0,10000,10000
05225P,鴻海統一95售09  ,0,0,0,0,0,0,0,0,0,10000,0,0,0,10000,0,10000,10000
05224P,華通統一95售03  ,0,0,0,0,0,0,0,0,0,10000,0,0,0,10000,0,10000,10000
052231,景碩凱基96購01  ,0,0,0,0,0,0,0,0,0,10000,0,0,0,10000,0,10000,10000
05227P,大立光統一95售04,0,0,0,0,0,0,0,0,0,10000,0,0,0,10000,0,10000,10000
052299,T50反1台新05購03,0,0,0,0,0,0,0,0,0,10000,0,0,0,10000,0,10000,10000
053902,S&P反1凱基97購01,0,0,0,0,0,0,0,0,0,10000,0,0,0,160000,150000,10000,10000
05384P,大立光永豐95售02,0,0,0,0,0,0,0,0,0,10000,0,0,0,10000,0,10000,10000
05094P,大立光元大95售07,0,0,0,0,0,0,0,0,0,10000,0,0,0,10000,0,10000,10000
050987,台泥富邦95購01  ,0,0,0,0,0,0,0,0,0,10000,0,0,0,10000,0,10000,10000
051201,台積電麥證95購02,0,0,0,10000,0,10000,0,0,0,10000,0,0,0,10000,0,10000,10000
05111P,台積電統一95售04,0,0,0,0,0,0,0,0,0,10000,0,0,0,10000,0,10000,10000
051422,超眾國票96購01  ,0,0,0,0,0,0,0,0,0,10000,0,0,0,10000,0,10000,10000
051409,美律國票96購01  ,0,0,0,0,0,0,0,0,0,10000,0,0,0,10000,0,10000,10000
051397,聯茂兆豐95購03  ,0,0,0,0,0,0,0,0,0,10000,0,0,0,10000,0,10000,10000
051524,貿聯凱基95購02  ,0,0,0,0,0,0,0,0,0,10000,0,0,0,10000,0,10000,10000
049982,嘉晶凱基94購01  ,0,0,0,0,0,0,0,0,0,10000,0,0,0,10000,0,10000,10000
049955,崇越群益95購01  ,0,0,0,0,0,0,0,0,0,10000,0,0,0,10000,0,10000,10000
053735,矽力中信97購01  ,0,0,0,0,0,0,0,0,0,10000,0,0,0,10000,0,10000,10000
053557,聯茂凱基96購04  ,0,0,0,0,0,0,0,0,0,10000,0,0,0,10000,0,10000,10000
052115,T50反1國票95購03,0,0,0,0,0,0,0,0,0,10000,0,0,0,10000,0,10000,10000
05360P,健策元大95售03  ,0,0,0,0,0,0,0,0,0,10000,0,0,0,10000,0,10000,10000
052146,泰碩群益95購01  ,0,0,0,0,0,0,0,0,0,10000,0,0,0,10000,0,10000,10000
052056,緯穎凱基95購04  ,0,0,0,0,0,0,0,0,0,10000,0,0,0,10000,0,10000,10000
052079,康友元富98購01  ,0,0,0,0,0,0,0,0,0,10000,0,0,0,10000,0,10000,10000
050854,世紀鋼國票97購01,0,0,0,0,0,0,0,0,0,10000,0,0,0,10000,0,10000,10000
05078P,義隆永豐95售01  ,0,0,0,0,0,0,0,0,0,10000,0,0,0,11000,1000,10000,10000
050653,聯鈞凱基96購01  ,0,0,0,0,0,0,0,0,0,10000,0,0,0,10000,0,10000,10000
050551,大立光凱基95購05,0,0,0,0,0,0,0,0,0,10000,0,0,0,10000,0,10000,10000
050545,奇力新凱基95購01,0,0,0,0,0,0,0,0,0,10000,0,0,0,10000,0,10000,10000
05004P,健策統一95售01  ,0,0,0,0,0,0,0,0,0,10000,0,0,0,15000,5000,10000,10000
05008P,大立光元富95售05,0,0,0,0,0,0,0,0,0,10000,0,0,0,10000,0,10000,10000
05005P,台表科統一95售01,0,0,0,0,0,0,0,0,0,10000,0,0,0,10000,0,10000,10000
05041P,大立光凱基95售09,0,0,0,0,0,0,0,0,0,10000,0,0,0,33000,23000,10000,10000
051924,聯茂日盛95購01  ,0,0,0,0,0,0,0,0,0,10000,0,0,0,10000,0,10000,10000
051897,台光電國泰97購01,0,0,0,0,0,0,0,0,0,10000,0,0,0,10000,0,10000,10000
053523,T50反1中信9A購01,0,0,0,0,0,0,0,0,0,10000,0,0,0,10000,0,10000,10000
04690P,國巨群益94售06  ,0,0,0,0,0,0,0,0,0,10000,0,0,0,10000,0,10000,10000
04688P,大立光凱基94售09,0,0,0,0,0,0,0,0,0,10000,0,0,0,10000,0,10000,10000
04685P,訊芯元大94售02  ,0,0,0,0,0,0,0,0,0,10000,0,0,0,10000,0,10000,10000
04692P,大立光群益94售06,0,0,0,0,0,0,0,0,0,10000,0,0,0,10000,0,10000,10000
051725,緯穎永豐95購02  ,0,0,0,0,0,0,0,0,0,10000,0,0,0,10000,0,10000,10000
051792,泰鼎國票96購02  ,0,0,0,0,0,0,0,0,0,10000,0,0,0,10000,0,10000,10000
04548P,大立光元大94售14,0,0,0,0,0,0,0,0,0,10000,0,0,0,10000,0,10000,10000
04619P,華新統一94售02  ,0,0,0,0,0,0,0,0,0,10000,0,0,0,10000,0,10000,10000
04599P,南亞科凱基94售03,0,0,0,0,0,0,0,0,0,10000,0,0,0,10000,0,10000,10000
04601P,大立光凱基94售07,0,0,0,0,0,0,0,0,0,10000,0,0,0,10000,0,10000,10000
04654P,臺股指凱基94售13,0,0,0,0,0,0,0,0,0,10000,0,0,0,10000,0,10000,10000
04833P,鴻海元大94售16  ,0,0,0,0,0,0,0,0,0,10000,0,0,0,330000,320000,10000,10000
04845P,台積電凱基94售33,0,0,0,0,0,0,0,0,0,10000,0,0,0,30000,20000,10000,10000
04840P,大立光元大94售18,0,0,0,0,0,0,0,0,0,10000,0,0,0,10000,0,10000,10000
04851P,創意永豐94售02  ,0,0,0,0,0,0,0,0,0,10000,0,0,0,10000,0,10000,10000
04714P,上海銀元大94售01,0,0,0,0,0,0,0,0,0,10000,0,0,0,10000,0,10000,10000
04888P,臺股指凱基95售03,0,0,0,0,0,0,0,0,0,10000,0,0,0,10000,0,10000,10000
048892,台郡元富97購01  ,0,0,0,0,0,0,0,0,0,10000,0,0,0,10000,0,10000,10000
048311,台積電凱基93購28,0,0,0,0,0,0,0,0,0,10000,0,0,0,26000,16000,10000,10000
04742P,瑞昱統一94售01  ,0,0,0,0,0,0,0,0,0,10000,0,0,0,10000,0,10000,10000
047435,台積電元大94購01,0,0,0,0,0,0,0,0,0,10000,0,0,0,10000,0,10000,10000
04738P,揚明光永豐94售03,0,0,0,0,0,0,0,0,0,10000,0,0,0,10000,0,10000,10000
04750P,臺股指元大94售26,0,0,0,0,0,0,0,0,0,10000,0,0,0,10000,0,10000,10000
04782P,智伸科統一96售01,0,0,0,0,0,0,0,0,0,10000,0,0,0,10000,0,10000,10000
04869P,鴻海元富95售02  ,0,0,0,0,0,0,0,0,0,10000,0,0,0,20000,10000,10000,10000
048701,健策國票95購01  ,0,0,0,0,0,0,0,0,0,10000,0,0,0,10000,0,10000,10000
048748,國巨元富96購01  ,0,0,0,0,0,0,0,0,0,10000,0,0,0,10000,0,10000,10000
04249P,大立光統一94售04,0,0,0,0,0,0,0,0,0,10000,0,0,0,10000,0,10000,10000
049004,聯發科中信96購01,0,0,0,0,0,0,0,0,0,10000,0,0,0,10000,0,10000,10000
03430B,臺股指元大9B熊01,0,0,0,0,0,0,0,0,0,10000,0,0,0,78000,68000,10000,10000
03649C,T50反1凱基99牛05,0,0,0,0,0,0,0,0,0,10000,0,0,0,10000,0,10000,10000
03799P,京元電元大94售01,0,0,0,0,0,0,0,0,0,10000,0,0,0,10000,0,10000,10000
03935P,可成富邦95售01  ,0,0,0,0,0,0,0,0,0,10000,0,0,0,20000,10000,10000,10000
049410,統一凱基94購02  ,0,0,0,0,0,0,0,0,0,10000,0,0,0,10000,0,10000,10000
04928P,大立光凱基95售07,0,0,0,0,0,0,0,0,0,10000,0,0,0,10000,0,10000,10000
04912P,可成元富94售06  ,0,0,0,0,0,0,0,0,0,10000,0,0,0,10000,0,10000,10000
049063,緯穎日盛94購01  ,0,0,0,0,0,0,0,0,0,10000,0,0,0,10000,0,10000,10000
04926P,聯發科凱基95售03,0,0,0,0,0,0,0,0,0,10000,0,0,0,10000,0,10000,10000
049174,台積電凱基94購11,0,0,0,0,0,0,0,0,0,10000,0,0,0,10000,0,10000,10000
049789,世紀鋼兆豐94購01,0,0,0,0,0,0,0,0,0,10000,0,0,0,10000,0,10000,10000
04974P,聯發科凱基96售02,0,0,0,0,0,0,0,0,0,10000,0,0,0,10000,0,10000,10000
049705,緯穎元大94購05  ,0,0,0,0,0,0,0,0,0,10000,0,0,0,30000,20000,10000,10000
049498,茂林元大95購01  ,0,0,0,0,0,0,0,0,0,10000,0,0,0,10000,0,10000,10000
049501,台郡元大95購01  ,0,0,0,0,0,0,0,0,0,10000,0,0,0,10000,0,10000,10000
00770,國泰北美科技    ,0,0,0,0,0,0,0,0,0,10000,0,0,0,13000,3000,10000,10000
04338P,亞光元大93售04  ,0,0,0,0,0,0,0,0,0,10000,0,0,0,10000,0,10000,10000
04372P,臺股指凱基94售02,0,0,0,0,0,0,0,0,0,10000,0,0,0,10000,0,10000,10000
04355P,大立光永豐94售02,0,0,0,0,0,0,0,0,0,10000,0,0,0,10000,0,10000,10000
04378P,大立光元大94售05,0,0,0,0,0,0,0,0,0,10000,0,0,0,10000,0,10000,10000
04375P,卜蜂元大94售01  ,0,0,0,0,0,0,0,0,0,10000,0,0,0,10000,0,10000,10000
04377P,大立光元大94售04,0,0,0,0,0,0,0,0,0,10000,0,0,0,10000,0,10000,10000
043973,元金2X元大94購02,0,0,0,0,0,0,0,0,0,10000,0,0,0,10000,0,10000,10000
04397P,玉晶光群益95售03,0,0,0,0,0,0,0,0,0,10000,0,0,0,20000,10000,10000,10000
03128P,玉晶光國泰03售04,0,0,0,0,0,0,0,0,0,10000,0,0,0,10000,0,10000,10000
4164,承業醫          ,111000,100000,11000,0,0,0,0,1000,-1000,0,0,0,0,0,0,0,10000
8473,山林水          ,22000,12000,10000,0,0,0,0,0,0,0,0,0,0,0,0,0,10000
06411P,晶相光永豐97售03,0,0,0,0,0,0,0,0,0,10000,0,0,0,10000,0,10000,10000
06364P,鴻海凱基97售08  ,0,0,0,0,0,0,0,0,0,10000,0,0,0,210000,200000,10000,10000
06188P,大立光元富97售01,0,0,0,0,0,0,0,0,0,10000,0,0,0,10000,0,10000,10000
06167P,欣興國票97售05  ,0,0,0,0,0,0,0,0,0,10000,0,0,0,10000,0,10000,10000
06179P,國巨群益97售04  ,0,0,0,0,0,0,0,0,0,10000,0,0,0,10000,0,10000,10000
06157P,聯鈞統一97售02  ,0,0,0,0,0,0,0,0,0,10000,0,0,0,10000,0,10000,10000
05955P,台光電國票97售02,0,0,0,0,0,0,0,0,0,10000,0,0,0,10000,0,10000,10000
05937P,台積電凱基96售21,0,0,0,0,0,0,0,0,0,10000,0,0,0,10000,0,10000,10000
06006P,欣興永豐96售04  ,0,0,0,0,0,0,0,0,0,10000,0,0,0,10000,0,10000,10000
06011P,貿聯元富96售04  ,0,0,0,0,0,0,0,0,0,10000,0,0,0,10000,0,10000,10000
06052P,台郡國票97售06  ,0,0,0,0,0,0,0,0,0,10000,0,0,0,10000,0,10000,10000
06917P,聯電亞東99售01  ,0,0,0,0,0,0,0,0,0,10000,0,0,0,10000,0,10000,10000
06766P,玉晶光元大99售10,0,0,0,0,0,0,0,0,0,10000,0,0,0,10000,0,10000,10000
06777P,鴻海元大99售06  ,0,0,0,0,0,0,0,0,0,10000,0,0,0,10000,0,10000,10000
07003P,聯發科兆豐99售02,0,0,0,0,0,0,0,0,0,10000,0,0,0,10000,0,10000,10000
06990P,康友元富99售03  ,0,0,0,0,0,0,0,0,0,10000,0,0,0,20000,10000,10000,10000
07023P,南電永豐99售02  ,0,0,0,0,0,0,0,0,0,10000,0,0,0,10000,0,10000,10000
07053P,台灣50兆豐01售01,0,0,0,0,0,0,0,0,0,10000,0,0,0,10000,0,10000,10000
07055P,景碩群益9A售02  ,0,0,0,0,0,0,0,0,0,10000,0,0,0,10000,0,10000,10000
07107P,臺股指統一99售07,0,0,0,0,0,0,0,0,0,10000,0,0,0,10000,0,10000,10000
2388,威盛            ,285000,277000,8000,0,0,0,2000,0,2000,0,0,0,0,0,0,0,10000
2415,錩新            ,13000,3000,10000,0,0,0,0,0,0,0,0,0,0,0,0,0,10000
1307,三芳            ,32000,22000,10000,0,0,0,0,0,0,0,0,0,0,0,0,0,10000
1529,樂士            ,0,0,0,0,0,0,0,0,0,10000,10000,0,10000,0,0,0,10000
058454,嘉晶永豐99購01  ,0,0,0,0,0,0,0,0,0,9000,0,0,0,21000,12000,9000,9000
055710,亞德客元大97購03,0,0,0,0,0,0,0,0,0,9000,0,0,0,10000,1000,9000,9000
059247,可成凱基99購05  ,0,0,0,0,0,0,0,0,0,9000,0,0,0,36000,27000,9000,9000
054575,聯鈞元大97購01  ,0,0,0,0,0,0,0,0,0,9000,0,0,0,9000,0,9000,9000
056918,台積電兆豐98購01,0,0,0,0,0,0,0,0,0,9000,0,0,0,9000,0,9000,9000
057392,福懋科永豐98購01,0,0,0,0,0,0,0,0,0,9000,0,0,0,9000,0,9000,9000
057643,聯發科元大99購03,0,0,0,0,0,0,0,0,0,9000,0,0,0,10000,1000,9000,9000
05848P,臺股指元大96售24,0,0,0,0,0,0,0,0,0,9000,0,0,0,9000,0,9000,9000
058493,台積電群益9A購01,0,0,0,0,0,0,0,0,0,9000,0,0,0,9000,0,9000,9000
054427,潤泰全富邦97購01,0,0,0,0,0,0,0,0,0,9000,0,0,0,102000,93000,9000,9000
044639,京元電元富94購01,0,0,0,0,0,0,0,0,0,9000,0,0,0,10000,1000,9000,9000
00763U,街口道瓊銅      ,0,0,0,0,0,0,0,0,0,9000,0,0,0,57000,48000,9000,9000
049559,香港反統一94購02,0,0,0,0,0,0,0,0,0,9000,0,0,0,9000,0,9000,9000
03889P,國巨國泰94售04  ,0,0,0,0,0,0,0,0,0,9000,0,0,0,9000,0,9000,9000
03686P,大立光統一98售02,0,0,0,0,0,0,0,0,0,9000,0,0,0,9000,0,9000,9000
036630,玉山金台新99購01,0,0,0,0,0,0,0,0,0,9000,0,0,0,9000,0,9000,9000
04838P,宏達電元大95售02,0,0,0,0,0,0,0,0,0,9000,0,0,0,29000,20000,9000,9000
04568P,瑞昱兆豐94售02  ,0,0,0,0,0,0,0,0,0,9000,0,0,0,10000,1000,9000,9000
05178P,大立光凱基96售05,0,0,0,0,0,0,0,0,0,9000,0,0,0,19000,10000,9000,9000
051380,禾伸堂群益95購01,0,0,0,0,0,0,0,0,0,9000,0,0,0,9000,0,9000,9000
052451,旭富元大95購02  ,0,0,0,0,0,0,0,0,0,9000,0,0,0,9000,0,9000,9000
058738,FBVIX中信03購04 ,0,0,0,0,0,0,0,0,0,9000,0,0,0,9000,0,9000,9000
058853,日月光群益99購01,0,0,0,0,0,0,0,0,0,9000,0,0,0,10000,1000,9000,9000
1446,宏和            ,49000,40000,9000,0,0,0,0,0,0,0,0,0,0,0,0,0,9000
1612,宏泰            ,46000,38000,8000,0,0,0,0,0,0,1000,1000,0,1000,0,0,0,9000
1568,倉佑            ,14000,5000,9000,0,0,0,0,0,0,0,0,0,0,0,0,0,9000
2428,興勤            ,77000,65000,12000,0,0,0,0,3000,-3000,0,0,3000,-3000,5000,2000,3000,9000
2414,精技            ,45000,36000,9000,0,0,0,0,0,0,0,0,0,0,0,0,0,9000
07048P,台積電中信03售01,0,0,0,0,0,0,0,0,0,9000,0,0,0,38000,29000,9000,9000
07014P,華通元大99售04  ,0,0,0,0,0,0,0,0,0,9000,0,0,0,19000,10000,9000,9000
07006P,旺宏統一9B售03  ,0,0,0,0,0,0,0,0,0,9000,0,0,0,9000,0,9000,9000
06060P,玉晶光元大97售03,0,0,0,0,0,0,0,0,0,9000,0,0,0,34000,25000,9000,9000
05984P,台積電統一98售01,0,0,0,0,0,0,0,0,0,9000,0,0,0,9000,0,9000,9000
9905,大華            ,46000,37000,9000,0,0,0,0,0,0,0,0,0,0,0,0,0,9000
6216,居易            ,27000,18000,9000,0,0,0,0,0,0,0,0,0,0,0,0,0,9000
6164,華興            ,26000,15000,11000,0,0,0,0,0,0,-2000,0,2000,-2000,0,0,0,9000
2849,安泰銀          ,31000,11000,20000,0,0,0,0,10642,-10642,-1000,0,1000,-1000,0,0,0,8358
055337,超眾兆豐98購01  ,0,0,0,0,0,0,0,0,0,8000,0,0,0,8000,0,8000,8000
055427,技嘉群益98購01  ,0,0,0,0,0,0,0,0,0,8000,0,0,0,8000,0,8000,8000
054886,大毅統一97購01  ,0,0,0,0,0,0,0,0,0,8000,0,0,0,8000,0,8000,8000
058522,聯茂元大99購07  ,0,0,0,0,0,0,0,0,0,8000,0,0,0,30000,22000,8000,8000
057524,旺宏元大99購04  ,0,0,0,0,0,0,0,0,0,8000,0,0,0,8000,0,8000,8000
056423,奇鋐統一98購01  ,0,0,0,0,0,0,0,0,0,8000,0,0,0,13000,5000,8000,8000
05644P,大立光中信9A售03,0,0,0,0,0,0,0,0,0,8000,0,0,0,24000,16000,8000,8000
055832,台達電元大97購02,0,0,0,0,0,0,0,0,0,8000,0,0,0,8000,0,8000,8000
057188,佐登元大98購01  ,0,0,0,0,0,0,0,0,0,8000,0,0,0,8000,0,8000,8000
054617,超眾永豐97購01  ,0,0,0,0,0,0,0,0,0,8000,0,0,0,8000,0,8000,8000
057869,大立光凱基99購01,0,0,0,0,0,0,0,0,0,8000,0,0,0,10000,2000,8000,8000
054264,超眾元大97購02  ,0,0,0,0,0,0,0,0,0,8000,0,0,0,8000,0,8000,8000
059077,FBVIX元大99購05 ,0,0,0,0,0,0,0,0,0,8000,0,0,0,10000,2000,8000,8000
05906P,國巨元富96售05  ,0,0,0,0,0,0,0,0,0,8000,0,0,0,8000,0,8000,8000
059120,致伸永豐99購01  ,0,0,0,0,0,0,0,0,0,8000,0,0,0,8000,0,8000,8000
06637P,大立光凱基98售15,0,0,0,0,0,0,0,0,0,8000,0,0,0,8000,0,8000,8000
057815,信邦元大98購01  ,0,0,0,0,0,0,0,0,0,8000,0,0,0,75000,67000,8000,8000
055499,大立光元大98購05,0,0,0,0,0,0,0,0,0,8000,0,0,0,8000,0,8000,8000
058173,台積電凱基99購04,0,0,0,0,0,0,0,0,0,8000,0,0,0,13000,5000,8000,8000
058946,SGBR2X群益9B購01,0,0,0,0,0,0,0,0,0,8000,0,0,0,8000,0,8000,8000
05298P,上銀元大95售03  ,0,0,0,0,0,0,0,0,0,8000,0,0,0,10000,2000,8000,8000
052733,台郡國泰97購01  ,0,0,0,0,0,0,0,0,0,8000,0,0,0,8000,0,8000,8000
05219P,鴻海元大95售17  ,0,0,0,0,0,0,0,0,0,8000,0,0,0,8000,0,8000,8000
050671,超眾永豐94購04  ,0,0,0,0,0,0,0,0,0,8000,0,0,0,8000,0,8000,8000
053322,京鼎群益97購01  ,0,0,0,0,0,0,0,0,0,8000,0,0,0,8000,0,8000,8000
04709P,台積電元大94售15,0,0,0,0,0,0,0,0,0,8000,0,0,0,8000,0,8000,8000
048220,鴻海凱基93購35  ,0,0,0,0,0,0,0,0,0,8000,0,0,0,8000,0,8000,8000
2705,六福            ,23000,15000,8000,0,0,0,0,0,0,0,0,0,0,0,0,0,8000
2468,華經            ,22000,14000,8000,0,0,0,0,0,0,0,0,0,0,0,0,0,8000
2465,麗臺            ,18000,10000,8000,0,0,0,0,0,0,0,0,0,0,0,0,0,8000
1598,岱宇            ,60000,52000,8000,0,0,0,0,0,0,0,0,0,0,0,0,0,8000
1535,中宇            ,17000,8000,9000,0,0,0,0,0,0,-1000,0,1000,-1000,0,0,0,8000
06091P,華新科統一97售01,0,0,0,0,0,0,0,0,0,8000,0,0,0,8000,0,8000,8000
06124P,超眾元大97售03  ,0,55000,-55000,0,0,0,0,0,0,63000,0,0,0,85000,22000,63000,8000
06207P,聯發科凱基97售07,0,0,0,0,0,0,0,0,0,8000,0,0,0,8000,0,8000,8000
07010P,T50正2凱基9C售01,0,0,0,0,0,0,0,0,0,8000,0,0,0,8000,0,8000,8000
06971P,台光電元大99售03,0,0,0,0,0,0,0,0,0,8000,0,0,0,8000,0,8000,8000
07094P,華通國票9A售03  ,0,0,0,0,0,0,0,0,0,8000,0,0,0,10000,2000,8000,8000
07129P,華新科元大99售14,0,0,0,0,0,0,0,0,0,8000,0,0,0,8000,0,8000,8000
06499P,臺股指元大9A售04,0,0,0,0,0,0,0,0,0,8000,0,0,0,10000,2000,8000,8000
5288,豐祥-KY         ,49000,41000,8000,0,0,0,0,0,0,0,0,0,0,0,0,0,8000
3645,達邁            ,148000,137000,11000,0,0,0,0,0,0,-3000,0,3000,-3000,0,0,0,8000
3679,新至陞          ,19000,10000,9000,0,0,0,0,0,0,-1000,0,1000,-1000,0,0,0,8000
6573,虹揚-KY         ,13000,5000,8000,0,0,0,0,0,0,0,0,0,0,0,0,0,8000
8480,泰昇-KY         ,16000,8000,8000,0,0,0,0,0,0,0,0,0,0,0,0,0,8000
058238,奇鋐元大99購02  ,0,0,0,0,0,0,0,0,0,7000,0,0,0,7000,0,7000,7000
058006,台郡群益98購04  ,0,0,0,0,0,0,0,0,0,7000,0,0,0,10000,3000,7000,7000
05839P,臺股指富邦96售06,0,0,0,0,0,0,0,0,0,7000,0,0,0,7000,0,7000,7000
05548P,臺股指元大96售02,0,0,0,0,0,0,0,0,0,7000,0,0,0,7000,0,7000,7000
06580P,元油2X凱基9A售06,0,0,0,0,0,0,0,0,0,7000,0,0,0,7000,0,7000,7000
06584P,欣興凱基98售03  ,0,0,0,0,0,0,0,0,0,7000,0,0,0,7000,0,7000,7000
059244,聯發科凱基99購13,0,0,0,0,0,0,0,0,0,7000,0,0,0,8000,1000,7000,7000
059221,聯發科元大99購21,0,0,0,0,0,0,0,0,0,7000,0,0,0,95000,88000,7000,7000
059219,旺宏元大99購12  ,0,0,0,0,0,0,0,0,0,7000,0,0,0,41000,34000,7000,7000
057059,易華電元大99購01,0,0,0,0,0,0,0,0,0,7000,0,0,0,7000,0,7000,7000
057263,可成兆豐99購01  ,7000,0,7000,0,0,0,0,0,0,0,0,0,0,0,0,0,7000
057227,台積電凱基98購15,0,0,0,0,0,0,0,0,0,7000,0,0,0,7000,0,7000,7000
056926,日月光兆豐98購01,0,0,0,0,0,0,0,0,0,7000,0,0,0,21000,14000,7000,7000
056064,大立光元大97購14,0,0,0,0,0,0,0,0,0,7000,0,0,0,10000,3000,7000,7000
04795P,聯發科元大94售09,0,0,0,0,0,0,0,0,0,7000,0,0,0,8000,1000,7000,7000
047529,嘉晶元大94購02  ,0,0,0,0,0,0,0,0,0,7000,0,0,0,7000,0,7000,7000
04584P,楠梓電永豐94售01,0,0,0,0,0,0,0,0,0,7000,0,0,0,7000,0,7000,7000
04578P,微星富邦96售01  ,0,0,0,0,0,0,0,0,0,7000,0,0,0,7000,0,7000,7000
03454P,台積電凱基03售14,0,0,0,0,0,0,0,0,0,7000,0,0,0,7000,0,7000,7000
006204,永豐臺灣加權    ,0,0,0,0,0,0,0,0,0,7000,0,0,0,7000,0,7000,7000
04398P,致伸群益94售02  ,0,0,0,0,0,0,0,0,0,7000,0,0,0,10000,3000,7000,7000
05088P,大立光富邦99售01,0,0,0,0,0,0,0,0,0,7000,0,0,0,10000,3000,7000,7000
050039,鴻海中信94購03  ,0,0,0,0,0,0,0,0,0,7000,0,0,0,435000,428000,7000,7000
052420,道瓊反國票9B購01,0,0,0,0,0,0,0,0,0,7000,0,0,0,7000,0,7000,7000
052341,泰鼎凱基96購02  ,0,0,0,0,0,0,0,0,0,7000,0,0,0,7000,0,7000,7000
058905,京鼎元大99購01  ,0,0,0,0,0,0,0,0,0,7000,0,0,0,7000,0,7000,7000
8411,福貞-KY         ,25000,18000,7000,0,0,0,0,0,0,0,0,0,0,0,0,0,7000
6442,光聖            ,13000,6000,7000,0,0,0,0,0,0,0,0,0,0,0,0,0,7000
4144,康聯-KY         ,28000,21000,7000,0,0,0,0,0,0,0,0,0,0,0,0,0,7000
06493P,聯發科永豐98售02,0,0,0,0,0,0,0,0,0,7000,0,0,0,7000,0,7000,7000
06788P,臺股指元大98售05,0,0,0,0,0,0,0,0,0,7000,0,0,0,7000,0,7000,7000
06760P,台積電元大98售18,0,0,0,0,0,0,0,0,0,7000,0,0,0,49000,42000,7000,7000
07026P,超眾凱基99售03  ,0,0,0,0,0,0,0,0,0,7000,0,0,0,210000,203000,7000,7000
06362P,臺股指麥證97售01,0,0,0,7000,0,7000,0,0,0,7000,0,0,0,7000,0,7000,7000
06356P,啟碁永豐97售01  ,0,0,0,0,0,0,0,0,0,7000,0,0,0,7000,0,7000,7000
05991P,聯茂群益96售05  ,0,0,0,0,0,0,0,0,0,7000,0,0,0,7000,0,7000,7000
07222P,台灣50元大01售04,0,0,0,0,0,0,0,0,0,7000,0,0,0,7000,0,7000,7000
2731,雄獅            ,119000,112000,7000,0,0,0,0,0,0,0,0,0,0,0,0,0,7000
2062,橋椿            ,28000,21000,7000,0,0,0,0,0,0,0,0,0,0,0,0,0,7000
054775,復盛國票98購01  ,0,0,0,0,0,0,0,0,0,6000,0,0,0,6000,0,6000,6000
054334,超眾永豐96購04  ,0,0,0,0,0,0,0,0,0,6000,0,0,0,6000,0,6000,6000
056443,南亞科凱基98購03,0,0,0,0,0,0,0,0,0,6000,0,0,0,6000,0,6000,6000
05519P,上証2X凱基98售01,0,0,0,0,0,0,0,0,0,6000,0,0,0,6000,0,6000,6000
055290,玉晶光元大98購08,0,0,0,0,0,0,0,0,0,6000,0,0,0,26000,20000,6000,6000
057534,旭富元大98購01  ,0,0,0,0,0,0,0,0,0,6000,0,0,0,8000,2000,6000,6000
058497,新日興群益9B購01,0,0,0,0,0,0,0,0,0,6000,0,0,0,6000,0,6000,6000
05741P,聯發科元大96售14,0,0,0,0,0,0,0,0,0,6000,0,0,0,14000,8000,6000,6000
057386,聯發科永豐98購04,0,0,0,0,0,0,0,0,0,6000,0,0,0,6000,0,6000,6000
05694P,台積電凱基96售09,0,0,0,0,0,0,0,0,0,6000,0,0,0,486000,480000,6000,6000
057149,京鼎國票99購02  ,0,0,0,0,0,0,0,0,0,6000,0,0,0,6000,0,6000,6000
057642,南亞科元大98購07,0,0,0,0,0,0,0,0,0,6000,0,0,0,6000,0,6000,6000
056355,台積電元大98購08,0,0,0,0,0,0,0,0,0,6000,0,0,0,46000,40000,6000,6000
059061,晶技凱基9A購01  ,0,0,0,0,0,0,0,0,0,6000,0,0,0,6000,0,6000,6000
054308,嘉晶凱基98購01  ,0,0,0,0,0,0,0,0,0,6000,0,0,0,6000,0,6000,6000
05465P,台表科永豐95售03,0,0,0,0,0,0,0,0,0,6000,0,0,0,6000,0,6000,6000
054739,義隆凱基98購02  ,0,0,0,0,0,0,0,0,0,6000,0,0,0,6000,0,6000,6000
057796,鴻海兆豐99購03  ,0,0,0,0,0,0,0,0,0,6000,0,0,0,6000,0,6000,6000
056787,健鼎群益98購01  ,0,0,0,0,0,0,0,0,0,6000,0,0,0,11000,5000,6000,6000
058432,台積電統一9B購03,0,0,0,0,0,0,0,0,0,6000,0,0,0,6000,0,6000,6000
05791P,臺股指中信99售06,0,0,0,0,0,0,0,0,0,6000,0,0,0,6000,0,6000,6000
058135,景碩元大99購01  ,0,0,0,0,0,0,0,0,0,6000,0,0,0,6000,0,6000,6000
058127,FBVIX元大9C購01 ,0,0,0,0,0,0,0,0,0,6000,0,0,0,17000,11000,6000,6000
055022,精元國泰99購01  ,0,0,0,0,0,0,0,0,0,6000,0,0,0,6000,0,6000,6000
058687,聯茂凱基9A購01  ,0,0,0,0,0,0,0,0,0,6000,0,0,0,16000,10000,6000,6000
053006,玉晶光永豐96購03,0,0,0,0,0,0,0,0,0,6000,0,0,0,6000,0,6000,6000
049985,華擎凱基94購01  ,0,0,0,0,0,0,0,0,0,6000,0,0,0,6000,0,6000,6000
051092,禾伸堂元大95購02,0,0,0,0,0,0,0,0,0,6000,0,0,0,6000,0,6000,6000
051176,聯發科凱基95購07,0,0,0,0,0,0,0,0,0,6000,0,0,0,6000,0,6000,6000
05226P,智邦統一95售01  ,0,0,0,0,0,0,0,0,0,6000,0,0,0,6000,0,6000,6000
053994,微星群益96購01  ,0,0,0,0,0,0,0,0,0,6000,0,0,0,6000,0,6000,6000
04340P,易華電元大94售02,0,0,0,0,0,0,0,0,0,6000,0,0,0,6000,0,6000,6000
04466P,大立光元富94售04,0,0,0,0,0,0,0,0,0,6000,0,0,0,10000,4000,6000,6000
044871,國巨統一93購05  ,0,0,0,0,0,0,0,0,0,6000,0,0,0,6000,0,6000,6000
00866,新光Shiller CAPE,0,0,0,0,0,0,0,0,0,6000,0,0,0,32000,26000,6000,6000
053282,彩晶元大9C購01  ,0,0,0,0,0,0,0,0,0,6000,0,0,0,6000,0,6000,6000
053504,祥碩兆豐96購01  ,0,0,0,0,0,0,0,0,0,6000,0,0,0,6000,0,6000,6000
048871,晶豪科國票94購01,0,0,0,0,0,0,0,0,0,6000,0,0,0,6000,0,6000,6000
2881B,富邦金乙特      ,0,0,0,0,0,0,0,0,0,6000,11000,5000,6000,0,0,0,6000
07196P,大立光元大99售13,0,0,0,0,0,0,0,0,0,6000,0,0,0,6000,0,6000,6000
1232,大統益          ,50000,38000,12000,0,0,0,0,1000,-1000,-5000,0,5000,-5000,0,0,0,6000
1521,大億            ,16000,8000,8000,0,0,0,0,0,0,-2000,0,2000,-2000,0,0,0,6000
1906,寶隆            ,93000,87000,6000,0,0,0,0,0,0,0,0,0,0,0,0,0,6000
06055P,華通凱基97售04  ,0,0,0,0,0,0,0,0,0,6000,0,0,0,6000,0,6000,6000
06203P,奇力新中信98售02,0,0,0,0,0,0,0,0,0,6000,0,0,0,6000,0,6000,6000
06160P,台達電群益97售01,0,0,0,0,0,0,0,0,0,6000,0,0,0,20000,14000,6000,6000
07054P,華新科兆豐99售04,0,0,0,0,0,0,0,0,0,6000,0,0,0,6000,0,6000,6000
06927P,台灣50元大9B售03,0,0,0,0,0,0,0,0,0,6000,0,0,0,6000,0,6000,6000
4722,國精化          ,28000,22000,6000,0,0,0,0,0,0,0,0,0,0,0,0,0,6000
5243,乙盛-KY         ,177000,171000,6000,0,0,0,0,0,0,0,0,0,0,0,0,0,6000
6168,宏齊            ,116000,105000,11000,0,0,0,0,0,0,-5000,0,5000,-5000,0,0,0,6000
3027,盛達            ,20000,13000,7000,0,0,0,0,0,0,-1000,0,1000,-1000,0,0,0,6000
6215,和椿            ,18000,12000,6000,0,0,0,0,0,0,0,0,0,0,0,0,0,6000
6201,亞弘電          ,13000,7000,6000,0,0,0,0,0,0,0,0,0,0,0,0,0,6000
057751,神達國票99購02  ,0,0,0,0,0,0,0,0,0,5000,0,0,0,10000,5000,5000,5000
057776,京元電群益98購02,0,0,0,0,0,0,0,0,0,5000,0,0,0,10000,5000,5000,5000
057780,台郡群益98購02  ,0,0,0,0,0,0,0,0,0,5000,0,0,0,5000,0,5000,5000
05778P,台積電統一96售05,0,0,0,0,0,0,0,0,0,5000,0,0,0,5000,0,5000,5000
058247,聯茂元大99購04  ,0,0,0,0,0,0,0,0,0,5000,0,0,0,5000,0,5000,5000
058184,鴻海永豐99購01  ,0,0,0,0,0,0,0,0,0,5000,0,0,0,5000,0,5000,5000
058278,FBVIX中信03購02 ,0,0,0,0,0,0,0,0,0,5000,0,0,0,5000,0,5000,5000
05792P,臺股指中信99售07,0,0,0,0,0,0,0,0,0,5000,0,0,0,5000,0,5000,5000
058360,台光電凱基9A購02,0,0,0,0,0,0,0,0,0,5000,0,0,0,5000,0,5000,5000
058338,康友元富99購01  ,0,0,0,0,0,0,0,0,0,5000,0,0,0,5000,0,5000,5000
055728,緯穎元大97購03  ,0,0,0,0,0,0,0,0,0,5000,0,0,0,5000,0,5000,5000
055601,茂林元大97購03  ,0,0,0,0,0,0,0,0,0,5000,0,0,0,5000,0,5000,5000
05409P,京元電元富95售05,0,0,0,0,0,0,0,0,0,5000,0,0,0,5000,0,5000,5000
058022,樺漢凱基99購02  ,0,0,0,0,0,0,0,0,0,5000,0,0,0,5000,0,5000,5000
055470,南亞科凱基97購01,0,0,0,0,0,0,0,0,0,5000,0,0,0,5000,0,5000,5000
057871,國巨元大99購09  ,0,0,0,0,0,0,0,0,0,5000,0,0,0,5000,0,5000,5000
059052,為升凱基99購01  ,0,0,0,0,0,0,0,0,0,5000,0,0,0,5000,0,5000,5000
059210,鴻海元大99購26  ,0,0,0,0,0,0,0,0,0,5000,0,0,0,159000,154000,5000,5000
06635P,聯發科凱基98售15,0,0,0,0,0,0,0,0,0,5000,0,0,0,5000,0,5000,5000
059352,台灣50富邦01購01,0,0,0,0,0,0,0,0,0,5000,0,0,0,5000,0,5000,5000
06622P,牧德元大98售01  ,0,0,0,0,0,0,0,0,0,5000,0,0,0,5000,0,5000,5000
06728P,全新元大98售03  ,0,0,0,0,0,0,0,0,0,5000,0,0,0,5000,0,5000,5000
06525P,上証2X國泰99售01,0,0,0,0,0,0,0,0,0,5000,0,0,0,5000,0,5000,5000
06705P,臻鼎元富98售03  ,0,0,0,0,0,0,0,0,0,5000,0,0,0,5000,0,5000,5000
06708P,臺股指台新99售05,0,0,0,0,0,0,0,0,0,5000,0,0,0,5000,0,5000,5000
059299,欣興元富99購03  ,0,0,0,0,0,0,0,0,0,5000,0,0,0,40000,35000,5000,5000
06087P,國巨永豐97售01  ,0,0,0,0,0,0,0,0,0,5000,0,0,0,5000,0,5000,5000
056366,玉晶光元大99購04,0,0,0,0,0,0,0,0,0,5000,0,0,0,5000,0,5000,5000
057654,A50正2中信98購01,0,0,0,0,0,0,0,0,0,5000,0,0,0,5000,0,5000,5000
057570,技嘉永豐98購02  ,0,0,0,0,0,0,0,0,0,5000,0,0,0,5000,0,5000,5000
055844,大毅元大98購01  ,0,0,0,0,0,0,0,0,0,5000,0,0,0,5000,0,5000,5000
055852,聯鈞元大98購01  ,0,0,0,0,0,0,0,0,0,5000,0,0,0,15000,10000,5000,5000
056567,瀚宇博群益98購02,0,0,0,0,0,0,0,0,0,5000,0,0,0,5000,0,5000,5000
05655P,南亞科統一96售01,0,0,0,0,0,0,0,0,0,5000,0,0,0,5000,0,5000,5000
057128,台光電凱基98購03,0,0,0,0,0,0,0,0,0,5000,0,0,0,10000,5000,5000,5000
057670,欣興元大99購02  ,0,0,0,0,0,0,0,0,0,5000,0,0,0,5000,0,5000,5000
057703,矽力群益98購01  ,0,0,0,0,0,0,0,0,0,5000,0,0,0,5000,0,5000,5000
057396,健鼎中信99購01  ,0,0,0,0,0,0,0,0,0,5000,0,0,0,5000,0,5000,5000
057343,道瓊反統一9A購01,0,0,0,0,0,0,0,0,0,5000,0,0,0,5000,0,5000,5000
058498,世紀鋼群益99購01,0,0,0,0,0,0,0,0,0,5000,0,0,0,5000,0,5000,5000
058492,華通群益9B購01  ,0,0,0,0,0,0,0,0,0,5000,0,0,0,120000,115000,5000,5000
058608,華新科元大99購13,0,0,0,0,0,0,0,0,0,5000,0,0,0,32000,27000,5000,5000
058612,健策元大99購02  ,0,0,0,0,0,0,0,0,0,5000,0,0,0,100000,95000,5000,5000
058654,鴻海中信03購01  ,0,0,0,0,0,0,0,0,0,5000,0,0,0,5000,0,5000,5000
055330,上銀兆豐98購02  ,0,0,0,0,0,0,0,0,0,5000,0,0,0,5000,0,5000,5000
055156,華新科元大99購02,0,0,0,0,0,0,0,0,0,5000,0,0,0,5000,0,5000,5000
05542P,滬深2X元富96售01,0,0,0,0,0,0,0,0,0,5000,0,0,0,5000,0,5000,5000
056087,世芯統一97購01  ,0,0,0,0,0,0,0,0,0,5000,0,0,0,5000,0,5000,5000
056070,新日興元大97購04,0,0,0,0,0,0,0,0,0,5000,0,0,0,5000,0,5000,5000
054916,聯發科凱基98購04,0,0,0,0,0,0,0,0,0,5000,0,0,0,5000,0,5000,5000
05490P,鴻海元大95售23  ,0,0,0,0,0,0,0,0,0,5000,0,0,0,5000,0,5000,5000
054955,宏達電元大98購01,0,0,0,0,0,0,0,0,0,5000,0,0,0,5000,0,5000,5000
04704P,臺股指統一95售01,0,0,0,0,0,0,0,0,0,5000,0,0,0,5000,0,5000,5000
047405,香港2X統一96購01,0,0,0,0,0,0,0,0,0,5000,0,0,0,5000,0,5000,5000
045437,大立光統一94購02,0,0,0,0,0,0,0,0,0,5000,0,0,0,5000,0,5000,5000
045444,群創元富98購02  ,0,0,0,0,0,0,0,0,0,5000,0,0,0,10000,5000,5000,5000
049913,微星元大94購01  ,0,0,0,0,0,0,0,0,0,5000,0,0,0,5000,0,5000,5000
053343,宏達電國票97購02,0,0,0,0,0,0,0,0,0,5000,0,0,0,5000,0,5000,5000
053382,友達元大9C購02  ,0,0,0,0,0,0,0,0,0,5000,0,0,0,5000,0,5000,5000
05186P,鈺齊中信95售02  ,0,0,0,0,0,0,0,0,0,5000,0,0,0,5000,0,5000,5000
045759,T50反1統一94購02,0,0,0,0,0,0,0,0,0,5000,0,0,0,5000,0,5000,5000
04630P,嘉聯益元大95售02,0,0,0,0,0,0,0,0,0,5000,0,0,0,5000,0,5000,5000
046685,世紀鋼群益93購02,0,0,0,0,0,0,0,0,0,5000,0,0,0,5000,0,5000,5000
04417P,光罩國泰95售02  ,0,0,0,0,0,0,0,0,0,5000,0,0,0,5000,0,5000,5000
04408P,台積電統一94售06,0,0,0,0,0,0,0,0,0,5000,0,0,0,5000,0,5000,5000
044249,T50反1中信94購01,0,0,0,0,0,0,0,0,0,5000,0,0,0,5000,0,5000,5000
042676,臺指反元大93購01,0,0,0,0,0,0,0,0,0,5000,0,0,0,5000,0,5000,5000
04116P,京元電元大94售02,0,0,0,0,0,0,0,0,0,5000,0,0,0,26000,21000,5000,5000
049579,鴻海元大94購06  ,0,0,0,0,0,0,0,0,0,5000,0,0,0,98000,93000,5000,5000
049667,大立光國泰96購01,0,0,0,0,0,0,0,0,0,5000,0,0,0,5000,0,5000,5000
04967P,台表科永豐94售04,0,0,0,0,0,0,0,0,0,5000,0,0,0,5000,0,5000,5000
049231,鴻海富邦95購02  ,0,0,0,0,0,0,0,0,0,5000,0,0,0,5000,0,5000,5000
049436,義隆國泰96購02  ,0,0,0,0,0,0,0,0,0,5000,0,0,0,5000,0,5000,5000
052552,智邦國票97購01  ,0,0,0,0,0,0,0,0,0,5000,0,0,0,5000,0,5000,5000
05260P,和碩元富95售02  ,0,0,0,0,0,0,0,0,0,5000,0,0,0,5000,0,5000,5000
052672,世紀鋼群益96購02,0,0,0,0,0,0,0,0,0,5000,0,0,0,40000,35000,5000,5000
053951,T50反1台新06購02,0,0,0,0,0,0,0,0,0,5000,0,0,0,5000,0,5000,5000
05121P,創意國泰96售01  ,0,0,0,0,0,0,0,0,0,5000,0,0,0,5000,0,5000,5000
051384,康友群益95購01  ,0,0,0,0,0,0,0,0,0,5000,0,0,0,5000,0,5000,5000
051577,台積電元大97購03,0,0,0,0,0,0,0,0,0,5000,0,0,0,5000,0,5000,5000
05379P,可成凱基95售11  ,0,0,0,0,0,0,0,0,0,5000,0,0,0,5000,0,5000,5000
053685,台積電元大96購18,0,0,0,0,0,0,0,0,0,5000,0,0,0,5000,0,5000,5000
053621,臺股指群益96購07,0,0,0,0,0,0,0,0,0,5000,0,0,0,5000,0,5000,5000
05002P,台積電統一95售03,0,0,0,0,0,0,0,0,0,5000,0,0,0,5000,0,5000,5000
05055P,台表科群益95售01,0,0,0,0,0,0,0,0,0,5000,0,0,0,5000,0,5000,5000
053023,泰鼎國泰97購01  ,0,0,0,0,0,0,0,0,0,5000,0,0,0,5000,0,5000,5000
052950,超眾國票98購01  ,0,0,0,0,0,0,0,0,0,5000,0,0,0,5000,0,5000,5000
053222,聯茂凱基96購03  ,0,0,0,0,0,0,0,0,0,5000,0,0,0,5000,0,5000,5000
053224,矽力凱基96購02  ,0,0,0,0,0,0,0,0,0,5000,0,0,0,5000,0,5000,5000
053154,聯詠元大96購01  ,0,0,0,0,0,0,0,0,0,5000,0,0,0,10000,5000,5000,5000
053102,祥碩元富96購01  ,0,0,0,0,0,0,0,0,0,5000,0,0,0,5000,0,5000,5000
050172,臺指反元大98購02,0,0,0,0,0,0,0,0,0,5000,0,0,0,5000,0,5000,5000
052754,上証2X群益9A購01,0,0,0,0,0,0,0,0,0,5000,0,0,0,5000,0,5000,5000
052770,聯茂群益96購02  ,0,0,0,0,0,0,0,0,0,5000,0,0,0,5000,0,5000,5000
054025,鴻海凱基96購17  ,0,0,0,0,0,0,0,0,0,5000,0,0,0,25000,20000,5000,5000
059021,台積電統一9B購07,0,0,0,0,0,0,0,0,0,5000,0,0,0,5000,0,5000,5000
058693,旭富國票9A購01  ,0,0,0,0,0,0,0,0,0,5000,0,0,0,10000,5000,5000,5000
058708,臺股指元大9A購21,0,0,0,0,0,0,0,0,0,5000,0,0,0,65000,60000,5000,5000
052536,聯茂國泰97購01  ,0,0,0,0,0,0,0,0,0,5000,0,0,0,5000,0,5000,5000
058459,南電永豐99購01  ,0,0,0,0,0,0,0,0,0,5000,0,0,0,5000,0,5000,5000
058790,楠梓電元大99購03,0,0,0,0,0,0,0,0,0,5000,0,0,0,5000,0,5000,5000
058990,GIS凱基99購02   ,0,0,0,0,0,0,0,0,0,5000,0,0,0,5000,0,5000,5000
058890,元油2X元大9C購06,0,0,0,0,0,0,0,0,0,5000,0,0,0,5000,0,5000,5000
3694,海華            ,13000,7000,6000,0,0,0,0,0,0,-1000,0,1000,-1000,0,0,0,5000
6133,金橋            ,10000,5000,5000,0,0,0,0,0,0,0,0,0,0,0,0,0,5000
4581,光隆精密-KY     ,5000,0,5000,0,0,0,0,0,0,0,0,0,0,0,0,0,5000
4557,永新-KY         ,8000,3000,5000,0,0,0,0,0,0,0,0,0,0,0,0,0,5000
06929P,鴻海元大99售11  ,0,0,0,0,0,0,0,0,0,5000,0,0,0,81000,76000,5000,5000
06894P,鈺齊元富98售03  ,0,0,0,0,0,0,0,0,0,5000,0,0,0,5000,0,5000,5000
06843P,鴻海元大98售11  ,0,0,0,0,0,0,0,0,0,5000,0,0,0,14000,9000,5000,5000
06773P,台灣50兆豐9A售01,0,0,0,0,0,0,0,0,0,5000,0,0,0,5000,0,5000,5000
06771P,台灣50中信02售01,0,0,0,0,0,0,0,0,0,5000,0,0,0,5000,0,5000,5000
06503P,臺股指中信9A售02,0,0,0,0,0,0,0,0,0,5000,0,0,0,5000,0,5000,5000
07032P,聯發科統一9C售02,0,0,0,0,0,0,0,0,0,5000,0,0,0,5000,0,5000,5000
06995P,臺股指凱基99售16,0,0,0,0,0,0,0,0,0,5000,0,0,0,5000,0,5000,5000
07151P,台灣50統一9B售04,0,0,0,0,0,0,0,0,0,5000,0,0,0,5000,0,5000,5000
07070P,晶相光元富99售01,0,0,0,0,0,0,0,0,0,5000,0,0,0,5000,0,5000,5000
06158P,玉晶光元富97售08,0,0,0,0,0,0,0,0,0,5000,0,0,0,5000,0,5000,5000
06145P,華新科永豐97售02,0,0,0,0,0,0,0,0,0,5000,0,0,0,5000,0,5000,5000
059199,欣興永豐99購02  ,0,0,0,0,0,0,0,0,0,5000,0,0,0,5000,0,5000,5000
06216P,上銀元富97售03  ,0,0,0,0,0,0,0,0,0,5000,0,0,0,5000,0,5000,5000
06426P,T50正2元大9B售01,0,0,0,0,0,0,0,0,0,5000,0,0,0,5000,0,5000,5000
06413P,聯發科凱基97售11,0,0,0,0,0,0,0,0,0,5000,0,0,0,5000,0,5000,5000
06054P,臺股指中信9A售01,0,0,0,0,0,0,0,0,0,5000,0,0,0,5000,0,5000,5000
059300,國巨群益99購08  ,0,0,0,0,0,0,0,0,0,5000,0,0,0,5000,0,5000,5000
1726,永記            ,14000,9000,5000,0,0,0,0,0,0,0,0,0,0,0,0,0,5000
1466,聚隆            ,10000,5000,5000,0,0,0,0,0,0,0,0,0,0,0,0,0,5000
1233,天仁            ,11000,6000,5000,0,0,0,0,0,0,0,0,0,0,0,0,0,5000
1234,黑松            ,24000,19000,5000,0,0,0,0,0,0,0,0,0,0,0,0,0,5000
055363,緯穎凱基98購03  ,0,0,0,0,0,0,0,0,0,4000,0,0,0,7000,3000,4000,4000
05431P,台光電統一97售01,10000,0,10000,0,0,0,0,0,0,-6000,0,0,0,6000,12000,-6000,4000
05748P,臺股指群益99售02,0,0,0,0,0,0,0,0,0,4000,0,0,0,4000,0,4000,4000
057504,技嘉麥證98購01  ,0,0,0,4000,0,4000,0,0,0,4000,0,0,0,4000,0,4000,4000
057720,日電貿元富98購01,0,0,0,0,0,0,0,0,0,4000,0,0,0,4000,0,4000,4000
057224,和碩日盛9A購01  ,0,0,0,0,0,0,0,0,0,4000,0,0,0,4000,0,4000,4000
055828,上銀元大97購05  ,0,0,0,0,0,0,0,0,0,4000,0,0,0,4000,0,4000,4000
056291,聯茂永豐97購03  ,0,0,0,0,0,0,0,0,0,4000,0,0,0,17000,13000,4000,4000
06657P,寶成元大98售01  ,0,0,0,0,0,0,0,0,0,4000,0,0,0,9000,5000,4000,4000
059167,聯發科凱基99購11,0,0,0,0,0,0,0,0,0,4000,0,0,0,13000,9000,4000,4000
06716P,台積電元大9A售02,0,0,0,0,0,0,0,0,0,4000,0,0,0,6000,2000,4000,4000
06602P,國巨統一99售02  ,0,0,0,0,0,0,0,0,0,4000,0,0,0,4000,0,4000,4000
059109,台積電富邦9C購03,0,0,0,0,0,0,0,0,0,4000,0,0,0,4000,0,4000,4000
059058,可成凱基9B購01  ,0,0,0,0,0,0,0,0,0,4000,0,0,0,20000,16000,4000,4000
056705,超眾國泰99購01  ,0,0,0,0,0,0,0,0,0,4000,0,0,0,4000,0,4000,4000
055649,華新科元富97購03,0,0,0,0,0,0,0,0,0,4000,0,0,0,4000,0,4000,4000
058414,大立光兆豐99購02,0,0,0,0,0,0,0,0,0,4000,0,0,0,4000,0,4000,4000
058398,中環元大99購02  ,0,0,0,0,0,0,0,0,0,4000,0,0,0,40000,36000,4000,4000
058154,泰碩統一9A購01  ,0,0,0,0,0,0,0,0,0,4000,0,0,0,4000,0,4000,4000
058052,南電元大98購02  ,0,0,0,0,0,0,0,0,0,4000,0,0,0,10000,6000,4000,4000
057743,華擎永豐98購03  ,0,0,0,0,0,0,0,0,0,4000,0,0,0,4000,0,4000,4000
058893,元油2X元大9C購10,0,0,0,0,0,0,0,0,0,4000,0,0,0,4000,0,4000,4000
058932,FBVIX台新99購01 ,0,0,0,0,0,0,0,0,0,4000,0,0,0,4000,0,4000,4000
05281P,南亞科元大95售03,0,0,0,0,0,0,0,0,0,4000,0,0,0,4000,0,4000,4000
053091,同欣電元大96購01,0,0,0,0,0,0,0,0,0,4000,0,0,0,4000,0,4000,4000
051544,T50反1康和98購01,0,0,0,0,0,0,0,0,0,4000,0,0,0,4000,0,4000,4000
05395P,旺宏元大96售06  ,0,0,0,0,0,0,0,0,0,4000,0,0,0,5000,1000,4000,4000
05394P,聯詠中信95售02  ,0,0,0,0,0,0,0,0,0,4000,0,0,0,4000,0,4000,4000
042692,台灣50凱基96購09,0,0,0,0,0,0,0,0,0,4000,0,0,0,4000,0,4000,4000
03415B,臺股指元大93熊49,0,0,0,0,0,0,0,0,0,4000,0,0,0,10000,6000,4000,4000
03252P,台積電台新02售01,0,0,0,0,0,0,0,0,0,4000,0,0,0,8000,4000,4000,4000
046344,超眾國票94購01  ,0,0,0,0,0,0,0,0,0,4000,0,0,0,4000,0,4000,4000
04559P,華通凱基94售03  ,0,0,0,0,0,0,0,0,0,4000,0,0,0,6000,2000,4000,4000
053496,義隆兆豐96購02  ,0,0,0,0,0,0,0,0,0,4000,0,0,0,364000,360000,4000,4000
04713P,創意元大95售01  ,0,0,0,0,0,0,0,0,0,4000,0,0,0,4000,0,4000,4000
047784,元油反富邦94購03,0,0,0,0,0,0,0,0,0,4000,0,0,0,4000,0,4000,4000
048189,臺指反元大96購06,0,0,0,0,0,0,0,0,0,4000,0,0,0,4000,0,4000,4000
04875P,台積電中信94售04,0,0,0,0,0,0,0,0,0,4000,0,0,0,9000,5000,4000,4000
048681,漢唐富邦96購01  ,0,0,0,0,0,0,0,0,0,4000,0,0,0,4000,0,4000,4000
07220P,台灣50中信03售05,0,0,0,0,0,0,0,0,0,4000,0,0,0,55000,51000,4000,4000
2032,新鋼            ,11000,6000,5000,0,0,0,0,0,0,-1000,0,1000,-1000,0,0,0,4000
06066P,群創台新98售01  ,0,0,0,0,0,0,0,0,0,4000,0,0,0,4000,0,4000,4000
05938P,旺宏凱基96售07  ,0,0,0,0,0,0,0,0,0,4000,0,0,0,14000,10000,4000,4000
06428P,國巨元大97售17  ,0,0,0,0,0,0,0,0,0,4000,0,0,0,4000,0,4000,4000
06382P,大毅元富97售02  ,0,0,0,0,0,0,0,0,0,4000,0,0,0,4000,0,4000,4000
06412P,南亞科日盛97售01,0,0,0,0,0,0,0,0,0,4000,0,0,0,25000,21000,4000,4000
059204,台灣50元大01購02,0,0,0,0,0,0,0,0,0,4000,0,0,0,4000,0,4000,4000
06176P,台積電元大97售22,0,0,0,0,0,0,0,0,0,4000,0,0,0,10000,6000,4000,4000
06170P,禾伸堂元富97售02,0,0,0,0,0,0,0,0,0,4000,0,0,0,10000,6000,4000,4000
07035P,大立光元富99售04,0,0,0,0,0,0,0,0,0,4000,0,0,0,40000,36000,4000,4000
06745P,台積電群益98售05,0,0,0,0,0,0,0,0,0,4000,0,0,0,4000,0,4000,4000
06822P,上銀富邦99售03  ,0,0,0,0,0,0,0,0,0,4000,0,0,0,14000,10000,4000,4000
6525,捷敏-KY         ,72000,68000,4000,0,0,0,0,0,0,0,0,0,0,0,0,0,4000
8443,阿瘦            ,10000,6000,4000,0,0,0,0,0,0,0,0,0,0,0,0,0,4000
057823,神達元大98購01  ,0,0,0,0,0,0,0,0,0,3000,0,0,0,3000,0,3000,3000
054051,貿聯元大97購03  ,0,0,0,0,0,0,0,0,0,3000,0,0,0,3000,0,3000,3000
054643,上証2X群益9B購01,0,0,0,0,0,0,0,0,0,3000,0,0,0,3000,0,3000,3000
06715P,台積電元大99售04,0,0,0,0,0,0,0,0,0,3000,0,0,0,3000,0,3000,3000
06652P,長榮航元大98售01,0,0,0,0,0,0,0,0,0,3000,0,0,0,13000,10000,3000,3000
056251,聯發科兆豐97購02,0,0,0,0,0,0,0,0,0,3000,0,0,0,3000,0,3000,3000
056312,茂林元大98購01  ,0,0,0,0,0,0,0,0,0,3000,0,0,0,3000,0,3000,3000
056402,智易群益98購02  ,0,0,0,0,0,0,0,0,0,3000,0,0,0,3000,0,3000,3000
056399,上証2X群益9C購01,0,0,0,0,0,0,0,0,0,3000,0,0,0,3000,0,3000,3000
055858,聯茂元大97購03  ,0,0,0,0,0,0,0,0,0,3000,0,0,0,3000,0,3000,3000
057577,廣宇中信9A購01  ,0,0,0,0,0,0,0,0,0,3000,0,0,0,3000,0,3000,3000
05730P,臺股指凱基97售03,0,0,0,0,0,0,0,0,0,3000,0,0,0,3000,0,3000,3000
057385,光罩永豐99購01  ,0,0,0,0,0,0,0,0,0,3000,0,0,0,3000,0,3000,3000
05750P,臺股指群益99售04,0,0,0,0,0,0,0,0,0,3000,0,0,0,3000,0,3000,3000
058637,晶技兆豐99購01  ,0,0,0,0,0,0,0,0,0,3000,0,0,0,3000,0,3000,3000
056498,A50正2富邦9B購01,0,0,0,0,0,0,0,0,0,3000,0,0,0,18000,15000,3000,3000
055301,台虹元大97購01  ,0,0,0,0,0,0,0,0,0,3000,0,0,0,3000,0,3000,3000
055241,T50反1統一99購01,0,0,0,0,0,0,0,0,0,3000,0,0,0,3000,0,3000,3000
047145,鴻海群益95購01  ,0,0,0,0,0,0,0,0,0,3000,0,0,0,3000,0,3000,3000
04722P,南亞科凱基94售05,0,0,0,0,0,0,0,0,0,3000,0,0,0,10000,7000,3000,3000
047298,聯茂元富96購01  ,0,0,0,0,0,0,0,0,0,3000,0,0,0,3000,0,3000,3000
051844,宏達電富邦96購01,0,0,0,0,0,0,0,0,0,3000,0,0,0,3000,0,3000,3000
046648,和鑫國泰94購01  ,0,0,0,0,0,0,0,0,0,3000,0,0,0,3000,0,3000,3000
04458P,世紀鋼統一96售01,0,0,0,0,0,0,0,0,0,3000,0,0,0,3000,0,3000,3000
006203,元大MSCI台灣    ,0,0,0,0,0,0,0,0,0,3000,0,0,0,4000,1000,3000,3000
03007X,元展07          ,0,0,0,0,0,0,0,0,0,3000,0,0,0,3000,0,3000,3000
04291P,鴻海富邦93售04  ,0,0,0,0,0,0,0,0,0,3000,0,0,0,3000,0,3000,3000
03960P,新日興元富96售02,0,0,0,0,0,0,0,0,0,3000,0,0,0,3000,0,3000,3000
042792,T50反1台新9C購01,0,0,0,0,0,0,0,0,0,3000,0,0,0,3000,0,3000,3000
053894,創意群益96購01  ,0,0,0,0,0,0,0,0,0,3000,0,0,0,3000,0,3000,3000
051500,聯茂群益95購01  ,0,0,0,0,0,0,0,0,0,3000,0,0,0,3000,0,3000,3000
05007P,旺宏元富95售01  ,0,0,0,0,0,0,0,0,0,3000,0,0,0,3000,0,3000,3000
050006,華擎永豐94購03  ,0,0,0,0,0,0,0,0,0,3000,0,0,0,3000,0,3000,3000
052067,中磊兆豐96購01  ,0,0,0,0,0,0,0,0,0,3000,0,0,0,5000,2000,3000,3000
05319P,上銀凱基95售02  ,0,0,0,0,0,0,0,0,0,3000,0,0,0,15000,12000,3000,3000
053059,聯發科永昌99購01,0,0,0,0,0,0,0,0,0,3000,0,0,0,3000,0,3000,3000
05890P,彩晶元大99售01  ,0,0,0,0,0,0,0,0,0,3000,0,0,0,3000,0,3000,3000
058987,華新科凱基9B購01,0,0,0,0,0,0,0,0,0,3000,0,0,0,3000,0,3000,3000
058681,大立光康和9B購01,0,0,0,0,0,0,0,0,0,3000,0,0,0,3000,0,3000,3000
4439,冠星-KY         ,4000,1000,3000,0,0,0,0,0,0,0,0,0,0,0,0,0,3000
4764,雙鍵            ,19000,16000,3000,0,0,0,0,0,0,0,0,0,0,0,0,0,3000
6136,富爾特          ,15000,11000,4000,0,0,0,0,0,0,-1000,0,1000,-1000,0,0,0,3000
6165,捷泰            ,79000,76000,3000,0,0,0,0,0,0,0,0,0,0,0,0,0,3000
06840P,臺股指統一98售04,0,0,0,0,0,0,0,0,0,3000,0,0,0,3000,0,3000,3000
06821P,臺股指元富98售10,0,0,0,0,0,0,0,0,0,3000,0,0,0,13000,10000,3000,3000
06498P,臺股指元大9A售03,0,0,0,0,0,0,0,0,0,3000,0,0,0,3000,0,3000,3000
06737P,台郡凱基98售07  ,0,0,0,0,0,0,0,0,0,3000,0,0,0,3000,0,3000,3000
06463P,大立光富邦9A售01,0,0,0,0,0,0,0,0,0,3000,0,0,0,3000,0,3000,3000
06873P,嘉晶元富98售02  ,0,0,0,0,0,0,0,0,0,3000,0,0,0,106000,103000,3000,3000
07051P,大立光中信99售02,0,0,0,0,0,0,0,0,0,3000,0,0,0,3000,0,3000,3000
07101P,台郡元大99售06  ,0,0,0,0,0,0,0,0,0,3000,0,0,0,3000,0,3000,3000
06392P,T50反1元大9A售01,0,0,0,0,0,0,0,0,0,3000,0,0,0,3000,0,3000,3000
06433P,大立光群益99售01,0,0,0,0,0,0,0,0,0,3000,0,0,0,3000,0,3000,3000
06299P,可成元大97售04  ,0,0,0,0,0,0,0,0,0,3000,0,0,0,3000,0,3000,3000
06072P,牧德永豐97售01  ,0,0,0,0,0,0,0,0,0,3000,0,0,0,3000,0,3000,3000
06085P,義隆台新97售01  ,0,0,0,0,0,0,0,0,0,3000,0,0,0,3000,0,3000,3000
2243,宏旭-KY         ,10000,7000,3000,0,0,0,0,0,0,0,0,0,0,0,0,0,3000
2358,廷鑫            ,33000,30000,3000,0,0,0,0,0,0,0,0,0,0,0,0,0,3000
2348,海悅            ,92000,43000,49000,0,0,0,0,0,0,-46000,0,46000,-46000,0,0,0,3000
2701,萬企            ,9000,6000,3000,0,0,0,0,0,0,0,0,0,0,0,0,0,3000
08599P,台表科元大9C售11,0,0,0,0,0,0,0,0,0,3000,0,0,0,3000,0,3000,3000
1414,東和            ,8000,5000,3000,0,0,0,0,0,0,0,0,0,0,0,0,0,3000
1603,華電            ,57000,54000,3000,0,0,0,0,0,0,0,0,0,0,0,0,0,3000
05531P,臺股指群益96售04,0,0,0,0,0,0,0,0,0,2000,0,0,0,2000,0,2000,2000
05862P,大立光國泰98售01,0,0,0,0,0,0,0,0,0,2000,0,0,0,2000,0,2000,2000
05863P,滬深2X元大96售09,0,0,0,0,0,0,0,0,0,2000,0,0,0,2000,0,2000,2000
058651,FBVIX中信9C購01 ,0,0,0,0,0,0,0,0,0,2000,0,0,0,2000,0,2000,2000
058473,上銀凱基9A購03  ,0,0,0,0,0,0,0,0,0,2000,0,0,0,2000,0,2000,2000
055372,宏達電元大97購04,0,0,0,0,0,0,0,0,0,2000,0,0,0,2000,0,2000,2000
05543P,鴻海元富96售04  ,0,0,0,0,0,0,0,0,0,2000,0,0,0,2000,0,2000,2000
054881,光罩統一97購01  ,0,0,0,0,0,0,0,0,0,2000,0,0,0,5000,3000,2000,2000
05478P,智伸科國票96售02,0,0,0,0,0,0,0,0,0,2000,0,0,0,4000,2000,2000,2000
058526,鈺齊元大99購02  ,0,0,0,0,0,0,0,0,0,2000,0,0,0,2000,0,2000,2000
056938,泰碩元富98購01  ,0,0,0,0,0,0,0,0,0,2000,0,0,0,2000,0,2000,2000
057594,宏達電兆豐99購01,0,0,0,0,0,0,0,0,0,2000,0,0,0,2000,0,2000,2000
056295,國巨元大97購16  ,0,0,0,0,0,0,0,0,0,2000,0,0,0,2000,0,2000,2000
06600P,貿聯永豐98售01  ,0,0,0,0,0,0,0,0,0,2000,0,0,0,2000,0,2000,2000
06586P,鴻海元大9C售01  ,0,0,0,0,0,0,0,0,0,2000,0,0,0,62000,60000,2000,2000
06549P,大立光元大98售11,0,0,0,0,0,0,0,0,0,2000,0,0,0,2000,0,2000,2000
059317,台積電元大99購34,0,0,0,0,0,0,0,0,0,2000,0,0,0,19000,17000,2000,2000
059226,臺股指元大99購19,0,0,0,0,0,0,0,0,0,2000,0,0,0,2000,0,2000,2000
057868,大立光凱基98購18,0,0,0,0,0,0,0,0,0,2000,0,0,0,2000,0,2000,2000
059114,華新科永豐99購05,0,0,0,0,0,0,0,0,0,2000,0,0,0,2000,0,2000,2000
059117,禾伸堂永豐99購01,0,0,0,0,0,0,0,0,0,2000,0,0,0,2000,0,2000,2000
05424P,台達電亞東96售02,0,0,0,0,0,0,0,0,0,2000,0,0,0,2000,0,2000,2000
05420P,大立光國泰97售03,0,0,0,0,0,0,0,0,0,2000,0,0,0,2000,0,2000,2000
056698,T50反1國泰9A購01,0,0,0,0,0,0,0,0,0,2000,0,0,0,2000,0,2000,2000
057814,聯發科元大98購12,0,0,0,0,0,0,0,0,0,2000,0,0,0,2000,0,2000,2000
05563P,台積電元大97售07,0,0,0,0,0,0,0,0,0,2000,0,0,0,2000,0,2000,2000
058146,勤誠元大99購01  ,0,0,0,0,0,0,0,0,0,2000,0,0,0,2000,0,2000,2000
058182,日電貿國泰9A購01,0,0,0,0,0,0,0,0,0,2000,0,0,0,2000,0,2000,2000
058202,鴻海凱基9A購04  ,0,0,0,0,0,0,0,0,0,2000,0,0,0,2000,0,2000,2000
058212,華新科群益9A購01,0,0,0,0,0,0,0,0,0,2000,0,0,0,2000,0,2000,2000
058433,台積電統一9B購04,0,0,0,0,0,0,0,0,0,2000,0,0,0,2000,0,2000,2000
05854P,華新科凱基96售09,0,0,0,0,0,0,0,0,0,2000,0,0,0,2000,0,2000,2000
052528,茂林元大95購05  ,0,0,0,0,0,0,0,0,0,2000,0,0,0,2000,0,2000,2000
052477,美律群益98購01  ,0,0,0,0,0,0,0,0,0,2000,0,0,0,2000,0,2000,2000
058776,台積電國票9A購03,0,0,0,0,0,0,0,0,0,2000,0,0,0,2000,0,2000,2000
058954,元油2X國票9A購07,0,0,0,0,0,0,0,0,0,2000,0,0,0,2000,0,2000,2000
05894P,友達群益98售02  ,0,0,0,0,0,0,0,0,0,2000,0,0,0,2000,0,2000,2000
058894,元油2X元大9C購11,0,0,0,0,0,0,0,0,0,2000,0,0,0,2000,0,2000,2000
052765,新日興群益97購01,0,0,0,0,0,0,0,0,0,2000,0,0,0,2000,0,2000,2000
05029P,鴻海元富95售04  ,0,0,0,0,0,0,0,0,0,2000,0,0,0,2000,0,2000,2000
05235P,健鼎康和95售02  ,0,0,0,0,0,0,0,0,0,2000,0,0,0,2000,0,2000,2000
05213P,台積電國票96售05,0,0,0,0,0,0,0,0,0,2000,0,0,0,162000,160000,2000,2000
050069,禾伸堂凱基94購04,0,0,0,0,0,0,0,0,0,2000,0,0,0,2000,0,2000,2000
053887,聯茂兆豐97購02  ,0,0,0,0,0,0,0,0,0,2000,0,0,0,2000,0,2000,2000
052317,台積電元大96購11,0,0,0,0,0,0,0,0,0,2000,0,0,0,14000,12000,2000,2000
052601,大成鋼元大96購01,0,0,0,0,0,0,0,0,0,2000,0,0,0,2000,0,2000,2000
04190P,大立光兆豐94售03,0,0,0,0,0,0,0,0,0,2000,0,0,0,2000,0,2000,2000
03763P,聯發科元富96售01,0,0,0,0,0,0,0,0,0,2000,0,0,0,2000,0,2000,2000
04946P,華通元大94售04  ,0,0,0,0,0,0,0,0,0,2000,0,0,0,2000,0,2000,2000
049253,台積電元大94購08,0,0,0,0,0,0,0,0,0,2000,0,0,0,2000,0,2000,2000
04910P,台積電統一94售12,0,0,0,0,0,0,0,0,0,2000,0,0,0,2000,0,2000,2000
04951P,緯創中信94售01  ,0,0,0,0,0,0,0,0,0,2000,0,0,0,2000,0,2000,2000
00657,國泰日經225     ,1000,0,1000,0,0,0,0,0,0,1000,0,0,0,131000,130000,1000,2000
00743,國泰中國A150    ,0,27000,-27000,0,0,0,0,0,0,29000,0,0,0,29000,0,29000,2000
00736,國泰新興市場    ,0,0,0,0,0,0,0,0,0,2000,0,0,0,105000,103000,2000,2000
044530,台積電富邦94購01,0,0,0,0,0,0,0,0,0,2000,0,0,0,2000,0,2000,2000
043784,鴻海凱基94購01  ,0,0,0,0,0,0,0,0,0,2000,0,0,0,5000,3000,2000,2000
03267P,台灣50元大02售06,0,0,0,0,0,0,0,0,0,2000,0,0,0,2000,0,2000,2000
03078X,元展73          ,0,0,0,0,0,0,0,0,0,2000,0,0,0,2000,0,2000,2000
03014X,元展14          ,0,0,0,0,0,0,0,0,0,2000,0,0,0,2000,0,2000,2000
04556P,大成鋼群益94售02,0,0,0,0,0,0,0,0,0,2000,0,0,0,10000,8000,2000,2000
045764,智易統一94購01  ,0,0,0,0,0,0,0,0,0,2000,0,0,0,2000,0,2000,2000
051660,緯穎國泰96購02  ,0,0,0,0,0,0,0,0,0,2000,0,0,0,2000,0,2000,2000
051735,台積電國票96購06,0,0,0,0,0,0,0,0,0,2000,0,0,0,2000,0,2000,2000
053412,台達電國票97購02,0,0,0,0,0,0,0,0,0,2000,0,0,0,102000,100000,2000,2000
049931,矽力元大94購01  ,0,0,0,0,0,0,0,0,0,2000,0,0,0,2000,0,2000,2000
1539,巨庭            ,11000,9000,2000,0,0,0,0,0,0,0,0,0,0,0,0,0,2000
08672P,聯發科統一01售09,0,0,0,0,0,0,0,0,0,2000,0,0,0,2000,0,2000,2000
08714P,華碩元富01售03  ,0,0,0,0,0,0,0,0,0,2000,0,0,0,2000,0,2000,2000
1235,興泰            ,5000,3000,2000,0,0,0,0,0,0,0,0,0,0,0,0,0,2000
07195P,大立光元大99售12,0,0,0,0,0,0,0,0,0,2000,0,0,0,2000,0,2000,2000
2630,亞航            ,7000,5000,2000,0,0,0,0,0,0,0,0,0,0,0,0,0,2000
2540,愛山林          ,3000,1000,2000,0,0,0,0,0,0,0,0,0,0,0,0,0,2000
2038,海光            ,10000,8000,2000,0,0,0,0,0,0,0,0,0,0,0,0,0,2000
06133P,帆宣元富97售02  ,0,0,0,0,0,0,0,0,0,2000,0,0,0,2000,0,2000,2000
06042P,華新科永豐96售04,0,0,0,0,0,0,0,0,0,2000,0,0,0,2000,0,2000,2000
05986P,大立光統一97售03,0,0,0,0,0,0,0,0,0,2000,0,0,0,2000,0,2000,2000
06239P,奇力新元大97售08,0,0,0,0,0,0,0,0,0,2000,0,0,0,2000,0,2000,2000
06223P,漢唐元富97售02  ,0,0,0,0,0,0,0,0,0,2000,0,0,0,2000,0,2000,2000
07079P,台積電群益99售06,0,0,0,0,0,0,0,0,0,2000,0,0,0,2000,0,2000,2000
07146P,瑞昱元大99售02  ,0,0,0,0,0,0,0,0,0,2000,0,0,0,5000,3000,2000,2000
07122P,欣興凱基99售05  ,0,0,0,0,0,0,0,0,0,2000,0,0,0,2000,0,2000,2000
07117P,SGBR2X凱基9C售01,0,0,0,0,0,0,0,0,0,2000,0,0,0,2000,0,2000,2000
06912P,台光電元大99售02,0,0,0,0,0,0,0,0,0,2000,0,0,0,2000,0,2000,2000
06469P,臺股指凱基99售09,0,0,0,0,0,0,0,0,0,2000,0,0,0,2000,0,2000,2000
3296,勝德            ,3000,1000,2000,0,0,0,0,0,0,0,0,0,0,0,0,0,2000
8466,美吉吉-KY       ,14000,12000,2000,0,0,0,0,0,0,0,0,0,0,0,0,0,2000
911868,同方友友-DR     ,2000,0,2000,0,0,0,0,0,0,0,0,0,0,0,0,0,2000
8201,無敵            ,6000,4000,2000,0,0,0,0,0,0,0,0,0,0,0,0,0,2000
6409,旭隼            ,106500,103447,3053,0,0,0,0,209,-209,-1000,0,1000,-1000,0,0,0,1844
057908,國泰金亞東99購01,0,0,0,0,0,0,0,0,0,1000,0,0,0,1000,0,1000,1000
057937,神達群益98購02  ,0,0,0,0,0,0,0,0,0,1000,0,0,0,1000,0,1000,1000
058003,FBVIX群益9C購02 ,0,0,0,0,0,0,0,0,0,1000,0,0,0,1000,0,1000,1000
058424,滬深2X元富99購04,0,0,0,0,0,0,0,0,0,1000,0,0,0,1000,0,1000,1000
058322,玉晶光永豐99購02,0,0,0,0,0,0,0,0,0,1000,0,0,0,1000,0,1000,1000
058355,旺宏凱基99購04  ,0,0,0,0,0,0,0,0,0,1000,0,0,0,1000,0,1000,1000
058356,華邦電凱基99購01,0,0,0,0,0,0,0,0,0,1000,0,0,0,1000,0,1000,1000
058236,大立光元大99購09,0,0,0,0,0,0,0,0,0,1000,0,0,0,1000,0,1000,1000
058296,明泰凱基99購01  ,0,0,0,0,0,0,0,0,0,1000,0,0,0,1000,0,1000,1000
058274,世紀鋼永豐99購01,0,0,0,0,0,0,0,0,0,1000,0,0,0,1000,0,1000,1000
058165,FBVIX凱基9C購01 ,0,0,0,0,0,0,0,0,0,1000,0,0,0,1000,0,1000,1000
058061,貿聯元富9B購01  ,0,0,0,0,0,0,0,0,0,1000,0,0,0,1000,0,1000,1000
057771,鴻海群益99購01  ,0,0,0,0,0,0,0,0,0,1000,0,0,0,11000,10000,1000,1000
056862,聯發科群益98購03,0,0,0,0,0,0,0,0,0,1000,0,0,0,1000,0,1000,1000
05683P,矽創元大96售01  ,0,0,0,0,0,0,0,0,0,1000,0,0,0,1000,0,1000,1000
056719,台虹永豐98購01  ,0,0,0,0,0,0,0,0,0,1000,0,0,0,1000,0,1000,1000
055522,道瓊反群益01購01,0,0,0,0,0,0,0,0,0,1000,0,0,0,1000,0,1000,1000
055582,亞德客元大97購01,0,0,0,0,0,0,0,0,0,1000,0,0,0,11000,10000,1000,1000
054271,中石化中信99購01,0,0,0,0,0,0,0,0,0,1000,0,0,0,1000,0,1000,1000
05784P,臺股指元大96售18,0,0,0,0,0,0,0,0,0,1000,0,0,0,1000,0,1000,1000
057831,聯發科元富02購04,0,0,0,0,0,0,0,0,0,1000,0,0,0,1000,0,1000,1000
054461,台積電凱基97購09,0,0,0,0,0,0,0,0,0,1000,0,0,0,1000,0,1000,1000
054511,香港反元大98購01,0,0,0,0,0,0,0,0,0,1000,0,0,0,1000,0,1000,1000
054491,瀚宇博台新96購02,0,0,0,0,0,0,0,0,0,1000,0,0,0,1000,0,1000,1000
054588,玉晶光國泰99購02,0,0,0,0,0,0,0,0,0,1000,0,0,0,1000,0,1000,1000
054750,聯茂凱基98購02  ,0,0,0,0,0,0,0,0,0,1000,0,0,0,1000,0,1000,1000
054733,鴻海凱基98購04  ,0,0,0,0,0,0,0,0,0,1000,0,0,0,1000,0,1000,1000
054667,神基元富97購01  ,0,0,0,0,0,0,0,0,0,1000,0,0,0,1000,0,1000,1000
054688,兆赫永豐97購01  ,0,0,0,0,0,0,0,0,0,1000,0,0,0,1000,0,1000,1000
06707P,臺股指台新99售04,0,0,0,0,0,0,0,0,0,1000,0,0,0,1000,0,1000,1000
06686P,麗豐永豐98售02  ,0,0,0,0,0,0,0,0,0,1000,0,0,0,1000,0,1000,1000
06721P,臺股指中信9A售03,0,0,0,0,0,0,0,0,0,1000,0,0,0,1000,0,1000,1000
06528P,台積電富邦99售03,0,0,0,0,0,0,0,0,0,1000,0,0,0,285000,284000,1000,1000
059157,元石油凱基9C購01,0,0,0,0,0,0,0,0,0,1000,0,0,0,1000,0,1000,1000
059150,臺股指國票99購13,0,0,0,0,0,0,0,0,0,1000,0,0,0,1000,0,1000,1000
056338,聯發科凱基99購01,0,0,0,0,0,0,0,0,0,1000,0,0,0,1000,0,1000,1000
057619,玉晶光凱基98購02,0,0,0,0,0,0,0,0,0,1000,0,0,0,1000,0,1000,1000
055809,T50反1國票98購02,0,0,0,0,0,0,0,0,0,1000,0,0,0,1000,0,1000,1000
056536,義隆凱基98購04  ,0,0,0,0,0,0,0,0,0,1000,0,0,0,1000,0,1000,1000
056960,光罩永豐98購01  ,0,0,0,0,0,0,0,0,0,1000,0,0,0,1000,0,1000,1000
056992,祥碩兆豐98購01  ,0,0,0,0,0,0,0,0,0,1000,0,0,0,1000,0,1000,1000
057689,南亞科凱基99購02,0,0,0,0,0,0,0,0,0,1000,0,0,0,1000,0,1000,1000
057033,A50反1元大9B購02,0,0,0,0,0,0,0,0,0,1000,0,0,0,2000,1000,1000,1000
05740P,宏達電元富96售01,0,0,0,0,0,0,0,0,0,1000,0,0,0,1000,0,1000,1000
057374,禾伸堂元大99購03,0,0,0,0,0,0,0,0,0,1000,0,0,0,1000,0,1000,1000
057223,富邦金日盛99購01,0,0,0,0,0,0,0,0,0,1000,0,0,0,1000,0,1000,1000
05713P,大立光統一96售05,0,0,0,0,0,0,0,0,0,1000,0,0,0,1000,0,1000,1000
057054,立積元大98購03  ,0,0,0,0,0,0,0,0,0,1000,0,0,0,1000,0,1000,1000
057044,旺宏元大98購08  ,0,0,0,0,0,0,0,0,0,1000,0,0,0,1000,0,1000,1000
055954,南港元大97購02  ,0,0,0,0,0,0,0,0,0,1000,0,0,0,1000,0,1000,1000
054925,神達凱基97購01  ,0,0,0,0,0,0,0,0,0,1000,0,0,0,1000,0,1000,1000
055403,泰鼎元富97購01  ,0,0,0,0,0,0,0,0,0,1000,0,0,0,1000,0,1000,1000
055399,超眾統一99購01  ,0,0,0,0,0,0,0,0,0,1000,0,0,0,1000,0,1000,1000
054331,世芯永豐96購03  ,0,0,0,0,0,0,0,0,0,1000,0,0,0,1000,0,1000,1000
054373,富邦金中信97購01,0,0,0,0,0,0,0,0,0,1000,0,0,0,1000,0,1000,1000
058523,聯茂元大99購08  ,0,0,0,0,0,0,0,0,0,1000,0,0,0,1000,0,1000,1000
05753P,臺股指中信99售02,0,0,0,0,0,0,0,0,0,1000,0,0,0,1000,0,1000,1000
05749P,臺股指群益99售03,0,0,0,0,0,0,0,0,0,1000,0,0,0,1000,0,1000,1000
05532P,臺股指群益96售05,0,0,0,0,0,0,0,0,0,1000,0,0,0,1000,0,1000,1000
055314,華邦電中信99購01,0,0,0,0,0,0,0,0,0,1000,0,0,0,1000,0,1000,1000
04547P,高鐵元大94售01  ,0,0,0,0,0,0,0,0,0,1000,0,0,0,11000,10000,1000,1000
049922,禾伸堂元大95購01,0,0,0,0,0,0,0,0,0,1000,0,0,0,1000,0,1000,1000
047014,元油反元大99購01,0,0,0,0,0,0,0,0,0,1000,0,0,0,1000,0,1000,1000
048831,玉晶光凱基95購01,0,0,0,0,0,0,0,0,0,1000,0,0,0,1000,0,1000,1000
04797P,華新科元大94售04,0,0,0,0,0,0,0,0,0,1000,0,0,0,1000,0,1000,1000
047895,台積電群益94購04,0,0,0,0,0,0,0,0,0,1000,0,0,0,1000,0,1000,1000
04748P,臺股指元大94售23,0,0,0,0,0,0,0,0,0,1000,0,0,0,1000,0,1000,1000
047579,大立光群益94購02,0,0,0,0,0,0,0,0,0,1000,0,0,0,1000,0,1000,1000
04746P,臺股指元大94售17,0,0,0,0,0,0,0,0,0,1000,0,0,0,1000,0,1000,1000
053288,臺股指元大96購16,0,0,0,0,0,0,0,0,0,1000,0,0,0,1000,0,1000,1000
053498,大立光兆豐96購03,0,0,0,0,0,0,0,0,0,1000,0,0,0,1000,0,1000,1000
051676,康舒元大95購01  ,0,0,0,0,0,0,0,0,0,1000,0,0,0,1000,0,1000,1000
04672P,台積電統一94售09,0,0,0,0,0,0,0,0,0,1000,0,0,0,1000,0,1000,1000
046155,道瓊反群益94購01,0,0,0,0,0,0,0,0,0,1000,0,0,0,1000,0,1000,1000
04327P,台積電國泰95售01,0,0,0,0,0,0,0,0,0,1000,0,0,0,1000,0,1000,1000
04422P,玉晶光永豐94售03,0,0,0,0,0,0,0,0,0,1000,0,0,0,1000,0,1000,1000
04401P,玉晶光兆豐94售01,0,0,0,0,0,0,0,0,0,1000,0,0,0,1000,0,1000,1000
00691R,兆豐藍籌30反1   ,0,0,0,0,0,0,0,0,0,1000,0,0,0,1000,0,1000,1000
01007T,兆豐國泰R2      ,1000,0,1000,0,0,0,0,0,0,0,0,0,0,0,0,0,1000
049567,鴻海統一94購05  ,0,0,0,0,0,0,0,0,0,1000,0,0,0,1000,0,1000,1000
049726,道瓊反中信96購01,0,0,0,0,0,0,0,0,0,1000,0,0,0,1000,0,1000,1000
049117,矽格統一96購01  ,0,0,0,0,0,0,0,0,0,1000,0,0,0,1000,0,1000,1000
049339,鴻海統一94購02  ,0,0,0,0,0,0,0,0,0,1000,0,0,0,1000,0,1000,1000
049352,泰鼎永豐95購01  ,0,0,0,0,0,0,0,0,0,1000,0,0,0,1000,0,1000,1000
04929P,同欣電凱基95售01,0,0,0,0,0,0,0,0,0,1000,0,0,0,1000,0,1000,1000
03896P,長榮航凱基95售01,0,0,0,0,0,0,0,0,0,1000,0,0,0,1000,0,1000,1000
03604P,群創凱基98售05  ,0,0,0,0,0,0,0,0,0,1000,0,0,0,1000,0,1000,1000
042719,臺指反群益93購01,0,0,0,0,0,0,0,0,0,1000,0,0,0,1000,0,1000,1000
042556,台灣50中信96購04,0,0,0,0,0,0,0,0,0,1000,0,0,0,1000,0,1000,1000
04250P,嘉晶統一95售02  ,0,0,0,0,0,0,0,0,0,1000,0,0,0,51000,50000,1000,1000
04900P,矽格中信94售02  ,0,0,0,0,0,0,0,0,0,1000,0,0,0,1000,0,1000,1000
052207,台郡中信95購02  ,0,0,0,0,0,0,0,0,0,1000,0,0,0,1000,0,1000,1000
053960,晶技永豐96購02  ,0,0,0,0,0,0,0,0,0,1000,0,0,0,1000,0,1000,1000
051508,元黃金中信97購01,0,0,0,0,0,0,0,0,0,1000,0,0,0,1000,0,1000,1000
051405,世芯永豐95購01  ,0,0,0,0,0,0,0,0,0,1000,0,0,0,1000,0,1000,1000
050056,國巨凱基94購04  ,0,0,0,0,0,0,0,0,0,1000,0,0,0,1000,0,1000,1000
050019,T50反1元大94購04,0,0,0,0,0,0,0,0,0,1000,0,0,0,1000,0,1000,1000
050403,台積電麥證94購02,0,0,0,0,0,0,0,0,0,1000,0,0,0,1000,0,1000,1000
050458,台郡元大94購03  ,0,0,0,0,0,0,0,0,0,1000,0,0,0,49000,48000,1000,1000
050782,台積電國泰96購03,0,0,0,0,0,0,0,0,0,1000,0,0,0,1000,0,1000,1000
05072P,聯電元富95售02  ,0,0,0,0,0,0,0,0,0,1000,0,0,0,1000,0,1000,1000
053624,A50正2兆豐97購02,0,0,0,0,0,0,0,0,0,1000,0,0,0,1000,0,1000,1000
053671,可成統一96購03  ,0,0,0,0,0,0,0,0,0,1000,0,0,0,1000,0,1000,1000
05237P,為升永豐95售01  ,0,0,0,0,0,0,0,0,0,1000,0,0,0,1000,0,1000,1000
05034P,台積電元大95售08,0,0,0,0,0,0,0,0,0,1000,0,0,0,170000,169000,1000,1000
050189,旭富元大94購01  ,0,0,0,0,0,0,0,0,0,1000,0,0,0,1000,0,1000,1000
052831,華固群益96購01  ,0,0,0,0,0,0,0,0,0,1000,0,0,0,1000,0,1000,1000
052958,T50反1凱基99購02,0,0,0,0,0,0,0,0,0,1000,0,0,0,1000,0,1000,1000
053180,同欣電統一96購01,0,0,0,0,0,0,0,0,0,1000,0,0,0,1000,0,1000,1000
053074,嘉晶永豐96購02  ,0,0,0,0,0,0,0,0,0,1000,0,0,0,43000,42000,1000,1000
058978,SGBR2X凱基9A購03,0,0,0,0,0,0,0,0,0,1000,0,0,0,1000,0,1000,1000
058793,鴻海元大99購19  ,0,0,0,0,0,0,0,0,0,1000,0,0,0,1000,0,1000,1000
8374,羅昇            ,16000,15000,1000,0,0,0,0,0,0,0,0,0,0,0,0,0,1000
2910,統領            ,3000,2000,1000,0,0,0,0,0,0,0,0,0,0,0,0,0,1000
4999,鑫禾            ,28000,31000,-3000,0,0,0,0,0,0,4000,4000,0,4000,0,0,0,1000
06471P,臺股指凱基99售11,0,0,0,0,0,0,0,0,0,1000,0,0,0,1000,0,1000,1000
06497P,大立光凱基98售11,0,0,0,0,0,0,0,0,0,1000,0,0,0,1000,0,1000,1000
06504P,麗豐國票99售02  ,0,0,0,0,0,0,0,0,0,1000,0,0,0,1000,0,1000,1000
06813P,友訊元富98售03  ,0,0,0,0,0,0,0,0,0,1000,0,0,0,1000,0,1000,1000
06918P,嘉聯益亞東99售01,0,0,0,0,0,0,0,0,0,1000,0,0,0,1000,0,1000,1000
07116P,台灣50麥證9A售02,0,0,0,1000,0,1000,0,0,0,1000,0,0,0,1000,0,1000,1000
07061P,台積電元大99售14,0,0,0,0,0,0,0,0,0,1000,0,0,0,3000,2000,1000,1000
07017P,台灣50元富9B售02,0,0,0,0,0,0,0,0,0,1000,0,0,0,1000,0,1000,1000
06977P,臺股指元大9A售15,0,0,0,0,0,0,0,0,0,1000,0,0,0,1000,0,1000,1000
06248P,國巨統一97售07  ,0,0,0,0,0,0,0,0,0,1000,0,0,0,1000,0,1000,1000
06286P,世芯國票97售02  ,0,0,0,0,0,0,0,0,0,1000,0,0,0,3000,2000,1000,1000
06352P,臺股指富邦99售02,0,0,0,0,0,0,0,0,0,1000,0,0,0,1000,0,1000,1000
06342P,世芯統一98售01  ,0,0,0,0,0,0,0,0,0,1000,0,0,0,1000,0,1000,1000
06312P,樺漢元富97售02  ,0,0,0,0,0,0,0,0,0,1000,0,0,0,1000,0,1000,1000
06057P,大立光凱基98售01,0,0,0,0,0,0,0,0,0,1000,0,0,0,1000,0,1000,1000
06005P,晶豪科永豐96售04,0,0,0,0,0,0,0,0,0,1000,0,0,0,1000,0,1000,1000
06131P,京鼎元富97售02  ,0,0,0,0,0,0,0,0,0,1000,0,0,0,1000,0,1000,1000
059198,華新科永豐99購06,0,0,0,0,0,0,0,0,0,1000,0,0,0,1000,0,1000,1000
06067P,華新科康和97售01,0,0,0,0,0,0,0,0,0,1000,0,0,0,1000,0,1000,1000
06094P,台達電中信97售01,0,0,0,0,0,0,0,0,0,1000,0,0,0,8000,7000,1000,1000
06100P,台積電日盛97售03,0,0,0,0,0,0,0,0,0,1000,0,0,0,1000,0,1000,1000
2024,志聯            ,1000,0,1000,0,0,0,0,0,0,0,0,0,0,0,0,0,1000
2443,億麗            ,1000,0,1000,0,0,0,0,0,0,0,0,0,0,0,0,0,1000
07184P,台灣50元富01售01,0,0,0,0,0,0,0,0,0,1000,0,0,0,5000,4000,1000,1000
07201P,臺股指元大99售17,0,0,0,0,0,0,0,0,0,1000,0,0,0,1000,0,1000,1000
1220,台榮            ,16000,15000,1000,0,0,0,0,0,0,0,0,0,0,0,0,0,1000
1516,川飛            ,2000,1000,1000,0,0,0,0,0,0,0,1000,1000,0,0,0,0,1000
1438,裕豐            ,1000,0,1000,0,0,0,0,0,0,0,0,0,0,0,0,0,1000
1727,中華化          ,1000,0,1000,0,0,0,0,0,0,0,0,0,0,0,0,0,1000
1713,國化            ,4000,3000,1000,0,0,0,0,0,0,0,0,0,0,0,0,0,1000
008201,BP上證50        ,0,0,0,0,0,0,0,0,0,200,0,0,0,300,100,200,200
055312,台虹群益99購01  ,0,0,0,0,0,0,0,0,0,0,0,0,0,20000,20000,0,0
056528,為升凱基98購01  ,0,0,0,0,0,0,0,0,0,0,0,0,0,1000,1000,0,0
05651P,大立光元大97售02,0,0,0,0,0,0,0,0,0,0,0,0,0,10000,10000,0,0
055074,台虹永豐97購01  ,0,0,0,0,0,0,0,0,0,0,0,0,0,7000,7000,0,0
057505,健策麥證98購01  ,0,0,0,0,60000,-60000,0,0,0,0,0,0,0,60000,60000,0,0
05442P,鴻海元大96售13  ,0,0,0,0,0,0,0,0,0,0,0,0,0,10000,10000,0,0
05432P,國巨元富95售07  ,0,0,0,0,0,0,0,0,0,0,0,0,0,10000,10000,0,0
054795,合勤控群益98購01,0,0,0,0,0,0,0,0,0,0,0,0,0,102000,102000,0,0
055949,亞德客元大97購04,0,0,0,0,0,0,0,0,0,0,0,0,0,10000,10000,0,0
057114,台虹群益98購01  ,0,0,0,0,0,0,0,0,0,0,0,0,0,1000,1000,0,0
05717P,鴻海元大97售07  ,0,0,0,0,0,0,0,0,0,0,0,0,0,10000,10000,0,0
057306,玉晶光兆豐99購01,0,0,0,0,0,0,0,0,0,0,0,0,0,100000,100000,0,0
05727P,新光金日盛96售02,0,0,0,0,0,0,0,0,0,0,0,0,0,25000,25000,0,0
057704,台虹群益98購03  ,0,0,0,0,0,0,0,0,0,0,0,0,0,20000,20000,0,0
057019,台積電凱基98購14,0,0,0,0,0,0,0,0,0,0,0,0,0,40000,40000,0,0
05695P,台積電凱基96售10,0,0,0,0,0,0,0,0,0,0,0,0,0,22000,22000,0,0
05578P,鴻海凱基96售11  ,0,0,0,0,0,0,0,0,0,0,0,0,0,46000,46000,0,0
056174,億光元富97購01  ,0,0,0,0,0,0,0,0,0,0,0,0,0,10000,10000,0,0
056146,台虹元大98購01  ,0,0,0,0,0,0,0,0,0,0,0,0,0,7000,7000,0,0
06662P,玉晶光中信9A售01,0,0,0,0,0,0,0,0,0,0,0,0,0,13000,13000,0,0
06663P,鴻海兆豐98售03  ,0,0,0,0,0,0,0,0,0,0,0,0,0,85000,85000,0,0
06666P,台積電日盛9A售02,0,0,0,0,0,0,0,0,0,0,0,0,0,40000,40000,0,0
06246P,茂林元富97售03  ,0,0,0,0,0,0,0,0,0,0,0,0,0,30000,30000,0,0
06552P,茂林元大99售02  ,0,0,0,0,0,0,0,0,0,0,0,0,0,75000,75000,0,0
06557P,台積電兆豐98售02,0,0,0,0,0,0,0,0,0,0,0,0,0,617000,617000,0,0
06585P,鴻海元大99售04  ,0,0,0,0,0,0,0,0,0,0,0,0,0,23000,23000,0,0
059245,聯發科凱基9A購03,0,0,0,0,0,0,0,0,0,0,0,0,0,8000,8000,0,0
059248,華新科凱基99購04,0,0,0,0,0,0,0,0,0,0,0,0,0,100000,100000,0,0
059351,台虹凱基99購01  ,0,0,0,0,0,0,0,0,0,0,0,0,0,10000,10000,0,0
059334,A50正2國票9A購02,0,0,0,0,0,0,0,0,0,0,0,0,0,2000,2000,0,0
05469P,台積電元大95售24,0,0,0,0,0,0,0,0,0,0,0,0,0,20000,20000,0,0
05457P,鴻海凱基95售20  ,0,0,0,0,0,0,0,0,0,0,0,0,0,89000,89000,0,0
054637,智邦中信98購01  ,0,0,0,0,0,0,0,0,0,0,0,0,0,20000,20000,0,0
05788P,臺股指永昌96售05,0,0,0,0,0,0,0,0,0,0,0,0,0,10000,10000,0,0
05789P,臺股指永昌96售06,0,0,0,0,0,0,0,0,0,0,0,0,0,10000,10000,0,0
05787P,臺股指永昌96售04,0,0,0,0,0,0,0,0,0,0,0,0,0,11000,11000,0,0
057885,台光電群益98購04,0,0,0,0,0,0,0,0,0,0,0,0,0,200000,200000,0,0
05786P,臺股指永昌96售03,0,0,0,0,0,0,0,0,0,0,0,0,0,11000,11000,0,0
054296,世芯元大97購01  ,0,0,0,0,0,0,0,0,0,0,0,0,0,1000,1000,0,0
054169,上緯控凱基98購01,0,0,0,0,0,0,0,0,0,0,0,0,0,3000,3000,0,0
055468,智邦凱基97購04  ,0,0,0,0,0,0,0,0,0,0,0,0,0,68000,68000,0,0
056751,和大兆豐98購01  ,0,0,0,0,0,0,0,0,0,0,0,0,0,200000,200000,0,0
05681P,大立光元大96售05,0,0,0,0,0,0,0,0,0,0,0,0,0,3000,3000,0,0
057818,泰碩元大9A購01  ,0,0,0,0,0,0,0,0,0,0,0,0,0,20000,20000,0,0
058040,FBVIX元大98購01 ,0,0,0,0,0,0,0,0,0,0,0,0,0,3000,3000,0,0
058066,可成亞東99購01  ,0,0,0,0,0,0,0,0,0,0,0,0,0,20000,20000,0,0
05775P,台積電國泰98售02,0,0,0,0,0,0,0,0,0,0,0,0,0,220000,220000,0,0
058128,FBVIX元大9C購02 ,0,0,0,0,0,0,0,0,0,0,0,0,0,5000,5000,0,0
05827P,台積電統一96售10,0,0,0,0,0,0,0,0,0,0,0,0,0,10000,10000,0,0
058228,為升元大99購01  ,0,0,0,0,0,0,0,0,0,0,0,0,0,1000,1000,0,0
058336,鴻海元富99購07  ,0,0,0,0,0,0,0,0,0,0,0,0,0,40000,40000,0,0
058328,世紀鋼統一9B購01,0,0,0,0,0,0,0,0,0,0,0,0,0,10000,10000,0,0
057973,神達富邦9A購01  ,0,0,0,0,0,0,0,0,0,0,0,0,0,150000,150000,0,0
00776,新光ICE美國權值 ,0,0,0,0,0,0,0,0,0,0,0,0,0,1000,1000,0,0
00767,FH美國金融股    ,0,0,0,0,0,0,0,0,0,0,0,0,0,6000,6000,0,0
00774B,新光中國政金綠債,0,0,0,0,0,0,0,0,0,0,0,0,0,2000,2000,0,0
00732,國泰RMB短期報酬 ,0,0,0,0,0,0,0,0,0,0,0,0,0,1000,1000,0,0
00742,新光內需收益    ,0,0,0,0,0,0,0,0,0,0,0,0,0,37000,37000,0,0
00625K,富邦上証+R      ,0,0,0,0,0,0,0,0,0,0,0,0,0,50000,50000,0,0
00636K,國泰中國A50+U   ,0,0,0,0,0,0,0,0,0,0,0,0,0,100,100,0,0
00657K,國泰日經225+U   ,0,0,0,0,0,0,0,0,0,0,0,0,0,100,100,0,0
00660,元大歐洲50      ,0,0,0,0,0,0,0,0,0,0,0,0,0,14000,14000,0,0
00668K,國泰美國道瓊+U  ,0,0,0,0,0,0,0,0,0,0,0,0,0,100,100,0,0
04294P,台積電元大95售01,5000,0,5000,0,0,0,0,0,0,-5000,0,0,0,115000,120000,-5000,0
03012X,元展12          ,0,0,0,0,0,0,0,0,0,0,0,0,0,2000,2000,0,0
044694,道瓊反元大94購02,0,0,0,0,0,0,0,0,0,0,0,0,0,10000,10000,0,0
03052X,元展49          ,0,0,0,0,0,0,0,0,0,0,0,0,0,1000,1000,0,0
04265P,滬深2X元富93售04,0,0,0,0,0,0,0,0,0,0,0,0,0,15000,15000,0,0
04204P,臺股指元大93售44,0,0,0,0,0,0,0,0,0,0,0,0,0,980000,980000,0,0
04205P,臺股指元大93售45,0,0,0,0,0,0,0,0,0,0,0,0,0,660000,660000,0,0
04206P,臺股指元大93售46,0,0,0,0,0,0,0,0,0,0,0,0,0,879000,879000,0,0
04208P,臺股指元大93售48,0,0,0,0,0,0,0,0,0,0,0,0,0,1509000,1509000,0,0
049303,S&P反1凱基94購02,0,0,0,0,0,0,0,0,0,0,0,0,0,1008000,1008000,0,0
04942P,台積電台新94售01,0,0,0,0,0,0,0,0,0,0,0,0,0,40000,40000,0,0
04964P,鴻海元大94售26  ,0,0,0,0,0,0,0,0,0,0,0,0,0,190000,190000,0,0
049713,鴻海凱基94購17  ,0,0,0,0,0,0,0,0,0,0,0,0,0,40000,40000,0,0
049587,美律元大95購01  ,0,0,0,0,0,0,0,0,0,0,0,0,0,570000,570000,0,0
046600,鴻海群益94購01  ,0,0,0,0,0,0,0,0,0,0,0,0,0,440000,440000,0,0
045736,台積電群益94購01,0,0,0,0,0,0,0,0,0,0,0,0,0,10000,10000,0,0
051845,世紀鋼富邦96購01,0,0,0,0,0,0,0,0,0,0,0,0,0,6000,6000,0,0
05184P,緯穎元富95售01  ,0,0,0,0,0,0,0,0,0,0,0,0,0,10000,10000,0,0
05183P,台積電元富95售07,0,0,0,0,0,0,0,0,0,0,0,0,0,20000,20000,0,0
04743P,台積電元富94售07,0,0,0,0,0,0,0,0,0,0,0,0,0,20000,20000,0,0
048648,祥碩元大93購03  ,0,0,0,0,0,0,0,0,0,0,0,0,0,10000,10000,0,0
048760,S&P反1凱基94購01,0,0,0,0,0,0,0,0,0,0,0,0,0,50000,50000,0,0
04986P,茂林永豐94售05  ,0,0,0,0,0,0,0,0,0,0,0,0,0,20000,20000,0,0
04860P,鴻海群益94售07  ,0,0,0,0,0,0,0,0,0,0,0,0,0,70000,70000,0,0
049816,緯穎元大94購07  ,0,0,0,0,0,0,0,0,0,0,0,0,0,10000,10000,0,0
048552,鴻海元大94購03  ,0,0,0,0,0,0,0,0,0,0,0,0,0,810000,810000,0,0
04857P,美律元富94售01  ,0,0,0,0,0,0,0,0,0,0,0,0,0,300000,300000,0,0
05879P,台積電台新96售03,0,0,0,0,0,0,0,0,0,0,0,0,0,210000,210000,0,0
058811,台積電統一9A購05,0,0,0,0,0,0,0,0,0,0,0,0,0,10000,10000,0,0
058817,嘉聯益台新99購01,0,0,0,0,0,0,0,0,0,0,0,0,0,10000,10000,0,0
058767,亞德客兆豐99購01,0,0,0,0,0,0,0,0,0,0,0,0,0,100000,100000,0,0
052520,南亞科元大95購06,0,0,0,0,0,0,0,0,0,0,0,0,0,10000,10000,0,0
058679,可成日盛99購01  ,0,0,0,0,0,0,0,0,0,0,0,0,0,20000,20000,0,0
058848,台積電群益99購07,0,0,0,0,0,0,0,0,0,0,0,0,0,93000,93000,0,0
05892P,大立光中信98售03,0,0,0,0,0,0,0,0,0,0,0,0,0,25000,25000,0,0
05321P,鴻海凱基95售17  ,0,0,0,0,0,0,0,0,0,0,0,0,0,10000,10000,0,0
05300P,健策元大95售02  ,0,0,0,0,0,0,0,0,0,0,0,0,0,10000,10000,0,0
052984,漢唐元大96購01  ,0,0,0,0,0,0,0,0,0,0,0,0,0,55000,55000,0,0
052746,泰碩元大97購01  ,0,0,0,0,0,0,0,0,0,0,0,0,0,20000,20000,0,0
050161,鴻海國泰96購03  ,0,0,0,0,0,0,0,0,0,0,0,0,0,200000,200000,0,0
05241P,鴻海國泰97售04  ,0,0,0,0,0,0,0,0,0,0,0,0,0,60000,60000,0,0
05243P,鴻海元大95售19  ,0,0,0,0,0,0,0,0,0,0,0,0,0,60000,60000,0,0
05377P,鴻海凱基95售18  ,0,0,0,0,0,0,0,0,0,0,0,0,0,10000,10000,0,0
05212P,台積電國票96售04,0,0,0,0,0,0,0,0,0,0,0,0,0,4000,4000,0,0
052084,台泥元大95購01  ,0,0,0,0,0,0,0,0,0,0,0,0,0,10000,10000,0,0
051985,智邦元大95購05  ,0,0,0,0,0,0,0,0,0,0,0,0,0,88000,88000,0,0
050714,深中小群益98購01,0,0,0,0,0,0,0,0,0,0,0,0,0,2000,2000,0,0
050795,超眾富邦94購01  ,0,0,0,0,0,0,0,0,0,0,0,0,0,100000,100000,0,0
05069P,鴻海統一96售03  ,0,0,0,0,0,0,0,0,0,0,0,0,0,5000,5000,0,0
05070P,鴻海統一96售04  ,0,0,0,0,0,0,0,0,0,0,0,0,0,30000,30000,0,0
051264,道瓊反富邦97購01,0,0,0,0,0,0,0,0,0,0,0,0,0,100000,100000,0,0
050630,大立光亞東96購01,0,0,0,0,0,0,0,0,0,0,0,0,0,30000,30000,0,0
050380,台積電亞東94購02,0,0,0,0,0,0,0,0,0,0,0,0,0,20000,20000,0,0
050377,華通第一94購01  ,0,0,0,0,0,0,0,0,0,0,0,0,0,10000,10000,0,0
05134P,鴻海凱基96售06  ,0,0,0,0,0,0,0,0,0,0,0,0,0,4000,4000,0,0
051361,泰鼎元大95購01  ,0,0,0,0,0,0,0,0,0,0,0,0,0,10000,10000,0,0
05146P,鴻海元大95售10  ,0,0,0,0,0,0,0,0,0,0,0,0,0,1000,1000,0,0
05116P,台積電群益95售03,0,0,0,0,0,0,0,0,0,0,0,0,0,10000,10000,0,0
051210,S&P反1統一97購01,0,1000,-1000,0,0,0,0,0,0,1000,0,0,0,1000,0,1000,0
050978,鴻海元富95購03  ,0,0,0,0,0,0,0,0,0,0,0,0,0,30000,30000,0,0
052321,華擎元大95購01  ,0,0,0,0,0,0,0,0,0,0,0,0,0,27000,27000,0,0
05220P,台積電元大95售16,0,0,0,0,0,0,0,0,0,0,0,0,0,50000,50000,0,0
05400P,台積電永豐95售05,0,0,0,0,0,0,0,0,0,0,0,0,0,50000,50000,0,0
05264P,微星元大95售02  ,0,0,0,0,0,0,0,0,0,0,0,0,0,139000,139000,0,0
052652,台虹永豐96購01  ,0,0,0,0,0,0,0,0,0,0,0,0,0,20000,20000,0,0
1416,廣豐            ,7000,7000,0,0,0,0,0,0,0,0,0,0,0,0,0,0,0
1454,台富            ,4000,4000,0,0,0,0,0,0,0,0,0,0,0,0,0,0,0
1472,三洋紡          ,1000,1000,0,0,0,0,0,0,0,0,0,0,0,0,0,0,0
07223P,鴻海元大99售29  ,0,0,0,0,0,0,0,0,0,0,0,0,0,20000,20000,0,0
2033,佳大            ,3000,3000,0,0,0,0,0,0,0,0,0,0,0,0,0,0,0
06074P,台積電凱基98售04,0,0,0,0,0,0,0,0,0,0,0,0,0,40000,40000,0,0
05990P,台積電群益96售13,0,0,0,0,0,0,0,0,0,0,0,0,0,10000,10000,0,0
05969P,台積電台新96售04,0,0,0,0,0,0,0,0,0,0,0,0,0,130000,130000,0,0
059381,TPK亞東99購01   ,0,0,0,0,0,0,0,0,0,0,0,0,0,10000,10000,0,0
06285P,台積電國票98售04,0,0,0,0,0,0,0,0,0,0,0,0,0,4000,4000,0,0
06427P,鴻海元大97售13  ,0,0,0,0,0,0,0,0,0,0,0,0,0,25000,25000,0,0
06444P,大立光凱基98售08,0,0,0,0,0,0,0,0,0,0,0,0,0,50000,50000,0,0
06440P,台積電凱基98售07,0,0,0,0,0,0,0,0,0,0,0,0,0,40000,40000,0,0
06367P,台積電凱基97售14,0,0,0,0,0,0,0,0,0,0,0,0,0,130000,130000,0,0
06237P,台積電元大97售26,0,0,0,0,0,0,0,0,0,0,0,0,0,38000,38000,0,0
06231P,台積電永豐97售05,0,0,0,0,0,0,0,0,0,0,0,0,0,80000,80000,0,0
06194P,台積電元富97售05,0,0,0,0,0,0,0,0,0,0,0,0,0,10000,10000,0,0
06198P,台積電元大98售06,0,0,0,0,0,0,0,0,0,0,0,0,0,390000,390000,0,0
07002P,鴻海兆豐99售04  ,0,0,0,0,0,0,0,0,0,0,0,0,0,31000,31000,0,0
07036P,台灣50台新9C售01,0,0,0,0,0,0,0,0,0,0,0,0,0,60000,60000,0,0
07037P,台積電台新99售03,0,0,0,0,0,0,0,0,0,0,0,0,0,180000,180000,0,0
07133P,臺股指元大9A售27,0,0,0,0,0,0,0,0,0,0,0,0,0,60000,60000,0,0
07095P,台灣50元大9C售03,0,0,0,0,0,0,0,0,0,0,0,0,0,10000,10000,0,0
06962P,華新科永豐99售01,0,0,0,0,0,0,0,0,0,0,0,0,0,1000,1000,0,0
06942P,台灣50台新02售01,0,0,0,0,0,0,0,0,0,0,0,10000,-10000,10000,0,10000,0
06874P,台積電台新98售02,0,0,0,0,0,0,0,0,0,0,0,0,0,263000,263000,0,0
06876P,台灣50兆豐9B售01,0,0,0,0,0,0,0,0,0,0,0,10000,-10000,10000,0,10000,0
06854P,鴻海富邦99售05  ,0,0,0,0,0,0,0,0,0,0,0,0,0,20000,20000,0,0
06818P,臺股指元富98售07,0,0,0,0,0,0,0,0,0,0,0,0,0,9000,9000,0,0
06819P,臺股指元富98售08,0,0,0,0,0,0,0,0,0,0,0,0,0,9000,9000,0,0
06820P,臺股指元富98售09,0,0,0,0,0,0,0,0,0,0,0,0,0,9000,9000,0,0
06776P,鴻海元大99售05  ,0,0,0,0,0,0,0,0,0,0,0,0,0,109000,109000,0,0
5906,台南-KY         ,2000,2000,0,0,0,0,0,0,0,0,0,0,0,0,0,0,0
3002,歐格            ,1000,1000,0,0,0,0,0,0,0,0,0,0,0,0,0,0,0
3021,鴻名            ,7000,5000,2000,0,0,0,0,0,0,-2000,0,2000,-2000,0,0,0,0
3054,立萬利          ,3000,3000,0,0,0,0,0,0,0,0,0,0,0,0,0,0,0
3050,鈺德            ,61000,60000,1000,0,0,0,0,0,0,-1000,0,1000,-1000,0,0,0,0
3305,昇貿            ,32000,32000,0,0,0,0,0,0,0,0,0,0,0,0,0,0,0
911616,杜康-DR         ,1000,1000,0,0,0,0,0,0,0,0,0,0,0,0,0,0,0
8481,政伸            ,3000,3000,0,0,0,0,0,0,0,0,0,0,0,0,0,0,0
9926,新海            ,2000,2000,0,0,0,0,0,0,0,0,0,0,0,0,0,0,0
057988,鈺齊元富98購02  ,0,0,0,0,0,0,0,0,0,-1000,0,0,0,0,1000,-1000,-1000
058549,藍天永豐99購01  ,0,0,0,0,0,0,0,0,0,-1000,0,0,0,0,1000,-1000,-1000
058384,大成鋼中信99購01,0,0,0,0,0,0,0,0,0,-1000,0,0,0,52000,53000,-1000,-1000
058359,瑞昱凱基99購01  ,0,0,0,0,0,0,0,0,0,-1000,0,0,0,30000,31000,-1000,-1000
058116,正崴中信99購02  ,0,0,0,0,0,0,0,0,0,-1000,0,0,0,0,1000,-1000,-1000
058093,神達元大9A購01  ,0,0,0,0,0,0,0,0,0,-1000,0,0,0,0,1000,-1000,-1000
056798,華新科麥證98購01,0,0,0,0,1000,-1000,0,0,0,-1000,0,0,0,0,1000,-1000,-1000
055644,致茂元富97購01  ,0,0,0,0,0,0,0,0,0,-1000,0,0,0,0,1000,-1000,-1000
057811,南亞科元大98購08,0,0,0,0,0,0,0,0,0,-1000,0,0,0,14000,15000,-1000,-1000
055571,鴻海統一97購03  ,0,0,0,0,0,0,0,0,0,-1000,0,0,0,0,1000,-1000,-1000
055551,致茂凱基98購01  ,0,0,0,0,0,0,0,0,0,-1000,0,0,0,0,1000,-1000,-1000
054189,貿聯永豐96購03  ,0,0,0,0,0,0,0,0,0,-1000,0,0,0,0,1000,-1000,-1000
054240,訊芯群益96購03  ,0,0,0,0,0,0,0,0,0,-1000,0,0,0,0,1000,-1000,-1000
05908P,大立光元富96售05,0,0,0,0,0,0,0,0,0,-1000,0,0,0,0,1000,-1000,-1000
057864,奇力新凱基99購03,0,0,0,0,0,0,0,0,0,-1000,0,0,0,0,1000,-1000,-1000
057872,旺宏元大99購06  ,0,0,0,0,0,0,0,0,0,-1000,0,0,0,0,1000,-1000,-1000
057851,鴻海國票99購06  ,0,0,0,0,0,0,0,0,0,-1000,0,0,0,0,1000,-1000,-1000
054488,禾伸堂台新96購01,0,0,0,0,0,0,0,0,0,-1000,0,0,0,0,1000,-1000,-1000
054647,禾伸堂群益99購01,0,0,0,0,0,0,0,0,0,-1000,0,0,0,0,1000,-1000,-1000
054753,復盛凱基98購01  ,0,0,0,0,0,0,0,0,0,-1000,0,0,0,15000,16000,-1000,-1000
059307,T50反1元大99購06,0,0,0,0,0,0,0,0,0,-1000,0,0,0,0,1000,-1000,-1000
059331,台灣50國票9A購06,0,0,0,0,0,0,0,0,0,-1000,0,0,0,0,1000,-1000,-1000
059319,台光電元大99購04,0,0,0,0,0,0,0,0,0,-1000,0,0,0,22000,23000,-1000,-1000
059258,台灣50群益99購01,0,0,0,0,0,0,0,0,0,-1000,0,0,0,5000,6000,-1000,-1000
059269,臺股指中信9B購03,0,0,0,0,0,0,0,0,0,-1000,0,0,0,0,1000,-1000,-1000
06554P,臺股指元大99售06,0,0,0,0,0,0,0,0,0,-1000,0,0,0,0,1000,-1000,-1000
056158,新日興凱基98購02,0,0,0,0,0,0,0,0,0,-1000,0,0,0,0,1000,-1000,-1000
056315,同欣電元大97購05,0,0,0,0,0,0,0,0,0,-1000,0,0,0,0,1000,-1000,-1000
056372,訊芯元大98購04  ,0,0,0,0,0,0,0,0,0,-1000,0,0,0,0,1000,-1000,-1000
05575P,玉晶光元富96售01,0,0,0,0,0,0,0,0,0,-1000,0,0,0,0,1000,-1000,-1000
055785,祥碩凱基97購02  ,0,0,0,0,0,0,0,0,0,-1000,0,0,0,93000,94000,-1000,-1000
055904,貿聯亞東99購01  ,0,0,0,0,0,0,0,0,0,-1000,0,0,0,0,1000,-1000,-1000
056953,智邦富邦98購02  ,0,0,0,0,0,0,0,0,0,-1000,0,0,0,0,1000,-1000,-1000
057710,金融類群益98購01,0,0,0,0,0,0,0,0,0,-1000,0,0,0,0,1000,-1000,-1000
05703P,矽力群益96售03  ,0,0,0,0,0,0,0,0,0,-1000,0,0,0,0,1000,-1000,-1000
057673,臻鼎元大98購01  ,0,0,0,0,0,0,0,0,0,-1000,0,0,0,0,1000,-1000,-1000
057440,台積電統一98購10,0,0,0,0,0,0,0,0,0,-1000,0,0,0,0,1000,-1000,-1000
057205,元翎元富98購01  ,0,0,0,0,0,0,0,0,0,-1000,0,0,0,0,1000,-1000,-1000
057231,美律凱基98購05  ,0,0,0,0,0,0,0,0,0,-1000,0,0,0,0,1000,-1000,-1000
055992,智原台新97購02  ,0,0,0,0,0,0,0,0,0,-1000,0,0,0,0,1000,-1000,-1000
054355,上海銀富邦98購01,0,0,0,0,0,0,0,0,0,-1000,0,0,0,0,1000,-1000,-1000
054992,南亞科元富97購02,0,0,0,0,0,0,0,0,0,-1000,0,0,0,0,1000,-1000,-1000
054420,緯穎元大96購08  ,0,0,0,0,0,0,0,0,0,-1000,0,0,0,10000,11000,-1000,-1000
054380,世芯群益97購02  ,0,0,0,0,0,0,0,0,0,-1000,0,0,0,0,1000,-1000,-1000
05859P,台表科國票97售04,0,0,0,0,0,0,0,0,0,-1000,0,0,0,0,1000,-1000,-1000
055142,健策永豐98購01  ,0,0,0,0,0,0,0,0,0,-1000,0,0,0,0,1000,-1000,-1000
055148,鴻海元大98購02  ,0,0,0,0,0,0,0,0,0,-1000,0,0,0,0,1000,-1000,-1000
056482,貿聯元大99購01  ,0,0,0,0,0,0,0,0,0,-1000,0,0,0,0,1000,-1000,-1000
05642P,玉晶光兆豐97售02,0,0,0,0,0,0,0,0,0,-1000,0,0,0,10000,11000,-1000,-1000
056458,日月光凱基98購02,0,0,0,0,0,0,0,0,0,-1000,0,0,0,0,1000,-1000,-1000
055177,宏達電統一99購01,0,0,0,0,0,0,0,0,0,-1000,0,0,0,0,1000,-1000,-1000
052686,華新科元大96購03,0,0,0,0,0,0,0,0,0,-1000,0,0,0,0,1000,-1000,-1000
052568,漢唐凱基96購02  ,0,0,0,0,0,0,0,0,0,-1000,0,0,0,0,1000,-1000,-1000
052319,可成元大95購12  ,0,0,0,0,0,0,0,0,0,-1000,0,0,0,0,1000,-1000,-1000
053858,台達電元大96購05,0,0,0,0,0,0,0,0,0,-1000,0,0,0,0,1000,-1000,-1000
050919,台積電凱基95購03,0,0,0,0,0,0,0,0,0,-1000,0,0,0,0,1000,-1000,-1000
051031,康友元富95購02  ,0,0,0,0,0,0,0,0,0,-1000,0,0,0,0,1000,-1000,-1000
051093,聯詠元大95購01  ,0,0,0,0,0,0,0,0,0,-1000,0,0,0,0,1000,-1000,-1000
051307,康舒凱基95購01  ,0,0,0,0,0,0,0,0,0,-1000,0,0,0,0,1000,-1000,-1000
051401,華新科永豐95購01,0,0,0,0,0,0,0,0,0,-1000,0,0,0,0,1000,-1000,-1000
050512,台泥元大94購01  ,0,0,0,0,0,0,0,0,0,-1000,0,0,0,0,1000,-1000,-1000
05126P,牧德群益95售01  ,0,0,0,0,0,0,0,0,0,-1000,0,0,0,1000,2000,-1000,-1000
050857,義隆台新95購01  ,0,0,0,0,0,0,0,0,0,-1000,0,0,0,0,1000,-1000,-1000
050729,聯鈞國票94購01  ,0,0,0,0,0,0,0,0,0,-1000,0,0,0,5000,6000,-1000,-1000
05198P,牧德永豐95售02  ,0,0,0,0,0,0,0,0,0,-1000,0,0,0,0,1000,-1000,-1000
053547,台積電凱基96購14,0,0,0,0,0,0,0,0,0,-1000,0,0,0,0,1000,-1000,-1000
05205P,緯穎元大95售03  ,0,0,0,0,0,0,0,0,0,-1000,0,0,0,9000,10000,-1000,-1000
052131,台積電凱基96購01,0,0,0,0,0,0,0,0,0,-1000,0,0,0,0,1000,-1000,-1000
053737,華新科麥證96購01,0,0,0,0,1000,-1000,0,0,0,-1000,0,0,0,0,1000,-1000,-1000
05020P,廣達中信95售01  ,0,0,0,0,0,0,0,0,0,-1000,0,0,0,0,1000,-1000,-1000
050253,百和國泰96購01  ,0,0,0,0,0,0,0,0,0,-1000,0,0,0,0,1000,-1000,-1000
052753,電子類元大96購02,0,0,0,0,0,0,0,0,0,-1000,0,0,0,0,1000,-1000,-1000
052724,力成統一97購01  ,0,0,0,0,0,0,0,0,0,-1000,0,0,0,0,1000,-1000,-1000
052998,拓凱康和96購01  ,0,0,0,0,0,0,0,0,0,-1000,0,0,0,0,1000,-1000,-1000
052955,國巨日盛96購01  ,0,0,0,0,0,0,0,0,0,-1000,0,0,0,0,1000,-1000,-1000
052916,華新科富邦96購01,0,0,0,0,0,0,0,0,0,-1000,0,0,0,0,1000,-1000,-1000
052926,旺宏元大98購02  ,0,0,0,0,0,0,0,0,0,-1000,0,0,0,0,1000,-1000,-1000
053075,欣興永豐96購01  ,0,0,0,0,0,0,0,0,0,-1000,0,0,0,0,1000,-1000,-1000
053118,大立光中信9C購01,0,0,0,0,0,0,0,0,0,-1000,0,0,0,0,1000,-1000,-1000
058962,元油2X兆豐9A購02,0,0,0,0,0,0,0,0,0,-1000,0,0,0,10000,11000,-1000,-1000
05247P,上銀群益95售01  ,0,0,0,0,0,0,0,0,0,-1000,0,0,0,1000,2000,-1000,-1000
05878P,創意群益98售01  ,0,0,0,0,0,0,0,0,0,-1000,0,0,0,0,1000,-1000,-1000
048413,國巨第一93購01  ,0,0,0,0,0,0,0,0,0,-1000,0,0,0,0,1000,-1000,-1000
04719P,台達電凱基94售09,0,0,0,0,0,0,0,0,0,-1000,0,0,0,0,1000,-1000,-1000
047406,香港反統一94購01,0,0,0,0,0,0,0,0,0,-1000,0,0,0,0,1000,-1000,-1000
048717,鴻海永豐94購02  ,0,0,0,0,0,0,0,0,0,-1000,0,0,0,0,1000,-1000,-1000
04756P,大立光元富94售08,0,0,0,0,0,0,0,0,0,-1000,0,0,0,10000,11000,-1000,-1000
047993,鑽全元大96購01  ,0,0,0,0,0,0,0,0,0,-1000,0,0,0,3000,4000,-1000,-1000
051828,微星元大95購03  ,0,0,0,0,0,0,0,0,0,-1000,0,0,0,66000,67000,-1000,-1000
053436,聯茂日盛96購01  ,0,0,0,0,0,0,0,0,0,-1000,0,0,0,0,1000,-1000,-1000
051875,聯發科兆豐95購04,0,0,0,0,0,0,0,0,0,-1000,0,0,0,0,1000,-1000,-1000
053257,華通富邦97購01  ,0,0,0,0,0,0,0,0,0,-1000,0,0,0,0,1000,-1000,-1000
051930,國泰金兆豐97購01,0,0,0,0,0,0,0,0,0,-1000,0,0,0,0,1000,-1000,-1000
04562P,南亞科凱基94售02,0,0,0,0,0,0,0,0,0,-1000,0,0,0,0,1000,-1000,-1000
045906,鴻海中信94購01  ,0,0,0,0,0,0,0,0,0,-1000,0,0,0,0,1000,-1000,-1000
051673,玉晶光元大96購04,0,0,0,0,0,0,0,0,0,-1000,0,0,0,5000,6000,-1000,-1000
051731,聯電國票96購02  ,0,0,0,0,0,0,0,0,0,-1000,0,0,0,0,1000,-1000,-1000
049630,臺股指群益94購03,0,0,0,0,0,0,0,0,0,-1000,0,0,0,0,1000,-1000,-1000
049564,聯電統一94購03  ,0,0,0,0,0,0,0,0,0,-1000,0,0,0,0,1000,-1000,-1000
040160,SP黃豆元富95購01,0,0,0,0,0,0,0,0,0,-1000,0,0,0,0,1000,-1000,-1000
04889P,華通元大94售03  ,0,0,0,0,0,0,0,0,0,-1000,0,0,0,0,1000,-1000,-1000
03648C,T50反1元大96牛07,0,0,0,0,0,0,0,0,0,-1000,0,0,0,0,1000,-1000,-1000
03951P,新光金凱基95售01,0,0,0,0,0,0,0,0,0,-1000,0,0,0,4000,5000,-1000,-1000
03010X,元展10          ,0,0,0,0,0,0,0,0,0,-1000,0,0,0,0,1000,-1000,-1000
04427P,滬深2X元大97售02,0,0,0,0,0,0,0,0,0,-1000,0,0,0,10000,11000,-1000,-1000
04354P,華新科永豐94售01,0,0,0,0,0,0,0,0,0,-1000,0,0,0,0,1000,-1000,-1000
043231,鴻海中信95購01  ,0,0,0,0,0,0,0,0,0,-1000,0,0,0,0,1000,-1000,-1000
00661,元大日經225     ,0,0,0,0,0,0,0,0,0,-1000,0,0,0,0,1000,-1000,-1000
0057,富邦摩台        ,0,0,0,0,0,0,0,0,0,-1000,0,0,0,31000,32000,-1000,-1000
020011,統一微波高息20N ,0,0,0,0,0,0,0,0,0,-1000,0,1627000,-1627000,1630000,4000,1626000,-1000
00775B,新光投等債15+   ,0,1000,-1000,0,0,0,0,0,0,0,0,0,0,2000,2000,0,-1000
01001T,土銀富邦R1      ,0,1000,-1000,0,0,0,0,0,0,0,0,0,0,0,0,0,-1000
00709,富邦歐洲        ,0,0,0,0,0,0,0,0,0,-1000,0,0,0,104000,105000,-1000,-1000
00684R,元大美元指數反1 ,0,0,0,0,0,0,0,0,0,-1000,0,0,0,0,1000,-1000,-1000
8467,波力-KY         ,1000,2000,-1000,0,0,0,0,0,0,0,0,0,0,0,0,0,-1000
8442,威宏-KY         ,3000,4000,-1000,0,0,0,0,0,0,0,0,0,0,0,0,0,-1000
8940,新天地          ,0,0,0,0,0,0,0,0,0,-1000,0,1000,-1000,0,0,0,-1000
8367,建新國際        ,18000,19000,-1000,0,0,0,0,0,0,0,0,0,0,0,0,0,-1000
6431,光麗-KY         ,0,1000,-1000,0,0,0,0,0,0,0,0,0,0,0,0,0,-1000
6464,台數科          ,0,1000,-1000,0,0,0,0,0,0,0,0,0,0,0,0,0,-1000
2936,客思達-KY       ,2000,3000,-1000,0,0,0,0,0,0,0,0,0,0,0,0,0,-1000
5533,皇鼎            ,9000,10000,-1000,0,0,0,0,0,0,0,0,0,0,0,0,0,-1000
6172,互億            ,14000,15000,-1000,0,0,0,0,0,0,0,0,0,0,0,0,0,-1000
06742P,可成富邦99售02  ,0,0,0,0,0,0,0,0,0,-1000,0,0,0,0,1000,-1000,-1000
06861P,台積電國票99售08,0,0,0,0,0,0,0,0,0,-1000,0,0,0,200000,201000,-1000,-1000
06932P,大立光元大98售21,0,0,0,0,0,0,0,0,0,-1000,0,0,0,0,1000,-1000,-1000
06930P,台積電元大98售19,0,0,0,0,0,0,0,0,0,-1000,0,0,0,0,1000,-1000,-1000
07090P,台灣50凱基01售01,0,0,0,0,0,0,0,0,0,-1000,0,0,0,1000,2000,-1000,-1000
07065P,臺股指元大9A售26,0,0,0,0,0,0,0,0,0,-1000,0,0,0,9000,10000,-1000,-1000
07016P,聯發科元大99售10,0,0,0,0,0,0,0,0,0,-1000,0,0,0,0,1000,-1000,-1000
06212P,華新科元大97售11,0,0,0,0,0,0,0,0,0,-1000,0,0,0,0,1000,-1000,-1000
06430P,大立光元大97售16,0,0,0,0,0,0,0,0,0,-1000,0,0,0,0,1000,-1000,-1000
059386,上銀凱基99購07  ,0,0,0,0,0,0,0,0,0,-1000,0,0,0,0,1000,-1000,-1000
059398,滬深2X元富9C購02,0,0,0,0,0,0,0,0,0,-1000,0,0,0,0,1000,-1000,-1000
06032P,健策群益97售03  ,0,0,0,0,0,0,0,0,0,-1000,0,0,0,1000,2000,-1000,-1000
2007,燁興            ,0,1000,-1000,0,0,0,0,0,0,0,0,0,0,0,0,0,-1000
2706,第一店          ,19000,20000,-1000,0,0,0,0,0,0,0,0,0,0,0,0,0,-1000
2739,寒舍            ,0,1000,-1000,0,0,0,0,0,0,0,0,0,0,0,0,0,-1000
07240P,台灣50台新94售01,0,0,0,0,0,0,0,0,0,-1000,0,0,0,0,1000,-1000,-1000
07263P,台積電元大99售37,0,0,0,0,0,0,0,0,0,-1000,0,0,0,0,1000,-1000,-1000
07178P,臺股指凱基99售20,0,0,0,0,0,0,0,0,0,-1000,0,0,0,0,1000,-1000,-1000
1337,再生-KY         ,36000,36000,0,0,0,0,0,0,0,-1000,0,1000,-1000,0,0,0,-1000
1525,江申            ,2000,4000,-2000,0,0,0,0,1000,-1000,2000,2000,0,2000,0,0,0,-1000
1468,昶和            ,0,1000,-1000,0,0,0,0,0,0,0,0,0,0,0,0,0,-1000
1776,展宇            ,0,1000,-1000,0,0,0,0,0,0,0,0,0,0,0,0,0,-1000
1805,寶徠            ,0,0,0,0,0,0,0,0,0,-1000,0,1000,-1000,0,0,0,-1000
1583,程泰            ,0,1000,-1000,0,0,0,0,0,0,0,0,0,0,0,0,0,-1000
1587,吉茂            ,6000,7000,-1000,0,0,0,0,0,0,0,0,0,0,0,0,0,-1000
1589,永冠-KY         ,149000,150000,-1000,0,0,0,0,0,0,0,0,0,0,0,0,0,-1000
1615,大山            ,8000,9000,-1000,0,0,0,0,0,0,0,0,0,0,0,0,0,-1000
2492,華新科          ,2116000,2083150,32850,0,0,0,10000,308100,-298100,264000,4000,17000,-13000,342000,65000,277000,-1250
056509,晶相光永豐98購01,0,0,0,0,0,0,0,0,0,-2000,0,0,0,10000,12000,-2000,-2000
058579,聯發科群益99購04,0,0,0,0,0,0,0,0,0,-2000,0,0,0,0,2000,-2000,-2000
055248,可成統一97購02  ,0,0,0,0,0,0,0,0,0,-2000,0,0,0,0,2000,-2000,-2000
055415,禾伸堂富邦9B購01,0,0,0,0,0,0,0,0,0,-2000,0,0,0,0,2000,-2000,-2000
055967,臻鼎元大97購01  ,0,0,0,0,0,0,0,0,0,-2000,0,0,0,0,2000,-2000,-2000
054943,群光元大97購01  ,0,0,0,0,0,0,0,0,0,-2000,0,0,0,260000,262000,-2000,-2000
057431,京鼎兆豐98購02  ,0,0,0,0,0,0,0,0,0,-2000,0,0,0,17000,19000,-2000,-2000
054731,S&P反1凱基98購01,0,0,0,0,0,0,0,0,0,-2000,0,0,0,75000,77000,-2000,-2000
05460P,台郡凱基95售05  ,0,0,0,0,0,0,0,0,0,-2000,0,0,0,0,2000,-2000,-2000
05454P,奇鋐群益95售04  ,0,0,0,0,0,0,0,0,0,-2000,0,0,0,0,2000,-2000,-2000
057860,金寶凱基98購01  ,0,0,0,0,0,0,0,0,0,-2000,0,0,0,0,2000,-2000,-2000
057839,台積電富邦9A購02,0,0,0,0,0,0,0,0,0,-2000,0,0,0,0,2000,-2000,-2000
055751,南亞科永昌9C購01,0,0,0,0,0,0,0,0,0,-2000,0,0,0,0,2000,-2000,-2000
055485,國巨元大97購09  ,0,0,0,0,0,0,0,0,0,-2000,0,0,0,0,2000,-2000,-2000
058028,國巨富邦99購04  ,0,0,0,0,0,0,0,0,0,-2000,0,0,0,0,2000,-2000,-2000
057822,牧德元大9A購01  ,0,0,0,0,0,0,0,0,0,-2000,0,0,0,0,2000,-2000,-2000
058085,景碩群益9A購01  ,0,0,0,0,0,0,0,0,0,-2000,0,0,0,0,2000,-2000,-2000
058103,台積電永豐98購06,0,0,0,0,0,0,0,0,0,-2000,0,0,0,28000,30000,-2000,-2000
058357,智邦凱基99購02  ,0,0,0,0,0,0,0,0,0,-2000,0,0,0,4000,6000,-2000,-2000
057947,和碩國票99購01  ,0,0,0,0,0,0,0,0,0,-2000,0,0,0,0,2000,-2000,-2000
00714,群益道瓊美國地產,0,40000,-40000,0,0,0,0,0,0,38000,0,0,0,42000,4000,38000,-2000
01002T,土銀國泰R1      ,3000,5000,-2000,0,0,0,0,0,0,0,0,0,0,0,0,0,-2000
00666R,富邦恒生國企反1 ,6000,0,6000,0,0,0,0,0,0,-8000,0,0,0,75000,83000,-8000,-2000
04431P,牧德元大94售03  ,0,0,0,0,0,0,0,0,0,-2000,0,0,0,0,2000,-2000,-2000
04380P,欣興元大94售02  ,0,0,0,0,0,0,0,0,0,-2000,0,0,0,3000,5000,-2000,-2000
03026X,元展23          ,0,0,0,0,0,0,0,0,0,-2000,0,0,0,0,2000,-2000,-2000
03242P,聯電統一02售04  ,0,0,0,0,0,0,0,0,0,-2000,0,0,0,0,2000,-2000,-2000
04480P,微星兆豐94售01  ,0,0,0,0,0,0,0,0,0,-2000,0,0,0,0,2000,-2000,-2000
04893P,創意元大94售03  ,0,0,0,0,0,0,0,0,0,-2000,0,0,0,0,2000,-2000,-2000
04207P,臺股指元大93售47,0,0,0,0,0,0,0,0,0,-2000,0,0,0,6119000,6121000,-2000,-2000
049690,義隆元大95購02  ,0,0,0,0,0,0,0,0,0,-2000,0,0,0,0,2000,-2000,-2000
04933P,中石化中信96售01,0,0,0,0,0,0,0,0,0,-2000,0,0,0,0,2000,-2000,-2000
05167P,百和元富95售03  ,0,0,0,0,0,0,0,0,0,-2000,0,0,0,0,2000,-2000,-2000
051697,康友中信95購02  ,0,0,0,0,0,0,0,0,0,-2000,0,0,0,0,2000,-2000,-2000
051603,深中小群益99購03,0,0,0,0,0,0,0,0,0,-2000,0,0,0,1000,3000,-2000,-2000
046598,T50反1群益93購04,0,0,0,0,0,0,0,0,0,-2000,0,0,0,0,2000,-2000,-2000
046375,友達凱基98購01  ,0,0,0,0,0,0,0,0,0,-2000,0,0,0,0,2000,-2000,-2000
051979,群創凱基97購01  ,0,0,0,0,0,0,0,0,0,-2000,0,0,0,3000,5000,-2000,-2000
04744P,臻鼎元富94售04  ,0,0,0,0,0,0,0,0,0,-2000,0,0,0,0,2000,-2000,-2000
048178,上銀富邦95購02  ,0,0,0,0,0,0,0,0,0,-2000,0,0,0,0,2000,-2000,-2000
058751,南茂凱基9A購01  ,0,0,0,0,0,0,0,0,0,-2000,0,0,0,30000,32000,-2000,-2000
05293P,廣達凱基95售01  ,0,0,0,0,0,0,0,0,0,-2000,0,0,0,0,2000,-2000,-2000
053053,京元電國票97購02,0,0,0,0,0,0,0,0,0,-2000,0,0,0,0,2000,-2000,-2000
052772,台虹群益96購01  ,0,0,0,0,0,0,0,0,0,-2000,0,0,0,0,2000,-2000,-2000
052080,康友元富98購02  ,0,0,0,0,0,0,0,0,0,-2000,0,0,0,0,2000,-2000,-2000
052010,兆豐金中信95購01,0,0,0,0,0,0,0,0,0,-2000,0,0,0,8000,10000,-2000,-2000
05124P,華新科富邦97售02,0,0,0,0,0,0,0,0,0,-2000,0,0,0,8000,10000,-2000,-2000
050419,鴻海凱基95購02  ,0,0,0,0,0,0,0,0,0,-2000,0,0,0,0,2000,-2000,-2000
05130P,聯發科統一95售03,0,0,0,0,0,0,0,0,0,-2000,0,0,0,0,2000,-2000,-2000
052283,TPK凱基97購01   ,0,0,0,0,0,0,0,0,0,-2000,0,0,0,0,2000,-2000,-2000
05256P,義隆凱基95售02  ,0,0,0,0,0,0,0,0,0,-2000,0,0,0,0,2000,-2000,-2000
052563,京元電日盛96購01,0,0,0,0,0,0,0,0,0,-2000,0,0,0,0,2000,-2000,-2000
052693,微星中信96購01  ,0,0,0,0,0,0,0,0,0,-2000,0,0,0,0,2000,-2000,-2000
2236,百達-KY         ,0,0,0,0,0,0,0,0,0,-2000,0,2000,-2000,0,0,0,-2000
2115,六暉-KY         ,2000,4000,-2000,0,0,0,0,0,0,0,0,0,0,0,0,0,-2000
2425,承啟            ,329000,331000,-2000,0,0,0,0,0,0,0,0,0,0,0,0,0,-2000
1617,榮星            ,0,2000,-2000,0,0,0,0,0,0,0,0,0,0,0,0,0,-2000
1618,合機            ,11000,11000,0,0,0,0,0,0,0,-2000,0,2000,-2000,0,0,0,-2000
1903,士紙            ,0,0,0,0,0,0,0,0,0,-2000,0,2000,-2000,0,0,0,-2000
1737,臺鹽            ,63000,65000,-2000,0,0,0,0,0,0,0,0,0,0,0,0,0,-2000
1445,大宇            ,1000,3000,-2000,0,0,0,0,0,0,0,0,0,0,0,0,0,-2000
1324,地球            ,0,2000,-2000,0,0,0,0,0,0,0,0,0,0,0,0,0,-2000
1321,大洋            ,65000,67000,-2000,0,0,0,0,0,0,0,0,0,0,0,0,0,-2000
07177P,臺股指凱基99售19,0,0,0,0,0,0,0,0,0,-2000,0,0,0,0,2000,-2000,-2000
07233P,台灣50元大99售04,0,0,0,0,0,0,0,0,0,-2000,0,0,0,0,2000,-2000,-2000
06062P,宏達電元富97售01,0,0,0,0,0,0,0,0,0,-2000,0,0,0,0,2000,-2000,-2000
06034P,世芯凱基96售03  ,0,0,0,0,0,0,0,0,0,-2000,0,0,0,62000,64000,-2000,-2000
06108P,奇力新群益97售05,0,0,0,0,0,0,0,0,0,-2000,0,0,0,0,2000,-2000,-2000
05956P,漢唐國票96售02  ,0,0,0,0,0,0,0,0,0,-2000,0,0,0,10000,12000,-2000,-2000
059442,祥碩元大99購03  ,0,0,0,0,0,0,0,0,0,-2000,0,0,0,0,2000,-2000,-2000
059447,臺股指元大99購28,0,0,0,0,0,0,0,0,0,-2000,0,0,0,0,2000,-2000,-2000
06460P,亞德客元富98售02,0,0,0,0,0,0,0,0,0,-2000,0,0,0,0,2000,-2000,-2000
06261P,上銀凱基97售03  ,0,0,0,0,0,0,0,0,0,-2000,0,0,0,8000,10000,-2000,-2000
06213P,大立光元大98售07,0,0,0,0,0,0,0,0,0,-2000,0,0,0,0,2000,-2000,-2000
06507P,台表科國票99售01,0,0,0,0,0,0,0,0,0,-2000,0,0,0,5000,7000,-2000,-2000
06489P,台積電元富98售06,0,0,0,0,0,0,0,0,0,-2000,0,0,0,110000,112000,-2000,-2000
4807,日成-KY         ,3000,5000,-2000,0,0,0,0,0,0,0,0,0,0,0,0,0,-2000
4566,時碩工業        ,45000,47000,-2000,0,0,0,0,0,0,0,0,0,0,0,0,0,-2000
4952,凌通            ,68000,70000,-2000,0,0,0,0,0,0,0,0,0,0,0,0,0,-2000
3003,健和興          ,216000,210000,6000,0,0,0,0,3000,-3000,-5000,0,4000,-4000,0,1000,-1000,-2000
3266,昇陽            ,15000,17000,-2000,0,0,0,0,0,0,0,0,0,0,0,0,0,-2000
3528,安馳            ,4000,6000,-2000,0,0,0,0,0,0,0,0,0,0,0,0,0,-2000
6579,研揚            ,2000,4000,-2000,0,0,0,0,0,0,0,0,0,0,0,0,0,-2000
6581,鋼聯            ,7000,8000,-1000,0,0,0,0,0,0,-1000,0,1000,-1000,0,0,0,-2000
6625,必應            ,0,2000,-2000,0,0,0,0,0,0,0,0,0,0,0,0,0,-2000
6243,迅杰            ,8000,10000,-2000,0,0,0,0,0,0,0,0,0,0,0,0,0,-2000
8488,吉源-KY         ,1000,3000,-2000,0,0,0,0,0,0,0,0,0,0,0,0,0,-2000
9912,偉聯            ,2000,4000,-2000,0,0,0,0,0,0,0,0,0,0,0,0,0,-2000
9918,欣天然          ,0,2000,-2000,0,0,0,0,0,0,0,0,0,0,0,0,0,-2000
058016,智邦凱基98購06  ,0,0,0,0,0,0,0,0,0,-3000,0,0,0,0,3000,-3000,-3000
05800P,台積電兆豐96售04,0,0,0,0,0,0,0,0,0,-3000,0,0,0,3000,6000,-3000,-3000
054282,泰鼎群益98購02  ,0,0,0,0,0,0,0,0,0,-3000,0,0,0,8000,11000,-3000,-3000
054267,上銀第一96購01  ,0,0,0,0,0,0,0,0,0,-3000,0,0,0,0,3000,-3000,-3000
059092,聯陽元大99購01  ,0,0,0,0,0,0,0,0,0,-3000,0,0,0,2000,5000,-3000,-3000
05474P,智邦亞東95售01  ,0,0,0,0,0,0,0,0,0,-3000,0,0,0,42000,45000,-3000,-3000
059145,創意國票99購02  ,0,0,0,0,0,0,0,0,0,-3000,0,0,0,0,3000,-3000,-3000
057118,欣興日盛9A購01  ,0,0,0,0,0,0,0,0,0,-3000,0,0,0,0,3000,-3000,-3000
056540,聯詠凱基98購02  ,0,0,0,0,0,0,0,0,0,-3000,0,0,0,0,3000,-3000,-3000
056641,華通凱基98購03  ,0,0,0,0,0,0,0,0,0,-3000,0,0,0,0,3000,-3000,-3000
055761,創意群益97購01  ,0,0,0,0,0,0,0,0,0,-3000,0,0,0,0,3000,-3000,-3000
05634P,玉晶光台新97售01,0,0,0,0,0,0,0,0,0,-3000,0,0,0,7000,10000,-3000,-3000
054898,台肥康和97購01  ,0,0,0,0,0,0,0,0,0,-3000,0,0,0,0,3000,-3000,-3000
056092,亞德客元富97購02,0,0,0,0,0,0,0,0,0,-3000,0,0,0,23000,26000,-3000,-3000
056127,致新國票98購02  ,0,0,0,0,0,0,0,0,0,-3000,0,0,0,0,3000,-3000,-3000
05861P,瀚宇博永豐96售02,0,0,0,0,0,0,0,0,0,-3000,0,0,0,0,3000,-3000,-3000
05037P,華新科元大95售09,0,0,0,0,0,0,0,0,0,-3000,0,0,0,7000,10000,-3000,-3000
052849,可成統一97購01  ,0,0,0,0,0,0,0,0,0,-3000,0,0,0,0,3000,-3000,-3000
050327,泰鼎永豐94購03  ,0,0,0,0,0,0,0,0,0,-3000,0,0,0,2000,5000,-3000,-3000
052963,智邦凱基96購02  ,0,0,0,0,0,0,0,0,0,-3000,0,0,0,82000,85000,-3000,-3000
058874,聯鈞國票9A購01  ,0,0,0,0,0,0,0,0,0,-3000,0,0,0,0,3000,-3000,-3000
051943,台積電麥證95購03,0,0,0,0,3000,-3000,0,0,0,-3000,0,0,0,0,3000,-3000,-3000
051627,華新科麥證95購03,0,0,0,0,3000,-3000,0,0,0,-3000,0,0,0,0,3000,-3000,-3000
049156,緯穎元大96購01  ,0,0,0,0,0,0,0,0,0,-3000,0,0,0,62000,65000,-3000,-3000
04976P,中磊凱基94售01  ,0,0,0,0,0,0,0,0,0,-3000,0,0,0,0,3000,-3000,-3000
03429B,臺股指元富97熊07,0,0,0,0,0,0,0,0,0,-3000,0,0,0,0,3000,-3000,-3000
035275,台積電台新97購01,0,0,0,0,0,0,0,0,0,-3000,0,0,0,7000,10000,-3000,-3000
03060X,元展55          ,0,0,0,0,0,0,0,0,0,-3000,0,0,0,0,3000,-3000,-3000
04325P,創意元大93售06  ,0,0,0,0,0,0,0,0,0,-3000,0,0,0,0,3000,-3000,-3000
9136,巨騰-DR         ,1000,4000,-3000,0,0,0,0,0,0,0,0,0,0,0,0,0,-3000
8478,東哥遊艇        ,4000,7000,-3000,0,0,0,0,0,0,0,0,0,0,0,0,0,-3000
6405,悅城            ,6000,6000,0,0,0,0,0,0,0,-3000,0,3000,-3000,0,0,0,-3000
3130,一零四          ,0,2000,-2000,0,0,0,0,0,0,-1000,0,1000,-1000,0,0,0,-3000
3167,大量            ,21000,20000,1000,0,0,0,0,0,0,-4000,0,4000,-4000,0,0,0,-3000
3432,台端            ,0,3000,-3000,0,0,0,0,0,0,0,0,0,0,0,0,0,-3000
4755,三福化          ,1000,4000,-3000,0,0,0,0,0,0,0,0,0,0,0,0,0,-3000
5284,jpp-KY          ,0,3000,-3000,0,0,0,0,0,0,0,0,0,0,0,0,0,-3000
06938P,南電元大98售03  ,0,0,0,0,0,0,0,0,0,-3000,0,0,0,12000,15000,-3000,-3000
06238P,台積電元大98售07,0,0,0,0,0,0,0,0,0,-3000,0,0,0,0,3000,-3000,-3000
06329P,大立光兆豐97售04,0,0,0,0,0,0,0,0,0,-3000,0,0,0,0,3000,-3000,-3000
06441P,台積電凱基98售08,0,0,0,0,0,0,0,0,0,-3000,0,0,0,0,3000,-3000,-3000
059382,台灣50凱基99購02,55000,0,55000,0,0,0,0,0,0,-58000,0,0,0,0,58000,-58000,-3000
06084P,宏達電元富97售02,0,0,0,0,0,0,0,0,0,-3000,0,0,0,0,3000,-3000,-3000
1312A,國喬特          ,0,0,0,0,0,0,0,0,0,-3000,1000,4000,-3000,0,0,0,-3000
1236,宏亞            ,0,3000,-3000,0,0,0,0,0,0,0,0,0,0,0,0,0,-3000
1470,大統新創        ,0,3000,-3000,0,0,0,0,0,0,0,0,0,0,0,0,0,-3000
1453,大將            ,0,3000,-3000,0,0,0,0,0,0,0,0,0,0,0,0,0,-3000
2002A,中鋼特          ,0,0,0,0,0,0,0,0,0,-3000,0,3000,-3000,0,0,0,-3000
1592,英瑞-KY         ,77000,80000,-3000,0,0,0,0,0,0,0,0,0,0,0,0,0,-3000
2028,威致            ,0,2000,-2000,0,0,0,0,0,0,-1000,0,1000,-1000,0,0,0,-3000
2509,全坤建          ,9000,12000,-3000,0,0,0,0,0,0,0,0,0,0,0,0,0,-3000
2613,中櫃            ,2000,4000,-2000,0,0,0,0,0,0,-1000,0,1000,-1000,0,0,0,-3000
3312,弘憶股          ,164000,167050,-3050,0,0,0,0,0,0,0,0,0,0,0,0,0,-3050
1476,儒鴻            ,1059081,1108992,-49911,0,0,0,53000,9406,43594,3000,12000,7000,5000,4000,6000,-2000,-3317
2820,華票            ,381000,377000,4000,0,0,0,0,7425,-7425,0,0,0,0,0,0,0,-3425
05846P,大立光元大96售07,0,0,0,0,0,0,0,0,0,-4000,0,0,0,0,4000,-4000,-4000
05514P,康舒永豐96售01  ,0,0,0,0,0,0,0,0,0,-4000,0,0,0,0,4000,-4000,-4000
05602P,國巨元大96售06  ,0,0,0,0,0,0,0,0,0,-4000,0,0,0,1000,5000,-4000,-4000
05630P,大立光永昌96售06,0,0,0,0,0,0,0,0,0,-4000,0,0,0,0,4000,-4000,-4000
057249,華邦電統一9A購01,0,0,0,0,0,0,0,0,0,-4000,0,0,0,0,4000,-4000,-4000
056966,嘉晶永豐98購01  ,0,0,0,0,0,0,0,0,0,-4000,0,0,0,16000,20000,-4000,-4000
06718P,聯詠元大98售01  ,0,0,0,0,0,0,0,0,0,-4000,0,0,0,0,4000,-4000,-4000
06673P,大立光群益98售01,0,0,0,0,0,0,0,0,0,-4000,0,0,0,0,4000,-4000,-4000
054576,健策元大98購03  ,0,0,0,0,0,0,0,0,0,-4000,0,0,0,0,4000,-4000,-4000
059097,世紀鋼元大99購05,0,0,0,0,0,0,0,0,0,-4000,0,0,0,8000,12000,-4000,-4000
057779,禾伸堂群益98購02,0,0,0,0,0,0,0,0,0,-4000,0,0,0,0,4000,-4000,-4000
056825,深中小富邦9B購01,0,0,0,0,0,0,0,0,0,-4000,0,0,0,7000,11000,-4000,-4000
055493,華新科元大97購09,0,0,0,0,0,0,0,0,0,-4000,0,0,0,0,4000,-4000,-4000
04376P,漢唐元大94售04  ,0,0,0,0,0,0,0,0,0,-4000,0,0,0,1000,5000,-4000,-4000
04456P,日月光統一94售01,0,0,0,0,0,0,0,0,0,-4000,0,0,0,0,4000,-4000,-4000
04569P,聯詠兆豐94售01  ,0,0,0,0,0,0,0,0,0,-4000,0,0,0,0,4000,-4000,-4000
04883P,台積電凱基94售35,0,0,0,0,0,0,0,0,0,-4000,0,0,0,11000,15000,-4000,-4000
048819,國巨凱基94購01  ,0,0,0,0,0,0,0,0,0,-4000,0,0,0,0,4000,-4000,-4000
048793,超眾元大95購02  ,0,0,0,0,0,0,0,0,0,-4000,0,0,0,6000,10000,-4000,-4000
04707P,喬山元大94售01  ,0,0,0,0,0,0,0,0,0,-4000,0,0,0,0,4000,-4000,-4000
055013,訊連元富97購01  ,0,0,0,0,0,0,0,0,0,-4000,0,0,0,0,4000,-4000,-4000
055039,神達富邦99購01  ,0,0,0,0,0,0,0,0,0,-4000,0,0,0,33000,37000,-4000,-4000
053194,緯穎統一99購01  ,0,0,0,0,0,0,0,0,0,-4000,0,0,0,6000,10000,-4000,-4000
050295,大立光凱基94購16,0,0,0,0,0,0,0,0,0,-4000,0,0,0,0,4000,-4000,-4000
050586,康友國票94購01  ,0,0,0,0,0,0,0,0,0,-4000,0,0,0,0,4000,-4000,-4000
052241,台郡國票96購01  ,0,0,0,0,0,0,0,0,0,-4000,0,0,0,1000,5000,-4000,-4000
05381P,聯詠群益95售02  ,0,0,0,0,0,0,0,0,0,-4000,0,0,0,10000,14000,-4000,-4000
051484,玉晶光凱基97購01,0,0,0,0,0,0,0,0,0,-4000,0,0,0,0,4000,-4000,-4000
051486,玉晶光凱基97購03,0,0,0,0,0,0,0,0,0,-4000,0,0,0,0,4000,-4000,-4000
05218P,大立光永昌96售04,0,0,0,0,0,0,0,0,0,-4000,0,0,0,0,4000,-4000,-4000
2712,遠雄來          ,0,2000,-2000,0,0,0,0,0,0,-2000,0,2000,-2000,0,0,0,-4000
2440,太空梭          ,0,3000,-3000,0,0,0,0,0,0,-1000,0,1000,-1000,0,0,0,-4000
1419,新紡            ,0,4000,-4000,0,0,0,0,0,0,0,0,0,0,0,0,0,-4000
1423,利華            ,8000,12000,-4000,0,0,0,0,0,0,0,0,0,0,0,0,0,-4000
1724,台硝            ,3000,7000,-4000,0,0,0,0,0,0,0,0,0,0,0,0,0,-4000
1341,富林-KY         ,0,1000,-1000,0,0,0,0,0,0,-3000,0,3000,-3000,0,0,0,-4000
1203,味王            ,9000,11000,-2000,0,0,0,0,0,0,-2000,0,2000,-2000,0,0,0,-4000
06035P,同欣電凱基96售03,0,0,0,0,0,0,0,0,0,-4000,0,0,0,1000,5000,-4000,-4000
06046P,健策統一96售03  ,0,0,0,0,0,0,0,0,0,-4000,0,0,0,23000,27000,-4000,-4000
06018P,康控凱基96售03  ,0,0,0,0,0,0,0,0,0,-4000,0,0,0,0,4000,-4000,-4000
059431,旺宏元大99購14  ,0,0,0,0,0,0,0,0,0,-4000,0,0,0,36000,40000,-4000,-4000
059427,國巨元大99購24  ,0,0,0,0,0,0,0,0,0,-4000,0,0,0,0,4000,-4000,-4000
06417P,台積電兆豐97售03,0,0,0,0,0,0,0,0,0,-4000,0,0,0,6000,10000,-4000,-4000
06892P,聯鈞元富98售01  ,0,0,0,0,0,0,0,0,0,-4000,0,0,0,1000,5000,-4000,-4000
07008P,台郡中信99售02  ,0,0,0,0,0,0,0,0,0,-4000,0,0,0,0,4000,-4000,-4000
07058P,台積電凱基9A售07,0,0,0,0,0,0,0,0,0,-4000,0,0,0,5000,9000,-4000,-4000
07027P,台積電群益99售04,0,0,0,0,0,0,0,0,0,-4000,0,0,0,0,4000,-4000,-4000
07145P,為升元大99售03  ,0,0,0,0,0,0,0,0,0,-4000,0,0,0,282000,286000,-4000,-4000
2939,凱羿-KY         ,2000,6000,-4000,0,0,0,0,0,0,0,0,0,0,0,0,0,-4000
3040,遠見            ,16000,20000,-4000,0,0,0,0,0,0,0,0,0,0,0,0,0,-4000
5007,三星            ,9000,14000,-5000,0,0,0,0,0,0,1000,1000,0,1000,0,0,0,-4000
4555,氣立            ,5000,9000,-4000,0,0,0,0,0,0,0,0,0,0,0,0,0,-4000
6205,詮欣            ,4000,6000,-2000,0,0,0,0,0,0,-2000,0,2000,-2000,0,0,0,-4000
8427,基勝-KY         ,0,4000,-4000,0,0,0,0,0,0,0,0,0,0,0,0,0,-4000
8072,陞泰            ,0,4000,-4000,0,0,0,0,0,0,0,0,0,0,0,0,0,-4000
1503,士電            ,35000,39000,-4000,0,0,0,0,752,-752,0,0,0,0,0,0,0,-4752
055498,大立光元大97購07,0,0,0,0,0,0,0,0,0,-5000,0,0,0,0,5000,-5000,-5000
055489,瑞昱元大97購02  ,0,0,0,0,0,0,0,0,0,-5000,0,0,0,0,5000,-5000,-5000
055651,富邦金元富97購01,0,0,0,0,0,0,0,0,0,-5000,0,0,0,0,5000,-5000,-5000
055684,京鼎凱基97購01  ,0,0,0,0,0,0,0,0,0,-5000,0,0,0,0,5000,-5000,-5000
054127,台積電元大96購21,0,0,0,0,0,0,0,0,0,-5000,0,0,0,0,5000,-5000,-5000
058304,鴻海元大99購12  ,0,0,0,0,0,0,0,0,0,-5000,0,0,0,0,5000,-5000,-5000
058156,超眾統一9A購02  ,0,0,0,0,0,0,0,0,0,-5000,0,0,0,0,5000,-5000,-5000
058136,景碩元大99購02  ,0,0,0,0,0,0,0,0,0,-5000,0,0,0,5000,10000,-5000,-5000
058138,晶相光元大9C購01,0,0,0,0,0,0,0,0,0,-5000,0,0,0,0,5000,-5000,-5000
054258,牧德元大97購01  ,0,0,0,0,0,0,0,0,0,-5000,0,0,0,0,5000,-5000,-5000
05458P,台積電凱基97售02,0,0,0,0,0,0,0,0,0,-5000,0,0,0,335000,340000,-5000,-5000
054535,旺宏富邦97購02  ,0,0,0,0,0,0,0,0,0,-5000,0,0,0,0,5000,-5000,-5000
06690P,玉晶光群益9A售05,0,0,0,0,0,0,0,0,0,-5000,0,0,0,0,5000,-5000,-5000
06521P,矽力元大98售01  ,0,0,0,0,0,0,0,0,0,-5000,0,0,0,0,5000,-5000,-5000
06569P,可成永豐98售01  ,0,0,0,0,0,0,0,0,0,-5000,0,0,0,10000,15000,-5000,-5000
059148,百和國票9A購01  ,0,0,0,0,0,0,0,0,0,-5000,0,0,0,0,5000,-5000,-5000
059261,華邦電中信01購01,0,0,0,0,0,0,0,0,0,-5000,0,0,0,0,5000,-5000,-5000
059328,台灣50國票99購08,0,0,0,0,0,0,0,0,0,-5000,0,0,0,10000,15000,-5000,-5000
057684,聯茂日盛99購01  ,0,0,0,0,0,0,0,0,0,-5000,0,0,0,0,5000,-5000,-5000
057707,臺股指群益98購07,0,0,0,0,0,0,0,0,0,-5000,0,0,0,0,5000,-5000,-5000
057399,滬深反群益9C購01,0,0,0,0,0,0,0,0,0,-5000,0,0,0,0,5000,-5000,-5000
057242,台郡凱基98購05  ,0,0,0,0,0,0,0,0,0,-5000,0,0,0,0,5000,-5000,-5000
057111,立積群益98購02  ,0,0,0,0,0,0,0,0,0,-5000,0,0,0,0,5000,-5000,-5000
056171,鴻海元富97購10  ,0,0,0,0,0,0,0,0,0,-5000,0,0,0,135000,140000,-5000,-5000
05640P,旺宏元富96售03  ,0,0,0,0,0,0,0,0,0,-5000,0,0,0,0,5000,-5000,-5000
056617,美律永豐98購01  ,0,0,0,0,0,0,0,0,0,-5000,0,0,0,5000,10000,-5000,-5000
055816,新日興國票98購01,0,0,0,0,0,0,0,0,0,-5000,0,0,0,0,5000,-5000,-5000
05598P,國巨元富96售03  ,0,0,0,0,0,0,0,0,0,-5000,0,0,0,475000,480000,-5000,-5000
054806,台化元大9A購01  ,0,0,0,0,0,0,0,0,0,-5000,0,0,0,5000,10000,-5000,-5000
055374,明泰元大97購01  ,0,0,0,0,0,0,0,0,0,-5000,0,0,0,0,5000,-5000,-5000
055130,京鼎康和97購01  ,0,0,0,0,0,0,0,0,0,-5000,0,0,0,0,5000,-5000,-5000
055085,大毅國票97購01  ,0,0,0,0,0,0,0,0,0,-5000,0,0,0,0,5000,-5000,-5000
055283,聯發科元大97購16,0,0,0,0,0,0,0,0,0,-5000,0,0,0,0,5000,-5000,-5000
055167,友訊統一97購01  ,0,0,0,0,0,0,0,0,0,-5000,0,0,0,0,5000,-5000,-5000
057497,祥碩元大98購06  ,0,0,0,0,0,0,0,0,0,-5000,0,0,0,0,5000,-5000,-5000
058677,矽格群益99購01  ,0,0,0,0,0,0,0,0,0,-5000,0,0,0,0,5000,-5000,-5000
051187,晶相光永豐95購01,0,0,0,0,0,0,0,0,0,-5000,0,0,0,0,5000,-5000,-5000
051536,玉晶光國票97購01,0,0,0,0,0,0,0,0,0,-5000,0,0,0,0,5000,-5000,-5000
053829,力成麥證96購01  ,0,0,0,0,5000,-5000,0,0,0,-5000,0,0,0,0,5000,-5000,-5000
053817,華新科群益97購02,0,0,0,0,0,0,0,0,0,-5000,0,0,0,5000,10000,-5000,-5000
05228P,大立光元富95售09,0,0,0,0,0,0,0,0,0,-5000,0,0,0,0,5000,-5000,-5000
052610,貿聯元大97購01  ,0,0,0,0,0,0,0,0,0,-5000,0,0,0,0,5000,-5000,-5000
053537,玉晶光永豐98購02,0,0,0,0,0,0,0,0,0,-5000,0,0,0,0,5000,-5000,-5000
05359P,嘉澤元大95售02  ,0,0,0,0,0,0,0,0,0,-5000,0,0,0,0,5000,-5000,-5000
053706,S&P反1凱基99購01,0,0,0,0,0,0,0,0,0,-5000,0,0,0,5000,10000,-5000,-5000
053769,香港反元大99購01,0,0,0,0,0,0,0,0,0,-5000,0,0,0,3000,8000,-5000,-5000
04999P,南電永豐95售01  ,0,0,0,0,0,0,0,0,0,-5000,0,0,0,3000,8000,-5000,-5000
05277P,深中小統一95售02,0,0,0,0,0,0,0,0,0,-5000,0,0,0,0,5000,-5000,-5000
05279P,上銀元大95售02  ,0,0,0,0,0,0,0,0,0,-5000,0,0,0,4000,9000,-5000,-5000
052766,玉晶光群益9A購01,0,0,0,0,0,0,0,0,0,-5000,0,0,0,2000,7000,-5000,-5000
053207,SP黃豆凱基96購01,0,0,0,0,0,0,0,0,0,-5000,0,0,0,0,5000,-5000,-5000
053229,南電台新97購01  ,0,0,0,0,0,0,0,0,0,-5000,0,0,0,155000,160000,-5000,-5000
052971,京元電群益98購01,0,0,0,0,0,0,0,0,0,-5000,0,0,0,0,5000,-5000,-5000
052927,友達元大98購02  ,0,0,0,0,0,0,0,0,0,-5000,0,0,0,0,5000,-5000,-5000
052880,台積電凱基96購06,0,0,0,0,0,0,0,0,0,-5000,0,0,0,0,5000,-5000,-5000
052892,大成鋼群益96購01,0,0,0,0,0,0,0,0,0,-5000,0,0,0,0,5000,-5000,-5000
055029,帆宣國泰99購01  ,0,0,0,0,0,0,0,0,0,-5000,0,0,0,15000,20000,-5000,-5000
058895,鴻海元大99購20  ,0,0,0,0,0,0,0,0,0,-5000,0,0,0,5000,10000,-5000,-5000
058820,致茂國泰9B購01  ,0,0,0,0,0,0,0,0,0,-5000,0,0,0,70000,75000,-5000,-5000
059001,聯發科元大99購17,0,0,0,0,0,0,0,0,0,-5000,0,0,0,100000,105000,-5000,-5000
049935,南電元大94購08  ,0,0,0,0,0,0,0,0,0,-5000,0,0,0,0,5000,-5000,-5000
048179,臻鼎富邦97購01  ,0,0,0,0,0,0,0,0,0,-5000,0,0,0,0,5000,-5000,-5000
048192,華通元大96購01  ,0,0,0,0,0,0,0,0,0,-5000,0,0,0,0,5000,-5000,-5000
051904,深100元大95購01 ,0,0,0,0,0,0,0,0,0,-5000,0,0,0,0,5000,-5000,-5000
053273,國巨元大96購08  ,0,0,0,0,0,0,0,0,0,-5000,0,0,0,0,5000,-5000,-5000
053331,玉晶光永豐97購02,0,0,0,0,0,0,0,0,0,-5000,0,0,0,0,5000,-5000,-5000
04362P,聯詠統一94售01  ,0,0,0,0,0,0,0,0,0,-5000,0,0,0,0,5000,-5000,-5000
03046X,元展43          ,0,0,0,0,0,0,0,0,0,-5000,0,0,0,0,5000,-5000,-5000
00711B,FH彭博新興債    ,0,0,0,0,0,0,0,0,0,-5000,0,0,0,674000,679000,-5000,-5000
049039,富邦金兆豐94購01,0,0,0,0,0,0,0,0,0,-5000,0,0,0,0,5000,-5000,-5000
049746,全新永豐95購01  ,0,0,0,0,0,0,0,0,0,-5000,0,0,0,0,5000,-5000,-5000
04947P,聯詠元大94售05  ,0,0,0,0,0,0,0,0,0,-5000,0,0,0,0,5000,-5000,-5000
1108,幸福            ,1000,6000,-5000,0,0,0,0,0,0,0,0,0,0,0,0,0,-5000
07258P,台灣50台新9A售01,0,0,0,0,0,0,0,0,0,-5000,0,0,0,0,5000,-5000,-5000
06921P,台光電凱基98售06,0,0,0,0,0,0,0,0,0,-5000,0,0,0,0,5000,-5000,-5000
06273P,台表科凱基97售04,0,0,0,0,0,0,0,0,0,-5000,0,0,0,5000,10000,-5000,-5000
06224P,可成元富97售02  ,0,0,0,0,0,0,0,0,0,-5000,0,0,0,5000,10000,-5000,-5000
06202P,大立光元大98售06,0,0,0,0,0,0,0,0,0,-5000,0,0,0,0,5000,-5000,-5000
059392,臺股指凱基99購38,0,0,0,0,0,0,0,0,0,-5000,0,0,0,0,5000,-5000,-5000
059436,大立光元大99購18,0,0,0,0,0,0,0,0,0,-5000,0,0,0,0,5000,-5000,-5000
06016P,京元電凱基96售03,0,0,0,0,0,0,0,0,0,-5000,0,0,0,10000,15000,-5000,-5000
6674,鋐寶科技        ,0,2000,-2000,0,0,0,0,0,0,-3000,0,3000,-3000,0,0,0,-5000
9941A,裕融甲特        ,0,0,0,0,0,0,0,0,0,-5000,0,5000,-5000,0,0,0,-5000
4562,穎漢            ,0,2000,-2000,0,0,0,0,0,0,-3000,0,3000,-3000,0,0,0,-5000
6117,迎廣            ,1000,6000,-5000,0,0,0,0,0,0,0,0,0,0,0,0,0,-5000
3028,增你強          ,74000,79000,-5000,0,0,0,0,0,0,0,0,0,0,0,0,0,-5000
3321,同泰            ,0,5000,-5000,0,0,0,0,0,0,0,0,0,0,0,0,0,-5000
055193,世芯元富97購02  ,0,0,0,0,0,0,0,0,0,-6000,0,0,0,0,6000,-6000,-6000
055274,華泰元大97購02  ,0,0,0,0,0,0,0,0,0,-6000,0,0,0,0,6000,-6000,-6000
05512P,華新科台新97售01,0,0,0,0,0,0,0,0,0,-6000,0,0,0,0,6000,-6000,-6000
056612,台積電永豐98購01,0,0,0,0,0,0,0,0,0,-6000,0,0,0,0,6000,-6000,-6000
05631P,國巨富邦9A售01  ,0,0,0,0,0,0,0,0,0,-6000,0,0,0,315000,321000,-6000,-6000
05708P,奇力新國票97售04,0,0,0,0,0,0,0,0,0,-6000,0,0,0,0,6000,-6000,-6000
057129,聯發科凱基99購03,0,0,0,0,0,0,0,0,0,-6000,0,0,0,0,6000,-6000,-6000
057379,寶成元大98購02  ,0,0,0,0,0,0,0,0,0,-6000,0,0,0,10000,16000,-6000,-6000
059440,康控元大9B購01  ,0,0,0,0,0,0,0,0,0,-6000,0,0,0,0,6000,-6000,-6000
059182,台灣50台新9B購03,0,0,0,0,0,0,0,0,0,-6000,0,0,0,10000,16000,-6000,-6000
06535P,可成群益99售02  ,0,0,0,0,0,0,0,0,0,-6000,0,0,0,0,6000,-6000,-6000
054550,旺宏凱基98購02  ,0,0,0,0,0,0,0,0,0,-6000,0,0,0,0,6000,-6000,-6000
054707,聯茂亞東97購01  ,0,0,0,0,0,0,0,0,0,-6000,0,0,0,0,6000,-6000,-6000
05471P,聯電統一95售01  ,0,0,0,0,0,0,0,0,0,-6000,0,0,0,0,6000,-6000,-6000
054669,凌華元富97購01  ,0,0,0,0,0,0,0,0,0,-6000,0,0,0,10000,16000,-6000,-6000
058211,國巨群益9A購02  ,0,0,0,0,0,0,0,0,0,-6000,0,0,0,140000,146000,-6000,-6000
058067,台積電第一9C購01,0,0,0,0,0,0,0,0,0,-6000,0,0,0,0,6000,-6000,-6000
055675,亞德客凱基97購02,0,0,0,0,0,0,0,0,0,-6000,0,0,0,0,6000,-6000,-6000
056776,聯茂元大99購01  ,0,0,0,0,0,0,0,0,0,-6000,0,0,0,69000,75000,-6000,-6000
056868,奇力新麥證98購01,0,0,0,0,6000,-6000,0,0,0,-6000,0,0,0,0,6000,-6000,-6000
056861,美律群益99購01  ,0,0,0,0,0,0,0,0,0,-6000,0,0,0,0,6000,-6000,-6000
055593,華新科元大97購10,0,0,0,0,0,0,0,0,0,-6000,0,0,0,17000,23000,-6000,-6000
049447,聯電統一94購01  ,0,0,0,0,0,0,0,0,0,-6000,0,0,0,0,6000,-6000,-6000
049129,S&P反1元大97購01,0,0,0,0,0,0,0,0,0,-6000,0,0,0,2000,8000,-6000,-6000
04958P,和大凱基94售04  ,0,0,0,0,0,0,0,0,0,-6000,0,0,0,0,6000,-6000,-6000
042793,台積電台新9C購01,0,0,0,0,0,0,0,0,0,-6000,0,0,0,0,6000,-6000,-6000
00688L,國泰20年美債正2 ,0,0,0,0,0,0,0,0,0,-6000,0,0,0,102000,108000,-6000,-6000
053361,友達元富99購01  ,0,0,0,0,0,0,0,0,0,-6000,0,0,0,10000,16000,-6000,-6000
053468,鴻海元大98購01  ,0,0,0,0,0,0,0,0,0,-6000,0,0,0,0,6000,-6000,-6000
04595P,臺股指元大94售13,0,0,0,0,0,0,0,0,0,-6000,0,0,0,0,6000,-6000,-6000
04615P,華新科群益94售03,0,0,0,0,0,0,0,0,0,-6000,0,0,0,0,6000,-6000,-6000
04825P,元大金中信94售01,0,0,0,0,0,0,0,0,0,-6000,0,0,0,0,6000,-6000,-6000
04773P,金融類元大94售01,0,0,0,0,0,0,0,0,0,-6000,0,0,0,0,6000,-6000,-6000
04774P,金融類元大94售02,0,0,0,0,0,0,0,0,0,-6000,0,0,0,0,6000,-6000,-6000
04783P,貿聯元富94售01  ,0,0,0,0,0,0,0,0,0,-6000,0,0,0,1000,7000,-6000,-6000
04543P,鴻海富邦95售03  ,0,0,0,0,0,0,0,0,0,-6000,0,0,0,607000,613000,-6000,-6000
04846P,旺宏凱基94售07  ,0,0,0,0,0,0,0,0,0,-6000,0,0,0,8000,14000,-6000,-6000
058730,玉晶光永豐9A購01,0,0,0,0,0,0,0,0,0,-6000,0,0,0,0,6000,-6000,-6000
058953,S&P反1國票03購01,0,0,0,0,0,0,0,0,0,-6000,0,0,0,14000,20000,-6000,-6000
051257,光寶科國泰96購01,0,0,0,0,0,0,0,0,0,-6000,0,0,0,0,6000,-6000,-6000
052671,祥碩群益96購01  ,0,0,0,0,0,0,0,0,0,-6000,0,0,0,4000,10000,-6000,-6000
052279,旺宏凱基95購07  ,0,0,0,0,0,0,0,0,0,-6000,0,0,0,0,6000,-6000,-6000
053928,智易國票97購03  ,0,0,0,0,0,0,0,0,0,-6000,0,0,0,0,6000,-6000,-6000
3311,閎暉            ,43000,49000,-6000,0,0,0,0,0,0,0,0,0,0,0,0,0,-6000
3501,維熹            ,32000,38000,-6000,0,0,0,0,0,0,0,0,0,0,0,0,0,-6000
9931,欣高            ,0,6000,-6000,0,0,0,0,0,0,0,0,0,0,0,0,0,-6000
6671,三能-KY         ,1000,7000,-6000,0,0,0,0,0,0,0,0,0,0,0,0,0,-6000
05989P,健策元富96售01  ,0,0,0,0,0,0,0,0,0,-6000,0,0,0,3000,9000,-6000,-6000
06155P,智邦統一97售02  ,0,0,0,0,0,0,0,0,0,-6000,0,0,0,0,6000,-6000,-6000
06241P,大立光元富9A售01,0,0,0,0,0,0,0,0,0,-6000,0,0,0,24000,30000,-6000,-6000
06373P,聯發科元大97售22,0,0,0,0,0,0,0,0,0,-6000,0,0,0,0,6000,-6000,-6000
07080P,健策群益9A售01  ,0,0,0,0,0,0,0,0,0,-6000,0,0,0,0,6000,-6000,-6000
06986P,台積電台新9A售01,0,0,0,0,0,0,0,0,0,-6000,0,0,0,369000,375000,-6000,-6000
07238P,台灣50國票99售07,0,0,0,0,0,0,0,0,0,-6000,0,0,0,0,6000,-6000,-6000
1560,中砂            ,129000,133000,-4000,0,0,0,0,2000,-2000,0,0,0,0,0,0,0,-6000
1604,聲寶            ,228000,225000,3000,0,0,0,0,9000,-9000,0,0,0,0,0,0,0,-6000
2882B,國泰金乙特      ,1000,0,1000,0,0,0,0,0,0,-7000,6000,13000,-7000,0,0,0,-6000
2305,全友            ,22000,24000,-2000,0,0,0,0,0,0,-4000,0,4000,-4000,0,0,0,-6000
054109,南亞科凱基96購05,0,0,0,0,0,0,0,0,0,-7000,0,0,0,0,7000,-7000,-7000
05468P,鴻海元大96售14  ,0,0,0,0,0,0,0,0,0,-7000,0,0,0,148000,155000,-7000,-7000
054747,麗豐凱基98購01  ,0,0,0,0,0,0,0,0,0,-7000,0,0,0,0,7000,-7000,-7000
06543P,鴻海元大98售08  ,0,0,0,0,0,0,0,0,0,-7000,0,0,0,0,7000,-7000,-7000
059170,康控凱基9B購01  ,0,0,0,0,0,0,0,0,0,-7000,0,0,0,0,7000,-7000,-7000
057194,南電元大98購01  ,0,0,0,0,0,0,0,0,0,-7000,0,0,0,15000,22000,-7000,-7000
056314,力成元大97購01  ,0,0,0,0,0,0,0,0,0,-7000,0,0,0,0,7000,-7000,-7000
056440,智邦凱基98購03  ,0,0,0,0,0,0,0,0,0,-7000,0,0,0,3000,10000,-7000,-7000
055229,大毅國票97購02  ,0,0,0,0,0,0,0,0,0,-7000,0,0,0,0,7000,-7000,-7000
058673,華新科群益9A購02,0,0,0,0,0,0,0,0,0,-7000,0,0,0,0,7000,-7000,-7000
053900,T50反1日盛99購01,0,0,0,0,0,0,0,0,0,-7000,0,0,0,1799000,1806000,-7000,-7000
05099P,台積電凱基95售06,0,0,0,0,0,0,0,0,0,-7000,0,0,0,254000,261000,-7000,-7000
050658,台郡麥證96購01  ,0,0,0,3000,10000,-7000,0,0,0,-7000,0,0,0,3000,10000,-7000,-7000
053759,晶相光國泰98購01,0,0,0,0,0,0,0,0,0,-7000,0,0,0,60000,67000,-7000,-7000
053629,玉山金兆豐96購01,0,0,0,0,0,0,0,0,0,-7000,0,0,0,3000,10000,-7000,-7000
053162,緯穎元大97購01  ,0,0,0,0,0,0,0,0,0,-7000,0,0,0,26000,33000,-7000,-7000
04842P,群創元大96售02  ,0,0,0,0,0,0,0,0,0,-7000,0,0,0,63000,70000,-7000,-7000
04740P,台積電富邦95售02,0,0,0,0,0,0,0,0,0,-7000,0,0,0,270000,277000,-7000,-7000
04753P,台積電統一94售11,0,0,0,0,0,0,0,0,0,-7000,0,0,0,10000,17000,-7000,-7000
03419B,臺股指元富99熊03,0,0,0,0,0,0,0,0,0,-7000,0,0,0,0,7000,-7000,-7000
03022X,富展01          ,0,0,0,0,0,0,0,0,0,-7000,0,0,0,1000,8000,-7000,-7000
03016X,元展16          ,0,0,0,0,0,0,0,0,0,-7000,0,0,0,0,7000,-7000,-7000
03658C,T50反1元大9A牛02,0,0,0,0,0,0,0,0,0,-7000,0,0,0,15000,22000,-7000,-7000
049128,滬深2X元大97購03,0,0,0,0,0,0,0,0,0,-7000,0,0,0,0,7000,-7000,-7000
2008,高興昌          ,0,7000,-7000,0,0,0,0,0,0,0,0,0,0,0,0,0,-7000
2497,怡利電          ,5000,12000,-7000,0,0,0,0,0,0,0,0,0,0,0,0,0,-7000
1530,亞崴            ,0,7000,-7000,0,0,0,0,0,0,0,0,0,0,0,0,0,-7000
06496P,台灣50日盛98售01,0,0,0,0,0,0,0,0,0,-7000,0,0,0,390000,397000,-7000,-7000
06036P,台表科凱基96售04,0,0,0,0,0,0,0,0,0,-7000,0,0,0,5000,12000,-7000,-7000
8103,瀚荃            ,9000,16000,-7000,0,0,0,0,0,0,0,0,0,0,0,0,0,-7000
4526,東台            ,15000,22000,-7000,0,0,0,0,0,0,0,1000,1000,0,0,0,0,-7000
4133,亞諾法          ,140000,147000,-7000,0,0,0,0,0,0,0,0,0,0,0,0,0,-7000
058510,全新元大9B購02  ,0,0,0,0,0,0,0,0,0,-8000,0,0,0,0,8000,-8000,-8000
055408,力成國泰98購01  ,0,0,0,0,0,0,0,0,0,-8000,0,0,0,70000,78000,-8000,-8000
054922,文曄凱基98購01  ,0,0,0,0,0,0,0,0,0,-8000,0,0,0,0,8000,-8000,-8000
05476P,聯發科群益95售06,0,0,0,0,0,0,0,0,0,-8000,0,0,0,0,8000,-8000,-8000
056978,技嘉群益99購01  ,0,0,0,0,0,0,0,0,0,-8000,0,0,0,0,8000,-8000,-8000
059183,T50反1台新03購02,0,0,0,0,0,0,0,0,0,-8000,0,0,0,3000,11000,-8000,-8000
06723P,台灣50麥證99售01,0,0,0,2000,10000,-8000,0,0,0,-8000,0,0,0,2000,10000,-8000,-8000
059254,台表科凱基9A購02,0,0,0,0,0,0,0,0,0,-8000,0,0,0,2000,10000,-8000,-8000
059275,可成元大99購05  ,0,0,0,0,0,0,0,0,0,-8000,0,0,0,29000,37000,-8000,-8000
059231,華通國票9A購04  ,0,0,0,0,0,0,0,0,0,-8000,0,0,0,0,8000,-8000,-8000
05684P,臺股指元大96售09,0,0,0,0,0,0,0,0,0,-8000,0,0,0,0,8000,-8000,-8000
055595,宏達電元大98購02,0,0,0,0,0,0,0,0,0,-8000,0,0,0,5000,13000,-8000,-8000
057966,金融類元大98購01,0,0,0,0,0,0,0,0,0,-8000,0,0,0,0,8000,-8000,-8000
04915P,鴻海永昌96售02  ,0,0,0,0,0,0,0,0,0,-8000,0,0,0,0,8000,-8000,-8000
042901,中纖元大94購01  ,0,0,0,0,0,0,0,0,0,-8000,0,0,0,0,8000,-8000,-8000
03422B,臺股指凱基96熊28,0,0,0,0,0,0,0,0,0,-8000,0,0,0,0,8000,-8000,-8000
04383P,泰鼎國泰95售01  ,0,0,0,0,0,0,0,0,0,-8000,0,0,0,35000,43000,-8000,-8000
04413P,玉晶光元富94售01,0,0,0,0,0,0,0,0,0,-8000,0,0,0,0,8000,-8000,-8000
00700,富邦恒生國企    ,0,0,0,0,0,0,0,0,0,-8000,0,0,0,105000,113000,-8000,-8000
04865P,台積電亞東95售01,0,0,0,0,0,0,0,0,0,-8000,0,0,0,743000,751000,-8000,-8000
053480,祥碩元大96購02  ,0,0,0,0,0,0,0,0,0,-8000,0,0,0,0,8000,-8000,-8000
05898P,旺宏凱基96售06  ,0,0,0,0,0,0,0,0,0,-8000,0,0,0,5000,13000,-8000,-8000
058808,大成鋼統一9B購01,0,0,0,0,0,0,0,0,0,-8000,0,0,0,0,8000,-8000,-8000
052522,聯發科元大96購05,0,0,0,0,0,0,0,0,0,-8000,0,0,0,0,8000,-8000,-8000
058682,聯發科凱基99購07,0,0,0,0,0,0,0,0,0,-8000,0,0,0,0,8000,-8000,-8000
05232P,緯穎群益95售01  ,0,0,0,0,0,0,0,0,0,-8000,0,0,0,95000,103000,-8000,-8000
4912,聯德控股-KY     ,22000,30000,-8000,0,0,0,0,0,0,0,0,0,0,0,0,0,-8000
3257,虹冠電          ,15000,22000,-7000,0,0,0,0,0,0,-1000,0,1000,-1000,0,0,0,-8000
06064P,台積電台新98售01,0,0,0,0,0,0,0,0,0,-8000,0,0,0,580000,588000,-8000,-8000
059433,聯發科元大99購27,0,0,0,0,0,0,0,0,0,-8000,0,0,0,60000,68000,-8000,-8000
059407,台灣50國票9B購01,0,0,0,0,0,0,0,0,0,-8000,0,0,0,0,8000,-8000,-8000
06408P,聯茂元富97售02  ,0,0,0,0,0,0,0,0,0,-8000,0,0,0,2000,10000,-8000,-8000
06764P,聯發科元大98售11,0,0,0,0,0,0,0,0,0,-8000,0,0,0,2000,10000,-8000,-8000
06937P,GIS元大98售03   ,0,0,0,0,0,0,0,0,0,-8000,0,0,0,0,8000,-8000,-8000
06853P,華擎元富98售03  ,0,0,0,0,0,0,0,0,0,-8000,0,0,0,8000,16000,-8000,-8000
1517,利奇            ,16000,23000,-7000,0,0,0,0,0,0,-1000,0,1000,-1000,0,0,0,-8000
1465,偉全            ,9000,17000,-8000,0,0,0,0,0,0,0,0,0,0,0,0,0,-8000
1323,永裕            ,21000,29000,-8000,0,0,0,0,0,0,0,0,0,0,0,0,0,-8000
1256,鮮活果汁-KY     ,58000,26000,32000,0,0,0,0,36000,-36000,-4000,0,4000,-4000,0,0,0,-8000
1219,福壽            ,4000,12000,-8000,0,0,0,0,0,0,0,0,0,0,0,0,0,-8000
2012,春雨            ,1000,7000,-6000,0,0,0,0,0,0,-2000,0,2000,-2000,0,0,0,-8000
2723,美食-KY         ,235000,243000,-8000,0,0,0,0,1235,-1235,1000,0,0,0,1000,0,1000,-8235
056757,T50反1元大98購07,0,0,0,0,0,0,0,0,0,-9000,0,0,0,11000,20000,-9000,-9000
055636,元油反元富97購02,0,0,0,0,0,0,0,0,0,-9000,0,0,0,0,9000,-9000,-9000
059274,國巨元大99購22  ,0,0,0,0,0,0,0,0,0,-9000,0,0,0,0,9000,-9000,-9000
06692P,瑞昱凱基98售03  ,0,0,0,0,0,0,0,0,0,-9000,0,0,0,0,9000,-9000,-9000
056989,鴻海兆豐98購02  ,0,0,0,0,0,0,0,0,0,-9000,0,0,0,20000,29000,-9000,-9000
05593P,鴻海國票97售03  ,0,0,0,0,0,0,0,0,0,-9000,0,0,0,20000,29000,-9000,-9000
058477,億光凱基9A購01  ,0,0,0,0,0,0,0,0,0,-9000,0,0,0,0,9000,-9000,-9000
052682,上銀元大97購01  ,0,0,0,0,0,0,0,0,0,-9000,0,0,0,0,9000,-9000,-9000
052180,緯穎元大96購05  ,0,0,0,0,0,0,0,0,0,-9000,0,0,0,13000,22000,-9000,-9000
051349,國巨元大95購08  ,0,0,0,0,0,0,0,0,0,-9000,0,0,0,1000,10000,-9000,-9000
05057P,鴻海國票96售01  ,0,0,0,0,0,0,0,0,0,-9000,0,0,0,0,9000,-9000,-9000
058753,元石油群益9B購03,0,10000,-10000,0,0,0,0,0,0,1000,0,0,0,1000,0,1000,-9000
058979,上銀凱基99購04  ,0,0,0,0,0,0,0,0,0,-9000,0,0,0,17000,26000,-9000,-9000
053042,大立光凱基97購03,5000,0,5000,0,0,0,0,0,0,-14000,0,0,0,8000,22000,-14000,-9000
04592P,台積電元大94售10,0,0,0,0,0,0,0,0,0,-9000,0,0,0,30000,39000,-9000,-9000
04577P,康友元富94售02  ,0,0,0,0,0,0,0,0,0,-9000,0,0,0,0,9000,-9000,-9000
03033X,元展30          ,0,0,0,0,0,0,0,0,0,-9000,0,0,0,7000,16000,-9000,-9000
03650C,T50反1元大98牛05,0,0,0,0,0,0,0,0,0,-9000,0,0,0,16000,25000,-9000,-9000
2460,建通            ,0,7000,-7000,0,0,0,0,0,0,-2000,0,2000,-2000,0,0,0,-9000
07187P,臺股指台新99售10,0,0,0,0,0,0,0,0,0,-9000,0,0,0,1000,10000,-9000,-9000
06494P,鴻海永昌98售03  ,0,0,0,0,0,0,0,0,0,-9000,0,0,0,0,9000,-9000,-9000
05919P,京鼎元大96售03  ,0,0,0,0,0,0,0,0,0,-9000,0,0,0,1000,10000,-9000,-9000
06254P,臺股指群益97售07,0,0,0,0,0,0,0,0,0,-9000,0,0,0,22000,31000,-9000,-9000
2904,匯僑            ,3000,7000,-4000,0,0,0,0,0,0,-5000,0,5000,-5000,0,0,0,-9000
4930,燦星網          ,7000,16000,-9000,0,0,0,0,0,0,0,0,0,0,0,0,0,-9000
3661,世芯-KY         ,1674086,1985000,-310914,0,0,0,372000,70000,302000,-1000,0,0,0,23000,24000,-1000,-9914
058480,新日興凱基9A購01,0,0,0,0,0,0,0,0,0,-10000,0,0,0,0,10000,-10000,-10000
05851P,力山群益97售01  ,0,0,0,0,0,0,0,0,0,-10000,0,0,0,0,10000,-10000,-10000
057533,晶相光元大98購02,0,0,0,0,0,0,0,0,0,-10000,0,0,0,0,10000,-10000,-10000
057552,禾伸堂凱基98購05,0,0,0,0,0,0,0,0,0,-10000,0,0,0,0,10000,-10000,-10000
058622,國巨國票99購07  ,0,0,0,0,0,0,0,0,0,-10000,0,0,0,0,10000,-10000,-10000
058638,矽力兆豐99購01  ,0,0,0,0,0,0,0,0,0,-10000,0,0,0,0,10000,-10000,-10000
055249,大毅統一99購01  ,0,0,0,0,0,0,0,0,0,-10000,0,0,0,0,10000,-10000,-10000
055311,健策群益98購02  ,0,0,0,0,0,0,0,0,0,-10000,0,0,0,0,10000,-10000,-10000
055221,矽創凱基97購02  ,0,0,0,0,0,0,0,0,0,-10000,0,0,0,20000,30000,-10000,-10000
055176,大毅統一98購02  ,0,0,0,0,0,0,0,0,0,-10000,0,0,0,0,10000,-10000,-10000
056483,TPK元大98購01   ,0,0,0,0,0,0,0,0,0,-10000,0,0,0,0,10000,-10000,-10000
055124,建準兆豐97購01  ,0,0,0,0,0,0,0,0,0,-10000,0,0,0,0,10000,-10000,-10000
055126,嘉澤兆豐97購01  ,0,0,0,0,0,0,0,0,0,-10000,0,0,0,0,10000,-10000,-10000
055933,欣興群益98購02  ,0,0,0,0,0,0,0,0,0,-10000,0,0,0,0,10000,-10000,-10000
055968,祥碩元大97購04  ,0,0,0,0,0,0,0,0,0,-10000,0,0,0,0,10000,-10000,-10000
056055,國巨元大97購15  ,0,0,0,0,0,0,0,0,0,-10000,0,0,0,0,10000,-10000,-10000
054953,華新科元大97購05,0,0,0,0,0,0,0,0,0,-10000,0,0,0,0,10000,-10000,-10000
054851,樺漢兆豐97購01  ,0,0,0,0,0,0,0,0,0,-10000,0,0,0,0,10000,-10000,-10000
054854,台積電麥證97購01,0,0,0,0,10000,-10000,0,0,0,-10000,0,0,0,0,10000,-10000,-10000
055400,緯穎統一97購01  ,0,0,0,0,0,0,0,0,0,-10000,0,0,0,5000,15000,-10000,-10000
055402,正文元富97購02  ,0,0,0,0,0,0,0,0,0,-10000,0,0,0,0,10000,-10000,-10000
055392,凱美統一97購03  ,0,0,0,0,0,0,0,0,0,-10000,0,0,0,0,10000,-10000,-10000
055397,超眾統一97購02  ,0,0,0,0,0,0,0,0,0,-10000,0,0,0,0,10000,-10000,-10000
055353,華新科凱基98購03,0,0,0,0,0,0,0,0,0,-10000,0,0,0,0,10000,-10000,-10000
056138,群創元大9B購01  ,0,0,0,0,0,0,0,0,0,-10000,0,0,0,0,10000,-10000,-10000
056140,康控元大98購01  ,0,0,0,0,0,0,0,0,0,-10000,0,0,0,0,10000,-10000,-10000
056086,奇力新統一98購01,0,0,0,0,0,0,0,0,0,-10000,0,0,0,0,10000,-10000,-10000
055432,臻鼎群益97購02  ,0,0,0,0,0,0,0,0,0,-10000,0,0,0,0,10000,-10000,-10000
054432,台積電台新96購05,0,0,0,0,0,0,0,0,0,-10000,0,0,0,0,10000,-10000,-10000
054405,樺漢康和96購01  ,0,0,0,0,0,0,0,0,0,-10000,0,0,0,0,10000,-10000,-10000
054386,鴻海統一98購03  ,0,0,0,0,0,0,0,0,0,-10000,0,0,0,0,10000,-10000,-10000
054403,同欣電永豐96購02,0,0,0,0,0,0,0,0,0,-10000,0,0,0,0,10000,-10000,-10000
05699P,茂林凱基96售05  ,0,0,0,0,0,0,0,0,0,-10000,0,0,0,0,10000,-10000,-10000
056995,華新科日盛99購01,0,0,0,0,0,0,0,0,0,-10000,0,0,0,0,10000,-10000,-10000
057018,亞德客凱基98購01,0,0,0,0,0,0,0,0,0,-10000,0,0,0,0,10000,-10000,-10000
056979,微星群益98購01  ,0,0,0,0,0,0,0,0,0,-10000,0,0,0,0,10000,-10000,-10000
057702,同欣電群益99購01,0,0,0,0,0,0,0,0,0,-10000,0,0,0,0,10000,-10000,-10000
057723,臺股指元富98購02,0,0,0,0,0,0,0,0,0,-10000,0,0,0,0,10000,-10000,-10000
057347,國巨統一9A購03  ,0,0,0,0,0,0,0,0,0,-10000,0,0,0,0,10000,-10000,-10000
057349,聯發科統一98購04,0,0,0,0,0,0,0,0,0,-10000,0,0,0,0,10000,-10000,-10000
057426,元油2X兆豐9B購01,0,0,0,0,0,0,0,0,0,-10000,0,0,0,0,10000,-10000,-10000
057427,華通兆豐99購01  ,0,0,0,0,0,0,0,0,0,-10000,0,0,0,0,10000,-10000,-10000
057438,禾伸堂國票99購01,0,0,0,0,0,0,0,0,0,-10000,0,0,0,0,10000,-10000,-10000
057181,亞光元大98購02  ,0,0,0,0,0,0,0,0,0,-10000,0,0,0,0,10000,-10000,-10000
057074,立積永豐98購01  ,0,0,0,0,0,0,0,0,0,-10000,0,0,0,0,10000,-10000,-10000
057086,立積統一9C購01  ,0,0,0,0,0,0,0,0,0,-10000,0,0,0,0,10000,-10000,-10000
057661,臺股指兆豐98購01,0,0,0,0,0,0,0,0,0,-10000,0,0,0,0,10000,-10000,-10000
057264,新光金兆豐98購01,0,0,0,0,0,0,0,0,0,-10000,0,0,0,0,10000,-10000,-10000
057256,元油2X兆豐98購01,0,0,0,0,0,0,0,0,0,-10000,0,0,0,0,10000,-10000,-10000
057268,臻鼎兆豐99購01  ,0,0,0,0,0,0,0,0,0,-10000,0,0,0,0,10000,-10000,-10000
057269,鈺齊兆豐98購01  ,0,0,0,0,0,0,0,0,0,-10000,0,0,0,0,10000,-10000,-10000
057271,國巨元大98購17  ,0,0,0,0,0,0,0,0,0,-10000,0,0,0,0,10000,-10000,-10000
057304,為升兆豐99購02  ,0,0,0,0,0,0,0,0,0,-10000,0,0,0,0,10000,-10000,-10000
056325,群創兆豐9A購01  ,0,0,0,0,0,0,0,0,0,-10000,0,0,0,0,10000,-10000,-10000
056368,祥碩元大98購02  ,0,0,0,0,0,0,0,0,0,-10000,0,0,0,0,10000,-10000,-10000
055782,新日興凱基99購01,0,0,0,0,0,0,0,0,0,-10000,0,0,0,0,10000,-10000,-10000
056170,鴻海元富97購09  ,0,0,0,0,0,0,0,0,0,-10000,0,0,0,0,10000,-10000,-10000
056306,晶相光元大98購01,0,0,0,0,0,0,0,0,0,-10000,0,0,0,0,10000,-10000,-10000
05629P,聯發科永昌99售02,0,0,0,0,0,0,0,0,0,-10000,0,0,0,0,10000,-10000,-10000
056301,開發金元大9A購01,0,0,0,0,0,0,0,0,0,-10000,0,0,0,0,10000,-10000,-10000
056246,祥碩群益97購01  ,0,0,0,0,0,0,0,0,0,-10000,0,0,0,20000,30000,-10000,-10000
056600,聯茂元富98購01  ,0,0,0,0,0,0,0,0,0,-10000,0,0,0,0,10000,-10000,-10000
057597,華通群益9A購02  ,0,0,0,0,0,0,0,0,0,-10000,0,0,0,0,10000,-10000,-10000
057590,元油2X兆豐98購02,0,0,0,0,0,0,0,0,0,-10000,0,0,0,0,10000,-10000,-10000
057627,和大永豐98購01  ,0,0,0,0,0,0,0,0,0,-10000,0,0,0,0,10000,-10000,-10000
055833,華通元大98購05  ,0,0,0,0,0,0,0,0,0,-10000,0,0,0,0,10000,-10000,-10000
055863,緯穎元大97購05  ,0,0,0,0,0,0,0,0,0,-10000,0,0,0,0,10000,-10000,-10000
055845,大立光元大97購08,0,0,0,0,0,0,0,0,0,-10000,0,0,0,0,10000,-10000,-10000
055910,瑞昱凱基98購01  ,0,0,0,0,0,0,0,0,0,-10000,0,0,0,0,10000,-10000,-10000
056586,光罩統一98購02  ,0,0,0,0,0,0,0,0,0,-10000,0,0,0,0,10000,-10000,-10000
06720P,智邦亞東99售01  ,0,0,0,0,0,0,0,0,0,-10000,0,0,0,30000,40000,-10000,-10000
06579P,臺股指麥證98售03,0,0,0,0,10000,-10000,0,0,0,-10000,0,0,0,0,10000,-10000,-10000
059282,嘉聯益永豐99購01,0,0,0,0,0,0,0,0,0,-10000,0,0,0,0,10000,-10000,-10000
06631P,玉晶光群益9A售03,0,0,0,0,0,0,0,0,0,-10000,0,0,0,0,10000,-10000,-10000
06632P,創意群益98售03  ,0,0,0,0,0,0,0,0,0,-10000,0,0,0,0,10000,-10000,-10000
059349,台郡凱基99購04  ,0,0,0,0,0,0,0,0,0,-10000,0,0,0,0,10000,-10000,-10000
054715,中橡康和97購01  ,0,0,0,0,0,0,0,0,0,-10000,0,0,0,0,10000,-10000,-10000
054701,宏全永豐97購01  ,0,0,0,0,0,0,0,0,0,-10000,0,0,0,0,10000,-10000,-10000
054656,深中小元大97購01,0,0,0,0,0,0,0,0,0,-10000,0,0,0,0,10000,-10000,-10000
054534,台積電富邦98購03,0,0,0,0,0,0,0,0,0,-10000,0,0,0,0,10000,-10000,-10000
057843,晶技永豐98購02  ,0,0,0,0,0,0,0,0,0,-10000,0,0,0,0,10000,-10000,-10000
057828,緯穎元大99購02  ,0,0,0,0,0,0,0,0,0,-10000,0,0,0,0,10000,-10000,-10000
057850,上銀兆豐99購02  ,0,0,0,0,0,0,0,0,0,-10000,0,0,0,0,10000,-10000,-10000
054297,台郡元大98購01  ,0,0,0,0,0,0,0,0,0,-10000,0,0,0,1000,11000,-10000,-10000
054307,高鐵凱基98購01  ,0,0,0,0,0,0,0,0,0,-10000,0,0,0,0,10000,-10000,-10000
055756,臺股指兆豐97購01,0,0,0,0,0,0,0,0,0,-10000,0,0,0,0,10000,-10000,-10000
054167,揚明光凱基98購01,0,0,0,0,0,0,0,0,0,-10000,0,0,0,0,10000,-10000,-10000
055656,新唐元富97購01  ,0,0,0,0,0,0,0,0,0,-10000,0,0,0,0,10000,-10000,-10000
054070,創意國泰96購02  ,0,0,0,0,0,0,0,0,0,-10000,0,0,0,0,10000,-10000,-10000
054094,創意群益96購02  ,0,0,0,0,0,0,0,0,0,-10000,0,0,0,0,10000,-10000,-10000
055606,矽創元大97購01  ,0,0,0,0,0,0,0,0,0,-10000,0,0,0,0,10000,-10000,-10000
057817,景碩元大98購01  ,0,0,0,0,0,0,0,0,0,-10000,0,0,0,0,10000,-10000,-10000
055739,健鼎元富97購01  ,0,0,0,0,0,0,0,0,0,-10000,0,0,0,0,10000,-10000,-10000
056817,國巨永豐98購04  ,0,0,0,0,0,0,0,0,0,-10000,0,0,0,0,10000,-10000,-10000
056849,瀚宇博元富98購01,0,0,0,0,0,0,0,0,0,-10000,0,0,0,10000,20000,-10000,-10000
056750,元油2X兆豐9A購01,0,0,0,0,0,0,0,0,0,-10000,0,0,0,0,10000,-10000,-10000
056676,國產元富98購01  ,0,0,0,0,0,0,0,0,0,-10000,0,0,0,0,10000,-10000,-10000
055541,聚陽凱基98購01  ,0,0,0,0,0,0,0,0,0,-10000,0,0,0,0,10000,-10000,-10000
055507,樺漢元大98購02  ,0,0,0,0,0,0,0,0,0,-10000,0,0,0,0,10000,-10000,-10000
055476,台郡凱基97購02  ,0,0,0,0,0,0,0,0,0,-10000,0,0,0,0,10000,-10000,-10000
057810,技嘉元大98購06  ,0,0,0,0,0,0,0,0,0,-10000,0,0,0,0,10000,-10000,-10000
057791,可成統一99購01  ,0,0,0,0,0,0,0,0,0,-10000,0,0,0,0,10000,-10000,-10000
057989,旺宏統一99購04  ,0,0,0,0,0,0,0,0,0,-10000,0,0,0,0,10000,-10000,-10000
057909,台光電兆豐98購01,0,0,0,0,0,0,0,0,0,-10000,0,0,0,300000,310000,-10000,-10000
057902,嘉晶永豐98購02  ,0,0,0,0,0,0,0,0,0,-10000,0,0,0,0,10000,-10000,-10000
058332,鴻海元富99購03  ,0,0,0,0,0,0,0,0,0,-10000,0,0,0,30000,40000,-10000,-10000
058327,大毅統一9B購01  ,0,0,0,0,0,0,0,0,0,-10000,0,0,0,0,10000,-10000,-10000
058399,美律元大99購05  ,0,0,0,0,0,0,0,0,0,-10000,0,0,0,50000,60000,-10000,-10000
058408,華通兆豐99購02  ,0,0,0,0,0,0,0,0,0,-10000,0,0,0,0,10000,-10000,-10000
058410,國巨兆豐99購03  ,0,0,0,0,0,0,0,0,0,-10000,0,0,0,0,10000,-10000,-10000
058099,鴻海國泰9A購02  ,0,0,0,0,0,0,0,0,0,-10000,0,0,0,0,10000,-10000,-10000
058249,緯穎元大99購04  ,0,0,0,0,0,0,0,0,0,-10000,0,0,0,0,10000,-10000,-10000
03497P,金像電凱基02售06,0,0,0,0,0,0,0,0,0,-10000,0,0,0,0,10000,-10000,-10000
03975P,大立光元大94售02,0,0,0,0,0,0,0,0,0,-10000,0,0,0,2000,12000,-10000,-10000
03826P,瀚宇博元大95售01,0,0,0,0,0,0,0,0,0,-10000,0,0,0,0,10000,-10000,-10000
042315,T50反1台新96購01,0,0,0,0,0,0,0,0,0,-10000,0,0,0,0,10000,-10000,-10000
041455,國巨元富93購05  ,0,0,0,0,0,0,0,0,0,-10000,0,0,0,0,10000,-10000,-10000
049160,鴻海第一95購01  ,0,0,0,0,0,0,0,0,0,-10000,0,0,0,90000,100000,-10000,-10000
049200,元黃金群益98購01,0,0,0,0,0,0,0,0,0,-10000,0,0,0,0,10000,-10000,-10000
04945P,鴻海永豐94售06  ,0,0,0,0,0,0,0,0,0,-10000,0,0,0,70000,80000,-10000,-10000
049492,聯發科元大95購02,0,0,0,0,0,0,0,0,0,-10000,0,0,0,0,10000,-10000,-10000
049341,旺宏統一95購01  ,0,0,0,0,0,0,0,0,0,-10000,0,0,0,0,10000,-10000,-10000
04972P,緯穎元富94售03  ,0,0,0,0,0,0,0,0,0,-10000,0,0,0,0,10000,-10000,-10000
04975P,華新科凱基96售02,0,0,0,0,0,0,0,0,0,-10000,0,0,0,0,10000,-10000,-10000
049783,元油2X兆豐95購01,0,0,0,0,0,0,0,0,0,-10000,0,0,0,0,10000,-10000,-10000
045095,緯穎元大94購02  ,0,0,0,0,0,0,0,0,0,-10000,0,0,0,0,10000,-10000,-10000
045220,漢唐元大94購01  ,0,0,0,0,0,0,0,0,0,-10000,0,0,0,0,10000,-10000,-10000
04474P,聯發科元大94售03,0,0,0,0,0,0,0,0,0,-10000,0,0,0,0,10000,-10000,-10000
04507P,台光電元大94售03,0,0,0,0,0,0,0,0,0,-10000,0,0,0,0,10000,-10000,-10000
04322P,可成元大94售01  ,0,0,0,0,0,0,0,0,0,-10000,0,0,0,38000,48000,-10000,-10000
045795,瀚宇博兆豐94購01,0,0,0,0,0,0,0,0,0,-10000,0,0,0,0,10000,-10000,-10000
04588P,茂林永豐94售04  ,0,0,0,0,0,0,0,0,0,-10000,0,0,0,0,10000,-10000,-10000
045992,鴻海富邦94購01  ,0,0,0,0,0,0,0,0,0,-10000,0,0,0,0,10000,-10000,-10000
045657,T50反1國泰94購01,0,0,0,0,0,0,0,0,0,-10000,0,0,0,0,10000,-10000,-10000
046391,上海銀統一94購01,0,0,0,0,0,0,0,0,0,-10000,0,0,0,0,10000,-10000,-10000
051599,健鼎兆豐95購02  ,0,0,0,0,0,0,0,0,0,-10000,0,0,0,0,10000,-10000,-10000
051665,台積電元大96購07,0,0,0,0,0,0,0,0,0,-10000,0,0,0,150000,160000,-10000,-10000
04687P,全新凱基94售02  ,0,0,0,0,0,0,0,0,0,-10000,0,0,0,0,10000,-10000,-10000
046717,世紀鋼國泰94購01,0,0,0,0,0,0,0,0,0,-10000,0,0,0,0,10000,-10000,-10000
046869,聯發科統一95購01,0,0,0,0,0,0,0,0,0,-10000,0,0,0,0,10000,-10000,-10000
051775,旺宏亞東95購01  ,0,0,0,0,0,0,0,0,0,-10000,0,0,0,0,10000,-10000,-10000
053497,新光金兆豐97購01,0,0,0,0,0,0,0,0,0,-10000,0,0,0,0,10000,-10000,-10000
051983,道瓊反元大95購01,0,0,0,0,0,0,0,0,0,-10000,0,0,0,0,10000,-10000,-10000
051967,康友永豐95購02  ,0,0,0,0,0,0,0,0,0,-10000,0,0,0,0,10000,-10000,-10000
053351,A50正2兆豐97購01,0,0,0,0,0,0,0,0,0,-10000,0,0,0,0,10000,-10000,-10000
051834,南電元大96購02  ,0,0,0,0,0,0,0,0,0,-10000,0,0,0,0,10000,-10000,-10000
053394,鴻海中信9A購01  ,0,0,0,0,0,0,0,0,0,-10000,0,0,0,0,10000,-10000,-10000
048803,大立光富邦96購01,0,0,0,0,0,0,0,0,0,-10000,0,0,0,0,10000,-10000,-10000
048811,鴻海日盛94購01  ,0,0,0,0,0,0,0,0,0,-10000,0,0,0,70000,80000,-10000,-10000
048248,聯發科兆豐95購01,0,0,0,0,0,0,0,0,0,-10000,0,0,0,0,10000,-10000,-10000
04819P,嘉澤永豐94售01  ,0,0,0,0,0,0,0,0,0,-10000,0,0,0,0,10000,-10000,-10000
048158,大立光兆豐95購01,0,0,0,0,0,0,0,0,0,-10000,0,0,0,0,10000,-10000,-10000
047652,滬深2X兆豐94購03,0,0,0,0,0,0,0,0,0,-10000,0,0,0,0,10000,-10000,-10000
047886,京元電富邦95購01,0,0,0,0,0,0,0,0,0,-10000,0,0,0,0,10000,-10000,-10000
047383,鴻海元大95購01  ,0,0,0,0,0,0,0,0,0,-10000,0,0,0,11000,21000,-10000,-10000
048267,元金反中信93購01,0,0,0,0,0,0,0,0,0,-10000,0,0,0,0,10000,-10000,-10000
048283,亞德客中信94購01,0,0,0,0,0,0,0,0,0,-10000,0,0,0,0,10000,-10000,-10000
048286,滬深2X兆豐94購04,0,0,0,0,0,0,0,0,0,-10000,0,0,0,0,10000,-10000,-10000
04710P,台積電元大94售16,0,0,0,0,0,0,0,0,0,-10000,0,0,0,0,10000,-10000,-10000
048873,玉晶光國票95購02,0,0,0,0,0,0,0,0,0,-10000,0,0,0,0,10000,-10000,-10000
048480,FB上証中信94購01,0,0,0,0,0,0,0,0,0,-10000,0,0,0,0,10000,-10000,-10000
048541,緯穎台新93購01  ,0,0,0,0,0,0,0,0,0,-10000,0,0,0,0,10000,-10000,-10000
048568,緯穎元大93購06  ,0,0,0,0,0,0,0,0,0,-10000,0,0,0,10000,20000,-10000,-10000
048590,貿聯兆豐94購02  ,0,0,0,0,0,0,0,0,0,-10000,0,0,0,0,10000,-10000,-10000
049864,聯發科兆豐94購01,0,0,0,0,0,0,0,0,0,-10000,0,0,0,0,10000,-10000,-10000
049928,祥碩元大94購02  ,0,0,0,0,0,0,0,0,0,-10000,0,0,0,0,10000,-10000,-10000
053047,寶成中信97購01  ,0,0,0,0,0,0,0,0,0,-10000,0,0,0,0,10000,-10000,-10000
05301P,矽力元大95售02  ,0,0,0,0,0,0,0,0,0,-10000,0,0,0,0,10000,-10000,-10000
053032,國巨兆豐97購02  ,0,0,0,0,0,0,0,0,0,-10000,0,0,0,0,10000,-10000,-10000
053033,智易兆豐97購01  ,0,0,0,0,0,0,0,0,0,-10000,0,0,0,0,10000,-10000,-10000
052901,台達電國票97購01,0,0,0,0,0,0,0,0,0,-10000,0,0,0,0,10000,-10000,-10000
052936,華通兆豐98購01  ,0,0,0,0,0,0,0,0,0,-10000,0,0,0,0,10000,-10000,-10000
052937,國巨兆豐97購01  ,0,0,0,0,0,0,0,0,0,-10000,0,0,0,0,10000,-10000,-10000
052962,台積電凱基97購03,0,0,0,0,0,0,0,0,0,-10000,0,0,0,0,10000,-10000,-10000
053155,晶技元大97購02  ,0,0,0,0,0,0,0,0,0,-10000,0,0,0,0,10000,-10000,-10000
053151,華新科元大96購04,0,0,0,0,0,0,0,0,0,-10000,0,0,0,120000,130000,-10000,-10000
053108,南亞科兆豐96購01,0,0,0,0,0,0,0,0,0,-10000,0,0,0,0,10000,-10000,-10000
053084,國巨元大98購01  ,0,0,0,0,0,0,0,0,0,-10000,0,0,0,0,10000,-10000,-10000
053215,禾伸堂凱基96購01,0,0,0,0,0,0,0,0,0,-10000,0,0,0,0,10000,-10000,-10000
053187,國巨統一96購05  ,0,0,0,0,0,0,0,0,0,-10000,0,0,0,0,10000,-10000,-10000
053205,台光電麥證96購01,0,0,0,0,10000,-10000,0,0,0,-10000,0,0,0,0,10000,-10000,-10000
05276P,GIS永豐95售02   ,0,0,0,0,0,0,0,0,0,-10000,0,0,0,0,10000,-10000,-10000
052791,友達兆豐97購01  ,0,0,0,0,0,0,0,0,0,-10000,0,0,0,0,10000,-10000,-10000
052796,和碩兆豐96購01  ,0,0,0,0,0,0,0,0,0,-10000,0,0,0,0,10000,-10000,-10000
052832,益航群益96購01  ,0,0,0,0,0,0,0,0,0,-10000,0,0,0,30000,40000,-10000,-10000
052805,晶技元大97購01  ,0,0,0,0,0,0,0,0,0,-10000,0,0,0,0,10000,-10000,-10000
050198,緯穎元大94購09  ,0,0,0,0,0,0,0,0,0,-10000,0,0,0,0,10000,-10000,-10000
050333,鴻海國泰96購06  ,0,0,0,0,0,0,0,0,0,-10000,0,0,0,365000,375000,-10000,-10000
052353,高鐵群益97購01  ,0,0,0,0,0,0,0,0,0,-10000,0,0,0,10000,20000,-10000,-10000
052440,上証2X元大95購02,0,0,0,0,0,0,0,0,0,-10000,0,0,0,0,10000,-10000,-10000
052456,滬深2X元富9B購03,0,0,0,0,0,0,0,0,0,-10000,0,0,0,0,10000,-10000,-10000
055035,興勤富邦98購01  ,0,0,0,0,0,0,0,0,0,-10000,0,0,0,0,10000,-10000,-10000
055065,神達永豐97購01  ,0,0,0,0,0,0,0,0,0,-10000,0,0,0,10000,20000,-10000,-10000
058939,台積電中信9B購01,0,0,0,0,0,0,0,0,0,-10000,0,0,0,0,10000,-10000,-10000
058918,SGBR2X元富99購04,0,0,0,0,0,0,0,0,0,-10000,0,0,0,0,10000,-10000,-10000
058749,康控凱基99購03  ,0,0,0,0,0,0,0,0,0,-10000,0,0,0,0,10000,-10000,-10000
058771,神達兆豐99購01  ,0,0,0,0,0,0,0,0,0,-10000,0,0,0,0,10000,-10000,-10000
058766,力山兆豐99購01  ,0,0,0,0,0,0,0,0,0,-10000,0,0,0,0,10000,-10000,-10000
05882P,華新科永豐96售01,0,0,0,0,0,0,0,0,0,-10000,0,0,0,0,10000,-10000,-10000
059005,嘉晶元大99購06  ,0,0,0,0,0,0,0,0,0,-10000,0,0,0,507000,517000,-10000,-10000
050612,台積電元大95購06,0,0,0,0,0,0,0,0,0,-10000,0,0,0,0,10000,-10000,-10000
050421,鴻海凱基95購04  ,0,0,0,0,0,0,0,0,0,-10000,0,0,0,0,10000,-10000,-10000
050414,泰鼎永豐94購04  ,0,0,0,0,0,0,0,0,0,-10000,0,0,0,0,10000,-10000,-10000
050656,瑞儀凱基96購01  ,0,0,0,0,0,0,0,0,0,-10000,0,0,0,0,10000,-10000,-10000
050742,新日興永豐94購01,0,0,0,0,0,0,0,0,0,-10000,0,0,0,0,10000,-10000,-10000
050812,台積電凱基95購01,0,0,0,0,0,0,0,0,0,-10000,0,0,0,0,10000,-10000,-10000
051280,台積電兆豐95購04,0,0,0,0,0,0,0,0,0,-10000,0,0,0,0,10000,-10000,-10000
053745,康友國票97購01  ,0,0,0,0,0,0,0,0,0,-10000,0,0,0,40000,50000,-10000,-10000
053768,S&P反1元大99購01,0,0,0,0,0,0,0,0,0,-10000,0,0,0,0,10000,-10000,-10000
052071,臺股指兆豐95購01,0,0,0,0,0,0,0,0,0,-10000,0,0,0,0,10000,-10000,-10000
052066,華邦電兆豐96購01,0,0,0,0,0,0,0,0,0,-10000,0,0,0,0,10000,-10000,-10000
052101,滬深2X兆豐96購01,0,0,0,0,0,0,0,0,0,-10000,0,0,0,0,10000,-10000,-10000
052113,漢唐中信98購01  ,0,0,0,0,0,0,0,0,0,-10000,0,0,0,0,10000,-10000,-10000
051390,京元電兆豐95購01,0,0,0,0,0,0,0,0,0,-10000,0,0,0,10000,20000,-10000,-10000
051392,玉山金兆豐95購01,0,0,0,0,0,0,0,0,0,-10000,0,0,0,0,10000,-10000,-10000
051364,鴻海國泰97購03  ,0,0,0,0,0,0,0,0,0,-10000,0,0,0,0,10000,-10000,-10000
051582,聯發科元大97購02,0,0,0,0,0,0,0,0,0,-10000,0,0,0,0,10000,-10000,-10000
051506,台積電元富95購06,0,0,0,0,0,0,0,0,0,-10000,0,0,0,0,10000,-10000,-10000
051510,新光金中信97購01,0,0,0,0,0,0,0,0,0,-10000,0,0,0,0,10000,-10000,-10000
051503,玉晶光統一97購01,0,0,0,0,0,0,0,0,0,-10000,0,0,0,0,10000,-10000,-10000
051109,美律統一95購02  ,0,0,0,0,0,0,0,0,0,-10000,0,0,0,0,10000,-10000,-10000
052657,友達元富96購01  ,0,0,0,0,0,0,0,0,0,-10000,0,0,0,0,10000,-10000,-10000
052660,京元電國票97購01,0,0,0,0,0,0,0,0,0,-10000,0,0,0,0,10000,-10000,-10000
052604,建準元大97購01  ,0,0,0,0,0,0,0,0,0,-10000,0,0,0,0,10000,-10000,-10000
053983,樺漢元大97購02  ,0,0,0,0,0,0,0,0,0,-10000,0,0,0,0,10000,-10000,-10000
053851,鴻海國泰98購03  ,0,0,0,0,0,0,0,0,0,-10000,0,0,0,0,10000,-10000,-10000
053876,可成永昌98購01  ,0,0,0,0,0,0,0,0,0,-10000,0,0,0,0,10000,-10000,-10000
052290,鴻海元富97購01  ,0,0,0,0,0,0,0,0,0,-10000,0,0,0,0,10000,-10000,-10000
052318,友達元大98購01  ,0,0,0,0,0,0,0,0,0,-10000,0,0,0,120000,130000,-10000,-10000
052259,深100富邦95購01 ,0,0,0,0,0,0,0,0,0,-10000,0,0,0,0,10000,-10000,-10000
2906,高林            ,7000,17000,-10000,0,0,0,0,0,0,0,0,0,0,0,0,0,-10000
06163P,聯詠群益97售01  ,0,0,0,0,0,0,0,0,0,-10000,0,0,0,10000,20000,-10000,-10000
059409,台灣50國票9C購01,0,0,0,0,0,0,0,0,0,-10000,0,0,0,0,10000,-10000,-10000
05966P,矽力凱基96售03  ,0,0,0,0,0,0,0,0,0,-10000,0,0,0,0,10000,-10000,-10000
06003P,亞光康和96售02  ,0,0,0,0,0,0,0,0,0,-10000,0,0,0,0,10000,-10000,-10000
06767P,台積電永昌99售03,0,0,0,0,0,0,0,0,0,-10000,0,0,0,0,10000,-10000,-10000
06784P,臺股指元大98售01,0,0,0,0,0,0,0,0,0,-10000,0,0,0,0,10000,-10000,-10000
06832P,玉晶光凱基98售03,0,0,0,0,0,0,0,0,0,-10000,0,0,0,0,10000,-10000,-10000
06833P,矽力群益99售01  ,0,0,0,0,0,0,0,0,0,-10000,0,0,0,0,10000,-10000,-10000
06849P,欣興元大98售12  ,0,0,0,0,0,0,0,0,0,-10000,0,0,0,0,10000,-10000,-10000
06958P,FBVIX凱基9C售02 ,0,0,0,0,0,0,0,0,0,-10000,0,0,0,0,10000,-10000,-10000
07068P,欣興台新99售01  ,0,0,0,0,0,0,0,0,0,-10000,0,0,0,0,10000,-10000,-10000
07179P,臺股指凱基99售21,0,0,0,0,0,0,0,0,0,-10000,0,0,0,0,10000,-10000,-10000
1467,南緯            ,12000,22000,-10000,0,0,0,0,0,0,0,0,0,0,0,0,0,-10000
1413,宏洲            ,0,10000,-10000,0,0,0,0,0,0,0,0,0,0,0,0,0,-10000
1614,三洋電          ,28000,38000,-10000,0,0,0,0,0,0,0,0,0,0,0,0,0,-10000
057964,緯穎元大99購03  ,0,0,0,0,0,0,0,0,0,-11000,0,0,0,0,11000,-11000,-11000
056693,國產群益98購01  ,0,0,0,0,0,0,0,0,0,-11000,0,0,0,0,11000,-11000,-11000
056685,光罩統一98購03  ,0,0,0,0,0,0,0,0,0,-11000,0,0,0,0,11000,-11000,-11000
054478,可成中信97購01  ,0,0,0,0,0,0,0,0,0,-11000,0,0,0,0,11000,-11000,-11000
06582P,可成凱基98售06  ,0,0,0,0,0,0,0,0,0,-11000,0,0,0,5000,16000,-11000,-11000
06689P,鴻海中信9C售02  ,0,0,0,0,0,0,0,0,0,-11000,0,0,0,0,11000,-11000,-11000
056558,台達電群益98購01,0,0,0,0,0,0,0,0,0,-11000,0,0,0,1000,12000,-11000,-11000
056211,南港國票98購01  ,0,0,0,0,0,0,0,0,0,-11000,0,0,0,0,11000,-11000,-11000
056352,鴻海元大99購01  ,0,0,0,0,0,0,0,0,0,-11000,0,0,0,0,11000,-11000,-11000
05509P,智邦元富96售02  ,0,0,0,0,0,0,0,0,0,-11000,0,0,0,0,11000,-11000,-11000
055216,友達凱基98購05  ,0,0,0,0,0,0,0,0,0,-11000,0,0,0,0,11000,-11000,-11000
053985,矽創元大96購02  ,0,0,0,0,0,0,0,0,0,-11000,0,0,0,0,11000,-11000,-11000
058950,國巨群益99購06  ,0,0,0,0,0,0,0,0,0,-11000,0,0,0,10000,21000,-11000,-11000
05238P,禾伸堂永豐95售01,0,0,0,0,0,0,0,0,0,-11000,0,0,0,0,11000,-11000,-11000
05023P,和碩凱基95售01  ,0,0,0,0,0,0,0,0,0,-11000,0,0,0,0,11000,-11000,-11000
053086,宏達電元大97購01,0,0,0,0,0,0,0,0,0,-11000,0,0,0,0,11000,-11000,-11000
047184,漢唐元大94購02  ,0,0,0,0,0,0,0,0,0,-11000,0,0,0,0,11000,-11000,-11000
04810P,亞德客元大94售01,0,0,0,0,0,0,0,0,0,-11000,0,0,0,0,11000,-11000,-11000
046797,T50反1元大96購01,0,0,0,0,0,0,0,0,0,-11000,0,0,0,12000,23000,-11000,-11000
04395P,台積電群益94售06,0,0,0,0,0,0,0,0,0,-11000,0,0,0,0,11000,-11000,-11000
0051,元大中型100     ,0,0,0,0,0,0,0,0,0,-11000,0,0,0,39000,50000,-11000,-11000
03917P,鴻海凱基94售07  ,0,0,0,0,0,0,0,0,0,-11000,0,0,0,0,11000,-11000,-11000
03670C,元油2X元富99牛01,0,0,0,0,0,0,0,0,0,-11000,0,0,0,0,11000,-11000,-11000
2436,偉詮電          ,324000,328000,-4000,0,0,0,0,0,0,-7000,0,7000,-7000,0,0,0,-11000
2748,雲品            ,20000,9000,11000,0,0,0,0,10000,-10000,-12000,0,12000,-12000,0,0,0,-11000
2597,潤弘            ,18000,17000,1000,0,0,0,0,0,0,-12000,0,12000,-12000,0,0,0,-11000
07111P,台積電群益99售08,0,0,0,0,0,0,0,0,0,-11000,0,0,0,0,11000,-11000,-11000
06883P,聯茂群益98售03  ,0,0,0,0,0,0,0,0,0,-11000,0,0,0,0,11000,-11000,-11000
06738P,瑞昱兆豐98售02  ,0,0,0,0,0,0,0,0,0,-11000,0,0,0,41000,52000,-11000,-11000
059057,聯發科凱基99購10,0,0,0,0,0,0,0,0,0,-11000,0,0,0,0,11000,-11000,-11000
06327P,台積電中信01售01,0,0,0,0,0,0,0,0,0,-11000,0,0,0,22000,33000,-11000,-11000
910322,康師傅-DR       ,0,11000,-11000,0,0,0,0,0,0,0,0,0,0,0,0,0,-11000
055339,緯穎兆豐98購01  ,0,0,0,0,0,0,0,0,0,-12000,0,0,0,37000,49000,-12000,-12000
056041,禾伸堂凱基98購03,0,0,0,0,0,0,0,0,0,-12000,0,0,0,0,12000,-12000,-12000
056551,台郡凱基98購04  ,0,0,0,0,0,0,0,0,0,-12000,0,0,0,0,12000,-12000,-12000
057109,信邦群益98購01  ,0,0,0,0,0,0,0,0,0,-12000,0,0,0,0,12000,-12000,-12000
057119,微星康和98購01  ,0,0,0,0,0,0,0,0,0,-12000,0,0,0,0,12000,-12000,-12000
05746P,台積電群益96售07,0,0,0,0,0,0,0,0,0,-12000,0,0,0,0,12000,-12000,-12000
057682,台積電日盛9A購03,0,0,0,0,0,0,0,0,0,-12000,0,0,0,80000,92000,-12000,-12000
06595P,祥碩元大98售03  ,0,0,0,0,0,0,0,0,0,-12000,0,0,0,40000,52000,-12000,-12000
059166,友達凱基99購05  ,0,0,0,0,0,0,0,0,0,-12000,0,0,0,0,12000,-12000,-12000
054212,聯詠國票97購03  ,0,0,0,0,0,0,0,0,0,-12000,0,0,0,0,12000,-12000,-12000
059076,FBVIX元大99購04 ,0,0,0,0,0,0,0,0,0,-12000,0,0,0,0,12000,-12000,-12000
056762,亞德客元大98購01,0,0,0,0,0,0,0,0,0,-12000,0,0,0,5000,17000,-12000,-12000
05404P,台積電群益95售06,0,0,0,0,0,0,0,0,0,-12000,0,0,0,19000,31000,-12000,-12000
055579,健策統一9A購01  ,0,0,0,0,0,0,0,0,0,-12000,0,0,0,0,12000,-12000,-12000
058404,貿聯元大99購02  ,0,0,0,0,0,0,0,0,0,-12000,0,0,0,0,12000,-12000,-12000
04379P,大立光元大94售06,0,0,0,0,0,0,0,0,0,-12000,0,0,0,11000,23000,-12000,-12000
04495P,台積電國票95售01,0,0,0,0,0,0,0,0,0,-12000,0,0,0,210000,222000,-12000,-12000
04691P,智邦群益94售02  ,0,0,0,0,0,0,0,0,0,-12000,0,0,0,0,12000,-12000,-12000
04824P,亞泥中信94售02  ,0,0,0,0,0,0,0,0,0,-12000,0,0,0,0,12000,-12000,-12000
04843P,致新元大94售02  ,0,0,0,0,0,0,0,0,0,-12000,0,0,0,2000,14000,-12000,-12000
054036,T50反1元大96購08,0,0,0,0,0,0,0,0,0,-12000,0,0,0,8000,20000,-12000,-12000
058920,SGBR2X元富99購06,0,0,0,0,0,0,0,0,0,-12000,0,0,0,15000,27000,-12000,-12000
058864,欣興凱基99購04  ,0,0,0,0,0,0,0,0,0,-12000,0,0,0,0,12000,-12000,-12000
9927,泰銘            ,83000,95000,-12000,0,0,0,0,0,0,0,0,0,0,0,0,0,-12000
3416,融程電          ,17000,29000,-12000,0,0,0,0,0,0,0,0,0,0,0,0,0,-12000
06283P,祥碩永豐97售01  ,0,0,0,0,0,0,0,0,0,-12000,0,0,0,2000,14000,-12000,-12000
06205P,台積電群益97售03,0,0,0,0,0,0,0,0,0,-12000,0,0,0,0,12000,-12000,-12000
059461,鈺齊永豐99購03  ,0,0,0,0,0,0,0,0,0,-12000,0,0,0,0,12000,-12000,-12000
059437,京鼎元大99購02  ,0,0,0,0,0,0,0,0,0,-12000,0,0,0,0,12000,-12000,-12000
07147P,高鐵元大99售01  ,0,0,0,0,0,0,0,0,0,-12000,0,0,0,8000,20000,-12000,-12000
06991P,矽創群益99售01  ,0,0,0,0,0,0,0,0,0,-12000,0,0,0,10000,22000,-12000,-12000
2459,敦吉            ,26000,37000,-11000,0,0,0,0,0,0,-1000,0,1000,-1000,0,0,0,-12000
2114,鑫永銓          ,4000,16000,-12000,0,0,0,0,0,0,0,0,0,0,0,0,0,-12000
2430,燦坤            ,4000,16000,-12000,0,0,0,0,0,0,0,0,0,0,0,0,0,-12000
07216P,大立光凱基99售08,0,0,0,0,0,0,0,0,0,-12000,0,0,0,0,12000,-12000,-12000
2373,震旦行          ,5000,15000,-10000,0,0,0,0,1433,-1433,-1000,0,1000,-1000,0,0,0,-12433
055503,健策元大98購05  ,0,0,0,0,0,0,0,0,0,-13000,0,0,0,0,13000,-13000,-13000
055749,智邦永昌9C購01  ,0,0,0,0,0,0,0,0,0,-13000,0,0,0,0,13000,-13000,-13000
059110,元油2X永豐99購02,0,0,0,0,0,0,0,0,0,-13000,0,0,0,0,13000,-13000,-13000
06623P,立積元大98售04  ,0,0,0,0,0,0,0,0,0,-13000,0,0,0,25000,38000,-13000,-13000
059268,鎧勝中信01購01  ,0,0,0,0,0,0,0,0,0,-13000,0,0,0,10000,23000,-13000,-13000
055272,國巨元大98購04  ,0,0,0,0,0,0,0,0,0,-13000,0,0,0,0,13000,-13000,-13000
055093,京鼎群益98購01  ,0,0,0,0,0,0,0,0,0,-13000,0,0,0,0,13000,-13000,-13000
052518,道瓊反元大95購02,0,0,0,0,0,0,0,0,0,-13000,0,0,0,25000,38000,-13000,-13000
053531,國泰金康和96購01,0,0,0,0,0,0,0,0,0,-13000,0,0,0,0,13000,-13000,-13000
053753,啟碁永豐96購01  ,0,0,0,0,0,0,0,0,0,-13000,0,0,0,0,13000,-13000,-13000
050751,聯電統一94購05  ,0,0,0,0,0,0,0,0,0,-13000,0,0,0,0,13000,-13000,-13000
04789P,台積電富邦95售03,0,0,0,0,0,0,0,0,0,-13000,0,0,0,511000,524000,-13000,-13000
04784P,超眾元富94售01  ,0,0,0,0,0,0,0,0,0,-13000,0,0,0,0,13000,-13000,-13000
046385,群創凱基98購03  ,0,0,0,0,0,0,0,0,0,-13000,0,0,0,0,13000,-13000,-13000
049221,健策國票95購02  ,0,0,0,0,0,0,0,0,0,-13000,0,0,0,20000,33000,-13000,-13000
2462,良得電          ,8000,21000,-13000,0,0,0,0,0,0,0,0,0,0,0,0,0,-13000
2466,冠西電          ,2000,15000,-13000,0,0,0,0,0,0,0,0,0,0,0,0,0,-13000
2539,櫻花建          ,24000,37000,-13000,0,0,0,0,0,0,0,0,0,0,0,0,0,-13000
2611,志信            ,3000,16000,-13000,0,0,0,0,0,0,0,0,0,0,0,0,0,-13000
06508P,台灣50統一98售01,0,0,0,0,0,0,0,0,0,-13000,0,0,0,32000,45000,-13000,-13000
059393,臺股指凱基99購39,0,0,0,0,0,0,0,0,0,-13000,0,0,0,0,13000,-13000,-13000
5234,達興材料        ,105000,114000,-9000,0,0,0,20000,1000,19000,-23000,13000,36000,-23000,0,0,0,-13000
9935,慶豐富          ,63000,76000,-13000,0,0,0,0,0,0,0,0,0,0,0,0,0,-13000
6655,科定            ,0,14000,-14000,0,0,0,0,0,0,1000,1000,0,1000,0,0,0,-13000
2542,興富發          ,2365924,2391000,-25076,0,0,0,52000,3640,48360,-37000,76000,113000,-37000,0,0,0,-13716
058515,健鼎元大99購01  ,0,0,0,0,0,0,0,0,0,-14000,0,0,0,230000,244000,-14000,-14000
056534,京元電凱基98購01,0,0,0,0,0,0,0,0,0,-14000,0,0,0,1000,15000,-14000,-14000
059118,晶技永豐9A購01  ,0,0,0,0,0,0,0,0,0,-14000,0,0,0,0,14000,-14000,-14000
03675C,臺股指元大04牛02,0,0,0,0,0,0,0,0,0,-14000,0,0,0,110000,124000,-14000,-14000
01004T,土銀富邦R2      ,0,14000,-14000,0,0,0,0,0,0,0,0,0,0,0,0,0,-14000
00690,兆豐藍籌30      ,0,0,0,0,0,0,0,0,0,-14000,0,0,0,213000,227000,-14000,-14000
053385,聯詠元大96購02  ,0,0,0,0,0,0,0,0,0,-14000,0,0,0,0,14000,-14000,-14000
048119,臺指反元大96購03,0,0,0,0,0,0,0,0,0,-14000,0,0,0,0,14000,-14000,-14000
05358P,大立光元大95售09,0,0,0,0,0,0,0,0,0,-14000,0,0,0,436000,450000,-14000,-14000
058697,亞德客元大99購01,0,0,0,0,0,0,0,0,0,-14000,0,0,0,10000,24000,-14000,-14000
053186,健策中信9C購01  ,0,0,0,0,0,0,0,0,0,-14000,0,0,0,6000,20000,-14000,-14000
2506,太設            ,5000,15000,-10000,0,0,0,0,0,0,-4000,0,4000,-4000,0,0,0,-14000
2380,虹光            ,0,14000,-14000,0,0,0,0,0,0,0,0,0,0,0,0,0,-14000
1527,鑽全            ,159000,168000,-9000,0,0,0,0,5000,-5000,0,0,0,0,0,0,0,-14000
06850P,聯茂元大98售06  ,0,0,0,0,0,0,0,0,0,-14000,0,0,0,15000,29000,-14000,-14000
059108,台灣50富邦9B購01,140000,0,140000,0,0,0,0,0,0,-155000,0,0,0,25000,180000,-155000,-15000
05912P,和大元大96售01  ,0,0,0,0,0,0,0,0,0,-15000,0,0,0,3000,18000,-15000,-15000
057846,神達永豐98購01  ,0,0,0,0,0,0,0,0,0,-15000,0,0,0,0,15000,-15000,-15000
054572,國巨元大98購03  ,0,0,0,0,0,0,0,0,0,-15000,0,0,0,0,15000,-15000,-15000
059338,滬深2X凱基9C購02,0,0,0,0,0,0,0,0,0,-15000,0,0,0,0,15000,-15000,-15000
056833,和大元富9B購01  ,0,0,0,0,0,0,0,0,0,-15000,0,0,0,0,15000,-15000,-15000
055588,瑞昱元大97購03  ,0,0,0,0,0,0,0,0,0,-15000,0,0,0,0,15000,-15000,-15000
057790,台積電統一99購04,0,0,0,0,0,0,0,0,0,-15000,0,0,0,0,15000,-15000,-15000
058250,台虹元大99購01  ,0,0,0,0,0,0,0,0,0,-15000,0,0,0,10000,25000,-15000,-15000
058044,鴻海元大99購07  ,0,0,0,0,0,0,0,0,0,-15000,0,0,0,0,15000,-15000,-15000
057709,電子類群益98購01,0,0,0,0,0,0,0,0,0,-15000,0,0,0,0,15000,-15000,-15000
056993,GIS兆豐99購01   ,0,0,0,0,0,0,0,0,0,-15000,0,0,0,0,15000,-15000,-15000
057474,T50反1元大98購09,0,0,0,0,0,0,0,0,0,-15000,0,0,0,10000,25000,-15000,-15000
054826,復盛元大9A購01  ,0,0,0,0,0,0,0,0,0,-15000,0,0,0,47000,62000,-15000,-15000
053130,聯發科麥證96購01,0,0,0,0,15000,-15000,0,0,0,-15000,0,0,0,0,15000,-15000,-15000
05295P,緯創凱基95售01  ,0,0,0,0,0,0,0,0,0,-15000,0,0,0,34000,49000,-15000,-15000
052923,台積電永豐96購02,0,0,0,0,0,0,0,0,0,-15000,0,0,0,0,15000,-15000,-15000
05021P,瑞昱凱基95售01  ,0,0,0,0,0,0,0,0,0,-15000,0,0,0,2000,17000,-15000,-15000
052230,大立光凱基96購09,0,0,0,0,0,0,0,0,0,-15000,0,0,0,0,15000,-15000,-15000
053962,聯茂永豐96購01  ,0,0,0,0,0,0,0,0,0,-15000,0,0,0,0,15000,-15000,-15000
053439,台積電凱基96購11,0,0,0,0,0,0,0,0,0,-15000,0,0,0,0,15000,-15000,-15000
04313P,國巨元富95售03  ,0,0,0,0,0,0,0,0,0,-15000,0,0,0,13000,28000,-15000,-15000
03433B,臺股指元大9C熊01,0,0,0,0,0,0,0,0,0,-15000,0,0,0,46000,61000,-15000,-15000
06474P,鴻海富邦98售03  ,0,0,0,0,0,0,0,0,0,-15000,0,0,0,20000,35000,-15000,-15000
06240P,奇力新元富97售03,0,0,0,0,0,0,0,0,0,-15000,0,0,0,0,15000,-15000,-15000
1452,宏益            ,49000,64000,-15000,0,0,0,0,0,0,0,0,0,0,0,0,0,-15000
1110,東泥            ,0,15000,-15000,0,0,0,0,0,0,0,0,0,0,0,0,0,-15000
2636,台驊投控        ,24000,39000,-15000,0,0,0,0,0,0,0,0,0,0,0,0,0,-15000
6591,動力-KY         ,107000,121000,-14000,0,0,0,0,0,0,-1000,0,1000,-1000,0,0,0,-15000
5484,慧友            ,0,15000,-15000,0,0,0,0,0,0,0,0,0,0,0,0,0,-15000
057479,致茂元大98購03  ,0,0,0,0,0,0,0,0,0,-16000,0,0,0,60000,76000,-16000,-16000
056475,宏達電元大99購02,0,0,0,0,0,0,0,0,0,-16000,0,0,0,12000,28000,-16000,-16000
055246,美律統一98購01  ,0,0,0,0,0,0,0,0,0,-16000,0,0,0,5000,21000,-16000,-16000
057601,中磊群益98購01  ,0,0,0,0,0,0,0,0,0,-16000,0,0,0,0,16000,-16000,-16000
056203,興富發永豐97購01,0,0,0,0,0,0,0,0,0,-16000,0,0,0,0,16000,-16000,-16000
058264,瑞昱永豐99購01  ,0,0,0,0,0,0,0,0,0,-16000,0,0,0,0,16000,-16000,-16000
058421,國泰金麥證01購01,0,0,0,13000,29000,-16000,0,0,0,-16000,0,0,0,13000,29000,-16000,-16000
056745,聯茂凱基99購03  ,0,0,0,0,0,0,0,0,0,-16000,0,0,0,42000,58000,-16000,-16000
059291,華新科元富9B購01,0,0,0,0,0,0,0,0,0,-16000,0,0,0,176000,192000,-16000,-16000
059246,奇力新凱基9A購02,0,0,0,0,0,0,0,0,0,-16000,0,0,0,14000,30000,-16000,-16000
059160,華通凱基99購03  ,0,0,0,0,0,0,0,0,0,-16000,0,0,0,0,16000,-16000,-16000
059039,致伸群益99購01  ,0,0,0,0,0,0,0,0,0,-16000,0,0,0,22000,38000,-16000,-16000
00735,國泰臺韓科技    ,58000,6000,52000,0,0,0,0,0,0,-68000,0,0,0,117000,185000,-68000,-16000
044475,國巨元富95購02  ,0,0,0,0,0,0,0,0,0,-16000,0,0,0,18000,34000,-16000,-16000
051910,大立光元大97購01,0,0,0,0,0,0,0,0,0,-16000,0,0,0,0,16000,-16000,-16000
04534P,臻鼎元富94售03  ,0,0,0,0,0,0,0,0,0,-16000,0,0,0,0,16000,-16000,-16000
053800,華通凱基97購03  ,0,0,0,0,0,0,0,0,0,-16000,0,0,0,0,16000,-16000,-16000
053223,台郡凱基96購02  ,0,0,0,0,0,0,0,0,0,-16000,0,0,0,0,16000,-16000,-16000
5608,四維航          ,33000,49000,-16000,0,0,0,0,0,0,0,0,0,0,0,0,0,-16000
4720,德淵            ,46000,62000,-16000,0,0,0,0,0,0,0,0,0,0,0,0,0,-16000
9943,好樂迪          ,108000,124000,-16000,0,0,0,0,0,0,0,0,0,0,0,0,0,-16000
2496,卓越            ,16000,32000,-16000,0,0,0,0,0,0,0,0,0,0,0,0,0,-16000
059195,國巨永豐99購04  ,0,0,0,0,0,0,0,0,0,-16000,0,0,0,0,16000,-16000,-16000
059432,聯發科元大99購26,0,0,0,0,0,0,0,0,0,-16000,0,0,0,70000,86000,-16000,-16000
3019,亞光            ,794000,893000,-99000,0,0,0,0,929,-929,83000,133000,78000,55000,34000,6000,28000,-16929
05574P,英業達元富96售01,0,0,0,0,0,0,0,0,0,-17000,0,0,0,8000,25000,-17000,-17000
059111,元油2X永豐99購03,0,0,0,0,0,0,0,0,0,-17000,0,0,0,13000,30000,-17000,-17000
06537P,華通凱基98售04  ,0,0,0,0,0,0,0,0,0,-17000,0,0,0,5000,22000,-17000,-17000
056681,鴻海統一98購09  ,0,0,0,0,0,0,0,0,0,-17000,0,0,0,0,17000,-17000,-17000
056651,聯茂凱基98購04  ,0,0,0,0,0,0,0,0,0,-17000,0,0,0,57000,74000,-17000,-17000
055687,瀚宇博凱基97購01,0,0,0,0,0,0,0,0,0,-17000,0,0,0,0,17000,-17000,-17000
055716,致茂元大97購01  ,0,0,0,0,0,0,0,0,0,-17000,0,0,0,3000,20000,-17000,-17000
058149,百和元大99購02  ,0,0,0,0,0,0,0,0,0,-17000,0,0,0,0,17000,-17000,-17000
05503P,智邦日盛96售01  ,0,0,0,0,0,0,0,0,0,-17000,0,0,0,10000,27000,-17000,-17000
053718,全新凱基97購02  ,0,0,0,0,0,0,0,0,0,-17000,0,0,0,0,17000,-17000,-17000
05091P,台積電元大95售11,0,0,0,0,0,0,0,0,0,-17000,0,0,0,3000,20000,-17000,-17000
053481,同欣電元大97購01,0,0,0,0,0,0,0,0,0,-17000,0,0,0,0,17000,-17000,-17000
06911P,鴻海元大99售09  ,0,0,0,0,0,0,0,0,0,-17000,0,0,0,34000,51000,-17000,-17000
06982P,義隆凱基99售02  ,0,0,0,0,0,0,0,0,0,-17000,0,0,0,20000,37000,-17000,-17000
07021P,台積電富邦9C售02,0,0,0,0,0,0,0,0,0,-17000,0,0,0,0,17000,-17000,-17000
1210,大成            ,629000,554954,74046,0,0,0,4000,10351,-6351,-85000,0,85000,-85000,0,0,0,-17305
2923,鼎固-KY         ,0,12000,-12000,0,0,0,0,5313,-5313,0,0,0,0,0,0,0,-17313
8454,富邦媒          ,94000,121000,-27000,0,0,0,0,313,-313,10000,10000,0,10000,0,0,0,-17313
2204,中華            ,591824,474600,117224,0,0,0,0,101000,-101000,-34000,0,34000,-34000,0,0,0,-17776
058131,義隆元大99購02  ,0,0,0,0,0,0,0,0,0,-18000,0,0,0,0,18000,-18000,-18000
05551P,電子類元大96售01,0,0,0,0,0,0,0,0,0,-18000,0,0,0,7000,25000,-18000,-18000
06653P,美食元大98售02  ,0,0,0,0,0,0,0,0,0,-18000,0,0,0,36000,54000,-18000,-18000
05924P,超眾元富96售04  ,0,0,0,0,0,0,0,0,0,-18000,0,0,0,112000,130000,-18000,-18000
057634,道瓊反元大99購01,0,0,0,0,0,0,0,0,0,-18000,0,0,0,45000,63000,-18000,-18000
057127,旺宏凱基98購09  ,0,0,0,0,0,0,0,0,0,-18000,0,0,0,0,18000,-18000,-18000
057083,立積統一98購01  ,0,0,0,0,0,0,0,0,0,-18000,0,0,0,0,18000,-18000,-18000
058666,上証反群益01購01,0,0,0,0,0,0,0,0,0,-18000,0,0,0,2000,20000,-18000,-18000
055924,深中小群益9B購01,0,0,0,0,0,0,0,0,0,-18000,0,0,0,2000,20000,-18000,-18000
049894,嘉聯益富邦98購01,0,0,0,0,0,0,0,0,0,-18000,0,0,0,0,18000,-18000,-18000
04776P,聯發科凱基94售06,0,0,0,0,0,0,0,0,0,-18000,0,0,0,0,18000,-18000,-18000
052561,矽創國票97購01  ,0,0,0,0,0,0,0,0,0,-18000,0,0,0,0,18000,-18000,-18000
052052,嘉澤凱基95購02  ,0,0,0,0,0,0,0,0,0,-18000,0,0,0,0,18000,-18000,-18000
058852,貿聯群益99購04  ,0,0,0,0,0,0,0,0,0,-18000,0,0,0,2000,20000,-18000,-18000
050275,緯穎元大94購10  ,0,0,0,0,0,0,0,0,0,-18000,0,0,0,3000,21000,-18000,-18000
2616,山隆            ,7000,25000,-18000,0,0,0,0,0,0,0,0,0,0,0,0,0,-18000
2852,第一保          ,20000,36000,-16000,0,0,0,0,0,0,-2000,0,2000,-2000,0,0,0,-18000
06761P,台積電元大99售05,0,0,0,0,0,0,0,0,0,-18000,0,0,0,5000,23000,-18000,-18000
059400,滬深2X元富9C購04,0,0,0,0,0,0,0,0,0,-18000,0,0,0,0,18000,-18000,-18000
06019P,緯穎凱基96售03  ,0,0,0,0,0,0,0,0,0,-18000,0,0,0,2000,20000,-18000,-18000
06139P,台積電中信99售02,0,0,0,0,0,0,0,0,0,-18000,0,0,0,35000,53000,-18000,-18000
06184P,大立光元大97售06,0,0,0,0,0,0,0,0,0,-18000,0,0,0,1000,19000,-18000,-18000
056973,T50反1永昌9C購01,0,0,0,0,0,0,0,0,0,-19000,0,0,0,0,19000,-19000,-19000
057761,聯發科凱基99購04,0,0,0,0,0,0,0,0,0,-19000,0,0,0,10000,29000,-19000,-19000
052979,上銀元大96購02  ,0,0,0,0,0,0,0,0,0,-19000,0,0,0,0,19000,-19000,-19000
058997,鴻海元大99購21  ,0,0,0,0,0,0,0,0,0,-19000,0,0,0,248000,267000,-19000,-19000
058801,致伸元大99購01  ,0,0,0,0,0,0,0,0,0,-19000,0,0,0,0,19000,-19000,-19000
049973,T50反1日盛9A購01,0,0,0,0,0,0,0,0,0,-19000,0,0,0,11000,30000,-19000,-19000
050101,台積電永昌96購03,0,0,0,0,0,0,0,0,0,-19000,0,0,0,0,19000,-19000,-19000
052679,致伸富邦98購01  ,0,0,0,0,0,0,0,0,0,-19000,0,0,0,1000,20000,-19000,-19000
047194,世紀鋼元大96購01,0,0,0,0,0,0,0,0,0,-19000,0,0,0,94000,113000,-19000,-19000
04828P,聯發科凱基94售15,0,0,0,0,0,0,0,0,0,-19000,0,0,0,0,19000,-19000,-19000
04373P,滬深2X元大97售01,0,0,0,0,0,0,0,0,0,-19000,0,0,0,1000,20000,-19000,-19000
03432B,臺股指凱基98熊13,0,0,0,0,0,0,0,0,0,-19000,0,0,0,0,19000,-19000,-19000
06353P,電子類富邦99售02,1000,0,1000,0,0,0,0,0,0,-20000,0,0,0,26000,46000,-20000,-19000
06121P,同欣電凱基97售02,0,0,0,0,0,0,0,0,0,-19000,0,0,0,5000,24000,-19000,-19000
059412,臺股指國票99購18,0,0,0,0,0,0,0,0,0,-19000,0,0,0,0,19000,-19000,-19000
057787,TPK國票99購01   ,0,0,0,0,0,0,0,0,0,-20000,0,0,0,0,20000,-20000,-20000
058124,玉晶光國票9A購01,0,0,0,0,0,0,0,0,0,-20000,0,0,0,0,20000,-20000,-20000
058299,同欣電凱基9A購01,0,0,0,0,0,0,0,0,0,-20000,0,0,0,0,20000,-20000,-20000
058558,鴻海日盛9A購02  ,0,0,0,0,0,0,0,0,0,-20000,0,0,0,0,20000,-20000,-20000
055536,嘉聯益群益99購02,0,0,0,0,0,0,0,0,0,-20000,0,0,0,0,20000,-20000,-20000
056739,美律凱基98購04  ,0,0,0,0,0,0,0,0,0,-20000,0,0,0,0,20000,-20000,-20000
054040,中石化元大9C購01,0,0,0,0,0,0,0,0,0,-20000,0,0,0,0,20000,-20000,-20000
055596,新光金元大9B購02,0,0,0,0,0,0,0,0,0,-20000,0,0,0,30000,50000,-20000,-20000
058570,臻鼎凱基9A購01  ,0,0,0,0,0,0,0,0,0,-20000,0,0,0,0,20000,-20000,-20000
055664,和大群益98購02  ,0,0,0,0,0,0,0,0,0,-20000,0,0,0,0,20000,-20000,-20000
055639,上銀元富97購02  ,0,0,0,0,0,0,0,0,0,-20000,0,0,0,0,20000,-20000,-20000
05413P,台郡國票96售02  ,0,0,0,0,0,0,0,0,0,-20000,0,0,0,0,20000,-20000,-20000
056828,國巨富邦9A購03  ,0,0,0,0,0,0,0,0,0,-20000,0,0,0,0,20000,-20000,-20000
059329,台灣50國票99購09,0,0,0,0,0,0,0,0,0,-20000,0,0,0,0,20000,-20000,-20000
059355,國巨富邦9B購03  ,20000,0,20000,0,0,0,0,0,0,-40000,0,0,0,0,40000,-40000,-20000
059169,可成凱基99購04  ,0,0,0,0,0,0,0,0,0,-20000,0,0,0,100000,120000,-20000,-20000
06566P,華通永豐98售03  ,0,0,0,0,0,0,0,0,0,-20000,0,0,0,10000,30000,-20000,-20000
059211,鴻海元大99購27  ,0,0,0,0,0,0,0,0,0,-20000,0,0,0,221000,241000,-20000,-20000
054164,強茂凱基98購01  ,0,0,0,0,0,0,0,0,0,-20000,0,0,0,0,20000,-20000,-20000
05430P,台積電統一95售07,0,0,0,0,0,0,0,0,0,-20000,0,0,0,0,20000,-20000,-20000
054577,世芯元大98購01  ,0,0,0,0,0,0,0,0,0,-20000,0,0,0,0,20000,-20000,-20000
054726,台積電日盛97購01,0,0,0,0,0,0,0,0,0,-20000,0,0,0,0,20000,-20000,-20000
054661,嘉聯益元大97購03,0,0,0,0,0,0,0,0,0,-20000,0,0,0,0,20000,-20000,-20000
057848,台表科永豐98購02,0,0,0,0,0,0,0,0,0,-20000,0,0,0,0,20000,-20000,-20000
057858,T50正2康和98購01,0,0,0,0,0,0,0,0,0,-20000,0,0,0,0,20000,-20000,-20000
057873,義隆元大98購03  ,0,0,0,0,0,0,0,0,0,-20000,0,0,0,60000,80000,-20000,-20000
054480,和碩中信98購01  ,0,0,0,0,0,0,0,0,0,-20000,0,0,0,0,20000,-20000,-20000
054517,高鐵元大96購01  ,0,0,0,0,0,0,0,0,0,-20000,0,0,0,0,20000,-20000,-20000
054540,泰鼎國票99購01  ,0,0,0,0,0,0,0,0,0,-20000,0,0,0,0,20000,-20000,-20000
054440,TPK台新98購01   ,0,0,0,0,0,0,0,0,0,-20000,0,0,0,0,20000,-20000,-20000
057893,亞德客元富98購03,0,0,0,0,0,0,0,0,0,-20000,0,0,0,0,20000,-20000,-20000
054446,美食兆豐97購01  ,0,0,0,0,0,0,0,0,0,-20000,0,0,0,10000,30000,-20000,-20000
056976,喬山群益98購01  ,0,0,0,0,0,0,0,0,0,-20000,0,0,0,0,20000,-20000,-20000
057700,新日興群益9A購01,0,0,0,0,0,0,0,0,0,-20000,0,0,0,0,20000,-20000,-20000
057423,台郡凱基98購06  ,0,0,0,0,0,0,0,0,0,-20000,0,0,0,0,20000,-20000,-20000
057066,緯穎富邦99購01  ,0,0,0,0,0,0,0,0,0,-20000,0,0,0,0,20000,-20000,-20000
057270,遠東新元大98購01,0,0,0,0,0,0,0,0,0,-20000,0,0,0,0,20000,-20000,-20000
057236,聯詠凱基98購03  ,0,0,0,0,0,0,0,0,0,-20000,0,0,0,0,20000,-20000,-20000
057567,嘉聯益富邦9A購01,0,0,0,0,0,0,0,0,0,-20000,0,0,0,0,20000,-20000,-20000
056546,致伸凱基98購01  ,0,0,0,0,0,0,0,0,0,-20000,0,0,0,0,20000,-20000,-20000
056588,聯發科統一9A購02,0,0,0,0,0,0,0,0,0,-20000,0,0,0,0,20000,-20000,-20000
056218,億光中信98購01  ,0,0,0,0,0,0,0,0,0,-20000,0,0,0,0,20000,-20000,-20000
056293,上銀元大97購10  ,0,0,0,0,0,0,0,0,0,-20000,0,0,0,0,20000,-20000,-20000
056284,台積電永豐97購06,0,0,0,0,0,0,0,0,0,-20000,0,0,0,0,20000,-20000,-20000
056361,美律元大99購02  ,0,0,0,0,0,0,0,0,0,-20000,0,0,0,0,20000,-20000,-20000
056416,華新科中信98購01,0,0,0,0,0,0,0,0,0,-20000,0,0,0,10000,30000,-20000,-20000
05595P,友達統一96售02  ,0,0,0,0,0,0,0,0,0,-20000,0,0,0,0,20000,-20000,-20000
054846,瑞昱兆豐97購01  ,0,0,0,0,0,0,0,0,0,-20000,0,0,0,0,20000,-20000,-20000
054802,高股息元大97購01,0,0,0,0,0,0,0,0,0,-20000,0,0,0,0,20000,-20000,-20000
054862,群光群益97購01  ,0,0,0,0,0,0,0,0,0,-20000,0,0,0,0,20000,-20000,-20000
055340,華新科日盛97購01,0,0,0,0,0,0,0,0,0,-20000,0,0,0,0,20000,-20000,-20000
055450,台積電元富97購01,0,0,0,0,0,0,0,0,0,-20000,0,0,0,0,20000,-20000,-20000
055334,禾伸堂兆豐97購01,0,0,0,0,0,0,0,0,0,-20000,0,0,0,0,20000,-20000,-20000
054372,南亞科中信96購01,0,0,0,0,0,0,0,0,0,-20000,0,0,0,0,20000,-20000,-20000
054366,和大中信98購01  ,0,0,0,0,0,0,0,0,0,-20000,0,0,0,0,20000,-20000,-20000
055333,晶豪科兆豐97購01,0,0,0,0,0,0,0,0,0,-20000,0,0,0,0,20000,-20000,-20000
05850P,台積電兆豐96售06,0,0,0,0,0,0,0,0,0,-20000,0,0,0,0,20000,-20000,-20000
057547,技嘉凱基99購01  ,0,0,0,0,0,0,0,0,0,-20000,0,0,0,0,20000,-20000,-20000
055296,康舒元大97購02  ,0,0,0,0,0,0,0,0,0,-20000,0,0,0,0,20000,-20000,-20000
056529,中環凱基98購01  ,0,0,0,0,0,0,0,0,0,-20000,0,0,0,0,20000,-20000,-20000
056484,聯茂元大98購02  ,0,0,0,0,0,0,0,0,0,-20000,0,0,0,60000,80000,-20000,-20000
056462,訊芯凱基98購03  ,0,0,0,0,0,0,0,0,0,-20000,0,0,0,0,20000,-20000,-20000
05506P,茂林凱基96售03  ,0,0,0,0,0,0,0,0,0,-20000,0,0,0,0,20000,-20000,-20000
055106,台積電凱基98購05,0,0,0,0,0,0,0,0,0,-20000,0,0,0,0,20000,-20000,-20000
055123,億光兆豐97購01  ,0,0,0,0,0,0,0,0,0,-20000,0,0,0,81000,101000,-20000,-20000
055145,T50反1元大97購04,0,0,0,0,0,0,0,0,0,-20000,0,0,0,0,20000,-20000,-20000
048976,華擎元大94購01  ,0,0,0,0,0,0,0,0,0,-20000,0,0,0,0,20000,-20000,-20000
04263P,南電群益93售03  ,0,0,0,0,0,0,0,0,0,-20000,0,0,0,0,20000,-20000,-20000
042705,台積電亞東93購01,0,0,0,0,0,0,0,0,0,-20000,0,0,0,10000,30000,-20000,-20000
04961P,貿聯凱基94售03  ,0,0,0,0,0,0,0,0,0,-20000,0,0,0,0,20000,-20000,-20000
049554,禾伸堂富邦96購01,0,0,0,0,0,0,0,0,0,-20000,0,0,0,0,20000,-20000,-20000
04435P,台積電中信95售07,0,0,0,0,0,0,0,0,0,-20000,0,0,0,10000,30000,-20000,-20000
03017X,元展17          ,0,0,0,0,0,0,0,0,0,-20000,0,0,0,0,20000,-20000,-20000
048867,台積電兆豐95購01,0,0,0,0,0,0,0,0,0,-20000,0,0,0,10000,30000,-20000,-20000
046999,康控富邦99購01  ,0,0,0,0,0,0,0,0,0,-20000,0,0,0,0,20000,-20000,-20000
049815,緯穎元大94購06  ,0,0,0,0,0,0,0,0,0,-20000,0,0,0,0,20000,-20000,-20000
047904,臺指反元大96購01,0,0,0,0,0,0,0,0,0,-20000,0,0,0,0,20000,-20000,-20000
048128,超眾元大95購01  ,0,0,0,0,0,0,0,0,0,-20000,0,0,0,10000,30000,-20000,-20000
053525,台積電中信96購04,0,0,0,0,0,0,0,0,0,-20000,0,0,0,0,20000,-20000,-20000
051969,世紀鋼永豐95購01,0,0,0,0,0,0,0,0,0,-20000,0,0,0,0,20000,-20000,-20000
053408,友達兆豐98購01  ,0,0,0,0,0,0,0,0,0,-20000,0,0,0,0,20000,-20000,-20000
053296,貿聯中信98購01  ,0,0,0,0,0,0,0,0,0,-20000,0,0,0,0,20000,-20000,-20000
046347,奇力新兆豐93購02,0,0,0,0,0,0,0,0,0,-20000,0,0,0,0,20000,-20000,-20000
051802,同欣電永豐95購02,0,0,0,0,0,0,0,0,0,-20000,0,0,0,0,20000,-20000,-20000
052854,聯詠日盛96購01  ,0,0,0,0,0,0,0,0,0,-20000,0,0,0,0,20000,-20000,-20000
052856,滬深2X凱基98購01,0,0,0,0,0,0,0,0,0,-20000,0,0,0,0,20000,-20000,-20000
052629,訊芯中信99購01  ,0,0,0,0,0,0,0,0,0,-20000,0,0,0,0,20000,-20000,-20000
052620,上証2X富邦97購02,0,0,0,0,0,0,0,0,0,-20000,0,0,0,0,20000,-20000,-20000
051570,和碩富邦97購01  ,0,0,0,0,0,0,0,0,0,-20000,0,0,0,0,20000,-20000,-20000
051563,泰鼎國泰96購01  ,0,0,0,0,0,0,0,0,0,-20000,0,0,0,16000,36000,-20000,-20000
050436,大立光凱基94購18,0,0,0,0,0,0,0,0,0,-20000,0,0,0,0,20000,-20000,-20000
050444,卜蜂元大94購03  ,0,0,0,0,0,0,0,0,0,-20000,0,0,0,0,20000,-20000,-20000
050457,力成元大94購01  ,0,0,0,0,0,0,0,0,0,-20000,0,0,0,0,20000,-20000,-20000
050710,元黃金中信96購01,0,0,0,0,0,0,0,0,0,-20000,0,0,0,0,20000,-20000,-20000
051222,世紀鋼元富95購01,0,0,0,0,0,0,0,0,0,-20000,0,0,0,0,20000,-20000,-20000
053678,南亞科富邦97購01,0,0,0,0,0,0,0,0,0,-20000,0,0,0,0,20000,-20000,-20000
058788,喬山元大99購01  ,0,0,0,0,0,0,0,0,0,-20000,0,0,0,20000,40000,-20000,-20000
058809,國巨統一9B購03  ,0,0,0,0,0,0,0,0,0,-20000,0,0,0,0,20000,-20000,-20000
059007,南電元大99購05  ,0,0,0,0,0,0,0,0,0,-20000,0,0,0,0,20000,-20000,-20000
052523,奇力新元大97購01,0,0,0,0,0,0,0,0,0,-20000,0,0,0,0,20000,-20000,-20000
058847,國巨群益99購05  ,0,0,0,0,0,0,0,0,0,-20000,0,0,0,0,20000,-20000,-20000
058896,中環元大99購03  ,0,0,0,0,0,0,0,0,0,-20000,0,0,0,15000,35000,-20000,-20000
052977,奇力新麥證97購01,0,0,0,0,20000,-20000,0,0,0,-20000,0,0,0,0,20000,-20000,-20000
052996,聯電康和96購01  ,0,0,0,0,0,0,0,0,0,-20000,0,0,0,0,20000,-20000,-20000
05289P,鴻海永豐95售05  ,0,0,0,0,0,0,0,0,0,-20000,0,0,0,0,20000,-20000,-20000
053146,滬深2X元大96購08,0,0,0,0,0,0,0,0,0,-20000,0,0,0,0,20000,-20000,-20000
053112,中磊兆豐97購01  ,0,0,0,0,0,0,0,0,0,-20000,0,0,0,0,20000,-20000,-20000
05308P,台積電中信95售08,0,0,0,0,0,0,0,0,0,-20000,0,0,0,80000,100000,-20000,-20000
050173,旺宏元大96購02  ,0,0,0,0,0,0,0,0,0,-20000,0,0,0,0,20000,-20000,-20000
050332,鴻海國泰96購05  ,0,0,0,0,0,0,0,0,0,-20000,0,0,0,240000,260000,-20000,-20000
052339,光寶科凱基95購01,0,0,0,0,0,0,0,0,0,-20000,0,0,0,0,20000,-20000,-20000
052747,京鼎元大97購01  ,0,0,0,0,0,0,0,0,0,-20000,0,0,0,0,20000,-20000,-20000
059414,台灣50元大9A購02,0,0,0,0,0,0,0,0,0,-20000,0,0,0,0,20000,-20000,-20000
059378,台光電群益9B購01,0,0,0,0,0,0,0,0,0,-20000,0,0,0,0,20000,-20000,-20000
059426,鴻海元大99購31  ,0,0,0,0,0,0,0,0,0,-20000,0,0,0,50000,70000,-20000,-20000
06138P,台積電中信99售01,0,0,0,0,0,0,0,0,0,-20000,0,0,0,0,20000,-20000,-20000
059201,祥碩永豐99購02  ,0,0,0,0,0,0,0,0,0,-20000,0,0,0,284000,304000,-20000,-20000
06864P,健策凱基98售01  ,0,0,0,0,0,0,0,0,0,-20000,0,0,0,0,20000,-20000,-20000
07161P,臺股指群益99售12,0,0,0,0,0,0,0,0,0,-20000,0,0,0,553000,573000,-20000,-20000
07075P,FBVIX凱基9C售04 ,0,0,0,0,0,0,0,0,0,-20000,0,0,0,0,20000,-20000,-20000
2493,揚博            ,60000,80000,-20000,0,0,0,0,0,0,0,0,0,0,0,0,0,-20000
2516,新建            ,11000,31000,-20000,0,0,0,0,0,0,0,0,0,0,0,0,0,-20000
2433,互盛電          ,41000,61000,-20000,0,0,0,0,0,0,0,0,0,0,0,0,0,-20000
1104,環泥            ,91000,108000,-17000,0,0,0,0,3000,-3000,0,1000,1000,0,0,0,0,-20000
07246P,旺宏凱基99售08  ,0,0,0,0,0,0,0,0,0,-20000,0,0,0,0,20000,-20000,-20000
1725,元禎            ,0,20000,-20000,0,0,0,0,0,0,0,0,0,0,0,0,0,-20000
8497,格威傳媒        ,19000,39000,-20000,0,0,0,0,0,0,0,0,0,0,0,0,0,-20000
2887F,台新戊特二      ,0,0,0,0,0,0,0,0,0,-20000,0,20000,-20000,0,0,0,-20000
058586,鴻海中信01購02  ,0,0,0,0,0,0,0,0,0,-21000,0,0,0,23000,44000,-21000,-21000
05609P,國泰金凱基96售01,0,0,0,0,0,0,0,0,0,-21000,0,0,0,105000,126000,-21000,-21000
057238,群創凱基9B購03  ,0,0,0,0,0,0,0,0,0,-21000,0,0,0,0,21000,-21000,-21000
05696P,南亞科凱基96售01,0,0,0,0,0,0,0,0,0,-21000,0,0,0,45000,66000,-21000,-21000
059031,元石油中信03購01,0,0,0,0,0,0,0,0,0,-21000,0,0,0,0,21000,-21000,-21000
059147,矽創國票99購01  ,0,0,0,0,0,0,0,0,0,-21000,0,0,0,2000,23000,-21000,-21000
059264,台光電中信99購02,0,0,0,0,0,0,0,0,0,-21000,0,0,0,0,21000,-21000,-21000
052802,華新科元大97購02,0,0,0,0,0,0,0,0,0,-21000,0,0,0,0,21000,-21000,-21000
058824,晶技富邦9A購01  ,0,0,0,0,0,0,0,0,0,-21000,0,0,0,0,21000,-21000,-21000
00645,富邦日本        ,0,0,0,0,0,0,0,0,0,-21000,0,0,0,110000,131000,-21000,-21000
048901,矽格國泰95購01  ,0,0,0,0,0,0,0,0,0,-21000,0,0,0,150000,171000,-21000,-21000
8482,商億-KY         ,4000,25000,-21000,0,0,0,0,0,0,0,0,0,0,0,0,0,-21000
07169P,臺股指國票99售06,0,0,0,0,0,0,0,0,0,-21000,0,0,0,0,21000,-21000,-21000
08966P,臺指反元大04售07,0,0,0,0,0,0,0,0,0,-21000,0,0,0,0,21000,-21000,-21000
2355,敬鵬            ,570000,573000,-3000,0,0,0,0,0,0,-18000,16000,34000,-18000,1000,1000,0,-21000
07115P,T50反1日盛9C售02,0,0,0,0,0,0,0,0,0,-21000,0,0,0,2400000,2421000,-21000,-21000
06868P,電子類元大99售01,0,0,0,0,0,0,0,0,0,-21000,0,0,0,2000,23000,-21000,-21000
06931P,大立光元大98售20,0,0,0,0,0,0,0,0,0,-21000,0,0,0,0,21000,-21000,-21000
059373,滬深2X群益01購03,0,0,0,0,0,0,0,0,0,-21000,0,0,0,0,21000,-21000,-21000
059323,新日興元大99購02,0,0,0,0,0,0,0,0,0,-22000,0,0,0,0,22000,-22000,-22000
059161,鴻海凱基9A購09  ,0,0,0,0,0,0,0,0,0,-22000,0,0,0,43000,65000,-22000,-22000
054266,緯穎元大96購07  ,0,0,0,0,0,0,0,0,0,-22000,0,0,0,20000,42000,-22000,-22000
05555P,健策群益98售01  ,0,0,0,0,0,0,0,0,0,-22000,0,0,0,1000,23000,-22000,-22000
055480,元上證元大97購02,0,0,0,0,0,0,0,0,0,-22000,0,0,0,0,22000,-22000,-22000
058458,牧德永豐9A購01  ,0,0,0,0,0,0,0,0,0,-22000,0,0,0,0,22000,-22000,-22000
058391,T50反1元大99購02,0,0,0,0,0,0,0,0,0,-22000,0,0,0,240000,262000,-22000,-22000
056576,晶技元大99購02  ,0,0,0,0,0,0,0,0,0,-22000,0,0,0,0,22000,-22000,-22000
054971,帆宣元大97購02  ,0,0,0,0,0,0,0,0,0,-22000,0,0,0,0,22000,-22000,-22000
054360,智邦凱基96購03  ,0,0,0,0,0,0,0,0,0,-22000,0,0,0,0,22000,-22000,-22000
057487,聯發科元大98購10,0,0,0,0,0,0,0,0,0,-22000,0,0,0,18000,40000,-22000,-22000
057548,微星凱基99購01  ,0,0,0,0,0,0,0,0,0,-22000,0,0,0,8000,30000,-22000,-22000
049139,台積電元大94購06,0,0,0,0,0,0,0,0,0,-22000,0,0,0,0,22000,-22000,-22000
00733,富邦臺灣中小    ,0,0,0,0,0,0,0,0,0,-22000,0,0,0,214000,236000,-22000,-22000
00689R,國泰20年美債反1 ,0,0,0,0,0,0,0,0,0,-22000,0,0,0,118000,140000,-22000,-22000
051840,康友國泰97購02  ,0,0,0,0,0,0,0,0,0,-22000,0,0,0,6000,28000,-22000,-22000
04794P,友達元大96售03  ,0,0,0,0,0,0,0,0,0,-22000,0,0,0,8000,30000,-22000,-22000
058998,鴻海元大99購22  ,0,0,0,0,0,0,0,0,0,-22000,0,0,0,0,22000,-22000,-22000
052903,致茂國票97購01  ,0,0,0,0,0,0,0,0,0,-22000,0,0,0,0,22000,-22000,-22000
053029,國巨第一96購01  ,0,0,0,0,0,0,0,0,0,-22000,0,0,0,0,22000,-22000,-22000
059196,聯發科永豐99購02,0,0,0,0,0,0,0,0,0,-22000,0,0,0,132000,154000,-22000,-22000
06739P,聯詠兆豐98售02  ,10000,0,10000,0,0,0,0,0,0,-32000,0,0,0,28000,60000,-32000,-22000
1524,耿鼎            ,6000,27000,-21000,0,0,0,0,0,0,-1000,0,1000,-1000,0,0,0,-22000
056454,欣興凱基98購02  ,0,0,0,0,0,0,0,0,0,-23000,0,0,0,0,23000,-23000,-23000
057093,臻鼎元富98購02  ,0,0,0,0,0,0,0,0,0,-23000,0,0,0,0,23000,-23000,-23000
05807P,泰鼎永豐96售03  ,10000,0,10000,0,0,0,0,0,0,-33000,0,0,0,22000,55000,-33000,-23000
055533,大立光群益97購03,0,0,0,0,0,0,0,0,0,-23000,0,0,0,12000,35000,-23000,-23000
059212,鴻海元大99購28  ,0,0,0,0,0,0,0,0,0,-23000,0,0,0,156000,179000,-23000,-23000
059213,國巨元大99購19  ,0,0,0,0,0,0,0,0,0,-23000,0,0,0,57000,80000,-23000,-23000
05922P,京元電兆豐96售01,0,0,0,0,0,0,0,0,0,-23000,0,0,0,5000,28000,-23000,-23000
046944,奇力新元大96購01,0,0,0,0,0,0,0,0,0,-23000,0,0,0,71000,94000,-23000,-23000
051937,廣達群益95購01  ,0,0,0,0,0,0,0,0,0,-23000,0,0,0,0,23000,-23000,-23000
04640P,上銀凱基94售05  ,0,0,0,0,0,0,0,0,0,-23000,0,0,0,0,23000,-23000,-23000
1437,勤益控          ,21000,44000,-23000,0,0,0,0,0,0,0,0,0,0,0,0,0,-23000
07127P,精元元大99售01  ,0,0,0,0,0,0,0,0,0,-23000,0,0,0,7000,30000,-23000,-23000
3494,誠研            ,0,23000,-23000,0,0,0,0,0,0,0,0,0,0,0,0,0,-23000
059230,滬深2X國票9B購02,0,0,0,0,0,0,0,0,0,-24000,0,0,0,16000,40000,-24000,-24000
059318,旺宏元大99購13  ,0,0,0,0,0,0,0,0,0,-24000,0,0,0,15000,39000,-24000,-24000
054163,燿華凱基97購02  ,0,0,0,0,0,0,0,0,0,-24000,0,0,0,0,24000,-24000,-24000
055620,樺漢國票98購01  ,0,0,0,0,0,0,0,0,0,-24000,0,0,0,0,24000,-24000,-24000
05622P,台積電中信96售02,0,0,0,0,0,0,0,0,0,-24000,0,0,0,130000,154000,-24000,-24000
055075,南電永豐97購01  ,0,0,0,0,0,0,0,0,0,-24000,0,0,0,0,24000,-24000,-24000
055424,聚陽群益98購01  ,0,0,0,0,0,0,0,0,0,-24000,0,0,0,0,24000,-24000,-24000
054921,文曄凱基97購01  ,0,0,0,0,0,0,0,0,0,-24000,0,0,0,0,24000,-24000,-24000
04602P,聯詠凱基94售02  ,0,0,0,0,0,0,0,0,0,-24000,0,0,0,0,24000,-24000,-24000
051641,矽創國票96購01  ,0,0,0,0,0,0,0,0,0,-24000,0,0,0,0,24000,-24000,-24000
03025X,元展22          ,0,0,0,0,0,0,0,0,0,-24000,0,0,0,0,24000,-24000,-24000
044247,道瓊反元富97購01,0,0,0,0,0,0,0,0,0,-24000,0,0,0,4000,28000,-24000,-24000
052775,滬深2X國票99購02,0,0,0,0,0,0,0,0,0,-24000,0,0,0,0,24000,-24000,-24000
3024,憶聲            ,18000,42000,-24000,0,0,0,0,0,0,0,0,0,0,0,0,0,-24000
6281,全國電          ,6000,30000,-24000,0,0,0,0,0,0,0,0,0,0,0,0,0,-24000
06028P,智邦台新97售01  ,0,0,0,0,0,0,0,0,0,-24000,0,0,0,235000,259000,-24000,-24000
2017,官田鋼          ,23000,47000,-24000,0,0,0,0,0,0,0,0,0,0,0,0,0,-24000
5871,中租-KY         ,7128061,7151046,-22985,0,0,0,149000,148801,199,-2000,49000,42000,7000,0,9000,-9000,-24786
054375,貿聯中信99購01  ,0,0,0,0,0,0,0,0,0,-25000,0,0,0,0,25000,-25000,-25000
056194,聯發科富邦9B購01,0,0,0,0,0,0,0,0,0,-25000,0,0,0,0,25000,-25000,-25000
057000,亞德客國票99購01,0,0,0,0,0,0,0,0,0,-25000,0,0,0,0,25000,-25000,-25000
054578,世芯元大99購01  ,0,0,0,0,0,0,0,0,0,-25000,0,0,0,5000,30000,-25000,-25000
052428,嘉晶永豐95購01  ,0,0,0,0,0,0,0,0,0,-25000,0,0,0,10000,35000,-25000,-25000
050220,台積電元富96購01,0,0,0,0,0,0,0,0,0,-25000,0,0,0,0,25000,-25000,-25000
053192,創意統一96購01  ,0,0,0,0,0,0,0,0,0,-25000,0,0,0,0,25000,-25000,-25000
058797,大毅元大99購03  ,0,0,0,0,0,0,0,0,0,-25000,0,0,0,0,25000,-25000,-25000
058744,FBVIX凱基9C購03 ,0,0,0,0,0,0,0,0,0,-25000,0,0,0,1000,26000,-25000,-25000
051271,華新科群益95購04,0,0,0,0,0,0,0,0,0,-25000,0,0,0,0,25000,-25000,-25000
0052,富邦科技        ,12000,25000,-13000,0,0,0,0,0,0,-12000,0,0,0,133000,145000,-12000,-25000
048273,南電富邦97購01  ,0,0,0,0,0,0,0,0,0,-25000,0,0,0,10000,35000,-25000,-25000
04759P,台積電凱基94售27,0,0,0,0,0,0,0,0,0,-25000,0,0,0,5000,30000,-25000,-25000
4137,麗豐-KY         ,125000,149000,-24000,0,0,0,0,0,0,-1000,0,0,0,1000,2000,-1000,-25000
1449,佳和            ,4000,28000,-24000,0,0,0,0,0,0,-1000,0,1000,-1000,0,0,0,-25000
1225,福懋油          ,4000,27000,-23000,0,0,0,0,0,0,-2000,0,2000,-2000,0,0,0,-25000
059428,國巨元大99購25  ,0,0,0,0,0,0,0,0,0,-25000,0,0,0,0,25000,-25000,-25000
059330,台灣50國票99購10,0,0,0,0,0,0,0,0,0,-26000,0,0,0,2000,28000,-26000,-26000
059357,華通永豐99購01  ,0,0,0,0,0,0,0,0,0,-26000,0,0,0,64000,90000,-26000,-26000
048190,道瓊反元大96購02,0,0,0,0,0,0,0,0,0,-26000,0,0,0,0,26000,-26000,-26000
049723,緯穎凱基94購04  ,0,0,0,0,0,0,0,0,0,-26000,0,0,0,10000,36000,-26000,-26000
058862,聯發科凱基99購08,0,0,0,0,0,0,0,0,0,-26000,0,0,0,0,26000,-26000,-26000
05292P,台積電凱基95售16,0,0,0,0,0,0,0,0,0,-26000,0,0,0,0,26000,-26000,-26000
07163P,臺股指群益99售14,0,0,0,0,0,0,0,0,0,-26000,0,0,0,0,26000,-26000,-26000
07148P,富邦金元大99售01,0,0,0,0,0,0,0,0,0,-26000,0,0,0,1000,27000,-26000,-26000
2397,友通            ,18000,44000,-26000,0,0,0,0,0,0,0,0,0,0,0,0,0,-26000
6152,百一            ,1000,27000,-26000,0,0,0,0,0,0,0,0,0,0,0,0,0,-26000
05419P,矽力永豐95售02  ,0,0,0,0,0,0,0,0,0,-27000,0,0,0,0,27000,-27000,-27000
057690,美律凱基99購03  ,0,0,0,0,0,0,0,0,0,-27000,0,0,0,32000,59000,-27000,-27000
056147,鴻海日盛97購05  ,0,0,0,0,0,0,0,0,0,-27000,0,0,0,0,27000,-27000,-27000
058683,可成凱基9A購01  ,0,0,0,0,0,0,0,0,0,-27000,0,0,0,10000,37000,-27000,-27000
053880,智邦中信96購01  ,0,0,0,0,0,0,0,0,0,-27000,0,0,0,0,27000,-27000,-27000
03996P,旺宏國泰95售01  ,0,0,0,0,0,0,0,0,0,-27000,0,0,0,13000,40000,-27000,-27000
00731,FH富時高息低波  ,3000,3000,0,0,0,0,0,150000,-150000,123000,0,0,0,211000,88000,123000,-27000
6115,鎰勝            ,26000,48000,-22000,0,0,0,0,0,0,-5000,0,5000,-5000,0,0,0,-27000
4571,鈞興-KY         ,33000,0,33000,0,0,0,0,0,0,-60000,0,60000,-60000,0,0,0,-27000
07098P,台積電元大99售18,0,0,0,0,0,0,0,0,0,-27000,0,0,0,55000,82000,-27000,-27000
059455,玉晶光永豐99購05,0,0,0,0,0,0,0,0,0,-27000,0,0,0,19000,46000,-27000,-27000
057132,華新科凱基98購05,0,0,0,0,0,0,0,0,0,-28000,0,0,0,0,28000,-28000,-28000
059273,臺指反元大9C購03,0,2000,-2000,0,0,0,0,0,0,-26000,0,0,0,33000,59000,-26000,-28000
058390,樺漢國票9A購01  ,0,0,0,0,0,0,0,0,0,-28000,0,0,0,0,28000,-28000,-28000
047211,華新科富邦99購01,0,0,0,0,0,0,0,0,0,-28000,0,0,0,2000,30000,-28000,-28000
05177P,台積電凱基95售12,0,0,0,0,0,0,0,0,0,-28000,0,0,0,0,28000,-28000,-28000
053500,新日興兆豐97購01,0,0,0,0,0,0,0,0,0,-28000,0,0,0,30000,58000,-28000,-28000
050695,台積電凱基94購40,0,0,0,0,0,0,0,0,0,-28000,0,0,0,30000,58000,-28000,-28000
049986,嘉澤凱基94購02  ,0,0,0,0,0,0,0,0,0,-28000,0,0,0,0,28000,-28000,-28000
052102,台泥兆豐96購01  ,0,0,0,0,0,0,0,0,0,-28000,0,0,0,0,28000,-28000,-28000
05888P,友達元大97售01  ,0,0,0,0,0,0,0,0,0,-28000,0,0,0,0,28000,-28000,-28000
06154P,超眾元大98售01  ,0,0,0,0,0,0,0,0,0,-28000,0,0,0,46000,74000,-28000,-28000
06855P,聯發科富邦9A售01,0,0,0,0,0,0,0,0,0,-28000,0,0,0,9000,37000,-28000,-28000
4141,龍燈-KY         ,31000,61000,-30000,0,0,0,0,0,0,2000,3000,1000,2000,0,0,0,-28000
1802,台玻            ,617000,603250,13750,0,0,0,0,8318,-8318,-34000,0,34000,-34000,0,0,0,-28568
059298,大立光元富9C購02,0,0,0,0,0,0,0,0,0,-29000,0,0,0,4000,33000,-29000,-29000
059084,鴻海元大99購24  ,0,0,0,0,0,0,0,0,0,-29000,0,0,0,214000,243000,-29000,-29000
057367,技嘉元大98購02  ,0,0,0,0,0,0,0,0,0,-29000,0,0,0,1000,30000,-29000,-29000
05528P,臺股指群益96售01,0,0,0,0,0,0,0,0,0,-29000,0,0,0,13000,42000,-29000,-29000
05246P,南電元大95售04  ,0,0,0,0,0,0,0,0,0,-29000,0,0,0,165000,194000,-29000,-29000
052969,建準群益97購01  ,0,0,0,0,0,0,0,0,0,-29000,0,0,0,21000,50000,-29000,-29000
04288P,台積電中信95售06,0,0,0,0,0,0,0,0,0,-29000,0,0,0,50000,79000,-29000,-29000
07221P,臺股指中信9B售04,0,0,0,0,0,0,0,0,0,-29000,0,0,0,28000,57000,-29000,-29000
9908,大台北          ,35000,54000,-19000,0,0,0,0,0,0,-10000,0,10000,-10000,0,0,0,-29000
055218,彩晶凱基99購01  ,0,0,0,0,0,0,0,0,0,-30000,0,0,0,0,30000,-30000,-30000
054370,台積電中信9A購01,0,0,0,0,0,0,0,0,0,-30000,0,0,0,40000,70000,-30000,-30000
054367,鴻海中信98購03  ,0,20000,-20000,0,0,0,0,0,0,-10000,0,0,0,0,10000,-10000,-30000
054428,禾伸堂富邦98購01,0,0,0,0,0,0,0,0,0,-30000,0,0,0,0,30000,-30000,-30000
054999,玉晶光元富97購03,0,0,0,0,0,0,0,0,0,-30000,0,0,0,0,30000,-30000,-30000
054987,凱美元富97購01  ,0,0,0,0,0,0,0,0,0,-30000,0,0,0,0,30000,-30000,-30000
054874,帆宣群益99購02  ,0,0,0,0,0,0,0,0,0,-30000,0,0,0,0,30000,-30000,-30000
057433,上銀國票98購04  ,0,0,0,0,0,0,0,0,0,-30000,0,0,0,0,30000,-30000,-30000
057668,華新科元大9A購01,0,0,0,0,0,0,0,0,0,-30000,0,0,0,0,30000,-30000,-30000
057011,日月光中信99購01,0,0,0,0,0,0,0,0,0,-30000,0,0,0,0,30000,-30000,-30000
056304,創意元大97購03  ,0,0,0,0,0,0,0,0,0,-30000,0,0,0,0,30000,-30000,-30000
056387,智伸科國泰99購01,0,0,0,0,0,0,0,0,0,-30000,0,0,0,0,30000,-30000,-30000
055773,瑞昱凱基97購03  ,0,0,0,0,0,0,0,0,0,-30000,0,0,0,0,30000,-30000,-30000
056330,玉晶光國票99購03,0,0,0,0,0,0,0,0,0,-30000,0,0,0,0,30000,-30000,-30000
056342,中工凱基98購01  ,0,0,0,0,0,0,0,0,0,-30000,0,0,0,0,30000,-30000,-30000
057574,中磊永豐98購01  ,0,0,0,0,0,0,0,0,0,-30000,0,0,0,0,30000,-30000,-30000
056598,京元電元富98購01,0,0,0,0,0,0,0,0,0,-30000,0,0,0,0,30000,-30000,-30000
057660,訊芯兆豐98購02  ,0,0,0,0,0,0,0,0,0,-30000,0,0,0,0,30000,-30000,-30000
059070,道瓊指元大99購02,0,0,0,0,0,0,0,0,0,-30000,0,0,0,0,30000,-30000,-30000
059069,臺指反元大9C購01,0,0,0,0,0,0,0,0,0,-30000,0,0,0,0,30000,-30000,-30000
059051,和大凱基9A購01  ,0,0,0,0,0,0,0,0,0,-30000,0,0,0,0,30000,-30000,-30000
054456,華泰群益99購01  ,0,0,0,0,0,0,0,0,0,-30000,0,0,0,0,30000,-30000,-30000
059327,南茂元大99購01  ,0,0,0,0,0,0,0,0,0,-30000,0,0,0,0,30000,-30000,-30000
059324,智易元大99購04  ,0,0,0,0,0,0,0,0,0,-30000,0,0,0,20000,50000,-30000,-30000
059321,欣興元大99購07  ,0,0,0,0,0,0,0,0,0,-30000,0,0,0,2000,32000,-30000,-30000
059322,晶技元大99購06  ,0,0,0,0,0,0,0,0,0,-30000,0,0,0,1000,31000,-30000,-30000
057914,日月光日盛9A購01,0,0,0,0,0,0,0,0,0,-30000,0,0,0,20000,50000,-30000,-30000
05818P,大立光凱基96售14,0,0,0,0,0,0,0,0,0,-30000,0,0,0,10000,40000,-30000,-30000
058170,國巨凱基9A購06  ,0,0,0,0,0,0,0,0,0,-30000,0,0,0,0,30000,-30000,-30000
054077,中石化中信98購01,0,0,0,0,0,0,0,0,0,-30000,0,0,0,0,30000,-30000,-30000
055661,亞德客中信98購01,0,0,0,0,0,0,0,0,0,-30000,0,0,0,0,30000,-30000,-30000
05566P,景碩永豐96售01  ,0,0,0,0,0,0,0,0,0,-30000,0,0,0,0,30000,-30000,-30000
055570,華通統一98購03  ,0,0,0,0,0,0,0,0,0,-30000,0,0,0,0,30000,-30000,-30000
058035,旭富永豐98購02  ,0,0,0,0,0,0,0,0,0,-30000,0,0,0,0,30000,-30000,-30000
03708P,鴻海亞東93售01  ,0,0,0,0,0,0,0,0,0,-30000,0,0,0,610000,640000,-30000,-30000
04365P,台積電元富95售02,0,0,0,0,0,0,0,0,0,-30000,0,0,0,55000,85000,-30000,-30000
04364P,台積電元富94售03,0,0,0,0,0,0,0,0,0,-30000,0,0,0,0,30000,-30000,-30000
051962,晶相光永豐95購02,0,0,0,0,0,0,0,0,0,-30000,0,0,0,0,30000,-30000,-30000
046064,中工凱基94購01  ,0,0,0,0,0,0,0,0,0,-30000,0,0,0,0,30000,-30000,-30000
04561P,台積電凱基94售17,0,0,0,0,0,0,0,0,0,-30000,0,0,0,0,30000,-30000,-30000
049835,緯穎凱基94購05  ,0,0,0,0,0,0,0,0,0,-30000,0,0,0,0,30000,-30000,-30000
048623,世紀鋼凱基94購03,0,0,0,0,0,0,0,0,0,-30000,0,0,0,0,30000,-30000,-30000
048010,嘉聯益富邦97購01,0,0,0,0,0,0,0,0,0,-30000,0,0,0,0,30000,-30000,-30000
058873,美律國票9A購02  ,0,0,0,0,0,0,0,0,0,-30000,0,0,0,0,30000,-30000,-30000
058934,台灣50中信03購03,90000,0,90000,0,0,0,0,0,0,-120000,0,0,0,0,120000,-120000,-30000
053798,台積電中信98購02,0,0,0,0,0,0,0,0,0,-30000,0,0,0,0,30000,-30000,-30000
050054,緯穎群益94購04  ,0,0,0,0,0,0,0,0,0,-30000,0,0,0,20000,50000,-30000,-30000
053966,旺宏元大96購08  ,0,0,0,0,0,0,0,0,0,-30000,0,0,0,0,30000,-30000,-30000
051568,智邦富邦95購01  ,0,0,0,0,0,0,0,0,0,-30000,0,0,0,0,30000,-30000,-30000
05136P,台積電凱基95售08,0,0,0,0,0,0,0,0,0,-30000,0,0,0,0,30000,-30000,-30000
052189,玉晶光群益96購06,0,0,0,0,0,0,0,0,0,-30000,0,0,0,10000,40000,-30000,-30000
06509P,鴻海群益98售03  ,0,0,0,0,0,0,0,0,0,-30000,0,0,0,3000,33000,-30000,-30000
06510P,燿華永豐98售03  ,0,0,0,0,0,0,0,0,0,-30000,0,0,0,0,30000,-30000,-30000
07039P,南電台新99售01  ,0,0,0,0,0,0,0,0,0,-30000,0,0,0,10000,40000,-30000,-30000
06965P,台積電台新99售02,0,0,0,0,0,0,0,0,0,-30000,0,0,0,90000,120000,-30000,-30000
054299,南電元大96購03  ,0,0,0,0,0,0,0,0,0,-31000,0,0,0,0,31000,-31000,-31000
053765,智邦富邦96購01  ,0,0,0,0,0,0,0,0,0,-31000,0,0,0,0,31000,-31000,-31000
04290P,滬深2X富邦96售03,0,0,0,0,0,0,0,0,0,-31000,0,0,0,0,31000,-31000,-31000
07138P,台灣50群益9B售04,0,0,0,0,0,0,0,0,0,-31000,0,0,0,8000,39000,-31000,-31000
06358P,力成中信97售02  ,0,0,0,0,0,0,0,0,0,-31000,0,0,0,5000,36000,-31000,-31000
07217P,大立光凱基9A售05,0,0,0,0,0,0,0,0,0,-31000,0,0,0,12000,43000,-31000,-31000
1451,年興            ,42000,68000,-26000,0,0,0,0,0,0,-5000,0,5000,-5000,0,0,0,-31000
2363,矽統            ,0,31000,-31000,0,0,0,0,0,0,0,0,0,0,0,0,0,-31000
5607,遠雄港          ,197000,228000,-31000,0,0,0,0,0,0,0,0,0,0,0,0,0,-31000
2392,正崴            ,734000,586000,148000,0,0,0,0,198619,-198619,19000,26000,12000,14000,5000,0,5000,-31619
058266,宏達電永豐99購01,0,0,0,0,0,0,0,0,0,-32000,0,0,0,39000,71000,-32000,-32000
055289,泰碩元大98購01  ,0,0,0,0,0,0,0,0,0,-32000,0,0,0,61000,93000,-32000,-32000
050553,緯穎凱基94購06  ,0,0,0,0,0,0,0,0,0,-32000,0,0,0,0,32000,-32000,-32000
051531,國巨國票96購04  ,0,0,0,0,0,0,0,0,0,-32000,0,0,0,0,32000,-32000,-32000
055017,緯穎元富97購01  ,0,0,0,0,0,0,0,0,0,-32000,0,0,0,0,32000,-32000,-32000
06326P,鴻海中信01售01  ,0,0,0,0,0,0,0,0,0,-32000,0,0,0,18000,50000,-32000,-32000
07139P,元油2X群益9C售06,0,0,0,0,0,0,0,0,0,-32000,0,0,0,0,32000,-32000,-32000
3055,蔚華科          ,117000,149000,-32000,0,0,0,0,0,0,0,0,0,0,0,0,0,-32000
057537,聯茂元大98購04  ,0,0,0,0,0,0,0,0,0,-33000,0,0,0,0,33000,-33000,-33000
055925,上銀群益97購01  ,0,0,0,0,0,0,0,0,0,-33000,0,0,0,0,33000,-33000,-33000
056594,台積電元富98購03,0,0,0,0,0,0,0,0,0,-33000,0,0,0,0,33000,-33000,-33000
05577P,上銀凱基96售02  ,0,0,0,0,0,0,0,0,0,-33000,0,0,0,2000,35000,-33000,-33000
056310,神達元大97購02  ,0,0,0,0,0,0,0,0,0,-33000,0,0,0,0,33000,-33000,-33000
057368,微星元大98購02  ,0,0,0,0,0,0,0,0,0,-33000,0,0,0,0,33000,-33000,-33000
058348,台表科群益99購01,0,0,0,0,0,0,0,0,0,-33000,0,0,0,0,33000,-33000,-33000
04934P,鴻海中信94售05  ,0,0,0,0,0,0,0,0,0,-33000,0,0,0,149000,182000,-33000,-33000
06204P,鴻海群益97售04  ,0,0,0,0,0,0,0,0,0,-33000,0,0,0,66000,99000,-33000,-33000
8341,日友            ,229000,258000,-29000,0,0,0,0,216,-216,-4000,0,4000,-4000,0,0,0,-33216
6177,達麗            ,62595,97000,-34405,0,0,0,0,0,0,1000,1000,0,1000,0,0,0,-33405
055104,台達電凱基98購01,0,0,0,0,0,0,0,0,0,-34000,0,0,0,0,34000,-34000,-34000
049759,元黃金富邦9A購01,0,0,0,0,0,0,0,0,0,-34000,0,0,0,2000,36000,-34000,-34000
04693P,超眾群益95售01  ,0,0,0,0,0,0,0,0,0,-34000,0,0,0,336000,370000,-34000,-34000
05535P,台積電元大97售06,0,0,0,0,0,0,0,0,0,-35000,0,0,0,12000,47000,-35000,-35000
056584,鴻海統一9B購01  ,0,0,0,0,0,0,0,0,0,-35000,0,0,0,5000,40000,-35000,-35000
054697,凌華永豐97購01  ,1000,0,1000,0,0,0,0,0,0,-36000,0,0,0,40000,76000,-36000,-35000
053371,滬深2X元大99購01,0,0,0,0,0,0,0,0,0,-35000,0,0,0,20000,55000,-35000,-35000
05242P,群創國泰97售01  ,0,0,0,0,0,0,0,0,0,-35000,0,0,0,5000,40000,-35000,-35000
05100P,智邦凱基95售02  ,0,0,0,0,0,0,0,0,0,-35000,0,0,0,0,35000,-35000,-35000
053806,鎧勝凱基96購02  ,0,0,0,0,0,0,0,0,0,-35000,0,0,0,10000,45000,-35000,-35000
050893,鴻海元大96購03  ,0,0,0,0,0,0,0,0,0,-35000,0,0,0,0,35000,-35000,-35000
052020,聯茂永豐95購02  ,0,0,0,0,0,0,0,0,0,-35000,0,0,0,15000,50000,-35000,-35000
3686,達能            ,0,35000,-35000,0,0,0,0,0,0,0,0,0,0,0,0,0,-35000
4739,康普            ,12000,44000,-32000,0,0,0,0,0,0,-3000,0,3000,-3000,0,0,0,-35000
05965P,健策凱基96售05  ,0,0,0,0,0,0,0,0,0,-35000,0,0,0,0,35000,-35000,-35000
05999P,世芯元大96售01  ,0,0,0,0,0,0,0,0,0,-35000,0,0,0,140000,175000,-35000,-35000
059375,道瓊反群益9C購02,0,0,0,0,0,0,0,0,0,-35000,0,0,0,0,35000,-35000,-35000
06987P,鴻海元富99售08  ,0,0,0,0,0,0,0,0,0,-35000,0,0,0,223000,258000,-35000,-35000
06802P,緯穎群益98售03  ,0,0,0,0,0,0,0,0,0,-35000,0,0,0,40000,75000,-35000,-35000
054514,道瓊銀元大98購01,0,0,0,0,0,0,0,0,0,-36000,0,0,0,0,36000,-36000,-36000
058263,大成鋼永豐99購01,0,0,0,0,0,0,0,0,0,-36000,0,0,0,0,36000,-36000,-36000
055831,台達電元大97購01,0,0,0,0,0,0,0,0,0,-36000,0,0,0,15000,51000,-36000,-36000
05751P,台積電中信96售05,0,0,0,0,0,0,0,0,0,-36000,0,0,0,105000,141000,-36000,-36000
051403,玉晶光永豐95購05,0,0,0,0,0,0,0,0,0,-36000,0,0,0,0,36000,-36000,-36000
050261,國巨元大95購04  ,0,0,0,0,0,0,0,0,0,-36000,0,0,0,0,36000,-36000,-36000
04751P,智邦兆豐95售02  ,0,0,0,0,0,0,0,0,0,-36000,0,0,0,189000,225000,-36000,-36000
00702,國泰標普低波高息,0,0,0,0,0,0,0,0,0,-36000,0,0,0,207000,243000,-36000,-36000
07011P,宏達電凱基99售02,0,0,0,0,0,0,0,0,0,-36000,0,0,0,11000,47000,-36000,-36000
059401,牧德元富99購01  ,0,0,0,0,0,0,0,0,0,-36000,0,0,0,0,36000,-36000,-36000
1537,廣隆            ,127000,77000,50000,0,0,0,0,3000,-3000,-83000,0,83000,-83000,0,0,0,-36000
07215P,大立光凱基99售07,0,0,0,0,0,0,0,0,0,-36000,0,0,0,73000,109000,-36000,-36000
07212P,聯發科凱基99售14,0,0,0,0,0,0,0,0,0,-36000,0,0,0,0,36000,-36000,-36000
1325,恆大            ,38000,74000,-36000,0,0,0,0,0,0,0,0,0,0,0,0,0,-36000
057482,微星元大98購03  ,0,0,0,0,0,0,0,0,0,-37000,0,0,0,0,37000,-37000,-37000
056350,上銀元大98購02  ,0,0,0,0,0,0,0,0,0,-37000,0,0,0,0,37000,-37000,-37000
056659,泰碩元大99購01  ,0,0,0,0,0,0,0,0,0,-37000,0,0,0,25000,62000,-37000,-37000
055718,可成元大97購02  ,0,0,0,0,0,0,0,0,0,-37000,0,0,0,0,37000,-37000,-37000
056847,佐登元富98購01  ,0,0,0,0,0,0,0,0,0,-37000,0,0,0,0,37000,-37000,-37000
056908,牧德元大99購03  ,0,0,0,0,0,0,0,0,0,-37000,0,0,0,0,37000,-37000,-37000
059126,臺指反中信9B購01,0,0,0,0,0,0,0,0,0,-37000,0,0,0,4000,41000,-37000,-37000
03050X,元展47          ,0,0,0,0,0,0,0,0,0,-37000,0,0,0,12000,49000,-37000,-37000
051831,緯穎元大96購04  ,0,0,0,0,0,0,0,0,0,-37000,0,0,0,0,37000,-37000,-37000
07224P,鴻海元大9A售02  ,0,0,0,0,0,0,0,0,0,-37000,0,0,0,10000,47000,-37000,-37000
2605,新興            ,584000,526000,58000,0,0,0,0,95000,-95000,0,0,0,0,0,0,0,-37000
057190,立積元大9A購02  ,0,0,0,0,0,0,0,0,0,-38000,0,0,0,5000,43000,-38000,-38000
055280,智邦元大97購01  ,0,0,0,0,0,0,0,0,0,-38000,0,0,0,37000,75000,-38000,-38000
056523,光寶科中信98購01,0,0,0,0,0,0,0,0,0,-38000,0,0,0,20000,58000,-38000,-38000
04546P,台積電元大94售09,0,0,0,0,0,0,0,0,0,-38000,0,0,0,45000,83000,-38000,-38000
048685,T50反1第一94購01,0,0,0,0,0,0,0,0,0,-38000,0,0,0,0,38000,-38000,-38000
04862P,台積電元大94售26,0,0,0,0,0,0,0,0,0,-38000,0,0,0,12000,50000,-38000,-38000
043585,道瓊反元大94購01,0,0,0,0,0,0,0,0,0,-38000,0,0,0,0,38000,-38000,-38000
04977P,力成凱基96售01  ,0,0,0,0,0,0,0,0,0,-38000,0,0,0,0,38000,-38000,-38000
07250P,台灣50永豐99售07,0,0,0,0,0,0,0,0,0,-38000,0,0,0,12000,50000,-38000,-38000
059188,京元電富邦9B購01,0,0,0,0,0,0,0,0,0,-38000,0,0,0,30000,68000,-38000,-38000
06903P,技嘉凱基98售04  ,0,0,0,0,0,0,0,0,0,-38000,0,0,0,0,38000,-38000,-38000
2354,鴻準            ,4368554,4376695,-8141,0,0,0,53000,6195,46805,-77000,2000,79000,-77000,0,0,0,-38336
054356,可成兆豐97購01  ,0,0,0,0,0,0,0,0,0,-39000,0,0,0,116000,155000,-39000,-39000
056335,微星凱基98購01  ,0,0,0,0,0,0,0,0,0,-39000,0,0,0,0,39000,-39000,-39000
059358,旺宏永豐99購02  ,0,0,0,0,0,0,0,0,0,-39000,0,0,0,0,39000,-39000,-39000
059241,旺宏凱基99購07  ,0,0,0,0,0,0,0,0,0,-39000,0,0,0,19000,58000,-39000,-39000
03560P,台積電兆豐03售10,0,0,0,0,0,0,0,0,0,-39000,0,0,0,10000,49000,-39000,-39000
053312,緯穎凱基96購02  ,0,0,0,0,0,0,0,0,0,-39000,0,0,0,29000,68000,-39000,-39000
053599,崇越元大96購01  ,0,0,0,0,0,0,0,0,0,-39000,0,0,0,1000,40000,-39000,-39000
07211P,南亞科凱基99售05,0,0,0,0,0,0,0,0,0,-39000,0,0,0,2000,41000,-39000,-39000
05980P,台積電永昌96售09,0,0,0,0,0,0,0,0,0,-39000,0,0,0,301000,340000,-39000,-39000
9942,茂順            ,33000,42000,-9000,0,0,0,0,30000,-30000,0,0,0,0,0,0,0,-39000
06641P,智邦兆豐99售01  ,0,0,0,0,0,0,0,0,0,-40000,0,0,0,206000,246000,-40000,-40000
06573P,台積電永昌99售02,0,0,0,0,0,0,0,0,0,-40000,0,0,0,20000,60000,-40000,-40000
054291,高鐵元大97購01  ,0,0,0,0,0,0,0,0,0,-40000,0,0,0,70000,110000,-40000,-40000
055755,禾伸堂兆豐97購02,0,0,0,0,0,0,0,0,0,-40000,0,0,0,0,40000,-40000,-40000
054504,聯鈞永豐96購01  ,0,0,0,0,0,0,0,0,0,-40000,0,0,0,0,40000,-40000,-40000
054463,瑞昱凱基97購01  ,0,0,0,0,0,0,0,0,0,-40000,0,0,0,0,40000,-40000,-40000
056773,晶技元大99購03  ,0,0,0,0,0,0,0,0,0,-40000,0,0,0,10000,50000,-40000,-40000
054122,康友永豐96購01  ,0,0,0,0,0,0,0,0,0,-40000,0,0,0,0,40000,-40000,-40000
055464,聚陽凱基97購01  ,0,0,0,0,0,0,0,0,0,-40000,0,0,0,0,40000,-40000,-40000
056328,訊芯兆豐98購01  ,0,0,0,0,0,0,0,0,0,-40000,0,0,0,0,40000,-40000,-40000
055855,牧德元大99購02  ,0,0,0,0,0,0,0,0,0,-40000,0,0,0,0,40000,-40000,-40000
057662,上銀元大9A購01  ,0,0,0,0,0,0,0,0,0,-40000,0,0,0,50000,90000,-40000,-40000
057230,建準凱基98購02  ,0,0,0,0,0,0,0,0,0,-40000,0,0,0,0,40000,-40000,-40000
057316,國巨凱基99購04  ,0,0,0,0,0,0,0,0,0,-40000,0,0,0,0,40000,-40000,-40000
057381,微星國泰9A購01  ,0,0,0,0,0,0,0,0,0,-40000,0,0,0,80000,120000,-40000,-40000
057457,華邦電富邦98購01,0,0,0,0,0,0,0,0,0,-40000,0,0,0,0,40000,-40000,-40000
056954,聯詠富邦9A購01  ,0,0,0,0,0,0,0,0,0,-40000,0,0,0,0,40000,-40000,-40000
055409,元黃金富邦01購01,0,0,0,0,0,0,0,0,0,-40000,0,0,0,0,40000,-40000,-40000
058545,義隆富邦9C購01  ,0,0,0,0,0,0,0,0,0,-40000,0,0,0,0,40000,-40000,-40000
054843,中環兆豐97購01  ,0,0,0,0,0,0,0,0,0,-40000,0,0,0,0,40000,-40000,-40000
055200,和大群益98購01  ,0,0,0,0,0,0,0,0,0,-40000,0,0,0,0,40000,-40000,-40000
055127,台虹兆豐97購01  ,0,0,0,0,0,0,0,0,0,-40000,0,0,0,22000,62000,-40000,-40000
056479,玉晶光元大99購05,0,0,0,0,0,0,0,0,0,-40000,0,0,0,0,40000,-40000,-40000
05847P,大立光元大96售08,0,0,0,0,0,0,0,0,0,-40000,0,0,0,0,40000,-40000,-40000
051233,力成群益97購01  ,0,0,0,0,0,0,0,0,0,-40000,0,0,0,0,40000,-40000,-40000
051505,台積電元富95購05,0,0,0,0,0,0,0,0,0,-40000,0,0,0,0,40000,-40000,-40000
051082,上証2X元大98購01,0,0,0,0,0,0,0,0,0,-40000,0,0,0,0,40000,-40000,-40000
051598,瑞昱兆豐95購01  ,0,0,0,0,0,0,0,0,0,-40000,0,0,0,140000,180000,-40000,-40000
05118P,超眾元大96售04  ,0,0,0,0,0,0,0,0,0,-40000,0,0,0,0,40000,-40000,-40000
052694,開發金中信98購01,0,0,0,0,0,0,0,0,0,-40000,0,0,0,0,40000,-40000,-40000
050246,大立光凱基94購13,0,0,0,0,0,0,0,0,0,-40000,0,0,0,0,40000,-40000,-40000
050309,亞泥兆豐94購01  ,0,0,0,0,0,0,0,0,0,-40000,0,0,0,0,40000,-40000,-40000
05299P,旺宏元大95售04  ,0,0,0,0,0,0,0,0,0,-40000,0,0,0,3000,43000,-40000,-40000
053245,全新國票97購01  ,0,0,0,0,0,0,0,0,0,-40000,0,0,0,0,40000,-40000,-40000
058955,台積電國票9A購04,0,0,0,0,0,0,0,0,0,-40000,0,0,0,0,40000,-40000,-40000
045877,友達元富95購01  ,0,0,0,0,0,0,0,0,0,-40000,0,0,0,0,40000,-40000,-40000
046061,中石化凱基98購01,0,0,0,0,0,0,0,0,0,-40000,0,0,0,0,40000,-40000,-40000
046220,滬深2X元大95購03,0,0,0,0,0,0,0,0,0,-40000,0,0,0,0,40000,-40000,-40000
051700,深中小群益99購04,0,0,0,0,0,0,0,0,0,-40000,0,0,0,0,40000,-40000,-40000
049056,玉晶光永豐95購03,0,0,0,0,0,0,0,0,0,-40000,0,0,0,0,40000,-40000,-40000
03047X,元展44          ,0,0,0,0,0,0,0,0,0,-40000,0,0,0,0,40000,-40000,-40000
04471P,華通元大95售03  ,0,0,0,0,0,0,0,0,0,-40000,0,0,0,0,40000,-40000,-40000
059394,臺股指凱基99購40,0,0,0,0,0,0,0,0,0,-40000,0,0,0,0,40000,-40000,-40000
05929P,宏達電康和96售01,0,0,0,0,0,0,0,0,0,-40000,0,0,0,0,40000,-40000,-40000
06234P,亞德客元大97售02,0,0,0,0,0,0,0,0,0,-40000,0,0,0,10000,50000,-40000,-40000
06948P,FBVIX元大01售02 ,0,0,0,0,0,0,0,0,0,-40000,0,0,0,0,40000,-40000,-40000
07267P,臺股指元大99售23,0,0,0,0,0,0,0,0,0,-40000,0,0,0,0,40000,-40000,-40000
058636,亞光兆豐9A購01  ,0,0,0,0,0,0,0,0,0,-41000,0,0,0,40000,81000,-41000,-41000
054900,金寶康和97購01  ,0,0,0,0,0,0,0,0,0,-41000,0,0,0,0,41000,-41000,-41000
054391,宏達電元富96購04,0,0,0,0,0,0,0,0,0,-41000,0,0,0,0,41000,-41000,-41000
059235,鴻海凱基99購08  ,0,0,0,0,0,0,0,0,0,-41000,0,0,0,2000,43000,-41000,-41000
053432,世紀鋼永豐96購02,0,0,0,0,0,0,0,0,0,-41000,0,0,0,0,41000,-41000,-41000
058733,同欣電永豐99購02,0,0,0,0,0,0,0,0,0,-41000,0,0,0,20000,61000,-41000,-41000
050503,聯發科凱基94購22,0,0,0,0,0,0,0,0,0,-41000,0,0,0,0,41000,-41000,-41000
07247P,聯發科凱基9A售06,0,0,0,0,0,0,0,0,0,-41000,0,0,0,21000,62000,-41000,-41000
07239P,台灣50國票9A售04,0,0,0,0,0,0,0,0,0,-41000,0,0,0,2000,43000,-41000,-41000
2387,精元            ,849000,775000,74000,0,0,0,0,116000,-116000,1000,0,1000,-1000,12000,10000,2000,-41000
057535,泰鼎元大99購01  ,0,0,0,0,0,0,0,0,0,-42000,0,0,0,31000,73000,-42000,-42000
057556,智易凱基99購01  ,0,0,0,0,0,0,0,0,0,-42000,0,0,0,0,42000,-42000,-42000
057142,力成兆豐98購01  ,0,0,0,0,0,0,0,0,0,-42000,0,0,0,0,42000,-42000,-42000
052736,T50反1元大96購05,0,0,0,0,0,0,0,0,0,-42000,0,0,0,12000,54000,-42000,-42000
04735P,聯茂兆豐94售01  ,0,0,0,0,0,0,0,0,0,-42000,0,0,0,0,42000,-42000,-42000
07078P,鴻海群益99售02  ,0,0,0,0,0,0,0,0,0,-42000,0,0,0,0,42000,-42000,-42000
059460,GIS永豐99購02   ,0,0,0,0,0,0,0,0,0,-42000,0,0,0,0,42000,-42000,-42000
6142,友勁            ,31000,3000,28000,0,0,0,0,0,0,-70000,0,70000,-70000,0,0,0,-42000
055779,國泰金凱基97購02,0,0,0,0,0,0,0,0,0,-43000,0,0,0,1000,44000,-43000,-43000
056225,聯發科凱基97購09,0,0,0,0,0,0,0,0,0,-43000,0,0,0,0,43000,-43000,-43000
057927,勤誠凱基98購01  ,0,0,0,0,0,0,0,0,0,-43000,0,0,0,2000,45000,-43000,-43000
051918,聯茂元大95購01  ,0,0,0,0,0,0,0,0,0,-43000,0,0,0,30000,73000,-43000,-43000
04950P,上証2X中信96售02,0,0,0,0,0,0,0,0,0,-43000,0,0,0,12000,55000,-43000,-43000
050722,聯電國票96購01  ,0,0,0,0,0,0,0,0,0,-43000,0,0,0,0,43000,-43000,-43000
05082P,健策永豐95售02  ,0,0,0,0,0,0,0,0,0,-43000,0,0,0,11000,54000,-43000,-43000
4536,拓凱            ,40000,81000,-41000,0,0,0,7000,0,7000,-9000,0,9000,-9000,0,0,0,-43000
058575,智邦群益99購01  ,0,0,0,0,0,0,0,0,0,-44000,0,0,0,0,44000,-44000,-44000
057136,立積凱基98購02  ,0,0,0,0,0,0,0,0,0,-44000,0,0,0,0,44000,-44000,-44000
055993,致茂國泰99購01  ,0,0,0,0,0,0,0,0,0,-44000,0,0,0,0,44000,-44000,-44000
050502,聯發科凱基94購21,0,0,0,0,0,0,0,0,0,-44000,0,0,0,0,44000,-44000,-44000
052857,大成鋼凱基96購01,0,0,0,0,0,0,0,0,0,-44000,0,0,0,0,44000,-44000,-44000
03777P,華通中信95售01  ,0,0,0,0,0,0,0,0,0,-44000,0,0,0,10000,54000,-44000,-44000
00665L,富邦恒生國企正2 ,285000,35000,250000,0,0,0,0,0,0,-294000,0,0,0,39000,333000,-294000,-44000
057308,同欣電兆豐99購01,0,0,0,0,0,0,0,0,0,-45000,0,0,0,0,45000,-45000,-45000
056379,玉晶光元富98購01,0,0,0,0,0,0,0,0,0,-45000,0,0,0,320000,365000,-45000,-45000
056538,國泰金凱基98購01,0,0,0,0,0,0,0,0,0,-45000,0,0,0,347000,392000,-45000,-45000
056720,世紀鋼永豐98購01,0,0,0,0,0,0,0,0,0,-45000,0,0,0,0,45000,-45000,-45000
058553,合勤控永豐99購01,0,0,0,0,0,0,0,0,0,-45000,0,0,0,0,45000,-45000,-45000
058457,創意永豐99購01  ,0,0,0,0,0,0,0,0,0,-45000,0,0,0,5000,50000,-45000,-45000
057999,智邦亞東99購02  ,0,0,0,0,0,0,0,0,0,-45000,0,0,0,5000,50000,-45000,-45000
059316,國巨元大99購23  ,0,0,0,0,0,0,0,0,0,-45000,0,0,0,20000,65000,-45000,-45000
06688P,鴻海中信02售01  ,0,0,0,0,0,0,0,0,0,-45000,0,0,0,3000,48000,-45000,-45000
03016P,滬深2X群益01售09,0,0,0,0,0,0,0,0,0,-45000,0,0,0,0,45000,-45000,-45000
052204,台泥中信96購01  ,0,0,0,0,0,0,0,0,0,-45000,0,0,0,5000,50000,-45000,-45000
052167,亞泥元大96購01  ,0,0,0,0,0,0,0,0,0,-45000,0,0,0,140000,185000,-45000,-45000
059415,台灣50元大9A購03,50000,0,50000,0,0,0,0,0,0,-95000,0,0,0,0,95000,-95000,-45000
06779P,智邦元大98售12  ,0,0,0,0,0,0,0,0,0,-45000,0,0,0,0,45000,-45000,-45000
07480P,FBVIX凱基94售01 ,0,0,0,0,0,0,0,0,0,-45000,0,0,0,0,45000,-45000,-45000
059143,國巨國票9A購04  ,0,0,0,0,0,0,0,0,0,-46000,0,0,0,21000,67000,-46000,-46000
052588,玉晶光永豐98購01,0,0,0,0,0,0,0,0,0,-46000,0,0,0,16000,62000,-46000,-46000
05291P,鴻海凱基95售16  ,0,0,0,0,0,0,0,0,0,-46000,0,0,0,131000,177000,-46000,-46000
04769P,高股息元大94售01,0,0,0,0,0,0,0,0,0,-46000,0,0,0,25000,71000,-46000,-46000
2109,華豐            ,0,46000,-46000,0,0,0,0,0,0,0,0,0,0,0,0,0,-46000
2850,新產            ,114000,106000,8000,0,0,0,0,0,0,-54000,0,54000,-54000,0,0,0,-46000
6669,緯穎            ,1557838,1627300,-69462,0,0,0,167000,59317,107683,-85000,4000,134000,-130000,50000,5000,45000,-46779
058451,智邦永豐9A購01  ,0,0,0,0,0,0,0,0,0,-47000,0,0,0,25000,72000,-47000,-47000
055481,聚陽元大97購01  ,0,0,0,0,0,0,0,0,0,-47000,0,0,0,3000,50000,-47000,-47000
052625,南電亞東97購01  ,0,0,0,0,0,0,0,0,0,-47000,0,0,0,20000,67000,-47000,-47000
2022,聚亨            ,142000,183000,-41000,0,0,0,0,0,0,-6000,0,6000,-6000,0,0,0,-47000
08525P,台灣50凱基96售02,0,0,0,0,0,0,0,0,0,-47000,0,0,0,20000,67000,-47000,-47000
1608,華榮            ,92000,134000,-42000,0,0,0,0,0,0,-5000,0,5000,-5000,0,0,0,-47000
059438,群創元大99購06  ,0,0,0,0,0,0,0,0,0,-47000,0,0,0,8000,55000,-47000,-47000
059325,超眾元大99購05  ,0,0,0,0,0,0,0,0,0,-48000,0,0,0,0,48000,-48000,-48000
05930P,景碩康和96售01  ,0,0,0,0,0,0,0,0,0,-48000,0,0,0,13000,61000,-48000,-48000
056153,華新科凱基97購02,0,0,0,0,0,0,0,0,0,-48000,0,0,0,0,48000,-48000,-48000
059197,可成永豐99購02  ,0,0,0,0,0,0,0,0,0,-48000,0,0,0,38000,86000,-48000,-48000
07110P,台灣50群益9B售03,0,0,0,0,0,0,0,0,0,-48000,0,0,0,2000,50000,-48000,-48000
6288,聯嘉            ,417000,462000,-45000,0,0,0,0,0,0,-3000,0,3000,-3000,0,0,0,-48000
058532,禾伸堂元富99購01,0,0,0,0,0,0,0,0,0,-49000,0,0,0,22000,71000,-49000,-49000
054704,玉晶光第一97購01,0,0,0,0,0,0,0,0,0,-49000,0,0,0,0,49000,-49000,-49000
054230,上銀群益96購03  ,0,0,0,0,0,0,0,0,0,-49000,0,0,0,1000,50000,-49000,-49000
059107,南茂國泰9A購01  ,0,0,0,0,0,0,0,0,0,-49000,0,0,0,0,49000,-49000,-49000
047552,潤泰全凱基94購02,0,0,0,0,0,0,0,0,0,-49000,0,0,0,0,49000,-49000,-49000
00652,富邦印度        ,162000,9000,153000,0,0,0,0,0,0,-202000,0,0,0,2000,204000,-202000,-49000
00703,台新MSCI中國    ,0,1000,-1000,0,0,0,0,0,0,-48000,0,0,0,94000,142000,-48000,-49000
03657C,T50反1元大99牛01,0,0,0,0,0,0,0,0,0,-49000,0,0,0,23000,72000,-49000,-49000
06983P,台積電國泰9A售02,0,0,0,0,0,0,0,0,0,-49000,0,0,0,19000,68000,-49000,-49000
07242P,台灣50凱基9A售03,0,0,0,0,0,0,0,0,0,-49000,0,0,0,50000,99000,-49000,-49000
2390,云辰            ,602000,651000,-49000,0,0,0,0,0,0,0,0,0,0,0,0,0,-49000
054228,貿聯元富96購03  ,0,0,0,0,0,0,0,0,0,-50000,0,0,0,0,50000,-50000,-50000
054197,台積電永昌96購07,0,0,0,0,0,0,0,0,0,-50000,0,0,0,0,50000,-50000,-50000
054657,道瓊銀元大97購01,0,0,0,0,0,0,0,0,0,-50000,0,0,0,0,50000,-50000,-50000
059365,T50反1台新99購01,0,0,0,0,0,0,0,0,0,-50000,0,0,0,0,50000,-50000,-50000
06529P,貿聯富邦99售03  ,0,0,0,0,0,0,0,0,0,-50000,0,0,0,0,50000,-50000,-50000
057807,友訊元大98購02  ,0,0,0,0,0,0,0,0,0,-50000,0,0,0,100000,150000,-50000,-50000
058053,上銀統一9B購01  ,0,0,0,0,0,0,0,0,0,-50000,0,0,0,0,50000,-50000,-50000
054781,台化群益99購01  ,0,0,0,0,0,0,0,0,0,-50000,0,0,0,0,50000,-50000,-50000
055416,欣興富邦98購01  ,0,0,0,0,0,0,0,0,0,-50000,0,0,0,0,50000,-50000,-50000
056128,和大中信99購01  ,0,0,0,0,0,0,0,0,0,-50000,0,0,0,0,50000,-50000,-50000
055089,金寶群益98購01  ,0,0,0,0,0,0,0,0,0,-50000,0,0,0,0,50000,-50000,-50000
055219,啟碁凱基98購01  ,0,0,0,0,0,0,0,0,0,-50000,0,0,0,0,50000,-50000,-50000
055304,瑞昱第一98購01  ,0,0,0,0,0,0,0,0,0,-50000,0,0,0,0,50000,-50000,-50000
056324,南亞科兆豐98購01,0,0,0,0,0,0,0,0,0,-50000,0,0,0,0,50000,-50000,-50000
056614,智邦永豐98購01  ,0,0,0,0,0,0,0,0,0,-50000,0,0,0,50000,100000,-50000,-50000
057575,世紀鋼永豐98購02,0,0,0,0,0,0,0,0,0,-50000,0,0,0,0,50000,-50000,-50000
057578,可成中信99購01  ,0,0,0,0,0,0,0,0,0,-50000,0,0,0,0,50000,-50000,-50000
057655,奇力新中信98購05,0,0,0,0,0,0,0,0,0,-50000,0,0,0,0,50000,-50000,-50000
057204,利勤元富98購01  ,0,0,0,0,0,0,0,0,0,-50000,0,0,0,0,50000,-50000,-50000
057734,訊芯國泰9A購01  ,0,0,0,0,0,0,0,0,0,-50000,0,0,0,0,50000,-50000,-50000
057394,台積電中信9C購02,0,0,0,0,0,0,0,0,0,-50000,0,0,0,0,50000,-50000,-50000
057338,群創國票99購01  ,0,0,0,0,0,0,0,0,0,-50000,0,0,0,0,50000,-50000,-50000
049769,和鑫元富96購01  ,0,0,0,0,0,0,0,0,0,-50000,0,0,0,0,50000,-50000,-50000
00728,第一金工業30    ,0,0,0,0,0,0,0,0,0,-50000,0,0,0,868000,918000,-50000,-50000
047885,元金2X富邦99購01,0,0,0,0,0,0,0,0,0,-50000,0,0,0,0,50000,-50000,-50000
051908,國泰金元大96購02,0,0,0,0,0,0,0,0,0,-50000,0,0,0,0,50000,-50000,-50000
053474,聯發科元大97購06,0,0,0,0,0,0,0,0,0,-50000,0,0,0,0,50000,-50000,-50000
053374,台達電元大96購03,0,0,0,0,0,0,0,0,0,-50000,0,0,0,0,50000,-50000,-50000
053318,全新群益99購01  ,0,0,0,0,0,0,0,0,0,-50000,0,0,0,0,50000,-50000,-50000
053333,新唐永豐96購01  ,0,0,0,0,0,0,0,0,0,-50000,0,0,0,0,50000,-50000,-50000
053274,旺宏元大98購03  ,0,0,0,0,0,0,0,0,0,-50000,0,0,0,0,50000,-50000,-50000
052628,樺漢中信96購01  ,0,0,0,0,0,0,0,0,0,-50000,0,0,0,0,50000,-50000,-50000
051452,貿聯元大95購04  ,0,0,0,0,0,0,0,0,0,-50000,0,0,0,0,50000,-50000,-50000
053668,鴻海統一97購01  ,0,0,0,0,0,0,0,0,0,-50000,0,0,0,0,50000,-50000,-50000
053082,聯電元大98購03  ,0,0,0,0,0,0,0,0,0,-50000,0,0,0,0,50000,-50000,-50000
052739,國巨元大96購04  ,0,0,0,0,0,0,0,0,0,-50000,0,0,0,10000,60000,-50000,-50000
054033,欣興中信96購02  ,0,0,0,0,0,0,0,0,0,-50000,0,0,0,0,50000,-50000,-50000
052375,奇力新元大96購02,0,0,0,0,0,0,0,0,0,-50000,0,0,0,0,50000,-50000,-50000
058720,旭富元富99購01  ,0,0,0,0,0,0,0,0,0,-50000,0,0,0,0,50000,-50000,-50000
058786,元黃金元大99購01,0,0,0,0,0,0,0,0,0,-50000,0,0,0,0,50000,-50000,-50000
058680,國巨麥證99購02  ,0,0,0,0,50000,-50000,0,0,0,-50000,0,0,0,0,50000,-50000,-50000
2546,根基            ,52000,102000,-50000,0,0,0,0,0,0,0,0,0,0,0,0,0,-50000
07251P,台灣50元富01售04,0,0,0,0,0,0,0,0,0,-50000,0,0,0,657000,707000,-50000,-50000
1708,東鹼            ,67000,116000,-49000,0,0,0,0,0,0,-1000,0,1000,-1000,0,0,0,-50000
07050P,宏達電中信9B售01,0,0,0,0,0,0,0,0,0,-50000,0,0,0,0,50000,-50000,-50000
057029,緯穎凱基98購04  ,0,0,0,0,0,0,0,0,0,-51000,0,0,0,10000,61000,-51000,-51000
054043,漢唐元大97購01  ,0,0,0,0,0,0,0,0,0,-51000,0,0,0,0,51000,-51000,-51000
053027,玉晶光富邦98購01,0,0,0,0,0,0,0,0,0,-51000,0,0,0,674000,725000,-51000,-51000
05209P,鴻海凱基96售09  ,0,0,0,0,0,0,0,0,0,-51000,0,0,0,68000,119000,-51000,-51000
04618P,電子類群益94售02,0,0,0,0,0,0,0,0,0,-51000,0,0,0,80000,131000,-51000,-51000
07093P,台積電凱基99售07,0,0,0,0,0,0,0,0,0,-51000,0,0,0,0,51000,-51000,-51000
06486P,麗豐元大98售02  ,0,0,0,0,0,0,0,0,0,-51000,0,0,0,49000,100000,-51000,-51000
05564P,玉晶光元大97售02,0,0,0,0,0,0,0,0,0,-52000,0,0,0,29000,81000,-52000,-52000
059320,華新科元大99購15,0,0,0,0,0,0,0,0,0,-52000,0,0,0,100000,152000,-52000,-52000
00762,元大全球AI      ,3000,3000,0,0,0,0,0,0,0,-52000,0,20000,-20000,28000,60000,-32000,-52000
058986,華新科凱基9A購03,0,0,0,0,0,0,0,0,0,-52000,0,0,0,0,52000,-52000,-52000
059416,T50反1元大99購08,0,0,0,0,0,0,0,0,0,-52000,0,0,0,0,52000,-52000,-52000
2030,彰源            ,85000,137000,-52000,0,0,0,0,0,0,0,0,0,0,0,0,0,-52000
059081,和大元大99購01  ,0,0,0,0,0,0,0,0,0,-53000,0,0,0,0,53000,-53000,-53000
057737,國巨富邦99購02  ,0,0,0,0,0,0,0,0,0,-53000,0,0,0,0,53000,-53000,-53000
1514,亞力            ,282000,335000,-53000,0,0,0,0,0,0,0,0,0,0,0,0,0,-53000
059458,鎧勝永豐99購01  ,0,0,0,0,0,0,0,0,0,-53000,0,0,0,0,53000,-53000,-53000
06759P,台積電元大98售17,0,0,0,0,0,0,0,0,0,-53000,0,0,0,0,53000,-53000,-53000
6416,瑞祺電通        ,315000,372000,-57000,0,0,0,245000,0,245000,-241000,42000,283000,-241000,0,0,0,-53000
8070,長華*           ,12000,63000,-51000,0,0,0,0,2000,-2000,0,1000,1000,0,0,0,0,-53000
058177,華新科凱基99購02,0,0,0,0,0,0,0,0,0,-54000,0,0,0,0,54000,-54000,-54000
052038,國巨永昌96購01  ,0,0,0,0,0,0,0,0,0,-54000,0,0,0,0,54000,-54000,-54000
9937,全國            ,1000,55000,-54000,0,0,0,0,0,0,0,0,0,0,0,0,0,-54000
06970P,旺宏元大99售08  ,0,0,0,0,0,0,0,0,0,-54000,0,0,0,1000,55000,-54000,-54000
1773,勝一            ,33000,76000,-43000,0,0,0,0,1000,-1000,-10000,0,10000,-10000,0,0,0,-54000
059278,群創元大9A購04  ,0,0,0,0,0,0,0,0,0,-55000,0,0,0,0,55000,-55000,-55000
057243,樺漢凱基99購01  ,0,0,0,0,0,0,0,0,0,-55000,0,0,0,0,55000,-55000,-55000
057298,旭富永豐98購01  ,0,0,0,0,0,0,0,0,0,-55000,0,0,0,0,55000,-55000,-55000
055780,禾伸堂凱基99購01,0,0,0,0,0,0,0,0,0,-55000,0,0,0,0,55000,-55000,-55000
051466,玉晶光富邦97購01,0,0,0,0,0,0,0,0,0,-55000,0,0,0,0,55000,-55000,-55000
058846,鴻海群益99購03  ,0,0,0,0,0,0,0,0,0,-55000,0,0,0,2000,57000,-55000,-55000
051809,義隆凱基96購01  ,0,0,0,0,0,0,0,0,0,-55000,0,0,0,0,55000,-55000,-55000
07165P,臺股指群益99售16,0,0,0,0,0,0,0,0,0,-55000,0,0,0,0,55000,-55000,-55000
2887E,台新戊特        ,0,0,0,0,0,0,0,55000,-55000,0,0,0,0,0,0,0,-55000
4942,嘉彰            ,188000,233000,-45000,0,0,0,0,10000,-10000,0,0,0,0,0,0,0,-55000
3617,碩天            ,97000,80000,17000,0,0,0,0,4000,-4000,-68000,0,68000,-68000,0,0,0,-55000
055471,聯發科凱基97購04,0,0,0,0,0,0,0,0,0,-56000,0,0,0,0,56000,-56000,-56000
049892,國巨富邦96購01  ,0,0,0,0,0,0,0,0,0,-56000,0,0,0,0,56000,-56000,-56000
4438,廣越            ,31000,24000,7000,0,0,0,0,0,0,-63000,0,53000,-53000,0,10000,-10000,-56000
6206,飛捷            ,98000,135000,-37000,0,0,0,0,1000,-1000,-18000,0,18000,-18000,0,0,0,-56000
06902P,聯電凱基98售02  ,0,0,0,0,0,0,0,0,0,-56000,0,0,0,20000,76000,-56000,-56000
2101,南港            ,506000,574000,-68000,0,0,0,0,2897,-2897,14000,2000,21000,-19000,39000,6000,33000,-56897
058427,大毅元富99購01  ,0,0,0,0,0,0,0,0,0,-57000,0,0,0,6000,63000,-57000,-57000
056193,聯發科富邦99購08,0,0,0,0,0,0,0,0,0,-57000,0,0,0,5000,62000,-57000,-57000
055231,大毅國票98購02  ,0,0,0,0,0,0,0,0,0,-57000,0,0,0,0,57000,-57000,-57000
058476,旺宏凱基9A購01  ,0,0,0,0,0,0,0,0,0,-57000,0,0,0,0,57000,-57000,-57000
054965,健策元大98購04  ,0,0,0,0,0,0,0,0,0,-57000,0,0,0,0,57000,-57000,-57000
04624P,台積電元大94售14,0,0,0,0,0,0,0,0,0,-57000,0,0,0,0,57000,-57000,-57000
2832,台產            ,28000,85000,-57000,0,0,0,0,0,0,0,0,0,0,0,0,0,-57000
2545,皇翔            ,104000,161000,-57000,0,0,0,0,0,0,0,0,0,0,0,0,0,-57000
2476,鉅祥            ,17000,72000,-55000,0,0,0,0,0,0,-2000,0,2000,-2000,0,0,0,-57000
059410,滬深2X國票9A購04,0,0,0,0,0,0,0,0,0,-57000,0,0,0,0,57000,-57000,-57000
6504,南六            ,69000,126000,-57000,0,0,0,0,0,0,0,0,0,0,0,0,0,-57000
05477P,華新科群益95售06,0,0,0,0,0,0,0,0,0,-58000,0,0,0,13000,71000,-58000,-58000
058134,信邦元大99購01  ,0,0,0,0,0,0,0,0,0,-58000,0,0,0,0,58000,-58000,-58000
058574,台積電群益99購03,0,0,0,0,0,0,0,0,0,-58000,0,0,0,404000,462000,-58000,-58000
054195,亞泥國泰98購01  ,0,0,0,0,0,0,0,0,0,-58000,0,0,0,0,58000,-58000,-58000
049653,緯穎凱基94購03  ,0,0,0,0,0,0,0,0,0,-58000,0,0,0,10000,68000,-58000,-58000
05504P,台積電凱基96售04,0,0,0,0,0,0,0,0,0,-58000,0,0,0,2000,60000,-58000,-58000
059159,上銀凱基99購05  ,0,0,0,0,0,0,0,0,0,-59000,0,0,0,0,59000,-59000,-59000
056686,可成統一98購01  ,0,0,0,0,0,0,0,0,0,-59000,0,0,0,18000,77000,-59000,-59000
05407P,超眾凱基95售04  ,0,0,0,0,0,0,0,0,0,-59000,0,0,0,3000,62000,-59000,-59000
058101,台積電富邦9C購01,0,0,0,0,0,0,0,0,0,-59000,0,0,0,0,59000,-59000,-59000
053703,緯穎兆豐96購01  ,0,0,0,0,0,0,0,0,0,-59000,0,0,0,1000,60000,-59000,-59000
053653,京元電凱基96購02,20000,0,20000,0,0,0,0,0,0,-79000,0,0,0,0,79000,-79000,-59000
03627P,大立光兆豐93售03,0,0,0,0,0,0,0,0,0,-59000,0,0,0,6000,65000,-59000,-59000
056658,美食元大98購01  ,0,0,0,0,0,0,0,0,0,-60000,0,0,0,240000,300000,-60000,-60000
054905,國揚康和97購01  ,0,0,0,0,0,0,0,0,0,-60000,0,0,0,0,60000,-60000,-60000
056124,華通國票98購02  ,0,0,0,0,0,0,0,0,0,-60000,0,0,0,0,60000,-60000,-60000
057648,和碩元大98購01  ,0,0,0,0,0,0,0,0,0,-60000,0,0,0,18000,78000,-60000,-60000
057175,美律元大98購03  ,0,0,0,0,0,0,0,0,0,-60000,0,0,0,80000,140000,-60000,-60000
057056,立積元大99購02  ,0,0,0,0,0,0,0,0,0,-60000,0,0,0,0,60000,-60000,-60000
053520,康友群益96購01  ,0,0,0,0,0,0,0,0,0,-60000,0,0,0,0,60000,-60000,-60000
048001,中工元大96購01  ,0,0,0,0,0,0,0,0,0,-60000,0,0,0,10000,70000,-60000,-60000
052276,力成群益96購01  ,0,0,0,0,0,0,0,0,0,-60000,0,0,0,20000,80000,-60000,-60000
058713,國巨統一9B購02  ,0,0,0,0,0,0,0,0,0,-60000,0,0,0,0,60000,-60000,-60000
053055,聯詠國票97購01  ,0,0,0,0,0,0,0,0,0,-60000,0,0,0,0,60000,-60000,-60000
053144,上証2X元大96購01,0,0,0,0,0,0,0,0,0,-60000,0,0,0,0,60000,-60000,-60000
054026,台積電凱基97購08,0,0,0,0,0,0,0,0,0,-60000,0,0,0,0,60000,-60000,-60000
059449,滬深2X永豐99購03,0,0,0,0,0,0,0,0,0,-60000,0,0,0,0,60000,-60000,-60000
059451,國巨永豐99購05  ,0,0,0,0,0,0,0,0,0,-60000,0,0,0,0,60000,-60000,-60000
06332P,世紀鋼群益98售01,0,0,0,0,0,0,0,0,0,-60000,0,0,0,134000,194000,-60000,-60000
07029P,緯穎群益99售02  ,0,0,0,0,0,0,0,0,0,-60000,0,0,0,0,60000,-60000,-60000
050867,聯鈞永豐95購01  ,0,0,0,0,0,0,0,0,0,-61000,0,0,0,0,61000,-61000,-61000
047623,世紀鋼凱基94購02,0,0,0,0,0,0,0,0,0,-61000,0,0,0,5000,66000,-61000,-61000
04605P,台積電兆豐94售03,0,0,0,0,0,0,0,0,0,-61000,0,0,0,2099000,2160000,-61000,-61000
049463,華新科富邦97購01,0,0,0,0,0,0,0,0,0,-61000,0,0,0,0,61000,-61000,-61000
04400P,台積電兆豐95售02,0,0,0,0,0,0,0,0,0,-61000,0,0,0,353000,414000,-61000,-61000
07225P,台積電元大99售33,0,0,0,0,0,0,0,0,0,-61000,0,0,0,7000,68000,-61000,-61000
4576,大銀微系統      ,76000,24000,52000,0,0,0,0,113000,-113000,0,0,0,0,0,0,0,-61000
6112,聚碩            ,186000,233000,-47000,0,0,0,0,0,0,-14000,0,14000,-14000,0,0,0,-61000
2908,特力            ,41000,99000,-58000,0,0,0,0,0,0,-3000,0,3000,-3000,0,0,0,-61000
054972,聯茂元大97購02  ,0,0,0,0,0,0,0,0,0,-62000,0,0,0,1000,63000,-62000,-62000
05562P,鴻海元大96售16  ,0,0,0,0,0,0,0,0,0,-62000,0,0,0,50000,112000,-62000,-62000
054593,滬深2X永昌9A購01,0,0,0,0,0,0,0,0,0,-62000,0,0,0,0,62000,-62000,-62000
07062P,台積電元大99售15,0,0,0,0,0,0,0,0,0,-62000,0,0,0,5000,67000,-62000,-62000
059332,台灣50國票9A購07,0,0,0,0,0,0,0,0,0,-63000,0,0,0,0,63000,-63000,-63000
054074,健策富邦98購01  ,0,0,0,0,0,0,0,0,0,-63000,0,0,0,0,63000,-63000,-63000
057447,智邦元富02購01  ,0,0,0,0,0,0,0,0,0,-63000,0,0,0,51000,114000,-63000,-63000
056381,台虹元富98購01  ,0,0,0,0,0,0,0,0,0,-63000,0,0,0,15000,78000,-63000,-63000
049024,玉晶光群益97購01,0,0,0,0,0,0,0,0,0,-63000,0,0,0,0,63000,-63000,-63000
048675,台達電國泰94購02,0,0,0,0,0,0,0,0,0,-63000,0,0,0,0,63000,-63000,-63000
050138,台表科國票95購02,0,0,0,0,0,0,0,0,0,-63000,0,0,0,0,63000,-63000,-63000
058958,台表科國票9A購03,0,0,0,0,0,0,0,0,0,-63000,0,0,0,0,63000,-63000,-63000
06491P,台積電富邦99售02,0,0,0,0,0,0,0,0,0,-63000,0,0,0,0,63000,-63000,-63000
059055,旺宏凱基9B購02  ,0,0,0,0,0,0,0,0,0,-63000,0,0,0,0,63000,-63000,-63000
3705,永信            ,110000,173000,-63000,0,0,0,0,0,0,0,0,0,0,0,0,0,-63000
056343,高鐵凱基98購02  ,0,0,0,0,0,0,0,0,0,-64000,0,0,0,50000,114000,-64000,-64000
054111,緯穎凱基97購01  ,0,0,0,0,0,0,0,0,0,-64000,0,0,0,14000,78000,-64000,-64000
058027,鴻海富邦98購04  ,0,0,0,0,0,0,0,0,0,-64000,0,0,0,0,64000,-64000,-64000
057785,智邦國票99購02  ,0,0,0,0,0,0,0,0,0,-64000,0,0,0,0,64000,-64000,-64000
054180,亞泥康和96購01  ,0,0,0,0,0,0,0,0,0,-64000,0,0,0,10000,74000,-64000,-64000
045443,群創元富98購01  ,0,0,0,0,0,0,0,0,0,-64000,0,0,0,0,64000,-64000,-64000
058017,漢唐凱基99購01  ,0,0,0,0,0,0,0,0,0,-65000,0,0,0,0,65000,-65000,-65000
055771,台積電日盛97購04,0,0,0,0,0,0,0,0,0,-65000,0,0,0,0,65000,-65000,-65000
054842,台達電兆豐98購01,0,0,0,0,0,0,0,0,0,-65000,0,0,0,1000,66000,-65000,-65000
00706L,元大S&P日圓正2  ,0,0,0,0,0,0,0,0,0,-65000,0,0,0,3000,68000,-65000,-65000
050836,緯穎凱基95購01  ,0,0,0,0,0,0,0,0,0,-65000,0,0,0,25000,90000,-65000,-65000
050690,台達電凱基96購01,0,0,0,0,0,0,0,0,0,-65000,0,0,0,0,65000,-65000,-65000
053560,漢唐國泰98購01  ,0,0,0,0,0,0,0,0,0,-65000,0,0,0,27000,92000,-65000,-65000
059439,健策元大9B購01  ,0,0,0,0,0,0,0,0,0,-65000,0,0,0,0,65000,-65000,-65000
058634,可成兆豐99購03  ,0,0,0,0,0,0,0,0,0,-66000,0,0,0,60000,126000,-66000,-66000
055911,可成凱基98購02  ,0,0,0,0,0,0,0,0,0,-66000,0,0,0,6000,72000,-66000,-66000
057009,信邦中信99購01  ,0,0,0,0,0,0,0,0,0,-66000,0,0,0,0,66000,-66000,-66000
053123,京元電凱基96購01,0,0,0,0,0,0,0,0,0,-66000,0,0,0,0,66000,-66000,-66000
053488,中石化兆豐97購01,0,0,0,0,0,0,0,0,0,-66000,0,0,0,0,66000,-66000,-66000
058446,新光金富邦9C購01,0,0,0,0,0,0,0,0,0,-67000,0,0,0,0,67000,-67000,-67000
050239,廣達凱基94購01  ,0,0,0,0,0,0,0,0,0,-67000,0,0,0,0,67000,-67000,-67000
2606,裕民            ,569000,585000,-16000,0,0,0,1000,5096,-4096,-47000,0,47000,-47000,0,0,0,-67096
059296,大立光元富99購06,0,0,0,0,0,0,0,0,0,-68000,0,0,0,6000,74000,-68000,-68000
056916,台達電兆豐98購02,0,0,0,0,0,0,0,0,0,-68000,0,0,0,32000,100000,-68000,-68000
050044,聯詠兆豐94購02  ,0,0,0,0,0,0,0,0,0,-68000,0,0,0,0,68000,-68000,-68000
04796P,聯發科元大94售10,0,0,0,0,0,0,0,0,0,-68000,0,0,0,0,68000,-68000,-68000
03039X,元展36          ,0,0,0,0,0,0,0,0,0,-68000,0,0,0,0,68000,-68000,-68000
2816,旺旺保          ,39000,109000,-70000,0,0,0,0,0,0,2000,2000,0,2000,0,0,0,-68000
9946,三發地產        ,36000,35000,1000,0,0,0,0,0,0,-69000,10000,79000,-69000,0,0,0,-68000
054615,牧德永豐98購01  ,0,0,0,0,0,0,0,0,0,-69000,0,0,0,0,69000,-69000,-69000
058983,旺宏凱基99購05  ,0,0,0,0,0,0,0,0,0,-69000,0,0,0,0,69000,-69000,-69000
2913,農林            ,304000,322000,-18000,0,0,0,0,0,0,-51000,0,51000,-51000,0,0,0,-69000
07243P,台灣50凱基9A售04,0,0,0,0,0,0,0,0,0,-69000,0,0,0,0,69000,-69000,-69000
07219P,臺股指凱基99售32,0,0,0,0,0,0,0,0,0,-69000,0,0,0,97000,166000,-69000,-69000
054544,統一中信97購01  ,0,0,0,0,0,0,0,0,0,-70000,0,0,0,0,70000,-70000,-70000
058070,華新科凱基98購07,0,0,0,0,0,0,0,0,0,-70000,0,0,0,0,70000,-70000,-70000
054048,國泰金元大96購04,0,0,0,0,0,0,0,0,0,-70000,0,0,0,30000,100000,-70000,-70000
056997,台灣50康和9A購02,0,0,0,0,0,0,0,0,0,-70000,0,0,0,0,70000,-70000,-70000
054847,創意兆豐97購01  ,0,0,0,0,0,0,0,0,0,-70000,0,0,0,0,70000,-70000,-70000
054986,藍天元富97購01  ,0,0,0,0,0,0,0,0,0,-70000,0,0,0,0,70000,-70000,-70000
054988,凱美元富97購02  ,0,0,0,0,0,0,0,0,0,-70000,0,0,0,0,70000,-70000,-70000
055036,中工富邦9B購01  ,0,0,0,0,0,0,0,0,0,-70000,0,0,0,0,70000,-70000,-70000
053565,台光電富邦98購01,0,0,0,0,0,0,0,0,0,-70000,0,0,0,0,70000,-70000,-70000
053632,新唐兆豐96購01  ,0,0,0,0,0,0,0,0,0,-70000,0,0,0,0,70000,-70000,-70000
052685,技嘉元大96購01  ,0,0,0,0,0,0,0,0,0,-70000,0,0,0,30000,100000,-70000,-70000
051396,健鼎兆豐95購01  ,0,0,0,0,0,0,0,0,0,-70000,0,0,0,0,70000,-70000,-70000
052206,燿華中信95購02  ,0,0,0,0,0,0,0,0,0,-70000,0,0,0,0,70000,-70000,-70000
045087,玉晶光元大95購01,0,0,0,0,0,0,0,0,0,-70000,0,0,0,0,70000,-70000,-70000
04525P,台積電凱基94售14,0,0,0,0,0,0,0,0,0,-70000,0,0,0,0,70000,-70000,-70000
051746,玉晶光國泰97購07,0,0,0,0,0,0,0,0,0,-70000,0,0,0,0,70000,-70000,-70000
5283,禾聯碩          ,35000,80000,-45000,0,0,0,0,0,0,-25000,0,24000,-24000,0,1000,-1000,-70000
3413,京鼎            ,324000,414350,-90350,0,0,0,106000,89000,17000,3000,6000,3000,3000,2000,2000,0,-70350
2897,王道銀行        ,125000,181000,-56000,0,0,0,0,7617,-7617,-7000,0,7000,-7000,0,0,0,-70617
055703,緯穎富邦98購01  ,0,0,0,0,0,0,0,0,0,-71000,0,0,0,0,71000,-71000,-71000
059137,電子類群益99購01,0,0,0,0,0,0,0,0,0,-71000,0,0,0,259000,330000,-71000,-71000
3015,全漢            ,0,71000,-71000,0,0,0,0,0,0,0,0,0,0,0,0,0,-71000
6582,申豐            ,82000,120000,-38000,0,0,0,0,0,0,-33000,0,33000,-33000,0,0,0,-71000
6214,精誠            ,246000,164000,82000,0,0,0,0,4000,-4000,-149000,86000,235000,-149000,0,0,0,-71000
1558,伸興            ,24000,47000,-23000,0,0,0,0,0,0,-48000,0,48000,-48000,0,0,0,-71000
054738,聯發科凱基97購01,0,0,0,0,0,0,0,0,0,-72000,0,0,0,0,72000,-72000,-72000
055180,文曄統一97購01  ,0,0,0,0,0,0,0,0,0,-72000,0,0,0,0,72000,-72000,-72000
00680L,元大美債20正2   ,0,0,0,0,0,0,0,0,0,-72000,0,0,0,101000,173000,-72000,-72000
052557,群創國票97購02  ,0,0,0,0,0,0,0,0,0,-72000,0,0,0,0,72000,-72000,-72000
053713,漢唐凱基96購04  ,0,0,0,0,0,0,0,0,0,-72000,0,0,0,0,72000,-72000,-72000
058957,貿聯國票9A購01  ,0,0,0,0,0,0,0,0,0,-72000,0,0,0,0,72000,-72000,-72000
057430,富邦金兆豐98購01,0,0,0,0,0,0,0,0,0,-73000,0,0,0,4000,77000,-73000,-73000
056872,旺宏凱基98購08  ,0,0,0,0,0,0,0,0,0,-73000,0,0,0,0,73000,-73000,-73000
058901,美律元大99購07  ,0,0,0,0,0,0,0,0,0,-73000,0,0,0,135000,208000,-73000,-73000
1760,寶齡富錦        ,0,73000,-73000,0,0,0,0,0,0,0,0,0,0,0,0,0,-73000
05262P,台積電元大95售19,0,0,0,0,0,0,0,0,0,-74000,0,0,0,25000,99000,-74000,-74000
1711,永光            ,74000,148000,-74000,0,0,0,0,0,0,0,0,0,0,0,0,0,-74000
058293,光寶科凱基9A購01,0,0,0,0,0,0,0,0,0,-75000,0,0,0,33000,108000,-75000,-75000
057882,華通群益9A購03  ,0,0,0,0,0,0,0,0,0,-75000,0,0,0,25000,100000,-75000,-75000
03414B,臺股指凱基99熊01,0,0,0,0,0,0,0,0,0,-75000,0,0,0,339000,414000,-75000,-75000
6415,矽力-KY         ,156000,261640,-105640,0,0,0,40000,122,39878,-10000,0,10000,-10000,0,0,0,-75762
056160,智易凱基97購03  ,0,0,0,0,0,0,0,0,0,-76000,0,0,0,0,76000,-76000,-76000
056219,T50反1日盛02購01,0,0,0,0,0,0,0,0,0,-76000,0,0,0,0,76000,-76000,-76000
052624,微星亞東97購01  ,0,0,0,0,0,0,0,0,0,-76000,0,0,0,10000,86000,-76000,-76000
050537,鴻海凱基95購05  ,0,0,0,0,0,0,0,0,0,-76000,0,0,0,0,76000,-76000,-76000
06651P,華新科元大99售09,0,0,0,0,0,0,0,0,0,-77000,0,0,0,43000,120000,-77000,-77000
059297,大立光元富9C購01,0,0,0,0,0,0,0,0,0,-77000,0,0,0,83000,160000,-77000,-77000
059237,鴻海凱基9A購10  ,0,0,0,0,0,0,0,0,0,-77000,0,0,0,102000,179000,-77000,-77000
058167,鴻海凱基9A購03  ,0,0,0,0,0,0,0,0,0,-77000,0,0,0,10000,87000,-77000,-77000
058385,創意中信99購01  ,0,0,0,0,0,0,0,0,0,-77000,0,0,0,302000,379000,-77000,-77000
059008,鈺齊元大99購03  ,0,0,0,0,0,0,0,0,0,-77000,0,0,0,15000,92000,-77000,-77000
07210P,智邦凱基99售03  ,0,0,0,0,0,0,0,0,0,-77000,0,0,0,36000,113000,-77000,-77000
057985,華通元富02購03  ,0,0,0,0,0,0,0,0,0,-78000,0,0,0,22000,100000,-78000,-78000
053255,貿聯國泰97購01  ,0,0,0,0,0,0,0,0,0,-78000,0,0,0,0,78000,-78000,-78000
049626,健策群益94購01  ,0,0,0,0,0,0,0,0,0,-78000,0,0,0,0,78000,-78000,-78000
058358,技嘉凱基9A購01  ,0,0,0,0,0,0,0,0,0,-79000,0,0,0,0,79000,-79000,-79000
059040,訊芯群益99購03  ,0,0,0,0,0,0,0,0,0,-79000,0,0,0,3000,82000,-79000,-79000
057045,美律元大99購04  ,0,0,0,0,0,0,0,0,0,-79000,0,0,0,74000,153000,-79000,-79000
057116,鴻海日盛9A購01  ,0,0,0,0,0,0,0,0,0,-79000,0,0,0,70000,149000,-79000,-79000
056463,台虹凱基98購02  ,0,0,0,0,0,0,0,0,0,-79000,0,0,0,23000,102000,-79000,-79000
053451,致新凱基96購02  ,0,0,0,0,0,0,0,0,0,-79000,0,0,0,0,79000,-79000,-79000
058970,鴻海永豐99購02  ,0,0,0,0,0,0,0,0,0,-79000,0,0,0,52000,131000,-79000,-79000
059384,上証2X凱基9B購01,0,0,0,0,0,0,0,0,0,-79000,0,0,0,0,79000,-79000,-79000
055138,大毅永豐97購02  ,0,0,0,0,0,0,0,0,0,-80000,0,0,0,0,80000,-80000,-80000
057398,台郡中信99購01  ,0,0,0,0,0,0,0,0,0,-80000,0,0,0,0,80000,-80000,-80000
054547,鴻海凱基98購02  ,0,0,0,0,0,0,0,0,0,-80000,0,0,0,2000,82000,-80000,-80000
058203,信邦凱基99購01  ,0,0,0,0,0,0,0,0,0,-80000,0,0,0,0,80000,-80000,-80000
058038,滬深反元大98購01,0,0,0,0,0,0,0,0,0,-80000,0,0,0,0,80000,-80000,-80000
056695,景碩群益99購01  ,0,0,0,0,0,0,0,0,0,-80000,0,0,0,0,80000,-80000,-80000
058732,矽格永豐99購01  ,0,0,0,0,0,0,0,0,0,-80000,0,0,0,0,80000,-80000,-80000
053129,緯穎凱基96購01  ,0,0,0,0,0,0,0,0,0,-80000,0,0,0,0,80000,-80000,-80000
05033P,T50反1元大98售01,0,0,0,0,0,0,0,0,0,-80000,0,0,0,377000,457000,-80000,-80000
052788,開發金中信98購02,0,0,0,0,0,0,0,0,0,-80000,0,0,0,0,80000,-80000,-80000
051231,健策群益97購01  ,0,0,0,0,0,0,0,0,0,-80000,0,0,0,0,80000,-80000,-80000
050014,國巨富邦98購01  ,0,0,0,0,0,0,0,0,0,-80000,0,0,0,0,80000,-80000,-80000
052621,台郡富邦97購01  ,0,0,0,0,0,0,0,0,0,-80000,0,0,0,0,80000,-80000,-80000
053513,義隆群益96購05  ,0,0,0,0,0,0,0,0,0,-80000,0,0,0,20000,100000,-80000,-80000
053373,台泥元大96購01  ,0,0,0,0,0,0,0,0,0,-80000,0,0,0,65000,145000,-80000,-80000
04953P,台積電群益94售13,0,0,0,0,0,0,0,0,0,-80000,0,0,0,20000,100000,-80000,-80000
04519P,國泰金群益94售01,0,0,0,0,0,0,0,0,0,-80000,0,0,0,0,80000,-80000,-80000
9924,福興            ,41000,121000,-80000,0,0,0,0,0,0,0,0,0,0,0,0,0,-80000
2903,遠百            ,647000,692000,-45000,0,0,0,0,5800,-5800,-30000,0,30000,-30000,0,0,0,-80800
058721,立積元富9C購01  ,0,0,0,0,0,0,0,0,0,-81000,0,0,0,10000,91000,-81000,-81000
058705,長榮航元大99購01,0,0,0,0,0,0,0,0,0,-81000,0,0,0,0,81000,-81000,-81000
058927,勤誠元富99購02  ,0,0,0,0,0,0,0,0,0,-81000,0,0,0,78000,159000,-81000,-81000
050315,和碩兆豐95購01  ,0,0,0,0,0,0,0,0,0,-82000,0,0,0,10000,92000,-82000,-82000
053729,聯茂凱基96購05  ,0,0,0,0,0,0,0,0,0,-82000,0,0,0,3000,85000,-82000,-82000
059383,台灣50凱基99購03,0,0,0,0,0,0,0,0,0,-82000,0,0,0,0,82000,-82000,-82000
1709,和益            ,252000,334950,-82950,0,0,0,0,0,0,0,0,0,0,0,0,0,-82950
057260,微星兆豐98購01  ,0,0,0,0,0,0,0,0,0,-83000,0,0,0,0,83000,-83000,-83000
058863,可成凱基99購02  ,0,0,0,0,0,0,0,0,0,-83000,0,0,0,20000,103000,-83000,-83000
1541,錩泰            ,21000,19000,2000,0,0,0,0,0,0,-85000,0,85000,-85000,0,0,0,-83000
3006,晶豪科          ,442000,458000,-16000,0,0,0,0,0,0,-67000,2000,52000,-50000,1000,18000,-17000,-83000
057199,台達電元富02購01,0,0,0,0,0,0,0,0,0,-84000,0,0,0,8000,92000,-84000,-84000
058669,上銀群益99購01  ,0,0,0,0,0,0,0,0,0,-84000,0,0,0,0,84000,-84000,-84000
05673P,台積電群益96售05,0,0,0,0,0,0,0,0,0,-84000,0,0,0,50000,134000,-84000,-84000
058698,華通元大99購05  ,0,0,0,0,0,0,0,0,0,-84000,0,0,0,0,84000,-84000,-84000
054029,瀚宇博凱基96購02,0,0,0,0,0,0,0,0,0,-84000,0,0,0,0,84000,-84000,-84000
051393,新光金兆豐96購01,0,0,0,0,0,0,0,0,0,-84000,0,0,0,0,84000,-84000,-84000
04517P,宏達電群益95售01,0,0,0,0,0,0,0,0,0,-84000,0,0,0,17000,101000,-84000,-84000
047063,漢唐凱基95購01  ,0,0,0,0,0,0,0,0,0,-84000,0,0,0,0,84000,-84000,-84000
1732,毛寶            ,134000,218000,-84000,0,0,0,0,0,0,0,0,0,0,0,0,0,-84000
2406,國碩            ,460000,544821,-84821,0,0,0,0,0,0,0,0,0,0,0,0,0,-84821
5269,祥碩            ,209000,375733,-166733,0,0,0,108000,142,107858,-26000,30000,31000,-1000,4000,29000,-25000,-84875
058298,聯茂凱基99購05  ,0,0,0,0,0,0,0,0,0,-85000,0,0,0,100000,185000,-85000,-85000
058369,亞光凱基99購02  ,0,0,0,0,0,0,0,0,0,-85000,0,0,0,0,85000,-85000,-85000
057494,玉晶光元大99購09,0,0,0,0,0,0,0,0,0,-85000,0,0,0,70000,155000,-85000,-85000
056441,燿華凱基98購01  ,0,0,0,0,0,0,0,0,0,-85000,0,0,0,0,85000,-85000,-85000
055838,致茂元大97購03  ,0,0,0,0,0,0,0,0,0,-85000,0,0,0,0,85000,-85000,-85000
03049X,元展46          ,0,0,0,0,0,0,0,0,0,-85000,0,0,0,0,85000,-85000,-85000
050420,鴻海凱基95購03  ,0,0,0,0,0,0,0,0,0,-85000,0,0,0,0,85000,-85000,-85000
06872P,亞德客元富98售04,0,0,0,0,0,0,0,0,0,-85000,0,0,0,0,85000,-85000,-85000
056114,台達電群益97購02,0,0,0,0,0,0,0,0,0,-86000,0,0,0,0,86000,-86000,-86000
056038,可成凱基97購01  ,0,0,0,0,0,0,0,0,0,-86000,0,0,0,6000,92000,-86000,-86000
00683L,元大美元指數正2 ,0,0,0,0,0,0,0,0,0,-86000,0,0,0,44000,130000,-86000,-86000
051970,元黃金凱基98購01,0,0,0,0,0,0,0,0,0,-86000,0,0,0,0,86000,-86000,-86000
07259P,滬深2X國票01售01,0,0,0,0,0,0,0,0,0,-86000,0,0,0,0,86000,-86000,-86000
6558,興能高          ,12000,121800,-109800,0,0,0,0,18000,-18000,41000,41000,0,41000,0,0,0,-86800
058662,禾伸堂兆豐99購01,0,0,0,0,0,0,0,0,0,-87000,0,0,0,33000,120000,-87000,-87000
059281,創意永豐99購02  ,0,0,0,0,0,0,0,0,0,-87000,0,0,0,46000,133000,-87000,-87000
059260,國巨中信99購05  ,0,0,0,0,0,0,0,0,0,-87000,0,0,0,1000,88000,-87000,-87000
057475,聯電元大9A購01  ,0,0,0,0,0,0,0,0,0,-87000,0,0,0,23000,110000,-87000,-87000
1806,冠軍            ,24000,111000,-87000,0,0,0,0,0,0,0,0,0,0,0,0,0,-87000
06263P,燿華凱基97售04  ,0,0,0,0,0,0,0,0,0,-87000,0,0,0,1000,88000,-87000,-87000
057874,可成元大99購02  ,0,0,0,0,0,0,0,0,0,-88000,0,0,0,198000,286000,-88000,-88000
058015,旺宏凱基99購02  ,0,0,0,0,0,0,0,0,0,-88000,0,0,0,0,88000,-88000,-88000
059034,華通群益9B購02  ,0,0,0,0,0,0,0,0,0,-89000,0,0,0,11000,100000,-89000,-89000
058582,禾伸堂群益99購02,0,0,0,0,0,0,0,0,0,-89000,0,0,0,11000,100000,-89000,-89000
6283,淳安            ,21000,107000,-86000,0,0,0,0,0,0,-3000,0,3000,-3000,0,0,0,-89000
055435,佳世達中信99購01,0,0,0,0,0,0,0,0,0,-90000,0,0,0,0,90000,-90000,-90000
054410,國巨元大96購14  ,0,0,0,0,0,0,0,0,0,-90000,0,0,0,0,90000,-90000,-90000
056593,台積電元富98購02,0,0,0,0,0,0,0,0,0,-90000,0,0,0,0,90000,-90000,-90000
057656,大成鋼兆豐98購01,0,0,0,0,0,0,0,0,0,-90000,0,0,0,110000,200000,-90000,-90000
057405,麗豐群益98購01  ,0,0,0,0,0,0,0,0,0,-90000,0,0,0,10000,100000,-90000,-90000
057842,緯穎富邦99購02  ,0,0,0,0,0,0,0,0,0,-90000,0,0,0,10000,100000,-90000,-90000
049954,健策群益95購01  ,0,0,0,0,0,0,0,0,0,-90000,0,0,0,40000,130000,-90000,-90000
05142P,華新科台新95售01,0,0,0,0,0,0,0,0,0,-90000,0,0,0,11000,101000,-90000,-90000
03006X,元展06          ,0,0,0,0,0,0,0,0,0,-90000,0,0,0,0,90000,-90000,-90000
6451,訊芯-KY         ,632000,730000,-98000,0,0,0,0,6000,-6000,14000,0,0,0,16000,2000,14000,-90000
06866P,聯發科元大98售13,0,0,0,0,0,0,0,0,0,-90000,0,0,0,0,90000,-90000,-90000
8464,億豐            ,790000,967320,-177320,0,0,0,156000,45513,110487,-24000,0,24000,-24000,0,0,0,-90833
056118,聯詠群益97購03  ,0,0,0,0,0,0,0,0,0,-91000,0,0,0,329000,420000,-91000,-91000
03786P,鴻海群益94售02  ,0,0,0,0,0,0,0,0,0,-91000,0,0,0,0,91000,-91000,-91000
051000,台郡元大96購01  ,0,0,0,0,0,0,0,0,0,-91000,0,0,0,0,91000,-91000,-91000
2206,三陽工業        ,190000,261000,-71000,0,0,0,0,0,0,-20000,0,20000,-20000,0,0,0,-91000
054327,亞光台新96購02  ,0,0,0,0,0,0,0,0,0,-92000,0,0,0,0,92000,-92000,-92000
1217,愛之味          ,603000,695000,-92000,0,0,0,0,0,0,0,0,0,0,0,0,0,-92000
4960,誠美材          ,0,92000,-92000,0,0,0,0,0,0,0,0,0,0,0,0,0,-92000
1590,亞德客-KY       ,973969,1062443,-88474,0,0,0,129000,120325,8675,-13000,2000,19000,-17000,9000,5000,4000,-92799
058875,台表科國票9A購02,0,0,0,0,0,0,0,0,0,-93000,0,0,0,0,93000,-93000,-93000
04634P,臺股指群益94售09,0,0,0,0,0,0,0,0,0,-93000,0,0,0,1955000,2048000,-93000,-93000
6698,旭暉應材        ,61000,56000,5000,0,0,0,0,91000,-91000,-7000,0,7000,-7000,0,0,0,-93000
06307P,聚陽元富97售02  ,0,0,0,0,0,0,0,0,0,-94000,0,0,0,16000,110000,-94000,-94000
057919,技嘉凱基98購03  ,0,0,0,0,0,0,0,0,0,-95000,0,0,0,10000,105000,-95000,-95000
051991,泰碩元大95購02  ,0,0,0,0,0,0,0,0,0,-95000,0,0,0,20000,115000,-95000,-95000
05064P,台積電元大95售10,0,0,0,0,0,0,0,0,0,-95000,0,0,0,33000,128000,-95000,-95000
059411,臺股指國票99購17,0,0,0,0,0,0,0,0,0,-95000,0,0,0,0,95000,-95000,-95000
056858,國巨群益99購03  ,0,0,0,0,0,0,0,0,0,-96000,0,0,0,114000,210000,-96000,-96000
053352,義隆兆豐96購01  ,0,0,0,0,0,0,0,0,0,-96000,0,0,0,0,96000,-96000,-96000
00783,富邦中証500     ,0,662000,-662000,0,0,0,0,0,0,566000,0,0,0,1318000,752000,566000,-96000
08795P,聯發科凱基01售11,0,0,0,0,0,0,0,0,0,-96000,0,0,0,0,96000,-96000,-96000
07253P,台灣50凱基9A售05,0,0,0,0,0,0,0,0,0,-96000,0,0,0,0,96000,-96000,-96000
058014,上銀凱基99購02  ,0,0,0,0,0,0,0,0,0,-97000,0,0,0,0,97000,-97000,-97000
054516,國巨元大97購02  ,0,0,0,0,0,0,0,0,0,-97000,0,0,0,0,97000,-97000,-97000
057450,國泰金元富98購01,0,0,0,0,0,0,0,0,0,-97000,0,0,0,69000,166000,-97000,-97000
052738,聯電元大98購02  ,0,0,0,0,0,0,0,0,0,-97000,0,0,0,53000,150000,-97000,-97000
050988,廣達富邦95購01  ,0,0,0,0,0,0,0,0,0,-98000,0,0,0,0,98000,-98000,-98000
039212,台達電台新9A購01,0,0,0,0,0,0,0,0,0,-98000,0,0,0,1000,99000,-98000,-98000
048026,瑞昱凱基94購01  ,0,0,0,0,0,0,0,0,0,-98000,0,0,0,0,98000,-98000,-98000
1464,得力            ,297000,385000,-88000,0,0,0,0,10000,-10000,0,0,0,0,0,0,0,-98000
1442,名軒            ,61000,139000,-78000,0,0,0,0,23000,-23000,3000,3000,0,3000,0,0,0,-98000
06211P,鴻海元大98售04  ,0,0,0,0,0,0,0,0,0,-98000,0,0,0,18000,116000,-98000,-98000
07124P,台積電元大99售21,0,0,0,0,0,0,0,0,0,-98000,0,0,0,122000,220000,-98000,-98000
05164P,南亞科元富95售04,0,0,0,0,0,0,0,0,0,-99000,0,0,0,37000,136000,-99000,-99000
1701,中化            ,188000,287000,-99000,0,0,0,0,0,0,0,0,0,0,0,0,0,-99000
1308,亞聚            ,185000,284000,-99000,0,0,0,0,0,0,0,0,0,0,0,0,0,-99000
6552,易華電          ,456000,508000,-52000,0,0,0,0,0,0,-47000,1000,48000,-47000,0,0,0,-99000
4763,材料-KY         ,126000,133000,-7000,0,0,0,0,0,0,-92000,44000,136000,-92000,0,0,0,-99000
057217,奇力新群益99購01,0,0,0,0,0,0,0,0,0,-100000,0,0,0,0,100000,-100000,-100000
057117,開發金日盛9B購01,0,0,0,0,0,0,0,0,0,-100000,0,0,0,0,100000,-100000,-100000
054424,大成鋼富邦97購02,0,0,0,0,0,0,0,0,0,-100000,0,0,0,0,100000,-100000,-100000
058525,台虹元大99購02  ,0,0,0,0,0,0,0,0,0,-100000,0,0,0,60000,160000,-100000,-100000
055961,國泰金元大97購01,0,0,0,0,0,0,0,0,0,-100000,0,0,0,0,100000,-100000,-100000
055934,景碩群益98購03  ,0,0,0,0,0,0,0,0,0,-100000,0,0,0,0,100000,-100000,-100000
057491,美食元大98購03  ,0,0,0,0,0,0,0,0,0,-100000,0,0,0,0,100000,-100000,-100000
058507,美律元大9A購01  ,0,0,0,0,0,0,0,0,0,-100000,0,0,0,50000,150000,-100000,-100000
057840,健策富邦99購01  ,0,0,0,0,0,0,0,0,0,-100000,0,0,0,0,100000,-100000,-100000
057755,鴻海日盛98購01  ,0,0,0,0,0,0,0,0,0,-100000,0,0,0,0,100000,-100000,-100000
051643,瑞昱康和95購01  ,0,0,0,0,0,0,0,0,0,-100000,0,0,0,0,100000,-100000,-100000
045678,華新科元大95購01,0,0,0,0,0,0,0,0,0,-100000,0,0,0,0,100000,-100000,-100000
051926,聯電中信97購01  ,0,0,0,0,0,0,0,0,0,-100000,0,0,0,0,100000,-100000,-100000
03094X,大立光元大68展08,0,0,0,0,0,0,0,0,0,-100000,0,0,0,0,100000,-100000,-100000
052173,廣達元大95購02  ,0,0,0,0,0,0,0,0,0,-100000,0,0,0,0,100000,-100000,-100000
051378,奇力新群益95購01,0,0,0,0,0,0,0,0,0,-100000,0,0,0,0,100000,-100000,-100000
053886,亞光兆豐96購01  ,0,0,0,0,0,0,0,0,0,-100000,0,0,0,0,100000,-100000,-100000
051268,創意富邦97購01  ,0,0,0,0,0,0,0,0,0,-100000,0,0,0,0,100000,-100000,-100000
050399,潤泰全中信95購01,0,0,0,0,0,0,0,0,0,-100000,0,0,0,0,100000,-100000,-100000
052914,奇力新元富96購01,0,0,0,0,0,0,0,0,0,-100000,0,0,0,0,100000,-100000,-100000
058833,台表科永豐99購01,0,0,0,0,0,0,0,0,0,-100000,0,0,0,0,100000,-100000,-100000
5305,敦南            ,209000,309000,-100000,0,0,0,0,0,0,0,0,0,0,0,0,0,-100000
059387,華通凱基9A購03  ,0,0,0,0,0,0,0,0,0,-100000,0,0,0,0,100000,-100000,-100000
6192,巨路            ,93530,190000,-96470,0,0,0,0,1000,-1000,-3000,0,3000,-3000,0,0,0,-100470
059326,康友元大99購01  ,0,0,0,0,0,0,0,0,0,-101000,0,0,0,0,101000,-101000,-101000
058658,瑞儀中信99購01  ,0,0,0,0,0,0,0,0,0,-101000,0,0,0,10000,111000,-101000,-101000
057378,康友元大98購02  ,0,0,0,0,0,0,0,0,0,-101000,0,0,0,0,101000,-101000,-101000
056577,玉晶光元大99購06,0,0,0,0,0,0,0,0,0,-101000,0,0,0,110000,211000,-101000,-101000
058993,滬深反元大9C購01,0,0,0,0,0,0,0,0,0,-101000,0,0,0,0,101000,-101000,-101000
050809,鴻海凱基95購08  ,0,0,0,0,0,0,0,0,0,-101000,0,0,0,2000,103000,-101000,-101000
049040,亞光兆豐95購01  ,0,0,0,0,0,0,0,0,0,-101000,0,0,0,0,101000,-101000,-101000
2851,中再保          ,41000,124250,-83250,0,0,0,0,0,0,-18000,0,18000,-18000,0,0,0,-101250
057034,道瓊反元大9B購01,0,0,0,0,0,0,0,0,0,-102000,0,0,0,3000,105000,-102000,-102000
052152,創意富邦98購01  ,0,0,0,0,0,0,0,0,0,-102000,0,0,0,0,102000,-102000,-102000
059429,台積電元大99購35,0,0,0,0,0,0,0,0,0,-102000,0,0,0,25000,127000,-102000,-102000
057778,大立光群益98購02,0,0,0,0,0,0,0,0,0,-103000,0,0,0,0,103000,-103000,-103000
058694,鈺齊國票9A購02  ,0,0,0,0,0,0,0,0,0,-103000,0,0,0,0,103000,-103000,-103000
03674C,臺股指元富9C牛02,0,0,0,0,0,0,0,0,0,-103000,0,0,0,79000,182000,-103000,-103000
6120,達運            ,1123000,1210100,-87100,0,0,0,0,0,0,-16000,1000,17000,-16000,0,0,0,-103100
056223,華邦電凱基97購04,0,0,0,0,0,0,0,0,0,-104000,0,0,0,0,104000,-104000,-104000
055373,聯詠元大97購03  ,0,0,0,0,0,0,0,0,0,-104000,0,0,0,100000,204000,-104000,-104000
057030,滬深反元大9B購01,0,0,0,0,0,0,0,0,0,-105000,0,0,0,0,105000,-105000,-105000
055568,緯穎凱基97購02  ,0,0,0,0,0,0,0,0,0,-105000,0,0,0,10000,115000,-105000,-105000
053300,大成鋼凱基96購02,0,0,0,0,0,0,0,0,0,-105000,0,0,0,0,105000,-105000,-105000
06978P,聯發科富邦9B售02,0,0,0,0,0,0,0,0,0,-105000,0,0,0,261000,366000,-105000,-105000
07252P,台灣50凱基99售01,0,0,0,0,0,0,0,0,0,-105000,0,0,0,0,105000,-105000,-105000
059044,聯電日盛99購02  ,0,0,0,0,0,0,0,0,0,-106000,0,0,0,0,106000,-106000,-106000
058727,嘉晶富邦9A購01  ,0,0,0,0,0,0,0,0,0,-106000,0,0,0,710000,816000,-106000,-106000
058996,台達電元大99購02,0,0,0,0,0,0,0,0,0,-106000,0,0,0,37000,143000,-106000,-106000
053380,南亞科元大97購01,0,0,0,0,0,0,0,0,0,-107000,0,0,0,40000,147000,-107000,-107000
050548,華固凱基95購01  ,0,0,0,0,0,0,0,0,0,-108000,0,0,0,10000,118000,-108000,-108000
054810,中橡元大9A購01  ,0,0,0,0,0,0,0,0,0,-109000,0,0,0,31000,140000,-109000,-109000
049611,緯穎兆豐95購02  ,0,0,0,0,0,0,0,0,0,-109000,0,0,0,11000,120000,-109000,-109000
6668,中揚光          ,222000,331000,-109000,0,0,0,0,0,0,0,0,0,0,0,0,0,-109000
057527,億光元大98購01  ,0,0,0,0,0,0,0,0,0,-110000,0,0,0,180000,290000,-110000,-110000
057428,正崴兆豐98購01  ,0,0,0,0,0,0,0,0,0,-110000,0,0,0,0,110000,-110000,-110000
057055,立積元大99購01  ,0,0,0,0,0,0,0,0,0,-110000,0,0,0,0,110000,-110000,-110000
056616,台光電永豐98購01,0,0,0,0,0,0,0,0,0,-110000,0,0,0,0,110000,-110000,-110000
059082,華通元大99購06  ,0,0,0,0,0,0,0,0,0,-110000,0,0,0,0,110000,-110000,-110000
054510,S&P反1元大98購01,0,0,0,0,0,0,0,0,0,-110000,0,0,0,0,110000,-110000,-110000
058123,亞光國票9A購01  ,0,0,0,0,0,0,0,0,0,-110000,0,0,0,0,110000,-110000,-110000
040761,T50反1凱基95購02,0,0,0,0,0,0,0,0,0,-110000,0,0,0,0,110000,-110000,-110000
048295,泰鼎群益93購01  ,0,0,0,0,0,0,0,0,0,-110000,0,0,0,0,110000,-110000,-110000
058925,旭富元富99購02  ,0,0,0,0,0,0,0,0,0,-110000,0,0,0,0,110000,-110000,-110000
6491,晶碩            ,26000,136000,-110000,0,0,0,0,0,0,0,0,0,0,0,0,0,-110000
06482P,台積電凱基98售13,0,0,0,0,0,0,0,0,0,-110000,0,0,0,300000,410000,-110000,-110000
057340,玉晶光元富98購04,0,0,0,0,0,0,0,0,0,-111000,0,0,0,25000,136000,-111000,-111000
05244P,台積電元大95售17,0,0,0,0,0,0,0,0,0,-111000,0,0,0,270000,381000,-111000,-111000
052006,康友富邦98購01  ,0,0,0,0,0,0,0,0,0,-111000,0,0,0,0,111000,-111000,-111000
051001,緯穎元大96購02  ,0,0,0,0,0,0,0,0,0,-111000,0,0,0,10000,121000,-111000,-111000
051873,緯穎凱基95購02  ,0,0,0,0,0,0,0,0,0,-111000,0,0,0,11000,122000,-111000,-111000
8222,寶一            ,30000,22000,8000,0,0,0,0,119000,-119000,0,0,0,0,0,0,0,-111000
1319,東陽            ,916154,419000,497154,0,0,0,2000,525513,-523513,-85000,19000,56000,-37000,0,48000,-48000,-111359
059065,南電凱基9A購01  ,0,0,0,0,0,0,0,0,0,-112000,0,0,0,22000,134000,-112000,-112000
046813,聯電凱基96購01  ,0,0,0,0,0,0,0,0,0,-112000,0,0,0,139000,251000,-112000,-112000
2524,京城            ,88000,194000,-106000,0,0,0,0,8000,-8000,2000,2000,0,2000,0,0,0,-112000
06757P,台灣50元大9B售01,0,0,0,0,0,0,0,0,0,-112000,0,0,0,1000,113000,-112000,-112000
055759,技嘉群益98購02  ,0,0,0,0,0,0,0,0,0,-113000,0,0,0,67000,180000,-113000,-113000
055653,聯詠元富01購02  ,0,0,0,0,0,0,0,0,0,-113000,0,0,0,30000,143000,-113000,-113000
057483,微星元大98購04  ,0,0,0,0,0,0,0,0,0,-113000,0,0,0,12000,125000,-113000,-113000
05254P,瑞昱凱基95售04  ,0,0,0,0,0,0,0,0,0,-113000,0,0,0,0,113000,-113000,-113000
059370,玉晶光元富99購02,0,0,0,0,0,0,0,0,0,-113000,0,0,0,0,113000,-113000,-113000
054803,味全元大9A購01  ,0,0,0,0,0,0,0,0,0,-114000,0,0,0,0,114000,-114000,-114000
054742,京鼎凱基99購01  ,0,0,0,0,0,0,0,0,0,-114000,0,0,0,0,114000,-114000,-114000
059220,聯發科元大99購20,0,0,0,0,0,0,0,0,0,-114000,0,0,0,114000,228000,-114000,-114000
055624,聯發科富邦99購07,0,0,0,0,0,0,0,0,0,-115000,0,0,0,0,115000,-115000,-115000
055469,台光電凱基97購01,0,0,0,0,0,0,0,0,0,-115000,0,0,0,0,115000,-115000,-115000
056157,聯詠凱基97購03  ,0,0,0,0,0,0,0,0,0,-115000,0,0,0,2000,117000,-115000,-115000
056145,緯穎元大98購03  ,0,0,0,0,0,0,0,0,0,-115000,0,0,0,265000,380000,-115000,-115000
056230,可成凱基98購03  ,0,0,0,0,0,0,0,0,0,-115000,0,0,0,20000,135000,-115000,-115000
058857,元油2X日盛99購02,0,0,0,0,0,0,0,0,0,-115000,0,0,0,0,115000,-115000,-115000
053185,友達中信99購01  ,0,0,0,0,0,0,0,0,0,-115000,0,0,0,0,115000,-115000,-115000
057421,智原凱基98購04  ,0,0,0,0,0,0,0,0,0,-116000,0,0,0,0,116000,-116000,-116000
05540P,亞德客凱基96售01,0,0,0,0,0,0,0,0,0,-116000,0,0,0,20000,136000,-116000,-116000
051087,國巨元大97購01  ,0,0,0,0,0,0,0,0,0,-116000,0,0,0,0,116000,-116000,-116000
050831,超眾凱基95購01  ,0,0,0,0,0,0,0,0,0,-116000,0,0,0,0,116000,-116000,-116000
2527,宏璟            ,26000,19000,7000,0,0,0,0,0,0,-123000,2000,125000,-123000,0,0,0,-116000
2608,嘉里大榮        ,23000,122000,-99000,0,0,0,0,0,0,-17000,0,17000,-17000,0,0,0,-116000
057886,聯詠群益98購01  ,0,0,0,0,0,0,0,0,0,-117000,0,0,0,10000,127000,-117000,-117000
04777P,聯發科凱基94售10,0,0,0,0,0,0,0,0,0,-117000,0,0,0,3000,120000,-117000,-117000
059162,國巨凱基99購12  ,0,0,0,0,0,0,0,0,0,-118000,0,0,0,0,118000,-118000,-118000
053628,微星兆豐96購01  ,0,0,0,0,0,0,0,0,0,-118000,0,0,0,11000,129000,-118000,-118000
1229,聯華            ,930910,1016155,-85245,0,0,0,5000,19978,-14978,-18000,0,18000,-18000,0,0,0,-118223
054447,國泰金兆豐96購01,0,0,0,0,0,0,0,0,0,-119000,0,0,0,0,119000,-119000,-119000
054735,漢唐凱基98購01  ,0,0,0,0,0,0,0,0,0,-119000,0,0,0,0,119000,-119000,-119000
058839,瑞儀中信99購02  ,0,0,0,0,0,0,0,0,0,-119000,0,0,0,34000,153000,-119000,-119000
056694,欣興群益98購04  ,0,0,0,0,0,0,0,0,0,-120000,0,0,0,0,120000,-120000,-120000
057770,亞德客群益98購01,0,0,0,0,0,0,0,0,0,-120000,0,0,0,40000,160000,-120000,-120000
058661,臺股指中信9C購01,0,0,0,0,0,0,0,0,0,-120000,0,0,0,0,120000,-120000,-120000
051940,康舒群益95購01  ,0,0,0,0,0,0,0,0,0,-120000,0,0,0,0,120000,-120000,-120000
053490,為升兆豐97購01  ,0,0,0,0,0,0,0,0,0,-120000,0,0,0,0,120000,-120000,-120000
049415,智邦凱基94購02  ,0,0,0,0,0,0,0,0,0,-120000,0,0,0,0,120000,-120000,-120000
06142P,台虹康和97售02  ,0,0,0,0,0,0,0,0,0,-120000,0,0,0,0,120000,-120000,-120000
050441,和碩凱基94購01  ,0,0,0,0,0,0,0,0,0,-121000,0,0,0,0,121000,-121000,-121000
051299,致茂凱基95購01  ,0,0,0,0,0,0,0,0,0,-121000,0,0,0,0,121000,-121000,-121000
2059,川湖            ,34000,149000,-115000,0,0,0,0,1427,-1427,-5000,1000,6000,-5000,0,0,0,-121427
055217,緯創凱基97購02  ,0,0,0,0,0,0,0,0,0,-122000,0,0,0,0,122000,-122000,-122000
053494,南亞科兆豐96購02,0,0,0,0,0,0,0,0,0,-123000,0,0,0,7000,130000,-123000,-123000
053405,台達電兆豐96購01,0,0,0,0,0,0,0,0,0,-123000,0,0,0,0,123000,-123000,-123000
8114,振樺電          ,40000,160738,-120738,0,0,0,0,1000,-1000,-2000,0,2000,-2000,0,0,0,-123738
05549P,臺股指元大96售03,0,0,0,0,0,0,0,0,0,-124000,0,0,0,33000,157000,-124000,-124000
055637,亞德客元富97購01,0,0,0,0,0,0,0,0,0,-124000,0,0,0,30000,154000,-124000,-124000
044927,聯詠國泰94購01  ,0,0,0,0,0,0,0,0,0,-124000,0,0,0,10000,134000,-124000,-124000
052313,聯電元大98購01  ,0,0,0,0,0,0,0,0,0,-124000,0,0,0,61000,185000,-124000,-124000
058413,義隆兆豐99購01  ,0,0,0,0,0,0,0,0,0,-125000,0,0,0,10000,135000,-125000,-125000
059103,旭富元富99購03  ,0,0,0,0,0,0,0,0,0,-125000,0,0,0,0,125000,-125000,-125000
044088,國巨元富95購01  ,0,0,0,0,0,0,0,0,0,-125000,0,0,0,3000,128000,-125000,-125000
2420,新巨            ,72000,197000,-125000,0,0,0,0,0,0,0,0,0,0,0,0,0,-125000
059132,臺股指群益99購07,0,0,0,0,0,0,0,0,0,-126000,0,0,0,534000,660000,-126000,-126000
058725,美律富邦9A購01  ,0,0,0,0,0,0,0,0,0,-127000,0,0,0,0,127000,-127000,-127000
07254P,台灣50凱基9C售06,0,0,0,0,0,0,0,0,0,-127000,0,0,0,0,127000,-127000,-127000
052511,聯發科凱基95購14,0,0,0,0,0,0,0,0,0,-128000,0,0,0,0,128000,-128000,-128000
047476,鴻海凱基94購08  ,0,0,0,0,0,0,0,0,0,-128000,0,0,0,12000,140000,-128000,-128000
1519,華城            ,156000,234000,-78000,0,0,0,0,50000,-50000,0,0,0,0,0,0,0,-128000
9907,統一實          ,274000,402000,-128000,0,0,0,0,0,0,0,0,0,0,0,0,0,-128000
056036,鴻海凱基97購07  ,0,0,0,0,0,0,0,0,0,-129000,0,0,0,6000,135000,-129000,-129000
056231,嘉聯益凱基97購02,0,0,0,0,0,0,0,0,0,-129000,0,0,0,0,129000,-129000,-129000
056071,創意元大97購02  ,0,0,0,0,0,0,0,0,0,-130000,0,0,0,0,130000,-130000,-130000
054294,世芯元大96購02  ,0,0,0,0,0,0,0,0,0,-130000,0,0,0,0,130000,-130000,-130000
053085,華新科元大97購04,0,0,0,0,0,0,0,0,0,-130000,0,0,0,0,130000,-130000,-130000
051421,彩晶國票95購01  ,0,0,0,0,0,0,0,0,0,-130000,0,0,0,0,130000,-130000,-130000
052114,華固中信95購01  ,0,0,0,0,0,0,0,0,0,-130000,0,0,0,0,130000,-130000,-130000
054649,聯茂群益97購01  ,0,0,0,0,0,0,0,0,0,-131000,0,0,0,0,131000,-131000,-131000
055215,智邦凱基98購02  ,0,0,0,0,0,0,0,0,0,-131000,0,0,0,0,131000,-131000,-131000
1473,台南            ,26000,157000,-131000,0,0,0,0,0,0,0,0,0,0,0,0,0,-131000
07108P,FBVIX台新99售02 ,0,0,0,0,0,0,0,0,0,-131000,0,0,0,0,131000,-131000,-131000
053889,致茂群益97購01  ,0,0,0,0,0,0,0,0,0,-132000,0,0,0,0,132000,-132000,-132000
9941,裕融            ,148112,239000,-90888,0,0,0,6000,920,5080,-47000,0,47000,-47000,0,0,0,-132808
057724,亞德客國泰99購01,10000,0,10000,0,0,0,0,0,0,-143000,0,0,0,5000,148000,-143000,-133000
057206,立積元富98購01  ,0,0,0,0,0,0,0,0,0,-133000,0,0,0,12000,145000,-133000,-133000
059136,臺股指群益99購11,0,0,0,0,0,0,0,0,0,-134000,0,0,0,135000,269000,-134000,-134000
051939,同欣電群益97購01,0,0,0,0,0,0,0,0,0,-134000,0,0,0,50000,184000,-134000,-134000
054841,亞德客兆豐97購01,20000,20000,0,0,0,0,0,0,0,-135000,0,0,0,182000,317000,-135000,-135000
04917P,台積電凱基94售37,0,0,0,0,0,0,0,0,0,-135000,0,0,0,50000,185000,-135000,-135000
053553,聯詠凱基96購03  ,0,0,0,0,0,0,0,0,0,-135000,0,0,0,0,135000,-135000,-135000
052406,力成凱基95購03  ,0,0,0,0,0,0,0,0,0,-135000,0,0,0,0,135000,-135000,-135000
057444,台泥元富98購01  ,0,0,0,0,0,0,0,0,0,-136000,0,0,0,26000,162000,-136000,-136000
054302,鴻海凱基96購18  ,0,0,0,0,0,0,0,0,0,-136000,0,0,0,2000,138000,-136000,-136000
05253P,智邦凱基95售08  ,0,0,0,0,0,0,0,0,0,-136000,0,0,0,116000,252000,-136000,-136000
059285,台灣50元富01購02,0,0,0,0,0,0,0,0,0,-137000,0,0,0,203000,340000,-137000,-137000
058768,南港兆豐99購01  ,0,0,0,0,0,0,0,0,0,-137000,0,0,0,96000,233000,-137000,-137000
054158,國巨日盛99購01  ,0,0,0,0,0,0,0,0,0,-138000,0,0,0,0,138000,-138000,-138000
056637,台光電日盛9A購01,0,0,0,0,0,0,0,0,0,-138000,0,0,0,12000,150000,-138000,-138000
047418,智邦富邦97購01  ,0,0,0,0,0,0,0,0,0,-138000,0,0,0,151000,289000,-138000,-138000
6189,豐藝            ,84000,145000,-61000,0,0,0,0,0,0,-77000,0,77000,-77000,0,0,0,-138000
059036,可成群益9B購03  ,0,0,0,0,0,0,0,0,0,-139000,0,0,0,0,139000,-139000,-139000
050184,信邦元大94購01  ,0,0,0,0,0,0,0,0,0,-139000,0,0,0,110000,249000,-139000,-139000
8926,台汽電          ,499000,581000,-82000,0,0,0,1000,16000,-15000,-42000,0,42000,-42000,0,0,0,-139000
07123P,鴻海元大99售23  ,0,0,0,0,0,0,0,0,0,-139000,0,0,0,111000,250000,-139000,-139000
1531,高林股          ,24000,163000,-139000,0,0,0,0,0,0,0,0,0,0,0,0,0,-139000
054246,國巨元大96購12  ,0,0,0,0,0,0,0,0,0,-140000,0,0,0,0,140000,-140000,-140000
057635,中鋼元大98購01  ,0,0,0,0,0,0,0,0,0,-140000,0,0,0,70000,210000,-140000,-140000
056942,昇陽半元富98購01,0,0,0,0,0,0,0,0,0,-140000,0,0,0,0,140000,-140000,-140000
054796,康普群益98購01  ,0,0,0,0,0,0,0,0,0,-140000,0,0,0,0,140000,-140000,-140000
052025,國巨群益96購01  ,0,0,0,0,0,0,0,0,0,-140000,0,0,0,125000,265000,-140000,-140000
053465,聯電元大96購05  ,0,0,0,0,0,0,0,0,0,-140000,0,0,0,20000,160000,-140000,-140000
049716,台積電凱基94購24,0,0,0,0,0,0,0,0,0,-141000,0,0,0,0,141000,-141000,-141000
054369,鴻海中信9C購01  ,0,0,0,0,0,0,0,0,0,-142000,0,0,0,0,142000,-142000,-142000
057207,立積元富98購02  ,0,0,0,0,0,0,0,0,0,-142000,0,0,0,0,142000,-142000,-142000
056783,國巨群益99購01  ,0,0,0,0,0,0,0,0,0,-142000,0,0,0,128000,270000,-142000,-142000
1723,中碳            ,109000,291000,-182000,0,0,0,41000,1128,39872,0,0,0,0,0,0,0,-142128
059139,全新兆豐9A購01  ,0,0,0,0,0,0,0,0,0,-143000,0,0,0,0,143000,-143000,-143000
047995,台達電元大96購01,0,0,0,0,0,0,0,0,0,-143000,0,0,0,0,143000,-143000,-143000
054072,台積電富邦98購02,0,0,0,0,0,0,0,0,0,-144000,0,0,0,10000,154000,-144000,-144000
055385,昇陽半元大98購01,0,0,0,0,0,0,0,0,0,-144000,0,0,0,0,144000,-144000,-144000
058653,光寶科中信9A購01,0,0,0,0,0,0,0,0,0,-145000,0,0,0,48000,193000,-145000,-145000
053888,和大群益97購01  ,0,0,0,0,0,0,0,0,0,-145000,0,0,0,0,145000,-145000,-145000
050188,貿聯元大96購01  ,0,0,0,0,0,0,0,0,0,-145000,0,0,0,5000,150000,-145000,-145000
054383,傳奇群益97購01  ,0,0,0,0,0,0,0,0,0,-146000,0,0,0,0,146000,-146000,-146000
057123,上銀凱基98購05  ,0,0,0,0,0,0,0,0,0,-147000,0,0,0,0,147000,-147000,-147000
050169,臺指反元大97購01,0,0,0,0,0,0,0,0,0,-147000,0,0,0,0,147000,-147000,-147000
053502,智伸科兆豐97購01,0,0,0,0,0,0,0,0,0,-147000,0,0,0,0,147000,-147000,-147000
2505,國揚            ,173000,325000,-152000,0,0,0,0,0,0,5000,0,0,0,5000,0,5000,-147000
2207,和泰車          ,833069,1044004,-210935,0,0,0,70000,2862,67138,-4000,0,3000,-3000,0,1000,-1000,-147797
059362,健策永豐99購03  ,0,0,0,0,0,0,0,0,0,-148000,0,0,0,10000,158000,-148000,-148000
054745,智易凱基97購01  ,0,0,0,0,0,0,0,0,0,-150000,0,0,0,0,150000,-150000,-150000
057254,友達麥證98購01  ,0,0,0,0,150000,-150000,0,0,0,-150000,0,0,0,0,150000,-150000,-150000
057458,TPK富邦9A購01   ,0,0,0,0,0,0,0,0,0,-150000,0,0,0,0,150000,-150000,-150000
04225P,台積電元富94售02,0,0,0,0,0,0,0,0,0,-150000,0,0,0,40000,190000,-150000,-150000
052938,華新科兆豐96購01,0,0,0,0,0,0,0,0,0,-150000,0,0,0,0,150000,-150000,-150000
052989,麗豐元大98購01  ,0,0,0,0,0,0,0,0,0,-150000,0,0,0,0,150000,-150000,-150000
052684,旺宏元大98購01  ,0,0,0,0,0,0,0,0,0,-150000,0,0,0,0,150000,-150000,-150000
052122,新光金國票96購01,0,0,0,0,0,0,0,0,0,-150000,0,0,0,0,150000,-150000,-150000
07256P,臺股指凱基99售36,0,0,0,0,0,0,0,0,0,-150000,0,0,0,599000,749000,-150000,-150000
06762P,智邦元大98售11  ,0,0,0,0,0,0,0,0,0,-150000,0,0,0,2000,152000,-150000,-150000
054371,台積電中信9C購01,0,0,0,0,0,0,0,0,0,-151000,0,0,0,35000,186000,-151000,-151000
059315,鴻海元大99購30  ,0,0,0,0,0,0,0,0,0,-151000,0,0,0,255000,406000,-151000,-151000
055613,全新國票98購01  ,0,0,0,0,0,0,0,0,0,-151000,0,0,0,0,151000,-151000,-151000
3557,嘉威            ,17000,168000,-151000,0,0,0,0,0,0,0,0,0,0,0,0,0,-151000
057502,訊芯群益98購02  ,0,0,0,0,0,0,0,0,0,-152000,0,0,0,0,152000,-152000,-152000
3090,日電貿          ,384000,468790,-84790,0,0,0,0,0,0,-68000,0,66000,-66000,1000,3000,-2000,-152790
058907,健策元大99購04  ,0,0,0,0,0,0,0,0,0,-153000,0,0,0,100000,253000,-153000,-153000
056362,聯發科元大99購01,0,0,0,0,0,0,0,0,0,-154000,0,0,0,0,154000,-154000,-154000
054129,技嘉元大96購02  ,0,0,0,0,0,0,0,0,0,-154000,0,0,0,0,154000,-154000,-154000
058161,T50反1日盛03購01,0,0,0,0,0,0,0,0,0,-154000,0,0,0,48000,202000,-154000,-154000
059252,聯詠凱基99購03  ,0,0,0,0,0,0,0,0,0,-154000,0,0,0,0,154000,-154000,-154000
057879,電子類元大99購02,0,0,0,0,0,0,0,0,0,-154000,0,0,0,0,154000,-154000,-154000
07164P,臺股指群益99售15,0,0,0,0,0,0,0,0,0,-154000,0,0,0,21000,175000,-154000,-154000
050149,東元群益94購01  ,0,0,0,0,0,0,0,0,0,-155000,0,0,0,0,155000,-155000,-155000
056173,廣達元富97購01  ,0,0,0,0,0,0,0,0,0,-156000,0,0,0,43000,199000,-156000,-156000
055501,創意元大97購01  ,0,0,0,0,0,0,0,0,0,-157000,0,0,0,3000,160000,-157000,-157000
048221,鴻海凱基95購01  ,0,0,0,0,0,0,0,0,0,-157000,0,0,0,4000,161000,-157000,-157000
1762,中化生          ,199000,356000,-157000,0,0,0,0,0,0,0,0,0,0,0,0,0,-157000
04560P,台積電凱基94售16,0,0,0,0,0,0,0,0,0,-158000,0,0,0,2000,160000,-158000,-158000
07189P,聯發科富邦9B售03,0,0,0,0,0,0,0,0,0,-158000,0,0,0,2000,160000,-158000,-158000
059304,華新科兆豐99購06,0,0,0,0,0,0,0,0,0,-158000,0,0,0,20000,178000,-158000,-158000
4994,傳奇            ,4000,158000,-154000,0,0,0,0,0,0,-4000,0,0,0,0,4000,-4000,-158000
057809,英業達元大98購01,0,0,0,0,0,0,0,0,0,-160000,0,0,0,0,160000,-160000,-160000
057591,鴻海兆豐99購01  ,0,0,0,0,0,0,0,0,0,-160000,0,0,0,10000,170000,-160000,-160000
055196,致新元富97購01  ,0,0,0,0,0,0,0,0,0,-160000,0,0,0,0,160000,-160000,-160000
04745P,祥碩元大94售04  ,0,0,0,0,0,0,0,0,0,-160000,0,0,0,40000,200000,-160000,-160000
03013X,元展13          ,0,0,0,0,0,0,0,0,0,-160000,0,0,0,0,160000,-160000,-160000
052658,友達元富9C購01  ,0,0,0,0,0,0,0,0,0,-160000,0,0,0,0,160000,-160000,-160000
055197,致新元富97購02  ,0,0,0,0,0,0,0,0,0,-161000,0,0,0,0,161000,-161000,-161000
056499,鴻海富邦98購02  ,0,0,0,0,0,0,0,0,0,-161000,0,0,0,0,161000,-161000,-161000
3708,上緯投控        ,187000,78000,109000,0,0,0,0,267000,-267000,-3000,0,3000,-3000,0,0,0,-161000
1712,興農            ,359000,385000,-26000,0,0,0,0,3000,-3000,-133000,0,133000,-133000,0,0,0,-162000
057576,南亞科第一9C購01,0,0,0,0,0,0,0,0,0,-164000,0,0,0,0,164000,-164000,-164000
9917,中保科          ,245000,512869,-267869,0,0,0,186000,4697,181303,-78000,0,78000,-78000,0,0,0,-164566
054929,群電凱基97購01  ,0,0,0,0,0,0,0,0,0,-165000,0,0,0,0,165000,-165000,-165000
055999,電子類富邦99購01,0,0,0,0,0,0,0,0,0,-165000,0,0,0,0,165000,-165000,-165000
059276,可成元大99購06  ,0,0,0,0,0,0,0,0,0,-165000,0,0,0,67000,232000,-165000,-165000
056472,美律元大99購03  ,0,0,0,0,0,0,0,0,0,-166000,0,0,0,106000,272000,-166000,-166000
2328,廣宇            ,433000,563000,-130000,0,0,0,0,11000,-11000,-25000,34000,59000,-25000,0,0,0,-166000
057541,台灣50康和9A購04,0,0,0,0,0,0,0,0,0,-167000,0,0,0,0,167000,-167000,-167000
055479,GIS凱基97購04   ,0,0,0,0,0,0,0,0,0,-168000,0,0,0,0,168000,-168000,-168000
057825,和碩元大98購02  ,0,0,0,0,0,0,0,0,0,-168000,0,0,0,8000,176000,-168000,-168000
052234,GIS凱基97購01   ,0,0,0,0,0,0,0,0,0,-169000,0,0,0,0,169000,-169000,-169000
050892,聯電元大96購02  ,0,0,0,0,0,0,0,0,0,-169000,0,0,0,60000,229000,-169000,-169000
053173,矽格群益97購01  ,0,0,0,0,0,0,0,0,0,-169000,0,0,0,0,169000,-169000,-169000
05176P,台積電凱基95售11,0,0,0,0,0,0,0,0,0,-169000,0,0,0,1000,170000,-169000,-169000
4934,太極            ,307000,476000,-169000,0,0,0,0,0,0,0,0,0,0,0,0,0,-169000
054417,牧德元大96購01  ,0,0,0,0,0,0,0,0,0,-170000,0,0,0,0,170000,-170000,-170000
055446,奇力新統一9A購01,0,0,0,0,0,0,0,0,0,-170000,0,0,0,0,170000,-170000,-170000
0061,元大寶滬深      ,4000,95000,-91000,0,0,0,0,0,0,-79000,0,0,0,0,79000,-79000,-170000
04973P,台積電凱基94售41,0,0,0,0,0,0,0,0,0,-170000,0,0,0,0,170000,-170000,-170000
053026,奇力新富邦98購01,0,0,0,0,0,0,0,0,0,-170000,0,0,0,0,170000,-170000,-170000
3704,合勤控          ,448000,625000,-177000,0,0,0,0,0,0,7000,0,3000,-3000,20000,10000,10000,-170000
3016,嘉晶            ,1042000,1209535,-167535,0,0,0,0,0,0,-3000,1000,1000,0,83000,86000,-3000,-170535
045231,南電元大94購01  ,0,0,0,0,0,0,0,0,0,-172000,0,0,0,94000,266000,-172000,-172000
059056,技嘉凱基99購02  ,0,0,0,0,0,0,0,0,0,-172000,0,0,0,0,172000,-172000,-172000
057539,南茂元大98購02  ,0,0,0,0,0,0,0,0,0,-173000,0,0,0,63000,236000,-173000,-173000
056449,義隆凱基98購03  ,0,0,0,0,0,0,0,0,0,-174000,0,0,0,10000,184000,-174000,-174000
06730P,祥碩元大98售07  ,0,0,0,0,0,0,0,0,0,-174000,0,0,0,10000,184000,-174000,-174000
051684,瑞昱凱基95購02  ,0,0,0,0,0,0,0,0,0,-174000,0,0,0,0,174000,-174000,-174000
1810,和成            ,63000,237000,-174000,0,0,0,0,0,0,0,0,0,0,0,0,0,-174000
06660P,大立光富邦9B售03,0,0,0,0,0,0,0,0,0,-175000,0,0,0,49000,224000,-175000,-175000
00752,中信中國50      ,2000,2000,0,0,0,0,0,0,0,-175000,0,0,0,675000,850000,-175000,-175000
050515,聯電元大96購01  ,0,0,0,0,0,0,0,0,0,-175000,0,0,0,25000,200000,-175000,-175000
3010,華立            ,93000,263000,-170000,0,0,0,0,5000,-5000,0,0,0,0,0,0,0,-175000
059292,華新科元富9B購02,0,0,0,0,0,0,0,0,0,-176000,0,0,0,0,176000,-176000,-176000
058995,台達電元大99購01,0,0,0,0,0,0,0,0,0,-178000,0,0,0,0,178000,-178000,-178000
2707,晶華            ,81000,224000,-143000,0,0,0,0,361,-361,-35000,0,35000,-35000,0,0,0,-178361
056839,台光電元富98購02,0,0,0,0,0,0,0,0,0,-180000,0,0,0,0,180000,-180000,-180000
055668,欣興群益97購01  ,0,0,0,0,0,0,0,0,0,-180000,0,0,0,0,180000,-180000,-180000
058546,玉晶光富邦9B購01,0,0,0,0,0,0,0,0,0,-180000,0,0,0,0,180000,-180000,-180000
056289,合勤控永豐97購01,30000,0,30000,0,0,0,0,0,0,-210000,0,0,0,0,210000,-210000,-180000
050368,國巨元大94購14  ,0,0,0,0,0,0,0,0,0,-180000,0,0,0,0,180000,-180000,-180000
049946,智邦兆豐95購01  ,0,0,0,0,0,0,0,0,0,-180000,0,0,0,0,180000,-180000,-180000
052622,貿聯兆豐97購01  ,0,0,0,0,0,0,0,0,0,-180000,0,0,0,0,180000,-180000,-180000
051912,健鼎元大96購01  ,0,0,0,0,0,0,0,0,0,-180000,0,0,0,0,180000,-180000,-180000
045468,健策元大94購01  ,0,0,0,0,0,0,0,0,0,-180000,0,0,0,50000,230000,-180000,-180000
054919,興富發凱基97購01,0,0,0,0,0,0,0,0,0,-181000,0,0,0,0,181000,-181000,-181000
058726,宏達電富邦9A購01,0,0,0,0,0,0,0,0,0,-181000,0,0,0,0,181000,-181000,-181000
2905,三商            ,294000,475000,-181000,0,0,0,0,0,0,0,0,0,0,0,0,0,-181000
057838,台郡國泰99購01  ,0,0,0,0,0,0,0,0,0,-183000,0,0,0,2000,185000,-183000,-183000
058773,和碩兆豐99購01  ,0,0,0,0,0,0,0,0,0,-183000,0,0,0,138000,321000,-183000,-183000
057493,聯詠元大98購02  ,0,0,0,0,0,0,0,0,0,-185000,0,0,0,134000,319000,-185000,-185000
2108,南帝            ,233000,411200,-178200,0,0,0,0,8000,-8000,1000,1000,0,1000,0,0,0,-185200
2836,高雄銀          ,208000,396000,-188000,0,0,0,0,0,0,2000,2000,0,2000,0,0,0,-186000
056199,美律永豐97購01  ,0,0,0,0,0,0,0,0,0,-187000,0,0,0,0,187000,-187000,-187000
058879,智邦富邦99購01  ,0,0,0,0,0,0,0,0,0,-187000,0,0,0,10000,197000,-187000,-187000
047694,SP黃豆國票9B購01,0,0,0,0,0,0,0,0,0,-187000,0,0,0,10000,197000,-187000,-187000
08663P,台灣50元大96售01,0,0,0,0,0,0,0,0,0,-187000,0,0,0,11000,198000,-187000,-187000
055083,康友中信97購01  ,0,0,0,0,0,0,0,0,0,-188000,0,0,0,0,188000,-188000,-188000
057598,鴻海群益98購07  ,0,0,0,0,0,0,0,0,0,-190000,0,0,0,23000,213000,-190000,-190000
057736,鴻海富邦99購04  ,0,0,0,0,0,0,0,0,0,-190000,0,0,0,0,190000,-190000,-190000
056721,台灣50永昌9A購01,0,0,0,0,0,0,0,0,0,-190000,0,0,0,192000,382000,-190000,-190000
048874,玉晶光國票96購01,0,0,0,0,0,0,0,0,0,-190000,0,0,0,0,190000,-190000,-190000
07255P,國巨凱基99售15  ,0,0,0,0,0,0,0,0,0,-190000,0,0,0,0,190000,-190000,-190000
2855,統一證          ,271000,427000,-156000,0,0,0,0,34000,-34000,0,0,0,0,0,0,0,-190000
059303,國巨兆豐99購04  ,0,0,0,0,0,0,0,0,0,-190000,0,0,0,444000,634000,-190000,-190000
058467,日月光中信9A購01,0,0,0,0,0,0,0,0,0,-191000,0,0,0,10000,201000,-191000,-191000
051843,聯發科富邦99購01,0,0,0,0,0,0,0,0,0,-193000,0,0,0,0,193000,-193000,-193000
04197P,台積電亞東94售01,0,0,0,0,0,0,0,0,0,-193000,0,0,0,536000,729000,-193000,-193000
2227,裕日車          ,52000,128850,-76850,0,0,0,1000,3616,-2616,-114000,16000,130000,-114000,0,0,0,-193466
05650P,台積電富邦96售01,0,0,0,0,0,0,0,0,0,-194000,0,0,0,480000,674000,-194000,-194000
04835P,鴻海元大94售18  ,0,0,0,0,0,0,0,0,0,-195000,0,0,0,290000,485000,-195000,-195000
05216P,國巨永豐95售02  ,0,0,0,0,0,0,0,0,0,-195000,0,0,0,0,195000,-195000,-195000
06847P,奇力新元大98售05,0,0,0,0,0,0,0,0,0,-195000,0,0,0,5000,200000,-195000,-195000
055456,上銀富邦99購01  ,0,0,0,0,0,0,0,0,0,-196000,0,0,0,65000,261000,-196000,-196000
053736,友達麥證96購01  ,0,0,0,0,198000,-198000,0,0,0,-198000,0,0,0,0,198000,-198000,-198000
05492P,聯茂元大95售02  ,0,0,0,0,0,0,0,0,0,-199000,0,0,0,21000,220000,-199000,-199000
057257,台泥兆豐99購01  ,0,0,0,0,0,0,0,0,0,-199000,0,0,0,59000,258000,-199000,-199000
056792,訊芯群益98購01  ,0,0,0,0,0,0,0,0,0,-199000,0,0,0,0,199000,-199000,-199000
051232,貿聯群益95購02  ,0,0,0,0,0,0,0,0,0,-199000,0,0,0,0,199000,-199000,-199000
047926,可成凱基94購02  ,0,0,0,0,0,0,0,0,0,-199000,0,0,0,0,199000,-199000,-199000
04623P,台積電元大94售13,0,0,0,0,0,0,0,0,0,-199000,0,0,0,280000,479000,-199000,-199000
055726,台表科元大98購03,0,0,0,0,0,0,0,0,0,-200000,0,0,0,0,200000,-200000,-200000
058417,國巨麥證99購01  ,0,0,0,0,220000,-220000,0,0,0,-200000,0,0,0,20000,220000,-200000,-200000
058013,SP黃豆凱基9A購01,0,0,0,0,0,0,0,0,0,-200000,0,0,0,0,200000,-200000,-200000
057258,中環兆豐98購01  ,0,0,0,0,0,0,0,0,0,-200000,0,0,0,0,200000,-200000,-200000
057213,華邦電群益98購01,0,0,0,0,0,0,0,0,0,-200000,0,0,0,0,200000,-200000,-200000
057302,福懋科中信98購01,0,0,0,0,0,0,0,0,0,-200000,0,0,0,0,200000,-200000,-200000
057383,玉晶光富邦9A購01,0,0,0,0,0,0,0,0,0,-200000,0,0,0,0,200000,-200000,-200000
056501,貿聯富邦99購01  ,0,0,0,0,0,0,0,0,0,-200000,0,0,0,0,200000,-200000,-200000
058501,S&P正2元大99購01,0,0,0,0,0,0,0,0,0,-200000,0,0,0,0,200000,-200000,-200000
051804,新光金日盛95購01,0,0,0,0,0,0,0,0,0,-200000,0,0,0,0,200000,-200000,-200000
053506,南茂兆豐97購01  ,0,0,0,0,0,0,0,0,0,-200000,0,0,0,72000,272000,-200000,-200000
047345,鴻海凱基94購06  ,0,0,0,0,0,0,0,0,0,-200000,0,0,0,0,200000,-200000,-200000
051073,同欣電國票96購01,0,0,0,0,0,0,0,0,0,-200000,0,0,0,0,200000,-200000,-200000
07099P,台積電元大99售19,0,0,0,0,0,0,0,0,0,-200000,0,0,0,0,200000,-200000,-200000
058770,貿聯兆豐9A購01  ,0,0,0,0,0,0,0,0,0,-202000,0,0,0,409000,611000,-202000,-202000
053463,可成富邦98購01  ,0,0,0,0,0,0,0,0,0,-202000,0,0,0,0,202000,-202000,-202000
058943,元石油群益9C購01,0,0,0,0,0,0,0,0,0,-203000,0,0,0,42000,245000,-203000,-203000
05052P,友達群益97售01  ,0,0,0,0,0,0,0,0,0,-203000,0,0,0,26000,229000,-203000,-203000
5531,鄉林            ,255000,458000,-203000,0,0,0,0,0,0,0,0,0,0,0,0,0,-203000
057835,華擎元富9B購01  ,0,0,0,0,0,0,0,0,0,-204000,0,0,0,88000,292000,-204000,-204000
057105,致茂群益9A購01  ,0,0,0,0,0,0,0,0,0,-205000,0,0,0,0,205000,-205000,-205000
4766,南寶            ,394000,612000,-218000,0,0,0,0,0,0,13000,13000,0,13000,0,0,0,-205000
058115,台光電中信99購01,0,0,0,0,0,0,0,0,0,-206000,0,0,0,59000,265000,-206000,-206000
2034,允強            ,209000,415000,-206000,0,0,0,0,0,0,0,0,0,0,0,0,0,-206000
049130,臺指反元大98購01,0,0,0,0,0,0,0,0,0,-207000,0,0,0,64000,271000,-207000,-207000
050808,台達電凱基96購02,0,0,0,0,0,0,0,0,0,-208000,0,0,0,0,208000,-208000,-208000
2637,慧洋-KY         ,627000,809000,-182000,0,0,0,1000,2063,-1063,-25000,0,21000,-21000,0,4000,-4000,-208063
2881A,富邦特          ,0,18000,-18000,0,0,0,0,80000,-80000,-111000,2000,113000,-111000,0,0,0,-209000
2882A,國泰特          ,0,0,0,0,0,0,0,70000,-70000,-139000,0,139000,-139000,0,0,0,-209000
058684,健策凱基99購02  ,0,0,0,0,0,0,0,0,0,-210000,0,0,0,6000,216000,-210000,-210000
6706,惠特            ,101000,191000,-90000,0,0,0,0,120000,-120000,0,0,0,0,0,0,0,-210000
00668,國泰美國道瓊    ,0,256000,-256000,0,0,0,0,0,0,45000,0,0,0,139000,94000,45000,-211000
047688,亞德客富邦95購01,0,0,0,0,0,0,0,0,0,-211000,0,0,0,0,211000,-211000,-211000
8271,宇瞻            ,482000,609000,-127000,0,0,0,0,0,0,-87000,0,87000,-87000,0,0,0,-214000
051799,台積電永豐96購01,0,0,0,0,0,0,0,0,0,-215000,0,0,0,0,215000,-215000,-215000
053804,富邦金凱基96購01,0,0,0,0,0,0,0,0,0,-216000,0,0,0,0,216000,-216000,-216000
4935,茂林-KY         ,143000,631000,-488000,0,0,0,397000,155000,242000,30000,19000,0,19000,15000,4000,11000,-216000
2412,中華電          ,14419690,14213018,206672,0,0,0,415000,35285,379715,-803000,36000,815000,-779000,0,24000,-24000,-216613
057284,新日興元大98購03,0,0,0,0,0,0,0,0,0,-217000,0,0,0,33000,250000,-217000,-217000
052221,東元凱基95購01  ,0,0,0,0,0,0,0,0,0,-217000,0,0,0,0,217000,-217000,-217000
055850,聯詠元大97購06  ,0,0,0,0,0,0,0,0,0,-218000,0,0,0,200000,418000,-218000,-218000
07159P,台積電永豐99售04,0,0,0,0,0,0,0,0,0,-219000,0,0,0,0,219000,-219000,-219000
06015P,大立光富邦98售04,0,0,0,0,0,0,0,0,0,-219000,0,0,0,34000,253000,-219000,-219000
6230,超眾            ,333000,625000,-292000,0,0,0,60000,0,60000,13000,0,0,0,79000,66000,13000,-219000
057195,南茂元大98購01  ,0,0,0,0,0,0,0,0,0,-220000,0,0,0,91000,311000,-220000,-220000
056017,台積電群益97購04,0,0,0,0,0,0,0,0,0,-220000,0,0,0,0,220000,-220000,-220000
053582,英業達元大97購01,0,0,0,0,0,0,0,0,0,-220000,0,0,0,0,220000,-220000,-220000
9934,成霖            ,106000,318000,-212000,0,0,0,0,8000,-8000,0,0,0,0,0,0,0,-220000
1582,信錦            ,143000,348000,-205000,0,0,0,0,1000,-1000,-14000,0,14000,-14000,0,0,0,-220000
054819,裕民元大9A購01  ,0,0,0,0,0,0,0,0,0,-221000,0,0,0,0,221000,-221000,-221000
058079,鴻海群益98購08  ,0,0,0,0,0,0,0,0,0,-221000,0,0,0,3000,224000,-221000,-221000
053487,台泥兆豐97購01  ,0,0,0,0,0,0,0,0,0,-223000,0,0,0,103000,326000,-223000,-223000
00662,富邦NASDAQ      ,1000,3000,-2000,0,0,0,0,0,0,-222000,0,0,0,48000,270000,-222000,-224000
058670,鴻海群益9A購03  ,0,0,0,0,0,0,0,0,0,-225000,0,0,0,0,225000,-225000,-225000
04834P,鴻海元大94售17  ,0,0,0,0,0,0,0,0,0,-228000,0,0,0,570000,798000,-228000,-228000
059389,國巨凱基99購14  ,0,0,0,0,0,0,0,0,0,-228000,0,0,0,0,228000,-228000,-228000
8131,福懋科          ,211000,435000,-224000,0,0,0,0,4000,-4000,0,0,0,0,0,0,0,-228000
058587,台積電中信9C購03,0,0,0,0,0,0,0,0,0,-229000,0,0,0,0,229000,-229000,-229000
03638C,T50反1元大94牛03,0,0,0,0,0,0,0,0,0,-229000,0,0,0,23000,252000,-229000,-229000
056467,上証2X元大98購02,0,0,0,0,0,0,0,0,0,-230000,0,0,0,0,230000,-230000,-230000
057658,玉晶光兆豐99購02,0,0,0,0,0,0,0,0,0,-230000,0,0,0,1000000,1230000,-230000,-230000
052354,健策群益96購02  ,0,0,0,0,0,0,0,0,0,-230000,0,0,0,170000,400000,-230000,-230000
057516,和鑫元富98購01  ,0,0,0,0,0,0,0,0,0,-231000,0,0,0,70000,301000,-231000,-231000
059288,旺宏元富99購03  ,0,0,0,0,0,0,0,0,0,-232000,0,0,0,0,232000,-232000,-232000
053127,貿聯凱基97購01  ,0,0,0,0,0,0,0,0,0,-232000,0,0,0,0,232000,-232000,-232000
059189,國泰金富邦9B購01,0,0,0,0,0,0,0,0,0,-232000,0,0,0,1000,233000,-232000,-232000
048797,美律國泰95購02  ,0,0,0,0,0,0,0,0,0,-235000,0,0,0,0,235000,-235000,-235000
052885,高鐵兆豐98購01  ,0,0,0,0,0,0,0,0,0,-236000,0,0,0,0,236000,-236000,-236000
053499,禾伸堂兆豐96購01,0,0,0,0,0,0,0,0,0,-237000,0,0,0,22000,259000,-237000,-237000
057173,南亞科元大98購04,0,0,0,0,0,0,0,0,0,-240000,0,0,0,70000,310000,-240000,-240000
07158P,FBVIX國泰9C售01 ,0,0,0,0,0,0,0,0,0,-240000,0,0,0,29000,269000,-240000,-240000
6196,帆宣            ,641000,912760,-271760,0,0,0,30000,0,30000,1000,0,0,0,2000,1000,1000,-240760
057953,聚陽元大98購01  ,0,0,0,0,0,0,0,0,0,-241000,0,0,0,640000,881000,-241000,-241000
059209,華通元大99購08  ,0,0,0,0,0,0,0,0,0,-242000,0,0,0,3000,245000,-242000,-242000
051266,國巨富邦99購01  ,0,0,0,0,0,0,0,0,0,-242000,0,0,0,0,242000,-242000,-242000
052256,台泥國泰96購01  ,0,0,0,0,0,0,0,0,0,-242000,0,0,0,12000,254000,-242000,-242000
058531,華通元富99購01  ,0,0,0,0,0,0,0,0,0,-244000,0,0,0,0,244000,-244000,-244000
058568,宏達電凱基9A購02,0,0,0,0,0,0,0,0,0,-247000,0,0,0,282000,529000,-247000,-247000
1611,中電            ,138000,385000,-247000,0,0,0,0,0,0,0,0,0,0,0,0,0,-247000
051381,玉晶光群益98購01,0,0,0,0,0,0,0,0,0,-249000,0,0,0,70000,319000,-249000,-249000
055937,康舒群益97購01  ,0,0,0,0,0,0,0,0,0,-250000,0,0,0,0,250000,-250000,-250000
050514,聯電元大94購01  ,0,0,0,0,0,0,0,0,0,-250000,0,0,0,50000,300000,-250000,-250000
053683,上証2X元大96購03,0,0,0,0,0,0,0,0,0,-250000,0,0,0,0,250000,-250000,-250000
04686P,台積電凱基94售23,0,0,0,0,0,0,0,0,0,-250000,0,0,0,40000,290000,-250000,-250000
04728P,美律亞東94售02  ,0,0,0,0,0,0,0,0,0,-250000,0,0,0,10000,260000,-250000,-250000
2499,東貝            ,173000,424000,-251000,0,0,0,0,0,0,1000,1000,0,1000,0,0,0,-250000
059186,華通富邦9A購01  ,0,0,0,0,0,0,0,0,0,-250000,0,0,0,220000,470000,-250000,-250000
054205,華新國票97購02  ,0,0,0,0,0,0,0,0,0,-251000,0,0,0,0,251000,-251000,-251000
04346P,大立光兆豐95售02,0,0,0,0,0,0,0,0,0,-251000,0,0,0,1000,252000,-251000,-251000
053489,上銀兆豐97購01  ,0,0,0,0,0,0,0,0,0,-252000,0,0,0,0,252000,-252000,-252000
2607,榮運            ,152000,407000,-255000,0,0,0,0,0,0,0,0,0,0,0,0,0,-255000
057562,奇鋐兆豐98購01  ,0,0,0,0,0,0,0,0,0,-256000,0,0,0,24000,280000,-256000,-256000
00635U,元大S&P黃金     ,1000,0,1000,0,0,0,0,0,0,-257000,0,0,0,207000,464000,-257000,-256000
1305,華夏            ,770000,1049000,-279000,0,0,0,25000,3000,22000,0,0,0,0,0,0,0,-257000
2360,致茂            ,921000,1225530,-304530,0,0,0,60000,2683,57317,-10000,4000,14000,-10000,4000,4000,0,-257213
054751,GIS凱基98購01   ,0,0,0,0,0,0,0,0,0,-258000,0,0,0,0,258000,-258000,-258000
057925,貿聯凱基99購01  ,0,0,0,0,0,0,0,0,0,-258000,0,0,0,0,258000,-258000,-258000
053712,台光電凱基96購04,0,0,0,0,0,0,0,0,0,-258000,0,0,0,0,258000,-258000,-258000
058223,世芯統一9B購01  ,0,0,0,0,0,0,0,0,0,-260000,0,0,0,0,260000,-260000,-260000
050250,台郡凱基94購03  ,0,0,0,0,0,0,0,0,0,-260000,0,0,0,0,260000,-260000,-260000
06803P,臺股指群益98售09,0,0,0,0,0,0,0,0,0,-260000,0,0,0,16000,276000,-260000,-260000
059397,T50反1元富99購05,0,0,0,0,0,0,0,0,0,-262000,0,0,0,0,262000,-262000,-262000
050784,美律國泰96購01  ,0,0,0,0,0,0,0,0,0,-264000,0,0,0,21000,285000,-264000,-264000
054658,道瓊銀元大9A購01,0,0,0,0,0,0,0,0,0,-265000,0,0,0,0,265000,-265000,-265000
053276,友達元大9C購01  ,0,0,0,0,0,0,0,0,0,-265000,0,0,0,50000,315000,-265000,-265000
054702,智邦第一97購01  ,0,0,0,0,0,0,0,0,0,-266000,0,0,0,0,266000,-266000,-266000
054912,群光凱基97購01  ,0,0,0,0,0,0,0,0,0,-266000,0,0,0,0,266000,-266000,-266000
1477,聚陽            ,529000,706710,-177710,0,0,0,0,2089,-2089,-87200,2000,89200,-87200,0,0,0,-266999
058528,世紀鋼元大99購02,0,0,0,0,0,0,0,0,0,-267000,0,0,0,253000,520000,-267000,-267000
058342,鴻海群益9A購01  ,0,0,0,0,0,0,0,0,0,-267000,0,0,0,3000,270000,-267000,-267000
059350,樺漢凱基9A購01  ,0,0,0,0,0,0,0,0,0,-268000,0,0,0,0,268000,-268000,-268000
053945,國巨富邦98購02  ,0,0,0,0,0,0,0,0,0,-268000,0,0,0,0,268000,-268000,-268000
054115,台塑康和96購01  ,0,0,0,0,0,0,0,0,0,-270000,0,0,0,0,270000,-270000,-270000
057143,台郡兆豐98購01  ,0,0,0,0,0,0,0,0,0,-270000,0,0,0,45000,315000,-270000,-270000
053298,SP黃豆凱基99購01,0,0,0,0,0,0,0,0,0,-270000,0,0,0,0,270000,-270000,-270000
04786P,鴻海永昌96售01  ,0,0,0,0,0,0,0,0,0,-272000,0,0,0,0,272000,-272000,-272000
059340,鴻海凱基9A購12  ,0,0,0,0,0,0,0,0,0,-273000,0,0,0,24000,297000,-273000,-273000
059094,臻鼎元大99購03  ,0,0,0,0,0,0,0,0,0,-273000,0,0,0,22000,295000,-273000,-273000
046630,京元電元富95購03,0,0,0,0,0,0,0,0,0,-273000,0,0,0,0,273000,-273000,-273000
05210P,台積電凱基95售15,0,0,0,0,0,0,0,0,0,-275000,0,0,0,45000,320000,-275000,-275000
06890P,金融類元大98售02,0,0,0,0,0,0,0,0,0,-276000,0,0,0,214000,490000,-276000,-276000
048186,元黃金元大96購01,0,0,0,0,0,0,0,0,0,-278000,0,0,0,0,278000,-278000,-278000
057564,台積電富邦9B購03,0,0,0,0,0,0,0,0,0,-281000,0,0,0,0,281000,-281000,-281000
050256,臺指反元大98購03,1000,0,1000,0,0,0,0,0,0,-282000,0,0,0,13000,295000,-282000,-281000
059289,瑞昱元富99購01  ,0,0,0,0,0,0,0,0,0,-282000,0,0,0,0,282000,-282000,-282000
059361,玉晶光永豐99購04,0,0,0,0,0,0,0,0,0,-283000,0,0,0,48000,331000,-283000,-283000
050311,上銀兆豐95購01  ,0,0,0,0,0,0,0,0,0,-284000,0,0,0,102000,386000,-284000,-284000
058659,力成中信99購01  ,0,0,0,0,0,0,0,0,0,-285000,0,0,0,52000,337000,-285000,-285000
03810P,大立光富邦98售01,0,0,0,0,0,0,0,0,0,-285000,0,0,0,30000,315000,-285000,-285000
2548,華固            ,387000,678000,-291000,0,0,0,20000,7517,12483,-7000,59000,46000,13000,0,20000,-20000,-285517
056386,TPK國泰99購01   ,0,0,0,0,0,0,0,0,0,-286000,0,0,0,18000,304000,-286000,-286000
053721,國泰金凱基97購01,0,0,0,0,0,0,0,0,0,-289000,0,0,0,2000,291000,-289000,-289000
052145,京元電群益95購02,0,0,0,0,0,0,0,0,0,-290000,0,0,0,0,290000,-290000,-290000
06056P,台積電凱基98售02,0,0,0,0,0,0,0,0,0,-290000,0,0,0,34000,324000,-290000,-290000
2888A,新光金甲特      ,0,11000,-11000,0,0,0,0,256000,-256000,-24000,0,24000,-24000,0,0,0,-291000
055425,聚陽群益99購01  ,0,0,0,0,0,0,0,0,0,-293000,0,0,0,0,293000,-293000,-293000
2332,友訊            ,1546000,1566000,-20000,0,0,0,0,0,0,-273000,0,206000,-206000,3000,70000,-67000,-293000
5434,崇越            ,225000,328000,-103000,0,0,0,0,2000,-2000,-192000,0,201000,-201000,11000,2000,9000,-297000
053259,卜蜂群益97購01  ,0,0,0,0,0,0,0,0,0,-298000,0,0,0,100000,398000,-298000,-298000
03498P,矽創凱基02售02  ,5000,0,5000,0,0,0,0,0,0,-304000,0,0,0,0,304000,-304000,-299000
051121,裕民群益97購01  ,0,0,0,0,0,0,0,0,0,-299000,0,0,0,0,299000,-299000,-299000
057884,華邦電群益98購02,0,0,0,0,0,0,0,0,0,-300000,0,0,0,2000,302000,-300000,-300000
050932,台塑國票96購01  ,0,0,0,0,0,0,0,0,0,-300000,0,0,0,0,300000,-300000,-300000
058347,玉晶光群益9B購01,0,0,0,0,0,0,0,0,0,-301000,0,0,0,0,301000,-301000,-301000
058645,康控富邦01購01  ,0,0,0,0,0,0,0,0,0,-303000,0,0,0,0,303000,-303000,-303000
07119P,台積電凱基9A售08,0,0,0,0,0,0,0,0,0,-305000,0,0,0,265000,570000,-305000,-305000
058980,鴻海凱基99購06  ,0,0,0,0,0,0,0,0,0,-306000,0,0,0,2000,308000,-306000,-306000
058130,瑞昱元大99購01  ,0,0,0,0,0,0,0,0,0,-308000,0,0,0,270000,578000,-308000,-308000
059277,群創元大99購05  ,0,0,0,0,0,0,0,0,0,-308000,0,0,0,31000,339000,-308000,-308000
052223,聯電凱基96購02  ,0,0,0,0,0,0,0,0,0,-309000,0,0,0,0,309000,-309000,-309000
054545,奇力新中信98購01,0,0,0,0,0,0,0,0,0,-310000,0,0,0,0,310000,-310000,-310000
056756,T50反1元大98購06,0,0,0,0,0,0,0,0,0,-310000,0,0,0,0,310000,-310000,-310000
053036,聯電凱基98購01  ,0,0,0,0,0,0,0,0,0,-310000,0,0,0,0,310000,-310000,-310000
059290,全新元富99購01  ,0,0,0,0,0,0,0,0,0,-312000,0,0,0,0,312000,-312000,-312000
049610,奇力新兆豐95購01,0,0,0,0,0,0,0,0,0,-312000,0,0,0,0,312000,-312000,-312000
056652,上証反元大9B購01,0,0,0,0,0,0,0,0,0,-314000,0,0,0,0,314000,-314000,-314000
2536,宏普            ,177000,542000,-365000,0,0,0,0,0,0,51000,51000,0,51000,0,0,0,-314000
4977,眾達-KY         ,457000,718000,-261000,0,0,0,0,50000,-50000,-3000,0,0,0,5000,8000,-3000,-314000
048847,A50群益98購01   ,0,0,0,0,0,0,0,0,0,-315000,0,0,0,0,315000,-315000,-315000
059181,世紀鋼元富9C購01,0,0,0,0,0,0,0,0,0,-316000,0,0,0,38000,354000,-316000,-316000
3033,威健            ,250000,213000,37000,0,0,0,0,0,0,-353000,0,353000,-353000,0,0,0,-316000
2511,太子            ,158000,430000,-272000,0,0,0,0,0,0,-47000,0,47000,-47000,0,0,0,-319000
058139,臻鼎元大99購01  ,0,0,0,0,0,0,0,0,0,-321000,0,0,0,0,321000,-321000,-321000
9925,新保            ,51000,61000,-10000,0,0,0,0,0,0,-313000,0,313000,-313000,0,0,0,-323000
057315,台灣50康和9A購03,0,0,0,0,0,0,0,0,0,-325000,0,0,0,0,325000,-325000,-325000
057239,貿聯凱基98購05  ,0,0,0,0,0,0,0,0,0,-325000,0,0,0,0,325000,-325000,-325000
053510,聯電群益97購01  ,0,0,0,0,0,0,0,0,0,-326000,0,0,0,90000,416000,-326000,-326000
04189P,台積電兆豐94售02,0,0,0,0,0,0,0,0,0,-327000,0,0,0,540000,867000,-327000,-327000
051158,嘉晶富邦96購01  ,0,0,0,0,0,0,0,0,0,-327000,0,0,0,0,327000,-327000,-327000
3030,德律            ,384000,682000,-298000,0,0,0,0,6000,-6000,-23000,0,23000,-23000,0,0,0,-327000
057802,卜蜂元大98購01  ,0,0,0,0,0,0,0,0,0,-329000,0,0,0,0,329000,-329000,-329000
059343,宏達電凱基99購04,0,0,0,0,0,0,0,0,0,-329000,0,0,0,454000,783000,-329000,-329000
057929,上銀群益98購02  ,0,0,0,0,0,0,0,0,0,-330000,0,0,0,0,330000,-330000,-330000
04175P,台積電群益94售05,0,0,0,0,0,0,0,0,0,-330000,0,0,0,0,330000,-330000,-330000
054000,訊芯群益96購02  ,0,0,0,0,0,0,0,0,0,-331000,0,0,0,0,331000,-331000,-331000
058915,SGBR2X元富99購01,0,0,0,0,0,0,0,0,0,-331000,0,0,0,20000,351000,-331000,-331000
057208,上海銀元富98購01,0,0,0,0,0,0,0,0,0,-332000,0,0,0,720000,1052000,-332000,-332000
3036,文曄            ,442000,674910,-232910,0,0,0,0,12000,-12000,-88000,21000,124000,-103000,15000,0,15000,-332910
053305,聯詠凱基96購02  ,0,0,0,0,0,0,0,0,0,-336000,0,0,0,0,336000,-336000,-336000
00717,富邦美國特別股  ,0,0,0,0,0,0,0,0,0,-337000,0,0,0,469000,806000,-337000,-337000
055310,聯詠群益97購02  ,0,0,0,0,0,0,0,0,0,-338000,0,0,0,5000,343000,-338000,-338000
05612P,台積電元大96售13,0,0,0,0,0,0,0,0,0,-338000,0,0,0,30000,368000,-338000,-338000
00737,國泰AI+Robo     ,0,0,0,0,0,0,0,0,0,-338000,0,0,0,91000,429000,-338000,-338000
2103,台橡            ,614000,894000,-280000,0,0,0,0,0,0,-59000,0,59000,-59000,0,0,0,-339000
056639,國產康和98購01  ,0,0,0,0,0,0,0,0,0,-340000,0,0,0,15000,355000,-340000,-340000
057592,美律兆豐99購01  ,0,0,0,0,0,0,0,0,0,-340000,0,0,0,0,340000,-340000,-340000
04788P,台積電永昌96售05,0,0,0,0,0,0,0,0,0,-340000,0,0,0,200000,540000,-340000,-340000
059287,華通元富99購03  ,0,0,0,0,0,0,0,0,0,-341000,0,0,0,82000,423000,-341000,-341000
2402,毅嘉            ,387000,712000,-325000,0,0,0,0,0,0,-17000,0,17000,-17000,0,0,0,-342000
058646,聯茂富邦9A購01  ,0,0,0,0,0,0,0,0,0,-347000,0,0,0,0,347000,-347000,-347000
2351,順德            ,212000,273000,-61000,0,0,0,0,236000,-236000,-50000,0,48000,-48000,0,2000,-2000,-347000
056754,智易兆豐99購01  ,0,0,0,0,0,0,0,0,0,-348000,0,0,0,182000,530000,-348000,-348000
049702,台表科元大95購03,0,0,0,0,0,0,0,0,0,-349000,0,0,0,106000,455000,-349000,-349000
06134P,緯穎元富97售03  ,0,0,0,0,0,0,0,0,0,-349000,0,0,0,471000,820000,-349000,-349000
056543,京鼎凱基98購01  ,0,0,0,0,0,0,0,0,0,-350000,0,0,0,0,350000,-350000,-350000
048328,滬深2X永昌94購01,0,0,0,0,0,0,0,0,0,-350000,0,0,0,0,350000,-350000,-350000
053493,智邦兆豐97購02  ,0,0,0,0,0,0,0,0,0,-352000,0,0,0,48000,400000,-352000,-352000
053438,玉晶光麥證97購02,0,0,0,0,353000,-353000,0,0,0,-353000,0,0,0,0,353000,-353000,-353000
053627,宏碁兆豐97購01  ,0,0,0,0,0,0,0,0,0,-354000,0,0,0,15000,369000,-354000,-354000
6271,同欣電          ,841000,1162000,-321000,0,0,0,472000,584207,-112207,79000,102000,25000,77000,18000,16000,2000,-354207
055078,亞泥中信98購01  ,0,0,0,0,0,0,0,0,0,-356000,0,0,0,0,356000,-356000,-356000
00730,富邦臺灣優質高息,0,0,0,0,0,0,0,0,0,-357000,0,0,0,574000,931000,-357000,-357000
058573,鴻海群益9A購02  ,0,0,0,0,0,0,0,0,0,-358000,0,0,0,0,358000,-358000,-358000
00676R,富邦臺灣加權反1 ,0,0,0,0,0,0,0,0,0,-358000,0,0,0,8229000,8587000,-358000,-358000
06790P,台積電凱基9A售04,0,0,0,0,0,0,0,0,0,-358000,0,0,0,1027000,1385000,-358000,-358000
059142,道瓊指國票9B購02,0,0,0,0,0,0,0,0,0,-369000,0,0,0,1000,370000,-369000,-369000
053435,新光金日盛96購01,0,0,0,0,0,0,0,0,0,-370000,0,0,0,0,370000,-370000,-370000
07166P,台灣50兆豐03售01,0,0,0,0,0,0,0,0,0,-378000,0,0,0,105000,483000,-378000,-378000
3530,晶相光          ,423000,798000,-375000,0,0,0,0,0,0,-4000,0,0,0,12000,16000,-4000,-379000
2015,豐興            ,236000,442000,-206000,0,0,0,0,8262,-8262,-167000,0,167000,-167000,0,0,0,-381262
056277,上銀富邦99購02  ,0,0,0,0,0,0,0,0,0,-385000,0,0,0,0,385000,-385000,-385000
06383P,聯茂元富97售01  ,0,0,0,0,0,0,0,0,0,-387000,0,0,0,0,387000,-387000,-387000
3023,信邦            ,594839,1087072,-492233,0,0,0,195000,1809,193191,-88000,0,88000,-88000,0,0,0,-387042
059238,台積電凱基99購11,0,0,0,0,0,0,0,0,0,-390000,0,0,0,1081000,1471000,-390000,-390000
07126P,台積電元大99售23,0,0,0,0,0,0,0,0,0,-390000,0,0,0,98000,488000,-390000,-390000
06898P,FBVIX群益9C售03 ,0,0,0,0,0,0,0,0,0,-391000,0,0,0,1000,392000,-391000,-391000
057321,台泥群益98購01  ,0,0,0,0,0,0,0,0,0,-392000,0,0,0,8000,400000,-392000,-392000
057266,TPK兆豐98購02   ,0,0,0,0,0,0,0,0,0,-395000,0,0,0,100000,495000,-395000,-395000
051807,瑞昱凱基95購03  ,0,0,0,0,0,0,0,0,0,-395000,0,0,0,0,395000,-395000,-395000
5388,中磊            ,331000,731000,-400000,0,0,0,15000,5581,9419,-8000,0,7000,-7000,8000,9000,-1000,-398581
052418,玉晶光兆豐96購01,0,4000,-4000,0,0,0,0,0,0,-395000,0,0,0,217000,612000,-395000,-399000
052028,健策群益95購02  ,0,0,0,0,0,0,0,0,0,-400000,0,0,0,0,400000,-400000,-400000
046906,新光金凱基99購02,0,0,0,0,0,0,0,0,0,-400000,0,0,0,0,400000,-400000,-400000
047417,台塑富邦97購01  ,0,0,0,0,0,0,0,0,0,-400000,0,0,0,0,400000,-400000,-400000
059242,南亞科凱基99購06,20000,0,20000,0,0,0,0,0,0,-421000,0,0,0,40000,461000,-421000,-401000
055512,聯詠兆豐97購01  ,0,0,0,0,0,0,0,0,0,-401000,0,0,0,10000,411000,-401000,-401000
2376,技嘉            ,2249000,3219000,-970000,0,0,0,11000,11384,-384,565000,145000,120000,25000,582000,42000,540000,-405384
4551,智伸科          ,436000,562000,-126000,0,0,0,0,285000,-285000,4000,3000,0,3000,2000,1000,1000,-407000
056557,世紀鋼凱基98購02,0,0,0,0,0,0,0,0,0,-409000,0,0,0,73000,482000,-409000,-409000
03438P,群創群益98售03  ,0,0,0,0,0,0,0,0,0,-409000,0,0,0,785000,1194000,-409000,-409000
056242,緯創群益9A購01  ,0,0,0,0,0,0,0,0,0,-410000,0,0,0,30000,440000,-410000,-410000
047212,宏達電富邦97購01,0,0,0,0,0,0,0,0,0,-415000,0,0,0,0,415000,-415000,-415000
058985,可成凱基99購03  ,0,0,0,0,0,0,0,0,0,-417000,0,0,0,10000,427000,-417000,-417000
2458,義隆            ,814000,1246600,-432600,0,0,0,10000,17984,-7984,12000,2000,33000,-31000,65000,22000,43000,-428584
056906,玉晶光元大9B購01,0,0,0,0,0,0,0,0,0,-431000,0,0,0,25000,456000,-431000,-431000
057616,聯電凱基99購01  ,0,0,0,0,0,0,0,0,0,-438000,0,0,0,5000,443000,-438000,-438000
04996P,台積電凱基95售02,0,0,0,0,0,0,0,0,0,-441000,0,0,0,0,441000,-441000,-441000
05493P,華新科富邦99售02,0,0,0,0,0,0,0,0,0,-443000,0,0,0,35000,478000,-443000,-443000
057824,日月光元大98購01,0,0,0,0,0,0,0,0,0,-449000,0,0,0,190000,639000,-449000,-449000
2395,研華            ,1110002,1586009,-476007,0,0,0,32000,3250,28750,-2000,0,1000,-1000,0,1000,-1000,-449257
057881,SP黃豆群益9A購01,0,0,0,0,0,0,0,0,0,-454000,0,0,0,32000,486000,-454000,-454000
051461,聯詠國泰96購01  ,0,0,0,0,0,0,0,0,0,-454000,0,0,0,0,454000,-454000,-454000
052393,康友群益95購05  ,0,0,0,0,0,0,0,0,0,-459000,0,0,0,10000,469000,-459000,-459000
4119,旭富            ,217000,958000,-741000,0,0,0,327000,4000,323000,-44000,0,50000,-50000,10000,4000,6000,-462000
2451,創見            ,306000,1189676,-883676,0,0,0,14000,4834,9166,412000,10000,2000,8000,406000,2000,404000,-462510
2419,仲琦            ,251000,713400,-462400,0,0,0,0,0,0,-8000,0,8000,-8000,0,0,0,-470400
057393,台積電中信02購01,0,0,0,0,0,0,0,0,0,-472000,0,0,0,0,472000,-472000,-472000
058719,智邦元富99購01  ,0,0,0,0,0,0,0,0,0,-473000,0,0,0,15000,488000,-473000,-473000
056385,創意國泰99購01  ,0,0,0,0,0,0,0,0,0,-474000,0,0,0,0,474000,-474000,-474000
056881,台灣50康和9A購01,0,0,0,0,0,0,0,0,0,-475000,0,0,0,0,475000,-475000,-475000
6153,嘉聯益          ,1298000,1820000,-522000,0,0,0,0,0,0,36550,64000,43000,21000,18000,2450,15550,-485450
052940,玉晶光兆豐97購01,0,0,0,0,0,0,0,0,0,-490000,0,0,0,1810000,2300000,-490000,-490000
05271P,國巨富邦97售01  ,0,0,0,0,0,0,0,0,0,-491000,0,0,0,235000,726000,-491000,-491000
056020,義隆群益97購01  ,0,0,0,0,0,0,0,0,0,-499000,0,0,0,0,499000,-499000,-499000
058740,T50反1日盛9B購02,0,0,0,0,0,0,0,0,0,-500000,0,0,0,0,500000,-500000,-500000
2722,夏都            ,0,0,0,0,0,0,0,0,0,-500000,0,500000,-500000,0,0,0,-500000
054201,聯詠富邦97購02  ,0,0,0,0,0,0,0,0,0,-501000,0,0,0,0,501000,-501000,-501000
046937,聯電元大99購01  ,0,0,0,0,0,0,0,0,0,-501000,0,0,0,36000,537000,-501000,-501000
2393,億光            ,647000,1156000,-509000,0,0,0,0,0,0,7000,4000,9000,-5000,14000,2000,12000,-502000
059376,國巨群益99購09  ,0,0,0,0,0,0,0,0,0,-505000,0,0,0,0,505000,-505000,-505000
056604,鴻海富邦9A購01  ,0,0,0,0,0,0,0,0,0,-506000,0,0,0,242000,748000,-506000,-506000
3044,健鼎            ,1444000,1880700,-436700,0,0,0,0,2872,-2872,-71000,3000,75000,-72000,3000,2000,1000,-510572
6414,樺漢            ,249124,546000,-296876,0,0,0,0,234000,-234000,19000,23000,6000,17000,3000,1000,2000,-511876
1722,台肥            ,950745,1948433,-997688,0,0,0,488000,3667,484333,0,0,0,0,0,0,0,-513355
06897P,FBVIX群益01售01 ,0,0,0,0,0,0,0,0,0,-514000,0,0,0,1000,515000,-514000,-514000
059293,宏達電元富9B購01,0,0,0,0,0,0,0,0,0,-515000,0,0,0,137000,652000,-515000,-515000
9939,宏全            ,324000,574000,-250000,0,0,0,0,2000,-2000,-264000,0,291000,-291000,27000,0,27000,-516000
051808,美律凱基96購02  ,0,0,0,0,0,0,0,0,0,-518000,0,0,0,0,518000,-518000,-518000
2006,東和鋼鐵        ,595000,1012000,-417000,0,0,0,1000,118801,-117801,16000,32000,16000,16000,0,0,0,-518801
06957P,FBVIX凱基01售01 ,0,0,0,0,0,0,0,0,0,-519000,0,0,0,1000,520000,-519000,-519000
07245P,台積電凱基99售16,0,0,0,0,0,0,0,0,0,-521000,0,0,0,0,521000,-521000,-521000
04968P,台積電富邦94售06,0,0,0,0,0,0,0,0,0,-522000,0,0,0,689000,1211000,-522000,-522000
2231,為升            ,58000,132927,-74927,0,0,0,0,409640,-409640,-38393,2000,28000,-26000,7000,19393,-12393,-522960
056401,國巨群益98購07  ,0,0,0,0,0,0,0,0,0,-525000,0,0,0,509000,1034000,-525000,-525000
2441,超豐            ,228000,405000,-177000,0,0,0,1000,359887,-358887,10000,48000,38000,10000,0,0,0,-525887
3034,聯詠            ,4721000,5265758,-544758,0,0,0,30000,84710,-54710,71000,100000,149000,-49000,168000,48000,120000,-528468
8039,台虹            ,743000,1247000,-504000,0,0,0,0,0,0,-25000,8000,37000,-29000,20000,16000,4000,-529000
07100P,華航元大99售01  ,0,0,0,0,0,0,0,0,0,-541000,0,0,0,117000,658000,-541000,-541000
053896,麗豐群益97購01  ,0,0,0,0,0,0,0,0,0,-542000,0,0,0,0,542000,-542000,-542000
1513,中興電          ,344000,876000,-532000,0,0,0,0,5000,-5000,-6000,4000,10000,-6000,0,0,0,-543000
006208,富邦台50        ,15000,12000,3000,0,0,0,0,0,0,-548000,0,0,0,520000,1068000,-548000,-545000
6531,愛普            ,664000,1210000,-546000,0,0,0,0,0,0,0,0,0,0,0,0,0,-546000
07249P,T50正2富邦03售02,0,0,0,0,0,0,0,0,0,-548000,0,0,0,200000,748000,-548000,-548000
08864P,欣興元大01售01  ,0,0,0,0,0,0,0,0,0,-548000,0,0,0,0,548000,-548000,-548000
1218,泰山            ,224000,773000,-549000,0,0,0,0,0,0,1000,1000,0,1000,0,0,0,-548000
055623,貿聯國泰99購01  ,0,0,0,0,0,0,0,0,0,-565000,0,0,0,0,565000,-565000,-565000
2634,漢翔            ,461000,1023035,-562035,0,0,0,1000,4140,-3140,-1000,0,1000,-1000,0,0,0,-566175
1707,葡萄王          ,162000,708000,-546000,0,0,0,41000,361,40639,-64000,10000,74000,-64000,0,0,0,-569361
059038,健策群益9A購02  ,0,0,0,0,0,0,0,0,0,-570000,0,0,0,150000,720000,-570000,-570000
053353,玉晶光兆豐97購03,0,0,0,0,0,0,0,0,0,-570000,0,0,0,1642000,2212000,-570000,-570000
054343,世紀鋼元富96購02,0,0,0,0,0,0,0,0,0,-575000,0,0,0,16000,591000,-575000,-575000
1717,長興            ,135000,795324,-660324,0,0,0,82000,4188,77812,7000,7000,0,7000,0,0,0,-575512
9910,豐泰            ,1420000,1846387,-426387,0,0,0,141000,26494,114506,-274000,0,273000,-273000,0,1000,-1000,-585881
9103,美德醫療-DR     ,23000,612000,-589000,0,0,0,0,0,0,0,0,0,0,0,0,0,-589000
053965,聯電元大98購04  ,0,0,0,0,0,0,0,0,0,-590000,0,0,0,10000,600000,-590000,-590000
08865P,欣興元大01售02  ,0,0,0,0,0,0,0,0,0,-590000,0,0,0,0,590000,-590000,-590000
056391,大立光富邦9C購01,0,0,0,0,0,0,0,0,0,-592000,0,0,0,0,592000,-592000,-592000
8016,矽創            ,476000,1006000,-530000,0,0,0,180000,231416,-51416,-12000,4000,20000,-16000,8000,4000,4000,-593416
3669,圓展            ,104000,710000,-606000,0,0,0,0,0,0,10000,10000,0,10000,0,0,0,-596000
057265,聯詠兆豐98購01  ,0,0,0,0,0,0,0,0,0,-600000,0,0,0,0,600000,-600000,-600000
052269,T50反1日盛9B購01,0,0,0,0,0,0,0,0,0,-600000,0,0,0,632000,1232000,-600000,-600000
050015,友達富邦95購01  ,0,0,0,0,0,0,0,0,0,-600000,0,0,0,0,600000,-600000,-600000
056192,智邦富邦98購01  ,330000,0,330000,0,0,0,0,0,0,-935000,0,0,0,5000,940000,-935000,-605000
053746,彰銀康和96購01  ,0,0,0,0,0,0,0,0,0,-607000,0,0,0,0,607000,-607000,-607000
06748P,智邦台新98售02  ,0,0,0,0,0,0,0,0,0,-619000,0,0,0,39000,658000,-619000,-619000
1736,喬山            ,523000,1108000,-585000,0,0,0,0,32463,-32463,-7000,1000,9000,-8000,6000,5000,1000,-624463
055926,國巨群益98購06  ,0,0,0,0,0,0,0,0,0,-630000,0,0,0,0,630000,-630000,-630000
9921,巨大            ,446000,1206790,-760790,0,0,0,138000,7032,130968,-1000,0,1000,-1000,0,0,0,-630822
052307,潤泰全國泰96購01,0,0,0,0,0,0,0,0,0,-632000,0,0,0,25000,657000,-632000,-632000
8996,高力            ,656000,1329000,-673000,0,0,0,0,0,0,35000,40000,5000,35000,0,0,0,-638000
054573,漢唐元大98購01  ,0,0,0,0,0,0,0,0,0,-642000,0,0,0,110000,752000,-642000,-642000
059146,貿聯國票9A購02  ,0,0,0,0,0,0,0,0,0,-642000,0,0,0,0,642000,-642000,-642000
3653,健策            ,597000,1390000,-793000,0,0,0,35000,0,35000,112000,7000,5000,2000,188000,78000,110000,-646000
2514,龍邦            ,88000,736000,-648000,0,0,0,0,0,0,0,0,0,0,0,0,0,-648000
059457,立積永豐99購02  ,0,0,0,0,0,0,0,0,0,-650000,0,0,0,0,650000,-650000,-650000
2480,敦陽科          ,285000,820000,-535000,0,0,0,0,3000,-3000,-114000,10000,124000,-114000,0,0,0,-652000
00686R,群益臺灣加權反1 ,0,0,0,0,0,0,0,0,0,-660000,0,0,0,1118000,1778000,-660000,-660000
00701,國泰股利精選30  ,41000,255000,-214000,0,0,0,0,0,0,-447000,0,0,0,1753000,2200000,-447000,-661000
054716,緯穎康和97購01  ,0,0,0,0,0,0,0,0,0,-666000,0,0,0,508000,1174000,-666000,-666000
1310,台苯            ,380000,1007000,-627000,0,0,0,0,12000,-12000,-28000,0,28000,-28000,0,0,0,-667000
2377,微星            ,2620090,3401700,-781610,0,0,0,1000,6992,-5992,115000,28000,409000,-381000,509000,13000,496000,-672602
056977,國巨群益9A購01  ,0,0,0,0,0,0,0,0,0,-676000,0,0,0,0,676000,-676000,-676000
07257P,臺股指凱基99售37,0,0,0,0,0,0,0,0,0,-681000,0,0,0,0,681000,-681000,-681000
052959,聯電凱基97購01  ,0,0,0,0,0,0,0,0,0,-693000,0,0,0,0,693000,-693000,-693000
052891,台泥群益96購01  ,0,0,0,0,0,0,0,0,0,-698000,0,0,0,0,698000,-698000,-698000
058547,世紀鋼富邦9A購01,0,0,0,0,0,0,0,0,0,-704000,0,0,0,2000,706000,-704000,-704000
07074P,FBVIX凱基9A售01 ,0,0,0,0,0,0,0,0,0,-723000,0,0,0,0,723000,-723000,-723000
054137,聯詠元大97購02  ,0,0,0,0,0,0,0,0,0,-726000,0,0,0,134000,860000,-726000,-726000
00646,元大S&P500      ,7000,111000,-104000,0,0,0,0,0,0,-627000,0,0,0,464000,1091000,-627000,-731000
6269,台郡            ,1663881,1634124,29757,0,0,0,93000,674763,-581763,-179000,14000,236000,-222000,56000,13000,43000,-731006
3563,牧德            ,152000,596000,-444000,0,0,0,80000,385000,-305000,15000,0,0,0,16000,1000,15000,-734000
059369,滬深2X元富9C購01,0,0,0,0,0,0,0,0,0,-737000,0,0,0,23000,760000,-737000,-737000
1304,台聚            ,715000,574000,141000,0,0,0,0,884000,-884000,2000,2000,0,2000,0,0,0,-741000
2838,聯邦銀          ,478000,1054000,-576000,0,0,0,0,14190,-14190,-158000,0,158000,-158000,0,0,0,-748190
05403P,台積電富邦95售08,0,0,0,0,0,0,0,0,0,-752000,0,0,0,0,752000,-752000,-752000
059138,台積電兆豐99購04,0,0,0,0,0,0,0,0,0,-753000,0,0,0,942000,1695000,-753000,-753000
1789,神隆            ,412385,1138616,-726231,0,0,0,0,28000,-28000,0,0,0,0,0,0,0,-754231
058914,元油2X元富01購02,0,0,0,0,0,0,0,0,0,-758000,0,0,0,120000,878000,-758000,-758000
2106,建大            ,149000,905162,-756162,0,0,0,0,7921,-7921,0,0,0,0,0,0,0,-764083
059015,華通元富99購02  ,0,0,0,0,0,0,0,0,0,-766000,0,0,0,0,766000,-766000,-766000
9802,鈺齊-KY         ,1350000,2137000,-787000,0,0,0,138000,144425,-6425,17000,29000,12000,17000,8000,8000,0,-776425
1907,永豐餘          ,883000,1625000,-742000,0,0,0,0,36000,-36000,-10000,42000,52000,-10000,0,0,0,-788000
048911,玉晶光富邦96購01,0,0,0,0,0,0,0,0,0,-790000,0,0,0,0,790000,-790000,-790000
052790,智邦兆豐97購01  ,0,0,0,0,0,0,0,0,0,-791000,0,0,0,151000,942000,-791000,-791000
053893,京鼎群益97購02  ,0,0,0,0,0,0,0,0,0,-800000,0,0,0,0,800000,-800000,-800000
9914,美利達          ,599000,828350,-229350,0,0,0,0,578414,-578414,2000,42000,44000,-2000,4000,0,4000,-805764
00639,富邦深100       ,0,1154000,-1154000,0,0,0,0,0,0,320000,0,0,0,1455000,1135000,320000,-834000
6505,台塑化          ,3113000,3896790,-783790,0,0,0,23000,49273,-26273,-26000,0,26000,-26000,0,0,0,-836063
2421,建準            ,2423000,3205000,-782000,0,0,0,0,93000,-93000,5000,12000,4000,8000,0,3000,-3000,-870000
058717,南電台新99購02  ,0,0,0,0,0,0,0,0,0,-871000,0,0,0,0,871000,-871000,-871000
03033P,微星國票03售01  ,0,0,0,0,0,0,0,0,0,-872000,0,0,0,101000,973000,-872000,-872000
06025P,臺股指元大99售02,0,0,0,0,0,0,0,0,0,-875000,0,0,0,418000,1293000,-875000,-875000
9945,潤泰新          ,1953357,2425886,-472529,0,0,0,36000,410430,-374430,-48000,12000,68000,-56000,8000,0,8000,-894959
04242P,台積電永昌93售08,0,0,0,0,0,0,0,0,0,-895000,0,0,0,0,895000,-895000,-895000
050102,鴻海富邦95購04  ,0,0,0,0,0,0,0,0,0,-900000,0,0,0,0,900000,-900000,-900000
059368,T50正2元富99購02,0,0,0,0,0,0,0,0,0,-901000,0,0,0,330000,1231000,-901000,-901000
052505,友達日盛9B購02  ,0,0,0,0,0,0,0,0,0,-914000,0,0,0,0,914000,-914000,-914000
8112,至上            ,1610000,2274000,-664000,0,0,0,139000,8000,131000,-390000,26000,416000,-390000,0,0,0,-923000
059259,FBVIX中信03購06 ,60000,0,60000,0,0,0,0,0,0,-1001000,0,0,0,857000,1858000,-1001000,-941000
00692,富邦公司治理    ,1000,0,1000,0,0,0,0,0,0,-960000,0,0,0,1606000,2566000,-960000,-959000
058739,喬山中信99購01  ,0,0,0,0,0,0,0,0,0,-983000,0,0,0,0,983000,-983000,-983000
056634,為升兆豐99購01  ,0,0,0,0,0,0,0,0,0,-988000,0,0,0,0,988000,-988000,-988000
6176,瑞儀            ,988000,2603966,-1615966,0,0,0,335000,6171,328829,293000,32000,63000,-31000,328000,4000,324000,-994137
00712,FH富時不動產    ,0,0,0,0,0,0,0,0,0,-1002000,0,0,0,0,1002000,-1002000,-1002000
058964,群創兆豐99購01  ,0,0,0,0,0,0,0,0,0,-1003000,0,0,0,1018000,2021000,-1003000,-1003000
00685L,群益臺灣加權正2 ,0,0,0,0,0,0,0,0,0,-1022000,0,0,0,923000,1945000,-1022000,-1022000
6278,台表科          ,1743000,2115600,-372600,0,0,0,615000,1295428,-680428,26000,18000,1000,17000,10000,1000,9000,-1027028
1515,力山            ,388000,1424000,-1036000,0,0,0,0,0,0,-1000,0,0,0,0,1000,-1000,-1037000
050437,聯詠凱基94購04  ,0,0,0,0,0,0,0,0,0,-1052000,0,0,0,0,1052000,-1052000,-1052000
00653L,富邦印度正2     ,0,0,0,0,0,0,0,0,0,-1070000,0,0,0,139000,1209000,-1070000,-1070000
2345,智邦            ,8413281,9760067,-1346786,0,0,0,479000,6340,472660,-218000,148000,407000,-259000,152000,111000,41000,-1092126
9911,櫻花            ,1074000,2173000,-1099000,0,0,0,0,3000,-3000,7000,43000,36000,7000,0,0,0,-1095000
3545,敦泰            ,875000,1933500,-1058500,0,0,0,0,0,0,-40000,0,40000,-40000,0,0,0,-1098500
059395,T50反1元富99購03,0,0,0,0,0,0,0,0,0,-1105000,0,0,0,10000,1115000,-1105000,-1105000
1795,美時            ,212000,96590,115410,0,0,0,0,1221000,-1221000,0,0,0,0,0,0,0,-1105590
03492P,創意元大02售03  ,5000,0,5000,0,0,0,0,0,0,-1120000,0,0,0,15000,1135000,-1120000,-1115000
2615,萬海            ,961000,1157448,-196448,0,0,0,2000,15978,-13978,-906000,165000,1071000,-906000,0,0,0,-1116426
052614,聯電國泰97購01  ,0,0,0,0,0,0,0,0,0,-1121000,0,0,0,188000,1309000,-1121000,-1121000
2385,群光            ,1902067,2960336,-1058269,0,0,0,0,370281,-370281,302000,18000,64000,-46000,348000,0,348000,-1126550
3665,貿聯-KY         ,529000,1668940,-1139940,0,0,0,7000,217,6783,3000,11000,4000,7000,23000,27000,-4000,-1130157
059354,臺指反富邦9B購01,0,0,0,0,0,0,0,0,0,-1136000,0,0,0,105000,1241000,-1136000,-1136000
2301,光寶科          ,8154469,9693070,-1538601,0,0,0,102000,5878,96122,301000,230000,521000,-291000,620000,28000,592000,-1141479
056919,英業達兆豐98購01,0,0,0,0,0,0,0,0,0,-1149000,0,0,0,274000,1423000,-1149000,-1149000
4746,台耀            ,262000,1033000,-771000,0,0,0,0,440000,-440000,5000,105000,100000,5000,0,0,0,-1206000
056707,鴻海富邦99購03  ,0,0,0,0,0,0,0,0,0,-1225000,0,0,0,310000,1535000,-1225000,-1225000
057696,聯電群益9A購01  ,0,0,0,0,0,0,0,0,0,-1242000,0,0,0,0,1242000,-1242000,-1242000
2352,佳世達          ,1057000,2003000,-946000,0,0,0,66000,321944,-255944,-41000,32000,78000,-46000,5000,0,5000,-1242944
2535,達欣工          ,386000,1274000,-888000,0,0,0,0,1000,-1000,-392000,1000,393000,-392000,0,0,0,-1281000
056392,玉晶光富邦9C購01,0,0,0,0,0,0,0,0,0,-1296000,0,0,0,0,1296000,-1296000,-1296000
9938,百和            ,555000,1429000,-874000,0,0,0,0,462527,-462527,-19000,22000,13000,9000,1000,29000,-28000,-1355527
1434,福懋            ,1633000,2991000,-1358000,0,0,0,50000,5297,44703,-48000,0,48000,-48000,0,0,0,-1361297
3189,景碩            ,1209000,3248000,-2039000,0,0,0,684000,26987,657013,12000,244000,255000,-11000,27000,4000,23000,-1369987
2912,統一超          ,1818346,3245880,-1427534,0,0,0,35000,4374,30626,3000,6000,1000,5000,0,2000,-2000,-1393908
2456,奇力新          ,1293000,2718000,-1425000,0,0,0,0,56446,-56446,81000,60000,14000,46000,48000,13000,35000,-1400446
4142,國光生          ,1234000,1914000,-680000,0,0,0,0,0,0,-723000,10000,733000,-723000,0,0,0,-1403000
2371,大同            ,6426365,7943000,-1516635,0,0,0,0,7307,-7307,118000,116000,0,116000,4000,2000,2000,-1405942
056605,台積電富邦9B購02,0,0,0,0,0,0,0,0,0,-1460000,0,0,0,0,1460000,-1460000,-1460000
1227,佳格            ,954113,2421222,-1467109,0,0,0,0,10127,-10127,5000,28000,23000,5000,0,0,0,-1472236
1536,和大            ,627000,1210000,-583000,0,0,0,20000,881483,-861483,-28000,12000,33000,-21000,3000,10000,-7000,-1472483
055411,國巨富邦9A購02  ,0,0,0,0,0,0,0,0,0,-1476000,0,0,0,0,1476000,-1476000,-1476000
056349,道瓊銀元大9B購01,0,0,0,0,0,0,0,0,0,-1525000,0,0,0,190000,1715000,-1525000,-1525000
2845,遠東銀          ,1198105,2929147,-1731042,0,0,0,3000,15200,-12200,204000,204000,0,204000,0,0,0,-1539242
6412,群電            ,1014000,2551000,-1537000,0,0,0,1000,1283,-283,-32000,14000,46000,-32000,0,0,0,-1569283
00738U,元大道瓊白銀    ,0,775000,-775000,0,0,0,0,0,0,-811000,0,0,0,727000,1538000,-811000,-1586000
2353,宏碁            ,10796982,14810016,-4013034,0,0,0,1898000,10266,1887734,527000,582000,78000,504000,31000,8000,23000,-1598300
059377,台積電群益99購09,0,0,0,0,0,0,0,0,0,-1635000,0,0,0,0,1635000,-1635000,-1635000
2498,宏達電          ,2009000,4611000,-2602000,0,0,0,0,2553,-2553,910000,52000,45000,7000,995000,92000,903000,-1694553
03647C,T50反1元富99牛02,0,0,0,0,0,0,0,0,0,-1739000,0,0,0,32000,1771000,-1739000,-1739000
3702,大聯大          ,3212800,4897560,-1684760,0,0,0,73000,6856,66144,-141000,46000,1184000,-1138000,997000,0,997000,-1759616
2347,聯強            ,2877450,5070353,-2192903,0,0,0,65000,14434,50566,362000,11000,516000,-505000,867000,0,867000,-1780337
3042,晶技            ,1844000,3917000,-2073000,0,0,0,265000,1000,264000,25000,66000,117000,-51000,82000,6000,76000,-1784000
4967,十銓            ,1293000,3069000,-1776000,0,0,0,0,0,0,-17000,0,17000,-17000,0,0,0,-1793000
059294,宏達電元富9B購02,0,0,0,0,0,0,0,0,0,-1798000,0,0,0,1021000,2819000,-1798000,-1798000
03438B,臺股指元大96熊27,100000,0,100000,0,0,0,0,0,0,-1938000,0,0,0,316000,2254000,-1938000,-1838000
4938,和碩            ,6575000,8862009,-2287009,0,0,0,3000,20403,-17403,461000,10000,11000,-1000,499000,37000,462000,-1843412
2342,茂矽            ,788000,2637000,-1849000,0,0,0,0,0,0,0,0,0,0,0,0,0,-1849000
1909,榮成            ,2058000,1949000,109000,0,0,0,1000,1784000,-1783000,-202000,2000,204000,-202000,0,0,0,-1876000
00850,元大臺灣ESG永續 ,13000,1000,12000,0,0,0,0,0,0,-1928000,0,0,0,872000,2800000,-1928000,-1916000
00647L,元大S&P500正2   ,6000,8000,-2000,0,0,0,0,0,0,-1943000,0,0,0,1329000,3272000,-1943000,-1945000
6239,力成            ,3909000,5339530,-1430530,0,0,0,1000,75389,-74389,-486000,22000,513000,-491000,15000,10000,5000,-1990919
2474,可成            ,2617580,4644298,-2026718,0,0,0,36000,2410,33590,-108000,197000,348000,-151000,66000,23000,43000,-2101128
059396,T50反1元富99購04,0,0,0,0,0,0,0,0,0,-2140000,0,0,0,0,2140000,-2140000,-2140000
2368,金像電          ,6231000,8846000,-2615000,0,0,0,0,0,0,411000,1417000,1006000,411000,0,0,0,-2204000
059286,S&P正2元富01購03,0,0,0,0,0,0,0,0,0,-2303000,0,0,0,324000,2627000,-2303000,-2303000
00861,元大全球未來通訊,5000,1202000,-1197000,0,0,0,0,0,0,-1146000,0,150000,-150000,1727000,2723000,-996000,-2343000
1904,正隆            ,1140000,2860000,-1720000,0,0,0,1000,725000,-724000,0,0,0,0,0,0,0,-2444000
052886,世紀鋼兆豐96購01,0,0,0,0,0,0,0,0,0,-2752000,0,0,0,0,2752000,-2752000,-2752000
5469,瀚宇博          ,2163000,5107000,-2944000,0,0,0,0,13799,-13799,44000,15000,0,15000,39000,10000,29000,-2913799
006205,富邦上証        ,37000,2424000,-2387000,0,0,0,0,0,0,-532780,20000,20000,0,1113220,1646000,-532780,-2919780
2357,華碩            ,2071646,5139058,-3067412,0,0,0,38000,4533,33467,71000,21000,82000,-61000,134000,2000,132000,-2962945
00664R,國泰臺灣加權反1 ,0,0,0,0,0,0,0,0,0,-2968000,0,1000000,-1000000,5471000,7439000,-1968000,-2968000
00643,群益深証中小    ,43000,2586000,-2543000,0,0,0,0,0,0,-430000,0,0,0,111000,541000,-430000,-2973000
00693U,街口S&P黃豆     ,0,1722000,-1722000,0,0,0,0,0,0,-1276000,0,0,0,368000,1644000,-1276000,-2998000
00670L,富邦NASDAQ正2   ,12000,16000,-4000,0,0,0,0,0,0,-3103000,0,0,0,970000,4073000,-3103000,-3107000
00636,國泰中國A50     ,116000,1427000,-1311000,0,0,0,0,0,0,-1851000,0,0,0,48000,1899000,-1851000,-3162000
3706,神達            ,1235000,4373860,-3138860,0,0,0,0,6252,-6252,-106000,0,46000,-46000,33000,93000,-60000,-3251112
2603,長榮            ,6454945,9609503,-3154558,0,0,0,5000,30642,-25642,-256000,2000,258000,-256000,0,0,0,-3436200
1102,亞泥            ,3974660,8788838,-4814178,0,0,0,911000,27152,883848,484000,0,515000,-515000,1037000,38000,999000,-3446330
2382,廣達            ,5562130,8650440,-3088310,0,0,0,132000,14671,117329,-629000,36000,1157000,-1121000,508000,16000,492000,-3599981
2308,台達電          ,6055627,9884821,-3829194,0,0,0,232000,11963,220037,-71000,90000,202000,-112000,50000,9000,41000,-3680157
2812,台中銀          ,2377869,5891858,-3513989,0,0,0,0,20755,-20755,-220000,0,220000,-220000,0,0,0,-3754744
4904,遠傳            ,4014119,7680325,-3666206,0,0,0,3000,116895,-113895,-39000,15000,54000,-39000,0,0,0,-3819101
1326,台化            ,6689370,10538498,-3849128,0,0,0,280000,25438,254562,-362000,16000,717000,-701000,348000,9000,339000,-3956566
2313,華通            ,6159000,7990000,-1831000,0,0,0,1593000,3695582,-2102582,-100000,16000,242000,-226000,208000,82000,126000,-4033582
1103,嘉泥            ,2104000,6275000,-4171000,0,0,0,0,22000,-22000,8000,136000,128000,8000,0,0,0,-4185000
2408,南亞科          ,8612135,13210685,-4598550,0,0,0,594000,799798,-205798,356000,84000,105000,-21000,483000,106000,377000,-4448348
9904,寶成            ,10041000,12926580,-2885580,0,0,0,3000,1644881,-1641881,-150000,24000,167000,-143000,0,7000,-7000,-4677461
2449,京元電子        ,1839000,7742700,-5903700,0,0,0,410000,18137,391863,784000,93000,105000,-12000,905000,109000,796000,-4727837
2889,國票金          ,1484000,4970540,-3486540,0,0,0,0,1665864,-1665864,298000,303000,5000,298000,0,0,0,-4854404
2324,仁寶            ,11392446,17682835,-6290389,0,0,0,202000,12486,189514,1202000,66000,585000,-519000,1721000,0,1721000,-4898875
3711,日月光投控      ,9344108,14388837,-5044729,0,0,0,577000,518688,58312,-248000,61000,363000,-302000,81000,27000,54000,-5234417
3045,台灣大          ,5098075,9598054,-4499979,0,0,0,55000,518933,-463933,-290000,73000,363000,-290000,0,0,0,-5253912
2890,永豐金          ,30389625,39191346,-8801721,0,0,0,3583000,66393,3516607,-58000,0,0,0,0,58000,-58000,-5343114
1101,台泥            ,8133791,18258092,-10124301,0,0,0,4073000,36479,4036521,606430,98000,458570,-360570,1069000,102000,967000,-5481350
00708L,元大S&P黃金正2  ,0,2067000,-2067000,0,0,0,0,0,0,-3465000,0,0,0,2014000,5479000,-3465000,-5532000
2823,中壽            ,9651000,14441174,-4790174,0,0,0,5000,25841,-20841,-756000,0,720000,-720000,10000,46000,-36000,-5567015
1504,東元            ,2969000,8545285,-5576285,0,0,0,2000,11689,-9689,-70000,8000,80000,-72000,2000,0,2000,-5655974
1402,遠東新          ,6643039,12293290,-5650251,0,0,0,6000,24452,-18452,-174000,52000,218000,-166000,2000,10000,-8000,-5842703
3231,緯創            ,12099465,16645382,-4545917,0,0,0,3000,1738489,-1735489,134000,196000,962000,-766000,984000,84000,900000,-6147406
2633,台灣高鐵        ,3587229,9820439,-6233210,0,0,0,3000,10615,-7615,86000,45000,56000,-11000,102000,5000,97000,-6154825
03555P,聯電元大02售24  ,20000,0,20000,0,0,0,0,0,0,-6212000,0,0,0,0,6212000,-6212000,-6192000
2105,正新            ,4304570,7476500,-3171930,0,0,0,0,9832,-9832,-3081000,3000,0,3000,50000,3134000,-3084000,-6262762
2834,臺企銀          ,12210189,19096000,-6885811,0,0,0,7000,19598,-12598,1000,0,11000,-11000,30000,18000,12000,-6897409
2881,富邦金          ,13446867,24059287,-10612420,0,0,0,4873000,715724,4157276,-606000,90000,967000,-877000,304000,33000,271000,-7061144
1301,台塑            ,8436600,16064758,-7628158,0,0,0,206000,37694,168306,-193000,24000,266000,-242000,61000,12000,49000,-7652852
1216,統一            ,9470932,15195003,-5724071,0,0,0,385000,2972103,-2587103,171000,209000,23000,186000,5000,20000,-15000,-8140174
1303,南亞            ,8609297,16997908,-8388611,0,0,0,322000,36121,285879,-135000,20000,191000,-171000,50000,14000,36000,-8237732
00642U,元大S&P石油     ,74000,3212000,-3138000,0,0,0,0,0,0,-5478000,20000,0,20000,5252000,10750000,-5498000,-8616000
0050,元大台灣50      ,1395000,8095500,-6700500,0,0,0,0,0,0,-1940000,313000,1342000,-1029000,8738000,9649000,-911000,-8640500
2002,中鋼            ,22571930,32893645,-10321715,0,0,0,16000,67227,-51227,-326000,0,264000,-264000,8000,70000,-62000,-10698942
2610,華航            ,9089758,19393290,-10303532,0,0,0,5000,52589,-47589,-528000,0,1000,-1000,0,527000,-527000,-10879121
2882,國泰金          ,16926665,22188731,-5262066,0,0,0,13000,5138482,-5125482,-640000,167000,889000,-722000,127000,45000,82000,-11027548
3702A,大聯大甲特      ,0,0,0,0,0,0,0,0,0,-11144000,0,11144000,-11144000,0,0,0,-11144000
2801,彰銀            ,8715976,20214197,-11498221,0,0,0,11000,65591,-54591,156000,108000,0,108000,67000,19000,48000,-11396812
00632R,元大台灣50反1   ,42028000,7583000,34445000,0,0,0,3543000,550000,2993000,-49285000,1880000,12923000,-11043000,133068000,171310000,-38242000,-11847000
2344,華邦電          ,7170916,18490584,-11319668,0,0,0,4000,1754157,-1750157,98000,147000,112000,35000,146000,83000,63000,-12971825
5880,合庫金          ,14979107,27625772,-12646665,0,0,0,13000,54563,-41563,-791000,0,772000,-772000,4000,23000,-19000,-13479228
2892,第一金          ,20120008,33042398,-12922390,0,0,0,13000,69901,-56901,-1615000,0,1555000,-1555000,0,60000,-60000,-14594291
2883,開發金          ,27298000,32778542,-5480542,0,0,0,15000,8571184,-8556184,-751000,0,737000,-737000,32000,46000,-14000,-14787726
2330,台積電          ,80962471,95531533,-14569062,0,0,0,1882000,294947,1587053,-2250000,507000,2629000,-2122000,1043000,1171000,-128000,-15232009
2618,長榮航          ,7633476,23395376,-15761900,0,0,0,6000,18317,-12317,-417000,0,397000,-397000,0,20000,-20000,-16191217
2885,元大金          ,18602338,41332875,-22730537,0,0,0,7423000,63630,7359370,-941288,0,900000,-900000,34000,75288,-41288,-16312455
00852L,國泰美國道瓊正2 ,20000,560000,-540000,0,0,0,0,0,0,-15838000,0,0,0,1316000,17154000,-15838000,-16378000
3481,群創            ,122324539,137458838,-15134299,0,0,0,0,1277902,-1277902,-1190000,3000,274000,-271000,238000,1157000,-919000,-17602201
2886,兆豐金          ,18823156,37544137,-18720981,0,0,0,1338000,527452,810548,77000,310000,1187000,-877000,982000,28000,954000,-17833433
2880,華南金          ,13042697,31015561,-17972864,0,0,0,12000,77194,-65194,-243000,0,183000,-183000,6000,66000,-60000,-18281058
00637L,元大滬深300正2  ,1441000,6463000,-5022000,0,0,0,0,0,0,-16785000,0,0,0,29251000,46036000,-16785000,-21807000
2888,新光金          ,27814790,51488526,-23673736,0,0,0,12000,41524,-29524,-73740,100000,173000,-73000,542000,542740,-740,-23777000
2887,台新金          ,20289977,43855699,-23565722,0,0,0,231000,54232,176768,-521000,0,615000,-615000,166000,72000,94000,-23909954
2317,鴻海            ,31626868,57939738,-26312870,0,0,0,365000,70506,294494,1170436,378000,978000,-600000,3227998,1457562,1770436,-24847940
0056,元大高股息      ,39000,4000,35000,0,0,0,190000,0,190000,-40001000,10000,250000,-240000,895000,40656000,-39761000,-39776000
2891,中信金          ,42306095,74851241,-32545146,0,0,0,20000,12268390,-12248390,-316000,0,259000,-259000,16000,73000,-57000,-45109536
2409,友達            ,37180168,84607270,-47427102,0,0,0,9000,22770,-13770,-460000,4000,364000,-360000,371000,471000,-100000,-47900872
00715L,街口布蘭特油正2 ,28000,3949000,-3921000,0,0,0,0,0,0,-44072000,0,0,0,210000,44282000,-44072000,-47993000
2303,聯電            ,57499509,117345289,-59845780,0,0,0,12000,73952,-61952,1590000,1155000,627000,528000,1629000,567000,1062000,-58317732
2884,玉山金          ,34352174,92650094,-58297920,0,0,0,12000,849935,-837935,178000,550000,700000,-150000,385000,57000,328000,-58957855
00672L,元大S&P原油正2  ,1000,14000,-13000,0,0,0,0,0,0,-244532000,0,500000,-500000,2846000,246878000,-244032000,-244545000
