證券代號,證券名稱,外陸資買進股數(不含外資自營商),外陸資賣出股數(不含外資自營商),外陸資買賣超股數(不含外資自營商),外資自營商買進股數,外資自營商賣出股數,外資自營商買賣超股數,投信買進股數,投信賣出股數,投信買賣超股數,自營商買賣超股數,自營商買進股數(自行買賣),自營商賣出股數(自行買賣),自營商買賣超股數(自行買賣),自營商買進股數(避險),自營商賣出股數(避險),自營商買賣超股數(避險),三大法人買賣超股數
00852L,國泰美國道瓊正2 ,1179000,0,1179000,0,0,0,0,0,0,20293000,0,0,0,22772000,2479000,20293000,21472000
00875,國泰網路資安    ,1272000,0,1272000,0,0,0,0,0,0,12617000,0,0,0,15108000,2491000,12617000,13889000
2330,台積電          ,42291876,32705183,9586693,0,0,0,843000,635000,208000,-1587000,107000,1391000,-1284000,294000,597000,-303000,8207693
2368,金像電          ,18973000,14160000,4813000,0,0,0,2521000,0,2521000,175000,1098000,923000,175000,0,0,0,7509000
00861,元大全球未來通訊,1283000,2000,1281000,0,0,0,0,0,0,4887000,0,0,0,5434000,547000,4887000,6168000
2356,英業達          ,12909000,7199056,5709944,0,0,0,0,0,0,-723000,0,610000,-610000,1000,114000,-113000,4986944
3037,欣興            ,8536000,10400000,-1864000,0,0,0,6974000,6000,6968000,-413000,548000,1215000,-667000,445000,191000,254000,4691000
00646,元大S&P500      ,288000,7000,281000,0,0,0,0,0,0,3628000,0,0,0,3762000,134000,3628000,3909000
1314,中石化          ,7583000,4025283,3557717,0,0,0,0,0,0,-78000,0,78000,-78000,0,0,0,3479717
2376,技嘉            ,3156000,2070000,1086000,0,0,0,1504000,34000,1470000,308000,47000,35000,12000,329000,33000,296000,2864000
2377,微星            ,3173716,1409277,1764439,0,0,0,918000,0,918000,141000,102000,30000,72000,75000,6000,69000,2823439
057393,台積電中信02購01,0,0,0,0,0,0,0,0,0,2714000,0,0,0,6009000,3295000,2714000,2714000
8046,南電            ,3824000,2957000,867000,0,0,0,1495000,83000,1412000,333000,110000,11000,99000,319000,85000,234000,2612000
00670L,富邦NASDAQ正2   ,44000,44000,0,0,0,0,0,0,0,2515000,0,0,0,3040000,525000,2515000,2515000
047470,聯發科中信94購03,0,0,0,0,0,0,0,0,0,2470000,0,0,0,2470000,0,2470000,2470000
058211,國巨群益9A購02  ,0,0,0,0,0,0,0,0,0,2445000,0,0,0,2445000,0,2445000,2445000
3189,景碩            ,1789000,1195000,594000,0,0,0,1645000,0,1645000,94000,133000,61000,72000,25000,3000,22000,2333000
059865,國巨凱基01購01  ,0,0,0,0,0,0,0,0,0,2245000,0,0,0,2286000,41000,2245000,2245000
00631L,元大台灣50正2   ,586000,591000,-5000,0,0,0,0,0,0,1900000,0,0,0,6089000,4189000,1900000,1895000
050399,潤泰全中信95購01,0,0,0,0,0,0,0,0,0,1891000,0,0,0,2195000,304000,1891000,1891000
049007,玉晶光中信96購01,0,0,0,0,0,0,0,0,0,1889000,0,0,0,1889000,0,1889000,1889000
00647L,元大S&P500正2   ,63000,45000,18000,0,0,0,0,0,0,1801000,0,0,0,2503000,702000,1801000,1819000
056594,台積電元富98購03,0,0,0,0,0,0,0,0,0,1801000,0,0,0,1836000,35000,1801000,1801000
056829,台積電富邦9A購01,0,0,0,0,0,0,0,0,0,1719000,0,0,0,2779000,1060000,1719000,1719000
2201,裕隆            ,1564000,1683000,-119000,0,0,0,1790000,0,1790000,-10000,0,0,0,0,10000,-10000,1661000
04368P,台積電凱基94售02,0,0,0,0,0,0,0,0,0,1430000,0,0,0,1430000,0,1430000,1430000
2104,國際中橡        ,2306740,1022000,1284740,0,0,0,0,0,0,-34000,0,34000,-34000,0,0,0,1250740
00708L,元大S&P黃金正2  ,0,0,0,0,0,0,0,0,0,1246000,0,0,0,2064000,818000,1246000,1246000
055976,台積電統一99購03,0,0,0,0,0,0,0,0,0,1232000,0,0,0,1244000,12000,1232000,1232000
059151,臺股指國票99購14,0,0,0,0,0,0,0,0,0,1194000,0,0,0,1204000,10000,1194000,1194000
050343,鴻海元富94購01  ,0,0,0,0,0,0,0,0,0,1168000,0,0,0,1368000,200000,1168000,1168000
053314,A50正2群益9A購01,0,0,0,0,0,0,0,0,0,1148000,0,0,0,1148000,0,1148000,1148000
1718,中纖            ,1472000,361000,1111000,0,0,0,0,0,0,0,0,0,0,0,0,0,1111000
057940,和大國票99購01  ,0,0,0,0,0,0,0,0,0,1056000,0,0,0,1488000,432000,1056000,1056000
3450,聯鈞            ,1466000,1137000,329000,0,0,0,626000,0,626000,67000,14000,73000,-59000,134000,8000,126000,1022000
1101,台泥            ,10449000,9714278,734722,0,0,0,542000,0,542000,-262000,78000,288000,-210000,0,52000,-52000,1014722
2345,智邦            ,3499000,2677929,821071,0,0,0,167893,0,167893,-5000,30000,16000,14000,15000,34000,-19000,983964
3682,亞太電          ,1190000,215000,975000,0,0,0,0,0,0,0,0,0,0,0,0,0,975000
059763,華擎永豐99購03  ,0,0,0,0,0,0,0,0,0,950000,0,0,0,1021000,71000,950000,950000
059359,精元永豐99購01  ,0,0,0,0,0,0,0,0,0,915000,0,0,0,1040000,125000,915000,915000
6239,力成            ,4090000,3570434,519566,0,0,0,402000,0,402000,-10000,12000,38000,-26000,16000,0,16000,911566
047652,滬深2X兆豐94購03,0,0,0,0,0,0,0,0,0,898000,0,0,0,898000,0,898000,898000
059679,國巨國泰9B購03  ,0,0,0,0,0,0,0,0,0,884000,0,0,0,911000,27000,884000,884000
4119,旭富            ,1454000,507000,947000,0,0,0,31000,54000,-23000,-55000,0,22000,-22000,11000,44000,-33000,869000
00673R,元大S&P原油反1  ,3157000,228000,2929000,0,0,0,0,0,0,-2066000,0,0,0,3513000,5579000,-2066000,863000
059526,鴻海凱基99購12  ,0,0,0,0,0,0,0,0,0,852000,0,0,0,984000,132000,852000,852000
058750,緯穎凱基9A購03  ,0,0,0,0,0,0,0,0,0,833000,0,0,0,871000,38000,833000,833000
2347,聯強            ,3182000,2325804,856196,0,0,0,0,0,0,-25000,0,25000,-25000,0,0,0,831196
6271,同欣電          ,802000,498000,304000,0,0,0,703000,0,703000,-189000,21000,204000,-183000,3000,9000,-6000,818000
1227,佳格            ,2459000,1834425,624575,0,0,0,185000,0,185000,7000,9000,2000,7000,0,0,0,816575
2456,奇力新          ,362000,838000,-476000,0,0,0,1271000,0,1271000,16968,12000,8032,3968,15000,2000,13000,811968
055827,中石化元大98購01,0,0,0,0,0,0,0,0,0,798000,0,0,0,996000,198000,798000,798000
052670,茂林群益96購02  ,0,0,0,0,0,0,0,0,0,759000,0,0,0,759000,0,759000,759000
2474,可成            ,7974000,7216279,757721,0,0,0,27000,0,27000,-30000,21000,49000,-28000,8000,10000,-2000,754721
059656,T50反1元大99購11,0,0,0,0,0,0,0,0,0,746000,0,0,0,1047000,301000,746000,746000
00830,國泰費城半導體  ,456000,46000,410000,0,0,0,0,0,0,330000,0,0,0,663000,333000,330000,740000
054371,台積電中信9C購01,0,30000,-30000,0,0,0,0,0,0,767000,0,0,0,1069000,302000,767000,737000
053413,台積電國票99購01,0,0,0,0,0,0,0,0,0,736000,0,0,0,886000,150000,736000,736000
5305,敦南            ,818000,98000,720000,0,0,0,0,0,0,7000,0,0,0,7000,0,7000,727000
8112,至上            ,1615000,1103000,512000,0,0,0,10000,0,10000,196000,210000,14000,196000,0,0,0,718000
054860,台積電群益98購01,0,0,0,0,0,0,0,0,0,714000,0,0,0,714000,0,714000,714000
057954,宏碁元大99購01  ,0,0,0,0,0,0,0,0,0,707000,0,0,0,707000,0,707000,707000
2049,上銀            ,1461349,742930,718419,0,0,0,24773,19000,5773,-20000,4000,21000,-17000,3000,6000,-3000,704192
6285,啟碁            ,1228980,284020,944960,0,0,0,0,2000,-2000,-247000,20000,265000,-245000,0,2000,-2000,695960
058380,臺股指凱基99購15,0,0,0,0,0,0,0,0,0,695000,0,0,0,695000,0,695000,695000
2379,瑞昱            ,3785139,4438809,-653670,0,0,0,1263000,0,1263000,80000,74000,20000,54000,36000,10000,26000,689330
07108P,FBVIX台新99售02 ,0,0,0,0,0,0,0,0,0,677000,0,0,0,793000,116000,677000,677000
057802,卜蜂元大98購01  ,0,0,0,0,0,0,0,0,0,666000,0,0,0,701000,35000,666000,666000
053641,正文永豐96購01  ,0,0,0,0,0,0,0,0,0,655000,0,0,0,655000,0,655000,655000
00668,國泰美國道瓊    ,132000,0,132000,0,0,0,0,0,0,522000,0,0,0,616000,94000,522000,654000
050444,卜蜂元大94購03  ,0,0,0,0,0,0,0,0,0,647000,0,0,0,707000,60000,647000,647000
059819,台積電凱基99購17,0,0,0,0,0,0,0,0,0,644000,0,0,0,654000,10000,644000,644000
051362,台郡元大95購04  ,0,0,0,0,0,0,0,0,0,639000,0,0,0,641000,2000,639000,639000
00739,元大MSCI A股    ,181000,0,181000,0,0,0,0,0,0,449000,0,0,0,477000,28000,449000,630000
059863,和大凱基99購01  ,0,0,0,0,0,0,0,0,0,616000,0,0,0,620000,4000,616000,616000
054271,中石化中信99購01,0,0,0,0,0,0,0,0,0,615000,0,0,0,616000,1000,615000,615000
052198,鴻海統一95購10  ,0,0,0,0,0,0,0,0,0,607000,0,0,0,607000,0,607000,607000
058388,健策國票9A購01  ,0,0,0,0,0,0,0,0,0,590000,0,0,0,590000,0,590000,590000
052453,崇越元大95購01  ,0,0,0,0,0,0,0,0,0,590000,0,0,0,599000,9000,590000,590000
052895,台積電群益96購04,0,0,0,0,0,0,0,0,0,588000,0,0,0,614000,26000,588000,588000
048153,台積電兆豐94購01,0,0,0,0,0,0,0,0,0,586000,0,0,0,586000,0,586000,586000
052173,廣達元大95購02  ,0,0,0,0,0,0,0,0,0,585000,0,0,0,585000,0,585000,585000
053631,欣興兆豐97購01  ,0,0,0,0,0,0,0,0,0,571000,0,0,0,900000,329000,571000,571000
058908,貿聯元大99購03  ,0,0,0,0,0,0,0,0,0,567000,0,0,0,941000,374000,567000,567000
00643,群益深証中小    ,582000,47000,535000,0,0,0,0,0,0,22000,0,0,0,213000,191000,22000,557000
059387,華通凱基9A購03  ,0,0,0,0,0,0,0,0,0,554000,0,0,0,590000,36000,554000,554000
055166,台積電統一97購05,0,0,0,0,0,0,0,0,0,545000,0,0,0,545000,0,545000,545000
3231,緯創            ,11970000,10760802,1209198,0,0,0,0,618000,-618000,-48000,0,69000,-69000,25000,4000,21000,543198
059153,臺股指國票99購16,0,0,0,0,0,0,0,0,0,543000,0,0,0,991000,448000,543000,543000
058836,FBVIX中信03購05 ,0,0,0,0,0,0,0,0,0,539000,0,0,0,576000,37000,539000,539000
6456,GIS-KY          ,943000,422000,521000,0,0,0,0,0,0,16000,0,14000,-14000,30000,0,30000,537000
2357,華碩            ,2171000,1607563,563437,0,0,0,0,0,0,-28000,4000,32000,-28000,0,0,0,535437
058139,臻鼎元大99購01  ,0,0,0,0,0,0,0,0,0,526000,0,0,0,526000,0,526000,526000
059341,台積電凱基99購15,0,0,0,0,0,0,0,0,0,522000,0,0,0,524000,2000,522000,522000
057985,華通元富02購03  ,0,0,0,0,0,0,0,0,0,511000,0,0,0,592000,81000,511000,511000
058237,嘉晶元大99購04  ,0,0,0,0,0,0,0,0,0,510000,0,0,0,520000,10000,510000,510000
045817,滬深2X凱基95購02,0,0,0,0,0,0,0,0,0,509000,0,0,0,509000,0,509000,509000
055920,智伸科凱基97購02,0,0,0,0,0,0,0,0,0,500000,0,0,0,500000,0,500000,500000
055795,茂林國泰98購01  ,0,0,0,0,0,0,0,0,0,497000,0,0,0,497000,0,497000,497000
058514,潤泰全元大99購01,0,0,0,0,0,0,0,0,0,496000,0,0,0,758000,262000,496000,496000
2915,潤泰全          ,1476000,914176,561824,0,0,0,0,0,0,-69000,42000,24000,18000,13000,100000,-87000,492824
057884,華邦電群益98購02,0,0,0,0,0,0,0,0,0,492000,0,0,0,492000,0,492000,492000
059230,滬深2X國票9B購02,0,0,0,0,0,0,0,0,0,489000,0,0,0,521000,32000,489000,489000
00651R,FH香港反1       ,171000,34000,137000,0,0,0,0,0,0,342000,0,0,0,454000,112000,342000,479000
9958,世紀鋼          ,990000,833000,157000,0,0,0,12000,60000,-48000,352000,5000,31000,-26000,387000,9000,378000,461000
057597,華通群益9A購02  ,0,0,0,0,0,0,0,0,0,460000,0,0,0,460000,0,460000,460000
1444,力麗            ,581000,121000,460000,0,0,0,0,0,0,0,0,0,0,0,0,0,460000
058101,台積電富邦9C購01,0,0,0,0,0,0,0,0,0,458000,0,0,0,478000,20000,458000,458000
051809,義隆凱基96購01  ,0,0,0,0,0,0,0,0,0,455000,0,0,0,455000,0,455000,455000
058329,S&P正2元富01購01,0,0,0,0,0,0,0,0,0,450000,0,0,0,450000,0,450000,450000
051552,牧德永豐95購03  ,0,0,0,0,0,0,0,0,0,450000,0,0,0,450000,0,450000,450000
050108,鴻海元大94購13  ,0,0,0,0,0,0,0,0,0,444000,0,0,0,444000,0,444000,444000
1312,國喬            ,1366000,916900,449100,0,0,0,0,0,0,-7000,10000,17000,-7000,0,0,0,442100
057475,聯電元大9A購01  ,0,0,0,0,0,0,0,0,0,439000,0,0,0,649000,210000,439000,439000
9933,中鼎            ,1415000,967000,448000,0,0,0,0,0,0,-16000,0,16000,-16000,0,0,0,432000
051259,鴻海永昌96購03  ,0,0,0,0,0,0,0,0,0,430000,0,0,0,430000,0,430000,430000
055353,華新科凱基98購03,0,0,0,0,0,0,0,0,0,430000,0,0,0,430000,0,430000,430000
057606,健策統一98購03  ,0,0,0,0,0,0,0,0,0,428000,0,0,0,450000,22000,428000,428000
059731,康控元大99購04  ,0,0,0,0,0,0,0,0,0,424000,0,0,0,441000,17000,424000,424000
058911,茂林元大99購04  ,0,0,0,0,0,0,0,0,0,423000,0,0,0,558000,135000,423000,423000
053856,台積電富邦98購01,0,0,0,0,0,0,0,0,0,423000,0,0,0,423000,0,423000,423000
00645,富邦日本        ,0,0,0,0,0,0,0,0,0,423000,0,0,0,566000,143000,423000,423000
058425,S&P正2元富01購02,0,0,0,0,0,0,0,0,0,422000,0,0,0,422000,0,422000,422000
056593,台積電元富98購02,0,0,0,0,0,0,0,0,0,422000,0,0,0,432000,10000,422000,422000
046937,聯電元大99購01  ,0,0,0,0,0,0,0,0,0,422000,0,0,0,479000,57000,422000,422000
1904,正隆            ,1854000,1620000,234000,0,0,0,0,0,0,181000,182000,1000,181000,0,0,0,415000
6669,緯穎            ,961000,598420,362580,0,0,0,13000,0,13000,36000,29000,6000,23000,15000,2000,13000,411580
056139,貿聯元大97購04  ,0,0,0,0,0,0,0,0,0,408000,0,0,0,410000,2000,408000,408000
6166,凌華            ,532000,125404,406596,0,0,0,0,0,0,0,0,0,0,0,0,0,406596
058132,義隆元大99購03  ,0,0,0,0,0,0,0,0,0,403000,0,0,0,833000,430000,403000,403000
059696,立積永豐99購03  ,0,0,0,0,0,0,0,0,0,403000,0,0,0,403000,0,403000,403000
2375,凱美            ,865000,464000,401000,0,0,0,0,0,0,1000,0,0,0,1000,0,1000,402000
058959,南茂國票9A購01  ,0,0,0,0,0,0,0,0,0,400000,0,0,0,400000,0,400000,400000
051107,鴻海統一95購05  ,0,0,0,0,0,0,0,0,0,400000,0,0,0,400000,0,400000,400000
054336,台積電統一96購11,0,0,0,0,0,0,0,0,0,399000,0,0,0,399000,0,399000,399000
050022,鴻海元大94購11  ,0,0,0,0,0,0,0,0,0,399000,0,0,0,399000,0,399000,399000
049907,鴻海元大94購07  ,0,0,0,0,0,0,0,0,0,399000,0,0,0,399000,0,399000,399000
058578,聯發科群益99購03,0,0,0,0,0,0,0,0,0,397000,0,0,0,429000,32000,397000,397000
059091,中信金元大99購01,0,0,0,0,0,0,0,0,0,395000,0,0,0,395000,0,395000,395000
049820,世紀鋼元大96購03,0,0,0,0,0,0,0,0,0,394000,0,0,0,693000,299000,394000,394000
043231,鴻海中信95購01  ,0,0,0,0,0,0,0,0,0,389000,0,0,0,389000,0,389000,389000
00662,富邦NASDAQ      ,4000,4000,0,0,0,0,0,0,0,388000,0,0,0,541000,153000,388000,388000
059286,S&P正2元富01購03,0,0,0,0,0,0,0,0,0,388000,0,0,0,636000,248000,388000,388000
059702,台積電凱基9A購14,0,0,0,0,0,0,0,0,0,386000,0,0,0,526000,140000,386000,386000
2404,漢唐            ,1035000,639000,396000,0,0,0,6957,0,6957,-19000,27000,44000,-17000,1000,3000,-2000,383957
056289,合勤控永豐97購01,0,0,0,0,0,0,0,0,0,382000,0,0,0,382000,0,382000,382000
053564,台積電富邦99購01,0,8000,-8000,0,0,0,0,0,0,390000,0,0,0,410000,20000,390000,382000
056479,玉晶光元大99購05,0,0,0,0,0,0,0,0,0,380000,0,0,0,458000,78000,380000,380000
2809,京城銀          ,2130000,1567000,563000,0,0,0,0,0,0,-183000,2000,185000,-183000,0,0,0,380000
051918,聯茂元大95購01  ,0,0,0,0,0,0,0,0,0,378000,0,0,0,464000,86000,378000,378000
053675,臺股指元富96購02,0,0,0,0,0,0,0,0,0,377000,0,0,0,377000,0,377000,377000
048422,瑞昱元富96購02  ,0,0,0,0,0,0,0,0,0,375000,0,0,0,651000,276000,375000,375000
051094,健策元大96購03  ,0,0,0,0,0,0,0,0,0,373000,0,0,0,373000,0,373000,373000
051133,台積電永豐95購02,0,0,0,0,0,0,0,0,0,370000,0,0,0,370000,0,370000,370000
053536,明泰永豐96購01  ,0,0,0,0,0,0,0,0,0,370000,0,0,0,400000,30000,370000,370000
057206,立積元富98購01  ,0,0,0,0,0,0,0,0,0,365000,0,0,0,522000,157000,365000,365000
07010P,T50正2凱基9C售01,0,0,0,0,0,0,0,0,0,363000,0,0,0,391000,28000,363000,363000
056579,麗豐元大99購01  ,0,0,0,0,0,0,0,0,0,362000,0,0,0,408000,46000,362000,362000
2542,興富發          ,1728000,1320298,407702,0,0,0,0,0,0,-48000,16000,64000,-48000,0,0,0,359702
054427,潤泰全富邦97購01,0,0,0,0,0,0,0,0,0,359000,0,0,0,369000,10000,359000,359000
3049,和鑫            ,1356000,1006000,350000,0,0,0,0,0,0,3000,0,0,0,4000,1000,3000,353000
5388,中磊            ,642000,194000,448000,0,0,0,5000,3000,2000,-98000,20000,115000,-95000,0,3000,-3000,352000
3338,泰碩            ,393000,655000,-262000,0,0,0,502000,0,502000,111000,122000,0,122000,14000,25000,-11000,351000
053563,台積電富邦97購01,0,0,0,0,0,0,0,0,0,348000,0,0,0,378000,30000,348000,348000
053181,滬深2X元富99購02,0,0,0,0,0,0,0,0,0,345000,0,0,0,345000,0,345000,345000
6120,達運            ,640000,280000,360000,0,0,0,0,0,0,-16000,0,16000,-16000,0,0,0,344000
059842,台積電富邦9C購05,0,0,0,0,0,0,0,0,0,342000,0,0,0,382000,40000,342000,342000
057303,喬山兆豐99購01  ,0,0,0,0,0,0,0,0,0,341000,0,0,0,356000,15000,341000,341000
058433,台積電統一9B購04,0,0,0,0,0,0,0,0,0,340000,0,0,0,340000,0,340000,340000
058955,台積電國票9A購04,0,0,0,0,0,0,0,0,0,340000,0,0,0,550000,210000,340000,340000
058067,台積電第一9C購01,0,0,0,0,0,0,0,0,0,337000,0,0,0,337000,0,337000,337000
00641R,富邦日本反1     ,38000,18000,20000,0,0,0,0,0,0,315000,0,0,0,870000,555000,315000,335000
00655L,國泰中國A50正2  ,1334000,138000,1196000,0,0,0,0,0,0,-865000,0,0,0,3814000,4679000,-865000,331000
058483,道瓊指國票9A購01,0,0,0,0,0,0,0,0,0,329000,0,0,0,329000,0,329000,329000
057610,致茂元富98購02  ,0,0,0,0,0,0,0,0,0,320000,0,0,0,320000,0,320000,320000
051356,全新元大96購04  ,0,0,0,0,0,0,0,0,0,319000,0,0,0,319000,0,319000,319000
059789,貿聯元大9A購02  ,0,0,0,0,0,0,0,0,0,317000,0,0,0,389000,72000,317000,317000
057546,台積電凱基02購01,0,0,0,0,0,0,0,0,0,316000,0,0,0,657000,341000,316000,316000
053528,南電中信9A購01  ,0,0,0,0,0,0,0,0,0,316000,0,0,0,316000,0,316000,316000
06669P,緯穎凱基98售05  ,0,0,0,0,0,0,0,0,0,315000,0,0,0,315000,0,315000,315000
059624,鴻海凱基01購01  ,0,0,0,0,0,0,0,0,0,306000,0,0,0,398000,92000,306000,306000
056938,泰碩元富98購01  ,0,0,0,0,0,0,0,0,0,305000,0,0,0,338000,33000,305000,305000
3003,健和興          ,357000,47000,310000,0,0,0,0,0,0,-6000,0,8000,-8000,2000,0,2000,304000
056049,奇力新國票98購01,0,0,0,0,0,0,0,0,0,303000,0,0,0,303000,0,303000,303000
050021,鴻海元大94購10  ,0,0,0,0,0,0,0,0,0,301000,0,0,0,301000,0,301000,301000
049349,國巨康和94購01  ,0,0,0,0,0,0,0,0,0,301000,0,0,0,301000,0,301000,301000
059752,國巨群益9B購01  ,0,0,0,0,0,0,0,0,0,300000,0,0,0,305000,5000,300000,300000
057026,長榮航凱基98購01,0,0,0,0,0,0,0,0,0,300000,0,0,0,300000,0,300000,300000
04381P,世紀鋼元大94售01,0,0,0,0,0,0,0,0,0,300000,0,0,0,300000,0,300000,300000
051935,味全群益95購01  ,0,0,0,0,0,0,0,0,0,299000,0,0,0,299000,0,299000,299000
1216,統一            ,9508000,10007214,-499214,0,0,0,943000,0,943000,-145000,4000,153000,-149000,5000,1000,4000,298786
00737,國泰AI+Robo     ,213000,3000,210000,0,0,0,0,0,0,88000,0,0,0,209000,121000,88000,298000
059680,台積電國泰9A購03,0,0,0,0,0,0,0,0,0,297000,0,0,0,503000,206000,297000,297000
059133,臺股指群益99購08,0,0,0,0,0,0,0,0,0,294000,0,0,0,422000,128000,294000,294000
2723,美食-KY         ,665000,363272,301728,0,0,0,0,0,0,-9000,0,0,0,1000,10000,-9000,292728
057173,南亞科元大98購04,0,0,0,0,0,0,0,0,0,288000,0,0,0,288000,0,288000,288000
059127,國巨中信99購04  ,0,0,0,0,0,0,0,0,0,286000,0,0,0,648000,362000,286000,286000
057619,玉晶光凱基98購02,0,0,0,0,0,0,0,0,0,285000,0,0,0,351000,66000,285000,285000
053402,A50正2群益9A購02,0,0,0,0,0,0,0,0,0,284000,0,0,0,284000,0,284000,284000
3596,智易            ,893000,629013,263987,0,0,0,0,0,0,19000,26000,4000,22000,2000,5000,-3000,282987
057467,祥碩永豐98購04  ,0,0,0,0,0,0,0,0,0,281000,0,0,0,281000,0,281000,281000
058137,玉晶光元大99購11,0,0,0,0,0,0,0,0,0,281000,0,0,0,356000,75000,281000,281000
052307,潤泰全國泰96購01,0,0,0,0,0,0,0,0,0,277000,0,0,0,290000,13000,277000,277000
2505,國揚            ,399022,152000,247022,0,0,0,0,0,0,29000,0,0,0,29000,0,29000,276022
059646,聯茂凱基99購06  ,0,0,0,0,0,0,0,0,0,276000,0,0,0,348000,72000,276000,276000
056919,英業達兆豐98購01,0,0,0,0,0,0,0,0,0,275000,0,0,0,275000,0,275000,275000
057383,玉晶光富邦9A購01,0,0,0,0,0,0,0,0,0,275000,0,0,0,326000,51000,275000,275000
056939,康控元富98購01  ,0,0,0,0,0,0,0,0,0,274000,0,0,0,467000,193000,274000,274000
050170,臺指反元大97購02,0,0,0,0,0,0,0,0,0,273000,0,0,0,2286000,2013000,273000,273000
5534,長虹            ,547000,286000,261000,0,0,0,5000,0,5000,7000,16000,9000,7000,0,0,0,273000
055131,茂林康和97購01  ,0,0,0,0,0,0,0,0,0,272000,0,0,0,354000,82000,272000,272000
053860,台積電元大98購03,0,0,0,0,0,0,0,0,0,271000,0,0,0,271000,0,271000,271000
052832,益航群益96購01  ,0,0,0,0,0,0,0,0,0,271000,0,0,0,271000,0,271000,271000
053352,義隆兆豐96購01  ,0,0,0,0,0,0,0,0,0,269000,0,0,0,410000,141000,269000,269000
059134,臺股指群益99購09,0,0,0,0,0,0,0,0,0,267000,0,0,0,325000,58000,267000,267000
058529,S&P正2元富9B購01,0,0,0,0,0,0,0,0,0,266000,0,0,0,266000,0,266000,266000
052101,滬深2X兆豐96購01,0,0,0,0,0,0,0,0,0,266000,0,0,0,266000,0,266000,266000
049298,矽格群益95購01  ,0,0,0,0,0,0,0,0,0,265000,0,0,0,265000,0,265000,265000
6214,精誠            ,441000,176000,265000,0,0,0,0,0,0,-1000,8000,9000,-1000,0,0,0,264000
056872,旺宏凱基98購08  ,0,0,0,0,0,0,0,0,0,263000,0,0,0,263000,0,263000,263000
042793,台積電台新9C購01,0,0,0,0,0,0,0,0,0,263000,0,0,0,274000,11000,263000,263000
052092,貿聯元大96購02  ,0,0,0,0,0,0,0,0,0,260000,0,0,0,260000,0,260000,260000
058510,全新元大9B購02  ,0,0,0,0,0,0,0,0,0,258000,0,0,0,258000,0,258000,258000
055744,茂林元富97購02  ,0,0,0,0,0,0,0,0,0,258000,0,0,0,258000,0,258000,258000
04773P,金融類元大94售01,0,0,0,0,0,0,0,0,0,257000,0,0,0,257000,0,257000,257000
059051,和大凱基9A購01  ,0,0,0,0,0,0,0,0,0,254000,0,0,0,487000,233000,254000,254000
054205,華新國票97購02  ,0,0,0,0,0,0,0,0,0,254000,0,0,0,285000,31000,254000,254000
059515,牧德永豐99購01  ,0,0,0,0,0,0,0,0,0,252000,0,0,0,317000,65000,252000,252000
049114,玉晶光統一94購02,0,0,0,0,0,0,0,0,0,252000,0,0,0,252000,0,252000,252000
055668,欣興群益97購01  ,0,0,0,0,0,0,0,0,0,252000,0,0,0,252000,0,252000,252000
058855,台積電兆豐99購02,0,0,0,0,0,0,0,0,0,251000,0,0,0,481000,230000,251000,251000
059534,國泰金凱基99購01,0,0,0,0,0,0,0,0,0,250000,0,0,0,280000,30000,250000,250000
3042,晶技            ,2893000,2508000,385000,0,0,0,45000,181000,-136000,1000,7000,12000,-5000,60000,54000,6000,250000
3017,奇鋐            ,1334000,1257000,77000,0,0,0,0,0,0,170000,193000,0,193000,8000,31000,-23000,247000
059294,宏達電元富9B購02,0,0,0,0,0,0,0,0,0,245000,0,0,0,245000,0,245000,245000
1218,泰山            ,605753,362000,243753,0,0,0,0,0,0,0,0,0,0,0,0,0,243753
058233,聯發科元大99購06,0,0,0,0,0,0,0,0,0,243000,0,0,0,357000,114000,243000,243000
059688,燿華永豐99購01  ,0,0,0,0,0,0,0,0,0,242000,0,0,0,273000,31000,242000,242000
057175,美律元大98購03  ,0,0,0,0,0,0,0,0,0,240000,0,0,0,240000,0,240000,240000
056553,啟碁凱基98購02  ,0,0,0,0,0,0,0,0,0,240000,0,0,0,240000,0,240000,240000
056196,聯茂富邦98購02  ,0,0,0,0,0,0,0,0,0,240000,0,0,0,245000,5000,240000,240000
054347,上緯控國票96購02,0,0,0,0,0,0,0,0,0,240000,0,0,0,240000,0,240000,240000
055079,台光電中信97購01,0,0,0,0,0,0,0,0,0,239000,0,0,0,239000,0,239000,239000
059606,上銀富邦9B購02  ,0,0,0,0,0,0,0,0,0,236000,0,0,0,240000,4000,236000,236000
059739,華通元富99購04  ,0,0,0,0,0,0,0,0,0,235000,0,0,0,270000,35000,235000,235000
057017,和大凱基98購01  ,0,0,0,0,0,0,0,0,0,235000,0,0,0,235000,0,235000,235000
3209,全科            ,265000,33000,232000,0,0,0,0,0,0,-1000,0,1000,-1000,0,0,0,231000
055512,聯詠兆豐97購01  ,0,0,0,0,0,0,0,0,0,228000,0,0,0,248000,20000,228000,228000
058904,晶技元大99購05  ,0,0,0,0,0,0,0,0,0,227000,0,0,0,350000,123000,227000,227000
056677,智伸科元富98購01,0,0,0,0,0,0,0,0,0,224000,0,0,0,280000,56000,224000,224000
050135,禾伸堂兆豐95購01,0,0,0,0,0,0,0,0,0,222000,0,0,0,222000,0,222000,222000
058203,信邦凱基99購01  ,0,0,0,0,0,0,0,0,0,221000,0,0,0,221000,0,221000,221000
054369,鴻海中信9C購01  ,0,0,0,0,0,0,0,0,0,221000,0,0,0,221000,0,221000,221000
049023,玉晶光群益96購04,0,0,0,0,0,0,0,0,0,220000,0,0,0,220000,0,220000,220000
052594,友訊群益98購01  ,0,0,0,0,0,0,0,0,0,220000,0,0,0,220000,0,220000,220000
055902,同欣電中信99購01,0,0,0,0,0,0,0,0,0,220000,0,0,0,220000,0,220000,220000
059626,台積電凱基01購01,0,0,0,0,0,0,0,0,0,219000,0,0,0,774000,555000,219000,219000
059571,奇力新凱基99購06,0,0,0,0,0,0,0,0,0,218000,0,0,0,235000,17000,218000,218000
00638R,元大滬深300反1  ,123000,2000,121000,0,0,0,0,0,0,97000,0,0,0,496000,399000,97000,218000
055876,美食元富9A購01  ,0,0,0,0,0,0,0,0,0,214000,0,0,0,214000,0,214000,214000
8105,凌巨            ,525000,300000,225000,0,0,0,0,0,0,-12000,0,12000,-12000,0,0,0,213000
056192,智邦富邦98購01  ,0,0,0,0,0,0,0,0,0,210000,0,0,0,245000,35000,210000,210000
059004,嘉晶元大99購05  ,0,0,0,0,0,0,0,0,0,209000,0,0,0,426000,217000,209000,209000
059202,禾聯碩永豐99購01,0,0,0,0,0,0,0,0,0,208000,0,0,0,208000,0,208000,208000
00771,元大US高息特別股,0,0,0,0,0,0,0,0,0,208000,0,0,0,252000,44000,208000,208000
054177,牧德台新97購01  ,0,0,0,0,0,0,0,0,0,207000,0,0,0,219000,12000,207000,207000
5264,鎧勝-KY         ,458000,241000,217000,0,0,0,0,0,0,-10000,0,10000,-10000,0,0,0,207000
059922,大立光元大99購25,0,0,0,0,0,0,0,0,0,206000,0,0,0,265000,59000,206000,206000
053167,欣興群益96購03  ,0,0,0,0,0,0,0,0,0,202000,0,0,0,202000,0,202000,202000
2836,高雄銀          ,424000,220000,204000,0,0,0,0,0,0,-2000,0,2000,-2000,0,0,0,202000
058613,茂林元大99購03  ,0,0,0,0,0,0,0,0,0,200000,0,0,0,302000,102000,200000,200000
059795,鴻海國票99購07  ,0,0,0,0,0,0,0,0,0,200000,0,0,0,263000,63000,200000,200000
055055,精元永豐97購01  ,0,0,0,0,0,0,0,0,0,200000,0,0,0,200000,0,200000,200000
05253P,智邦凱基95售08  ,0,0,0,0,0,0,0,0,0,200000,0,0,0,200000,0,200000,200000
054615,牧德永豐98購01  ,0,0,0,0,0,0,0,0,0,200000,0,0,0,200000,0,200000,200000
04316P,華新科國票94售05,0,0,0,0,0,0,0,0,0,200000,0,0,0,200000,0,200000,200000
1103,嘉泥            ,359000,118000,241000,0,0,0,6414,0,6414,-48000,0,48000,-48000,0,0,0,199414
052068,瑞儀兆豐96購01  ,0,0,0,0,0,0,0,0,0,199000,0,0,0,199000,0,199000,199000
059346,新日興凱基99購03,0,0,0,0,0,0,0,0,0,198000,0,0,0,295000,97000,198000,198000
054240,訊芯群益96購03  ,0,0,0,0,0,0,0,0,0,198000,0,0,0,198000,0,198000,198000
053165,大立光群益96購03,0,0,0,0,0,0,0,0,0,197000,0,0,0,197000,0,197000,197000
00635U,元大S&P黃金     ,0,0,0,0,0,0,0,0,0,196000,0,0,0,486000,290000,196000,196000
056823,智伸科永豐98購01,0,0,0,0,0,0,0,0,0,195000,0,0,0,195000,0,195000,195000
059619,台積電日盛9A購04,0,0,0,0,0,0,0,0,0,195000,0,0,0,326000,131000,195000,195000
046793,聯發科元富99購01,0,0,0,0,0,0,0,0,0,194000,0,0,0,194000,0,194000,194000
059704,聯發科凱基9A購08,0,0,0,0,0,0,0,0,0,193000,0,0,0,221000,28000,193000,193000
059385,滬深2X凱基9C購03,0,0,0,0,0,0,0,0,0,193000,0,0,0,203000,10000,193000,193000
2889,國票金          ,2247000,1905233,341767,0,0,0,0,0,0,-150000,25000,175000,-150000,0,0,0,191767
056578,智易元大99購02  ,0,0,0,0,0,0,0,0,0,191000,0,0,0,218000,27000,191000,191000
059647,超眾凱基99購04  ,0,0,0,0,0,0,0,0,0,191000,0,0,0,256000,65000,191000,191000
056843,冠德元富98購01  ,0,0,0,0,0,0,0,0,0,190000,0,0,0,190000,0,190000,190000
051843,聯發科富邦99購01,0,0,0,0,0,0,0,0,0,190000,0,0,0,190000,0,190000,190000
052546,友達中信98購01  ,0,0,0,0,0,0,0,0,0,190000,0,0,0,190000,0,190000,190000
058343,台積電群益99購02,0,0,0,0,0,0,0,0,0,189000,0,0,0,189000,0,189000,189000
057784,台積電國票9B購01,0,0,0,0,0,0,0,0,0,188000,0,0,0,805000,617000,188000,188000
057195,南茂元大98購01  ,0,0,0,0,0,0,0,0,0,188000,0,0,0,188000,0,188000,188000
1802,台玻            ,523000,279000,244000,0,0,0,0,0,0,-57000,0,57000,-57000,0,0,0,187000
058382,S&P500中信99購01,0,0,0,0,0,0,0,0,0,186000,0,0,0,186000,0,186000,186000
059386,上銀凱基99購07  ,0,0,0,0,0,0,0,0,0,186000,0,0,0,238000,52000,186000,186000
059007,南電元大99購05  ,0,0,0,0,0,0,0,0,0,186000,0,0,0,209000,23000,186000,186000
3705,永信            ,270000,84000,186000,0,0,0,0,0,0,0,0,0,0,0,0,0,186000
059711,滬深2X元大9C購02,0,0,0,0,0,0,0,0,0,185000,0,0,0,195000,10000,185000,185000
020012,富邦行動通訊N   ,0,0,0,0,0,0,0,0,0,185000,0,0,0,283000,98000,185000,185000
059574,台表科凱基99購02,0,0,0,0,0,0,0,0,0,184000,0,0,0,234000,50000,184000,184000
06496P,台灣50日盛98售01,0,0,0,0,0,0,0,0,0,184000,0,0,0,224000,40000,184000,184000
05609P,國泰金凱基96售01,0,0,0,0,0,0,0,0,0,184000,0,0,0,234000,50000,184000,184000
054579,聯茂元大97購01  ,0,0,0,0,0,0,0,0,0,182000,0,0,0,218000,36000,182000,182000
051912,健鼎元大96購01  ,0,0,0,0,0,0,0,0,0,180000,0,0,0,180000,0,180000,180000
07119P,台積電凱基9A售08,0,0,0,0,0,0,0,0,0,179000,0,0,0,189000,10000,179000,179000
059180,祥碩元富9A購01  ,0,0,0,0,0,0,0,0,0,179000,0,0,0,204000,25000,179000,179000
051639,康友國票96購02  ,0,0,0,0,0,0,0,0,0,178000,0,0,0,178000,0,178000,178000
2534,宏盛            ,411000,233000,178000,0,0,0,0,0,0,0,0,0,0,0,0,0,178000
9907,統一實          ,432000,253000,179000,0,0,0,0,0,0,-1000,0,1000,-1000,0,0,0,178000
057746,同欣電永豐98購02,0,0,0,0,0,0,0,0,0,177000,0,0,0,177000,0,177000,177000
3033,威健            ,272000,95000,177000,0,0,0,0,0,0,0,0,0,0,0,0,0,177000
2442,新美齊          ,391000,208850,182150,0,0,0,0,0,0,-6000,0,6000,-6000,0,0,0,176150
057335,技嘉國票99購01  ,0,0,0,0,0,0,0,0,0,175000,0,0,0,175000,0,175000,175000
059103,旭富元富99購03  ,0,0,0,0,0,0,0,0,0,175000,0,0,0,353000,178000,175000,175000
00663L,國泰臺灣加權正2 ,0,0,0,0,0,0,0,0,0,175000,0,0,0,383000,208000,175000,175000
042994,葡萄王元大94購02,0,0,0,0,0,0,0,0,0,175000,0,0,0,175000,0,175000,175000
2485,兆赫            ,352000,155000,197000,0,0,0,0,0,0,-25000,30000,47000,-17000,1000,9000,-8000,172000
052052,嘉澤凱基95購02  ,0,0,0,0,0,0,0,0,0,171000,0,0,0,226000,55000,171000,171000
059287,華通元富99購03  ,0,0,0,0,0,0,0,0,0,170000,0,0,0,274000,104000,170000,170000
057189,康控元大98購02  ,0,0,0,0,0,0,0,0,0,169000,0,0,0,219000,50000,169000,169000
059081,和大元大99購01  ,0,0,0,0,0,0,0,0,0,168000,0,0,0,168000,0,168000,168000
5434,崇越            ,480000,305000,175000,0,0,0,0,0,0,-7000,0,8000,-8000,1000,0,1000,168000
059376,國巨群益99購09  ,0,0,0,0,0,0,0,0,0,166000,0,0,0,316000,150000,166000,166000
059438,群創元大99購06  ,0,0,0,0,0,0,0,0,0,166000,0,0,0,260000,94000,166000,166000
051863,技嘉凱基95購01  ,0,0,0,0,0,0,0,0,0,166000,0,0,0,166000,0,166000,166000
056858,國巨群益99購03  ,0,0,0,0,0,0,0,0,0,165000,0,0,0,165000,0,165000,165000
055703,緯穎富邦98購01  ,0,0,0,0,0,0,0,0,0,165000,0,0,0,165000,0,165000,165000
06855P,聯發科富邦9A售01,0,0,0,0,0,0,0,0,0,163000,0,0,0,163000,0,163000,163000
058972,新日興永豐9A購01,0,0,0,0,0,0,0,0,0,163000,0,0,0,173000,10000,163000,163000
03414B,臺股指凱基99熊01,0,0,0,0,0,0,0,0,0,163000,0,0,0,202000,39000,163000,163000
00654R,富邦印度反1     ,0,0,0,0,0,0,0,0,0,163000,0,0,0,208000,45000,163000,163000
2548,華固            ,423000,257000,166000,0,0,0,0,0,0,-3000,0,3000,-3000,0,0,0,163000
3665,貿聯-KY         ,727000,1013000,-286000,0,0,0,490000,0,490000,-41000,0,53000,-53000,14000,2000,12000,163000
059529,華新科凱基9A購04,0,0,0,0,0,0,0,0,0,162000,0,0,0,222000,60000,162000,162000
059694,創意永豐99購03  ,0,0,0,0,0,0,0,0,0,162000,0,0,0,177000,15000,162000,162000
059663,旭富元大9C購02  ,0,0,0,0,0,0,0,0,0,162000,0,0,0,329000,167000,162000,162000
04116P,京元電元大94售02,0,0,0,0,0,0,0,0,0,162000,0,0,0,165000,3000,162000,162000
9939,宏全            ,169000,253000,-84000,0,0,0,325431,0,325431,-80000,0,86000,-86000,9000,3000,6000,161431
057888,貿聯群益98購02  ,0,0,0,0,0,0,0,0,0,160000,0,0,0,170000,10000,160000,160000
058708,臺股指元大9A購21,0,0,0,0,0,0,0,0,0,160000,0,0,0,160000,0,160000,160000
052431,茂林永豐95購03  ,0,0,0,0,0,0,0,0,0,160000,0,0,0,160000,0,160000,160000
059822,聯發科凱基99購19,0,0,0,0,0,0,0,0,0,159000,0,0,0,221000,62000,159000,159000
055350,聯發科凱基97購02,0,0,0,0,0,0,0,0,0,159000,0,0,0,159000,0,159000,159000
055022,精元國泰99購01  ,0,0,0,0,0,0,0,0,0,158000,0,0,0,158000,0,158000,158000
055276,台積電元大97購20,0,0,0,0,0,0,0,0,0,157000,0,0,0,157000,0,157000,157000
056921,京元電兆豐98購01,0,0,0,0,0,0,0,0,0,154000,0,0,0,185000,31000,154000,154000
057259,台積電兆豐98購03,0,0,0,0,0,0,0,0,0,154000,0,0,0,154000,0,154000,154000
052246,超眾康和95購01  ,0,0,0,0,0,0,0,0,0,153000,0,0,0,295000,142000,153000,153000
1795,美時            ,216000,64000,152000,0,0,0,0,0,0,0,0,0,0,0,0,0,152000
058170,國巨凱基9A購06  ,0,0,0,0,0,0,0,0,0,152000,0,0,0,219000,67000,152000,152000
058399,美律元大99購05  ,0,0,0,0,0,0,0,0,0,152000,0,0,0,256000,104000,152000,152000
059844,大立光富邦9C購04,0,0,0,0,0,0,0,0,0,152000,0,0,0,157000,5000,152000,152000
058475,台積電凱基99購06,0,0,0,0,0,0,0,0,0,151000,0,0,0,151000,0,151000,151000
056771,嘉晶元大99購01  ,0,0,0,0,0,0,0,0,0,150000,0,0,0,165000,15000,150000,150000
057548,微星凱基99購01  ,0,0,0,0,0,0,0,0,0,150000,0,0,0,150000,0,150000,150000
057914,日月光日盛9A購01,0,0,0,0,0,0,0,0,0,150000,0,0,0,150000,0,150000,150000
06314P,GIS元富97售02   ,0,0,0,0,0,0,0,0,0,150000,0,0,0,150000,0,150000,150000
051478,宏達電凱基95購03,0,0,0,0,0,0,0,0,0,150000,0,0,0,150000,0,150000,150000
050696,台光電凱基96購01,0,0,0,0,0,0,0,0,0,150000,0,0,0,150000,0,150000,150000
054208,台積電國票97購07,0,0,0,0,0,0,0,0,0,150000,0,0,0,150000,0,150000,150000
052519,旺宏元大95購05  ,0,0,0,0,0,0,0,0,0,150000,0,0,0,150000,0,150000,150000
05929P,宏達電康和96售01,0,0,0,0,0,0,0,0,0,150000,0,0,0,160000,10000,150000,150000
058762,貿聯群益99購03  ,0,0,0,0,0,0,0,0,0,150000,0,0,0,150000,0,150000,150000
056075,瀚宇博元大97購03,0,0,0,0,0,0,0,0,0,150000,0,0,0,150000,0,150000,150000
054819,裕民元大9A購01  ,0,0,0,0,0,0,0,0,0,150000,0,0,0,440000,290000,150000,150000
06869P,金融類元大99售01,0,0,0,0,0,0,0,0,0,148000,0,0,0,148000,0,148000,148000
1309,台達化          ,294000,146000,148000,0,0,0,0,0,0,-1000,0,1000,-1000,0,0,0,147000
00738U,元大道瓊白銀    ,13000,80000,-67000,0,0,0,0,0,0,214000,0,0,0,860000,646000,214000,147000
057178,可成元大98購03  ,0,0,0,0,0,0,0,0,0,146000,0,0,0,174000,28000,146000,146000
059006,樺漢元大99購01  ,0,0,0,0,0,0,0,0,0,146000,0,0,0,355000,209000,146000,146000
059390,華新科凱基99購05,0,0,0,0,0,0,0,0,0,145000,0,0,0,166000,21000,145000,145000
058014,上銀凱基99購02  ,0,0,0,0,0,0,0,0,0,145000,0,0,0,147000,2000,145000,145000
059135,臺股指群益99購10,0,0,0,0,0,0,0,0,0,145000,0,0,0,238000,93000,145000,145000
054727,台積電日盛97購02,0,0,0,0,0,0,0,0,0,145000,0,0,0,145000,0,145000,145000
048873,玉晶光國票95購02,0,0,0,0,0,0,0,0,0,145000,0,0,0,165000,20000,145000,145000
051271,華新科群益95購04,0,0,0,0,0,0,0,0,0,145000,0,0,0,190000,45000,145000,145000
2208,台船            ,481044,355000,126044,0,0,0,0,0,0,18000,18000,0,18000,0,0,0,144044
06546P,聯發科元大98售05,0,0,0,0,0,0,0,0,0,143000,0,0,0,143000,0,143000,143000
059436,大立光元大99購18,0,0,0,0,0,0,0,0,0,143000,0,0,0,148000,5000,143000,143000
051458,臺股指元大95購18,0,0,0,0,0,0,0,0,0,142000,0,0,0,144000,2000,142000,142000
053875,GIS元大97購01   ,0,0,0,0,0,0,0,0,0,142000,0,0,0,600000,458000,142000,142000
056104,義隆永豐97購01  ,0,0,0,0,0,0,0,0,0,142000,0,0,0,189000,47000,142000,142000
2538,基泰            ,176000,33000,143000,0,0,0,0,0,0,-1000,0,1000,-1000,0,0,0,142000
057283,欣興元大98購07  ,0,0,0,0,0,0,0,0,0,141000,0,0,0,298000,157000,141000,141000
054028,臻鼎凱基96購03  ,0,0,0,0,0,0,0,0,0,141000,0,0,0,141000,0,141000,141000
03810P,大立光富邦98售01,0,0,0,0,0,0,0,0,0,141000,0,0,0,194000,53000,141000,141000
4306,炎洲            ,172000,25000,147000,0,0,0,0,0,0,-6000,0,6000,-6000,0,0,0,141000
03064X,元展59          ,0,0,0,0,0,0,0,0,0,140000,0,0,0,140000,0,140000,140000
051987,廣達元大95購01  ,0,0,0,0,0,0,0,0,0,140000,0,0,0,140000,0,140000,140000
053521,緯穎群益96購02  ,0,0,0,0,0,0,0,0,0,140000,0,0,0,140000,0,140000,140000
05266P,華新科元大95售11,0,0,0,0,0,0,0,0,0,140000,0,0,0,140000,0,140000,140000
052790,智邦兆豐97購01  ,0,0,0,0,0,0,0,0,0,138000,0,0,0,158000,20000,138000,138000
00640L,富邦日本正2     ,0,2000,-2000,0,0,0,0,0,0,140000,0,0,0,933000,793000,140000,138000
059314,上銀元大99購03  ,0,0,0,0,0,0,0,0,0,137000,0,0,0,426000,289000,137000,137000
00752,中信中國50      ,3000,7000,-4000,0,0,0,0,0,0,141000,0,0,0,350000,209000,141000,137000
057316,國巨凱基99購04  ,0,0,0,0,0,0,0,0,0,136000,0,0,0,236000,100000,136000,136000
04837P,華新科元大94售05,0,0,0,0,0,0,0,0,0,136000,0,0,0,236000,100000,136000,136000
4725,信昌化          ,175000,39000,136000,0,0,0,0,0,0,0,0,0,0,0,0,0,136000
057539,南茂元大98購02  ,0,0,0,0,0,0,0,0,0,135000,0,0,0,135000,0,135000,135000
059188,京元電富邦9B購01,0,0,0,0,0,0,0,0,0,135000,0,0,0,140000,5000,135000,135000
047476,鴻海凱基94購08  ,0,0,0,0,0,0,0,0,0,135000,0,0,0,135000,0,135000,135000
2323,中環            ,1983000,1832000,151000,0,0,0,0,6000,-6000,-11000,24000,53000,-29000,22000,4000,18000,134000
057987,大立光元富98購02,0,0,0,0,0,0,0,0,0,133000,0,0,0,410000,277000,133000,133000
056000,佳世達永豐97購01,0,0,0,0,0,0,0,0,0,133000,0,0,0,133000,0,133000,133000
056359,旺宏元大9A購01  ,0,0,0,0,0,0,0,0,0,133000,0,0,0,133000,0,133000,133000
5519,隆大            ,249000,116000,133000,0,0,0,0,0,0,0,0,0,0,0,0,0,133000
059204,台灣50元大01購02,0,0,0,0,0,0,0,0,0,132000,0,0,0,166000,34000,132000,132000
054726,台積電日盛97購01,0,0,0,0,0,0,0,0,0,132000,0,0,0,132000,0,132000,132000
052822,泰碩永豐97購01  ,0,0,0,0,0,0,0,0,0,132000,0,0,0,166000,34000,132000,132000
058896,中環元大99購03  ,0,0,0,0,0,0,0,0,0,131000,0,0,0,288000,157000,131000,131000
053864,義隆元大96購01  ,0,0,0,0,0,0,0,0,0,131000,0,0,0,172000,41000,131000,131000
058663,瑞儀兆豐9A購01  ,0,0,0,0,0,0,0,0,0,130000,0,0,0,140000,10000,130000,130000
053777,台積電元大96購20,0,0,0,0,0,0,0,0,0,130000,0,0,0,130000,0,130000,130000
3090,日電貿          ,451000,313000,138000,0,0,0,0,0,0,-8000,0,9000,-9000,1000,0,1000,130000
059790,立積元大9C購02  ,0,0,0,0,0,0,0,0,0,129000,0,0,0,358000,229000,129000,129000
057320,玉晶光凱基98購01,0,0,0,0,0,0,0,0,0,129000,0,0,0,218000,89000,129000,129000
059094,臻鼎元大99購03  ,0,0,0,0,0,0,0,0,0,128000,0,0,0,128000,0,128000,128000
059411,臺股指國票99購17,0,0,0,0,0,0,0,0,0,127000,0,0,0,206000,79000,127000,127000
054109,南亞科凱基96購05,0,0,0,0,0,0,0,0,0,127000,0,0,0,254000,127000,127000,127000
057203,麗豐元富98購02  ,0,0,0,0,0,0,0,0,0,126000,0,0,0,128000,2000,126000,126000
053347,茂林國票98購01  ,0,0,0,0,0,0,0,0,0,126000,0,0,0,126000,0,126000,126000
058241,景碩元大99購05  ,0,0,0,0,0,0,0,0,0,125000,0,0,0,404000,279000,125000,125000
050565,矽格元富94購01  ,0,0,0,0,0,0,0,0,0,125000,0,0,0,125000,0,125000,125000
050513,亞泥元大94購02  ,0,0,0,0,0,0,0,0,0,125000,0,0,0,125000,0,125000,125000
058153,景碩統一9B購01  ,0,0,0,0,0,0,0,0,0,124000,0,0,0,124000,0,124000,124000
059637,大立光凱基01購01,0,0,0,0,0,0,0,0,0,124000,0,0,0,125000,1000,124000,124000
051578,智邦元大96購01  ,0,0,0,0,0,0,0,0,0,124000,0,0,0,124000,0,124000,124000
056477,欣興元大98購02  ,0,0,0,0,0,0,0,0,0,123000,0,0,0,295000,172000,123000,123000
058901,美律元大99購07  ,0,0,0,0,0,0,0,0,0,122000,0,0,0,142000,20000,122000,122000
058718,台灣50元富03購01,0,0,0,0,0,0,0,0,0,122000,0,0,0,124000,2000,122000,122000
2405,浩鑫            ,232000,111000,121000,0,0,0,0,0,0,0,0,0,0,0,0,0,121000
050099,台積電永昌96購01,0,0,0,0,0,0,0,0,0,121000,0,0,0,124000,3000,121000,121000
07100P,華航元大99售01  ,0,0,0,0,0,0,0,0,0,120000,0,0,0,120000,0,120000,120000
06958P,FBVIX凱基9C售02 ,0,0,0,0,0,0,0,0,0,120000,0,0,0,120000,0,120000,120000
059389,國巨凱基99購14  ,0,0,0,0,0,0,0,0,0,120000,0,0,0,131000,11000,120000,120000
059887,華新科國票99購02,0,0,0,0,0,0,0,0,0,120000,0,0,0,120000,0,120000,120000
050116,嘉澤元大94購03  ,0,0,0,0,0,0,0,0,0,120000,0,0,0,120000,0,120000,120000
054525,奇鋐元富96購01  ,0,0,0,0,0,0,0,0,0,120000,0,0,0,170000,50000,120000,120000
054370,台積電中信9A購01,0,0,0,0,0,0,0,0,0,120000,0,0,0,120000,0,120000,120000
054112,台積電麥證96購02,0,0,0,0,0,0,0,0,0,120000,0,0,0,120000,0,120000,120000
047219,美律麥證94購01  ,0,0,0,120000,0,120000,0,0,0,120000,0,0,0,120000,0,120000,120000
052232,貿聯凱基96購02  ,0,0,0,0,0,0,0,0,0,120000,0,0,0,140000,20000,120000,120000
051732,華通國票97購01  ,0,0,0,0,0,0,0,0,0,120000,0,0,0,120000,0,120000,120000
054065,樺漢國票97購01  ,0,0,0,0,0,0,0,0,0,120000,0,0,0,120000,0,120000,120000
053198,亞德客日盛96購01,0,0,0,0,0,0,0,0,0,120000,0,0,0,120000,0,120000,120000
055969,彩晶元大99購02  ,0,0,0,0,0,0,0,0,0,120000,0,0,0,120000,0,120000,120000
3563,牧德            ,343000,256000,87000,0,0,0,1000,0,1000,32000,41000,0,41000,7000,16000,-9000,120000
059691,大立光永豐99購02,0,0,0,0,0,0,0,0,0,119000,0,0,0,249000,130000,119000,119000
057862,智邦凱基99購01  ,0,0,0,0,0,0,0,0,0,119000,0,0,0,119000,0,119000,119000
2606,裕民            ,514000,296000,218000,0,0,0,0,0,0,-99000,0,99000,-99000,0,0,0,119000
07214P,聯發科凱基9A售04,0,0,0,0,0,0,0,0,0,118000,0,0,0,118000,0,118000,118000
059400,滬深2X元富9C購04,0,0,0,0,0,0,0,0,0,118000,0,0,0,408000,290000,118000,118000
056224,聯發科凱基97購08,0,0,0,0,0,0,0,0,0,118000,0,0,0,118000,0,118000,118000
051653,南電永豐95購02  ,0,0,0,0,0,0,0,0,0,118000,0,0,0,312000,194000,118000,118000
00762,元大全球AI      ,4000,4000,0,0,0,0,0,0,0,118000,0,0,0,118000,0,118000,118000
054532,強茂國泰98購01  ,0,0,0,0,0,0,0,0,0,118000,0,0,0,118000,0,118000,118000
4746,台耀            ,125000,9000,116000,0,0,0,0,0,0,1000,3000,2000,1000,0,0,0,117000
056659,泰碩元大99購01  ,0,0,0,0,0,0,0,0,0,116000,0,0,0,116000,0,116000,116000
059493,國巨國票9B購01  ,0,0,0,0,0,0,0,0,0,115000,0,0,0,120000,5000,115000,115000
051435,聯茂元富95購01  ,0,0,0,0,0,0,0,0,0,115000,0,0,0,115000,0,115000,115000
055497,開發金元大97購01,0,0,0,0,0,0,0,0,0,115000,0,0,0,115000,0,115000,115000
059804,台積電元富99購01,0,0,0,0,0,0,0,0,0,114000,0,0,0,262000,148000,114000,114000
058238,奇鋐元大99購02  ,0,0,0,0,0,0,0,0,0,114000,0,0,0,114000,0,114000,114000
053502,智伸科兆豐97購01,0,0,0,0,0,0,0,0,0,114000,0,0,0,240000,126000,114000,114000
048572,美利達元大96購04,0,0,0,0,0,0,0,0,0,114000,0,0,0,114000,0,114000,114000
4915,致伸            ,1526000,1446000,80000,0,0,0,10000,0,10000,24000,39000,15000,24000,0,0,0,114000
4935,茂林-KY         ,244000,440000,-196000,0,0,0,184000,0,184000,126000,224000,65000,159000,7000,40000,-33000,114000
00678,群益NBI生技     ,53000,13000,40000,0,0,0,0,0,0,72000,0,0,0,685000,613000,72000,112000
051531,國巨國票96購04  ,0,0,0,0,0,0,0,0,0,112000,0,0,0,112000,0,112000,112000
054502,泰碩永豐96購01  ,0,0,0,0,0,0,0,0,0,112000,0,0,0,122000,10000,112000,112000
059080,亞泥元大99購01  ,0,0,0,0,0,0,0,0,0,111000,0,0,0,218000,107000,111000,111000
057614,華新科元富99購04,0,0,0,0,0,0,0,0,0,111000,0,0,0,112000,1000,111000,111000
051405,世芯永豐95購01  ,0,0,0,0,0,0,0,0,0,111000,0,0,0,111000,0,111000,111000
058975,台灣50凱基01購02,0,0,0,0,0,0,0,0,0,111000,0,0,0,120000,9000,111000,111000
2633,台灣高鐵        ,4320000,4146297,173703,0,0,0,0,0,0,-63000,4000,60000,-56000,13000,20000,-7000,110703
057236,聯詠凱基98購03  ,0,0,0,0,0,0,0,0,0,110000,0,0,0,110000,0,110000,110000
2332,友訊            ,1165000,1195000,-30000,0,0,0,0,0,0,140000,25000,43000,-18000,178000,20000,158000,110000
056642,旺宏凱基98購07  ,0,0,0,0,0,0,0,0,0,110000,0,0,0,110000,0,110000,110000
058950,國巨群益99購06  ,0,0,0,0,0,0,0,0,0,110000,0,0,0,332000,222000,110000,110000
059179,祥碩元富99購01  ,0,0,0,0,0,0,0,0,0,110000,0,0,0,110000,0,110000,110000
055324,TPK國票98購03   ,0,0,0,0,0,0,0,0,0,110000,0,0,0,160000,50000,110000,110000
052940,玉晶光兆豐97購01,0,0,0,0,0,0,0,0,0,110000,0,0,0,110000,0,110000,110000
055420,欣興永豐98購01  ,0,0,0,0,0,0,0,0,0,110000,0,0,0,110000,0,110000,110000
055645,技嘉元富97購01  ,0,0,0,0,0,0,0,0,0,110000,0,0,0,110000,0,110000,110000
051268,創意富邦97購01  ,0,0,0,0,0,0,0,0,0,110000,0,0,0,110000,0,110000,110000
050526,貿聯元大95購01  ,0,0,0,0,0,0,0,0,0,110000,0,0,0,110000,0,110000,110000
00706L,元大S&P日圓正2  ,0,0,0,0,0,0,0,0,0,110000,0,0,0,122000,12000,110000,110000
9944,新麗            ,157000,47000,110000,0,0,0,0,0,0,0,0,0,0,0,0,0,110000
058633,台灣50兆豐99購01,0,0,0,0,0,0,0,0,0,109000,0,0,0,119000,10000,109000,109000
052799,上銀元大96購01  ,0,0,0,0,0,0,0,0,0,109000,0,0,0,109000,0,109000,109000
05279P,上銀元大95售02  ,0,0,0,0,0,0,0,0,0,109000,0,0,0,109000,0,109000,109000
5269,祥碩            ,339000,203000,136000,0,0,0,59388,96000,-36612,9000,20000,13000,7000,3000,1000,2000,108388
051721,玉晶光永豐96購02,0,0,0,0,0,0,0,0,0,108000,0,0,0,230000,122000,108000,108000
051971,元金2X凱基97購02,0,0,0,0,0,0,0,0,0,108000,0,0,0,108000,0,108000,108000
057239,貿聯凱基98購05  ,0,0,0,0,0,0,0,0,0,106000,0,0,0,221000,115000,106000,106000
057261,瑞昱兆豐98購01  ,0,0,0,0,0,0,0,0,0,106000,0,0,0,106000,0,106000,106000
049199,茂林永豐95購01  ,0,0,0,0,0,0,0,0,0,106000,0,0,0,106000,0,106000,106000
049491,聯發科元大95購01,0,0,0,0,0,0,0,0,0,106000,0,0,0,106000,0,106000,106000
057186,群創元大99購04  ,0,0,0,0,0,0,0,0,0,105000,0,0,0,105000,0,105000,105000
059431,旺宏元大99購14  ,0,0,0,0,0,0,0,0,0,105000,0,0,0,153000,48000,105000,105000
054137,聯詠元大97購02  ,0,0,0,0,0,0,0,0,0,105000,0,0,0,105000,0,105000,105000
04550P,超眾元大94售01  ,0,0,0,0,0,0,0,0,0,105000,0,0,0,105000,0,105000,105000
052511,聯發科凱基95購14,0,0,0,0,0,0,0,0,0,105000,0,0,0,105000,0,105000,105000
055587,智邦元大97購02  ,0,0,0,0,0,0,0,0,0,105000,0,0,0,105000,0,105000,105000
058763,和碩群益99購01  ,0,0,0,0,0,0,0,0,0,105000,0,0,0,105000,0,105000,105000
056856,華通群益9A購01  ,0,0,0,0,0,0,0,0,0,104000,0,0,0,104000,0,104000,104000
054710,東元元富97購01  ,0,0,0,0,0,0,0,0,0,104000,0,0,0,125000,21000,104000,104000
049629,臺股指群益94購02,0,0,0,0,0,0,0,0,0,104000,0,0,0,442000,338000,104000,104000
4532,瑞智            ,197000,93000,104000,0,0,0,0,0,0,0,0,0,0,0,0,0,104000
059216,台積電元大99購29,0,0,0,0,0,0,0,0,0,103000,0,0,0,136000,33000,103000,103000
057740,茂林富邦9A購01  ,0,0,0,0,0,0,0,0,0,103000,0,0,0,319000,216000,103000,103000
048166,滬深2X永豐96購02,0,0,0,0,0,0,0,0,0,103000,0,0,0,103000,0,103000,103000
057563,旭富國泰9A購01  ,0,0,0,0,0,0,0,0,0,102000,0,0,0,102000,0,102000,102000
07161P,臺股指群益99售12,0,0,0,0,0,0,0,0,0,102000,0,0,0,226000,124000,102000,102000
059587,華通元大9A購01  ,0,0,0,0,0,0,0,0,0,102000,0,0,0,353000,251000,102000,102000
057108,潤泰全群益98購01,0,0,0,0,0,0,0,0,0,101000,0,0,0,158000,57000,101000,101000
058160,奇鋐元富99購01  ,0,0,0,0,0,0,0,0,0,101000,0,0,0,108000,7000,101000,101000
057673,臻鼎元大98購01  ,0,0,0,0,0,0,0,0,0,101000,0,0,0,101000,0,101000,101000
046703,瑞昱元富95購01  ,0,0,0,0,0,0,0,0,0,101000,0,0,0,101000,0,101000,101000
052294,創意國票96購03  ,0,0,0,0,0,0,0,0,0,101000,0,0,0,101000,0,101000,101000
058796,可成元大99購04  ,0,0,0,0,0,0,0,0,0,101000,0,0,0,101000,0,101000,101000
057659,台表科兆豐98購01,0,0,0,0,0,0,0,0,0,100000,0,0,0,100000,0,100000,100000
057275,友達元大9A購04  ,0,0,0,0,0,0,0,0,0,100000,0,0,0,100000,0,100000,100000
057866,玉山金凱基98購01,0,0,0,0,0,0,0,0,0,100000,0,0,0,100000,0,100000,100000
057534,旭富元大98購01  ,0,0,0,0,0,0,0,0,0,100000,0,0,0,100000,0,100000,100000
058383,道瓊指中信9C購02,0,0,0,0,0,0,0,0,0,100000,0,0,0,100000,0,100000,100000
058133,華新科元大9A購02,0,0,0,0,0,0,0,0,0,100000,0,0,0,100000,0,100000,100000
058118,瑞昱群益99購01  ,0,0,0,0,0,0,0,0,0,100000,0,0,0,100000,0,100000,100000
058481,玉晶光凱基9A購04,0,0,0,0,0,0,0,0,0,100000,0,0,0,100000,0,100000,100000
059873,華新科凱基99購09,0,0,0,0,0,0,0,0,0,100000,0,0,0,100000,0,100000,100000
058745,元金2X凱基9C購02,0,0,0,0,0,0,0,0,0,100000,0,0,0,100000,0,100000,100000
059005,嘉晶元大99購06  ,0,0,0,0,0,0,0,0,0,100000,0,0,0,216000,116000,100000,100000
056538,國泰金凱基98購01,0,0,0,0,0,0,0,0,0,100000,0,0,0,100000,0,100000,100000
052419,上証2X國票96購02,0,0,0,0,0,0,0,0,0,100000,0,0,0,100000,0,100000,100000
055282,聯發科元大97購15,0,0,0,0,0,0,0,0,0,100000,0,0,0,100000,0,100000,100000
054922,文曄凱基98購01  ,0,0,0,0,0,0,0,0,0,100000,0,0,0,100000,0,100000,100000
053749,揚明光永豐97購01,0,0,0,0,0,0,0,0,0,100000,0,0,0,100000,0,100000,100000
053724,聯詠凱基96購04  ,0,0,0,0,0,0,0,0,0,100000,0,0,0,100000,0,100000,100000
055718,可成元大97購02  ,0,0,0,0,0,0,0,0,0,100000,0,0,0,100000,0,100000,100000
052276,力成群益96購01  ,0,0,0,0,0,0,0,0,0,100000,0,0,0,100000,0,100000,100000
052286,力成凱基95購02  ,0,0,0,0,0,0,0,0,0,100000,0,0,0,100000,0,100000,100000
051949,鴻海元富95購08  ,0,0,0,0,0,0,0,0,0,100000,0,0,0,100000,0,100000,100000
051968,勤誠永豐95購01  ,0,0,0,0,0,0,0,0,0,100000,0,0,0,100000,0,100000,100000
052011,欣興中信96購01  ,0,0,0,0,0,0,0,0,0,100000,0,0,0,100000,0,100000,100000
03675C,臺股指元大04牛02,0,0,0,0,0,0,0,0,0,100000,0,0,0,104000,4000,100000,100000
047123,中石化中信95購01,0,0,0,0,0,0,0,0,0,100000,0,0,0,100000,0,100000,100000
051226,英業達群益95購01,0,0,0,0,0,0,0,0,0,100000,0,0,0,100000,0,100000,100000
050199,南電元大94購09  ,0,0,0,0,0,0,0,0,0,100000,0,0,0,100000,0,100000,100000
054425,聯發科富邦99購03,0,0,0,0,0,0,0,0,0,100000,0,0,0,100000,0,100000,100000
054555,欣興凱基98購01  ,0,0,0,0,0,0,0,0,0,100000,0,0,0,100000,0,100000,100000
059521,南電永豐99購03  ,0,0,0,0,0,0,0,0,0,99000,0,0,0,106000,7000,99000,99000
058078,景碩國票99購01  ,0,0,0,0,0,0,0,0,0,99000,0,0,0,105000,6000,99000,99000
048712,樺漢台新94購01  ,0,0,0,0,0,0,0,0,0,99000,0,0,0,99000,0,99000,99000
059297,大立光元富9C購01,0,0,0,0,0,0,0,0,0,99000,0,0,0,131000,32000,99000,99000
058730,玉晶光永豐9A購01,0,0,0,0,0,0,0,0,0,99000,0,0,0,209000,110000,99000,99000
053694,創意元大96購03  ,0,0,0,0,0,0,0,0,0,98000,0,0,0,213000,115000,98000,98000
056517,茂林兆豐99購01  ,0,0,0,0,0,0,0,0,0,98000,0,0,0,138000,40000,98000,98000
057207,立積元富98購02  ,0,0,0,0,0,0,0,0,0,97000,0,0,0,1107000,1010000,97000,97000
051978,泰碩凱基96購01  ,0,0,0,0,0,0,0,0,0,97000,0,0,0,97000,0,97000,97000
053395,致茂中信96購01  ,0,0,0,0,0,0,0,0,0,97000,0,0,0,97000,0,97000,97000
057486,美律元大98購04  ,0,0,0,0,0,0,0,0,0,96000,0,0,0,100000,4000,96000,96000
057299,立積永豐98購02  ,0,0,0,0,0,0,0,0,0,96000,0,0,0,96000,0,96000,96000
059393,臺股指凱基99購39,0,0,0,0,0,0,0,0,0,96000,0,0,0,98000,2000,96000,96000
04854P,鴻海國泰96售04  ,0,0,0,0,0,0,0,0,0,96000,0,0,0,96000,0,96000,96000
3008,大立光          ,535751,449600,86151,0,0,0,16000,0,16000,-7000,0,7000,-7000,0,0,0,95151
055526,台積電群益97購02,0,0,0,0,0,0,0,0,0,95000,0,0,0,95000,0,95000,95000
2031,新光鋼          ,205000,100000,105000,0,0,0,3087,0,3087,-14000,4000,18000,-14000,0,0,0,94087
059566,台積電凱基9A購11,0,0,0,0,0,0,0,0,0,93000,0,0,0,512000,419000,93000,93000
04980P,臺股指凱基96售08,0,0,0,0,0,0,0,0,0,93000,0,0,0,93000,0,93000,93000
050942,S&P正2群益95購01,0,0,0,0,0,0,0,0,0,93000,0,0,0,93000,0,93000,93000
2727,王品            ,128000,35000,93000,0,0,0,0,0,0,0,0,0,0,0,0,0,93000
5522,遠雄            ,457000,390000,67000,0,0,0,0,0,0,26000,30000,4000,26000,0,0,0,93000
059450,和大永豐99購01  ,0,0,0,0,0,0,0,0,0,92000,0,0,0,122000,30000,92000,92000
057483,微星元大98購04  ,0,0,0,0,0,0,0,0,0,92000,0,0,0,320000,228000,92000,92000
056236,台積電群益97購06,0,0,0,0,0,0,0,0,0,92000,0,0,0,100000,8000,92000,92000
058131,義隆元大99購02  ,0,0,0,0,0,0,0,0,0,91000,0,0,0,102000,11000,91000,91000
055151,台積電元大98購05,0,0,0,0,0,0,0,0,0,91000,0,0,0,91000,0,91000,91000
058801,致伸元大99購01  ,0,0,0,0,0,0,0,0,0,91000,0,0,0,91000,0,91000,91000
2014,中鴻            ,995000,915000,80000,0,0,0,10788,0,10788,0,0,0,0,0,0,0,90788
057265,聯詠兆豐98購01  ,0,0,0,0,0,0,0,0,0,90000,0,0,0,100000,10000,90000,90000
056549,嘉聯益凱基98購04,0,0,0,0,0,0,0,0,0,90000,0,0,0,124000,34000,90000,90000
058151,台積電統一9A購04,0,0,0,0,0,0,0,0,0,90000,0,0,0,90000,0,90000,90000
057028,台郡凱基99購02  ,0,0,0,0,0,0,0,0,0,90000,0,0,0,90000,0,90000,90000
059279,台灣50富邦9C購03,0,0,0,0,0,0,0,0,0,90000,0,0,0,90000,0,90000,90000
055307,瑞昱群益97購02  ,0,0,0,0,0,0,0,0,0,90000,0,0,0,90000,0,90000,90000
056379,玉晶光元富98購01,0,0,0,0,0,0,0,0,0,90000,0,0,0,90000,0,90000,90000
053982,臻鼎元大96購05  ,0,0,0,0,0,0,0,0,0,90000,0,0,0,90000,0,90000,90000
054924,景碩凱基98購01  ,0,0,0,0,0,0,0,0,0,90000,0,0,0,90000,0,90000,90000
050467,力成中信94購01  ,0,0,0,0,0,0,0,0,0,90000,0,0,0,90000,0,90000,90000
2439,美律            ,708000,617000,91000,0,0,0,7110,0,7110,-9000,9000,10000,-1000,6000,14000,-8000,89110
06300P,緯穎元大97售04  ,0,0,0,0,0,0,0,0,0,89000,0,0,0,97000,8000,89000,89000
058200,世芯康和99購01  ,0,0,0,0,0,0,0,0,0,89000,0,0,0,462000,373000,89000,89000
059083,華通元大99購07  ,0,0,0,0,0,0,0,0,0,89000,0,0,0,89000,0,89000,89000
058135,景碩元大99購01  ,0,0,0,0,0,0,0,0,0,89000,0,0,0,110000,21000,89000,89000
056441,燿華凱基98購01  ,0,0,0,0,0,0,0,0,0,89000,0,0,0,184000,95000,89000,89000
053800,華通凱基97購03  ,0,0,0,0,0,0,0,0,0,89000,0,0,0,104000,15000,89000,89000
056250,瑞昱兆豐97購02  ,0,0,0,0,0,0,0,0,0,89000,0,0,0,100000,11000,89000,89000
056177,嘉澤元富97購01  ,0,0,0,0,0,0,0,0,0,89000,0,0,0,108000,19000,89000,89000
057671,群創元大9B購06  ,0,0,0,0,0,0,0,0,0,88000,0,0,0,90000,2000,88000,88000
054516,國巨元大97購02  ,0,0,0,0,0,0,0,0,0,88000,0,0,0,88000,0,88000,88000
058603,台積電元大99購12,0,0,0,0,0,0,0,0,0,87000,0,0,0,87000,0,87000,87000
059689,南亞科永豐99購02,0,0,0,0,0,0,0,0,0,87000,0,0,0,114000,27000,87000,87000
057119,微星康和98購01  ,0,0,0,0,0,0,0,0,0,86000,0,0,0,86000,0,86000,86000
053773,上銀元大96購04  ,0,0,0,0,0,0,0,0,0,86000,0,0,0,86000,0,86000,86000
058969,亞德客永豐99購01,0,0,0,0,0,0,0,0,0,86000,0,0,0,86000,0,86000,86000
059681,華新科國泰9B購02,0,0,0,0,0,0,0,0,0,85000,0,0,0,85000,0,85000,85000
058224,世芯統一9B購02  ,0,0,0,0,0,0,0,0,0,85000,0,0,0,85000,0,85000,85000
057955,技嘉元大98購07  ,0,0,0,0,0,0,0,0,0,85000,0,0,0,195000,110000,85000,85000
058546,玉晶光富邦9B購01,0,0,0,0,0,0,0,0,0,85000,0,0,0,85000,0,85000,85000
1611,中電            ,131000,46000,85000,0,0,0,0,0,0,0,0,0,0,0,0,0,85000
050906,臺股指元大95購13,0,0,0,0,0,0,0,0,0,85000,0,0,0,85000,0,85000,85000
053361,友達元富99購01  ,0,0,0,0,0,0,0,0,0,84000,0,0,0,150000,66000,84000,84000
6142,友勁            ,1000,29000,-28000,0,0,0,0,0,0,110000,110000,0,110000,0,0,0,82000
6591,動力-KY         ,141000,59000,82000,0,0,0,0,0,0,0,0,0,0,0,0,0,82000
058190,貿聯永豐99購01  ,0,0,0,0,0,0,0,0,0,81000,0,0,0,81000,0,81000,81000
056876,群創凱基98購11  ,0,0,0,0,0,0,0,0,0,80000,0,0,0,80000,0,80000,80000
058391,T50反1元大99購02,0,0,0,0,0,0,0,0,0,80000,0,0,0,115000,35000,80000,80000
059590,台積電元大99購39,0,0,0,0,0,0,0,0,0,80000,0,0,0,128000,48000,80000,80000
057926,帆宣凱基98購02  ,0,0,0,0,0,0,0,0,0,80000,0,0,0,80000,0,80000,80000
057896,嘉晶元富98購01  ,0,0,0,0,0,0,0,0,0,80000,0,0,0,80000,0,80000,80000
057566,欣興富邦99購01  ,0,0,0,0,0,0,0,0,0,80000,0,0,0,100000,20000,80000,80000
054057,晶豪科國票97購01,0,0,0,0,0,0,0,0,0,80000,0,0,0,80000,0,80000,80000
054928,帆宣凱基98購01  ,0,0,0,0,0,0,0,0,0,80000,0,0,0,80000,0,80000,80000
054964,智易元大99購01  ,0,0,0,0,0,0,0,0,0,80000,0,0,0,80000,0,80000,80000
058985,可成凱基99購03  ,0,0,0,0,0,0,0,0,0,80000,0,0,0,80000,0,80000,80000
050983,新光金國泰97購01,0,0,0,0,0,0,0,0,0,80000,0,0,0,80000,0,80000,80000
051600,新日興兆豐96購02,0,0,0,0,0,0,0,0,0,80000,0,0,0,80000,0,80000,80000
052406,力成凱基95購03  ,0,0,0,0,0,0,0,0,0,80000,0,0,0,224000,144000,80000,80000
06454P,緯穎元大98售04  ,0,0,0,0,0,0,0,0,0,79000,0,0,0,79000,0,79000,79000
056615,燿華永豐98購02  ,0,0,0,0,0,0,0,0,0,79000,0,0,0,147000,68000,79000,79000
050320,台表科國票94購01,0,0,0,0,0,0,0,0,0,79000,0,0,0,79000,0,79000,79000
059070,道瓊指元大99購02,0,10000,-10000,0,0,0,0,0,0,88000,0,0,0,104000,16000,88000,78000
057918,旺宏凱基99購01  ,0,0,0,0,0,0,0,0,0,78000,0,0,0,83000,5000,78000,78000
058531,華通元富99購01  ,0,0,0,0,0,0,0,0,0,78000,0,0,0,157000,79000,78000,78000
045479,T50反1中信95購01,0,0,0,0,0,0,0,0,0,78000,0,0,0,78000,0,78000,78000
059277,群創元大99購05  ,0,0,0,0,0,0,0,0,0,78000,0,0,0,78000,0,78000,78000
059441,祥碩元大99購02  ,0,0,0,0,0,0,0,0,0,77000,0,0,0,153000,76000,77000,77000
06110P,國巨國泰98售02  ,0,0,0,0,0,0,0,0,0,77000,0,0,0,77000,0,77000,77000
055496,高鐵元大97購02  ,0,0,0,0,0,0,0,0,0,77000,0,0,0,77000,0,77000,77000
059102,聯鈞元富99購01  ,0,0,0,0,0,0,0,0,0,76000,0,0,0,243000,167000,76000,76000
058565,鴻海凱基9A購07  ,0,0,0,0,0,0,0,0,0,76000,0,0,0,119000,43000,76000,76000
057529,嘉晶元大99購02  ,0,0,0,0,0,0,0,0,0,76000,0,0,0,76000,0,76000,76000
055790,南電凱基97購01  ,0,0,0,0,0,0,0,0,0,76000,0,0,0,96000,20000,76000,76000
07148P,富邦金元大99售01,0,0,0,0,0,0,0,0,0,75000,0,0,0,134000,59000,75000,75000
059665,嘉聯益元大99購06,0,0,0,0,0,0,0,0,0,75000,0,0,0,75000,0,75000,75000
056223,華邦電凱基97購04,0,0,0,0,0,0,0,0,0,75000,0,0,0,75000,0,75000,75000
04616P,臺股指群益95售02,0,0,0,0,0,0,0,0,0,75000,0,0,0,115000,40000,75000,75000
046944,奇力新元大96購01,0,0,0,0,0,0,0,0,0,75000,0,0,0,75000,0,75000,75000
054163,燿華凱基97購02  ,0,0,0,0,0,0,0,0,0,75000,0,0,0,80000,5000,75000,75000
8341,日友            ,305000,229000,76000,0,0,0,0,0,0,-1000,0,1000,-1000,0,0,0,75000
059575,臺股指凱基99購41,0,0,0,0,0,0,0,0,0,74000,0,0,0,190000,116000,74000,74000
059630,美律凱基99購07  ,0,0,0,0,0,0,0,0,0,74000,0,0,0,76000,2000,74000,74000
059807,大立光元富99購09,0,0,0,0,0,0,0,0,0,73000,0,0,0,74000,1000,73000,73000
059055,旺宏凱基9B購02  ,0,0,0,0,0,0,0,0,0,73000,0,0,0,73000,0,73000,73000
056600,聯茂元富98購01  ,0,0,0,0,0,0,0,0,0,73000,0,0,0,83000,10000,73000,73000
1316,上曜            ,118000,45000,73000,0,0,0,0,0,0,0,0,0,0,0,0,0,73000
055938,矽力群益97購01  ,0,0,0,0,0,0,0,0,0,73000,0,0,0,73000,0,73000,73000
054716,緯穎康和97購01  ,0,0,0,0,0,0,0,0,0,73000,0,0,0,528000,455000,73000,73000
053480,祥碩元大96購02  ,0,0,0,0,0,0,0,0,0,73000,0,0,0,79000,6000,73000,73000
053935,華通元富96購02  ,0,0,0,0,0,0,0,0,0,73000,0,0,0,280000,207000,73000,73000
059295,大立光元富99購05,0,0,0,0,0,0,0,0,0,73000,0,0,0,107000,34000,73000,73000
059172,台郡凱基99購03  ,0,0,0,0,0,0,0,0,0,73000,0,0,0,88000,15000,73000,73000
057024,義隆凱基99購01  ,0,0,0,0,0,0,0,0,0,72000,0,0,0,75000,3000,72000,72000
059463,台灣50元大9C購07,0,0,0,0,0,0,0,0,0,72000,0,0,0,72000,0,72000,72000
059143,國巨國票9A購04  ,0,0,0,0,0,0,0,0,0,72000,0,0,0,72000,0,72000,72000
056178,嘉澤元富97購02  ,0,0,0,0,0,0,0,0,0,72000,0,0,0,112000,40000,72000,72000
056418,台光電元富98購01,0,0,0,0,0,0,0,0,0,72000,0,0,0,170000,98000,72000,72000
2912,統一超          ,1790000,1701221,88779,0,0,0,0,0,0,-17000,0,17000,-17000,0,0,0,71779
059605,臺股指元大9A購42,0,0,0,0,0,0,0,0,0,71000,0,0,0,102000,31000,71000,71000
059785,美律元大9A購03  ,0,0,0,0,0,0,0,0,0,71000,0,0,0,71000,0,71000,71000
06982P,義隆凱基99售02  ,0,0,0,0,0,0,0,0,0,71000,0,0,0,71000,0,71000,71000
049562,和大統一94購01  ,0,0,0,0,0,0,0,0,0,71000,0,0,0,71000,0,71000,71000
050754,元金2X元富9B購01,0,0,0,0,0,0,0,0,0,71000,0,0,0,71000,0,71000,71000
052167,亞泥元大96購01  ,0,0,0,0,0,0,0,0,0,71000,0,0,0,71000,0,71000,71000
055746,同欣電元富97購01,0,0,0,0,0,0,0,0,0,71000,0,0,0,121000,50000,71000,71000
2820,華票            ,431000,286000,145000,0,0,0,0,0,0,-74000,0,74000,-74000,0,0,0,71000
057572,明泰永豐98購01  ,0,0,0,0,0,0,0,0,0,70000,0,0,0,114000,44000,70000,70000
057586,台積電國票99購06,0,0,0,0,0,0,0,0,0,70000,0,0,0,70000,0,70000,70000
056689,玉晶光統一9A購03,0,0,0,0,0,0,0,0,0,70000,0,0,0,70000,0,70000,70000
058215,貿聯群益99購02  ,0,0,0,0,0,0,0,0,0,70000,0,0,0,70000,0,70000,70000
052764,景碩群益98購01  ,0,0,0,0,0,0,0,0,0,70000,0,0,0,70000,0,70000,70000
055863,緯穎元大97購05  ,0,0,0,0,0,0,0,0,0,70000,0,0,0,70000,0,70000,70000
055429,華新科群益99購01,0,0,0,0,0,0,0,0,0,70000,0,0,0,70000,0,70000,70000
058825,同欣電富邦9A購01,0,0,0,0,0,0,0,0,0,70000,0,0,0,70000,0,70000,70000
056256,聯茂元富97購03  ,0,0,0,0,0,0,0,0,0,70000,0,0,0,73000,3000,70000,70000
056271,嘉澤統一97購01  ,0,0,0,0,0,0,0,0,0,70000,0,0,0,80000,10000,70000,70000
048819,國巨凱基94購01  ,0,0,0,0,0,0,0,0,0,70000,0,0,0,70000,0,70000,70000
00770,國泰北美科技    ,0,0,0,0,0,0,0,0,0,70000,0,0,0,125000,55000,70000,70000
051522,玉晶光凱基95購05,0,0,0,0,0,0,0,0,0,70000,0,0,0,70000,0,70000,70000
052362,瑞昱國票96購02  ,0,0,0,0,0,0,0,0,0,70000,0,0,0,70000,0,70000,70000
054534,台積電富邦98購03,0,0,0,0,0,0,0,0,0,70000,0,0,0,80000,10000,70000,70000
050189,旭富元大94購01  ,0,0,0,0,0,0,0,0,0,70000,0,0,0,70000,0,70000,70000
059218,台積電元大99購31,0,0,0,0,0,0,0,0,0,69000,0,0,0,227000,158000,69000,69000
056766,義隆元大98購01  ,0,0,0,0,0,0,0,0,0,69000,0,0,0,216000,147000,69000,69000
059338,滬深2X凱基9C購02,0,0,0,0,0,0,0,0,0,69000,0,0,0,69000,0,69000,69000
059415,台灣50元大9A購03,0,0,0,0,0,0,0,0,0,69000,0,0,0,90000,21000,69000,69000
058024,台積電國泰9A購01,0,0,0,0,0,0,0,0,0,69000,0,0,0,79000,10000,69000,69000
051068,台積電國票97購01,0,0,0,0,0,0,0,0,0,69000,0,0,0,69000,0,69000,69000
052171,台積電元大95購21,0,0,0,0,0,0,0,0,0,69000,0,0,0,69000,0,69000,69000
056017,台積電群益97購04,0,0,0,0,0,0,0,0,0,69000,0,0,0,80000,11000,69000,69000
8454,富邦媒          ,120000,102000,18000,0,0,0,61000,0,61000,-10000,0,10000,-10000,0,0,0,69000
4976,佳凌            ,147000,74000,73000,0,0,0,0,0,0,-4000,0,4000,-4000,0,0,0,69000
057202,TPK元富98購02   ,0,0,0,0,0,0,0,0,0,68000,0,0,0,68000,0,68000,68000
059607,台積電富邦9C購04,0,0,0,0,0,0,0,0,0,68000,0,0,0,80000,12000,68000,68000
059058,可成凱基9B購01  ,0,0,0,0,0,0,0,0,0,68000,0,0,0,68000,0,68000,68000
058069,美律凱基99購05  ,0,0,0,0,0,0,0,0,0,68000,0,0,0,68000,0,68000,68000
059235,鴻海凱基99購08  ,0,0,0,0,0,0,0,0,0,68000,0,0,0,122000,54000,68000,68000
056958,喬山永豐98購01  ,0,0,0,0,0,0,0,0,0,68000,0,0,0,68000,0,68000,68000
4540,全球傳動        ,171000,103000,68000,0,0,0,0,0,0,0,0,0,0,0,0,0,68000
059095,訊芯元大99購01  ,0,0,0,0,0,0,0,0,0,67000,0,0,0,217000,150000,67000,67000
056702,欣興國泰9A購01  ,0,0,0,0,0,0,0,0,0,67000,0,0,0,67000,0,67000,67000
059453,奇力新永豐99購01,0,0,0,0,0,0,0,0,0,67000,0,0,0,68000,1000,67000,67000
056255,華新科元富97購05,0,0,0,0,0,0,0,0,0,67000,0,0,0,70000,3000,67000,67000
053145,元黃金元大96購02,0,0,0,0,0,0,0,0,0,67000,0,0,0,67000,0,67000,67000
047285,鴻海統一95購02  ,0,0,0,0,0,0,0,0,0,67000,0,0,0,67000,0,67000,67000
049293,友訊群益95購01  ,0,0,0,0,0,0,0,0,0,67000,0,0,0,67000,0,67000,67000
059455,玉晶光永豐99購05,0,0,0,0,0,0,0,0,0,66000,0,0,0,296000,230000,66000,66000
059461,鈺齊永豐99購03  ,0,0,0,0,0,0,0,0,0,66000,0,0,0,71000,5000,66000,66000
059800,T50反1元富99購09,0,0,0,0,0,0,0,0,0,66000,0,0,0,166000,100000,66000,66000
056572,義隆元大99購01  ,0,0,0,0,0,0,0,0,0,66000,0,0,0,97000,31000,66000,66000
058261,大立光富邦03購01,0,0,0,0,0,0,0,0,0,66000,0,0,0,152000,86000,66000,66000
058847,國巨群益99購05  ,0,0,0,0,0,0,0,0,0,66000,0,0,0,282000,216000,66000,66000
058722,台郡元富99購01  ,0,0,0,0,0,0,0,0,0,66000,0,0,0,77000,11000,66000,66000
056838,旺宏元富98購01  ,0,0,0,0,0,0,0,0,0,65000,0,0,0,65000,0,65000,65000
056842,全新元富98購01  ,0,0,0,0,0,0,0,0,0,65000,0,0,0,75000,10000,65000,65000
058379,臺股指凱基99購14,0,0,0,0,0,0,0,0,0,65000,0,0,0,65000,0,65000,65000
058647,華新科永豐99購03,0,0,0,0,0,0,0,0,0,65000,0,0,0,88000,23000,65000,65000
058413,義隆兆豐99購01  ,0,0,0,0,0,0,0,0,0,65000,0,0,0,87000,22000,65000,65000
059144,嘉晶國票9A購02  ,0,0,0,0,0,0,0,0,0,65000,0,0,0,75000,10000,65000,65000
055501,創意元大97購01  ,0,0,0,0,0,0,0,0,0,65000,0,0,0,65000,0,65000,65000
052807,貿聯元大98購01  ,0,0,0,0,0,0,0,0,0,65000,0,0,0,65000,0,65000,65000
2913,農林            ,268000,183000,85000,0,0,0,0,0,0,-20000,0,20000,-20000,0,0,0,65000
3052,夆典            ,112000,47000,65000,0,0,0,0,0,0,0,0,0,0,0,0,0,65000
8028,昇陽半導體      ,381000,316000,65000,0,0,0,1316,0,1316,-2000,3000,3000,0,0,2000,-2000,64316
059811,高股息凱基99購02,0,0,0,0,0,0,0,0,0,64000,0,0,0,75000,11000,64000,64000
058144,聯茂元大99購02  ,0,0,0,0,0,0,0,0,0,64000,0,0,0,64000,0,64000,64000
059159,上銀凱基99購05  ,0,0,0,0,0,0,0,0,0,64000,0,0,0,133000,69000,64000,64000
2348,海悅            ,63000,35000,28000,0,0,0,250,0,250,35000,36000,1000,35000,0,0,0,63250
057818,泰碩元大9A購01  ,0,0,0,0,0,0,0,0,0,63000,0,0,0,64000,1000,63000,63000
06649P,聯發科元大98售08,0,0,0,0,0,0,0,0,0,63000,0,0,0,63000,0,63000,63000
058047,可成元大98購11  ,0,0,0,0,0,0,0,0,0,63000,0,0,0,68000,5000,63000,63000
059342,聯發科凱基9A購05,0,0,0,0,0,0,0,0,0,63000,0,0,0,73000,10000,63000,63000
059507,鴻海永豐99購03  ,0,0,0,0,0,0,0,0,0,63000,0,0,0,97000,34000,63000,63000
03737P,臺股指中信95售01,2000,0,2000,0,0,0,0,0,0,61000,0,0,0,61000,0,61000,63000
9103,美德醫療-DR     ,100000,37000,63000,0,0,0,0,0,0,0,0,0,0,0,0,0,63000
6415,矽力-KY         ,318108,257000,61108,0,0,0,3000,0,3000,-2000,0,2000,-2000,0,0,0,62108
058407,滬深2X兆豐9A購01,0,0,0,0,0,0,0,0,0,62000,0,0,0,62000,0,62000,62000
07016P,聯發科元大99售10,0,0,0,0,0,0,0,0,0,62000,0,0,0,62000,0,62000,62000
046934,智邦元富96購01  ,0,0,0,0,0,0,0,0,0,62000,0,0,0,62000,0,62000,62000
050246,大立光凱基94購13,0,0,0,0,0,0,0,0,0,62000,0,0,0,62000,0,62000,62000
9955,佳龍            ,80000,18000,62000,0,0,0,0,0,0,0,0,0,0,0,0,0,62000
9919,康那香          ,399000,337000,62000,0,0,0,0,0,0,0,0,0,0,0,0,0,62000
058070,華新科凱基98購07,0,0,0,0,0,0,0,0,0,61000,0,0,0,134000,73000,61000,61000
03498P,矽創凱基02售02  ,0,0,0,0,0,0,0,0,0,61000,0,0,0,61000,0,61000,61000
053257,華通富邦97購01  ,0,0,0,0,0,0,0,0,0,61000,0,0,0,61000,0,61000,61000
053782,京元電元大98購02,0,0,0,0,0,0,0,0,0,61000,0,0,0,235000,174000,61000,61000
2527,宏璟            ,85000,24000,61000,0,0,0,0,0,0,0,0,0,0,0,0,0,61000
058609,玉山金元大99購01,0,0,0,0,0,0,0,0,0,60000,0,0,0,60000,0,60000,60000
059350,樺漢凱基9A購01  ,0,0,0,0,0,0,0,0,0,60000,0,0,0,60000,0,60000,60000
059222,聯發科元大99購22,0,0,0,0,0,0,0,0,0,60000,0,0,0,60000,0,60000,60000
059209,華通元大99購08  ,0,0,0,0,0,0,0,0,0,60000,0,0,0,60000,0,60000,60000
059318,旺宏元大99購13  ,0,0,0,0,0,0,0,0,0,60000,0,0,0,70000,10000,60000,60000
08609P,世紀鋼永豐9C售03,0,0,0,0,0,0,0,0,0,60000,0,0,0,60000,0,60000,60000
06905P,上証2X國泰99售02,0,0,0,0,0,0,0,0,0,60000,0,0,0,60000,0,60000,60000
057805,華通元大98購06  ,0,0,0,0,0,0,0,0,0,60000,0,0,0,137000,77000,60000,60000
053355,超眾兆豐97購01  ,0,0,0,0,0,0,0,0,0,60000,0,0,0,60000,0,60000,60000
053498,大立光兆豐96購03,0,0,0,0,0,0,0,0,0,60000,0,0,0,70000,10000,60000,60000
053155,晶技元大97購02  ,0,0,0,0,0,0,0,0,0,60000,0,0,0,60000,0,60000,60000
053066,欣興群益96購02  ,0,0,0,0,0,0,0,0,0,60000,0,0,0,60000,0,60000,60000
056042,京鼎凱基97購02  ,0,0,0,0,0,0,0,0,0,60000,0,0,0,60000,0,60000,60000
053605,臺股指永昌96購01,0,0,0,0,0,0,0,0,0,60000,0,0,0,60000,0,60000,60000
053020,貿聯元富96購01  ,0,0,0,0,0,0,0,0,0,60000,0,0,0,60000,0,60000,60000
052477,美律群益98購01  ,0,0,0,0,0,0,0,0,0,60000,0,0,0,60000,0,60000,60000
04455P,台積電統一94售07,0,0,0,0,0,0,0,0,0,60000,0,0,0,60000,0,60000,60000
047156,群創國票94購01  ,0,0,0,0,0,0,0,0,0,60000,0,0,0,60000,0,60000,60000
046906,新光金凱基99購02,0,0,0,0,0,0,0,0,0,60000,0,0,0,60000,0,60000,60000
048263,台積電元富95購01,0,0,0,0,0,0,0,0,0,60000,0,0,0,60000,0,60000,60000
054134,強茂元大96購01  ,0,0,0,0,0,0,0,0,0,60000,0,0,0,60000,0,60000,60000
049040,亞光兆豐95購01  ,0,0,0,0,0,0,0,0,0,60000,0,0,0,60000,0,60000,60000
049670,鈺齊國泰96購01  ,0,0,0,0,0,0,0,0,0,60000,0,0,0,60000,0,60000,60000
049914,瑞昱元大94購06  ,0,0,0,0,0,0,0,0,0,60000,0,0,0,60000,0,60000,60000
050101,台積電永昌96購03,0,0,0,0,0,0,0,0,0,60000,0,0,0,60000,0,60000,60000
05059P,大立光國票96售02,0,0,0,0,0,0,0,0,0,60000,0,0,0,81000,21000,60000,60000
4961,天鈺            ,223000,163000,60000,0,0,0,0,0,0,0,0,0,0,0,0,0,60000
058337,日月光元富99購01,0,0,0,0,0,0,0,0,0,59000,0,0,0,79000,20000,59000,59000
058113,百和元富98購01  ,0,0,0,0,0,0,0,0,0,59000,0,0,0,65000,6000,59000,59000
04126P,滬深2X國票95售02,0,0,0,0,0,0,0,0,0,59000,0,0,0,60000,1000,59000,59000
055627,亞德客永豐97購02,0,0,0,0,0,0,0,0,0,59000,0,0,0,59000,0,59000,59000
4414,如興            ,475000,415000,60000,0,0,0,0,0,0,-1000,0,1000,-1000,0,0,0,59000
9940,信義            ,126035,52884,73151,0,0,0,0,0,0,-15000,0,15000,-15000,0,0,0,58151
059669,台灣50元富9B購05,0,0,0,0,0,0,0,0,0,58000,0,0,0,88000,30000,58000,58000
056290,正文永豐98購01  ,0,0,0,0,0,0,0,0,0,58000,0,0,0,58000,0,58000,58000
052941,康控兆豐97購01  ,0,0,0,0,0,0,0,0,0,58000,0,0,0,58000,0,58000,58000
058945,S&P正2群益9C購01,0,0,0,0,0,0,0,0,0,58000,0,0,0,58000,0,58000,58000
051826,智邦元大95購03  ,0,0,0,0,0,0,0,0,0,58000,0,0,0,58000,0,58000,58000
4564,元翎            ,133000,75000,58000,0,0,0,0,0,0,0,0,0,0,0,0,0,58000
3504,揚明光          ,54000,2000,52000,0,0,0,0,0,0,6000,0,2000,-2000,8000,0,8000,58000
056906,玉晶光元大9B購01,0,0,0,0,0,0,0,0,0,57000,0,0,0,57000,0,57000,57000
058177,華新科凱基99購02,0,0,0,0,0,0,0,0,0,57000,0,0,0,57000,0,57000,57000
057530,奇鋐元大99購01  ,0,0,0,0,0,0,0,0,0,57000,0,0,0,57000,0,57000,57000
049597,泰鼎元大96購01  ,0,0,0,0,0,0,0,0,0,57000,0,0,0,143000,86000,57000,57000
059142,道瓊指國票9B購02,0,0,0,0,0,0,0,0,0,57000,0,0,0,57000,0,57000,57000
059298,大立光元富9C購02,0,0,0,0,0,0,0,0,0,57000,0,0,0,88000,31000,57000,57000
059013,臺股指元大9A購32,0,0,0,0,0,0,0,0,0,56000,0,0,0,56000,0,56000,56000
057125,國巨凱基98購12  ,0,0,0,0,0,0,0,0,0,56000,0,0,0,56000,0,56000,56000
058508,聯發科元大99購11,0,0,0,0,0,0,0,0,0,56000,0,0,0,58000,2000,56000,56000
052451,旭富元大95購02  ,0,0,0,0,0,0,0,0,0,56000,0,0,0,56000,0,56000,56000
053101,創意元富96購03  ,0,0,0,0,0,0,0,0,0,56000,0,0,0,56000,0,56000,56000
1439,中和            ,104000,49000,55000,0,0,0,54,0,54,0,0,0,0,0,0,0,55054
07280P,FBVIX凱基99售01 ,0,0,0,0,0,0,0,0,0,55000,0,0,0,197000,142000,55000,55000
059771,台積電群益99購11,0,0,0,0,0,0,0,0,0,55000,0,0,0,231000,176000,55000,55000
059908,元金2X元大99購01,0,0,0,0,0,0,0,0,0,55000,0,0,0,55000,0,55000,55000
059632,聯發科凱基01購01,0,0,0,0,0,0,0,0,0,55000,0,0,0,58000,3000,55000,55000
058358,技嘉凱基9A購01  ,0,0,0,0,0,0,0,0,0,55000,0,0,0,528000,473000,55000,55000
059370,玉晶光元富99購02,0,0,0,0,0,0,0,0,0,55000,0,0,0,421000,366000,55000,55000
054607,台積電永豐97購03,0,0,0,0,0,0,0,0,0,55000,0,0,0,55000,0,55000,55000
055489,瑞昱元大97購02  ,0,0,0,0,0,0,0,0,0,55000,0,0,0,55000,0,55000,55000
058770,貿聯兆豐9A購01  ,0,0,0,0,0,0,0,0,0,55000,0,0,0,55000,0,55000,55000
049385,茂林元大94購03  ,0,0,0,0,0,0,0,0,0,55000,0,0,0,55000,0,55000,55000
049388,南電元大94購05  ,0,0,0,0,0,0,0,0,0,55000,0,0,0,55000,0,55000,55000
054198,台積電永昌96購08,0,0,0,0,0,0,0,0,0,55000,0,0,0,65000,10000,55000,55000
054295,世芯元大96購03  ,0,0,0,0,0,0,0,0,0,55000,0,0,0,155000,100000,55000,55000
051907,台積電元大97購05,0,0,0,0,0,0,0,0,0,55000,0,0,0,55000,0,55000,55000
042792,T50反1台新9C購01,0,0,0,0,0,0,0,0,0,55000,0,0,0,55000,0,55000,55000
3356,奇偶            ,88000,31000,57000,0,0,0,0,0,0,-2000,0,2000,-2000,0,0,0,55000
059082,華通元大99購06  ,0,0,0,0,0,0,0,0,0,54000,0,0,0,54000,0,54000,54000
051619,智邦凱基95購07  ,0,0,0,0,0,0,0,0,0,54000,0,0,0,107000,53000,54000,54000
058852,貿聯群益99購04  ,0,0,0,0,0,0,0,0,0,54000,0,0,0,54000,0,54000,54000
052903,致茂國票97購01  ,0,0,0,0,0,0,0,0,0,54000,0,0,0,54000,0,54000,54000
055933,欣興群益98購02  ,0,0,0,0,0,0,0,0,0,54000,0,0,0,111000,57000,54000,54000
053905,華新科凱基96購10,0,0,0,0,0,0,0,0,0,54000,0,0,0,54000,0,54000,54000
055978,大立光統一98購05,0,0,0,0,0,0,0,0,0,54000,0,0,0,54000,0,54000,54000
058240,景碩元大99購04  ,0,0,0,0,0,0,0,0,0,53000,0,0,0,60000,7000,53000,53000
059442,祥碩元大99購03  ,0,0,0,0,0,0,0,0,0,53000,0,0,0,159000,106000,53000,53000
07283P,華新科凱基99售07,0,0,0,0,0,0,0,0,0,53000,0,0,0,53000,0,53000,53000
056211,南港國票98購01  ,0,0,0,0,0,0,0,0,0,53000,0,0,0,198000,145000,53000,53000
052963,智邦凱基96購02  ,0,0,0,0,0,0,0,0,0,53000,0,0,0,85000,32000,53000,53000
058354,台積電凱基9A購06,0,0,0,0,0,0,0,0,0,52000,0,0,0,78000,26000,52000,52000
058638,矽力兆豐99購01  ,0,0,0,0,0,0,0,0,0,52000,0,0,0,52000,0,52000,52000
056833,和大元富9B購01  ,0,0,0,0,0,0,0,0,0,52000,0,0,0,52000,0,52000,52000
055330,上銀兆豐98購02  ,0,0,0,0,0,0,0,0,0,52000,0,0,0,54000,2000,52000,52000
055995,華擎國泰99購01  ,0,0,0,0,0,0,0,0,0,52000,0,0,0,52000,0,52000,52000
056107,智易永豐97購02  ,0,0,0,0,0,0,0,0,0,52000,0,0,0,54000,2000,52000,52000
053489,上銀兆豐97購01  ,0,0,0,0,0,0,0,0,0,52000,0,0,0,112000,60000,52000,52000
053275,燿華元大97購01  ,0,0,0,0,0,0,0,0,0,52000,0,0,0,52000,0,52000,52000
042929,台積電中信95購02,0,0,0,0,0,0,0,0,0,52000,0,0,0,74000,22000,52000,52000
058664,百和兆豐99購01  ,0,0,0,0,0,0,0,0,0,51000,0,0,0,51000,0,51000,51000
048801,漢唐富邦96購02  ,0,0,0,0,0,0,0,0,0,51000,0,0,0,51000,0,51000,51000
054738,聯發科凱基97購01,0,0,0,0,0,0,0,0,0,51000,0,0,0,51000,0,51000,51000
056054,亞德客元大97購05,0,0,0,0,0,0,0,0,0,51000,0,0,0,101000,50000,51000,51000
056231,嘉聯益凱基97購02,0,0,0,0,0,0,0,0,0,51000,0,0,0,51000,0,51000,51000
055702,美律富邦98購01  ,0,0,0,0,0,0,0,0,0,51000,0,0,0,51000,0,51000,51000
059246,奇力新凱基9A購02,0,0,0,0,0,0,0,0,0,51000,0,0,0,244000,193000,51000,51000
4190,佐登-KY         ,134000,65000,69000,0,0,0,355,0,355,-19000,5000,24000,-19000,0,0,0,50355
058615,矽創元大99購01  ,0,0,0,0,0,0,0,0,0,50000,0,0,0,50000,0,50000,50000
058234,華新科元大99購12,0,0,0,0,0,0,0,0,0,50000,0,0,0,50000,0,50000,50000
059655,T50反1元大99購10,0,0,0,0,0,0,0,0,0,50000,0,0,0,200000,150000,50000,50000
057174,南亞科元大98購05,0,0,0,0,0,0,0,0,0,50000,0,0,0,71000,21000,50000,50000
07171P,臺股指國票99售08,0,0,0,0,0,0,0,0,0,50000,0,0,0,50000,0,50000,50000
057284,新日興元大98購03,0,0,0,0,0,0,0,0,0,50000,0,0,0,50000,0,50000,50000
057287,彩晶元大9C購03  ,0,0,0,0,0,0,0,0,0,50000,0,0,0,50000,0,50000,50000
057325,可成群益9A購01  ,0,0,0,0,0,0,0,0,0,50000,0,0,0,50000,0,50000,50000
057334,技嘉國票98購02  ,0,0,0,0,0,0,0,0,0,50000,0,0,0,50000,0,50000,50000
057310,聯發科日盛99購01,0,0,0,0,0,0,0,0,0,50000,0,0,0,140000,90000,50000,50000
06529P,貿聯富邦99售03  ,0,0,0,0,0,0,0,0,0,50000,0,0,0,50000,0,50000,50000
057939,鈺齊群益98購02  ,0,0,0,0,0,0,0,0,0,50000,0,0,0,50000,0,50000,50000
058019,美律凱基99購04  ,0,0,0,0,0,0,0,0,0,50000,0,0,0,50000,0,50000,50000
057957,嘉晶元大98購01  ,0,0,0,0,0,0,0,0,0,50000,0,0,0,50000,0,50000,50000
057462,光磊永豐98購02  ,0,0,0,0,0,0,0,0,0,50000,0,0,0,50000,0,50000,50000
057573,京鼎永豐98購02  ,0,0,0,0,0,0,0,0,0,50000,0,0,0,50000,0,50000,50000
057664,台積電元大9A購03,0,63000,-63000,0,0,0,0,0,0,113000,0,0,0,113000,0,113000,50000
057690,美律凱基99購03  ,0,0,0,0,0,0,0,0,0,50000,0,0,0,50000,0,50000,50000
057656,大成鋼兆豐98購01,0,0,0,0,0,0,0,0,0,50000,0,0,0,50000,0,50000,50000
057693,臺股指凱基98購11,0,0,0,0,0,0,0,0,0,50000,0,0,0,50000,0,50000,50000
057758,鴻海凱基99購03  ,0,0,0,0,0,0,0,0,0,50000,0,0,0,112000,62000,50000,50000
055584,國巨元大97購11  ,0,0,0,0,0,0,0,0,0,50000,0,0,0,200000,150000,50000,50000
058983,旺宏凱基99購05  ,0,0,0,0,0,0,0,0,0,50000,0,0,0,100000,50000,50000,50000
055368,台積電元大97購24,0,0,0,0,0,0,0,0,0,50000,0,0,0,50000,0,50000,50000
052805,晶技元大97購01  ,0,0,0,0,0,0,0,0,0,50000,0,0,0,50000,0,50000,50000
055906,大立光兆豐97購03,0,0,0,0,0,0,0,0,0,50000,0,0,0,50000,0,50000,50000
052489,義隆國票96購02  ,0,0,0,0,0,0,0,0,0,50000,0,0,0,50000,0,50000,50000
052622,貿聯兆豐97購01  ,0,0,0,0,0,0,0,0,0,50000,0,0,0,50000,0,50000,50000
052631,T50反1凱基98購02,0,0,0,0,0,0,0,0,0,50000,0,0,0,50000,0,50000,50000
055631,創意永豐98購01  ,0,0,0,0,0,0,0,0,0,50000,0,0,0,50000,0,50000,50000
053582,英業達元大97購01,0,0,0,0,0,0,0,0,0,50000,0,0,0,50000,0,50000,50000
054984,華泰元富97購01  ,0,0,0,0,0,0,0,0,0,50000,0,0,0,50000,0,50000,50000
056169,鴻海元富97購08  ,0,0,0,0,0,0,0,0,0,50000,0,0,0,50000,0,50000,50000
056113,新日興兆豐98購01,0,0,0,0,0,0,0,0,0,50000,0,0,0,50000,0,50000,50000
056131,鴻海元大97購12  ,0,0,0,0,0,0,0,0,0,50000,0,0,0,50000,0,50000,50000
054690,新興永豐97購01  ,0,0,0,0,0,0,0,0,0,50000,0,0,0,50000,0,50000,50000
053180,同欣電統一96購01,0,0,0,0,0,0,0,0,0,50000,0,0,0,50000,0,50000,50000
053113,瀚宇博兆豐97購01,0,0,0,0,0,0,0,0,0,50000,0,0,0,50000,0,50000,50000
053490,為升兆豐97購01  ,0,0,0,0,0,0,0,0,0,50000,0,0,0,60000,10000,50000,50000
054006,智易統一97購01  ,0,0,0,0,0,0,0,0,0,50000,0,0,0,50000,0,50000,50000
054026,台積電凱基97購08,0,0,0,0,0,0,0,0,0,50000,0,0,0,50000,0,50000,50000
053940,康友元富96購01  ,0,0,0,0,0,0,0,0,0,50000,0,0,0,50000,0,50000,50000
053966,旺宏元大96購08  ,0,0,0,0,0,0,0,0,0,50000,0,0,0,50000,0,50000,50000
053364,友達國泰98購01  ,0,0,0,0,0,0,0,0,0,50000,0,0,0,50000,0,50000,50000
053381,友達元大9A購02  ,0,0,0,0,0,0,0,0,0,50000,0,0,0,50000,0,50000,50000
053450,同欣電凱基96購02,0,0,0,0,0,0,0,0,0,50000,0,0,0,50000,0,50000,50000
048391,友訊國票94購01  ,0,0,0,0,0,0,0,0,0,50000,0,0,0,50000,0,50000,50000
047564,滬深2X國票99購01,0,0,0,0,0,0,0,0,0,50000,0,0,0,50000,0,50000,50000
046438,群創群益95購01  ,0,0,0,0,0,0,0,0,0,50000,0,0,0,50000,0,50000,50000
051700,深中小群益99購04,0,0,0,0,0,0,0,0,0,50000,0,0,0,50000,0,50000,50000
045106,玉晶光群益95購01,0,0,0,0,0,0,0,0,0,50000,0,0,0,50000,0,50000,50000
052216,康友元大96購01  ,0,0,0,0,0,0,0,0,0,50000,0,0,0,50000,0,50000,50000
052316,台積電元大96購10,0,0,0,0,0,0,0,0,0,50000,0,0,0,50000,0,50000,50000
050903,臺股指元大95購10,0,0,0,0,0,0,0,0,0,50000,0,0,0,50000,0,50000,50000
052385,滬深2X群益99購05,0,0,0,0,0,0,0,0,0,50000,0,0,0,50000,0,50000,50000
052404,臻鼎凱基95購05  ,0,0,0,0,0,0,0,0,0,50000,0,0,0,50000,0,50000,50000
6414,樺漢            ,17000,1000,16000,0,0,0,0,0,0,34000,36000,8000,28000,6000,0,6000,50000
08447P,緯穎永豐9C售02  ,0,0,0,0,0,0,0,0,0,49000,0,0,0,49000,0,49000,49000
059640,聯詠凱基99購04  ,0,0,0,0,0,0,0,0,0,49000,0,0,0,183000,134000,49000,49000
059426,鴻海元大99購31  ,0,0,0,0,0,0,0,0,0,49000,0,0,0,49000,0,49000,49000
058109,台灣50元富9B購01,0,0,0,0,0,0,0,0,0,49000,0,0,0,49000,0,49000,49000
050036,矽格元大94購03  ,0,0,0,0,0,0,0,0,0,49000,0,0,0,60000,11000,49000,49000
056534,京元電凱基98購01,0,0,0,0,0,0,0,0,0,49000,0,0,0,49000,0,49000,49000
04792P,智邦元大94售06  ,0,0,0,0,0,0,0,0,0,49000,0,0,0,49000,0,49000,49000
053223,台郡凱基96購02  ,0,0,0,0,0,0,0,0,0,49000,0,0,0,49000,0,49000,49000
054747,麗豐凱基98購01  ,0,0,0,0,0,0,0,0,0,49000,0,0,0,49000,0,49000,49000
055417,健策富邦98購02  ,0,0,0,0,0,0,0,0,0,49000,0,0,0,49000,0,49000,49000
059156,台灣50凱基01購03,0,0,0,0,0,0,0,0,0,49000,0,0,0,50000,1000,49000,49000
059551,T50正2康和99購02,0,0,0,0,0,0,0,0,0,48000,0,0,0,49000,1000,48000,48000
057570,技嘉永豐98購02  ,0,0,0,0,0,0,0,0,0,48000,0,0,0,48000,0,48000,48000
055452,台積電元富97購03,0,0,0,0,0,0,0,0,0,48000,0,0,0,58000,10000,48000,48000
053786,新日興元大96購02,0,0,0,0,0,0,0,0,0,48000,0,0,0,48000,0,48000,48000
053496,義隆兆豐96購02  ,0,0,0,0,0,0,0,0,0,48000,0,0,0,138000,90000,48000,48000
056073,智伸科元大97購01,0,0,0,0,0,0,0,0,0,48000,0,0,0,55000,7000,48000,48000
051222,世紀鋼元富95購01,0,0,0,0,0,0,0,0,0,48000,0,0,0,48000,0,48000,48000
4942,嘉彰            ,196000,148000,48000,0,0,0,0,0,0,0,0,0,0,0,0,0,48000
1702,南僑            ,142000,95000,47000,0,0,0,0,0,0,0,0,0,0,0,0,0,47000
059641,群創凱基99購06  ,0,0,0,0,0,0,0,0,0,47000,0,0,0,47000,0,47000,47000
058140,臻鼎元大99購02  ,0,0,0,0,0,0,0,0,0,47000,0,0,0,54000,7000,47000,47000
050351,華新科群益95購02,0,0,0,0,0,0,0,0,0,47000,0,0,0,57000,10000,47000,47000
049934,緯穎元大94購08  ,0,0,0,0,0,0,0,0,0,47000,0,0,0,47000,0,47000,47000
052192,SP黃豆元富95購04,0,0,0,0,0,0,0,0,0,47000,0,0,0,47000,0,47000,47000
052077,可成元富98購02  ,0,0,0,0,0,0,0,0,0,47000,0,0,0,149000,102000,47000,47000
053539,智易永豐96購01  ,0,0,0,0,0,0,0,0,0,47000,0,0,0,49000,2000,47000,47000
058850,華新科群益99購03,0,0,0,0,0,0,0,0,0,47000,0,0,0,145000,98000,47000,47000
058768,南港兆豐99購01  ,0,0,0,0,0,0,0,0,0,47000,0,0,0,57000,10000,47000,47000
058725,美律富邦9A購01  ,0,0,0,0,0,0,0,0,0,47000,0,0,0,50000,3000,47000,47000
056552,台表科凱基99購01,0,0,0,0,0,0,0,0,0,46000,0,0,0,46000,0,46000,46000
059729,群創元大9C購05  ,0,0,0,0,0,0,0,0,0,46000,0,0,0,114000,68000,46000,46000
059536,新光金凱基99購05,0,0,0,0,0,0,0,0,0,46000,0,0,0,46000,0,46000,46000
059525,上銀凱基99購08  ,0,0,0,0,0,0,0,0,0,46000,0,0,0,47000,1000,46000,46000
056137,聯鈞元大9A購01  ,0,0,0,0,0,0,0,0,0,46000,0,0,0,46000,0,46000,46000
052072,健策統一95購02  ,0,0,0,0,0,0,0,0,0,46000,0,0,0,46000,0,46000,46000
03670C,元油2X元富99牛01,0,0,0,0,0,0,0,0,0,46000,0,0,0,113000,67000,46000,46000
050441,和碩凱基94購01  ,0,0,0,0,0,0,0,0,0,46000,0,0,0,46000,0,46000,46000
059537,大立光凱基99購09,0,0,0,0,0,0,0,0,0,45000,0,0,0,50000,5000,45000,45000
059321,欣興元大99購07  ,0,0,0,0,0,0,0,0,0,45000,0,0,0,54000,9000,45000,45000
058124,玉晶光國票9A購01,0,0,0,0,0,0,0,0,0,45000,0,0,0,58000,13000,45000,45000
1701,中化            ,205000,160000,45000,0,0,0,0,0,0,0,0,0,0,0,0,0,45000
057430,富邦金兆豐98購01,0,0,0,0,0,0,0,0,0,45000,0,0,0,45000,0,45000,45000
057798,貿聯兆豐99購01  ,0,0,0,0,0,0,0,0,0,45000,0,0,0,45000,0,45000,45000
050779,超眾元大96購03  ,0,0,0,0,0,0,0,0,0,45000,0,0,0,45000,0,45000,45000
050618,緯創元大95購01  ,0,0,0,0,0,0,0,0,0,45000,0,0,0,45000,0,45000,45000
056523,光寶科中信98購01,0,0,0,0,0,0,0,0,0,45000,0,0,0,50000,5000,45000,45000
056449,義隆凱基98購03  ,0,0,0,0,0,0,0,0,0,45000,0,0,0,51000,6000,45000,45000
042168,台灣50凱基96購01,0,0,0,0,0,0,0,0,0,45000,0,0,0,45000,0,45000,45000
045906,鴻海中信94購01  ,0,0,0,0,0,0,0,0,0,45000,0,0,0,45000,0,45000,45000
048985,茂林元大94購01  ,0,0,0,0,0,0,0,0,0,45000,0,0,0,45000,0,45000,45000
052160,美律永豐95購03  ,0,0,0,0,0,0,0,0,0,45000,0,0,0,45000,0,45000,45000
04712P,國泰金元大94售01,0,0,0,0,0,0,0,0,0,45000,0,0,0,64000,19000,45000,45000
00713,元大台灣高息低波,3000,3000,0,0,0,0,0,0,0,45000,0,0,0,80000,35000,45000,45000
055966,茂林元大99購01  ,0,0,0,0,0,0,0,0,0,45000,0,0,0,45000,0,45000,45000
053553,聯詠凱基96購03  ,0,0,0,0,0,0,0,0,0,45000,0,0,0,45000,0,45000,45000
053300,大成鋼凱基96購02,0,0,0,0,0,0,0,0,0,45000,0,0,0,45000,0,45000,45000
059146,貿聯國票9A購02  ,0,0,0,0,0,0,0,0,0,45000,0,0,0,58000,13000,45000,45000
052687,國泰金元大96購03,0,0,0,0,0,0,0,0,0,45000,0,0,0,145000,100000,45000,45000
3041,揚智            ,274000,229000,45000,0,0,0,0,0,0,0,0,0,0,0,0,0,45000
057601,中磊群益98購01  ,0,0,0,0,0,0,0,0,0,44000,0,0,0,44000,0,44000,44000
057317,技嘉凱基98購02  ,0,0,0,0,0,0,0,0,0,44000,0,0,0,44000,0,44000,44000
05673P,台積電群益96售05,0,0,0,0,0,0,0,0,0,44000,0,0,0,44000,0,44000,44000
058369,亞光凱基99購02  ,0,0,0,0,0,0,0,0,0,44000,0,0,0,44000,0,44000,44000
059347,京鼎凱基99購02  ,0,0,0,0,0,0,0,0,0,44000,0,0,0,47000,3000,44000,44000
05994P,奇鋐元大96售02  ,0,0,0,0,0,0,0,0,0,44000,0,0,0,54000,10000,44000,44000
059573,健策凱基9A購02  ,0,0,0,0,0,0,0,0,0,44000,0,0,0,96000,52000,44000,44000
059685,T50正2永豐99購02,0,0,0,0,0,0,0,0,0,44000,0,0,0,46000,2000,44000,44000
053207,SP黃豆凱基96購01,0,0,0,0,0,0,0,0,0,44000,0,0,0,144000,100000,44000,44000
054919,興富發凱基97購01,0,0,0,0,0,0,0,0,0,44000,0,0,0,44000,0,44000,44000
00681R,元大美債20反1   ,0,0,0,0,0,0,0,0,0,44000,0,0,0,78000,34000,44000,44000
00666R,富邦恒生國企反1 ,32000,0,32000,0,0,0,0,0,0,12000,0,0,0,82000,70000,12000,44000
051490,世芯凱基96購01  ,0,0,0,0,0,0,0,0,0,44000,0,0,0,44000,0,44000,44000
059603,臺股指元大9A購40,0,0,0,0,0,0,0,0,0,43000,0,0,0,44000,1000,43000,43000
059412,臺股指國票99購18,0,0,0,0,0,0,0,0,0,43000,0,0,0,96000,53000,43000,43000
056658,美食元大98購01  ,0,0,0,0,0,0,0,0,0,43000,0,0,0,43000,0,43000,43000
06641P,智邦兆豐99售01  ,0,0,0,0,0,0,0,0,0,43000,0,0,0,53000,10000,43000,43000
057621,崇越凱基98購01  ,0,0,0,0,0,0,0,0,0,43000,0,0,0,43000,0,43000,43000
1201,味全            ,444000,399000,45000,0,0,0,0,0,0,-2000,0,0,0,0,2000,-2000,43000
07074P,FBVIX凱基9A售01 ,0,0,0,0,0,0,0,0,0,43000,0,0,0,43000,0,43000,43000
054046,義隆元大96購02  ,0,0,0,0,0,0,0,0,0,43000,0,0,0,48000,5000,43000,43000
053915,光罩國票96購02  ,0,0,0,0,0,0,0,0,0,43000,0,0,0,324000,281000,43000,43000
058007,南電群益98購02  ,0,0,0,0,0,0,0,0,0,42000,0,0,0,42000,0,42000,42000
056705,超眾國泰99購01  ,0,0,0,0,0,0,0,0,0,42000,0,0,0,82000,40000,42000,42000
059404,鴻海台新99購03  ,0,0,0,0,0,0,0,0,0,42000,0,0,0,51000,9000,42000,42000
059467,旺宏元大99購15  ,0,0,0,0,0,0,0,0,0,42000,0,0,0,67000,25000,42000,42000
052572,群創凱基99購01  ,0,0,0,0,0,0,0,0,0,42000,0,0,0,80000,38000,42000,42000
059264,台光電中信99購02,0,0,0,0,0,0,0,0,0,42000,0,0,0,123000,81000,42000,42000
059301,華新科群益99購04,0,0,0,0,0,0,0,0,0,42000,0,0,0,103000,61000,42000,42000
058944,元石油群益9C購02,0,0,0,0,0,0,0,0,0,42000,0,0,0,50000,8000,42000,42000
048797,美律國泰95購02  ,0,0,0,0,0,0,0,0,0,42000,0,0,0,42000,0,42000,42000
8021,尖點            ,98000,52000,46000,0,0,0,0,0,0,-4000,0,4000,-4000,0,0,0,42000
052321,華擎元大95購01  ,0,0,0,0,0,0,0,0,0,41000,0,0,0,41000,0,41000,41000
042752,台灣50元大96購03,0,0,0,0,0,0,0,0,0,41000,0,0,0,41000,0,41000,41000
052967,智邦群益96購01  ,0,0,0,0,0,0,0,0,0,41000,0,0,0,41000,0,41000,41000
055297,啟碁元大97購01  ,0,0,0,0,0,0,0,0,0,41000,0,0,0,71000,30000,41000,41000
053559,台積電國泰98購01,0,0,0,0,0,0,0,0,0,41000,0,0,0,51000,10000,41000,41000
059531,華新科凱基9B購02,0,0,0,0,0,0,0,0,0,40000,0,0,0,40000,0,40000,40000
057120,茂林康和98購01  ,0,0,0,0,0,0,0,0,0,40000,0,0,0,40000,0,40000,40000
058515,健鼎元大99購01  ,0,0,0,0,0,0,0,0,0,40000,0,0,0,40000,0,40000,40000
059882,臺股指凱基9C購06,0,0,0,0,0,0,0,0,0,40000,0,0,0,41000,1000,40000,40000
059805,台積電元富99購02,0,0,0,0,0,0,0,0,0,40000,0,0,0,55000,15000,40000,40000
058572,百和凱基9A購01  ,0,0,0,0,0,0,0,0,0,40000,0,0,0,40000,0,40000,40000
056561,台光電群益98購02,0,0,0,0,0,0,0,0,0,40000,0,0,0,40000,0,40000,40000
059934,華通永豐99購02  ,0,0,0,0,0,0,0,0,0,40000,0,0,0,125000,85000,40000,40000
058345,台光電群益99購03,0,0,0,0,0,0,0,0,0,40000,0,0,0,40000,0,40000,40000
057757,鴻海凱基98購13  ,0,0,0,0,0,0,0,0,0,40000,0,0,0,40000,0,40000,40000
06897P,FBVIX群益01售01 ,0,0,0,0,0,0,0,0,0,40000,0,0,0,40000,0,40000,40000
1410,南染            ,40000,0,40000,0,0,0,0,0,0,0,0,0,0,0,0,0,40000
05350P,可成元富98售04  ,0,0,0,0,0,0,0,0,0,40000,0,0,0,60000,20000,40000,40000
055132,台虹康和97購01  ,0,0,0,0,0,0,0,0,0,40000,0,0,0,40000,0,40000,40000
055676,亞德客凱基97購03,0,0,0,0,0,0,0,0,0,40000,0,0,0,40000,0,40000,40000
056208,崇越永豐97購01  ,0,0,0,0,0,0,0,0,0,40000,0,0,0,40000,0,40000,40000
053889,致茂群益97購01  ,0,0,0,0,0,0,0,0,0,40000,0,0,0,40000,0,40000,40000
053934,A50正2元富96購02,0,0,0,0,0,0,0,0,0,40000,0,0,0,100000,60000,40000,40000
054868,國泰金群益9A購01,0,0,0,0,0,0,0,0,0,40000,0,0,0,77000,37000,40000,40000
053281,茂林元大96購02  ,0,0,0,0,0,0,0,0,0,40000,0,0,0,40000,0,40000,40000
055336,茂林兆豐98購01  ,0,0,0,0,0,0,0,0,0,40000,0,0,0,40000,0,40000,40000
052969,建準群益97購01  ,0,0,0,0,0,0,0,0,0,40000,0,0,0,50000,10000,40000,40000
055776,宏達電凱基98購02,0,0,0,0,0,0,0,0,0,40000,0,0,0,60000,20000,40000,40000
055931,冠德群益97購02  ,0,0,0,0,0,0,0,0,0,40000,0,0,0,40000,0,40000,40000
058941,華新科中信99購03,0,0,0,0,0,0,0,0,0,40000,0,0,0,60000,20000,40000,40000
058795,可成元大99購03  ,0,0,0,0,0,0,0,0,0,40000,0,0,0,40000,0,40000,40000
058698,華通元大99購05  ,0,0,0,0,0,0,0,0,0,40000,0,0,0,40000,0,40000,40000
059274,國巨元大99購22  ,0,0,0,0,0,0,0,0,0,40000,0,0,0,40000,0,40000,40000
051644,聯茂康和95購01  ,0,0,0,0,0,0,0,0,0,40000,0,0,0,40000,0,40000,40000
051885,易華電永豐95購02,0,0,0,0,0,0,0,0,0,40000,0,0,0,40000,0,40000,40000
04831P,聯詠富邦96售01  ,0,0,0,0,0,0,0,0,0,40000,0,0,0,50000,10000,40000,40000
051570,和碩富邦97購01  ,0,0,0,0,0,0,0,0,0,40000,0,0,0,40000,0,40000,40000
051588,聯詠元大95購03  ,0,0,0,0,0,0,0,0,0,40000,0,0,0,40000,0,40000,40000
050899,旭富元大95購01  ,0,0,0,0,0,0,0,0,0,40000,0,0,0,40000,0,40000,40000
050516,華通元大95購05  ,0,0,0,0,0,0,0,0,0,40000,0,0,0,40000,0,40000,40000
054354,技嘉富邦97購01  ,0,0,0,0,0,0,0,0,0,40000,0,0,0,40000,0,40000,40000
054466,欣興凱基97購03  ,0,0,0,0,0,0,0,0,0,40000,0,0,0,40000,0,40000,40000
3419,譁裕            ,53000,13000,40000,0,0,0,0,0,0,0,0,0,0,0,0,0,40000
08570P,台灣50凱基96售03,0,0,0,0,0,0,0,0,0,39000,0,0,0,39000,0,39000,39000
057786,聯發科國票98購05,0,0,0,0,0,0,0,0,0,39000,0,0,0,39000,0,39000,39000
057253,高股息中信99購02,0,0,0,0,0,0,0,0,0,39000,0,0,0,39000,0,39000,39000
056918,台積電兆豐98購01,0,0,0,0,0,0,0,0,0,39000,0,0,0,39000,0,39000,39000
059319,台光電元大99購04,0,0,0,0,0,0,0,0,0,39000,0,0,0,62000,23000,39000,39000
059510,華新科永豐99購07,0,0,0,0,0,0,0,0,0,39000,0,0,0,55000,16000,39000,39000
059697,上証2X凱基9A購03,0,0,0,0,0,0,0,0,0,39000,0,0,0,60000,21000,39000,39000
054259,健策元大97購03  ,0,0,0,0,0,0,0,0,0,39000,0,0,0,39000,0,39000,39000
048590,貿聯兆豐94購02  ,0,0,0,0,0,0,0,0,0,39000,0,0,0,39000,0,39000,39000
052482,茂林群益95購01  ,0,0,0,0,0,0,0,0,0,39000,0,0,0,39000,0,39000,39000
3047,訊舟            ,134000,95000,39000,0,0,0,0,0,0,0,0,0,0,0,0,0,39000
6155,鈞寶            ,71000,32000,39000,0,0,0,0,0,0,0,0,0,0,0,0,0,39000
059475,元石油群益99購02,0,0,0,0,0,0,0,0,0,38000,0,0,0,68000,30000,38000,38000
059456,智易永豐99購01  ,0,0,0,0,0,0,0,0,0,38000,0,0,0,41000,3000,38000,38000
059413,台灣50元大99購05,0,0,0,0,0,0,0,0,0,38000,0,0,0,38000,0,38000,38000
059328,台灣50國票99購08,0,0,0,0,0,0,0,0,0,38000,0,0,0,38000,0,38000,38000
059331,台灣50國票9A購06,0,0,0,0,0,0,0,0,0,38000,0,0,0,38000,0,38000,38000
057436,義隆國票99購02  ,0,0,0,0,0,0,0,0,0,38000,0,0,0,38000,0,38000,38000
052819,義隆永豐96購01  ,0,0,0,0,0,0,0,0,0,38000,0,0,0,48000,10000,38000,38000
054063,聯茂國票97購02  ,0,0,0,0,0,0,0,0,0,38000,0,0,0,38000,0,38000,38000
053349,台郡國票97購02  ,0,0,0,0,0,0,0,0,0,38000,0,0,0,63000,25000,38000,38000
056214,義隆國票99購01  ,0,0,0,0,0,0,0,0,0,38000,0,0,0,38000,0,38000,38000
042953,鴻海台新01購01  ,0,0,0,0,0,0,0,0,0,38000,0,0,0,40000,2000,38000,38000
054540,泰鼎國票99購01  ,0,0,0,0,0,0,0,0,0,38000,0,0,0,38000,0,38000,38000
5525,順天            ,49000,9000,40000,0,0,0,0,0,0,-2000,0,2000,-2000,0,0,0,38000
3059,華晶科          ,167000,129000,38000,0,0,0,0,0,0,0,0,0,0,0,0,0,38000
2399,映泰            ,83000,48000,35000,0,0,0,0,0,0,2000,2000,0,2000,0,0,0,37000
057093,臻鼎元富98購02  ,0,0,0,0,0,0,0,0,0,37000,0,0,0,37000,0,37000,37000
059198,華新科永豐99購06,0,0,0,0,0,0,0,0,0,37000,0,0,0,81000,44000,37000,37000
058149,百和元大99購02  ,0,0,0,0,0,0,0,0,0,37000,0,0,0,40000,3000,37000,37000
05401P,聯茂永豐95售03  ,0,0,0,0,0,0,0,0,0,37000,0,0,0,37000,0,37000,37000
059132,臺股指群益99購07,0,0,0,0,0,0,0,0,0,37000,0,0,0,170000,133000,37000,37000
057105,致茂群益9A購01  ,0,0,0,0,0,0,0,0,0,36000,0,0,0,36000,0,36000,36000
059528,華新科凱基99購06,0,0,0,0,0,0,0,0,0,36000,0,0,0,56000,20000,36000,36000
07150P,和碩元大99售01  ,0,0,0,0,0,0,0,0,0,36000,0,0,0,36000,0,36000,36000
057457,華邦電富邦98購01,0,0,0,0,0,0,0,0,0,36000,0,0,0,51000,15000,36000,36000
057533,晶相光元大98購02,0,0,0,0,0,0,0,0,0,36000,0,0,0,96000,60000,36000,36000
055535,緯創群益98購01  ,0,0,0,0,0,0,0,0,0,36000,0,0,0,36000,0,36000,36000
8081,致新            ,199000,277000,-78000,0,0,0,0,0,0,114000,112000,1000,111000,3000,0,3000,36000
059565,國巨凱基99購16  ,0,0,0,0,0,0,0,0,0,35000,0,0,0,36000,1000,35000,35000
059012,臺股指元大9A購31,0,0,0,0,0,0,0,0,0,35000,0,0,0,35000,0,35000,35000
058973,麗豐永豐99購01  ,0,0,0,0,0,0,0,0,0,35000,0,0,0,133000,98000,35000,35000
052809,訊芯元大97購01  ,0,0,0,0,0,0,0,0,0,35000,0,0,0,35000,0,35000,35000
052705,超眾國票97購01  ,0,0,0,0,0,0,0,0,0,35000,0,0,0,65000,30000,35000,35000
054008,大立光元富96購06,0,0,0,0,0,0,0,0,0,35000,0,0,0,35000,0,35000,35000
054845,智邦兆豐98購01  ,0,0,0,0,0,0,0,0,0,35000,0,0,0,35000,0,35000,35000
055021,亞德客國泰98購01,0,0,0,0,0,0,0,0,0,35000,0,0,0,35000,0,35000,35000
055011,元翎元富97購01  ,0,0,0,0,0,0,0,0,0,35000,0,0,0,35000,0,35000,35000
051251,信邦元大95購01  ,0,0,0,0,0,0,0,0,0,35000,0,0,0,35000,0,35000,35000
051365,瀚宇博國泰97購01,0,0,0,0,0,0,0,0,0,35000,0,0,0,35000,0,35000,35000
050502,聯發科凱基94購21,0,0,0,0,0,0,0,0,0,35000,0,0,0,45000,10000,35000,35000
050774,健策元大96購02  ,0,0,0,0,0,0,0,0,0,35000,0,0,0,35000,0,35000,35000
04396P,玉晶光群益94售02,0,0,0,0,0,0,0,0,0,35000,0,0,0,35000,0,35000,35000
04796P,聯發科元大94售10,0,0,0,0,0,0,0,0,0,35000,0,0,0,35000,0,35000,35000
057123,上銀凱基98購05  ,0,0,0,0,0,0,0,0,0,34000,0,0,0,45000,11000,34000,34000
057052,華擎元大98購01  ,0,0,0,0,0,0,0,0,0,34000,0,0,0,34000,0,34000,34000
06019P,緯穎凱基96售03  ,0,0,0,0,0,0,0,0,0,34000,0,0,0,34000,0,34000,34000
057807,友訊元大98購02  ,0,0,0,0,0,0,0,0,0,34000,0,0,0,34000,0,34000,34000
07134P,臺股指元大9A售28,0,0,0,0,0,0,0,0,0,34000,0,0,0,43000,9000,34000,34000
051591,玉晶光元大97購01,0,0,0,0,0,0,0,0,0,34000,0,0,0,34000,0,34000,34000
053997,健策群益97購02  ,0,0,0,0,0,0,0,0,0,34000,0,0,0,34000,0,34000,34000
055304,瑞昱第一98購01  ,0,0,0,0,0,0,0,0,0,34000,0,0,0,34000,0,34000,34000
052984,漢唐元大96購01  ,0,0,0,0,0,0,0,0,0,34000,0,0,0,34000,0,34000,34000
5521,工信            ,530000,497000,33000,0,0,0,0,0,0,1000,1000,0,1000,0,0,0,34000
1708,東鹼            ,91000,43000,48000,0,0,0,0,0,0,-15000,0,15000,-15000,0,0,0,33000
057228,友達凱基9B購01  ,0,0,0,0,0,0,0,0,0,33000,0,0,0,75000,42000,33000,33000
057130,全新凱基98購03  ,0,0,0,0,0,0,0,0,0,33000,0,0,0,33000,0,33000,33000
059239,台積電凱基99購12,0,0,0,0,0,0,0,0,0,33000,0,0,0,33000,0,33000,33000
058361,美律凱基99購06  ,0,0,0,0,0,0,0,0,0,32000,0,0,0,32000,0,32000,32000
058061,貿聯元富9B購01  ,0,0,0,0,0,0,0,0,0,32000,0,0,0,32000,0,32000,32000
059916,聯發科元大99購33,0,0,0,0,0,0,0,0,0,32000,0,0,0,33000,1000,32000,32000
055065,神達永豐97購01  ,0,0,0,0,0,0,0,0,0,32000,0,0,0,52000,20000,32000,32000
054944,精元元大97購01  ,0,0,0,0,0,0,0,0,0,32000,0,0,0,32000,0,32000,32000
055731,美律元富97購01  ,0,0,0,0,0,0,0,0,0,32000,0,0,0,32000,0,32000,32000
055604,訊芯元大98購02  ,0,0,0,0,0,0,0,0,0,32000,0,0,0,40000,8000,32000,32000
056355,台積電元大98購08,0,0,0,0,0,0,0,0,0,32000,0,0,0,32000,0,32000,32000
050588,矽創國票95購01  ,0,0,0,0,0,0,0,0,0,32000,0,0,0,35000,3000,32000,32000
056475,宏達電元大99購02,0,0,0,0,0,0,0,0,0,32000,0,0,0,32000,0,32000,32000
054216,聯茂國票97購03  ,0,0,0,0,0,0,0,0,0,32000,0,0,0,38000,6000,32000,32000
00763U,街口道瓊銅      ,0,0,0,0,0,0,0,0,0,32000,0,0,0,33000,1000,32000,32000
051641,矽創國票96購01  ,0,0,0,0,0,0,0,0,0,32000,0,0,0,85000,53000,32000,32000
4552,力達-KY         ,47000,15000,32000,0,0,0,0,0,0,0,0,0,0,0,0,0,32000
6533,晶心科          ,112000,79000,33000,0,0,0,0,0,0,-1000,0,1000,-1000,0,0,0,32000
6213,聯茂            ,764172,796000,-31828,0,0,0,0,0,0,63000,101000,32000,69000,9000,15000,-6000,31172
05947P,大成鋼元大96售03,0,0,0,0,0,0,0,0,0,31000,0,0,0,34000,3000,31000,31000
056592,台積電元富98購01,0,0,0,0,0,0,0,0,0,31000,0,0,0,31000,0,31000,31000
056749,滬深2X兆豐99購01,0,0,0,0,0,0,0,0,0,31000,0,0,0,41000,10000,31000,31000
058606,聯發科元大99購13,0,0,0,0,0,0,0,0,0,31000,0,0,0,33000,2000,31000,31000
058295,欣興凱基99購02  ,0,0,0,0,0,0,0,0,0,31000,0,0,0,38000,7000,31000,31000
056846,晶相光元富98購01,0,0,0,0,0,0,0,0,0,31000,0,0,0,101000,70000,31000,31000
059219,旺宏元大99購12  ,0,0,0,0,0,0,0,0,0,31000,0,0,0,31000,0,31000,31000
057267,康控兆豐99購01  ,0,0,0,0,0,0,0,0,0,31000,0,0,0,31000,0,31000,31000
2010,春源            ,53000,22000,31000,0,0,0,0,0,0,0,0,0,0,0,0,0,31000
045054,聯發科元富98購02,0,0,0,0,0,0,0,0,0,31000,0,0,0,31000,0,31000,31000
051831,緯穎元大96購04  ,0,0,0,0,0,0,0,0,0,31000,0,0,0,31000,0,31000,31000
049488,智邦元大95購01  ,0,0,0,0,0,0,0,0,0,31000,0,0,0,31000,0,31000,31000
054697,凌華永豐97購01  ,0,0,0,0,0,0,0,0,0,31000,0,0,0,31000,0,31000,31000
055300,緯穎元大98購01  ,0,0,0,0,0,0,0,0,0,31000,0,0,0,31000,0,31000,31000
055358,臻鼎凱基97購01  ,0,0,0,0,0,0,0,0,0,31000,0,0,0,31000,0,31000,31000
052417,聯發科兆豐9B購01,0,0,0,0,0,0,0,0,0,31000,0,0,0,212000,181000,31000,31000
6505,台塑化          ,2977153,2869594,107559,0,0,0,56000,0,56000,-133000,0,133000,-133000,0,0,0,30559
057479,致茂元大98購03  ,0,0,0,0,0,0,0,0,0,30000,0,0,0,30000,0,30000,30000
058031,旺宏永豐98購04  ,0,0,0,0,0,0,0,0,0,30000,0,0,0,30000,0,30000,30000
06196P,元上證元大97售01,0,0,0,0,0,0,0,0,0,30000,0,0,0,70000,40000,30000,30000
056962,技嘉永豐98購01  ,0,0,0,0,0,0,0,0,0,30000,0,0,0,30000,0,30000,30000
058608,華新科元大99購13,0,0,0,0,0,0,0,0,0,30000,0,0,0,189000,159000,30000,30000
058597,瑞昱台新99購01  ,0,0,0,0,0,0,0,0,0,30000,0,0,0,30000,0,30000,30000
058127,FBVIX元大9C購01 ,0,0,0,0,0,0,0,0,0,30000,0,0,0,40000,10000,30000,30000
058114,台積電第一01購01,0,0,0,0,0,0,0,0,0,30000,0,0,0,30000,0,30000,30000
058060,貿聯元富98購01  ,0,0,0,0,0,0,0,0,0,30000,0,0,0,30000,0,30000,30000
059512,晶豪科永豐99購02,0,0,0,0,0,0,0,0,0,30000,0,0,0,30000,0,30000,30000
059506,滬深2X永豐99購04,0,0,0,0,0,0,0,0,0,30000,0,0,0,30000,0,30000,30000
059625,國巨凱基99購17  ,0,0,0,0,0,0,0,0,0,30000,0,0,0,30000,0,30000,30000
059323,新日興元大99購02,0,0,0,0,0,0,0,0,0,30000,0,0,0,94000,64000,30000,30000
059330,台灣50國票99購10,0,0,0,0,0,0,0,0,0,30000,0,0,0,31000,1000,30000,30000
052531,台積電國泰96購06,0,0,0,0,0,0,0,0,0,30000,0,0,0,30000,0,30000,30000
055770,欣興麥證97購01  ,0,0,0,30000,0,30000,0,0,0,30000,0,0,0,30000,0,30000,30000
055772,致茂凱基97購01  ,0,0,0,0,0,0,0,0,0,30000,0,0,0,30000,0,30000,30000
052697,滬深2X國票98購01,0,0,0,0,0,0,0,0,0,30000,0,0,0,30000,0,30000,30000
052685,技嘉元大96購01  ,0,0,0,0,0,0,0,0,0,30000,0,0,0,30000,0,30000,30000
055849,聯詠元大97購05  ,0,0,0,0,0,0,0,0,0,30000,0,0,0,30000,0,30000,30000
055832,台達電元大97購02,0,0,0,0,0,0,0,0,0,30000,0,0,0,30000,0,30000,30000
05282P,可成元大95售09  ,0,0,0,0,0,0,0,0,0,30000,0,0,0,30000,0,30000,30000
055450,台積電元富97購01,0,0,0,0,0,0,0,0,0,30000,0,0,0,30000,0,30000,30000
055427,技嘉群益98購01  ,0,0,0,0,0,0,0,0,0,30000,0,0,0,30000,0,30000,30000
058772,茂林兆豐9A購01  ,0,0,0,0,0,0,0,0,0,30000,0,0,0,30000,0,30000,30000
053228,康友台新97購01  ,0,0,0,0,0,0,0,0,0,30000,0,0,0,30000,0,30000,30000
054045,奇力新元大97購03,0,0,0,0,0,0,0,0,0,30000,0,0,0,30000,0,30000,30000
053979,健策元大98購01  ,0,0,0,0,0,0,0,0,0,30000,0,0,0,33000,3000,30000,30000
056297,台光電元大97購04,0,0,0,0,0,0,0,0,0,30000,0,0,0,30000,0,30000,30000
056085,聯發科統一97購01,0,0,0,0,0,0,0,0,0,30000,0,0,0,30000,0,30000,30000
055150,台積電元大98購04,0,0,0,0,0,0,0,0,0,30000,0,0,0,30000,0,30000,30000
053630,奇鋐兆豐97購01  ,0,0,0,0,0,0,0,0,0,30000,0,0,0,40000,10000,30000,30000
053597,牧德元大99購01  ,0,0,0,0,0,0,0,0,0,30000,0,0,0,30000,0,30000,30000
049477,泰鼎永豐94購01  ,0,0,0,0,0,0,0,0,0,30000,0,0,0,30000,0,30000,30000
049667,大立光國泰96購01,0,0,0,0,0,0,0,0,0,30000,0,0,0,30000,0,30000,30000
049090,茂林凱基94購01  ,0,0,0,0,0,0,0,0,0,30000,0,0,0,30000,0,30000,30000
056508,揚明光永豐98購01,0,0,0,0,0,0,0,0,0,30000,0,0,0,30000,0,30000,30000
051822,和碩元富95購01  ,0,0,0,0,0,0,0,0,0,30000,0,0,0,30000,0,30000,30000
051962,晶相光永豐95購02,0,0,0,0,0,0,0,0,0,30000,0,0,0,30000,0,30000,30000
051989,華固元大95購02  ,0,0,0,0,0,0,0,0,0,30000,0,0,0,30000,0,30000,30000
051959,台郡台新95購03  ,0,0,0,0,0,0,0,0,0,30000,0,0,0,30000,0,30000,30000
051723,嘉澤永豐95購01  ,0,0,0,0,0,0,0,0,0,30000,0,0,0,30000,0,30000,30000
047854,滬深2X國票96購02,0,0,0,0,0,0,0,0,0,30000,0,0,0,30000,0,30000,30000
048729,鴻海麥證94購01  ,0,0,0,30000,0,30000,0,0,0,30000,0,0,0,30000,0,30000,30000
2360,致茂            ,679000,606000,73000,0,0,0,4360,3000,1360,-45000,15000,57000,-42000,2000,5000,-3000,29360
2340,光磊            ,574000,527000,47000,0,0,0,0,0,0,-18000,0,18000,-18000,0,0,0,29000
057550,聯發科凱基02購01,0,0,0,0,0,0,0,0,0,29000,0,0,0,29000,0,29000,29000
057222,鴻海國票99購04  ,0,0,0,0,0,0,0,0,0,29000,0,0,0,72000,43000,29000,29000
057770,亞德客群益98購01,0,0,0,0,0,0,0,0,0,29000,0,0,0,124000,95000,29000,29000
059576,臺股指凱基99購42,0,0,0,0,0,0,0,0,0,29000,0,0,0,59000,30000,29000,29000
056617,美律永豐98購01  ,0,0,0,0,0,0,0,0,0,29000,0,0,0,29000,0,29000,29000
058085,景碩群益9A購01  ,0,0,0,0,0,0,0,0,0,29000,0,0,0,29000,0,29000,29000
048633,台達電元大94購02,0,0,0,0,0,0,0,0,0,29000,0,0,0,88000,59000,29000,29000
056500,大立光富邦9B購02,0,0,0,0,0,0,0,0,0,29000,0,0,0,49000,20000,29000,29000
05573P,仁寶元富96售02  ,0,0,0,0,0,0,0,0,0,29000,0,0,0,43000,14000,29000,29000
053804,富邦金凱基96購01,0,0,0,0,0,0,0,0,0,29000,0,0,0,65000,36000,29000,29000
059300,國巨群益99購08  ,0,0,0,0,0,0,0,0,0,29000,0,0,0,29000,0,29000,29000
052454,力成元大95購02  ,0,0,0,0,0,0,0,0,0,29000,0,0,0,29000,0,29000,29000
056899,可成元大98購01  ,0,0,0,0,0,0,0,0,0,28000,0,0,0,43000,15000,28000,28000
058264,瑞昱永豐99購01  ,0,0,0,0,0,0,0,0,0,28000,0,0,0,92000,64000,28000,28000
059877,康控凱基99購05  ,0,0,0,0,0,0,0,0,0,28000,0,0,0,31000,3000,28000,28000
06074P,台積電凱基98售04,0,0,0,0,0,0,0,0,0,28000,0,0,0,38000,10000,28000,28000
059798,臺股指國票99購21,0,0,0,0,0,0,0,0,0,28000,0,0,0,38000,10000,28000,28000
059849,興勤永豐99購01  ,0,0,0,0,0,0,0,0,0,28000,0,0,0,28000,0,28000,28000
2038,海光            ,34000,6000,28000,0,0,0,0,0,0,0,0,0,0,0,0,0,28000
058907,健策元大99購04  ,0,0,0,0,0,0,0,0,0,28000,0,0,0,28000,0,28000,28000
053660,群創凱基98購08  ,0,0,0,0,0,0,0,0,0,28000,0,0,0,80000,52000,28000,28000
051361,泰鼎元大95購01  ,0,0,0,0,0,0,0,0,0,28000,0,0,0,28000,0,28000,28000
04899P,力成中信94售02  ,0,0,0,0,0,0,0,0,0,28000,0,0,0,30000,2000,28000,28000
050831,超眾凱基95購01  ,0,0,0,0,0,0,0,0,0,28000,0,0,0,63000,35000,28000,28000
8011,台通            ,69000,41000,28000,0,0,0,0,0,0,0,0,0,0,0,0,0,28000
2489,瑞軒            ,430000,382000,48000,0,0,0,0,0,0,-20000,0,20000,-20000,0,0,0,28000
1786,科妍            ,45000,18000,27000,0,0,0,0,0,0,0,2000,2000,0,0,0,0,27000
057465,智易永豐98購02  ,0,0,0,0,0,0,0,0,0,27000,0,0,0,27000,0,27000,27000
057507,貿聯國票98購02  ,0,0,0,0,0,0,0,0,0,27000,0,0,0,27000,0,27000,27000
06059P,泰碩元大97售02  ,0,0,0,0,0,0,0,0,0,27000,0,0,0,27000,0,27000,27000
059519,台郡永豐99購01  ,0,0,0,0,0,0,0,0,0,27000,0,0,0,98000,71000,27000,27000
058272,超眾永豐9A購01  ,0,0,0,0,0,0,0,0,0,27000,0,0,0,27000,0,27000,27000
056773,晶技元大99購03  ,0,0,0,0,0,0,0,0,0,27000,0,0,0,27000,0,27000,27000
056647,晶技凱基98購02  ,0,0,0,0,0,0,0,0,0,27000,0,0,0,27000,0,27000,27000
054129,技嘉元大96購02  ,0,0,0,0,0,0,0,0,0,27000,0,0,0,27000,0,27000,27000
053718,全新凱基97購02  ,0,0,0,0,0,0,0,0,0,27000,0,0,0,38000,11000,27000,27000
05307P,光寶科中信95售01,0,0,0,0,0,0,0,0,0,27000,0,0,0,27000,0,27000,27000
054755,世紀鋼凱基98購01,0,0,0,0,0,0,0,0,0,27000,0,0,0,87000,60000,27000,27000
056380,麗豐元富98購01  ,0,0,0,0,0,0,0,0,0,27000,0,0,0,128000,101000,27000,27000
05924P,超眾元富96售04  ,0,0,0,0,0,0,0,0,0,27000,0,0,0,27000,0,27000,27000
052747,京鼎元大97購01  ,0,0,0,0,0,0,0,0,0,27000,0,0,0,27000,0,27000,27000
6209,今國光          ,109000,82000,27000,0,0,0,0,0,0,0,0,0,0,0,0,0,27000
059642,健策凱基99購04  ,0,0,0,0,0,0,0,0,0,26000,0,0,0,26000,0,26000,26000
06035P,同欣電凱基96售03,0,0,0,0,0,0,0,0,0,26000,0,0,0,70000,44000,26000,26000
058462,台積電兆豐99購01,0,0,0,0,0,0,0,0,0,26000,0,0,0,46000,20000,26000,26000
057895,全新元富9B購01  ,0,0,0,0,0,0,0,0,0,26000,0,0,0,36000,10000,26000,26000
057230,建準凱基98購02  ,0,0,0,0,0,0,0,0,0,26000,0,0,0,36000,10000,26000,26000
059165,南亞科凱基99購04,0,0,0,0,0,0,0,0,0,26000,0,0,0,95000,69000,26000,26000
054953,華新科元大97購05,0,0,0,0,0,0,0,0,0,26000,0,0,0,26000,0,26000,26000
053126,健策凱基97購02  ,0,0,0,0,0,0,0,0,0,26000,0,0,0,26000,0,26000,26000
050250,台郡凱基94購03  ,0,0,0,0,0,0,0,0,0,26000,0,0,0,46000,20000,26000,26000
054357,可成兆豐97購02  ,0,0,0,0,0,0,0,0,0,26000,0,0,0,26000,0,26000,26000
051033,台積電兆豐95購03,0,0,0,0,0,0,0,0,0,26000,0,0,0,26000,0,26000,26000
048533,景碩國票94購01  ,0,0,0,0,0,0,0,0,0,26000,0,0,0,26000,0,26000,26000
05169P,玉晶光元大95售03,0,0,0,0,0,0,0,0,0,26000,0,0,0,26000,0,26000,26000
6668,中揚光          ,152000,126000,26000,0,0,0,50,0,50,-1000,0,1000,-1000,0,0,0,25050
057544,鴻海凱基02購01  ,0,0,0,0,0,0,0,0,0,25000,0,0,0,25000,0,25000,25000
058528,世紀鋼元大99購02,0,0,0,0,0,0,0,0,0,25000,0,0,0,25000,0,25000,25000
057194,南電元大98購01  ,0,0,0,0,0,0,0,0,0,25000,0,0,0,135000,110000,25000,25000
06021P,世紀鋼元富96售03,0,0,0,0,0,0,0,0,0,25000,0,0,0,25000,0,25000,25000
059840,鴻海富邦9A購02  ,0,0,0,0,0,0,0,0,0,25000,0,0,0,98000,73000,25000,25000
059660,華新科元大9A購04,0,0,0,0,0,0,0,0,0,25000,0,0,0,25000,0,25000,25000
056651,聯茂凱基98購04  ,0,0,0,0,0,0,0,0,0,25000,0,0,0,25000,0,25000,25000
056557,世紀鋼凱基98購02,0,0,0,0,0,0,0,0,0,25000,0,0,0,40000,15000,25000,25000
056733,國巨凱基98購10  ,0,0,0,0,0,0,0,0,0,25000,0,0,0,25000,0,25000,25000
058276,道瓊指中信9C購01,0,0,0,0,0,0,0,0,0,25000,0,0,0,25000,0,25000,25000
05817P,可成凱基96售07  ,0,0,0,0,0,0,0,0,0,25000,0,0,0,32000,7000,25000,25000
048388,華通國票94購01  ,0,0,0,0,0,0,0,0,0,25000,0,0,0,25000,0,25000,25000
04827P,國巨凱基94售09  ,0,0,0,0,0,0,0,0,0,25000,0,0,0,25000,0,25000,25000
00757,統一FANG+       ,0,0,0,0,0,0,0,0,0,25000,0,0,0,225000,200000,25000,25000
00674R,元大S&P黃金反1  ,0,0,0,0,0,0,0,0,0,25000,0,0,0,39000,14000,25000,25000
00709,富邦歐洲        ,0,49000,-49000,0,0,0,0,0,0,74000,0,0,0,174000,100000,74000,25000
046574,泰鼎國泰94購01  ,0,0,0,0,0,0,0,0,0,25000,0,0,0,25000,0,25000,25000
050571,美食中信95購01  ,0,0,0,0,0,0,0,0,0,25000,0,0,0,25000,0,25000,25000
049602,南電元大95購01  ,0,0,0,0,0,0,0,0,0,25000,0,0,0,25000,0,25000,25000
04949P,致新元大94售04  ,0,0,0,0,0,0,0,0,0,25000,0,0,0,25000,0,25000,25000
054215,創意國票97購02  ,0,0,0,0,0,0,0,0,0,25000,0,0,0,25000,0,25000,25000
054827,宏全元大9A購01  ,0,0,0,0,0,0,0,0,0,25000,0,0,0,25000,0,25000,25000
056197,友訊永豐97購01  ,0,0,0,0,0,0,0,0,0,25000,0,0,0,25000,0,25000,25000
056103,聯發科永豐97購03,0,0,0,0,0,0,0,0,0,25000,0,0,0,25000,0,25000,25000
059248,華新科凱基99購04,0,0,0,0,0,0,0,0,0,25000,0,0,0,25000,0,25000,25000
052756,國巨群益96購02  ,0,0,0,0,0,0,0,0,0,25000,0,0,0,25000,0,25000,25000
052692,滬深2X中信99購02,0,0,0,0,0,0,0,0,0,25000,0,0,0,25000,0,25000,25000
052647,晶技永豐97購01  ,0,0,0,0,0,0,0,0,0,25000,0,0,0,27000,2000,25000,25000
058173,台積電凱基99購04,0,0,0,0,0,0,0,0,0,24000,0,0,0,46000,22000,24000,24000
059382,台灣50凱基99購02,0,0,0,0,0,0,0,0,0,24000,0,0,0,24000,0,24000,24000
059673,玉山金元富99購01,0,0,0,0,0,0,0,0,0,24000,0,0,0,36000,12000,24000,24000
059543,可成亞東99購02  ,0,0,0,0,0,0,0,0,0,24000,0,0,0,30000,6000,24000,24000
059327,南茂元大99購01  ,0,0,0,0,0,0,0,0,0,24000,0,0,0,24000,0,24000,24000
057474,T50反1元大98購09,0,0,0,0,0,0,0,0,0,24000,0,0,0,26000,2000,24000,24000
1732,毛寶            ,107000,83000,24000,0,0,0,0,0,0,0,0,0,0,0,0,0,24000
1615,大山            ,24000,0,24000,0,0,0,0,0,0,0,0,0,0,0,0,0,24000
058919,SGBR2X元富99購05,0,0,0,0,0,0,0,0,0,24000,0,0,0,24000,0,24000,24000
055617,TPK國票98購04   ,0,0,0,0,0,0,0,0,0,24000,0,0,0,24000,0,24000,24000
054426,國泰金富邦97購02,0,0,0,0,0,0,0,0,0,24000,0,0,0,40000,16000,24000,24000
036630,玉山金台新99購01,0,0,0,0,0,0,0,0,0,24000,0,0,0,24000,0,24000,24000
04452P,超眾國泰95售01  ,0,0,0,0,0,0,0,0,0,24000,0,0,0,25000,1000,24000,24000
1451,年興            ,53575,30000,23575,0,0,0,0,0,0,0,0,0,0,0,0,0,23575
07249P,T50正2富邦03售02,0,0,0,0,0,0,0,0,0,23000,0,0,0,23000,0,23000,23000
1789,神隆            ,246000,223000,23000,0,0,0,0,0,0,0,0,0,0,0,0,0,23000
057524,旺宏元大99購04  ,0,0,0,0,0,0,0,0,0,23000,0,0,0,28000,5000,23000,23000
06142P,台虹康和97售02  ,0,0,0,0,0,0,0,0,0,23000,0,0,0,43000,20000,23000,23000
056902,大立光元大98購12,0,0,0,0,0,0,0,0,0,23000,0,0,0,23000,0,23000,23000
058051,同欣電元大98購03,0,0,0,0,0,0,0,0,0,23000,0,0,0,92000,69000,23000,23000
054166,日電貿凱基98購01,0,0,0,0,0,0,0,0,0,23000,0,0,0,23000,0,23000,23000
050988,廣達富邦95購01  ,0,0,0,0,0,0,0,0,0,23000,0,0,0,23000,0,23000,23000
056116,義隆群益97購02  ,0,0,0,0,0,0,0,0,0,23000,0,0,0,31000,8000,23000,23000
053464,喬山元大96購01  ,0,0,0,0,0,0,0,0,0,23000,0,0,0,23000,0,23000,23000
053400,緯穎中信9A購01  ,0,0,0,0,0,0,0,0,0,23000,0,0,0,23000,0,23000,23000
05917P,宏達電元大96售02,0,0,0,0,0,0,0,0,0,23000,0,0,0,23000,0,23000,23000
056390,台積電富邦9B購01,0,0,0,0,0,0,0,0,0,23000,0,0,0,63000,40000,23000,23000
055909,大成鋼凱基98購02,0,0,0,0,0,0,0,0,0,23000,0,0,0,23000,0,23000,23000
4576,大銀微系統      ,38000,15000,23000,0,0,0,0,0,0,0,0,0,0,0,0,0,23000
2702,華園            ,32000,9000,23000,0,0,0,0,0,0,0,0,0,0,0,0,0,23000
056570,旺宏元大98購07  ,0,0,0,0,0,0,0,0,0,22000,0,0,0,22000,0,22000,22000
058618,南電元大99購02  ,0,0,0,0,0,0,0,0,0,22000,0,0,0,86000,64000,22000,22000
058239,景碩元大99購03  ,0,0,0,0,0,0,0,0,0,22000,0,0,0,30000,8000,22000,22000
057184,群創元大98購05  ,0,0,0,0,0,0,0,0,0,22000,0,0,0,22000,0,22000,22000
059577,旺宏元富99購04  ,0,0,0,0,0,0,0,0,0,22000,0,0,0,25000,3000,22000,22000
059612,奇鋐永豐99購02  ,0,0,0,0,0,0,0,0,0,22000,0,0,0,22000,0,22000,22000
057366,智邦元大98購08  ,0,0,0,0,0,0,0,0,0,22000,0,0,0,45000,23000,22000,22000
057721,華擎元富98購02  ,0,0,0,0,0,0,0,0,0,22000,0,0,0,42000,20000,22000,22000
055460,華擎永豐97購01  ,0,0,0,0,0,0,0,0,0,22000,0,0,0,22000,0,22000,22000
052933,祥碩元大96購01  ,0,0,0,0,0,0,0,0,0,22000,0,0,0,22000,0,22000,22000
059293,宏達電元富9B購01,0,0,0,0,0,0,0,0,0,22000,0,0,0,24000,2000,22000,22000
059008,鈺齊元大99購03  ,0,0,0,0,0,0,0,0,0,22000,0,0,0,22000,0,22000,22000
058829,華新科永豐99購04,0,0,0,0,0,0,0,0,0,22000,0,0,0,22000,0,22000,22000
053309,泰鼎凱基96購03  ,0,0,0,0,0,0,0,0,0,22000,0,0,0,22000,0,22000,22000
053891,欣興群益98購01  ,0,0,0,0,0,0,0,0,0,22000,0,0,0,22000,0,22000,22000
054965,健策元大98購04  ,0,0,0,0,0,0,0,0,0,22000,0,0,0,22000,0,22000,22000
050530,台表科元大95購04,0,0,0,0,0,0,0,0,0,22000,0,0,0,22000,0,22000,22000
050544,聯發科凱基95購02,0,0,0,0,0,0,0,0,0,22000,0,0,0,22000,0,22000,22000
050724,國巨國票96購01  ,0,0,0,0,0,0,0,0,0,22000,0,0,0,22000,0,22000,22000
050854,世紀鋼國票97購01,0,0,0,0,0,0,0,0,0,22000,0,0,0,22000,0,22000,22000
04922P,日月光凱基94售02,0,0,0,0,0,0,0,0,0,22000,0,0,0,22000,0,22000,22000
051239,國巨元大96購02  ,0,0,0,0,0,0,0,0,0,22000,0,0,0,22000,0,22000,22000
047418,智邦富邦97購01  ,0,0,0,0,0,0,0,0,0,22000,0,0,0,22000,0,22000,22000
6504,南六            ,81000,63000,18000,0,0,0,0,0,0,4000,4000,0,4000,0,0,0,22000
6477,安集            ,26000,2000,24000,0,0,0,0,0,0,-2000,0,2000,-2000,0,0,0,22000
1537,廣隆            ,50000,29000,21000,0,0,0,0,0,0,0,0,0,0,0,0,0,21000
1457,宜進            ,75000,49000,26000,0,0,0,0,0,0,-5000,0,5000,-5000,0,0,0,21000
059232,台灣50凱基03購01,0,0,0,0,0,0,0,0,0,21000,0,0,0,22000,1000,21000,21000
059057,聯發科凱基99購10,0,0,0,0,0,0,0,0,0,21000,0,0,0,21000,0,21000,21000
04776P,聯發科凱基94售06,0,0,0,0,0,0,0,0,0,21000,0,0,0,21000,0,21000,21000
051789,嘉澤國票96購01  ,0,0,0,0,0,0,0,0,0,21000,0,0,0,21000,0,21000,21000
050523,義隆元大94購05  ,0,0,0,0,0,0,0,0,0,21000,0,0,0,21000,0,21000,21000
053987,宏碁亞東96購01  ,0,0,0,0,0,0,0,0,0,21000,0,0,0,21000,0,21000,21000
055830,上銀元大97購07  ,0,0,0,0,0,0,0,0,0,21000,0,0,0,21000,0,21000,21000
052743,華新科元大97購01,0,0,0,0,0,0,0,0,0,21000,0,0,0,21000,0,21000,21000
5285,界霖            ,41000,20000,21000,0,0,0,0,0,0,0,0,0,0,0,0,0,21000
5531,鄉林            ,165530,131000,34530,0,0,0,0,0,0,-14000,0,14000,-14000,0,0,0,20530
059015,華通元富99購02  ,0,0,0,0,0,0,0,0,0,20000,0,0,0,20000,0,20000,20000
059038,健策群益9A購02  ,0,0,0,0,0,0,0,0,0,20000,0,0,0,20000,0,20000,20000
056582,易華電元大98購01,0,0,0,0,0,0,0,0,0,20000,0,0,0,20000,0,20000,20000
058146,勤誠元大99購01  ,0,0,0,0,0,0,0,0,0,20000,0,0,0,20000,0,20000,20000
056762,亞德客元大98購01,0,0,0,0,0,0,0,0,0,20000,0,0,0,30000,10000,20000,20000
056819,奇力新永豐98購01,0,0,0,0,0,0,0,0,0,20000,0,0,0,20000,0,20000,20000
056966,嘉晶永豐98購01  ,0,0,0,0,0,0,0,0,0,20000,0,0,0,20000,0,20000,20000
056993,GIS兆豐99購01   ,0,0,0,0,0,0,0,0,0,20000,0,0,0,20000,0,20000,20000
058346,嘉晶群益99購01  ,0,0,0,0,0,0,0,0,0,20000,0,0,0,20000,0,20000,20000
058376,貿聯凱基9A購01  ,0,0,0,0,0,0,0,0,0,20000,0,0,0,20000,0,20000,20000
058401,華航元大9A購01  ,0,0,0,0,0,0,0,0,0,20000,0,0,0,20000,0,20000,20000
059414,台灣50元大9A購02,0,0,0,0,0,0,0,0,0,20000,0,0,0,28000,8000,20000,20000
059394,臺股指凱基99購40,0,0,0,0,0,0,0,0,0,20000,0,0,0,20000,0,20000,20000
05847P,大立光元大96售08,0,0,0,0,0,0,0,0,0,20000,0,0,0,20000,0,20000,20000
057171,台光電元大9B購01,0,0,0,0,0,0,0,0,0,20000,0,0,0,20000,0,20000,20000
058454,嘉晶永豐99購01  ,0,0,0,0,0,0,0,0,0,20000,0,0,0,20000,0,20000,20000
057070,美律永豐98購02  ,0,0,0,0,0,0,0,0,0,20000,0,0,0,20000,0,20000,20000
057692,臺股指凱基98購10,0,0,0,0,0,0,0,0,0,20000,0,0,0,20000,0,20000,20000
057731,華擎國泰9A購02  ,0,0,0,0,0,0,0,0,0,20000,0,0,0,251000,231000,20000,20000
057446,旺宏元富02購01  ,0,0,0,0,0,0,0,0,0,20000,0,0,0,20000,0,20000,20000
057932,美律群益98購04  ,0,0,0,0,0,0,0,0,0,20000,0,0,0,20000,0,20000,20000
057402,嘉晶群益98購02  ,0,0,0,0,0,0,0,0,0,20000,0,0,0,20000,0,20000,20000
057405,麗豐群益98購01  ,0,0,0,0,0,0,0,0,0,20000,0,0,0,20000,0,20000,20000
057504,技嘉麥證98購01  ,0,0,0,20000,0,20000,0,0,0,20000,0,0,0,20000,0,20000,20000
058551,義隆永豐99購03  ,0,0,0,0,0,0,0,0,0,20000,0,0,0,30000,10000,20000,20000
058552,欣興永豐99購01  ,0,0,0,0,0,0,0,0,0,20000,0,0,0,20000,0,20000,20000
06418P,T50反1統一9A售02,0,0,0,0,0,0,0,0,0,20000,0,0,0,20000,0,20000,20000
06899P,嘉澤群益98售01  ,0,0,0,0,0,0,0,0,0,20000,0,0,0,20000,0,20000,20000
06551P,貿聯元大98售05  ,0,0,0,0,0,0,0,0,0,20000,0,0,0,37000,17000,20000,20000
052672,世紀鋼群益96購02,0,0,0,0,0,0,0,0,0,20000,0,0,0,20000,0,20000,20000
055834,國巨元大97購13  ,0,0,0,0,0,0,0,0,0,20000,0,0,0,20000,0,20000,20000
055807,勤誠永豐97購01  ,0,0,0,0,0,0,0,0,0,20000,0,0,0,20000,0,20000,20000
052434,茂林國泰97購01  ,0,0,0,0,0,0,0,0,0,20000,0,0,0,20000,0,20000,20000
052619,茂林國泰99購01  ,0,0,0,0,0,0,0,0,0,20000,0,0,0,20000,0,20000,20000
052880,台積電凱基96購06,0,0,0,0,0,0,0,0,0,20000,0,0,0,20000,0,20000,20000
055195,昇陽半元富97購02,0,0,0,0,0,0,0,0,0,20000,0,0,0,20000,0,20000,20000
058705,長榮航元大99購01,0,0,0,0,0,0,0,0,0,20000,0,0,0,20000,0,20000,20000
059253,康控凱基9B購02  ,0,0,0,0,0,0,0,0,0,20000,0,0,0,68000,48000,20000,20000
055559,大立光凱基97購09,0,0,0,0,0,0,0,0,0,20000,0,0,0,20000,0,20000,20000
056546,致伸凱基98購01  ,0,0,0,0,0,0,0,0,0,20000,0,0,0,20000,0,20000,20000
054037,T50反1元大96購09,0,0,0,0,0,0,0,0,0,20000,0,0,0,20000,0,20000,20000
053858,台達電元大96購05,0,0,0,0,0,0,0,0,0,20000,0,0,0,20000,0,20000,20000
053849,聯發科元富96購04,0,0,0,0,0,0,0,0,0,20000,0,0,0,30000,10000,20000,20000
053353,玉晶光兆豐97購03,0,0,0,0,0,0,0,0,0,20000,0,0,0,20000,0,20000,20000
053397,國泰金中信96購01,0,0,0,0,0,0,0,0,0,20000,0,0,0,20000,0,20000,20000
053409,和碩兆豐96購02  ,0,0,0,0,0,0,0,0,0,20000,0,0,0,30000,10000,20000,20000
054804,南亞元大9A購01  ,0,0,0,0,0,0,0,0,0,20000,0,0,0,20000,0,20000,20000
054647,禾伸堂群益99購01,0,0,0,0,0,0,0,0,0,20000,0,0,0,20000,0,20000,20000
053258,上証2X群益9A購03,0,0,0,0,0,0,0,0,0,20000,0,0,0,20000,0,20000,20000
055018,緯穎元富97購02  ,0,0,0,0,0,0,0,0,0,20000,0,0,0,20000,0,20000,20000
053599,崇越元大96購01  ,0,0,0,0,0,0,0,0,0,20000,0,0,0,20000,0,20000,20000
055137,GIS富邦98購01   ,0,0,0,0,0,0,0,0,0,20000,0,0,0,20000,0,20000,20000
055657,超眾元富97購02  ,0,0,0,0,0,0,0,0,0,20000,0,0,0,20000,0,20000,20000
055666,鴻海群益97購05  ,0,0,0,0,0,0,0,0,0,20000,0,0,0,20000,0,20000,20000
056089,同欣電統一98購01,0,0,0,0,0,0,0,0,0,20000,0,0,0,20000,0,20000,20000
056165,矽力凱基98購02  ,0,0,0,0,0,0,0,0,0,20000,0,0,0,20000,0,20000,20000
055954,南港元大97購02  ,0,0,0,0,0,0,0,0,0,20000,0,0,0,34000,14000,20000,20000
056016,鴻海群益97購06  ,0,0,0,0,0,0,0,0,0,20000,0,0,0,20000,0,20000,20000
056032,勤誠康和97購03  ,0,0,0,0,0,0,0,0,0,20000,0,0,0,20000,0,20000,20000
056273,祥碩統一97購02  ,0,0,0,0,0,0,0,0,0,20000,0,0,0,20000,0,20000,20000
051630,力山國票96購01  ,0,0,0,0,0,0,0,0,0,20000,0,0,0,20000,0,20000,20000
049025,華擎群益94購01  ,0,0,0,0,0,0,0,0,0,20000,0,0,0,20000,0,20000,20000
049497,茂林元大94購04  ,0,0,0,0,0,0,0,0,0,20000,0,0,0,20000,0,20000,20000
049498,茂林元大95購01  ,0,0,0,0,0,0,0,0,0,20000,0,0,0,20000,0,20000,20000
049705,緯穎元大94購05  ,0,0,0,0,0,0,0,0,0,20000,0,0,0,20000,0,20000,20000
051249,潤泰全元大95購01,0,0,0,0,0,0,0,0,0,20000,0,0,0,25000,5000,20000,20000
051081,聯茂富邦96購01  ,0,0,0,0,0,0,0,0,0,20000,0,0,0,20000,0,20000,20000
050378,上証2X群益98購02,0,0,0,0,0,0,0,0,0,20000,0,0,0,20000,0,20000,20000
051152,鴻海國泰97購01  ,0,0,0,0,0,0,0,0,0,20000,0,0,0,20000,0,20000,20000
050220,台積電元富96購01,0,0,0,0,0,0,0,0,0,20000,0,0,0,20000,0,20000,20000
05406P,台光電凱基95售02,0,0,0,0,0,0,0,0,0,20000,0,0,0,20000,0,20000,20000
054522,康友元大96購07  ,0,0,0,0,0,0,0,0,0,20000,0,0,0,20000,0,20000,20000
054317,昇陽半凱基98購01,0,0,0,0,0,0,0,0,0,20000,0,0,0,20000,0,20000,20000
056494,緯創國泰99購01  ,0,0,0,0,0,0,0,0,0,20000,0,0,0,20000,0,20000,20000
056532,技嘉凱基98購01  ,0,0,0,0,0,0,0,0,0,20000,0,0,0,20000,0,20000,20000
054263,聯茂元大96購02  ,0,0,0,0,0,0,0,0,0,20000,0,0,0,20000,0,20000,20000
051688,大立光凱基97購02,0,0,0,0,0,0,0,0,0,20000,0,0,0,20000,0,20000,20000
045162,玉晶光國泰94購04,0,0,0,0,0,0,0,0,0,20000,0,0,0,20000,0,20000,20000
051961,泰碩永豐95購01  ,0,0,0,0,0,0,0,0,0,20000,0,0,0,20000,0,20000,20000
051997,康友元大95購02  ,0,0,0,0,0,0,0,0,0,20000,0,0,0,20000,0,20000,20000
051983,道瓊反元大95購01,0,0,0,0,0,0,0,0,0,20000,0,0,0,20000,0,20000,20000
052043,瑞昱日盛95購01  ,0,0,0,0,0,0,0,0,0,20000,0,0,0,20000,0,20000,20000
051839,和鑫國泰96購01  ,0,0,0,0,0,0,0,0,0,20000,0,0,0,20000,0,20000,20000
051840,康友國泰97購02  ,0,0,0,0,0,0,0,0,0,20000,0,0,0,20000,0,20000,20000
051888,國巨元富95購05  ,0,0,0,0,0,0,0,0,0,20000,0,0,0,20000,0,20000,20000
051882,潤泰全永豐95購01,0,0,0,0,0,0,0,0,0,20000,0,0,0,20000,0,20000,20000
052227,瑞昱凱基95購05  ,0,0,0,0,0,0,0,0,0,20000,0,0,0,20000,0,20000,20000
048937,玉晶光永豐95購01,0,0,0,0,0,0,0,0,0,20000,0,0,0,20000,0,20000,20000
048939,華擎永豐94購01  ,0,0,0,0,0,0,0,0,0,20000,0,0,0,20000,0,20000,20000
048859,玉晶光群益96購02,0,0,0,0,0,0,0,0,0,20000,0,0,0,57000,37000,20000,20000
052151,義隆富邦96購01  ,0,0,0,0,0,0,0,0,0,20000,0,0,0,20000,0,20000,20000
047421,聯茂富邦97購01  ,0,0,0,0,0,0,0,0,0,20000,0,0,0,50000,30000,20000,20000
047193,南電元大94購02  ,0,0,0,0,0,0,0,0,0,20000,0,0,0,20000,0,20000,20000
046927,上銀富邦95購01  ,0,0,0,0,0,0,0,0,0,20000,0,0,0,20000,0,20000,20000
04838P,宏達電元大95售02,0,0,0,0,0,0,0,0,0,20000,0,0,0,23000,3000,20000,20000
048832,玉晶光凱基95購02,0,0,0,0,0,0,0,0,0,20000,0,0,0,20000,0,20000,20000
8481,政伸            ,22000,2000,20000,0,0,0,0,0,0,0,0,0,0,0,0,0,20000
1321,大洋            ,36000,19000,17000,0,0,0,2037,0,2037,0,0,0,0,0,0,0,19037
1467,南緯            ,23000,4000,19000,0,0,0,0,0,0,0,0,0,0,0,0,0,19000
057301,嘉聯益永豐98購02,0,0,0,0,0,0,0,0,0,19000,0,0,0,19000,0,19000,19000
058501,S&P正2元大99購01,0,0,0,0,0,0,0,0,0,19000,0,0,0,19000,0,19000,19000
059405,台灣50國票01購01,0,0,0,0,0,0,0,0,0,19000,0,0,0,54000,35000,19000,19000
059930,健策富邦9B購01  ,0,0,0,0,0,0,0,0,0,19000,0,0,0,40000,21000,19000,19000
059363,超眾永豐99購02  ,0,0,0,0,0,0,0,0,0,19000,0,0,0,90000,71000,19000,19000
04344P,台達電國泰94售01,0,0,0,0,0,0,0,0,0,19000,0,0,0,19000,0,19000,19000
04797P,華新科元大94售04,0,90000,-90000,0,0,0,0,0,0,109000,0,0,0,121000,12000,109000,19000
0051,元大中型100     ,0,0,0,0,0,0,0,0,0,19000,0,0,0,19000,0,19000,19000
048909,聯詠富邦94購01  ,0,0,0,0,0,0,0,0,0,19000,0,0,0,19000,0,19000,19000
03669C,滬深2X元富09牛01,0,0,0,0,0,0,0,0,0,19000,0,0,0,79000,60000,19000,19000
051452,貿聯元大95購04  ,0,0,0,0,0,0,0,0,0,19000,0,0,0,19000,0,19000,19000
055525,國巨群益98購05  ,0,0,0,0,0,0,0,0,0,19000,0,0,0,19000,0,19000,19000
3050,鈺德            ,35000,16000,19000,0,0,0,0,0,0,0,0,0,0,0,0,0,19000
058333,鴻海元富99購04  ,0,0,0,0,0,0,0,0,0,18000,0,0,0,118000,100000,18000,18000
056637,台光電日盛9A購01,0,0,0,0,0,0,0,0,0,18000,0,0,0,18000,0,18000,18000
059451,國巨永豐99購05  ,0,0,0,0,0,0,0,0,0,18000,0,0,0,20000,2000,18000,18000
057075,嘉聯益永豐98購01,0,0,0,0,0,0,0,0,0,18000,0,0,0,18000,0,18000,18000
1464,得力            ,160000,138000,22000,0,0,0,0,0,0,-4000,3000,7000,-4000,0,0,0,18000
1340,勝悅-KY         ,27000,9000,18000,0,0,0,0,0,0,0,0,0,0,0,0,0,18000
055288,日電貿元大97購02,0,0,0,0,0,0,0,0,0,18000,0,0,0,18000,0,18000,18000
055476,台郡凱基97購02  ,0,0,0,0,0,0,0,0,0,18000,0,0,0,18000,0,18000,18000
053033,智易兆豐97購01  ,0,0,0,0,0,0,0,0,0,18000,0,0,0,18000,0,18000,18000
056356,台積電元大99購01,0,0,0,0,0,0,0,0,0,18000,0,0,0,18000,0,18000,18000
055683,晶技凱基99購01  ,0,0,0,0,0,0,0,0,0,18000,0,0,0,18000,0,18000,18000
055127,台虹兆豐97購01  ,0,0,0,0,0,0,0,0,0,18000,0,0,0,18000,0,18000,18000
05464P,華通康和95售02  ,0,0,0,0,0,0,0,0,0,18000,0,0,0,50000,32000,18000,18000
053728,茂林凱基97購01  ,0,0,0,0,0,0,0,0,0,18000,0,0,0,18000,0,18000,18000
049721,晶技凱基94購02  ,0,0,0,0,0,0,0,0,0,18000,0,0,0,18000,0,18000,18000
00714,群益道瓊美國地產,0,0,0,0,0,0,0,0,0,18000,0,0,0,29000,11000,18000,18000
048733,台勝科麥證95購02,0,0,0,34000,16000,18000,0,0,0,18000,0,0,0,34000,16000,18000,18000
048333,大立光富邦95購01,0,0,0,0,0,0,0,0,0,18000,0,0,0,18000,0,18000,18000
1234,黑松            ,23000,6000,17000,0,0,0,0,0,0,0,0,0,0,0,0,0,17000
1473,台南            ,22000,5000,17000,0,0,0,0,0,0,0,0,0,0,0,0,0,17000
2397,友通            ,28000,11000,17000,0,0,0,0,0,0,0,0,0,0,0,0,0,17000
06383P,聯茂元富97售01  ,0,0,0,0,0,0,0,0,0,17000,0,0,0,17000,0,17000,17000
057873,義隆元大98購03  ,0,0,0,0,0,0,0,0,0,17000,0,0,0,56000,39000,17000,17000
057071,華擎永豐98購02  ,0,0,0,0,0,0,0,0,0,17000,0,0,0,17000,0,17000,17000
059864,亞德客凱基99購01,0,0,0,0,0,0,0,0,0,17000,0,0,0,21000,4000,17000,17000
059548,台積電群益99購10,0,0,0,0,0,0,0,0,0,17000,0,0,0,17000,0,17000,17000
059633,聯發科凱基9A購07,0,0,0,0,0,0,0,0,0,17000,0,0,0,48000,31000,17000,17000
056599,臻鼎元富98購01  ,0,0,0,0,0,0,0,0,0,17000,0,0,0,17000,0,17000,17000
056711,亞光永豐98購01  ,0,0,0,0,0,0,0,0,0,17000,0,0,0,22000,5000,17000,17000
056910,超眾元大99購02  ,0,0,0,0,0,0,0,0,0,17000,0,0,0,17000,0,17000,17000
051927,國巨中信96購01  ,0,0,0,0,0,0,0,0,0,17000,0,0,0,17000,0,17000,17000
052381,臺股指元大95購22,0,0,0,0,0,0,0,0,0,17000,0,0,0,20000,3000,17000,17000
051580,宏碁元大95購02  ,0,0,0,0,0,0,0,0,0,17000,0,0,0,17000,0,17000,17000
056464,臺股指凱基99購06,0,0,0,0,0,0,0,0,0,17000,0,0,0,17000,0,17000,17000
054756,世紀鋼凱基99購01,0,0,0,0,0,0,0,0,0,17000,0,0,0,17000,0,17000,17000
053089,貿聯元大97購02  ,0,0,0,0,0,0,0,0,0,17000,0,0,0,17000,0,17000,17000
055596,新光金元大9B購02,0,0,0,0,0,0,0,0,0,17000,0,0,0,47000,30000,17000,17000
055714,智邦元大97購03  ,0,0,0,0,0,0,0,0,0,17000,0,0,0,71000,54000,17000,17000
056310,神達元大97購02  ,0,0,0,0,0,0,0,0,0,17000,0,0,0,17000,0,17000,17000
055215,智邦凱基98購02  ,0,0,0,0,0,0,0,0,0,17000,0,0,0,17000,0,17000,17000
059161,鴻海凱基9A購09  ,0,0,0,0,0,0,0,0,0,17000,0,0,0,154000,137000,17000,17000
058738,FBVIX中信03購04 ,0,0,0,0,0,0,0,0,0,17000,0,0,0,18000,1000,17000,17000
2882B,國泰金乙特      ,0,250,-250,0,0,0,0,0,0,17000,17000,0,17000,0,0,0,16750
059236,鴻海凱基99購09  ,0,0,0,0,0,0,0,0,0,16000,0,0,0,30000,14000,16000,16000
058558,鴻海日盛9A購02  ,0,0,0,0,0,0,0,0,0,16000,0,0,0,550000,534000,16000,16000
058077,超眾凱基98購02  ,0,0,0,0,0,0,0,0,0,16000,0,0,0,86000,70000,16000,16000
058580,華新科群益99購02,0,0,0,0,0,0,0,0,0,16000,0,0,0,16000,0,16000,16000
058081,技嘉群益9A購03  ,0,0,0,0,0,0,0,0,0,16000,0,0,0,16000,0,16000,16000
059032,元石油群益9C購03,0,0,0,0,0,0,0,0,0,16000,0,0,0,16000,0,16000,16000
059093,旭富元大99購01  ,0,0,0,0,0,0,0,0,0,16000,0,0,0,26000,10000,16000,16000
059666,台表科元大9B購01,0,0,0,0,0,0,0,0,0,16000,0,0,0,22000,6000,16000,16000
059723,美律元大9A購02  ,0,0,0,0,0,0,0,0,0,16000,0,0,0,16000,0,16000,16000
059570,全新凱基99購04  ,0,0,0,0,0,0,0,0,0,16000,0,0,0,16000,0,16000,16000
06150P,奇力新元大97售06,0,0,0,0,0,0,0,0,0,16000,0,0,0,90000,74000,16000,16000
057826,祥碩元大98購08  ,0,0,0,0,0,0,0,0,0,16000,0,0,0,324000,308000,16000,16000
057972,群創富邦9C購01  ,0,0,0,0,0,0,0,0,0,16000,0,0,0,16000,0,16000,16000
057648,和碩元大98購01  ,0,0,0,0,0,0,0,0,0,16000,0,0,0,16000,0,16000,16000
2302,麗正            ,20000,4000,16000,0,0,0,0,0,0,0,0,0,0,0,0,0,16000
1734,杏輝            ,34000,18000,16000,0,0,0,0,0,0,0,0,0,0,0,0,0,16000
059119,華擎永豐99購02  ,0,0,0,0,0,0,0,0,0,16000,0,0,0,16000,0,16000,16000
05281P,南亞科元大95售03,0,0,0,0,0,0,0,0,0,16000,0,0,0,116000,100000,16000,16000
055399,超眾統一99購01  ,0,0,0,0,0,0,0,0,0,16000,0,0,0,16000,0,16000,16000
052481,利勤群益95購01  ,0,0,0,0,0,0,0,0,0,16000,0,0,0,16000,0,16000,16000
054770,健策國票98購01  ,0,0,0,0,0,0,0,0,0,16000,0,0,0,16000,0,16000,16000
053818,富邦金群益98購01,0,0,0,0,0,0,0,0,0,16000,0,0,0,121000,105000,16000,16000
050150,國巨群益95購01  ,0,0,0,0,0,0,0,0,0,16000,0,0,0,16000,0,16000,16000
050383,超眾兆豐95購01  ,0,0,0,0,0,0,0,0,0,16000,0,0,0,16000,0,16000,16000
051014,智邦凱基95購01  ,0,0,0,0,0,0,0,0,0,16000,0,0,0,16000,0,16000,16000
050846,緯創國票96購01  ,0,0,0,0,0,0,0,0,0,16000,0,0,0,54000,38000,16000,16000
051807,瑞昱凱基95購03  ,0,0,0,0,0,0,0,0,0,16000,0,0,0,85000,69000,16000,16000
052220,T50反1凱基98購01,0,0,0,0,0,0,0,0,0,16000,0,0,0,20000,4000,16000,16000
04177P,富邦金元大94售01,0,0,0,0,0,0,0,0,0,16000,0,0,0,16000,0,16000,16000
2499,東貝            ,273000,257000,16000,0,0,0,0,0,0,0,0,0,0,0,0,0,16000
2013,中鋼構          ,48000,30000,18000,0,0,0,0,0,0,-3000,0,3000,-3000,0,0,0,15000
1225,福懋油          ,40000,22000,18000,0,0,0,0,0,0,-3000,0,3000,-3000,0,0,0,15000
07225P,台積電元大99售33,0,0,0,0,0,0,0,0,0,15000,0,0,0,15000,0,15000,15000
07226P,貿聯富邦9B售01  ,0,0,0,0,0,0,0,0,0,15000,0,0,0,15000,0,15000,15000
07159P,台積電永豐99售04,0,0,0,0,0,0,0,0,0,15000,0,0,0,15000,0,15000,15000
057713,美律統一99購01  ,0,0,0,0,0,0,0,0,0,15000,0,0,0,15000,0,15000,15000
057961,茂林元大9A購01  ,0,0,0,0,0,0,0,0,0,15000,0,0,0,45000,30000,15000,15000
057537,聯茂元大98購04  ,0,0,0,0,0,0,0,0,0,15000,0,0,0,15000,0,15000,15000
057143,台郡兆豐98購01  ,0,0,0,0,0,0,0,0,0,15000,0,0,0,15000,0,15000,15000
058491,滬深2X群益01購01,0,0,0,0,0,0,0,0,0,15000,0,0,0,15000,0,15000,15000
059440,康控元大9B購01  ,0,0,0,0,0,0,0,0,0,15000,0,0,0,89000,74000,15000,15000
059754,訊芯群益9A購01  ,0,0,0,0,0,0,0,0,0,15000,0,0,0,15000,0,15000,15000
058052,南電元大98購02  ,0,0,0,0,0,0,0,0,0,15000,0,0,0,15000,0,15000,15000
058612,健策元大99購02  ,0,0,0,0,0,0,0,0,0,15000,0,0,0,15000,0,15000,15000
059187,國巨富邦9B購02  ,0,0,0,0,0,0,0,0,0,15000,0,0,0,15000,0,15000,15000
058296,明泰凱基99購01  ,0,0,0,0,0,0,0,0,0,15000,0,0,0,15000,0,15000,15000
058286,道瓊指國票9B購01,0,0,0,0,0,0,0,0,0,15000,0,0,0,15000,0,15000,15000
058410,國巨兆豐99購03  ,0,0,0,0,0,0,0,0,0,15000,0,0,0,15000,0,15000,15000
059466,國巨元大99購26  ,0,0,0,0,0,0,0,0,0,15000,0,0,0,19000,4000,15000,15000
045071,奇力新元大94購01,0,0,0,0,0,0,0,0,0,15000,0,0,0,15000,0,15000,15000
052224,楠梓電凱基97購01,0,0,0,0,0,0,0,0,0,15000,0,0,0,15000,0,15000,15000
052279,旺宏凱基95購07  ,0,0,0,0,0,0,0,0,0,15000,0,0,0,20000,5000,15000,15000
051805,元黃金凱基97購02,0,0,0,0,0,0,0,0,0,15000,0,0,0,15000,0,15000,15000
04794P,友達元大96售03  ,0,0,0,0,0,0,0,0,0,15000,0,0,0,15000,0,15000,15000
05096P,台積電日盛95售01,0,0,0,0,0,0,0,0,0,15000,0,0,0,15000,0,15000,15000
049406,T50反1日盛97購01,0,0,0,0,0,0,0,0,0,15000,0,0,0,15000,0,15000,15000
04925P,和碩元大94售03  ,0,0,0,0,0,0,0,0,0,15000,0,0,0,15000,0,15000,15000
049795,華通元大96購02  ,0,0,0,0,0,0,0,0,0,15000,0,0,0,15000,0,15000,15000
051254,健策元大96購04  ,0,0,0,0,0,0,0,0,0,15000,0,0,0,15000,0,15000,15000
05443P,宏達電元大95售05,0,0,0,0,0,0,0,0,0,15000,0,0,0,60000,45000,15000,15000
053806,鎧勝凱基96購02  ,0,0,0,0,0,0,0,0,0,15000,0,0,0,15000,0,15000,15000
053784,奇力新元大97購02,0,0,0,0,0,0,0,0,0,15000,0,0,0,15000,0,15000,15000
053383,京元電元大97購01,0,0,0,0,0,0,0,0,0,15000,0,0,0,73000,58000,15000,15000
054053,聯茂元大96購01  ,0,0,0,0,0,0,0,0,0,15000,0,0,0,15000,0,15000,15000
054056,華新科國票96購02,0,0,0,0,0,0,0,0,0,15000,0,0,0,15000,0,15000,15000
053491,鴻海兆豐97購02  ,0,0,0,0,0,0,0,0,0,15000,0,0,0,15000,0,15000,15000
054876,群電群益97購02  ,0,0,0,0,0,0,0,0,0,15000,0,0,0,15000,0,15000,15000
053154,聯詠元大96購01  ,0,0,0,0,0,0,0,0,0,15000,0,0,0,15000,0,15000,15000
053216,京鼎凱基96購02  ,0,0,0,0,0,0,0,0,0,15000,0,0,0,15000,0,15000,15000
056385,創意國泰99購01  ,0,0,0,0,0,0,0,0,0,15000,0,0,0,15000,0,15000,15000
055710,亞德客元大97購03,0,0,0,0,0,0,0,0,0,15000,0,0,0,15000,0,15000,15000
053503,臻鼎兆豐97購01  ,0,0,0,0,0,0,0,0,0,15000,0,0,0,15000,0,15000,15000
055773,瑞昱凱基97購03  ,0,0,0,0,0,0,0,0,0,15000,0,0,0,15000,0,15000,15000
055369,友訊元大97購01  ,0,0,0,0,0,0,0,0,0,15000,0,0,0,15000,0,15000,15000
055407,祥碩國泰98購01  ,0,0,0,0,0,0,0,0,0,15000,0,0,0,30000,15000,15000,15000
052876,GIS凱基96購03   ,0,0,0,0,0,0,0,0,0,15000,0,0,0,15000,0,15000,15000
059162,國巨凱基99購12  ,0,0,0,0,0,0,0,0,0,15000,0,0,0,15000,0,15000,15000
4566,時碩工業        ,37000,22000,15000,0,0,0,0,0,0,0,0,0,0,0,0,0,15000
058130,瑞昱元大99購01  ,0,0,0,0,0,0,0,0,0,14000,0,0,0,14000,0,14000,14000
059678,鴻海國泰9A購03  ,0,0,0,0,0,0,0,0,0,14000,0,0,0,19000,5000,14000,14000
058427,大毅元富99購01  ,0,0,0,0,0,0,0,0,0,14000,0,0,0,120000,106000,14000,14000
06434P,超眾群益98售02  ,0,0,0,0,0,0,0,0,0,14000,0,0,0,14000,0,14000,14000
058545,義隆富邦9C購01  ,0,0,0,0,0,0,0,0,0,14000,0,0,0,14000,0,14000,14000
057641,旺宏元大98購10  ,0,0,0,0,0,0,0,0,0,14000,0,0,0,14000,0,14000,14000
1436,華友聯          ,19000,5000,14000,0,0,0,0,0,0,0,0,0,0,0,0,0,14000
2425,承啟            ,54000,48000,6000,0,0,0,0,0,0,8000,11000,3000,8000,0,0,0,14000
059290,全新元富99購01  ,0,0,0,0,0,0,0,0,0,14000,0,0,0,109000,95000,14000,14000
056262,台積電統一98購04,0,0,0,0,0,0,0,0,0,14000,0,0,0,14000,0,14000,14000
054029,瀚宇博凱基96購02,0,0,0,0,0,0,0,0,0,14000,0,0,0,14000,0,14000,14000
053697,臻鼎元大96購02  ,0,0,0,0,0,0,0,0,0,14000,0,0,0,14000,0,14000,14000
054332,世芯永豐97購01  ,0,0,0,0,0,0,0,0,0,14000,0,0,0,14000,0,14000,14000
054085,華新科統一96購04,0,0,0,0,0,0,0,0,0,14000,0,0,0,14000,0,14000,14000
049501,台郡元大95購01  ,0,0,0,0,0,0,0,0,0,14000,0,0,0,14000,0,14000,14000
00636,國泰中國A50     ,114000,5000,109000,0,0,0,0,0,0,-95000,20000,40000,-20000,781000,856000,-75000,14000
04634P,臺股指群益94售09,0,0,0,0,0,0,0,0,0,14000,0,0,0,29000,15000,14000,14000
051756,台積電元大97購04,0,0,0,0,0,0,0,0,0,14000,0,0,0,14000,0,14000,14000
6189,豐藝            ,91000,52000,39000,0,0,0,0,0,0,-25000,0,25000,-25000,0,0,0,14000
1231,聯華食          ,92600,79140,13460,0,0,0,0,0,0,0,0,0,0,0,0,0,13460
1626,艾美特-KY       ,24000,17000,7000,0,0,0,0,0,0,6000,6000,0,6000,0,0,0,13000
057478,智邦元大99購01  ,0,0,0,0,0,0,0,0,0,13000,0,0,0,13000,0,13000,13000
057421,智原凱基98購04  ,0,0,0,0,0,0,0,0,0,13000,0,0,0,13000,0,13000,13000
06684P,緯穎元大98售06  ,0,0,0,0,0,0,0,0,0,13000,0,0,0,23000,10000,13000,13000
059703,旺宏凱基99購11  ,0,0,0,0,0,0,0,0,0,13000,0,0,0,15000,2000,13000,13000
059634,可成凱基99購07  ,0,0,0,0,0,0,0,0,0,13000,0,0,0,13000,0,13000,13000
059599,健策元大9B購02  ,0,0,0,0,0,0,0,0,0,13000,0,0,0,19000,6000,13000,13000
059586,上銀元大9A購02  ,0,0,0,0,0,0,0,0,0,13000,0,0,0,13000,0,13000,13000
059339,上銀凱基99購06  ,0,0,0,0,0,0,0,0,0,13000,0,0,0,13000,0,13000,13000
059049,元油2X凱基9A購12,0,0,0,0,0,0,0,0,0,13000,0,0,0,13000,0,13000,13000
059583,台灣50元大01購10,0,0,0,0,0,0,0,0,0,13000,0,0,0,13000,0,13000,13000
00703,台新MSCI中國    ,0,3000,-3000,0,0,0,0,0,0,16000,0,0,0,70000,54000,16000,13000
047098,大毅國泰94購01  ,0,0,0,0,0,0,0,0,0,13000,0,0,0,13000,0,13000,13000
051577,台積電元大97購03,0,0,0,0,0,0,0,0,0,13000,0,0,0,13000,0,13000,13000
051087,國巨元大97購01  ,0,0,0,0,0,0,0,0,0,13000,0,0,0,13000,0,13000,13000
05492P,聯茂元大95售02  ,0,0,0,0,0,0,0,0,0,13000,0,0,0,13000,0,13000,13000
055934,景碩群益98購03  ,0,0,0,0,0,0,0,0,0,13000,0,0,0,13000,0,13000,13000
056145,緯穎元大98購03  ,0,0,0,0,0,0,0,0,0,13000,0,0,0,13000,0,13000,13000
056141,聯茂元大97購05  ,0,0,0,0,0,0,0,0,0,13000,0,0,0,14000,1000,13000,13000
053537,玉晶光永豐98購02,0,0,0,0,0,0,0,0,0,13000,0,0,0,13000,0,13000,13000
055732,全新元富9A購01  ,0,0,0,0,0,0,0,0,0,13000,0,0,0,30000,17000,13000,13000
059276,可成元大99購06  ,0,0,0,0,0,0,0,0,0,13000,0,0,0,63000,50000,13000,13000
059121,瑞儀永豐99購01  ,0,0,0,0,0,0,0,0,0,13000,0,0,0,13000,0,13000,13000
052792,大立光兆豐96購01,0,0,0,0,0,0,0,0,0,13000,0,0,0,13000,0,13000,13000
056367,祥碩元大98購01  ,0,0,0,0,0,0,0,0,0,13000,0,0,0,13000,0,13000,13000
056399,上証2X群益9C購01,0,0,0,0,0,0,0,0,0,13000,0,0,0,13000,0,13000,13000
3010,華立            ,81000,68000,13000,0,0,0,0,0,0,0,0,0,0,0,0,0,13000
056851,瑞儀元富98購01  ,0,0,0,0,0,0,0,0,0,12000,0,0,0,12000,0,12000,12000
056916,台達電兆豐98購02,0,0,0,0,0,0,0,0,0,12000,0,0,0,22000,10000,12000,12000
058524,超眾元大99購04  ,0,0,0,0,0,0,0,0,0,12000,0,0,0,12000,0,12000,12000
057917,台積電凱基98購17,0,0,0,0,0,0,0,0,0,12000,0,0,0,12000,0,12000,12000
057567,嘉聯益富邦9A購01,0,0,0,0,0,0,0,0,0,12000,0,0,0,12000,0,12000,12000
1762,中化生          ,65000,53000,12000,0,0,0,0,0,0,0,0,0,0,0,0,0,12000
07248P,可成凱基99售06  ,0,0,0,0,0,0,0,0,0,12000,0,0,0,12000,0,12000,12000
07268P,臺股指元大99售24,0,0,0,0,0,0,0,0,0,12000,0,0,0,12000,0,12000,12000
052714,義隆凱基96購02  ,0,0,0,0,0,0,0,0,0,12000,0,0,0,12000,0,12000,12000
055161,貿聯元大98購03  ,0,0,0,0,0,0,0,0,0,12000,0,0,0,12000,0,12000,12000
055040,台虹富邦99購01  ,0,0,0,0,0,0,0,0,0,12000,0,0,0,12000,0,12000,12000
056387,智伸科國泰99購01,0,0,0,0,0,0,0,0,0,12000,0,0,0,12000,0,12000,12000
056173,廣達元富97購01  ,0,0,0,0,0,0,0,0,0,12000,0,0,0,12000,0,12000,12000
053729,聯茂凱基96購05  ,0,0,0,0,0,0,0,0,0,12000,0,0,0,16000,4000,12000,12000
054257,揚明光元大96購02,0,0,0,0,0,0,0,0,0,12000,0,0,0,12000,0,12000,12000
052371,元金2X元大95購01,0,0,0,0,0,0,0,0,0,12000,0,0,0,12000,0,12000,12000
047402,T50反1統一94購03,0,0,0,0,0,0,0,0,0,12000,0,0,0,12000,0,12000,12000
00865B,國泰US短期公債  ,0,0,0,0,0,0,0,0,0,12000,0,0,0,12000,0,12000,12000
044088,國巨元富95購01  ,0,0,0,0,0,0,0,0,0,12000,0,0,0,12000,0,12000,12000
2881B,富邦金乙特      ,0,0,0,0,0,0,0,0,0,12000,12000,0,12000,0,0,0,12000
4720,德淵            ,17000,0,17000,0,0,0,0,0,0,-5000,0,5000,-5000,0,0,0,12000
8463,潤泰材          ,74000,62000,12000,0,0,0,0,0,0,0,0,0,0,0,0,0,12000
9925,新保            ,54000,42000,12000,0,0,0,0,0,0,0,0,0,0,0,0,0,12000
07327P,台灣50群益9A售06,0,0,0,0,0,0,0,0,0,11000,0,0,0,11000,0,11000,11000
057919,技嘉凱基98購03  ,0,0,0,0,0,0,0,0,0,11000,0,0,0,11000,0,11000,11000
057819,新日興元大99購01,0,0,0,0,0,0,0,0,0,11000,0,0,0,11000,0,11000,11000
06619P,聯發科元大98售06,0,0,0,0,0,0,0,0,0,11000,0,0,0,11000,0,11000,11000
06913P,聯發科元大98售14,0,0,0,0,0,0,0,0,0,11000,0,0,0,11000,0,11000,11000
057428,正崴兆豐98購01  ,0,0,0,0,0,0,0,0,0,11000,0,0,0,11000,0,11000,11000
058167,鴻海凱基9A購03  ,0,0,0,0,0,0,0,0,0,11000,0,0,0,108000,97000,11000,11000
058334,鴻海元富99購05  ,0,0,0,0,0,0,0,0,0,11000,0,0,0,109000,98000,11000,11000
05934P,國巨凱基96售13  ,0,0,0,0,0,0,0,0,0,11000,0,0,0,11000,0,11000,11000
058650,台虹永豐9A購01  ,0,0,0,0,0,0,0,0,0,11000,0,0,0,11000,0,11000,11000
059657,華通元大99購09  ,0,0,0,0,0,0,0,0,0,11000,0,0,0,95000,84000,11000,11000
059427,國巨元大99購24  ,0,0,0,0,0,0,0,0,0,11000,0,0,0,11000,0,11000,11000
059429,台積電元大99購35,0,0,0,0,0,0,0,0,0,11000,0,0,0,126000,115000,11000,11000
059544,創意亞東99購01  ,0,0,0,0,0,0,0,0,0,11000,0,0,0,17000,6000,11000,11000
058484,元金2X國票04購01,0,0,0,0,0,0,0,0,0,11000,0,0,0,11000,0,11000,11000
057043,台積電元大99購02,0,0,0,0,0,0,0,0,0,11000,0,0,0,11000,0,11000,11000
051903,T50反1元大97購02,0,0,0,0,0,0,0,0,0,11000,0,0,0,11000,0,11000,11000
052022,南電永豐95購03  ,0,0,0,0,0,0,0,0,0,11000,0,0,0,11000,0,11000,11000
00675L,富邦臺灣加權正2 ,0,0,0,0,0,0,0,0,0,11000,0,0,0,484000,473000,11000,11000
048707,南電國票95購01  ,0,0,0,0,0,0,0,0,0,11000,0,0,0,191000,180000,11000,11000
050992,台積電元大97購01,0,0,0,0,0,0,0,0,0,11000,0,0,0,35000,24000,11000,11000
054299,南電元大96購03  ,0,0,0,0,0,0,0,0,0,11000,0,0,0,422000,411000,11000,11000
053852,南亞科國泰98購01,0,0,0,0,0,0,0,0,0,11000,0,0,0,11000,0,11000,11000
056080,世紀鋼元大97購03,0,0,0,0,0,0,0,0,0,11000,0,0,0,11000,0,11000,11000
055813,聯發科國票98購04,0,0,0,0,0,0,0,0,0,11000,0,0,0,12000,1000,11000,11000
052421,元油反國票9B購01,0,0,0,0,0,0,0,0,0,11000,0,0,0,11000,0,11000,11000
052923,台積電永豐96購02,0,0,0,0,0,0,0,0,0,11000,0,0,0,11000,0,11000,11000
059272,台灣50元大99購01,0,0,0,0,0,0,0,0,0,11000,0,0,0,12000,1000,11000,11000
2539,櫻花建          ,20000,9000,11000,0,0,0,0,0,0,0,0,0,0,0,0,0,11000
057027,祥碩凱基98購01  ,0,0,0,0,0,0,0,0,0,10000,0,0,0,10000,0,10000,10000
06147P,國巨元大97售05  ,0,0,0,0,0,0,0,0,0,10000,0,0,0,540000,530000,10000,10000
057073,康控永豐98購01  ,0,0,0,0,0,0,0,0,0,10000,0,0,0,10000,0,10000,10000
058482,祥碩凱基99購02  ,0,0,0,0,0,0,0,0,0,10000,0,0,0,10000,0,10000,10000
058517,景碩元大99購06  ,0,0,0,0,0,0,0,0,0,10000,0,0,0,30000,20000,10000,10000
058429,欣興元富99購01  ,0,0,0,0,0,0,0,0,0,10000,0,0,0,10000,0,10000,10000
058469,臺股指中信9A購05,0,0,0,0,0,0,0,0,0,10000,0,0,0,10000,0,10000,10000
06044P,同欣電永豐96售03,0,0,0,0,0,0,0,0,0,10000,0,0,0,10000,0,10000,10000
059500,鴻海元富99購11  ,0,0,0,0,0,0,0,0,0,10000,0,0,0,155000,145000,10000,10000
059502,台灣50台新9B購04,0,0,0,0,0,0,0,0,0,10000,0,0,0,10000,0,10000,10000
059430,台積電元大99購36,0,0,0,0,0,0,0,0,0,10000,0,0,0,12000,2000,10000,10000
05943P,欣興凱基96售03  ,0,0,0,0,0,0,0,0,0,10000,0,0,0,10000,0,10000,10000
059604,臺股指元大9A購41,0,0,0,0,0,0,0,0,0,10000,0,0,0,10000,0,10000,10000
059608,聯發科富邦9B購04,0,0,0,0,0,0,0,0,0,10000,0,0,0,25000,15000,10000,10000
05972P,瑞昱元大96售01  ,0,0,0,0,0,0,0,0,0,10000,0,0,0,10000,0,10000,10000
056709,華通永豐98購01  ,0,0,0,0,0,0,0,0,0,10000,0,0,0,146000,136000,10000,10000
056704,健策國泰99購01  ,0,0,0,0,0,0,0,0,0,10000,0,0,0,10000,0,10000,10000
05682P,大立光元大98售03,0,0,0,0,0,0,0,0,0,10000,0,0,0,10000,0,10000,10000
058569,健策凱基9A購01  ,0,0,0,0,0,0,0,0,0,10000,0,0,0,10000,0,10000,10000
059011,臺股指元大9A購30,0,0,0,0,0,0,0,0,0,10000,0,0,0,10000,0,10000,10000
056644,宏達電凱基98購04,0,0,0,0,0,0,0,0,0,10000,0,0,0,10000,0,10000,10000
056588,聯發科統一9A購02,0,0,0,0,0,0,0,0,0,10000,0,0,0,10000,0,10000,10000
059949,啟碁永豐99購01  ,0,0,0,0,0,0,0,0,0,10000,0,0,0,20000,10000,10000,10000
058359,瑞昱凱基99購01  ,0,0,0,0,0,0,0,0,0,10000,0,0,0,10000,0,10000,10000
058350,T50正2凱基9B購01,0,0,0,0,0,0,0,0,0,10000,0,0,0,10000,0,10000,10000
056979,微星群益98購01  ,0,0,0,0,0,0,0,0,0,10000,0,0,0,10000,0,10000,10000
058196,台塑中信99購01  ,0,0,0,0,0,0,0,0,0,10000,0,0,0,10000,0,10000,10000
058226,世芯元富99購01  ,0,0,0,0,0,0,0,0,0,10000,0,0,0,10000,0,10000,10000
058227,台灣50元大9C購01,0,0,0,0,0,0,0,0,0,10000,0,0,0,10000,0,10000,10000
058188,華擎永豐99購01  ,0,0,0,0,0,0,0,0,0,10000,0,0,0,10000,0,10000,10000
059226,臺股指元大99購19,0,0,0,0,0,0,0,0,0,10000,0,0,0,20000,10000,10000,10000
059227,臺股指元大99購20,0,0,0,0,0,0,0,0,0,10000,0,0,0,10000,0,10000,10000
059224,大立光元大99購15,0,0,0,0,0,0,0,0,0,10000,0,0,0,11000,1000,10000,10000
057381,微星國泰9A購01  ,0,0,0,0,0,0,0,0,0,10000,0,0,0,10000,0,10000,10000
06282P,聯鈞永豐97售02  ,0,0,0,0,0,0,0,0,0,10000,0,0,0,10000,0,10000,10000
06482P,台積電凱基98售13,0,0,0,0,0,0,0,0,0,10000,0,0,0,10000,0,10000,10000
06392P,T50反1元大9A售01,0,0,0,0,0,0,0,0,0,10000,0,0,0,11000,1000,10000,10000
057307,瀚宇博兆豐99購01,0,0,0,0,0,0,0,0,0,10000,0,0,0,10000,0,10000,10000
057288,聯茂元大98購03  ,0,0,0,0,0,0,0,0,0,10000,0,0,0,10000,0,10000,10000
06894P,鈺齊元富98售03  ,0,0,0,0,0,0,0,0,0,10000,0,0,0,10000,0,10000,10000
06928P,鴻海元大99售10  ,0,0,0,0,0,0,0,0,0,10000,0,0,0,10000,0,10000,10000
06949P,台表科元大99售01,0,0,0,0,0,0,0,0,0,10000,0,0,0,10000,0,10000,10000
06550P,健策元大99售01  ,0,0,0,0,0,0,0,0,0,10000,0,0,0,10000,0,10000,10000
06516P,國巨凱基98售08  ,0,0,0,0,0,0,0,0,0,10000,0,0,0,60000,50000,10000,10000
057797,大立光兆豐99購01,0,0,0,0,0,0,0,0,0,10000,0,0,0,10000,0,10000,10000
057847,聯茂永豐98購01  ,0,0,0,0,0,0,0,0,0,10000,0,0,0,10000,0,10000,10000
057953,聚陽元大98購01  ,0,0,0,0,0,0,0,0,0,10000,0,0,0,10000,0,10000,10000
057879,電子類元大99購02,0,0,0,0,0,0,0,0,0,10000,0,0,0,10000,0,10000,10000
057885,台光電群益98購04,0,0,0,0,0,0,0,0,0,10000,0,0,0,195000,185000,10000,10000
057891,華新科統一9A購01,0,0,0,0,0,0,0,0,0,10000,0,0,0,10000,0,10000,10000
057431,京鼎兆豐98購02  ,0,0,0,0,0,0,0,0,0,10000,0,0,0,10000,0,10000,10000
057579,長榮航中信9A購01,0,0,0,0,0,0,0,0,0,10000,0,0,0,10000,0,10000,10000
057646,玉山金元大98購01,0,0,0,0,0,0,0,0,0,10000,0,0,0,10000,0,10000,10000
05762P,昇陽半永豐96售04,0,0,0,0,0,0,0,0,0,10000,0,0,0,10000,0,10000,10000
057772,台積電群益99購01,0,0,0,0,0,0,0,0,0,10000,0,0,0,12000,2000,10000,10000
057763,康控凱基99購02  ,0,0,0,0,0,0,0,0,0,10000,0,0,0,60000,50000,10000,10000
057766,矽力凱基98購03  ,0,0,0,0,0,0,0,0,0,10000,0,0,0,10000,0,10000,10000
07247P,聯發科凱基9A售06,0,0,0,0,0,0,0,0,0,10000,0,0,0,10000,0,10000,10000
07071P,立積元富99售01  ,0,0,0,0,0,0,0,0,0,10000,0,0,0,10000,0,10000,10000
2429,銘旺科          ,14000,4000,10000,0,0,0,0,0,0,0,0,0,0,0,0,0,10000
059275,可成元大99購05  ,0,0,0,0,0,0,0,0,0,10000,0,0,0,41000,31000,10000,10000
059171,祥碩凱基99購04  ,0,0,0,0,0,0,0,0,0,10000,0,0,0,10000,0,10000,10000
058709,臺股指元大9A購22,0,0,0,0,0,0,0,0,0,10000,0,0,0,10000,0,10000,10000
058686,祥碩凱基99購03  ,0,0,0,0,0,0,0,0,0,10000,0,0,0,10000,0,10000,10000
059304,華新科兆豐99購06,0,0,0,0,0,0,0,0,0,10000,0,0,0,10000,0,10000,10000
058035,旭富永豐98購02  ,0,0,0,0,0,0,0,0,0,10000,0,0,0,10000,0,10000,10000
05557P,S&P500中信96售02,0,0,0,0,0,0,0,0,0,10000,0,0,0,10000,0,10000,10000
055538,鴻海日盛97購04  ,0,0,0,0,0,0,0,0,0,10000,0,0,0,10000,0,10000,10000
055508,矽力元大97購01  ,0,0,0,0,0,0,0,0,0,10000,0,0,0,10000,0,10000,10000
055524,鴻海群益98購01  ,0,0,0,0,0,0,0,0,0,10000,0,0,0,10000,0,10000,10000
058792,鴻海元大99購18  ,0,0,0,0,0,0,0,0,0,10000,0,0,0,10000,0,10000,10000
058917,SGBR2X元富99購03,0,0,0,0,0,0,0,0,0,10000,0,0,0,10000,0,10000,10000
058968,T50正2永豐99購01,0,0,0,0,0,0,0,0,0,10000,0,0,0,10000,0,10000,10000
052935,康友元大96購03  ,0,0,0,0,0,0,0,0,0,10000,0,0,0,10000,0,10000,10000
05299P,旺宏元大95售04  ,0,0,0,0,0,0,0,0,0,10000,0,0,0,10000,0,10000,10000
053005,微星永豐96購01  ,0,0,0,0,0,0,0,0,0,10000,0,0,0,10000,0,10000,10000
055486,國巨元大98購06  ,0,0,0,0,0,0,0,0,0,10000,0,0,0,10000,0,10000,10000
052444,友訊元大95購01  ,0,0,0,0,0,0,0,0,0,10000,0,0,0,10000,0,10000,10000
052441,亞泥元大95購01  ,0,0,0,0,0,0,0,0,0,10000,0,0,0,10000,0,10000,10000
055794,聯發科國泰99購01,0,0,0,0,0,0,0,0,0,10000,0,0,0,10000,0,10000,10000
052604,建準元大97購01  ,0,0,0,0,0,0,0,0,0,10000,0,0,0,10000,0,10000,10000
052588,玉晶光永豐98購01,0,0,0,0,0,0,0,0,0,10000,0,0,0,10000,0,10000,10000
055912,宏達電凱基98購03,0,0,0,0,0,0,0,0,0,10000,0,0,0,20000,10000,10000,10000
052765,新日興群益97購01,0,0,0,0,0,0,0,0,0,10000,0,0,0,10000,0,10000,10000
05276P,GIS永豐95售02   ,0,0,0,0,0,0,0,0,0,10000,0,0,0,10000,0,10000,10000
052787,國巨中信96購02  ,0,0,0,0,0,0,0,0,0,10000,0,0,0,10000,0,10000,10000
052665,緯穎國票96購03  ,0,0,0,0,0,0,0,0,0,10000,0,0,0,10000,0,10000,10000
056140,康控元大98購01  ,0,0,0,0,0,0,0,0,0,10000,0,0,0,10000,0,10000,10000
055983,全新元富9A購02  ,0,0,0,0,0,0,0,0,0,10000,0,0,0,14000,4000,10000,10000
056025,嘉晶群益97購01  ,0,0,0,0,0,0,0,0,0,10000,0,0,0,10000,0,10000,10000
056011,矽力中信99購01  ,0,0,0,0,0,0,0,0,0,10000,0,0,0,10000,0,10000,10000
056361,美律元大99購02  ,0,0,0,0,0,0,0,0,0,10000,0,0,0,10000,0,10000,10000
056280,上証2X永豐98購01,0,0,0,0,0,0,0,0,0,10000,0,0,0,10000,0,10000,10000
056308,TPK元大97購02   ,0,0,0,0,0,0,0,0,0,10000,0,0,0,10000,0,10000,10000
055024,興勤國泰98購01  ,0,0,0,0,0,0,0,0,0,10000,0,0,0,10000,0,10000,10000
053629,玉山金兆豐96購01,0,0,0,0,0,0,0,0,0,10000,0,0,0,10000,0,10000,10000
05493P,華新科富邦99售02,0,0,0,0,0,0,0,0,0,10000,0,0,0,10000,0,10000,10000
053473,聯發科元大96購15,0,0,0,0,0,0,0,0,0,10000,0,0,0,11000,1000,10000,10000
055711,上銀元大97購04  ,0,0,0,0,0,0,0,0,0,10000,0,0,0,10000,0,10000,10000
055598,欣興元大97購03  ,0,0,0,0,0,0,0,0,0,10000,0,0,0,10000,0,10000,10000
055121,鴻海兆豐97購03  ,0,0,0,0,0,0,0,0,0,10000,0,0,0,10000,0,10000,10000
055093,京鼎群益98購01  ,0,0,0,0,0,0,0,0,0,10000,0,0,0,10000,0,10000,10000
055075,南電永豐97購01  ,0,0,0,0,0,0,0,0,0,10000,0,0,0,10000,0,10000,10000
055145,T50反1元大97購04,0,0,0,0,0,0,0,0,0,10000,0,0,0,20000,10000,10000,10000
05514P,康舒永豐96售01  ,0,0,0,0,0,0,0,0,0,10000,0,0,0,10000,0,10000,10000
055160,玉晶光元大99購03,0,0,0,0,0,0,0,0,0,10000,0,0,0,10000,0,10000,10000
053969,瑞昱元大97購01  ,0,0,0,0,0,0,0,0,0,10000,0,0,0,10000,0,10000,10000
053345,欣興國票97購02  ,0,0,0,0,0,0,0,0,0,10000,0,0,0,10000,0,10000,10000
054898,台肥康和97購01  ,0,0,0,0,0,0,0,0,0,10000,0,0,0,10000,0,10000,10000
054594,國巨麥證97購01  ,0,0,0,10000,0,10000,0,0,0,10000,0,0,0,10000,0,10000,10000
054635,台達電中信98購01,0,0,0,0,0,0,0,0,0,10000,0,0,0,10000,0,10000,10000
054644,A50正2群益9B購01,0,0,0,0,0,0,0,0,0,10000,0,0,0,10000,0,10000,10000
053219,祥碩凱基96購01  ,0,0,0,0,0,0,0,0,0,10000,0,0,0,10000,0,10000,10000
053229,南電台新97購01  ,0,0,0,0,0,0,0,0,0,10000,0,0,0,125000,115000,10000,10000
053288,臺股指元大96購16,0,0,0,0,0,0,0,0,0,10000,0,0,0,10000,0,10000,10000
053298,SP黃豆凱基99購01,0,0,0,0,0,0,0,0,0,10000,0,0,0,10000,0,10000,10000
054406,旺宏國票98購01  ,0,0,0,0,0,0,0,0,0,10000,0,0,0,10000,0,10000,10000
054444,緯穎台新97購01  ,0,0,0,0,0,0,0,0,0,10000,0,0,0,10000,0,10000,10000
054428,禾伸堂富邦98購01,0,0,0,0,0,0,0,0,0,10000,0,0,0,10000,0,10000,10000
054258,牧德元大97購01  ,0,0,0,0,0,0,0,0,0,10000,0,0,0,10000,0,10000,10000
056535,全新凱基99購02  ,0,0,0,0,0,0,0,0,0,10000,0,0,0,10000,0,10000,10000
05640P,旺宏元富96售03  ,0,0,0,0,0,0,0,0,0,10000,0,0,0,10000,0,10000,10000
056410,康控國票99購01  ,0,0,0,0,0,0,0,0,0,10000,0,0,0,50000,40000,10000,10000
056423,奇鋐統一98購01  ,0,0,0,0,0,0,0,0,0,10000,0,0,0,10000,0,10000,10000
054231,國巨群益98購03  ,0,0,0,0,0,0,0,0,0,10000,0,0,0,10000,0,10000,10000
051065,台積電國票96購01,0,0,0,0,0,0,0,0,0,10000,0,0,0,10000,0,10000,10000
051160,亞德客元大95購02,0,0,0,0,0,0,0,0,0,10000,0,0,0,10000,0,10000,10000
050175,台光電元大94購08,0,0,0,0,0,0,0,0,0,10000,0,0,0,10000,0,10000,10000
050218,世紀鋼統一94購02,0,0,0,0,0,0,0,0,0,10000,0,0,0,10000,0,10000,10000
050254,大立光富邦96購02,0,0,0,0,0,0,0,0,0,10000,0,0,0,10000,0,10000,10000
050309,亞泥兆豐94購01  ,0,0,0,0,0,0,0,0,0,10000,0,0,0,10000,0,10000,10000
050337,南電國泰95購01  ,0,0,0,0,0,0,0,0,0,10000,0,0,0,10000,0,10000,10000
054076,義隆第一96購01  ,0,0,0,0,0,0,0,0,0,10000,0,0,0,10000,0,10000,10000
054126,和大元大96購02  ,0,0,0,0,0,0,0,0,0,10000,0,0,0,10000,0,10000,10000
054143,茂林元大96購04  ,0,0,0,0,0,0,0,0,0,10000,0,0,0,10000,0,10000,10000
054147,GIS元大96購02   ,0,0,0,0,0,0,0,0,0,10000,0,0,0,10000,0,10000,10000
051058,景碩群益96購01  ,0,0,0,0,0,0,0,0,0,10000,0,0,0,10000,0,10000,10000
051605,奇力新群益95購02,0,0,0,0,0,0,0,0,0,10000,0,0,0,10000,0,10000,10000
051568,智邦富邦95購01  ,0,0,0,0,0,0,0,0,0,10000,0,0,0,10000,0,10000,10000
050124,元金2X凱基95購01,0,0,0,0,0,0,0,0,0,10000,0,0,0,10000,0,10000,10000
050946,瑞昱群益95購01  ,0,0,0,0,0,0,0,0,0,10000,0,0,0,10000,0,10000,10000
050955,達方群益97購01  ,0,0,0,0,0,0,0,0,0,10000,0,0,0,10000,0,10000,10000
050782,台積電國泰96購03,0,0,0,0,0,0,0,0,0,10000,0,0,0,15000,5000,10000,10000
049072,台積電凱基94購08,0,0,0,0,0,0,0,0,0,10000,0,0,0,10000,0,10000,10000
049255,旺宏元大97購02  ,0,0,0,0,0,0,0,0,0,10000,0,0,0,22000,12000,10000,10000
04946P,華通元大94售04  ,0,0,0,0,0,0,0,0,0,10000,0,0,0,10000,0,10000,10000
049784,台積電兆豐94購05,0,0,0,0,0,0,0,0,0,10000,0,0,0,10000,0,10000,10000
049947,S&P反1中信97購01,0,0,0,0,0,0,0,0,0,10000,0,0,0,10000,0,10000,10000
049880,健策永豐94購02  ,0,0,0,0,0,0,0,0,0,10000,0,0,0,10000,0,10000,10000
050495,大立光永昌96購01,0,0,0,0,0,0,0,0,0,10000,0,0,0,10000,0,10000,10000
050518,台積電元大94購28,0,0,0,0,0,0,0,0,0,10000,0,0,0,10000,0,10000,10000
050466,瑞儀中信94購01  ,0,0,0,0,0,0,0,0,0,10000,0,0,0,10000,0,10000,10000
050414,泰鼎永豐94購04  ,0,0,0,0,0,0,0,0,0,10000,0,0,0,10000,0,10000,10000
050402,緯穎中信96購01  ,0,0,0,0,0,0,0,0,0,10000,0,0,0,10000,0,10000,10000
050016,緯穎富邦95購01  ,0,0,0,0,0,0,0,0,0,10000,0,0,0,10000,0,10000,10000
048675,台達電國泰94購02,0,0,0,0,0,0,0,0,0,10000,0,0,0,10000,0,10000,10000
048273,南電富邦97購01  ,0,0,0,0,0,0,0,0,0,10000,0,0,0,10000,0,10000,10000
04693P,超眾群益95售01  ,0,0,0,0,0,0,0,0,0,10000,0,0,0,10000,0,10000,10000
046949,群創元大99購01  ,0,0,0,0,0,0,0,0,0,10000,0,0,0,10000,0,10000,10000
047024,奇力新元大95購01,0,0,0,0,0,0,0,0,0,10000,0,0,0,10000,0,10000,10000
047773,超眾元大96購01  ,0,0,0,0,0,0,0,0,0,10000,0,0,0,10000,0,10000,10000
03022X,富展01          ,0,0,0,0,0,0,0,0,0,10000,0,0,0,10000,0,10000,10000
052058,臺股指凱基95購16,0,0,0,0,0,0,0,0,0,10000,0,0,0,10000,0,10000,10000
051800,旺宏永豐95購02  ,0,0,0,0,0,0,0,0,0,10000,0,0,0,20000,10000,10000,10000
051833,昇陽半元大96購01,0,0,0,0,0,0,0,0,0,10000,0,0,0,10000,0,10000,10000
052205,台積電中信95購09,0,0,0,0,0,0,0,0,0,10000,0,0,0,10000,0,10000,10000
052317,台積電元大96購11,0,0,0,0,0,0,0,0,0,10000,0,0,0,10000,0,10000,10000
052320,緯創元大95購05  ,0,0,0,0,0,0,0,0,0,10000,0,0,0,10000,0,10000,10000
052172,致茂元大95購01  ,0,0,0,0,0,0,0,0,0,10000,0,0,0,10000,0,10000,10000
048887,牧德元富94購01  ,0,0,0,0,0,0,0,0,0,10000,0,0,0,10000,0,10000,10000
04552P,南電元大94售06  ,0,0,0,0,0,0,0,0,0,10000,0,0,0,10000,0,10000,10000
045767,大立光元富95購01,0,0,0,0,0,0,0,0,0,10000,0,0,0,10000,0,10000,10000
03432B,臺股指凱基98熊13,0,0,0,0,0,0,0,0,0,10000,0,0,0,10000,0,10000,10000
051758,瑞昱元大95購01  ,0,0,0,0,0,0,0,0,0,10000,0,0,0,10000,0,10000,10000
051717,祥碩康和95購01  ,0,0,0,0,0,0,0,0,0,10000,0,0,0,10000,0,10000,10000
03647P,京元電元富95售02,0,0,0,0,0,0,0,0,0,10000,0,0,0,10000,0,10000,10000
2891C,中信金丙特      ,0,0,0,0,0,0,0,0,0,10000,10000,0,10000,0,0,0,10000
3702A,大聯大甲特      ,11000,0,11000,0,0,0,0,0,0,-1000,0,1000,-1000,0,0,0,10000
4104,佳醫            ,39000,29000,10000,0,0,0,0,0,0,0,0,0,0,0,0,0,10000
4919,新唐            ,135000,128000,7000,0,0,0,0,0,0,3000,0,4000,-4000,7000,0,7000,10000
07350P,台灣50國票99售11,0,0,0,0,0,0,0,0,0,9000,0,0,0,12000,3000,9000,9000
057473,T50反1元大98購08,0,0,0,0,0,0,0,0,0,9000,0,0,0,9000,0,9000,9000
057901,大立光永豐98購04,0,0,0,0,0,0,0,0,0,9000,0,0,0,9000,0,9000,9000
06623P,立積元大98售04  ,0,0,0,0,0,0,0,0,0,9000,0,0,0,9000,0,9000,9000
06783P,亞光元大98售03  ,0,0,0,0,0,0,0,0,0,9000,0,0,0,10000,1000,9000,9000
06235P,國巨元大97售12  ,0,0,0,0,0,0,0,0,0,9000,0,0,0,209000,200000,9000,9000
058598,T50反1元大99購04,0,0,0,0,0,0,0,0,0,9000,0,0,0,9000,0,9000,9000
058599,T50反1元大99購05,0,0,0,0,0,0,0,0,0,9000,0,0,0,9000,0,9000,9000
059674,玉山金元富99購02,0,0,0,0,0,0,0,0,0,9000,0,0,0,17000,8000,9000,9000
059594,奇力新元大9B購01,0,0,0,0,0,0,0,0,0,9000,0,0,0,16000,7000,9000,9000
059659,旺宏元大9A購03  ,0,0,0,0,0,0,0,0,0,9000,0,0,0,14000,5000,9000,9000
06056P,台積電凱基98售02,0,0,0,0,0,0,0,0,0,9000,0,0,0,9000,0,9000,9000
059817,華通凱基99購05  ,0,0,0,0,0,0,0,0,0,9000,0,0,0,10000,1000,9000,9000
058473,上銀凱基9A購03  ,0,0,0,0,0,0,0,0,0,9000,0,0,0,10000,1000,9000,9000
057060,緯穎元大98購05  ,0,0,0,0,0,0,0,0,0,9000,0,0,0,9000,0,9000,9000
045768,大立光元富95購02,0,0,0,0,0,0,0,0,0,9000,0,0,0,9000,0,9000,9000
052067,中磊兆豐96購01  ,0,0,0,0,0,0,0,0,0,9000,0,0,0,9000,0,9000,9000
052329,台積電亞東96購01,0,0,0,0,0,0,0,0,0,9000,0,0,0,9000,0,9000,9000
00711B,FH彭博新興債    ,9000,0,9000,0,0,0,0,0,0,0,0,0,0,107000,107000,0,9000
0053,元大電子        ,0,0,0,0,0,0,0,0,0,9000,0,0,0,13000,4000,9000,9000
00743,國泰中國A150    ,0,0,0,0,0,0,0,0,0,9000,0,0,0,9000,0,9000,9000
046813,聯電凱基96購01  ,0,0,0,0,0,0,0,0,0,9000,0,0,0,10000,1000,9000,9000
050057,國巨凱基94購05  ,0,0,0,0,0,0,0,0,0,9000,0,0,0,9000,0,9000,9000
04975P,華新科凱基96售02,0,0,0,0,0,0,0,0,0,9000,0,0,0,9000,0,9000,9000
049584,台積電元大96購04,0,0,0,0,0,0,0,0,0,9000,0,0,0,31000,22000,9000,9000
050694,國巨凱基96購03  ,0,0,0,0,0,0,0,0,0,9000,0,0,0,62000,53000,9000,9000
054417,牧德元大96購01  ,0,0,0,0,0,0,0,0,0,9000,0,0,0,9000,0,9000,9000
053071,南電群益96購01  ,0,0,0,0,0,0,0,0,0,9000,0,0,0,9000,0,9000,9000
053688,燿華元大96購05  ,0,0,0,0,0,0,0,0,0,9000,0,0,0,9000,0,9000,9000
055724,祥碩元大97購03  ,0,0,0,0,0,0,0,0,0,9000,0,0,0,9000,0,9000,9000
055993,致茂國泰99購01  ,0,0,0,0,0,0,0,0,0,9000,0,0,0,9000,0,9000,9000
052780,玉晶光國票96購04,0,0,0,0,0,0,0,0,0,9000,0,0,0,9000,0,9000,9000
055844,大毅元大98購01  ,0,0,0,0,0,0,0,0,0,9000,0,0,0,16000,7000,9000,9000
052624,微星亞東97購01  ,0,0,0,0,0,0,0,0,0,9000,0,0,0,20000,11000,9000,9000
055779,國泰金凱基97購02,0,0,0,0,0,0,0,0,0,9000,0,0,0,57000,48000,9000,9000
058912,祥碩元大99購01  ,0,0,0,0,0,0,0,0,0,9000,0,0,0,24000,15000,9000,9000
055572,鴻海統一98購04  ,0,0,0,0,0,0,0,0,0,9000,0,0,0,9000,0,9000,9000
056542,緯創凱基98購01  ,0,0,0,0,0,0,0,0,0,9000,0,0,0,9000,0,9000,9000
056536,義隆凱基98購04  ,0,0,0,0,0,0,0,0,0,9000,0,0,0,25000,16000,9000,9000
4560,強信-KY         ,26000,17000,9000,0,0,0,0,0,0,0,0,0,0,0,0,0,9000
6183,關貿            ,15000,6000,9000,0,0,0,0,0,0,0,0,0,0,0,0,0,9000
6698,旭暉應材        ,16000,7000,9000,0,0,0,0,0,0,0,0,0,0,0,0,0,9000
3437,榮創            ,65000,56000,9000,0,0,0,0,0,0,0,0,0,0,0,0,0,9000
057132,華新科凱基98購05,0,0,0,0,0,0,0,0,0,8000,0,0,0,8000,0,8000,8000
058452,義隆永豐99購02  ,0,0,0,0,0,0,0,0,0,8000,0,0,0,15000,7000,8000,8000
059648,台表科凱基99購03,0,0,0,0,0,0,0,0,0,8000,0,0,0,60000,52000,8000,8000
059610,上銀永豐99購02  ,0,0,0,0,0,0,0,0,0,8000,0,0,0,8000,0,8000,8000
059596,大立光元大99購20,0,0,0,0,0,0,0,0,0,8000,0,0,0,8000,0,8000,8000
059533,富邦金凱基99購01,0,0,0,0,0,0,0,0,0,8000,0,0,0,195000,187000,8000,8000
058099,鴻海國泰9A購02  ,0,0,0,0,0,0,0,0,0,8000,0,0,0,18000,10000,8000,8000
058145,聯茂元大99購03  ,0,0,0,0,0,0,0,0,0,8000,0,0,0,8000,0,8000,8000
056768,宏達電元大99購03,0,0,0,0,0,0,0,0,0,8000,0,0,0,8000,0,8000,8000
056622,高鐵永豐98購01  ,0,0,0,0,0,0,0,0,0,8000,0,0,0,66000,58000,8000,8000
056656,華邦電元大98購02,0,0,0,0,0,0,0,0,0,8000,0,0,0,8000,0,8000,8000
056914,臺股指元大99購09,0,0,0,0,0,0,0,0,0,8000,0,0,0,10000,2000,8000,8000
06201P,可成元大97售01  ,0,0,0,0,0,0,0,0,0,8000,0,0,0,10000,2000,8000,8000
057720,日電貿元富98購01,0,0,0,0,0,0,0,0,0,8000,0,0,0,8000,0,8000,8000
2239,英利-KY         ,11000,3000,8000,0,0,0,0,0,0,0,0,0,0,0,0,0,8000
059160,華通凱基99購03  ,0,0,0,0,0,0,0,0,0,8000,0,0,0,21000,13000,8000,8000
055503,健策元大98購05  ,0,0,0,0,0,0,0,0,0,8000,0,0,0,90000,82000,8000,8000
052934,中磊元大96購01  ,0,0,0,0,0,0,0,0,0,8000,0,0,0,8000,0,8000,8000
052907,嘉澤國票97購01  ,0,0,0,0,0,0,0,0,0,8000,0,0,0,8000,0,8000,8000
056272,嘉澤統一99購01  ,0,0,0,0,0,0,0,0,0,8000,0,0,0,10000,2000,8000,8000
054996,聯陽元富97購01  ,0,0,0,0,0,0,0,0,0,8000,0,0,0,8000,0,8000,8000
053482,矽力元大96購03  ,0,0,0,0,0,0,0,0,0,8000,0,0,0,18000,10000,8000,8000
053197,超眾元富96購02  ,0,0,0,0,0,0,0,0,0,8000,0,0,0,8000,0,8000,8000
051462,世芯國泰97購01  ,0,1000,-1000,0,0,0,0,0,0,9000,0,0,0,9000,0,9000,8000
049200,元黃金群益98購01,0,0,0,0,0,0,0,0,0,8000,0,0,0,8000,0,8000,8000
04974P,聯發科凱基96售02,0,0,0,0,0,0,0,0,0,8000,0,0,0,8000,0,8000,8000
048687,旺宏群益96購01  ,0,0,0,0,0,0,0,0,0,8000,0,0,0,8000,0,8000,8000
2546,根基            ,19000,11000,8000,0,0,0,0,0,0,0,0,0,0,0,0,0,8000
6172,互億            ,13000,5000,8000,0,0,0,0,0,0,0,0,0,0,0,0,0,8000
2597,潤弘            ,29000,13000,16000,0,0,0,842,0,842,-9000,0,9000,-9000,0,0,0,7842
4739,康普            ,29000,19000,10000,0,0,0,782,0,782,-3000,0,3000,-3000,0,0,0,7782
2484,希華            ,69011,62000,7011,0,0,0,0,0,0,0,0,0,0,0,0,0,7011
07220P,台灣50中信03售05,0,0,0,0,0,0,0,0,0,7000,0,0,0,20000,13000,7000,7000
06396P,新日興康和97售01,0,0,0,0,0,0,0,0,0,7000,0,0,0,10000,3000,7000,7000
06751P,旺宏凱基98售10  ,0,0,0,0,0,0,0,0,0,7000,0,0,0,7000,0,7000,7000
059223,大立光元大99購14,0,0,0,0,0,0,0,0,0,7000,0,0,0,7000,0,7000,7000
059564,鴻海凱基9A購15  ,0,0,0,0,0,0,0,0,0,7000,0,0,0,100000,93000,7000,7000
059601,臺股指元大9A購38,0,0,0,0,0,0,0,0,0,7000,0,0,0,7000,0,7000,7000
059589,國巨元大9A購02  ,0,0,0,0,0,0,0,0,0,7000,0,0,0,24000,17000,7000,7000
059639,大立光凱基9A購06,0,0,0,0,0,0,0,0,0,7000,0,0,0,10000,3000,7000,7000
059725,聯發科元大99購31,0,0,0,0,0,0,0,0,0,7000,0,0,0,19000,12000,7000,7000
05712P,友達統一97售03  ,0,0,0,0,0,0,0,0,0,7000,0,0,0,7000,0,7000,7000
048681,漢唐富邦96購01  ,0,0,0,0,0,0,0,0,0,7000,0,0,0,7000,0,7000,7000
046942,友達元大99購01  ,0,0,0,0,0,0,0,0,0,7000,0,0,0,298000,291000,7000,7000
0054,元大台商50      ,0,0,0,0,0,0,0,0,0,7000,0,0,0,11000,4000,7000,7000
03618C,高股息凱基95牛01,0,0,0,0,0,0,0,0,0,7000,0,0,0,7000,0,7000,7000
049817,南電元大94購07  ,0,0,0,0,0,0,0,0,0,7000,0,0,0,7000,0,7000,7000
051594,和碩元大96購01  ,0,0,0,0,0,0,0,0,0,7000,0,0,0,7000,0,7000,7000
056484,聯茂元大98購02  ,0,0,0,0,0,0,0,0,0,7000,0,0,0,7000,0,7000,7000
054067,百和國票97購03  ,0,0,0,0,0,0,0,0,0,7000,0,0,0,7000,0,7000,7000
051157,華新科富邦98購01,0,0,0,0,0,0,0,0,0,7000,0,0,0,7000,0,7000,7000
054877,百和群益98購01  ,0,0,0,0,0,0,0,0,0,7000,0,0,0,7000,0,7000,7000
053921,嘉晶國票97購03  ,0,0,0,0,0,0,0,0,0,7000,0,0,0,7000,0,7000,7000
055687,瀚宇博凱基97購01,0,0,0,0,0,0,0,0,0,7000,0,0,0,7000,0,7000,7000
056147,鴻海日盛97購05  ,0,0,0,0,0,0,0,0,0,7000,0,0,0,50000,43000,7000,7000
056074,茂林元大97購04  ,0,0,0,0,0,0,0,0,0,7000,0,0,0,7000,0,7000,7000
052926,旺宏元大98購02  ,0,0,0,0,0,0,0,0,0,7000,0,0,0,7000,0,7000,7000
05540P,亞德客凱基96售01,0,0,0,0,0,0,0,0,0,7000,0,0,0,7000,0,7000,7000
055217,緯創凱基97購02  ,0,0,0,0,0,0,0,0,0,7000,0,0,0,45000,38000,7000,7000
052860,旺宏凱基96購03  ,0,0,0,0,0,0,0,0,0,7000,0,0,0,52000,45000,7000,7000
05539P,鎧勝永豐96售01  ,0,0,0,0,0,0,0,0,0,7000,0,0,0,7000,0,7000,7000
059140,大立光兆豐9A購02,0,0,0,0,0,0,0,0,0,7000,0,0,0,7000,0,7000,7000
058993,滬深反元大9C購01,0,0,0,0,0,0,0,0,0,7000,0,0,0,7000,0,7000,7000
058814,南亞科台新99購01,0,0,0,0,0,0,0,0,0,7000,0,0,0,7000,0,7000,7000
3528,安馳            ,8000,0,8000,0,0,0,0,0,0,-1000,0,1000,-1000,0,0,0,7000
9942,茂順            ,8000,1000,7000,0,0,0,0,0,0,0,0,0,0,0,0,0,7000
059854,台表科永豐99購03,0,0,0,0,0,0,0,0,0,6000,0,0,0,72000,66000,6000,6000
059622,上銀凱基99購10  ,0,0,0,0,0,0,0,0,0,6000,0,0,0,50000,44000,6000,6000
059443,嘉聯益元大9B購01,0,0,0,0,0,0,0,0,0,6000,0,0,0,6000,0,6000,6000
059434,全新元大99購05  ,0,0,0,0,0,0,0,0,0,6000,0,0,0,15000,9000,6000,6000
059197,可成永豐99購02  ,0,0,0,0,0,0,0,0,0,6000,0,0,0,23000,17000,6000,6000
058166,鴻海凱基9A購01  ,0,0,0,0,0,0,0,0,0,6000,0,0,0,58000,52000,6000,6000
058342,鴻海群益9A購01  ,0,0,0,0,0,0,0,0,0,6000,0,0,0,6000,0,6000,6000
058368,奇鋐凱基9A購01  ,0,0,0,0,0,0,0,0,0,6000,0,0,0,6000,0,6000,6000
059369,滬深2X元富9C購01,0,0,0,0,0,0,0,0,0,6000,0,0,0,141000,135000,6000,6000
059383,台灣50凱基99購03,0,0,0,0,0,0,0,0,0,6000,0,0,0,66000,60000,6000,6000
056573,華新科元大99購06,0,0,0,0,0,0,0,0,0,6000,0,0,0,6000,0,6000,6000
059035,旺宏群益99購06  ,0,0,0,0,0,0,0,0,0,6000,0,0,0,6000,0,6000,6000
056776,聯茂元大99購01  ,0,0,0,0,0,0,0,0,0,6000,0,0,0,6000,0,6000,6000
06518P,奇力新兆豐99售01,0,0,0,0,0,0,0,0,0,6000,0,0,0,6000,0,6000,6000
057318,台光電凱基9A購01,0,0,0,0,0,0,0,0,0,6000,0,0,0,6000,0,6000,6000
057413,臺股指群益9C購04,0,0,0,0,0,0,0,0,0,6000,0,0,0,6000,0,6000,6000
057759,聯發科凱基98購17,0,0,0,0,0,0,0,0,0,6000,0,0,0,6000,0,6000,6000
057604,鴻海統一9C購01  ,0,0,0,0,0,0,0,0,0,6000,0,0,0,6000,0,6000,6000
057557,聯茂凱基99購04  ,0,0,0,0,0,0,0,0,0,6000,0,0,0,6000,0,6000,6000
057214,瑞昱群益98購01  ,0,0,0,0,0,0,0,0,0,6000,0,0,0,6000,0,6000,6000
057832,聯發科元富02購05,0,0,0,0,0,0,0,0,0,6000,0,0,0,12000,6000,6000,6000
07263P,台積電元大99售37,0,0,0,0,0,0,0,0,0,6000,0,0,0,32000,26000,6000,6000
07273P,台灣50群益99售03,0,0,0,0,0,0,0,0,0,6000,0,0,0,6000,0,6000,6000
2002A,中鋼特          ,0,0,0,0,0,0,0,0,0,6000,6000,0,6000,0,0,0,6000
1532,勤美            ,38000,32000,6000,0,0,0,0,0,0,0,0,0,0,0,0,0,6000
058957,貿聯國票9A購01  ,0,0,0,0,0,0,0,0,0,6000,0,0,0,6000,0,6000,6000
059120,致伸永豐99購01  ,0,0,0,0,0,0,0,0,0,6000,0,0,0,6000,0,6000,6000
055382,台郡元大99購01  ,0,0,0,0,0,0,0,0,0,6000,0,0,0,46000,40000,6000,6000
055289,泰碩元大98購01  ,0,0,0,0,0,0,0,0,0,6000,0,0,0,6000,0,6000,6000
055759,技嘉群益98購02  ,0,0,0,0,0,0,0,0,0,6000,0,0,0,6000,0,6000,6000
052418,玉晶光兆豐96購01,0,0,0,0,0,0,0,0,0,6000,0,0,0,6000,0,6000,6000
05588P,群創兆豐97售02  ,0,0,0,0,0,0,0,0,0,6000,0,0,0,6000,0,6000,6000
056041,禾伸堂凱基98購03,0,0,0,0,0,0,0,0,0,6000,0,0,0,6000,0,6000,6000
05638P,國巨統一96售04  ,0,0,0,0,0,0,0,0,0,6000,0,0,0,6000,0,6000,6000
05388P,南亞科元大95售04,0,0,0,0,0,0,0,0,0,6000,0,0,0,6000,0,6000,6000
053481,同欣電元大97購01,0,0,0,0,0,0,0,0,0,6000,0,0,0,6000,0,6000,6000
054803,味全元大9A購01  ,0,0,0,0,0,0,0,0,0,6000,0,0,0,50000,44000,6000,6000
051311,瑞昱麥證95購01  ,0,0,0,6000,0,6000,0,0,0,6000,0,0,0,6000,0,6000,6000
051608,新日興群益96購01,0,0,0,0,0,0,0,0,0,6000,0,0,0,56000,50000,6000,6000
051495,玉晶光第一95購02,0,0,0,0,0,0,0,0,0,6000,0,0,0,6000,0,6000,6000
050630,大立光亞東96購01,0,0,0,0,0,0,0,0,0,6000,0,0,0,6000,0,6000,6000
049800,瑞昱元大94購05  ,0,0,0,0,0,0,0,0,0,6000,0,0,0,6000,0,6000,6000
050496,鴻海富邦96購01  ,0,0,0,0,0,0,0,0,0,6000,0,0,0,6000,0,6000,6000
04900P,矽格中信94售02  ,0,0,0,0,0,0,0,0,0,6000,0,0,0,6000,0,6000,6000
052104,英業達兆豐96購01,0,0,0,0,0,0,0,0,0,6000,0,0,0,6000,0,6000,6000
048871,晶豪科國票94購01,0,0,0,0,0,0,0,0,0,6000,0,0,0,6000,0,6000,6000
00735,國泰臺韓科技    ,0,1000,-1000,0,0,0,0,0,0,7000,0,0,0,119000,112000,7000,6000
6449,鈺邦            ,21000,17000,4000,0,0,0,0,0,0,2000,2000,0,2000,0,0,0,6000
6579,研揚            ,11000,5000,6000,0,0,0,0,0,0,0,0,0,0,0,0,0,6000
6655,科定            ,7000,1000,6000,0,0,0,0,0,0,0,0,0,0,0,0,0,6000
2936,客思達-KY       ,7000,1000,6000,0,0,0,0,0,0,0,0,0,0,0,0,0,6000
2939,凱羿-KY         ,6000,0,6000,0,0,0,0,0,0,0,0,0,0,0,0,0,6000
2461,光群雷          ,58000,52000,6000,0,0,0,0,0,0,0,0,0,0,0,0,0,6000
2362,藍天            ,176000,156000,20000,0,0,0,0,0,0,-15000,0,15000,-15000,0,0,0,5000
07224P,鴻海元大9A售02  ,0,0,0,0,0,0,0,0,0,5000,0,0,0,5000,0,5000,5000
07135P,臺股指元大9A售29,0,0,0,0,0,0,0,0,0,5000,0,0,0,7000,2000,5000,5000
1312A,國喬特          ,0,0,0,0,0,0,0,0,0,5000,5000,0,5000,0,0,0,5000
057872,旺宏元大99購06  ,0,0,0,0,0,0,0,0,0,5000,0,0,0,12000,7000,5000,5000
057453,矽創元富98購01  ,0,0,0,0,0,0,0,0,0,5000,0,0,0,5000,0,5000,5000
057231,美律凱基98購05  ,0,0,0,0,0,0,0,0,0,5000,0,0,0,5000,0,5000,5000
057233,聯發科凱基98購14,0,0,0,0,0,0,0,0,0,5000,0,0,0,5000,0,5000,5000
057263,可成兆豐99購01  ,0,0,0,0,0,0,0,0,0,5000,0,0,0,25000,20000,5000,5000
057272,台積電元大98購14,0,0,0,0,0,0,0,0,0,5000,0,0,0,42000,37000,5000,5000
057574,中磊永豐98購01  ,0,0,0,0,0,0,0,0,0,5000,0,0,0,10000,5000,5000,5000
057790,台積電統一99購04,0,0,0,0,0,0,0,0,0,5000,0,0,0,5000,0,5000,5000
057518,世紀鋼元富98購01,0,0,0,0,0,0,0,0,0,5000,0,0,0,5000,0,5000,5000
06412P,南亞科日盛97售01,0,0,0,0,0,0,0,0,0,5000,0,0,0,5000,0,5000,5000
06270P,致伸凱基97售03  ,0,0,0,0,0,0,0,0,0,5000,0,0,0,5000,0,5000,5000
06557P,台積電兆豐98售02,0,0,0,0,0,0,0,0,0,5000,0,0,0,7000,2000,5000,5000
06568P,國巨永豐98售05  ,0,0,0,0,0,0,0,0,0,5000,0,0,0,5000,0,5000,5000
06772P,國巨中信99售01  ,0,0,0,0,0,0,0,0,0,5000,0,0,0,5000,0,5000,5000
06972P,聯發科元大99售04,0,0,0,0,0,0,0,0,0,5000,0,0,0,6000,1000,5000,5000
06902P,聯電凱基98售02  ,0,0,0,0,0,0,0,0,0,5000,0,0,0,5000,0,5000,5000
056721,台灣50永昌9A購01,0,0,0,0,0,0,0,0,0,5000,0,0,0,55000,50000,5000,5000
056715,瀚宇博永豐98購01,0,0,0,0,0,0,0,0,0,5000,0,0,0,5000,0,5000,5000
059315,鴻海元大99購30  ,0,0,0,0,0,0,0,0,0,5000,0,0,0,5000,0,5000,5000
058595,T50正2元富99購01,0,0,0,0,0,0,0,0,0,5000,0,0,0,5000,0,5000,5000
058581,大立光群益99購05,0,0,0,0,0,0,0,0,0,5000,0,0,0,5000,0,5000,5000
058616,台虹元大9A購01  ,0,0,0,0,0,0,0,0,0,5000,0,0,0,5000,0,5000,5000
059332,台灣50國票9A購07,0,0,0,0,0,0,0,0,0,5000,0,0,0,25000,20000,5000,5000
056614,智邦永豐98購01  ,0,0,0,0,0,0,0,0,0,5000,0,0,0,5000,0,5000,5000
059948,正文永豐99購01  ,0,0,0,0,0,0,0,0,0,5000,0,0,0,85000,80000,5000,5000
059955,美食康和99購01  ,0,0,0,0,0,0,0,0,0,5000,0,0,0,5000,0,5000,5000
058323,泰鼎永豐9A購01  ,0,0,0,0,0,0,0,0,0,5000,0,0,0,5000,0,5000,5000
056987,南茂群益98購01  ,0,0,0,0,0,0,0,0,0,5000,0,0,0,5000,0,5000,5000
056821,日電貿永豐98購01,0,0,0,0,0,0,0,0,0,5000,0,0,0,5000,0,5000,5000
058198,瑞昱亞東99購01  ,0,0,0,0,0,0,0,0,0,5000,0,0,0,6000,1000,5000,5000
058258,世芯國泰9A購01  ,0,0,0,0,0,0,0,0,0,5000,0,0,0,5000,0,5000,5000
059196,聯發科永豐99購02,0,0,0,0,0,0,0,0,0,5000,0,0,0,5000,0,5000,5000
05919P,京鼎元大96售03  ,0,0,0,0,0,0,0,0,0,5000,0,0,0,5000,0,5000,5000
056911,緯穎元大99購01  ,0,0,0,0,0,0,0,0,0,5000,0,0,0,5000,0,5000,5000
056960,光罩永豐98購01  ,0,0,0,0,0,0,0,0,0,5000,0,0,0,5000,0,5000,5000
056890,國巨元大98購11  ,0,0,0,0,0,0,0,0,0,5000,0,0,0,5000,0,5000,5000
059464,台灣50元大9C購08,0,0,0,0,0,0,0,0,0,5000,0,0,0,5000,0,5000,5000
059580,大立光元富99購07,0,0,0,0,0,0,0,0,0,5000,0,0,0,5000,0,5000,5000
059720,台積電元大99購43,0,0,0,0,0,0,0,0,0,5000,0,0,0,5000,0,5000,5000
059670,T50正2元富99購04,0,0,0,0,0,0,0,0,0,5000,0,0,0,16000,11000,5000,5000
059850,日電貿永豐99購01,0,0,0,0,0,0,0,0,0,5000,0,0,0,15000,10000,5000,5000
059837,健策國泰9B購01  ,0,0,0,0,0,0,0,0,0,5000,0,0,0,5000,0,5000,5000
059761,國巨永豐99購06  ,0,0,0,0,0,0,0,0,0,5000,0,0,0,5000,0,5000,5000
06013P,世芯國泰97售03  ,0,0,0,0,0,0,0,0,0,5000,0,0,0,5000,0,5000,5000
059897,T50反1元大99購14,0,0,0,0,0,0,0,0,0,5000,0,0,0,10000,5000,5000,5000
057192,力成元大98購01  ,0,0,0,0,0,0,0,0,0,5000,0,0,0,5000,0,5000,5000
046645,技嘉國泰94購01  ,0,0,0,0,0,0,0,0,0,5000,0,0,0,5000,0,5000,5000
047202,欣興元富96購01  ,0,0,0,0,0,0,0,0,0,5000,0,0,0,5000,0,5000,5000
047995,台達電元大96購01,0,0,0,0,0,0,0,0,0,5000,0,0,0,5000,0,5000,5000
04770P,鴻海元大94售09  ,0,0,0,0,0,0,0,0,0,5000,0,0,0,5000,0,5000,5000
048820,台積電凱基94購06,0,0,0,0,0,0,0,0,0,5000,0,0,0,5000,0,5000,5000
052119,漢唐國票96購01  ,0,0,0,0,0,0,0,0,0,5000,0,0,0,5000,0,5000,5000
052269,T50反1日盛9B購01,0,0,0,0,0,0,0,0,0,5000,0,0,0,10000,5000,5000,5000
051950,旺宏元富95購02  ,0,0,0,0,0,0,0,0,0,5000,0,0,0,5000,0,5000,5000
04543P,鴻海富邦95售03  ,0,0,0,0,0,0,0,0,0,5000,0,0,0,5000,0,5000,5000
049387,緯穎元大94購03  ,0,0,0,0,0,0,0,0,0,5000,0,0,0,5000,0,5000,5000
050492,漢唐國泰96購01  ,0,0,0,0,0,0,0,0,0,5000,0,0,0,5000,0,5000,5000
050722,聯電國票96購01  ,0,0,0,0,0,0,0,0,0,5000,0,0,0,5000,0,5000,5000
050149,東元群益94購01  ,0,0,0,0,0,0,0,0,0,5000,0,0,0,5000,0,5000,5000
05412P,泰碩國票95售02  ,0,0,0,0,0,0,0,0,0,5000,0,0,0,5000,0,5000,5000
054120,奇力新永豐96購01,0,0,0,0,0,0,0,0,0,5000,0,0,0,5000,0,5000,5000
051075,智邦國泰97購01  ,0,0,0,0,0,0,0,0,0,5000,0,0,0,9000,4000,5000,5000
050340,鴻海統一94購07  ,0,0,0,0,0,0,0,0,0,5000,0,0,0,5000,0,5000,5000
050353,華擎群益95購01  ,0,0,0,0,0,0,0,0,0,5000,0,0,0,5000,0,5000,5000
056472,美律元大99購03  ,0,0,0,0,0,0,0,0,0,5000,0,0,0,5000,0,5000,5000
056406,建準國票99購01  ,0,0,0,0,0,0,0,0,0,5000,0,0,0,5000,0,5000,5000
054385,矽創群益98購01  ,0,0,0,0,0,0,0,0,0,5000,0,0,0,5000,0,5000,5000
054386,鴻海統一98購03  ,0,0,0,0,0,0,0,0,0,5000,0,0,0,5000,0,5000,5000
054574,美律元大99購01  ,0,0,0,0,0,0,0,0,0,5000,0,0,0,5000,0,5000,5000
054589,聯鈞國泰99購01  ,0,0,0,0,0,0,0,0,0,5000,0,0,0,5000,0,5000,5000
05479P,華新科台新96售01,0,0,0,0,0,0,0,0,0,5000,0,0,0,5000,0,5000,5000
054808,東元元大9A購01  ,0,0,0,0,0,0,0,0,0,5000,0,0,0,16000,11000,5000,5000
054823,祥碩元大97購02  ,0,0,0,0,0,0,0,0,0,5000,0,0,0,31000,26000,5000,5000
05483P,國巨凱基95售07  ,0,0,0,0,0,0,0,0,0,5000,0,0,0,6000,1000,5000,5000
053319,可成群益96購04  ,0,0,0,0,0,0,0,0,0,5000,0,0,0,5000,0,5000,5000
053186,健策中信9C購01  ,0,0,0,0,0,0,0,0,0,5000,0,0,0,5000,0,5000,5000
053175,矽力群益96購01  ,0,0,0,0,0,0,0,0,0,5000,0,0,0,5000,0,5000,5000
054020,技嘉台新97購01  ,0,0,0,0,0,0,0,0,0,5000,0,0,0,5000,0,5000,5000
053827,漢唐麥證9A購01  ,0,0,0,5000,0,5000,0,0,0,5000,0,0,0,5000,0,5000,5000
053712,台光電凱基96購04,0,0,0,0,0,0,0,0,0,5000,0,0,0,10000,5000,5000,5000
056365,欣興元大98購01  ,0,0,0,0,0,0,0,0,0,5000,0,0,0,36000,31000,5000,5000
055968,祥碩元大97購04  ,0,0,0,0,0,0,0,0,0,5000,0,0,0,56000,51000,5000,5000
055664,和大群益98購02  ,0,0,0,0,0,0,0,0,0,5000,0,0,0,5000,0,5000,5000
055605,緯穎元大97購02  ,0,0,0,0,0,0,0,0,0,5000,0,0,0,5000,0,5000,5000
055060,聯陽永豐97購01  ,0,0,0,0,0,0,0,0,0,5000,0,0,0,5000,0,5000,5000
053628,微星兆豐96購01  ,0,0,0,0,0,0,0,0,0,5000,0,0,0,7000,2000,5000,5000
053517,崇越群益97購01  ,0,0,0,0,0,0,0,0,0,5000,0,0,0,5000,0,5000,5000
055915,大立光凱基98購07,0,0,0,0,0,0,0,0,0,5000,0,0,0,5000,0,5000,5000
052781,瀚宇博國票97購03,0,0,0,0,0,0,0,0,0,5000,0,0,0,5000,0,5000,5000
052674,智邦國泰98購01  ,0,0,0,0,0,0,0,0,0,5000,0,0,0,5000,0,5000,5000
052690,台表科元大97購01,0,0,0,0,0,0,0,0,0,5000,0,0,0,5000,0,5000,5000
055280,智邦元大97購01  ,0,0,0,0,0,0,0,0,0,5000,0,0,0,5000,0,5000,5000
055308,聯發科群益97購04,0,0,0,0,0,0,0,0,0,5000,0,0,0,5000,0,5000,5000
053032,國巨兆豐97購02  ,0,0,0,0,0,0,0,0,0,5000,0,0,0,5000,0,5000,5000
055474,欣興凱基97購05  ,0,0,0,0,0,0,0,0,0,5000,0,0,0,6000,1000,5000,5000
052980,上銀元大96購03  ,0,0,0,0,0,0,0,0,0,5000,0,0,0,5000,0,5000,5000
059138,台積電兆豐99購04,0,0,0,0,0,0,0,0,0,5000,0,0,0,5000,0,5000,5000
058707,泰鼎元大99購02  ,0,0,0,0,0,0,0,0,0,5000,0,0,0,5000,0,5000,5000
059247,可成凱基99購05  ,0,0,0,0,0,0,0,0,0,5000,0,0,0,5000,0,5000,5000
059268,鎧勝中信01購01  ,0,0,0,0,0,0,0,0,0,5000,0,0,0,5000,0,5000,5000
058916,SGBR2X元富99購02,0,0,0,0,0,0,0,0,0,5000,0,0,0,25000,20000,5000,5000
059000,台積電元大99購25,0,0,0,0,0,0,0,0,0,5000,0,0,0,5000,0,5000,5000
059003,中壽元大99購01  ,0,0,0,0,0,0,0,0,0,5000,0,0,0,5000,0,5000,5000
058846,鴻海群益99購03  ,0,0,0,0,0,0,0,0,0,5000,0,0,0,13000,8000,5000,5000
058906,晶相光元大99購01,0,0,0,0,0,0,0,0,0,5000,0,0,0,5000,0,5000,5000
058773,和碩兆豐99購01  ,0,0,0,0,0,0,0,0,0,5000,0,0,0,5000,0,5000,5000
3583,辛耘            ,52000,47000,5000,0,0,0,0,0,0,0,0,0,0,0,0,0,5000
6177,達麗            ,75000,70000,5000,0,0,0,0,0,0,0,0,0,0,0,0,0,5000
5484,慧友            ,5000,0,5000,0,0,0,0,0,0,0,0,0,0,0,0,0,5000
057154,易華電國泰99購01,0,0,0,0,0,0,0,0,0,4000,0,0,0,4000,0,4000,4000
057059,易華電元大99購01,0,0,0,0,0,0,0,0,0,4000,0,0,0,10000,6000,4000,4000
057009,信邦中信99購01  ,0,0,0,0,0,0,0,0,0,4000,0,0,0,4000,0,4000,4000
059895,T50反1元大99購12,0,0,0,0,0,0,0,0,0,4000,0,0,0,4000,0,4000,4000
06010P,國泰金元富96售01,0,0,0,0,0,0,0,0,0,4000,0,0,0,9000,5000,4000,4000
059692,聯詠永豐99購01  ,0,0,0,0,0,0,0,0,0,4000,0,0,0,4000,0,4000,4000
059719,台積電元大99購42,0,0,0,0,0,0,0,0,0,4000,0,0,0,52000,48000,4000,4000
059631,京元電凱基99購02,0,0,0,0,0,0,0,0,0,4000,0,0,0,45000,41000,4000,4000
059462,台灣50元大9C購06,0,0,0,0,0,0,0,0,0,4000,0,0,0,4000,0,4000,4000
059458,鎧勝永豐99購01  ,0,0,0,0,0,0,0,0,0,4000,0,0,0,20000,16000,4000,4000
058262,大立光富邦9C購02,0,0,0,0,0,0,0,0,0,4000,0,0,0,4000,0,4000,4000
059946,健策永豐99購05  ,0,0,0,0,0,0,0,0,0,4000,0,0,0,4000,0,4000,4000
059033,元油2X群益9C購05,0,0,0,0,0,0,0,0,0,4000,0,0,0,9000,5000,4000,4000
058636,亞光兆豐9A購01  ,0,0,0,0,0,0,0,0,0,4000,0,0,0,4000,0,4000,4000
058570,臻鼎凱基9A購01  ,0,0,0,0,0,0,0,0,0,4000,0,0,0,137000,133000,4000,4000
058669,上銀群益99購01  ,0,0,0,0,0,0,0,0,0,4000,0,0,0,4000,0,4000,4000
058665,台灣50群益9B購02,0,0,0,0,0,0,0,0,0,4000,0,0,0,4000,0,4000,4000
056697,緯穎群益98購01  ,0,0,0,0,0,0,0,0,0,4000,0,0,0,4000,0,4000,4000
056769,國產元大98購01  ,0,0,0,0,0,0,0,0,0,4000,0,0,0,4000,0,4000,4000
06969P,上銀元大99售02  ,0,0,0,0,0,0,0,0,0,4000,0,0,0,4000,0,4000,4000
06790P,台積電凱基9A售04,0,0,0,0,0,0,0,0,0,4000,0,0,0,18000,14000,4000,4000
06802P,緯穎群益98售03  ,0,0,0,0,0,0,0,0,0,4000,0,0,0,4000,0,4000,4000
06873P,嘉晶元富98售02  ,0,0,0,0,0,0,0,0,0,4000,0,0,0,4000,0,4000,4000
06306P,臺股指元大97售12,0,0,0,0,0,0,0,0,0,4000,0,0,0,4000,0,4000,4000
057298,旭富永豐98購01  ,0,0,0,0,0,0,0,0,0,4000,0,0,0,4000,0,4000,4000
057309,南茂兆豐99購01  ,0,0,0,0,0,0,0,0,0,4000,0,0,0,4000,0,4000,4000
057662,上銀元大9A購01  ,0,0,0,0,0,0,0,0,0,4000,0,0,0,4000,0,4000,4000
057197,立積台新98購01  ,0,0,0,0,0,0,0,0,0,4000,0,0,0,4000,0,4000,4000
057241,超眾凱基99購02  ,0,0,0,0,0,0,0,0,0,4000,0,0,0,4000,0,4000,4000
057861,台積電凱基98購16,0,0,0,0,0,0,0,0,0,4000,0,0,0,4000,0,4000,4000
057903,聯鈞永豐99購01  ,0,0,0,0,0,0,0,0,0,4000,0,0,0,4000,0,4000,4000
058741,欣興日盛99購01  ,0,0,0,0,0,0,0,0,0,4000,0,0,0,4000,0,4000,4000
058727,嘉晶富邦9A購01  ,0,0,0,0,0,0,0,0,0,4000,0,0,0,4000,0,4000,4000
058688,矽創凱基9A購01  ,0,0,0,0,0,0,0,0,0,4000,0,0,0,10000,6000,4000,4000
059126,臺指反中信9B購01,0,0,0,0,0,0,0,0,0,4000,0,0,0,15000,11000,4000,4000
052946,智原國票97購02  ,0,0,0,0,0,0,0,0,0,4000,0,0,0,4000,0,4000,4000
055363,緯穎凱基98購03  ,0,0,0,0,0,0,0,0,0,4000,0,0,0,4000,0,4000,4000
052724,力成統一97購01  ,0,0,0,0,0,0,0,0,0,4000,0,0,0,4000,0,4000,4000
056391,大立光富邦9C購01,0,0,0,0,0,0,0,0,0,4000,0,0,0,44000,40000,4000,4000
053561,玉晶光國泰98購01,0,0,0,0,0,0,0,0,0,4000,0,0,0,4000,0,4000,4000
053562,玉晶光國泰98購02,0,0,0,0,0,0,0,0,0,4000,0,0,0,4000,0,4000,4000
055017,緯穎元富97購01  ,0,0,0,0,0,0,0,0,0,4000,0,0,0,4000,0,4000,4000
056357,台積電元大9A購01,0,0,0,0,0,0,0,0,0,4000,0,0,0,4000,0,4000,4000
053687,智邦元大96購02  ,0,0,0,0,0,0,0,0,0,4000,0,0,0,4000,0,4000,4000
054931,緯穎凱基98購01  ,0,0,0,0,0,0,0,0,0,4000,0,0,0,4000,0,4000,4000
054766,智原國票98購01  ,0,0,0,0,0,0,0,0,0,4000,0,0,0,4000,0,4000,4000
054361,技嘉凱基96購01  ,0,0,0,0,0,0,0,0,0,4000,0,0,0,4000,0,4000,4000
054363,世芯凱基97購01  ,0,0,0,0,0,0,0,0,0,4000,0,0,0,5000,1000,4000,4000
056529,中環凱基98購01  ,0,0,0,0,0,0,0,0,0,4000,0,0,0,11000,7000,4000,4000
050275,緯穎元大94購10  ,0,0,0,0,0,0,0,0,0,4000,0,0,0,4000,0,4000,4000
050212,瀚宇博國票95購02,0,0,0,0,0,0,0,0,0,4000,0,0,0,4000,0,4000,4000
054148,矽創元大96購03  ,0,0,0,0,0,0,0,0,0,4000,0,0,0,4000,0,4000,4000
051486,玉晶光凱基97購03,0,0,0,0,0,0,0,0,0,4000,0,0,0,4000,0,4000,4000
050627,華通中信94購02  ,0,0,0,0,0,0,0,0,0,4000,0,0,0,4000,0,4000,4000
050660,欣興元大96購02  ,0,0,0,0,0,0,0,0,0,4000,0,0,0,4000,0,4000,4000
050424,鴻海凱基96購03  ,0,0,0,0,0,0,0,0,0,4000,0,0,0,4000,0,4000,4000
049814,超眾元大95購04  ,0,0,0,0,0,0,0,0,0,4000,0,0,0,4000,0,4000,4000
049816,緯穎元大94購07  ,0,0,0,0,0,0,0,0,0,4000,0,0,0,10000,6000,4000,4000
049504,臺股指元大94購15,0,0,0,0,0,0,0,0,0,4000,0,0,0,4000,0,4000,4000
03567P,可成凱基02售06  ,0,0,0,0,0,0,0,0,0,4000,0,0,0,4000,0,4000,4000
05230P,京元電群益95售01,0,0,0,0,0,0,0,0,0,4000,0,0,0,4000,0,4000,4000
052319,可成元大95購12  ,0,0,0,0,0,0,0,0,0,4000,0,0,0,4000,0,4000,4000
048947,凌華永豐94購01  ,0,0,0,0,0,0,0,0,0,4000,0,0,0,4000,0,4000,4000
048637,鴻海元大96購01  ,0,0,0,0,0,0,0,0,0,4000,0,0,0,4000,0,4000,4000
047768,大立光元大95購01,0,0,0,0,0,0,0,0,0,4000,0,0,0,4000,0,4000,4000
04751P,智邦兆豐95售02  ,0,0,0,0,0,0,0,0,0,4000,0,0,0,20000,16000,4000,4000
046866,台積電統一94購03,0,0,0,0,0,0,0,0,0,4000,0,0,0,4000,0,4000,4000
00866,新光Shiller CAPE,0,0,0,0,0,0,0,0,0,4000,0,0,0,34000,30000,4000,4000
4581,光隆精密-KY     ,4000,0,4000,0,0,0,0,0,0,0,0,0,0,0,0,0,4000
8367,建新國際        ,5000,1000,4000,0,0,0,0,0,0,0,0,0,0,0,0,0,4000
910861,神州-DR         ,4000,0,4000,0,0,0,0,0,0,0,0,0,0,0,0,0,4000
6230,超眾            ,401000,392099,8901,0,0,0,429,25000,-24571,19000,12000,0,12000,19000,12000,7000,3330
057909,台光電兆豐98購01,0,0,0,0,0,0,0,0,0,3000,0,0,0,3000,0,3000,3000
057825,和碩元大98購02  ,0,0,0,0,0,0,0,0,0,3000,0,0,0,3000,0,3000,3000
057811,南亞科元大98購08,0,0,0,0,0,0,0,0,0,3000,0,0,0,3000,0,3000,3000
058015,旺宏凱基99購02  ,0,0,0,0,0,0,0,0,0,3000,0,0,0,3000,0,3000,3000
058010,帆宣國票98購01  ,0,0,0,0,0,0,0,0,0,3000,0,0,0,3000,0,3000,3000
057591,鴻海兆豐99購01  ,0,0,0,0,0,0,0,0,0,3000,0,0,0,3000,0,3000,3000
057710,金融類群益98購01,0,0,0,0,0,0,0,0,0,3000,0,0,0,3000,0,3000,3000
06274P,臺股指凱基97售06,0,0,0,0,0,0,0,0,0,3000,0,0,0,3000,0,3000,3000
06847P,奇力新元大98售05,0,0,0,0,0,0,0,0,0,3000,0,0,0,3000,0,3000,3000
06868P,電子類元大99售01,0,0,0,0,0,0,0,0,0,3000,0,0,0,6000,3000,3000,3000
06618P,智邦元大98售04  ,0,0,0,0,0,0,0,0,0,3000,0,0,0,3000,0,3000,3000
06673P,大立光群益98售01,0,0,0,0,0,0,0,0,0,3000,0,0,0,4000,1000,3000,3000
07339P,滬深2X凱基9A售03,0,0,0,0,0,0,0,0,0,3000,0,0,0,3000,0,3000,3000
08663P,台灣50元大96售01,0,0,0,0,0,0,0,0,0,3000,0,0,0,3000,0,3000,3000
1737,臺鹽            ,17000,27000,-10000,0,0,0,0,0,0,13000,13000,0,13000,0,0,0,3000
058571,緯穎凱基9A購02  ,0,0,0,0,0,0,0,0,0,3000,0,0,0,3000,0,3000,3000
058564,元金2X凱基9C購01,0,0,0,0,0,0,0,0,0,3000,0,0,0,3000,0,3000,3000
059090,台新金元大99購01,0,0,0,0,0,0,0,0,0,3000,0,0,0,5000,2000,3000,3000
058043,鴻海元大98購13  ,0,0,0,0,0,0,0,0,0,3000,0,0,0,3000,0,3000,3000
059938,凱美永豐99購01  ,0,0,0,0,0,0,0,0,0,3000,0,0,0,3000,0,3000,3000
059351,台虹凱基99購01  ,0,0,0,0,0,0,0,0,0,3000,0,0,0,3000,0,3000,3000
058322,玉晶光永豐99購02,0,0,0,0,0,0,0,0,0,3000,0,0,0,3000,0,3000,3000
058213,欣興群益99購01  ,0,0,0,0,0,0,0,0,0,3000,0,0,0,10000,7000,3000,3000
056907,群創元大9C購04  ,0,0,0,0,0,0,0,0,0,3000,0,0,0,3000,0,3000,3000
059483,臺股指群益99購17,0,0,0,0,0,0,0,0,0,3000,0,0,0,3000,0,3000,3000
06016P,京元電凱基96售03,0,0,0,0,0,0,0,0,0,3000,0,0,0,3000,0,3000,3000
059756,奇力新富邦9C購01,0,0,0,0,0,0,0,0,0,3000,0,0,0,10000,7000,3000,3000
059774,臺股指群益99購21,0,0,0,0,0,0,0,0,0,3000,0,0,0,3000,0,3000,3000
059320,華新科元大99購15,0,0,0,0,0,0,0,0,0,3000,0,0,0,3000,0,3000,3000
057188,佐登元大98購01  ,0,0,0,0,0,0,0,0,0,3000,0,0,0,3000,0,3000,3000
058519,嘉澤元大99購01  ,0,0,0,0,0,0,0,0,0,3000,0,0,0,23000,20000,3000,3000
058493,台積電群益9A購01,0,0,0,0,0,0,0,0,0,3000,0,0,0,19000,16000,3000,3000
058451,智邦永豐9A購01  ,0,0,0,0,0,0,0,0,0,3000,0,0,0,3000,0,3000,3000
058439,玉晶光統一01購02,0,0,0,0,0,0,0,0,0,3000,0,0,0,3000,0,3000,3000
03012X,元展12          ,0,0,0,0,0,0,0,0,0,3000,0,0,0,3000,0,3000,3000
00700,富邦恒生國企    ,0,0,0,0,0,0,0,0,0,3000,0,0,0,103000,100000,3000,3000
04769P,高股息元大94售01,0,0,0,0,0,0,0,0,0,3000,0,0,0,3000,0,3000,3000
052331,漢唐亞東97購01  ,0,0,0,0,0,0,0,0,0,3000,0,0,0,3000,0,3000,3000
051769,矽力元大95購01  ,0,0,0,0,0,0,0,0,0,3000,0,0,0,3000,0,3000,3000
04534P,臻鼎元富94售03  ,0,0,0,0,0,0,0,0,0,3000,0,0,0,3000,0,3000,3000
04436P,聯發科中信96售02,0,0,0,0,0,0,0,0,0,3000,0,0,0,3000,0,3000,3000
035275,台積電台新97購01,0,0,0,0,0,0,0,0,0,3000,0,0,0,3000,0,3000,3000
049523,微星兆豐94購02  ,0,0,0,0,0,0,0,0,0,3000,0,0,0,5000,2000,3000,3000
049030,凌華群益94購01  ,0,0,0,0,0,0,0,0,0,3000,0,0,0,3000,0,3000,3000
049368,奇力新元大94購02,0,0,0,0,0,0,0,0,0,3000,0,0,0,3000,0,3000,3000
050789,矽創國泰96購01  ,0,0,0,0,0,0,0,0,0,3000,0,0,0,3000,0,3000,3000
050725,光磊國票96購01  ,0,0,0,0,0,0,0,0,0,3000,0,0,0,3000,0,3000,3000
051598,瑞昱兆豐95購01  ,0,0,0,0,0,0,0,0,0,3000,0,0,0,14000,11000,3000,3000
054262,瀚宇博元大96購03,0,0,0,0,0,0,0,0,0,3000,0,0,0,3000,0,3000,3000
054238,聯茂群益96購04  ,0,0,0,0,0,0,0,0,0,3000,0,0,0,3000,0,3000,3000
054224,亞光統一98購01  ,0,0,0,0,0,0,0,0,0,3000,0,0,0,3000,0,3000,3000
054375,貿聯中信99購01  ,0,0,0,0,0,0,0,0,0,3000,0,0,0,3000,0,3000,3000
054807,台化元大9A購02  ,0,0,0,0,0,0,0,0,0,3000,0,0,0,3000,0,3000,3000
054881,光罩統一97購01  ,0,0,0,0,0,0,0,0,0,3000,0,0,0,3000,0,3000,3000
053269,同欣電群益96購01,0,0,0,0,0,0,0,0,0,3000,0,0,0,3000,0,3000,3000
053312,緯穎凱基96購02  ,0,0,0,0,0,0,0,0,0,3000,0,0,0,9000,6000,3000,3000
05402P,台郡永豐95售02  ,0,0,0,0,0,0,0,0,0,3000,0,0,0,3000,0,3000,3000
056203,興富發永豐97購01,0,0,0,0,0,0,0,0,0,3000,0,0,0,5000,2000,3000,3000
055951,大成鋼元大97購02,0,0,0,0,0,0,0,0,0,3000,0,0,0,3000,0,3000,3000
055932,玉山金群益99購01,0,0,0,0,0,0,0,0,0,3000,0,0,0,3000,0,3000,3000
055872,亞泥元富97購01  ,0,0,0,0,0,0,0,0,0,3000,0,0,0,3000,0,3000,3000
055904,貿聯亞東99購01  ,0,0,0,0,0,0,0,0,0,3000,0,0,0,4000,1000,3000,3000
055848,大立光元大97購11,0,0,0,0,0,0,0,0,0,3000,0,0,0,3000,0,3000,3000
059270,台灣50元大01購03,0,0,0,0,0,0,0,0,0,3000,0,0,0,3000,0,3000,3000
059242,南亞科凱基99購06,0,0,0,0,0,0,0,0,0,3000,0,0,0,3000,0,3000,3000
058761,欣興群益99購02  ,0,0,0,0,0,0,0,0,0,3000,0,0,0,10000,7000,3000,3000
058898,台積電元大99購20,0,0,0,0,0,0,0,0,0,3000,0,0,0,3000,0,3000,3000
058989,茂林凱基99購02  ,0,0,0,0,0,0,0,0,0,3000,0,0,0,3000,0,3000,3000
058949,上銀群益99購02  ,0,0,0,0,0,0,0,0,0,3000,0,0,0,3000,0,3000,3000
6152,百一            ,5000,2000,3000,0,0,0,0,0,0,0,0,0,0,0,0,0,3000
8411,福貞-KY         ,3000,0,3000,0,0,0,0,0,0,0,0,0,0,0,0,0,3000
8101,華冠            ,19000,16000,3000,0,0,0,0,0,0,0,0,0,0,0,0,0,3000
2882A,國泰特          ,3000,0,3000,0,0,0,0,0,0,0,0,0,0,0,0,0,3000
2023,燁輝            ,391000,387703,3297,0,0,0,0,0,0,-1000,0,1000,-1000,0,0,0,2297
2233,宇隆            ,43000,43000,0,0,0,0,0,0,0,2000,9000,7000,2000,0,0,0,2000
07353P,大立光國票99售02,0,0,0,0,0,0,0,0,0,2000,0,0,0,2000,0,2000,2000
07142P,台灣50元大01售01,0,0,0,0,0,0,0,0,0,2000,0,0,0,2000,0,2000,2000
07124P,台積電元大99售21,0,0,0,0,0,0,0,0,0,2000,0,0,0,2000,0,2000,2000
07095P,台灣50元大9C售03,0,0,0,0,0,0,0,0,0,2000,0,0,0,2000,0,2000,2000
07221P,臺股指中信9B售04,0,0,0,0,0,0,0,0,0,2000,0,0,0,2000,0,2000,2000
07170P,臺股指國票99售07,0,0,0,0,0,0,0,0,0,2000,0,0,0,4000,2000,2000,2000
07258P,台灣50台新9A售01,0,0,0,0,0,0,0,0,0,2000,0,0,0,2000,0,2000,2000
07301P,臺股指元大9A售34,0,0,0,0,0,0,0,0,0,2000,0,0,0,65000,63000,2000,2000
06668P,祥碩凱基98售02  ,0,0,0,0,0,0,0,0,0,2000,0,0,0,17000,15000,2000,2000
06581P,南亞科凱基98售04,0,0,0,0,0,0,0,0,0,2000,0,0,0,2000,0,2000,2000
06528P,台積電富邦99售03,0,0,0,0,0,0,0,0,0,2000,0,0,0,2000,0,2000,2000
06947P,FBVIX元大01售01 ,0,0,0,0,0,0,0,0,0,2000,0,0,0,2000,0,2000,2000
06926P,可成群益9A售04  ,0,0,0,0,0,0,0,0,0,2000,0,0,0,2000,0,2000,2000
06303P,臺股指元大97售09,0,0,0,0,0,0,0,0,0,2000,0,0,0,2000,0,2000,2000
057556,智易凱基99購01  ,0,0,0,0,0,0,0,0,0,2000,0,0,0,2000,0,2000,2000
059324,智易元大99購04  ,0,0,0,0,0,0,0,0,0,2000,0,0,0,71000,69000,2000,2000
05850P,台積電兆豐96售06,0,0,0,0,0,0,0,0,0,2000,0,0,0,12000,10000,2000,2000
05849P,臺股指元大96售25,0,0,0,0,0,0,0,0,0,2000,0,0,0,2000,0,2000,2000
06163P,聯詠群益97售01  ,0,0,0,0,0,0,0,0,0,2000,0,0,0,2000,0,2000,2000
057079,台積電統一9A購02,0,0,0,0,0,0,0,0,0,2000,0,0,0,2000,0,2000,2000
057158,義隆永豐99購01  ,0,0,0,0,0,0,0,0,0,2000,0,0,0,2000,0,2000,2000
059776,台灣50元大9C購17,0,0,0,0,0,0,0,0,0,2000,0,0,0,2000,0,2000,2000
06072P,牧德永豐97售01  ,0,0,0,0,0,0,0,0,0,2000,0,0,0,2000,0,2000,2000
06046P,健策統一96售03  ,0,0,0,0,0,0,0,0,0,2000,0,0,0,2000,0,2000,2000
059471,華新科元大99購17,0,0,0,0,0,0,0,0,0,2000,0,0,0,2000,0,2000,2000
059653,台灣50元大99購08,0,0,0,0,0,0,0,0,0,2000,0,0,0,3000,1000,2000,2000
059705,華新科凱基9A購07,0,0,0,0,0,0,0,0,0,2000,0,0,0,2000,0,2000,2000
059749,台灣50群益9A購04,0,0,0,0,0,0,0,0,0,2000,0,0,0,2000,0,2000,2000
059229,臺股指元大99購22,0,0,0,0,0,0,0,0,0,2000,0,0,0,2000,0,2000,2000
058223,世芯統一9B購01  ,0,0,0,0,0,0,0,0,0,2000,0,0,0,2000,0,2000,2000
058235,大立光元大99購08,0,0,0,0,0,0,0,0,0,2000,0,0,0,2000,0,2000,2000
058194,勤誠永豐99購01  ,0,0,0,0,0,0,0,0,0,2000,0,0,0,18000,16000,2000,2000
056998,麗豐康和98購01  ,0,0,0,0,0,0,0,0,0,2000,0,0,0,12000,10000,2000,2000
058309,大毅元大99購02  ,0,0,0,0,0,0,0,0,0,2000,0,0,0,6000,4000,2000,2000
059366,台積電台新99購04,0,0,0,0,0,0,0,0,0,2000,0,0,0,2000,0,2000,2000
056620,華新科永豐98購02,0,0,0,0,0,0,0,0,0,2000,0,0,0,22000,20000,2000,2000
059022,聯發科統一9B購04,0,0,0,0,0,0,0,0,0,2000,0,0,0,2000,0,2000,2000
059053,鴻海凱基99購07  ,0,0,0,0,0,0,0,0,0,2000,0,0,0,63000,61000,2000,2000
05905P,晶技統一97售01  ,0,0,0,0,0,0,0,0,0,2000,0,0,0,2000,0,2000,2000
056671,台灣50元富9A購01,0,0,0,0,0,0,0,0,0,2000,0,0,0,2000,0,2000,2000
058659,力成中信99購01  ,0,0,0,0,0,0,0,0,0,2000,0,0,0,2000,0,2000,2000
059285,台灣50元富01購02,0,0,0,0,0,0,0,0,0,2000,0,0,0,4000,2000,2000,2000
055755,禾伸堂兆豐97購02,0,0,0,0,0,0,0,0,0,2000,0,0,0,2000,0,2000,2000
052755,滬深2X群益9A購01,0,0,0,0,0,0,0,0,0,2000,0,0,0,2000,0,2000,2000
052689,玉晶光元大98購03,0,0,0,0,0,0,0,0,0,2000,0,0,0,2000,0,2000,2000
052854,聯詠日盛96購01  ,0,0,0,0,0,0,0,0,0,2000,0,0,0,2000,0,2000,2000
05291P,鴻海凱基95售16  ,0,0,0,0,0,0,0,0,0,2000,0,0,0,2000,0,2000,2000
056079,世紀鋼元大97購02,0,0,0,0,0,0,0,0,0,2000,0,0,0,22000,20000,2000,2000
054972,聯茂元大97購02  ,0,0,0,0,0,0,0,0,0,2000,0,0,0,2000,0,2000,2000
053978,創意元大96購05  ,0,0,0,0,0,0,0,0,0,2000,0,0,0,2000,0,2000,2000
053683,上証2X元大96購03,0,0,0,0,0,0,0,0,0,2000,0,0,0,5000,3000,2000,2000
05381P,聯詠群益95售02  ,0,0,0,0,0,0,0,0,0,2000,0,0,0,2000,0,2000,2000
053287,臺股指元大96購15,0,0,0,0,0,0,0,0,0,2000,0,0,0,2000,0,2000,2000
053244,光磊國票97購01  ,0,0,0,0,0,0,0,0,0,2000,0,0,0,2000,0,2000,2000
053249,致伸國票97購02  ,0,0,0,0,0,0,0,0,0,2000,0,0,0,2000,0,2000,2000
053255,貿聯國泰97購01  ,0,0,0,0,0,0,0,0,0,2000,0,0,0,2000,0,2000,2000
053162,緯穎元大97購01  ,0,0,0,0,0,0,0,0,0,2000,0,0,0,2000,0,2000,2000
053063,力山群益98購01  ,0,0,0,0,0,0,0,0,0,2000,0,0,0,2000,0,2000,2000
053041,可成凱基96購02  ,0,0,0,0,0,0,0,0,0,2000,0,0,0,2000,0,2000,2000
054831,緯穎國泰98購01  ,0,0,0,0,0,0,0,0,0,2000,0,0,0,2000,0,2000,2000
05491P,茂林元大95售04  ,0,0,0,0,0,0,0,0,0,2000,0,0,0,33000,31000,2000,2000
05472P,國巨統一96售02  ,0,0,0,0,0,0,0,0,0,2000,0,0,0,2000,0,2000,2000
054730,上証2X凱基98購02,0,0,0,0,0,0,0,0,0,2000,0,0,0,2000,0,2000,2000
054669,凌華元富97購01  ,0,0,0,0,0,0,0,0,0,2000,0,0,0,2000,0,2000,2000
054707,聯茂亞東97購01  ,0,0,0,0,0,0,0,0,0,2000,0,0,0,2000,0,2000,2000
054300,華通凱基96購07  ,0,0,0,0,0,0,0,0,0,2000,0,0,0,12000,10000,2000,2000
05458P,台積電凱基97售02,0,0,0,0,0,0,0,0,0,2000,0,0,0,2000,0,2000,2000
054575,聯鈞元大97購01  ,0,0,0,0,0,0,0,0,0,2000,0,0,0,2000,0,2000,2000
05645P,聯發科凱基96售13,0,0,0,0,0,0,0,0,0,2000,0,0,0,2000,0,2000,2000
056442,瑞昱凱基98購02  ,0,0,0,0,0,0,0,0,0,2000,0,0,0,2000,0,2000,2000
056478,晶技元大99購01  ,0,0,0,0,0,0,0,0,0,2000,0,0,0,2000,0,2000,2000
054138,晶技元大98購02  ,0,0,0,0,0,0,0,0,0,2000,0,0,0,2000,0,2000,2000
054105,元油反凱基9A購01,0,0,0,0,0,0,0,0,0,2000,0,0,0,2000,0,2000,2000
054189,貿聯永豐96購03  ,0,0,0,0,0,0,0,0,0,2000,0,0,0,2000,0,2000,2000
051324,康友國票96購01  ,0,0,0,0,0,0,0,0,0,2000,0,0,0,2000,0,2000,2000
051449,玉晶光元大96購01,0,0,0,0,0,0,0,0,0,2000,0,0,0,58000,56000,2000,2000
050919,台積電凱基95購03,0,0,0,0,0,0,0,0,0,2000,0,0,0,2000,0,2000,2000
050927,聯詠凱基95購01  ,0,0,0,0,0,0,0,0,0,2000,0,0,0,2000,0,2000,2000
050941,T50反1群益95購01,0,0,0,0,0,0,0,0,0,2000,0,0,0,2000,0,2000,2000
050651,大立光凱基96購02,0,0,0,0,0,0,0,0,0,2000,0,0,0,2000,0,2000,2000
050604,上証2X永昌94購01,0,0,0,0,0,0,0,0,0,2000,0,0,0,2000,0,2000,2000
049260,華新科元大96購01,0,0,0,0,0,0,0,0,0,2000,0,0,0,2000,0,2000,2000
052391,瑞儀群益95購01  ,0,0,0,0,0,0,0,0,0,2000,0,0,0,2000,0,2000,2000
049611,緯穎兆豐95購02  ,0,0,0,0,0,0,0,0,0,2000,0,0,0,6000,4000,2000,2000
050006,華擎永豐94購03  ,0,0,0,0,0,0,0,0,0,2000,0,0,0,2000,0,2000,2000
049904,矽力元富94購01  ,0,0,0,0,0,0,0,0,0,2000,0,0,0,2000,0,2000,2000
03094X,大立光元大68展08,0,0,0,0,0,0,0,0,0,2000,0,0,0,2000,0,2000,2000
044533,S&P反1中信94購02,0,0,0,0,0,0,0,0,0,2000,0,0,0,2000,0,2000,2000
045996,南電富邦94購01  ,0,0,0,0,0,0,0,0,0,2000,0,0,0,2000,0,2000,2000
051699,世紀鋼麥證95購01,0,0,0,4000,2000,2000,0,0,0,2000,0,0,0,4000,2000,2000,2000
042692,台灣50凱基96購09,0,0,0,0,0,0,0,0,0,2000,0,0,0,2000,0,2000,2000
039212,台達電台新9A購01,0,0,0,0,0,0,0,0,0,2000,0,0,0,3000,1000,2000,2000
052342,茂林凱基96購01  ,0,0,0,0,0,0,0,0,0,2000,0,0,0,2000,0,2000,2000
048905,旺宏富邦96購01  ,0,0,0,0,0,0,0,0,0,2000,0,0,0,2000,0,2000,2000
052086,鴻海元大96購08  ,0,0,0,0,0,0,0,0,0,2000,0,0,0,2000,0,2000,2000
05188P,可成凱基95售09  ,0,0,0,0,0,0,0,0,0,2000,0,0,0,2000,0,2000,2000
047681,滬深反中信95購01,0,0,0,0,0,0,0,0,0,2000,0,0,0,2000,0,2000,2000
04742P,瑞昱統一94售01  ,0,0,0,0,0,0,0,0,0,2000,0,0,0,2000,0,2000,2000
04379P,大立光元大94售06,0,0,0,0,0,0,0,0,0,2000,0,0,0,2000,0,2000,2000
048345,緯創元大94購01  ,0,0,0,0,0,0,0,0,0,2000,0,0,0,2000,0,2000,2000
048417,國巨統一94購01  ,0,0,0,0,0,0,0,0,0,2000,0,0,0,2000,0,2000,2000
00684R,元大美元指數反1 ,0,0,0,0,0,0,0,0,0,2000,0,0,0,2000,0,2000,2000
00657,國泰日經225     ,0,0,0,0,0,0,0,0,0,2000,0,0,0,102000,100000,2000,2000
6641,基士德-KY       ,6000,4000,2000,0,0,0,0,0,0,0,0,0,0,0,0,0,2000
056754,智易兆豐99購01  ,0,0,0,0,0,0,0,0,0,1000,0,0,0,1000,0,1000,1000
056783,國巨群益99購01  ,0,0,0,0,0,0,0,0,0,1000,0,0,0,1000,0,1000,1000
05680P,聯發科元大96售12,0,0,0,0,0,0,0,0,0,1000,0,0,0,1000,0,1000,1000
056825,深中小富邦9B購01,0,0,0,0,0,0,0,0,0,1000,0,0,0,1000,0,1000,1000
058645,康控富邦01購01  ,0,0,0,0,0,0,0,0,0,1000,0,0,0,1000,0,1000,1000
058617,南電元大99購01  ,0,0,0,0,0,0,0,0,0,1000,0,0,0,1000,0,1000,1000
05901P,臺股指凱基9C售01,0,0,0,0,0,0,0,0,0,1000,0,0,0,1000,0,1000,1000
059107,南茂國泰9A購01  ,0,0,0,0,0,0,0,0,0,1000,0,0,0,26000,25000,1000,1000
059335,台灣50凱基03購02,0,0,0,0,0,0,0,0,0,1000,0,0,0,1000,0,1000,1000
058090,聯發科元大98購16,0,0,0,0,0,0,0,0,0,1000,0,0,0,1000,0,1000,1000
056657,華邦電元大99購01,0,0,0,0,0,0,0,0,0,1000,0,0,0,1000,0,1000,1000
059373,滬深2X群益01購03,0,0,0,0,0,0,0,0,0,1000,0,0,0,1000,0,1000,1000
058305,華邦電元大99購02,0,0,0,0,0,0,0,0,0,1000,0,0,0,1000,0,1000,1000
058353,國巨凱基99購09  ,0,0,0,0,0,0,0,0,0,1000,0,0,0,1000,0,1000,1000
058347,玉晶光群益9B購01,0,0,0,0,0,0,0,0,0,1000,0,0,0,1000,0,1000,1000
058403,玉晶光元大99購12,0,0,0,0,0,0,0,0,0,1000,0,0,0,1000,0,1000,1000
058406,聯茂元大99購06  ,0,0,0,0,0,0,0,0,0,1000,0,0,0,1000,0,1000,1000
059921,大立光元大99購24,0,0,0,0,0,0,0,0,0,1000,0,0,0,10000,9000,1000,1000
059228,臺股指元大99購21,0,0,0,0,0,0,0,0,0,1000,0,0,0,1000,0,1000,1000
059238,台積電凱基99購11,0,0,0,0,0,0,0,0,0,1000,0,0,0,1000,0,1000,1000
059225,臺股指元大99購18,0,0,0,0,0,0,0,0,0,1000,0,0,0,1000,0,1000,1000
059214,國巨元大99購20  ,0,0,0,0,0,0,0,0,0,1000,0,0,0,3000,2000,1000,1000
059220,聯發科元大99購20,0,0,0,0,0,0,0,0,0,1000,0,0,0,1000,0,1000,1000
056860,正崴群益98購01  ,0,0,0,0,0,0,0,0,0,1000,0,0,0,1000,0,1000,1000
056961,凱美永豐98購01  ,0,0,0,0,0,0,0,0,0,1000,0,0,0,3000,2000,1000,1000
059747,台達電台新99購01,0,0,0,0,0,0,0,0,0,1000,0,0,0,1000,0,1000,1000
059744,禾伸堂元富99購02,0,0,0,0,0,0,0,0,0,1000,0,0,0,1000,0,1000,1000
05966P,矽力凱基96售03  ,0,0,0,0,0,0,0,0,0,1000,0,0,0,1000,0,1000,1000
059595,華新科元大9A購03,0,0,0,0,0,0,0,0,0,1000,0,0,0,1000,0,1000,1000
059433,聯發科元大99購27,0,0,0,0,0,0,0,0,0,1000,0,0,0,101000,100000,1000,1000
059398,滬深2X元富9C購02,0,0,0,0,0,0,0,0,0,1000,0,0,0,1000,0,1000,1000
059505,上証2X永豐99購02,0,0,0,0,0,0,0,0,0,1000,0,0,0,5000,4000,1000,1000
059550,台灣50日盛99購02,0,0,0,0,0,0,0,0,0,1000,0,0,0,1000,0,1000,1000
059538,健策凱基99購03  ,0,0,0,0,0,0,0,0,0,1000,0,0,0,105000,104000,1000,1000
059768,上証2X群益9C購02,0,0,0,0,0,0,0,0,0,1000,0,0,0,1000,0,1000,1000
059764,健策永豐99購04  ,0,0,0,0,0,0,0,0,0,1000,0,0,0,41000,40000,1000,1000
059829,超眾凱基99購05  ,0,0,0,0,0,0,0,0,0,1000,0,0,0,10000,9000,1000,1000
059859,國巨群益9A購03  ,0,0,0,0,0,0,0,0,0,1000,0,0,0,1000,0,1000,1000
059860,台積電群益9A購02,0,0,0,0,0,0,0,0,0,1000,0,0,0,16000,15000,1000,1000
06152P,玉晶光元大98售06,0,0,0,0,0,0,0,0,0,1000,0,0,0,1000,0,1000,1000
058497,新日興群益9B購01,0,0,0,0,0,0,0,0,0,1000,0,0,0,1000,0,1000,1000
05719P,可成元大96售03  ,0,0,0,0,0,0,0,0,0,1000,0,0,0,13000,12000,1000,1000
057724,亞德客國泰99購01,0,0,0,0,0,0,0,0,0,1000,0,0,0,1000,0,1000,1000
057743,華擎永豐98購03  ,0,0,0,0,0,0,0,0,0,1000,0,0,0,1000,0,1000,1000
057663,國巨元大99購08  ,0,0,0,0,0,0,0,0,0,1000,0,0,0,1000,0,1000,1000
057680,臺股指元大98購10,0,0,0,0,0,0,0,0,0,1000,0,0,0,25000,24000,1000,1000
057455,景碩國泰99購01  ,0,0,0,0,0,0,0,0,0,1000,0,0,0,1000,0,1000,1000
058532,禾伸堂元富99購01,0,0,0,0,0,0,0,0,0,1000,0,0,0,1000,0,1000,1000
058530,為升元富99購01  ,0,0,0,0,0,0,0,0,0,1000,0,0,0,1000,0,1000,1000
057924,健策凱基98購02  ,0,0,0,0,0,0,0,0,0,1000,0,0,0,1000,0,1000,1000
06212P,華新科元大97售11,0,0,0,0,0,0,0,0,0,1000,0,0,0,11000,10000,1000,1000
06195P,台積電元富97售06,0,0,0,0,0,0,0,0,0,1000,0,0,0,21000,20000,1000,1000
06347P,祥碩元富97售02  ,0,0,0,0,0,0,0,0,0,1000,0,0,0,1000,0,1000,1000
06326P,鴻海中信01售01  ,0,0,0,0,0,0,0,0,0,1000,0,0,0,1000,0,1000,1000
06428P,國巨元大97售17  ,0,0,0,0,0,0,0,0,0,1000,0,0,0,446000,445000,1000,1000
06429P,大立光元大97售15,0,0,0,0,0,0,0,0,0,1000,0,0,0,1000,0,1000,1000
057293,力成國泰99購01  ,0,0,0,0,0,0,0,0,0,1000,0,0,0,1000,0,1000,1000
06829P,臺股指國票98售05,0,0,0,0,0,0,0,0,0,1000,0,0,0,1000,0,1000,1000
06578P,華新科國票98售02,0,0,0,0,0,0,0,0,0,1000,0,0,0,1000,0,1000,1000
06705P,臻鼎元富98售03  ,0,0,0,0,0,0,0,0,0,1000,0,0,0,1000,0,1000,1000
06728P,全新元大98售03  ,0,0,0,0,0,0,0,0,0,1000,0,0,0,6000,5000,1000,1000
07267P,臺股指元大99售23,0,0,0,0,0,0,0,0,0,1000,0,0,0,5000,4000,1000,1000
07250P,台灣50永豐99售07,0,0,0,0,0,0,0,0,0,1000,0,0,0,1000,0,1000,1000
07075P,FBVIX凱基9C售04 ,0,0,0,0,0,0,0,0,0,1000,0,0,0,1000,0,1000,1000
07054P,華新科兆豐99售04,0,0,0,0,0,0,0,0,0,1000,0,0,0,1000,0,1000,1000
1435,中福            ,5000,4000,1000,0,0,0,0,0,0,0,0,0,0,0,0,0,1000
2243,宏旭-KY         ,1000,0,1000,0,0,0,0,0,0,0,0,0,0,0,0,0,1000
2431,聯昌            ,19000,18000,1000,0,0,0,0,0,0,0,0,0,0,0,0,0,1000
1617,榮星            ,3000,2000,1000,0,0,0,0,0,0,0,0,0,0,0,0,0,1000
046602,新日興群益94購01,0,0,0,0,0,0,0,0,0,1000,0,0,0,1000,0,1000,1000
048576,義隆國泰95購01  ,0,0,0,0,0,0,0,0,0,1000,0,0,0,6000,5000,1000,1000
048498,嘉澤元大94購01  ,0,0,0,0,0,0,0,0,0,1000,0,0,0,1000,0,1000,1000
048505,滬深2X群益99購03,0,0,0,0,0,0,0,0,0,1000,0,0,0,1000,0,1000,1000
04818P,華新科永豐94售03,0,0,0,0,0,0,0,0,0,1000,0,0,0,1000,0,1000,1000
046630,京元電元富95購03,0,0,0,0,0,0,0,0,0,1000,0,0,0,6000,5000,1000,1000
047675,群創元富96購03  ,0,0,0,0,0,0,0,0,0,1000,0,0,0,1000,0,1000,1000
051829,玉晶光元大98購02,0,0,0,0,0,0,0,0,0,1000,0,0,0,68000,67000,1000,1000
052309,健策國泰97購01  ,0,0,0,0,0,0,0,0,0,1000,0,0,0,1000,0,1000,1000
03821P,上海銀統一95售01,0,0,0,0,0,0,0,0,0,1000,0,0,0,1000,0,1000,1000
051670,欣興元大95購06  ,0,0,0,0,0,0,0,0,0,1000,0,0,0,1000,0,1000,1000
04544P,欣興富邦96售02  ,0,0,0,0,0,0,0,0,0,1000,0,0,0,1000,0,1000,1000
044475,國巨元富95購02  ,0,0,0,0,0,0,0,0,0,1000,0,0,0,1000,0,1000,1000
03418B,臺股指元大95熊20,0,0,0,0,0,0,0,0,0,1000,0,0,0,1000,0,1000,1000
050031,嘉澤元大95購01  ,0,0,0,0,0,0,0,0,0,1000,0,0,0,1000,0,1000,1000
04929P,同欣電凱基95售01,0,0,0,0,0,0,0,0,0,1000,0,0,0,1000,0,1000,1000
049347,群創統一95購01  ,0,0,0,0,0,0,0,0,0,1000,0,0,0,1000,0,1000,1000
049383,健策元大95購01  ,0,0,0,0,0,0,0,0,0,1000,0,0,0,51000,50000,1000,1000
049156,緯穎元大96購01  ,0,0,0,0,0,0,0,0,0,1000,0,0,0,10000,9000,1000,1000
050547,華新科凱基95購01,0,0,0,0,0,0,0,0,0,1000,0,0,0,1000,0,1000,1000
050686,欣興兆豐96購01  ,0,0,0,0,0,0,0,0,0,1000,0,0,0,1000,0,1000,1000
050690,台達電凱基96購01,0,0,0,0,0,0,0,0,0,1000,0,0,0,1000,0,1000,1000
05063P,聯電元大96售03  ,0,0,0,0,0,0,0,0,0,1000,0,0,0,1000,0,1000,1000
050893,鴻海元大96購03  ,0,0,0,0,0,0,0,0,0,1000,0,0,0,1000,0,1000,1000
051052,台積電群益95購01,0,0,0,0,0,0,0,0,0,1000,0,0,0,1000,0,1000,1000
051466,玉晶光富邦97購01,0,0,0,0,0,0,0,0,0,1000,0,0,0,1000,0,1000,1000
050100,台積電永昌96購02,0,0,0,0,0,0,0,0,0,1000,0,0,0,1000,0,1000,1000
051624,智邦麥證95購02  ,0,0,0,1000,0,1000,0,0,0,1000,0,0,0,1000,0,1000,1000
051384,康友群益95購01  ,0,0,0,0,0,0,0,0,0,1000,0,0,0,1000,0,1000,1000
054169,上緯控凱基98購01,0,0,0,0,0,0,0,0,0,1000,0,0,0,1000,0,1000,1000
054211,奇鋐國票97購03  ,0,0,0,0,0,0,0,0,0,1000,0,0,0,1000,0,1000,1000
050184,信邦元大94購01  ,0,0,0,0,0,0,0,0,0,1000,0,0,0,1000,0,1000,1000
050188,貿聯元大96購01  ,0,0,0,0,0,0,0,0,0,1000,0,0,0,1000,0,1000,1000
05023P,和碩凱基95售01  ,0,0,0,0,0,0,0,0,0,1000,0,0,0,1000,0,1000,1000
050263,旺宏元大94購10  ,0,0,0,0,0,0,0,0,0,1000,0,0,0,1000,0,1000,1000
050330,南電永豐94購01  ,0,0,0,0,0,0,0,0,0,1000,0,0,0,1000,0,1000,1000
051103,緯穎元大96購03  ,0,0,0,0,0,0,0,0,0,1000,0,0,0,1000,0,1000,1000
054283,元油反元大99購02,0,0,0,0,0,0,0,0,0,1000,0,0,0,1000,0,1000,1000
054421,臺股指元大99購03,0,0,0,0,0,0,0,0,0,1000,0,0,0,1000,0,1000,1000
054524,華通元富96購03  ,0,0,0,0,0,0,0,0,0,1000,0,0,0,1000,0,1000,1000
05451P,臺股指元大95售28,0,0,0,0,0,0,0,0,0,1000,0,0,0,1000,0,1000,1000
054470,緯穎國票97購04  ,0,0,0,0,0,0,0,0,0,1000,0,0,0,1000,0,1000,1000
054331,世芯永豐96購03  ,0,0,0,0,0,0,0,0,0,1000,0,0,0,1000,0,1000,1000
054297,台郡元大98購01  ,0,0,0,0,0,0,0,0,0,1000,0,0,0,1000,0,1000,1000
054926,神達凱基98購01  ,0,0,0,0,0,0,0,0,0,1000,0,0,0,1000,0,1000,1000
054843,中環兆豐97購01  ,0,0,0,0,0,0,0,0,0,1000,0,0,0,1000,0,1000,1000
053121,上証2X凱基9C購01,0,0,0,0,0,0,0,0,0,1000,0,0,0,1000,0,1000,1000
053157,日月光元大96購03,0,0,0,0,0,0,0,0,0,1000,0,0,0,1000,0,1000,1000
053267,華新科群益96購02,0,0,0,0,0,0,0,0,0,1000,0,0,0,1000,0,1000,1000
053671,可成統一96購03  ,0,0,0,0,0,0,0,0,0,1000,0,0,0,1000,0,1000,1000
053396,漢唐中信9A購01  ,0,0,0,0,0,0,0,0,0,1000,0,0,0,1000,0,1000,1000
053457,旺宏國泰98購03  ,0,0,0,0,0,0,0,0,0,1000,0,0,0,1000,0,1000,1000
053960,晶技永豐96購02  ,0,0,0,0,0,0,0,0,0,1000,0,0,0,1000,0,1000,1000
053962,聯茂永豐96購01  ,0,0,0,0,0,0,0,0,0,1000,0,0,0,1000,0,1000,1000
053942,超眾國泰96購02  ,0,0,0,0,0,0,0,0,0,1000,0,0,0,1000,0,1000,1000
055070,聯茂永豐97購01  ,0,0,0,0,0,0,0,0,0,1000,0,0,0,1000,0,1000,1000
055623,貿聯國泰99購01  ,0,0,0,0,0,0,0,0,0,1000,0,0,0,1000,0,1000,1000
055049,智邦永豐97購01  ,0,0,0,0,0,0,0,0,0,1000,0,0,0,1000,0,1000,1000
055665,亞德客群益97購01,0,0,0,0,0,0,0,0,0,1000,0,0,0,1000,0,1000,1000
055671,世紀鋼群益97購01,0,0,0,0,0,0,0,0,0,1000,0,0,0,1000,0,1000,1000
055719,可成元大97購03  ,0,0,0,0,0,0,0,0,0,1000,0,0,0,1000,0,1000,1000
05605P,嘉聯益元大97售02,0,0,0,0,0,0,0,0,0,1000,0,0,0,1000,0,1000,1000
056003,智伸科永豐97購02,0,0,0,0,0,0,0,0,0,1000,0,0,0,1000,0,1000,1000
056344,嘉晶凱基98購02  ,0,0,0,0,0,0,0,0,0,1000,0,0,0,1000,0,1000,1000
056268,新日興統一97購01,0,0,0,0,0,0,0,0,0,1000,0,0,0,1000,0,1000,1000
052948,景碩國票97購02  ,0,0,0,0,0,0,0,0,0,1000,0,0,0,1000,0,1000,1000
055443,台虹國票98購01  ,0,0,0,0,0,0,0,0,0,1000,0,0,0,1000,0,1000,1000
05300P,健策元大95售02  ,0,0,0,0,0,0,0,0,0,1000,0,0,0,1000,0,1000,1000
052865,大立光凱基96購11,0,0,0,0,0,0,0,0,0,1000,0,0,0,1000,0,1000,1000
052846,智邦統一97購01  ,0,0,0,0,0,0,0,0,0,1000,0,0,0,1000,0,1000,1000
055365,華通元大97購03  ,0,0,0,0,0,0,0,0,0,1000,0,0,0,1000,0,1000,1000
05268P,玉晶光元大98售01,0,0,0,0,0,0,0,0,0,1000,0,0,0,1000,0,1000,1000
052712,旺宏凱基96購02  ,0,0,0,0,0,0,0,0,0,1000,0,0,0,2000,1000,1000,1000
052768,泰鼎群益96購01  ,0,0,0,0,0,0,0,0,0,1000,0,0,0,1000,0,1000,1000
055842,建準元大98購01  ,0,0,0,0,0,0,0,0,0,1000,0,0,0,1000,0,1000,1000
052568,漢唐凱基96購02  ,0,0,0,0,0,0,0,0,0,1000,0,0,0,1000,0,1000,1000
058717,南電台新99購02  ,0,0,0,0,0,0,0,0,0,1000,0,0,0,2000,1000,1000,1000
059177,臺股指凱基99購28,0,0,0,0,0,0,0,0,0,1000,0,0,0,1000,0,1000,1000
059158,S&P正2凱基99購01,0,0,0,0,0,0,0,0,0,1000,0,0,0,1000,0,1000,1000
055565,祥碩凱基97購01  ,0,0,0,0,0,0,0,0,0,1000,0,0,0,1000,0,1000,1000
05549P,臺股指元大96售03,0,0,0,0,0,0,0,0,0,1000,0,0,0,1000,0,1000,1000
055516,上銀中信97購01  ,0,0,0,0,0,0,0,0,0,1000,0,0,0,1000,0,1000,1000
058886,元石油元大9C購03,0,0,0,0,0,0,0,0,0,1000,0,0,0,1000,0,1000,1000
058833,台表科永豐99購01,0,0,0,0,0,0,0,0,0,1000,0,0,0,1000,0,1000,1000
058729,國巨永豐99購03  ,0,0,0,0,0,0,0,0,0,1000,0,0,0,1000,0,1000,1000
058798,大立光元大99購11,0,0,0,0,0,0,0,0,0,1000,0,0,0,1000,0,1000,1000
2904,匯僑            ,2000,1000,1000,0,0,0,0,0,0,0,0,0,0,0,0,0,1000
3686,達能            ,1000,0,1000,0,0,0,0,0,0,0,0,0,0,0,0,0,1000
8131,福懋科          ,198000,193000,5000,0,0,0,1858,0,1858,-6000,5000,11000,-6000,0,0,0,858
1810,和成            ,19000,19000,0,0,0,0,0,0,0,0,0,0,0,0,0,0,0
2413,環科            ,15000,15000,0,0,0,0,0,0,0,0,0,0,0,0,0,0,0
1432,大魯閣          ,1000,1000,0,0,0,0,0,0,0,0,0,0,0,0,0,0,0
1305,華夏            ,431000,465000,-34000,0,0,0,0,0,0,34000,37000,3000,34000,0,0,0,0
07337P,台灣50凱基99售09,0,0,0,0,0,0,0,0,0,0,0,0,0,10000,10000,0,0
07364P,大立光元大99售27,0,0,0,0,0,0,0,0,0,0,0,0,0,100000,100000,0,0
07066P,台灣50台新9B售01,0,0,0,0,0,0,0,0,0,0,0,0,0,9000,9000,0,0
07036P,台灣50台新9C售01,0,0,0,0,0,0,0,0,0,0,0,0,0,9000,9000,0,0
07007P,台灣50台新01售02,0,0,0,0,0,0,0,0,0,0,0,0,0,9000,9000,0,0
07101P,台郡元大99售06  ,0,0,0,0,0,0,0,0,0,0,0,0,0,5000,5000,0,0
07113P,台積電兆豐99售03,0,0,0,0,0,0,0,0,0,0,0,0,0,10000,10000,0,0
07158P,FBVIX國泰9C售01 ,0,0,0,0,0,0,0,0,0,0,0,0,0,10000,10000,0,0
07244P,鴻海凱基9A售13  ,0,0,0,0,0,0,0,0,0,0,0,0,0,30000,30000,0,0
07298P,台灣50元大9C售12,0,0,0,0,0,0,0,0,0,0,0,0,0,2000,2000,0,0
06727P,台光電元大98售05,0,0,0,0,0,0,0,0,0,0,0,0,0,20000,20000,0,0
06710P,臺股指台新99售07,0,0,0,0,0,0,0,0,0,0,0,0,0,9000,9000,0,0
06644P,亞德客元大98售03,0,0,0,0,0,0,0,0,0,0,0,0,0,1000,1000,0,0
06646P,國巨元大98售16  ,0,0,0,0,0,0,0,0,0,0,0,0,0,349000,349000,0,0
06587P,國巨元大98售13  ,0,0,0,0,0,0,0,0,0,0,0,0,0,235000,235000,0,0
06621P,欣興元大98售06  ,0,0,0,0,0,0,0,0,0,0,0,0,0,10000,10000,0,0
06597P,國巨富邦9A售05  ,0,0,0,0,0,0,0,0,0,0,0,0,0,325000,325000,0,0
06615P,鴻海元大9C售02  ,0,0,0,0,0,0,0,0,0,0,0,0,0,30000,30000,0,0
06616P,國巨元大98售15  ,0,0,0,0,0,0,0,0,0,0,0,0,0,295000,295000,0,0
06515P,國巨凱基98售06  ,0,0,0,0,0,0,0,0,0,0,0,0,0,30000,30000,0,0
06488P,台積電元富98售05,0,0,0,0,0,0,0,0,0,0,0,0,0,10000,10000,0,0
06564P,國巨富邦9A售04  ,0,0,0,0,0,0,0,0,0,0,0,0,0,130000,130000,0,0
06877P,台積電兆豐98售04,0,0,0,0,0,0,0,0,0,0,0,0,0,3000,3000,0,0
06748P,智邦台新98售02  ,0,0,0,0,0,0,0,0,0,0,0,0,0,5000,5000,0,0
06760P,台積電元大98售18,0,0,0,0,0,0,0,0,0,0,0,0,0,10000,10000,0,0
06996P,臺股指凱基99售17,0,0,0,0,0,0,0,0,0,0,0,0,0,1000,1000,0,0
06912P,台光電元大99售02,0,0,0,0,0,0,0,0,0,0,0,0,0,20000,20000,0,0
06922P,元上證群益9C售01,0,0,0,0,0,0,0,0,0,0,0,0,0,40000,40000,0,0
057523,大成鋼元大99購01,0,0,0,0,0,0,0,0,0,0,0,0,0,19000,19000,0,0
057513,智邦台新98購01  ,0,0,0,0,0,0,0,0,0,0,0,0,0,70000,70000,0,0
057493,聯詠元大98購02  ,0,0,0,0,0,0,0,0,0,0,0,0,0,15000,15000,0,0
057531,禾伸堂元大99購04,0,0,0,0,0,0,0,0,0,0,0,0,0,13000,13000,0,0
057327,玉晶光群益9A購04,0,0,0,0,0,0,0,0,0,0,0,0,0,14000,14000,0,0
057330,台積電國票99購03,0,0,0,0,0,0,0,0,0,0,0,0,0,20000,20000,0,0
057370,可成元大98購07  ,0,0,0,0,0,0,0,0,0,0,0,0,0,11000,11000,0,0
057371,可成元大98購08  ,0,0,0,0,0,0,0,0,0,0,0,0,0,3000,3000,0,0
06321P,台積電統一98售03,0,0,0,0,0,0,0,0,0,0,0,0,0,10000,10000,0,0
06223P,漢唐元富97售02  ,0,0,0,0,0,0,0,0,0,0,0,0,0,10000,10000,0,0
06295P,國巨元大97售14  ,0,0,0,0,0,0,0,0,0,0,0,0,0,600000,600000,0,0
06262P,國巨凱基97售07  ,0,0,0,0,0,0,0,0,0,0,0,0,0,60000,60000,0,0
06299P,可成元大97售04  ,0,0,0,0,0,0,0,0,0,0,0,0,0,10000,10000,0,0
06197P,國巨元大97售08  ,0,0,0,0,0,0,0,0,0,0,0,0,0,300000,300000,0,0
06236P,台積電元大97售25,0,0,0,0,0,0,0,0,0,0,0,0,0,10000,10000,0,0
06174P,國巨元大97售07  ,0,0,0,0,0,0,0,0,0,0,0,0,0,150000,150000,0,0
06179P,國巨群益97售04  ,0,0,0,0,0,0,0,0,0,0,0,0,0,310000,310000,0,0
06181P,國巨中信97售02  ,0,0,0,0,0,0,0,0,0,0,0,0,0,998000,998000,0,0
06188P,大立光元富97售01,0,0,0,0,0,0,0,0,0,0,0,0,0,30000,30000,0,0
06193P,台積電元富97售04,0,0,0,0,0,0,0,0,0,0,0,0,0,11000,11000,0,0
06194P,台積電元富97售05,0,0,0,0,0,0,0,0,0,0,0,0,0,10000,10000,0,0
057933,聯發科群益98購06,0,0,0,0,0,0,0,0,0,0,0,0,0,100000,100000,0,0
05790P,臺股指永昌96售07,0,0,0,0,0,0,0,0,0,0,0,0,0,10000,10000,0,0
05789P,臺股指永昌96售06,0,0,0,0,0,0,0,0,0,0,0,0,0,10000,10000,0,0
05788P,臺股指永昌96售05,0,0,0,0,0,0,0,0,0,0,0,0,0,10000,10000,0,0
057812,友達元大9A購05  ,0,0,0,0,0,0,0,0,0,0,0,0,0,40000,40000,0,0
057824,日月光元大98購01,0,0,0,0,0,0,0,0,0,0,0,0,0,20000,20000,0,0
05786P,臺股指永昌96售03,0,0,0,0,0,0,0,0,0,0,0,0,0,10000,10000,0,0
058027,鴻海富邦98購04  ,0,0,0,0,0,0,0,0,0,0,0,0,0,91000,91000,0,0
057956,全新元大99購04  ,0,0,0,0,0,0,0,0,0,0,0,0,0,55000,55000,0,0
057977,台光電永豐98購02,0,0,0,0,0,0,0,0,0,0,0,0,0,30000,30000,0,0
057992,大立光日盛98購01,0,0,0,0,0,0,0,0,0,0,0,0,0,10000,10000,0,0
057675,同欣電元大98購02,0,0,0,0,0,0,0,0,0,0,0,0,0,50000,50000,0,0
057667,可成元大99購01  ,0,0,0,0,0,0,0,0,0,0,0,0,0,16000,16000,0,0
057736,鴻海富邦99購04  ,0,0,0,0,0,0,0,0,0,0,0,0,0,88000,88000,0,0
057796,鴻海兆豐99購03  ,0,0,0,0,0,0,0,0,0,0,0,0,0,10000,10000,0,0
057755,鴻海日盛98購01  ,0,0,0,0,0,0,0,0,0,0,0,0,0,470000,470000,0,0
057216,聯發科群益99購01,0,0,0,0,0,0,0,0,0,0,0,0,0,100000,100000,0,0
057176,全新元大99購02  ,0,0,0,0,0,0,0,0,0,0,0,0,0,55000,55000,0,0
05718P,國巨元大96售09  ,0,0,0,0,0,0,0,0,0,0,0,0,0,142000,142000,0,0
059329,台灣50國票99購09,0,0,0,0,0,0,0,0,0,0,0,0,0,2000,2000,0,0
058459,南電永豐99購01  ,0,0,0,0,0,0,0,0,0,0,0,0,0,7000,7000,0,0
058455,玉晶光永豐99購03,0,0,0,0,0,0,0,0,0,0,0,0,0,14000,14000,0,0
058476,旺宏凱基9A購01  ,0,0,0,0,0,0,0,0,0,0,0,0,0,10000,10000,0,0
058467,日月光中信9A購01,0,0,0,0,0,0,0,0,0,0,0,0,0,10000,10000,0,0
058471,台積電日盛9C購01,0,0,0,0,0,0,0,0,0,0,0,0,0,25000,25000,0,0
06144P,台光電永豐97售01,0,0,0,0,0,0,0,0,0,0,0,0,0,20000,20000,0,0
057045,美律元大99購04  ,0,0,0,0,0,0,0,0,0,0,0,0,0,27000,27000,0,0
057167,台積電元大99購03,0,0,0,0,0,0,0,0,0,0,0,0,0,16000,16000,0,0
057138,亞德客兆豐98購01,0,0,0,0,0,0,0,0,0,0,0,0,0,5000,5000,0,0
057126,台積電凱基99購03,0,0,0,0,0,0,0,0,0,0,0,0,0,5000,5000,0,0
059762,禾伸堂永豐99購02,0,0,0,0,0,0,0,0,0,0,0,0,0,13000,13000,0,0
059787,奇力新元大9A購02,0,0,0,0,0,0,0,0,0,0,0,0,0,6000,6000,0,0
05980P,台積電永昌96售09,0,0,0,0,0,0,0,0,0,0,0,0,0,9000,9000,0,0
06100P,台積電日盛97售03,0,0,0,0,0,0,0,0,0,0,0,0,0,7000,7000,0,0
06082P,華通統一98售01  ,0,0,0,0,0,0,0,0,0,0,0,0,0,2000,2000,0,0
059884,鴻海國票99購09  ,0,0,0,0,0,0,0,0,0,0,0,0,0,45000,45000,0,0
060026,聯發科富邦9B購05,0,0,0,0,0,0,0,0,0,0,0,0,0,1000,1000,0,0
059542,聯發科亞東99購01,0,0,0,0,0,0,0,0,0,0,0,0,0,190000,190000,0,0
059432,聯發科元大99購26,0,0,0,0,0,0,0,0,0,0,0,0,0,40000,40000,0,0
059469,智邦元大99購03  ,0,0,0,0,0,0,0,0,0,0,0,0,0,27000,27000,0,0
059452,全新永豐99購03  ,0,0,0,0,0,0,0,0,0,0,0,0,0,40000,40000,0,0
059591,台積電元大9A購04,0,0,0,0,0,0,0,0,0,0,0,0,0,2000,2000,0,0
059593,聯發科元大99購29,0,0,0,0,0,0,0,0,0,0,0,0,0,2000,2000,0,0
059588,鴻海元大99購32  ,0,0,0,0,0,0,0,0,0,0,0,0,0,1000,1000,0,0
059644,茂林凱基99購03  ,1000,0,1000,0,0,0,0,0,0,-1000,0,0,0,0,1000,-1000,0
059636,宏達電凱基99購05,0,0,0,0,0,0,0,0,0,0,0,0,0,2000,2000,0,0
059751,華通群益9B購03  ,0,0,0,0,0,0,0,0,0,0,0,0,0,71000,71000,0,0
059724,聯發科元大99購30,0,0,0,0,0,0,0,0,0,0,0,0,0,1000,1000,0,0
056909,嘉聯益元大99購03,0,0,0,0,0,0,0,0,0,0,0,0,0,20000,20000,0,0
056900,可成元大98購02  ,0,0,0,0,0,0,0,0,0,0,0,0,0,5000,5000,0,0
059217,台積電元大99購30,0,0,0,0,0,0,0,0,0,0,0,0,0,19000,19000,0,0
059237,鴻海凱基9A購10  ,0,0,0,0,0,0,0,0,0,0,0,0,0,68000,68000,0,0
058371,智原凱基9A購01  ,0,0,0,0,0,0,0,0,0,0,0,0,0,10000,10000,0,0
058397,大成鋼元大99購02,0,0,0,0,0,0,0,0,0,0,0,0,0,19000,19000,0,0
058330,鴻海元富99購01  ,0,0,0,0,0,0,0,0,0,0,0,0,0,6000,6000,0,0
059357,華通永豐99購01  ,0,0,0,0,0,0,0,0,0,0,0,0,0,66000,66000,0,0
059925,可成國泰9B購01  ,0,0,0,0,0,0,0,0,0,0,0,0,0,68000,68000,0,0
05993P,國巨元大96售13  ,0,0,0,0,0,0,0,0,0,0,0,0,0,275000,275000,0,0
059942,全新永豐99購04  ,0,0,0,0,0,0,0,0,0,0,0,0,0,4000,4000,0,0
059956,玉山金康和99購01,0,0,0,0,0,0,0,0,0,0,0,0,0,44000,44000,0,0
059981,聯發科元大99購36,0,0,0,0,0,0,0,0,0,0,0,0,0,1000,1000,0,0
059983,聯發科元大99購38,0,0,0,0,0,0,0,0,0,0,0,0,0,1000,1000,0,0
060007,鴻海群益99購04  ,0,0,0,0,0,0,0,0,0,0,0,0,0,6000,6000,0,0
058050,台郡元大99購05  ,0,0,0,0,0,0,0,0,0,0,0,0,0,40000,40000,0,0
056574,亞光元大99購03  ,0,0,0,0,0,0,0,0,0,0,0,0,0,30000,30000,0,0
056577,玉晶光元大99購06,0,0,0,0,0,0,0,0,0,0,0,0,0,106000,106000,0,0
056556,南電凱基98購01  ,0,0,0,0,0,0,0,0,0,0,0,0,0,73000,73000,0,0
059114,華新科永豐99購05,0,0,0,0,0,0,0,0,0,0,0,0,0,56000,56000,0,0
058575,智邦群益99購01  ,0,0,0,0,0,0,0,0,0,0,0,0,0,4000,4000,0,0
058147,鈺齊元大99購01  ,0,0,0,0,0,0,0,0,0,0,0,0,0,11000,11000,0,0
058103,台積電永豐98購06,0,0,0,0,0,0,0,0,0,0,0,0,0,2000,2000,0,0
058681,大立光康和9B購01,0,0,0,0,0,0,0,0,0,0,0,0,0,80000,80000,0,0
059317,台積電元大99購34,0,0,0,0,0,0,0,0,0,0,0,0,0,50000,50000,0,0
056681,鴻海統一98購09  ,0,0,0,0,0,0,0,0,0,0,0,0,0,9000,9000,0,0
056695,景碩群益99購01  ,0,0,0,0,0,0,0,0,0,0,0,0,0,10000,10000,0,0
056707,鴻海富邦99購03  ,0,0,0,0,0,0,0,0,0,0,0,0,0,100000,100000,0,0
058797,大毅元大99購03  ,0,0,0,0,0,0,0,0,0,0,0,0,0,4000,4000,0,0
058767,亞德客兆豐99購01,0,0,0,0,0,0,0,0,0,0,0,0,0,100000,100000,0,0
058744,FBVIX凱基9C購03 ,0,0,0,0,0,0,0,0,0,0,0,0,0,5000,5000,0,0
058818,南電台新99購03  ,0,0,0,0,0,0,0,0,0,0,0,0,0,10000,10000,0,0
05879P,台積電台新96售03,0,0,0,0,0,0,0,0,0,0,0,0,0,10000,10000,0,0
058902,聯發科元大99購15,0,0,0,0,0,0,0,0,0,0,0,0,0,833000,833000,0,0
058874,聯鈞國票9A購01  ,0,0,0,0,0,0,0,0,0,0,0,0,0,75000,75000,0,0
058878,旭富國泰9B購01  ,0,0,0,0,0,0,0,0,0,0,0,0,0,9000,9000,0,0
058938,台積電中信01購03,0,0,0,0,0,0,0,0,0,0,0,0,0,4000,4000,0,0
059002,聯發科元大99購18,0,0,0,0,0,0,0,0,0,0,0,0,0,5000,5000,0,0
058999,台積電元大99購24,0,0,0,0,0,0,0,0,0,0,0,0,0,30000,30000,0,0
055558,大立光凱基97購08,0,0,0,0,0,0,0,0,0,0,0,0,0,4000,4000,0,0
059164,旺宏凱基99購06  ,0,0,0,0,0,0,0,0,0,0,0,0,0,6000,6000,0,0
05913P,國巨元大96售11  ,0,0,0,0,0,0,0,0,0,0,0,0,0,125000,125000,0,0
059303,國巨兆豐99購04  ,0,0,0,0,0,0,0,0,0,0,0,0,0,10000,10000,0,0
055754,和大兆豐97購01  ,0,0,0,0,0,0,0,0,0,0,0,0,0,10000,10000,0,0
056405,聯茂群益98購01  ,0,0,0,0,0,0,0,0,0,0,0,0,0,3000,3000,0,0
052657,友達元富96購01  ,0,0,0,0,0,0,0,0,0,0,0,0,0,50000,50000,0,0
055911,可成凱基98購02  ,0,0,0,0,0,0,0,0,0,0,0,0,0,16000,16000,0,0
052789,台積電麥證96購01,0,0,0,7000,0,7000,0,0,0,0,0,0,0,7000,7000,0,0
055291,京鼎元大97購02  ,0,0,0,0,0,0,0,0,0,0,0,0,0,129000,129000,0,0
055182,京鼎統一98購01  ,0,0,0,0,0,0,0,0,0,0,0,0,0,10000,10000,0,0
053012,國巨統一96購03  ,0,0,0,0,0,0,0,0,0,0,0,0,0,100000,100000,0,0
053018,旺宏元富96購02  ,0,0,0,0,0,0,0,0,0,0,0,0,0,2000,2000,0,0
056269,新日興統一98購01,0,0,0,0,0,0,0,0,0,0,0,0,0,28000,28000,0,0
056330,玉晶光國票99購03,0,0,0,0,0,0,0,0,0,0,0,0,0,13000,13000,0,0
05616P,台光電永豐96售01,0,0,0,0,0,0,0,0,0,0,0,0,0,20000,20000,0,0
05621P,聯電中信96售01  ,0,0,0,0,0,0,0,0,0,0,0,0,0,2000,2000,0,0
056238,聯發科群益98購02,0,0,0,0,0,0,0,0,0,0,0,0,0,10000,10000,0,0
055963,欣興元大97購04  ,0,0,0,0,0,0,0,0,0,0,0,0,0,1000,1000,0,0
05602P,國巨元大96售06  ,0,0,0,0,0,0,0,0,0,0,0,0,0,200000,200000,0,0
056036,鴻海凱基97購07  ,0,0,0,0,0,0,0,0,0,0,0,0,0,115000,115000,0,0
055949,亞德客元大97購04,0,0,0,0,0,0,0,0,0,0,0,0,0,5000,5000,0,0
055994,聯發科國泰99購02,0,0,0,0,0,0,0,0,0,0,0,0,0,2000,2000,0,0
05612P,台積電元大96售13,0,0,0,0,0,0,0,0,0,0,0,0,0,10000,10000,0,0
055652,聯詠元富01購01  ,0,0,0,0,0,0,0,0,0,0,0,0,0,10000,10000,0,0
055136,聯發科富邦99購06,0,0,0,0,0,0,0,0,0,0,0,0,0,1000,1000,0,0
055624,聯發科富邦99購07,0,0,0,0,0,0,0,0,0,0,0,0,0,10000,10000,0,0
055597,禾伸堂元大98購02,0,0,0,0,0,0,0,0,0,0,0,0,0,14000,14000,0,0
054951,大毅元大97購01  ,0,0,0,0,0,0,0,0,0,0,0,0,0,4000,4000,0,0
053626,台積電兆豐96購03,0,0,0,0,0,0,0,0,0,0,0,0,0,20000,20000,0,0
053929,正文國票97購01  ,0,0,0,0,0,0,0,0,0,0,0,0,0,38000,38000,0,0
053965,聯電元大98購04  ,0,0,0,0,0,0,0,0,0,0,0,0,0,400000,400000,0,0
053834,卜蜂永豐96購01  ,0,0,0,0,0,0,0,0,0,0,0,0,0,50000,50000,0,0
054064,台郡國票97購04  ,0,0,0,0,0,0,0,0,0,0,0,0,0,38000,38000,0,0
053761,健策國泰98購01  ,0,0,0,0,0,0,0,0,0,0,0,0,0,150000,150000,0,0
05318P,臺股指永昌95售03,0,0,0,0,0,0,0,0,0,0,0,10000,-10000,10000,0,10000,0
053279,景碩元大97購01  ,0,0,0,0,0,0,0,0,0,0,0,0,0,10000,10000,0,0
053283,同欣電元大96購03,0,0,0,0,0,0,0,0,0,0,0,0,0,1000,1000,0,0
053151,華新科元大96購04,0,0,0,0,0,0,0,0,0,0,0,0,0,40000,40000,0,0
053057,聯電國泰97購02  ,0,0,0,0,0,0,0,0,0,0,0,0,0,20000,20000,0,0
053091,同欣電元大96購01,0,0,0,0,0,0,0,0,0,0,0,0,0,5000,5000,0,0
05474P,智邦亞東95售01  ,0,0,0,0,0,0,0,0,0,0,0,0,0,10000,10000,0,0
054799,超眾群益98購01  ,0,0,0,0,0,0,0,0,0,0,0,0,0,10000,10000,0,0
054387,台積電統一98購02,0,0,0,0,0,0,0,0,0,0,0,0,0,10000,10000,0,0
054416,禾伸堂元大97購01,0,0,0,0,0,0,0,0,0,0,0,0,0,18000,18000,0,0
05461P,台積電亞東97售01,0,0,0,0,0,0,0,0,0,0,0,0,0,2000,2000,0,0
054261,智伸科元大96購03,0,0,0,0,0,0,0,0,0,0,0,0,0,1000,1000,0,0
056526,力山凱基98購01  ,0,0,0,0,0,0,0,0,0,0,0,0,0,22000,22000,0,0
056520,鴻海日盛99購01  ,0,0,0,0,0,0,0,0,0,0,0,0,0,1450000,1450000,0,0
056408,奇鋐國票99購01  ,0,0,0,0,0,0,0,0,0,0,0,0,0,38000,38000,0,0
056425,聯發科日盛9A購01,0,0,0,0,0,0,0,0,0,0,0,0,0,60000,60000,0,0
056435,台積電凱基98購09,0,0,0,0,0,0,0,0,0,0,0,0,0,115000,115000,0,0
051100,同欣電元大95購01,0,0,0,0,0,0,0,0,0,0,0,0,0,10000,10000,0,0
050380,台積電亞東94購02,0,0,0,0,0,0,0,0,0,0,0,0,0,1000,1000,0,0
050174,技嘉元大94購01  ,0,0,0,0,0,0,0,0,0,0,0,0,0,12000,12000,0,0
050210,華新科國票94購08,0,0,0,0,0,0,0,0,0,0,0,0,0,38000,38000,0,0
054213,欣興國票97購04  ,0,0,0,0,0,0,0,0,0,0,0,0,0,10000,10000,0,0
054197,台積電永昌96購07,0,0,0,0,0,0,0,0,0,0,0,0,0,2000,2000,0,0
051381,玉晶光群益98購01,0,0,0,0,0,0,0,0,0,0,0,0,0,5000,5000,0,0
05133P,臺股指日盛95售01,0,0,0,0,0,0,0,0,0,0,0,0,0,10000,10000,0,0
05136P,台積電凱基95售08,0,0,0,0,0,0,0,0,0,0,0,0,0,10000,10000,0,0
050117,麗豐元大96購02  ,0,0,0,0,0,0,0,0,0,0,0,0,0,120000,120000,0,0
05151P,台光電群益95售02,0,0,0,0,0,0,0,0,0,0,0,0,0,20000,20000,0,0
050990,T50反1元大95購01,0,0,0,0,0,0,0,0,0,0,0,0,0,11000,11000,0,0
050634,華新科群益96購01,0,0,0,0,0,0,0,0,0,0,0,0,0,50000,50000,0,0
050529,矽格元大94購05  ,0,0,0,0,0,0,0,0,0,0,0,0,0,600000,600000,0,0
05095P,景碩元大95售01  ,0,0,0,0,0,0,0,0,0,0,0,0,0,4000,4000,0,0
050904,臺股指元大95購11,0,0,0,0,0,0,0,0,0,0,0,0,0,1000,1000,0,0
05090P,國巨元大95售05  ,0,0,0,0,0,0,0,0,0,0,0,0,0,20000,20000,0,0
050818,華新科凱基95購02,0,0,0,0,0,0,0,0,0,0,0,0,0,80000,80000,0,0
050887,台積電富邦95購05,0,0,0,0,0,0,0,0,0,0,0,0,0,2000,2000,0,0
04917P,台積電凱基94售37,0,0,0,0,0,0,0,0,0,0,0,0,0,100000,100000,0,0
052377,景碩元大96購02  ,0,0,0,0,0,0,0,0,0,0,0,0,0,10000,10000,0,0
04956P,臺股指日盛94售02,0,0,0,0,0,0,0,0,0,0,0,0,0,10000,10000,0,0
04953P,台積電群益94售13,0,0,0,0,0,0,0,0,0,0,0,0,0,10000,10000,0,0
049485,台積電元大96購03,0,0,0,0,0,0,0,0,0,0,0,0,0,2000,2000,0,0
050420,鴻海凱基95購03  ,0,0,0,0,0,0,0,0,0,0,0,0,0,79000,79000,0,0
05046P,台光電永豐95售02,0,0,0,0,0,0,0,0,0,0,0,0,0,20000,20000,0,0
04995P,台達電凱基96售03,0,0,0,0,0,0,0,0,0,0,0,0,0,20000,20000,0,0
049982,嘉晶凱基94購01  ,0,0,0,0,0,0,0,0,0,0,0,0,0,5000,5000,0,0
049927,健策元大94購02  ,0,0,0,0,0,0,0,0,0,0,0,0,0,12000,12000,0,0
04981P,華新科亞東94售01,0,0,0,0,0,0,0,0,0,0,0,0,0,10000,10000,0,0
04989P,國巨元大94售15  ,0,0,0,0,0,0,0,0,0,0,0,0,0,20000,20000,0,0
049690,義隆元大95購02  ,0,0,0,0,0,0,0,0,0,0,0,0,0,198000,198000,0,0
04628P,欣興元大95售01  ,0,0,0,0,0,0,0,0,0,0,0,0,0,12000,12000,0,0
04494P,台積電國票94售04,0,0,0,0,0,0,0,0,0,0,0,0,0,50000,50000,0,0
04495P,台積電國票95售01,0,0,0,0,0,0,0,0,0,0,0,0,0,25000,25000,0,0
04508P,臺股指元大94售03,0,0,0,0,0,0,0,0,0,0,0,0,0,200000,200000,0,0
05176P,台積電凱基95售11,0,0,0,0,0,0,0,0,0,0,0,0,0,10000,10000,0,0
051795,T50反1台新05購02,0,0,0,0,0,0,0,0,0,0,0,0,0,10000,10000,0,0
04028P,燿華凱基94售02  ,0,0,0,0,0,0,0,0,0,0,0,0,0,10000,10000,0,0
03638C,T50反1元大94牛03,0,0,0,0,0,0,0,0,0,0,0,0,0,71000,71000,0,0
03650C,T50反1元大98牛05,0,0,0,0,0,0,0,0,0,0,0,0,0,5000,5000,0,0
052174,聯發科元大95購13,0,0,0,0,0,0,0,0,0,0,0,0,0,30000,30000,0,0
05183P,台積電元富95售07,0,0,0,0,0,0,0,0,0,0,0,0,0,10000,10000,0,0
05181P,健策凱基95售01  ,0,0,0,0,0,0,0,0,0,0,0,0,0,10000,10000,0,0
051922,鴻海亞東96購02  ,0,0,0,0,0,0,0,0,0,0,0,0,0,10000,10000,0,0
05205P,緯穎元大95售03  ,0,0,0,0,0,0,0,0,0,0,0,0,0,164000,164000,0,0
052041,鴻海日盛95購02  ,0,0,0,0,0,0,0,0,0,0,0,0,0,50000,50000,0,0
04743P,台積電元富94售07,0,0,0,0,0,0,0,0,0,0,0,0,0,10000,10000,0,0
048664,華新科統一94購01,0,0,0,0,0,0,0,0,0,0,0,0,0,10000,10000,0,0
04661P,臺股指富邦94售04,0,0,0,0,0,0,0,0,0,0,0,0,0,200000,200000,0,0
00657K,國泰日經225+U   ,0,0,0,0,0,0,0,0,0,0,0,0,0,100,100,0,0
00774B,新光中國政金綠債,0,0,0,0,0,0,0,0,0,0,0,0,0,2000,2000,0,0
00776,新光ICE美國權值 ,0,0,0,0,0,0,0,0,0,0,0,0,0,1000,1000,0,0
00668K,國泰美國道瓊+U  ,0,0,0,0,0,0,0,0,0,0,0,0,0,100,100,0,0
00625K,富邦上証+R      ,0,0,0,0,0,0,0,0,0,0,0,0,0,50000,50000,0,0
00689R,國泰20年美債反1 ,0,0,0,0,0,0,0,0,0,0,0,0,0,103000,103000,0,0
00691R,兆豐藍籌30反1   ,0,0,0,0,0,0,0,0,0,0,0,0,0,1000,1000,0,0
00732,國泰RMB短期報酬 ,0,0,0,0,0,0,0,0,0,0,0,0,0,100000,100000,0,0
00636K,國泰中國A50+U   ,0,0,0,0,0,0,0,0,0,0,0,0,0,100,100,0,0
6405,悅城            ,2000,2000,0,0,0,0,0,0,0,0,0,0,0,0,0,0,0
9937,全國            ,6000,6000,0,0,0,0,0,0,0,0,0,0,0,0,0,0,0
5538,東明-KY         ,2000,2000,0,0,0,0,0,0,0,0,0,0,0,0,0,0,0
5007,三星            ,30000,27000,3000,0,0,0,0,0,0,-3000,0,3000,-3000,0,0,0,0
5215,科嘉-KY         ,163000,163000,0,0,0,0,0,0,0,0,0,0,0,0,0,0,0
3588,通嘉            ,11000,11000,0,0,0,0,0,0,0,0,0,0,0,0,0,0,0
3013,晟銘電          ,3000,3000,0,0,0,0,0,0,0,0,0,0,0,0,0,0,0
3311,閎暉            ,5000,5000,0,0,0,0,0,0,0,0,0,0,0,0,0,0,0
2483,百容            ,1000,1000,0,0,0,0,0,0,0,0,0,0,0,0,0,0,0
2501,國建            ,295000,243000,52000,0,0,0,0,0,0,-52000,0,52000,-52000,0,0,0,0
3055,蔚華科          ,0,3,-3,0,0,0,0,0,0,0,0,0,0,0,0,0,-3
059334,A50正2國票9A購02,0,0,0,0,0,0,0,0,0,-1000,0,0,0,40000,41000,-1000,-1000
059037,宏達電群益99購02,0,0,0,0,0,0,0,0,0,-1000,0,0,0,0,1000,-1000,-1000
059056,技嘉凱基99購02  ,0,0,0,0,0,0,0,0,0,-1000,0,0,0,0,1000,-1000,-1000
056655,旺宏元大99購02  ,0,0,0,0,0,0,0,0,0,-1000,0,0,0,0,1000,-1000,-1000
059985,華新科元大99購22,0,0,0,0,0,0,0,0,0,-1000,0,0,0,0,1000,-1000,-1000
059993,上銀元富99購01  ,0,0,0,0,0,0,0,0,0,-1000,0,0,0,0,1000,-1000,-1000
059961,T50反1凱基99購09,0,0,0,0,0,0,0,0,0,-1000,0,0,0,0,1000,-1000,-1000
059349,台郡凱基99購04  ,0,0,0,0,0,0,0,0,0,-1000,0,0,0,0,1000,-1000,-1000
059367,台灣50元富01購03,0,0,0,0,0,0,0,0,0,-1000,0,0,0,0,1000,-1000,-1000
059381,TPK亞東99購01   ,0,0,0,0,0,0,0,0,0,-1000,0,0,0,0,1000,-1000,-1000
05840P,臺股指富邦96售07,0,0,0,0,0,0,0,0,0,-1000,0,0,0,0,1000,-1000,-1000
059207,臺指反元大9C購02,0,0,0,0,0,0,0,0,0,-1000,0,0,0,0,1000,-1000,-1000
058245,訊連元大99購01  ,0,0,0,0,0,0,0,0,0,-1000,0,0,0,2000,3000,-1000,-1000
058255,臺股指元大9A購19,0,0,0,0,0,0,0,0,0,-1000,0,0,0,2000,3000,-1000,-1000
059736,T50反1元富99購07,0,0,0,0,0,0,0,0,0,-1000,0,0,0,0,1000,-1000,-1000
059579,聯發科元富99購06,0,0,0,0,0,0,0,0,0,-1000,0,0,0,11000,12000,-1000,-1000
059602,臺股指元大9A購39,0,0,0,0,0,0,0,0,0,-1000,0,0,0,0,1000,-1000,-1000
05959P,聯發科國票98售01,0,0,0,0,0,0,0,0,0,-1000,0,0,0,0,1000,-1000,-1000
059459,訊芯永豐99購04  ,0,0,0,0,0,0,0,0,0,-1000,0,0,0,4000,5000,-1000,-1000
059401,牧德元富99購01  ,0,0,0,0,0,0,0,0,0,-1000,0,0,0,368000,369000,-1000,-1000
059511,宏達電永豐99購02,0,0,0,0,0,0,0,0,0,-1000,0,0,0,0,1000,-1000,-1000
059489,上証2X國票9A購01,0,0,0,0,0,0,0,0,0,-1000,0,0,0,6000,7000,-1000,-1000
060028,國揚永豐99購01  ,0,0,0,0,0,0,0,0,0,-1000,0,0,0,0,1000,-1000,-1000
06084P,宏達電元富97售02,0,0,0,0,0,0,0,0,0,-1000,0,0,0,0,1000,-1000,-1000
06094P,台達電中信97售01,0,0,0,0,0,0,0,0,0,-1000,0,0,0,0,1000,-1000,-1000
06070P,漢唐永豐97售01  ,0,0,0,0,0,0,0,0,0,-1000,0,0,0,0,1000,-1000,-1000
06050P,玉晶光國票98售01,0,0,0,0,0,0,0,0,0,-1000,0,0,0,0,1000,-1000,-1000
059810,台灣50台新99購04,0,0,0,0,0,0,0,0,0,-1000,0,0,0,0,1000,-1000,-1000
059765,嘉聯益永豐99購02,0,0,0,0,0,0,0,0,0,-1000,0,0,0,0,1000,-1000,-1000
059841,國巨富邦9C購01  ,0,0,0,0,0,0,0,0,0,-1000,0,0,0,0,1000,-1000,-1000
057048,新日興元大98購01,0,0,0,0,0,0,0,0,0,-1000,0,0,0,0,1000,-1000,-1000
06139P,台積電中信99售02,0,0,0,0,0,0,0,0,0,-1000,0,0,0,24000,25000,-1000,-1000
06170P,禾伸堂元富97售02,0,0,0,0,0,0,0,0,0,-1000,0,0,0,0,1000,-1000,-1000
059325,超眾元大99購05  ,0,0,0,0,0,0,0,0,0,-1000,0,0,0,2000,3000,-1000,-1000
057226,上銀凱基98購06  ,0,0,0,0,0,0,0,0,0,-1000,0,0,0,0,1000,-1000,-1000
057760,聯發科凱基98購18,0,0,0,0,0,0,0,0,0,-1000,0,0,0,10000,11000,-1000,-1000
05787P,臺股指永昌96售04,0,0,0,0,0,0,0,0,0,-1000,0,0,0,9000,10000,-1000,-1000
057944,新日興國票99購02,0,0,0,0,0,0,0,0,0,-1000,0,0,0,0,1000,-1000,-1000
06200P,聯發科元大97售18,0,0,0,0,0,0,0,0,0,-1000,0,0,0,0,1000,-1000,-1000
06304P,臺股指元大97售10,0,0,0,0,0,0,0,0,0,-1000,0,0,0,1000,2000,-1000,-1000
06328P,台積電中信01售02,0,0,0,0,0,0,0,0,0,-1000,0,0,0,0,1000,-1000,-1000
06484P,聯發科凱基98售11,0,0,0,0,0,0,0,0,0,-1000,0,0,0,0,1000,-1000,-1000
057322,旺宏群益98購04  ,0,0,0,0,0,0,0,0,0,-1000,0,0,0,0,1000,-1000,-1000
057341,技嘉台新98購01  ,0,0,0,0,0,0,0,0,0,-1000,0,0,0,0,1000,-1000,-1000
057365,智邦元大98購07  ,0,0,0,0,0,0,0,0,0,-1000,0,0,0,4000,5000,-1000,-1000
057277,可成元大98購05  ,0,0,0,0,0,0,0,0,0,-1000,0,0,0,0,1000,-1000,-1000
06973P,臺股指元大9A售11,0,0,0,0,0,0,0,0,0,-1000,0,0,0,0,1000,-1000,-1000
06980P,緯穎永豐99售02  ,0,0,0,0,0,0,0,0,0,-1000,0,0,0,0,1000,-1000,-1000
06786P,臺股指元大98售03,0,0,0,0,0,0,0,0,0,-1000,0,0,0,1000,2000,-1000,-1000
06846P,美律元大98售05  ,0,0,0,0,0,0,0,0,0,-1000,0,0,0,0,1000,-1000,-1000
06549P,大立光元大98售11,0,0,0,0,0,0,0,0,0,-1000,0,0,0,0,1000,-1000,-1000
06523P,台積電麥證98售02,0,0,0,0,1000,-1000,0,0,0,-1000,0,0,0,0,1000,-1000,-1000
06635P,聯發科凱基98售15,0,0,0,0,0,0,0,0,0,-1000,0,0,0,0,1000,-1000,-1000
06674P,祥碩群益98售02  ,0,0,0,0,0,0,0,0,0,-1000,0,0,0,0,1000,-1000,-1000
07192P,聯發科元大99售23,0,0,0,0,0,0,0,0,0,-1000,0,0,0,2000,3000,-1000,-1000
07194P,聯發科元大99售25,0,0,0,0,0,0,0,0,0,-1000,0,0,0,3000,4000,-1000,-1000
07094P,華通國票9A售03  ,0,0,0,0,0,0,0,0,0,-1000,0,0,0,3000,4000,-1000,-1000
07004P,大立光兆豐9A售01,0,0,0,0,0,0,0,0,0,-1000,0,0,0,0,1000,-1000,-1000
1414,東和            ,6000,7000,-1000,0,0,0,0,0,0,0,0,0,0,0,0,0,-1000
1453,大將            ,0,1000,-1000,0,0,0,0,0,0,0,0,0,0,0,0,0,-1000
1454,台富            ,0,1000,-1000,0,0,0,0,0,0,0,0,0,0,0,0,0,-1000
2443,億麗            ,0,1000,-1000,0,0,0,0,0,0,0,0,0,0,0,0,0,-1000
1805,寶徠            ,0,1000,-1000,0,0,0,0,0,0,0,0,0,0,0,0,0,-1000
2033,佳大            ,0,1000,-1000,0,0,0,0,0,0,0,0,0,0,0,0,0,-1000
1531,高林股          ,0,1000,-1000,0,0,0,0,0,0,0,0,0,0,0,0,0,-1000
1516,川飛            ,0,1000,-1000,0,0,0,0,0,0,0,0,0,0,0,0,0,-1000
1517,利奇            ,0,1000,-1000,0,0,0,0,0,0,0,0,0,0,0,0,0,-1000
006203,元大MSCI台灣    ,0,1000,-1000,0,0,0,0,0,0,0,0,0,0,1000,1000,0,-1000
00742,新光內需收益    ,0,1000,-1000,0,0,0,0,0,0,0,0,0,0,0,0,0,-1000
00688L,國泰20年美債正2 ,0,0,0,0,0,0,0,0,0,-1000,0,0,0,101000,102000,-1000,-1000
00775B,新光投等債15+   ,0,0,0,0,0,0,0,0,0,-1000,0,0,0,2000,3000,-1000,-1000
04632P,台積電群益94售11,0,0,0,0,0,0,0,0,0,-1000,0,0,0,0,1000,-1000,-1000
03013X,元展13          ,0,0,0,0,0,0,0,0,0,-1000,0,0,0,0,1000,-1000,-1000
03009X,元展09          ,0,0,0,0,0,0,0,0,0,-1000,0,0,0,10000,11000,-1000,-1000
04714P,上海銀元大94售01,0,0,0,0,0,0,0,0,0,-1000,0,0,0,0,1000,-1000,-1000
051934,緯穎國票96購01  ,0,0,0,0,0,0,0,0,0,-1000,0,0,0,1000,2000,-1000,-1000
052314,鴻海元大96購11  ,0,0,0,0,0,0,0,0,0,-1000,0,0,0,0,1000,-1000,-1000
042315,T50反1台新96購01,0,0,0,0,0,0,0,0,0,-1000,0,0,0,2000,3000,-1000,-1000
04006P,滬深2X國票9B售01,0,0,0,0,0,0,0,0,0,-1000,0,0,0,0,1000,-1000,-1000
05171P,臺股指元大95售15,0,0,0,0,0,0,0,0,0,-1000,0,0,0,0,1000,-1000,-1000
03422B,臺股指凱基96熊28,0,0,0,0,0,0,0,0,0,-1000,0,0,0,0,1000,-1000,-1000
035276,南亞科台新97購01,0,0,0,0,0,0,0,0,0,-1000,0,0,0,10000,11000,-1000,-1000
04973P,台積電凱基94售41,0,0,0,0,0,0,0,0,0,-1000,0,0,0,0,1000,-1000,-1000
049939,臺股指元大94購20,0,0,0,0,0,0,0,0,0,-1000,0,0,0,0,1000,-1000,-1000
050411,聯發科永豐94購05,0,0,0,0,0,0,0,0,0,-1000,0,0,0,0,1000,-1000,-1000
050648,全新凱基96購01  ,0,0,0,0,0,0,0,0,0,-1000,0,0,0,40000,41000,-1000,-1000
051532,潤泰全國票96購01,0,0,0,0,0,0,0,0,0,-1000,0,0,0,0,1000,-1000,-1000
051299,致茂凱基95購01  ,0,0,0,0,0,0,0,0,0,-1000,0,0,0,3000,4000,-1000,-1000
051403,玉晶光永豐95購05,0,0,0,0,0,0,0,0,0,-1000,0,0,0,5000,6000,-1000,-1000
050270,景碩元大94購01  ,0,0,0,0,0,0,0,0,0,-1000,0,0,0,0,1000,-1000,-1000
05650P,台積電富邦96售01,0,0,0,0,0,0,0,0,0,-1000,0,0,0,20000,21000,-1000,-1000
054292,欣興元大96購06  ,0,0,0,0,0,0,0,0,0,-1000,0,0,0,0,1000,-1000,-1000
05484P,台積電凱基95售18,0,0,0,0,0,0,0,0,0,-1000,0,0,0,0,1000,-1000,-1000
053725,晶相光凱基96購01,0,0,0,0,0,0,0,0,0,-1000,0,0,0,0,1000,-1000,-1000
05341P,臺股指兆豐95售02,0,0,0,0,0,0,0,0,0,-1000,0,0,0,0,1000,-1000,-1000
053369,T50反1元大96購06,0,0,0,0,0,0,0,0,0,-1000,0,0,0,0,1000,-1000,-1000
054952,大毅元大97購02  ,0,0,0,0,0,0,0,0,0,-1000,0,0,0,31000,32000,-1000,-1000
056219,T50反1日盛02購01,0,0,0,0,0,0,0,0,0,-1000,0,0,0,0,1000,-1000,-1000
056298,億光元大97購02  ,0,0,0,0,0,0,0,0,0,-1000,0,0,0,0,1000,-1000,-1000
052905,潤泰全國票97購01,0,0,0,0,0,0,0,0,0,-1000,0,0,0,0,1000,-1000,-1000
055295,瀚宇博元大97購02,0,0,0,0,0,0,0,0,0,-1000,0,0,0,0,1000,-1000,-1000
05267P,欣興元大95售08  ,0,0,0,0,0,0,0,0,0,-1000,0,0,0,3000,4000,-1000,-1000
05517P,臻鼎元大96售01  ,0,0,0,0,0,0,0,0,0,-1000,0,0,0,0,1000,-1000,-1000
055829,上銀元大97購06  ,0,0,0,0,0,0,0,0,0,-1000,0,0,0,0,1000,-1000,-1000
052483,超眾群益95購03  ,0,0,0,0,0,0,0,0,0,-1000,0,0,0,0,1000,-1000,-1000
052492,易華電國票96購02,0,0,0,0,0,0,0,0,0,-1000,0,0,0,4000,5000,-1000,-1000
058693,旭富國票9A購01  ,0,0,0,0,0,0,0,0,0,-1000,0,0,0,0,1000,-1000,-1000
059252,聯詠凱基99購03  ,0,0,0,0,0,0,0,0,0,-1000,0,0,0,55000,56000,-1000,-1000
059249,大立光凱基99購05,0,0,0,0,0,0,0,0,0,-1000,0,0,0,1000,2000,-1000,-1000
059258,台灣50群益99購01,0,0,0,0,0,0,0,0,0,-1000,0,0,0,1000,2000,-1000,-1000
058927,勤誠元富99購02  ,0,0,0,0,0,0,0,0,0,-1000,0,0,0,0,1000,-1000,-1000
3054,立萬利          ,0,1000,-1000,0,0,0,0,0,0,0,0,0,0,0,0,0,-1000
3040,遠見            ,0,1000,-1000,0,0,0,0,0,0,0,0,0,0,0,0,0,-1000
3229,晟鈦            ,0,1000,-1000,0,0,0,0,0,0,0,0,0,0,0,0,0,-1000
3021,鴻名            ,0,0,0,0,0,0,0,0,0,-1000,0,1000,-1000,0,0,0,-1000
3002,歐格            ,0,1000,-1000,0,0,0,0,0,0,0,0,0,0,0,0,0,-1000
3011,今皓            ,0,1000,-1000,0,0,0,0,0,0,0,0,0,0,0,0,0,-1000
3308,聯德            ,1000,2000,-1000,0,0,0,0,0,0,0,0,0,0,0,0,0,-1000
3593,力銘            ,0,1000,-1000,0,0,0,0,0,0,0,0,0,0,0,0,0,-1000
2495,普安            ,22000,23000,-1000,0,0,0,0,0,0,0,0,0,0,0,0,0,-1000
2611,志信            ,4000,5000,-1000,0,0,0,0,0,0,0,0,0,0,0,0,0,-1000
2712,遠雄來          ,0,1000,-1000,0,0,0,0,0,0,0,0,0,0,0,0,0,-1000
5284,jpp-KY          ,0,1000,-1000,0,0,0,0,0,0,0,0,0,0,0,0,0,-1000
4764,雙鍵            ,4000,5000,-1000,0,0,0,0,0,0,0,0,0,0,0,0,0,-1000
6164,華興            ,0,1000,-1000,0,0,0,0,0,0,0,0,0,0,0,0,0,-1000
6117,迎廣            ,0,1000,-1000,0,0,0,0,0,0,0,0,0,0,0,0,0,-1000
9929,秋雨            ,0,1000,-1000,0,0,0,0,0,0,0,0,0,0,0,0,0,-1000
9906,欣巴巴          ,0,1000,-1000,0,0,0,0,0,0,0,0,0,0,0,0,0,-1000
6431,光麗-KY         ,0,1000,-1000,0,0,0,0,0,0,0,0,0,0,0,0,0,-1000
6464,台數科          ,0,1000,-1000,0,0,0,0,0,0,0,0,0,0,0,0,0,-1000
6625,必應            ,0,1000,-1000,0,0,0,0,0,0,0,0,0,0,0,0,0,-1000
8072,陞泰            ,0,1000,-1000,0,0,0,0,0,0,0,0,0,0,0,0,0,-1000
1525,江申            ,0,2000,-2000,0,0,0,0,0,0,0,0,0,0,0,0,0,-2000
2029,盛餘            ,12000,14000,-2000,0,0,0,0,0,0,0,0,0,0,0,0,0,-2000
2438,翔耀            ,0,2000,-2000,0,0,0,0,0,0,0,0,0,0,0,0,0,-2000
08637P,台灣50中信96售03,0,0,0,0,0,0,0,0,0,-2000,0,0,0,0,2000,-2000,-2000
07347P,上証2X凱基99售02,0,0,0,0,0,0,0,0,0,-2000,0,0,0,0,2000,-2000,-2000
07082P,美律元大99售06  ,0,0,0,0,0,0,0,0,0,-2000,0,0,0,0,2000,-2000,-2000
06655P,TPK元大98售02   ,0,0,0,0,0,0,0,0,0,-2000,0,0,0,5000,7000,-2000,-2000
06711P,臺股指台新99售08,0,0,0,0,0,0,0,0,0,-2000,0,0,0,0,2000,-2000,-2000
06592P,欣興元大98售04  ,0,0,0,0,0,0,0,0,0,-2000,0,0,0,0,2000,-2000,-2000
06804P,臺股指群益98售10,0,0,0,0,0,0,0,0,0,-2000,0,0,0,0,2000,-2000,-2000
06762P,智邦元大98售11  ,0,0,0,0,0,0,0,0,0,-2000,0,0,0,0,2000,-2000,-2000
06950P,鴻海統一9B售02  ,0,0,0,0,0,0,0,0,0,-2000,0,0,0,0,2000,-2000,-2000
06371P,茂林國票98售04  ,0,0,0,0,0,0,0,0,0,-2000,0,0,0,0,2000,-2000,-2000
057935,晶技群益98購02  ,0,0,0,0,0,0,0,0,0,-2000,0,0,0,0,2000,-2000,-2000
057875,京鼎元大98購03  ,0,0,0,0,0,0,0,0,0,-2000,0,0,0,0,2000,-2000,-2000
057756,瑞昱日盛99購01  ,0,0,0,0,0,0,0,0,0,-2000,0,0,0,0,2000,-2000,-2000
057674,台郡元大99購03  ,0,0,0,0,0,0,0,0,0,-2000,0,0,0,0,2000,-2000,-2000
059861,聯發科群益9A購01,0,0,0,0,0,0,0,0,0,-2000,0,0,0,2000,4000,-2000,-2000
06062P,宏達電元富97售01,0,0,0,0,0,0,0,0,0,-2000,0,0,0,0,2000,-2000,-2000
05941P,聯發科凱基96售22,0,0,0,0,0,0,0,0,0,-2000,0,0,0,0,2000,-2000,-2000
059737,T50反1元富99購08,0,0,0,0,0,0,0,0,0,-2000,0,0,0,0,2000,-2000,-2000
059732,超眾元大9A購01  ,0,0,0,0,0,0,0,0,0,-2000,0,0,0,0,2000,-2000,-2000
059667,矽力元大99購01  ,0,0,0,0,0,0,0,0,0,-2000,0,0,0,0,2000,-2000,-2000
059183,T50反1台新03購02,0,0,0,0,0,0,0,0,0,-2000,0,0,0,0,2000,-2000,-2000
059210,鴻海元大99購26  ,0,0,0,0,0,0,0,0,0,-2000,0,0,0,0,2000,-2000,-2000
059962,S&P正2凱基99購02,0,0,0,0,0,0,0,0,0,-2000,0,0,0,0,2000,-2000,-2000
059978,國巨元大99購29  ,0,0,0,0,0,0,0,0,0,-2000,0,0,0,0,2000,-2000,-2000
056770,國產元大98購02  ,0,0,0,0,0,0,0,0,0,-2000,0,0,0,0,2000,-2000,-2000
058923,華新科元富99購06,0,0,0,0,0,0,0,0,0,-2000,0,0,0,0,2000,-2000,-2000
058918,SGBR2X元富99購04,0,0,0,0,0,0,0,0,0,-2000,0,0,0,0,2000,-2000,-2000
058799,晶技元大99購04  ,0,0,0,0,0,0,0,0,0,-2000,0,0,0,6000,8000,-2000,-2000
05925P,晶技永豐96售03  ,0,0,0,0,0,0,0,0,0,-2000,0,0,0,0,2000,-2000,-2000
05551P,電子類元大96售01,0,0,0,0,0,0,0,0,0,-2000,0,0,0,1000,3000,-2000,-2000
05255P,義隆凱基95售01  ,0,0,0,0,0,0,0,0,0,-2000,0,0,0,0,2000,-2000,-2000
055753,貿聯第一98購01  ,0,0,0,0,0,0,0,0,0,-2000,0,0,0,0,2000,-2000,-2000
055865,臺股指元大97購02,0,0,0,0,0,0,0,0,0,-2000,0,0,0,0,2000,-2000,-2000
05631P,國巨富邦9A售01  ,0,0,0,0,0,0,0,0,0,-2000,0,0,0,128000,130000,-2000,-2000
056230,可成凱基98購03  ,0,0,0,0,0,0,0,0,0,-2000,0,0,0,0,2000,-2000,-2000
056260,鴻海統一98購07  ,0,0,0,0,0,0,0,0,0,-2000,0,0,0,0,2000,-2000,-2000
055962,晶豪科元大97購02,0,0,0,0,0,0,0,0,0,-2000,0,0,0,0,2000,-2000,-2000
055071,群電永豐97購01  ,0,0,0,0,0,0,0,0,0,-2000,0,0,0,0,2000,-2000,-2000
054978,堤維西元富97購01,0,0,0,0,0,0,0,0,0,-2000,0,0,0,0,2000,-2000,-2000
055740,智易元富97購01  ,0,0,0,0,0,0,0,0,0,-2000,0,0,0,0,2000,-2000,-2000
054826,復盛元大9A購01  ,0,0,0,0,0,0,0,0,0,-2000,0,0,0,0,2000,-2000,-2000
054778,世紀鋼國票99購01,0,0,0,0,0,0,0,0,0,-2000,0,0,0,3000,5000,-2000,-2000
053158,茂林元大96購01  ,0,0,0,0,0,0,0,0,0,-2000,0,0,0,16000,18000,-2000,-2000
05649P,矽創國票97售03  ,0,0,0,0,0,0,0,0,0,-2000,0,0,0,0,2000,-2000,-2000
056481,創意元大98購01  ,0,0,0,0,0,0,0,0,0,-2000,0,0,0,0,2000,-2000,-2000
05419P,矽力永豐95售02  ,0,0,0,0,0,0,0,0,0,-2000,0,0,0,0,2000,-2000,-2000
051469,友達日盛9B購01  ,0,0,0,0,0,0,0,0,0,-2000,0,0,0,0,2000,-2000,-2000
050658,台郡麥證96購01  ,0,0,0,0,2000,-2000,0,0,0,-2000,0,0,0,0,2000,-2000,-2000
050553,緯穎凱基94購06  ,0,0,0,0,0,0,0,0,0,-2000,0,0,0,0,2000,-2000,-2000
05238P,禾伸堂永豐95售01,0,0,0,0,0,0,0,0,0,-2000,0,0,0,0,2000,-2000,-2000
03052X,元展49          ,0,0,0,0,0,0,0,0,0,-2000,0,0,0,0,2000,-2000,-2000
04288P,台積電中信95售06,0,0,0,0,0,0,0,0,0,-2000,0,0,0,0,2000,-2000,-2000
04889P,華通元大94售03  ,0,0,0,0,0,0,0,0,0,-2000,0,0,0,0,2000,-2000,-2000
048867,台積電兆豐95購01,0,0,0,0,0,0,0,0,0,-2000,0,0,0,832000,834000,-2000,-2000
048081,元油反凱基96購01,0,0,0,0,0,0,0,0,0,-2000,0,0,0,3000,5000,-2000,-2000
01004T,土銀富邦R2      ,0,2000,-2000,0,0,0,0,0,0,0,0,0,0,0,0,0,-2000
00733,富邦臺灣中小    ,0,0,0,0,0,0,0,0,0,-2000,0,0,0,451000,453000,-2000,-2000
6283,淳安            ,9000,11000,-2000,0,0,0,0,0,0,0,0,0,0,0,0,0,-2000
9918,欣天然          ,0,2000,-2000,0,0,0,0,0,0,0,0,0,0,0,0,0,-2000
8940,新天地          ,0,2000,-2000,0,0,0,0,0,0,0,0,0,0,0,0,0,-2000
6215,和椿            ,1000,3000,-2000,0,0,0,0,0,0,0,0,0,0,0,0,0,-2000
4722,國精化          ,1000,3000,-2000,0,0,0,0,0,0,0,0,0,0,0,0,0,-2000
2722,夏都            ,0,2000,-2000,0,0,0,0,0,0,0,0,0,0,0,0,0,-2000
2910,統領            ,1000,3000,-2000,0,0,0,0,0,0,0,0,0,0,0,0,0,-2000
2901,欣欣            ,0,2000,-2000,0,0,0,0,0,0,0,0,0,0,0,0,0,-2000
2491,吉祥全          ,1000,3000,-2000,0,0,0,0,0,0,0,0,0,0,0,0,0,-2000
2460,建通            ,0,2000,-2000,0,0,0,0,0,0,0,0,0,0,0,0,0,-2000
2471,資通            ,15000,17000,-2000,0,0,0,0,0,0,0,0,0,0,0,0,0,-2000
3130,一零四          ,0,1000,-1000,0,0,0,0,0,0,-1000,0,1000,-1000,0,0,0,-2000
3057,喬鼎            ,2000,4000,-2000,0,0,0,0,0,0,0,0,0,0,0,0,0,-2000
058604,華邦電元大99購03,0,0,0,0,0,0,0,0,0,-3000,0,0,0,17000,20000,-3000,-3000
056586,光罩統一98購02  ,0,0,0,0,0,0,0,0,0,-3000,0,0,0,0,3000,-3000,-3000
05660P,玉晶光第一96售01,0,0,0,0,0,0,0,0,0,-3000,0,0,0,0,3000,-3000,-3000
059031,元石油中信03購01,0,0,0,0,0,0,0,0,0,-3000,0,0,0,11000,14000,-3000,-3000
058301,元油2X元大99購10,0,0,0,0,0,0,0,0,0,-3000,0,0,0,0,3000,-3000,-3000
056864,新日興群益99購01,0,0,0,0,0,0,0,0,0,-3000,0,0,0,0,3000,-3000,-3000
058277,FBVIX中信03購01 ,0,0,0,0,0,0,0,0,0,-3000,0,0,0,0,3000,-3000,-3000
059721,旺宏元大99購16  ,0,0,0,0,0,0,0,0,0,-3000,0,0,0,3000,6000,-3000,-3000
059616,滬深2X群益01購04,0,0,0,0,0,0,0,0,0,-3000,0,0,0,0,3000,-3000,-3000
059585,台灣50元大9C購10,0,0,0,0,0,0,0,0,0,-3000,0,0,0,0,3000,-3000,-3000
059620,聯發科日盛99購02,0,0,0,0,0,0,0,0,0,-3000,0,0,0,0,3000,-3000,-3000
059428,國巨元大99購25  ,0,0,0,0,0,0,0,0,0,-3000,0,0,0,32000,35000,-3000,-3000
06058P,玉晶光凱基97售04,0,0,0,0,0,0,0,0,0,-3000,0,0,0,0,3000,-3000,-3000
059831,聯詠康和99購01  ,0,0,0,0,0,0,0,0,0,-3000,0,0,0,0,3000,-3000,-3000
058441,T50反1台新03購01,0,0,0,0,0,0,0,0,0,-3000,0,0,0,0,3000,-3000,-3000
06160P,台達電群益97售01,0,0,0,0,0,0,0,0,0,-3000,0,0,0,2000,5000,-3000,-3000
057980,聯詠永豐98購01  ,0,0,0,0,0,0,0,0,0,-3000,0,0,0,65000,68000,-3000,-3000
05800P,台積電兆豐96售04,0,0,0,0,0,0,0,0,0,-3000,0,0,0,0,3000,-3000,-3000
057490,可成元大98購10  ,0,0,0,0,0,0,0,0,0,-3000,0,0,0,4000,7000,-3000,-3000
06255P,臺股指群益97售08,0,0,0,0,0,0,0,0,0,-3000,0,0,0,1000,4000,-3000,-3000
06242P,大立光元富9A售02,0,0,0,0,0,0,0,0,0,-3000,0,0,0,0,3000,-3000,-3000
057300,訊連永豐98購01  ,0,0,0,0,0,0,0,0,0,-3000,0,0,0,1000,4000,-3000,-3000
057407,超眾群益99購01  ,0,0,0,0,0,0,0,0,0,-3000,0,0,0,3000,6000,-3000,-3000
06599P,宏達電永豐98售02,0,0,0,0,0,0,0,0,0,-3000,0,0,0,0,3000,-3000,-3000
06730P,祥碩元大98售07  ,0,0,0,0,0,0,0,0,0,-3000,0,0,0,0,3000,-3000,-3000
07196P,大立光元大99售13,0,0,0,0,0,0,0,0,0,-3000,0,0,0,0,3000,-3000,-3000
07169P,臺股指國票99售06,0,0,0,0,0,0,0,0,0,-3000,0,0,0,3000,6000,-3000,-3000
07127P,精元元大99售01  ,0,0,0,0,0,0,0,0,0,-3000,0,0,0,5000,8000,-3000,-3000
07264P,台積電元大99售38,0,0,0,0,0,0,0,0,0,-3000,0,0,0,0,3000,-3000,-3000
07277P,臺股指群益99售20,0,0,0,0,0,0,0,0,0,-3000,0,0,0,2000,5000,-3000,-3000
07355P,臺股指國票99售23,0,0,0,0,0,0,0,0,0,-3000,0,0,0,15000,18000,-3000,-3000
07381P,鴻海群益99售05  ,0,0,0,0,0,0,0,0,0,-3000,0,0,0,0,3000,-3000,-3000
1443,立益            ,0,3000,-3000,0,0,0,0,0,0,0,0,0,0,0,0,0,-3000
1324,地球            ,0,0,0,0,0,0,0,0,0,-3000,0,3000,-3000,0,0,0,-3000
2380,虹光            ,0,3000,-3000,0,0,0,0,0,0,0,0,0,0,0,0,0,-3000
2358,廷鑫            ,1000,4000,-3000,0,0,0,0,0,0,0,0,0,0,0,0,0,-3000
1456,怡華            ,0,3000,-3000,0,0,0,0,0,0,0,0,0,0,0,0,0,-3000
1583,程泰            ,0,3000,-3000,0,0,0,0,0,0,0,0,0,0,0,0,0,-3000
0057,富邦摩台        ,2000,0,2000,0,0,0,0,0,0,-5000,0,0,0,20000,25000,-5000,-3000
020000,富邦特選蘋果N   ,0,0,0,0,0,0,0,0,0,-3000,0,0,0,14000,17000,-3000,-3000
03035X,元展32          ,0,0,0,0,0,0,0,0,0,-3000,0,0,0,0,3000,-3000,-3000
052298,易華電國票96購01,0,0,0,0,0,0,0,0,0,-3000,0,0,0,0,3000,-3000,-3000
051902,T50反1元大97購01,0,0,0,0,0,0,0,0,0,-3000,0,0,0,32000,35000,-3000,-3000
03060X,元展55          ,0,0,0,0,0,0,0,0,0,-3000,0,0,0,0,3000,-3000,-3000
045657,T50反1國泰94購01,0,0,0,0,0,0,0,0,0,-3000,0,0,0,0,3000,-3000,-3000
05155P,聯發科兆豐95售03,0,0,0,0,0,0,0,0,0,-3000,0,0,0,0,3000,-3000,-3000
054104,T50反1凱基9A購02,0,0,0,0,0,0,0,0,0,-3000,0,0,0,0,3000,-3000,-3000
050346,康友元富94購03  ,0,0,0,0,0,0,0,0,0,-3000,0,0,0,0,3000,-3000,-3000
056518,美律國票99購01  ,0,0,0,0,0,0,0,0,0,-3000,0,0,0,38000,41000,-3000,-3000
054252,奇力新元大96購04,0,0,0,0,0,0,0,0,0,-3000,0,0,0,110000,113000,-3000,-3000
056480,京鼎元大98購02  ,0,0,0,0,0,0,0,0,0,-3000,0,0,0,0,3000,-3000,-3000
054399,智易永豐96購03  ,0,0,0,0,0,0,0,0,0,-3000,0,0,0,0,3000,-3000,-3000
053871,臻鼎元大96購03  ,0,0,0,0,0,0,0,0,0,-3000,0,0,0,0,3000,-3000,-3000
05596P,可成統一96售01  ,0,0,0,0,0,0,0,0,0,-3000,0,0,0,0,3000,-3000,-3000
056076,超眾元大97購05  ,0,0,0,0,0,0,0,0,0,-3000,0,0,0,0,3000,-3000,-3000
052986,聯發科元大97購05,0,0,0,0,0,0,0,0,0,-3000,0,0,0,0,3000,-3000,-3000
055468,智邦凱基97購04  ,0,0,0,0,0,0,0,0,0,-3000,0,0,0,0,3000,-3000,-3000
058736,鈺齊永豐99購02  ,0,0,0,0,0,0,0,0,0,-3000,0,0,0,0,3000,-3000,-3000
058951,南電群益99購01  ,0,0,0,0,0,0,0,0,0,-3000,0,0,0,7000,10000,-3000,-3000
3296,勝德            ,0,1000,-1000,0,0,0,0,0,0,-2000,0,2000,-2000,0,0,0,-3000
2459,敦吉            ,14000,15000,-1000,0,0,0,0,0,0,-2000,0,2000,-2000,0,0,0,-3000
2849,安泰銀          ,0,3000,-3000,0,0,0,0,0,0,0,0,0,0,0,0,0,-3000
4555,氣立            ,3000,6000,-3000,0,0,0,0,0,0,0,0,0,0,0,0,0,-3000
6184,大豐電          ,12000,15000,-3000,0,0,0,0,0,0,0,0,0,0,0,0,0,-3000
9912,偉聯            ,0,4000,-4000,0,0,0,0,0,0,1000,1000,0,1000,0,0,0,-3000
9931,欣高            ,1000,4000,-3000,0,0,0,0,0,0,0,0,0,0,0,0,0,-3000
6666,羅麗芬-KY       ,2000,5000,-3000,0,0,0,0,0,0,0,0,0,0,0,0,0,-3000
1616,億泰            ,0,4000,-4000,0,0,0,0,0,0,0,0,0,0,0,0,0,-4000
1533,車王電          ,11000,14000,-3000,0,0,0,0,0,0,-1000,0,1000,-1000,0,0,0,-4000
2012,春雨            ,0,4000,-4000,0,0,0,0,0,0,0,0,0,0,0,0,0,-4000
1903,士紙            ,0,4000,-4000,0,0,0,0,0,0,0,0,0,0,0,0,0,-4000
2236,百達-KY         ,0,4000,-4000,0,0,0,0,0,0,0,0,0,0,0,0,0,-4000
2440,太空梭          ,0,4000,-4000,0,0,0,0,0,0,0,0,0,0,0,0,0,-4000
1233,天仁            ,1000,5000,-4000,0,0,0,0,0,0,0,0,0,0,0,0,0,-4000
07313P,台灣50元大99售11,0,0,0,0,0,0,0,0,0,-4000,0,0,0,0,4000,-4000,-4000
07324P,台積電元大99售40,0,0,0,0,0,0,0,0,0,-4000,0,0,0,11000,15000,-4000,-4000
07232P,台灣50元大01售07,0,0,0,0,0,0,0,0,0,-4000,0,0,0,0,4000,-4000,-4000
06634P,欣興國票98售02  ,0,0,0,0,0,0,0,0,0,-4000,0,0,0,0,4000,-4000,-4000
06548P,大立光元大98售10,0,0,0,0,0,0,0,0,0,-4000,0,0,0,4000,8000,-4000,-4000
06848P,聯詠元大98售04  ,0,0,0,0,0,0,0,0,0,-4000,0,0,0,1000,5000,-4000,-4000
058549,藍天永豐99購01  ,0,0,0,0,0,0,0,0,0,-4000,0,0,0,0,4000,-4000,-4000
057526,智邦元大98購10  ,0,0,0,0,0,0,0,0,0,-4000,0,0,0,18000,22000,-4000,-4000
057795,鴻海兆豐99購02  ,0,0,0,0,0,0,0,0,0,-4000,0,0,0,0,4000,-4000,-4000
057717,友訊元富98購02  ,0,0,0,0,0,0,0,0,0,-4000,0,0,0,0,4000,-4000,-4000
057211,鴻海群益98購05  ,0,0,0,0,0,0,0,0,0,-4000,0,0,0,47000,51000,-4000,-4000
059848,智邦永豐99購01  ,0,0,0,0,0,0,0,0,0,-4000,0,0,0,4000,8000,-4000,-4000
059853,超眾永豐99購03  ,0,0,0,0,0,0,0,0,0,-4000,0,0,0,0,4000,-4000,-4000
059772,可成群益9A購05  ,0,0,0,0,0,0,0,0,0,-4000,0,0,0,0,4000,-4000,-4000
05956P,漢唐國票96售02  ,0,0,0,0,0,0,0,0,0,-4000,0,0,0,0,4000,-4000,-4000
059733,緯穎元大99購08  ,0,0,0,0,0,0,0,0,0,-4000,0,0,0,34000,38000,-4000,-4000
058176,聯發科凱基99購05,0,0,0,0,0,0,0,0,0,-4000,0,0,0,0,4000,-4000,-4000
059999,緯穎元富99購01  ,0,0,0,0,0,0,0,0,0,-4000,0,0,0,0,4000,-4000,-4000
059388,國巨凱基99購13  ,0,0,0,0,0,0,0,0,0,-4000,0,0,0,17000,21000,-4000,-4000
056581,超眾元大99購01  ,0,0,0,0,0,0,0,0,0,-4000,0,0,0,0,4000,-4000,-4000
058579,聯發科群益99購04,0,0,0,0,0,0,0,0,0,-4000,0,0,0,120000,124000,-4000,-4000
05860P,旺宏康和96售01  ,0,0,0,0,0,0,0,0,0,-4000,0,0,0,0,4000,-4000,-4000
058883,旭富永豐99購01  ,0,0,0,0,0,0,0,0,0,-4000,0,0,0,0,4000,-4000,-4000
059136,臺股指群益99購11,0,0,0,0,0,0,0,0,0,-4000,0,0,0,184000,188000,-4000,-4000
055349,京元電凱基97購02,0,0,0,0,0,0,0,0,0,-4000,0,0,0,56000,60000,-4000,-4000
055875,光罩元富97購02  ,0,0,0,0,0,0,0,0,0,-4000,0,0,0,0,4000,-4000,-4000
054957,興富發元大97購01,0,0,0,0,0,0,0,0,0,-4000,0,0,0,0,4000,-4000,-4000
053557,聯茂凱基96購04  ,0,0,0,0,0,0,0,0,0,-4000,0,0,0,1000,5000,-4000,-4000
053542,超眾永豐96購01  ,0,0,0,0,0,0,0,0,0,-4000,0,0,0,0,4000,-4000,-4000
053308,智易凱基96購02  ,0,0,0,0,0,0,0,0,0,-4000,0,0,0,80000,84000,-4000,-4000
053195,玉晶光元富96購02,0,0,0,0,0,0,0,0,0,-4000,0,0,0,0,4000,-4000,-4000
054420,緯穎元大96購08  ,0,0,0,0,0,0,0,0,0,-4000,0,0,0,35000,39000,-4000,-4000
056426,上証2X凱基9A購01,0,0,0,0,0,0,0,0,0,-4000,0,0,0,0,4000,-4000,-4000
050138,台表科國票95購02,0,0,0,0,0,0,0,0,0,-4000,0,0,0,0,4000,-4000,-4000
04496P,國巨國泰96售02  ,0,0,0,0,0,0,0,0,0,-4000,0,0,0,0,4000,-4000,-4000
035277,景碩台新97購01  ,0,0,0,0,0,0,0,0,0,-4000,0,0,0,11000,15000,-4000,-4000
03430B,臺股指元大9B熊01,0,0,0,0,0,0,0,0,0,-4000,0,0,0,34000,38000,-4000,-4000
051682,元黃金凱基97購01,0,0,0,0,0,0,0,0,0,-4000,0,0,0,0,4000,-4000,-4000
03619C,臺股指元大95牛02,0,0,0,0,0,0,0,0,0,-4000,0,0,0,92000,96000,-4000,-4000
03026X,元展23          ,0,0,0,0,0,0,0,0,0,-4000,0,0,0,0,4000,-4000,-4000
00660,元大歐洲50      ,0,0,0,0,0,0,0,0,0,-4000,0,0,0,7000,11000,-4000,-4000
048602,上緯控國票96購01,0,0,0,0,0,0,0,0,0,-4000,0,0,0,0,4000,-4000,-4000
04868P,可成統一94售03  ,0,0,0,0,0,0,0,0,0,-4000,0,0,0,0,4000,-4000,-4000
048187,臺指反元大96購04,0,0,0,0,0,0,0,0,0,-4000,0,0,0,1000,5000,-4000,-4000
8104,錸寶            ,15000,19000,-4000,0,0,0,0,0,0,0,0,0,0,0,0,0,-4000
8442,威宏-KY         ,1000,5000,-4000,0,0,0,0,0,0,0,0,0,0,0,0,0,-4000
6243,迅杰            ,0,4000,-4000,0,0,0,0,0,0,0,0,0,0,0,0,0,-4000
6133,金橋            ,2000,1000,1000,0,0,0,0,0,0,-5000,0,5000,-5000,0,0,0,-4000
2466,冠西電          ,2000,6000,-4000,0,0,0,0,0,0,0,0,0,0,0,0,0,-4000
2516,新建            ,1000,5000,-4000,0,0,0,0,0,0,0,0,0,0,0,0,0,-4000
3094,聯傑            ,23000,27000,-4000,0,0,0,0,0,0,0,0,0,0,0,0,0,-4000
058567,華新科凱基9A購02,0,0,0,0,0,0,0,0,0,-5000,0,0,0,0,5000,-5000,-5000
058040,FBVIX元大98購01 ,0,0,0,0,0,0,0,0,0,-5000,0,0,0,0,5000,-5000,-5000
059072,元油2X元大9C購13,0,0,0,0,0,0,0,0,0,-5000,0,0,0,0,5000,-5000,-5000
059340,鴻海凱基9A購12  ,0,0,0,0,0,0,0,0,0,-5000,0,0,0,5000,10000,-5000,-5000
059076,FBVIX元大99購04 ,0,0,0,0,0,0,0,0,0,-5000,0,0,0,12000,17000,-5000,-5000
058315,TPK富邦9C購01   ,0,0,0,0,0,0,0,0,0,-5000,0,0,0,0,5000,-5000,-5000
058405,訊連元大99購02  ,0,0,0,0,0,0,0,0,0,-5000,0,0,0,1000,6000,-5000,-5000
058266,宏達電永豐99購01,0,0,0,0,0,0,0,0,0,-5000,0,0,0,0,5000,-5000,-5000
059200,京鼎永豐99購02  ,0,0,0,0,0,0,0,0,0,-5000,0,0,0,0,5000,-5000,-5000
05920P,力成元大96售04  ,0,0,0,0,0,0,0,0,0,-5000,0,0,0,0,5000,-5000,-5000
059693,智原永豐99購01  ,0,0,0,0,0,0,0,0,0,-5000,0,0,0,0,5000,-5000,-5000
059699,華通凱基99購04  ,0,0,0,0,0,0,0,0,0,-5000,0,0,0,0,5000,-5000,-5000
059629,友達凱基99購06  ,0,0,0,0,0,0,0,0,0,-5000,0,0,0,90000,95000,-5000,-5000
059490,國巨國票99購09  ,0,0,0,0,0,0,0,0,0,-5000,0,0,0,0,5000,-5000,-5000
059494,國巨國票9C購01  ,0,0,0,0,0,0,0,0,0,-5000,0,0,0,0,5000,-5000,-5000
059492,國巨國票9A購06  ,0,0,0,0,0,0,0,0,0,-5000,0,0,0,23000,28000,-5000,-5000
059478,FBVIX群益9A購01 ,0,0,0,0,0,0,0,0,0,-5000,0,0,0,0,5000,-5000,-5000
059808,創意元富99購01  ,0,0,0,0,0,0,0,0,0,-5000,0,0,0,10000,15000,-5000,-5000
057097,致新元富98購01  ,0,0,0,0,0,0,0,0,0,-5000,0,0,0,0,5000,-5000,-5000
058498,世紀鋼群益99購01,0,0,0,0,0,0,0,0,0,-5000,0,0,0,0,5000,-5000,-5000
058033,景碩永豐98購02  ,0,0,0,0,0,0,0,0,0,-5000,0,0,0,0,5000,-5000,-5000
057494,玉晶光元大99購09,0,0,0,0,0,0,0,0,0,-5000,0,0,0,18000,23000,-5000,-5000
057536,康控元大99購03  ,0,0,0,0,0,0,0,0,0,-5000,0,0,0,0,5000,-5000,-5000
057427,華通兆豐99購01  ,0,0,0,0,0,0,0,0,0,-5000,0,0,0,5000,10000,-5000,-5000
06495P,華新科亞東9A售01,0,0,0,0,0,0,0,0,0,-5000,0,0,0,0,5000,-5000,-5000
06572P,台積電永昌99售01,0,0,0,0,0,0,0,0,0,-5000,0,0,0,0,5000,-5000,-5000
06624P,訊芯元大98售06  ,0,0,0,0,0,0,0,0,0,-5000,0,0,0,0,5000,-5000,-5000
07218P,臺股指凱基99售31,0,0,0,0,0,0,0,0,0,-5000,0,0,0,9000,14000,-5000,-5000
07274P,上証2X群益01售01,0,0,0,0,0,0,0,0,0,-5000,0,0,0,1000,6000,-5000,-5000
07129P,華新科元大99售14,0,0,0,0,0,0,0,0,0,-5000,0,0,0,11000,16000,-5000,-5000
07068P,欣興台新99售01  ,0,0,0,0,0,0,0,0,0,-5000,0,0,0,0,5000,-5000,-5000
07326P,大立光元大99售23,0,0,0,0,0,0,0,0,0,-5000,0,0,0,0,5000,-5000,-5000
1108,幸福            ,4000,9000,-5000,0,0,0,0,0,0,0,0,0,0,0,0,0,-5000
1219,福壽            ,0,4000,-4000,0,0,0,0,0,0,-1000,0,1000,-1000,0,0,0,-5000
1220,台榮            ,1000,4000,-3000,0,0,0,0,0,0,-2000,0,2000,-2000,0,0,0,-5000
1423,利華            ,1000,6000,-5000,0,0,0,0,0,0,0,0,0,0,0,0,0,-5000
1726,永記            ,0,5000,-5000,0,0,0,0,0,0,0,0,0,0,0,0,0,-5000
1724,台硝            ,0,3000,-3000,0,0,0,0,0,0,-2000,0,2000,-2000,0,0,0,-5000
2028,威致            ,0,5000,-5000,0,0,0,0,0,0,0,0,0,0,0,0,0,-5000
1521,大億            ,3000,8000,-5000,0,0,0,0,0,0,0,0,0,0,0,0,0,-5000
1459,聯發            ,0,5000,-5000,0,0,0,0,0,0,0,0,0,0,0,0,0,-5000
1466,聚隆            ,0,5000,-5000,0,0,0,0,0,0,0,0,0,0,0,0,0,-5000
1506,正道            ,4000,9000,-5000,0,0,0,0,0,0,0,0,0,0,0,0,0,-5000
048793,超眾元大95購02  ,0,0,0,0,0,0,0,0,0,-5000,0,0,0,0,5000,-5000,-5000
043832,SP黃豆國票95購01,0,0,0,0,0,0,0,0,0,-5000,0,0,0,0,5000,-5000,-5000
03033X,元展30          ,0,0,0,0,0,0,0,0,0,-5000,0,0,0,0,5000,-5000,-5000
04636P,臺股指群益94售11,0,0,0,0,0,0,0,0,0,-5000,0,0,0,0,5000,-5000,-5000
006206,元大上證50      ,4000,10000,-6000,0,0,0,0,0,0,1000,0,0,0,20000,19000,1000,-5000
00682U,元大美元指數    ,0,0,0,0,0,0,0,0,0,-5000,0,0,0,0,5000,-5000,-5000
03658C,T50反1元大9A牛02,0,0,0,0,0,0,0,0,0,-5000,0,0,0,0,5000,-5000,-5000
03677C,臺股指元大05牛02,0,0,0,0,0,0,0,0,0,-5000,0,0,0,0,5000,-5000,-5000
03049X,元展46          ,0,0,0,0,0,0,0,0,0,-5000,0,0,0,0,5000,-5000,-5000
052010,兆豐金中信95購01,0,0,0,0,0,0,0,0,0,-5000,0,0,0,0,5000,-5000,-5000
05206P,南茂元大95售01  ,0,0,0,0,0,0,0,0,0,-5000,0,0,0,0,5000,-5000,-5000
050127,台積電凱基94購31,0,0,0,0,0,0,0,0,0,-5000,0,0,0,1000,6000,-5000,-5000
054265,GIS元大96購03   ,0,0,0,0,0,0,0,0,0,-5000,0,0,0,450000,455000,-5000,-5000
05020P,廣達中信95售01  ,0,0,0,0,0,0,0,0,0,-5000,0,0,0,0,5000,-5000,-5000
054103,T50反1凱基99購04,0,0,0,0,0,0,0,0,0,-5000,0,0,0,8000,13000,-5000,-5000
054696,嘉聯益永豐97購01,0,0,0,0,0,0,0,0,0,-5000,0,0,0,0,5000,-5000,-5000
054841,亞德客兆豐97購01,0,0,0,0,0,0,0,0,0,-5000,0,0,0,100000,105000,-5000,-5000
054933,南港元大97購01  ,0,0,0,0,0,0,0,0,0,-5000,0,0,0,0,5000,-5000,-5000
053732,S&P反1中信9C購01,0,0,0,0,0,0,0,0,0,-5000,0,0,0,0,5000,-5000,-5000
055707,聯鈞永豐98購01  ,0,0,0,0,0,0,0,0,0,-5000,0,0,0,0,5000,-5000,-5000
052727,仁寶元富96購01  ,0,0,0,0,0,0,0,0,0,-5000,0,0,0,0,5000,-5000,-5000
055471,聯發科凱基97購04,0,0,0,0,0,0,0,0,0,-5000,0,0,0,0,5000,-5000,-5000
053021,國巨國泰97購04  ,0,0,0,0,0,0,0,0,0,-5000,0,0,0,0,5000,-5000,-5000
053013,台積電統一97購01,0,0,0,0,0,0,0,0,0,-5000,0,0,0,5000,10000,-5000,-5000
059257,臺股指凱基99購35,0,0,0,0,0,0,0,0,0,-5000,0,0,0,0,5000,-5000,-5000
059278,群創元大9A購04  ,0,0,0,0,0,0,0,0,0,-5000,0,0,0,0,5000,-5000,-5000
058882,晶相光永豐99購01,0,0,0,0,0,0,0,0,0,-5000,0,0,0,0,5000,-5000,-5000
058802,矽創元大99購02  ,0,0,0,0,0,0,0,0,0,-5000,0,0,0,0,5000,-5000,-5000
3025,星通            ,10000,15000,-5000,0,0,0,0,0,0,0,0,0,0,0,0,0,-5000
3694,海華            ,2000,7000,-5000,0,0,0,0,0,0,0,0,0,0,0,0,0,-5000
6201,亞弘電          ,0,5000,-5000,0,0,0,0,0,0,0,0,0,0,0,0,0,-5000
4557,永新-KY         ,1000,4000,-3000,0,0,0,0,0,0,-2000,0,2000,-2000,0,0,0,-5000
9902,台火            ,11000,13000,-2000,0,0,0,0,0,0,-3000,0,3000,-3000,0,0,0,-5000
6671,三能-KY         ,0,5000,-5000,0,0,0,0,0,0,0,0,0,0,0,0,0,-5000
3679,新至陞          ,14000,23000,-9000,0,0,0,444,0,444,3000,3000,0,3000,0,0,0,-5556
1541,錩泰            ,7000,13000,-6000,0,0,0,0,0,0,0,0,0,0,0,0,0,-6000
2017,官田鋼          ,0,5000,-5000,0,0,0,0,0,0,-1000,0,1000,-1000,0,0,0,-6000
2415,錩新            ,0,8000,-8000,0,0,0,0,0,0,2000,2000,0,2000,0,0,0,-6000
1413,宏洲            ,0,6000,-6000,0,0,0,0,0,0,0,0,0,0,0,0,0,-6000
1256,鮮活果汁-KY     ,10000,15000,-5000,0,0,0,0,0,0,-1000,0,1000,-1000,0,0,0,-6000
07038P,華新科台新99售01,0,0,0,0,0,0,0,0,0,-6000,0,0,0,670000,676000,-6000,-6000
07032P,聯發科統一9C售02,0,0,0,0,0,0,0,0,0,-6000,0,0,0,0,6000,-6000,-6000
07084P,S&P正2元富9B售02,0,0,0,0,0,0,0,0,0,-6000,0,0,0,200000,206000,-6000,-6000
06247P,同欣電元富97售02,0,0,0,0,0,0,0,0,0,-6000,0,0,0,5000,11000,-6000,-6000
05744P,台表科元大96售04,0,0,0,0,0,0,0,0,0,-6000,0,0,0,5000,11000,-6000,-6000
057828,緯穎元大99購02  ,0,0,0,0,0,0,0,0,0,-6000,0,0,0,1000,7000,-6000,-6000
059658,國巨元大9A購03  ,0,0,0,0,0,0,0,0,0,-6000,0,0,0,2000,8000,-6000,-6000
059614,致新永豐99購01  ,0,0,0,0,0,0,0,0,0,-6000,0,0,0,0,6000,-6000,-6000
059203,勤誠永豐99購02  ,0,0,0,0,0,0,0,0,0,-6000,0,0,0,4000,10000,-6000,-6000
058412,聯發科兆豐99購01,0,0,0,0,0,0,0,0,0,-6000,0,0,0,0,6000,-6000,-6000
060004,臺指反群益9A購01,0,0,0,0,0,0,0,0,0,-6000,0,0,0,0,6000,-6000,-6000
058128,FBVIX元大9C購02 ,0,0,0,0,0,0,0,0,0,-6000,0,0,0,19000,25000,-6000,-6000
058819,華通國泰9B購01  ,0,0,0,0,0,0,0,0,0,-6000,0,0,0,0,6000,-6000,-6000
059243,聯發科凱基99購12,0,0,0,0,0,0,0,0,0,-6000,0,0,0,15000,21000,-6000,-6000
052625,南電亞東97購01  ,0,0,0,0,0,0,0,0,0,-6000,0,0,0,64000,70000,-6000,-6000
055642,廣宇元富97購01  ,0,0,0,0,0,0,0,0,0,-6000,0,0,0,0,6000,-6000,-6000
056157,聯詠凱基97購03  ,0,0,0,0,0,0,0,0,0,-6000,0,0,0,40000,46000,-6000,-6000
056233,超眾凱基97購02  ,0,0,0,0,0,0,0,0,0,-6000,0,0,0,0,6000,-6000,-6000
056202,國揚永豐97購01  ,0,0,0,0,0,0,0,0,0,-6000,0,0,0,0,6000,-6000,-6000
053451,致新凱基96購02  ,0,0,0,0,0,0,0,0,0,-6000,0,0,0,0,6000,-6000,-6000
053664,臺股指凱基96購25,0,0,0,0,0,0,0,0,0,-6000,0,0,0,0,6000,-6000,-6000
053129,緯穎凱基96購01  ,0,0,0,0,0,0,0,0,0,-6000,0,0,0,30000,36000,-6000,-6000
05137P,華新科凱基96售03,0,0,0,0,0,0,0,0,0,-6000,0,0,0,0,6000,-6000,-6000
05016P,臺股指元大95售07,0,0,0,0,0,0,0,0,0,-6000,0,0,0,0,6000,-6000,-6000
03039X,元展36          ,0,0,0,0,0,0,0,0,0,-6000,0,0,0,1000,7000,-6000,-6000
03437B,臺股指元富9C熊01,0,0,0,0,0,0,0,0,0,-6000,0,0,0,2000,8000,-6000,-6000
048785,台積電元大96購01,0,0,0,0,0,0,0,0,0,-6000,0,0,0,0,6000,-6000,-6000
3027,盛達            ,3000,8000,-5000,0,0,0,0,0,0,-1000,0,1000,-1000,0,0,0,-6000
2462,良得電          ,0,6000,-6000,0,0,0,0,0,0,0,0,0,0,0,0,0,-6000
2497,怡利電          ,0,5000,-5000,0,0,0,0,0,0,-1000,0,1000,-1000,0,0,0,-6000
4545,銘鈺            ,1000,7000,-6000,0,0,0,0,0,0,0,0,0,0,0,0,0,-6000
4737,華廣            ,3000,7000,-4000,0,0,0,0,0,0,-2000,0,2000,-2000,0,0,0,-6000
4912,聯德控股-KY     ,2000,13000,-11000,0,0,0,0,0,0,5000,5000,0,5000,0,0,0,-6000
6216,居易            ,7000,1000,6000,0,0,0,0,0,0,-12000,0,12000,-12000,0,0,0,-6000
059063,康控凱基99購04  ,0,0,0,0,0,0,0,0,0,-7000,0,0,0,0,7000,-7000,-7000
058041,FBVIX元大98購02 ,0,0,0,0,0,0,0,0,0,-7000,0,0,0,0,7000,-7000,-7000
059951,台塑康和99購01  ,0,0,0,0,0,0,0,0,0,-7000,0,0,0,3000,10000,-7000,-7000
056994,緯穎兆豐98購02  ,0,0,0,0,0,0,0,0,0,-7000,0,0,0,3000,10000,-7000,-7000
058187,泰碩永豐99購01  ,0,0,0,0,0,0,0,0,0,-7000,0,0,0,28000,35000,-7000,-7000
059416,T50反1元大99購08,0,0,0,0,0,0,0,0,0,-7000,0,0,0,3000,10000,-7000,-7000
057817,景碩元大98購01  ,0,0,0,0,0,0,0,0,0,-7000,0,0,0,36000,43000,-7000,-7000
05724P,致茂永豐96售01  ,0,0,0,0,0,0,0,0,0,-7000,0,0,0,0,7000,-7000,-7000
06301P,臺股指元大97售04,0,0,0,0,0,0,0,0,0,-7000,0,0,0,0,7000,-7000,-7000
06486P,麗豐元大98售02  ,0,0,0,0,0,0,0,0,0,-7000,0,0,0,0,7000,-7000,-7000
06781P,大立光元大98售19,0,0,0,0,0,0,0,0,0,-7000,0,0,0,0,7000,-7000,-7000
07163P,臺股指群益99售14,0,0,0,0,0,0,0,0,0,-7000,0,0,0,14000,21000,-7000,-7000
07164P,臺股指群益99售15,0,0,0,0,0,0,0,0,0,-7000,0,0,0,1000,8000,-7000,-7000
07367P,鴻海凱基99售17  ,0,0,0,0,0,0,0,0,0,-7000,0,0,0,0,7000,-7000,-7000
2008,高興昌          ,0,7000,-7000,0,0,0,0,0,0,0,0,0,0,0,0,0,-7000
2024,志聯            ,0,2000,-2000,0,0,0,0,0,0,-5000,0,5000,-5000,0,0,0,-7000
1474,弘裕            ,0,7000,-7000,0,0,0,0,0,0,0,0,0,0,0,0,0,-7000
04713P,創意元大95售01  ,0,0,0,0,0,0,0,0,0,-7000,0,0,0,3000,10000,-7000,-7000
051722,玉晶光永豐97購01,0,0,0,0,0,0,0,0,0,-7000,0,0,0,159000,166000,-7000,-7000
05192P,玉晶光台新96售02,0,0,0,0,0,0,0,0,0,-7000,0,0,0,12000,19000,-7000,-7000
050356,緯穎群益94購05  ,0,0,0,0,0,0,0,0,0,-7000,0,0,0,0,7000,-7000,-7000
050381,鴻海兆豐94購01  ,0,0,0,0,0,0,0,0,0,-7000,0,0,0,3000,10000,-7000,-7000
050385,貿聯國票95購02  ,0,0,0,0,0,0,0,0,0,-7000,0,0,0,0,7000,-7000,-7000
051218,聯發科元富9B購02,0,0,0,0,0,0,0,0,0,-7000,0,0,0,0,7000,-7000,-7000
05434P,世紀鋼元富95售02,0,0,0,0,0,0,0,0,0,-7000,0,0,0,0,7000,-7000,-7000
05235P,健鼎康和95售02  ,0,0,0,0,0,0,0,0,0,-7000,0,0,0,0,7000,-7000,-7000
053320,華新科群益97購01,0,0,0,0,0,0,0,0,0,-7000,0,0,0,0,7000,-7000,-7000
054742,京鼎凱基99購01  ,0,0,0,0,0,0,0,0,0,-7000,0,0,0,6000,13000,-7000,-7000
056194,聯發科富邦9B購01,0,0,0,0,0,0,0,0,0,-7000,0,0,0,0,7000,-7000,-7000
055334,禾伸堂兆豐97購01,0,0,0,0,0,0,0,0,0,-7000,0,0,0,2000,9000,-7000,-7000
052777,燿華國票98購01  ,0,0,0,0,0,0,0,0,0,-7000,0,0,0,8000,15000,-7000,-7000
059173,矽力凱基99購01  ,0,0,0,0,0,0,0,0,0,-7000,0,0,0,0,7000,-7000,-7000
058848,台積電群益99購07,0,0,0,0,0,0,0,0,0,-7000,0,0,0,0,7000,-7000,-7000
6128,上福            ,2000,9000,-7000,0,0,0,0,0,0,0,0,0,0,0,0,0,-7000
2739,寒舍            ,0,7000,-7000,0,0,0,0,0,0,0,0,0,0,0,0,0,-7000
4148,全宇生技-KY     ,3000,10000,-7000,0,0,0,0,0,0,0,0,0,0,0,0,0,-7000
2477,美隆電          ,9000,12610,-3610,0,0,0,0,0,0,-4000,0,4000,-4000,0,0,0,-7610
1713,國化            ,0,8000,-8000,0,0,0,0,0,0,0,0,0,0,0,0,0,-8000
1725,元禎            ,0,4000,-4000,0,0,0,0,0,0,-4000,0,4000,-4000,0,0,0,-8000
1727,中華化          ,0,2000,-2000,0,0,0,0,0,0,-6000,0,6000,-6000,0,0,0,-8000
1441,大東            ,5000,1000,4000,0,0,0,0,0,0,-12000,0,12000,-12000,0,0,0,-8000
057388,奇鋐永豐98購02  ,0,0,0,0,0,0,0,0,0,-8000,0,0,0,2000,10000,-8000,-8000
059569,旺宏凱基99購09  ,0,0,0,0,0,0,0,0,0,-8000,0,0,0,19000,27000,-8000,-8000
059649,矽力凱基99購02  ,0,0,0,0,0,0,0,0,0,-8000,0,0,0,5000,13000,-8000,-8000
059684,台灣50永豐99購09,0,0,0,0,0,0,0,0,0,-8000,0,0,0,0,8000,-8000,-8000
059820,南亞科凱基99購07,0,0,0,0,0,0,0,0,0,-8000,0,0,0,7000,15000,-8000,-8000
058909,神達元大99購03  ,0,0,0,0,0,0,0,0,0,-8000,0,0,0,10000,18000,-8000,-8000
056168,鴻海元富97購07  ,0,0,0,0,0,0,0,0,0,-8000,0,0,0,100000,108000,-8000,-8000
056047,台積電兆豐97購02,0,0,0,0,0,0,0,0,0,-8000,0,0,0,60000,68000,-8000,-8000
055675,亞德客凱基97購02,0,0,0,0,0,0,0,0,0,-8000,0,0,0,0,8000,-8000,-8000
049130,臺指反元大98購01,0,0,0,0,0,0,0,0,0,-8000,0,0,0,0,8000,-8000,-8000
05088P,大立光富邦99售01,0,0,0,0,0,0,0,0,0,-8000,0,0,0,0,8000,-8000,-8000
054538,台光電國票98購01,0,0,0,0,0,0,0,0,0,-8000,0,0,0,38000,46000,-8000,-8000
054180,亞泥康和96購01  ,0,0,0,0,0,0,0,0,0,-8000,0,0,0,12000,20000,-8000,-8000
054111,緯穎凱基97購01  ,0,0,0,0,0,0,0,0,0,-8000,0,0,0,7000,15000,-8000,-8000
052159,瑞昱永豐95購01  ,0,0,0,0,0,0,0,0,0,-8000,0,0,0,116000,124000,-8000,-8000
00728,第一金工業30    ,0,0,0,0,0,0,0,0,0,-8000,0,0,0,643000,651000,-8000,-8000
03007X,元展07          ,0,0,0,0,0,0,0,0,0,-8000,0,0,0,0,8000,-8000,-8000
3164,景岳            ,3000,11000,-8000,0,0,0,0,0,0,0,0,0,0,0,0,0,-8000
4572,駐龍            ,6000,14000,-8000,0,0,0,0,0,0,0,0,0,0,0,0,0,-8000
8478,東哥遊艇        ,2000,6000,-4000,0,0,0,0,0,0,-4000,0,4000,-4000,0,0,0,-8000
057116,鴻海日盛9A購01  ,0,0,0,0,0,0,0,0,0,-9000,0,0,0,498000,507000,-9000,-9000
057150,貿聯國票99購02  ,0,0,0,0,0,0,0,0,0,-9000,0,0,0,5000,14000,-9000,-9000
059572,華新科凱基99購08,0,0,0,0,0,0,0,0,0,-9000,0,0,0,0,9000,-9000,-9000
057001,華邦電國票99購02,0,0,0,0,0,0,0,0,0,-9000,0,0,0,39000,48000,-9000,-9000
058111,健鼎元富98購01  ,0,0,0,0,0,0,0,0,0,-9000,0,0,0,12000,21000,-9000,-9000
06480P,上銀凱基98售04  ,0,0,0,0,0,0,0,0,0,-9000,0,0,0,1000,10000,-9000,-9000
06936P,瑞儀元大98售01  ,0,0,0,0,0,0,0,0,0,-9000,0,0,0,0,9000,-9000,-9000
07001P,國巨元大99售12  ,0,0,0,0,0,0,0,0,0,-9000,0,0,0,600000,609000,-9000,-9000
06914P,南茂元大98售03  ,0,0,0,0,0,0,0,0,0,-9000,0,0,0,0,9000,-9000,-9000
06888P,日月光元大98售02,0,0,0,0,0,0,0,0,0,-9000,0,0,0,0,9000,-9000,-9000
06614P,祥碩永豐98售03  ,0,0,0,0,0,0,0,0,0,-9000,0,0,0,0,9000,-9000,-9000
057878,台郡元大99購04  ,0,0,0,0,0,0,0,0,0,-9000,0,0,0,51000,60000,-9000,-9000
057963,緯穎元大98購08  ,0,0,0,0,0,0,0,0,0,-9000,0,0,0,0,9000,-9000,-9000
1419,新紡            ,2000,11000,-9000,0,0,0,0,0,0,0,0,0,0,0,0,0,-9000
1323,永裕            ,6000,15000,-9000,0,0,0,0,0,0,0,0,0,0,0,0,0,-9000
07288P,台灣50凱基99售06,0,0,0,0,0,0,0,0,0,-9000,0,0,0,58000,67000,-9000,-9000
1707,葡萄王          ,368000,312000,56000,0,0,0,0,0,0,-65000,5000,70000,-65000,0,0,0,-9000
2423,固緯            ,33000,41000,-8000,0,0,0,0,0,0,-1000,0,1000,-1000,0,0,0,-9000
2305,全友            ,0,4000,-4000,0,0,0,0,0,0,-5000,0,5000,-5000,0,0,0,-9000
00753L,中信中國50正2   ,0,0,0,0,0,0,0,0,0,-9000,0,0,0,114000,123000,-9000,-9000
04707P,喬山元大94售01  ,0,0,0,0,0,0,0,0,0,-9000,0,0,0,1000,10000,-9000,-9000
048732,台勝科麥證95購01,0,0,0,15000,24000,-9000,0,0,0,-9000,0,0,0,15000,24000,-9000,-9000
04839P,大立光元大94售17,0,0,0,0,0,0,0,0,0,-9000,0,0,0,51000,60000,-9000,-9000
03416B,臺股指凱基95熊05,0,0,0,0,0,0,0,0,0,-9000,0,0,0,5000,14000,-9000,-9000
054139,揚明光元大96購01,0,0,0,0,0,0,0,0,0,-9000,0,0,0,0,9000,-9000,-9000
05116P,台積電群益95售03,0,0,0,0,0,0,0,0,0,-9000,0,0,0,2000,11000,-9000,-9000
053970,聯發科元大97購08,0,0,0,0,0,0,0,0,0,-9000,0,0,0,101000,110000,-9000,-9000
055563,智易凱基97購02  ,0,0,0,0,0,0,0,0,0,-9000,0,0,0,44000,53000,-9000,-9000
059256,臺股指凱基99購34,0,0,0,0,0,0,0,0,0,-9000,0,0,0,1000,10000,-9000,-9000
055339,緯穎兆豐98購01  ,0,0,0,0,0,0,0,0,0,-9000,0,0,0,1000,10000,-9000,-9000
05297P,臻鼎凱基95售04  ,0,0,0,0,0,0,0,0,0,-9000,0,0,0,0,9000,-9000,-9000
052681,T50反1元大98購02,0,0,0,0,0,0,0,0,0,-9000,0,0,0,11000,20000,-9000,-9000
6670,復盛應用        ,121000,122000,-1000,0,0,0,0,5000,-5000,-3000,0,3000,-3000,0,0,0,-9000
6605,帝寶            ,8000,16000,-8000,0,0,0,0,0,0,-1000,0,1000,-1000,0,0,0,-9000
6581,鋼聯            ,1000,10000,-9000,0,0,0,0,0,0,0,0,0,0,0,0,0,-9000
4438,廣越            ,11000,17000,-6000,0,0,0,0,0,0,-3000,0,3000,-3000,0,0,0,-9000
4439,冠星-KY         ,0,9000,-9000,0,0,0,0,0,0,0,0,0,0,0,0,0,-9000
3058,立德            ,5000,3000,2000,0,0,0,0,0,0,-11000,0,11000,-11000,0,0,0,-9000
3015,全漢            ,38000,47000,-9000,0,0,0,0,0,0,0,0,0,0,0,0,0,-9000
2540,愛山林          ,0,5000,-5000,0,0,0,0,0,0,-4000,0,4000,-4000,0,0,0,-9000
1526,日馳            ,8000,18000,-10000,0,0,0,0,0,0,0,0,0,0,0,0,0,-10000
1524,耿鼎            ,0,10000,-10000,0,0,0,0,0,0,0,0,0,0,0,0,0,-10000
1733,五鼎            ,81000,91000,-10000,0,0,0,0,0,0,0,3000,3000,0,0,0,0,-10000
07279P,台灣50台新99售02,0,0,0,0,0,0,0,0,0,-10000,0,0,0,10000,20000,-10000,-10000
07219P,臺股指凱基99售32,0,0,0,0,0,0,0,0,0,-10000,0,0,0,0,10000,-10000,-10000
07202P,台灣50凱基9C售04,0,0,0,0,0,0,0,0,0,-10000,0,0,0,0,10000,-10000,-10000
07236P,台灣50國票99售05,0,0,0,0,0,0,0,0,0,-10000,0,0,0,0,10000,-10000,-10000
07197P,臺股指元大99售13,0,0,0,0,0,0,0,0,0,-10000,0,0,0,10000,20000,-10000,-10000
07015P,國巨元大99售13  ,0,0,0,0,0,0,0,0,0,-10000,0,0,0,0,10000,-10000,-10000
07039P,南電台新99售01  ,0,0,0,0,0,0,0,0,0,-10000,0,0,0,0,10000,-10000,-10000
07057P,大立光康和9B售02,0,0,0,0,0,0,0,0,0,-10000,0,0,0,70000,80000,-10000,-10000
07064P,臺股指元大9A售25,0,0,0,0,0,0,0,0,0,-10000,0,0,0,0,10000,-10000,-10000
07383P,聯發科群益99售06,0,0,0,0,0,0,0,0,0,-10000,0,0,0,0,10000,-10000,-10000
07356P,臺股指國票99售24,0,0,0,0,0,0,0,0,0,-10000,0,0,0,0,10000,-10000,-10000
058012,鈺齊國票99購01  ,0,0,0,0,0,0,0,0,0,-10000,0,0,0,0,10000,-10000,-10000
058535,玉晶光統一9A購06,0,0,0,0,0,0,0,0,0,-10000,0,0,0,10000,20000,-10000,-10000
057440,台積電統一98購10,0,0,0,0,0,0,0,0,0,-10000,0,0,0,0,10000,-10000,-10000
057256,元油2X兆豐98購01,0,0,0,0,0,0,0,0,0,-10000,0,0,0,0,10000,-10000,-10000
057262,友達兆豐98購03  ,0,0,0,0,0,0,0,0,0,-10000,0,0,0,0,10000,-10000,-10000
057224,和碩日盛9A購01  ,0,0,0,0,0,0,0,0,0,-10000,0,0,0,100000,110000,-10000,-10000
057595,健鼎兆豐98購01  ,0,0,0,0,0,0,0,0,0,-10000,0,0,0,0,10000,-10000,-10000
057742,喬山永豐98購02  ,0,0,0,0,0,0,0,0,0,-10000,0,0,0,10000,20000,-10000,-10000
057696,聯電群益9A購01  ,0,0,0,0,0,0,0,0,0,-10000,0,0,0,10000,20000,-10000,-10000
057776,京元電群益98購02,0,0,0,0,0,0,0,0,0,-10000,0,0,0,0,10000,-10000,-10000
057677,臺股指元大98購07,0,0,0,0,0,0,0,0,0,-10000,0,0,0,0,10000,-10000,-10000
05764P,世紀鋼永豐96售03,0,0,0,0,0,0,0,0,0,-10000,0,0,0,0,10000,-10000,-10000
057657,國巨兆豐98購04  ,0,0,0,0,0,0,0,0,0,-10000,0,0,0,0,10000,-10000,-10000
057590,元油2X兆豐98購02,0,0,0,0,0,0,0,0,0,-10000,0,0,0,0,10000,-10000,-10000
06923P,鴻海群益98售09  ,0,0,0,0,0,0,0,0,0,-10000,0,0,0,0,10000,-10000,-10000
06850P,聯茂元大98售06  ,0,0,0,0,0,0,0,0,0,-10000,0,0,0,0,10000,-10000,-10000
06426P,T50正2元大9B售01,0,0,0,0,0,0,0,0,0,-10000,0,0,0,0,10000,-10000,-10000
06470P,臺股指凱基99售10,0,0,0,0,0,0,0,0,0,-10000,0,0,0,0,10000,-10000,-10000
06483P,聯發科凱基98售10,0,0,0,0,0,0,0,0,0,-10000,0,0,0,0,10000,-10000,-10000
06379P,群創統一97售05  ,0,0,0,0,0,0,0,0,0,-10000,0,0,0,0,10000,-10000,-10000
06208P,台郡凱基97售03  ,0,0,0,0,0,0,0,0,0,-10000,0,0,0,0,10000,-10000,-10000
057312,美律麥證98購01  ,0,0,0,10000,20000,-10000,0,0,0,-10000,0,0,0,10000,20000,-10000,-10000
057308,同欣電兆豐99購01,0,0,0,0,0,0,0,0,0,-10000,0,0,0,0,10000,-10000,-10000
057304,為升兆豐99購02  ,0,0,0,0,0,0,0,0,0,-10000,0,0,0,0,10000,-10000,-10000
058086,鴻海元大98購14  ,0,0,0,0,0,0,0,0,0,-10000,0,0,0,0,10000,-10000,-10000
056750,元油2X兆豐9A購01,0,0,0,0,0,0,0,0,0,-10000,0,0,0,0,10000,-10000,-10000
056751,和大兆豐98購01  ,0,0,0,0,0,0,0,0,0,-10000,0,0,0,0,10000,-10000,-10000
056753,群創兆豐98購02  ,0,0,0,0,0,0,0,0,0,-10000,0,0,0,0,10000,-10000,-10000
058666,上証反群益01購01,0,0,0,0,0,0,0,0,0,-10000,0,0,0,0,10000,-10000,-10000
058654,鴻海中信03購01  ,0,0,0,0,0,0,0,0,0,-10000,0,0,0,0,10000,-10000,-10000
056666,元油2X國票9A購01,0,0,0,0,0,0,0,0,0,-10000,0,0,0,0,10000,-10000,-10000
059042,世紀鋼群益99購02,0,0,0,0,0,0,0,0,0,-10000,0,0,0,0,10000,-10000,-10000
056551,台郡凱基98購04  ,0,0,0,0,0,0,0,0,0,-10000,0,0,0,50000,60000,-10000,-10000
056988,聚陽兆豐98購01  ,0,0,0,0,0,0,0,0,0,-10000,0,0,0,0,10000,-10000,-10000
056991,牧德兆豐98購01  ,0,0,0,0,0,0,0,0,0,-10000,0,0,0,0,10000,-10000,-10000
059982,聯發科元大99購37,0,0,0,0,0,0,0,0,0,-10000,0,0,0,2000,12000,-10000,-10000
059968,世紀鋼凱基99購03,0,0,0,0,0,0,0,0,0,-10000,0,0,0,0,10000,-10000,-10000
059958,鎧勝康和99購01  ,0,0,0,0,0,0,0,0,0,-10000,0,0,0,0,10000,-10000,-10000
060020,康控康和99購01  ,0,0,0,0,0,0,0,0,0,-10000,0,0,0,0,10000,-10000,-10000
058204,世芯凱基9A購01  ,0,0,0,0,0,0,0,0,0,-10000,0,0,0,6000,16000,-10000,-10000
056845,揚明光元富98購01,0,0,0,0,0,0,0,0,0,-10000,0,0,0,0,10000,-10000,-10000
056925,群創兆豐98購03  ,0,0,0,0,0,0,0,0,0,-10000,0,0,0,0,10000,-10000,-10000
056920,友達兆豐98購02  ,0,0,0,0,0,0,0,0,0,-10000,0,0,0,0,10000,-10000,-10000
056917,國巨兆豐98購03  ,0,0,0,0,0,0,0,0,0,-10000,0,0,0,0,10000,-10000,-10000
059558,T50正2凱基9C購03,0,0,0,0,0,0,0,0,0,-10000,0,0,0,35000,45000,-10000,-10000
059545,台灣50群益99購04,0,0,0,0,0,0,0,0,0,-10000,0,0,0,0,10000,-10000,-10000
059481,華新科群益99購05,0,0,0,0,0,0,0,0,0,-10000,0,0,0,0,10000,-10000,-10000
059477,FBVIX群益99購01 ,0,0,0,0,0,0,0,0,0,-10000,0,0,0,0,10000,-10000,-10000
059445,臺股指元大99購26,0,0,0,0,0,0,0,0,0,-10000,0,0,0,0,10000,-10000,-10000
059600,緯穎元大99購07  ,0,0,0,0,0,0,0,0,0,-10000,0,0,0,0,10000,-10000,-10000
057165,國巨元大99購05  ,0,0,0,0,0,0,0,0,0,-10000,0,0,0,10000,20000,-10000,-10000
06173P,華通元大97售02  ,0,0,0,0,0,0,0,0,0,-10000,0,0,0,2000,12000,-10000,-10000
06124P,超眾元大97售03  ,0,0,0,0,0,0,0,0,0,-10000,0,0,0,0,10000,-10000,-10000
058415,祥碩兆豐99購01  ,0,0,0,0,0,0,0,0,0,-10000,0,0,0,0,10000,-10000,-10000
059835,聯發科國泰9B購01,0,0,0,0,0,0,0,0,0,-10000,0,0,0,21000,31000,-10000,-10000
059843,華新科富邦9B購03,0,0,0,0,0,0,0,0,0,-10000,0,0,0,10000,20000,-10000,-10000
059907,道瓊指元大99購03,0,0,0,0,0,0,0,0,0,-10000,0,0,0,0,10000,-10000,-10000
059892,台灣50台新9A購02,0,0,0,0,0,0,0,0,0,-10000,0,0,0,0,10000,-10000,-10000
052612,康舒元大97購01  ,0,0,0,0,0,0,0,0,0,-10000,0,0,0,0,10000,-10000,-10000
05256P,義隆凱基95售02  ,0,0,0,0,0,0,0,0,0,-10000,0,0,0,0,10000,-10000,-10000
055763,鎧勝群益97購01  ,0,0,0,0,0,0,0,0,0,-10000,0,0,0,0,10000,-10000,-10000
052532,台積電國泰96購07,0,0,0,0,0,0,0,0,0,-10000,0,0,0,0,10000,-10000,-10000
052533,聯發科國泰96購03,0,0,0,0,0,0,0,0,0,-10000,0,0,0,0,10000,-10000,-10000
052416,滬深2X兆豐96購02,0,0,0,0,0,0,0,0,0,-10000,0,0,0,0,10000,-10000,-10000
05293P,廣達凱基95售01  ,0,0,0,0,0,0,0,0,0,-10000,0,0,0,0,10000,-10000,-10000
052936,華通兆豐98購01  ,0,0,0,0,0,0,0,0,0,-10000,0,0,0,0,10000,-10000,-10000
055318,華通國票98購01  ,0,0,0,0,0,0,0,0,0,-10000,0,0,0,0,10000,-10000,-10000
052797,樺漢兆豐96購01  ,0,0,0,0,0,0,0,0,0,-10000,0,0,0,0,10000,-10000,-10000
052791,友達兆豐97購01  ,0,0,0,0,0,0,0,0,0,-10000,0,0,0,0,10000,-10000,-10000
055216,友達凱基98購05  ,0,0,0,0,0,0,0,0,0,-10000,0,0,0,30000,40000,-10000,-10000
059262,致茂中信01購01  ,0,0,0,0,0,0,0,0,0,-10000,0,0,0,10000,20000,-10000,-10000
059292,華新科元富9B購02,0,0,0,0,0,0,0,0,0,-10000,0,0,0,0,10000,-10000,-10000
055583,國巨元大97購10  ,0,0,0,0,0,0,0,0,0,-10000,0,0,0,0,10000,-10000,-10000
05552P,聯詠群益96售01  ,0,0,0,0,0,0,0,0,0,-10000,0,0,0,0,10000,-10000,-10000
059167,聯發科凱基99購11,0,0,0,0,0,0,0,0,0,-10000,0,0,0,0,10000,-10000,-10000
058964,群創兆豐99購01  ,0,0,0,0,0,0,0,0,0,-10000,0,0,0,0,10000,-10000,-10000
058977,SGBR2X凱基03購01,0,0,0,0,0,0,0,0,0,-10000,0,0,0,0,10000,-10000,-10000
058980,鴻海凱基99購06  ,0,0,0,0,0,0,0,0,0,-10000,0,0,0,42000,52000,-10000,-10000
058807,和大統一9B購01  ,0,0,0,0,0,0,0,0,0,-10000,0,0,0,0,10000,-10000,-10000
058769,友達兆豐99購01  ,0,0,0,0,0,0,0,0,0,-10000,0,0,0,0,10000,-10000,-10000
058743,可成康和99購01  ,0,0,0,0,0,0,0,0,0,-10000,0,0,0,0,10000,-10000,-10000
053495,聯發科兆豐96購02,0,0,0,0,0,0,0,0,0,-10000,0,0,0,0,10000,-10000,-10000
05348P,美律元富98售01  ,0,0,0,0,0,0,0,0,0,-10000,0,0,0,0,10000,-10000,-10000
053497,新光金兆豐97購01,0,0,0,0,0,0,0,0,0,-10000,0,0,0,0,10000,-10000,-10000
053499,禾伸堂兆豐96購01,0,0,0,0,0,0,0,0,0,-10000,0,0,0,1000,11000,-10000,-10000
053463,可成富邦98購01  ,0,0,0,0,0,0,0,0,0,-10000,0,0,0,0,10000,-10000,-10000
053432,世紀鋼永豐96購02,0,0,0,0,0,0,0,0,0,-10000,0,0,0,0,10000,-10000,-10000
053408,友達兆豐98購01  ,0,0,0,0,0,0,0,0,0,-10000,0,0,0,0,10000,-10000,-10000
053765,智邦富邦96購01  ,0,0,0,0,0,0,0,0,0,-10000,0,0,0,0,10000,-10000,-10000
054851,樺漢兆豐97購01  ,0,0,0,0,0,0,0,0,0,-10000,0,0,0,0,10000,-10000,-10000
054912,群光凱基97購01  ,0,0,0,0,0,0,0,0,0,-10000,0,0,0,0,10000,-10000,-10000
053105,鴻海兆豐97購01  ,0,0,0,0,0,0,0,0,0,-10000,0,0,0,0,10000,-10000,-10000
053108,南亞科兆豐96購01,0,0,0,0,0,0,0,0,0,-10000,0,0,0,0,10000,-10000,-10000
053082,聯電元大98購03  ,0,0,0,0,0,0,0,0,0,-10000,0,0,0,0,10000,-10000,-10000
053047,寶成中信97購01  ,0,0,0,0,0,0,0,0,0,-10000,0,0,0,0,10000,-10000,-10000
054848,群創兆豐98購01  ,0,0,0,0,0,0,0,0,0,-10000,0,0,0,0,10000,-10000,-10000
053053,京元電國票97購02,0,0,0,0,0,0,0,0,0,-10000,0,0,0,0,10000,-10000,-10000
055603,超眾元大97購04  ,0,0,0,0,0,0,0,0,0,-10000,0,0,0,0,10000,-10000,-10000
053516,茂林群益96購05  ,0,0,0,0,0,0,0,0,0,-10000,0,0,0,0,10000,-10000,-10000
053524,聯電中信97購02  ,0,0,0,0,0,0,0,0,0,-10000,0,0,0,0,10000,-10000,-10000
053625,國巨兆豐96購03  ,0,0,0,0,0,0,0,0,0,-10000,0,0,0,0,10000,-10000,-10000
055043,中砂永豐97購01  ,0,0,0,0,0,0,0,0,0,-10000,0,0,0,0,10000,-10000,-10000
056206,泰鼎永豐97購01  ,0,0,0,0,0,0,0,0,0,-10000,0,0,0,0,10000,-10000,-10000
056333,台積電日盛9B購01,0,0,0,0,0,0,0,0,0,-10000,0,0,0,0,10000,-10000,-10000
056277,上銀富邦99購02  ,0,0,0,0,0,0,0,0,0,-10000,0,0,0,0,10000,-10000,-10000
051188,鴻海兆豐95購01  ,0,0,0,0,0,0,0,0,0,-10000,0,0,0,0,10000,-10000,-10000
051189,鴻海兆豐96購01  ,0,0,0,0,0,0,0,0,0,-10000,0,0,0,0,10000,-10000,-10000
054156,聯電亞東98購01  ,0,0,0,0,0,0,0,0,0,-10000,0,0,0,0,10000,-10000,-10000
05418P,瑞昱永豐95售02  ,0,0,0,0,0,0,0,0,0,-10000,0,0,0,0,10000,-10000,-10000
051393,新光金兆豐96購01,0,0,0,0,0,0,0,0,0,-10000,0,0,0,0,10000,-10000,-10000
054075,GIS富邦97購02   ,0,0,0,0,0,0,0,0,0,-10000,0,0,0,0,10000,-10000,-10000
051284,上銀統一95購02  ,0,0,0,0,0,0,0,0,0,-10000,0,0,0,0,10000,-10000,-10000
051287,台積電統一95購05,0,0,0,0,0,0,0,0,0,-10000,0,0,0,490000,500000,-10000,-10000
054621,華新科兆豐98購01,0,0,0,0,0,0,0,0,0,-10000,0,0,0,0,10000,-10000,-10000
056515,燿華兆豐99購01  ,0,0,0,0,0,0,0,0,0,-10000,0,0,0,0,10000,-10000,-10000
05642P,玉晶光兆豐97售02,0,0,0,0,0,0,0,0,0,-10000,0,0,0,0,10000,-10000,-10000
050536,亞泥凱基95購01  ,0,0,0,0,0,0,0,0,0,-10000,0,0,0,10000,20000,-10000,-10000
050674,瑞昱富邦94購02  ,0,0,0,0,0,0,0,0,0,-10000,0,0,0,0,10000,-10000,-10000
051601,群創兆豐95購02  ,0,0,0,0,0,0,0,0,0,-10000,0,0,0,0,10000,-10000,-10000
05152P,玉晶光群益96售05,0,0,0,0,0,0,0,0,0,-10000,0,0,0,0,10000,-10000,-10000
051026,健策統一96購01  ,0,0,0,0,0,0,0,0,0,-10000,0,0,0,0,10000,-10000,-10000
05142P,華新科台新95售01,0,0,0,0,0,0,0,0,0,-10000,0,0,0,0,10000,-10000,-10000
049666,臺股指永昌94購01,0,0,0,0,0,0,0,0,0,-10000,0,0,0,0,10000,-10000,-10000
049564,聯電統一94購03  ,0,0,0,0,0,0,0,0,0,-10000,0,0,0,0,10000,-10000,-10000
050081,聯發科統一94購07,0,0,0,0,0,0,0,0,0,-10000,0,0,0,0,10000,-10000,-10000
050481,泰鼎國票96購01  ,0,0,0,0,0,0,0,0,0,-10000,0,0,0,0,10000,-10000,-10000
049783,元油2X兆豐95購01,0,0,0,0,0,0,0,0,0,-10000,0,0,0,0,10000,-10000,-10000
049898,緯穎統一95購01  ,0,0,0,0,0,0,0,0,0,-10000,0,0,0,0,10000,-10000,-10000
049859,味全兆豐95購01  ,0,0,0,0,0,0,0,0,0,-10000,0,0,0,0,10000,-10000,-10000
049789,世紀鋼兆豐94購01,0,0,0,0,0,0,0,0,0,-10000,0,0,0,0,10000,-10000,-10000
03038X,元展35          ,0,0,0,0,0,0,0,0,0,-10000,0,0,0,0,10000,-10000,-10000
04605P,台積電兆豐94售03,0,0,0,0,0,0,0,0,0,-10000,0,0,0,0,10000,-10000,-10000
03497P,金像電凱基02售06,0,0,0,0,0,0,0,0,0,-10000,0,0,0,0,10000,-10000,-10000
045572,元油2X元大98購01,0,0,0,0,0,0,0,0,0,-10000,0,0,0,0,10000,-10000,-10000
045189,大立光元富98購01,0,0,0,0,0,0,0,0,0,-10000,0,0,0,0,10000,-10000,-10000
044249,T50反1中信94購01,0,0,0,0,0,0,0,0,0,-10000,0,0,0,30000,40000,-10000,-10000
04400P,台積電兆豐95售02,0,0,0,0,0,0,0,0,0,-10000,0,0,0,0,10000,-10000,-10000
041832,T50反1統一94購01,0,0,0,0,0,0,0,0,0,-10000,0,0,0,0,10000,-10000,-10000
04189P,台積電兆豐94售02,0,0,0,0,0,0,0,0,0,-10000,0,0,0,0,10000,-10000,-10000
041527,T50反1中信96購01,0,0,0,0,0,0,0,0,0,-10000,0,0,0,0,10000,-10000,-10000
052210,華夏元大95購01  ,0,0,0,0,0,0,0,0,0,-10000,0,0,0,0,10000,-10000,-10000
052066,華邦電兆豐96購01,0,0,0,0,0,0,0,0,0,-10000,0,0,0,0,10000,-10000,-10000
048589,國巨兆豐96購01  ,0,0,0,0,0,0,0,0,0,-10000,0,0,0,0,10000,-10000,-10000
048282,世紀鋼永豐94購01,0,0,0,0,0,0,0,0,0,-10000,0,0,0,0,10000,-10000,-10000
04682P,臺股指統一96售01,0,0,0,0,0,0,0,0,0,-10000,0,0,0,0,10000,-10000,-10000
048158,大立光兆豐95購01,0,0,0,0,0,0,0,0,0,-10000,0,0,0,0,10000,-10000,-10000
047505,元金2X國票9B購01,0,0,0,0,0,0,0,0,0,-10000,0,0,0,0,10000,-10000,-10000
047572,深中小群益95購01,0,0,0,0,0,0,0,0,0,-10000,0,0,0,0,10000,-10000,-10000
047733,友達兆豐95購01  ,0,0,0,0,0,0,0,0,0,-10000,0,0,0,0,10000,-10000,-10000
020008,元大特股高息N   ,0,0,0,0,0,0,0,0,0,-10000,0,0,0,24000,34000,-10000,-10000
2530,華建            ,1000,11000,-10000,0,0,0,0,0,0,0,0,0,0,0,0,0,-10000
2617,台航            ,99000,109000,-10000,0,0,0,0,0,0,0,0,0,0,0,0,0,-10000
2850,新產            ,60000,69000,-9000,0,0,0,0,0,0,-1000,0,1000,-1000,0,0,0,-10000
3048,益登            ,100000,110000,-10000,0,0,0,0,0,0,0,0,0,0,0,0,0,-10000
6136,富爾特          ,0,10000,-10000,0,0,0,0,0,0,0,0,0,0,0,0,0,-10000
6224,聚鼎            ,12000,19000,-7000,0,0,0,0,0,0,-3000,0,3000,-3000,0,0,0,-10000
8480,泰昇-KY         ,1000,11000,-10000,0,0,0,0,0,0,0,0,0,0,0,0,0,-10000
057118,欣興日盛9A購01  ,0,0,0,0,0,0,0,0,0,-11000,0,0,0,50000,61000,-11000,-11000
058279,FBVIX中信03購03 ,0,0,0,0,0,0,0,0,0,-11000,0,0,0,0,11000,-11000,-11000
056720,世紀鋼永豐98購01,0,0,0,0,0,0,0,0,0,-11000,0,0,0,20000,31000,-11000,-11000
06938P,南電元大98售03  ,0,0,0,0,0,0,0,0,0,-11000,0,0,0,0,11000,-11000,-11000
06697P,台積電國票99售05,0,0,0,0,0,0,0,0,0,-11000,0,0,0,0,11000,-11000,-11000
07335P,臺股指國票99售20,0,0,0,0,0,0,0,0,0,-11000,0,0,0,0,11000,-11000,-11000
07363P,大立光元大99售26,0,0,0,0,0,0,0,0,0,-11000,0,0,0,1000,12000,-11000,-11000
07201P,臺股指元大99售17,0,0,0,0,0,0,0,0,0,-11000,0,0,0,0,11000,-11000,-11000
07270P,台灣50元大01售09,0,0,0,0,0,0,0,0,0,-11000,0,0,0,0,11000,-11000,-11000
1806,冠軍            ,5000,16000,-11000,0,0,0,0,0,0,0,0,0,0,0,0,0,-11000
2374,佳能            ,6000,17000,-11000,0,0,0,0,0,0,0,0,0,0,0,0,0,-11000
2430,燦坤            ,1000,12000,-11000,0,0,0,0,0,0,0,0,0,0,0,0,0,-11000
006207,FH滬深          ,24000,2000,22000,0,0,0,0,0,0,-33000,0,0,0,89000,122000,-33000,-11000
047885,元金2X富邦99購01,0,0,0,0,0,0,0,0,0,-11000,0,0,0,6000,17000,-11000,-11000
040761,T50反1凱基95購02,0,0,0,0,0,0,0,0,0,-11000,0,0,0,0,11000,-11000,-11000
049724,南電第一94購01  ,0,0,0,0,0,0,0,0,0,-11000,0,0,0,0,11000,-11000,-11000
051544,T50反1康和98購01,0,0,0,0,0,0,0,0,0,-11000,0,0,0,0,11000,-11000,-11000
051483,玉晶光凱基96購02,0,0,0,0,0,0,0,0,0,-11000,0,0,0,5000,16000,-11000,-11000
05424P,台達電亞東96售02,0,0,0,0,0,0,0,0,0,-11000,0,0,0,0,11000,-11000,-11000
058775,台積電國票9A購02,0,0,0,0,0,0,0,0,0,-11000,0,0,0,79000,90000,-11000,-11000
055380,智易元大98購02  ,0,0,0,0,0,0,0,0,0,-11000,0,0,0,0,11000,-11000,-11000
055910,瑞昱凱基98購01  ,0,0,0,0,0,0,0,0,0,-11000,0,0,0,0,11000,-11000,-11000
6281,全國電          ,2000,10000,-8000,0,0,0,0,0,0,-3000,0,3000,-3000,0,0,0,-11000
5515,建國            ,13000,24000,-11000,0,0,0,0,0,0,0,0,0,0,0,0,0,-11000
3266,昇陽            ,3000,14000,-11000,0,0,0,0,0,0,0,0,0,0,0,0,0,-11000
3018,同開            ,49000,60000,-11000,0,0,0,0,0,0,0,0,0,0,0,0,0,-11000
3038,全台            ,393000,404000,-11000,0,0,0,0,0,0,0,0,0,0,0,0,0,-11000
2506,太設            ,0,9000,-9000,0,0,0,0,0,0,-2000,0,2000,-2000,0,0,0,-11000
2482,連宇            ,7000,8000,-1000,0,0,0,0,0,0,-10000,0,10000,-10000,0,0,0,-11000
2455,全新            ,421109,455000,-33891,0,0,0,0,0,0,22000,52000,38000,14000,11000,3000,8000,-11891
3257,虹冠電          ,1000,12910,-11910,0,0,0,0,0,0,0,0,0,0,0,0,0,-11910
07241P,台灣50國票9A售05,0,0,0,0,0,0,0,0,0,-12000,0,0,0,59000,71000,-12000,-12000
07207P,台積電凱基99售13,0,0,0,0,0,0,0,0,0,-12000,0,0,0,100000,112000,-12000,-12000
06662P,玉晶光中信9A售01,0,0,0,0,0,0,0,0,0,-12000,0,0,0,0,12000,-12000,-12000
057707,臺股指群益98購07,0,0,0,0,0,0,0,0,0,-12000,0,0,0,83000,95000,-12000,-12000
057477,智邦元大98購09  ,0,0,0,0,0,0,0,0,0,-12000,0,0,0,15000,27000,-12000,-12000
058274,世紀鋼永豐99購01,0,0,0,0,0,0,0,0,0,-12000,0,0,0,8000,20000,-12000,-12000
05922P,京元電兆豐96售01,0,0,0,0,0,0,0,0,0,-12000,0,0,0,0,12000,-12000,-12000
057179,可成元大98購04  ,0,0,0,0,0,0,0,0,0,-12000,0,0,0,11000,23000,-12000,-12000
059410,滬深2X國票9A購04,0,0,0,0,0,0,0,0,0,-12000,0,0,0,0,12000,-12000,-12000
058832,立積永豐99購01  ,0,0,0,0,0,0,0,0,0,-12000,0,0,0,0,12000,-12000,-12000
058834,GIS永豐99購01   ,0,0,0,0,0,0,0,0,0,-12000,0,0,0,0,12000,-12000,-12000
058884,世紀鋼永豐99購02,0,0,0,0,0,0,0,0,0,-12000,0,0,0,0,12000,-12000,-12000
055686,致伸凱基97購02  ,0,0,0,0,0,0,0,0,0,-12000,0,0,0,28000,40000,-12000,-12000
054117,宏全康和96購01  ,0,0,0,0,0,0,0,0,0,-12000,0,0,0,0,12000,-12000,-12000
04923P,GIS凱基94售06   ,0,0,0,0,0,0,0,0,0,-12000,0,0,0,0,12000,-12000,-12000
052056,緯穎凱基95購04  ,0,0,0,0,0,0,0,0,0,-12000,0,0,0,0,12000,-12000,-12000
3312,弘憶股          ,66000,76000,-10000,0,0,0,0,0,0,-2000,0,2000,-2000,0,0,0,-12000
2465,麗臺            ,0,12000,-12000,0,0,0,0,0,0,0,0,0,0,0,0,0,-12000
8070,長華*           ,25000,34000,-9000,0,0,0,0,0,0,-3000,0,3000,-3000,0,0,0,-12000
8222,寶一            ,2000,14000,-12000,0,0,0,0,0,0,0,0,0,0,0,0,0,-12000
6409,旭隼            ,165000,176690,-11690,0,0,0,0,0,0,-1000,1000,2000,-1000,0,0,0,-12690
057029,緯穎凱基98購04  ,0,0,0,0,0,0,0,0,0,-13000,0,0,0,0,13000,-13000,-13000
06086P,台積電康和97售01,0,0,0,0,0,0,0,0,0,-13000,0,0,0,267000,280000,-13000,-13000
059742,富邦金元富99購01,0,0,0,0,0,0,0,0,0,-13000,0,0,0,17000,30000,-13000,-13000
059931,緯穎富邦9A購01  ,0,0,0,0,0,0,0,0,0,-13000,0,0,0,60000,73000,-13000,-13000
059316,國巨元大99購23  ,0,0,0,0,0,0,0,0,0,-13000,0,0,0,11000,24000,-13000,-13000
058091,欣興元大99購03  ,0,0,0,0,0,0,0,0,0,-13000,0,0,0,1000,14000,-13000,-13000
06642P,可成兆豐98售01  ,0,0,0,0,0,0,0,0,0,-13000,0,0,0,0,13000,-13000,-13000
06901P,亞德客凱基98售02,0,0,0,0,0,0,0,0,0,-13000,0,0,0,0,13000,-13000,-13000
06374P,台表科元大97售06,0,0,0,0,0,0,0,0,0,-13000,0,0,0,0,13000,-13000,-13000
06431P,新日興元大97售05,0,0,0,0,0,0,0,0,0,-13000,0,0,0,3000,16000,-13000,-13000
07173P,臺股指國票99售10,0,0,0,0,0,0,0,0,0,-13000,0,0,0,2000,15000,-13000,-13000
07243P,台灣50凱基9A售04,0,0,0,0,0,0,0,0,0,-13000,0,0,0,141000,154000,-13000,-13000
07112P,聯發科群益99售05,0,0,0,0,0,0,0,0,0,-13000,0,0,0,20000,33000,-13000,-13000
07340P,鴻海凱基99售15  ,0,0,0,0,0,0,0,0,0,-13000,0,0,0,5000,18000,-13000,-13000
2007,燁興            ,0,13000,-13000,0,0,0,0,0,0,0,0,0,0,0,0,0,-13000
04872P,高股息中信94售01,0,0,0,0,0,0,0,0,0,-13000,0,0,0,0,13000,-13000,-13000
00851,台新全球AI      ,0,0,0,0,0,0,0,0,0,-13000,0,0,0,33000,46000,-13000,-13000
051424,緯穎國票97購01  ,0,0,0,0,0,0,0,0,0,-13000,0,0,0,7000,20000,-13000,-13000
054302,鴻海凱基96購18  ,0,0,0,0,0,0,0,0,0,-13000,0,0,0,104000,117000,-13000,-13000
05610P,國巨群益98售01  ,0,0,0,0,0,0,0,0,0,-13000,0,0,0,0,13000,-13000,-13000
053248,智伸科國票97購01,0,0,0,0,0,0,0,0,0,-13000,0,0,0,30000,43000,-13000,-13000
055381,茂林元大97購02  ,0,0,0,0,0,0,0,0,0,-13000,0,0,0,0,13000,-13000,-13000
052858,華通凱基97購02  ,0,0,0,0,0,0,0,0,0,-13000,0,0,0,0,13000,-13000,-13000
052816,上銀永豐96購01  ,0,0,0,0,0,0,0,0,0,-13000,0,0,0,0,13000,-13000,-13000
8249,菱光            ,7000,20000,-13000,0,0,0,0,0,0,0,0,0,0,0,0,0,-13000
8499,鼎炫-KY         ,4000,17000,-13000,0,0,0,0,0,0,0,0,0,0,0,0,0,-13000
4930,燦星網          ,1000,14000,-13000,0,0,0,0,0,0,0,0,0,0,0,0,0,-13000
2906,高林            ,0,9000,-9000,0,0,0,0,0,0,-4000,0,4000,-4000,0,0,0,-13000
3321,同泰            ,0,13000,-13000,0,0,0,0,0,0,0,0,0,0,0,0,0,-13000
3454,晶睿            ,18000,29000,-11000,0,0,0,0,0,0,-2000,0,2000,-2000,0,0,0,-13000
3494,誠研            ,0,13000,-13000,0,0,0,0,0,0,0,0,0,0,0,0,0,-13000
6192,巨路            ,37000,48500,-11500,0,0,0,0,0,0,-2000,0,2000,-2000,0,0,0,-13500
1539,巨庭            ,2000,9000,-7000,0,0,0,0,0,0,-7000,0,7000,-7000,0,0,0,-14000
2328,廣宇            ,610000,605000,5000,0,0,0,0,0,0,-19000,24000,61000,-37000,18000,0,18000,-14000
07365P,超眾元大99售07  ,0,0,0,0,0,0,0,0,0,-14000,0,0,0,0,14000,-14000,-14000
1446,宏和            ,9000,23000,-14000,0,0,0,0,0,0,0,0,0,0,0,0,0,-14000
07149P,健鼎元大99售03  ,0,0,0,0,0,0,0,0,0,-14000,0,0,0,10000,24000,-14000,-14000
057870,大立光凱基99購02,0,0,0,0,0,0,0,0,0,-14000,0,0,0,6000,20000,-14000,-14000
056669,貿聯國票99購01  ,0,0,0,0,0,0,0,0,0,-14000,0,0,0,0,14000,-14000,-14000
059069,臺指反元大9C購01,0,0,0,0,0,0,0,0,0,-14000,0,0,0,0,14000,-14000,-14000
056732,國巨凱基98購07  ,0,0,0,0,0,0,0,0,0,-14000,0,0,0,0,14000,-14000,-14000
059832,超眾康和99購01  ,0,0,0,0,0,0,0,0,0,-14000,0,0,0,0,14000,-14000,-14000
059509,奇力新永豐99購02,0,0,0,0,0,0,0,0,0,-14000,0,0,0,13000,27000,-14000,-14000
055359,超眾凱基97購01  ,0,0,0,0,0,0,0,0,0,-14000,0,0,0,100000,114000,-14000,-14000
058933,FBVIX台新9B購01 ,0,0,0,0,0,0,0,0,0,-14000,0,0,0,7000,21000,-14000,-14000
056051,T50反1元大97購05,0,0,0,0,0,0,0,0,0,-14000,0,0,0,6000,20000,-14000,-14000
03662C,FBVIX凱基03牛01 ,0,0,0,0,0,0,0,0,0,-14000,0,0,0,27000,41000,-14000,-14000
5608,四維航          ,0,14000,-14000,0,0,0,0,0,0,0,0,0,0,0,0,0,-14000
5283,禾聯碩          ,12000,20000,-8000,0,0,0,0,0,0,-6000,0,0,0,0,6000,-6000,-14000
9905,大華            ,19000,29000,-10000,0,0,0,0,0,0,-4000,0,4000,-4000,0,0,0,-14000
6573,虹揚-KY         ,1000,15000,-14000,0,0,0,0,0,0,0,0,0,0,0,0,0,-14000
3645,達邁            ,65000,75000,-10000,0,0,0,0,0,0,-4000,0,4000,-4000,0,0,0,-14000
2509,全坤建          ,0,14000,-14000,0,0,0,0,0,0,0,0,0,0,0,0,0,-14000
059896,T50反1元大99購13,0,0,0,0,0,0,0,0,0,-15000,0,0,0,0,15000,-15000,-15000
059881,臺股指凱基99購46,0,0,0,0,0,0,0,0,0,-15000,0,0,0,15000,30000,-15000,-15000
059915,聯發科元大99購32,0,0,0,0,0,0,0,0,0,-15000,0,0,0,11000,26000,-15000,-15000
058622,國巨國票99購07  ,0,0,0,0,0,0,0,0,0,-15000,0,0,0,0,15000,-15000,-15000
056995,華新科日盛99購01,0,0,0,0,0,0,0,0,0,-15000,0,0,0,0,15000,-15000,-15000
06234P,亞德客元大97售02,0,0,0,0,0,0,0,0,0,-15000,0,0,0,5000,20000,-15000,-15000
06845P,億光元大98售02  ,0,0,0,0,0,0,0,0,0,-15000,0,0,0,0,15000,-15000,-15000
07160P,台灣50中信03售04,0,0,0,0,0,0,0,0,0,-15000,0,0,0,0,15000,-15000,-15000
07285P,上証2X群益01售02,0,0,0,0,0,0,0,0,0,-15000,0,0,0,0,15000,-15000,-15000
07377P,聯發科元大99售40,0,0,0,0,0,0,0,0,0,-15000,0,0,0,0,15000,-15000,-15000
07379P,大立光元大99售30,0,0,0,0,0,0,0,0,0,-15000,0,0,0,100000,115000,-15000,-15000
1560,中砂            ,62000,129000,-67000,0,0,0,52000,0,52000,0,0,0,0,0,0,0,-15000
1463,強盛            ,0,15000,-15000,0,0,0,0,0,0,0,0,0,0,0,0,0,-15000
04518P,高鐵群益95售01  ,0,0,0,0,0,0,0,0,0,-15000,0,0,0,0,15000,-15000,-15000
03429B,臺股指元富97熊07,0,0,0,0,0,0,0,0,0,-15000,0,0,0,0,15000,-15000,-15000
051969,世紀鋼永豐95購01,0,0,0,0,0,0,0,0,0,-15000,0,0,0,0,15000,-15000,-15000
052231,景碩凱基96購01  ,0,0,0,0,0,0,0,0,0,-15000,0,0,0,5000,20000,-15000,-15000
04890P,台積電元大95售05,0,0,0,0,0,0,0,0,0,-15000,0,0,0,0,15000,-15000,-15000
00731,FH富時高息低波  ,2000,2000,0,0,0,0,0,0,0,-15000,0,0,0,68000,83000,-15000,-15000
046717,世紀鋼國泰94購01,0,0,0,0,0,0,0,0,0,-15000,0,0,0,0,15000,-15000,-15000
054353,世紀鋼國泰98購01,0,0,0,0,0,0,0,0,0,-15000,0,0,0,80000,95000,-15000,-15000
054393,漢唐永豐96購01  ,0,0,0,0,0,0,0,0,0,-15000,0,0,0,0,15000,-15000,-15000
056519,創意國票99購01  ,0,0,0,0,0,0,0,0,0,-15000,0,0,0,0,15000,-15000,-15000
056459,茂林凱基99購01  ,0,0,0,0,0,0,0,0,0,-15000,0,0,0,0,15000,-15000,-15000
058716,華新科台新99購02,0,0,0,0,0,0,0,0,0,-15000,0,0,0,0,15000,-15000,-15000
052820,宏達電永豐96購01,0,0,0,0,0,0,0,0,0,-15000,0,0,0,0,15000,-15000,-15000
052937,國巨兆豐97購01  ,0,0,0,0,0,0,0,0,0,-15000,0,0,0,0,15000,-15000,-15000
2496,卓越            ,0,15000,-15000,0,0,0,0,0,0,0,0,0,0,0,0,0,-15000
2636,台驊投控        ,6000,21000,-15000,0,0,0,0,0,0,0,0,0,0,0,0,0,-15000
8261,富鼎            ,39000,56000,-17000,0,0,0,0,0,0,2000,2000,0,2000,0,0,0,-15000
910322,康師傅-DR       ,0,15000,-15000,0,0,0,0,0,0,0,0,0,0,0,0,0,-15000
1808,潤隆            ,99000,115000,-16000,0,0,0,0,0,0,0,0,0,0,0,0,0,-16000
2373,震旦行          ,2000,14000,-12000,0,0,0,0,0,0,-4000,0,4000,-4000,0,0,0,-16000
1232,大統益          ,29000,36000,-7000,0,0,0,0,0,0,-9000,0,9000,-9000,0,0,0,-16000
07259P,滬深2X國票01售01,0,0,0,0,0,0,0,0,0,-16000,0,0,0,4000,20000,-16000,-16000
07239P,台灣50國票9A售04,0,0,0,0,0,0,0,0,0,-16000,0,0,0,3000,19000,-16000,-16000
06886P,旺宏元大99售07  ,0,0,0,0,0,0,0,0,0,-16000,0,0,0,5000,21000,-16000,-16000
06595P,祥碩元大98售03  ,0,0,0,0,0,0,0,0,0,-16000,0,0,0,0,16000,-16000,-16000
059361,玉晶光永豐99購04,0,0,0,0,0,0,0,0,0,-16000,0,0,0,31000,47000,-16000,-16000
06103P,漢唐凱基97售02  ,0,0,0,0,0,0,0,0,0,-16000,0,0,0,0,16000,-16000,-16000
057172,南亞科元大98購03,0,0,0,0,0,0,0,0,0,-16000,0,0,0,9000,25000,-16000,-16000
059516,TPK永豐99購01   ,0,0,0,0,0,0,0,0,0,-16000,0,0,0,77000,93000,-16000,-16000
059635,華新科凱基9A購06,0,0,0,0,0,0,0,0,0,-16000,0,0,0,11000,27000,-16000,-16000
2472,立隆電          ,71000,84000,-13000,0,0,0,0,0,0,-3000,10000,13000,-3000,0,0,0,-16000
4994,傳奇            ,18000,37000,-19000,0,0,0,380,0,380,2000,2000,0,2000,0,0,0,-16620
059700,鴻海凱基9A購16  ,0,0,0,0,0,0,0,0,0,-17000,0,0,0,92000,109000,-17000,-17000
059535,玉山金凱基99購01,0,0,0,0,0,0,0,0,0,-17000,0,0,0,56000,73000,-17000,-17000
06654P,欣興元大98售08  ,0,0,0,0,0,0,0,0,0,-17000,0,0,0,15000,32000,-17000,-17000
06779P,智邦元大98售12  ,0,0,0,0,0,0,0,0,0,-17000,0,0,0,108000,125000,-17000,-17000
07294P,滬深2X元富9C售08,0,0,0,0,0,0,0,0,0,-17000,0,0,0,600000,617000,-17000,-17000
04977P,力成凱基96售01  ,0,0,0,0,0,0,0,0,0,-17000,0,0,0,0,17000,-17000,-17000
047694,SP黃豆國票9B購01,0,0,0,0,0,0,0,0,0,-17000,0,0,0,0,17000,-17000,-17000
046384,群創凱基98購02  ,0,0,0,0,0,0,0,0,0,-17000,0,0,0,63000,80000,-17000,-17000
4999,鑫禾            ,5000,19000,-14000,0,0,0,0,0,0,-3000,0,3000,-3000,0,0,0,-17000
5607,遠雄港          ,127000,144000,-17000,0,0,0,0,0,0,0,0,0,0,0,0,0,-17000
6672,騰輝電子-KY     ,47000,64000,-17000,0,0,0,0,0,0,0,0,0,0,0,0,0,-17000
2908,特力            ,8000,15000,-7000,0,0,0,0,0,0,-10000,0,10000,-10000,0,0,0,-17000
3416,融程電          ,0,11000,-11000,0,0,0,0,0,0,-6000,0,6000,-6000,0,0,0,-17000
2524,京城            ,12000,29150,-17150,0,0,0,0,0,0,0,0,0,0,0,0,0,-17150
059439,健策元大9B購01  ,0,0,0,0,0,0,0,0,0,-18000,0,0,0,5000,23000,-18000,-18000
059598,欣興元大99購08  ,0,0,0,0,0,0,0,0,0,-18000,0,0,0,26000,44000,-18000,-18000
056897,南亞科元大98購02,0,0,0,0,0,0,0,0,0,-18000,0,0,0,0,18000,-18000,-18000
056772,欣興元大99購01  ,0,0,0,0,0,0,0,0,0,-18000,0,0,0,31000,49000,-18000,-18000
059014,SGBR2X元富03購01,0,0,0,0,0,0,0,0,0,-18000,0,0,0,11000,29000,-18000,-18000
0055,元大MSCI金融    ,0,0,0,0,0,0,0,0,0,-18000,0,0,0,2000,20000,-18000,-18000
042558,瑞昱中信94購01  ,0,0,0,0,0,0,0,0,0,-18000,0,0,0,0,18000,-18000,-18000
03826P,瀚宇博元大95售01,0,0,0,0,0,0,0,0,0,-18000,0,0,0,180000,198000,-18000,-18000
050573,光寶科國票94購01,0,0,0,0,0,0,0,0,0,-18000,0,0,0,0,18000,-18000,-18000
05140P,台表科國票96售01,0,0,0,0,0,0,0,0,0,-18000,0,0,0,2000,20000,-18000,-18000
056153,華新科凱基97購02,0,0,0,0,0,0,0,0,0,-18000,0,0,0,0,18000,-18000,-18000
053769,香港反元大99購01,0,0,0,0,0,0,0,0,0,-18000,0,0,0,0,18000,-18000,-18000
2706,第一店          ,0,18000,-18000,0,0,0,0,0,0,0,0,0,0,0,0,0,-18000
2701,萬企            ,0,18000,-18000,0,0,0,0,0,0,0,0,0,0,0,0,0,-18000
4133,亞諾法          ,69000,87000,-18000,0,0,0,0,0,0,0,0,0,0,0,0,0,-18000
058244,神達元大99購02  ,0,0,0,0,0,0,0,0,0,-19000,0,0,0,0,19000,-19000,-19000
059201,祥碩永豐99購02  ,0,0,0,0,0,0,0,0,0,-19000,0,0,0,10000,29000,-19000,-19000
059199,欣興永豐99購02  ,0,0,0,0,0,0,0,0,0,-19000,0,0,0,6000,25000,-19000,-19000
060015,國巨康和99購03  ,0,0,0,0,0,0,0,0,0,-19000,0,0,0,0,19000,-19000,-19000
058400,聯發科元大99購09,0,0,0,0,0,0,0,0,0,-19000,0,0,0,83000,102000,-19000,-19000
057054,立積元大98購03  ,0,0,0,0,0,0,0,0,0,-19000,0,0,0,13000,32000,-19000,-19000
059903,S&P正2元大99購02,0,0,0,0,0,0,0,0,0,-19000,0,0,0,0,19000,-19000,-19000
07210P,智邦凱基99售03  ,0,0,0,0,0,0,0,0,0,-19000,0,0,0,0,19000,-19000,-19000
1442,名軒            ,19000,37000,-18000,0,0,0,0,0,0,-1000,0,1000,-1000,0,0,0,-19000
1416,廣豐            ,0,19000,-19000,0,0,0,0,0,0,0,0,0,0,0,0,0,-19000
1817,凱撒衛          ,6000,24000,-18000,0,0,0,0,0,0,-1000,0,1000,-1000,0,0,0,-19000
2020,美亞            ,24000,31000,-7000,0,0,0,0,0,0,-12000,0,12000,-12000,0,0,0,-19000
06851P,鈺齊元大98售01  ,0,0,0,0,0,0,0,0,0,-19000,0,0,0,0,19000,-19000,-19000
052939,富邦金兆豐96購01,0,0,0,0,0,0,0,0,0,-19000,0,0,0,112000,131000,-19000,-19000
052990,超眾元大97購01  ,0,0,0,0,0,0,0,0,0,-19000,0,0,0,29000,48000,-19000,-19000
2911,麗嬰房          ,2000,20000,-18000,0,0,0,0,0,0,-1000,0,1000,-1000,0,0,0,-19000
06865P,亞德客元大98售04,0,0,0,0,0,0,0,0,0,-20000,0,0,0,0,20000,-20000,-20000
06408P,聯茂元富97售02  ,0,0,0,0,0,0,0,0,0,-20000,0,0,0,0,20000,-20000,-20000
06332P,世紀鋼群益98售01,0,0,0,0,0,0,0,0,0,-20000,0,0,0,5000,25000,-20000,-20000
057415,和碩日盛98購01  ,0,0,0,0,0,0,0,0,0,-20000,0,0,0,10000,30000,-20000,-20000
057503,世紀鋼群益98購02,0,0,0,0,0,0,0,0,0,-20000,0,0,0,0,20000,-20000,-20000
057803,上銀元大98購08  ,0,0,0,0,0,0,0,0,0,-20000,0,0,0,0,20000,-20000,-20000
057466,泰鼎永豐98購01  ,0,0,0,0,0,0,0,0,0,-20000,0,0,0,0,20000,-20000,-20000
057456,道瓊銀富邦9C購01,0,0,0,0,0,0,0,0,0,-20000,0,0,0,0,20000,-20000,-20000
057543,華通凱基99購02  ,0,0,0,0,0,0,0,0,0,-20000,0,0,0,0,20000,-20000,-20000
057257,台泥兆豐99購01  ,0,0,0,0,0,0,0,0,0,-20000,0,0,0,0,20000,-20000,-20000
1440,南紡            ,317000,328000,-11000,0,0,0,0,0,0,-9000,0,9000,-9000,0,0,0,-20000
07328P,FBVIX國泰9B售01 ,0,0,0,0,0,0,0,0,0,-20000,0,0,0,40000,60000,-20000,-20000
07208P,台積電凱基99售14,0,0,0,0,0,0,0,0,0,-20000,0,0,0,0,20000,-20000,-20000
07011P,宏達電凱基99售02,0,0,0,0,0,0,0,0,0,-20000,0,0,0,0,20000,-20000,-20000
059901,滬深2X元大9C購07,0,0,0,0,0,0,0,0,0,-20000,0,0,0,0,20000,-20000,-20000
059912,國巨元大99購28  ,0,0,0,0,0,0,0,0,0,-20000,0,0,0,580000,600000,-20000,-20000
059824,大立光凱基99購13,0,0,0,0,0,0,0,0,0,-20000,0,0,0,0,20000,-20000,-20000
059760,楠梓電永豐99購01,0,0,0,0,0,0,0,0,0,-20000,0,0,0,0,20000,-20000,-20000
059671,滬深2X元富99購05,0,0,0,0,0,0,0,0,0,-20000,0,0,0,10000,30000,-20000,-20000
059710,上証2X元大9C購02,0,0,0,0,0,0,0,0,0,-20000,0,0,0,0,20000,-20000,-20000
059556,台灣50凱基9A購07,0,0,0,0,0,0,0,0,0,-20000,0,0,0,0,20000,-20000,-20000
059491,國巨國票9A購05  ,0,0,0,0,0,0,0,0,0,-20000,0,0,0,4000,24000,-20000,-20000
059920,宏達電元大99購07,0,0,0,0,0,0,0,0,0,-20000,0,0,0,0,20000,-20000,-20000
059974,臺指反元大9C購05,0,0,0,0,0,0,0,0,0,-20000,0,0,0,0,20000,-20000,-20000
059995,南亞科元富99購01,0,0,0,0,0,0,0,0,0,-20000,0,0,0,0,20000,-20000,-20000
056953,智邦富邦98購02  ,0,0,0,0,0,0,0,0,0,-20000,0,0,0,0,20000,-20000,-20000
05803P,臺股指兆豐96售03,0,0,0,0,0,0,0,0,0,-20000,0,0,0,0,20000,-20000,-20000
058093,神達元大9A購01  ,0,0,0,0,0,0,0,0,0,-20000,0,0,0,33000,53000,-20000,-20000
05805P,義隆永豐96售02  ,0,0,0,0,0,0,0,0,0,-20000,0,0,0,0,20000,-20000,-20000
058626,瑞昱國票9A購01  ,0,0,0,0,0,0,0,0,0,-20000,0,0,0,21000,41000,-20000,-20000
052917,大立光富邦99購02,0,0,0,0,0,0,0,0,0,-20000,0,0,0,20000,40000,-20000,-20000
052893,聯電群益98購01  ,0,0,0,0,0,0,0,0,0,-20000,0,0,0,63000,83000,-20000,-20000
055245,凱美統一99購01  ,0,0,0,0,0,0,0,0,0,-20000,0,0,0,0,20000,-20000,-20000
05271P,國巨富邦97售01  ,0,0,0,0,0,0,0,0,0,-20000,0,0,0,0,20000,-20000,-20000
055748,GIS元富97購01   ,0,0,0,0,0,0,0,0,0,-20000,0,0,0,0,20000,-20000,-20000
059288,旺宏元富99購03  ,0,0,0,0,0,0,0,0,0,-20000,0,0,0,0,20000,-20000,-20000
05882P,華新科永豐96售01,0,0,0,0,0,0,0,0,0,-20000,0,0,0,0,20000,-20000,-20000
058781,康友國票9A購01  ,0,0,0,0,0,0,0,0,0,-20000,0,0,0,0,20000,-20000,-20000
053500,新日興兆豐97購01,0,0,0,0,0,0,0,0,0,-20000,0,0,0,15000,35000,-20000,-20000
054917,聯發科凱基98購05,0,0,0,0,0,0,0,0,0,-20000,0,0,0,0,20000,-20000,-20000
054846,瑞昱兆豐97購01  ,0,0,0,0,0,0,0,0,0,-20000,0,0,0,10000,30000,-20000,-20000
056149,亞光康和97購01  ,0,0,0,0,0,0,0,0,0,-20000,0,0,0,0,20000,-20000,-20000
05124P,華新科富邦97售02,0,0,0,0,0,0,0,0,0,-20000,0,0,0,0,20000,-20000,-20000
054623,華新科第一97購01,0,0,0,0,0,0,0,0,0,-20000,0,0,0,0,20000,-20000,-20000
050626,A50正2中信96購02,0,0,0,0,0,0,0,0,0,-20000,0,0,0,0,20000,-20000,-20000
05076P,深中小群益99售02,0,0,0,0,0,0,0,0,0,-20000,0,0,0,0,20000,-20000,-20000
05011P,南電國泰96售01  ,0,0,0,0,0,0,0,0,0,-20000,0,0,0,0,20000,-20000,-20000
049946,智邦兆豐95購01  ,0,0,0,0,0,0,0,0,0,-20000,0,0,0,0,20000,-20000,-20000
050014,國巨富邦98購01  ,0,0,0,0,0,0,0,0,0,-20000,0,0,0,0,20000,-20000,-20000
049436,義隆國泰96購02  ,0,0,0,0,0,0,0,0,0,-20000,0,0,0,0,20000,-20000,-20000
05232P,緯穎群益95售01  ,0,0,0,0,0,0,0,0,0,-20000,0,0,0,0,20000,-20000,-20000
04637P,臺股指群益94售12,0,0,0,0,0,0,0,0,0,-20000,0,0,0,10000,30000,-20000,-20000
047629,深中小元大96購01,0,0,0,0,0,0,0,0,0,-20000,0,0,0,0,20000,-20000,-20000
04683P,南亞科元大94售04,0,0,0,0,0,0,0,0,0,-20000,0,0,0,0,20000,-20000,-20000
04391P,玉晶光凱基95售03,0,0,0,0,0,0,0,0,0,-20000,0,0,0,0,20000,-20000,-20000
4141,龍燈-KY         ,10000,30000,-20000,0,0,0,0,0,0,0,0,0,0,0,0,0,-20000
6541,泰福-KY         ,33000,53000,-20000,0,0,0,0,0,0,0,0,0,0,0,0,0,-20000
8473,山林水          ,0,20000,-20000,0,0,0,0,0,0,0,0,0,0,0,0,0,-20000
9930,中聯資源        ,6000,26000,-20000,0,0,0,0,0,0,0,0,0,0,0,0,0,-20000
4164,承業醫          ,85000,105000,-20000,0,0,0,0,0,0,0,0,0,0,0,0,0,-20000
1102,亞泥            ,6438000,7356310,-918310,0,0,0,972000,0,972000,-74000,25000,91000,-66000,0,8000,-8000,-20310
07026P,超眾凱基99售03  ,0,0,0,0,0,0,0,0,0,-21000,0,0,0,0,21000,-21000,-21000
07123P,鴻海元大99售23  ,0,0,0,0,0,0,0,0,0,-21000,0,0,0,0,21000,-21000,-21000
1773,勝一            ,21000,42000,-21000,0,0,0,0,0,0,0,0,0,0,0,0,0,-21000
1721,三晃            ,0,21000,-21000,0,0,0,0,0,0,0,0,0,0,0,0,0,-21000
1535,中宇            ,1000,22000,-21000,0,0,0,0,0,0,0,0,0,0,0,0,0,-21000
2427,三商電          ,2000,23000,-21000,0,0,0,0,0,0,0,0,0,0,0,0,0,-21000
06720P,智邦亞東99售01  ,0,0,0,0,0,0,0,0,0,-21000,0,0,0,10000,31000,-21000,-21000
059075,FBVIX元大99購01 ,0,0,0,0,0,0,0,0,0,-21000,0,0,0,0,21000,-21000,-21000
056905,欣興元大98購03  ,0,0,0,0,0,0,0,0,0,-21000,0,0,0,9000,30000,-21000,-21000
060011,臺股指群益9C購06,0,0,0,0,0,0,0,0,0,-21000,0,0,0,0,21000,-21000,-21000
058311,緯穎元大99購05  ,0,0,0,0,0,0,0,0,0,-21000,0,0,0,4000,25000,-21000,-21000
059470,華新科元大99購16,0,0,0,0,0,0,0,0,0,-21000,0,0,0,19000,40000,-21000,-21000
059855,緯穎永豐99購04  ,0,0,0,0,0,0,0,0,0,-21000,0,0,0,0,21000,-21000,-21000
04578P,微星富邦96售01  ,0,0,0,0,0,0,0,0,0,-21000,0,0,0,0,21000,-21000,-21000
054304,台積電凱基96購23,0,0,0,0,0,0,0,0,0,-21000,0,0,0,173000,194000,-21000,-21000
5288,豐祥-KY         ,33000,51000,-18000,0,0,0,0,2000,-2000,-1000,0,1000,-1000,0,0,0,-21000
3622,洋華            ,1000,22000,-21000,0,0,0,0,0,0,0,0,0,0,0,0,0,-21000
3167,大量            ,0,19000,-19000,0,0,0,0,0,0,-2000,0,2000,-2000,0,0,0,-21000
2704,國賓            ,11000,32000,-21000,0,0,0,0,0,0,0,0,0,0,0,0,0,-21000
6197,佳必琪          ,102000,122750,-20750,0,0,0,0,0,0,-1000,0,1000,-1000,0,0,0,-21750
059830,台郡凱基99購05  ,0,0,0,0,0,0,0,0,0,-22000,0,0,0,0,22000,-22000,-22000
059322,晶技元大99購06  ,0,0,0,0,0,0,0,0,0,-22000,0,0,0,113000,135000,-22000,-22000
058507,美律元大9A購01  ,0,0,0,0,0,0,0,0,0,-22000,0,0,0,0,22000,-22000,-22000
059664,立積元大9C購01  ,0,0,0,0,0,0,0,0,0,-22000,0,0,0,39000,61000,-22000,-22000
059947,貿聯永豐99購03  ,0,0,0,0,0,0,0,0,0,-22000,0,0,0,39000,61000,-22000,-22000
058568,宏達電凱基9A購02,0,0,0,0,0,0,0,0,0,-22000,0,0,0,53000,75000,-22000,-22000
06896P,信邦中信98售01  ,0,0,0,0,0,0,0,0,0,-22000,0,0,0,8000,30000,-22000,-22000
2444,兆勁            ,8000,30000,-22000,0,0,0,0,0,0,0,0,0,0,0,0,0,-22000
1528,恩德            ,0,22000,-22000,0,0,0,0,0,0,0,0,0,0,0,0,0,-22000
1614,三洋電          ,2000,24000,-22000,0,0,0,0,0,0,0,0,0,0,0,0,0,-22000
050121,南電元大95購02  ,0,0,0,0,0,0,0,0,0,-22000,0,0,0,261000,283000,-22000,-22000
03439B,臺股指元大99熊29,0,10000,-10000,0,0,0,0,0,0,-12000,0,0,0,40000,52000,-12000,-22000
055716,致茂元大97購01  ,0,0,0,0,0,0,0,0,0,-22000,0,0,0,11000,33000,-22000,-22000
05912P,和大元大96售01  ,0,0,0,0,0,0,0,0,0,-22000,0,0,0,50000,72000,-22000,-22000
055409,元黃金富邦01購01,0,0,0,0,0,0,0,0,0,-22000,0,0,0,0,22000,-22000,-22000
8497,格威傳媒        ,0,22000,-22000,0,0,0,0,0,0,0,0,0,0,0,0,0,-22000
2616,山隆            ,1000,17000,-16000,0,0,0,0,0,0,-6000,0,6000,-6000,0,0,0,-22000
2468,華經            ,3000,25000,-22000,0,0,0,0,0,0,0,0,0,0,0,0,0,-22000
1598,岱宇            ,14118,37000,-22882,0,0,0,0,0,0,0,0,0,0,0,0,0,-22882
1618,合機            ,0,23000,-23000,0,0,0,0,0,0,0,0,0,0,0,0,0,-23000
1503,士電            ,6000,19000,-13000,0,0,0,0,0,0,-10000,0,10000,-10000,0,0,0,-23000
2069,運錩            ,1000,12000,-11000,0,0,0,0,0,0,-12000,0,12000,-12000,0,0,0,-23000
2109,華豐            ,3000,26000,-23000,0,0,0,0,0,0,0,0,0,0,0,0,0,-23000
07133P,臺股指元大9A售27,0,0,0,0,0,0,0,0,0,-23000,0,0,0,0,23000,-23000,-23000
07252P,台灣50凱基99售01,0,0,0,0,0,0,0,0,0,-23000,0,0,0,23000,46000,-23000,-23000
1437,勤益控          ,28000,50000,-22000,0,0,0,0,0,0,-1000,0,1000,-1000,0,0,0,-23000
056668,光磊國票99購01  ,0,0,0,0,0,0,0,0,0,-23000,0,0,0,1000,24000,-23000,-23000
056893,智邦元大98購02  ,0,0,0,0,0,0,0,0,0,-23000,0,0,0,14000,37000,-23000,-23000
05938P,旺宏凱基96售07  ,0,0,0,0,0,0,0,0,0,-23000,0,0,0,0,23000,-23000,-23000
055798,聯茂富邦98購01  ,0,0,0,0,0,0,0,0,0,-23000,0,0,0,0,23000,-23000,-23000
052234,GIS凱基97購01   ,0,0,0,0,0,0,0,0,0,-23000,0,0,0,30000,53000,-23000,-23000
03006X,元展06          ,0,0,0,0,0,0,0,0,0,-23000,0,0,0,0,23000,-23000,-23000
2511,太子            ,184000,204000,-20000,0,0,0,0,0,0,-3000,0,3000,-3000,0,0,0,-23000
8482,商億-KY         ,4000,27000,-23000,0,0,0,0,0,0,0,0,0,0,0,0,0,-23000
8103,瀚荃            ,3000,25000,-22000,0,0,0,0,0,0,-1000,0,1000,-1000,0,0,0,-23000
059514,嘉澤永豐99購02  ,0,0,0,0,0,0,0,0,0,-24000,0,0,0,146000,170000,-24000,-24000
056675,聯發科元富02購01,0,0,0,0,0,0,0,0,0,-24000,0,0,0,0,24000,-24000,-24000
1445,大宇            ,0,12000,-12000,0,0,0,0,0,0,-12000,0,12000,-12000,0,0,0,-24000
1530,亞崴            ,0,19000,-19000,0,0,0,0,0,0,-5000,0,5000,-5000,0,0,0,-24000
057689,南亞科凱基99購02,0,0,0,0,0,0,0,0,0,-24000,0,0,0,102000,126000,-24000,-24000
048179,臻鼎富邦97購01  ,0,0,0,0,0,0,0,0,0,-24000,0,0,0,0,24000,-24000,-24000
046961,大立光中信95購02,0,0,0,0,0,0,0,0,0,-24000,0,0,0,30000,54000,-24000,-24000
05580P,美律凱基96售03  ,0,0,0,0,0,0,0,0,0,-24000,0,0,0,0,24000,-24000,-24000
058749,康控凱基99購03  ,0,0,0,0,0,0,0,0,0,-24000,0,0,0,30000,54000,-24000,-24000
05470P,康控元大95售05  ,0,0,0,0,0,0,0,0,0,-24000,0,0,0,3000,27000,-24000,-24000
053947,義隆富邦97購01  ,0,0,0,0,0,0,0,0,0,-24000,0,0,0,3000,27000,-24000,-24000
8374,羅昇            ,4000,16000,-12000,0,0,0,0,0,0,-12000,0,12000,-12000,0,0,0,-24000
2528,皇普            ,0,26000,-26000,0,0,0,0,0,0,2000,3000,1000,2000,0,0,0,-24000
2748,雲品            ,15000,17000,-2000,0,0,0,0,15000,-15000,-7000,0,7000,-7000,0,0,0,-24000
3550,聯穎            ,1000,19000,-18000,0,0,0,0,0,0,-6000,0,6000,-6000,0,0,0,-24000
057642,南亞科元大98購07,0,0,0,0,0,0,0,0,0,-25000,0,0,0,0,25000,-25000,-25000
057258,中環兆豐98購01  ,0,0,0,0,0,0,0,0,0,-25000,0,0,0,3000,28000,-25000,-25000
057470,易華電永豐98購02,0,0,0,0,0,0,0,0,0,-25000,0,0,0,13000,38000,-25000,-25000
1507,永大            ,32000,44000,-12000,0,0,0,0,0,0,-13000,0,13000,-13000,0,0,0,-25000
07376P,聯發科元大99售39,0,0,0,0,0,0,0,0,0,-25000,0,0,0,0,25000,-25000,-25000
07389P,臺股指群益9C售08,0,0,0,0,0,0,0,0,0,-25000,0,0,0,0,25000,-25000,-25000
056835,聯電元富99購01  ,0,0,0,0,0,0,0,0,0,-25000,0,0,0,0,25000,-25000,-25000
058611,欣興元大99購06  ,0,0,0,0,0,0,0,0,0,-25000,0,0,0,1000,26000,-25000,-25000
058588,致茂中信9B購01  ,0,0,0,0,0,0,0,0,0,-25000,0,0,0,10000,35000,-25000,-25000
060016,廣達康和99購01  ,0,0,0,0,0,0,0,0,0,-25000,0,0,0,0,25000,-25000,-25000
059384,上証2X凱基9B購01,0,0,0,0,0,0,0,0,0,-25000,0,0,0,5000,30000,-25000,-25000
059722,南亞科元大99購02,0,0,0,0,0,0,0,0,0,-25000,0,0,0,17000,42000,-25000,-25000
059326,康友元大99購01  ,0,0,0,0,0,0,0,0,0,-25000,0,0,0,75000,100000,-25000,-25000
053431,志超永豐96購01  ,0,0,0,0,0,0,0,0,0,-25000,0,0,0,0,25000,-25000,-25000
058937,仁寶中信99購01  ,0,0,0,0,0,0,0,0,0,-25000,0,0,0,20000,45000,-25000,-25000
059123,訊芯永豐99購03  ,0,0,0,0,0,0,0,0,0,-25000,0,0,0,5000,30000,-25000,-25000
059291,華新科元富9B購01,0,0,0,0,0,0,0,0,0,-25000,0,0,0,5000,30000,-25000,-25000
059296,大立光元富99購06,0,0,0,0,0,0,0,0,0,-25000,0,0,0,72000,97000,-25000,-25000
052443,台積電元大95購23,0,0,0,0,0,0,0,0,0,-25000,0,0,0,0,25000,-25000,-25000
00702,國泰標普低波高息,0,0,0,0,0,0,0,0,0,-25000,0,0,0,25000,50000,-25000,-25000
3305,昇貿            ,7000,24000,-17000,0,0,0,0,0,0,-8000,0,8000,-8000,0,0,0,-25000
3029,零壹            ,192000,227000,-35000,0,0,0,0,0,0,10000,11000,1000,10000,0,0,0,-25000
2545,皇翔            ,39000,64000,-25000,0,0,0,0,0,0,0,0,0,0,0,0,0,-25000
5706,鳳凰            ,21000,46000,-25000,0,0,0,0,0,0,0,0,0,0,0,0,0,-25000
6165,捷泰            ,29000,54000,-25000,0,0,0,0,0,0,0,0,0,0,0,0,0,-25000
059077,FBVIX元大99購05 ,0,0,0,0,0,0,0,0,0,-26000,0,0,0,4000,30000,-26000,-26000
07046P,大立光富邦9C售03,0,0,0,0,0,0,0,0,0,-26000,0,0,0,0,26000,-26000,-26000
057725,台達電國泰9A購01,0,0,0,0,0,0,0,0,0,-26000,0,0,0,0,26000,-26000,-26000
06955P,臻鼎元富99售01  ,0,0,0,0,0,0,0,0,0,-26000,0,0,0,0,26000,-26000,-26000
00683L,元大美元指數正2 ,0,0,0,0,0,0,0,0,0,-26000,0,0,0,4000,30000,-26000,-26000
06738P,瑞昱兆豐98售02  ,0,0,0,0,0,0,0,0,0,-27000,0,0,0,18000,45000,-27000,-27000
06594P,立積元大98售01  ,0,0,0,0,0,0,0,0,0,-27000,0,0,0,13000,40000,-27000,-27000
06448P,華通元大99售01  ,0,0,0,0,0,0,0,0,0,-27000,0,0,0,0,27000,-27000,-27000
057747,致新永豐98購01  ,0,0,0,0,0,0,0,0,0,-27000,0,0,0,0,27000,-27000,-27000
07105P,大毅元富99售02  ,0,0,0,0,0,0,0,0,0,-27000,0,0,0,8000,35000,-27000,-27000
2388,威盛            ,88000,114000,-26000,0,0,0,0,1000,-1000,0,0,0,0,0,0,0,-27000
059064,緯穎凱基99購02  ,0,0,0,0,0,0,0,0,0,-27000,0,0,0,6000,33000,-27000,-27000
059306,台灣50元大99購03,0,0,0,0,0,0,0,0,0,-27000,0,0,0,37000,64000,-27000,-27000
059520,台表科永豐99購02,0,0,0,0,0,0,0,0,0,-27000,0,0,0,0,27000,-27000,-27000
059557,台灣50凱基9C購07,0,0,0,0,0,0,0,0,0,-27000,0,0,0,0,27000,-27000,-27000
05038P,牧德元大95售03  ,0,0,0,0,0,0,0,0,0,-27000,0,0,0,0,27000,-27000,-27000
05423P,聯電亞東95售02  ,0,0,0,0,0,0,0,0,0,-27000,0,0,0,70000,97000,-27000,-27000
052561,矽創國票97購01  ,0,0,0,0,0,0,0,0,0,-27000,0,0,0,12000,39000,-27000,-27000
2816,旺旺保          ,14000,34000,-20000,0,0,0,0,0,0,-7000,0,7000,-7000,0,0,0,-27000
059753,貿聯群益99購06  ,0,0,0,0,0,0,0,0,0,-28000,0,0,0,0,28000,-28000,-28000
059826,欣興凱基99購06  ,0,0,0,0,0,0,0,0,0,-28000,0,0,0,45000,73000,-28000,-28000
1568,倉佑            ,1000,29000,-28000,0,0,0,0,0,0,0,0,0,0,0,0,0,-28000
053710,華通凱基96購05  ,0,0,0,0,0,0,0,0,0,-28000,0,0,0,20000,48000,-28000,-28000
055720,宏達電元大97購05,0,0,0,0,0,0,0,0,0,-28000,0,0,0,14000,42000,-28000,-28000
056004,南電永豐97購02  ,0,0,0,0,0,0,0,0,0,-28000,0,0,0,0,28000,-28000,-28000
05452P,亞德客群益95售02,0,0,0,0,0,0,0,0,0,-28000,0,0,0,10000,38000,-28000,-28000
0052,富邦科技        ,0,0,0,0,0,0,0,0,0,-28000,0,0,0,102000,130000,-28000,-28000
00665L,富邦恒生國企正2 ,1000,30000,-29000,0,0,0,0,0,0,1000,0,0,0,10000,9000,1000,-28000
052103,台積電兆豐95購06,0,0,0,0,0,0,0,0,0,-28000,0,0,0,2000,30000,-28000,-28000
03648C,T50反1元大96牛07,0,0,0,0,0,0,0,0,0,-28000,0,0,0,0,28000,-28000,-28000
6205,詮欣            ,0,24000,-24000,0,0,0,0,0,0,-4000,0,4000,-4000,0,0,0,-28000
1603,華電            ,4000,23000,-19000,0,0,0,0,0,0,-10000,0,10000,-10000,0,0,0,-29000
2114,鑫永銓          ,2000,31000,-29000,0,0,0,0,0,0,0,0,0,0,0,0,0,-29000
2227,裕日車          ,16000,46000,-30000,0,0,0,0,0,0,1000,2000,1000,1000,0,0,0,-29000
07314P,T50正2元大9C售03,0,0,0,0,0,0,0,0,0,-29000,0,0,0,1000,30000,-29000,-29000
053746,彰銀康和96購01  ,0,0,0,0,0,0,0,0,0,-29000,0,0,0,267000,296000,-29000,-29000
053127,貿聯凱基97購01  ,0,0,0,0,0,0,0,0,0,-29000,0,0,0,63000,92000,-29000,-29000
059254,台表科凱基9A購02,0,0,0,0,0,0,0,0,0,-29000,0,0,0,86000,115000,-29000,-29000
6277,宏正            ,2000,28000,-26000,0,0,0,0,0,0,-3000,0,3000,-3000,0,0,0,-29000
6115,鎰勝            ,7000,21000,-14000,0,0,0,0,0,0,-15000,0,15000,-15000,0,0,0,-29000
8429,金麗-KY         ,21000,50000,-29000,0,0,0,0,0,0,0,0,0,0,0,0,0,-29000
2488,漢平            ,19000,48000,-29000,0,0,0,0,0,0,0,0,0,0,0,0,0,-29000
1604,聲寶            ,108011,108000,11,0,0,0,0,0,0,-30000,0,30000,-30000,0,0,0,-29989
07338P,滬深2X凱基99售02,0,0,0,0,0,0,0,0,0,-30000,0,0,0,0,30000,-30000,-30000
1110,東泥            ,2000,32000,-30000,0,0,0,0,0,0,0,0,0,0,0,0,0,-30000
07140P,台灣50日盛99售01,0,0,0,0,0,0,0,0,0,-30000,0,0,0,0,30000,-30000,-30000
06283P,祥碩永豐97售01  ,0,0,0,0,0,0,0,0,0,-30000,0,0,0,0,30000,-30000,-30000
06284P,台積電國票98售03,0,0,0,0,0,0,0,0,0,-30000,0,0,0,360000,390000,-30000,-30000
06742P,可成富邦99售02  ,0,0,0,0,0,0,0,0,0,-30000,0,0,0,0,30000,-30000,-30000
06159P,牧德元富97售02  ,0,0,0,0,0,0,0,0,0,-30000,0,0,0,0,30000,-30000,-30000
057064,華新科富邦9B購01,0,0,0,0,0,0,0,0,0,-30000,0,0,0,0,30000,-30000,-30000
059735,T50反1元富99購06,0,0,0,0,0,0,0,0,0,-30000,0,0,0,0,30000,-30000,-30000
059611,台積電永豐99購05,0,0,0,0,0,0,0,0,0,-30000,0,0,0,18000,48000,-30000,-30000
059540,新光金日盛99購01,0,0,0,0,0,0,0,0,0,-30000,0,0,0,20000,50000,-30000,-30000
056618,京元電永豐98購01,0,0,0,0,0,0,0,0,0,-30000,0,0,0,10000,40000,-30000,-30000
059926,世紀鋼國泰9B購01,0,0,0,0,0,0,0,0,0,-30000,0,0,0,0,30000,-30000,-30000
052602,聯電元大97購01  ,0,0,0,0,0,0,0,0,0,-30000,0,0,0,0,30000,-30000,-30000
055263,華新科富邦9A購01,0,0,0,0,0,0,0,0,0,-30000,0,0,0,0,30000,-30000,-30000
053640,上緯控永豐96購01,0,0,0,0,0,0,0,0,0,-30000,0,0,0,0,30000,-30000,-30000
056288,健鼎永豐97購01  ,0,0,0,0,0,0,0,0,0,-30000,0,0,0,50000,80000,-30000,-30000
055047,南港永豐97購01  ,0,0,0,0,0,0,0,0,0,-30000,0,0,0,0,30000,-30000,-30000
055032,億光富邦99購01  ,0,0,0,0,0,0,0,0,0,-30000,0,0,0,0,30000,-30000,-30000
051705,富邦金群益97購01,0,0,0,0,0,0,0,0,0,-30000,0,0,0,0,30000,-30000,-30000
046061,中石化凱基98購01,0,0,0,0,0,0,0,0,0,-30000,0,0,0,0,30000,-30000,-30000
03421B,臺股指元大99熊01,0,0,0,0,0,0,0,0,0,-30000,0,0,0,0,30000,-30000,-30000
046680,上証反群益95購01,0,0,0,0,0,0,0,0,0,-30000,0,0,0,0,30000,-30000,-30000
054077,中石化中信98購01,0,0,0,0,0,0,0,0,0,-30000,0,0,0,0,30000,-30000,-30000
6168,宏齊            ,6000,31000,-25000,0,0,0,0,0,0,-5000,0,5000,-5000,0,0,0,-30000
4916,事欣科          ,62000,91000,-29000,0,0,0,0,0,0,-1000,0,1000,-1000,0,0,0,-30000
2207,和泰車          ,1176873,1199385,-22512,0,0,0,0,0,0,-8000,0,8000,-8000,0,0,0,-30512
1592,英瑞-KY         ,12000,43000,-31000,0,0,0,0,0,0,0,0,0,0,0,0,0,-31000
057286,群創元大9B購05  ,0,0,0,0,0,0,0,0,0,-31000,0,0,0,0,31000,-31000,-31000
059939,技嘉永豐99購01  ,0,0,0,0,0,0,0,0,0,-31000,0,0,0,18000,49000,-31000,-31000
06067P,華新科康和97售01,0,0,0,0,0,0,0,0,0,-31000,0,0,0,0,31000,-31000,-31000
054161,友訊凱基98購01  ,0,0,0,0,0,0,0,0,0,-31000,0,0,0,45000,76000,-31000,-31000
048392,宏碁國票94購01  ,0,0,0,0,0,0,0,0,0,-31000,0,0,0,338000,369000,-31000,-31000
056193,聯發科富邦99購08,0,0,0,0,0,0,0,0,0,-31000,0,0,0,0,31000,-31000,-31000
058691,友訊國票9A購01  ,0,0,0,0,0,0,0,0,0,-31000,0,0,0,19000,50000,-31000,-31000
5533,皇鼎            ,0,31000,-31000,0,0,0,0,0,0,0,0,0,0,0,0,0,-31000
2923,鼎固-KY         ,0,31000,-31000,0,0,0,0,0,0,0,0,0,0,0,0,0,-31000
3501,維熹            ,5000,21000,-16000,0,0,0,0,0,0,-15000,0,15000,-15000,0,0,0,-31000
059838,茂林國泰9B購01  ,0,0,0,0,0,0,0,0,0,-32000,0,0,0,0,32000,-32000,-32000
059473,T50反1群益99購03,0,0,0,0,0,0,0,0,0,-32000,0,0,0,44000,76000,-32000,-32000
059313,元石油元大99購06,0,0,0,0,0,0,0,0,0,-32000,0,0,0,0,32000,-32000,-32000
056710,漢唐永豐98購01  ,0,0,0,0,0,0,0,0,0,-32000,0,0,0,36000,68000,-32000,-32000
057368,微星元大98購02  ,0,0,0,0,0,0,0,0,0,-32000,0,0,0,0,32000,-32000,-32000
06891P,緯穎富邦99售03  ,0,0,0,0,0,0,0,0,0,-32000,0,0,0,8000,40000,-32000,-32000
05742P,可成元大96售04  ,0,0,0,0,0,0,0,0,0,-32000,0,0,0,10000,42000,-32000,-32000
07391P,台灣50國泰02售01,0,0,0,0,0,0,0,0,0,-32000,0,0,0,0,32000,-32000,-32000
058721,立積元富9C購01  ,0,0,0,0,0,0,0,0,0,-32000,0,0,0,218000,250000,-32000,-32000
059145,創意國票99購02  ,0,0,0,0,0,0,0,0,0,-32000,0,0,0,6000,38000,-32000,-32000
053780,南亞科元大96購03,0,0,0,0,0,0,0,0,0,-32000,0,0,0,0,32000,-32000,-32000
07014P,華通元大99售04  ,0,0,0,0,0,0,0,0,0,-33000,0,0,0,20000,53000,-33000,-33000
2433,互盛電          ,5000,35000,-30000,0,0,0,0,0,0,-3000,0,3000,-3000,0,0,0,-33000
06903P,技嘉凱基98售04  ,0,0,0,0,0,0,0,0,0,-33000,0,0,0,5000,38000,-33000,-33000
059345,禾伸堂凱基99購03,0,0,0,0,0,0,0,0,0,-33000,0,0,0,39000,72000,-33000,-33000
054930,群電凱基98購01  ,0,0,0,0,0,0,0,0,0,-33000,0,0,0,0,33000,-33000,-33000
00690,兆豐藍籌30      ,0,0,0,0,0,0,0,0,0,-33000,0,0,0,169000,202000,-33000,-33000
05161P,華新科國票96售01,0,0,0,0,0,0,0,0,0,-33000,0,0,0,3000,36000,-33000,-33000
3149,正達            ,16000,49000,-33000,0,0,0,0,0,0,0,0,0,0,0,0,0,-33000
6108,競國            ,60000,81000,-21000,0,0,0,0,0,0,-12000,6000,18000,-12000,0,0,0,-33000
3605,宏致            ,30000,62000,-32000,0,0,0,1279,0,1279,-3000,0,3000,-3000,0,0,0,-33721
059932,世紀鋼富邦9A購02,0,0,0,0,0,0,0,0,0,-34000,0,0,0,0,34000,-34000,-34000
059474,元石油群益99購01,0,0,0,0,0,0,0,0,0,-34000,0,0,0,3000,37000,-34000,-34000
059518,康控永豐99購01  ,0,0,0,0,0,0,0,0,0,-34000,0,0,0,22000,56000,-34000,-34000
06352P,臺股指富邦99售02,0,0,0,0,0,0,0,0,0,-34000,0,0,0,0,34000,-34000,-34000
2228,劍麟            ,71000,105000,-34000,0,0,0,0,0,0,0,0,0,0,0,0,0,-34000
1730,花仙子          ,54000,88000,-34000,0,0,0,0,0,0,0,0,0,0,0,0,0,-34000
07289P,台灣50凱基99售07,0,0,0,0,0,0,0,0,0,-34000,0,0,0,55000,89000,-34000,-34000
1203,味王            ,1000,35000,-34000,0,0,0,0,0,0,0,0,0,0,0,0,0,-34000
06954P,大立光元富99售01,0,0,0,0,0,0,0,0,0,-35000,0,0,0,10000,45000,-35000,-35000
057915,台泥凱基98購01  ,0,0,0,0,0,0,0,0,0,-35000,0,0,0,33000,68000,-35000,-35000
059662,旭富元大9C購01  ,0,0,0,0,0,0,0,0,0,-35000,0,0,0,176000,211000,-35000,-35000
058464,矽創兆豐9A購01  ,0,0,0,0,0,0,0,0,0,-35000,0,0,0,60000,95000,-35000,-35000
059118,晶技永豐9A購01  ,0,0,0,0,0,0,0,0,0,-35000,0,0,0,1000,36000,-35000,-35000
054158,國巨日盛99購01  ,0,0,0,0,0,0,0,0,0,-35000,0,0,0,10000,45000,-35000,-35000
050169,臺指反元大97購01,0,0,0,0,0,0,0,0,0,-35000,0,0,0,0,35000,-35000,-35000
00783,富邦中証500     ,120000,0,120000,0,0,0,0,0,0,-155000,0,0,0,1050000,1205000,-155000,-35000
036628,統一台新99購01  ,0,0,0,0,0,0,0,0,0,-35000,0,0,0,2000,37000,-35000,-35000
3708,上緯投控        ,56000,86000,-30000,0,0,0,0,0,0,-5000,0,3000,-3000,0,2000,-2000,-35000
3004,豐達科          ,25000,60000,-35000,0,0,0,0,0,0,0,0,0,0,0,0,0,-35000
4526,東台            ,1000,35000,-34000,0,0,0,0,0,0,-1000,0,1000,-1000,0,0,0,-35000
059097,世紀鋼元大99購05,0,0,0,0,0,0,0,0,0,-36000,0,0,0,127000,163000,-36000,-36000
059919,宏達電元大99購06,0,0,0,0,0,0,0,0,0,-36000,0,0,0,10000,46000,-36000,-36000
059682,可成富邦9A購01  ,0,0,0,0,0,0,0,0,0,-36000,0,0,0,9000,45000,-36000,-36000
059755,宏達電國泰9A購01,0,0,0,0,0,0,0,0,0,-36000,0,0,0,35000,71000,-36000,-36000
059741,聯發科元富99購07,0,0,0,0,0,0,0,0,0,-36000,0,0,0,227000,263000,-36000,-36000
058017,漢唐凱基99購01  ,0,0,0,0,0,0,0,0,0,-36000,0,0,0,30000,66000,-36000,-36000
06765P,欣興元大98售11  ,0,0,0,0,0,0,0,0,0,-36000,0,0,0,1000,37000,-36000,-36000
07174P,臺股指國票99售11,0,0,0,0,0,0,0,0,0,-36000,0,0,0,38000,74000,-36000,-36000
1731,美吾華          ,17000,53000,-36000,0,0,0,0,0,0,0,0,0,0,0,0,0,-36000
2062,橋椿            ,24000,60000,-36000,0,0,0,0,0,0,0,0,0,0,0,0,0,-36000
054273,宏達電中信98購01,0,0,0,0,0,0,0,0,0,-36000,0,0,0,0,36000,-36000,-36000
058873,美律國票9A購02  ,0,0,0,0,0,0,0,0,0,-36000,0,0,0,2000,38000,-36000,-36000
4989,榮科            ,2000,38000,-36000,0,0,0,0,0,0,0,0,0,0,0,0,0,-36000
9935,慶豐富          ,9000,45000,-36000,0,0,0,0,0,0,0,0,0,0,0,0,0,-36000
2832,台產            ,8000,44000,-36000,0,0,0,0,0,0,0,0,0,0,0,0,0,-36000
1709,和益            ,55000,92000,-37000,0,0,0,0,0,0,0,0,0,0,0,0,0,-37000
057843,晶技永豐98購02  ,0,0,0,0,0,0,0,0,0,-37000,0,0,0,0,37000,-37000,-37000
058445,旺宏富邦9C購01  ,0,0,0,0,0,0,0,0,0,-37000,0,0,0,0,37000,-37000,-37000
055715,智邦元大97購04  ,0,0,0,0,0,0,0,0,0,-37000,0,0,0,13000,50000,-37000,-37000
050714,深中小群益98購01,0,0,0,0,0,0,0,0,0,-37000,0,0,0,2000,39000,-37000,-37000
3032,偉訓            ,4000,41000,-37000,0,0,0,0,0,0,0,0,0,0,0,0,0,-37000
4144,康聯-KY         ,20000,57000,-37000,0,0,0,0,0,0,0,0,0,0,0,0,0,-37000
6715,嘉基            ,4000,41000,-37000,0,0,0,0,0,0,0,0,0,0,0,0,0,-37000
058488,華擎國票9A購01  ,0,0,0,0,0,0,0,0,0,-38000,0,0,0,0,38000,-38000,-38000
060024,T50反1國泰9B購02,0,0,0,0,0,0,0,0,0,-38000,0,0,0,0,38000,-38000,-38000
1452,宏益            ,3000,41000,-38000,0,0,0,0,0,0,0,0,0,0,0,0,0,-38000
1104,環泥            ,91000,129000,-38000,0,0,0,0,0,0,0,0,0,0,0,0,0,-38000
049675,台光電國票95購01,0,0,0,0,0,0,0,0,0,-38000,0,0,0,38000,76000,-38000,-38000
03674C,臺股指元富9C牛02,0,0,0,0,0,0,0,0,0,-38000,0,0,0,1000,39000,-38000,-38000
052117,鴻海國票96購03  ,0,0,0,0,0,0,0,0,0,-38000,0,0,0,0,38000,-38000,-38000
055615,宏達電國票99購02,0,0,0,0,0,0,0,0,0,-38000,0,0,0,0,38000,-38000,-38000
053292,美律中信98購01  ,0,0,0,0,0,0,0,0,0,-38000,0,0,0,0,38000,-38000,-38000
059178,臺股指凱基99購30,0,0,0,0,0,0,0,0,0,-38000,0,0,0,0,38000,-38000,-38000
4766,南寶            ,47000,85000,-38000,0,0,0,0,0,0,0,0,0,0,0,0,0,-38000
1558,伸興            ,0,39000,-39000,0,0,0,0,0,0,0,0,0,0,0,0,0,-39000
1449,佳和            ,2000,41000,-39000,0,0,0,0,0,0,0,0,0,0,0,0,0,-39000
06801P,技嘉群益99售02  ,0,0,0,0,0,0,0,0,0,-39000,0,0,0,2000,41000,-39000,-39000
058587,台積電中信9C購03,0,0,0,0,0,0,0,0,0,-39000,0,0,0,123000,162000,-39000,-39000
053424,欣興永豐96購02  ,0,0,0,0,0,0,0,0,0,-39000,0,0,0,60000,99000,-39000,-39000
03647C,T50反1元富99牛02,0,0,0,0,0,0,0,0,0,-39000,0,0,0,20000,59000,-39000,-39000
049706,世紀鋼元大95購02,0,0,0,0,0,0,0,0,0,-39000,0,0,0,134000,173000,-39000,-39000
050730,復盛國票94購01  ,0,0,0,0,0,0,0,0,0,-39000,0,0,0,11000,50000,-39000,-39000
056488,致新元大99購01  ,0,0,0,0,0,0,0,0,0,-39000,0,0,0,150000,189000,-39000,-39000
056511,超眾永豐98購01  ,0,0,0,0,0,0,0,0,0,-39000,0,0,0,2000,41000,-39000,-39000
9911,櫻花            ,260000,311000,-51000,0,0,0,0,1000,-1000,13000,14000,1000,13000,0,0,0,-39000
3712,永崴投控        ,38000,77000,-39000,0,0,0,0,0,0,0,0,0,0,0,0,0,-39000
3607,谷崧            ,3000,42000,-39000,0,0,0,0,0,0,0,0,0,0,0,0,0,-39000
2476,鉅祥            ,8000,47000,-39000,0,0,0,0,0,0,0,0,0,0,0,0,0,-39000
058055,華擎統一9A購01  ,0,0,0,0,0,0,0,0,0,-40000,0,0,0,43000,83000,-40000,-40000
059933,台灣50永豐99購11,0,0,0,0,0,0,0,0,0,-40000,0,0,0,10000,50000,-40000,-40000
058247,聯茂元大99購04  ,0,0,0,0,0,0,0,0,0,-40000,0,0,0,63000,103000,-40000,-40000
05990P,台積電群益96售13,0,0,0,0,0,0,0,0,0,-40000,0,0,0,0,40000,-40000,-40000
059867,華邦電凱基99購02,0,0,0,0,0,0,0,0,0,-40000,0,0,0,28000,68000,-40000,-40000
059567,台積電凱基9A購12,0,0,0,0,0,0,0,0,0,-40000,0,0,0,818000,858000,-40000,-40000
06254P,臺股指群益97售07,0,0,0,0,0,0,0,0,0,-40000,0,0,0,2000,42000,-40000,-40000
05720P,可成中信98售01  ,0,0,0,0,0,0,0,0,0,-40000,0,0,0,0,40000,-40000,-40000
07348P,滬深2X凱基9A售04,0,0,0,0,0,0,0,0,0,-40000,0,0,0,0,40000,-40000,-40000
052295,揚明光國票96購03,0,0,0,0,0,0,0,0,0,-40000,0,0,0,0,40000,-40000,-40000
047102,潤泰全富邦95購01,0,0,0,0,0,0,0,0,0,-40000,0,0,0,0,40000,-40000,-40000
048007,明基材元大96購01,0,0,0,0,0,0,0,0,0,-40000,0,0,0,0,40000,-40000,-40000
048026,瑞昱凱基94購01  ,0,0,0,0,0,0,0,0,0,-40000,0,0,0,10000,50000,-40000,-40000
054842,台達電兆豐98購01,0,0,0,0,0,0,0,0,0,-40000,0,0,0,0,40000,-40000,-40000
055098,臺股指群益97購01,0,0,0,0,0,0,0,0,0,-40000,0,0,0,40000,80000,-40000,-40000
054977,SP黃豆元富9B購01,0,0,0,0,0,0,0,0,0,-40000,0,0,0,0,40000,-40000,-40000
058699,楠梓電元大99購02,0,0,0,0,0,0,0,0,0,-40000,0,0,0,0,40000,-40000,-40000
055568,緯穎凱基97購02  ,0,0,0,0,0,0,0,0,0,-40000,0,0,0,0,40000,-40000,-40000
056544,貿聯凱基98購03  ,0,0,0,0,0,0,0,0,0,-40000,0,0,0,0,40000,-40000,-40000
055431,和鑫群益98購01  ,0,0,0,0,0,0,0,0,0,-40000,0,0,0,0,40000,-40000,-40000
5258,虹堡            ,14000,54000,-40000,0,0,0,0,0,0,0,0,0,0,0,0,0,-40000
07266P,大立光元大99售19,0,0,0,0,0,0,0,0,0,-41000,0,0,0,1000,42000,-41000,-41000
2363,矽統            ,723000,765000,-42000,0,0,0,0,0,0,1000,4000,3000,1000,0,0,0,-41000
057577,廣宇中信9A購01  ,0,0,0,0,0,0,0,0,0,-41000,0,0,0,0,41000,-41000,-41000
059457,立積永豐99購02  ,0,0,0,0,0,0,0,0,0,-41000,0,0,0,10000,51000,-41000,-41000
049630,臺股指群益94購03,0,0,0,0,0,0,0,0,0,-41000,0,0,0,115000,156000,-41000,-41000
2642,宅配通          ,37000,71000,-34000,0,0,0,0,0,0,-7000,0,7000,-7000,0,0,0,-41000
059687,卜蜂永豐99購01  ,0,0,0,0,0,0,0,0,0,-42000,0,0,0,205000,247000,-42000,-42000
058632,世紀鋼國票9A購01,0,0,0,0,0,0,0,0,0,-42000,0,0,0,0,42000,-42000,-42000
06398P,禾伸堂凱基97售02,0,0,0,0,0,0,0,0,0,-42000,0,0,0,0,42000,-42000,-42000
07272P,台灣50元大9C售05,0,0,0,0,0,0,0,0,0,-42000,0,0,0,0,42000,-42000,-42000
07050P,宏達電中信9B售01,0,0,0,0,0,0,0,0,0,-42000,0,0,0,0,42000,-42000,-42000
07386P,臺股指群益99售24,0,0,0,0,0,0,0,0,0,-42000,0,0,0,0,42000,-42000,-42000
050645,台積電凱基94購39,0,0,0,0,0,0,0,0,0,-42000,0,0,0,56000,98000,-42000,-42000
051489,世芯凱基95購01  ,0,0,0,0,0,0,0,0,0,-42000,0,0,0,10000,52000,-42000,-42000
00710B,FH彭博高收益債  ,0,0,0,0,0,0,0,0,0,-42000,0,0,0,104000,146000,-42000,-42000
2905,三商            ,0,42000,-42000,0,0,0,0,0,0,0,0,0,0,0,0,0,-42000
3023,信邦            ,1313000,1849504,-536504,0,0,0,446306,0,446306,48000,64000,25000,39000,9000,0,9000,-42198
4763,材料-KY         ,26000,83000,-57000,0,0,0,195,0,195,14000,15000,1000,14000,0,0,0,-42805
1308,亞聚            ,184000,227000,-43000,0,0,0,0,0,0,0,0,0,0,0,0,0,-43000
1612,宏泰            ,12000,55000,-43000,0,0,0,0,0,0,0,0,0,0,0,0,0,-43000
057813,京元電元大98購03,0,0,0,0,0,0,0,0,0,-43000,0,0,0,161000,204000,-43000,-43000
057916,國巨凱基98購13  ,0,0,0,0,0,0,0,0,0,-43000,0,0,0,0,43000,-43000,-43000
059059,宏達電凱基99購03,0,0,0,0,0,0,0,0,0,-43000,0,0,0,22000,65000,-43000,-43000
059517,茂林永豐99購02  ,0,0,0,0,0,0,0,0,0,-43000,0,0,0,38000,81000,-43000,-43000
052049,緯創凱基97購01  ,0,0,0,0,0,0,0,0,0,-43000,0,0,0,81000,124000,-43000,-43000
059250,大立光凱基99購06,0,0,0,0,0,0,0,0,0,-43000,0,0,0,11000,54000,-43000,-43000
058961,台灣50兆豐9C購01,0,0,0,0,0,0,0,0,0,-43000,0,0,0,0,43000,-43000,-43000
4108,懷特            ,7000,50000,-43000,0,0,0,0,0,0,0,0,0,0,0,0,0,-43000
056741,大立光凱基98購14,0,0,0,0,0,0,0,0,0,-44000,0,0,0,0,44000,-44000,-44000
059950,百和永豐99購02  ,0,0,0,0,0,0,0,0,0,-44000,0,0,0,0,44000,-44000,-44000
057547,技嘉凱基99購01  ,0,0,0,0,0,0,0,0,0,-44000,0,0,0,129000,173000,-44000,-44000
056133,可成元大97購05  ,0,0,0,0,0,0,0,0,0,-44000,0,0,0,2000,46000,-44000,-44000
054547,鴻海凱基98購02  ,0,0,0,0,0,0,0,0,0,-44000,0,0,0,33000,77000,-44000,-44000
054484,仁寶台新96購01  ,0,0,0,0,0,0,0,0,0,-44000,0,0,0,0,44000,-44000,-44000
6226,光鼎            ,34011,67000,-32989,0,0,0,0,0,0,-12000,0,12000,-12000,0,0,0,-44989
059495,台灣50元富9C購02,0,0,0,0,0,0,0,0,0,-45000,0,0,0,5000,50000,-45000,-45000
059628,智邦凱基99購04  ,150000,0,150000,0,0,0,0,0,0,-195000,0,0,0,53000,248000,-195000,-45000
059825,嘉晶凱基99購02  ,0,0,0,0,0,0,0,0,0,-45000,0,0,0,22000,67000,-45000,-45000
04828P,聯發科凱基94售15,0,0,0,0,0,0,0,0,0,-45000,0,0,0,0,45000,-45000,-45000
058820,致茂國泰9B購01  ,0,0,0,0,0,0,0,0,0,-45000,0,0,0,5000,50000,-45000,-45000
059283,康友永豐99購02  ,0,0,0,0,0,0,0,0,0,-45000,0,0,0,0,45000,-45000,-45000
4536,拓凱            ,49000,94000,-45000,0,0,0,0,0,0,0,0,0,0,0,0,0,-45000
3006,晶豪科          ,347000,356000,-9000,0,0,0,0,0,0,-36000,5000,46000,-41000,5000,0,5000,-45000
2705,六福            ,0,45000,-45000,0,0,0,0,0,0,0,0,0,0,0,0,0,-45000
059676,台積電台新99購05,0,0,0,0,0,0,0,0,0,-46000,0,0,0,45000,91000,-46000,-46000
057665,技嘉元大99購01  ,0,0,0,0,0,0,0,0,0,-46000,0,0,0,14000,60000,-46000,-46000
2414,精技            ,12000,58000,-46000,0,0,0,0,0,0,0,0,0,0,0,0,0,-46000
1307,三芳            ,23000,70000,-47000,0,0,0,0,0,0,1000,1000,0,1000,0,0,0,-46000
07349P,大立光凱基99售16,0,0,0,0,0,0,0,0,0,-46000,0,0,0,0,46000,-46000,-46000
07305P,T50正2群益99售02,0,0,0,0,0,0,0,0,0,-46000,0,0,0,43000,89000,-46000,-46000
059137,電子類群益99購01,0,0,0,0,0,0,0,0,0,-46000,0,0,0,64000,110000,-46000,-46000
056142,超眾元大97購06  ,0,0,0,0,0,0,0,0,0,-46000,0,0,0,105000,151000,-46000,-46000
053535,宏達電永豐96購02,0,0,0,0,0,0,0,0,0,-46000,0,0,0,0,46000,-46000,-46000
055620,樺漢國票98購01  ,0,0,0,0,0,0,0,0,0,-46000,0,0,0,0,46000,-46000,-46000
03434B,臺股指元大99熊10,0,0,0,0,0,0,0,0,0,-46000,0,0,0,6000,52000,-46000,-46000
8210,勤誠            ,87000,156000,-69000,0,0,0,0,0,0,23000,26000,3000,23000,0,0,0,-46000
1540,喬福            ,0,47000,-47000,0,0,0,0,0,0,0,0,0,0,0,0,0,-47000
1809,中釉            ,38000,85000,-47000,0,0,0,0,0,0,0,0,0,0,0,0,0,-47000
05852P,嘉晶群益96售01  ,0,0,0,0,0,0,0,0,0,-47000,0,0,0,125000,172000,-47000,-47000
06849P,欣興元大98售12  ,0,0,0,0,0,0,0,0,0,-47000,0,0,0,0,47000,-47000,-47000
059392,臺股指凱基99購38,0,0,0,0,0,0,0,0,0,-47000,0,0,0,5000,52000,-47000,-47000
00650L,FH香港正2       ,0,15000,-15000,0,0,0,0,0,0,-32000,0,0,0,111000,143000,-32000,-47000
050695,台積電凱基94購40,0,0,0,0,0,0,0,0,0,-47000,0,0,0,51000,98000,-47000,-47000
054943,群光元大97購01  ,0,0,0,0,0,0,0,0,0,-47000,0,0,0,114000,161000,-47000,-47000
053954,貿聯康和96購01  ,0,0,0,0,0,0,0,0,0,-47000,0,0,0,23000,70000,-47000,-47000
8163,達方            ,389000,408000,-19000,0,0,0,0,0,0,-28000,0,28000,-28000,0,0,0,-47000
1339,昭輝            ,27000,73000,-46000,0,0,0,400,0,400,-2000,0,2000,-2000,0,0,0,-47600
07126P,台積電元大99售23,0,0,0,0,0,0,0,0,0,-48000,0,0,0,20000,68000,-48000,-48000
1589,永冠-KY         ,66000,112000,-46000,0,0,0,0,0,0,-2000,0,2000,-2000,0,0,0,-48000
06337P,祥碩元大97售05  ,9000,0,9000,0,0,0,0,0,0,-57000,0,0,0,0,57000,-57000,-48000
055475,臻鼎凱基97購02  ,0,0,0,0,0,0,0,0,0,-48000,0,0,0,72000,120000,-48000,-48000
050580,強茂國票95購01  ,0,0,0,0,0,0,0,0,0,-48000,0,0,0,77000,125000,-48000,-48000
8033,雷虎            ,0,48000,-48000,0,0,0,0,0,0,0,0,0,0,0,0,0,-48000
6706,惠特            ,73000,121000,-48000,0,0,0,0,0,0,0,0,0,0,0,0,0,-48000
6491,晶碩            ,6000,54000,-48000,0,0,0,0,0,0,0,0,0,0,0,0,0,-48000
4956,光鋐            ,14000,62000,-48000,0,0,0,0,0,0,0,0,0,0,0,0,0,-48000
3346,麗清            ,40000,87000,-47000,0,0,0,0,0,0,-1000,0,1000,-1000,0,0,0,-48000
06717P,可成元大98售09  ,0,0,0,0,0,0,0,0,0,-49000,0,0,0,26000,75000,-49000,-49000
2359,所羅門          ,34000,83000,-49000,0,0,0,0,0,0,0,0,0,0,0,0,0,-49000
2314,台揚            ,96000,142000,-46000,0,0,0,0,0,0,-3000,0,0,0,0,3000,-3000,-49000
059650,緯穎凱基99購04  ,0,0,0,0,0,0,0,0,0,-49000,0,0,0,169000,218000,-49000,-49000
050545,奇力新凱基95購01,0,0,0,0,0,0,0,0,0,-49000,0,0,0,0,49000,-49000,-49000
03433B,臺股指元大9C熊01,0,0,0,0,0,0,0,0,0,-49000,0,0,0,100000,149000,-49000,-49000
055196,致新元富97購01  ,0,0,0,0,0,0,0,0,0,-49000,0,0,0,12000,61000,-49000,-49000
059149,臺股指國票99購12,0,0,0,0,0,0,0,0,0,-49000,0,0,0,8000,57000,-49000,-49000
9924,福興            ,23000,72000,-49000,0,0,0,0,0,0,0,0,0,0,0,0,0,-49000
059397,T50反1元富99購05,0,0,0,0,0,0,0,0,0,-50000,0,0,0,26000,76000,-50000,-50000
059886,可成國票99購04  ,0,0,0,0,0,0,0,0,0,-50000,0,0,0,16000,66000,-50000,-50000
060033,臻鼎永豐99購01  ,0,0,0,0,0,0,0,0,0,-50000,0,0,0,0,50000,-50000,-50000
058414,大立光兆豐99購02,0,0,0,0,0,0,0,0,0,-50000,0,0,0,80000,130000,-50000,-50000
057134,茂林凱基98購02  ,0,0,0,0,0,0,0,0,0,-50000,0,0,0,0,50000,-50000,-50000
056936,禾伸堂元富98購01,0,0,0,0,0,0,0,0,0,-50000,0,0,0,2000,52000,-50000,-50000
06501P,臺股指元大9A售06,0,0,0,0,0,0,0,0,0,-50000,0,0,0,0,50000,-50000,-50000
057541,台灣50康和9A購04,0,0,0,0,0,0,0,0,0,-50000,0,0,0,0,50000,-50000,-50000
055209,勤誠康和97購01  ,0,0,0,0,0,0,0,0,0,-50000,0,0,0,0,50000,-50000,-50000
053003,國巨永豐96購02  ,0,0,0,0,0,0,0,0,0,-50000,0,0,0,1000,51000,-50000,-50000
053958,京元電永豐96購01,0,0,0,0,0,0,0,0,0,-50000,0,0,0,0,50000,-50000,-50000
054720,禾伸堂永豐97購01,0,0,0,0,0,0,0,0,0,-50000,0,0,0,0,50000,-50000,-50000
053123,京元電凱基96購01,0,0,0,0,0,0,0,0,0,-50000,0,0,0,0,50000,-50000,-50000
055713,國巨元大98購09  ,0,0,0,0,0,0,0,0,0,-50000,0,0,0,0,50000,-50000,-50000
055663,崇越中信97購01  ,0,0,0,0,0,0,0,0,0,-50000,0,0,0,0,50000,-50000,-50000
056093,大毅元富97購01  ,0,0,0,0,0,0,0,0,0,-50000,0,0,0,0,50000,-50000,-50000
056226,聯發科凱基97購10,0,0,0,0,0,0,0,0,0,-50000,0,0,0,0,50000,-50000,-50000
051690,超眾凱基95購03  ,0,0,0,0,0,0,0,0,0,-50000,0,0,0,0,50000,-50000,-50000
051999,勤誠元大95購01  ,0,0,0,0,0,0,0,0,0,-50000,0,0,0,10000,60000,-50000,-50000
051911,大立光元大98購02,0,10000,-10000,0,0,0,0,0,0,-40000,0,0,0,0,40000,-40000,-50000
050486,可成元富94購05  ,0,0,0,0,0,0,0,0,0,-50000,0,0,0,0,50000,-50000,-50000
06593P,欣興元大98售05  ,0,0,0,0,0,0,0,0,0,-51000,0,0,0,61000,112000,-51000,-51000
06656P,GIS元大98售02   ,0,0,0,0,0,0,0,0,0,-51000,0,0,0,10000,61000,-51000,-51000
07103P,南電元大99售04  ,0,0,0,0,0,0,0,0,0,-51000,0,0,0,6000,57000,-51000,-51000
07361P,聯發科元大99售34,0,0,0,0,0,0,0,0,0,-51000,0,0,0,123000,174000,-51000,-51000
00680L,元大美債20正2   ,0,0,0,0,0,0,0,0,0,-51000,0,0,0,11000,62000,-51000,-51000
054718,可成永豐97購01  ,0,0,0,0,0,0,0,0,0,-51000,0,0,0,8000,59000,-51000,-51000
2390,云辰            ,106000,158000,-52000,0,0,0,0,0,0,0,0,0,0,0,0,0,-52000
1465,偉全            ,0,52000,-52000,0,0,0,0,0,0,0,0,0,0,0,0,0,-52000
1906,寶隆            ,4000,56000,-52000,0,0,0,0,0,0,0,0,0,0,0,0,0,-52000
047970,鴻海富邦95購01  ,0,0,0,0,0,0,0,0,0,-52000,0,0,0,88000,140000,-52000,-52000
8150,南茂            ,1286000,1321000,-35000,0,0,0,0,0,0,-17000,0,18000,-18000,7000,6000,1000,-52000
06853P,華擎元富98售03  ,1000,0,1000,0,0,0,0,0,0,-54000,0,0,0,9000,63000,-54000,-53000
058142,瑞儀元大99購01  ,0,0,0,0,0,0,0,0,0,-53000,0,0,0,52000,105000,-53000,-53000
048189,臺指反元大96購06,0,0,0,0,0,0,0,0,0,-53000,0,0,0,25000,78000,-53000,-53000
053050,華通國票97購02  ,0,0,0,0,0,0,0,0,0,-53000,0,0,0,38000,91000,-53000,-53000
053955,華通永豐96購04  ,0,0,0,0,0,0,0,0,0,-53000,0,0,0,58000,111000,-53000,-53000
059115,美食永豐99購01  ,0,0,0,0,0,0,0,0,0,-54000,0,0,0,0,54000,-54000,-54000
059976,道瓊銀元大99購01,0,0,0,0,0,0,0,0,0,-54000,0,0,0,0,54000,-54000,-54000
057147,新日興國票99購01,0,0,0,0,0,0,0,0,0,-54000,0,0,0,38000,92000,-54000,-54000
057810,技嘉元大98購06  ,0,0,0,0,0,0,0,0,0,-54000,0,0,0,25000,79000,-54000,-54000
1215,卜蜂            ,301000,475000,-174000,0,0,0,153000,0,153000,-33000,0,0,0,10000,43000,-33000,-54000
058821,泰鼎國泰9B購01  ,0,0,0,0,0,0,0,0,0,-54000,0,0,0,30000,84000,-54000,-54000
051413,富邦金國票96購02,0,0,0,0,0,0,0,0,0,-54000,0,0,0,86000,140000,-54000,-54000
8114,振樺電          ,9000,63000,-54000,0,0,0,0,0,0,0,0,0,0,0,0,0,-54000
06038P,國泰金台新96售01,0,0,0,0,0,0,0,0,0,-55000,0,0,0,0,55000,-55000,-55000
051785,臻鼎兆豐96購01  ,0,0,0,0,0,0,0,0,0,-55000,0,0,0,0,55000,-55000,-55000
055557,華新科凱基97購01,0,0,0,0,0,0,0,0,0,-55000,0,0,0,0,55000,-55000,-55000
053448,智易凱基96購03  ,0,0,0,0,0,0,0,0,0,-55000,0,0,0,0,55000,-55000,-55000
9917,中保科          ,51000,93000,-42000,0,0,0,0,0,0,-13000,7000,20000,-13000,0,0,0,-55000
4952,凌通            ,1000,46000,-45000,0,0,0,0,0,0,-10000,0,10000,-10000,0,0,0,-55000
059336,台灣50凱基9A購02,0,0,0,0,0,0,0,0,0,-56000,0,0,0,0,56000,-56000,-56000
07302P,臺股指元大9A售35,0,0,0,0,0,0,0,0,0,-56000,0,0,0,0,56000,-56000,-56000
04405P,牧德國票95售01  ,0,0,0,0,0,0,0,0,0,-56000,0,0,0,0,56000,-56000,-56000
00736,國泰新興市場    ,0,49000,-49000,0,0,0,0,0,0,-7000,0,0,0,120000,127000,-7000,-56000
6525,捷敏-KY         ,17000,73000,-56000,0,0,0,0,0,0,0,0,0,0,0,0,0,-56000
08966P,臺指反元大04售07,0,0,0,0,0,0,0,0,0,-57000,0,0,0,3000,60000,-57000,-57000
057260,微星兆豐98購01  ,0,0,0,0,0,0,0,0,0,-57000,0,0,0,35000,92000,-57000,-57000
058074,欣興凱基99購01  ,0,0,0,0,0,0,0,0,0,-57000,0,0,0,74000,131000,-57000,-57000
047439,漢唐元大95購01  ,0,0,0,0,0,0,0,0,0,-57000,0,0,0,0,57000,-57000,-57000
054731,S&P反1凱基98購01,0,0,0,0,0,0,0,0,0,-57000,0,0,0,0,57000,-57000,-57000
058994,道瓊指元大99購01,0,0,0,0,0,0,0,0,0,-57000,0,0,0,23000,80000,-57000,-57000
8110,華東            ,130000,164000,-34000,0,0,0,4000,0,4000,-27000,4000,31000,-27000,0,0,0,-57000
5225,東科-KY         ,21000,78000,-57000,0,0,0,0,0,0,0,0,0,0,0,0,0,-57000
3591,艾笛森          ,3000,60000,-57000,0,0,0,0,0,0,0,0,0,0,0,0,0,-57000
2608,嘉里大榮        ,3000,40000,-37000,0,0,0,0,0,0,-20000,0,20000,-20000,0,0,0,-57000
2231,為升            ,32000,88000,-56000,0,0,0,0,0,0,-2000,0,0,0,5000,7000,-2000,-58000
056358,友訊元大99購01  ,0,0,0,0,0,0,0,0,0,-58000,0,0,0,35000,93000,-58000,-58000
050641,上証反凱基96購01,0,0,0,0,0,0,0,0,0,-58000,0,0,0,0,58000,-58000,-58000
050836,緯穎凱基95購01  ,0,0,0,0,0,0,0,0,0,-58000,0,0,0,1000,59000,-58000,-58000
6582,申豐            ,36000,94000,-58000,0,0,0,0,0,0,0,0,0,0,0,0,0,-58000
058013,SP黃豆凱基9A購01,0,0,0,0,0,0,0,0,0,-59000,0,0,0,0,59000,-59000,-59000
050809,鴻海凱基95購08  ,0,0,0,0,0,0,0,0,0,-59000,0,0,0,47000,106000,-59000,-59000
054751,GIS凱基98購01   ,0,0,0,0,0,0,0,0,0,-59000,0,0,0,0,59000,-59000,-59000
3535,晶彩科          ,140000,199000,-59000,0,0,0,0,0,0,0,0,0,0,0,0,0,-59000
057995,華新科中信98購02,0,0,0,0,0,0,0,0,0,-60000,0,0,0,0,60000,-60000,-60000
06739P,聯詠兆豐98售02  ,0,0,0,0,0,0,0,0,0,-60000,0,0,0,20000,80000,-60000,-60000
06296P,燿華元大98售01  ,0,0,0,0,0,0,0,0,0,-60000,0,0,0,0,60000,-60000,-60000
07299P,台灣50元大9C售13,0,0,0,0,0,0,0,0,0,-60000,0,0,0,0,60000,-60000,-60000
060025,台積電富邦9C購06,0,0,0,0,0,0,0,0,0,-60000,0,0,0,0,60000,-60000,-60000
059417,上証反元大9C購01,0,0,0,0,0,0,0,0,0,-60000,0,0,0,0,60000,-60000,-60000
056495,泰鼎國泰99購01  ,0,0,0,0,0,0,0,0,0,-60000,0,0,0,71000,131000,-60000,-60000
9941,裕融            ,42000,104000,-62000,0,0,0,0,0,0,2000,2000,0,2000,0,0,0,-60000
8462,柏文            ,13000,73000,-60000,0,0,0,0,0,0,0,0,0,0,0,0,0,-60000
9914,美利達          ,917000,1164000,-247000,0,0,0,316000,123000,193000,-7000,1000,8000,-7000,0,0,0,-61000
4137,麗豐-KY         ,89000,155000,-66000,0,0,0,5000,0,5000,0,0,0,0,0,0,0,-61000
3022,威強電          ,46000,107000,-61000,0,0,0,0,0,0,0,0,0,0,0,0,0,-61000
2609,陽明            ,268000,329000,-61000,0,0,0,0,0,0,0,0,0,0,0,0,0,-61000
056774,和鑫元大98購01  ,0,0,0,0,0,0,0,0,0,-62000,0,0,0,90000,152000,-62000,-62000
059368,T50正2元富99購02,0,0,0,0,0,0,0,0,0,-62000,0,0,0,19000,81000,-62000,-62000
07109P,聯發科中信9B售02,0,0,0,0,0,0,0,0,0,-62000,0,0,0,70000,132000,-62000,-62000
2331,精英            ,54000,117000,-63000,0,0,0,0,0,0,1000,1000,10000,-9000,10000,0,10000,-62000
051371,超眾富邦95購01  ,0,0,0,0,0,0,0,0,0,-62000,0,0,0,90000,152000,-62000,-62000
053701,台積電兆豐96購05,0,0,0,0,0,0,0,0,0,-62000,0,0,0,90000,152000,-62000,-62000
9934,成霖            ,78000,140000,-62000,0,0,0,0,0,0,0,0,0,0,0,0,0,-62000
1783,和康生          ,1000,64000,-63000,0,0,0,0,0,0,0,0,0,0,0,0,0,-63000
1337,再生-KY         ,11000,73000,-62000,0,0,0,0,0,0,-1000,0,1000,-1000,0,0,0,-63000
059880,世紀鋼凱基99購02,0,0,0,0,0,0,0,0,0,-63000,0,0,0,0,63000,-63000,-63000
051280,台積電兆豐95購04,0,0,0,0,0,0,0,0,0,-63000,0,0,0,87000,150000,-63000,-63000
051880,健策康和95購01  ,0,0,0,0,0,0,0,0,0,-63000,0,0,0,80000,143000,-63000,-63000
3024,憶聲            ,17000,80000,-63000,0,0,0,0,0,0,0,0,0,0,0,0,0,-63000
2421,建準            ,713000,562000,151000,0,0,0,2529,210000,-207471,-7000,0,7000,-7000,0,0,0,-63471
07344P,鴻海富邦9A售03  ,0,0,0,0,0,0,0,0,0,-64000,0,0,0,30000,94000,-64000,-64000
04894P,世紀鋼元大94售02,0,0,0,0,0,0,0,0,0,-64000,0,0,0,7000,71000,-64000,-64000
047990,臺指反元大96購02,0,0,0,0,0,0,0,0,0,-64000,0,0,0,0,64000,-64000,-64000
5234,達興材料        ,17000,79000,-62000,0,0,0,0,0,0,-2000,0,2000,-2000,0,0,0,-64000
1315,達新            ,17000,82000,-65000,0,0,0,0,0,0,0,0,0,0,0,0,0,-65000
2401,凌陽            ,183000,194000,-11000,0,0,0,0,0,0,-54000,0,54000,-54000,0,0,0,-65000
058446,新光金富邦9C購01,0,0,0,0,0,0,0,0,0,-65000,0,0,0,0,65000,-65000,-65000
058447,玉晶光富邦9A購02,0,0,0,0,0,0,0,0,0,-65000,0,0,0,0,65000,-65000,-65000
059233,台灣50凱基9C購02,0,0,0,0,0,0,0,0,0,-65000,0,0,0,3000,68000,-65000,-65000
05669P,嘉晶永豐96售03  ,0,0,0,0,0,0,0,0,0,-65000,0,0,0,0,65000,-65000,-65000
056533,友達凱基9A購02  ,0,0,0,0,0,0,0,0,0,-65000,0,0,0,59000,124000,-65000,-65000
050503,聯發科凱基94購22,0,0,0,0,0,0,0,0,0,-65000,0,0,0,110000,175000,-65000,-65000
4155,訊映            ,9000,72000,-63000,0,0,0,0,0,0,-2000,0,2000,-2000,0,0,0,-65000
2731,雄獅            ,10000,75000,-65000,0,0,0,0,0,0,0,0,0,0,0,0,0,-65000
2852,第一保          ,0,67000,-67000,0,0,0,0,0,0,2000,2000,0,2000,0,0,0,-65000
059036,可成群益9B購03  ,0,0,0,0,0,0,0,0,0,-66000,0,0,0,53000,119000,-66000,-66000
058283,世紀鋼中信99購01,0,0,0,0,0,0,0,0,0,-66000,0,0,0,337000,403000,-66000,-66000
2450,神腦            ,17000,73000,-56000,0,0,0,0,0,0,-10000,0,10000,-10000,0,0,0,-66000
1310,台苯            ,265000,301000,-36000,0,0,0,0,0,0,-30000,0,30000,-30000,0,0,0,-66000
055354,宏達電凱基98購01,0,0,0,0,0,0,0,0,0,-66000,0,0,0,8000,74000,-66000,-66000
055404,超眾元富97購01  ,0,0,0,0,0,0,0,0,0,-66000,0,0,0,58000,124000,-66000,-66000
057670,欣興元大99購02  ,0,0,0,0,0,0,0,0,0,-67000,0,0,0,12000,79000,-67000,-67000
056877,群創凱基99購04  ,0,0,0,0,0,0,0,0,0,-67000,0,0,0,0,67000,-67000,-67000
059308,T50反1元大99購07,0,0,0,0,0,0,0,0,0,-67000,0,0,0,22000,89000,-67000,-67000
059263,瑞昱中信01購01  ,0,0,0,0,0,0,0,0,0,-67000,0,0,0,0,67000,-67000,-67000
05647P,聯發科國票97售02,0,0,0,0,0,0,0,0,0,-67000,0,0,0,0,67000,-67000,-67000
059062,群創凱基99購05  ,0,0,0,0,0,0,0,0,0,-68000,0,0,0,0,68000,-68000,-68000
056882,華邦電康和98購01,0,0,0,0,0,0,0,0,0,-68000,0,0,0,0,68000,-68000,-68000
059876,智易凱基99購02  ,0,0,0,0,0,0,0,0,0,-68000,0,0,0,50000,118000,-68000,-68000
057376,新日興元大98購04,0,0,0,0,0,0,0,0,0,-68000,0,0,0,0,68000,-68000,-68000
057420,美食凱基98購01  ,0,0,0,0,0,0,0,0,0,-68000,0,0,0,14000,82000,-68000,-68000
06889P,臺股指元大98售13,0,0,0,0,0,0,0,0,0,-68000,0,0,0,26000,94000,-68000,-68000
048850,聯電群益96購01  ,0,0,0,0,0,0,0,0,0,-68000,0,0,0,50000,118000,-68000,-68000
052921,大成鋼永豐96購01,0,0,0,0,0,0,0,0,0,-68000,0,0,0,0,68000,-68000,-68000
056170,鴻海元富97購09  ,0,0,0,0,0,0,0,0,0,-68000,0,0,0,30000,98000,-68000,-68000
055958,台光電元大97購02,0,0,0,0,0,0,0,0,0,-68000,0,0,0,0,68000,-68000,-68000
8466,美吉吉-KY       ,0,68000,-68000,0,0,0,0,0,0,0,0,0,0,0,0,0,-68000
2351,順德            ,144000,165000,-21000,0,0,0,0,44000,-44000,-4000,0,4000,-4000,0,0,0,-69000
2009,第一銅          ,2000,71000,-69000,0,0,0,0,0,0,0,0,0,0,0,0,0,-69000
053583,漢唐元大96購03  ,0,0,0,0,0,0,0,0,0,-69000,0,0,0,0,69000,-69000,-69000
055589,台光電元大98購04,0,0,0,0,0,0,0,0,0,-69000,0,0,0,0,69000,-69000,-69000
052261,台泥第一95購01  ,0,0,0,0,0,0,0,0,0,-69000,0,0,0,0,69000,-69000,-69000
04845P,台積電凱基94售33,0,0,0,0,0,0,0,0,0,-69000,0,0,0,10000,79000,-69000,-69000
07147P,高鐵元大99售01  ,0,0,0,0,0,0,0,0,0,-70000,0,0,0,9000,79000,-70000,-70000
06534P,聯發科群益98售04,0,0,0,0,0,0,0,0,0,-70000,0,0,0,0,70000,-70000,-70000
059893,台積電台新9A購02,0,0,0,0,0,0,0,0,0,-70000,0,0,0,14000,84000,-70000,-70000
058201,華通凱基9A購01  ,0,0,0,0,0,0,0,0,0,-70000,0,0,0,0,70000,-70000,-70000
056641,華通凱基98購03  ,0,0,0,0,0,0,0,0,0,-70000,0,0,0,0,70000,-70000,-70000
052288,敦南統一95購01  ,0,0,0,0,0,0,0,0,0,-70000,0,0,0,0,70000,-70000,-70000
049369,義隆元大95購01  ,0,0,0,0,0,0,0,0,0,-70000,0,0,0,0,70000,-70000,-70000
055087,瑞昱亞東97購01  ,0,0,0,0,0,0,0,0,0,-70000,0,0,0,0,70000,-70000,-70000
053211,漢唐凱基96購03  ,0,0,0,0,0,0,0,0,0,-70000,0,0,0,25000,95000,-70000,-70000
059541,T50正2康和99購01,0,0,0,0,0,0,0,0,0,-71000,0,0,0,85000,156000,-71000,-71000
056636,台積電日盛9A購01,0,0,0,0,0,0,0,0,0,-72000,0,0,0,478000,550000,-72000,-72000
055041,致新富邦97購01  ,0,0,0,0,0,0,0,0,0,-72000,0,0,0,0,72000,-72000,-72000
8422,可寧衛          ,22000,92000,-70000,0,0,0,0,0,0,-2000,0,2000,-2000,0,0,0,-72000
059240,台積電凱基9A購09,0,0,0,0,0,0,0,0,0,-73000,0,0,0,82000,155000,-73000,-73000
058986,華新科凱基9A購03,0,0,0,0,0,0,0,0,0,-73000,0,0,0,0,73000,-73000,-73000
056639,國產康和98購01  ,0,0,0,0,0,0,0,0,0,-74000,0,0,0,0,74000,-74000,-74000
059852,康控永豐99購02  ,0,0,0,0,0,0,0,0,0,-74000,0,0,0,15000,89000,-74000,-74000
1447,力鵬            ,45000,105000,-60000,0,0,0,0,0,0,-14000,0,14000,-14000,0,0,0,-74000
1609,大亞            ,205000,268000,-63000,0,0,0,6746,0,6746,-18000,0,18000,-18000,0,0,0,-74254
056212,台光電國票98購03,0,0,0,0,0,0,0,0,0,-75000,0,0,0,1000,76000,-75000,-75000
056281,深中小永豐97購01,0,0,0,0,0,0,0,0,0,-75000,0,0,0,0,75000,-75000,-75000
054210,台光電國票97購03,0,0,0,0,0,0,0,0,0,-75000,0,0,0,39000,114000,-75000,-75000
052016,神基永豐95購01  ,0,0,0,0,0,0,0,0,0,-75000,0,0,0,0,75000,-75000,-75000
04857P,美律元富94售01  ,0,0,0,0,0,0,0,0,0,-75000,0,0,0,87000,162000,-75000,-75000
057994,技嘉中信98購01  ,0,0,0,0,0,0,0,0,0,-76000,0,0,0,0,76000,-76000,-76000
059767,矽力永豐99購01  ,0,0,0,0,0,0,0,0,0,-76000,0,0,0,0,76000,-76000,-76000
060023,T50反1國泰9A購03,0,0,0,0,0,0,0,0,0,-76000,0,0,0,0,76000,-76000,-76000
052313,聯電元大98購01  ,0,0,0,0,0,0,0,0,0,-76000,0,0,0,0,76000,-76000,-76000
051643,瑞昱康和95購01  ,0,0,0,0,0,0,0,0,0,-76000,0,0,0,68000,144000,-76000,-76000
059527,聯發科凱基99購16,0,0,0,0,0,0,0,0,0,-77000,0,0,0,56000,133000,-77000,-77000
06683P,訊芯元大98售07  ,0,0,0,0,0,0,0,0,0,-77000,0,0,0,4000,81000,-77000,-77000
2059,川湖            ,63000,132000,-69000,0,0,0,0,0,0,-8000,0,8000,-8000,0,0,0,-77000
07102P,南電元大99售03  ,0,0,0,0,0,0,0,0,0,-78000,0,0,0,12000,90000,-78000,-78000
059828,健策凱基99購05  ,0,0,0,0,0,0,0,0,0,-78000,0,0,0,18000,96000,-78000,-78000
056292,統一元大97購01  ,0,0,0,0,0,0,0,0,0,-78000,0,0,0,0,78000,-78000,-78000
054858,台肥群益97購01  ,0,0,0,0,0,0,0,0,0,-78000,0,0,0,0,78000,-78000,-78000
06015P,大立光富邦98售04,0,0,0,0,0,0,0,0,0,-79000,0,0,0,0,79000,-79000,-79000
2453,凌群            ,119000,198000,-79000,0,0,0,0,0,0,0,0,0,0,0,0,0,-79000
058996,台達電元大99購02,0,0,0,0,0,0,0,0,0,-79000,0,0,0,1000,80000,-79000,-79000
052575,茂林凱基96購04  ,0,0,0,0,0,0,0,0,0,-79000,0,0,0,0,79000,-79000,-79000
9927,泰銘            ,2000,81000,-79000,0,0,0,0,0,0,0,0,0,0,0,0,0,-79000
1417,嘉裕            ,24000,104000,-80000,0,0,0,0,0,0,0,0,0,0,0,0,0,-80000
057605,旺宏統一99購03  ,0,0,0,0,0,0,0,0,0,-80000,0,0,0,0,80000,-80000,-80000
06068P,玉晶光康和97售01,0,0,0,0,0,0,0,0,0,-80000,0,0,0,30000,110000,-80000,-80000
053719,可成凱基96購08  ,0,0,0,0,0,0,0,0,0,-80000,0,0,0,0,80000,-80000,-80000
05625P,國巨國票97售01  ,0,0,0,0,0,0,0,0,0,-80000,0,0,0,0,80000,-80000,-80000
052221,東元凱基95購01  ,0,0,0,0,0,0,0,0,0,-80000,0,0,0,0,80000,-80000,-80000
052157,東元永豐95購01  ,0,0,0,0,0,0,0,0,0,-80000,0,0,0,0,80000,-80000,-80000
050500,台積電凱基94購36,0,0,0,0,0,0,0,0,0,-80000,0,0,0,70000,150000,-80000,-80000
9136,巨騰-DR         ,1000,81000,-80000,0,0,0,0,0,0,0,0,0,0,0,0,0,-80000
1720,生達            ,81000,162000,-81000,0,0,0,0,0,0,0,0,0,0,0,0,0,-81000
058555,矽創永豐9A購01  ,0,0,0,0,0,0,0,0,0,-82000,0,0,0,110000,192000,-82000,-82000
05089P,亞德客元大95售01,0,0,0,0,0,0,0,0,0,-82000,0,0,0,0,82000,-82000,-82000
2428,興勤            ,50000,129000,-79000,0,0,0,0,0,0,-4000,0,3000,-3000,0,1000,-1000,-83000
2436,偉詮電          ,86000,165000,-79000,0,0,0,0,0,0,-4000,0,4000,-4000,0,0,0,-83000
07284P,大立光凱基99售10,0,0,0,0,0,0,0,0,0,-83000,0,0,0,96000,179000,-83000,-83000
07306P,台灣50凱基9A售09,0,0,0,0,0,0,0,0,0,-84000,0,0,0,64000,148000,-84000,-84000
058516,健鼎元大99購02  ,0,0,0,0,0,0,0,0,0,-84000,0,0,0,53000,137000,-84000,-84000
059265,美律中信01購01  ,0,0,0,0,0,0,0,0,0,-84000,0,0,0,107000,191000,-84000,-84000
3062,建漢            ,106000,190000,-84000,0,0,0,0,0,0,0,0,0,0,0,0,0,-84000
2395,研華            ,905746,965965,-60219,0,0,0,0,0,0,-24000,0,24000,-24000,0,0,0,-84219
07300P,臺股指元大9A售33,0,0,0,0,0,0,0,0,0,-85000,0,0,0,40000,125000,-85000,-85000
059943,信邦永豐99購01  ,0,0,0,0,0,0,0,0,0,-85000,0,0,0,1000,86000,-85000,-85000
3518,柏騰            ,20000,105000,-85000,0,0,0,0,0,0,0,0,0,0,0,0,0,-85000
059559,T50反1凱基99購07,0,0,0,0,0,0,0,0,0,-86000,0,0,0,231000,317000,-86000,-86000
059748,聯發科台新99購03,0,0,0,0,0,0,0,0,0,-86000,0,0,0,6000,92000,-86000,-86000
057809,英業達元大98購01,0,0,0,0,0,0,0,0,0,-86000,0,0,0,4000,90000,-86000,-86000
9943,好樂迪          ,36000,122000,-86000,0,0,0,0,0,0,0,0,0,0,0,0,0,-86000
07281P,鴻海凱基99售13  ,0,0,0,0,0,0,0,0,0,-87000,0,0,0,8000,95000,-87000,-87000
058242,玉晶光元大9A購01,0,0,0,0,0,0,0,0,0,-87000,0,0,0,2000,89000,-87000,-87000
054391,宏達電元富96購04,0,0,0,0,0,0,0,0,0,-87000,0,0,0,0,87000,-87000,-87000
051828,微星元大95購03  ,0,0,0,0,0,0,0,0,0,-87000,0,0,0,23000,110000,-87000,-87000
2467,志聖            ,19000,96000,-77000,0,0,0,0,0,0,-10000,0,10000,-10000,0,0,0,-87000
059791,超眾元大99購06  ,0,0,0,0,0,0,0,0,0,-88000,0,0,0,0,88000,-88000,-88000
06680P,智邦元大98售06  ,0,0,0,0,0,0,0,0,0,-88000,0,0,0,307000,395000,-88000,-88000
055566,台表科凱基97購03,0,0,0,0,0,0,0,0,0,-89000,0,0,0,0,89000,-89000,-89000
055240,京元電元富97購01,0,0,0,0,0,0,0,0,0,-89000,0,0,0,9000,98000,-89000,-89000
05306P,泰碩國泰97售01  ,0,0,0,0,0,0,0,0,0,-89000,0,0,0,0,89000,-89000,-89000
06844P,智邦元大98售13  ,0,0,0,0,0,0,0,0,0,-90000,0,0,0,203000,293000,-90000,-90000
1109,信大            ,8000,98000,-90000,0,0,0,0,0,0,0,0,0,0,0,0,0,-90000
059695,聯鈞永豐99購02  ,0,0,0,0,0,0,0,0,0,-90000,0,0,0,36000,126000,-90000,-90000
056915,上銀兆豐99購01  ,0,0,0,0,0,0,0,0,0,-90000,0,0,0,60000,150000,-90000,-90000
059766,同欣電永豐99購03,0,0,0,0,0,0,0,0,0,-91000,0,0,0,17000,108000,-91000,-91000
07329P,台灣50群益9A售07,0,0,0,0,0,0,0,0,0,-91000,0,0,0,0,91000,-91000,-91000
057422,欣興凱基98購04  ,0,0,0,0,0,0,0,0,0,-91000,0,0,0,0,91000,-91000,-91000
2493,揚博            ,56000,147000,-91000,0,0,0,0,0,0,0,0,0,0,0,0,0,-91000
054036,T50反1元大96購08,0,0,0,0,0,0,0,0,0,-92000,0,0,0,9000,101000,-92000,-92000
044963,台積電中信96購01,0,0,0,0,0,0,0,0,0,-92000,0,0,0,0,92000,-92000,-92000
8404,百和興業-KY     ,28000,120000,-92000,0,0,0,0,0,0,0,0,0,0,0,0,0,-92000
2457,飛宏            ,39649,132000,-92351,0,0,0,0,0,0,0,0,0,0,0,0,0,-92351
057426,元油2X兆豐9B購01,0,0,0,0,0,0,0,0,0,-94000,0,0,0,0,94000,-94000,-94000
057925,貿聯凱基99購01  ,0,0,0,0,0,0,0,0,0,-94000,0,0,0,137000,231000,-94000,-94000
07260P,台灣50元大9A售01,0,0,0,0,0,0,0,0,0,-94000,0,0,0,112000,206000,-94000,-94000
2707,晶華            ,17000,95000,-78000,0,0,0,0,0,0,-16000,1000,17000,-16000,0,0,0,-94000
057894,華通元富02購02  ,0,0,0,0,0,0,0,0,0,-95000,0,0,0,80000,175000,-95000,-95000
057647,欣興元大98購10  ,0,0,0,0,0,0,0,0,0,-95000,0,0,0,15000,110000,-95000,-95000
053638,信邦永豐96購01  ,0,0,0,0,0,0,0,0,0,-95000,0,0,0,50000,145000,-95000,-95000
058932,FBVIX台新99購01 ,0,0,0,0,0,0,0,0,0,-95000,0,0,0,2000,97000,-95000,-95000
3030,德律            ,73000,163000,-90000,0,0,0,0,0,0,-5000,0,5000,-5000,0,0,0,-95000
9188,精熙-DR         ,0,95000,-95000,0,0,0,0,0,0,0,0,0,0,0,0,0,-95000
2612,中航            ,24470,112000,-87530,0,0,0,0,0,0,-8000,0,8000,-8000,0,0,0,-95530
2420,新巨            ,5000,101000,-96000,0,0,0,0,0,0,0,0,0,0,0,0,0,-96000
058746,華通凱基9A購02  ,0,0,0,0,0,0,0,0,0,-96000,0,0,0,8000,104000,-96000,-96000
055470,南亞科凱基97購01,0,0,0,0,0,0,0,0,0,-96000,0,0,0,63000,159000,-96000,-96000
047063,漢唐凱基95購01  ,0,0,0,0,0,0,0,0,0,-96000,0,0,0,0,96000,-96000,-96000
2480,敦陽科          ,38000,129000,-91000,0,0,0,0,0,0,-5000,0,5000,-5000,0,0,0,-96000
06421P,嘉澤統一97售02  ,0,0,0,0,0,0,0,0,0,-97000,0,0,0,3000,100000,-97000,-97000
058335,鴻海元富99購06  ,0,0,0,0,0,0,0,0,0,-97000,0,0,0,1000,98000,-97000,-97000
0061,元大寶滬深      ,4000,54000,-50000,0,0,0,0,0,0,-47000,0,30000,-30000,0,17000,-17000,-97000
052611,力成元大96購02  ,0,0,0,0,0,0,0,0,0,-97000,0,0,0,0,97000,-97000,-97000
054745,智易凱基97購01  ,0,0,0,0,0,0,0,0,0,-97000,0,0,0,121000,218000,-97000,-97000
3532,台勝科          ,104000,201000,-97000,0,0,0,0,0,0,0,0,0,0,0,0,0,-97000
058082,美律群益98購05  ,0,0,0,0,0,0,0,0,0,-98000,0,0,0,0,98000,-98000,-98000
059480,美律群益9A購01  ,0,0,0,0,0,0,0,0,0,-98000,0,0,0,0,98000,-98000,-98000
07245P,台積電凱基99售16,0,0,0,0,0,0,0,0,0,-98000,0,0,0,285000,383000,-98000,-98000
055667,致茂群益98購01  ,0,0,0,0,0,0,0,0,0,-98000,0,0,0,0,98000,-98000,-98000
03657C,T50反1元大99牛01,0,0,0,0,0,0,0,0,0,-98000,0,0,0,5000,103000,-98000,-98000
6191,精成科          ,316000,413000,-97000,0,0,0,0,0,0,-1000,0,0,0,0,1000,-1000,-98000
3702,大聯大          ,2671000,2630284,40716,0,0,0,0,0,0,-139000,4000,138000,-134000,0,5000,-5000,-98284
059796,台積電國票99購10,0,0,0,0,0,0,0,0,0,-99000,0,0,0,44000,143000,-99000,-99000
00717,富邦美國特別股  ,0,0,0,0,0,0,0,0,0,-99000,0,0,0,711000,810000,-99000,-99000
2841,台開            ,203000,302000,-99000,0,0,0,0,0,0,0,0,0,0,0,0,0,-99000
5907,大洋-KY         ,16000,115000,-99000,0,0,0,0,0,0,0,0,0,0,0,0,0,-99000
059816,聯電凱基99購03  ,0,0,0,0,0,0,0,0,0,-100000,0,0,0,100000,200000,-100000,-100000
058096,南電元大98購04  ,0,0,0,0,0,0,0,0,0,-100000,0,0,0,62000,162000,-100000,-100000
059337,台灣50凱基9C購05,0,0,0,0,0,0,0,0,0,-100000,0,0,0,34000,134000,-100000,-100000
07234P,台灣50元大9B售04,0,0,0,0,0,0,0,0,0,-100000,0,0,0,0,100000,-100000,-100000
057278,可成元大98購06  ,0,0,0,0,0,0,0,0,0,-100000,0,0,0,34000,134000,-100000,-100000
054316,矽創凱基97購01  ,0,0,0,0,0,0,0,0,0,-100000,0,0,0,0,100000,-100000,-100000
050483,樺漢國票94購01  ,0,0,0,0,0,0,0,0,0,-100000,0,0,0,0,100000,-100000,-100000
054699,復盛永豐97購01  ,0,0,0,0,0,0,0,0,0,-100000,0,0,0,0,100000,-100000,-100000
053398,和鑫中信99購01  ,0,0,0,0,0,0,0,0,0,-100000,0,0,0,0,100000,-100000,-100000
055357,欣興凱基97購04  ,0,0,0,0,0,0,0,0,0,-100000,0,0,0,50000,150000,-100000,-100000
055344,國巨凱基97購04  ,0,0,0,0,0,0,0,0,0,-100000,0,0,0,0,100000,-100000,-100000
2637,慧洋-KY         ,310000,352000,-42000,0,0,0,0,0,0,-58000,0,58000,-58000,0,0,0,-100000
059827,晶技凱基99購03  ,0,0,0,0,0,0,0,0,0,-101000,0,0,0,0,101000,-101000,-101000
3028,增你強          ,17000,109000,-92000,0,0,0,0,0,0,-9000,0,9000,-9000,0,0,0,-101000
059562,上銀凱基99購09  ,0,0,0,0,0,0,0,0,0,-102000,0,0,0,126000,228000,-102000,-102000
059578,智邦元富99購02  ,0,0,0,0,0,0,0,0,0,-102000,0,0,0,43000,145000,-102000,-102000
059923,緯穎元大99購09  ,0,0,0,0,0,0,0,0,0,-102000,0,0,0,0,102000,-102000,-102000
06934P,聯鈞元大98售03  ,0,0,0,0,0,0,0,0,0,-102000,0,0,0,10000,112000,-102000,-102000
056314,力成元大97購01  ,0,0,0,0,0,0,0,0,0,-102000,0,0,0,3000,105000,-102000,-102000
056038,可成凱基97購01  ,0,0,0,0,0,0,0,0,0,-102000,0,0,0,10000,112000,-102000,-102000
056486,樺漢元大98購04  ,0,0,0,0,0,0,0,0,0,-102000,0,0,0,0,102000,-102000,-102000
056473,奇力新元大99購02,0,0,0,0,0,0,0,0,0,-102000,0,0,0,0,102000,-102000,-102000
00656R,國泰中國A50反1  ,0,44000,-44000,0,0,0,0,0,0,-58000,0,0,0,96000,154000,-58000,-102000
1590,亞德客-KY       ,858941,724835,134106,0,0,0,0,196000,-196000,-41000,9000,46000,-37000,5000,9000,-4000,-102894
057482,微星元大98購03  ,0,0,0,0,0,0,0,0,0,-103000,0,0,0,0,103000,-103000,-103000
059047,元油2X凱基9A購10,0,0,0,0,0,0,0,0,0,-103000,0,0,0,0,103000,-103000,-103000
059563,鴻海凱基9A購14  ,0,0,0,0,0,0,0,0,0,-103000,0,0,0,120000,223000,-103000,-103000
051360,緯創元大95購03  ,0,0,0,0,0,0,0,0,0,-103000,0,0,0,0,103000,-103000,-103000
059096,百和元大99購04  ,0,0,0,0,0,0,0,0,0,-104000,0,0,0,1000,105000,-104000,-104000
059928,道瓊銀富邦03購01,0,0,0,0,0,0,0,0,0,-105000,0,0,0,0,105000,-105000,-105000
057142,力成兆豐98購01  ,0,0,0,0,0,0,0,0,0,-105000,0,0,0,0,105000,-105000,-105000
2365,昆盈            ,8000,114000,-106000,0,0,0,0,0,0,1000,1000,0,1000,0,0,0,-105000
048248,聯發科兆豐95購01,0,0,0,0,0,0,0,0,0,-105000,0,0,0,5000,110000,-105000,-105000
2464,盟立            ,74000,129000,-55000,0,0,0,0,0,0,-50000,0,50000,-50000,0,0,0,-105000
2402,毅嘉            ,148000,244000,-96000,0,0,0,0,0,0,-10000,1000,11000,-10000,0,0,0,-106000
06023P,超眾國票96售03  ,0,0,0,0,0,0,0,0,0,-106000,0,0,0,37000,143000,-106000,-106000
4551,智伸科          ,197000,317000,-120000,0,0,0,15000,0,15000,-1000,7000,4000,3000,0,4000,-4000,-106000
07238P,台灣50國票99售07,0,0,0,0,0,0,0,0,0,-107000,0,0,0,7000,114000,-107000,-107000
07081P,南電群益9A售01  ,0,0,0,0,0,0,0,0,0,-107000,0,0,0,50000,157000,-107000,-107000
06763P,技嘉元大98售05  ,0,0,0,0,0,0,0,0,0,-107000,0,0,0,67000,174000,-107000,-107000
050318,景碩國票94購02  ,0,0,0,0,0,0,0,0,0,-107000,0,0,0,23000,130000,-107000,-107000
049700,瀚宇博元大97購01,0,0,0,0,0,0,0,0,0,-107000,0,0,0,213000,320000,-107000,-107000
053337,聯電國票97購01  ,0,0,0,0,0,0,0,0,0,-108000,0,0,0,0,108000,-108000,-108000
5243,乙盛-KY         ,89000,198000,-109000,0,0,0,0,0,0,0,0,0,0,0,0,0,-109000
051629,上証2X國票95購04,0,0,0,0,0,0,0,0,0,-110000,0,0,0,0,110000,-110000,-110000
051855,道瓊反凱基97購01,0,0,0,0,0,0,0,0,0,-110000,0,0,0,0,110000,-110000,-110000
2486,一詮            ,3000,113000,-110000,0,0,0,0,0,0,0,0,0,0,0,0,0,-110000
3060,銘異            ,9000,119000,-110000,0,0,0,0,0,0,0,0,0,0,0,0,0,-110000
057448,致茂元富98購01  ,0,0,0,0,0,0,0,0,0,-111000,0,0,0,111000,222000,-111000,-111000
1527,鑽全            ,58000,169000,-111000,0,0,0,0,0,0,0,0,0,0,0,0,0,-111000
056607,貿聯富邦99購02  ,0,0,0,0,0,0,0,0,0,-113000,0,0,0,20000,133000,-113000,-113000
058610,欣興元大99購05  ,0,0,0,0,0,0,0,0,0,-113000,0,0,0,1000,114000,-113000,-113000
052693,微星中信96購01  ,0,0,0,0,0,0,0,0,0,-113000,0,0,0,0,113000,-113000,-113000
1460,宏遠            ,8000,111665,-103665,0,0,0,0,0,0,-10000,0,10000,-10000,0,0,0,-113665
055197,致新元富97購02  ,0,0,0,0,0,0,0,0,0,-114000,0,0,0,0,114000,-114000,-114000
3557,嘉威            ,27000,141000,-114000,0,0,0,0,0,0,0,0,0,0,0,0,0,-114000
07334P,臺股指國票99售19,0,0,0,0,0,0,0,0,0,-115000,0,0,0,70000,185000,-115000,-115000
6112,聚碩            ,7000,86000,-79000,0,0,0,0,0,0,-36000,0,36000,-36000,0,0,0,-115000
054412,智邦元大96購03  ,0,0,0,0,0,0,0,0,0,-116000,0,0,0,5000,121000,-116000,-116000
6592,和潤企業        ,113000,218000,-105000,0,0,0,0,0,0,-11000,0,11000,-11000,0,0,0,-116000
1907,永豐餘          ,243000,358000,-115000,0,0,0,0,0,0,-2000,0,2000,-2000,0,0,0,-117000
057199,台達電元富02購01,0,0,0,0,0,0,0,0,0,-117000,0,0,0,0,117000,-117000,-117000
055643,宏碁元富97購01  ,0,0,0,0,0,0,0,0,0,-117000,0,0,0,0,117000,-117000,-117000
052874,超眾凱基96購01  ,0,0,0,0,0,0,0,0,0,-118000,0,0,0,0,118000,-118000,-118000
051540,力成國票95購01  ,0,0,0,0,0,0,0,0,0,-118000,0,0,0,0,118000,-118000,-118000
05711P,茂林國票97售03  ,0,0,0,0,0,0,0,0,0,-119000,0,0,0,0,119000,-119000,-119000
058726,宏達電富邦9A購01,0,0,0,0,0,0,0,0,0,-120000,0,0,0,0,120000,-120000,-120000
052703,貿聯國票97購01  ,0,0,0,0,0,0,0,0,0,-121000,0,0,0,17000,138000,-121000,-121000
055955,微星元大97購01  ,1000,0,1000,0,0,0,0,0,0,-122000,0,0,0,63000,185000,-122000,-121000
2426,鼎元            ,99000,214000,-115000,0,0,0,0,0,0,-7000,0,7000,-7000,0,0,0,-122000
05538P,玉晶光國票97售02,0,0,0,0,0,0,0,0,0,-122000,0,0,0,0,122000,-122000,-122000
059073,元油2X元大9C購14,0,0,0,0,0,0,0,0,0,-123000,0,0,0,0,123000,-123000,-123000
058910,泰鼎元大99購03  ,0,30000,-30000,0,0,0,0,0,0,-94000,0,0,0,98000,192000,-94000,-124000
3704,合勤控          ,338000,446000,-108000,0,0,0,0,0,0,-17000,0,1000,-1000,0,16000,-16000,-125000
059879,GIS凱基99購03   ,0,0,0,0,0,0,0,0,0,-126000,0,0,0,0,126000,-126000,-126000
1711,永光            ,37000,164000,-127000,0,0,0,0,0,0,0,0,0,0,0,0,0,-127000
07303P,臺股指元大9A售36,0,0,0,0,0,0,0,0,0,-127000,0,0,0,10000,137000,-127000,-127000
051253,緯創元大95購02  ,0,0,0,0,0,0,0,0,0,-127000,0,0,0,0,127000,-127000,-127000
6257,矽格            ,464000,545537,-81537,0,0,0,0,0,0,-46046,4000,26046,-22046,0,24000,-24000,-127583
07290P,台灣50凱基9A售08,0,0,0,0,0,0,0,0,0,-128000,0,0,0,0,128000,-128000,-128000
058022,樺漢凱基99購02  ,0,0,0,0,0,0,0,0,0,-128000,0,0,0,15000,143000,-128000,-128000
056820,欣興永豐98購02  ,0,0,0,0,0,0,0,0,0,-128000,0,0,0,33000,161000,-128000,-128000
05546P,全新元大97售01  ,0,0,0,0,0,0,0,0,0,-128000,0,0,0,20000,148000,-128000,-128000
6139,亞翔            ,32000,130000,-98000,0,0,0,2068,0,2068,-33000,0,33000,-33000,0,0,0,-128932
059745,欣興元富99購04  ,0,0,0,0,0,0,0,0,0,-129000,0,0,0,77000,206000,-129000,-129000
057243,樺漢凱基99購01  ,0,0,0,0,0,0,0,0,0,-129000,0,0,0,17000,146000,-129000,-129000
1608,華榮            ,14000,142000,-128000,0,0,0,0,0,0,-1000,0,1000,-1000,0,0,0,-129000
1519,華城            ,87000,131000,-44000,0,0,0,19000,100000,-81000,-4000,0,4000,-4000,0,0,0,-129000
8213,志超            ,163000,292000,-129000,0,0,0,0,0,0,0,0,0,0,0,0,0,-129000
3413,京鼎            ,194000,328000,-134000,0,0,0,0,0,0,5000,0,2000,-2000,9000,2000,7000,-129000
1905,華紙            ,195000,325000,-130000,0,0,0,0,0,0,0,0,0,0,0,0,0,-130000
1338,廣華-KY         ,93000,223000,-130000,0,0,0,0,0,0,0,0,0,0,0,0,0,-130000
06971P,台光電元大99售03,0,0,0,0,0,0,0,0,0,-130000,0,0,0,0,130000,-130000,-130000
053083,中環元大99購01  ,0,0,0,0,0,0,0,0,0,-130000,0,0,0,30000,160000,-130000,-130000
4106,雃博            ,213000,343000,-130000,0,0,0,0,0,0,0,0,0,0,0,0,0,-130000
059539,緯穎凱基99購03  ,0,0,0,0,0,0,0,0,0,-131000,0,0,0,22000,153000,-131000,-131000
05634P,玉晶光台新97售01,0,0,0,0,0,0,0,0,0,-131000,0,0,0,5000,136000,-131000,-131000
053593,晶技元大98購01  ,0,0,0,0,0,0,0,0,0,-132000,0,0,0,26000,158000,-132000,-132000
00730,富邦臺灣優質高息,0,0,0,0,0,0,0,0,0,-132000,0,0,0,523000,655000,-132000,-132000
056616,台光電永豐98購01,0,0,0,0,0,0,0,0,0,-133000,0,0,0,20000,153000,-133000,-133000
06864P,健策凱基98售01  ,0,0,0,0,0,0,0,0,0,-134000,0,0,0,13000,147000,-134000,-134000
053950,緯穎富邦97購02  ,0,0,0,0,0,0,0,0,0,-134000,0,0,0,2000,136000,-134000,-134000
5471,松翰            ,291000,425000,-134000,0,0,0,0,0,0,0,0,0,0,0,0,0,-134000
057252,牧德元富98購01  ,0,0,0,0,0,0,0,0,0,-135000,0,0,0,0,135000,-135000,-135000
057061,華擎國泰9A購01  ,0,0,0,0,0,0,0,0,0,-135000,0,0,0,124000,259000,-135000,-135000
00685L,群益臺灣加權正2 ,0,0,0,0,0,0,0,0,0,-135000,0,0,0,10000,145000,-135000,-135000
052349,鴻海統一95購15  ,0,0,0,0,0,0,0,0,0,-135000,0,0,0,0,135000,-135000,-135000
059675,大立光元富99購08,0,0,0,0,0,0,0,0,0,-136000,0,0,0,13000,149000,-136000,-136000
06177P,玉晶光元大98售07,0,0,0,0,0,0,0,0,0,-136000,0,0,0,54000,190000,-136000,-136000
07382P,台積電群益9B售01,0,0,0,0,0,0,0,0,0,-136000,0,0,0,0,136000,-136000,-136000
3617,碩天            ,58000,193000,-135000,0,0,0,0,0,0,-1000,0,0,0,0,1000,-1000,-136000
059944,欣興永豐99購03  ,0,0,0,0,0,0,0,0,0,-137000,0,0,0,42000,179000,-137000,-137000
056378,欣興元富98購01  ,0,0,0,0,0,0,0,0,0,-137000,0,0,0,85000,222000,-137000,-137000
059814,SP黃豆凱基9A購02,0,0,0,0,0,0,0,0,0,-138000,0,0,0,60000,198000,-138000,-138000
07369P,台積電凱基99售20,0,0,0,0,0,0,0,0,0,-138000,0,0,0,0,138000,-138000,-138000
053297,鎧勝中信98購01  ,0,0,0,0,0,0,0,0,0,-138000,0,0,0,0,138000,-138000,-138000
054923,晶技凱基98購01  ,0,0,0,0,0,0,0,0,0,-138000,0,0,0,0,138000,-138000,-138000
07304P,臺股指元大9A售37,0,0,0,0,0,0,0,0,0,-139000,0,0,0,44000,183000,-139000,-139000
058494,可成群益9B購01  ,0,0,0,0,0,0,0,0,0,-139000,0,0,0,0,139000,-139000,-139000
058966,元油2X日盛99購03,0,0,0,0,0,0,0,0,0,-140000,0,0,0,0,140000,-140000,-140000
6558,興能高          ,0,110100,-110100,0,0,0,0,0,0,-30000,6000,36000,-30000,0,0,0,-140100
006208,富邦台50        ,5000,6000,-1000,0,0,0,0,0,0,-140000,0,0,0,769000,909000,-140000,-141000
059191,茂林富邦9B購01  ,0,0,0,0,0,0,0,0,0,-142000,0,0,0,15000,157000,-142000,-142000
2022,聚亨            ,22000,164000,-142000,0,0,0,0,0,0,0,0,0,0,0,0,0,-142000
057460,楠梓電永豐98購03,0,0,0,0,0,0,0,0,0,-142000,0,0,0,0,142000,-142000,-142000
057480,技嘉元大98購03  ,0,0,0,0,0,0,0,0,0,-142000,0,0,0,26000,168000,-142000,-142000
04380P,欣興元大94售02  ,0,0,0,0,0,0,0,0,0,-143000,0,0,0,10000,153000,-143000,-143000
2504,國產            ,836000,985000,-149000,0,0,0,0,0,0,6000,0,0,0,6000,0,6000,-143000
1712,興農            ,254000,349000,-95000,0,0,0,0,0,0,-49000,0,49000,-49000,0,0,0,-144000
05976P,國巨凱基96售14  ,0,0,0,0,0,0,0,0,0,-144000,0,0,0,20000,164000,-144000,-144000
052374,瑞昱元大95購02  ,0,0,0,0,0,0,0,0,0,-145000,0,0,0,58000,203000,-145000,-145000
053513,義隆群益96購05  ,0,0,0,0,0,0,0,0,0,-145000,0,0,0,0,145000,-145000,-145000
07257P,臺股指凱基99售37,0,0,0,0,0,0,0,0,0,-146000,0,0,0,82000,228000,-146000,-146000
050171,臺指反元大97購03,0,0,0,0,0,0,0,0,0,-146000,0,0,0,0,146000,-146000,-146000
2514,龍邦            ,53000,221000,-168000,0,0,0,0,0,0,22000,22000,0,22000,0,0,0,-146000
2406,國碩            ,237000,383821,-146821,0,0,0,0,0,0,0,0,0,0,0,0,0,-146821
056597,宏碁元富98購01  ,0,0,0,0,0,0,0,0,0,-147000,0,0,0,0,147000,-147000,-147000
2030,彰源            ,18000,165000,-147000,0,0,0,0,0,0,-1000,0,1000,-1000,0,0,0,-148000
055648,可成元富97購01  ,0,0,0,0,0,0,0,0,0,-148000,0,0,0,157000,305000,-148000,-148000
6288,聯嘉            ,562000,703000,-141000,0,0,0,0,0,0,-7000,1000,8000,-7000,0,0,0,-148000
057452,新日興元富98購01,0,0,0,0,0,0,0,0,0,-149000,0,0,0,3000,152000,-149000,-149000
056576,晶技元大99購02  ,0,0,0,0,0,0,0,0,0,-149000,0,0,0,0,149000,-149000,-149000
2536,宏普            ,38000,181000,-143000,0,0,0,0,0,0,-6000,0,6000,-6000,0,0,0,-149000
059568,台積電凱基9A購13,0,0,0,0,0,0,0,0,0,-150000,0,0,0,546000,696000,-150000,-150000
057201,華擎元富98購01  ,0,0,0,0,0,0,0,0,0,-150000,0,0,0,53000,203000,-150000,-150000
055592,奇力新元大97購07,0,0,0,0,0,0,0,0,0,-150000,0,0,0,0,150000,-150000,-150000
04382P,美律國泰95售01  ,0,0,0,0,0,0,0,0,0,-150000,0,0,0,0,150000,-150000,-150000
047212,宏達電富邦97購01,0,0,0,0,0,0,0,0,0,-150000,0,0,0,0,150000,-150000,-150000
2412,中華電          ,5848532,4978750,869782,0,0,0,7000,895000,-888000,-132000,1000,131000,-130000,0,2000,-2000,-150218
058375,群創凱基9B購04  ,0,0,0,0,0,0,0,0,0,-152000,0,0,0,0,152000,-152000,-152000
04383P,泰鼎國泰95售01  ,0,0,0,0,0,0,0,0,0,-152000,0,0,0,0,152000,-152000,-152000
055377,揚明光元大98購01,0,0,0,0,0,0,0,0,0,-152000,0,0,0,0,152000,-152000,-152000
056160,智易凱基97購03  ,0,0,0,0,0,0,0,0,0,-152000,0,0,0,40000,192000,-152000,-152000
059189,國泰金富邦9B購01,0,0,0,0,0,0,0,0,0,-153000,0,0,0,0,153000,-153000,-153000
2338,光罩            ,458000,609000,-151000,0,0,0,0,0,0,-2000,0,0,0,1000,3000,-2000,-153000
07293P,臺股指凱基99售45,0,0,0,0,0,0,0,0,0,-153000,0,0,0,282000,435000,-153000,-153000
03428B,臺股指凱基97熊18,0,0,0,0,0,0,0,0,0,-153000,0,0,0,28000,181000,-153000,-153000
9908,大台北          ,96000,38000,58000,0,0,0,0,0,0,-211000,0,211000,-211000,0,0,0,-153000
1313,聯成            ,218000,372000,-154000,0,0,0,0,0,0,0,0,0,0,0,0,0,-154000
058924,晶相光元富99購02,0,0,0,0,0,0,0,0,0,-154000,0,0,0,46000,200000,-154000,-154000
058728,SP黃豆永豐99購01,0,0,0,0,0,0,0,0,0,-154000,0,0,0,0,154000,-154000,-154000
07256P,臺股指凱基99售36,0,0,0,0,0,0,0,0,0,-155000,0,0,0,70000,225000,-155000,-155000
1536,和大            ,460000,340000,120000,0,0,0,0,170000,-170000,-105000,8000,76000,-68000,0,37000,-37000,-155000
1902,台紙            ,98000,254000,-156000,0,0,0,0,0,0,0,0,0,0,0,0,0,-156000
1717,長興            ,164000,259000,-95000,0,0,0,0,0,0,-61000,0,61000,-61000,0,0,0,-156000
057568,友訊永豐99購01  ,0,0,0,0,0,0,0,0,0,-156000,0,0,0,80000,236000,-156000,-156000
05565P,鎧勝元大96售01  ,0,0,0,0,0,0,0,0,0,-156000,0,0,0,8000,164000,-156000,-156000
6452,康友-KY         ,83000,227000,-144000,0,0,0,0,0,0,-12000,0,10000,-10000,0,2000,-2000,-156000
3406,玉晶光          ,1028000,1056000,-28000,0,0,0,129776,247000,-117224,-11000,61000,13000,48000,24000,83000,-59000,-156224
057375,欣興元大98購09  ,0,0,0,0,0,0,0,0,0,-157000,0,0,0,6000,163000,-157000,-157000
059683,康控富邦9C購01  ,0,0,0,0,0,0,0,0,0,-159000,0,0,0,32000,191000,-159000,-159000
054899,南港康和97購01  ,0,0,0,0,0,0,0,0,0,-160000,0,0,0,0,160000,-160000,-160000
053486,T50反1兆豐96購01,0,0,0,0,0,0,0,0,0,-160000,0,0,0,0,160000,-160000,-160000
052229,奇力新凱基96購01,0,0,0,0,0,0,0,0,0,-160000,0,0,0,0,160000,-160000,-160000
3703,欣陸            ,227000,383000,-156000,0,0,0,0,0,0,-4000,0,4000,-4000,0,0,0,-160000
6235,華孚            ,15000,171000,-156000,0,0,0,0,0,0,-4000,0,4000,-4000,0,0,0,-160000
8271,宇瞻            ,138000,299000,-161000,0,0,0,1041,0,1041,-2000,0,2000,-2000,0,0,0,-161959
06852P,臺股指元大98售11,0,0,0,0,0,0,0,0,0,-162000,0,0,0,63000,225000,-162000,-162000
07276P,臺股指群益99售19,0,0,0,0,0,0,0,0,0,-163000,0,0,0,133000,296000,-163000,-163000
6552,易華電          ,113000,277000,-164000,0,0,0,0,0,0,0,0,0,0,0,0,0,-164000
059878,聯茂凱基99購07  ,0,0,0,0,0,0,0,0,0,-165000,0,0,0,82000,247000,-165000,-165000
6206,飛捷            ,128000,290000,-162000,0,0,0,0,0,0,-3000,0,3000,-3000,0,0,0,-165000
2102,泰豐            ,152000,317000,-165000,0,0,0,0,0,0,-1000,0,1000,-1000,0,0,0,-166000
08818P,台灣50凱基01售18,0,0,0,0,0,0,0,0,0,-168000,0,0,0,0,168000,-168000,-168000
058547,世紀鋼富邦9A購01,0,0,0,0,0,0,0,0,0,-168000,0,0,0,5000,173000,-168000,-168000
059231,華通國票9A購04  ,0,0,0,0,0,0,0,0,0,-168000,0,0,0,40000,208000,-168000,-168000
059299,欣興元富99購03  ,0,0,0,0,0,0,0,0,0,-168000,0,0,0,96000,264000,-168000,-168000
059259,FBVIX中信03購06 ,0,0,0,0,0,0,0,0,0,-170000,0,0,0,278000,448000,-170000,-170000
054932,台肥元大97購01  ,0,0,0,0,0,0,0,0,0,-170000,0,0,0,0,170000,-170000,-170000
00639,富邦深100       ,404000,46000,358000,0,0,0,0,0,0,-528000,0,0,0,819000,1347000,-528000,-170000
058372,欣興凱基99購03  ,0,0,0,0,0,0,0,0,0,-171000,0,0,0,3000,174000,-171000,-171000
1325,恆大            ,143000,314000,-171000,0,0,0,0,0,0,0,0,0,0,0,0,0,-171000
1760,寶齡富錦        ,213000,356000,-143000,0,0,0,0,0,0,-28000,2000,30000,-28000,0,0,0,-171000
057626,技嘉富邦9A購01  ,0,0,0,0,0,0,0,0,0,-172000,0,0,0,408000,580000,-172000,-172000
3669,圓展            ,79000,251000,-172000,0,0,0,0,0,0,0,0,0,0,0,0,0,-172000
1229,聯華            ,0,173392,-173392,0,0,0,0,0,0,0,0,0,0,0,0,0,-173392
051684,瑞昱凱基95購02  ,0,0,0,0,0,0,0,0,0,-174000,0,0,0,49000,223000,-174000,-174000
2851,中再保          ,2000,176000,-174000,0,0,0,0,0,0,0,0,0,0,0,0,0,-174000
2206,三陽工業        ,7000,180000,-173000,0,0,0,0,0,0,-2000,0,2000,-2000,0,0,0,-175000
059029,旺宏兆豐99購01  ,0,0,0,0,0,0,0,0,0,-175000,0,0,0,5000,180000,-175000,-175000
051873,緯穎凱基95購02  ,0,0,0,0,0,0,0,0,0,-175000,0,0,0,59000,234000,-175000,-175000
058402,欣興元大99購04  ,0,0,0,0,0,0,0,0,0,-176000,0,0,0,2000,178000,-176000,-176000
059618,台積電日盛99購01,0,0,0,0,0,0,0,0,0,-176000,0,0,0,128000,304000,-176000,-176000
054253,宏達電元大97購03,0,0,0,0,0,0,0,0,0,-176000,0,0,0,76000,252000,-176000,-176000
059152,臺股指國票99購15,0,0,0,0,0,0,0,0,0,-177000,0,0,0,150000,327000,-177000,-177000
058672,可成群益9B購02  ,0,0,0,0,0,0,0,0,0,-178000,0,0,0,68000,246000,-178000,-178000
06657P,寶成元大98售01  ,0,0,0,0,0,0,0,0,0,-178000,0,0,0,2000,180000,-178000,-178000
053627,宏碁兆豐97購01  ,0,0,0,0,0,0,0,0,0,-178000,0,0,0,0,178000,-178000,-178000
8215,明基材          ,238000,416000,-178000,0,0,0,0,0,0,0,0,0,0,0,0,0,-178000
07128P,大毅元大99售04  ,0,0,0,0,0,0,0,0,0,-179000,0,0,0,103000,282000,-179000,-179000
1514,亞力            ,198000,378000,-180000,0,0,0,0,0,0,0,0,0,0,0,0,0,-180000
056605,台積電富邦9B購02,0,0,0,0,0,0,0,0,0,-180000,0,0,0,0,180000,-180000,-180000
059513,揚明光永豐99購01,0,0,0,0,0,0,0,0,0,-180000,0,0,0,71000,251000,-180000,-180000
058920,SGBR2X元富99購06,0,10000,-10000,0,0,0,0,0,0,-170000,0,0,0,752000,922000,-170000,-180000
044864,道瓊反國票96購01,0,0,0,0,0,0,0,0,0,-180000,0,0,0,0,180000,-180000,-180000
07235P,T50正2元大9C售02,0,0,0,0,0,0,0,0,0,-182000,0,0,0,9000,191000,-182000,-182000
057268,臻鼎兆豐99購01  ,0,0,0,0,0,0,0,0,0,-182000,0,0,0,28000,210000,-182000,-182000
2929,淘帝-KY         ,85000,267000,-182000,0,0,0,0,0,0,0,0,0,0,0,0,0,-182000
2881A,富邦特          ,23000,0,23000,0,0,0,0,0,0,-206000,0,206000,-206000,0,0,0,-183000
056454,欣興凱基98購02  ,0,0,0,0,0,0,0,0,0,-184000,0,0,0,0,184000,-184000,-184000
054164,強茂凱基98購01  ,0,0,0,0,0,0,0,0,0,-184000,0,0,0,0,184000,-184000,-184000
3031,佰鴻            ,12000,193000,-181000,0,0,0,0,0,0,-3000,0,3000,-3000,0,0,0,-184000
058021,牧德凱基98購02  ,0,0,0,0,0,0,0,0,0,-185000,0,0,0,15000,200000,-185000,-185000
055856,新唐元大97購03  ,0,0,0,0,0,0,0,0,0,-185000,0,0,0,0,185000,-185000,-185000
050227,大立光中信96購01,0,0,0,0,0,0,0,0,0,-186000,0,0,0,415000,601000,-186000,-186000
057169,微星元大98購01  ,0,0,0,0,0,0,0,0,0,-188000,0,0,0,2000,190000,-188000,-188000
059371,聯鈞元富99購02  ,0,0,0,0,0,0,0,0,0,-189000,0,0,0,322000,511000,-189000,-189000
2034,允強            ,17000,206000,-189000,0,0,0,0,0,0,0,0,0,0,0,0,0,-189000
1455,集盛            ,93000,283000,-190000,0,0,0,0,0,0,0,0,0,0,0,0,0,-190000
059468,智邦元大99購02  ,0,0,0,0,0,0,0,0,0,-190000,0,0,0,231000,421000,-190000,-190000
059809,貿聯元富99購01  ,0,0,0,0,0,0,0,0,0,-192000,0,0,0,60000,252000,-192000,-192000
07172P,臺股指國票99售09,0,0,0,0,0,0,0,0,0,-193000,0,0,0,41000,234000,-193000,-193000
057057,立積元大9A購01  ,0,0,0,0,0,0,0,0,0,-195000,0,0,0,5000,200000,-195000,-195000
054463,瑞昱凱基97購01  ,0,0,0,0,0,0,0,0,0,-198000,0,0,0,0,198000,-198000,-198000
07233P,台灣50元大99售04,0,0,0,0,0,0,0,0,0,-199000,0,0,0,238000,437000,-199000,-199000
03436B,臺股指元富99熊13,0,0,0,0,0,0,0,0,0,-199000,0,0,0,1000,200000,-199000,-199000
055691,訊芯凱基97購02  ,0,0,0,0,0,0,0,0,0,-199000,0,0,0,0,199000,-199000,-199000
057946,晶相光國票99購01,0,0,0,0,0,0,0,0,0,-200000,0,0,0,0,200000,-200000,-200000
057540,緯穎日盛99購01  ,0,0,0,0,0,0,0,0,0,-200000,0,0,0,0,200000,-200000,-200000
060021,立積康和99購01  ,0,0,0,0,0,0,0,0,0,-200000,0,0,0,0,200000,-200000,-200000
060030,晶相光永豐99購03,0,0,0,0,0,0,0,0,0,-200000,0,0,0,0,200000,-200000,-200000
05686P,臺股指元大96售11,0,0,0,0,0,0,0,0,0,-200000,0,0,0,0,200000,-200000,-200000
059016,晶相光元富99購03,0,0,0,0,0,0,0,0,0,-200000,0,0,0,0,200000,-200000,-200000
053924,京鼎國票97購01  ,0,0,0,0,0,0,0,0,0,-200000,0,0,0,0,200000,-200000,-200000
052943,奇力新國票96購02,0,0,0,0,0,0,0,0,0,-200000,0,0,0,0,200000,-200000,-200000
00652,富邦印度        ,0,0,0,0,0,0,0,0,0,-200000,0,0,0,17000,217000,-200000,-200000
050515,聯電元大96購01  ,0,0,0,0,0,0,0,0,0,-200000,0,0,0,0,200000,-200000,-200000
050019,T50反1元大94購04,0,0,0,0,0,0,0,0,0,-200000,0,0,0,0,200000,-200000,-200000
052282,宏達電凱基95購05,0,0,0,0,0,0,0,0,0,-201000,0,0,0,62000,263000,-201000,-201000
059348,日月光凱基99購01,0,0,0,0,0,0,0,0,0,-202000,0,0,0,0,202000,-202000,-202000
059834,友達國泰9B購01  ,0,0,0,0,0,0,0,0,0,-202000,0,0,0,5000,207000,-202000,-202000
3016,嘉晶            ,775000,1058000,-283000,0,0,0,1118,0,1118,79000,106000,0,106000,1000,28000,-27000,-202882
058456,京鼎永豐99購01  ,0,0,0,0,0,0,0,0,0,-203000,0,0,0,280000,483000,-203000,-203000
056757,T50反1元大98購07,0,0,0,0,0,0,0,0,0,-203000,0,0,0,32000,235000,-203000,-203000
1723,中碳            ,66000,266000,-200000,0,0,0,0,0,0,-3000,4000,7000,-3000,0,0,0,-203000
055133,致新康和97購01  ,0,0,0,0,0,0,0,0,0,-203000,0,0,0,5000,208000,-203000,-203000
07351P,鴻海國票99售08  ,0,0,0,0,0,0,0,0,0,-206000,0,0,0,0,206000,-206000,-206000
05264P,微星元大95售02  ,0,0,0,0,0,0,0,0,0,-206000,0,0,0,309000,515000,-206000,-206000
3443,創意            ,159000,360000,-201000,0,0,0,0,0,0,-5000,2000,5000,-3000,1000,3000,-2000,-206000
057562,奇鋐兆豐98購01  ,0,0,0,0,0,0,0,0,0,-208000,0,0,0,82000,290000,-208000,-208000
3026,禾伸堂          ,193000,391000,-198000,0,0,0,0,0,0,-10000,0,4000,-4000,3000,9000,-6000,-208000
4906,正文            ,493000,712000,-219000,0,0,0,0,0,0,11000,9000,0,9000,31000,29000,2000,-208000
058864,欣興凱基99購04  ,0,0,0,0,0,0,0,0,0,-209000,0,0,0,6000,215000,-209000,-209000
056119,欣興群益97購02  ,0,0,0,0,0,0,0,0,0,-209000,0,0,0,0,209000,-209000,-209000
2392,正崴            ,413000,645000,-232000,0,0,0,0,0,0,22000,19000,34000,-15000,37000,0,37000,-210000
059815,SP黃豆凱基9A購03,0,0,0,0,0,0,0,0,0,-210000,0,0,0,70000,280000,-210000,-210000
060034,立積永豐99購04  ,0,0,0,0,0,0,0,0,0,-210000,0,0,0,0,210000,-210000,-210000
059425,SGBR2X元大9A購02,0,0,0,0,0,0,0,0,0,-210000,0,0,0,0,210000,-210000,-210000
059553,台灣50凱基99購05,0,0,0,0,0,0,0,0,0,-210000,0,0,0,12000,222000,-210000,-210000
5203,訊連            ,58000,303000,-245000,0,0,0,0,0,0,35000,35000,0,35000,0,0,0,-210000
6153,嘉聯益          ,1010000,1127000,-117000,0,0,0,0,0,0,-93000,10000,107000,-97000,5000,1000,4000,-210000
6531,愛普            ,162000,373000,-211000,0,0,0,48,0,48,0,0,0,0,0,0,0,-210952
059906,臺指反元大9C購04,0,0,0,0,0,0,0,0,0,-212000,0,0,0,0,212000,-212000,-212000
2417,圓剛            ,232000,447000,-215000,0,0,0,0,0,0,0,0,0,0,0,0,0,-215000
07317P,T50正2凱基9B售02,0,0,0,0,0,0,0,0,0,-215000,0,0,0,52000,267000,-215000,-215000
057815,信邦元大98購01  ,0,0,0,0,0,0,0,0,0,-215000,0,0,0,68000,283000,-215000,-215000
3530,晶相光          ,148000,376000,-228000,0,0,0,656,0,656,12000,4000,0,4000,8000,0,8000,-215344
05591P,義隆群益96售03  ,0,0,0,0,0,0,0,0,0,-216000,0,0,0,20000,236000,-216000,-216000
05194P,玉晶光康和95售01,0,0,0,0,0,0,0,0,0,-216000,0,0,0,15000,231000,-216000,-216000
055433,嘉聯益群益99購01,0,0,0,0,0,0,0,0,0,-218000,0,0,0,0,218000,-218000,-218000
6443,元晶            ,23000,241000,-218000,0,0,0,0,0,0,0,0,0,0,0,0,0,-218000
057841,茂林富邦9A購02  ,0,0,0,0,0,0,0,0,0,-220000,0,0,0,210000,430000,-220000,-220000
057691,健策凱基99購01  ,0,0,0,0,0,0,0,0,0,-220000,0,0,0,0,220000,-220000,-220000
055120,南港兆豐97購01  ,0,0,0,0,0,0,0,0,0,-220000,0,0,0,0,220000,-220000,-220000
053584,友達元大9B購02  ,0,0,0,0,0,0,0,0,0,-222000,0,0,0,100000,322000,-222000,-222000
058733,同欣電永豐99購02,0,0,0,0,0,0,0,0,0,-222000,0,0,0,0,222000,-222000,-222000
05528P,臺股指群益96售01,0,0,0,0,0,0,0,0,0,-223000,0,0,0,119000,342000,-223000,-223000
1722,台肥            ,671000,888000,-217000,0,0,0,0,0,0,-7000,0,4000,-4000,0,3000,-3000,-224000
059845,欣興富邦9A購02  ,0,0,0,0,0,0,0,0,0,-225000,0,0,0,231000,456000,-225000,-225000
057096,緯穎元富98購01  ,0,0,0,0,0,0,0,0,0,-225000,0,0,0,0,225000,-225000,-225000
4977,眾達-KY         ,232000,390000,-158000,0,0,0,0,0,0,-68000,0,67000,-67000,0,1000,-1000,-226000
055562,欣興凱基97購06  ,0,0,0,0,0,0,0,0,0,-227000,0,0,0,7000,234000,-227000,-227000
07162P,臺股指群益99售13,0,0,0,0,0,0,0,0,0,-228000,0,0,0,20000,248000,-228000,-228000
047673,瑞昱元富96購01  ,0,0,0,0,0,0,0,0,0,-230000,0,0,0,10000,240000,-230000,-230000
6141,柏承            ,71000,303000,-232000,0,0,0,0,0,0,2000,2000,0,2000,0,0,0,-230000
3698,隆達            ,67000,201000,-134000,0,0,0,0,0,0,-96000,9000,111000,-102000,6000,0,6000,-230000
07316P,長榮航康和99售01,0,0,0,0,0,0,0,0,0,-231000,0,0,0,11000,242000,-231000,-231000
056325,群創兆豐9A購01  ,0,0,0,0,0,0,0,0,0,-231000,0,0,0,0,231000,-231000,-231000
060031,旭富永豐99購02  ,0,0,0,0,0,0,0,0,0,-233000,0,0,0,0,233000,-233000,-233000
059255,臺股指凱基99購33,0,0,0,0,0,0,0,0,0,-233000,0,0,0,827000,1060000,-233000,-233000
8039,台虹            ,195000,408000,-213000,0,0,0,0,37000,-37000,17000,31000,13000,18000,0,1000,-1000,-233000
07310P,大立光凱基99售12,0,0,0,0,0,0,0,0,0,-234000,0,0,0,14000,248000,-234000,-234000
07242P,台灣50凱基9A售03,0,0,0,0,0,0,0,0,0,-235000,0,0,0,11000,246000,-235000,-235000
057074,立積永豐98購01  ,0,0,0,0,0,0,0,0,0,-235000,0,0,0,110000,345000,-235000,-235000
06836P,玉晶光國票99售06,0,0,0,0,0,0,0,0,0,-237000,0,0,0,0,237000,-237000,-237000
3515,華擎            ,507000,848000,-341000,0,0,0,0,0,0,104000,107000,13000,94000,57000,47000,10000,-237000
2535,達欣工          ,50000,287000,-237000,0,0,0,0,0,0,-1000,0,1000,-1000,0,0,0,-238000
057964,緯穎元大99購03  ,0,0,0,0,0,0,0,0,0,-239000,0,0,0,31000,270000,-239000,-239000
053062,緯穎富邦97購01  ,0,0,0,0,0,0,0,0,0,-241000,0,0,0,10000,251000,-241000,-241000
04840P,大立光元大94售18,0,0,0,0,0,0,0,0,0,-241000,0,0,0,8000,249000,-241000,-241000
056895,技嘉元大98購01  ,0,0,0,0,0,0,0,0,0,-242000,0,0,0,32000,274000,-242000,-242000
2607,榮運            ,11000,254000,-243000,0,0,0,0,0,0,0,0,0,0,0,0,0,-243000
00686R,群益臺灣加權反1 ,0,0,0,0,0,0,0,0,0,-248000,0,0,0,237000,485000,-248000,-248000
04604P,華新科國票95售01,0,0,0,0,0,0,0,0,0,-248000,0,0,0,10000,258000,-248000,-248000
054072,台積電富邦98購02,0,0,0,0,0,0,0,0,0,-248000,0,0,0,642000,890000,-248000,-248000
055733,奇力新元富97購01,0,0,0,0,0,0,0,0,0,-250000,0,0,0,0,250000,-250000,-250000
9946,三發地產        ,12000,262000,-250000,0,0,0,0,0,0,0,0,0,0,0,0,0,-250000
3661,世芯-KY         ,429000,868000,-439000,0,0,0,210000,71000,139000,49000,50000,0,50000,3000,4000,-1000,-251000
2369,菱生            ,212000,458000,-246000,0,0,0,0,0,0,-7000,0,7000,-7000,0,0,0,-253000
3035,智原            ,249000,493000,-244000,0,0,0,0,1000,-1000,-8000,3000,11000,-8000,0,0,0,-253000
03440B,臺股指元大9B熊02,10000,0,10000,0,0,0,0,0,0,-264000,0,0,0,16000,280000,-264000,-254000
2107,厚生            ,65670,340000,-274330,0,0,0,0,0,0,20000,20000,0,20000,0,0,0,-254330
057564,台積電富邦9B購03,0,0,0,0,0,0,0,0,0,-255000,0,0,0,655000,910000,-255000,-255000
057367,技嘉元大98購02  ,0,0,0,0,0,0,0,0,0,-255000,0,0,0,176000,431000,-255000,-255000
058992,上証反元大99購02,0,0,0,0,0,0,0,0,0,-255000,0,0,0,0,255000,-255000,-255000
052180,緯穎元大96購05  ,0,0,0,0,0,0,0,0,0,-258000,0,0,0,11000,269000,-258000,-258000
9105,泰金寶-DR       ,34000,292000,-258000,0,0,0,0,0,0,0,0,0,0,0,0,0,-258000
2027,大成鋼          ,1998000,2260000,-262000,0,0,0,12357,0,12357,-9000,2000,5000,-3000,0,6000,-6000,-258643
3044,健鼎            ,1018000,1456958,-438958,0,0,0,198000,0,198000,-19000,2000,21000,-19000,0,0,0,-259958
1582,信錦            ,40000,296000,-256000,0,0,0,0,0,0,-4000,0,4000,-4000,0,0,0,-260000
054533,泰碩國泰98購01  ,0,0,0,0,0,0,0,0,0,-260000,0,0,0,274000,534000,-260000,-260000
6451,訊芯-KY         ,182000,446000,-264000,0,0,0,483,0,483,2000,4000,3000,1000,4000,3000,1000,-261517
049064,T50反1凱基96購03,0,0,0,0,0,0,0,0,0,-262000,0,0,0,17000,279000,-262000,-262000
4426,利勤            ,76000,338000,-262000,0,0,0,0,0,0,0,0,0,0,0,0,0,-262000
4904,遠傳            ,3309000,3507935,-198935,0,0,0,0,4000,-4000,-60000,1000,60000,-59000,0,1000,-1000,-262935
059501,可成元富99購01  ,0,0,0,0,0,0,0,0,0,-263000,0,0,0,10000,273000,-263000,-263000
2515,中工            ,909000,1187000,-278000,0,0,0,0,0,0,14000,16000,2000,14000,0,0,0,-264000
2547,日勝生          ,80000,346000,-266000,0,0,0,0,0,0,0,0,0,0,0,0,0,-266000
2316,楠梓電          ,165000,422000,-257000,0,0,0,0,0,0,-10000,0,5000,-5000,0,5000,-5000,-267000
059945,嘉澤永豐99購03  ,0,0,0,0,0,0,0,0,0,-268000,0,0,0,155000,423000,-268000,-268000
07311P,台灣50元大99售09,0,0,0,0,0,0,0,0,0,-269000,0,0,0,0,269000,-269000,-269000
059524,FBVIX凱基9A購02 ,0,0,0,0,0,0,0,0,0,-271000,0,0,0,175000,446000,-271000,-271000
059581,日月光元富99購02,0,0,0,0,0,0,0,0,0,-275000,0,0,0,190000,465000,-275000,-275000
055479,GIS凱基97購04   ,0,0,0,0,0,0,0,0,0,-277000,0,0,0,0,277000,-277000,-277000
059740,瑞昱元富99購02  ,0,0,0,0,0,0,0,0,0,-280000,0,0,0,41000,321000,-280000,-280000
059424,SGBR2X元大9A購01,0,0,0,0,0,0,0,0,0,-280000,0,0,0,0,280000,-280000,-280000
050663,麗豐元大96購03  ,0,0,0,0,0,0,0,0,0,-280000,0,0,0,0,280000,-280000,-280000
6196,帆宣            ,114000,394000,-280000,0,0,0,0,0,0,0,0,0,0,0,0,0,-280000
058249,緯穎元大99購04  ,0,0,0,0,0,0,0,0,0,-281000,0,0,0,17000,298000,-281000,-281000
2605,新興            ,131000,409000,-278000,0,0,0,0,0,0,-3000,0,3000,-3000,0,0,0,-281000
059170,康控凱基9B購01  ,0,0,0,0,0,0,0,0,0,-285000,0,0,0,0,285000,-285000,-285000
2355,敬鵬            ,375000,644000,-269000,0,0,0,0,0,0,-17000,0,17000,-17000,0,0,0,-286000
2903,遠百            ,296000,430000,-134000,0,0,0,0,0,0,-153000,0,153000,-153000,0,0,0,-287000
07291P,臺股指凱基99售43,0,0,0,0,0,0,0,0,0,-288000,0,0,0,81000,369000,-288000,-288000
06123P,玉晶光元大97售04,0,0,0,0,0,0,0,0,0,-288000,0,0,0,15000,303000,-288000,-288000
058962,元油2X兆豐9A購02,0,0,0,0,0,0,0,0,0,-290000,0,0,0,0,290000,-290000,-290000
03840P,台積電統一99售02,0,0,0,0,0,0,0,0,0,-290000,0,0,0,0,290000,-290000,-290000
2106,建大            ,61000,320000,-259000,0,0,0,0,0,0,-36000,0,36000,-36000,0,0,0,-295000
052076,可成元富98購01  ,0,0,0,0,0,0,0,0,0,-296000,0,0,0,20000,316000,-296000,-296000
3653,健策            ,241000,868000,-627000,0,0,0,358000,0,358000,-27000,0,18000,-18000,22000,31000,-9000,-296000
07315P,台積電台新99售06,0,0,0,0,0,0,0,0,0,-297000,0,0,0,995000,1292000,-297000,-297000
052885,高鐵兆豐98購01  ,0,0,0,0,0,0,0,0,0,-297000,0,0,0,80000,377000,-297000,-297000
1409,新纖            ,149000,398000,-249000,0,0,0,0,0,0,-50000,0,50000,-50000,0,0,0,-299000
055736,宏達電元富99購01,0,0,0,0,0,0,0,0,0,-299000,0,0,0,0,299000,-299000,-299000
048588,世紀鋼中信94購01,0,0,0,0,0,0,0,0,0,-300000,0,0,0,0,300000,-300000,-300000
07246P,旺宏凱基99售08  ,0,0,0,0,0,0,0,0,0,-301000,0,0,0,5000,306000,-301000,-301000
059728,聯鈞元大99購01  ,0,0,0,0,0,0,0,0,0,-302000,0,0,0,155000,457000,-302000,-302000
052188,欣興群益95購03  ,0,0,0,0,0,0,0,0,0,-302000,0,0,0,200000,502000,-302000,-302000
058839,瑞儀中信99購02  ,0,0,0,0,0,0,0,0,0,-303000,0,0,0,45000,348000,-303000,-303000
3533,嘉澤            ,512000,808000,-296000,0,0,0,322949,329000,-6051,-2000,62000,63000,-1000,2000,3000,-1000,-304051
050892,聯電元大96購02  ,0,0,0,0,0,0,0,0,0,-305000,0,0,0,10000,315000,-305000,-305000
07362P,聯發科元大99售35,0,0,0,0,0,0,0,0,0,-307000,0,0,0,131000,438000,-307000,-307000
07325P,台積電元大99售41,0,0,0,0,0,0,0,0,0,-310000,0,0,0,7000,317000,-310000,-310000
05574P,英業達元富96售01,0,0,0,0,0,0,0,0,0,-312000,0,0,0,0,312000,-312000,-312000
2349,錸德            ,81000,391000,-310000,0,0,0,0,3000,-3000,0,0,0,0,0,0,0,-313000
2006,東和鋼鐵        ,202000,410000,-208000,0,0,0,0,0,0,-105000,0,105000,-105000,0,0,0,-313000
3014,聯陽            ,144000,458000,-314000,0,0,0,1785,0,1785,-1000,0,3000,-3000,2000,0,2000,-313215
07354P,臺股指國票99售22,0,0,0,0,0,0,0,0,0,-314000,0,0,0,0,314000,-314000,-314000
4142,國光生          ,639000,953000,-314000,0,0,0,0,0,0,0,0,0,0,0,0,0,-314000
07255P,國巨凱基99售15  ,0,0,0,0,0,0,0,0,0,-315000,0,0,0,26000,341000,-315000,-315000
056175,可成元富97購03  ,0,0,0,0,0,0,0,0,0,-315000,0,0,0,16000,331000,-315000,-315000
07265P,大立光元大99售16,0,0,0,0,0,0,0,0,0,-317000,0,0,0,20000,337000,-317000,-317000
2897,王道銀行        ,302000,498000,-196000,0,0,0,0,0,0,-122000,0,122000,-122000,0,0,0,-318000
07166P,台灣50兆豐03售01,0,0,0,0,0,0,0,0,0,-320000,0,0,0,0,320000,-320000,-320000
08865P,欣興元大01售02  ,0,0,0,0,0,0,0,0,0,-320000,0,0,0,0,320000,-320000,-320000
056818,正崴永豐98購01  ,0,0,0,0,0,0,0,0,0,-321000,0,0,0,4000,325000,-321000,-321000
1319,東陽            ,375218,1054000,-678782,0,0,0,389000,0,389000,-33000,2000,35000,-33000,0,0,0,-322782
057481,技嘉元大98購04  ,0,0,0,0,0,0,0,0,0,-323000,0,0,0,19000,342000,-323000,-323000
056643,奇力新凱基99購01,0,0,0,0,0,0,0,0,0,-324000,0,0,0,36000,360000,-324000,-324000
053073,技嘉康和96購01  ,0,0,0,0,0,0,0,0,0,-324000,0,0,0,266000,590000,-324000,-324000
052544,牧德元富95購01  ,0,0,0,0,0,0,0,0,0,-325000,0,0,0,100000,425000,-325000,-325000
03435B,臺股指凱基99熊29,0,0,0,0,0,0,0,0,0,-326000,0,0,0,31000,357000,-326000,-326000
3034,聯詠            ,2598000,3001656,-403656,0,0,0,263000,75000,188000,-114000,2000,111000,-109000,8000,13000,-5000,-329656
059460,GIS永豐99購02   ,0,0,0,0,0,0,0,0,0,-330000,0,0,0,43000,373000,-330000,-330000
3056,總太            ,194000,533000,-339000,0,0,0,2079,0,2079,-1000,0,1000,-1000,0,0,0,-337921
059128,友達中信99購02  ,0,0,0,0,0,0,0,0,0,-340000,0,0,0,723000,1063000,-340000,-340000
2108,南帝            ,53000,395766,-342766,0,0,0,0,0,0,0,0,0,0,0,0,0,-342766
059009,世紀鋼元大99購04,0,0,0,0,0,0,0,0,0,-349000,0,0,0,11000,360000,-349000,-349000
3376,新日興          ,816000,1039000,-223000,0,0,0,112000,200000,-88000,-38000,88000,102000,-14000,1000,25000,-24000,-349000
059150,臺股指國票99購13,0,0,0,0,0,0,0,0,0,-350000,0,0,0,50000,400000,-350000,-350000
2614,東森            ,105000,456000,-351000,0,0,0,0,0,0,0,0,0,0,0,0,0,-351000
052886,世紀鋼兆豐96購01,0,0,0,0,0,0,0,0,0,-352000,0,0,0,16000,368000,-352000,-352000
2615,萬海            ,625000,924000,-299000,0,0,0,0,0,0,-53000,0,53000,-53000,0,0,0,-352000
2537,聯上發          ,140000,491000,-351000,0,0,0,0,0,0,-1000,0,1000,-1000,0,0,0,-352000
058470,台灣50日盛9B購02,0,0,0,0,0,0,0,0,0,-357000,0,0,0,153000,510000,-357000,-357000
07309P,聯發科凱基99售18,0,0,0,0,0,0,0,0,0,-358000,0,0,0,35000,393000,-358000,-358000
6412,群電            ,42000,737000,-695000,0,0,0,333000,0,333000,0,0,0,0,0,0,0,-362000
06780P,義隆元大98售02  ,0,0,0,0,0,0,0,0,0,-364000,0,0,0,82000,446000,-364000,-364000
054343,世紀鋼元富96購02,0,0,0,0,0,0,0,0,0,-364000,0,0,0,68000,432000,-364000,-364000
9921,巨大            ,590000,960726,-370726,0,0,0,0,0,0,4000,4000,0,4000,0,0,0,-366726
052775,滬深2X國票99購02,0,0,0,0,0,0,0,0,0,-368000,0,0,0,100000,468000,-368000,-368000
06766P,玉晶光元大99售10,0,0,0,0,0,0,0,0,0,-372000,0,0,0,89000,461000,-372000,-372000
058134,信邦元大99購01  ,0,0,0,0,0,0,0,0,0,-373000,0,0,0,0,373000,-373000,-373000
059375,道瓊反群益9C購02,0,0,0,0,0,0,0,0,0,-379000,0,0,0,32000,411000,-379000,-379000
1304,台聚            ,128674,506000,-377326,0,0,0,0,0,0,-2000,0,2000,-2000,0,0,0,-379326
2492,華新科          ,1817000,2101692,-284692,0,0,0,0,0,0,-98000,14000,40000,-26000,33000,105000,-72000,-382692
054546,玉晶光中信9B購01,0,0,0,0,0,0,0,0,0,-383000,0,0,0,0,383000,-383000,-383000
2354,鴻準            ,2278000,2585492,-307492,0,0,0,0,0,0,-77000,3000,80000,-77000,0,0,0,-384492
6416,瑞祺電通        ,149000,520000,-371000,0,0,0,0,0,0,-17000,51000,68000,-17000,0,0,0,-388000
053672,嘉澤元富96購02  ,0,0,0,0,0,0,0,0,0,-389000,0,0,0,0,389000,-389000,-389000
059924,世紀鋼元大99購06,0,0,0,0,0,0,0,0,0,-394000,0,0,0,0,394000,-394000,-394000
3673,TPK-KY          ,980000,1256000,-276000,0,0,0,0,0,0,-120000,4000,123000,-119000,0,1000,-1000,-396000
2393,億光            ,826000,1205000,-379000,0,0,0,0,0,0,-19000,0,21000,-21000,2000,0,2000,-398000
057587,微星國票99購01  ,0,0,0,0,0,0,0,0,0,-398000,0,0,0,38000,436000,-398000,-398000
057856,聯鈞國票99購03  ,0,0,0,0,0,0,0,0,0,-399000,0,0,0,95000,494000,-399000,-399000
07312P,台灣50元大99售10,0,0,0,0,0,0,0,0,0,-399000,0,0,0,22000,421000,-399000,-399000
2204,中華            ,172000,558000,-386000,0,0,0,0,0,0,-16000,0,16000,-16000,0,0,0,-402000
2458,義隆            ,999000,1279000,-280000,0,0,0,358000,450000,-92000,-32000,27000,39000,-12000,18000,38000,-20000,-404000
00633L,富邦上証正2     ,2254000,525000,1729000,0,0,0,0,0,0,-2134000,71000,0,71000,3961000,6166000,-2205000,-405000
1522,堤維西          ,32000,440000,-408000,0,0,0,0,0,0,0,0,0,0,0,0,0,-408000
047194,世紀鋼元大96購01,0,0,0,0,0,0,0,0,0,-409000,0,0,0,20000,429000,-409000,-409000
052020,聯茂永豐95購02  ,0,0,0,0,0,0,0,0,0,-410000,0,0,0,54000,464000,-410000,-410000
2371,大同            ,3132089,3466505,-334416,0,0,0,0,0,0,-78000,0,78000,-78000,0,0,0,-412416
6282,康舒            ,146000,538000,-392000,0,0,0,0,0,0,-23000,6000,31000,-25000,2000,0,2000,-415000
048350,世紀鋼元大95購01,0,0,0,0,0,0,0,0,0,-416000,0,0,0,100000,516000,-416000,-416000
057835,華擎元富9B購01  ,0,8000,-8000,0,0,0,0,0,0,-410000,0,0,0,588000,998000,-410000,-418000
4943,康控-KY         ,424000,854000,-430000,0,0,0,0,0,0,9000,12000,6000,6000,11000,8000,3000,-421000
2312,金寶            ,721000,1137000,-416000,0,0,0,0,0,0,-6000,0,0,0,0,6000,-6000,-422000
07370P,南亞科凱基99售08,0,0,0,0,0,0,0,0,0,-426000,0,0,0,0,426000,-426000,-426000
058143,瑞儀元大99購02  ,0,0,0,0,0,0,0,0,0,-427000,0,0,0,20000,447000,-427000,-427000
05170P,世芯元大95售01  ,0,0,0,0,0,0,0,0,0,-428000,0,0,0,0,428000,-428000,-428000
059645,祥碩凱基99購05  ,0,0,0,0,0,0,0,0,0,-430000,0,0,0,1390000,1820000,-430000,-430000
057820,華擎元大98購02  ,0,0,0,0,0,0,0,0,0,-431000,0,0,0,237000,668000,-431000,-431000
05359P,嘉澤元大95售02  ,0,0,0,0,0,0,0,0,0,-433000,0,0,0,2000,435000,-433000,-433000
8996,高力            ,643000,1400000,-757000,0,0,0,298048,0,298048,25000,25000,0,25000,0,0,0,-433952
057471,昇陽半永豐98購02,0,0,0,0,0,0,0,0,0,-440000,0,0,0,0,440000,-440000,-440000
07330P,台灣50群益9A售08,0,0,0,0,0,0,0,0,0,-441000,0,0,0,0,441000,-441000,-441000
059391,立積凱基9A購01  ,0,0,0,0,0,0,0,0,0,-443000,0,0,0,50000,493000,-443000,-443000
00712,FH富時不動產    ,0,192000,-192000,0,0,0,0,0,0,-251000,0,0,0,21000,272000,-251000,-443000
6116,彩晶            ,2689000,3031000,-342000,0,0,0,0,0,0,-102000,15000,108000,-93000,0,9000,-9000,-444000
05600P,玉晶光台新96售04,0,0,0,0,0,0,0,0,0,-446000,0,0,0,10000,456000,-446000,-446000
2498,宏達電          ,1400000,1867000,-467000,0,0,0,0,0,0,21000,106000,126000,-20000,49000,8000,41000,-446000
6005,群益證          ,664000,1140000,-476000,0,0,0,28673,0,28673,0,0,0,0,0,0,0,-447327
9802,鈺齊-KY         ,184000,777000,-593000,0,0,0,145000,0,145000,-1000,0,4000,-4000,9000,6000,3000,-449000
07165P,臺股指群益99售16,0,0,0,0,0,0,0,0,0,-450000,0,0,0,0,450000,-450000,-450000
2308,台達電          ,3754232,4155372,-401140,0,0,0,0,0,0,-51000,9000,65000,-56000,5000,0,5000,-452140
054989,精元元富97購01  ,0,0,0,0,0,0,0,0,0,-454000,0,0,0,0,454000,-454000,-454000
1710,東聯            ,289000,544000,-255000,0,0,0,0,0,0,-206000,0,206000,-206000,0,0,0,-461000
1515,力山            ,157000,601000,-444000,0,0,0,0,0,0,-18000,1000,40000,-39000,21000,0,21000,-462000
058231,技嘉元大99購02  ,0,0,0,0,0,0,0,0,0,-462000,0,0,0,447000,909000,-462000,-462000
06617P,智邦元大98售03  ,0,0,0,0,0,0,0,0,0,-463000,0,0,0,140000,603000,-463000,-463000
2838,聯邦銀          ,76000,396000,-320000,0,0,0,0,0,0,-144000,2000,146000,-144000,0,0,0,-464000
051277,聯發科中信9A購01,0,0,0,0,0,0,0,0,0,-468000,0,0,0,0,468000,-468000,-468000
2634,漢翔            ,158000,610000,-452000,0,0,0,0,0,0,-17000,0,17000,-17000,0,0,0,-469000
051346,仁寶元大95購01  ,0,0,0,0,0,0,0,0,0,-471000,0,0,0,347000,818000,-471000,-471000
07318P,鴻海凱基01售02  ,0,0,0,0,0,0,0,0,0,-472000,0,0,0,0,472000,-472000,-472000
054235,欣興群益96購06  ,0,0,0,0,0,0,0,0,0,-473000,0,0,0,6000,479000,-473000,-473000
059730,晶相光元大9C購02,0,0,0,0,0,0,0,0,0,-474000,0,0,0,30000,504000,-474000,-474000
3005,神基            ,918000,1391000,-473000,0,0,0,9000,0,9000,-16000,0,17000,-17000,2000,1000,1000,-480000
00692,富邦公司治理    ,7000,11000,-4000,0,0,0,0,0,0,-478000,0,0,0,2402000,2880000,-478000,-482000
5469,瀚宇博          ,501000,984000,-483000,0,0,0,0,0,0,1000,0,0,0,16000,15000,1000,-482000
059485,台灣50兆豐99購02,0,0,0,0,0,0,0,0,0,-487000,0,0,0,289000,776000,-487000,-487000
059706,嘉晶凱基99購01  ,0,0,0,0,0,0,0,0,0,-489000,0,0,0,147000,636000,-489000,-489000
057611,技嘉元富98購02  ,0,0,0,0,0,0,0,0,0,-495000,0,0,0,0,495000,-495000,-495000
6024,群益期          ,90100,51000,39100,0,0,0,0,0,0,-539000,0,539000,-539000,0,0,0,-499900
057966,金融類元大98購01,0,0,0,0,0,0,0,0,0,-500000,0,0,0,260000,760000,-500000,-500000
05236P,緯穎康和95售01  ,0,0,0,0,0,0,0,0,0,-504000,0,0,0,0,504000,-504000,-504000
00766L,台新MSCI中國正2 ,0,0,0,0,0,0,0,0,0,-510000,0,0,0,565000,1075000,-510000,-510000
058803,世紀鋼元大99購03,0,0,0,0,0,0,0,0,0,-510000,0,0,0,63000,573000,-510000,-510000
058684,健策凱基99購02  ,0,0,0,0,0,0,0,0,0,-513000,0,0,0,20000,533000,-513000,-513000
057491,美食元大98購03  ,0,0,0,0,0,0,0,0,0,-514000,0,0,0,0,514000,-514000,-514000
057609,友訊元富98購01  ,0,0,0,0,0,0,0,0,0,-518000,0,0,0,232000,750000,-518000,-518000
2867,三商壽          ,1190000,1582000,-392000,0,0,0,0,0,0,-128000,0,128000,-128000,0,0,0,-520000
052989,麗豐元大98購01  ,0,0,0,0,0,0,0,0,0,-523000,0,0,0,150000,673000,-523000,-523000
1434,福懋            ,790000,1307424,-517424,0,0,0,0,0,0,-7000,0,7000,-7000,0,0,0,-524424
057055,立積元大99購01  ,0,0,0,0,0,0,0,0,0,-526000,0,0,0,0,526000,-526000,-526000
8926,台汽電          ,235000,659000,-424000,0,0,0,0,0,0,-103000,0,103000,-103000,0,0,0,-527000
4934,太極            ,85000,620000,-535000,0,0,0,0,0,0,0,0,0,0,0,0,0,-535000
2103,台橡            ,806000,1324000,-518000,0,0,0,0,0,0,-18000,0,18000,-18000,0,0,0,-536000
2419,仲琦            ,47542,585670,-538128,0,0,0,3729,0,3729,-3000,0,3000,-3000,0,0,0,-537399
2382,廣達            ,6232698,7080254,-847556,0,0,0,356000,0,356000,-46000,1000,38000,-37000,0,9000,-9000,-537556
2448,晶電            ,2108789,2654000,-545211,0,0,0,20000,0,20000,-14000,22000,44000,-22000,8000,0,8000,-539211
2855,統一證          ,201000,741000,-540000,0,0,0,0,0,0,0,0,0,0,0,0,0,-540000
053900,T50反1日盛99購01,0,0,0,0,0,0,0,0,0,-547000,0,0,0,0,547000,-547000,-547000
07341P,台積電凱基99售18,0,0,0,0,0,0,0,0,0,-549000,0,0,0,30000,579000,-549000,-549000
05529P,臺股指群益96售02,0,0,0,0,0,0,0,0,0,-551000,0,0,0,12000,563000,-551000,-551000
059343,宏達電凱基99購04,0,0,0,0,0,0,0,0,0,-558000,0,0,0,180000,738000,-558000,-558000
2105,正新            ,2921000,3337538,-416538,0,0,0,0,0,0,-143000,1000,128000,-127000,0,16000,-16000,-559538
2601,益航            ,478000,1038000,-560000,0,0,0,0,0,0,0,0,0,0,0,0,0,-560000
8016,矽創            ,378000,926000,-548000,0,0,0,3000,0,3000,-22000,13000,41000,-28000,6000,0,6000,-567000
2015,豐興            ,249000,819000,-570000,0,0,0,0,0,0,0,0,0,0,0,0,0,-570000
1736,喬山            ,150000,711000,-561000,0,0,0,0,0,0,-10000,0,0,0,4000,14000,-10000,-571000
2520,冠德            ,350000,968000,-618000,0,0,0,47000,0,47000,-14000,22000,36000,-14000,0,0,0,-585000
055796,南電國泰98購01  ,0,0,0,0,0,0,0,0,0,-587000,0,0,0,46000,633000,-587000,-587000
9938,百和            ,362000,1421000,-1059000,0,0,0,502000,0,502000,-37000,5000,44000,-39000,2000,0,2000,-594000
07392P,台積電國泰02售01,0,0,0,0,0,0,0,0,0,-596000,0,0,0,0,596000,-596000,-596000
059875,信邦凱基99購02  ,0,0,0,0,0,0,0,0,0,-598000,0,0,0,0,598000,-598000,-598000
8464,億豐            ,469000,771573,-302573,0,0,0,0,128000,-128000,-168000,2000,170000,-168000,0,0,0,-598573
3036,文曄            ,167000,351000,-184000,0,0,0,0,0,0,-418000,0,418000,-418000,0,0,0,-602000
1714,和桐            ,186000,781000,-595000,0,0,0,0,0,0,-11000,0,11000,-11000,0,0,0,-606000
1513,中興電          ,77000,651000,-574000,0,0,0,0,0,0,-35000,5000,40000,-35000,0,0,0,-609000
052738,聯電元大98購02  ,0,0,0,0,0,0,0,0,0,-616000,0,0,0,51000,667000,-616000,-616000
0056,元大高股息      ,69000,70000,-1000,0,0,0,150000,0,150000,-765000,485000,100000,385000,2522000,3672000,-1150000,-616000
4967,十銓            ,508000,1341000,-833000,0,0,0,200000,0,200000,14000,14000,0,14000,0,0,0,-619000
059746,聯鈞元富99購03  ,0,0,0,0,0,0,0,0,0,-625000,0,0,0,89000,714000,-625000,-625000
07282P,聯發科凱基99售17,0,0,0,0,0,0,0,0,0,-628000,0,0,0,95000,723000,-628000,-628000
3576,聯合再生        ,455000,1085254,-630254,0,0,0,0,0,0,0,0,0,0,0,0,0,-630254
058243,華擎元大99購01  ,0,0,0,0,0,0,0,0,0,-633000,0,0,0,729000,1362000,-633000,-633000
6202,盛群            ,162000,795000,-633000,0,0,0,0,0,0,-4000,0,4000,-4000,0,0,0,-637000
3380,明泰            ,222000,685000,-463000,0,0,0,4217,0,4217,-198000,102000,278000,-176000,8000,30000,-22000,-656783
9910,豐泰            ,734891,1414142,-679251,0,0,0,20000,0,20000,0,11000,11000,0,0,0,0,-659251
059395,T50反1元富99購03,0,0,0,0,0,0,0,0,0,-661000,0,0,0,109000,770000,-661000,-661000
059273,臺指反元大9C購03,0,0,0,0,0,0,0,0,0,-662000,0,0,0,4000,666000,-662000,-662000
2451,創見            ,147000,806000,-659000,0,0,0,3934,0,3934,-9000,0,9000,-9000,0,0,0,-664066
04863P,技嘉元大94售02  ,0,0,0,0,0,0,0,0,0,-668000,0,0,0,83000,751000,-668000,-668000
059654,T50反1元大99購09,0,0,0,0,0,0,0,0,0,-671000,0,0,0,10000,681000,-671000,-671000
057730,聯鈞國泰9A購01  ,0,0,0,0,0,0,0,0,0,-674000,0,0,0,200000,874000,-674000,-674000
2441,超豐            ,433000,1042000,-609000,0,0,0,3985,0,3985,-73000,0,73000,-73000,0,0,0,-678015
3019,亞光            ,188000,829000,-641000,0,0,0,2815,0,2815,-47000,10000,63000,-53000,8000,2000,6000,-685185
1476,儒鴻            ,527000,1221528,-694528,0,0,0,6000,0,6000,-4952,9048,0,9048,0,14000,-14000,-693480
2478,大毅            ,334000,1016000,-682000,0,0,0,0,0,0,-13000,0,4000,-4000,2000,11000,-9000,-695000
1210,大成            ,282000,950747,-668747,0,0,0,0,0,0,-28000,0,0,0,0,28000,-28000,-696747
4958,臻鼎-KY         ,2274000,3241329,-967329,0,0,0,608000,269000,339000,-69000,62000,135000,-73000,5000,1000,4000,-697329
2342,茂矽            ,220000,938000,-718000,0,0,0,0,0,0,0,0,0,0,0,0,0,-718000
1477,聚陽            ,152000,980534,-828534,0,0,0,200000,0,200000,-101000,1000,101000,-100000,0,1000,-1000,-729534
05921P,同欣電元大96售06,0,0,0,0,0,0,0,0,0,-741000,0,0,0,79000,820000,-741000,-741000
05446P,緯穎元大95售04  ,0,0,0,0,0,0,0,0,0,-741000,0,0,0,0,741000,-741000,-741000
056926,日月光兆豐98購01,0,0,0,0,0,0,0,0,0,-764000,0,0,0,0,764000,-764000,-764000
06025P,臺股指元大99售02,0,0,0,0,0,0,0,0,0,-772000,0,0,0,152000,924000,-772000,-772000
2301,光寶科          ,7110000,7674056,-564056,0,0,0,0,0,0,-217000,58000,275000,-217000,0,0,0,-781056
07146P,瑞昱元大99售02  ,0,0,0,0,0,0,0,0,0,-786000,0,0,0,14000,800000,-786000,-786000
006205,富邦上証        ,195000,0,195000,0,0,0,0,0,0,-981000,0,0,0,894000,1875000,-981000,-786000
058841,深中小群益01購01,0,0,0,0,0,0,0,0,0,-804000,0,0,0,45000,849000,-804000,-804000
055808,世紀鋼永豐97購01,0,0,0,0,0,0,0,0,0,-810000,0,0,0,0,810000,-810000,-810000
07131P,緯穎元大99售06  ,0,0,0,0,0,0,0,0,0,-813000,0,0,0,286000,1099000,-813000,-813000
05440P,緯穎國票96售02  ,0,0,0,0,0,0,0,0,0,-823000,0,0,0,0,823000,-823000,-823000
2101,南港            ,811000,1634000,-823000,0,0,0,0,0,0,-19000,0,19000,-19000,23000,23000,0,-842000
03438B,臺股指元大96熊27,0,0,0,0,0,0,0,0,0,-843000,0,0,0,232000,1075000,-843000,-843000
00701,國泰股利精選30  ,0,74000,-74000,0,0,0,0,0,0,-794000,0,0,0,1121000,1915000,-794000,-868000
03033P,微星國票03售01  ,30000,0,30000,0,0,0,0,0,0,-900000,0,0,0,0,900000,-900000,-870000
04878P,國巨康和94售02  ,0,0,0,0,0,0,0,0,0,-899000,0,0,0,22000,921000,-899000,-899000
2481,強茂            ,685000,1617900,-932900,0,0,0,0,0,0,-4000,0,6000,-6000,27000,25000,2000,-936900
049272,世紀鋼元大96購02,0,0,0,0,0,0,0,0,0,-951000,0,0,0,46000,997000,-951000,-951000
038489,T50反1台新9A購01,0,0,0,0,0,0,0,0,0,-953000,0,0,0,0,953000,-953000,-953000
1217,愛之味          ,263000,1217000,-954000,0,0,0,0,0,0,0,0,0,0,0,0,0,-954000
057799,世紀鋼兆豐98購01,0,0,0,0,0,0,0,0,0,-971000,0,0,0,11000,982000,-971000,-971000
6251,定穎            ,545000,1624000,-1079000,0,0,0,400000,400000,0,100000,170000,70000,100000,0,0,0,-979000
059885,台積電國票99購12,0,0,0,0,0,0,0,0,0,-998000,0,0,0,19000,1017000,-998000,-998000
059396,T50反1元富99購04,0,0,0,0,0,0,0,0,0,-1004000,0,0,0,100000,1104000,-1004000,-1004000
4968,立積            ,215000,1328000,-1113000,0,0,0,0,0,0,107000,111000,1000,110000,16000,19000,-3000,-1006000
00850,元大臺灣ESG永續 ,0,0,0,0,0,0,0,0,0,-1055000,0,0,0,478000,1533000,-1055000,-1055000
6278,台表科          ,996000,2228000,-1232000,0,0,0,180000,0,180000,-6000,2000,7000,-5000,5000,6000,-1000,-1058000
055387,世紀鋼元大97購01,0,0,0,0,0,0,0,0,0,-1090000,0,0,0,114000,1204000,-1090000,-1090000
07342P,大立光凱基99售14,0,0,0,0,0,0,0,0,0,-1124000,0,0,0,12000,1136000,-1124000,-1124000
2845,遠東銀          ,687000,1645000,-958000,0,0,0,0,0,0,-186000,0,181000,-181000,0,5000,-5000,-1144000
07292P,臺股指凱基99售44,0,0,0,0,0,0,0,0,0,-1166000,0,0,0,183000,1349000,-1166000,-1166000
07368P,國巨凱基99售19  ,0,0,0,0,0,0,0,0,0,-1178000,0,0,0,0,1178000,-1178000,-1178000
08749P,鴻海台新01售02  ,0,0,0,0,0,0,0,0,0,-1197000,0,0,0,0,1197000,-1197000,-1197000
00676R,富邦臺灣加權反1 ,0,0,0,0,0,0,0,0,0,-1238000,0,0,0,890000,2128000,-1238000,-1238000
2812,台中銀          ,1236000,2514270,-1278270,0,0,0,0,0,0,40000,41000,1000,40000,0,0,0,-1238270
2385,群光            ,1337000,2414721,-1077721,0,0,0,17000,194000,-177000,8000,13000,5000,8000,0,0,0,-1246721
2337,旺宏            ,4084000,5137000,-1053000,0,0,0,0,7000,-7000,-192000,12000,98000,-86000,52000,158000,-106000,-1252000
00634R,富邦上証反1     ,159000,5000,154000,0,0,0,0,0,0,-1423000,0,0,0,203000,1626000,-1423000,-1269000
057850,上銀兆豐99購02  ,0,0,0,0,0,0,0,0,0,-1286000,0,0,0,0,1286000,-1286000,-1286000
0050,元大台灣50      ,91000,493000,-402000,0,0,0,136000,0,136000,-1027000,0,396000,-396000,2141000,2772000,-631000,-1293000
059560,T50反1凱基99購08,0,0,0,0,0,0,0,0,0,-1298000,0,0,0,9000,1307000,-1298000,-1298000
3045,台灣大          ,3006000,4399263,-1393263,0,0,0,54000,2000,52000,28000,51000,23000,28000,0,0,0,-1313263
2383,台光電          ,453600,1484000,-1030400,0,0,0,8000,267000,-259000,-42000,31000,62000,-31000,11000,22000,-11000,-1331400
9945,潤泰新          ,0,1298937,-1298937,0,0,0,0,0,0,-40000,0,40000,-40000,0,0,0,-1338937
07319P,台積電凱基01售02,0,0,0,0,0,0,0,0,0,-1340000,0,0,0,28000,1368000,-1340000,-1340000
3706,神達            ,980000,1463000,-483000,0,0,0,0,754000,-754000,-135000,0,135000,-135000,0,0,0,-1372000
1301,台塑            ,4009493,6422742,-2413249,0,0,0,1176000,0,1176000,-137000,1000,143000,-142000,5000,0,5000,-1374249
059065,南電凱基9A購01  ,0,0,0,0,0,0,0,0,0,-1383000,0,0,0,1219000,2602000,-1383000,-1383000
059181,世紀鋼元富9C購01,0,0,0,0,0,0,0,0,0,-1384000,0,0,0,72000,1456000,-1384000,-1384000
057960,聯鈞元大98購02  ,0,0,0,0,0,0,0,0,0,-1428000,0,0,0,57000,1485000,-1428000,-1428000
2327,國巨            ,1193000,2180732,-987732,0,0,0,5000,45000,-40000,-440000,30000,90000,-60000,49000,429000,-380000,-1467732
1504,東元            ,3744000,5197265,-1453265,0,0,0,0,0,0,-18000,2000,28000,-26000,8000,0,8000,-1471265
059963,臺指反凱基99購01,0,0,0,0,0,0,0,0,0,-1497000,0,0,0,0,1497000,-1497000,-1497000
07352P,台積電國票99售11,0,0,0,0,0,0,0,0,0,-1571000,0,0,0,1070000,2641000,-1571000,-1571000
07130P,台郡元大9B售01  ,0,0,0,0,0,0,0,0,0,-1603000,0,0,0,21000,1624000,-1603000,-1603000
00693U,街口S&P黃豆     ,0,0,0,0,0,0,0,0,0,-1685000,0,0,0,35000,1720000,-1685000,-1685000
07366P,國巨康和99售02  ,0,0,0,0,0,0,0,0,0,-1691000,0,0,0,1120000,2811000,-1691000,-1691000
00664R,國泰臺灣加權反1 ,0,0,0,0,0,0,0,0,0,-1696000,180000,0,180000,1119000,2995000,-1876000,-1696000
2329,華泰            ,703000,2464000,-1761000,0,0,0,0,0,0,-9000,0,11000,-11000,4000,2000,2000,-1770000
2454,聯發科          ,4047739,5646251,-1598512,0,0,0,126000,183000,-57000,-118000,37000,128000,-91000,23000,50000,-27000,-1773512
3545,敦泰            ,351000,2170366,-1819366,0,0,0,0,0,0,0,0,0,0,0,0,0,-1819366
2890,永豐金          ,16319000,17996845,-1677845,0,0,0,0,0,0,-170000,0,170000,-170000,0,0,0,-1847845
1605,華新            ,1689000,3217000,-1528000,0,0,0,32160,0,32160,-401000,1000,362000,-361000,0,40000,-40000,-1896840
4927,泰鼎-KY         ,275000,1071000,-796000,0,0,0,2360,1109000,-1106640,-6985,0,985,-985,14000,20000,-6000,-1909625
5876,上海商銀        ,4342000,6306134,-1964134,0,0,0,0,0,0,-86000,2000,87000,-85000,0,1000,-1000,-2050134
03555P,聯電元大02售24  ,0,0,0,0,0,0,0,0,0,-2063000,0,0,0,0,2063000,-2063000,-2063000
2387,精元            ,1121000,3123000,-2002000,0,0,0,0,0,0,-69000,0,0,0,32000,101000,-69000,-2071000
6269,台郡            ,590000,2227000,-1637000,0,0,0,0,525000,-525000,80000,148000,39000,109000,17000,46000,-29000,-2082000
1303,南亞            ,6167000,8248195,-2081195,0,0,0,112000,15000,97000,-132000,2000,128000,-126000,0,6000,-6000,-2116195
1909,榮成            ,766840,1849000,-1082160,0,0,0,17000,1000000,-983000,-160000,1000,161000,-160000,0,0,0,-2225160
2886,兆豐金          ,11827000,14753393,-2926393,0,0,0,741000,0,741000,-49000,11000,54000,-43000,0,6000,-6000,-2234393
2801,彰銀            ,5234000,7072888,-1838888,0,0,0,0,0,0,-442000,0,2000,-2000,0,440000,-440000,-2280888
6176,瑞儀            ,748000,3405000,-2657000,0,0,0,336000,0,336000,-27000,4000,24000,-20000,1000,8000,-7000,-2348000
2352,佳世達          ,1254000,3614000,-2360000,0,0,0,0,0,0,-71000,66000,136000,-70000,0,1000,-1000,-2431000
1326,台化            ,4345000,6844158,-2499158,0,0,0,92000,2000,90000,-113000,0,112000,-112000,0,1000,-1000,-2522158
2367,燿華            ,662000,3150000,-2488000,0,0,0,0,0,0,-54000,0,16000,-16000,6000,44000,-38000,-2542000
2603,長榮            ,5807000,7865652,-2058652,0,0,0,0,778000,-778000,-92000,6000,94000,-88000,0,4000,-4000,-2928652
059307,T50反1元大99購06,0,0,0,0,0,0,0,0,0,-3076000,0,0,0,260000,3336000,-3076000,-3076000
3711,日月光投控      ,6616000,6674190,-58190,0,0,0,0,2947000,-2947000,-86000,36000,175000,-139000,59000,6000,53000,-3091190
2884,玉山金          ,16738664,19537827,-2799163,0,0,0,0,0,0,-361318,1000,319318,-318318,0,43000,-43000,-3160481
00672L,元大S&P原油正2  ,37000,29000,8000,0,0,0,0,0,0,-3371000,0,0,0,250000,3621000,-3371000,-3363000
00642U,元大S&P石油     ,21000,2897000,-2876000,0,0,0,0,0,0,-494000,0,0,0,753000,1247000,-494000,-3370000
9904,寶成            ,5590000,10151396,-4561396,0,0,0,1073000,0,1073000,-17000,44000,5000,39000,0,56000,-56000,-3505396
2324,仁寶            ,11610000,15223072,-3613072,0,0,0,0,0,0,59000,182000,126000,56000,3000,0,3000,-3554072
2823,中壽            ,5866000,9961794,-4095794,0,0,0,0,0,0,396000,10000,238000,-228000,643000,19000,624000,-3699794
2408,南亞科          ,13255000,17047166,-3792166,0,0,0,1056000,860000,196000,-153000,28000,169000,-141000,23000,35000,-12000,-3749166
5871,中租-KY         ,4391984,8290529,-3898545,0,0,0,48000,0,48000,-29000,14000,39000,-25000,4000,8000,-4000,-3879545
5880,合庫金          ,12660000,16484455,-3824455,0,0,0,0,0,0,-209000,0,209000,-209000,0,0,0,-4033455
4938,和碩            ,7499000,12646962,-5147962,0,0,0,1058000,0,1058000,-132000,103000,234000,-131000,11000,12000,-1000,-4221962
2618,長榮航          ,6793000,10996024,-4203024,0,0,0,0,0,0,-132000,79000,156000,-77000,24000,79000,-55000,-4335024
00653L,富邦印度正2     ,1000,0,1000,0,0,0,0,0,0,-4486000,0,0,0,206000,4692000,-4486000,-4485000
2892,第一金          ,14414000,19948938,-5534938,0,0,0,1084000,0,1084000,-300000,1000,277000,-276000,0,24000,-24000,-4750938
2449,京元電子        ,1069000,5894028,-4825028,0,0,0,0,0,0,-2000,186000,159000,27000,20000,49000,-29000,-4827028
1402,遠東新          ,5400000,11850931,-6450931,0,0,0,1564000,0,1564000,-138000,42000,180000,-138000,0,0,0,-5024931
2881,富邦金          ,11206000,16064048,-4858048,0,0,0,0,0,0,-173000,8000,157000,-149000,2000,26000,-24000,-5031048
2002,中鋼            ,12676068,17581735,-4905667,0,0,0,0,239000,-239000,-62000,1000,35000,-34000,0,28000,-28000,-5206667
2880,華南金          ,7473000,12866769,-5393769,0,0,0,0,0,0,-48000,1000,49000,-48000,0,0,0,-5441769
01003T,兆豐新光R1      ,0,5800000,-5800000,0,0,0,0,0,0,0,0,0,0,0,0,0,-5800000
2887,台新金          ,10969000,16666516,-5697516,0,0,0,0,0,0,-204000,14000,170000,-156000,2000,50000,-48000,-5901516
2313,華通            ,2517000,10296000,-7779000,0,0,0,555000,0,555000,200000,1238000,1008000,230000,135000,165000,-30000,-7024000
2891,中信金          ,25083000,37581967,-12498967,0,0,0,5119000,0,5119000,-494000,59000,551000,-492000,0,2000,-2000,-7873967
2885,元大金          ,10255000,18931213,-8676213,0,0,0,0,0,0,-19000,5000,56000,-51000,32000,0,32000,-8695213
3481,群創            ,34622000,43156910,-8534910,0,0,0,256000,0,256000,-462000,4000,334000,-330000,7000,139000,-132000,-8740910
2344,華邦電          ,6596000,14927616,-8331616,0,0,0,38019,0,38019,-462000,129000,571000,-442000,27000,47000,-20000,-8755597
2834,臺企銀          ,11871000,20301526,-8430526,0,0,0,0,0,0,-420000,2000,394000,-392000,0,28000,-28000,-8850526
00648R,元大S&P500反1   ,10000,5000,5000,0,0,0,0,0,0,-9048000,0,0,0,39000,9087000,-9048000,-9043000
2353,宏碁            ,6502642,15798811,-9296169,0,0,0,0,0,0,-91000,228000,308000,-80000,151000,162000,-11000,-9387169
2882,國泰金          ,7963921,18235521,-10271600,0,0,0,0,0,0,-10000,0,0,0,30000,40000,-10000,-10281600
2610,華航            ,4072000,14382120,-10310120,0,0,0,0,0,0,-94000,1000,95000,-94000,0,0,0,-10404120
2317,鴻海            ,13180485,24486033,-11305548,0,0,0,3000,0,3000,-1116000,9000,487000,-478000,17000,655000,-638000,-12418548
00671R,富邦NASDAQ反1   ,0,1000,-1000,0,0,0,0,0,0,-13074000,0,0,0,115000,13189000,-13074000,-13075000
00715L,街口布蘭特油正2 ,29000,875000,-846000,0,0,0,0,0,0,-12300000,0,0,0,0,12300000,-12300000,-13146000
2303,聯電            ,51373975,64847975,-13474000,0,0,0,0,783000,-783000,216000,1152000,842000,310000,78000,172000,-94000,-14041000
00637L,元大滬深300正2  ,3127000,862000,2265000,0,0,0,0,0,0,-17700000,200000,0,200000,25102000,43002000,-17900000,-15435000
00669R,國泰美國道瓊反1 ,35000,35000,0,0,0,0,0,0,0,-16487000,0,0,0,1235000,17722000,-16487000,-16487000
00677U,富邦VIX         ,31628000,30281000,1347000,0,0,0,0,0,0,-25191000,1860000,3940000,-2080000,10287000,33398000,-23111000,-23844000
2888,新光金          ,28253000,56035110,-27782110,0,0,0,0,0,0,470000,194000,228000,-34000,531000,27000,504000,-27312110
2883,開發金          ,21959000,51185319,-29226319,0,0,0,0,0,0,302000,615000,313000,302000,0,0,0,-28924319
2409,友達            ,82881000,116703024,-33822024,0,0,0,0,9885000,-9885000,4000,0,176000,-176000,256000,76000,180000,-43703024
00632R,元大台灣50反1   ,1247000,3491000,-2244000,0,0,0,0,0,0,-63005000,2109000,2795000,-686000,14061000,76380000,-62319000,-65249000
