證券代號,證券名稱,外陸資買進股數(不含外資自營商),外陸資賣出股數(不含外資自營商),外陸資買賣超股數(不含外資自營商),外資自營商買進股數,外資自營商賣出股數,外資自營商買賣超股數,投信買進股數,投信賣出股數,投信買賣超股數,自營商買賣超股數,自營商買進股數(自行買賣),自營商賣出股數(自行買賣),自營商買賣超股數(自行買賣),自營商買進股數(避險),自營商賣出股數(避險),自營商買賣超股數(避險),三大法人買賣超股數
00637L,元大滬深300正2  ,24373000,6989000,17384000,0,0,0,0,0,0,2624000,132000,40000,92000,21771000,19239000,2532000,20008000
3545,敦泰            ,6691940,926000,5765940,0,0,0,0,0,0,1000,1000,0,1000,0,0,0,5766940
00708L,元大S&P黃金正2  ,0,0,0,0,0,0,0,0,0,5539000,0,0,0,5816000,277000,5539000,5539000
056158,新日興凱基98購02,0,0,0,0,0,0,0,0,0,4296000,0,0,0,4352000,56000,4296000,4296000
047972,康控富邦95購01  ,0,0,0,0,0,0,0,0,0,3618000,0,0,0,4138000,520000,3618000,3618000
0056,元大高股息      ,5000,0,5000,0,0,0,0,0,0,3575000,15000,120000,-105000,3790000,110000,3680000,3580000
2327,國巨            ,3567000,931027,2635973,0,0,0,306000,25000,281000,647000,322000,17000,305000,430000,88000,342000,3563973
2891,中信金          ,6441000,2831761,3609239,0,0,0,139000,0,139000,-201000,1000,250000,-249000,48000,0,48000,3547239
3450,聯鈞            ,2555000,423000,2132000,0,0,0,661000,0,661000,724000,25000,25000,0,890000,166000,724000,3517000
2371,大同            ,4084000,814000,3270000,0,0,0,0,0,0,163000,168000,5000,163000,0,0,0,3433000
2478,大毅            ,3480000,680000,2800000,0,0,0,0,0,0,452000,95000,43000,52000,467000,67000,400000,3252000
00633L,富邦上証正2     ,3254000,608000,2646000,0,0,0,0,0,0,416000,203000,20000,183000,2339000,2106000,233000,3062000
00861,元大全球未來通訊,0,4000,-4000,0,0,0,0,0,0,3040000,300000,0,300000,3092000,352000,2740000,3036000
4927,泰鼎-KY         ,2882000,1149000,1733000,0,0,0,1205000,20000,1185000,-86000,125000,508000,-383000,1453000,1156000,297000,2832000
056069,新日興元大97購03,0,0,0,0,0,0,0,0,0,2658000,0,0,0,3001000,343000,2658000,2658000
00673R,元大S&P原油反1  ,0,1469000,-1469000,0,0,0,0,0,0,4115000,0,0,0,4939000,824000,4115000,2646000
054640,健策中信9B購01  ,0,0,0,0,0,0,0,0,0,2478000,0,0,0,2548000,70000,2478000,2478000
00655L,國泰中國A50正2  ,26000,321000,-295000,0,0,0,0,0,0,2687000,66000,0,66000,4524000,1903000,2621000,2392000
047892,康控兆豐94購01  ,0,0,0,0,0,0,0,0,0,2312000,0,0,0,2416000,104000,2312000,2312000
04787P,台積電永昌96售04,0,0,0,0,0,0,0,0,0,1983000,0,0,0,2072000,89000,1983000,1983000
4967,十銓            ,2253000,282000,1971000,0,0,0,0,0,0,-23000,57000,80000,-23000,0,0,0,1948000
4935,茂林-KY         ,1484000,362000,1122000,0,0,0,326000,0,326000,453000,169000,148000,21000,492000,60000,432000,1901000
051367,可成富邦97購01  ,0,0,0,0,0,0,0,0,0,1709000,0,0,0,1846000,137000,1709000,1709000
1504,東元            ,3516967,2040000,1476967,0,0,0,0,0,0,189000,162000,0,162000,27000,0,27000,1665967
056070,新日興元大97購04,0,0,0,0,0,0,0,0,0,1605000,0,0,0,1956000,351000,1605000,1605000
055610,光磊國票98購01  ,0,0,0,0,0,0,0,0,0,1603000,0,0,0,1603000,0,1603000,1603000
2368,金像電          ,2779000,1889000,890000,0,0,0,550000,0,550000,95000,140000,45000,95000,0,0,0,1535000
2474,可成            ,2008275,465071,1543204,0,0,0,0,0,0,-18000,8000,20000,-12000,20000,26000,-6000,1525204
05196P,台積電永豐95售03,0,0,0,0,0,0,0,0,0,1506000,0,0,0,1506000,0,1506000,1506000
055771,台積電日盛97購04,0,0,0,0,0,0,0,0,0,1502000,0,0,0,1507000,5000,1502000,1502000
8271,宇瞻            ,1537000,35000,1502000,0,0,0,0,0,0,-15000,0,15000,-15000,0,0,0,1487000
054081,聯電元富96購01  ,0,0,0,0,0,0,0,0,0,1481000,0,0,0,1612000,131000,1481000,1481000
3090,日電貿          ,1254000,392000,862000,0,0,0,0,0,0,596000,0,0,0,600000,4000,596000,1458000
8039,台虹            ,711000,491000,220000,0,0,0,1157000,0,1157000,75000,51000,170000,-119000,214000,20000,194000,1452000
055038,華航富邦99購01  ,0,0,0,0,0,0,0,0,0,1445000,0,0,0,1445000,0,1445000,1445000
055417,健策富邦98購02  ,0,0,0,0,0,0,0,0,0,1441000,0,0,0,1442000,1000,1441000,1441000
044291,群創凱基93購06  ,0,0,0,0,0,0,0,0,0,1391000,0,0,0,1981000,590000,1391000,1391000
2312,金寶            ,1627000,361000,1266000,0,0,0,0,0,0,116000,4000,40000,-36000,392000,240000,152000,1382000
4938,和碩            ,2461000,1070199,1390801,0,0,0,0,50000,-50000,39000,92000,0,92000,15000,68000,-53000,1379801
053657,元大金凱基96購01,0,0,0,0,0,0,0,0,0,1378000,0,0,0,1398000,20000,1378000,1378000
050725,光磊國票96購01  ,0,0,0,0,0,0,0,0,0,1336000,0,0,0,1336000,0,1336000,1336000
056312,茂林元大98購01  ,0,0,0,0,0,0,0,0,0,1313000,0,0,0,2093000,780000,1313000,1313000
00643,群益深証中小    ,1013000,0,1013000,0,0,0,0,0,0,252000,10000,10000,0,400000,148000,252000,1265000
2308,台達電          ,4426000,3196435,1229565,0,0,0,0,0,0,25000,36000,14000,22000,25000,22000,3000,1254565
053244,光磊國票97購01  ,0,0,0,0,0,0,0,0,0,1252000,0,0,0,1332000,80000,1252000,1252000
3231,緯創            ,5410000,4065000,1345000,0,0,0,0,50000,-50000,-104000,13000,4000,9000,23000,136000,-113000,1191000
03645P,群創統一92售01  ,0,0,0,0,0,0,0,0,0,1120000,0,0,0,1120000,0,1120000,1120000
06194P,台積電元富97售05,0,0,0,0,0,0,0,0,0,1108000,0,0,0,1283000,175000,1108000,1108000
2881,富邦金          ,3857333,2833756,1023577,0,0,0,54000,0,54000,14000,1000,0,1000,26000,13000,13000,1091577
055645,技嘉元富97購01  ,0,0,0,0,0,0,0,0,0,1091000,0,0,0,1241000,150000,1091000,1091000
049996,元油2X永豐94購05,0,0,0,0,0,0,0,0,0,1088000,0,0,0,1088000,0,1088000,1088000
2492,華新科          ,2350000,1934296,415704,0,0,0,232000,88000,144000,526000,199000,51000,148000,444000,66000,378000,1085704
05716P,T50反1元大98售03,0,0,0,0,0,0,0,0,0,1060000,0,0,0,2130000,1070000,1060000,1060000
2408,南亞科          ,1843000,1574773,268227,0,0,0,1245000,171000,1074000,-286000,81000,56000,25000,119000,430000,-311000,1056227
3706,神達            ,948000,719000,229000,0,0,0,550000,0,550000,268000,36000,100000,-64000,360000,28000,332000,1047000
04373P,滬深2X元大97售01,0,0,0,0,0,0,0,0,0,1033000,0,0,0,1789000,756000,1033000,1033000
6669,緯穎            ,1343500,220000,1123500,0,0,0,0,250000,-250000,152000,58000,16000,42000,122000,12000,110000,1025500
6213,聯茂            ,734000,367960,366040,0,0,0,408000,43000,365000,289000,354000,185000,169000,148000,28000,120000,1020040
05449P,臺股指元大95售26,0,0,0,0,0,0,0,0,0,1019000,0,0,0,1366000,347000,1019000,1019000
05618P,聯發科元富96售02,0,0,0,0,0,0,0,0,0,1010000,0,0,0,1254000,244000,1010000,1010000
055009,合勤控元富97購01,0,0,0,0,0,0,0,0,0,1001000,0,0,0,1051000,50000,1001000,1001000
046999,康控富邦99購01  ,0,0,0,0,0,0,0,0,0,998000,0,0,0,1537000,539000,998000,998000
047540,技嘉麥證93購01  ,0,0,0,1018000,20000,998000,0,0,0,996000,0,0,0,1018000,22000,996000,996000
1536,和大            ,1012000,158000,854000,0,0,0,124000,0,124000,17000,34000,44000,-10000,38000,11000,27000,995000
055863,緯穎元大97購05  ,0,0,0,0,0,0,0,0,0,983000,0,0,0,1397000,414000,983000,983000
046038,欣興元大92購07  ,0,0,0,0,0,0,0,0,0,982000,0,0,0,982000,0,982000,982000
056111,力成永豐97購01  ,0,0,0,0,0,0,0,0,0,979000,0,0,0,1020000,41000,979000,979000
04747P,臺股指元大94售22,0,0,0,0,0,0,0,0,0,973000,0,0,0,1869000,896000,973000,973000
04751P,智邦兆豐95售02  ,0,0,0,0,0,0,0,0,0,969000,0,0,0,1240000,271000,969000,969000
054072,台積電富邦98購02,0,0,0,0,0,0,0,0,0,951000,0,0,0,1530000,579000,951000,951000
049813,康控元大96購02  ,0,0,0,0,0,0,0,0,0,939000,0,0,0,949000,10000,939000,939000
047495,新日興元富96購01,0,0,0,0,0,0,0,0,0,929000,0,0,0,955000,26000,929000,929000
047799,技嘉兆豐93購01  ,0,0,0,0,0,0,0,0,0,929000,0,0,0,992000,63000,929000,929000
051133,台積電永豐95購02,0,0,0,0,0,0,0,0,0,928000,0,0,0,2319000,1391000,928000,928000
047604,智原國泰95購01  ,0,0,0,0,0,0,0,0,0,908000,0,0,0,1008000,100000,908000,908000
054074,健策富邦98購01  ,0,0,0,0,0,0,0,0,0,904000,0,0,0,920000,16000,904000,904000
6239,力成            ,2935000,1878398,1056602,0,0,0,0,0,0,-153000,47000,142000,-95000,7000,65000,-58000,903602
045958,技嘉凱基93購04  ,0,0,0,0,0,0,0,0,0,871000,0,0,0,971000,100000,871000,871000
00639,富邦深100       ,714000,0,714000,0,0,0,0,0,0,141000,0,0,0,1048000,907000,141000,855000
056289,合勤控永豐97購01,0,0,0,0,0,0,0,0,0,854000,0,0,0,949000,95000,854000,854000
055601,茂林元大97購03  ,0,0,0,0,0,0,0,0,0,853000,0,0,0,1154000,301000,853000,853000
050792,可成富邦96購01  ,0,0,0,0,0,0,0,0,0,841000,0,0,0,891000,50000,841000,841000
052976,台表科群益96購03,0,0,0,0,0,0,0,0,0,832000,0,0,0,908000,76000,832000,832000
050158,上海銀群益96購01,0,0,0,0,0,0,0,0,0,830000,0,0,0,856000,26000,830000,830000
056937,智原元富98購01  ,0,0,0,0,0,0,0,0,0,828000,0,0,0,918000,90000,828000,828000
054867,華航群益99購01  ,0,0,0,0,0,0,0,0,0,819000,0,0,0,846000,27000,819000,819000
051158,嘉晶富邦96購01  ,0,0,0,0,0,0,0,0,0,799000,0,0,0,799000,0,799000,799000
4943,康控-KY         ,1200000,552000,648000,0,0,0,0,0,0,141000,0,39000,-39000,247000,67000,180000,789000
055495,長榮航元大97購01,0,0,0,0,0,0,0,0,0,781000,0,0,0,898000,117000,781000,781000
056305,群創元大9A購03  ,0,0,0,0,0,0,0,0,0,780000,0,0,0,979000,199000,780000,780000
047576,技嘉群益94購01  ,0,0,0,0,0,0,0,0,0,780000,0,0,0,830000,50000,780000,780000
3041,揚智            ,837000,60000,777000,0,0,0,0,0,0,0,0,0,0,0,0,0,777000
3711,日月光投控      ,3563245,3028379,534866,0,0,0,0,0,0,241000,424000,170000,254000,21000,34000,-13000,775866
1102,亞泥            ,5519000,3476389,2042611,0,0,0,0,1248000,-1248000,-29000,10000,0,10000,84000,123000,-39000,765611
6269,台郡            ,1533000,1487000,46000,0,0,0,350000,0,350000,361000,280000,3000,277000,123000,39000,84000,757000
054693,神基永豐97購01  ,0,0,0,0,0,0,0,0,0,756000,0,0,0,1040000,284000,756000,756000
8112,至上            ,1118000,371000,747000,0,0,0,0,0,0,7000,7000,0,7000,0,0,0,754000
047454,滬深2X群益96購03,0,0,0,0,0,0,0,0,0,735000,0,0,0,750000,15000,735000,735000
055654,景碩元富97購01  ,0,0,0,0,0,0,0,0,0,733000,0,0,0,886000,153000,733000,733000
054197,台積電永昌96購07,0,0,0,0,0,0,0,0,0,731000,0,0,0,793000,62000,731000,731000
051888,國巨元富95購05  ,0,0,0,0,0,0,0,0,0,726000,0,0,0,736000,10000,726000,726000
2049,上銀            ,878680,339027,539653,0,0,0,0,0,0,181000,61000,21000,40000,184000,43000,141000,720653
049240,華通元富94購01  ,0,0,0,0,0,0,0,0,0,720000,0,0,0,790000,70000,720000,720000
053029,國巨第一96購01  ,0,0,0,0,0,0,0,0,0,713000,0,0,0,802000,89000,713000,713000
05980P,台積電永昌96售09,0,0,0,0,0,0,0,0,0,712000,0,0,0,3877000,3165000,712000,712000
052778,智原國票97購01  ,0,0,0,0,0,0,0,0,0,705000,0,0,0,735000,30000,705000,705000
055037,宏盛富邦99購01  ,0,0,0,0,0,0,0,0,0,703000,0,0,0,763000,60000,703000,703000
047965,景碩中信93購01  ,0,0,0,0,0,0,0,0,0,690000,0,0,0,690000,0,690000,690000
00636,國泰中國A50     ,103000,0,103000,0,0,0,0,0,0,584000,40000,0,40000,780000,236000,544000,687000
051462,世芯國泰97購01  ,0,0,0,0,0,0,0,0,0,685000,0,0,0,691000,6000,685000,685000
056263,友訊統一99購01  ,0,0,0,0,0,0,0,0,0,683000,0,0,0,693000,10000,683000,683000
052451,旭富元大95購02  ,0,0,0,0,0,0,0,0,0,680000,0,0,0,842000,162000,680000,680000
3189,景碩            ,1843500,777000,1066500,0,0,0,0,198000,-198000,-197000,28000,52000,-24000,18000,191000,-173000,671500
04935P,鴻海中信96售01  ,0,0,0,0,0,0,0,0,0,671000,0,0,0,791000,120000,671000,671000
2360,致茂            ,985000,297000,688000,0,0,0,0,0,0,-17000,5000,22000,-17000,21000,21000,0,671000
00631L,元大台灣50正2   ,274000,0,274000,0,0,0,0,0,0,390000,0,0,0,788000,398000,390000,664000
052512,全新凱基96購03  ,0,0,0,0,0,0,0,0,0,658000,0,0,0,660000,2000,658000,658000
05702P,矽創凱基96售02  ,0,0,0,0,0,0,0,0,0,654000,0,0,0,654000,0,654000,654000
050899,旭富元大95購01  ,0,4000,-4000,0,0,0,0,0,0,653000,0,0,0,733000,80000,653000,649000
05248P,矽創群益96售01  ,0,0,0,0,0,0,0,0,0,649000,0,0,0,659000,10000,649000,649000
03412P,滬深2X群益98售01,0,0,0,0,0,0,0,0,0,642000,0,0,0,720000,78000,642000,642000
053263,華邦電群益96購03,0,0,0,0,0,0,0,0,0,630000,0,0,0,630000,0,630000,630000
05990P,台積電群益96售13,0,0,0,0,0,0,0,0,0,627000,0,0,0,764000,137000,627000,627000
036804,國巨元富93購01  ,0,0,0,0,0,0,0,0,0,615000,0,0,0,615000,0,615000,615000
04767P,台積電國泰95售04,0,0,0,0,0,0,0,0,0,614000,0,0,0,615000,1000,614000,614000
1513,中興電          ,767000,139000,628000,0,0,0,61000,50000,11000,-28000,5000,33000,-28000,0,0,0,611000
047753,景碩元富93購01  ,0,0,0,0,0,0,0,0,0,604000,0,0,0,624000,20000,604000,604000
03148P,聯電群益03售04  ,0,0,0,0,0,0,0,0,0,604000,0,0,0,604000,0,604000,604000
055644,致茂元富97購01  ,0,0,0,0,0,0,0,0,0,603000,0,0,0,613000,10000,603000,603000
8028,昇陽半導體      ,533000,180000,353000,0,0,0,81000,0,81000,169000,1000,24000,-23000,203000,11000,192000,603000
050524,宏達電元大95購04,0,0,0,0,0,0,0,0,0,602000,0,0,0,602000,0,602000,602000
054145,嘉聯益元大98購01,0,0,0,0,0,0,0,0,0,600000,0,0,0,600000,0,600000,600000
054429,中石化台新97購01,0,0,0,0,0,0,0,0,0,600000,0,0,0,600000,0,600000,600000
2345,智邦            ,1813000,1368711,444289,0,0,0,0,0,0,151000,94000,35000,59000,119000,27000,92000,595289
050009,昇陽半永豐94購02,0,0,0,0,0,0,0,0,0,595000,0,0,0,605000,10000,595000,595000
056335,微星凱基98購01  ,0,0,0,0,0,0,0,0,0,594000,0,0,0,957000,363000,594000,594000
06098P,T50反1日盛97售02,0,0,0,0,0,0,0,0,0,585000,0,0,0,585000,0,585000,585000
3653,健策            ,630000,111000,519000,0,0,0,110000,26000,84000,-20000,97000,73000,24000,107000,151000,-44000,583000
054701,宏全永豐97購01  ,0,0,0,0,0,0,0,0,0,580000,0,0,0,795000,215000,580000,580000
045872,元油2X元富98購03,0,0,0,0,0,0,0,0,0,579000,0,0,0,799000,220000,579000,579000
051946,健策統一98購01  ,0,0,0,0,0,0,0,0,0,579000,0,0,0,637000,58000,579000,579000
055167,友訊統一97購01  ,0,0,0,0,0,0,0,0,0,578000,0,0,0,735000,157000,578000,578000
9958,世紀鋼          ,465000,73000,392000,0,0,0,100000,0,100000,85000,11000,0,11000,125000,51000,74000,577000
049185,南電凱基94購03  ,0,0,0,0,0,0,0,0,0,571000,0,0,0,571000,0,571000,571000
055369,友訊元大97購01  ,0,0,0,0,0,0,0,0,0,568000,0,0,0,829000,261000,568000,568000
2498,宏達電          ,885000,359000,526000,0,0,0,0,0,0,41000,9000,2000,7000,109000,75000,34000,567000
048493,微星元大93購04  ,0,0,0,0,0,0,0,0,0,564000,0,0,0,576000,12000,564000,564000
00739,元大MSCI A股    ,526000,0,526000,0,0,0,0,0,0,35000,0,0,0,219000,184000,35000,561000
06044P,同欣電永豐96售03,0,0,0,0,0,0,0,0,0,560000,0,0,0,580000,20000,560000,560000
1227,佳格            ,683000,130000,553000,0,0,0,0,0,0,0,0,0,0,0,0,0,553000
2406,國碩            ,655000,102000,553000,0,0,0,0,0,0,0,0,0,0,0,0,0,553000
8131,福懋科          ,669000,222000,447000,0,0,0,0,0,0,106000,21000,6000,15000,102000,11000,91000,553000
053945,國巨富邦98購02  ,0,0,0,0,0,0,0,0,0,551000,0,0,0,1195000,644000,551000,551000
5469,瀚宇博          ,776000,324732,451268,0,0,0,0,0,0,96000,2000,0,2000,117000,23000,94000,547268
05777P,台積電統一96售04,0,0,0,0,0,0,0,0,0,546000,0,0,0,546000,0,546000,546000
051280,台積電兆豐95購04,0,0,0,0,0,0,0,0,0,546000,0,0,0,546000,0,546000,546000
049114,玉晶光統一94購02,0,0,0,0,0,0,0,0,0,541000,0,0,0,795000,254000,541000,541000
2006,東和鋼鐵        ,428000,225000,203000,0,0,0,0,0,0,336000,336000,0,336000,0,0,0,539000
3702,大聯大          ,921000,573000,348000,0,0,0,0,0,0,191000,341000,57000,284000,0,93000,-93000,539000
054871,明泰群益98購01  ,0,0,0,0,0,0,0,0,0,537000,0,0,0,584000,47000,537000,537000
05888P,友達元大97售01  ,0,0,0,0,0,0,0,0,0,535000,0,0,0,538000,3000,535000,535000
3019,亞光            ,688000,227000,461000,0,0,0,0,20000,-20000,93000,83000,0,83000,20000,10000,10000,534000
048564,智易元大94購01  ,0,0,0,0,0,0,0,0,0,531000,0,0,0,571000,40000,531000,531000
053852,南亞科國泰98購01,0,0,0,0,0,0,0,0,0,531000,0,0,0,570000,39000,531000,531000
052594,友訊群益98購01  ,0,0,0,0,0,0,0,0,0,531000,0,0,0,1145000,614000,531000,531000
054268,健策第一96購01  ,0,0,0,0,0,0,0,0,0,530000,0,0,0,549000,19000,530000,530000
054355,上海銀富邦98購01,0,0,0,0,0,0,0,0,0,527000,0,0,0,531000,4000,527000,527000
04363P,儒鴻元富94售01  ,0,0,0,0,0,0,0,0,0,520000,0,0,0,731000,211000,520000,520000
054525,奇鋐元富96購01  ,0,0,0,0,0,0,0,0,0,520000,0,0,0,520000,0,520000,520000
06152P,玉晶光元大98售06,0,0,0,0,0,0,0,0,0,518000,0,0,0,560000,42000,518000,518000
055125,智原兆豐97購01  ,0,0,0,0,0,0,0,0,0,513000,0,0,0,513000,0,513000,513000
050439,新日興凱基94購01,0,0,0,0,0,0,0,0,0,512000,0,0,0,657000,145000,512000,512000
055810,T50反1國票99購01,0,0,0,0,0,0,0,0,0,511000,0,0,0,511000,0,511000,511000
049500,聯茂元大94購04  ,0,0,0,0,0,0,0,0,0,510000,0,0,0,800000,290000,510000,510000
054354,技嘉富邦97購01  ,0,0,0,0,0,0,0,0,0,510000,0,0,0,799000,289000,510000,510000
044944,技嘉群益93購01  ,0,0,0,0,0,0,0,0,0,509000,0,0,0,509000,0,509000,509000
04102P,臺股指國票93售09,0,0,0,0,0,0,0,0,0,507000,0,0,0,508000,1000,507000,507000
8150,南茂            ,837000,421000,416000,0,0,0,0,0,0,87000,2000,0,2000,95000,10000,85000,503000
04023P,臺股指元富99售02,0,0,0,0,0,0,0,0,0,502000,0,0,0,629000,127000,502000,502000
04842P,群創元大96售02  ,0,0,0,0,0,0,0,0,0,500000,0,0,0,500000,0,500000,500000
048797,美律國泰95購02  ,0,0,0,0,0,0,0,0,0,500000,0,0,0,500000,0,500000,500000
053946,全新富邦97購02  ,0,0,0,0,0,0,0,0,0,500000,0,0,0,500000,0,500000,500000
05894P,友達群益98售02  ,0,0,0,0,0,0,0,0,0,499000,0,0,0,499000,0,499000,499000
048214,滬深2X凱基96購03,0,0,0,0,0,0,0,0,0,499000,0,0,0,499000,0,499000,499000
047286,美律統一93購02  ,0,0,0,0,0,0,0,0,0,499000,0,0,0,499000,0,499000,499000
052953,百和國票97購01  ,0,0,0,0,0,0,0,0,0,499000,0,0,0,499000,0,499000,499000
06189P,華新科永豐97售03,0,0,0,0,0,0,0,0,0,499000,0,0,0,596000,97000,499000,499000
2393,億光            ,1024000,643000,381000,0,0,0,0,0,0,114000,4000,38000,-34000,148000,0,148000,495000
047239,瀚宇博凱基94購01,0,0,0,0,0,0,0,0,0,494000,0,0,0,506000,12000,494000,494000
051836,華通國泰95購02  ,0,0,0,0,0,0,0,0,0,490000,0,0,0,490000,0,490000,490000
055013,訊連元富97購01  ,0,0,0,0,0,0,0,0,0,490000,0,0,0,1098000,608000,490000,490000
054067,百和國票97購03  ,0,0,0,0,0,0,0,0,0,489000,0,0,0,499000,10000,489000,489000
06075P,智邦凱基97售02  ,0,0,0,0,0,0,0,0,0,489000,0,0,0,489000,0,489000,489000
05663P,創意元富96售04  ,0,0,0,0,0,0,0,0,0,484000,0,0,0,484000,0,484000,484000
2105,正新            ,799000,316239,482761,0,0,0,0,0,0,0,0,0,0,0,0,0,482761
051595,康控元大95購04  ,0,0,0,0,0,0,0,0,0,480000,0,0,0,510000,30000,480000,480000
05479P,華新科台新96售01,0,0,0,0,0,0,0,0,0,479000,0,0,0,509000,30000,479000,479000
050655,中磊凱基96購01  ,0,0,0,0,0,0,0,0,0,476000,0,0,0,500000,24000,476000,476000
052826,嘉聯益永豐96購01,0,0,0,0,0,0,0,0,0,476000,0,0,0,533000,57000,476000,476000
06047P,聯發科富邦99售04,0,0,0,0,0,0,0,0,0,475000,0,0,0,507000,32000,475000,475000
05049P,矽創永豐95售01  ,0,0,0,0,0,0,0,0,0,469000,0,0,0,469000,0,469000,469000
06488P,台積電元富98售05,0,0,0,0,0,0,0,0,0,469000,0,0,0,689000,220000,469000,469000
3026,禾伸堂          ,592000,220000,372000,0,0,0,0,0,0,95000,6000,0,6000,108000,19000,89000,467000
052067,中磊兆豐96購01  ,0,0,0,0,0,0,0,0,0,466000,0,0,0,710000,244000,466000,466000
1904,正隆            ,829000,360000,469000,0,0,0,0,0,0,-4000,1000,5000,-4000,0,0,0,465000
053391,嘉聯益元大99購01,0,0,0,0,0,0,0,0,0,464000,0,0,0,604000,140000,464000,464000
052762,欣興群益96購01  ,0,0,0,0,0,0,0,0,0,463000,0,0,0,516000,53000,463000,463000
049246,大成鋼元大94購02,0,0,0,0,0,0,0,0,0,463000,0,0,0,523000,60000,463000,463000
048334,A50正2元大96購01,0,0,0,0,0,0,0,0,0,460000,0,0,0,485000,25000,460000,460000
3016,嘉晶            ,287000,150000,137000,0,0,0,0,0,0,322000,0,0,0,364000,42000,322000,459000
047737,義隆麥證94購01  ,0,0,0,452000,0,452000,0,0,0,452000,0,0,0,452000,0,452000,452000
06611P,祥碩國票98售01  ,0,0,0,0,0,0,0,0,0,450000,0,0,0,450000,0,450000,450000
06030P,友達兆豐96售02  ,0,0,0,0,0,0,0,0,0,449000,0,0,0,469000,20000,449000,449000
053469,光磊元大97購01  ,0,0,0,0,0,0,0,0,0,447000,0,0,0,449000,2000,447000,447000
03740P,奇鋐群益94售01  ,0,0,0,0,0,0,0,0,0,444000,0,0,0,444000,0,444000,444000
06182P,群創兆豐97售03  ,0,0,0,0,0,0,0,0,0,444000,0,0,0,450000,6000,444000,444000
050281,台積電日盛94購03,0,0,0,0,0,0,0,0,0,443000,0,0,0,483000,40000,443000,443000
056568,台表科群益98購01,0,0,0,0,0,0,0,0,0,442000,0,0,0,554000,112000,442000,442000
054121,奇鋐永豐96購02  ,0,0,0,0,0,0,0,0,0,442000,0,0,0,452000,10000,442000,442000
08637P,台灣50中信96售03,0,0,0,0,0,0,0,0,0,441000,0,0,0,1126000,685000,441000,441000
055616,智原國票97購03  ,0,0,0,0,0,0,0,0,0,440000,0,0,0,450000,10000,440000,440000
00743,國泰中國A150    ,149000,1000,148000,0,0,0,0,0,0,290000,0,0,0,312000,22000,290000,438000
054774,同欣電國票98購01,0,0,0,0,0,0,0,0,0,436000,0,0,0,728000,292000,436000,436000
054699,復盛永豐97購01  ,0,0,0,0,0,0,0,0,0,434000,0,0,0,579000,145000,434000,434000
06170P,禾伸堂元富97售02,0,0,0,0,0,0,0,0,0,429000,0,0,0,475000,46000,429000,429000
05426P,聯發科凱基95售12,0,0,0,0,0,0,0,0,0,426000,0,0,0,594000,168000,426000,426000
00738U,元大道瓊白銀    ,0,17000,-17000,0,0,0,0,0,0,442000,0,0,0,464000,22000,442000,425000
052106,明泰兆豐95購01  ,0,0,0,0,0,0,0,0,0,425000,0,0,0,425000,0,425000,425000
052975,嘉聯益群益96購01,0,0,0,0,0,0,0,0,0,425000,0,0,0,546000,121000,425000,425000
052016,神基永豐95購01  ,0,0,0,0,0,0,0,0,0,424000,0,0,0,507000,83000,424000,424000
051451,世芯元大95購03  ,0,0,0,0,0,0,0,0,0,421000,0,0,0,509000,88000,421000,421000
6196,帆宣            ,480000,90000,390000,0,0,0,0,25000,-25000,56000,50000,15000,35000,27000,6000,21000,421000
046151,矽創國票92購02  ,0,0,0,0,0,0,0,0,0,420000,0,0,0,420000,0,420000,420000
056008,全新中信9B購01  ,0,0,0,0,0,0,0,0,0,419000,0,0,0,539000,120000,419000,419000
053036,聯電凱基98購01  ,0,0,0,0,0,0,0,0,0,419000,0,0,0,937000,518000,419000,419000
06089P,矽創永豐97售01  ,0,0,0,0,0,0,0,0,0,418000,0,0,0,418000,0,418000,418000
045683,泰鼎元大93購03  ,0,0,0,0,0,0,0,0,0,417000,0,0,0,500000,83000,417000,417000
056101,光磊永豐98購01  ,0,0,0,0,0,0,0,0,0,416000,0,0,0,837000,421000,416000,416000
006205,富邦上証        ,454000,30000,424000,0,0,0,0,0,0,-9000,0,0,0,1162000,1171000,-9000,415000
046928,奇鋐富邦97購01  ,0,0,0,0,0,0,0,0,0,415000,0,0,0,415000,0,415000,415000
3515,華擎            ,664000,198000,466000,0,0,0,0,82000,-82000,28000,43000,30000,13000,74000,59000,15000,412000
05746P,台積電群益96售07,0,0,0,0,0,0,0,0,0,410000,0,0,0,585000,175000,410000,410000
06077P,GIS凱基97售02   ,0,0,0,0,0,0,0,0,0,402000,0,0,0,420000,18000,402000,402000
046864,和大統一97購01  ,0,0,0,0,0,0,0,0,0,401000,0,0,0,708000,307000,401000,401000
048268,長榮航中信95購01,0,0,0,0,0,0,0,0,0,400000,0,0,0,510000,110000,400000,400000
050898,智原元大96購01  ,0,0,0,0,0,0,0,0,0,400000,0,0,0,400000,0,400000,400000
054068,華通國泰96購02  ,0,0,0,0,0,0,0,0,0,400000,0,0,0,412000,12000,400000,400000
06351P,臺股指台新99售03,0,0,0,0,0,0,0,0,0,400000,0,0,0,400000,0,400000,400000
055094,智易群益98購01  ,0,0,0,0,0,0,0,0,0,399000,0,0,0,416000,17000,399000,399000
1312,國喬            ,926000,527000,399000,0,0,0,0,0,0,0,0,0,0,0,0,0,399000
046109,遠東新元大92購01,0,0,0,0,0,0,0,0,0,398000,0,0,0,398000,0,398000,398000
046127,臻鼎元大92購07  ,0,0,0,0,0,0,0,0,0,398000,0,0,0,398000,0,398000,398000
053601,台表科元大98購01,0,0,0,0,0,0,0,0,0,398000,0,0,0,486000,88000,398000,398000
6282,康舒            ,552000,231000,321000,0,0,0,0,0,0,77000,2000,0,2000,94000,19000,75000,398000
056197,友訊永豐97購01  ,0,0,0,0,0,0,0,0,0,396000,0,0,0,462000,66000,396000,396000
047537,聯發科日盛93購01,0,0,0,0,0,0,0,0,0,395000,0,0,0,542000,147000,395000,395000
05818P,大立光凱基96售14,0,0,0,0,0,0,0,0,0,394000,0,0,0,399000,5000,394000,394000
057142,力成兆豐98購01  ,0,0,0,0,0,0,0,0,0,393000,0,0,0,431000,38000,393000,393000
053540,健策永豐96購01  ,0,0,0,0,0,0,0,0,0,393000,0,0,0,637000,244000,393000,393000
056096,超眾元富9A購01  ,0,0,0,0,0,0,0,0,0,392000,0,0,0,417000,25000,392000,392000
053635,技嘉永豐96購01  ,0,0,0,0,0,0,0,0,0,391000,0,0,0,759000,368000,391000,391000
045960,聯發科凱基92購01,0,0,0,0,0,0,0,0,0,390000,0,0,0,390000,0,390000,390000
053537,玉晶光永豐98購02,0,0,0,0,0,0,0,0,0,390000,0,0,0,395000,5000,390000,390000
04120P,智邦凱基93售09  ,0,0,0,0,0,0,0,0,0,389000,0,0,0,399000,10000,389000,389000
051227,技嘉群益97購01  ,0,0,0,0,0,0,0,0,0,388000,0,0,0,512000,124000,388000,388000
03629C,元油2X元富98牛06,0,0,0,0,0,0,0,0,0,387000,0,0,0,442000,55000,387000,387000
05491P,茂林元大95售04  ,0,0,0,0,0,0,0,0,0,387000,0,0,0,931000,544000,387000,387000
056358,友訊元大99購01  ,0,0,0,0,0,0,0,0,0,383000,0,0,0,538000,155000,383000,383000
046602,新日興群益94購01,0,0,0,0,0,0,0,0,0,380000,0,0,0,490000,110000,380000,380000
055403,泰鼎元富97購01  ,0,0,0,0,0,0,0,0,0,379000,0,0,0,1294000,915000,379000,379000
06622P,牧德元大98售01  ,0,0,0,0,0,0,0,0,0,378000,0,0,0,673000,295000,378000,378000
04801P,矽力元大94售02  ,0,0,0,0,0,0,0,0,0,375000,0,0,0,375000,0,375000,375000
054281,世芯群益97購01  ,0,0,0,0,0,0,0,0,0,375000,0,0,0,381000,6000,375000,375000
050623,致新元大94購05  ,0,0,0,0,0,0,0,0,0,374000,0,0,0,421000,47000,374000,374000
06102P,智邦凱基97售03  ,0,0,0,0,0,0,0,0,0,373000,0,0,0,373000,0,373000,373000
050006,華擎永豐94購03  ,0,0,0,0,0,0,0,0,0,371000,0,0,0,663000,292000,371000,371000
056825,深中小富邦9B購01,0,0,0,0,0,0,0,0,0,370000,0,0,0,370000,0,370000,370000
03266P,寶成國票04售01  ,0,0,0,0,0,0,0,0,0,370000,0,0,0,370000,0,370000,370000
051943,台積電麥證95購03,0,0,0,370000,0,370000,0,0,0,370000,0,0,0,370000,0,370000,370000
052277,台達電凱基97購01,0,0,0,0,0,0,0,0,0,370000,0,0,0,370000,0,370000,370000
056206,泰鼎永豐97購01  ,0,0,0,0,0,0,0,0,0,369000,0,0,0,469000,100000,369000,369000
04427P,滬深2X元大97售02,0,0,0,0,0,0,0,0,0,367000,0,0,0,397000,30000,367000,367000
052527,泰鼎元大96購02  ,0,0,0,0,0,0,0,0,0,367000,0,0,0,611000,244000,367000,367000
053034,上海銀兆豐96購01,0,0,0,0,0,0,0,0,0,365000,0,0,0,380000,15000,365000,365000
049389,元石油中信97購02,0,0,0,0,0,0,0,0,0,362000,0,0,0,384000,22000,362000,362000
1514,亞力            ,429000,67000,362000,0,0,0,0,0,0,0,0,0,0,0,0,0,362000
045449,嘉聯益國泰94購01,0,0,0,0,0,0,0,0,0,361000,0,0,0,460000,99000,361000,361000
6456,GIS-KY          ,428000,83000,345000,0,0,0,0,0,0,13000,1000,0,1000,18000,6000,12000,358000
05732P,臺股指統一96售02,0,0,0,0,0,0,0,0,0,357000,0,0,0,360000,3000,357000,357000
050742,新日興永豐94購01,0,0,0,0,0,0,0,0,0,356000,0,0,0,591000,235000,356000,356000
056854,友達中信9A購01  ,0,0,0,0,0,0,0,0,0,352000,0,0,0,1122000,770000,352000,352000
055237,晶豪科台新97購01,0,0,0,0,0,0,0,0,0,352000,0,0,0,372000,20000,352000,352000
4414,如興            ,660000,308000,352000,0,0,0,0,0,0,0,0,0,0,0,0,0,352000
055402,正文元富97購02  ,0,0,0,0,0,0,0,0,0,351000,0,0,0,351000,0,351000,351000
2353,宏碁            ,1243000,912332,330668,0,0,0,0,0,0,20000,13000,0,13000,7000,0,7000,350668
046715,美律國泰94購01  ,0,0,0,0,0,0,0,0,0,350000,0,0,0,350000,0,350000,350000
05256P,義隆凱基95售02  ,0,0,0,0,0,0,0,0,0,350000,0,0,0,350000,0,350000,350000
055045,台肥永豐97購01  ,0,0,0,0,0,0,0,0,0,349000,0,0,0,350000,1000,349000,349000
055064,碩天永豐97購01  ,0,50000,-50000,0,0,0,0,0,0,398000,0,0,0,398000,0,398000,348000
05906P,國巨元富96售05  ,0,0,0,0,0,0,0,0,0,348000,0,0,0,348000,0,348000,348000
049293,友訊群益95購01  ,0,0,0,0,0,0,0,0,0,347000,0,0,0,377000,30000,347000,347000
052250,光磊永豐95購01  ,0,0,0,0,0,0,0,0,0,345000,0,0,0,355000,10000,345000,345000
2014,中鴻            ,586000,241000,345000,0,0,0,0,0,0,0,0,0,0,0,0,0,345000
047901,復盛群益93購01  ,0,0,0,0,0,0,0,0,0,344000,0,0,0,483000,139000,344000,344000
050883,嘉聯益國泰96購01,0,0,0,0,0,0,0,0,0,344000,0,0,0,344000,0,344000,344000
2101,南港            ,704000,362000,342000,0,0,0,0,0,0,-1000,1000,0,1000,15000,17000,-2000,341000
057092,健策元富98購01  ,0,0,0,0,0,0,0,0,0,340000,0,0,0,383000,43000,340000,340000
050814,微星凱基95購01  ,0,0,0,0,0,0,0,0,0,340000,0,0,0,340000,0,340000,340000
05467P,聯電元大95售02  ,0,0,0,0,0,0,0,0,0,340000,0,0,0,350000,10000,340000,340000
08582P,臺股指元大9C售30,0,0,0,0,0,0,0,0,0,340000,0,0,0,340000,0,340000,340000
2454,聯發科          ,3704733,3449663,255070,0,0,0,10000,120000,-110000,194000,74000,6000,68000,198000,72000,126000,339070
051457,寶成元大95購01  ,0,0,0,0,0,0,0,0,0,339000,0,0,0,339000,0,339000,339000
052746,泰碩元大97購01  ,0,0,0,0,0,0,0,0,0,337000,0,0,0,346000,9000,337000,337000
05683P,矽創元大96售01  ,0,0,0,0,0,0,0,0,0,336000,0,0,0,336000,0,336000,336000
049279,元油2X國票94購02,0,0,0,0,0,0,0,0,0,336000,0,0,0,336000,0,336000,336000
05796P,臺股指群益96售10,0,0,0,0,0,0,0,0,0,335000,0,0,0,370000,35000,335000,335000
06468P,華新科統一98售02,0,0,0,0,0,0,0,0,0,335000,0,0,0,335000,0,335000,335000
051863,技嘉凱基95購01  ,0,0,0,0,0,0,0,0,0,333000,0,0,0,752000,419000,333000,333000
3532,台勝科          ,506000,183000,323000,0,0,0,30000,0,30000,-20000,12000,3000,9000,9000,38000,-29000,333000
047882,超眾國泰94購01  ,0,0,0,0,0,0,0,0,0,331000,0,0,0,411000,80000,331000,331000
3006,晶豪科          ,223000,237000,-14000,0,0,0,0,0,0,345000,15000,0,15000,366000,36000,330000,331000
056429,華通凱基98購02  ,0,0,0,0,0,0,0,0,0,330000,0,0,0,356000,26000,330000,330000
1909,榮成            ,567000,366000,201000,0,0,0,123000,0,123000,6000,6000,0,6000,0,0,0,330000
050481,泰鼎國票96購01  ,0,0,0,0,0,0,0,0,0,328000,0,0,0,328000,0,328000,328000
054682,東元永豐97購01  ,0,0,0,0,0,0,0,0,0,328000,0,0,0,328000,0,328000,328000
056962,技嘉永豐98購01  ,0,0,0,0,0,0,0,0,0,327000,0,0,0,581000,254000,327000,327000
054249,技嘉元大96購03  ,0,0,0,0,0,0,0,0,0,327000,0,0,0,486000,159000,327000,327000
057074,立積永豐98購01  ,0,0,0,0,0,0,0,0,0,325000,0,0,0,588000,263000,325000,325000
03885P,華新科統一96售01,0,0,0,0,0,0,0,0,0,325000,0,0,0,325000,0,325000,325000
045618,元油2X永豐98購01,0,0,0,0,0,0,0,0,0,325000,0,0,0,505000,180000,325000,325000
053822,正文群益97購01  ,0,0,0,0,0,0,0,0,0,324000,0,0,0,406000,82000,324000,324000
2841,台開            ,823000,500000,323000,0,0,0,0,0,0,1000,1000,0,1000,0,0,0,324000
8996,高力            ,566000,201000,365000,0,0,0,0,0,0,-41000,1000,42000,-41000,0,0,0,324000
056423,奇鋐統一98購01  ,0,0,0,0,0,0,0,0,0,323000,0,0,0,573000,250000,323000,323000
055054,群光永豐97購01  ,0,0,0,0,0,0,0,0,0,322000,0,0,0,322000,0,322000,322000
055725,嘉聯益元大98購03,0,0,0,0,0,0,0,0,0,322000,0,0,0,469000,147000,322000,322000
054685,國巨永豐97購02  ,0,0,0,0,0,0,0,0,0,322000,0,0,0,719000,397000,322000,322000
056193,聯發科富邦99購08,0,0,0,0,0,0,0,0,0,321000,0,0,0,485000,164000,321000,321000
046290,儒鴻統一93購01  ,0,0,0,0,0,0,0,0,0,321000,0,0,0,326000,5000,321000,321000
04340P,易華電元大94售02,0,0,0,0,0,0,0,0,0,320000,0,0,0,320000,0,320000,320000
052048,景碩凱基95購01  ,0,0,0,0,0,0,0,0,0,320000,0,0,0,320000,0,320000,320000
054282,泰鼎群益98購02  ,0,0,0,0,0,0,0,0,0,318000,0,0,0,913000,595000,318000,318000
053098,國巨元富96購04  ,0,0,0,0,0,0,0,0,0,318000,0,0,0,439000,121000,318000,318000
052115,T50反1國票95購03,0,0,0,0,0,0,0,0,0,315000,0,0,0,454000,139000,315000,315000
054364,智伸科凱基96購01,0,0,0,0,0,0,0,0,0,315000,0,0,0,320000,5000,315000,315000
3665,貿聯-KY         ,393000,165000,228000,0,0,0,0,0,0,87000,28000,6000,22000,68000,3000,65000,315000
2419,仲琦            ,358000,43000,315000,0,0,0,0,0,0,0,0,0,0,0,0,0,315000
06028P,智邦台新97售01  ,0,0,0,0,0,0,0,0,0,314000,0,0,0,319000,5000,314000,314000
054228,貿聯元富96購03  ,0,0,0,0,0,0,0,0,0,313000,0,0,0,341000,28000,313000,313000
2375,凱美            ,450000,227000,223000,0,0,0,0,0,0,89000,0,8000,-8000,113000,16000,97000,312000
045630,技嘉凱基93購02  ,0,0,0,0,0,0,0,0,0,310000,0,0,0,472000,162000,310000,310000
04754P,宏達電元富94售02,0,0,0,0,0,0,0,0,0,310000,0,0,0,316000,6000,310000,310000
05420P,大立光國泰97售03,0,0,0,0,0,0,0,0,0,310000,0,0,0,481000,171000,310000,310000
053971,聯發科元大97購09,0,0,0,0,0,0,0,0,0,310000,0,0,0,310000,0,310000,310000
055255,欣興統一97購02  ,0,0,0,0,0,0,0,0,0,308000,0,0,0,323000,15000,308000,308000
03399P,欣興中信02售03  ,0,0,0,0,0,0,0,0,0,308000,0,0,0,340000,32000,308000,308000
056331,聯鈞國票99購01  ,0,0,0,0,0,0,0,0,0,307000,0,0,0,551000,244000,307000,307000
056754,智易兆豐99購01  ,0,0,0,0,0,0,0,0,0,306000,0,0,0,317000,11000,306000,306000
050714,深中小群益98購01,0,0,0,0,0,0,0,0,0,306000,0,0,0,590000,284000,306000,306000
054820,新日興元大97購01,0,0,0,0,0,0,0,0,0,306000,0,0,0,560000,254000,306000,306000
06110P,國巨國泰98售02  ,0,0,0,0,0,0,0,0,0,306000,0,0,0,788000,482000,306000,306000
04813P,智邦元大94售07  ,0,0,0,0,0,0,0,0,0,305000,0,0,0,305000,0,305000,305000
052239,泰鼎國票97購01  ,0,0,0,0,0,0,0,0,0,305000,0,0,0,569000,264000,305000,305000
056110,嘉聯益永豐97購02,0,0,0,0,0,0,0,0,0,302000,0,0,0,403000,101000,302000,302000
053104,台表科元富96購02,0,0,0,0,0,0,0,0,0,302000,0,0,0,322000,20000,302000,302000
054158,國巨日盛99購01  ,0,0,0,0,0,0,0,0,0,302000,0,0,0,1863000,1561000,302000,302000
047386,南亞科元大93購01,0,0,0,0,0,0,0,0,0,301000,0,0,0,321000,20000,301000,301000
8163,達方            ,461000,167000,294000,0,0,0,0,0,0,7000,3000,0,3000,4000,0,4000,301000
05100P,智邦凱基95售02  ,0,0,0,0,0,0,0,0,0,300000,0,0,0,300000,0,300000,300000
04745P,祥碩元大94售04  ,0,0,0,0,0,0,0,0,0,300000,0,0,0,300000,0,300000,300000
04615P,華新科群益94售03,0,0,0,0,0,0,0,0,0,300000,0,0,0,300000,0,300000,300000
051358,台新金元大95購01,0,0,0,0,0,0,0,0,0,300000,0,0,0,300000,0,300000,300000
05004P,健策統一95售01  ,0,0,0,0,0,0,0,0,0,300000,0,0,0,400000,100000,300000,300000
053761,健策國泰98購01  ,0,0,0,0,0,0,0,0,0,300000,0,0,0,1467000,1167000,300000,300000
05454P,奇鋐群益95售04  ,0,0,0,0,0,0,0,0,0,300000,0,0,0,381000,81000,300000,300000
053203,智易日盛96購01  ,0,0,0,0,0,0,0,0,0,300000,0,0,0,300000,0,300000,300000
050051,智原群益94購01  ,0,0,0,0,0,0,0,0,0,299000,0,0,0,299000,0,299000,299000
050361,T50反1元大94購07,0,0,0,0,0,0,0,0,0,299000,0,0,0,299000,0,299000,299000
053620,臺股指群益96購06,0,0,0,0,0,0,0,0,0,299000,0,0,0,355000,56000,299000,299000
052491,泰碩國票99購01  ,0,0,0,0,0,0,0,0,0,299000,0,0,0,305000,6000,299000,299000
06481P,台積電凱基98售12,0,0,0,0,0,0,0,0,0,299000,0,0,0,300000,1000,299000,299000
3673,TPK-KY          ,593000,322000,271000,0,0,0,0,0,0,28000,23000,0,23000,5000,0,5000,299000
055736,宏達電元富99購01,0,0,0,0,0,0,0,0,0,298000,0,0,0,304000,6000,298000,298000
055374,明泰元大97購01  ,0,0,0,0,0,0,0,0,0,298000,0,0,0,300000,2000,298000,298000
052498,台積電永豐95購06,0,0,0,0,0,0,0,0,0,298000,0,0,0,318000,20000,298000,298000
048563,明泰元大94購01  ,0,0,0,0,0,0,0,0,0,297000,0,0,0,307000,10000,297000,297000
053752,超眾永豐96購02  ,0,0,0,0,0,0,0,0,0,297000,0,0,0,354000,57000,297000,297000
06268P,聯詠凱基97售02  ,0,0,0,0,0,0,0,0,0,296000,0,0,0,400000,104000,296000,296000
048566,上海銀元大93購04,0,0,0,0,0,0,0,0,0,295000,0,0,0,308000,13000,295000,295000
052506,日月光日盛95購01,0,0,0,0,0,0,0,0,0,295000,0,0,0,316000,21000,295000,295000
8046,南電            ,885000,1108000,-223000,0,0,0,491000,0,491000,27000,54000,9000,45000,68000,86000,-18000,295000
056113,新日興兆豐98購01,0,0,0,0,0,0,0,0,0,294000,0,0,0,874000,580000,294000,294000
2385,群光            ,1919000,1600000,319000,0,0,0,0,0,0,-25000,1000,0,1000,12000,38000,-26000,294000
056424,泰碩統一98購01  ,0,0,0,0,0,0,0,0,0,293000,0,0,0,372000,79000,293000,293000
047207,晶技國泰94購01  ,0,0,0,0,0,0,0,0,0,293000,0,0,0,293000,0,293000,293000
045308,泰鼎元大93購02  ,0,0,0,0,0,0,0,0,0,293000,0,0,0,327000,34000,293000,293000
052765,新日興群益97購01,0,0,0,0,0,0,0,0,0,292000,0,0,0,333000,41000,292000,292000
048726,儒鴻麥證95購01  ,0,0,0,291000,0,291000,0,0,0,291000,0,0,0,291000,0,291000,291000
053536,明泰永豐96購01  ,0,0,0,0,0,0,0,0,0,291000,0,0,0,405000,114000,291000,291000
056413,上証反中信9A購01,0,0,0,0,0,0,0,0,0,290000,0,0,0,320000,30000,290000,290000
055098,臺股指群益97購01,0,0,0,0,0,0,0,0,0,290000,0,0,0,300000,10000,290000,290000
047584,元金2X永豐95購01,0,0,0,0,0,0,0,0,0,290000,0,0,0,300000,10000,290000,290000
04784P,超眾元富94售01  ,0,0,0,0,0,0,0,0,0,289000,0,0,0,300000,11000,289000,289000
053087,冠德元大96購02  ,0,0,0,0,0,0,0,0,0,289000,0,0,0,300000,11000,289000,289000
054411,光磊元大97購02  ,0,0,0,0,0,0,0,0,0,289000,0,0,0,365000,76000,289000,289000
05509P,智邦元富96售02  ,0,0,0,0,0,0,0,0,0,288000,0,0,0,306000,18000,288000,288000
053641,正文永豐96購01  ,0,0,0,0,0,0,0,0,0,288000,0,0,0,288000,0,288000,288000
6670,復盛應用        ,453000,175000,278000,0,0,0,0,19000,-19000,29000,25000,0,25000,9000,5000,4000,288000
05867P,友達兆豐97售02  ,0,0,0,0,0,0,0,0,0,287000,0,0,0,307000,20000,287000,287000
2367,燿華            ,663000,431000,232000,0,0,0,0,0,0,54000,2000,0,2000,53000,1000,52000,286000
055186,正文統一97購01  ,0,0,0,0,0,0,0,0,0,285000,0,0,0,285000,0,285000,285000
051923,聯發科日盛95購02,0,0,0,0,0,0,0,0,0,285000,0,0,0,509000,224000,285000,285000
054795,合勤控群益98購01,0,0,0,0,0,0,0,0,0,285000,0,0,0,503000,218000,285000,285000
047681,滬深反中信95購01,0,0,0,0,0,0,0,0,0,284000,0,0,0,1115000,831000,284000,284000
055300,緯穎元大98購01  ,0,0,0,0,0,0,0,0,0,282000,0,0,0,701000,419000,282000,282000
047893,嘉聯益兆豐94購01,0,0,0,0,0,0,0,0,0,282000,0,0,0,282000,0,282000,282000
051696,新日興中信96購01,0,0,0,0,0,0,0,0,0,282000,0,0,0,680000,398000,282000,282000
05759P,智邦永豐96售02  ,0,0,0,0,0,0,0,0,0,281000,0,0,0,281000,0,281000,281000
03438P,群創群益98售03  ,0,0,0,0,0,0,0,0,0,281000,0,0,0,289000,8000,281000,281000
03109P,台積電元大01售41,0,0,0,0,0,0,0,0,0,280000,0,0,0,280000,0,280000,280000
052547,光磊兆豐96購01  ,0,0,0,0,0,0,0,0,0,280000,0,0,0,408000,128000,280000,280000
046066,長榮航凱基94購01,0,0,0,0,0,0,0,0,0,279000,0,0,0,329000,50000,279000,279000
05496P,聯詠統一95售04  ,0,0,0,0,0,0,0,0,0,279000,0,0,0,279000,0,279000,279000
04808P,訊芯永豐94售02  ,0,0,0,0,0,0,0,0,0,278000,0,0,0,323000,45000,278000,278000
050465,神基中信94購01  ,0,0,0,0,0,0,0,0,0,278000,0,0,0,346000,68000,278000,278000
049448,光磊統一94購01  ,0,0,0,0,0,0,0,0,0,277000,0,0,0,277000,0,277000,277000
051988,台光電元大95購01,0,0,0,0,0,0,0,0,0,277000,0,0,0,449000,172000,277000,277000
053539,智易永豐96購01  ,0,0,0,0,0,0,0,0,0,277000,0,0,0,277000,0,277000,277000
044382,嘉聯益群益94購01,0,0,0,0,0,0,0,0,0,276000,0,0,0,278000,2000,276000,276000
06249P,億光統一97售02  ,0,0,0,0,0,0,0,0,0,276000,0,0,0,276000,0,276000,276000
048933,晶豪科永豐94購01,0,0,0,0,0,0,0,0,0,275000,0,0,0,275000,0,275000,275000
056979,微星群益98購01  ,0,0,0,0,0,0,0,0,0,274000,0,0,0,274000,0,274000,274000
048295,泰鼎群益93購01  ,0,0,0,0,0,0,0,0,0,274000,0,0,0,313000,39000,274000,274000
06042P,華新科永豐96售04,0,0,0,0,0,0,0,0,0,273000,0,0,0,333000,60000,273000,273000
6257,矽格            ,415000,389498,25502,0,0,0,0,0,0,246000,3000,33000,-30000,276000,0,276000,271502
055747,康舒元富97購01  ,0,0,0,0,0,0,0,0,0,270000,0,0,0,310000,40000,270000,270000
04198P,滬深2X群益95售04,0,0,0,0,0,0,0,0,0,270000,0,0,0,280000,10000,270000,270000
046011,欣興元富95購01  ,0,0,0,0,0,0,0,0,0,269000,0,0,0,464000,195000,269000,269000
4977,眾達-KY         ,345000,79000,266000,0,0,0,25000,0,25000,-22000,11000,33000,-22000,0,0,0,269000
046792,京元電元富96購01,0,0,0,0,0,0,0,0,0,268000,0,0,0,269000,1000,268000,268000
052444,友訊元大95購01  ,0,0,0,0,0,0,0,0,0,266000,0,0,0,566000,300000,266000,266000
056871,新日興日盛99購01,0,0,0,0,0,0,0,0,0,265000,0,0,0,316000,51000,265000,265000
045957,技嘉凱基93購03  ,0,0,0,0,0,0,0,0,0,265000,0,0,0,367000,102000,265000,265000
056510,正文永豐98購02  ,0,0,0,0,0,0,0,0,0,264000,0,0,0,316000,52000,264000,264000
048178,上銀富邦95購02  ,0,0,0,0,0,0,0,0,0,264000,0,0,0,281000,17000,264000,264000
052807,貿聯元大98購01  ,0,0,0,0,0,0,0,0,0,264000,0,0,0,514000,250000,264000,264000
051470,玉晶光日盛95購01,0,0,0,0,0,0,0,0,0,264000,0,0,0,265000,1000,264000,264000
053961,揚明光永豐96購04,0,0,0,0,0,0,0,0,0,264000,0,0,0,284000,20000,264000,264000
054590,嘉聯益國泰98購01,0,0,0,0,0,0,0,0,0,263000,0,0,0,401000,138000,263000,263000
06118P,上証2X凱基98售03,0,0,0,0,0,0,0,0,0,263000,0,0,0,266000,3000,263000,263000
05411P,台積電國票96售08,0,0,0,0,0,0,0,0,0,262000,0,0,0,299000,37000,262000,262000
2387,精元            ,458000,221000,237000,0,0,0,0,0,0,24000,1000,2000,-1000,25000,0,25000,261000
047911,晶技麥證94購01  ,0,0,0,330000,70000,260000,0,0,0,260000,0,0,0,330000,70000,260000,260000
053870,正文元大96購01  ,0,0,0,0,0,0,0,0,0,260000,0,0,0,332000,72000,260000,260000
05722P,玉晶光國票97售03,0,0,0,0,0,0,0,0,0,259000,0,0,0,354000,95000,259000,259000
03162P,泰碩元大01售02  ,0,0,0,0,0,0,0,0,0,259000,0,0,0,451000,192000,259000,259000
051600,新日興兆豐96購02,0,0,0,0,0,0,0,0,0,259000,0,0,0,406000,147000,259000,259000
05613P,臻鼎台新96售01  ,0,0,0,0,0,0,0,0,0,258000,0,0,0,261000,3000,258000,258000
051061,中磊群益95購01  ,0,0,0,0,0,0,0,0,0,258000,0,0,0,537000,279000,258000,258000
056236,台積電群益97購06,0,0,0,0,0,0,0,0,0,257000,0,0,0,272000,15000,257000,257000
055882,嘉聯益元富97購01,0,0,0,0,0,0,0,0,0,257000,0,0,0,287000,30000,257000,257000
048606,聯發科日盛93購02,0,0,0,0,0,0,0,0,0,257000,0,0,0,300000,43000,257000,257000
044805,旭富凱基93購01  ,0,0,0,0,0,0,0,0,0,257000,0,0,0,257000,0,257000,257000
051718,上証2X永豐95購01,0,0,0,0,0,0,0,0,0,257000,0,0,0,282000,25000,257000,257000
057026,長榮航凱基98購01,0,0,0,0,0,0,0,0,0,256000,0,0,0,261000,5000,256000,256000
054667,神基元富97購01  ,0,0,0,0,0,0,0,0,0,255000,0,0,0,477000,222000,255000,255000
05313P,臺股指群益95售12,0,0,0,0,0,0,0,0,0,255000,0,0,0,260000,5000,255000,255000
03643C,臺股指元富99牛04,0,0,0,0,0,0,0,0,0,254000,0,0,0,330000,76000,254000,254000
053234,奇鋐永豐96購01  ,0,0,0,0,0,0,0,0,0,254000,0,0,0,254000,0,254000,254000
052621,台郡富邦97購01  ,20000,0,20000,0,0,0,0,0,0,234000,0,0,0,300000,66000,234000,254000
056118,聯詠群益97購03  ,0,0,0,0,0,0,0,0,0,253000,0,0,0,314000,61000,253000,253000
052467,嘉聯益統一96購01,0,0,0,0,0,0,0,0,0,253000,0,0,0,266000,13000,253000,253000
6443,元晶            ,347000,94000,253000,0,0,0,0,0,0,0,0,0,0,0,0,0,253000
03247P,聯電元富03售02  ,0,0,0,0,0,0,0,0,0,252000,0,0,0,252000,0,252000,252000
05170P,世芯元大95售01  ,0,0,0,0,0,0,0,0,0,252000,0,0,0,890000,638000,252000,252000
2316,楠梓電          ,387000,155000,232000,0,0,0,0,0,0,20000,2000,0,2000,34000,16000,18000,252000
048495,南亞科元大93購04,0,0,0,0,0,0,0,0,0,251000,0,0,0,278000,27000,251000,251000
056392,玉晶光富邦9C購01,0,0,0,0,0,0,0,0,0,250000,0,0,0,264000,14000,250000,250000
04136P,智邦元大93售09  ,0,0,0,0,0,0,0,0,0,250000,0,0,0,250000,0,250000,250000
048284,臺股指中信95購04,0,0,0,0,0,0,0,0,0,250000,0,0,0,250000,0,250000,250000
052319,可成元大95購12  ,0,0,0,0,0,0,0,0,0,250000,0,0,0,472000,222000,250000,250000
05637P,聯電元大96售04  ,0,0,0,0,0,0,0,0,0,249000,0,0,0,279000,30000,249000,249000
05156P,群創兆豐95售01  ,0,0,0,0,0,0,0,0,0,249000,0,0,0,249000,0,249000,249000
050098,嘉聯益國泰95購02,0,0,0,0,0,0,0,0,0,249000,0,0,0,523000,274000,249000,249000
05039P,鴻海凱基95售10  ,0,0,0,0,0,0,0,0,0,249000,0,0,0,349000,100000,249000,249000
05278P,台郡元富95售02  ,0,0,0,0,0,0,0,0,0,249000,0,0,0,276000,27000,249000,249000
052195,健策元富95購01  ,0,0,0,0,0,0,0,0,0,249000,0,0,0,304000,55000,249000,249000
053357,可成統一96購02  ,0,0,0,0,0,0,0,0,0,249000,0,0,0,340000,91000,249000,249000
056290,正文永豐98購01  ,0,0,0,0,0,0,0,0,0,248000,0,0,0,280000,32000,248000,248000
045873,元油2X元富98購04,0,0,0,0,0,0,0,0,0,248000,0,0,0,358000,110000,248000,248000
049386,嘉聯益元大95購01,0,0,0,0,0,0,0,0,0,248000,0,0,0,249000,1000,248000,248000
050314,晶技兆豐94購01  ,0,0,0,0,0,0,0,0,0,248000,0,0,0,349000,101000,248000,248000
054608,致茂永豐97購01  ,0,0,0,0,0,0,0,0,0,248000,0,0,0,282000,34000,248000,248000
06131P,京鼎元富97售02  ,0,0,0,0,0,0,0,0,0,248000,0,0,0,248000,0,248000,248000
5876,上海商銀        ,1096000,681000,415000,0,0,0,0,0,0,-167000,3000,0,3000,20000,190000,-170000,248000
051089,旺宏元大96購04  ,0,0,0,0,0,0,0,0,0,246000,0,0,0,301000,55000,246000,246000
06091P,華新科統一97售01,0,0,0,0,0,0,0,0,0,246000,0,0,0,246000,0,246000,246000
046573,上緯控國泰94購01,0,0,0,0,0,0,0,0,0,245000,0,0,0,245000,0,245000,245000
036805,國巨元富93購02  ,0,0,0,0,0,0,0,0,0,245000,0,0,0,245000,0,245000,245000
053035,台表科兆豐97購01,0,0,0,0,0,0,0,0,0,245000,0,0,0,349000,104000,245000,245000
055308,聯發科群益97購04,0,0,0,0,0,0,0,0,0,244000,0,0,0,357000,113000,244000,244000
0061,元大寶滬深      ,292000,0,292000,0,0,0,0,0,0,-48000,10000,0,10000,33000,91000,-58000,244000
050535,台表科群益94購02,0,0,0,0,0,0,0,0,0,244000,0,0,0,327000,83000,244000,244000
06323P,台郡統一97售01  ,0,0,0,0,0,0,0,0,0,244000,0,0,0,409000,165000,244000,244000
047886,京元電富邦95購01,0,0,0,0,0,0,0,0,0,243000,0,0,0,341000,98000,243000,243000
05315P,鴻海永昌96售08  ,0,0,0,0,0,0,0,0,0,243000,0,0,0,320000,77000,243000,243000
2349,錸德            ,447000,207000,240000,0,0,0,0,0,0,2000,2000,0,2000,0,0,0,242000
053896,麗豐群益97購01  ,0,0,0,0,0,0,0,0,0,241000,0,0,0,302000,61000,241000,241000
055201,興勤群益98購01  ,0,0,0,0,0,0,0,0,0,240000,0,0,0,240000,0,240000,240000
055877,奇鋐元富97購01  ,0,0,0,0,0,0,0,0,0,240000,0,0,0,240000,0,240000,240000
056476,智原元大98購02  ,0,0,0,0,0,0,0,0,0,240000,0,0,0,424000,184000,240000,240000
048702,正文國票95購01  ,0,0,0,0,0,0,0,0,0,240000,0,0,0,250000,10000,240000,240000
06004P,奇力新永豐96售02,0,0,0,0,0,0,0,0,0,239000,0,0,0,259000,20000,239000,239000
04228P,貿聯永豐93售03  ,0,0,0,0,0,0,0,0,0,238000,0,0,0,238000,0,238000,238000
053770,元金2X元大98購01,0,0,0,0,0,0,0,0,0,238000,0,0,0,350000,112000,238000,238000
2441,超豐            ,324000,109000,215000,0,0,0,0,0,0,23000,23000,0,23000,0,0,0,238000
055362,GIS凱基97購03   ,0,0,0,0,0,0,0,0,0,237000,0,0,0,341000,104000,237000,237000
04905P,國巨國票94售04  ,0,0,0,0,0,0,0,0,0,237000,0,0,0,570000,333000,237000,237000
04893P,創意元大94售03  ,0,0,0,0,0,0,0,0,0,236000,0,0,0,341000,105000,236000,236000
06572P,台積電永昌99售01,0,0,0,0,0,0,0,0,0,235000,0,0,0,3095000,2860000,235000,235000
047295,欣興元富96購02  ,0,0,0,0,0,0,0,0,0,234000,0,0,0,234000,0,234000,234000
050442,復盛凱基94購01  ,0,0,0,0,0,0,0,0,0,234000,0,0,0,280000,46000,234000,234000
056026,智易群益97購01  ,0,0,0,0,0,0,0,0,0,233000,0,0,0,331000,98000,233000,233000
05331P,上証2X國票96售01,0,0,0,0,0,0,0,0,0,233000,0,0,0,244000,11000,233000,233000
03576P,台灣50元富06售01,0,0,0,0,0,0,0,0,0,232000,0,0,0,317000,85000,232000,232000
050195,上海銀元大94購03,0,0,0,0,0,0,0,0,0,232000,0,0,0,255000,23000,232000,232000
052503,大成鋼日盛95購02,0,0,0,0,0,0,0,0,0,232000,0,0,0,232000,0,232000,232000
055316,上銀國票98購01  ,0,0,0,0,0,0,0,0,0,231000,0,0,0,426000,195000,231000,231000
045871,元油2X元富96購03,0,0,0,0,0,0,0,0,0,230000,0,0,0,230000,0,230000,230000
045763,南亞科統一93購01,0,0,0,0,0,0,0,0,0,230000,0,0,0,230000,0,230000,230000
04051P,友達中信94售02  ,0,0,0,0,0,0,0,0,0,230000,0,0,0,230000,0,230000,230000
052563,京元電日盛96購01,0,0,0,0,0,0,0,0,0,230000,0,0,0,260000,30000,230000,230000
052411,嘉聯益亞東95購02,0,0,0,0,0,0,0,0,0,230000,0,0,0,230000,0,230000,230000
054745,智易凱基97購01  ,0,0,0,0,0,0,0,0,0,230000,0,0,0,240000,10000,230000,230000
051006,中磊中信95購01  ,0,0,0,0,0,0,0,0,0,229000,0,0,0,308000,79000,229000,229000
051556,台表科永豐96購01,0,0,0,0,0,0,0,0,0,229000,0,0,0,394000,165000,229000,229000
8926,台汽電          ,456000,252000,204000,0,0,0,0,0,0,25000,25000,0,25000,0,0,0,229000
3576,聯合再生        ,499000,226000,273000,0,0,0,0,0,0,-45000,5000,50000,-45000,0,0,0,228000
05551P,電子類元大96售01,0,0,0,0,0,0,0,0,0,227000,0,0,0,785000,558000,227000,227000
045165,台虹國泰93購01  ,0,0,0,0,0,0,0,0,0,227000,0,0,0,227000,0,227000,227000
047981,南亞科群益93購02,0,0,0,0,0,0,0,0,0,226000,0,0,0,237000,11000,226000,226000
046499,技嘉元大92購02  ,0,0,0,0,0,0,0,0,0,226000,0,0,0,226000,0,226000,226000
049960,嘉聯益統一94購01,0,0,0,0,0,0,0,0,0,226000,0,0,0,226000,0,226000,226000
054424,大成鋼富邦97購02,0,0,0,0,0,0,0,0,0,226000,0,0,0,276000,50000,226000,226000
04325P,創意元大93售06  ,0,0,0,0,0,0,0,0,0,225000,0,0,0,225000,0,225000,225000
051243,微星元大95購01  ,0,0,0,0,0,0,0,0,0,224000,0,0,0,427000,203000,224000,224000
05283P,健鼎元大95售04  ,0,0,0,0,0,0,0,0,0,224000,0,0,0,369000,145000,224000,224000
056828,國巨富邦9A購03  ,0,0,0,0,0,0,0,0,0,222000,0,0,0,248000,26000,222000,222000
00692,富邦公司治理    ,0,0,0,0,0,0,0,0,0,221000,0,0,0,1806000,1585000,221000,221000
053517,崇越群益97購01  ,0,0,0,0,0,0,0,0,0,221000,0,0,0,241000,20000,221000,221000
9933,中鼎            ,1048000,827000,221000,0,0,0,0,0,0,0,0,0,0,0,0,0,221000
047128,新日興日盛93購01,0,0,0,0,0,0,0,0,0,220000,0,0,0,233000,13000,220000,220000
048154,旺宏兆豐94購01  ,0,0,0,0,0,0,0,0,0,220000,0,0,0,369000,149000,220000,220000
06490P,鴻海富邦99售02  ,0,0,0,0,0,0,0,0,0,220000,0,0,0,335000,115000,220000,220000
03769P,聯發科元大93售04,0,0,0,0,0,0,0,0,0,219000,0,0,0,519000,300000,219000,219000
05359P,嘉澤元大95售02  ,0,0,0,0,0,0,0,0,0,218000,0,0,0,248000,30000,218000,218000
052932,正文元大97購01  ,0,0,0,0,0,0,0,0,0,218000,0,0,0,228000,10000,218000,218000
052663,奇鋐國票97購01  ,0,0,0,0,0,0,0,0,0,217000,0,0,0,217000,0,217000,217000
06337P,祥碩元大97售05  ,0,0,0,0,0,0,0,0,0,217000,0,0,0,572000,355000,217000,217000
06106P,國巨群益97售02  ,0,0,0,0,0,0,0,0,0,217000,0,0,0,233000,16000,217000,217000
3045,台灣大          ,719296,517195,202101,0,0,0,0,0,0,14000,14000,0,14000,0,0,0,216101
047416,台泥富邦94購01  ,0,0,0,0,0,0,0,0,0,216000,0,0,0,226000,10000,216000,216000
051993,和碩元大95購03  ,0,0,0,0,0,0,0,0,0,216000,0,0,0,520000,304000,216000,216000
055563,智易凱基97購02  ,0,0,0,0,0,0,0,0,0,215000,0,0,0,215000,0,215000,215000
049007,玉晶光中信96購01,0,0,0,0,0,0,0,0,0,215000,0,0,0,283000,68000,215000,215000
05477P,華新科群益95售06,0,0,0,0,0,0,0,0,0,215000,0,0,0,215000,0,215000,215000
054980,國巨元富97購01  ,0,0,0,0,0,0,0,0,0,215000,0,0,0,908000,693000,215000,215000
2501,國建            ,443000,228000,215000,0,0,0,0,0,0,0,0,0,0,0,0,0,215000
056107,智易永豐97購02  ,0,0,0,0,0,0,0,0,0,214000,0,0,0,218000,4000,214000,214000
051226,英業達群益95購01,0,0,0,0,0,0,0,0,0,214000,0,0,0,225000,11000,214000,214000
1319,東陽            ,473648,249000,224648,0,0,0,0,0,0,-11000,1000,2000,-1000,0,10000,-10000,213648
055360,台表科凱基97購02,0,0,0,0,0,0,0,0,0,213000,0,0,0,247000,34000,213000,213000
055247,聯發科統一98購01,0,0,0,0,0,0,0,0,0,213000,0,0,0,213000,0,213000,213000
044588,元金2X統一93購01,0,0,0,0,0,0,0,0,0,213000,0,0,0,253000,40000,213000,213000
047798,臺股指群益93購09,0,0,0,0,0,0,0,0,0,213000,0,0,0,213000,0,213000,213000
05193P,台郡台新95售01  ,0,0,0,0,0,0,0,0,0,213000,0,0,0,298000,85000,213000,213000
3049,和鑫            ,629000,403000,226000,0,0,0,0,0,0,-13000,4000,0,4000,1000,18000,-17000,213000
056419,欣興元富98購02  ,0,0,0,0,0,0,0,0,0,212000,0,0,0,226000,14000,212000,212000
056931,智原台新98購01  ,0,0,0,0,0,0,0,0,0,212000,0,0,0,229000,17000,212000,212000
053005,微星永豐96購01  ,0,0,0,0,0,0,0,0,0,212000,0,0,0,348000,136000,212000,212000
055799,致茂永豐97購02  ,0,0,0,0,0,0,0,0,0,211000,0,0,0,231000,20000,211000,211000
00783,富邦中証500     ,85000,0,85000,0,0,0,0,0,0,126000,0,0,0,1016000,890000,126000,211000
052894,國巨群益96購03  ,0,0,0,0,0,0,0,0,0,211000,0,0,0,211000,0,211000,211000
6451,訊芯-KY         ,240000,88000,152000,0,0,0,0,0,0,59000,0,2000,-2000,70000,9000,61000,211000
045663,元油2X元富94購01,0,0,0,0,0,0,0,0,0,210000,0,0,0,210000,0,210000,210000
048179,臻鼎富邦97購01  ,0,0,0,0,0,0,0,0,0,210000,0,0,0,210000,0,210000,210000
051256,中磊元大95購01  ,0,0,0,0,0,0,0,0,0,210000,0,0,0,210000,0,210000,210000
054611,全新永豐97購01  ,0,0,0,0,0,0,0,0,0,210000,0,0,0,210000,0,210000,210000
6155,鈞寶            ,236000,26000,210000,0,0,0,0,0,0,0,0,0,0,0,0,0,210000
049370,可成元大94購03  ,0,0,0,0,0,0,0,0,0,209000,0,0,0,346000,137000,209000,209000
053750,致伸永豐96購02  ,0,0,0,0,0,0,0,0,0,209000,0,0,0,209000,0,209000,209000
052424,泰碩國票97購01  ,0,0,0,0,0,0,0,0,0,209000,0,0,0,209000,0,209000,209000
2355,敬鵬            ,422000,216000,206000,0,0,0,0,0,0,3000,3000,0,3000,0,0,0,209000
2426,鼎元            ,218000,11000,207000,0,0,0,0,0,0,2000,2000,0,2000,0,0,0,209000
056077,矽力元大97購07  ,0,0,0,0,0,0,0,0,0,208000,0,0,0,283000,75000,208000,208000
047997,南亞科元大93購03,0,0,0,0,0,0,0,0,0,208000,0,0,0,228000,20000,208000,208000
054635,台達電中信98購01,0,0,0,0,0,0,0,0,0,208000,0,0,0,346000,138000,208000,208000
054791,泰碩群益99購02  ,0,0,0,0,0,0,0,0,0,208000,0,0,0,254000,46000,208000,208000
048936,玉晶光永豐94購05,0,0,0,0,0,0,0,0,0,207000,0,0,0,265000,58000,207000,207000
05312P,臺股指群益95售11,0,0,0,0,0,0,0,0,0,207000,0,0,0,279000,72000,207000,207000
006207,FH滬深          ,4000,1000,3000,0,0,0,0,0,0,203000,0,0,0,277000,74000,203000,206000
051953,矽力元富95購03  ,0,0,0,0,0,0,0,0,0,206000,0,0,0,238000,32000,206000,206000
054381,世芯群益98購01  ,0,0,0,0,0,0,0,0,0,206000,0,0,0,237000,31000,206000,206000
2383,台光電          ,803000,470300,332700,0,0,0,0,78000,-78000,-49000,37000,45000,-8000,4000,45000,-41000,205700
055289,泰碩元大98購01  ,0,0,0,0,0,0,0,0,0,205000,0,0,0,205000,0,205000,205000
050282,T50反1凱基97購01,0,0,0,0,0,0,0,0,0,205000,0,0,0,210000,5000,205000,205000
08164P,滬深2X中信95售04,0,0,0,0,0,0,0,0,0,205000,0,0,0,405000,200000,205000,205000
055304,瑞昱第一98購01  ,0,0,0,0,0,0,0,0,0,203000,0,0,0,204000,1000,203000,203000
046769,百和凱基93購06  ,0,0,0,0,0,0,0,0,0,203000,0,0,0,203000,0,203000,203000
049487,智邦元大94購03  ,0,0,0,0,0,0,0,0,0,203000,0,0,0,214000,11000,203000,203000
052181,南茂元大95購05  ,0,0,0,0,0,0,0,0,0,202000,0,0,0,300000,98000,202000,202000
054810,中橡元大9A購01  ,0,0,0,0,0,0,0,0,0,202000,0,0,0,558000,356000,202000,202000
056267,文曄統一97購02  ,0,0,0,0,0,0,0,0,0,201000,0,0,0,206000,5000,201000,201000
048603,中磊國票94購02  ,0,0,0,0,0,0,0,0,0,201000,0,0,0,201000,0,201000,201000
03665P,華邦電永豐92售01,0,0,0,0,0,0,0,0,0,201000,0,0,0,211000,10000,201000,201000
049322,志超凱基94購02  ,0,0,0,0,0,0,0,0,0,201000,0,0,0,201000,0,201000,201000
04488P,聯發科凱基94售05,0,0,0,0,0,0,0,0,0,200000,0,0,0,200000,0,200000,200000
046797,T50反1元大96購01,0,0,0,0,0,0,0,0,0,200000,0,0,0,200000,0,200000,200000
04776P,聯發科凱基94售06,0,0,0,0,0,0,0,0,0,200000,0,0,0,200000,0,200000,200000
050170,臺指反元大97購02,0,0,0,0,0,0,0,0,0,200000,0,0,0,200000,0,200000,200000
050271,上緯控元大96購01,0,0,0,0,0,0,0,0,0,200000,0,0,0,200000,0,200000,200000
050581,美食國票94購02  ,0,0,0,0,0,0,0,0,0,200000,0,0,0,200000,0,200000,200000
048812,上証2X凱基96購01,0,0,0,0,0,0,0,0,0,200000,0,0,0,200000,0,200000,200000
051796,和碩康和95購01  ,0,0,0,0,0,0,0,0,0,200000,0,0,0,200000,0,200000,200000
05177P,台積電凱基95售12,0,0,0,0,0,0,0,0,0,200000,0,0,0,200000,0,200000,200000
050710,元黃金中信96購01,0,0,0,0,0,0,0,0,0,200000,0,0,0,200000,0,200000,200000
051339,智易永豐95購02  ,0,0,0,0,0,0,0,0,0,200000,0,0,0,252000,52000,200000,200000
052652,台虹永豐96購01  ,0,0,0,0,0,0,0,0,0,200000,0,0,0,200000,0,200000,200000
05272P,臻鼎中信97售03  ,0,0,0,0,0,0,0,0,0,200000,0,0,0,215000,15000,200000,200000
06426P,T50正2元大9B售01,0,0,0,0,0,0,0,0,0,200000,0,0,0,319000,119000,200000,200000
04672P,台積電統一94售09,0,0,0,0,0,0,0,0,0,199000,0,0,0,499000,300000,199000,199000
046680,上証反群益95購01,0,0,0,0,0,0,0,0,0,199000,0,0,0,299000,100000,199000,199000
03857P,聯發科元富99售02,0,0,0,0,0,0,0,0,0,199000,0,0,0,199000,0,199000,199000
049557,南電元富94購02  ,0,0,0,0,0,0,0,0,0,198000,0,0,0,198000,0,198000,198000
06022P,緯穎永豐96售03  ,0,0,0,0,0,0,0,0,0,197000,0,0,0,197000,0,197000,197000
4968,立積            ,339000,171000,168000,0,0,0,0,0,0,29000,18000,0,18000,18000,7000,11000,197000
057119,微星康和98購01  ,0,0,0,0,0,0,0,0,0,196000,0,0,0,196000,0,196000,196000
055433,嘉聯益群益99購01,0,0,0,0,0,0,0,0,0,196000,0,0,0,362000,166000,196000,196000
048747,華通元富97購01  ,0,0,0,0,0,0,0,0,0,196000,0,0,0,196000,0,196000,196000
053698,中磊元大96購02  ,0,0,0,0,0,0,0,0,0,196000,0,0,0,267000,71000,196000,196000
053380,南亞科元大97購01,0,0,0,0,0,0,0,0,0,196000,0,0,0,215000,19000,196000,196000
2363,矽統            ,342000,147000,195000,0,0,0,0,0,0,1000,1000,0,1000,0,0,0,196000
056495,泰鼎國泰99購01  ,0,0,0,0,0,0,0,0,0,195000,0,0,0,583000,388000,195000,195000
046645,技嘉國泰94購01  ,0,0,0,0,0,0,0,0,0,195000,0,0,0,739000,544000,195000,195000
051846,S&P反1中信96購02,0,0,0,0,0,0,0,0,0,195000,0,0,0,200000,5000,195000,195000
06338P,亞德客統一97售02,0,0,0,0,0,0,0,0,0,195000,0,0,0,346000,151000,195000,195000
055232,泰碩國票98購01  ,0,0,0,0,0,0,0,0,0,194000,0,0,0,216000,22000,194000,194000
050397,力成元富94購01  ,0,0,0,0,0,0,0,0,0,194000,0,0,0,321000,127000,194000,194000
054720,禾伸堂永豐97購01,0,0,0,0,0,0,0,0,0,194000,0,0,0,196000,2000,194000,194000
06453P,群創元大9B售02  ,0,0,0,0,0,0,0,0,0,194000,0,0,0,194000,0,194000,194000
056641,華通凱基98購03  ,0,0,0,0,0,0,0,0,0,193000,0,0,0,228000,35000,193000,193000
056345,嘉聯益凱基99購01,0,0,0,0,0,0,0,0,0,192000,0,0,0,219000,27000,192000,192000
055857,嘉聯益元大97購04,0,0,0,0,0,0,0,0,0,192000,0,0,0,192000,0,192000,192000
052167,亞泥元大96購01  ,0,0,0,0,0,0,0,0,0,192000,0,0,0,206000,14000,192000,192000
054012,廣達永豐96購01  ,0,0,0,0,0,0,0,0,0,192000,0,0,0,389000,197000,192000,192000
052872,智易凱基96購01  ,0,0,0,0,0,0,0,0,0,192000,0,0,0,202000,10000,192000,192000
2605,新興            ,132000,155000,-23000,0,0,0,0,0,0,215000,215000,0,215000,0,0,0,192000
06339P,上銀統一97售06  ,0,0,0,0,0,0,0,0,0,191000,0,0,0,244000,53000,191000,191000
4961,天鈺            ,201000,9000,192000,0,0,0,0,0,0,-1000,0,0,0,0,1000,-1000,191000
03418B,臺股指元大95熊20,0,0,0,0,0,0,0,0,0,190000,0,0,0,249000,59000,190000,190000
04338P,亞光元大93售04  ,0,0,0,0,0,0,0,0,0,190000,0,0,0,190000,0,190000,190000
051967,康友永豐95購02  ,0,0,0,0,0,0,0,0,0,190000,0,0,0,190000,0,190000,190000
048821,光磊凱基95購01  ,0,0,0,0,0,0,0,0,0,190000,0,0,0,260000,70000,190000,190000
053721,國泰金凱基97購01,0,0,0,0,0,0,0,0,0,190000,0,0,0,200000,10000,190000,190000
2481,強茂            ,336000,113000,223000,0,0,0,0,0,0,-33000,0,0,0,0,33000,-33000,190000
2451,創見            ,331000,106000,225000,0,0,0,0,0,0,-35000,4000,0,4000,0,39000,-39000,190000
06269P,群創凱基98售10  ,0,0,0,0,0,0,0,0,0,189000,0,0,0,189000,0,189000,189000
056157,聯詠凱基97購03  ,0,0,0,0,0,0,0,0,0,188000,0,0,0,234000,46000,188000,188000
049047,台達電台新94購01,0,0,0,0,0,0,0,0,0,188000,0,0,0,188000,0,188000,188000
054563,泰碩群益99購01  ,0,0,0,0,0,0,0,0,0,188000,0,0,0,188000,0,188000,188000
047280,泰鼎永豐93購01  ,0,0,0,0,0,0,0,0,0,187000,0,0,0,494000,307000,187000,187000
049091,訊連凱基94購01  ,0,0,0,0,0,0,0,0,0,186000,0,0,0,197000,11000,186000,186000
054243,國喬元大96購01  ,0,0,0,0,0,0,0,0,0,186000,0,0,0,200000,14000,186000,186000
056954,聯詠富邦9A購01  ,0,0,0,0,0,0,0,0,0,185000,0,0,0,202000,17000,185000,185000
057200,技嘉元富98購01  ,0,0,0,0,0,0,0,0,0,185000,0,0,0,320000,135000,185000,185000
03544P,鴻海群益02售07  ,0,0,0,0,0,0,0,0,0,185000,0,0,0,185000,0,185000,185000
048062,南亞科統一93購05,0,0,0,0,0,0,0,0,0,185000,0,0,0,190000,5000,185000,185000
051142,臺股指永豐95購02,0,0,0,0,0,0,0,0,0,184000,0,0,0,205000,21000,184000,184000
050541,智邦凱基94購04  ,0,0,0,0,0,0,0,0,0,184000,0,0,0,204000,20000,184000,184000
053998,泰鼎群益98購01  ,0,0,0,0,0,0,0,0,0,184000,0,0,0,1057000,873000,184000,184000
054748,正文凱基98購01  ,0,0,0,0,0,0,0,0,0,184000,0,0,0,299000,115000,184000,184000
05763P,致新永豐96售01  ,0,0,0,0,0,0,0,0,0,183000,0,0,0,299000,116000,183000,183000
048149,泰鼎元富95購01  ,0,0,0,0,0,0,0,0,0,183000,0,0,0,751000,568000,183000,183000
052148,康友群益95購03  ,0,0,0,0,0,0,0,0,0,183000,0,0,0,215000,32000,183000,183000
054652,裕隆麥證97購01  ,0,0,0,223000,40000,183000,0,0,0,183000,0,0,0,223000,40000,183000,183000
053066,欣興群益96購02  ,0,0,0,0,0,0,0,0,0,183000,0,0,0,183000,0,183000,183000
06215P,康控永豐97售02  ,0,0,0,0,0,0,0,0,0,183000,0,0,0,183000,0,183000,183000
057188,佐登元大98購01  ,231000,0,231000,0,0,0,0,0,0,-49000,0,0,0,310000,359000,-49000,182000
055091,微星群益97購01  ,0,0,0,0,0,0,0,0,0,182000,0,0,0,193000,11000,182000,182000
049148,全新元大95購01  ,0,0,0,0,0,0,0,0,0,181000,0,0,0,181000,0,181000,181000
055781,聯詠凱基98購01  ,0,0,0,0,0,0,0,0,0,180000,0,0,0,194000,14000,180000,180000
056328,訊芯兆豐98購01  ,0,0,0,0,0,0,0,0,0,180000,0,0,0,264000,84000,180000,180000
056625,致伸永豐98購01  ,0,0,0,0,0,0,0,0,0,180000,0,0,0,180000,0,180000,180000
051794,臻鼎國票96購02  ,0,0,0,0,0,0,0,0,0,180000,0,0,0,180000,0,180000,180000
049331,元石油統一94購01,0,0,0,0,0,0,0,0,0,180000,0,0,0,180000,0,180000,180000
054879,大成鋼統一97購01,0,0,0,0,0,0,0,0,0,180000,0,0,0,188000,8000,180000,180000
055964,正文元大97購02  ,0,0,0,0,0,0,0,0,0,179000,0,0,0,311000,132000,179000,179000
05596P,可成統一96售01  ,0,0,0,0,0,0,0,0,0,178000,0,0,0,256000,78000,178000,178000
055927,南亞科群益97購01,0,0,0,0,0,0,0,0,0,178000,0,0,0,195000,17000,178000,178000
055044,信錦永豐97購01  ,0,0,0,0,0,0,0,0,0,178000,0,0,0,178000,0,178000,178000
056275,國巨國泰98購04  ,0,0,0,0,0,0,0,0,0,178000,0,0,0,483000,305000,178000,178000
050730,復盛國票94購01  ,0,0,0,0,0,0,0,0,0,178000,0,0,0,231000,53000,178000,178000
057214,瑞昱群益98購01  ,0,0,0,0,0,0,0,0,0,177000,0,0,0,270000,93000,177000,177000
055404,超眾元富97購01  ,0,0,0,0,0,0,0,0,0,177000,0,0,0,177000,0,177000,177000
045914,超眾國票93購01  ,0,0,0,0,0,0,0,0,0,177000,0,0,0,177000,0,177000,177000
048645,創意元大94購02  ,0,0,0,0,0,0,0,0,0,177000,0,0,0,202000,25000,177000,177000
054811,裕隆元大9A購01  ,0,0,0,0,0,0,0,0,0,177000,0,0,0,177000,0,177000,177000
054617,超眾永豐97購01  ,0,0,0,0,0,0,0,0,0,177000,0,0,0,397000,220000,177000,177000
052367,聯茂國票96購02  ,0,0,0,0,0,0,0,0,0,177000,0,0,0,267000,90000,177000,177000
047123,中石化中信95購01,0,0,0,0,0,0,0,0,0,176000,0,0,0,176000,0,176000,176000
051291,聯詠統一95購01  ,0,0,0,0,0,0,0,0,0,176000,0,0,0,237000,61000,176000,176000
054227,宏達電元富96購02,0,0,0,0,0,0,0,0,0,176000,0,0,0,176000,0,176000,176000
054331,世芯永豐96購03  ,0,0,0,0,0,0,0,0,0,176000,0,0,0,227000,51000,176000,176000
2324,仁寶            ,8119000,8406727,-287727,0,0,0,30000,0,30000,433000,614000,16000,598000,0,165000,-165000,175273
05760P,京鼎永豐96售02  ,0,0,0,0,0,0,0,0,0,175000,0,0,0,250000,75000,175000,175000
00653L,富邦印度正2     ,159000,1000,158000,0,0,0,0,0,0,17000,0,0,0,48000,31000,17000,175000
051520,新光金凱基97購01,0,0,0,0,0,0,0,0,0,175000,0,0,0,175000,0,175000,175000
054661,嘉聯益元大97購03,0,0,0,0,0,0,0,0,0,175000,0,0,0,313000,138000,175000,175000
052492,易華電國票96購02,0,0,0,0,0,0,0,0,0,175000,0,0,0,175000,0,175000,175000
052679,致伸富邦98購01  ,0,0,0,0,0,0,0,0,0,175000,0,0,0,215000,40000,175000,175000
053030,南亞科第一96購01,0,0,0,0,0,0,0,0,0,175000,0,0,0,175000,0,175000,175000
05621P,聯電中信96售01  ,0,0,0,0,0,0,0,0,0,174000,0,0,0,295000,121000,174000,174000
06375P,矽力元大97售06  ,0,0,0,0,0,0,0,0,0,174000,0,0,0,208000,34000,174000,174000
4190,佐登-KY         ,173000,80000,93000,0,0,0,0,0,0,81000,18000,6000,12000,83000,14000,69000,174000
055081,健鼎中信97購01  ,0,0,0,0,0,0,0,0,0,173000,0,0,0,188000,15000,173000,173000
053838,正文永豐96購02  ,0,0,0,0,0,0,0,0,0,173000,0,0,0,173000,0,173000,173000
3530,晶相光          ,196000,50000,146000,0,0,0,0,0,0,27000,1000,0,1000,31000,5000,26000,173000
050563,臻鼎元富94購07  ,0,0,0,0,0,0,0,0,0,172000,0,0,0,172000,0,172000,172000
053806,鎧勝凱基96購02  ,0,0,0,0,0,0,0,0,0,172000,0,0,0,203000,31000,172000,172000
054314,嘉聯益凱基97購01,0,0,0,0,0,0,0,0,0,172000,0,0,0,276000,104000,172000,172000
6552,易華電          ,203000,33000,170000,0,0,0,0,0,0,2000,4000,0,4000,2000,4000,-2000,172000
05544P,台表科元富96售01,0,0,0,0,0,0,0,0,0,171000,0,0,0,183000,12000,171000,171000
03180P,台灣50元大01售39,0,0,0,0,0,0,0,0,0,171000,0,0,0,237000,66000,171000,171000
055431,和鑫群益98購01  ,0,0,0,0,0,0,0,0,0,170000,0,0,0,170000,0,170000,170000
055760,新日興群益98購02,0,0,0,0,0,0,0,0,0,170000,0,0,0,327000,157000,170000,170000
05921P,同欣電元大96售06,0,0,0,0,0,0,0,0,0,170000,0,0,0,170000,0,170000,170000
051406,泰鼎永豐96購01  ,0,0,0,0,0,0,0,0,0,170000,0,0,0,436000,266000,170000,170000
046618,南亞科凱基93購01,0,0,0,0,0,0,0,0,0,170000,0,0,0,180000,10000,170000,170000
050306,聯發科中信97購01,0,0,0,0,0,0,0,0,0,170000,0,0,0,200000,30000,170000,170000
054965,健策元大98購04  ,0,0,0,0,0,0,0,0,0,170000,0,0,0,684000,514000,170000,170000
053022,欣興國泰98購01  ,0,0,0,0,0,0,0,0,0,169000,0,0,0,180000,11000,169000,169000
055427,技嘉群益98購01  ,0,0,0,0,0,0,0,0,0,168000,0,0,0,252000,84000,168000,168000
039212,台達電台新9A購01,0,0,0,0,0,0,0,0,0,168000,0,0,0,180000,12000,168000,168000
047167,農林康和93購01  ,0,0,0,0,0,0,0,0,0,168000,0,0,0,183000,15000,168000,168000
049026,晶相光群益94購01,0,0,0,0,0,0,0,0,0,168000,0,0,0,168000,0,168000,168000
051674,臻鼎元大95購02  ,0,0,0,0,0,0,0,0,0,168000,0,0,0,198000,30000,168000,168000
048942,上緯控永豐94購01,0,0,0,0,0,0,0,0,0,168000,0,0,0,168000,0,168000,168000
052934,中磊元大96購01  ,0,0,0,0,0,0,0,0,0,168000,0,0,0,239000,71000,168000,168000
5434,崇越            ,263000,139000,124000,0,0,0,2000,0,2000,42000,40000,3000,37000,21000,16000,5000,168000
048391,友訊國票94購01  ,0,0,0,0,0,0,0,0,0,167000,0,0,0,198000,31000,167000,167000
051538,和碩國票96購01  ,0,0,0,0,0,0,0,0,0,167000,0,0,0,168000,1000,167000,167000
06461P,玉晶光國泰9A售01,0,0,0,0,0,0,0,0,0,167000,0,0,0,212000,45000,167000,167000
06411P,晶相光永豐97售03,0,0,0,0,0,0,0,0,0,167000,0,0,0,167000,0,167000,167000
06600P,貿聯永豐98售01  ,0,0,0,0,0,0,0,0,0,167000,0,0,0,167000,0,167000,167000
054639,台新金中信99購01,0,0,0,0,0,0,0,0,0,166000,0,0,0,188000,22000,166000,166000
055838,致茂元大97購03  ,0,0,0,0,0,0,0,0,0,165000,0,0,0,190000,25000,165000,165000
047641,可成元大93購09  ,0,0,0,0,0,0,0,0,0,165000,0,0,0,243000,78000,165000,165000
051392,玉山金兆豐95購01,0,0,0,0,0,0,0,0,0,165000,0,0,0,223000,58000,165000,165000
051252,健鼎元大95購01  ,0,0,0,0,0,0,0,0,0,165000,0,0,0,180000,15000,165000,165000
2201,裕隆            ,1215000,1062000,153000,0,0,0,0,0,0,12000,0,0,0,18000,6000,12000,165000
055913,中信金凱基97購01,0,0,0,0,0,0,0,0,0,164000,0,0,0,164000,0,164000,164000
055424,聚陽群益98購01  ,0,0,0,0,0,0,0,0,0,164000,0,0,0,236000,72000,164000,164000
3376,新日興          ,628000,242000,386000,0,0,0,100000,44000,56000,-278000,79000,24000,55000,76000,409000,-333000,164000
055987,台表科元富97購01,0,0,0,0,0,0,0,0,0,163000,0,0,0,163000,0,163000,163000
05815P,台積電凱基97售06,0,0,0,0,0,0,0,0,0,163000,0,0,0,598000,435000,163000,163000
051139,康友永豐95購01  ,0,0,0,0,0,0,0,0,0,162000,0,0,0,177000,15000,162000,162000
051894,嘉聯益元富95購03,0,0,0,0,0,0,0,0,0,162000,0,0,0,172000,10000,162000,162000
06569P,可成永豐98售01  ,0,0,0,0,0,0,0,0,0,162000,0,0,0,162000,0,162000,162000
06122P,亞光元大98售01  ,0,0,0,0,0,0,0,0,0,162000,0,0,0,167000,5000,162000,162000
04638P,臺股指群益94售13,0,0,0,0,0,0,0,0,0,160000,0,0,0,160000,0,160000,160000
051983,道瓊反元大95購01,0,0,0,0,0,0,0,0,0,160000,0,0,0,160000,0,160000,160000
049067,元油2X凱基94購02,0,0,0,0,0,0,0,0,0,160000,0,0,0,160000,0,160000,160000
049145,南亞科元大94購01,0,0,0,0,0,0,0,0,0,160000,0,0,0,199000,39000,160000,160000
04874P,高股息中信97售01,0,0,0,0,0,0,0,0,0,160000,0,0,0,160000,0,160000,160000
054359,南亞科日盛96購02,0,0,0,0,0,0,0,0,0,160000,0,0,0,314000,154000,160000,160000
05377P,鴻海凱基95售18  ,0,0,0,0,0,0,0,0,0,160000,0,0,0,160000,0,160000,160000
053191,奇鋐統一96購01  ,0,0,0,0,0,0,0,0,0,160000,0,0,0,180000,20000,160000,160000
053298,SP黃豆凱基99購01,0,0,0,0,0,0,0,0,0,160000,0,0,0,180000,20000,160000,160000
3535,晶彩科          ,181000,21000,160000,0,0,0,0,0,0,0,0,0,0,0,0,0,160000
057169,微星元大98購01  ,0,0,0,0,0,0,0,0,0,159000,0,0,0,289000,130000,159000,159000
055396,瑞儀統一97購01  ,0,0,0,0,0,0,0,0,0,159000,0,0,0,159000,0,159000,159000
052017,奇鋐永豐95購01  ,0,0,0,0,0,0,0,0,0,159000,0,0,0,159000,0,159000,159000
048640,南亞科元大93購06,0,0,0,0,0,0,0,0,0,159000,0,0,0,159000,0,159000,159000
054361,技嘉凱基96購01  ,0,0,0,0,0,0,0,0,0,159000,0,0,0,700000,541000,159000,159000
054972,聯茂元大97購02  ,0,0,0,0,0,0,0,0,0,159000,0,0,0,287000,128000,159000,159000
2609,陽明            ,261000,102000,159000,0,0,0,0,0,0,0,0,0,0,0,0,0,159000
05981P,可成永昌98售02  ,0,0,0,0,0,0,0,0,0,159000,0,0,0,170000,11000,159000,159000
055053,瑞昱永豐97購01  ,0,0,0,0,0,0,0,0,0,158000,0,0,0,158000,0,158000,158000
056408,奇鋐國票99購01  ,0,0,0,0,0,0,0,0,0,158000,0,0,0,158000,0,158000,158000
04506P,旺宏元大94售06  ,0,0,0,0,0,0,0,0,0,158000,0,0,0,168000,10000,158000,158000
04138P,智邦國票93售02  ,0,0,0,0,0,0,0,0,0,158000,0,0,0,158000,0,158000,158000
052334,大成鋼日盛95購01,0,0,0,0,0,0,0,0,0,158000,0,0,0,239000,81000,158000,158000
053709,台達電凱基96購04,0,0,0,0,0,0,0,0,0,157000,0,0,0,159000,2000,157000,157000
2329,華泰            ,171000,167000,4000,0,0,0,0,0,0,153000,3000,0,3000,151000,1000,150000,157000
056603,嘉聯益國泰9A購01,0,0,0,0,0,0,0,0,0,156000,0,0,0,186000,30000,156000,156000
057141,嘉聯益兆豐99購01,0,0,0,0,0,0,0,0,0,156000,0,0,0,229000,73000,156000,156000
055530,聯發科群益98購01,0,0,0,0,0,0,0,0,0,156000,0,0,0,208000,52000,156000,156000
048234,美利達凱基93購03,0,0,0,0,0,0,0,0,0,156000,0,0,0,156000,0,156000,156000
043390,康控元大93購01  ,0,0,0,0,0,0,0,0,0,156000,0,0,0,156000,0,156000,156000
050743,京鼎永豐94購02  ,0,0,0,0,0,0,0,0,0,156000,0,0,0,399000,243000,156000,156000
2401,凌陽            ,228000,69000,159000,0,0,0,0,0,0,-3000,3000,4000,-1000,0,2000,-2000,156000
4934,太極            ,362000,206000,156000,0,0,0,0,0,0,0,0,0,0,0,0,0,156000
1611,中電            ,161500,6000,155500,0,0,0,0,0,0,0,0,0,0,0,0,0,155500
055047,南港永豐97購01  ,0,0,0,0,0,0,0,0,0,155000,0,0,0,155000,0,155000,155000
05889P,群創元大98售02  ,0,0,0,0,0,0,0,0,0,155000,0,0,0,155000,0,155000,155000
05731P,創意統一96售03  ,0,0,0,0,0,0,0,0,0,155000,0,0,0,305000,150000,155000,155000
03763P,聯發科元富96售01,0,0,0,0,0,0,0,0,0,155000,0,0,0,310000,155000,155000,155000
049355,元油2X富邦96購04,0,0,0,0,0,0,0,0,0,155000,0,0,0,210000,55000,155000,155000
051877,嘉聯益國票97購02,0,0,0,0,0,0,0,0,0,155000,0,0,0,201000,46000,155000,155000
053112,中磊兆豐97購01  ,0,0,0,0,0,0,0,0,0,155000,0,0,0,165000,10000,155000,155000
05414P,台表科國票96售02,0,0,0,0,0,0,0,0,0,155000,0,0,0,167000,12000,155000,155000
056286,奇鋐永豐97購01  ,0,0,0,0,0,0,0,0,0,154000,0,0,0,160000,6000,154000,154000
044643,滬深2X群益96購01,0,0,0,0,0,0,0,0,0,154000,0,0,0,154000,0,154000,154000
047047,旺宏國票95購01  ,0,0,0,0,0,0,0,0,0,154000,0,0,0,203000,49000,154000,154000
06014P,聯發科富邦97售02,0,0,0,0,0,0,0,0,0,154000,0,0,0,324000,170000,154000,154000
06347P,祥碩元富97售02  ,0,0,0,0,0,0,0,0,0,154000,0,0,0,185000,31000,154000,154000
054534,台積電富邦98購03,0,0,0,0,0,0,0,0,0,153000,0,0,0,223000,70000,153000,153000
053045,國巨中信97購01  ,0,0,0,0,0,0,0,0,0,153000,0,0,0,303000,150000,153000,153000
053392,致新元大96購01  ,0,0,0,0,0,0,0,0,0,153000,0,0,0,153000,0,153000,153000
06069P,台積電永豐97售01,0,0,0,0,0,0,0,0,0,153000,0,0,0,206000,53000,153000,153000
05632P,大立光群益96售02,0,0,0,0,0,0,0,0,0,152000,0,0,0,177000,25000,152000,152000
05610P,國巨群益98售01  ,0,0,0,0,0,0,0,0,0,152000,0,0,0,204000,52000,152000,152000
04579P,聯茂台新94售01  ,0,0,0,0,0,0,0,0,0,152000,0,0,0,152000,0,152000,152000
054603,智易台新98購01  ,0,0,0,0,0,0,0,0,0,152000,0,0,0,176000,24000,152000,152000
056969,智易永豐98購01  ,0,0,0,0,0,0,0,0,0,151000,0,0,0,184000,33000,151000,151000
03945P,欣興群益94售01  ,0,0,0,0,0,0,0,0,0,151000,0,0,0,176000,25000,151000,151000
050778,瑞儀元大96購01  ,0,0,0,0,0,0,0,0,0,151000,0,0,0,151000,0,151000,151000
054866,宏盛群益98購01  ,0,0,0,0,0,0,0,0,0,151000,0,0,0,161000,10000,151000,151000
053172,瑞儀群益97購01  ,0,0,0,0,0,0,0,0,0,151000,0,0,0,653000,502000,151000,151000
05854P,華新科凱基96售09,0,0,0,0,0,0,0,0,0,150000,0,0,0,150000,0,150000,150000
03966P,台積電國票93售06,0,0,0,0,0,0,0,0,0,150000,0,0,0,150000,0,150000,150000
03999P,鴻海凱基94售11  ,0,0,0,0,0,0,0,0,0,150000,0,0,0,180000,30000,150000,150000
042346,創意富邦92購01  ,0,0,0,0,0,0,0,0,0,150000,0,0,0,150000,0,150000,150000
00650L,FH香港正2       ,5000,0,5000,0,0,0,0,0,0,145000,0,0,0,310000,165000,145000,150000
04542P,致伸永豐94售01  ,0,0,0,0,0,0,0,0,0,150000,0,0,0,150000,0,150000,150000
044836,宏達電元大93購05,0,0,0,0,0,0,0,0,0,150000,0,0,0,150000,0,150000,150000
044013,友達凱基93購01  ,0,0,0,0,0,0,0,0,0,150000,0,0,0,151000,1000,150000,150000
047788,欣興群益93購05  ,0,0,0,0,0,0,0,0,0,150000,0,0,0,662000,512000,150000,150000
051429,智邦元富95購01  ,0,0,0,0,0,0,0,0,0,150000,0,0,0,252000,102000,150000,150000
049396,元油2X群益97購03,0,0,0,0,0,0,0,0,0,150000,0,0,0,150000,0,150000,150000
049935,南電元大94購08  ,0,0,0,0,0,0,0,0,0,150000,0,0,0,152000,2000,150000,150000
049053,可成永豐94購01  ,0,0,0,0,0,0,0,0,0,150000,0,0,0,150000,0,150000,150000
050654,鎧勝凱基96購01  ,0,0,0,0,0,0,0,0,0,150000,0,0,0,150000,0,150000,150000
053155,晶技元大97購02  ,0,0,0,0,0,0,0,0,0,150000,0,0,0,150000,0,150000,150000
053524,聯電中信97購02  ,0,0,0,0,0,0,0,0,0,150000,0,0,0,222000,72000,150000,150000
054372,南亞科中信96購01,0,0,0,0,0,0,0,0,0,150000,0,0,0,155000,5000,150000,150000
06216P,上銀元富97售03  ,0,0,0,0,0,0,0,0,0,150000,0,0,0,198000,48000,150000,150000
06355P,聯茂永豐97售02  ,0,0,0,0,0,0,0,0,0,150000,0,0,0,250000,100000,150000,150000
06293P,臺股指國票97售07,0,0,0,0,0,0,0,0,0,150000,0,0,0,150000,0,150000,150000
050990,T50反1元大95購01,0,0,0,0,0,0,0,0,0,149000,0,0,0,299000,150000,149000,149000
05774P,臺股指凱基99售04,0,0,0,0,0,0,0,0,0,148000,0,0,0,183000,35000,148000,148000
055681,奇鋐凱基98購03  ,0,0,0,0,0,0,0,0,0,148000,0,0,0,207000,59000,148000,148000
047028,新日興元大93購02,0,0,0,0,0,0,0,0,0,148000,0,0,0,176000,28000,148000,148000
050617,神基元大94購01  ,0,0,0,0,0,0,0,0,0,148000,0,0,0,259000,111000,148000,148000
053307,泰碩凱基97購01  ,0,0,0,0,0,0,0,0,0,148000,0,0,0,148000,0,148000,148000
05289P,鴻海永豐95售05  ,0,0,0,0,0,0,0,0,0,148000,0,0,0,329000,181000,148000,148000
050779,超眾元大96購03  ,0,0,0,0,0,0,0,0,0,147000,0,0,0,162000,15000,147000,147000
6412,群電            ,1101000,926000,175000,0,0,0,0,0,0,-28000,2000,30000,-28000,0,0,0,147000
056268,新日興統一97購01,0,0,0,0,0,0,0,0,0,146000,0,0,0,167000,21000,146000,146000
046166,嘉聯益兆豐93購01,0,0,0,0,0,0,0,0,0,146000,0,0,0,146000,0,146000,146000
048745,儒鴻元富97購02  ,0,0,0,0,0,0,0,0,0,146000,0,0,0,314000,168000,146000,146000
052926,旺宏元大98購02  ,0,0,0,0,0,0,0,0,0,146000,0,0,0,434000,288000,146000,146000
05303P,華通國泰97售01  ,0,0,0,0,0,0,0,0,0,146000,0,0,0,162000,16000,146000,146000
054412,智邦元大96購03  ,0,0,0,0,0,0,0,0,0,146000,0,0,0,155000,9000,146000,146000
054274,智易中信96購02  ,0,0,0,0,0,0,0,0,0,146000,0,0,0,176000,30000,146000,146000
055841,南亞科元大97購04,0,0,0,0,0,0,0,0,0,145000,0,0,0,182000,37000,145000,145000
1217,愛之味          ,153000,8000,145000,0,0,0,0,0,0,0,0,0,0,0,0,0,145000
056420,台表科元富98購01,0,0,0,0,0,0,0,0,0,144000,0,0,0,238000,94000,144000,144000
04820P,聯茂永豐94售02  ,0,0,0,0,0,0,0,0,0,144000,0,0,0,144000,0,144000,144000
050784,美律國泰96購01  ,0,0,0,0,0,0,0,0,0,144000,0,0,0,244000,100000,144000,144000
054046,義隆元大96購02  ,0,0,0,0,0,0,0,0,0,144000,0,0,0,435000,291000,144000,144000
05269P,臻鼎元大95售05  ,0,0,0,0,0,0,0,0,0,144000,0,0,0,144000,0,144000,144000
056411,緯穎國票99購01  ,0,0,0,0,0,0,0,0,0,143000,0,0,0,145000,2000,143000,143000
050569,英業達中信94購01,0,0,0,0,0,0,0,0,0,143000,0,0,0,143000,0,143000,143000
048968,可成元大94購02  ,0,0,0,0,0,0,0,0,0,143000,0,0,0,165000,22000,143000,143000
052343,同欣電凱基95購03,0,0,0,0,0,0,0,0,0,143000,0,0,0,223000,80000,143000,143000
054532,強茂國泰98購01  ,0,0,0,0,0,0,0,0,0,143000,0,0,0,193000,50000,143000,143000
2379,瑞昱            ,659000,710600,-51600,0,0,0,0,0,0,194000,21000,1000,20000,189000,15000,174000,142400
056646,奇鋐凱基99購02  ,0,0,0,0,0,0,0,0,0,142000,0,0,0,180000,38000,142000,142000
06399P,台表科凱基97售05,0,0,0,0,0,0,0,0,0,142000,0,0,0,159000,17000,142000,142000
06198P,台積電元大98售06,0,0,0,0,0,0,0,0,0,142000,0,0,0,913000,771000,142000,142000
056361,美律元大99購02  ,0,0,0,0,0,0,0,0,0,141000,0,0,0,293000,152000,141000,141000
05684P,臺股指元大96售09,0,0,0,0,0,0,0,0,0,141000,0,0,0,352000,211000,141000,141000
055660,台光電兆豐97購01,0,0,0,0,0,0,0,0,0,141000,0,0,0,191000,50000,141000,141000
047772,泰鼎元大93購05  ,0,0,0,0,0,0,0,0,0,141000,0,0,0,176000,35000,141000,141000
048555,技嘉元大93購02  ,0,0,0,0,0,0,0,0,0,141000,0,0,0,411000,270000,141000,141000
05589P,大立光中信9A售01,0,0,0,0,0,0,0,0,0,140000,0,0,0,150000,10000,140000,140000
048792,瑞儀元大94購01  ,0,0,0,0,0,0,0,0,0,140000,0,0,0,150000,10000,140000,140000
051578,智邦元大96購01  ,0,0,0,0,0,0,0,0,0,140000,0,0,0,169000,29000,140000,140000
054403,同欣電永豐96購02,0,0,0,0,0,0,0,0,0,140000,0,0,0,140000,0,140000,140000
052848,聯發科統一96購03,0,0,0,0,0,0,0,0,0,140000,0,0,0,170000,30000,140000,140000
053411,深中小國票9B購01,0,0,0,0,0,0,0,0,0,140000,0,0,0,850000,710000,140000,140000
05933P,鴻海凱基97售03  ,0,0,0,0,0,0,0,0,0,140000,0,0,0,140000,0,140000,140000
2614,東森            ,223000,83000,140000,0,0,0,0,0,0,0,0,0,0,0,0,0,140000
8215,明基材          ,943000,907000,36000,0,0,0,0,0,0,104000,2000,0,2000,102000,0,102000,140000
056909,嘉聯益元大99購03,0,0,0,0,0,0,0,0,0,139000,0,0,0,261000,122000,139000,139000
03635C,滬深2X元富99牛01,0,0,0,0,0,0,0,0,0,139000,0,0,0,152000,13000,139000,139000
053640,上緯控永豐96購01,0,0,0,0,0,0,0,0,0,139000,0,0,0,139000,0,139000,139000
053228,康友台新97購01  ,0,0,0,0,0,0,0,0,0,139000,0,0,0,169000,30000,139000,139000
00712,FH富時不動產    ,130000,0,130000,0,0,0,0,0,0,8000,0,0,0,106000,98000,8000,138000
04026P,燿華國票93售01  ,0,0,0,0,0,0,0,0,0,138000,0,0,0,138000,0,138000,138000
051028,台光電元富95購02,0,0,0,0,0,0,0,0,0,138000,0,0,0,178000,40000,138000,138000
054261,智伸科元大96購03,0,0,0,0,0,0,0,0,0,138000,0,0,0,172000,34000,138000,138000
06001P,樺漢台新96售01  ,0,0,0,0,0,0,0,0,0,138000,0,0,0,143000,5000,138000,138000
057075,嘉聯益永豐98購01,0,0,0,0,0,0,0,0,0,137000,0,0,0,200000,63000,137000,137000
05708P,奇力新國票97售04,0,0,0,0,0,0,0,0,0,137000,0,0,0,137000,0,137000,137000
055103,南港凱基97購01  ,0,0,0,0,0,0,0,0,0,137000,0,0,0,137000,0,137000,137000
051977,泰碩凱基95購01  ,0,0,0,0,0,0,0,0,0,137000,0,0,0,137000,0,137000,137000
05347P,滬深2X元富9B售02,0,0,0,0,0,0,0,0,0,137000,0,0,0,680000,543000,137000,137000
4551,智伸科          ,136000,42000,94000,0,0,0,127000,70000,57000,-14000,1000,18000,-17000,8000,5000,3000,137000
00703,台新MSCI中國    ,0,0,0,0,0,0,0,0,0,136354,0,0,0,212000,75646,136354,136354
055980,祥碩統一98購01  ,0,0,0,0,0,0,0,0,0,136000,0,0,0,232000,96000,136000,136000
056622,高鐵永豐98購01  ,0,0,0,0,0,0,0,0,0,136000,0,0,0,136000,0,136000,136000
050777,臻鼎元大94購05  ,0,0,0,0,0,0,0,0,0,136000,0,0,0,136000,0,136000,136000
053862,南亞科元大97購02,0,0,0,0,0,0,0,0,0,136000,0,0,0,160000,24000,136000,136000
06432P,上銀群益98售01  ,0,0,0,0,0,0,0,0,0,136000,0,0,0,136000,0,136000,136000
3406,玉晶光          ,333000,495000,-162000,0,0,0,51000,10000,41000,257000,251000,9000,242000,24000,9000,15000,136000
04438P,微星群益94售01  ,0,0,0,0,0,0,0,0,0,135000,0,0,0,135000,0,135000,135000
050209,華通國票95購01  ,0,0,0,0,0,0,0,0,0,135000,0,0,0,140000,5000,135000,135000
049089,正文凱基94購02  ,0,0,0,0,0,0,0,0,0,135000,0,0,0,135000,0,135000,135000
1229,聯華            ,356000,221395,134605,0,0,0,0,0,0,0,0,0,0,0,0,0,134605
05630P,大立光永昌96售06,0,0,0,0,0,0,0,0,0,134000,0,0,0,168000,34000,134000,134000
04345P,景碩國泰94售02  ,0,0,0,0,0,0,0,0,0,134000,0,0,0,134000,0,134000,134000
054323,旺宏台新96購02  ,0,0,0,0,0,0,0,0,0,134000,0,0,0,134000,0,134000,134000
056532,技嘉凱基98購01  ,0,0,0,0,0,0,0,0,0,133000,0,0,0,562000,429000,133000,133000
05762P,昇陽半永豐96售04,0,0,0,0,0,0,0,0,0,133000,0,0,0,135000,2000,133000,133000
049930,上海銀元大94購02,0,0,0,0,0,0,0,0,0,133000,0,0,0,141000,8000,133000,133000
049407,台積電日盛94購02,0,0,0,0,0,0,0,0,0,133000,0,0,0,133000,0,133000,133000
05276P,GIS永豐95售02   ,0,0,0,0,0,0,0,0,0,133000,0,0,0,133000,0,133000,133000
054132,聯發科元大97購10,0,0,0,0,0,0,0,0,0,133000,0,0,0,150000,17000,133000,133000
054727,台積電日盛97購02,0,0,0,0,0,0,0,0,0,133000,0,0,0,790000,657000,133000,133000
06063P,玉晶光元富97售01,0,0,0,0,0,0,0,0,0,133000,0,0,0,284000,151000,133000,133000
05798P,臺股指群益96售12,0,0,0,0,0,0,0,0,0,132000,0,0,0,135000,3000,132000,132000
05710P,禾伸堂國票97售02,0,0,0,0,0,0,0,0,0,132000,0,0,0,137000,5000,132000,132000
04474P,聯發科元大94售03,0,0,0,0,0,0,0,0,0,132000,0,0,0,152000,20000,132000,132000
047908,南亞科元大93購02,0,0,0,0,0,0,0,0,0,132000,0,0,0,154000,22000,132000,132000
047921,南亞科凱基93購05,0,0,0,0,0,0,0,0,0,132000,0,0,0,152000,20000,132000,132000
05409P,京元電元富95售05,0,0,0,0,0,0,0,0,0,132000,0,0,0,132000,0,132000,132000
053503,臻鼎兆豐97購01  ,0,0,0,0,0,0,0,0,0,132000,0,0,0,132000,0,132000,132000
056978,技嘉群益99購01  ,0,0,0,0,0,0,0,0,0,131000,0,0,0,357000,226000,131000,131000
053373,台泥元大96購01  ,0,0,0,0,0,0,0,0,0,131000,0,0,0,131000,0,131000,131000
05877P,大立光群益96售06,0,0,0,0,0,0,0,0,0,130000,0,0,0,222000,92000,130000,130000
055992,智原台新97購02  ,0,0,0,0,0,0,0,0,0,130000,0,0,0,162000,32000,130000,130000
056216,智原第一97購01  ,0,0,0,0,0,0,0,0,0,130000,0,0,0,130000,0,130000,130000
05563P,台積電元大97售07,0,0,0,0,0,0,0,0,0,130000,0,0,0,190000,60000,130000,130000
048496,南亞科元大93購05,0,0,0,0,0,0,0,0,0,130000,0,0,0,140000,10000,130000,130000
045172,欣興兆豐94購01  ,0,0,0,0,0,0,0,0,0,130000,0,0,0,130000,0,130000,130000
048240,嘉聯益國票94購03,0,0,0,0,0,0,0,0,0,130000,0,0,0,130000,0,130000,130000
049440,T50反1統一94購04,0,0,0,0,0,0,0,0,0,130000,0,0,0,230000,100000,130000,130000
053149,京元電元大96購02,0,0,0,0,0,0,0,0,0,130000,0,0,0,130000,0,130000,130000
053798,台積電中信98購02,0,0,0,0,0,0,0,0,0,130000,0,0,0,240000,110000,130000,130000
06261P,上銀凱基97售03  ,0,0,0,0,0,0,0,0,0,130000,0,0,0,130000,0,130000,130000
1103,嘉泥            ,279000,147000,132000,0,0,0,0,0,0,-2000,0,2000,-2000,0,0,0,130000
056933,國巨元富98購03  ,0,0,0,0,0,0,0,0,0,129000,0,0,0,229000,100000,129000,129000
051772,玉山金中信95購01,0,0,0,0,0,0,0,0,0,129000,0,0,0,129000,0,129000,129000
053534,微星永豐96購02  ,0,0,0,0,0,0,0,0,0,129000,0,0,0,356000,227000,129000,129000
052838,新唐國泰98購01  ,0,0,0,0,0,0,0,0,0,129000,0,0,0,129000,0,129000,129000
6202,盛群            ,178000,49000,129000,0,0,0,0,0,0,0,0,0,0,0,0,0,129000
6285,啟碁            ,262000,154000,108000,0,0,0,0,0,0,21000,19000,0,19000,13000,11000,2000,129000
05674P,瑞昱群益96售02  ,0,0,0,0,0,0,0,0,0,128000,0,0,0,129000,1000,128000,128000
04243P,大立光永昌93售08,0,0,0,0,0,0,0,0,0,128000,0,0,0,128000,0,128000,128000
052961,國巨凱基97購02  ,0,0,0,0,0,0,0,0,0,128000,0,0,0,153000,25000,128000,128000
053366,樺漢國泰98購01  ,0,0,0,0,0,0,0,0,0,128000,0,0,0,149000,21000,128000,128000
053887,聯茂兆豐97購02  ,0,0,0,0,0,0,0,0,0,128000,0,0,0,191000,63000,128000,128000
6166,凌華            ,336000,205000,131000,0,0,0,0,0,0,-3000,0,0,0,1000,4000,-3000,128000
3437,榮創            ,175000,47000,128000,0,0,0,0,0,0,0,0,0,0,0,0,0,128000
044759,新日興凱基93購01,0,0,0,0,0,0,0,0,0,127000,0,0,0,168000,41000,127000,127000
04811P,上銀元大94售02  ,0,0,0,0,0,0,0,0,0,127000,0,0,0,127000,0,127000,127000
053033,智易兆豐97購01  ,0,0,0,0,0,0,0,0,0,127000,0,0,0,327000,200000,127000,127000
052869,新日興凱基96購01,0,0,0,0,0,0,0,0,0,127000,0,0,0,187000,60000,127000,127000
052706,台虹國票97購01  ,0,0,0,0,0,0,0,0,0,127000,0,0,0,303000,176000,127000,127000
06307P,聚陽元富97售02  ,0,0,0,0,0,0,0,0,0,127000,0,0,0,127000,0,127000,127000
056001,美食永豐97購01  ,0,0,0,0,0,0,0,0,0,126000,0,0,0,342000,216000,126000,126000
050641,上証反凱基96購01,0,0,0,0,0,0,0,0,0,126000,0,0,0,126000,0,126000,126000
050819,宏達電凱基95購01,0,0,0,0,0,0,0,0,0,126000,0,0,0,126000,0,126000,126000
057062,立積國泰99購01  ,0,0,0,0,0,0,0,0,0,125000,0,0,0,180000,55000,125000,125000
051394,奇鋐兆豐95購01  ,0,0,0,0,0,0,0,0,0,125000,0,0,0,125000,0,125000,125000
044639,京元電元富94購01,0,0,0,0,0,0,0,0,0,125000,0,0,0,140000,15000,125000,125000
04377P,大立光元大94售04,0,0,0,0,0,0,0,0,0,125000,0,0,0,150000,25000,125000,125000
052163,康舒永豐95購02  ,0,0,0,0,0,0,0,0,0,125000,0,0,0,227000,102000,125000,125000
049050,崇越康和94購01  ,0,0,0,0,0,0,0,0,0,125000,0,0,0,175000,50000,125000,125000
053942,超眾國泰96購02  ,0,0,0,0,0,0,0,0,0,125000,0,0,0,174000,49000,125000,125000
054377,臺股指中信99購09,0,0,0,0,0,0,0,0,0,125000,0,0,0,147000,22000,125000,125000
056142,超眾元大97購06  ,0,0,0,0,0,0,0,0,0,124000,0,0,0,215000,91000,124000,124000
04713P,創意元大95售01  ,0,0,0,0,0,0,0,0,0,124000,0,0,0,124000,0,124000,124000
053318,全新群益99購01  ,0,0,0,0,0,0,0,0,0,124000,0,0,0,252000,128000,124000,124000
06155P,智邦統一97售02  ,0,0,0,0,0,0,0,0,0,124000,0,0,0,124000,0,124000,124000
3413,京鼎            ,167000,387000,-220000,0,0,0,142000,30000,112000,232000,54000,71000,-17000,265000,16000,249000,124000
2023,燁輝            ,260000,136000,124000,0,0,0,0,0,0,0,0,0,0,0,0,0,124000
006206,元大上證50      ,34000,0,34000,0,0,0,0,0,0,89000,30000,0,30000,96000,37000,59000,123000
046782,建準永豐93購01  ,0,0,0,0,0,0,0,0,0,123000,0,0,0,180000,57000,123000,123000
049178,宏達電凱基94購02,0,0,0,0,0,0,0,0,0,123000,0,0,0,123000,0,123000,123000
053529,國巨麥證96購01  ,0,0,0,133000,10000,123000,0,0,0,123000,0,0,0,133000,10000,123000,123000
054677,智易台新98購02  ,0,0,0,0,0,0,0,0,0,123000,0,0,0,171000,48000,123000,123000
054222,大立光統一98購03,0,0,0,0,0,0,0,0,0,123000,0,0,0,200000,77000,123000,123000
06509P,鴻海群益98售03  ,0,0,0,0,0,0,0,0,0,123000,0,0,0,144000,21000,123000,123000
6452,康友-KY         ,200000,79000,121000,0,0,0,0,0,0,2000,0,0,0,18000,16000,2000,123000
03415B,臺股指元大93熊49,0,0,0,0,0,0,0,0,0,122000,0,0,0,124000,2000,122000,122000
049523,微星兆豐94購02  ,0,0,0,0,0,0,0,0,0,122000,0,0,0,128000,6000,122000,122000
053929,正文國票97購01  ,0,0,0,0,0,0,0,0,0,122000,0,0,0,132000,10000,122000,122000
053673,超眾元富96購03  ,0,0,0,0,0,0,0,0,0,122000,0,0,0,130000,8000,122000,122000
056085,聯發科統一97購01,0,0,0,0,0,0,0,0,0,121000,0,0,0,121000,0,121000,121000
051113,聯電元富95購01  ,0,0,0,0,0,0,0,0,0,121000,0,0,0,190000,69000,121000,121000
054022,南亞康和96購01  ,0,0,0,0,0,0,0,0,0,121000,0,0,0,121000,0,121000,121000
06111P,上銀兆豐98售01  ,0,0,0,0,0,0,0,0,0,121000,0,0,0,125000,4000,121000,121000
056134,可成元大97購06  ,0,0,0,0,0,0,0,0,0,120000,0,0,0,219000,99000,120000,120000
055571,鴻海統一97購03  ,0,0,0,0,0,0,0,0,0,120000,0,0,0,130000,10000,120000,120000
056760,元油2X元大98購06,0,0,0,0,0,0,0,0,0,120000,0,0,0,120000,0,120000,120000
05655P,南亞科統一96售01,0,0,0,0,0,0,0,0,0,120000,0,0,0,132000,12000,120000,120000
039900,上証2X國泰92購01,0,0,0,0,0,0,0,0,0,120000,0,0,0,120000,0,120000,120000
044277,彩晶群益92購01  ,0,0,0,0,0,0,0,0,0,120000,0,0,0,120000,0,120000,120000
049165,元油2X凱基97購01,0,0,0,0,0,0,0,0,0,120000,0,0,0,120000,0,120000,120000
052054,台表科凱基96購01,0,0,0,0,0,0,0,0,0,120000,0,0,0,120000,0,120000,120000
05029P,鴻海元富95售04  ,0,0,0,0,0,0,0,0,0,120000,0,0,0,145000,25000,120000,120000
054925,神達凱基97購01  ,0,0,0,0,0,0,0,0,0,120000,0,0,0,130000,10000,120000,120000
055509,訊芯元大97購03  ,0,0,0,0,0,0,0,0,0,119000,0,0,0,314000,195000,119000,119000
05505P,聯發科凱基96售09,0,0,0,0,0,0,0,0,0,119000,0,0,0,129000,10000,119000,119000
055667,致茂群益98購01  ,0,0,0,0,0,0,0,0,0,119000,0,0,0,151000,32000,119000,119000
048249,嘉澤兆豐94購01  ,0,0,0,0,0,0,0,0,0,119000,0,0,0,124000,5000,119000,119000
00771,元大US高息特別股,0,0,0,0,0,0,0,0,0,119000,0,0,0,119000,0,119000,119000
048743,美利達統一94購01,0,0,0,0,0,0,0,0,0,119000,0,0,0,119000,0,119000,119000
051675,瑞儀元大96購02  ,0,0,0,0,0,0,0,0,0,119000,0,0,0,129000,10000,119000,119000
054696,嘉聯益永豐97購01,0,0,0,0,0,0,0,0,0,119000,0,0,0,143000,24000,119000,119000
06046P,健策統一96售03  ,0,0,0,0,0,0,0,0,0,119000,0,0,0,412000,293000,119000,119000
06493P,聯發科永豐98售02,0,0,0,0,0,0,0,0,0,119000,0,0,0,168000,49000,119000,119000
056114,台達電群益97購02,0,0,0,0,0,0,0,0,0,118000,0,0,0,188000,70000,118000,118000
05682P,大立光元大98售03,0,0,0,0,0,0,0,0,0,118000,0,0,0,245000,127000,118000,118000
05890P,彩晶元大99售01  ,0,0,0,0,0,0,0,0,0,118000,0,0,0,143000,25000,118000,118000
05928P,華邦電康和96售01,0,0,0,0,0,0,0,0,0,118000,0,0,0,135000,17000,118000,118000
047182,智邦元大93購07  ,0,0,0,0,0,0,0,0,0,118000,0,0,0,150000,32000,118000,118000
048772,智易凱基94購01  ,0,0,0,0,0,0,0,0,0,118000,0,0,0,118000,0,118000,118000
054843,中環兆豐97購01  ,0,0,0,0,0,0,0,0,0,118000,0,0,0,160000,42000,118000,118000
00635U,元大S&P黃金     ,0,0,0,0,0,0,0,0,0,117000,0,0,0,333000,216000,117000,117000
00850,元大臺灣ESG永續 ,1000,2000,-1000,0,0,0,0,0,0,118000,0,0,0,693000,575000,118000,117000
048512,全新凱基93購04  ,0,0,0,0,0,0,0,0,0,117000,0,0,0,210000,93000,117000,117000
049146,南亞科元大94購02,0,0,0,0,0,0,0,0,0,117000,0,0,0,128000,11000,117000,117000
050823,信邦凱基95購01  ,0,0,0,0,0,0,0,0,0,117000,0,0,0,217000,100000,117000,117000
050918,南亞科日盛95購01,0,0,0,0,0,0,0,0,0,117000,0,0,0,121000,4000,117000,117000
051390,京元電兆豐95購01,0,0,0,0,0,0,0,0,0,117000,0,0,0,137000,20000,117000,117000
054103,T50反1凱基99購04,0,0,0,0,0,0,0,0,0,117000,0,0,0,117000,0,117000,117000
052508,矽力日盛95購02  ,0,0,0,0,0,0,0,0,0,117000,0,0,0,142000,25000,117000,117000
053014,旺宏統一97購02  ,0,0,0,0,0,0,0,0,0,116000,0,0,0,335000,219000,116000,116000
054808,東元元大9A購01  ,0,0,0,0,0,0,0,0,0,116000,0,0,0,305000,189000,116000,116000
056836,國巨元富98購01  ,0,0,0,0,0,0,0,0,0,115000,0,0,0,196000,81000,115000,115000
05658P,日月光元富96售02,0,0,0,0,0,0,0,0,0,115000,0,0,0,139000,24000,115000,115000
055211,A50反1凱基9A購01,0,0,0,0,0,0,0,0,0,115000,0,0,0,224000,109000,115000,115000
048590,貿聯兆豐94購02  ,0,0,0,0,0,0,0,0,0,115000,0,0,0,120000,5000,115000,115000
045797,健策中信93購01  ,0,0,0,0,0,0,0,0,0,115000,0,0,0,131000,16000,115000,115000
04946P,華通元大94售04  ,0,0,0,0,0,0,0,0,0,115000,0,0,0,125000,10000,115000,115000
055716,致茂元大97購01  ,0,0,0,0,0,0,0,0,0,114000,0,0,0,116000,2000,114000,114000
051434,中磊元富95購02  ,0,0,0,0,0,0,0,0,0,114000,0,0,0,211000,97000,114000,114000
06145P,華新科永豐97售02,0,0,0,0,0,0,0,0,0,114000,0,0,0,196000,82000,114000,114000
056323,旺宏兆豐98購01  ,0,0,0,0,0,0,0,0,0,113000,0,0,0,113000,0,113000,113000
04768P,大立光國泰96售03,0,0,0,0,0,0,0,0,0,113000,0,0,0,258000,145000,113000,113000
050268,智原元大95購03  ,0,0,0,0,0,0,0,0,0,113000,0,0,0,134000,21000,113000,113000
049963,聯發科元富94購02,0,0,0,0,0,0,0,0,0,113000,0,0,0,113000,0,113000,113000
050988,廣達富邦95購01  ,0,0,0,0,0,0,0,0,0,113000,0,0,0,200000,87000,113000,113000
054080,微星中信98購01  ,0,0,0,0,0,0,0,0,0,113000,0,0,0,239000,126000,113000,113000
05393P,鴻海統一95售14  ,0,0,0,0,0,0,0,0,0,113000,0,0,0,189000,76000,113000,113000
2442,新美齊          ,116000,3000,113000,0,0,0,0,0,0,0,0,0,0,0,0,0,113000
055337,超眾兆豐98購01  ,0,0,0,0,0,0,0,0,0,112000,0,0,0,122000,10000,112000,112000
046061,中石化凱基98購01,0,0,0,0,0,0,0,0,0,112000,0,0,0,122000,10000,112000,112000
05120P,聯發科國泰97售01,0,0,0,0,0,0,0,0,0,112000,0,0,0,177000,65000,112000,112000
051551,新日興永豐95購01,0,0,0,0,0,0,0,0,0,112000,0,0,0,297000,185000,112000,112000
052964,台表科凱基96購03,0,0,0,0,0,0,0,0,0,112000,0,0,0,123000,11000,112000,112000
06272P,台郡凱基97售04  ,0,0,0,0,0,0,0,0,0,112000,0,0,0,117000,5000,112000,112000
06308P,國巨元富97售06  ,0,0,0,0,0,0,0,0,0,112000,0,0,0,112000,0,112000,112000
06354P,大立光永豐97售04,0,0,0,0,0,0,0,0,0,112000,0,0,0,352000,240000,112000,112000
3008,大立光          ,178350,62010,116340,0,0,0,0,6150,-6150,1000,8000,0,8000,0,7000,-7000,111190
055199,國喬群益97購01  ,0,0,0,0,0,0,0,0,0,111000,0,0,0,111000,0,111000,111000
056175,可成元富97購03  ,0,0,0,0,0,0,0,0,0,111000,0,0,0,138000,27000,111000,111000
057208,上海銀元富98購01,0,0,0,0,0,0,0,0,0,111000,0,0,0,170000,59000,111000,111000
047758,康舒元富93購01  ,0,0,0,0,0,0,0,0,0,111000,0,0,0,112000,1000,111000,111000
049853,上海銀群益94購02,0,0,0,0,0,0,0,0,0,111000,0,0,0,111000,0,111000,111000
049913,微星元大94購01  ,0,0,0,0,0,0,0,0,0,111000,0,0,0,254000,143000,111000,111000
052891,台泥群益96購01  ,0,0,0,0,0,0,0,0,0,111000,0,0,0,112000,1000,111000,111000
06331P,南亞科群益97售04,0,0,0,0,0,0,0,0,0,111000,0,0,0,111000,0,111000,111000
055885,大成鋼統一97購02,0,0,0,0,0,0,0,0,0,110000,0,0,0,153000,43000,110000,110000
03881P,易華電永豐93售02,0,0,0,0,0,0,0,0,0,110000,0,0,0,110000,0,110000,110000
04737P,正崴永豐94售02  ,0,0,0,0,0,0,0,0,0,110000,0,0,0,110000,0,110000,110000
04449P,智邦凱基94售01  ,0,0,0,0,0,0,0,0,0,110000,0,0,0,110000,0,110000,110000
051610,GIS群益95購02   ,0,0,0,0,0,0,0,0,0,110000,0,0,0,121000,11000,110000,110000
049593,群創元大9A購01  ,0,0,0,0,0,0,0,0,0,110000,0,0,0,242000,132000,110000,110000
05026P,貿聯群益95售01  ,0,0,0,0,0,0,0,0,0,110000,0,0,0,110000,0,110000,110000
05035P,聯發科元大95售06,0,0,0,0,0,0,0,0,0,110000,0,0,0,681000,571000,110000,110000
049833,正文凱基94購05  ,0,0,0,0,0,0,0,0,0,110000,0,0,0,110000,0,110000,110000
050887,台積電富邦95購05,0,0,0,0,0,0,0,0,0,110000,0,0,0,110000,0,110000,110000
054154,智易國泰97購01  ,0,0,0,0,0,0,0,0,0,110000,0,0,0,123000,13000,110000,110000
054999,玉晶光元富97購03,0,0,0,0,0,0,0,0,0,110000,0,0,0,240000,130000,110000,110000
05821P,臺股指凱基96售18,0,0,0,0,0,0,0,0,0,109000,0,0,0,234000,125000,109000,109000
04515P,元油2X群益97售02,0,0,0,0,0,0,0,0,0,109000,0,0,0,120000,11000,109000,109000
046403,技嘉元大92購01  ,0,0,0,0,0,0,0,0,0,109000,0,0,0,259000,150000,109000,109000
05277P,深中小統一95售02,0,0,0,0,0,0,0,0,0,109000,0,0,0,199000,90000,109000,109000
05471P,聯電統一95售01  ,0,0,0,0,0,0,0,0,0,109000,0,0,0,120000,11000,109000,109000
054142,致伸元大97購01  ,0,0,0,0,0,0,0,0,0,109000,0,0,0,109000,0,109000,109000
9917,中保科          ,205000,94000,111000,0,0,0,0,0,0,-2000,0,2000,-2000,0,0,0,109000
055855,牧德元大99購02  ,0,0,0,0,0,0,0,0,0,108000,0,0,0,193000,85000,108000,108000
055837,致茂元大97購02  ,0,0,0,0,0,0,0,0,0,108000,0,0,0,123000,15000,108000,108000
052817,楠梓電永豐96購02,0,0,0,0,0,0,0,0,0,108000,0,0,0,149000,41000,108000,108000
05326P,臺股指凱基95售10,0,0,0,0,0,0,0,0,0,108000,0,0,0,111000,3000,108000,108000
05960P,欣興統一96售01  ,0,0,0,0,0,0,0,0,0,108000,0,0,0,180000,72000,108000,108000
056130,新日興麥證97購01,0,0,0,263000,110000,153000,0,0,0,107000,0,0,0,265000,158000,107000,107000
049835,緯穎凱基94購05  ,0,0,0,0,0,0,0,0,0,107000,0,0,0,122000,15000,107000,107000
04978P,台表科凱基94售02,0,0,0,0,0,0,0,0,0,107000,0,0,0,113000,6000,107000,107000
051754,廣宇元大95購01  ,0,0,0,0,0,0,0,0,0,107000,0,0,0,107000,0,107000,107000
050709,嘉聯益第一96購01,0,0,0,0,0,0,0,0,0,107000,0,0,0,107000,0,107000,107000
051338,揚明光永豐95購02,0,0,0,0,0,0,0,0,0,107000,0,0,0,107000,0,107000,107000
053103,瀚宇博元富96購01,0,0,0,0,0,0,0,0,0,107000,0,0,0,107000,0,107000,107000
054332,世芯永豐97購01  ,0,0,0,0,0,0,0,0,0,107000,0,0,0,157000,50000,107000,107000
054034,景碩中信96購01  ,0,0,0,0,0,0,0,0,0,107000,0,0,0,117000,10000,107000,107000
053780,南亞科元大96購03,0,0,0,0,0,0,0,0,0,107000,0,0,0,197000,90000,107000,107000
047880,聯發科國泰94購03,0,0,0,0,0,0,0,0,0,106000,0,0,0,106000,0,106000,106000
046843,上銀永豐93購01  ,0,0,0,0,0,0,0,0,0,106000,0,0,0,106000,0,106000,106000
044879,上証2X群益93購01,0,0,0,0,0,0,0,0,0,106000,0,0,0,110000,4000,106000,106000
046030,南亞科元大92購04,0,0,0,0,0,0,0,0,0,106000,0,0,0,106000,0,106000,106000
049877,南亞科永豐94購01,0,0,0,0,0,0,0,0,0,106000,0,0,0,192000,86000,106000,106000
050415,力成永豐94購01  ,0,0,0,0,0,0,0,0,0,106000,0,0,0,124000,18000,106000,106000
053939,台表科元富96購03,0,0,0,0,0,0,0,0,0,106000,0,0,0,106000,0,106000,106000
054100,致伸國票97購03  ,0,0,0,0,0,0,0,0,0,106000,0,0,0,106000,0,106000,106000
052640,台表科凱基97購01,0,0,0,0,0,0,0,0,0,106000,0,0,0,136000,30000,106000,106000
4564,元翎            ,235000,129000,106000,0,0,0,0,0,0,0,0,0,0,0,0,0,106000
055031,南港富邦99購01  ,0,0,0,0,0,0,0,0,0,105000,0,0,0,110000,5000,105000,105000
057139,華新科兆豐98購02,0,0,0,0,0,0,0,0,0,105000,0,0,0,126000,21000,105000,105000
03314P,台積電元大02售16,0,0,0,0,0,0,0,0,0,105000,0,0,0,131000,26000,105000,105000
03429B,臺股指元富97熊07,0,0,0,0,0,0,0,0,0,105000,0,0,0,155000,50000,105000,105000
044929,康控國泰93購01  ,0,0,0,0,0,0,0,0,0,105000,0,0,0,105000,0,105000,105000
044184,南亞科國泰93購01,0,0,0,0,0,0,0,0,0,105000,0,0,0,107000,2000,105000,105000
046649,致伸國泰94購01  ,0,0,0,0,0,0,0,0,0,105000,0,0,0,105000,0,105000,105000
049408,旺宏日盛94購01  ,0,0,0,0,0,0,0,0,0,105000,0,0,0,220000,115000,105000,105000
050659,宏達電元大96購01,0,0,0,0,0,0,0,0,0,105000,0,0,0,115000,10000,105000,105000
049209,GIS群益94購03   ,0,0,0,0,0,0,0,0,0,105000,0,0,0,105000,0,105000,105000
050060,光磊凱基94購03  ,0,0,0,0,0,0,0,0,0,105000,0,0,0,105000,0,105000,105000
05233P,台郡台新95售02  ,0,0,0,0,0,0,0,0,0,105000,0,0,0,105000,0,105000,105000
053427,鎧勝永豐96購02  ,0,0,0,0,0,0,0,0,0,105000,0,0,0,105000,0,105000,105000
054899,南港康和97購01  ,0,0,0,0,0,0,0,0,0,105000,0,0,0,105000,0,105000,105000
048384,遠東新國票94購01,0,0,0,0,0,0,0,0,0,104000,0,0,0,114000,10000,104000,104000
047445,創意元大93購04  ,0,0,0,0,0,0,0,0,0,104000,0,0,0,115000,11000,104000,104000
049596,智伸科元大95購01,0,0,0,0,0,0,0,0,0,104000,0,0,0,124000,20000,104000,104000
054768,泰碩國票99購02  ,0,0,0,0,0,0,0,0,0,104000,0,0,0,114000,10000,104000,104000
8101,華冠            ,109000,5000,104000,0,0,0,0,0,0,0,0,0,0,0,0,0,104000
06024P,台郡國票97售05  ,0,0,0,0,0,0,0,0,0,104000,0,0,0,182000,78000,104000,104000
06271P,彩晶凱基97售01  ,0,0,0,0,0,0,0,0,0,104000,0,0,0,402000,298000,104000,104000
047357,欣興麥證93購01  ,0,0,0,104000,1000,103000,0,0,0,103000,0,0,0,104000,1000,103000,103000
00866,新光Shiller CAPE,0,0,0,0,0,0,0,0,0,103000,0,0,0,103000,0,103000,103000
04082P,智邦統一93售03  ,0,0,0,0,0,0,0,0,0,103000,0,0,0,108000,5000,103000,103000
04953P,台積電群益94售13,0,0,0,0,0,0,0,0,0,103000,0,0,0,233000,130000,103000,103000
051623,和碩凱基96購02  ,0,0,0,0,0,0,0,0,0,103000,0,0,0,113000,10000,103000,103000
050987,台泥富邦95購01  ,0,0,0,0,0,0,0,0,0,103000,0,0,0,103000,0,103000,103000
051933,嘉聯益國票97購03,0,0,0,0,0,0,0,0,0,103000,0,0,0,103000,0,103000,103000
054482,大成鋼台新96購01,0,0,0,0,0,0,0,0,0,103000,0,0,0,103000,0,103000,103000
06073P,健策永豐97售01  ,0,0,0,0,0,0,0,0,0,103000,0,0,0,123000,20000,103000,103000
4763,材料-KY         ,79000,10000,69000,0,0,0,25000,0,25000,9000,10000,1000,9000,0,0,0,103000
1109,信大            ,240000,137100,102900,0,0,0,0,0,0,0,0,0,0,0,0,0,102900
04835P,鴻海元大94售18  ,0,0,0,0,0,0,0,0,0,102000,0,0,0,115000,13000,102000,102000
04828P,聯發科凱基94售15,0,0,0,0,0,0,0,0,0,102000,0,0,0,142000,40000,102000,102000
050512,台泥元大94購01  ,0,0,0,0,0,0,0,0,0,102000,0,0,0,127000,25000,102000,102000
050003,景碩永豐94購01  ,0,0,0,0,0,0,0,0,0,102000,0,0,0,163000,61000,102000,102000
05163P,聯發科統一96售02,0,0,0,0,0,0,0,0,0,102000,0,0,0,254000,152000,102000,102000
053678,南亞科富邦97購01,0,0,0,0,0,0,0,0,0,102000,0,0,0,117000,15000,102000,102000
052732,新唐國泰97購01  ,0,0,0,0,0,0,0,0,0,102000,0,0,0,112000,10000,102000,102000
5388,中磊            ,261000,126000,135000,0,0,0,0,0,0,-33000,0,0,0,21000,54000,-33000,102000
055386,致新元大97購02  ,0,0,0,0,0,0,0,0,0,101000,0,0,0,101000,0,101000,101000
05924P,超眾元富96售04  ,0,0,0,0,0,0,0,0,0,101000,0,0,0,101000,0,101000,101000
048341,全新元大94購03  ,0,0,0,0,0,0,0,0,0,101000,0,0,0,101000,0,101000,101000
043656,上証反元大94購01,0,0,0,0,0,0,0,0,0,101000,0,0,0,101000,0,101000,101000
044941,鴻海群益93購01  ,0,0,0,0,0,0,0,0,0,101000,0,0,0,101000,0,101000,101000
03758P,GIS永豐93售01   ,0,0,0,0,0,0,0,0,0,101000,0,0,0,101000,0,101000,101000
047637,旺宏元大94購03  ,0,0,0,0,0,0,0,0,0,101000,0,0,0,360000,259000,101000,101000
048908,慧洋富邦95購01  ,0,0,0,0,0,0,0,0,0,101000,0,0,0,101000,0,101000,101000
052200,台光電統一95購02,0,0,0,0,0,0,0,0,0,101000,0,0,0,101000,0,101000,101000
053355,超眾兆豐97購01  ,0,0,0,0,0,0,0,0,0,101000,0,0,0,153000,52000,101000,101000
054850,上海銀兆豐97購01,0,0,0,0,0,0,0,0,0,101000,0,0,0,111000,10000,101000,101000
054104,T50反1凱基9A購02,0,0,0,0,0,0,0,0,0,101000,0,0,0,101000,0,101000,101000
05396P,台郡元大95售05  ,0,0,0,0,0,0,0,0,0,101000,0,0,0,231000,130000,101000,101000
6558,興能高          ,146445,41000,105445,0,0,0,0,0,0,-5000,0,5000,-5000,0,0,0,100445
055080,正崴中信99購01  ,0,0,0,0,0,0,0,0,0,100000,0,0,0,100000,0,100000,100000
05522P,友達元富96售02  ,0,0,0,0,0,0,0,0,0,100000,0,0,0,100000,0,100000,100000
055923,矽力凱基98購01  ,0,0,0,0,0,0,0,0,0,100000,0,0,0,258000,158000,100000,100000
047068,南電凱基93購04  ,0,0,0,0,0,0,0,0,0,100000,0,0,0,100000,0,100000,100000
047528,高鐵元大93購03  ,0,0,0,0,0,0,0,0,0,100000,0,0,0,100000,0,100000,100000
048424,揚明光元富95購01,0,0,0,0,0,0,0,0,0,100000,0,0,0,100000,0,100000,100000
04839P,大立光元大94售17,0,0,0,0,0,0,0,0,0,100000,0,0,0,125000,25000,100000,100000
046180,裕隆凱基93購01  ,0,0,0,0,0,0,0,0,0,100000,0,0,0,100000,0,100000,100000
048514,嘉澤凱基93購06  ,0,0,0,0,0,0,0,0,0,100000,0,0,0,100000,0,100000,100000
046314,宏達電元大92購05,0,0,0,0,0,0,0,0,0,100000,0,0,0,100000,0,100000,100000
047795,臺股指群益93購06,0,0,0,0,0,0,0,0,0,100000,0,0,0,100000,0,100000,100000
051417,揚明光國票96購01,0,0,0,0,0,0,0,0,0,100000,0,0,0,100000,0,100000,100000
03987P,亞光群益93售02  ,0,0,0,0,0,0,0,0,0,100000,0,0,0,100000,0,100000,100000
040381,元金2X元富95購01,0,0,0,0,0,0,0,0,0,100000,0,0,0,100000,0,100000,100000
046031,建準元大92購03  ,0,0,0,0,0,0,0,0,0,100000,0,0,0,100000,0,100000,100000
045861,智邦統一93購02  ,0,0,0,0,0,0,0,0,0,100000,0,0,0,100000,0,100000,100000
044850,南亞科統一94購01,0,0,0,0,0,0,0,0,0,100000,0,0,0,100000,0,100000,100000
04479P,同欣電中信96售02,0,0,0,0,0,0,0,0,0,100000,0,0,0,100000,0,100000,100000
044487,元油2X元大94購01,0,0,0,0,0,0,0,0,0,100000,0,0,0,100000,0,100000,100000
04420P,奇鋐永豐94售01  ,0,0,0,0,0,0,0,0,0,100000,0,0,0,111000,11000,100000,100000
045168,欣興中信93購02  ,0,0,0,0,0,0,0,0,0,100000,0,0,0,100000,0,100000,100000
043972,大立光富邦93購02,0,0,0,0,0,0,0,0,0,100000,0,0,0,100000,0,100000,100000
047329,聯茂元大93購04  ,0,0,0,0,0,0,0,0,0,100000,0,0,0,100000,0,100000,100000
048292,微星群益93購01  ,0,0,0,0,0,0,0,0,0,100000,0,0,0,100000,0,100000,100000
048306,A50反1凱基93購01,0,0,0,0,0,0,0,0,0,100000,0,0,0,100000,0,100000,100000
04830P,大立光凱基94售15,0,0,0,0,0,0,0,0,0,100000,0,0,0,100000,0,100000,100000
051912,健鼎元大96購01  ,0,0,0,0,0,0,0,0,0,100000,0,0,0,100000,0,100000,100000
050568,為升中信97購01  ,0,0,0,0,0,0,0,0,0,100000,0,0,0,100000,0,100000,100000
050845,奇鋐國票95購02  ,0,0,0,0,0,0,0,0,0,100000,0,0,0,100000,0,100000,100000
050827,致伸凱基95購01  ,0,0,0,0,0,0,0,0,0,100000,0,0,0,100000,0,100000,100000
049425,喬山兆豐95購01  ,0,0,0,0,0,0,0,0,0,100000,0,0,0,100000,0,100000,100000
048951,宏全永豐94購01  ,0,0,0,0,0,0,0,0,0,100000,0,0,0,100000,0,100000,100000
048970,裕民元大94購01  ,0,0,0,0,0,0,0,0,0,100000,0,0,0,100000,0,100000,100000
049516,光罩國票94購02  ,0,0,0,0,0,0,0,0,0,100000,0,0,0,100000,0,100000,100000
049563,華新統一95購01  ,0,0,0,0,0,0,0,0,0,100000,0,0,0,102000,2000,100000,100000
050663,麗豐元大96購03  ,0,0,0,0,0,0,0,0,0,100000,0,0,0,100000,0,100000,100000
049059,超眾永豐94購01  ,0,0,0,0,0,0,0,0,0,100000,0,0,0,100000,0,100000,100000
051569,緯創富邦95購02  ,0,0,0,0,0,0,0,0,0,100000,0,0,0,100000,0,100000,100000
054013,聯發科永豐96購02,0,0,0,0,0,0,0,0,0,100000,0,0,0,100000,0,100000,100000
054805,台苯元大9A購01  ,0,0,0,0,0,0,0,0,0,100000,0,0,0,100000,0,100000,100000
053107,旺宏兆豐97購01  ,0,0,0,0,0,0,0,0,0,100000,0,0,0,100000,0,100000,100000
052463,聯電統一96購01  ,0,0,0,0,0,0,0,0,0,100000,0,0,0,100000,0,100000,100000
06296P,燿華元大98售01  ,0,0,0,0,0,0,0,0,0,100000,0,0,0,121000,21000,100000,100000
05965P,健策凱基96售05  ,0,0,0,0,0,0,0,0,0,100000,0,0,0,100000,0,100000,100000
05945P,聯詠中信96售01  ,0,0,0,0,0,0,0,0,0,100000,0,0,0,100000,0,100000,100000
06019P,緯穎凱基96售03  ,0,0,0,0,0,0,0,0,0,100000,0,0,0,100000,0,100000,100000
055628,旺宏永豐97購01  ,0,0,0,0,0,0,0,0,0,99000,0,0,0,118000,19000,99000,99000
056125,旺宏國票98購02  ,0,0,0,0,0,0,0,0,0,99000,0,0,0,132000,33000,99000,99000
056428,台達電凱基99購01,0,0,0,0,0,0,0,0,0,99000,0,0,0,111000,12000,99000,99000
04589P,祥碩永豐94售01  ,0,0,0,0,0,0,0,0,0,99000,0,0,0,99000,0,99000,99000
042116,元油2X國票97購01,0,0,0,0,0,0,0,0,0,99000,0,0,0,100000,1000,99000,99000
047852,矽創元富93購01  ,0,0,0,0,0,0,0,0,0,99000,0,0,0,99000,0,99000,99000
046241,聯發科中信94購02,0,0,0,0,0,0,0,0,0,99000,0,0,0,110000,11000,99000,99000
051258,鈺齊國泰97購01  ,0,0,0,0,0,0,0,0,0,99000,0,0,0,109000,10000,99000,99000
050531,訊芯元大95購02  ,0,0,0,0,0,0,0,0,0,99000,0,0,0,100000,1000,99000,99000
052968,燿華群益98購01  ,0,0,0,0,0,0,0,0,0,99000,0,0,0,200000,101000,99000,99000
06247P,同欣電元富97售02,0,0,0,0,0,0,0,0,0,99000,0,0,0,121000,22000,99000,99000
06405P,億光元富97售02  ,0,0,0,0,0,0,0,0,0,99000,0,0,0,139000,40000,99000,99000
06598P,奇力新永豐98售02,0,0,0,0,0,0,0,0,0,99000,0,0,0,99000,0,99000,99000
8081,致新            ,154000,54000,100000,0,0,0,0,0,0,-1000,4000,2000,2000,1000,4000,-3000,99000
057049,新日興元大98購02,0,0,0,0,0,0,0,0,0,98000,0,0,0,628000,530000,98000,98000
055955,微星元大97購01  ,0,0,0,0,0,0,0,0,0,98000,0,0,0,549000,451000,98000,98000
055041,致新富邦97購01  ,0,0,0,0,0,0,0,0,0,98000,0,0,0,98000,0,98000,98000
055380,智易元大98購02  ,0,0,0,0,0,0,0,0,0,98000,0,0,0,111000,13000,98000,98000
05550P,臺股指元大96售07,0,0,0,0,0,0,0,0,0,98000,0,0,0,108000,10000,98000,98000
052003,泰碩國泰97購02  ,0,0,0,0,0,0,0,0,0,98000,0,0,0,108000,10000,98000,98000
050989,台表科富邦95購01,0,0,0,0,0,0,0,0,0,98000,0,0,0,98000,0,98000,98000
051607,緯創群益96購02  ,0,0,0,0,0,0,0,0,0,98000,0,0,0,98000,0,98000,98000
049236,元油2X元富96購06,0,0,0,0,0,0,0,0,0,98000,0,0,0,201000,103000,98000,98000
051655,欣興元富95購04  ,0,0,0,0,0,0,0,0,0,98000,0,0,0,98000,0,98000,98000
052507,日月光日盛95購02,0,0,0,0,0,0,0,0,0,98000,0,0,0,132000,34000,98000,98000
053431,志超永豐96購01  ,0,0,0,0,0,0,0,0,0,98000,0,0,0,98000,0,98000,98000
054665,華通元富97購02  ,0,0,0,0,0,0,0,0,0,98000,0,0,0,98000,0,98000,98000
055462,華邦電日盛97購01,0,0,0,0,0,0,0,0,0,97000,0,0,0,207000,110000,97000,97000
047013,超眾元富96購01  ,0,0,0,0,0,0,0,0,0,97000,0,0,0,100000,3000,97000,97000
051299,致茂凱基95購01  ,0,0,0,0,0,0,0,0,0,97000,0,0,0,220000,123000,97000,97000
051164,鴻海元大95購05  ,0,0,0,0,0,0,0,0,0,97000,0,0,0,198000,101000,97000,97000
045824,嘉聯益凱基93購02,0,0,0,0,0,0,0,0,0,97000,0,0,0,117000,20000,97000,97000
03896P,長榮航凱基95售01,0,0,0,0,0,0,0,0,0,97000,0,0,0,151000,54000,97000,97000
054584,貿聯元富97購01  ,0,0,0,0,0,0,0,0,0,97000,0,0,0,158000,61000,97000,97000
054339,聯詠統一96購02  ,0,0,0,0,0,0,0,0,0,97000,0,0,0,117000,20000,97000,97000
05957P,友達國票97售04  ,0,0,0,0,0,0,0,0,0,97000,0,0,0,127000,30000,97000,97000
3055,蔚華科          ,130000,33000,97000,0,0,0,0,0,0,0,0,0,0,0,0,0,97000
2723,美食-KY         ,235000,137000,98000,0,0,0,0,0,0,-1000,0,0,0,6000,7000,-1000,97000
055193,世芯元富97購02  ,0,0,0,0,0,0,0,0,0,96000,0,0,0,175000,79000,96000,96000
047231,大立光凱基95購03,0,0,0,0,0,0,0,0,0,96000,0,0,0,96000,0,96000,96000
051749,矽力國泰97購01  ,0,0,0,0,0,0,0,0,0,96000,0,0,0,146000,50000,96000,96000
05063P,聯電元大96售03  ,0,0,0,0,0,0,0,0,0,96000,0,0,0,96000,0,96000,96000
053898,康友群益97購01  ,0,0,0,0,0,0,0,0,0,96000,0,0,0,129000,33000,96000,96000
054853,TPK國票98購02   ,0,0,0,0,0,0,0,0,0,96000,0,0,0,100000,4000,96000,96000
06359P,上銀群益97售03  ,0,0,0,0,0,0,0,0,0,96000,0,0,0,106000,10000,96000,96000
4540,全球傳動        ,114000,18000,96000,0,0,0,0,0,0,0,0,0,0,0,0,0,96000
056309,合勤控元大97購01,0,0,0,0,0,0,0,0,0,95000,0,0,0,198000,103000,95000,95000
049946,智邦兆豐95購01  ,0,0,0,0,0,0,0,0,0,95000,0,0,0,115000,20000,95000,95000
050880,大立光元富95購03,0,0,0,0,0,0,0,0,0,95000,0,0,0,106000,11000,95000,95000
050443,復盛凱基94購02  ,0,0,0,0,0,0,0,0,0,95000,0,0,0,140000,45000,95000,95000
053936,旺宏元富96購04  ,0,0,0,0,0,0,0,0,0,95000,0,0,0,105000,10000,95000,95000
053994,微星群益96購01  ,0,0,0,0,0,0,0,0,0,95000,0,0,0,159000,64000,95000,95000
06108P,奇力新群益97售05,0,0,0,0,0,0,0,0,0,95000,0,0,0,149000,54000,95000,95000
056940,嘉聯益元富98購01,0,0,0,0,0,0,0,0,0,94000,0,0,0,94000,0,94000,94000
055072,康友永豐97購02  ,0,0,0,0,0,0,0,0,0,94000,0,0,0,94000,0,94000,94000
045235,致茂中信93購01  ,0,0,0,0,0,0,0,0,0,94000,0,0,0,94000,0,94000,94000
05104P,智邦台新95售02  ,0,0,0,0,0,0,0,0,0,94000,0,0,0,94000,0,94000,94000
049398,微星群益94購02  ,0,0,0,0,0,0,0,0,0,94000,0,0,0,94000,0,94000,94000
053926,晶相光國票97購01,0,0,0,0,0,0,0,0,0,94000,0,0,0,195000,101000,94000,94000
053690,南亞科元大96購02,0,0,0,0,0,0,0,0,0,94000,0,0,0,133000,39000,94000,94000
06550P,健策元大99售01  ,0,0,0,0,0,0,0,0,0,94000,0,0,0,124000,30000,94000,94000
910861,神州-DR         ,94000,0,94000,0,0,0,0,0,0,0,0,0,0,0,0,0,94000
6672,騰輝電子-KY     ,147000,53000,94000,0,0,0,0,0,0,0,0,0,0,0,0,0,94000
056073,智伸科元大97購01,0,0,0,0,0,0,0,0,0,93000,0,0,0,103000,10000,93000,93000
05880P,創意康和96售01  ,0,0,0,0,0,0,0,0,0,93000,0,0,0,93000,0,93000,93000
051126,訊連群益95購01  ,0,0,0,0,0,0,0,0,0,93000,0,0,0,331000,238000,93000,93000
053637,強茂永豐96購01  ,0,0,0,0,0,0,0,0,0,93000,0,0,0,93000,0,93000,93000
053455,台光電元富96購02,0,0,0,0,0,0,0,0,0,93000,0,0,0,120000,27000,93000,93000
05225P,鴻海統一95售09  ,0,0,0,0,0,0,0,0,0,93000,0,0,0,148000,55000,93000,93000
054821,貿聯元大9A購01  ,0,0,0,0,0,0,0,0,0,93000,0,0,0,195000,102000,93000,93000
00752,中信中國50      ,2000,0,2000,0,0,0,0,0,0,90752,0,0,0,498000,407248,90752,92752
045796,廣達中信93購01  ,0,0,0,0,0,0,0,0,0,92000,0,0,0,92000,0,92000,92000
04439P,聯發科群益94售04,0,0,0,0,0,0,0,0,0,92000,0,0,0,122000,30000,92000,92000
048499,達運元大96購01  ,0,0,0,0,0,0,0,0,0,92000,0,0,0,92000,0,92000,92000
051844,宏達電富邦96購01,0,0,0,0,0,0,0,0,0,92000,0,0,0,94000,2000,92000,92000
051985,智邦元大95購05  ,0,0,0,0,0,0,0,0,0,92000,0,0,0,151000,59000,92000,92000
050467,力成中信94購01  ,0,0,0,0,0,0,0,0,0,92000,0,0,0,402000,310000,92000,92000
049625,智易群益95購01  ,0,0,0,0,0,0,0,0,0,92000,0,0,0,102000,10000,92000,92000
048781,臺股指凱基96購01,0,0,0,0,0,0,0,0,0,92000,0,0,0,92000,0,92000,92000
054916,聯發科凱基98購04,0,0,0,0,0,0,0,0,0,92000,0,0,0,100000,8000,92000,92000
052414,聯電麥證95購01  ,0,0,0,130000,38000,92000,0,0,0,92000,0,0,0,130000,38000,92000,92000
06367P,台積電凱基97售14,0,0,0,0,0,0,0,0,0,92000,0,0,0,207000,115000,92000,92000
1907,永豐餘          ,459000,367000,92000,0,0,0,0,0,0,0,0,0,0,0,0,0,92000
055536,嘉聯益群益99購02,0,0,0,0,0,0,0,0,0,91000,0,0,0,146000,55000,91000,91000
05118P,超眾元大96售04  ,0,0,0,0,0,0,0,0,0,91000,0,0,0,96000,5000,91000,91000
047685,嘉聯益國泰95購01,0,0,0,0,0,0,0,0,0,91000,0,0,0,141000,50000,91000,91000
04384P,上証2X中信96售01,0,0,0,0,0,0,0,0,0,91000,0,0,0,91000,0,91000,91000
051498,智易群益96購01  ,0,0,0,0,0,0,0,0,0,91000,0,0,0,104000,13000,91000,91000
050315,和碩兆豐95購01  ,0,0,0,0,0,0,0,0,0,91000,0,0,0,101000,10000,91000,91000
050391,大立光統一94購07,0,0,0,0,0,0,0,0,0,91000,0,0,0,91000,0,91000,91000
053885,全新兆豐96購01  ,0,0,0,0,0,0,0,0,0,91000,0,0,0,191000,100000,91000,91000
055593,華新科元大97購10,0,0,0,0,0,0,0,0,0,90000,0,0,0,117000,27000,90000,90000
05603P,聯發科元大96售09,0,0,0,0,0,0,0,0,0,90000,0,0,0,486000,396000,90000,90000
056010,力成中信97購01  ,0,0,0,0,0,0,0,0,0,90000,0,0,0,209000,119000,90000,90000
055657,超眾元富97購02  ,0,0,0,0,0,0,0,0,0,90000,0,0,0,141000,51000,90000,90000
056981,全新群益99購03  ,0,0,0,0,0,0,0,0,0,90000,0,0,0,133000,43000,90000,90000
056546,致伸凱基98購01  ,0,0,0,0,0,0,0,0,0,90000,0,0,0,125000,35000,90000,90000
056764,友達元大9A購03  ,0,0,0,0,0,0,0,0,0,90000,0,0,0,102000,12000,90000,90000
044182,鴻海元富92購01  ,0,0,0,0,0,0,0,0,0,90000,0,0,0,90000,0,90000,90000
045891,健鼎元大92購01  ,0,0,0,0,0,0,0,0,0,90000,0,0,0,90000,0,90000,90000
047975,緯創兆豐93購01  ,0,0,0,0,0,0,0,0,0,90000,0,0,0,120000,30000,90000,90000
051102,訊芯元大96購01  ,0,0,0,0,0,0,0,0,0,90000,0,0,0,90000,0,90000,90000
04664P,臺股指國票94售03,0,0,0,0,0,0,0,0,0,90000,0,0,0,100000,10000,90000,90000
050414,泰鼎永豐94購04  ,0,0,0,0,0,0,0,0,0,90000,0,0,0,331000,241000,90000,90000
04961P,貿聯凱基94售03  ,0,0,0,0,0,0,0,0,0,90000,0,0,0,95000,5000,90000,90000
052820,宏達電永豐96購01,0,0,0,0,0,0,0,0,0,90000,0,0,0,150000,60000,90000,90000
051241,台積電元大95購13,0,0,0,0,0,0,0,0,0,90000,0,0,0,208000,118000,90000,90000
049127,上海銀元富94購01,0,0,0,0,0,0,0,0,0,90000,0,0,0,96000,6000,90000,90000
050945,致茂群益95購01  ,0,0,0,0,0,0,0,0,0,90000,0,0,0,106000,16000,90000,90000
051597,T50反1中信99購02,0,0,0,0,0,0,0,0,0,90000,0,0,0,100000,10000,90000,90000
051807,瑞昱凱基95購03  ,0,0,0,0,0,0,0,0,0,90000,0,0,0,177000,87000,90000,90000
049281,嘉聯益國票95購01,0,0,0,0,0,0,0,0,0,90000,0,0,0,90000,0,90000,90000
054229,超眾元富96購05  ,0,0,0,0,0,0,0,0,0,90000,0,0,0,100000,10000,90000,90000
052464,大立光統一95購05,0,0,0,0,0,0,0,0,0,90000,0,0,0,124000,34000,90000,90000
05238P,禾伸堂永豐95售01,0,0,0,0,0,0,0,0,0,90000,0,0,0,90000,0,90000,90000
052906,緯創國票97購01  ,0,0,0,0,0,0,0,0,0,90000,0,0,0,100000,10000,90000,90000
052710,玉晶光日盛96購01,0,0,0,0,0,0,0,0,0,90000,0,0,0,90000,0,90000,90000
053691,聯發科元大96購16,0,0,0,0,0,0,0,0,0,90000,0,0,0,108000,18000,90000,90000
06397P,T50反1凱基9A售03,0,0,0,0,0,0,0,0,0,90000,0,0,0,90000,0,90000,90000
06422P,勤誠統一98售01  ,0,0,0,0,0,0,0,0,0,90000,0,0,0,110000,20000,90000,90000
4119,旭富            ,291000,184000,107000,0,0,0,0,0,0,-17000,22000,15000,7000,0,24000,-24000,90000
056143,訊芯元大97購04  ,0,0,0,0,0,0,0,0,0,89000,0,0,0,89000,0,89000,89000
046344,超眾國票94購01  ,0,0,0,0,0,0,0,0,0,89000,0,0,0,129000,40000,89000,89000
03958P,嘉聯益統一93售01,0,0,0,0,0,0,0,0,0,89000,0,0,0,100000,11000,89000,89000
044429,元金2X元大94購04,0,0,0,0,0,0,0,0,0,89000,0,0,0,99000,10000,89000,89000
05000P,臺股指永豐95售01,0,0,0,0,0,0,0,0,0,89000,0,0,0,399000,310000,89000,89000
052004,泰碩國泰97購03  ,0,0,0,0,0,0,0,0,0,89000,0,0,0,90000,1000,89000,89000
049724,南電第一94購01  ,0,0,0,0,0,0,0,0,0,89000,0,0,0,89000,0,89000,89000
050468,矽格中信94購01  ,0,0,0,0,0,0,0,0,0,89000,0,0,0,100000,11000,89000,89000
05028P,康控永豐95售02  ,0,0,0,0,0,0,0,0,0,89000,0,0,0,89000,0,89000,89000
053086,宏達電元大97購01,0,0,0,0,0,0,0,0,0,89000,0,0,0,141000,52000,89000,89000
053819,大立光群益96購04,0,0,0,0,0,0,0,0,0,89000,0,0,0,89000,0,89000,89000
044711,台郡元大93購01  ,0,0,0,0,0,0,0,0,0,88000,0,0,0,90000,2000,88000,88000
046799,儒鴻元大93購01  ,0,0,0,0,0,0,0,0,0,88000,0,0,0,88000,0,88000,88000
047509,技嘉國票93購01  ,0,0,0,0,0,0,0,0,0,88000,0,0,0,98000,10000,88000,88000
050393,樺漢統一94購01  ,0,0,0,0,0,0,0,0,0,88000,0,0,0,100000,12000,88000,88000
049615,香港2X群益98購01,0,0,0,0,0,0,0,0,0,88000,0,0,0,88000,0,88000,88000
048851,台達電群益94購01,0,0,0,0,0,0,0,0,0,88000,0,0,0,98000,10000,88000,88000
053694,創意元大96購03  ,0,0,0,0,0,0,0,0,0,88000,0,0,0,135000,47000,88000,88000
5471,松翰            ,97000,9000,88000,0,0,0,0,0,0,0,0,0,0,0,0,0,88000
06326P,鴻海中信01售01  ,0,0,0,0,0,0,0,0,0,88000,0,0,0,131000,43000,88000,88000
06140P,華新科群益97售06,0,0,0,0,0,0,0,0,0,88000,0,0,0,88000,0,88000,88000
05994P,奇鋐元大96售02  ,0,0,0,0,0,0,0,0,0,88000,0,0,0,100000,12000,88000,88000
2208,台船            ,188000,100000,88000,0,0,0,0,0,0,0,0,0,0,0,0,0,88000
055717,聯發科元大97購19,0,0,0,0,0,0,0,0,0,87000,0,0,0,107000,20000,87000,87000
051168,訊連元大95購02  ,0,0,0,0,0,0,0,0,0,87000,0,0,0,338000,251000,87000,87000
048973,禾伸堂元大94購01,0,0,0,0,0,0,0,0,0,87000,0,0,0,100000,13000,87000,87000
049798,台積電元大94購18,0,0,0,0,0,0,0,0,0,87000,0,0,0,87000,0,87000,87000
04975P,華新科凱基96售02,0,0,0,0,0,0,0,0,0,87000,0,0,0,90000,3000,87000,87000
053126,健策凱基97購02  ,0,0,0,0,0,0,0,0,0,87000,0,0,0,215000,128000,87000,87000
052624,微星亞東97購01  ,0,0,0,0,0,0,0,0,0,87000,0,0,0,87000,0,87000,87000
054312,TPK凱基98購01   ,0,0,0,0,0,0,0,0,0,87000,0,0,0,87000,0,87000,87000
06212P,華新科元大97售11,0,0,0,0,0,0,0,0,0,87000,0,0,0,472000,385000,87000,87000
056807,元油2X統一9B購01,0,0,0,0,0,0,0,0,0,86000,0,0,0,105000,19000,86000,86000
05914P,友達元大96售04  ,0,0,0,0,0,0,0,0,0,86000,0,0,0,107000,21000,86000,86000
051450,世芯元大95購02  ,0,0,0,0,0,0,0,0,0,86000,0,0,0,109000,23000,86000,86000
04586P,光罩永豐94售02  ,0,0,0,0,0,0,0,0,0,86000,0,0,0,86000,0,86000,86000
050194,臻鼎元大94購03  ,0,0,0,0,0,0,0,0,0,86000,0,0,0,111000,25000,86000,86000
053858,台達電元大96購05,0,0,0,0,0,0,0,0,0,86000,0,0,0,87000,1000,86000,86000
053788,泰鼎元大97購01  ,0,0,0,0,0,0,0,0,0,86000,0,0,0,165000,79000,86000,86000
05402P,台郡永豐95售02  ,0,0,0,0,0,0,0,0,0,86000,0,0,0,86000,0,86000,86000
053541,泰鼎永豐96購02  ,0,0,0,0,0,0,0,0,0,86000,0,0,0,299000,213000,86000,86000
6177,達麗            ,95000,9000,86000,0,0,0,0,0,0,0,0,0,0,0,0,0,86000
05812P,臺股指國票96售05,0,0,0,0,0,0,0,0,0,85000,0,0,0,100000,15000,85000,85000
056126,台郡國票98購02  ,0,0,0,0,0,0,0,0,0,85000,0,0,0,85000,0,85000,85000
045018,矽創元大93購01  ,0,0,0,0,0,0,0,0,0,85000,0,0,0,85000,0,85000,85000
047419,聯發科富邦95購01,0,0,0,0,0,0,0,0,0,85000,0,0,0,100000,15000,85000,85000
051430,瑞昱元富95購02  ,0,0,0,0,0,0,0,0,0,85000,0,0,0,293000,208000,85000,85000
046646,冠德國泰94購01  ,0,0,0,0,0,0,0,0,0,85000,0,0,0,85000,0,85000,85000
046486,樺漢國泰94購01  ,0,0,0,0,0,0,0,0,0,85000,0,0,0,150000,65000,85000,85000
048576,義隆國泰95購01  ,0,0,0,0,0,0,0,0,0,85000,0,0,0,90000,5000,85000,85000
050870,旭富永豐95購01  ,0,0,0,0,0,0,0,0,0,85000,0,0,0,85000,0,85000,85000
051918,聯茂元大95購01  ,0,0,0,0,0,0,0,0,0,85000,0,0,0,145000,60000,85000,85000
050489,聯詠元富94購01  ,0,0,0,0,0,0,0,0,0,85000,0,0,0,90000,5000,85000,85000
049597,泰鼎元大96購01  ,0,0,0,0,0,0,0,0,0,85000,0,0,0,147000,62000,85000,85000
049257,南亞科元大94購03,0,0,0,0,0,0,0,0,0,85000,0,0,0,114000,29000,85000,85000
050944,智邦群益95購01  ,0,0,0,0,0,0,0,0,0,85000,0,0,0,200000,115000,85000,85000
05952P,台積電國票97售06,0,0,0,0,0,0,0,0,0,85000,0,0,0,155000,70000,85000,85000
06365P,鴻海凱基97售09  ,0,0,0,0,0,0,0,0,0,85000,0,0,0,85000,0,85000,85000
1434,福懋            ,503000,408000,95000,0,0,0,0,0,0,-10000,0,10000,-10000,0,0,0,85000
2912,統一超          ,363000,271061,91939,0,0,0,0,10000,-10000,3000,0,0,0,3000,0,3000,84939
056269,新日興統一98購01,0,0,0,0,0,0,0,0,0,84000,0,0,0,164000,80000,84000,84000
047343,台達電中信95購01,0,0,0,0,0,0,0,0,0,84000,0,0,0,288000,204000,84000,84000
049780,智易統一94購02  ,0,0,0,0,0,0,0,0,0,84000,0,0,0,176000,92000,84000,84000
053171,中磊群益96購01  ,0,0,0,0,0,0,0,0,0,84000,0,0,0,349000,265000,84000,84000
053055,聯詠國票97購01  ,0,0,0,0,0,0,0,0,0,84000,0,0,0,94000,10000,84000,84000
05291P,鴻海凱基95售16  ,0,0,0,0,0,0,0,0,0,84000,0,0,0,90000,6000,84000,84000
052361,大成鋼國票96購01,0,0,0,0,0,0,0,0,0,84000,0,0,0,84000,0,84000,84000
054436,高鐵台新97購02  ,0,0,0,0,0,0,0,0,0,84000,0,0,0,84000,0,84000,84000
3062,建漢            ,158000,43000,115000,0,0,0,0,0,0,-31000,0,31000,-31000,0,0,0,84000
056570,旺宏元大98購07  ,0,0,0,0,0,0,0,0,0,83000,0,0,0,94000,11000,83000,83000
045015,玉晶光元大94購01,0,0,0,0,0,0,0,0,0,83000,0,0,0,83000,0,83000,83000
051453,智伸科元大95購02,0,0,0,0,0,0,0,0,0,83000,0,0,0,83000,0,83000,83000
048934,日電貿永豐94購01,0,0,0,0,0,0,0,0,0,83000,0,0,0,83000,0,83000,83000
051676,康舒元大95購01  ,0,0,0,0,0,0,0,0,0,83000,0,0,0,270000,187000,83000,83000
053814,美律群益97購02  ,0,0,0,0,0,0,0,0,0,83000,0,0,0,83000,0,83000,83000
054298,台表科元大97購03,0,0,0,0,0,0,0,0,0,83000,0,0,0,83000,0,83000,83000
054172,易華電凱基98購01,0,0,0,0,0,0,0,0,0,83000,0,0,0,83000,0,83000,83000
052693,微星中信96購01  ,0,0,0,0,0,0,0,0,0,83000,0,0,0,90000,7000,83000,83000
05314P,臺股指群益95售13,0,0,0,0,0,0,0,0,0,83000,0,0,0,87000,4000,83000,83000
053428,中磊永豐96購02  ,0,0,0,0,0,0,0,0,0,83000,0,0,0,144000,61000,83000,83000
06576P,台光電群益98售03,0,0,0,0,0,0,0,0,0,83000,0,0,0,83000,0,83000,83000
06197P,國巨元大97售08  ,0,0,0,0,0,0,0,0,0,83000,0,0,0,100000,17000,83000,83000
8454,富邦媒          ,112000,26000,86000,0,0,0,0,0,0,-3000,5000,8000,-3000,0,0,0,83000
056895,技嘉元大98購01  ,0,0,0,0,0,0,0,0,0,82000,0,0,0,304000,222000,82000,82000
057108,潤泰全群益98購01,0,0,0,0,0,0,0,0,0,82000,0,0,0,92000,10000,82000,82000
056211,南港國票98購01  ,0,0,0,0,0,0,0,0,0,82000,0,0,0,82000,0,82000,82000
051455,樺漢元大96購01  ,0,0,0,0,0,0,0,0,0,82000,0,0,0,103000,21000,82000,82000
048484,大立光國泰95購02,0,0,0,0,0,0,0,0,0,82000,0,0,0,82000,0,82000,82000
050700,健策凱基96購01  ,0,0,0,0,0,0,0,0,0,82000,0,0,0,104000,22000,82000,82000
052140,鈺齊凱基95購02  ,0,0,0,0,0,0,0,0,0,82000,0,0,0,82000,0,82000,82000
05086P,鴻海凱基95售13  ,0,0,0,0,0,0,0,0,0,82000,0,0,0,82000,0,82000,82000
052734,台表科國泰98購02,0,0,0,0,0,0,0,0,0,82000,0,0,0,102000,20000,82000,82000
052434,茂林國泰97購01  ,0,0,0,0,0,0,0,0,0,82000,0,0,0,192000,110000,82000,82000
054533,泰碩國泰98購01  ,0,0,0,0,0,0,0,0,0,82000,0,0,0,82000,0,82000,82000
055867,臺股指元大97購05,0,0,0,0,0,0,0,0,0,81000,0,0,0,106000,25000,81000,81000
056498,A50正2富邦9B購01,0,0,0,0,0,0,0,0,0,81000,0,0,0,82000,1000,81000,81000
04629P,康控元大94售05  ,0,0,0,0,0,0,0,0,0,81000,0,0,0,141000,60000,81000,81000
045472,嘉聯益元大93購02,0,0,0,0,0,0,0,0,0,81000,0,0,0,91000,10000,81000,81000
03921P,亞光凱基94售01  ,0,0,0,0,0,0,0,0,0,81000,0,0,0,131000,50000,81000,81000
050950,健鼎群益96購01  ,0,0,0,0,0,0,0,0,0,81000,0,0,0,102000,21000,81000,81000
049569,光磊統一94購02  ,0,0,0,0,0,0,0,0,0,81000,0,0,0,109000,28000,81000,81000
052244,廣達康和95購01  ,0,0,0,0,0,0,0,0,0,81000,0,0,0,81000,0,81000,81000
052298,易華電國票96購01,0,0,0,0,0,0,0,0,0,81000,0,0,0,81000,0,81000,81000
06233P,訊芯永豐97售03  ,0,0,0,0,0,0,0,0,0,81000,0,0,0,81000,0,81000,81000
06376P,上銀統一99售01  ,0,0,0,0,0,0,0,0,0,81000,0,0,0,107000,26000,81000,81000
1795,美時            ,168000,87000,81000,0,0,0,0,0,0,0,0,0,0,0,0,0,81000
05652P,臻鼎群益96售01  ,0,0,0,0,0,0,0,0,0,80000,0,0,0,131000,51000,80000,80000
057105,致茂群益9A購01  ,0,0,0,0,0,0,0,0,0,80000,0,0,0,122000,42000,80000,80000
055943,瑞昱麥證97購01  ,0,0,0,108000,35000,73000,0,0,0,80000,0,0,0,123000,43000,80000,80000
055034,建準富邦99購01  ,0,0,0,0,0,0,0,0,0,80000,0,0,0,100000,20000,80000,80000
055214,聯電凱基97購02  ,0,0,0,0,0,0,0,0,0,80000,0,0,0,534000,454000,80000,80000
03891P,晶技國泰94售02  ,0,0,0,0,0,0,0,0,0,80000,0,0,0,80000,0,80000,80000
04588P,茂林永豐94售04  ,0,0,0,0,0,0,0,0,0,80000,0,0,0,80000,0,80000,80000
045522,滬深2X永豐94購01,0,0,0,0,0,0,0,0,0,80000,0,0,0,100000,20000,80000,80000
04733P,康控兆豐95售01  ,0,0,0,0,0,0,0,0,0,80000,0,0,0,100000,20000,80000,80000
047979,中石化群益95購01,0,0,0,0,0,0,0,0,0,80000,0,0,0,80000,0,80000,80000
05107P,鴻海兆豐96售02  ,0,0,0,0,0,0,0,0,0,80000,0,0,0,80000,0,80000,80000
046425,臻鼎元大92購12  ,0,0,0,0,0,0,0,0,0,80000,0,0,0,80000,0,80000,80000
048987,崇越元大94購01  ,0,0,0,0,0,0,0,0,0,80000,0,0,0,80000,0,80000,80000
051656,嘉聯益元富95購02,0,0,0,0,0,0,0,0,0,80000,0,0,0,80000,0,80000,80000
049113,大立光統一94購06,0,0,0,0,0,0,0,0,0,80000,0,0,0,80000,0,80000,80000
051533,健鼎國票96購02  ,0,0,0,0,0,0,0,0,0,80000,0,0,0,110000,30000,80000,80000
050125,中環凱基94購01  ,0,0,0,0,0,0,0,0,0,80000,0,0,0,170000,90000,80000,80000
052311,台積電富邦95購09,0,0,0,0,0,0,0,0,0,80000,0,0,0,80000,0,80000,80000
052610,貿聯元大97購01  ,0,0,0,0,0,0,0,0,0,80000,0,0,0,202000,122000,80000,80000
053421,南亞科永豐96購01,0,0,0,0,0,0,0,0,0,80000,0,0,0,158000,78000,80000,80000
054419,嘉聯益元大98購02,0,0,0,0,0,0,0,0,0,80000,0,0,0,235000,155000,80000,80000
054219,楠梓電統一97購01,0,0,0,0,0,0,0,0,0,80000,0,0,0,80000,0,80000,80000
054064,台郡國票97購04  ,0,0,0,0,0,0,0,0,0,80000,0,0,0,92000,12000,80000,80000
054006,智易統一97購01  ,0,0,0,0,0,0,0,0,0,80000,0,0,0,80000,0,80000,80000
06587P,國巨元大98售13  ,0,0,0,0,0,0,0,0,0,80000,0,0,0,80000,0,80000,80000
06623P,立積元大98售04  ,0,0,0,0,0,0,0,0,0,80000,0,0,0,80000,0,80000,80000
06038P,國泰金台新96售01,0,0,0,0,0,0,0,0,0,80000,0,0,0,80000,0,80000,80000
05501P,健策國票97售01  ,0,0,0,0,0,0,0,0,0,79000,0,0,0,893000,814000,79000,79000
056523,光寶科中信98購01,0,0,0,0,0,0,0,0,0,79000,0,0,0,116000,37000,79000,79000
056791,嘉聯益群益98購01,0,0,0,0,0,0,0,0,0,79000,0,0,0,130000,51000,79000,79000
051094,健策元大96購03  ,0,0,0,0,0,0,0,0,0,79000,0,0,0,177000,98000,79000,79000
050358,致新群益94購01  ,0,0,0,0,0,0,0,0,0,79000,0,0,0,79000,0,79000,79000
049367,全新元大96購01  ,0,0,0,0,0,0,0,0,0,79000,0,0,0,100000,21000,79000,79000
04916P,大立光永昌96售02,0,0,0,0,0,0,0,0,0,79000,0,0,0,504000,425000,79000,79000
050077,臺股指凱基99購02,0,0,0,0,0,0,0,0,0,79000,0,0,0,110000,31000,79000,79000
054195,亞泥國泰98購01  ,0,0,0,0,0,0,0,0,0,79000,0,0,0,250000,171000,79000,79000
053311,同欣電凱基96購01,0,0,0,0,0,0,0,0,0,79000,0,0,0,110000,31000,79000,79000
053200,華邦電日盛96購01,0,0,0,0,0,0,0,0,0,79000,0,0,0,79000,0,79000,79000
06230P,亞德客永豐97售03,0,0,0,0,0,0,0,0,0,79000,0,0,0,593000,514000,79000,79000
1440,南紡            ,267000,181000,86000,0,0,0,0,0,0,-7000,0,7000,-7000,0,0,0,79000
3312,弘憶股          ,89000,10000,79000,0,0,0,0,0,0,0,0,0,0,0,0,0,79000
9945,潤泰新          ,264722,185000,79722,0,0,0,0,0,0,-1000,3000,0,3000,0,4000,-4000,78722
056596,光磊元富98購01  ,0,0,0,0,0,0,0,0,0,78000,0,0,0,130000,52000,78000,78000
056003,智伸科永豐97購02,0,0,0,0,0,0,0,0,0,78000,0,0,0,146000,68000,78000,78000
045457,光磊元大93購01  ,0,0,0,0,0,0,0,0,0,78000,0,0,0,80000,2000,78000,78000
049120,元油2X元富94購05,0,0,0,0,0,0,0,0,0,78000,0,0,0,80000,2000,78000,78000
049132,大成鋼元大94購01,0,0,0,0,0,0,0,0,0,78000,0,0,0,78000,0,78000,78000
050849,智伸科國票95購01,0,0,0,0,0,0,0,0,0,78000,0,0,0,98000,20000,78000,78000
053078,昇陽半永豐97購02,0,0,0,0,0,0,0,0,0,78000,0,0,0,78000,0,78000,78000
053412,台達電國票97購02,0,0,0,0,0,0,0,0,0,78000,0,0,0,90000,12000,78000,78000
053790,嘉聯益元大99購02,0,0,0,0,0,0,0,0,0,78000,0,0,0,80000,2000,78000,78000
054492,嘉聯益台新96購01,0,0,0,0,0,0,0,0,0,78000,0,0,0,103000,25000,78000,78000
5243,乙盛-KY         ,117000,40000,77000,0,0,0,0,0,0,1000,1000,0,1000,0,0,0,78000
06129P,玉晶光元富97售06,0,0,0,0,0,0,0,0,0,78000,0,0,0,78000,0,78000,78000
06383P,聯茂元富97售01  ,0,0,0,0,0,0,0,0,0,78000,0,0,0,96000,18000,78000,78000
056659,泰碩元大99購01  ,0,0,0,0,0,0,0,0,0,77000,0,0,0,95000,18000,77000,77000
048130,美利達元大96購01,0,0,0,0,0,0,0,0,0,77000,0,0,0,84000,7000,77000,77000
052105,南亞科兆豐95購01,0,0,0,0,0,0,0,0,0,77000,0,0,0,77000,0,77000,77000
052130,國巨凱基9B購01  ,0,0,0,0,0,0,0,0,0,77000,0,0,0,124000,47000,77000,77000
048893,南電元富94購01  ,0,0,0,0,0,0,0,0,0,77000,0,0,0,77000,0,77000,77000
054960,新日興元大97購02,0,0,0,0,0,0,0,0,0,77000,0,0,0,168000,91000,77000,77000
054792,揚明光群益97購01,0,0,0,0,0,0,0,0,0,77000,0,0,0,77000,0,77000,77000
053488,中石化兆豐97購01,0,0,0,0,0,0,0,0,0,77000,0,0,0,77000,0,77000,77000
05370P,矽創元富95售01  ,0,0,0,0,0,0,0,0,0,77000,0,0,0,83000,6000,77000,77000
06283P,祥碩永豐97售01  ,0,0,0,0,0,0,0,0,0,77000,0,0,0,80000,3000,77000,77000
06039P,亞光台新96售03  ,0,0,0,0,0,0,0,0,0,77000,0,0,0,77000,0,77000,77000
1582,信錦            ,209000,132000,77000,0,0,0,0,0,0,0,0,0,0,0,0,0,77000
05819P,臺股指凱基96售16,0,0,0,0,0,0,0,0,0,76000,0,0,0,190000,114000,76000,76000
05745P,富邦金兆豐96售02,0,0,0,0,0,0,0,0,0,76000,0,0,0,78000,2000,76000,76000
055977,南亞科統一97購01,0,0,0,0,0,0,0,0,0,76000,0,0,0,76000,0,76000,76000
043652,微星國泰93購01  ,0,0,0,0,0,0,0,0,0,76000,0,0,0,96000,20000,76000,76000
049812,致伸元大94購03  ,0,0,0,0,0,0,0,0,0,76000,0,0,0,77000,1000,76000,76000
052700,奇鋐國票97購02  ,0,0,0,0,0,0,0,0,0,76000,0,0,0,76000,0,76000,76000
05226P,智邦統一95售01  ,0,0,0,0,0,0,0,0,0,76000,0,0,0,87000,11000,76000,76000
05417P,燿華永豐95售07  ,0,0,0,0,0,0,0,0,0,76000,0,0,0,76000,0,76000,76000
1409,新纖            ,342000,269000,73000,0,0,0,0,0,0,3000,3000,0,3000,0,0,0,76000
1305,華夏            ,286000,212000,74000,0,0,0,0,0,0,2000,2000,0,2000,0,0,0,76000
3038,全台            ,125000,49000,76000,0,0,0,0,0,0,0,0,0,0,0,0,0,76000
5907,大洋-KY         ,127000,51000,76000,0,0,0,0,0,0,0,0,0,0,0,0,0,76000
056075,瀚宇博元大97購03,0,0,0,0,0,0,0,0,0,75000,0,0,0,123000,48000,75000,75000
055074,台虹永豐97購01  ,0,0,0,0,0,0,0,0,0,75000,0,0,0,75000,0,75000,75000
055216,友達凱基98購05  ,0,0,0,0,0,0,0,0,0,75000,0,0,0,75000,0,75000,75000
05909P,康友元富96售02  ,0,0,0,0,0,0,0,0,0,75000,0,0,0,75000,0,75000,75000
05910P,力山永豐96售02  ,0,0,0,0,0,0,0,0,0,75000,0,0,0,75000,0,75000,75000
044604,嘉聯益國泰93購01,0,0,0,0,0,0,0,0,0,75000,0,0,0,75000,0,75000,75000
048602,上緯控國票96購01,0,0,0,0,0,0,0,0,0,75000,0,0,0,75000,0,75000,75000
050101,台積電永昌96購03,0,0,0,0,0,0,0,0,0,75000,0,0,0,75000,0,75000,75000
050173,旺宏元大96購02  ,0,0,0,0,0,0,0,0,0,75000,0,0,0,101000,26000,75000,75000
051637,嘉聯益國票96購01,0,0,0,0,0,0,0,0,0,75000,0,0,0,149000,74000,75000,75000
051361,泰鼎元大95購01  ,0,0,0,0,0,0,0,0,0,75000,0,0,0,150000,75000,75000,75000
050751,聯電統一94購05  ,0,0,0,0,0,0,0,0,0,75000,0,0,0,100000,25000,75000,75000
054406,旺宏國票98購01  ,0,0,0,0,0,0,0,0,0,75000,0,0,0,80000,5000,75000,75000
053670,台積電統一96購09,0,0,0,0,0,0,0,0,0,75000,0,0,0,78000,3000,75000,75000
2499,東貝            ,126000,51000,75000,0,0,0,0,0,0,0,0,0,0,0,0,0,75000
056968,揚明光永豐98購02,0,0,0,0,0,0,0,0,0,74000,0,0,0,74000,0,74000,74000
056296,旺宏元大97購07  ,0,0,0,0,0,0,0,0,0,74000,0,0,0,239000,165000,74000,74000
055686,致伸凱基97購02  ,0,0,0,0,0,0,0,0,0,74000,0,0,0,74000,0,74000,74000
048351,旺宏台新94購02  ,0,0,0,0,0,0,0,0,0,74000,0,0,0,114000,40000,74000,74000
05173P,臺股指元大95售17,0,0,0,0,0,0,0,0,0,74000,0,0,0,95000,21000,74000,74000
050065,冠德凱基94購01  ,0,0,0,0,0,0,0,0,0,74000,0,0,0,74000,0,74000,74000
052293,泰碩國票95購03  ,0,0,0,0,0,0,0,0,0,74000,0,0,0,74000,0,74000,74000
052321,華擎元大95購01  ,0,0,0,0,0,0,0,0,0,74000,0,0,0,114000,40000,74000,74000
054674,台光電台新97購01,0,0,0,0,0,0,0,0,0,74000,0,0,0,74000,0,74000,74000
054139,揚明光元大96購01,0,0,0,0,0,0,0,0,0,74000,0,0,0,74000,0,74000,74000
053748,燿華永豐96購04  ,0,0,0,0,0,0,0,0,0,74000,0,0,0,74000,0,74000,74000
2461,光群雷          ,103000,29000,74000,0,0,0,0,0,0,0,0,0,0,0,0,0,74000
05948P,茂林元大96售03  ,0,0,0,0,0,0,0,0,0,74000,0,0,0,240000,166000,74000,74000
05649P,矽創國票97售03  ,0,0,0,0,0,0,0,0,0,73000,0,0,0,83000,10000,73000,73000
03959P,義隆元富96售01  ,0,0,0,0,0,0,0,0,0,73000,0,0,0,205000,132000,73000,73000
048572,美利達元大96購04,0,0,0,0,0,0,0,0,0,73000,0,0,0,73000,0,73000,73000
051529,東元國票96購01  ,0,0,0,0,0,0,0,0,0,73000,0,0,0,173000,100000,73000,73000
052068,瑞儀兆豐96購01  ,0,0,0,0,0,0,0,0,0,73000,0,0,0,303000,230000,73000,73000
049826,光磊凱基94購02  ,0,0,0,0,0,0,0,0,0,73000,0,0,0,143000,70000,73000,73000
049792,元油2X元大94購08,0,0,0,0,0,0,0,0,0,73000,0,0,0,73000,0,73000,73000
049775,旺宏統一95購02  ,0,0,0,0,0,0,0,0,0,73000,0,0,0,73000,0,73000,73000
054330,世芯永豐96購02  ,0,0,0,0,0,0,0,0,0,73000,0,0,0,73000,0,73000,73000
054365,遠東新中信96購01,0,0,0,0,0,0,0,0,0,73000,0,0,0,73000,0,73000,73000
3029,零壹            ,92000,19000,73000,0,0,0,0,0,0,0,0,0,0,0,0,0,73000
6141,柏承            ,134000,61000,73000,0,0,0,0,0,0,0,0,0,0,0,0,0,73000
2342,茂矽            ,90703,18000,72703,0,0,0,0,0,0,0,0,0,0,0,0,0,72703
05648P,康控國票97售01  ,0,0,0,0,0,0,0,0,0,72000,0,0,0,82000,10000,72000,72000
055816,新日興國票98購01,0,0,0,0,0,0,0,0,0,72000,0,0,0,102000,30000,72000,72000
056067,智原元大97購01  ,0,0,0,0,0,0,0,0,0,72000,0,0,0,340000,268000,72000,72000
056052,T50反1元大97購06,0,0,0,0,0,0,0,0,0,72000,0,0,0,72000,0,72000,72000
05521P,創意永豐96售01  ,0,0,0,0,0,0,0,0,0,72000,0,0,0,143000,71000,72000,72000
055457,聚陽永豐97購01  ,0,0,0,0,0,0,0,0,0,72000,0,0,0,209000,137000,72000,72000
048057,宏達電國泰94購02,0,0,0,0,0,0,0,0,0,72000,0,0,0,111000,39000,72000,72000
051014,智邦凱基95購01  ,0,0,0,0,0,0,0,0,0,72000,0,0,0,121000,49000,72000,72000
04032P,聯茂凱基94售02  ,0,0,0,0,0,0,0,0,0,72000,0,0,0,82000,10000,72000,72000
050424,鴻海凱基96購03  ,0,0,0,0,0,0,0,0,0,72000,0,0,0,72000,0,72000,72000
050974,大成鋼統一95購01,0,0,0,0,0,0,0,0,0,72000,0,0,0,150000,78000,72000,72000
04880P,GIS永豐94售02   ,0,0,0,0,0,0,0,0,0,72000,0,0,0,72000,0,72000,72000
054131,南亞科元大96購04,0,0,0,0,0,0,0,0,0,72000,0,0,0,212000,140000,72000,72000
052882,南電凱基96購02  ,0,0,0,0,0,0,0,0,0,72000,0,0,0,77000,5000,72000,72000
053595,創意元大96購02  ,0,0,0,0,0,0,0,0,0,72000,0,0,0,191000,119000,72000,72000
9939,宏全            ,237000,141000,96000,0,0,0,0,0,0,-24000,22000,1000,21000,0,45000,-45000,72000
2548,華固            ,186660,219000,-32340,0,0,0,2000,0,2000,102000,103000,1000,102000,0,0,0,71660
055120,南港兆豐97購01  ,0,0,0,0,0,0,0,0,0,71000,0,0,0,121000,50000,71000,71000
056511,超眾永豐98購01  ,0,0,0,0,0,0,0,0,0,71000,0,0,0,71000,0,71000,71000
057174,南亞科元大98購05,0,0,0,0,0,0,0,0,0,71000,0,0,0,78000,7000,71000,71000
049641,台達電凱基94購08,0,0,0,0,0,0,0,0,0,71000,0,0,0,106000,35000,71000,71000
052209,深中小元大95購02,0,0,0,0,0,0,0,0,0,71000,0,0,0,331000,260000,71000,71000
053542,超眾永豐96購01  ,0,0,0,0,0,0,0,0,0,71000,0,0,0,74000,3000,71000,71000
052372,台泥元大95購02  ,0,0,0,0,0,0,0,0,0,71000,0,0,0,80000,9000,71000,71000
054648,智原群益98購01  ,0,0,0,0,0,0,0,0,0,71000,0,0,0,82000,11000,71000,71000
054759,台化國票98購01  ,0,0,0,0,0,0,0,0,0,71000,0,0,0,71000,0,71000,71000
1439,中和            ,114000,35000,79000,0,0,0,0,0,0,-8000,0,8000,-8000,0,0,0,71000
1722,台肥            ,379000,289000,90000,0,0,0,0,0,0,-19000,0,0,0,0,19000,-19000,71000
06101P,聯發科日盛97售03,0,0,0,0,0,0,0,0,0,71000,0,0,0,82000,11000,71000,71000
06433P,大立光群益99售01,0,0,0,0,0,0,0,0,0,71000,0,0,0,96000,25000,71000,71000
05902P,華通國票96售02  ,0,0,0,0,0,0,0,0,0,70000,0,0,0,80000,10000,70000,70000
057115,元油2X日盛9A購01,0,0,0,0,0,0,0,0,0,70000,0,0,0,70000,0,70000,70000
057158,義隆永豐99購01  ,0,0,0,0,0,0,0,0,0,70000,0,0,0,100000,30000,70000,70000
055118,嘉聯益凱基98購02,0,0,0,0,0,0,0,0,0,70000,0,0,0,188000,118000,70000,70000
055202,神達群益97購01  ,0,0,0,0,0,0,0,0,0,70000,0,0,0,197000,127000,70000,70000
05556P,全新國票96售04  ,0,0,0,0,0,0,0,0,0,70000,0,0,0,190000,120000,70000,70000
056022,新光金群益97購02,0,0,0,0,0,0,0,0,0,70000,0,0,0,70000,0,70000,70000
055954,南港元大97購02  ,0,0,0,0,0,0,0,0,0,70000,0,0,0,82000,12000,70000,70000
055896,南電統一97購02  ,0,0,0,0,0,0,0,0,0,70000,0,0,0,70000,0,70000,70000
042326,元油2X國票94購01,0,0,0,0,0,0,0,0,0,70000,0,0,0,70000,0,70000,70000
048349,美利達元大96購02,0,0,0,0,0,0,0,0,0,70000,0,0,0,70000,0,70000,70000
048254,深中小統一93購01,0,0,0,0,0,0,0,0,0,70000,0,0,0,70000,0,70000,70000
042997,新光鋼元大94購01,0,0,0,0,0,0,0,0,0,70000,0,0,0,70000,0,70000,70000
044900,建準凱基93購01  ,0,0,0,0,0,0,0,0,0,70000,0,0,0,80000,10000,70000,70000
044864,道瓊反國票96購01,0,0,0,0,0,0,0,0,0,70000,0,0,0,70000,0,70000,70000
051415,晶技國票96購01  ,0,0,0,0,0,0,0,0,0,70000,0,0,0,100000,30000,70000,70000
051263,深中小富邦96購01,0,0,0,0,0,0,0,0,0,70000,0,0,0,70000,0,70000,70000
048581,南亞科富邦93購02,0,0,0,0,0,0,0,0,0,70000,0,0,0,70000,0,70000,70000
050174,技嘉元大94購01  ,0,2000,-2000,0,0,0,0,0,0,72000,0,0,0,74000,2000,72000,70000
050869,健策永豐95購01  ,0,0,0,0,0,0,0,0,0,70000,0,0,0,144000,74000,70000,70000
050230,聯發科麥證94購02,0,0,0,70000,0,70000,0,0,0,70000,0,0,0,70000,0,70000,70000
052792,大立光兆豐96購01,0,0,0,0,0,0,0,0,0,70000,0,0,0,70000,0,70000,70000
051766,泰鼎元大95購02  ,0,0,0,0,0,0,0,0,0,70000,0,0,0,98000,28000,70000,70000
049238,元油2X元富96購08,0,0,0,0,0,0,0,0,0,70000,0,0,0,70000,0,70000,70000
054567,拓凱群益98購01  ,0,0,0,0,0,0,0,0,0,70000,0,0,0,73000,3000,70000,70000
054374,信邦中信96購01  ,0,0,0,0,0,0,0,0,0,70000,0,0,0,70000,0,70000,70000
053818,富邦金群益98購01,0,0,0,0,0,0,0,0,0,70000,0,0,0,138000,68000,70000,70000
052839,上海銀國泰97購01,0,0,0,0,0,0,0,0,0,70000,0,0,0,70000,0,70000,70000
05284P,鴻海兆豐95售04  ,0,0,0,0,0,0,0,0,0,70000,0,0,0,79000,9000,70000,70000
053178,南亞科統一98購01,0,0,0,0,0,0,0,0,0,70000,0,0,0,100000,30000,70000,70000
06387P,緯穎永豐97售02  ,0,0,0,0,0,0,0,0,0,70000,0,0,0,106000,36000,70000,70000
06244P,智易元富97售02  ,0,0,0,0,0,0,0,0,0,70000,0,0,0,70000,0,70000,70000
3010,華立            ,99000,29000,70000,0,0,0,0,0,0,0,0,0,0,0,0,0,70000
6477,安集            ,78000,8000,70000,0,0,0,0,0,0,0,0,0,0,0,0,0,70000
055892,國巨統一99購01  ,0,0,0,0,0,0,0,0,0,69000,0,0,0,75000,6000,69000,69000
055974,上銀統一97購05  ,0,0,0,0,0,0,0,0,0,69000,0,0,0,78000,9000,69000,69000
056194,聯發科富邦9B購01,0,0,0,0,0,0,0,0,0,69000,0,0,0,113000,44000,69000,69000
055395,泰鼎統一97購01  ,0,0,0,0,0,0,0,0,0,69000,0,0,0,78000,9000,69000,69000
057039,元油2X元大9B購07,0,0,0,0,0,0,0,0,0,69000,0,0,0,70000,1000,69000,69000
05640P,旺宏元富96售03  ,0,0,0,0,0,0,0,0,0,69000,0,0,0,69000,0,69000,69000
056425,聯發科日盛9A購01,0,0,0,0,0,0,0,0,0,69000,0,0,0,90000,21000,69000,69000
047368,南電群益93購01  ,0,0,0,0,0,0,0,0,0,69000,0,0,0,99000,30000,69000,69000
03947P,新光金國泰94售01,0,0,0,0,0,0,0,0,0,69000,0,0,0,69000,0,69000,69000
04041P,大立光統一94售03,0,0,0,0,0,0,0,0,0,69000,0,0,0,120000,51000,69000,69000
051744,嘉聯益國票97購01,0,0,0,0,0,0,0,0,0,69000,0,0,0,69000,0,69000,69000
051806,華通凱基96購02  ,0,0,0,0,0,0,0,0,0,69000,0,0,0,89000,20000,69000,69000
052102,台泥兆豐96購01  ,0,0,0,0,0,0,0,0,0,69000,0,0,0,99000,30000,69000,69000
050528,瑞儀元大94購02  ,0,0,0,0,0,0,0,0,0,69000,0,0,0,79000,10000,69000,69000
054018,華新台新96購01  ,0,0,0,0,0,0,0,0,0,69000,0,0,0,69000,0,69000,69000
054288,華邦電元大96購05,0,0,0,0,0,0,0,0,0,69000,0,0,0,117000,48000,69000,69000
06320P,上銀統一97售04  ,0,0,0,0,0,0,0,0,0,69000,0,0,0,69000,0,69000,69000
056488,致新元大99購01  ,0,0,0,0,0,0,0,0,0,68000,0,0,0,68000,0,68000,68000
05635P,健策台新96售02  ,0,0,0,0,0,0,0,0,0,68000,0,0,0,68000,0,68000,68000
056545,TPK凱基98購02   ,0,0,0,0,0,0,0,0,0,68000,0,0,0,118000,50000,68000,68000
055630,聯詠永豐97購02  ,0,0,0,0,0,0,0,0,0,68000,0,0,0,68000,0,68000,68000
055759,技嘉群益98購02  ,0,0,0,0,0,0,0,0,0,68000,0,0,0,981000,913000,68000,68000
047388,京元電元大95購01,0,0,0,0,0,0,0,0,0,68000,0,0,0,68000,0,68000,68000
047618,義隆凱基94購02  ,0,0,0,0,0,0,0,0,0,68000,0,0,0,68000,0,68000,68000
04848P,康控凱基94售02  ,0,0,0,0,0,0,0,0,0,68000,0,0,0,68000,0,68000,68000
051329,智邦永豐95購01  ,0,0,0,0,0,0,0,0,0,68000,0,0,0,68000,0,68000,68000
048089,智邦凱基93購10  ,0,0,0,0,0,0,0,0,0,68000,0,0,0,68000,0,68000,68000
047808,智邦凱基93購07  ,0,0,0,0,0,0,0,0,0,68000,0,0,0,68000,0,68000,68000
047707,南亞科凱基93購03,0,0,0,0,0,0,0,0,0,68000,0,0,0,68000,0,68000,68000
050292,可成凱基94購11  ,0,0,0,0,0,0,0,0,0,68000,0,0,0,68000,0,68000,68000
050118,臻鼎元大94購01  ,0,0,0,0,0,0,0,0,0,68000,0,0,0,68000,0,68000,68000
052019,創意永豐95購02  ,0,0,0,0,0,0,0,0,0,68000,0,0,0,68000,0,68000,68000
04932P,香港2X中信96售01,0,0,0,0,0,0,0,0,0,68000,0,0,0,141000,73000,68000,68000
051764,欣興元大95購07  ,0,0,0,0,0,0,0,0,0,68000,0,0,0,68000,0,68000,68000
048994,南電元大94購03  ,0,0,0,0,0,0,0,0,0,68000,0,0,0,70000,2000,68000,68000
049535,臻鼎永豐94購01  ,0,0,0,0,0,0,0,0,0,68000,0,0,0,68000,0,68000,68000
049056,玉晶光永豐95購03,0,0,0,0,0,0,0,0,0,68000,0,0,0,88000,20000,68000,68000
051342,光寶科元大95購01,0,0,0,0,0,0,0,0,0,68000,0,0,0,77000,9000,68000,68000
05429P,鴻海統一95售16  ,0,0,0,0,0,0,0,0,0,68000,0,0,0,70000,2000,68000,68000
054190,矽創永豐96購01  ,0,0,0,0,0,0,0,0,0,68000,0,0,0,68000,0,68000,68000
053956,旺宏永豐96購04  ,0,0,0,0,0,0,0,0,0,68000,0,0,0,89000,21000,68000,68000
053802,南亞科凱基96購04,0,0,0,0,0,0,0,0,0,68000,0,0,0,68000,0,68000,68000
054636,華通中信97購01  ,0,0,0,0,0,0,0,0,0,68000,0,0,0,70000,2000,68000,68000
053092,台表科元大97購02,0,0,0,0,0,0,0,0,0,68000,0,0,0,68000,0,68000,68000
053233,大立光永豐96購01,0,0,0,0,0,0,0,0,0,68000,0,0,0,68000,0,68000,68000
053596,嘉澤元大96購01  ,0,0,0,0,0,0,0,0,0,68000,0,0,0,83000,15000,68000,68000
052708,楠梓電永豐97購01,0,0,0,0,0,0,0,0,0,68000,0,0,0,68000,0,68000,68000
052284,日月光凱基96購01,0,0,0,0,0,0,0,0,0,68000,0,0,0,68000,0,68000,68000
048535,超眾國票94購02  ,0,0,0,0,0,0,0,0,0,67000,0,0,0,67000,0,67000,67000
048302,上証反凱基93購01,0,0,0,0,0,0,0,0,0,67000,0,0,0,67000,0,67000,67000
04250P,嘉晶統一95售02  ,0,0,0,0,0,0,0,0,0,67000,0,0,0,69000,2000,67000,67000
049130,臺指反元大98購01,0,0,0,0,0,0,0,0,0,67000,0,0,0,102000,35000,67000,67000
051803,矽創永豐95購03  ,0,0,0,0,0,0,0,0,0,67000,0,0,0,118000,51000,67000,67000
052079,康友元富98購01  ,0,0,0,0,0,0,0,0,0,67000,0,0,0,190000,123000,67000,67000
05046P,台光電永豐95售02,0,0,0,0,0,0,0,0,0,67000,0,0,0,77000,10000,67000,67000
054211,奇鋐國票97購03  ,0,0,0,0,0,0,0,0,0,67000,0,0,0,67000,0,67000,67000
054241,深中小元大98購01,0,0,0,0,0,0,0,0,0,67000,0,0,0,77000,10000,67000,67000
06322P,超眾統一97售04  ,0,0,0,0,0,0,0,0,0,67000,0,0,0,100000,33000,67000,67000
06052P,台郡國票97售06  ,0,0,0,0,0,0,0,0,0,67000,0,0,0,83000,16000,67000,67000
2453,凌群            ,76000,9000,67000,0,0,0,0,0,0,0,0,0,0,0,0,0,67000
5215,科嘉-KY         ,82000,15000,67000,0,0,0,0,0,0,0,0,0,0,0,0,0,67000
4919,新唐            ,116000,24000,92000,0,0,0,0,0,0,-25000,0,0,0,0,25000,-25000,67000
055600,致伸元大97購02  ,0,0,0,0,0,0,0,0,0,66000,0,0,0,119000,53000,66000,66000
056558,台達電群益98購01,0,0,0,0,0,0,0,0,0,66000,0,0,0,108000,42000,66000,66000
056359,旺宏元大9A購01  ,0,0,0,0,0,0,0,0,0,66000,0,0,0,164000,98000,66000,66000
05837P,臺股指富邦96售04,0,0,0,0,0,0,0,0,0,66000,0,0,0,71000,5000,66000,66000
045855,緯穎富邦93購01  ,0,0,0,0,0,0,0,0,0,66000,0,0,0,66000,0,66000,66000
047511,義隆國票93購02  ,0,0,0,0,0,0,0,0,0,66000,0,0,0,66000,0,66000,66000
046444,矽力日盛92購01  ,0,0,0,0,0,0,0,0,0,66000,0,0,0,66000,0,66000,66000
05047P,強茂永豐95售02  ,0,0,0,0,0,0,0,0,0,66000,0,0,0,66000,0,66000,66000
052170,台積電元大95購20,0,0,0,0,0,0,0,0,0,66000,0,0,0,198000,132000,66000,66000
051691,台表科凱基95購01,0,0,0,0,0,0,0,0,0,66000,0,0,0,70000,4000,66000,66000
049573,長榮航統一95購01,0,0,0,0,0,0,0,0,0,66000,0,0,0,66000,0,66000,66000
051512,超眾麥證95購01  ,0,0,0,72000,6000,66000,0,0,0,66000,0,0,0,72000,6000,66000,66000
049911,智邦元大94購05  ,0,0,0,0,0,0,0,0,0,66000,0,0,0,68000,2000,66000,66000
049187,義隆台新94購01  ,0,0,0,0,0,0,0,0,0,66000,0,0,0,68000,2000,66000,66000
054852,奇鋐國票98購01  ,0,0,0,0,0,0,0,0,0,66000,0,0,0,166000,100000,66000,66000
052364,全新國票95購02  ,0,0,0,0,0,0,0,0,0,66000,0,0,0,118000,52000,66000,66000
05368P,可成元富95售03  ,0,0,0,0,0,0,0,0,0,66000,0,0,0,76000,10000,66000,66000
053304,可成凱基96購03  ,0,0,0,0,0,0,0,0,0,66000,0,0,0,68000,2000,66000,66000
06455P,上銀統一99售03  ,0,0,0,0,0,0,0,0,0,66000,0,0,0,66000,0,66000,66000
06436P,台光電國票98售04,0,0,0,0,0,0,0,0,0,66000,0,0,0,96000,30000,66000,66000
055180,文曄統一97購01  ,0,0,0,0,0,0,0,0,0,65000,0,0,0,68000,3000,65000,65000
056182,台光電統一97購03,0,0,0,0,0,0,0,0,0,65000,0,0,0,141000,76000,65000,65000
047568,創意國票93購03  ,0,0,0,0,0,0,0,0,0,65000,0,0,0,65000,0,65000,65000
045893,貿聯元大92購04  ,0,0,0,0,0,0,0,0,0,65000,0,0,0,65000,0,65000,65000
044188,超眾國泰93購01  ,0,0,0,0,0,0,0,0,0,65000,0,0,0,65000,0,65000,65000
051965,傳奇永豐95購01  ,0,0,0,0,0,0,0,0,0,65000,0,0,0,80000,15000,65000,65000
050879,樺漢統一95購02  ,0,0,0,0,0,0,0,0,0,65000,0,0,0,109000,44000,65000,65000
055003,群創元富99購05  ,0,0,0,0,0,0,0,0,0,65000,0,0,0,75000,10000,65000,65000
05453P,智邦群益95售03  ,0,0,0,0,0,0,0,0,0,65000,0,0,0,65000,0,65000,65000
054342,亞光元富99購01  ,0,0,0,0,0,0,0,0,0,65000,0,0,0,65000,0,65000,65000
053753,啟碁永豐96購01  ,0,0,0,0,0,0,0,0,0,65000,0,0,0,65000,0,65000,65000
053871,臻鼎元大96購03  ,0,0,0,0,0,0,0,0,0,65000,0,0,0,109000,44000,65000,65000
06143P,鴻海永豐97售02  ,0,0,0,0,0,0,0,0,0,65000,0,0,0,84000,19000,65000,65000
056304,創意元大97購03  ,0,0,0,0,0,0,0,0,0,64000,0,0,0,68000,4000,64000,64000
056249,鴻海兆豐97購05  ,0,0,0,0,0,0,0,0,0,64000,0,0,0,70000,6000,64000,64000
048296,康控群益93購03  ,0,0,0,0,0,0,0,0,0,64000,0,0,0,70000,6000,64000,64000
048426,超眾元富93購01  ,0,0,0,0,0,0,0,0,0,64000,0,0,0,81000,17000,64000,64000
051889,智邦元富95購02  ,0,0,0,0,0,0,0,0,0,64000,0,0,0,238000,174000,64000,64000
052075,旺宏元富95購03  ,0,0,0,0,0,0,0,0,0,64000,0,0,0,64000,0,64000,64000
048677,智伸科國泰94購01,0,0,0,0,0,0,0,0,0,64000,0,0,0,64000,0,64000,64000
048900,精成科國泰95購01,0,0,0,0,0,0,0,0,0,64000,0,0,0,100000,36000,64000,64000
054010,致伸元富96購01  ,0,0,0,0,0,0,0,0,0,64000,0,0,0,84000,20000,64000,64000
054979,南港元富97購01  ,0,0,0,0,0,0,0,0,0,64000,0,0,0,64000,0,64000,64000
053278,禾伸堂元大96購01,0,0,0,0,0,0,0,0,0,64000,0,0,0,113000,49000,64000,64000
2485,兆赫            ,74000,20000,54000,0,0,0,0,0,0,10000,1000,0,1000,9000,0,9000,64000
05669P,嘉晶永豐96售03  ,0,0,0,0,0,0,0,0,0,63000,0,0,0,63000,0,63000,63000
05904P,大立光統一96售07,0,0,0,0,0,0,0,0,0,63000,0,0,0,63000,0,63000,63000
056986,超眾群益98購03  ,0,0,0,0,0,0,0,0,0,63000,0,0,0,118000,55000,63000,63000
055726,台表科元大98購03,0,0,0,0,0,0,0,0,0,63000,0,0,0,63000,0,63000,63000
048387,台達電國票94購01,0,0,0,0,0,0,0,0,0,63000,0,0,0,66000,3000,63000,63000
051202,智邦麥證95購01  ,0,0,0,83000,20000,63000,0,0,0,63000,0,0,0,83000,20000,63000,63000
04724P,可成凱基94售08  ,0,0,0,0,0,0,0,0,0,63000,0,0,0,103000,40000,63000,63000
047418,智邦富邦97購01  ,0,0,0,0,0,0,0,0,0,63000,0,0,0,162000,99000,63000,63000
05165P,欣興元富95售03  ,0,0,0,0,0,0,0,0,0,63000,0,0,0,70000,7000,63000,63000
04906P,欣興國票95售01  ,0,0,0,0,0,0,0,0,0,63000,0,0,0,63000,0,63000,63000
051215,大立光統一95購03,0,0,0,0,0,0,0,0,0,63000,0,0,0,65000,2000,63000,63000
052165,訊芯永豐95購03  ,0,0,0,0,0,0,0,0,0,63000,0,0,0,63000,0,63000,63000
053550,聯發科凱基96購15,0,0,0,0,0,0,0,0,0,63000,0,0,0,168000,105000,63000,63000
052242,台達電台新96購01,0,0,0,0,0,0,0,0,0,63000,0,0,0,63000,0,63000,63000
054264,超眾元大97購02  ,0,0,0,0,0,0,0,0,0,63000,0,0,0,87000,24000,63000,63000
2905,三商            ,178000,115000,63000,0,0,0,0,0,0,0,0,0,0,0,0,0,63000
06172P,台虹永豐97售02  ,0,0,0,0,0,0,0,0,0,63000,0,0,0,63000,0,63000,63000
044819,新日興兆豐93購02,0,0,0,0,0,0,0,0,0,62000,0,0,0,62000,0,62000,62000
047920,南亞科凱基93購04,0,0,0,0,0,0,0,0,0,62000,0,0,0,62000,0,62000,62000
04863P,技嘉元大94售02  ,0,0,0,0,0,0,0,0,0,62000,0,0,0,165000,103000,62000,62000
054207,國巨國票98購01  ,0,0,0,0,0,0,0,0,0,62000,0,0,0,62000,0,62000,62000
054967,神達元大97購01  ,0,0,0,0,0,0,0,0,0,62000,0,0,0,282000,220000,62000,62000
054807,台化元大9A購02  ,0,0,0,0,0,0,0,0,0,62000,0,0,0,62000,0,62000,62000
054445,技嘉兆豐96購01  ,0,0,0,0,0,0,0,0,0,62000,0,0,0,74000,12000,62000,62000
054572,國巨元大98購03  ,0,0,0,0,0,0,0,0,0,62000,0,0,0,258000,196000,62000,62000
05245P,台積電元大95售18,0,0,0,0,0,0,0,0,0,62000,0,0,0,718000,656000,62000,62000
05263P,台積電元大96售09,0,0,0,0,0,0,0,0,0,62000,0,0,0,125000,63000,62000,62000
06095P,燿華永豐97售01  ,0,0,0,0,0,0,0,0,0,62000,0,0,0,62000,0,62000,62000
055067,禾聯碩永豐97購01,0,0,0,0,0,0,0,0,0,61000,0,0,0,66000,5000,61000,61000
05743P,創意元大96售01  ,0,0,0,0,0,0,0,0,0,61000,0,0,0,61000,0,61000,61000
056538,國泰金凱基98購01,0,0,0,0,0,0,0,0,0,61000,0,0,0,68000,7000,61000,61000
04764P,台光電台新94售01,0,0,0,0,0,0,0,0,0,61000,0,0,0,61000,0,61000,61000
047869,景碩永豐93購01  ,0,0,0,0,0,0,0,0,0,61000,0,0,0,61000,0,61000,61000
047646,貿聯元大94購01  ,0,0,0,0,0,0,0,0,0,61000,0,0,0,82000,21000,61000,61000
044717,旺宏統一94購01  ,0,0,0,0,0,0,0,0,0,61000,0,0,0,191000,130000,61000,61000
052793,健鼎兆豐96購01  ,0,0,0,0,0,0,0,0,0,61000,0,0,0,61000,0,61000,61000
051987,廣達元大95購01  ,0,0,0,0,0,0,0,0,0,61000,0,0,0,61000,0,61000,61000
04987P,昇陽半永豐94售04,0,0,0,0,0,0,0,0,0,61000,0,0,0,61000,0,61000,61000
052904,冠德國票97購01  ,0,0,0,0,0,0,0,0,0,61000,0,0,0,61000,0,61000,61000
053501,明泰兆豐96購01  ,0,0,0,0,0,0,0,0,0,61000,0,0,0,99000,38000,61000,61000
054766,智原國票98購01  ,0,0,0,0,0,0,0,0,0,61000,0,0,0,61000,0,61000,61000
054961,玉晶光元大99購01,0,0,0,0,0,0,0,0,0,61000,0,0,0,70000,9000,61000,61000
053874,台表科元大96購05,0,0,0,0,0,0,0,0,0,61000,0,0,0,129000,68000,61000,61000
06087P,國巨永豐97售01  ,0,0,0,0,0,0,0,0,0,61000,0,0,0,61000,0,61000,61000
06227P,大立光群益97售04,0,0,0,0,0,0,0,0,0,61000,0,0,0,96000,35000,61000,61000
06447P,上銀元大98售01  ,0,0,0,0,0,0,0,0,0,61000,0,0,0,61000,0,61000,61000
06358P,力成中信97售02  ,0,0,0,0,0,0,0,0,0,61000,0,0,0,140000,79000,61000,61000
06607P,友達台新98售02  ,0,0,0,0,0,0,0,0,0,61000,0,0,0,76000,15000,61000,61000
6209,今國光          ,93000,32000,61000,0,0,0,0,0,0,0,0,0,0,0,0,0,61000
6224,聚鼎            ,90000,29000,61000,0,0,0,0,0,0,0,0,0,0,0,0,0,61000
6533,晶心科          ,113000,52000,61000,0,0,0,0,0,0,0,0,0,0,0,0,0,61000
6706,惠特            ,46000,57000,-11000,0,0,0,100000,0,100000,-28000,10000,38000,-28000,0,0,0,61000
056512,易華電永豐98購01,0,0,0,0,0,0,0,0,0,60000,0,0,0,60000,0,60000,60000
055561,奇鋐凱基97購01  ,0,0,0,0,0,0,0,0,0,60000,0,0,0,60000,0,60000,60000
05609P,國泰金凱基96售01,0,0,0,0,0,0,0,0,0,60000,0,0,0,60000,0,60000,60000
05597P,鴻海元富96售06  ,0,0,0,0,0,0,0,0,0,60000,0,0,0,70000,10000,60000,60000
056039,宏達電凱基97購02,0,0,0,0,0,0,0,0,0,60000,0,0,0,89000,29000,60000,60000
044862,台表科兆豐93購01,0,0,0,0,0,0,0,0,0,60000,0,0,0,60000,0,60000,60000
044605,超眾國泰93購02  ,0,0,0,0,0,0,0,0,0,60000,0,0,0,60000,0,60000,60000
047317,聯詠元大93購06  ,0,0,0,0,0,0,0,0,0,60000,0,0,0,60000,0,60000,60000
04339P,欣興元大93售08  ,0,0,0,0,0,0,0,0,0,60000,0,0,0,75000,15000,60000,60000
04317P,樺漢國票93售03  ,0,0,0,0,0,0,0,0,0,60000,0,0,0,60000,0,60000,60000
045870,元油2X元富96購02,0,0,0,0,0,0,0,0,0,60000,0,0,0,60000,0,60000,60000
045448,宏達電國泰93購02,0,0,0,0,0,0,0,0,0,60000,0,0,0,108000,48000,60000,60000
03827P,矽創國票94售01  ,0,0,0,0,0,0,0,0,0,60000,0,0,0,60000,0,60000,60000
03372P,台積電元大02售25,0,0,0,0,0,0,0,0,0,60000,0,0,0,75000,15000,60000,60000
04186P,創意元富93售04  ,0,0,0,0,0,0,0,0,0,60000,0,0,0,110000,50000,60000,60000
04256P,美律國票93售03  ,0,0,0,0,0,0,0,0,0,60000,0,0,0,60000,0,60000,60000
048556,技嘉元大93購03  ,0,0,0,0,0,0,0,0,0,60000,0,0,0,380000,320000,60000,60000
047014,元油反元大99購01,0,0,0,0,0,0,0,0,0,60000,0,0,0,60000,0,60000,60000
047031,麗豐元大93購01  ,0,0,0,0,0,0,0,0,0,60000,0,0,0,60000,0,60000,60000
046828,聯發科群益94購01,0,0,0,0,0,0,0,0,0,60000,0,0,0,60000,0,60000,60000
051185,強茂永豐95購03  ,0,0,0,0,0,0,0,0,0,60000,0,0,0,60000,0,60000,60000
051075,智邦國泰97購01  ,0,0,0,0,0,0,0,0,0,60000,0,0,0,60000,0,60000,60000
051409,美律國票96購01  ,0,0,0,0,0,0,0,0,0,60000,0,0,0,90000,30000,60000,60000
051304,緯創凱基96購01  ,0,0,0,0,0,0,0,0,0,60000,0,0,0,60000,0,60000,60000
047971,南亞科富邦95購01,0,0,0,0,0,0,0,0,0,60000,0,0,0,60000,0,60000,60000
048015,致伸國票93購03  ,0,0,0,0,0,0,0,0,0,60000,0,0,0,60000,0,60000,60000
04807P,聯茂元富94售01  ,0,0,0,0,0,0,0,0,0,60000,0,0,0,86000,26000,60000,60000
049123,可成元富94購01  ,0,0,0,0,0,0,0,0,0,60000,0,0,0,60000,0,60000,60000
051221,嘉聯益元富95購01,0,0,0,0,0,0,0,0,0,60000,0,0,0,60000,0,60000,60000
050001,奇鋐永豐94購03  ,0,0,0,0,0,0,0,0,0,60000,0,0,0,60000,0,60000,60000
049972,南電國票95購02  ,0,0,0,0,0,0,0,0,0,60000,0,0,0,60000,0,60000,60000
051743,揚明光國票96購02,0,0,0,0,0,0,0,0,0,60000,0,0,0,60000,0,60000,60000
048840,上海銀凱基94購02,0,0,0,0,0,0,0,0,0,60000,0,0,0,60000,0,60000,60000
048684,上海銀富邦93購02,0,0,0,0,0,0,0,0,0,60000,0,0,0,60000,0,60000,60000
048707,南電國票95購01  ,0,0,0,0,0,0,0,0,0,60000,0,0,0,60000,0,60000,60000
048997,智原國票95購01  ,0,0,0,0,0,0,0,0,0,60000,0,0,0,60000,0,60000,60000
049521,致伸國票95購01  ,0,0,0,0,0,0,0,0,0,60000,0,0,0,60000,0,60000,60000
050079,元油2X統一94購06,0,0,0,0,0,0,0,0,0,60000,0,0,0,60000,0,60000,60000
052098,臺股指富邦95購01,0,0,0,0,0,0,0,0,0,60000,0,0,0,60000,0,60000,60000
052111,智原元富95購01  ,0,0,0,0,0,0,0,0,0,60000,0,0,0,60000,0,60000,60000
050938,智原國票96購01  ,0,0,0,0,0,0,0,0,0,60000,0,0,0,60000,0,60000,60000
05053P,新日興群益95售01,0,0,0,0,0,0,0,0,0,60000,0,0,0,60000,0,60000,60000
04949P,致新元大94售04  ,0,0,0,0,0,0,0,0,0,60000,0,0,0,160000,100000,60000,60000
050093,國巨永豐94購05  ,0,0,0,0,0,0,0,0,0,60000,0,0,0,109000,49000,60000,60000
049697,群創元大98購01  ,0,0,0,0,0,0,0,0,0,60000,0,0,0,195000,135000,60000,60000
053735,矽力中信97購01  ,0,0,0,0,0,0,0,0,0,60000,0,0,0,80000,20000,60000,60000
053795,群創亞東96購01  ,0,0,0,0,0,0,0,0,0,60000,0,0,0,60000,0,60000,60000
054054,光磊國票97購02  ,0,0,0,0,0,0,0,0,0,60000,0,0,0,60000,0,60000,60000
053933,大立光統一96購06,0,0,0,0,0,0,0,0,0,60000,0,0,0,170000,110000,60000,60000
053928,智易國票97購03  ,0,0,0,0,0,0,0,0,0,60000,0,0,0,60000,0,60000,60000
054932,台肥元大97購01  ,0,0,0,0,0,0,0,0,0,60000,0,0,0,61000,1000,60000,60000
05474P,智邦亞東95售01  ,0,0,0,0,0,0,0,0,0,60000,0,0,0,60000,0,60000,60000
053279,景碩元大97購01  ,0,0,0,0,0,0,0,0,0,60000,0,0,0,60000,0,60000,60000
053335,易華電永豐96購01,0,0,0,0,0,0,0,0,0,60000,0,0,0,60000,0,60000,60000
053108,南亞科兆豐96購01,0,0,0,0,0,0,0,0,0,60000,0,0,0,93000,33000,60000,60000
05235P,健鼎康和95售02  ,0,0,0,0,0,0,0,0,0,60000,0,0,0,101000,41000,60000,60000
06471P,臺股指凱基99售11,0,0,0,0,0,0,0,0,0,60000,0,0,0,70000,10000,60000,60000
06156P,大立光統一97售05,0,0,0,0,0,0,0,0,0,60000,0,0,0,60000,0,60000,60000
06154P,超眾元大98售01  ,0,0,0,0,0,0,0,0,0,60000,0,0,0,154000,94000,60000,60000
055965,泰鼎元大97購03  ,0,0,0,0,0,0,0,0,0,59000,0,0,0,542000,483000,59000,59000
055740,智易元富97購01  ,0,0,0,0,0,0,0,0,0,59000,0,0,0,59000,0,59000,59000
055854,群創元大98購04  ,0,0,0,0,0,0,0,0,0,59000,0,0,0,59000,0,59000,59000
055408,力成國泰98購01  ,0,0,0,0,0,0,0,0,0,59000,0,0,0,59000,0,59000,59000
055352,奇力新凱基97購01,0,0,0,0,0,0,0,0,0,59000,0,0,0,59000,0,59000,59000
056432,鴻海凱基98購08  ,0,0,0,0,0,0,0,0,0,59000,0,0,0,71000,12000,59000,59000
056720,世紀鋼永豐98購01,0,0,0,0,0,0,0,0,0,59000,0,0,0,160000,101000,59000,59000
05116P,台積電群益95售03,0,0,0,0,0,0,0,0,0,59000,0,0,0,59000,0,59000,59000
047522,微星元大93購02  ,0,0,0,0,0,0,0,0,0,59000,0,0,0,60000,1000,59000,59000
050224,台泥中信94購01  ,0,0,0,0,0,0,0,0,0,59000,0,0,0,59000,0,59000,59000
049044,和碩兆豐94購01  ,0,0,0,0,0,0,0,0,0,59000,0,0,0,70000,11000,59000,59000
05946P,和碩中信96售01  ,0,0,0,0,0,0,0,0,0,59000,0,0,0,62000,3000,59000,59000
06352P,臺股指富邦99售02,0,0,0,0,0,0,0,0,0,59000,0,0,0,65000,6000,59000,59000
06617P,智邦元大98售03  ,0,0,0,0,0,0,0,0,0,59000,0,0,0,104000,45000,59000,59000
2515,中工            ,365000,315000,50000,0,0,0,0,0,0,9000,10000,0,10000,0,1000,-1000,59000
6168,宏齊            ,68000,10000,58000,0,0,0,0,0,0,1000,1000,0,1000,0,0,0,59000
056540,聯詠凱基98購02  ,0,0,0,0,0,0,0,0,0,58000,0,0,0,73000,15000,58000,58000
057146,技嘉國票98購01  ,0,0,0,0,0,0,0,0,0,58000,0,0,0,82000,24000,58000,58000
056204,嘉澤永豐97購01  ,0,0,0,0,0,0,0,0,0,58000,0,0,0,116000,58000,58000,58000
046231,創意元大92購07  ,0,0,0,0,0,0,0,0,0,58000,0,0,0,58000,0,58000,58000
048545,嘉澤永豐93購03  ,0,0,0,0,0,0,0,0,0,58000,0,0,0,68000,10000,58000,58000
046949,群創元大99購01  ,0,0,0,0,0,0,0,0,0,58000,0,0,0,197000,139000,58000,58000
04227P,滬深2X永豐94售04,0,0,0,0,0,0,0,0,0,58000,0,0,0,58000,0,58000,58000
047181,智邦元大93購06  ,0,0,0,0,0,0,0,0,0,58000,0,0,0,68000,10000,58000,58000
04614P,光罩群益94售02  ,0,0,0,0,0,0,0,0,0,58000,0,0,0,58000,0,58000,58000
051767,臻鼎元大95購03  ,0,0,0,0,0,0,0,0,0,58000,0,0,0,68000,10000,58000,58000
052137,台表科凱基96購02,0,0,0,0,0,0,0,0,0,58000,0,0,0,143000,85000,58000,58000
05189P,新光金凱基97售02,0,0,0,0,0,0,0,0,0,58000,0,0,0,58000,0,58000,58000
049718,南亞科凱基94購04,0,0,0,0,0,0,0,0,0,58000,0,0,0,58000,0,58000,58000
049492,聯發科元大95購02,0,0,0,0,0,0,0,0,0,58000,0,0,0,144000,86000,58000,58000
052423,宏達電國票96購02,0,0,0,0,0,0,0,0,0,58000,0,0,0,83000,25000,58000,58000
052896,宏達電群益96購01,0,0,0,0,0,0,0,0,0,58000,0,0,0,97000,39000,58000,58000
052901,台達電國票97購01,0,0,0,0,0,0,0,0,0,58000,0,0,0,58000,0,58000,58000
054571,楠梓電元大99購01,0,0,0,0,0,0,0,0,0,58000,0,0,0,296000,238000,58000,58000
054582,致新元大97購01  ,0,0,0,0,0,0,0,0,0,58000,0,0,0,68000,10000,58000,58000
054700,致新永豐97購01  ,0,0,0,0,0,0,0,0,0,58000,0,0,0,58000,0,58000,58000
054517,高鐵元大96購01  ,0,0,0,0,0,0,0,0,0,58000,0,0,0,68000,10000,58000,58000
5305,敦南            ,90000,26000,64000,0,0,0,0,0,0,-6000,0,0,0,0,6000,-6000,58000
2428,興勤            ,98000,42000,56000,0,0,0,0,0,0,2000,0,0,0,2000,0,2000,58000
06407P,創意元富97售02  ,0,0,0,0,0,0,0,0,0,58000,0,0,0,58000,0,58000,58000
05975P,國巨日盛99售02  ,0,0,0,0,0,0,0,0,0,58000,0,0,0,120000,62000,58000,58000
2542,興富發          ,710646,693100,17546,0,0,0,0,0,0,40000,6000,19000,-13000,53000,0,53000,57546
055861,矽力元大97購03  ,0,0,0,0,0,0,0,0,0,57000,0,0,0,66000,9000,57000,57000
056896,南亞科元大98購01,0,0,0,0,0,0,0,0,0,57000,0,0,0,76000,19000,57000,57000
056865,樺漢群益98購01  ,0,0,0,0,0,0,0,0,0,57000,0,0,0,121000,64000,57000,57000
056721,台灣50永昌9A購01,0,0,0,0,0,0,0,0,0,57000,0,0,0,103000,46000,57000,57000
045161,玉晶光國泰94購03,0,0,0,0,0,0,0,0,0,57000,0,0,0,58000,1000,57000,57000
048276,旺宏永豐94購01  ,0,0,0,0,0,0,0,0,0,57000,0,0,0,82000,25000,57000,57000
046677,矽創元大93購03  ,0,0,0,0,0,0,0,0,0,57000,0,0,0,57000,0,57000,57000
046731,嘉聯益元大93購03,0,0,0,0,0,0,0,0,0,57000,0,0,0,57000,0,57000,57000
049475,高鐵永豐94購01  ,0,0,0,0,0,0,0,0,0,57000,0,0,0,57000,0,57000,57000
049488,智邦元大95購01  ,0,0,0,0,0,0,0,0,0,57000,0,0,0,68000,11000,57000,57000
052123,泰碩國票95購01  ,0,0,0,0,0,0,0,0,0,57000,0,0,0,60000,3000,57000,57000
051220,大立光元富95購08,0,0,0,0,0,0,0,0,0,57000,0,0,0,57000,0,57000,57000
050681,南亞科元富94購01,0,0,0,0,0,0,0,0,0,57000,0,0,0,77000,20000,57000,57000
05435P,鴻海群益95售12  ,0,0,0,0,0,0,0,0,0,57000,0,0,0,88000,31000,57000,57000
052271,力成日盛95購02  ,0,0,0,0,0,0,0,0,0,57000,0,0,0,77000,20000,57000,57000
053418,旺宏永豐96購02  ,0,0,0,0,0,0,0,0,0,57000,0,0,0,800000,743000,57000,57000
06053P,緯穎國票97售05  ,0,0,0,0,0,0,0,0,0,57000,0,0,0,70000,13000,57000,57000
055373,聯詠元大97購03  ,0,0,0,0,0,0,0,0,0,56000,0,0,0,187000,131000,56000,56000
055260,晶相光統一98購01,0,0,0,0,0,0,0,0,0,56000,0,0,0,56000,0,56000,56000
048139,南電國票94購02  ,0,0,0,0,0,0,0,0,0,56000,0,0,0,66000,10000,56000,56000
03951P,新光金凱基95售01,0,0,0,0,0,0,0,0,0,56000,0,0,0,56000,0,56000,56000
042787,新日興兆豐93購01,0,0,0,0,0,0,0,0,0,56000,0,0,0,56000,0,56000,56000
051786,A50正2國票95購02,0,0,0,0,0,0,0,0,0,56000,0,0,0,296000,240000,56000,56000
051468,智邦日盛95購01  ,0,0,0,0,0,0,0,0,0,56000,0,0,0,91000,35000,56000,56000
050287,台達電凱基94購10,0,0,0,0,0,0,0,0,0,56000,0,0,0,66000,10000,56000,56000
053628,微星兆豐96購01  ,0,0,0,0,0,0,0,0,0,56000,0,0,0,61000,5000,56000,56000
053333,新唐永豐96購01  ,0,0,0,0,0,0,0,0,0,56000,0,0,0,56000,0,56000,56000
052240,臻鼎國票96購03  ,0,0,0,0,0,0,0,0,0,56000,0,0,0,94000,38000,56000,56000
2832,台產            ,57000,1000,56000,0,0,0,0,0,0,0,0,0,0,0,0,0,56000
3454,晶睿            ,72000,16000,56000,0,0,0,0,0,0,0,0,0,0,0,0,0,56000
4137,麗豐-KY         ,210000,152280,57720,0,0,0,0,0,0,-2000,0,0,0,0,2000,-2000,55720
056163,嘉聯益凱基98購03,0,0,0,0,0,0,0,0,0,55000,0,0,0,136000,81000,55000,55000
041870,A50正2凱基96購01,0,0,0,0,0,0,0,0,0,55000,0,0,0,55000,0,55000,55000
04162P,南亞科統一94售02,0,0,0,0,0,0,0,0,0,55000,0,0,0,55000,0,55000,55000
04823P,台積電元富94售09,0,0,0,0,0,0,0,0,0,55000,0,0,0,55000,0,55000,55000
042902,光寶科元大94購01,0,0,0,0,0,0,0,0,0,55000,0,0,0,76000,21000,55000,55000
044860,元油2X中信93購01,0,0,0,0,0,0,0,0,0,55000,0,0,0,55000,0,55000,55000
044997,信邦國泰93購01  ,0,0,0,0,0,0,0,0,0,55000,0,0,0,55000,0,55000,55000
048595,儒鴻國票96購01  ,0,0,0,0,0,0,0,0,0,55000,0,0,0,96000,41000,55000,55000
050787,致伸國泰96購01  ,0,0,0,0,0,0,0,0,0,55000,0,0,0,70000,15000,55000,55000
052135,聯發科凱基9B購01,0,0,0,0,0,0,0,0,0,55000,0,0,0,200000,145000,55000,55000
051959,台郡台新95購03  ,0,0,0,0,0,0,0,0,0,55000,0,0,0,55000,0,55000,55000
049300,南電群益94購01  ,0,0,0,0,0,0,0,0,0,55000,0,0,0,55000,0,55000,55000
050744,健策永豐94購04  ,0,0,0,0,0,0,0,0,0,55000,0,0,0,206000,151000,55000,55000
052560,康舒國票97購01  ,0,0,0,0,0,0,0,0,0,55000,0,0,0,95000,40000,55000,55000
052690,台表科元大97購01,0,0,0,0,0,0,0,0,0,55000,0,0,0,55000,0,55000,55000
053645,臺股指國票96購08,0,0,0,0,0,0,0,0,0,55000,0,0,0,55000,0,55000,55000
053436,聯茂日盛96購01  ,0,0,0,0,0,0,0,0,0,55000,0,0,0,295000,240000,55000,55000
054730,上証2X凱基98購02,0,0,0,0,0,0,0,0,0,55000,0,0,0,55000,0,55000,55000
05487P,台表科凱基95售02,0,0,0,0,0,0,0,0,0,55000,0,0,0,61000,6000,55000,55000
054994,建準元富97購01  ,0,0,0,0,0,0,0,0,0,55000,0,0,0,55000,0,55000,55000
6278,台表科          ,504000,950000,-446000,0,0,0,530000,0,530000,-29000,66000,2000,64000,24000,117000,-93000,55000
9103,美德醫療-DR     ,55000,0,55000,0,0,0,0,0,0,0,0,0,0,0,0,0,55000
9907,統一實          ,203000,148000,55000,0,0,0,0,0,0,0,0,0,0,0,0,0,55000
06187P,國巨統一97售05  ,0,0,0,0,0,0,0,0,0,55000,0,0,0,55000,0,55000,55000
06141P,大立光日盛97售01,0,0,0,0,0,0,0,0,0,55000,0,0,0,55000,0,55000,55000
06423P,亞光台新97售01  ,0,0,0,0,0,0,0,0,0,55000,0,0,0,55000,0,55000,55000
06465P,國巨統一98售04  ,0,0,0,0,0,0,0,0,0,55000,0,0,0,55000,0,55000,55000
06346P,聯鈞元富97售02  ,0,0,0,0,0,0,0,0,0,55000,0,0,0,63000,8000,55000,55000
06625P,華新科統一98售03,0,0,0,0,0,0,0,0,0,55000,0,0,0,81000,26000,55000,55000
05574P,英業達元富96售01,0,0,0,0,0,0,0,0,0,54000,0,0,0,55000,1000,54000,54000
055394,健策統一97購01  ,0,0,0,0,0,0,0,0,0,54000,0,0,0,65000,11000,54000,54000
05657P,樺漢統一97售01  ,0,0,0,0,0,0,0,0,0,54000,0,0,0,54000,0,54000,54000
057194,南電元大98購01  ,0,0,0,0,0,0,0,0,0,54000,0,0,0,85000,31000,54000,54000
048594,泰鼎群益93購02  ,0,0,0,0,0,0,0,0,0,54000,0,0,0,80000,26000,54000,54000
046671,彩晶元大93購03  ,0,0,0,0,0,0,0,0,0,54000,0,0,0,70000,16000,54000,54000
048446,南亞科凱基93購07,0,0,0,0,0,0,0,0,0,54000,0,0,0,54000,0,54000,54000
048052,力成中信93購01  ,0,0,0,0,0,0,0,0,0,54000,0,0,0,64000,10000,54000,54000
04541P,智易永豐94售03  ,0,0,0,0,0,0,0,0,0,54000,0,0,0,54000,0,54000,54000
051780,矽力群益95購01  ,0,0,0,0,0,0,0,0,0,54000,0,0,0,85000,31000,54000,54000
054933,南港元大97購01  ,0,0,0,0,0,0,0,0,0,54000,0,0,0,54000,0,54000,54000
054923,晶技凱基98購01  ,0,0,0,0,0,0,0,0,0,54000,0,0,0,54000,0,54000,54000
054729,聯發科日盛97購02,0,0,0,0,0,0,0,0,0,54000,0,0,0,54000,0,54000,54000
054220,國巨統一97購02  ,0,0,0,0,0,0,0,0,0,54000,0,0,0,90000,36000,54000,54000
05230P,京元電群益95售01,0,0,0,0,0,0,0,0,0,54000,0,0,0,60000,6000,54000,54000
06403P,鴻海元富97售15  ,0,0,0,0,0,0,0,0,0,54000,0,0,0,67000,13000,54000,54000
2027,大成鋼          ,682000,336000,346000,0,0,0,0,0,0,-292000,2000,14000,-12000,15000,295000,-280000,54000
056921,京元電兆豐98購01,0,0,0,0,0,0,0,0,0,53000,0,0,0,113000,60000,53000,53000
057048,新日興元大98購01,0,0,0,0,0,0,0,0,0,53000,0,0,0,390000,337000,53000,53000
04851P,創意永豐94售02  ,0,0,0,0,0,0,0,0,0,53000,0,0,0,142000,89000,53000,53000
050690,台達電凱基96購01,0,0,0,0,0,0,0,0,0,53000,0,0,0,53000,0,53000,53000
051359,中信金元大95購01,0,0,0,0,0,0,0,0,0,53000,0,0,0,623000,570000,53000,53000
05182P,嘉晶統一95售03  ,0,0,0,0,0,0,0,0,0,53000,0,0,0,53000,0,53000,53000
2702,華園            ,66000,13000,53000,0,0,0,0,0,0,0,0,0,0,0,0,0,53000
2480,敦陽科          ,59000,6000,53000,0,0,0,0,0,0,0,0,0,0,0,0,0,53000
06508P,台灣50統一98售01,0,0,0,0,0,0,0,0,0,53000,0,0,0,320000,267000,53000,53000
2354,鴻準            ,850000,797201,52799,0,0,0,0,0,0,0,10000,10000,0,0,0,0,52799
05712P,友達統一97售03  ,0,0,0,0,0,0,0,0,0,52000,0,0,0,93000,41000,52000,52000
056898,全新元大98購02  ,0,0,0,0,0,0,0,0,0,52000,0,0,0,55000,3000,52000,52000
05887P,友達元富99售03  ,0,0,0,0,0,0,0,0,0,52000,0,0,0,52000,0,52000,52000
055420,欣興永豐98購01  ,0,0,0,0,0,0,0,0,0,52000,0,0,0,161000,109000,52000,52000
055730,建準元富97購02  ,0,0,0,0,0,0,0,0,0,52000,0,0,0,52000,0,52000,52000
05571P,大立光統一96售03,0,0,0,0,0,0,0,0,0,52000,0,0,0,52000,0,52000,52000
046319,新日興元大92購03,0,0,0,0,0,0,0,0,0,52000,0,0,0,62000,10000,52000,52000
00675L,富邦臺灣加權正2 ,30000,0,30000,0,0,0,0,0,0,22000,0,0,0,70000,48000,22000,52000
052103,台積電兆豐95購06,0,0,0,0,0,0,0,0,0,52000,0,0,0,62000,10000,52000,52000
052288,敦南統一95購01  ,0,0,0,0,0,0,0,0,0,52000,0,0,0,52000,0,52000,52000
054347,上緯控國票96購02,0,0,0,0,0,0,0,0,0,52000,0,0,0,112000,60000,52000,52000
054175,高鐵台新97購01  ,0,0,0,0,0,0,0,0,0,52000,0,0,0,52000,0,52000,52000
053883,大立光中信98購02,0,0,0,0,0,0,0,0,0,52000,0,0,0,52000,0,52000,52000
054756,世紀鋼凱基99購01,0,0,0,0,0,0,0,0,0,52000,0,0,0,112000,60000,52000,52000
2538,基泰            ,71000,19000,52000,0,0,0,0,0,0,0,0,0,0,0,0,0,52000
3149,正達            ,53000,1000,52000,0,0,0,0,0,0,0,0,0,0,0,0,0,52000
3031,佰鴻            ,67000,15000,52000,0,0,0,0,0,0,0,0,0,0,0,0,0,52000
06448P,華通元大99售01  ,0,0,0,0,0,0,0,0,0,52000,0,0,0,55000,3000,52000,52000
055664,和大群益98購02  ,0,0,0,0,0,0,0,0,0,51000,0,0,0,136000,85000,51000,51000
05783P,嘉澤元富96售01  ,0,0,0,0,0,0,0,0,0,51000,0,0,0,51000,0,51000,51000
056508,揚明光永豐98購01,0,0,0,0,0,0,0,0,0,51000,0,0,0,76000,25000,51000,51000
05629P,聯發科永昌99售02,0,0,0,0,0,0,0,0,0,51000,0,0,0,149000,98000,51000,51000
05923P,旺宏元富96售05  ,0,0,0,0,0,0,0,0,0,51000,0,0,0,71000,20000,51000,51000
046026,友訊元大92購01  ,0,0,0,0,0,0,0,0,0,51000,0,0,0,61000,10000,51000,51000
048237,致茂國票94購01  ,0,0,0,0,0,0,0,0,0,51000,0,0,0,117000,66000,51000,51000
049404,訊芯群益94購02  ,0,0,0,0,0,0,0,0,0,51000,0,0,0,71000,20000,51000,51000
049950,南亞科群益94購02,0,0,0,0,0,0,0,0,0,51000,0,0,0,122000,71000,51000,51000
050620,和碩元大94購04  ,0,0,0,0,0,0,0,0,0,51000,0,0,0,57000,6000,51000,51000
048962,宏全康和94購01  ,0,0,0,0,0,0,0,0,0,51000,0,0,0,51000,0,51000,51000
049517,台光電國票94購02,0,0,0,0,0,0,0,0,0,51000,0,0,0,51000,0,51000,51000
052254,康友永豐95購03  ,0,0,0,0,0,0,0,0,0,51000,0,0,0,62000,11000,51000,51000
052439,寶成富邦97購01  ,0,0,0,0,0,0,0,0,0,51000,0,0,0,58000,7000,51000,51000
052893,聯電群益98購01  ,0,0,0,0,0,0,0,0,0,51000,0,0,0,202000,151000,51000,51000
052990,超眾元大97購01  ,0,0,0,0,0,0,0,0,0,51000,0,0,0,113000,62000,51000,51000
053424,欣興永豐96購02  ,0,0,0,0,0,0,0,0,0,51000,0,0,0,53000,2000,51000,51000
053649,台積電凱基97購05,0,0,0,0,0,0,0,0,0,51000,0,0,0,51000,0,51000,51000
06282P,聯鈞永豐97售02  ,0,0,0,0,0,0,0,0,0,51000,0,0,0,51000,0,51000,51000
3030,德律            ,140000,89000,51000,0,0,0,0,0,0,0,1000,1000,0,0,0,0,51000
1808,潤隆            ,108000,57000,51000,0,0,0,0,0,0,0,0,0,0,0,0,0,51000
056308,TPK元大97購02   ,0,0,0,0,0,0,0,0,0,50000,0,0,0,55000,5000,50000,50000
056653,元石油元大98購01,0,0,0,0,0,0,0,0,0,50000,0,0,0,50000,0,50000,50000
05804P,美律永豐96售01  ,0,0,0,0,0,0,0,0,0,50000,0,0,0,62000,12000,50000,50000
05805P,義隆永豐96售02  ,0,0,0,0,0,0,0,0,0,50000,0,0,0,222000,172000,50000,50000
05587P,鴻海凱基96售12  ,0,0,0,0,0,0,0,0,0,50000,0,0,0,50000,0,50000,50000
055809,T50反1國票98購02,0,0,0,0,0,0,0,0,0,50000,0,0,0,50000,0,50000,50000
05583P,訊芯凱基96售01  ,0,0,0,0,0,0,0,0,0,50000,0,0,0,50000,0,50000,50000
055982,T50反1元富97購01,0,0,0,0,0,0,0,0,0,50000,0,0,0,50000,0,50000,50000
056041,禾伸堂凱基98購03,0,0,0,0,0,0,0,0,0,50000,0,0,0,60000,10000,50000,50000
055383,GIS元大97購02   ,0,0,0,0,0,0,0,0,0,50000,0,0,0,53000,3000,50000,50000
055542,亞德客凱基97購01,0,0,0,0,0,0,0,0,0,50000,0,0,0,50000,0,50000,50000
055533,大立光群益97購03,0,0,0,0,0,0,0,0,0,50000,0,0,0,60000,10000,50000,50000
055521,S&P反1群益01購01,0,0,0,0,0,0,0,0,0,50000,0,0,0,150000,100000,50000,50000
055249,大毅統一99購01  ,0,0,0,0,0,0,0,0,0,50000,0,0,0,762000,712000,50000,50000
055286,晶技元大98購03  ,0,0,0,0,0,0,0,0,0,50000,0,0,0,150000,100000,50000,50000
055063,玉晶光永豐99購01,0,0,0,0,0,0,0,0,0,50000,0,0,0,50000,0,50000,50000
055079,台光電中信97購01,0,0,0,0,0,0,0,0,0,50000,0,0,0,50000,0,50000,50000
055033,漢唐富邦98購01  ,0,0,0,0,0,0,0,0,0,50000,0,0,0,50000,0,50000,50000
055175,建準統一97購01  ,0,0,0,0,0,0,0,0,0,50000,0,0,0,50000,0,50000,50000
047118,欣興元大93購06  ,0,0,0,0,0,0,0,0,0,50000,0,0,0,99000,49000,50000,50000
04711P,台光電元大94售05,0,0,0,0,0,0,0,0,0,50000,0,0,0,50000,0,50000,50000
043580,大立光元富94購01,0,0,0,0,0,0,0,0,0,50000,0,0,0,50000,0,50000,50000
04288P,台積電中信95售06,0,0,0,0,0,0,0,0,0,50000,0,0,0,50000,0,50000,50000
04284P,瀚宇博永豐93售01,0,0,0,0,0,0,0,0,0,50000,0,0,0,50000,0,50000,50000
04419P,奇力新永豐94售01,0,0,0,0,0,0,0,0,0,50000,0,0,0,50000,0,50000,50000
046028,微星元大92購01  ,0,0,0,0,0,0,0,0,0,50000,0,0,0,50000,0,50000,50000
046062,遠東新凱基92購02,0,0,0,0,0,0,0,0,0,50000,0,0,0,50000,0,50000,50000
03570P,台積電元大03售09,0,0,0,0,0,0,0,0,0,50000,0,0,0,50000,0,50000,50000
04050P,創意元大93售05  ,0,0,0,0,0,0,0,0,0,50000,0,0,0,50000,0,50000,50000
042281,元油2X富邦96購02,0,0,0,0,0,0,0,0,0,50000,0,0,0,50000,0,50000,50000
046340,滬深2X國票96購01,0,0,0,0,0,0,0,0,0,50000,0,0,0,50000,0,50000,50000
047781,上銀國泰94購02  ,0,0,0,0,0,0,0,0,0,50000,0,0,0,50000,0,50000,50000
048159,聯詠兆豐93購03  ,0,0,0,0,0,0,0,0,0,50000,0,0,0,60000,10000,50000,50000
051120,南亞科群益95購01,0,0,0,0,0,0,0,0,0,50000,0,0,0,163000,113000,50000,50000
051319,光磊國票96購02  ,0,0,0,0,0,0,0,0,0,50000,0,0,0,60000,10000,50000,50000
04684P,欣興元大94售07  ,0,0,0,0,0,0,0,0,0,50000,0,0,0,65000,15000,50000,50000
047515,智易國票94購01  ,0,0,0,0,0,0,0,0,0,50000,0,0,0,50000,0,50000,50000
048380,T50反1國票94購02,0,0,0,0,0,0,0,0,0,50000,0,0,0,50000,0,50000,50000
047938,台化國票93購01  ,0,0,0,0,0,0,0,0,0,50000,0,0,0,50000,0,50000,50000
048561,可成元大93購13  ,0,0,0,0,0,0,0,0,0,50000,0,0,0,95000,45000,50000,50000
047555,欣興凱基93購01  ,0,0,0,0,0,0,0,0,0,50000,0,0,0,50000,0,50000,50000
049579,鴻海元大94購06  ,0,0,0,0,0,0,0,0,0,50000,0,0,0,50000,0,50000,50000
048651,美利達元大96購05,0,0,0,0,0,0,0,0,0,50000,0,0,0,50000,0,50000,50000
048662,京元電統一93購04,0,0,0,0,0,0,0,0,0,50000,0,0,0,50000,0,50000,50000
050998,訊連元大95購01  ,0,10000,-10000,0,0,0,0,0,0,60000,0,0,0,160000,100000,60000,50000
051217,聯發科元富95購01,0,0,0,0,0,0,0,0,0,50000,0,0,0,50000,0,50000,50000
051211,道瓊反統一95購01,0,0,0,0,0,0,0,0,0,50000,0,0,0,50000,0,50000,50000
05124P,華新科富邦97售02,0,0,0,0,0,0,0,0,0,50000,0,0,0,80000,30000,50000,50000
049959,創意統一95購02  ,0,0,0,0,0,0,0,0,0,50000,0,0,0,50000,0,50000,50000
049999,義隆永豐94購01  ,0,0,0,0,0,0,0,0,0,50000,0,0,0,50000,0,50000,50000
051632,全新國票96購01  ,0,0,0,0,0,0,0,0,0,50000,0,0,0,50000,0,50000,50000
049226,元石油富邦95購01,0,0,0,0,0,0,0,0,0,50000,0,0,0,54000,4000,50000,50000
050166,彩晶國泰95購01  ,0,0,0,0,0,0,0,0,0,50000,0,0,0,50000,0,50000,50000
052084,台泥元大95購01  ,0,0,0,0,0,0,0,0,0,50000,0,0,0,76000,26000,50000,50000
051901,嘉聯益富邦96購01,0,0,0,0,0,0,0,0,0,50000,0,0,0,50000,0,50000,50000
050122,臺指反凱基96購01,0,0,0,0,0,0,0,0,0,50000,0,0,0,100000,50000,50000,50000
049807,新光金元大96購02,0,0,0,0,0,0,0,0,0,50000,0,0,0,70000,20000,50000,50000
049733,旺宏群益94購03  ,0,0,0,0,0,0,0,0,0,50000,0,0,0,56000,6000,50000,50000
050454,嘉澤元大94購04  ,0,0,0,0,0,0,0,0,0,50000,0,0,0,179000,129000,50000,50000
053687,智邦元大96購02  ,0,0,0,0,0,0,0,0,0,50000,0,0,0,101000,51000,50000,50000
053708,道瓊反凱基98購01,0,0,0,0,0,0,0,0,0,50000,0,0,0,50000,0,50000,50000
053369,T50反1元大96購06,0,0,0,0,0,0,0,0,0,50000,0,0,0,50000,0,50000,50000
053209,台積電凱基96購07,0,0,0,0,0,0,0,0,0,50000,0,0,0,100000,50000,50000,50000
053137,旺宏富邦98購01  ,0,0,0,0,0,0,0,0,0,50000,0,0,0,50000,0,50000,50000
052680,T50反1元大96購04,0,0,0,0,0,0,0,0,0,50000,0,0,0,110000,60000,50000,50000
05282P,可成元大95售09  ,0,0,0,0,0,0,0,0,0,50000,0,0,0,57000,7000,50000,50000
052286,力成凱基95購02  ,0,0,0,0,0,0,0,0,0,50000,0,0,0,60000,10000,50000,50000
054728,聯發科日盛97購01,0,0,0,0,0,0,0,0,0,50000,0,0,0,50000,0,50000,50000
054924,景碩凱基98購01  ,0,0,0,0,0,0,0,0,0,50000,0,0,0,60000,10000,50000,50000
054992,南亞科元富97購02,0,0,0,0,0,0,0,0,0,50000,0,0,0,99000,49000,50000,50000
054654,全新麥證99購01  ,0,0,0,50000,0,50000,0,0,0,50000,0,0,0,50000,0,50000,50000
05376P,聯發科日盛95售04,0,0,0,0,0,0,0,0,0,50000,0,0,0,50000,0,50000,50000
05427P,聯發科凱基96售07,0,0,0,0,0,0,0,0,0,50000,0,0,0,50000,0,50000,50000
2356,英業達          ,2802000,2642000,160000,0,0,0,0,0,0,-110000,13000,10000,3000,45000,158000,-113000,50000
06206P,台積電凱基97售11,0,0,0,0,0,0,0,0,0,50000,0,0,0,360000,310000,50000,50000
06190P,玉晶光永豐97售05,0,0,0,0,0,0,0,0,0,50000,0,0,0,50000,0,50000,50000
05972P,瑞昱元大96售01  ,0,0,0,0,0,0,0,0,0,50000,0,0,0,50000,0,50000,50000
055758,旺宏群益97購01  ,0,0,0,0,0,0,0,0,0,49000,0,0,0,121000,72000,49000,49000
047574,和大群益93購03  ,0,0,0,0,0,0,0,0,0,49000,0,0,0,70000,21000,49000,49000
051182,旺宏永豐95購01  ,0,0,0,0,0,0,0,0,0,49000,0,0,0,135000,86000,49000,49000
048271,可成富邦95購02  ,0,0,0,0,0,0,0,0,0,49000,0,0,0,49000,0,49000,49000
049019,美律群益94購02  ,0,0,0,0,0,0,0,0,0,49000,0,0,0,59000,10000,49000,49000
050075,南電凱基94購04  ,0,0,0,0,0,0,0,0,0,49000,0,0,0,51000,2000,49000,49000
05390P,康友群益95售04  ,0,0,0,0,0,0,0,0,0,49000,0,0,0,49000,0,49000,49000
054376,聯茂中信97購01  ,0,0,0,0,0,0,0,0,0,49000,0,0,0,170000,121000,49000,49000
052562,南亞科日盛96購01,0,0,0,0,0,0,0,0,0,49000,0,0,0,49000,0,49000,49000
052601,大成鋼元大96購01,0,0,0,0,0,0,0,0,0,49000,0,0,0,197000,148000,49000,49000
052682,上銀元大97購01  ,0,0,0,0,0,0,0,0,0,49000,0,0,0,50000,1000,49000,49000
053075,欣興永豐96購01  ,0,0,0,0,0,0,0,0,0,49000,0,0,0,69000,20000,49000,49000
05367P,鴻海元富95售13  ,0,0,0,0,0,0,0,0,0,49000,0,0,0,49000,0,49000,49000
3004,豐達科          ,51000,2000,49000,0,0,0,0,0,0,0,0,0,0,0,0,0,49000
055698,茂林國票98購03  ,0,0,0,0,0,0,0,0,0,48000,0,0,0,115000,67000,48000,48000
056056,旺宏元大97購06  ,0,0,0,0,0,0,0,0,0,48000,0,0,0,298000,250000,48000,48000
056103,聯發科永豐97購03,0,0,0,0,0,0,0,0,0,48000,0,0,0,74000,26000,48000,48000
055570,華通統一98購03  ,0,0,0,0,0,0,0,0,0,48000,0,0,0,48000,0,48000,48000
057060,緯穎元大98購05  ,0,0,0,0,0,0,0,0,0,48000,0,0,0,191000,143000,48000,48000
056724,臻鼎中信9A購01  ,0,0,0,0,0,0,0,0,0,48000,0,0,0,74000,26000,48000,48000
056291,聯茂永豐97購03  ,0,0,0,0,0,0,0,0,0,48000,0,0,0,147000,99000,48000,48000
056470,旺宏元大99購01  ,0,0,0,0,0,0,0,0,0,48000,0,0,0,109000,61000,48000,48000
04412P,欣興元富94售01  ,0,0,0,0,0,0,0,0,0,48000,0,0,0,74000,26000,48000,48000
04529P,正文凱基94售04  ,0,0,0,0,0,0,0,0,0,48000,0,0,0,48000,0,48000,48000
051123,和鑫群益95購01  ,0,0,0,0,0,0,0,0,0,48000,0,0,0,59000,11000,48000,48000
048078,嘉聯益亞東93購02,0,0,0,0,0,0,0,0,0,48000,0,0,0,48000,0,48000,48000
04846P,旺宏凱基94售07  ,0,0,0,0,0,0,0,0,0,48000,0,0,0,48000,0,48000,48000
048539,巨大國票94購01  ,0,0,0,0,0,0,0,0,0,48000,0,0,0,48000,0,48000,48000
04950P,上証2X中信96售02,0,0,0,0,0,0,0,0,0,48000,0,0,0,150000,102000,48000,48000
048959,凌華康和94購01  ,0,0,0,0,0,0,0,0,0,48000,0,0,0,58000,10000,48000,48000
048736,台達電統一94購01,0,0,0,0,0,0,0,0,0,48000,0,0,0,48000,0,48000,48000
051373,華新亞東95購01  ,0,0,0,0,0,0,0,0,0,48000,0,0,0,48000,0,48000,48000
05123P,鴻海永昌96售07  ,0,0,0,0,0,0,0,0,0,48000,0,0,0,236000,188000,48000,48000
05219P,鴻海元大95售17  ,0,0,0,0,0,0,0,0,0,48000,0,0,0,332000,284000,48000,48000
05358P,大立光元大95售09,0,0,0,0,0,0,0,0,0,48000,0,0,0,73000,25000,48000,48000
053399,創意中信96購01  ,0,0,0,0,0,0,0,0,0,48000,0,0,0,48000,0,48000,48000
053150,聯發科元大96購11,0,0,0,0,0,0,0,0,0,48000,0,0,0,84000,36000,48000,48000
052695,台表科中信98購01,0,0,0,0,0,0,0,0,0,48000,0,0,0,110000,62000,48000,48000
052967,智邦群益96購01  ,0,0,0,0,0,0,0,0,0,48000,0,0,0,72000,24000,48000,48000
052473,臻鼎亞東95購01  ,0,0,0,0,0,0,0,0,0,48000,0,0,0,48000,0,48000,48000
052262,華新亞東95購02  ,0,0,0,0,0,0,0,0,0,48000,0,0,0,48000,0,48000,48000
054453,上海銀亞東96購01,0,0,0,0,0,0,0,0,0,48000,0,0,0,48000,0,48000,48000
053754,英業達元富96購02,0,0,0,0,0,0,0,0,0,48000,0,0,0,48000,0,48000,48000
053889,致茂群益97購01  ,0,0,0,0,0,0,0,0,0,48000,0,0,0,99000,51000,48000,48000
053842,聯發科統一96購08,0,0,0,0,0,0,0,0,0,48000,0,0,0,48000,0,48000,48000
054334,超眾永豐96購04  ,0,0,0,0,0,0,0,0,0,48000,0,0,0,51000,3000,48000,48000
3583,辛耘            ,76000,28000,48000,0,0,0,0,0,0,0,0,0,0,0,0,0,48000
2495,普安            ,58000,10000,48000,0,0,0,0,0,0,0,0,0,0,0,0,0,48000
06109P,華新科群益97售05,0,0,0,0,0,0,0,0,0,48000,0,0,0,81000,33000,48000,48000
06231P,台積電永豐97售05,0,0,0,0,0,0,0,0,0,48000,0,0,0,48000,0,48000,48000
06273P,台表科凱基97售04,0,0,0,0,0,0,0,0,0,48000,0,0,0,60000,12000,48000,48000
06501P,臺股指元大9A售06,0,0,0,0,0,0,0,0,0,48000,0,0,0,53000,5000,48000,48000
056822,佐登永豐98購01  ,350000,0,350000,0,0,0,0,0,0,-303000,0,0,0,151000,454000,-303000,47000
057003,立積國票98購01  ,0,0,0,0,0,0,0,0,0,47000,0,0,0,68000,21000,47000,47000
05516P,台積電元大96售12,0,0,0,0,0,0,0,0,0,47000,0,0,0,137000,90000,47000,47000
047785,嘉聯益第一93購01,0,0,0,0,0,0,0,0,0,47000,0,0,0,47000,0,47000,47000
049836,矽創凱基94購02  ,0,0,0,0,0,0,0,0,0,47000,0,0,0,60000,13000,47000,47000
04457P,同欣電統一94售01,0,0,0,0,0,0,0,0,0,47000,0,0,0,47000,0,47000,47000
00730,富邦臺灣優質高息,0,0,0,0,0,0,0,0,0,47000,0,0,0,281000,234000,47000,47000
03026X,元展23          ,0,0,0,0,0,0,0,0,0,47000,0,0,0,67000,20000,47000,47000
045517,元油2X元富98購01,0,0,0,0,0,0,0,0,0,47000,0,0,0,228000,181000,47000,47000
03497P,金像電凱基02售06,0,0,0,0,0,0,0,0,0,47000,0,0,0,48000,1000,47000,47000
052191,超眾群益96購01  ,0,0,0,0,0,0,0,0,0,47000,0,0,0,81000,34000,47000,47000
050923,南亞科凱基95購03,0,0,0,0,0,0,0,0,0,47000,0,0,0,48000,1000,47000,47000
050939,健鼎國票96購01  ,0,0,0,0,0,0,0,0,0,47000,0,0,0,57000,10000,47000,47000
053778,旺宏元大97購03  ,0,0,0,0,0,0,0,0,0,47000,0,0,0,132000,85000,47000,47000
053993,旺宏群益98購02  ,0,0,0,0,0,0,0,0,0,47000,0,0,0,59000,12000,47000,47000
054895,南電統一97購01  ,0,0,0,0,0,0,0,0,0,47000,0,0,0,97000,50000,47000,47000
052392,台表科群益96購02,0,0,0,0,0,0,0,0,0,47000,0,0,0,209000,162000,47000,47000
052660,京元電國票97購01,0,0,0,0,0,0,0,0,0,47000,0,0,0,70000,23000,47000,47000
053395,致茂中信96購01  ,0,0,0,0,0,0,0,0,0,47000,0,0,0,147000,100000,47000,47000
2838,聯邦銀          ,294000,247000,47000,0,0,0,0,0,0,0,0,0,0,0,0,0,47000
2388,威盛            ,93000,49000,44000,0,0,0,0,0,0,3000,3000,0,3000,0,0,0,47000
055527,旺宏群益99購03  ,0,0,0,0,0,0,0,0,0,46000,0,0,0,67000,21000,46000,46000
056948,旺宏統一9A購01  ,0,0,0,0,0,0,0,0,0,46000,0,0,0,46000,0,46000,46000
057056,立積元大99購02  ,0,0,0,0,0,0,0,0,0,46000,0,0,0,64000,18000,46000,46000
04463P,可成元富94售03  ,0,0,0,0,0,0,0,0,0,46000,0,0,0,92000,46000,46000,46000
051321,建準國票96購01  ,0,0,0,0,0,0,0,0,0,46000,0,0,0,56000,10000,46000,46000
051128,台表科群益95購02,0,0,0,0,0,0,0,0,0,46000,0,0,0,105000,59000,46000,46000
051193,新日興兆豐96購01,0,0,0,0,0,0,0,0,0,46000,0,0,0,46000,0,46000,46000
047870,嘉澤永豐93購02  ,0,0,0,0,0,0,0,0,0,46000,0,0,0,57000,11000,46000,46000
050682,南亞科元富94購02,0,0,0,0,0,0,0,0,0,46000,0,0,0,93000,47000,46000,46000
051493,台郡凱基95購02  ,0,0,0,0,0,0,0,0,0,46000,0,0,0,70000,24000,46000,46000
052001,寶成元大95購02  ,0,0,0,0,0,0,0,0,0,46000,0,0,0,49000,3000,46000,46000
051488,健策凱基96購04  ,0,0,0,0,0,0,0,0,0,46000,0,0,0,689000,643000,46000,46000
052959,聯電凱基97購01  ,0,0,0,0,0,0,0,0,0,46000,0,0,0,206000,160000,46000,46000
052403,麗豐凱基96購01  ,0,0,0,0,0,0,0,0,0,46000,0,0,0,51000,5000,46000,46000
05492P,聯茂元大95售02  ,0,0,0,0,0,0,0,0,0,46000,0,0,0,293000,247000,46000,46000
1710,東聯            ,177000,131000,46000,0,0,0,0,0,0,0,0,0,0,0,0,0,46000
06125P,楠梓電元富99售01,0,0,0,0,0,0,0,0,0,46000,0,0,0,46000,0,46000,46000
05886P,華通元富96售01  ,0,0,0,0,0,0,0,0,0,45000,0,0,0,83000,38000,45000,45000
056537,冠德凱基98購01  ,0,0,0,0,0,0,0,0,0,45000,0,0,0,75000,30000,45000,45000
056277,上銀富邦99購02  ,0,0,0,0,0,0,0,0,0,45000,0,0,0,62000,17000,45000,45000
055459,建準永豐97購03  ,0,0,0,0,0,0,0,0,0,45000,0,0,0,45000,0,45000,45000
055299,康友元大97購02  ,0,0,0,0,0,0,0,0,0,45000,0,0,0,117000,72000,45000,45000
05569P,漢唐統一97售01  ,0,0,0,0,0,0,0,0,0,45000,0,0,0,45000,0,45000,45000
046829,義隆群益93購01  ,0,0,0,0,0,0,0,0,0,45000,0,0,0,45000,0,45000,45000
048132,冠德國票94購01  ,0,0,0,0,0,0,0,0,0,45000,0,0,0,48000,3000,45000,45000
04716P,中石化凱基94售01,0,0,0,0,0,0,0,0,0,45000,0,0,0,45000,0,45000,45000
04148P,GIS凱基93售05   ,0,0,0,0,0,0,0,0,0,45000,0,0,0,45000,0,45000,45000
041973,台灣50中信94購01,0,0,0,0,0,0,0,0,0,45000,0,0,0,241000,196000,45000,45000
05084P,嘉聯益永豐95售02,0,0,0,0,0,0,0,0,0,45000,0,0,0,45000,0,45000,45000
050791,聯發科富邦96購01,0,0,0,0,0,0,0,0,0,45000,0,0,0,60000,15000,45000,45000
052005,矽力國泰97購02  ,0,0,0,0,0,0,0,0,0,45000,0,0,0,46000,1000,45000,45000
051966,台表科永豐95購01,0,0,0,0,0,0,0,0,0,45000,0,0,0,75000,30000,45000,45000
051214,大立光統一95購02,0,0,0,0,0,0,0,0,0,45000,0,0,0,82000,37000,45000,45000
050721,台泥國票94購01  ,0,0,0,0,0,0,0,0,0,45000,0,0,0,45000,0,45000,45000
048740,富邦金統一94購01,0,0,0,0,0,0,0,0,0,45000,0,0,0,45000,0,45000,45000
048884,川湖元富94購01  ,0,0,0,0,0,0,0,0,0,45000,0,0,0,45000,0,45000,45000
048775,智伸科凱基94購01,0,0,0,0,0,0,0,0,0,45000,0,0,0,45000,0,45000,45000
04923P,GIS凱基94售06   ,0,0,0,0,0,0,0,0,0,45000,0,0,0,45000,0,45000,45000
054815,台積電元大97購14,0,0,0,0,0,0,0,0,0,45000,0,0,0,55000,10000,45000,45000
05400P,台積電永豐95售05,0,0,0,0,0,0,0,0,0,45000,0,0,0,1183000,1138000,45000,45000
054328,台化康和96購01  ,0,0,0,0,0,0,0,0,0,45000,0,0,0,50000,5000,45000,45000
05567P,致伸群益96售01  ,0,0,0,0,0,0,0,0,0,44000,0,0,0,44000,0,44000,44000
055650,華新科元富98購01,0,0,0,0,0,0,0,0,0,44000,0,0,0,44000,0,44000,44000
056098,矽創元富97購02  ,0,0,0,0,0,0,0,0,0,44000,0,0,0,66000,22000,44000,44000
05602P,國巨元大96售06  ,0,0,0,0,0,0,0,0,0,44000,0,0,0,45000,1000,44000,44000
055993,致茂國泰99購01  ,0,0,0,0,0,0,0,0,0,44000,0,0,0,54000,10000,44000,44000
056325,群創兆豐9A購01  ,0,0,0,0,0,0,0,0,0,44000,0,0,0,60000,16000,44000,44000
056438,旺宏凱基98購05  ,0,0,0,0,0,0,0,0,0,44000,0,0,0,44000,0,44000,44000
057117,開發金日盛9B購01,0,0,0,0,0,0,0,0,0,44000,0,0,0,44000,0,44000,44000
035277,景碩台新97購01  ,0,0,0,0,0,0,0,0,0,44000,0,0,0,46000,2000,44000,44000
048281,矽力永豐93購02  ,0,0,0,0,0,0,0,0,0,44000,0,0,0,75000,31000,44000,44000
04398P,致伸群益94售02  ,0,0,0,0,0,0,0,0,0,44000,0,0,0,44000,0,44000,44000
051413,富邦金國票96購02,0,0,0,0,0,0,0,0,0,44000,0,0,0,44000,0,44000,44000
046712,勤誠永豐93購01  ,0,0,0,0,0,0,0,0,0,44000,0,0,0,50000,6000,44000,44000
048372,美利達統一93購01,0,0,0,0,0,0,0,0,0,44000,0,0,0,44000,0,44000,44000
048553,光磊元大93購03  ,0,0,0,0,0,0,0,0,0,44000,0,0,0,157000,113000,44000,44000
04693P,超眾群益95售01  ,0,0,0,0,0,0,0,0,0,44000,0,0,0,54000,10000,44000,44000
049194,卜蜂永豐94購01  ,0,0,0,0,0,0,0,0,0,44000,0,0,0,44000,0,44000,44000
052146,泰碩群益95購01  ,0,0,0,0,0,0,0,0,0,44000,0,0,0,44000,0,44000,44000
053693,欣興元大96購05  ,0,0,0,0,0,0,0,0,0,44000,0,0,0,47000,3000,44000,44000
6415,矽力-KY         ,343064,332000,11064,0,0,0,29000,0,29000,3000,3000,0,3000,3000,3000,0,43064
05912P,和大元大96售01  ,0,0,0,0,0,0,0,0,0,43000,0,0,0,43000,0,43000,43000
056820,欣興永豐98購02  ,0,0,0,0,0,0,0,0,0,43000,0,0,0,57000,14000,43000,43000
05673P,台積電群益96售05,0,0,0,0,0,0,0,0,0,43000,0,0,0,85000,42000,43000,43000
056177,嘉澤元富97購01  ,0,0,0,0,0,0,0,0,0,43000,0,0,0,50000,7000,43000,43000
047049,聯發科國票94購01,0,0,0,0,0,0,0,0,0,43000,0,0,0,43000,0,43000,43000
04600P,可成凱基94售07  ,0,0,0,0,0,0,0,0,0,43000,0,0,0,59000,16000,43000,43000
00737,國泰AI+Robo     ,44000,0,44000,0,0,0,0,0,0,-1000,0,0,0,121000,122000,-1000,43000
049299,矽創群益94購01  ,0,0,0,0,0,0,0,0,0,43000,0,0,0,85000,42000,43000,43000
048755,志超元富96購01  ,0,0,0,0,0,0,0,0,0,43000,0,0,0,43000,0,43000,43000
05302P,華通國泰96售01  ,0,0,0,0,0,0,0,0,0,43000,0,0,0,43000,0,43000,43000
053256,上銀富邦98購01  ,0,0,0,0,0,0,0,0,0,43000,0,0,0,45000,2000,43000,43000
052553,技嘉國票96購01  ,0,0,0,0,0,0,0,0,0,43000,0,0,0,137000,94000,43000,43000
052908,大成鋼統一96購01,0,0,0,0,0,0,0,0,0,43000,0,0,0,43000,0,43000,43000
055008,隆達元富97購01  ,0,0,0,0,0,0,0,0,0,43000,0,0,0,217000,174000,43000,43000
054597,南亞台新97購01  ,0,0,0,0,0,0,0,0,0,43000,0,0,0,43000,0,43000,43000
06070P,漢唐永豐97售01  ,0,0,0,0,0,0,0,0,0,43000,0,0,0,43000,0,43000,43000
06595P,祥碩元大98售03  ,0,0,0,0,0,0,0,0,0,43000,0,0,0,250000,207000,43000,43000
5531,鄉林            ,84180,42000,42180,0,0,0,0,0,0,0,0,0,0,0,0,0,42180
056078,勤誠元大97購01  ,0,0,0,0,0,0,0,0,0,42000,0,0,0,42000,0,42000,42000
055932,玉山金群益99購01,0,0,0,0,0,0,0,0,0,42000,0,0,0,53000,11000,42000,42000
055548,旺宏凱基97購02  ,0,0,0,0,0,0,0,0,0,42000,0,0,0,42000,0,42000,42000
055582,亞德客元大97購01,0,0,0,0,0,0,0,0,0,42000,0,0,0,104000,62000,42000,42000
056571,燿華元大98購02  ,0,0,0,0,0,0,0,0,0,42000,0,0,0,92000,50000,42000,42000
056467,上証2X元大98購02,0,0,0,0,0,0,0,0,0,42000,0,0,0,80000,38000,42000,42000
05795P,華邦電群益96售05,0,0,0,0,0,0,0,0,0,42000,0,0,0,52000,10000,42000,42000
05920P,力成元大96售04  ,0,0,0,0,0,0,0,0,0,42000,0,0,0,44000,2000,42000,42000
044602,大立光國泰93購01,0,0,0,0,0,0,0,0,0,42000,0,0,0,107000,65000,42000,42000
04475P,欣興元大94售03  ,0,0,0,0,0,0,0,0,0,42000,0,0,0,110000,68000,42000,42000
048571,美利達元大96購03,0,0,0,0,0,0,0,0,0,42000,0,0,0,42000,0,42000,42000
047629,深中小元大96購01,0,0,0,0,0,0,0,0,0,42000,0,0,0,252000,210000,42000,42000
047493,旺宏元富96購01  ,0,0,0,0,0,0,0,0,0,42000,0,0,0,151000,109000,42000,42000
051033,台積電兆豐95購03,0,0,0,0,0,0,0,0,0,42000,0,0,0,47000,5000,42000,42000
05111P,台積電統一95售04,0,0,0,0,0,0,0,0,0,42000,0,0,0,51000,9000,42000,42000
050661,景碩元大94購02  ,0,0,0,0,0,0,0,0,0,42000,0,0,0,132000,90000,42000,42000
048642,聯發科元大94購02,0,0,0,0,0,0,0,0,0,42000,0,0,0,54000,12000,42000,42000
052892,大成鋼群益96購01,0,0,0,0,0,0,0,0,0,42000,0,0,0,52000,10000,42000,42000
052966,光磊群益96購01  ,0,0,0,0,0,0,0,0,0,42000,0,0,0,65000,23000,42000,42000
053202,聯發科日盛96購02,0,0,0,0,0,0,0,0,0,42000,0,0,0,42000,0,42000,42000
06434P,超眾群益98售02  ,0,0,0,0,0,0,0,0,0,42000,0,0,0,53000,11000,42000,42000
06017P,亞光凱基96售04  ,0,0,0,0,0,0,0,0,0,42000,0,0,0,52000,10000,42000,42000
2392,正崴            ,232000,285000,-53000,0,0,0,0,0,0,95000,6000,2000,4000,100000,9000,91000,42000
2608,嘉里大榮        ,53000,11000,42000,0,0,0,0,0,0,0,0,0,0,0,0,0,42000
3712,永崴投控        ,60000,19000,41000,0,0,0,0,0,0,1000,1000,0,1000,0,0,0,42000
056332,台郡國票99購01  ,0,0,0,0,0,0,0,0,0,41000,0,0,0,41000,0,41000,41000
056616,台光電永豐98購01,0,0,0,0,0,0,0,0,0,41000,0,0,0,43000,2000,41000,41000
051138,訊連永豐95購01  ,0,0,0,0,0,0,0,0,0,41000,0,0,0,41000,0,41000,41000
048049,滬深反中信96購01,0,0,0,0,0,0,0,0,0,41000,0,0,0,50000,9000,41000,41000
04746P,臺股指元大94售17,0,0,0,0,0,0,0,0,0,41000,0,0,0,236000,195000,41000,41000
048586,美利達富邦93購01,0,0,0,0,0,0,0,0,0,41000,0,0,0,41000,0,41000,41000
045086,玉晶光元大94購02,0,0,0,0,0,0,0,0,0,41000,0,0,0,41000,0,41000,41000
04181P,嘉晶國票93售04  ,0,0,0,0,0,0,0,0,0,41000,0,0,0,41000,0,41000,41000
03050X,元展47          ,0,0,0,0,0,0,0,0,0,41000,0,0,0,41000,0,41000,41000
051526,超眾凱基95購02  ,0,0,0,0,0,0,0,0,0,41000,0,0,0,66000,25000,41000,41000
048782,亞泥元大94購01  ,0,0,0,0,0,0,0,0,0,41000,0,0,0,99000,58000,41000,41000
048713,美利達康和94購01,0,0,0,0,0,0,0,0,0,41000,0,0,0,41000,0,41000,41000
04903P,全新永豐94售05  ,0,0,0,0,0,0,0,0,0,41000,0,0,0,113000,72000,41000,41000
053197,超眾元富96購02  ,0,0,0,0,0,0,0,0,0,41000,0,0,0,116000,75000,41000,41000
05265P,正崴元大95售03  ,0,0,0,0,0,0,0,0,0,41000,0,0,0,41000,0,41000,41000
052450,嘉澤元大95購03  ,0,0,0,0,0,0,0,0,0,41000,0,0,0,89000,48000,41000,41000
054031,中鋼中信98購01  ,0,0,0,0,0,0,0,0,0,41000,0,0,0,41000,0,41000,41000
053749,揚明光永豐97購01,0,0,0,0,0,0,0,0,0,41000,0,0,0,51000,10000,41000,41000
1589,永冠-KY         ,95000,39000,56000,0,0,0,0,0,0,-15000,0,15000,-15000,0,0,0,41000
06213P,大立光元大98售07,0,0,0,0,0,0,0,0,0,41000,0,0,0,283000,242000,41000,41000
06201P,可成元大97售01  ,0,0,0,0,0,0,0,0,0,41000,0,0,0,84000,43000,41000,41000
06570P,大立光永豐98售01,0,0,0,0,0,0,0,0,0,41000,0,0,0,66000,25000,41000,41000
056572,義隆元大99購01  ,0,0,0,0,0,0,0,0,0,40000,0,0,0,66000,26000,40000,40000
056810,群創統一9A購01  ,0,0,0,0,0,0,0,0,0,40000,0,0,0,40000,0,40000,40000
05642P,玉晶光兆豐97售02,0,0,0,0,0,0,0,0,0,40000,0,0,0,50000,10000,40000,40000
057102,亞光中信9A購01  ,0,0,0,0,0,0,0,0,0,40000,0,0,0,40000,0,40000,40000
057154,易華電國泰99購01,0,0,0,0,0,0,0,0,0,40000,0,0,0,60000,20000,40000,40000
055585,國巨元大98購08  ,0,0,0,0,0,0,0,0,0,40000,0,0,0,51000,11000,40000,40000
055348,旺宏凱基97購01  ,0,0,0,0,0,0,0,0,0,40000,0,0,0,50000,10000,40000,40000
055928,南亞科群益97購02,0,0,0,0,0,0,0,0,0,40000,0,0,0,41000,1000,40000,40000
055798,聯茂富邦98購01  ,0,0,0,0,0,0,0,0,0,40000,0,0,0,40000,0,40000,40000
055626,力山永豐97購01  ,0,0,0,0,0,0,0,0,0,40000,0,0,0,40000,0,40000,40000
055682,智原凱基98購02  ,0,0,0,0,0,0,0,0,0,40000,0,0,0,50000,10000,40000,40000
05599P,欣興台新96售01  ,0,0,0,0,0,0,0,0,0,40000,0,0,0,40000,0,40000,40000
042470,元油2X元大93購04,0,0,0,0,0,0,0,0,0,40000,0,0,0,40000,0,40000,40000
04044P,鴻海元大93售18  ,0,0,0,0,0,0,0,0,0,40000,0,0,0,40000,0,40000,40000
045839,台郡群益92購01  ,0,0,0,0,0,0,0,0,0,40000,0,0,0,50000,10000,40000,40000
03567P,可成凱基02售06  ,0,0,0,0,0,0,0,0,0,40000,0,0,0,40000,0,40000,40000
03557P,欣興元大02售17  ,0,0,0,0,0,0,0,0,0,40000,0,0,0,40000,0,40000,40000
04544P,欣興富邦96售02  ,0,0,0,0,0,0,0,0,0,40000,0,0,0,55000,15000,40000,40000
046137,遠東新統一92購01,0,0,0,0,0,0,0,0,0,40000,0,0,0,40000,0,40000,40000
044722,滬深2X永豐93購01,0,0,0,0,0,0,0,0,0,40000,0,0,0,40000,0,40000,40000
044801,微星凱基93購01  ,0,0,0,0,0,0,0,0,0,40000,0,0,0,70000,30000,40000,40000
044584,世紀鋼凱基93購05,0,0,0,0,0,0,0,0,0,40000,0,0,0,40000,0,40000,40000
043349,T50反1國票93購01,0,0,0,0,0,0,0,0,0,40000,0,0,0,40000,0,40000,40000
047595,元石油元富97購01,0,0,0,0,0,0,0,0,0,40000,0,0,0,40000,0,40000,40000
047055,旭富國票93購01  ,0,0,0,0,0,0,0,0,0,40000,0,0,0,40000,0,40000,40000
048508,元上證凱基94購02,0,0,0,0,0,0,0,0,0,40000,0,0,0,40000,0,40000,40000
048037,台表科凱基93購05,0,0,0,0,0,0,0,0,0,40000,0,0,0,40000,0,40000,40000
048133,臻鼎國票94購01  ,0,0,0,0,0,0,0,0,0,40000,0,0,0,40000,0,40000,40000
047838,亞光元大93購03  ,0,0,0,0,0,0,0,0,0,40000,0,0,0,40000,0,40000,40000
048671,大立光永豐93購04,0,0,0,0,0,0,0,0,0,40000,0,0,0,40000,0,40000,40000
049237,元油2X元富96購07,0,0,0,0,0,0,0,0,0,40000,0,0,0,40000,0,40000,40000
048835,牧德凱基94購02  ,0,0,0,0,0,0,0,0,0,40000,0,0,0,40000,0,40000,40000
048728,台達電麥證94購01,0,0,0,50000,10000,40000,0,0,0,40000,0,0,0,50000,10000,40000,40000
05152P,玉晶光群益96售05,0,0,0,0,0,0,0,0,0,40000,0,0,0,40000,0,40000,40000
049965,矽創元富94購01  ,0,0,0,0,0,0,0,0,0,40000,0,0,0,50000,10000,40000,40000
051574,鴻海元大96購06  ,0,0,0,0,0,0,0,0,0,40000,0,0,0,50000,10000,40000,40000
049326,聯發科元富94購01,0,0,0,0,0,0,0,0,0,40000,0,0,0,40000,0,40000,40000
05195P,南茂康和95售01  ,0,0,0,0,0,0,0,0,0,40000,0,0,0,40000,0,40000,40000
049748,智原永豐94購01  ,0,0,0,0,0,0,0,0,0,40000,0,0,0,40000,0,40000,40000
050822,亞光凱基95購01  ,0,0,0,0,0,0,0,0,0,40000,0,0,0,100000,60000,40000,40000
054366,和大中信98購01  ,0,0,0,0,0,0,0,0,0,40000,0,0,0,90000,50000,40000,40000
054637,智邦中信98購01  ,0,0,0,0,0,0,0,0,0,40000,0,0,0,80000,40000,40000,40000
054697,凌華永豐97購01  ,0,0,0,0,0,0,0,0,0,40000,0,0,0,40000,0,40000,40000
05437P,聯詠永豐95售02  ,0,0,0,0,0,0,0,0,0,40000,0,0,0,86000,46000,40000,40000
052446,聯發科元大96購03,0,0,0,0,0,0,0,0,0,40000,0,0,0,110000,70000,40000,40000
05251P,喬山台新95售02  ,0,0,0,0,0,0,0,0,0,40000,0,0,0,40000,0,40000,40000
053286,臺股指元大96購14,0,0,0,0,0,0,0,0,0,40000,0,0,0,40000,0,40000,40000
06093P,華通元富97售03  ,0,0,0,0,0,0,0,0,0,40000,0,0,0,63000,23000,40000,40000
06056P,台積電凱基98售02,0,0,0,0,0,0,0,0,0,40000,0,0,0,100000,60000,40000,40000
3047,訊舟            ,41000,2000,39000,0,0,0,0,0,0,1000,1000,0,1000,0,0,0,40000
2528,皇普            ,18000,6000,12000,0,0,0,0,0,0,28000,29000,1000,28000,0,0,0,40000
8114,振樺電          ,42000,2000,40000,0,0,0,0,0,0,0,0,0,0,0,0,0,40000
056311,泰鼎元大98購01  ,0,0,0,0,0,0,0,0,0,39000,0,0,0,739000,700000,39000,39000
048386,華新國票94購01  ,0,0,0,0,0,0,0,0,0,39000,0,0,0,39000,0,39000,39000
05011P,南電國泰96售01  ,0,0,0,0,0,0,0,0,0,39000,0,0,0,49000,10000,39000,39000
051609,貿聯群益95購03  ,0,0,0,0,0,0,0,0,0,39000,0,0,0,50000,11000,39000,39000
051253,緯創元大95購02  ,0,0,0,0,0,0,0,0,0,39000,0,0,0,40000,1000,39000,39000
049287,可成兆豐95購01  ,0,0,0,0,0,0,0,0,0,39000,0,0,0,44000,5000,39000,39000
052954,大成鋼日盛96購01,0,0,0,0,0,0,0,0,0,39000,0,0,0,49000,10000,39000,39000
054439,健策台新96購03  ,0,0,0,0,0,0,0,0,0,39000,0,0,0,103000,64000,39000,39000
054299,南電元大96購03  ,0,0,0,0,0,0,0,0,0,39000,0,0,0,50000,11000,39000,39000
054161,友訊凱基98購01  ,0,0,0,0,0,0,0,0,0,39000,0,0,0,79000,40000,39000,39000
6115,鎰勝            ,40000,1000,39000,0,0,0,0,0,0,0,0,0,0,0,0,0,39000
2704,國賓            ,45000,6000,39000,0,0,0,0,0,0,0,0,0,0,0,0,0,39000
3588,通嘉            ,49000,10000,39000,0,0,0,0,0,0,0,0,0,0,0,0,0,39000
06370P,貿聯凱基97售03  ,0,0,0,0,0,0,0,0,0,39000,0,0,0,39000,0,39000,39000
056881,台灣50康和9A購01,0,0,0,0,0,0,0,0,0,38000,0,0,0,135000,97000,38000,38000
05881P,彩晶康和96售01  ,0,0,0,0,0,0,0,0,0,38000,0,0,0,73000,35000,38000,38000
057299,立積永豐98購02  ,0,0,0,0,0,0,0,0,0,38000,0,0,0,120000,82000,38000,38000
055579,健策統一9A購01  ,0,0,0,0,0,0,0,0,0,38000,0,0,0,124000,86000,38000,38000
055614,華新科國票97購02,0,0,0,0,0,0,0,0,0,38000,0,0,0,297000,259000,38000,38000
05925P,晶技永豐96售03  ,0,0,0,0,0,0,0,0,0,38000,0,0,0,38000,0,38000,38000
048542,美利達台新93購01,0,0,0,0,0,0,0,0,0,38000,0,0,0,38000,0,38000,38000
051072,強茂國票95購02  ,0,0,0,0,0,0,0,0,0,38000,0,0,0,48000,10000,38000,38000
043391,康控元大94購01  ,0,0,0,0,0,0,0,0,0,38000,0,0,0,165000,127000,38000,38000
04293P,滬深2X元大96售02,0,0,0,0,0,0,0,0,0,38000,0,0,0,40000,2000,38000,38000
047410,上銀元富96購01  ,0,0,0,0,0,0,0,0,0,38000,0,0,0,121000,83000,38000,38000
044693,滬深2X元大94購01,0,0,0,0,0,0,0,0,0,38000,0,0,0,230000,192000,38000,38000
04190P,大立光兆豐94售03,0,0,0,0,0,0,0,0,0,38000,0,0,0,38000,0,38000,38000
050044,聯詠兆豐94購02  ,0,0,0,0,0,0,0,0,0,38000,0,0,0,58000,20000,38000,38000
05066P,康控元大95售03  ,0,0,0,0,0,0,0,0,0,38000,0,0,0,41000,3000,38000,38000
050639,GIS國票96購01   ,0,0,0,0,0,0,0,0,0,38000,0,0,0,38000,0,38000,38000
050121,南電元大95購02  ,0,0,0,0,0,0,0,0,0,38000,0,0,0,74000,36000,38000,38000
05025P,聯發科群益95售02,0,0,0,0,0,0,0,0,0,38000,0,0,0,51000,13000,38000,38000
052204,台泥中信96購01  ,0,0,0,0,0,0,0,0,0,38000,0,0,0,40000,2000,38000,38000
054212,聯詠國票97購03  ,0,0,0,0,0,0,0,0,0,38000,0,0,0,38000,0,38000,38000
054061,晶技國票97購03  ,0,0,0,0,0,0,0,0,0,38000,0,0,0,38000,0,38000,38000
053899,矽創群益96購02  ,0,0,0,0,0,0,0,0,0,38000,0,0,0,71000,33000,38000,38000
054447,國泰金兆豐96購01,0,0,0,0,0,0,0,0,0,38000,0,0,0,38000,0,38000,38000
054428,禾伸堂富邦98購01,0,0,0,0,0,0,0,0,0,38000,0,0,0,68000,30000,38000,38000
054408,義隆國票98購01  ,0,0,0,0,0,0,0,0,0,38000,0,0,0,38000,0,38000,38000
054392,華通永豐96購05  ,0,0,0,0,0,0,0,0,0,38000,0,0,0,40000,2000,38000,38000
054755,世紀鋼凱基98購01,0,0,0,0,0,0,0,0,0,38000,0,0,0,58000,20000,38000,38000
05266P,華新科元大95售11,0,0,0,0,0,0,0,0,0,38000,0,0,0,38000,0,38000,38000
052719,致新凱基96購01  ,0,0,0,0,0,0,0,0,0,38000,0,0,0,38000,0,38000,38000
052352,力成元富95購01  ,0,0,0,0,0,0,0,0,0,38000,0,0,0,38000,0,38000,38000
053347,茂林國票98購01  ,0,0,0,0,0,0,0,0,0,38000,0,0,0,38000,0,38000,38000
053650,華邦電凱基98購01,0,0,0,0,0,0,0,0,0,38000,0,0,0,50000,12000,38000,38000
053484,國巨國票97購03  ,0,0,0,0,0,0,0,0,0,38000,0,0,0,50000,12000,38000,38000
06561P,台灣50國泰9A售01,0,0,0,0,0,0,0,0,0,38000,0,0,0,40000,2000,38000,38000
05944P,富邦金中信96售01,0,0,0,0,0,0,0,0,0,38000,0,0,0,38000,0,38000,38000
055458,燿華永豐98購01  ,0,0,0,0,0,0,0,0,0,37000,0,0,0,37000,0,37000,37000
055277,旺宏元大97購04  ,0,0,0,0,0,0,0,0,0,37000,0,0,0,263000,226000,37000,37000
055114,新日興凱基98購01,0,0,0,0,0,0,0,0,0,37000,0,0,0,100000,63000,37000,37000
056066,奇鋐元大98購02  ,0,0,0,0,0,0,0,0,0,37000,0,0,0,39000,2000,37000,37000
055801,景碩永豐97購02  ,0,0,0,0,0,0,0,0,0,37000,0,0,0,53000,16000,37000,37000
05725P,嘉聯益永豐96售02,0,0,0,0,0,0,0,0,0,37000,0,0,0,37000,0,37000,37000
057044,旺宏元大98購08  ,0,0,0,0,0,0,0,0,0,37000,0,0,0,40000,3000,37000,37000
045379,智邦元大93購01  ,0,0,0,0,0,0,0,0,0,37000,0,0,0,37000,0,37000,37000
044465,元油2X群益97購01,0,0,0,0,0,0,0,0,0,37000,0,0,0,40000,3000,37000,37000
045089,中磊元大94購01  ,0,0,0,0,0,0,0,0,0,37000,0,0,0,37000,0,37000,37000
051056,華新科群益95購03,0,0,0,0,0,0,0,0,0,37000,0,0,0,37000,0,37000,37000
047833,全新元大94購02  ,0,0,0,0,0,0,0,0,0,37000,0,0,0,53000,16000,37000,37000
051222,世紀鋼元富95購01,0,0,0,0,0,0,0,0,0,37000,0,0,0,200000,163000,37000,37000
051340,健策永豐95購03  ,0,0,0,0,0,0,0,0,0,37000,0,0,0,265000,228000,37000,37000
051762,國泰金元大95購01,0,0,0,0,0,0,0,0,0,37000,0,0,0,97000,60000,37000,37000
053438,玉晶光麥證97購02,0,0,0,60000,23000,37000,0,0,0,37000,0,0,0,60000,23000,37000,37000
052429,禾伸堂永豐95購02,0,0,0,0,0,0,0,0,0,37000,0,0,0,110000,73000,37000,37000
053003,國巨永豐96購02  ,0,0,0,0,0,0,0,0,0,37000,0,0,0,134000,97000,37000,37000
054528,台光電統一96購02,0,0,0,0,0,0,0,0,0,37000,0,0,0,110000,73000,37000,37000
053847,美律元富96購02  ,0,0,0,0,0,0,0,0,0,37000,0,0,0,40000,3000,37000,37000
06551P,貿聯元大98售05  ,0,0,0,0,0,0,0,0,0,37000,0,0,0,37000,0,37000,37000
6449,鈺邦            ,45000,9000,36000,0,0,0,0,0,0,1000,3000,2000,1000,0,0,0,37000
6414,樺漢            ,75000,39090,35910,0,0,0,0,0,0,1000,4000,9000,-5000,13000,7000,6000,36910
056899,可成元大98購01  ,0,0,0,0,0,0,0,0,0,36000,0,0,0,57000,21000,36000,36000
056746,超眾凱基99購01  ,0,0,0,0,0,0,0,0,0,36000,0,0,0,57000,21000,36000,36000
055133,致新康和97購01  ,0,0,0,0,0,0,0,0,0,36000,0,0,0,168000,132000,36000,36000
05553P,智原群益96售01  ,0,0,0,0,0,0,0,0,0,36000,0,0,0,36000,0,36000,36000
046542,技嘉台新92購01  ,0,0,0,0,0,0,0,0,0,36000,0,0,0,36000,0,36000,36000
03824P,燿華元大94售01  ,0,0,0,0,0,0,0,0,0,36000,0,0,0,36000,0,36000,36000
042752,台灣50元大96購03,0,0,0,0,0,0,0,0,0,36000,0,0,0,51000,15000,36000,36000
04164P,滬深2X元富93售03,0,0,0,0,0,0,0,0,0,36000,0,0,0,46000,10000,36000,36000
051563,泰鼎國泰96購01  ,0,0,0,0,0,0,0,0,0,36000,0,0,0,40000,4000,36000,36000
05121P,創意國泰96售01  ,0,0,0,0,0,0,0,0,0,36000,0,0,0,134000,98000,36000,36000
05218P,大立光永昌96售04,0,0,0,0,0,0,0,0,0,36000,0,0,0,140000,104000,36000,36000
052769,達興群益96購01  ,0,0,0,0,0,0,0,0,0,36000,0,0,0,70000,34000,36000,36000
050261,國巨元大95購04  ,0,0,0,0,0,0,0,0,0,36000,0,0,0,55000,19000,36000,36000
051489,世芯凱基95購01  ,0,0,0,0,0,0,0,0,0,36000,0,0,0,93000,57000,36000,36000
054071,泰鼎國泰97購02  ,0,0,0,0,0,0,0,0,0,36000,0,0,0,417000,381000,36000,36000
054993,南亞科元富97購03,0,0,0,0,0,0,0,0,0,36000,0,0,0,53000,17000,36000,36000
05963P,貿聯國票97售02  ,0,0,0,0,0,0,0,0,0,36000,0,0,0,38000,2000,36000,36000
2851,中再保          ,43000,7000,36000,0,0,0,0,0,0,0,0,0,0,0,0,0,36000
055106,台積電凱基98購05,0,0,0,0,0,0,0,0,0,35000,0,0,0,35000,0,35000,35000
055718,可成元大97購02  ,0,0,0,0,0,0,0,0,0,35000,0,0,0,228000,193000,35000,35000
04150P,燿華康和93售01  ,0,0,0,0,0,0,0,0,0,35000,0,0,0,35000,0,35000,35000
00665L,富邦恒生國企正2 ,0,0,0,0,0,0,0,0,0,35000,0,0,0,44000,9000,35000,35000
04466P,大立光元富94售04,0,0,0,0,0,0,0,0,0,35000,0,0,0,35000,0,35000,35000
046852,燿華元大93購02  ,0,0,0,0,0,0,0,0,0,35000,0,0,0,35000,0,35000,35000
047782,燿華國泰95購01  ,0,0,0,0,0,0,0,0,0,35000,0,0,0,40000,5000,35000,35000
046389,百和凱基93購04  ,0,0,0,0,0,0,0,0,0,35000,0,0,0,35000,0,35000,35000
052194,旺宏元富95購04  ,0,0,0,0,0,0,0,0,0,35000,0,0,0,41000,6000,35000,35000
049883,台表科永豐94購02,0,0,0,0,0,0,0,0,0,35000,0,0,0,45000,10000,35000,35000
049986,嘉澤凱基94購02  ,0,0,0,0,0,0,0,0,0,35000,0,0,0,75000,40000,35000,35000
048946,崇越永豐94購01  ,0,0,0,0,0,0,0,0,0,35000,0,0,0,68000,33000,35000,35000
049306,元油2X凱基96購01,0,0,0,0,0,0,0,0,0,35000,0,0,0,85000,50000,35000,35000
054725,國巨日盛97購01  ,0,0,0,0,0,0,0,0,0,35000,0,0,0,35000,0,35000,35000
054629,華新科凱基98購01,0,0,0,0,0,0,0,0,0,35000,0,0,0,55000,20000,35000,35000
054070,創意國泰96購02  ,0,0,0,0,0,0,0,0,0,35000,0,0,0,110000,75000,35000,35000
05415P,台積電台新95售04,0,0,0,0,0,0,0,0,0,35000,0,0,0,35000,0,35000,35000
053020,貿聯元富96購01  ,0,0,0,0,0,0,0,0,0,35000,0,0,0,35000,0,35000,35000
05241P,鴻海國泰97售04  ,0,0,0,0,0,0,0,0,0,35000,0,0,0,35000,0,35000,35000
2816,旺旺保          ,41000,6000,35000,0,0,0,0,0,0,0,0,0,0,0,0,0,35000
06150P,奇力新元大97售06,0,0,0,0,0,0,0,0,0,35000,0,0,0,50000,15000,35000,35000
06571P,欣興永豐98售03  ,0,0,0,0,0,0,0,0,0,35000,0,0,0,51000,16000,35000,35000
06492P,上銀永豐98售01  ,0,0,0,0,0,0,0,0,0,35000,0,0,0,223000,188000,35000,35000
056711,亞光永豐98購01  ,0,0,0,0,0,0,0,0,0,34000,0,0,0,67000,33000,34000,34000
056552,台表科凱基99購01,0,0,0,0,0,0,0,0,0,34000,0,0,0,41000,7000,34000,34000
056360,智邦元大98購01  ,0,0,0,0,0,0,0,0,0,34000,0,0,0,94000,60000,34000,34000
057010,景碩中信98購01  ,0,0,0,0,0,0,0,0,0,34000,0,0,0,55000,21000,34000,34000
056992,祥碩兆豐98購01  ,0,0,0,0,0,0,0,0,0,34000,0,0,0,80000,46000,34000,34000
057173,南亞科元大98購04,0,0,0,0,0,0,0,0,0,34000,0,0,0,43000,9000,34000,34000
047687,元金2X富邦96購01,0,0,0,0,0,0,0,0,0,34000,0,0,0,34000,0,34000,34000
047826,台泥元大93購01  ,0,0,0,0,0,0,0,0,0,34000,0,0,0,79000,45000,34000,34000
048109,旺宏群益94購02  ,0,0,0,0,0,0,0,0,0,34000,0,0,0,43000,9000,34000,34000
051290,大立光統一96購02,0,0,0,0,0,0,0,0,0,34000,0,0,0,34000,0,34000,34000
05106P,鴻海永豐95售02  ,0,0,0,0,0,0,0,0,0,34000,0,0,0,38000,4000,34000,34000
051092,禾伸堂元大95購02,0,0,0,0,0,0,0,0,0,34000,0,0,0,66000,32000,34000,34000
049985,華擎凱基94購01  ,0,0,0,0,0,0,0,0,0,34000,0,0,0,210000,176000,34000,34000
049119,元油2X元富94購04,0,0,0,0,0,0,0,0,0,34000,0,0,0,166000,132000,34000,34000
049075,光磊凱基94購01  ,0,0,0,0,0,0,0,0,0,34000,0,0,0,109000,75000,34000,34000
050611,鴻海元大95購02  ,0,0,0,0,0,0,0,0,0,34000,0,0,0,336000,302000,34000,34000
050965,揚明光永豐96購01,0,0,0,0,0,0,0,0,0,34000,0,0,0,34000,0,34000,34000
052270,力成日盛95購01  ,0,0,0,0,0,0,0,0,0,34000,0,0,0,119000,85000,34000,34000
052842,滬深2X統一96購01,0,0,0,0,0,0,0,0,0,34000,0,0,0,34000,0,34000,34000
053188,旺宏統一97購03  ,0,0,0,0,0,0,0,0,0,34000,0,0,0,135000,101000,34000,34000
053937,光磊元富96購01  ,0,0,0,0,0,0,0,0,0,34000,0,0,0,36000,2000,34000,34000
06558P,旺宏元富98售02  ,0,0,0,0,0,0,0,0,0,34000,0,0,0,54000,20000,34000,34000
2015,豐興            ,85000,51000,34000,0,0,0,0,0,0,0,0,0,0,0,0,0,34000
4532,瑞智            ,83000,49000,34000,0,0,0,0,0,0,0,0,0,0,0,0,0,34000
4976,佳凌            ,56000,22000,34000,0,0,0,0,0,0,0,0,0,0,0,0,0,34000
05823P,臺股指凱基96售20,0,0,0,0,0,0,0,0,0,33000,0,0,0,135000,102000,33000,33000
055983,全新元富9A購02  ,0,0,0,0,0,0,0,0,0,33000,0,0,0,54000,21000,33000,33000
051118,台塑群益95購01  ,0,0,0,0,0,0,0,0,0,33000,0,0,0,54000,21000,33000,33000
05141P,華通台新96售01  ,0,0,0,0,0,0,0,0,0,33000,0,0,0,43000,10000,33000,33000
046391,上海銀統一94購01,0,0,0,0,0,0,0,0,0,33000,0,0,0,45000,12000,33000,33000
04682P,臺股指統一96售01,0,0,0,0,0,0,0,0,0,33000,0,0,0,130000,97000,33000,33000
047266,嘉聯益國票94購02,0,0,0,0,0,0,0,0,0,33000,0,0,0,48000,15000,33000,33000
045643,臻鼎凱基93購01  ,0,0,0,0,0,0,0,0,0,33000,0,0,0,43000,10000,33000,33000
051234,南電群益95購02  ,0,0,0,0,0,0,0,0,0,33000,0,0,0,33000,0,33000,33000
054002,GIS群益96購03   ,0,0,0,0,0,0,0,0,0,33000,0,0,0,33000,0,33000,33000
053854,聯茂國泰97購02  ,0,0,0,0,0,0,0,0,0,33000,0,0,0,33000,0,33000,33000
054441,力成台新96購01  ,0,0,0,0,0,0,0,0,0,33000,0,0,0,33000,0,33000,33000
05340P,臺股指國票95售08,0,0,0,0,0,0,0,0,0,33000,0,0,0,53000,20000,33000,33000
052315,廣宇元大95購02  ,0,0,0,0,0,0,0,0,0,33000,0,0,0,33000,0,33000,33000
4994,傳奇            ,168000,151000,17000,0,0,0,0,0,0,16000,8000,0,8000,8000,0,8000,33000
6591,動力-KY         ,60000,27000,33000,0,0,0,0,0,0,0,0,0,0,0,0,0,33000
06428P,國巨元大97售17  ,0,0,0,0,0,0,0,0,0,33000,0,0,0,114000,81000,33000,33000
06026P,華通台新97售01  ,0,0,0,0,0,0,0,0,0,33000,0,0,0,43000,10000,33000,33000
2108,南帝            ,163000,130681,32319,0,0,0,0,0,0,0,0,0,0,0,0,0,32319
05573P,仁寶元富96售02  ,0,0,0,0,0,0,0,0,0,32000,0,0,0,69000,37000,32000,32000
055379,牧德元大97購03  ,0,0,0,0,0,0,0,0,0,32000,0,0,0,88000,56000,32000,32000
05740P,宏達電元富96售01,0,0,0,0,0,0,0,0,0,32000,0,0,0,42000,10000,32000,32000
057129,聯發科凱基99購03,0,0,0,0,0,0,0,0,0,32000,0,0,0,32000,0,32000,32000
056541,智原凱基98購03  ,0,0,0,0,0,0,0,0,0,32000,0,0,0,42000,10000,32000,32000
05681P,大立光元大96售05,0,0,0,0,0,0,0,0,0,32000,0,0,0,78000,46000,32000,32000
046039,新日興元大92購02,0,0,0,0,0,0,0,0,0,32000,0,0,0,32000,0,32000,32000
048315,聯發科凱基93購32,0,0,0,0,0,0,0,0,0,32000,0,0,0,32000,0,32000,32000
047221,日月光麥證93購01,0,0,0,32000,0,32000,0,0,0,32000,0,0,0,32000,0,32000,32000
046560,南亞科凱基92購04,0,0,0,0,0,0,0,0,0,32000,0,0,0,32000,0,32000,32000
04860P,鴻海群益94售07  ,0,0,0,0,0,0,0,0,0,32000,0,0,0,32000,0,32000,32000
047716,晶技凱基93購03  ,0,0,0,0,0,0,0,0,0,32000,0,0,0,42000,10000,32000,32000
048114,景碩群益93購02  ,0,0,0,0,0,0,0,0,0,32000,0,0,0,32000,0,32000,32000
048069,南亞科元富95購02,0,0,0,0,0,0,0,0,0,32000,0,0,0,32000,0,32000,32000
048185,台郡群益93購04  ,0,0,0,0,0,0,0,0,0,32000,0,0,0,32000,0,32000,32000
048724,台達電日盛94購01,0,0,0,0,0,0,0,0,0,32000,0,0,0,236000,204000,32000,32000
052201,超眾統一96購01  ,0,0,0,0,0,0,0,0,0,32000,0,0,0,40000,8000,32000,32000
048628,T50反1元大96購03,0,0,0,0,0,0,0,0,0,32000,0,0,0,100000,68000,32000,32000
051487,健策凱基96購03  ,0,0,0,0,0,0,0,0,0,32000,0,0,0,257000,225000,32000,32000
053390,彩晶元大9A購01  ,0,0,0,0,0,0,0,0,0,32000,0,0,0,32000,0,32000,32000
053059,聯發科永昌99購01,0,0,0,0,0,0,0,0,0,32000,0,0,0,37000,5000,32000,32000
053292,美律中信98購01  ,0,0,0,0,0,0,0,0,0,32000,0,0,0,90000,58000,32000,32000
054461,台積電凱基97購09,0,0,0,0,0,0,0,0,0,32000,0,0,0,82000,50000,32000,32000
053865,欣興元大97購02  ,0,0,0,0,0,0,0,0,0,32000,0,0,0,86000,54000,32000,32000
053999,台表科群益96購06,0,0,0,0,0,0,0,0,0,32000,0,0,0,33000,1000,32000,32000
2850,新產            ,56000,24000,32000,0,0,0,0,0,0,0,0,0,0,0,0,0,32000
06243P,亞光元富97售01  ,0,0,0,0,0,0,0,0,0,32000,0,0,0,32000,0,32000,32000
8210,勤誠            ,241000,309000,-68000,0,0,0,0,0,0,100000,24000,0,24000,79000,3000,76000,32000
056618,京元電永豐98購01,0,0,0,0,0,0,0,0,0,31000,0,0,0,129000,98000,31000,31000
056674,華邦電元富98購01,0,0,0,0,0,0,0,0,0,31000,0,0,0,103000,72000,31000,31000
056897,南亞科元大98購02,0,0,0,0,0,0,0,0,0,31000,0,0,0,103000,72000,31000,31000
057193,力成元大98購02  ,0,0,0,0,0,0,0,0,0,31000,0,0,0,61000,30000,31000,31000
055370,旺宏元大97購05  ,0,0,0,0,0,0,0,0,0,31000,0,0,0,37000,6000,31000,31000
055528,華邦電群益97購01,0,0,0,0,0,0,0,0,0,31000,0,0,0,61000,30000,31000,31000
055129,鈺齊兆豐97購01  ,0,0,0,0,0,0,0,0,0,31000,0,0,0,80000,49000,31000,31000
055820,矽力國票98購02  ,0,0,0,0,0,0,0,0,0,31000,0,0,0,67000,36000,31000,31000
056124,華通國票98購02  ,0,0,0,0,0,0,0,0,0,31000,0,0,0,46000,15000,31000,31000
04806P,臻鼎元富94售06  ,0,0,0,0,0,0,0,0,0,31000,0,0,0,31000,0,31000,31000
048485,泰鼎國泰94購02  ,0,0,0,0,0,0,0,0,0,31000,0,0,0,31000,0,31000,31000
047507,台塑國票93購01  ,0,0,0,0,0,0,0,0,0,31000,0,0,0,31000,0,31000,31000
043642,元金2X國票97購01,0,0,0,0,0,0,0,0,0,31000,0,0,0,31000,0,31000,31000
045103,上海銀亞東94購01,0,0,0,0,0,0,0,0,0,31000,0,0,0,79000,48000,31000,31000
045586,創意元大93購03  ,0,0,0,0,0,0,0,0,0,31000,0,0,0,100000,69000,31000,31000
045853,緯穎永豐92購02  ,0,0,0,0,0,0,0,0,0,31000,0,0,0,31000,0,31000,31000
05058P,燿華國票97售01  ,0,0,0,0,0,0,0,0,0,31000,0,0,0,53000,22000,31000,31000
050368,國巨元大94購14  ,0,0,0,0,0,0,0,0,0,31000,0,0,0,31000,0,31000,31000
050111,全新元大95購02  ,0,0,0,0,0,0,0,0,0,31000,0,0,0,31000,0,31000,31000
050867,聯鈞永豐95購01  ,0,0,0,0,0,0,0,0,0,31000,0,0,0,435000,404000,31000,31000
051640,GIS國票96購03   ,0,0,0,0,0,0,0,0,0,31000,0,0,0,31000,0,31000,31000
051532,潤泰全國票96購01,0,0,0,0,0,0,0,0,0,31000,0,0,0,33000,2000,31000,31000
051354,聯發科元大95購09,0,0,0,0,0,0,0,0,0,31000,0,0,0,40000,9000,31000,31000
053869,嘉澤元大96購02  ,0,0,0,0,0,0,0,0,0,31000,0,0,0,86000,55000,31000,31000
054233,聯發科群益96購04,0,0,0,0,0,0,0,0,0,31000,0,0,0,160000,129000,31000,31000
05470P,康控元大95售05  ,0,0,0,0,0,0,0,0,0,31000,0,0,0,31000,0,31000,31000
054715,中橡康和97購01  ,0,0,0,0,0,0,0,0,0,31000,0,0,0,59000,28000,31000,31000
054778,世紀鋼國票99購01,0,0,0,0,0,0,0,0,0,31000,0,0,0,56000,25000,31000,31000
053294,聯發科中信9C購01,0,0,0,0,0,0,0,0,0,31000,0,0,0,85000,54000,31000,31000
053349,台郡國票97購02  ,0,0,0,0,0,0,0,0,0,31000,0,0,0,43000,12000,31000,31000
053101,創意元富96購03  ,0,0,0,0,0,0,0,0,0,31000,0,0,0,41000,10000,31000,31000
053443,智邦凱基97購01  ,0,0,0,0,0,0,0,0,0,31000,0,0,0,64000,33000,31000,31000
052965,廣宇群益97購01  ,0,0,0,0,0,0,0,0,0,31000,0,0,0,31000,0,31000,31000
06158P,玉晶光元富97售08,0,0,0,0,0,0,0,0,0,31000,0,0,0,90000,59000,31000,31000
06386P,欣興永豐97售03  ,0,0,0,0,0,0,0,0,0,31000,0,0,0,80000,49000,31000,31000
2227,裕日車          ,11000,10000,1000,0,0,0,0,0,0,30000,34000,4000,30000,0,0,0,31000
1256,鮮活果汁-KY     ,36000,5000,31000,0,0,0,0,0,0,0,0,0,0,0,0,0,31000
056160,智易凱基97購03  ,0,0,0,0,0,0,0,0,0,30000,0,0,0,30000,0,30000,30000
056232,瑞儀凱基98購01  ,0,0,0,0,0,0,0,0,0,30000,0,0,0,30000,0,30000,30000
056060,宏達電元大99購01,0,0,0,0,0,0,0,0,0,30000,0,0,0,30000,0,30000,30000
056040,亞光凱基98購01  ,0,0,0,0,0,0,0,0,0,30000,0,0,0,30000,0,30000,30000
05527P,聯茂群益96售01  ,0,0,0,0,0,0,0,0,0,30000,0,0,0,30000,0,30000,30000
05524P,瀚宇博國票97售02,0,0,0,0,0,0,0,0,0,30000,0,0,0,30000,0,30000,30000
055197,致新元富97購02  ,0,0,0,0,0,0,0,0,0,30000,0,0,0,30000,0,30000,30000
055574,美律統一97購01  ,0,0,0,0,0,0,0,0,0,30000,0,0,0,78000,48000,30000,30000
055567,訊芯凱基98購02  ,0,0,0,0,0,0,0,0,0,30000,0,0,0,30000,0,30000,30000
055606,矽創元大97購01  ,0,0,0,0,0,0,0,0,0,30000,0,0,0,206000,176000,30000,30000
055435,佳世達中信99購01,0,0,0,0,0,0,0,0,0,30000,0,0,0,100000,70000,30000,30000
057301,嘉聯益永豐98購02,0,0,0,0,0,0,0,0,0,30000,0,0,0,48000,18000,30000,30000
057057,立積元大9A購01  ,0,0,0,0,0,0,0,0,0,30000,0,0,0,35000,5000,30000,30000
05636P,國巨永豐96售03  ,0,0,0,0,0,0,0,0,0,30000,0,0,0,30000,0,30000,30000
056272,嘉澤統一99購01  ,0,0,0,0,0,0,0,0,0,30000,0,0,0,116000,86000,30000,30000
05926P,智易永豐96售02  ,0,0,0,0,0,0,0,0,0,30000,0,0,0,30000,0,30000,30000
045546,T50反1國票93購02,0,0,0,0,0,0,0,0,0,30000,0,0,0,30000,0,30000,30000
045654,志超凱基93購01  ,0,0,0,0,0,0,0,0,0,30000,0,0,0,30000,0,30000,30000
045662,華邦電統一94購02,0,0,0,0,0,0,0,0,0,30000,0,0,0,40000,10000,30000,30000
046002,美律統一93購01  ,0,0,0,0,0,0,0,0,0,30000,0,0,0,30000,0,30000,30000
042255,群創國票92購01  ,0,0,0,0,0,0,0,0,0,30000,0,0,0,30000,0,30000,30000
041991,元油2X國票98購01,0,0,0,0,0,0,0,0,0,30000,0,0,0,30000,0,30000,30000
044224,超眾凱基93購01  ,0,0,0,0,0,0,0,0,0,30000,0,0,0,30000,0,30000,30000
044284,聯電凱基92購01  ,0,0,0,0,0,0,0,0,0,30000,0,0,0,50000,20000,30000,30000
044433,華新科元大92購06,0,0,0,0,0,0,0,0,0,30000,0,0,0,30000,0,30000,30000
044966,台表科中信94購01,0,0,0,0,0,0,0,0,0,30000,0,0,0,50000,20000,30000,30000
043641,深中小國票94購01,0,0,0,0,0,0,0,0,0,30000,0,0,0,30000,0,30000,30000
043051,天鈺國泰93購01  ,0,0,0,0,0,0,0,0,0,30000,0,0,0,30000,0,30000,30000
043060,欣興中信93購01  ,0,0,0,0,0,0,0,0,0,30000,0,0,0,30000,0,30000,30000
047141,宏達電兆豐94購01,0,0,0,0,0,0,0,0,0,30000,0,0,0,154000,124000,30000,30000
043944,欣興兆豐93購02  ,0,0,0,0,0,0,0,0,0,30000,0,0,0,30000,0,30000,30000
047246,華新科群益93購01,0,0,0,0,0,0,0,0,0,30000,0,0,0,40000,10000,30000,30000
04834P,鴻海元大94售17  ,0,0,0,0,0,0,0,0,0,30000,0,0,0,30000,0,30000,30000
048425,聯茂元富96購02  ,0,0,0,0,0,0,0,0,0,30000,0,0,0,30000,0,30000,30000
046178,聯發科日盛92購01,0,0,0,0,0,0,0,0,0,30000,0,0,0,30000,0,30000,30000
046228,神基元大92購01  ,0,0,0,0,0,0,0,0,0,30000,0,0,0,30000,0,30000,30000
048491,A50元大93購01   ,0,0,0,0,0,0,0,0,0,30000,0,0,0,30000,0,30000,30000
048515,貿聯凱基93購03  ,0,0,0,0,0,0,0,0,0,30000,0,0,0,30000,0,30000,30000
047862,超眾台新93購01  ,0,0,0,0,0,0,0,0,0,30000,0,0,0,30000,0,30000,30000
047598,深中小統一94購01,0,0,0,0,0,0,0,0,0,30000,0,0,0,60000,30000,30000,30000
04760P,旺宏凱基94售02  ,0,0,0,0,0,0,0,0,0,30000,0,0,0,130000,100000,30000,30000
047633,力山元大94購01  ,0,0,0,0,0,0,0,0,0,30000,0,0,0,30000,0,30000,30000
04854P,鴻海國泰96售04  ,0,0,0,0,0,0,0,0,0,30000,0,0,0,1029000,999000,30000,30000
046911,達方凱基93購01  ,0,0,0,0,0,0,0,0,0,30000,0,0,0,30000,0,30000,30000
04695P,正崴康和94售01  ,0,0,0,0,0,0,0,0,0,30000,0,0,0,55000,25000,30000,30000
048199,大立光元大94購03,0,0,0,0,0,0,0,0,0,30000,0,0,0,30000,0,30000,30000
047789,景碩群益93購01  ,0,0,0,0,0,0,0,0,0,30000,0,0,0,30000,0,30000,30000
048002,景碩元大93購04  ,0,0,0,0,0,0,0,0,0,30000,0,0,0,30000,0,30000,30000
048022,儒鴻凱基93購04  ,0,0,0,0,0,0,0,0,0,30000,0,0,0,30000,0,30000,30000
051316,T50反1國票95購02,0,0,0,0,0,0,0,0,0,30000,0,0,0,60000,30000,30000,30000
051310,台達電麥證95購01,0,0,0,40000,10000,30000,0,0,0,30000,0,0,0,40000,10000,30000,30000
050600,瑞儀國泰95購01  ,0,0,0,0,0,0,0,0,0,30000,0,0,0,30000,0,30000,30000
051074,矽力國票96購01  ,0,0,0,0,0,0,0,0,0,30000,0,0,0,30000,0,30000,30000
051160,亞德客元大95購02,0,0,0,0,0,0,0,0,0,30000,0,0,0,75000,45000,30000,30000
051534,景碩國票97購01  ,0,0,0,0,0,0,0,0,0,30000,0,0,0,30000,0,30000,30000
051535,新日興國票96購01,0,0,0,0,0,0,0,0,0,30000,0,0,0,60000,30000,30000,30000
049990,志超凱基94購03  ,0,0,0,0,0,0,0,0,0,30000,0,0,0,30000,0,30000,30000
049854,超眾群益94購02  ,0,0,0,0,0,0,0,0,0,30000,0,0,0,30000,0,30000,30000
050983,新光金國泰97購01,0,0,0,0,0,0,0,0,0,30000,0,0,0,60000,30000,30000,30000
049910,智邦元大94購04  ,0,0,0,0,0,0,0,0,0,30000,0,0,0,30000,0,30000,30000
051649,中磊永豐95購02  ,0,0,0,0,0,0,0,0,0,30000,0,0,0,30000,0,30000,30000
051669,建準元大95購01  ,0,0,0,0,0,0,0,0,0,30000,0,0,0,33000,3000,30000,30000
051671,和鑫元大96購02  ,0,0,0,0,0,0,0,0,0,30000,0,0,0,30000,0,30000,30000
04876P,台光電中信94售02,0,0,0,0,0,0,0,0,0,30000,0,0,0,30000,0,30000,30000
050028,華新科元大94購03,0,0,0,0,0,0,0,0,0,30000,0,0,0,30000,0,30000,30000
049519,新光金國票95購03,0,0,0,0,0,0,0,0,0,30000,0,0,0,30000,0,30000,30000
049545,台積電群益94購09,0,0,0,0,0,0,0,0,0,30000,0,0,0,30000,0,30000,30000
049315,上緯控凱基94購03,0,0,0,0,0,0,0,0,0,30000,0,0,0,30000,0,30000,30000
048631,遠東新元大93購01,0,0,0,0,0,0,0,0,0,30000,0,0,0,30000,0,30000,30000
050208,燿華兆豐95購02  ,0,0,0,0,0,0,0,0,0,30000,0,0,0,30000,0,30000,30000
051916,和碩元大95購02  ,0,0,0,0,0,0,0,0,0,30000,0,0,0,80000,50000,30000,30000
049455,上海銀統一94購02,0,0,0,0,0,0,0,0,0,30000,0,0,0,30000,0,30000,30000
049465,美律台新94購01  ,0,0,0,0,0,0,0,0,0,30000,0,0,0,30000,0,30000,30000
049830,智易凱基94購02  ,0,0,0,0,0,0,0,0,0,30000,0,0,0,100000,70000,30000,30000
04962P,易華電凱基96售01,0,0,0,0,0,0,0,0,0,30000,0,0,0,30000,0,30000,30000
049675,台光電國票95購01,0,0,0,0,0,0,0,0,0,30000,0,0,0,30000,0,30000,30000
053012,國巨統一96購03  ,0,0,0,0,0,0,0,0,0,30000,0,0,0,182000,152000,30000,30000
052860,旺宏凱基96購03  ,0,0,0,0,0,0,0,0,0,30000,0,0,0,53000,23000,30000,30000
052903,致茂國票97購01  ,0,0,0,0,0,0,0,0,0,30000,0,0,0,30000,0,30000,30000
052496,華通台新96購02  ,0,0,0,0,0,0,0,0,0,30000,0,0,0,40000,10000,30000,30000
053403,彩晶群益98購01  ,0,0,0,0,0,0,0,0,0,30000,0,0,0,30000,0,30000,30000
053094,聯電統一97購02  ,0,0,0,0,0,0,0,0,0,30000,0,0,0,100000,70000,30000,30000
053340,建準國票97購01  ,0,0,0,0,0,0,0,0,0,30000,0,0,0,30000,0,30000,30000
053210,華邦電凱基97購02,0,0,0,0,0,0,0,0,0,30000,0,0,0,30000,0,30000,30000
054705,欣興亞東97購01  ,0,0,0,0,0,0,0,0,0,30000,0,0,0,30000,0,30000,30000
05441P,華通元大95售09  ,0,0,0,0,0,0,0,0,0,30000,0,0,0,30000,0,30000,30000
054326,宏達電台新97購02,0,0,0,0,0,0,0,0,0,30000,0,0,0,97000,67000,30000,30000
054217,台表科國票97購05,0,0,0,0,0,0,0,0,0,30000,0,0,0,62000,32000,30000,30000
054203,滬深2X國票96購03,0,0,0,0,0,0,0,0,0,30000,0,0,0,30000,0,30000,30000
3702A,大聯大甲特      ,0,0,0,0,0,0,0,0,0,30000,30000,0,30000,0,0,0,30000
06548P,大立光元大98售10,0,0,0,0,0,0,0,0,0,30000,0,0,0,55000,25000,30000,30000
06610P,台積電凱基9A售03,0,0,0,0,0,0,0,0,0,30000,0,0,0,30000,0,30000,30000
06204P,鴻海群益97售04  ,0,0,0,0,0,0,0,0,0,30000,0,0,0,55000,25000,30000,30000
05956P,漢唐國票96售02  ,0,0,0,0,0,0,0,0,0,30000,0,0,0,30000,0,30000,30000
6139,亞翔            ,75000,24000,51000,0,0,0,0,0,0,-21000,0,26000,-26000,5000,0,5000,30000
055070,聯茂永豐97購01  ,0,0,0,0,0,0,0,0,0,29000,0,0,0,98000,69000,29000,29000
056072,群創元大97購01  ,0,0,0,0,0,0,0,0,0,29000,0,0,0,184000,155000,29000,29000
055620,樺漢國票98購01  ,0,0,0,0,0,0,0,0,0,29000,0,0,0,29000,0,29000,29000
04869P,鴻海元富95售02  ,0,0,0,0,0,0,0,0,0,29000,0,0,0,210000,181000,29000,29000
051463,世芯國泰97購02  ,0,0,0,0,0,0,0,0,0,29000,0,0,0,94000,65000,29000,29000
051742,欣興國票96購01  ,0,0,0,0,0,0,0,0,0,29000,0,0,0,39000,10000,29000,29000
049058,茂林永豐94購02  ,0,0,0,0,0,0,0,0,0,29000,0,0,0,29000,0,29000,29000
049941,臺股指元大94購24,0,0,0,0,0,0,0,0,0,29000,0,0,0,30000,1000,29000,29000
05433P,智原元富95售02  ,0,0,0,0,0,0,0,0,0,29000,0,0,0,29000,0,29000,29000
054340,大成鋼元富96購01,0,0,0,0,0,0,0,0,0,29000,0,0,0,47000,18000,29000,29000
053808,大成鋼群益97購01,0,0,0,0,0,0,0,0,0,29000,0,0,0,29000,0,29000,29000
053248,智伸科國票97購01,0,0,0,0,0,0,0,0,0,29000,0,0,0,51000,22000,29000,29000
052604,建準元大97購01  ,0,0,0,0,0,0,0,0,0,29000,0,0,0,51000,22000,29000,29000
052845,旺宏統一97購01  ,0,0,0,0,0,0,0,0,0,29000,0,0,0,29000,0,29000,29000
5269,祥碩            ,222000,129000,93000,0,0,0,0,74000,-74000,10000,21000,9000,12000,2000,4000,-2000,29000
05985P,燿華統一96售03  ,0,0,0,0,0,0,0,0,0,29000,0,0,0,29000,0,29000,29000
06180P,禾伸堂群益97售01,0,0,0,0,0,0,0,0,0,29000,0,0,0,29000,0,29000,29000
06286P,世芯國票97售02  ,0,0,0,0,0,0,0,0,0,29000,0,0,0,163000,134000,29000,29000
3321,同泰            ,42000,13000,29000,0,0,0,0,0,0,0,0,0,0,0,0,0,29000
1410,南染            ,30000,1000,29000,0,0,0,0,0,0,0,0,0,0,0,0,0,29000
056213,建準國票98購02  ,0,0,0,0,0,0,0,0,0,28000,0,0,0,28000,0,28000,28000
055095,啟碁群益98購01  ,0,0,0,0,0,0,0,0,0,28000,0,0,0,28000,0,28000,28000
055272,國巨元大98購04  ,0,0,0,0,0,0,0,0,0,28000,0,0,0,176000,148000,28000,28000
056531,佳世達凱基98購01,0,0,0,0,0,0,0,0,0,28000,0,0,0,68000,40000,28000,28000
056660,臺股指元大9A購07,0,0,0,0,0,0,0,0,0,28000,0,0,0,28000,0,28000,28000
056789,和碩群益98購01  ,0,0,0,0,0,0,0,0,0,28000,0,0,0,28000,0,28000,28000
057022,智邦凱基98購04  ,0,0,0,0,0,0,0,0,0,28000,0,0,0,259000,231000,28000,28000
057143,台郡兆豐98購01  ,0,0,0,0,0,0,0,0,0,28000,0,0,0,133000,105000,28000,28000
05765P,臺股指永豐96售01,0,0,0,0,0,0,0,0,0,28000,0,0,0,28000,0,28000,28000
047856,GIS國票94購01   ,0,0,0,0,0,0,0,0,0,28000,0,0,0,28000,0,28000,28000
048243,儒鴻兆豐94購01  ,0,0,0,0,0,0,0,0,0,28000,0,0,0,30000,2000,28000,28000
04584P,楠梓電永豐94售01,0,0,0,0,0,0,0,0,0,28000,0,0,0,28000,0,28000,28000
051541,GIS國票96購02   ,0,0,0,0,0,0,0,0,0,28000,0,0,0,28000,0,28000,28000
048768,景碩凱基94購02  ,0,0,0,0,0,0,0,0,0,28000,0,0,0,28000,0,28000,28000
05077P,智易群益95售02  ,0,0,0,0,0,0,0,0,0,28000,0,0,0,28000,0,28000,28000
050559,聯發科統一94購10,0,0,0,0,0,0,0,0,0,28000,0,0,0,220000,192000,28000,28000
050180,華新科元大95購08,0,0,0,0,0,0,0,0,0,28000,0,0,0,28000,0,28000,28000
052647,晶技永豐97購01  ,0,0,0,0,0,0,0,0,0,28000,0,0,0,96000,68000,28000,28000
05224P,華通統一95售03  ,0,0,0,0,0,0,0,0,0,28000,0,0,0,42000,14000,28000,28000
053330,燿華永豐96購03  ,0,0,0,0,0,0,0,0,0,28000,0,0,0,28000,0,28000,28000
053053,京元電國票97購02,0,0,0,0,0,0,0,0,0,28000,0,0,0,28000,0,28000,28000
053527,創意中信97購01  ,0,0,0,0,0,0,0,0,0,28000,0,0,0,30000,2000,28000,28000
053986,矽創第一96購01  ,0,0,0,0,0,0,0,0,0,28000,0,0,0,48000,20000,28000,28000
2882B,國泰金乙特      ,0,0,0,0,0,0,0,0,0,28000,28000,0,28000,0,0,0,28000
8021,尖點            ,88000,60000,28000,0,0,0,0,0,0,0,0,0,0,0,0,0,28000
05703P,矽力群益96售03  ,0,0,0,0,0,0,0,0,0,27000,0,0,0,69000,42000,27000,27000
055951,大成鋼元大97購02,0,0,0,0,0,0,0,0,0,27000,0,0,0,27000,0,27000,27000
055995,華擎國泰99購01  ,0,0,0,0,0,0,0,0,0,27000,0,0,0,113000,86000,27000,27000
055732,全新元富9A購01  ,0,0,0,0,0,0,0,0,0,27000,0,0,0,67000,40000,27000,27000
055821,勤誠國票98購01  ,0,0,0,0,0,0,0,0,0,27000,0,0,0,355000,328000,27000,27000
044963,台積電中信96購01,0,0,0,0,0,0,0,0,0,27000,0,0,0,59000,32000,27000,27000
044926,聯詠國泰93購01  ,0,0,0,0,0,0,0,0,0,27000,0,0,0,27000,0,27000,27000
04511P,臺股指元大94售06,0,0,0,0,0,0,0,0,0,27000,0,0,0,430000,403000,27000,27000
04685P,訊芯元大94售02  ,0,0,0,0,0,0,0,0,0,27000,0,0,0,101000,74000,27000,27000
046717,世紀鋼國泰94購01,0,0,0,0,0,0,0,0,0,27000,0,0,0,27000,0,27000,27000
047485,景碩凱基94購01  ,0,0,0,0,0,0,0,0,0,27000,0,0,0,28000,1000,27000,27000
048432,全新國票95購01  ,0,0,0,0,0,0,0,0,0,27000,0,0,0,67000,40000,27000,27000
051194,大立光中信96購02,0,0,0,0,0,0,0,0,0,27000,0,0,0,27000,0,27000,27000
051073,同欣電國票96購01,0,0,0,0,0,0,0,0,0,27000,0,0,0,49000,22000,27000,27000
051064,鴻海國票95購01  ,0,0,0,0,0,0,0,0,0,27000,0,0,0,37000,10000,27000,27000
050855,華通台新95購01  ,0,0,0,0,0,0,0,0,0,27000,0,0,0,38000,11000,27000,27000
049742,日月光群益94購02,0,0,0,0,0,0,0,0,0,27000,0,0,0,28000,1000,27000,27000
049294,南亞科群益94購01,0,0,0,0,0,0,0,0,0,27000,0,0,0,178000,151000,27000,27000
049233,聯發科統一94購04,0,0,0,0,0,0,0,0,0,27000,0,0,0,66000,39000,27000,27000
053866,景碩元大97購02  ,0,0,0,0,0,0,0,0,0,27000,0,0,0,172000,145000,27000,27000
054540,泰鼎國票99購01  ,0,0,0,0,0,0,0,0,0,27000,0,0,0,75000,48000,27000,27000
054974,台表科元大98購02,0,0,0,0,0,0,0,0,0,27000,0,0,0,77000,50000,27000,27000
053165,大立光群益96購03,0,0,0,0,0,0,0,0,0,27000,0,0,0,44000,17000,27000,27000
053247,麗豐國票97購01  ,0,0,0,0,0,0,0,0,0,27000,0,0,0,47000,20000,27000,27000
052354,健策群益96購02  ,0,0,0,0,0,0,0,0,0,27000,0,0,0,173000,146000,27000,27000
052484,矽創群益95購02  ,0,0,0,0,0,0,0,0,0,27000,0,0,0,31000,4000,27000,27000
3094,聯傑            ,52000,25000,27000,0,0,0,0,0,0,0,0,0,0,0,0,0,27000
3050,鈺德            ,31000,4000,27000,0,0,0,0,0,0,0,0,0,0,0,0,0,27000
2228,劍麟            ,71000,44000,27000,0,0,0,0,0,0,0,0,0,0,0,0,0,27000
06186P,鴻海統一97售02  ,0,0,0,0,0,0,0,0,0,27000,0,0,0,27000,0,27000,27000
06144P,台光電永豐97售01,0,0,0,0,0,0,0,0,0,27000,0,0,0,37000,10000,27000,27000
06011P,貿聯元富96售04  ,0,0,0,0,0,0,0,0,0,27000,0,0,0,207000,180000,27000,27000
055803,鎧勝永豐97購01  ,0,0,0,0,0,0,0,0,0,26000,0,0,0,54000,28000,26000,26000
055661,亞德客中信98購01,0,0,0,0,0,0,0,0,0,26000,0,0,0,50000,24000,26000,26000
055200,和大群益98購01  ,0,0,0,0,0,0,0,0,0,26000,0,0,0,81000,55000,26000,26000
055430,宏達電群益97購01,0,0,0,0,0,0,0,0,0,26000,0,0,0,70000,44000,26000,26000
045054,聯發科元富98購02,0,0,0,0,0,0,0,0,0,26000,0,0,0,138000,112000,26000,26000
044408,聯茂凱基93購02  ,0,0,0,0,0,0,0,0,0,26000,0,0,0,36000,10000,26000,26000
03960P,新日興元富96售02,0,0,0,0,0,0,0,0,0,26000,0,0,0,126000,100000,26000,26000
050740,旺宏永豐94購03  ,0,0,0,0,0,0,0,0,0,26000,0,0,0,102000,76000,26000,26000
050084,宏達電元富94購03,0,0,0,0,0,0,0,0,0,26000,0,0,0,26000,0,26000,26000
048658,鴻海統一93購09  ,0,0,0,0,0,0,0,0,0,26000,0,0,0,26000,0,26000,26000
050270,景碩元大94購01  ,0,0,0,0,0,0,0,0,0,26000,0,0,0,160000,134000,26000,26000
052764,景碩群益98購01  ,0,0,0,0,0,0,0,0,0,26000,0,0,0,100000,74000,26000,26000
05280P,華通元大95售08  ,0,0,0,0,0,0,0,0,0,26000,0,0,0,34000,8000,26000,26000
053134,南亞科國票97購01,0,0,0,0,0,0,0,0,0,26000,0,0,0,36000,10000,26000,26000
054716,緯穎康和97購01  ,0,0,0,0,0,0,0,0,0,26000,0,0,0,26000,0,26000,26000
054457,強茂群益96購01  ,0,0,0,0,0,0,0,0,0,26000,0,0,0,26000,0,26000,26000
053851,鴻海國泰98購03  ,0,0,0,0,0,0,0,0,0,26000,0,0,0,46000,20000,26000,26000
06008P,燿華統一96售04  ,0,0,0,0,0,0,0,0,0,26000,0,0,0,26000,0,26000,26000
06142P,台虹康和97售02  ,0,0,0,0,0,0,0,0,0,26000,0,0,0,26000,0,26000,26000
06574P,大立光永昌99售01,0,0,0,0,0,0,0,0,0,26000,0,0,0,55000,29000,26000,26000
2929,淘帝-KY         ,108000,85000,23000,0,0,0,0,0,0,3000,0,0,0,3000,0,3000,26000
3669,圓展            ,15000,14000,1000,0,0,0,25000,0,25000,0,0,0,0,0,0,0,26000
8499,鼎炫-KY         ,45000,19000,26000,0,0,0,0,0,0,0,0,0,0,0,0,0,26000
4739,康普            ,60000,34000,26000,0,0,0,0,0,0,0,0,0,0,0,0,0,26000
05538P,玉晶光國票97售02,0,0,0,0,0,0,0,0,0,25000,0,0,0,25000,0,25000,25000
055236,建準台新98購01  ,0,0,0,0,0,0,0,0,0,25000,0,0,0,25000,0,25000,25000
056000,佳世達永豐97購01,0,0,0,0,0,0,0,0,0,25000,0,0,0,25000,0,25000,25000
056088,台郡統一97購02  ,0,0,0,0,0,0,0,0,0,25000,0,0,0,53000,28000,25000,25000
056324,南亞科兆豐98購01,0,0,0,0,0,0,0,0,0,25000,0,0,0,35000,10000,25000,25000
042558,瑞昱中信94購01  ,0,0,0,0,0,0,0,0,0,25000,0,0,0,40000,15000,25000,25000
04552P,南電元大94售06  ,0,0,0,0,0,0,0,0,0,25000,0,0,0,25000,0,25000,25000
044614,聯茂兆豐92購02  ,0,0,0,0,0,0,0,0,0,25000,0,0,0,25000,0,25000,25000
051020,健策凱基96購02  ,0,0,0,0,0,0,0,0,0,25000,0,0,0,375000,350000,25000,25000
047774,台表科元大95購01,0,0,0,0,0,0,0,0,0,25000,0,0,0,78000,53000,25000,25000
046791,台郡統一96購01  ,0,0,0,0,0,0,0,0,0,25000,0,0,0,34000,9000,25000,25000
046603,貿聯群益93購01  ,0,0,0,0,0,0,0,0,0,25000,0,0,0,25000,0,25000,25000
052784,緯穎國票97購02  ,0,0,0,0,0,0,0,0,0,25000,0,0,0,25000,0,25000,25000
048614,欣興凱基93購05  ,0,0,0,0,0,0,0,0,0,25000,0,0,0,25000,0,25000,25000
05056P,訊芯群益95售01  ,0,0,0,0,0,0,0,0,0,25000,0,0,0,25000,0,25000,25000
050437,聯詠凱基94購04  ,0,0,0,0,0,0,0,0,0,25000,0,0,0,35000,10000,25000,25000
049040,亞光兆豐95購01  ,0,0,0,0,0,0,0,0,0,25000,0,0,0,27000,2000,25000,25000
050064,華新科凱基94購08,0,0,0,0,0,0,0,0,0,25000,0,0,0,69000,44000,25000,25000
048791,智原元大94購02  ,0,0,0,0,0,0,0,0,0,25000,0,0,0,25000,0,25000,25000
051738,全新國票96購02  ,0,0,0,0,0,0,0,0,0,25000,0,0,0,55000,30000,25000,25000
05181P,健策凱基95售01  ,0,0,0,0,0,0,0,0,0,25000,0,0,0,25000,0,25000,25000
049134,為升元大95購01  ,0,0,0,0,0,0,0,0,0,25000,0,0,0,35000,10000,25000,25000
049909,國巨元大95購01  ,0,0,0,0,0,0,0,0,0,25000,0,0,0,65000,40000,25000,25000
053886,亞光兆豐96購01  ,0,0,0,0,0,0,0,0,0,25000,0,0,0,25000,0,25000,25000
05416P,喬山永豐95售04  ,0,0,0,0,0,0,0,0,0,25000,0,0,0,25000,0,25000,25000
054501,強茂永豐96購02  ,0,0,0,0,0,0,0,0,0,25000,0,0,0,25000,0,25000,25000
054607,台積電永豐97購03,0,0,0,0,0,0,0,0,0,25000,0,0,0,34000,9000,25000,25000
054988,凱美元富97購02  ,0,0,0,0,0,0,0,0,0,25000,0,0,0,60000,35000,25000,25000
053274,旺宏元大98購03  ,0,0,0,0,0,0,0,0,0,25000,0,0,0,48000,23000,25000,25000
053289,臺股指元大96購17,0,0,0,0,0,0,0,0,0,25000,0,0,0,25000,0,25000,25000
053379,南亞科元大96購01,0,0,0,0,0,0,0,0,0,25000,0,0,0,27000,2000,25000,25000
053448,智易凱基96購03  ,0,0,0,0,0,0,0,0,0,25000,0,0,0,25000,0,25000,25000
053629,玉山金兆豐96購01,0,0,0,0,0,0,0,0,0,25000,0,0,0,45000,20000,25000,25000
052918,智易富邦97購02  ,0,0,0,0,0,0,0,0,0,25000,0,0,0,25000,0,25000,25000
3419,譁裕            ,34000,10000,24000,0,0,0,0,0,0,1000,1000,0,1000,0,0,0,25000
06620P,聯發科元大98售07,0,0,0,0,0,0,0,0,0,25000,0,0,0,25000,0,25000,25000
06328P,台積電中信01售02,0,0,0,0,0,0,0,0,0,25000,0,0,0,57000,32000,25000,25000
06169P,華新科元富97售02,0,0,0,0,0,0,0,0,0,25000,0,0,0,46000,21000,25000,25000
06071P,大立光永豐97售01,0,0,0,0,0,0,0,0,0,25000,0,0,0,56000,31000,25000,25000
056368,祥碩元大98購02  ,0,0,0,0,0,0,0,0,0,24000,0,0,0,30000,6000,24000,24000
056621,宏達電永豐98購01,0,0,0,0,0,0,0,0,0,24000,0,0,0,76000,52000,24000,24000
056644,宏達電凱基98購04,0,0,0,0,0,0,0,0,0,24000,0,0,0,44000,20000,24000,24000
05885P,牧德統一96售01  ,0,0,0,0,0,0,0,0,0,24000,0,0,0,74000,50000,24000,24000
056183,南亞科統一97購02,0,0,0,0,0,0,0,0,0,24000,0,0,0,24000,0,24000,24000
056116,義隆群益97購02  ,0,0,0,0,0,0,0,0,0,24000,0,0,0,47000,23000,24000,24000
055257,景碩統一97購01  ,0,0,0,0,0,0,0,0,0,24000,0,0,0,24000,0,24000,24000
05514P,康舒永豐96售01  ,0,0,0,0,0,0,0,0,0,24000,0,0,0,44000,20000,24000,24000
055437,禾伸堂中信99購01,0,0,0,0,0,0,0,0,0,24000,0,0,0,107000,83000,24000,24000
048176,美利達國泰94購01,0,0,0,0,0,0,0,0,0,24000,0,0,0,32000,8000,24000,24000
04323P,強茂元大93售02  ,0,0,0,0,0,0,0,0,0,24000,0,0,0,24000,0,24000,24000
03932P,欣興統一93售01  ,0,0,0,0,0,0,0,0,0,24000,0,0,0,40000,16000,24000,24000
051579,宏碁元大95購01  ,0,0,0,0,0,0,0,0,0,24000,0,0,0,26000,2000,24000,24000
051633,可成國票96購03  ,0,0,0,0,0,0,0,0,0,24000,0,0,0,98000,74000,24000,24000
051947,矽力統一95購01  ,0,0,0,0,0,0,0,0,0,24000,0,0,0,54000,30000,24000,24000
052221,東元凱基95購01  ,0,0,0,0,0,0,0,0,0,24000,0,0,0,40000,16000,24000,24000
052685,技嘉元大96購01  ,0,0,0,0,0,0,0,0,0,24000,0,0,0,37000,13000,24000,24000
052520,南亞科元大95購06,0,0,0,0,0,0,0,0,0,24000,0,0,0,25000,1000,24000,24000
053363,旺宏國泰98購02  ,0,0,0,0,0,0,0,0,0,24000,0,0,0,104000,80000,24000,24000
054995,宏盛元富97購01  ,0,0,0,0,0,0,0,0,0,24000,0,0,0,50000,26000,24000,24000
054456,華泰群益99購01  ,0,0,0,0,0,0,0,0,0,24000,0,0,0,80000,56000,24000,24000
054319,世紀鋼凱基96購02,0,0,0,0,0,0,0,0,0,24000,0,0,0,24000,0,24000,24000
053952,南亞科台新96購01,0,0,0,0,0,0,0,0,0,24000,0,0,0,38000,14000,24000,24000
2882A,國泰特          ,0,0,0,0,0,0,0,0,0,24000,24000,0,24000,0,0,0,24000
2413,環科            ,33000,10000,23000,0,0,0,0,0,0,1000,1000,0,1000,0,0,0,24000
8261,富鼎            ,42000,18000,24000,0,0,0,0,0,0,0,0,0,0,0,0,0,24000
6525,捷敏-KY         ,36000,13000,23000,0,0,0,0,0,0,1000,1000,0,1000,0,0,0,24000
055445,旺宏統一99購01  ,0,0,0,0,0,0,0,0,0,23000,0,0,0,58000,35000,23000,23000
055049,智邦永豐97購01  ,0,0,0,0,0,0,0,0,0,23000,0,0,0,91000,68000,23000,23000
055246,美律統一98購01  ,0,0,0,0,0,0,0,0,0,23000,0,0,0,33000,10000,23000,23000
05611P,康控群益96售02  ,0,0,0,0,0,0,0,0,0,23000,0,0,0,23000,0,23000,23000
056209,超眾永豐97購02  ,0,0,0,0,0,0,0,0,0,23000,0,0,0,53000,30000,23000,23000
055748,GIS元富97購01   ,0,0,0,0,0,0,0,0,0,23000,0,0,0,30000,7000,23000,23000
056478,晶技元大99購01  ,0,0,0,0,0,0,0,0,0,23000,0,0,0,23000,0,23000,23000
042168,台灣50凱基96購01,0,0,0,0,0,0,0,0,0,23000,0,0,0,25000,2000,23000,23000
045694,智邦兆豐93購05  ,0,0,0,0,0,0,0,0,0,23000,0,0,0,38000,15000,23000,23000
045189,大立光元富98購01,0,0,0,0,0,0,0,0,0,23000,0,0,0,53000,30000,23000,23000
047752,健鼎元富93購01  ,0,0,0,0,0,0,0,0,0,23000,0,0,0,23000,0,23000,23000
051433,中磊元富95購01  ,0,0,0,0,0,0,0,0,0,23000,0,0,0,43000,20000,23000,23000
047052,大毅國票93購01  ,0,0,0,0,0,0,0,0,0,23000,0,0,0,23000,0,23000,23000
047557,麗豐凱基94購02  ,0,0,0,0,0,0,0,0,0,23000,0,0,0,23000,0,23000,23000
051991,泰碩元大95購02  ,0,0,0,0,0,0,0,0,0,23000,0,0,0,62000,39000,23000,23000
048624,美律台新93購01  ,0,0,0,0,0,0,0,0,0,23000,0,0,0,113000,90000,23000,23000
049357,微星富邦94購01  ,0,0,0,0,0,0,0,0,0,23000,0,0,0,65000,42000,23000,23000
051471,國巨凱基97購01  ,0,0,0,0,0,0,0,0,0,23000,0,0,0,23000,0,23000,23000
049681,旺宏統一94購04  ,0,0,0,0,0,0,0,0,0,23000,0,0,0,74000,51000,23000,23000
050150,國巨群益95購01  ,0,0,0,0,0,0,0,0,0,23000,0,0,0,23000,0,23000,23000
049453,新日興統一94購01,0,0,0,0,0,0,0,0,0,23000,0,0,0,41000,18000,23000,23000
049855,台表科群益94購01,0,0,0,0,0,0,0,0,0,23000,0,0,0,23000,0,23000,23000
048860,玉晶光群益96購03,0,0,0,0,0,0,0,0,0,23000,0,0,0,47000,24000,23000,23000
049042,玉晶光兆豐95購01,0,0,0,0,0,0,0,0,0,23000,0,0,0,170000,147000,23000,23000
053846,友達元富99購02  ,0,0,0,0,0,0,0,0,0,23000,0,0,0,30000,7000,23000,23000
052957,T50反1凱基99購01,0,0,0,0,0,0,0,0,0,23000,0,0,0,69000,46000,23000,23000
910322,康師傅-DR       ,25000,2000,23000,0,0,0,0,0,0,0,0,0,0,0,0,0,23000
6184,大豐電          ,25000,2000,23000,0,0,0,0,0,0,0,0,0,0,0,0,0,23000
2204,中華            ,144000,120000,24000,0,0,0,0,0,0,-1000,0,1000,-1000,0,0,0,23000
1737,臺鹽            ,28000,5000,23000,0,0,0,0,0,0,0,0,0,0,0,0,0,23000
2431,聯昌            ,28000,6000,22000,0,0,0,0,0,0,1000,1000,0,1000,0,0,0,23000
2436,偉詮電          ,40000,17000,23000,0,0,0,0,0,0,0,0,0,0,0,0,0,23000
06404P,鴻海元富97售16  ,0,0,0,0,0,0,0,0,0,23000,0,0,0,24000,1000,23000,23000
056463,台虹凱基98購02  ,0,0,0,0,0,0,0,0,0,22000,0,0,0,143000,121000,22000,22000
056598,京元電元富98購01,0,0,0,0,0,0,0,0,0,22000,0,0,0,82000,60000,22000,22000
056916,台達電兆豐98購02,0,0,0,0,0,0,0,0,0,22000,0,0,0,22000,0,22000,22000
056938,泰碩元富98購01  ,0,0,0,0,0,0,0,0,0,22000,0,0,0,22000,0,22000,22000
056086,奇力新統一98購01,0,0,0,0,0,0,0,0,0,22000,0,0,0,187000,165000,22000,22000
05604P,聯發科元大96售10,0,0,0,0,0,0,0,0,0,22000,0,0,0,513000,491000,22000,22000
055377,揚明光元大98購01,0,0,0,0,0,0,0,0,0,22000,0,0,0,32000,10000,22000,22000
05555P,健策群益98售01  ,0,0,0,0,0,0,0,0,0,22000,0,0,0,22000,0,22000,22000
046722,智邦元大93購02  ,0,0,0,0,0,0,0,0,0,22000,0,0,0,24000,2000,22000,22000
051324,康友國票96購01  ,0,0,0,0,0,0,0,0,0,22000,0,0,0,42000,20000,22000,22000
047986,明泰群益93購01  ,0,0,0,0,0,0,0,0,0,22000,0,0,0,22000,0,22000,22000
047724,智邦群益93購03  ,0,0,0,0,0,0,0,0,0,22000,0,0,0,22000,0,22000,22000
04201P,智原群益93售01  ,0,0,0,0,0,0,0,0,0,22000,0,0,0,22000,0,22000,22000
04177P,富邦金元大94售01,0,0,0,0,0,0,0,0,0,22000,0,0,0,22000,0,22000,22000
048689,台光電群益94購01,0,0,0,0,0,0,0,0,0,22000,0,0,0,22000,0,22000,22000
049574,新日興統一94購03,0,0,0,0,0,0,0,0,0,22000,0,0,0,22000,0,22000,22000
049892,國巨富邦96購01  ,0,0,0,0,0,0,0,0,0,22000,0,0,0,28000,6000,22000,22000
051619,智邦凱基95購07  ,0,0,0,0,0,0,0,0,0,22000,0,0,0,22000,0,22000,22000
049156,緯穎元大96購01  ,0,0,0,0,0,0,0,0,0,22000,0,0,0,53000,31000,22000,22000
049462,康友元富94購01  ,0,0,0,0,0,0,0,0,0,22000,0,0,0,22000,0,22000,22000
05080P,亞光永豐95售02  ,0,0,0,0,0,0,0,0,0,22000,0,0,0,22000,0,22000,22000
050593,台表科永豐94購03,0,0,0,0,0,0,0,0,0,22000,0,0,0,72000,50000,22000,22000
05087P,GIS國泰96售01   ,0,0,0,0,0,0,0,0,0,22000,0,0,0,22000,0,22000,22000
052759,京元電群益96購01,0,0,0,0,0,0,0,0,0,22000,0,0,0,22000,0,22000,22000
052328,台表科中信99購01,0,0,0,0,0,0,0,0,0,22000,0,0,0,84000,62000,22000,22000
052290,鴻海元富97購01  ,0,0,0,0,0,0,0,0,0,22000,0,0,0,52000,30000,22000,22000
052256,台泥國泰96購01  ,0,0,0,0,0,0,0,0,0,22000,0,0,0,22000,0,22000,22000
052247,深中小永豐95購01,0,0,0,0,0,0,0,0,0,22000,0,0,0,32000,10000,22000,22000
053079,世紀鋼永豐96購01,0,0,0,0,0,0,0,0,0,22000,0,0,0,432000,410000,22000,22000
053787,健策元大97購02  ,0,0,0,0,0,0,0,0,0,22000,0,0,0,497000,475000,22000,22000
053922,亞光國票96購01  ,0,0,0,0,0,0,0,0,0,22000,0,0,0,28000,6000,22000,22000
054343,世紀鋼元富96購02,0,0,0,0,0,0,0,0,0,22000,0,0,0,22000,0,22000,22000
055011,元翎元富97購01  ,0,0,0,0,0,0,0,0,0,22000,0,0,0,32000,10000,22000,22000
06083P,華通統一98售02  ,0,0,0,0,0,0,0,0,0,22000,0,0,0,28000,6000,22000,22000
06040P,亞光康和96售03  ,0,0,0,0,0,0,0,0,0,22000,0,0,0,22000,0,22000,22000
05967P,臺股指麥證96售02,0,0,0,25000,3000,22000,0,0,0,22000,0,0,0,25000,3000,22000,22000
2467,志聖            ,35000,14000,21000,0,0,0,0,0,0,1000,1000,0,1000,0,0,0,22000
2493,揚博            ,29000,7000,22000,0,0,0,0,0,0,0,0,0,0,0,0,0,22000
6409,旭隼            ,60800,39000,21800,0,0,0,0,0,0,0,0,0,0,0,0,0,21800
055480,元上證元大97購02,0,0,0,0,0,0,0,0,0,21000,0,0,0,21000,0,21000,21000
05536P,奇力新元大96售03,0,0,0,0,0,0,0,0,0,21000,0,0,0,51000,30000,21000,21000
055225,華邦電國票99購01,0,0,0,0,0,0,0,0,0,21000,0,0,0,21000,0,21000,21000
05513P,玉山金台新96售01,0,0,0,0,0,0,0,0,0,21000,0,0,0,21000,0,21000,21000
056065,奇鋐元大97購01  ,0,0,0,0,0,0,0,0,0,21000,0,0,0,54000,33000,21000,21000
055990,矽創元富97購01  ,0,0,0,0,0,0,0,0,0,21000,0,0,0,116000,95000,21000,21000
056842,全新元富98購01  ,0,0,0,0,0,0,0,0,0,21000,0,0,0,21000,0,21000,21000
056271,嘉澤統一97購01  ,0,0,0,0,0,0,0,0,0,21000,0,0,0,79000,58000,21000,21000
040160,SP黃豆元富95購01,0,0,0,0,0,0,0,0,0,21000,0,0,0,22000,1000,21000,21000
00683L,元大美元指數正2 ,0,0,0,0,0,0,0,0,0,21000,0,0,0,61000,40000,21000,21000
044022,健策凱基93購02  ,0,0,0,0,0,0,0,0,0,21000,0,0,0,21000,0,21000,21000
047355,世紀鋼凱基94購01,0,0,0,0,0,0,0,0,0,21000,0,0,0,21000,0,21000,21000
047722,南電凱基94購02  ,0,0,0,0,0,0,0,0,0,21000,0,0,0,21000,0,21000,21000
046335,矽創元大92購04  ,0,0,0,0,0,0,0,0,0,21000,0,0,0,21000,0,21000,21000
048075,美利達元富93購02,0,0,0,0,0,0,0,0,0,21000,0,0,0,21000,0,21000,21000
047839,景碩元大93購03  ,0,0,0,0,0,0,0,0,0,21000,0,0,0,21000,0,21000,21000
046235,台表科元大92購03,0,0,0,0,0,0,0,0,0,21000,0,0,0,41000,20000,21000,21000
047078,上海銀兆豐93購01,0,0,0,0,0,0,0,0,0,21000,0,0,0,21000,0,21000,21000
04691P,智邦群益94售02  ,0,0,0,0,0,0,0,0,0,21000,0,0,0,21000,0,21000,21000
048630,南亞元大93購01  ,0,0,0,0,0,0,0,0,0,21000,0,0,0,22000,1000,21000,21000
049443,元石油統一94購02,0,0,0,0,0,0,0,0,0,21000,0,0,0,21000,0,21000,21000
050024,旺宏元大94購09  ,0,0,0,0,0,0,0,0,0,21000,0,0,0,34000,13000,21000,21000
049272,世紀鋼元大96購02,0,0,0,0,0,0,0,0,0,21000,0,0,0,51000,30000,21000,21000
048757,美利達元富96購01,0,0,0,0,0,0,0,0,0,21000,0,0,0,21000,0,21000,21000
048850,聯電群益96購01  ,0,0,0,0,0,0,0,0,0,21000,0,0,0,197000,176000,21000,21000
048889,牧德元富94購03  ,0,0,0,0,0,0,0,0,0,21000,0,0,0,33000,12000,21000,21000
054785,建準群益98購01  ,0,0,0,0,0,0,0,0,0,21000,0,0,0,24000,3000,21000,21000
054809,大成鋼元大97購01,0,0,0,0,0,0,0,0,0,21000,0,0,0,412000,391000,21000,21000
05484P,台積電凱基95售18,0,0,0,0,0,0,0,0,0,21000,0,0,0,41000,20000,21000,21000
053405,台達電兆豐96購01,0,0,0,0,0,0,0,0,0,21000,0,0,0,89000,68000,21000,21000
1529,樂士            ,12000,1000,11000,0,0,0,0,0,0,10000,10000,0,10000,0,0,0,21000
1442,名軒            ,27000,6000,21000,0,0,0,0,0,0,0,0,0,0,0,0,0,21000
06174P,國巨元大97售07  ,0,0,0,0,0,0,0,0,0,21000,0,0,0,75000,54000,21000,21000
06105P,國巨國票98售02  ,0,0,0,0,0,0,0,0,0,21000,0,0,0,38000,17000,21000,21000
06409P,康友元富97售03  ,0,0,0,0,0,0,0,0,0,21000,0,0,0,21000,0,21000,21000
06603P,立積統一99售01  ,0,0,0,0,0,0,0,0,0,21000,0,0,0,21000,0,21000,21000
05627P,致伸國票97售01  ,0,0,0,0,0,0,0,0,0,20000,0,0,0,20000,0,20000,20000
056449,義隆凱基98購03  ,0,0,0,0,0,0,0,0,0,20000,0,0,0,40000,20000,20000,20000
056468,鴻海元大98購07  ,0,0,0,0,0,0,0,0,0,20000,0,0,0,27000,7000,20000,20000
056723,國巨中信9A購01  ,0,0,0,0,0,0,0,0,0,20000,0,0,0,50000,30000,20000,20000
056574,亞光元大99購03  ,0,0,0,0,0,0,0,0,0,20000,0,0,0,74000,54000,20000,20000
056638,臺股指日盛98購01,0,0,0,0,0,0,0,0,0,20000,0,0,0,20000,0,20000,20000
056619,強茂永豐98購01  ,0,0,0,0,0,0,0,0,0,20000,0,0,0,30000,10000,20000,20000
056655,旺宏元大99購02  ,0,0,0,0,0,0,0,0,0,20000,0,0,0,31000,11000,20000,20000
056670,樺漢國票99購01  ,0,0,0,0,0,0,0,0,0,20000,0,0,0,324000,304000,20000,20000
056680,華通統一98購04  ,0,0,0,0,0,0,0,0,0,20000,0,0,0,30000,10000,20000,20000
056920,友達兆豐98購02  ,0,0,0,0,0,0,0,0,0,20000,0,0,0,70000,50000,20000,20000
056953,智邦富邦98購02  ,0,0,0,0,0,0,0,0,0,20000,0,0,0,20000,0,20000,20000
056910,超眾元大99購02  ,0,0,0,0,0,0,0,0,0,20000,0,0,0,50000,30000,20000,20000
056924,亞光兆豐98購01  ,0,0,0,0,0,0,0,0,0,20000,0,0,0,20000,0,20000,20000
056868,奇力新麥證98購01,0,0,0,51000,31000,20000,0,0,0,20000,0,0,0,51000,31000,20000,20000
05883P,致伸永豐96售03  ,0,0,0,0,0,0,0,0,0,20000,0,0,0,20000,0,20000,20000
05900P,臺股指凱基99售05,0,0,0,0,0,0,0,0,0,20000,0,0,0,120000,100000,20000,20000
05841P,華通元大96售04  ,0,0,0,0,0,0,0,0,0,20000,0,0,0,20000,0,20000,20000
05861P,瀚宇博永豐96售02,0,0,0,0,0,0,0,0,0,20000,0,0,0,20000,0,20000,20000
056002,嘉晶永豐97購01  ,0,0,0,0,0,0,0,0,0,20000,0,0,0,20000,0,20000,20000
055731,美律元富97購01  ,0,0,0,0,0,0,0,0,0,20000,0,0,0,20000,0,20000,20000
055652,聯詠元富01購01  ,0,0,0,0,0,0,0,0,0,20000,0,0,0,20000,0,20000,20000
055917,禾伸堂凱基98購02,0,0,0,0,0,0,0,0,0,20000,0,0,0,30000,10000,20000,20000
055878,泰碩元富97購02  ,0,0,0,0,0,0,0,0,0,20000,0,0,0,30000,10000,20000,20000
055233,康友國票98購01  ,0,0,0,0,0,0,0,0,0,20000,0,0,0,44000,24000,20000,20000
055512,聯詠兆豐97購01  ,0,0,0,0,0,0,0,0,0,20000,0,0,0,40000,20000,20000,20000
055517,國巨中信97購03  ,0,0,0,0,0,0,0,0,0,20000,0,0,0,20000,0,20000,20000
055566,台表科凱基97購03,0,0,0,0,0,0,0,0,0,20000,0,0,0,30000,10000,20000,20000
046938,致茂元大93購02  ,0,0,0,0,0,0,0,0,0,20000,0,0,0,30000,10000,20000,20000
046433,康友中信92購01  ,0,0,0,0,0,0,0,0,0,20000,0,0,0,20000,0,20000,20000
047872,貿聯永豐93購02  ,0,0,0,0,0,0,0,0,0,20000,0,0,0,50000,30000,20000,20000
047941,義隆國票94購02  ,0,0,0,0,0,0,0,0,0,20000,0,0,0,20000,0,20000,20000
04616P,臺股指群益95售02,0,0,0,0,0,0,0,0,0,20000,0,0,0,20000,0,20000,20000
046165,中磊兆豐93購01  ,0,0,0,0,0,0,0,0,0,20000,0,0,0,20000,0,20000,20000
046186,南亞科凱基92購03,0,0,0,0,0,0,0,0,0,20000,0,0,0,30000,10000,20000,20000
048416,台達電統一93購02,0,0,0,0,0,0,0,0,0,20000,0,0,0,20000,0,20000,20000
046794,智伸科元富93購01,0,0,0,0,0,0,0,0,0,20000,0,0,0,20000,0,20000,20000
046600,鴻海群益94購01  ,0,0,0,0,0,0,0,0,0,20000,0,0,0,20000,0,20000,20000
046658,微星元大93購01  ,0,0,0,0,0,0,0,0,0,20000,0,0,0,20000,0,20000,20000
048547,訊芯永豐93購03  ,0,0,0,0,0,0,0,0,0,20000,0,0,0,20000,0,20000,20000
047843,超眾元大93購02  ,0,0,0,0,0,0,0,0,0,20000,0,0,0,20000,0,20000,20000
051116,可成麥證95購01  ,0,0,0,20000,0,20000,0,0,0,20000,0,0,0,20000,0,20000,20000
048045,上銀永豐93購02  ,0,0,0,0,0,0,0,0,0,20000,0,0,0,20000,0,20000,20000
048018,南亞科麥證93購01,0,0,0,50000,30000,20000,0,0,0,20000,0,0,0,50000,30000,20000,20000
04817P,創意國票95售02  ,0,0,0,0,0,0,0,0,0,20000,0,0,0,20000,0,20000,20000
048231,台表科凱基93購06,0,0,0,0,0,0,0,0,0,20000,0,0,0,20000,0,20000,20000
047802,滬深2X凱基95購03,0,0,0,0,0,0,0,0,0,20000,0,0,0,20000,0,20000,20000
046308,廣達元大92購02  ,0,0,0,0,0,0,0,0,0,20000,0,0,0,20000,0,20000,20000
046390,旺宏統一94購02  ,0,0,0,0,0,0,0,0,0,20000,0,0,0,20000,0,20000,20000
047321,日月光元大93購03,0,0,0,0,0,0,0,0,0,20000,0,0,0,20000,0,20000,20000
047322,日月光元大93購04,0,0,0,0,0,0,0,0,0,20000,0,0,0,20000,0,20000,20000
042941,永冠國票93購01  ,0,0,0,0,0,0,0,0,0,20000,0,0,0,20000,0,20000,20000
043757,欣興元大93購01  ,0,0,0,0,0,0,0,0,0,20000,0,0,0,21000,1000,20000,20000
047121,訊芯元大93購03  ,0,0,0,0,0,0,0,0,0,20000,0,0,0,20000,0,20000,20000
04421P,玉晶光永豐94售02,0,0,0,0,0,0,0,0,0,20000,0,0,0,20000,0,20000,20000
04411P,智易統一96售01  ,0,0,0,0,0,0,0,0,0,20000,0,0,0,20000,0,20000,20000
046131,矽創元大92購03  ,0,0,0,0,0,0,0,0,0,20000,0,0,0,20000,0,20000,20000
044402,景碩凱基93購01  ,0,0,0,0,0,0,0,0,0,20000,0,0,0,20000,0,20000,20000
04490P,聯發科台新94售02,0,0,0,0,0,0,0,0,0,20000,0,0,0,70000,50000,20000,20000
045001,旺宏富邦94購01  ,0,0,0,0,0,0,0,0,0,20000,0,0,0,20000,0,20000,20000
00731,FH富時高息低波  ,0,0,0,0,0,0,0,0,0,20000,0,0,0,124000,104000,20000,20000
042604,國泰金富邦92購01,0,0,0,0,0,0,0,0,0,20000,0,0,0,20000,0,20000,20000
04194P,欣興永豐93售05  ,0,0,0,0,0,0,0,0,0,20000,0,0,0,20000,0,20000,20000
042196,元油2X元大93購02,0,0,0,0,0,0,0,0,0,20000,0,0,0,20000,0,20000,20000
04567P,臺股指凱基95售01,0,0,0,0,0,0,0,0,0,20000,0,0,0,20000,0,20000,20000
042801,達邁元大93購01  ,0,0,0,0,0,0,0,0,0,20000,0,0,0,20000,0,20000,20000
046068,國泰金凱基92購02,0,0,0,0,0,0,0,0,0,20000,0,0,0,20000,0,20000,20000
045952,台郡日盛92購01  ,0,0,0,0,0,0,0,0,0,20000,0,0,0,20000,0,20000,20000
04596P,臺股指元大94售14,0,0,0,0,0,0,0,0,0,20000,0,0,0,20000,0,20000,20000
03875P,滬深2X國票05售01,0,0,0,0,0,0,0,0,0,20000,0,0,0,20000,0,20000,20000
048731,創意麥證94購01  ,0,0,0,20000,0,20000,0,0,0,20000,0,0,0,20000,0,20000,20000
051804,新光金日盛95購01,0,0,0,0,0,0,0,0,0,20000,0,0,0,20000,0,20000,20000
051748,超眾國泰96購01  ,0,0,0,0,0,0,0,0,0,20000,0,0,0,30000,10000,20000,20000
05168P,鴻海元大95售14  ,0,0,0,0,0,0,0,0,0,20000,0,0,0,20000,0,20000,20000
049038,高鐵兆豐94購01  ,0,0,0,0,0,0,0,0,0,20000,0,0,0,22000,2000,20000,20000
048650,台表科元大93購05,0,0,0,0,0,0,0,0,0,20000,0,0,0,28000,8000,20000,20000
049290,元油2X群益94購02,0,0,0,0,0,0,0,0,0,20000,0,0,0,20000,0,20000,20000
04960P,大立光凱基96售04,0,0,0,0,0,0,0,0,0,20000,0,0,0,20000,0,20000,20000
049158,元油2X中信94購03,0,0,0,0,0,0,0,0,0,20000,0,0,0,20000,0,20000,20000
051375,道瓊反群益9A購01,0,0,0,0,0,0,0,0,0,20000,0,0,0,20000,0,20000,20000
049191,元油2X永豐95購01,0,0,0,0,0,0,0,0,0,20000,0,0,0,20000,0,20000,20000
05136P,台積電凱基95售08,0,0,0,0,0,0,0,0,0,20000,0,0,0,20000,0,20000,20000
050735,亞光台新94購01  ,0,0,0,0,0,0,0,0,0,20000,0,0,0,20000,0,20000,20000
049967,華新科國票94購07,0,0,0,0,0,0,0,0,0,20000,0,0,0,34000,14000,20000,20000
05097P,聯發科日盛95售01,0,0,0,0,0,0,0,0,0,20000,0,0,0,20000,0,20000,20000
050982,台積電國泰96購04,0,0,0,0,0,0,0,0,0,20000,0,0,0,21000,1000,20000,20000
050959,元金2X永豐95購02,0,0,0,0,0,0,0,0,0,20000,0,0,0,41000,21000,20000,20000
049851,致伸群益94購03  ,0,0,0,0,0,0,0,0,0,20000,0,0,0,20000,0,20000,20000
049063,緯穎日盛94購01  ,0,0,0,0,0,0,0,0,0,20000,0,0,0,20000,0,20000,20000
051245,南亞科元大95購01,0,0,0,0,0,0,0,0,0,20000,0,0,0,21000,1000,20000,20000
050141,國巨統一94購07  ,0,0,0,0,0,0,0,0,0,20000,0,0,0,20000,0,20000,20000
049741,創意群益94購02  ,0,0,0,0,0,0,0,0,0,20000,0,0,0,20000,0,20000,20000
050554,百和凱基95購01  ,0,0,0,0,0,0,0,0,0,20000,0,0,0,50000,30000,20000,20000
050504,全新凱基94購03  ,0,0,0,0,0,0,0,0,0,20000,0,0,0,132000,112000,20000,20000
050831,超眾凱基95購01  ,0,0,0,0,0,0,0,0,0,20000,0,0,0,20000,0,20000,20000
052818,智邦永豐96購01  ,0,0,0,0,0,0,0,0,0,20000,0,0,0,142000,122000,20000,20000
050884,聯茂國泰96購01  ,0,0,0,0,0,0,0,0,0,20000,0,0,0,20000,0,20000,20000
050934,喬山國票96購01  ,0,0,0,0,0,0,0,0,0,20000,0,0,0,20000,0,20000,20000
050162,中環國泰95購01  ,0,0,0,0,0,0,0,0,0,20000,0,0,0,80000,60000,20000,20000
049338,台達電統一94購04,0,0,0,0,0,0,0,0,0,20000,0,0,0,30000,10000,20000,20000
050171,臺指反元大97購03,0,0,0,0,0,0,0,0,0,20000,0,0,0,70000,50000,20000,20000
050164,揚明光國泰95購01,0,0,0,0,0,0,0,0,0,20000,0,0,0,20000,0,20000,20000
052037,全新國泰96購02  ,0,0,0,0,0,0,0,0,0,20000,0,0,0,20000,0,20000,20000
052024,臺股指永豐95購04,0,0,0,0,0,0,0,0,0,20000,0,0,0,40000,20000,20000,20000
052219,大立光日盛95購02,0,0,0,0,0,0,0,0,0,20000,0,0,0,20000,0,20000,20000
052215,樺漢元大96購02  ,0,0,0,0,0,0,0,0,0,20000,0,0,0,24000,4000,20000,20000
052047,建準凱基96購01  ,0,0,0,0,0,0,0,0,0,20000,0,0,0,20000,0,20000,20000
052128,聯發科日盛95購03,0,0,0,0,0,0,0,0,0,20000,0,0,0,20000,0,20000,20000
053632,新唐兆豐96購01  ,0,0,0,0,0,0,0,0,0,20000,0,0,0,20000,0,20000,20000
053603,臺股指元大96購20,0,0,0,0,0,0,0,0,0,20000,0,0,0,20000,0,20000,20000
053611,聯茂麥證96購01  ,0,0,0,60000,40000,20000,0,0,0,20000,0,0,0,60000,40000,20000,20000
053582,英業達元大97購01,0,0,0,0,0,0,0,0,0,20000,0,0,0,110000,90000,20000,20000
053057,聯電國泰97購02  ,0,0,0,0,0,0,0,0,0,20000,0,0,0,30000,10000,20000,20000
053303,建準凱基96購03  ,0,0,0,0,0,0,0,0,0,20000,0,0,0,20000,0,20000,20000
052316,台積電元大96購10,0,0,0,0,0,0,0,0,0,20000,0,0,0,80000,60000,20000,20000
052308,大立光國泰97購02,0,0,0,0,0,0,0,0,0,20000,0,0,0,20000,0,20000,20000
052522,聯發科元大96購05,0,0,0,0,0,0,0,0,0,20000,0,0,0,20000,0,20000,20000
05253P,智邦凱基95售08  ,0,0,0,0,0,0,0,0,0,20000,0,0,0,120000,100000,20000,20000
052580,高鐵元富96購01  ,0,0,0,0,0,0,0,0,0,20000,0,0,0,20000,0,20000,20000
052476,台光電群益98購01,0,0,0,0,0,0,0,0,0,20000,0,0,0,37000,17000,20000,20000
052457,日月光元富95購01,0,0,0,0,0,0,0,0,0,20000,0,0,0,20000,0,20000,20000
054935,華通元大98購03  ,0,0,0,0,0,0,0,0,0,20000,0,0,0,72000,52000,20000,20000
054414,全新元大97購02  ,0,0,0,0,0,0,0,0,0,20000,0,0,0,100000,80000,20000,20000
05439P,聯發科國票95售06,0,0,0,0,0,0,0,0,0,20000,0,0,0,30000,10000,20000,20000
054483,聯電台新96購01  ,0,0,0,0,0,0,0,0,0,20000,0,0,0,20000,0,20000,20000
054349,同欣電國票97購02,0,0,0,0,0,0,0,0,0,20000,0,0,0,32000,12000,20000,20000
054273,宏達電中信98購01,0,0,0,0,0,0,0,0,0,20000,0,0,0,86000,66000,20000,20000
054270,寶滬深中信98購01,0,0,0,0,0,0,0,0,0,20000,0,0,0,20000,0,20000,20000
054178,中磊台新97購01  ,0,0,0,0,0,0,0,0,0,20000,0,0,0,47000,27000,20000,20000
05405P,大立光群益95售04,0,30000,-30000,0,0,0,0,0,0,50000,0,0,0,53000,3000,50000,20000
053916,漢唐國票97購04  ,0,0,0,0,0,0,0,0,0,20000,0,0,0,20000,0,20000,20000
054038,T50反1元大98購04,0,0,0,0,0,0,0,0,0,20000,0,0,0,20000,0,20000,20000
06618P,智邦元大98售04  ,0,0,0,0,0,0,0,0,0,20000,0,0,0,20000,0,20000,20000
06457P,玉晶光統一98售02,0,0,0,0,0,0,0,0,0,20000,0,0,0,20000,0,20000,20000
06460P,亞德客元富98售02,0,0,0,0,0,0,0,0,0,20000,0,0,0,20000,0,20000,20000
06312P,樺漢元富97售02  ,0,0,0,0,0,0,0,0,0,20000,0,0,0,30000,10000,20000,20000
06385P,聯發科永豐97售02,0,0,0,0,0,0,0,0,0,20000,0,0,0,20000,0,20000,20000
06148P,台積電元大97售17,0,0,0,0,0,0,0,0,0,20000,0,0,0,331000,311000,20000,20000
06159P,牧德元富97售02  ,0,0,0,0,0,0,0,0,0,20000,0,0,0,60000,40000,20000,20000
06211P,鴻海元大98售04  ,0,0,0,0,0,0,0,0,0,20000,0,0,0,20000,0,20000,20000
05931P,鴻海凱基96售15  ,0,0,0,0,0,0,0,0,0,20000,0,0,0,20000,0,20000,20000
06050P,玉晶光國票98售01,0,0,0,0,0,0,0,0,0,20000,0,0,0,23000,3000,20000,20000
06092P,嘉聯益統一97售01,0,0,0,0,0,0,0,0,0,20000,0,0,0,20000,0,20000,20000
06086P,台積電康和97售01,0,0,0,0,0,0,0,0,0,20000,0,0,0,20000,0,20000,20000
1786,科妍            ,26000,6000,20000,0,0,0,0,0,0,0,0,0,0,0,0,0,20000
1905,華紙            ,172000,152000,20000,0,0,0,0,0,0,0,0,0,0,0,0,0,20000
2855,統一證          ,188000,168000,20000,0,0,0,0,0,0,0,0,0,0,0,0,0,20000
3346,麗清            ,22000,2000,20000,0,0,0,0,0,0,0,0,0,0,0,0,0,20000
3356,奇偶            ,23000,4000,19000,0,0,0,0,0,0,1000,1000,0,1000,0,0,0,20000
6416,瑞祺電通        ,307000,183000,124000,0,0,0,20000,0,20000,-124000,7000,131000,-124000,0,0,0,20000
8110,華東            ,138000,119000,19000,0,0,0,0,0,0,1000,1000,0,1000,0,0,0,20000
6024,群益期          ,23000,3000,20000,0,0,0,0,0,0,0,0,0,0,0,0,0,20000
4956,光鋐            ,30000,10000,20000,0,0,0,0,0,0,0,0,0,0,0,0,0,20000
05901P,臺股指凱基9C售01,0,0,0,0,0,0,0,0,0,19000,0,0,0,306000,287000,19000,19000
05766P,A50正2凱基99售01,0,0,0,0,0,0,0,0,0,19000,0,0,0,177000,158000,19000,19000
05679P,台表科群益96售05,0,0,0,0,0,0,0,0,0,19000,0,0,0,63000,44000,19000,19000
056339,聯發科凱基99購02,0,0,0,0,0,0,0,0,0,19000,0,0,0,19000,0,19000,19000
04178P,聯茂元大93售07  ,0,0,0,0,0,0,0,0,0,19000,0,0,0,19000,0,19000,19000
048073,南電元富93購02  ,0,0,0,0,0,0,0,0,0,19000,0,0,0,20000,1000,19000,19000
048498,嘉澤元大94購01  ,0,0,0,0,0,0,0,0,0,19000,0,0,0,19000,0,19000,19000
048471,旭富永豐93購01  ,0,0,0,0,0,0,0,0,0,19000,0,0,0,39000,20000,19000,19000
04625P,燿華元大94售03  ,0,0,0,0,0,0,0,0,0,19000,0,0,0,41000,22000,19000,19000
047897,可成群益94購01  ,0,0,0,0,0,0,0,0,0,19000,0,0,0,220000,201000,19000,19000
05040P,聯發科凱基95售05,0,0,0,0,0,0,0,0,0,19000,0,0,0,20000,1000,19000,19000
049814,超眾元大95購04  ,0,0,0,0,0,0,0,0,0,19000,0,0,0,44000,25000,19000,19000
049436,義隆國泰96購02  ,0,0,0,0,0,0,0,0,0,19000,0,0,0,19000,0,19000,19000
051233,力成群益97購01  ,0,0,0,0,0,0,0,0,0,19000,0,0,0,24000,5000,19000,19000
051248,華固元大95購01  ,0,0,0,0,0,0,0,0,0,19000,0,0,0,19000,0,19000,19000
049101,聯詠國泰95購01  ,0,0,0,0,0,0,0,0,0,19000,0,0,0,19000,0,19000,19000
050996,隆達元大95購01  ,0,0,0,0,0,0,0,0,0,19000,0,0,0,122000,103000,19000,19000
051543,鈺齊國票96購01  ,0,0,0,0,0,0,0,0,0,19000,0,0,0,77000,58000,19000,19000
049534,華擎永豐94購02  ,0,0,0,0,0,0,0,0,0,19000,0,0,0,25000,6000,19000,19000
051708,創意群益95購02  ,0,0,0,0,0,0,0,0,0,19000,0,0,0,42000,23000,19000,19000
054099,TPK國票98購01   ,0,0,0,0,0,0,0,0,0,19000,0,0,0,69000,50000,19000,19000
054479,緯創中信98購01  ,0,0,0,0,0,0,0,0,0,19000,0,0,0,38000,19000,19000,19000
052295,揚明光國票96購03,0,0,0,0,0,0,0,0,0,19000,0,0,0,38000,19000,19000,19000
052347,GIS凱基95購05   ,0,0,0,0,0,0,0,0,0,19000,0,0,0,33000,14000,19000,19000
052345,矽力凱基95購01  ,0,0,0,0,0,0,0,0,0,19000,0,0,0,30000,11000,19000,19000
9930,中聯資源        ,25000,6000,19000,0,0,0,0,0,0,0,0,0,0,0,0,0,19000
3013,晟銘電          ,21000,2000,19000,0,0,0,0,0,0,0,0,0,0,0,0,0,19000
2314,台揚            ,70000,51000,19000,0,0,0,0,0,0,0,0,0,0,0,0,0,19000
06010P,國泰金元富96售01,0,0,0,0,0,0,0,0,0,19000,0,0,0,23000,4000,19000,19000
05978P,麗豐永豐96售02  ,0,0,0,0,0,0,0,0,0,19000,0,0,0,41000,22000,19000,19000
056347,GIS凱基9A購01   ,0,0,0,0,0,0,0,0,0,18000,0,0,0,24000,6000,18000,18000
056257,聯茂元富97購04  ,0,0,0,0,0,0,0,0,0,18000,0,0,0,50000,32000,18000,18000
05719P,可成元大96售03  ,0,0,0,0,0,0,0,0,0,18000,0,0,0,167000,149000,18000,18000
055108,智邦凱基98購01  ,0,0,0,0,0,0,0,0,0,18000,0,0,0,27000,9000,18000,18000
056237,智邦群益97購02  ,0,0,0,0,0,0,0,0,0,18000,0,0,0,73000,55000,18000,18000
05919P,京鼎元大96售03  ,0,0,0,0,0,0,0,0,0,18000,0,0,0,28000,10000,18000,18000
047912,台郡麥證94購01  ,0,0,0,18000,0,18000,0,0,0,18000,0,0,0,18000,0,18000,18000
046588,大立光元大93購13,0,0,0,0,0,0,0,0,0,18000,0,0,0,24000,6000,18000,18000
048099,健策凱基93購06  ,0,0,0,0,0,0,0,0,0,18000,0,0,0,18000,0,18000,18000
048153,台積電兆豐94購01,0,0,0,0,0,0,0,0,0,18000,0,0,0,18000,0,18000,18000
051121,裕民群益97購01  ,0,0,0,0,0,0,0,0,0,18000,0,0,0,74000,56000,18000,18000
051395,聯詠兆豐95購01  ,0,0,0,0,0,0,0,0,0,18000,0,0,0,80000,62000,18000,18000
00733,富邦臺灣中小    ,0,0,0,0,0,0,0,0,0,18000,0,0,0,218000,200000,18000,18000
04581P,楠梓電康和94售03,0,0,0,0,0,0,0,0,0,18000,0,0,0,18000,0,18000,18000
045073,可成元大93購01  ,0,0,0,0,0,0,0,0,0,18000,0,0,0,48000,30000,18000,18000
043958,臻鼎元富94購01  ,0,0,0,0,0,0,0,0,0,18000,0,0,0,356000,338000,18000,18000
048320,聯詠凱基93購08  ,0,0,0,0,0,0,0,0,0,18000,0,0,0,18000,0,18000,18000
048735,美利達麥證95購01,0,0,0,31000,13000,18000,0,0,0,18000,0,0,0,31000,13000,18000,18000
048793,超眾元大95購02  ,0,0,0,0,0,0,0,0,0,18000,0,0,0,31000,13000,18000,18000
049048,玉晶光台新94購01,0,0,0,0,0,0,0,0,0,18000,0,0,0,144000,126000,18000,18000
051352,南亞科元大95購02,0,0,0,0,0,0,0,0,0,18000,0,0,0,142000,124000,18000,18000
049143,智邦元大94購02  ,0,0,0,0,0,0,0,0,0,18000,0,0,0,20000,2000,18000,18000
050728,新日興國票94購01,0,0,0,0,0,0,0,0,0,18000,0,0,0,18000,0,18000,18000
050992,台積電元大97購01,0,0,0,0,0,0,0,0,0,18000,0,0,0,23000,5000,18000,18000
050602,訊芯國泰96購01  ,0,0,0,0,0,0,0,0,0,18000,0,0,0,18000,0,18000,18000
050627,華通中信94購02  ,0,0,0,0,0,0,0,0,0,18000,0,0,0,20000,2000,18000,18000
049846,台泥群益94購01  ,0,0,0,0,0,0,0,0,0,18000,0,0,0,18000,0,18000,18000
049415,智邦凱基94購02  ,0,0,0,0,0,0,0,0,0,18000,0,0,0,68000,50000,18000,18000
04971P,矽力元富94售02  ,0,0,0,0,0,0,0,0,0,18000,0,0,0,28000,10000,18000,18000
05055P,台表科群益95售01,0,0,0,0,0,0,0,0,0,18000,0,0,0,33000,15000,18000,18000
052223,聯電凱基96購02  ,0,0,0,0,0,0,0,0,0,18000,0,0,0,108000,90000,18000,18000
051895,聯茂元富95購02  ,0,0,0,0,0,0,0,0,0,18000,0,0,0,30000,12000,18000,18000
051876,宏達電國票96購01,0,0,0,0,0,0,0,0,0,18000,0,0,0,248000,230000,18000,18000
052787,國巨中信96購02  ,0,0,0,0,0,0,0,0,0,18000,0,0,0,30000,12000,18000,18000
050228,中磊中信96購01  ,0,0,0,0,0,0,0,0,0,18000,0,0,0,68000,50000,18000,18000
052453,崇越元大95購01  ,0,0,0,0,0,0,0,0,0,18000,0,0,0,28000,10000,18000,18000
052442,中環元大95購02  ,0,0,0,0,0,0,0,0,0,18000,0,0,0,23000,5000,18000,18000
052555,漢唐國票97購01  ,0,0,0,0,0,0,0,0,0,18000,0,0,0,38000,20000,18000,18000
053350,台表科國票97購02,0,0,0,0,0,0,0,0,0,18000,0,0,0,58000,40000,18000,18000
053437,啟碁日盛96購01  ,0,0,0,0,0,0,0,0,0,18000,0,0,0,18000,0,18000,18000
05346P,臺股指統一95售06,0,0,0,0,0,0,0,0,0,18000,0,0,0,27000,9000,18000,18000
054487,京元電台新97購01,0,0,0,0,0,0,0,0,0,18000,0,0,0,52000,34000,18000,18000
054398,牧德永豐96購03  ,0,0,0,0,0,0,0,0,0,18000,0,0,0,30000,12000,18000,18000
054577,世芯元大98購01  ,0,0,0,0,0,0,0,0,0,18000,0,0,0,80000,62000,18000,18000
054855,得力群益98購01  ,0,0,0,0,0,0,0,0,0,18000,0,0,0,18000,0,18000,18000
054296,世芯元大97購01  ,0,0,0,0,0,0,0,0,0,18000,0,0,0,29000,11000,18000,18000
05992P,華通元大96售05  ,0,0,0,0,0,0,0,0,0,18000,0,0,0,18000,0,18000,18000
06068P,玉晶光康和97售01,0,0,0,0,0,0,0,0,0,18000,0,0,0,18000,0,18000,18000
06054P,臺股指中信9A售01,0,0,0,0,0,0,0,0,0,18000,0,0,0,19000,1000,18000,18000
06532P,友達元富98售04  ,0,0,0,0,0,0,0,0,0,18000,0,0,0,30000,12000,18000,18000
1473,台南            ,23000,5000,18000,0,0,0,0,0,0,0,0,0,0,0,0,0,18000
1313,聯成            ,161000,143000,18000,0,0,0,0,0,0,0,0,0,0,0,0,0,18000
3048,益登            ,63000,46000,17000,0,0,0,0,0,0,1000,1000,0,1000,0,0,0,18000
3028,增你強          ,24000,6000,18000,0,0,0,0,0,0,0,0,0,0,0,0,0,18000
2496,卓越            ,28000,10000,18000,0,0,0,0,0,0,0,0,0,0,0,0,0,18000
6271,同欣電          ,475000,464000,11000,0,0,0,0,274000,-274000,281000,165000,110000,55000,238000,12000,226000,18000
055293,晶相光元大97購01,0,0,0,0,0,0,0,0,0,17000,0,0,0,30000,13000,17000,17000
055466,台達電凱基97購03,0,0,0,0,0,0,0,0,0,17000,0,0,0,34000,17000,17000,17000
056864,新日興群益99購01,0,0,0,0,0,0,0,0,0,17000,0,0,0,153000,136000,17000,17000
056288,健鼎永豐97購01  ,0,0,0,0,0,0,0,0,0,17000,0,0,0,17000,0,17000,17000
056492,全新國泰9A購01  ,0,0,0,0,0,0,0,0,0,17000,0,0,0,17000,0,17000,17000
056768,宏達電元大99購03,0,0,0,0,0,0,0,0,0,17000,0,0,0,22000,5000,17000,17000
056649,智易凱基98購01  ,0,0,0,0,0,0,0,0,0,17000,0,0,0,35000,18000,17000,17000
056634,為升兆豐99購01  ,0,0,0,0,0,0,0,0,0,17000,0,0,0,20000,3000,17000,17000
04809P,台光電群益94售04,0,0,0,0,0,0,0,0,0,17000,0,0,0,17000,0,17000,17000
04853P,易華電永豐94售03,0,0,0,0,0,0,0,0,0,17000,0,0,0,27000,10000,17000,17000
050192,康控元大97購01  ,0,0,0,0,0,0,0,0,0,17000,0,0,0,403000,386000,17000,17000
051982,深中小元大95購01,0,0,0,0,0,0,0,0,0,17000,0,0,0,17000,0,17000,17000
050256,臺指反元大98購03,0,0,0,0,0,0,0,0,0,17000,0,0,0,20000,3000,17000,17000
050280,國巨日盛94購01  ,0,0,0,0,0,0,0,0,0,17000,0,0,0,18000,1000,17000,17000
050455,貿聯元大94購02  ,0,0,0,0,0,0,0,0,0,17000,0,0,0,96000,79000,17000,17000
049622,聯詠群益94購02  ,0,0,0,0,0,0,0,0,0,17000,0,0,0,24000,7000,17000,17000
049904,矽力元富94購01  ,0,0,0,0,0,0,0,0,0,17000,0,0,0,27000,10000,17000,17000
050969,台郡永豐95購01  ,0,0,0,0,0,0,0,0,0,17000,0,0,0,108000,91000,17000,17000
054109,南亞科凱基96購05,0,0,0,0,0,0,0,0,0,17000,0,0,0,20000,3000,17000,17000
053825,南電群益96購02  ,0,0,0,0,0,0,0,0,0,17000,0,0,0,18000,1000,17000,17000
054714,和鑫台新98購01  ,0,0,0,0,0,0,0,0,0,17000,0,0,0,20000,3000,17000,17000
054633,臺股指凱基9A購02,0,0,0,0,0,0,0,0,0,17000,0,0,0,144000,127000,17000,17000
054542,台表科國票98購01,0,0,0,0,0,0,0,0,0,17000,0,0,0,17000,0,17000,17000
052327,聯詠中信95購03  ,0,0,0,0,0,0,0,0,0,17000,0,0,0,17000,0,17000,17000
052876,GIS凱基96購03   ,0,0,0,0,0,0,0,0,0,17000,0,0,0,126000,109000,17000,17000
2013,中鋼構          ,26000,9000,17000,0,0,0,0,0,0,0,0,0,0,0,0,0,17000
2420,新巨            ,42000,16000,26000,0,0,0,0,0,0,-9000,0,9000,-9000,0,0,0,17000
06627P,華新科元富99售01,0,0,0,0,0,0,0,0,0,17000,0,0,0,27000,10000,17000,17000
06458P,玉晶光統一9A售02,0,0,0,0,0,0,0,0,0,17000,0,0,0,67000,50000,17000,17000
056627,訊芯永豐98購01  ,0,0,0,0,0,0,0,0,0,16000,0,0,0,132000,116000,16000,16000
056556,南電凱基98購01  ,0,0,0,0,0,0,0,0,0,16000,0,0,0,27000,11000,16000,16000
05676P,欣興群益96售04  ,0,0,0,0,0,0,0,0,0,16000,0,0,0,31000,15000,16000,16000
056838,旺宏元富98購01  ,0,0,0,0,0,0,0,0,0,16000,0,0,0,17000,1000,16000,16000
05720P,可成中信98售01  ,0,0,0,0,0,0,0,0,0,16000,0,0,0,16000,0,16000,16000
055043,中砂永豐97購01  ,0,0,0,0,0,0,0,0,0,16000,0,0,0,29000,13000,16000,16000
056171,鴻海元富97購10  ,0,0,0,0,0,0,0,0,0,16000,0,0,0,67000,51000,16000,16000
055989,矽力元富9A購01  ,0,0,0,0,0,0,0,0,0,16000,0,0,0,16000,0,16000,16000
047098,大毅國泰94購01  ,0,0,0,0,0,0,0,0,0,16000,0,0,0,16000,0,16000,16000
04639P,臺股指群益94售14,0,0,0,0,0,0,0,0,0,16000,0,0,0,80000,64000,16000,16000
04309P,滬深2X統一93售05,0,0,0,0,0,0,0,0,0,16000,0,0,0,16000,0,16000,16000
04322P,可成元大94售01  ,0,0,0,0,0,0,0,0,0,16000,0,0,0,37000,21000,16000,16000
045851,健策永豐92購01  ,0,0,0,0,0,0,0,0,0,16000,0,0,0,16000,0,16000,16000
04432P,昇陽半元大94售04,0,0,0,0,0,0,0,0,0,16000,0,0,0,16000,0,16000,16000
051592,健策元大96購05  ,0,0,0,0,0,0,0,0,0,16000,0,0,0,184000,168000,16000,16000
048986,訊連元大94購01  ,0,0,0,0,0,0,0,0,0,16000,0,0,0,20000,4000,16000,16000
050789,矽創國泰96購01  ,0,0,0,0,0,0,0,0,0,16000,0,0,0,26000,10000,16000,16000
050453,創意元大95購03  ,0,0,0,0,0,0,0,0,0,16000,0,0,0,68000,52000,16000,16000
050425,國巨凱基94購12  ,0,0,0,0,0,0,0,0,0,16000,0,0,0,17000,1000,16000,16000
05042P,GIS凱基95售03   ,0,0,0,0,0,0,0,0,0,16000,0,0,0,66000,50000,16000,16000
050263,旺宏元大94購10  ,0,0,0,0,0,0,0,0,0,16000,0,0,0,33000,17000,16000,16000
052949,智易國票97購02  ,0,0,0,0,0,0,0,0,0,16000,0,0,0,117000,101000,16000,16000
052608,欣興元大97購01  ,0,0,0,0,0,0,0,0,0,16000,0,0,0,16000,0,16000,16000
052447,聯發科元大96購04,0,0,0,0,0,0,0,0,0,16000,0,0,0,23000,7000,16000,16000
053689,台光電元大96購01,0,0,0,0,0,0,0,0,0,16000,0,0,0,16000,0,16000,16000
053300,大成鋼凱基96購02,0,0,0,0,0,0,0,0,0,16000,0,0,0,19000,3000,16000,16000
054695,世芯永豐98購01  ,0,0,0,0,0,0,0,0,0,16000,0,0,0,68000,52000,16000,16000
053745,康友國票97購01  ,0,0,0,0,0,0,0,0,0,16000,0,0,0,20000,4000,16000,16000
05399P,GIS國票95售03   ,0,0,0,0,0,0,0,0,0,16000,0,0,0,16000,0,16000,16000
054123,易華電永豐96購03,0,0,0,0,0,0,0,0,0,16000,0,0,0,33000,17000,16000,16000
054208,台積電國票97購07,0,0,0,0,0,0,0,0,0,16000,0,0,0,249000,233000,16000,16000
06568P,國巨永豐98售05  ,0,0,0,0,0,0,0,0,0,16000,0,0,0,16000,0,16000,16000
06260P,臺股指群益97售13,0,0,0,0,0,0,0,0,0,16000,0,0,0,27000,11000,16000,16000
06133P,帆宣元富97售02  ,0,0,0,0,0,0,0,0,0,16000,0,0,0,16000,0,16000,16000
3504,揚明光          ,87000,22000,65000,0,0,0,0,0,0,-49000,0,0,0,1000,50000,-49000,16000
3557,嘉威            ,51000,35000,16000,0,0,0,0,0,0,0,0,0,0,0,0,0,16000
5258,虹堡            ,71000,55000,16000,0,0,0,0,0,0,0,0,0,0,0,0,0,16000
6165,捷泰            ,34000,18000,16000,0,0,0,0,0,0,0,0,0,0,0,0,0,16000
056087,世芯統一97購01  ,0,0,0,0,0,0,0,0,0,15000,0,0,0,92000,77000,15000,15000
055763,鎧勝群益97購01  ,0,0,0,0,0,0,0,0,0,15000,0,0,0,214000,199000,15000,15000
05827P,台積電統一96售10,0,0,0,0,0,0,0,0,0,15000,0,0,0,15000,0,15000,15000
05835P,臺股指元富96售07,0,0,0,0,0,0,0,0,0,15000,0,0,0,265000,250000,15000,15000
056792,訊芯群益98購01  ,0,0,0,0,0,0,0,0,0,15000,0,0,0,122000,107000,15000,15000
056549,嘉聯益凱基98購04,0,0,0,0,0,0,0,0,0,15000,0,0,0,187000,172000,15000,15000
056256,聯茂元富97購03  ,0,0,0,0,0,0,0,0,0,15000,0,0,0,47000,32000,15000,15000
045854,貿聯富邦93購01  ,0,0,0,0,0,0,0,0,0,15000,0,0,0,15000,0,15000,15000
045658,儒鴻國泰93購01  ,0,0,0,0,0,0,0,0,0,15000,0,0,0,15000,0,15000,15000
03647P,京元電元富95售02,0,0,0,0,0,0,0,0,0,15000,0,0,0,20000,5000,15000,15000
04085P,欣興元富93售01  ,0,0,0,0,0,0,0,0,0,15000,0,0,0,20000,5000,15000,15000
042556,台灣50中信96購04,0,0,0,0,0,0,0,0,0,15000,0,0,0,36000,21000,15000,15000
03177P,國巨群益01售12  ,0,0,0,0,0,0,0,0,0,15000,0,0,0,20000,5000,15000,15000
043655,微星富邦93購01  ,0,0,0,0,0,0,0,0,0,15000,0,0,0,15000,0,15000,15000
047149,聯鈞群益93購01  ,0,0,0,0,0,0,0,0,0,15000,0,0,0,17000,2000,15000,15000
048247,聯發科兆豐93購03,0,0,0,0,0,0,0,0,0,15000,0,0,0,55000,40000,15000,15000
046141,康控統一92購02  ,0,0,0,0,0,0,0,0,0,15000,0,0,0,15000,0,15000,15000
044898,旺宏凱基93購01  ,0,0,0,0,0,0,0,0,0,15000,0,0,0,51000,36000,15000,15000
044820,臻鼎兆豐93購02  ,0,0,0,0,0,0,0,0,0,15000,0,0,0,24000,9000,15000,15000
044852,華邦電國泰93購02,0,0,0,0,0,0,0,0,0,15000,0,0,0,65000,50000,15000,15000
044532,康控富邦93購01  ,0,0,0,0,0,0,0,0,0,15000,0,0,0,15000,0,15000,15000
046336,致新元大92購02  ,0,0,0,0,0,0,0,0,0,15000,0,0,0,15000,0,15000,15000
048137,力成國票93購01  ,0,0,0,0,0,0,0,0,0,15000,0,0,0,15000,0,15000,15000
048167,旺宏永豐93購04  ,0,0,0,0,0,0,0,0,0,15000,0,0,0,35000,20000,15000,15000
048194,華邦電元大94購04,0,0,0,0,0,0,0,0,0,15000,0,0,0,20000,5000,15000,15000
047087,亞泥元富93購01  ,0,0,0,0,0,0,0,0,0,15000,0,0,0,15000,0,15000,15000
047867,旺宏永豐93購02  ,0,0,0,0,0,0,0,0,0,15000,0,0,0,15000,0,15000,15000
046704,智原元富93購01  ,0,0,0,0,0,0,0,0,0,15000,0,0,0,115000,100000,15000,15000
048460,盛群凱基94購01  ,0,0,0,0,0,0,0,0,0,15000,0,0,0,15000,0,15000,15000
050447,廣達元大94購01  ,0,0,0,0,0,0,0,0,0,15000,0,0,0,15000,0,15000,15000
05032P,台積電國泰96售05,0,0,0,0,0,0,0,0,0,15000,0,0,0,24000,9000,15000,15000
049480,同欣電永豐94購01,0,0,0,0,0,0,0,0,0,15000,0,0,0,20000,5000,15000,15000
051984,台塑元大95購01  ,0,0,0,0,0,0,0,0,0,15000,0,0,0,83000,68000,15000,15000
051841,南茂國泰96購01  ,0,0,0,0,0,0,0,0,0,15000,0,0,0,25000,10000,15000,15000
050907,臺股指元大95購14,0,0,0,0,0,0,0,0,0,15000,0,0,0,15000,0,15000,15000
050766,燿華元大96購02  ,0,0,0,0,0,0,0,0,0,15000,0,0,0,20000,5000,15000,15000
048696,台達電國票96購01,0,0,0,0,0,0,0,0,0,15000,0,0,0,15000,0,15000,15000
050018,高股息元大94購02,0,0,0,0,0,0,0,0,0,15000,0,0,0,15000,0,15000,15000
048892,台郡元富97購01  ,0,0,0,0,0,0,0,0,0,15000,0,0,0,22000,7000,15000,15000
048960,矽格康和94購01  ,0,0,0,0,0,0,0,0,0,15000,0,0,0,15000,0,15000,15000
05151P,台光電群益95售02,0,0,0,0,0,0,0,0,0,15000,0,0,0,15000,0,15000,15000
053968,華邦電元大97購01,0,0,0,0,0,0,0,0,0,15000,0,0,0,17000,2000,15000,15000
05380P,鴻海群益95售11  ,0,0,0,0,0,0,0,0,0,15000,0,0,0,15000,0,15000,15000
053890,華新科群益98購01,0,0,0,0,0,0,0,0,0,15000,0,0,0,15000,0,15000,15000
053892,景碩群益96購02  ,0,0,0,0,0,0,0,0,0,15000,0,0,0,15000,0,15000,15000
054466,欣興凱基97購03  ,0,0,0,0,0,0,0,0,0,15000,0,0,0,20000,5000,15000,15000
054391,宏達電元富96購04,0,0,0,0,0,0,0,0,0,15000,0,0,0,24000,9000,15000,15000
054435,華新科台新97購02,0,0,0,0,0,0,0,0,0,15000,0,0,0,15000,0,15000,15000
054868,國泰金群益9A購01,0,0,0,0,0,0,0,0,0,15000,0,0,0,21000,6000,15000,15000
054920,智原凱基98購01  ,0,0,0,0,0,0,0,0,0,15000,0,0,0,15000,0,15000,15000
052333,嘉聯益兆豐96購01,0,0,0,0,0,0,0,0,0,15000,0,0,0,15000,0,15000,15000
052748,群創元大9A購02  ,0,0,0,0,0,0,0,0,0,15000,0,0,0,15000,0,15000,15000
052831,華固群益96購01  ,0,0,0,0,0,0,0,0,0,15000,0,0,0,15000,0,15000,15000
052698,深中小國票99購01,0,0,0,0,0,0,0,0,0,15000,0,0,0,15000,0,15000,15000
052915,創意元富96購01  ,0,0,0,0,0,0,0,0,0,15000,0,0,0,45000,30000,15000,15000
8462,柏文            ,19000,4000,15000,0,0,0,0,0,0,0,0,0,0,0,0,0,15000
3060,銘異            ,19000,4000,15000,0,0,0,0,0,0,0,0,0,0,0,0,0,15000
3018,同開            ,134000,119000,15000,0,0,0,0,0,0,0,0,0,0,0,0,0,15000
2484,希華            ,52000,37000,15000,0,0,0,0,0,0,0,0,0,0,0,0,0,15000
2390,云辰            ,56000,41000,15000,0,0,0,0,0,0,0,0,0,0,0,0,0,15000
2206,三陽工業        ,147000,132000,15000,0,0,0,0,0,0,0,0,0,0,0,0,0,15000
06474P,鴻海富邦98售03  ,0,0,0,0,0,0,0,0,0,15000,0,0,0,15000,0,15000,15000
06336P,鴻海元大98售05  ,0,0,0,0,0,0,0,0,0,15000,0,0,0,15000,0,15000,15000
05633P,台表科群益96售04,0,0,0,0,0,0,0,0,0,14000,0,0,0,44000,30000,14000,14000
056406,建準國票99購01  ,0,0,0,0,0,0,0,0,0,14000,0,0,0,34000,20000,14000,14000
056407,嘉晶國票99購01  ,0,0,0,0,0,0,0,0,0,14000,0,0,0,54000,40000,14000,14000
05814P,臺股指國票96售07,0,0,0,0,0,0,0,0,0,14000,0,0,0,34000,20000,14000,14000
05908P,大立光元富96售05,0,0,0,0,0,0,0,0,0,14000,0,0,0,43000,29000,14000,14000
05726P,易華電永豐96售02,0,0,0,0,0,0,0,0,0,14000,0,0,0,14000,0,14000,14000
055735,宏達電元富98購01,0,0,0,0,0,0,0,0,0,14000,0,0,0,50000,36000,14000,14000
056018,旺宏群益97購02  ,0,0,0,0,0,0,0,0,0,14000,0,0,0,31000,17000,14000,14000
055506,台郡元大99購02  ,0,0,0,0,0,0,0,0,0,14000,0,0,0,42000,28000,14000,14000
055618,麗豐國票98購01  ,0,0,0,0,0,0,0,0,0,14000,0,0,0,24000,10000,14000,14000
047518,儒鴻元大93購07  ,0,0,0,0,0,0,0,0,0,14000,0,0,0,14000,0,14000,14000
047437,旺宏元大94購02  ,0,0,0,0,0,0,0,0,0,14000,0,0,0,109000,95000,14000,14000
046610,義隆國票93購01  ,0,0,0,0,0,0,0,0,0,14000,0,0,0,14000,0,14000,14000
044049,元金2X元大94購03,0,0,0,0,0,0,0,0,0,14000,0,0,0,14000,0,14000,14000
045231,南電元大94購01  ,0,0,0,0,0,0,0,0,0,14000,0,0,0,25000,11000,14000,14000
049108,玉晶光富邦96購02,0,0,0,0,0,0,0,0,0,14000,0,0,0,21000,7000,14000,14000
05070P,鴻海統一96售04  ,0,0,0,0,0,0,0,0,0,14000,0,0,0,14000,0,14000,14000
049955,崇越群益95購01  ,0,0,0,0,0,0,0,0,0,14000,0,0,0,14000,0,14000,14000
050026,友達元大96購01  ,0,0,0,0,0,0,0,0,0,14000,0,0,0,14000,0,14000,14000
049023,玉晶光群益96購04,0,0,0,0,0,0,0,0,0,14000,0,0,0,120000,106000,14000,14000
050179,全新元大96購02  ,0,0,0,0,0,0,0,0,0,14000,0,0,0,25000,11000,14000,14000
051974,華新科凱基96購05,0,0,0,0,0,0,0,0,0,14000,0,0,0,99000,85000,14000,14000
051904,深100元大95購01 ,0,0,0,0,0,0,0,0,0,14000,0,0,0,14000,0,14000,14000
050159,超眾群益94購03  ,0,0,0,0,0,0,0,0,0,14000,0,0,0,14000,0,14000,14000
053006,玉晶光永豐96購03,0,0,0,0,0,0,0,0,0,14000,0,0,0,19000,5000,14000,14000
052530,台郡元大96購04  ,0,0,0,0,0,0,0,0,0,14000,0,0,0,29000,15000,14000,14000
052605,聯發科元大96購06,0,0,0,0,0,0,0,0,0,14000,0,0,0,24000,10000,14000,14000
053065,大立光群益96購01,0,0,0,0,0,0,0,0,0,14000,0,0,0,29000,15000,14000,14000
05387P,鴻海元大95售21  ,0,0,0,0,0,0,0,0,0,14000,0,0,0,26000,12000,14000,14000
06305P,臺股指元大97售11,0,0,0,0,0,0,0,0,0,14000,0,0,0,44000,30000,14000,14000
06590P,大立光元大98售13,0,0,0,0,0,0,0,0,0,14000,0,0,0,39000,25000,14000,14000
06591P,大立光元大98售14,0,0,0,0,0,0,0,0,0,14000,0,0,0,39000,25000,14000,14000
06553P,訊芯元大98售05  ,0,0,0,0,0,0,0,0,0,14000,0,0,0,23000,9000,14000,14000
06549P,大立光元大98售11,0,0,0,0,0,0,0,0,0,14000,0,0,0,39000,25000,14000,14000
1809,中釉            ,61000,47000,14000,0,0,0,0,0,0,0,0,0,0,0,0,0,14000
1773,勝一            ,22000,8000,14000,0,0,0,0,0,0,0,0,0,0,0,0,0,14000
2530,華建            ,21000,6000,15000,0,0,0,0,0,0,-1000,0,1000,-1000,0,0,0,14000
2471,資通            ,14000,0,14000,0,0,0,0,0,0,0,0,0,0,0,0,0,14000
2881A,富邦特          ,14000,0,14000,0,0,0,0,0,0,0,1000,1000,0,0,0,0,14000
2616,山隆            ,14000,0,14000,0,0,0,0,0,0,0,0,0,0,0,0,0,14000
3033,威健            ,27000,13000,14000,0,0,0,0,0,0,0,0,0,0,0,0,0,14000
056907,群創元大9C購04  ,0,0,0,0,0,0,0,0,0,13000,0,0,0,39000,26000,13000,13000
056624,景碩永豐98購01  ,0,0,0,0,0,0,0,0,0,13000,0,0,0,29000,16000,13000,13000
056803,群創台新99購02  ,0,0,0,0,0,0,0,0,0,13000,0,0,0,18000,5000,13000,13000
047245,聯發科群益94購03,0,0,0,0,0,0,0,0,0,13000,0,0,0,34000,21000,13000,13000
047376,南電國票94購01  ,0,0,0,0,0,0,0,0,0,13000,0,0,0,23000,10000,13000,13000
00706L,元大S&P日圓正2  ,0,0,0,0,0,0,0,0,0,13000,0,0,0,15000,2000,13000,13000
045376,友訊元大93購01  ,0,0,0,0,0,0,0,0,0,13000,0,0,0,13000,0,13000,13000
046021,台泥元大92購01  ,0,0,0,0,0,0,0,0,0,13000,0,0,0,13000,0,13000,13000
046771,聯發科國泰94購02,0,0,0,0,0,0,0,0,0,13000,0,0,0,167000,154000,13000,13000
04621P,楠梓電統一94售02,0,0,0,0,0,0,0,0,0,13000,0,0,0,13000,0,13000,13000
047871,健策永豐93購02  ,0,0,0,0,0,0,0,0,0,13000,0,0,0,75000,62000,13000,13000
046474,創意永豐92購03  ,0,0,0,0,0,0,0,0,0,13000,0,0,0,13000,0,13000,13000
046979,台泥兆豐93購01  ,0,0,0,0,0,0,0,0,0,13000,0,0,0,13000,0,13000,13000
048201,智易元大93購06  ,0,0,0,0,0,0,0,0,0,13000,0,0,0,13000,0,13000,13000
05076P,深中小群益99售02,0,0,0,0,0,0,0,0,0,13000,0,0,0,732000,719000,13000,13000
050774,健策元大96購02  ,0,0,0,0,0,0,0,0,0,13000,0,0,0,24000,11000,13000,13000
049717,微星凱基94購01  ,0,0,0,0,0,0,0,0,0,13000,0,0,0,94000,81000,13000,13000
051870,台郡凱基95購04  ,0,0,0,0,0,0,0,0,0,13000,0,0,0,100000,87000,13000,13000
052073,矽力統一95購03  ,0,0,0,0,0,0,0,0,0,13000,0,0,0,13000,0,13000,13000
049334,上銀統一94購01  ,0,0,0,0,0,0,0,0,0,13000,0,0,0,13000,0,13000,13000
05092P,全新元大95售03  ,0,0,0,0,0,0,0,0,0,13000,0,0,0,74000,61000,13000,13000
050033,日月光元大94購01,0,0,0,0,0,0,0,0,0,13000,0,0,0,13000,0,13000,13000
051765,健鼎元大95購03  ,0,0,0,0,0,0,0,0,0,13000,0,0,0,23000,10000,13000,13000
050729,聯鈞國票94購01  ,0,0,0,0,0,0,0,0,0,13000,0,0,0,77000,64000,13000,13000
053840,燿華統一96購02  ,0,0,0,0,0,0,0,0,0,13000,0,0,0,13000,0,13000,13000
053996,晶相光群益97購01,0,0,0,0,0,0,0,0,0,13000,0,0,0,99000,86000,13000,13000
054279,揚明光群益98購01,0,0,0,0,0,0,0,0,0,13000,0,0,0,13000,0,13000,13000
054601,奇鋐台新98購01  ,0,0,0,0,0,0,0,0,0,13000,0,0,0,13000,0,13000,13000
053157,日月光元大96購03,0,0,0,0,0,0,0,0,0,13000,0,0,0,13000,0,13000,13000
053487,台泥兆豐97購01  ,0,0,0,0,0,0,0,0,0,13000,0,0,0,13000,0,13000,13000
053515,致伸群益96購02  ,0,0,0,0,0,0,0,0,0,13000,0,0,0,13000,0,13000,13000
052526,智伸科元大96購02,0,0,0,0,0,0,0,0,0,13000,0,0,0,34000,21000,13000,13000
052406,力成凱基95購03  ,0,0,0,0,0,0,0,0,0,13000,0,0,0,14000,1000,13000,13000
052252,大立光永豐95購03,0,0,0,0,0,0,0,0,0,13000,0,0,0,13000,0,13000,13000
052272,T50反1群益95購03,0,0,0,0,0,0,0,0,0,13000,0,0,0,13000,0,13000,13000
052641,聯詠台新96購01  ,0,0,0,0,0,0,0,0,0,13000,0,0,0,13000,0,13000,13000
3622,洋華            ,42000,29000,13000,0,0,0,0,0,0,0,0,0,0,0,0,0,13000
2020,美亞            ,14000,1000,13000,0,0,0,0,0,0,0,0,0,0,0,0,0,13000
06128P,玉晶光元富97售05,0,0,0,0,0,0,0,0,0,13000,0,0,0,13000,0,13000,13000
06281P,臺股指凱基97售13,0,0,0,0,0,0,0,0,0,13000,0,0,0,18000,5000,13000,13000
06031P,新光金兆豐96售02,0,0,0,0,0,0,0,0,0,13000,0,0,0,13000,0,13000,13000
6283,淳安            ,46000,33000,13000,0,0,0,0,0,0,0,0,0,0,0,0,0,13000
056777,矽力元大98購02  ,0,0,0,0,0,0,0,0,0,12000,0,0,0,30000,18000,12000,12000
057191,祥碩元大98購05  ,0,0,0,0,0,0,0,0,0,12000,0,0,0,31000,19000,12000,12000
055587,智邦元大97購02  ,0,0,0,0,0,0,0,0,0,12000,0,0,0,86000,74000,12000,12000
055104,台達電凱基98購01,0,0,0,0,0,0,0,0,0,12000,0,0,0,27000,15000,12000,12000
056037,美律凱基98購03  ,0,0,0,0,0,0,0,0,0,12000,0,0,0,22000,10000,12000,12000
056242,緯創群益9A購01  ,0,0,0,0,0,0,0,0,0,12000,0,0,0,15000,3000,12000,12000
048401,南電國票93購03  ,0,0,0,0,0,0,0,0,0,12000,0,0,0,12000,0,12000,12000
04670P,臺股指國票94售09,0,0,0,0,0,0,0,0,0,12000,0,0,0,12000,0,12000,12000
048536,南電國票93購04  ,0,0,0,0,0,0,0,0,0,12000,0,0,0,27000,15000,12000,12000
04117P,聯發科元大93售21,0,0,0,0,0,0,0,0,0,12000,0,0,0,62000,50000,12000,12000
048273,南電富邦97購01  ,0,0,0,0,0,0,0,0,0,12000,0,0,0,13000,1000,12000,12000
045280,儒鴻富邦94購01  ,0,0,0,0,0,0,0,0,0,12000,0,0,0,20000,8000,12000,12000
04505P,佳世達元富96售03,0,0,0,0,0,0,0,0,0,12000,0,0,0,12000,0,12000,12000
046134,致新國泰93購02  ,0,0,0,0,0,0,0,0,0,12000,0,0,0,12000,0,12000,12000
044282,上銀凱基93購03  ,0,0,0,0,0,0,0,0,0,12000,0,0,0,12000,0,12000,12000
04450P,京元電凱基94售01,0,0,0,0,0,0,0,0,0,12000,0,0,0,16000,4000,12000,12000
04477P,南電元大94售04  ,0,0,0,0,0,0,0,0,0,12000,0,0,0,62000,50000,12000,12000
051537,牧德國票96購01  ,0,0,0,0,0,0,0,0,0,12000,0,0,0,12000,0,12000,12000
050684,台郡元富94購02  ,0,0,0,0,0,0,0,0,0,12000,0,0,0,12000,0,12000,12000
05093P,可成元大95售03  ,0,0,0,0,0,0,0,0,0,12000,0,0,0,85000,73000,12000,12000
051618,智邦凱基95購06  ,0,0,0,0,0,0,0,0,0,12000,0,0,0,180000,168000,12000,12000
048863,超眾群益94購01  ,0,0,0,0,0,0,0,0,0,12000,0,0,0,22000,10000,12000,12000
052078,大立光元富95購10,0,0,0,0,0,0,0,0,0,12000,0,0,0,12000,0,12000,12000
052186,宏達電群益95購04,0,0,0,0,0,0,0,0,0,12000,0,0,0,22000,10000,12000,12000
052164,啟碁永豐95購01  ,0,0,0,0,0,0,0,0,0,12000,0,0,0,12000,0,12000,12000
051899,欣興國泰97購01  ,0,0,0,0,0,0,0,0,0,12000,0,0,0,13000,1000,12000,12000
051938,旭富群益95購01  ,0,0,0,0,0,0,0,0,0,12000,0,0,0,32000,20000,12000,12000
050322,世紀鋼國票95購01,0,0,0,0,0,0,0,0,0,12000,0,0,0,12000,0,12000,12000
052483,超眾群益95購03  ,0,0,0,0,0,0,0,0,0,12000,0,0,0,69000,57000,12000,12000
052541,大立光統一95購06,0,0,0,0,0,0,0,0,0,12000,0,0,0,12000,0,12000,12000
053475,華新科元大96購05,0,0,0,0,0,0,0,0,0,12000,0,0,0,12000,0,12000,12000
053548,旺宏凱基96購04  ,0,0,0,0,0,0,0,0,0,12000,0,0,0,116000,104000,12000,12000
053117,大立光中信9A購02,0,0,0,0,0,0,0,0,0,12000,0,0,0,32000,20000,12000,12000
053321,智原群益96購02  ,0,0,0,0,0,0,0,0,0,12000,0,0,0,12000,0,12000,12000
054618,訊芯永豐97購01  ,0,0,0,0,0,0,0,0,0,12000,0,0,0,42000,30000,12000,12000
054565,玉晶光群益99購02,0,0,0,0,0,0,0,0,0,12000,0,0,0,50000,38000,12000,12000
054371,台積電中信9C購01,0,0,0,0,0,0,0,0,0,12000,0,0,0,58000,46000,12000,12000
054806,台化元大9A購01  ,0,0,0,0,0,0,0,0,0,12000,0,0,0,12000,0,12000,12000
054758,南亞國票9A購01  ,0,0,0,0,0,0,0,0,0,12000,0,0,0,12000,0,12000,12000
054185,喬山永豐96購02  ,0,0,0,0,0,0,0,0,0,12000,0,0,0,12000,0,12000,12000
054138,晶技元大98購02  ,0,0,0,0,0,0,0,0,0,12000,0,0,0,12000,0,12000,12000
6277,宏正            ,22000,10000,12000,0,0,0,0,0,0,0,0,0,0,0,0,0,12000
6197,佳必琪          ,21000,9000,12000,0,0,0,0,0,0,0,0,0,0,0,0,0,12000
5706,鳳凰            ,13000,1000,12000,0,0,0,0,0,0,0,0,0,0,0,0,0,12000
4952,凌通            ,18000,6000,12000,0,0,0,0,0,0,0,0,0,0,0,0,0,12000
4766,南寶            ,21000,9000,12000,0,0,0,0,0,0,0,0,0,0,0,0,0,12000
05991P,聯茂群益96售05  ,0,0,0,0,0,0,0,0,0,12000,0,0,0,30000,18000,12000,12000
05949P,台積電國票96售09,0,0,0,0,0,0,0,0,0,12000,0,0,0,72000,60000,12000,12000
05950P,台積電國票97售04,0,0,0,0,0,0,0,0,0,12000,0,0,0,12000,0,12000,12000
06157P,聯鈞統一97售02  ,0,0,0,0,0,0,0,0,0,12000,0,0,0,38000,26000,12000,12000
06314P,GIS元富97售02   ,0,0,0,0,0,0,0,0,0,12000,0,0,0,19000,7000,12000,12000
2231,為升            ,61000,49000,12000,0,0,0,0,0,0,0,0,0,0,1000,1000,0,12000
1516,川飛            ,13000,1000,12000,0,0,0,0,0,0,0,0,0,0,0,0,0,12000
056055,國巨元大97購15  ,0,0,0,0,0,0,0,0,0,11000,0,0,0,21000,10000,11000,11000
055944,日月光麥證97購01,0,0,0,11000,0,11000,0,0,0,11000,0,0,0,11000,0,11000,11000
055083,康友中信97購01  ,0,0,0,0,0,0,0,0,0,11000,0,0,0,21000,10000,11000,11000
055281,台光電元大98購03,0,0,0,0,0,0,0,0,0,11000,0,0,0,17000,6000,11000,11000
055413,全新富邦98購01  ,0,0,0,0,0,0,0,0,0,11000,0,0,0,21000,10000,11000,11000
05896P,宏達電群益96售03,0,0,0,0,0,0,0,0,0,11000,0,0,0,21000,10000,11000,11000
056993,GIS兆豐99購01   ,0,0,0,0,0,0,0,0,0,11000,0,0,0,135000,124000,11000,11000
056985,智原群益98購03  ,0,0,0,0,0,0,0,0,0,11000,0,0,0,11000,0,11000,11000
056784,南亞科群益98購01,0,0,0,0,0,0,0,0,0,11000,0,0,0,97000,86000,11000,11000
056563,華新科群益98購04,0,0,0,0,0,0,0,0,0,11000,0,0,0,28000,17000,11000,11000
042903,金寶元大94購01  ,0,0,0,0,0,0,0,0,0,11000,0,0,0,71000,60000,11000,11000
04171P,旺宏凱基93售07  ,0,0,0,0,0,0,0,0,0,11000,0,0,0,11000,0,11000,11000
03155P,玉晶光群益01售08,0,0,0,0,0,0,0,0,0,11000,0,0,0,11000,0,11000,11000
04585P,楠梓電永豐94售02,0,0,0,0,0,0,0,0,0,11000,0,0,0,11000,0,11000,11000
04849P,GIS中信94售01   ,0,0,0,0,0,0,0,0,0,11000,0,0,0,31000,20000,11000,11000
048383,元金2X國票99購01,0,0,0,0,0,0,0,0,0,11000,0,0,0,11000,0,11000,11000
047751,玉山金元富93購01,0,0,0,0,0,0,0,0,0,11000,0,0,0,21000,10000,11000,11000
04800P,聯茂元大94售08  ,0,0,0,0,0,0,0,0,0,11000,0,0,0,11000,0,11000,11000
051059,康普群益95購01  ,0,0,0,0,0,0,0,0,0,11000,0,0,0,11000,0,11000,11000
051150,宏達電凱基95購02,0,0,0,0,0,0,0,0,0,11000,0,0,0,52000,41000,11000,11000
050133,鈺齊凱基94購01  ,0,0,0,0,0,0,0,0,0,11000,0,0,0,27000,16000,11000,11000
052147,上緯控群益95購01,0,0,0,0,0,0,0,0,0,11000,0,0,0,11000,0,11000,11000
052810,易華電元大96購02,0,0,0,0,0,0,0,0,0,11000,0,0,0,66000,55000,11000,11000
048758,美利達元富96購02,0,0,0,0,0,0,0,0,0,11000,0,0,0,11000,0,11000,11000
050633,義隆群益96購02  ,0,0,0,0,0,0,0,0,0,11000,0,0,0,21000,10000,11000,11000
050636,上証2X國票94購01,0,0,0,0,0,0,0,0,0,11000,0,0,0,11000,0,11000,11000
050648,全新凱基96購01  ,0,0,0,0,0,0,0,0,0,11000,0,0,0,11000,0,11000,11000
04915P,鴻海永昌96售02  ,0,0,0,0,0,0,0,0,0,11000,0,0,0,432000,421000,11000,11000
049952,強茂群益94購01  ,0,0,0,0,0,0,0,0,0,11000,0,0,0,11000,0,11000,11000
049962,台光電元富94購01,0,0,0,0,0,0,0,0,0,11000,0,0,0,11000,0,11000,11000
054294,世芯元大96購02  ,0,0,0,0,0,0,0,0,0,11000,0,0,0,21000,10000,11000,11000
054796,康普群益98購01  ,0,0,0,0,0,0,0,0,0,11000,0,0,0,11000,0,11000,11000
054921,文曄凱基97購01  ,0,0,0,0,0,0,0,0,0,11000,0,0,0,21000,10000,11000,11000
05452P,亞德客群益95售02,0,0,0,0,0,0,0,0,0,11000,0,0,0,51000,40000,11000,11000
053353,玉晶光兆豐97購03,0,0,0,0,0,0,0,0,0,11000,0,0,0,11000,0,11000,11000
053618,新唐群益96購01  ,0,0,0,0,0,0,0,0,0,11000,0,0,0,11000,0,11000,11000
053414,臻鼎國票97購01  ,0,0,0,0,0,0,0,0,0,11000,0,0,0,41000,30000,11000,11000
052702,群創國票97購03  ,0,0,0,0,0,0,0,0,0,11000,0,0,0,11000,0,11000,11000
052988,智易元大96購02  ,0,0,0,0,0,0,0,0,0,11000,0,0,0,11000,0,11000,11000
1436,華友聯          ,12000,1000,11000,0,0,0,0,0,0,0,0,0,0,0,0,0,11000
1449,佳和            ,31000,20000,11000,0,0,0,0,0,0,0,0,0,0,0,0,0,11000
2358,廷鑫            ,14000,3000,11000,0,0,0,0,0,0,0,0,0,0,0,0,0,11000
2707,晶華            ,28000,17000,11000,0,0,0,0,0,0,0,0,0,0,0,0,0,11000
06377P,華通統一97售04  ,0,0,0,0,0,0,0,0,0,11000,0,0,0,11000,0,11000,11000
05997P,嘉聯益群益96售02,0,0,0,0,0,0,0,0,0,11000,0,0,0,71000,60000,11000,11000
6172,互億            ,42000,31000,11000,0,0,0,0,0,0,0,0,0,0,0,0,0,11000
056551,台郡凱基98購04  ,0,0,0,0,0,0,0,0,0,10000,0,0,0,10000,0,10000,10000
056606,華新科富邦9A購02,0,0,0,0,0,0,0,0,0,10000,0,0,0,15000,5000,10000,10000
056607,貿聯富邦99購02  ,0,0,0,0,0,0,0,0,0,10000,0,0,0,10000,0,10000,10000
056701,國產國泰9A購01  ,0,0,0,0,0,0,0,0,0,10000,0,0,0,10000,0,10000,10000
056695,景碩群益99購01  ,0,0,0,0,0,0,0,0,0,10000,0,0,0,170000,160000,10000,10000
05641P,貿聯元富96售02  ,0,0,0,0,0,0,0,0,0,10000,0,0,0,10000,0,10000,10000
056460,同欣電凱基99購01,0,0,0,0,0,0,0,0,0,10000,0,0,0,20000,10000,10000,10000
056542,緯創凱基98購01  ,0,0,0,0,0,0,0,0,0,10000,0,0,0,10000,0,10000,10000
056521,群創日盛98購01  ,0,0,0,0,0,0,0,0,0,10000,0,0,0,10000,0,10000,10000
056276,同欣電國泰98購01,0,0,0,0,0,0,0,0,0,10000,0,0,0,10000,0,10000,10000
056976,喬山群益98購01  ,0,0,0,0,0,0,0,0,0,10000,0,0,0,10000,0,10000,10000
056959,鴻海永豐98購03  ,0,0,0,0,0,0,0,0,0,10000,0,0,0,10000,0,10000,10000
056926,日月光兆豐98購01,0,0,0,0,0,0,0,0,0,10000,0,0,0,10000,0,10000,10000
056918,台積電兆豐98購01,0,0,0,0,0,0,0,0,0,10000,0,0,0,139000,129000,10000,10000
056841,友達元富98購03  ,0,0,0,0,0,0,0,0,0,10000,0,0,0,10000,0,10000,10000
05704P,矽力群益96售04  ,0,0,0,0,0,0,0,0,0,10000,0,0,0,10000,0,10000,10000
057054,立積元大98購03  ,0,0,0,0,0,0,0,0,0,10000,0,0,0,15000,5000,10000,10000
057068,國巨永豐98購06  ,0,0,0,0,0,0,0,0,0,10000,0,0,0,11000,1000,10000,10000
057073,康控永豐98購01  ,0,0,0,0,0,0,0,0,0,10000,0,0,0,190000,180000,10000,10000
057094,祥碩元富98購01  ,0,0,0,0,0,0,0,0,0,10000,0,0,0,10000,0,10000,10000
057168,旺宏元大99購03  ,0,0,0,0,0,0,0,0,0,10000,0,0,0,10000,0,10000,10000
05851P,力山群益97售01  ,0,0,0,0,0,0,0,0,0,10000,0,0,0,10000,0,10000,10000
05847P,大立光元大96售08,0,0,0,0,0,0,0,0,0,10000,0,0,0,91000,81000,10000,10000
057187,群創元大9B購04  ,0,0,0,0,0,0,0,0,0,10000,0,0,0,10000,0,10000,10000
057279,國揚元大98購01  ,0,0,0,0,0,0,0,0,0,10000,0,0,0,10000,0,10000,10000
05727P,新光金日盛96售02,0,0,0,0,0,0,0,0,0,10000,0,0,0,10000,0,10000,10000
05747P,漢唐群益96售03  ,0,0,0,0,0,0,0,0,0,10000,0,0,0,10000,0,10000,10000
055409,元黃金富邦01購01,0,0,0,0,0,0,0,0,0,10000,0,0,0,10000,0,10000,10000
055353,華新科凱基98購03,0,0,0,0,0,0,0,0,0,10000,0,0,0,55000,45000,10000,10000
055334,禾伸堂兆豐97購01,0,0,0,0,0,0,0,0,0,10000,0,0,0,50000,40000,10000,10000
055557,華新科凱基97購01,0,0,0,0,0,0,0,0,0,10000,0,0,0,34000,24000,10000,10000
055523,道瓊銀群益9A購01,0,0,0,0,0,0,0,0,0,10000,0,0,0,10000,0,10000,10000
055279,華邦電元大97購02,0,0,0,0,0,0,0,0,0,10000,0,0,0,10000,0,10000,10000
055265,玉晶光永豐98購03,0,0,0,0,0,0,0,0,0,10000,0,0,0,10000,0,10000,10000
055240,京元電元富97購01,0,0,0,0,0,0,0,0,0,10000,0,0,0,10000,0,10000,10000
055213,大成鋼凱基98購01,0,0,0,0,0,0,0,0,0,10000,0,0,0,10000,0,10000,10000
055036,中工富邦9B購01  ,0,0,0,0,0,0,0,0,0,10000,0,0,0,10000,0,10000,10000
055110,美律凱基98購02  ,0,0,0,0,0,0,0,0,0,10000,0,0,0,10000,0,10000,10000
056012,勤誠中信99購01  ,0,0,0,0,0,0,0,0,0,10000,0,0,0,10000,0,10000,10000
056061,國泰金元大97購02,0,0,0,0,0,0,0,0,0,10000,0,0,0,10000,0,10000,10000
056027,樺漢群益97購02  ,0,0,0,0,0,0,0,0,0,10000,0,0,0,10000,0,10000,10000
056234,GIS麥證97購01   ,0,0,0,24000,14000,10000,0,0,0,10000,0,0,0,28000,18000,10000,10000
056178,嘉澤元富97購02  ,0,0,0,0,0,0,0,0,0,10000,0,0,0,10000,0,10000,10000
05619P,創意元富96售02  ,0,0,0,0,0,0,0,0,0,10000,0,0,0,20000,10000,10000,10000
056112,勤誠永豐97購02  ,0,0,0,0,0,0,0,0,0,10000,0,0,0,40000,30000,10000,10000
056153,華新科凱基97購02,0,0,0,0,0,0,0,0,0,10000,0,0,0,55000,45000,10000,10000
056144,GIS元大98購01   ,0,0,0,0,0,0,0,0,0,10000,0,0,0,13000,3000,10000,10000
056147,鴻海日盛97購05  ,0,0,0,0,0,0,0,0,0,10000,0,0,0,70000,60000,10000,10000
056149,亞光康和97購01  ,0,0,0,0,0,0,0,0,0,10000,0,0,0,10000,0,10000,10000
055724,祥碩元大97購03  ,0,0,0,0,0,0,0,0,0,10000,0,0,0,10000,0,10000,10000
055755,禾伸堂兆豐97購02,0,0,0,0,0,0,0,0,0,10000,0,0,0,40000,30000,10000,10000
055721,聯詠元大97購04  ,0,0,0,0,0,0,0,0,0,10000,0,0,0,11000,1000,10000,10000
055772,致茂凱基97購01  ,0,0,0,0,0,0,0,0,0,10000,0,0,0,50000,40000,10000,10000
055779,國泰金凱基97購02,0,0,0,0,0,0,0,0,0,10000,0,0,0,10000,0,10000,10000
055919,景碩凱基98購02  ,0,0,0,0,0,0,0,0,0,10000,0,0,0,10000,0,10000,10000
055912,宏達電凱基98購03,0,0,0,0,0,0,0,0,0,10000,0,0,0,22000,12000,10000,10000
055906,大立光兆豐97購03,0,0,0,0,0,0,0,0,0,10000,0,0,0,40000,30000,10000,10000
051209,百和麥證95購01  ,0,0,0,10000,0,10000,0,0,0,10000,0,0,0,10000,0,10000,10000
051081,聯茂富邦96購01  ,0,0,0,0,0,0,0,0,0,10000,0,0,0,10000,0,10000,10000
051325,台光電台新96購01,0,0,0,0,0,0,0,0,0,10000,0,0,0,10000,0,10000,10000
047845,美利達元大93購02,0,0,0,0,0,0,0,0,0,10000,0,0,0,10000,0,10000,10000
05144P,美律永豐95售02  ,0,0,0,0,0,0,0,0,0,10000,0,0,0,59000,49000,10000,10000
051445,可成元大95購06  ,0,0,0,0,0,0,0,0,0,10000,0,0,0,10000,0,10000,10000
051026,健策統一96購01  ,0,0,0,0,0,0,0,0,0,10000,0,0,0,10000,0,10000,10000
051007,台光電麥證95購01,0,0,0,20000,10000,10000,0,0,0,10000,0,0,0,20000,10000,10000,10000
051008,大立光麥證95購01,0,0,0,10000,0,10000,0,0,0,10000,0,0,0,10000,0,10000,10000
051009,緯創麥證95購01  ,0,0,0,20000,10000,10000,0,0,0,10000,0,0,0,20000,10000,10000,10000
051038,健策台新95購01  ,0,0,0,0,0,0,0,0,0,10000,0,0,0,10000,0,10000,10000
048003,旭富元大93購01  ,0,0,0,0,0,0,0,0,0,10000,0,0,0,10000,0,10000,10000
047760,元油反元大96購03,0,0,0,0,0,0,0,0,0,10000,0,0,0,10000,0,10000,10000
04772P,欣興元大94售08  ,0,0,0,0,0,0,0,0,0,10000,0,0,0,65000,55000,10000,10000
047747,致茂元富93購01  ,0,0,0,0,0,0,0,0,0,10000,0,0,0,10000,0,10000,10000
047676,臺股指元富99購01,0,0,0,0,0,0,0,0,0,10000,0,0,0,15000,5000,10000,10000
046315,淘帝元大92購01  ,0,0,0,0,0,0,0,0,0,10000,0,0,0,10000,0,10000,10000
046265,高鐵凱基92購03  ,0,0,0,0,0,0,0,0,0,10000,0,0,0,10000,0,10000,10000
046268,嘉晶凱基93購02  ,0,0,0,0,0,0,0,0,0,10000,0,0,0,60000,50000,10000,10000
046288,創意兆豐92購03  ,0,0,0,0,0,0,0,0,0,10000,0,0,0,10000,0,10000,10000
04628P,欣興元大95售01  ,0,0,0,0,0,0,0,0,0,10000,0,0,0,25000,15000,10000,10000
046387,臻鼎凱基92購04  ,0,0,0,0,0,0,0,0,0,10000,0,0,0,30000,20000,10000,10000
046348,嘉澤兆豐93購01  ,0,0,0,0,0,0,0,0,0,10000,0,0,0,30000,20000,10000,10000
047659,大立光麥證93購01,0,0,0,10000,0,10000,0,0,0,10000,0,0,0,10000,0,10000,10000
048211,大立光日盛93購01,0,0,0,0,0,0,0,0,0,10000,0,0,0,10000,0,10000,10000
048227,亞光凱基93購05  ,0,0,0,0,0,0,0,0,0,10000,0,0,0,40000,30000,10000,10000
047783,聯茂國泰94購02  ,0,0,0,0,0,0,0,0,0,10000,0,0,0,10000,0,10000,10000
047797,臺股指群益93購08,0,0,0,0,0,0,0,0,0,10000,0,0,0,70000,60000,10000,10000
048145,大立光統一93購10,0,0,0,0,0,0,0,0,0,10000,0,0,0,10000,0,10000,10000
048120,台泥元大93購02  ,0,0,0,0,0,0,0,0,0,10000,0,0,0,10000,0,10000,10000
048373,A50正2元富95購01,0,0,0,0,0,0,0,0,0,10000,0,0,0,10000,0,10000,10000
046201,台郡凱基92購01  ,0,0,0,0,0,0,0,0,0,10000,0,0,0,20000,10000,10000,10000
046202,台表科凱基93購04,0,0,0,0,0,0,0,0,0,10000,0,0,0,15000,5000,10000,10000
046206,為升國泰93購01  ,0,0,0,0,0,0,0,0,0,10000,0,0,0,10000,0,10000,10000
046197,日月光凱基92購04,0,0,0,0,0,0,0,0,0,10000,0,0,0,10000,0,10000,10000
047535,台光電日盛93購01,0,0,0,0,0,0,0,0,0,10000,0,0,0,10000,0,10000,10000
048443,旺宏凱基93購08  ,0,0,0,0,0,0,0,0,0,10000,0,0,0,10000,0,10000,10000
047538,訊芯日盛93購01  ,0,0,0,0,0,0,0,0,0,10000,0,0,0,10000,0,10000,10000
047491,旺宏統一94購03  ,0,0,0,0,0,0,0,0,0,10000,0,0,0,10000,0,10000,10000
048501,GIS元大94購02   ,0,0,0,0,0,0,0,0,0,10000,0,0,0,10000,0,10000,10000
046591,康舒元大92購01  ,0,0,0,0,0,0,0,0,0,10000,0,0,0,10000,0,10000,10000
048516,麗豐凱基93購02  ,0,0,0,0,0,0,0,0,0,10000,0,0,0,10000,0,10000,10000
046630,京元電元富95購03,0,0,0,0,0,0,0,0,0,10000,0,0,0,10000,0,10000,10000
046699,臻鼎凱基93購03  ,0,0,0,0,0,0,0,0,0,10000,0,0,0,39000,29000,10000,10000
046832,嘉晶群益93購01  ,0,0,0,0,0,0,0,0,0,10000,0,0,0,10000,0,10000,10000
046836,聯茂群益93購01  ,0,0,0,0,0,0,0,0,0,10000,0,0,0,10000,0,10000,10000
046987,智邦凱基93購04  ,0,0,0,0,0,0,0,0,0,10000,0,0,0,20000,10000,10000,10000
046991,健策凱基93購04  ,0,0,0,0,0,0,0,0,0,10000,0,0,0,10000,0,10000,10000
046956,矽力國票93購01  ,0,0,0,0,0,0,0,0,0,10000,0,0,0,10000,0,10000,10000
046933,台泥元富93購01  ,0,0,0,0,0,0,0,0,0,10000,0,0,0,10000,0,10000,10000
047035,華邦電群益94購02,0,0,0,0,0,0,0,0,0,10000,0,0,0,10000,0,10000,10000
047066,力成凱基93購04  ,0,0,0,0,0,0,0,0,0,10000,0,0,0,10000,0,10000,10000
047077,日月光兆豐93購01,0,0,0,0,0,0,0,0,0,10000,0,0,0,10000,0,10000,10000
047089,聯詠元富93購03  ,0,0,0,0,0,0,0,0,0,10000,0,0,0,10000,0,10000,10000
046533,為升群益92購02  ,0,0,0,0,0,0,0,0,0,10000,0,0,0,10000,0,10000,10000
047929,景碩凱基93購03  ,0,0,0,0,0,0,0,0,0,10000,0,0,0,10000,0,10000,10000
047640,聯發科元大93購17,0,0,0,0,0,0,0,0,0,10000,0,0,0,10000,0,10000,10000
047632,儒鴻元大93購08  ,0,0,0,0,0,0,0,0,0,10000,0,0,0,10000,0,10000,10000
047601,上海銀中信93購01,0,0,0,0,0,0,0,0,0,10000,0,0,0,35000,25000,10000,10000
047588,大立光永豐94購01,0,0,0,0,0,0,0,0,0,10000,0,0,0,10000,0,10000,10000
047560,超眾凱基94購01  ,0,0,0,0,0,0,0,0,0,10000,0,0,0,10000,0,10000,10000
045950,智伸科日盛92購01,0,0,0,0,0,0,0,0,0,10000,0,0,0,10000,0,10000,10000
044304,臻鼎兆豐93購01  ,0,0,0,0,0,0,0,0,0,10000,0,0,0,10000,0,10000,10000
044340,TPK統一93購01   ,0,0,0,0,0,0,0,0,0,10000,0,0,0,10000,0,10000,10000
046045,聯茂元大92購07  ,0,0,0,0,0,0,0,0,0,10000,0,0,0,10000,0,10000,10000
045649,超眾凱基93購04  ,0,0,0,0,0,0,0,0,0,10000,0,0,0,10000,0,10000,10000
04559P,華通凱基94售03  ,0,0,0,0,0,0,0,0,0,10000,0,0,0,30000,20000,10000,10000
045864,致伸統一93購01  ,0,0,0,0,0,0,0,0,0,10000,0,0,0,10000,0,10000,10000
045828,緯穎凱基92購03  ,0,0,0,0,0,0,0,0,0,10000,0,0,0,10000,0,10000,10000
045829,滬深2X群益95購02,0,0,0,0,0,0,0,0,0,10000,0,0,0,100000,90000,10000,10000
045830,亞德客群益92購02,0,0,0,0,0,0,0,0,0,10000,0,0,0,20000,10000,10000,10000
045805,強茂國票92購01  ,0,0,0,0,0,0,0,0,0,10000,0,0,0,10000,0,10000,10000
045695,英業達兆豐93購01,0,0,0,0,0,0,0,0,0,10000,0,0,0,10000,0,10000,10000
045377,華邦電元大93購01,0,0,0,0,0,0,0,0,0,10000,0,0,0,10000,0,10000,10000
04550P,超眾元大94售01  ,0,0,0,0,0,0,0,0,0,10000,0,0,0,10000,0,10000,10000
04548P,大立光元大94售14,0,0,0,0,0,0,0,0,0,10000,0,0,0,35000,25000,10000,10000
03756P,創意永豐93售01  ,0,0,0,0,0,0,0,0,0,10000,0,0,0,10000,0,10000,10000
03873P,智伸科群益93售03,0,0,0,0,0,0,0,0,0,10000,0,0,0,10000,0,10000,10000
03304P,欣興元富02售02  ,0,0,0,0,0,0,0,0,0,10000,0,0,0,10000,0,10000,10000
03907P,易華電國泰94售03,0,0,0,0,0,0,0,0,0,10000,0,0,0,10000,0,10000,10000
03171P,台積電中信05售07,0,0,0,0,0,0,0,0,0,10000,0,0,0,10000,0,10000,10000
03102P,臺股指凱基03售08,0,0,0,0,0,0,0,0,0,10000,0,0,0,10000,0,10000,10000
03203P,台積電凱基01售26,0,0,0,0,0,0,0,0,0,10000,0,0,0,10000,0,10000,10000
03219P,台積電康和02售01,0,0,0,0,0,0,0,0,0,10000,0,0,0,10000,0,10000,10000
04251P,欣興統一93售06  ,0,0,0,0,0,0,0,0,0,10000,0,0,0,10000,0,10000,10000
04033P,啟碁凱基93售04  ,0,0,0,0,0,0,0,0,0,10000,0,0,0,20000,10000,10000,10000
03953P,易華電凱基94售01,0,0,0,0,0,0,0,0,0,10000,0,0,0,10000,0,10000,10000
04193P,智原永豐93售01  ,0,0,0,0,0,0,0,0,0,10000,0,0,0,10000,0,10000,10000
042089,台灣50中信94購03,0,0,0,0,0,0,0,0,0,10000,0,0,0,32000,22000,10000,10000
03020X,元展20          ,0,0,0,0,0,0,0,0,0,10000,0,0,0,10000,0,10000,10000
00663L,國泰臺灣加權正2 ,0,0,0,0,0,0,0,0,0,10000,0,0,0,10000,0,10000,10000
042909,順德元大94購01  ,0,0,0,0,0,0,0,0,0,10000,0,0,0,15000,5000,10000,10000
04290P,滬深2X富邦96售03,0,0,0,0,0,0,0,0,0,10000,0,0,0,10000,0,10000,10000
042901,中纖元大94購01  ,0,0,0,0,0,0,0,0,0,10000,0,0,0,10000,0,10000,10000
046123,嘉澤元大92購02  ,0,0,0,0,0,0,0,0,0,10000,0,0,0,10000,0,10000,10000
04414P,牧德元富94售04  ,0,0,0,0,0,0,0,0,0,10000,0,0,0,265000,255000,10000,10000
04417P,光罩國泰95售02  ,0,0,0,0,0,0,0,0,0,10000,0,0,0,10000,0,10000,10000
04520P,欣興群益94售02  ,0,0,0,0,0,0,0,0,0,10000,0,0,0,35000,25000,10000,10000
044024,祥碩凱基93購01  ,0,0,0,0,0,0,0,0,0,10000,0,0,0,10000,0,10000,10000
044016,義隆凱基93購01  ,0,0,0,0,0,0,0,0,0,10000,0,0,0,11000,1000,10000,10000
04471P,華通元大95售03  ,0,0,0,0,0,0,0,0,0,10000,0,0,0,60000,50000,10000,10000
04489P,大立光凱基94售03,0,0,0,0,0,0,0,0,0,10000,0,0,0,10000,0,10000,10000
044496,群創元大93購02  ,0,0,0,0,0,0,0,0,0,10000,0,0,0,10000,0,10000,10000
044426,欣興國泰93購02  ,0,0,0,0,0,0,0,0,0,10000,0,0,0,70000,60000,10000,10000
044397,微星凱基92購01  ,0,0,0,0,0,0,0,0,0,10000,0,0,0,10000,0,10000,10000
044376,日月光兆豐92購01,0,0,0,0,0,0,0,0,0,10000,0,0,0,10000,0,10000,10000
048278,聯發科永豐93購03,0,0,0,0,0,0,0,0,0,10000,0,0,0,10000,0,10000,10000
048291,台積電群益93購09,0,0,0,0,0,0,0,0,0,10000,0,0,0,40000,30000,10000,10000
047250,日月光群益94購01,0,0,0,0,0,0,0,0,0,10000,0,0,0,90000,80000,10000,10000
048368,燿華統一93購01  ,0,0,0,0,0,0,0,0,0,10000,0,0,0,10000,0,10000,10000
047303,寶滬深元大96購01,0,0,0,0,0,0,0,0,0,10000,0,0,0,10000,0,10000,10000
047369,漢唐國票94購01  ,0,0,0,0,0,0,0,0,0,10000,0,0,0,20000,10000,10000,10000
047147,嘉晶群益93購02  ,0,0,0,0,0,0,0,0,0,10000,0,0,0,10000,0,10000,10000
043921,台表科凱基93購01,0,0,0,0,0,0,0,0,0,10000,0,0,0,10000,0,10000,10000
043696,瑞儀兆豐93購01  ,0,0,0,0,0,0,0,0,0,10000,0,0,0,10000,0,10000,10000
04360P,易華電永豐94售01,0,0,0,0,0,0,0,0,0,10000,0,0,0,10000,0,10000,10000
04348P,燿華國票94售01  ,0,0,0,0,0,0,0,0,0,10000,0,0,0,69000,59000,10000,10000
04350P,欣興國票94售01  ,0,0,0,0,0,0,0,0,0,10000,0,0,0,10000,0,10000,10000
04329P,TPK群益93售04   ,0,0,0,0,0,0,0,0,0,10000,0,0,0,10000,0,10000,10000
043396,世紀鋼元大93購01,0,0,0,0,0,0,0,0,0,10000,0,0,0,10000,0,10000,10000
042953,鴻海台新01購01  ,0,0,0,0,0,0,0,0,0,10000,0,0,0,18000,8000,10000,10000
04999P,南電永豐95售01  ,0,0,0,0,0,0,0,0,0,10000,0,0,0,10000,0,10000,10000
051584,可成元大95購08  ,0,0,0,0,0,0,0,0,0,10000,0,0,0,30000,20000,10000,10000
051598,瑞昱兆豐95購01  ,0,0,0,0,0,0,0,0,0,10000,0,0,0,10000,0,10000,10000
05159P,聯發科永豐95售04,0,0,0,0,0,0,0,0,0,10000,0,0,0,10000,0,10000,10000
050753,百和統一94購01  ,0,0,0,0,0,0,0,0,0,10000,0,0,0,10000,0,10000,10000
050750,上銀統一94購02  ,0,0,0,0,0,0,0,0,0,10000,0,0,0,60000,50000,10000,10000
051381,玉晶光群益98購01,0,0,0,0,0,0,0,0,0,10000,0,0,0,63000,53000,10000,10000
049234,可成統一94購02  ,0,0,0,0,0,0,0,0,0,10000,0,0,0,58000,48000,10000,10000
049230,台達電富邦96購01,0,0,0,0,0,0,0,0,0,10000,0,0,0,10000,0,10000,10000
049220,聯發科國票95購02,0,0,0,0,0,0,0,0,0,10000,0,0,0,10000,0,10000,10000
051564,和碩國泰96購01  ,0,0,0,0,0,0,0,0,0,10000,0,0,0,10000,0,10000,10000
051335,華固永豐95購01  ,0,0,0,0,0,0,0,0,0,10000,0,0,0,10000,0,10000,10000
051365,瀚宇博國泰97購01,0,0,0,0,0,0,0,0,0,10000,0,0,0,10000,0,10000,10000
04988P,楠梓電元大94售01,0,0,0,0,0,0,0,0,0,10000,0,0,0,10000,0,10000,10000
050946,瑞昱群益95購01  ,0,0,0,0,0,0,0,0,0,10000,0,0,0,54000,44000,10000,10000
050968,超眾永豐95購01  ,0,0,0,0,0,0,0,0,0,10000,0,0,0,60000,50000,10000,10000
049115,創意統一94購03  ,0,0,0,0,0,0,0,0,0,10000,0,0,0,58000,48000,10000,10000
049866,景碩兆豐94購01  ,0,0,0,0,0,0,0,0,0,10000,0,0,0,10000,0,10000,10000
048888,牧德元富94購02  ,0,0,0,0,0,0,0,0,0,10000,0,0,0,10000,0,10000,10000
048977,晶相光元大94購01,0,0,0,0,0,0,0,0,0,10000,0,0,0,10000,0,10000,10000
048979,晶相光元大94購03,0,0,0,0,0,0,0,0,0,10000,0,0,0,19000,9000,10000,10000
048941,牧德永豐94購02  ,0,0,0,0,0,0,0,0,0,10000,0,0,0,10000,0,10000,10000
051697,康友中信95購02  ,0,0,0,0,0,0,0,0,0,10000,0,0,0,30000,20000,10000,10000
051735,台積電國票96購06,0,0,0,0,0,0,0,0,0,10000,0,0,0,34000,24000,10000,10000
051729,華新國票96購01  ,0,0,0,0,0,0,0,0,0,10000,0,0,0,17000,7000,10000,10000
048732,台勝科麥證95購01,0,0,0,20000,10000,10000,0,0,0,10000,0,0,0,20000,10000,10000,10000
049288,聯茂兆豐95購02  ,0,0,0,0,0,0,0,0,0,10000,0,0,0,10000,0,10000,10000
049562,和大統一94購01  ,0,0,0,0,0,0,0,0,0,10000,0,0,0,10000,0,10000,10000
04957P,上証2X凱基96售02,0,0,0,0,0,0,0,0,0,10000,0,0,0,10000,0,10000,10000
051461,聯詠國泰96購01  ,0,0,0,0,0,0,0,0,0,10000,0,0,0,10000,0,10000,10000
051458,臺股指元大95購18,0,0,0,0,0,0,0,0,0,10000,0,0,0,10000,0,10000,10000
052813,T50正2永豐96購01,0,0,0,0,0,0,0,0,0,10000,0,0,0,10000,0,10000,10000
052794,群創兆豐97購01  ,0,0,0,0,0,0,0,0,0,10000,0,0,0,10000,0,10000,10000
051834,南電元大96購02  ,0,0,0,0,0,0,0,0,0,10000,0,0,0,10000,0,10000,10000
051828,微星元大95購03  ,0,0,0,0,0,0,0,0,0,10000,0,0,0,10000,0,10000,10000
050185,和鑫元大95購02  ,0,0,0,0,0,0,0,0,0,10000,0,0,0,10000,0,10000,10000
050220,台積電元富96購01,0,0,0,0,0,0,0,0,0,10000,0,0,0,10000,0,10000,10000
049312,亞光凱基94購02  ,0,0,0,0,0,0,0,0,0,10000,0,0,0,48000,38000,10000,10000
049345,富邦金統一94購02,0,0,0,0,0,0,0,0,0,10000,0,0,0,20000,10000,10000,10000
049369,義隆元大95購01  ,0,0,0,0,0,0,0,0,0,10000,0,0,0,10000,0,10000,10000
052088,漢唐元大95購02  ,0,0,0,0,0,0,0,0,0,10000,0,0,0,10000,0,10000,10000
051960,美食永豐95購01  ,0,0,0,0,0,0,0,0,0,10000,0,0,0,10000,0,10000,10000
05202P,鴻海元大95售16  ,0,0,0,0,0,0,0,0,0,10000,0,0,0,10000,0,10000,10000
050135,禾伸堂兆豐95購01,0,0,0,0,0,0,0,0,0,10000,0,0,0,40000,30000,10000,10000
050783,旺宏國泰96購02  ,0,0,0,0,0,0,0,0,0,10000,0,0,0,22000,12000,10000,10000
050785,全新國泰96購01  ,0,0,0,0,0,0,0,0,0,10000,0,0,0,10000,0,10000,10000
049456,上海銀統一94購03,0,0,0,0,0,0,0,0,0,10000,0,0,0,10000,0,10000,10000
049445,遠東新統一94購01,0,0,0,0,0,0,0,0,0,10000,0,0,0,20000,10000,10000,10000
051476,聯發科凱基95購09,0,0,0,0,0,0,0,0,0,10000,0,0,0,15000,5000,10000,10000
049804,華固元大94購01  ,0,0,0,0,0,0,0,0,0,10000,0,0,0,10000,0,10000,10000
049763,美食國泰96購01  ,0,0,0,0,0,0,0,0,0,10000,0,0,0,10000,0,10000,10000
049769,和鑫元富96購01  ,0,0,0,0,0,0,0,0,0,10000,0,0,0,10000,0,10000,10000
049802,可成元大94購10  ,0,0,0,0,0,0,0,0,0,10000,0,0,0,10000,0,10000,10000
050337,南電國泰95購01  ,0,0,0,0,0,0,0,0,0,10000,0,0,0,20000,10000,10000,10000
050341,光寶科元富94購01,0,0,0,0,0,0,0,0,0,10000,0,0,0,12000,2000,10000,10000
050384,嘉澤國票94購02  ,0,0,0,0,0,0,0,0,0,10000,0,0,0,10000,0,10000,10000
050483,樺漢國票94購01  ,0,0,0,0,0,0,0,0,0,10000,0,0,0,10000,0,10000,10000
05043P,佳世達元富95售01,0,0,0,0,0,0,0,0,0,10000,0,0,0,10000,0,10000,10000
050417,喬山凱基94購01  ,0,0,0,0,0,0,0,0,0,10000,0,0,0,10000,0,10000,10000
050272,訊芯元大94購03  ,0,0,0,0,0,0,0,0,0,10000,0,0,0,10000,0,10000,10000
050290,南亞科凱基94購06,0,0,0,0,0,0,0,0,0,10000,0,0,0,10000,0,10000,10000
050567,道瓊銀中信96購01,0,0,0,0,0,0,0,0,0,10000,0,0,0,10000,0,10000,10000
050585,矽格國票94購01  ,0,0,0,0,0,0,0,0,0,10000,0,0,0,10000,0,10000,10000
050580,強茂國票95購01  ,0,0,0,0,0,0,0,0,0,10000,0,0,0,10000,0,10000,10000
053000,臺股指康和96購02,0,0,0,0,0,0,0,0,0,10000,0,0,0,10000,0,10000,10000
053021,國巨國泰97購04  ,0,0,0,0,0,0,0,0,0,10000,0,0,0,10000,0,10000,10000
05287P,鴻海元富95售09  ,0,0,0,0,0,0,0,0,0,10000,0,0,0,165000,155000,10000,10000
052704,TPK國票97購01   ,0,0,0,0,0,0,0,0,0,10000,0,0,0,10000,0,10000,10000
052849,可成統一97購01  ,0,0,0,0,0,0,0,0,0,10000,0,0,0,138000,128000,10000,10000
052750,臺股指元大96購04,0,0,0,0,0,0,0,0,0,10000,0,0,0,60000,50000,10000,10000
052751,臺股指元大96購05,0,0,0,0,0,0,0,0,0,10000,0,0,0,15000,5000,10000,10000
052665,緯穎國票96購03  ,0,0,0,0,0,0,0,0,0,10000,0,0,0,10000,0,10000,10000
052236,聯發科國票96購03,0,0,0,0,0,0,0,0,0,10000,0,0,0,10000,0,10000,10000
052336,矽力日盛95購01  ,0,0,0,0,0,0,0,0,0,10000,0,0,0,10000,0,10000,10000
052404,臻鼎凱基95購05  ,0,0,0,0,0,0,0,0,0,10000,0,0,0,10000,0,10000,10000
052388,旺宏群益96購05  ,0,0,0,0,0,0,0,0,0,10000,0,0,0,13000,3000,10000,10000
053434,國泰金日盛96購01,0,0,0,0,0,0,0,0,0,10000,0,0,0,10000,0,10000,10000
05350P,可成元富98售04  ,0,0,0,0,0,0,0,0,0,10000,0,0,0,10000,0,10000,10000
053513,義隆群益96購05  ,0,0,0,0,0,0,0,0,0,10000,0,0,0,10000,0,10000,10000
053535,宏達電永豐96購02,0,0,0,0,0,0,0,0,0,10000,0,0,0,74000,64000,10000,10000
053584,友達元大9B購02  ,0,0,0,0,0,0,0,0,0,10000,0,0,0,20000,10000,10000,10000
05369P,可成元富95售04  ,0,0,0,0,0,0,0,0,0,10000,0,0,0,10000,0,10000,10000
053703,緯穎兆豐96購01  ,0,0,0,0,0,0,0,0,0,10000,0,0,0,30000,20000,10000,10000
053643,漢唐國票97購02  ,0,0,0,0,0,0,0,0,0,10000,0,0,0,10000,0,10000,10000
053360,上証2X元富96購01,0,0,0,0,0,0,0,0,0,10000,0,0,0,10000,0,10000,10000
053310,彩晶凱基98購02  ,0,0,0,0,0,0,0,0,0,10000,0,0,0,10000,0,10000,10000
053273,國巨元大96購08  ,0,0,0,0,0,0,0,0,0,10000,0,0,0,58000,48000,10000,10000
053204,旺宏麥證96購01  ,0,0,0,10000,1000,9000,0,0,0,10000,0,0,0,11000,1000,10000,10000
05318P,臺股指永昌95售03,0,0,0,0,0,0,0,0,0,10000,0,0,0,40000,30000,10000,10000
053175,矽力群益96購01  ,0,0,0,0,0,0,0,0,0,10000,0,0,0,25000,15000,10000,10000
053037,國巨凱基96購08  ,0,0,0,0,0,0,0,0,0,10000,0,0,0,191000,181000,10000,10000
053084,國巨元大98購01  ,0,0,0,0,0,0,0,0,0,10000,0,0,0,14000,4000,10000,10000
053097,超眾統一96購03  ,0,0,0,0,0,0,0,0,0,10000,0,0,0,20000,10000,10000,10000
054468,台郡凱基98購01  ,0,0,0,0,0,0,0,0,0,10000,0,0,0,15000,5000,10000,10000
054440,TPK台新98購01   ,0,0,0,0,0,0,0,0,0,10000,0,0,0,10000,0,10000,10000
054448,矽力兆豐96購01  ,0,0,0,0,0,0,0,0,0,10000,0,0,0,10000,0,10000,10000
054581,訊芯元大97購02  ,0,0,0,0,0,0,0,0,0,10000,0,0,0,147000,137000,10000,10000
05459P,聯詠凱基95售03  ,0,0,0,0,0,0,0,0,0,10000,0,0,0,10000,0,10000,10000
054600,中壽台新97購01  ,0,0,0,0,0,0,0,0,0,10000,0,0,0,10000,0,10000,10000
054586,健鼎國泰99購01  ,0,0,0,0,0,0,0,0,0,10000,0,0,0,10000,0,10000,10000
054666,強茂元富97購01  ,0,0,0,0,0,0,0,0,0,10000,0,0,0,10000,0,10000,10000
054930,群電凱基98購01  ,0,0,0,0,0,0,0,0,0,10000,0,0,0,10000,0,10000,10000
054787,華新科群益97購04,0,0,0,0,0,0,0,0,0,10000,0,0,0,10000,0,10000,10000
054723,鴻海日盛97購01  ,0,0,0,0,0,0,0,0,0,10000,0,0,0,10000,0,10000,10000
05472P,國巨統一96售02  ,0,0,0,0,0,0,0,0,0,10000,0,0,0,10000,0,10000,10000
054736,南亞科凱基98購01,0,0,0,0,0,0,0,0,0,10000,0,0,0,13000,3000,10000,10000
054818,奇力新元大97購05,0,0,0,0,0,0,0,0,0,10000,0,0,0,11000,1000,10000,10000
054819,裕民元大9A購01  ,0,0,0,0,0,0,0,0,0,10000,0,0,0,20000,10000,10000,10000
054857,信錦群益97購01  ,0,0,0,0,0,0,0,0,0,10000,0,0,0,20000,10000,10000,10000
054292,欣興元大96購06  ,0,0,0,0,0,0,0,0,0,10000,0,0,0,22000,12000,10000,10000
054232,台積電群益96購12,0,0,0,0,0,0,0,0,0,10000,0,0,0,40000,30000,10000,10000
054247,華邦電元大96購04,0,0,0,0,0,0,0,0,0,10000,0,0,0,10000,0,10000,10000
054091,晶豪科群益96購01,0,0,0,0,0,0,0,0,0,10000,0,0,0,11000,1000,10000,10000
054078,鴻海中信98購01  ,0,0,0,0,0,0,0,0,0,10000,0,0,0,10000,0,10000,10000
054083,智伸科元富96購01,0,0,0,0,0,0,0,0,0,10000,0,0,0,10000,0,10000,10000
054188,欣興永豐96購03  ,0,0,0,0,0,0,0,0,0,10000,0,0,0,118000,108000,10000,10000
05421P,鴻海元大96售12  ,0,0,0,0,0,0,0,0,0,10000,0,0,0,275000,265000,10000,10000
054052,日月光元大96購06,0,0,0,0,0,0,0,0,0,10000,0,0,0,10000,0,10000,10000
053918,美律國票97購01  ,0,0,0,0,0,0,0,0,0,10000,0,0,0,10000,0,10000,10000
053913,華新國票97購01  ,0,0,0,0,0,0,0,0,0,10000,0,0,0,10000,0,10000,10000
053915,光罩國票96購02  ,0,0,0,0,0,0,0,0,0,10000,0,0,0,10000,0,10000,10000
053907,揚明光凱基96購01,0,0,0,0,0,0,0,0,0,10000,0,0,0,10000,0,10000,10000
053821,群創群益98購08  ,0,0,0,0,0,0,0,0,0,10000,0,0,0,10000,0,10000,10000
053805,奇鋐凱基98購02  ,0,0,0,0,0,0,0,0,0,10000,0,0,0,82000,72000,10000,10000
05987P,健策統一96售02  ,0,0,0,0,0,0,0,0,0,10000,0,0,0,10000,0,10000,10000
05973P,聯詠元大96售06  ,0,0,0,0,0,0,0,0,0,10000,0,0,0,20000,10000,10000,10000
05954P,旺宏國票97售03  ,0,0,0,0,0,0,0,0,0,10000,0,0,0,50000,40000,10000,10000
06032P,健策群益97售03  ,0,0,0,0,0,0,0,0,0,10000,0,0,0,11000,1000,10000,10000
06107P,美律群益98售02  ,0,0,0,0,0,0,0,0,0,10000,0,0,0,30000,20000,10000,10000
06362P,臺股指麥證97售01,0,0,0,10000,0,10000,0,0,0,10000,0,0,0,10000,0,10000,10000
06439P,上銀凱基98售02  ,0,0,0,0,0,0,0,0,0,10000,0,0,0,10000,0,10000,10000
06406P,可成元富97售04  ,0,0,0,0,0,0,0,0,0,10000,0,0,0,10000,0,10000,10000
06560P,台積電統一98售07,0,0,0,0,0,0,0,0,0,10000,0,0,0,10000,0,10000,10000
06542P,台光電國票98售05,0,0,0,0,0,0,0,0,0,10000,0,0,0,19000,9000,10000,10000
06593P,欣興元大98售05  ,0,0,0,0,0,0,0,0,0,10000,0,0,0,57000,47000,10000,10000
06653P,美食元大98售02  ,0,0,0,0,0,0,0,0,0,10000,0,0,0,10000,0,10000,10000
1234,黑松            ,11000,1000,10000,0,0,0,0,0,0,0,0,0,0,0,0,0,10000
055884,臺股指元富97購01,0,0,0,0,0,0,0,0,0,9000,0,0,0,9000,0,9000,9000
055862,矽力元大97購04  ,0,0,0,0,0,0,0,0,0,9000,0,0,0,10000,1000,9000,9000
056105,智原永豐97購01  ,0,0,0,0,0,0,0,0,0,9000,0,0,0,11000,2000,9000,9000
055984,大立光元富97購02,0,0,0,0,0,0,0,0,0,9000,0,0,0,9000,0,9000,9000
056862,聯發科群益98購03,0,0,0,0,0,0,0,0,0,9000,0,0,0,17000,8000,9000,9000
056965,全新永豐98購01  ,0,0,0,0,0,0,0,0,0,9000,0,0,0,11000,2000,9000,9000
056972,祥碩永豐98購02  ,0,0,0,0,0,0,0,0,0,9000,0,0,0,18000,9000,9000,9000
056475,宏達電元大99購02,0,0,0,0,0,0,0,0,0,9000,0,0,0,28000,19000,9000,9000
056560,旺宏群益98購03  ,0,0,0,0,0,0,0,0,0,9000,0,0,0,34000,25000,9000,9000
04382P,美律國泰95售01  ,0,0,0,0,0,0,0,0,0,9000,0,0,0,19000,10000,9000,9000
047235,嘉澤凱基93購01  ,0,0,0,0,0,0,0,0,0,9000,0,0,0,39000,30000,9000,9000
048298,華通麥證94購01  ,0,0,0,9000,0,9000,0,0,0,9000,0,0,0,9000,0,9000,9000
044296,嘉聯益凱基93購01,0,0,0,0,0,0,0,0,0,9000,0,0,0,9000,0,9000,9000
00652,富邦印度        ,20000,0,20000,0,0,0,0,0,0,-11000,0,0,0,0,11000,-11000,9000
048567,台郡元大93購03  ,0,0,0,0,0,0,0,0,0,9000,0,0,0,11000,2000,9000,9000
048533,景碩國票94購01  ,0,0,0,0,0,0,0,0,0,9000,0,0,0,10000,1000,9000,9000
048157,美律兆豐93購01  ,0,0,0,0,0,0,0,0,0,9000,0,0,0,9000,0,9000,9000
047655,聯發科兆豐93購02,0,0,0,0,0,0,0,0,0,9000,0,0,0,25000,16000,9000,9000
051452,貿聯元大95購04  ,0,0,0,0,0,0,0,0,0,9000,0,0,0,70000,61000,9000,9000
050372,全新元大96購03  ,0,0,0,0,0,0,0,0,0,9000,0,0,0,12000,3000,9000,9000
049828,華新科凱基94購06,0,0,0,0,0,0,0,0,0,9000,0,0,0,39000,30000,9000,9000
049501,台郡元大95購01  ,0,0,0,0,0,0,0,0,0,9000,0,0,0,9000,0,9000,9000
050152,聯發科群益94購07,0,0,0,0,0,0,0,0,0,9000,0,0,0,61000,52000,9000,9000
051871,同欣電凱基95購02,0,0,0,0,0,0,0,0,0,9000,0,0,0,25000,16000,9000,9000
052072,健策統一95購02  ,0,0,0,0,0,0,0,0,0,9000,0,0,0,53000,44000,9000,9000
049324,臺股指凱基94購06,0,0,0,0,0,0,0,0,0,9000,0,0,0,12000,3000,9000,9000
048644,華固元大93購01  ,0,0,0,0,0,0,0,0,0,9000,0,0,0,9000,0,9000,9000
048937,玉晶光永豐95購01,0,0,0,0,0,0,0,0,0,9000,0,0,0,308000,299000,9000,9000
04890P,台積電元大95售05,0,0,0,0,0,0,0,0,0,9000,0,0,0,99000,90000,9000,9000
048911,玉晶光富邦96購01,0,0,0,0,0,0,0,0,0,9000,0,0,0,9000,0,9000,9000
049847,旺宏群益94購04  ,0,0,0,0,0,0,0,0,0,9000,0,0,0,21000,12000,9000,9000
049951,全新群益94購03  ,0,0,0,0,0,0,0,0,0,9000,0,0,0,10000,1000,9000,9000
053829,力成麥證96購01  ,0,0,0,19000,10000,9000,0,0,0,9000,0,0,0,19000,10000,9000,9000
054019,燿華台新96購01  ,0,0,0,0,0,0,0,0,0,9000,0,0,0,9000,0,9000,9000
054177,牧德台新97購01  ,0,0,0,0,0,0,0,0,0,9000,0,0,0,12000,3000,9000,9000
054169,上緯控凱基98購01,0,0,0,0,0,0,0,0,0,9000,0,0,0,11000,2000,9000,9000
054870,新日興群益98購01,0,0,0,0,0,0,0,0,0,9000,0,0,0,72000,63000,9000,9000
054710,東元元富97購01  ,0,0,0,0,0,0,0,0,0,9000,0,0,0,137000,128000,9000,9000
053212,友達凱基99購04  ,0,0,0,0,0,0,0,0,0,9000,0,0,0,20000,11000,9000,9000
053374,台達電元大96購03,0,0,0,0,0,0,0,0,0,9000,0,0,0,10000,1000,9000,9000
053523,T50反1中信9A購01,0,0,0,0,0,0,0,0,0,9000,0,0,0,80000,71000,9000,9000
052606,聯發科元大97購04,0,0,0,0,0,0,0,0,0,9000,0,0,0,252000,243000,9000,9000
052579,亞泥元富96購01  ,0,0,0,0,0,0,0,0,0,9000,0,0,0,35000,26000,9000,9000
05246P,南電元大95售04  ,0,0,0,0,0,0,0,0,0,9000,0,0,0,9000,0,9000,9000
052650,台郡永豐96購01  ,0,0,0,0,0,0,0,0,0,9000,0,0,0,48000,39000,9000,9000
052907,嘉澤國票97購01  ,0,0,0,0,0,0,0,0,0,9000,0,0,0,24000,15000,9000,9000
1537,廣隆            ,36000,27000,9000,0,0,0,0,0,0,0,0,0,0,0,0,0,9000
2486,一詮            ,27000,19000,8000,0,0,0,0,0,0,1000,1000,0,1000,0,0,0,9000
06575P,大立光永昌99售02,0,0,0,0,0,0,0,0,0,9000,0,0,0,38000,29000,9000,9000
06235P,國巨元大97售12  ,0,0,0,0,0,0,0,0,0,9000,0,0,0,74000,65000,9000,9000
06023P,超眾國票96售03  ,0,0,0,0,0,0,0,0,0,9000,0,0,0,9000,0,9000,9000
5234,達興材料        ,26000,22000,4000,0,0,0,0,0,0,5000,5000,0,5000,0,0,0,9000
056628,矽創永豐98購01  ,0,0,0,0,0,0,0,0,0,8000,0,0,0,132000,124000,8000,8000
05664P,國巨凱基96售09  ,0,0,0,0,0,0,0,0,0,8000,0,0,0,10000,2000,8000,8000
056806,元油2X統一98購02,0,0,0,0,0,0,0,0,0,8000,0,0,0,8000,0,8000,8000
056279,新日興富邦99購01,0,0,0,0,0,0,0,0,0,8000,0,0,0,122000,114000,8000,8000
056385,創意國泰99購01  ,0,0,0,0,0,0,0,0,0,8000,0,0,0,20000,12000,8000,8000
057113,祥碩群益98購01  ,0,0,0,0,0,0,0,0,0,8000,0,0,0,30000,22000,8000,8000
057028,台郡凱基99購02  ,0,0,0,0,0,0,0,0,0,8000,0,0,0,10000,2000,8000,8000
05892P,大立光中信98售03,0,0,0,0,0,0,0,0,0,8000,0,0,0,17000,9000,8000,8000
055745,臻鼎元富97購01  ,0,0,0,0,0,0,0,0,0,8000,0,0,0,65000,57000,8000,8000
055156,華新科元大99購02,0,0,0,0,0,0,0,0,0,8000,0,0,0,59000,51000,8000,8000
055603,超眾元大97購04  ,0,0,0,0,0,0,0,0,0,8000,0,0,0,8000,0,8000,8000
051416,創意國票96購02  ,0,0,0,0,0,0,0,0,0,8000,0,0,0,38000,30000,8000,8000
046383,群創凱基98購01  ,0,0,0,0,0,0,0,0,0,8000,0,0,0,14000,6000,8000,8000
046324,健策元大92購05  ,0,0,0,0,0,0,0,0,0,8000,0,0,0,11000,3000,8000,8000
046848,和大元大93購01  ,0,0,0,0,0,0,0,0,0,8000,0,0,0,8000,0,8000,8000
047541,深中小凱基94購01,0,0,0,0,0,0,0,0,0,8000,0,0,0,23000,15000,8000,8000
046913,世紀鋼凱基93購07,0,0,0,0,0,0,0,0,0,8000,0,0,0,8000,0,8000,8000
006208,富邦台50        ,0,0,0,0,0,0,0,0,0,8000,0,0,0,498000,490000,8000,8000
00714,群益道瓊美國地產,1000,0,1000,0,0,0,0,0,0,7000,0,0,0,107000,100000,7000,8000
04203P,超眾元大93售04  ,0,0,0,0,0,0,0,0,0,8000,0,0,0,8000,0,8000,8000
046060,台塑凱基92購01  ,0,0,0,0,0,0,0,0,0,8000,0,0,0,8000,0,8000,8000
04599P,南亞科凱基94售03,0,0,0,0,0,0,0,0,0,8000,0,0,0,58000,50000,8000,8000
042929,台積電中信95購02,0,0,0,0,0,0,0,0,0,8000,0,0,0,9000,1000,8000,8000
04410P,大立光統一94售05,0,0,0,0,0,0,0,0,0,8000,0,0,0,16000,8000,8000,8000
044088,國巨元富95購01  ,0,0,0,0,0,0,0,0,0,8000,0,0,0,8000,0,8000,8000
045252,國巨凱基93購03  ,0,0,0,0,0,0,0,0,0,8000,0,0,0,8000,0,8000,8000
044908,玉晶光凱基93購01,0,0,0,0,0,0,0,0,0,8000,0,0,0,11000,3000,8000,8000
04715P,聯茂元大94售06  ,0,0,0,0,0,0,0,0,0,8000,0,0,0,8000,0,8000,8000
04355P,大立光永豐94售02,0,0,0,0,0,0,0,0,0,8000,0,0,0,8000,0,8000,8000
043730,旭富國泰93購01  ,0,0,0,0,0,0,0,0,0,8000,0,0,0,8000,0,8000,8000
051761,富邦金元大96購01,0,0,0,0,0,0,0,0,0,8000,0,0,0,8000,0,8000,8000
051741,可成國票97購01  ,0,0,0,0,0,0,0,0,0,8000,0,0,0,15000,7000,8000,8000
049255,旺宏元大97購02  ,0,0,0,0,0,0,0,0,0,8000,0,0,0,48000,40000,8000,8000
049589,奇力新元大95購02,0,0,0,0,0,0,0,0,0,8000,0,0,0,8000,0,8000,8000
051937,廣達群益95購01  ,0,0,0,0,0,0,0,0,0,8000,0,0,0,30000,22000,8000,8000
051917,瑞儀元大95購01  ,0,0,0,0,0,0,0,0,0,8000,0,0,0,8000,0,8000,8000
051962,晶相光永豐95購02,0,0,0,0,0,0,0,0,0,8000,0,0,0,39000,31000,8000,8000
049493,可成元大94購05  ,0,0,0,0,0,0,0,0,0,8000,0,0,0,50000,42000,8000,8000
052731,宏達電國泰98購01,0,0,0,0,0,0,0,0,0,8000,0,0,0,77000,69000,8000,8000
052501,茂林永豐95購04  ,0,0,0,0,0,0,0,0,0,8000,0,0,0,68000,60000,8000,8000
052373,鴻海元大95購22  ,0,0,0,0,0,0,0,0,0,8000,0,0,0,9000,1000,8000,8000
052274,大立光群益95購03,0,0,0,0,0,0,0,0,0,8000,0,0,0,11000,3000,8000,8000
053472,漢唐元大96購02  ,0,0,0,0,0,0,0,0,0,8000,0,0,0,10000,2000,8000,8000
053615,光罩群益96購01  ,0,0,0,0,0,0,0,0,0,8000,0,0,0,13000,5000,8000,8000
053371,滬深2X元大99購01,0,0,0,0,0,0,0,0,0,8000,0,0,0,15000,7000,8000,8000
053345,欣興國票97購02  ,0,0,0,0,0,0,0,0,0,8000,0,0,0,43000,35000,8000,8000
053337,聯電國票97購01  ,0,0,0,0,0,0,0,0,0,8000,0,0,0,26000,18000,8000,8000
054588,玉晶光國泰99購02,0,0,0,0,0,0,0,0,0,8000,0,0,0,18000,10000,8000,8000
054604,麗豐台新98購01  ,0,0,0,0,0,0,0,0,0,8000,0,0,0,20000,12000,8000,8000
05456P,鴻海凱基95售19  ,0,0,0,0,0,0,0,0,0,8000,0,0,0,13000,5000,8000,8000
054969,亞翔元大97購01  ,0,0,0,0,0,0,0,0,0,8000,0,0,0,38000,30000,8000,8000
054082,楠梓電元富96購01,0,0,0,0,0,0,0,0,0,8000,0,0,0,51000,43000,8000,8000
06061P,訊芯統一97售01  ,0,0,0,0,0,0,0,0,0,8000,0,0,0,20000,12000,8000,8000
05984P,台積電統一98售01,0,0,0,0,0,0,0,0,0,8000,0,0,0,20000,12000,8000,8000
06616P,國巨元大98售15  ,0,0,0,0,0,0,0,0,0,8000,0,0,0,8000,0,8000,8000
3416,融程電          ,8000,0,8000,0,0,0,0,0,0,0,0,0,0,0,0,0,8000
3003,健和興          ,43000,39000,4000,0,0,0,0,0,0,4000,0,0,0,4000,0,4000,8000
1532,勤美            ,99000,91000,8000,0,0,0,0,0,0,0,0,0,0,0,0,0,8000
1762,中化生          ,86000,78000,8000,0,0,0,0,0,0,0,0,0,0,0,0,0,8000
055780,禾伸堂凱基99購01,0,0,0,0,0,0,0,0,0,7000,0,0,0,54000,47000,7000,7000
055776,宏達電凱基98購02,0,0,0,0,0,0,0,0,0,7000,0,0,0,25000,18000,7000,7000
05605P,嘉聯益元大97售02,0,0,0,0,0,0,0,0,0,7000,0,0,0,7000,0,7000,7000
056095,臻鼎元富9A購01  ,0,0,0,0,0,0,0,0,0,7000,0,0,0,7000,0,7000,7000
056154,宏達電凱基97購03,0,0,0,0,0,0,0,0,0,7000,0,0,0,23000,16000,7000,7000
056169,鴻海元富97購08  ,0,0,0,0,0,0,0,0,0,7000,0,0,0,10000,3000,7000,7000
056233,超眾凱基97購02  ,0,0,0,0,0,0,0,0,0,7000,0,0,0,11000,4000,7000,7000
05817P,可成凱基96售07  ,0,0,0,0,0,0,0,0,0,7000,0,0,0,10000,3000,7000,7000
05810P,臺股指國票96售03,0,0,0,0,0,0,0,0,0,7000,0,0,0,167000,160000,7000,7000
057172,南亞科元大98購03,0,0,0,0,0,0,0,0,0,7000,0,0,0,103000,96000,7000,7000
056996,矽力日盛99購01  ,0,0,0,0,0,0,0,0,0,7000,0,0,0,20000,13000,7000,7000
056844,欣興元富98購03  ,0,0,0,0,0,0,0,0,0,7000,0,0,0,17000,10000,7000,7000
056834,華新元富99購01  ,0,0,0,0,0,0,0,0,0,7000,0,0,0,7000,0,7000,7000
056597,宏碁元富98購01  ,0,0,0,0,0,0,0,0,0,7000,0,0,0,7000,0,7000,7000
05922P,京元電兆豐96售01,0,0,0,0,0,0,0,0,0,7000,0,0,0,7000,0,7000,7000
04308P,京元電凱基93售06,0,0,0,0,0,0,0,0,0,7000,0,0,0,15000,8000,7000,7000
044983,玉晶光國票93購01,0,0,0,0,0,0,0,0,0,7000,0,0,0,7000,0,7000,7000
044768,深中小元大94購02,0,0,0,0,0,0,0,0,0,7000,0,0,0,7000,0,7000,7000
048575,旺宏國泰94購04  ,0,0,0,0,0,0,0,0,0,7000,0,0,0,8000,1000,7000,7000
047930,嘉澤凱基93購03  ,0,0,0,0,0,0,0,0,0,7000,0,0,0,20000,13000,7000,7000
04786P,鴻海永昌96售01  ,0,0,0,0,0,0,0,0,0,7000,0,0,0,7000,0,7000,7000
046813,聯電凱基96購01  ,0,0,0,0,0,0,0,0,0,7000,0,0,0,11000,4000,7000,7000
051438,喬山元大95購03  ,0,0,0,0,0,0,0,0,0,7000,0,0,0,7000,0,7000,7000
05108P,欣興中信95售02  ,0,0,0,0,0,0,0,0,0,7000,0,0,0,7000,0,7000,7000
04965P,日月光元大94售02,0,0,0,0,0,0,0,0,0,7000,0,0,0,27000,20000,7000,7000
049646,旺宏凱基94購01  ,0,0,0,0,0,0,0,0,0,7000,0,0,0,13000,6000,7000,7000
051913,緯創元大96購01  ,0,0,0,0,0,0,0,0,0,7000,0,0,0,60000,53000,7000,7000
050191,和碩元大94購02  ,0,0,0,0,0,0,0,0,0,7000,0,0,0,13000,6000,7000,7000
05183P,台積電元富95售07,0,0,0,0,0,0,0,0,0,7000,0,0,0,7000,0,7000,7000
049508,上銀凱基94購04  ,0,0,0,0,0,0,0,0,0,7000,0,0,0,27000,20000,7000,7000
050031,嘉澤元大95購01  ,0,0,0,0,0,0,0,0,0,7000,0,0,0,168000,161000,7000,7000
048719,亞光永豐94購01  ,0,0,0,0,0,0,0,0,0,7000,0,0,0,52000,45000,7000,7000
049045,上海銀兆豐94購01,0,0,0,0,0,0,0,0,0,7000,0,0,0,7000,0,7000,7000
051721,玉晶光永豐96購02,0,0,0,0,0,0,0,0,0,7000,0,0,0,7000,0,7000,7000
051789,嘉澤國票96購01  ,0,0,0,0,0,0,0,0,0,7000,0,0,0,7000,0,7000,7000
051536,玉晶光國票97購01,0,0,0,0,0,0,0,0,0,7000,0,0,0,33000,26000,7000,7000
049923,智原元大95購02  ,0,0,0,0,0,0,0,0,0,7000,0,0,0,10000,3000,7000,7000
054085,華新科統一96購04,0,0,0,0,0,0,0,0,0,7000,0,0,0,10000,3000,7000,7000
054017,茂林永豐96購02  ,0,0,0,0,0,0,0,0,0,7000,0,0,0,24000,17000,7000,7000
054752,易華電凱基97購02,0,0,0,0,0,0,0,0,0,7000,0,0,0,107000,100000,7000,7000
054656,深中小元大97購01,0,0,0,0,0,0,0,0,0,7000,0,0,0,7000,0,7000,7000
054519,禾伸堂元大97購02,0,0,0,0,0,0,0,0,0,7000,0,0,0,7000,0,7000,7000
053183,大立光元富96購03,0,0,0,0,0,0,0,0,0,7000,0,0,0,7000,0,7000,7000
052396,台積電凱基97購01,0,0,0,0,0,0,0,0,0,7000,0,0,0,7000,0,7000,7000
052514,嘉澤凱基96購01  ,0,0,0,0,0,0,0,0,0,7000,0,0,0,17000,10000,7000,7000
1540,喬福            ,7000,0,7000,0,0,0,0,0,0,0,0,0,0,0,0,0,7000
1316,上曜            ,24000,17000,7000,0,0,0,0,0,0,0,0,0,0,0,0,0,7000
2062,橋椿            ,7000,0,7000,0,0,0,0,0,0,0,0,0,0,0,0,0,7000
3679,新至陞          ,23000,7000,16000,0,0,0,0,0,0,-9000,0,9000,-9000,0,0,0,7000
2705,六福            ,9000,2000,7000,0,0,0,0,0,0,0,0,0,0,0,0,0,7000
06459P,亞德客元富98售01,0,0,0,0,0,0,0,0,0,7000,0,0,0,22000,15000,7000,7000
06294P,臺股指國票97售08,0,0,0,0,0,0,0,0,0,7000,0,0,0,8000,1000,7000,7000
06167P,欣興國票97售05  ,0,0,0,0,0,0,0,0,0,7000,0,0,0,7000,0,7000,7000
5225,東科-KY         ,20000,13000,7000,0,0,0,0,0,0,0,0,0,0,0,0,0,7000
8481,政伸            ,10000,3000,7000,0,0,0,0,0,0,0,0,0,0,0,0,0,7000
8473,山林水          ,11000,4000,7000,0,0,0,0,0,0,0,0,0,0,0,0,0,7000
1708,東鹼            ,9050,3000,6050,0,0,0,0,0,0,0,0,0,0,0,0,0,6050
056614,智邦永豐98購01  ,0,0,0,0,0,0,0,0,0,6000,0,0,0,120000,114000,6000,6000
056602,嘉澤國泰99購01  ,0,0,0,0,0,0,0,0,0,6000,0,0,0,20000,14000,6000,6000
056705,超眾國泰99購01  ,0,0,0,0,0,0,0,0,0,6000,0,0,0,22000,16000,6000,6000
056372,訊芯元大98購04  ,0,0,0,0,0,0,0,0,0,6000,0,0,0,26000,20000,6000,6000
056483,TPK元大98購01   ,0,0,0,0,0,0,0,0,0,6000,0,0,0,10000,4000,6000,6000
056867,華通麥證98購01  ,0,0,0,6000,0,6000,0,0,0,6000,0,0,0,6000,0,6000,6000
05772P,景碩凱基96售02  ,0,0,0,0,0,0,0,0,0,6000,0,0,0,6000,0,6000,6000
057207,立積元富98購02  ,0,0,0,0,0,0,0,0,0,6000,0,0,0,42000,36000,6000,6000
057221,華通國票98購03  ,0,0,0,0,0,0,0,0,0,6000,0,0,0,9000,3000,6000,6000
056176,創意元富97購01  ,0,0,0,0,0,0,0,0,0,6000,0,0,0,6000,0,6000,6000
056151,建準凱基97購01  ,0,0,0,0,0,0,0,0,0,6000,0,0,0,6000,0,6000,6000
05608P,聯發科凱基96售10,0,0,0,0,0,0,0,0,0,6000,0,0,0,6000,0,6000,6000
055886,上銀統一97購02  ,0,0,0,0,0,0,0,0,0,6000,0,0,0,22000,16000,6000,6000
055939,GIS群益97購01   ,0,0,0,0,0,0,0,0,0,6000,0,0,0,6000,0,6000,6000
05519P,上証2X凱基98售01,0,0,0,0,0,0,0,0,0,6000,0,0,0,10000,4000,6000,6000
051035,百和兆豐95購01  ,0,0,0,0,0,0,0,0,0,6000,0,0,0,6000,0,6000,6000
051015,南亞科凱基95購04,0,0,0,0,0,0,0,0,0,6000,0,0,0,32000,26000,6000,6000
051286,國巨統一97購01  ,0,0,0,0,0,0,0,0,0,6000,0,0,0,6000,0,6000,6000
04771P,友達元大96售02  ,0,0,0,0,0,0,0,0,0,6000,0,0,0,6000,0,6000,6000
048101,致伸凱基93購05  ,0,0,0,0,0,0,0,0,0,6000,0,0,0,6000,0,6000,6000
046620,智伸科凱基93購01,0,0,0,0,0,0,0,0,0,6000,0,0,0,16000,10000,6000,6000
047612,瑞昱群益93購03  ,0,0,0,0,0,0,0,0,0,6000,0,0,0,21000,15000,6000,6000
046927,上銀富邦95購01  ,0,0,0,0,0,0,0,0,0,6000,0,0,0,6000,0,6000,6000
044853,亞光國泰93購01  ,0,0,0,0,0,0,0,0,0,6000,0,0,0,8000,2000,6000,6000
044512,奇力新凱基93購02,0,0,0,0,0,0,0,0,0,6000,0,0,0,10000,4000,6000,6000
04462P,全新元富96售01  ,0,0,0,0,0,0,0,0,0,6000,0,0,0,31000,25000,6000,6000
043854,華新科富邦93購01,0,0,0,0,0,0,0,0,0,6000,0,0,0,11000,5000,6000,6000
045732,儒鴻國票93購01  ,0,0,0,0,0,0,0,0,0,6000,0,0,0,6000,0,6000,6000
04556P,大成鋼群益94售02,0,0,0,0,0,0,0,0,0,6000,0,0,0,6000,0,6000,6000
03351P,台積電麥證02售07,0,0,0,0,0,0,0,0,0,6000,0,0,0,6000,0,6000,6000
03849P,大成鋼凱基93售03,0,0,0,0,0,0,0,0,0,6000,0,0,0,6000,0,6000,6000
04035P,全新群益93售03  ,0,0,0,0,0,0,0,0,0,6000,0,0,0,6000,0,6000,6000
03444P,道瓊銀群益02售04,0,0,0,0,0,0,0,0,0,6000,0,0,0,12000,6000,6000,6000
042705,台積電亞東93購01,0,0,0,0,0,0,0,0,0,6000,0,0,0,6000,0,6000,6000
03064X,元展59          ,0,0,0,0,0,0,0,0,0,6000,0,0,0,6000,0,6000,6000
00689R,國泰20年美債反1 ,0,0,0,0,0,0,0,0,0,6000,0,0,0,106000,100000,6000,6000
0053,元大電子        ,0,0,0,0,0,0,0,0,0,6000,0,0,0,6000,0,6000,6000
051562,玉晶光國泰97購05,0,0,0,0,0,0,0,0,0,6000,0,0,0,6000,0,6000,6000
049958,華新科統一94購08,0,0,0,0,0,0,0,0,0,6000,0,0,0,6000,0,6000,6000
049987,智易凱基94購03  ,0,0,0,0,0,0,0,0,0,6000,0,0,0,6000,0,6000,6000
051254,健策元大96購04  ,0,0,0,0,0,0,0,0,0,6000,0,0,0,32000,26000,6000,6000
050984,大立光國泰97購01,0,0,0,0,0,0,0,0,0,6000,0,0,0,27000,21000,6000,6000
051769,矽力元大95購01  ,0,0,0,0,0,0,0,0,0,6000,0,0,0,6000,0,6000,6000
048945,訊連永豐94購01  ,0,0,0,0,0,0,0,0,0,6000,0,0,0,43000,37000,6000,6000
050058,國巨凱基94購06  ,0,0,0,0,0,0,0,0,0,6000,0,0,0,7000,1000,6000,6000
04980P,臺股指凱基96售08,0,0,0,0,0,0,0,0,0,6000,0,0,0,675000,669000,6000,6000
050484,世紀鋼國票95購02,0,0,0,0,0,0,0,0,0,6000,0,0,0,6000,0,6000,6000
052432,康友永豐95購04  ,0,0,0,0,0,0,0,0,0,6000,0,0,0,26000,20000,6000,6000
052357,揚明光永豐95購03,0,0,0,0,0,0,0,0,0,6000,0,0,0,6000,0,6000,6000
05222P,致伸凱基95售02  ,0,0,0,0,0,0,0,0,0,6000,0,0,0,6000,0,6000,6000
052715,可成凱基96購01  ,0,0,0,0,0,0,0,0,0,6000,0,0,0,6000,0,6000,6000
053090,新唐元大96購01  ,0,0,0,0,0,0,0,0,0,6000,0,0,0,56000,50000,6000,6000
053654,聯發科凱基98購01,0,0,0,0,0,0,0,0,0,6000,0,0,0,36000,30000,6000,6000
053482,矽力元大96購03  ,0,0,0,0,0,0,0,0,0,6000,0,0,0,6000,0,6000,6000
054520,健鼎元大96購02  ,0,0,0,0,0,0,0,0,0,6000,0,0,0,93000,87000,6000,6000
054803,味全元大9A購01  ,0,0,0,0,0,0,0,0,0,6000,0,0,0,18000,12000,6000,6000
053975,大立光元大98購04,0,0,0,0,0,0,0,0,0,6000,0,0,0,21000,15000,6000,6000
053940,康友元富96購01  ,0,0,0,0,0,0,0,0,0,6000,0,0,0,29000,23000,6000,6000
054276,國巨群益96購07  ,0,0,0,0,0,0,0,0,0,6000,0,0,0,6000,0,6000,6000
1626,艾美特-KY       ,21000,15000,6000,0,0,0,0,0,0,0,0,0,0,0,0,0,6000
1437,勤益控          ,13000,7000,6000,0,0,0,0,0,0,0,0,0,0,0,0,0,6000
2527,宏璟            ,15000,9000,6000,0,0,0,0,0,0,0,0,0,0,0,0,0,6000
06242P,大立光元富9A售02,0,0,0,0,0,0,0,0,0,6000,0,0,0,29000,23000,6000,6000
05998P,台積電元大97售12,0,0,0,0,0,0,0,0,0,6000,0,0,0,192000,186000,6000,6000
06313P,訊芯元富97售01  ,0,0,0,0,0,0,0,0,0,6000,0,0,0,126000,120000,6000,6000
06318P,臺股指元富97售05,0,0,0,0,0,0,0,0,0,6000,0,0,0,11000,5000,6000,6000
06605P,玉晶光元富98售03,0,0,0,0,0,0,0,0,0,6000,0,0,0,7000,1000,6000,6000
06480P,上銀凱基98售04  ,0,0,0,0,0,0,0,0,0,6000,0,0,0,6000,0,6000,6000
6698,旭暉應材        ,13000,11000,2000,0,0,0,0,0,0,4000,5000,1000,4000,0,0,0,6000
4108,懷特            ,6000,0,6000,0,0,0,0,0,0,0,0,0,0,0,0,0,6000
055204,宏達電中信99購01,0,0,0,0,0,0,0,0,0,5000,0,0,0,5000,0,5000,5000
055077,臺股指永豐97購02,0,0,0,0,0,0,0,0,0,5000,0,0,0,5000,0,5000,5000
055330,上銀兆豐98購02  ,0,0,0,0,0,0,0,0,0,5000,0,0,0,5000,0,5000,5000
055678,上銀凱基97購02  ,0,0,0,0,0,0,0,0,0,5000,0,0,0,5000,0,5000,5000
055952,上銀元大97購08  ,0,0,0,0,0,0,0,0,0,5000,0,0,0,6000,1000,5000,5000
057282,大立光元大99購06,0,0,0,0,0,0,0,0,0,5000,0,0,0,6000,1000,5000,5000
05853P,欣興群益96售05  ,0,0,0,0,0,0,0,0,0,5000,0,0,0,20000,15000,5000,5000
05870P,聯發科凱基96售19,0,0,0,0,0,0,0,0,0,5000,0,0,0,57000,52000,5000,5000
056890,國巨元大98購11  ,0,0,0,0,0,0,0,0,0,5000,0,0,0,125000,120000,5000,5000
056967,奇鋐永豐98購01  ,0,0,0,0,0,0,0,0,0,5000,0,0,0,29000,24000,5000,5000
056418,台光電元富98購01,0,0,0,0,0,0,0,0,0,5000,0,0,0,5000,0,5000,5000
056702,欣興國泰9A購01  ,0,0,0,0,0,0,0,0,0,5000,0,0,0,30000,25000,5000,5000
056778,元石油群益9B購01,0,0,0,0,0,0,0,0,0,5000,0,0,0,5000,0,5000,5000
05678P,群創群益97售01  ,0,0,0,0,0,0,0,0,0,5000,0,0,0,5000,0,5000,5000
05659P,A50正2中信97售01,0,0,0,0,0,0,0,0,0,5000,0,0,0,10000,5000,5000,5000
056582,易華電元大98購01,0,0,0,0,0,0,0,0,0,5000,0,0,0,5000,0,5000,5000
056587,聯發科統一9A購01,0,0,0,0,0,0,0,0,0,5000,0,0,0,34000,29000,5000,5000
056559,華通群益98購02  ,0,0,0,0,0,0,0,0,0,5000,0,0,0,45000,40000,5000,5000
00660,元大歐洲50      ,0,0,0,0,0,0,0,0,0,5000,0,0,0,6000,1000,5000,5000
00700,富邦恒生國企    ,0,0,0,0,0,0,0,0,0,5000,0,0,0,105000,100000,5000,5000
00728,第一金工業30    ,0,0,0,0,0,0,0,0,0,5000,0,0,0,639000,634000,5000,5000
04083P,欣興統一94售01  ,0,0,0,0,0,0,0,0,0,5000,0,0,0,7000,2000,5000,5000
04185P,欣興統一93售05  ,0,0,0,0,0,0,0,0,0,5000,0,0,0,5000,0,5000,5000
04131P,裕隆群益93售01  ,0,0,0,0,0,0,0,0,0,5000,0,0,0,12000,7000,5000,5000
03852P,華邦電凱基93售05,0,0,0,0,0,0,0,0,0,5000,0,0,0,21000,16000,5000,5000
03893P,為升凱基93售03  ,0,0,0,0,0,0,0,0,0,5000,0,0,0,5000,0,5000,5000
04388P,滬深2X凱基95售05,0,0,0,0,0,0,0,0,0,5000,0,0,0,5000,0,5000,5000
047144,華通群益94購01  ,0,0,0,0,0,0,0,0,0,5000,0,0,0,7000,2000,5000,5000
047165,東陽康和93購01  ,0,0,0,0,0,0,0,0,0,5000,0,0,0,5000,0,5000,5000
043660,華新科元大93購01,0,0,0,0,0,0,0,0,0,5000,0,0,0,5000,0,5000,5000
048267,元金反中信93購01,0,0,0,0,0,0,0,0,0,5000,0,0,0,7000,2000,5000,5000
044578,緯創凱基93購02  ,0,0,0,0,0,0,0,0,0,5000,0,0,0,5000,0,5000,5000
04472P,中環元大94售01  ,0,0,0,0,0,0,0,0,0,5000,0,0,0,5000,0,5000,5000
045163,瀚宇博國泰93購01,0,0,0,0,0,0,0,0,0,5000,0,0,0,5000,0,5000,5000
044217,華新科凱基93購03,0,0,0,0,0,0,0,0,0,5000,0,0,0,5000,0,5000,5000
042919,GIS元大93購01   ,0,0,0,0,0,0,0,0,0,5000,0,0,0,5000,0,5000,5000
047550,聯發科凱基93購13,0,0,0,0,0,0,0,0,0,5000,0,0,0,73000,68000,5000,5000
047636,台達電元大93購03,0,0,0,0,0,0,0,0,0,5000,0,0,0,7000,2000,5000,5000
048591,台郡兆豐94購01  ,0,0,0,0,0,0,0,0,0,5000,0,0,0,5000,0,5000,5000
048116,矽創群益93購02  ,0,0,0,0,0,0,0,0,0,5000,0,0,0,25000,20000,5000,5000
048223,微星凱基93購02  ,0,0,0,0,0,0,0,0,0,5000,0,0,0,16000,11000,5000,5000
048193,旺宏元大94購05  ,0,0,0,0,0,0,0,0,0,5000,0,0,0,9000,4000,5000,5000
047974,新光金兆豐93購01,0,0,0,0,0,0,0,0,0,5000,0,0,0,60000,55000,5000,5000
046326,智伸科元大92購03,0,0,0,0,0,0,0,0,0,5000,0,0,0,5000,0,5000,5000
046300,嘉聯益富邦94購01,0,0,0,0,0,0,0,0,0,5000,0,0,0,5000,0,5000,5000
051083,A50正2元大98購01,0,0,0,0,0,0,0,0,0,5000,0,0,0,20000,15000,5000,5000
050389,鴻海統一95購04  ,0,0,0,0,0,0,0,0,0,5000,0,0,0,5000,0,5000,5000
050558,台積電統一94購14,0,0,0,0,0,0,0,0,0,5000,0,0,0,5000,0,5000,5000
050259,鴻海元大94購14  ,0,0,0,0,0,0,0,0,0,5000,0,0,0,38000,33000,5000,5000
050269,欣興元大94購09  ,0,0,0,0,0,0,0,0,0,5000,0,0,0,7000,2000,5000,5000
050243,華新科凱基94購10,0,0,0,0,0,0,0,0,0,5000,0,0,0,95000,90000,5000,5000
049771,GIS元富94購02   ,0,0,0,0,0,0,0,0,0,5000,0,0,0,11000,6000,5000,5000
049754,豐祥永豐94購01  ,0,0,0,0,0,0,0,0,0,5000,0,0,0,5000,0,5000,5000
049654,臺股指凱基94購15,0,0,0,0,0,0,0,0,0,5000,0,0,0,5000,0,5000,5000
052770,聯茂群益96購02  ,0,0,0,0,0,0,0,0,0,5000,0,0,0,70000,65000,5000,5000
048618,超眾凱基93購08  ,0,0,0,0,0,0,0,0,0,5000,0,0,0,5000,0,5000,5000
051945,智邦統一95購03  ,0,0,0,0,0,0,0,0,0,5000,0,0,0,5000,0,5000,5000
052038,國巨永昌96購01  ,0,0,0,0,0,0,0,0,0,5000,0,0,0,5000,0,5000,5000
052077,可成元富98購02  ,0,0,0,0,0,0,0,0,0,5000,0,0,0,15000,10000,5000,5000
049304,元油2X凱基95購05,0,0,0,0,0,0,0,0,0,5000,0,0,0,5000,0,5000,5000
050083,旺宏元富94購01  ,0,0,0,0,0,0,0,0,0,5000,0,0,0,5000,0,5000,5000
049543,國巨群益94購04  ,0,0,0,0,0,0,0,0,0,5000,0,0,0,5000,0,5000,5000
04901P,臺股指麥證94售02,0,0,0,15000,10000,5000,0,0,0,5000,0,0,0,15000,10000,5000,5000
048664,華新科統一94購01,0,0,0,0,0,0,0,0,0,5000,0,0,0,10000,5000,5000,5000
049242,佳世達元富96購01,0,0,0,0,0,0,0,0,0,5000,0,0,0,5000,0,5000,5000
048978,晶相光元大94購02,0,0,0,0,0,0,0,0,0,5000,0,0,0,14000,9000,5000,5000
048874,玉晶光國票96購01,0,0,0,0,0,0,0,0,0,5000,0,0,0,5000,0,5000,5000
051771,上銀中信95購01  ,0,0,0,0,0,0,0,0,0,5000,0,0,0,34000,29000,5000,5000
051782,昇陽半群益95購01,0,0,0,0,0,0,0,0,0,5000,0,0,0,5000,0,5000,5000
05171P,臺股指元大95售15,0,0,0,0,0,0,0,0,0,5000,0,0,0,84000,79000,5000,5000
051663,鴻海元大95購18  ,0,0,0,0,0,0,0,0,0,5000,0,0,0,5000,0,5000,5000
051523,牧德凱基95購02  ,0,0,0,0,0,0,0,0,0,5000,0,0,0,11000,6000,5000,5000
050618,緯創元大95購01  ,0,0,0,0,0,0,0,0,0,5000,0,0,0,5000,0,5000,5000
050657,宏達電麥證94購01,0,0,0,40000,35000,5000,0,0,0,5000,0,0,0,40000,35000,5000,5000
05122P,鴻海永昌96售06  ,0,0,0,0,0,0,0,0,0,5000,0,0,0,340000,335000,5000,5000
049084,欣興凱基94購03  ,0,0,0,0,0,0,0,0,0,5000,0,0,0,10000,5000,5000,5000
05155P,聯發科兆豐95售03,0,0,0,0,0,0,0,0,0,5000,0,0,0,5000,0,5000,5000
051539,瀚宇博國票97購01,0,0,0,0,0,0,0,0,0,5000,0,0,0,25000,20000,5000,5000
051368,國泰金富邦97購01,0,0,0,0,0,0,0,0,0,5000,0,0,0,5000,0,5000,5000
051351,台積電元大95購15,0,0,0,0,0,0,0,0,0,5000,0,0,0,5000,0,5000,5000
051348,國巨元大95購07  ,0,0,0,0,0,0,0,0,0,5000,0,0,0,15000,10000,5000,5000
049937,臺股指元大94購18,0,0,0,0,0,0,0,0,0,5000,0,0,0,5000,0,5000,5000
049157,矽創元大95購01  ,0,0,0,0,0,0,0,0,0,5000,0,0,0,15000,10000,5000,5000
054258,牧德元大97購01  ,0,0,0,0,0,0,0,0,0,5000,0,0,0,5000,0,5000,5000
054167,揚明光凱基98購01,0,0,0,0,0,0,0,0,0,5000,0,0,0,15000,10000,5000,5000
054973,台郡元大98購02  ,0,0,0,0,0,0,0,0,0,5000,0,0,0,64000,59000,5000,5000
055005,晶相光元富97購01,0,0,0,0,0,0,0,0,0,5000,0,0,0,25000,20000,5000,5000
053402,A50正2群益9A購02,0,0,0,0,0,0,0,0,0,5000,0,0,0,5000,0,5000,5000
053705,滬深2X凱基99購01,0,0,0,0,0,0,0,0,0,5000,0,0,0,10000,5000,5000,5000
053610,矽力中信98購01  ,0,0,0,0,0,0,0,0,0,5000,0,0,0,98000,93000,5000,5000
053578,華新元大98購01  ,0,0,0,0,0,0,0,0,0,5000,0,0,0,5000,0,5000,5000
05355P,臺股指元富95售09,0,0,0,0,0,0,0,0,0,5000,0,0,0,5000,0,5000,5000
053044,南茂凱基96購02  ,0,0,0,0,0,0,0,0,0,5000,0,0,0,5000,0,5000,5000
053181,滬深2X元富99購02,0,0,0,0,0,0,0,0,0,5000,0,0,0,20000,15000,5000,5000
053334,訊芯永豐96購01  ,0,0,0,0,0,0,0,0,0,5000,0,0,0,25000,20000,5000,5000
053271,喬山元大97購01  ,0,0,0,0,0,0,0,0,0,5000,0,0,0,5000,0,5000,5000
05264P,微星元大95售02  ,0,0,0,0,0,0,0,0,0,5000,0,0,0,5000,0,5000,5000
052329,台積電亞東96購01,0,0,0,0,0,0,0,0,0,5000,0,0,0,5000,0,5000,5000
052559,茂林國票97購01  ,0,0,0,0,0,0,0,0,0,5000,0,0,0,48000,43000,5000,5000
4912,聯德控股-KY     ,16000,11000,5000,0,0,0,0,0,0,0,0,0,0,0,0,0,5000
5515,建國            ,5000,0,5000,0,0,0,0,0,0,0,0,0,0,0,0,0,5000
5608,四維航          ,26000,21000,5000,0,0,0,0,0,0,0,0,0,0,0,0,0,5000
06527P,T50正2富邦9C售01,0,0,0,0,0,0,0,0,0,5000,0,0,0,5000,0,5000,5000
06649P,聯發科元大98售08,0,0,0,0,0,0,0,0,0,5000,0,0,0,5000,0,5000,5000
06473P,鴻海元大99售03  ,0,0,0,0,0,0,0,0,0,5000,0,0,0,5000,0,5000,5000
06016P,京元電凱基96售03,0,0,0,0,0,0,0,0,0,5000,0,0,0,205000,200000,5000,5000
05953P,台積電國票98售02,0,0,0,0,0,0,0,0,0,5000,0,0,0,43000,38000,5000,5000
05938P,旺宏凱基96售07  ,0,0,0,0,0,0,0,0,0,5000,0,0,0,5000,0,5000,5000
06099P,鴻海日盛97售03  ,0,0,0,0,0,0,0,0,0,5000,0,0,0,5000,0,5000,5000
06284P,台積電國票98售03,0,0,0,0,0,0,0,0,0,5000,0,0,0,5000,0,5000,5000
06264P,友達凱基98售06  ,0,0,0,0,0,0,0,0,0,5000,0,0,0,25000,20000,5000,5000
06236P,台積電元大97售25,0,0,0,0,0,0,0,0,0,5000,0,0,0,75000,70000,5000,5000
06219P,國巨元富97售05  ,0,0,0,0,0,0,0,0,0,5000,0,0,0,5000,0,5000,5000
2908,特力            ,15000,10000,5000,0,0,0,0,0,0,0,0,0,0,0,0,0,5000
1451,年興            ,9000,5000,4000,0,0,0,0,0,0,1000,1000,0,1000,0,0,0,5000
1590,亞德客-KY       ,339000,379000,-40000,0,0,0,20000,0,20000,25000,8000,0,8000,20000,3000,17000,5000
1726,永記            ,9000,4000,5000,0,0,0,0,0,0,0,0,0,0,0,0,0,5000
2207,和泰車          ,120220,115220,5000,0,0,0,0,0,0,0,3000,4000,-1000,1000,0,1000,5000
2034,允強            ,89000,84000,5000,0,0,0,0,0,0,0,0,0,0,0,0,0,5000
01002T,土銀國泰R1      ,4928,0,4928,0,0,0,0,0,0,0,0,0,0,0,0,0,4928
056681,鴻海統一98購09  ,0,0,0,0,0,0,0,0,0,4000,0,0,0,57000,53000,4000,4000
056684,旺宏統一98購02  ,0,0,0,0,0,0,0,0,0,4000,0,0,0,52000,48000,4000,4000
056376,玉晶光統一98購01,0,0,0,0,0,0,0,0,0,4000,0,0,0,10000,6000,4000,4000
056336,南亞科凱基98購02,0,0,0,0,0,0,0,0,0,4000,0,0,0,16000,12000,4000,4000
056955,台灣50永豐98購01,0,0,0,0,0,0,0,0,0,4000,0,0,0,187000,183000,4000,4000
056851,瑞儀元富98購01  ,0,0,0,0,0,0,0,0,0,4000,0,0,0,14000,10000,4000,4000
056196,聯茂富邦98購02  ,0,0,0,0,0,0,0,0,0,4000,0,0,0,4000,0,4000,4000
055720,宏達電元大97購05,0,0,0,0,0,0,0,0,0,4000,0,0,0,4000,0,4000,4000
055401,亞光元富9A購01  ,0,0,0,0,0,0,0,0,0,4000,0,0,0,10000,6000,4000,4000
05520P,聯詠凱基96售01  ,0,0,0,0,0,0,0,0,0,4000,0,0,0,101000,97000,4000,4000
055313,南電群益97購01  ,0,0,0,0,0,0,0,0,0,4000,0,0,0,82000,78000,4000,4000
04274P,滬深2X凱基94售01,0,0,0,0,0,0,0,0,0,4000,0,0,0,4000,0,4000,4000
03538P,景碩元富08售02  ,0,0,0,0,0,0,0,0,0,4000,0,0,0,4000,0,4000,4000
045949,貿聯日盛92購01  ,0,0,0,0,0,0,0,0,0,4000,0,0,0,4000,0,4000,4000
04422P,玉晶光永豐94售03,0,0,0,0,0,0,0,0,0,4000,0,0,0,94000,90000,4000,4000
043992,康控元大93購02  ,0,0,0,0,0,0,0,0,0,4000,0,0,0,4000,0,4000,4000
044787,上銀群益93購01  ,0,0,0,0,0,0,0,0,0,4000,0,0,0,4000,0,4000,4000
047242,上銀群益93購04  ,0,0,0,0,0,0,0,0,0,4000,0,0,0,4000,0,4000,4000
047298,聯茂元富96購01  ,0,0,0,0,0,0,0,0,0,4000,0,0,0,20000,16000,4000,4000
047307,儒鴻元大93購04  ,0,0,0,0,0,0,0,0,0,4000,0,0,0,4000,0,4000,4000
048177,臺指反富邦99購01,0,0,0,0,0,0,0,0,0,4000,0,0,0,4000,0,4000,4000
047018,鴻海元大93購09  ,0,0,0,0,0,0,0,0,0,4000,0,0,0,5000,1000,4000,4000
046653,鴻海元大93購05  ,0,0,0,0,0,0,0,0,0,4000,0,0,0,4000,0,4000,4000
051552,牧德永豐95購03  ,0,0,0,0,0,0,0,0,0,4000,0,0,0,4000,0,4000,4000
049860,亞德客兆豐94購01,0,0,0,0,0,0,0,0,0,4000,0,0,0,4000,0,4000,4000
051490,世芯凱基96購01  ,0,0,0,0,0,0,0,0,0,4000,0,0,0,80000,76000,4000,4000
048861,牧德群益94購01  ,0,0,0,0,0,0,0,0,0,4000,0,0,0,4000,0,4000,4000
048667,旺宏永豐94購02  ,0,0,0,0,0,0,0,0,0,4000,0,0,0,118000,114000,4000,4000
049030,凌華群益94購01  ,0,0,0,0,0,0,0,0,0,4000,0,0,0,5000,1000,4000,4000
04864P,欣興元大94售10  ,0,0,0,0,0,0,0,0,0,4000,0,0,0,19000,15000,4000,4000
052193,國巨元富95購06  ,0,0,0,0,0,0,0,0,0,4000,0,0,0,78000,74000,4000,4000
052034,臺股指群益95購07,0,0,0,0,0,0,0,0,0,4000,0,0,0,10000,6000,4000,4000
052011,欣興中信96購01  ,0,0,0,0,0,0,0,0,0,4000,0,0,0,20000,16000,4000,4000
051907,台積電元大97購05,0,0,0,0,0,0,0,0,0,4000,0,0,0,4000,0,4000,4000
049352,泰鼎永豐95購01  ,0,0,0,0,0,0,0,0,0,4000,0,0,0,173000,169000,4000,4000
052822,泰碩永豐97購01  ,0,0,0,0,0,0,0,0,0,4000,0,0,0,4000,0,4000,4000
05279P,上銀元大95售02  ,0,0,0,0,0,0,0,0,0,4000,0,0,0,4000,0,4000,4000
049629,臺股指群益94購02,0,0,0,0,0,0,0,0,0,4000,0,0,0,4000,0,4000,4000
04963P,鴻海元大94售25  ,0,0,0,0,0,0,0,0,0,4000,0,0,0,29000,25000,4000,4000
050099,台積電永昌96購01,0,0,0,0,0,0,0,0,0,4000,0,0,0,5000,1000,4000,4000
050578,聯發科國票95購03,0,0,0,0,0,0,0,0,0,4000,0,0,0,10000,6000,4000,4000
050457,力成元大94購01  ,0,0,0,0,0,0,0,0,0,4000,0,0,0,4000,0,4000,4000
052529,力成元大95購03  ,0,0,0,0,0,0,0,0,0,4000,0,0,0,4000,0,4000,4000
052920,景碩台新96購02  ,0,0,0,0,0,0,0,0,0,4000,0,0,0,110000,106000,4000,4000
053026,奇力新富邦98購01,0,0,0,0,0,0,0,0,0,4000,0,0,0,15000,11000,4000,4000
053167,欣興群益96購03  ,0,0,0,0,0,0,0,0,0,4000,0,0,0,8000,4000,4000,4000
053051,楠梓電國票97購01,0,0,0,0,0,0,0,0,0,4000,0,0,0,26000,22000,4000,4000
054964,智易元大99購01  ,0,0,0,0,0,0,0,0,0,4000,0,0,0,7000,3000,4000,4000
054922,文曄凱基98購01  ,0,0,0,0,0,0,0,0,0,4000,0,0,0,14000,10000,4000,4000
054822,祥碩元大97購01  ,0,0,0,0,0,0,0,0,0,4000,0,0,0,4000,0,4000,4000
05469P,台積電元大95售24,0,0,0,0,0,0,0,0,0,4000,0,0,0,956000,952000,4000,4000
05468P,鴻海元大96售14  ,0,0,0,0,0,0,0,0,0,4000,0,0,0,251000,247000,4000,4000
053905,華新科凱基96購10,0,0,0,0,0,0,0,0,0,4000,0,0,0,37000,33000,4000,4000
054041,鴻海元大96購22  ,0,0,0,0,0,0,0,0,0,4000,0,0,0,216000,212000,4000,4000
2022,聚亨            ,14000,10000,4000,0,0,0,0,0,0,0,0,0,0,0,0,0,4000
3052,夆典            ,36000,32000,4000,0,0,0,0,0,0,0,0,0,0,0,0,0,4000
06258P,臺股指群益97售11,0,0,0,0,0,0,0,0,0,4000,0,0,0,18000,14000,4000,4000
06259P,臺股指群益97售12,0,0,0,0,0,0,0,0,0,4000,0,0,0,9000,5000,4000,4000
4999,鑫禾            ,8000,4000,4000,0,0,0,0,0,0,0,0,0,0,0,0,0,4000
6666,羅麗芬-KY       ,5000,1000,4000,0,0,0,0,0,0,0,0,0,0,0,0,0,4000
8480,泰昇-KY         ,7000,1000,6000,0,0,0,0,2000,-2000,0,0,0,0,0,0,0,4000
8442,威宏-KY         ,4000,0,4000,0,0,0,0,0,0,0,0,0,0,0,0,0,4000
055296,康舒元大97購02  ,0,0,0,0,0,0,0,0,0,3000,0,0,0,410000,407000,3000,3000
055040,台虹富邦99購01  ,0,0,0,0,0,0,0,0,0,3000,0,0,0,3000,0,3000,3000
055139,欣興永豐97購01  ,0,0,0,0,0,0,0,0,0,3000,0,0,0,8000,5000,3000,3000
05539P,鎧勝永豐96售01  ,0,0,0,0,0,0,0,0,0,3000,0,0,0,3000,0,3000,3000
056123,鈺齊群益97購01  ,0,0,0,0,0,0,0,0,0,3000,0,0,0,8000,5000,3000,3000
055963,欣興元大97購04  ,0,0,0,0,0,0,0,0,0,3000,0,0,0,43000,40000,3000,3000
056068,欣興元大97購05  ,0,0,0,0,0,0,0,0,0,3000,0,0,0,37000,34000,3000,3000
056875,亞光凱基98購03  ,0,0,0,0,0,0,0,0,0,3000,0,0,0,47000,44000,3000,3000
057100,國巨中信9A購02  ,0,0,0,0,0,0,0,0,0,3000,0,0,0,3000,0,3000,3000
05855P,滬深2X中信9C售01,0,0,0,0,0,0,0,0,0,3000,0,0,0,3000,0,3000,3000
056246,祥碩群益97購01  ,0,0,0,0,0,0,0,0,0,3000,0,0,0,3000,0,3000,3000
056427,上銀凱基98購03  ,0,0,0,0,0,0,0,0,0,3000,0,0,0,3000,0,3000,3000
056533,友達凱基9A購02  ,0,0,0,0,0,0,0,0,0,3000,0,0,0,3000,0,3000,3000
046800,儒鴻元大93購02  ,0,0,0,0,0,0,0,0,0,3000,0,0,0,3000,0,3000,3000
047046,台積電國票94購01,0,0,0,0,0,0,0,0,0,3000,0,0,0,3000,0,3000,3000
046480,群創元富96購01  ,0,0,0,0,0,0,0,0,0,3000,0,0,0,3000,0,3000,3000
046422,健策元大92購06  ,0,0,0,0,0,0,0,0,0,3000,0,0,0,3000,0,3000,3000
04645P,禾伸堂凱基94售03,0,0,0,0,0,0,0,0,0,3000,0,0,0,3000,0,3000,3000
046428,矽力元大92購02  ,0,0,0,0,0,0,0,0,0,3000,0,0,0,14000,11000,3000,3000
047945,滬深2X統一94購01,0,0,0,0,0,0,0,0,0,3000,0,0,0,3000,0,3000,3000
047570,元上證群益93購02,0,0,0,0,0,0,0,0,0,3000,0,0,0,3000,0,3000,3000
051090,光磊元大96購01  ,0,0,0,0,0,0,0,0,0,3000,0,0,0,3000,0,3000,3000
047380,統一元大93購01  ,0,0,0,0,0,0,0,0,0,3000,0,0,0,99000,96000,3000,3000
048336,光磊元大93購02  ,0,0,0,0,0,0,0,0,0,3000,0,0,0,250000,247000,3000,3000
044784,華邦電中信96購01,0,0,0,0,0,0,0,0,0,3000,0,0,0,23000,20000,3000,3000
044689,超眾凱基93購03  ,0,0,0,0,0,0,0,0,0,3000,0,0,0,3000,0,3000,3000
044623,奇力新元大92購01,0,0,0,0,0,0,0,0,0,3000,0,0,0,3000,0,3000,3000
044537,上銀群益92購01  ,0,0,0,0,0,0,0,0,0,3000,0,0,0,3000,0,3000,3000
046108,A50正2元大95購02,0,0,0,0,0,0,0,0,0,3000,0,0,0,3000,0,3000,3000
045626,上銀凱基93購05  ,0,0,0,0,0,0,0,0,0,3000,0,0,0,4000,1000,3000,3000
045627,聯電凱基93購03  ,0,0,0,0,0,0,0,0,0,3000,0,0,0,18000,15000,3000,3000
03957P,創意統一94售02  ,0,0,0,0,0,0,0,0,0,3000,0,0,0,3000,0,3000,3000
042502,上銀凱基93購01  ,0,0,0,0,0,0,0,0,0,3000,0,0,0,4000,1000,3000,3000
00682U,元大美元指數    ,0,50000,-50000,0,0,0,0,0,0,53000,0,0,0,53000,0,53000,3000
050458,台郡元大94購03  ,0,0,0,0,0,0,0,0,0,3000,0,0,0,5000,2000,3000,3000
050346,康友元富94購03  ,0,0,0,0,0,0,0,0,0,3000,0,0,0,3000,0,3000,3000
050320,台表科國票94購01,0,0,0,0,0,0,0,0,0,3000,0,0,0,7000,4000,3000,3000
050575,南亞科國票94購01,0,0,0,0,0,0,0,0,0,3000,0,0,0,3000,0,3000,3000
050264,聯發科元大94購13,0,0,0,0,0,0,0,0,0,3000,0,0,0,248000,245000,3000,3000
051486,玉晶光凱基97購03,0,0,0,0,0,0,0,0,0,3000,0,0,0,48000,45000,3000,3000
050311,上銀兆豐95購01  ,0,0,0,0,0,0,0,0,0,3000,0,0,0,3000,0,3000,3000
050308,矽創中信97購01  ,0,0,0,0,0,0,0,0,0,3000,0,0,0,103000,100000,3000,3000
049423,臺股指凱基95購02,0,0,0,0,0,0,0,0,0,3000,0,0,0,15000,12000,3000,3000
049803,華新科元大95購07,0,0,0,0,0,0,0,0,0,3000,0,0,0,3000,0,3000,3000
050900,台郡元大95購02  ,0,0,0,0,0,0,0,0,0,3000,0,0,0,4000,1000,3000,3000
051883,智原永豐95購03  ,0,0,0,0,0,0,0,0,0,3000,0,0,0,3000,0,3000,3000
051891,智邦元富95購04  ,0,0,0,0,0,0,0,0,0,3000,0,0,0,3000,0,3000,3000
051990,泰碩元大95購01  ,0,0,0,0,0,0,0,0,0,3000,0,0,0,3000,0,3000,3000
052173,廣達元大95購02  ,0,0,0,0,0,0,0,0,0,3000,0,0,0,3000,0,3000,3000
05212P,台積電國票96售04,0,0,0,0,0,0,0,0,0,3000,0,0,0,3000,0,3000,3000
048998,玉晶光國票95購03,0,0,0,0,0,0,0,0,0,3000,0,0,0,62000,59000,3000,3000
051665,台積電元大96購07,0,0,0,0,0,0,0,0,0,3000,0,0,0,3000,0,3000,3000
051688,大立光凱基97購02,0,0,0,0,0,0,0,0,0,3000,0,0,0,5000,2000,3000,3000
049890,嘉澤國泰95購01  ,0,0,0,0,0,0,0,0,0,3000,0,0,0,3000,0,3000,3000
051558,元金2X國泰97購01,0,0,0,0,0,0,0,0,0,3000,0,0,0,3000,0,3000,3000
050764,鴻海元大94購27  ,0,0,0,0,0,0,0,0,0,3000,0,0,0,427000,424000,3000,3000
05382P,電子類群益95售02,0,0,0,0,0,0,0,0,0,3000,0,0,0,16000,13000,3000,3000
054065,樺漢國票97購01  ,0,0,0,0,0,0,0,0,0,3000,0,0,0,3000,0,3000,3000
054119,燿華永豐96購05  ,0,0,0,0,0,0,0,0,0,3000,0,0,0,3000,0,3000,3000
054253,宏達電元大97購03,0,0,0,0,0,0,0,0,0,3000,0,0,0,3000,0,3000,3000
054284,和大元大96購03  ,0,0,0,0,0,0,0,0,0,3000,0,0,0,5000,2000,3000,3000
053160,台表科元大96購03,0,0,0,0,0,0,0,0,0,3000,0,0,0,3000,0,3000,3000
053299,台泥凱基96購01  ,0,0,0,0,0,0,0,0,0,3000,0,0,0,3000,0,3000,3000
05353P,臺股指元富95售07,0,0,0,0,0,0,0,0,0,3000,0,0,0,3000,0,3000,3000
052884,台積電兆豐96購01,0,0,0,0,0,0,0,0,0,3000,0,0,0,30000,27000,3000,3000
052874,超眾凱基96購01  ,0,0,0,0,0,0,0,0,0,3000,0,0,0,13000,10000,3000,3000
052532,台積電國泰96購07,0,0,0,0,0,0,0,0,0,3000,0,0,0,3000,0,3000,3000
8011,台通            ,19000,16000,3000,0,0,0,0,0,0,0,0,0,0,0,0,0,3000
06239P,奇力新元大97售08,0,0,0,0,0,0,0,0,0,3000,0,0,0,3000,0,3000,3000
06049P,創意亞東97售01  ,0,0,0,0,0,0,0,0,0,3000,0,0,0,3000,0,3000,3000
06518P,奇力新兆豐99售01,0,0,0,0,0,0,0,0,0,3000,0,0,0,3000,0,3000,3000
2891B,中信金乙特      ,0,0,0,0,0,0,0,0,0,3000,3000,0,3000,0,0,0,3000
2642,宅配通          ,5000,2000,3000,0,0,0,0,0,0,0,0,0,0,0,0,0,3000
1783,和康生          ,4000,1000,3000,0,0,0,0,0,0,0,0,0,0,0,0,0,3000
2399,映泰            ,60000,59000,1000,0,0,0,0,0,0,2000,2000,0,2000,0,0,0,3000
1307,三芳            ,12000,9000,3000,0,0,0,0,0,0,0,0,0,0,0,0,0,3000
056520,鴻海日盛99購01  ,0,0,0,0,0,0,0,0,0,2000,0,0,0,10000,8000,2000,2000
056529,中環凱基98購01  ,0,0,0,0,0,0,0,0,0,2000,0,0,0,2000,0,2000,2000
056278,全新富邦98購02  ,0,0,0,0,0,0,0,0,0,2000,0,0,0,17000,15000,2000,2000
056319,智原群益98購02  ,0,0,0,0,0,0,0,0,0,2000,0,0,0,2000,0,2000,2000
056772,欣興元大99購01  ,0,0,0,0,0,0,0,0,0,2000,0,0,0,92000,90000,2000,2000
056588,聯發科統一9A購02,0,0,0,0,0,0,0,0,0,2000,0,0,0,41000,39000,2000,2000
05825P,臺股指凱基96售22,0,0,0,0,0,0,0,0,0,2000,0,0,0,8000,6000,2000,2000
057289,力成元大98購03  ,0,0,0,0,0,0,0,0,0,2000,0,0,0,2000,0,2000,2000
05715P,創意元富96售05  ,0,0,0,0,0,0,0,0,0,2000,0,0,0,2000,0,2000,2000
057027,祥碩凱基98購01  ,0,0,0,0,0,0,0,0,0,2000,0,0,0,2000,0,2000,2000
057024,義隆凱基99購01  ,0,0,0,0,0,0,0,0,0,2000,0,0,0,6000,4000,2000,2000
057058,祥碩元大98購04  ,0,0,0,0,0,0,0,0,0,2000,0,0,0,56000,54000,2000,2000
056997,台灣50康和9A購02,0,0,0,0,0,0,0,0,0,2000,0,0,0,2000,0,2000,2000
056159,牧德凱基99購01  ,0,0,0,0,0,0,0,0,0,2000,0,0,0,2000,0,2000,2000
056150,台光電凱基98購02,0,0,0,0,0,0,0,0,0,2000,0,0,0,2000,0,2000,2000
05579P,友達凱基98售03  ,0,0,0,0,0,0,0,0,0,2000,0,0,0,2000,0,2000,2000
055448,健策統一97購02  ,0,0,0,0,0,0,0,0,0,2000,0,0,0,42000,40000,2000,2000
055556,奇力新凱基98購03,0,0,0,0,0,0,0,0,0,2000,0,0,0,2000,0,2000,2000
05525P,奇力新群益96售02,0,0,0,0,0,0,0,0,0,2000,0,0,0,2000,0,2000,2000
00709,富邦歐洲        ,0,0,0,0,0,0,0,0,0,2000,0,0,0,102000,100000,2000,2000
03035X,元展32          ,0,0,0,0,0,0,0,0,0,2000,0,0,0,2000,0,2000,2000
00645,富邦日本        ,0,0,0,0,0,0,0,0,0,2000,0,0,0,68000,66000,2000,2000
04152P,喬山永豐93售02  ,0,0,0,0,0,0,0,0,0,2000,0,0,0,12000,10000,2000,2000
03971P,智邦亞東93售01  ,0,0,0,0,0,0,0,0,0,2000,0,0,0,2000,0,2000,2000
045930,康控永豐92購01  ,0,0,0,0,0,0,0,0,0,2000,0,0,0,2000,0,2000,2000
046005,健策統一92購02  ,0,0,0,0,0,0,0,0,0,2000,0,0,0,2000,0,2000,2000
045412,宏達電群益93購01,0,0,0,0,0,0,0,0,0,2000,0,0,0,2000,0,2000,2000
047313,華新科元大93購08,0,0,0,0,0,0,0,0,0,2000,0,0,0,2000,0,2000,2000
04734P,上海銀兆豐94售02,0,0,0,0,0,0,0,0,0,2000,0,0,0,2000,0,2000,2000
043665,和鑫元大93購01  ,0,0,0,0,0,0,0,0,0,2000,0,0,0,2000,0,2000,2000
043601,亞光元大93購01  ,0,0,0,0,0,0,0,0,0,2000,0,0,0,2000,0,2000,2000
047137,健策凱基94購01  ,0,0,0,0,0,0,0,0,0,2000,0,0,0,4000,2000,2000,2000
047642,宏達電元大93購08,0,0,0,0,0,0,0,0,0,2000,0,0,0,2000,0,2000,2000
048562,宏達電元大95購01,0,0,0,0,0,0,0,0,0,2000,0,0,0,2000,0,2000,2000
047905,元油反元大96購04,0,0,0,0,0,0,0,0,0,2000,0,0,0,2000,0,2000,2000
047860,臺股指國票93購15,0,0,0,0,0,0,0,0,0,2000,0,0,0,2000,0,2000,2000
046443,超眾兆豐93購01  ,0,0,0,0,0,0,0,0,0,2000,0,0,0,2000,0,2000,2000
046574,泰鼎國泰94購01  ,0,0,0,0,0,0,0,0,0,2000,0,0,0,676000,674000,2000,2000
046901,英業達凱基93購02,0,0,0,0,0,0,0,0,0,2000,0,0,0,12000,10000,2000,2000
046988,南亞科凱基93購02,0,0,0,0,0,0,0,0,0,2000,0,0,0,43000,41000,2000,2000
046644,台達電國泰93購01,0,0,0,0,0,0,0,0,0,2000,0,0,0,2000,0,2000,2000
048439,上銀凱基93購09  ,0,0,0,0,0,0,0,0,0,2000,0,0,0,2000,0,2000,2000
048417,國巨統一94購01  ,0,0,0,0,0,0,0,0,0,2000,0,0,0,2000,0,2000,2000
048390,國巨國票94購02  ,0,0,0,0,0,0,0,0,0,2000,0,0,0,2000,0,2000,2000
050752,美律統一94購05  ,0,0,0,0,0,0,0,0,0,2000,0,0,0,42000,40000,2000,2000
049224,致新國票95購01  ,0,0,0,0,0,0,0,0,0,2000,0,0,0,2000,0,2000,2000
049181,正文凱基94購03  ,0,0,0,0,0,0,0,0,0,2000,0,0,0,2000,0,2000,2000
051239,國巨元大96購02  ,0,0,0,0,0,0,0,0,0,2000,0,0,0,58000,56000,2000,2000
048780,臺股指凱基94購03,0,0,0,0,0,0,0,0,0,2000,0,0,0,2000,0,2000,2000
048947,凌華永豐94購01  ,0,0,0,0,0,0,0,0,0,2000,0,0,0,2000,0,2000,2000
048995,宏全元大94購01  ,0,0,0,0,0,0,0,0,0,2000,0,0,0,2000,0,2000,2000
049016,國巨群益94購02  ,0,0,0,0,0,0,0,0,0,2000,0,0,0,5000,3000,2000,2000
049036,燿華兆豐95購01  ,0,0,0,0,0,0,0,0,0,2000,0,0,0,2000,0,2000,2000
048666,康控統一93購01  ,0,0,0,0,0,0,0,0,0,2000,0,0,0,2000,0,2000,2000
049296,義隆群益96購01  ,0,0,0,0,0,0,0,0,0,2000,0,0,0,2000,0,2000,2000
050023,國巨元大94購12  ,0,0,0,0,0,0,0,0,0,2000,0,0,0,29000,27000,2000,2000
05213P,台積電國票96售05,0,0,0,0,0,0,0,0,0,2000,0,0,0,55000,53000,2000,2000
05199P,訊芯永豐95售02  ,0,0,0,0,0,0,0,0,0,2000,0,0,0,26000,24000,2000,2000
050891,喬山元大95購01  ,0,0,0,0,0,0,0,0,0,2000,0,0,0,2000,0,2000,2000
050894,旺宏元大96購03  ,0,0,0,0,0,0,0,0,0,2000,0,0,0,2000,0,2000,2000
051388,大立光麥證95購03,0,0,0,2000,0,2000,0,0,0,2000,0,0,0,2000,0,2000,2000
052786,S&P500中信96購01,0,0,0,0,0,0,0,0,0,2000,0,0,0,2000,0,2000,2000
052809,訊芯元大97購01  ,0,0,0,0,0,0,0,0,0,2000,0,0,0,81000,79000,2000,2000
050210,華新科國票94購08,0,0,0,0,0,0,0,0,0,2000,0,0,0,2000,0,2000,2000
049794,台達電元大94購10,0,0,0,0,0,0,0,0,0,2000,0,0,0,3000,1000,2000,2000
049413,台達電凱基94購06,0,0,0,0,0,0,0,0,0,2000,0,0,0,2000,0,2000,2000
050109,國巨元大94購13  ,0,0,0,0,0,0,0,0,0,2000,0,0,0,2000,0,2000,2000
050310,卜蜂兆豐94購01  ,0,0,0,0,0,0,0,0,0,2000,0,0,0,2000,0,2000,2000
050284,台泥凱基94購01  ,0,0,0,0,0,0,0,0,0,2000,0,0,0,10000,8000,2000,2000
050367,鴻海元大94購20  ,0,0,0,0,0,0,0,0,0,2000,0,0,0,160000,158000,2000,2000
052320,緯創元大95購05  ,0,0,0,0,0,0,0,0,0,2000,0,0,0,18000,16000,2000,2000
052341,泰鼎凱基96購02  ,0,0,0,0,0,0,0,0,0,2000,0,0,0,526000,524000,2000,2000
052859,國巨凱基96購07  ,0,0,0,0,0,0,0,0,0,2000,0,0,0,151000,149000,2000,2000
052992,冠德台新96購01  ,0,0,0,0,0,0,0,0,0,2000,0,0,0,2000,0,2000,2000
052989,麗豐元大98購01  ,0,0,0,0,0,0,0,0,0,2000,0,0,0,2000,0,2000,2000
052946,智原國票97購02  ,0,0,0,0,0,0,0,0,0,2000,0,0,0,98000,96000,2000,2000
052617,景碩國泰98購01  ,0,0,0,0,0,0,0,0,0,2000,0,0,0,12000,10000,2000,2000
05260P,和碩元富95售02  ,0,0,0,0,0,0,0,0,0,2000,0,0,0,2000,0,2000,2000
052696,玉晶光麥證97購01,0,0,0,2000,0,2000,0,0,0,2000,0,0,0,2000,0,2000,2000
052713,智邦凱基96購01  ,0,0,0,0,0,0,0,0,0,2000,0,0,0,13000,11000,2000,2000
053581,台積電元大96購14,0,0,0,0,0,0,0,0,0,2000,0,0,0,132000,130000,2000,2000
053655,全新凱基98購02  ,0,0,0,0,0,0,0,0,0,2000,0,0,0,22000,20000,2000,2000
053325,GIS群益96購02   ,0,0,0,0,0,0,0,0,0,2000,0,0,0,13000,11000,2000,2000
053187,國巨統一96購05  ,0,0,0,0,0,0,0,0,0,2000,0,0,0,73000,71000,2000,2000
053131,華通國票97購03  ,0,0,0,0,0,0,0,0,0,2000,0,0,0,2000,0,2000,2000
054275,華通群益97購03  ,0,0,0,0,0,0,0,0,0,2000,0,0,0,22000,20000,2000,2000
054069,亞光國泰98購01  ,0,0,0,0,0,0,0,0,0,2000,0,0,0,80000,78000,2000,2000
054193,鴻海麥證96購02  ,0,0,0,2000,0,2000,0,0,0,2000,0,0,0,2000,0,2000,2000
053756,亞光元富96購02  ,0,0,0,0,0,0,0,0,0,2000,0,0,0,2000,0,2000,2000
053774,台達電元大96購04,0,0,0,0,0,0,0,0,0,2000,0,0,0,13000,11000,2000,2000
054827,宏全元大9A購01  ,0,0,0,0,0,0,0,0,0,2000,0,0,0,2000,0,2000,2000
054763,宏達電國票99購01,0,0,0,0,0,0,0,0,0,2000,0,0,0,40000,38000,2000,2000
054939,台積電元大97購15,0,0,0,0,0,0,0,0,0,2000,0,0,0,152000,150000,2000,2000
054875,群電群益97購01  ,0,0,0,0,0,0,0,0,0,2000,0,0,0,2000,0,2000,2000
1324,地球            ,2000,0,2000,0,0,0,0,0,0,0,0,0,0,0,0,0,2000
1419,新紡            ,3000,1000,2000,0,0,0,0,0,0,0,0,0,0,0,0,0,2000
1615,大山            ,2000,0,2000,0,0,0,0,0,0,0,0,0,0,0,0,0,2000
2514,龍邦            ,24000,22000,2000,0,0,0,0,0,0,0,0,0,0,0,0,0,2000
2911,麗嬰房          ,8000,6000,2000,0,0,0,0,0,0,0,0,0,0,0,0,0,2000
3025,星通            ,5000,3000,2000,0,0,0,0,0,0,0,0,0,0,0,0,0,2000
3591,艾笛森          ,5000,3000,2000,0,0,0,0,0,0,0,0,0,0,0,0,0,2000
3296,勝德            ,0,0,0,0,0,0,0,0,0,2000,2000,0,2000,0,0,0,2000
3257,虹冠電          ,8000,6000,2000,0,0,0,0,0,0,0,0,0,0,0,0,0,2000
06529P,貿聯富邦99售03  ,0,0,0,0,0,0,0,0,0,2000,0,0,0,32000,30000,2000,2000
06584P,欣興凱基98售03  ,0,0,0,0,0,0,0,0,0,2000,0,0,0,20000,18000,2000,2000
1225,福懋油          ,6000,4000,2000,0,0,0,0,0,0,0,0,0,0,0,0,0,2000
06088P,建準永豐97售01  ,0,0,0,0,0,0,0,0,0,2000,0,0,0,2000,0,2000,2000
06160P,台達電群益97售01,0,0,0,0,0,0,0,0,0,2000,0,0,0,16000,14000,2000,2000
6216,居易            ,2000,0,2000,0,0,0,0,0,0,0,0,0,0,0,0,0,2000
9905,大華            ,4000,2000,2000,0,0,0,0,0,0,0,0,0,0,0,0,0,2000
4148,全宇生技-KY     ,3000,1000,2000,0,0,0,0,0,0,0,0,0,0,0,0,0,2000
008201,BP上證50        ,0,0,0,0,0,0,0,0,0,1100,0,0,0,1100,0,1100,1100
05517P,臻鼎元大96售01  ,0,0,0,0,0,0,0,0,0,1000,0,0,0,1000,0,1000,1000
055222,臺股指凱基97購05,0,0,0,0,0,0,0,0,0,1000,0,0,0,1000,0,1000,1000
055071,群電永豐97購01  ,0,0,0,0,0,0,0,0,0,1000,0,0,0,1000,0,1000,1000
055555,全新凱基9A購01  ,0,0,0,0,0,0,0,0,0,1000,0,0,0,1000,0,1000,1000
055589,台光電元大98購04,0,0,0,0,0,0,0,0,0,1000,0,0,0,1000,0,1000,1000
055586,旺宏元大98購06  ,0,0,0,0,0,0,0,0,0,1000,0,0,0,6000,5000,1000,1000
055490,台光電元大97購01,0,0,0,0,0,0,0,0,0,1000,0,0,0,1000,0,1000,1000
055933,欣興群益98購02  ,0,0,0,0,0,0,0,0,0,1000,0,0,0,14000,13000,1000,1000
055897,TXFI0永昌99購01 ,0,0,0,0,0,0,0,0,0,1000,0,0,0,1000,0,1000,1000
055625,亞光富邦98購01  ,0,0,0,0,0,0,0,0,0,1000,0,0,0,1000,0,1000,1000
056132,台光電元大97購03,0,0,0,0,0,0,0,0,0,1000,0,0,0,1000,0,1000,1000
056156,禾伸堂凱基98購04,0,0,0,0,0,0,0,0,0,1000,0,0,0,11000,10000,1000,1000
056162,祥碩凱基97購03  ,0,0,0,0,0,0,0,0,0,1000,0,0,0,4000,3000,1000,1000
056212,台光電國票98購03,0,0,0,0,0,0,0,0,0,1000,0,0,0,8000,7000,1000,1000
055968,祥碩元大97購04  ,0,0,0,0,0,0,0,0,0,1000,0,0,0,1000,0,1000,1000
05700P,臻鼎凱基96售02  ,0,0,0,0,0,0,0,0,0,1000,0,0,0,1000,0,1000,1000
057216,聯發科群益99購01,0,0,0,0,0,0,0,0,0,1000,0,0,0,18000,17000,1000,1000
057195,南茂元大98購01  ,0,0,0,0,0,0,0,0,0,1000,0,0,0,37000,36000,1000,1000
056565,欣興群益98購03  ,0,0,0,0,0,0,0,0,0,1000,0,0,0,42000,41000,1000,1000
056692,燿華群益98購03  ,0,0,0,0,0,0,0,0,0,1000,0,0,0,12000,11000,1000,1000
056264,聯發科統一98購02,0,0,0,0,0,0,0,0,0,1000,0,0,0,1000,0,1000,1000
056260,鴻海統一98購07  ,0,0,0,0,0,0,0,0,0,1000,0,0,0,1000,0,1000,1000
056367,祥碩元大98購01  ,0,0,0,0,0,0,0,0,0,1000,0,0,0,60000,59000,1000,1000
056434,國巨凱基98購03  ,0,0,0,0,0,0,0,0,0,1000,0,0,0,1000,0,1000,1000
056415,聯發科中信98購04,0,0,0,0,0,0,0,0,0,1000,0,0,0,1000,0,1000,1000
020007,凱基臺灣500N    ,0,0,0,0,0,0,0,0,0,1000,0,0,0,1000,0,1000,1000
020008,元大特股高息N   ,0,0,0,0,0,0,0,0,0,1000,0,0,0,9000,8000,1000,1000
03007X,元展07          ,0,0,0,0,0,0,0,0,0,1000,0,0,0,1000,0,1000,1000
006204,永豐臺灣加權    ,0,0,0,0,0,0,0,0,0,1000,0,0,0,1000,0,1000,1000
03033X,元展30          ,0,0,0,0,0,0,0,0,0,1000,0,0,0,1000,0,1000,1000
03027P,玉晶光元大01售09,0,0,0,0,0,0,0,0,0,1000,0,0,0,1000,0,1000,1000
00766L,台新MSCI中國正2 ,0,0,0,0,0,0,0,0,0,1000,0,0,0,190000,189000,1000,1000
03973P,高鐵元大93售01  ,0,0,0,0,0,0,0,0,0,1000,0,0,0,1000,0,1000,1000
03946P,麗豐群益93售02  ,0,0,0,0,0,0,0,0,0,1000,0,0,0,1000,0,1000,1000
042527,台灣50永豐94購01,0,0,0,0,0,0,0,0,0,1000,0,0,0,1000,0,1000,1000
04179P,滬深2X國票93售03,0,0,0,0,0,0,0,0,0,1000,0,0,0,1000,0,1000,1000
042501,台灣50凱基96購06,0,0,0,0,0,0,0,0,0,1000,0,0,0,3000,2000,1000,1000
042516,健策凱基93購01  ,0,0,0,0,0,0,0,0,0,1000,0,0,0,7000,6000,1000,1000
04223P,友達統一93售05  ,0,0,0,0,0,0,0,0,0,1000,0,0,0,1000,0,1000,1000
035275,台積電台新97購01,0,0,0,0,0,0,0,0,0,1000,0,0,0,1000,0,1000,1000
03644C,臺股指元大94牛28,0,0,0,0,0,0,0,0,0,1000,0,0,0,14000,13000,1000,1000
03678P,欣興元大92售09  ,0,0,0,0,0,0,0,0,0,1000,0,0,0,1000,0,1000,1000
045631,台光電凱基93購06,0,0,0,0,0,0,0,0,0,1000,0,0,0,1000,0,1000,1000
04714P,上海銀元大94售01,0,0,0,0,0,0,0,0,0,1000,0,0,0,1000,0,1000,1000
047206,元金2X國泰94購01,0,0,0,0,0,0,0,0,0,1000,0,0,0,1000,0,1000,1000
043889,台表科元大93購01,0,0,0,0,0,0,0,0,0,1000,0,0,0,1000,0,1000,1000
043909,台光電凱基93購01,0,0,0,0,0,0,0,0,0,1000,0,0,0,1000,0,1000,1000
04394P,臻鼎凱基94售01  ,0,0,0,0,0,0,0,0,0,1000,0,0,0,1000,0,1000,1000
043513,台灣50元大96購05,0,0,0,0,0,0,0,0,0,1000,0,0,0,1000,0,1000,1000
047311,台積電元大93購19,0,0,0,0,0,0,0,0,0,1000,0,0,0,1000,0,1000,1000
048350,世紀鋼元大95購01,0,0,0,0,0,0,0,0,0,1000,0,0,0,1000,0,1000,1000
046135,南亞科富邦92購01,0,0,0,0,0,0,0,0,0,1000,0,0,0,1000,0,1000,1000
046159,群創群益98購04  ,0,0,0,0,0,0,0,0,0,1000,0,0,0,1000,0,1000,1000
044134,訊芯凱基93購01  ,0,0,0,0,0,0,0,0,0,1000,0,0,0,1000,0,1000,1000
045298,旺宏元大94購01  ,0,0,0,0,0,0,0,0,0,1000,0,0,0,1000,0,1000,1000
045038,臻鼎群益93購01  ,0,0,0,0,0,0,0,0,0,1000,0,0,0,1000,0,1000,1000
045070,全新元大93購02  ,0,0,0,0,0,0,0,0,0,1000,0,0,0,1000,0,1000,1000
044622,旺宏元大92購06  ,0,0,0,0,0,0,0,0,0,1000,0,0,0,1000,0,1000,1000
044671,台積電兆豐93購01,0,0,0,0,0,0,0,0,0,1000,0,0,0,1000,0,1000,1000
044510,台光電凱基93購04,0,0,0,0,0,0,0,0,0,1000,0,0,0,1000,0,1000,1000
044861,玉晶光兆豐93購01,0,0,0,0,0,0,0,0,0,1000,0,0,0,3000,2000,1000,1000
048389,國巨國票94購01  ,0,0,0,0,0,0,0,0,0,1000,0,0,0,1000,0,1000,1000
046184,台光電凱基93購08,0,0,0,0,0,0,0,0,0,1000,0,0,0,3000,2000,1000,1000
047542,華通凱基94購02  ,0,0,0,0,0,0,0,0,0,1000,0,0,0,13000,12000,1000,1000
047521,台積電元大94購03,0,0,0,0,0,0,0,0,0,1000,0,0,0,1000,0,1000,1000
047480,全新凱基93購01  ,0,0,0,0,0,0,0,0,0,1000,0,0,0,1000,0,1000,1000
04852P,臻鼎永豐94售02  ,0,0,0,0,0,0,0,0,0,1000,0,0,0,1000,0,1000,1000
046650,台表科國泰94購01,0,0,0,0,0,0,0,0,0,1000,0,0,0,84000,83000,1000,1000
046866,台積電統一94購03,0,0,0,0,0,0,0,0,0,1000,0,0,0,4000,3000,1000,1000
047027,新光金元大95購01,0,0,0,0,0,0,0,0,0,1000,0,0,0,1000,0,1000,1000
047058,聯茂國票94購01  ,0,0,0,0,0,0,0,0,0,1000,0,0,0,61000,60000,1000,1000
046465,GIS凱基95購01   ,0,0,0,0,0,0,0,0,0,1000,0,0,0,2000,1000,1000,1000
046419,聯鈞元大92購01  ,0,0,0,0,0,0,0,0,0,1000,0,0,0,1000,0,1000,1000
047114,全新元大94購01  ,0,0,0,0,0,0,0,0,0,1000,0,0,0,1000,0,1000,1000
047909,超眾元大93購03  ,0,0,0,0,0,0,0,0,0,1000,0,0,0,1000,0,1000,1000
047564,滬深2X國票99購01,0,0,0,0,0,0,0,0,0,1000,0,0,0,1000,0,1000,1000
047559,彩晶凱基94購03  ,0,0,0,0,0,0,0,0,0,1000,0,0,0,1000,0,1000,1000
047623,世紀鋼凱基94購02,0,0,0,0,0,0,0,0,0,1000,0,0,0,1000,0,1000,1000
047635,華新元大93購01  ,0,0,0,0,0,0,0,0,0,1000,0,0,0,7000,6000,1000,1000
051141,鈺齊永豐95購01  ,0,0,0,0,0,0,0,0,0,1000,0,0,0,1000,0,1000,1000
051435,聯茂元富95購01  ,0,0,0,0,0,0,0,0,0,1000,0,0,0,26000,25000,1000,1000
047773,超眾元大96購01  ,0,0,0,0,0,0,0,0,0,1000,0,0,0,1000,0,1000,1000
047829,旺宏元大93購06  ,0,0,0,0,0,0,0,0,0,1000,0,0,0,1000,0,1000,1000
048064,可成統一93購02  ,0,0,0,0,0,0,0,0,0,1000,0,0,0,21000,20000,1000,1000
048031,全新凱基93購02  ,0,0,0,0,0,0,0,0,0,1000,0,0,0,1000,0,1000,1000
046351,智邦群益92購01  ,0,0,0,0,0,0,0,0,0,1000,0,0,0,1000,0,1000,1000
047658,全新麥證93購02  ,0,0,0,1000,0,1000,0,0,0,1000,0,0,0,1000,0,1000,1000
047988,志超群益93購02  ,0,0,0,0,0,0,0,0,0,1000,0,0,0,1000,0,1000,1000
047984,禾伸堂群益93購01,0,0,0,0,0,0,0,0,0,1000,0,0,0,1000,0,1000,1000
050366,鴻海元大94購19  ,0,0,0,0,0,0,0,0,0,1000,0,0,0,17000,16000,1000,1000
050379,易華電群益96購01,0,0,0,0,0,0,0,0,0,1000,0,0,0,1000,0,1000,1000
05033P,T50反1元大98售01,0,0,0,0,0,0,0,0,0,1000,0,0,0,1000,0,1000,1000
050340,鴻海統一94購07  ,0,0,0,0,0,0,0,0,0,1000,0,0,0,2000,1000,1000,1000
050485,國巨統一96購01  ,0,0,0,0,0,0,0,0,0,1000,0,0,0,1000,0,1000,1000
050444,卜蜂元大94購03  ,0,0,0,0,0,0,0,0,0,1000,0,0,0,1000,0,1000,1000
05148P,臻鼎元大95售01  ,0,0,0,0,0,0,0,0,0,1000,0,0,0,1000,0,1000,1000
04944P,元油2X永豐94售06,0,0,0,0,0,0,0,0,0,1000,0,0,0,1000,0,1000,1000
050151,台積電群益94購12,0,0,0,0,0,0,0,0,0,1000,0,0,0,52000,51000,1000,1000
049767,奇力新元富94購01,0,0,0,0,0,0,0,0,0,1000,0,0,0,1000,0,1000,1000
04977P,力成凱基96售01  ,0,0,0,0,0,0,0,0,0,1000,0,0,0,1000,0,1000,1000
049820,世紀鋼元大96購03,0,0,0,0,0,0,0,0,0,1000,0,0,0,1000,0,1000,1000
048629,滬深2X元大96購04,0,0,0,0,0,0,0,0,0,1000,0,0,0,51000,50000,1000,1000
051860,為升凱基95購01  ,0,0,0,0,0,0,0,0,0,1000,0,0,0,1000,0,1000,1000
052795,健策兆豐97購01  ,0,0,0,0,0,0,0,0,0,1000,0,0,0,26000,25000,1000,1000
052798,滬深2X元大96購07,0,0,0,0,0,0,0,0,0,1000,0,0,0,1000,0,1000,1000
049314,京鼎凱基94購01  ,0,0,0,0,0,0,0,0,0,1000,0,0,0,1000,0,1000,1000
049360,台達電元大94購07,0,0,0,0,0,0,0,0,0,1000,0,0,0,2000,1000,1000,1000
051956,滬深2X台新96購01,0,0,0,0,0,0,0,0,0,1000,0,0,0,1000,0,1000,1000
052214,智伸科元大96購01,0,0,0,0,0,0,0,0,0,1000,0,0,0,1000,0,1000,1000
052096,力成元大95購01  ,0,0,0,0,0,0,0,0,0,1000,0,0,0,1000,0,1000,1000
050056,國巨凱基94購04  ,0,0,0,0,0,0,0,0,0,1000,0,0,0,6000,5000,1000,1000
050034,智伸科元大94購01,0,0,0,0,0,0,0,0,0,1000,0,0,0,1000,0,1000,1000
049518,宏達電國票95購02,0,0,0,0,0,0,0,0,0,1000,0,0,0,1000,0,1000,1000
049605,旺宏第一94購01  ,0,0,0,0,0,0,0,0,0,1000,0,0,0,1000,0,1000,1000
049578,台達電元大94購09,0,0,0,0,0,0,0,0,0,1000,0,0,0,2000,1000,1000,1000
048704,台表科國票95購01,0,0,0,0,0,0,0,0,0,1000,0,0,0,5000,4000,1000,1000
048720,智易永豐94購02  ,0,0,0,0,0,0,0,0,0,1000,0,0,0,1000,0,1000,1000
049273,臺股指元大94購08,0,0,0,0,0,0,0,0,0,1000,0,0,0,1000,0,1000,1000
051466,玉晶光富邦97購01,0,0,0,0,0,0,0,0,0,1000,0,0,0,41000,40000,1000,1000
049013,川湖群益94購01  ,0,0,0,0,0,0,0,0,0,1000,0,0,0,11000,10000,1000,1000
048990,台表科元大94購01,0,0,0,0,0,0,0,0,0,1000,0,0,0,18000,17000,1000,1000
048844,訊芯凱基94購02  ,0,0,0,0,0,0,0,0,0,1000,0,0,0,11000,10000,1000,1000
04879P,康控永豐94售02  ,0,0,0,0,0,0,0,0,0,1000,0,0,0,1000,0,1000,1000
051260,鴻海永昌96購04  ,0,0,0,0,0,0,0,0,0,1000,0,0,0,1000,0,1000,1000
050656,瑞儀凱基96購01  ,0,0,0,0,0,0,0,0,0,1000,0,0,0,1000,0,1000,1000
050632,國巨群益94購07  ,0,0,0,0,0,0,0,0,0,1000,0,0,0,1000,0,1000,1000
049141,旺宏元大95購01  ,0,0,0,0,0,0,0,0,0,1000,0,0,0,1000,0,1000,1000
051371,超眾富邦95購01  ,0,0,0,0,0,0,0,0,0,1000,0,0,0,1000,0,1000,1000
051608,新日興群益96購01,0,0,0,0,0,0,0,0,0,1000,0,0,0,1000,0,1000,1000
049949,燿華群益96購01  ,0,0,0,0,0,0,0,0,0,1000,0,0,0,1000,0,1000,1000
05068P,鴻海統一95售06  ,0,0,0,0,0,0,0,0,0,1000,0,0,0,1000,0,1000,1000
054897,信錦康和97購01  ,0,0,0,0,0,0,0,0,0,1000,0,0,0,35000,34000,1000,1000
054971,帆宣元大97購02  ,0,0,0,0,0,0,0,0,0,1000,0,0,0,26000,25000,1000,1000
054784,順德群益9A購01  ,0,0,0,0,0,0,0,0,0,1000,0,0,0,1000,0,1000,1000
054612,慧洋永豐97購01  ,0,0,0,0,0,0,0,0,0,1000,0,0,0,1000,0,1000,1000
054498,燿華永豐96購06  ,0,0,0,0,0,0,0,0,0,1000,0,0,0,1000,0,1000,1000
053797,台積電中信98購01,0,0,0,0,0,0,0,0,0,1000,0,0,0,7000,6000,1000,1000
05379P,可成凱基95售11  ,0,0,0,0,0,0,0,0,0,1000,0,0,0,11000,10000,1000,1000
053881,南亞科中信97購01,0,0,0,0,0,0,0,0,0,1000,0,0,0,1000,0,1000,1000
05401P,聯茂永豐95售03  ,0,0,0,0,0,0,0,0,0,1000,0,0,0,1000,0,1000,1000
054102,百和國票97購04  ,0,0,0,0,0,0,0,0,0,1000,0,0,0,1000,0,1000,1000
05423P,聯電亞東95售02  ,0,0,0,0,0,0,0,0,0,1000,0,0,0,1000,0,1000,1000
054301,楠梓電凱基98購01,0,0,0,0,0,0,0,0,0,1000,0,0,0,2000,1000,1000,1000
053186,健策中信9C購01  ,0,0,0,0,0,0,0,0,0,1000,0,0,0,14000,13000,1000,1000
053201,美律日盛96購01  ,0,0,0,0,0,0,0,0,0,1000,0,0,0,1000,0,1000,1000
053262,華邦電群益96購02,0,0,0,0,0,0,0,0,0,1000,0,0,0,11000,10000,1000,1000
053639,禾伸堂永豐96購01,0,0,0,0,0,0,0,0,0,1000,0,0,0,10000,9000,1000,1000
053695,智易元大97購02  ,0,0,0,0,0,0,0,0,0,1000,0,0,0,4000,3000,1000,1000
053580,國巨元大96購10  ,0,0,0,0,0,0,0,0,0,1000,0,0,0,88000,87000,1000,1000
053518,聯茂群益96購03  ,0,0,0,0,0,0,0,0,0,1000,0,0,0,5000,4000,1000,1000
053543,臺股指永豐96購02,0,0,0,0,0,0,0,0,0,1000,0,0,0,1000,0,1000,1000
052613,易華電元大96購01,0,0,0,0,0,0,0,0,0,1000,0,0,0,1000,0,1000,1000
052609,智易元大97購01  ,0,0,0,0,0,0,0,0,0,1000,0,0,0,1000,0,1000,1000
052662,華新科國票97購01,0,0,0,0,0,0,0,0,0,1000,0,0,0,25000,24000,1000,1000
05297P,臻鼎凱基95售04  ,0,0,0,0,0,0,0,0,0,1000,0,0,0,1000,0,1000,1000
052346,訊芯凱基95購01  ,0,0,0,0,0,0,0,0,0,1000,0,0,0,1000,0,1000,1000
05239P,欣興永豐95售03  ,0,0,0,0,0,0,0,0,0,1000,0,0,0,26000,25000,1000,1000
05237P,為升永豐95售01  ,0,0,0,0,0,0,0,0,0,1000,0,0,0,1000,0,1000,1000
052385,滬深2X群益99購05,0,0,0,0,0,0,0,0,0,1000,0,0,0,19000,18000,1000,1000
052300,力成台新95購01  ,0,0,0,0,0,0,0,0,0,1000,0,0,0,1000,0,1000,1000
052537,力成富邦95購01  ,0,0,0,0,0,0,0,0,0,1000,0,0,0,1000,0,1000,1000
052431,茂林永豐95購03  ,0,0,0,0,0,0,0,0,0,1000,0,0,0,2000,1000,1000,1000
05243P,鴻海元大95售19  ,0,0,0,0,0,0,0,0,0,1000,0,0,0,467000,466000,1000,1000
05250P,臻鼎國票96售01  ,0,0,0,0,0,0,0,0,0,1000,0,0,0,11000,10000,1000,1000
4807,日成-KY         ,2000,1000,1000,0,0,0,0,0,0,0,0,0,0,0,0,0,1000
6201,亞弘電          ,1000,0,1000,0,0,0,0,0,0,0,0,0,0,0,0,0,1000
9931,欣高            ,1000,0,1000,0,0,0,0,0,0,0,0,0,0,0,0,0,1000
9926,新海            ,1000,0,1000,0,0,0,0,0,0,0,0,0,0,0,0,0,1000
9918,欣天然          ,1000,0,1000,0,0,0,0,0,0,0,0,0,0,0,0,0,1000
9919,康那香          ,3000,1000,2000,0,0,0,0,0,0,-1000,0,1000,-1000,0,0,0,1000
6405,悅城            ,1000,0,1000,0,0,0,0,0,0,0,0,0,0,0,0,0,1000
6573,虹揚-KY         ,4000,3000,1000,0,0,0,0,0,0,0,0,0,0,0,0,0,1000
6579,研揚            ,1000,0,1000,0,0,0,0,0,0,0,0,0,0,0,0,0,1000
06208P,台郡凱基97售03  ,0,0,0,0,0,0,0,0,0,1000,0,0,0,1000,0,1000,1000
05958P,聯發科國票97售04,0,0,0,0,0,0,0,0,0,1000,0,0,0,1000,0,1000,1000
07480P,FBVIX凱基94售01 ,0,0,0,0,0,0,0,0,0,1000,0,0,0,1000,0,1000,1000
06517P,國巨凱基98售09  ,0,0,0,0,0,0,0,0,0,1000,0,0,0,1000,0,1000,1000
06402P,鴻海元富97售14  ,0,0,0,0,0,0,0,0,0,1000,0,0,0,1000,0,1000,1000
06431P,新日興元大97售05,0,0,0,0,0,0,0,0,0,1000,0,0,0,1000,0,1000,1000
06340P,鴻海統一98售06  ,0,0,0,0,0,0,0,0,0,1000,0,0,0,851000,850000,1000,1000
3708,上緯投控        ,64000,53000,11000,0,0,0,0,0,0,-10000,0,0,0,0,10000,-10000,1000
2936,客思達-KY       ,1000,0,1000,0,0,0,0,0,0,0,0,0,0,0,0,0,1000
3011,今皓            ,0,0,0,0,0,0,0,0,0,1000,1000,0,1000,0,0,0,1000
2881B,富邦金乙特      ,0,0,0,0,0,0,0,0,0,1000,1000,0,1000,0,0,0,1000
1735,日勝化          ,1000,0,1000,0,0,0,0,0,0,0,0,0,0,0,0,0,1000
1724,台硝            ,1000,0,1000,0,0,0,0,0,0,0,0,0,0,0,0,0,1000
1725,元禎            ,1000,0,1000,0,0,0,0,0,0,0,0,0,0,0,0,0,1000
1423,利華            ,1000,0,1000,0,0,0,0,0,0,0,0,0,0,0,0,0,1000
1466,聚隆            ,1000,0,1000,0,0,0,0,0,0,0,0,0,0,0,0,0,1000
2415,錩新            ,0,0,0,0,0,0,0,0,0,1000,1000,0,1000,0,0,0,1000
2427,三商電          ,3000,2000,1000,0,0,0,0,0,0,0,0,0,0,0,0,0,1000
2402,毅嘉            ,40000,39000,1000,0,0,0,0,0,0,0,0,0,0,0,0,0,1000
2007,燁興            ,1000,0,1000,0,0,0,0,0,0,0,0,0,0,0,0,0,1000
2028,威致            ,0,0,0,0,0,0,0,0,0,1000,1000,0,1000,0,0,0,1000
2024,志聯            ,7000,6000,1000,0,0,0,0,0,0,0,0,0,0,0,0,0,1000
2033,佳大            ,1000,0,1000,0,0,0,0,0,0,0,0,0,0,0,0,0,1000
2030,彰源            ,9000,8000,1000,0,0,0,0,0,0,0,0,0,0,0,0,0,1000
2114,鑫永銓          ,1000,0,1000,0,0,0,0,0,0,0,0,0,0,0,0,0,1000
2239,英利-KY         ,3000,2000,1000,0,0,0,0,0,0,0,0,0,0,0,0,0,1000
2305,全友            ,1000,0,1000,0,0,0,0,0,0,0,0,0,0,0,0,0,1000
056454,欣興凱基98購02  ,0,0,0,0,0,0,0,0,0,0,0,0,0,2000,2000,0,0
056530,旺宏凱基98購06  ,0,0,0,0,0,0,0,0,0,0,0,0,0,4000,4000,0,0
056534,京元電凱基98購01,0,0,0,0,0,0,0,0,0,0,0,0,0,10000,10000,0,0
056535,全新凱基99購02  ,0,0,0,0,0,0,0,0,0,0,0,0,0,2000,2000,0,0
05651P,大立光元大97售02,0,0,0,0,0,0,0,0,0,0,0,0,0,46000,46000,0,0
056479,玉晶光元大99購05,0,0,0,0,0,0,0,0,0,0,0,0,0,2000,2000,0,0
056477,欣興元大98購02  ,0,0,0,0,0,0,0,0,0,0,0,0,0,8000,8000,0,0
056497,GIS國泰99購01   ,0,0,0,0,0,0,0,0,0,0,0,0,0,1000,1000,0,0
056357,台積電元大9A購01,0,0,0,0,0,0,0,0,0,0,0,0,0,50000,50000,0,0
056365,欣興元大98購01  ,0,0,0,0,0,0,0,0,0,0,0,0,0,41000,41000,0,0
056341,宏達電凱基9A購01,0,0,0,0,0,0,0,0,0,0,0,0,0,29000,29000,0,0
056338,聯發科凱基99購01,0,0,0,0,0,0,0,0,0,0,0,0,0,1000,1000,0,0
056352,鴻海元大99購01  ,0,0,0,0,0,0,0,0,0,0,0,0,0,3000,3000,0,0
056248,康友群益97購04  ,0,0,0,0,0,0,0,0,0,0,0,0,0,139000,139000,0,0
056287,亞光永豐97購02  ,0,0,0,0,0,0,0,0,0,0,0,0,0,36000,36000,0,0
056700,華新科國泰99購03,0,0,0,0,0,0,0,0,0,0,0,0,0,5000,5000,0,0
056694,欣興群益98購04  ,0,0,0,0,0,0,0,0,0,0,0,0,0,4000,4000,0,0
056730,元油2X凱基9A購04,0,0,0,0,0,0,0,0,0,0,0,0,0,10000,10000,0,0
05680P,聯發科元大96售12,0,0,0,0,0,0,0,0,0,0,0,0,0,110000,110000,0,0
056816,華通永豐98購02  ,0,0,0,0,0,0,0,0,0,0,0,0,0,9000,9000,0,0
056554,GIS凱基99購01   ,0,0,0,0,0,0,0,0,0,0,0,0,0,32000,32000,0,0
05666P,聯發科凱基96售14,0,0,0,0,0,0,0,0,0,0,0,0,0,42000,42000,0,0
056654,元油2X元大98購02,0,0,0,0,0,0,0,0,0,0,0,0,0,10000,10000,0,0
056652,上証反元大9B購01,0,0,0,0,0,0,0,0,0,0,0,0,0,10000,10000,0,0
057185,群創元大98購06  ,0,0,0,0,0,0,0,0,0,0,0,0,0,3000,3000,0,0
05717P,鴻海元大97售07  ,0,0,0,0,0,0,0,0,0,0,0,0,0,567000,567000,0,0
057235,亞光凱基98購04  ,0,0,0,0,0,0,0,0,0,0,0,0,0,3000,3000,0,0
057291,國巨國泰9A購01  ,0,0,0,0,0,0,0,0,0,0,0,0,0,66000,66000,0,0
057273,智邦元大98購05  ,0,0,0,0,0,0,0,0,0,0,0,0,0,33000,33000,0,0
057318,台光電凱基9A購01,0,0,0,0,0,0,0,0,0,0,0,0,0,1000,1000,0,0
057296,智原永豐98購01  ,0,0,0,0,0,0,0,0,0,0,0,0,0,39000,39000,0,0
057325,可成群益9A購01  ,0,0,0,0,0,0,0,0,0,0,0,0,0,14000,14000,0,0
057327,玉晶光群益9A購04,0,0,0,0,0,0,0,0,0,0,0,0,0,1000,1000,0,0
057375,欣興元大98購09  ,0,0,0,0,0,0,0,0,0,0,0,0,0,48000,48000,0,0
057365,智邦元大98購07  ,0,0,0,0,0,0,0,0,0,0,0,0,0,1000,1000,0,0
057366,智邦元大98購08  ,0,0,0,0,0,0,0,0,0,0,0,0,0,18000,18000,0,0
057370,可成元大98購07  ,0,0,0,0,0,0,0,0,0,0,0,0,0,120000,120000,0,0
05832P,臺股指元富96售04,0,0,0,0,0,0,0,0,0,0,0,0,0,7000,7000,0,0
05802P,臺股指兆豐96售02,0,0,0,0,0,0,0,0,0,0,0,0,0,10000,10000,0,0
05771P,大立光凱基96售13,0,0,0,0,0,0,0,0,0,0,0,0,0,23000,23000,0,0
05787P,臺股指永昌96售04,0,0,0,0,0,0,0,0,0,0,270000,20000,250000,170000,420000,-250000,0
05788P,臺股指永昌96售05,0,0,0,0,0,0,0,0,0,0,80000,0,80000,80000,160000,-80000,0
05789P,臺股指永昌96售06,0,0,0,0,0,0,0,0,0,0,10000,0,10000,0,10000,-10000,0
05850P,台積電兆豐96售06,0,0,0,0,0,0,0,0,0,0,0,0,0,34000,34000,0,0
05842P,台積電元大96售15,0,0,0,0,0,0,0,0,0,0,0,0,0,511000,511000,0,0
05845P,大立光元大96售06,0,0,0,0,0,0,0,0,0,0,0,0,0,175000,175000,0,0
05846P,大立光元大96售07,0,0,0,0,0,0,0,0,0,0,0,0,0,175000,175000,0,0
05872P,大立光凱基96售15,0,0,0,0,0,0,0,0,0,0,0,0,0,70000,70000,0,0
05863P,滬深2X元大96售09,0,0,0,0,0,0,0,0,0,0,0,0,0,10000,10000,0,0
05865P,大立光元大96售09,0,0,0,0,0,0,0,0,0,0,0,0,0,176000,176000,0,0
05876P,聯發科群益96售03,0,0,0,0,0,0,0,0,0,0,0,0,0,20000,20000,0,0
057011,日月光中信99購01,0,0,0,0,0,0,0,0,0,0,0,0,0,14000,14000,0,0
056990,聯發科兆豐98購01,0,0,0,0,0,0,0,0,0,0,0,0,0,5000,5000,0,0
056980,建準群益98購02  ,0,0,0,0,0,0,0,0,0,0,0,0,0,2000,2000,0,0
056964,聯發科永豐98購03,0,0,0,0,0,0,0,0,0,0,0,0,0,1000,1000,0,0
056856,華通群益9A購01  ,0,0,0,0,0,0,0,0,0,0,0,0,0,11000,11000,0,0
056901,華新科元大98購03,0,0,0,0,0,0,0,0,0,0,0,0,0,5000,5000,0,0
057051,群創元大9B購03  ,0,0,0,0,0,0,0,0,0,0,0,0,0,34000,34000,0,0
05709P,大立光國票97售01,0,0,0,0,0,0,0,0,0,0,0,0,0,7000,7000,0,0
057132,華新科凱基98購05,0,0,0,0,0,0,0,0,0,0,0,0,0,10000,10000,0,0
055972,GIS元大97購04   ,0,0,0,0,0,0,0,0,0,0,0,0,0,6000,6000,0,0
055975,鴻海統一98購05  ,0,0,0,0,0,0,0,0,0,0,0,0,0,200000,200000,0,0
055942,臺股指群益9C購01,0,0,0,0,0,0,0,0,0,0,0,0,0,150000,150000,0,0
056013,T50反1群益97購01,0,0,0,0,0,0,0,0,0,0,0,0,0,190000,190000,0,0
05601P,鴻海元大97售04  ,0,0,0,0,0,0,0,0,0,0,0,0,0,84000,84000,0,0
055994,聯發科國泰99購02,0,0,0,0,0,0,0,0,0,0,0,0,0,115000,115000,0,0
056058,建準元大97購02  ,0,0,0,0,0,0,0,0,0,0,0,0,0,2000,2000,0,0
056092,亞德客元富97購02,0,0,0,0,0,0,0,0,0,0,0,0,0,11000,11000,0,0
056034,華通凱基98購01  ,0,0,0,0,0,0,0,0,0,0,0,0,0,6000,6000,0,0
056035,鴻海凱基97購06  ,0,0,0,0,0,0,0,0,0,0,0,0,0,3000,3000,0,0
056043,力成凱基97購01  ,0,0,0,0,0,0,0,0,0,0,0,0,0,7000,7000,0,0
056185,全新統一98購01  ,0,0,0,0,0,0,0,0,0,0,0,0,0,48000,48000,0,0
055651,富邦金元富97購01,0,0,0,0,0,0,0,0,0,0,0,0,0,10000,10000,0,0
055658,南電元富97購01  ,0,0,0,0,0,0,0,0,0,0,0,0,0,10000,10000,0,0
055642,廣宇元富97購01  ,0,0,0,0,0,0,0,0,0,0,0,0,0,20000,20000,0,0
055687,瀚宇博凱基97購01,0,0,0,0,0,0,0,0,0,0,0,0,0,25000,25000,0,0
055709,深中小元大97購03,0,0,0,0,0,0,0,0,0,0,0,0,0,300000,300000,0,0
055711,上銀元大97購04  ,0,0,0,0,0,0,0,0,0,0,0,0,0,10000,10000,0,0
05592P,可成群益96售03  ,0,0,0,0,0,0,0,0,0,0,0,0,0,40000,40000,0,0
055834,國巨元大97購13  ,0,0,0,0,0,0,0,0,0,0,0,0,0,14000,14000,0,0
055498,大立光元大97購07,0,0,0,0,0,0,0,0,0,0,0,0,0,6000,6000,0,0
055463,國喬凱基97購01  ,0,0,0,0,0,0,0,0,0,0,0,0,0,20000,20000,0,0
055470,南亞科凱基97購01,0,0,0,0,0,0,0,0,0,0,0,0,0,2000,2000,0,0
055473,禾伸堂凱基97購01,0,0,0,0,0,0,0,0,0,0,0,0,0,6000,6000,0,0
055475,臻鼎凱基97購02  ,0,0,0,0,0,0,0,0,0,0,0,0,0,2000,2000,0,0
055476,台郡凱基97購02  ,0,0,0,0,0,0,0,0,0,0,0,0,0,34000,34000,0,0
055477,同欣電凱基98購01,0,0,0,0,0,0,0,0,0,0,0,0,0,30000,30000,0,0
055508,矽力元大97購01  ,0,0,0,0,0,0,0,0,0,0,0,0,0,8000,8000,0,0
055389,國巨統一98購02  ,0,0,0,0,0,0,0,0,0,0,0,0,0,1000,1000,0,0
055320,建準國票98購01  ,0,0,0,0,0,0,0,0,0,0,0,0,0,50000,50000,0,0
055343,國巨凱基97購03  ,0,0,0,0,0,0,0,0,0,0,0,0,0,5000,5000,0,0
055346,國巨凱基98購02  ,0,0,0,0,0,0,0,0,0,0,0,0,0,14000,14000,0,0
055359,超眾凱基97購01  ,0,0,0,0,0,0,0,0,0,0,0,0,0,28000,28000,0,0
05535P,台積電元大97售06,0,0,0,0,0,0,0,0,0,0,0,0,0,501000,501000,0,0
055147,鴻海元大97購11  ,0,0,0,0,0,0,0,0,0,0,0,0,0,211000,211000,0,0
05510P,燿華元富96售01  ,0,0,0,0,0,0,0,0,0,0,0,0,0,21000,21000,0,0
055101,台肥凱基97購01  ,0,0,0,0,0,0,0,0,0,0,0,0,0,1000,1000,0,0
055099,可成日盛97購01  ,0,0,0,0,0,0,0,0,0,0,0,0,0,30000,30000,0,0
055135,聯發科富邦99購05,0,0,0,0,0,0,0,0,0,0,0,0,0,10000,10000,0,0
055239,帆宣台新97購01  ,0,0,0,0,0,0,0,0,0,0,0,0,0,12000,12000,0,0
055191,牧德元富97購01  ,0,0,0,0,0,0,0,0,0,0,0,0,0,6000,6000,0,0
055196,致新元富97購01  ,0,0,0,0,0,0,0,0,0,0,0,0,0,40000,40000,0,0
055306,燿華群益97購01  ,0,0,0,0,0,0,0,0,0,0,0,0,0,1000,1000,0,0
05917P,宏達電元大96售02,0,0,0,0,0,0,0,0,0,0,0,0,0,29000,29000,0,0
05918P,大立光元大96售11,0,0,0,0,0,0,0,0,0,0,0,0,0,45000,45000,0,0
047708,聯發科凱基93購17,0,0,0,0,0,0,0,0,0,0,0,0,0,1000,1000,0,0
047670,矽力永豐93購01  ,0,0,0,0,0,0,0,0,0,0,0,0,0,10000,10000,0,0
04765P,宏達電永豐94售02,0,0,0,0,0,0,0,0,0,0,0,0,0,12000,12000,0,0
046339,訊芯中信92購01  ,0,0,0,0,0,0,0,0,0,0,0,0,0,20000,20000,0,0
048056,全新國泰94購02  ,0,0,0,0,0,0,0,0,0,0,0,0,0,3000,3000,0,0
048060,台達電統一93購01,0,0,0,0,0,0,0,0,0,0,0,0,0,48000,48000,0,0
048084,華通凱基93購05  ,0,0,0,0,0,0,0,0,0,0,0,0,0,5000,5000,0,0
048086,鴻海凱基93購33  ,0,0,0,0,0,0,0,0,0,0,0,0,0,330000,330000,0,0
048122,台達電元大96購02,0,0,0,0,0,0,0,0,0,0,0,0,0,1000,1000,0,0
04781P,欣興凱基94售06  ,0,0,0,0,0,0,0,0,0,0,0,0,0,15000,15000,0,0
047821,臺股指凱基93購15,0,0,0,0,0,0,0,0,0,0,0,0,0,10000,10000,0,0
047804,鴻海凱基93購26  ,0,0,0,0,0,0,0,0,0,0,0,0,0,70000,70000,0,0
047806,旺宏凱基93購05  ,0,0,0,0,0,0,0,0,0,0,0,0,0,21000,21000,0,0
04778P,可成凱基94售10  ,0,0,0,0,0,0,0,0,0,0,0,0,0,15000,15000,0,0
051442,正崴元大95購02  ,0,0,0,0,0,0,0,0,0,0,0,0,0,50000,50000,0,0
051448,聯詠元大95購02  ,0,0,0,0,0,0,0,0,0,0,0,0,0,3000,3000,0,0
051287,台積電統一95購05,0,0,0,0,0,0,0,0,0,0,0,0,0,9000,9000,0,0
051288,可成統一95購03  ,0,0,0,0,0,0,0,0,0,0,0,0,0,15000,15000,0,0
047840,新日興元大93購03,0,0,0,0,0,0,0,0,0,0,0,0,0,30000,30000,0,0
051261,鴻海永昌96購05  ,0,0,0,0,0,0,0,0,0,0,0,0,0,10000,10000,0,0
051264,道瓊反富邦97購01,0,0,0,0,0,0,0,0,0,0,0,0,0,150000,150000,0,0
05132P,鴻海元富95售07  ,0,0,0,0,0,0,0,0,0,0,0,0,0,10000,10000,0,0
051408,台積電國票95購03,0,0,0,0,0,0,0,0,0,0,0,0,0,10000,10000,0,0
051404,牧德永豐96購01  ,0,0,0,0,0,0,0,0,0,0,0,0,0,17000,17000,0,0
051186,創意永豐95購01  ,0,0,0,0,0,0,0,0,0,0,0,0,0,68000,68000,0,0
051175,國巨凱基95購04  ,0,0,0,0,0,0,0,0,0,0,0,0,0,122000,122000,0,0
051146,旺宏凱基95購04  ,0,0,0,0,0,0,0,0,0,0,0,0,0,5000,5000,0,0
051206,大立光麥證95購02,0,0,0,20000,20000,0,0,0,0,0,0,0,0,20000,20000,0,0
051057,信邦群益95購01  ,0,0,0,0,0,0,0,0,0,0,0,0,0,10000,10000,0,0
051058,景碩群益96購01  ,0,0,0,0,0,0,0,0,0,0,0,0,0,157000,157000,0,0
051065,台積電國票96購01,0,0,0,0,0,0,0,0,0,0,0,0,0,1000,1000,0,0
047585,微星永豐93購01  ,0,0,0,0,0,0,0,0,0,0,0,0,0,8000,8000,0,0
048559,京元電元大93購03,0,0,0,0,0,0,0,0,0,0,0,0,0,68000,68000,0,0
04855P,上証2X元富94售02,0,0,0,0,0,0,0,0,0,0,0,0,0,10000,10000,0,0
048577,GIS國泰94購01   ,0,0,0,0,0,0,0,0,0,0,0,0,0,4000,4000,0,0
048568,緯穎元大93購06  ,0,0,0,0,0,0,0,0,0,0,0,0,0,13000,13000,0,0
04795P,聯發科元大94售09,0,30000,-30000,0,0,0,0,0,0,30000,0,0,0,30000,0,30000,0
047543,鴻海凱基94購09  ,0,0,0,0,0,0,0,0,0,0,0,0,0,3000,3000,0,0
047107,上銀元大93購04  ,0,0,0,0,0,0,0,0,0,0,0,0,0,11000,11000,0,0
046450,鴻海凱基93購12  ,0,0,0,0,0,0,0,0,0,0,0,0,0,1000,1000,0,0
047558,臻鼎凱基93購06  ,0,0,0,0,0,0,0,0,0,0,0,0,0,34000,34000,0,0
046487,鴻海永昌92購01  ,0,0,0,0,0,0,0,0,0,0,0,0,0,20000,20000,0,0
046528,聯詠中信94購01  ,0,0,0,0,0,0,0,0,0,0,0,0,0,20000,20000,0,0
04652P,臺股指凱基94售11,0,0,0,0,0,0,0,0,0,0,0,0,0,10000,10000,0,0
047033,日月光中信95購01,0,0,0,0,0,0,0,0,0,0,0,0,0,6000,6000,0,0
047025,可成元大93購05  ,0,0,0,0,0,0,0,0,0,0,0,0,0,18000,18000,0,0
047010,聯詠統一93購05  ,0,0,0,0,0,0,0,0,0,0,0,0,0,68000,68000,0,0
047003,鴻海統一93購05  ,0,0,0,0,0,0,0,0,0,0,0,0,0,50000,50000,0,0
046989,可成凱基93購03  ,0,0,0,0,0,0,0,0,0,0,0,0,0,10000,10000,0,0
046944,奇力新元大96購01,0,0,0,0,0,0,0,0,0,0,0,0,0,23000,23000,0,0
046804,群創元大94購01  ,0,0,0,0,0,0,0,0,0,0,0,0,0,6000,6000,0,0
04669P,臺股指國票94售08,0,0,0,0,0,0,0,0,0,0,0,0,0,100000,100000,0,0
046693,台積電凱基93購03,0,0,0,0,0,0,0,0,0,0,0,0,0,15000,15000,0,0
046694,智邦凱基93購01  ,0,0,0,0,0,0,0,0,0,0,0,0,0,10000,10000,0,0
046716,欣興國泰93購03  ,0,0,0,0,0,0,0,0,0,0,0,0,0,8000,8000,0,0
046670,彩晶元大93購02  ,0,0,0,0,0,0,0,0,0,0,0,0,0,55000,55000,0,0
046667,晶技元大93購01  ,0,0,0,0,0,0,0,0,0,0,0,0,0,100000,100000,0,0
04748P,臺股指元大94售23,0,0,0,0,0,0,0,0,0,0,0,0,0,105000,105000,0,0
046234,彩晶元大92購01  ,0,0,0,0,0,0,0,0,0,0,0,0,0,10000,10000,0,0
04838P,宏達電元大95售02,0,0,0,0,0,0,0,0,0,0,0,0,0,23000,23000,0,0
048430,瑞昱國票93購02  ,0,0,0,0,0,0,0,0,0,0,0,0,0,1000,1000,0,0
048418,瑞昱統一93購04  ,0,0,0,0,0,0,0,0,0,0,0,0,0,60000,60000,0,0
044872,旺宏統一93購02  ,0,0,0,0,0,0,0,0,0,0,0,0,0,4000,4000,0,0
04499P,滬深2X統一94售03,0,0,0,0,0,0,0,0,0,0,0,0,0,13000,13000,0,0
044705,群創元大93購03  ,0,0,0,0,0,0,0,0,0,0,0,0,0,3000,3000,0,0
044396,燿華凱基93購02  ,0,0,0,0,0,0,0,0,0,0,0,0,0,2000,2000,0,0
044680,華新科凱基93購06,0,0,0,0,0,0,0,0,0,0,0,0,0,10000,10000,0,0
045106,玉晶光群益95購01,0,0,0,0,0,0,0,0,0,0,0,0,0,14000,14000,0,0
04517P,宏達電群益95售01,0,0,0,0,0,0,0,0,0,0,0,0,0,10000,10000,0,0
045216,鴻海元大93購02  ,0,0,0,0,0,0,0,0,0,0,0,0,0,24000,24000,0,0
04528P,智原凱基94售01  ,0,0,0,0,0,0,0,0,0,0,0,0,0,30000,30000,0,0
044105,聯詠中信95購01  ,0,0,0,0,0,0,0,0,0,0,0,0,0,10000,10000,0,0
047436,台積電元大94購02,0,0,0,0,0,0,0,0,0,0,0,0,0,49000,49000,0,0
047319,晶技元大93購02  ,0,0,0,0,0,0,0,0,0,0,0,0,0,68000,68000,0,0
047330,康舒元大93購01  ,0,0,0,0,0,0,0,0,0,0,0,0,0,100000,100000,0,0
047345,鴻海凱基94購06  ,0,0,0,0,0,0,0,0,0,0,0,0,0,1000,1000,0,0
04735P,聯茂兆豐94售01  ,0,0,0,0,0,0,0,0,0,0,0,0,0,70000,70000,0,0
048293,聯詠群益93購04  ,0,0,0,0,0,0,0,0,0,0,0,0,0,10000,10000,0,0
04349P,美律國票94售02  ,0,0,0,0,0,0,0,0,0,0,0,0,0,200000,200000,0,0
04341P,美律永豐93售03  ,0,0,0,0,0,0,0,0,0,0,0,0,0,60000,60000,0,0
04344P,台達電國泰94售01,0,0,0,0,0,0,0,0,0,0,0,0,0,147000,147000,0,0
043144,台肥統一93購01  ,0,0,0,0,0,0,0,0,0,0,0,0,0,10000,10000,0,0
04379P,大立光元大94售06,0,0,0,0,0,0,0,0,0,0,0,0,0,25000,25000,0,0
047115,可成元大93購06  ,0,0,0,0,0,0,0,0,0,0,0,0,0,21000,21000,0,0
047124,華新中信93購01  ,0,0,0,0,0,0,0,0,0,0,0,0,0,9000,9000,0,0
047119,臻鼎元大93購01  ,0,0,0,0,0,0,0,0,0,0,0,0,0,30000,30000,0,0
047236,智伸科凱基93購05,0,0,0,0,0,0,0,0,0,0,0,0,0,10000,10000,0,0
047232,禾伸堂凱基93購02,0,0,0,0,0,0,0,0,0,0,0,0,0,10000,10000,0,0
047227,華新科凱基94購01,0,0,0,0,0,0,0,0,0,0,0,0,0,23000,23000,0,0
047138,智伸科凱基93購04,0,0,0,0,0,0,0,0,0,0,0,0,0,10000,10000,0,0
045537,華新群益94購01  ,0,0,0,0,0,0,0,0,0,0,0,0,0,17000,17000,0,0
045967,日電貿凱基92購01,0,0,0,0,0,0,0,0,0,0,0,0,0,10000,10000,0,0
03652C,臺股指元大03牛01,0,0,0,0,0,0,0,0,0,0,0,0,0,4000,4000,0,0
03375P,玉晶光元大02售07,0,0,0,0,0,0,0,0,0,0,0,0,0,233000,233000,0,0
03892P,元油2X中信95售01,0,0,0,0,0,0,0,0,0,0,0,0,0,20000,20000,0,0
03425B,臺股指元大9A熊01,0,0,0,0,0,0,0,0,0,0,0,0,0,5000,5000,0,0
045504,群創凱基94購01  ,0,0,0,0,0,0,0,0,0,0,0,0,0,11000,11000,0,0
04247P,宏達電永豐93售02,0,0,0,0,0,0,0,0,0,0,0,0,0,12000,12000,0,0
00770,國泰北美科技    ,42000,1000,41000,0,0,0,0,0,0,-41000,0,0,0,2000,43000,-41000,0
00732,國泰RMB短期報酬 ,0,0,0,0,0,0,0,0,0,0,0,0,0,100000,100000,0,0
00774B,新光中國政金綠債,0,0,0,0,0,0,0,0,0,0,0,0,0,2000,2000,0,0
03039P,玉晶光國票02售04,0,0,0,0,0,0,0,0,0,0,0,0,0,100000,100000,0,0
00711B,FH彭博新興債    ,0,0,0,0,0,0,0,0,0,0,0,0,0,116000,116000,0,0
00707R,元大S&P日圓反1  ,0,0,0,0,0,0,0,0,0,0,0,0,0,1000,1000,0,0
00685L,群益臺灣加權正2 ,0,0,0,0,0,0,0,0,0,0,0,0,0,10000,10000,0,0
006203,元大MSCI台灣    ,1000,0,1000,0,0,0,0,0,0,-1000,0,0,0,0,1000,-1000,0
0057,富邦摩台        ,0,0,0,0,0,0,0,0,0,0,0,0,0,21000,21000,0,0
00625K,富邦上証+R      ,0,0,0,0,0,0,0,0,0,0,0,0,0,50000,50000,0,0
00636K,國泰中國A50+U   ,0,0,0,0,0,0,0,0,0,0,0,0,0,100,100,0,0
00775B,新光投等債15+   ,0,0,0,0,0,0,0,0,0,0,0,0,0,2000,2000,0,0
00776,新光ICE美國權值 ,0,0,0,0,0,0,0,0,0,0,0,0,0,1000,1000,0,0
00657,國泰日經225     ,0,0,0,0,0,0,0,0,0,0,0,0,0,101000,101000,0,0
00657K,國泰日經225+U   ,0,0,0,0,0,0,0,0,0,0,0,0,0,100,100,0,0
00668K,國泰美國道瓊+U  ,0,0,0,0,0,0,0,0,0,0,0,0,0,100,100,0,0
050702,崇越凱基94購01  ,0,0,0,0,0,0,0,0,0,0,0,0,0,10000,10000,0,0
050692,鴻海凱基96購04  ,0,0,0,0,0,0,0,0,0,0,0,0,0,1000,1000,0,0
049934,緯穎元大94購08  ,0,0,0,0,0,0,0,0,0,0,0,0,0,143000,143000,0,0
051594,和碩元大96購01  ,0,0,0,0,0,0,0,0,0,0,0,0,0,10000,10000,0,0
051616,鴻海凱基96購08  ,0,0,0,0,0,0,0,0,0,0,0,0,0,5000,5000,0,0
051611,鈺齊群益95購02  ,0,0,0,0,0,0,0,0,0,0,0,0,0,10000,10000,0,0
051580,宏碁元大95購02  ,0,0,0,0,0,0,0,0,0,0,0,0,0,16000,16000,0,0
051576,台積電元大97購02,0,0,0,0,0,0,0,0,0,0,0,0,0,61000,61000,0,0
051577,台積電元大97購03,0,0,0,0,0,0,0,0,0,0,0,0,0,70000,70000,0,0
051357,可成元大95購05  ,0,0,0,0,0,0,0,0,0,0,0,0,0,10000,10000,0,0
051531,國巨國票96購04  ,0,0,0,0,0,0,0,0,0,0,0,0,0,70000,70000,0,0
051382,玉晶光群益98購02,0,0,0,0,0,0,0,0,0,0,0,0,0,9000,9000,0,0
051384,康友群益95購01  ,0,0,0,0,0,0,0,0,0,0,0,0,0,40000,40000,0,0
049151,大立光元大94購07,0,0,0,0,0,0,0,0,0,0,0,0,0,1000,1000,0,0
049167,元油2X凱基97購03,0,0,0,0,0,0,0,0,0,0,0,0,0,32000,32000,0,0
049931,矽力元大94購01  ,0,0,0,0,0,0,0,0,0,0,0,0,0,1000,1000,0,0
050642,和大凱基94購03  ,0,0,0,0,0,0,0,0,0,0,0,0,0,36000,36000,0,0
05065P,燿華元大96售03  ,0,0,0,0,0,0,0,0,0,0,0,0,0,27000,27000,0,0
050660,欣興元大96購02  ,0,0,0,0,0,0,0,0,0,0,0,0,0,200000,200000,0,0
050670,牧德永豐94購03  ,0,0,0,0,0,0,0,0,0,0,0,0,0,11000,11000,0,0
050608,台達電元大94購12,0,0,0,0,0,0,0,0,0,0,0,0,0,1000,1000,0,0
050609,鴻海元大94購23  ,0,0,0,0,0,0,0,0,0,0,0,0,0,7000,7000,0,0
050610,鴻海元大94購24  ,0,0,0,0,0,0,0,0,0,0,0,0,0,92000,92000,0,0
051514,智邦凱基95購05  ,0,0,0,0,0,0,0,0,0,0,0,0,0,200000,200000,0,0
05098P,鴻海凱基95售15  ,0,0,0,0,0,0,0,0,0,0,0,0,0,1000,1000,0,0
051740,可成國票96購04  ,0,0,0,0,0,0,0,0,0,0,0,0,0,5000,5000,0,0
050956,鈺齊群益95購01  ,0,0,0,0,0,0,0,0,0,0,0,0,0,10000,10000,0,0
051236,鴻海元大96購05  ,0,0,0,0,0,0,0,0,0,0,0,0,0,93000,93000,0,0
051242,台積電元大96購06,0,0,0,0,0,0,0,0,0,0,0,0,0,60000,60000,0,0
049874,全新康和94購01  ,0,0,0,0,0,0,0,0,0,0,0,0,0,10000,10000,0,0
049138,台積電元大94購05,0,0,0,0,0,0,0,0,0,0,0,0,0,188000,188000,0,0
049139,台積電元大94購06,0,0,0,0,0,0,0,0,0,0,0,0,0,308000,308000,0,0
049843,康友中信95購01  ,0,0,0,0,0,0,0,0,0,0,0,0,0,40000,40000,0,0
048831,玉晶光凱基95購01,0,0,0,0,0,0,0,0,0,0,0,0,0,1000,1000,0,0
048832,玉晶光凱基95購02,0,0,0,0,0,0,0,0,0,0,0,0,0,3000,3000,0,0
048852,旺宏群益96購02  ,0,0,0,0,0,0,0,0,0,0,0,0,0,1000,1000,0,0
048784,台積電元大94購04,0,0,0,0,0,0,0,0,0,0,0,0,0,1000,1000,0,0
048870,義隆國票96購01  ,0,0,0,0,0,0,0,0,0,0,0,0,0,10000,10000,0,0
048895,光罩國泰95購01  ,0,100000,-100000,0,0,0,0,0,0,100000,0,0,0,122000,22000,100000,0
051677,達方元大95購01  ,0,0,0,0,0,0,0,0,0,0,0,0,0,17000,17000,0,0
051661,華新科永昌96購01,0,0,0,0,0,0,0,0,0,0,0,0,0,2000,2000,0,0
051657,台郡元富98購01  ,0,0,0,0,0,0,0,0,0,0,0,0,0,261000,261000,0,0
051638,聯茂國票96購01  ,0,0,0,0,0,0,0,0,0,0,0,0,0,67000,67000,0,0
051716,康控康和95購01  ,0,0,0,0,0,0,0,0,0,0,0,0,0,6000,6000,0,0
051706,國泰金群益95購01,0,0,0,0,0,0,0,0,0,0,0,0,0,11000,11000,0,0
051756,台積電元大97購04,0,0,0,0,0,0,0,0,0,0,0,0,0,155000,155000,0,0
051793,臻鼎國票95購02  ,0,0,0,0,0,0,0,0,0,0,0,0,0,20000,20000,0,0
051801,牧德永豐95購04  ,0,0,0,0,0,0,0,0,0,0,0,0,0,10000,10000,0,0
048991,昇陽半元大94購01,0,0,0,0,0,0,0,0,0,0,0,0,0,17000,17000,0,0
049009,南亞科麥證94購01,0,0,0,10000,10000,0,0,0,0,0,0,0,0,10000,10000,0,0
049025,華擎群益94購01  ,0,0,0,0,0,0,0,0,0,0,0,0,0,2000,2000,0,0
051459,臺股指元大95購19,0,0,0,0,0,0,0,0,0,0,0,0,0,1000,1000,0,0
049268,聯茂元大94購03  ,0,0,0,0,0,0,0,0,0,0,0,0,0,1000,1000,0,0
049249,台達電元大94購05,0,0,0,0,0,0,0,0,0,0,0,0,0,1000,1000,0,0
048700,和鑫國票95購01  ,0,0,0,0,0,0,0,0,0,0,0,0,0,20000,20000,0,0
048682,奇力新富邦96購01,0,0,0,0,0,0,0,0,0,0,0,0,0,5000,5000,0,0
04959P,可成凱基94售14  ,0,0,0,0,0,0,0,0,0,0,0,0,0,47000,47000,0,0
049607,台積電兆豐94購04,0,0,0,0,0,0,0,0,0,0,0,0,0,40000,40000,0,0
04958P,和大凱基94售04  ,0,0,0,0,0,0,0,0,0,0,0,0,0,168000,168000,0,0
049527,國巨中信95購01  ,0,0,0,0,0,0,0,0,0,0,0,0,0,30000,30000,0,0
049528,台積電中信94購01,0,0,0,0,0,0,0,0,0,0,0,0,0,20000,20000,0,0
050061,聯發科凱基94購07,0,0,0,0,0,0,0,0,0,0,0,0,0,15000,15000,0,0
049285,宏碁兆豐94購01  ,0,0,0,0,0,0,0,0,0,0,0,0,0,10000,10000,0,0
052097,GIS元大95購05   ,0,0,0,0,0,0,0,0,0,0,0,0,0,2000,2000,0,0
052052,嘉澤凱基95購02  ,0,0,0,0,0,0,0,0,0,0,0,0,0,10000,10000,0,0
052226,旺宏凱基95購06  ,0,0,0,0,0,0,0,0,0,0,0,0,0,4000,4000,0,0
05191P,鴻海台新95售01  ,0,0,0,0,0,0,0,0,0,0,0,0,0,50000,50000,0,0
051890,智邦元富95購03  ,0,0,0,0,0,0,0,0,0,0,0,0,0,20000,20000,0,0
05187P,力山凱基95售01  ,0,0,0,0,0,0,0,0,0,0,0,0,0,10000,10000,0,0
052031,臺股指群益95購04,0,0,0,0,0,0,0,0,0,0,0,0,0,10000,10000,0,0
051973,華新科凱基96購04,0,0,0,0,0,0,0,0,0,0,0,0,0,30000,30000,0,0
049387,緯穎元大94購03  ,0,0,0,0,0,0,0,0,0,0,0,0,0,38000,38000,0,0
05016P,臺股指元大95售07,0,0,0,0,0,0,0,0,0,0,0,0,0,100000,100000,0,0
049318,樺漢凱基94購01  ,0,0,0,0,0,0,0,0,0,0,0,0,0,3000,3000,0,0
049319,GIS凱基94購03   ,0,0,0,0,0,0,0,0,0,0,0,0,0,2000,2000,0,0
049353,茂林永豐94購03  ,0,0,0,0,0,0,0,0,0,0,0,0,0,20000,20000,0,0
04933P,中石化中信96售01,0,0,0,0,0,0,0,0,0,0,0,0,0,10000,10000,0,0
049336,台達電統一94購02,0,0,0,0,0,0,0,0,0,0,0,0,0,10000,10000,0,0
049337,台達電統一94購03,0,0,0,0,0,0,0,0,0,0,0,0,0,10000,10000,0,0
05138P,嘉聯益凱基96售02,0,0,0,0,0,0,0,0,0,0,0,0,0,10000,10000,0,0
051385,矽創群益95購01  ,0,0,0,0,0,0,0,0,0,0,0,0,0,11000,11000,0,0
050902,南電元大96購01  ,0,0,0,0,0,0,0,0,0,0,0,0,0,1000,1000,0,0
048610,華新科凱基94購04,0,0,0,0,0,0,0,0,0,0,0,0,0,10000,10000,0,0
052806,玉晶光元大98購04,0,0,0,0,0,0,0,0,0,0,0,0,0,33000,33000,0,0
052808,矽力元大96購02  ,0,0,0,0,0,0,0,0,0,0,0,0,0,1000,1000,0,0
052777,燿華國票98購01  ,0,0,0,0,0,0,0,0,0,0,0,0,0,16000,16000,0,0
048635,鴻海元大94購04  ,0,0,0,0,0,0,0,0,0,0,0,0,0,19000,19000,0,0
048636,鴻海元大94購05  ,0,0,0,0,0,0,0,0,0,0,0,0,0,16000,16000,0,0
048637,鴻海元大96購01  ,0,0,0,0,0,0,0,0,0,0,0,0,0,10000,10000,0,0
048633,台達電元大94購02,0,0,0,0,0,0,0,0,0,0,0,0,0,1000,1000,0,0
050198,緯穎元大94購09  ,0,0,0,0,0,0,0,0,0,0,0,0,0,8000,8000,0,0
050199,南電元大94購09  ,0,0,0,0,0,0,0,0,0,0,0,0,0,1000,1000,0,0
050187,群創元大94購03  ,0,0,0,0,0,0,0,0,0,0,0,0,0,28000,28000,0,0
05018P,臺股指元大95售09,0,0,0,0,0,0,0,0,0,0,0,0,0,100000,100000,0,0
049815,緯穎元大94購06  ,0,0,0,0,0,0,0,0,0,0,0,0,0,67000,67000,0,0
05146P,鴻海元大95售10  ,0,0,0,0,0,0,0,0,0,0,0,0,0,444000,444000,0,0
050089,臻鼎台新94購01  ,0,0,0,0,0,0,0,0,0,0,0,0,0,38000,38000,0,0
049759,元黃金富邦9A購01,0,0,0,0,0,0,0,0,0,0,0,0,0,44000,44000,0,0
049652,GIS凱基94購05   ,0,0,0,0,0,0,0,0,0,0,0,0,0,8000,8000,0,0
049664,聯發科永豐94購03,0,0,0,0,0,0,0,0,0,0,0,0,0,68000,68000,0,0
049727,台積電中信94購02,0,0,0,0,0,0,0,0,0,0,0,0,0,20000,20000,0,0
050161,鴻海國泰96購03  ,0,0,0,0,0,0,0,0,0,0,0,0,0,200000,200000,0,0
050767,京元電元大96購01,0,0,0,0,0,0,0,0,0,0,0,0,0,73000,73000,0,0
050810,鴻海凱基95購09  ,0,0,0,0,0,0,0,0,0,0,0,0,0,1000,1000,0,0
050811,國巨凱基95購02  ,0,0,0,0,0,0,0,0,0,0,0,0,0,1000,1000,0,0
050793,大立光富邦96購03,0,0,0,0,0,0,0,0,0,0,0,0,0,20000,20000,0,0
050808,台達電凱基96購02,0,0,0,0,0,0,0,0,0,0,0,0,0,10000,10000,0,0
050809,鴻海凱基95購08  ,0,0,0,0,0,0,0,0,0,0,0,0,0,2000,2000,0,0
049419,欣興凱基94購04  ,0,0,0,0,0,0,0,0,0,0,0,0,0,68000,68000,0,0
050112,高鐵元大94購02  ,0,0,0,0,0,0,0,0,0,0,0,0,0,24000,24000,0,0
050107,鴻海元大94購12  ,0,0,0,0,0,0,0,0,0,0,0,0,0,19000,19000,0,0
049490,京元電元大95購02,0,0,0,0,0,0,0,0,0,0,0,0,0,39000,39000,0,0
05147P,鴻海元大95售11  ,0,0,0,0,0,0,0,0,0,0,0,0,0,170000,170000,0,0
050258,為升元大94購08  ,0,0,0,0,0,0,0,0,0,0,0,0,0,58000,58000,0,0
050848,日月光國票95購01,0,0,0,0,0,0,0,0,0,0,0,0,0,260000,260000,0,0
050547,華新科凱基95購01,0,0,0,0,0,0,0,0,0,0,0,0,0,60000,60000,0,0
050506,奇鋐凱基94購02  ,0,0,0,0,0,0,0,0,0,0,0,0,0,69000,69000,0,0
050515,聯電元大96購01  ,0,0,0,0,0,0,0,0,0,0,0,0,0,110000,110000,0,0
050542,宏碁凱基95購01  ,0,0,0,0,0,0,0,0,0,0,0,0,0,6000,6000,0,0
050537,鴻海凱基95購05  ,0,0,0,0,0,0,0,0,0,0,0,0,0,12000,12000,0,0
050446,鴻海元大94購22  ,0,0,0,0,0,0,0,0,0,0,0,0,0,1000,1000,0,0
050431,聯發科凱基94購18,0,0,0,0,0,0,0,0,0,0,0,0,0,4000,4000,0,0
050383,超眾兆豐95購01  ,0,0,0,0,0,0,0,0,0,0,0,0,0,10000,10000,0,0
050332,鴻海國泰96購05  ,0,0,0,0,0,0,0,0,0,0,0,0,0,31000,31000,0,0
050333,鴻海國泰96購06  ,0,0,0,0,0,0,0,0,0,0,0,0,0,1000,1000,0,0
050350,全新群益94購04  ,0,0,0,0,0,0,0,0,0,0,0,0,0,10000,10000,0,0
050356,緯穎群益94購05  ,0,0,0,0,0,0,0,0,0,0,0,0,0,39000,39000,0,0
052504,鴻海日盛95購03  ,0,0,0,0,0,0,0,0,0,0,0,0,0,50000,50000,0,0
052489,義隆國票96購02  ,0,0,0,0,0,0,0,0,0,0,0,0,0,10000,10000,0,0
052441,亞泥元大95購01  ,0,0,0,0,0,0,0,0,0,0,0,0,0,10000,10000,0,0
052455,樺漢元大96購03  ,0,0,0,0,0,0,0,0,0,0,0,0,0,3000,3000,0,0
052433,滬深2X國泰96購02,0,0,0,0,0,0,0,0,0,0,0,0,0,10000,10000,0,0
052572,群創凱基99購01  ,0,0,0,0,0,0,0,0,0,0,0,0,0,25000,25000,0,0
052292,緯穎元富95購02  ,0,0,0,0,0,0,0,0,0,0,0,0,0,2000,2000,0,0
052289,為升元富95購02  ,0,0,0,0,0,0,0,0,0,0,0,0,0,15000,15000,0,0
052279,旺宏凱基95購07  ,0,0,0,0,0,0,0,0,0,0,0,0,0,5000,5000,0,0
052230,大立光凱基96購09,0,0,0,0,0,0,0,0,0,0,0,0,0,2000,2000,0,0
052243,致茂康和95購01  ,0,0,0,0,0,0,0,0,0,0,0,0,0,5000,5000,0,0
052260,為升富邦97購02  ,0,0,0,0,0,0,0,0,0,0,0,0,0,34000,34000,0,0
052387,台積電群益95購08,0,0,0,0,0,0,0,0,0,0,0,0,0,202000,202000,0,0
052399,台光電凱基95購03,0,0,0,0,0,0,0,0,0,0,0,0,0,1000,1000,0,0
052389,聯發科群益95購05,0,0,0,0,0,0,0,0,0,0,0,0,0,98000,98000,0,0
052948,景碩國票97購02  ,0,0,0,0,0,0,0,0,0,0,0,0,0,9000,9000,0,0
052951,GIS國票97購02   ,0,0,0,0,0,0,0,0,0,0,0,0,0,30000,30000,0,0
052960,中環凱基96購01  ,0,0,0,0,0,0,0,0,0,0,0,0,0,30000,30000,0,0
052963,智邦凱基96購02  ,0,0,0,0,0,0,0,0,0,0,0,0,0,45000,45000,0,0
052974,瀚宇博群益96購01,0,0,0,0,0,0,0,0,0,0,0,0,0,11000,11000,0,0
052875,樺漢凱基96購02  ,0,0,0,0,0,0,0,0,0,0,0,0,0,5000,5000,0,0
052870,玉晶光凱基96購03,0,0,0,0,0,0,0,0,0,0,0,0,0,7000,7000,0,0
052866,大立光凱基96購12,0,0,0,0,0,0,0,0,0,0,0,0,0,1000,1000,0,0
052895,台積電群益96購04,0,0,0,0,0,0,0,0,0,0,0,0,0,49000,49000,0,0
052672,世紀鋼群益96購02,0,0,0,0,0,0,0,0,0,0,0,0,0,10000,10000,0,0
052718,新唐凱基96購01  ,0,0,0,0,0,0,0,0,0,0,0,0,0,20000,20000,0,0
053400,緯穎中信9A購01  ,0,0,0,0,0,0,0,0,0,0,0,0,0,79000,79000,0,0
053381,友達元大9A購02  ,0,0,0,0,0,0,0,0,0,0,0,0,0,27000,27000,0,0
053383,京元電元大97購01,0,0,0,0,0,0,0,0,0,0,0,0,0,32000,32000,0,0
053549,南亞科凱基96購02,0,0,0,0,0,0,0,0,0,0,0,0,0,2000,2000,0,0
053636,全新永豐96購02  ,0,0,0,0,0,0,0,0,0,0,0,0,0,2000,2000,0,0
053630,奇鋐兆豐97購01  ,0,0,0,0,0,0,0,0,0,0,0,0,0,18000,18000,0,0
053710,華通凱基96購05  ,0,0,0,0,0,0,0,0,0,0,0,0,0,2000,2000,0,0
053653,京元電凱基96購02,0,0,0,0,0,0,0,0,0,0,0,0,0,15000,15000,0,0
053684,台積電元大96購17,0,0,0,0,0,0,0,0,0,0,0,0,0,59000,59000,0,0
053685,台積電元大96購18,0,0,0,0,0,0,0,0,0,0,0,0,0,84000,84000,0,0
053658,亞光凱基96購01  ,0,0,0,0,0,0,0,0,0,0,0,0,0,42000,42000,0,0
053276,友達元大9C購01  ,0,0,0,0,0,0,0,0,0,0,0,0,0,10000,10000,0,0
053280,群創元大9C購01  ,0,0,0,0,0,0,0,0,0,0,0,0,0,102000,102000,0,0
053206,聯發科麥證96購02,0,0,0,30000,30000,0,0,0,0,0,0,0,0,30000,30000,0,0
053314,A50正2群益9A購01,0,0,0,0,0,0,0,0,0,0,0,0,0,1008000,1008000,0,0
05330P,臺股指凱基95售14,0,0,0,0,0,0,0,0,0,0,0,0,0,26000,26000,0,0
053284,樺漢元大97購01  ,0,0,0,0,0,0,0,0,0,0,0,0,0,3000,3000,0,0
053375,鴻海元大96購18  ,0,0,0,0,0,0,0,0,0,0,0,0,0,1000,1000,0,0
053376,鴻海元大96購19  ,0,0,0,0,0,0,0,0,0,0,0,0,0,112000,112000,0,0
053185,友達中信99購01  ,0,0,0,0,0,0,0,0,0,0,0,0,0,20000,20000,0,0
05316P,台積電永昌96售06,0,0,0,0,0,0,0,0,0,0,0,0,0,10000,10000,0,0
053123,京元電凱基96購01,0,0,0,0,0,0,0,0,0,0,0,0,0,10000,10000,0,0
053115,滬深2X中信97購01,0,0,0,0,0,0,0,0,0,0,0,0,0,5000,5000,0,0
05304P,國巨國泰97售02  ,0,0,0,0,0,0,0,0,0,0,0,0,0,10000,10000,0,0
053064,國巨群益96購04  ,0,0,0,0,0,0,0,0,0,0,0,0,0,8000,8000,0,0
053109,聯發科兆豐96購01,0,0,0,0,0,0,0,0,0,0,0,0,0,2000,2000,0,0
054300,華通凱基96購07  ,0,0,0,0,0,0,0,0,0,0,0,0,0,6000,6000,0,0
054363,世芯凱基97購01  ,0,0,0,0,0,0,0,0,0,0,0,0,0,1000,1000,0,0
054235,欣興群益96購06  ,0,0,0,0,0,0,0,0,0,0,0,0,0,4000,4000,0,0
054250,漢唐元大96購04  ,0,0,0,0,0,0,0,0,0,0,0,0,0,12000,12000,0,0
054277,亞光群益97購01  ,0,0,0,0,0,0,0,0,0,0,0,0,0,38000,38000,0,0
054280,牧德群益98購01  ,0,0,0,0,0,0,0,0,0,0,0,0,0,4000,4000,0,0
054286,台積電元大96購22,0,0,0,0,0,0,0,0,0,0,0,0,0,70000,70000,0,0
054287,台積電元大97購11,0,0,0,0,0,0,0,0,0,0,0,0,0,42000,42000,0,0
054127,台積電元大96購21,0,0,0,0,0,0,0,0,0,0,0,0,0,49000,49000,0,0
054147,GIS元大96購02   ,0,0,0,0,0,0,0,0,0,0,0,0,0,2000,2000,0,0
054049,亞光元大96購03  ,0,0,0,0,0,0,0,0,0,0,0,0,0,41000,41000,0,0
05388P,南亞科元大95售04,0,0,0,0,0,0,0,0,0,0,0,0,0,74000,74000,0,0
053859,台積電元大97購09,0,0,0,0,0,0,0,0,0,0,0,0,0,88000,88000,0,0
053831,台積電台新97購02,0,0,0,0,0,0,0,0,0,0,0,0,0,3000,3000,0,0
05384P,大立光永豐95售02,0,0,0,0,0,0,0,0,0,0,0,0,0,25000,25000,0,0
053850,嘉澤元富96購03  ,0,0,0,0,0,0,0,0,0,0,0,0,0,30000,30000,0,0
053844,GIS統一96購01   ,0,0,0,0,0,0,0,0,0,0,0,0,0,3000,3000,0,0
053835,南亞科永豐96購02,0,0,0,0,0,0,0,0,0,0,0,0,0,89000,89000,0,0
053800,華通凱基97購03  ,0,0,0,0,0,0,0,0,0,0,0,0,0,12000,12000,0,0
053792,百和元大96購01  ,0,0,0,0,0,0,0,0,0,0,0,0,0,20000,20000,0,0
05443P,宏達電元大95售05,0,0,0,0,0,0,0,0,0,0,0,0,0,20000,20000,0,0
054415,奇力新元大96購06,0,0,0,0,0,0,0,0,0,0,0,0,0,1000,1000,0,0
05442P,鴻海元大96售13  ,0,0,0,0,0,0,0,0,0,0,0,0,0,159000,159000,0,0
054384,瀚宇博群益96購02,0,0,0,0,0,0,0,0,0,0,0,0,0,5000,5000,0,0
05458P,台積電凱基97售02,0,0,0,0,0,0,0,0,0,0,0,0,0,37000,37000,0,0
054625,旺宏凱基98購03  ,0,0,0,0,0,0,0,0,0,0,0,0,0,2000,2000,0,0
054569,GIS群益98購01   ,0,0,0,0,0,0,0,0,0,0,0,0,0,11000,11000,0,0
054650,南亞麥證97購01  ,0,0,0,10000,10000,0,0,0,0,0,0,0,0,10000,10000,0,0
054664,台表科元大97購04,0,0,0,0,0,0,0,0,0,0,0,0,0,68000,68000,0,0
054790,禾伸堂群益98購01,0,0,0,0,0,0,0,0,0,0,0,0,0,76000,76000,0,0
054813,鴻海元大97購09  ,0,0,0,0,0,0,0,0,0,0,0,0,0,432000,432000,0,0
054814,台積電元大97購13,0,0,0,0,0,0,0,0,0,0,0,0,0,160000,160000,0,0
054864,聯發科群益97購02,0,0,0,0,0,0,0,0,0,0,0,0,0,98000,98000,0,0
054761,台光電國票98購02,0,0,0,0,0,0,0,0,0,0,0,0,0,37000,37000,0,0
054744,晶相光凱基99購01,0,0,0,0,0,0,0,0,0,0,0,0,0,37000,37000,0,0
054905,國揚康和97購01  ,0,0,0,0,0,0,0,0,0,0,0,0,0,2000,2000,0,0
054877,百和群益98購01  ,0,0,0,0,0,0,0,0,0,0,0,0,0,5000,5000,0,0
054950,奇力新元大98購02,0,0,0,0,0,0,0,0,0,0,0,0,0,100000,100000,0,0
054936,鴻海元大97購10  ,0,0,0,0,0,0,0,0,0,0,0,0,0,319000,319000,0,0
054940,台積電元大97購16,0,0,0,0,0,0,0,0,0,0,0,0,0,51000,51000,0,0
2038,海光            ,2000,2000,0,0,0,0,0,0,0,0,0,0,0,0,0,0,0
1906,寶隆            ,1000,1000,0,0,0,0,0,0,0,0,0,0,0,0,0,0,0
1817,凱撒衛          ,1000,1000,0,0,0,0,0,0,0,0,0,0,0,0,0,0,0
2397,友通            ,2000,2000,0,0,0,0,0,0,0,0,0,0,0,0,0,0,0
2373,震旦行          ,2000,2000,0,0,0,0,0,0,0,0,0,0,0,0,0,0,0
1521,大億            ,3000,3000,0,0,0,0,0,0,0,0,0,0,0,0,0,0,0
1454,台富            ,2000,2000,0,0,0,0,0,0,0,0,0,0,0,0,0,0,0
1414,東和            ,1000,1000,0,0,0,0,0,0,0,0,0,0,0,0,0,0,0
1236,宏亞            ,1000,1000,0,0,0,0,0,0,0,0,0,0,0,0,0,0,0
1618,合機            ,3000,4000,-1000,0,0,0,0,0,0,1000,1000,0,1000,0,0,0,0
1568,倉佑            ,2000,2000,0,0,0,0,0,0,0,0,0,0,0,0,0,0,0
1533,車王電          ,2000,2000,0,0,0,0,0,0,0,0,0,0,0,0,0,0,0
1535,中宇            ,1000,1000,0,0,0,0,0,0,0,0,0,0,0,0,0,0,0
2613,中櫃            ,1000,1000,0,0,0,0,0,0,0,0,0,0,0,0,0,0,0
2497,怡利電          ,2000,2000,0,0,0,0,0,0,0,0,0,0,0,0,0,0,0
2468,華經            ,2000,2000,0,0,0,0,0,0,0,0,0,0,0,0,0,0,0
2460,建通            ,0,0,0,0,0,0,0,0,0,0,1000,1000,0,0,0,0,0
3046,建碁            ,1000,1000,0,0,0,0,0,0,0,0,0,0,0,0,0,0,0
3311,閎暉            ,1000,1000,0,0,0,0,0,0,0,0,0,0,0,0,0,0,0
06353P,電子類富邦99售02,0,0,0,0,0,0,0,0,0,0,0,0,0,10000,10000,0,0
06372P,聯發科元大97售21,0,0,0,0,0,0,0,0,0,0,0,0,0,90000,90000,0,0
06369P,台積電凱基97售16,0,0,0,0,0,0,0,0,0,0,0,0,0,65000,65000,0,0
06366P,鴻海凱基97售10  ,0,0,0,0,0,0,0,0,0,0,0,0,0,11000,11000,0,0
06429P,大立光元大97售15,0,0,0,0,0,0,0,0,0,0,0,0,0,25000,25000,0,0
06430P,大立光元大97售16,0,0,0,0,0,0,0,0,0,0,0,0,0,25000,25000,0,0
06415P,台積電群益97售07,0,0,0,0,0,0,0,0,0,0,0,0,0,10000,10000,0,0
06388P,鴻海兆豐97售04  ,0,0,0,0,0,0,0,0,0,0,0,0,0,9000,9000,0,0
06444P,大立光凱基98售08,0,0,0,0,0,0,0,0,0,0,0,0,0,100000,100000,0,0
06445P,大立光凱基98售09,0,0,0,0,0,0,0,0,0,0,0,0,0,7000,7000,0,0
06497P,大立光凱基98售11,0,0,0,0,0,0,0,0,0,0,0,0,0,23000,23000,0,0
06592P,欣興元大98售04  ,0,0,0,0,0,0,0,0,0,0,0,0,0,15000,15000,0,0
06578P,華新科國票98售02,0,0,0,0,0,0,0,0,0,0,0,0,0,5000,5000,0,0
06582P,可成凱基98售06  ,0,0,0,0,0,0,0,0,0,0,0,0,0,40000,40000,0,0
06566P,華通永豐98售03  ,0,0,0,0,0,0,0,0,0,0,0,0,0,1000,1000,0,0
06544P,鴻海元大98售09  ,0,0,0,0,0,0,0,0,0,0,0,0,0,12000,12000,0,0
06679P,旺宏元大98售09  ,0,0,0,0,0,0,0,0,0,0,0,0,0,35000,35000,0,0
06644P,亞德客元大98售03,0,0,0,0,0,0,0,0,0,0,0,0,0,40000,40000,0,0
06660P,大立光富邦9B售03,0,0,0,0,0,0,0,0,0,0,0,0,0,5000,5000,0,0
06647P,台積電元大98售13,0,0,0,0,0,0,0,0,0,0,0,0,0,50000,50000,0,0
06673P,大立光群益98售01,0,0,0,0,0,0,0,0,0,0,0,0,0,5000,5000,0,0
05940P,聯發科凱基96售21,0,0,0,0,0,0,0,0,0,0,0,0,0,8000,8000,0,0
05936P,台積電凱基96售20,0,0,0,0,0,0,0,0,0,0,0,0,0,68000,68000,0,0
06020P,燿華元富96售04  ,0,0,0,0,0,0,0,0,0,0,0,0,0,19000,19000,0,0
06048P,大立光富邦96售05,0,0,0,0,0,0,0,0,0,0,0,0,0,5000,5000,0,0
06059P,泰碩元大97售02  ,0,0,0,0,0,0,0,0,0,0,0,0,0,10000,10000,0,0
06202P,大立光元大98售06,0,0,0,0,0,0,0,0,0,0,0,0,0,142000,142000,0,0
06238P,台積電元大98售07,0,0,0,0,0,0,0,0,0,0,0,0,0,40000,40000,0,0
06241P,大立光元富9A售01,0,0,0,0,0,0,0,0,0,0,0,0,0,19000,19000,0,0
06265P,美律凱基97售01  ,0,0,0,0,0,0,0,0,0,0,0,0,0,10000,10000,0,0
06267P,大立光凱基97售12,0,0,0,0,0,0,0,0,0,0,0,0,0,127000,127000,0,0
06285P,台積電國票98售04,0,0,0,0,0,0,0,0,0,0,0,0,0,160000,160000,0,0
06184P,大立光元大97售06,0,0,0,0,0,0,0,0,0,0,0,0,0,125000,125000,0,0
06112P,台積電兆豐97售01,0,0,0,0,0,0,0,0,0,0,0,0,0,30000,30000,0,0
6582,申豐            ,6000,6000,0,0,0,0,0,0,0,0,0,0,0,0,0,0,0
6625,必應            ,1000,1000,0,0,0,0,0,0,0,0,0,0,0,0,0,0,0
6641,基士德-KY       ,4000,2000,2000,0,0,0,0,0,0,-2000,0,2000,-2000,0,0,0,0
8033,雷虎            ,5000,5000,0,0,0,0,0,0,0,0,0,0,0,0,0,0,0
6442,光聖            ,1000,1000,0,0,0,0,0,0,0,0,0,0,0,0,0,0,0
6215,和椿            ,2000,2000,0,0,0,0,0,0,0,0,0,0,0,0,0,0,0
8429,金麗-KY         ,47000,46000,1000,0,0,0,0,0,0,-1000,0,1000,-1000,0,0,0,0
8482,商億-KY         ,91000,91000,0,0,0,0,0,0,0,0,0,0,0,0,0,0,0
8497,格威傳媒        ,1000,1000,0,0,0,0,0,0,0,0,0,0,0,0,0,0,0
8466,美吉吉-KY       ,2000,2000,0,0,0,0,0,0,0,0,0,0,0,0,0,0,0
8367,建新國際        ,5000,5000,0,0,0,0,0,0,0,0,0,0,0,0,0,0,0
8411,福貞-KY         ,0,0,0,0,0,0,0,0,0,0,1000,1000,0,0,0,0,0
6183,關貿            ,3000,3000,0,0,0,0,0,0,0,0,0,0,0,0,0,0,0
6133,金橋            ,0,0,0,0,0,0,0,0,0,0,1000,1000,0,0,0,0,0
5288,豐祥-KY         ,1000,1000,0,0,0,0,0,0,0,0,0,0,0,0,0,0,0
4764,雙鍵            ,2000,2000,0,0,0,0,0,0,0,0,0,0,0,0,0,0,0
4545,銘鈺            ,8000,8000,0,0,0,0,0,0,0,0,0,0,0,0,0,0,0
4576,大銀微系統      ,2000,2000,0,0,0,0,0,0,0,0,0,0,0,0,0,0,0
9940,信義            ,24000,24000,0,0,0,0,0,0,0,0,0,0,0,0,0,0,0
055295,瀚宇博元大97購02,0,0,0,0,0,0,0,0,0,-1000,0,0,0,8000,9000,-1000,-1000
055143,臻鼎永豐97購01  ,0,0,0,0,0,0,0,0,0,-1000,0,0,0,89000,90000,-1000,-1000
055355,大立光凱基97購05,0,0,0,0,0,0,0,0,0,-1000,0,0,0,1000,2000,-1000,-1000
055323,貿聯國票98購01  ,0,0,0,0,0,0,0,0,0,-1000,0,0,0,10000,11000,-1000,-1000
055398,超眾統一97購03  ,0,0,0,0,0,0,0,0,0,-1000,0,0,0,77000,78000,-1000,-1000
055414,奇力新富邦9B購01,0,0,0,0,0,0,0,0,0,-1000,0,0,0,23000,24000,-1000,-1000
055828,上銀元大97購05  ,0,0,0,0,0,0,0,0,0,-1000,0,0,0,2000,3000,-1000,-1000
055785,祥碩凱基97購02  ,0,0,0,0,0,0,0,0,0,-1000,0,0,0,0,1000,-1000,-1000
055904,貿聯亞東99購01  ,0,0,0,0,0,0,0,0,0,-1000,0,0,0,0,1000,-1000,-1000
056203,興富發永豐97購01,0,0,0,0,0,0,0,0,0,-1000,0,0,0,0,1000,-1000,-1000
057157,群創富邦98購02  ,0,0,0,0,0,0,0,0,0,-1000,0,0,0,25000,26000,-1000,-1000
05707P,中磊永豐96售01  ,0,0,0,0,0,0,0,0,0,-1000,0,0,0,0,1000,-1000,-1000
057072,日月光永豐98購01,0,0,0,0,0,0,0,0,0,-1000,0,0,0,13000,14000,-1000,-1000
057055,立積元大99購01  ,0,0,0,0,0,0,0,0,0,-1000,0,0,0,20000,21000,-1000,-1000
057020,台積電凱基99購02,0,0,0,0,0,0,0,0,0,-1000,0,0,0,0,1000,-1000,-1000
057021,台積電凱基9A購02,0,0,0,0,0,0,0,0,0,-1000,0,0,0,0,1000,-1000,-1000
056889,元油2X元大99購07,0,0,0,0,0,0,0,0,0,-1000,0,0,0,0,1000,-1000,-1000
05694P,台積電凱基96售09,0,0,0,0,0,0,0,0,0,-1000,0,0,0,200000,201000,-1000,-1000
057004,滬深反中信9A購01,0,0,0,0,0,0,0,0,0,-1000,0,0,0,2000,3000,-1000,-1000
05857P,旺宏中信98售02  ,0,0,0,0,0,0,0,0,0,-1000,0,0,0,18000,19000,-1000,-1000
057345,中50統一98購01  ,0,0,0,0,0,0,0,0,0,-1000,0,0,0,0,1000,-1000,-1000
057316,國巨凱基99購04  ,0,0,0,0,0,0,0,0,0,-1000,0,0,0,0,1000,-1000,-1000
057234,宏達電凱基98購05,0,0,0,0,0,0,0,0,0,-1000,0,0,0,0,1000,-1000,-1000
056677,智伸科元富98購01,0,0,0,0,0,0,0,0,0,-1000,0,0,0,40000,41000,-1000,-1000
056595,台積電元富98購04,0,0,0,0,0,0,0,0,0,-1000,0,0,0,0,1000,-1000,-1000
056800,臺股指麥證98購01,0,0,0,1000,2000,-1000,0,0,0,-1000,0,0,0,1000,2000,-1000,-1000
056734,國巨凱基99購01  ,0,0,0,0,0,0,0,0,0,-1000,0,0,0,0,1000,-1000,-1000
056769,國產元大98購01  ,0,0,0,0,0,0,0,0,0,-1000,0,0,0,0,1000,-1000,-1000
056334,台積電凱基98購06,0,0,0,0,0,0,0,0,0,-1000,0,0,0,0,1000,-1000,-1000
056395,玉晶光永豐9B購01,0,0,0,0,0,0,0,0,0,-1000,0,0,0,22000,23000,-1000,-1000
056543,京鼎凱基98購01  ,0,0,0,0,0,0,0,0,0,-1000,0,0,0,28000,29000,-1000,-1000
056457,嘉澤凱基98購01  ,0,0,0,0,0,0,0,0,0,-1000,0,0,0,50000,51000,-1000,-1000
056426,上証2X凱基9A購01,0,0,0,0,0,0,0,0,0,-1000,0,0,0,2000,3000,-1000,-1000
056379,玉晶光元富98購01,0,0,0,0,0,0,0,0,0,-1000,0,0,0,0,1000,-1000,-1000
03012X,元展12          ,0,0,0,0,0,0,0,0,0,-1000,0,0,0,0,1000,-1000,-1000
0052,富邦科技        ,2000,2000,0,0,0,0,0,0,0,-1000,0,0,0,120000,121000,-1000,-1000
00688L,國泰20年美債正2 ,0,0,0,0,0,0,0,0,0,-1000,0,0,0,155000,156000,-1000,-1000
00735,國泰臺韓科技    ,0,0,0,0,0,0,0,0,0,-1000,0,0,0,116000,117000,-1000,-1000
04158P,南電永豐93售04  ,0,0,0,0,0,0,0,0,0,-1000,0,0,0,0,1000,-1000,-1000
03189P,玉晶光元大03售05,0,0,0,0,0,0,0,0,0,-1000,0,0,0,0,1000,-1000,-1000
03922P,中磊凱基93售01  ,0,0,0,0,0,0,0,0,0,-1000,0,0,0,0,1000,-1000,-1000
03619C,臺股指元大95牛02,0,0,0,0,0,0,0,0,0,-1000,0,0,0,0,1000,-1000,-1000
045380,漢唐元大93購03  ,0,0,0,0,0,0,0,0,0,-1000,0,0,0,0,1000,-1000,-1000
03608P,鴻海元大92售14  ,0,0,0,0,0,0,0,0,0,-1000,0,0,0,0,1000,-1000,-1000
03771P,中磊元大93售03  ,0,0,0,0,0,0,0,0,0,-1000,0,0,0,0,1000,-1000,-1000
045996,南電富邦94購01  ,0,0,0,0,0,0,0,0,0,-1000,0,0,0,0,1000,-1000,-1000
046020,滬深2X元大95購02,0,0,0,0,0,0,0,0,0,-1000,0,0,0,0,1000,-1000,-1000
045768,大立光元富95購02,0,0,0,0,0,0,0,0,0,-1000,0,0,0,13000,14000,-1000,-1000
04359P,中磊永豐94售01  ,0,0,0,0,0,0,0,0,0,-1000,0,0,0,0,1000,-1000,-1000
045142,聯茂兆豐93購02  ,0,0,0,0,0,0,0,0,0,-1000,0,0,0,0,1000,-1000,-1000
044645,元金2X群益93購01,0,0,0,0,0,0,0,0,0,-1000,0,0,0,0,1000,-1000,-1000
04453P,聯發科富邦94售04,0,0,0,0,0,0,0,0,0,-1000,0,0,0,0,1000,-1000,-1000
046248,技嘉群益93購02  ,0,0,0,0,0,0,0,0,0,-1000,0,0,0,212000,213000,-1000,-1000
047487,南電凱基94購01  ,0,0,0,0,0,0,0,0,0,-1000,0,0,0,0,1000,-1000,-1000
048506,華通群益94購03  ,0,0,0,0,0,0,0,0,0,-1000,0,0,0,10000,11000,-1000,-1000
046754,技嘉凱基93購05  ,0,0,0,0,0,0,0,0,0,-1000,0,0,0,0,1000,-1000,-1000
046831,大立光群益94購01,0,0,0,0,0,0,0,0,0,-1000,0,0,0,9000,10000,-1000,-1000
047040,台勝科群益93購01,0,0,0,0,0,0,0,0,0,-1000,0,0,0,0,1000,-1000,-1000
047960,鈺齊永豐93購01  ,0,0,0,0,0,0,0,0,0,-1000,0,0,0,1000,2000,-1000,-1000
047849,中工統一93購01  ,0,0,0,0,0,0,0,0,0,-1000,0,0,0,0,1000,-1000,-1000
051053,台光電群益95購01,0,0,0,0,0,0,0,0,0,-1000,0,0,0,2000,3000,-1000,-1000
048169,瑞昱永豐93購02  ,0,0,0,0,0,0,0,0,0,-1000,0,0,0,0,1000,-1000,-1000
048203,矽力元大93購02  ,0,0,0,0,0,0,0,0,0,-1000,0,0,0,0,1000,-1000,-1000
04812P,國巨元大95售03  ,0,0,0,0,0,0,0,0,0,-1000,0,0,0,0,1000,-1000,-1000
047995,台達電元大96購01,0,0,0,0,0,0,0,0,0,-1000,0,0,0,0,1000,-1000,-1000
050106,台達電元大94購11,0,0,0,0,0,0,0,0,0,-1000,0,0,0,0,1000,-1000,-1000
050119,瀚宇博元大95購03,0,0,0,0,0,0,0,0,0,-1000,0,0,0,0,1000,-1000,-1000
050115,群創元大96購01  ,0,0,0,0,0,0,0,0,0,-1000,0,0,0,261000,262000,-1000,-1000
049716,台積電凱基94購24,0,0,0,0,0,0,0,0,0,-1000,0,0,0,0,1000,-1000,-1000
04976P,中磊凱基94售01  ,0,0,0,0,0,0,0,0,0,-1000,0,0,0,0,1000,-1000,-1000
051479,兆豐金凱基95購01,0,0,0,0,0,0,0,0,0,-1000,0,0,0,0,1000,-1000,-1000
051829,玉晶光元大98購02,0,0,0,0,0,0,0,0,0,-1000,0,0,0,0,1000,-1000,-1000
04861P,中磊群益94售02  ,0,0,0,0,0,0,0,0,0,-1000,0,0,0,0,1000,-1000,-1000
050911,光磊中信98購01  ,0,0,0,0,0,0,0,0,0,-1000,0,0,0,8000,9000,-1000,-1000
051994,瀚宇博元大96購01,0,0,0,0,0,0,0,0,0,-1000,0,0,0,0,1000,-1000,-1000
051961,泰碩永豐95購01  ,0,0,0,0,0,0,0,0,0,-1000,0,0,0,0,1000,-1000,-1000
051914,健策元大96購06  ,0,0,0,0,0,0,0,0,0,-1000,0,0,0,85000,86000,-1000,-1000
052080,康友元富98購02  ,0,0,0,0,0,0,0,0,0,-1000,0,0,0,0,1000,-1000,-1000
052094,瀚宇博元大96購02,0,0,0,0,0,0,0,0,0,-1000,0,0,0,0,1000,-1000,-1000
049277,臺股指元大94購12,0,0,0,0,0,0,0,0,0,-1000,0,0,0,0,1000,-1000,-1000
049554,禾伸堂富邦96購01,0,0,0,0,0,0,0,0,0,-1000,0,0,0,48000,49000,-1000,-1000
049577,台達電元大94購08,0,0,0,0,0,0,0,0,0,-1000,0,0,0,0,1000,-1000,-1000
049248,台達電元大94購04,0,0,0,0,0,0,0,0,0,-1000,0,0,0,0,1000,-1000,-1000
05145P,道瓊反元大98售01,0,0,0,0,0,0,0,0,0,-1000,0,0,0,0,1000,-1000,-1000
048975,玉晶光元大94購03,0,0,0,0,0,0,0,0,0,-1000,0,0,0,0,1000,-1000,-1000
051792,泰鼎國票96購02  ,0,0,0,0,0,0,0,0,0,-1000,0,0,0,9000,10000,-1000,-1000
04889P,華通元大94售03  ,0,0,0,0,0,0,0,0,0,-1000,0,0,0,0,1000,-1000,-1000
048777,瀚宇博凱基94購02,0,0,0,0,0,0,0,0,0,-1000,0,0,0,0,1000,-1000,-1000
048794,易華電元大97購01,0,0,0,0,0,0,0,0,0,-1000,0,0,0,1000,2000,-1000,-1000
048765,奇力新凱基94購01,0,0,0,0,0,0,0,0,0,-1000,0,0,0,0,1000,-1000,-1000
048839,牧德凱基95購01  ,0,0,0,0,0,0,0,0,0,-1000,0,0,0,0,1000,-1000,-1000
049135,台達電元大94購03,0,0,0,0,0,0,0,0,0,-1000,0,0,0,0,1000,-1000,-1000
049068,元油2X凱基95購03,0,0,0,0,0,0,0,0,0,-1000,0,0,0,0,1000,-1000,-1000
050953,臻鼎群益95購01  ,0,0,0,0,0,0,0,0,0,-1000,0,0,0,0,1000,-1000,-1000
051567,台積電富邦95購06,0,0,0,0,0,0,0,0,0,-1000,0,0,0,0,1000,-1000,-1000
049940,臺股指元大94購21,0,0,0,0,0,0,0,0,0,-1000,0,0,0,0,1000,-1000,-1000
054926,神達凱基98購01  ,0,0,0,0,0,0,0,0,0,-1000,0,0,0,5000,6000,-1000,-1000
054919,興富發凱基97購01,0,0,0,0,0,0,0,0,0,-1000,0,0,0,0,1000,-1000,-1000
054956,宏盛元大97購01  ,0,0,0,0,0,0,0,0,0,-1000,0,0,0,1000,2000,-1000,-1000
054978,堤維西元富97購01,0,0,0,0,0,0,0,0,0,-1000,0,0,0,0,1000,-1000,-1000
054863,億光群益97購01  ,0,0,0,0,0,0,0,0,0,-1000,0,0,0,98000,99000,-1000,-1000
054548,鴻海凱基98購03  ,0,0,0,0,0,0,0,0,0,-1000,0,0,0,0,1000,-1000,-1000
054478,可成中信97購01  ,0,0,0,0,0,0,0,0,0,-1000,0,0,0,15000,16000,-1000,-1000
05398P,康控國票96售03  ,0,0,0,0,0,0,0,0,0,-1000,0,0,0,0,1000,-1000,-1000
054001,康友群益96購02  ,0,0,0,0,0,0,0,0,0,-1000,0,0,0,45000,46000,-1000,-1000
053901,T50反1凱基99購03,0,0,0,0,0,0,0,0,0,-1000,0,0,0,84000,85000,-1000,-1000
053923,亞光國票97購01  ,0,0,0,0,0,0,0,0,0,-1000,0,0,0,23000,24000,-1000,-1000
053959,晶豪科永豐96購02,0,0,0,0,0,0,0,0,0,-1000,0,0,0,0,1000,-1000,-1000
053153,大立光元大99購02,0,0,0,0,0,0,0,0,0,-1000,0,0,0,1000,2000,-1000,-1000
053288,臺股指元大96購16,0,0,0,0,0,0,0,0,0,-1000,0,0,0,1000,2000,-1000,-1000
053647,臺股指國票96購10,0,0,0,0,0,0,0,0,0,-1000,0,0,0,100000,101000,-1000,-1000
053388,群創元大9C購02  ,0,0,0,0,0,0,0,0,0,-1000,0,0,0,0,1000,-1000,-1000
053456,大立光元富96購04,0,0,0,0,0,0,0,0,0,-1000,0,0,0,7000,8000,-1000,-1000
052611,力成元大96購02  ,0,0,0,0,0,0,0,0,0,-1000,0,0,0,9000,10000,-1000,-1000
052940,玉晶光兆豐97購01,0,0,0,0,0,0,0,0,0,-1000,0,0,0,5000,6000,-1000,-1000
052231,景碩凱基96購01  ,0,0,0,0,0,0,0,0,0,-1000,0,0,0,0,1000,-1000,-1000
052317,台積電元大96購11,0,0,0,0,0,0,0,0,0,-1000,0,0,0,0,1000,-1000,-1000
052568,漢唐凱基96購02  ,0,0,0,0,0,0,0,0,0,-1000,0,0,0,0,1000,-1000,-1000
052546,友達中信98購01  ,0,0,0,0,0,0,0,0,0,-1000,0,0,0,20000,21000,-1000,-1000
9942,茂順            ,11000,12000,-1000,0,0,0,0,0,0,0,0,0,0,0,0,0,-1000
9944,新麗            ,2000,4000,-2000,0,0,0,0,0,0,1000,1000,0,1000,0,0,0,-1000
4571,鈞興-KY         ,1000,1000,0,0,0,0,0,0,0,-1000,0,1000,-1000,0,0,0,-1000
4557,永新-KY         ,0,1000,-1000,0,0,0,0,0,0,0,0,0,0,0,0,0,-1000
4155,訊映            ,22000,23000,-1000,0,0,0,0,0,0,0,0,0,0,0,0,0,-1000
4755,三福化          ,0,1000,-1000,0,0,0,0,0,0,0,0,0,0,0,0,0,-1000
5284,jpp-KY          ,0,1000,-1000,0,0,0,0,0,0,0,0,0,0,0,0,0,-1000
6117,迎廣            ,0,1000,-1000,0,0,0,0,0,0,0,0,0,0,0,0,0,-1000
8427,基勝-KY         ,1000,2000,-1000,0,0,0,0,0,0,0,0,0,0,0,0,0,-1000
9937,全國            ,0,1000,-1000,0,0,0,0,0,0,0,0,0,0,0,0,0,-1000
9908,大台北          ,8000,9000,-1000,0,0,0,0,0,0,0,0,0,0,0,0,0,-1000
6235,華孚            ,6000,7000,-1000,0,0,0,0,0,0,0,0,0,0,0,0,0,-1000
8103,瀚荃            ,0,1000,-1000,0,0,0,0,0,0,0,0,0,0,0,0,0,-1000
6671,三能-KY         ,2000,3000,-1000,0,0,0,0,0,0,0,0,0,0,0,0,0,-1000
06116P,臺股指日盛97售01,0,0,0,0,0,0,0,0,0,-1000,0,0,0,0,1000,-1000,-1000
06076P,大立光凱基98售03,0,0,0,0,0,0,0,0,0,-1000,0,0,0,0,1000,-1000,-1000
06007P,世芯永豐96售01  ,0,0,0,0,0,0,0,0,0,-1000,0,0,0,45000,46000,-1000,-1000
06681P,致茂元大98售02  ,0,0,0,0,0,0,0,0,0,-1000,0,0,0,0,1000,-1000,-1000
06552P,茂林元大99售02  ,0,0,0,0,0,0,0,0,0,-1000,0,0,0,22000,23000,-1000,-1000
06486P,麗豐元大98售02  ,0,0,0,0,0,0,0,0,0,-1000,0,0,0,1000,2000,-1000,-1000
06361P,聯發科群益97售06,0,0,0,0,0,0,0,0,0,-1000,0,0,0,115000,116000,-1000,-1000
06350P,臺股指台新99售02,0,0,0,0,0,0,0,0,0,-1000,0,0,0,0,1000,-1000,-1000
06363P,臺股指麥證97售02,0,0,0,0,1000,-1000,0,0,0,-1000,0,0,0,0,1000,-1000,-1000
06319P,臺股指元富97售06,0,0,0,0,0,0,0,0,0,-1000,0,0,0,0,1000,-1000,-1000
06311P,嘉聯益元富97售02,0,0,0,0,0,0,0,0,0,-1000,0,0,0,10000,11000,-1000,-1000
3528,安馳            ,1000,2000,-1000,0,0,0,0,0,0,0,0,0,0,0,0,0,-1000
3432,台端            ,0,1000,-1000,0,0,0,0,0,0,0,0,0,0,0,0,0,-1000
3694,海華            ,0,1000,-1000,0,0,0,0,0,0,0,0,0,0,0,0,0,-1000
2910,統領            ,0,1000,-1000,0,0,0,0,0,0,0,0,0,0,0,0,0,-1000
2466,冠西電          ,7000,8000,-1000,0,0,0,0,0,0,0,0,0,0,0,0,0,-1000
2462,良得電          ,0,1000,-1000,0,0,0,0,0,0,0,0,0,0,0,0,0,-1000
2472,立隆電          ,47000,41000,6000,0,0,0,0,0,0,-7000,2000,9000,-7000,0,0,0,-1000
2636,台驊投控        ,7000,8000,-1000,0,0,0,0,0,0,0,0,0,0,0,0,0,-1000
2543,皇昌            ,0,1000,-1000,0,0,0,0,0,0,0,0,0,0,0,0,0,-1000
2540,愛山林          ,0,1000,-1000,0,0,0,0,0,0,0,0,0,0,0,0,0,-1000
1503,士電            ,5000,6000,-1000,0,0,0,0,0,0,0,0,0,0,0,0,0,-1000
1525,江申            ,0,0,0,0,0,0,0,1000,-1000,0,0,0,0,0,0,0,-1000
1721,三晃            ,0,1000,-1000,0,0,0,0,0,0,0,0,0,0,0,0,0,-1000
1233,天仁            ,0,1000,-1000,0,0,0,0,0,0,0,0,0,0,0,0,0,-1000
1432,大魯閣          ,0,1000,-1000,0,0,0,0,0,0,0,0,0,0,0,0,0,-1000
1456,怡華            ,0,1000,-1000,0,0,0,0,0,0,0,0,0,0,0,0,0,-1000
1445,大宇            ,1000,2000,-1000,0,0,0,0,0,0,0,0,0,0,0,0,0,-1000
1441,大東            ,3000,4000,-1000,0,0,0,0,0,0,0,0,0,0,0,0,0,-1000
1472,三洋紡          ,0,1000,-1000,0,0,0,0,0,0,0,0,0,0,0,0,0,-1000
2365,昆盈            ,5000,6000,-1000,0,0,0,0,0,0,0,0,0,0,0,0,0,-1000
2002A,中鋼特          ,0,0,0,0,0,0,0,0,0,-1000,0,1000,-1000,0,0,0,-1000
2031,新光鋼          ,121000,110000,11000,0,0,0,0,0,0,-12000,0,12000,-12000,0,0,0,-1000
2032,新鋼            ,1000,1000,0,0,0,0,0,0,0,-1000,0,1000,-1000,0,0,0,-1000
2243,宏旭-KY         ,0,1000,-1000,0,0,0,0,0,0,0,0,0,0,0,0,0,-1000
01003T,兆豐新光R1      ,2712,4000,-1288,0,0,0,0,0,0,0,0,0,0,0,0,0,-1288
056306,晶相光元大98購01,0,0,0,0,0,0,0,0,0,-2000,0,0,0,11000,13000,-2000,-2000
056749,滬深2X兆豐99購01,0,0,0,0,0,0,0,0,0,-2000,0,0,0,0,2000,-2000,-2000
056744,麗豐凱基9A購01  ,0,0,0,0,0,0,0,0,0,-2000,0,0,0,0,2000,-2000,-2000
056839,台光電元富98購02,0,0,0,0,0,0,0,0,0,-2000,0,0,0,7000,9000,-2000,-2000
056663,臺股指元大9A購10,0,0,0,0,0,0,0,0,0,-2000,0,0,0,0,2000,-2000,-2000
057233,聯發科凱基98購14,0,0,0,0,0,0,0,0,0,-2000,0,0,0,30000,32000,-2000,-2000
057334,技嘉國票98購02  ,0,0,0,0,0,0,0,0,0,-2000,0,0,0,0,2000,-2000,-2000
057382,聯發科國泰9A購01,0,0,0,0,0,0,0,0,0,-2000,0,0,0,6000,8000,-2000,-2000
05739P,臺股指統一97售02,0,0,0,0,0,0,0,0,0,-2000,0,0,0,0,2000,-2000,-2000
05878P,創意群益98售01  ,0,0,0,0,0,0,0,0,0,-2000,0,0,0,45000,47000,-2000,-2000
05764P,世紀鋼永豐96售03,0,0,0,0,0,0,0,0,0,-2000,0,0,0,0,2000,-2000,-2000
05754P,臺股指中信99售03,0,0,0,0,0,0,0,0,0,-2000,0,0,0,0,2000,-2000,-2000
056860,正崴群益98購01  ,0,0,0,0,0,0,0,0,0,-2000,0,0,0,4000,6000,-2000,-2000
057147,新日興國票99購01,0,0,0,0,0,0,0,0,0,-2000,0,0,0,7000,9000,-2000,-2000
057116,鴻海日盛9A購01  ,0,0,0,0,0,0,0,0,0,-2000,0,0,0,15000,17000,-2000,-2000
056021,興富發群益97購01,0,0,0,0,0,0,0,0,0,-2000,0,0,0,0,2000,-2000,-2000
055941,百和群益98購02  ,0,0,0,0,0,0,0,0,0,-2000,0,0,0,0,2000,-2000,-2000
05568P,台積電統一96售03,0,0,0,0,0,0,0,0,0,-2000,0,0,0,0,2000,-2000,-2000
055452,台積電元富97購03,0,0,0,0,0,0,0,0,0,-2000,0,0,0,0,2000,-2000,-2000
055357,欣興凱基97購04  ,0,0,0,0,0,0,0,0,0,-2000,0,0,0,5000,7000,-2000,-2000
055365,華通元大97購03  ,0,0,0,0,0,0,0,0,0,-2000,0,0,0,10000,12000,-2000,-2000
055502,群創元大9C購03  ,0,0,0,0,0,0,0,0,0,-2000,0,0,0,0,2000,-2000,-2000
05558P,鴻海麥證96售01  ,0,0,0,40000,42000,-2000,0,0,0,-2000,0,0,0,40000,42000,-2000,-2000
00690,兆豐藍籌30      ,0,0,0,0,0,0,0,0,0,-2000,0,0,0,158000,160000,-2000,-2000
00684R,元大美元指數反1 ,0,0,0,0,0,0,0,0,0,-2000,0,0,0,40000,42000,-2000,-2000
042387,台積電永昌93購02,0,0,0,0,0,0,0,0,0,-2000,0,0,0,5000,7000,-2000,-2000
04219P,鴻海兆豐93售02  ,0,0,0,0,0,0,0,0,0,-2000,0,0,0,0,2000,-2000,-2000
04563P,可成凱基94售05  ,0,0,0,0,0,0,0,0,0,-2000,0,0,0,12000,14000,-2000,-2000
045669,華通元大93購02  ,0,0,0,0,0,0,0,0,0,-2000,0,0,0,5000,7000,-2000,-2000
045924,鴻海台新92購01  ,0,0,0,0,0,0,0,0,0,-2000,0,0,0,0,2000,-2000,-2000
03649C,T50反1凱基99牛05,0,0,0,0,0,0,0,0,0,-2000,0,0,0,0,2000,-2000,-2000
03414B,臺股指凱基99熊01,0,0,0,0,0,0,0,0,0,-2000,0,0,0,206000,208000,-2000,-2000
03583P,微星元大02售03  ,0,0,0,0,0,0,0,0,0,-2000,0,0,0,0,2000,-2000,-2000
044633,台郡元大92購03  ,0,0,0,0,0,0,0,0,0,-2000,0,0,0,0,2000,-2000,-2000
04470P,為升元大94售01  ,0,0,0,0,0,0,0,0,0,-2000,0,0,0,0,2000,-2000,-2000
045220,漢唐元大94購01  ,0,0,0,0,0,0,0,0,0,-2000,0,0,0,0,2000,-2000,-2000
046149,宏達電國票93購01,0,0,0,0,0,0,0,0,0,-2000,0,0,0,50000,52000,-2000,-2000
043748,漢唐元大93購01  ,0,0,0,0,0,0,0,0,0,-2000,0,0,0,0,2000,-2000,-2000
04305P,A50反1凱基93售02,0,0,0,0,0,0,0,0,0,-2000,0,0,0,0,2000,-2000,-2000
047184,漢唐元大94購02  ,0,0,0,0,0,0,0,0,0,-2000,0,0,0,0,2000,-2000,-2000
047202,欣興元富96購01  ,0,0,0,0,0,0,0,0,0,-2000,0,0,0,0,2000,-2000,-2000
048258,國泰金統一93購01,0,0,0,0,0,0,0,0,0,-2000,0,0,0,15000,17000,-2000,-2000
047339,臺股指元大93購34,0,0,0,0,0,0,0,0,0,-2000,0,0,0,0,2000,-2000,-2000
047761,亞德客元大93購02,0,0,0,0,0,0,0,0,0,-2000,0,0,0,30000,32000,-2000,-2000
047714,禾伸堂凱基93購03,0,0,0,0,0,0,0,0,0,-2000,0,0,0,0,2000,-2000,-2000
046298,聯發科富邦94購01,0,0,0,0,0,0,0,0,0,-2000,0,0,0,63000,65000,-2000,-2000
046287,禾伸堂兆豐92購01,0,0,0,0,0,0,0,0,0,-2000,0,0,0,8000,10000,-2000,-2000
047794,臺股指群益93購05,0,0,0,0,0,0,0,0,0,-2000,0,0,0,0,2000,-2000,-2000
047830,智邦元大93購08  ,0,0,0,0,0,0,0,0,0,-2000,0,0,0,0,2000,-2000,-2000
047832,漢唐元大94購03  ,0,0,0,0,0,0,0,0,0,-2000,0,0,0,0,2000,-2000,-2000
051019,大立光凱基95購08,0,0,0,0,0,0,0,0,0,-2000,0,0,0,0,2000,-2000,-2000
051440,鴻海元大95購12  ,0,0,0,0,0,0,0,0,0,-2000,0,0,0,0,2000,-2000,-2000
051269,康友富邦97購01  ,0,0,0,0,0,0,0,0,0,-2000,0,0,0,0,2000,-2000,-2000
051104,鈺齊元大96購01  ,0,0,0,0,0,0,0,0,0,-2000,0,0,0,0,2000,-2000,-2000
051109,美律統一95購02  ,0,0,0,0,0,0,0,0,0,-2000,0,0,0,39000,41000,-2000,-2000
051156,鴻海富邦97購01  ,0,0,0,0,0,0,0,0,0,-2000,0,0,0,0,2000,-2000,-2000
047946,南亞科統一93購04,0,0,0,0,0,0,0,0,0,-2000,0,0,0,0,2000,-2000,-2000
047070,華通兆豐93購01  ,0,0,0,0,0,0,0,0,0,-2000,0,0,0,0,2000,-2000,-2000
047020,智邦元大93購04  ,0,0,0,0,0,0,0,0,0,-2000,0,0,0,0,2000,-2000,-2000
04650P,臺股指凱基94售09,0,0,0,0,0,0,0,0,0,-2000,0,0,0,0,2000,-2000,-2000
046432,宏達電中信94購01,0,0,0,0,0,0,0,0,0,-2000,0,0,0,99000,101000,-2000,-2000
047110,智邦元大93購05  ,0,0,0,0,0,0,0,0,0,-2000,0,0,0,0,2000,-2000,-2000
046862,台郡元大94購01  ,0,0,0,0,0,0,0,0,0,-2000,0,0,0,0,2000,-2000,-2000
046194,禾伸堂凱基92購02,0,0,0,0,0,0,0,0,0,-2000,0,0,0,30000,32000,-2000,-2000
050708,臺股指凱基96購06,0,0,0,0,0,0,0,0,0,-2000,0,0,0,5000,7000,-2000,-2000
051350,台積電元大95購14,0,0,0,0,0,0,0,0,0,-2000,0,0,0,175000,177000,-2000,-2000
051380,禾伸堂群益95購01,0,0,0,0,0,0,0,0,0,-2000,0,0,0,0,2000,-2000,-2000
049142,智邦元大94購01  ,0,0,0,0,0,0,0,0,0,-2000,0,0,0,0,2000,-2000,-2000
050604,上証2X永昌94購01,0,0,0,0,0,0,0,0,0,-2000,0,0,0,16000,18000,-2000,-2000
048891,傳奇元富97購02  ,0,0,0,0,0,0,0,0,0,-2000,0,0,0,0,2000,-2000,-2000
051694,A50正2中信96購03,0,0,0,0,0,0,0,0,0,-2000,0,0,0,0,2000,-2000,-2000
051734,台積電國票95購04,0,0,0,0,0,0,0,0,0,-2000,0,0,0,85000,87000,-2000,-2000
051639,康友國票96購02  ,0,0,0,0,0,0,0,0,0,-2000,0,0,0,136000,138000,-2000,-2000
048655,A50正2元富96購01,0,0,0,0,0,0,0,0,0,-2000,0,0,0,0,2000,-2000,-2000
052086,鴻海元大96購08  ,0,0,0,0,0,0,0,0,0,-2000,0,0,0,0,2000,-2000,-2000
052228,聯發科凱基96購06,0,0,0,0,0,0,0,0,0,-2000,0,0,0,0,2000,-2000,-2000
052192,SP黃豆元富95購04,0,0,0,0,0,0,0,0,0,-2000,0,0,0,0,2000,-2000,-2000
052184,台光電群益95購03,0,0,0,0,0,0,0,0,0,-2000,0,0,0,46000,48000,-2000,-2000
051919,台郡元大96購02  ,0,0,0,0,0,0,0,0,0,-2000,0,0,0,10000,12000,-2000,-2000
052032,臺股指群益95購05,0,0,0,0,0,0,0,0,0,-2000,0,0,0,0,2000,-2000,-2000
050875,訊芯永豐95購01  ,0,0,0,0,0,0,0,0,0,-2000,0,0,0,0,2000,-2000,-2000
050205,牧德群益94購02  ,0,0,0,0,0,0,0,0,0,-2000,0,0,0,0,2000,-2000,-2000
049773,臺股指元富94購02,0,0,0,0,0,0,0,0,0,-2000,0,0,0,10000,12000,-2000,-2000
049783,元油2X兆豐95購01,0,0,0,0,0,0,0,0,0,-2000,0,0,0,0,2000,-2000,-2000
049494,華新科元大95購05,0,0,0,0,0,0,0,0,0,-2000,0,0,0,0,2000,-2000,-2000
050395,大立光元富94購10,0,0,0,0,0,0,0,0,0,-2000,0,0,0,69000,71000,-2000,-2000
050419,鴻海凱基95購02  ,0,0,0,0,0,0,0,0,0,-2000,0,0,0,2000,4000,-2000,-2000
05051P,鴻海群益95售05  ,0,0,0,0,0,0,0,0,0,-2000,0,0,0,20000,22000,-2000,-2000
050574,微星國票94購01  ,0,0,0,0,0,0,0,0,0,-2000,0,0,0,0,2000,-2000,-2000
050586,康友國票94購01  ,0,0,0,0,0,0,0,0,0,-2000,0,0,0,0,2000,-2000,-2000
051483,玉晶光凱基96購02,0,0,0,0,0,0,0,0,0,-2000,0,0,0,24000,26000,-2000,-2000
052535,日月光國泰96購01,0,0,0,0,0,0,0,0,0,-2000,0,0,0,0,2000,-2000,-2000
052516,臺股指凱基95購20,0,0,0,0,0,0,0,0,0,-2000,0,0,0,173000,175000,-2000,-2000
052519,旺宏元大95購05  ,0,0,0,0,0,0,0,0,0,-2000,0,0,0,6000,8000,-2000,-2000
05257P,欣興凱基95售04  ,0,0,0,0,0,0,0,0,0,-2000,0,0,0,109000,111000,-2000,-2000
05228P,大立光元富95售09,0,0,0,0,0,0,0,0,0,-2000,0,0,0,0,2000,-2000,-2000
052353,高鐵群益97購01  ,0,0,0,0,0,0,0,0,0,-2000,0,0,0,0,2000,-2000,-2000
052943,奇力新國票96購02,0,0,0,0,0,0,0,0,0,-2000,0,0,0,13000,15000,-2000,-2000
052952,矽創國票97購02  ,0,0,0,0,0,0,0,0,0,-2000,0,0,0,38000,40000,-2000,-2000
052836,旺宏國泰98購01  ,0,0,0,0,0,0,0,0,0,-2000,0,0,0,42000,44000,-2000,-2000
053461,台郡永昌99購01  ,0,0,0,0,0,0,0,0,0,-2000,0,0,0,0,2000,-2000,-2000
053410,啟碁兆豐96購01  ,0,0,0,0,0,0,0,0,0,-2000,0,0,0,39000,41000,-2000,-2000
053494,南亞科兆豐96購02,0,0,0,0,0,0,0,0,0,-2000,0,0,0,0,2000,-2000,-2000
053586,建準元大96購01  ,0,0,0,0,0,0,0,0,0,-2000,0,0,0,13000,15000,-2000,-2000
053566,大立光富邦99購03,0,0,0,0,0,0,0,0,0,-2000,0,0,0,13000,15000,-2000,-2000
053266,全新群益98購01  ,0,0,0,0,0,0,0,0,0,-2000,0,0,0,20000,22000,-2000,-2000
053194,緯穎統一99購01  ,0,0,0,0,0,0,0,0,0,-2000,0,0,0,19000,21000,-2000,-2000
053089,貿聯元大97購02  ,0,0,0,0,0,0,0,0,0,-2000,0,0,0,9000,11000,-2000,-2000
05306P,泰碩國泰97售01  ,0,0,0,0,0,0,0,0,0,-2000,0,0,0,0,2000,-2000,-2000
054051,貿聯元大97購03  ,0,0,0,0,0,0,0,0,0,-2000,0,0,0,88000,90000,-2000,-2000
054040,中石化元大9C購01,0,0,0,0,0,0,0,0,0,-2000,0,0,0,0,2000,-2000,-2000
053769,香港反元大99購01,0,0,0,0,0,0,0,0,0,-2000,0,0,0,0,2000,-2000,-2000
053731,矽創凱基96購03  ,0,0,0,0,0,0,0,0,0,-2000,0,0,0,10000,12000,-2000,-2000
053857,宏達電富邦97購02,0,0,0,0,0,0,0,0,0,-2000,0,0,0,0,2000,-2000,-2000
053880,智邦中信96購01  ,0,0,0,0,0,0,0,0,0,-2000,0,0,0,36000,38000,-2000,-2000
054056,華新科國票96購02,0,0,0,0,0,0,0,0,0,-2000,0,0,0,10000,12000,-2000,-2000
05428P,滬深2X統一95售01,0,0,0,0,0,0,0,0,0,-2000,0,0,0,14000,16000,-2000,-2000
054507,鈺齊永豐96購01  ,0,0,0,0,0,0,0,0,0,-2000,0,0,0,0,2000,-2000,-2000
054462,旺宏凱基96購08  ,0,0,0,0,0,0,0,0,0,-2000,0,0,0,90000,92000,-2000,-2000
054397,創意永豐96購05  ,0,0,0,0,0,0,0,0,0,-2000,0,0,0,68000,70000,-2000,-2000
054683,川湖永豐97購01  ,0,0,0,0,0,0,0,0,0,-2000,0,0,0,0,2000,-2000,-2000
054712,上証2X中信98購02,0,0,0,0,0,0,0,0,0,-2000,0,0,0,0,2000,-2000,-2000
054844,華邦電兆豐98購01,0,0,0,0,0,0,0,0,0,-2000,0,0,0,0,2000,-2000,-2000
054834,帆宣中信97購01  ,0,0,0,0,0,0,0,0,0,-2000,0,0,0,0,2000,-2000,-2000
2115,六暉-KY         ,0,2000,-2000,0,0,0,0,0,0,0,0,0,0,0,0,0,-2000
2351,順德            ,42000,44000,-2000,0,0,0,0,0,0,0,0,0,0,0,0,0,-2000
2405,浩鑫            ,43000,46000,-3000,0,0,0,0,0,0,1000,1000,0,1000,0,0,0,-2000
1474,弘裕            ,0,2000,-2000,0,0,0,0,0,0,0,0,0,0,0,0,0,-2000
1323,永裕            ,0,2000,-2000,0,0,0,0,0,0,0,0,0,0,0,0,0,-2000
1732,毛寶            ,2000,4000,-2000,0,0,0,0,0,0,0,0,0,0,0,0,0,-2000
1526,日馳            ,2000,4000,-2000,0,0,0,0,0,0,0,0,0,0,0,0,0,-2000
1530,亞崴            ,0,2000,-2000,0,0,0,0,0,0,0,0,0,0,0,0,0,-2000
1528,恩德            ,3000,4000,-1000,0,0,0,0,0,0,-1000,0,1000,-1000,0,0,0,-2000
2438,翔耀            ,0,0,0,0,0,0,0,0,0,-2000,0,2000,-2000,0,0,0,-2000
2539,櫻花建          ,0,2000,-2000,0,0,0,0,0,0,0,0,0,0,0,0,0,-2000
3054,立萬利          ,0,2000,-2000,0,0,0,0,0,0,0,0,0,0,0,0,0,-2000
3027,盛達            ,0,2000,-2000,0,0,0,0,0,0,0,0,0,0,0,0,0,-2000
3040,遠見            ,0,2000,-2000,0,0,0,0,0,0,0,0,0,0,0,0,0,-2000
3130,一零四          ,0,3000,-3000,0,0,0,0,0,0,1000,1000,0,1000,0,0,0,-2000
06342P,世芯統一98售01  ,0,0,0,0,0,0,0,0,0,-2000,0,0,0,0,2000,-2000,-2000
08218P,滬深2X凱基96售01,0,0,0,0,0,0,0,0,0,-2000,0,0,0,0,2000,-2000,-2000
1203,味王            ,0,2000,-2000,0,0,0,0,0,0,0,0,0,0,0,0,0,-2000
06638P,鴻海統一99售02  ,0,0,0,0,0,0,0,0,0,-2000,0,0,0,0,2000,-2000,-2000
05988P,光磊元富96售02  ,0,0,0,0,0,0,0,0,0,-2000,0,0,0,0,2000,-2000,-2000
05942P,奇力新凱基96售04,0,0,0,0,0,0,0,0,0,-2000,0,0,0,3000,5000,-2000,-2000
06074P,台積電凱基98售04,0,0,0,0,0,0,0,0,0,-2000,0,0,0,0,2000,-2000,-2000
6655,科定            ,0,2000,-2000,0,0,0,0,0,0,0,0,0,0,0,0,0,-2000
9902,台火            ,2000,4000,-2000,0,0,0,0,0,0,0,0,0,0,0,0,0,-2000
9136,巨騰-DR         ,2000,4000,-2000,0,0,0,0,0,0,0,0,0,0,0,0,0,-2000
9912,偉聯            ,0,1000,-1000,0,0,0,0,0,0,-1000,0,1000,-1000,0,0,0,-2000
8467,波力-KY         ,0,2000,-2000,0,0,0,0,0,0,0,0,0,0,0,0,0,-2000
6128,上福            ,1000,3000,-2000,0,0,0,0,0,0,0,0,0,0,0,0,0,-2000
5538,東明-KY         ,0,0,0,0,0,0,0,2000,-2000,0,0,0,0,0,0,0,-2000
4562,穎漢            ,1000,3000,-2000,0,0,0,0,0,0,0,0,0,0,0,0,0,-2000
4144,康聯-KY         ,10000,12000,-2000,0,0,0,0,0,0,0,0,0,0,0,0,0,-2000
4722,國精化          ,0,2000,-2000,0,0,0,0,0,0,0,0,0,0,0,0,0,-2000
055604,訊芯元大98購02  ,0,0,0,0,0,0,0,0,0,-3000,0,0,0,7000,10000,-3000,-3000
055591,全新元大98購01  ,0,0,0,0,0,0,0,0,0,-3000,0,0,0,4000,7000,-3000,-3000
055558,大立光凱基97購08,0,0,0,0,0,0,0,0,0,-3000,0,0,0,0,3000,-3000,-3000
055456,上銀富邦99購01  ,0,0,0,0,0,0,0,0,0,-3000,0,0,0,17000,20000,-3000,-3000
055339,緯穎兆豐98購01  ,0,0,0,0,0,0,0,0,0,-3000,0,0,0,38000,41000,-3000,-3000
055335,健策兆豐98購01  ,0,0,0,0,0,0,0,0,0,-3000,0,0,0,29000,32000,-3000,-3000
056164,聯茂凱基98購03  ,0,0,0,0,0,0,0,0,0,-3000,0,0,0,0,3000,-3000,-3000
057047,華新科元大99購07,0,0,0,0,0,0,0,0,0,-3000,0,0,0,17000,20000,-3000,-3000
05779P,台積電統一96售06,0,0,0,0,0,0,0,0,0,-3000,0,0,0,0,3000,-3000,-3000
056740,大立光凱基98購13,0,0,0,0,0,0,0,0,0,-3000,0,0,0,0,3000,-3000,-3000
056761,元油2X元大98購07,0,0,0,0,0,0,0,0,0,-3000,0,0,0,18000,21000,-3000,-3000
056691,元油2X群益9B購01,0,0,0,0,0,0,0,0,0,-3000,0,0,0,30000,33000,-3000,-3000
056389,鴻海富邦99購01  ,0,0,0,0,0,0,0,0,0,-3000,0,0,0,0,3000,-3000,-3000
056452,亞光凱基98購02  ,0,0,0,0,0,0,0,0,0,-3000,0,0,0,41000,44000,-3000,-3000
048410,和碩群益93購01  ,0,0,0,0,0,0,0,0,0,-3000,0,0,0,17000,20000,-3000,-3000
048379,台郡元富96購01  ,0,0,0,0,0,0,0,0,0,-3000,0,0,0,22000,25000,-3000,-3000
047614,台郡群益93購02  ,0,0,0,0,0,0,0,0,0,-3000,0,0,0,16000,19000,-3000,-3000
051400,國巨永豐95購01  ,0,0,0,0,0,0,0,0,0,-3000,0,0,0,17000,20000,-3000,-3000
051030,康友元富95購01  ,0,0,0,0,0,0,0,0,0,-3000,0,0,0,0,3000,-3000,-3000
051031,康友元富95購02  ,0,0,0,0,0,0,0,0,0,-3000,0,0,0,42000,45000,-3000,-3000
048190,道瓊反元大96購02,0,0,0,0,0,0,0,0,0,-3000,0,0,0,0,3000,-3000,-3000
046293,聯發科統一94購01,0,0,0,0,0,0,0,0,0,-3000,0,0,0,19000,22000,-3000,-3000
047145,鴻海群益95購01  ,0,0,0,0,0,0,0,0,0,-3000,0,0,0,10000,13000,-3000,-3000
043442,大立光台新01購01,0,0,0,0,0,0,0,0,0,-3000,0,0,0,0,3000,-3000,-3000
044354,奇鋐元大93購02  ,0,0,0,0,0,0,0,0,0,-3000,0,0,0,0,3000,-3000,-3000
03420B,臺股指元大95熊31,0,0,0,0,0,0,0,0,0,-3000,0,0,0,102000,105000,-3000,-3000
03421B,臺股指元大99熊01,0,0,0,0,0,0,0,0,0,-3000,0,0,0,0,3000,-3000,-3000
045500,聯發科凱基93購04,0,0,0,0,0,0,0,0,0,-3000,0,0,0,0,3000,-3000,-3000
00678,群益NBI生技     ,0,0,0,0,0,0,0,0,0,-3000,0,0,0,304000,307000,-3000,-3000
00680L,元大美債20正2   ,0,0,0,0,0,0,0,0,0,-3000,956000,0,956000,1000,960000,-959000,-3000
050594,康友永豐94購01  ,0,0,0,0,0,0,0,0,0,-3000,0,0,0,0,3000,-3000,-3000
050250,台郡凱基94購03  ,0,0,0,0,0,0,0,0,0,-3000,0,0,0,23000,26000,-3000,-3000
050404,元大金麥證94購01,0,0,0,10000,13000,-3000,0,0,0,-3000,0,0,0,10000,13000,-3000,-3000
050223,聯茂元富94購02  ,0,0,0,0,0,0,0,0,0,-3000,0,0,0,25000,28000,-3000,-3000
052779,欣興國票97購01  ,0,0,0,0,0,0,0,0,0,-3000,0,0,0,0,3000,-3000,-3000
051864,聯發科凱基96購03,0,0,0,0,0,0,0,0,0,-3000,0,0,0,0,3000,-3000,-3000
052131,台積電凱基96購01,0,0,0,0,0,0,0,0,0,-3000,0,0,0,0,3000,-3000,-3000
048643,強茂元大94購01  ,0,0,0,0,0,0,0,0,0,-3000,0,0,0,0,3000,-3000,-3000
049267,瀚宇博元大95購02,0,0,0,0,0,0,0,0,0,-3000,0,0,0,8000,11000,-3000,-3000
049591,開發金元大98購01,0,0,0,0,0,0,0,0,0,-3000,0,0,0,0,3000,-3000,-3000
05172P,臺股指元大95售16,0,0,0,0,0,0,0,0,0,-3000,0,0,0,0,3000,-3000,-3000
048788,華新科元大95購02,0,0,0,0,0,0,0,0,0,-3000,0,0,0,38000,41000,-3000,-3000
048790,大立光元大95購05,0,0,0,0,0,0,0,0,0,-3000,0,0,0,0,3000,-3000,-3000
051224,華通群益96購03  ,0,0,0,0,0,0,0,0,0,-3000,0,0,0,11000,14000,-3000,-3000
051495,玉晶光第一95購02,0,0,0,0,0,0,0,0,0,-3000,0,0,0,0,3000,-3000,-3000
049152,大立光元大95購06,0,0,0,0,0,0,0,0,0,-3000,0,0,0,14000,17000,-3000,-3000
049175,台積電凱基94購12,0,0,0,0,0,0,0,0,0,-3000,0,0,0,0,3000,-3000,-3000
054749,聯茂凱基98購01  ,0,0,0,0,0,0,0,0,0,-3000,0,0,0,0,3000,-3000,-3000
05494P,華邦電統一95售02,0,0,0,0,0,0,0,0,0,-3000,0,0,0,7000,10000,-3000,-3000
054662,同欣電元大97購02,0,0,0,0,0,0,0,0,0,-3000,0,0,0,0,3000,-3000,-3000
054545,奇力新中信98購01,0,0,0,0,0,0,0,0,0,-3000,0,0,0,200000,203000,-3000,-3000
054297,台郡元大98購01  ,0,0,0,0,0,0,0,0,0,-3000,0,0,0,0,3000,-3000,-3000
054238,聯茂群益96購04  ,0,0,0,0,0,0,0,0,0,-3000,0,0,0,0,3000,-3000,-3000
053836,亞光永豐96購02  ,0,0,0,0,0,0,0,0,0,-3000,0,0,0,33000,36000,-3000,-3000
053849,聯發科元富96購04,0,0,0,0,0,0,0,0,0,-3000,0,0,0,0,3000,-3000,-3000
053739,A50正2國票9A購01,0,0,0,0,0,0,0,0,0,-3000,0,0,0,0,3000,-3000,-3000
053974,大立光元大96購10,0,0,0,0,0,0,0,0,0,-3000,0,0,0,0,3000,-3000,-3000
053151,華新科元大96購04,0,0,0,0,0,0,0,0,0,-3000,0,0,0,22000,25000,-3000,-3000
053138,華邦電富邦96購01,0,0,0,0,0,0,0,0,0,-3000,0,0,0,57000,60000,-3000,-3000
053258,上証2X群益9A購03,0,0,0,0,0,0,0,0,0,-3000,0,0,0,0,3000,-3000,-3000
053545,上銀凱基96購03  ,0,0,0,0,0,0,0,0,0,-3000,0,0,0,3000,6000,-3000,-3000
052902,鴻海國票97購04  ,0,0,0,0,0,0,0,0,0,-3000,0,0,0,0,3000,-3000,-3000
052325,高股息中信99購01,0,0,0,0,0,0,0,0,0,-3000,0,0,0,0,3000,-3000,-3000
4720,德淵            ,0,1000,-1000,0,0,0,0,0,0,-2000,0,2000,-2000,0,0,0,-3000
4555,氣立            ,1000,4000,-3000,0,0,0,0,0,0,0,0,0,0,0,0,0,-3000
4737,華廣            ,4000,7000,-3000,0,0,0,0,0,0,0,0,0,0,0,0,0,-3000
8478,東哥遊艇        ,2000,5000,-3000,0,0,0,0,0,0,0,0,0,0,0,0,0,-3000
9906,欣巴巴          ,0,3000,-3000,0,0,0,0,0,0,0,0,0,0,0,0,0,-3000
8072,陞泰            ,0,3000,-3000,0,0,0,0,0,0,0,0,0,0,0,0,0,-3000
06067P,華新科康和97售01,0,0,0,0,0,0,0,0,0,-3000,0,0,0,0,3000,-3000,-3000
05970P,超眾永豐96售03  ,0,0,0,0,0,0,0,0,0,-3000,0,0,0,0,3000,-3000,-3000
06224P,可成元富97售02  ,0,0,0,0,0,0,0,0,0,-3000,0,0,0,0,3000,-3000,-3000
1232,大統益          ,2000,5000,-3000,0,0,0,0,0,0,0,0,0,0,0,0,0,-3000
06332P,世紀鋼群益98售01,0,0,0,0,0,0,0,0,0,-3000,0,0,0,0,3000,-3000,-3000
06333P,臺股指群益9C售02,0,0,0,0,0,0,0,0,0,-3000,0,0,0,0,3000,-3000,-3000
06408P,聯茂元富97售02  ,0,0,0,0,0,0,0,0,0,-3000,0,0,0,0,3000,-3000,-3000
3164,景岳            ,0,3000,-3000,0,0,0,0,0,0,0,0,0,0,0,0,0,-3000
3057,喬鼎            ,0,3000,-3000,0,0,0,0,0,0,0,0,0,0,0,0,0,-3000
2739,寒舍            ,0,3000,-3000,0,0,0,0,0,0,0,0,0,0,0,0,0,-3000
1539,巨庭            ,0,3000,-3000,0,0,0,0,0,0,0,0,0,0,0,0,0,-3000
1524,耿鼎            ,0,3000,-3000,0,0,0,0,0,0,0,0,0,0,0,0,0,-3000
1598,岱宇            ,24000,27000,-3000,0,0,0,0,0,0,0,0,0,0,0,0,0,-3000
1776,展宇            ,0,3000,-3000,0,0,0,0,0,0,0,0,0,0,0,0,0,-3000
1340,勝悅-KY         ,0,3000,-3000,0,0,0,0,0,0,0,0,0,0,0,0,0,-3000
1455,集盛            ,18000,21000,-3000,0,0,0,0,0,0,0,0,0,0,0,0,0,-3000
2009,第一銅          ,0,2000,-2000,0,0,0,0,0,0,-1000,0,1000,-1000,0,0,0,-3000
056397,彩晶永豐99購01  ,0,0,0,0,0,0,0,0,0,-4000,0,0,0,6000,10000,-4000,-4000
056738,國巨凱基9A購02  ,0,0,0,0,0,0,0,0,0,-4000,0,0,0,0,4000,-4000,-4000
05750P,臺股指群益99售04,0,0,0,0,0,0,0,0,0,-4000,0,0,0,6000,10000,-4000,-4000
05786P,臺股指永昌96售03,0,0,0,0,0,0,0,0,0,-4000,396000,50000,346000,180000,530000,-350000,-4000
05813P,臺股指國票96售06,0,0,0,0,0,0,0,0,0,-4000,0,0,0,0,4000,-4000,-4000
05820P,臺股指凱基96售17,0,0,0,0,0,0,0,0,0,-4000,0,0,0,0,4000,-4000,-4000
057088,上銀元富98購01  ,0,0,0,0,0,0,0,0,0,-4000,0,0,0,6000,10000,-4000,-4000
056941,台郡元富9B購01  ,0,0,0,0,0,0,0,0,0,-4000,0,0,0,20000,24000,-4000,-4000
056131,鴻海元大97購12  ,0,0,0,0,0,0,0,0,0,-4000,0,0,0,3000,7000,-4000,-4000
056198,台光電永豐97購02,0,0,0,0,0,0,0,0,0,-4000,0,0,0,2000,6000,-4000,-4000
055818,晶相光國票97購02,0,0,0,0,0,0,0,0,0,-4000,0,0,0,0,4000,-4000,-4000
055584,國巨元大97購11  ,0,0,0,0,0,0,0,0,0,-4000,0,0,0,6000,10000,-4000,-4000
055615,宏達電國票99購02,0,0,0,0,0,0,0,0,0,-4000,0,0,0,90000,94000,-4000,-4000
055090,國巨群益97購03  ,0,0,0,0,0,0,0,0,0,-4000,0,0,0,98000,102000,-4000,-4000
055280,智邦元大97購01  ,0,0,0,0,0,0,0,0,0,-4000,0,0,0,54000,58000,-4000,-4000
00713,元大台灣高息低波,0,0,0,0,0,0,0,0,0,-4000,0,0,0,2000,6000,-4000,-4000
03442P,牧德凱基02售04  ,0,0,0,0,0,0,0,0,0,-4000,0,0,0,0,4000,-4000,-4000
046080,同欣電凱基92購03,0,0,0,0,0,0,0,0,0,-4000,0,0,0,0,4000,-4000,-4000
047734,欣興兆豐94購02  ,0,0,0,0,0,0,0,0,0,-4000,0,0,0,0,4000,-4000,-4000
051025,晶華統一95購01  ,0,0,0,0,0,0,0,0,0,-4000,0,0,0,1000,5000,-4000,-4000
051068,台積電國票97購01,0,0,0,0,0,0,0,0,0,-4000,0,0,0,25000,29000,-4000,-4000
046951,GIS元大93購08   ,0,0,0,0,0,0,0,0,0,-4000,0,0,0,0,4000,-4000,-4000
046980,智邦兆豐94購01  ,0,0,0,0,0,0,0,0,0,-4000,0,0,0,30000,34000,-4000,-4000
05154P,台積電兆豐95售05,0,0,0,0,0,0,0,0,0,-4000,0,0,0,26000,30000,-4000,-4000
050686,欣興兆豐96購01  ,0,0,0,0,0,0,0,0,0,-4000,0,0,0,0,4000,-4000,-4000
051251,信邦元大95購01  ,0,0,0,0,0,0,0,0,0,-4000,0,0,0,0,4000,-4000,-4000
051240,台積電元大95購12,0,0,0,0,0,0,0,0,0,-4000,0,0,0,99000,103000,-4000,-4000
05067P,欣興兆豐96售02  ,0,0,0,0,0,0,0,0,0,-4000,0,0,0,14000,18000,-4000,-4000
050662,智易元大96購01  ,0,0,0,0,0,0,0,0,0,-4000,0,0,0,1000,5000,-4000,-4000
051722,玉晶光永豐97購01,0,0,0,0,0,0,0,0,0,-4000,0,0,0,0,4000,-4000,-4000
051707,欣興群益95購02  ,0,0,0,0,0,0,0,0,0,-4000,0,0,0,2000,6000,-4000,-4000
051791,智伸科國票96購01,0,0,0,0,0,0,0,0,0,-4000,0,0,0,36000,40000,-4000,-4000
050074,訊芯凱基94購05  ,0,0,0,0,0,0,0,0,0,-4000,0,0,0,0,4000,-4000,-4000
048693,GIS群益94購02   ,0,0,0,0,0,0,0,0,0,-4000,0,0,0,6000,10000,-4000,-4000
05217P,鴻海統一95售08  ,0,0,0,0,0,0,0,0,0,-4000,0,0,0,0,4000,-4000,-4000
051934,緯穎國票96購01  ,0,0,0,0,0,0,0,0,0,-4000,0,0,0,0,4000,-4000,-4000
051840,康友國泰97購02  ,0,0,0,0,0,0,0,0,0,-4000,0,0,0,15000,19000,-4000,-4000
048634,華通元大94購01  ,0,0,0,0,0,0,0,0,0,-4000,0,0,0,78000,82000,-4000,-4000
050140,台郡第一94購01  ,0,0,0,0,0,0,0,0,0,-4000,0,0,0,0,4000,-4000,-4000
050130,華新科凱基94購09,0,0,0,0,0,0,0,0,0,-4000,0,0,0,36000,40000,-4000,-4000
049705,緯穎元大94購05  ,0,0,0,0,0,0,0,0,0,-4000,0,0,0,25000,29000,-4000,-4000
052381,臺股指元大95購22,0,0,0,0,0,0,0,0,0,-4000,0,0,0,0,4000,-4000,-4000
052591,康友永豐97購01  ,0,0,0,0,0,0,0,0,0,-4000,0,0,0,16000,20000,-4000,-4000
052561,矽創國票97購01  ,0,0,0,0,0,0,0,0,0,-4000,0,0,0,26000,30000,-4000,-4000
052935,康友元大96購03  ,0,0,0,0,0,0,0,0,0,-4000,0,0,0,127000,131000,-4000,-4000
05261P,鴻海元大95售20  ,0,0,0,0,0,0,0,0,0,-4000,0,0,0,420000,424000,-4000,-4000
05348P,美律元富98售01  ,0,0,0,0,0,0,0,0,0,-4000,0,0,0,16000,20000,-4000,-4000
053476,冠德元大96購03  ,0,0,0,0,0,0,0,0,0,-4000,0,0,0,0,4000,-4000,-4000
053560,漢唐國泰98購01  ,0,0,0,0,0,0,0,0,0,-4000,0,0,0,0,4000,-4000,-4000
053250,百和國票97購02  ,0,0,0,0,0,0,0,0,0,-4000,0,0,0,6000,10000,-4000,-4000
053927,牧德國票97購01  ,0,0,0,0,0,0,0,0,0,-4000,0,0,0,3000,7000,-4000,-4000
054216,聯茂國票97購03  ,0,0,0,0,0,0,0,0,0,-4000,0,0,0,22000,26000,-4000,-4000
054460,和大凱基97購01  ,0,0,0,0,0,0,0,0,0,-4000,0,0,0,16000,20000,-4000,-4000
054634,FB上証中信99購01,0,0,0,0,0,0,0,0,0,-4000,0,0,0,0,4000,-4000,-4000
054884,友達統一99購01  ,0,0,0,0,0,0,0,0,0,-4000,0,0,0,1000,5000,-4000,-4000
054757,南亞國票98購01  ,0,0,0,0,0,0,0,0,0,-4000,0,0,0,48000,52000,-4000,-4000
054845,智邦兆豐98購01  ,0,0,0,0,0,0,0,0,0,-4000,0,0,0,46000,50000,-4000,-4000
054854,台積電麥證97購01,0,0,0,0,4000,-4000,0,0,0,-4000,0,0,0,0,4000,-4000,-4000
2029,盛餘            ,1000,5000,-4000,0,0,0,0,0,0,0,0,0,0,0,0,0,-4000
2417,圓剛            ,1000,6000,-5000,0,0,0,0,0,0,1000,1000,0,1000,0,0,0,-4000
1339,昭輝            ,28000,32000,-4000,0,0,0,0,0,0,0,0,0,0,0,0,0,-4000
1325,恆大            ,0,4000,-4000,0,0,0,0,0,0,0,0,0,0,0,0,0,-4000
3167,大量            ,24000,28000,-4000,0,0,0,0,0,0,0,0,0,0,0,0,0,-4000
3550,聯穎            ,0,4000,-4000,0,0,0,0,0,0,0,0,0,0,0,0,0,-4000
1110,東泥            ,1000,4000,-3000,0,0,0,0,0,0,-1000,0,1000,-1000,0,0,0,-4000
06543P,鴻海元大98售08  ,0,0,0,0,0,0,0,0,0,-4000,0,0,0,7000,11000,-4000,-4000
06279P,臺股指凱基97售11,0,0,0,0,0,0,0,0,0,-4000,0,0,0,2000,6000,-4000,-4000
8104,錸寶            ,11000,15000,-4000,0,0,0,0,0,0,0,0,0,0,0,0,0,-4000
8463,潤泰材          ,35000,39000,-4000,0,0,0,0,0,0,0,0,0,0,0,0,0,-4000
4572,駐龍            ,1000,5000,-4000,0,0,0,0,0,0,0,0,0,0,0,0,0,-4000
055258,玉晶光統一97購03,0,0,0,0,0,0,0,0,0,-5000,0,0,0,47000,52000,-5000,-5000
05530P,臺股指群益96售03,0,0,0,0,0,0,0,0,0,-5000,0,0,0,10000,15000,-5000,-5000
05543P,鴻海元富96售04  ,0,0,0,0,0,0,0,0,0,-5000,0,0,0,5000,10000,-5000,-5000
055915,大立光凱基98購07,0,0,0,0,0,0,0,0,0,-5000,0,0,0,0,5000,-5000,-5000
05564P,玉晶光元大97售02,0,0,0,0,0,0,0,0,0,-5000,0,0,0,20000,25000,-5000,-5000
056174,億光元富97購01  ,0,0,0,0,0,0,0,0,0,-5000,0,0,0,5000,10000,-5000,-5000
056179,康友元富97購02  ,0,0,0,0,0,0,0,0,0,-5000,0,0,0,17000,22000,-5000,-5000
056102,億光永豐97購02  ,0,0,0,0,0,0,0,0,0,-5000,0,0,0,60000,65000,-5000,-5000
056904,大立光元大99購05,0,0,0,0,0,0,0,0,0,-5000,0,0,0,0,5000,-5000,-5000
057278,可成元大98購06  ,0,0,0,0,0,0,0,0,0,-5000,0,0,0,10000,15000,-5000,-5000
057204,利勤元富98購01  ,0,0,0,0,0,0,0,0,0,-5000,0,0,0,0,5000,-5000,-5000
056752,國巨兆豐98購02  ,0,0,0,0,0,0,0,0,0,-5000,0,0,0,15000,20000,-5000,-5000
056667,上銀國票99購01  ,0,0,0,0,0,0,0,0,0,-5000,0,0,0,0,5000,-5000,-5000
056446,聯發科凱基98購08,0,0,0,0,0,0,0,0,0,-5000,0,0,0,1000,6000,-5000,-5000
056404,嘉聯益群益9A購01,0,0,0,0,0,0,0,0,0,-5000,0,0,0,17000,22000,-5000,-5000
056417,欣興中信98購01  ,0,0,0,0,0,0,0,0,0,-5000,0,0,0,0,5000,-5000,-5000
056525,T50反1凱基99購06,0,0,0,0,0,0,0,0,0,-5000,0,0,0,0,5000,-5000,-5000
046947,禾伸堂元大93購01,0,0,0,0,0,0,0,0,0,-5000,0,0,0,10000,15000,-5000,-5000
047099,華通富邦94購01  ,0,0,0,0,0,0,0,0,0,-5000,0,0,0,0,5000,-5000,-5000
048584,欣興富邦95購01  ,0,0,0,0,0,0,0,0,0,-5000,0,0,0,0,5000,-5000,-5000
04792P,智邦元大94售06  ,0,0,0,0,0,0,0,0,0,-5000,0,0,0,168000,173000,-5000,-5000
048378,貿聯元富93購01  ,0,0,0,0,0,0,0,0,0,-5000,0,0,0,1000,6000,-5000,-5000
048395,南亞科國票93購02,0,0,0,0,0,0,0,0,0,-5000,0,0,0,0,5000,-5000,-5000
048488,大立光富邦93購05,0,0,0,0,0,0,0,0,0,-5000,0,0,0,0,5000,-5000,-5000
051066,台積電國票96購02,0,0,0,0,0,0,0,0,0,-5000,0,0,0,0,5000,-5000,-5000
051135,建準永豐95購01  ,0,0,0,0,0,0,0,0,0,-5000,0,0,0,0,5000,-5000,-5000
051267,美律富邦96購01  ,0,0,0,0,0,0,0,0,0,-5000,0,0,0,5000,10000,-5000,-5000
047741,鴻海統一93購06  ,0,0,0,0,0,0,0,0,0,-5000,0,0,0,0,5000,-5000,-5000
048000,義隆元大93購03  ,0,0,0,0,0,0,0,0,0,-5000,0,0,0,80000,85000,-5000,-5000
047991,元油反元大96購05,0,0,0,0,0,0,0,0,0,-5000,0,0,0,0,5000,-5000,-5000
04796P,聯發科元大94售10,0,0,0,0,0,0,0,0,0,-5000,0,0,0,100000,105000,-5000,-5000
048128,超眾元大95購01  ,0,0,0,0,0,0,0,0,0,-5000,0,0,0,9000,14000,-5000,-5000
044255,群創元大93購01  ,0,0,0,0,0,0,0,0,0,-5000,0,0,0,0,5000,-5000,-5000
044405,材料凱基93購01  ,0,0,0,0,0,0,0,0,0,-5000,0,0,0,11000,16000,-5000,-5000
048307,道瓊指凱基93購01,0,0,0,0,0,0,0,0,0,-5000,0,0,0,2000,7000,-5000,-5000
03871P,智邦群益93售02  ,0,0,0,0,0,0,0,0,0,-5000,0,0,0,0,5000,-5000,-5000
044302,智邦兆豐93購02  ,0,0,0,0,0,0,0,0,0,-5000,0,0,0,0,5000,-5000,-5000
046069,禾伸堂凱基92購01,0,0,0,0,0,0,0,0,0,-5000,0,0,0,10000,15000,-5000,-5000
04575P,新日興統一94售02,0,0,0,0,0,0,0,0,0,-5000,0,0,0,100000,105000,-5000,-5000
045856,南亞科國泰94購01,0,0,0,0,0,0,0,0,0,-5000,0,0,0,0,5000,-5000,-5000
03006X,元展06          ,0,0,0,0,0,0,0,0,0,-5000,0,0,0,0,5000,-5000,-5000
04213P,台光電凱基93售11,0,0,0,0,0,0,0,0,0,-5000,0,0,0,0,5000,-5000,-5000
04232P,可成亞東93售02  ,0,0,0,0,0,0,0,0,0,-5000,0,0,0,0,5000,-5000,-5000
04163P,可成統一93售03  ,0,0,0,0,0,0,0,0,0,-5000,0,0,0,163000,168000,-5000,-5000
04137P,元油反國票97售01,0,0,0,0,0,0,0,0,0,-5000,0,0,0,0,5000,-5000,-5000
03126P,旭富凱基01售04  ,0,0,0,0,0,0,0,0,0,-5000,0,0,0,0,5000,-5000,-5000
04254P,亞德客國票93售03,0,0,0,0,0,0,0,0,0,-5000,0,0,0,0,5000,-5000,-5000
049619,宏達電群益95購02,0,0,0,0,0,0,0,0,0,-5000,0,0,0,0,5000,-5000,-5000
04979P,臺股指凱基96售07,0,0,0,0,0,0,0,0,0,-5000,0,0,0,0,5000,-5000,-5000
051477,可成凱基95購07  ,0,0,0,0,0,0,0,0,0,-5000,0,0,0,0,5000,-5000,-5000
050137,臺指反國票96購01,0,0,0,0,0,0,0,0,0,-5000,0,0,0,0,5000,-5000,-5000
050456,聯茂元大94購09  ,0,0,0,0,0,0,0,0,0,-5000,0,0,0,30000,35000,-5000,-5000
050360,T50反1元大94購06,0,0,0,0,0,0,0,0,0,-5000,0,0,0,0,5000,-5000,-5000
05023P,和碩凱基95售01  ,0,0,0,0,0,0,0,0,0,-5000,0,0,0,0,5000,-5000,-5000
050522,聯發科元大95購03,0,0,0,0,0,0,0,0,0,-5000,0,0,0,353000,358000,-5000,-5000
048639,漢唐元大93購07  ,0,0,0,0,0,0,0,0,0,-5000,0,0,0,0,5000,-5000,-5000
049397,台達電群益94購03,0,0,0,0,0,0,0,0,0,-5000,0,0,0,7000,12000,-5000,-5000
051835,百和元大95購03  ,0,0,0,0,0,0,0,0,0,-5000,0,0,0,0,5000,-5000,-5000
05184P,緯穎元富95售01  ,0,0,0,0,0,0,0,0,0,-5000,0,0,0,0,5000,-5000,-5000
050909,華夏中信95購01  ,0,0,0,0,0,0,0,0,0,-5000,0,0,0,0,5000,-5000,-5000
04931P,臻鼎元富94售09  ,0,0,0,0,0,0,0,0,0,-5000,0,0,0,9000,14000,-5000,-5000
052014,光罩永豐95購01  ,0,0,0,0,0,0,0,0,0,-5000,0,0,0,5000,10000,-5000,-5000
052187,奇鋐群益95購03  ,0,0,0,0,0,0,0,0,0,-5000,0,0,0,0,5000,-5000,-5000
05220P,台積電元大95售16,0,0,0,0,0,0,0,0,0,-5000,0,0,0,0,5000,-5000,-5000
052119,漢唐國票96購01  ,0,0,0,0,0,0,0,0,0,-5000,0,0,0,20000,25000,-5000,-5000
050035,聯茂元大94購07  ,0,0,0,0,0,0,0,0,0,-5000,0,0,0,11000,16000,-5000,-5000
051812,臻鼎凱基95購03  ,0,0,0,0,0,0,0,0,0,-5000,0,0,0,25000,30000,-5000,-5000
048766,禾伸堂凱基94購01,0,0,0,0,0,0,0,0,0,-5000,0,0,0,0,5000,-5000,-5000
048811,鴻海日盛94購01  ,0,0,0,0,0,0,0,0,0,-5000,0,0,0,40000,45000,-5000,-5000
048920,川湖永豐94購01  ,0,0,0,0,0,0,0,0,0,-5000,0,0,0,0,5000,-5000,-5000
050962,聯發科永豐95購02,0,0,0,0,0,0,0,0,0,-5000,0,0,0,0,5000,-5000,-5000
050978,鴻海元富95購03  ,0,0,0,0,0,0,0,0,0,-5000,0,0,0,20000,25000,-5000,-5000
051210,S&P反1統一97購01,0,0,0,0,0,0,0,0,0,-5000,0,0,0,0,5000,-5000,-5000
049062,華新科日盛94購01,0,0,0,0,0,0,0,0,0,-5000,0,0,0,0,5000,-5000,-5000
05073P,臺股指中信95售09,0,0,0,0,0,0,0,0,0,-5000,0,0,0,0,5000,-5000,-5000
050749,道瓊銀統一96購03,0,0,0,0,0,0,0,0,0,-5000,0,0,0,0,5000,-5000,-5000
050756,京元電元富94購03,0,0,0,0,0,0,0,0,0,-5000,0,0,0,0,5000,-5000,-5000
051560,玉晶光國泰97購03,0,0,0,0,0,0,0,0,0,-5000,0,0,0,6000,11000,-5000,-5000
05448P,臺股指元大95售25,0,0,0,0,0,0,0,0,0,-5000,0,0,0,35000,40000,-5000,-5000
054257,揚明光元大96購02,0,0,0,0,0,0,0,0,0,-5000,0,0,0,0,5000,-5000,-5000
054346,世芯國票97購01  ,0,0,0,0,0,0,0,0,0,-5000,0,0,0,25000,30000,-5000,-5000
054097,淘帝國票97購01  ,0,0,0,0,0,0,0,0,0,-5000,0,0,0,0,5000,-5000,-5000
054044,京元電元大96購03,0,0,0,0,0,0,0,0,0,-5000,0,0,0,0,5000,-5000,-5000
05404P,台積電群益95售06,0,0,0,0,0,0,0,0,0,-5000,0,0,0,105000,110000,-5000,-5000
053807,T50反1群益96購02,0,0,0,0,0,0,0,0,0,-5000,0,0,0,40000,45000,-5000,-5000
053789,彩晶元大9C購02  ,0,0,0,0,0,0,0,0,0,-5000,0,0,0,0,5000,-5000,-5000
053833,彩晶台新97購02  ,0,0,0,0,0,0,0,0,0,-5000,0,0,0,0,5000,-5000,-5000
053378,台積電元大98購02,0,0,0,0,0,0,0,0,0,-5000,0,0,0,70000,75000,-5000,-5000
053359,矽力統一96購02  ,0,0,0,0,0,0,0,0,0,-5000,0,0,0,0,5000,-5000,-5000
053133,華邦電國票97購01,0,0,0,0,0,0,0,0,0,-5000,0,0,0,0,5000,-5000,-5000
053179,大立光統一96購04,0,0,0,0,0,0,0,0,0,-5000,0,0,0,0,5000,-5000,-5000
053600,同欣電元大96購04,0,0,0,0,0,0,0,0,0,-5000,0,0,0,40000,45000,-5000,-5000
053631,欣興兆豐97購01  ,0,0,0,0,0,0,0,0,0,-5000,0,0,0,7000,12000,-5000,-5000
05371P,臺股指中信95售10,0,0,0,0,0,0,0,0,0,-5000,0,0,0,30000,35000,-5000,-5000
05352P,臺股指元富95售06,0,0,0,0,0,0,0,0,0,-5000,0,0,0,0,5000,-5000,-5000
052674,智邦國泰98購01  ,0,0,0,0,0,0,0,0,0,-5000,0,0,0,12000,17000,-5000,-5000
052723,新唐統一97購01  ,0,0,0,0,0,0,0,0,0,-5000,0,0,0,75000,80000,-5000,-5000
052724,力成統一97購01  ,0,0,0,0,0,0,0,0,0,-5000,0,0,0,5000,10000,-5000,-5000
053027,玉晶光富邦98購01,0,0,0,0,0,0,0,0,0,-5000,0,0,0,10000,15000,-5000,-5000
052536,聯茂國泰97購01  ,0,0,0,0,0,0,0,0,0,-5000,0,0,0,15000,20000,-5000,-5000
052585,友達永豐97購01  ,0,0,0,0,0,0,0,0,0,-5000,0,0,0,0,5000,-5000,-5000
052360,FB上証國票96購01,0,0,0,0,0,0,0,0,0,-5000,0,0,0,0,5000,-5000,-5000
052281,全新凱基97購01  ,0,0,0,0,0,0,0,0,0,-5000,0,0,0,12000,17000,-5000,-5000
6674,鋐寶科技        ,0,2000,-2000,0,0,0,0,0,0,-3000,0,3000,-3000,0,0,0,-5000
06199P,聯發科元大97售17,0,0,0,0,0,0,0,0,0,-5000,0,0,0,0,5000,-5000,-5000
06034P,世芯凱基96售03  ,0,0,0,0,0,0,0,0,0,-5000,0,0,0,45000,50000,-5000,-5000
06519P,元油2X元大98售03,0,0,0,0,0,0,0,0,0,-5000,0,0,0,0,5000,-5000,-5000
06520P,元油2X元大98售04,0,0,0,0,0,0,0,0,0,-5000,0,0,0,0,5000,-5000,-5000
1220,台榮            ,0,5000,-5000,0,0,0,0,0,0,0,0,0,0,0,0,0,-5000
06664P,聯發科兆豐98售02,0,0,0,0,0,0,0,0,0,-5000,0,0,0,0,5000,-5000,-5000
06416P,大立光群益97售06,0,0,0,0,0,0,0,0,0,-5000,0,0,0,45000,50000,-5000,-5000
06451P,聯發科元大98售04,0,0,0,0,0,0,0,0,0,-5000,0,0,0,0,5000,-5000,-5000
3494,誠研            ,0,5000,-5000,0,0,0,0,0,0,0,0,0,0,0,0,0,-5000
3032,偉訓            ,1000,6000,-5000,0,0,0,0,0,0,0,0,0,0,0,0,0,-5000
2450,神腦            ,1000,6000,-5000,0,0,0,0,0,0,0,0,0,0,0,0,0,-5000
1337,再生-KY         ,0,5000,-5000,0,0,0,0,0,0,0,0,0,0,0,0,0,-5000
1416,廣豐            ,0,5000,-5000,0,0,0,0,0,0,0,0,0,0,0,0,0,-5000
1315,達新            ,41000,46000,-5000,0,0,0,0,0,0,0,0,0,0,0,0,0,-5000
1452,宏益            ,7000,12000,-5000,0,0,0,0,0,0,0,0,0,0,0,0,0,-5000
1727,中華化          ,0,5000,-5000,0,0,0,0,0,0,0,0,0,0,0,0,0,-5000
1608,華榮            ,15000,20000,-5000,0,0,0,0,0,0,0,0,0,0,0,0,0,-5000
2010,春源            ,0,5000,-5000,0,0,0,0,0,0,0,0,0,0,0,0,0,-5000
2302,麗正            ,6000,11000,-5000,0,0,0,0,0,0,0,0,0,0,0,0,0,-5000
056316,訊芯元大98購03  ,0,0,0,0,0,0,0,0,0,-6000,0,0,0,34000,40000,-6000,-6000
056297,台光電元大97購04,0,0,0,0,0,0,0,0,0,-6000,0,0,0,4000,10000,-6000,-6000
056672,元油2X元富98購10,0,0,0,0,0,0,0,0,0,-6000,0,0,0,3000,9000,-6000,-6000
056766,義隆元大98購01  ,0,0,0,0,0,0,0,0,0,-6000,0,0,0,30000,36000,-6000,-6000
056814,元油2X永豐98購04,0,0,0,0,0,0,0,0,0,-6000,0,0,0,0,6000,-6000,-6000
057329,緯穎群益98購02  ,0,0,0,0,0,0,0,0,0,-6000,0,0,0,65000,71000,-6000,-6000
05756P,臺股指中信99售05,0,0,0,0,0,0,0,0,0,-6000,0,0,0,0,6000,-6000,-6000
05781P,臺股指統一99售02,0,0,0,0,0,0,0,0,0,-6000,0,0,0,0,6000,-6000,-6000
055673,旺宏日盛97購01  ,0,0,0,0,0,0,0,0,0,-6000,0,0,0,15000,21000,-6000,-6000
055715,智邦元大97購04  ,0,0,0,0,0,0,0,0,0,-6000,0,0,0,32000,38000,-6000,-6000
055813,聯發科國票98購04,0,0,0,0,0,0,0,0,0,-6000,0,0,0,0,6000,-6000,-6000
055565,祥碩凱基97購01  ,0,0,0,0,0,0,0,0,0,-6000,0,0,0,2000,8000,-6000,-6000
055270,上銀元大97購03  ,0,0,0,0,0,0,0,0,0,-6000,0,0,0,28000,34000,-6000,-6000
055023,億光國泰98購01  ,0,0,0,0,0,0,0,0,0,-6000,0,0,0,16000,22000,-6000,-6000
04252P,台達電元富93售02,0,0,0,0,0,0,0,0,0,-6000,0,0,0,6000,12000,-6000,-6000
00736,國泰新興市場    ,0,0,0,0,0,0,0,0,0,-6000,0,0,0,155000,161000,-6000,-6000
04595P,臺股指元大94售13,0,0,0,0,0,0,0,0,0,-6000,0,0,0,405000,411000,-6000,-6000
04310P,京元電統一93售03,0,0,0,0,0,0,0,0,0,-6000,0,0,0,0,6000,-6000,-6000
047217,臺股指中信93購05,0,0,0,0,0,0,0,0,0,-6000,0,0,0,0,6000,-6000,-6000
04437P,滬深2X群益98售03,0,0,0,0,0,0,0,0,0,-6000,0,0,0,0,6000,-6000,-6000
046082,矽力凱基92購01  ,0,0,0,0,0,0,0,0,0,-6000,0,0,0,5000,11000,-6000,-6000
048012,嘉晶國票94購01  ,0,0,0,0,0,0,0,0,0,-6000,0,0,0,0,6000,-6000,-6000
051052,台積電群益95購01,0,0,0,0,0,0,0,0,0,-6000,0,0,0,91000,97000,-6000,-6000
05102P,臺股指凱基96售09,0,0,0,0,0,0,0,0,0,-6000,0,0,0,0,6000,-6000,-6000
051100,同欣電元大95購01,0,0,0,0,0,0,0,0,0,-6000,0,0,0,0,6000,-6000,-6000
046884,元油反群益95購01,0,0,0,0,0,0,0,0,0,-6000,0,0,0,0,6000,-6000,-6000
048435,致新國票93購01  ,0,0,0,0,0,0,0,0,0,-6000,0,0,0,0,6000,-6000,-6000
04857P,美律元富94售01  ,0,0,0,0,0,0,0,0,0,-6000,0,0,0,20000,26000,-6000,-6000
047547,友達凱基99購02  ,0,0,0,0,0,0,0,0,0,-6000,0,0,0,10000,16000,-6000,-6000
051624,智邦麥證95購02  ,0,0,0,50000,56000,-6000,0,0,0,-6000,0,0,0,50000,56000,-6000,-6000
048841,聯茂凱基94購06  ,0,0,0,0,0,0,0,0,0,-6000,0,0,0,0,6000,-6000,-6000
051737,瑞昱國票96購01  ,0,0,0,0,0,0,0,0,0,-6000,0,0,0,1000,7000,-6000,-6000
049590,華新科元大94購01,0,0,0,0,0,0,0,0,0,-6000,0,0,0,59000,65000,-6000,-6000
048698,宏達電國票95購01,0,0,0,0,0,0,0,0,0,-6000,0,0,0,40000,46000,-6000,-6000
052220,T50反1凱基98購01,0,0,0,0,0,0,0,0,0,-6000,0,0,0,15000,21000,-6000,-6000
05088P,大立光富邦99售01,0,0,0,0,0,0,0,0,0,-6000,0,0,0,0,6000,-6000,-6000
050211,貿聯國票95購01  ,0,0,0,0,0,0,0,0,0,-6000,0,0,0,10000,16000,-6000,-6000
050177,聯發科元大94購11,0,0,0,0,0,0,0,0,0,-6000,0,0,0,123000,129000,-6000,-6000
050545,奇力新凱基95購01,0,0,0,0,0,0,0,0,0,-6000,0,0,0,0,6000,-6000,-6000
050307,欣興中信95購01  ,0,0,0,0,0,0,0,0,0,-6000,0,0,0,0,6000,-6000,-6000
050402,緯穎中信96購01  ,0,0,0,0,0,0,0,0,0,-6000,0,0,0,43000,49000,-6000,-6000
050441,和碩凱基94購01  ,0,0,0,0,0,0,0,0,0,-6000,0,0,0,0,6000,-6000,-6000
049635,臺股指群益94購08,0,0,0,0,0,0,0,0,0,-6000,0,0,0,13000,19000,-6000,-6000
049720,欣興凱基94購05  ,0,0,0,0,0,0,0,0,0,-6000,0,0,0,11000,17000,-6000,-6000
052235,聯發科國票96購02,0,0,0,0,0,0,0,0,0,-6000,0,0,0,0,6000,-6000,-6000
05258P,臺股指凱基96售11,0,0,0,0,0,0,0,0,0,-6000,0,0,0,0,6000,-6000,-6000
052962,台積電凱基97購03,0,0,0,0,0,0,0,0,0,-6000,0,0,0,0,6000,-6000,-6000
053505,瑞儀兆豐97購01  ,0,0,0,0,0,0,0,0,0,-6000,0,0,0,14000,20000,-6000,-6000
053407,台積電兆豐96購02,0,0,0,0,0,0,0,0,0,-6000,0,0,0,0,6000,-6000,-6000
053729,聯茂凱基96購05  ,0,0,0,0,0,0,0,0,0,-6000,0,0,0,0,6000,-6000,-6000
053557,聯茂凱基96購04  ,0,0,0,0,0,0,0,0,0,-6000,0,0,0,0,6000,-6000,-6000
054096,佳世達國票97購01,0,0,0,0,0,0,0,0,0,-6000,0,0,0,20000,26000,-6000,-6000
054171,台郡凱基97購01  ,0,0,0,0,0,0,0,0,0,-6000,0,0,0,0,6000,-6000,-6000
054305,光磊凱基98購01  ,0,0,0,0,0,0,0,0,0,-6000,0,0,0,121000,127000,-6000,-6000
054245,鴻海元大96購23  ,0,0,0,0,0,0,0,0,0,-6000,0,0,0,0,6000,-6000,-6000
054432,台積電台新96購05,0,0,0,0,0,0,0,0,0,-6000,0,0,0,0,6000,-6000,-6000
054631,台郡凱基98購02  ,0,0,0,0,0,0,0,0,0,-6000,0,0,0,5000,11000,-6000,-6000
054836,勤誠中信97購01  ,0,0,0,0,0,0,0,0,0,-6000,0,0,0,10000,16000,-6000,-6000
2433,互盛電          ,3000,9000,-6000,0,0,0,0,0,0,0,0,0,0,0,0,0,-6000
2477,美隆電          ,12000,18000,-6000,0,0,0,0,0,0,0,0,0,0,0,0,0,-6000
2546,根基            ,2000,8000,-6000,0,0,0,0,0,0,0,0,0,0,0,0,0,-6000
06633P,國巨國票99售01  ,0,0,0,0,0,0,0,0,0,-6000,0,0,0,12000,18000,-6000,-6000
05989P,健策元富96售01  ,0,0,0,0,0,0,0,0,0,-6000,0,0,0,6000,12000,-6000,-6000
6281,全國電          ,7000,0,7000,0,0,0,0,0,0,-13000,0,13000,-13000,0,0,0,-6000
6152,百一            ,1000,7000,-6000,0,0,0,0,0,0,0,0,0,0,0,0,0,-6000
3022,威強電          ,13000,19400,-6400,0,0,0,0,0,0,0,0,0,0,0,0,0,-6400
5534,長虹            ,100542,121000,-20458,0,0,0,0,0,0,14000,14000,0,14000,0,0,0,-6458
3023,信邦            ,287000,277927,9073,0,0,0,0,0,0,-16000,0,10000,-10000,3000,9000,-6000,-6927
055107,旺宏凱基98購04  ,0,0,0,0,0,0,0,0,0,-7000,0,0,0,21000,28000,-7000,-7000
055254,聯詠統一97購03  ,0,0,0,0,0,0,0,0,0,-7000,0,0,0,46000,53000,-7000,-7000
055613,全新國票98購01  ,0,0,0,0,0,0,0,0,0,-7000,0,0,0,6000,13000,-7000,-7000
055390,國巨統一98購03  ,0,0,0,0,0,0,0,0,0,-7000,0,0,0,26000,33000,-7000,-7000
055677,喬山凱基97購01  ,0,0,0,0,0,0,0,0,0,-7000,0,0,0,13000,20000,-7000,-7000
055688,力成凱基98購02  ,0,0,0,0,0,0,0,0,0,-7000,0,0,0,33000,40000,-7000,-7000
056245,嘉澤群益97購01  ,0,0,0,0,0,0,0,0,0,-7000,0,0,0,39000,46000,-7000,-7000
057369,奇力新元大99購05,0,0,0,0,0,0,0,0,0,-7000,0,0,0,210000,217000,-7000,-7000
057181,亞光元大98購02  ,0,0,0,0,0,0,0,0,0,-7000,0,0,0,45000,52000,-7000,-7000
05724P,致茂永豐96售01  ,0,0,0,0,0,0,0,0,0,-7000,0,0,0,199000,206000,-7000,-7000
056891,國巨元大99購03  ,0,0,0,0,0,0,0,0,0,-7000,0,0,0,75000,82000,-7000,-7000
05686P,臺股指元大96售11,0,0,0,0,0,0,0,0,0,-7000,0,0,0,1000,8000,-7000,-7000
056840,友達元富98購02  ,0,0,0,0,0,0,0,0,0,-7000,0,0,0,0,7000,-7000,-7000
056579,麗豐元大99購01  ,0,0,0,0,0,0,0,0,0,-7000,0,0,0,27000,34000,-7000,-7000
056317,華通群益99購02  ,0,0,0,0,0,0,0,0,0,-7000,0,0,0,0,7000,-7000,-7000
056307,貿聯元大97購05  ,0,0,0,0,0,0,0,0,0,-7000,0,0,0,51000,58000,-7000,-7000
056456,群創凱基9B購01  ,0,0,0,0,0,0,0,0,0,-7000,0,0,0,0,7000,-7000,-7000
047466,新光金國泰95購01,0,0,0,0,0,0,0,0,0,-7000,0,0,0,0,7000,-7000,-7000
04673P,友達統一94售04  ,0,0,0,0,0,0,0,0,0,-7000,0,0,0,0,7000,-7000,-7000
046628,大立光統一98購01,0,0,0,0,0,0,0,0,0,-7000,0,0,0,0,7000,-7000,-7000
046269,禾伸堂凱基92購03,0,0,0,0,0,0,0,0,0,-7000,0,0,0,23000,30000,-7000,-7000
044516,景碩凱基93購02  ,0,0,0,0,0,0,0,0,0,-7000,0,0,0,68000,75000,-7000,-7000
047194,世紀鋼元大96購01,0,0,0,0,0,0,0,0,0,-7000,0,0,0,16000,23000,-7000,-7000
043735,元金2X元大94購01,0,0,0,0,0,0,0,0,0,-7000,0,0,0,3000,10000,-7000,-7000
047383,鴻海元大95購01  ,0,0,0,0,0,0,0,0,0,-7000,0,0,0,36000,43000,-7000,-7000
047395,聯茂元大94購01  ,0,0,0,0,0,0,0,0,0,-7000,0,0,0,4000,11000,-7000,-7000
03636C,元油2X元富04牛01,0,0,0,0,0,0,0,0,0,-7000,0,0,0,15000,22000,-7000,-7000
00753L,中信中國50正2   ,0,0,0,0,0,0,0,0,0,-7000,0,0,0,58000,65000,-7000,-7000
049690,義隆元大95購02  ,0,0,0,0,0,0,0,0,0,-7000,0,0,0,3000,10000,-7000,-7000
051484,玉晶光凱基97購01,0,0,0,0,0,0,0,0,0,-7000,0,0,0,28000,35000,-7000,-7000
051879,健策台新96購01  ,0,0,0,0,0,0,0,0,0,-7000,0,0,0,0,7000,-7000,-7000
051662,大立光永昌96購03,0,0,0,0,0,0,0,0,0,-7000,0,0,0,0,7000,-7000,-7000
05174P,元金2X富邦9B售01,0,0,0,0,0,0,0,0,0,-7000,0,0,0,3000,10000,-7000,-7000
048803,大立光富邦96購01,0,0,0,0,0,0,0,0,0,-7000,0,0,0,0,7000,-7000,-7000
048872,玉晶光國票94購02,0,0,0,0,0,0,0,0,0,-7000,0,0,0,89000,96000,-7000,-7000
051255,康控元大96購04  ,0,0,0,0,0,0,0,0,0,-7000,0,0,0,68000,75000,-7000,-7000
054996,聯陽元富97購01  ,0,0,0,0,0,0,0,0,0,-7000,0,0,0,18000,25000,-7000,-7000
054990,凌陽元富97購01  ,0,0,0,0,0,0,0,0,0,-7000,0,0,0,0,7000,-7000,-7000
054578,世芯元大99購01  ,0,0,0,0,0,0,0,0,0,-7000,0,0,0,35000,42000,-7000,-7000
054698,同欣電永豐97購01,0,0,0,0,0,0,0,0,0,-7000,0,0,0,100000,107000,-7000,-7000
054152,漢唐國泰98購02  ,0,0,0,0,0,0,0,0,0,-7000,0,0,0,37000,44000,-7000,-7000
053583,漢唐元大96購03  ,0,0,0,0,0,0,0,0,0,-7000,0,0,0,0,7000,-7000,-7000
053697,臻鼎元大96購02  ,0,0,0,0,0,0,0,0,0,-7000,0,0,0,3000,10000,-7000,-7000
053449,超眾凱基98購01  ,0,0,0,0,0,0,0,0,0,-7000,0,0,0,70000,77000,-7000,-7000
053450,同欣電凱基96購02,0,0,0,0,0,0,0,0,0,-7000,0,0,0,3000,10000,-7000,-7000
053207,SP黃豆凱基96購01,0,0,0,0,0,0,0,0,0,-7000,0,0,0,0,7000,-7000,-7000
052276,力成群益96購01  ,0,0,0,0,0,0,0,0,0,-7000,0,0,0,81000,88000,-7000,-7000
2906,高林            ,0,7000,-7000,0,0,0,0,0,0,0,0,0,0,0,0,0,-7000
2939,凱羿-KY         ,3000,10000,-7000,0,0,0,0,0,0,0,0,0,0,0,0,0,-7000
3305,昇貿            ,1000,8000,-7000,0,0,0,0,0,0,0,0,0,0,0,0,0,-7000
2849,安泰銀          ,3000,10000,-7000,0,0,0,0,0,0,0,0,0,0,0,0,0,-7000
2069,運錩            ,0,7000,-7000,0,0,0,0,0,0,0,0,0,0,0,0,0,-7000
1460,宏遠            ,5000,12000,-7000,0,0,0,0,0,0,0,0,0,0,0,0,0,-7000
06196P,元上證元大97售01,0,0,0,0,0,0,0,0,0,-7000,0,0,0,3000,10000,-7000,-7000
06207P,聯發科凱基97售07,0,0,0,0,0,0,0,0,0,-7000,0,0,0,20000,27000,-7000,-7000
06240P,奇力新元富97售03,0,0,0,0,0,0,0,0,0,-7000,0,0,0,16000,23000,-7000,-7000
5007,三星            ,3000,10000,-7000,0,0,0,0,0,0,0,0,0,0,0,0,0,-7000
056327,樺漢兆豐98購01  ,0,0,0,0,0,0,0,0,0,-8000,0,0,0,0,8000,-8000,-8000
056615,燿華永豐98購02  ,0,0,0,0,0,0,0,0,0,-8000,0,0,0,16000,24000,-8000,-8000
056642,旺宏凱基98購07  ,0,0,0,0,0,0,0,0,0,-8000,0,0,0,42000,50000,-8000,-8000
056835,聯電元富99購01  ,0,0,0,0,0,0,0,0,0,-8000,0,0,0,9000,17000,-8000,-8000
056987,南茂群益98購01  ,0,0,0,0,0,0,0,0,0,-8000,0,0,0,0,8000,-8000,-8000
057016,中石化凱基9B購01,0,0,0,0,0,0,0,0,0,-8000,0,0,0,2000,10000,-8000,-8000
05769P,台積電凱基96售16,0,0,0,0,0,0,0,0,0,-8000,0,0,0,287000,295000,-8000,-8000
05907P,聯發科元富96售05,0,0,0,0,0,0,0,0,0,-8000,0,0,0,0,8000,-8000,-8000
056051,T50反1元大97購05,0,0,0,0,0,0,0,0,0,-8000,0,0,0,7000,15000,-8000,-8000
055777,冠德凱基97購01  ,0,0,0,0,0,0,0,0,0,-8000,0,0,0,12000,20000,-8000,-8000
055804,祥碩永豐97購02  ,0,0,0,0,0,0,0,0,0,-8000,0,0,0,2000,10000,-8000,-8000
055795,茂林國泰98購01  ,0,0,0,0,0,0,0,0,0,-8000,0,0,0,217000,225000,-8000,-8000
055870,智原台新97購01  ,0,0,0,0,0,0,0,0,0,-8000,0,0,0,72000,80000,-8000,-8000
055439,台表科國票98購02,0,0,0,0,0,0,0,0,0,-8000,0,0,0,23000,31000,-8000,-8000
055594,華新科元大98購02,0,0,0,0,0,0,0,0,0,-8000,0,0,0,17000,25000,-8000,-8000
055284,全新元大99購01  ,0,0,0,0,0,0,0,0,0,-8000,0,0,0,4000,12000,-8000,-8000
055187,彩晶統一98購01  ,0,0,0,0,0,0,0,0,0,-8000,0,0,0,72000,80000,-8000,-8000
00647L,元大S&P500正2   ,0,1000,-1000,0,0,0,0,0,0,-7000,0,0,0,3000,10000,-7000,-8000
042317,台灣50永豐96購01,0,0,0,0,0,0,0,0,0,-8000,0,0,0,25000,33000,-8000,-8000
03686P,大立光統一98售02,0,0,0,0,0,0,0,0,0,-8000,0,0,0,200000,208000,-8000,-8000
047389,義隆元大94購01  ,0,0,0,0,0,0,0,0,0,-8000,0,0,0,0,8000,-8000,-8000
048345,緯創元大94購01  ,0,0,0,0,0,0,0,0,0,-8000,0,0,0,0,8000,-8000,-8000
048324,訊芯凱基93購03  ,0,0,0,0,0,0,0,0,0,-8000,0,0,0,0,8000,-8000,-8000
044463,全新兆豐93購01  ,0,0,0,0,0,0,0,0,0,-8000,0,0,0,2000,10000,-8000,-8000
044758,玉山金凱基93購01,0,0,0,0,0,0,0,0,0,-8000,0,0,0,2000,10000,-8000,-8000
044988,玉晶光統一95購01,0,0,0,0,0,0,0,0,0,-8000,0,0,0,12000,20000,-8000,-8000
04513P,元石油中信94售01,0,0,0,0,0,0,0,0,0,-8000,0,0,0,0,8000,-8000,-8000
047688,亞德客富邦95購01,0,0,0,0,0,0,0,0,0,-8000,0,0,0,10000,18000,-8000,-8000
047968,南電國泰94購01  ,0,0,0,0,0,0,0,0,0,-8000,0,0,0,42000,50000,-8000,-8000
048108,鴻海群益93購07  ,0,0,0,0,0,0,0,0,0,-8000,0,0,0,24000,32000,-8000,-8000
051176,聯發科凱基95購07,0,0,0,0,0,0,0,0,0,-8000,0,0,0,0,8000,-8000,-8000
051424,緯穎國票97購01  ,0,0,0,0,0,0,0,0,0,-8000,0,0,0,1000,9000,-8000,-8000
048427,百和元富95購01  ,0,0,0,0,0,0,0,0,0,-8000,0,0,0,7000,15000,-8000,-8000
046578,聯電元大92購01  ,0,0,0,0,0,0,0,0,0,-8000,0,0,0,2000,10000,-8000,-8000
051501,康友群益95購02  ,0,0,0,0,0,0,0,0,0,-8000,0,0,0,53000,61000,-8000,-8000
050993,聯發科元大95購05,0,0,0,0,0,0,0,0,0,-8000,0,0,0,0,8000,-8000,-8000
051559,宏達電國泰96購01,0,0,0,0,0,0,0,0,0,-8000,0,0,0,87000,95000,-8000,-8000
051378,奇力新群益95購01,0,0,0,0,0,0,0,0,0,-8000,0,0,0,13000,21000,-8000,-8000
049260,華新科元大96購01,0,0,0,0,0,0,0,0,0,-8000,0,0,0,0,8000,-8000,-8000
049266,和碩元大94購01  ,0,0,0,0,0,0,0,0,0,-8000,0,0,0,0,8000,-8000,-8000
050069,禾伸堂凱基94購04,0,0,0,0,0,0,0,0,0,-8000,0,0,0,1000,9000,-8000,-8000
051910,大立光元大97購01,0,0,0,0,0,0,0,0,0,-8000,0,0,0,0,8000,-8000,-8000
052095,彩晶元大97購01  ,0,0,0,0,0,0,0,0,0,-8000,0,0,0,105000,113000,-8000,-8000
052104,英業達兆豐96購01,0,0,0,0,0,0,0,0,0,-8000,0,0,0,12000,20000,-8000,-8000
051847,香港反中信99購01,0,0,0,0,0,0,0,0,0,-8000,0,0,0,0,8000,-8000,-8000
050291,聯發科凱基94購16,0,0,0,0,0,0,0,0,0,-8000,0,0,0,6000,14000,-8000,-8000
050296,亞光凱基94購03  ,0,0,0,0,0,0,0,0,0,-8000,0,0,0,37000,45000,-8000,-8000
050514,聯電元大94購01  ,0,0,0,0,0,0,0,0,0,-8000,0,0,0,2000,10000,-8000,-8000
050832,力成凱基95購01  ,0,0,0,0,0,0,0,0,0,-8000,0,0,0,2000,10000,-8000,-8000
052991,台積電台新96購01,0,0,0,0,0,0,0,0,0,-8000,0,0,0,0,8000,-8000,-8000
052829,上銀群益96購01  ,0,0,0,0,0,0,0,0,0,-8000,0,0,0,98000,106000,-8000,-8000
053168,晶技群益98購01  ,0,0,0,0,0,0,0,0,0,-8000,0,0,0,68000,76000,-8000,-8000
053116,華新科中信96購01,0,0,0,0,0,0,0,0,0,-8000,0,0,0,20000,28000,-8000,-8000
053106,鴻海兆豐98購01  ,0,0,0,0,0,0,0,0,0,-8000,0,0,0,0,8000,-8000,-8000
054290,奇力新元大96購05,0,0,0,0,0,0,0,0,0,-8000,0,0,0,0,8000,-8000,-8000
054293,健策元大98購02  ,0,0,0,0,0,0,0,0,0,-8000,0,0,0,502000,510000,-8000,-8000
054390,智邦元富96購03  ,0,0,0,0,0,0,0,0,0,-8000,0,0,0,30000,38000,-8000,-8000
054914,億光凱基98購01  ,0,0,0,0,0,0,0,0,0,-8000,0,0,0,31000,39000,-8000,-8000
054918,華新科凱基98購02,0,0,0,0,0,0,0,0,0,-8000,0,0,0,43000,51000,-8000,-8000
054851,樺漢兆豐97購01  ,0,0,0,0,0,0,0,0,0,-8000,0,0,0,0,8000,-8000,-8000
6192,巨路            ,2000,10000,-8000,0,0,0,0,0,0,0,0,0,0,0,0,0,-8000
05962P,大立光群益96售07,0,0,0,0,0,0,0,0,0,-8000,0,0,0,129000,137000,-8000,-8000
06470P,臺股指凱基99售10,0,0,0,0,0,0,0,0,0,-8000,0,0,0,5000,13000,-8000,-8000
1720,生達            ,3000,11000,-8000,0,0,0,0,0,0,0,0,0,0,0,0,0,-8000
2611,志信            ,0,8000,-8000,0,0,0,0,0,0,0,0,0,0,0,0,0,-8000
055488,華邦電元大98購01,0,0,0,0,0,0,0,0,0,-9000,0,0,0,15000,24000,-9000,-9000
05566P,景碩永豐96售01  ,0,0,0,0,0,0,0,0,0,-9000,0,0,0,1000,10000,-9000,-9000
056135,緯創元大98購01  ,0,0,0,0,0,0,0,0,0,-9000,0,0,0,0,9000,-9000,-9000
05768P,台積電凱基96售15,0,0,0,0,0,0,0,0,0,-9000,0,0,0,161000,170000,-9000,-9000
057387,奇力新永豐98購03,0,0,0,0,0,0,0,0,0,-9000,0,0,0,0,9000,-9000,-9000
057377,康控元大99購02  ,0,0,0,0,0,0,0,0,0,-9000,0,0,0,175000,184000,-9000,-9000
056970,TPK永豐98購01   ,0,0,0,0,0,0,0,0,0,-9000,0,0,0,1000,10000,-9000,-9000
056578,智易元大99購02  ,0,0,0,0,0,0,0,0,0,-9000,0,0,0,110000,119000,-9000,-9000
056340,可成凱基98購04  ,0,0,0,0,0,0,0,0,0,-9000,0,0,0,50000,59000,-9000,-9000
056527,大成鋼凱基98購03,0,0,0,0,0,0,0,0,0,-9000,0,0,0,16000,25000,-9000,-9000
047548,友達凱基99購03  ,0,0,0,0,0,0,0,0,0,-9000,0,0,0,1000,10000,-9000,-9000
048600,嘉澤國票94購01  ,0,0,0,0,0,0,0,0,0,-9000,0,0,0,0,9000,-9000,-9000
04619P,華新統一94售02  ,0,0,0,0,0,0,0,0,0,-9000,0,0,0,1000,10000,-9000,-9000
044289,群創凱基93購04  ,0,0,0,0,0,0,0,0,0,-9000,0,0,0,0,9000,-9000,-9000
044190,聯詠富邦93購01  ,0,0,0,0,0,0,0,0,0,-9000,0,0,0,6000,15000,-9000,-9000
044407,聯茂凱基93購01  ,0,0,0,0,0,0,0,0,0,-9000,0,0,0,10000,19000,-9000,-9000
048283,亞德客中信94購01,0,0,0,0,0,0,0,0,0,-9000,0,0,0,21000,30000,-9000,-9000
043231,鴻海中信95購01  ,0,0,0,0,0,0,0,0,0,-9000,0,0,0,1000,10000,-9000,-9000
04253P,聯發科元富93售01,0,0,0,0,0,0,0,0,0,-9000,0,0,0,1000,10000,-9000,-9000
050348,鴻海群益94購06  ,0,0,0,0,0,0,0,0,0,-9000,0,0,0,16000,25000,-9000,-9000
05054P,臻鼎群益95售02  ,0,0,0,0,0,0,0,0,0,-9000,0,0,0,11000,20000,-9000,-9000
050577,美律國票94購03  ,0,0,0,0,0,0,0,0,0,-9000,0,0,0,0,9000,-9000,-9000
049688,台光電元大94購04,0,0,0,0,0,0,0,0,0,-9000,0,0,0,1000,10000,-9000,-9000
049710,大成鋼凱基94購03,0,0,0,0,0,0,0,0,0,-9000,0,0,0,1000,10000,-9000,-9000
050114,群創元大95購01  ,0,0,0,0,0,0,0,0,0,-9000,0,0,0,46000,55000,-9000,-9000
050202,建準群益95購01  ,0,0,0,0,0,0,0,0,0,-9000,0,0,0,9000,18000,-9000,-9000
049586,正崴元大94購01  ,0,0,0,0,0,0,0,0,0,-9000,0,0,0,19000,28000,-9000,-9000
049611,緯穎兆豐95購02  ,0,0,0,0,0,0,0,0,0,-9000,0,0,0,4000,13000,-9000,-9000
049274,臺股指元大94購09,0,0,0,0,0,0,0,0,0,-9000,0,0,0,0,9000,-9000,-9000
048876,牧德國票95購02  ,0,0,0,0,0,0,0,0,0,-9000,0,0,0,0,9000,-9000,-9000
049172,鴻海凱基94購14  ,0,0,0,0,0,0,0,0,0,-9000,0,0,0,53000,62000,-9000,-9000
049916,台光電元大94購06,0,0,0,0,0,0,0,0,0,-9000,0,0,0,1000,10000,-9000,-9000
050613,台光電元大94購09,0,0,0,0,0,0,0,0,0,-9000,0,0,0,1000,10000,-9000,-9000
054213,欣興國票97購04  ,0,0,0,0,0,0,0,0,0,-9000,0,0,0,1000,10000,-9000,-9000
054140,智易元大97購03  ,0,0,0,0,0,0,0,0,0,-9000,0,0,0,11000,20000,-9000,-9000
053093,緯穎元大96購06  ,0,0,0,0,0,0,0,0,0,-9000,0,0,0,417000,426000,-9000,-9000
053148,華邦電元大96購01,0,0,0,0,0,0,0,0,0,-9000,0,0,0,1000,10000,-9000,-9000
052413,上証反中信97購01,0,0,0,0,0,0,0,0,0,-9000,0,0,0,20000,29000,-9000,-9000
052454,力成元大95購02  ,0,0,0,0,0,0,0,0,0,-9000,0,0,0,4000,13000,-9000,-9000
2482,連宇            ,8000,17000,-9000,0,0,0,0,0,0,0,0,0,0,0,0,0,-9000
2506,太設            ,0,9000,-9000,0,0,0,0,0,0,0,0,0,0,0,0,0,-9000
2903,遠百            ,622000,633000,-11000,0,0,0,0,0,0,2000,2000,0,2000,0,0,0,-9000
1760,寶齡富錦        ,9000,18000,-9000,0,0,0,0,0,0,0,0,0,0,0,0,0,-9000
1541,錩泰            ,1000,2000,-1000,0,0,0,0,0,0,-8000,0,8000,-8000,0,0,0,-9000
1519,華城            ,62000,57000,5000,0,0,0,36000,50000,-14000,0,0,0,0,0,0,0,-9000
1457,宜進            ,15000,24000,-9000,0,0,0,0,0,0,0,0,0,0,0,0,0,-9000
2017,官田鋼          ,0,9000,-9000,0,0,0,0,0,0,0,0,0,0,0,0,0,-9000
2359,所羅門          ,22000,31000,-9000,0,0,0,0,0,0,0,0,0,0,0,0,0,-9000
06226P,聯發科麥證97售03,0,0,0,0,9000,-9000,0,0,0,-9000,0,0,0,0,9000,-9000,-9000
4566,時碩工業        ,16000,25000,-9000,0,0,0,0,0,0,0,0,0,0,0,0,0,-9000
9924,福興            ,17000,26000,-9000,0,0,0,0,0,0,0,0,0,0,0,0,0,-9000
056518,美律國票99購01  ,0,0,0,0,0,0,0,0,0,-10000,0,0,0,0,10000,-10000,-10000
05645P,聯發科凱基96售13,0,0,0,0,0,0,0,0,0,-10000,0,0,0,8000,18000,-10000,-10000
056443,南亞科凱基98購03,0,0,0,0,0,0,0,0,0,-10000,0,0,0,5000,15000,-10000,-10000
056414,國巨中信98購02  ,0,0,0,0,0,0,0,0,0,-10000,0,0,0,19000,29000,-10000,-10000
056329,上銀國票98購02  ,0,0,0,0,0,0,0,0,0,-10000,0,0,0,0,10000,-10000,-10000
056330,玉晶光國票99購03,0,0,0,0,0,0,0,0,0,-10000,0,0,0,0,10000,-10000,-10000
056390,台積電富邦9B購01,0,0,0,0,0,0,0,0,0,-10000,0,0,0,2000,12000,-10000,-10000
056303,亞光元大97購04  ,0,0,0,0,0,0,0,0,0,-10000,0,0,0,101000,111000,-10000,-10000
056283,鴻海永豐97購03  ,0,0,0,0,0,0,0,0,0,-10000,0,0,0,0,10000,-10000,-10000
056252,聯發科兆豐97購03,0,0,0,0,0,0,0,0,0,-10000,0,0,0,0,10000,-10000,-10000
056247,台郡群益97購01  ,0,0,0,0,0,0,0,0,0,-10000,0,0,0,43000,53000,-10000,-10000
056673,中石化元富9B購01,0,0,0,0,0,0,0,0,0,-10000,0,0,0,0,10000,-10000,-10000
056668,光磊國票99購01  ,0,0,0,0,0,0,0,0,0,-10000,0,0,0,0,10000,-10000,-10000
056665,上証2X國票99購02,0,0,0,0,0,0,0,0,0,-10000,0,0,0,0,10000,-10000,-10000
056843,冠德元富98購01  ,0,0,0,0,0,0,0,0,0,-10000,0,0,0,0,10000,-10000,-10000
056788,日月光群益98購01,0,0,0,0,0,0,0,0,0,-10000,0,0,0,0,10000,-10000,-10000
056797,台積電麥證98購01,0,0,0,0,10000,-10000,0,0,0,-10000,0,0,0,0,10000,-10000,-10000
056731,國巨凱基98購04  ,0,0,0,0,0,0,0,0,0,-10000,0,0,0,0,10000,-10000,-10000
05668P,滬深2X永豐96售04,0,0,0,0,0,0,0,0,0,-10000,0,0,0,25000,35000,-10000,-10000
056718,GIS永豐98購01   ,0,0,0,0,0,0,0,0,0,-10000,0,0,0,24000,34000,-10000,-10000
056949,義隆統一98購01  ,0,0,0,0,0,0,0,0,0,-10000,0,0,0,0,10000,-10000,-10000
056943,華通統一99購01  ,0,0,0,0,0,0,0,0,0,-10000,0,0,0,0,10000,-10000,-10000
057015,元油2X凱基9B購04,0,0,0,0,0,0,0,0,0,-10000,0,0,0,0,10000,-10000,-10000
056902,大立光元大98購12,0,0,0,0,0,0,0,0,0,-10000,0,0,0,0,10000,-10000,-10000
057034,道瓊反元大9B購01,0,0,0,0,0,0,0,0,0,-10000,0,0,0,0,10000,-10000,-10000
057112,立積群益99購01  ,0,0,0,0,0,0,0,0,0,-10000,0,0,0,169000,179000,-10000,-10000
057164,國巨元大98購14  ,0,0,0,0,0,0,0,0,0,-10000,0,0,0,84000,94000,-10000,-10000
057171,台光電元大9B購01,0,0,0,0,0,0,0,0,0,-10000,0,0,0,12000,22000,-10000,-10000
057350,全新統一98購03  ,0,0,0,0,0,0,0,0,0,-10000,0,0,0,0,10000,-10000,-10000
057283,欣興元大98購07  ,0,0,0,0,0,0,0,0,0,-10000,0,0,0,36000,46000,-10000,-10000
057317,技嘉凱基98購02  ,0,0,0,0,0,0,0,0,0,-10000,0,0,0,19000,29000,-10000,-10000
057254,友達麥證98購01  ,0,0,0,0,10000,-10000,0,0,0,-10000,0,0,0,0,10000,-10000,-10000
057266,TPK兆豐98購02   ,0,0,0,0,0,0,0,0,0,-10000,0,0,0,0,10000,-10000,-10000
057215,友達群益98購03  ,0,0,0,0,0,0,0,0,0,-10000,0,0,0,0,10000,-10000,-10000
057203,麗豐元富98購02  ,0,0,0,0,0,0,0,0,0,-10000,0,0,0,0,10000,-10000,-10000
05755P,臺股指中信99售04,0,0,0,0,0,0,0,0,0,-10000,0,0,0,15000,25000,-10000,-10000
05773P,臺股指凱基99售03,0,0,0,0,0,0,0,0,0,-10000,0,0,0,0,10000,-10000,-10000
05793P,臺股指中信99售08,0,0,0,0,0,0,0,0,0,-10000,0,0,0,20000,30000,-10000,-10000
05806P,宏達電永豐96售03,0,0,0,0,0,0,0,0,0,-10000,0,0,0,12000,22000,-10000,-10000
05849P,臺股指元大96售25,0,0,0,0,0,0,0,0,0,-10000,0,0,0,207000,217000,-10000,-10000
056097,訊芯元富97購02  ,0,0,0,0,0,0,0,0,0,-10000,0,0,0,0,10000,-10000,-10000
056109,彩晶永豐98購01  ,0,0,0,0,0,0,0,0,0,-10000,0,0,0,0,10000,-10000,-10000
056172,鴻海元富97購11  ,0,0,0,0,0,0,0,0,0,-10000,0,0,0,0,10000,-10000,-10000
056180,南茂元富97購01  ,0,0,0,0,0,0,0,0,0,-10000,0,0,0,0,10000,-10000,-10000
056030,華通日盛97購01  ,0,0,0,0,0,0,0,0,0,-10000,0,0,0,14000,24000,-10000,-10000
056094,大立光元富97購03,0,0,0,0,0,0,0,0,0,-10000,0,0,0,0,10000,-10000,-10000
055969,彩晶元大99購02  ,0,0,0,0,0,0,0,0,0,-10000,0,0,0,0,10000,-10000,-10000
055689,台郡凱基99購01  ,0,0,0,0,0,0,0,0,0,-10000,0,0,0,6000,16000,-10000,-10000
055646,漢唐元富97購01  ,0,0,0,0,0,0,0,0,0,-10000,0,0,0,0,10000,-10000,-10000
05570P,聯發科統一96售04,0,0,0,0,0,0,0,0,0,-10000,0,0,0,0,10000,-10000,-10000
055697,牧德國票98購01  ,0,0,0,0,0,0,0,0,0,-10000,0,0,0,10000,20000,-10000,-10000
055887,上銀統一97購03  ,0,0,0,0,0,0,0,0,0,-10000,0,0,0,0,10000,-10000,-10000
055874,中環元富9A購01  ,0,0,0,0,0,0,0,0,0,-10000,0,0,0,0,10000,-10000,-10000
055940,致新群益98購01  ,0,0,0,0,0,0,0,0,0,-10000,0,0,0,0,10000,-10000,-10000
055774,台光電凱基97購02,0,0,0,0,0,0,0,0,0,-10000,0,0,0,1000,11000,-10000,-10000
055484,華通元大97購04  ,0,0,0,0,0,0,0,0,0,-10000,0,0,0,9000,19000,-10000,-10000
055583,國巨元大97購10  ,0,0,0,0,0,0,0,0,0,-10000,0,0,0,0,10000,-10000,-10000
055577,晶技統一97購02  ,0,0,0,0,0,0,0,0,0,-10000,0,0,0,10000,20000,-10000,-10000
05540P,亞德客凱基96售01,0,0,0,0,0,0,0,0,0,-10000,0,0,0,280000,290000,-10000,-10000
055345,國巨凱基98購01  ,0,0,0,0,0,0,0,0,0,-10000,0,0,0,0,10000,-10000,-10000
055217,緯創凱基97購02  ,0,0,0,0,0,0,0,0,0,-10000,0,0,0,0,10000,-10000,-10000
042561,南電兆豐92購01  ,0,0,0,0,0,0,0,0,0,-10000,0,0,0,0,10000,-10000,-10000
03039X,元展36          ,0,0,0,0,0,0,0,0,0,-10000,0,0,0,0,10000,-10000,-10000
04265P,滬深2X元富93售04,0,0,0,0,0,0,0,0,0,-10000,0,0,0,0,10000,-10000,-10000
039550,滬深反凱基94購01,0,0,0,0,0,0,0,0,0,-10000,0,0,0,0,10000,-10000,-10000
04226P,宏達電元富93售01,0,0,0,0,0,0,0,0,0,-10000,0,0,0,0,10000,-10000,-10000
00668,國泰美國道瓊    ,0,0,0,0,0,0,0,0,0,-10000,0,0,0,2000,12000,-10000,-10000
04049P,大立光元大95售02,0,0,0,0,0,0,0,0,0,-10000,0,0,0,50000,60000,-10000,-10000
03298P,台積電統一03售15,0,0,0,0,0,0,0,0,0,-10000,0,0,0,0,10000,-10000,-10000
03416B,臺股指凱基95熊05,0,0,0,0,0,0,0,0,0,-10000,0,0,0,0,10000,-10000,-10000
045401,大立光兆豐93購01,0,0,0,0,0,0,0,0,0,-10000,0,0,0,0,10000,-10000,-10000
045934,燿華群益93購01  ,0,0,0,0,0,0,0,0,0,-10000,0,0,0,10000,20000,-10000,-10000
045906,鴻海中信94購01  ,0,0,0,0,0,0,0,0,0,-10000,0,0,0,0,10000,-10000,-10000
045907,鴻海中信94購02  ,0,0,0,0,0,0,0,0,0,-10000,0,0,0,1000,11000,-10000,-10000
046067,富邦金凱基92購02,0,0,0,0,0,0,0,0,0,-10000,0,0,0,0,10000,-10000,-10000
045825,力成凱基93購02  ,0,0,0,0,0,0,0,0,0,-10000,0,0,0,0,10000,-10000,-10000
04583P,滬深2X永豐94售06,0,0,0,0,0,0,0,0,0,-10000,0,0,0,0,10000,-10000,-10000
045843,燿華台新92購01  ,0,0,0,0,0,0,0,0,0,-10000,0,0,0,0,10000,-10000,-10000
045820,京元電凱基92購04,0,0,0,0,0,0,0,0,0,-10000,0,0,0,0,10000,-10000,-10000
04275P,南亞科凱基93售08,0,0,0,0,0,0,0,0,0,-10000,0,0,0,0,10000,-10000,-10000
045591,彩晶元大93購01  ,0,0,0,0,0,0,0,0,0,-10000,0,0,0,0,10000,-10000,-10000
042993,葡萄王元大94購01,0,0,0,0,0,0,0,0,0,-10000,0,0,0,0,10000,-10000,-10000
04366P,全新元富95售01  ,0,0,0,0,0,0,0,0,0,-10000,0,0,0,11000,21000,-10000,-10000
047222,鴻海凱基94購04  ,0,0,0,0,0,0,0,0,0,-10000,0,0,0,0,10000,-10000,-10000
047127,臻鼎中信95購01  ,0,0,0,0,0,0,0,0,0,-10000,0,0,0,10000,20000,-10000,-10000
043970,為升富邦94購01  ,0,0,0,0,0,0,0,0,0,-10000,0,0,0,0,10000,-10000,-10000
043912,華新科凱基93購01,0,0,0,0,0,0,0,0,0,-10000,0,0,0,0,10000,-10000,-10000
048260,鴻海元富93購06  ,0,0,0,0,0,0,0,0,0,-10000,0,0,0,10000,20000,-10000,-10000
048312,致茂凱基93購02  ,0,0,0,0,0,0,0,0,0,-10000,0,0,0,110000,120000,-10000,-10000
047290,台積電元富93購04,0,0,0,0,0,0,0,0,0,-10000,0,0,0,0,10000,-10000,-10000
048371,華固統一93購02  ,0,0,0,0,0,0,0,0,0,-10000,0,0,0,0,10000,-10000,-10000
048339,友達元大95購01  ,0,0,0,0,0,0,0,0,0,-10000,0,0,0,0,10000,-10000,-10000
047379,元油2X元大96購03,0,0,0,0,0,0,0,0,0,-10000,0,0,0,0,10000,-10000,-10000
048338,正崴元大93購01  ,0,0,0,0,0,0,0,0,0,-10000,0,0,0,0,10000,-10000,-10000
047302,為升富邦97購01  ,0,0,0,0,0,0,0,0,0,-10000,0,0,0,0,10000,-10000,-10000
047356,貿聯兆豐94購01  ,0,0,0,0,0,0,0,0,0,-10000,0,0,0,90000,100000,-10000,-10000
047347,台積電凱基93購14,0,0,0,0,0,0,0,0,0,-10000,0,0,0,0,10000,-10000,-10000
044403,新日興凱基92購01,0,0,0,0,0,0,0,0,0,-10000,0,0,0,20000,30000,-10000,-10000
044464,滬深2X群益95購01,0,0,0,0,0,0,0,0,0,-10000,0,0,0,0,10000,-10000,-10000
044508,微星凱基92購02  ,0,0,0,0,0,0,0,0,0,-10000,0,0,0,10000,20000,-10000,-10000
044688,傳奇凱基93購01  ,0,0,0,0,0,0,0,0,0,-10000,0,0,0,0,10000,-10000,-10000
044247,道瓊反元富97購01,0,0,0,0,0,0,0,0,0,-10000,0,0,0,0,10000,-10000,-10000
04612P,上銀群益94售01  ,0,0,0,0,0,0,0,0,0,-10000,0,0,0,0,10000,-10000,-10000
04504P,台積電元富94售04,0,0,0,0,0,0,0,0,0,-10000,0,0,0,0,10000,-10000,-10000
045069,美律元大93購03  ,0,0,0,0,0,0,0,0,0,-10000,0,0,0,0,10000,-10000,-10000
045287,元油2X元大95購01,0,0,0,0,0,0,0,0,0,-10000,0,0,0,0,10000,-10000,-10000
045361,鈺齊凱基93購01  ,0,0,0,0,0,0,0,0,0,-10000,0,0,0,0,10000,-10000,-10000
044011,鴻海凱基93購03  ,0,0,0,0,0,0,0,0,0,-10000,0,0,0,0,10000,-10000,-10000
04402P,TPK兆豐95售01   ,0,0,0,0,0,0,0,0,0,-10000,0,0,0,0,10000,-10000,-10000
046242,大立光中信93購02,0,0,0,0,0,0,0,0,0,-10000,0,0,0,0,10000,-10000,-10000
046222,上銀元大92購08  ,0,0,0,0,0,0,0,0,0,-10000,0,0,0,1000,11000,-10000,-10000
048357,漢唐永豐93購04  ,0,0,0,0,0,0,0,0,0,-10000,0,0,0,0,10000,-10000,-10000
047461,大立光群益93購09,0,0,0,0,0,0,0,0,0,-10000,0,0,0,0,10000,-10000,-10000
047494,華邦電元富96購01,0,0,0,0,0,0,0,0,0,-10000,0,0,0,10000,20000,-10000,-10000
046621,智伸科凱基93購02,0,0,0,0,0,0,0,0,0,-10000,0,0,0,0,10000,-10000,-10000
046692,鴻海凱基93購15  ,0,0,0,0,0,0,0,0,0,-10000,0,0,0,0,10000,-10000,-10000
048480,FB上証中信94購01,0,0,0,0,0,0,0,0,0,-10000,0,0,0,160000,170000,-10000,-10000
046597,可成亞東93購01  ,0,0,0,0,0,0,0,0,0,-10000,0,0,0,0,10000,-10000,-10000
046757,漢唐凱基93購02  ,0,0,0,0,0,0,0,0,0,-10000,0,0,0,0,10000,-10000,-10000
046725,可成元大93購02  ,0,0,0,0,0,0,0,0,0,-10000,0,0,0,0,10000,-10000,-10000
046738,台積電群益93購05,0,0,0,0,0,0,0,0,0,-10000,0,0,0,0,10000,-10000,-10000
046877,燿華國泰94購01  ,0,0,0,0,0,0,0,0,0,-10000,0,0,0,0,10000,-10000,-10000
046854,可成元大93購04  ,0,0,0,0,0,0,0,0,0,-10000,0,0,0,0,10000,-10000,-10000
046814,鴻海凱基93購20  ,0,0,0,0,0,0,0,0,0,-10000,0,0,0,0,10000,-10000,-10000
046838,勤誠群益93購01  ,0,0,0,0,0,0,0,0,0,-10000,0,0,0,0,10000,-10000,-10000
046803,可成元大93購03  ,0,0,0,0,0,0,0,0,0,-10000,0,0,0,0,10000,-10000,-10000
046795,瀚宇博元富93購01,0,0,0,0,0,0,0,0,0,-10000,0,0,0,0,10000,-10000,-10000
048593,華新科群益93購04,0,0,0,0,0,0,0,0,0,-10000,0,0,0,11000,21000,-10000,-10000
047879,台積電中信93購04,0,0,0,0,0,0,0,0,0,-10000,0,0,0,0,10000,-10000,-10000
047937,元金2X國票97購02,0,0,0,0,0,0,0,0,0,-10000,0,0,0,0,10000,-10000,-10000
047583,深中小永豐94購01,0,0,0,0,0,0,0,0,0,-10000,0,0,0,0,10000,-10000,-10000
046564,聯詠凱基92購09  ,0,0,0,0,0,0,0,0,0,-10000,0,0,0,10000,20000,-10000,-10000
04653P,臺股指凱基94售12,0,0,0,0,0,0,0,0,0,-10000,0,0,0,50000,60000,-10000,-10000
047095,聯詠麥證93購01  ,0,0,0,0,10000,-10000,0,0,0,-10000,0,0,0,0,10000,-10000,-10000
047080,仁寶康和93購01  ,0,0,0,0,0,0,0,0,0,-10000,0,0,0,10000,20000,-10000,-10000
046426,臻鼎元大92購13  ,0,0,0,0,0,0,0,0,0,-10000,0,0,0,0,10000,-10000,-10000
046455,瑞昱凱基92購03  ,0,0,0,0,0,0,0,0,0,-10000,0,0,0,0,10000,-10000,-10000
046457,可成凱基92購09  ,0,0,0,0,0,0,0,0,0,-10000,0,0,0,10000,20000,-10000,-10000
046903,友達凱基99購01  ,0,0,0,0,0,0,0,0,0,-10000,0,0,0,0,10000,-10000,-10000
047015,上銀元大93購03  ,0,0,0,0,0,0,0,0,0,-10000,0,0,0,1000,11000,-10000,-10000
047063,漢唐凱基95購01  ,0,0,0,0,0,0,0,0,0,-10000,0,0,0,0,10000,-10000,-10000
051418,智易國票97購01  ,0,0,0,0,0,0,0,0,0,-10000,0,0,0,86000,96000,-10000,-10000
051421,彩晶國票95購01  ,0,0,0,0,0,0,0,0,0,-10000,0,0,0,0,10000,-10000,-10000
051441,鴻海元大95購13  ,0,0,0,0,0,0,0,0,0,-10000,0,0,0,0,10000,-10000,-10000
051017,聯發科凱基95購04,0,0,0,0,0,0,0,0,0,-10000,0,0,0,4000,14000,-10000,-10000
051289,大立光統一96購01,0,0,0,0,0,0,0,0,0,-10000,0,0,0,0,10000,-10000,-10000
051293,鴻海元富95購05  ,0,0,0,0,0,0,0,0,0,-10000,0,0,0,35000,45000,-10000,-10000
05139P,臺股指凱基95售06,0,0,0,0,0,0,0,0,0,-10000,0,0,0,424000,434000,-10000,-10000
051312,國泰金麥證95購01,0,0,0,0,10000,-10000,0,0,0,-10000,0,0,0,0,10000,-10000,-10000
051313,緯創麥證95購02  ,0,0,0,10000,20000,-10000,0,0,0,-10000,0,0,0,10000,20000,-10000,-10000
051188,鴻海兆豐95購01  ,0,0,0,0,0,0,0,0,0,-10000,0,0,0,0,10000,-10000,-10000
051137,聯詠永豐95購01  ,0,0,0,0,0,0,0,0,0,-10000,0,0,0,0,10000,-10000,-10000
05113P,臺股指元富95售01,0,0,0,0,0,0,0,0,0,-10000,0,0,0,0,10000,-10000,-10000
048129,力成元大93購02  ,0,0,0,0,0,0,0,0,0,-10000,0,0,0,0,10000,-10000,-10000
048144,華固統一93購01  ,0,0,0,0,0,0,0,0,0,-10000,0,0,0,0,10000,-10000,-10000
04821P,臺股指永豐94售01,0,0,0,0,0,0,0,0,0,-10000,0,0,0,0,10000,-10000,-10000
048220,鴻海凱基93購35  ,0,0,0,0,0,0,0,0,0,-10000,0,0,0,0,10000,-10000,-10000
048221,鴻海凱基95購01  ,0,0,0,0,0,0,0,0,0,-10000,0,0,0,1000,11000,-10000,-10000
047809,瑞昱凱基93購08  ,0,0,0,0,0,0,0,0,0,-10000,0,0,0,0,10000,-10000,-10000
047749,富邦金元富93購01,0,0,0,0,0,0,0,0,0,-10000,0,0,0,0,10000,-10000,-10000
047725,廣達群益93購01  ,0,0,0,0,0,0,0,0,0,-10000,0,0,0,20000,30000,-10000,-10000
047695,聯發科國票93購06,0,0,0,0,0,0,0,0,0,-10000,0,0,0,0,10000,-10000,-10000
047720,聯茂凱基94購03  ,0,0,0,0,0,0,0,0,0,-10000,0,0,0,0,10000,-10000,-10000
047711,華新科凱基94購03,0,0,0,0,0,0,0,0,0,-10000,0,0,0,18000,28000,-10000,-10000
047653,上銀兆豐94購01  ,0,0,0,0,0,0,0,0,0,-10000,0,0,0,10000,20000,-10000,-10000
046370,全新麥證93購01  ,0,0,0,0,10000,-10000,0,0,0,-10000,0,0,0,0,10000,-10000,-10000
047940,台光電國票93購01,0,0,0,0,0,0,0,0,0,-10000,0,0,0,10000,20000,-10000,-10000
046292,聯發科統一92購02,0,0,0,0,0,0,0,0,0,-10000,0,0,0,30000,40000,-10000,-10000
046301,亞泥元大92購02  ,0,0,0,0,0,0,0,0,0,-10000,0,0,0,0,10000,-10000,-10000
046299,大立光富邦93購04,0,0,0,0,0,0,0,0,0,-10000,0,0,0,0,10000,-10000,-10000
046307,瑞昱元大92購03  ,0,0,0,0,0,0,0,0,0,-10000,0,0,0,0,10000,-10000,-10000
050625,康控第一94購01  ,0,0,0,0,0,0,0,0,0,-10000,0,0,0,0,10000,-10000,-10000
049889,欣興國泰96購01  ,0,0,0,0,0,0,0,0,0,-10000,0,0,0,0,10000,-10000,-10000
05099P,台積電凱基95售06,0,0,0,0,0,0,0,0,0,-10000,0,0,0,25000,35000,-10000,-10000
051503,玉晶光統一97購01,0,0,0,0,0,0,0,0,0,-10000,0,0,0,0,10000,-10000,-10000
051229,亞光群益95購01  ,0,0,0,0,0,0,0,0,0,-10000,0,0,0,58000,68000,-10000,-10000
051232,貿聯群益95購02  ,0,0,0,0,0,0,0,0,0,-10000,0,0,0,7000,17000,-10000,-10000
04911P,美律元富94售02  ,0,0,0,0,0,0,0,0,0,-10000,0,0,0,10000,20000,-10000,-10000
049857,緯穎群益94購03  ,0,0,0,0,0,0,0,0,0,-10000,0,0,0,0,10000,-10000,-10000
04984P,臺股指康和94售04,0,0,0,0,0,0,0,0,0,-10000,0,0,0,0,10000,-10000,-10000
049199,茂林永豐95購01  ,0,0,0,0,0,0,0,0,0,-10000,0,0,0,0,10000,-10000,-10000
049229,台化富邦94購01  ,0,0,0,0,0,0,0,0,0,-10000,0,0,0,0,10000,-10000,-10000
051553,牧德永豐96購02  ,0,0,0,0,0,0,0,0,0,-10000,0,0,0,10000,20000,-10000,-10000
051347,國巨元大95購06  ,0,0,0,0,0,0,0,0,0,-10000,0,0,0,0,10000,-10000,-10000
051355,聯發科元大96購01,0,0,0,0,0,0,0,0,0,-10000,0,0,0,50000,60000,-10000,-10000
051625,聯發科麥證95購01,0,0,0,20000,30000,-10000,0,0,0,-10000,0,0,0,20000,30000,-10000,-10000
05160P,國巨國票96售03  ,0,0,0,0,0,0,0,0,0,-10000,0,0,0,40000,50000,-10000,-10000
050736,台積電康和94購01,0,0,0,0,0,0,0,0,0,-10000,0,0,0,0,10000,-10000,-10000
04998P,京元電永豐95售01,0,0,0,0,0,0,0,0,0,-10000,0,0,0,0,10000,-10000,-10000
050724,國巨國票96購01  ,0,0,0,0,0,0,0,0,0,-10000,0,0,0,40000,50000,-10000,-10000
048867,台積電兆豐95購01,0,0,0,0,0,0,0,0,0,-10000,0,0,0,10000,20000,-10000,-10000
048939,華擎永豐94購01  ,0,0,0,0,0,0,0,0,0,-10000,0,0,0,15000,25000,-10000,-10000
048961,矽創康和94購01  ,0,0,0,0,0,0,0,0,0,-10000,0,0,0,0,10000,-10000,-10000
048822,燿華凱基94購03  ,0,0,0,0,0,0,0,0,0,-10000,0,0,0,0,10000,-10000,-10000
048856,高鐵群益94購01  ,0,0,0,0,0,0,0,0,0,-10000,0,0,0,0,10000,-10000,-10000
05178P,大立光凱基96售05,0,0,0,0,0,0,0,0,0,-10000,0,0,0,235000,245000,-10000,-10000
051702,鴻海群益95購08  ,0,0,0,0,0,0,0,0,0,-10000,0,0,0,0,10000,-10000,-10000
04927P,大立光凱基95售06,0,0,0,0,0,0,0,0,0,-10000,0,0,0,0,10000,-10000,-10000
048712,樺漢台新94購01  ,0,0,0,0,0,0,0,0,0,-10000,0,0,0,0,10000,-10000,-10000
048705,GIS國票95購01   ,0,0,0,0,0,0,0,0,0,-10000,0,0,0,0,10000,-10000,-10000
048683,日月光富邦93購01,0,0,0,0,0,0,0,0,0,-10000,0,0,0,0,10000,-10000,-10000
048999,康普國票95購01  ,0,0,0,0,0,0,0,0,0,-10000,0,0,0,0,10000,-10000,-10000
049503,矽創元大94購01  ,0,0,0,0,0,0,0,0,0,-10000,0,0,0,0,10000,-10000,-10000
050081,聯發科統一94購07,0,0,0,0,0,0,0,0,0,-10000,0,0,0,0,10000,-10000,-10000
050039,鴻海中信94購03  ,0,0,0,0,0,0,0,0,0,-10000,0,0,0,20000,30000,-10000,-10000
050059,旺宏凱基94購03  ,0,0,0,0,0,0,0,0,0,-10000,0,0,0,13000,23000,-10000,-10000
050193,臻鼎元大94購02  ,0,0,0,0,0,0,0,0,0,-10000,0,0,0,0,10000,-10000,-10000
049393,世紀鋼第一94購01,0,0,0,0,0,0,0,0,0,-10000,0,0,0,0,10000,-10000,-10000
05281P,南亞科元大95售03,0,0,0,0,0,0,0,0,0,-10000,0,0,0,0,10000,-10000,-10000
051851,TPK群益95購03   ,0,0,0,0,0,0,0,0,0,-10000,0,0,0,0,10000,-10000,-10000
050865,欣興永豐95購01  ,0,0,0,0,0,0,0,0,0,-10000,0,0,0,2000,12000,-10000,-10000
050842,旺宏國票97購01  ,0,0,0,0,0,0,0,0,0,-10000,0,0,0,0,10000,-10000,-10000
051386,富邦金麥證96購01,0,0,0,0,10000,-10000,0,0,0,-10000,0,0,0,0,10000,-10000,-10000
050926,禾伸堂凱基95購01,0,0,0,0,0,0,0,0,0,-10000,0,0,0,35000,45000,-10000,-10000
049335,聯電統一97購01  ,0,0,0,0,0,0,0,0,0,-10000,0,0,0,0,10000,-10000,-10000
049340,鴻海統一94購03  ,0,0,0,0,0,0,0,0,0,-10000,0,0,0,0,10000,-10000,-10000
049344,華固統一94購01  ,0,0,0,0,0,0,0,0,0,-10000,0,0,0,0,10000,-10000,-10000
049374,大立光元大94購12,0,0,0,0,0,0,0,0,0,-10000,0,0,0,0,10000,-10000,-10000
052125,群創國票95購02  ,0,0,0,0,0,0,0,0,0,-10000,0,0,0,0,10000,-10000,-10000
052090,聯發科元大97購03,0,0,0,0,0,0,0,0,0,-10000,0,0,0,116000,126000,-10000,-10000
052217,台光電日盛95購01,0,0,0,0,0,0,0,0,0,-10000,0,0,0,10000,20000,-10000,-10000
052149,電子類群益95購01,0,0,0,0,0,0,0,0,0,-10000,0,0,0,0,10000,-10000,-10000
051905,道瓊銀元大95購01,0,0,0,0,0,0,0,0,0,-10000,0,0,0,0,10000,-10000,-10000
051906,國巨元大95購09  ,0,0,0,0,0,0,0,0,0,-10000,0,0,0,0,10000,-10000,-10000
051903,T50反1元大97購02,0,0,0,0,0,0,0,0,0,-10000,0,0,0,20000,30000,-10000,-10000
051896,柏文元富95購01  ,0,0,0,0,0,0,0,0,0,-10000,0,0,0,0,10000,-10000,-10000
051931,美律國票96購02  ,0,0,0,0,0,0,0,0,0,-10000,0,0,0,10000,20000,-10000,-10000
05201P,玉晶光國泰97售02,0,0,0,0,0,0,0,0,0,-10000,0,0,0,10000,20000,-10000,-10000
051969,世紀鋼永豐95購01,0,0,0,0,0,0,0,0,0,-10000,0,0,0,0,10000,-10000,-10000
051970,元黃金凱基98購01,0,0,0,0,0,0,0,0,0,-10000,0,0,0,10000,20000,-10000,-10000
049485,台積電元大96購03,0,0,0,0,0,0,0,0,0,-10000,0,0,0,0,10000,-10000,-10000
050124,元金2X凱基95購01,0,0,0,0,0,0,0,0,0,-10000,0,0,0,0,10000,-10000,-10000
050771,華新科元大94購06,0,0,0,0,0,0,0,0,0,-10000,0,0,0,33000,43000,-10000,-10000
049689,正崴元大94購02  ,0,0,0,0,0,0,0,0,0,-10000,0,0,0,0,10000,-10000,-10000
049735,台光電群益94購03,0,0,0,0,0,0,0,0,0,-10000,0,0,0,3000,13000,-10000,-10000
04964P,鴻海元大94售26  ,0,0,0,0,0,0,0,0,0,-10000,0,0,0,0,10000,-10000,-10000
050582,傳奇國票94購01  ,0,0,0,0,0,0,0,0,0,-10000,0,0,0,0,10000,-10000,-10000
050565,矽格元富94購01  ,0,0,0,0,0,0,0,0,0,-10000,0,0,0,0,10000,-10000,-10000
050553,緯穎凱基94購06  ,0,0,0,0,0,0,0,0,0,-10000,0,0,0,0,10000,-10000,-10000
050518,台積電元大94購28,0,0,0,0,0,0,0,0,0,-10000,0,0,0,156000,166000,-10000,-10000
050300,康控凱基94購03  ,0,0,0,0,0,0,0,0,0,-10000,0,0,0,0,10000,-10000,-10000
050236,旺宏凱基94購06  ,0,0,0,0,0,0,0,0,0,-10000,0,0,0,5000,15000,-10000,-10000
050255,GIS富邦95購01   ,0,0,0,0,0,0,0,0,0,-10000,0,0,0,0,10000,-10000,-10000
050329,超眾永豐94購03  ,0,0,0,0,0,0,0,0,0,-10000,0,0,0,0,10000,-10000,-10000
050825,嘉澤凱基95購01  ,0,0,0,0,0,0,0,0,0,-10000,0,0,0,10000,20000,-10000,-10000
050838,為升國票96購01  ,0,0,0,0,0,0,0,0,0,-10000,0,0,0,0,10000,-10000,-10000
050433,華新科凱基94購11,0,0,0,0,0,0,0,0,0,-10000,0,0,0,42000,52000,-10000,-10000
052459,道瓊反統一95購04,0,0,0,0,0,0,0,0,0,-10000,0,0,0,0,10000,-10000,-10000
052421,元油反國票9B購01,0,0,0,0,0,0,0,0,0,-10000,0,0,0,0,10000,-10000,-10000
052415,台表科麥證95購02,0,0,0,0,10000,-10000,0,0,0,-10000,0,0,0,0,10000,-10000,-10000
052490,禾伸堂國票95購01,0,0,0,0,0,0,0,0,0,-10000,0,0,0,0,10000,-10000,-10000
052570,華新科凱基96購06,0,0,0,0,0,0,0,0,0,-10000,0,0,0,12000,22000,-10000,-10000
052500,元翎永豐95購01  ,0,0,0,0,0,0,0,0,0,-10000,0,0,0,0,10000,-10000,-10000
052369,矽力國票96購02  ,0,0,0,0,0,0,0,0,0,-10000,0,0,0,11000,21000,-10000,-10000
052362,瑞昱國票96購02  ,0,0,0,0,0,0,0,0,0,-10000,0,0,0,0,10000,-10000,-10000
052259,深100富邦95購01 ,0,0,0,0,0,0,0,0,0,-10000,0,0,0,0,10000,-10000,-10000
052294,創意國票96購03  ,0,0,0,0,0,0,0,0,0,-10000,0,0,0,0,10000,-10000,-10000
052296,TPK國票96購01   ,0,0,0,0,0,0,0,0,0,-10000,0,0,0,848000,858000,-10000,-10000
052688,新日興元大96購01,0,0,0,0,0,0,0,0,0,-10000,0,0,0,101000,111000,-10000,-10000
052655,群創統一97購01  ,0,0,0,0,0,0,0,0,0,-10000,0,0,0,100000,110000,-10000,-10000
052642,滬深2X永豐96購03,0,0,0,0,0,0,0,0,0,-10000,0,0,0,10000,20000,-10000,-10000
052998,拓凱康和96購01  ,0,0,0,0,0,0,0,0,0,-10000,0,0,0,0,10000,-10000,-10000
053009,大成鋼統一96購02,0,0,0,0,0,0,0,0,0,-10000,0,0,0,93000,103000,-10000,-10000
053015,緯創統一96購01  ,0,0,0,0,0,0,0,0,0,-10000,0,0,0,0,10000,-10000,-10000
052930,華新科元大97購03,0,0,0,0,0,0,0,0,0,-10000,0,0,0,0,10000,-10000,-10000
052887,華通中信96購01  ,0,0,0,0,0,0,0,0,0,-10000,0,0,0,0,10000,-10000,-10000
052877,矽創凱基96購01  ,0,0,0,0,0,0,0,0,0,-10000,0,0,0,0,10000,-10000,-10000
052854,聯詠日盛96購01  ,0,0,0,0,0,0,0,0,0,-10000,0,0,0,0,10000,-10000,-10000
053118,大立光中信9C購01,0,0,0,0,0,0,0,0,0,-10000,0,0,0,5000,15000,-10000,-10000
053100,美律元富96購01  ,0,0,0,0,0,0,0,0,0,-10000,0,0,0,0,10000,-10000,-10000
053222,聯茂凱基96購03  ,0,0,0,0,0,0,0,0,0,-10000,0,0,0,0,10000,-10000,-10000
053232,友達永豐97購02  ,0,0,0,0,0,0,0,0,0,-10000,0,0,0,0,10000,-10000,-10000
053241,元油反國票9A購01,0,0,0,0,0,0,0,0,0,-10000,0,0,0,0,10000,-10000,-10000
05325P,臺股指凱基95售09,0,0,0,0,0,0,0,0,0,-10000,0,0,0,0,10000,-10000,-10000
05328P,臺股指凱基95售12,0,0,0,0,0,0,0,0,0,-10000,0,0,0,0,10000,-10000,-10000
053295,奇力新中信96購01,0,0,0,0,0,0,0,0,0,-10000,0,0,0,16000,26000,-10000,-10000
053463,可成富邦98購01  ,0,0,0,0,0,0,0,0,0,-10000,0,0,0,45000,55000,-10000,-10000
053442,光罩凱基96購01  ,0,0,0,0,0,0,0,0,0,-10000,0,0,0,0,10000,-10000,-10000
053423,亞光永豐96購01  ,0,0,0,0,0,0,0,0,0,-10000,0,0,0,25000,35000,-10000,-10000
053502,智伸科兆豐97購01,0,0,0,0,0,0,0,0,0,-10000,0,0,0,10000,20000,-10000,-10000
053498,大立光兆豐96購03,0,0,0,0,0,0,0,0,0,-10000,0,0,0,0,10000,-10000,-10000
053519,力成群益96購02  ,0,0,0,0,0,0,0,0,0,-10000,0,0,0,2000,12000,-10000,-10000
053520,康友群益96購01  ,0,0,0,0,0,0,0,0,0,-10000,0,0,0,25000,35000,-10000,-10000
053511,鴻海群益96購04  ,0,0,0,0,0,0,0,0,0,-10000,0,0,0,5000,15000,-10000,-10000
053724,聯詠凱基96購04  ,0,0,0,0,0,0,0,0,0,-10000,0,0,0,1000,11000,-10000,-10000
053660,群創凱基98購08  ,0,0,0,0,0,0,0,0,0,-10000,0,0,0,0,10000,-10000,-10000
053665,臺股指凱基96購26,0,0,0,0,0,0,0,0,0,-10000,0,0,0,1000,11000,-10000,-10000
054128,台積電元大97購10,0,0,0,0,0,0,0,0,0,-10000,0,0,0,10000,20000,-10000,-10000
054205,華新國票97購02  ,0,0,0,0,0,0,0,0,0,-10000,0,0,0,10000,20000,-10000,-10000
054153,宏達電國泰97購01,0,0,0,0,0,0,0,0,0,-10000,0,0,0,102000,112000,-10000,-10000
054272,華通中信98購01  ,0,0,0,0,0,0,0,0,0,-10000,0,0,0,0,10000,-10000,-10000
054311,世芯凱基96購02  ,0,0,0,0,0,0,0,0,0,-10000,0,0,0,0,10000,-10000,-10000
054329,華新科永豐96購02,0,0,0,0,0,0,0,0,0,-10000,0,0,0,12000,22000,-10000,-10000
054358,矽創兆豐96購01  ,0,0,0,0,0,0,0,0,0,-10000,0,0,0,10000,20000,-10000,-10000
053815,聯發科群益96購01,0,0,0,0,0,0,0,0,0,-10000,0,0,0,98000,108000,-10000,-10000
053784,奇力新元大97購02,0,0,0,0,0,0,0,0,0,-10000,0,0,0,0,10000,-10000,-10000
053803,聯發科凱基96購18,0,0,0,0,0,0,0,0,0,-10000,0,0,0,0,10000,-10000,-10000
053742,創意國票97購01  ,0,0,0,0,0,0,0,0,0,-10000,0,0,0,97000,107000,-10000,-10000
053738,群創麥證96購01  ,0,0,0,0,10000,-10000,0,0,0,-10000,0,0,0,0,10000,-10000,-10000
053765,智邦富邦96購01  ,0,0,0,0,0,0,0,0,0,-10000,0,0,0,0,10000,-10000,-10000
053759,晶相光國泰98購01,0,0,0,0,0,0,0,0,0,-10000,0,0,0,14000,24000,-10000,-10000
053897,台郡群益96購01  ,0,0,0,0,0,0,0,0,0,-10000,0,0,0,0,10000,-10000,-10000
053964,上銀元大96購05  ,0,0,0,0,0,0,0,0,0,-10000,0,0,0,23000,33000,-10000,-10000
054829,亞光國泰99購01  ,0,0,0,0,0,0,0,0,0,-10000,0,0,0,10000,20000,-10000,-10000
054797,臻鼎群益97購01  ,0,0,0,0,0,0,0,0,0,-10000,0,0,0,11000,21000,-10000,-10000
054882,台光電統一97購02,0,0,0,0,0,0,0,0,0,-10000,0,0,0,20000,30000,-10000,-10000
054393,漢唐永豐96購01  ,0,0,0,0,0,0,0,0,0,-10000,0,0,0,0,10000,-10000,-10000
054401,康普永豐96購01  ,0,0,0,0,0,0,0,0,0,-10000,0,0,0,0,10000,-10000,-10000
054444,緯穎台新97購01  ,0,0,0,0,0,0,0,0,0,-10000,0,0,0,0,10000,-10000,-10000
05444P,大立光元大95售10,0,0,0,0,0,0,0,0,0,-10000,0,0,0,0,10000,-10000,-10000
054531,聯發科國泰97購02,0,0,0,0,0,0,0,0,0,-10000,0,0,0,0,10000,-10000,-10000
054707,聯茂亞東97購01  ,0,0,0,0,0,0,0,0,0,-10000,0,0,0,0,10000,-10000,-10000
054690,新興永豐97購01  ,0,0,0,0,0,0,0,0,0,-10000,0,0,0,0,10000,-10000,-10000
054653,聯發科麥證97購02,0,0,0,10000,20000,-10000,0,0,0,-10000,0,0,0,10000,20000,-10000,-10000
054643,上証2X群益9B購01,0,0,0,0,0,0,0,0,0,-10000,0,0,0,0,10000,-10000,-10000
054655,貿聯麥證98購01  ,0,0,0,10000,20000,-10000,0,0,0,-10000,0,0,0,10000,20000,-10000,-10000
054670,康友元富97購01  ,0,0,0,0,0,0,0,0,0,-10000,0,0,0,12000,22000,-10000,-10000
054562,亞光群益98購01  ,0,0,0,0,0,0,0,0,0,-10000,0,0,0,10000,20000,-10000,-10000
054622,漢唐第一97購01  ,0,0,0,0,0,0,0,0,0,-10000,0,0,0,0,10000,-10000,-10000
6541,泰福-KY         ,19000,29000,-10000,0,0,0,0,0,0,0,0,0,0,0,0,0,-10000
3705,永信            ,29000,37000,-8000,0,0,0,0,0,0,-2000,3000,5000,-2000,0,0,0,-10000
4989,榮科            ,3000,13000,-10000,0,0,0,0,0,0,0,0,0,0,0,0,0,-10000
6189,豐藝            ,8000,18000,-10000,0,0,0,0,0,0,0,0,0,0,0,0,0,-10000
9943,好樂迪          ,10000,20000,-10000,0,0,0,0,0,0,0,0,0,0,0,0,0,-10000
06171P,台積電統一97售06,0,0,0,0,0,0,0,0,0,-10000,0,0,0,0,10000,-10000,-10000
05961P,鴻海群益97售01  ,0,0,0,0,0,0,0,0,0,-10000,0,0,0,10000,20000,-10000,-10000
05959P,聯發科國票98售01,0,0,0,0,0,0,0,0,0,-10000,0,0,0,0,10000,-10000,-10000
05971P,世紀鋼永豐96售04,0,0,0,0,0,0,0,0,0,-10000,0,0,0,0,10000,-10000,-10000
05951P,台積電國票97售05,0,0,0,0,0,0,0,0,0,-10000,0,0,0,0,10000,-10000,-10000
05983P,聯詠國票96售02  ,0,0,0,0,0,0,0,0,0,-10000,0,0,0,0,10000,-10000,-10000
06018P,康控凱基96售03  ,0,0,0,0,0,0,0,0,0,-10000,0,0,0,0,10000,-10000,-10000
06289P,臺股指國票97售03,0,0,0,0,0,0,0,0,0,-10000,0,0,0,0,10000,-10000,-10000
06630P,國巨群益98售08  ,0,0,0,0,0,0,0,0,0,-10000,0,0,0,0,10000,-10000,-10000
1231,聯華食          ,3000,13000,-10000,0,0,0,0,0,0,0,0,0,0,0,0,0,-10000
08672P,聯發科統一01售09,0,0,0,0,0,0,0,0,0,-10000,0,0,0,0,10000,-10000,-10000
06516P,國巨凱基98售08  ,0,0,0,0,0,0,0,0,0,-10000,0,0,0,0,10000,-10000,-10000
2374,佳能            ,12000,23000,-11000,0,0,0,0,0,0,1000,1000,0,1000,0,0,0,-10000
2331,精英            ,58000,71000,-13000,0,0,0,0,0,0,3000,3000,0,3000,0,0,0,-10000
1447,力鵬            ,20000,30000,-10000,0,0,0,0,0,0,0,0,0,0,0,0,0,-10000
3501,維熹            ,4000,7000,-3000,0,0,0,0,0,0,-7000,0,7000,-7000,0,0,0,-10000
055305,旺宏群益99購01  ,0,0,0,0,0,0,0,0,0,-11000,0,0,0,8000,19000,-11000,-11000
055327,致新國票98購01  ,0,0,0,0,0,0,0,0,0,-11000,0,0,0,11000,22000,-11000,-11000
055364,矽創凱基97購03  ,0,0,0,0,0,0,0,0,0,-11000,0,0,0,5000,16000,-11000,-11000
055516,上銀中信97購01  ,0,0,0,0,0,0,0,0,0,-11000,0,0,0,10000,21000,-11000,-11000
055865,臺股指元大97購02,0,0,0,0,0,0,0,0,0,-11000,0,0,0,5000,16000,-11000,-11000
055872,亞泥元富97購01  ,0,0,0,0,0,0,0,0,0,-11000,0,0,0,0,11000,-11000,-11000
056054,亞德客元大97購05,0,0,0,0,0,0,0,0,0,-11000,0,0,0,0,11000,-11000,-11000
05811P,臺股指國票96售04,0,0,0,0,0,0,0,0,0,-11000,0,0,0,10000,21000,-11000,-11000
05723P,華通永豐96售03  ,0,0,0,0,0,0,0,0,0,-11000,0,0,0,0,11000,-11000,-11000
057130,全新凱基98購03  ,0,0,0,0,0,0,0,0,0,-11000,0,0,0,0,11000,-11000,-11000
057040,國巨元大98購12  ,0,0,0,0,0,0,0,0,0,-11000,0,0,0,90000,101000,-11000,-11000
05675P,美律群益97售01  ,0,0,0,0,0,0,0,0,0,-11000,0,0,0,0,11000,-11000,-11000
05625P,國巨國票97售01  ,0,0,0,0,0,0,0,0,0,-11000,0,0,0,40000,51000,-11000,-11000
056482,貿聯元大99購01  ,0,0,0,0,0,0,0,0,0,-11000,0,0,0,150000,161000,-11000,-11000
051063,台郡群益95購01  ,0,0,0,0,0,0,0,0,0,-11000,0,0,0,84000,95000,-11000,-11000
047026,大毅元大93購02  ,0,0,0,0,0,0,0,0,0,-11000,0,0,0,0,11000,-11000,-11000
046940,瑞昱元大93購07  ,0,0,0,0,0,0,0,0,0,-11000,0,0,0,0,11000,-11000,-11000
046941,瑞昱元大93購08  ,0,0,0,0,0,0,0,0,0,-11000,0,0,0,9000,20000,-11000,-11000
047638,瑞昱元大93購11  ,0,0,0,0,0,0,0,0,0,-11000,0,0,0,0,11000,-11000,-11000
046659,瑞昱元大93購02  ,0,0,0,0,0,0,0,0,0,-11000,0,0,0,0,11000,-11000,-11000
044698,奇力新元大93購01,0,0,0,0,0,0,0,0,0,-11000,0,0,0,0,11000,-11000,-11000
048265,創意元富93購05  ,0,0,0,0,0,0,0,0,0,-11000,0,0,0,0,11000,-11000,-11000
04824P,亞泥中信94售02  ,0,0,0,0,0,0,0,0,0,-11000,0,0,0,0,11000,-11000,-11000
047117,禾伸堂元大93購02,0,0,0,0,0,0,0,0,0,-11000,0,0,0,0,11000,-11000,-11000
03417B,臺股指凱基95熊19,0,0,0,0,0,0,0,0,0,-11000,0,0,0,0,11000,-11000,-11000
04047P,華邦電元大94售03,0,0,0,0,0,0,0,0,0,-11000,0,0,0,9000,20000,-11000,-11000
00702,國泰標普低波高息,0,0,0,0,0,0,0,0,0,-11000,0,0,0,0,11000,-11000,-11000
020011,統一微波高息20N ,0,0,0,0,0,0,0,0,0,-11000,0,0,0,0,11000,-11000,-11000
050491,旺宏國泰96購01  ,0,0,0,0,0,0,0,0,0,-11000,0,0,0,0,11000,-11000,-11000
049430,國巨國票95購02  ,0,0,0,0,0,0,0,0,0,-11000,0,0,0,0,11000,-11000,-11000
049373,大立光元大94購11,0,0,0,0,0,0,0,0,0,-11000,0,0,0,0,11000,-11000,-11000
050053,訊芯群益94購03  ,0,0,0,0,0,0,0,0,0,-11000,0,0,0,0,11000,-11000,-11000
049511,奇力新凱基94購03,0,0,0,0,0,0,0,0,0,-11000,0,0,0,0,11000,-11000,-11000
049549,瀚宇博群益94購01,0,0,0,0,0,0,0,0,0,-11000,0,0,0,0,11000,-11000,-11000
049599,樺漢元大95購01  ,0,0,0,0,0,0,0,0,0,-11000,0,0,0,105000,116000,-11000,-11000
048988,聯茂元大94購02  ,0,0,0,0,0,0,0,0,0,-11000,0,0,0,33000,44000,-11000,-11000
048855,華新科群益94購02,0,0,0,0,0,0,0,0,0,-11000,0,0,0,77000,88000,-11000,-11000
048795,復盛元大94購01  ,0,0,0,0,0,0,0,0,0,-11000,0,0,0,0,11000,-11000,-11000
05133P,臺股指日盛95售01,0,0,0,0,0,0,0,0,0,-11000,0,0,0,0,11000,-11000,-11000
049154,玉晶光元大95購02,0,0,0,0,0,0,0,0,0,-11000,0,0,0,2000,13000,-11000,-11000
049105,亞泥富邦94購01  ,0,0,0,0,0,0,0,0,0,-11000,0,0,0,0,11000,-11000,-11000
054568,訊芯群益97購01  ,0,0,0,0,0,0,0,0,0,-11000,0,0,0,240000,251000,-11000,-11000
054876,群電群益97購02  ,0,0,0,0,0,0,0,0,0,-11000,0,0,0,0,11000,-11000,-11000
053895,智易群益96購02  ,0,0,0,0,0,0,0,0,0,-11000,0,0,0,10000,21000,-11000,-11000
054043,漢唐元大97購01  ,0,0,0,0,0,0,0,0,0,-11000,0,0,0,0,11000,-11000,-11000
054310,牧德凱基98購01  ,0,0,0,0,0,0,0,0,0,-11000,0,0,0,9000,20000,-11000,-11000
054210,台光電國票97購03,0,0,0,0,0,0,0,0,0,-11000,0,0,0,0,11000,-11000,-11000
054192,國巨中信98購01  ,0,0,0,0,0,0,0,0,0,-11000,0,0,0,166000,177000,-11000,-11000
053680,臺股指富邦96購01,0,0,0,0,0,0,0,0,0,-11000,0,0,0,0,11000,-11000,-11000
053559,台積電國泰98購01,0,0,0,0,0,0,0,0,0,-11000,0,0,0,20000,31000,-11000,-11000
053415,聯茂國票97購01  ,0,0,0,0,0,0,0,0,0,-11000,0,0,0,17000,28000,-11000,-11000
052623,台郡兆豐96購01  ,0,10000,-10000,0,0,0,0,0,0,-1000,0,0,0,40000,41000,-1000,-11000
052834,彩晶群益96購01  ,0,0,0,0,0,0,0,0,0,-11000,0,0,0,10000,21000,-11000,-11000
052323,矽力元大95購04  ,0,0,0,0,0,0,0,0,0,-11000,0,0,0,6000,17000,-11000,-11000
2109,華豐            ,0,9000,-9000,0,0,0,0,0,0,-2000,0,2000,-2000,0,0,0,-11000
1219,福壽            ,0,11000,-11000,0,0,0,0,0,0,0,0,0,0,0,0,0,-11000
06657P,寶成元大98售01  ,0,0,0,0,0,0,0,0,0,-11000,0,0,0,0,11000,-11000,-11000
06302P,臺股指元大97售06,0,0,0,0,0,0,0,0,0,-11000,0,0,0,4000,15000,-11000,-11000
06096P,全新永豐97售02  ,0,0,0,0,0,0,0,0,0,-11000,0,0,0,30000,41000,-11000,-11000
2395,研華            ,284000,298550,-14550,0,0,0,0,0,0,3000,3000,0,3000,0,0,0,-11550
057017,和大凱基98購01  ,0,0,0,0,0,0,0,0,0,-12000,0,0,0,15000,27000,-12000,-12000
057367,技嘉元大98購02  ,0,0,0,0,0,0,0,0,0,-12000,0,0,0,23000,35000,-12000,-12000
057378,康友元大98購02  ,0,0,0,0,0,0,0,0,0,-12000,0,0,0,4000,16000,-12000,-12000
057376,新日興元大98購04,0,0,0,0,0,0,0,0,0,-12000,0,0,0,0,12000,-12000,-12000
056241,緯創群益97購01  ,0,0,0,0,0,0,0,0,0,-12000,0,0,0,0,12000,-12000,-12000
055734,奇力新元富97購02,0,0,0,0,0,0,0,0,0,-12000,0,0,0,0,12000,-12000,-12000
055422,康控永豐97購01  ,0,0,0,0,0,0,0,0,0,-12000,0,0,0,173000,185000,-12000,-12000
055148,鴻海元大98購02  ,0,0,0,0,0,0,0,0,0,-12000,0,0,0,150000,162000,-12000,-12000
00666R,富邦恒生國企反1 ,0,0,0,0,0,0,0,0,0,-12000,0,0,0,83000,95000,-12000,-12000
042280,元石油富邦96購01,0,0,0,0,0,0,0,0,0,-12000,0,0,0,0,12000,-12000,-12000
03828P,致茂中信95售01  ,0,0,0,0,0,0,0,0,0,-12000,0,0,0,206000,218000,-12000,-12000
03651C,臺股指凱基97牛17,0,0,0,0,0,0,0,0,0,-12000,0,0,0,13000,25000,-12000,-12000
04326P,泰鼎元大93售06  ,0,0,0,0,0,0,0,0,0,-12000,0,0,0,0,12000,-12000,-12000
044563,亞德客凱基92購01,0,0,0,0,0,0,0,0,0,-12000,0,0,0,0,12000,-12000,-12000
047525,漢唐元大93購04  ,0,0,0,0,0,0,0,0,0,-12000,0,0,0,0,12000,-12000,-12000
046189,聯發科凱基92購02,0,0,0,0,0,0,0,0,0,-12000,0,0,0,8000,20000,-12000,-12000
047928,禾伸堂凱基93購04,0,0,0,0,0,0,0,0,0,-12000,0,0,0,0,12000,-12000,-12000
046965,復盛中信93購01  ,0,0,0,0,0,0,0,0,0,-12000,0,0,0,0,12000,-12000,-12000
047105,和大元大94購01  ,0,0,0,0,0,0,0,0,0,-12000,0,0,0,0,12000,-12000,-12000
047994,亞德客元大93購03,0,0,0,0,0,0,0,0,0,-12000,0,0,0,0,12000,-12000,-12000
048124,大立光元大95購03,0,0,0,0,0,0,0,0,0,-12000,0,0,0,0,12000,-12000,-12000
04805P,創意元富94售01  ,0,0,0,0,0,0,0,0,0,-12000,0,0,0,22000,34000,-12000,-12000
051519,國泰金凱基95購02,5000,0,5000,0,0,0,0,0,0,-17000,0,0,0,0,17000,-17000,-12000
050673,旺宏富邦96購02  ,0,0,0,0,0,0,0,0,0,-12000,0,0,0,16000,28000,-12000,-12000
051703,台積電群益95購04,0,0,0,0,0,0,0,0,0,-12000,0,0,0,43000,55000,-12000,-12000
049595,麗豐元大95購01  ,0,0,0,0,0,0,0,0,0,-12000,0,0,0,69000,81000,-12000,-12000
050189,旭富元大94購01  ,0,0,0,0,0,0,0,0,0,-12000,0,0,0,3000,15000,-12000,-12000
050203,美律群益94購04  ,0,0,0,0,0,0,0,0,0,-12000,0,0,0,20000,32000,-12000,-12000
051928,大立光中信96購03,0,0,0,0,0,0,0,0,0,-12000,0,0,0,13000,25000,-12000,-12000
052198,鴻海統一95購10  ,0,0,0,0,0,0,0,0,0,-12000,0,0,0,48000,60000,-12000,-12000
050782,台積電國泰96購03,0,0,0,0,0,0,0,0,0,-12000,0,0,0,0,12000,-12000,-12000
049701,聯茂元大94購05  ,0,0,0,0,0,0,0,0,0,-12000,0,0,0,11000,23000,-12000,-12000
049799,旺宏元大96購01  ,0,0,0,0,0,0,0,0,0,-12000,0,0,0,18000,30000,-12000,-12000
050459,台表科元大94購03,0,0,0,0,0,0,0,0,0,-12000,0,0,0,11000,23000,-12000,-12000
053397,國泰金中信96購01,0,0,0,0,0,0,0,0,0,-12000,0,0,0,10000,22000,-12000,-12000
053205,台光電麥證96購01,0,0,0,75000,87000,-12000,0,0,0,-12000,0,0,0,75000,87000,-12000,-12000
054309,禾伸堂凱基98購01,0,0,0,0,0,0,0,0,0,-12000,0,0,0,35000,47000,-12000,-12000
054008,大立光元富96購06,0,0,0,0,0,0,0,0,0,-12000,0,0,0,0,12000,-12000,-12000
055015,帆宣元富97購01  ,0,0,0,0,0,0,0,0,0,-12000,0,0,0,0,12000,-12000,-12000
054802,高股息元大97購01,0,0,0,0,0,0,0,0,0,-12000,0,0,0,5000,17000,-12000,-12000
054576,健策元大98購03  ,0,0,0,0,0,0,0,0,0,-12000,0,0,0,173000,185000,-12000,-12000
054527,國巨統一97購03  ,0,0,0,0,0,0,0,0,0,-12000,0,0,0,0,12000,-12000,-12000
054433,南亞科台新96購02,0,0,0,0,0,0,0,0,0,-12000,0,0,0,0,12000,-12000,-12000
3059,華晶科          ,82000,95000,-13000,0,0,0,0,0,0,1000,1000,0,1000,0,0,0,-12000
06072P,牧德永豐97售01  ,0,0,0,0,0,0,0,0,0,-12000,0,0,0,8000,20000,-12000,-12000
06165P,臺股指凱基9A售03,0,0,0,0,0,0,0,0,0,-12000,0,0,0,2000,14000,-12000,-12000
1108,幸福            ,1000,13000,-12000,0,0,0,0,0,0,0,0,0,0,0,0,0,-12000
5525,順天            ,3000,15000,-12000,0,0,0,0,0,0,0,0,0,0,0,0,0,-12000
6605,帝寶            ,2000,14000,-12000,0,0,0,0,0,0,0,0,0,0,0,0,0,-12000
6243,迅杰            ,0,12000,-12000,0,0,0,0,0,0,0,0,0,0,0,0,0,-12000
055307,瑞昱群益97購02  ,0,0,0,0,0,0,0,0,0,-13000,0,0,0,89000,102000,-13000,-13000
055285,華新科元大99購03,0,0,0,0,0,0,0,0,0,-13000,0,0,0,104000,117000,-13000,-13000
055290,玉晶光元大98購08,0,0,0,0,0,0,0,0,0,-13000,0,0,0,0,13000,-13000,-13000
05526P,茂林群益96售03  ,0,0,0,0,0,0,0,0,0,-13000,0,0,0,11000,24000,-13000,-13000
055487,國巨元大98購07  ,0,0,0,0,0,0,0,0,0,-13000,0,0,0,111000,124000,-13000,-13000
055460,華擎永豐97購01  ,0,0,0,0,0,0,0,0,0,-13000,0,0,0,77000,90000,-13000,-13000
055696,華新科國票98購01,0,0,0,0,0,0,0,0,0,-13000,0,0,0,88000,101000,-13000,-13000
056223,華邦電凱基97購04,0,0,0,0,0,0,0,0,0,-13000,0,0,0,0,13000,-13000,-13000
056014,上銀群益97購02  ,0,0,0,0,0,0,0,0,0,-13000,0,0,0,12000,25000,-13000,-13000
057347,國巨統一9A購03  ,0,0,0,0,0,0,0,0,0,-13000,0,0,0,0,13000,-13000,-13000
057224,和碩日盛9A購01  ,0,0,0,0,0,0,0,0,0,-13000,0,0,0,0,13000,-13000,-13000
057192,力成元大98購01  ,0,0,0,0,0,0,0,0,0,-13000,0,0,0,50000,63000,-13000,-13000
05866P,致伸元大96售01  ,0,0,0,0,0,0,0,0,0,-13000,0,0,0,56000,69000,-13000,-13000
057151,易華電國票99購01,0,0,0,0,0,0,0,0,0,-13000,0,0,0,5000,18000,-13000,-13000
05665P,台積電凱基96售08,0,0,0,0,0,0,0,0,0,-13000,0,0,0,50000,63000,-13000,-13000
056611,國巨永豐98購03  ,0,0,0,0,0,0,0,0,0,-13000,0,0,0,5000,18000,-13000,-13000
047822,臺股指凱基93購16,0,0,0,0,0,0,0,0,0,-13000,0,0,0,11000,24000,-13000,-13000
04770P,鴻海元大94售09  ,0,0,0,0,0,0,0,0,0,-13000,0,0,0,20000,33000,-13000,-13000
051103,緯穎元大96購03  ,0,0,0,0,0,0,0,0,0,-13000,0,0,0,12000,25000,-13000,-13000
051149,可成凱基95購04  ,0,0,0,0,0,0,0,0,0,-13000,0,0,0,10000,23000,-13000,-13000
046785,禾伸堂永豐93購01,0,0,0,0,0,0,0,0,0,-13000,0,0,0,13000,26000,-13000,-13000
04380P,欣興元大94售02  ,0,0,0,0,0,0,0,0,0,-13000,0,0,0,45000,58000,-13000,-13000
04742P,瑞昱統一94售01  ,0,0,0,0,0,0,0,0,0,-13000,0,0,0,47000,60000,-13000,-13000
050351,華新科群益95購02,0,0,0,0,0,0,0,0,0,-13000,0,0,0,17000,30000,-13000,-13000
050386,智伸科國票94購01,0,0,0,0,0,0,0,0,0,-13000,0,0,0,9000,22000,-13000,-13000
051958,貿聯台新95購01  ,0,0,0,0,0,0,0,0,0,-13000,0,0,0,300000,313000,-13000,-13000
052800,國巨元大96購05  ,0,0,0,0,0,0,0,0,0,-13000,0,0,0,0,13000,-13000,-13000
04871P,力成元富94售02  ,0,0,0,0,0,0,0,0,0,-13000,0,0,0,1000,14000,-13000,-13000
050715,台積電群益96購01,0,0,0,0,0,0,0,0,0,-13000,0,0,0,195000,208000,-13000,-13000
049956,國巨統一94購05  ,0,0,0,0,0,0,0,0,0,-13000,0,0,0,0,13000,-13000,-13000
053182,大立光元富96購02,0,0,0,0,0,0,0,0,0,-13000,0,0,0,0,13000,-13000,-13000
053489,上銀兆豐97購01  ,0,0,0,0,0,0,0,0,0,-13000,0,0,0,10000,23000,-13000,-13000
053671,可成統一96購03  ,0,0,0,0,0,0,0,0,0,-13000,0,0,0,0,13000,-13000,-13000
052633,國巨凱基96購05  ,0,0,0,0,0,0,0,0,0,-13000,0,0,0,171000,184000,-13000,-13000
4552,力達-KY         ,10000,23000,-13000,0,0,0,0,0,0,0,0,0,0,0,0,0,-13000
06149P,台積電元大97售18,0,0,0,0,0,0,0,0,0,-13000,0,0,0,477000,490000,-13000,-13000
06257P,臺股指群益97售10,0,0,0,0,0,0,0,0,0,-13000,0,0,0,0,13000,-13000,-13000
06278P,臺股指凱基97售10,0,0,0,0,0,0,0,0,0,-13000,0,0,0,0,13000,-13000,-13000
3209,全科            ,22000,36000,-14000,0,0,0,0,0,0,1000,1000,0,1000,0,0,0,-13000
2476,鉅祥            ,3000,16000,-13000,0,0,0,0,0,0,0,0,0,0,0,0,0,-13000
05656P,台表科統一96售01,0,0,0,0,0,0,0,0,0,-14000,0,0,0,82000,96000,-14000,-14000
056409,麗豐國票99購01  ,0,0,0,0,0,0,0,0,0,-14000,0,0,0,18000,32000,-14000,-14000
057023,美律凱基99購02  ,0,0,0,0,0,0,0,0,0,-14000,0,0,0,7000,21000,-14000,-14000
057083,立積統一98購01  ,0,0,0,0,0,0,0,0,0,-14000,0,0,0,43000,57000,-14000,-14000
057009,信邦中信99購01  ,0,0,0,0,0,0,0,0,0,-14000,0,0,0,110000,124000,-14000,-14000
05800P,台積電兆豐96售04,0,0,0,0,0,0,0,0,0,-14000,0,0,0,26000,40000,-14000,-14000
057217,奇力新群益99購01,0,0,0,0,0,0,0,0,0,-14000,0,0,0,190000,204000,-14000,-14000
05741P,聯發科元大96售14,0,0,0,0,0,0,0,0,0,-14000,0,0,0,351000,365000,-14000,-14000
055675,亞德客凱基97購02,0,0,0,0,0,0,0,0,0,-14000,0,0,0,0,14000,-14000,-14000
055367,台積電元大97購23,0,0,0,0,0,0,0,0,0,-14000,0,0,0,0,14000,-14000,-14000
055358,臻鼎凱基97購01  ,0,0,0,0,0,0,0,0,0,-14000,0,0,0,0,14000,-14000,-14000
03904P,啟碁統一93售01  ,0,0,0,0,0,0,0,0,0,-14000,0,0,0,0,14000,-14000,-14000
045733,瑞昱國票93購01  ,0,0,0,0,0,0,0,0,0,-14000,0,0,0,0,14000,-14000,-14000
04841P,群創元大94售04  ,0,0,0,0,0,0,0,0,0,-14000,0,0,0,0,14000,-14000,-14000
049873,華新科台新94購02,0,0,0,0,0,0,0,0,0,-14000,0,0,0,0,14000,-14000,-14000
050040,鴻海中信94購04  ,0,0,0,0,0,0,0,0,0,-14000,0,0,0,34000,48000,-14000,-14000
051686,宏達電凱基95購04,0,0,0,0,0,0,0,0,0,-14000,0,0,0,46000,60000,-14000,-14000
051760,奇力新元大95購04,0,0,0,0,0,0,0,0,0,-14000,0,0,0,0,14000,-14000,-14000
052666,瑞昱群益96購01  ,0,0,0,0,0,0,0,0,0,-14000,0,0,0,57000,71000,-14000,-14000
052830,台光電群益96購01,0,0,0,0,0,0,0,0,0,-14000,0,0,0,252000,266000,-14000,-14000
052393,康友群益95購05  ,0,0,0,0,0,0,0,0,0,-14000,0,0,0,37000,51000,-14000,-14000
052422,聯電國票96購03  ,0,0,0,0,0,0,0,0,0,-14000,0,0,0,0,14000,-14000,-14000
053174,同欣電群益98購02,0,0,0,0,0,0,0,0,0,-14000,0,0,0,52000,66000,-14000,-14000
053264,南亞科群益96購01,0,0,0,0,0,0,0,0,0,-14000,0,0,0,120000,134000,-14000,-14000
053265,南亞科群益96購02,0,0,0,0,0,0,0,0,0,-14000,0,0,0,140000,154000,-14000,-14000
053270,台塑元大96購01  ,0,0,0,0,0,0,0,0,0,-14000,0,0,0,68000,82000,-14000,-14000
054570,易華電群益98購01,0,0,0,0,0,0,0,0,0,-14000,0,0,0,0,14000,-14000,-14000
054981,國巨元富97購02  ,0,0,0,0,0,0,0,0,0,-14000,0,0,0,163000,177000,-14000,-14000
053978,創意元大96購05  ,0,0,0,0,0,0,0,0,0,-14000,0,0,0,186000,200000,-14000,-14000
053743,康控國票97購02  ,0,0,0,0,0,0,0,0,0,-14000,0,0,0,10000,24000,-14000,-14000
3266,昇陽            ,5000,19000,-14000,0,0,0,0,0,0,0,0,0,0,0,0,0,-14000
06177P,玉晶光元大98售07,0,0,0,0,0,0,0,0,0,-14000,0,0,0,11000,25000,-14000,-14000
1215,卜蜂            ,132000,148000,-16000,0,0,0,0,0,0,2000,4000,0,4000,0,2000,-2000,-14000
06674P,祥碩群益98售02  ,0,0,0,0,0,0,0,0,0,-14000,0,0,0,0,14000,-14000,-14000
06521P,矽力元大98售01  ,0,0,0,0,0,0,0,0,0,-14000,0,0,0,0,14000,-14000,-14000
06545P,致茂元大98售01  ,0,0,0,0,0,0,0,0,0,-14000,0,0,0,28000,42000,-14000,-14000
06597P,國巨富邦9A售05  ,0,0,0,0,0,0,0,0,0,-14000,0,0,0,16000,30000,-14000,-14000
055366,國巨元大98購05  ,0,0,0,0,0,0,0,0,0,-15000,0,0,0,91000,106000,-15000,-15000
055342,鴻海凱基97購04  ,0,0,0,0,0,0,0,0,0,-15000,0,0,0,14000,29000,-15000,-15000
055595,宏達電元大98購02,0,0,0,0,0,0,0,0,0,-15000,0,0,0,2000,17000,-15000,-15000
055602,康控元大97購03  ,0,0,0,0,0,0,0,0,0,-15000,0,0,0,288000,303000,-15000,-15000
055248,可成統一97購02  ,0,0,0,0,0,0,0,0,0,-15000,0,0,0,44000,59000,-15000,-15000
055648,可成元富97購01  ,0,0,0,0,0,0,0,0,0,-15000,0,0,0,15000,30000,-15000,-15000
055757,大成鋼群益99購01,0,0,0,0,0,0,0,0,0,-15000,0,0,0,6000,21000,-15000,-15000
056076,超眾元大97購05  ,0,0,0,0,0,0,0,0,0,-15000,0,0,0,43000,58000,-15000,-15000
057362,元油2X元大98購12,0,0,0,0,0,0,0,0,0,-15000,0,0,0,0,15000,-15000,-15000
057280,大立光元大98購15,0,0,0,0,0,0,0,0,0,-15000,0,0,0,0,15000,-15000,-15000
057180,華新科元大99購08,0,0,0,0,0,0,0,0,0,-15000,0,0,0,1000,16000,-15000,-15000
05775P,台積電國泰98售02,0,0,0,0,0,0,0,0,0,-15000,0,0,0,4000,19000,-15000,-15000
05698P,群創凱基96售01  ,0,0,0,0,0,0,0,0,0,-15000,0,0,0,500000,515000,-15000,-15000
056581,超眾元大99購01  ,0,0,0,0,0,0,0,0,0,-15000,0,0,0,0,15000,-15000,-15000
056633,鴻海永昌98購02  ,0,0,0,0,0,0,0,0,0,-15000,0,0,0,16000,31000,-15000,-15000
056759,元油2X元大98購05,0,0,0,0,0,0,0,0,0,-15000,0,0,0,0,15000,-15000,-15000
046219,T50反1元大93購03,0,0,0,0,0,0,0,0,0,-15000,0,0,0,0,15000,-15000,-15000
046826,統一群益94購01  ,0,0,0,0,0,0,0,0,0,-15000,0,0,0,0,15000,-15000,-15000
046448,亞德客凱基92購03,0,0,0,0,0,0,0,0,0,-15000,0,0,0,0,15000,-15000,-15000
04856P,光磊元富94售01  ,0,0,0,0,0,0,0,0,0,-15000,0,0,0,0,15000,-15000,-15000
051173,元油2X凱基98購01,0,0,0,0,0,0,0,0,0,-15000,0,0,0,0,15000,-15000,-15000
051178,大立光凱基95購10,0,0,0,0,0,0,0,0,0,-15000,0,0,0,20000,35000,-15000,-15000
051203,微星麥證95購01  ,0,0,0,0,15000,-15000,0,0,0,-15000,0,0,0,0,15000,-15000,-15000
049049,玉晶光康和94購02,0,0,0,0,0,0,0,0,0,-15000,0,0,0,0,15000,-15000,-15000
051422,超眾國票96購01  ,0,0,0,0,0,0,0,0,0,-15000,0,0,0,8000,23000,-15000,-15000
048186,元黃金元大96購01,0,0,0,0,0,0,0,0,0,-15000,0,0,0,0,15000,-15000,-15000
048072,GIS元富93購05   ,0,0,0,0,0,0,0,0,0,-15000,0,0,0,0,15000,-15000,-15000
048121,亞德客元大93購05,0,0,0,0,0,0,0,0,0,-15000,0,0,0,0,15000,-15000,-15000
036628,統一台新99購01  ,0,0,0,0,0,0,0,0,0,-15000,0,0,0,0,15000,-15000,-15000
03908P,致茂元大93售03  ,0,0,0,0,0,0,0,0,0,-15000,0,0,0,0,15000,-15000,-15000
04730P,臺股指中信96售02,0,0,0,0,0,0,0,0,0,-15000,0,0,0,0,15000,-15000,-15000
048316,可成凱基93購15  ,0,0,0,0,0,0,0,0,0,-15000,0,0,0,15000,30000,-15000,-15000
043916,群創凱基93購01  ,0,0,0,0,0,0,0,0,0,-15000,0,0,0,77000,92000,-15000,-15000
051799,台積電永豐96購01,0,0,0,0,0,0,0,0,0,-15000,0,0,0,0,15000,-15000,-15000
051814,鈺齊凱基95購01  ,0,0,0,0,0,0,0,0,0,-15000,0,0,0,0,15000,-15000,-15000
051678,鈺齊元大95購02  ,0,0,0,0,0,0,0,0,0,-15000,0,0,0,0,15000,-15000,-15000
04896P,上証2X中信95售01,0,0,0,0,0,0,0,0,0,-15000,0,0,0,0,15000,-15000,-15000
050963,強茂永豐95購01  ,0,0,0,0,0,0,0,0,0,-15000,0,0,0,0,15000,-15000,-15000
049126,玉晶光元富94購02,0,0,0,0,0,0,0,0,0,-15000,0,0,0,5000,20000,-15000,-15000
04912P,可成元富94售06  ,0,0,0,0,0,0,0,0,0,-15000,0,0,0,10000,25000,-15000,-15000
049966,旺宏國票95購02  ,0,0,0,0,0,0,0,0,0,-15000,0,0,0,40000,55000,-15000,-15000
050917,瀚宇博兆豐96購01,0,0,0,0,0,0,0,0,0,-15000,0,0,0,0,15000,-15000,-15000
050376,百和元大95購01  ,0,0,0,0,0,0,0,0,0,-15000,0,0,0,15000,30000,-15000,-15000
050445,鴻海元大94購21  ,0,0,0,0,0,0,0,0,0,-15000,0,0,0,1038000,1053000,-15000,-15000
051467,GIS富邦96購01   ,0,0,0,0,0,0,0,0,0,-15000,0,0,0,145000,160000,-15000,-15000
049834,康控凱基94購01  ,0,0,0,0,0,0,0,0,0,-15000,0,0,0,0,15000,-15000,-15000
049653,緯穎凱基94購03  ,0,0,0,0,0,0,0,0,0,-15000,0,0,0,0,15000,-15000,-15000
05013P,台積電元大96售05,0,0,0,0,0,0,0,0,0,-15000,0,0,0,30000,45000,-15000,-15000
050128,旺宏凱基94購04  ,0,0,0,0,0,0,0,0,0,-15000,0,0,0,13000,28000,-15000,-15000
050149,東元群益94購01  ,0,0,0,0,0,0,0,0,0,-15000,0,0,0,102000,117000,-15000,-15000
053984,康友元大96購05  ,0,0,0,0,0,0,0,0,0,-15000,0,0,0,62000,77000,-15000,-15000
054888,泰碩統一97購01  ,0,0,0,0,0,0,0,0,0,-15000,0,0,0,0,15000,-15000,-15000
054799,超眾群益98購01  ,0,0,0,0,0,0,0,0,0,-15000,0,0,0,25000,40000,-15000,-15000
054518,亞光元大97購01  ,0,0,0,0,0,0,0,0,0,-15000,0,0,0,0,15000,-15000,-15000
053552,華新科凱基96購08,0,0,0,0,0,0,0,0,0,-15000,0,0,0,28000,43000,-15000,-15000
053506,南茂兆豐97購01  ,0,0,0,0,0,0,0,0,0,-15000,0,0,0,0,15000,-15000,-15000
053452,臺股指凱基97購01,0,0,0,0,0,0,0,0,0,-15000,0,0,0,21000,36000,-15000,-15000
052567,台積電凱基96購05,0,0,0,0,0,0,0,0,0,-15000,0,0,0,0,15000,-15000,-15000
052581,訊芯元富98購01  ,0,0,0,0,0,0,0,0,0,-15000,0,0,0,40000,55000,-15000,-15000
052598,滬深2X元大96購05,0,0,0,0,0,0,0,0,0,-15000,0,0,0,0,15000,-15000,-15000
052355,為升永豐95購02  ,0,0,0,0,0,0,0,0,0,-15000,0,0,0,30000,45000,-15000,-15000
052905,潤泰全國票97購01,0,0,0,0,0,0,0,0,0,-15000,0,0,0,0,15000,-15000,-15000
05295P,緯創凱基95售01  ,0,0,0,0,0,0,0,0,0,-15000,0,0,0,0,15000,-15000,-15000
052969,建準群益97購01  ,0,0,0,0,0,0,0,0,0,-15000,0,0,0,0,15000,-15000,-15000
06535P,可成群益99售02  ,0,0,0,0,0,0,0,0,0,-15000,0,0,0,45000,60000,-15000,-15000
08703P,華碩凱基01售02  ,0,0,0,0,0,0,0,0,0,-15000,0,0,0,185000,200000,-15000,-15000
06205P,台積電群益97售03,0,0,0,0,0,0,0,0,0,-15000,0,0,0,56000,71000,-15000,-15000
3015,全漢            ,4000,19000,-15000,0,0,0,0,0,0,0,0,0,0,0,0,0,-15000
2369,菱生            ,138000,153000,-15000,0,0,0,0,0,0,0,0,0,0,0,0,0,-15000
1338,廣華-KY         ,6000,21000,-15000,0,0,0,0,0,0,0,0,0,0,0,0,0,-15000
1531,高林股          ,0,15000,-15000,0,0,0,0,0,0,0,0,0,0,0,0,0,-15000
4526,東台            ,1000,16000,-15000,0,0,0,0,0,0,0,0,0,0,0,0,0,-15000
6206,飛捷            ,74000,89000,-15000,0,0,0,0,0,0,0,0,0,0,0,0,0,-15000
9925,新保            ,2000,17000,-15000,0,0,0,0,0,0,0,0,0,0,0,0,0,-15000
2820,華票            ,133000,149299,-16299,0,0,0,0,0,0,1000,1000,0,1000,0,0,0,-15299
056648,牧德凱基99購02  ,0,0,0,0,0,0,0,0,0,-16000,0,0,0,0,16000,-16000,-16000
05667P,旺宏台新96售01  ,0,0,0,0,0,0,0,0,0,-16000,0,0,0,0,16000,-16000,-16000
056366,玉晶光元大99購04,0,0,0,0,0,0,0,0,0,-16000,0,0,0,0,16000,-16000,-16000
056906,玉晶光元大9B購01,0,0,0,0,0,0,0,0,0,-16000,0,0,0,10000,26000,-16000,-16000
056863,義隆群益98購01  ,0,0,0,0,0,0,0,0,0,-16000,0,0,0,0,16000,-16000,-16000
05753P,臺股指中信99售02,0,0,0,0,0,0,0,0,0,-16000,0,0,0,0,16000,-16000,-16000
057211,鴻海群益98購05  ,0,0,0,0,0,0,0,0,0,-16000,0,0,0,18000,34000,-16000,-16000
057284,新日興元大98購03,0,0,0,0,0,0,0,0,0,-16000,0,0,0,62000,78000,-16000,-16000
057295,可成永豐98購02  ,0,0,0,0,0,0,0,0,0,-16000,0,0,0,0,16000,-16000,-16000
055794,聯發科國泰99購01,0,0,0,0,0,0,0,0,0,-16000,0,0,0,0,16000,-16000,-16000
055230,大毅國票98購01  ,0,0,0,0,0,0,0,0,0,-16000,0,0,0,53000,69000,-16000,-16000
04314P,聯茂元富93售01  ,0,0,0,0,0,0,0,0,0,-16000,0,0,0,0,16000,-16000,-16000
047072,義隆兆豐94購01  ,0,0,0,0,0,0,0,0,0,-16000,0,0,0,5000,21000,-16000,-16000
050915,健策中信98購01  ,0,0,0,0,0,0,0,0,0,-16000,0,0,0,20000,36000,-16000,-16000
048611,宏達電凱基93購04,0,0,0,0,0,0,0,0,0,-16000,0,0,0,48000,64000,-16000,-16000
052051,京鼎凱基95購01  ,0,0,0,0,0,0,0,0,0,-16000,0,0,0,30000,46000,-16000,-16000
051723,嘉澤永豐95購01  ,0,0,0,0,0,0,0,0,0,-16000,0,0,0,68000,84000,-16000,-16000
048697,華新科國票94購06,0,0,0,0,0,0,0,0,0,-16000,0,0,0,1000,17000,-16000,-16000
049250,華通元大95購04  ,0,0,0,0,0,0,0,0,0,-16000,0,0,0,51000,67000,-16000,-16000
052984,漢唐元大96購01  ,0,0,0,0,0,0,0,0,0,-16000,0,0,0,0,16000,-16000,-16000
05288P,寶成元富95售02  ,0,0,0,0,0,0,0,0,0,-16000,0,0,0,0,16000,-16000,-16000
053509,華新群益98購01  ,0,0,0,0,0,0,0,0,0,-16000,0,0,0,1000,17000,-16000,-16000
054471,T50反1中信9C購01,0,0,0,0,0,0,0,0,0,-16000,0,0,0,0,16000,-16000,-16000
054678,麗豐台新98購02  ,0,0,0,0,0,0,0,0,0,-16000,0,0,0,4000,20000,-16000,-16000
054910,信錦凱基97購01  ,0,0,0,0,0,0,0,0,0,-16000,0,0,0,0,16000,-16000,-16000
054333,茂林永豐96購03  ,0,0,0,0,0,0,0,0,0,-16000,0,0,0,30000,46000,-16000,-16000
054209,台積電國票97購08,0,0,0,0,0,0,0,0,0,-16000,0,0,0,92000,108000,-16000,-16000
2488,漢平            ,7000,24000,-17000,0,0,0,0,0,0,1000,1000,0,1000,0,0,0,-16000
1810,和成            ,0,16000,-16000,0,0,0,0,0,0,0,0,0,0,0,0,0,-16000
05996P,華新科群益96售03,0,0,0,0,0,0,0,0,0,-16000,0,0,0,11000,27000,-16000,-16000
06614P,祥碩永豐98售03  ,0,0,0,0,0,0,0,0,0,-16000,0,0,0,0,16000,-16000,-16000
9927,泰銘            ,5000,21000,-16000,0,0,0,0,0,0,0,0,0,0,0,0,0,-16000
4916,事欣科          ,24000,40000,-16000,0,0,0,0,0,0,0,0,0,0,0,0,0,-16000
055609,旺宏國票99購01  ,0,0,0,0,0,0,0,0,0,-17000,0,0,0,2000,19000,-17000,-17000
056219,T50反1日盛02購01,0,0,0,0,0,0,0,0,0,-17000,0,0,0,0,17000,-17000,-17000
056884,元油2X元大99購02,0,0,0,0,0,0,0,0,0,-17000,0,0,0,0,17000,-17000,-17000
057000,亞德客國票99購01,0,0,0,0,0,0,0,0,0,-17000,0,0,0,0,17000,-17000,-17000
056333,台積電日盛9B購01,0,0,0,0,0,0,0,0,0,-17000,0,0,0,138000,155000,-17000,-17000
056445,聯發科凱基98購07,0,0,0,0,0,0,0,0,0,-17000,0,0,0,5000,22000,-17000,-17000
056474,華新科元大99購05,0,0,0,0,0,0,0,0,0,-17000,0,0,0,20000,37000,-17000,-17000
046968,台積電群益94購03,0,0,0,0,0,0,0,0,0,-17000,0,0,0,10000,27000,-17000,-17000
048429,旺宏國票94購02  ,0,0,0,0,0,0,0,0,0,-17000,0,0,0,431000,448000,-17000,-17000
04353P,全新永豐94售01  ,0,0,0,0,0,0,0,0,0,-17000,0,0,0,0,17000,-17000,-17000
044364,超眾中信94購01  ,0,0,0,0,0,0,0,0,0,-17000,0,0,0,63000,80000,-17000,-17000
044003,聯發科兆豐93購01,0,0,0,0,0,0,0,0,0,-17000,0,0,0,117000,134000,-17000,-17000
00662,富邦NASDAQ      ,0,0,0,0,0,0,0,0,0,-17000,0,0,0,11000,28000,-17000,-17000
049247,光寶科元大94購02,0,0,0,0,0,0,0,0,0,-17000,0,0,0,2000,19000,-17000,-17000
049093,昇陽半凱基94購01,0,0,0,0,0,0,0,0,0,-17000,0,0,0,42000,59000,-17000,-17000
049680,臺股指國票94購13,0,0,0,0,0,0,0,0,0,-17000,0,0,0,0,17000,-17000,-17000
050486,可成元富94購05  ,0,0,0,0,0,0,0,0,0,-17000,0,0,0,28000,45000,-17000,-17000
050850,訊連國票96購01  ,0,0,0,0,0,0,0,0,0,-17000,0,0,0,41000,58000,-17000,-17000
054285,國巨元大98購02  ,0,0,0,0,0,0,0,0,0,-17000,0,0,0,67000,84000,-17000,-17000
054846,瑞昱兆豐97購01  ,0,0,0,0,0,0,0,0,0,-17000,0,0,0,30000,47000,-17000,-17000
054467,隆達凱基97購01  ,0,0,0,0,0,0,0,0,0,-17000,0,0,0,0,17000,-17000,-17000
053199,旺宏日盛96購01  ,0,0,0,0,0,0,0,0,0,-17000,0,0,0,18000,35000,-17000,-17000
05310P,智原永豐95售04  ,0,0,0,0,0,0,0,0,0,-17000,0,0,0,10000,27000,-17000,-17000
053018,旺宏元富96購02  ,0,0,0,0,0,0,0,0,0,-17000,0,0,0,12000,29000,-17000,-17000
052707,景碩台新96購01  ,0,0,0,0,0,0,0,0,0,-17000,0,0,0,53000,70000,-17000,-17000
052684,旺宏元大98購01  ,0,0,0,0,0,0,0,0,0,-17000,0,0,0,73000,90000,-17000,-17000
05259P,臺股指凱基96售12,0,0,0,0,0,0,0,0,0,-17000,0,0,0,35000,52000,-17000,-17000
06064P,台積電台新98售01,0,0,0,0,0,0,0,0,0,-17000,0,0,0,130000,147000,-17000,-17000
06136P,華新科國泰99售02,0,0,0,0,0,0,0,0,0,-17000,0,0,0,343000,360000,-17000,-17000
1806,冠軍            ,2000,19000,-17000,0,0,0,0,0,0,0,0,0,0,0,0,0,-17000
2233,宇隆            ,4000,21000,-17000,0,0,0,0,0,0,0,0,0,0,0,0,0,-17000
1614,三洋電          ,1000,18000,-17000,0,0,0,0,0,0,0,0,0,0,0,0,0,-17000
1711,永光            ,82000,99000,-17000,0,0,0,0,0,0,0,0,0,0,0,0,0,-17000
2923,鼎固-KY         ,0,17000,-17000,0,0,0,0,0,0,0,0,0,0,0,0,0,-17000
3607,谷崧            ,12000,29000,-17000,0,0,0,0,0,0,0,0,0,0,0,0,0,-17000
4104,佳醫            ,1000,18000,-17000,0,0,0,0,0,0,0,0,0,0,0,0,0,-17000
056493,晶技國泰99購01  ,0,0,0,0,0,0,0,0,0,-18000,0,0,0,230000,248000,-18000,-18000
056519,創意國票99購01  ,0,0,0,0,0,0,0,0,0,-18000,0,0,0,0,18000,-18000,-18000
056762,亞德客元大98購01,0,0,0,0,0,0,0,0,0,-18000,0,0,0,34000,52000,-18000,-18000
056689,玉晶光統一9A購03,0,0,0,0,0,0,0,0,0,-18000,0,0,0,0,18000,-18000,-18000
056818,正崴永豐98購01  ,0,0,0,0,0,0,0,0,0,-18000,0,0,0,9000,27000,-18000,-18000
057029,緯穎凱基98購04  ,0,0,0,0,0,0,0,0,0,-18000,0,0,0,0,18000,-18000,-18000
057053,立積元大98購02  ,0,0,0,0,0,0,0,0,0,-18000,0,0,0,5000,23000,-18000,-18000
057277,可成元大98購05  ,0,0,0,0,0,0,0,0,0,-18000,0,0,0,0,18000,-18000,-18000
057349,聯發科統一98購04,0,0,0,0,0,0,0,0,0,-18000,0,0,0,0,18000,-18000,-18000
05784P,臺股指元大96售18,0,0,0,0,0,0,0,0,0,-18000,0,0,0,3000,21000,-18000,-18000
05895P,奇力新群益96售03,0,0,0,0,0,0,0,0,0,-18000,0,0,0,22000,40000,-18000,-18000
056201,華新科永豐98購01,0,0,0,0,0,0,0,0,0,-18000,0,0,0,0,18000,-18000,-18000
056161,康控凱基98購02  ,0,0,0,0,0,0,0,0,0,-18000,0,0,0,23000,41000,-18000,-18000
055831,台達電元大97購01,0,0,0,0,0,0,0,0,0,-18000,0,0,0,11000,29000,-18000,-18000
055935,創意群益97購02  ,0,0,0,0,0,0,0,0,0,-18000,0,0,0,76000,94000,-18000,-18000
055908,GIS日盛97購01   ,0,0,0,0,0,0,0,0,0,-18000,0,0,0,164000,182000,-18000,-18000
055026,健和興國泰98購01,0,0,0,0,0,0,0,0,0,-18000,0,0,0,0,18000,-18000,-18000
00852L,國泰美國道瓊正2 ,0,0,0,0,0,0,0,0,0,-18000,160000,15000,145000,155000,318000,-163000,-18000
04003P,麗豐凱基94售03  ,0,0,0,0,0,0,0,0,0,-18000,0,0,0,7000,25000,-18000,-18000
04547P,高鐵元大94售01  ,0,0,0,0,0,0,0,0,0,-18000,0,0,0,0,18000,-18000,-18000
04452P,超眾國泰95售01  ,0,0,0,0,0,0,0,0,0,-18000,0,0,0,0,18000,-18000,-18000
044611,正崴兆豐92購01  ,0,0,0,0,0,0,0,0,0,-18000,0,0,0,0,18000,-18000,-18000
047177,上銀元大93購05  ,0,0,0,0,0,0,0,0,0,-18000,0,0,0,51000,69000,-18000,-18000
046802,聯電元大93購01  ,0,0,0,0,0,0,0,0,0,-18000,0,0,0,2000,20000,-18000,-18000
048218,上銀凱基93購07  ,0,0,0,0,0,0,0,0,0,-18000,0,0,0,3000,21000,-18000,-18000
05110P,上銀統一95售01  ,0,0,0,0,0,0,0,0,0,-18000,0,0,0,0,18000,-18000,-18000
050854,世紀鋼國票97購01,0,0,0,0,0,0,0,0,0,-18000,0,0,0,60000,78000,-18000,-18000
050477,矽力永豐94購01  ,0,0,0,0,0,0,0,0,0,-18000,0,0,0,30000,48000,-18000,-18000
049486,旺宏元大94購08  ,0,0,0,0,0,0,0,0,0,-18000,0,0,0,7000,25000,-18000,-18000
05204P,TPK元大95售03   ,0,0,0,0,0,0,0,0,0,-18000,0,0,0,2000,20000,-18000,-18000
052099,臺股指富邦95購02,0,0,0,0,0,0,0,0,0,-18000,0,0,0,0,18000,-18000,-18000
051981,南茂凱基96購01  ,0,0,0,0,0,0,0,0,0,-18000,0,0,0,0,18000,-18000,-18000
051257,光寶科國泰96購01,0,0,0,0,0,0,0,0,0,-18000,0,0,0,2000,20000,-18000,-18000
05161P,華新科國票96售01,0,0,0,0,0,0,0,0,0,-18000,0,0,0,10000,28000,-18000,-18000
049003,智邦中信95購01  ,0,0,0,0,0,0,0,0,0,-18000,0,0,0,30000,48000,-18000,-18000
049022,聯詠群益94購01  ,0,0,0,0,0,0,0,0,0,-18000,0,0,0,22000,40000,-18000,-18000
049587,美律元大95購01  ,0,0,0,0,0,0,0,0,0,-18000,0,0,0,92000,110000,-18000,-18000
051826,智邦元大95購03  ,0,0,0,0,0,0,0,0,0,-18000,0,0,0,100000,118000,-18000,-18000
053071,南電群益96購01  ,0,0,0,0,0,0,0,0,0,-18000,0,0,0,162000,180000,-18000,-18000
054416,禾伸堂元大97購01,0,0,0,0,0,0,0,0,0,-18000,0,0,0,0,18000,-18000,-18000
054702,智邦第一97購01  ,0,0,0,0,0,0,0,0,0,-18000,0,0,0,50000,68000,-18000,-18000
054352,世芯國泰98購01  ,0,0,0,0,0,0,0,0,0,-18000,0,0,0,7000,25000,-18000,-18000
053786,新日興元大96購02,0,0,0,0,0,0,0,0,0,-18000,0,0,0,12000,30000,-18000,-18000
2597,潤弘            ,2000,5000,-3000,0,0,0,0,0,0,-15000,0,15000,-15000,0,0,0,-18000
05943P,欣興凱基96售03  ,0,0,0,0,0,0,0,0,0,-18000,0,0,0,110000,128000,-18000,-18000
4536,拓凱            ,11000,29000,-18000,0,0,0,0,0,0,0,0,0,0,0,0,0,-18000
5283,禾聯碩          ,5000,21000,-16000,0,0,0,0,0,0,-2000,0,0,0,0,2000,-2000,-18000
055551,致茂凱基98購01  ,0,0,0,0,0,0,0,0,0,-19000,0,0,0,158000,177000,-19000,-19000
055465,和大凱基97購03  ,0,0,0,0,0,0,0,0,0,-19000,0,0,0,2000,21000,-19000,-19000
057364,國巨元大98購18  ,0,0,0,0,0,0,0,0,0,-19000,0,0,0,200000,219000,-19000,-19000
05705P,上証2X永豐96售03,0,0,0,0,0,0,0,0,0,-19000,0,0,0,30000,49000,-19000,-19000
057128,台光電凱基98購03,0,0,0,0,0,0,0,0,0,-19000,0,0,0,3000,22000,-19000,-19000
056998,麗豐康和98購01  ,0,0,0,0,0,0,0,0,0,-19000,0,0,0,0,19000,-19000,-19000
056915,上銀兆豐99購01  ,0,0,0,0,0,0,0,0,0,-19000,0,0,0,136000,155000,-19000,-19000
056669,貿聯國票99購01  ,0,0,0,0,0,0,0,0,0,-19000,0,0,0,20000,39000,-19000,-19000
056561,台光電群益98購02,0,0,0,0,0,0,0,0,0,-19000,0,0,0,79000,98000,-19000,-19000
051088,台積電元大95購09,0,0,0,0,0,0,0,0,0,-19000,0,0,0,107000,126000,-19000,-19000
048063,聯發科統一93購03,0,0,0,0,0,0,0,0,0,-19000,0,0,0,0,19000,-19000,-19000
04535P,華新統一94售01  ,0,0,0,0,0,0,0,0,0,-19000,0,0,0,1000,20000,-19000,-19000
041452,滬深2X元富93購01,0,0,0,0,0,0,0,0,0,-19000,0,0,0,130000,149000,-19000,-19000
051788,奇力新國票97購02,0,0,0,0,0,0,0,0,0,-19000,0,0,0,18000,37000,-19000,-19000
048828,禾伸堂凱基94購02,0,0,0,0,0,0,0,0,0,-19000,0,0,0,10000,29000,-19000,-19000
049613,華通中信94購01  ,0,0,0,0,0,0,0,0,0,-19000,0,0,0,6000,25000,-19000,-19000
049283,滬深2X中信95購10,0,0,0,0,0,0,0,0,0,-19000,0,0,0,2000,21000,-19000,-19000
049888,智邦國泰96購01  ,0,0,0,0,0,0,0,0,0,-19000,0,0,0,6000,25000,-19000,-19000
050649,華新科凱基96購01,0,0,0,0,0,0,0,0,0,-19000,0,0,0,70000,89000,-19000,-19000
050175,台光電元大94購08,0,0,0,0,0,0,0,0,0,-19000,0,0,0,3000,22000,-19000,-19000
053979,健策元大98購01  ,0,0,0,0,0,0,0,0,0,-19000,0,0,0,140000,159000,-19000,-19000
054053,聯茂元大96購01  ,0,0,0,0,0,0,0,0,0,-19000,0,0,0,100000,119000,-19000,-19000
05391P,鴻海統一95售12  ,0,0,0,0,0,0,0,0,0,-19000,0,0,0,26000,45000,-19000,-19000
054615,牧德永豐98購01  ,0,0,0,0,0,0,0,0,0,-19000,0,0,0,1000,20000,-19000,-19000
054410,國巨元大96購14  ,0,0,0,0,0,0,0,0,0,-19000,0,0,0,148000,167000,-19000,-19000
053344,嘉晶國票97購02  ,0,0,0,0,0,0,0,0,0,-19000,0,0,0,20000,39000,-19000,-19000
05345P,臺股指統一95售05,0,0,0,0,0,0,0,0,0,-19000,0,0,0,0,19000,-19000,-19000
052945,嘉晶國票97購01  ,0,0,0,0,0,0,0,0,0,-19000,0,0,0,0,19000,-19000,-19000
6288,聯嘉            ,305000,340000,-35000,0,0,0,0,0,0,16000,17000,1000,16000,0,0,0,-19000
06027P,鴻海台新96售04  ,0,0,0,0,0,0,0,0,0,-19000,0,0,0,0,19000,-19000,-19000
06209P,旺宏統一97售07  ,0,0,0,0,0,0,0,0,0,-19000,0,0,0,73000,92000,-19000,-19000
06414P,矽力凱基97售03  ,0,0,0,0,0,0,0,0,0,-19000,0,0,0,1000,20000,-19000,-19000
2838A,聯邦銀甲特      ,0,0,0,0,0,0,0,0,0,-19000,1000,20000,-19000,0,0,0,-19000
2524,京城            ,11000,30000,-19000,0,0,0,0,0,0,0,0,0,0,0,0,0,-19000
2429,銘旺科          ,25000,44000,-19000,0,0,0,0,0,0,0,0,0,0,0,0,0,-19000
056539,新光金凱基9A購01,0,0,0,0,0,0,0,0,0,-20000,0,0,0,0,20000,-20000,-20000
056342,中工凱基98購01  ,0,0,0,0,0,0,0,0,0,-20000,0,0,0,0,20000,-20000,-20000
056386,TPK國泰99購01   ,0,0,0,0,0,0,0,0,0,-20000,0,0,0,10000,30000,-20000,-20000
056383,上銀國泰99購01  ,0,0,0,0,0,0,0,0,0,-20000,0,0,0,0,20000,-20000,-20000
057121,立積康和98購01  ,0,0,0,0,0,0,0,0,0,-20000,0,0,0,10000,30000,-20000,-20000
057097,致新元富98購01  ,0,0,0,0,0,0,0,0,0,-20000,0,0,0,0,20000,-20000,-20000
057269,鈺齊兆豐98購01  ,0,0,0,0,0,0,0,0,0,-20000,0,0,0,0,20000,-20000,-20000
057253,高股息中信99購02,0,0,0,0,0,0,0,0,0,-20000,0,0,0,0,20000,-20000,-20000
057190,立積元大9A購02  ,0,0,0,0,0,0,0,0,0,-20000,0,0,0,7000,27000,-20000,-20000
05792P,臺股指中信99售07,0,0,0,0,0,0,0,0,0,-20000,0,0,0,0,20000,-20000,-20000
05552P,聯詠群益96售01  ,0,0,0,0,0,0,0,0,0,-20000,0,0,0,0,20000,-20000,-20000
055550,華邦電凱基97購03,0,0,0,0,0,0,0,0,0,-20000,0,0,0,0,20000,-20000,-20000
055418,華通永豐97購01  ,0,0,0,0,0,0,0,0,0,-20000,0,0,0,1000,21000,-20000,-20000
055440,矽力國票98購01  ,0,0,0,0,0,0,0,0,0,-20000,0,0,0,0,20000,-20000,-20000
055035,興勤富邦98購01  ,0,0,0,0,0,0,0,0,0,-20000,0,0,0,0,20000,-20000,-20000
055084,國巨第一97購01  ,0,0,0,0,0,0,0,0,0,-20000,0,0,0,0,20000,-20000,-20000
055068,亞翔永豐97購01  ,0,0,0,0,0,0,0,0,0,-20000,0,0,0,0,20000,-20000,-20000
055168,光罩統一98購01  ,0,0,0,0,0,0,0,0,0,-20000,0,0,0,0,20000,-20000,-20000
055113,大立光凱基98購06,0,0,0,0,0,0,0,0,0,-20000,0,0,0,0,20000,-20000,-20000
055830,上銀元大97購07  ,0,0,0,0,0,0,0,0,0,-20000,0,0,0,1000,21000,-20000,-20000
055792,臺股指凱基97購15,0,0,0,0,0,0,0,0,0,-20000,0,0,0,0,20000,-20000,-20000
055790,南電凱基97購01  ,0,0,0,0,0,0,0,0,0,-20000,0,0,0,20000,40000,-20000,-20000
055640,鴻海元富97購03  ,0,0,0,0,0,0,0,0,0,-20000,0,0,0,0,20000,-20000,-20000
055653,聯詠元富01購02  ,0,0,0,0,0,0,0,0,0,-20000,0,0,0,0,20000,-20000,-20000
055676,亞德客凱基97購03,0,0,0,0,0,0,0,0,0,-20000,0,0,0,63000,83000,-20000,-20000
056141,聯茂元大97購05  ,0,0,0,0,0,0,0,0,0,-20000,0,0,0,12000,32000,-20000,-20000
056231,嘉聯益凱基97購02,0,0,0,0,0,0,0,0,0,-20000,0,0,0,44000,64000,-20000,-20000
03181P,台灣50元大01售40,0,0,0,0,0,0,0,0,0,-20000,0,0,0,0,20000,-20000,-20000
045479,T50反1中信95購01,0,0,0,0,0,0,0,0,0,-20000,0,0,0,0,20000,-20000,-20000
04536P,長榮航統一94售01,0,0,0,0,0,0,0,0,0,-20000,0,0,0,0,20000,-20000,-20000
03428P,台積電元大02售28,0,0,0,0,0,0,0,0,0,-20000,0,0,0,0,20000,-20000,-20000
03597P,玉晶光凱基03售12,0,0,0,0,0,0,0,0,0,-20000,0,0,0,0,20000,-20000,-20000
04571P,華新科國泰95售03,0,0,0,0,0,0,0,0,0,-20000,0,0,0,80000,100000,-20000,-20000
04430P,晶相光元大94售04,0,0,0,0,0,0,0,0,0,-20000,0,0,0,0,20000,-20000,-20000
045908,矽創中信92購01  ,0,0,0,0,0,0,0,0,0,-20000,0,0,0,10000,30000,-20000,-20000
045885,台積電元大92購17,0,0,0,0,0,0,0,0,0,-20000,0,0,0,0,20000,-20000,-20000
04607P,A50中信94售01   ,0,0,0,0,0,0,0,0,0,-20000,0,0,0,0,20000,-20000,-20000
044298,南電凱基93購01  ,0,0,0,0,0,0,0,0,0,-20000,0,0,0,20000,40000,-20000,-20000
046142,康舒統一93購01  ,0,0,0,0,0,0,0,0,0,-20000,0,0,0,10000,30000,-20000,-20000
042918,矽格元大94購01  ,0,0,0,0,0,0,0,0,0,-20000,0,0,0,0,20000,-20000,-20000
042904,金寶元大94購02  ,0,0,0,0,0,0,0,0,0,-20000,0,0,0,0,20000,-20000,-20000
04428P,台光電元大94售02,0,0,0,0,0,0,0,0,0,-20000,0,0,0,0,20000,-20000,-20000
04403P,景碩國票95售01  ,0,0,0,0,0,0,0,0,0,-20000,0,0,0,0,20000,-20000,-20000
044909,玉晶光凱基93購02,0,0,0,0,0,0,0,0,0,-20000,0,0,0,4000,24000,-20000,-20000
047135,可成凱基93購05  ,0,0,0,0,0,0,0,0,0,-20000,0,0,0,0,20000,-20000,-20000
043599,宏達電元大93購03,0,0,0,0,0,0,0,0,0,-20000,0,0,0,0,20000,-20000,-20000
04301P,微星中信93售01  ,0,0,0,0,0,0,0,0,0,-20000,0,0,0,0,20000,-20000,-20000
04333P,儒鴻凱基93售06  ,0,0,0,0,0,0,0,0,0,-20000,0,0,0,0,20000,-20000,-20000
04729P,臺股指中信96售01,0,0,0,0,0,0,0,0,0,-20000,0,0,0,0,20000,-20000,-20000
047296,日月光元富96購01,0,0,0,0,0,0,0,0,0,-20000,0,0,0,10000,30000,-20000,-20000
047351,聯詠凱基93購02  ,0,0,0,0,0,0,0,0,0,-20000,0,0,0,2000,22000,-20000,-20000
047360,鴻海群益95購02  ,0,0,0,0,0,0,0,0,0,-20000,0,0,0,0,20000,-20000,-20000
047425,聯發科亞東93購02,0,0,0,0,0,0,0,0,0,-20000,0,0,0,0,20000,-20000,-20000
048070,聯發科元富99購03,0,0,0,0,0,0,0,0,0,-20000,0,0,0,0,20000,-20000,-20000
048210,鴻海日盛93購01  ,0,0,0,0,0,0,0,0,0,-20000,0,0,0,34000,54000,-20000,-20000
048217,亞德客凱基93購06,0,0,0,0,0,0,0,0,0,-20000,0,0,0,10000,30000,-20000,-20000
048162,矽力麥證93購01  ,0,0,0,1000,21000,-20000,0,0,0,-20000,0,0,0,1000,21000,-20000,-20000
047674,群創元富96購02  ,0,0,0,0,0,0,0,0,0,-20000,0,0,0,0,20000,-20000,-20000
047736,聯發科台新94購01,0,0,0,0,0,0,0,0,0,-20000,0,0,0,0,20000,-20000,-20000
047973,華通兆豐94購01  ,0,0,0,0,0,0,0,0,0,-20000,0,0,0,0,20000,-20000,-20000
047985,欣興群益93購07  ,0,0,0,0,0,0,0,0,0,-20000,0,0,0,0,20000,-20000,-20000
046266,兆豐金凱基92購01,0,0,0,0,0,0,0,0,0,-20000,0,0,0,0,20000,-20000,-20000
046356,智伸科群益93購01,0,0,0,0,0,0,0,0,0,-20000,0,0,0,4000,24000,-20000,-20000
046333,康友元大92購05  ,0,0,0,0,0,0,0,0,0,-20000,0,0,0,78000,98000,-20000,-20000
051197,光寶科麥證95購01,0,0,0,0,20000,-20000,0,0,0,-20000,0,0,0,0,20000,-20000,-20000
051021,啟碁凱基95購02  ,0,0,0,0,0,0,0,0,0,-20000,0,0,0,30000,50000,-20000,-20000
047847,鴻海統一93購07  ,0,0,0,0,0,0,0,0,0,-20000,0,0,0,0,20000,-20000,-20000
051306,嘉聯益凱基96購01,0,0,0,0,0,0,0,0,0,-20000,0,0,0,0,20000,-20000,-20000
046880,瑞昱永昌93購01  ,0,0,0,0,0,0,0,0,0,-20000,0,0,0,0,20000,-20000,-20000
046758,聯發科凱基93購05,0,0,0,0,0,0,0,0,0,-20000,0,0,0,0,20000,-20000,-20000
046756,廣達凱基93購01  ,0,0,0,0,0,0,0,0,0,-20000,0,0,0,30000,50000,-20000,-20000
048402,聯茂兆豐95購01  ,0,0,0,0,0,0,0,0,0,-20000,0,0,0,0,20000,-20000,-20000
047526,可成元大93購08  ,0,0,0,0,0,0,0,0,0,-20000,0,0,0,0,20000,-20000,-20000
047483,新光金凱基99購04,0,0,0,0,0,0,0,0,0,-20000,0,0,0,0,20000,-20000,-20000
047484,聯詠凱基93購03  ,0,0,0,0,0,0,0,0,0,-20000,0,0,0,0,20000,-20000,-20000
047447,台郡元大94購02  ,0,0,0,0,0,0,0,0,0,-20000,0,0,0,1000,21000,-20000,-20000
046981,智伸科兆豐94購01,0,0,0,0,0,0,0,0,0,-20000,0,0,0,0,20000,-20000,-20000
046417,聯詠元大92購06  ,0,0,0,0,0,0,0,0,0,-20000,0,0,0,0,20000,-20000,-20000
046561,可成凱基92購11  ,0,0,0,0,0,0,0,0,0,-20000,0,0,0,10000,30000,-20000,-20000
047546,瑞昱凱基93購06  ,0,0,0,0,0,0,0,0,0,-20000,0,0,0,25000,45000,-20000,-20000
047634,亞德客元大93購01,0,0,0,0,0,0,0,0,0,-20000,0,0,0,0,20000,-20000,-20000
047567,欣興國票93購05  ,0,0,0,0,0,0,0,0,0,-20000,0,0,0,0,20000,-20000,-20000
051391,聯發科兆豐95購02,0,0,0,0,0,0,0,0,0,-20000,0,0,0,300000,320000,-20000,-20000
050921,旺宏凱基95購02  ,0,0,0,0,0,0,0,0,0,-20000,0,0,0,15000,35000,-20000,-20000
051830,健策元大97購01  ,0,0,0,0,0,0,0,0,0,-20000,0,0,0,183000,203000,-20000,-20000
050200,致新元大94購01  ,0,0,0,0,0,0,0,0,0,-20000,0,0,0,0,20000,-20000,-20000
051972,廣達凱基95購02  ,0,0,0,0,0,0,0,0,0,-20000,0,0,0,0,20000,-20000,-20000
052026,漢唐群益95購01  ,0,0,0,0,0,0,0,0,0,-20000,0,0,0,0,20000,-20000,-20000
051900,臻鼎富邦95購01  ,0,0,0,0,0,0,0,0,0,-20000,0,0,0,0,20000,-20000,-20000
051902,T50反1元大97購01,0,0,0,0,0,0,0,0,0,-20000,0,0,0,5000,25000,-20000,-20000
05209P,鴻海凱基96售09  ,0,0,0,0,0,0,0,0,0,-20000,0,0,0,0,20000,-20000,-20000
052114,華固中信95購01  ,0,0,0,0,0,0,0,0,0,-20000,0,0,0,0,20000,-20000,-20000
052053,泰鼎凱基96購01  ,0,0,0,0,0,0,0,0,0,-20000,0,0,0,503000,523000,-20000,-20000
049434,茂林國票95購01  ,0,0,0,0,0,0,0,0,0,-20000,0,0,0,0,20000,-20000,-20000
050143,臻鼎元富94購05  ,0,0,0,0,0,0,0,0,0,-20000,0,0,0,0,20000,-20000,-20000
049713,鴻海凱基94購17  ,0,0,0,0,0,0,0,0,0,-20000,0,0,0,19000,39000,-20000,-20000
049809,聯詠元大94購04  ,0,0,0,0,0,0,0,0,0,-20000,0,0,0,0,20000,-20000,-20000
049762,華邦電國泰95購01,0,0,0,0,0,0,0,0,0,-20000,0,0,0,0,20000,-20000,-20000
050479,上証2X國票95購02,0,0,0,0,0,0,0,0,0,-20000,0,0,0,0,20000,-20000,-20000
050396,欣興元富94購02  ,0,0,0,0,0,0,0,0,0,-20000,0,0,0,250000,270000,-20000,-20000
050317,和鑫國票95購02  ,0,0,0,0,0,0,0,0,0,-20000,0,0,0,10000,30000,-20000,-20000
050571,美食中信95購01  ,0,0,0,0,0,0,0,0,0,-20000,0,0,0,0,20000,-20000,-20000
050979,鴻海元富96購02  ,0,0,0,0,0,0,0,0,0,-20000,0,0,0,0,20000,-20000,-20000
050967,嘉聯益永豐95購01,0,0,0,0,0,0,0,0,0,-20000,0,0,0,0,20000,-20000,-20000
051494,中環兆豐95購01  ,0,0,0,0,0,0,0,0,0,-20000,0,0,0,0,20000,-20000,-20000
051237,鴻海元大97購01  ,0,0,0,0,0,0,0,0,0,-20000,0,0,0,421000,441000,-20000,-20000
051244,正崴元大95購01  ,0,0,0,0,0,0,0,0,0,-20000,0,0,0,0,20000,-20000,-20000
049096,南茂凱基94購01  ,0,0,0,0,0,0,0,0,0,-20000,0,0,0,0,20000,-20000,-20000
049086,晶相光凱基94購01,0,0,0,0,0,0,0,0,0,-20000,0,0,0,20000,40000,-20000,-20000
051634,大立光國票96購03,0,0,0,0,0,0,0,0,0,-20000,0,0,0,63000,83000,-20000,-20000
049973,T50反1日盛9A購01,0,0,0,0,0,0,0,0,0,-20000,0,0,0,0,20000,-20000,-20000
049998,奇力新永豐94購03,0,0,0,0,0,0,0,0,0,-20000,0,0,0,0,20000,-20000,-20000
050694,國巨凱基96購03  ,0,0,0,0,0,0,0,0,0,-20000,0,0,0,0,20000,-20000,-20000
049228,台塑富邦94購01  ,0,0,0,0,0,0,0,0,0,-20000,0,0,0,0,20000,-20000,-20000
04919P,聯詠凱基94售05  ,0,0,0,0,0,0,0,0,0,-20000,0,0,0,0,20000,-20000,-20000
051366,康友國泰97購01  ,0,0,0,0,0,0,0,0,0,-20000,0,0,0,58000,78000,-20000,-20000
051525,日月光凱基95購02,0,0,0,0,0,0,0,0,0,-20000,0,0,0,5000,25000,-20000,-20000
050010,鈺齊永豐94購01  ,0,0,0,0,0,0,0,0,0,-20000,0,0,0,0,20000,-20000,-20000
049583,台積電元大95購04,0,0,0,0,0,0,0,0,0,-20000,0,0,0,272000,292000,-20000,-20000
049547,新光金群益94購01,0,0,0,0,0,0,0,0,0,-20000,0,0,0,20000,40000,-20000,-20000
049542,鴻海群益94購05  ,0,0,0,0,0,0,0,0,0,-20000,0,0,0,7000,27000,-20000,-20000
049014,台達電群益94購02,0,0,0,0,0,0,0,0,0,-20000,0,0,0,10000,30000,-20000,-20000
048663,聯發科統一96購01,0,0,0,0,0,0,0,0,0,-20000,0,0,0,0,20000,-20000,-20000
051460,S&P反1國泰97購01,0,0,0,0,0,0,0,0,0,-20000,0,0,0,0,20000,-20000,-20000
049280,創意國票95購01  ,0,0,0,0,0,0,0,0,0,-20000,0,0,0,0,20000,-20000,-20000
049262,大立光元大94購09,0,0,0,0,0,0,0,0,0,-20000,0,0,0,0,20000,-20000,-20000
048691,智伸科群益94購01,0,0,0,0,0,0,0,0,0,-20000,0,0,0,21000,41000,-20000,-20000
048678,統一富邦93購01  ,0,0,0,0,0,0,0,0,0,-20000,0,0,0,18000,38000,-20000,-20000
048836,牧德凱基94購03  ,0,0,0,0,0,0,0,0,0,-20000,0,0,0,0,20000,-20000,-20000
048759,巨大元富96購01  ,0,0,0,0,0,0,0,0,0,-20000,0,0,0,0,20000,-20000,-20000
051823,矽力元富95購02  ,0,0,0,0,0,0,0,0,0,-20000,0,0,0,0,20000,-20000,-20000
052941,康控兆豐97購01  ,0,0,0,0,0,0,0,0,0,-20000,0,0,0,312000,332000,-20000,-20000
05285P,同欣電群益95售02,0,0,0,0,0,0,0,0,0,-20000,0,0,0,0,20000,-20000,-20000
052864,奇力新凱基96購02,0,0,0,0,0,0,0,0,0,-20000,0,0,0,0,20000,-20000,-20000
05286P,矽力統一95售02  ,0,0,0,0,0,0,0,0,0,-20000,0,0,0,10000,30000,-20000,-20000
052909,上銀統一96購01  ,0,0,0,0,0,0,0,0,0,-20000,0,0,0,1000,21000,-20000,-20000
052661,奇力新國票97購03,0,0,0,0,0,0,0,0,0,-20000,0,0,0,0,20000,-20000,-20000
052615,鴻海國泰98購01  ,0,0,0,0,0,0,0,0,0,-20000,0,0,0,0,20000,-20000,-20000
052569,聯發科凱基96購08,0,0,0,0,0,0,0,0,0,-20000,0,0,0,20000,40000,-20000,-20000
052566,國巨凱基96購04  ,0,0,0,0,0,0,0,0,0,-20000,0,0,0,0,20000,-20000,-20000
052426,國巨台新96購01  ,0,0,0,0,0,0,0,0,0,-20000,0,0,0,0,20000,-20000,-20000
05229P,台積電群益95售05,0,0,0,0,0,0,0,0,0,-20000,0,0,0,280000,300000,-20000,-20000
053430,樺漢永豐96購01  ,0,0,0,0,0,0,0,0,0,-20000,0,0,0,0,20000,-20000,-20000
05349P,可成元富98售03  ,0,0,0,0,0,0,0,0,0,-20000,0,0,0,10000,30000,-20000,-20000
053528,南電中信9A購01  ,0,0,0,0,0,0,0,0,0,-20000,0,0,0,0,20000,-20000,-20000
053490,為升兆豐97購01  ,0,0,0,0,0,0,0,0,0,-20000,0,0,0,10000,30000,-20000,-20000
053471,正崴元大96購01  ,0,0,0,0,0,0,0,0,0,-20000,0,0,0,0,20000,-20000,-20000
05354P,臺股指元富95售08,0,0,0,0,0,0,0,0,0,-20000,0,0,0,0,20000,-20000,-20000
053555,日月光凱基97購01,0,0,0,0,0,0,0,0,0,-20000,0,0,0,0,20000,-20000,-20000
053686,台積電元大97購08,0,0,0,0,0,0,0,0,0,-20000,0,0,0,12000,32000,-20000,-20000
053718,全新凱基97購02  ,0,0,0,0,0,0,0,0,0,-20000,0,0,0,7000,27000,-20000,-20000
053719,可成凱基96購08  ,0,0,0,0,0,0,0,0,0,-20000,0,0,0,0,20000,-20000,-20000
053361,友達元富99購01  ,0,0,0,0,0,0,0,0,0,-20000,0,0,0,0,20000,-20000,-20000
053356,聯發科統一96購07,0,0,0,0,0,0,0,0,0,-20000,0,0,0,0,20000,-20000,-20000
053242,聯電國票96購04  ,0,0,0,0,0,0,0,0,0,-20000,0,0,0,0,20000,-20000,-20000
053287,臺股指元大96購15,0,0,0,0,0,0,0,0,0,-20000,0,0,0,0,20000,-20000,-20000
054434,友達台新96購03  ,0,0,0,0,0,0,0,0,0,-20000,0,0,0,0,20000,-20000,-20000
054449,中環第一96購01  ,0,0,0,0,0,0,0,0,0,-20000,0,0,0,0,20000,-20000,-20000
054459,鈺齊群益96購01  ,0,0,0,0,0,0,0,0,0,-20000,0,0,0,100000,120000,-20000,-20000
054476,聯發科中信96購03,0,0,0,0,0,0,0,0,0,-20000,0,0,0,0,20000,-20000,-20000
054703,聯發科第一97購01,0,0,0,0,0,0,0,0,0,-20000,0,0,0,0,20000,-20000,-20000
054641,祥碩中信98購01  ,0,0,0,0,0,0,0,0,0,-20000,0,0,0,5000,25000,-20000,-20000
05493P,華新科富邦99售02,0,0,0,0,0,0,0,0,0,-20000,0,0,0,0,20000,-20000,-20000
054962,玉晶光元大99購02,0,0,0,0,0,0,0,0,0,-20000,0,0,0,45000,65000,-20000,-20000
055006,晶相光元富9A購01,0,0,0,0,0,0,0,0,0,-20000,0,0,0,45000,65000,-20000,-20000
053911,臺股指凱基96購31,0,0,0,0,0,0,0,0,0,-20000,0,0,0,0,20000,-20000,-20000
053966,旺宏元大96購08  ,0,0,0,0,0,0,0,0,0,-20000,0,0,0,355000,375000,-20000,-20000
053733,華邦電中信98購01,0,0,0,0,0,0,0,0,0,-20000,0,0,0,0,20000,-20000,-20000
053757,聯發科國泰96購04,0,0,0,0,0,0,0,0,0,-20000,0,0,0,0,20000,-20000,-20000
053864,義隆元大96購01  ,0,0,0,0,0,0,0,0,0,-20000,0,0,0,68000,88000,-20000,-20000
054134,強茂元大96購01  ,0,0,0,0,0,0,0,0,0,-20000,0,0,0,0,20000,-20000,-20000
054111,緯穎凱基97購01  ,0,0,0,0,0,0,0,0,0,-20000,0,0,0,41000,61000,-20000,-20000
054079,鴻海中信98購02  ,0,0,0,0,0,0,0,0,0,-20000,0,0,0,0,20000,-20000,-20000
05406P,台光電凱基95售02,0,0,0,0,0,0,0,0,0,-20000,0,0,0,15000,35000,-20000,-20000
2012,春雨            ,0,20000,-20000,0,0,0,0,0,0,0,0,0,0,0,0,0,-20000
2059,川湖            ,46000,67000,-21000,0,0,0,0,0,0,1000,0,0,0,1000,0,1000,-20000
06466P,台積電統一9B售01,0,0,0,0,0,0,0,0,0,-20000,0,0,0,20000,40000,-20000,-20000
06478P,臺股指日盛9A售01,0,0,0,0,0,0,0,0,0,-20000,0,0,0,0,20000,-20000,-20000
08671P,友訊國票01售01  ,0,0,0,0,0,0,0,0,0,-20000,0,0,0,0,20000,-20000,-20000
08852P,台灣50台新01售01,0,0,0,0,0,0,0,0,0,-20000,0,0,0,0,20000,-20000,-20000
08602P,台灣50凱基96售04,0,0,0,0,0,0,0,0,0,-20000,0,0,0,0,20000,-20000,-20000
06163P,聯詠群益97售01  ,0,0,0,0,0,0,0,0,0,-20000,0,0,0,0,20000,-20000,-20000
06000P,GIS元大96售04   ,0,0,0,0,0,0,0,0,0,-20000,0,0,0,0,20000,-20000,-20000
2459,敦吉            ,15000,35560,-20560,0,0,0,0,0,0,0,0,0,0,0,0,0,-20560
056228,可成凱基97購03  ,0,0,0,0,0,0,0,0,0,-21000,0,0,0,76000,97000,-21000,-21000
056028,GIS群益97購02   ,0,0,0,0,0,0,0,0,0,-21000,0,0,0,11000,32000,-21000,-21000
055988,矽力元富97購01  ,0,0,0,0,0,0,0,0,0,-21000,0,0,0,36000,57000,-21000,-21000
055976,台積電統一99購03,0,0,0,0,0,0,0,0,0,-21000,0,0,0,50000,71000,-21000,-21000
055151,台積電元大98購05,0,0,0,0,0,0,0,0,0,-21000,0,0,0,503000,524000,-21000,-21000
055318,華通國票98購01  ,0,0,0,0,0,0,0,0,0,-21000,0,0,0,1000,22000,-21000,-21000
057392,福懋科永豐98購01,0,0,0,0,0,0,0,0,0,-21000,0,0,0,10000,31000,-21000,-21000
057145,上銀國票98購03  ,0,0,0,0,0,0,0,0,0,-21000,0,0,0,0,21000,-21000,-21000
057165,國巨元大99購05  ,0,0,0,0,0,0,0,0,0,-21000,0,0,0,86000,107000,-21000,-21000
056273,祥碩統一97購02  ,0,0,0,0,0,0,0,0,0,-21000,0,0,0,9000,30000,-21000,-21000
056553,啟碁凱基98購02  ,0,0,0,0,0,0,0,0,0,-21000,0,0,0,0,21000,-21000,-21000
046521,台郡元大92購06  ,0,0,0,0,0,0,0,0,0,-21000,0,0,0,1000,22000,-21000,-21000
044437,台郡元大92購02  ,0,0,0,0,0,0,0,0,0,-21000,0,0,0,1000,22000,-21000,-21000
044126,奇力新凱基93購01,0,0,0,0,0,0,0,0,0,-21000,0,0,0,0,21000,-21000,-21000
04518P,高鐵群益95售01  ,0,0,0,0,0,0,0,0,0,-21000,0,0,0,0,21000,-21000,-21000
00681R,元大美債20反1   ,0,0,0,0,0,0,0,0,0,-21000,0,0,0,0,21000,-21000,-21000
049507,和大凱基94購01  ,0,0,0,0,0,0,0,0,0,-21000,0,0,0,7000,28000,-21000,-21000
050713,矽格麥證94購01  ,0,0,0,2000,23000,-21000,0,0,0,-21000,0,0,0,2000,23000,-21000,-21000
051622,和碩凱基96購01  ,0,0,0,0,0,0,0,0,0,-21000,0,0,0,0,21000,-21000,-21000
051575,國巨元大96購03  ,0,0,0,0,0,0,0,0,0,-21000,0,0,0,209000,230000,-21000,-21000
050841,國巨國票96購02  ,0,0,0,0,0,0,0,0,0,-21000,0,0,0,0,21000,-21000,-21000
050237,智邦凱基94購03  ,0,0,0,0,0,0,0,0,0,-21000,0,0,0,0,21000,-21000,-21000
050411,聯發科永豐94購05,0,0,0,0,0,0,0,0,0,-21000,0,0,0,0,21000,-21000,-21000
050097,可成國泰96購02  ,0,0,0,0,0,0,0,0,0,-21000,0,0,0,39000,60000,-21000,-21000
052028,健策群益95購02  ,0,0,0,0,0,0,0,0,0,-21000,0,0,0,57000,78000,-21000,-21000
052785,滬深2X中信99購03,0,0,0,0,0,0,0,0,0,-21000,0,0,0,300000,321000,-21000,-21000
050936,國巨國票95購04  ,0,0,0,0,0,0,0,0,0,-21000,0,0,0,9000,30000,-21000,-21000
054858,台肥群益97購01  ,0,0,0,0,0,0,0,0,0,-21000,0,0,0,20000,41000,-21000,-21000
053235,智原永豐96購01  ,0,0,0,0,0,0,0,0,0,-21000,0,0,0,11000,32000,-21000,-21000
053319,可成群益96購04  ,0,0,0,0,0,0,0,0,0,-21000,0,0,0,31000,52000,-21000,-21000
053331,玉晶光永豐97購02,0,0,0,0,0,0,0,0,0,-21000,0,0,0,1000,22000,-21000,-21000
05231P,GIS群益95售03   ,0,0,0,0,0,0,0,0,0,-21000,0,0,0,7000,28000,-21000,-21000
052378,矽力元大96購01  ,0,0,0,0,0,0,0,0,0,-21000,0,0,0,5000,26000,-21000,-21000
05968P,鴻海台新96售02  ,0,0,0,0,0,0,0,0,0,-21000,0,0,0,0,21000,-21000,-21000
06185P,台表科元大97售05,0,0,0,0,0,0,0,0,0,-21000,0,0,0,30000,51000,-21000,-21000
06450P,聯發科元大98售03,0,0,0,0,0,0,0,0,0,-21000,0,0,0,60000,81000,-21000,-21000
06334P,臺股指群益9C售03,0,0,0,0,0,0,0,0,0,-21000,0,0,0,0,21000,-21000,-21000
057162,上銀元大98購03  ,0,0,0,0,0,0,0,0,0,-22000,0,0,0,60000,82000,-22000,-22000
057298,旭富永豐98購01  ,0,0,0,0,0,0,0,0,0,-22000,0,0,0,10000,32000,-22000,-22000
057220,鈺齊群益98購01  ,0,0,0,0,0,0,0,0,0,-22000,0,0,0,100000,122000,-22000,-22000
055354,宏達電凱基98購01,0,0,0,0,0,0,0,0,0,-22000,0,0,0,2000,24000,-22000,-22000
055451,台積電元富97購02,0,0,0,0,0,0,0,0,0,-22000,0,0,0,118000,140000,-22000,-22000
055544,鴻海凱基97購05  ,0,0,0,0,0,0,0,0,0,-22000,0,0,0,0,22000,-22000,-22000
055666,鴻海群益97購05  ,0,0,0,0,0,0,0,0,0,-22000,0,0,0,0,22000,-22000,-22000
055782,新日興凱基99購01,0,0,0,0,0,0,0,0,0,-22000,0,0,0,280000,302000,-22000,-22000
055911,可成凱基98購02  ,0,0,0,0,0,0,0,0,0,-22000,0,0,0,0,22000,-22000,-22000
047787,正崴群益93購01  ,0,0,0,0,0,0,0,0,0,-22000,0,0,0,0,22000,-22000,-22000
050866,景碩永豐95購01  ,0,0,0,0,0,0,0,0,0,-22000,0,0,0,0,22000,-22000,-22000
049343,華新科統一94購03,0,0,0,0,0,0,0,0,0,-22000,0,0,0,0,22000,-22000,-22000
051927,國巨中信96購01  ,0,0,0,0,0,0,0,0,0,-22000,0,0,0,0,22000,-22000,-22000
04974P,聯發科凱基96售02,0,0,0,0,0,0,0,0,0,-22000,0,0,0,0,22000,-22000,-22000
049725,台郡國票94購03  ,0,0,0,0,0,0,0,0,0,-22000,0,0,0,40000,62000,-22000,-22000
050716,可成群益96購01  ,0,0,0,0,0,0,0,0,0,-22000,0,0,0,0,22000,-22000,-22000
050955,達方群益97購01  ,0,0,0,0,0,0,0,0,0,-22000,0,0,0,0,22000,-22000,-22000
051704,智邦群益95購02  ,0,0,0,0,0,0,0,0,0,-22000,0,0,0,22000,44000,-22000,-22000
048849,光寶科群益94購01,0,0,0,0,0,0,0,0,0,-22000,0,0,0,0,22000,-22000,-22000
052863,友達凱基98購02  ,0,0,0,0,0,0,0,0,0,-22000,0,0,0,0,22000,-22000,-22000
052979,上銀元大96購02  ,0,0,0,0,0,0,0,0,0,-22000,0,0,0,122000,144000,-22000,-22000
053352,義隆兆豐96購01  ,0,0,0,0,0,0,0,0,0,-22000,0,0,0,10000,32000,-22000,-22000
053245,全新國票97購01  ,0,0,0,0,0,0,0,0,0,-22000,0,0,0,17000,39000,-22000,-22000
053073,技嘉康和96購01  ,0,0,0,0,0,0,0,0,0,-22000,0,0,0,627000,649000,-22000,-22000
053176,矽力群益96購02  ,0,0,0,0,0,0,0,0,0,-22000,0,0,0,74000,96000,-22000,-22000
054088,華新群益98購02  ,0,0,0,0,0,0,0,0,0,-22000,0,0,0,0,22000,-22000,-22000
06646P,國巨元大98售16  ,0,0,0,0,0,0,0,0,0,-22000,0,0,0,10000,32000,-22000,-22000
06114P,台積電統一97售03,0,0,0,0,0,0,0,0,0,-22000,0,0,0,38000,60000,-22000,-22000
06036P,台表科凱基96售04,0,0,0,0,0,0,0,0,0,-22000,0,0,0,0,22000,-22000,-22000
8404,百和興業-KY     ,114000,136000,-22000,0,0,0,0,0,0,0,0,0,0,0,0,0,-22000
5533,皇鼎            ,0,22000,-22000,0,0,0,0,0,0,0,0,0,0,0,0,0,-22000
6136,富爾特          ,1000,23000,-22000,0,0,0,0,0,0,0,0,0,0,0,0,0,-22000
6112,聚碩            ,0,22000,-22000,0,0,0,0,0,0,0,0,0,0,0,0,0,-22000
055624,聯發科富邦99購07,0,0,0,0,0,0,0,0,0,-23000,0,0,0,85000,108000,-23000,-23000
056020,義隆群益97購01  ,0,0,0,0,0,0,0,0,0,-23000,0,0,0,0,23000,-23000,-23000
056044,同欣電凱基97購03,0,0,0,0,0,0,0,0,0,-23000,0,0,0,8000,31000,-23000,-23000
056173,廣達元富97購01  ,0,0,0,0,0,0,0,0,0,-23000,0,0,0,11000,34000,-23000,-23000
055597,禾伸堂元大98購02,0,0,0,0,0,0,0,0,0,-23000,0,0,0,0,23000,-23000,-23000
057043,台積電元大99購02,0,0,0,0,0,0,0,0,0,-23000,0,0,0,0,23000,-23000,-23000
056823,智伸科永豐98購01,0,0,0,0,0,0,0,0,0,-23000,0,0,0,27000,50000,-23000,-23000
046950,隆達元大93購01  ,0,0,0,0,0,0,0,0,0,-23000,0,0,0,0,23000,-23000,-23000
00851,台新全球AI      ,0,0,0,0,0,0,0,0,0,-23000,0,0,0,14000,37000,-23000,-23000
04187P,麗豐元富93售02  ,0,0,0,0,0,0,0,0,0,-23000,0,0,0,1000,24000,-23000,-23000
04188P,康控元富93售03  ,0,0,0,0,0,0,0,0,0,-23000,0,0,0,0,23000,-23000,-23000
048935,玉晶光永豐94購04,0,0,0,0,0,0,0,0,0,-23000,0,0,0,42000,65000,-23000,-23000
048869,光罩國票94購01  ,0,0,0,0,0,0,0,0,0,-23000,0,0,0,0,23000,-23000,-23000
051363,矽創元大95購03  ,0,0,0,0,0,0,0,0,0,-23000,0,0,0,6000,29000,-23000,-23000
049700,瀚宇博元大97購01,0,0,0,0,0,0,0,0,0,-23000,0,0,0,8000,31000,-23000,-23000
050552,禾伸堂凱基94購05,0,0,0,0,0,0,0,0,0,-23000,0,0,0,87000,110000,-23000,-23000
054628,可成凱基98購01  ,0,0,0,0,0,0,0,0,0,-23000,0,0,0,35000,58000,-23000,-23000
053492,華邦電兆豐97購01,0,0,0,0,0,0,0,0,0,-23000,0,0,0,10000,33000,-23000,-23000
053530,聯發科康和96購01,0,0,0,0,0,0,0,0,0,-23000,0,0,0,0,23000,-23000,-23000
052919,鈺齊富邦98購01  ,0,0,0,0,0,0,0,0,0,-23000,0,0,0,7000,30000,-23000,-23000
052749,日月光元大96購02,0,0,0,0,0,0,0,0,0,-23000,0,0,0,1000,24000,-23000,-23000
052241,台郡國票96購01  ,0,0,0,0,0,0,0,0,0,-23000,0,0,0,38000,61000,-23000,-23000
8341,日友            ,65000,78000,-13000,0,0,0,0,10000,-10000,0,0,0,0,0,0,0,-23000
2731,雄獅            ,8000,31000,-23000,0,0,0,0,0,0,0,0,0,0,0,0,0,-23000
2414,精技            ,1000,24000,-23000,0,0,0,0,0,0,0,0,0,0,0,0,0,-23000
056725,鴻海國票99購03  ,0,0,0,0,0,0,0,0,0,-24000,0,0,0,1000,25000,-24000,-24000
056391,大立光富邦9C購01,0,0,0,0,0,0,0,0,0,-24000,0,0,0,50000,74000,-24000,-24000
056946,國巨統一98購05  ,0,0,0,0,0,0,0,0,0,-24000,0,0,0,4000,28000,-24000,-24000
055485,國巨元大97購09  ,0,0,0,0,0,0,0,0,0,-24000,0,0,0,93000,117000,-24000,-24000
05549P,臺股指元大96售03,0,0,0,0,0,0,0,0,0,-24000,0,0,0,125000,149000,-24000,-24000
055328,鈺齊國票98購01  ,0,0,0,0,0,0,0,0,0,-24000,0,0,0,20000,44000,-24000,-24000
055096,緯穎群益97購01  ,0,0,0,0,0,0,0,0,0,-24000,0,0,0,190000,214000,-24000,-24000
055934,景碩群益98購03  ,0,0,0,0,0,0,0,0,0,-24000,0,0,0,211000,235000,-24000,-24000
00686R,群益臺灣加權反1 ,0,0,0,0,0,0,0,0,0,-24000,0,0,0,2000,26000,-24000,-24000
047160,台郡國票94購01  ,0,0,0,0,0,0,0,0,0,-24000,0,0,0,0,24000,-24000,-24000
046577,東元元大92購02  ,0,0,0,0,0,0,0,0,0,-24000,0,0,0,0,24000,-24000,-24000
048550,中鴻元大96購01  ,0,0,0,0,0,0,0,0,0,-24000,0,0,0,26000,50000,-24000,-24000
047780,友達中信96購01  ,0,0,0,0,0,0,0,0,0,-24000,0,0,0,10000,34000,-24000,-24000
047989,深中小元大96購02,0,0,0,0,0,0,0,0,0,-24000,0,0,0,504000,528000,-24000,-24000
050117,麗豐元大96購02  ,0,0,0,0,0,0,0,0,0,-24000,0,0,0,11000,35000,-24000,-24000
052113,漢唐中信98購01  ,0,0,0,0,0,0,0,0,0,-24000,0,0,0,0,24000,-24000,-24000
050231,聯發科麥證94購03,0,0,0,24000,44000,-20000,0,0,0,-24000,0,0,0,24000,48000,-24000,-24000
048837,牧德凱基94購04  ,0,0,0,0,0,0,0,0,0,-24000,0,0,0,0,24000,-24000,-24000
048825,華新科凱基94購05,0,0,0,0,0,0,0,0,0,-24000,0,0,0,45000,69000,-24000,-24000
053532,台積電永豐96購03,0,0,0,0,0,0,0,0,0,-24000,0,0,0,6000,30000,-24000,-24000
053396,漢唐中信9A購01  ,0,0,0,0,0,0,0,0,0,-24000,0,0,0,0,24000,-24000,-24000
053130,聯發科麥證96購01,0,0,0,40000,64000,-24000,0,0,0,-24000,0,0,0,40000,64000,-24000,-24000
053230,達方台新97購01  ,0,0,0,0,0,0,0,0,0,-24000,0,0,0,10000,34000,-24000,-24000
054676,牧德台新98購01  ,0,0,0,0,0,0,0,0,0,-24000,0,0,0,0,24000,-24000,-24000
054544,統一中信97購01  ,0,0,0,0,0,0,0,0,0,-24000,0,0,0,0,24000,-24000,-24000
054133,奇力新元大97購04,0,0,0,0,0,0,0,0,0,-24000,0,0,0,4000,28000,-24000,-24000
054266,緯穎元大96購07  ,0,0,0,0,0,0,0,0,0,-24000,0,0,0,192000,216000,-24000,-24000
2852,第一保          ,0,24000,-24000,0,0,0,0,0,0,0,0,0,0,0,0,0,-24000
2607,榮運            ,154000,178000,-24000,0,0,0,0,0,0,0,0,0,0,0,0,0,-24000
05545P,台表科國泰98售01,0,0,0,0,0,0,0,0,0,-25000,0,0,0,10000,35000,-25000,-25000
055511,大立光兆豐97購02,0,0,0,0,0,0,0,0,0,-25000,0,0,0,25000,50000,-25000,-25000
057176,全新元大99購02  ,0,0,0,0,0,0,0,0,0,-25000,0,0,0,0,25000,-25000,-25000
05794P,華邦電群益96售04,0,0,0,0,0,0,0,0,0,-25000,0,0,0,0,25000,-25000,-25000
05749P,臺股指群益99售03,0,0,0,0,0,0,0,0,0,-25000,0,0,0,200000,225000,-25000,-25000
056447,聯發科凱基98購09,0,0,0,0,0,0,0,0,0,-25000,0,0,0,0,25000,-25000,-25000
056430,鴻海凱基98購06  ,0,0,0,0,0,0,0,0,0,-25000,0,0,0,35000,60000,-25000,-25000
056765,友達元大9B購05  ,0,0,0,0,0,0,0,0,0,-25000,0,0,0,84000,109000,-25000,-25000
056798,華新科麥證98購01,0,0,0,0,25000,-25000,0,0,0,-25000,0,0,0,0,25000,-25000,-25000
056591,S&P正2元富9A購01,0,0,0,0,0,0,0,0,0,-25000,0,0,0,13000,38000,-25000,-25000
048010,嘉聯益富邦97購01,0,0,0,0,0,0,0,0,0,-25000,0,0,0,5000,30000,-25000,-25000
047704,智邦凱基93購06  ,0,0,0,0,0,0,0,0,0,-25000,0,0,0,0,25000,-25000,-25000
048033,大立光凱基93購28,0,0,0,0,0,0,0,0,0,-25000,0,0,0,50000,75000,-25000,-25000
05128P,聯發科中信97售03,0,0,0,0,0,0,0,0,0,-25000,0,0,0,96000,121000,-25000,-25000
051115,華通麥證96購01  ,0,0,0,0,25000,-25000,0,0,0,-25000,0,0,0,0,25000,-25000,-25000
046905,新光金凱基99購01,0,0,0,0,0,0,0,0,0,-25000,0,0,0,0,25000,-25000,-25000
047524,瑞昱元大93購10  ,0,0,0,0,0,0,0,0,0,-25000,0,0,0,0,25000,-25000,-25000
04343P,啟碁永豐93售02  ,0,0,0,0,0,0,0,0,0,-25000,0,0,0,0,25000,-25000,-25000
041210,群創元富93購01  ,0,0,0,0,0,0,0,0,0,-25000,0,0,0,0,25000,-25000,-25000
04241P,欣興國泰95售02  ,0,0,0,0,0,0,0,0,0,-25000,0,0,0,64000,89000,-25000,-25000
04434P,玉晶光國票96售02,0,0,0,0,0,0,0,0,0,-25000,0,0,0,40000,65000,-25000,-25000
046064,中工凱基94購01  ,0,0,0,0,0,0,0,0,0,-25000,0,0,0,25000,50000,-25000,-25000
03560P,台積電兆豐03售10,0,0,0,0,0,0,0,0,0,-25000,0,0,0,8000,33000,-25000,-25000
051779,大立光群益95購02,0,0,0,0,0,0,0,0,0,-25000,0,0,0,5000,30000,-25000,-25000
049601,矽創元大95購02  ,0,0,0,0,0,0,0,0,0,-25000,0,0,0,285000,310000,-25000,-25000
049598,超眾元大95購03  ,0,0,0,0,0,0,0,0,0,-25000,0,0,0,0,25000,-25000,-25000
05006P,華通元富95售01  ,0,0,0,0,0,0,0,0,0,-25000,0,0,0,60000,85000,-25000,-25000
049925,創意元大95購02  ,0,0,0,0,0,0,0,0,0,-25000,0,0,0,0,25000,-25000,-25000
050761,華通元大94購05  ,0,0,0,0,0,0,0,0,0,-25000,0,0,0,3000,28000,-25000,-25000
051230,聯詠群益95購01  ,0,0,0,0,0,0,0,0,0,-25000,0,0,0,12000,37000,-25000,-25000
050204,華新科群益94購05,0,0,0,0,0,0,0,0,0,-25000,0,0,0,22000,47000,-25000,-25000
050196,嘉聯益元大97購01,0,0,0,0,0,0,0,0,0,-25000,0,0,0,0,25000,-25000,-25000
051831,緯穎元大96購04  ,0,0,0,0,0,0,0,0,0,-25000,0,0,0,6000,31000,-25000,-25000
052008,創意第一95購01  ,0,0,0,0,0,0,0,0,0,-25000,0,0,0,0,25000,-25000,-25000
049706,世紀鋼元大95購02,0,0,0,0,0,0,0,0,0,-25000,0,0,0,0,25000,-25000,-25000
049691,可成元大94購06  ,0,0,0,0,0,0,0,0,0,-25000,0,0,0,20000,45000,-25000,-25000
049417,奇力新凱基94購02,0,0,0,0,0,0,0,0,0,-25000,0,0,0,0,25000,-25000,-25000
050496,鴻海富邦96購01  ,0,0,0,0,0,0,0,0,0,-25000,0,0,0,0,25000,-25000,-25000
054338,全新統一96購01  ,0,0,0,0,0,0,0,0,0,-25000,0,0,0,90000,115000,-25000,-25000
054360,智邦凱基96購03  ,0,0,0,0,0,0,0,0,0,-25000,0,0,0,2000,27000,-25000,-25000
054480,和碩中信98購01  ,0,0,0,0,0,0,0,0,0,-25000,0,0,0,0,25000,-25000,-25000
054370,台積電中信9A購01,0,0,0,0,0,0,0,0,0,-25000,0,0,0,119000,144000,-25000,-25000
053249,致伸國票97購02  ,0,0,0,0,0,0,0,0,0,-25000,0,0,0,0,25000,-25000,-25000
053113,瀚宇博兆豐97購01,0,0,0,0,0,0,0,0,0,-25000,0,0,0,75000,100000,-25000,-25000
053446,欣興凱基96購02  ,0,0,0,0,0,0,0,0,0,-25000,0,0,0,0,25000,-25000,-25000
053474,聯發科元大97購06,0,0,0,0,0,0,0,0,0,-25000,0,0,0,165000,190000,-25000,-25000
052249,大成鋼永豐95購01,0,0,0,0,0,0,0,0,0,-25000,0,0,0,70000,95000,-25000,-25000
052616,鴻海國泰98購02  ,0,0,0,0,0,0,0,0,0,-25000,0,0,0,0,25000,-25000,-25000
052980,上銀元大96購03  ,0,0,0,0,0,0,0,0,0,-25000,0,0,0,21000,46000,-25000,-25000
06041P,全新永豐96售03  ,0,0,0,0,0,0,0,0,0,-25000,0,0,0,41000,66000,-25000,-25000
06619P,聯發科元大98售06,0,0,0,0,0,0,0,0,0,-25000,0,0,0,25000,50000,-25000,-25000
06317P,臺股指元富97售04,0,0,0,0,0,0,0,0,0,-25000,0,0,0,5000,30000,-25000,-25000
06356P,啟碁永豐97售01  ,0,0,0,0,0,0,0,0,0,-25000,0,0,0,0,25000,-25000,-25000
05797P,臺股指群益96售11,0,0,0,0,0,0,0,0,0,-26000,0,0,0,10000,36000,-26000,-26000
055269,和大元大97購02  ,0,0,0,0,0,0,0,0,0,-26000,0,0,0,0,26000,-26000,-26000
055839,瑞昱元大97購04  ,0,0,0,0,0,0,0,0,0,-26000,0,0,0,2000,28000,-26000,-26000
03874P,臺股指群益95售01,0,0,0,0,0,0,0,0,0,-26000,0,0,0,30000,56000,-26000,-26000
01010T,京城樂富R1      ,0,0,0,0,0,0,0,0,0,-26000,0,26000,-26000,0,0,0,-26000
044466,和大群益93購01  ,0,0,0,0,0,0,0,0,0,-26000,0,0,0,35000,61000,-26000,-26000
051472,台積電凱基95購09,0,0,0,0,0,0,0,0,0,-26000,0,0,0,0,26000,-26000,-26000
049744,亞德客永豐94購01,0,0,0,0,0,0,0,0,0,-26000,0,0,0,37000,63000,-26000,-26000
051832,復盛元大95購01  ,0,0,0,0,0,0,0,0,0,-26000,0,0,0,10000,36000,-26000,-26000
052816,上銀永豐96購01  ,0,0,0,0,0,0,0,0,0,-26000,0,0,0,30000,56000,-26000,-26000
050050,國泰金群益94購02,0,0,0,0,0,0,0,0,0,-26000,0,0,0,10000,36000,-26000,-26000
052437,聯發科富邦99購02,0,0,0,0,0,0,0,0,0,-26000,0,0,0,20000,46000,-26000,-26000
053409,和碩兆豐96購02  ,0,0,0,0,0,0,0,0,0,-26000,0,0,0,8000,34000,-26000,-26000
053712,台光電凱基96購04,0,0,0,0,0,0,0,0,0,-26000,0,0,0,0,26000,-26000,-26000
053661,嘉澤凱基97購01  ,0,0,0,0,0,0,0,0,0,-26000,0,0,0,94000,120000,-26000,-26000
054828,正崴國泰99購01  ,0,0,0,0,0,0,0,0,0,-26000,0,0,0,20000,46000,-26000,-26000
054122,康友永豐96購01  ,0,0,0,0,0,0,0,0,0,-26000,0,0,0,25000,51000,-26000,-26000
053779,台光電元大96購02,0,0,0,0,0,0,0,0,0,-26000,0,0,0,11000,37000,-26000,-26000
053962,聯茂永豐96購01  ,0,0,0,0,0,0,0,0,0,-26000,0,0,0,0,26000,-26000,-26000
053985,矽創元大96購02  ,0,0,0,0,0,0,0,0,0,-26000,0,0,0,86000,112000,-26000,-26000
05999P,世芯元大96售01  ,0,0,0,0,0,0,0,0,0,-26000,0,0,0,30000,56000,-26000,-26000
2727,王品            ,13000,39000,-26000,0,0,0,0,0,0,0,0,0,0,0,0,0,-26000
2536,宏普            ,38000,64000,-26000,0,0,0,0,0,0,0,0,0,0,0,0,0,-26000
6226,光鼎            ,125000,151000,-26000,0,0,0,0,0,0,0,0,0,0,0,0,0,-26000
056238,聯發科群益98購02,0,0,0,0,0,0,0,0,0,-27000,0,0,0,3000,30000,-27000,-27000
055059,健和興永豐97購01,0,0,0,0,0,0,0,0,0,-27000,0,0,0,0,27000,-27000,-27000
055021,亞德客國泰98購01,0,0,0,0,0,0,0,0,0,-27000,0,0,0,59000,86000,-27000,-27000
055146,華通元大98購04  ,0,0,0,0,0,0,0,0,0,-27000,0,0,0,6000,33000,-27000,-27000
055130,京鼎康和97購01  ,0,0,0,0,0,0,0,0,0,-27000,0,0,0,14000,41000,-27000,-27000
055376,群創元大01購01  ,0,0,0,0,0,0,0,0,0,-27000,0,0,0,357000,384000,-27000,-27000
05801P,正崴兆豐96售01  ,0,0,0,0,0,0,0,0,0,-27000,0,0,0,23000,50000,-27000,-27000
05899P,臺股指凱基96售30,0,0,0,0,0,0,0,0,0,-27000,0,0,0,4000,31000,-27000,-27000
057150,貿聯國票99購02  ,0,0,0,0,0,0,0,0,0,-27000,0,0,0,0,27000,-27000,-27000
057109,信邦群益98購01  ,0,0,0,0,0,0,0,0,0,-27000,0,0,0,29000,56000,-27000,-27000
056576,晶技元大99購02  ,0,0,0,0,0,0,0,0,0,-27000,0,0,0,84000,111000,-27000,-27000
056373,上銀統一99購02  ,0,0,0,0,0,0,0,0,0,-27000,0,0,0,80000,107000,-27000,-27000
044763,瀚宇博凱基93購01,0,0,0,0,0,0,0,0,0,-27000,0,0,0,8000,35000,-27000,-27000
043236,台灣50兆豐93購02,0,0,0,0,0,0,0,0,0,-27000,0,0,0,52000,79000,-27000,-27000
048305,深100凱基96購01 ,0,0,0,0,0,0,0,0,0,-27000,0,0,0,3000,30000,-27000,-27000
048189,臺指反元大96購06,0,0,0,0,0,0,0,0,0,-27000,0,0,0,0,27000,-27000,-27000
051690,超眾凱基95購03  ,0,0,0,0,0,0,0,0,0,-27000,0,0,0,2000,29000,-27000,-27000
051668,智邦元大95購02  ,0,0,0,0,0,0,0,0,0,-27000,0,0,0,55000,82000,-27000,-27000
051334,宏達電永豐95購01,0,0,0,0,0,0,0,0,0,-27000,0,0,0,42000,69000,-27000,-27000
049617,光罩群益94購03  ,0,0,0,0,0,0,0,0,0,-27000,0,0,0,3000,30000,-27000,-27000
049491,聯發科元大95購01,0,0,0,0,0,0,0,0,0,-27000,0,0,0,237000,264000,-27000,-27000
053977,新日興元大96購03,0,0,0,0,0,0,0,0,0,-27000,0,0,0,46000,73000,-27000,-27000
053941,國巨國泰96購05  ,0,0,0,0,0,0,0,0,0,-27000,0,0,0,151000,178000,-27000,-27000
053827,漢唐麥證9A購01  ,0,0,0,10000,37000,-27000,0,0,0,-27000,0,0,0,10000,37000,-27000,-27000
054215,創意國票97購02  ,0,0,0,0,0,0,0,0,0,-27000,0,0,0,0,27000,-27000,-27000
05447P,臺股指元大95售24,0,0,0,0,0,0,0,0,0,-27000,0,0,0,55000,82000,-27000,-27000
053401,臺股指中信99購01,0,0,0,0,0,0,0,0,0,-27000,0,0,0,9000,36000,-27000,-27000
053013,台積電統一97購01,0,0,0,0,0,0,0,0,0,-27000,0,0,0,48000,75000,-27000,-27000
1435,中福            ,0,27000,-27000,0,0,0,0,0,0,0,0,0,0,0,0,0,-27000
056292,統一元大97購01  ,0,0,0,0,0,0,0,0,0,-28000,0,0,0,55000,83000,-28000,-28000
056504,國巨永豐98購02  ,0,0,0,0,0,0,0,0,0,-28000,0,0,0,0,28000,-28000,-28000
056869,國巨日盛99購03  ,0,0,0,0,0,0,0,0,0,-28000,0,0,0,15000,43000,-28000,-28000
057183,玉晶光元大99購07,0,0,0,0,0,0,0,0,0,-28000,0,0,0,14000,42000,-28000,-28000
055449,超眾統一9A購01  ,0,0,0,0,0,0,0,0,0,-28000,0,0,0,0,28000,-28000,-28000
055024,興勤國泰98購01  ,0,0,0,0,0,0,0,0,0,-28000,0,0,0,0,28000,-28000,-28000
056205,貿聯永豐97購01  ,0,0,0,0,0,0,0,0,0,-28000,0,0,0,40000,68000,-28000,-28000
056016,鴻海群益97購06  ,0,0,0,0,0,0,0,0,0,-28000,0,0,0,11000,39000,-28000,-28000
055805,矽力永豐97購01  ,0,0,0,0,0,0,0,0,0,-28000,0,0,0,10000,38000,-28000,-28000
05916P,聯發科元大96售20,0,0,0,0,0,0,0,0,0,-28000,0,0,0,62000,90000,-28000,-28000
047967,南亞科國泰95購01,0,0,0,0,0,0,0,0,0,-28000,0,0,0,813000,841000,-28000,-28000
051069,智邦國票96購01  ,0,0,0,0,0,0,0,0,0,-28000,0,0,0,0,28000,-28000,-28000
047910,全新麥證94購01  ,0,0,0,3000,31000,-28000,0,0,0,-28000,0,0,0,3000,31000,-28000,-28000
03765P,大立光元富96售01,0,0,0,0,0,0,0,0,0,-28000,0,0,0,2000,30000,-28000,-28000
050517,台積電元大94購27,0,0,0,0,0,0,0,0,0,-28000,0,0,0,140000,168000,-28000,-28000
049341,旺宏統一95購01  ,0,0,0,0,0,0,0,0,0,-28000,0,0,0,63000,91000,-28000,-28000
052132,旺宏凱基9B購01  ,0,0,0,0,0,0,0,0,0,-28000,0,0,0,59000,87000,-28000,-28000
050664,全新台新94購02  ,0,0,0,0,0,0,0,0,0,-28000,0,0,0,10000,38000,-28000,-28000
050073,傳奇凱基94購02  ,0,0,0,0,0,0,0,0,0,-28000,0,0,0,42000,70000,-28000,-28000
052931,麗豐元大97購01  ,0,0,0,0,0,0,0,0,0,-28000,0,0,0,200000,228000,-28000,-28000
052305,GIS永豐95購03   ,0,0,0,0,0,0,0,0,0,-28000,0,0,0,37000,65000,-28000,-28000
053159,同欣電元大96購02,0,0,0,0,0,0,0,0,0,-28000,0,0,0,0,28000,-28000,-28000
053269,同欣電群益96購01,0,0,0,0,0,0,0,0,0,-28000,0,0,0,82000,110000,-28000,-28000
053223,台郡凱基96購02  ,0,0,0,0,0,0,0,0,0,-28000,0,0,0,0,28000,-28000,-28000
054613,大立光永豐97購02,0,0,0,0,0,0,0,0,0,-28000,0,0,0,10000,38000,-28000,-28000
054893,帆宣統一99購01  ,0,0,0,0,0,0,0,0,0,-28000,0,0,0,0,28000,-28000,-28000
054066,緯穎國票97購03  ,0,0,0,0,0,0,0,0,0,-28000,0,0,0,0,28000,-28000,-28000
054337,智邦統一96購01  ,0,0,0,0,0,0,0,0,0,-28000,0,0,0,0,28000,-28000,-28000
053810,台達電群益96購01,0,0,0,0,0,0,0,0,0,-28000,0,0,0,30000,58000,-28000,-28000
6142,友勁            ,0,54000,-54000,0,0,0,0,0,0,26000,26000,0,26000,0,0,0,-28000
4560,強信-KY         ,38000,66000,-28000,0,0,0,0,0,0,0,0,0,0,0,0,0,-28000
055971,矽力元大97購05  ,0,0,0,0,0,0,0,0,0,-29000,0,0,0,23000,52000,-29000,-29000
05502P,台表科國票97售01,0,0,0,0,0,0,0,0,0,-29000,0,0,0,10000,39000,-29000,-29000
055419,國巨永豐97購03  ,0,0,0,0,0,0,0,0,0,-29000,0,0,0,0,29000,-29000,-29000
055322,欣興國票97購06  ,0,0,0,0,0,0,0,0,0,-29000,0,0,0,0,29000,-29000,-29000
055573,國巨統一97購06  ,0,0,0,0,0,0,0,0,0,-29000,0,0,0,31000,60000,-29000,-29000
04850P,全新永豐94售03  ,0,0,0,0,0,0,0,0,0,-29000,0,0,0,38000,67000,-29000,-29000
051995,矽力元大95購03  ,0,0,0,0,0,0,0,0,0,-29000,0,0,0,0,29000,-29000,-29000
050587,緯穎國票94購02  ,0,0,0,0,0,0,0,0,0,-29000,0,0,0,7000,36000,-29000,-29000
049642,鴻海凱基94購16  ,0,0,0,0,0,0,0,0,0,-29000,0,0,0,1000,30000,-29000,-29000
053834,卜蜂永豐96購01  ,0,0,0,0,0,0,0,0,0,-29000,0,0,0,74000,103000,-29000,-29000
054262,瀚宇博元大96購03,0,0,0,0,0,0,0,0,0,-29000,0,0,0,75000,104000,-29000,-29000
054912,群光凱基97購01  ,0,0,0,0,0,0,0,0,0,-29000,0,0,0,10000,39000,-29000,-29000
05480P,滬深2X凱基96售05,0,0,0,0,0,0,0,0,0,-29000,0,0,0,593000,622000,-29000,-29000
054551,聯發科凱基98購02,0,0,0,0,0,0,0,0,0,-29000,0,0,0,40000,69000,-29000,-29000
053255,貿聯國泰97購01  ,0,0,0,0,0,0,0,0,0,-29000,0,0,0,283000,312000,-29000,-29000
053512,台積電群益96購06,0,0,0,0,0,0,0,0,0,-29000,0,0,0,65000,94000,-29000,-29000
052416,滬深2X兆豐96購02,0,0,0,0,0,0,0,0,0,-29000,0,0,0,0,29000,-29000,-29000
9941A,裕融甲特        ,0,0,0,0,0,0,0,0,0,-29000,1000,30000,-29000,0,0,0,-29000
1515,力山            ,30000,72000,-42000,0,0,0,0,0,0,13000,0,0,0,14000,1000,13000,-29000
2107,厚生            ,19000,48000,-29000,0,0,0,0,0,0,0,0,0,0,0,0,0,-29000
2748,雲品            ,12000,1000,11000,0,0,0,0,40000,-40000,0,0,0,0,0,0,0,-29000
3036,文曄            ,1017000,1023000,-6000,0,0,0,0,0,0,-23000,54000,29000,25000,1000,49000,-48000,-29000
055350,聯發科凱基97購02,0,0,0,0,0,0,0,0,0,-30000,0,0,0,0,30000,-30000,-30000
055025,華新科國泰98購02,0,0,0,0,0,0,0,0,0,-30000,0,0,0,20000,50000,-30000,-30000
055171,凱美統一97購01  ,0,0,0,0,0,0,0,0,0,-30000,0,0,0,0,30000,-30000,-30000
055253,大立光統一97購06,0,0,0,0,0,0,0,0,0,-30000,0,0,0,20000,50000,-30000,-30000
055315,晶技麥證97購01  ,0,0,0,0,30000,-30000,0,0,0,-30000,0,0,0,0,30000,-30000,-30000
055227,聯發科國票98購02,0,0,0,0,0,0,0,0,0,-30000,0,0,0,0,30000,-30000,-30000
055245,凱美統一99購01  ,0,0,0,0,0,0,0,0,0,-30000,0,0,0,0,30000,-30000,-30000
055174,精元統一97購01  ,0,0,0,0,0,0,0,0,0,-30000,0,0,0,10000,40000,-30000,-30000
055894,欣興統一97購03  ,0,0,0,0,0,0,0,0,0,-30000,0,0,0,0,30000,-30000,-30000
055623,貿聯國泰99購01  ,0,0,0,0,0,0,0,0,0,-30000,0,0,0,40000,70000,-30000,-30000
055739,健鼎元富97購01  ,0,0,0,0,0,0,0,0,0,-30000,0,0,0,48000,78000,-30000,-30000
055713,國巨元大98購09  ,0,0,0,0,0,0,0,0,0,-30000,0,0,0,0,30000,-30000,-30000
05856P,A50正2中信99售01,0,0,0,0,0,0,0,0,0,-30000,0,0,0,0,30000,-30000,-30000
056944,鴻海統一98購11  ,0,0,0,0,0,0,0,0,0,-30000,0,0,0,0,30000,-30000,-30000
056577,玉晶光元大99購06,0,0,0,0,0,0,0,0,0,-30000,0,0,0,20000,50000,-30000,-30000
056548,瀚宇博凱基98購02,0,0,0,0,0,0,0,0,0,-30000,0,0,0,23000,53000,-30000,-30000
056727,滬深反凱基9B購01,0,0,0,0,0,0,0,0,0,-30000,0,0,0,0,30000,-30000,-30000
056687,元大金統一98購01,0,0,0,0,0,0,0,0,0,-30000,0,0,0,20000,50000,-30000,-30000
046660,宏達電元大93購07,0,0,0,0,0,0,0,0,0,-30000,0,0,0,0,30000,-30000,-30000
047441,聯發科元大93購15,0,0,0,0,0,0,0,0,0,-30000,0,0,0,0,30000,-30000,-30000
047460,富邦金群益95購01,0,0,0,0,0,0,0,0,0,-30000,0,0,0,0,30000,-30000,-30000
047481,可成凱基93購08  ,0,0,0,0,0,0,0,0,0,-30000,0,0,0,0,30000,-30000,-30000
047898,嘉澤群益93購02  ,0,0,0,0,0,0,0,0,0,-30000,0,0,0,15000,45000,-30000,-30000
047885,元金2X富邦99購01,0,0,0,0,0,0,0,0,0,-30000,0,0,0,0,30000,-30000,-30000
047580,TPK群益94購01   ,0,0,0,0,0,0,0,0,0,-30000,0,0,0,0,30000,-30000,-30000
047002,鴻海統一93購04  ,0,0,0,0,0,0,0,0,0,-30000,0,0,0,0,30000,-30000,-30000
051431,群創元富99購02  ,0,0,0,0,0,0,0,0,0,-30000,0,0,0,0,30000,-30000,-30000
051428,玉晶光統一96購01,0,0,0,0,0,0,0,0,0,-30000,0,0,0,0,30000,-30000,-30000
03641C,臺股指凱基95牛18,0,0,0,0,0,0,0,0,0,-30000,0,0,0,0,30000,-30000,-30000
03604P,群創凱基98售05  ,0,0,0,0,0,0,0,0,0,-30000,0,0,0,300000,330000,-30000,-30000
03637C,臺股指凱基94牛18,0,0,0,0,0,0,0,0,0,-30000,0,0,0,0,30000,-30000,-30000
03430B,臺股指元大9B熊01,0,0,0,0,0,0,0,0,0,-30000,0,0,0,0,30000,-30000,-30000
04564P,大立光凱基94售06,0,0,0,0,0,0,0,0,0,-30000,0,0,0,0,30000,-30000,-30000
04261P,大立光群益93售12,0,0,0,0,0,0,0,0,0,-30000,0,0,0,20000,50000,-30000,-30000
03049X,元展46          ,0,0,0,0,0,0,0,0,0,-30000,0,0,0,0,30000,-30000,-30000
04833P,鴻海元大94售16  ,0,0,0,0,0,0,0,0,0,-30000,0,0,0,0,30000,-30000,-30000
048354,滬深2X永豐93購03,0,0,0,0,0,0,0,0,0,-30000,0,0,0,0,30000,-30000,-30000
048288,T50反1群益93購05,0,0,0,0,0,0,0,0,0,-30000,0,0,0,0,30000,-30000,-30000
044961,聯電中信94購01  ,0,0,0,0,0,0,0,0,0,-30000,0,0,0,0,30000,-30000,-30000
044462,漢唐兆豐93購01  ,0,0,0,0,0,0,0,0,0,-30000,0,0,0,0,30000,-30000,-30000
045213,A50正2元大95購01,0,0,0,0,0,0,0,0,0,-30000,0,0,0,0,30000,-30000,-30000
049795,華通元大96購02  ,0,0,0,0,0,0,0,0,0,-30000,0,0,0,32000,62000,-30000,-30000
050092,鴻海永豐94購04  ,0,0,0,0,0,0,0,0,0,-30000,0,0,0,2000,32000,-30000,-30000
049424,中石化兆豐94購01,0,0,0,0,0,0,0,0,0,-30000,0,0,0,0,30000,-30000,-30000
050513,亞泥元大94購02  ,0,0,0,0,0,0,0,0,0,-30000,0,0,0,84000,114000,-30000,-30000
050538,鴻海凱基95購06  ,0,0,0,0,0,0,0,0,0,-30000,0,0,0,0,30000,-30000,-30000
050493,聯發科永昌96購01,0,0,0,0,0,0,0,0,0,-30000,0,0,0,101000,131000,-30000,-30000
050821,國泰金凱基95購01,0,0,0,0,0,0,0,0,0,-30000,0,0,0,0,30000,-30000,-30000
050378,上証2X群益98購02,0,0,0,0,0,0,0,0,0,-30000,0,0,0,10000,40000,-30000,-30000
050385,貿聯國票95購02  ,0,0,0,0,0,0,0,0,0,-30000,0,0,0,20000,50000,-30000,-30000
050343,鴻海元富94購01  ,0,0,0,0,0,0,0,0,0,-30000,0,0,0,40000,70000,-30000,-30000
051989,華固元大95購02  ,0,0,0,0,0,0,0,0,0,-30000,0,0,0,0,30000,-30000,-30000
052118,鴻海國票96購04  ,0,0,0,0,0,0,0,0,0,-30000,0,0,0,0,30000,-30000,-30000
052056,緯穎凱基95購04  ,0,0,0,0,0,0,0,0,0,-30000,0,0,0,0,30000,-30000,-30000
05205P,緯穎元大95售03  ,0,0,0,0,0,0,0,0,0,-30000,0,0,0,0,30000,-30000,-30000
052171,台積電元大95購21,0,0,0,0,0,0,0,0,0,-30000,0,0,0,180000,210000,-30000,-30000
051853,京元電亞東95購01,0,0,0,0,0,0,0,0,0,-30000,0,0,0,0,30000,-30000,-30000
05185P,鴻海中信95售04  ,0,0,0,0,0,0,0,0,0,-30000,0,0,0,0,30000,-30000,-30000
050021,鴻海元大94購10  ,0,0,0,0,0,0,0,0,0,-30000,0,0,0,48000,78000,-30000,-30000
049264,奇鋐元大95購01  ,0,0,0,0,0,0,0,0,0,-30000,0,0,0,13000,43000,-30000,-30000
048746,台達電元富94購01,0,0,0,0,0,0,0,0,0,-30000,0,0,0,0,30000,-30000,-30000
049054,禾伸堂永豐94購01,0,0,0,0,0,0,0,0,0,-30000,0,0,0,20000,50000,-30000,-30000
049090,茂林凱基94購01  ,0,0,0,0,0,0,0,0,0,-30000,0,0,0,0,30000,-30000,-30000
051377,鴻海群益95購07  ,0,0,0,0,0,0,0,0,0,-30000,0,0,0,0,30000,-30000,-30000
051617,台積電凱基95購14,0,0,0,0,0,0,0,0,0,-30000,0,0,0,20000,50000,-30000,-30000
051573,鴻海元大95購15  ,0,0,0,0,0,0,0,0,0,-30000,0,0,0,0,30000,-30000,-30000
051583,可成元大95購07  ,0,0,0,0,0,0,0,0,0,-30000,0,0,0,0,30000,-30000,-30000
052481,利勤群益95購01  ,0,0,0,0,0,0,0,0,0,-30000,0,0,0,0,30000,-30000,-30000
052589,群創永豐97購01  ,0,0,0,0,0,0,0,0,0,-30000,0,0,0,60000,90000,-30000,-30000
052540,華新科統一95購03,0,0,0,0,0,0,0,0,0,-30000,0,0,0,0,30000,-30000,-30000
052307,潤泰全國泰96購01,0,0,0,0,0,0,0,0,0,-30000,0,0,0,0,30000,-30000,-30000
052278,國巨凱基95購06  ,0,0,0,0,0,0,0,0,0,-30000,0,0,0,0,30000,-30000,-30000
052626,上証2X中信9A購01,0,0,0,0,0,0,0,0,0,-30000,0,0,0,0,30000,-30000,-30000
052841,群創富邦96購02  ,0,0,0,0,0,0,0,0,0,-30000,0,0,0,12000,42000,-30000,-30000
052727,仁寶元富96購01  ,0,0,0,0,0,0,0,0,0,-30000,0,0,0,10000,40000,-30000,-30000
053533,光罩永豐96購03  ,0,0,0,0,0,0,0,0,0,-30000,0,0,0,0,30000,-30000,-30000
053458,聯詠國泰97購01  ,0,0,0,0,0,0,0,0,0,-30000,0,0,0,40000,70000,-30000,-30000
053439,台積電凱基96購11,0,0,0,0,0,0,0,0,0,-30000,0,0,0,0,30000,-30000,-30000
05366P,鴻海元富95售12  ,0,0,0,0,0,0,0,0,0,-30000,0,0,0,0,30000,-30000,-30000
05311P,臺股指群益95售10,0,0,0,0,0,0,0,0,0,-30000,0,0,0,0,30000,-30000,-30000
054687,建準永豐97購02  ,0,0,0,0,0,0,0,0,0,-30000,0,0,0,0,30000,-30000,-30000
054672,華新科國泰99購01,0,0,0,0,0,0,0,0,0,-30000,0,0,0,26000,56000,-30000,-30000
054474,鴻海中信96購03  ,0,0,0,0,0,0,0,0,0,-30000,0,0,0,0,30000,-30000,-30000
054547,鴻海凱基98購02  ,0,0,0,0,0,0,0,0,0,-30000,0,0,0,0,30000,-30000,-30000
054832,興勤中信97購01  ,0,0,0,0,0,0,0,0,0,-30000,0,0,0,0,30000,-30000,-30000
054883,億光統一97購01  ,0,0,0,0,0,0,0,0,0,-30000,0,0,0,0,30000,-30000,-30000
054353,世紀鋼國泰98購01,0,0,0,0,0,0,0,0,0,-30000,0,0,0,300000,330000,-30000,-30000
054362,亞光凱基96購03  ,0,0,0,0,0,0,0,0,0,-30000,0,0,0,0,30000,-30000,-30000
05436P,台積電群益95售07,0,0,0,0,0,0,0,0,0,-30000,0,0,0,0,30000,-30000,-30000
054149,達方元大96購01  ,0,0,0,0,0,0,0,0,0,-30000,0,0,0,0,30000,-30000,-30000
053908,貿聯凱基98購01  ,0,0,0,0,0,0,0,0,0,-30000,0,0,0,20000,50000,-30000,-30000
06449P,台積電元大98售09,0,0,0,0,0,0,0,0,0,-30000,0,0,0,120000,150000,-30000,-30000
06662P,玉晶光中信9A售01,0,0,0,0,0,0,0,0,0,-30000,0,0,0,0,30000,-30000,-30000
9941,裕融            ,30000,60000,-30000,0,0,0,0,0,0,0,0,0,0,0,0,0,-30000
4164,承業醫          ,3000,33000,-30000,0,0,0,0,0,0,0,0,0,0,0,0,0,-30000
056623,禾伸堂永豐98購01,0,0,0,0,0,0,0,0,0,-31000,0,0,0,97000,128000,-31000,-31000
056440,智邦凱基98購03  ,0,0,0,0,0,0,0,0,0,-31000,0,0,0,15000,46000,-31000,-31000
056437,台積電凱基98購11,0,0,0,0,0,0,0,0,0,-31000,0,0,0,0,31000,-31000,-31000
056377,智伸科統一9A購01,0,0,0,0,0,0,0,0,0,-31000,0,0,0,0,31000,-31000,-31000
056883,美食康和98購01  ,0,0,0,0,0,0,0,0,0,-31000,0,0,0,8000,39000,-31000,-31000
055937,康舒群益97購01  ,0,0,0,0,0,0,0,0,0,-31000,0,0,0,194000,225000,-31000,-31000
055996,矽力國泰99購01  ,0,0,0,0,0,0,0,0,0,-31000,0,0,0,150000,181000,-31000,-31000
056050,晶技國票98購01  ,0,0,0,0,0,0,0,0,0,-31000,0,0,0,0,31000,-31000,-31000
042916,佐登元大94購01  ,0,0,0,0,0,0,0,0,0,-31000,0,0,0,10000,41000,-31000,-31000
051402,玉晶光永豐95購04,0,0,0,0,0,0,0,0,0,-31000,0,0,0,20000,51000,-31000,-31000
051071,聯發科國票96購01,0,0,0,0,0,0,0,0,0,-31000,0,0,0,0,31000,-31000,-31000
048036,隆達凱基93購01  ,0,0,0,0,0,0,0,0,0,-31000,0,0,0,0,31000,-31000,-31000
046562,大立光凱基95購01,0,0,0,0,0,0,0,0,0,-31000,0,0,0,1000,32000,-31000,-31000
048569,台虹元大93購03  ,0,0,0,0,0,0,0,0,0,-31000,0,0,0,66000,97000,-31000,-31000
046793,聯發科元富99購01,0,0,0,0,0,0,0,0,0,-31000,0,0,0,0,31000,-31000,-31000
051650,矽力永豐95購01  ,0,0,0,0,0,0,0,0,0,-31000,0,0,0,14000,45000,-31000,-31000
050005,京鼎永豐94購01  ,0,0,0,0,0,0,0,0,0,-31000,0,0,0,50000,81000,-31000,-31000
052061,樺漢國票96購01  ,0,0,0,0,0,0,0,0,0,-31000,0,0,0,0,31000,-31000,-31000
050108,鴻海元大94購13  ,0,0,0,0,0,0,0,0,0,-31000,0,0,0,50000,81000,-31000,-31000
054218,S&P反1統一98購02,0,0,0,0,0,0,0,0,0,-31000,0,0,0,2000,33000,-31000,-31000
054801,康友群益97購02  ,0,0,0,0,0,0,0,0,0,-31000,0,0,0,32000,63000,-31000,-31000
054559,台光電群益99購01,0,0,0,0,0,0,0,0,0,-31000,0,0,0,13000,44000,-31000,-31000
053124,聯發科凱基96購12,0,0,0,0,0,0,0,0,0,-31000,0,0,0,69000,100000,-31000,-31000
052717,正文凱基96購01  ,0,0,0,0,0,0,0,0,0,-31000,0,0,0,19000,50000,-31000,-31000
2328,廣宇            ,129000,176000,-47000,0,0,0,0,0,0,16000,16000,0,16000,0,0,0,-31000
05616P,台光電永豐96售01,0,0,0,0,0,0,0,0,0,-32000,0,0,0,0,32000,-32000,-32000
055119,力成凱基98購01  ,0,0,0,0,0,0,0,0,0,-32000,0,0,0,1000,33000,-32000,-32000
055029,帆宣國泰99購01  ,0,0,0,0,0,0,0,0,0,-32000,0,0,0,17000,49000,-32000,-32000
056370,台郡元大98購03  ,0,0,0,0,0,0,0,0,0,-32000,0,0,0,52000,84000,-32000,-32000
046881,智原富邦99購01  ,0,0,0,0,0,0,0,0,0,-32000,0,0,0,0,32000,-32000,-32000
047151,台積電國票94購02,0,0,0,0,0,0,0,0,0,-32000,0,0,0,0,32000,-32000,-32000
046010,大立光元富92購03,0,0,0,0,0,0,0,0,0,-32000,0,0,0,0,32000,-32000,-32000
045454,上銀元大93購01  ,0,0,0,0,0,0,0,0,0,-32000,0,0,0,1000,33000,-32000,-32000
049684,彩晶統一95購01  ,0,0,0,0,0,0,0,0,0,-32000,0,0,0,0,32000,-32000,-32000
050833,台郡凱基95購01  ,0,0,0,0,0,0,0,0,0,-32000,0,0,0,20000,52000,-32000,-32000
051362,台郡元大95購04  ,0,0,0,0,0,0,0,0,0,-32000,0,0,0,31000,63000,-32000,-32000
051492,臻鼎凱基95購01  ,0,0,0,0,0,0,0,0,0,-32000,0,0,0,24000,56000,-32000,-32000
052612,康舒元大97購01  ,0,0,0,0,0,0,0,0,0,-32000,0,0,0,199000,231000,-32000,-32000
052390,聯詠群益95購03  ,0,0,0,0,0,0,0,0,0,-32000,0,0,0,11000,43000,-32000,-32000
052322,力成元大96購01  ,1000,0,1000,0,0,0,0,0,0,-33000,0,0,0,130000,163000,-33000,-32000
053142,緯穎永豐96購01  ,0,0,0,0,0,0,0,0,0,-32000,0,0,0,125000,157000,-32000,-32000
053343,宏達電國票97購02,0,0,0,0,0,0,0,0,0,-32000,0,0,0,22000,54000,-32000,-32000
053296,貿聯中信98購01  ,0,0,0,0,0,0,0,0,0,-32000,0,0,0,0,32000,-32000,-32000
054624,台積電凱基98購03,0,0,0,0,0,0,0,0,0,-32000,0,0,0,4000,36000,-32000,-32000
054966,貿聯元大98購02  ,0,0,0,0,0,0,0,0,0,-32000,0,0,0,20000,52000,-32000,-32000
3617,碩天            ,17000,49000,-32000,0,0,0,0,0,0,0,0,0,0,0,0,0,-32000
06505P,康控國票99售02  ,0,0,0,0,0,0,0,0,0,-32000,0,0,0,10000,42000,-32000,-32000
06100P,台積電日盛97售03,0,0,0,0,0,0,0,0,0,-32000,0,0,0,19000,51000,-32000,-32000
8070,長華*           ,25000,57000,-32000,0,0,0,0,0,0,0,4000,4000,0,0,0,0,-32000
056709,華通永豐98購01  ,0,0,0,0,0,0,0,0,0,-33000,0,0,0,32000,65000,-33000,-33000
056794,上銀麥證98購01  ,0,0,0,11000,44000,-33000,0,0,0,-33000,0,0,0,11000,44000,-33000,-33000
057137,鈺齊凱基98購01  ,0,0,0,0,0,0,0,0,0,-33000,0,0,0,167000,200000,-33000,-33000
057042,台積電元大98購10,0,0,0,0,0,0,0,0,0,-33000,0,0,0,128000,161000,-33000,-33000
05839P,臺股指富邦96售06,0,0,0,0,0,0,0,0,0,-33000,0,0,0,30000,63000,-33000,-33000
05915P,聯發科元大96售19,0,0,0,0,0,0,0,0,0,-33000,0,0,0,58000,91000,-33000,-33000
057223,富邦金日盛99購01,0,0,0,0,0,0,0,0,0,-33000,0,0,0,0,33000,-33000,-33000
055259,玉晶光統一9A購01,0,0,0,0,0,0,0,0,0,-33000,0,0,0,12000,45000,-33000,-33000
055727,矽力元大97購02  ,0,0,0,0,0,0,0,0,0,-33000,0,0,0,5000,38000,-33000,-33000
03982P,智易國票94售02  ,0,0,0,0,0,0,0,0,0,-33000,0,0,0,0,33000,-33000,-33000
04287P,A50正2中信96售01,0,0,0,0,0,0,0,0,0,-33000,0,0,0,60000,93000,-33000,-33000
046961,大立光中信95購02,0,0,0,0,0,0,0,0,0,-33000,0,0,0,12000,45000,-33000,-33000
051084,華通元大95購06  ,0,0,0,0,0,0,0,0,0,-33000,0,0,0,77000,110000,-33000,-33000
049546,正崴群益94購01  ,0,0,0,0,0,0,0,0,0,-33000,0,0,0,0,33000,-33000,-33000
051673,玉晶光元大96購04,0,0,0,0,0,0,0,0,0,-33000,0,0,0,29000,62000,-33000,-33000
048864,昇陽半群益94購01,0,0,0,0,0,0,0,0,0,-33000,0,0,0,53000,86000,-33000,-33000
050550,大立光凱基95購04,0,0,0,0,0,0,0,0,0,-33000,0,0,0,0,33000,-33000,-33000
049738,神基群益94購01  ,0,0,0,0,0,0,0,0,0,-33000,0,0,0,511000,544000,-33000,-33000
050813,旺宏凱基96購01  ,0,0,0,0,0,0,0,0,0,-33000,0,0,0,7000,40000,-33000,-33000
053948,大立光富邦99購04,0,0,0,0,0,0,0,0,0,-33000,0,0,0,263000,296000,-33000,-33000
053224,矽力凱基96購02  ,0,0,0,0,0,0,0,0,0,-33000,0,0,0,17000,50000,-33000,-33000
053216,京鼎凱基96購02  ,0,0,0,0,0,0,0,0,0,-33000,0,0,0,40000,73000,-33000,-33000
06310P,精元元富97售02  ,0,0,0,0,0,0,0,0,0,-33000,0,0,0,17000,50000,-33000,-33000
2423,固緯            ,22000,55000,-33000,0,0,0,0,0,0,0,0,0,0,0,0,0,-33000
055670,矽創群益98購02  ,0,0,0,0,0,0,0,0,0,-34000,0,0,0,117000,151000,-34000,-34000
055087,瑞昱亞東97購01  ,0,0,0,0,0,0,0,0,0,-34000,0,0,0,0,34000,-34000,-34000
055492,華新科元大97購08,0,0,0,0,0,0,0,0,0,-34000,0,0,0,87000,121000,-34000,-34000
046259,和大凱基92購02  ,0,0,0,0,0,0,0,0,0,-34000,0,0,0,0,34000,-34000,-34000
046240,中鋼中信94購01  ,0,0,0,0,0,0,0,0,0,-34000,0,0,0,80000,114000,-34000,-34000
03085P,台積電元大01售34,0,0,0,0,0,0,0,0,0,-34000,0,0,0,6000,40000,-34000,-34000
049618,美律群益94購03  ,0,0,0,0,0,0,0,0,0,-34000,0,0,0,10000,44000,-34000,-34000
052076,可成元富98購01  ,0,0,0,0,0,0,0,0,0,-34000,0,0,0,26000,60000,-34000,-34000
048985,茂林元大94購01  ,0,0,0,0,0,0,0,0,0,-34000,0,0,0,72000,106000,-34000,-34000
049867,日月光兆豐94購01,0,0,0,0,0,0,0,0,0,-34000,0,0,0,36000,70000,-34000,-34000
050972,台虹永豐95購01  ,0,0,0,0,0,0,0,0,0,-34000,0,0,0,0,34000,-34000,-34000
049149,華新科元大95購03,0,0,0,0,0,0,0,0,0,-34000,0,0,0,117000,151000,-34000,-34000
053919,可成國票97購02  ,0,0,0,0,0,0,0,0,0,-34000,0,0,0,13000,47000,-34000,-34000
054173,奇力新台新97購02,0,0,0,0,0,0,0,0,0,-34000,0,0,0,0,34000,-34000,-34000
5285,界霖            ,37000,71000,-34000,0,0,0,0,0,0,0,0,0,0,0,0,0,-34000
9914,美利達          ,94000,104204,-10204,0,0,0,0,25000,-25000,1000,3000,0,3000,1000,3000,-2000,-34204
055486,國巨元大98購06  ,0,0,0,0,0,0,0,0,0,-35000,0,0,0,105000,140000,-35000,-35000
055363,緯穎凱基98購03  ,0,0,0,0,0,0,0,0,0,-35000,0,0,0,43000,78000,-35000,-35000
055268,和大元大97購01  ,0,0,0,0,0,0,0,0,0,-35000,0,0,0,0,35000,-35000,-35000
056189,樺漢統一97購02  ,0,0,0,0,0,0,0,0,0,-35000,0,0,0,120000,155000,-35000,-35000
057148,玉晶光國票99購04,0,0,0,0,0,0,0,0,0,-35000,0,0,0,1000,36000,-35000,-35000
056971,麗豐永豐98購01  ,0,0,0,0,0,0,0,0,0,-35000,0,0,0,45000,80000,-35000,-35000
057013,聯發科麥證98購01,0,0,0,9000,40000,-31000,0,0,0,-35000,0,0,0,9000,44000,-35000,-35000
056735,國巨凱基99購02  ,0,0,0,0,0,0,0,0,0,-35000,0,0,0,0,35000,-35000,-35000
00654R,富邦印度反1     ,0,35000,-35000,0,0,0,0,0,0,0,0,0,0,1000,1000,0,-35000
045634,友達凱基93購02  ,0,0,0,0,0,0,0,0,0,-35000,0,0,0,5000,40000,-35000,-35000
045567,滬深2X富邦93購01,0,0,0,0,0,0,0,0,0,-35000,0,0,0,0,35000,-35000,-35000
043605,創意元大93購01  ,0,0,0,0,0,0,0,0,0,-35000,0,0,0,0,35000,-35000,-35000
047523,瑞昱元大93購09  ,0,0,0,0,0,0,0,0,0,-35000,0,0,0,0,35000,-35000,-35000
047923,聯發科凱基94購02,0,0,0,0,0,0,0,0,0,-35000,0,0,0,0,35000,-35000,-35000
046896,臻鼎群益94購01  ,0,0,0,0,0,0,0,0,0,-35000,0,0,0,56000,91000,-35000,-35000
04692P,大立光群益94售06,0,0,0,0,0,0,0,0,0,-35000,0,0,0,115000,150000,-35000,-35000
049970,康控國票95購03  ,0,0,0,0,0,0,0,0,0,-35000,0,0,0,10000,45000,-35000,-35000
049948,聯發科麥證94購01,0,0,0,10000,45000,-35000,0,0,0,-35000,0,0,0,10000,45000,-35000,-35000
050970,康舒永豐95購01  ,0,0,0,0,0,0,0,0,0,-35000,0,0,0,25000,60000,-35000,-35000
050603,致新國泰96購01  ,0,0,0,0,0,0,0,0,0,-35000,0,0,0,0,35000,-35000,-35000
048981,牧德元大94購01  ,0,0,0,0,0,0,0,0,0,-35000,0,0,0,0,35000,-35000,-35000
048843,台郡凱基94購01  ,0,0,0,0,0,0,0,0,0,-35000,0,0,0,10000,45000,-35000,-35000
051849,旺宏中信98購01  ,0,0,0,0,0,0,0,0,0,-35000,0,0,0,10000,45000,-35000,-35000
050901,樺漢元大95購02  ,0,0,0,0,0,0,0,0,0,-35000,0,0,0,1000,36000,-35000,-35000
050234,國巨凱基94購10  ,0,0,0,0,0,0,0,0,0,-35000,0,0,0,63000,98000,-35000,-35000
054194,國巨麥證96購02  ,0,0,0,31000,66000,-35000,0,0,0,-35000,0,0,0,31000,66000,-35000,-35000
053744,台郡國票97購03  ,0,0,0,0,0,0,0,0,0,-35000,0,0,0,10000,45000,-35000,-35000
054735,漢唐凱基98購01  ,0,0,0,0,0,0,0,0,0,-35000,0,0,0,0,35000,-35000,-35000
054605,鴻海永豐97購01  ,0,0,0,0,0,0,0,0,0,-35000,0,0,0,0,35000,-35000,-35000
05465P,台表科永豐95售03,0,0,0,0,0,0,0,0,0,-35000,0,0,0,25000,60000,-35000,-35000
054708,華通統一97購02  ,0,0,0,0,0,0,0,0,0,-35000,0,0,0,5000,40000,-35000,-35000
053132,國巨國票97購02  ,0,0,0,0,0,0,0,0,0,-35000,0,0,0,237000,272000,-35000,-35000
053591,大立光元大99購03,0,0,0,0,0,0,0,0,0,-35000,0,0,0,0,35000,-35000,-35000
052405,聯茂凱基95購01  ,0,0,0,0,0,0,0,0,0,-35000,0,0,0,0,35000,-35000,-35000
052280,聯發科凱基95購11,0,0,0,0,0,0,0,0,0,-35000,0,0,0,0,35000,-35000,-35000
052982,鴻海元大97購06  ,0,0,0,0,0,0,0,0,0,-35000,0,0,0,0,35000,-35000,-35000
9955,佳龍            ,3000,38000,-35000,0,0,0,0,0,0,0,0,0,0,0,0,0,-35000
06499P,臺股指元大9A售04,0,0,0,0,0,0,0,0,0,-35000,0,0,0,15000,50000,-35000,-35000
06547P,大立光元大98售09,0,0,0,0,0,0,0,0,0,-35000,0,0,0,25000,60000,-35000,-35000
06139P,台積電中信99售02,0,0,0,0,0,0,0,0,0,-35000,0,0,0,30000,65000,-35000,-35000
8016,矽創            ,359000,406387,-47387,0,0,0,10000,0,10000,2000,2000,10000,-8000,33000,23000,10000,-35387
056671,台灣50元富9A購01,0,0,0,0,0,0,0,0,0,-36000,0,0,0,500000,536000,-36000,-36000
056421,鴻海統一98購08  ,0,0,0,0,0,0,0,0,0,-36000,0,0,0,0,36000,-36000,-36000
056513,臻鼎亞東99購01  ,0,0,0,0,0,0,0,0,0,-36000,0,0,0,49000,85000,-36000,-36000
057082,玉晶光統一9A購04,0,0,0,0,0,0,0,0,0,-36000,0,0,0,0,36000,-36000,-36000
056024,大立光群益97購05,0,0,0,0,0,0,0,0,0,-36000,0,0,0,21000,57000,-36000,-36000
055317,金寶國票98購01  ,0,0,0,0,0,0,0,0,0,-36000,0,0,0,153000,189000,-36000,-36000
046978,復盛永豐93購01  ,0,0,0,0,0,0,0,0,0,-36000,0,0,0,0,36000,-36000,-36000
047919,技嘉凱基93購06  ,0,0,0,0,0,0,0,0,0,-36000,0,0,0,34000,70000,-36000,-36000
051207,聯茂麥證95購01  ,0,0,0,20000,56000,-36000,0,0,0,-36000,0,0,0,20000,56000,-36000,-36000
047663,亞德客永豐93購03,0,0,0,0,0,0,0,0,0,-36000,0,0,0,20000,56000,-36000,-36000
050460,GIS元大95購03   ,0,0,0,0,0,0,0,0,0,-36000,0,0,0,9000,45000,-36000,-36000
050144,宏達電台新95購01,0,0,0,0,0,0,0,0,0,-36000,0,0,0,0,36000,-36000,-36000
050214,嘉晶台新94購01  ,0,0,0,0,0,0,0,0,0,-36000,0,0,0,0,36000,-36000,-36000
052018,京鼎永豐95購02  ,0,0,0,0,0,0,0,0,0,-36000,0,0,0,35000,71000,-36000,-36000
051866,聯發科凱基96購05,0,0,0,0,0,0,0,0,0,-36000,0,0,0,47000,83000,-36000,-36000
048753,智伸科元富94購01,0,0,0,0,0,0,0,0,0,-36000,0,0,0,20000,56000,-36000,-36000
048880,昇陽半國票94購01,0,0,0,0,0,0,0,0,0,-36000,0,0,0,0,36000,-36000,-36000
048711,台郡台新94購01  ,0,0,0,0,0,0,0,0,0,-36000,0,0,0,30000,66000,-36000,-36000
049515,同欣電凱基94購01,0,0,0,0,0,0,0,0,0,-36000,0,0,0,0,36000,-36000,-36000
049893,日月光富邦98購01,0,0,0,0,0,0,0,0,0,-36000,0,0,0,0,36000,-36000,-36000
049880,健策永豐94購02  ,0,0,0,0,0,0,0,0,0,-36000,0,0,0,80000,116000,-36000,-36000
052331,漢唐亞東97購01  ,0,0,0,0,0,0,0,0,0,-36000,0,0,0,0,36000,-36000,-36000
053496,義隆兆豐96購02  ,0,0,0,0,0,0,0,0,0,-36000,0,0,0,2000,38000,-36000,-36000
054587,玉晶光國泰99購01,0,0,0,0,0,0,0,0,0,-36000,0,0,0,16000,52000,-36000,-36000
054553,宏達電凱基99購01,0,0,0,0,0,0,0,0,0,-36000,0,0,0,40000,76000,-36000,-36000
053873,力成元大96購03  ,0,0,0,0,0,0,0,0,0,-36000,0,0,0,26000,62000,-36000,-36000
053989,奇力新兆豐97購01,0,0,0,0,0,0,0,0,0,-36000,0,0,0,30000,66000,-36000,-36000
05403P,台積電富邦95售08,0,0,0,0,0,0,0,0,0,-36000,0,0,0,0,36000,-36000,-36000
054136,亞光元大96購04  ,0,0,0,0,0,0,0,0,0,-36000,0,0,0,43000,79000,-36000,-36000
6120,達運            ,152000,190000,-38000,0,0,0,0,0,0,2000,2000,0,2000,0,0,0,-36000
1733,五鼎            ,11000,47000,-36000,0,0,0,0,0,0,0,0,0,0,0,0,0,-36000
1802,台玻            ,140000,176000,-36000,0,0,0,0,0,0,0,0,0,0,0,0,0,-36000
055319,國巨國票98購03  ,0,0,0,0,0,0,0,0,0,-37000,0,0,0,3000,40000,-37000,-37000
055177,宏達電統一99購01,0,0,0,0,0,0,0,0,0,-37000,0,0,0,191000,228000,-37000,-37000
055102,上銀凱基98購01  ,0,0,0,0,0,0,0,0,0,-37000,0,0,0,271000,308000,-37000,-37000
056053,和大元大97購05  ,0,0,0,0,0,0,0,0,0,-37000,0,0,0,0,37000,-37000,-37000
055684,京鼎凱基97購01  ,0,0,0,0,0,0,0,0,0,-37000,0,0,0,0,37000,-37000,-37000
055850,聯詠元大97購06  ,0,0,0,0,0,0,0,0,0,-37000,0,0,0,125000,162000,-37000,-37000
055764,臺股指群益97購02,0,0,0,0,0,0,0,0,0,-37000,0,0,0,6000,43000,-37000,-37000
05687P,臺股指元大96售12,0,0,0,0,0,0,0,0,0,-37000,0,0,0,17000,54000,-37000,-37000
056536,義隆凱基98購04  ,0,0,0,0,0,0,0,0,0,-37000,0,0,0,0,37000,-37000,-37000
056604,鴻海富邦9A購01  ,0,0,0,0,0,0,0,0,0,-37000,0,0,0,23000,60000,-37000,-37000
051266,國巨富邦99購01  ,0,0,0,0,0,0,0,0,0,-37000,0,0,0,417000,454000,-37000,-37000
046460,聯鈞凱基93購02  ,0,0,0,0,0,0,0,0,0,-37000,0,0,0,32000,69000,-37000,-37000
045088,康控元大94購02  ,0,0,0,0,0,0,0,0,0,-37000,0,0,0,132000,169000,-37000,-37000
049983,智原凱基94購02  ,0,0,0,0,0,0,0,0,0,-37000,0,0,0,8000,45000,-37000,-37000
051383,京鼎群益96購02  ,0,0,0,0,0,0,0,0,0,-37000,0,0,0,100000,137000,-37000,-37000
05197P,智原永豐95售02  ,0,0,0,0,0,0,0,0,0,-37000,0,0,0,0,37000,-37000,-37000
052218,大立光日盛95購01,0,0,0,0,0,0,0,0,0,-37000,0,0,0,16000,53000,-37000,-37000
049410,統一凱基94購02  ,0,0,0,0,0,0,0,0,0,-37000,0,0,0,53000,90000,-37000,-37000
054214,京鼎國票97購02  ,0,0,0,0,0,0,0,0,0,-37000,0,0,0,5000,42000,-37000,-37000
053773,上銀元大96購04  ,0,0,0,0,0,0,0,0,0,-37000,0,0,0,82000,119000,-37000,-37000
052478,大立光群益95購05,0,0,0,0,0,0,0,0,0,-37000,0,0,0,23000,60000,-37000,-37000
06179P,國巨群益97售04  ,0,0,0,0,0,0,0,0,0,-37000,0,0,0,60000,97000,-37000,-37000
8213,志超            ,95000,122000,-27000,0,0,0,0,0,0,-10000,0,0,0,0,10000,-10000,-37000
056647,晶技凱基98購02  ,0,0,0,0,0,0,0,0,0,-38000,0,0,0,9000,47000,-38000,-38000
056809,旺宏統一98購03  ,0,0,0,0,0,0,0,0,0,-38000,0,0,0,10000,48000,-38000,-38000
056911,緯穎元大99購01  ,0,0,0,0,0,0,0,0,0,-38000,0,0,0,70000,108000,-38000,-38000
056903,大立光元大99購04,0,0,0,0,0,0,0,0,0,-38000,0,0,0,5000,43000,-38000,-38000
05711P,茂林國票97售03  ,0,0,0,0,0,0,0,0,0,-38000,0,0,0,44000,82000,-38000,-38000
055924,深中小群益9B購01,0,0,0,0,0,0,0,0,0,-38000,0,0,0,40000,78000,-38000,-38000
055986,祥碩元富97購01  ,0,0,0,0,0,0,0,0,0,-38000,0,0,0,18000,56000,-38000,-38000
055153,台光電元大98購02,0,0,0,0,0,0,0,0,0,-38000,0,0,0,51000,89000,-38000,-38000
055149,國巨元大97購06  ,0,0,0,0,0,0,0,0,0,-38000,0,0,0,89000,127000,-38000,-38000
04320P,亞德客元大93售07,0,0,0,0,0,0,0,0,0,-38000,0,0,0,0,38000,-38000,-38000
04267P,康控元富93售04  ,0,0,0,0,0,0,0,0,0,-38000,0,0,0,0,38000,-38000,-38000
051311,瑞昱麥證95購01  ,0,0,0,331000,351000,-20000,0,0,0,-38000,0,0,0,331000,369000,-38000,-38000
048197,義隆元大93購04  ,0,0,0,0,0,0,0,0,0,-38000,0,0,0,1000,39000,-38000,-38000
050526,貿聯元大95購01  ,0,0,0,0,0,0,0,0,0,-38000,0,0,0,67000,105000,-38000,-38000
049366,聯發科元大94購05,0,0,0,0,0,0,0,0,0,-38000,0,0,0,30000,68000,-38000,-38000
049380,欣興元大94購04  ,0,0,0,0,0,0,0,0,0,-38000,0,0,0,0,38000,-38000,-38000
051590,玉晶光元大96購02,0,0,0,0,0,0,0,0,0,-38000,0,0,0,6000,44000,-38000,-38000
050759,貿聯元富94購02  ,0,0,0,0,0,0,0,0,0,-38000,0,0,0,43000,81000,-38000,-38000
048725,京元電日盛94購01,0,0,0,0,0,0,0,0,0,-38000,0,0,0,10000,48000,-38000,-38000
054303,國巨凱基96購15  ,0,0,0,0,0,0,0,0,0,-38000,0,0,0,0,38000,-38000,-38000
054606,台積電永豐97購02,0,0,0,0,0,0,0,0,0,-38000,0,0,0,19000,57000,-38000,-38000
054684,裕隆永豐97購01  ,0,0,0,0,0,0,0,0,0,-38000,0,0,0,61000,99000,-38000,-38000
054437,欣興台新97購02  ,0,0,0,0,0,0,0,0,0,-38000,0,0,0,48000,86000,-38000,-38000
054841,亞德客兆豐97購01,0,0,0,0,0,0,0,0,0,-38000,0,0,0,71000,109000,-38000,-38000
06360P,台積電群益97售05,0,0,0,0,0,0,0,0,0,-38000,0,0,0,5000,43000,-38000,-38000
055089,金寶群益98購01  ,0,0,0,0,0,0,0,0,0,-39000,0,0,0,172000,211000,-39000,-39000
055078,亞泥中信98購01  ,0,0,0,0,0,0,0,0,0,-39000,0,0,0,21000,60000,-39000,-39000
055967,臻鼎元大97購01  ,0,0,0,0,0,0,0,0,0,-39000,0,0,0,73000,112000,-39000,-39000
056032,勤誠康和97購03  ,0,0,0,0,0,0,0,0,0,-39000,0,0,0,138000,177000,-39000,-39000
056281,深中小永豐97購01,0,0,0,0,0,0,0,0,0,-39000,0,0,0,0,39000,-39000,-39000
047824,臺股指凱基93購18,0,0,0,0,0,0,0,0,0,-39000,0,0,0,0,39000,-39000,-39000
046302,亞德客元大92購02,0,0,0,0,0,0,0,0,0,-39000,0,0,0,0,39000,-39000,-39000
04756P,大立光元富94售08,0,0,0,0,0,0,0,0,0,-39000,0,0,0,15000,54000,-39000,-39000
048376,台達電元富93購01,0,0,0,0,0,0,0,0,0,-39000,0,0,0,10000,49000,-39000,-39000
04731P,臺股指中信96售03,0,0,0,0,0,0,0,0,0,-39000,0,0,0,25000,64000,-39000,-39000
051715,和碩台新95購01  ,0,0,0,0,0,0,0,0,0,-39000,0,0,0,0,39000,-39000,-39000
049363,旺宏元大94購07  ,0,0,0,0,0,0,0,0,0,-39000,0,0,0,21000,60000,-39000,-39000
052036,臺股指群益95購09,0,0,0,0,0,0,0,0,0,-39000,0,0,0,7000,46000,-39000,-39000
050769,聯發科元大94購17,0,0,0,0,0,0,0,0,0,-39000,0,0,0,22000,61000,-39000,-39000
049497,茂林元大94購04  ,0,0,0,0,0,0,0,0,0,-39000,0,0,0,26000,65000,-39000,-39000
054470,緯穎國票97購04  ,0,0,0,0,0,0,0,0,0,-39000,0,0,0,2000,41000,-39000,-39000
052861,台光電凱基96購03,0,0,0,0,0,0,0,0,0,-39000,0,0,0,33000,72000,-39000,-39000
053485,矽創國票97購04  ,0,0,0,0,0,0,0,0,0,-39000,0,0,0,13000,52000,-39000,-39000
053514,麗豐群益96購01  ,0,0,0,0,0,0,0,0,0,-39000,0,0,0,11000,50000,-39000,-39000
2323,中環            ,1487000,1536000,-49000,0,0,0,0,0,0,10000,31000,0,31000,28000,49000,-21000,-39000
05644P,大立光中信9A售03,0,0,0,0,0,0,0,0,0,-40000,0,0,0,0,40000,-40000,-40000
057166,國巨元大99購06  ,0,0,0,0,0,0,0,0,0,-40000,0,0,0,13000,53000,-40000,-40000
057045,美律元大99購04  ,0,0,0,0,0,0,0,0,0,-40000,0,0,0,37000,77000,-40000,-40000
056893,智邦元大98購02  ,0,0,0,0,0,0,0,0,0,-40000,0,0,0,53000,93000,-40000,-40000
057330,台積電國票99購03,0,0,0,0,0,0,0,0,0,-40000,0,0,0,0,40000,-40000,-40000
05826P,臺股指凱基96售23,0,0,0,0,0,0,0,0,0,-40000,0,0,0,105000,145000,-40000,-40000
055956,瑞昱元大97購05  ,0,0,0,0,0,0,0,0,0,-40000,0,0,0,17000,57000,-40000,-40000
055999,電子類富邦99購01,0,0,0,0,0,0,0,0,0,-40000,0,0,0,0,40000,-40000,-40000
05612P,台積電元大96售13,0,0,0,0,0,0,0,0,0,-40000,0,0,0,0,40000,-40000,-40000
055741,健策元富97購01  ,0,0,0,0,0,0,0,0,0,-40000,0,0,0,103000,143000,-40000,-40000
055132,台虹康和97購01  ,0,0,0,0,0,0,0,0,0,-40000,0,0,0,0,40000,-40000,-40000
055436,晶豪科中信99購01,0,0,0,0,0,0,0,0,0,-40000,0,0,0,0,40000,-40000,-40000
055471,聯發科凱基97購04,0,0,0,0,0,0,0,0,0,-40000,0,0,0,1000,41000,-40000,-40000
045021,臺股指中信94購02,0,0,0,0,0,0,0,0,0,-40000,0,0,0,0,40000,-40000,-40000
045362,A50正2兆豐93購02,0,0,0,0,0,0,0,0,0,-40000,0,0,0,0,40000,-40000,-40000
044401,亞光凱基93購01  ,0,0,0,0,0,0,0,0,0,-40000,0,0,0,0,40000,-40000,-40000
04269P,華通國票93售03  ,0,0,0,0,0,0,0,0,0,-40000,0,0,0,0,40000,-40000,-40000
00757,統一FANG+       ,0,0,0,0,0,0,0,0,0,-40000,0,0,0,246000,286000,-40000,-40000
045814,可成麥證93購01  ,0,0,0,0,40000,-40000,0,0,0,-40000,0,0,0,0,40000,-40000,-40000
046187,友達凱基93購03  ,0,0,0,0,0,0,0,0,0,-40000,0,0,0,0,40000,-40000,-40000
047514,亞光國票94購01  ,0,0,0,0,0,0,0,0,0,-40000,0,0,0,0,40000,-40000,-40000
046750,鴻海凱基93購17  ,0,0,0,0,0,0,0,0,0,-40000,0,0,0,0,40000,-40000,-40000
046619,可成凱基93購01  ,0,0,0,0,0,0,0,0,0,-40000,0,0,0,0,40000,-40000,-40000
048534,貿聯國票94購01  ,0,0,0,0,0,0,0,0,0,-40000,0,0,0,21000,61000,-40000,-40000
047896,京元電群益93購01,0,0,0,0,0,0,0,0,0,-40000,0,0,0,0,40000,-40000,-40000
046479,群創元富94購01  ,0,0,0,0,0,0,0,0,0,-40000,0,0,0,0,40000,-40000,-40000
046552,晶技麥證92購01  ,0,0,0,0,40000,-40000,0,0,0,-40000,0,0,0,0,40000,-40000,-40000
046934,智邦元富96購01  ,0,0,0,0,0,0,0,0,0,-40000,0,0,0,15000,55000,-40000,-40000
051181,鴻海永豐95購03  ,0,0,0,0,0,0,0,0,0,-40000,0,0,0,0,40000,-40000,-40000
051155,聯發科國泰96購01,0,0,0,0,0,0,0,0,0,-40000,0,0,0,93000,133000,-40000,-40000
050818,華新科凱基95購02,0,0,0,0,0,0,0,0,0,-40000,0,0,0,10000,50000,-40000,-40000
049825,台積電凱基94購26,0,0,0,0,0,0,0,0,0,-40000,0,0,0,10000,50000,-40000,-40000
049731,A50正2群益94購02,0,0,0,0,0,0,0,0,0,-40000,0,0,0,0,40000,-40000,-40000
049670,鈺齊國泰96購01  ,0,0,0,0,0,0,0,0,0,-40000,0,0,0,0,40000,-40000,-40000
049655,臺股指凱基94購16,0,0,0,0,0,0,0,0,0,-40000,0,0,0,0,40000,-40000,-40000
052010,兆豐金中信95購01,0,0,0,0,0,0,0,0,0,-40000,0,0,0,10000,50000,-40000,-40000
051862,旺宏凱基95購05  ,0,0,0,0,0,0,0,0,0,-40000,0,0,0,3000,43000,-40000,-40000
048965,佳世達元大94購01,0,0,0,0,0,0,0,0,0,-40000,0,0,0,0,40000,-40000,-40000
048926,燿華永豐95購01  ,0,0,0,0,0,0,0,0,0,-40000,0,0,0,10000,50000,-40000,-40000
048687,旺宏群益96購01  ,0,0,0,0,0,0,0,0,0,-40000,0,0,0,0,40000,-40000,-40000
04954P,健策國票96售01  ,0,0,0,0,0,0,0,0,0,-40000,0,0,0,0,40000,-40000,-40000
050071,明泰凱基94購01  ,0,0,0,0,0,0,0,0,0,-40000,0,0,0,10000,50000,-40000,-40000
049979,美律凱基94購07  ,0,0,0,0,0,0,0,0,0,-40000,0,0,0,0,40000,-40000,-40000
05072P,聯電元富95售02  ,0,0,0,0,0,0,0,0,0,-40000,0,0,0,10000,50000,-40000,-40000
049117,矽格統一96購01  ,0,0,0,0,0,0,0,0,0,-40000,0,0,0,0,40000,-40000,-40000
049914,瑞昱元大94購06  ,0,0,0,0,0,0,0,0,0,-40000,0,0,0,20000,60000,-40000,-40000
053069,同欣電群益98購01,0,0,0,0,0,0,0,0,0,-40000,0,0,0,59000,99000,-40000,-40000
05321P,鴻海凱基95售17  ,0,0,0,0,0,0,0,0,0,-40000,0,0,0,2000,42000,-40000,-40000
052855,群創日盛99購01  ,0,0,0,0,0,0,0,0,0,-40000,0,0,0,67000,107000,-40000,-40000
052912,日月光統一96購01,0,0,0,0,0,0,0,0,0,-40000,0,0,0,28000,68000,-40000,-40000
052978,貿聯麥證97購01  ,0,0,0,0,40000,-40000,0,0,0,-40000,0,0,0,0,40000,-40000,-40000
052950,超眾國票98購01  ,0,0,0,0,0,0,0,0,0,-40000,0,0,0,431000,471000,-40000,-40000
052667,漢唐群益96購01  ,0,0,0,0,0,0,0,0,0,-40000,0,0,0,0,40000,-40000,-40000
052712,旺宏凱基96購02  ,0,0,0,0,0,0,0,0,0,-40000,0,0,0,112000,152000,-40000,-40000
052402,健策凱基97購01  ,0,0,0,0,0,0,0,0,0,-40000,0,0,0,276000,316000,-40000,-40000
052370,滬深2X元大95購04,0,0,0,0,0,0,0,0,0,-40000,0,0,0,0,40000,-40000,-40000
054535,旺宏富邦97購02  ,0,0,0,0,0,0,0,0,0,-40000,0,0,0,5000,45000,-40000,-40000
05473P,聯詠統一97售02  ,0,0,0,0,0,0,0,0,0,-40000,0,0,0,0,40000,-40000,-40000
054779,台塑群益98購01  ,0,0,0,0,0,0,0,0,0,-40000,0,0,0,11000,51000,-40000,-40000
054970,帆宣元大97購01  ,0,0,0,0,0,0,0,0,0,-40000,0,0,0,10000,50000,-40000,-40000
055010,佐登元富97購01  ,350000,0,350000,0,0,0,0,0,0,-390000,0,0,0,40000,430000,-390000,-40000
054180,亞泥康和96購01  ,0,0,0,0,0,0,0,0,0,-40000,0,0,0,18000,58000,-40000,-40000
053767,臻鼎富邦97購02  ,0,0,0,0,0,0,0,0,0,-40000,0,0,0,10000,50000,-40000,-40000
054047,富邦金元大97購01,0,0,0,0,0,0,0,0,0,-40000,0,0,0,55000,95000,-40000,-40000
1592,英瑞-KY         ,16000,53000,-37000,0,0,0,0,0,0,-3000,0,3000,-3000,0,0,0,-40000
06291P,臺股指國票97售05,0,0,0,0,0,0,0,0,0,-40000,0,0,0,0,40000,-40000,-40000
06540P,聯發科凱基98售13,0,0,0,0,0,0,0,0,0,-40000,0,0,0,30000,70000,-40000,-40000
06675P,國巨國票99售02  ,0,0,0,0,0,0,0,0,0,-40000,0,0,0,0,40000,-40000,-40000
06640P,國巨兆豐99售02  ,0,0,0,0,0,0,0,0,0,-40000,0,0,0,0,40000,-40000,-40000
06058P,玉晶光凱基97售04,0,0,0,0,0,0,0,0,0,-40000,0,0,0,60000,100000,-40000,-40000
05986P,大立光統一97售03,0,0,0,0,0,0,0,0,0,-40000,0,0,0,0,40000,-40000,-40000
4141,龍燈-KY         ,0,40000,-40000,0,0,0,0,0,0,0,0,0,0,0,0,0,-40000
055441,緯穎國票98購01  ,0,0,0,0,0,0,0,0,0,-41000,0,0,0,0,41000,-41000,-41000
055880,神達元富97購02  ,0,0,0,0,0,0,0,0,0,-41000,0,0,0,10000,51000,-41000,-41000
05577P,上銀凱基96售02  ,0,0,0,0,0,0,0,0,0,-41000,0,0,0,0,41000,-41000,-41000
056912,臺股指元大99購04,0,0,0,0,0,0,0,0,0,-41000,0,0,0,20000,61000,-41000,-41000
057153,祥碩國泰99購01  ,0,0,0,0,0,0,0,0,0,-41000,0,0,0,94000,135000,-41000,-41000
056528,為升凱基98購01  ,0,0,0,0,0,0,0,0,0,-41000,0,0,0,30000,71000,-41000,-41000
056363,華新科元大99購04,0,0,0,0,0,0,0,0,0,-41000,0,0,0,24000,65000,-41000,-41000
056783,國巨群益99購01  ,0,0,0,0,0,0,0,0,0,-41000,0,0,0,73000,114000,-41000,-41000
051166,可成元大95購02  ,0,0,0,0,0,0,0,0,0,-41000,0,0,0,10000,51000,-41000,-41000
048080,元石油凱基96購01,0,0,0,0,0,0,0,0,0,-41000,0,0,0,0,41000,-41000,-41000
046072,台勝科凱基92購03,0,0,0,0,0,0,0,0,0,-41000,0,0,0,0,41000,-41000,-41000
049584,台積電元大96購04,0,0,0,0,0,0,0,0,0,-41000,0,0,0,126000,167000,-41000,-41000
049585,旺宏元大95購02  ,0,0,0,0,0,0,0,0,0,-41000,0,0,0,110000,151000,-41000,-41000
048656,大立光元富93購05,0,0,0,0,0,0,0,0,0,-41000,0,0,0,10000,51000,-41000,-41000
052154,緯創台新95購01  ,0,0,0,0,0,0,0,0,0,-41000,0,0,0,0,41000,-41000,-41000
049310,台積電凱基94購15,0,0,0,0,0,0,0,0,0,-41000,0,0,0,3000,44000,-41000,-41000
052819,義隆永豐96購01  ,0,0,0,0,0,0,0,0,0,-41000,0,0,0,20000,61000,-41000,-41000
050801,元金2X群益98購01,0,0,0,0,0,0,0,0,0,-41000,0,0,0,0,41000,-41000,-41000
054021,義隆台新96購01  ,0,0,0,0,0,0,0,0,0,-41000,0,0,0,0,41000,-41000,-41000
054560,全新群益98購03  ,0,0,0,0,0,0,0,0,0,-41000,0,0,0,0,41000,-41000,-41000
052313,聯電元大98購01  ,0,0,0,0,0,0,0,0,0,-41000,0,0,0,63000,104000,-41000,-41000
052983,國巨元大96購07  ,0,0,0,0,0,0,0,0,0,-41000,0,0,0,193000,234000,-41000,-41000
053283,同欣電元大96購03,0,0,0,0,0,0,0,0,0,-41000,0,0,0,49000,90000,-41000,-41000
053049,T50反1國票98購01,0,0,0,0,0,0,0,0,0,-41000,0,0,0,80000,121000,-41000,-41000
053413,台積電國票99購01,0,0,0,0,0,0,0,0,0,-41000,0,0,0,14000,55000,-41000,-41000
06658P,台灣50富邦9C售01,0,0,0,0,0,0,0,0,0,-41000,0,0,0,0,41000,-41000,-41000
1446,宏和            ,1000,42000,-41000,0,0,0,0,0,0,0,0,0,0,0,0,0,-41000
057095,祥碩元富98購02  ,0,0,0,0,0,0,0,0,0,-42000,0,0,0,0,42000,-42000,-42000
056199,美律永豐97購01  ,0,0,0,0,0,0,0,0,0,-42000,0,0,0,0,42000,-42000,-42000
055060,聯陽永豐97購01  ,0,0,0,0,0,0,0,0,0,-42000,0,0,0,0,42000,-42000,-42000
048061,鴻海統一95購03  ,0,0,0,0,0,0,0,0,0,-42000,0,0,0,0,42000,-42000,-42000
048403,聯發科群益93購10,0,0,0,0,0,0,0,0,0,-42000,0,0,0,55000,97000,-42000,-42000
050533,致新元大94購03  ,0,0,0,0,0,0,0,0,0,-42000,0,0,0,0,42000,-42000,-42000
051641,矽創國票96購01  ,0,0,0,0,0,0,0,0,0,-42000,0,0,0,0,42000,-42000,-42000
053019,禾伸堂元富96購01,0,0,0,0,0,0,0,0,0,-42000,0,0,0,66000,108000,-42000,-42000
054430,上銀台新96購02  ,0,0,0,0,0,0,0,0,0,-42000,0,0,0,2000,44000,-42000,-42000
05490P,鴻海元大95售23  ,0,0,0,0,0,0,0,0,0,-42000,0,0,0,28000,70000,-42000,-42000
054786,全新群益99購02  ,0,0,0,0,0,0,0,0,0,-42000,0,0,0,0,42000,-42000,-42000
054120,奇力新永豐96購01,0,0,0,0,0,0,0,0,0,-42000,0,0,0,6000,48000,-42000,-42000
1104,環泥            ,47000,89000,-42000,0,0,0,0,0,0,0,0,0,0,0,0,0,-42000
06475P,牧德永豐98售03  ,0,0,0,0,0,0,0,0,0,-42000,0,0,0,105000,147000,-42000,-42000
06060P,玉晶光元大97售03,0,0,0,0,0,0,0,0,0,-42000,0,0,0,92000,134000,-42000,-42000
055432,臻鼎群益97購02  ,0,0,0,0,0,0,0,0,0,-43000,0,0,0,35000,78000,-43000,-43000
055469,台光電凱基97購01,0,0,0,0,0,0,0,0,0,-43000,0,0,0,1000,44000,-43000,-43000
055962,晶豪科元大97購02,0,0,0,0,0,0,0,0,0,-43000,0,0,0,13000,56000,-43000,-43000
055806,致新永豐97購02  ,0,0,0,0,0,0,0,0,0,-43000,0,0,0,0,43000,-43000,-43000
05780P,台積電統一96售07,0,0,0,0,0,0,0,0,0,-43000,0,0,0,41000,84000,-43000,-43000
056396,祥碩永豐98購01  ,0,0,0,0,0,0,0,0,0,-43000,0,0,0,2000,45000,-43000,-43000
056255,華新科元富97購05,0,0,0,0,0,0,0,0,0,-43000,0,0,0,19000,62000,-43000,-43000
056444,南亞科凱基99購01,0,0,0,0,0,0,0,0,0,-43000,0,0,0,0,43000,-43000,-43000
048875,晶相光國票94購01,0,0,0,0,0,0,0,0,0,-43000,0,0,0,4000,47000,-43000,-43000
049600,緯穎元大95購02  ,0,0,0,0,0,0,0,0,0,-43000,0,0,0,30000,73000,-43000,-43000
049994,聯茂台新94購02  ,0,0,0,0,0,0,0,0,0,-43000,0,0,0,0,43000,-43000,-43000
049385,茂林元大94購03  ,0,0,0,0,0,0,0,0,0,-43000,0,0,0,60000,103000,-43000,-43000
053914,國巨國票96購08  ,0,0,0,0,0,0,0,0,0,-43000,0,0,0,3000,46000,-43000,-43000
054788,華新科群益98購02,0,0,0,0,0,0,0,0,0,-43000,0,0,0,39000,82000,-43000,-43000
054737,京元電凱基99購01,0,0,0,0,0,0,0,0,0,-43000,0,0,0,46000,89000,-43000,-43000
054420,緯穎元大96購08  ,0,0,0,0,0,0,0,0,0,-43000,0,0,0,235000,278000,-43000,-43000
054557,臻鼎凱基98購01  ,0,0,0,0,0,0,0,0,0,-43000,0,0,0,0,43000,-43000,-43000
053616,奇力新群益97購01,0,0,0,0,0,0,0,0,0,-43000,0,0,0,183000,226000,-43000,-43000
1459,聯發            ,0,43000,-43000,0,0,0,0,0,0,0,0,0,0,0,0,0,-43000
1444,力麗            ,209000,252000,-43000,0,0,0,0,0,0,0,0,0,0,0,0,0,-43000
1321,大洋            ,18000,34000,-16000,0,0,0,0,0,0,-27000,0,27000,-27000,0,0,0,-43000
1558,伸興            ,11000,11000,0,0,0,0,0,0,0,-43000,0,43000,-43000,0,0,0,-43000
056486,樺漢元大98購04  ,0,0,0,0,0,0,0,0,0,-44000,0,0,0,21000,65000,-44000,-44000
05884P,旺宏統一96售01  ,0,0,0,0,0,0,0,0,0,-44000,0,0,0,302000,346000,-44000,-44000
05859P,台表科國票97售04,0,0,0,0,0,0,0,0,0,-44000,0,0,0,0,44000,-44000,-44000
056905,欣興元大98購03  ,0,0,0,0,0,0,0,0,0,-44000,0,0,0,27000,71000,-44000,-44000
056870,全新日盛9A購01  ,0,0,0,0,0,0,0,0,0,-44000,0,0,0,36000,80000,-44000,-44000
048388,華通國票94購01  ,0,0,0,0,0,0,0,0,0,-44000,0,0,0,0,44000,-44000,-44000
049325,智邦元富94購02  ,0,0,0,0,0,0,0,0,0,-44000,0,0,0,199000,243000,-44000,-44000
050335,正崴國泰96購01  ,0,0,0,0,0,0,0,0,0,-44000,0,0,0,0,44000,-44000,-44000
050375,矽創元大94購02  ,0,0,0,0,0,0,0,0,0,-44000,0,0,0,0,44000,-44000,-44000
049788,智伸科兆豐95購01,0,0,0,0,0,0,0,0,0,-44000,0,0,0,25000,69000,-44000,-44000
051545,裕隆康和95購01  ,0,0,0,0,0,0,0,0,0,-44000,0,0,0,1000,45000,-44000,-44000
050997,麗豐元大95購03  ,0,0,0,0,0,0,0,0,0,-44000,0,0,0,0,44000,-44000,-44000
053701,台積電兆豐96購05,0,0,0,0,0,0,0,0,0,-44000,0,0,0,161000,205000,-44000,-44000
053459,康控國泰97購01  ,0,0,0,0,0,0,0,0,0,-44000,0,0,0,83000,127000,-44000,-44000
053056,同欣電國票97購01,0,0,0,0,0,0,0,0,0,-44000,0,0,0,8000,52000,-44000,-44000
054982,國巨元富97購03  ,0,0,0,0,0,0,0,0,0,-44000,0,0,0,413000,457000,-44000,-44000
06094P,台達電中信97售01,0,0,0,0,0,0,0,0,0,-44000,0,0,0,45000,89000,-44000,-44000
06419P,國巨統一97售09  ,0,0,0,0,0,0,0,0,0,-44000,0,0,0,74000,118000,-44000,-44000
057111,立積群益98購02  ,0,0,0,0,0,0,0,0,0,-45000,0,0,0,74000,119000,-45000,-45000
056742,玉晶光凱基9A購01,0,0,0,0,0,0,0,0,0,-45000,0,0,0,20000,65000,-45000,-45000
056710,漢唐永豐98購01  ,0,0,0,0,0,0,0,0,0,-45000,0,0,0,0,45000,-45000,-45000
056609,楠梓電永豐98購02,0,0,0,0,0,0,0,0,0,-45000,0,0,0,32000,77000,-45000,-45000
055796,南電國泰98購01  ,0,0,0,0,0,0,0,0,0,-45000,0,0,0,20000,65000,-45000,-45000
055893,大立光統一97購07,0,0,0,0,0,0,0,0,0,-45000,0,0,0,0,45000,-45000,-45000
055393,華新科統一97購03,0,0,0,0,0,0,0,0,0,-45000,0,0,0,0,45000,-45000,-45000
055032,億光富邦99購01  ,0,0,0,0,0,0,0,0,0,-45000,0,0,0,0,45000,-45000,-45000
047529,嘉晶元大94購02  ,0,0,0,0,0,0,0,0,0,-45000,0,0,0,1000,46000,-45000,-45000
046625,勤誠凱基93購01  ,0,0,0,0,0,0,0,0,0,-45000,0,0,0,2000,47000,-45000,-45000
047954,漢唐永豐93購02  ,0,0,0,0,0,0,0,0,0,-45000,0,0,0,0,45000,-45000,-45000
048028,聯發科凱基93購25,0,0,0,0,0,0,0,0,0,-45000,0,0,0,1000,46000,-45000,-45000
047719,聯茂凱基94購01  ,0,0,0,0,0,0,0,0,0,-45000,0,0,0,0,45000,-45000,-45000
048008,聯發科富邦95購02,0,0,0,0,0,0,0,0,0,-45000,0,0,0,53000,98000,-45000,-45000
051201,台積電麥證95購02,0,0,0,0,45000,-45000,0,0,0,-45000,0,0,0,0,45000,-45000,-45000
051062,超眾群益95購02  ,0,0,0,0,0,0,0,0,0,-45000,0,0,0,52000,97000,-45000,-45000
04590P,元石油元大97售01,0,0,0,0,0,0,0,0,0,-45000,0,0,0,0,45000,-45000,-45000
049897,華新科統一94購07,0,0,0,0,0,0,0,0,0,-45000,0,0,0,0,45000,-45000,-45000
050327,泰鼎永豐94購03  ,0,0,0,0,0,0,0,0,0,-45000,0,0,0,209000,254000,-45000,-45000
050573,光寶科國票94購01,0,0,0,0,0,0,0,0,0,-45000,0,0,0,0,45000,-45000,-45000
052212,可成元大95購11  ,0,0,0,0,0,0,0,0,0,-45000,0,0,0,0,45000,-45000,-45000
051975,美食凱基95購02  ,0,0,0,0,0,0,0,0,0,-45000,0,0,0,0,45000,-45000,-45000
054115,台塑康和96購01  ,0,0,0,0,0,0,0,0,0,-45000,0,0,0,0,45000,-45000,-45000
054357,可成兆豐97購02  ,0,0,0,0,0,0,0,0,0,-45000,0,0,0,5000,50000,-45000,-45000
054263,聯茂元大96購02  ,0,0,0,0,0,0,0,0,0,-45000,0,0,0,3000,48000,-45000,-45000
053377,台積電元大98購01,0,0,0,0,0,0,0,0,0,-45000,0,0,0,64000,109000,-45000,-45000
053433,友達日盛99購06  ,0,0,0,0,0,0,0,0,0,-45000,0,0,0,5000,50000,-45000,-45000
053384,聯發科元大96購13,0,0,0,0,0,0,0,0,0,-45000,0,0,0,365000,410000,-45000,-45000
053521,緯穎群益96購02  ,0,0,0,0,0,0,0,0,0,-45000,0,0,0,110000,155000,-45000,-45000
05351P,臺股指元富95售05,0,0,0,0,0,0,0,0,0,-45000,0,0,0,0,45000,-45000,-45000
052629,訊芯中信99購01  ,0,0,0,0,0,0,0,0,0,-45000,0,0,0,40000,85000,-45000,-45000
06390P,美律國票97售03  ,0,0,0,0,0,0,0,0,0,-45000,0,0,0,105000,150000,-45000,-45000
06255P,臺股指群益97售08,0,0,0,0,0,0,0,0,0,-45000,0,0,0,0,45000,-45000,-45000
2348,海悅            ,14000,30000,-16000,0,0,0,0,25000,-25000,-4000,0,4000,-4000,0,0,0,-45000
2444,兆勁            ,6000,51000,-45000,0,0,0,0,0,0,0,0,0,0,0,0,0,-45000
055141,牧德永豐98購02  ,0,0,0,0,0,0,0,0,0,-46000,0,0,0,4000,50000,-46000,-46000
055234,昇陽半國票98購02,0,0,0,0,0,0,0,0,0,-46000,0,0,0,60000,106000,-46000,-46000
055866,臺股指元大97購03,0,0,0,0,0,0,0,0,0,-46000,0,0,0,5000,51000,-46000,-46000
056812,泰鼎統一98購01  ,0,0,0,0,0,0,0,0,0,-46000,0,0,0,480000,526000,-46000,-46000
056951,牧德統一99購01  ,0,0,0,0,0,0,0,0,0,-46000,0,0,0,10000,56000,-46000,-46000
05848P,臺股指元大96售24,0,0,0,0,0,0,0,0,0,-46000,0,0,0,213000,259000,-46000,-46000
057240,茂林凱基9A購01  ,0,0,0,0,0,0,0,0,0,-46000,0,0,0,105000,151000,-46000,-46000
03826P,瀚宇博元大95售01,0,0,0,0,0,0,0,0,0,-46000,0,0,0,20000,66000,-46000,-46000
041824,元油2X國票96購01,0,0,0,0,0,0,0,0,0,-46000,0,0,0,2000,48000,-46000,-46000
051284,上銀統一95購02  ,0,0,0,0,0,0,0,0,0,-46000,0,0,0,1000,47000,-46000,-46000
047925,可成凱基94購01  ,0,0,0,0,0,0,0,0,0,-46000,0,0,0,10000,56000,-46000,-46000
048557,瑞昱元大94購01  ,0,0,0,0,0,0,0,0,0,-46000,0,0,0,4000,50000,-46000,-46000
046700,台郡凱基93購02  ,0,0,0,0,0,0,0,0,0,-46000,0,0,0,11000,57000,-46000,-46000
052208,力成麥證95購01  ,0,0,0,54000,100000,-46000,0,0,0,-46000,0,0,0,54000,100000,-46000,-46000
052180,緯穎元大96購05  ,0,0,0,0,0,0,0,0,0,-46000,0,0,0,133000,179000,-46000,-46000
049348,瑞昱台新94購01  ,0,0,0,0,0,0,0,0,0,-46000,0,0,0,48000,94000,-46000,-46000
04938P,亞德客國票95售01,0,0,0,0,0,0,0,0,0,-46000,0,0,0,0,46000,-46000,-46000
050516,華通元大95購05  ,0,0,0,0,0,0,0,0,0,-46000,0,0,0,1000,47000,-46000,-46000
050246,大立光凱基94購13,0,0,0,0,0,0,0,0,0,-46000,0,0,0,0,46000,-46000,-46000
049614,聯茂中信94購01  ,0,0,0,0,0,0,0,0,0,-46000,0,0,0,48000,94000,-46000,-46000
048989,矽格元大94購02  ,0,0,0,0,0,0,0,0,0,-46000,0,0,0,48000,94000,-46000,-46000
052658,友達元富9C購01  ,0,0,0,0,0,0,0,0,0,-46000,0,0,0,0,46000,-46000,-46000
052449,創意元大95購04  ,0,0,0,0,0,0,0,0,0,-46000,0,0,0,0,46000,-46000,-46000
052595,奇力新群益96購01,0,0,0,0,0,0,0,0,0,-46000,0,0,0,296000,342000,-46000,-46000
054750,聯茂凱基98購02  ,0,0,0,0,0,0,0,0,0,-46000,0,0,0,6000,52000,-46000,-46000
054825,康友元大97購01  ,0,0,0,0,0,0,0,0,0,-46000,0,0,0,14000,60000,-46000,-46000
054558,劍麟群益99購01  ,0,0,0,0,0,0,0,0,0,-46000,0,0,0,34000,80000,-46000,-46000
054638,國泰金中信99購01,0,0,0,0,0,0,0,0,0,-46000,0,0,0,0,46000,-46000,-46000
2103,台橡            ,74000,120000,-46000,0,0,0,0,0,0,0,0,0,0,0,0,0,-46000
1734,杏輝            ,14000,60000,-46000,0,0,0,0,0,0,0,1000,1000,0,0,0,0,-46000
056811,健策統一9B購01  ,0,0,0,0,0,0,0,0,0,-47000,0,0,0,20000,67000,-47000,-47000
056557,世紀鋼凱基98購02,0,0,0,0,0,0,0,0,0,-47000,0,0,0,52000,99000,-47000,-47000
055361,樺漢凱基97購01  ,0,0,0,0,0,0,0,0,0,-47000,0,0,0,34000,81000,-47000,-47000
055382,台郡元大99購01  ,0,0,0,0,0,0,0,0,0,-47000,0,0,0,12000,59000,-47000,-47000
055467,國巨凱基97購05  ,0,0,0,0,0,0,0,0,0,-47000,0,0,0,174000,221000,-47000,-47000
048442,友訊凱基94購01  ,0,0,0,0,0,0,0,0,0,-47000,0,0,0,290000,337000,-47000,-47000
049024,玉晶光群益97購01,0,0,0,0,0,0,0,0,0,-47000,0,0,0,30000,77000,-47000,-47000
048972,晶豪科元大94購01,0,0,0,0,0,0,0,0,0,-47000,0,0,0,36000,83000,-47000,-47000
051730,為升國票96購02  ,0,0,0,0,0,0,0,0,0,-47000,0,0,0,0,47000,-47000,-47000
049153,大立光元大96購02,0,0,0,0,0,0,0,0,0,-47000,0,0,0,14000,61000,-47000,-47000
049933,GIS元大95購01   ,0,0,0,0,0,0,0,0,0,-47000,0,0,0,9000,56000,-47000,-47000
049359,台達電元大94購06,0,0,0,0,0,0,0,0,0,-47000,0,0,0,3000,50000,-47000,-47000
05445P,聯詠元大95售05  ,0,0,0,0,0,0,0,0,0,-47000,0,0,0,0,47000,-47000,-47000
054975,福懋科元大97購01,0,0,0,0,0,0,0,0,0,-47000,0,0,0,196000,243000,-47000,-47000
054055,全新國票99購02  ,0,0,0,0,0,0,0,0,0,-47000,0,0,0,21000,68000,-47000,-47000
052309,健策國泰97購01  ,0,0,0,0,0,0,0,0,0,-47000,0,0,0,31000,78000,-47000,-47000
053599,崇越元大96購01  ,0,0,0,0,0,0,0,0,0,-47000,0,0,0,3000,50000,-47000,-47000
2106,建大            ,41000,88000,-47000,0,0,0,0,0,0,0,0,0,0,0,0,0,-47000
055507,樺漢元大98購02  ,0,0,0,0,0,0,0,0,0,-48000,0,0,0,263000,311000,-48000,-48000
055575,華新科統一98購01,0,0,0,0,0,0,0,0,0,-48000,0,0,0,48000,96000,-48000,-48000
055030,帆宣國泰99購02  ,0,0,0,0,0,0,0,0,0,-48000,0,0,0,0,48000,-48000,-48000
056682,鴻海統一98購10  ,0,0,0,0,0,0,0,0,0,-48000,0,0,0,0,48000,-48000,-48000
056439,華邦電凱基98購02,0,0,0,0,0,0,0,0,0,-48000,0,0,0,120000,168000,-48000,-48000
056461,樺漢凱基98購02  ,0,0,0,0,0,0,0,0,0,-48000,0,0,0,15000,63000,-48000,-48000
057297,新日興永豐98購01,0,0,0,0,0,0,0,0,0,-48000,0,0,0,140000,188000,-48000,-48000
057140,宏達電兆豐98購01,0,0,0,0,0,0,0,0,0,-48000,0,0,0,31000,79000,-48000,-48000
048599,和鑫國票96購01  ,0,0,0,0,0,0,0,0,0,-48000,0,0,0,0,48000,-48000,-48000
051179,臺股指凱基95購04,0,0,0,0,0,0,0,0,0,-48000,0,0,0,5000,53000,-48000,-48000
00648R,元大S&P500反1   ,0,0,0,0,0,0,0,0,0,-48000,0,0,0,3000,51000,-48000,-48000
047213,新日興富邦97購01,0,0,0,0,0,0,0,0,0,-48000,0,0,0,18000,66000,-48000,-48000
052783,台郡國票97購01  ,0,0,0,0,0,0,0,0,0,-48000,0,0,0,86000,134000,-48000,-48000
052796,和碩兆豐96購01  ,0,0,0,0,0,0,0,0,0,-48000,0,0,0,0,48000,-48000,-48000
052774,京元電亞東96購01,0,0,0,0,0,0,0,0,0,-48000,0,0,0,0,48000,-48000,-48000
049649,信邦凱基94購01  ,0,0,0,0,0,0,0,0,0,-48000,0,0,0,152000,200000,-48000,-48000
051591,玉晶光元大97購01,0,0,0,0,0,0,0,0,0,-48000,0,0,0,5000,53000,-48000,-48000
050977,聯發科統一95購02,0,0,0,0,0,0,0,0,0,-48000,0,0,0,0,48000,-48000,-48000
051774,聯茂中信96購01  ,0,0,0,0,0,0,0,0,0,-48000,0,0,0,172000,220000,-48000,-48000
048709,瑞昱亞東94購01  ,0,0,0,0,0,0,0,0,0,-48000,0,0,0,0,48000,-48000,-48000
053570,京元電統一96購01,0,0,0,0,0,0,0,0,0,-48000,0,0,0,0,48000,-48000,-48000
053699,臺股指元大96購22,0,0,0,0,0,0,0,0,0,-48000,0,0,0,54000,102000,-48000,-48000
052502,瀚宇博永豐95購02,0,0,0,0,0,0,0,0,0,-48000,0,0,0,0,48000,-48000,-48000
052625,南電亞東97購01  ,0,0,0,0,0,0,0,0,0,-48000,0,0,0,0,48000,-48000,-48000
052910,鴻海統一96購10  ,0,0,0,0,0,0,0,0,0,-48000,0,0,0,0,48000,-48000,-48000
053931,楠梓電統一96購01,0,0,0,0,0,0,0,0,0,-48000,0,0,0,0,48000,-48000,-48000
054344,景碩國票97購04  ,0,0,0,0,0,0,0,0,0,-48000,0,0,0,92000,140000,-48000,-48000
054773,台郡國票98購01  ,0,0,0,0,0,0,0,0,0,-48000,0,0,0,0,48000,-48000,-48000
2362,藍天            ,43000,92000,-49000,0,0,0,0,0,0,1000,1000,0,1000,0,0,0,-48000
06506P,台郡國票99售02  ,0,0,0,0,0,0,0,0,0,-48000,0,0,0,2000,50000,-48000,-48000
057118,欣興日盛9A購01  ,0,0,0,0,0,0,0,0,0,-49000,0,0,0,3000,52000,-49000,-49000
056892,旺宏元大9A購02  ,0,0,0,0,0,0,0,0,0,-49000,0,0,0,7000,56000,-49000,-49000
05688P,臺股指元大96售13,0,0,0,0,0,0,0,0,0,-49000,0,0,0,151000,200000,-49000,-49000
056471,台光電元大99購01,0,0,0,0,0,0,0,0,0,-49000,0,0,0,3000,52000,-49000,-49000
056451,可成凱基99購01  ,0,0,0,0,0,0,0,0,0,-49000,0,0,0,69000,118000,-49000,-49000
056433,鴻海凱基98購09  ,0,0,0,0,0,0,0,0,0,-49000,0,0,0,5000,54000,-49000,-49000
056410,康控國票99購01  ,0,0,0,0,0,0,0,0,0,-49000,0,0,0,0,49000,-49000,-49000
055150,台積電元大98購04,0,0,0,0,0,0,0,0,0,-49000,0,0,0,1000,50000,-49000,-49000
055786,彩晶凱基99購02  ,0,0,0,0,0,0,0,0,0,-49000,0,0,0,0,49000,-49000,-49000
056129,義隆麥證97購01  ,0,0,0,1000,50000,-49000,0,0,0,-49000,0,0,0,1000,50000,-49000,-49000
056127,致新國票98購02  ,0,0,0,0,0,0,0,0,0,-49000,0,0,0,25000,74000,-49000,-49000
047353,台郡凱基93購03  ,0,0,0,0,0,0,0,0,0,-49000,0,0,0,10000,59000,-49000,-49000
04451P,可成凱基94售04  ,0,0,0,0,0,0,0,0,0,-49000,0,0,0,16000,65000,-49000,-49000
051423,GIS國票97購01   ,0,0,0,0,0,0,0,0,0,-49000,0,0,0,12000,61000,-49000,-49000
04993P,上銀兆豐96售01  ,0,0,0,0,0,0,0,0,0,-49000,0,0,0,101000,150000,-49000,-49000
054739,義隆凱基98購02  ,0,0,0,0,0,0,0,0,0,-49000,0,0,0,71000,120000,-49000,-49000
054987,凱美元富97購01  ,0,0,0,0,0,0,0,0,0,-49000,0,0,0,0,49000,-49000,-49000
054488,禾伸堂台新96購01,0,0,0,0,0,0,0,0,0,-49000,0,0,0,10000,59000,-49000,-49000
054522,康友元大96購07  ,0,0,0,0,0,0,0,0,0,-49000,0,0,0,34000,83000,-49000,-49000
052832,益航群益96購01  ,0,0,0,0,0,0,0,0,0,-49000,0,0,0,110000,159000,-49000,-49000
052452,茂林元大95購03  ,0,0,0,0,0,0,0,0,0,-49000,0,0,0,167000,216000,-49000,-49000
053268,日月光群益96購01,0,0,0,0,0,0,0,0,0,-49000,0,0,0,55000,104000,-49000,-49000
06427P,鴻海元大97售13  ,0,0,0,0,0,0,0,0,0,-49000,0,0,0,108000,157000,-49000,-49000
6214,精誠            ,209000,268000,-59000,0,0,0,0,0,0,10000,10000,0,10000,0,0,0,-49000
056235,鴻海群益97購07  ,0,0,0,0,0,0,0,0,0,-50000,0,0,0,0,50000,-50000,-50000
056049,奇力新國票98購01,0,0,0,0,0,0,0,0,0,-50000,0,0,0,13000,63000,-50000,-50000
055849,聯詠元大97購05  ,0,0,0,0,0,0,0,0,0,-50000,0,0,0,1000,51000,-50000,-50000
055705,微星永豐97購01  ,0,0,0,0,0,0,0,0,0,-50000,0,0,0,126000,176000,-50000,-50000
05507P,聯茂凱基96售02  ,0,0,0,0,0,0,0,0,0,-50000,0,0,0,246000,296000,-50000,-50000
055298,啟碁元大97購02  ,0,0,0,0,0,0,0,0,0,-50000,0,0,0,0,50000,-50000,-50000
055562,欣興凱基97購06  ,0,0,0,0,0,0,0,0,0,-50000,0,0,0,5000,55000,-50000,-50000
05546P,全新元大97售01  ,0,0,0,0,0,0,0,0,0,-50000,0,0,0,148000,198000,-50000,-50000
056441,燿華凱基98購01  ,0,0,0,0,0,0,0,0,0,-50000,0,0,0,0,50000,-50000,-50000
056314,力成元大97購01  ,0,0,0,0,0,0,0,0,0,-50000,0,0,0,1000,51000,-50000,-50000
056351,鴻海元大98購06  ,0,0,0,0,0,0,0,0,0,-50000,0,0,0,51000,101000,-50000,-50000
056632,鴻海永昌98購01  ,0,0,0,0,0,0,0,0,0,-50000,0,0,0,58000,108000,-50000,-50000
05654P,台光電統一96售01,0,0,0,0,0,0,0,0,0,-50000,0,0,0,10000,60000,-50000,-50000
056547,臻鼎凱基99購01  ,0,0,0,0,0,0,0,0,0,-50000,0,0,0,0,50000,-50000,-50000
056594,台積電元富98購03,0,0,0,0,0,0,0,0,0,-50000,0,0,0,315000,365000,-50000,-50000
056590,樺漢統一9A購01  ,0,0,0,0,0,0,0,0,0,-50000,0,0,0,0,50000,-50000,-50000
05893P,國巨兆豐96售04  ,0,0,0,0,0,0,0,0,0,-50000,0,0,0,0,50000,-50000,-50000
051305,訊連凱基96購01  ,0,0,0,0,0,0,0,0,0,-50000,0,0,0,0,50000,-50000,-50000
051163,鴻海元大95購04  ,0,0,0,0,0,0,0,0,0,-50000,0,0,0,286000,336000,-50000,-50000
051091,聯發科元大95購07,0,0,0,0,0,0,0,0,0,-50000,0,0,0,20000,70000,-50000,-50000
047763,旺宏元大94購04  ,0,0,0,0,0,0,0,0,0,-50000,0,0,0,10000,60000,-50000,-50000
047814,宏達電凱基93購02,0,0,0,0,0,0,0,0,0,-50000,0,0,0,0,50000,-50000,-50000
048213,群創麥證93購02  ,0,0,0,0,50000,-50000,0,0,0,-50000,0,0,0,0,50000,-50000,-50000
046531,臻鼎兆豐92購02  ,0,0,0,0,0,0,0,0,0,-50000,0,0,0,0,50000,-50000,-50000
047505,元金2X國票9B購01,0,0,0,0,0,0,0,0,0,-50000,0,0,0,4000,54000,-50000,-50000
046191,新光金凱基98購01,0,0,0,0,0,0,0,0,0,-50000,0,0,0,0,50000,-50000,-50000
046695,瑞昱凱基93購03  ,0,0,0,0,0,0,0,0,0,-50000,0,0,0,10000,60000,-50000,-50000
046767,南茂凱基93購03  ,0,0,0,0,0,0,0,0,0,-50000,0,0,0,10000,60000,-50000,-50000
046787,和鑫永豐93購01  ,0,0,0,0,0,0,0,0,0,-50000,0,0,0,0,50000,-50000,-50000
046629,群創統一98購01  ,0,0,0,0,0,0,0,0,0,-50000,0,0,0,0,50000,-50000,-50000
044507,燿華凱基93購03  ,0,0,0,0,0,0,0,0,0,-50000,0,0,0,0,50000,-50000,-50000
045084,欣興元大93購02  ,0,0,0,0,0,0,0,0,0,-50000,0,0,0,0,50000,-50000,-50000
042927,道瓊反中信94購01,0,0,0,0,0,0,0,0,0,-50000,0,0,0,0,50000,-50000,-50000
048331,臺指反富邦97購01,0,0,0,0,0,0,0,0,0,-50000,0,0,0,0,50000,-50000,-50000
048246,京元電兆豐93購02,0,0,0,0,0,0,0,0,0,-50000,0,0,0,0,50000,-50000,-50000
048270,T50反1富邦99購01,0,0,0,0,0,0,0,0,0,-50000,0,0,0,0,50000,-50000,-50000
04040P,大立光統一93售09,0,0,0,0,0,0,0,0,0,-50000,0,0,0,0,50000,-50000,-50000
04084P,台表科統一93售01,0,0,0,0,0,0,0,0,0,-50000,0,0,0,0,50000,-50000,-50000
03956P,欣興統一93售02  ,0,0,0,0,0,0,0,0,0,-50000,0,0,0,16000,66000,-50000,-50000
03645C,臺股指凱基96牛27,0,0,0,0,0,0,0,0,0,-50000,0,0,0,0,50000,-50000,-50000
03860P,群創元富97售01  ,0,0,0,0,0,0,0,0,0,-50000,0,0,0,0,50000,-50000,-50000
03427P,聯電元大02售11  ,0,0,0,0,0,0,0,0,0,-50000,0,0,0,300000,350000,-50000,-50000
045760,鴻海統一93購02  ,0,0,0,0,0,0,0,0,0,-50000,0,0,0,0,50000,-50000,-50000
051360,緯創元大95購03  ,0,0,0,0,0,0,0,0,0,-50000,0,0,0,0,50000,-50000,-50000
051588,聯詠元大95購03  ,0,0,0,0,0,0,0,0,0,-50000,0,0,0,0,50000,-50000,-50000
049976,台積電凱基94購28,0,0,0,0,0,0,0,0,0,-50000,0,0,0,0,50000,-50000,-50000
050704,復盛凱基94購03  ,0,0,0,0,0,0,0,0,0,-50000,0,0,0,5000,55000,-50000,-50000
050994,欣興元大96購03  ,0,0,0,0,0,0,0,0,0,-50000,0,0,0,0,50000,-50000,-50000
049896,聯發科統一94購06,0,0,0,0,0,0,0,0,0,-50000,0,0,0,4000,54000,-50000,-50000
049915,瑞昱元大94購07  ,0,0,0,0,0,0,0,0,0,-50000,0,0,0,1000,51000,-50000,-50000
049064,T50反1凱基96購03,0,0,0,0,0,0,0,0,0,-50000,0,0,0,0,50000,-50000,-50000
049872,聯發科台新94購03,0,0,0,0,0,0,0,0,0,-50000,0,0,0,2000,52000,-50000,-50000
04867P,美律統一94售03  ,0,0,0,0,0,0,0,0,0,-50000,0,0,0,0,50000,-50000,-50000
049259,聯發科元大94購04,0,0,0,0,0,0,0,0,0,-50000,0,0,0,105000,155000,-50000,-50000
049046,同欣電兆豐94購01,0,0,0,0,0,0,0,0,0,-50000,0,0,0,10000,60000,-50000,-50000
050072,京鼎凱基94購02  ,0,0,0,0,0,0,0,0,0,-50000,0,0,0,20000,70000,-50000,-50000
050062,聯發科凱基94購08,0,0,0,0,0,0,0,0,0,-50000,0,0,0,2000,52000,-50000,-50000
050087,美食台新94購01  ,0,0,0,0,0,0,0,0,0,-50000,0,0,0,0,50000,-50000,-50000
051755,台積電元大96購08,0,0,0,0,0,0,0,0,0,-50000,0,0,0,0,50000,-50000,-50000
051825,中環元大95購01  ,0,0,0,0,0,0,0,0,0,-50000,0,0,0,0,50000,-50000,-50000
049644,台積電凱基94購21,0,0,0,0,0,0,0,0,0,-50000,0,0,0,0,50000,-50000,-50000
049800,瑞昱元大94購05  ,0,0,0,0,0,0,0,0,0,-50000,0,0,0,0,50000,-50000,-50000
050780,台表科元大96購01,0,0,0,0,0,0,0,0,0,-50000,0,0,0,83000,133000,-50000,-50000
050127,台積電凱基94購31,0,0,0,0,0,0,0,0,0,-50000,0,0,0,0,50000,-50000,-50000
049495,欣興元大94購06  ,0,0,0,0,0,0,0,0,0,-50000,0,0,0,0,50000,-50000,-50000
049502,訊芯元大94購01  ,0,0,0,0,0,0,0,0,0,-50000,0,0,0,0,50000,-50000,-50000
049466,創意台新94購01  ,0,0,0,0,0,0,0,0,0,-50000,0,0,0,0,50000,-50000,-50000
050251,樺漢凱基94購02  ,0,0,0,0,0,0,0,0,0,-50000,0,0,0,0,50000,-50000,-50000
050252,聯發科國泰95購01,0,0,0,0,0,0,0,0,0,-50000,0,0,0,126000,176000,-50000,-50000
050283,T50反1凱基9A購01,0,0,0,0,0,0,0,0,0,-50000,0,0,0,0,50000,-50000,-50000
049346,新光金統一95購01,0,0,0,0,0,0,0,0,0,-50000,0,0,0,0,50000,-50000,-50000
052216,康友元大96購01  ,0,0,0,0,0,0,0,0,0,-50000,0,0,0,0,50000,-50000,-50000
051930,國泰金兆豐97購01,0,0,0,0,0,0,0,0,0,-50000,0,0,0,0,50000,-50000,-50000
053225,昇陽半凱基96購01,0,0,0,0,0,0,0,0,0,-50000,0,0,0,0,50000,-50000,-50000
053715,美律凱基96購04  ,0,0,0,0,0,0,0,0,0,-50000,0,0,0,0,50000,-50000,-50000
053725,晶相光凱基96購01,0,0,0,0,0,0,0,0,0,-50000,0,0,0,14000,64000,-50000,-50000
053576,智原元富96購01  ,0,0,0,0,0,0,0,0,0,-50000,0,0,0,0,50000,-50000,-50000
053590,新光金元大9A購02,0,0,0,0,0,0,0,0,0,-50000,0,0,0,0,50000,-50000,-50000
052521,友達元大9B購01  ,0,0,0,0,0,0,0,0,0,-50000,0,0,0,95000,145000,-50000,-50000
052533,聯發科國泰96購03,0,0,0,0,0,0,0,0,0,-50000,0,0,0,6000,56000,-50000,-50000
052283,TPK凱基97購01   ,0,0,0,0,0,0,0,0,0,-50000,0,0,0,0,50000,-50000,-50000
054526,道瓊反統一98購01,0,0,0,0,0,0,0,0,0,-50000,0,0,0,0,50000,-50000,-50000
054546,玉晶光中信9B購01,0,0,0,0,0,0,0,0,0,-50000,0,0,0,67000,117000,-50000,-50000
054375,貿聯中信99購01  ,0,0,0,0,0,0,0,0,0,-50000,0,0,0,0,50000,-50000,-50000
054614,玉晶光永豐97購03,0,0,0,0,0,0,0,0,0,-50000,0,0,0,86000,136000,-50000,-50000
05499P,聯詠元富95售02  ,0,0,0,0,0,0,0,0,0,-50000,0,0,0,0,50000,-50000,-50000
054986,藍天元富97購01  ,0,0,0,0,0,0,0,0,0,-50000,0,0,0,0,50000,-50000,-50000
054946,億光元大97購01  ,0,0,0,0,0,0,0,0,0,-50000,0,0,0,6000,56000,-50000,-50000
054837,欣興第一97購01  ,0,0,0,0,0,0,0,0,0,-50000,0,0,0,10000,60000,-50000,-50000
054060,晶技國票97購02  ,0,0,0,0,0,0,0,0,0,-50000,0,0,0,130000,180000,-50000,-50000
054200,美律富邦97購02  ,0,0,0,0,0,0,0,0,0,-50000,0,0,0,0,50000,-50000,-50000
054151,瑞昱國泰97購01  ,0,0,0,0,0,0,0,0,0,-50000,0,0,0,51000,101000,-50000,-50000
053906,宏達電凱基96購02,0,0,0,0,0,0,0,0,0,-50000,0,0,0,0,50000,-50000,-50000
054015,晶豪科永豐96購03,0,0,0,0,0,0,0,0,0,-50000,0,0,0,0,50000,-50000,-50000
06297P,美律元大97售01  ,0,0,0,0,0,0,0,0,0,-50000,0,0,0,0,50000,-50000,-50000
06368P,台積電凱基97售15,0,0,0,0,0,0,0,0,0,-50000,0,0,0,0,50000,-50000,-50000
06513P,鴻海凱基98售10  ,0,0,0,0,0,0,0,0,0,-50000,0,0,0,200000,250000,-50000,-50000
08897P,國巨群益01售10  ,0,0,0,0,0,0,0,0,0,-50000,0,0,0,0,50000,-50000,-50000
06183P,大立光元大97售05,0,0,0,0,0,0,0,0,0,-50000,0,0,0,25000,75000,-50000,-50000
06192P,高股息中信98售01,0,0,0,0,0,0,0,0,0,-50000,0,0,0,0,50000,-50000,-50000
1612,宏泰            ,0,50000,-50000,0,0,0,0,0,0,0,0,0,0,0,0,0,-50000
3645,達邁            ,39000,85000,-46000,0,0,0,0,0,0,-4000,0,4000,-4000,0,0,0,-50000
2534,宏盛            ,248200,231000,17200,0,0,0,0,0,0,-68000,0,0,0,2000,70000,-68000,-50800
056952,元油2X國泰99購01,0,0,0,0,0,0,0,0,0,-51000,0,0,0,0,51000,-51000,-51000
056995,華新科日盛99購01,0,0,0,0,0,0,0,0,0,-51000,0,0,0,10000,61000,-51000,-51000
056715,瀚宇博永豐98購01,0,0,0,0,0,0,0,0,0,-51000,0,0,0,0,51000,-51000,-51000
055069,帆宣永豐97購01  ,0,0,0,0,0,0,0,0,0,-51000,0,0,0,0,51000,-51000,-51000
055789,台虹凱基97購01  ,0,0,0,0,0,0,0,0,0,-51000,0,0,0,0,51000,-51000,-51000
044965,大立光中信95購01,0,0,0,0,0,0,0,0,0,-51000,0,0,0,60000,111000,-51000,-51000
048394,正崴國票94購01  ,0,0,0,0,0,0,0,0,0,-51000,0,0,0,0,51000,-51000,-51000
047569,世紀鋼國票94購02,0,0,0,0,0,0,0,0,0,-51000,0,0,0,0,51000,-51000,-51000
048105,滬深2X群益99購02,0,0,0,0,0,0,0,0,0,-51000,0,0,0,10000,61000,-51000,-51000
051077,台郡國泰96購02  ,0,0,0,0,0,0,0,0,0,-51000,0,0,0,96000,147000,-51000,-51000
052211,台積電元大95購22,0,0,0,0,0,0,0,0,0,-51000,0,0,0,59000,110000,-51000,-51000
051758,瑞昱元大95購01  ,0,0,0,0,0,0,0,0,0,-51000,0,0,0,4000,55000,-51000,-51000
053828,貿聯麥證96購01  ,0,0,0,1000,52000,-51000,0,0,0,-51000,0,0,0,1000,52000,-51000,-51000
054348,康控國票97購03  ,20000,0,20000,0,0,0,0,0,0,-71000,0,0,0,112000,183000,-71000,-51000
054989,精元元富97購01  ,0,0,0,0,0,0,0,0,0,-51000,0,0,0,0,51000,-51000,-51000
054957,興富發元大97購01,0,0,0,0,0,0,0,0,0,-51000,0,0,0,0,51000,-51000,-51000
052573,智伸科凱基97購01,0,0,0,0,0,0,0,0,0,-51000,0,0,0,1000,52000,-51000,-51000
052515,矽力凱基95購02  ,0,0,0,0,0,0,0,0,0,-51000,0,0,0,0,51000,-51000,-51000
052862,正崴凱基96購01  ,0,0,0,0,0,0,0,0,0,-51000,0,0,0,0,51000,-51000,-51000
053493,智邦兆豐97購02  ,0,0,0,0,0,0,0,0,0,-51000,0,0,0,15000,66000,-51000,-51000
1463,強盛            ,3000,54000,-51000,0,0,0,0,0,0,0,0,0,0,0,0,0,-51000
06410P,祥碩統一97售01  ,0,0,0,0,0,0,0,0,0,-51000,0,0,0,295000,346000,-51000,-51000
055056,億光永豐97購01  ,0,0,0,0,0,0,0,0,0,-52000,0,0,0,2000,54000,-52000,-52000
055494,華新科元大98購01,0,0,0,0,0,0,0,0,0,-52000,0,0,0,22000,74000,-52000,-52000
055326,緯穎國票97購06  ,0,0,0,0,0,0,0,0,0,-52000,0,0,0,0,52000,-52000,-52000
05742P,可成元大96售04  ,0,0,0,0,0,0,0,0,0,-52000,0,0,0,419000,471000,-52000,-52000
051225,台積電群益95購02,0,0,0,0,0,0,0,0,0,-52000,0,0,0,287000,339000,-52000,-52000
050219,台積電元富95購03,0,0,0,0,0,0,0,0,0,-52000,0,0,0,0,52000,-52000,-52000
052771,GIS群益96購01   ,0,0,0,0,0,0,0,0,0,-52000,0,0,0,41000,93000,-52000,-52000
050474,鴻海永豐94購05  ,0,0,0,0,0,0,0,0,0,-52000,0,0,0,16000,68000,-52000,-52000
050495,大立光永昌96購01,0,0,0,0,0,0,0,0,0,-52000,0,0,0,80000,132000,-52000,-52000
053417,上銀永豐96購02  ,0,0,0,0,0,0,0,0,0,-52000,0,0,0,28000,80000,-52000,-52000
053198,亞德客日盛96購01,0,0,0,0,0,0,0,0,0,-52000,0,0,0,51000,103000,-52000,-52000
052761,可成群益96購02  ,0,0,0,0,0,0,0,0,0,-52000,0,0,0,16000,68000,-52000,-52000
052824,揚明光永豐96購02,0,0,0,0,0,0,0,0,0,-52000,0,0,0,118000,170000,-52000,-52000
052297,旭富國票96購01  ,0,0,0,0,0,0,0,0,0,-52000,0,0,0,32000,84000,-52000,-52000
052238,智易國票96購01  ,0,0,0,0,0,0,0,0,0,-52000,0,0,0,84000,136000,-52000,-52000
054902,億光康和97購01  ,0,0,0,0,0,0,0,0,0,-52000,0,0,0,0,52000,-52000,-52000
054800,訊芯群益99購01  ,0,0,0,0,0,0,0,0,0,-52000,0,0,0,133000,185000,-52000,-52000
053957,瑞昱永豐96購01  ,0,0,0,0,0,0,0,0,0,-52000,0,0,0,10000,62000,-52000,-52000
3014,聯陽            ,635000,680463,-45463,0,0,0,0,0,0,-7000,0,7000,-7000,0,0,0,-52463
2511,太子            ,198000,250972,-52972,0,0,0,0,0,0,0,0,0,0,0,0,0,-52972
057271,國巨元大98購17  ,0,0,0,0,0,0,0,0,0,-53000,0,0,0,100000,153000,-53000,-53000
056994,緯穎兆豐98購02  ,0,0,0,0,0,0,0,0,0,-53000,0,0,0,0,53000,-53000,-53000
055464,聚陽凱基97購01  ,0,0,0,0,0,0,0,0,0,-53000,0,0,0,206000,259000,-53000,-53000
055695,大毅國票98購03  ,0,0,0,0,0,0,0,0,0,-53000,0,0,0,24000,77000,-53000,-53000
051099,台郡元大95購03  ,0,0,0,0,0,0,0,0,0,-53000,0,0,0,23000,76000,-53000,-53000
051187,晶相光永豐95購01,0,0,0,0,0,0,0,0,0,-53000,0,0,0,0,53000,-53000,-53000
047924,可成凱基93購10  ,0,0,0,0,0,0,0,0,0,-53000,0,0,0,15000,68000,-53000,-53000
050499,台達電凱基94購11,0,0,0,0,0,0,0,0,0,-53000,0,0,0,0,53000,-53000,-53000
051482,玉晶光凱基96購01,0,0,0,0,0,0,0,0,0,-53000,0,0,0,28000,81000,-53000,-53000
049498,茂林元大95購01  ,0,0,0,0,0,0,0,0,0,-53000,0,0,0,146000,199000,-53000,-53000
049668,大立光國泰96購02,0,0,0,0,0,0,0,0,0,-53000,0,0,0,100000,153000,-53000,-53000
050184,信邦元大94購01  ,0,0,0,0,0,0,0,0,0,-53000,0,0,0,0,53000,-53000,-53000
051570,和碩富邦97購01  ,0,0,0,0,0,0,0,0,0,-53000,0,0,0,100000,153000,-53000,-53000
048923,國巨永豐94購02  ,0,0,0,0,0,0,0,0,0,-53000,0,0,0,23000,76000,-53000,-53000
054230,上銀群益96購03  ,0,0,0,0,0,0,0,0,0,-53000,0,0,0,184000,237000,-53000,-53000
054146,康友元大96購06  ,0,0,0,0,0,0,0,0,0,-53000,0,0,0,28000,81000,-53000,-53000
054118,國巨永豐96購04  ,0,0,0,0,0,0,0,0,0,-53000,0,0,0,22000,75000,-53000,-53000
054830,世芯國泰99購01  ,0,0,0,0,0,0,0,0,0,-53000,0,0,0,0,53000,-53000,-53000
054984,華泰元富97購01  ,0,0,0,0,0,0,0,0,0,-53000,0,0,0,20000,73000,-53000,-53000
053510,聯電群益97購01  ,0,0,0,0,0,0,0,0,0,-53000,0,0,0,211000,264000,-53000,-53000
4438,廣越            ,3000,18000,-15000,0,0,0,0,38000,-38000,0,0,0,0,0,0,0,-53000
055761,創意群益97購01  ,0,0,0,0,0,0,0,0,0,-54000,0,0,0,5000,59000,-54000,-54000
055483,和大元大97購03  ,0,0,0,0,0,0,0,0,0,-54000,0,0,0,0,54000,-54000,-54000
057341,技嘉台新98購01  ,0,0,0,0,0,0,0,0,0,-54000,0,0,0,0,54000,-54000,-54000
05860P,旺宏康和96售01  ,0,0,0,0,0,0,0,0,0,-54000,0,0,0,3000,57000,-54000,-54000
056697,緯穎群益98購01  ,0,0,0,0,0,0,0,0,0,-54000,0,0,0,138000,192000,-54000,-54000
047004,台積電統一99購01,0,0,0,0,0,0,0,0,0,-54000,0,0,0,8000,62000,-54000,-54000
047999,聯發科元大93購22,0,0,0,0,0,0,0,0,0,-54000,0,0,0,30000,84000,-54000,-54000
047219,美律麥證94購01  ,0,0,0,126000,117000,9000,0,0,0,-54000,0,0,0,159000,213000,-54000,-54000
049210,昇陽半群益94購02,0,0,0,0,0,0,0,0,0,-54000,0,0,0,22000,76000,-54000,-54000
050186,京鼎元大94購01  ,0,0,0,0,0,0,0,0,0,-54000,0,0,0,0,54000,-54000,-54000
050857,義隆台新95購01  ,0,0,0,0,0,0,0,0,0,-54000,0,0,0,0,54000,-54000,-54000
050432,聯發科凱基94購19,0,0,0,0,0,0,0,0,0,-54000,0,0,0,7000,61000,-54000,-54000
053312,緯穎凱基96購02  ,0,0,0,0,0,0,0,0,0,-54000,0,0,0,28000,82000,-54000,-54000
052285,康控凱基95購02  ,0,0,0,0,0,0,0,0,0,-54000,0,0,0,0,54000,-54000,-54000
054941,凱美元大97購01  ,0,0,0,0,0,0,0,0,0,-54000,0,0,0,0,54000,-54000,-54000
6592,和潤企業        ,50000,111000,-61000,0,0,0,0,0,0,7000,7000,0,7000,0,0,0,-54000
2489,瑞軒            ,263000,319000,-56000,0,0,0,0,0,0,2000,2000,0,2000,0,0,0,-54000
06124P,超眾元大97售03  ,0,0,0,0,0,0,0,0,0,-54000,0,0,0,56000,110000,-54000,-54000
05874P,台積電群益96售10,0,0,0,0,0,0,0,0,0,-55000,0,0,0,200000,255000,-55000,-55000
057276,全新元大99購03  ,0,0,0,0,0,0,0,0,0,-55000,0,0,0,2000,57000,-55000,-55000
055416,欣興富邦98購01  ,0,0,0,0,0,0,0,0,0,-55000,0,0,0,35000,90000,-55000,-55000
055662,上銀中信99購01  ,0,0,0,0,0,0,0,0,0,-55000,0,0,0,112000,167000,-55000,-55000
055633,牧德永豐97購02  ,0,0,0,0,0,0,0,0,0,-55000,0,0,0,0,55000,-55000,-55000
055797,華通富邦98購01  ,0,0,0,0,0,0,0,0,0,-55000,0,0,0,0,55000,-55000,-55000
055833,華通元大98購05  ,0,0,0,0,0,0,0,0,0,-55000,0,0,0,16000,71000,-55000,-55000
055817,京鼎國票99購01  ,0,0,0,0,0,0,0,0,0,-55000,0,0,0,20000,75000,-55000,-55000
056222,台積電凱基9A購01,0,0,0,0,0,0,0,0,0,-55000,0,0,0,0,55000,-55000,-55000
04782P,智伸科統一96售01,0,0,0,0,0,0,0,0,0,-55000,0,0,0,65000,120000,-55000,-55000
051086,鴻海元大96購04  ,0,0,0,0,0,0,0,0,0,-55000,0,0,0,441000,496000,-55000,-55000
047000,和大統一93購01  ,0,0,0,0,0,0,0,0,0,-55000,0,0,0,10000,65000,-55000,-55000
04702P,臺股指元富94售08,0,0,0,0,0,0,0,0,0,-55000,0,0,0,0,55000,-55000,-55000
050277,上銀亞東94購01  ,0,0,0,0,0,0,0,0,0,-55000,0,0,0,0,55000,-55000,-55000
050763,楠梓電元大94購03,0,0,0,0,0,0,0,0,0,-55000,0,0,0,0,55000,-55000,-55000
050949,亞光群益96購01  ,0,0,0,0,0,0,0,0,0,-55000,0,0,0,39000,94000,-55000,-55000
054649,聯茂群益97購01  ,0,0,0,0,0,0,0,0,0,-55000,0,0,0,10000,65000,-55000,-55000
054450,聯茂第一96購01  ,5000,0,5000,0,0,0,0,0,0,-60000,0,0,0,76000,136000,-60000,-55000
054481,鎧勝中信96購01  ,0,0,0,0,0,0,0,0,0,-55000,0,0,0,45000,100000,-55000,-55000
053983,樺漢元大97購02  ,0,0,0,0,0,0,0,0,0,-55000,0,0,0,138000,193000,-55000,-55000
052374,瑞昱元大95購02  ,0,0,0,0,0,0,0,0,0,-55000,0,0,0,0,55000,-55000,-55000
052477,美律群益98購01  ,0,0,0,0,0,0,0,0,0,-55000,0,0,0,25000,80000,-55000,-55000
053091,同欣電元大96購01,0,0,0,0,0,0,0,0,0,-55000,0,0,0,37000,92000,-55000,-55000
053099,正崴元富96購01  ,0,0,0,0,0,0,0,0,0,-55000,0,0,0,19000,74000,-55000,-55000
06290P,臺股指國票97售04,0,0,0,0,0,0,0,0,0,-55000,0,0,0,0,55000,-55000,-55000
1507,永大            ,4000,59000,-55000,0,0,0,0,0,0,0,0,0,0,0,0,0,-55000
056186,智原統一97購01  ,0,0,0,0,0,0,0,0,0,-56000,0,0,0,0,56000,-56000,-56000
056017,台積電群益97購04,0,0,0,0,0,0,0,0,0,-56000,0,0,0,412000,468000,-56000,-56000
055836,華邦電元大97購04,0,0,0,0,0,0,0,0,0,-56000,0,0,0,10000,66000,-56000,-56000
055442,矽創國票98購02  ,0,0,0,0,0,0,0,0,0,-56000,0,0,0,9000,65000,-56000,-56000
055344,國巨凱基97購04  ,0,0,0,0,0,0,0,0,0,-56000,0,0,0,0,56000,-56000,-56000
055188,亞翔統一97購01  ,0,0,0,0,0,0,0,0,0,-56000,0,0,0,0,56000,-56000,-56000
057175,美律元大98購03  ,0,0,0,0,0,0,0,0,0,-56000,0,0,0,10000,66000,-56000,-56000
056786,亞光群益98購03  ,0,0,0,0,0,0,0,0,0,-56000,0,0,0,50000,106000,-56000,-56000
05662P,景碩元富96售01  ,0,0,0,0,0,0,0,0,0,-56000,0,0,0,0,56000,-56000,-56000
048431,瑞昱國票94購01  ,0,0,0,0,0,0,0,0,0,-56000,0,0,0,0,56000,-56000,-56000
048192,華通元大96購01  ,0,0,0,0,0,0,0,0,0,-56000,0,0,0,44000,100000,-56000,-56000
048059,欣興國泰95購01  ,0,0,0,0,0,0,0,0,0,-56000,0,0,0,140000,196000,-56000,-56000
048882,智原統一96購01  ,0,0,0,0,0,0,0,0,0,-56000,0,0,0,0,56000,-56000,-56000
048672,日電貿永豐93購02,0,0,0,0,0,0,0,0,0,-56000,0,0,0,0,56000,-56000,-56000
053110,大立光兆豐97購01,0,0,0,0,0,0,0,0,0,-56000,0,0,0,0,56000,-56000,-56000
053346,群創國票97購04  ,0,0,0,0,0,0,0,0,0,-56000,0,0,0,0,56000,-56000,-56000
053394,鴻海中信9A購01  ,0,0,0,0,0,0,0,0,0,-56000,0,0,0,0,56000,-56000,-56000
053454,創意統一96購02  ,0,0,0,0,0,0,0,0,0,-56000,0,0,0,86000,142000,-56000,-56000
054244,華新元大96購01  ,0,0,0,0,0,0,0,0,0,-56000,0,0,0,0,56000,-56000,-56000
8249,菱光            ,6000,62000,-56000,0,0,0,0,0,0,0,0,0,0,0,0,0,-56000
056726,友達日盛9A購01  ,0,0,0,0,0,0,0,0,0,-57000,0,0,0,66000,123000,-57000,-57000
05639P,欣興統一97售01  ,0,0,0,0,0,0,0,0,0,-57000,0,0,0,18000,75000,-57000,-57000
057178,可成元大98購03  ,0,0,0,0,0,0,0,0,0,-57000,0,0,0,67000,124000,-57000,-57000
056934,國巨元富98購04  ,0,0,0,0,0,0,0,0,0,-57000,0,0,0,137000,194000,-57000,-57000
055061,聯詠永豐97購01  ,0,0,0,0,0,0,0,0,0,-57000,0,0,0,0,57000,-57000,-57000
055124,建準兆豐97購01  ,0,0,0,0,0,0,0,0,0,-57000,0,0,0,43000,100000,-57000,-57000
051701,華通群益97購01  ,0,0,0,0,0,0,0,0,0,-57000,0,0,0,55000,112000,-57000,-57000
049313,晶技凱基94購01  ,0,0,0,0,0,0,0,0,0,-57000,0,0,0,68000,125000,-57000,-57000
052178,台郡元大96購03  ,0,0,0,0,0,0,0,0,0,-57000,0,0,0,9000,66000,-57000,-57000
054351,華新科國泰97購03,0,0,0,0,0,0,0,0,0,-57000,0,0,0,35000,92000,-57000,-57000
054107,上銀凱基97購01  ,0,0,0,0,0,0,0,0,0,-57000,0,0,0,78000,135000,-57000,-57000
054058,晶豪科國票98購01,0,0,0,0,0,0,0,0,0,-57000,0,0,0,3000,60000,-57000,-57000
053982,臻鼎元大96購05  ,0,0,0,0,0,0,0,0,0,-57000,0,0,0,15000,72000,-57000,-57000
053688,燿華元大96購05  ,0,0,0,0,0,0,0,0,0,-57000,0,0,0,43000,100000,-57000,-57000
053668,鴻海統一97購01  ,0,0,0,0,0,0,0,0,0,-57000,0,0,0,0,57000,-57000,-57000
053672,嘉澤元富96購02  ,0,0,0,0,0,0,0,0,0,-57000,0,0,0,20000,77000,-57000,-57000
053129,緯穎凱基96購01  ,0,0,0,0,0,0,0,0,0,-57000,0,0,0,50000,107000,-57000,-57000
05234P,美食康和95售01  ,0,0,0,0,0,0,0,0,0,-57000,0,0,0,232000,289000,-57000,-57000
055112,晶豪科凱基98購01,0,0,0,0,0,0,0,0,0,-58000,0,0,0,0,58000,-58000,-58000
055221,矽創凱基97購02  ,0,0,0,0,0,0,0,0,0,-58000,0,0,0,101000,159000,-58000,-58000
055714,智邦元大97購03  ,0,0,0,0,0,0,0,0,0,-58000,0,0,0,28000,86000,-58000,-58000
056929,華新科台新98購01,0,0,0,0,0,0,0,0,0,-58000,0,0,0,0,58000,-58000,-58000
057161,亞德客元大98購02,0,0,0,0,0,0,0,0,0,-58000,0,0,0,0,58000,-58000,-58000
056393,精元永豐98購01  ,0,0,0,0,0,0,0,0,0,-58000,0,0,0,10000,68000,-58000,-58000
056285,可成永豐97購02  ,0,0,0,0,0,0,0,0,0,-58000,0,0,0,10000,68000,-58000,-58000
051332,奇力新永豐95購01,0,0,0,0,0,0,0,0,0,-58000,0,0,0,1000,59000,-58000,-58000
051444,聯發科元大95購11,0,0,0,0,0,0,0,0,0,-58000,0,0,0,10000,68000,-58000,-58000
046863,康友元大93購01  ,0,0,0,0,0,0,0,0,0,-58000,0,0,0,0,58000,-58000,-58000
047109,華邦電元大94購01,0,0,0,0,0,0,0,0,0,-58000,0,0,0,10000,68000,-58000,-58000
050452,智原元大95購04  ,0,0,0,0,0,0,0,0,0,-58000,0,0,0,0,58000,-58000,-58000
048703,康控國票95購01  ,0,0,0,0,0,0,0,0,0,-58000,0,0,0,50000,108000,-58000,-58000
051513,台積電凱基95購13,0,0,0,0,0,0,0,0,0,-58000,0,0,0,10000,68000,-58000,-58000
051615,華通凱基96購01  ,0,0,0,0,0,0,0,0,0,-58000,0,0,0,0,58000,-58000,-58000
052722,群創統一97購02  ,0,0,0,0,0,0,0,0,0,-58000,0,0,0,0,58000,-58000,-58000
053467,鴻海元大96購20  ,0,0,0,0,0,0,0,0,0,-58000,0,0,0,217000,275000,-58000,-58000
054063,聯茂國票97購02  ,0,0,0,0,0,0,0,0,0,-58000,0,0,0,8000,66000,-58000,-58000
054753,復盛凱基98購01  ,0,0,0,0,0,0,0,0,0,-58000,0,0,0,10000,68000,-58000,-58000
054762,奇力新國票99購01,0,0,0,0,0,0,0,0,0,-58000,0,0,0,0,58000,-58000,-58000
911868,同方友友-DR     ,0,58000,-58000,0,0,0,0,0,0,0,0,0,0,0,0,0,-58000
06248P,國巨統一97售07  ,0,0,0,0,0,0,0,0,0,-58000,0,0,0,30000,88000,-58000,-58000
056294,上銀元大97購11  ,0,0,0,0,0,0,0,0,0,-59000,0,0,0,63000,122000,-59000,-59000
056416,華新科中信98購01,0,0,0,0,0,0,0,0,0,-59000,0,0,0,17000,76000,-59000,-59000
055671,世紀鋼群益97購01,0,0,0,0,0,0,0,0,0,-59000,0,0,0,1000,60000,-59000,-59000
055778,美食凱基97購01  ,0,0,0,0,0,0,0,0,0,-59000,0,0,0,15000,74000,-59000,-59000
055109,正崴凱基98購01  ,0,0,0,0,0,0,0,0,0,-59000,0,0,0,0,59000,-59000,-59000
055387,世紀鋼元大97購01,0,0,0,0,0,0,0,0,0,-59000,0,0,0,1000,60000,-59000,-59000
055568,緯穎凱基97購02  ,0,0,0,0,0,0,0,0,0,-59000,0,0,0,29000,88000,-59000,-59000
055581,和大元大97購04  ,0,0,0,0,0,0,0,0,0,-59000,0,0,0,0,59000,-59000,-59000
046504,聯發科元大92購19,0,0,0,0,0,0,0,0,0,-59000,0,0,0,0,59000,-59000,-59000
047939,亞德客國票93購02,0,0,0,0,0,0,0,0,0,-59000,0,0,0,0,59000,-59000,-59000
051167,京鼎元大95購01  ,0,0,0,0,0,0,0,0,0,-59000,0,0,0,68000,127000,-59000,-59000
045447,鴻海國泰94購02  ,0,0,0,0,0,0,0,0,0,-59000,0,0,0,2000,61000,-59000,-59000
050947,聯發科群益95購01,0,0,0,0,0,0,0,0,0,-59000,0,0,0,41000,100000,-59000,-59000
050472,和大永豐94購01  ,0,0,0,0,0,0,0,0,0,-59000,0,0,0,0,59000,-59000,-59000
049636,上証反凱基9A購01,0,0,0,0,0,0,0,0,0,-59000,0,0,0,12000,71000,-59000,-59000
050188,貿聯元大96購01  ,0,0,0,0,0,0,0,0,0,-59000,0,0,0,21000,80000,-59000,-59000
054793,牧德群益9A購01  ,0,0,0,0,0,0,0,0,0,-59000,0,0,0,38000,97000,-59000,-59000
055007,晶相光元富9A購02,0,0,0,0,0,0,0,0,0,-59000,0,0,0,14000,73000,-59000,-59000
054028,臻鼎凱基96購03  ,0,0,0,0,0,0,0,0,0,-59000,0,0,0,0,59000,-59000,-59000
06507P,台表科國票99售01,0,0,0,0,0,0,0,0,0,-59000,0,0,0,1000,60000,-59000,-59000
055619,同欣電國票98購02,0,0,0,0,0,0,0,0,0,-60000,0,0,0,87000,147000,-60000,-60000
055140,晶相光永豐97購01,0,0,0,0,0,0,0,0,0,-60000,0,0,0,0,60000,-60000,-60000
05562P,鴻海元大96售16  ,0,0,0,0,0,0,0,0,0,-60000,0,0,0,0,60000,-60000,-60000
055706,大立光永豐97購03,0,0,0,0,0,0,0,0,0,-60000,0,0,0,0,60000,-60000,-60000
056082,旺宏統一99購02  ,0,0,0,0,0,0,0,0,0,-60000,0,0,0,0,60000,-60000,-60000
056229,可成凱基97購04  ,0,0,0,0,0,0,0,0,0,-60000,0,0,0,13000,73000,-60000,-60000
056356,台積電元大99購01,0,0,0,0,0,0,0,0,0,-60000,0,0,0,53000,113000,-60000,-60000
056780,元油2X群益9A購03,0,0,0,0,0,0,0,0,0,-60000,0,0,0,0,60000,-60000,-60000
056849,瀚宇博元富98購01,0,0,0,0,0,0,0,0,0,-60000,0,0,0,0,60000,-60000,-60000
05913P,國巨元大96售11  ,0,0,0,0,0,0,0,0,0,-60000,0,0,0,0,60000,-60000,-60000
03183P,鴻海元大01售28  ,0,0,0,0,0,0,0,0,0,-60000,0,0,0,0,60000,-60000,-60000
04168P,元金2X凱基99售01,0,0,0,0,0,0,0,0,0,-60000,0,0,0,0,60000,-60000,-60000
047372,創意國票94購01  ,0,0,0,0,0,0,0,0,0,-60000,0,0,0,0,60000,-60000,-60000
045228,泰鼎元大93購01  ,0,0,0,0,0,0,0,0,0,-60000,0,0,0,3000,63000,-60000,-60000
04526P,美律凱基94售03  ,0,0,0,0,0,0,0,0,0,-60000,0,0,0,0,60000,-60000,-60000
051070,正崴國票96購01  ,0,0,0,0,0,0,0,0,0,-60000,0,0,0,0,60000,-60000,-60000
047846,滬深2X統一93購04,0,0,0,0,0,0,0,0,0,-60000,0,0,0,0,60000,-60000,-60000
048019,GIS麥證94購01   ,0,0,0,15000,74000,-59000,0,0,0,-60000,0,0,0,19000,79000,-60000,-60000
048155,瑞昱兆豐93購01  ,0,0,0,0,0,0,0,0,0,-60000,0,0,0,10000,70000,-60000,-60000
047922,聯發科凱基94購01,0,0,0,0,0,0,0,0,0,-60000,0,0,0,0,60000,-60000,-60000
047855,美律國票94購01  ,0,0,0,0,0,0,0,0,0,-60000,0,0,0,5000,65000,-60000,-60000
04688P,大立光凱基94售09,0,0,0,0,0,0,0,0,0,-60000,0,0,0,0,60000,-60000,-60000
04676P,彩晶統一94售03  ,0,0,0,0,0,0,0,0,0,-60000,0,0,0,0,60000,-60000,-60000
047457,旺宏群益95購01  ,0,0,0,0,0,0,0,0,0,-60000,0,0,0,106000,166000,-60000,-60000
046195,聯詠凱基92購08  ,0,0,0,0,0,0,0,0,0,-60000,0,0,0,10000,70000,-60000,-60000
052790,智邦兆豐97購01  ,0,0,0,0,0,0,0,0,0,-60000,0,0,0,10000,70000,-60000,-60000
051926,聯電中信97購01  ,0,0,0,0,0,0,0,0,0,-60000,0,0,0,40000,100000,-60000,-60000
050325,台積電永豐94購05,0,0,0,0,0,0,0,0,0,-60000,0,0,0,0,60000,-60000,-60000
05149P,緯穎國泰96售01  ,0,0,0,0,0,0,0,0,0,-60000,0,0,0,0,60000,-60000,-60000
049849,欣興群益94購04  ,0,0,0,0,0,0,0,0,0,-60000,0,0,0,0,60000,-60000,-60000
051636,嘉晶國票95購02  ,0,0,0,0,0,0,0,0,0,-60000,0,0,0,10000,70000,-60000,-60000
051364,鴻海國泰97購03  ,0,0,0,0,0,0,0,0,0,-60000,0,0,0,0,60000,-60000,-60000
049609,全新兆豐95購01  ,0,0,0,0,0,0,0,0,0,-60000,0,0,0,0,60000,-60000,-60000
051790,貿聯國票95購03  ,0,0,0,0,0,0,0,0,0,-60000,0,0,0,0,60000,-60000,-60000
053934,A50正2元富96購02,0,0,0,0,0,0,0,0,0,-60000,0,0,0,50000,110000,-60000,-60000
054101,茂林國票97購04  ,0,0,0,0,0,0,0,0,0,-60000,0,0,0,50000,110000,-60000,-60000
054179,上海銀台新97購01,0,0,0,0,0,0,0,0,0,-60000,0,0,0,53000,113000,-60000,-60000
054162,光罩凱基98購01  ,0,0,0,0,0,0,0,0,0,-60000,0,0,0,200000,260000,-60000,-60000
054199,大立光永昌96購07,0,0,0,0,0,0,0,0,0,-60000,0,0,0,0,60000,-60000,-60000
054913,億光凱基97購01  ,0,0,0,0,0,0,0,0,0,-60000,0,0,0,40000,100000,-60000,-60000
054722,傳奇永豐97購01  ,0,0,0,0,0,0,0,0,0,-60000,0,0,0,0,60000,-60000,-60000
054452,華通亞東96購01  ,0,0,0,0,0,0,0,0,0,-60000,0,0,0,0,60000,-60000,-60000
053324,康舒群益96購01  ,0,0,0,0,0,0,0,0,0,-60000,0,0,0,190000,250000,-60000,-60000
052622,貿聯兆豐97購01  ,0,0,0,0,0,0,0,0,0,-60000,0,0,0,40000,100000,-60000,-60000
052664,麗豐國票96購02  ,0,0,0,0,0,0,0,0,0,-60000,0,0,0,10000,70000,-60000,-60000
06394P,台積電元大97售28,0,0,0,0,0,0,0,0,0,-60000,0,0,0,60000,120000,-60000,-60000
06237P,台積電元大97售26,0,0,0,0,0,0,0,0,0,-60000,0,0,0,90000,150000,-60000,-60000
6531,愛普            ,189000,233000,-44000,0,0,0,0,0,0,-16000,4000,20000,-16000,0,0,0,-60000
2357,華碩            ,360000,522077,-162077,0,0,0,0,0,0,102000,115000,0,115000,1000,14000,-13000,-60077
05782P,聯詠元富96售02  ,0,0,0,0,0,0,0,0,0,-61000,0,0,0,0,61000,-61000,-61000
056847,佐登元富98購01  ,200000,0,200000,0,0,0,0,0,0,-261000,0,0,0,10000,271000,-261000,-61000
057124,為升凱基98購02  ,0,0,0,0,0,0,0,0,0,-61000,0,0,0,0,61000,-61000,-61000
056795,鴻海麥證98購01  ,0,0,0,0,61000,-61000,0,0,0,-61000,0,0,0,0,61000,-61000,-61000
05653P,華邦電統一96售02,0,0,0,0,0,0,0,0,0,-61000,0,0,0,91000,152000,-61000,-61000
047444,晶技元大93購03  ,0,0,0,0,0,0,0,0,0,-61000,0,0,0,0,61000,-61000,-61000
054379,光磊群益98購01  ,0,0,0,0,0,0,0,0,0,-61000,0,0,0,90000,151000,-61000,-61000
06476P,臺股指永豐98售01,0,0,0,0,0,0,0,0,0,-61000,0,0,0,413000,474000,-61000,-61000
06301P,臺股指元大97售04,0,0,0,0,0,0,0,0,0,-61000,0,0,0,26000,87000,-61000,-61000
056707,鴻海富邦99購03  ,0,0,0,0,0,0,0,0,0,-62000,0,0,0,10000,72000,-62000,-62000
057080,華新科統一99購02,0,0,0,0,0,0,0,0,0,-62000,0,0,0,0,62000,-62000,-62000
056919,英業達兆豐98購01,0,0,0,0,0,0,0,0,0,-62000,0,0,0,70000,132000,-62000,-62000
05785P,臺股指元大96售19,0,0,0,0,0,0,0,0,0,-62000,0,0,0,2000,64000,-62000,-62000
05840P,臺股指富邦96售07,0,0,0,0,0,0,0,0,0,-62000,0,0,0,10000,72000,-62000,-62000
046770,聯發科國泰94購01,0,0,0,0,0,0,0,0,0,-62000,0,0,0,52000,114000,-62000,-62000
051045,南茂永豐95購01  ,0,0,0,0,0,0,0,0,0,-62000,0,0,0,10000,72000,-62000,-62000
048668,奇力新永豐93購04,0,0,0,0,0,0,0,0,0,-62000,0,0,0,0,62000,-62000,-62000
049922,禾伸堂元大95購01,0,0,0,0,0,0,0,0,0,-62000,0,0,0,86000,148000,-62000,-62000
049219,聯發科國票95購01,0,0,0,0,0,0,0,0,0,-62000,0,0,0,18000,80000,-62000,-62000
051940,康舒群益95購01  ,0,0,0,0,0,0,0,0,0,-62000,0,0,0,298000,360000,-62000,-62000
054826,復盛元大9A購01  ,0,0,0,0,0,0,0,0,0,-62000,0,0,0,57000,119000,-62000,-62000
054934,金寶元大97購01  ,0,0,0,0,0,0,0,0,0,-62000,0,0,0,13000,75000,-62000,-62000
053152,大立光元大99購01,0,0,0,0,0,0,0,0,0,-62000,0,0,0,10000,72000,-62000,-62000
4306,炎洲            ,13000,75000,-62000,0,0,0,0,0,0,0,0,0,0,0,0,0,-62000
6191,精成科          ,90000,136000,-46000,0,0,0,0,0,0,-16000,1000,0,1000,7000,24000,-17000,-62000
055055,精元永豐97購01  ,0,0,0,0,0,0,0,0,0,-63000,0,0,0,55000,118000,-63000,-63000
055351,聯發科凱基97購03,0,0,0,0,0,0,0,0,0,-63000,0,0,0,5000,68000,-63000,-63000
055454,華邦電元富97購02,0,0,0,0,0,0,0,0,0,-63000,0,0,0,45000,108000,-63000,-63000
048404,大立光群益93購11,0,0,0,0,0,0,0,0,0,-63000,0,0,0,0,63000,-63000,-63000
045055,聯發科元富98購03,0,0,0,0,0,0,0,0,0,-63000,0,0,0,0,63000,-63000,-63000
049055,聯詠永豐94購01  ,0,0,0,0,0,0,0,0,0,-63000,0,0,0,116000,179000,-63000,-63000
053447,京鼎凱基96購03  ,0,0,0,0,0,0,0,0,0,-63000,0,0,0,0,63000,-63000,-63000
053507,百和兆豐96購01  ,0,0,0,0,0,0,0,0,0,-63000,0,0,0,0,63000,-63000,-63000
05356P,臺股指元富95售10,0,0,0,0,0,0,0,0,0,-63000,0,0,0,0,63000,-63000,-63000
054555,欣興凱基98購01  ,0,0,0,0,0,0,0,0,0,-63000,0,0,0,38000,101000,-63000,-63000
055588,瑞昱元大97購03  ,0,0,0,0,0,0,0,0,0,-64000,0,0,0,31000,95000,-64000,-64000
055691,訊芯凱基97購02  ,0,0,0,0,0,0,0,0,0,-64000,0,0,0,7000,71000,-64000,-64000
057063,立積國泰9A購01  ,0,0,0,0,0,0,0,0,0,-64000,0,0,0,3000,67000,-64000,-64000
057104,康友中信99購01  ,0,0,0,0,0,0,0,0,0,-64000,0,0,0,31000,95000,-64000,-64000
056676,國產元富98購01  ,0,0,0,0,0,0,0,0,0,-64000,0,0,0,10000,74000,-64000,-64000
051667,光磊元大96購02  ,0,0,0,0,0,0,0,0,0,-64000,0,0,0,117000,181000,-64000,-64000
050770,全新元大94購04  ,0,0,0,0,0,0,0,0,0,-64000,0,0,0,1000,65000,-64000,-64000
054782,國巨群益97購01  ,0,0,0,0,0,0,0,0,0,-64000,0,0,0,107000,171000,-64000,-64000
054165,亞光凱基96購02  ,0,0,0,0,0,0,0,0,0,-64000,0,0,0,0,64000,-64000,-64000
054260,貿聯元大96購03  ,0,0,0,0,0,0,0,0,0,-64000,0,0,0,0,64000,-64000,-64000
053713,漢唐凱基96購04  ,0,0,0,0,0,0,0,0,0,-64000,0,0,0,7000,71000,-64000,-64000
052344,台表科凱基98購01,0,0,0,0,0,0,0,0,0,-64000,0,0,0,0,64000,-64000,-64000
06225P,華新科元富97售04,0,0,0,0,0,0,0,0,0,-64000,0,0,0,92000,156000,-64000,-64000
056487,康友元大98購01  ,0,0,0,0,0,0,0,0,0,-65000,0,0,0,59000,124000,-65000,-65000
056481,創意元大98購01  ,0,0,0,0,0,0,0,0,0,-65000,0,0,0,0,65000,-65000,-65000
057189,康控元大98購02  ,0,0,0,0,0,0,0,0,0,-65000,0,0,0,55000,120000,-65000,-65000
05748P,臺股指群益99售02,0,0,0,0,0,0,0,0,0,-65000,0,0,0,143000,208000,-65000,-65000
056084,漢唐統一97購03  ,0,0,0,0,0,0,0,0,0,-65000,0,0,0,0,65000,-65000,-65000
055958,台光電元大97購02,0,0,0,0,0,0,0,0,0,-65000,0,0,0,12000,77000,-65000,-65000
055538,鴻海日盛97購04  ,0,0,0,0,0,0,0,0,0,-65000,0,0,0,29000,94000,-65000,-65000
055274,華泰元大97購02  ,0,0,0,0,0,0,0,0,0,-65000,0,0,0,0,65000,-65000,-65000
044518,京鼎凱基92購01  ,0,0,0,0,0,0,0,0,0,-65000,0,0,0,0,65000,-65000,-65000
047354,訊芯凱基94購01  ,0,0,0,0,0,0,0,0,0,-65000,0,0,0,16000,81000,-65000,-65000
047408,嘉晶統一95購01  ,0,0,0,0,0,0,0,0,0,-65000,0,0,0,0,65000,-65000,-65000
048573,世紀鋼元大93購05,0,0,0,0,0,0,0,0,0,-65000,0,0,0,0,65000,-65000,-65000
051439,川湖元大95購01  ,0,0,0,0,0,0,0,0,0,-65000,0,0,0,20000,85000,-65000,-65000
051401,華新科永豐95購01,0,0,0,0,0,0,0,0,0,-65000,0,0,0,64000,129000,-65000,-65000
048026,瑞昱凱基94購01  ,0,0,0,0,0,0,0,0,0,-65000,0,0,0,37000,102000,-65000,-65000
05010P,台郡元富95售01  ,0,0,0,0,0,0,0,0,0,-65000,0,0,0,5000,70000,-65000,-65000
050344,鴻海元富96購01  ,0,0,0,0,0,0,0,0,0,-65000,0,0,0,0,65000,-65000,-65000
05083P,麗豐永豐95售02  ,0,0,0,0,0,0,0,0,0,-65000,0,0,0,45000,110000,-65000,-65000
048627,T50反1元大96購02,0,0,0,0,0,0,0,0,0,-65000,0,0,0,0,65000,-65000,-65000
04888P,臺股指凱基95售03,0,0,0,0,0,0,0,0,0,-65000,0,0,0,65000,130000,-65000,-65000
050036,矽格元大94購03  ,0,0,0,0,0,0,0,0,0,-65000,0,0,0,18000,83000,-65000,-65000
049298,矽格群益95購01  ,0,0,0,0,0,0,0,0,0,-65000,0,0,0,20000,85000,-65000,-65000
053441,旺宏凱基98購01  ,0,0,0,0,0,0,0,0,0,-65000,0,0,0,310000,375000,-65000,-65000
054259,健策元大97購03  ,0,0,0,0,0,0,0,0,0,-65000,0,0,0,441000,506000,-65000,-65000
053791,同欣電元大96購05,0,0,0,0,0,0,0,0,0,-65000,0,0,0,242000,307000,-65000,-65000
06153P,健策元大97售04  ,0,0,0,0,0,0,0,0,0,-65000,0,0,0,15000,80000,-65000,-65000
055288,日電貿元大97購02,0,0,0,0,0,0,0,0,0,-66000,0,0,0,264000,330000,-66000,-66000
055126,嘉澤兆豐97購01  ,0,0,0,0,0,0,0,0,0,-66000,0,0,0,0,66000,-66000,-66000
055957,瑞昱元大97購06  ,0,0,0,0,0,0,0,0,0,-66000,0,0,0,2000,68000,-66000,-66000
055742,健策元富97購02  ,0,0,0,0,0,0,0,0,0,-66000,0,0,0,90000,156000,-66000,-66000
057354,聯鈞統一99購03  ,0,0,0,0,0,0,0,0,0,-66000,0,0,0,0,66000,-66000,-66000
056799,群創麥證98購01  ,0,0,0,0,66000,-66000,0,0,0,-66000,0,0,0,0,66000,-66000,-66000
048140,T50反1統一93購05,0,0,0,0,0,0,0,0,0,-66000,0,0,0,0,66000,-66000,-66000
051250,大立光元大98購01,0,0,0,0,0,0,0,0,0,-66000,0,0,0,0,66000,-66000,-66000
049166,元油2X凱基97購02,0,0,0,0,0,0,0,0,0,-66000,0,0,0,0,66000,-66000,-66000
051842,大成鋼富邦97購01,0,0,0,0,0,0,0,0,0,-66000,0,0,0,436000,502000,-66000,-66000
051875,聯發科兆豐95購04,0,0,0,0,0,0,0,0,0,-66000,0,0,0,0,66000,-66000,-66000
054057,晶豪科國票97購01,0,0,0,0,0,0,0,0,0,-66000,0,0,0,0,66000,-66000,-66000
05255P,義隆凱基95售01  ,0,0,0,0,0,0,0,0,0,-66000,0,0,0,20000,86000,-66000,-66000
06082P,華通統一98售01  ,0,0,0,0,0,0,0,0,0,-66000,0,0,0,4000,70000,-66000,-66000
6715,嘉基            ,56000,87000,-31000,0,0,0,0,0,0,-35000,51000,86000,-35000,0,0,0,-66000
05628P,茂林國票97售02  ,0,0,0,0,0,0,0,0,0,-67000,0,0,0,58000,125000,-67000,-67000
05761P,嘉澤永豐96售01  ,0,0,0,0,0,0,0,0,0,-67000,0,0,0,131000,198000,-67000,-67000
055701,亞德客富邦99購01,0,0,0,0,0,0,0,0,0,-67000,0,0,0,60000,127000,-67000,-67000
055842,建準元大98購01  ,0,0,0,0,0,0,0,0,0,-67000,0,0,0,77000,144000,-67000,-67000
055973,亞德客統一97購01,0,0,0,0,0,0,0,0,0,-67000,0,0,0,1000,68000,-67000,-67000
056133,可成元大97購05  ,0,0,0,0,0,0,0,0,0,-67000,0,0,0,217000,284000,-67000,-67000
045640,嘉晶凱基93購01  ,0,0,0,0,0,0,0,0,0,-67000,0,0,0,10000,77000,-67000,-67000
051356,全新元大96購04  ,0,0,0,0,0,0,0,0,0,-67000,0,0,0,1000,68000,-67000,-67000
053764,A50正2富邦99購01,0,0,0,0,0,0,0,0,0,-67000,0,0,0,3000,70000,-67000,-67000
054007,貿聯統一96購01  ,0,0,0,0,0,0,0,0,0,-67000,0,0,0,0,67000,-67000,-67000
054464,奇力新凱基98購02,0,0,0,0,0,0,0,0,0,-67000,0,0,0,239000,306000,-67000,-67000
06043P,創意永豐96售06  ,0,0,0,0,0,0,0,0,0,-67000,0,0,0,0,67000,-67000,-67000
05974P,國巨富邦97售03  ,0,0,0,0,0,0,0,0,0,-67000,0,0,0,7000,74000,-67000,-67000
06228P,亞德客凱基97售04,0,0,0,0,0,0,0,0,0,-67000,0,0,0,21000,88000,-67000,-67000
1902,台紙            ,59000,126000,-67000,0,0,0,0,0,0,0,0,0,0,0,0,0,-67000
056226,聯發科凱基97購10,0,0,0,0,0,0,0,0,0,-68000,0,0,0,10000,78000,-68000,-68000
055627,亞德客永豐97購02,0,0,0,0,0,0,0,0,0,-68000,0,0,0,0,68000,-68000,-68000
055347,台積電凱基97購10,0,0,0,0,0,0,0,0,0,-68000,0,0,0,0,68000,-68000,-68000
055368,台積電元大97購24,0,0,0,0,0,0,0,0,0,-68000,0,0,0,1000,69000,-68000,-68000
056337,聯發科凱基98購06,0,0,0,0,0,0,0,0,0,-68000,0,0,0,2000,70000,-68000,-68000
056550,瑞儀凱基99購01  ,0,0,0,0,0,0,0,0,0,-68000,0,0,0,24000,92000,-68000,-68000
048314,京元電凱基93購04,0,0,0,0,0,0,0,0,0,-68000,0,0,0,0,68000,-68000,-68000
044750,鴻海凱基93購07  ,0,0,0,0,0,0,0,0,0,-68000,0,0,0,0,68000,-68000,-68000
048093,聯發科凱基93購30,0,0,0,0,0,0,0,0,0,-68000,0,0,0,0,68000,-68000,-68000
051307,康舒凱基95購01  ,0,0,0,0,0,0,0,0,0,-68000,0,0,0,125000,193000,-68000,-68000
048560,聯發科元大94購01,0,0,0,0,0,0,0,0,0,-68000,0,0,0,0,68000,-68000,-68000
046959,技嘉中信93購01  ,0,0,0,0,0,0,0,0,0,-68000,0,0,0,46000,114000,-68000,-68000
049171,台達電凱基94購03,0,0,0,0,0,0,0,0,0,-68000,0,0,0,0,68000,-68000,-68000
049214,台達電國票95購01,0,0,0,0,0,0,0,0,0,-68000,0,0,0,21000,89000,-68000,-68000
049198,聯鈞永豐94購01  ,0,0,0,0,0,0,0,0,0,-68000,0,0,0,40000,108000,-68000,-68000
051581,聯發科元大95購12,0,0,0,0,0,0,0,0,0,-68000,0,0,0,10000,78000,-68000,-68000
049071,台達電凱基94購02,0,0,0,0,0,0,0,0,0,-68000,0,0,0,0,68000,-68000,-68000
050646,美律凱基96購01  ,0,0,0,0,0,0,0,0,0,-68000,0,0,0,0,68000,-68000,-68000
050007,貿聯永豐94購01  ,0,0,0,0,0,0,0,0,0,-68000,0,0,0,1000,69000,-68000,-68000
050176,正崴元大94購03  ,0,0,0,0,0,0,0,0,0,-68000,0,0,0,19000,87000,-68000,-68000
050927,聯詠凱基95購01  ,0,0,0,0,0,0,0,0,0,-68000,0,0,0,1000,69000,-68000,-68000
050298,智伸科凱基94購02,0,0,0,0,0,0,0,0,0,-68000,0,0,0,0,68000,-68000,-68000
050503,聯發科凱基94購22,0,0,0,0,0,0,0,0,0,-68000,0,0,0,0,68000,-68000,-68000
050544,聯發科凱基95購02,0,0,0,0,0,0,0,0,0,-68000,0,0,0,0,68000,-68000,-68000
050430,京元電凱基94購03,0,0,0,0,0,0,0,0,0,-68000,0,0,0,0,68000,-68000,-68000
050408,臻鼎台新94購02  ,0,0,0,0,0,0,0,0,0,-68000,0,0,0,60000,128000,-68000,-68000
050421,鴻海凱基95購04  ,0,0,0,0,0,0,0,0,0,-68000,0,0,0,150000,218000,-68000,-68000
050812,台積電凱基95購01,0,0,0,0,0,0,0,0,0,-68000,0,0,0,0,68000,-68000,-68000
049645,台積電凱基94購22,0,0,0,0,0,0,0,0,0,-68000,0,0,0,0,68000,-68000,-68000
051474,智邦凱基95購04  ,0,0,0,0,0,0,0,0,0,-68000,0,0,0,0,68000,-68000,-68000
054917,聯發科凱基98購05,0,0,0,0,0,0,0,0,0,-68000,0,0,0,0,68000,-68000,-68000
054906,神達康和97購01  ,0,0,0,0,0,0,0,0,0,-68000,0,0,0,224000,292000,-68000,-68000
054000,訊芯群益96購02  ,0,0,0,0,0,0,0,0,0,-68000,0,0,0,260000,328000,-68000,-68000
053947,義隆富邦97購01  ,0,0,0,0,0,0,0,0,0,-68000,0,0,0,20000,88000,-68000,-68000
053801,台積電凱基96購18,0,0,0,0,0,0,0,0,0,-68000,0,0,0,0,68000,-68000,-68000
053775,鴻海元大96購21  ,0,0,0,0,0,0,0,0,0,-68000,0,0,0,0,68000,-68000,-68000
054108,台積電凱基96購22,0,0,0,0,0,0,0,0,0,-68000,0,0,0,0,68000,-68000,-68000
054181,華新康和96購01  ,0,0,0,0,0,0,0,0,0,-68000,0,0,0,0,68000,-68000,-68000
054255,亞光元大96購05  ,0,0,0,0,0,0,0,0,0,-68000,0,0,0,39000,107000,-68000,-68000
052511,聯發科凱基95購14,0,0,0,0,0,0,0,0,0,-68000,0,0,0,0,68000,-68000,-68000
056610,鴻海永豐98購01  ,0,0,0,0,0,0,0,0,0,-69000,0,0,0,8000,77000,-69000,-69000
056507,創意永豐98購02  ,0,0,0,0,0,0,0,0,0,-69000,0,0,0,120000,189000,-69000,-69000
056453,禾伸堂凱基99購02,0,0,0,0,0,0,0,0,0,-69000,0,0,0,41000,110000,-69000,-69000
055547,台積電凱基97購13,0,0,0,0,0,0,0,0,0,-69000,0,0,0,0,69000,-69000,-69000
048464,康控台新94購01  ,0,0,0,0,0,0,0,0,0,-69000,0,0,0,0,69000,-69000,-69000
047365,隆達群益93購01  ,0,0,0,0,0,0,0,0,0,-69000,0,0,0,0,69000,-69000,-69000
051747,貿聯國泰96購01  ,0,0,0,0,0,0,0,0,0,-69000,0,0,0,28000,97000,-69000,-69000
052924,旺宏永豐96購01  ,0,0,0,0,0,0,0,0,0,-69000,0,0,0,15000,84000,-69000,-69000
053662,矽力凱基97購01  ,0,0,0,0,0,0,0,0,0,-69000,0,0,0,0,69000,-69000,-69000
054942,凱美元大97購02  ,0,0,0,0,0,0,0,0,0,-69000,0,0,0,21000,90000,-69000,-69000
06483P,聯發科凱基98售10,0,0,0,0,0,0,0,0,0,-69000,0,0,0,0,69000,-69000,-69000
05531P,臺股指群益96售04,0,0,0,0,0,0,0,0,0,-70000,0,0,0,10000,80000,-70000,-70000
055019,福懋科元富97購01,0,0,0,0,0,0,0,0,0,-70000,0,0,0,25000,95000,-70000,-70000
055814,晶豪科國票97購02,0,0,0,0,0,0,0,0,0,-70000,0,0,0,60000,130000,-70000,-70000
055929,聯發科群益97購05,0,0,0,0,0,0,0,0,0,-70000,0,0,0,0,70000,-70000,-70000
056120,聯茂群益97購02  ,0,0,0,0,0,0,0,0,0,-70000,0,0,0,30000,100000,-70000,-70000
055970,聯茂元大97購04  ,0,0,0,0,0,0,0,0,0,-70000,0,0,0,2000,72000,-70000,-70000
056464,臺股指凱基99購06,0,0,0,0,0,0,0,0,0,-70000,0,0,0,10000,80000,-70000,-70000
05677P,玉晶光群益98售03,0,0,0,0,0,0,0,0,0,-70000,0,0,0,30000,100000,-70000,-70000
057264,新光金兆豐98購01,0,0,0,0,0,0,0,0,0,-70000,0,0,0,0,70000,-70000,-70000
056866,矽創群益98購03  ,0,0,0,0,0,0,0,0,0,-70000,0,0,0,41000,111000,-70000,-70000
04454P,大立光富邦98售02,0,0,0,0,0,0,0,0,0,-70000,0,0,0,0,70000,-70000,-70000
045866,南茂統一94購01  ,0,0,0,0,0,0,0,0,0,-70000,0,0,0,0,70000,-70000,-70000
03454P,台積電凱基03售14,0,0,0,0,0,0,0,0,0,-70000,0,0,0,0,70000,-70000,-70000
03757P,麗豐永豐93售01  ,0,0,0,0,0,0,0,0,0,-70000,0,0,0,1000,71000,-70000,-70000
046623,臻鼎凱基93購02  ,0,0,0,0,0,0,0,0,0,-70000,0,0,0,40000,110000,-70000,-70000
046652,上銀元大93購02  ,0,0,0,0,0,0,0,0,0,-70000,0,0,0,0,70000,-70000,-70000
046937,聯電元大99購01  ,0,0,0,0,0,0,0,0,0,-70000,0,0,0,0,70000,-70000,-70000
051645,光寶科永豐95購01,0,0,0,0,0,0,0,0,0,-70000,0,0,0,70000,140000,-70000,-70000
049284,瑞昱中信94購02  ,0,0,0,0,0,0,0,0,0,-70000,0,0,0,13000,83000,-70000,-70000
049015,鴻海群益94購03  ,0,0,0,0,0,0,0,0,0,-70000,0,0,0,0,70000,-70000,-70000
049020,可成群益94購02  ,0,0,0,0,0,0,0,0,0,-70000,0,0,0,11000,81000,-70000,-70000
05096P,台積電日盛95售01,0,0,0,0,0,0,0,0,0,-70000,0,0,0,1600000,1670000,-70000,-70000
051522,玉晶光凱基95購05,0,0,0,0,0,0,0,0,0,-70000,0,0,0,2000,72000,-70000,-70000
049721,晶技凱基94購02  ,0,0,0,0,0,0,0,0,0,-70000,0,0,0,0,70000,-70000,-70000
05079P,可成永豐95售01  ,0,0,0,0,0,0,0,0,0,-70000,0,0,0,80000,150000,-70000,-70000
054929,群電凱基97購01  ,0,0,0,0,0,0,0,0,0,-70000,0,0,0,10000,80000,-70000,-70000
054389,為升元富96購02  ,0,0,0,0,0,0,0,0,0,-70000,0,0,0,0,70000,-70000,-70000
053623,臺股指群益96購09,0,0,0,0,0,0,0,0,0,-70000,0,0,0,12000,82000,-70000,-70000
053387,緯創元大97購01  ,0,0,0,0,0,0,0,0,0,-70000,0,0,0,36000,106000,-70000,-70000
053422,可成永豐96購01  ,0,0,0,0,0,0,0,0,0,-70000,0,0,0,68000,138000,-70000,-70000
053404,致新群益96購01  ,0,0,0,0,0,0,0,0,0,-70000,0,0,0,77000,147000,-70000,-70000
053291,旺宏中信9A購01  ,0,0,0,0,0,0,0,0,0,-70000,0,0,0,26000,96000,-70000,-70000
052868,緯創凱基96購03  ,0,0,0,0,0,0,0,0,0,-70000,0,0,0,0,70000,-70000,-70000
052637,欣興凱基97購01  ,0,0,0,0,0,0,0,0,0,-70000,0,0,0,0,70000,-70000,-70000
05273P,國巨群益95售02  ,0,0,0,0,0,0,0,0,0,-70000,0,0,0,0,70000,-70000,-70000
06503P,臺股指中信9A售02,0,0,0,0,0,0,0,0,0,-70000,0,0,0,30000,100000,-70000,-70000
056900,可成元大98購02  ,0,0,0,0,0,0,0,0,0,-71000,0,0,0,54000,125000,-71000,-71000
057170,瑞昱元大98購01  ,0,0,0,0,0,0,0,0,0,-71000,0,0,0,50000,121000,-71000,-71000
056244,群創群益98購09  ,0,0,0,0,0,0,0,0,0,-71000,0,0,0,0,71000,-71000,-71000
055400,緯穎統一97購01  ,0,0,0,0,0,0,0,0,0,-71000,0,0,0,18000,89000,-71000,-71000
051119,光寶科群益95購01,0,0,0,0,0,0,0,0,0,-71000,0,0,0,11000,82000,-71000,-71000
047696,聯發科國票94購02,0,0,0,0,0,0,0,0,0,-71000,0,0,0,55000,126000,-71000,-71000
052823,創意永豐96購02  ,0,0,0,0,0,0,0,0,0,-71000,0,0,0,131000,202000,-71000,-71000
052060,旺宏國票96購02  ,0,0,0,0,0,0,0,0,0,-71000,0,0,0,0,71000,-71000,-71000
049004,聯發科中信96購01,0,0,0,0,0,0,0,0,0,-71000,0,0,0,4000,75000,-71000,-71000
050027,義隆元大94購03  ,0,0,0,0,0,0,0,0,0,-71000,0,0,0,0,71000,-71000,-71000
051664,鴻海元大96購07  ,0,0,0,0,0,0,0,0,0,-71000,0,0,0,0,71000,-71000,-71000
052229,奇力新凱基96購01,0,0,0,0,0,0,0,0,0,-71000,0,0,0,0,71000,-71000,-71000
053308,智易凱基96購02  ,0,0,0,0,0,0,0,0,0,-71000,0,0,0,200000,271000,-71000,-71000
053211,漢唐凱基96購03  ,0,0,0,0,0,0,0,0,0,-71000,0,0,0,0,71000,-71000,-71000
053553,聯詠凱基96購03  ,0,0,0,0,0,0,0,0,0,-71000,0,0,0,4000,75000,-71000,-71000
053728,茂林凱基97購01  ,0,0,0,0,0,0,0,0,0,-71000,0,0,0,1000,72000,-71000,-71000
3703,欣陸            ,60000,131000,-71000,0,0,0,0,0,0,0,0,0,0,0,0,0,-71000
055229,大毅國票97購02  ,0,0,0,0,0,0,0,0,0,-72000,0,0,0,3000,75000,-72000,-72000
055244,國巨統一98購01  ,0,0,0,0,0,0,0,0,0,-72000,0,0,0,94000,166000,-72000,-72000
055710,亞德客元大97購03,0,0,0,0,0,0,0,0,0,-72000,0,0,0,23000,95000,-72000,-72000
057064,華新科富邦9B購01,0,0,0,0,0,0,0,0,0,-72000,0,0,0,20000,92000,-72000,-72000
057084,立積統一9B購01  ,0,0,0,0,0,0,0,0,0,-72000,0,0,0,10000,82000,-72000,-72000
056861,美律群益99購01  ,0,0,0,0,0,0,0,0,0,-72000,0,0,0,47000,119000,-72000,-72000
056779,元油2X群益9A購02,0,0,0,0,0,0,0,0,0,-72000,0,0,0,60000,132000,-72000,-72000
048261,鴻海元富95購01  ,0,0,0,0,0,0,0,0,0,-72000,0,0,0,0,72000,-72000,-72000
050802,康控群益95購01  ,0,0,0,0,0,0,0,0,0,-72000,0,0,0,0,72000,-72000,-72000
053081,上銀元大97購02  ,0,0,0,0,0,0,0,0,0,-72000,0,0,0,80000,152000,-72000,-72000
052833,康控群益96購01  ,0,0,0,0,0,0,0,0,0,-72000,0,0,0,250000,322000,-72000,-72000
052847,漢唐統一99購01  ,0,0,0,0,0,0,0,0,0,-72000,0,0,0,0,72000,-72000,-72000
052936,華通兆豐98購01  ,0,0,0,0,0,0,0,0,0,-72000,0,0,0,43000,115000,-72000,-72000
054951,大毅元大97購01  ,0,0,0,0,0,0,0,0,0,-72000,0,0,0,57000,129000,-72000,-72000
3563,牧德            ,94000,149000,-55000,0,0,0,0,0,0,-17000,2000,28000,-26000,13000,4000,9000,-72000
06538P,國巨凱基98售11  ,0,0,0,0,0,0,0,0,0,-72000,0,0,0,0,72000,-72000,-72000
06256P,臺股指群益97售09,0,0,0,0,0,0,0,0,0,-72000,0,0,0,0,72000,-72000,-72000
3533,嘉澤            ,458000,272639,185361,0,0,0,30000,232000,-202000,-56000,16000,74000,-58000,6000,4000,2000,-72639
056004,南電永豐97購02  ,0,0,0,0,0,0,0,0,0,-73000,0,0,0,0,73000,-73000,-73000
055572,鴻海統一98購04  ,0,0,0,0,0,0,0,0,0,-73000,0,0,0,200000,273000,-73000,-73000
055520,矽力中信97購02  ,0,0,0,0,0,0,0,0,0,-73000,0,0,0,105000,178000,-73000,-73000
044270,群創中信95購02  ,0,0,0,0,0,0,0,0,0,-73000,0,0,0,0,73000,-73000,-73000
047591,訊芯永豐93購02  ,0,0,0,0,0,0,0,0,0,-73000,0,0,0,0,73000,-73000,-73000
054817,聯發科元大97購13,0,0,0,0,0,0,0,0,0,-73000,0,0,0,10000,83000,-73000,-73000
054541,康控國票98購01  ,0,0,0,0,0,0,0,0,0,-73000,0,0,0,57000,130000,-73000,-73000
1560,中砂            ,39000,112000,-73000,0,0,0,0,0,0,0,0,0,0,0,0,0,-73000
1730,花仙子          ,23000,96000,-73000,0,0,0,0,0,0,0,0,0,0,0,0,0,-73000
055835,華邦電元大97購03,0,0,0,0,0,0,0,0,0,-74000,0,0,0,0,74000,-74000,-74000
056805,元石油統一9B購01,0,0,0,0,0,0,0,0,0,-74000,0,0,0,41000,115000,-74000,-74000
056500,大立光富邦9B購02,0,0,0,0,0,0,0,0,0,-74000,0,0,0,41000,115000,-74000,-74000
057133,京鼎凱基98購02  ,0,0,0,0,0,0,0,0,0,-74000,0,0,0,0,74000,-74000,-74000
050768,聯發科元大94購16,0,0,0,0,0,0,0,0,0,-74000,0,0,0,60000,134000,-74000,-74000
050131,新光金凱基94購01,0,0,0,0,0,0,0,0,0,-74000,0,0,0,20000,94000,-74000,-74000
049811,聯鈞元大94購01  ,0,0,0,0,0,0,0,0,0,-74000,0,0,0,17000,91000,-74000,-74000
050201,光磊群益94購01  ,0,0,0,0,0,0,0,0,0,-74000,0,0,0,111000,185000,-74000,-74000
05134P,鴻海凱基96售06  ,0,0,0,0,0,0,0,0,0,-74000,0,0,0,0,74000,-74000,-74000
05489P,臺股指凱基95售22,0,0,0,0,0,0,0,0,0,-74000,0,0,0,40000,114000,-74000,-74000
053737,華新科麥證96購01,0,0,0,10000,84000,-74000,0,0,0,-74000,0,0,0,10000,84000,-74000,-74000
053973,晶豪科元大96購01,0,0,0,0,0,0,0,0,0,-74000,0,0,0,0,74000,-74000,-74000
052273,新光金群益95購02,0,0,0,0,0,0,0,0,0,-74000,0,0,0,0,74000,-74000,-74000
053602,台虹元大96購01  ,0,0,0,0,0,0,0,0,0,-74000,0,0,0,197000,271000,-74000,-74000
1308,亞聚            ,11000,89000,-78000,0,0,0,0,0,0,4000,4000,0,4000,0,0,0,-74000
3518,柏騰            ,35000,109000,-74000,0,0,0,0,0,0,0,0,0,0,0,0,0,-74000
057070,美律永豐98購02  ,0,0,0,0,0,0,0,0,0,-75000,0,0,0,0,75000,-75000,-75000
057041,國巨元大99購04  ,0,0,0,0,0,0,0,0,0,-75000,0,0,0,33000,108000,-75000,-75000
056852,矽格元富98購01  ,0,0,0,0,0,0,0,0,0,-75000,0,0,0,0,75000,-75000,-75000
057368,微星元大98購02  ,0,0,0,0,0,0,0,0,0,-75000,0,0,0,0,75000,-75000,-75000
056315,同欣電元大97購05,0,0,0,0,0,0,0,0,0,-75000,0,0,0,260000,335000,-75000,-75000
056787,健鼎群益98購01  ,0,0,0,0,0,0,0,0,0,-75000,0,0,0,52000,127000,-75000,-75000
056240,嘉晶群益97購02  ,0,0,0,0,0,0,0,0,0,-75000,0,0,0,11000,86000,-75000,-75000
048483,可成國泰95購01  ,0,0,0,0,0,0,0,0,0,-75000,0,0,0,74000,149000,-75000,-75000
051106,華通統一95購02  ,0,0,0,0,0,0,0,0,0,-75000,0,0,0,812000,887000,-75000,-75000
044673,上銀凱基93購04  ,0,0,0,0,0,0,0,0,0,-75000,0,0,0,4000,79000,-75000,-75000
052391,瑞儀群益95購01  ,0,0,0,0,0,0,0,0,0,-75000,0,0,0,33000,108000,-75000,-75000
052469,宏碁亞東95購01  ,0,0,0,0,0,0,0,0,0,-75000,0,0,0,0,75000,-75000,-75000
053017,世紀鋼統一96購02,0,0,0,0,0,0,0,0,0,-75000,0,0,0,27000,102000,-75000,-75000
053760,牧德國泰98購01  ,0,0,0,0,0,0,0,0,0,-75000,0,0,0,0,75000,-75000,-75000
06599P,宏達電永豐98售02,0,0,0,0,0,0,0,0,0,-75000,0,0,0,0,75000,-75000,-75000
6491,晶碩            ,0,45000,-45000,0,0,0,0,30000,-30000,0,0,0,0,0,0,0,-75000
055474,欣興凱基97購05  ,0,0,0,0,0,0,0,0,0,-76000,0,0,0,41000,117000,-76000,-76000
055215,智邦凱基98購02  ,0,0,0,0,0,0,0,0,0,-76000,0,0,0,65000,141000,-76000,-76000
055121,鴻海兆豐97購03  ,0,0,0,0,0,0,0,0,0,-76000,0,0,0,0,76000,-76000,-76000
056989,鴻海兆豐98購02  ,0,0,0,0,0,0,0,0,0,-76000,0,0,0,0,76000,-76000,-76000
057071,華擎永豐98購02  ,0,0,0,0,0,0,0,0,0,-76000,0,0,0,200000,276000,-76000,-76000
051213,華新科統一95購01,0,0,0,0,0,0,0,0,0,-76000,0,0,0,0,76000,-76000,-76000
054035,聯詠麥證96購01  ,0,0,0,10000,86000,-76000,0,0,0,-76000,0,0,0,10000,86000,-76000,-76000
054094,創意群益96購02  ,0,0,0,0,0,0,0,0,0,-76000,0,0,0,87000,163000,-76000,-76000
054781,台化群益99購01  ,0,0,0,0,0,0,0,0,0,-76000,0,0,0,11000,87000,-76000,-76000
053619,和碩群益96購01  ,0,0,0,0,0,0,0,0,0,-76000,0,0,0,0,76000,-76000,-76000
053495,聯發科兆豐96購02,0,0,0,0,0,0,0,0,0,-76000,0,0,0,0,76000,-76000,-76000
2457,飛宏            ,42000,118000,-76000,0,0,0,0,0,0,0,0,0,0,0,0,0,-76000
056880,緯穎國票98購02  ,0,0,0,0,0,0,0,0,0,-77000,0,0,0,0,77000,-77000,-77000
056567,瀚宇博群益98購02,0,0,0,0,0,0,0,0,0,-77000,0,0,0,0,77000,-77000,-77000
055160,玉晶光元大99購03,0,0,0,0,0,0,0,0,0,-77000,0,0,0,126000,203000,-77000,-77000
055052,凱美永豐97購01  ,0,0,0,0,0,0,0,0,0,-77000,0,0,0,0,77000,-77000,-77000
055405,華泰國泰98購01  ,0,0,0,0,0,0,0,0,0,-77000,0,0,0,0,77000,-77000,-77000
056208,崇越永豐97購01  ,0,0,0,0,0,0,0,0,0,-77000,0,0,0,0,77000,-77000,-77000
056071,創意元大97購02  ,0,0,0,0,0,0,0,0,0,-77000,0,0,0,208000,285000,-77000,-77000
055631,創意永豐98購01  ,0,0,0,0,0,0,0,0,0,-77000,0,0,0,68000,145000,-77000,-77000
051085,鴻海元大95購03  ,0,0,0,0,0,0,0,0,0,-77000,0,0,0,525000,602000,-77000,-77000
049087,晶相光凱基94購02,0,0,0,0,0,0,0,0,0,-77000,0,0,0,0,77000,-77000,-77000
049588,聯發科元大94購06,0,0,0,0,0,0,0,0,0,-77000,0,0,0,39000,116000,-77000,-77000
05089P,亞德客元大95售01,0,0,0,0,0,0,0,0,0,-77000,0,0,0,500000,577000,-77000,-77000
052089,聯發科元大96購02,0,0,0,0,0,0,0,0,0,-77000,0,0,0,10000,87000,-77000,-77000
050313,大立光兆豐94購05,0,0,0,0,0,0,0,0,0,-77000,0,0,0,0,77000,-77000,-77000
054772,康控國票98購02  ,0,0,0,0,0,0,0,0,0,-77000,0,0,0,0,77000,-77000,-77000
054754,昇陽半凱基98購02,0,0,0,0,0,0,0,0,0,-77000,0,0,0,62000,139000,-77000,-77000
054738,聯發科凱基97購01,0,0,0,0,0,0,0,0,0,-77000,0,0,0,0,77000,-77000,-77000
054804,南亞元大9A購01  ,0,0,0,0,0,0,0,0,0,-77000,0,0,0,23000,100000,-77000,-77000
053970,聯發科元大97購08,0,0,0,0,0,0,0,0,0,-77000,0,0,0,0,77000,-77000,-77000
053781,友達元大9B購03  ,0,0,0,0,0,0,0,0,0,-77000,0,0,0,5000,82000,-77000,-77000
6251,定穎            ,755000,862000,-107000,0,0,0,0,0,0,30000,30000,0,30000,0,0,0,-77000
056023,晶豪科群益97購01,0,0,0,0,0,0,0,0,0,-78000,0,0,0,5000,83000,-78000,-78000
055048,台積電永豐97購04,0,0,0,0,0,0,0,0,0,-78000,0,0,0,2000,80000,-78000,-78000
056837,國巨元富98購02  ,0,0,0,0,0,0,0,0,0,-78000,0,0,0,45000,123000,-78000,-78000
057093,臻鼎元富98購02  ,0,0,0,0,0,0,0,0,0,-78000,0,0,0,48000,126000,-78000,-78000
051101,台表科元大96購02,0,0,0,0,0,0,0,0,0,-78000,0,0,0,3000,81000,-78000,-78000
046380,神基凱基93購01  ,0,0,0,0,0,0,0,0,0,-78000,0,0,0,223000,301000,-78000,-78000
048565,康控元大94購04  ,0,0,0,0,0,0,0,0,0,-78000,0,0,0,0,78000,-78000,-78000
047131,鴻海凱基94購03  ,0,0,0,0,0,0,0,0,0,-78000,0,0,0,40000,118000,-78000,-78000
049437,可成國泰96購01  ,0,0,0,0,0,0,0,0,0,-78000,0,0,0,184000,262000,-78000,-78000
051951,聯發科元富95購02,0,0,0,0,0,0,0,0,0,-78000,0,0,0,20000,98000,-78000,-78000
049082,晶豪科凱基94購01,0,0,0,0,0,0,0,0,0,-78000,0,0,0,11000,89000,-78000,-78000
051568,智邦富邦95購01  ,0,0,0,0,0,0,0,0,0,-78000,0,0,0,60000,138000,-78000,-78000
050745,茂林永豐94購06  ,0,0,0,0,0,0,0,0,0,-78000,0,0,0,2000,80000,-78000,-78000
054098,嘉晶國票97購04  ,0,0,0,0,0,0,0,0,0,-78000,0,0,0,0,78000,-78000,-78000
054144,康控元大97購02  ,0,0,0,0,0,0,0,0,0,-78000,0,0,0,0,78000,-78000,-78000
052733,台郡國泰97購01  ,0,0,0,0,0,0,0,0,0,-78000,0,0,0,218000,296000,-78000,-78000
1707,葡萄王          ,171000,242000,-71000,0,0,0,0,0,0,-7000,0,7000,-7000,0,0,0,-78000
056960,光罩永豐98購01  ,0,0,0,0,0,0,0,0,0,-79000,0,0,0,39000,118000,-79000,-79000
056566,臻鼎群益98購01  ,0,0,0,0,0,0,0,0,0,-79000,0,0,0,20000,99000,-79000,-79000
055949,亞德客元大97購04,0,0,0,0,0,0,0,0,0,-79000,0,0,0,27000,106000,-79000,-79000
055832,台達電元大97購02,0,0,0,0,0,0,0,0,0,-79000,0,0,0,36000,115000,-79000,-79000
055773,瑞昱凱基97購03  ,0,0,0,0,0,0,0,0,0,-79000,0,0,0,0,79000,-79000,-79000
049868,傳奇兆豐94購01  ,0,0,0,0,0,0,0,0,0,-79000,0,0,0,0,79000,-79000,-79000
052782,超眾國票96購02  ,0,0,0,0,0,0,0,0,0,-79000,0,0,0,31000,110000,-79000,-79000
049477,泰鼎永豐94購01  ,0,0,0,0,0,0,0,0,0,-79000,0,0,0,258000,337000,-79000,-79000
050590,晶技永豐95購01  ,0,0,0,0,0,0,0,0,0,-79000,0,0,0,0,79000,-79000,-79000
053499,禾伸堂兆豐96購01,0,0,0,0,0,0,0,0,0,-79000,0,0,0,0,79000,-79000,-79000
053054,禾伸堂國票97購01,0,0,0,0,0,0,0,0,0,-79000,0,0,0,40000,119000,-79000,-79000
054380,世芯群益97購02  ,0,0,0,0,0,0,0,0,0,-79000,0,0,0,24000,103000,-79000,-79000
054621,華新科兆豐98購01,0,0,0,0,0,0,0,0,0,-79000,0,0,0,100000,179000,-79000,-79000
1702,南僑            ,152000,231000,-79000,0,0,0,0,0,0,0,0,0,0,0,0,0,-79000
055960,義隆元大97購01  ,0,0,0,0,0,0,0,0,0,-80000,0,0,0,0,80000,-80000,-80000
055997,矽創國泰99購01  ,0,0,0,0,0,0,0,0,0,-80000,0,0,0,46000,126000,-80000,-80000
056029,國巨麥證98購01  ,0,0,0,60000,140000,-80000,0,0,0,-80000,0,0,0,60000,140000,-80000,-80000
055224,鴻海國票99購02  ,0,0,0,0,0,0,0,0,0,-80000,0,0,0,0,80000,-80000,-80000
055178,晶豪科統一97購01,0,0,0,0,0,0,0,0,0,-80000,0,0,0,116000,196000,-80000,-80000
056400,道瓊反群益9C購01,0,0,0,0,0,0,0,0,0,-80000,0,0,0,0,80000,-80000,-80000
057351,奇力新統一98購02,0,0,0,0,0,0,0,0,0,-80000,0,0,0,0,80000,-80000,-80000
057260,微星兆豐98購01  ,0,0,0,0,0,0,0,0,0,-80000,0,0,0,4000,84000,-80000,-80000
03639C,元油2X元大9B牛01,0,0,0,0,0,0,0,0,0,-80000,0,0,0,56000,136000,-80000,-80000
041528,國泰金中信93購01,0,0,0,0,0,0,0,0,0,-80000,0,0,0,0,80000,-80000,-80000
03021P,玉晶光群益02售25,0,0,0,0,0,0,0,0,0,-80000,0,0,0,80000,160000,-80000,-80000
047586,聯發科永豐94購01,0,0,0,0,0,0,0,0,0,-80000,0,0,0,80000,160000,-80000,-80000
046200,上海銀凱基93購01,0,0,0,0,0,0,0,0,0,-80000,0,0,0,30000,110000,-80000,-80000
04766P,緯穎永豐94售02  ,0,0,0,0,0,0,0,0,0,-80000,0,0,0,0,80000,-80000,-80000
048196,聯發科元大93購24,0,0,0,0,0,0,0,0,0,-80000,0,0,0,10000,90000,-80000,-80000
051198,鴻海麥證95購02  ,0,0,0,0,80000,-80000,0,0,0,-80000,0,0,0,0,80000,-80000,-80000
050519,旺宏元大95購03  ,0,0,0,0,0,0,0,0,0,-80000,0,0,0,38000,118000,-80000,-80000
049648,大立光凱基94購08,0,0,0,0,0,0,0,0,0,-80000,0,0,0,0,80000,-80000,-80000
051861,鴻海凱基98購01  ,0,0,0,0,0,0,0,0,0,-80000,0,0,0,0,80000,-80000,-80000
050937,可成國票96購02  ,0,0,0,0,0,0,0,0,0,-80000,0,0,0,0,80000,-80000,-80000
049900,台積電元富94購06,0,0,0,0,0,0,0,0,0,-80000,0,0,0,325000,405000,-80000,-80000
049008,傳奇中信95購01  ,0,0,0,0,0,0,0,0,0,-80000,0,0,0,0,80000,-80000,-80000
054543,元金2X中信01購01,0,0,0,0,0,0,0,0,0,-80000,0,0,0,0,80000,-80000,-80000
054539,欣興國票98購01  ,0,0,0,0,0,0,0,0,0,-80000,0,0,0,40000,120000,-80000,-80000
053816,聯發科群益96購02,0,0,0,0,0,0,0,0,0,-80000,0,0,0,0,80000,-80000,-80000
053904,漢唐凱基97購01  ,0,0,0,0,0,0,0,0,0,-80000,0,0,0,52000,132000,-80000,-80000
053924,京鼎國票97購01  ,0,0,0,0,0,0,0,0,0,-80000,0,0,0,0,80000,-80000,-80000
053243,楠梓電國票97購02,0,0,0,0,0,0,0,0,0,-80000,0,0,0,10000,90000,-80000,-80000
053259,卜蜂群益97購01  ,0,0,0,0,0,0,0,0,0,-80000,0,0,0,0,80000,-80000,-80000
053432,世紀鋼永豐96購02,0,0,0,0,0,0,0,0,0,-80000,0,0,0,40000,120000,-80000,-80000
052326,滬深反中信99購01,0,0,0,0,0,0,0,0,0,-80000,0,0,0,3000,83000,-80000,-80000
06234P,亞德客元大97售02,0,0,0,0,0,0,0,0,0,-80000,0,0,0,343000,423000,-80000,-80000
6108,競國            ,30000,109000,-79000,0,0,0,0,0,0,-1000,0,1000,-1000,0,0,0,-80000
057206,立積元富98購01  ,0,0,0,0,0,0,0,0,0,-81000,0,0,0,61000,142000,-81000,-81000
056442,瑞昱凱基98購02  ,0,0,0,0,0,0,0,0,0,-81000,0,0,0,124000,205000,-81000,-81000
056295,國巨元大97購16  ,0,0,0,0,0,0,0,0,0,-81000,0,0,0,117000,198000,-81000,-81000
056658,美食元大98購01  ,0,0,0,0,0,0,0,0,0,-81000,0,0,0,5000,86000,-81000,-81000
055397,超眾統一97購02  ,0,0,0,0,0,0,0,0,0,-81000,0,0,0,0,81000,-81000,-81000
055693,南茂凱基97購01  ,0,0,0,0,0,0,0,0,0,-81000,0,0,0,75000,156000,-81000,-81000
051003,中環中信97購01  ,0,0,0,0,0,0,0,0,0,-81000,0,0,0,0,81000,-81000,-81000
052197,台郡元富95購03  ,0,0,0,0,0,0,0,0,0,-81000,0,0,0,100000,181000,-81000,-81000
054045,奇力新元大97購03,0,0,0,0,0,0,0,0,0,-81000,0,0,0,102000,183000,-81000,-81000
053997,健策群益97購02  ,0,0,0,0,0,0,0,0,0,-81000,0,0,0,192000,273000,-81000,-81000
053783,聯發科元大96購17,0,0,0,0,0,0,0,0,0,-81000,0,0,0,69000,150000,-81000,-81000
054627,義隆凱基98購01  ,0,0,0,0,0,0,0,0,0,-81000,0,0,0,0,81000,-81000,-81000
054943,群光元大97購01  ,0,0,0,0,0,0,0,0,0,-81000,0,0,0,259000,340000,-81000,-81000
6504,南六            ,8000,98000,-90000,0,0,0,0,0,0,9000,2000,0,2000,7000,0,7000,-81000
06389P,聯發科兆豐97售01,0,0,0,0,0,0,0,0,0,-81000,0,0,0,20000,101000,-81000,-81000
2545,皇翔            ,2000,83000,-81000,0,0,0,0,0,0,0,0,0,0,0,0,0,-81000
2897,王道銀行        ,7000,56000,-49000,0,0,0,0,0,0,-32000,0,32000,-32000,0,0,0,-81000
055638,上銀元富97購01  ,0,0,0,0,0,0,0,0,0,-82000,0,0,0,55000,137000,-82000,-82000
055190,華新科元富97購01,0,0,0,0,0,0,0,0,0,-82000,0,0,0,43000,125000,-82000,-82000
056599,臻鼎元富98購01  ,0,0,0,0,0,0,0,0,0,-82000,0,0,0,92000,174000,-82000,-82000
056350,上銀元大98購02  ,0,0,0,0,0,0,0,0,0,-82000,0,0,0,60000,142000,-82000,-82000
051114,鈺齊中信95購01  ,0,0,0,0,0,0,0,0,0,-82000,0,0,0,70000,152000,-82000,-82000
00674R,元大S&P黃金反1  ,0,0,0,0,0,0,0,0,0,-82000,0,0,0,0,82000,-82000,-82000
047187,亞光元大94購01  ,0,0,0,0,0,0,0,0,0,-82000,0,0,0,41000,123000,-82000,-82000
054771,茂林國票98購02  ,0,0,0,0,0,0,0,0,0,-82000,0,0,0,16000,98000,-82000,-82000
054632,緯穎凱基9A購01  ,0,0,0,0,0,0,0,0,0,-82000,0,0,0,200000,282000,-82000,-82000
054236,貿聯群益96購01  ,0,0,0,0,0,0,0,0,0,-82000,0,0,0,0,82000,-82000,-82000
054295,世芯元大96購03  ,0,0,0,0,0,0,0,0,0,-82000,0,0,0,55000,137000,-82000,-82000
052653,臺股指永豐97購01,0,0,0,0,0,0,0,0,0,-82000,0,0,0,0,82000,-82000,-82000
052985,美律元大96購02  ,0,0,0,0,0,0,0,0,0,-82000,0,0,0,12000,94000,-82000,-82000
053406,國巨兆豐96購02  ,0,0,0,0,0,0,0,0,0,-82000,0,0,0,0,82000,-82000,-82000
1709,和益            ,81000,163000,-82000,0,0,0,0,0,0,0,0,0,0,0,0,0,-82000
00710B,FH彭博高收益債  ,0,0,0,0,0,0,0,0,0,-83000,0,0,0,5000,88000,-83000,-83000
046939,燿華元大96購01  ,0,0,0,0,0,0,0,0,0,-83000,0,0,0,0,83000,-83000,-83000
052015,漢唐永豐95購02  ,0,0,0,0,0,0,0,0,0,-83000,0,0,0,0,83000,-83000,-83000
050470,智邦台新94購01  ,0,0,0,0,0,0,0,0,0,-83000,0,0,0,188000,271000,-83000,-83000
049144,瑞昱元大94購03  ,0,0,0,0,0,0,0,0,0,-83000,0,0,0,68000,151000,-83000,-83000
053408,友達兆豐98購01  ,0,0,0,0,0,0,0,0,0,-83000,0,0,0,0,83000,-83000,-83000
054663,同欣電元大97購03,0,0,0,0,0,0,0,0,0,-83000,0,0,0,21000,104000,-83000,-83000
054426,國泰金富邦97購02,0,0,0,0,0,0,0,0,0,-83000,0,0,0,140000,223000,-83000,-83000
1723,中碳            ,25000,108000,-83000,0,0,0,0,0,0,0,0,0,0,0,0,0,-83000
056717,康友永豐98購01  ,0,0,0,0,0,0,0,0,0,-84000,0,0,0,44000,128000,-84000,-84000
056686,可成統一98購01  ,0,0,0,0,0,0,0,0,0,-84000,0,0,0,0,84000,-84000,-84000
055729,金寶元富99購01  ,0,0,0,0,0,0,0,0,0,-84000,0,0,0,14000,98000,-84000,-84000
046557,亞泥凱基93購02  ,0,0,0,0,0,0,0,0,0,-84000,0,0,0,116000,200000,-84000,-84000
046369,同欣電日盛92購01,0,0,0,0,0,0,0,0,0,-84000,0,0,0,10000,94000,-84000,-84000
044950,玉晶光群益94購01,0,0,0,0,0,0,0,0,0,-84000,0,0,0,18000,102000,-84000,-84000
048688,瑞昱群益94購01  ,0,0,0,0,0,0,0,0,0,-84000,0,0,0,0,84000,-84000,-84000
052799,上銀元大96購01  ,0,0,0,0,0,0,0,0,0,-84000,0,0,0,68000,152000,-84000,-84000
054265,GIS元大96購03   ,0,0,0,0,0,0,0,0,0,-84000,0,0,0,18000,102000,-84000,-84000
052955,國巨日盛96購01  ,0,0,0,0,0,0,0,0,0,-84000,0,0,0,10000,94000,-84000,-84000
052635,奇力新凱基98購01,0,0,0,0,0,0,0,0,0,-84000,0,0,0,20000,104000,-84000,-84000
06364P,鴻海凱基97售08  ,0,0,0,0,0,0,0,0,0,-84000,0,0,0,1000,85000,-84000,-84000
056320,京鼎群益99購01  ,0,0,0,0,0,0,0,0,0,-85000,0,0,0,13000,98000,-85000,-85000
047301,啟碁國泰94購01  ,0,0,0,0,0,0,0,0,0,-85000,0,0,0,0,85000,-85000,-85000
03564P,為升群益02售02  ,0,0,0,0,0,0,0,0,0,-85000,0,0,0,0,85000,-85000,-85000
046858,群創元大94購02  ,0,0,0,0,0,0,0,0,0,-85000,0,0,0,180000,265000,-85000,-85000
052159,瑞昱永豐95購01  ,0,0,0,0,0,0,0,0,0,-85000,0,0,0,123000,208000,-85000,-85000
05267P,欣興元大95售08  ,0,0,0,0,0,0,0,0,0,-85000,0,0,0,133000,218000,-85000,-85000
052400,聯詠凱基97購01  ,0,0,0,0,0,0,0,0,0,-85000,0,0,0,1000,86000,-85000,-85000
2836,高雄銀          ,1000,86000,-85000,0,0,0,0,0,0,0,0,0,0,0,0,0,-85000
5264,鎧勝-KY         ,206000,291000,-85000,0,0,0,0,0,0,0,1000,0,1000,0,1000,-1000,-85000
056741,大立光凱基98購14,0,0,0,0,0,0,0,0,0,-86000,0,0,0,0,86000,-86000,-86000
055922,台郡凱基98購03  ,0,0,0,0,0,0,0,0,0,-86000,0,0,0,36000,122000,-86000,-86000
055537,康友群益97購03  ,0,0,0,0,0,0,0,0,0,-86000,0,0,0,49000,135000,-86000,-86000
055501,創意元大97購01  ,0,0,0,0,0,0,0,0,0,-86000,0,0,0,282000,368000,-86000,-86000
048500,樺漢元大93購03  ,0,0,0,0,0,0,0,0,0,-86000,0,0,0,24000,110000,-86000,-86000
00762,元大全球AI      ,0,0,0,0,0,0,0,0,0,-86000,0,0,0,0,86000,-86000,-86000
047288,台郡統一93購01  ,0,0,0,0,0,0,0,0,0,-86000,0,0,0,0,86000,-86000,-86000
049307,上銀凱基94購03  ,0,0,0,0,0,0,0,0,0,-86000,0,0,0,12000,98000,-86000,-86000
048818,台達電凱基94購01,0,0,0,0,0,0,0,0,0,-86000,0,0,0,0,86000,-86000,-86000
053585,友達元大9C購03  ,0,0,0,0,0,0,0,0,0,-86000,0,0,0,169000,255000,-86000,-86000
054089,台積電群益96購11,0,0,0,0,0,0,0,0,0,-86000,0,0,0,0,86000,-86000,-86000
053872,臻鼎元大96購04  ,0,0,0,0,0,0,0,0,0,-86000,0,0,0,0,86000,-86000,-86000
053921,嘉晶國票97購03  ,0,0,0,0,0,0,0,0,0,-86000,0,0,0,0,86000,-86000,-86000
056121,勤誠群益97購01  ,0,0,0,0,0,0,0,0,0,-87000,0,0,0,81000,168000,-87000,-87000
056966,嘉晶永豐98購01  ,0,0,0,0,0,0,0,0,0,-87000,0,0,0,0,87000,-87000,-87000
045803,旺宏國票93購01  ,0,0,0,0,0,0,0,0,0,-87000,0,0,0,13000,100000,-87000,-87000
048598,瑞昱國票93購03  ,0,0,0,0,0,0,0,0,0,-87000,0,0,0,1000,88000,-87000,-87000
051108,鴻海統一96購02  ,0,0,0,0,0,0,0,0,0,-87000,0,0,0,30000,117000,-87000,-87000
048914,川湖台新94購01  ,0,0,0,0,0,0,0,0,0,-87000,0,0,0,0,87000,-87000,-87000
052006,康友富邦98購01  ,0,0,0,0,0,0,0,0,0,-87000,0,0,0,56000,143000,-87000,-87000
052030,GIS群益95購04   ,0,0,0,0,0,0,0,0,0,-87000,0,0,0,0,87000,-87000,-87000
053302,國巨凱基96購10  ,0,0,0,0,0,0,0,0,0,-87000,0,0,0,56000,143000,-87000,-87000
05262P,台積電元大95售19,0,0,0,0,0,0,0,0,0,-87000,0,0,0,20000,107000,-87000,-87000
056321,創意群益98購02  ,0,0,0,0,0,0,0,0,0,-88000,0,0,0,10000,98000,-88000,-88000
055649,華新科元富97購03,0,0,0,0,0,0,0,0,0,-88000,0,0,0,59000,147000,-88000,-88000
055385,昇陽半元大98購01,0,0,0,0,0,0,0,0,0,-88000,0,0,0,484000,572000,-88000,-88000
055208,京鼎康和97購02  ,0,0,0,0,0,0,0,0,0,-88000,0,0,0,5000,93000,-88000,-88000
04283P,麗豐永豐93售03  ,0,0,0,0,0,0,0,0,0,-88000,0,0,0,0,88000,-88000,-88000
04025P,宏達電國泰94售01,0,0,0,0,0,0,0,0,0,-88000,0,0,0,68000,156000,-88000,-88000
045293,鴻海元大94購01  ,0,0,0,0,0,0,0,0,0,-88000,0,0,0,2000,90000,-88000,-88000
049327,台郡元富94購01  ,0,0,0,0,0,0,0,0,0,-88000,0,0,0,51000,139000,-88000,-88000
049570,華新科統一94購04,0,0,0,0,0,0,0,0,0,-88000,0,0,0,0,88000,-88000,-88000
048670,華新科永豐93購03,0,0,0,0,0,0,0,0,0,-88000,0,0,0,112000,200000,-88000,-88000
049269,超眾元大96購02  ,0,0,0,0,0,0,0,0,0,-88000,0,0,0,12000,100000,-88000,-88000
051511,鈺齊中信97購01  ,0,0,0,0,0,0,0,0,0,-88000,0,0,0,12000,100000,-88000,-88000
052677,景碩富邦97購01  ,0,0,0,0,0,0,0,0,0,-88000,0,0,0,78000,166000,-88000,-88000
052970,美律群益96購01  ,0,0,0,0,0,0,0,0,0,-88000,0,0,0,36000,124000,-88000,-88000
053642,瀚宇博永豐96購01,0,0,0,0,0,0,0,0,0,-88000,0,0,0,8000,96000,-88000,-88000
054016,嘉晶永豐96購04  ,0,0,0,0,0,0,0,0,0,-88000,0,0,0,0,88000,-88000,-88000
054623,華新科第一97購01,0,0,0,0,0,0,0,0,0,-88000,0,0,0,55000,143000,-88000,-88000
054742,京鼎凱基99購01  ,0,0,0,0,0,0,0,0,0,-88000,0,0,0,0,88000,-88000,-88000
054938,國巨元大97購04  ,0,0,0,0,0,0,0,0,0,-88000,0,0,0,180000,268000,-88000,-88000
054901,群光康和97購01  ,0,0,0,0,0,0,0,0,0,-88000,0,0,0,18000,106000,-88000,-88000
1736,喬山            ,36000,123000,-87000,0,0,0,0,0,0,-1000,0,0,0,1000,2000,-1000,-88000
057159,晶技永豐98購01  ,0,0,0,0,0,0,0,0,0,-89000,0,0,0,0,89000,-89000,-89000
044509,台光電凱基93購03,0,0,0,0,0,0,0,0,0,-89000,0,0,0,11000,100000,-89000,-89000
04956P,臺股指日盛94售02,0,0,0,0,0,0,0,0,0,-89000,0,0,0,26000,115000,-89000,-89000
050063,聯發科凱基94購09,0,0,0,0,0,0,0,0,0,-89000,0,0,0,0,89000,-89000,-89000
051869,康控凱基96購01  ,0,0,0,0,0,0,0,0,0,-89000,0,0,0,16000,105000,-89000,-89000
053867,創意元大96購04  ,0,0,0,0,0,0,0,0,0,-89000,0,0,0,29000,118000,-89000,-89000
054062,TPK國票96購02   ,0,0,0,0,0,0,0,0,0,-89000,0,0,0,0,89000,-89000,-89000
053257,華通富邦97購01  ,0,0,0,0,0,0,0,0,0,-89000,0,0,0,11000,100000,-89000,-89000
052676,聯發科永昌98購01,0,0,0,0,0,0,0,0,0,-89000,0,0,0,301000,390000,-89000,-89000
052312,美律富邦96購02  ,0,0,0,0,0,0,0,0,0,-89000,0,0,0,9000,98000,-89000,-89000
1718,中纖            ,284000,373000,-89000,0,0,0,0,0,0,0,0,0,0,0,0,0,-89000
2845,遠東銀          ,349000,438000,-89000,0,0,0,0,0,0,0,0,0,0,0,0,0,-89000
1201,味全            ,351000,440000,-89000,0,0,0,0,0,0,0,0,0,0,0,0,0,-89000
06629P,台灣50第一98售01,0,0,0,0,0,0,0,0,0,-89000,0,0,0,0,89000,-89000,-89000
05685P,臺股指元大96售10,0,0,0,0,0,0,0,0,0,-90000,0,0,0,175000,265000,-90000,-90000
056499,鴻海富邦98購02  ,0,0,0,0,0,0,0,0,0,-90000,0,0,0,10000,100000,-90000,-90000
056774,和鑫元大98購01  ,0,0,0,0,0,0,0,0,0,-90000,0,0,0,11000,101000,-90000,-90000
055302,達方元大97購01  ,0,0,0,0,0,0,0,0,0,-90000,0,0,0,60000,150000,-90000,-90000
05572P,群創統一96售02  ,0,0,0,0,0,0,0,0,0,-90000,0,0,0,0,90000,-90000,-90000
055704,亞德客永豐97購04,0,0,0,0,0,0,0,0,0,-90000,0,0,0,0,90000,-90000,-90000
055719,可成元大97購03  ,0,0,0,0,0,0,0,0,0,-90000,0,0,0,279000,369000,-90000,-90000
044764,聯茂凱基93購03  ,0,0,0,0,0,0,0,0,0,-90000,0,0,0,0,90000,-90000,-90000
047433,鴻海元大93購16  ,0,0,0,0,0,0,0,0,0,-90000,0,0,0,0,90000,-90000,-90000
048027,京元電凱基93購03,0,0,0,0,0,0,0,0,0,-90000,0,0,0,10000,100000,-90000,-90000
046257,A50正2國票94購01,0,0,0,0,0,0,0,0,0,-90000,0,0,0,20000,110000,-90000,-90000
05017P,臺股指元大95售08,0,0,0,0,0,0,0,0,0,-90000,0,0,0,0,90000,-90000,-90000
050357,南電群益94購02  ,0,0,0,0,0,0,0,0,0,-90000,0,0,0,0,90000,-90000,-90000
050388,鴻海統一94購09  ,0,0,0,0,0,0,0,0,0,-90000,0,0,0,20000,110000,-90000,-90000
050527,嘉聯益元大96購01,0,0,0,0,0,0,0,0,0,-90000,0,0,0,0,90000,-90000,-90000
050579,聯發科國票95購04,0,0,0,0,0,0,0,0,0,-90000,0,0,0,0,90000,-90000,-90000
050248,臻鼎凱基94購03  ,0,0,0,0,0,0,0,0,0,-90000,0,0,0,16000,106000,-90000,-90000
049479,矽格永豐94購01  ,0,0,0,0,0,0,0,0,0,-90000,0,0,0,20000,110000,-90000,-90000
050123,群臺反凱基96購01,0,0,0,0,0,0,0,0,0,-90000,0,0,0,0,90000,-90000,-90000
049034,台達電兆豐94購01,0,0,0,0,0,0,0,0,0,-90000,0,0,0,15000,105000,-90000,-90000
051813,GIS凱基96購02   ,0,0,0,0,0,0,0,0,0,-90000,0,0,0,0,90000,-90000,-90000
050674,瑞昱富邦94購02  ,0,0,0,0,0,0,0,0,0,-90000,0,0,0,33000,123000,-90000,-90000
05223P,臻鼎凱基95售02  ,0,0,0,0,0,0,0,0,0,-90000,0,0,0,21000,111000,-90000,-90000
052523,奇力新元大97購01,0,0,0,0,0,0,0,0,0,-90000,0,0,0,184000,274000,-90000,-90000
052721,友達統一96購01  ,0,0,0,0,0,0,0,0,0,-90000,0,0,0,0,90000,-90000,-90000
052928,美律元大98購01  ,0,0,0,0,0,0,0,0,0,-90000,0,0,0,10000,100000,-90000,-90000
054387,台積電統一98購02,0,0,0,0,0,0,0,0,0,-90000,0,0,0,50000,140000,-90000,-90000
06395P,台積電元大97售29,0,0,0,0,0,0,0,0,0,-90000,0,0,0,68000,158000,-90000,-90000
056745,聯茂凱基99購03  ,0,0,0,0,0,0,0,0,0,-91000,0,0,0,42000,133000,-91000,-91000
056712,京鼎永豐98購01  ,0,0,0,0,0,0,0,0,0,-91000,0,0,0,128000,219000,-91000,-91000
056405,聯茂群益98購01  ,0,0,0,0,0,0,0,0,0,-91000,0,0,0,56000,147000,-91000,-91000
057262,友達兆豐98購03  ,0,0,0,0,0,0,0,0,0,-91000,0,0,0,0,91000,-91000,-91000
05828P,台積電統一97售02,0,0,0,0,0,0,0,0,0,-91000,0,0,0,303000,394000,-91000,-91000
04230P,臺股指中信95售06,0,0,0,0,0,0,0,0,0,-91000,0,0,0,3000,94000,-91000,-91000
049974,聯發科日盛94購02,0,0,0,0,0,0,0,0,0,-91000,0,0,0,111000,202000,-91000,-91000
049463,華新科富邦97購01,0,0,0,0,0,0,0,0,0,-91000,0,0,0,38000,129000,-91000,-91000
049623,創意群益94購01  ,0,0,0,0,0,0,0,0,0,-91000,0,0,0,11000,102000,-91000,-91000
052182,鴻海群益96購01  ,0,0,0,0,0,0,0,0,0,-91000,0,0,0,1000,92000,-91000,-91000
054777,昇陽半國票98購01,0,0,0,0,0,0,0,0,0,-91000,0,0,0,0,91000,-91000,-91000
05249P,臻鼎國票95售01  ,0,0,0,0,0,0,0,0,0,-91000,0,0,0,11000,102000,-91000,-91000
053082,聯電元大98購03  ,0,0,0,0,0,0,0,0,0,-91000,0,0,0,140000,231000,-91000,-91000
05995P,T50正2中信9C售01,0,0,0,0,0,0,0,0,0,-91000,0,0,0,0,91000,-91000,-91000
1731,美吾華          ,45000,136000,-91000,0,0,0,0,0,0,0,0,0,0,0,0,0,-91000
057213,華邦電群益98購01,0,0,0,0,0,0,0,0,0,-92000,0,0,0,0,92000,-92000,-92000
055668,欣興群益97購01  ,0,0,0,0,0,0,0,0,0,-92000,0,0,0,14000,106000,-92000,-92000
055800,欣興永豐97購02  ,0,0,0,0,0,0,0,0,0,-92000,0,0,0,23000,115000,-92000,-92000
049740,禾伸堂群益94購01,0,0,0,0,0,0,0,0,0,-92000,0,0,0,94000,186000,-92000,-92000
050409,華通永豐94購01  ,0,0,0,0,0,0,0,0,0,-92000,0,0,0,26000,118000,-92000,-92000
048902,昇陽半國泰96購01,0,0,0,0,0,0,0,0,0,-92000,0,0,0,113000,205000,-92000,-92000
048974,日電貿元大94購01,0,0,0,0,0,0,0,0,0,-92000,0,0,0,93000,185000,-92000,-92000
052858,華通凱基97購02  ,0,0,0,0,0,0,0,0,0,-92000,0,0,0,0,92000,-92000,-92000
054724,鴻海日盛97購02  ,0,0,0,0,0,0,0,0,0,-92000,0,0,0,21000,113000,-92000,-92000
054616,智伸科永豐97購01,0,0,0,0,0,0,0,0,0,-92000,0,0,0,22000,114000,-92000,-92000
054234,可成群益96購05  ,0,0,0,0,0,0,0,0,0,-92000,0,0,0,11000,103000,-92000,-92000
053910,嘉聯益凱基98購01,0,0,0,0,0,0,0,0,0,-92000,0,0,0,218000,310000,-92000,-92000
056855,祥碩中信98購02  ,0,0,0,0,0,0,0,0,0,-93000,0,0,0,60000,153000,-93000,-93000
046869,聯發科統一95購01,0,0,0,0,0,0,0,0,0,-93000,0,0,0,167000,260000,-93000,-93000
049903,大立光元富94購06,0,0,0,0,0,0,0,0,0,-93000,0,0,0,0,93000,-93000,-93000
050530,台表科元大95購04,0,0,0,0,0,0,0,0,0,-93000,0,0,0,83000,176000,-93000,-93000
051911,大立光元大98購02,0,0,0,0,0,0,0,0,0,-93000,0,0,0,70000,163000,-93000,-93000
053734,友達中信98購02  ,0,0,0,0,0,0,0,0,0,-93000,0,0,0,130000,223000,-93000,-93000
052956,聯發科日盛96購01,0,0,0,0,0,0,0,0,0,-93000,0,0,0,79000,172000,-93000,-93000
052703,貿聯國票97購01  ,0,0,0,0,0,0,0,0,0,-93000,0,0,0,0,93000,-93000,-93000
9934,成霖            ,1000,94000,-93000,0,0,0,0,0,0,0,0,0,0,0,0,0,-93000
056569,T50正2元大9B購02,0,0,0,0,0,0,0,0,0,-94000,0,0,0,0,94000,-94000,-94000
05580P,美律凱基96售03  ,0,0,0,0,0,0,0,0,0,-94000,0,0,0,26000,120000,-94000,-94000
047864,信邦康和93購01  ,0,0,0,0,0,0,0,0,0,-94000,0,0,0,0,94000,-94000,-94000
047572,深中小群益95購01,0,0,0,0,0,0,0,0,0,-94000,0,0,0,20000,114000,-94000,-94000
046310,聯發科元大92購15,0,0,0,0,0,0,0,0,0,-94000,0,0,0,0,94000,-94000,-94000
042994,葡萄王元大94購02,0,0,0,0,0,0,0,0,0,-94000,0,0,0,100000,194000,-94000,-94000
044124,燿華凱基93購01  ,0,0,0,0,0,0,0,0,0,-94000,0,0,0,0,94000,-94000,-94000
046146,南亞科第一92購01,0,0,0,0,0,0,0,0,0,-94000,0,0,0,0,94000,-94000,-94000
049375,大立光元大94購13,0,0,0,0,0,0,0,0,0,-94000,0,0,0,16000,110000,-94000,-94000
048952,川湖康和94購01  ,0,0,0,0,0,0,0,0,0,-94000,0,0,0,0,94000,-94000,-94000
053180,同欣電統一96購01,0,0,0,0,0,0,0,0,0,-94000,0,0,0,0,94000,-94000,-94000
054246,國巨元大96購12  ,0,0,0,0,0,0,0,0,0,-94000,0,0,0,172000,266000,-94000,-94000
055378,晶相光元大97購02,0,0,0,0,0,0,0,0,0,-95000,0,0,0,42000,137000,-95000,-95000
057125,國巨凱基98購12  ,10000,0,10000,0,0,0,0,0,0,-105000,0,0,0,0,105000,-105000,-95000
045101,玉晶光中信94購01,0,0,0,0,0,0,0,0,0,-95000,0,0,0,201000,296000,-95000,-95000
047387,美律元大93購05  ,0,0,0,0,0,0,0,0,0,-95000,0,0,0,5000,100000,-95000,-95000
051540,力成國票95購01  ,0,0,0,0,0,0,0,0,0,-95000,0,0,0,15000,110000,-95000,-95000
052134,智邦凱基95購09  ,0,0,0,0,0,0,0,0,0,-95000,0,0,0,26000,121000,-95000,-95000
050529,矽格元大94購05  ,0,0,0,0,0,0,0,0,0,-95000,0,0,0,73000,168000,-95000,-95000
053863,聯發科元大96購18,0,0,0,0,0,0,0,0,0,-95000,0,0,0,60000,155000,-95000,-95000
054775,復盛國票98購01  ,0,0,0,0,0,0,0,0,0,-95000,0,0,0,12000,107000,-95000,-95000
053125,宏達電凱基96購01,0,0,0,0,0,0,0,0,0,-95000,0,0,0,0,95000,-95000,-95000
052740,聯發科元大96購07,0,0,0,0,0,0,0,0,0,-95000,0,0,0,65000,160000,-95000,-95000
052324,康友元大96購02  ,0,0,0,0,0,0,0,0,0,-95000,0,0,0,37000,132000,-95000,-95000
06421P,嘉澤統一97售02  ,0,0,0,0,0,0,0,0,0,-95000,0,0,0,136000,231000,-95000,-95000
056846,晶相光元富98購01,0,0,0,0,0,0,0,0,0,-96000,0,0,0,66000,162000,-96000,-96000
055384,緯穎元大98購02  ,0,0,0,0,0,0,0,0,0,-96000,0,0,0,339000,435000,-96000,-96000
055765,臺股指群益97購03,0,0,0,0,0,0,0,0,0,-96000,0,0,0,21000,117000,-96000,-96000
055754,和大兆豐97購01  ,0,0,0,0,0,0,0,0,0,-96000,0,0,0,0,96000,-96000,-96000
056230,可成凱基98購03  ,0,0,0,0,0,0,0,0,0,-96000,0,0,0,0,96000,-96000,-96000
050671,超眾永豐94購04  ,0,0,0,0,0,0,0,0,0,-96000,0,0,0,46000,142000,-96000,-96000
050678,美律統一94購04  ,0,0,0,0,0,0,0,0,0,-96000,0,0,0,0,96000,-96000,-96000
048829,欣興凱基94購02  ,0,0,0,0,0,0,0,0,0,-96000,0,0,0,9000,105000,-96000,-96000
052942,聯發科中信97購04,0,0,0,0,0,0,0,0,0,-96000,0,0,0,6000,102000,-96000,-96000
054594,國巨麥證97購01  ,0,0,0,130000,226000,-96000,0,0,0,-96000,0,0,0,130000,226000,-96000,-96000
056617,美律永豐98購01  ,0,0,0,0,0,0,0,0,0,-97000,0,0,0,55000,152000,-97000,-97000
045456,鴻海元大93購04  ,0,0,0,0,0,0,0,0,0,-97000,0,0,0,0,97000,-97000,-97000
049522,華通兆豐94購02  ,0,0,0,0,0,0,0,0,0,-97000,0,0,0,0,97000,-97000,-97000
050260,鴻海元大94購15  ,0,0,0,0,0,0,0,0,0,-97000,0,0,0,186000,283000,-97000,-97000
054240,訊芯群益96購03  ,0,0,0,0,0,0,0,0,0,-97000,0,0,0,266000,363000,-97000,-97000
1218,泰山            ,19000,116000,-97000,0,0,0,0,0,0,0,0,0,0,0,0,0,-97000
056833,和大元富9B購01  ,0,0,0,0,0,0,0,0,0,-98000,0,0,0,30000,128000,-98000,-98000
056402,智易群益98購02  ,0,0,0,0,0,0,0,0,0,-98000,0,0,0,122000,220000,-98000,-98000
056371,樺漢元大98購03  ,0,0,0,0,0,0,0,0,0,-98000,0,0,0,2000,100000,-98000,-98000
057061,華擎國泰9A購01  ,0,0,0,0,0,0,0,0,0,-98000,0,0,0,97000,195000,-98000,-98000
057292,國巨國泰9B購01  ,0,0,0,0,0,0,0,0,0,-98000,0,0,0,33000,131000,-98000,-98000
056015,華通群益99購01  ,0,0,0,0,0,0,0,0,0,-98000,0,0,0,139000,237000,-98000,-98000
055807,勤誠永豐97購01  ,0,0,0,0,0,0,0,0,0,-98000,0,0,0,51000,149000,-98000,-98000
055860,啟碁元大97購04  ,0,0,0,0,0,0,0,0,0,-98000,0,0,0,2000,100000,-98000,-98000
055046,上銀永豐97購01  ,0,0,0,0,0,0,0,0,0,-98000,0,0,0,0,98000,-98000,-98000
055105,鴻海凱基98購05  ,0,0,0,0,0,0,0,0,0,-98000,0,0,0,0,98000,-98000,-98000
04313P,國巨元富95售03  ,0,0,0,0,0,0,0,0,0,-98000,0,0,0,90000,188000,-98000,-98000
045121,康控元大93購03  ,0,0,0,0,0,0,0,0,0,-98000,0,0,0,170000,268000,-98000,-98000
04455P,台積電統一94售07,0,0,0,0,0,0,0,0,0,-98000,0,0,0,0,98000,-98000,-98000
051323,康控國票96購01  ,0,0,0,0,0,0,0,0,0,-98000,0,0,0,0,98000,-98000,-98000
050304,台光電中信94購01,0,0,0,0,0,0,0,0,0,-98000,0,0,0,902000,1000000,-98000,-98000
049734,瑞昱群益94購02  ,0,0,0,0,0,0,0,0,0,-98000,0,0,0,99000,197000,-98000,-98000
050104,元石油元大97購02,0,0,0,0,0,0,0,0,0,-98000,0,0,0,10000,108000,-98000,-98000
051872,矽力凱基96購01  ,0,0,0,0,0,0,0,0,0,-98000,0,0,0,12000,110000,-98000,-98000
052768,泰鼎群益96購01  ,0,0,0,0,0,0,0,0,0,-98000,0,0,0,841000,939000,-98000,-98000
049906,光寶科元大94購03,0,0,0,0,0,0,0,0,0,-98000,0,0,0,2000,100000,-98000,-98000
051001,緯穎元大96購02  ,0,0,0,0,0,0,0,0,0,-98000,0,0,0,232000,330000,-98000,-98000
054675,美律台新98購01  ,0,0,0,0,0,0,0,0,0,-98000,0,0,0,12000,110000,-98000,-98000
054694,聯鈞永豐97購01  ,0,0,0,0,0,0,0,0,0,-98000,0,0,0,110000,208000,-98000,-98000
054770,健策國票98購01  ,0,0,0,0,0,0,0,0,0,-98000,0,0,0,97000,195000,-98000,-98000
052899,和大國票97購01  ,0,0,0,0,0,0,0,0,0,-98000,0,0,0,0,98000,-98000,-98000
052691,GIS元大96購01   ,0,0,0,0,0,0,0,0,0,-98000,0,0,0,3000,101000,-98000,-98000
052417,聯發科兆豐9B購01,0,0,0,0,0,0,0,0,0,-98000,0,0,0,10000,108000,-98000,-98000
052525,聯詠元大95購06  ,0,0,0,0,0,0,0,0,0,-98000,0,0,0,35000,133000,-98000,-98000
053039,聯發科凱基96購11,0,0,0,0,0,0,0,0,0,-98000,0,0,0,54000,152000,-98000,-98000
2809,京城銀          ,230000,262000,-32000,0,0,0,0,0,0,-66000,0,66000,-66000,0,0,0,-98000
055455,健策國泰98購02  ,0,0,0,0,0,0,0,0,0,-99000,0,0,0,98000,197000,-99000,-99000
056080,世紀鋼元大97購03,0,0,0,0,0,0,0,0,0,-99000,0,0,0,1000,100000,-99000,-99000
056083,億光統一97購03  ,0,0,0,0,0,0,0,0,0,-99000,0,0,0,30000,129000,-99000,-99000
056484,聯茂元大98購02  ,0,0,0,0,0,0,0,0,0,-99000,0,0,0,0,99000,-99000,-99000
056651,聯茂凱基98購04  ,0,0,0,0,0,0,0,0,0,-99000,0,0,0,44000,143000,-99000,-99000
047766,聯發科元大93購19,0,0,0,0,0,0,0,0,0,-99000,0,0,0,2000,101000,-99000,-99000
048607,上銀凱基93購11  ,0,0,0,0,0,0,0,0,0,-99000,0,0,0,3000,102000,-99000,-99000
04843P,致新元大94售02  ,0,0,0,0,0,0,0,0,0,-99000,0,0,0,1000,100000,-99000,-99000
047519,台達電元大93購02,0,0,0,0,0,0,0,0,0,-99000,0,0,0,2000,101000,-99000,-99000
03612C,臺股指元大95牛01,0,0,0,0,0,0,0,0,0,-99000,0,0,0,20000,119000,-99000,-99000
03996P,旺宏國泰95售01  ,0,0,0,0,0,0,0,0,0,-99000,0,0,0,0,99000,-99000,-99000
04043P,復盛元富93售02  ,0,0,0,0,0,0,0,0,0,-99000,0,0,0,1000,100000,-99000,-99000
049869,訊芯兆豐94購01  ,0,0,0,0,0,0,0,0,0,-99000,0,0,0,63000,162000,-99000,-99000
049078,瑞昱凱基94購02  ,0,0,0,0,0,0,0,0,0,-99000,0,0,0,90000,189000,-99000,-99000
048847,A50群益98購01   ,0,0,0,0,0,0,0,0,0,-99000,0,0,0,101000,200000,-99000,-99000
048848,滬深2X群益98購02,0,0,0,0,0,0,0,0,0,-99000,0,0,0,22000,121000,-99000,-99000
052253,康控永豐95購04  ,0,0,0,0,0,0,0,0,0,-99000,0,0,0,101000,200000,-99000,-99000
054968,佐登元大97購01  ,0,0,0,0,0,0,0,0,0,-99000,0,0,0,0,99000,-99000,-99000
056804,T50反1統一9A購03,0,0,0,0,0,0,0,0,0,-100000,0,0,0,0,100000,-100000,-100000
056431,鴻海凱基98購07  ,0,0,0,0,0,0,0,0,0,-100000,0,0,0,0,100000,-100000,-100000
057323,智邦群益98購01  ,0,0,0,0,0,0,0,0,0,-100000,0,0,0,14000,114000,-100000,-100000
05808P,臺股指國票96售01,0,0,0,0,0,0,0,0,0,-100000,0,0,0,17000,117000,-100000,-100000
05713P,大立光統一96售05,0,0,0,0,0,0,0,0,0,-100000,0,0,0,0,100000,-100000,-100000
056886,元油2X元大99購04,0,0,0,0,0,0,0,0,0,-100000,0,0,0,0,100000,-100000,-100000
055819,晶相光國票98購01,0,0,0,0,0,0,0,0,0,-100000,0,0,0,0,100000,-100000,-100000
055829,上銀元大97購06  ,0,0,0,0,0,0,0,0,0,-100000,0,0,0,61000,161000,-100000,-100000
055690,矽力凱基97購02  ,0,0,0,0,0,0,0,0,0,-100000,0,0,0,0,100000,-100000,-100000
055163,訊芯元大98購01  ,0,0,0,0,0,0,0,0,0,-100000,0,0,0,30000,130000,-100000,-100000
05529P,臺股指群益96售02,0,0,0,0,0,0,0,0,0,-100000,0,0,0,0,100000,-100000,-100000
055276,台積電元大97購20,0,0,0,0,0,0,0,0,0,-100000,0,0,0,0,100000,-100000,-100000
04001P,聯發科凱基93售15,0,0,0,0,0,0,0,0,0,-100000,0,0,0,0,100000,-100000,-100000
03657C,T50反1元大99牛01,0,0,0,0,0,0,0,0,0,-100000,0,0,0,0,100000,-100000,-100000
03660C,元油2X富邦02牛04,0,0,0,0,0,0,0,0,0,-100000,0,0,0,0,100000,-100000,-100000
03388P,元油2X元富98售02,0,0,0,0,0,0,0,0,0,-100000,0,0,0,0,100000,-100000,-100000
044299,南電凱基93購02  ,0,0,0,0,0,0,0,0,0,-100000,0,0,0,0,100000,-100000,-100000
04601P,大立光凱基94售07,0,0,0,0,0,0,0,0,0,-100000,0,0,0,0,100000,-100000,-100000
044620,上銀元大92購04  ,0,0,0,0,0,0,0,0,0,-100000,0,0,0,0,100000,-100000,-100000
04496P,國巨國泰96售02  ,0,0,0,0,0,0,0,0,0,-100000,0,0,0,0,100000,-100000,-100000
04491P,光磊康和94售01  ,0,0,0,0,0,0,0,0,0,-100000,0,0,0,0,100000,-100000,-100000
04532P,臺股指凱基94售04,0,0,0,0,0,0,0,0,0,-100000,0,0,0,0,100000,-100000,-100000
047197,美律統一94購01  ,0,0,0,0,0,0,0,0,0,-100000,0,0,0,0,100000,-100000,-100000
04378P,大立光元大94售05,0,0,0,0,0,0,0,0,0,-100000,0,0,0,25000,125000,-100000,-100000
047304,元油2X元大96購02,0,0,0,0,0,0,0,0,0,-100000,0,0,0,0,100000,-100000,-100000
04750P,臺股指元大94售26,0,0,0,0,0,0,0,0,0,-100000,0,0,0,0,100000,-100000,-100000
046196,欣興凱基92購04  ,0,0,0,0,0,0,0,0,0,-100000,0,0,0,10000,110000,-100000,-100000
046697,麗豐凱基94購01  ,0,0,0,0,0,0,0,0,0,-100000,0,0,0,0,100000,-100000,-100000
046541,超眾群益93購01  ,0,0,0,0,0,0,0,0,0,-100000,0,0,0,0,100000,-100000,-100000
046580,正崴元大92購01  ,0,0,0,0,0,0,0,0,0,-100000,0,0,0,0,100000,-100000,-100000
047549,聯發科凱基93購12,0,0,0,0,0,0,0,0,0,-100000,0,0,0,0,100000,-100000,-100000
04646P,TPK凱基94售03   ,0,0,0,0,0,0,0,0,0,-100000,0,0,0,0,100000,-100000,-100000
047023,聯發科元大93購08,0,0,0,0,0,0,0,0,0,-100000,0,0,0,0,100000,-100000,-100000
047767,聯發科元大93購20,0,0,0,0,0,0,0,0,0,-100000,0,0,0,0,100000,-100000,-100000
047770,聯詠元大93購10  ,0,0,0,0,0,0,0,0,0,-100000,0,0,0,0,100000,-100000,-100000
048029,聯發科凱基93購26,0,0,0,0,0,0,0,0,0,-100000,0,0,0,0,100000,-100000,-100000
046332,同欣電元大92購01,0,0,0,0,0,0,0,0,0,-100000,0,0,0,0,100000,-100000,-100000
047723,廣宇群益94購01  ,0,0,0,0,0,0,0,0,0,-100000,0,0,0,0,100000,-100000,-100000
051004,台新金中信95購02,0,0,0,0,0,0,0,0,0,-100000,0,0,0,0,100000,-100000,-100000
051042,中磊永豐95購01  ,0,0,0,0,0,0,0,0,0,-100000,0,0,0,51000,151000,-100000,-100000
051023,S&P反1統一95購02,0,0,0,0,0,0,0,0,0,-100000,0,0,0,0,100000,-100000,-100000
051082,上証2X元大98購01,0,0,0,0,0,0,0,0,0,-100000,0,0,0,0,100000,-100000,-100000
05117P,瑞昱群益95售02  ,0,0,0,0,0,0,0,0,0,-100000,0,0,0,0,100000,-100000,-100000
048817,光寶科凱基94購02,0,0,0,0,0,0,0,0,0,-100000,0,0,0,2000,102000,-100000,-100000
048865,世紀鋼群益94購01,0,0,0,0,0,0,0,0,0,-100000,0,0,0,0,100000,-100000,-100000
051751,聯茂富邦95購01  ,0,0,0,0,0,0,0,0,0,-100000,0,0,0,0,100000,-100000,-100000
05164P,南亞科元富95售04,0,0,0,0,0,0,0,0,0,-100000,0,0,0,0,100000,-100000,-100000
04955P,大立光日盛94售02,0,0,0,0,0,0,0,0,0,-100000,0,0,0,0,100000,-100000,-100000
049271,百和元大94購01  ,0,0,0,0,0,0,0,0,0,-100000,0,0,0,0,100000,-100000,-100000
049261,大立光元大94購08,0,0,0,0,0,0,0,0,0,-100000,0,0,0,0,100000,-100000,-100000
048714,巨大康和94購01  ,0,0,0,0,0,0,0,0,0,-100000,0,0,0,0,100000,-100000,-100000
051528,亞泥國票96購01  ,0,0,0,0,0,0,0,0,0,-100000,0,0,0,0,100000,-100000,-100000
051337,欣興永豐95購02  ,0,0,0,0,0,0,0,0,0,-100000,0,0,0,0,100000,-100000,-100000
051346,仁寶元大95購01  ,0,0,0,0,0,0,0,0,0,-100000,0,0,0,100000,200000,-100000,-100000
050699,京鼎凱基96購01  ,0,0,0,0,0,0,0,0,0,-100000,0,0,0,47000,147000,-100000,-100000
051845,世紀鋼富邦96購01,0,0,0,0,0,0,0,0,0,-100000,0,0,0,0,100000,-100000,-100000
05020P,廣達中信95售01  ,0,0,0,0,0,0,0,0,0,-100000,0,0,0,0,100000,-100000,-100000
052766,玉晶光群益9A購01,0,0,0,0,0,0,0,0,0,-100000,0,0,0,29000,129000,-100000,-100000
050182,淘帝元大94購01  ,0,0,0,0,0,0,0,0,0,-100000,0,0,0,0,100000,-100000,-100000
052045,瑞昱凱基96購01  ,0,0,0,0,0,0,0,0,0,-100000,0,0,0,37000,137000,-100000,-100000
052122,新光金國票96購01,0,0,0,0,0,0,0,0,0,-100000,0,0,0,0,100000,-100000,-100000
052087,鴻海元大96購09  ,0,0,0,0,0,0,0,0,0,-100000,0,0,0,0,100000,-100000,-100000
049489,美律元大94購05  ,0,0,0,0,0,0,0,0,0,-100000,0,0,0,0,100000,-100000,-100000
049736,宏達電群益95購03,0,0,0,0,0,0,0,0,0,-100000,0,0,0,0,100000,-100000,-100000
049692,可成元大94購07  ,0,0,0,0,0,0,0,0,0,-100000,0,0,0,10000,110000,-100000,-100000
049824,鴻海凱基94購18  ,0,0,0,0,0,0,0,0,0,-100000,0,0,0,0,100000,-100000,-100000
051473,台積電凱基95購10,0,0,0,0,0,0,0,0,0,-100000,0,0,0,120000,220000,-100000,-100000
051481,聯詠凱基95購02  ,0,0,0,0,0,0,0,0,0,-100000,0,0,0,0,100000,-100000,-100000
05037P,華新科元大95售09,0,0,0,0,0,0,0,0,0,-100000,0,0,0,0,100000,-100000,-100000
05485P,旺宏凱基95售08  ,0,0,0,0,0,0,0,0,0,-100000,0,0,0,0,100000,-100000,-100000
054494,訊芯台新96購01  ,0,0,0,0,0,0,0,0,0,-100000,0,0,0,0,100000,-100000,-100000
052867,晶技凱基96購01  ,0,0,0,0,0,0,0,0,0,-100000,0,0,0,50000,150000,-100000,-100000
053038,華邦電凱基97購01,0,0,0,0,0,0,0,0,0,-100000,0,0,0,0,100000,-100000,-100000
053166,聯詠群益96購02  ,0,0,0,0,0,0,0,0,0,-100000,0,0,0,2000,102000,-100000,-100000
053275,燿華元大97購01  ,0,0,0,0,0,0,0,0,0,-100000,0,0,0,0,100000,-100000,-100000
053692,聯詠元大96購04  ,0,0,0,0,0,0,0,0,0,-100000,0,0,0,0,100000,-100000,-100000
06463P,大立光富邦9A售01,0,0,0,0,0,0,0,0,0,-100000,0,0,0,5000,105000,-100000,-100000
06300P,緯穎元大97售04  ,0,0,0,0,0,0,0,0,0,-100000,0,0,0,43000,143000,-100000,-100000
055212,和大凱基97購02  ,0,0,0,0,0,0,0,0,0,-101000,0,0,0,4000,105000,-101000,-101000
055144,T50反1元大97購03,0,0,0,0,0,0,0,0,0,-101000,0,0,0,160000,261000,-101000,-101000
055910,瑞昱凱基98購01  ,0,0,0,0,0,0,0,0,0,-101000,0,0,0,15000,116000,-101000,-101000
056165,矽力凱基98購02  ,0,0,0,0,0,0,0,0,0,-101000,0,0,0,30000,131000,-101000,-101000
048001,中工元大96購01  ,0,0,0,0,0,0,0,0,0,-101000,0,0,0,108000,209000,-101000,-101000
047292,台光電元富96購01,0,0,0,0,0,0,0,0,0,-101000,0,0,0,0,101000,-101000,-101000
053812,台積電群益96購09,0,0,0,0,0,0,0,0,0,-101000,0,0,0,2000,103000,-101000,-101000
2102,泰豐            ,4000,105000,-101000,0,0,0,0,0,0,0,0,0,0,0,0,0,-101000
2404,漢唐            ,133000,235000,-102000,0,0,0,0,25000,-25000,26000,13000,0,13000,32000,19000,13000,-101000
056139,貿聯元大97購04  ,0,0,0,0,0,0,0,0,0,-102000,0,0,0,28000,130000,-102000,-102000
057167,台積電元大99購03,0,0,0,0,0,0,0,0,0,-102000,0,0,0,0,102000,-102000,-102000
05843P,台積電元大96售16,0,0,0,0,0,0,0,0,0,-102000,0,0,0,452000,554000,-102000,-102000
05631P,國巨富邦9A售01  ,0,0,0,0,0,0,0,0,0,-102000,0,0,0,0,102000,-102000,-102000
056775,康控元大99購01  ,0,0,0,0,0,0,0,0,0,-102000,0,0,0,30000,132000,-102000,-102000
056714,晶相光永豐98購02,0,0,0,0,0,0,0,0,0,-102000,0,0,0,18000,120000,-102000,-102000
043907,鴻海凱基93購01  ,0,0,0,0,0,0,0,0,0,-102000,0,0,0,15000,117000,-102000,-102000
048436,聯茂日盛93購01  ,0,0,0,0,0,0,0,0,0,-102000,0,0,0,19000,121000,-102000,-102000
050400,臻鼎中信97購01  ,0,0,0,0,0,0,0,0,0,-102000,0,0,0,48000,150000,-102000,-102000
050100,台積電永昌96購02,0,0,0,0,0,0,0,0,0,-102000,0,0,0,533000,635000,-102000,-102000
049980,奇力新凱基94購04,0,0,0,0,0,0,0,0,0,-102000,0,0,0,11000,113000,-102000,-102000
049538,元油2X群益98購01,0,0,0,0,0,0,0,0,0,-102000,0,0,0,15000,117000,-102000,-102000
054248,燿華元大97購02  ,0,0,0,0,0,0,0,0,0,-102000,0,0,0,22000,124000,-102000,-102000
054254,晶豪科元大96購02,0,0,0,0,0,0,0,0,0,-102000,0,0,0,28000,130000,-102000,-102000
05478P,智伸科國票96售02,0,0,0,0,0,0,0,0,0,-102000,0,0,0,0,102000,-102000,-102000
052888,台表科中信9A購01,0,0,0,0,0,0,0,0,0,-102000,0,0,0,136000,238000,-102000,-102000
052917,大立光富邦99購02,0,0,0,0,0,0,0,0,0,-102000,0,0,0,10000,112000,-102000,-102000
052597,茂林群益96購01  ,0,0,0,0,0,0,0,0,0,-102000,0,0,0,416000,518000,-102000,-102000
1522,堤維西          ,55000,157000,-102000,0,0,0,0,0,0,0,0,0,0,0,0,0,-102000
9188,精熙-DR         ,0,102000,-102000,0,0,0,0,0,0,0,0,0,0,0,0,0,-102000
4133,亞諾法          ,30000,132000,-102000,0,0,0,0,0,0,0,0,0,0,0,0,0,-102000
056293,上銀元大97購10  ,0,0,0,0,0,0,0,0,0,-103000,0,0,0,56000,159000,-103000,-103000
055812,台積電國票99購02,0,0,0,0,0,0,0,0,0,-103000,0,0,0,5000,108000,-103000,-103000
055788,緯穎凱基97購04  ,0,0,0,0,0,0,0,0,0,-103000,0,0,0,20000,123000,-103000,-103000
055264,國巨永豐98購01  ,0,0,0,0,0,0,0,0,0,-103000,0,0,0,4000,107000,-103000,-103000
047469,華通中信93購01  ,0,0,0,0,0,0,0,0,0,-103000,0,0,0,0,103000,-103000,-103000
045994,康控富邦94購01  ,0,0,0,0,0,0,0,0,0,-103000,0,0,0,520000,623000,-103000,-103000
00640L,富邦日本正2     ,0,3000,-3000,0,0,0,0,0,0,-100000,0,0,0,353000,453000,-100000,-103000
050423,鴻海凱基96購02  ,0,0,0,0,0,0,0,0,0,-103000,0,0,0,0,103000,-103000,-103000
054862,群光群益97購01  ,0,0,0,0,0,0,0,0,0,-103000,0,0,0,32000,135000,-103000,-103000
055434,樺漢群益97購01  ,0,0,0,0,0,0,0,0,0,-104000,0,0,0,0,104000,-104000,-104000
05650P,台積電富邦96售01,0,0,0,0,0,0,0,0,0,-104000,0,0,0,59000,163000,-104000,-104000
056586,光罩統一98購02  ,0,0,0,0,0,0,0,0,0,-104000,0,0,0,0,104000,-104000,-104000
050129,聯發科凱基94購11,0,0,0,0,0,0,0,0,0,-104000,0,0,0,30000,134000,-104000,-104000
052190,創意群益95購03  ,0,0,0,0,0,0,0,0,0,-104000,0,0,0,0,104000,-104000,-104000
051980,樺漢凱基96購01  ,0,0,0,0,0,0,0,0,0,-104000,0,0,0,36000,140000,-104000,-104000
05062P,大立光富邦98售03,0,0,0,0,0,0,0,0,0,-104000,0,0,0,0,104000,-104000,-104000
05244P,台積電元大95售17,0,0,0,0,0,0,0,0,0,-104000,0,0,0,401000,505000,-104000,-104000
053238,麗豐永豐96購01  ,0,0,0,0,0,0,0,0,0,-104000,0,0,0,0,104000,-104000,-104000
053293,聯發科中信9B購01,0,0,0,0,0,0,0,0,0,-104000,0,0,0,5000,109000,-104000,-104000
1477,聚陽            ,407000,666000,-259000,0,0,0,0,0,0,155000,117000,0,117000,40000,2000,38000,-104000
3024,憶聲            ,0,104000,-104000,0,0,0,0,0,0,0,0,0,0,0,0,0,-104000
056678,力成元富98購01  ,0,0,0,0,0,0,0,0,0,-105000,0,0,0,50000,155000,-105000,-105000
056300,聯發科元大97購23,0,0,0,0,0,0,0,0,0,-105000,0,0,0,50000,155000,-105000,-105000
057288,聯茂元大98購03  ,0,0,0,0,0,0,0,0,0,-105000,0,0,0,40000,145000,-105000,-105000
056932,T50反1元富98購01,0,0,0,0,0,0,0,0,0,-105000,0,0,0,0,105000,-105000,-105000
048421,聯茂統一93購01  ,0,0,0,0,0,0,0,0,0,-105000,0,0,0,0,105000,-105000,-105000
046703,瑞昱元富95購01  ,0,0,0,0,0,0,0,0,0,-105000,0,0,0,49000,154000,-105000,-105000
04630P,嘉聯益元大95售02,0,0,0,0,0,0,0,0,0,-105000,0,0,0,0,105000,-105000,-105000
048035,聯詠凱基93購06  ,0,0,0,0,0,0,0,0,0,-105000,0,0,0,0,105000,-105000,-105000
049125,禾伸堂元富94購01,0,0,0,0,0,0,0,0,0,-105000,0,0,0,55000,160000,-105000,-105000
049136,華通元大95購01  ,0,0,0,0,0,0,0,0,0,-105000,0,0,0,59000,164000,-105000,-105000
051231,健策群益97購01  ,0,0,0,0,0,0,0,0,0,-105000,0,0,0,160000,265000,-105000,-105000
050049,華通群益96購01  ,0,0,0,0,0,0,0,0,0,-105000,0,0,0,71000,176000,-105000,-105000
048754,瀚宇博元富97購01,0,0,0,0,0,0,0,0,0,-105000,0,0,0,0,105000,-105000,-105000
05332P,臺股指國票95售01,0,0,0,0,0,0,0,0,0,-105000,0,0,0,40000,145000,-105000,-105000
052554,正崴國票97購01  ,0,0,0,0,0,0,0,0,0,-105000,0,0,0,0,105000,-105000,-105000
054516,國巨元大97購02  ,0,0,0,0,0,0,0,0,0,-105000,0,0,0,143000,248000,-105000,-105000
054170,泰鼎凱基98購01  ,0,0,0,0,0,0,0,0,0,-105000,0,0,0,338000,443000,-105000,-105000
057160,佐登永豐98購02  ,350000,0,350000,0,0,0,0,0,0,-456000,0,0,0,10000,466000,-456000,-106000
05670P,台積電國票98售01,0,0,0,0,0,0,0,0,0,-106000,0,0,0,263000,369000,-106000,-106000
050804,和大日盛95購01  ,0,0,0,0,0,0,0,0,0,-106000,0,0,0,0,106000,-106000,-106000
050502,聯發科凱基94購21,0,0,0,0,0,0,0,0,0,-106000,0,0,0,30000,136000,-106000,-106000
054931,緯穎凱基98購01  ,0,0,0,0,0,0,0,0,0,-106000,0,0,0,238000,344000,-106000,-106000
05575P,玉晶光元富96售01,0,0,0,0,0,0,0,0,0,-107000,0,0,0,0,107000,-107000,-107000
056074,茂林元大97購04  ,0,0,0,0,0,0,0,0,0,-107000,0,0,0,885000,992000,-107000,-107000
041527,T50反1中信96購01,0,0,0,0,0,0,0,0,0,-107000,0,0,0,270000,377000,-107000,-107000
052070,GIS兆豐95購03   ,0,0,0,0,0,0,0,0,0,-107000,0,0,0,10000,117000,-107000,-107000
049525,華新科兆豐94購01,0,0,0,0,0,0,0,0,0,-107000,0,0,0,94000,201000,-107000,-107000
049256,瑞昱元大94購04  ,0,0,0,0,0,0,0,0,0,-107000,0,0,0,33000,140000,-107000,-107000
054903,億光康和97購02  ,0,0,0,0,0,0,0,0,0,-107000,0,0,0,0,107000,-107000,-107000
3058,立德            ,3000,110000,-107000,0,0,0,0,0,0,0,0,0,0,0,0,0,-107000
055022,精元國泰99購01  ,0,0,0,0,0,0,0,0,0,-108000,0,0,0,0,108000,-108000,-108000
057198,智伸科統一9B購01,0,0,0,0,0,0,0,0,0,-108000,0,0,0,108000,216000,-108000,-108000
045898,康控元大93購04  ,0,0,0,0,0,0,0,0,0,-108000,0,0,0,210000,318000,-108000,-108000
051420,康控國票95購05  ,0,0,0,0,0,0,0,0,0,-108000,0,0,0,35000,143000,-108000,-108000
050698,明泰凱基96購01  ,0,0,0,0,0,0,0,0,0,-108000,0,0,0,2000,110000,-108000,-108000
050353,華擎群益95購01  ,0,0,0,0,0,0,0,0,0,-108000,0,0,0,93000,201000,-108000,-108000
049667,大立光國泰96購01,0,0,0,0,0,0,0,0,0,-108000,0,0,0,105000,213000,-108000,-108000
052534,貿聯國泰96購02  ,0,0,0,0,0,0,0,0,0,-108000,0,0,0,20000,128000,-108000,-108000
052757,華邦電群益96購01,0,0,0,0,0,0,0,0,0,-108000,0,0,0,2000,110000,-108000,-108000
053342,全新國票99購01  ,0,0,0,0,0,0,0,0,0,-108000,0,0,0,39000,147000,-108000,-108000
06012P,世芯國票96售01  ,0,0,0,0,0,0,0,0,0,-108000,0,0,0,70000,178000,-108000,-108000
055075,南電永豐97購01  ,0,0,0,0,0,0,0,0,0,-109000,0,0,0,0,109000,-109000,-109000
051425,昇陽半國票97購01,0,0,0,0,0,0,0,0,0,-109000,0,0,0,0,109000,-109000,-109000
050703,矽格凱基94購02  ,0,0,0,0,0,0,0,0,0,-109000,0,0,0,0,109000,-109000,-109000
05005P,台表科統一95售01,0,0,0,0,0,0,0,0,0,-109000,0,0,0,0,109000,-109000,-109000
055851,智原元大98購01  ,0,0,0,0,0,0,0,0,0,-110000,0,0,0,0,110000,-110000,-110000
056858,國巨群益99購03  ,0,0,0,0,0,0,0,0,0,-110000,0,0,0,11000,121000,-110000,-110000
051051,鴻海群益95購04  ,0,0,0,0,0,0,0,0,0,-110000,0,0,0,0,110000,-110000,-110000
048422,瑞昱元富96購02  ,0,0,0,0,0,0,0,0,0,-110000,0,0,0,0,110000,-110000,-110000
03267P,台灣50元大02售06,0,0,0,0,0,0,0,0,0,-110000,0,0,0,70000,180000,-110000,-110000
045484,聯電亞東94購01  ,0,0,0,0,0,0,0,0,0,-110000,0,0,0,0,110000,-110000,-110000
04019P,聯茂永豐93售01  ,0,0,0,0,0,0,0,0,0,-110000,0,0,0,0,110000,-110000,-110000
047212,宏達電富邦97購01,0,0,0,0,0,0,0,0,0,-110000,0,0,0,68000,178000,-110000,-110000
04826P,華新科麥證95售01,0,0,0,10000,120000,-110000,0,0,0,-110000,0,0,0,10000,120000,-110000,-110000
04732P,聯茂群益94售01  ,0,0,0,0,0,0,0,0,0,-110000,0,0,0,21000,131000,-110000,-110000
04898P,瑞儀中信95售01  ,0,0,0,0,0,0,0,0,0,-110000,0,0,0,120000,230000,-110000,-110000
051343,鴻海元大95購07  ,0,0,0,0,0,0,0,0,0,-110000,0,0,0,0,110000,-110000,-110000
051344,鴻海元大95購08  ,0,0,0,0,0,0,0,0,0,-110000,0,0,0,501000,611000,-110000,-110000
051499,康控群益95購02  ,0,0,0,0,0,0,0,0,0,-110000,0,0,0,0,110000,-110000,-110000
050420,鴻海凱基95購03  ,0,0,0,0,0,0,0,0,0,-110000,0,0,0,0,110000,-110000,-110000
051996,康友元大95購01  ,0,0,0,0,0,0,0,0,0,-110000,0,0,0,26000,136000,-110000,-110000
051998,昇陽半元大96購02,0,0,0,0,0,0,0,0,0,-110000,0,0,0,22000,132000,-110000,-110000
051850,臻鼎中信96購01  ,0,0,0,0,0,0,0,0,0,-110000,0,0,0,0,110000,-110000,-110000
052371,元金2X元大95購01,0,0,0,0,0,0,0,0,0,-110000,0,0,0,10000,120000,-110000,-110000
054944,精元元大97購01  ,0,0,0,0,0,0,0,0,0,-110000,0,0,0,3000,113000,-110000,-110000
054859,鴻海群益97購02  ,0,0,0,0,0,0,0,0,0,-110000,0,0,0,0,110000,-110000,-110000
053894,創意群益96購01  ,0,0,0,0,0,0,0,0,0,-110000,0,0,0,79000,189000,-110000,-110000
06080P,景碩群益98售02  ,0,0,0,0,0,0,0,0,0,-110000,0,0,0,29000,139000,-110000,-110000
06316P,臺股指元富97售03,0,0,0,0,0,0,0,0,0,-110000,0,0,0,0,110000,-110000,-110000
2449,京元電子        ,2139425,2171000,-31575,0,0,0,0,300000,-300000,221000,414000,40000,374000,61000,214000,-153000,-110575
056771,嘉晶元大99購01  ,0,0,0,0,0,0,0,0,0,-111000,0,0,0,2000,113000,-111000,-111000
056503,楠梓電永豐98購01,0,0,0,0,0,0,0,0,0,-111000,0,0,0,0,111000,-111000,-111000
055699,康控國票97購04  ,0,0,0,0,0,0,0,0,0,-111000,0,0,0,0,111000,-111000,-111000
056079,世紀鋼元大97購02,0,0,0,0,0,0,0,0,0,-111000,0,0,0,21000,132000,-111000,-111000
055468,智邦凱基97購04  ,0,0,0,0,0,0,0,0,0,-111000,0,0,0,1000,112000,-111000,-111000
052066,華邦電兆豐96購01,0,0,0,0,0,0,0,0,0,-111000,0,0,0,20000,131000,-111000,-111000
050757,聯發科元富94購03,0,0,0,0,0,0,0,0,0,-111000,0,0,0,0,111000,-111000,-111000
048871,晶豪科國票94購01,0,0,0,0,0,0,0,0,0,-111000,0,0,0,8000,119000,-111000,-111000
051670,欣興元大95購06  ,0,0,0,0,0,0,0,0,0,-111000,0,0,0,2000,113000,-111000,-111000
054129,技嘉元大96購02  ,0,0,0,0,0,0,0,0,0,-111000,0,0,0,898000,1009000,-111000,-111000
3605,宏致            ,108000,219000,-111000,0,0,0,0,0,0,0,0,0,0,0,0,0,-111000
4725,信昌化          ,179000,290000,-111000,0,0,0,0,0,0,0,0,0,0,0,0,0,-111000
5519,隆大            ,8000,102000,-94000,0,0,0,0,0,0,-17000,0,17000,-17000,0,0,0,-111000
056036,鴻海凱基97購07  ,0,0,0,0,0,0,0,0,0,-112000,0,0,0,0,112000,-112000,-112000
055712,金寶元大97購02  ,0,0,0,0,0,0,0,0,0,-112000,0,0,0,155000,267000,-112000,-112000
055925,上銀群益97購01  ,0,0,0,0,0,0,0,0,0,-112000,0,0,0,132000,244000,-112000,-112000
051585,美食元大95購01  ,0,0,0,0,0,0,0,0,0,-112000,0,0,0,0,112000,-112000,-112000
051873,緯穎凱基95購02  ,0,0,0,0,0,0,0,0,0,-112000,0,0,0,245000,357000,-112000,-112000
050339,鴻海統一94購06  ,0,0,0,0,0,0,0,0,0,-112000,0,0,0,0,112000,-112000,-112000
054130,漢唐元大97購02  ,0,0,0,0,0,0,0,0,0,-112000,0,0,0,76000,188000,-112000,-112000
054159,T50正2凱基99購01,0,0,0,0,0,0,0,0,0,-112000,0,0,0,3000,115000,-112000,-112000
052282,宏達電凱基95購05,0,0,0,0,0,0,0,0,0,-112000,0,0,0,37000,149000,-112000,-112000
052528,茂林元大95購05  ,0,0,0,0,0,0,0,0,0,-112000,0,0,0,313000,425000,-112000,-112000
052742,可成元大96購01  ,0,0,0,0,0,0,0,0,0,-112000,0,0,0,7000,119000,-112000,-112000
052913,鴻海元富96購05  ,0,0,0,0,0,0,0,0,0,-112000,0,0,0,10000,122000,-112000,-112000
2612,中航            ,8000,50000,-42000,0,0,0,0,55000,-55000,-15000,0,15000,-15000,0,0,0,-112000
055287,日電貿元大97購01,0,0,0,0,0,0,0,0,0,-113000,0,0,0,196000,309000,-113000,-113000
04723P,美律凱基94售06  ,0,0,0,0,0,0,0,0,0,-113000,0,0,0,42000,155000,-113000,-113000
051405,世芯永豐95購01  ,0,0,0,0,0,0,0,0,0,-113000,0,0,0,456000,569000,-113000,-113000
050521,聯發科元大94購15,0,0,0,0,0,0,0,0,0,-113000,0,0,0,24000,137000,-113000,-113000
052133,華邦電凱基9B購01,0,0,0,0,0,0,0,0,0,-113000,0,0,0,10000,123000,-113000,-113000
054985,光罩元富97購01  ,0,0,0,0,0,0,0,0,0,-113000,0,0,0,10000,123000,-113000,-113000
054385,矽創群益98購01  ,0,0,0,0,0,0,0,0,0,-113000,0,0,0,162000,275000,-113000,-113000
055311,健策群益98購02  ,0,0,0,0,0,0,0,0,0,-114000,0,0,0,77000,191000,-114000,-114000
1717,長興            ,195000,309000,-114000,0,0,0,0,0,0,0,0,0,0,0,0,0,-114000
1701,中化            ,4000,118000,-114000,0,0,0,0,0,0,0,0,0,0,0,0,0,-114000
055282,聯發科元大97購15,0,0,0,0,0,0,0,0,0,-115000,0,0,0,123000,238000,-115000,-115000
051941,樺漢群益95購02  ,0,0,0,0,0,0,0,0,0,-115000,0,0,0,0,115000,-115000,-115000
050806,華新科日盛95購01,0,0,0,0,0,0,0,0,0,-115000,0,0,0,3000,118000,-115000,-115000
050013,淘帝國泰95購01  ,0,0,0,0,0,0,0,0,0,-115000,0,0,0,0,115000,-115000,-115000
054289,聯發科元大97購11,0,0,0,0,0,0,0,0,0,-115000,0,0,0,15000,130000,-115000,-115000
053444,奇力新凱基96購03,0,0,0,0,0,0,0,0,0,-115000,0,0,0,159000,274000,-115000,-115000
9911,櫻花            ,46000,136000,-90000,0,0,0,0,25000,-25000,0,0,0,0,0,0,0,-115000
056202,國揚永豐97購01  ,0,0,0,0,0,0,0,0,0,-116000,0,0,0,0,116000,-116000,-116000
056502,A50正2永豐98購01,0,0,0,0,0,0,0,0,0,-116000,0,0,0,118000,234000,-116000,-116000
046572,貿聯國泰94購01  ,0,0,0,0,0,0,0,0,0,-116000,0,0,0,40000,156000,-116000,-116000
049074,光罩凱基94購02  ,0,0,0,0,0,0,0,0,0,-116000,0,0,0,80000,196000,-116000,-116000
050677,光寶科統一94購01,0,0,0,0,0,0,0,0,0,-116000,0,0,0,0,116000,-116000,-116000
050416,高股息凱基96購02,0,0,0,0,0,0,0,0,0,-116000,0,0,0,116000,232000,-116000,-116000
052649,康控永豐96購01  ,0,0,0,0,0,0,0,0,0,-116000,0,0,0,0,116000,-116000,-116000
052593,台積電群益96購02,0,0,0,0,0,0,0,0,0,-116000,0,0,0,87000,203000,-116000,-116000
054356,可成兆豐97購01  ,0,0,0,0,0,0,0,0,0,-116000,0,0,0,11000,127000,-116000,-116000
056776,聯茂元大99購01  ,0,0,0,0,0,0,0,0,0,-117000,0,0,0,1000,118000,-117000,-117000
048346,智易元大95購01  ,0,0,0,0,0,0,0,0,0,-117000,0,0,0,0,117000,-117000,-117000
052042,台積電日盛95購02,0,0,0,0,0,0,0,0,0,-117000,0,0,0,8000,125000,-117000,-117000
2535,達欣工          ,59000,16000,43000,0,0,0,0,0,0,-160000,0,160000,-160000,0,0,0,-117000
06078P,臺股指凱基9A售01,0,0,0,0,0,0,0,0,0,-117000,0,0,0,151000,268000,-117000,-117000
06203P,奇力新中信98售02,0,0,0,0,0,0,0,0,0,-117000,0,0,0,81000,198000,-117000,-117000
056977,國巨群益9A購01  ,0,0,0,0,0,0,0,0,0,-118000,0,0,0,1000,119000,-118000,-118000
045685,康控元大95購01  ,0,0,0,0,0,0,0,0,0,-118000,0,0,0,328000,446000,-118000,-118000
048494,瑞昱元大93購13  ,0,0,0,0,0,0,0,0,0,-118000,0,0,0,0,118000,-118000,-118000
050494,可成永昌96購01  ,0,0,0,0,0,0,0,0,0,-118000,0,0,0,56000,174000,-118000,-118000
050390,聯發科統一94購09,0,0,0,0,0,0,0,0,0,-118000,0,0,0,0,118000,-118000,-118000
049861,正崴兆豐94購01  ,0,0,0,0,0,0,0,0,0,-118000,0,0,0,0,118000,-118000,-118000
048992,昇陽半元大94購02,0,0,0,0,0,0,0,0,0,-118000,0,0,0,33000,151000,-118000,-118000
054302,鴻海凱基96購18  ,0,0,0,0,0,0,0,0,0,-118000,0,0,0,0,118000,-118000,-118000
054042,華泰元大96購01  ,0,0,0,0,0,0,0,0,0,-118000,0,0,0,0,118000,-118000,-118000
054023,和大康和96購01  ,0,0,0,0,0,0,0,0,0,-118000,0,0,0,0,118000,-118000,-118000
054579,聯茂元大97購01  ,0,0,0,0,0,0,0,0,0,-118000,0,0,0,12000,130000,-118000,-118000
054824,同欣電元大97購04,0,0,0,0,0,0,0,0,0,-118000,0,0,0,15000,133000,-118000,-118000
052482,茂林群益95購01  ,0,0,0,0,0,0,0,0,0,-118000,0,0,0,74000,192000,-118000,-118000
052669,群創群益98購06  ,0,0,0,0,0,0,0,0,0,-118000,0,0,0,31000,149000,-118000,-118000
053465,聯電元大96購05  ,0,0,0,0,0,0,0,0,0,-118000,0,0,0,62000,180000,-118000,-118000
057261,瑞昱兆豐98購01  ,0,0,0,0,0,0,0,0,0,-119000,0,0,0,239000,358000,-119000,-119000
056506,晶豪科永豐98購02,0,0,0,0,0,0,0,0,0,-119000,0,0,0,40000,159000,-119000,-119000
049302,聯茂日盛94購01  ,0,0,0,0,0,0,0,0,0,-119000,0,0,0,10000,129000,-119000,-119000
050301,矽創凱基94購03  ,0,0,0,0,0,0,0,0,0,-119000,0,0,0,10000,129000,-119000,-119000
049473,光罩永豐94購03  ,0,0,0,0,0,0,0,0,0,-119000,0,0,0,0,119000,-119000,-119000
056737,國巨凱基9A購01  ,0,0,0,0,0,0,0,0,0,-120000,0,0,0,0,120000,-120000,-120000
057182,禾伸堂元大99購02,0,0,0,0,0,0,0,0,0,-120000,0,0,0,149000,269000,-120000,-120000
05858P,矽力中信96售01  ,0,0,0,0,0,0,0,0,0,-120000,0,0,0,70000,190000,-120000,-120000
056227,奇力新凱基98購04,0,0,0,0,0,0,0,0,0,-120000,0,0,0,62000,182000,-120000,-120000
056033,T50正2凱基99購02,0,0,0,0,0,0,0,0,0,-120000,0,0,0,10000,130000,-120000,-120000
055738,玉山金元富97購01,0,0,0,0,0,0,0,0,0,-120000,0,0,0,40000,160000,-120000,-120000
055207,致新中信99購01  ,0,0,0,0,0,0,0,0,0,-120000,0,0,0,0,120000,-120000,-120000
055116,康控凱基98購01  ,0,0,0,0,0,0,0,0,0,-120000,0,0,0,0,120000,-120000,-120000
046500,技嘉元大92購03  ,0,0,0,0,0,0,0,0,0,-120000,0,0,0,0,120000,-120000,-120000
051327,元油2X永豐95購02,0,0,0,0,0,0,0,0,0,-120000,0,0,0,10000,130000,-120000,-120000
047998,美律元大93購06  ,0,0,0,0,0,0,0,0,0,-120000,0,0,0,0,120000,-120000,-120000
045869,滬深2X元富95購01,0,0,0,0,0,0,0,0,0,-120000,0,0,0,0,120000,-120000,-120000
045883,元油2X元大95購07,0,0,0,0,0,0,0,0,0,-120000,0,0,0,0,120000,-120000,-120000
04038P,聯茂群益93售03  ,0,0,0,0,0,0,0,0,0,-120000,0,0,0,10000,130000,-120000,-120000
043784,鴻海凱基94購01  ,0,0,0,0,0,0,0,0,0,-120000,0,0,0,0,120000,-120000,-120000
044039,康控群益93購01  ,0,0,0,0,0,0,0,0,0,-120000,0,0,0,0,120000,-120000,-120000
052012,聯發科台新95購02,0,0,0,0,0,0,0,0,0,-120000,0,0,0,0,120000,-120000,-120000
04939P,國巨國票95售03  ,0,0,0,0,0,0,0,0,0,-120000,0,0,0,0,120000,-120000,-120000
049852,康控群益94購03  ,0,0,0,0,0,0,0,0,0,-120000,0,0,0,0,120000,-120000,-120000
053425,京鼎永豐96購01  ,0,0,0,0,0,0,0,0,0,-120000,0,0,0,6000,126000,-120000,-120000
053730,樺漢凱基98購01  ,0,0,0,0,0,0,0,0,0,-120000,0,0,0,100000,220000,-120000,-120000
052619,茂林國泰99購01  ,0,0,0,0,0,0,0,0,0,-120000,0,0,0,64000,184000,-120000,-120000
054204,元金2X國票9B購02,0,0,0,0,0,0,0,0,0,-120000,0,0,0,0,120000,-120000,-120000
07866P,上証2X國票97售01,0,0,0,0,0,0,0,0,0,-120000,0,0,0,300000,420000,-120000,-120000
055553,聯發科凱基97購05,0,0,0,0,0,0,0,0,0,-121000,0,0,0,0,121000,-121000,-121000
055692,緯穎凱基97購03  ,0,0,0,0,0,0,0,0,0,-121000,0,0,0,65000,186000,-121000,-121000
057197,立積台新98購01  ,0,0,0,0,0,0,0,0,0,-121000,0,0,0,0,121000,-121000,-121000
049848,聯發科群益94購06,0,0,0,0,0,0,0,0,0,-121000,0,0,0,155000,276000,-121000,-121000
049365,美律元大94購04  ,0,0,0,0,0,0,0,0,0,-121000,0,0,0,0,121000,-121000,-121000
04967P,台表科永豐94售04,0,0,0,0,0,0,0,0,0,-121000,0,0,0,41000,162000,-121000,-121000
2456,奇力新          ,1607000,782000,825000,0,0,0,318000,1334000,-1016000,70000,80000,256000,-176000,302000,56000,246000,-121000
057267,康控兆豐99購01  ,0,0,0,0,0,0,0,0,0,-122000,0,0,0,0,122000,-122000,-122000
057152,緯穎國票99購03  ,0,0,0,0,0,0,0,0,0,-122000,0,0,0,0,122000,-122000,-122000
047702,鴻海凱基94購13  ,0,0,0,0,0,0,0,0,0,-122000,0,0,0,4000,126000,-122000,-122000
052055,緯穎凱基95購03  ,0,0,0,0,0,0,0,0,0,-122000,0,0,0,240000,362000,-122000,-122000
054148,矽創元大96購03  ,0,0,0,0,0,0,0,0,0,-122000,0,0,0,5000,127000,-122000,-122000
054798,超眾群益97購01  ,0,0,0,0,0,0,0,0,0,-122000,0,0,0,0,122000,-122000,-122000
052741,聯發科元大96購08,0,0,0,0,0,0,0,0,0,-122000,0,0,0,52000,174000,-122000,-122000
4942,嘉彰            ,69000,191000,-122000,0,0,0,0,0,0,0,0,0,0,0,0,0,-122000
047895,台積電群益94購04,0,0,0,0,0,0,0,0,0,-123000,0,0,0,220000,343000,-123000,-123000
043156,大立光統一94購01,0,0,0,0,0,0,0,0,0,-123000,0,0,0,0,123000,-123000,-123000
047248,奇鋐群益95購01  ,0,0,0,0,0,0,0,0,0,-123000,0,0,0,10000,133000,-123000,-123000
052339,光寶科凱基95購01,0,0,0,0,0,0,0,0,0,-123000,0,0,0,0,123000,-123000,-123000
053281,茂林元大96購02  ,0,0,0,0,0,0,0,0,0,-123000,0,0,0,190000,313000,-123000,-123000
053169,貿聯群益97購01  ,0,0,0,0,0,0,0,0,0,-123000,0,0,0,6000,129000,-123000,-123000
056469,國巨元大99購01  ,0,0,0,0,0,0,0,0,0,-124000,0,0,0,130000,254000,-124000,-124000
055164,矽創元大98購01  ,0,0,0,0,0,0,0,0,0,-124000,0,0,0,200000,324000,-124000,-124000
055301,台虹元大97購01  ,0,0,0,0,0,0,0,0,0,-124000,0,0,0,0,124000,-124000,-124000
05140P,台表科國票96售01,0,0,0,0,0,0,0,0,0,-124000,0,0,0,37000,161000,-124000,-124000
048823,漢唐凱基94購01  ,0,0,0,0,0,0,0,0,0,-124000,0,0,0,0,124000,-124000,-124000
055546,台積電凱基97購12,0,0,0,0,0,0,0,0,0,-125000,0,0,0,0,125000,-125000,-125000
056683,台積電統一98購05,0,0,0,0,0,0,0,0,0,-125000,0,0,0,0,125000,-125000,-125000
056859,台積電群益98購02,0,0,0,0,0,0,0,0,0,-125000,0,0,0,285000,410000,-125000,-125000
05752P,台積電中信96售06,0,0,0,0,0,0,0,0,0,-125000,0,0,0,0,125000,-125000,-125000
051426,道瓊反統一95購02,0,0,0,0,0,0,0,0,0,-125000,0,0,0,0,125000,-125000,-125000
048333,大立光富邦95購01,0,0,0,0,0,0,0,0,0,-125000,0,0,0,0,125000,-125000,-125000
049532,同欣電台新94購01,0,0,0,0,0,0,0,0,0,-125000,0,0,0,10000,135000,-125000,-125000
048653,巨大元大96購02  ,0,0,0,0,0,0,0,0,0,-125000,0,0,0,34000,159000,-125000,-125000
050758,聯發科元富9B購01,0,0,0,0,0,0,0,0,0,-125000,0,0,0,15000,140000,-125000,-125000
051932,康控國票96購02  ,0,0,0,0,0,0,0,0,0,-125000,0,0,0,11000,136000,-125000,-125000
050790,昇陽半國泰96購02,0,0,0,0,0,0,0,0,0,-125000,0,0,0,57000,182000,-125000,-125000
054580,樺漢元大98購01  ,0,0,0,0,0,0,0,0,0,-125000,0,0,0,0,125000,-125000,-125000
06496P,台灣50日盛98售01,0,0,0,0,0,0,0,0,0,-125000,0,0,0,742000,867000,-125000,-125000
06440P,台積電凱基98售07,0,0,0,0,0,0,0,0,0,-125000,0,0,0,152000,277000,-125000,-125000
06214P,國巨國票98售04  ,0,0,0,0,0,0,0,0,0,-125000,0,0,0,64000,189000,-125000,-125000
057163,上銀元大98購04  ,0,0,0,0,0,0,0,0,0,-126000,0,0,0,14000,140000,-126000,-126000
055592,奇力新元大97購07,0,0,0,0,0,0,0,0,0,-126000,0,0,0,199000,325000,-126000,-126000
055375,京鼎元大97購03  ,0,0,0,0,0,0,0,0,0,-126000,0,0,0,344000,470000,-126000,-126000
055371,正崴元大97購02  ,0,0,0,0,0,0,0,0,0,-126000,0,0,0,19000,145000,-126000,-126000
055231,大毅國票98購02  ,0,0,0,0,0,0,0,0,0,-126000,0,0,0,0,126000,-126000,-126000
056239,宏達電群益98購01,0,0,0,0,0,0,0,0,0,-126000,0,0,0,0,126000,-126000,-126000
050892,聯電元大96購02  ,0,0,0,0,0,0,0,0,0,-126000,0,0,0,2000,128000,-126000,-126000
053893,京鼎群益97購02  ,0,0,0,0,0,0,0,0,0,-126000,0,0,0,155000,281000,-126000,-126000
053074,嘉晶永豐96購02  ,0,0,0,0,0,0,0,0,0,-126000,0,0,0,0,126000,-126000,-126000
052602,聯電元大97購01  ,0,0,0,0,0,0,0,0,0,-126000,0,0,0,21000,147000,-126000,-126000
052885,高鐵兆豐98購01  ,0,0,0,0,0,0,0,0,0,-126000,0,0,0,38000,164000,-126000,-126000
055406,大毅國泰99購01  ,0,0,0,0,0,0,0,0,0,-127000,0,0,0,30000,157000,-127000,-127000
056704,健策國泰99購01  ,0,0,0,0,0,0,0,0,0,-127000,0,0,0,184000,311000,-127000,-127000
056472,美律元大99購03  ,0,0,0,0,0,0,0,0,0,-127000,0,0,0,26000,153000,-127000,-127000
051485,玉晶光凱基97購02,0,0,0,0,0,0,0,0,0,-127000,0,0,0,92000,219000,-127000,-127000
052578,大立光統一97購01,0,0,0,0,0,0,0,0,0,-127000,0,0,0,0,127000,-127000,-127000
053473,聯發科元大96購15,0,0,0,0,0,0,0,0,0,-127000,0,0,0,50000,177000,-127000,-127000
054630,聯鈞凱基98購01  ,0,0,0,0,0,0,0,0,0,-127000,0,0,0,28000,155000,-127000,-127000
056298,億光元大97購02  ,0,0,0,0,0,0,0,0,0,-128000,0,0,0,3000,131000,-128000,-128000
056284,台積電永豐97購06,0,0,0,0,0,0,0,0,0,-128000,0,0,0,0,128000,-128000,-128000
056716,康舒永豐98購01  ,0,0,0,0,0,0,0,0,0,-128000,0,0,0,190000,318000,-128000,-128000
056613,旺宏永豐98購01  ,0,0,0,0,0,0,0,0,0,-128000,0,0,0,60000,188000,-128000,-128000
055552,瑞昱凱基97購02  ,0,0,0,0,0,0,0,0,0,-128000,0,0,0,56000,184000,-128000,-128000
055953,上銀元大97購09  ,0,0,0,0,0,0,0,0,0,-128000,0,0,0,77000,205000,-128000,-128000
049693,可成元大94購08  ,0,0,0,0,0,0,0,0,0,-128000,0,0,0,0,128000,-128000,-128000
050717,京鼎群益96購01  ,0,0,0,0,0,0,0,0,0,-128000,0,0,0,26000,154000,-128000,-128000
053638,信邦永豐96購01  ,0,0,0,0,0,0,0,0,0,-128000,0,0,0,5000,133000,-128000,-128000
2464,盟立            ,37000,165000,-128000,0,0,0,0,0,0,0,0,0,0,0,0,0,-128000
051039,台表科康和95購01,0,0,0,0,0,0,0,0,0,-129000,0,0,0,230000,359000,-129000,-129000
048652,巨大元大96購01  ,0,0,0,0,0,0,0,0,0,-129000,0,0,0,23000,152000,-129000,-129000
051752,緯穎富邦96購01  ,0,0,0,0,0,0,0,0,0,-129000,0,0,0,81000,210000,-129000,-129000
049427,瑞昱兆豐94購01  ,0,0,0,0,0,0,0,0,0,-129000,0,0,0,1000,130000,-129000,-129000
053215,禾伸堂凱基96購01,0,0,0,0,0,0,0,0,0,-129000,0,0,0,23000,152000,-129000,-129000
052944,宏達電國票97購01,0,0,0,0,0,0,0,0,0,-129000,0,0,0,92000,221000,-129000,-129000
054909,福懋科康和97購01,0,0,0,0,0,0,0,0,0,-129000,0,0,0,134000,263000,-129000,-129000
055554,聯發科凱基97購06,0,0,0,0,0,0,0,0,0,-130000,0,0,0,1000,131000,-130000,-130000
055504,貿聯元大98購04  ,0,0,0,0,0,0,0,0,0,-130000,0,0,0,0,130000,-130000,-130000
056458,日月光凱基98購02,0,0,0,0,0,0,0,0,0,-130000,0,0,0,0,130000,-130000,-130000
057259,台積電兆豐98購03,0,0,0,0,0,0,0,0,0,-130000,0,0,0,0,130000,-130000,-130000
057199,台達電元富02購01,0,0,0,0,0,0,0,0,0,-130000,0,0,0,26000,156000,-130000,-130000
051396,健鼎兆豐95購01  ,0,0,0,0,0,0,0,0,0,-130000,0,0,0,0,130000,-130000,-130000
047032,台虹元大93購01  ,0,0,0,0,0,0,0,0,0,-130000,0,0,0,0,130000,-130000,-130000
044995,大立光國泰94購01,0,0,0,0,0,0,0,0,0,-130000,0,0,0,0,130000,-130000,-130000
044362,元油2X中信94購01,0,0,0,0,0,0,0,0,0,-130000,0,0,0,0,130000,-130000,-130000
04103P,臺股指國票93售10,0,0,0,0,0,0,0,0,0,-130000,0,0,0,80000,210000,-130000,-130000
049715,華泰凱基94購02  ,0,0,0,0,0,0,0,0,0,-130000,0,0,0,0,130000,-130000,-130000
051939,同欣電群益97購01,0,0,0,0,0,0,0,0,0,-130000,0,0,0,75000,205000,-130000,-130000
051687,大立光凱基95購12,0,0,0,0,0,0,0,0,0,-130000,0,0,0,0,130000,-130000,-130000
050647,聯發科凱基96購01,0,0,0,0,0,0,0,0,0,-130000,0,0,0,1000,131000,-130000,-130000
050995,貿聯元大95購02  ,0,0,0,0,0,0,0,0,0,-130000,0,0,0,0,130000,-130000,-130000
054794,貿聯群益98購01  ,0,0,0,0,0,0,0,0,0,-130000,0,0,0,35000,165000,-130000,-130000
05413P,台郡國票96售02  ,0,0,0,0,0,0,0,0,0,-130000,0,0,0,120000,250000,-130000,-130000
052683,鴻海元大97購03  ,0,0,0,0,0,0,0,0,0,-130000,0,0,0,0,130000,-130000,-130000
053277,大立光元大96購04,0,0,0,0,0,0,0,0,0,-130000,0,0,0,0,130000,-130000,-130000
05329P,臺股指凱基95售13,0,0,0,0,0,0,0,0,0,-130000,0,0,0,0,130000,-130000,-130000
053161,康友元大96購04  ,0,0,0,0,0,0,0,0,0,-130000,0,0,0,31000,161000,-130000,-130000
06254P,臺股指群益97售07,0,0,0,0,0,0,0,0,0,-130000,0,0,0,0,130000,-130000,-130000
056318,鴻海群益98購02  ,0,0,0,0,0,0,0,0,0,-131000,0,0,0,0,131000,-131000,-131000
055209,勤誠康和97購01  ,0,0,0,0,0,0,0,0,0,-131000,0,0,0,95000,226000,-131000,-131000
055170,光磊統一97購01  ,0,0,0,0,0,0,0,0,0,-131000,0,0,0,0,131000,-131000,-131000
053976,亞光元大96購02  ,0,0,0,0,0,0,0,0,0,-131000,0,0,0,40000,171000,-131000,-131000
06452P,大立光元大98售08,0,0,0,0,0,0,0,0,0,-131000,0,0,0,44000,175000,-131000,-131000
046668,嘉澤元大93購01  ,0,0,0,0,0,0,0,0,0,-132000,0,0,0,58000,190000,-132000,-132000
051105,台光電國票96購01,0,0,0,0,0,0,0,0,0,-132000,0,0,0,50000,182000,-132000,-132000
050688,大立光日盛94購03,0,0,0,0,0,0,0,0,0,-132000,0,0,0,94000,226000,-132000,-132000
051643,瑞昱康和95購01  ,0,0,0,0,0,0,0,0,0,-132000,0,0,0,0,132000,-132000,-132000
054256,創意元大96購07  ,0,0,0,0,0,0,0,0,0,-132000,0,0,0,258000,390000,-132000,-132000
055294,智易元大98購01  ,0,0,0,0,0,0,0,0,0,-133000,0,0,0,11000,144000,-133000,-133000
055826,中石化元大97購01,0,0,0,0,0,0,0,0,0,-133000,0,0,0,0,133000,-133000,-133000
047848,可成統一93購01  ,0,0,0,0,0,0,0,0,0,-133000,0,0,0,0,133000,-133000,-133000
048905,旺宏富邦96購01  ,0,0,0,0,0,0,0,0,0,-133000,0,0,0,10000,143000,-133000,-133000
050877,美律統一95購01  ,0,0,0,0,0,0,0,0,0,-133000,0,0,0,71000,204000,-133000,-133000
050342,華通元富94購02  ,0,0,0,0,0,0,0,0,0,-133000,0,0,0,8000,141000,-133000,-133000
053120,復盛中信9A購01  ,0,0,0,0,0,0,0,0,0,-133000,0,0,0,38000,171000,-133000,-133000
055481,聚陽元大97購01  ,0,0,0,0,0,0,0,0,0,-134000,0,0,0,7000,141000,-134000,-134000
057179,可成元大98購04  ,0,0,0,0,0,0,0,0,0,-134000,0,0,0,27000,161000,-134000,-134000
057076,緯穎永豐98購01  ,0,0,0,0,0,0,0,0,0,-134000,0,0,0,2000,136000,-134000,-134000
051050,鴻海群益95購03  ,0,0,0,0,0,0,0,0,0,-134000,0,0,0,4000,138000,-134000,-134000
046568,臻鼎元富95購01  ,0,0,0,0,0,0,0,0,0,-134000,0,0,0,505000,639000,-134000,-134000
050471,國泰金台新94購01,0,0,0,0,0,0,0,0,0,-134000,0,0,0,0,134000,-134000,-134000
048787,義隆元大94購02  ,0,0,0,0,0,0,0,0,0,-134000,0,0,0,15000,149000,-134000,-134000
050964,晶技永豐95購02  ,0,0,0,0,0,0,0,0,0,-134000,0,0,0,56000,190000,-134000,-134000
053170,茂林群益96購04  ,0,0,0,0,0,0,0,0,0,-134000,0,0,0,348000,482000,-134000,-134000
052881,康控凱基97購01  ,0,0,0,0,0,0,0,0,0,-134000,0,0,0,0,134000,-134000,-134000
054050,創意元大96購06  ,0,0,0,0,0,0,0,0,0,-134000,0,0,0,0,134000,-134000,-134000
053746,彰銀康和96購01  ,0,0,0,0,0,0,0,0,0,-134000,0,0,0,5000,139000,-134000,-134000
055291,京鼎元大97購02  ,0,0,0,0,0,0,0,0,0,-135000,0,0,0,46000,181000,-135000,-135000
055938,矽力群益97購01  ,0,0,0,0,0,0,0,0,0,-135000,0,0,0,234000,369000,-135000,-135000
05584P,臺股指凱基96售13,0,0,0,0,0,0,0,0,0,-135000,0,0,0,159000,294000,-135000,-135000
051572,上銀元大95購01  ,0,0,0,0,0,0,0,0,0,-135000,0,0,0,142000,277000,-135000,-135000
050874,康控永豐95購01  ,0,0,0,0,0,0,0,0,0,-135000,0,0,0,0,135000,-135000,-135000
052107,台積電統一95購06,0,0,0,0,0,0,0,0,0,-135000,0,0,0,0,135000,-135000,-135000
052668,聯發科群益97購01,0,0,0,0,0,0,0,0,0,-135000,0,0,0,69000,204000,-135000,-135000
053562,玉晶光國泰98購02,0,0,0,0,0,0,0,0,0,-135000,0,0,0,76000,211000,-135000,-135000
6153,嘉聯益          ,1324000,645000,679000,0,0,0,0,0,0,-814000,61000,105000,-44000,35000,805000,-770000,-135000
056935,華新科元富98購02,0,0,0,0,0,0,0,0,0,-136000,0,0,0,45000,181000,-136000,-136000
057006,國巨中信98購03  ,0,0,0,0,0,0,0,0,0,-136000,0,0,0,24000,160000,-136000,-136000
057358,元油2X元大98購08,0,0,0,0,0,0,0,0,0,-136000,0,0,0,0,136000,-136000,-136000
06104P,大立光凱基97售04,0,0,0,0,0,0,0,0,0,-136000,0,0,0,74000,210000,-136000,-136000
057110,立積群益98購01  ,0,0,0,0,0,0,0,0,0,-137000,0,0,0,64000,201000,-137000,-137000
055762,智伸科群益97購01,0,0,0,0,0,0,0,0,0,-137000,0,0,0,12000,149000,-137000,-137000
056115,奇力新群益97購06,0,0,0,0,0,0,0,0,0,-137000,0,0,0,304000,441000,-137000,-137000
049118,元油2X元富94購03,0,0,0,0,0,0,0,0,0,-137000,0,0,0,80000,217000,-137000,-137000
048786,瑞昱元大94購02  ,0,0,0,0,0,0,0,0,0,-137000,0,0,0,28000,165000,-137000,-137000
051785,臻鼎兆豐96購01  ,0,0,0,0,0,0,0,0,0,-137000,0,0,0,131000,268000,-137000,-137000
053651,台光電凱基98購01,0,0,0,0,0,0,0,0,0,-137000,0,0,0,16000,153000,-137000,-137000
053068,智伸科群益96購01,0,0,0,0,0,0,0,0,0,-137000,0,0,0,2000,139000,-137000,-137000
055905,可成兆豐97購03  ,0,0,0,0,0,0,0,0,0,-138000,0,0,0,0,138000,-138000,-138000
055802,新日興永豐97購01,0,0,0,0,0,0,0,0,0,-138000,0,0,0,639000,777000,-138000,-138000
055172,凱美統一97購02  ,0,0,0,0,0,0,0,0,0,-138000,0,0,0,0,138000,-138000,-138000
055541,聚陽凱基98購01  ,0,0,0,0,0,0,0,0,0,-138000,0,0,0,0,138000,-138000,-138000
055392,凱美統一97購03  ,0,0,0,0,0,0,0,0,0,-138000,0,0,0,14000,152000,-138000,-138000
056381,台虹元富98購01  ,0,0,0,0,0,0,0,0,0,-138000,0,0,0,0,138000,-138000,-138000
056637,台光電日盛9A購01,0,0,0,0,0,0,0,0,0,-138000,0,0,0,51000,189000,-138000,-138000
00651R,FH香港反1       ,0,0,0,0,0,0,0,0,0,-138000,0,0,0,235000,373000,-138000,-138000
04106P,滬深2X永豐93售02,0,0,0,0,0,0,0,0,0,-138000,0,0,0,62000,200000,-138000,-138000
048340,聯發科元大93購25,0,0,0,0,0,0,0,0,0,-138000,0,0,0,100000,238000,-138000,-138000
050929,中磊凱基95購01  ,0,0,0,0,0,0,0,0,0,-138000,0,0,0,138000,276000,-138000,-138000
049372,華新科元大95購04,0,0,0,0,0,0,0,0,0,-138000,0,0,0,17000,155000,-138000,-138000
050576,南亞科國票95購01,0,0,0,0,0,0,0,0,0,-138000,0,0,0,42000,180000,-138000,-138000
050797,聯發科中信99購01,0,0,0,0,0,0,0,0,0,-138000,0,0,0,10000,148000,-138000,-138000
053154,聯詠元大96購01  ,0,0,0,0,0,0,0,0,0,-138000,0,0,0,200000,338000,-138000,-138000
053592,亞光元大96購01  ,0,0,0,0,0,0,0,0,0,-138000,0,0,0,46000,184000,-138000,-138000
053538,京鼎永豐96購03  ,0,0,0,0,0,0,0,0,0,-138000,0,0,0,0,138000,-138000,-138000
053965,聯電元大98購04  ,0,0,0,0,0,0,0,0,0,-138000,0,0,0,82000,220000,-138000,-138000
054252,奇力新元大96購04,0,0,0,0,0,0,0,0,0,-138000,0,0,0,196000,334000,-138000,-138000
056496,康控國泰99購01  ,0,0,0,0,0,0,0,0,0,-139000,0,0,0,61000,200000,-139000,-139000
055450,台積電元富97購01,0,0,0,0,0,0,0,0,0,-139000,0,0,0,43000,182000,-139000,-139000
055176,大毅統一98購02  ,0,0,0,0,0,0,0,0,0,-139000,0,0,0,16000,155000,-139000,-139000
04272P,元上證凱基94售01,0,0,0,0,0,0,0,0,0,-139000,0,0,0,0,139000,-139000,-139000
046185,正崴凱基93購02  ,0,0,0,0,0,0,0,0,0,-139000,0,0,0,0,139000,-139000,-139000
047818,台郡凱基93購04  ,0,0,0,0,0,0,0,0,0,-139000,0,0,0,10000,149000,-139000,-139000
051345,鴻海元大95購09  ,0,0,0,0,0,0,0,0,0,-139000,0,0,0,132000,271000,-139000,-139000
054027,欣興凱基96購04  ,0,0,0,0,0,0,0,0,0,-139000,0,0,0,10000,149000,-139000,-139000
052947,晶技國票97購01  ,0,0,0,0,0,0,0,0,0,-139000,0,0,0,51000,190000,-139000,-139000
057149,京鼎國票99購02  ,0,0,0,0,0,0,0,0,0,-140000,0,0,0,21000,161000,-140000,-140000
048548,緯穎永豐93購02  ,0,0,0,0,0,0,0,0,0,-140000,0,0,0,24000,164000,-140000,-140000
03197P,台積電統一01售14,0,0,0,0,0,0,0,0,0,-140000,0,0,0,0,140000,-140000,-140000
04543P,鴻海富邦95售03  ,0,0,0,0,0,0,0,0,0,-140000,0,0,0,70000,210000,-140000,-140000
051602,南茂兆豐96購01  ,0,0,0,0,0,0,0,0,0,-140000,0,0,0,51000,191000,-140000,-140000
051603,深中小群益99購03,0,0,0,0,0,0,0,0,0,-140000,0,0,0,329000,469000,-140000,-140000
051515,聯發科凱基95購10,0,0,0,0,0,0,0,0,0,-140000,0,0,0,0,140000,-140000,-140000
050254,大立光富邦96購02,0,0,0,0,0,0,0,0,0,-140000,0,0,0,0,140000,-140000,-140000
051915,日月光元大96購01,0,0,0,0,0,0,0,0,0,-140000,0,0,0,10000,150000,-140000,-140000
053332,創意永豐96購03  ,0,0,0,0,0,0,0,0,0,-140000,0,0,0,47000,187000,-140000,-140000
053217,群創凱基99購02  ,0,0,0,0,0,0,0,0,0,-140000,0,0,0,0,140000,-140000,-140000
053861,台光電元大98購01,0,0,0,0,0,0,0,0,0,-140000,0,0,0,1000,141000,-140000,-140000
054861,智邦群益97購01  ,0,0,0,0,0,0,0,0,0,-140000,0,0,0,267000,407000,-140000,-140000
054382,康控群益96購03  ,0,0,0,0,0,0,0,0,0,-140000,0,0,0,146000,286000,-140000,-140000
056462,訊芯凱基98購03  ,0,0,0,0,0,0,0,0,0,-141000,0,0,0,90000,231000,-141000,-141000
049982,嘉晶凱基94購01  ,0,0,0,0,0,0,0,0,0,-141000,0,0,0,116000,257000,-141000,-141000
054928,帆宣凱基98購01  ,0,0,0,0,0,0,0,0,0,-141000,0,0,0,0,141000,-141000,-141000
054316,矽創凱基97購01  ,0,0,0,0,0,0,0,0,0,-141000,0,0,0,63000,204000,-141000,-141000
053164,台光電群益96購02,0,0,0,0,0,0,0,0,0,-141000,0,0,0,0,141000,-141000,-141000
056813,聯茂統一99購01  ,0,0,0,0,0,0,0,0,0,-142000,0,0,0,3000,145000,-142000,-142000
057372,華新科元大99購10,0,0,0,0,0,0,0,0,0,-142000,0,0,0,0,142000,-142000,-142000
057218,可成群益99購03  ,0,0,0,0,0,0,0,0,0,-142000,0,0,0,1000,143000,-142000,-142000
055569,聚陽統一98購01  ,0,0,0,0,0,0,0,0,0,-142000,0,0,0,287000,429000,-142000,-142000
056031,勤誠康和97購02  ,0,0,0,0,0,0,0,0,0,-142000,0,0,0,46000,188000,-142000,-142000
046639,嘉晶永豐93購01  ,0,0,0,0,0,0,0,0,0,-142000,0,0,0,0,142000,-142000,-142000
048878,康控國票95購02  ,0,0,0,0,0,0,0,0,0,-142000,0,0,0,34000,176000,-142000,-142000
053196,康控元富96購01  ,0,0,0,0,0,0,0,0,0,-142000,0,0,0,52000,194000,-142000,-142000
053052,旺宏國票97購02  ,0,0,0,0,0,0,0,0,0,-142000,0,0,0,125000,267000,-142000,-142000
054201,聯詠富邦97購02  ,0,0,0,0,0,0,0,0,0,-142000,0,0,0,0,142000,-142000,-142000
049092,聯茂凱基94購07  ,0,0,0,0,0,0,0,0,0,-143000,0,0,0,10000,153000,-143000,-143000
053860,台積電元大98購03,0,0,0,0,0,0,0,0,0,-143000,0,0,0,76000,219000,-143000,-143000
052550,鴻海國票97購02  ,0,0,0,0,0,0,0,0,0,-143000,0,0,0,20000,163000,-143000,-143000
2606,裕民            ,445000,788000,-343000,0,0,0,0,0,0,200000,200000,0,200000,0,0,0,-143000
2892,第一金          ,2892000,4050552,-1158552,0,0,0,73000,0,73000,942000,945000,3000,942000,0,0,0,-143552
055930,可成群益98購01  ,0,0,0,0,0,0,0,0,0,-144000,0,0,0,31000,175000,-144000,-144000
056313,聯茂元大98購01  ,0,0,0,0,0,0,0,0,0,-144000,0,0,0,115000,259000,-144000,-144000
05114P,臺股指元富95售02,0,0,0,0,0,0,0,0,0,-144000,0,0,0,1000,145000,-144000,-144000
050975,楠梓電統一95購01,0,0,0,0,0,0,0,0,0,-144000,0,0,0,66000,210000,-144000,-144000
048901,矽格國泰95購01  ,0,0,0,0,0,0,0,0,0,-144000,0,0,0,0,144000,-144000,-144000
050928,日月光凱基95購01,0,0,0,0,0,0,0,0,0,-144000,0,0,0,0,144000,-144000,-144000
053354,康控兆豐97購02  ,0,0,0,0,0,0,0,0,0,-144000,0,0,0,137000,281000,-144000,-144000
057087,台郡統一99購01  ,1000,0,1000,0,0,0,0,0,0,-146000,0,0,0,81000,227000,-146000,-145000
056922,全新兆豐99購01  ,0,0,0,0,0,0,0,0,0,-145000,0,0,0,10000,155000,-145000,-145000
051095,貿聯元大95購03  ,0,0,0,0,0,0,0,0,0,-145000,0,0,0,45000,190000,-145000,-145000
051097,嘉聯益元大96購02,0,0,0,0,0,0,0,0,0,-145000,0,0,0,110000,255000,-145000,-145000
049381,欣興元大94購05  ,0,0,0,0,0,0,0,0,0,-145000,0,0,0,5000,150000,-145000,-145000
053135,信邦國票96購01  ,0,0,0,0,0,0,0,0,0,-145000,0,0,0,66000,211000,-145000,-145000
053426,創意永豐96購04  ,0,0,0,0,0,0,0,0,0,-145000,0,0,0,68000,213000,-145000,-145000
054673,京鼎國泰98購01  ,0,0,0,0,0,0,0,0,0,-145000,0,0,0,10000,155000,-145000,-145000
2547,日勝生          ,93000,238000,-145000,0,0,0,0,0,0,0,0,0,0,0,0,0,-145000
06120P,大立光凱基98售05,0,0,0,0,0,0,0,0,0,-145000,0,0,0,85000,230000,-145000,-145000
6668,中揚光          ,24000,69000,-45000,0,0,0,0,100000,-100000,0,0,0,0,0,0,0,-145000
055605,緯穎元大97購02  ,0,0,0,0,0,0,0,0,0,-146000,0,0,0,199000,345000,-146000,-146000
046604,康控群益93購02  ,0,0,0,0,0,0,0,0,0,-146000,0,0,0,74000,220000,-146000,-146000
051724,康控永豐95購03  ,0,0,0,0,0,0,0,0,0,-146000,0,0,0,0,146000,-146000,-146000
053551,可成凱基96購05  ,0,0,0,0,0,0,0,0,0,-146000,0,0,0,10000,156000,-146000,-146000
052461,和大統一95購01  ,0,0,0,0,0,0,0,0,0,-146000,0,0,0,0,146000,-146000,-146000
052922,國巨永豐96購01  ,0,0,0,0,0,0,0,0,0,-146000,0,0,0,30000,176000,-146000,-146000
2913,農林            ,156000,264000,-108000,0,0,0,0,0,0,-38000,1000,0,1000,0,39000,-39000,-146000
05532P,臺股指群益96售05,0,0,0,0,0,0,0,0,0,-147000,0,0,0,13000,160000,-147000,-147000
056045,勤誠凱基97購01  ,0,0,0,0,0,0,0,0,0,-147000,0,0,0,2000,149000,-147000,-147000
054318,台虹凱基98購01  ,0,0,0,0,0,0,0,0,0,-147000,0,0,0,50000,197000,-147000,-147000
06456P,聯發科統一98售03,0,0,0,0,0,0,0,0,0,-147000,0,0,0,0,147000,-147000,-147000
049864,聯發科兆豐94購01,0,0,0,0,0,0,0,0,0,-148000,0,0,0,12000,160000,-148000,-148000
050925,可成凱基95購02  ,0,0,0,0,0,0,0,0,0,-148000,0,0,0,20000,168000,-148000,-148000
052179,康友元大95購03  ,0,0,0,0,0,0,0,0,0,-148000,0,0,0,55000,203000,-148000,-148000
057374,禾伸堂元大99購03,0,0,0,0,0,0,0,0,0,-149000,0,0,0,40000,189000,-149000,-149000
04015P,可成元大93售10  ,0,0,0,0,0,0,0,0,0,-149000,0,0,0,0,149000,-149000,-149000
049778,宏達電統一94購02,0,0,0,0,0,0,0,0,0,-149000,0,0,0,20000,169000,-149000,-149000
054573,漢唐元大98購01  ,0,0,0,0,0,0,0,0,0,-149000,0,0,0,0,149000,-149000,-149000
05268P,玉晶光元大98售01,0,0,0,0,0,0,0,0,0,-149000,0,0,0,17000,166000,-149000,-149000
052851,滬深2X元富96購02,0,0,0,0,0,0,0,0,0,-149000,0,0,0,240000,389000,-149000,-149000
052586,晶豪科永豐96購01,0,0,0,0,0,0,0,0,0,-149000,0,0,0,54000,203000,-149000,-149000
056299,友達元大9B購04  ,0,0,0,0,0,0,0,0,0,-150000,0,0,0,66000,216000,-150000,-150000
056575,禾伸堂元大99購01,0,0,0,0,0,0,0,0,0,-150000,0,0,0,43000,193000,-150000,-150000
055115,日月光凱基98購01,0,0,0,0,0,0,0,0,0,-150000,0,0,0,0,150000,-150000,-150000
047274,華新科永豐93購02,0,0,0,0,0,0,0,0,0,-150000,0,0,0,0,150000,-150000,-150000
04337P,台積電元大93售25,0,0,0,0,0,0,0,0,0,-150000,0,0,0,100000,250000,-150000,-150000
044187,泰鼎國泰93購01  ,0,0,0,0,0,0,0,0,0,-150000,0,0,0,217000,367000,-150000,-150000
051411,聯發科國票95購05,0,0,0,0,0,0,0,0,0,-150000,0,0,0,0,150000,-150000,-150000
050241,聯發科凱基94購14,0,0,0,0,0,0,0,0,0,-150000,0,0,0,0,150000,-150000,-150000
049884,訊芯永豐94購01  ,0,0,0,0,0,0,0,0,0,-150000,0,0,0,0,150000,-150000,-150000
049155,同欣電元大94購01,0,0,0,0,0,0,0,0,0,-150000,0,0,0,0,150000,-150000,-150000
054126,和大元大96購02  ,0,0,0,0,0,0,0,0,0,-150000,0,0,0,0,150000,-150000,-150000
053855,康友國泰98購01  ,0,0,0,0,0,0,0,0,0,-150000,0,0,0,9000,159000,-150000,-150000
054011,旺宏永豐96購05  ,0,0,0,0,0,0,0,0,0,-150000,0,0,0,6000,156000,-150000,-150000
055154,聯發科元大98購01,0,0,0,0,0,0,0,0,0,-151000,0,0,0,233000,384000,-151000,-151000
056480,京鼎元大98購02  ,0,0,0,0,0,0,0,0,0,-151000,0,0,0,60000,211000,-151000,-151000
051098,矽格元大95購01  ,0,0,0,0,0,0,0,0,0,-151000,0,0,0,84000,235000,-151000,-151000
048158,大立光兆豐95購01,0,0,0,0,0,0,0,0,0,-151000,0,0,0,0,151000,-151000,-151000
051647,華新科永豐95購02,0,0,0,0,0,0,0,0,0,-151000,0,0,0,47000,198000,-151000,-151000
053766,友達富邦97購01  ,0,0,0,0,0,0,0,0,0,-151000,0,0,0,214000,365000,-151000,-151000
054718,可成永豐97購01  ,0,0,0,0,0,0,0,0,0,-151000,0,0,0,0,151000,-151000,-151000
053563,台積電富邦97購01,0,0,0,0,0,0,0,0,0,-151000,0,0,0,106000,257000,-151000,-151000
053612,T50反1群益96購01,0,0,0,0,0,0,0,0,0,-151000,0,0,0,0,151000,-151000,-151000
056509,晶相光永豐98購01,0,0,0,0,0,0,0,0,0,-152000,0,0,0,12000,164000,-152000,-152000
057066,緯穎富邦99購01  ,0,0,0,0,0,0,0,0,0,-152000,0,0,0,55000,207000,-152000,-152000
048824,聯發科凱基94購03,0,0,0,0,0,0,0,0,0,-152000,0,0,0,0,152000,-152000,-152000
050836,緯穎凱基95購01  ,0,0,0,0,0,0,0,0,0,-152000,0,0,0,40000,192000,-152000,-152000
054937,國巨元大97購03  ,0,0,0,0,0,0,0,0,0,-152000,0,0,0,102000,254000,-152000,-152000
053809,上銀群益96購02  ,0,0,0,0,0,0,0,0,0,-152000,0,0,0,143000,295000,-152000,-152000
054143,茂林元大96購04  ,0,0,0,0,0,0,0,0,0,-152000,0,0,0,189000,341000,-152000,-152000
06652P,長榮航元大98售01,0,0,0,0,0,0,0,0,0,-152000,0,0,0,0,152000,-152000,-152000
055002,群創元富99購04  ,0,0,0,0,0,0,0,0,0,-153000,0,0,0,30000,183000,-153000,-153000
054816,聯發科元大97購12,0,0,0,0,0,0,0,0,0,-153000,0,0,0,25000,178000,-153000,-153000
055161,貿聯元大98購03  ,0,0,0,0,0,0,0,0,0,-154000,0,0,0,80000,234000,-154000,-154000
055443,台虹國票98購01  ,0,0,0,0,0,0,0,0,0,-154000,0,0,0,1000,155000,-154000,-154000
055840,南亞科元大97購03,0,0,0,0,0,0,0,0,0,-154000,0,0,0,163000,317000,-154000,-154000
051124,創意群益95購01  ,0,0,0,0,0,0,0,0,0,-154000,0,0,0,11000,165000,-154000,-154000
051040,漢唐永豐95購01  ,0,0,0,0,0,0,0,0,0,-154000,0,0,0,0,154000,-154000,-154000
050532,矽創元大94購03  ,0,0,0,0,0,0,0,0,0,-154000,0,0,0,0,154000,-154000,-154000
049031,矽格群益94購01  ,0,0,0,0,0,0,0,0,0,-154000,0,0,0,22000,176000,-154000,-154000
054073,群創富邦96購03  ,0,0,0,0,0,0,0,0,0,-154000,0,0,0,61000,215000,-154000,-154000
053481,同欣電元大97購01,0,0,0,0,0,0,0,0,0,-154000,0,0,0,49000,203000,-154000,-154000
052726,鴻海元富96購03  ,0,0,0,0,0,0,0,0,0,-154000,0,0,0,100000,254000,-154000,-154000
056188,晶相光統一99購01,0,0,0,0,0,0,0,0,0,-155000,0,0,0,0,155000,-155000,-155000
045795,瀚宇博兆豐94購01,0,0,0,0,0,0,0,0,0,-155000,0,0,0,0,155000,-155000,-155000
052977,奇力新麥證97購01,0,0,0,20000,175000,-155000,0,0,0,-155000,0,0,0,20000,175000,-155000,-155000
052376,聯詠元大95購04  ,0,0,0,0,0,0,0,0,0,-155000,0,0,0,48000,203000,-155000,-155000
055787,聯茂凱基99購01  ,0,0,0,0,0,0,0,0,0,-156000,0,0,0,119000,275000,-156000,-156000
055266,京鼎永豐97購01  ,0,0,0,0,0,0,0,0,0,-156000,0,0,0,79000,235000,-156000,-156000
055220,緯穎凱基98購02  ,0,0,0,0,0,0,0,0,0,-156000,0,0,0,178000,334000,-156000,-156000
049018,光罩群益94購01  ,0,0,0,0,0,0,0,0,0,-156000,0,0,0,10000,166000,-156000,-156000
050882,華泰國泰96購01  ,0,0,0,0,0,0,0,0,0,-156000,0,0,0,6000,162000,-156000,-156000
054880,華泰統一97購01  ,0,0,0,0,0,0,0,0,0,-156000,0,0,0,0,156000,-156000,-156000
1712,興農            ,31000,187000,-156000,0,0,0,0,0,0,0,0,0,0,0,0,0,-156000
055534,晶技群益97購03  ,0,0,0,0,0,0,0,0,0,-157000,0,0,0,10000,167000,-157000,-157000
057138,亞德客兆豐98購01,0,0,0,0,0,0,0,0,0,-157000,0,0,0,0,157000,-157000,-157000
056945,鴻海統一98購12  ,0,0,0,0,0,0,0,0,0,-157000,0,0,0,0,157000,-157000,-157000
048699,嘉晶國票95購01  ,0,0,0,0,0,0,0,0,0,-157000,0,0,0,20000,177000,-157000,-157000
051725,緯穎永豐95購02  ,0,0,0,0,0,0,0,0,0,-157000,0,0,0,21000,178000,-157000,-157000
053468,鴻海元大98購01  ,0,0,0,0,0,0,0,0,0,-157000,0,0,0,20000,177000,-157000,-157000
053173,矽格群益97購01  ,0,0,0,0,0,0,0,0,0,-157000,0,0,0,84000,241000,-157000,-157000
2537,聯上發          ,12000,169000,-157000,0,0,0,0,0,0,0,0,0,0,0,0,0,-157000
9910,豐泰            ,362000,569600,-207600,0,0,0,0,0,0,50000,50000,0,50000,0,0,0,-157600
055027,牧德國泰99購01  ,0,0,0,0,0,0,0,0,0,-158000,0,0,0,200000,358000,-158000,-158000
051012,台積電凱基95購04,0,0,0,0,0,0,0,0,0,-158000,0,0,0,10000,168000,-158000,-158000
048195,聯發科元大93購23,0,0,0,0,0,0,0,0,0,-158000,0,0,0,10000,168000,-158000,-158000
047759,復盛元富93購01  ,0,0,0,0,0,0,0,0,0,-158000,0,0,0,85000,243000,-158000,-158000
054948,聯發科元大97購14,0,0,0,0,0,0,0,0,0,-158000,0,0,0,1000,159000,-158000,-158000
053785,聯詠元大96購05  ,0,0,0,0,0,0,0,0,0,-158000,0,0,0,40000,198000,-158000,-158000
055680,美律凱基99購01  ,0,0,0,0,0,0,0,0,0,-159000,0,0,0,0,159000,-159000,-159000
056025,嘉晶群益97購01  ,0,0,0,0,0,0,0,0,0,-159000,0,0,0,400000,559000,-159000,-159000
057265,聯詠兆豐98購01  ,0,0,0,0,0,0,0,0,0,-159000,0,0,0,0,159000,-159000,-159000
050319,康控國票95購04  ,0,0,0,0,0,0,0,0,0,-159000,0,0,0,31000,190000,-159000,-159000
5522,遠雄            ,312000,482000,-170000,0,0,0,0,0,0,11000,11000,0,11000,0,0,0,-159000
05770P,聯發科凱基96售16,0,0,0,0,0,0,0,0,0,-160000,0,0,0,20000,180000,-160000,-160000
05699P,茂林凱基96售05  ,0,0,0,0,0,0,0,0,0,-160000,0,0,0,50000,210000,-160000,-160000
057106,美律群益98購03  ,0,0,0,0,0,0,0,0,0,-160000,0,0,0,18000,178000,-160000,-160000
056555,矽創凱基98購01  ,0,0,0,0,0,0,0,0,0,-160000,0,0,0,38000,198000,-160000,-160000
05660P,玉晶光第一96售01,0,0,0,0,0,0,0,0,0,-160000,0,0,0,0,160000,-160000,-160000
055808,世紀鋼永豐97購01,0,0,0,0,0,0,0,0,0,-160000,0,0,0,112000,272000,-160000,-160000
048127,麗豐元大94購01  ,0,0,0,0,0,0,0,0,0,-160000,0,0,0,0,160000,-160000,-160000
04235P,鴻海群益93售08  ,0,0,0,0,0,0,0,0,0,-160000,0,0,0,55000,215000,-160000,-160000
052092,貿聯元大96購02  ,0,0,0,0,0,0,0,0,0,-160000,0,0,0,40000,200000,-160000,-160000
049017,旺宏群益96購03  ,0,0,0,0,0,0,0,0,0,-160000,0,0,0,28000,188000,-160000,-160000
049529,華新科中信95購01,0,0,0,0,0,0,0,0,0,-160000,0,0,0,145000,305000,-160000,-160000
050016,緯穎富邦95購01  ,0,0,0,0,0,0,0,0,0,-160000,0,0,0,15000,175000,-160000,-160000
049875,台積電永豐94購04,0,0,0,0,0,0,0,0,0,-160000,0,0,0,13000,173000,-160000,-160000
053837,貿聯永豐96購02  ,0,0,0,0,0,0,0,0,0,-160000,0,0,0,10000,170000,-160000,-160000
052363,廣達國票96購01  ,0,0,0,0,0,0,0,0,0,-160000,0,0,0,50000,210000,-160000,-160000
056210,矽創永豐97購02  ,0,0,0,0,0,0,0,0,0,-161000,0,0,0,74000,235000,-161000,-161000
055332,奇力新兆豐98購01,0,0,0,0,0,0,0,0,0,-161000,0,0,0,34000,195000,-161000,-161000
03821P,上海銀統一95售01,0,0,0,0,0,0,0,0,0,-161000,0,0,0,7000,168000,-161000,-161000
049894,嘉聯益富邦98購01,0,0,0,0,0,0,0,0,0,-161000,0,0,0,0,161000,-161000,-161000
053925,群創國票98購01  ,0,0,0,0,0,0,0,0,0,-161000,0,0,0,40000,201000,-161000,-161000
05440P,緯穎國票96售02  ,0,0,0,0,0,0,0,0,0,-161000,0,0,0,0,161000,-161000,-161000
06371P,茂林國票98售04  ,0,0,0,0,0,0,0,0,0,-161000,0,0,0,0,161000,-161000,-161000
055881,康控元富97購01  ,0,0,0,0,0,0,0,0,0,-162000,0,0,0,168000,330000,-162000,-162000
056656,華邦電元大98購02,0,0,0,0,0,0,0,0,0,-162000,0,0,0,0,162000,-162000,-162000
056450,可成凱基98購05  ,0,0,0,0,0,0,0,0,0,-162000,0,0,0,10000,172000,-162000,-162000
056388,勤誠國泰99購01  ,0,0,0,0,0,0,0,0,0,-162000,0,0,0,0,162000,-162000,-162000
057114,台虹群益98購01  ,0,0,0,0,0,0,0,0,0,-162000,0,0,0,0,162000,-162000,-162000
050765,鴻海元大96購02  ,0,0,0,0,0,0,0,0,0,-162000,0,0,0,521000,683000,-162000,-162000
06013P,世芯國泰97售03  ,0,0,0,0,0,0,0,0,0,-162000,0,0,0,55000,217000,-162000,-162000
056403,茂林群益98購01  ,0,0,0,0,0,0,0,0,0,-163000,0,0,0,363000,526000,-163000,-163000
051733,中環國票96購02  ,0,0,0,0,0,0,0,0,0,-163000,0,0,0,0,163000,-163000,-163000
052207,台郡中信95購02  ,0,0,0,0,0,0,0,0,0,-163000,0,0,0,109000,272000,-163000,-163000
049438,嘉晶國泰96購01  ,0,0,0,0,0,0,0,0,0,-163000,0,0,0,5000,168000,-163000,-163000
053799,矽創中信9A購01  ,0,0,0,0,0,0,0,0,0,-163000,0,0,0,71000,234000,-163000,-163000
052898,樺漢群益96購01  ,0,0,0,0,0,0,0,0,0,-163000,0,0,0,11000,174000,-163000,-163000
053666,臺股指凱基96購29,0,0,0,0,0,0,0,0,0,-163000,0,0,0,10000,173000,-163000,-163000
4746,台耀            ,19000,188000,-169000,0,0,0,0,0,0,6000,6000,0,6000,0,0,0,-163000
055421,玉晶光永豐98購04,0,0,0,0,0,0,0,0,0,-164000,0,0,0,0,164000,-164000,-164000
055310,聯詠群益97購02  ,0,0,0,0,0,0,0,0,0,-164000,0,0,0,105000,269000,-164000,-164000
051027,楠梓電元富95購01,0,0,0,0,0,0,0,0,0,-165000,0,0,0,0,165000,-165000,-165000
054503,京鼎永豐96購04  ,0,0,0,0,0,0,0,0,0,-165000,0,0,0,1000,166000,-165000,-165000
055500,京鼎元大97購04  ,0,0,0,0,0,0,0,0,0,-166000,0,0,0,81000,247000,-166000,-166000
056145,緯穎元大98購03  ,0,0,0,0,0,0,0,0,0,-166000,0,0,0,92000,258000,-166000,-166000
056048,同欣電兆豐97購01,0,0,0,0,0,0,0,0,0,-166000,0,0,0,11000,177000,-166000,-166000
050238,瑞昱凱基94購05  ,0,0,0,0,0,0,0,0,0,-166000,0,0,0,39000,205000,-166000,-166000
054504,聯鈞永豐96購01  ,0,0,0,0,0,0,0,0,0,-166000,0,0,0,129000,295000,-166000,-166000
054317,昇陽半凱基98購01,0,0,0,0,0,0,0,0,0,-166000,0,0,0,94000,260000,-166000,-166000
052744,聯詠元大97購01  ,0,0,0,0,0,0,0,0,0,-166000,0,0,0,45000,211000,-166000,-166000
1789,神隆            ,320000,486000,-166000,0,0,0,0,0,0,0,0,0,0,0,0,0,-166000
1604,聲寶            ,7000,173000,-166000,0,0,0,0,0,0,0,0,0,0,0,0,0,-166000
055743,TPK元富98購01   ,0,0,0,0,0,0,0,0,0,-167000,0,0,0,0,167000,-167000,-167000
055278,旺宏元大98購05  ,0,0,0,0,0,0,0,0,0,-167000,0,0,0,328000,495000,-167000,-167000
040760,T50反1凱基95購01,0,0,0,0,0,0,0,0,0,-167000,0,0,0,0,167000,-167000,-167000
052227,瑞昱凱基95購05  ,0,0,0,0,0,0,0,0,0,-167000,0,0,0,186000,353000,-167000,-167000
048857,晶豪科群益94購01,0,0,0,0,0,0,0,0,0,-167000,0,0,0,22000,189000,-167000,-167000
05495P,大立光統一95售07,0,0,0,0,0,0,0,0,0,-167000,0,0,0,94000,261000,-167000,-167000
1476,儒鴻            ,98000,260000,-162000,0,0,0,0,0,0,-5000,4000,2000,2000,1000,8000,-7000,-167000
3380,明泰            ,448000,365000,83000,0,0,0,0,0,0,-250000,20000,32000,-12000,10000,248000,-238000,-167000
055219,啟碁凱基98購01  ,0,0,0,0,0,0,0,0,0,-168000,0,0,0,0,168000,-168000,-168000
056100,楠梓電永豐97購02,0,0,0,0,0,0,0,0,0,-168000,0,0,0,80000,248000,-168000,-168000
00670L,富邦NASDAQ正2   ,0,0,0,0,0,0,0,0,0,-168000,83000,0,83000,125000,376000,-251000,-168000
048641,美律元大94購01  ,0,0,0,0,0,0,0,0,0,-168000,0,0,0,0,168000,-168000,-168000
054955,宏達電元大98購01,0,0,0,0,0,0,0,0,0,-168000,0,0,0,52000,220000,-168000,-168000
2617,台航            ,9000,177000,-168000,0,0,0,0,0,0,0,0,0,0,0,0,0,-168000
055412,旺宏富邦99購01  ,0,0,0,0,0,0,0,0,0,-169000,0,0,0,12000,181000,-169000,-169000
046476,鴻海統一96購01  ,0,0,0,0,0,0,0,0,0,-169000,0,0,0,110000,279000,-169000,-169000
054589,聯鈞國泰99購01  ,0,0,0,0,0,0,0,0,0,-169000,0,0,0,591000,760000,-169000,-169000
053561,玉晶光國泰98購01,0,0,0,0,0,0,0,0,0,-169000,0,0,0,227000,396000,-169000,-169000
2412,中華電          ,619494,727246,-107752,0,0,0,36000,120000,-84000,22000,22000,0,22000,0,0,0,-169752
055097,福懋科群益97購01,0,0,0,0,0,0,0,0,0,-170000,0,0,0,55000,225000,-170000,-170000
05718P,國巨元大96售09  ,0,0,0,0,0,0,0,0,0,-170000,0,0,0,10000,180000,-170000,-170000
053483,嘉澤第一96購01  ,0,0,0,0,0,0,0,0,0,-170000,0,0,0,0,170000,-170000,-170000
053122,美律凱基98購01  ,0,0,0,0,0,0,0,0,0,-170000,0,0,0,17000,187000,-170000,-170000
052687,國泰金元大96購03,0,0,0,0,0,0,0,0,0,-170000,0,0,0,10000,180000,-170000,-170000
056243,創意群益97購03  ,0,0,0,0,0,0,0,0,0,-171000,0,0,0,65000,236000,-171000,-171000
055621,國巨國泰98購03  ,0,0,0,0,0,0,0,0,0,-171000,0,0,0,0,171000,-171000,-171000
05585P,臺股指凱基96售14,0,0,0,0,0,0,0,0,0,-171000,0,0,0,1000,172000,-171000,-171000
044457,滬深2X國票97購01,0,0,0,0,0,0,0,0,0,-171000,0,0,0,0,171000,-171000,-171000
050732,台虹國票94購01  ,0,0,0,0,0,0,0,0,0,-171000,0,0,0,0,171000,-171000,-171000
056353,鴻海元大99購02  ,0,0,0,0,0,0,0,0,0,-172000,0,0,0,64000,236000,-172000,-172000
049917,華新科元大94購02,0,0,0,0,0,0,0,0,0,-172000,0,0,0,22000,194000,-172000,-172000
049509,台達電凱基94購07,0,0,0,0,0,0,0,0,0,-172000,0,0,0,0,172000,-172000,-172000
049316,茂林凱基94購02  ,0,0,0,0,0,0,0,0,0,-172000,0,0,0,3000,175000,-172000,-172000
053568,智伸科富邦98購01,0,0,0,0,0,0,0,0,0,-172000,0,0,0,22000,194000,-172000,-172000
053625,國巨兆豐96購03  ,0,0,0,0,0,0,0,0,0,-172000,0,0,0,36000,208000,-172000,-172000
05374P,台積電國票96售07,0,0,0,0,0,0,0,0,0,-172000,0,0,0,28000,200000,-172000,-172000
4904,遠傳            ,2017000,2172169,-155169,0,0,0,0,0,0,-17000,13000,30000,-17000,0,0,0,-172169
04456P,日月光統一94售01,0,0,0,0,0,0,0,0,0,-173000,0,0,0,0,173000,-173000,-173000
048898,晶相光國泰96購01,0,0,0,0,0,0,0,0,0,-173000,0,0,0,52000,225000,-173000,-173000
051644,聯茂康和95購01  ,0,0,0,0,0,0,0,0,0,-173000,0,0,0,0,173000,-173000,-173000
053386,聯詠元大96購03  ,0,0,0,0,0,0,0,0,0,-173000,0,0,0,114000,287000,-173000,-173000
05862P,大立光國泰98售01,0,0,0,0,0,0,0,0,0,-174000,0,0,0,111000,285000,-174000,-174000
055250,華新科統一97購02,0,0,0,0,0,0,0,0,0,-174000,0,0,0,118000,292000,-174000,-174000
055580,南茂統一97購01  ,0,0,0,0,0,0,0,0,0,-174000,0,0,0,7000,181000,-174000,-174000
049217,智邦國票95購01  ,0,0,0,0,0,0,0,0,0,-174000,0,0,0,39000,213000,-174000,-174000
053162,緯穎元大97購01  ,0,0,0,0,0,0,0,0,0,-174000,0,0,0,290000,464000,-174000,-174000
056612,台積電永豐98購01,0,0,0,0,0,0,0,0,0,-175000,0,0,0,0,175000,-175000,-175000
047312,聯發科元大93購13,0,0,0,0,0,0,0,0,0,-175000,0,0,0,25000,200000,-175000,-175000
051506,台積電元富95購06,0,0,0,0,0,0,0,0,0,-175000,0,0,0,839000,1014000,-175000,-175000
054009,欣興元富96購03  ,0,0,0,0,0,0,0,0,0,-175000,0,0,0,30000,205000,-175000,-175000
2601,益航            ,94000,270000,-176000,0,0,0,0,0,0,1000,1000,0,1000,0,0,0,-175000
06378P,國巨統一97售08  ,0,0,0,0,0,0,0,0,0,-175000,0,0,0,136000,311000,-175000,-175000
047074,大立光兆豐94購02,0,0,0,0,0,0,0,0,0,-176000,0,0,0,0,176000,-176000,-176000
051802,同欣電永豐95購02,0,0,0,0,0,0,0,0,0,-176000,0,0,0,0,176000,-176000,-176000
049244,亞光元富94購01  ,0,0,0,0,0,0,0,0,0,-176000,0,0,0,0,176000,-176000,-176000
06477P,緯穎國票99售02  ,0,0,0,0,0,0,0,0,0,-176000,0,0,0,29000,205000,-176000,-176000
06498P,臺股指元大9A售03,0,0,0,0,0,0,0,0,0,-176000,0,0,0,15000,191000,-176000,-176000
056782,鴻海群益98購04  ,0,0,0,0,0,0,0,0,0,-177000,0,0,0,27000,204000,-177000,-177000
057089,奇力新元富98購01,0,0,0,0,0,0,0,0,0,-177000,0,0,0,161000,338000,-177000,-177000
051195,台郡中信95購01  ,0,0,0,0,0,0,0,0,0,-177000,0,0,0,136000,313000,-177000,-177000
047285,鴻海統一95購02  ,0,0,0,0,0,0,0,0,0,-177000,0,0,0,245000,422000,-177000,-177000
054490,臻鼎台新96購02  ,0,0,0,0,0,0,0,0,0,-177000,0,0,0,76000,253000,-177000,-177000
2801,彰銀            ,1524000,1772962,-248962,0,0,0,44000,0,44000,27000,0,0,0,33000,6000,27000,-177962
054812,鴻海元大97購08  ,0,0,0,0,0,0,0,0,0,-178000,0,0,0,533000,711000,-178000,-178000
052738,聯電元大98購02  ,0,0,0,0,0,0,0,0,0,-178000,0,0,0,52000,230000,-178000,-178000
06246P,茂林元富97售03  ,0,0,0,0,0,0,0,0,0,-178000,0,0,0,264000,442000,-178000,-178000
4426,利勤            ,62000,240000,-178000,0,0,0,0,0,0,0,0,0,0,0,0,0,-178000
056961,凱美永豐98購01  ,0,0,0,0,0,0,0,0,0,-179000,0,0,0,0,179000,-179000,-179000
2505,國揚            ,24000,190000,-166000,0,0,0,0,0,0,-13000,0,0,0,0,13000,-13000,-179000
055793,臺股指凱基97購16,0,0,0,0,0,0,0,0,0,-180000,0,0,0,0,180000,-180000,-180000
03642C,臺股指元大94牛27,0,0,0,0,0,0,0,0,0,-180000,0,0,0,0,180000,-180000,-180000
04705P,臺股指統一95售02,0,0,0,0,0,0,0,0,0,-180000,0,0,0,0,180000,-180000,-180000
05180P,玉晶光凱基95售04,0,0,0,0,0,0,0,0,0,-180000,0,0,0,10000,190000,-180000,-180000
051507,彩晶元富95購01  ,0,0,0,0,0,0,0,0,0,-180000,0,0,0,0,180000,-180000,-180000
052804,淘帝元大96購01  ,0,0,0,0,0,0,0,0,0,-180000,0,0,0,0,180000,-180000,-180000
06138P,台積電中信99售01,0,0,0,0,0,0,0,0,0,-180000,0,0,0,0,180000,-180000,-180000
06151P,華新科元大97售07,0,0,0,0,0,0,0,0,0,-180000,0,0,0,275000,455000,-180000,-180000
08484P,台灣50中信96售01,0,0,0,0,0,0,0,0,0,-180000,0,0,0,0,180000,-180000,-180000
057380,技嘉國泰9A購01  ,0,0,0,0,0,0,0,0,0,-181000,0,0,0,51000,232000,-181000,-181000
056585,台積電統一9A購01,0,0,0,0,0,0,0,0,0,-181000,0,0,0,0,181000,-181000,-181000
049899,台積電元富94購05,0,0,0,0,0,0,0,0,0,-181000,0,0,0,250000,431000,-181000,-181000
053696,日月光元大96購05,0,0,0,0,0,0,0,0,0,-181000,0,0,0,0,181000,-181000,-181000
054865,可成群益97購01  ,0,0,0,0,0,0,0,0,0,-181000,0,0,0,40000,221000,-181000,-181000
049537,元石油群益97購01,0,0,0,0,0,0,0,0,0,-182000,0,0,0,1000,183000,-182000,-182000
04930P,國巨統一94售08  ,0,0,0,0,0,0,0,0,0,-182000,0,0,0,148000,330000,-182000,-182000
050218,世紀鋼統一94購02,0,0,0,0,0,0,0,0,0,-182000,0,0,0,88000,270000,-182000,-182000
053626,台積電兆豐96購03,0,0,0,0,0,0,0,0,0,-182000,0,0,0,111000,293000,-182000,-182000
050914,健鼎中信95購01  ,0,0,0,0,0,0,0,0,0,-183000,0,0,0,0,183000,-183000,-183000
052057,臺股指凱基95購15,0,0,0,0,0,0,0,0,0,-183000,0,0,0,1000,184000,-183000,-183000
056939,康控元富98購01  ,0,0,0,0,0,0,0,0,0,-184000,0,0,0,7000,191000,-184000,-184000
055489,瑞昱元大97購02  ,0,0,0,0,0,0,0,0,0,-184000,0,0,0,11000,195000,-184000,-184000
045632,正崴凱基93購01  ,0,0,0,0,0,0,0,0,0,-184000,0,0,0,0,184000,-184000,-184000
053341,聯發科國票97購03,0,0,0,0,0,0,0,0,0,-184000,0,0,0,67000,251000,-184000,-184000
05497P,聯詠統一96售01  ,0,0,0,0,0,0,0,0,0,-184000,0,0,0,6000,190000,-184000,-184000
051924,聯茂日盛95購01  ,0,0,0,0,0,0,0,0,0,-185000,0,0,0,97000,282000,-185000,-185000
056605,台積電富邦9B購02,0,0,0,0,0,0,0,0,0,-186000,0,0,0,0,186000,-186000,-186000
056635,亞德客日盛99購01,0,0,0,0,0,0,0,0,0,-186000,0,0,0,49000,235000,-186000,-186000
047289,啟碁統一97購01  ,0,0,0,0,0,0,0,0,0,-186000,0,0,0,0,186000,-186000,-186000
055478,訊芯凱基97購01  ,0,0,0,0,0,0,0,0,0,-187000,0,0,0,93000,280000,-187000,-187000
055532,中工群益98購01  ,0,0,0,0,0,0,0,0,0,-187000,0,0,0,0,187000,-187000,-187000
04104P,臺股指國票93售11,0,0,0,0,0,0,0,0,0,-187000,0,0,0,128000,315000,-187000,-187000
048475,台郡永豐93購02  ,0,0,0,0,0,0,0,0,0,-187000,0,0,0,116000,303000,-187000,-187000
051684,瑞昱凱基95購02  ,0,0,0,0,0,0,0,0,0,-187000,0,0,0,77000,264000,-187000,-187000
054890,聯鈞統一99購01  ,0,0,0,0,0,0,0,0,0,-187000,0,0,0,55000,242000,-187000,-187000
054315,訊芯凱基98購01  ,0,0,0,0,0,0,0,0,0,-187000,0,0,0,90000,277000,-187000,-187000
052456,滬深2X元富9B購03,0,0,0,0,0,0,0,0,0,-187000,0,0,0,65000,252000,-187000,-187000
055525,國巨群益98購05  ,0,0,0,0,0,0,0,0,0,-188000,0,0,0,158000,346000,-188000,-188000
055791,臺股指凱基97購14,0,0,0,0,0,0,0,0,0,-188000,0,0,0,0,188000,-188000,-188000
055926,國巨群益98購06  ,0,0,0,0,0,0,0,0,0,-188000,0,0,0,1000,189000,-188000,-188000
055708,茂林永豐97購02  ,0,0,0,0,0,0,0,0,0,-188000,0,0,0,18000,206000,-188000,-188000
057134,茂林凱基98購02  ,0,0,0,0,0,0,0,0,0,-188000,0,0,0,0,188000,-188000,-188000
053569,漢唐統一98購01  ,0,0,0,0,0,0,0,0,0,-188000,0,0,0,0,188000,-188000,-188000
054574,美律元大99購01  ,0,0,0,0,0,0,0,0,0,-188000,0,0,0,131000,319000,-188000,-188000
055694,光罩國票98購01  ,0,0,0,0,0,0,0,0,0,-189000,0,0,0,20000,209000,-189000,-189000
048279,聯鈞永豐93購01  ,0,0,0,0,0,0,0,0,0,-189000,0,0,0,184000,373000,-189000,-189000
050240,聯發科凱基94購13,0,0,0,0,0,0,0,0,0,-189000,0,0,0,2000,191000,-189000,-189000
054020,技嘉台新97購01  ,0,0,0,0,0,0,0,0,0,-189000,0,0,0,391000,580000,-189000,-189000
8422,可寧衛          ,71000,260000,-189000,0,0,0,0,0,0,0,0,0,0,0,0,0,-189000
055426,旺宏群益99購02  ,0,0,0,0,0,0,0,0,0,-190000,0,0,0,97000,287000,-190000,-190000
055192,世芯元富97購01  ,0,0,0,0,0,0,0,0,0,-190000,0,0,0,91000,281000,-190000,-190000
055159,玉晶光元大98購05,0,0,0,0,0,0,0,0,0,-190000,0,0,0,0,190000,-190000,-190000
056773,晶技元大99購03  ,0,0,0,0,0,0,0,0,0,-190000,0,0,0,48000,238000,-190000,-190000
048286,滬深2X兆豐94購04,0,0,0,0,0,0,0,0,0,-190000,0,0,0,15000,205000,-190000,-190000
04780P,大立光凱基94售11,0,0,0,0,0,0,0,0,0,-190000,0,0,0,0,190000,-190000,-190000
051868,貿聯凱基96購01  ,0,0,0,0,0,0,0,0,0,-190000,0,0,0,20000,210000,-190000,-190000
052121,全新國票96購03  ,0,0,0,0,0,0,0,0,0,-190000,0,0,0,10000,200000,-190000,-190000
057085,立積統一9B購02  ,0,0,0,0,0,0,0,0,0,-191000,0,0,0,7000,198000,-191000,-191000
055195,昇陽半元富97購02,0,0,0,0,0,0,0,0,0,-191000,0,0,0,0,191000,-191000,-191000
056007,上銀中信97購02  ,0,0,0,0,0,0,0,0,0,-191000,0,0,0,25000,216000,-191000,-191000
045369,康控兆豐93購01  ,0,0,0,0,0,0,0,0,0,-191000,0,0,0,0,191000,-191000,-191000
052805,晶技元大97購01  ,0,0,0,0,0,0,0,0,0,-191000,0,0,0,23000,214000,-191000,-191000
055152,旺宏元大98購04  ,0,0,0,0,0,0,0,0,0,-192000,0,0,0,379000,571000,-192000,-192000
052814,上証2X永豐96購02,0,0,0,0,0,0,0,0,0,-192000,0,0,0,506000,698000,-192000,-192000
054709,宏達電統一97購01,0,0,0,0,0,0,0,0,0,-192000,0,0,0,182000,374000,-192000,-192000
056207,茂林永豐97購03  ,0,0,0,0,0,0,0,0,0,-193000,0,0,0,36000,229000,-193000,-193000
057263,可成兆豐99購01  ,0,0,0,0,0,0,0,0,0,-193000,0,0,0,0,193000,-193000,-193000
054886,大毅統一97購01  ,0,0,0,0,0,0,0,0,0,-193000,0,0,0,60000,253000,-193000,-193000
054952,大毅元大97購02  ,0,0,0,0,0,0,0,0,0,-193000,0,0,0,58000,251000,-193000,-193000
052375,奇力新元大96購02,0,0,0,0,0,0,0,0,0,-193000,0,0,0,174000,367000,-193000,-193000
06564P,國巨富邦9A售04  ,0,0,0,0,0,0,0,0,0,-193000,0,0,0,7000,200000,-193000,-193000
06006P,欣興永豐96售04  ,0,0,0,0,0,0,0,0,0,-193000,0,0,0,109000,302000,-193000,-193000
048248,聯發科兆豐95購01,0,0,0,0,0,0,0,0,0,-194000,0,0,0,0,194000,-194000,-194000
055039,神達富邦99購01  ,0,0,0,0,0,0,0,0,0,-195000,0,0,0,225000,420000,-195000,-195000
00693U,街口S&P黃豆     ,154000,0,154000,0,0,0,0,0,0,-349000,0,0,0,30000,379000,-349000,-195000
052020,聯茂永豐95購02  ,0,0,0,0,0,0,0,0,0,-195000,0,0,0,40000,235000,-195000,-195000
051816,臺股指凱基95購07,0,0,0,0,0,0,0,0,0,-195000,0,0,0,0,195000,-195000,-195000
054878,和大統一97購02  ,0,0,0,0,0,0,0,0,0,-195000,0,0,0,72000,267000,-195000,-195000
054509,上証反元大99購01,0,0,0,0,0,0,0,0,0,-195000,0,0,0,137000,332000,-195000,-195000
056348,S&P反1元大9A購01,0,0,0,0,0,0,0,0,0,-196000,0,0,0,0,196000,-196000,-196000
048626,矽創台新93購01  ,0,0,0,0,0,0,0,0,0,-196000,0,0,0,75000,271000,-196000,-196000
050570,聯發科中信97購02,0,0,0,0,0,0,0,0,0,-196000,0,0,0,0,196000,-196000,-196000
054458,復盛群益96購01  ,0,0,0,0,0,0,0,0,0,-196000,0,0,0,137000,333000,-196000,-196000
056988,聚陽兆豐98購01  ,0,0,0,0,0,0,0,0,0,-197000,0,0,0,439000,636000,-197000,-197000
053088,奇鋐元大98購01  ,0,0,0,0,0,0,0,0,0,-197000,0,0,0,202000,399000,-197000,-197000
055283,聯發科元大97購16,0,0,0,0,0,0,0,0,0,-198000,0,0,0,255000,453000,-198000,-198000
049703,訊芯元大95購01  ,0,0,0,0,0,0,0,0,0,-198000,0,0,0,15000,213000,-198000,-198000
050893,鴻海元大96購03  ,0,0,0,0,0,0,0,0,0,-198000,0,0,0,61000,259000,-198000,-198000
052108,鴻海元富95購11  ,0,0,0,0,0,0,0,0,0,-198000,0,0,0,0,198000,-198000,-198000
053574,奇力新元富99購01,0,0,0,0,0,0,0,0,0,-198000,0,0,0,117000,315000,-198000,-198000
053522,臺股指群益99購01,0,0,0,0,0,0,0,0,0,-198000,0,0,0,71000,269000,-198000,-198000
9946,三發地產        ,80000,278000,-198000,0,0,0,0,0,0,0,0,0,0,0,0,0,-198000
05598P,國巨元富96售03  ,0,0,0,0,0,0,0,0,0,-199000,0,0,0,0,199000,-199000,-199000
04022P,群創元富96售04  ,0,0,0,0,0,0,0,0,0,-199000,0,0,0,0,199000,-199000,-199000
050653,聯鈞凱基96購01  ,0,0,0,0,0,0,0,0,0,-199000,0,0,0,68000,267000,-199000,-199000
054733,鴻海凱基98購04  ,0,0,0,0,0,0,0,0,0,-199000,0,0,0,0,199000,-199000,-199000
06162P,大立光群益97售02,0,0,0,0,0,0,0,0,0,-199000,0,0,0,515000,714000,-199000,-199000
05869P,旺宏凱基96售05  ,0,0,0,0,0,0,0,0,0,-200000,0,0,0,9000,209000,-200000,-200000
056817,國巨永豐98購04  ,0,0,0,0,0,0,0,0,0,-200000,0,0,0,0,200000,-200000,-200000
03647C,T50反1元富99牛02,0,0,0,0,0,0,0,0,0,-200000,0,0,0,0,200000,-200000,-200000
045571,元油2X元大95購04,0,0,0,0,0,0,0,0,0,-200000,0,0,0,0,200000,-200000,-200000
04779P,大立光凱基94售10,0,0,0,0,0,0,0,0,0,-200000,0,0,0,0,200000,-200000,-200000
049079,聯發科凱基94購04,0,0,0,0,0,0,0,0,0,-200000,0,0,0,0,200000,-200000,-200000
052091,緯創元大95購04  ,0,0,0,0,0,0,0,0,0,-200000,0,0,0,0,200000,-200000,-200000
052196,TPK元富95購01   ,0,0,0,0,0,0,0,0,0,-200000,0,0,0,0,200000,-200000,-200000
05008P,大立光元富95售05,0,0,0,0,0,0,0,0,0,-200000,0,0,0,0,200000,-200000,-200000
050591,智易永豐94購04  ,0,0,0,0,0,0,0,0,0,-200000,0,0,0,0,200000,-200000,-200000
054566,貿聯群益97購02  ,0,0,0,0,0,0,0,0,0,-200000,0,0,0,0,200000,-200000,-200000
053909,致伸凱基97購01  ,0,0,0,0,0,0,0,0,0,-200000,0,0,0,0,200000,-200000,-200000
053389,彩晶元大98購01  ,0,0,0,0,0,0,0,0,0,-200000,0,0,0,100000,300000,-200000,-200000
053227,晶技台新96購01  ,0,0,0,0,0,0,0,0,0,-200000,0,0,0,32000,232000,-200000,-200000
06604P,聯發科元富02售02,0,0,0,0,0,0,0,0,0,-200000,0,0,0,0,200000,-200000,-200000
06536P,臺股指群益98售04,0,0,0,0,0,0,0,0,0,-200000,0,0,0,0,200000,-200000,-200000
08163P,T50正2中信95售01,0,0,0,0,0,0,0,0,0,-200000,0,0,0,0,200000,-200000,-200000
06635P,聯發科凱基98售15,0,0,0,0,0,0,0,0,0,-200000,0,0,0,0,200000,-200000,-200000
06621P,欣興元大98售06  ,0,0,0,0,0,0,0,0,0,-200000,0,0,0,15000,215000,-200000,-200000
055515,聚陽中信9A購01  ,0,0,0,0,0,0,0,0,0,-201000,0,0,0,15000,216000,-201000,-201000
055493,華新科元大97購09,0,0,0,0,0,0,0,0,0,-201000,0,0,0,82000,283000,-201000,-201000
051283,亞德客統一95購01,0,0,0,0,0,0,0,0,0,-201000,0,0,0,60000,261000,-201000,-201000
04875P,台積電中信94售04,0,0,0,0,0,0,0,0,0,-201000,0,0,0,0,201000,-201000,-201000
054394,奇力新永豐96購03,0,0,0,0,0,0,0,0,0,-201000,0,0,0,31000,232000,-201000,-201000
06577P,聯發科日盛9A售02,0,0,0,0,0,0,0,0,0,-201000,0,0,0,22000,223000,-201000,-201000
2352,佳世達          ,1149000,1360094,-211094,0,0,0,0,0,0,10000,10000,0,10000,0,0,0,-201094
050451,嘉晶元大95購01  ,0,0,0,0,0,0,0,0,0,-202000,0,0,0,172000,374000,-202000,-202000
054927,帆宣凱基97購01  ,0,0,0,0,0,0,0,0,0,-202000,0,0,0,0,202000,-202000,-202000
056751,和大兆豐98購01  ,0,0,0,0,0,0,0,0,0,-203000,0,0,0,140000,343000,-203000,-203000
054160,華泰凱基98購01  ,0,0,0,0,0,0,0,0,0,-203000,0,0,0,0,203000,-203000,-203000
05744P,台表科元大96售04,0,0,0,0,0,0,0,0,0,-204000,0,0,0,0,204000,-204000,-204000
056942,昇陽半元富98購01,0,0,0,0,0,0,0,0,0,-204000,0,0,0,30000,234000,-204000,-204000
055491,奇力新元大98購03,0,0,0,0,0,0,0,0,0,-204000,0,0,0,44000,248000,-204000,-204000
055271,鴻海元大98購03  ,0,0,0,0,0,0,0,0,0,-204000,0,0,0,50000,254000,-204000,-204000
055768,臺股指群益97購06,0,0,0,0,0,0,0,0,0,-204000,0,0,0,0,204000,-204000,-204000
051165,可成元大95購01  ,0,0,0,0,0,0,0,0,0,-204000,0,0,0,10000,214000,-204000,-204000
051112,台郡統一95購01  ,0,0,0,0,0,0,0,0,0,-204000,0,0,0,0,204000,-204000,-204000
057328,京鼎群益99購02  ,0,0,0,0,0,0,0,0,0,-205000,0,0,0,0,205000,-205000,-205000
056743,貿聯凱基98購04  ,0,0,0,0,0,0,0,0,0,-205000,0,0,0,0,205000,-205000,-205000
056675,聯發科元富02購01,0,0,0,0,0,0,0,0,0,-205000,0,0,0,0,205000,-205000,-205000
049651,訊芯凱基94購04  ,0,0,0,0,0,0,0,0,0,-205000,0,0,0,0,205000,-205000,-205000
052142,滬深2X群益99購04,0,0,0,0,0,0,0,0,0,-205000,0,0,0,0,205000,-205000,-205000
051968,勤誠永豐95購01  ,0,0,0,0,0,0,0,0,0,-205000,0,0,0,80000,285000,-205000,-205000
048894,光罩國泰94購01  ,0,0,0,0,0,0,0,0,0,-205000,0,0,0,0,205000,-205000,-205000
05378P,台積電凱基96售02,0,0,0,0,0,0,0,0,0,-205000,0,0,0,0,205000,-205000,-205000
054831,緯穎國泰98購01  ,0,0,0,0,0,0,0,0,0,-205000,0,0,0,27000,232000,-205000,-205000
053588,聯發科元大97購07,0,0,0,0,0,0,0,0,0,-205000,0,0,0,57000,262000,-205000,-205000
056584,鴻海統一9B購01  ,0,0,0,0,0,0,0,0,0,-206000,0,0,0,46000,252000,-206000,-206000
052878,台虹凱基96購01  ,0,0,0,0,0,0,0,0,0,-206000,0,0,0,190000,396000,-206000,-206000
054237,茂林群益97購01  ,0,0,0,0,0,0,0,0,0,-206000,0,0,0,404000,610000,-206000,-206000
3056,總太            ,70000,276000,-206000,0,0,0,0,0,0,0,0,0,0,0,0,0,-206000
055223,和大國票98購01  ,0,0,0,0,0,0,0,0,0,-207000,0,0,0,19000,226000,-207000,-207000
049978,瑞昱凱基94購04  ,0,0,0,0,0,0,0,0,0,-207000,0,0,0,0,207000,-207000,-207000
053077,同欣電永豐96購01,0,0,0,0,0,0,0,0,0,-207000,0,0,0,0,207000,-207000,-207000
055411,國巨富邦9A購02  ,0,0,0,0,0,0,0,0,0,-208000,0,0,0,451000,659000,-208000,-208000
057002,友達國票98購01  ,0,0,0,0,0,0,0,0,0,-208000,0,0,0,23000,231000,-208000,-208000
057144,南電兆豐98購01  ,0,0,0,0,0,0,0,0,0,-208000,0,0,0,89000,297000,-208000,-208000
048143,聯發科統一94購03,0,0,0,0,0,0,0,0,0,-208000,0,0,0,0,208000,-208000,-208000
045858,元油2X統一94購02,0,0,0,0,0,0,0,0,0,-208000,0,0,0,0,208000,-208000,-208000
04249P,大立光統一94售04,0,0,0,0,0,0,0,0,0,-208000,0,0,0,0,208000,-208000,-208000
049258,美律元大94購03  ,0,0,0,0,0,0,0,0,0,-208000,0,0,0,0,208000,-208000,-208000
054189,貿聯永豐96購03  ,0,0,0,0,0,0,0,0,0,-208000,0,0,0,5000,213000,-208000,-208000
054427,潤泰全富邦97購01,0,0,0,0,0,0,0,0,0,-208000,0,0,0,176000,384000,-208000,-208000
046294,台勝科統一92購01,0,0,0,0,0,0,0,0,0,-209000,0,0,0,0,209000,-209000,-209000
04655P,臺股指凱基94售14,0,0,0,0,0,0,0,0,0,-209000,0,0,0,0,209000,-209000,-209000
3042,晶技            ,546000,1579000,-1033000,0,0,0,0,0,0,824000,729000,0,729000,207000,112000,95000,-209000
2340,光磊            ,289000,130000,159000,0,0,0,0,0,0,-368000,11000,14000,-3000,41000,406000,-365000,-209000
5203,訊連            ,80000,263000,-183000,0,0,0,0,0,0,-26000,13000,5000,8000,0,34000,-34000,-209000
056693,國產群益98購01  ,0,0,0,0,0,0,0,0,0,-210000,0,0,0,100000,310000,-210000,-210000
047651,復盛元大93購01  ,0,0,0,0,0,0,0,0,0,-210000,0,0,0,0,210000,-210000,-210000
04233P,儒鴻兆豐93售01  ,0,0,0,0,0,0,0,0,0,-210000,0,0,0,0,210000,-210000,-210000
044817,可成兆豐93購01  ,0,0,0,0,0,0,0,0,0,-210000,0,0,0,0,210000,-210000,-210000
048778,聯茂凱基94購04  ,0,0,0,0,0,0,0,0,0,-210000,0,0,0,0,210000,-210000,-210000
049169,統一凱基94購01  ,0,0,0,0,0,0,0,0,0,-210000,0,0,0,0,210000,-210000,-210000
049447,聯電統一94購01  ,0,0,0,0,0,0,0,0,0,-210000,0,0,0,0,210000,-210000,-210000
050560,聯詠統一94購02  ,0,0,0,0,0,0,0,0,0,-210000,0,0,0,0,210000,-210000,-210000
052755,滬深2X群益9A購01,0,0,0,0,0,0,0,0,0,-210000,0,0,0,5000,215000,-210000,-210000
1464,得力            ,2000,203000,-201000,0,0,0,0,0,0,-9000,1000,0,1000,0,10000,-10000,-210000
057007,奇力新中信98購04,0,0,0,0,0,0,0,0,0,-212000,0,0,0,0,212000,-212000,-212000
05897P,國巨凱基96售12  ,0,0,0,0,0,0,0,0,0,-212000,0,0,0,31000,243000,-212000,-212000
055372,宏達電元大97購04,0,0,0,0,0,0,0,0,0,-212000,0,0,0,44000,256000,-212000,-212000
050776,康控元大96購03  ,0,0,0,0,0,0,0,0,0,-212000,0,0,0,75000,287000,-212000,-212000
051948,滬深2X元富9B購01,0,0,0,0,0,0,0,0,0,-212000,0,0,0,11000,223000,-212000,-212000
052886,世紀鋼兆豐96購01,0,0,0,0,0,0,0,0,0,-212000,0,0,0,0,212000,-212000,-212000
053564,台積電富邦99購01,0,50000,-50000,0,0,0,0,0,0,-162000,0,0,0,447000,609000,-162000,-212000
054881,光罩統一97購01  ,0,0,0,0,0,0,0,0,0,-212000,0,0,0,0,212000,-212000,-212000
1210,大成            ,248000,460000,-212000,0,0,0,0,0,0,0,0,0,0,0,0,0,-212000
06382P,大毅元富97售02  ,0,0,0,0,0,0,0,0,0,-212000,0,0,0,231000,443000,-212000,-212000
055321,大立光國票98購02,0,0,0,0,0,0,0,0,0,-213000,0,0,0,7000,220000,-213000,-213000
048616,智伸科凱基93購07,0,0,0,0,0,0,0,0,0,-213000,0,0,0,0,213000,-213000,-213000
055425,聚陽群益99購01  ,0,0,0,0,0,0,0,0,0,-214000,0,0,0,138000,352000,-214000,-214000
056639,國產康和98購01  ,0,0,0,0,0,0,0,0,0,-214000,0,0,0,168000,382000,-214000,-214000
054369,鴻海中信9C購01  ,0,0,0,0,0,0,0,0,0,-214000,0,0,0,26000,240000,-214000,-214000
053309,泰鼎凱基96購03  ,0,0,0,0,0,0,0,0,0,-214000,0,0,0,313000,527000,-214000,-214000
1303,南亞            ,1314000,1567599,-253599,0,0,0,40000,0,40000,-1000,0,1000,-1000,0,0,0,-214599
055669,緯穎群益97購02  ,0,0,0,0,0,0,0,0,0,-215000,0,0,0,216000,431000,-215000,-215000
9802,鈺齊-KY         ,171000,266000,-95000,0,0,0,70000,167000,-97000,-23000,1000,0,1000,3000,27000,-24000,-215000
055312,台虹群益99購01  ,0,0,0,0,0,0,0,0,0,-216000,0,0,0,0,216000,-216000,-216000
056848,泰鼎元富98購01  ,0,0,0,0,0,0,0,0,0,-216000,0,0,0,249000,465000,-216000,-216000
050562,瑞昱元富94購02  ,0,0,0,0,0,0,0,0,0,-216000,0,0,0,476000,692000,-216000,-216000
053297,鎧勝中信98購01  ,0,0,0,0,0,0,0,0,0,-216000,0,0,0,0,216000,-216000,-216000
054407,美律國票97購02  ,0,0,0,0,0,0,0,0,0,-216000,0,0,0,0,216000,-216000,-216000
056146,台虹元大98購01  ,0,0,0,0,0,0,0,0,0,-217000,0,0,0,0,217000,-217000,-217000
050226,華新科中信94購01,0,0,0,0,0,0,0,0,0,-218000,0,0,0,0,218000,-218000,-218000
049188,可成台新94購01  ,0,0,0,0,0,0,0,0,0,-218000,0,0,0,10000,228000,-218000,-218000
053853,康控國泰97購02  ,0,0,0,0,0,0,0,0,0,-218000,0,0,0,39000,257000,-218000,-218000
06090P,旺宏統一97售06  ,0,0,0,0,0,0,0,0,0,-218000,0,0,0,209000,427000,-218000,-218000
056544,貿聯凱基98購03  ,0,0,0,0,0,0,0,0,0,-219000,0,0,0,0,219000,-219000,-219000
051527,台郡凱基95購03  ,0,0,0,0,0,0,0,0,0,-219000,0,0,0,21000,240000,-219000,-219000
053158,茂林元大96購01  ,0,0,0,0,0,0,0,0,0,-219000,0,0,0,123000,342000,-219000,-219000
057385,光罩永豐99購01  ,0,0,0,0,0,0,0,0,0,-220000,0,0,0,18000,238000,-220000,-220000
055331,國巨兆豐99購01  ,0,0,0,0,0,0,0,0,0,-220000,0,0,0,4000,224000,-220000,-220000
049297,日電貿群益95購01,0,0,0,0,0,0,0,0,0,-220000,0,0,0,36000,256000,-220000,-220000
050930,矽格凱基95購01  ,0,0,0,0,0,0,0,0,0,-220000,0,0,0,0,220000,-220000,-220000
053190,聯發科統一99購01,0,0,0,0,0,0,0,0,0,-220000,0,0,0,0,220000,-220000,-220000
054324,美律台新97購01  ,0,0,0,0,0,0,0,0,0,-220000,0,0,0,21000,241000,-220000,-220000
06500P,臺股指元大9A售05,0,0,0,0,0,0,0,0,0,-220000,0,0,0,0,220000,-220000,-220000
055576,嘉晶統一98購01  ,0,0,0,0,0,0,0,0,0,-221000,0,0,0,0,221000,-221000,-221000
053841,美律統一96購01  ,0,0,0,0,0,0,0,0,0,-221000,0,0,0,0,221000,-221000,-221000
056384,玉晶光國泰9A購02,0,0,0,0,0,0,0,0,0,-222000,0,0,0,157000,379000,-222000,-222000
051397,聯茂兆豐95購03  ,0,0,0,0,0,0,0,0,0,-222000,0,0,0,209000,431000,-222000,-222000
050687,上銀日盛94購01  ,0,0,0,0,0,0,0,0,0,-222000,0,0,0,130000,352000,-222000,-222000
053594,京鼎元大96購02  ,0,0,0,0,0,0,0,0,0,-222000,0,0,0,15000,237000,-222000,-222000
056908,牧德元大99購03  ,0,0,0,0,0,0,0,0,0,-223000,0,0,0,0,223000,-223000,-223000
051315,同欣電麥證95購01,0,0,0,158000,381000,-223000,0,0,0,-223000,0,0,0,158000,381000,-223000,-223000
052233,台郡凱基96購01  ,0,0,0,0,0,0,0,0,0,-223000,0,0,0,164000,387000,-223000,-223000
056515,燿華兆豐99購01  ,0,0,0,0,0,0,0,0,0,-224000,0,0,0,0,224000,-224000,-224000
048100,貿聯凱基93購02  ,0,0,0,0,0,0,0,0,0,-224000,0,0,0,0,224000,-224000,-224000
050976,台光電統一95購01,0,0,0,0,0,0,0,0,0,-224000,0,0,0,70000,294000,-224000,-224000
056047,台積電兆豐97購02,0,0,0,0,0,0,0,0,0,-225000,0,0,0,0,225000,-225000,-225000
047297,康控元富93購01  ,0,0,0,0,0,0,0,0,0,-225000,0,0,0,0,225000,-225000,-225000
047196,上銀統一97購01  ,0,0,0,0,0,0,0,0,0,-225000,0,0,0,300000,525000,-225000,-225000
052543,聯詠元富95購01  ,0,0,0,0,0,0,0,0,0,-225000,0,0,0,0,225000,-225000,-225000
06217P,鴻海元富97售05  ,0,0,0,0,0,0,0,0,0,-225000,0,0,0,100000,325000,-225000,-225000
049988,貿聯凱基94購02  ,0,0,0,0,0,0,0,0,0,-226000,0,0,0,50000,276000,-226000,-226000
050876,復盛永豐95購01  ,0,0,0,0,0,0,0,0,0,-226000,0,0,0,10000,236000,-226000,-226000
052772,台虹群益96購01  ,0,0,0,0,0,0,0,0,0,-226000,0,0,0,0,226000,-226000,-226000
053813,友達群益9A購03  ,0,0,0,0,0,0,0,0,0,-226000,0,0,0,253000,479000,-226000,-226000
2889,國票金          ,428000,656000,-228000,0,0,0,0,0,0,2000,2000,0,2000,0,0,0,-226000
051856,亞德客凱基95購01,0,0,0,0,0,0,0,0,0,-227000,0,0,0,93000,320000,-227000,-227000
055503,健策元大98購05  ,0,0,0,0,0,0,0,0,0,-228000,0,0,0,533000,761000,-228000,-228000
055251,華新科統一99購01,0,0,0,0,0,0,0,0,0,-228000,0,0,0,131000,359000,-228000,-228000
056459,茂林凱基99購01  ,0,0,0,0,0,0,0,0,0,-228000,0,0,0,13000,241000,-228000,-228000
057251,泰鼎統一98購02  ,0,0,0,0,0,0,0,0,0,-228000,0,0,0,50000,278000,-228000,-228000
049159,同欣電中信96購01,0,0,0,0,0,0,0,0,0,-229000,0,0,0,130000,359000,-229000,-229000
054418,茂林元大97購01  ,0,0,0,0,0,0,0,0,0,-229000,0,0,0,224000,453000,-229000,-229000
055189,台虹統一97購01  ,0,0,0,0,0,0,0,0,0,-230000,0,0,0,6000,236000,-230000,-230000
055737,開發金元富97購01,0,0,0,0,0,0,0,0,0,-230000,0,0,0,20000,250000,-230000,-230000
03840P,台積電統一99售02,0,0,0,0,0,0,0,0,0,-230000,0,0,0,852000,1082000,-230000,-230000
047616,鴻海凱基94購10  ,0,0,0,0,0,0,0,0,0,-230000,0,0,0,1000,231000,-230000,-230000
050628,美律中信94購02  ,0,0,0,0,0,0,0,0,0,-230000,0,0,0,104000,334000,-230000,-230000
050116,嘉澤元大94購03  ,0,0,0,0,0,0,0,0,0,-230000,0,0,0,20000,250000,-230000,-230000
054671,國巨國泰98購01  ,0,0,0,0,0,0,0,0,0,-230000,0,0,0,246000,476000,-230000,-230000
8464,億豐            ,200000,394000,-194000,0,0,0,0,52000,-52000,16000,16000,0,16000,0,0,0,-230000
055082,台郡中信97購01  ,0,0,0,0,0,0,0,0,0,-231000,0,0,0,82000,313000,-231000,-231000
054336,台積電統一96購11,0,0,0,0,0,0,0,0,0,-231000,0,0,0,0,231000,-231000,-231000
055235,金寶台新98購01  ,0,0,0,0,0,0,0,0,0,-232000,0,0,0,110000,342000,-232000,-232000
055447,華新科統一97購04,0,0,0,0,0,0,0,0,0,-232000,0,0,0,25000,257000,-232000,-232000
055783,群創凱基99購03  ,0,0,0,0,0,0,0,0,0,-232000,0,0,0,0,232000,-232000,-232000
054583,玉晶光統一97購02,0,0,0,0,0,0,0,0,0,-232000,0,0,0,0,232000,-232000,-232000
052639,康控凱基96購02  ,0,0,0,0,0,0,0,0,0,-232000,0,0,0,2000,234000,-232000,-232000
055338,GIS兆豐97購01   ,0,0,0,0,0,0,0,0,0,-233000,0,0,0,0,233000,-233000,-233000
055275,台積電元大97購19,0,0,0,0,0,0,0,0,0,-233000,0,0,0,0,233000,-233000,-233000
054402,康控永豐96購03  ,0,0,0,0,0,0,0,0,0,-233000,0,0,0,0,233000,-233000,-233000
06379P,群創統一97售05  ,0,0,0,0,0,0,0,0,0,-233000,0,0,0,142000,375000,-233000,-233000
1101B,台泥乙特        ,0,229000,-229000,0,0,0,0,0,0,-5000,5000,10000,-5000,0,0,0,-234000
4915,致伸            ,261000,474000,-213000,0,0,0,0,0,0,-21000,2000,0,2000,1000,24000,-23000,-234000
055127,台虹兆豐97購01  ,0,0,0,0,0,0,0,0,0,-235000,0,0,0,38000,273000,-235000,-235000
057201,華擎元富98購01  ,0,0,0,0,0,0,0,0,0,-235000,0,0,0,69000,304000,-235000,-235000
05015P,臺股指元大95售06,0,0,0,0,0,0,0,0,0,-235000,0,0,0,31000,266000,-235000,-235000
054575,聯鈞元大97購01  ,0,0,0,0,0,0,0,0,0,-235000,0,0,0,323000,558000,-235000,-235000
053028,康控富邦98購01  ,0,0,0,0,0,0,0,0,0,-236000,0,0,0,221000,457000,-236000,-236000
054486,漢唐台新96購01  ,0,0,0,0,0,0,0,0,0,-237000,0,0,0,0,237000,-237000,-237000
054308,嘉晶凱基98購01  ,0,0,0,0,0,0,0,0,0,-237000,0,0,0,253000,490000,-237000,-237000
06134P,緯穎元富97售03  ,0,0,0,0,0,0,0,0,0,-237000,0,0,0,82000,319000,-237000,-237000
06113P,台積電群益97售01,0,0,0,0,0,0,0,0,0,-237000,0,0,0,5000,242000,-237000,-237000
048287,嘉晶兆豐94購01  ,0,0,0,0,0,0,0,0,0,-238000,0,0,0,0,238000,-238000,-238000
053876,可成永昌98購01  ,0,0,0,0,0,0,0,0,0,-238000,0,0,0,75000,313000,-238000,-238000
050595,緯穎永豐94購03  ,0,0,0,0,0,0,0,0,0,-239000,0,0,0,3000,242000,-239000,-239000
050309,亞泥兆豐94購01  ,0,0,0,0,0,0,0,0,0,-239000,0,0,0,149000,388000,-239000,-239000
044290,群創凱基93購05  ,0,0,0,0,0,0,0,0,0,-240000,0,0,0,245000,485000,-240000,-240000
052013,台積電永豐95購04,0,0,0,0,0,0,0,0,0,-240000,0,0,0,0,240000,-240000,-240000
054465,亞光凱基97購01  ,0,0,0,0,0,0,0,0,0,-240000,0,0,0,80000,320000,-240000,-240000
052124,京鼎國票95購01  ,0,0,0,0,0,0,0,0,0,-241000,0,0,0,43000,284000,-241000,-241000
2425,承啟            ,422000,662000,-240000,0,0,0,0,0,0,-1000,0,1000,-1000,0,0,0,-241000
00715L,街口布蘭特油正2 ,0,0,0,0,0,0,0,0,0,-242000,0,0,0,17000,259000,-242000,-242000
051047,深中小群益99購01,0,0,0,0,0,0,0,0,0,-243000,0,0,0,259000,502000,-243000,-243000
051582,聯發科元大97購02,0,0,0,0,0,0,0,0,0,-243000,0,0,0,119000,362000,-243000,-243000
08795P,聯發科凱基01售11,0,0,0,0,0,0,0,0,0,-243000,0,0,0,0,243000,-243000,-243000
055340,華新科日盛97購01,0,0,0,0,0,0,0,0,0,-244000,0,0,0,40000,284000,-244000,-244000
055979,聯鈞統一97購03  ,0,0,0,0,0,0,0,0,0,-244000,0,0,0,212000,456000,-244000,-244000
056011,矽力中信99購01  ,0,0,0,0,0,0,0,0,0,-244000,0,0,0,275000,519000,-244000,-244000
053070,訊芯群益96購01  ,0,0,0,0,0,0,0,0,0,-244000,0,0,0,183000,427000,-244000,-244000
2915,潤泰全          ,229000,433000,-204000,0,0,0,0,0,0,-40000,0,0,0,18000,58000,-40000,-244000
055858,聯茂元大97購03  ,0,0,0,0,0,0,0,0,0,-245000,0,0,0,63000,308000,-245000,-245000
051986,燿華元大96購04  ,0,0,0,0,0,0,0,0,0,-245000,0,0,0,0,245000,-245000,-245000
053025,燿華富邦98購02  ,0,0,0,0,0,0,0,0,0,-245000,0,0,0,0,245000,-245000,-245000
05844P,旺宏元大96售07  ,0,0,0,0,0,0,0,0,0,-246000,0,0,0,316000,562000,-246000,-246000
044996,嘉晶國泰95購01  ,0,0,0,0,0,0,0,0,0,-246000,0,0,0,0,246000,-246000,-246000
052763,晶技群益97購01  ,0,0,0,0,0,0,0,0,0,-246000,0,0,0,20000,266000,-246000,-246000
049270,台表科元大95購02,0,0,0,0,0,0,0,0,0,-246000,0,0,0,0,246000,-246000,-246000
053751,康控永豐96購02  ,0,0,0,0,0,0,0,0,0,-246000,0,0,0,73000,319000,-246000,-246000
056473,奇力新元大99購02,0,0,0,0,0,0,0,0,0,-247000,0,0,0,82000,329000,-247000,-247000
056592,台積電元富98購01,0,0,0,0,0,0,0,0,0,-247000,0,0,0,79000,326000,-247000,-247000
055907,台虹兆豐98購01  ,0,0,0,0,0,0,0,0,0,-247000,0,0,0,38000,285000,-247000,-247000
048476,同欣電永豐93購01,0,0,0,0,0,0,0,0,0,-247000,0,0,0,0,247000,-247000,-247000
053192,創意統一96購01  ,0,0,0,0,0,0,0,0,0,-247000,0,0,0,148000,395000,-247000,-247000
1309,台達化          ,3000,250000,-247000,0,0,0,0,0,0,0,0,0,0,0,0,0,-247000
055261,帆宣統一98購01  ,0,0,0,0,0,0,0,0,0,-248000,0,0,0,0,248000,-248000,-248000
05430P,台積電統一95售07,0,0,0,0,0,0,0,0,0,-248000,0,0,0,0,248000,-248000,-248000
050895,聯發科元大97購01,0,0,0,0,0,0,0,0,0,-249000,0,0,0,70000,319000,-249000,-249000
047102,潤泰全富邦95購01,0,0,0,0,0,0,0,0,0,-250000,0,0,0,0,250000,-250000,-250000
050525,嘉晶元大95購02  ,0,0,0,0,0,0,0,0,0,-250000,0,0,0,0,250000,-250000,-250000
049620,美食群益94購01  ,0,0,0,0,0,0,0,0,0,-250000,0,0,0,0,250000,-250000,-250000
053912,T50反1國票97購02,0,0,0,0,0,0,0,0,0,-250000,0,0,0,50000,300000,-250000,-250000
05446P,緯穎元大95售04  ,0,0,0,0,0,0,0,0,0,-250000,0,0,0,0,250000,-250000,-250000
054717,亞德客永豐97購01,0,0,0,0,0,0,0,0,0,-251000,0,0,0,53000,304000,-251000,-251000
055262,台虹國泰98購01  ,0,0,0,0,0,0,0,0,0,-252000,0,0,0,0,252000,-252000,-252000
055085,大毅國票97購01  ,0,0,0,0,0,0,0,0,0,-252000,0,0,0,23000,275000,-252000,-252000
053990,晶技兆豐96購01  ,0,0,0,0,0,0,0,0,0,-252000,0,0,0,50000,302000,-252000,-252000
053251,世紀鋼國票97購02,0,0,0,0,0,0,0,0,0,-252000,0,0,0,28000,280000,-252000,-252000
056629,昇陽半永豐98購01,0,0,0,0,0,0,0,0,0,-253000,0,0,0,40000,293000,-253000,-253000
056767,大毅元大99購01  ,0,0,0,0,0,0,0,0,0,-253000,0,0,0,181000,434000,-253000,-253000
054168,貿聯凱基97購02  ,0,0,0,0,0,0,0,0,0,-253000,0,0,0,15000,268000,-253000,-253000
055076,福懋科永豐97購01,0,0,0,0,0,0,0,0,0,-254000,0,0,0,5000,259000,-254000,-254000
053114,聯茂兆豐97購01  ,0,0,0,0,0,0,0,0,0,-254000,0,0,0,80000,334000,-254000,-254000
055966,茂林元大99購01  ,0,0,0,0,0,0,0,0,0,-255000,0,0,0,1040000,1295000,-255000,-255000
056719,台虹永豐98購01  ,0,0,0,0,0,0,0,0,0,-255000,0,0,0,0,255000,-255000,-255000
051614,元金2X凱基97購01,0,0,0,0,0,0,0,0,0,-255000,0,0,0,0,255000,-255000,-255000
053048,同欣電麥證96購01,0,0,0,0,255000,-255000,0,0,0,-255000,0,0,0,0,255000,-255000,-255000
056155,嘉晶凱基97購01  ,0,0,0,0,0,0,0,0,0,-256000,0,0,0,0,256000,-256000,-256000
04886P,臺股指凱基94售20,0,0,0,0,0,0,0,0,0,-256000,0,0,0,59000,315000,-256000,-256000
050543,聯發科凱基95購01,0,0,0,0,0,0,0,0,0,-256000,0,0,0,1000,257000,-256000,-256000
056398,南茂永豐98購01  ,0,0,0,0,0,0,0,0,0,-257000,0,0,0,0,257000,-257000,-257000
057096,緯穎元富98購01  ,0,0,0,0,0,0,0,0,0,-257000,0,0,0,8000,265000,-257000,-257000
049997,聯發科永豐94購04,0,0,0,0,0,0,0,0,0,-257000,0,0,0,308000,565000,-257000,-257000
056620,華新科永豐98購02,0,0,0,0,0,0,0,0,0,-258000,0,0,0,75000,333000,-258000,-258000
055341,台達電凱基97購02,0,0,0,0,0,0,0,0,0,-258000,0,0,0,76000,334000,-258000,-258000
055564,茂林凱基98購01  ,0,0,0,0,0,0,0,0,0,-258000,0,0,0,35000,293000,-258000,-258000
04687P,全新凱基94售02  ,0,0,0,0,0,0,0,0,0,-258000,0,0,0,86000,344000,-258000,-258000
052709,光寶科日盛96購01,0,0,0,0,0,0,0,0,0,-258000,0,0,0,0,258000,-258000,-258000
2347,聯強            ,1075000,1289000,-214000,0,0,0,0,0,0,-44000,38000,2000,36000,0,80000,-80000,-258000
055238,茂林台新97購01  ,0,0,0,0,0,0,0,0,0,-259000,0,0,0,10000,269000,-259000,-259000
055336,茂林兆豐98購01  ,0,0,0,0,0,0,0,0,0,-260000,0,0,0,371000,631000,-260000,-260000
057333,智邦國票99購01  ,0,0,0,0,0,0,0,0,0,-260000,0,0,0,0,260000,-260000,-260000
051491,貿聯凱基95購01  ,0,0,0,0,0,0,0,0,0,-260000,0,0,0,0,260000,-260000,-260000
054508,臺股指永豐96購04,0,0,0,0,0,0,0,0,0,-260000,0,0,0,0,260000,-260000,-260000
057052,華擎元大98購01  ,0,0,0,0,0,0,0,0,0,-261000,0,0,0,444000,705000,-261000,-261000
057131,奇力新凱基98購05,0,0,0,0,0,0,0,0,0,-262000,0,0,0,0,262000,-262000,-262000
056593,台積電元富98購02,0,0,0,0,0,0,0,0,0,-262000,0,0,0,303000,565000,-262000,-262000
9921,巨大            ,521000,784000,-263000,0,0,0,0,0,0,1000,0,0,0,1000,0,1000,-262000
053935,華通元富96購02  ,0,0,0,0,0,0,0,0,0,-263000,0,0,0,0,263000,-263000,-263000
053845,和大元富96購01  ,0,0,0,0,0,0,0,0,0,-263000,0,0,0,16000,279000,-263000,-263000
05275P,國巨凱基95售05  ,0,0,0,0,0,0,0,0,0,-264000,0,0,0,0,264000,-264000,-264000
052342,茂林凱基96購01  ,0,0,0,0,0,0,0,0,0,-264000,0,0,0,31000,295000,-264000,-264000
044683,聯鈞凱基93購01  ,0,0,0,0,0,0,0,0,0,-266000,0,0,0,268000,534000,-266000,-266000
048769,聯鈞凱基94購01  ,0,0,0,0,0,0,0,0,0,-266000,0,0,0,123000,389000,-266000,-266000
051127,同欣電群益95購01,0,0,0,0,0,0,0,0,0,-268000,0,0,0,183000,451000,-268000,-268000
051370,聯詠富邦97購01  ,0,0,0,0,0,0,0,0,0,-268000,0,0,0,235000,503000,-268000,-268000
050197,矽格元大94購04  ,0,0,0,0,0,0,0,0,0,-268000,0,0,0,68000,336000,-268000,-268000
054477,聯發科中信9C購02,0,0,0,0,0,0,0,0,0,-268000,0,0,0,5000,273000,-268000,-268000
056192,智邦富邦98購01  ,0,0,0,0,0,0,0,0,0,-269000,0,0,0,0,269000,-269000,-269000
052069,聯茂兆豐96購01  ,0,0,0,0,0,0,0,0,0,-269000,0,0,0,107000,376000,-269000,-269000
050536,亞泥凱基95購01  ,0,0,0,0,0,0,0,0,0,-269000,0,0,0,0,269000,-269000,-269000
048928,華新科永豐94購02,0,0,0,0,0,0,0,0,0,-269000,0,0,0,76000,345000,-269000,-269000
055703,緯穎富邦98購01  ,0,0,0,0,0,0,0,0,0,-270000,0,0,0,418000,688000,-270000,-270000
05162P,玉晶光國票96售03,0,0,0,0,0,0,0,0,0,-270000,0,0,0,70000,340000,-270000,-270000
05094P,大立光元大95售07,0,0,0,0,0,0,0,0,0,-270000,0,0,0,25000,295000,-270000,-270000
050828,康控凱基95購01  ,0,0,0,0,0,0,0,0,0,-270000,0,0,0,0,270000,-270000,-270000
049745,國巨永豐94購04  ,0,0,0,0,0,0,0,0,0,-270000,0,0,0,131000,401000,-270000,-270000
053556,康控凱基97購02  ,0,0,0,0,0,0,0,0,0,-270000,0,0,0,0,270000,-270000,-270000
051827,智邦元大95購04  ,0,0,0,0,0,0,0,0,0,-271000,0,0,0,90000,361000,-271000,-271000
053558,訊芯凱基96購02  ,0,0,0,0,0,0,0,0,0,-271000,0,0,0,80000,351000,-271000,-271000
054552,聯發科凱基98購03,0,0,0,0,0,0,0,0,0,-271000,0,0,0,150000,421000,-271000,-271000
055381,茂林元大97購02  ,0,0,0,0,0,0,0,0,0,-272000,0,0,0,241000,513000,-272000,-272000
054198,台積電永昌96購08,0,0,0,0,0,0,0,0,0,-273000,0,0,0,100000,373000,-273000,-273000
052900,大成鋼國票97購01,0,0,0,0,0,0,0,0,0,-273000,0,0,0,357000,630000,-273000,-273000
047639,聯發科元大93購16,0,0,0,0,0,0,0,0,0,-274000,0,0,0,1000,275000,-274000,-274000
052152,創意富邦98購01  ,0,0,0,0,0,0,0,0,0,-274000,0,0,0,16000,290000,-274000,-274000
056501,貿聯富邦99購01  ,0,0,0,0,0,0,0,0,0,-275000,0,0,0,127000,402000,-275000,-275000
053882,聯發科中信98購02,0,0,0,0,0,0,0,0,0,-275000,0,0,0,0,275000,-275000,-275000
057091,華新科元富9A購01,0,0,0,0,0,0,0,0,0,-276000,0,0,0,6000,282000,-276000,-276000
055333,晶豪科兆豐97購01,0,0,0,0,0,0,0,0,0,-276000,0,0,0,24000,300000,-276000,-276000
053656,可成凱基96購06  ,0,0,0,0,0,0,0,0,0,-276000,0,0,0,0,276000,-276000,-276000
052138,易華電凱基97購01,0,0,0,0,0,0,0,0,0,-279000,0,0,0,0,279000,-279000,-279000
052538,和大統一95購02  ,0,0,0,0,0,0,0,0,0,-279000,0,0,0,60000,339000,-279000,-279000
053951,T50反1台新06購02,0,0,0,0,0,0,0,0,0,-279000,0,0,0,0,279000,-279000,-279000
04404P,玉晶光國票94售01,0,0,0,0,0,0,0,0,0,-280000,0,0,0,0,280000,-280000,-280000
00676R,富邦臺灣加權反1 ,0,56000,-56000,0,0,0,0,0,0,-224000,0,0,0,33000,257000,-224000,-280000
04557P,茂林群益94售03  ,0,0,0,0,0,0,0,0,0,-280000,0,0,0,0,280000,-280000,-280000
049766,滬深2X元富94購02,0,0,0,0,0,0,0,0,0,-280000,0,0,0,347000,627000,-280000,-280000
054032,上銀中信96購01  ,0,0,0,0,0,0,0,0,0,-280000,0,0,0,54000,334000,-280000,-280000
054137,聯詠元大97購02  ,0,0,0,0,0,0,0,0,0,-280000,0,0,0,123000,403000,-280000,-280000
053184,世紀鋼元富96購01,0,0,0,0,0,0,0,0,0,-280000,0,0,0,34000,314000,-280000,-280000
04755P,大立光元富94售07,0,0,0,0,0,0,0,0,0,-281000,0,0,0,479000,760000,-281000,-281000
046349,康控兆豐93購02  ,0,0,0,0,0,0,0,0,0,-281000,0,0,0,0,281000,-281000,-281000
052000,鈺齊元大95購03  ,0,0,0,0,0,0,0,0,0,-281000,0,0,0,27000,308000,-281000,-281000
05157P,全新台新96售01  ,0,0,0,0,0,0,0,0,0,-281000,0,0,0,88000,369000,-281000,-281000
053385,聯詠元大96購02  ,0,0,0,0,0,0,0,0,0,-281000,0,0,0,43000,324000,-281000,-281000
055482,聚陽元大97購02  ,0,0,0,0,0,0,0,0,0,-282000,0,0,0,6000,288000,-282000,-282000
056191,世紀鋼統一97購01,0,0,0,0,0,0,0,0,0,-282000,0,0,0,15000,297000,-282000,-282000
048773,貿聯凱基94購01  ,0,0,0,0,0,0,0,0,0,-282000,0,0,0,41000,323000,-282000,-282000
052150,台積電富邦95購07,0,0,0,0,0,0,0,0,0,-282000,0,0,0,492000,774000,-282000,-282000
053820,大立光群益96購05,0,0,0,0,0,0,0,0,0,-282000,0,0,0,20000,302000,-282000,-282000
054506,矽格永豐96購01  ,0,0,0,0,0,0,0,0,0,-282000,0,0,0,0,282000,-282000,-282000
054743,聯鈞凱基99購01  ,0,0,0,0,0,0,0,0,0,-283000,0,0,0,119000,402000,-283000,-283000
053143,昇陽半永豐96購03,0,0,0,0,0,0,0,0,0,-283000,0,0,0,35000,318000,-283000,-283000
5521,工信            ,17827,301000,-283173,0,0,0,0,0,0,0,0,0,0,0,0,0,-283173
056362,聯發科元大99購01,0,0,0,0,0,0,0,0,0,-284000,0,0,0,568000,852000,-284000,-284000
056643,奇力新凱基99購01,0,0,0,0,0,0,0,0,0,-284000,0,0,0,14000,298000,-284000,-284000
054689,華新科永豐97購01,0,0,0,0,0,0,0,0,0,-284000,0,0,0,47000,331000,-284000,-284000
056270,群創統一98購04  ,0,0,0,0,0,0,0,0,0,-285000,0,0,0,440000,725000,-285000,-285000
056874,友達凱基98購08  ,0,0,0,0,0,0,0,0,0,-285000,0,0,0,0,285000,-285000,-285000
055978,大立光統一98購05,0,0,0,0,0,0,0,0,0,-285000,0,0,0,10000,295000,-285000,-285000
053969,瑞昱元大97購01  ,0,0,0,0,0,0,0,0,0,-285000,0,0,0,113000,398000,-285000,-285000
056128,和大中信99購01  ,0,0,0,0,0,0,0,0,0,-286000,0,0,0,51000,337000,-286000,-286000
056991,牧德兆豐98購01  ,0,0,0,0,0,0,0,0,0,-286000,0,0,0,21000,307000,-286000,-286000
046921,日電貿永豐93購01,0,0,0,0,0,0,0,0,0,-286000,0,0,0,10000,296000,-286000,-286000
055590,聯發科元大98購02,0,0,0,0,0,0,0,0,0,-287000,0,0,0,283000,570000,-287000,-287000
03025P,國巨元大01售12  ,0,0,0,0,0,0,0,0,0,-287000,0,0,0,10000,297000,-287000,-287000
052398,瑞昱凱基95購06  ,0,0,0,0,0,0,0,0,0,-287000,0,0,0,15000,302000,-287000,-287000
053772,大成鋼元大96購02,0,0,0,0,0,0,0,0,0,-288000,0,0,0,22000,310000,-288000,-288000
05620P,大立光富邦9B售01,0,0,0,0,0,0,0,0,0,-289000,0,0,0,35000,324000,-289000,-289000
06195P,台積電元富97售06,0,0,0,0,0,0,0,0,0,-289000,0,0,0,1059000,1348000,-289000,-289000
047904,臺指反元大96購01,0,0,0,0,0,0,0,0,0,-290000,0,0,0,0,290000,-290000,-290000
051000,台郡元大96購01  ,0,0,0,0,0,0,0,0,0,-290000,0,0,0,94000,384000,-290000,-290000
054345,世芯國票96購02  ,0,0,0,0,0,0,0,0,0,-290000,0,0,0,10000,300000,-290000,-290000
00830,國泰費城半導體  ,0,1000,-1000,0,0,0,0,0,0,-290000,0,0,0,312000,602000,-290000,-291000
1304,台聚            ,186000,457000,-271000,0,0,0,0,0,0,-20000,10000,30000,-20000,0,0,0,-291000
056394,晶豪科永豐98購01,0,0,0,0,0,0,0,0,0,-292000,0,0,0,0,292000,-292000,-292000
047536,正崴日盛93購01  ,0,0,0,0,0,0,0,0,0,-295000,0,0,0,10000,305000,-295000,-295000
049901,瑞昱元富94購01  ,0,0,0,0,0,0,0,0,0,-295000,0,0,0,11000,306000,-295000,-295000
053313,世紀鋼凱基96購01,0,0,0,0,0,0,0,0,0,-295000,0,0,0,25000,320000,-295000,-295000
3005,神基            ,966000,1237277,-271277,0,0,0,0,0,0,-24000,201000,0,201000,77000,302000,-225000,-295277
056785,可成群益99購01  ,0,0,0,0,0,0,0,0,0,-296000,0,0,0,9000,305000,-296000,-296000
053457,旺宏國泰98購03  ,0,0,0,0,0,0,0,0,0,-296000,0,0,0,29000,325000,-296000,-296000
055166,台積電統一97購05,0,0,0,0,0,0,0,0,0,-297000,0,0,0,45000,342000,-297000,-297000
048897,日電貿國泰95購01,0,0,0,0,0,0,0,0,0,-298000,0,0,0,0,298000,-298000,-298000
06413P,聯發科凱基97售11,0,0,0,0,0,0,0,0,0,-298000,0,0,0,0,298000,-298000,-298000
051249,潤泰全元大95購01,0,0,0,0,0,0,0,0,0,-299000,0,0,0,239000,538000,-299000,-299000
051446,中壽元大96購01  ,0,0,0,0,0,0,0,0,0,-300000,0,0,0,0,300000,-300000,-300000
045410,華邦電群益94購01,0,0,0,0,0,0,0,0,0,-300000,0,0,0,0,300000,-300000,-300000
049696,欣興元大95購02  ,0,0,0,0,0,0,0,0,0,-300000,0,0,0,20000,320000,-300000,-300000
055004,群創元富99購06  ,0,0,0,0,0,0,0,0,0,-300000,0,0,0,20000,320000,-300000,-300000
055123,億光兆豐97購01  ,0,0,0,0,0,0,0,0,0,-301000,0,0,0,0,301000,-301000,-301000
052575,茂林凱基96購04  ,0,0,0,0,0,0,0,0,0,-301000,0,0,0,12000,313000,-301000,-301000
056491,南亞科國泰99購01,0,0,0,0,0,0,0,0,0,-302000,0,0,0,82000,384000,-302000,-302000
056696,茂林群益98購02  ,0,0,0,0,0,0,0,0,0,-303000,0,0,0,184000,487000,-303000,-303000
051750,華通富邦96購01  ,0,0,0,0,0,0,0,0,0,-303000,0,0,0,0,303000,-303000,-303000
06123P,玉晶光元大97售04,0,0,0,0,0,0,0,0,0,-303000,0,0,0,63000,366000,-303000,-303000
045516,聯茂統一94購01  ,0,0,0,0,0,0,0,0,0,-304000,0,0,0,30000,334000,-304000,-304000
052576,聯茂凱基96購01  ,0,0,0,0,0,0,0,0,0,-304000,0,0,0,8000,312000,-304000,-304000
055256,日電貿統一99購01,0,0,0,0,0,0,0,0,0,-305000,0,0,0,0,305000,-305000,-305000
056042,京鼎凱基97購02  ,0,0,0,0,0,0,0,0,0,-305000,0,0,0,0,305000,-305000,-305000
053024,國巨富邦97購02  ,0,0,0,0,0,0,0,0,0,-305000,0,0,0,272000,577000,-305000,-305000
053062,緯穎富邦97購01  ,0,0,0,0,0,0,0,0,0,-306000,0,0,0,37000,343000,-306000,-306000
054726,台積電日盛97購01,0,0,0,0,0,0,0,0,0,-306000,0,0,0,150000,456000,-306000,-306000
05103P,臺股指凱基96售10,0,0,0,0,0,0,0,0,0,-307000,0,0,0,119000,426000,-307000,-307000
048407,貿聯群益93購04  ,0,0,0,0,0,0,0,0,0,-308000,0,0,0,0,308000,-308000,-308000
03638C,T50反1元大94牛03,0,0,0,0,0,0,0,0,0,-308000,0,0,0,0,308000,-308000,-308000
05227P,大立光統一95售04,0,0,0,0,0,0,0,0,0,-308000,0,0,0,0,308000,-308000,-308000
051719,鴻海永豐95購04  ,0,0,0,0,0,0,0,0,0,-309000,0,0,0,0,309000,-309000,-309000
055273,華泰元大97購01  ,0,0,0,0,0,0,0,0,0,-310000,0,0,0,0,310000,-310000,-310000
046919,大毅永豐93購01  ,0,0,0,0,0,0,0,0,0,-311000,0,0,0,0,311000,-311000,-311000
050142,聯發科元富9A購01,0,0,0,0,0,0,0,0,0,-311000,0,0,0,32000,343000,-311000,-311000
053322,京鼎群益97購01  ,0,0,0,0,0,0,0,0,0,-312000,0,0,0,20000,332000,-312000,-312000
054963,牧德元大97購02  ,0,0,0,0,0,0,0,0,0,-312000,0,0,0,69000,381000,-312000,-312000
054090,瑞昱群益97購01  ,0,0,0,0,0,0,0,0,0,-312000,0,0,0,75000,387000,-312000,-312000
054564,玉晶光群益99購01,0,0,0,0,0,0,0,0,0,-313000,0,0,0,129000,442000,-313000,-313000
056747,致新凱基99購01  ,0,0,0,0,0,0,0,0,0,-314000,0,0,0,0,314000,-314000,-314000
051268,創意富邦97購01  ,0,0,0,0,0,0,0,0,0,-314000,0,0,0,71000,385000,-314000,-314000
056583,昇陽半元大98購02,0,0,0,0,0,0,0,0,0,-315000,0,0,0,247000,562000,-315000,-315000
056215,華新科國票97購03,0,0,0,0,0,0,0,0,0,-315000,0,0,0,0,315000,-315000,-315000
05221P,玉晶光元大95售04,0,0,0,0,0,0,0,0,0,-315000,0,0,0,0,315000,-315000,-315000
052269,T50反1日盛9B購01,0,0,0,0,0,0,0,0,0,-315000,0,0,0,0,315000,-315000,-315000
1527,鑽全            ,25000,340000,-315000,0,0,0,0,0,0,0,0,0,0,0,0,0,-315000
055639,上銀元富97購02  ,0,0,0,0,0,0,0,0,0,-316000,0,0,0,127000,443000,-316000,-316000
054166,日電貿凱基98購01,0,0,0,0,0,0,0,0,0,-316000,0,0,0,15000,331000,-316000,-316000
054368,鴻海中信9A購02  ,0,0,0,0,0,0,0,0,0,-316000,0,0,0,0,316000,-316000,-316000
2520,冠德            ,240000,550000,-310000,0,0,0,0,0,0,-6000,2000,0,2000,0,8000,-8000,-316000
053755,亞光元富96購01  ,0,0,0,0,0,0,0,0,0,-317000,0,0,0,248000,565000,-317000,-317000
053888,和大群益97購01  ,0,0,0,0,0,0,0,0,0,-317000,0,0,0,69000,386000,-317000,-317000
047689,瑞昱富邦97購01  ,0,0,0,0,0,0,0,0,0,-318000,0,0,0,25000,343000,-318000,-318000
056713,華擎永豐98購01  ,0,0,0,0,0,0,0,0,0,-319000,0,0,0,297000,616000,-319000,-319000
047571,滬深2X群益99購01,0,0,0,0,0,0,0,0,0,-319000,0,0,0,16000,335000,-319000,-319000
054896,聯茂日盛97購01  ,0,0,0,0,0,0,0,0,0,-319000,0,0,0,174000,493000,-319000,-319000
055325,佐登國票98購01  ,0,0,0,0,0,0,0,0,0,-320000,0,0,0,88000,408000,-320000,-320000
06097P,茂林永豐97售01  ,0,0,0,0,0,0,0,0,0,-320000,0,0,0,10000,330000,-320000,-320000
2338,光罩            ,572000,799000,-227000,0,0,0,0,100000,-100000,4000,0,200000,-200000,272000,68000,204000,-323000
057103,禾伸堂中信9A購01,0,0,0,0,0,0,0,0,0,-324000,0,0,0,24000,348000,-324000,-324000
052747,京鼎元大97購01  ,0,0,0,0,0,0,0,0,0,-324000,0,0,0,13000,337000,-324000,-324000
053572,彩晶統一96購01  ,0,0,0,0,0,0,0,0,0,-324000,0,0,0,175000,499000,-324000,-324000
06487P,聯發科統一99售02,0,0,0,0,0,0,0,0,0,-324000,0,0,0,30000,354000,-324000,-324000
057012,康控中信98購01  ,0,0,0,0,0,0,0,0,0,-325000,0,0,0,33000,358000,-325000,-325000
055672,國巨日盛97購02  ,0,0,0,0,0,0,0,0,0,-326000,0,0,0,53000,379000,-326000,-326000
06467P,旺宏統一98售01  ,0,0,0,0,0,0,0,0,0,-326000,0,0,0,53000,379000,-326000,-326000
055519,茂林中信99購01  ,0,0,0,0,0,0,0,0,0,-327000,0,0,0,76000,403000,-327000,-327000
05939P,聯發科凱基96售20,0,0,0,0,0,0,0,0,0,-327000,0,0,0,250000,577000,-327000,-327000
03751P,旺宏富邦95售01  ,0,0,0,0,0,0,0,0,0,-330000,0,0,0,0,330000,-330000,-330000
052574,茂林凱基96購02  ,0,0,0,0,0,0,0,0,0,-330000,0,0,0,11000,341000,-330000,-330000
052428,嘉晶永豐95購01  ,0,0,0,0,0,0,0,0,0,-330000,0,0,0,0,330000,-330000,-330000
054463,瑞昱凱基97購01  ,0,0,0,0,0,0,0,0,0,-330000,0,0,0,64000,394000,-330000,-330000
053736,友達麥證96購01  ,0,0,0,75000,405000,-330000,0,0,0,-330000,0,0,0,75000,405000,-330000,-330000
05041P,大立光凱基95售09,0,0,0,0,0,0,0,0,0,-331000,0,0,0,155000,486000,-331000,-331000
00656R,國泰中國A50反1  ,0,51000,-51000,0,0,0,0,0,0,-282000,0,0,0,382000,664000,-282000,-333000
054335,緯穎永豐96購02  ,0,0,0,0,0,0,0,0,0,-333000,0,0,0,14000,347000,-333000,-333000
054668,傳奇元富97購03  ,0,0,0,0,0,0,0,0,0,-333000,0,0,0,10000,343000,-333000,-333000
056923,奇力新兆豐99購02,0,0,0,0,0,0,0,0,0,-334000,0,0,0,60000,394000,-334000,-334000
048156,正崴兆豐93購01  ,0,0,0,0,0,0,0,0,0,-334000,0,0,0,0,334000,-334000,-334000
049785,華新科兆豐95購01,0,0,0,0,0,0,0,0,0,-335000,0,0,0,45000,380000,-335000,-335000
054900,金寶康和97購01  ,0,0,0,0,0,0,0,0,0,-335000,0,0,0,462000,797000,-335000,-335000
056099,上銀永豐97購02  ,0,0,0,0,0,0,0,0,0,-336000,0,0,0,513000,849000,-336000,-336000
054367,鴻海中信98購03  ,0,0,0,0,0,0,0,0,0,-336000,0,0,0,0,336000,-336000,-336000
055012,茂林元富97購01  ,0,0,0,0,0,0,0,0,0,-337000,0,0,0,304000,641000,-337000,-337000
055876,美食元富9A購01  ,0,0,0,0,0,0,0,0,0,-340000,0,0,0,164000,504000,-340000,-340000
057177,奇力新元大99購04,0,0,0,0,0,0,0,0,0,-340000,0,0,0,121000,461000,-340000,-340000
03543P,台泥中信02售01  ,0,0,0,0,0,0,0,0,0,-340000,0,0,0,0,340000,-340000,-340000
4906,正文            ,88000,142000,-54000,0,0,0,0,0,0,-286000,10000,34000,-24000,0,262000,-262000,-340000
056253,京鼎兆豐98購01  ,0,0,0,0,0,0,0,0,0,-341000,0,0,0,40000,381000,-341000,-341000
055744,茂林元富97購02  ,0,0,0,0,0,0,0,0,0,-341000,0,0,0,1828000,2169000,-341000,-341000
056140,康控元大98購01  ,0,0,0,0,0,0,0,0,0,-341000,0,0,0,575000,916000,-341000,-341000
056685,光罩統一98購03  ,0,0,0,0,0,0,0,0,0,-342000,0,0,0,0,342000,-342000,-342000
044285,鴻海凱基93購06  ,0,0,0,0,0,0,0,0,0,-343000,0,0,0,1000,344000,-343000,-343000
05875P,旺宏群益98售01  ,0,0,0,0,0,0,0,0,0,-344000,0,0,0,22000,366000,-344000,-344000
053980,泰鼎元大97購02  ,0,0,0,0,0,0,0,0,0,-344000,0,0,0,469000,813000,-344000,-344000
05757P,旺宏永豐96售03  ,0,0,0,0,0,0,0,0,0,-345000,0,0,0,0,345000,-345000,-345000
049730,滬深2X群益94購02,0,0,0,0,0,0,0,0,0,-345000,0,0,0,0,345000,-345000,-345000
051833,昇陽半元大96購01,0,0,0,0,0,0,0,0,0,-345000,0,0,0,28000,373000,-345000,-345000
055142,健策永豐98購01  ,0,0,0,0,0,0,0,0,0,-347000,0,0,0,255000,602000,-347000,-347000
2867,三商壽          ,420000,667000,-247000,0,0,0,0,0,0,-100000,0,100000,-100000,0,0,0,-347000
044964,旺宏中信94購01  ,0,0,0,0,0,0,0,0,0,-348000,0,0,0,571000,919000,-348000,-348000
051328,力山永豐95購01  ,0,0,0,0,0,0,0,0,0,-348000,0,0,0,0,348000,-348000,-348000
048445,瑞昱凱基93購11  ,0,0,0,0,0,0,0,0,0,-348000,0,0,0,0,348000,-348000,-348000
054847,創意兆豐97購01  ,0,0,0,0,0,0,0,0,0,-348000,0,0,0,0,348000,-348000,-348000
052937,國巨兆豐97購01  ,0,0,0,0,0,0,0,0,0,-348000,0,0,0,358000,706000,-348000,-348000
056505,聯發科永豐98購01,0,0,0,0,0,0,0,0,0,-350000,0,0,0,240000,590000,-350000,-350000
051235,鴻海元大95購06  ,0,0,0,0,0,0,0,0,0,-350000,0,0,0,0,350000,-350000,-350000
06181P,國巨中信97售02  ,0,0,0,0,0,0,0,0,0,-350000,0,0,0,0,350000,-350000,-350000
055182,京鼎統一98購01  ,0,0,0,0,0,0,0,0,0,-351000,0,0,0,121000,472000,-351000,-351000
049212,T50反1國票94購04,0,0,0,0,0,0,0,0,0,-352000,0,0,0,269000,621000,-352000,-352000
055873,聚陽元富97購01  ,0,0,0,0,0,0,0,0,0,-354000,0,0,0,1000,355000,-354000,-354000
049885,緯穎永豐94購01  ,0,0,0,0,0,0,0,0,0,-354000,0,0,0,8000,362000,-354000,-354000
054493,同欣電台新96購01,0,0,0,0,0,0,0,0,0,-354000,0,0,0,37000,391000,-354000,-354000
051272,嘉晶群益95購01  ,0,0,0,0,0,0,0,0,0,-355000,0,0,0,0,355000,-355000,-355000
05363P,臺股指富邦95售03,0,0,0,0,0,0,0,0,0,-355000,0,0,0,150000,505000,-355000,-355000
05375P,健策國票96售02  ,0,0,0,0,0,0,0,0,0,-356000,0,0,0,0,356000,-356000,-356000
06085P,義隆台新97售01  ,0,0,0,0,0,0,0,0,0,-356000,0,0,0,361000,717000,-356000,-356000
056600,聯茂元富98購01  ,0,0,0,0,0,0,0,0,0,-357000,0,0,0,32000,389000,-357000,-357000
049576,元油2X元大94購06,0,0,0,0,0,0,0,0,0,-357000,0,0,0,32000,389000,-357000,-357000
053944,亞泥富邦97購01  ,0,0,0,0,0,0,0,0,0,-360000,0,0,0,15000,375000,-360000,-360000
056250,瑞昱兆豐97購02  ,0,0,0,0,0,0,0,0,0,-361000,0,0,0,216000,577000,-361000,-361000
055663,崇越中信97購01  ,0,0,0,0,0,0,0,0,0,-361000,0,0,0,179000,540000,-361000,-361000
056005,臺股指永豐97購04,0,0,0,0,0,0,0,0,0,-363000,0,0,0,45000,408000,-363000,-363000
2633,台灣高鐵        ,830000,1156820,-326820,0,0,0,0,31000,-31000,-6000,0,0,0,10000,16000,-6000,-363820
2002,中鋼            ,3433000,3878469,-445469,0,0,0,90000,0,90000,-9000,1000,0,1000,0,10000,-10000,-364469
047673,瑞昱元富96購01  ,0,0,0,0,0,0,0,0,0,-365000,0,0,0,50000,415000,-365000,-365000
052058,臺股指凱基95購16,0,0,0,0,0,0,0,0,0,-366000,0,0,0,0,366000,-366000,-366000
05721P,全新群益98售02  ,0,0,0,0,0,0,0,0,0,-367000,0,0,0,448000,815000,-367000,-367000
054396,日電貿永豐96購02,0,0,0,0,0,0,0,0,0,-367000,0,0,0,60000,427000,-367000,-367000
05617P,大立光統一97售02,0,0,0,0,0,0,0,0,0,-369000,0,0,0,177000,546000,-369000,-369000
051277,聯發科中信9A購01,20000,0,20000,0,0,0,0,0,0,-389000,0,0,0,277000,666000,-389000,-369000
051843,聯發科富邦99購01,0,0,0,0,0,0,0,0,0,-369000,0,0,0,453000,822000,-369000,-369000
3682,亞太電          ,0,368000,-368000,0,0,0,0,0,0,-1000,0,1000,-1000,0,0,0,-369000
05934P,國巨凱基96售13  ,0,0,0,0,0,0,0,0,0,-369000,0,0,0,236000,605000,-369000,-369000
057120,茂林康和98購01  ,0,0,0,0,0,0,0,0,0,-370000,0,0,0,0,370000,-370000,-370000
049977,瑞昱凱基94購03  ,0,0,0,0,0,0,0,0,0,-370000,0,0,0,94000,464000,-370000,-370000
03413B,臺股指凱基94熊19,0,0,0,0,0,0,0,0,0,-373000,0,0,0,1304000,1677000,-373000,-373000
04161P,全新國泰94售01  ,0,0,0,0,0,0,0,0,0,-373000,0,0,0,27000,400000,-373000,-373000
06321P,台積電統一98售03,0,0,0,0,0,0,0,0,0,-374000,0,0,0,30000,404000,-374000,-374000
6505,台塑化          ,858000,1232156,-374156,0,0,0,0,0,0,0,0,0,0,0,0,0,-374156
04674P,全新統一95售01  ,0,0,0,0,0,0,0,0,0,-375000,0,0,0,146000,521000,-375000,-375000
053096,康控統一96購01  ,0,0,0,0,0,0,0,0,0,-375000,0,0,0,105000,480000,-375000,-375000
055679,華通凱基99購01  ,0,0,0,0,0,0,0,0,0,-376000,0,0,0,4000,380000,-376000,-376000
053525,台積電中信96購04,0,0,0,0,0,0,0,0,0,-376000,0,0,0,0,376000,-376000,-376000
051550,日電貿永豐95購01,0,0,0,0,0,0,0,0,0,-377000,0,0,0,35000,412000,-377000,-377000
051777,聯發科群益95購04,0,0,0,0,0,0,0,0,0,-378000,0,0,0,30000,408000,-378000,-378000
054644,A50正2群益9B購01,0,0,0,0,0,0,0,0,0,-378000,0,0,0,38000,416000,-378000,-378000
052177,京鼎元大95購02  ,0,0,0,0,0,0,0,0,0,-379000,0,0,0,158000,537000,-379000,-379000
050614,聯發科元大95購04,0,0,0,0,0,0,0,0,0,-380000,0,0,0,24000,404000,-380000,-380000
055179,大立光統一97購04,0,0,0,0,0,0,0,0,0,-383000,0,0,0,78000,461000,-383000,-383000
056573,華新科元大99購06,0,0,0,0,0,0,0,0,0,-384000,0,0,0,77000,461000,-384000,-384000
056562,奇力新群益98購01,0,0,0,0,0,0,0,0,0,-384000,0,0,0,283000,667000,-384000,-384000
050132,日電貿凱基94購02,0,0,0,0,0,0,0,0,0,-384000,0,0,0,108000,492000,-384000,-384000
056344,嘉晶凱基98購02  ,0,0,0,0,0,0,0,0,0,-386000,0,0,0,57000,443000,-386000,-386000
055728,緯穎元大97購03  ,0,0,0,0,0,0,0,0,0,-386000,0,0,0,46000,432000,-386000,-386000
054860,台積電群益98購01,0,0,0,0,0,0,0,0,0,-386000,0,0,0,150000,536000,-386000,-386000
051524,貿聯凱基95購02  ,0,0,0,0,0,0,0,0,0,-387000,0,0,0,7000,394000,-387000,-387000
05009P,大立光元富95售06,0,0,0,0,0,0,0,0,0,-388000,0,0,0,29000,417000,-388000,-388000
056829,台積電富邦9A購01,0,0,0,0,0,0,0,0,0,-389000,0,0,0,255000,644000,-389000,-389000
05767P,國巨凱基96售11  ,0,0,0,0,0,0,0,0,0,-389000,0,0,0,10000,399000,-389000,-389000
3596,智易            ,301000,523000,-222000,0,0,0,0,0,0,-167000,21000,11000,10000,14000,191000,-177000,-389000
050773,京鼎元大94購02  ,0,0,0,0,0,0,0,0,0,-390000,0,0,0,27000,417000,-390000,-390000
055399,超眾統一99購01  ,0,0,0,0,0,0,0,0,0,-391000,0,0,0,90000,481000,-391000,-391000
055183,聯鈞統一97購01  ,0,0,0,0,0,0,0,0,0,-393000,0,0,0,338000,731000,-393000,-393000
055629,華新科永豐97購04,0,0,0,0,0,0,0,0,0,-393000,0,0,0,153000,546000,-393000,-393000
00641R,富邦日本反1     ,0,0,0,0,0,0,0,0,0,-393000,0,0,0,218000,611000,-393000,-393000
047431,儒鴻元大93購06  ,0,0,0,0,0,0,0,0,0,-396000,0,0,0,113000,509000,-396000,-396000
054958,亞光元大97購03  ,0,0,0,0,0,0,0,0,0,-396000,0,0,0,40000,436000,-396000,-396000
9935,慶豐富          ,39000,435000,-396000,0,0,0,0,0,0,0,0,0,0,0,0,0,-396000
048511,美律凱基93購07  ,0,0,0,0,0,0,0,0,0,-397000,0,0,0,13000,410000,-397000,-397000
051246,美律元大96購01  ,0,0,0,0,0,0,0,0,0,-397000,0,0,0,0,397000,-397000,-397000
054386,鴻海統一98購03  ,0,0,0,0,0,0,0,0,0,-397000,0,0,0,14000,411000,-397000,-397000
051999,勤誠元大95購01  ,0,0,0,0,0,0,0,0,0,-398000,0,0,0,60000,458000,-398000,-398000
050941,T50反1群益95購01,0,0,0,0,0,0,0,0,0,-400000,0,0,0,0,400000,-400000,-400000
051787,燿華國票96購02  ,0,0,0,0,0,0,0,0,0,-400000,0,0,0,0,400000,-400000,-400000
055131,茂林康和97購01  ,0,0,0,0,0,0,0,0,0,-401000,0,0,0,60000,461000,-401000,-401000
055700,緯穎國泰98購02  ,0,0,0,0,0,0,0,0,0,-402000,0,0,0,103000,505000,-402000,-402000
051997,康友元大95購02  ,0,0,0,0,0,0,0,0,0,-402000,0,0,0,180000,582000,-402000,-402000
2880,華南金          ,3206134,3675974,-469840,0,0,0,66000,0,66000,1000,1000,0,1000,0,0,0,-402840
049499,康控元大96購01  ,0,0,0,0,0,0,0,0,0,-403000,0,0,0,21000,424000,-403000,-403000
06479P,聯發科中信99售02,0,0,0,0,0,0,0,0,0,-403000,0,0,0,40000,443000,-403000,-403000
00634R,富邦上証反1     ,4000,514000,-510000,0,0,0,0,0,0,106000,13000,0,13000,351000,258000,93000,-404000
056137,聯鈞元大9A購01  ,0,0,0,0,0,0,0,0,0,-405000,0,0,0,161000,566000,-405000,-405000
046264,美律凱基93購05  ,0,0,0,0,0,0,0,0,0,-405000,0,0,0,31000,436000,-405000,-405000
051700,深中小群益99購04,0,0,0,0,0,0,0,0,0,-405000,0,0,0,256000,661000,-405000,-405000
6230,超眾            ,80000,177000,-97000,0,0,0,0,264000,-264000,-44000,43000,55000,-12000,16000,48000,-32000,-405000
056984,嘉晶群益98購01  ,0,0,0,0,0,0,0,0,0,-406000,0,0,0,0,406000,-406000,-406000
050913,全新中信97購01  ,0,0,0,0,0,0,0,0,0,-407000,0,0,0,0,407000,-407000,-407000
05871P,全新凱基96售04  ,0,0,0,0,0,0,0,0,0,-408000,0,0,0,31000,439000,-408000,-408000
2637,慧洋-KY         ,661000,1150000,-489000,0,0,0,0,0,0,80000,100000,0,100000,0,20000,-20000,-409000
04634P,臺股指群益94售09,0,0,0,0,0,0,0,0,0,-410000,0,0,0,20000,430000,-410000,-410000
055540,京鼎台新97購01  ,0,0,0,0,0,0,0,0,0,-411000,0,0,0,38000,449000,-411000,-411000
054251,聯發科元大96購21,0,0,0,0,0,0,0,0,0,-411000,0,0,0,0,411000,-411000,-411000
052386,鴻海群益96購02  ,0,0,0,0,0,0,0,0,0,-411000,0,0,0,31000,442000,-411000,-411000
053043,嘉晶凱基96購01  ,0,0,0,0,0,0,0,0,0,-412000,0,0,0,0,412000,-412000,-412000
1326,台化            ,1048000,1465429,-417429,0,0,0,31000,0,31000,-26000,0,0,0,4000,30000,-26000,-412429
047411,康控元富93購02  ,0,0,0,0,0,0,0,0,0,-413000,0,0,0,0,413000,-413000,-413000
055429,華新科群益99購01,0,0,0,0,0,0,0,0,0,-415000,0,0,0,28000,443000,-415000,-415000
055122,國巨兆豐98購01  ,0,0,0,0,0,0,0,0,0,-415000,0,0,0,34000,449000,-415000,-415000
05692P,聯發科中信9A售02,0,0,0,0,0,0,0,0,0,-415000,0,0,0,40000,455000,-415000,-415000
055391,光罩統一97購02  ,0,0,0,0,0,0,0,0,0,-417000,0,0,0,165000,582000,-417000,-417000
050680,上銀元富94購01  ,0,0,0,0,0,0,0,0,0,-417000,0,0,0,131000,548000,-417000,-417000
055524,鴻海群益98購01  ,0,0,0,0,0,0,0,0,0,-421000,0,0,0,114000,535000,-421000,-421000
2301,光寶科          ,831000,1267270,-436270,0,0,0,0,0,0,12000,45000,6000,39000,33000,60000,-27000,-424270
9938,百和            ,175000,238000,-63000,0,0,0,0,362000,-362000,0,4000,0,4000,10000,14000,-4000,-425000
050755,和大元富94購01  ,0,0,0,0,0,0,0,0,0,-426000,0,0,0,99000,525000,-426000,-426000
05977P,旺宏永豐96售06  ,0,0,0,0,0,0,0,0,0,-427000,0,0,0,0,427000,-427000,-427000
045572,元油2X元大98購01,0,0,0,0,0,0,0,0,0,-428000,0,0,0,317000,745000,-428000,-428000
053950,緯穎富邦97購02  ,0,0,0,0,0,0,0,0,0,-429000,0,0,0,32000,461000,-429000,-429000
057268,臻鼎兆豐99購01  ,0,0,0,0,0,0,0,0,0,-430000,0,0,0,0,430000,-430000,-430000
056190,昇陽半統一97購01,0,0,0,0,0,0,0,0,0,-433000,0,0,0,56000,489000,-433000,-433000
053823,茂林群益96購06  ,0,0,0,0,0,0,0,0,0,-434000,0,0,0,173000,607000,-434000,-434000
055707,聯鈞永豐98購01  ,0,0,0,0,0,0,0,0,0,-435000,0,0,0,60000,495000,-435000,-435000
052043,瑞昱日盛95購01  ,0,0,0,0,0,0,0,0,0,-435000,0,0,0,387000,822000,-435000,-435000
051157,華新科富邦98購01,0,0,0,0,0,0,0,0,0,-437000,0,0,0,53000,490000,-437000,-437000
05450P,臺股指元大95售27,0,0,0,0,0,0,0,0,0,-437000,0,0,0,613000,1050000,-437000,-437000
055065,神達永豐97購01  ,0,0,0,0,0,0,0,0,0,-442000,0,0,0,496000,938000,-442000,-442000
06454P,緯穎元大98售04  ,0,0,0,0,0,0,0,0,0,-442000,0,0,0,179000,621000,-442000,-442000
2439,美律            ,242000,660000,-418000,0,0,0,0,0,0,-24000,46000,57000,-11000,71000,84000,-13000,-442000
055959,美律元大97購03  ,0,0,0,0,0,0,0,0,0,-443000,0,0,0,7000,450000,-443000,-443000
052914,奇力新元富96購01,0,0,0,0,0,0,0,0,0,-443000,0,0,0,447000,890000,-443000,-443000
1310,台苯            ,665000,1108000,-443000,0,0,0,0,0,0,0,0,0,0,0,0,0,-443000
00646,元大S&P500      ,0,53000,-53000,0,0,0,0,0,0,-393000,0,0,0,42000,435000,-393000,-446000
052925,日電貿永豐96購01,0,0,0,0,0,0,0,0,0,-449000,0,0,0,27000,476000,-449000,-449000
044269,群創中信95購01  ,0,0,0,0,0,0,0,0,0,-450000,0,0,0,475000,925000,-450000,-450000
051297,台積電凱基95購07,0,0,0,0,0,0,0,0,0,-450000,0,0,0,60000,510000,-450000,-450000
055891,鴻海統一9A購01  ,0,0,0,0,0,0,0,0,0,-451000,0,0,0,196000,647000,-451000,-451000
056739,美律凱基98購04  ,0,0,0,0,0,0,0,0,0,-451000,0,0,0,67000,518000,-451000,-451000
050986,上証2X永昌97購01,0,0,0,0,0,0,0,0,0,-452000,0,0,0,0,452000,-452000,-452000
05515P,台積電群益96售03,0,0,0,0,0,0,0,0,0,-453000,0,0,0,540000,993000,-453000,-453000
052545,康控元富95購02  ,0,0,0,0,0,0,0,0,0,-453000,0,0,0,126000,579000,-453000,-453000
056819,奇力新永豐98購01,0,0,0,0,0,0,0,0,0,-454000,0,0,0,0,454000,-454000,-454000
03926P,麗豐元大93售02  ,0,0,0,0,0,0,0,0,0,-454000,0,0,0,47000,501000,-454000,-454000
052205,台積電中信95購09,0,0,0,0,0,0,0,0,0,-455000,0,0,0,15000,470000,-455000,-455000
047993,鑽全元大96購01  ,0,0,0,0,0,0,0,0,0,-456000,0,0,0,122000,578000,-456000,-456000
053478,京鼎元大96購01  ,0,0,0,0,0,0,0,0,0,-458000,0,0,0,195000,653000,-458000,-458000
051944,智邦統一95購02  ,0,0,0,0,0,0,0,0,0,-459000,0,0,0,100000,559000,-459000,-459000
04633P,旺宏群益96售04  ,0,0,0,0,0,0,0,0,0,-460000,0,0,0,0,460000,-460000,-460000
06029P,聯發科台新96售02,0,0,0,0,0,0,0,0,0,-460000,0,0,0,8000,468000,-460000,-460000
047690,美律富邦97購01  ,0,0,0,0,0,0,0,0,0,-463000,0,0,0,26000,489000,-463000,-463000
049177,美律凱基94購02  ,0,0,0,0,0,0,0,0,0,-464000,0,0,0,0,464000,-464000,-464000
054783,國巨群益98購04  ,0,0,0,0,0,0,0,0,0,-464000,0,0,0,15000,479000,-464000,-464000
049539,元油2X群益9A購01,0,0,0,0,0,0,0,0,0,-465000,0,0,0,192000,657000,-465000,-465000
055843,美律元大97購02  ,0,0,0,0,0,0,0,0,0,-467000,0,0,0,10000,477000,-467000,-467000
055446,奇力新統一9A購01,0,0,0,0,0,0,0,0,0,-468000,0,0,0,174000,642000,-468000,-468000
2615,萬海            ,147000,197000,-50000,0,0,0,0,420000,-420000,2000,2000,0,2000,0,0,0,-468000
055205,京鼎中信99購01  ,0,0,0,0,0,0,0,0,0,-469000,0,0,0,115000,584000,-469000,-469000
055723,康控元大97購04  ,0,0,0,0,0,0,0,0,0,-469000,0,0,0,80000,549000,-469000,-469000
3035,智原            ,467000,789000,-322000,0,0,0,0,0,0,-147000,15000,32000,-17000,14000,144000,-130000,-469000
050030,嘉晶元大94購03  ,0,0,0,0,0,0,0,0,0,-470000,0,0,0,0,470000,-470000,-470000
050897,嘉晶元大95購03  ,0,0,0,0,0,0,0,0,0,-470000,0,0,0,10000,480000,-470000,-470000
05729P,臺股指凱基97售02,0,0,0,0,0,0,0,0,0,-473000,0,0,0,332000,805000,-473000,-473000
056626,同欣電永豐98購01,0,0,0,0,0,0,0,0,0,-476000,0,0,0,0,476000,-476000,-476000
056089,同欣電統一98購01,0,0,0,0,0,0,0,0,0,-476000,0,0,0,0,476000,-476000,-476000
049770,康控元富95購01  ,0,0,0,0,0,0,0,0,0,-476000,0,0,0,95000,571000,-476000,-476000
055138,大毅永豐97購02  ,0,0,0,0,0,0,0,0,0,-479000,0,0,0,47000,526000,-479000,-479000
04644P,全新凱基94售01  ,0,0,0,0,0,0,0,0,0,-479000,0,0,0,11000,490000,-479000,-479000
047470,聯發科中信94購03,0,0,0,0,0,0,0,0,0,-480000,0,0,0,0,480000,-480000,-480000
052670,茂林群益96購02  ,0,0,0,0,0,0,0,0,0,-480000,0,0,0,221000,701000,-480000,-480000
4142,國光生          ,507000,1087000,-580000,0,0,0,0,0,0,100000,100000,0,100000,0,0,0,-480000
056936,禾伸堂元富98購01,0,0,0,0,0,0,0,0,0,-483000,0,0,0,38000,521000,-483000,-483000
045414,康控群益94購02  ,0,0,0,0,0,0,0,0,0,-484000,0,0,0,150000,634000,-484000,-484000
053644,台表科國票97購03,0,0,0,0,0,0,0,0,0,-484000,0,0,0,38000,522000,-484000,-484000
051500,聯茂群益95購01  ,0,0,0,0,0,0,0,0,0,-486000,0,0,0,75000,561000,-486000,-486000
057196,茂林台新98購01  ,0,0,0,0,0,0,0,0,0,-487000,0,0,0,129000,616000,-487000,-487000
055415,禾伸堂富邦9B購01,0,0,0,0,0,0,0,0,0,-488000,0,0,0,177000,665000,-488000,-488000
3443,創意            ,515000,801000,-286000,0,0,0,0,227000,-227000,24000,6000,6000,0,47000,23000,24000,-489000
2504,國產            ,512000,1069000,-557000,0,0,0,0,0,0,66000,0,0,0,70000,4000,66000,-491000
055058,大毅永豐97購01  ,0,0,0,0,0,0,0,0,0,-492000,0,0,0,53000,545000,-492000,-492000
3034,聯詠            ,2748000,3270073,-522073,0,0,0,100000,221000,-121000,150000,230000,32000,198000,14000,62000,-48000,-493073
044816,漢唐兆豐93購02  ,0,0,0,0,0,0,0,0,0,-494000,0,0,0,0,494000,-494000,-494000
04342P,揚明光永豐93售03,0,0,0,0,0,0,0,0,0,-495000,0,0,0,0,495000,-495000,-495000
048842,矽格凱基94購01  ,0,0,0,0,0,0,0,0,0,-496000,0,0,0,57000,553000,-496000,-496000
054776,矽創國票98購01  ,0,0,0,0,0,0,0,0,0,-497000,0,0,0,63000,560000,-497000,-497000
054711,禾伸堂元富97購01,0,0,0,0,0,0,0,0,0,-498000,0,0,0,47000,545000,-498000,-498000
053589,宏達電元大97購02,0,0,0,0,0,0,0,0,0,-498000,0,0,0,2000,500000,-498000,-498000
055157,晶豪科元大97購01,0,0,0,0,0,0,0,0,0,-499000,0,0,0,142000,641000,-499000,-499000
03331P,臺股指群益02售05,0,0,0,0,0,0,0,0,0,-499000,0,0,0,0,499000,-499000,-499000
04034P,技嘉群益93售03  ,0,0,0,0,0,0,0,0,0,-499000,0,0,0,0,499000,-499000,-499000
049216,華邦電國票95購01,0,0,0,0,0,0,0,0,0,-499000,0,0,0,0,499000,-499000,-499000
053747,滬深2X永豐96購05,0,0,0,0,0,0,0,0,0,-499000,0,0,0,10000,509000,-499000,-499000
055635,緯穎永豐97購01  ,0,0,0,0,0,0,0,0,0,-503000,0,0,0,50000,553000,-503000,-503000
03202P,聯電凱基01售03  ,0,0,0,0,0,0,0,0,0,-505000,0,0,0,0,505000,-505000,-505000
044526,訊芯凱基93購02  ,0,0,0,0,0,0,0,0,0,-506000,0,0,0,0,506000,-506000,-506000
052648,茂林永豐96購01  ,0,0,0,0,0,0,0,0,0,-506000,0,0,0,22000,528000,-506000,-506000
2634,漢翔            ,64000,582000,-518000,0,0,0,0,0,0,10000,10000,0,10000,0,0,0,-508000
053593,晶技元大98購01  ,0,0,0,0,0,0,0,0,0,-509000,0,0,0,0,509000,-509000,-509000
052225,台積電凱基96購03,0,0,0,0,0,0,0,0,0,-510000,0,0,0,23000,533000,-510000,-510000
053470,華邦電元大96購02,0,0,0,0,0,0,0,0,0,-515000,0,0,0,549000,1064000,-515000,-515000
06081P,深中小元大97售02,0,0,0,0,0,0,0,0,0,-515000,0,0,0,190000,705000,-515000,-515000
055985,聯鈞元富97購01  ,0,0,0,0,0,0,0,0,0,-516000,0,0,0,123000,639000,-516000,-516000
055902,同欣電中信99購01,0,0,0,0,0,0,0,0,0,-518000,0,0,0,10000,528000,-518000,-518000
056517,茂林兆豐99購01  ,0,0,0,0,0,0,0,0,0,-518000,0,0,0,207000,725000,-518000,-518000
045462,美律元大93購04  ,0,0,0,0,0,0,0,0,0,-519000,0,0,0,5000,524000,-519000,-519000
055292,聯鈞元大97購02  ,0,0,0,0,0,0,0,0,0,-520000,0,0,0,161000,681000,-520000,-520000
1714,和桐            ,421000,941000,-520000,0,0,0,0,0,0,0,0,0,0,0,0,0,-520000
056601,鈺齊元富98購01  ,0,0,0,0,0,0,0,0,0,-521000,0,0,0,0,521000,-521000,-521000
052815,滬深2X永豐97購01,0,0,0,0,0,0,0,0,0,-521000,0,0,0,0,521000,-521000,-521000
05299P,旺宏元大95售04  ,0,0,0,0,0,0,0,0,0,-524000,0,0,0,0,524000,-524000,-524000
06222P,致茂元富97售02  ,0,0,0,0,0,0,0,0,0,-526000,0,0,0,84000,610000,-526000,-526000
049420,日電貿凱基94購01,0,0,0,0,0,0,0,0,0,-528000,0,0,0,0,528000,-528000,-528000
056009,奇力新中信98購03,0,0,0,0,0,0,0,0,0,-529000,0,0,0,30000,559000,-529000,-529000
055028,佐登國泰98購01  ,350000,0,350000,0,0,0,0,0,0,-880000,0,0,0,417000,1297000,-880000,-530000
1609,大亞            ,9000,539000,-530000,0,0,0,0,0,0,0,0,0,0,0,0,0,-530000
055733,奇力新元富97購01,0,0,0,0,0,0,0,0,0,-531000,0,0,0,185000,716000,-531000,-531000
056857,國巨群益99購02  ,0,0,0,0,0,0,0,0,0,-535000,0,0,0,16000,551000,-535000,-535000
3338,泰碩            ,246000,735000,-489000,0,0,0,0,0,0,-49000,1000,3000,-2000,7000,54000,-47000,-538000
055879,神達元富97購01  ,0,0,0,0,0,0,0,0,0,-540000,0,0,0,2000,542000,-540000,-540000
050971,緯穎永豐95購01  ,0,0,0,0,0,0,0,0,0,-541000,0,0,0,48000,589000,-541000,-541000
056589,康控統一98購01  ,0,0,0,0,0,0,0,0,0,-543000,0,0,0,4000,547000,-543000,-543000
054891,聯鈞統一99購02  ,0,0,0,0,0,0,0,0,0,-543000,0,0,0,503000,1046000,-543000,-543000
045470,康控元大94購03  ,0,0,0,0,0,0,0,0,0,-547000,0,0,0,16000,563000,-547000,-547000
3044,健鼎            ,274000,937200,-663200,0,0,0,0,0,0,116000,134000,4000,130000,2000,16000,-14000,-547200
055017,緯穎元富97購01  ,0,0,0,0,0,0,0,0,0,-549000,0,0,0,87000,636000,-549000,-549000
053032,國巨兆豐97購02  ,0,0,0,0,0,0,0,0,0,-549000,0,0,0,93000,642000,-549000,-549000
055243,國巨統一97購04  ,0,0,0,0,0,0,0,0,0,-553000,0,0,0,53000,606000,-553000,-553000
056059,美律元大98購02  ,0,0,0,0,0,0,0,0,0,-557000,0,0,0,43000,600000,-557000,-557000
054767,日電貿國票98購01,0,0,0,0,0,0,0,0,0,-557000,0,0,0,0,557000,-557000,-557000
054425,聯發科富邦99購03,10000,0,10000,0,0,0,0,0,0,-567000,0,0,0,134000,701000,-567000,-557000
4958,臻鼎-KY         ,551000,1344400,-793400,0,0,0,184000,100000,84000,151000,147000,10000,137000,45000,31000,14000,-558400
5607,遠雄港          ,113000,577000,-464000,0,0,0,0,0,0,-100000,0,100000,-100000,0,0,0,-564000
055722,聯鈞元大97購03  ,0,0,0,0,0,0,0,0,0,-566000,0,0,0,415000,981000,-566000,-566000
052565,上銀凱基96購01  ,0,0,0,0,0,0,0,0,0,-566000,0,0,0,116000,682000,-566000,-566000
00669R,國泰美國道瓊反1 ,0,0,0,0,0,0,0,0,0,-567000,0,0,0,276000,843000,-567000,-567000
054680,華新科康和97購02,0,0,0,0,0,0,0,0,0,-567000,0,0,0,360000,927000,-567000,-567000
052644,聯發科永豐96購01,0,0,0,0,0,0,0,0,0,-568000,0,0,0,70000,638000,-568000,-568000
055875,光罩元富97購02  ,0,0,0,0,0,0,0,0,0,-574000,0,0,0,0,574000,-574000,-574000
045053,聯發科元富98購01,5000,0,5000,0,0,0,0,0,0,-579000,0,0,0,139000,718000,-579000,-574000
03016P,滬深2X群益01售09,0,0,0,0,0,0,0,0,0,-575000,0,0,0,0,575000,-575000,-575000
054206,鴻海國票99購01  ,0,0,0,0,0,0,0,0,0,-575000,0,0,0,131000,706000,-575000,-575000
047844,台虹元大93購02  ,0,0,0,0,0,0,0,0,0,-576000,0,0,0,20000,596000,-576000,-576000
053981,康控元大96購05  ,0,0,0,0,0,0,0,0,0,-576000,0,0,0,20000,596000,-576000,-576000
055181,日電貿統一97購01,0,0,0,0,0,0,0,0,0,-579000,0,0,0,0,579000,-579000,-579000
048068,南亞科元富95購01,0,0,0,0,0,0,0,0,0,-585000,0,0,0,53000,638000,-585000,-585000
054383,傳奇群益97購01  ,0,0,0,0,0,0,0,0,0,-586000,0,0,0,0,586000,-586000,-586000
053884,緯穎第一96購01  ,0,0,0,0,0,0,0,0,0,-588000,0,0,0,20000,608000,-588000,-588000
3698,隆達            ,288000,878000,-590000,0,0,0,0,0,0,2000,2000,0,2000,0,0,0,-588000
055263,華新科富邦9A購01,0,0,0,0,0,0,0,0,0,-590000,0,0,0,185000,775000,-590000,-590000
052627,中壽中信98購01  ,0,0,0,0,0,0,0,0,0,-590000,0,0,0,0,590000,-590000,-590000
047504,滬深2X國票9A購01,0,0,0,0,0,0,0,0,0,-593000,0,0,0,1000,594000,-593000,-593000
055198,奇力新第一97購01,0,0,0,0,0,0,0,0,0,-595000,0,0,0,0,595000,-595000,-595000
054838,京鼎第一97購01  ,0,0,0,0,0,0,0,0,0,-596000,0,0,0,10000,606000,-596000,-596000
050835,GIS凱基96購01   ,0,0,0,0,0,0,0,0,0,-600000,0,0,0,0,600000,-600000,-600000
05090P,國巨元大95售05  ,0,0,0,0,0,0,0,0,0,-600000,0,0,0,36000,636000,-600000,-600000
050172,臺指反元大98購02,0,0,0,0,0,0,0,0,0,-600000,0,0,0,60000,660000,-600000,-600000
00638R,元大滬深300反1  ,203000,87000,116000,0,0,0,0,0,0,-720000,0,164000,-164000,97000,653000,-556000,-604000
049891,T50反1富邦94購02,0,0,0,0,0,0,0,0,0,-604000,0,0,0,0,604000,-604000,-604000
047969,台達電富邦97購01,0,0,0,0,0,0,0,0,0,-612000,0,0,0,70000,682000,-612000,-612000
055531,華新科群益98購03,0,0,0,0,0,0,0,0,0,-614000,0,0,0,28000,642000,-614000,-614000
052827,昇陽半永豐97購01,0,0,0,0,0,0,0,0,0,-617000,0,0,0,12000,629000,-617000,-617000
04914P,國巨國泰95售06  ,0,0,0,0,0,0,0,0,0,-619000,0,0,0,0,619000,-619000,-619000
055001,京鼎元富97購01  ,0,0,0,0,0,0,0,0,0,-619000,0,0,0,215000,834000,-619000,-619000
054833,京鼎中信97購01  ,0,0,0,0,0,0,0,0,0,-623000,0,0,0,170000,793000,-623000,-623000
2421,建準            ,221000,842000,-621000,0,0,0,0,0,0,-7000,41000,0,41000,13000,61000,-48000,-628000
9105,泰金寶-DR       ,0,632000,-632000,0,0,0,0,0,0,0,0,0,0,0,0,0,-632000
055093,京鼎群益98購01  ,0,0,0,0,0,0,0,0,0,-633000,0,0,0,26000,659000,-633000,-633000
04294P,台積電元大95售01,0,0,0,0,0,0,0,0,0,-633000,0,0,0,0,633000,-633000,-633000
056346,聯茂凱基99購02  ,0,0,0,0,0,0,0,0,0,-634000,0,0,0,30000,664000,-634000,-634000
056310,神達元大97購02  ,0,0,0,0,0,0,0,0,0,-634000,0,0,0,129000,763000,-634000,-634000
056982,華新科群益98購05,0,0,0,0,0,0,0,0,0,-636000,0,0,0,27000,663000,-636000,-636000
054889,京鼎統一99購01  ,0,0,0,0,0,0,0,0,0,-636000,0,0,0,56000,692000,-636000,-636000
055746,同欣電元富97購01,0,0,0,0,0,0,0,0,0,-639000,0,0,0,90000,729000,-639000,-639000
057107,華新科群益98購06,0,0,0,0,0,0,0,0,0,-645000,0,0,0,12000,657000,-645000,-645000
054848,群創兆豐98購01  ,0,0,0,0,0,0,0,0,0,-645000,0,0,0,0,645000,-645000,-645000
051322,國泰金國票96購01,0,0,0,0,0,0,0,0,0,-652000,0,0,0,0,652000,-652000,-652000
055844,大毅元大98購01  ,0,0,0,0,0,0,0,0,0,-662000,0,0,0,541000,1203000,-662000,-662000
056093,大毅元富97購01  ,0,0,0,0,0,0,0,0,0,-668000,0,0,0,0,668000,-668000,-668000
06161P,聯發科群益97售03,0,0,0,0,0,0,0,0,0,-679000,0,0,0,26000,705000,-679000,-679000
6005,群益證          ,138000,823000,-685000,0,0,0,0,0,0,0,0,0,0,0,0,0,-685000
057046,奇力新元大99購03,0,0,0,0,0,0,0,0,0,-693000,0,0,0,229000,922000,-693000,-693000
6176,瑞儀            ,292000,936200,-644200,0,0,0,0,0,0,-50000,2000,12000,-10000,3000,43000,-40000,-694200
05105P,大立光台新95售02,0,0,0,0,0,0,0,0,0,-699000,0,0,0,0,699000,-699000,-699000
045897,泰鼎元大93購04  ,0,0,0,0,0,0,0,0,0,-706000,0,0,0,140000,846000,-706000,-706000
056136,京鼎元大98購01  ,0,0,0,0,0,0,0,0,0,-710000,0,0,0,20000,730000,-710000,-710000
048527,鴻海國票94購02  ,0,0,0,0,0,0,0,0,0,-710000,0,0,0,1000,711000,-710000,-710000
056821,日電貿永豐98購01,0,0,0,0,0,0,0,0,0,-714000,0,0,0,28000,742000,-714000,-714000
2458,義隆            ,622000,1375000,-753000,0,0,0,25000,0,25000,11000,20000,0,20000,10000,19000,-9000,-717000
053208,鴻海凱基96購13  ,0,0,0,0,0,0,0,0,0,-718000,0,0,0,0,718000,-718000,-718000
055852,聯鈞元大98購01  ,0,0,0,0,0,0,0,0,0,-719000,0,0,0,289000,1008000,-719000,-719000
050685,緯穎元富94購02  ,0,0,0,0,0,0,0,0,0,-731000,0,0,0,331000,1062000,-731000,-731000
050991,元油2X元大96購04,0,0,0,0,0,0,0,0,0,-738000,0,0,0,279000,1017000,-738000,-738000
056200,大毅永豐98購01  ,0,0,0,0,0,0,0,0,0,-741000,0,0,0,183000,924000,-741000,-741000
052435,滬深2X富邦96購05,0,0,0,0,0,0,0,0,0,-741000,0,0,0,1000,742000,-741000,-741000
05186P,鈺齊中信95售02  ,0,0,0,0,0,0,0,0,0,-749000,0,0,0,0,749000,-749000,-749000
056516,晶豪科兆豐98購01,0,0,0,0,0,0,0,0,0,-750000,0,0,0,57000,807000,-750000,-750000
053675,臺股指元富96購02,0,0,0,0,0,0,0,0,0,-758000,0,0,0,6000,764000,-758000,-758000
05361P,聯發科富邦97售01,0,0,0,0,0,0,0,0,0,-759000,0,0,0,0,759000,-759000,-759000
057078,國巨統一9A購02  ,0,0,0,0,0,0,0,0,0,-761000,0,0,0,25000,786000,-761000,-761000
054983,國巨元富97購04  ,0,0,0,0,0,0,0,0,0,-766000,0,0,0,443000,1209000,-766000,-766000
054278,晶技群益97購02  ,0,0,0,0,0,0,0,0,0,-769000,0,0,0,0,769000,-769000,-769000
6116,彩晶            ,1946000,2315622,-369622,0,0,0,0,0,0,-404000,12000,6000,6000,52000,462000,-410000,-773622
04289P,臺股指中信95售07,0,0,0,0,0,0,0,0,0,-785000,0,0,0,0,785000,-785000,-785000
054991,南亞科元富97購01,0,0,0,0,0,0,0,0,0,-789000,0,0,0,46000,835000,-789000,-789000
056166,微星台新97購01  ,0,0,0,0,0,0,0,0,0,-798000,0,0,0,215000,1013000,-798000,-798000
047421,聯茂富邦97購01  ,0,0,0,0,0,0,0,0,0,-806000,0,0,0,103000,909000,-806000,-806000
048744,儒鴻元富97購01  ,0,0,0,0,0,0,0,0,0,-818000,0,0,0,0,818000,-818000,-818000
048269,瀚宇博國泰95購01,0,0,0,0,0,0,0,0,0,-820000,0,0,0,100000,920000,-820000,-820000
06245P,健策元富97售03  ,0,0,0,0,0,0,0,0,0,-826000,0,0,0,24000,850000,-826000,-826000
00701,國泰股利精選30  ,1000,3000,-2000,0,0,0,0,0,0,-830000,0,0,0,231000,1061000,-830000,-832000
2823,中壽            ,2132000,2825414,-693414,0,0,0,0,0,0,-148000,0,226000,-226000,82000,4000,78000,-841414
048733,台勝科麥證95購02,0,0,0,86000,928000,-842000,0,0,0,-842000,0,0,0,86000,928000,-842000,-842000
055194,昇陽半元富97購01,0,0,0,0,0,0,0,0,0,-845000,0,0,0,55000,900000,-845000,-845000
05791P,臺股指中信99售06,0,0,0,0,0,0,0,0,0,-856000,0,0,0,0,856000,-856000,-856000
06348P,鈺齊元富97售02  ,0,0,0,0,0,0,0,0,0,-859000,0,0,0,0,859000,-859000,-859000
2812,台中銀          ,395000,1248000,-853000,0,0,0,19000,0,19000,-27000,0,27000,-27000,0,0,0,-861000
2890,永豐金          ,1651000,2597542,-946542,0,0,0,77000,0,77000,5000,5000,0,5000,0,0,0,-864542
00671R,富邦NASDAQ反1   ,0,0,0,0,0,0,0,0,0,-881000,0,0,0,0,881000,-881000,-881000
2455,全新            ,367000,589000,-222000,0,0,0,18000,552000,-534000,-139000,93000,93000,0,19000,158000,-139000,-895000
1605,華新            ,880000,1397000,-517000,0,0,0,0,0,0,-378000,8000,0,8000,0,386000,-386000,-895000
1402,遠東新          ,1828000,3034401,-1206401,0,0,0,28000,0,28000,282000,288000,3000,285000,0,3000,-3000,-896401
00717,富邦美國特別股  ,0,0,0,0,0,0,0,0,0,-903000,0,95000,-95000,341000,1149000,-808000,-903000
044104,鴻海中信95購03  ,0,0,0,0,0,0,0,0,0,-915000,0,0,0,0,915000,-915000,-915000
054497,國巨永豐96購05  ,0,0,0,0,0,0,0,0,0,-925000,0,0,0,302000,1227000,-925000,-925000
048007,明基材元大96購01,0,0,0,0,0,0,0,0,0,-930000,0,0,0,228000,1158000,-930000,-930000
054095,同欣電群益98購03,0,0,0,0,0,0,0,0,0,-930000,0,0,0,97000,1027000,-930000,-930000
052291,鴻海元富97購02  ,0,0,0,0,0,0,0,0,0,-932000,0,0,0,105000,1037000,-932000,-932000
5871,中租-KY         ,567000,1515945,-948945,0,0,0,0,0,0,12000,12000,1000,11000,1000,0,1000,-936945
00664R,國泰臺灣加權反1 ,0,0,0,0,0,0,0,0,0,-943000,0,0,0,53000,996000,-943000,-943000
055655,群創元富99購07  ,0,0,0,0,0,0,0,0,0,-948000,0,0,0,351000,1299000,-948000,-948000
05638P,國巨統一96售04  ,0,0,0,0,0,0,0,0,0,-950000,0,0,0,556000,1506000,-950000,-950000
2104,國際中橡        ,745000,1712200,-967200,0,0,0,0,0,0,11000,11000,0,11000,0,0,0,-956200
03253P,台灣50國泰03售02,0,0,0,0,0,0,0,0,0,-959000,0,0,0,100000,1059000,-959000,-959000
2317,鴻海            ,9621532,12242603,-2621071,0,0,0,0,45000,-45000,1699000,63000,0,63000,1731000,95000,1636000,-967071
3661,世芯-KY         ,282000,1210000,-928000,0,0,0,0,0,0,-41000,27000,16000,11000,1000,53000,-52000,-969000
2603,長榮            ,2088000,2007911,80089,0,0,0,0,0,0,-1077000,3000,1080000,-1077000,0,0,0,-996911
04296P,技嘉元大93售01  ,0,0,0,0,0,0,0,0,0,-997000,0,0,0,9000,1006000,-997000,-997000
04749P,臺股指元大94售25,0,0,0,0,0,0,0,0,0,-998000,0,0,0,0,998000,-998000,-998000
052986,聯發科元大97購05,0,0,0,0,0,0,0,0,0,-1025000,0,0,0,137000,1162000,-1025000,-1025000
2887,台新金          ,2256000,3301422,-1045422,0,0,0,73000,0,73000,-66000,0,0,0,0,66000,-66000,-1038422
051505,台積電元富95購05,0,0,0,0,0,0,0,0,0,-1070000,0,0,0,1754000,2824000,-1070000,-1070000
055518,華新科中信99購01,0,0,0,0,0,0,0,0,0,-1075000,0,0,0,229000,1304000,-1075000,-1075000
2448,晶電            ,1300000,928000,372000,0,0,0,0,1486000,-1486000,33000,136000,96000,40000,0,7000,-7000,-1081000
056187,京鼎統一97購01  ,0,0,0,0,0,0,0,0,0,-1090000,0,0,0,135000,1225000,-1090000,-1090000
1101,台泥            ,2912000,4451766,-1539766,0,0,0,65000,0,65000,361000,500000,0,500000,15000,154000,-139000,-1113766
056485,同欣電元大98購01,0,0,0,0,0,0,0,0,0,-1124000,0,0,0,378000,1502000,-1124000,-1124000
052981,鴻海元大97購05  ,0,0,0,0,0,0,0,0,0,-1131000,0,0,0,130000,1261000,-1131000,-1131000
053856,台積電富邦98購01,0,0,0,0,0,0,0,0,0,-1137000,0,0,0,437000,1574000,-1137000,-1137000
2377,微星            ,695000,1601092,-906092,0,0,0,54000,200000,-146000,-89000,49000,71000,-22000,86000,153000,-67000,-1141092
055018,緯穎元富97購02  ,0,0,0,0,0,0,0,0,0,-1153000,0,0,0,81000,1234000,-1153000,-1153000
056580,泰鼎元大9A購01  ,0,0,0,0,0,0,0,0,0,-1183000,0,0,0,906000,2089000,-1183000,-1183000
2882,國泰金          ,1608998,2868188,-1259190,0,0,0,63000,0,63000,11000,0,0,0,27000,16000,11000,-1185190
048381,T50反1國票94購03,0,0,0,0,0,0,0,0,0,-1217000,0,0,0,353000,1570000,-1217000,-1217000
8105,凌巨            ,366000,1614000,-1248000,0,0,0,0,0,0,1000,1000,0,1000,0,0,0,-1247000
053949,康控富邦9A購01  ,0,0,0,0,0,0,0,0,0,-1251000,0,0,0,549000,1800000,-1251000,-1251000
0050,元大台灣50      ,2200,1729000,-1726800,0,0,0,157000,0,157000,307000,79000,295000,-216000,999000,476000,523000,-1262800
054395,華新科永豐96購03,0,0,0,0,0,0,0,0,0,-1265000,0,0,0,86000,1351000,-1265000,-1265000
044201,群創國票95購01  ,0,0,0,0,0,0,0,0,0,-1343000,0,0,0,140000,1483000,-1343000,-1343000
2330,台積電          ,11853975,12828705,-974730,0,0,0,2000,82000,-80000,-310000,126000,125000,1000,132000,443000,-311000,-1364730
053717,聯發科凱基96購17,0,0,0,0,0,0,0,0,0,-1385000,0,0,0,392000,1777000,-1385000,-1385000
04383P,泰鼎國泰95售01  ,0,0,0,0,0,0,0,0,0,-1402000,0,0,0,200000,1602000,-1402000,-1402000
3017,奇鋐            ,325000,1530000,-1205000,0,0,0,0,0,0,-199000,2000,0,2000,31000,232000,-201000,-1404000
054647,禾伸堂群益99購01,0,0,0,0,0,0,0,0,0,-1466000,0,0,0,60000,1526000,-1466000,-1466000
1301,台塑            ,1923000,3397504,-1474504,0,0,0,0,0,0,4000,0,0,0,4000,0,4000,-1470504
051732,華通國票97購01  ,0,0,0,0,0,0,0,0,0,-1493000,0,0,0,4000,1497000,-1493000,-1493000
04433P,上証2X國票95售01,0,0,0,0,0,0,0,0,0,-1504000,0,0,0,15000,1519000,-1504000,-1504000
06193P,台積電元富97售04,0,0,0,0,0,0,0,0,0,-1521000,0,0,0,1202000,2723000,-1521000,-1521000
046205,明基材凱基93購01,0,0,0,0,0,0,0,0,0,-1525000,0,0,0,40000,1565000,-1525000,-1525000
050363,臺指反元大98購04,0,0,0,0,0,0,0,0,0,-1549000,0,0,0,20000,1569000,-1549000,-1549000
3704,合勤控          ,231000,1796000,-1565000,0,0,0,0,0,0,-96000,1000,0,1000,49000,146000,-97000,-1661000
2610,華航            ,3332000,4426000,-1094000,0,0,0,0,0,0,-612000,8000,0,8000,0,620000,-620000,-1706000
2430,燦坤            ,0,1798000,-1798000,0,0,0,0,0,0,0,0,0,0,0,0,0,-1798000
06229P,欣興凱基97售07  ,0,0,0,0,0,0,0,0,0,-1817000,0,0,0,218000,2035000,-1817000,-1817000
5880,合庫金          ,1329000,3247660,-1918660,0,0,0,68000,0,68000,1000,2000,1000,1000,0,0,0,-1849660
054556,世芯凱基99購01  ,0,0,0,0,0,0,0,0,0,-1860000,0,0,0,182000,2042000,-1860000,-1860000
051259,鴻海永昌96購03  ,0,0,0,0,0,0,0,0,0,-1872000,0,0,0,1598000,3470000,-1872000,-1872000
052314,鴻海元大96購11  ,0,0,0,0,0,0,0,0,0,-1908000,0,0,0,1068000,2976000,-1908000,-1908000
020000,富邦特選蘋果N   ,0,0,0,0,0,0,0,0,0,-1998000,0,0,0,17000,2015000,-1998000,-1998000
1216,統一            ,1616000,3781772,-2165772,0,0,0,110000,0,110000,18000,13000,0,13000,7000,2000,5000,-2037772
05891P,聯發科中信98售03,0,0,0,0,0,0,0,0,0,-2175000,0,0,0,0,2175000,-2175000,-2175000
052852,國巨元富96購02  ,0,10000,-10000,0,0,0,0,0,0,-2251000,0,0,0,1450000,3701000,-2251000,-2261000
05091P,台積電元大95售11,0,0,0,0,0,0,0,0,0,-2301000,0,0,0,638000,2939000,-2301000,-2301000
2886,兆豐金          ,2454000,4796295,-2342295,0,0,0,78000,0,78000,-94000,2000,4000,-2000,0,92000,-92000,-2358295
03033P,微星國票03售01  ,0,0,0,0,0,0,0,0,0,-2420000,0,0,0,0,2420000,-2420000,-2420000
2834,臺企銀          ,1004000,3490142,-2486142,0,0,0,38000,0,38000,-22000,3000,25000,-22000,0,0,0,-2470142
2376,技嘉            ,2441000,3821000,-1380000,0,0,0,155000,0,155000,-1284000,64000,177000,-113000,207000,1378000,-1171000,-2509000
2885,元大金          ,2100000,5015301,-2915301,0,0,0,81000,0,81000,-165000,4000,9000,-5000,74000,234000,-160000,-2999301
054400,健策永豐96購02  ,0,0,0,0,0,0,0,0,0,-3044000,0,0,0,1440000,4484000,-3044000,-3044000
9904,寶成            ,2136000,5171271,-3035271,0,0,0,19000,0,19000,-32000,8000,40000,-32000,0,0,0,-3048271
2382,廣達            ,3087000,6763315,-3676315,0,0,0,21000,0,21000,511000,579000,4000,575000,0,64000,-64000,-3144315
2618,長榮航          ,2563000,4777986,-2214986,0,0,0,21000,679000,-658000,-308000,111000,52000,59000,4000,371000,-367000,-3180986
2409,友達            ,12631129,16810003,-4178874,0,0,0,1951000,2137000,-186000,1151000,1284000,700000,584000,612000,45000,567000,-3213874
2313,華通            ,2151000,4645500,-2494500,0,0,0,336000,558000,-222000,-540000,65000,370000,-305000,182000,417000,-235000,-3256500
054713,國巨中信9B購01  ,0,0,0,0,0,0,0,0,0,-3260000,0,0,0,1309000,4569000,-3260000,-3260000
051858,上銀凱基95購01  ,0,0,0,0,0,0,0,0,0,-3358000,0,0,0,24000,3382000,-3358000,-3358000
2883,開發金          ,3232000,7506001,-4274001,0,0,0,101000,0,101000,60000,0,0,0,60000,0,60000,-4113001
2332,友訊            ,533000,3570000,-3037000,0,0,0,0,0,0,-1228000,6000,142000,-136000,38000,1130000,-1092000,-4265000
2888,新光金          ,2473764,8806275,-6332511,0,0,0,0,0,0,1639000,1583000,0,1583000,86000,30000,56000,-4693511
2344,華邦電          ,4541000,8988000,-4447000,0,0,0,368000,785000,-417000,99000,58000,50000,8000,152000,61000,91000,-4765000
00677U,富邦VIX         ,6826000,10513000,-3687000,0,0,0,0,0,0,-2014000,800000,100000,700000,839000,3553000,-2714000,-5701000
1314,中石化          ,1611000,7871500,-6260500,0,0,0,0,0,0,-63000,3000,2000,1000,79000,143000,-64000,-6323500
2884,玉山金          ,2975000,10503219,-7528219,0,0,0,82000,0,82000,-18000,2000,0,2000,22000,42000,-20000,-7464219
2303,聯電            ,17609999,25794304,-8184305,0,0,0,0,170000,-170000,822000,439000,10000,429000,442000,49000,393000,-7532305
3037,欣興            ,2011000,12989000,-10978000,0,0,0,0,0,0,-162000,181000,92000,89000,112000,363000,-251000,-11140000
00642U,元大S&P石油     ,32000,34000,-2000,0,0,0,0,0,0,-11344000,25000,0,25000,128000,11497000,-11369000,-11346000
00632R,元大台灣50反1   ,2000,8842000,-8840000,0,0,0,0,0,0,-5121000,1763000,500000,1263000,971000,7355000,-6384000,-13961000
2337,旺宏            ,1894000,15000400,-13106400,0,0,0,0,1551000,-1551000,-721000,158000,449000,-291000,257000,687000,-430000,-15378400
00672L,元大S&P原油正2  ,4007000,6614000,-2607000,0,0,0,0,0,0,-16026000,0,0,0,10138000,26164000,-16026000,-18633000
3481,群創            ,13949000,31436136,-17487136,0,0,0,0,11085000,-11085000,-3930000,881000,4979000,-4098000,1201000,1033000,168000,-32502136
