證券代號,證券名稱,外陸資買進股數(不含外資自營商),外陸資賣出股數(不含外資自營商),外陸資買賣超股數(不含外資自營商),外資自營商買進股數,外資自營商賣出股數,外資自營商買賣超股數,投信買進股數,投信賣出股數,投信買賣超股數,自營商買賣超股數,自營商買進股數(自行買賣),自營商賣出股數(自行買賣),自營商買賣超股數(自行買賣),自營商買進股數(避險),自營商賣出股數(避險),自營商買賣超股數(避險),三大法人買賣超股數
00632R,元大台灣50反1   ,10217000,500000,9717000,0,0,0,0,0,0,22252000,1040000,4554000,-3514000,41447000,15681000,25766000,31969000
2448,晶電            ,20124000,4016000,16108000,0,0,0,1022000,60000,962000,699000,1504000,831000,673000,152000,126000,26000,17769000
2337,旺宏            ,10883411,8318000,2565411,0,0,0,1790000,1000,1789000,3968000,2606000,696000,1910000,2323000,265000,2058000,8322411
2409,友達            ,21766432,16963000,4803432,0,0,0,258000,0,258000,1401000,460000,194000,266000,1420000,285000,1135000,6462432
00677U,富邦VIX         ,22984000,12581000,10403000,0,0,0,0,0,0,-4247000,444000,3506000,-3062000,8440000,9625000,-1185000,6156000
3189,景碩            ,3220000,1291000,1929000,0,0,0,586000,0,586000,423000,26000,28000,-2000,425000,0,425000,2938000
3017,奇鋐            ,3170000,1365000,1805000,0,0,0,629000,0,629000,137000,149000,280000,-131000,372000,104000,268000,2571000
8150,南茂            ,2463000,390883,2072117,0,0,0,0,0,0,355000,0,3000,-3000,386000,28000,358000,2427117
4938,和碩            ,6807468,4763130,2044338,0,0,0,393000,4000,389000,-93000,60000,170000,-110000,61000,44000,17000,2340338
2345,智邦            ,5374553,3803310,1571243,0,0,0,310000,1000,309000,41000,25000,49000,-24000,112000,47000,65000,1921243
6271,同欣電          ,1990000,471000,1519000,0,0,0,120000,35000,85000,22000,0,0,0,31000,9000,22000,1626000
4148,全宇生技-KY     ,1630000,7000,1623000,0,0,0,0,0,0,0,0,0,0,0,0,0,1623000
9919,康那香          ,4240000,2700000,1540000,0,0,0,0,0,0,82000,82000,0,82000,0,0,0,1622000
051158,嘉晶富邦96購01  ,0,0,0,0,0,0,0,0,0,1542000,0,0,0,1542000,0,1542000,1542000
2478,大毅            ,2142000,658000,1484000,0,0,0,0,0,0,33000,20000,0,20000,22000,9000,13000,1517000
07478P,南電康和9A售02  ,0,0,0,0,0,0,0,0,0,1467000,0,0,0,2020000,553000,1467000,1467000
6278,台表科          ,1888000,775000,1113000,0,0,0,0,0,0,61000,85000,29000,56000,20000,15000,5000,1174000
07647P,健策國票9A售04  ,0,0,0,0,0,0,0,0,0,1130000,0,0,0,1138000,8000,1130000,1130000
2368,金像電          ,5654000,5004000,650000,0,0,0,728000,161000,567000,-91000,280000,372000,-92000,78000,77000,1000,1126000
2385,群光            ,2969693,1859770,1109923,0,0,0,0,1000,-1000,-8000,0,3000,-3000,2000,7000,-5000,1100923
049236,元油2X元富96購06,0,0,0,0,0,0,0,0,0,1038000,0,0,0,1246000,208000,1038000,1038000
2332,友訊            ,1168000,313000,855000,0,0,0,0,0,0,165000,40000,6000,34000,147000,16000,131000,1020000
054612,慧洋永豐97購01  ,0,0,0,0,0,0,0,0,0,1020000,0,0,0,1020000,0,1020000,1020000
2313,華通            ,4489660,5004000,-514340,0,0,0,1034000,1412000,-378000,1892000,2101000,965000,1136000,999000,243000,756000,999660
059069,臺指反元大9C購01,0,0,0,0,0,0,0,0,0,968000,0,0,0,988000,20000,968000,968000
057328,京鼎群益99購02  ,0,0,0,0,0,0,0,0,0,934000,0,0,0,1117000,183000,934000,934000
2505,國揚            ,942000,131000,811000,0,0,0,0,0,0,121000,0,3000,-3000,124000,0,124000,932000
049272,世紀鋼元大96購02,0,0,0,0,0,0,0,0,0,922000,0,0,0,924000,2000,922000,922000
07082P,美律元大99售06  ,0,0,0,0,0,0,0,0,0,900000,0,0,0,1800000,900000,900000,900000
060631,微星富邦9B購01  ,0,0,0,0,0,0,0,0,0,853000,0,0,0,879000,26000,853000,853000
3026,禾伸堂          ,1423000,698000,725000,0,0,0,88000,0,88000,28000,0,0,0,127000,99000,28000,841000
061024,南電國泰9B購01  ,0,0,0,0,0,0,0,0,0,826000,0,0,0,1184000,358000,826000,826000
054532,強茂國泰98購01  ,0,0,0,0,0,0,0,0,0,813000,0,0,0,813000,0,813000,813000
054819,裕民元大9A購01  ,0,0,0,0,0,0,0,0,0,801000,0,0,0,1029000,228000,801000,801000
2890,永豐金          ,7900000,7151993,748007,0,0,0,96000,13000,83000,-36000,0,22000,-22000,0,14000,-14000,795007
05873P,華通群益97售02  ,0,0,0,0,0,0,0,0,0,784000,0,0,0,1040000,256000,784000,784000
052602,聯電元大97購01  ,0,0,0,0,0,0,0,0,0,772000,0,0,0,772000,0,772000,772000
061142,南電統一9A購01  ,0,0,0,0,0,0,0,0,0,770000,0,0,0,906000,136000,770000,770000
047212,宏達電富邦97購01,0,0,0,0,0,0,0,0,0,769000,0,0,0,769000,0,769000,769000
059312,元石油元大99購05,0,0,0,0,0,0,0,0,0,767000,0,0,0,1269000,502000,767000,767000
07134P,臺股指元大9A售28,0,0,0,0,0,0,0,0,0,732000,0,0,0,732000,0,732000,732000
3450,聯鈞            ,1228000,479000,749000,0,0,0,0,0,0,-22000,10000,55000,-45000,75000,52000,23000,727000
060667,力成凱基9A購01  ,0,0,0,0,0,0,0,0,0,722000,0,0,0,792000,70000,722000,722000
2456,奇力新          ,1139000,337225,801775,0,0,0,0,0,0,-87000,1000,136000,-135000,126000,78000,48000,714775
053072,國巨台新97購01  ,0,0,0,0,0,0,0,0,0,704000,0,0,0,704000,0,704000,704000
3545,敦泰            ,2183000,1489750,693250,0,0,0,0,0,0,0,0,0,0,0,0,0,693250
056855,祥碩中信98購02  ,0,0,0,0,0,0,0,0,0,674000,0,0,0,1157000,483000,674000,674000
05464P,華通康和95售02  ,0,0,0,0,0,0,0,0,0,669000,0,0,0,712000,43000,669000,669000
6531,愛普            ,1139000,514000,625000,0,0,0,5000,0,5000,38000,49000,11000,38000,0,0,0,668000
060852,京鼎國泰9B購01  ,0,0,0,0,0,0,0,0,0,665000,0,0,0,1135000,470000,665000,665000
059878,聯茂凱基99購07  ,0,0,0,0,0,0,0,0,0,664000,0,0,0,685000,21000,664000,664000
046645,技嘉國泰94購01  ,0,0,0,0,0,0,0,0,0,635000,0,0,0,635000,0,635000,635000
057406,茂林群益98購03  ,0,0,0,0,0,0,0,0,0,629000,0,0,0,629000,0,629000,629000
3661,世芯-KY         ,1066000,408000,658000,0,0,0,0,7000,-7000,-32000,11000,36000,-25000,14000,21000,-7000,619000
059128,友達中信99購02  ,0,0,0,0,0,0,0,0,0,613000,0,0,0,2184000,1571000,613000,613000
059533,富邦金凱基99購01,0,0,0,0,0,0,0,0,0,613000,0,0,0,685000,72000,613000,613000
6456,GIS-KY          ,815000,213000,602000,0,0,0,0,0,0,10000,0,6000,-6000,24000,8000,16000,612000
054334,超眾永豐96購04  ,0,0,0,0,0,0,0,0,0,609000,0,0,0,655000,46000,609000,609000
053460,緯穎國泰97購01  ,0,0,0,0,0,0,0,0,0,604000,0,0,0,604000,0,604000,604000
049706,世紀鋼元大95購02,0,0,0,0,0,0,0,0,0,603000,0,0,0,603000,0,603000,603000
055708,茂林永豐97購02  ,0,0,0,0,0,0,0,0,0,598000,0,0,0,598000,0,598000,598000
6504,南六            ,715000,546000,169000,0,0,0,420000,0,420000,5000,43000,25000,18000,19000,32000,-13000,594000
060932,南六永豐9A購02  ,0,0,0,0,0,0,0,0,0,588000,0,0,0,1159000,571000,588000,588000
1102,亞泥            ,1900159,1303970,596189,0,0,0,3000,5000,-2000,-17000,0,15000,-15000,0,2000,-2000,577189
051722,玉晶光永豐97購01,0,0,0,0,0,0,0,0,0,572000,0,0,0,706000,134000,572000,572000
4906,正文            ,683000,103000,580000,0,0,0,0,0,0,-9000,15000,0,15000,9000,33000,-24000,571000
058142,瑞儀元大99購01  ,0,15000,-15000,0,0,0,0,0,0,583000,0,0,0,830000,247000,583000,568000
056578,智易元大99購02  ,0,0,0,0,0,0,0,0,0,561000,0,0,0,682000,121000,561000,561000
061114,南電元大9A購04  ,25000,15000,10000,0,0,0,0,0,0,548000,0,0,0,961000,413000,548000,558000
054533,泰碩國泰98購01  ,0,0,0,0,0,0,0,0,0,555000,0,0,0,599000,44000,555000,555000
058918,SGBR2X元富99購04,0,0,0,0,0,0,0,0,0,555000,0,0,0,573000,18000,555000,555000
052250,光磊永豐95購01  ,0,0,0,0,0,0,0,0,0,552000,0,0,0,552000,0,552000,552000
060278,道瓊反元大9A購03,0,0,0,0,0,0,0,0,0,551000,0,0,0,601000,50000,551000,551000
049216,華邦電國票95購01,0,0,0,0,0,0,0,0,0,549000,0,0,0,549000,0,549000,549000
055518,華新科中信99購01,0,0,0,0,0,0,0,0,0,547000,0,0,0,547000,0,547000,547000
058892,元油2X元大9C購08,0,0,0,0,0,0,0,0,0,547000,0,0,0,632000,85000,547000,547000
07473P,祥碩元大9A售01  ,0,0,0,0,0,0,0,0,0,524000,0,0,0,537000,13000,524000,524000
1609,大亞            ,679000,162000,517000,0,0,0,0,0,0,-2000,0,2000,-2000,0,0,0,515000
5269,祥碩            ,532695,117000,415695,0,0,0,5000,0,5000,90000,44000,5000,39000,53000,2000,51000,510695
060904,臺指反元大9C購07,0,0,0,0,0,0,0,0,0,509000,0,0,0,509000,0,509000,509000
058775,台積電國票9A購02,0,0,0,0,0,0,0,0,0,507000,0,0,0,525000,18000,507000,507000
056931,智原台新98購01  ,0,0,0,0,0,0,0,0,0,507000,0,0,0,507000,0,507000,507000
055198,奇力新第一97購01,0,0,0,0,0,0,0,0,0,505000,0,0,0,505000,0,505000,505000
057707,臺股指群益98購07,0,0,0,0,0,0,0,0,0,505000,0,0,0,659000,154000,505000,505000
053444,奇力新凱基96購03,0,0,0,0,0,0,0,0,0,499000,0,0,0,509000,10000,499000,499000
055795,茂林國泰98購01  ,0,0,0,0,0,0,0,0,0,499000,0,0,0,499000,0,499000,499000
052619,茂林國泰99購01  ,0,0,0,0,0,0,0,0,0,499000,0,0,0,499000,0,499000,499000
056314,力成元大97購01  ,0,0,0,0,0,0,0,0,0,497000,0,0,0,550000,53000,497000,497000
054584,貿聯元富97購01  ,0,0,0,0,0,0,0,0,0,496000,0,0,0,499000,3000,496000,496000
6226,光鼎            ,538000,43000,495000,0,0,0,0,0,0,0,0,0,0,0,0,0,495000
060143,台積電國票9B購03,0,0,0,0,0,0,0,0,0,494000,0,0,0,505000,11000,494000,494000
07014P,華通元大99售04  ,0,0,0,0,0,0,0,0,0,491000,0,0,0,537000,46000,491000,491000
053672,嘉澤元富96購02  ,0,0,0,0,0,0,0,0,0,487000,0,0,0,497000,10000,487000,487000
060186,義隆元富9A購01  ,0,0,0,0,0,0,0,0,0,484000,0,0,0,657000,173000,484000,484000
059974,臺指反元大9C購05,0,0,0,0,0,0,0,0,0,474000,0,0,0,499000,25000,474000,474000
060920,超眾富邦9B購01  ,0,0,0,0,0,0,0,0,0,472000,0,0,0,721000,249000,472000,472000
058547,世紀鋼富邦9A購01,0,0,0,0,0,0,0,0,0,469000,0,0,0,553000,84000,469000,469000
3006,晶豪科          ,900000,523000,377000,0,0,0,0,0,0,91000,8000,9000,-1000,102000,10000,92000,468000
055657,超眾元富97購02  ,0,0,0,0,0,0,0,0,0,459000,0,0,0,840000,381000,459000,459000
06085P,義隆台新97售01  ,0,0,0,0,0,0,0,0,0,454000,0,0,0,519000,65000,454000,454000
060172,智原台新9A購01  ,0,0,0,0,0,0,0,0,0,454000,0,0,0,477000,23000,454000,454000
1902,台紙            ,869000,326000,543000,0,0,0,0,92000,-92000,0,0,0,0,0,0,0,451000
059767,矽力永豐99購01  ,0,0,0,0,0,0,0,0,0,451000,0,0,0,472000,21000,451000,451000
1714,和桐            ,787000,337000,450000,0,0,0,0,0,0,0,0,0,0,0,0,0,450000
05538P,玉晶光國票97售02,0,0,0,0,0,0,0,0,0,444000,0,0,0,645000,201000,444000,444000
060818,上銀統一9C購01  ,0,0,0,0,0,0,0,0,0,440000,0,0,0,470000,30000,440000,440000
052611,力成元大96購02  ,0,0,0,0,0,0,0,0,0,440000,0,0,0,556000,116000,440000,440000
060366,健策元富9A購01  ,0,0,0,0,0,0,0,0,0,436000,0,0,0,493000,57000,436000,436000
061026,南電富邦9B購01  ,0,0,0,0,0,0,0,0,0,435000,0,0,0,519000,84000,435000,435000
057632,傳奇永豐98購01  ,0,0,0,0,0,0,0,0,0,435000,0,0,0,635000,200000,435000,435000
07162P,臺股指群益99售13,0,0,0,0,0,0,0,0,0,433000,0,0,0,648000,215000,433000,433000
052775,滬深2X國票99購02,0,0,0,0,0,0,0,0,0,429000,0,0,0,500000,71000,429000,429000
00641R,富邦日本反1     ,0,4000,-4000,0,0,0,0,0,0,430900,0,0,0,643000,212100,430900,426900
050170,臺指反元大97購02,0,0,0,0,0,0,0,0,0,423000,0,0,0,733000,310000,423000,423000
052004,泰碩國泰97購03  ,0,0,0,0,0,0,0,0,0,423000,0,0,0,481000,58000,423000,423000
3673,TPK-KY          ,723000,253587,469413,0,0,0,0,0,0,-48000,0,35000,-35000,1000,14000,-13000,421413
3029,零壹            ,524000,104000,420000,0,0,0,0,0,0,-2000,0,2000,-2000,0,0,0,418000
060027,元金2X永豐99購02,0,0,0,0,0,0,0,0,0,417000,0,0,0,420000,3000,417000,417000
060956,超眾群益9A購01  ,0,0,0,0,0,0,0,0,0,407000,0,0,0,407000,0,407000,407000
060959,金像電凱基9A購01,0,0,0,0,0,0,0,0,0,405000,0,0,0,419000,14000,405000,405000
061113,南電元大9A購03  ,0,0,0,0,0,0,0,0,0,402000,0,0,0,402000,0,402000,402000
04441P,台積電台新95售01,0,0,0,0,0,0,0,0,0,402000,0,0,0,1899000,1497000,402000,402000
055966,茂林元大99購01  ,0,0,0,0,0,0,0,0,0,400000,0,0,0,400000,0,400000,400000
060429,南六永豐9A購01  ,0,0,0,0,0,0,0,0,0,397000,0,0,0,539000,142000,397000,397000
056572,義隆元大99購01  ,0,0,0,0,0,0,0,0,0,395000,0,0,0,811000,416000,395000,395000
057969,緯穎國泰99購01  ,0,0,0,0,0,0,0,0,0,395000,0,0,0,526000,131000,395000,395000
053392,致新元大96購01  ,0,0,0,0,0,0,0,0,0,392000,0,0,0,402000,10000,392000,392000
060204,矽創元富9A購01  ,0,0,0,0,0,0,0,0,0,390000,0,0,0,539000,149000,390000,390000
051748,超眾國泰96購01  ,0,0,0,0,0,0,0,0,0,389000,0,0,0,398000,9000,389000,389000
055263,華新科富邦9A購01,0,0,0,0,0,0,0,0,0,388000,0,0,0,388000,0,388000,388000
055380,智易元大98購02  ,0,0,0,0,0,0,0,0,0,388000,0,0,0,535000,147000,388000,388000
056571,燿華元大98購02  ,0,0,0,0,0,0,0,0,0,382000,0,0,0,387000,5000,382000,382000
052003,泰碩國泰97購02  ,0,0,0,0,0,0,0,0,0,381000,0,0,0,523000,142000,381000,381000
6153,嘉聯益          ,864000,389000,475000,0,0,0,0,0,0,-97000,0,108000,-108000,59000,48000,11000,378000
06055P,華通凱基97售04  ,0,0,0,0,0,0,0,0,0,375000,0,0,0,467000,92000,375000,375000
061168,力成兆豐9A購01  ,0,0,0,0,0,0,0,0,0,374000,0,0,0,530000,156000,374000,374000
07173P,臺股指國票99售10,0,0,0,0,0,0,0,0,0,374000,0,0,0,424000,50000,374000,374000
07334P,臺股指國票99售19,0,0,0,0,0,0,0,0,0,373000,0,0,0,534000,161000,373000,373000
4968,立積            ,490000,251000,239000,0,0,0,79000,0,79000,54000,0,8000,-8000,63000,1000,62000,372000
00638R,元大滬深300反1  ,107000,0,107000,0,0,0,0,0,0,264000,0,0,0,407000,143000,264000,371000
055862,矽力元大97購04  ,0,0,0,0,0,0,0,0,0,369000,0,0,0,369000,0,369000,369000
5305,敦南            ,453000,86000,367000,0,0,0,0,0,0,0,0,0,0,0,0,0,367000
057483,微星元大98購04  ,0,0,0,0,0,0,0,0,0,364000,0,0,0,661000,297000,364000,364000
1701,中化            ,672000,309000,363000,0,0,0,0,0,0,0,0,0,0,0,0,0,363000
060646,南電永豐9A購01  ,0,0,0,0,0,0,0,0,0,359000,0,0,0,375000,16000,359000,359000
057532,智原元大98購03  ,0,0,0,0,0,0,0,0,0,357000,0,0,0,1234000,877000,357000,357000
8104,錸寶            ,594000,237000,357000,0,0,0,0,0,0,0,0,0,0,0,0,0,357000
058143,瑞儀元大99購02  ,0,0,0,0,0,0,0,0,0,354000,0,0,0,537000,183000,354000,354000
060552,群創凱基9B購05  ,0,0,0,0,0,0,0,0,0,352000,0,0,0,352000,0,352000,352000
060899,超眾凱基9A購01  ,0,0,0,0,0,0,0,0,0,351000,0,0,0,352000,1000,351000,351000
06337P,祥碩元大97售05  ,0,0,0,0,0,0,0,0,0,351000,0,0,0,552000,201000,351000,351000
059945,嘉澤永豐99購03  ,0,0,0,0,0,0,0,0,0,351000,0,0,0,838000,487000,351000,351000
052536,聯茂國泰97購01  ,0,0,0,0,0,0,0,0,0,348000,0,0,0,348000,0,348000,348000
056996,矽力日盛99購01  ,0,0,0,0,0,0,0,0,0,347000,0,0,0,571000,224000,347000,347000
6592,和潤企業        ,512000,170000,342000,0,0,0,0,0,0,4000,0,1000,-1000,11000,6000,5000,346000
053942,超眾國泰96購02  ,0,0,0,0,0,0,0,0,0,341000,0,0,0,359000,18000,341000,341000
055387,世紀鋼元大97購01,0,0,0,0,0,0,0,0,0,340000,0,0,0,360000,20000,340000,340000
060632,可成富邦9B購01  ,0,0,0,0,0,0,0,0,0,339000,0,0,0,339000,0,339000,339000
00631L,元大台灣50正2   ,312000,324000,-12000,0,0,0,0,0,0,351000,0,0,0,3159000,2808000,351000,339000
058134,信邦元大99購01  ,0,0,0,0,0,0,0,0,0,337000,0,0,0,432000,95000,337000,337000
057017,和大凱基98購01  ,0,0,0,0,0,0,0,0,0,335000,0,0,0,335000,0,335000,335000
053638,信邦永豐96購01  ,0,0,0,0,0,0,0,0,0,333000,0,0,0,333000,0,333000,333000
060540,南亞凱基9A購01  ,0,0,0,0,0,0,0,0,0,331000,0,0,0,341000,10000,331000,331000
054799,超眾群益98購01  ,0,0,0,0,0,0,0,0,0,331000,0,0,0,461000,130000,331000,331000
057257,台泥兆豐99購01  ,0,0,0,0,0,0,0,0,0,331000,0,0,0,409000,78000,331000,331000
059205,元石油元大99購01,0,0,0,0,0,0,0,0,0,329000,0,0,0,329000,0,329000,329000
052714,義隆凱基96購02  ,0,0,0,0,0,0,0,0,0,328000,0,0,0,358000,30000,328000,328000
058131,義隆元大99購02  ,0,0,0,0,0,0,0,0,0,327000,0,0,0,387000,60000,327000,327000
054623,華新科第一97購01,0,0,0,0,0,0,0,0,0,326000,0,0,0,326000,0,326000,326000
059693,智原永豐99購01  ,0,0,0,0,0,0,0,0,0,322000,0,0,0,337000,15000,322000,322000
01003T,兆豐新光R1      ,338000,19000,319000,0,0,0,0,0,0,0,0,0,0,0,0,0,319000
6257,矽格            ,705000,318000,387000,0,0,0,0,2000,-2000,-66000,6000,84000,-78000,22000,10000,12000,319000
05759P,智邦永豐96售02  ,0,0,0,0,0,0,0,0,0,318000,0,0,0,348000,30000,318000,318000
1313,聯成            ,635000,318000,317000,0,0,0,0,2000,-2000,0,0,0,0,0,0,0,315000
058637,晶技兆豐99購01  ,0,0,0,0,0,0,0,0,0,314000,0,0,0,328000,14000,314000,314000
059875,信邦凱基99購02  ,0,0,0,0,0,0,0,0,0,311000,0,0,0,501000,190000,311000,311000
1718,中纖            ,609000,299000,310000,0,0,0,0,0,0,0,0,0,0,0,0,0,310000
053509,華新群益98購01  ,0,0,0,0,0,0,0,0,0,310000,0,0,0,310000,0,310000,310000
060406,瑞祺國泰9B購01  ,0,0,0,0,0,0,0,0,0,309000,0,0,0,331000,22000,309000,309000
060561,台積電富邦04購01,10000,0,10000,0,0,0,0,0,0,297000,0,0,0,470000,173000,297000,307000
8081,致新            ,405000,102000,303000,0,0,0,0,0,0,4000,7000,2000,5000,21000,22000,-1000,307000
07536P,華新科元富9A售04,0,0,0,0,0,0,0,0,0,306000,0,0,0,316000,10000,306000,306000
3705,永信            ,342000,36000,306000,0,0,0,0,0,0,0,0,0,0,0,0,0,306000
07585P,台灣50中信03售06,0,0,0,0,0,0,0,0,0,303000,0,0,0,303000,0,303000,303000
061293,聯茂統一9A購01  ,0,0,0,0,0,0,0,0,0,303000,0,0,0,303000,0,303000,303000
053244,光磊國票97購01  ,0,0,0,0,0,0,0,0,0,302000,0,0,0,465000,163000,302000,302000
057221,華通國票98購03  ,0,0,0,0,0,0,0,0,0,302000,0,0,0,352000,50000,302000,302000
060119,上銀富邦9B購03  ,0,0,0,0,0,0,0,0,0,300000,0,0,0,330000,30000,300000,300000
2393,億光            ,483000,370000,113000,0,0,0,78000,0,78000,109000,22000,5000,17000,92000,0,92000,300000
051360,緯創元大95購03  ,0,0,0,0,0,0,0,0,0,300000,0,0,0,300000,0,300000,300000
054011,旺宏永豐96購05  ,0,0,0,0,0,0,0,0,0,300000,0,0,0,300000,0,300000,300000
054072,台積電富邦98購02,0,0,0,0,0,0,0,0,0,300000,0,0,0,300000,0,300000,300000
052011,欣興中信96購01  ,0,0,0,0,0,0,0,0,0,299000,0,0,0,299000,0,299000,299000
056918,台積電兆豐98購01,0,0,0,0,0,0,0,0,0,299000,0,0,0,299000,0,299000,299000
054556,世芯凱基99購01  ,0,0,0,0,0,0,0,0,0,298000,0,0,0,298000,0,298000,298000
055509,訊芯元大97購03  ,0,0,0,0,0,0,0,0,0,298000,0,0,0,398000,100000,298000,298000
055798,聯茂富邦98購01  ,0,0,0,0,0,0,0,0,0,298000,0,0,0,313000,15000,298000,298000
059050,元油2X凱基9B購08,0,0,0,0,0,0,0,0,0,298000,0,0,0,841000,543000,298000,298000
06067P,華新科康和97售01,0,0,0,0,0,0,0,0,0,295000,0,0,0,402000,107000,295000,295000
054349,同欣電國票97購02,0,0,0,0,0,0,0,0,0,295000,0,0,0,365000,70000,295000,295000
1217,愛之味          ,456000,163000,293000,0,0,0,0,0,0,0,0,0,0,0,0,0,293000
05226P,智邦統一95售01  ,0,0,0,0,0,0,0,0,0,293000,0,0,0,413000,120000,293000,293000
058568,宏達電凱基9A購02,0,0,0,0,0,0,0,0,0,293000,0,0,0,303000,10000,293000,293000
052827,昇陽半永豐97購01,0,0,0,0,0,0,0,0,0,291000,0,0,0,291000,0,291000,291000
059273,臺指反元大9C購03,0,0,0,0,0,0,0,0,0,290000,0,0,0,290000,0,290000,290000
061232,和大元大9A購03  ,0,0,0,0,0,0,0,0,0,289000,0,0,0,296000,7000,289000,289000
2379,瑞昱            ,1674000,1436310,237690,0,0,0,21000,1000,20000,30000,18000,12000,6000,38000,14000,24000,287690
055397,超眾統一97購02  ,0,0,0,0,0,0,0,0,0,287000,0,0,0,372000,85000,287000,287000
057887,智原群益98購04  ,0,0,0,0,0,0,0,0,0,287000,0,0,0,611000,324000,287000,287000
057945,京鼎國票99購03  ,0,0,0,0,0,0,0,0,0,287000,0,0,0,411000,124000,287000,287000
060280,元金2X元大9A購01,0,0,0,0,0,0,0,0,0,285000,0,0,0,490000,205000,285000,285000
053082,聯電元大98購03  ,0,0,0,0,0,0,0,0,0,285000,0,0,0,285000,0,285000,285000
051774,聯茂中信96購01  ,0,0,0,0,0,0,0,0,0,282000,0,0,0,290000,8000,282000,282000
059876,智易凱基99購02  ,0,0,0,0,0,0,0,0,0,282000,0,0,0,333000,51000,282000,282000
059650,緯穎凱基99購04  ,0,0,0,0,0,0,0,0,0,282000,0,0,0,302000,20000,282000,282000
07434P,臺股指國票9A售06,0,0,0,0,0,0,0,0,0,280000,0,0,0,280000,0,280000,280000
057592,美律兆豐99購01  ,0,0,0,0,0,0,0,0,0,280000,0,0,0,280000,0,280000,280000
058195,鈺齊永豐99購01  ,0,0,0,0,0,0,0,0,0,280000,0,0,0,280000,0,280000,280000
07482P,南亞科元富9A售04,0,0,0,0,0,0,0,0,0,278000,0,0,0,284000,6000,278000,278000
056673,中石化元富9B購01,0,0,0,0,0,0,0,0,0,278000,0,0,0,467000,189000,278000,278000
052207,台郡中信95購02  ,0,0,0,0,0,0,0,0,0,277000,0,0,0,287000,10000,277000,277000
059924,世紀鋼元大99購06,0,0,0,0,0,0,0,0,0,277000,0,0,0,285000,8000,277000,277000
2642,宅配通          ,299000,22000,277000,0,0,0,0,0,0,0,0,0,0,0,0,0,277000
056139,貿聯元大97購04  ,0,0,0,0,0,0,0,0,0,276000,0,0,0,276000,0,276000,276000
059503,大立光富邦9B購04,0,0,0,0,0,0,0,0,0,276000,0,0,0,501000,225000,276000,276000
052180,緯穎元大96購05  ,0,0,0,0,0,0,0,0,0,275000,0,0,0,295000,20000,275000,275000
07743P,智邦凱基9A售03  ,0,0,0,0,0,0,0,0,0,271000,0,0,0,271000,0,271000,271000
07202P,台灣50凱基9C售04,0,0,0,0,0,0,0,0,0,271000,0,0,0,272000,1000,271000,271000
061162,南電群益9A購02  ,0,0,0,0,0,0,0,0,0,269000,0,0,0,379000,110000,269000,269000
07264P,台積電元大99售38,0,0,0,0,0,0,0,0,0,268000,0,0,0,883000,615000,268000,268000
058920,SGBR2X元富99購06,0,0,0,0,0,0,0,0,0,266000,0,0,0,378000,112000,266000,266000
2471,資通            ,351000,85000,266000,0,0,0,0,0,0,0,0,0,0,0,0,0,266000
07145P,為升元大99售03  ,0,0,0,0,0,0,0,0,0,265000,0,0,0,265000,0,265000,265000
055954,南港元大97購02  ,0,0,0,0,0,0,0,0,0,261000,0,0,0,261000,0,261000,261000
059524,FBVIX凱基9A購02 ,0,0,0,0,0,0,0,0,0,261000,0,0,0,351000,90000,261000,261000
05625P,國巨國票97售01  ,0,0,0,0,0,0,0,0,0,260000,0,0,0,311000,51000,260000,260000
060079,台郡台新99購03  ,0,0,0,0,0,0,0,0,0,259000,0,0,0,415000,156000,259000,259000
058111,健鼎元富98購01  ,0,0,0,0,0,0,0,0,0,259000,0,0,0,259000,0,259000,259000
056025,嘉晶群益97購01  ,0,0,0,0,0,0,0,0,0,258000,0,0,0,258000,0,258000,258000
057482,微星元大98購03  ,0,0,0,0,0,0,0,0,0,257000,0,0,0,258000,1000,257000,257000
057650,力成元大98購04  ,0,0,0,0,0,0,0,0,0,254000,0,0,0,361000,107000,254000,254000
07303P,臺股指元大9A售36,0,0,0,0,0,0,0,0,0,253000,0,0,0,323000,70000,253000,253000
00640L,富邦日本正2     ,0,0,0,0,0,0,0,0,0,252000,0,0,0,669000,417000,252000,252000
5203,訊連            ,293000,52100,240900,0,0,0,0,0,0,10000,0,15000,-15000,25000,0,25000,250900
07384P,大立光群益9A售01,0,0,0,0,0,0,0,0,0,250000,0,0,0,250000,0,250000,250000
07458P,長榮航元大9A售01,0,0,0,0,0,0,0,0,0,250000,0,0,0,290000,40000,250000,250000
060225,S&P反1元大9A購02,0,0,0,0,0,0,0,0,0,250000,0,0,0,250000,0,250000,250000
060779,臺股指凱基9A購07,0,0,0,0,0,0,0,0,0,250000,0,0,0,312000,62000,250000,250000
061037,嘉澤永豐9A購01  ,0,0,0,0,0,0,0,0,0,249000,0,0,0,328000,79000,249000,249000
044717,旺宏統一94購01  ,0,0,0,0,0,0,0,0,0,249000,0,0,0,249000,0,249000,249000
061269,嘉澤凱基9A購01  ,0,0,0,0,0,0,0,0,0,248000,0,0,0,259000,11000,248000,248000
060282,聚陽元大9A購01  ,0,0,0,0,0,0,0,0,0,248000,0,0,0,287000,39000,248000,248000
058653,光寶科中信9A購01,0,0,0,0,0,0,0,0,0,248000,0,0,0,248000,0,248000,248000
057368,微星元大98購02  ,0,0,0,0,0,0,0,0,0,247000,0,0,0,317000,70000,247000,247000
05910P,力山永豐96售02  ,0,0,0,0,0,0,0,0,0,247000,0,0,0,257000,10000,247000,247000
061349,嘉澤元大9A購02  ,0,0,0,0,0,0,0,0,0,246000,0,0,0,509000,263000,246000,246000
060428,瑞祺永豐9A購01  ,0,0,0,0,0,0,0,0,0,245000,0,0,0,403000,158000,245000,245000
059948,正文永豐99購01  ,0,0,0,0,0,0,0,0,0,245000,0,0,0,323000,78000,245000,245000
057724,亞德客國泰99購01,0,0,0,0,0,0,0,0,0,245000,0,0,0,525000,280000,245000,245000
057619,玉晶光凱基98購02,0,0,0,0,0,0,0,0,0,245000,0,0,0,380000,135000,245000,245000
060385,台勝科凱基9A購01,0,0,0,0,0,0,0,0,0,244000,0,0,0,300000,56000,244000,244000
059313,元石油元大99購06,0,0,0,0,0,0,0,0,0,244000,0,0,0,412000,168000,244000,244000
056894,佳世達元大99購01,0,0,0,0,0,0,0,0,0,243000,0,0,0,243000,0,243000,243000
055830,上銀元大97購07  ,0,0,0,0,0,0,0,0,0,242000,0,0,0,242000,0,242000,242000
059832,超眾康和99購01  ,0,0,0,0,0,0,0,0,0,242000,0,0,0,253000,11000,242000,242000
059862,全新群益99購04  ,0,0,0,0,0,0,0,0,0,242000,0,0,0,367000,125000,242000,242000
05710P,禾伸堂國票97售02,0,0,0,0,0,0,0,0,0,241000,0,0,0,241000,0,241000,241000
2884,玉山金          ,8736000,8555309,180691,0,0,0,101000,11000,90000,-32000,0,23000,-23000,1000,10000,-9000,238691
3015,全漢            ,266000,28000,238000,0,0,0,0,0,0,0,0,0,0,0,0,0,238000
3515,華擎            ,582000,480000,102000,0,0,0,93000,1000,92000,44000,0,0,0,51000,7000,44000,238000
052463,聯電統一96購01  ,0,0,0,0,0,0,0,0,0,237000,0,0,0,301000,64000,237000,237000
059771,台積電群益99購11,0,0,0,0,0,0,0,0,0,237000,0,0,0,294000,57000,237000,237000
9914,美利達          ,424000,272077,151923,0,0,0,86000,0,86000,-1000,10000,11000,-1000,0,0,0,236923
055174,精元統一97購01  ,0,0,0,0,0,0,0,0,0,232000,0,0,0,294000,62000,232000,232000
055583,國巨元大97購10  ,0,0,0,0,0,0,0,0,0,232000,0,0,0,257000,25000,232000,232000
07402P,瑞昱凱基99售02  ,0,0,0,0,0,0,0,0,0,231000,0,0,0,241000,10000,231000,231000
060695,同欣電麥證9A購01,0,0,0,260000,30000,230000,0,0,0,230000,0,0,0,260000,30000,230000,230000
055671,世紀鋼群益97購01,0,0,0,0,0,0,0,0,0,230000,0,0,0,230000,0,230000,230000
9802,鈺齊-KY         ,324000,197000,127000,0,0,0,92000,0,92000,11000,1000,0,1000,10000,0,10000,230000
1513,中興電          ,382000,146000,236000,0,0,0,0,1000,-1000,-6000,0,6000,-6000,0,0,0,229000
1611,中電            ,272000,44000,228000,0,0,0,0,0,0,0,0,0,0,0,0,0,228000
061197,矽創永豐9A購02  ,0,0,0,0,0,0,0,0,0,228000,0,0,0,228000,0,228000,228000
055851,智原元大98購01  ,0,0,0,0,0,0,0,0,0,228000,0,0,0,228000,0,228000,228000
060796,世芯永豐9A購03  ,0,0,0,0,0,0,0,0,0,227000,0,0,0,362000,135000,227000,227000
056319,智原群益98購02  ,0,0,0,0,0,0,0,0,0,227000,0,0,0,394000,167000,227000,227000
052062,臺股指國票95購09,0,0,0,0,0,0,0,0,0,225000,0,0,0,225000,0,225000,225000
061022,健策國泰9B購03  ,0,0,0,0,0,0,0,0,0,223000,0,0,0,273000,50000,223000,223000
058733,同欣電永豐99購02,0,0,0,0,0,0,0,0,0,223000,0,0,0,229000,6000,223000,223000
058919,SGBR2X元富99購05,0,0,0,0,0,0,0,0,0,223000,0,0,0,238000,15000,223000,223000
054148,矽創元大96購03  ,0,0,0,0,0,0,0,0,0,222000,0,0,0,290000,68000,222000,222000
055614,華新科國票97購02,0,0,0,0,0,0,0,0,0,222000,0,0,0,222000,0,222000,222000
060901,臺股指凱基9A購13,0,0,0,0,0,0,0,0,0,221000,0,0,0,236000,15000,221000,221000
1709,和益            ,231000,10000,221000,0,0,0,0,0,0,0,0,0,0,0,0,0,221000
07670P,茂林元大9A售02  ,0,0,0,0,0,0,0,0,0,221000,0,0,0,275000,54000,221000,221000
07728P,臺股指凱基9A售20,0,0,0,0,0,0,0,0,0,220000,0,0,0,220000,0,220000,220000
050171,臺指反元大97購03,0,0,0,0,0,0,0,0,0,220000,0,0,0,461000,241000,220000,220000
06173P,華通元大97售02  ,0,0,0,0,0,0,0,0,0,218000,0,0,0,290000,72000,218000,218000
058077,超眾凱基98購02  ,0,0,0,0,0,0,0,0,0,218000,0,0,0,246000,28000,218000,218000
057420,美食凱基98購01  ,0,0,0,0,0,0,0,0,0,217000,0,0,0,217000,0,217000,217000
057110,立積群益98購01  ,0,0,0,0,0,0,0,0,0,215000,0,0,0,371000,156000,215000,215000
07282P,聯發科凱基99售17,0,0,0,0,0,0,0,0,0,213000,0,0,0,228000,15000,213000,213000
056921,京元電兆豐98購01,0,0,0,0,0,0,0,0,0,213000,0,0,0,342000,129000,213000,213000
5215,科嘉-KY         ,290000,126000,164000,0,0,0,0,0,0,49000,49000,0,49000,0,0,0,213000
3530,晶相光          ,301000,119000,182000,0,0,0,0,0,0,31000,0,0,0,34000,3000,31000,213000
060083,和大元大99購02  ,0,0,0,0,0,0,0,0,0,212000,0,0,0,289000,77000,212000,212000
05407P,超眾凱基95售04  ,0,0,0,0,0,0,0,0,0,212000,0,0,0,212000,0,212000,212000
060262,臺股指凱基9B購02,0,0,0,0,0,0,0,0,0,211000,0,0,0,217000,6000,211000,211000
059647,超眾凱基99購04  ,0,0,0,0,0,0,0,0,0,211000,0,0,0,251000,40000,211000,211000
059954,華新科康和99購01,0,0,0,0,0,0,0,0,0,210000,0,0,0,210000,0,210000,210000
8210,勤誠            ,257000,109000,148000,0,0,0,0,1000,-1000,63000,0,1000,-1000,64000,0,64000,210000
07724P,臺股指凱基9A售16,0,0,0,0,0,0,0,0,0,209000,0,0,0,209000,0,209000,209000
020012,富邦行動通訊N   ,0,0,0,0,0,0,0,0,0,209000,0,0,0,209000,0,209000,209000
060752,上銀元大9A購04  ,0,0,0,0,0,0,0,0,0,208000,0,0,0,243000,35000,208000,208000
051781,緯穎群益96購01  ,0,0,0,0,0,0,0,0,0,207000,0,0,0,207000,0,207000,207000
00647L,元大S&P500正2   ,17000,17000,0,0,0,0,0,0,0,205000,0,0,0,793000,588000,205000,205000
058494,可成群益9B購01  ,0,0,0,0,0,0,0,0,0,205000,0,0,0,215000,10000,205000,205000
060900,超眾凱基9B購01  ,0,0,0,0,0,0,0,0,0,204000,0,0,0,204000,0,204000,204000
059848,智邦永豐99購01  ,0,0,0,0,0,0,0,0,0,204000,0,0,0,266000,62000,204000,204000
06529P,貿聯富邦99售03  ,0,0,0,0,0,0,0,0,0,203000,0,0,0,263000,60000,203000,203000
049064,T50反1凱基96購03,0,0,0,0,0,0,0,0,0,203000,0,0,0,204000,1000,203000,203000
056860,正崴群益98購01  ,0,0,0,0,0,0,0,0,0,203000,0,0,0,279000,76000,203000,203000
05913P,國巨元大96售11  ,0,0,0,0,0,0,0,0,0,201000,0,0,0,211000,10000,201000,201000
059911,國巨元大99購27  ,0,0,0,0,0,0,0,0,0,201000,0,0,0,368000,167000,201000,201000
057780,台郡群益98購02  ,0,0,0,0,0,0,0,0,0,201000,0,0,0,415000,214000,201000,201000
3019,亞光            ,385000,188000,197000,0,0,0,0,0,0,4000,8000,11000,-3000,8000,1000,7000,201000
07627P,超眾凱基9A售02  ,0,0,0,0,0,0,0,0,0,200000,0,0,0,250000,50000,200000,200000
060880,中壽中信9C購01  ,0,0,0,0,0,0,0,0,0,200000,0,0,0,200000,0,200000,200000
061189,可成富邦9B購02  ,0,0,0,0,0,0,0,0,0,200000,0,0,0,200000,0,200000,200000
052529,力成元大95購03  ,0,0,0,0,0,0,0,0,0,200000,0,0,0,200000,0,200000,200000
052828,滬深2X群益9A購02,0,0,0,0,0,0,0,0,0,200000,0,0,0,200000,0,200000,200000
052771,GIS群益96購01   ,0,0,0,0,0,0,0,0,0,200000,0,0,0,200000,0,200000,200000
05270P,台表科元大95售05,0,0,0,0,0,0,0,0,0,200000,0,0,0,200000,0,200000,200000
054756,世紀鋼凱基99購01,0,0,0,0,0,0,0,0,0,200000,0,0,0,200000,0,200000,200000
055908,GIS日盛97購01   ,0,0,0,0,0,0,0,0,0,200000,0,0,0,200000,0,200000,200000
056102,億光永豐97購02  ,0,0,0,0,0,0,0,0,0,200000,0,0,0,200000,0,200000,200000
053471,正崴元大96購01  ,0,0,0,0,0,0,0,0,0,200000,0,0,0,200000,0,200000,200000
059623,聯電凱基99購02  ,0,0,0,0,0,0,0,0,0,200000,0,0,0,320000,120000,200000,200000
059639,大立光凱基9A購06,0,0,0,0,0,0,0,0,0,200000,0,0,0,230000,30000,200000,200000
059046,滬深2X凱基9C購01,0,0,0,0,0,0,0,0,0,200000,0,0,0,200000,0,200000,200000
05708P,奇力新國票97售04,0,0,0,0,0,0,0,0,0,200000,0,0,0,200000,0,200000,200000
060781,台郡國泰9B購01  ,0,0,0,0,0,0,0,0,0,199000,0,0,0,255000,56000,199000,199000
059073,元油2X元大9C購14,0,0,0,0,0,0,0,0,0,199000,0,0,0,259000,60000,199000,199000
056916,台達電兆豐98購02,0,0,0,0,0,0,0,0,0,199000,0,0,0,199000,0,199000,199000
07731P,臺股指凱基9A售28,0,0,0,0,0,0,0,0,0,197000,0,0,0,209000,12000,197000,197000
053062,緯穎富邦97購01  ,0,0,0,0,0,0,0,0,0,197000,0,0,0,206000,9000,197000,197000
055682,智原凱基98購02  ,0,0,0,0,0,0,0,0,0,197000,0,0,0,212000,15000,197000,197000
059096,百和元大99購04  ,0,0,0,0,0,0,0,0,0,197000,0,0,0,197000,0,197000,197000
058525,台虹元大99購02  ,0,0,0,0,0,0,0,0,0,197000,0,0,0,210000,13000,197000,197000
060163,健策永豐9B購01  ,0,0,0,0,0,0,0,0,0,196000,0,0,0,218000,22000,196000,196000
053243,楠梓電國票97購02,0,0,0,0,0,0,0,0,0,196000,0,0,0,398000,202000,196000,196000
058344,旺宏群益99購05  ,0,0,0,0,0,0,0,0,0,196000,0,0,0,196000,0,196000,196000
059468,智邦元大99購02  ,0,0,0,0,0,0,0,0,0,196000,0,0,0,245000,49000,196000,196000
07720P,臺股指群益9A售09,0,0,0,0,0,0,0,0,0,195000,0,0,0,207000,12000,195000,195000
07629P,臺股指凱基9A售10,0,0,0,0,0,0,0,0,0,195000,0,0,0,240000,45000,195000,195000
053939,台表科元富96購03,0,0,0,0,0,0,0,0,0,195000,0,0,0,205000,10000,195000,195000
059926,世紀鋼國泰9B購01,0,0,0,0,0,0,0,0,0,195000,0,0,0,200000,5000,195000,195000
059255,臺股指凱基99購33,0,0,0,0,0,0,0,0,0,195000,0,0,0,225000,30000,195000,195000
058522,聯茂元大99購07  ,0,0,0,0,0,0,0,0,0,195000,0,0,0,229000,34000,195000,195000
054163,燿華凱基97購02  ,0,0,0,0,0,0,0,0,0,194000,0,0,0,256000,62000,194000,194000
052738,聯電元大98購02  ,0,0,0,0,0,0,0,0,0,194000,0,0,0,258000,64000,194000,194000
056979,微星群益98購01  ,0,0,0,0,0,0,0,0,0,194000,0,0,0,203000,9000,194000,194000
060456,正隆元大9A購01  ,0,0,0,0,0,0,0,0,0,193000,0,0,0,193000,0,193000,193000
05304P,國巨國泰97售02  ,0,0,0,0,0,0,0,0,0,192000,0,0,0,452000,260000,192000,192000
059047,元油2X凱基9A購10,0,0,0,0,0,0,0,0,0,192000,0,0,0,966000,774000,192000,192000
059560,T50反1凱基99購08,0,0,0,0,0,0,0,0,0,191000,0,0,0,910000,719000,191000,191000
060114,緯穎元大99購10  ,0,0,0,0,0,0,0,0,0,190000,0,0,0,217000,27000,190000,190000
055170,光磊統一97購01  ,0,0,0,0,0,0,0,0,0,190000,0,0,0,193000,3000,190000,190000
048998,玉晶光國票95購03,0,0,0,0,0,0,0,0,0,190000,0,0,0,190000,0,190000,190000
058148,百和元大99購01  ,0,0,0,0,0,0,0,0,0,190000,0,0,0,190000,0,190000,190000
059072,元油2X元大9C購13,0,0,0,0,0,0,0,0,0,189000,0,0,0,489000,300000,189000,189000
5264,鎧勝-KY         ,352000,124000,228000,0,0,0,0,0,0,-39000,0,26000,-26000,27000,40000,-13000,189000
060566,聯詠富邦9C購01  ,0,0,0,0,0,0,0,0,0,188000,0,0,0,261000,73000,188000,188000
057904,矽力永豐98購01  ,0,0,0,0,0,0,0,0,0,188000,0,0,0,335000,147000,188000,188000
061273,臺股指凱基9A購23,0,0,0,0,0,0,0,0,0,187000,0,0,0,187000,0,187000,187000
054229,超眾元富96購05  ,0,150000,-150000,0,0,0,0,0,0,337000,0,0,0,487000,150000,337000,187000
059188,京元電富邦9B購01,0,0,0,0,0,0,0,0,0,187000,0,0,0,283000,96000,187000,187000
05976P,國巨凱基96售14  ,0,0,0,0,0,0,0,0,0,187000,0,0,0,187000,0,187000,187000
3669,圓展            ,379000,192000,187000,0,0,0,0,0,0,0,0,0,0,0,0,0,187000
060249,正文元大9C購01  ,0,0,0,0,0,0,0,0,0,186000,0,0,0,210000,24000,186000,186000
07593P,臺股指凱基9A售08,0,0,0,0,0,0,0,0,0,185000,0,0,0,225000,40000,185000,185000
2328,廣宇            ,352000,163000,189000,0,0,0,0,3000,-3000,-1000,0,1000,-1000,0,0,0,185000
07293P,臺股指凱基99售45,0,0,0,0,0,0,0,0,0,185000,0,0,0,225000,40000,185000,185000
4977,眾達-KY         ,326000,133000,193000,0,0,0,0,0,0,-8000,0,7000,-7000,0,1000,-1000,185000
059175,臺股指凱基99購26,0,0,0,0,0,0,0,0,0,184000,0,0,0,184000,0,184000,184000
060670,臺指反元大01購03,0,0,0,0,0,0,0,0,0,182000,0,0,0,182000,0,182000,182000
057169,微星元大98購01  ,0,0,0,0,0,0,0,0,0,182000,0,0,0,182000,0,182000,182000
059814,SP黃豆凱基9A購02,0,0,0,0,0,0,0,0,0,182000,0,0,0,664000,482000,182000,182000
4934,太極            ,272000,90000,182000,0,0,0,0,0,0,0,0,0,0,0,0,0,182000
060996,臻鼎元大9A購01  ,0,0,0,0,0,0,0,0,0,181000,0,0,0,194000,13000,181000,181000
054240,訊芯群益96購03  ,0,0,0,0,0,0,0,0,0,181000,0,0,0,206000,25000,181000,181000
059095,訊芯元大99購01  ,0,0,0,0,0,0,0,0,0,181000,0,0,0,472000,291000,181000,181000
057725,台達電國泰9A購01,0,0,0,0,0,0,0,0,0,181000,0,0,0,283000,102000,181000,181000
054376,聯茂中信97購01  ,0,0,0,0,0,0,0,0,0,180000,0,0,0,184000,4000,180000,180000
049264,奇鋐元大95購01  ,0,0,0,0,0,0,0,0,0,180000,0,0,0,180000,0,180000,180000
052747,京鼎元大97購01  ,0,0,0,0,0,0,0,0,0,180000,0,0,0,184000,4000,180000,180000
059370,玉晶光元富99購02,0,0,0,0,0,0,0,0,0,179000,0,0,0,382000,203000,179000,179000
057991,健策統一9C購01  ,0,0,0,0,0,0,0,0,0,178000,0,0,0,188000,10000,178000,178000
058348,台表科群益99購01,0,0,0,0,0,0,0,0,0,178000,0,0,0,185000,7000,178000,178000
2406,國碩            ,230000,53000,177000,0,0,0,0,0,0,0,0,0,0,0,0,0,177000
05213P,台積電國票96售05,0,0,0,0,0,0,0,0,0,177000,0,0,0,182000,5000,177000,177000
057815,信邦元大98購01  ,0,0,0,0,0,0,0,0,0,177000,0,0,0,220000,43000,177000,177000
060047,道瓊反凱基99購01,0,0,0,0,0,0,0,0,0,177000,0,0,0,312000,135000,177000,177000
8213,志超            ,738000,619000,119000,0,0,0,0,2000,-2000,60000,0,5000,-5000,65000,0,65000,177000
07081P,南電群益9A售01  ,0,0,0,0,0,0,0,0,0,176000,0,0,0,256000,80000,176000,176000
061231,聚陽元大9A購02  ,0,0,0,0,0,0,0,0,0,176000,0,0,0,475000,299000,176000,176000
05467P,聯電元大95售02  ,0,0,0,0,0,0,0,0,0,176000,0,0,0,214000,38000,176000,176000
055684,京鼎凱基97購01  ,0,0,0,0,0,0,0,0,0,175000,0,0,0,260000,85000,175000,175000
059358,旺宏永豐99購02  ,0,0,0,0,0,0,0,0,0,175000,0,0,0,273000,98000,175000,175000
057606,健策統一98購03  ,0,0,0,0,0,0,0,0,0,175000,0,0,0,175000,0,175000,175000
04706P,力山元大95售01  ,0,0,0,0,0,0,0,0,0,174000,0,0,0,174000,0,174000,174000
056818,正崴永豐98購01  ,0,0,0,0,0,0,0,0,0,173000,0,0,0,186000,13000,173000,173000
07718P,臺股指群益9A售07,0,0,0,0,0,0,0,0,0,172000,0,0,0,172000,0,172000,172000
054522,康友元大96購07  ,0,0,0,0,0,0,0,0,0,172000,0,0,0,172000,0,172000,172000
060423,智易永豐9A購01  ,0,0,0,0,0,0,0,0,0,171000,0,0,0,371000,200000,171000,171000
053368,京元電富邦98購01,0,0,0,0,0,0,0,0,0,171000,0,0,0,281000,110000,171000,171000
059425,SGBR2X元大9A購02,0,0,0,0,0,0,0,0,0,171000,0,0,0,431000,260000,171000,171000
060596,元黃金凱基9A購02,0,0,0,0,0,0,0,0,0,170000,0,0,0,258000,88000,170000,170000
06035P,同欣電凱基96售03,1000,0,1000,0,0,0,0,0,0,169000,0,0,0,169000,0,169000,170000
061192,奇鋐永豐9A購01  ,0,0,0,0,0,0,0,0,0,170000,0,0,0,329000,159000,170000,170000
07468P,聯電元大9A售02  ,0,0,0,0,0,0,0,0,0,170000,0,0,0,180000,10000,170000,170000
2455,全新            ,375000,191000,184000,0,0,0,0,0,0,-14000,38000,31000,7000,16000,37000,-21000,170000
059099,元油2X統一9C購01,0,0,0,0,0,0,0,0,0,170000,0,0,0,180000,10000,170000,170000
058025,聯茂國泰99購01  ,0,0,0,0,0,0,0,0,0,169000,0,0,0,173000,4000,169000,169000
6120,達運            ,218000,47000,171000,0,0,0,0,0,0,-2000,0,2000,-2000,0,0,0,169000
060407,南六國泰9C購01  ,0,0,0,0,0,0,0,0,0,168000,0,0,0,195000,27000,168000,168000
059819,台積電凱基99購17,0,0,0,0,0,0,0,0,0,168000,0,0,0,199000,31000,168000,168000
059508,聯發科永豐99購03,0,0,0,0,0,0,0,0,0,168000,0,0,0,255000,87000,168000,168000
058251,百和元大99購03  ,0,0,0,0,0,0,0,0,0,168000,0,0,0,168000,0,168000,168000
3060,銘異            ,191000,23000,168000,0,0,0,0,0,0,0,0,0,0,0,0,0,168000
060236,精元元大9C購01  ,0,0,0,0,0,0,0,0,0,166000,0,0,0,191000,25000,166000,166000
061074,儒鴻兆豐9B購01  ,0,0,0,0,0,0,0,0,0,166000,0,0,0,166000,0,166000,166000
055829,上銀元大97購06  ,0,0,0,0,0,0,0,0,0,166000,0,0,0,214000,48000,166000,166000
6277,宏正            ,200000,34000,166000,0,0,0,0,0,0,0,0,0,0,0,0,0,166000
053997,健策群益97購02  ,0,0,0,0,0,0,0,0,0,164000,0,0,0,200000,36000,164000,164000
054563,泰碩群益99購01  ,0,0,0,0,0,0,0,0,0,163000,0,0,0,168000,5000,163000,163000
057573,京鼎永豐98購02  ,0,0,0,0,0,0,0,0,0,163000,0,0,0,473000,310000,163000,163000
059943,信邦永豐99購01  ,0,0,0,0,0,0,0,0,0,163000,0,0,0,215000,52000,163000,163000
8996,高力            ,389000,198000,191000,0,0,0,0,0,0,-28000,0,28000,-28000,0,0,0,163000
060674,瑞昱元大9A購03  ,0,0,0,0,0,0,0,0,0,162000,0,0,0,237000,75000,162000,162000
054527,國巨統一97購03  ,0,0,0,0,0,0,0,0,0,162000,0,0,0,424000,262000,162000,162000
05499P,聯詠元富95售02  ,0,0,0,0,0,0,0,0,0,162000,0,0,0,162000,0,162000,162000
059940,微星永豐99購01  ,0,0,0,0,0,0,0,0,0,162000,0,0,0,162000,0,162000,162000
059744,禾伸堂元富99購02,0,0,0,0,0,0,0,0,0,162000,0,0,0,165000,3000,162000,162000
058802,矽創元大99購02  ,0,0,0,0,0,0,0,0,0,162000,0,0,0,196000,34000,162000,162000
06123P,玉晶光元大97售04,0,0,0,0,0,0,0,0,0,161000,0,0,0,222000,61000,161000,161000
053159,同欣電元大96購02,0,0,0,0,0,0,0,0,0,160000,0,0,0,160000,0,160000,160000
052972,義隆群益96購04  ,0,0,0,0,0,0,0,0,0,160000,0,0,0,163000,3000,160000,160000
05140P,台表科國票96售01,0,0,0,0,0,0,0,0,0,160000,0,0,0,185000,25000,160000,160000
8215,明基材          ,315000,153000,162000,0,0,0,0,2000,-2000,0,0,0,0,0,0,0,160000
07729P,臺股指凱基9A售21,0,0,0,0,0,0,0,0,0,159000,0,0,0,203000,44000,159000,159000
07060P,台表科國票9A售01,0,0,0,0,0,0,0,0,0,159000,0,0,0,197000,38000,159000,159000
05546P,全新元大97售01  ,0,0,0,0,0,0,0,0,0,159000,0,0,0,180000,21000,159000,159000
057508,康控國票99購03  ,0,0,0,0,0,0,0,0,0,159000,0,0,0,159000,0,159000,159000
058512,宏達電元大99購04,0,0,0,0,0,0,0,0,0,159000,0,0,0,162000,3000,159000,159000
058723,元石油國泰9A購01,0,0,0,0,0,0,0,0,0,159000,0,0,0,159000,0,159000,159000
057491,美食元大98購03  ,0,0,0,0,0,0,0,0,0,158000,0,0,0,185000,27000,158000,158000
052990,超眾元大97購01  ,0,0,0,0,0,0,0,0,0,158000,0,0,0,164000,6000,158000,158000
057885,台光電群益98購04,0,0,0,0,0,0,0,0,0,158000,0,0,0,190000,32000,158000,158000
1582,信錦            ,309000,151250,157750,0,0,0,0,0,0,0,0,0,0,0,0,0,157750
059122,超眾永豐99購01  ,0,0,0,0,0,0,0,0,0,157000,0,0,0,157000,0,157000,157000
060493,美律元富01購01  ,0,0,0,0,0,0,0,0,0,156000,0,0,0,272000,116000,156000,156000
052102,台泥兆豐96購01  ,0,0,0,0,0,0,0,0,0,156000,0,0,0,250000,94000,156000,156000
053864,義隆元大96購01  ,0,0,0,0,0,0,0,0,0,156000,0,0,0,417000,261000,156000,156000
060634,矽創富邦9B購01  ,10000,0,10000,0,0,0,0,0,0,145000,0,0,0,467000,322000,145000,155000
060994,世芯元大9A購03  ,0,0,0,0,0,0,0,0,0,155000,0,0,0,178000,23000,155000,155000
059829,超眾凱基99購05  ,0,0,0,0,0,0,0,0,0,155000,0,0,0,156000,1000,155000,155000
06006P,欣興永豐96售04  ,0,0,0,0,0,0,0,0,0,154000,0,0,0,159000,5000,154000,154000
056186,智原統一97購01  ,0,0,0,0,0,0,0,0,0,154000,0,0,0,186000,32000,154000,154000
060336,南電康和9A購01  ,0,0,0,0,0,0,0,0,0,153000,0,0,0,160000,7000,153000,153000
055404,超眾元富97購01  ,0,0,0,0,0,0,0,0,0,152000,0,0,0,322000,170000,152000,152000
061085,聯茂兆豐9A購01  ,0,0,0,0,0,0,0,0,0,151000,0,0,0,163000,12000,151000,151000
059525,上銀凱基99購08  ,0,0,0,0,0,0,0,0,0,151000,0,0,0,151000,0,151000,151000
061040,康友永豐9A購01  ,0,0,0,0,0,0,0,0,0,150000,0,0,0,170000,20000,150000,150000
07409P,台積電台新99售07,0,0,0,0,0,0,0,0,0,150000,0,0,0,170000,20000,150000,150000
06654P,欣興元大98售08  ,0,0,0,0,0,0,0,0,0,150000,0,0,0,150000,0,150000,150000
055449,超眾統一9A購01  ,0,0,0,0,0,0,0,0,0,150000,0,0,0,182000,32000,150000,150000
053806,鎧勝凱基96購02  ,0,0,0,0,0,0,0,0,0,150000,0,0,0,150000,0,150000,150000
052096,力成元大95購01  ,0,0,0,0,0,0,0,0,0,150000,0,0,0,156000,6000,150000,150000
052163,康舒永豐95購02  ,0,0,0,0,0,0,0,0,0,150000,0,0,0,150000,0,150000,150000
05089P,亞德客元大95售01,0,0,0,0,0,0,0,0,0,150000,0,0,0,150000,0,150000,150000
059813,滬深2X凱基9B購01,0,0,0,0,0,0,0,0,0,150000,0,0,0,250000,100000,150000,150000
059115,美食永豐99購01  ,0,0,0,0,0,0,0,0,0,150000,0,0,0,150000,0,150000,150000
057109,信邦群益98購01  ,0,0,0,0,0,0,0,0,0,150000,0,0,0,246000,96000,150000,150000
057625,泰鼎國泰9A購01  ,0,0,0,0,0,0,0,0,0,150000,0,0,0,160000,10000,150000,150000
058670,鴻海群益9A購03  ,0,0,0,0,0,0,0,0,0,150000,0,0,0,150000,0,150000,150000
07382P,台積電群益9B售01,0,0,0,0,0,0,0,0,0,149000,0,0,0,149000,0,149000,149000
060199,台郡元富9A購01  ,0,0,0,0,0,0,0,0,0,149000,0,0,0,360000,211000,149000,149000
060514,南電元大9A購02  ,0,0,0,0,0,0,0,0,0,149000,0,0,0,155000,6000,149000,149000
05782P,聯詠元富96售02  ,0,0,0,0,0,0,0,0,0,149000,0,0,0,178000,29000,149000,149000
052104,英業達兆豐96購01,0,0,0,0,0,0,0,0,0,148000,0,0,0,634000,486000,148000,148000
058725,美律富邦9A購01  ,0,0,0,0,0,0,0,0,0,148000,0,0,0,148000,0,148000,148000
061137,晶技統一9B購01  ,0,0,0,0,0,0,0,0,0,147000,0,0,0,205000,58000,147000,147000
07442P,華航康和9A售02  ,0,0,0,0,0,0,0,0,0,147000,0,0,0,310000,163000,147000,147000
07530P,聯發科凱基9A售11,0,0,0,0,0,0,0,0,0,147000,0,0,0,167000,20000,147000,147000
053947,義隆富邦97購01  ,0,0,0,0,0,0,0,0,0,147000,0,0,0,183000,36000,147000,147000
054852,奇鋐國票98購01  ,0,0,0,0,0,0,0,0,0,147000,0,0,0,402000,255000,147000,147000
055955,微星元大97購01  ,0,0,0,0,0,0,0,0,0,147000,0,0,0,238000,91000,147000,147000
057240,茂林凱基9A購01  ,0,0,0,0,0,0,0,0,0,146000,0,0,0,357000,211000,146000,146000
05921P,同欣電元大96售06,0,0,0,0,0,0,0,0,0,146000,0,0,0,151000,5000,146000,146000
05970P,超眾永豐96售03  ,0,0,0,0,0,0,0,0,0,146000,0,0,0,146000,0,146000,146000
3665,貿聯-KY         ,179000,69000,110000,0,0,0,20000,0,20000,16000,21000,0,21000,4000,9000,-5000,146000
07612P,國巨國泰9B售06  ,0,0,0,0,0,0,0,0,0,144000,0,0,0,733000,589000,144000,144000
059958,鎧勝康和99購01  ,0,0,0,0,0,0,0,0,0,144000,0,0,0,229000,85000,144000,144000
057096,緯穎元富98購01  ,0,0,0,0,0,0,0,0,0,144000,0,0,0,184000,40000,144000,144000
058768,南港兆豐99購01  ,0,0,0,0,0,0,0,0,0,144000,0,0,0,194000,50000,144000,144000
056243,創意群益97購03  ,0,0,0,0,0,0,0,0,0,144000,0,0,0,154000,10000,144000,144000
2614,東森            ,953001,810000,143001,0,0,0,0,0,0,0,0,0,0,0,0,0,143001
060666,聯茂凱基9A購02  ,0,0,0,0,0,0,0,0,0,143000,0,0,0,143000,0,143000,143000
060240,富邦金元大9A購01,0,0,0,0,0,0,0,0,0,143000,0,0,0,169000,26000,143000,143000
051524,貿聯凱基95購02  ,0,0,0,0,0,0,0,0,0,143000,0,0,0,143000,0,143000,143000
2912,統一超          ,963504,827600,135904,0,0,0,10000,1000,9000,-2000,0,2000,-2000,0,0,0,142904
07392P,台積電國泰02售01,0,0,0,0,0,0,0,0,0,142000,0,0,0,142000,0,142000,142000
055858,聯茂元大97購03  ,0,0,0,0,0,0,0,0,0,142000,0,0,0,142000,0,142000,142000
061092,可成統一9C購02  ,0,0,0,0,0,0,0,0,0,141000,0,0,0,154000,13000,141000,141000
061020,超眾國票9A購02  ,0,0,0,0,0,0,0,0,0,141000,0,0,0,165000,24000,141000,141000
056177,嘉澤元富97購01  ,0,0,0,0,0,0,0,0,0,141000,0,0,0,173000,32000,141000,141000
3014,聯陽            ,228000,109000,119000,0,0,0,0,2000,-2000,24000,19000,0,19000,12000,7000,5000,141000
060882,大立光中信9A購05,0,0,0,0,0,0,0,0,0,140000,0,0,0,155000,15000,140000,140000
061043,百和永豐9A購01  ,0,0,0,0,0,0,0,0,0,140000,0,0,0,200000,60000,140000,140000
060138,T50反1國票9A購03,0,0,0,0,0,0,0,0,0,140000,0,0,0,140000,0,140000,140000
1760,寶齡富錦        ,211000,72000,139000,0,0,0,0,0,0,1000,1000,0,1000,0,0,0,140000
055183,聯鈞統一97購01  ,0,0,0,0,0,0,0,0,0,140000,0,0,0,219000,79000,140000,140000
05121P,創意國泰96售01  ,0,0,0,0,0,0,0,0,0,140000,0,0,0,162000,22000,140000,140000
05118P,超眾元大96售04  ,0,5000,-5000,0,0,0,0,0,0,145000,0,0,0,215000,70000,145000,140000
056526,力山凱基98購01  ,0,0,0,0,0,0,0,0,0,140000,0,0,0,175000,35000,140000,140000
060871,台灣50中信01購03,0,0,0,0,0,0,0,0,0,139000,0,0,0,140000,1000,139000,139000
060989,國泰金元大9A購02,0,0,0,0,0,0,0,0,0,139000,0,0,0,139000,0,139000,139000
054089,台積電群益96購11,0,0,0,0,0,0,0,0,0,139000,0,0,0,139000,0,139000,139000
05310P,智原永豐95售04  ,0,0,0,0,0,0,0,0,0,139000,0,0,0,179000,40000,139000,139000
061041,南電永豐9A購03  ,0,0,0,0,0,0,0,0,0,138000,0,0,0,138000,0,138000,138000
060190,國泰金元富9A購01,0,0,0,0,0,0,0,0,0,138000,0,0,0,188000,50000,138000,138000
056899,可成元大98購01  ,0,0,0,0,0,0,0,0,0,138000,0,0,0,138000,0,138000,138000
059618,台積電日盛99購01,0,0,0,0,0,0,0,0,0,138000,0,0,0,239000,101000,138000,138000
059302,大立光群益99購08,0,0,0,0,0,0,0,0,0,138000,0,0,0,150000,12000,138000,138000
061131,崇越永豐9A購01  ,0,0,0,0,0,0,0,0,0,137000,0,0,0,137000,0,137000,137000
058790,楠梓電元大99購03,0,0,0,0,0,0,0,0,0,137000,0,0,0,139000,2000,137000,137000
060434,台汽電永豐9A購01,0,0,0,0,0,0,0,0,0,136000,0,0,0,136000,0,136000,136000
057149,京鼎國票99購02  ,0,0,0,0,0,0,0,0,0,136000,0,0,0,728000,592000,136000,136000
060409,味全永豐9A購01  ,0,0,0,0,0,0,0,0,0,135000,0,0,0,203000,68000,135000,135000
060473,中租元大9A購03  ,0,0,0,0,0,0,0,0,0,135000,0,0,0,164000,29000,135000,135000
1605,華新            ,3481000,3330000,151000,0,0,0,0,0,0,-16000,0,16000,-16000,0,0,0,135000
07130P,台郡元大9B售01  ,0,0,0,0,0,0,0,0,0,135000,0,0,0,135000,0,135000,135000
053352,義隆兆豐96購01  ,0,0,0,0,0,0,0,0,0,135000,0,0,0,139000,4000,135000,135000
059114,華新科永豐99購05,0,0,0,0,0,0,0,0,0,135000,0,0,0,199000,64000,135000,135000
059051,和大凱基9A購01  ,0,0,0,0,0,0,0,0,0,135000,0,0,0,167000,32000,135000,135000
057903,聯鈞永豐99購01  ,0,0,0,0,0,0,0,0,0,135000,0,0,0,145000,10000,135000,135000
057798,貿聯兆豐99購01  ,0,0,0,0,0,0,0,0,0,135000,0,0,0,207000,72000,135000,135000
058139,臻鼎元大99購01  ,0,0,0,0,0,0,0,0,0,135000,0,0,0,168000,33000,135000,135000
2376,技嘉            ,643000,453000,190000,0,0,0,0,2000,-2000,-54000,0,23000,-23000,29000,60000,-31000,134000
049972,南電國票95購02  ,0,0,0,0,0,0,0,0,0,134000,0,0,0,137000,3000,134000,134000
061161,南六群益9A購01  ,0,0,0,0,0,0,0,0,0,133000,0,0,0,249000,116000,133000,133000
061062,和大凱基9A購02  ,0,0,0,0,0,0,0,0,0,133000,0,0,0,133000,0,133000,133000
056705,超眾國泰99購01  ,0,0,0,0,0,0,0,0,0,133000,0,0,0,163000,30000,133000,133000
053510,聯電群益97購01  ,0,0,0,0,0,0,0,0,0,132000,0,0,0,312000,180000,132000,132000
055861,矽力元大97購03  ,0,0,0,0,0,0,0,0,0,132000,0,0,0,171000,39000,132000,132000
054502,泰碩永豐96購01  ,0,0,0,0,0,0,0,0,0,132000,0,0,0,187000,55000,132000,132000
055536,嘉聯益群益99購02,0,0,0,0,0,0,0,0,0,132000,0,0,0,198000,66000,132000,132000
1590,亞德客-KY       ,295379,197500,97879,0,0,0,55000,10000,45000,-11000,2000,10000,-8000,6000,9000,-3000,131879
052005,矽力國泰97購02  ,0,0,0,0,0,0,0,0,0,131000,0,0,0,166000,35000,131000,131000
060139,T50反1國票9A購04,0,0,0,0,0,0,0,0,0,130000,0,0,0,195000,65000,130000,130000
060241,國泰金元大9A購01,0,0,0,0,0,0,0,0,0,130000,0,0,0,130000,0,130000,130000
053955,華通永豐96購04  ,0,0,0,0,0,0,0,0,0,130000,0,0,0,130000,0,130000,130000
057468,台郡永豐98購01  ,0,0,0,0,0,0,0,0,0,130000,0,0,0,130000,0,130000,130000
053337,聯電國票97購01  ,15000,0,15000,0,0,0,0,0,0,115000,0,0,0,140000,25000,115000,130000
054579,聯茂元大97購01  ,0,0,0,0,0,0,0,0,0,129000,0,0,0,156000,27000,129000,129000
05395P,旺宏元大96售06  ,0,0,0,0,0,0,0,0,0,129000,0,0,0,129000,0,129000,129000
6166,凌華            ,155000,26000,129000,0,0,0,0,0,0,0,0,0,0,0,0,0,129000
06662P,玉晶光中信9A售01,0,0,0,0,0,0,0,0,0,128000,0,0,0,530000,402000,128000,128000
053929,正文國票97購01  ,0,0,0,0,0,0,0,0,0,128000,0,0,0,128000,0,128000,128000
053542,超眾永豐96購01  ,0,0,0,0,0,0,0,0,0,128000,0,0,0,141000,13000,128000,128000
055021,亞德客國泰98購01,0,0,0,0,0,0,0,0,0,128000,0,0,0,128000,0,128000,128000
059064,緯穎凱基99購02  ,0,0,0,0,0,0,0,0,0,128000,0,0,0,133000,5000,128000,128000
06246P,茂林元富97售03  ,0,0,0,0,0,0,0,0,0,127000,0,0,0,213000,86000,127000,127000
060302,台積電富邦02購01,0,0,0,0,0,0,0,0,0,127000,0,0,0,458000,331000,127000,127000
053111,緯創兆豐97購01  ,0,0,0,0,0,0,0,0,0,127000,0,0,0,127000,0,127000,127000
059286,S&P正2元富01購03,0,0,0,0,0,0,0,0,0,127000,0,0,0,139000,12000,127000,127000
058970,鴻海永豐99購02  ,0,0,0,0,0,0,0,0,0,127000,0,0,0,337000,210000,127000,127000
059019,元石油統一9B購03,0,0,0,0,0,0,0,0,0,127000,0,0,0,272000,145000,127000,127000
6416,瑞祺電通        ,223000,258000,-35000,0,0,0,250000,83000,167000,-5000,15000,3000,12000,6000,23000,-17000,127000
07509P,牧德國票9A售03  ,0,0,0,0,0,0,0,0,0,126000,0,0,0,126000,0,126000,126000
060227,和大元大9A購01  ,0,0,0,0,0,0,0,0,0,125000,0,0,0,141000,16000,125000,125000
057490,可成元大98購10  ,0,0,0,0,0,0,0,0,0,125000,0,0,0,125000,0,125000,125000
055500,京鼎元大97購04  ,0,0,0,0,0,0,0,0,0,125000,0,0,0,125000,0,125000,125000
051222,世紀鋼元富95購01,0,0,0,0,0,0,0,0,0,125000,0,0,0,130000,5000,125000,125000
060309,佳世達永豐9A購01,0,0,0,0,0,0,0,0,0,124000,0,0,0,182000,58000,124000,124000
060921,中橡永豐9A購02  ,0,0,0,0,0,0,0,0,0,124000,0,0,0,124000,0,124000,124000
05545P,台表科國泰98售01,0,0,0,0,0,0,0,0,0,124000,0,0,0,134000,10000,124000,124000
055992,智原台新97購02  ,0,0,0,0,0,0,0,0,0,124000,0,0,0,165000,41000,124000,124000
058772,茂林兆豐9A購01  ,0,0,0,0,0,0,0,0,0,124000,0,0,0,217000,93000,124000,124000
061102,台積電元大9A購22,0,0,0,0,0,0,0,0,0,123000,0,0,0,125000,2000,123000,123000
060195,旭富元富9A購02  ,0,0,0,0,0,0,0,0,0,123000,0,0,0,133000,10000,123000,123000
053513,義隆群益96購05  ,0,0,0,0,0,0,0,0,0,123000,0,0,0,141000,18000,123000,123000
04495P,台積電國票95售01,0,0,0,0,0,0,0,0,0,123000,0,0,0,123000,0,123000,123000
056774,和鑫元大98購01  ,0,0,0,0,0,0,0,0,0,123000,0,0,0,419000,296000,123000,123000
3413,京鼎            ,340000,607000,-267000,0,0,0,276000,0,276000,114000,135000,62000,73000,85000,44000,41000,123000
06954P,大立光元富99售01,0,0,0,0,0,0,0,0,0,122000,0,0,0,155000,33000,122000,122000
058688,矽創凱基9A購01  ,0,0,0,0,0,0,0,0,0,122000,0,0,0,122000,0,122000,122000
3266,昇陽            ,172000,50000,122000,0,0,0,0,0,0,0,0,0,0,0,0,0,122000
061136,可成統一9A購01  ,0,0,0,0,0,0,0,0,0,121000,0,0,0,123000,2000,121000,121000
056686,可成統一98購01  ,0,0,0,0,0,0,0,0,0,121000,0,0,0,121000,0,121000,121000
05669P,嘉晶永豐96售03  ,0,0,0,0,0,0,0,0,0,121000,0,0,0,153000,32000,121000,121000
056878,元油2X國票99購02,0,0,0,0,0,0,0,0,0,121000,0,0,0,121000,0,121000,121000
2498,宏達電          ,735000,702000,33000,0,0,0,0,0,0,88000,14000,5000,9000,95000,16000,79000,121000
051186,創意永豐95購01  ,0,0,0,0,0,0,0,0,0,120000,0,0,0,120000,0,120000,120000
055116,康控凱基98購01  ,0,0,0,0,0,0,0,0,0,120000,0,0,0,120000,0,120000,120000
057158,義隆永豐99購01  ,0,0,0,0,0,0,0,0,0,120000,0,0,0,261000,141000,120000,120000
057393,台積電中信02購01,0,0,0,0,0,0,0,0,0,120000,0,0,0,430000,310000,120000,120000
060035,臺股指永豐99購04,0,0,0,0,0,0,0,0,0,120000,0,0,0,120000,0,120000,120000
05902P,華通國票96售02  ,0,0,0,0,0,0,0,0,0,120000,0,0,0,120000,0,120000,120000
060815,茂林凱基9B購01  ,0,0,0,0,0,0,0,0,0,119000,0,0,0,129000,10000,119000,119000
057531,禾伸堂元大99購04,0,0,0,0,0,0,0,0,0,119000,0,0,0,206000,87000,119000,119000
058901,美律元大99購07  ,0,0,0,0,0,0,0,0,0,119000,0,0,0,224000,105000,119000,119000
058496,文曄群益99購01  ,0,0,0,0,0,0,0,0,0,119000,0,0,0,119000,0,119000,119000
056936,禾伸堂元富98購01,0,0,0,0,0,0,0,0,0,119000,0,0,0,332000,213000,119000,119000
1732,毛寶            ,504000,386000,118000,0,0,0,0,0,0,0,0,0,0,0,0,0,118000
2342,茂矽            ,391000,273000,118000,0,0,0,0,0,0,0,0,0,0,0,0,0,118000
055232,泰碩國票98購01  ,0,0,0,0,0,0,0,0,0,118000,0,0,0,124000,6000,118000,118000
054331,世芯永豐96購03  ,0,0,0,0,0,0,0,0,0,118000,0,0,0,138000,20000,118000,118000
6209,今國光          ,153000,35000,118000,0,0,0,0,0,0,0,0,0,0,0,0,0,118000
055112,晶豪科凱基98購01,0,0,0,0,0,0,0,0,0,117000,0,0,0,209000,92000,117000,117000
048788,華新科元大95購02,0,0,0,0,0,0,0,0,0,117000,0,0,0,119000,2000,117000,117000
06594P,立積元大98售01  ,0,0,0,0,0,0,0,0,0,116000,0,0,0,131000,15000,116000,116000
05052P,友達群益97售01  ,0,0,0,0,0,0,0,0,0,116000,0,0,0,120000,4000,116000,116000
057170,瑞昱元大98購01  ,0,0,0,0,0,0,0,0,0,116000,0,0,0,138000,22000,116000,116000
059956,玉山金康和99購01,0,0,0,0,0,0,0,0,0,116000,0,0,0,276000,160000,116000,116000
059922,大立光元大99購25,0,0,0,0,0,0,0,0,0,116000,0,0,0,148000,32000,116000,116000
058203,信邦凱基99購01  ,0,0,0,0,0,0,0,0,0,116000,0,0,0,138000,22000,116000,116000
3090,日電貿          ,205000,97530,107470,0,0,0,0,0,0,8000,0,0,0,10000,2000,8000,115470
07543P,台積電凱基9A售17,0,0,0,0,0,0,0,0,0,115000,0,0,0,115000,0,115000,115000
060723,致新永豐9A購01  ,0,0,0,0,0,0,0,0,0,115000,0,0,0,155000,40000,115000,115000
060708,康友富邦9B購01  ,0,0,0,0,0,0,0,0,0,115000,0,0,0,115000,0,115000,115000
054786,全新群益99購02  ,0,0,0,0,0,0,0,0,0,115000,0,0,0,115000,0,115000,115000
054884,友達統一99購01  ,0,0,0,0,0,0,0,0,0,115000,0,0,0,115000,0,115000,115000
059688,燿華永豐99購01  ,0,0,0,0,0,0,0,0,0,115000,0,0,0,120000,5000,115000,115000
059042,世紀鋼群益99購02,0,0,0,0,0,0,0,0,0,115000,0,0,0,115000,0,115000,115000
8112,至上            ,2571100,2458000,113100,0,0,0,3000,2000,1000,0,0,0,0,0,0,0,114100
060373,元金2X元富9A購01,0,0,0,0,0,0,0,0,0,114000,0,0,0,145000,31000,114000,114000
060889,國泰金統一9C購01,0,0,0,0,0,0,0,0,0,114000,0,0,0,114000,0,114000,114000
07471P,南亞科元大9A售01,0,0,0,0,0,0,0,0,0,114000,0,0,0,149000,35000,114000,114000
055896,南電統一97購02  ,0,0,0,0,0,0,0,0,0,114000,0,0,0,114000,0,114000,114000
05359P,嘉澤元大95售02  ,0,0,0,0,0,0,0,0,0,114000,0,0,0,213000,99000,114000,114000
057024,義隆凱基99購01  ,0,0,0,0,0,0,0,0,0,114000,0,0,0,124000,10000,114000,114000
059999,緯穎元富99購01  ,0,0,0,0,0,0,0,0,0,114000,0,0,0,114000,0,114000,114000
059646,聯茂凱基99購06  ,0,0,0,0,0,0,0,0,0,114000,0,0,0,120000,6000,114000,114000
056418,台光電元富98購01,0,0,0,0,0,0,0,0,0,114000,0,0,0,252000,138000,114000,114000
1417,嘉裕            ,127000,14000,113000,0,0,0,0,0,0,0,0,0,0,0,0,0,113000
06151P,華新科元大97售07,0,0,0,0,0,0,0,0,0,113000,0,0,0,141000,28000,113000,113000
060909,金像電元大9B購01,0,0,0,0,0,0,0,0,0,113000,0,0,0,232000,119000,113000,113000
060557,南電凱基9A購02  ,0,0,0,0,0,0,0,0,0,113000,0,0,0,116000,3000,113000,113000
048189,臺指反元大96購06,0,0,0,0,0,0,0,0,0,113000,0,0,0,133000,20000,113000,113000
056622,高鐵永豐98購01  ,0,0,0,0,0,0,0,0,0,113000,0,0,0,113000,0,113000,113000
057048,新日興元大98購01,0,0,0,0,0,0,0,0,0,113000,0,0,0,113000,0,113000,113000
3059,華晶科          ,170000,57000,113000,0,0,0,0,0,0,0,0,0,0,0,0,0,113000
07416P,台積電元大99售53,0,0,0,0,0,0,0,0,0,112000,0,0,0,212000,100000,112000,112000
2399,映泰            ,149000,34000,115000,0,0,0,0,0,0,-3000,0,3000,-3000,0,0,0,112000
052822,泰碩永豐97購01  ,0,0,0,0,0,0,0,0,0,112000,0,0,0,115000,3000,112000,112000
053593,晶技元大98購01  ,0,60000,-60000,0,0,0,0,0,0,172000,0,0,0,252000,80000,172000,112000
057638,上銀元大99購01  ,0,0,0,0,0,0,0,0,0,112000,0,0,0,115000,3000,112000,112000
058035,旭富永豐98購02  ,0,0,0,0,0,0,0,0,0,112000,0,0,0,157000,45000,112000,112000
056116,義隆群益97購02  ,0,0,0,0,0,0,0,0,0,112000,0,0,0,156000,44000,112000,112000
059181,世紀鋼元富9C購01,0,0,0,0,0,0,0,0,0,112000,0,0,0,115000,3000,112000,112000
07088P,訊芯永豐99售02  ,0,0,0,0,0,0,0,0,0,111000,0,0,0,111000,0,111000,111000
3048,益登            ,126000,15000,111000,0,0,0,0,0,0,0,0,0,0,0,0,0,111000
06971P,台光電元大99售03,0,0,0,0,0,0,0,0,0,110000,0,0,0,360000,250000,110000,110000
07175P,聯詠凱基99售02  ,0,0,0,0,0,0,0,0,0,110000,0,0,0,110000,0,110000,110000
07559P,祥碩元大9A售03  ,0,0,0,0,0,0,0,0,0,110000,0,0,0,247000,137000,110000,110000
061276,T50反1台新9A購03,0,0,0,0,0,0,0,0,0,110000,0,0,0,110000,0,110000,110000
055700,緯穎國泰98購02  ,0,0,0,0,0,0,0,0,0,110000,0,0,0,130000,20000,110000,110000
054848,群創兆豐98購01  ,0,0,0,0,0,0,0,0,0,110000,0,0,0,120000,10000,110000,110000
051918,聯茂元大95購01  ,0,0,0,0,0,0,0,0,0,110000,0,0,0,122000,12000,110000,110000
057357,超眾統一98購01  ,0,0,0,0,0,0,0,0,0,110000,0,0,0,196000,86000,110000,110000
059632,聯發科凱基01購01,0,0,0,0,0,0,0,0,0,110000,0,0,0,115000,5000,110000,110000
059855,緯穎永豐99購04  ,0,0,0,0,0,0,0,0,0,110000,0,0,0,127000,17000,110000,110000
05993P,國巨元大96售13  ,0,0,0,0,0,0,0,0,0,110000,0,0,0,110000,0,110000,110000
057912,美律日盛99購01  ,0,0,0,0,0,0,0,0,0,110000,0,0,0,114000,4000,110000,110000
057924,健策凱基98購02  ,0,0,0,0,0,0,0,0,0,110000,0,0,0,152000,42000,110000,110000
2338,光罩            ,727000,920000,-193000,0,0,0,0,2000,-2000,304000,0,0,0,317000,13000,304000,109000
03435B,臺股指凱基99熊29,0,0,0,0,0,0,0,0,0,109000,0,0,0,416000,307000,109000,109000
055446,奇力新統一9A購01,0,0,0,0,0,0,0,0,0,109000,0,0,0,109000,0,109000,109000
056232,瑞儀凱基98購01  ,0,0,0,0,0,0,0,0,0,109000,0,0,0,110000,1000,109000,109000
059950,百和永豐99購02  ,0,0,0,0,0,0,0,0,0,109000,0,0,0,139000,30000,109000,109000
061127,美食永豐9A購01  ,0,0,0,0,0,0,0,0,0,108000,0,0,0,108000,0,108000,108000
060327,美律群益9A購02  ,0,0,0,0,0,0,0,0,0,108000,0,0,0,146000,38000,108000,108000
060252,緯穎元大9A購02  ,0,0,0,0,0,0,0,0,0,108000,0,0,0,118000,10000,108000,108000
055297,啟碁元大97購01  ,0,0,0,0,0,0,0,0,0,108000,0,0,0,108000,0,108000,108000
054420,緯穎元大96購08  ,0,0,0,0,0,0,0,0,0,108000,0,0,0,163000,55000,108000,108000
057498,台郡元大98購04  ,0,0,0,0,0,0,0,0,0,108000,0,0,0,108000,0,108000,108000
057803,上銀元大98購08  ,0,0,0,0,0,0,0,0,0,108000,0,0,0,113000,5000,108000,108000
060803,台灣50群益9A購13,0,0,0,0,0,0,0,0,0,107000,0,0,0,108000,1000,107000,107000
053094,聯電統一97購02  ,0,0,0,0,0,0,0,0,0,107000,0,0,0,172000,65000,107000,107000
3312,弘憶股          ,127000,20000,107000,0,0,0,0,0,0,0,0,0,0,0,0,0,107000
3380,明泰            ,286000,205000,81000,0,0,0,0,0,0,26000,0,60000,-60000,142000,56000,86000,107000
060158,廣達永豐9A購01  ,0,0,0,0,0,0,0,0,0,106000,0,0,0,111000,5000,106000,106000
2436,偉詮電          ,650000,544000,106000,0,0,0,0,0,0,0,0,0,0,0,0,0,106000
2453,凌群            ,119000,13000,106000,0,0,0,0,0,0,0,0,0,0,0,0,0,106000
07499P,台積電元大9A售12,0,0,0,0,0,0,0,0,0,106000,0,0,0,106000,0,106000,106000
054457,強茂群益96購01  ,0,0,0,0,0,0,0,0,0,106000,0,0,0,106000,0,106000,106000
055746,同欣電元富97購01,0,0,0,0,0,0,0,0,0,106000,0,0,0,156000,50000,106000,106000
056326,TPK兆豐98購01   ,0,0,0,0,0,0,0,0,0,106000,0,0,0,106000,0,106000,106000
059307,T50反1元大99購06,0,0,0,0,0,0,0,0,0,106000,0,0,0,263000,157000,106000,106000
07106P,國巨統一9B售05  ,0,0,0,0,0,0,0,0,0,105000,0,0,0,135000,30000,105000,105000
07401P,台積電凱基99售21,0,0,0,0,0,0,0,0,0,105000,0,0,0,105000,0,105000,105000
060603,聯發科凱基9A購12,0,0,0,0,0,0,0,0,0,105000,0,0,0,110000,5000,105000,105000
055252,新光金統一98購02,0,0,0,0,0,0,0,0,0,105000,0,0,0,231000,126000,105000,105000
051572,上銀元大95購01  ,0,0,0,0,0,0,0,0,0,105000,0,0,0,105000,0,105000,105000
056579,麗豐元大99購01  ,0,0,0,0,0,0,0,0,0,105000,0,0,0,159000,54000,105000,105000
057674,台郡元大99購03  ,0,0,0,0,0,0,0,0,0,105000,0,0,0,335000,230000,105000,105000
058187,泰碩永豐99購01  ,0,0,0,0,0,0,0,0,0,105000,0,0,0,105000,0,105000,105000
3682,亞太電          ,225000,120224,104776,0,0,0,0,0,0,0,0,0,0,0,0,0,104776
04391P,玉晶光凱基95售03,0,0,0,0,0,0,0,0,0,104000,0,0,0,104000,0,104000,104000
057278,可成元大98購06  ,0,0,0,0,0,0,0,0,0,104000,0,0,0,121000,17000,104000,104000
057134,茂林凱基98購02  ,0,0,0,0,0,0,0,0,0,104000,0,0,0,164000,60000,104000,104000
060710,上銀永豐9A購01  ,0,0,0,0,0,0,0,0,0,103000,0,0,0,103000,0,103000,103000
060868,致伸永豐9A購01  ,0,0,0,0,0,0,0,0,0,103000,0,0,0,103000,0,103000,103000
060916,金像電國泰9C購01,0,0,0,0,0,0,0,0,0,103000,0,0,0,113000,10000,103000,103000
060957,SP黃豆凱基9A購04,0,0,0,0,0,0,0,0,0,103000,0,0,0,221000,118000,103000,103000
07368P,國巨凱基99售19  ,0,0,0,0,0,0,0,0,0,103000,0,0,0,125000,22000,103000,103000
07634P,金像電元大9A售01,0,0,0,0,0,0,0,0,0,103000,0,0,0,207000,104000,103000,103000
2388,威盛            ,160000,57000,103000,0,0,0,0,0,0,0,0,0,0,0,0,0,103000
047768,大立光元大95購01,0,0,0,0,0,0,0,0,0,103000,0,0,0,103000,0,103000,103000
053595,創意元大96購02  ,0,0,0,0,0,0,0,0,0,103000,0,0,0,194000,91000,103000,103000
057699,可成群益9A購02  ,0,0,0,0,0,0,0,0,0,103000,0,0,0,103000,0,103000,103000
057742,喬山永豐98購02  ,0,0,0,0,0,0,0,0,0,103000,0,0,0,103000,0,103000,103000
2461,光群雷          ,200000,98000,102000,0,0,0,0,0,0,0,0,0,0,0,0,0,102000
07164P,臺股指群益99售15,0,0,0,0,0,0,0,0,0,102000,0,0,0,317000,215000,102000,102000
046928,奇鋐富邦97購01  ,0,0,0,0,0,0,0,0,0,102000,0,0,0,110000,8000,102000,102000
059014,SGBR2X元富03購01,0,0,0,0,0,0,0,0,0,102000,0,0,0,134000,32000,102000,102000
058353,國巨凱基99購09  ,0,0,0,0,0,0,0,0,0,102000,0,0,0,176000,74000,102000,102000
056962,技嘉永豐98購01  ,0,0,0,0,0,0,0,0,0,102000,0,0,0,107000,5000,102000,102000
3504,揚明光          ,152000,45000,107000,0,0,0,0,0,0,-5000,0,0,0,0,5000,-5000,102000
07363P,大立光元大99售26,0,0,0,0,0,0,0,0,0,101000,0,0,0,101000,0,101000,101000
07456P,華新科元大9A售06,0,0,0,0,0,0,0,0,0,101000,0,0,0,101000,0,101000,101000
060144,全新國票9B購01  ,0,0,0,0,0,0,0,0,0,101000,0,0,0,101000,0,101000,101000
054399,智易永豐96購03  ,0,0,0,0,0,0,0,0,0,101000,0,0,0,101000,0,101000,101000
058218,緯穎群益99購01  ,0,0,0,0,0,0,0,0,0,101000,0,0,0,324000,223000,101000,101000
060242,潤泰全元大9C購01,0,0,0,0,0,0,0,0,0,100000,0,0,0,100000,0,100000,100000
060961,台光電凱基9A購03,0,0,0,0,0,0,0,0,0,100000,0,0,0,121000,21000,100000,100000
061271,聯茂凱基9A購04  ,0,0,0,0,0,0,0,0,0,100000,0,0,0,100000,0,100000,100000
061264,全新凱基9B購01  ,0,0,0,0,0,0,0,0,0,100000,0,0,0,100000,0,100000,100000
1325,恆大            ,2000,16000,-14000,0,0,0,0,0,0,114000,114000,0,114000,0,0,0,100000
07742P,台積電凱基9A售25,0,0,0,0,0,0,0,0,0,100000,0,0,0,100000,0,100000,100000
07234P,台灣50元大9B售04,0,0,0,0,0,0,0,0,0,100000,0,0,0,100000,0,100000,100000
07032P,聯發科統一9C售02,0,0,0,0,0,0,0,0,0,100000,0,0,0,100000,0,100000,100000
06477P,緯穎國票99售02  ,0,0,0,0,0,0,0,0,0,100000,0,0,0,100000,0,100000,100000
054523,GIS元大96購05   ,0,0,0,0,0,0,0,0,0,100000,0,0,0,100000,0,100000,100000
054628,可成凱基98購01  ,0,0,0,0,0,0,0,0,0,100000,0,0,0,100000,0,100000,100000
055265,玉晶光永豐98購03,0,0,0,0,0,0,0,0,0,100000,0,0,0,100000,0,100000,100000
05493P,華新科富邦99售02,0,0,0,0,0,0,0,0,0,100000,0,0,0,140000,40000,100000,100000
055461,TPK永豐97購01   ,0,0,0,0,0,0,0,0,0,100000,0,0,0,100000,0,100000,100000
053521,緯穎群益96購02  ,0,0,0,0,0,0,0,0,0,100000,0,0,0,100000,0,100000,100000
055983,全新元富9A購02  ,0,0,0,0,0,0,0,0,0,100000,0,0,0,100000,0,100000,100000
04905P,國巨國票94售04  ,0,0,0,0,0,0,0,0,0,100000,0,0,0,402000,302000,100000,100000
049736,宏達電群益95購03,0,0,0,0,0,0,0,0,0,100000,0,0,0,100000,0,100000,100000
040381,元金2X元富95購01,0,0,0,0,0,0,0,0,0,100000,0,0,0,100000,0,100000,100000
048528,華泰國票94購01  ,0,0,0,0,0,0,0,0,0,100000,0,0,0,100000,0,100000,100000
050271,上緯控元大96購01,0,0,0,0,0,0,0,0,0,100000,0,0,0,100000,0,100000,100000
051078,力山富邦97購01  ,0,0,0,0,0,0,0,0,0,100000,0,0,0,100000,0,100000,100000
052838,新唐國泰98購01  ,0,0,0,0,0,0,0,0,0,100000,0,0,0,100000,0,100000,100000
053844,GIS統一96購01   ,0,0,0,0,0,0,0,0,0,100000,0,0,0,100000,0,100000,100000
054159,T50正2凱基99購01,0,0,0,0,0,0,0,0,0,100000,0,0,0,100000,0,100000,100000
051640,GIS國票96購03   ,0,0,0,0,0,0,0,0,0,100000,0,0,0,100000,0,100000,100000
051828,微星元大95購03  ,0,0,0,0,0,0,0,0,0,100000,0,0,0,109000,9000,100000,100000
052030,GIS群益95購04   ,0,0,0,0,0,0,0,0,0,100000,0,0,0,100000,0,100000,100000
058141,嘉聯益元大99購05,0,0,0,0,0,0,0,0,0,100000,0,0,0,100000,0,100000,100000
058154,泰碩統一9A購01  ,0,0,0,0,0,0,0,0,0,100000,0,0,0,170000,70000,100000,100000
058100,聯茂國泰99購02  ,0,0,0,0,0,0,0,0,0,100000,0,0,0,100000,0,100000,100000
057703,矽力群益98購01  ,0,0,0,0,0,0,0,0,0,100000,0,0,0,100000,0,100000,100000
057895,全新元富9B購01  ,0,0,0,0,0,0,0,0,0,100000,0,0,0,100000,0,100000,100000
056508,揚明光永豐98購01,0,0,0,0,0,0,0,0,0,100000,0,0,0,100000,0,100000,100000
058746,華通凱基9A購02  ,0,0,0,0,0,0,0,0,0,100000,0,0,0,100000,0,100000,100000
058659,力成中信99購01  ,0,0,0,0,0,0,0,0,0,100000,0,0,0,423000,323000,100000,100000
058984,全新凱基9A購03  ,0,0,0,0,0,0,0,0,0,100000,0,0,0,100000,0,100000,100000
058769,友達兆豐99購01  ,0,0,0,0,0,0,0,0,0,100000,0,0,0,100000,0,100000,100000
058292,上銀凱基9A購01  ,0,0,0,0,0,0,0,0,0,100000,0,0,0,100000,0,100000,100000
058468,聯茂中信99購02  ,0,0,0,0,0,0,0,0,0,99000,0,0,0,100000,1000,99000,99000
057092,健策元富98購01  ,0,0,0,0,0,0,0,0,0,99000,0,0,0,131000,32000,99000,99000
060293,緯創元大9A購01  ,0,0,0,0,0,0,0,0,0,98000,0,0,0,122000,24000,98000,98000
06058P,玉晶光凱基97售04,0,0,0,0,0,0,0,0,0,98000,0,0,0,347000,249000,98000,98000
051607,緯創群益96購02  ,0,0,0,0,0,0,0,0,0,98000,0,0,0,98000,0,98000,98000
0056,元大高股息      ,28000,28000,0,0,0,0,0,0,0,98000,0,90000,-90000,1120000,932000,188000,98000
053400,緯穎中信9A購01  ,0,0,0,0,0,0,0,0,0,98000,0,0,0,118000,20000,98000,98000
054458,復盛群益96購01  ,0,0,0,0,0,0,0,0,0,98000,0,0,0,98000,0,98000,98000
057199,台達電元富02購01,0,0,0,0,0,0,0,0,0,98000,0,0,0,263000,165000,98000,98000
059152,臺股指國票99購15,0,0,0,0,0,0,0,0,0,98000,0,0,0,99000,1000,98000,98000
058728,SP黃豆永豐99購01,0,0,0,0,0,0,0,0,0,98000,0,0,0,108000,10000,98000,98000
058520,智易元大99購03  ,0,0,0,0,0,0,0,0,0,98000,0,0,0,119000,21000,98000,98000
055963,欣興元大97購04  ,0,0,0,0,0,0,0,0,0,97000,0,0,0,97000,0,97000,97000
058849,奇力新群益99購02,0,0,0,0,0,0,0,0,0,97000,0,0,0,97000,0,97000,97000
07039P,南電台新99售01  ,0,0,0,0,0,0,0,0,0,96000,0,0,0,114000,18000,96000,96000
055348,旺宏凱基97購01  ,0,0,0,0,0,0,0,0,0,96000,0,0,0,141000,45000,96000,96000
050687,上銀日盛94購01  ,0,0,0,0,0,0,0,0,0,96000,0,0,0,96000,0,96000,96000
056511,超眾永豐98購01  ,0,0,0,0,0,0,0,0,0,96000,0,0,0,109000,13000,96000,96000
056267,文曄統一97購02  ,0,0,0,0,0,0,0,0,0,96000,0,0,0,96000,0,96000,96000
059065,南電凱基9A購01  ,0,10000,-10000,0,0,0,0,0,0,106000,0,0,0,185000,79000,106000,96000
2547,日勝生          ,444000,348000,96000,0,0,0,0,0,0,0,0,0,0,0,0,0,96000
6196,帆宣            ,153000,55000,98000,0,0,0,0,0,0,-2000,0,0,0,0,2000,-2000,96000
07520P,臺股指元大9B售11,0,0,0,0,0,0,0,0,0,95000,0,0,0,202000,107000,95000,95000
059097,世紀鋼元大99購05,0,0,0,0,0,0,0,0,0,95000,0,0,0,120000,25000,95000,95000
059835,聯發科國泰9B購01,0,5000,-5000,0,0,0,0,0,0,100000,0,0,0,671000,571000,100000,95000
059564,鴻海凱基9A購15  ,0,0,0,0,0,0,0,0,0,95000,0,0,0,95000,0,95000,95000
07516P,台積電元大9A售16,0,0,0,0,0,0,0,0,0,94000,0,0,0,94000,0,94000,94000
060660,國巨凱基9B購04  ,0,0,0,0,0,0,0,0,0,94000,0,0,0,101000,7000,94000,94000
061215,健策元大9A購06  ,0,0,0,0,0,0,0,0,0,94000,0,0,0,139000,45000,94000,94000
061185,嘉晶國泰9B購01  ,0,0,0,0,0,0,0,0,0,94000,0,0,0,94000,0,94000,94000
060855,華新科富邦01購01,0,0,0,0,0,0,0,0,0,94000,0,0,0,162000,68000,94000,94000
055359,超眾凱基97購01  ,0,0,0,0,0,0,0,0,0,94000,0,0,0,123000,29000,94000,94000
055785,祥碩凱基97購02  ,0,0,0,0,0,0,0,0,0,94000,0,0,0,364000,270000,94000,94000
055665,亞德客群益97購01,0,0,0,0,0,0,0,0,0,94000,0,0,0,99000,5000,94000,94000
054768,泰碩國票99購02  ,0,0,0,0,0,0,0,0,0,94000,0,0,0,94000,0,94000,94000
058549,藍天永豐99購01  ,0,0,0,0,0,0,0,0,0,94000,0,0,0,100000,6000,94000,94000
061212,聯鈞元大9A購04  ,0,0,0,0,0,0,0,0,0,93000,0,0,0,209000,116000,93000,93000
07690P,華新科元大9A售15,0,0,0,0,0,0,0,0,0,93000,0,0,0,93000,0,93000,93000
057629,泰碩永豐98購02  ,0,0,0,0,0,0,0,0,0,93000,0,0,0,96000,3000,93000,93000
2467,志聖            ,138000,46000,92000,0,0,0,0,0,0,0,0,0,0,0,0,0,92000
054807,台化元大9A購02  ,0,0,0,0,0,0,0,0,0,92000,0,0,0,92000,0,92000,92000
058149,百和元大99購02  ,0,0,0,0,0,0,0,0,0,92000,0,0,0,160000,68000,92000,92000
056561,台光電群益98購02,0,0,0,0,0,0,0,0,0,92000,0,0,0,152000,60000,92000,92000
058293,光寶科凱基9A購01,0,0,0,0,0,0,0,0,0,92000,0,0,0,94000,2000,92000,92000
8028,昇陽半導體      ,209000,109000,100000,0,0,0,0,0,0,-8000,0,2000,-2000,0,6000,-6000,92000
07653P,華新科群益9A售05,0,0,0,0,0,0,0,0,0,91000,0,0,0,96000,5000,91000,91000
07181P,臺股指凱基99售23,0,0,0,0,0,0,0,0,0,91000,0,0,0,91000,0,91000,91000
061236,台積電元大9A購24,0,0,0,0,0,0,0,0,0,91000,0,0,0,91000,0,91000,91000
060472,中租元大9A購02  ,0,0,0,0,0,0,0,0,0,91000,0,0,0,122000,31000,91000,91000
057502,訊芯群益98購02  ,0,0,0,0,0,0,0,0,0,91000,0,0,0,166000,75000,91000,91000
050514,聯電元大94購01  ,0,0,0,0,0,0,0,0,0,91000,0,0,0,91000,0,91000,91000
052450,嘉澤元大95購03  ,0,0,0,0,0,0,0,0,0,91000,0,0,0,91000,0,91000,91000
058248,聯茂元大99購05  ,0,0,0,0,0,0,0,0,0,91000,0,0,0,91000,0,91000,91000
059020,元油2X統一9B購02,0,0,0,0,0,0,0,0,0,91000,0,0,0,103000,12000,91000,91000
060487,盛群富邦9B購01  ,0,0,0,0,0,0,0,0,0,90000,0,0,0,167000,77000,90000,90000
06012P,世芯國票96售01  ,0,0,0,0,0,0,0,0,0,90000,0,0,0,115000,25000,90000,90000
051845,世紀鋼富邦96購01,0,0,0,0,0,0,0,0,0,90000,0,0,0,100000,10000,90000,90000
047970,鴻海富邦95購01  ,0,0,0,0,0,0,0,0,0,90000,0,0,0,90000,0,90000,90000
052938,華新科兆豐96購01,0,0,0,0,0,0,0,0,0,90000,0,0,0,90000,0,90000,90000
054739,義隆凱基98購02  ,0,0,0,0,0,0,0,0,0,90000,0,0,0,90000,0,90000,90000
054621,華新科兆豐98購01,0,0,0,0,0,0,0,0,0,90000,0,0,0,100000,10000,90000,90000
055725,嘉聯益元大98購03,0,0,0,0,0,0,0,0,0,90000,0,0,0,90000,0,90000,90000
058311,緯穎元大99購05  ,0,0,0,0,0,0,0,0,0,90000,0,0,0,100000,10000,90000,90000
056507,創意永豐98購02  ,0,0,0,0,0,0,0,0,0,90000,0,0,0,100000,10000,90000,90000
060992,健策元大9A購05  ,0,0,0,0,0,0,0,0,0,89000,0,0,0,120000,31000,89000,89000
07710P,華擎元大9A售05  ,0,0,0,0,0,0,0,0,0,89000,0,0,0,106000,17000,89000,89000
059733,緯穎元大99購08  ,0,0,0,0,0,0,0,0,0,89000,0,0,0,149000,60000,89000,89000
057307,瀚宇博兆豐99購01,0,0,0,0,0,0,0,0,0,89000,0,0,0,89000,0,89000,89000
057987,大立光元富98購02,0,0,0,0,0,0,0,0,0,89000,0,0,0,417000,328000,89000,89000
1733,五鼎            ,124000,33000,91000,0,0,0,0,0,0,-3000,0,3000,-3000,0,0,0,88000
061175,台積電凱基9A購19,0,0,0,0,0,0,0,0,0,88000,0,0,0,101000,13000,88000,88000
060541,正隆凱基9A購01  ,0,0,0,0,0,0,0,0,0,88000,0,0,0,88000,0,88000,88000
060705,台光電富邦9B購01,0,0,0,0,0,0,0,0,0,88000,0,0,0,128000,40000,88000,88000
056004,南電永豐97購02  ,0,0,0,0,0,0,0,0,0,88000,0,0,0,98000,10000,88000,88000
0061,元大寶滬深      ,81000,1000,80000,0,0,0,0,0,0,8000,20000,10000,10000,6000,8000,-2000,88000
056716,康舒永豐98購01  ,0,0,0,0,0,0,0,0,0,88000,0,0,0,118000,30000,88000,88000
059023,可成統一9B購02  ,0,0,0,0,0,0,0,0,0,88000,0,0,0,114000,26000,88000,88000
6443,元晶            ,93000,5000,88000,0,0,0,0,0,0,0,0,0,0,0,0,0,88000
048707,南電國票95購01  ,0,0,0,0,0,0,0,0,0,87000,0,0,0,89000,2000,87000,87000
050902,南電元大96購01  ,0,0,0,0,0,0,0,0,0,87000,0,0,0,143000,56000,87000,87000
054970,帆宣元大97購01  ,0,0,0,0,0,0,0,0,0,87000,0,0,0,258000,171000,87000,87000
061005,可成兆豐9A購01  ,0,0,0,0,0,0,0,0,0,86000,0,0,0,86000,0,86000,86000
060714,晶技永豐9A購02  ,0,0,0,0,0,0,0,0,0,86000,0,0,0,109000,23000,86000,86000
060765,世芯元大9A購01  ,0,0,0,0,0,0,0,0,0,86000,0,0,0,151000,65000,86000,86000
06411P,晶相光永豐97售03,0,0,0,0,0,0,0,0,0,86000,0,0,0,86000,0,86000,86000
06836P,玉晶光國票99售06,0,0,0,0,0,0,0,0,0,86000,0,0,0,140000,54000,86000,86000
052936,華通兆豐98購01  ,0,0,0,0,0,0,0,0,0,86000,0,0,0,96000,10000,86000,86000
050588,矽創國票95購01  ,0,0,0,0,0,0,0,0,0,86000,0,0,0,86000,0,86000,86000
053718,全新凱基97購02  ,0,0,0,0,0,0,0,0,0,86000,0,0,0,86000,0,86000,86000
07474P,滬深2X群益9C售03,0,0,0,0,0,0,0,0,0,85000,0,0,0,85000,0,85000,85000
060791,聯茂富邦9A購02  ,0,0,0,0,0,0,0,0,0,85000,0,0,0,85000,0,85000,85000
061160,瑞祺群益9A購01  ,0,0,0,0,0,0,0,0,0,85000,0,0,0,186000,101000,85000,85000
061223,T50反1中信01購01,0,0,0,0,0,0,0,0,0,85000,0,0,0,85000,0,85000,85000
060682,牧德元大9A購03  ,0,0,0,0,0,0,0,0,0,85000,0,0,0,104000,19000,85000,85000
060626,貿聯元大9A購04  ,0,0,0,0,0,0,0,0,0,85000,0,0,0,85000,0,85000,85000
060417,正隆永豐9A購01  ,0,0,0,0,0,0,0,0,0,85000,0,0,0,143000,58000,85000,85000
060258,T50反1凱基9A購06,0,0,0,0,0,0,0,0,0,85000,0,0,0,85000,0,85000,85000
050641,上証反凱基96購01,0,0,0,0,0,0,0,0,0,85000,0,0,0,85000,0,85000,85000
052887,華通中信96購01  ,0,0,0,0,0,0,0,0,0,85000,0,0,0,90000,5000,85000,85000
054358,矽創兆豐96購01  ,0,0,0,0,0,0,0,0,0,85000,0,0,0,123000,38000,85000,85000
054274,智易中信96購02  ,0,0,0,0,0,0,0,0,0,85000,0,0,0,85000,0,85000,85000
055505,新唐元大97購02  ,0,0,0,0,0,0,0,0,0,85000,0,0,0,85000,0,85000,85000
055153,台光電元大98購02,0,0,0,0,0,0,0,0,0,85000,0,0,0,85000,0,85000,85000
060418,中橡永豐9A購01  ,0,0,0,0,0,0,0,0,0,84000,0,0,0,84000,0,84000,84000
060489,世紀鋼群益9A購01,0,0,0,0,0,0,0,0,0,84000,0,0,0,84000,0,84000,84000
07006P,旺宏統一9B售03  ,0,0,0,0,0,0,0,0,0,84000,0,0,0,103000,19000,84000,84000
058936,國喬中信99購01  ,0,0,0,0,0,0,0,0,0,84000,0,0,0,104000,20000,84000,84000
057873,義隆元大98購03  ,0,0,0,0,0,0,0,0,0,84000,0,0,0,409000,325000,84000,84000
056291,聯茂永豐97購03  ,0,0,0,0,0,0,0,0,0,84000,0,0,0,84000,0,84000,84000
057589,超眾國票9A購01  ,0,0,0,0,0,0,0,0,0,84000,0,0,0,88000,4000,84000,84000
059363,超眾永豐99購02  ,0,0,0,0,0,0,0,0,0,84000,0,0,0,87000,3000,84000,84000
07218P,臺股指凱基99售31,0,0,0,0,0,0,0,0,0,83000,0,0,0,239000,156000,83000,83000
07498P,台積電元大9A售09,0,0,0,0,0,0,0,0,0,83000,0,0,0,83000,0,83000,83000
2228,劍麟            ,112000,29000,83000,0,0,0,0,0,0,0,0,0,0,0,0,0,83000
060426,盛群永豐9A購01  ,0,0,0,0,0,0,0,0,0,83000,0,0,0,276000,193000,83000,83000
061049,奇力新中信9A購02,0,0,0,0,0,0,0,0,0,83000,0,0,0,85000,2000,83000,83000
060856,健策富邦9B購02  ,0,0,0,0,0,0,0,0,0,83000,0,0,0,186000,103000,83000,83000
05509P,智邦元富96售02  ,0,0,0,0,0,0,0,0,0,83000,0,0,0,83000,0,83000,83000
050519,旺宏元大95購03  ,0,0,0,0,0,0,0,0,0,83000,0,0,0,83000,0,83000,83000
058569,健策凱基9A購01  ,0,0,0,0,0,0,0,0,0,83000,0,0,0,110000,27000,83000,83000
058759,義隆群益99購01  ,0,0,0,0,0,0,0,0,0,83000,0,0,0,93000,10000,83000,83000
058459,南電永豐99購01  ,0,0,0,0,0,0,0,0,0,83000,0,0,0,83000,0,83000,83000
060849,力成國票9A購01  ,0,0,0,0,0,0,0,0,0,82000,0,0,0,108000,26000,82000,82000
07618P,大立光中信9A售06,0,0,0,0,0,0,0,0,0,82000,0,0,0,130000,48000,82000,82000
058406,聯茂元大99購06  ,0,0,0,0,0,0,0,0,0,82000,0,0,0,150000,68000,82000,82000
058102,楠梓電永豐98購04,0,0,0,0,0,0,0,0,0,82000,0,0,0,105000,23000,82000,82000
059570,全新凱基99購04  ,0,0,0,0,0,0,0,0,0,82000,0,0,0,140000,58000,82000,82000
6235,華孚            ,118000,36000,82000,0,0,0,0,0,0,0,0,0,0,0,0,0,82000
07646P,世芯元大9A售04  ,0,0,0,0,0,0,0,0,0,81000,0,0,0,89000,8000,81000,81000
061046,上銀第一9A購01  ,0,0,0,0,0,0,0,0,0,81000,0,0,0,81000,0,81000,81000
052560,康舒國票97購01  ,0,0,0,0,0,0,0,0,0,81000,0,0,0,81000,0,81000,81000
059923,緯穎元大99購09  ,0,0,0,0,0,0,0,0,0,81000,0,0,0,107000,26000,81000,81000
057447,智邦元富02購01  ,0,0,0,0,0,0,0,0,0,81000,0,0,0,124000,43000,81000,81000
056315,同欣電元大97購05,0,0,0,0,0,0,0,0,0,81000,0,0,0,81000,0,81000,81000
056770,國產元大98購02  ,0,0,0,0,0,0,0,0,0,81000,0,0,0,140000,59000,81000,81000
061081,宏碁兆豐9A購01  ,0,0,0,0,0,0,0,0,0,80000,0,0,0,178000,98000,80000,80000
061117,美律國泰9C購01  ,0,0,0,0,0,0,0,0,0,80000,0,0,0,158000,78000,80000,80000
061356,南電元大9A購06  ,0,0,0,0,0,0,0,0,0,80000,0,0,0,80000,0,80000,80000
060811,亞德客凱基9A購02,0,0,0,0,0,0,0,0,0,80000,0,0,0,80000,0,80000,80000
060986,聯發科元大9A購07,25000,0,25000,0,0,0,0,0,0,55000,0,0,0,470000,415000,55000,80000
060453,儒鴻元大9A購02  ,0,0,0,0,0,0,0,0,0,80000,0,0,0,80000,0,80000,80000
060711,旺宏永豐9A購01  ,0,0,0,0,0,0,0,0,0,80000,0,0,0,123000,43000,80000,80000
07131P,緯穎元大99售06  ,0,0,0,0,0,0,0,0,0,80000,0,0,0,80000,0,80000,80000
06525P,上証2X國泰99售01,0,0,0,0,0,0,0,0,0,80000,0,0,0,100000,20000,80000,80000
051849,旺宏中信98購01  ,0,0,0,0,0,0,0,0,0,80000,0,0,0,100000,20000,80000,80000
051570,和碩富邦97購01  ,0,0,0,0,0,0,0,0,0,80000,0,0,0,90000,10000,80000,80000
05274P,嘉聯益亞東95售01,0,0,0,0,0,0,0,0,0,80000,0,0,0,80000,0,80000,80000
050688,大立光日盛94購03,0,0,0,0,0,0,0,0,0,80000,0,0,0,80000,0,80000,80000
04938P,亞德客國票95售01,0,0,0,0,0,0,0,0,0,80000,0,0,0,200000,120000,80000,80000
053147,楠梓電元大98購01,0,0,0,0,0,0,0,0,0,80000,0,0,0,80000,0,80000,80000
05537P,群創中信98售01  ,0,0,0,0,0,0,0,0,0,80000,0,0,0,80000,0,80000,80000
058519,嘉澤元大99購01  ,0,0,0,0,0,0,0,0,0,80000,0,0,0,304000,224000,80000,80000
059991,超眾元大9A購02  ,0,0,0,0,0,0,0,0,0,80000,0,0,0,85000,5000,80000,80000
060300,佐登國泰9B購01  ,0,0,0,0,0,0,0,0,0,79000,0,0,0,79000,0,79000,79000
060830,T50反1國票9A購07,0,0,0,0,0,0,0,0,0,79000,0,0,0,101000,22000,79000,79000
054390,智邦元富96購03  ,0,0,0,0,0,0,0,0,0,79000,0,0,0,83000,4000,79000,79000
054831,緯穎國泰98購01  ,0,0,0,0,0,0,0,0,0,79000,0,0,0,102000,23000,79000,79000
058007,南電群益98購02  ,0,0,0,0,0,0,0,0,0,79000,0,0,0,91000,12000,79000,79000
060025,台積電富邦9C購06,0,0,0,0,0,0,0,0,0,79000,0,0,0,127000,48000,79000,79000
059534,國泰金凱基99購01,0,0,0,0,0,0,0,0,0,79000,0,0,0,79000,0,79000,79000
059450,和大永豐99購01  ,0,0,0,0,0,0,0,0,0,79000,0,0,0,79000,0,79000,79000
058773,和碩兆豐99購01  ,0,0,0,0,0,0,0,0,0,79000,0,0,0,79000,0,79000,79000
058996,台達電元大99購02,0,0,0,0,0,0,0,0,0,79000,0,0,0,200000,121000,79000,79000
05895P,奇力新群益96售03,0,0,0,0,0,0,0,0,0,79000,0,0,0,79000,0,79000,79000
056459,茂林凱基99購01  ,0,0,0,0,0,0,0,0,0,79000,0,0,0,189000,110000,79000,79000
061272,超眾凱基9A購03  ,0,0,0,0,0,0,0,0,0,78000,0,0,0,83000,5000,78000,78000
060238,強茂元大9C購01  ,0,0,0,0,0,0,0,0,0,78000,0,0,0,112000,34000,78000,78000
060504,技嘉元大9A購02  ,0,0,0,0,0,0,0,0,0,78000,0,0,0,78000,0,78000,78000
053865,欣興元大97購02  ,0,0,0,0,0,0,0,0,0,78000,0,0,0,78000,0,78000,78000
058342,鴻海群益9A購01  ,0,0,0,0,0,0,0,0,0,78000,0,0,0,94000,16000,78000,78000
057298,旭富永豐98購01  ,0,0,0,0,0,0,0,0,0,78000,0,0,0,91000,13000,78000,78000
6214,精誠            ,113000,33000,80000,0,0,0,0,1000,-1000,-1000,0,1000,-1000,0,0,0,78000
060813,高鐵凱基9A購01  ,0,0,0,0,0,0,0,0,0,77000,0,0,0,87000,10000,77000,77000
060733,和大統一9C購01  ,0,0,0,0,0,0,0,0,0,77000,0,0,0,77000,0,77000,77000
07163P,臺股指群益99售14,0,0,0,0,0,0,0,0,0,77000,0,0,0,121000,44000,77000,77000
05905P,晶技統一97售01  ,0,0,0,0,0,0,0,0,0,77000,0,0,0,78000,1000,77000,77000
058658,瑞儀中信99購01  ,0,0,0,0,0,0,0,0,0,77000,0,0,0,143000,66000,77000,77000
058989,茂林凱基99購02  ,0,0,0,0,0,0,0,0,0,77000,0,0,0,402000,325000,77000,77000
058247,聯茂元大99購04  ,0,0,0,0,0,0,0,0,0,77000,0,0,0,77000,0,77000,77000
056441,燿華凱基98購01  ,0,0,0,0,0,0,0,0,0,77000,0,0,0,172000,95000,77000,77000
06933P,禾伸堂元大98售03,0,0,0,0,0,0,0,0,0,76000,0,0,0,201000,125000,76000,76000
07575P,瑞昱元大9A售02  ,0,0,0,0,0,0,0,0,0,76000,0,0,0,199000,123000,76000,76000
060809,康友群益9A購01  ,0,0,0,0,0,0,0,0,0,76000,0,0,0,118000,42000,76000,76000
060382,儒鴻凱基9A購01  ,0,0,0,0,0,0,0,0,0,76000,0,0,0,86000,10000,76000,76000
056167,力成台新97購01  ,0,0,0,0,0,0,0,0,0,76000,0,0,0,76000,0,76000,76000
6706,惠特            ,99000,23000,76000,0,0,0,0,0,0,0,0,0,0,0,0,0,76000
060298,鎧勝元大9C購01  ,0,0,0,0,0,0,0,0,0,75000,0,0,0,75000,0,75000,75000
052489,義隆國票96購02  ,0,0,0,0,0,0,0,0,0,75000,0,0,0,105000,30000,75000,75000
056515,燿華兆豐99購01  ,0,0,0,0,0,0,0,0,0,75000,0,0,0,105000,30000,75000,75000
058836,FBVIX中信03購05 ,0,0,0,0,0,0,0,0,0,75000,0,0,0,258000,183000,75000,75000
6558,興能高          ,523000,448000,75000,0,0,0,0,0,0,0,0,0,0,0,0,0,75000
060194,旭富元富9A購01  ,0,0,0,0,0,0,0,0,0,74000,0,0,0,109000,35000,74000,74000
060697,鴻海國泰9C購01  ,0,0,0,0,0,0,0,0,0,74000,0,0,0,88000,14000,74000,74000
060897,健策凱基9A購04  ,0,0,0,0,0,0,0,0,0,74000,0,0,0,117000,43000,74000,74000
052456,滬深2X元富9B購03,0,0,0,0,0,0,0,0,0,74000,0,0,0,74000,0,74000,74000
057321,台泥群益98購01  ,0,0,0,0,0,0,0,0,0,74000,0,0,0,74000,0,74000,74000
061216,世芯元大9A購06  ,0,0,0,0,0,0,0,0,0,73000,0,0,0,85000,12000,73000,73000
060329,鎧勝群益9B購01  ,0,0,0,0,0,0,0,0,0,73000,0,0,0,123000,50000,73000,73000
06631P,玉晶光群益9A售03,0,0,0,0,0,0,0,0,0,73000,0,0,0,124000,51000,73000,73000
055902,同欣電中信99購01,0,0,0,0,0,0,0,0,0,73000,0,0,0,169000,96000,73000,73000
057367,技嘉元大98購02  ,0,0,0,0,0,0,0,0,0,73000,0,0,0,73000,0,73000,73000
058851,大立光群益99購07,0,0,0,0,0,0,0,0,0,73000,0,0,0,98000,25000,73000,73000
056266,開發金統一9A購01,0,0,0,0,0,0,0,0,0,73000,0,0,0,210000,137000,73000,73000
058699,楠梓電元大99購02,0,0,0,0,0,0,0,0,0,73000,0,0,0,118000,45000,73000,73000
2423,固緯            ,80000,3000,77000,0,0,0,0,0,0,-5000,0,5000,-5000,0,0,0,72000
061265,富邦金凱基9B購01,0,0,0,0,0,0,0,0,0,72000,0,0,0,85000,13000,72000,72000
061277,智邦台新9A購01  ,0,0,0,0,0,0,0,0,0,72000,0,0,0,86000,14000,72000,72000
061138,晶技統一9C購01  ,0,0,0,0,0,0,0,0,0,72000,0,0,0,168000,96000,72000,72000
056104,義隆永豐97購01  ,0,0,0,0,0,0,0,0,0,72000,0,0,0,72000,0,72000,72000
055152,旺宏元大98購04  ,0,0,0,0,0,0,0,0,0,72000,0,0,0,76000,4000,72000,72000
058618,南電元大99購02  ,0,0,0,0,0,0,0,0,0,72000,0,0,0,72000,0,72000,72000
056581,超眾元大99購01  ,0,0,0,0,0,0,0,0,0,72000,0,0,0,82000,10000,72000,72000
3698,隆達            ,1499000,1564000,-65000,0,0,0,0,0,0,137000,80000,80000,0,137000,0,137000,72000
061109,臻鼎元大9A購03  ,0,0,0,0,0,0,0,0,0,71000,0,0,0,71000,0,71000,71000
060948,可成第一9A購01  ,0,0,0,0,0,0,0,0,0,71000,0,0,0,71000,0,71000,71000
061025,創意富邦9B購01  ,0,0,0,0,0,0,0,0,0,71000,0,0,0,100000,29000,71000,71000
060122,亞德客永豐99購02,0,0,0,0,0,0,0,0,0,71000,0,0,0,96000,25000,71000,71000
2359,所羅門          ,78000,7000,71000,0,0,0,0,0,0,0,0,0,0,0,0,0,71000
1708,東鹼            ,99000,28000,71000,0,0,0,0,0,0,0,0,0,0,0,0,0,71000
07545P,玉晶光凱基9A售07,0,0,0,0,0,0,0,0,0,71000,0,0,0,249000,178000,71000,71000
07732P,台灣50台新9A售05,0,0,0,0,0,0,0,0,0,71000,0,0,0,71000,0,71000,71000
07351P,鴻海國票99售08  ,0,0,0,0,0,0,0,0,0,71000,0,0,0,71000,0,71000,71000
053409,和碩兆豐96購02  ,0,0,0,0,0,0,0,0,0,71000,0,0,0,131000,60000,71000,71000
053291,旺宏中信9A購01  ,0,0,0,0,0,0,0,0,0,71000,0,0,0,71000,0,71000,71000
05566P,景碩永豐96售01  ,0,0,0,0,0,0,0,0,0,71000,0,0,0,71000,0,71000,71000
053631,欣興兆豐97購01  ,0,0,0,0,0,0,0,0,0,71000,0,0,0,166000,95000,71000,71000
057704,台虹群益98購03  ,0,0,0,0,0,0,0,0,0,71000,0,0,0,71000,0,71000,71000
058684,健策凱基99購02  ,0,0,0,0,0,0,0,0,0,71000,0,0,0,93000,22000,71000,71000
057064,華新科富邦9B購01,0,0,0,0,0,0,0,0,0,71000,0,0,0,71000,0,71000,71000
059290,全新元富99購01  ,0,0,0,0,0,0,0,0,0,71000,0,0,0,200000,129000,71000,71000
4935,茂林-KY         ,451000,481000,-30000,0,0,0,88000,0,88000,13000,0,6000,-6000,78000,59000,19000,71000
07413P,國巨元大99售33  ,0,0,0,0,0,0,0,0,0,70000,0,0,0,110000,40000,70000,70000
06107P,美律群益98售02  ,0,0,0,0,0,0,0,0,0,70000,0,0,0,70000,0,70000,70000
061190,力山永豐9A購02  ,0,0,0,0,0,0,0,0,0,70000,0,0,0,70000,0,70000,70000
050383,超眾兆豐95購01  ,0,0,0,0,0,0,0,0,0,70000,0,0,0,70000,0,70000,70000
048007,明基材元大96購01,0,0,0,0,0,0,0,0,0,70000,0,0,0,70000,0,70000,70000
055092,開發金群益9B購01,0,0,0,0,0,0,0,0,0,70000,0,0,0,70000,0,70000,70000
053501,明泰兆豐96購01  ,0,0,0,0,0,0,0,0,0,70000,0,0,0,70000,0,70000,70000
056098,矽創元富97購02  ,0,0,0,0,0,0,0,0,0,70000,0,0,0,70000,0,70000,70000
059539,緯穎凱基99購03  ,0,0,0,0,0,0,0,0,0,70000,0,0,0,70000,0,70000,70000
059838,茂林國泰9B購01  ,0,0,0,0,0,0,0,0,0,70000,0,0,0,70000,0,70000,70000
059845,欣興富邦9A購02  ,0,0,0,0,0,0,0,0,0,70000,0,0,0,110000,40000,70000,70000
057398,台郡中信99購01  ,0,0,0,0,0,0,0,0,0,70000,0,0,0,80000,10000,70000,70000
057295,可成永豐98購02  ,0,0,0,0,0,0,0,0,0,70000,0,0,0,93000,23000,70000,70000
057296,智原永豐98購01  ,0,0,0,0,0,0,0,0,0,70000,0,0,0,70000,0,70000,70000
057276,全新元大99購03  ,0,0,0,0,0,0,0,0,0,70000,0,0,0,70000,0,70000,70000
05920P,力成元大96售04  ,0,0,0,0,0,0,0,0,0,70000,0,0,0,139000,69000,70000,70000
059283,康友永豐99購02  ,0,0,0,0,0,0,0,0,0,70000,0,0,0,134000,64000,70000,70000
058738,FBVIX中信03購04 ,0,0,0,0,0,0,0,0,0,70000,0,0,0,70000,0,70000,70000
057931,正崴群益98購02  ,0,0,0,0,0,0,0,0,0,70000,0,0,0,100000,30000,70000,70000
061006,新光金兆豐9A購01,0,0,0,0,0,0,0,0,0,69000,0,0,0,69000,0,69000,69000
06864P,健策凱基98售01  ,0,0,0,0,0,0,0,0,0,69000,0,0,0,93000,24000,69000,69000
054212,聯詠國票97購03  ,0,0,0,0,0,0,0,0,0,69000,0,0,0,70000,1000,69000,69000
058908,貿聯元大99購03  ,0,0,0,0,0,0,0,0,0,69000,0,0,0,69000,0,69000,69000
057074,立積永豐98購01  ,0,0,0,0,0,0,0,0,0,69000,0,0,0,74000,5000,69000,69000
059519,台郡永豐99購01  ,0,0,0,0,0,0,0,0,0,69000,0,0,0,154000,85000,69000,69000
07301P,臺股指元大9A售34,0,0,0,0,0,0,0,0,0,68000,0,0,0,70000,2000,68000,68000
1515,力山            ,531000,530000,1000,0,0,0,66000,0,66000,1000,5000,5000,0,25000,24000,1000,68000
061159,同欣電群益9A購01,0,0,0,0,0,0,0,0,0,68000,0,0,0,570000,502000,68000,68000
061039,台表科永豐9A購03,0,0,0,0,0,0,0,0,0,68000,0,0,0,105000,37000,68000,68000
060222,貿聯凱基9A購02  ,0,0,0,0,0,0,0,0,0,68000,0,0,0,103000,35000,68000,68000
054244,華新元大96購01  ,0,0,0,0,0,0,0,0,0,68000,0,0,0,68000,0,68000,68000
054260,貿聯元大96購03  ,0,0,0,0,0,0,0,0,0,68000,0,0,0,68000,0,68000,68000
054974,台表科元大98購02,0,0,0,0,0,0,0,0,0,68000,0,0,0,69000,1000,68000,68000
056133,可成元大97購05  ,0,0,0,0,0,0,0,0,0,68000,0,0,0,72000,4000,68000,68000
00682U,元大美元指數    ,0,0,0,0,0,0,0,0,0,68000,0,0,0,413000,345000,68000,68000
053598,日月光元大96購04,0,0,0,0,0,0,0,0,0,68000,0,0,0,68000,0,68000,68000
055841,南亞科元大97購04,0,0,0,0,0,0,0,0,0,68000,0,0,0,68000,0,68000,68000
059351,台虹凱基99購01  ,0,0,0,0,0,0,0,0,0,68000,0,0,0,68000,0,68000,68000
057203,麗豐元富98購02  ,0,0,0,0,0,0,0,0,0,68000,0,0,0,72000,4000,68000,68000
059059,宏達電凱基99購03,0,0,0,0,0,0,0,0,0,68000,0,0,0,71000,3000,68000,68000
056883,美食康和98購01  ,0,0,0,0,0,0,0,0,0,68000,0,0,0,68000,0,68000,68000
058523,聯茂元大99購08  ,0,0,0,0,0,0,0,0,0,68000,0,0,0,68000,0,68000,68000
05764P,世紀鋼永豐96售03,0,0,0,0,0,0,0,0,0,68000,0,0,0,68000,0,68000,68000
056307,貿聯元大97購05  ,0,0,0,0,0,0,0,0,0,68000,0,0,0,68000,0,68000,68000
056352,鴻海元大99購01  ,0,0,0,0,0,0,0,0,0,68000,0,0,0,68000,0,68000,68000
4994,傳奇            ,98900,28000,70900,0,0,0,0,0,0,-3000,0,2000,-2000,1000,2000,-1000,67900
061108,臻鼎元大9A購02  ,0,0,0,0,0,0,0,0,0,67000,0,0,0,73000,6000,67000,67000
061306,瑞祺永豐9A購02  ,0,0,0,0,0,0,0,0,0,67000,0,0,0,300000,233000,67000,67000
060870,旭富群益9A購01  ,0,0,0,0,0,0,0,0,0,67000,0,0,0,143000,76000,67000,67000
058051,同欣電元大98購03,0,0,0,0,0,0,0,0,0,67000,0,0,0,67000,0,67000,67000
058739,喬山中信99購01  ,0,0,0,0,0,0,0,0,0,67000,0,0,0,100000,33000,67000,67000
057450,國泰金元富98購01,0,0,0,0,0,0,0,0,0,67000,0,0,0,67000,0,67000,67000
059909,鴻海元大99購36  ,0,0,0,0,0,0,0,0,0,67000,0,0,0,67000,0,67000,67000
6141,柏承            ,432000,365000,67000,0,0,0,0,0,0,0,0,0,0,0,0,0,67000
055054,群光永豐97購01  ,0,0,0,0,0,0,0,0,0,66000,0,0,0,70000,4000,66000,66000
07397P,大立光群益99售10,0,0,0,0,0,0,0,0,0,65000,0,0,0,65000,0,65000,65000
053036,聯電凱基98購01  ,0,0,0,0,0,0,0,0,0,65000,0,0,0,65000,0,65000,65000
054791,泰碩群益99購02  ,0,0,0,0,0,0,0,0,0,65000,0,0,0,115000,50000,65000,65000
053752,超眾永豐96購02  ,0,0,0,0,0,0,0,0,0,65000,0,0,0,105000,40000,65000,65000
051251,信邦元大95購01  ,0,0,0,0,0,0,0,0,0,65000,0,0,0,75000,10000,65000,65000
056911,緯穎元大99購01  ,0,0,0,0,0,0,0,0,0,65000,0,0,0,67000,2000,65000,65000
058648,聯陽永豐99購01  ,0,0,0,0,0,0,0,0,0,65000,0,0,0,65000,0,65000,65000
058377,茂林凱基9A購03  ,0,0,0,0,0,0,0,0,0,65000,0,0,0,186000,121000,65000,65000
1440,南紡            ,204000,140000,64000,0,0,0,0,0,0,0,0,0,0,0,0,0,64000
07614P,華新科群益9A售04,0,0,0,0,0,0,0,0,0,64000,0,0,0,64000,0,64000,64000
060934,台汽電永豐9A購02,0,0,0,0,0,0,0,0,0,64000,0,0,0,74000,10000,64000,64000
060285,聯電元大9C購01  ,0,0,0,0,0,0,0,0,0,64000,0,0,0,74000,10000,64000,64000
058764,康友群益99購01  ,0,0,0,0,0,0,0,0,0,64000,0,0,0,64000,0,64000,64000
057878,台郡元大99購04  ,0,0,0,0,0,0,0,0,0,64000,0,0,0,64000,0,64000,64000
057835,華擎元富9B購01  ,0,0,0,0,0,0,0,0,0,64000,0,0,0,178000,114000,64000,64000
057119,微星康和98購01  ,0,0,0,0,0,0,0,0,0,64000,0,0,0,64000,0,64000,64000
1514,亞力            ,88000,24890,63110,0,0,0,0,0,0,0,0,0,0,0,0,0,63110
07685P,玉晶光凱基9B售03,0,0,0,0,0,0,0,0,0,63000,0,0,0,100000,37000,63000,63000
06970P,旺宏元大99售08  ,0,0,0,0,0,0,0,0,0,63000,0,0,0,63000,0,63000,63000
07187P,臺股指台新99售10,0,0,0,0,0,0,0,0,0,63000,0,0,0,140000,77000,63000,63000
06551P,貿聯元大98售05  ,0,0,0,0,0,0,0,0,0,63000,0,0,0,63000,0,63000,63000
061110,超眾元大9A購03  ,0,0,0,0,0,0,0,0,0,63000,0,0,0,77000,14000,63000,63000
061070,超眾凱基9C購01  ,0,0,0,0,0,0,0,0,0,63000,0,0,0,91000,28000,63000,63000
052819,義隆永豐96購01  ,0,0,0,0,0,0,0,0,0,63000,0,0,0,95000,32000,63000,63000
053913,華新國票97購01  ,0,0,0,0,0,0,0,0,0,63000,0,0,0,63000,0,63000,63000
053488,中石化兆豐97購01,0,0,0,0,0,0,0,0,0,63000,0,0,0,121000,58000,63000,63000
056047,台積電兆豐97購02,0,0,0,0,0,0,0,0,0,63000,0,0,0,176000,113000,63000,63000
059993,上銀元富99購01  ,0,0,0,0,0,0,0,0,0,63000,0,0,0,130000,67000,63000,63000
056449,義隆凱基98購03  ,0,0,0,0,0,0,0,0,0,63000,0,0,0,85000,22000,63000,63000
061123,燿華永豐9A購01  ,0,0,0,0,0,0,0,0,0,62000,0,0,0,62000,0,62000,62000
061149,華通群益9A購05  ,0,0,0,0,0,0,0,0,0,62000,0,0,0,200000,138000,62000,62000
061027,儒鴻永豐9A購02  ,0,0,0,0,0,0,0,0,0,62000,0,0,0,62000,0,62000,62000
060233,宏碁元大9A購01  ,0,0,0,0,0,0,0,0,0,62000,0,0,0,194000,132000,62000,62000
060128,健策永豐99購06  ,0,0,0,0,0,0,0,0,0,62000,0,0,0,120000,58000,62000,62000
06005P,晶豪科永豐96售04,0,0,0,0,0,0,0,0,0,62000,0,0,0,62000,0,62000,62000
1455,集盛            ,209000,147000,62000,0,0,0,0,0,0,0,0,0,0,0,0,0,62000
054466,欣興凱基97購03  ,0,0,0,0,0,0,0,0,0,62000,0,0,0,62000,0,62000,62000
058213,欣興群益99購01  ,0,0,0,0,0,0,0,0,0,62000,0,0,0,62000,0,62000,62000
058951,南電群益99購01  ,0,0,0,0,0,0,0,0,0,62000,0,0,0,91000,29000,62000,62000
058604,華邦電元大99購03,0,0,0,0,0,0,0,0,0,62000,0,0,0,120000,58000,62000,62000
6155,鈞寶            ,93000,31000,62000,0,0,0,0,0,0,0,0,0,0,0,0,0,62000
4564,元翎            ,85000,26000,59000,0,0,0,0,0,0,3000,0,0,0,3000,0,3000,62000
060102,禾伸堂元大99購06,0,0,0,0,0,0,0,0,0,61000,0,0,0,139000,78000,61000,61000
060106,旭富元大99購02  ,0,0,0,0,0,0,0,0,0,61000,0,0,0,61000,0,61000,61000
060107,旭富元大99購03  ,0,0,0,0,0,0,0,0,0,61000,0,0,0,132000,71000,61000,61000
054130,漢唐元大97購02  ,0,0,0,0,0,0,0,0,0,61000,0,0,0,100000,39000,61000,61000
054134,強茂元大96購01  ,0,0,0,0,0,0,0,0,0,61000,0,0,0,161000,100000,61000,61000
052191,超眾群益96購01  ,0,0,0,0,0,0,0,0,0,61000,0,0,0,61000,0,61000,61000
058378,南電凱基99購01  ,0,0,0,0,0,0,0,0,0,61000,0,0,0,61000,0,61000,61000
058973,麗豐永豐99購01  ,0,0,0,0,0,0,0,0,0,61000,0,0,0,61000,0,61000,61000
059009,世紀鋼元大99購04,0,0,0,0,0,0,0,0,0,61000,0,0,0,105000,44000,61000,61000
059036,可成群益9B購03  ,0,0,0,0,0,0,0,0,0,61000,0,0,0,63000,2000,61000,61000
058727,嘉晶富邦9A購01  ,0,0,0,0,0,0,0,0,0,61000,0,0,0,61000,0,61000,61000
2480,敦陽科          ,120000,58000,62000,0,0,0,0,1000,-1000,0,0,0,0,0,0,0,61000
060202,康友元富9A購01  ,0,0,0,0,0,0,0,0,0,60000,0,0,0,90000,30000,60000,60000
060520,臺指2X中信01購02,0,0,0,0,0,0,0,0,0,60000,0,0,0,60000,0,60000,60000
060735,鴻海統一9C購03  ,0,0,0,0,0,0,0,0,0,60000,0,0,0,60000,0,60000,60000
060793,微星永豐9A購01  ,0,0,0,0,0,0,0,0,0,60000,0,0,0,60000,0,60000,60000
06454P,緯穎元大98售04  ,0,0,0,0,0,0,0,0,0,60000,0,0,0,60000,0,60000,60000
06936P,瑞儀元大98售01  ,0,0,0,0,0,0,0,0,0,60000,0,0,0,136000,76000,60000,60000
07291P,臺股指凱基99售43,0,0,0,0,0,0,0,0,0,60000,0,0,0,65000,5000,60000,60000
07276P,臺股指群益99售19,0,0,0,0,0,0,0,0,0,60000,0,0,0,70000,10000,60000,60000
052091,緯創元大95購04  ,0,0,0,0,0,0,0,0,0,60000,0,0,0,60000,0,60000,60000
051483,玉晶光凱基96購02,0,0,0,0,0,0,0,0,0,60000,0,0,0,60000,0,60000,60000
053897,台郡群益96購01  ,0,0,0,0,0,0,0,0,0,60000,0,0,0,60000,0,60000,60000
051234,南電群益95購02  ,0,0,0,0,0,0,0,0,0,60000,0,0,0,70000,10000,60000,60000
051228,聯發科群益95購03,0,0,0,0,0,0,0,0,0,60000,0,0,0,60000,0,60000,60000
051365,瀚宇博國泰97購01,0,0,0,0,0,0,0,0,0,60000,0,0,0,60000,0,60000,60000
051394,奇鋐兆豐95購01  ,0,0,0,0,0,0,0,0,0,60000,0,0,0,70000,10000,60000,60000
050480,健策國票95購04  ,0,0,0,0,0,0,0,0,0,60000,0,0,0,110000,50000,60000,60000
03566P,臺股指日盛03售01,0,0,0,0,0,0,0,0,0,60000,0,0,0,60000,0,60000,60000
00737,國泰AI+Robo     ,0,0,0,0,0,0,0,0,0,60000,0,0,0,329000,269000,60000,60000
055302,達方元大97購01  ,0,0,0,0,0,0,0,0,0,60000,0,0,0,60000,0,60000,60000
054921,文曄凱基97購01  ,0,0,0,0,0,0,0,0,0,60000,0,0,0,60000,0,60000,60000
055937,康舒群益97購01  ,0,0,0,0,0,0,0,0,0,60000,0,0,0,158000,98000,60000,60000
054989,精元元富97購01  ,0,0,0,0,0,0,0,0,0,60000,0,0,0,60000,0,60000,60000
053087,冠德元大96購02  ,0,0,0,0,0,0,0,0,0,60000,0,0,0,60000,0,60000,60000
058929,可成統一9C購01  ,0,0,0,0,0,0,0,0,0,60000,0,0,0,102000,42000,60000,60000
058273,同欣電永豐99購01,0,0,0,0,0,0,0,0,0,60000,0,0,0,60000,0,60000,60000
056626,同欣電永豐98購01,0,0,0,0,0,0,0,0,0,60000,0,0,0,60000,0,60000,60000
058216,TPK群益99購01   ,0,0,0,0,0,0,0,0,0,60000,0,0,0,60000,0,60000,60000
058803,世紀鋼元大99購03,0,0,0,0,0,0,0,0,0,60000,0,0,0,90000,30000,60000,60000
058852,貿聯群益99購04  ,0,0,0,0,0,0,0,0,0,60000,0,0,0,60000,0,60000,60000
057790,台積電統一99購04,0,0,0,0,0,0,0,0,0,60000,0,0,0,61000,1000,60000,60000
059863,和大凱基99購01  ,0,0,0,0,0,0,0,0,0,60000,0,0,0,62000,2000,60000,60000
05724P,致茂永豐96售01  ,0,0,0,0,0,0,0,0,0,60000,0,0,0,118000,58000,60000,60000
061072,南電凱基9B購01  ,0,0,0,0,0,0,0,0,0,59000,0,0,0,60000,1000,59000,59000
053453,新光金統一98購01,0,0,0,0,0,0,0,0,0,59000,0,0,0,59000,0,59000,59000
049438,嘉晶國泰96購01  ,0,0,0,0,0,0,0,0,0,59000,0,0,0,59000,0,59000,59000
054001,康友群益96購02  ,0,0,0,0,0,0,0,0,0,59000,0,0,0,59000,0,59000,59000
057230,建準凱基98購02  ,0,0,0,0,0,0,0,0,0,59000,0,0,0,63000,4000,59000,59000
6670,復盛應用        ,84000,24000,60000,0,0,0,0,0,0,-1000,0,0,0,0,1000,-1000,59000
060954,國泰金群益9A購02,0,0,0,0,0,0,0,0,0,58000,0,0,0,156000,98000,58000,58000
060424,中租永豐9A購01  ,0,0,0,0,0,0,0,0,0,58000,0,0,0,58000,0,58000,58000
060413,東元永豐9A購01  ,0,0,0,0,0,0,0,0,0,58000,0,0,0,58000,0,58000,58000
060628,和大富邦9B購01  ,0,0,0,0,0,0,0,0,0,58000,0,0,0,79000,21000,58000,58000
060211,智邦康和9A購01  ,0,0,0,0,0,0,0,0,0,58000,0,0,0,83000,25000,58000,58000
060386,台勝科凱基9B購01,0,0,0,0,0,0,0,0,0,58000,0,0,0,78000,20000,58000,58000
07707P,玉山金元大9A售03,0,0,0,0,0,0,0,0,0,58000,0,0,0,58000,0,58000,58000
049017,旺宏群益96購03  ,0,0,0,0,0,0,0,0,0,58000,0,0,0,58000,0,58000,58000
00713,元大台灣高息低波,16000,1000,15000,0,0,0,0,0,0,43000,0,0,0,43000,0,43000,58000
055192,世芯元富97購01  ,0,0,0,0,0,0,0,0,0,58000,0,0,0,58000,0,58000,58000
054912,群光凱基97購01  ,0,0,0,0,0,0,0,0,0,58000,0,0,0,148000,90000,58000,58000
059080,亞泥元大99購01  ,0,0,0,0,0,0,0,0,0,58000,0,0,0,112000,54000,58000,58000
05636P,國巨永豐96售03  ,0,0,0,0,0,0,0,0,0,58000,0,0,0,58000,0,58000,58000
056720,世紀鋼永豐98購01,0,0,0,0,0,0,0,0,0,58000,0,0,0,187000,129000,58000,58000
5515,建國            ,120000,62600,57400,0,0,0,0,0,0,0,0,0,0,0,0,0,57400
07552P,技嘉元大9A售03  ,0,0,0,0,0,0,0,0,0,57000,0,0,0,74000,17000,57000,57000
1734,杏輝            ,87000,30000,57000,0,0,0,0,0,0,0,0,0,0,0,0,0,57000
1773,勝一            ,77000,20000,57000,0,0,0,0,0,0,0,0,0,0,0,0,0,57000
06949P,台表科元大99售01,0,0,0,0,0,0,0,0,0,57000,0,0,0,78000,21000,57000,57000
054943,群光元大97購01  ,0,0,0,0,0,0,0,0,0,57000,0,0,0,187000,130000,57000,57000
058014,上銀凱基99購02  ,0,0,0,0,0,0,0,0,0,57000,0,0,0,57000,0,57000,57000
050491,旺宏國泰96購01  ,0,0,0,0,0,0,0,0,0,57000,0,0,0,70000,13000,57000,57000
053886,亞光兆豐96購01  ,0,0,0,0,0,0,0,0,0,57000,0,0,0,58000,1000,57000,57000
05221P,玉晶光元大95售04,0,0,0,0,0,0,0,0,0,57000,0,0,0,57000,0,57000,57000
6112,聚碩            ,65000,8000,57000,0,0,0,0,0,0,0,0,0,0,0,0,0,57000
8110,華東            ,120000,57000,63000,0,0,0,0,6000,-6000,0,0,0,0,0,0,0,57000
07103P,南電元大99售04  ,0,0,0,0,0,0,0,0,0,56000,0,0,0,66000,10000,56000,56000
06212P,華新科元大97售11,0,0,0,0,0,0,0,0,0,56000,0,0,0,62000,6000,56000,56000
2404,漢唐            ,236000,181000,55000,0,0,0,0,0,0,1000,2000,2000,0,3000,2000,1000,56000
07550P,國巨元大9A售09  ,0,0,0,0,0,0,0,0,0,56000,0,0,0,160000,104000,56000,56000
051898,富邦金國泰97購01,0,0,0,0,0,0,0,0,0,56000,0,0,0,103000,47000,56000,56000
056079,世紀鋼元大97購02,0,0,0,0,0,0,0,0,0,56000,0,0,0,59000,3000,56000,56000
053410,啟碁兆豐96購01  ,0,0,0,0,0,0,0,0,0,56000,0,0,0,56000,0,56000,56000
053312,緯穎凱基96購02  ,0,0,0,0,0,0,0,0,0,56000,0,0,0,81000,25000,56000,56000
054552,聯發科凱基98購03,0,0,0,0,0,0,0,0,0,56000,0,0,0,56000,0,56000,56000
058497,新日興群益9B購01,0,0,0,0,0,0,0,0,0,56000,0,0,0,81000,25000,56000,56000
057599,技嘉群益9A購01  ,0,0,0,0,0,0,0,0,0,56000,0,0,0,56000,0,56000,56000
059103,旭富元富99購03  ,0,0,0,0,0,0,0,0,0,56000,0,0,0,56000,0,56000,56000
1464,得力            ,116000,58000,58000,0,0,0,0,3000,-3000,0,0,0,0,0,0,0,55000
07191P,台積電元大99售32,0,0,0,0,0,0,0,0,0,55000,0,0,0,55000,0,55000,55000
07256P,臺股指凱基99售36,0,0,0,0,0,0,0,0,0,55000,0,0,0,310000,255000,55000,55000
07435P,台積電富邦9C售07,0,0,0,0,0,0,0,0,0,55000,0,0,0,97000,42000,55000,55000
060466,玉山金元大9A購01,0,0,0,0,0,0,0,0,0,55000,0,0,0,150000,95000,55000,55000
061054,台積電群益9A購04,0,0,0,0,0,0,0,0,0,55000,0,0,0,115000,60000,55000,55000
054425,聯發科富邦99購03,0,0,0,0,0,0,0,0,0,55000,0,0,0,55000,0,55000,55000
053430,樺漢永豐96購01  ,0,0,0,0,0,0,0,0,0,55000,0,0,0,61000,6000,55000,55000
053255,貿聯國泰97購01  ,0,0,0,0,0,0,0,0,0,55000,0,0,0,57000,2000,55000,55000
056141,聯茂元大97購05  ,0,0,0,0,0,0,0,0,0,55000,0,0,0,55000,0,55000,55000
053950,緯穎富邦97購02  ,0,0,0,0,0,0,0,0,0,55000,0,0,0,111000,56000,55000,55000
052691,GIS元大96購01   ,0,0,0,0,0,0,0,0,0,55000,0,0,0,64000,9000,55000,55000
050183,奇鋐元大96購01  ,0,0,0,0,0,0,0,0,0,55000,0,0,0,65000,10000,55000,55000
057275,友達元大9A購04  ,0,0,0,0,0,0,0,0,0,55000,0,0,0,60000,5000,55000,55000
059274,國巨元大99購22  ,0,0,0,0,0,0,0,0,0,55000,0,0,0,189000,134000,55000,55000
059514,嘉澤永豐99購02  ,0,0,0,0,0,0,0,0,0,55000,0,0,0,71000,16000,55000,55000
059456,智易永豐99購01  ,0,0,0,0,0,0,0,0,0,55000,0,0,0,61000,6000,55000,55000
060049,華通凱基99購06  ,0,0,0,0,0,0,0,0,0,55000,0,0,0,55000,0,55000,55000
058224,世芯統一9B購02  ,0,0,0,0,0,0,0,0,0,55000,0,0,0,187000,132000,55000,55000
057865,富邦金凱基98購01,0,0,0,0,0,0,0,0,0,55000,0,0,0,60000,5000,55000,55000
4766,南寶            ,69000,14000,55000,0,0,0,0,0,0,0,0,0,0,0,0,0,55000
060828,高股息國票9A購01,0,0,0,0,0,0,0,0,0,54000,0,0,0,70000,16000,54000,54000
050580,強茂國票95購01  ,0,0,0,0,0,0,0,0,0,54000,0,0,0,76000,22000,54000,54000
05084P,嘉聯益永豐95售02,0,0,0,0,0,0,0,0,0,54000,0,0,0,54000,0,54000,54000
052795,健策兆豐97購01  ,0,0,0,0,0,0,0,0,0,54000,0,0,0,54000,0,54000,54000
054354,技嘉富邦97購01  ,0,0,0,0,0,0,0,0,0,54000,0,0,0,54000,0,54000,54000
052946,智原國票97購02  ,0,0,0,0,0,0,0,0,0,54000,0,0,0,105000,51000,54000,54000
055730,建準元富97購02  ,0,0,0,0,0,0,0,0,0,54000,0,0,0,75000,21000,54000,54000
058426,旺宏元富99購02  ,0,0,0,0,0,0,0,0,0,54000,0,0,0,54000,0,54000,54000
059953,聯發科康和99購01,0,0,0,0,0,0,0,0,0,54000,0,0,0,54000,0,54000,54000
060885,世紀鋼中信9A購01,0,0,0,0,0,0,0,0,0,53000,0,0,0,53000,0,53000,53000
060213,牧德康和9A購01  ,0,0,0,0,0,0,0,0,0,53000,0,0,0,106000,53000,53000,53000
060217,國巨凱基9A購10  ,0,0,0,0,0,0,0,0,0,53000,0,0,0,88000,35000,53000,53000
07228P,台灣50群益9B售06,0,0,0,0,0,0,0,0,0,53000,0,0,0,53000,0,53000,53000
07149P,健鼎元大99售03  ,0,0,0,0,0,0,0,0,0,53000,0,0,0,53000,0,53000,53000
055041,致新富邦97購01  ,0,0,0,0,0,0,0,0,0,53000,0,0,0,53000,0,53000,53000
053627,宏碁兆豐97購01  ,0,0,0,0,0,0,0,0,0,53000,0,0,0,53000,0,53000,53000
00666R,富邦恒生國企反1 ,2000,0,2000,0,0,0,0,0,0,51000,0,0,0,131000,80000,51000,53000
049463,華新科富邦97購01,0,0,0,0,0,0,0,0,0,53000,0,0,0,53000,0,53000,53000
056949,義隆統一98購01  ,0,0,0,0,0,0,0,0,0,53000,0,0,0,53000,0,53000,53000
058495,元大金群益9B購01,0,0,0,0,0,0,0,0,0,53000,0,0,0,53000,0,53000,53000
058551,義隆永豐99購03  ,0,0,0,0,0,0,0,0,0,53000,0,0,0,54000,1000,53000,53000
9945,潤泰新          ,724000,691000,33000,0,0,0,0,1000,-1000,21000,24000,3000,21000,0,0,0,53000
4155,訊映            ,97000,44000,53000,0,0,0,0,0,0,0,0,0,0,0,0,0,53000
07395P,台積電群益99售13,0,0,0,0,0,0,0,0,0,52000,0,0,0,102000,50000,52000,52000
07488P,鴻海國票9A售02  ,0,0,0,0,0,0,0,0,0,52000,0,0,0,52000,0,52000,52000
061013,台積電麥證9A購03,0,0,0,52000,0,52000,0,0,0,52000,0,0,0,52000,0,52000,52000
061124,微星永豐9A購02  ,0,0,0,0,0,0,0,0,0,52000,0,0,0,52000,0,52000,52000
04817P,創意國票95售02  ,0,0,0,0,0,0,0,0,0,52000,0,0,0,52000,0,52000,52000
055497,開發金元大97購01,0,0,0,0,0,0,0,0,0,52000,0,0,0,52000,0,52000,52000
058120,台灣50國票99購03,0,0,0,0,0,0,0,0,0,52000,0,0,0,52000,0,52000,52000
05744P,台表科元大96售04,0,0,0,0,0,0,0,0,0,52000,0,0,0,52000,0,52000,52000
059742,富邦金元富99購01,0,0,0,0,0,0,0,0,0,52000,0,0,0,79000,27000,52000,52000
05956P,漢唐國票96售02  ,0,0,0,0,0,0,0,0,0,52000,0,0,0,52000,0,52000,52000
059643,日月光凱基99購02,0,0,0,0,0,0,0,0,0,52000,0,0,0,69000,17000,52000,52000
3094,聯傑            ,61000,9000,52000,0,0,0,0,0,0,0,0,0,0,0,0,0,52000
6451,訊芯-KY         ,140000,81000,59000,0,0,0,0,0,0,-7000,1000,1000,0,6000,13000,-7000,52000
2360,致茂            ,539000,238610,300390,0,0,0,0,254000,-254000,5000,10000,1000,9000,4000,8000,-4000,51390
07501P,華新科元大9A售07,0,0,0,0,0,0,0,0,0,51000,0,0,0,51000,0,51000,51000
055408,力成國泰98購01  ,0,0,0,0,0,0,0,0,0,51000,0,0,0,56000,5000,51000,51000
053005,微星永豐96購01  ,0,0,0,0,0,0,0,0,0,51000,0,0,0,51000,0,51000,51000
056038,可成凱基97購01  ,0,0,0,0,0,0,0,0,0,51000,0,0,0,65000,14000,51000,51000
05803P,臺股指兆豐96售03,0,0,0,0,0,0,0,0,0,51000,10000,0,10000,41000,0,41000,51000
057480,技嘉元大98購03  ,0,0,0,0,0,0,0,0,0,51000,0,0,0,51000,0,51000,51000
00639,富邦深100       ,108000,123000,-15000,0,0,0,0,0,0,66000,0,100000,-100000,979000,813000,166000,51000
052853,友達日盛99購01  ,0,0,0,0,0,0,0,0,0,51000,0,0,0,51000,0,51000,51000
051422,超眾國票96購01  ,0,0,0,0,0,0,0,0,0,51000,0,0,0,57000,6000,51000,51000
059485,台灣50兆豐99購02,0,0,0,0,0,0,0,0,0,51000,0,0,0,126000,75000,51000,51000
059314,上銀元大99購03  ,0,0,0,0,0,0,0,0,0,51000,0,0,0,53000,2000,51000,51000
060010,義隆群益99購02  ,0,0,0,0,0,0,0,0,0,51000,0,0,0,67000,16000,51000,51000
057327,玉晶光群益9A購04,0,0,0,0,0,0,0,0,0,51000,0,0,0,51000,0,51000,51000
059276,可成元大99購06  ,0,0,0,0,0,0,0,0,0,51000,0,0,0,73000,22000,51000,51000
056583,昇陽半元大98購02,0,0,0,0,0,0,0,0,0,51000,0,0,0,51000,0,51000,51000
058590,南電中信9A購02  ,0,0,0,0,0,0,0,0,0,51000,0,0,0,51000,0,51000,51000
058767,亞德客兆豐99購01,0,0,0,0,0,0,0,0,0,51000,0,0,0,53000,2000,51000,51000
058878,旭富國泰9B購01  ,0,0,0,0,0,0,0,0,0,51000,0,0,0,96000,45000,51000,51000
2489,瑞軒            ,136000,131000,5000,0,0,0,0,0,0,46000,48000,2000,46000,0,0,0,51000
07667P,亞德客元大9A售05,0,0,0,0,0,0,0,0,0,50000,0,0,0,55000,5000,50000,50000
2419,仲琦            ,52000,2000,50000,0,0,0,0,0,0,0,0,0,0,0,0,0,50000
1906,寶隆            ,58000,8000,50000,0,0,0,0,0,0,0,0,0,0,0,0,0,50000
07109P,聯發科中信9B售02,0,0,0,0,0,0,0,0,0,50000,0,0,0,50000,0,50000,50000
061307,和潤永豐9A購02  ,0,0,0,0,0,0,0,0,0,50000,0,0,0,77000,27000,50000,50000
061294,奇力新麥證9A購01,0,0,0,50000,0,50000,0,0,0,50000,0,0,0,50000,0,50000,50000
060914,健策元大9A購03  ,0,0,0,0,0,0,0,0,0,50000,0,0,0,75000,25000,50000,50000
060814,健策凱基9B購01  ,0,0,0,0,0,0,0,0,0,50000,0,0,0,66000,16000,50000,50000
060094,聯發科元大99購41,0,0,0,0,0,0,0,0,0,50000,0,0,0,99000,49000,50000,50000
060449,元金2X元大9A購02,0,0,0,0,0,0,0,0,0,50000,0,0,0,50000,0,50000,50000
060671,亞德客元大9A購03,0,0,0,0,0,0,0,0,0,50000,0,0,0,51000,1000,50000,50000
060647,T50反1第一9A購01,0,0,0,0,0,0,0,0,0,50000,0,0,0,50000,0,50000,50000
052491,泰碩國票99購01  ,0,0,0,0,0,0,0,0,0,50000,0,0,0,50000,0,50000,50000
052576,聯茂凱基96購01  ,0,0,0,0,0,0,0,0,0,50000,0,0,0,50000,0,50000,50000
052586,晶豪科永豐96購01,0,0,0,0,0,0,0,0,0,50000,0,0,0,75000,25000,50000,50000
053965,聯電元大98購04  ,0,0,0,0,0,0,0,0,0,50000,0,0,0,50000,0,50000,50000
054161,友訊凱基98購01  ,0,0,0,0,0,0,0,0,0,50000,0,0,0,50000,0,50000,50000
054158,國巨日盛99購01  ,0,0,0,0,0,0,0,0,0,50000,0,0,0,50000,0,50000,50000
054053,聯茂元大96購01  ,0,0,0,0,0,0,0,0,0,50000,0,0,0,100000,50000,50000,50000
054050,創意元大96購06  ,0,0,0,0,0,0,0,0,0,50000,0,0,0,50000,0,50000,50000
048698,宏達電國票95購01,0,0,0,0,0,0,0,0,0,50000,0,0,0,50000,0,50000,50000
049785,華新科兆豐95購01,0,0,0,0,0,0,0,0,0,50000,0,0,0,50000,0,50000,50000
04471P,華通元大95售03  ,0,0,0,0,0,0,0,0,0,50000,0,0,0,50000,0,50000,50000
050516,華通元大95購05  ,0,0,0,0,0,0,0,0,0,50000,0,0,0,50000,0,50000,50000
057514,華新科元富99購03,0,0,0,0,0,0,0,0,0,50000,0,0,0,110000,60000,50000,50000
056132,台光電元大97購03,0,0,0,0,0,0,0,0,0,50000,0,0,0,50000,0,50000,50000
055102,上銀凱基98購01  ,0,0,0,0,0,0,0,0,0,50000,0,0,0,50000,0,50000,50000
053127,貿聯凱基97購01  ,0,0,0,0,0,0,0,0,0,50000,0,0,0,50000,0,50000,50000
053531,國泰金康和96購01,0,0,0,0,0,0,0,0,0,50000,0,0,0,50000,0,50000,50000
054441,力成台新96購01  ,0,0,0,0,0,0,0,0,0,50000,0,0,0,50000,0,50000,50000
054395,華新科永豐96購03,0,0,0,0,0,0,0,0,0,50000,0,0,0,50000,0,50000,50000
054356,可成兆豐97購01  ,0,0,0,0,0,0,0,0,0,50000,0,0,0,50000,0,50000,50000
058995,台達電元大99購01,0,0,0,0,0,0,0,0,0,50000,0,0,0,58000,8000,50000,50000
058276,道瓊指中信9C購01,0,0,0,0,0,0,0,0,0,50000,0,0,0,50000,0,50000,50000
057960,聯鈞元大98購02  ,0,0,0,0,0,0,0,0,0,50000,0,0,0,172000,122000,50000,50000
058645,康控富邦01購01  ,0,0,0,0,0,0,0,0,0,50000,0,0,0,110000,60000,50000,50000
058719,智邦元富99購01  ,0,0,0,0,0,0,0,0,0,50000,0,0,0,152000,102000,50000,50000
058473,上銀凱基9A購03  ,0,0,0,0,0,0,0,0,0,50000,0,0,0,50000,0,50000,50000
056549,嘉聯益凱基98購04,0,0,0,0,0,0,0,0,0,50000,0,0,0,50000,0,50000,50000
057644,奇力新元大98購04,0,0,0,0,0,0,0,0,0,50000,0,0,0,50000,0,50000,50000
056247,台郡群益97購01  ,0,0,0,0,0,0,0,0,0,50000,0,0,0,50000,0,50000,50000
059250,大立光凱基99購06,0,0,0,0,0,0,0,0,0,50000,0,0,0,60000,10000,50000,50000
059253,康控凱基9B購02  ,0,0,0,0,0,0,0,0,0,50000,0,0,0,50000,0,50000,50000
059198,華新科永豐99購06,0,0,0,0,0,0,0,0,0,50000,0,0,0,50000,0,50000,50000
057340,玉晶光元富98購04,0,0,0,0,0,0,0,0,0,50000,0,0,0,50000,0,50000,50000
056968,揚明光永豐98購02,0,0,0,0,0,0,0,0,0,50000,0,0,0,50000,0,50000,50000
059170,康控凱基9B購01  ,0,0,0,0,0,0,0,0,0,50000,0,0,0,50000,0,50000,50000
060024,T50反1國泰9B購02,0,0,0,0,0,0,0,0,0,50000,0,0,0,50000,0,50000,50000
059348,日月光凱基99購01,0,0,0,0,0,0,0,0,0,50000,0,0,0,51000,1000,50000,50000
059437,京鼎元大99購02  ,0,0,0,0,0,0,0,0,0,50000,0,0,0,81000,31000,50000,50000
2887E,台新戊特        ,0,0,0,0,0,0,0,0,0,50000,50000,0,50000,0,0,0,50000
060197,臻鼎元富9A購02  ,0,0,0,0,0,0,0,0,0,49000,0,0,0,499000,450000,49000,49000
060958,儒鴻凱基9A購02  ,0,0,0,0,0,0,0,0,0,49000,0,0,0,79000,30000,49000,49000
061014,台積電麥證9A購04,0,0,0,50000,1000,49000,0,0,0,49000,0,0,0,50000,1000,49000,49000
061381,台灣50群益9B購07,0,0,0,0,0,0,0,0,0,49000,0,0,0,109000,60000,49000,49000
07189P,聯發科富邦9B售03,0,0,0,0,0,0,0,0,0,49000,0,0,0,88000,39000,49000,49000
055442,矽創國票98購02  ,0,0,0,0,0,0,0,0,0,49000,0,0,0,97000,48000,49000,49000
055604,訊芯元大98購02  ,0,0,0,0,0,0,0,0,0,49000,0,0,0,117000,68000,49000,49000
055675,亞德客凱基97購02,0,0,0,0,0,0,0,0,0,49000,0,0,0,81000,32000,49000,49000
055217,緯創凱基97購02  ,0,0,0,0,0,0,0,0,0,49000,0,0,0,49000,0,49000,49000
053502,智伸科兆豐97購01,0,0,0,0,0,0,0,0,0,49000,0,0,0,50000,1000,49000,49000
056020,義隆群益97購01  ,0,0,0,0,0,0,0,0,0,49000,0,0,0,62000,13000,49000,49000
051157,華新科富邦98購01,0,0,0,0,0,0,0,0,0,49000,0,0,0,49000,0,49000,49000
059540,新光金日盛99購01,0,0,0,0,0,0,0,0,0,49000,0,0,0,49000,0,49000,49000
058677,矽格群益99購01  ,0,0,0,0,0,0,0,0,0,49000,0,0,0,160000,111000,49000,49000
058553,合勤控永豐99購01,0,0,0,0,0,0,0,0,0,49000,0,0,0,49000,0,49000,49000
056743,貿聯凱基98購04  ,0,0,0,0,0,0,0,0,0,49000,0,0,0,49000,0,49000,49000
058916,SGBR2X元富99購02,0,0,0,0,0,0,0,0,0,49000,0,0,0,64000,15000,49000,49000
6409,旭隼            ,190700,137150,53550,0,0,0,0,0,0,-5000,0,5000,-5000,0,0,0,48550
07389P,臺股指群益9C售08,0,0,0,0,0,0,0,0,0,48000,0,0,0,75000,27000,48000,48000
060963,禾伸堂凱基9A購01,0,0,0,0,0,0,0,0,0,48000,0,0,0,253000,205000,48000,48000
060936,T50反1國票9A購09,0,0,0,0,0,0,0,0,0,48000,0,0,0,68000,20000,48000,48000
060545,台積電凱基9B購02,0,0,0,0,0,0,0,0,0,48000,0,0,0,50000,2000,48000,48000
050481,泰鼎國票96購01  ,0,0,0,0,0,0,0,0,0,48000,0,0,0,48000,0,48000,48000
049199,茂林永豐95購01  ,0,0,0,0,0,0,0,0,0,48000,0,0,0,48000,0,48000,48000
054304,台積電凱基96購23,0,0,0,0,0,0,0,0,0,48000,0,0,0,55000,7000,48000,48000
056568,台表科群益98購01,0,0,0,0,0,0,0,0,0,48000,0,0,0,51000,3000,48000,48000
056479,玉晶光元大99購05,0,0,0,0,0,0,0,0,0,48000,0,0,0,50000,2000,48000,48000
059359,精元永豐99購01  ,0,0,0,0,0,0,0,0,0,48000,0,0,0,48000,0,48000,48000
059256,臺股指凱基99購34,0,0,0,0,0,0,0,0,0,48000,0,0,0,68000,20000,48000,48000
060529,聯發科中信9A購04,0,0,0,0,0,0,0,0,0,47000,0,0,0,177000,130000,47000,47000
07424P,大立光元大9B售01,0,0,0,0,0,0,0,0,0,47000,0,0,0,50000,3000,47000,47000
06374P,台表科元大97售06,0,0,0,0,0,0,0,0,0,47000,0,0,0,47000,0,47000,47000
06686P,麗豐永豐98售02  ,0,0,0,0,0,0,0,0,0,47000,0,0,0,47000,0,47000,47000
055190,華新科元富97購01,0,0,0,0,0,0,0,0,0,47000,0,0,0,47000,0,47000,47000
055107,旺宏凱基98購04  ,0,0,0,0,0,0,0,0,0,47000,0,0,0,47000,0,47000,47000
049554,禾伸堂富邦96購01,0,0,0,0,0,0,0,0,0,47000,0,0,0,67000,20000,47000,47000
053854,聯茂國泰97購02  ,0,0,0,0,0,0,0,0,0,47000,0,0,0,47000,0,47000,47000
052246,超眾康和95購01  ,0,0,0,0,0,0,0,0,0,47000,0,0,0,48000,1000,47000,47000
056969,智易永豐98購01  ,0,0,0,0,0,0,0,0,0,47000,0,0,0,51000,4000,47000,47000
058555,矽創永豐9A購01  ,0,0,0,0,0,0,0,0,0,47000,0,0,0,91000,44000,47000,47000
2809,京城銀          ,1158000,1106000,52000,0,0,0,0,1000,-1000,-4000,0,4000,-4000,0,0,0,47000
060405,中租國泰9C購01  ,0,0,0,0,0,0,0,0,0,46000,0,0,0,78000,32000,46000,46000
060403,上銀國泰9B購01  ,0,0,0,0,0,0,0,0,0,46000,0,0,0,166000,120000,46000,46000
060565,大立光富邦01購01,0,0,0,0,0,0,0,0,0,46000,0,0,0,85000,39000,46000,46000
060164,合勤控永豐9A購01,0,0,0,0,0,0,0,0,0,46000,0,0,0,76000,30000,46000,46000
06140P,華新科群益97售06,0,0,0,0,0,0,0,0,0,46000,0,0,0,47000,1000,46000,46000
045054,聯發科元富98購02,0,0,0,0,0,0,0,0,0,46000,0,0,0,79000,33000,46000,46000
057525,光磊元大99購01  ,0,0,0,0,0,0,0,0,0,46000,0,0,0,59000,13000,46000,46000
056678,力成元富98購01  ,0,0,0,0,0,0,0,0,0,46000,0,0,0,46000,0,46000,46000
058698,華通元大99購05  ,0,0,0,0,0,0,0,0,0,46000,0,0,0,50000,4000,46000,46000
058765,緯穎群益99購03  ,0,0,0,0,0,0,0,0,0,46000,0,0,0,94000,48000,46000,46000
058994,道瓊指元大99購01,0,0,0,0,0,0,0,0,0,46000,0,0,0,56000,10000,46000,46000
056766,義隆元大98購01  ,0,0,0,0,0,0,0,0,0,46000,0,0,0,82000,36000,46000,46000
057838,台郡國泰99購01  ,0,0,0,0,0,0,0,0,0,46000,0,0,0,46000,0,46000,46000
056271,嘉澤統一97購01  ,0,0,0,0,0,0,0,0,0,46000,0,0,0,61000,15000,46000,46000
058080,台積電群益98購06,0,0,0,0,0,0,0,0,0,46000,0,0,0,86000,40000,46000,46000
058231,技嘉元大99購02  ,0,0,0,0,0,0,0,0,0,46000,0,0,0,46000,0,46000,46000
059311,元石油元大99購04,0,0,0,0,0,0,0,0,0,46000,0,0,0,248000,202000,46000,46000
060016,廣達康和99購01  ,0,0,0,0,0,0,0,0,0,46000,0,0,0,57000,11000,46000,46000
059981,聯發科元大99購36,0,0,0,0,0,0,0,0,0,46000,0,0,0,49000,3000,46000,46000
059675,大立光元富99購08,0,0,0,0,0,0,0,0,0,46000,0,0,0,95000,49000,46000,46000
2609,陽明            ,185000,139000,46000,0,0,0,0,0,0,0,0,0,0,0,0,0,46000
060993,健策元大9B購03  ,0,0,0,0,0,0,0,0,0,45000,0,0,0,184000,139000,45000,45000
06018P,康控凱基96售03  ,0,0,0,0,0,0,0,0,0,45000,0,0,0,70000,25000,45000,45000
060642,華擎永豐9A購02  ,0,0,0,0,0,0,0,0,0,45000,0,0,0,45000,0,45000,45000
060436,巨大永豐9A購01  ,0,0,0,0,0,0,0,0,0,45000,0,0,0,96000,51000,45000,45000
07315P,台積電台新99售06,0,0,0,0,0,0,0,0,0,45000,0,0,0,45000,0,45000,45000
054210,台光電國票97購03,0,0,0,0,0,0,0,0,0,45000,0,0,0,45000,0,45000,45000
050890,南電富邦99購01  ,0,0,0,0,0,0,0,0,0,45000,0,0,0,52000,7000,45000,45000
03658C,T50反1元大9A牛02,0,0,0,0,0,0,0,0,0,45000,0,0,0,50000,5000,45000,45000
051406,泰鼎永豐96購01  ,0,0,0,0,0,0,0,0,0,45000,0,0,0,45000,0,45000,45000
057266,TPK兆豐98購02   ,0,0,0,0,0,0,0,0,0,45000,0,0,0,50000,5000,45000,45000
05626P,景碩國票97售03  ,0,0,0,0,0,0,0,0,0,45000,0,0,0,57000,12000,45000,45000
057858,T50正2康和98購01,0,0,0,0,0,0,0,0,0,45000,0,0,0,45000,0,45000,45000
058788,喬山元大99購01  ,0,0,0,0,0,0,0,0,0,45000,0,0,0,50000,5000,45000,45000
056523,光寶科中信98購01,0,0,0,0,0,0,0,0,0,45000,0,0,0,45000,0,45000,45000
057916,國巨凱基98購13  ,0,0,0,0,0,0,0,0,0,45000,0,0,0,50000,5000,45000,45000
056596,光磊元富98購01  ,0,0,0,0,0,0,0,0,0,45000,0,0,0,105000,60000,45000,45000
3588,通嘉            ,70000,25000,45000,0,0,0,0,0,0,0,0,0,0,0,0,0,45000
06739P,聯詠兆豐98售02  ,0,0,0,0,0,0,0,0,0,44000,0,0,0,153000,109000,44000,44000
06515P,國巨凱基98售06  ,0,0,0,0,0,0,0,0,0,44000,0,0,0,188000,144000,44000,44000
060286,佳世達元大9C購01,0,0,0,0,0,0,0,0,0,44000,0,0,0,96000,52000,44000,44000
051432,群創元富99購03  ,0,0,0,0,0,0,0,0,0,44000,0,0,0,44000,0,44000,44000
054021,義隆台新96購01  ,0,0,0,0,0,0,0,0,0,44000,0,0,0,84000,40000,44000,44000
054919,興富發凱基97購01,0,0,0,0,0,0,0,0,0,44000,0,0,0,44000,0,44000,44000
058036,南電永豐98購01  ,0,0,0,0,0,0,0,0,0,44000,0,0,0,44000,0,44000,44000
056088,台郡統一97購02  ,0,0,0,0,0,0,0,0,0,44000,0,0,0,44000,0,44000,44000
053211,漢唐凱基96購03  ,0,0,0,0,0,0,0,0,0,44000,0,0,0,44000,0,44000,44000
059202,禾聯碩永豐99購01,0,0,0,0,0,0,0,0,0,44000,0,0,0,104000,60000,44000,44000
059913,台積電元大99購44,0,0,0,0,0,0,0,0,0,44000,0,0,0,56000,12000,44000,44000
059324,智易元大99購04  ,0,0,0,0,0,0,0,0,0,44000,0,0,0,84000,40000,44000,44000
5234,達興材料        ,50000,28000,22000,0,0,0,22000,0,22000,0,0,0,0,0,0,0,44000
060185,聯發科元富04購01,0,0,0,0,0,0,0,0,0,43000,0,0,0,43000,0,43000,43000
060210,上銀康和9A購01  ,0,0,0,0,0,0,0,0,0,43000,0,0,0,43000,0,43000,43000
061029,力山永豐9A購01  ,0,0,0,0,0,0,0,0,0,43000,0,0,0,184000,141000,43000,43000
06493P,聯發科永豐98售02,0,0,0,0,0,0,0,0,0,43000,0,0,0,94000,51000,43000,43000
06668P,祥碩凱基98售02  ,0,0,0,0,0,0,0,0,0,43000,0,0,0,60000,17000,43000,43000
07573P,國巨元大9A售11  ,0,0,0,0,0,0,0,0,0,43000,0,0,0,85000,42000,43000,43000
054710,東元元富97購01  ,0,0,0,0,0,0,0,0,0,43000,0,0,0,116000,73000,43000,43000
046906,新光金凱基99購02,0,0,0,0,0,0,0,0,0,43000,0,0,0,80000,37000,43000,43000
05971P,世紀鋼永豐96售04,0,0,0,0,0,0,0,0,0,43000,0,0,0,68000,25000,43000,43000
05719P,可成元大96售03  ,0,0,0,0,0,0,0,0,0,43000,0,0,0,48000,5000,43000,43000
058656,燿華中信99購01  ,0,0,0,0,0,0,0,0,0,43000,0,0,0,339000,296000,43000,43000
057937,神達群益98購02  ,0,0,0,0,0,0,0,0,0,43000,0,0,0,43000,0,43000,43000
056289,合勤控永豐97購01,0,0,0,0,0,0,0,0,0,43000,0,0,0,43000,0,43000,43000
2426,鼎元            ,129000,87000,42000,0,0,0,0,0,0,0,0,0,0,0,0,0,42000
07341P,台積電凱基99售18,0,0,0,0,0,0,0,0,0,42000,0,0,0,102000,60000,42000,42000
07359P,台積電元大99售45,0,0,0,0,0,0,0,0,0,42000,0,0,0,67000,25000,42000,42000
060933,南電永豐9A購02  ,0,0,0,0,0,0,0,0,0,42000,0,0,0,142000,100000,42000,42000
060355,元金2X元富9C購01,0,0,0,0,0,0,0,0,0,42000,0,0,0,62000,20000,42000,42000
00683L,元大美元指數正2 ,0,0,0,0,0,0,0,0,0,42000,0,0,0,47000,5000,42000,42000
050867,聯鈞永豐95購01  ,0,0,0,0,0,0,0,0,0,42000,0,0,0,42000,0,42000,42000
051192,緯創兆豐96購01  ,0,0,0,0,0,0,0,0,0,42000,0,0,0,43000,1000,42000,42000
051544,T50反1康和98購01,0,0,0,0,0,0,0,0,0,42000,0,0,0,42000,0,42000,42000
054481,鎧勝中信96購01  ,0,0,0,0,0,0,0,0,0,42000,0,0,0,52000,10000,42000,42000
053097,超眾統一96購03  ,0,0,0,0,0,0,0,0,0,42000,0,0,0,42000,0,42000,42000
057721,華擎元富98購02  ,0,0,0,0,0,0,0,0,0,42000,0,0,0,303000,261000,42000,42000
058297,茂林凱基9A購02  ,0,0,0,0,0,0,0,0,0,42000,0,0,0,115000,73000,42000,42000
059678,鴻海國泰9A購03  ,0,0,0,0,0,0,0,0,0,42000,0,0,0,71000,29000,42000,42000
4551,智伸科          ,72000,43000,29000,0,0,0,12000,0,12000,1000,3000,1000,2000,0,1000,-1000,42000
3062,建漢            ,139000,97000,42000,0,0,0,0,0,0,0,0,0,0,0,0,0,42000
060216,鴻海凱基9A購17  ,0,0,0,0,0,0,0,0,0,41000,0,0,0,41000,0,41000,41000
060408,和潤國泰9C購01  ,0,0,0,0,0,0,0,0,0,41000,0,0,0,52000,11000,41000,41000
060526,台積電中信9A購02,0,0,0,0,0,0,0,0,0,41000,0,0,0,42000,1000,41000,41000
06470P,臺股指凱基99售10,0,0,0,0,0,0,0,0,0,41000,0,0,0,41000,0,41000,41000
055030,帆宣國泰99購02  ,0,0,0,0,0,0,0,0,0,41000,0,0,0,41000,0,41000,41000
054378,楠梓電群益98購01,0,0,0,0,0,0,0,0,0,41000,0,0,0,41000,0,41000,41000
051653,南電永豐95購02  ,0,0,0,0,0,0,0,0,0,41000,0,0,0,41000,0,41000,41000
052305,GIS永豐95購03   ,0,0,0,0,0,0,0,0,0,41000,0,0,0,41000,0,41000,41000
05397P,大立光凱基96售08,0,0,0,0,0,0,0,0,0,41000,0,0,0,41000,0,41000,41000
056910,超眾元大99購02  ,0,0,0,0,0,0,0,0,0,41000,0,0,0,99000,58000,41000,41000
056835,聯電元富99購01  ,0,0,0,0,0,0,0,0,0,41000,0,0,0,41000,0,41000,41000
057236,聯詠凱基98購03  ,0,0,0,0,0,0,0,0,0,41000,0,0,0,41000,0,41000,41000
057397,茂林中信9A購01  ,0,0,0,0,0,0,0,0,0,41000,0,0,0,150000,109000,41000,41000
057967,聯發科國泰9A購02,0,0,0,0,0,0,0,0,0,41000,0,0,0,155000,114000,41000,41000
058145,聯茂元大99購03  ,0,0,0,0,0,0,0,0,0,41000,0,0,0,86000,45000,41000,41000
056223,華邦電凱基97購04,0,0,0,0,0,0,0,0,0,41000,0,0,0,41000,0,41000,41000
05880P,創意康和96售01  ,0,0,0,0,0,0,0,0,0,41000,0,0,0,114000,73000,41000,41000
4725,信昌化          ,86000,45000,41000,0,0,0,0,0,0,0,0,0,0,0,0,0,41000
06492P,上銀永豐98售01  ,0,0,0,0,0,0,0,0,0,40000,0,0,0,62000,22000,40000,40000
07381P,鴻海群益99售05  ,0,0,0,0,0,0,0,0,0,40000,0,0,0,50000,10000,40000,40000
07305P,T50正2群益99售02,0,0,0,0,0,0,0,0,0,40000,0,0,0,40000,0,40000,40000
060089,台積電元大99購54,0,0,0,0,0,0,0,0,0,40000,0,0,0,50000,10000,40000,40000
060224,台灣50元大9A購09,0,0,0,0,0,0,0,0,0,40000,0,0,0,40000,0,40000,40000
053928,智易國票97購03  ,0,0,0,0,0,0,0,0,0,40000,0,0,0,40000,0,40000,40000
052733,台郡國泰97購01  ,0,0,0,0,0,0,0,0,0,40000,0,0,0,90000,50000,40000,40000
052595,奇力新群益96購01,0,0,0,0,0,0,0,0,0,40000,0,0,0,40000,0,40000,40000
052415,台表科麥證95購02,0,0,0,40000,0,40000,0,0,0,40000,0,0,0,40000,0,40000,40000
051644,聯茂康和95購01  ,0,0,0,0,0,0,0,0,0,40000,0,0,0,40000,0,40000,40000
051619,智邦凱基95購07  ,0,0,0,0,0,0,0,0,0,40000,0,0,0,40000,0,40000,40000
051272,嘉晶群益95購01  ,0,0,0,0,0,0,0,0,0,40000,0,0,0,40000,0,40000,40000
03033P,微星國票03售01  ,60000,0,60000,0,0,0,0,0,0,-20000,0,0,0,0,20000,-20000,40000
048270,T50反1富邦99購01,0,0,0,0,0,0,0,0,0,40000,0,0,0,65000,25000,40000,40000
050254,大立光富邦96購02,0,0,0,0,0,0,0,0,0,40000,0,0,0,40000,0,40000,40000
048675,台達電國泰94購02,0,0,0,0,0,0,0,0,0,40000,0,0,0,40000,0,40000,40000
055125,智原兆豐97購01  ,0,0,0,0,0,0,0,0,0,40000,0,0,0,392000,352000,40000,40000
053539,智易永豐96購01  ,0,0,0,0,0,0,0,0,0,40000,0,0,0,111000,71000,40000,40000
053487,台泥兆豐97購01  ,0,0,0,0,0,0,0,0,0,40000,0,0,0,40000,0,40000,40000
053316,友達群益9A購01  ,0,0,0,0,0,0,0,0,0,40000,0,0,0,40000,0,40000,40000
056037,美律凱基98購03  ,0,0,0,0,0,0,0,0,0,40000,0,0,0,40000,0,40000,40000
056124,華通國票98購02  ,0,0,0,0,0,0,0,0,0,40000,0,0,0,60000,20000,40000,40000
057501,超眾群益98購04  ,0,0,0,0,0,0,0,0,0,40000,0,0,0,45000,5000,40000,40000
058828,大毅永豐99購01  ,0,0,0,0,0,0,0,0,0,40000,0,0,0,40000,0,40000,40000
056351,鴻海元大98購06  ,0,0,0,0,0,0,0,0,0,40000,0,0,0,41000,1000,40000,40000
057407,超眾群益99購01  ,0,0,0,0,0,0,0,0,0,40000,0,0,0,44000,4000,40000,40000
057299,立積永豐98購02  ,0,0,0,0,0,0,0,0,0,40000,0,0,0,70000,30000,40000,40000
059182,台灣50台新9B購03,0,0,0,0,0,0,0,0,0,40000,0,0,0,40000,0,40000,40000
059217,台積電元大99購30,0,0,0,0,0,0,0,0,0,40000,0,0,0,40000,0,40000,40000
05925P,晶技永豐96售03  ,0,0,0,0,0,0,0,0,0,40000,0,0,0,70000,30000,40000,40000
056804,T50反1統一9A購03,0,0,0,0,0,0,0,0,0,40000,0,0,0,70000,30000,40000,40000
057006,國巨中信98購03  ,0,0,0,0,0,0,0,0,0,40000,0,0,0,40000,0,40000,40000
059916,聯發科元大99購33,0,0,0,0,0,0,0,0,0,40000,0,0,0,41000,1000,40000,40000
060837,上銀國票9A購04  ,0,0,0,0,0,0,0,0,0,39000,0,0,0,42000,3000,39000,39000
060857,旭富富邦9B購01  ,0,0,0,0,0,0,0,0,0,39000,0,0,0,40000,1000,39000,39000
054252,奇力新元大96購04,0,0,0,0,0,0,0,0,0,39000,0,0,0,50000,11000,39000,39000
049585,旺宏元大95購02  ,0,0,0,0,0,0,0,0,0,39000,0,0,0,39000,0,39000,39000
059847,喬山永豐99購01  ,0,0,0,0,0,0,0,0,0,39000,0,0,0,39000,0,39000,39000
057777,可成群益9A購03  ,0,0,0,0,0,0,0,0,0,39000,0,0,0,54000,15000,39000,39000
057778,大立光群益98購02,0,0,0,0,0,0,0,0,0,39000,0,0,0,39000,0,39000,39000
2634,漢翔            ,113000,72000,41000,0,0,0,0,0,0,-2000,0,2000,-2000,0,0,0,39000
060758,台積電元大9A購19,0,0,0,0,0,0,0,0,0,38000,0,0,0,44000,6000,38000,38000
060259,潤泰全凱基9C購01,0,0,0,0,0,0,0,0,0,38000,0,0,0,38000,0,38000,38000
060201,台表科元富9A購01,0,0,0,0,0,0,0,0,0,38000,0,0,0,50000,12000,38000,38000
060427,聯茂永豐9A購01  ,0,0,0,0,0,0,0,0,0,38000,0,0,0,38000,0,38000,38000
07420P,可成元大99售07  ,0,0,0,0,0,0,0,0,0,38000,0,0,0,54000,16000,38000,38000
07417P,聯發科元大99售44,0,0,0,0,0,0,0,0,0,38000,0,0,0,38000,0,38000,38000
06282P,聯鈞永豐97售02  ,0,0,0,0,0,0,0,0,0,38000,0,0,0,43000,5000,38000,38000
06697P,台積電國票99售05,0,0,0,0,0,0,0,0,0,38000,0,0,0,38000,0,38000,38000
07576P,可成元大9A售01  ,0,0,0,0,0,0,0,0,0,38000,0,0,0,181000,143000,38000,38000
050047,奇鋐國票95購01  ,0,0,0,0,0,0,0,0,0,38000,0,0,0,38000,0,38000,38000
051641,矽創國票96購01  ,0,0,0,0,0,0,0,0,0,38000,0,0,0,38000,0,38000,38000
052703,貿聯國票97購01  ,0,0,0,0,0,0,0,0,0,38000,0,0,0,38000,0,38000,38000
052996,聯電康和96購01  ,0,0,0,0,0,0,0,0,0,38000,0,0,0,40000,2000,38000,38000
054909,福懋科康和97購01,0,0,0,0,0,0,0,0,0,38000,0,0,0,38000,0,38000,38000
055617,TPK國票98購04   ,0,0,0,0,0,0,0,0,0,38000,0,0,0,38000,0,38000,38000
055686,致伸凱基97購02  ,0,0,0,0,0,0,0,0,0,38000,0,0,0,38000,0,38000,38000
053489,上銀兆豐97購01  ,0,0,0,0,0,0,0,0,0,38000,0,0,0,63000,25000,38000,38000
057689,南亞科凱基99購02,0,0,0,0,0,0,0,0,0,38000,0,0,0,40000,2000,38000,38000
058249,緯穎元大99購04  ,0,0,0,0,0,0,0,0,0,38000,0,0,0,77000,39000,38000,38000
058262,大立光富邦9C購02,0,0,0,0,0,0,0,0,0,38000,0,0,0,38000,0,38000,38000
058975,台灣50凱基01購02,0,0,0,0,0,0,0,0,0,38000,0,0,0,39000,1000,38000,38000
058628,宏達電國票9A購01,0,0,0,0,0,0,0,0,0,38000,0,0,0,38000,0,38000,38000
056917,國巨兆豐98購03  ,0,0,0,0,0,0,0,0,0,38000,0,0,0,58000,20000,38000,38000
057101,新光金中信9A購01,0,0,0,0,0,0,0,0,0,38000,0,0,0,38000,0,38000,38000
057465,智易永豐98購02  ,0,0,0,0,0,0,0,0,0,38000,0,0,0,38000,0,38000,38000
8454,富邦媒          ,98000,64000,34000,0,0,0,30000,0,30000,-26000,0,26000,-26000,0,0,0,38000
2231,為升            ,89000,41388,47612,0,0,0,0,0,0,-10000,0,1000,-1000,4000,13000,-9000,37612
060688,世紀鋼元大9C購01,0,0,0,0,0,0,0,0,0,37000,0,0,0,50000,13000,37000,37000
060798,旭富永豐9A購01  ,0,0,0,0,0,0,0,0,0,37000,0,0,0,37000,0,37000,37000
061016,可成麥證9A購01  ,0,0,0,37000,0,37000,0,0,0,37000,0,0,0,37000,0,37000,37000
055080,正崴中信99購01  ,0,0,0,0,0,0,0,0,0,37000,0,0,0,68000,31000,37000,37000
055597,禾伸堂元大98購02,0,0,0,0,0,0,0,0,0,37000,0,0,0,128000,91000,37000,37000
055400,緯穎統一97購01  ,0,0,0,0,0,0,0,0,0,37000,0,0,0,37000,0,37000,37000
051317,亞德客國票96購01,0,0,0,0,0,0,0,0,0,37000,0,0,0,39000,2000,37000,37000
058371,智原凱基9A購01  ,0,0,0,0,0,0,0,0,0,37000,0,0,0,61000,24000,37000,37000
058702,國巨元大99購16  ,0,0,0,0,0,0,0,0,0,37000,0,0,0,37000,0,37000,37000
057962,超眾元大99購03  ,0,0,0,0,0,0,0,0,0,37000,0,0,0,37000,0,37000,37000
057595,健鼎兆豐98購01  ,0,0,0,0,0,0,0,0,0,37000,0,0,0,48000,11000,37000,37000
058159,健策台新9A購01  ,0,0,0,0,0,0,0,0,0,37000,0,0,0,61000,24000,37000,37000
8105,凌巨            ,115000,77000,38000,0,0,0,0,0,0,-1000,0,1000,-1000,0,0,0,37000
9955,佳龍            ,84000,47000,37000,0,0,0,0,0,0,0,0,0,0,0,0,0,37000
4739,康普            ,54000,17000,37000,0,0,0,0,0,0,0,0,0,0,0,0,0,37000
6285,啟碁            ,516000,406000,110000,0,0,0,0,79000,-79000,6000,8000,1000,7000,2000,3000,-1000,37000
060452,儒鴻元大9A購01  ,0,0,0,0,0,0,0,0,0,36000,0,0,0,36000,0,36000,36000
060455,葡萄王元大9A購02,0,0,0,0,0,0,0,0,0,36000,0,0,0,48000,12000,36000,36000
060209,喬山康和9A購01  ,0,0,0,0,0,0,0,0,0,36000,0,0,0,90000,54000,36000,36000
060087,鴻海元大99購43  ,0,0,0,0,0,0,0,0,0,36000,0,0,0,48000,12000,36000,36000
060368,緯穎元富9A購03  ,0,0,0,0,0,0,0,0,0,36000,0,0,0,66000,30000,36000,36000
06243P,亞光元富97售01  ,0,0,0,0,0,0,0,0,0,36000,0,0,0,46000,10000,36000,36000
03441B,臺股指凱基9A熊05,0,0,0,0,0,0,0,0,0,36000,0,0,0,821000,785000,36000,36000
049675,台光電國票95購01,0,0,0,0,0,0,0,0,0,36000,0,0,0,38000,2000,36000,36000
053584,友達元大9B購02  ,0,0,0,0,0,0,0,0,0,36000,0,0,0,51000,15000,36000,36000
055740,智易元富97購01  ,0,0,0,0,0,0,0,0,0,36000,0,0,0,46000,10000,36000,36000
054373,富邦金中信97購01,0,0,0,0,0,0,0,0,0,36000,0,0,0,46000,10000,36000,36000
055133,致新康和97購01  ,0,0,0,0,0,0,0,0,0,36000,0,0,0,104000,68000,36000,36000
05758P,光罩永豐96售02  ,0,0,0,0,0,0,0,0,0,36000,0,0,0,86000,50000,36000,36000
056484,聯茂元大98購02  ,0,0,0,0,0,0,0,0,0,36000,0,0,0,36000,0,36000,36000
058763,和碩群益99購01  ,0,0,0,0,0,0,0,0,0,36000,0,0,0,37000,1000,36000,36000
058877,T50反1國泰9B購01,0,0,0,0,0,0,0,0,0,36000,0,0,0,41000,5000,36000,36000
057277,可成元大98購05  ,0,0,0,0,0,0,0,0,0,36000,0,0,0,38000,2000,36000,36000
056897,南亞科元大98購02,0,0,0,0,0,0,0,0,0,36000,0,0,0,68000,32000,36000,36000
059700,鴻海凱基9A購16  ,0,0,0,0,0,0,0,0,0,36000,0,0,0,38000,2000,36000,36000
6191,精成科          ,192000,154000,38000,0,0,0,0,2000,-2000,0,0,0,0,0,0,0,36000
00654R,富邦印度反1     ,19000,0,19000,0,0,0,0,0,0,16900,0,0,0,41000,24100,16900,35900
06890P,金融類元大98售02,0,0,0,0,0,0,0,0,0,35000,0,0,0,40000,5000,35000,35000
06766P,玉晶光元大99售10,0,0,0,0,0,0,0,0,0,35000,0,0,0,139000,104000,35000,35000
07414P,台積電元大99售51,0,0,0,0,0,0,0,0,0,35000,0,0,0,187000,152000,35000,35000
07070P,晶相光元富99售01,0,0,0,0,0,0,0,0,0,35000,0,0,0,42000,7000,35000,35000
060328,可成群益9A購06  ,0,0,0,0,0,0,0,0,0,35000,0,0,0,53000,18000,35000,35000
061218,臺股指元大9A購55,0,0,0,0,0,0,0,0,0,35000,0,0,0,55000,20000,35000,35000
046629,群創統一98購01  ,0,0,0,0,0,0,0,0,0,35000,0,0,0,45000,10000,35000,35000
052286,力成凱基95購02  ,0,0,0,0,0,0,0,0,0,35000,0,0,0,35000,0,35000,35000
053496,義隆兆豐96購02  ,0,0,0,0,0,0,0,0,0,35000,0,0,0,74000,39000,35000,35000
055071,群電永豐97購01  ,0,0,0,0,0,0,0,0,0,35000,0,0,0,35000,0,35000,35000
055296,康舒元大97購02  ,0,0,0,0,0,0,0,0,0,35000,0,0,0,35000,0,35000,35000
05972P,瑞昱元大96售01  ,0,0,0,0,0,0,0,0,0,35000,0,0,0,35000,0,35000,35000
059579,聯發科元富99購06,0,0,0,0,0,0,0,0,0,35000,0,0,0,38000,3000,35000,35000
059153,臺股指國票99購16,0,0,0,0,0,0,0,0,0,35000,0,0,0,129000,94000,35000,35000
057413,臺股指群益9C購04,0,0,0,0,0,0,0,0,0,35000,0,0,0,35000,0,35000,35000
058451,智邦永豐9A購01  ,0,0,0,0,0,0,0,0,0,35000,0,0,0,35000,0,35000,35000
058559,華新科日盛99購02,0,0,0,0,0,0,0,0,0,35000,0,0,0,69000,34000,35000,35000
058226,世芯元富99購01  ,0,0,0,0,0,0,0,0,0,35000,0,0,0,35000,0,35000,35000
2395,研華            ,685600,691804,-6204,0,0,0,3000,0,3000,38000,40000,2000,38000,0,0,0,34796
060991,京鼎元大9A購01  ,0,0,0,0,0,0,0,0,0,34000,0,0,0,358000,324000,34000,34000
060923,全新永豐9A購01  ,0,0,0,0,0,0,0,0,0,34000,0,0,0,37000,3000,34000,34000
060454,葡萄王元大9A購01,0,0,0,0,0,0,0,0,0,34000,0,0,0,43000,9000,34000,34000
060539,道瓊反凱基9A購01,0,0,0,0,0,0,0,0,0,34000,0,0,0,243000,209000,34000,34000
055335,健策兆豐98購01  ,0,0,0,0,0,0,0,0,0,34000,0,0,0,34000,0,34000,34000
056143,訊芯元大97購04  ,0,0,0,0,0,0,0,0,0,34000,0,0,0,102000,68000,34000,34000
052094,瀚宇博元大96購02,0,0,0,0,0,0,0,0,0,34000,0,0,0,34000,0,34000,34000
051740,可成國票96購04  ,0,0,0,0,0,0,0,0,0,34000,0,0,0,38000,4000,34000,34000
03810P,大立光富邦98售01,0,0,0,0,0,0,0,0,0,34000,0,0,0,34000,0,34000,34000
058934,台灣50中信03購03,0,0,0,0,0,0,0,0,0,34000,0,0,0,35000,1000,34000,34000
058268,泰碩永豐9A購01  ,0,0,0,0,0,0,0,0,0,34000,0,0,0,34000,0,34000,34000
059040,訊芯群益99購03  ,0,0,0,0,0,0,0,0,0,34000,0,0,0,143000,109000,34000,34000
059860,台積電群益9A購02,0,0,0,0,0,0,0,0,0,34000,0,0,0,84000,50000,34000,34000
2882A,國泰特          ,0,0,0,0,0,0,0,0,0,34000,34000,0,34000,0,0,0,34000
060468,聯鈞元大9A購02  ,0,0,0,0,0,0,0,0,0,33000,0,0,0,52000,19000,33000,33000
060400,南電國票9A購03  ,0,0,0,0,0,0,0,0,0,33000,0,0,0,75000,42000,33000,33000
060732,玉晶光群益9C購02,0,0,0,0,0,0,0,0,0,33000,0,0,0,83000,50000,33000,33000
061228,聯茂中信9A購01  ,0,0,0,0,0,0,0,0,0,33000,0,0,0,33000,0,33000,33000
07469P,台達電元大9A售01,0,0,0,0,0,0,0,0,0,33000,0,0,0,33000,0,33000,33000
06398P,禾伸堂凱基97售02,0,0,0,0,0,0,0,0,0,33000,0,0,0,33000,0,33000,33000
048576,義隆國泰95購01  ,0,0,0,0,0,0,0,0,0,33000,0,0,0,111000,78000,33000,33000
052229,奇力新凱基96購01,0,0,0,0,0,0,0,0,0,33000,0,0,0,33000,0,33000,33000
059350,樺漢凱基9A購01  ,0,0,0,0,0,0,0,0,0,33000,0,0,0,39000,6000,33000,33000
059667,矽力元大99購01  ,0,0,0,0,0,0,0,0,0,33000,0,0,0,33000,0,33000,33000
057201,華擎元富98購01  ,0,0,0,0,0,0,0,0,0,33000,0,0,0,54000,21000,33000,33000
057029,緯穎凱基98購04  ,0,0,0,0,0,0,0,0,0,33000,0,0,0,33000,0,33000,33000
05859P,台表科國票97售04,0,0,0,0,0,0,0,0,0,33000,0,0,0,35000,2000,33000,33000
058586,鴻海中信01購02  ,0,0,0,0,0,0,0,0,0,33000,0,0,0,33000,0,33000,33000
056660,臺股指元大9A購07,0,0,0,0,0,0,0,0,0,33000,0,0,0,33000,0,33000,33000
056192,智邦富邦98購01  ,0,0,0,0,0,0,0,0,0,33000,0,0,0,33000,0,33000,33000
058868,元油2X國票99購06,0,0,0,0,0,0,0,0,0,33000,0,0,0,33000,0,33000,33000
056551,台郡凱基98購04  ,0,0,0,0,0,0,0,0,0,33000,0,0,0,33000,0,33000,33000
057877,神達元大99購01  ,0,0,0,0,0,0,0,0,0,33000,0,0,0,44000,11000,33000,33000
06485P,玉晶光群益9A售02,0,0,0,0,0,0,0,0,0,32000,0,0,0,40000,8000,32000,32000
06891P,緯穎富邦99售03  ,0,0,0,0,0,0,0,0,0,32000,0,0,0,32000,0,32000,32000
06744P,嘉聯益永豐98售03,0,0,0,0,0,0,0,0,0,32000,0,0,0,33000,1000,32000,32000
07694P,超眾元大9A售05  ,0,0,0,0,0,0,0,0,0,32000,0,0,0,50000,18000,32000,32000
061152,微星群益9A購01  ,0,0,0,0,0,0,0,0,0,32000,0,0,0,32000,0,32000,32000
060912,華新科元大9A購10,0,0,0,0,0,0,0,0,0,32000,0,0,0,45000,13000,32000,32000
060080,台灣50元大02購01,0,0,0,0,0,0,0,0,0,32000,0,0,0,32000,0,32000,32000
060203,緯穎元富9A購01  ,0,0,0,0,0,0,0,0,0,32000,0,0,0,42000,10000,32000,32000
051749,矽力國泰97購01  ,0,0,0,0,0,0,0,0,0,32000,0,0,0,146000,114000,32000,32000
051769,矽力元大95購01  ,0,0,0,0,0,0,0,0,0,32000,0,0,0,42000,10000,32000,32000
051386,富邦金麥證96購01,0,0,0,32000,0,32000,0,0,0,32000,0,0,0,32000,0,32000,32000
050797,聯發科中信99購01,0,0,0,0,0,0,0,0,0,32000,0,0,0,32000,0,32000,32000
056026,智易群益97購01  ,0,0,0,0,0,0,0,0,0,32000,0,0,0,32000,0,32000,32000
054933,南港元大97購01  ,0,0,0,0,0,0,0,0,0,32000,0,0,0,40000,8000,32000,32000
057805,華通元大98購06  ,0,0,0,0,0,0,0,0,0,32000,0,0,0,64000,32000,32000,32000
058610,欣興元大99購05  ,0,0,0,0,0,0,0,0,0,32000,0,0,0,44000,12000,32000,32000
057936,健策群益99購01  ,0,0,0,0,0,0,0,0,0,32000,0,0,0,56000,24000,32000,32000
056842,全新元富98購01  ,0,0,0,0,0,0,0,0,0,32000,0,0,0,32000,0,32000,32000
2739,寒舍            ,41000,9000,32000,0,0,0,0,0,0,0,0,0,0,0,0,0,32000
3708,上緯投控        ,50000,22000,28000,0,0,0,0,0,0,4000,0,0,0,4000,0,4000,32000
6668,中揚光          ,63000,31000,32000,0,0,0,0,0,0,0,0,0,0,0,0,0,32000
060379,T50反1凱基9A購07,0,0,0,0,0,0,0,0,0,31000,0,0,0,66000,35000,31000,31000
060469,台勝科元大9A購02,0,0,0,0,0,0,0,0,0,31000,0,0,0,70000,39000,31000,31000
060884,超眾中信9B購01  ,0,0,0,0,0,0,0,0,0,31000,0,0,0,130000,99000,31000,31000
061354,瑞儀元大9A購01  ,0,0,0,0,0,0,0,0,0,31000,0,0,0,445000,414000,31000,31000
07577P,華新科元大9A售09,0,0,0,0,0,0,0,0,0,31000,0,0,0,31000,0,31000,31000
2020,美亞            ,42000,11000,31000,0,0,0,0,0,0,0,0,0,0,0,0,0,31000
051281,健策兆豐96購01  ,0,0,0,0,0,0,0,0,0,31000,0,0,0,31000,0,31000,31000
051089,旺宏元大96購04  ,0,0,0,0,0,0,0,0,0,31000,0,0,0,31000,0,31000,31000
052568,漢唐凱基96購02  ,0,0,0,0,0,0,0,0,0,31000,0,0,0,31000,0,31000,31000
054180,亞泥康和96購01  ,0,0,0,0,0,0,0,0,0,31000,0,0,0,31000,0,31000,31000
057421,智原凱基98購04  ,0,0,0,0,0,0,0,0,0,31000,0,0,0,51000,20000,31000,31000
059694,創意永豐99購03  ,0,0,0,0,0,0,0,0,0,31000,0,0,0,55000,24000,31000,31000
060018,國產康和99購01  ,0,0,0,0,0,0,0,0,0,31000,0,0,0,131000,100000,31000,31000
05983P,聯詠國票96售02  ,0,0,0,0,0,0,0,0,0,31000,0,0,0,31000,0,31000,31000
059535,玉山金凱基99購01,0,0,0,0,0,0,0,0,0,31000,0,0,0,46000,15000,31000,31000
059001,聯發科元大99購17,0,0,0,0,0,0,0,0,0,31000,0,0,0,42000,11000,31000,31000
2816,旺旺保          ,34000,3000,31000,0,0,0,0,0,0,0,0,0,0,0,0,0,31000
07467P,上銀元大9A售03  ,0,0,0,0,0,0,0,0,0,30000,0,0,0,50000,20000,30000,30000
07704P,台積電元大9A售25,0,0,0,0,0,0,0,0,0,30000,0,0,0,90000,60000,30000,30000
06648P,華邦電元大98售03,0,0,0,0,0,0,0,0,0,30000,0,0,0,30000,0,30000,30000
06475P,牧德永豐98售03  ,0,0,0,0,0,0,0,0,0,30000,0,0,0,30000,0,30000,30000
07311P,台灣50元大99售09,0,0,0,0,0,0,0,0,0,30000,0,0,0,30000,0,30000,30000
07343P,高鐵康和99售01  ,0,0,0,0,0,0,0,0,0,30000,0,0,0,30000,0,30000,30000
07347P,上証2X凱基99售02,0,0,0,0,0,0,0,0,0,30000,0,0,0,30000,0,30000,30000
07272P,台灣50元大9C售05,0,0,0,0,0,0,0,0,0,30000,0,0,0,30000,0,30000,30000
07281P,鴻海凱基99售13  ,0,0,0,0,0,0,0,0,0,30000,0,0,0,30000,0,30000,30000
061194,聯鈞永豐9A購02  ,0,0,0,0,0,0,0,0,0,30000,0,0,0,30000,0,30000,30000
060850,康友國票9A購03  ,0,0,0,0,0,0,0,0,0,30000,0,0,0,60000,30000,30000,30000
06049P,創意亞東97售01  ,0,0,0,0,0,0,0,0,0,30000,0,0,0,30000,0,30000,30000
060568,SP黃豆永豐9A購01,0,0,0,0,0,0,0,0,0,30000,0,0,0,30000,0,30000,30000
060228,亞德客元大9A購01,0,0,0,0,0,0,0,0,0,30000,0,0,0,37000,7000,30000,30000
053698,中磊元大96購02  ,0,0,0,0,0,0,0,0,0,30000,0,0,0,30000,0,30000,30000
053701,台積電兆豐96購05,0,0,0,0,0,0,0,0,0,30000,0,0,0,70000,40000,30000,30000
052483,超眾群益95購03  ,0,0,0,0,0,0,0,0,0,30000,0,0,0,62000,32000,30000,30000
052256,台泥國泰96購01  ,0,0,0,0,0,0,0,0,0,30000,0,0,0,31000,1000,30000,30000
051728,道瓊反國票97購01,0,0,0,0,0,0,0,0,0,30000,0,0,0,61000,31000,30000,30000
050424,鴻海凱基96購03  ,0,0,0,0,0,0,0,0,0,30000,0,0,0,30000,0,30000,30000
050121,南電元大95購02  ,0,0,0,0,0,0,0,0,0,30000,0,0,0,30000,0,30000,30000
050261,國巨元大95購04  ,0,0,0,0,0,0,0,0,0,30000,0,0,0,30000,0,30000,30000
03657C,T50反1元大99牛01,0,0,0,0,0,0,0,0,0,30000,0,0,0,30000,0,30000,30000
047194,世紀鋼元大96購01,0,0,0,0,0,0,0,0,0,30000,0,0,0,30000,0,30000,30000
055430,宏達電群益97購01,0,0,0,0,0,0,0,0,0,30000,0,0,0,30000,0,30000,30000
055811,國巨國票98購05  ,0,0,0,0,0,0,0,0,0,30000,0,0,0,30000,0,30000,30000
055747,康舒元富97購01  ,0,0,0,0,0,0,0,0,0,30000,0,0,0,30000,0,30000,30000
054423,華新富邦96購01  ,0,0,0,0,0,0,0,0,0,30000,0,0,0,30000,0,30000,30000
054825,康友元大97購01  ,0,0,0,0,0,0,0,0,0,30000,0,0,0,30000,0,30000,30000
054656,深中小元大97購01,0,0,0,0,0,0,0,0,0,30000,0,0,0,30000,0,30000,30000
054577,世芯元大98購01  ,0,0,0,0,0,0,0,0,0,30000,0,0,0,30000,0,30000,30000
053325,GIS群益96購02   ,0,0,0,0,0,0,0,0,0,30000,0,0,0,30000,0,30000,30000
053529,國巨麥證96購01  ,0,0,0,30000,0,30000,0,0,0,30000,0,0,0,30000,0,30000,30000
055196,致新元富97購01  ,0,0,0,0,0,0,0,0,0,30000,0,0,0,142000,112000,30000,30000
058771,神達兆豐99購01  ,0,0,0,0,0,0,0,0,0,30000,0,0,0,30000,0,30000,30000
056681,鴻海統一98購09  ,0,0,0,0,0,0,0,0,0,30000,0,0,0,30000,0,30000,30000
057792,群創統一99購01  ,0,0,0,0,0,0,0,0,0,30000,0,0,0,30000,0,30000,30000
057770,亞德客群益98購01,0,0,0,0,0,0,0,0,0,30000,0,0,0,35000,5000,30000,30000
05634P,玉晶光台新97售01,0,0,0,0,0,0,0,0,0,30000,0,0,0,30000,0,30000,30000
057856,聯鈞國票99購03  ,0,0,0,0,0,0,0,0,0,30000,0,0,0,35000,5000,30000,30000
056478,晶技元大99購01  ,0,0,0,0,0,0,0,0,0,30000,0,0,0,30000,0,30000,30000
058234,華新科元大99購12,0,0,0,0,0,0,0,0,0,30000,0,0,0,30000,0,30000,30000
058121,國巨國票9A購01  ,0,0,0,0,0,0,0,0,0,30000,0,0,0,30000,0,30000,30000
059376,國巨群益99購09  ,0,0,0,0,0,0,0,0,0,30000,0,0,0,30000,0,30000,30000
059501,可成元富99購01  ,0,0,0,0,0,0,0,0,0,30000,0,0,0,30000,0,30000,30000
059454,亞光永豐99購01  ,0,0,0,0,0,0,0,0,0,30000,0,0,0,30000,0,30000,30000
057366,智邦元大98購08  ,0,0,0,0,0,0,0,0,0,30000,0,0,0,104000,74000,30000,30000
057370,可成元大98購07  ,0,0,0,0,0,0,0,0,0,30000,0,0,0,68000,38000,30000,30000
057066,緯穎富邦99購01  ,0,0,0,0,0,0,0,0,0,30000,0,0,0,30000,0,30000,30000
057301,嘉聯益永豐98購02,0,0,0,0,0,0,0,0,0,30000,0,0,0,32000,2000,30000,30000
05697P,友達凱基96售01  ,0,0,0,0,0,0,0,0,0,30000,0,0,0,30000,0,30000,30000
056993,GIS兆豐99購01   ,0,0,0,0,0,0,0,0,0,30000,0,0,0,31000,1000,30000,30000
060248,日月光元大9A購01,0,0,0,0,0,0,0,0,0,29000,0,0,0,79000,50000,29000,29000
060095,聯發科元大99購42,0,0,0,0,0,0,0,0,0,29000,0,0,0,50000,21000,29000,29000
060840,可成國票9B購01  ,0,0,0,0,0,0,0,0,0,29000,0,0,0,30000,1000,29000,29000
07257P,臺股指凱基99售37,0,0,0,0,0,0,0,0,0,29000,0,0,0,92000,63000,29000,29000
07182P,臺股指凱基99售24,0,0,0,0,0,0,0,0,0,29000,0,0,0,29000,0,29000,29000
06801P,技嘉群益99售02  ,0,0,0,0,0,0,0,0,0,29000,0,0,0,48000,19000,29000,29000
054271,中石化中信99購01,0,0,0,0,0,0,0,0,0,29000,0,0,0,50000,21000,29000,29000
055566,台表科凱基97購03,0,0,0,0,0,0,0,0,0,29000,0,0,0,35000,6000,29000,29000
050846,緯創國票96購01  ,0,0,0,0,0,0,0,0,0,29000,0,0,0,29000,0,29000,29000
053577,上証2X元大96購02,0,0,0,0,0,0,0,0,0,29000,0,0,0,29000,0,29000,29000
054121,奇鋐永豐96購02  ,0,0,0,0,0,0,0,0,0,29000,0,0,0,94000,65000,29000,29000
059139,全新兆豐9A購01  ,0,0,0,0,0,0,0,0,0,29000,0,0,0,61000,32000,29000,29000
056958,喬山永豐98購01  ,0,0,0,0,0,0,0,0,0,29000,0,0,0,29000,0,29000,29000
059432,聯發科元大99購26,0,0,0,0,0,0,0,0,0,29000,0,0,0,45000,16000,29000,29000
059600,緯穎元大99購07  ,0,0,0,0,0,0,0,0,0,29000,0,0,0,32000,3000,29000,29000
059985,華新科元大99購22,0,0,0,0,0,0,0,0,0,29000,0,0,0,29000,0,29000,29000
057659,台表科兆豐98購01,0,0,0,0,0,0,0,0,0,29000,0,0,0,30000,1000,29000,29000
056385,創意國泰99購01  ,0,0,0,0,0,0,0,0,0,29000,0,0,0,46000,17000,29000,29000
057775,南亞科群益98購02,0,0,0,0,0,0,0,0,0,29000,0,0,0,29000,0,29000,29000
058693,旭富國票9A購01  ,0,0,0,0,0,0,0,0,0,29000,0,0,0,53000,24000,29000,29000
058879,智邦富邦99購01  ,0,0,0,0,0,0,0,0,0,29000,0,0,0,32000,3000,29000,29000
4141,龍燈-KY         ,34000,5000,29000,0,0,0,0,0,0,0,0,0,0,0,0,0,29000
06844P,智邦元大98售13  ,0,0,0,0,0,0,0,0,0,28000,0,0,0,30000,2000,28000,28000
07705P,台積電元大9A售26,0,0,0,0,0,0,0,0,0,28000,0,0,0,47000,19000,28000,28000
060835,亞德客國票9A購01,0,0,0,0,0,0,0,0,0,28000,0,0,0,54000,26000,28000,28000
060052,宏碁凱基99購01  ,0,0,0,0,0,0,0,0,0,28000,0,0,0,78000,50000,28000,28000
060247,牧德元大9A購02  ,0,0,0,0,0,0,0,0,0,28000,0,0,0,30000,2000,28000,28000
060649,國巨第一9A購01  ,0,0,0,0,0,0,0,0,0,28000,0,0,0,30000,2000,28000,28000
052614,聯電國泰97購01  ,0,35000,-35000,0,0,0,0,0,0,63000,0,0,0,562000,499000,63000,28000
051926,聯電中信97購01  ,0,0,0,0,0,0,0,0,0,28000,0,0,0,88000,60000,28000,28000
051906,國巨元大95購09  ,0,0,0,0,0,0,0,0,0,28000,0,0,0,54000,26000,28000,28000
051087,國巨元大97購01  ,0,0,0,0,0,0,0,0,0,28000,0,0,0,30000,2000,28000,28000
047418,智邦富邦97購01  ,0,0,0,0,0,0,0,0,0,28000,0,0,0,84000,56000,28000,28000
055631,創意永豐98購01  ,0,0,0,0,0,0,0,0,0,28000,0,0,0,55000,27000,28000,28000
05528P,臺股指群益96售01,0,0,0,0,0,0,0,0,0,28000,0,0,0,245000,217000,28000,28000
053534,微星永豐96購02  ,0,0,0,0,0,0,0,0,0,28000,0,0,0,53000,25000,28000,28000
053248,智伸科國票97購01,0,0,0,0,0,0,0,0,0,28000,0,0,0,43000,15000,28000,28000
056169,鴻海元富97購08  ,0,0,0,0,0,0,0,0,0,28000,0,0,0,28000,0,28000,28000
057524,旺宏元大99購04  ,0,0,0,0,0,0,0,0,0,28000,0,0,0,82000,54000,28000,28000
058703,台積電元大99購16,0,0,0,0,0,0,0,0,0,28000,0,0,0,50000,22000,28000,28000
058941,華新科中信99購03,0,0,0,0,0,0,0,0,0,28000,0,0,0,809000,781000,28000,28000
057915,台泥凱基98購01  ,0,0,0,0,0,0,0,0,0,28000,0,0,0,28000,0,28000,28000
056749,滬深2X兆豐99購01,0,0,0,0,0,0,0,0,0,28000,0,0,0,28000,0,28000,28000
05656P,台表科統一96售01,0,0,0,0,0,0,0,0,0,28000,0,0,0,58000,30000,28000,28000
057691,健策凱基99購01  ,0,0,0,0,0,0,0,0,0,28000,0,0,0,41000,13000,28000,28000
058107,全新台新99購01  ,0,0,0,0,0,0,0,0,0,28000,0,0,0,28000,0,28000,28000
056905,欣興元大98購03  ,0,0,0,0,0,0,0,0,0,28000,0,0,0,28000,0,28000,28000
059151,臺股指國票99購14,0,0,0,0,0,0,0,0,0,28000,0,0,0,36000,8000,28000,28000
060563,智邦富邦9A購01  ,0,0,0,0,0,0,0,0,0,27000,0,0,0,104000,77000,27000,27000
060478,南電元大9A購01  ,0,0,0,0,0,0,0,0,0,27000,0,0,0,92000,65000,27000,27000
060415,葡萄王永豐9A購01,0,0,0,0,0,0,0,0,0,27000,0,0,0,103000,76000,27000,27000
060848,聯茂國票9A購02  ,0,0,0,0,0,0,0,0,0,27000,0,0,0,36000,9000,27000,27000
061017,國泰金麥證9A購01,0,0,0,27000,0,27000,0,0,0,27000,0,0,0,27000,0,27000,27000
06624P,訊芯元大98售06  ,0,0,0,0,0,0,0,0,0,27000,0,0,0,27000,0,27000,27000
06553P,訊芯元大98售05  ,0,0,0,0,0,0,0,0,0,27000,0,0,0,27000,0,27000,27000
06230P,亞德客永豐97售03,0,0,0,0,0,0,0,0,0,27000,0,0,0,27000,0,27000,27000
06185P,台表科元大97售05,0,0,0,0,0,0,0,0,0,27000,0,0,0,27000,0,27000,27000
055306,燿華群益97購01  ,0,0,0,0,0,0,0,0,0,27000,0,0,0,37000,10000,27000,27000
051154,國巨國泰96購03  ,0,0,0,0,0,0,0,0,0,27000,0,0,0,235000,208000,27000,27000
051536,玉晶光國票97購01,0,0,0,0,0,0,0,0,0,27000,0,0,0,42000,15000,27000,27000
052874,超眾凱基96購01  ,0,0,0,0,0,0,0,0,0,27000,0,0,0,27000,0,27000,27000
053671,可成統一96購03  ,0,0,0,0,0,0,0,0,0,27000,0,0,0,351000,324000,27000,27000
057460,楠梓電永豐98購03,0,0,0,0,0,0,0,0,0,27000,0,0,0,112000,85000,27000,27000
057102,亞光中信9A購01  ,0,0,0,0,0,0,0,0,0,27000,0,0,0,27000,0,27000,27000
057073,康控永豐98購01  ,0,0,0,0,0,0,0,0,0,27000,0,0,0,27000,0,27000,27000
057438,禾伸堂國票99購01,0,0,0,0,0,0,0,0,0,27000,0,0,0,38000,11000,27000,27000
059268,鎧勝中信01購01  ,0,0,0,0,0,0,0,0,0,27000,0,0,0,27000,0,27000,27000
059949,啟碁永豐99購01  ,0,0,0,0,0,0,0,0,0,27000,0,0,0,27000,0,27000,27000
059732,超眾元大9A購01  ,0,0,0,0,0,0,0,0,0,27000,0,0,0,50000,23000,27000,27000
058133,華新科元大9A購02,0,0,0,0,0,0,0,0,0,27000,0,0,0,30000,3000,27000,27000
057662,上銀元大9A購01  ,0,0,0,0,0,0,0,0,0,27000,0,0,0,103000,76000,27000,27000
057651,矽力元大98購03  ,0,0,0,0,0,0,0,0,0,27000,0,0,0,132000,105000,27000,27000
056166,微星台新97購01  ,0,0,0,0,0,0,0,0,0,27000,0,0,0,27000,0,27000,27000
056776,聯茂元大99購01  ,0,0,0,0,0,0,0,0,0,27000,0,0,0,27000,0,27000,27000
058453,可成永豐99購01  ,0,0,0,0,0,0,0,0,0,27000,0,0,0,27000,0,27000,27000
058375,群創凱基9B購04  ,0,0,0,0,0,0,0,0,0,27000,0,0,0,46000,19000,27000,27000
6672,騰輝電子-KY     ,96000,69000,27000,0,0,0,0,0,0,0,0,0,0,0,0,0,27000
9917,中保科          ,50000,20000,30000,0,0,0,0,1000,-1000,-2000,0,2000,-2000,0,0,0,27000
5258,虹堡            ,44000,16000,28000,0,0,0,0,0,0,-1000,0,1000,-1000,0,0,0,27000
06155P,智邦統一97售02  ,0,0,0,0,0,0,0,0,0,26000,0,0,0,26000,0,26000,26000
06867P,訊芯元大98售08  ,0,0,0,0,0,0,0,0,0,26000,0,0,0,76000,50000,26000,26000
06888P,日月光元大98售02,0,0,0,0,0,0,0,0,0,26000,0,0,0,82000,56000,26000,26000
07170P,臺股指國票99售07,0,0,0,0,0,0,0,0,0,26000,0,0,0,31000,5000,26000,26000
07129P,華新科元大99售14,0,0,0,0,0,0,0,0,0,26000,0,0,0,165000,139000,26000,26000
1447,力鵬            ,35000,9000,26000,0,0,0,0,0,0,0,0,0,0,0,0,0,26000
061038,TPK永豐9A購01   ,0,0,0,0,0,0,0,0,0,26000,0,0,0,26000,0,26000,26000
060888,金像電統一9C購01,0,0,0,0,0,0,0,0,0,26000,0,0,0,39000,13000,26000,26000
061129,文曄永豐9A購01  ,0,0,0,0,0,0,0,0,0,26000,0,0,0,26000,0,26000,26000
061278,和大統一9A購01  ,0,0,0,0,0,0,0,0,0,26000,0,0,0,42000,16000,26000,26000
060475,瑞祺元大9A購01  ,0,0,0,0,0,0,0,0,0,26000,0,0,0,59000,33000,26000,26000
05402P,台郡永豐95售02  ,0,0,0,0,0,0,0,0,0,26000,0,0,0,26000,0,26000,26000
050694,國巨凱基96購03  ,0,0,0,0,0,0,0,0,0,26000,0,0,0,29000,3000,26000,26000
049926,智易元大95購02  ,0,0,0,0,0,0,0,0,0,26000,0,0,0,26000,0,26000,26000
006205,富邦上証        ,0,4000,-4000,0,0,0,0,0,0,30000,0,30000,-30000,953000,893000,60000,26000
055406,大毅國泰99購01  ,0,0,0,0,0,0,0,0,0,26000,0,0,0,26000,0,26000,26000
056091,百和統一97購01  ,0,0,0,0,0,0,0,0,0,26000,0,0,0,74000,48000,26000,26000
056135,緯創元大98購01  ,0,0,0,0,0,0,0,0,0,26000,0,0,0,42000,16000,26000,26000
057624,新日興國泰99購01,0,0,0,0,0,0,0,0,0,26000,0,0,0,27000,1000,26000,26000
057690,美律凱基99購03  ,0,0,0,0,0,0,0,0,0,26000,0,0,0,70000,44000,26000,26000
058108,台郡台新99購01  ,0,0,0,0,0,0,0,0,0,26000,0,0,0,26000,0,26000,26000
058214,世芯群益9A購01  ,0,0,0,0,0,0,0,0,0,26000,0,0,0,193000,167000,26000,26000
058860,SGBR2X凱基9A購01,0,0,0,0,0,0,0,0,0,26000,0,0,0,26000,0,26000,26000
059908,元金2X元大99購01,0,0,0,0,0,0,0,0,0,26000,0,0,0,60000,34000,26000,26000
059753,貿聯群益99購06  ,0,0,0,0,0,0,0,0,0,26000,0,0,0,60000,34000,26000,26000
5469,瀚宇博          ,675000,670000,5000,0,0,0,0,3000,-3000,24000,0,0,0,49000,25000,24000,26000
2207,和泰車          ,137366,110431,26935,0,0,0,1000,1000,0,-1000,0,1000,-1000,0,0,0,25935
2302,麗正            ,26000,1000,25000,0,0,0,0,0,0,0,0,0,0,0,0,0,25000
1589,永冠-KY         ,65000,47000,18000,0,0,0,0,0,0,7000,7000,0,7000,0,0,0,25000
06983P,台積電國泰9A售02,0,0,0,0,0,0,0,0,0,25000,0,0,0,1262000,1237000,25000,25000
07246P,旺宏凱基99售08  ,0,0,0,0,0,0,0,0,0,25000,0,0,0,30000,5000,25000,25000
07288P,台灣50凱基99售06,0,0,0,0,0,0,0,0,0,25000,0,0,0,25000,0,25000,25000
06851P,鈺齊元大98售01  ,0,0,0,0,0,0,0,0,0,25000,0,0,0,49000,24000,25000,25000
06802P,緯穎群益98售03  ,0,0,0,0,0,0,0,0,0,25000,0,0,0,25000,0,25000,25000
060476,瑞祺元大9A購02  ,0,0,0,0,0,0,0,0,0,25000,0,0,0,64000,39000,25000,25000
060503,技嘉元大9A購01  ,0,0,0,0,0,0,0,0,0,25000,0,0,0,25000,0,25000,25000
05306P,泰碩國泰97售01  ,0,0,0,0,0,0,0,0,0,25000,0,0,0,35000,10000,25000,25000
055451,台積電元富97購02,0,0,0,0,0,0,0,0,0,25000,0,0,0,25000,0,25000,25000
054400,健策永豐96購02  ,0,0,0,0,0,0,0,0,0,25000,0,0,0,25000,0,25000,25000
054724,鴻海日盛97購02  ,0,0,0,0,0,0,0,0,0,25000,0,0,0,25000,0,25000,25000
052914,奇力新元富96購01,0,0,0,0,0,0,0,0,0,25000,0,0,0,25000,0,25000,25000
050014,國巨富邦98購01  ,0,0,0,0,0,0,0,0,0,25000,0,0,0,35000,10000,25000,25000
04693P,超眾群益95售01  ,0,0,0,0,0,0,0,0,0,25000,0,0,0,25000,0,25000,25000
04628P,欣興元大95售01  ,0,0,0,0,0,0,0,0,0,25000,0,0,0,251000,226000,25000,25000
04288P,台積電中信95售06,0,0,0,0,0,0,0,0,0,25000,0,0,0,25000,0,25000,25000
054156,聯電亞東98購01  ,0,0,0,0,0,0,0,0,0,25000,0,0,0,25000,0,25000,25000
052324,康友元大96購02  ,0,0,0,0,0,0,0,0,0,25000,0,0,0,25000,0,25000,25000
059725,聯發科元大99購31,0,0,0,0,0,0,0,0,0,25000,0,0,0,26000,1000,25000,25000
059955,美食康和99購01  ,0,0,0,0,0,0,0,0,0,25000,0,0,0,25000,0,25000,25000
059562,上銀凱基99購09  ,0,0,0,0,0,0,0,0,0,25000,0,0,0,50000,25000,25000,25000
059386,上銀凱基99購07  ,0,0,0,0,0,0,0,0,0,25000,0,0,0,25000,0,25000,25000
057329,緯穎群益98購02  ,0,0,0,0,0,0,0,0,0,25000,0,0,0,81000,56000,25000,25000
057325,可成群益9A購01  ,0,0,0,0,0,0,0,0,0,25000,0,0,0,34000,9000,25000,25000
056838,旺宏元富98購01  ,0,0,0,0,0,0,0,0,0,25000,0,0,0,92000,67000,25000,25000
059076,FBVIX元大99購04 ,0,0,0,0,0,0,0,0,0,25000,0,0,0,25000,0,25000,25000
056471,台光電元大99購01,0,0,0,0,0,0,0,0,0,25000,0,0,0,34000,9000,25000,25000
056405,聯茂群益98購01  ,0,0,0,0,0,0,0,0,0,25000,0,0,0,26000,1000,25000,25000
058400,聯發科元大99購09,0,0,0,0,0,0,0,0,0,25000,0,0,0,70000,45000,25000,25000
056777,矽力元大98購02  ,0,0,0,0,0,0,0,0,0,25000,0,0,0,25000,0,25000,25000
058944,元石油群益9C購02,0,0,0,0,0,0,0,0,0,25000,0,0,0,35000,10000,25000,25000
058907,健策元大99購04  ,0,0,0,0,0,0,0,0,0,25000,0,0,0,73000,48000,25000,25000
058967,可成麥證99購01  ,0,0,0,26000,0,26000,0,0,0,25000,0,0,0,26000,1000,25000,25000
06050P,玉晶光國票98售01,0,0,0,0,0,0,0,0,0,24000,0,0,0,35000,11000,24000,24000
060470,台勝科元大9A購03,0,0,0,0,0,0,0,0,0,24000,0,0,0,79000,55000,24000,24000
061304,創意永豐9A購02  ,0,0,0,0,0,0,0,0,0,24000,0,0,0,25000,1000,24000,24000
061384,T50反1群益9A購04,0,0,0,0,0,0,0,0,0,24000,0,0,0,30000,6000,24000,24000
07418P,聯發科元大99售45,0,0,0,0,0,0,0,0,0,24000,0,0,0,80000,56000,24000,24000
07638P,長榮航國票9A售01,0,0,0,0,0,0,0,0,0,24000,0,0,0,24000,0,24000,24000
052263,聯電亞東95購01  ,0,0,0,0,0,0,0,0,0,24000,0,0,0,24000,0,24000,24000
053597,牧德元大99購01  ,0,0,0,0,0,0,0,0,0,24000,0,0,0,24000,0,24000,24000
054445,技嘉兆豐96購01  ,0,0,0,0,0,0,0,0,0,24000,0,0,0,24000,0,24000,24000
055382,台郡元大99購01  ,0,0,0,0,0,0,0,0,0,24000,0,0,0,36000,12000,24000,24000
055936,彩晶群益98購02  ,0,0,0,0,0,0,0,0,0,24000,0,0,0,24000,0,24000,24000
056711,亞光永豐98購01  ,0,0,0,0,0,0,0,0,0,24000,0,0,0,24000,0,24000,24000
058626,瑞昱國票9A購01  ,0,0,0,0,0,0,0,0,0,24000,0,0,0,65000,41000,24000,24000
05861P,瀚宇博永豐96售02,0,0,0,0,0,0,0,0,0,24000,0,0,0,24000,0,24000,24000
058676,聯茂群益99購01  ,0,0,0,0,0,0,0,0,0,24000,0,0,0,61000,37000,24000,24000
058722,台郡元富99購01  ,0,0,0,0,0,0,0,0,0,24000,0,0,0,29000,5000,24000,24000
058385,創意中信99購01  ,0,0,0,0,0,0,0,0,0,24000,0,0,0,114000,90000,24000,24000
057571,泰碩永豐98購01  ,0,0,0,0,0,0,0,0,0,24000,0,0,0,24000,0,24000,24000
059853,超眾永豐99購03  ,0,0,0,0,0,0,0,0,0,24000,0,0,0,24000,0,24000,24000
059578,智邦元富99購02  ,0,0,0,0,0,0,0,0,0,24000,0,0,0,154000,130000,24000,24000
059663,旭富元大9C購02  ,0,0,0,0,0,0,0,0,0,24000,0,0,0,24000,0,24000,24000
6541,泰福-KY         ,54000,30000,24000,0,0,0,0,0,0,0,0,0,0,0,0,0,24000
07128P,大毅元大99售04  ,0,0,0,0,0,0,0,0,0,23000,0,0,0,122000,99000,23000,23000
06603P,立積統一99售01  ,0,0,0,0,0,0,0,0,0,23000,0,0,0,23000,0,23000,23000
061103,聯發科元大9A購08,0,0,0,0,0,0,0,0,0,23000,0,0,0,54000,31000,23000,23000
060924,大毅永豐9A購03  ,0,0,0,0,0,0,0,0,0,23000,0,0,0,30000,7000,23000,23000
060356,上銀元富9A購01  ,0,0,0,0,0,0,0,0,0,23000,0,0,0,25000,2000,23000,23000
056160,智易凱基97購03  ,0,0,0,0,0,0,0,0,0,23000,0,0,0,23000,0,23000,23000
050917,瀚宇博兆豐96購01,0,0,0,0,0,0,0,0,0,23000,0,0,0,23000,0,23000,23000
059791,超眾元大99購06  ,0,0,0,0,0,0,0,0,0,23000,0,0,0,85000,62000,23000,23000
060001,台灣50群益9A購10,0,0,0,0,0,0,0,0,0,23000,0,0,0,24000,1000,23000,23000
059052,為升凱基99購01  ,0,0,0,0,0,0,0,0,0,23000,0,0,0,23000,0,23000,23000
057985,華通元富02購03  ,0,0,0,0,0,0,0,0,0,23000,0,0,0,30000,7000,23000,23000
056458,日月光凱基98購02,0,0,0,0,0,0,0,0,0,23000,0,0,0,30000,7000,23000,23000
056627,訊芯永豐98購01  ,0,0,0,0,0,0,0,0,0,23000,0,0,0,23000,0,23000,23000
6533,晶心科          ,46000,23000,23000,0,0,0,0,0,0,0,0,0,0,0,0,0,23000
8481,政伸            ,25000,2000,23000,0,0,0,0,0,0,0,0,0,0,0,0,0,23000
3052,夆典            ,47000,39000,8000,0,0,0,0,0,0,15000,15000,0,15000,0,0,0,23000
060367,緯穎元富9A購02  ,0,0,0,0,0,0,0,0,0,22000,0,0,0,93000,71000,22000,22000
060343,台積電統一9C購02,0,0,0,0,0,0,0,0,0,22000,0,0,0,22000,0,22000,22000
06683P,訊芯元大98售07  ,0,0,0,0,0,0,0,0,0,22000,0,0,0,22000,0,22000,22000
07208P,台積電凱基99售14,0,0,0,0,0,0,0,0,0,22000,0,0,0,37000,15000,22000,22000
1442,名軒            ,35000,7000,28000,0,0,0,0,6000,-6000,0,0,0,0,0,0,0,22000
052223,聯電凱基96購02  ,0,0,0,0,0,0,0,0,0,22000,0,0,0,42000,20000,22000,22000
055933,欣興群益98購02  ,0,0,0,0,0,0,0,0,0,22000,0,0,0,22000,0,22000,22000
053422,可成永豐96購01  ,0,0,0,0,0,0,0,0,0,22000,0,0,0,24000,2000,22000,22000
055403,泰鼎元富97購01  ,0,0,0,0,0,0,0,0,0,22000,0,0,0,32000,10000,22000,22000
054311,世芯凱基96購02  ,0,0,0,0,0,0,0,0,0,22000,0,0,0,43000,21000,22000,22000
058801,致伸元大99購01  ,0,0,0,0,0,0,0,0,0,22000,0,0,0,24000,2000,22000,22000
056211,南港國票98購01  ,0,0,0,0,0,0,0,0,0,22000,0,0,0,150000,128000,22000,22000
056233,超眾凱基97購02  ,0,0,0,0,0,0,0,0,0,22000,0,0,0,33000,11000,22000,22000
056255,華新科元富97購05,0,0,0,0,0,0,0,0,0,22000,0,0,0,114000,92000,22000,22000
056912,臺股指元大99購04,0,0,0,0,0,0,0,0,0,22000,0,0,0,22000,0,22000,22000
05911P,南亞科永豐96售03,0,0,0,0,0,0,0,0,0,22000,0,0,0,22000,0,22000,22000
059494,國巨國票9C購01  ,0,0,0,0,0,0,0,0,0,22000,0,0,0,37000,15000,22000,22000
2832,台產            ,22000,0,22000,0,0,0,0,0,0,0,0,0,0,0,0,0,22000
6415,矽力-KY         ,300379,263000,37379,0,0,0,27000,39000,-12000,-4000,0,0,0,10000,14000,-4000,21379
07337P,台灣50凱基99售09,0,0,0,0,0,0,0,0,0,21000,0,0,0,31000,10000,21000,21000
06505P,康控國票99售02  ,0,0,0,0,0,0,0,0,0,21000,0,0,0,21000,0,21000,21000
06466P,台積電統一9B售01,0,0,0,0,0,0,0,0,0,21000,0,0,0,32000,11000,21000,21000
060104,新日興元大99購03,0,0,0,0,0,0,0,0,0,21000,0,0,0,21000,0,21000,21000
060592,上銀麥證9A購01  ,0,0,0,21000,0,21000,0,0,0,21000,0,0,0,21000,0,21000,21000
060930,超眾永豐9A購03  ,0,0,0,0,0,0,0,0,0,21000,0,0,0,51000,30000,21000,21000
06100P,台積電日盛97售03,0,0,0,0,0,0,0,0,0,21000,0,0,0,93000,72000,21000,21000
060866,世芯永豐9B購01  ,0,0,0,0,0,0,0,0,0,21000,0,0,0,56000,35000,21000,21000
061140,華擎統一9C購01  ,0,0,0,0,0,0,0,0,0,21000,0,0,0,45000,24000,21000,21000
054504,聯鈞永豐96購01  ,0,0,0,0,0,0,0,0,0,21000,0,0,0,27000,6000,21000,21000
054925,神達凱基97購01  ,0,0,0,0,0,0,0,0,0,21000,0,0,0,23000,2000,21000,21000
055555,全新凱基9A購01  ,0,0,0,0,0,0,0,0,0,21000,0,0,0,200000,179000,21000,21000
055193,世芯元富97購02  ,0,0,0,0,0,0,0,0,0,21000,0,0,0,21000,0,21000,21000
057507,貿聯國票98購02  ,0,0,0,0,0,0,0,0,0,21000,0,0,0,21000,0,21000,21000
056000,佳世達永豐97購01,0,0,0,0,0,0,0,0,0,21000,0,0,0,21000,0,21000,21000
05161P,華新科國票96售01,0,0,0,0,0,0,0,0,0,21000,0,0,0,95000,74000,21000,21000
054003,鴻海統一96購13  ,0,0,0,0,0,0,0,0,0,21000,0,0,0,21000,0,21000,21000
00728,第一金工業30    ,0,0,0,0,0,0,0,0,0,21000,0,0,0,454000,433000,21000,21000
060012,電子類群益99購02,0,0,0,0,0,0,0,0,0,21000,0,0,0,21000,0,21000,21000
058487,晶技國票9A購01  ,0,0,0,0,0,0,0,0,0,21000,0,0,0,53000,32000,21000,21000
057941,聯電國票99購01  ,0,0,0,0,0,0,0,0,0,21000,0,0,0,69000,48000,21000,21000
4919,新唐            ,136000,107000,29000,0,0,0,0,0,0,-8000,0,1000,-1000,0,7000,-7000,21000
8341,日友            ,82000,61000,21000,0,0,0,0,0,0,0,0,0,0,0,0,0,21000
2545,皇翔            ,26000,5000,21000,0,0,0,0,0,0,0,0,0,0,0,0,0,21000
06081P,深中小元大97售02,0,0,0,0,0,0,0,0,0,20000,0,0,0,20000,0,20000,20000
060658,台灣50凱基01購04,0,0,0,0,0,0,0,0,0,20000,0,0,0,30000,10000,20000,20000
060665,康控凱基9A購01  ,0,0,0,0,0,0,0,0,0,20000,0,0,0,50000,30000,20000,20000
060484,聯發科富邦9C購02,0,0,0,0,0,0,0,0,0,20000,0,0,0,21000,1000,20000,20000
060384,葡萄王凱基9B購01,0,0,0,0,0,0,0,0,0,20000,0,0,0,20000,0,20000,20000
060126,創意永豐99購04  ,0,0,0,0,0,0,0,0,0,20000,0,0,0,95000,75000,20000,20000
06034P,世芯凱基96售03  ,0,0,0,0,0,0,0,0,0,20000,0,0,0,50000,30000,20000,20000
060235,瑞昱元大9A購01  ,0,0,0,0,0,0,0,0,0,20000,0,0,0,56000,36000,20000,20000
06479P,聯發科中信99售02,0,0,0,0,0,0,0,0,0,20000,0,0,0,20000,0,20000,20000
06581P,南亞科凱基98售04,0,0,0,0,0,0,0,0,0,20000,0,0,0,20000,0,20000,20000
06152P,玉晶光元大98售06,0,0,0,0,0,0,0,0,0,20000,0,0,0,20000,0,20000,20000
06239P,奇力新元大97售08,0,0,0,0,0,0,0,0,0,20000,0,0,0,50000,30000,20000,20000
06314P,GIS元富97售02   ,0,0,0,0,0,0,0,0,0,20000,0,0,0,20000,0,20000,20000
06691P,臺股指群益9C售05,0,0,0,0,0,0,0,0,0,20000,0,0,0,20000,0,20000,20000
06676P,華新科國票98售03,0,0,0,0,0,0,0,0,0,20000,0,0,0,20000,0,20000,20000
06721P,臺股指中信9A售03,0,0,0,0,0,0,0,0,0,20000,0,0,0,70000,50000,20000,20000
06735P,奇力新凱基98售07,0,0,0,0,0,0,0,0,0,20000,0,0,0,20000,0,20000,20000
06632P,創意群益98售03  ,0,0,0,0,0,0,0,0,0,20000,0,0,0,20000,0,20000,20000
06759P,台積電元大98售17,0,0,0,0,0,0,0,0,0,20000,0,0,0,60000,40000,20000,20000
06880P,鈺齊凱基98售03  ,0,0,0,0,0,0,0,0,0,20000,0,0,0,20000,0,20000,20000
07415P,台積電元大99售52,0,0,0,0,0,0,0,0,0,20000,0,0,0,45000,25000,20000,20000
07052P,臺股指中信9C售02,0,0,0,0,0,0,0,0,0,20000,0,0,0,20000,0,20000,20000
07639P,緯穎國票9A售01  ,0,0,0,0,0,0,0,0,0,20000,0,0,0,20000,0,20000,20000
07641P,上銀凱基9A售05  ,0,0,0,0,0,0,0,0,0,20000,0,0,0,30000,10000,20000,20000
07635P,世芯永豐9A售05  ,0,0,0,0,0,0,0,0,0,20000,0,0,0,40000,20000,20000,20000
07600P,台灣50凱基04售06,0,0,0,0,0,0,0,0,0,20000,0,0,0,20000,0,20000,20000
07566P,台積電台新9B售02,0,0,0,0,0,0,0,0,0,20000,0,0,0,20000,0,20000,20000
07487P,鴻海國票9A售01  ,0,0,0,0,0,0,0,0,0,20000,0,0,0,20000,0,20000,20000
1712,興農            ,159000,138000,21000,0,0,0,0,1000,-1000,0,0,0,0,0,0,0,20000
1762,中化生          ,524000,504000,20000,0,0,0,0,0,0,0,0,0,0,0,0,0,20000
00665L,富邦恒生國企正2 ,0,19000,-19000,0,0,0,0,0,0,39000,0,0,0,62000,23000,39000,20000
020008,元大特股高息N   ,0,0,0,0,0,0,0,0,0,20000,0,0,0,21000,1000,20000,20000
046020,滬深2X元大95購02,0,0,0,0,0,0,0,0,0,20000,0,0,0,20000,0,20000,20000
049820,世紀鋼元大96購03,0,0,0,0,0,0,0,0,0,20000,0,0,0,20000,0,20000,20000
049217,智邦國票95購01  ,0,0,0,0,0,0,0,0,0,20000,0,0,0,20000,0,20000,20000
050586,康友國票94購01  ,0,0,0,0,0,0,0,0,0,20000,0,0,0,20000,0,20000,20000
050618,緯創元大95購01  ,0,0,0,0,0,0,0,0,0,20000,0,0,0,20000,0,20000,20000
051113,聯電元富95購01  ,0,0,0,0,0,0,0,0,0,20000,0,0,0,20000,0,20000,20000
05098P,鴻海凱基95售15  ,0,0,0,0,0,0,0,0,0,20000,0,0,0,20000,0,20000,20000
03826P,瀚宇博元大95售01,0,0,0,0,0,0,0,0,0,20000,0,0,0,20000,0,20000,20000
048610,華新科凱基94購04,0,0,0,0,0,0,0,0,0,20000,0,0,0,20000,0,20000,20000
050135,禾伸堂兆豐95購01,0,0,0,0,0,0,0,0,0,20000,0,0,0,20000,0,20000,20000
04854P,鴻海國泰96售04  ,0,0,0,0,0,0,0,0,0,20000,0,0,0,20000,0,20000,20000
053867,創意元大96購04  ,0,0,0,0,0,0,0,0,0,20000,0,0,0,106000,86000,20000,20000
051831,緯穎元大96購04  ,0,0,0,0,0,0,0,0,0,20000,0,0,0,20000,0,20000,20000
05805P,義隆永豐96售02  ,0,0,0,0,0,0,0,0,0,20000,0,0,0,40000,20000,20000,20000
056164,聯茂凱基98購03  ,0,0,0,0,0,0,0,0,0,20000,0,0,0,21000,1000,20000,20000
057538,緯穎元大98購07  ,0,0,0,0,0,0,0,0,0,20000,0,0,0,20000,0,20000,20000
057545,國巨凱基99購05  ,0,0,0,0,0,0,0,0,0,20000,0,0,0,20000,0,20000,20000
057493,聯詠元大98購02  ,0,0,0,0,0,0,0,0,0,20000,0,0,0,20000,0,20000,20000
053500,新日興兆豐97購01,0,0,0,0,0,0,0,0,0,20000,0,0,0,33000,13000,20000,20000
053033,智易兆豐97購01  ,0,0,0,0,0,0,0,0,0,20000,0,0,0,20000,0,20000,20000
053019,禾伸堂元富96購01,0,0,0,0,0,0,0,0,0,20000,0,0,0,20000,0,20000,20000
055052,凱美永豐97購01  ,0,0,0,0,0,0,0,0,0,20000,0,0,0,20000,0,20000,20000
053093,緯穎元大96購06  ,0,0,0,0,0,0,0,0,0,20000,0,0,0,20000,0,20000,20000
053131,華通國票97購03  ,0,0,0,0,0,0,0,0,0,20000,0,0,0,20000,0,20000,20000
054961,玉晶光元大99購01,0,0,0,0,0,0,0,0,0,20000,0,0,0,20000,0,20000,20000
055445,旺宏統一99購01  ,0,0,0,0,0,0,0,0,0,20000,0,0,0,20000,0,20000,20000
055817,京鼎國票99購01  ,0,0,0,0,0,0,0,0,0,20000,0,0,0,102000,82000,20000,20000
055703,緯穎富邦98購01  ,0,0,0,0,0,0,0,0,0,20000,0,0,0,40000,20000,20000,20000
054316,矽創凱基97購01  ,0,0,0,0,0,0,0,0,0,20000,0,0,0,20000,0,20000,20000
054364,智伸科凱基96購01,0,0,0,0,0,0,0,0,0,20000,0,0,0,20000,0,20000,20000
052898,樺漢群益96購01  ,0,0,0,0,0,0,0,0,0,20000,0,0,0,20000,0,20000,20000
052947,晶技國票97購01  ,0,0,0,0,0,0,0,0,0,20000,0,0,0,20000,0,20000,20000
054609,正崴永豐97購01  ,0,0,0,0,0,0,0,0,0,20000,0,0,0,95000,75000,20000,20000
058770,貿聯兆豐9A購01  ,0,0,0,0,0,0,0,0,0,20000,0,0,0,20000,0,20000,20000
056662,臺股指元大9A購09,0,0,0,0,0,0,0,0,0,20000,0,0,0,20000,0,20000,20000
056619,強茂永豐98購01  ,0,0,0,0,0,0,0,0,0,20000,0,0,0,20000,0,20000,20000
056198,台光電永豐97購02,0,0,0,0,0,0,0,0,0,20000,0,0,0,20000,0,20000,20000
057636,上銀元大98購06  ,0,0,0,0,0,0,0,0,0,20000,0,0,0,23000,3000,20000,20000
057626,技嘉富邦9A購01  ,0,0,0,0,0,0,0,0,0,20000,0,0,0,20000,0,20000,20000
056168,鴻海元富97購07  ,0,0,0,0,0,0,0,0,0,20000,0,0,0,20000,0,20000,20000
057556,智易凱基99購01  ,0,0,0,0,0,0,0,0,0,20000,0,0,0,71000,51000,20000,20000
057811,南亞科元大98購08,0,0,0,0,0,0,0,0,0,20000,0,0,0,20000,0,20000,20000
060046,S&P反1凱基99購02,0,0,0,0,0,0,0,0,0,20000,0,0,0,240000,220000,20000,20000
059880,世紀鋼凱基99購02,0,0,0,0,0,0,0,0,0,20000,0,0,0,20000,0,20000,20000
059883,T50反1國票99購02,0,0,0,0,0,0,0,0,0,20000,0,0,0,130000,110000,20000,20000
059906,臺指反元大9C購04,0,0,0,0,0,0,0,0,0,20000,0,0,0,50000,30000,20000,20000
059662,旭富元大9C購01  ,0,0,0,0,0,0,0,0,0,20000,0,0,0,48000,28000,20000,20000
059308,T50反1元大99購07,0,0,0,0,0,0,0,0,0,20000,0,0,0,20000,0,20000,20000
059608,聯發科富邦9B購04,0,0,0,0,0,0,0,0,0,20000,0,0,0,50000,30000,20000,20000
056973,T50反1永昌9C購01,20000,0,20000,0,0,0,0,0,0,0,0,0,0,20000,20000,0,20000
056845,揚明光元富98購01,0,0,0,0,0,0,0,0,0,20000,0,0,0,30000,10000,20000,20000
056939,康控元富98購01  ,0,0,0,0,0,0,0,0,0,20000,0,0,0,118000,98000,20000,20000
057075,嘉聯益永豐98購01,0,0,0,0,0,0,0,0,0,20000,0,0,0,20000,0,20000,20000
057402,嘉晶群益98購02  ,0,0,0,0,0,0,0,0,0,20000,0,0,0,20000,0,20000,20000
05926P,智易永豐96售02  ,0,0,0,0,0,0,0,0,0,20000,0,0,0,20000,0,20000,20000
059252,聯詠凱基99購03  ,0,0,0,0,0,0,0,0,0,20000,0,0,0,20000,0,20000,20000
05922P,京元電兆豐96售01,0,0,0,0,0,0,0,0,0,20000,0,0,0,20000,0,20000,20000
2704,國賓            ,29000,9000,20000,0,0,0,0,0,0,0,0,0,0,0,0,0,20000
6669,緯穎            ,278532,308447,-29915,0,0,0,70000,28000,42000,7000,26000,0,26000,3000,22000,-19000,19085
06857P,超眾永豐98售02  ,0,0,0,0,0,0,0,0,0,19000,0,0,0,19000,0,19000,19000
060350,元黃金元富9B購01,0,0,0,0,0,0,0,0,0,19000,0,0,0,47000,28000,19000,19000
060498,華通元大9A購03  ,0,0,0,0,0,0,0,0,0,19000,0,0,0,24000,5000,19000,19000
060564,南亞科富邦9C購01,0,0,0,0,0,0,0,0,0,19000,0,0,0,19000,0,19000,19000
061033,台光電永豐9A購01,0,0,0,0,0,0,0,0,0,19000,0,0,0,19000,0,19000,19000
060927,嘉晶永豐9A購01  ,0,0,0,0,0,0,0,0,0,19000,0,0,0,19000,0,19000,19000
054192,國巨中信98購01  ,0,0,0,0,0,0,0,0,0,19000,0,0,0,19000,0,19000,19000
055515,聚陽中信9A購01  ,0,0,0,0,0,0,0,0,0,19000,0,0,0,19000,0,19000,19000
055142,健策永豐98購01  ,0,0,0,0,0,0,0,0,0,19000,0,0,0,20000,1000,19000,19000
057996,臻鼎中信98購01  ,0,0,0,0,0,0,0,0,0,19000,0,0,0,23000,4000,19000,19000
056084,漢唐統一97購03  ,0,0,0,0,0,0,0,0,0,19000,0,0,0,67000,48000,19000,19000
05282P,可成元大95售09  ,0,0,0,0,0,0,0,0,0,19000,0,0,0,19000,0,19000,19000
054164,強茂凱基98購01  ,0,0,0,0,0,0,0,0,0,19000,0,0,0,65000,46000,19000,19000
053587,京元電元大98購01,0,0,0,0,0,0,0,0,0,19000,0,0,0,19000,0,19000,19000
057341,技嘉台新98購01  ,0,0,0,0,0,0,0,0,0,19000,0,0,0,19000,0,19000,19000
057146,技嘉國票98購01  ,0,0,0,0,0,0,0,0,0,19000,0,0,0,19000,0,19000,19000
059682,可成富邦9A購01  ,0,0,0,0,0,0,0,0,0,19000,0,0,0,20000,1000,19000,19000
058611,欣興元大99購06  ,0,0,0,0,0,0,0,0,0,19000,0,0,0,69000,50000,19000,19000
058290,南電國票9A購01  ,0,0,0,0,0,0,0,0,0,19000,0,0,0,46000,27000,19000,19000
060678,聯詠元大9A購03  ,0,0,0,0,0,0,0,0,0,18000,0,0,0,36000,18000,18000,18000
060686,康友元大9A購02  ,0,0,0,0,0,0,0,0,0,18000,0,0,0,18000,0,18000,18000
060502,國巨元大9A購07  ,0,0,0,0,0,0,0,0,0,18000,0,0,0,62000,44000,18000,18000
060396,友達國票9A購01  ,0,0,0,0,0,0,0,0,0,18000,0,0,0,37000,19000,18000,18000
060402,神隆國泰9B購01  ,0,0,0,0,0,0,0,0,0,18000,0,0,0,53000,35000,18000,18000
060357,上銀元富9A購02  ,0,0,0,0,0,0,0,0,0,18000,0,0,0,20000,2000,18000,18000
060265,宏達電國票9A購02,0,0,0,0,0,0,0,0,0,18000,0,0,0,18000,0,18000,18000
060184,建準元富9A購01  ,0,0,0,0,0,0,0,0,0,18000,0,0,0,32000,14000,18000,18000
06347P,祥碩元富97售02  ,0,0,0,0,0,0,0,0,0,18000,0,0,0,18000,0,18000,18000
06256P,臺股指群益97售09,0,0,0,0,0,0,0,0,0,18000,0,0,0,20000,2000,18000,18000
07324P,台積電元大99售40,0,0,0,0,0,0,0,0,0,18000,0,0,0,170000,152000,18000,18000
2013,中鋼構          ,31000,13000,18000,0,0,0,0,0,0,0,0,0,0,0,0,0,18000
1474,弘裕            ,28000,10000,18000,0,0,0,0,0,0,0,0,0,0,0,0,0,18000
1506,正道            ,56000,38000,18000,0,0,0,0,0,0,0,0,0,0,0,0,0,18000
052134,智邦凱基95購09  ,0,0,0,0,0,0,0,0,0,18000,0,0,0,28000,10000,18000,18000
051775,旺宏亞東95購01  ,0,0,0,0,0,0,0,0,0,18000,0,0,0,18000,0,18000,18000
052054,台表科凱基96購01,0,0,0,0,0,0,0,0,0,18000,0,0,0,18000,0,18000,18000
04798P,牧德元大95售02  ,0,0,0,0,0,0,0,0,0,18000,0,0,0,18000,0,18000,18000
05059P,大立光國票96售02,0,0,0,0,0,0,0,0,0,18000,0,0,0,21000,3000,18000,18000
00680L,元大美債20正2   ,0,0,0,0,0,0,0,0,0,18000,0,0,0,24000,6000,18000,18000
055852,聯鈞元大98購01  ,0,0,0,0,0,0,0,0,0,18000,0,0,0,18000,0,18000,18000
053006,玉晶光永豐96購03,0,0,0,0,0,0,0,0,0,18000,0,0,0,21000,3000,18000,18000
054363,世芯凱基97購01  ,0,0,0,0,0,0,0,0,0,18000,0,0,0,20000,2000,18000,18000
052968,燿華群益98購01  ,0,0,0,0,0,0,0,0,0,18000,0,0,0,48000,30000,18000,18000
059007,南電元大99購05  ,0,0,0,0,0,0,0,0,0,18000,0,0,0,19000,1000,18000,18000
058581,大立光群益99購05,0,0,0,0,0,0,0,0,0,18000,0,0,0,18000,0,18000,18000
058507,美律元大9A購01  ,0,0,0,0,0,0,0,0,0,18000,0,0,0,85000,67000,18000,18000
058508,聯發科元大99購11,0,0,0,0,0,0,0,0,0,18000,0,0,0,50000,32000,18000,18000
059868,台光電凱基99購03,0,0,0,0,0,0,0,0,0,18000,0,0,0,60000,42000,18000,18000
057091,華新科元富9A購01,0,0,0,0,0,0,0,0,0,18000,0,0,0,18000,0,18000,18000
059254,台表科凱基9A購02,0,0,0,0,0,0,0,0,0,18000,0,0,0,36000,18000,18000,18000
3563,牧德            ,109000,82000,27000,0,0,0,0,0,0,-9000,3000,7000,-4000,0,5000,-5000,18000
07419P,聯發科元大99售46,0,0,0,0,0,0,0,0,0,17000,0,0,0,17000,0,17000,17000
07383P,聯發科群益99售06,0,0,0,0,0,0,0,0,0,17000,0,0,0,17000,0,17000,17000
060081,台灣50元大02購02,0,0,0,0,0,0,0,0,0,17000,0,0,0,17000,0,17000,17000
060617,華新科元大9A購08,0,0,0,0,0,0,0,0,0,17000,0,0,0,24000,7000,17000,17000
060601,技嘉凱基9A購02  ,0,0,0,0,0,0,0,0,0,17000,0,0,0,17000,0,17000,17000
060757,台積電元大9A購18,0,0,0,0,0,0,0,0,0,17000,0,0,0,60000,43000,17000,17000
061191,可成永豐9A購02  ,0,0,0,0,0,0,0,0,0,17000,0,0,0,17000,0,17000,17000
061203,國巨元大9A購15  ,0,0,0,0,0,0,0,0,0,17000,0,0,0,79000,62000,17000,17000
055444,致新台新97購01  ,0,0,0,0,0,0,0,0,0,17000,0,0,0,17000,0,17000,17000
053428,中磊永豐96購02  ,0,0,0,0,0,0,0,0,0,17000,0,0,0,17000,0,17000,17000
00681R,元大美債20反1   ,0,0,0,0,0,0,0,0,0,17000,0,0,0,18000,1000,17000,17000
00668,國泰美國道瓊    ,0,36000,-36000,0,0,0,0,0,0,53000,0,0,0,266000,213000,53000,17000
050163,群創國泰95購01  ,0,0,0,0,0,0,0,0,0,17000,0,0,0,17000,0,17000,17000
051829,玉晶光元大98購02,0,0,0,0,0,0,0,0,0,17000,0,0,0,20000,3000,17000,17000
059666,台表科元大9B購01,0,0,0,0,0,0,0,0,0,17000,0,0,0,47000,30000,17000,17000
059720,台積電元大99購43,0,0,0,0,0,0,0,0,0,17000,0,0,0,168000,151000,17000,17000
059970,台灣50元大9B購07,0,0,0,0,0,0,0,0,0,17000,0,0,0,53000,36000,17000,17000
059586,上銀元大9A購02  ,0,0,0,0,0,0,0,0,0,17000,0,0,0,17000,0,17000,17000
058347,玉晶光群益9B購01,0,0,0,0,0,0,0,0,0,17000,0,0,0,30000,13000,17000,17000
058726,宏達電富邦9A購01,0,0,0,0,0,0,0,0,0,17000,0,0,0,17000,0,17000,17000
058985,可成凱基99購03  ,0,0,0,0,0,0,0,0,0,17000,0,0,0,20000,3000,17000,17000
058800,健策元大99購03  ,0,0,0,0,0,0,0,0,0,17000,0,0,0,85000,68000,17000,17000
056175,可成元富97購03  ,0,0,0,0,0,0,0,0,0,17000,0,0,0,20000,3000,17000,17000
056209,超眾永豐97購02  ,0,0,0,0,0,0,0,0,0,17000,0,0,0,27000,10000,17000,17000
3583,辛耘            ,34000,17000,17000,0,0,0,0,0,0,0,0,0,0,0,0,0,17000
4108,懷特            ,21000,4000,17000,0,0,0,0,0,0,0,0,0,0,0,0,0,17000
4720,德淵            ,33000,16000,17000,0,0,0,0,0,0,0,0,0,0,0,0,0,17000
6452,康友-KY         ,88000,61282,26718,0,0,0,0,0,0,-10000,0,1000,-1000,4000,13000,-9000,16718
060842,新光金國票9B購01,0,0,0,0,0,0,0,0,0,16000,0,0,0,41000,25000,16000,16000
060922,金像電永豐9A購01,0,0,0,0,0,0,0,0,0,16000,0,0,0,20000,4000,16000,16000
06068P,玉晶光康和97售01,0,0,0,0,0,0,0,0,0,16000,0,0,0,60000,44000,16000,16000
07404P,華新科凱基99售10,0,0,0,0,0,0,0,0,0,16000,0,0,0,16000,0,16000,16000
07445P,大立光凱基9A售08,0,0,0,0,0,0,0,0,0,16000,0,0,0,16000,0,16000,16000
07160P,台灣50中信03售04,0,0,0,0,0,0,0,0,0,16000,0,0,0,16000,0,16000,16000
06868P,電子類元大99售01,0,0,0,0,0,0,0,0,0,16000,0,0,0,18000,2000,16000,16000
06902P,聯電凱基98售02  ,0,0,0,0,0,0,0,0,0,16000,0,0,0,19000,3000,16000,16000
07451P,鴻海元大9B售01  ,0,0,0,0,0,0,0,0,0,16000,0,0,0,16000,0,16000,16000
1315,達新            ,64000,47000,17000,0,0,0,0,1000,-1000,0,0,0,0,0,0,0,16000
1339,昭輝            ,24000,8000,16000,0,0,0,0,0,0,0,0,0,0,0,0,0,16000
00771,元大US高息特別股,1000,0,1000,0,0,0,0,0,0,15000,0,0,0,15000,0,15000,16000
00851,台新全球AI      ,0,0,0,0,0,0,0,0,0,16000,0,0,0,41000,25000,16000,16000
053308,智易凱基96購02  ,0,0,0,0,0,0,0,0,0,16000,0,0,0,16000,0,16000,16000
055160,玉晶光元大99購03,0,0,0,0,0,0,0,0,0,16000,0,0,0,16000,0,16000,16000
054917,聯發科凱基98購05,0,0,0,0,0,0,0,0,0,16000,0,0,0,39000,23000,16000,16000
055704,亞德客永豐97購04,0,0,0,0,0,0,0,0,0,16000,0,0,0,17000,1000,16000,16000
055716,致茂元大97購01  ,0,0,0,0,0,0,0,0,0,16000,0,0,0,20000,4000,16000,16000
056203,興富發永豐97購01,0,0,0,0,0,0,0,0,0,16000,0,0,0,16000,0,16000,16000
057566,欣興富邦99購01  ,0,0,0,0,0,0,0,0,0,16000,0,0,0,16000,0,16000,16000
058863,可成凱基99購02  ,0,0,0,0,0,0,0,0,0,16000,0,0,0,17000,1000,16000,16000
057776,京元電群益98購02,0,0,0,0,0,0,0,0,0,16000,0,0,0,37000,21000,16000,16000
057964,緯穎元大99購03  ,0,0,0,0,0,0,0,0,0,16000,0,0,0,41000,25000,16000,16000
057958,禾伸堂元大99購05,0,0,0,0,0,0,0,0,0,16000,0,0,0,341000,325000,16000,16000
059959,訊芯康和99購01  ,0,0,0,0,0,0,0,0,0,16000,0,0,0,16000,0,16000,16000
060033,臻鼎永豐99購01  ,0,0,0,0,0,0,0,0,0,16000,0,0,0,20000,4000,16000,16000
059687,卜蜂永豐99購01  ,0,0,0,0,0,0,0,0,0,16000,0,0,0,16000,0,16000,16000
6216,居易            ,21000,5000,16000,0,0,0,0,0,0,0,0,0,0,0,0,0,16000
07569P,國巨凱基9A售13  ,0,0,0,0,0,0,0,0,0,15000,0,0,0,15000,0,15000,15000
06645P,上銀元大98售05  ,0,0,0,0,0,0,0,0,0,15000,0,0,0,15000,0,15000,15000
06427P,鴻海元大97售13  ,0,0,0,0,0,0,0,0,0,15000,0,0,0,43000,28000,15000,15000
07178P,臺股指凱基99售20,0,0,0,0,0,0,0,0,0,15000,0,0,0,25000,10000,15000,15000
07290P,台灣50凱基9A售08,0,0,0,0,0,0,0,0,0,15000,0,0,0,15000,0,15000,15000
060591,富邦金台新9A購01,0,0,0,0,0,0,0,0,0,15000,0,0,0,15000,0,15000,15000
06004P,奇力新永豐96售02,0,0,0,0,0,0,0,0,0,15000,0,0,0,32000,17000,15000,15000
060929,健策永豐9A購01  ,0,0,0,0,0,0,0,0,0,15000,0,0,0,28000,13000,15000,15000
06102P,智邦凱基97售03  ,0,0,0,0,0,0,0,0,0,15000,0,0,0,15000,0,15000,15000
061207,美律元大9A購04  ,0,0,0,0,0,0,0,0,0,15000,0,0,0,15000,0,15000,15000
061145,臻鼎中信9A購02  ,0,0,0,0,0,0,0,0,0,15000,0,0,0,20000,5000,15000,15000
061156,玉晶光群益9A購07,0,0,0,0,0,0,0,0,0,15000,0,0,0,15000,0,15000,15000
061058,健策國票9A購05  ,0,0,0,0,0,0,0,0,0,15000,0,0,0,35000,20000,15000,15000
055377,揚明光元大98購01,0,0,0,0,0,0,0,0,0,15000,0,0,0,15000,0,15000,15000
055470,南亞科凱基97購01,0,0,0,0,0,0,0,0,0,15000,0,0,0,15000,0,15000,15000
052915,創意元富96購01  ,0,0,0,0,0,0,0,0,0,15000,0,0,0,15000,0,15000,15000
054692,台航永豐97購01  ,0,0,0,0,0,0,0,0,0,15000,0,0,0,15000,0,15000,15000
054319,世紀鋼凱基96購02,0,0,0,0,0,0,0,0,0,15000,0,0,0,15000,0,15000,15000
053080,力山元大96購02  ,0,0,0,0,0,0,0,0,0,15000,0,0,0,15000,0,15000,15000
058016,智邦凱基98購06  ,0,0,0,0,0,0,0,0,0,15000,0,0,0,15000,0,15000,15000
058009,智易國票99購01  ,0,0,0,0,0,0,0,0,0,15000,0,0,0,21000,6000,15000,15000
056076,超眾元大97購05  ,0,0,0,0,0,0,0,0,0,15000,0,0,0,15000,0,15000,15000
049602,南電元大95購01  ,0,0,0,0,0,0,0,0,0,15000,0,0,0,16000,1000,15000,15000
049260,華新科元大96購01,0,0,0,0,0,0,0,0,0,15000,0,0,0,90000,75000,15000,15000
046999,康控富邦99購01  ,0,0,0,0,0,0,0,0,0,15000,0,0,0,15000,0,15000,15000
048533,景碩國票94購01  ,0,0,0,0,0,0,0,0,0,15000,0,0,0,15000,0,15000,15000
050915,健策中信98購01  ,0,0,0,0,0,0,0,0,0,15000,0,0,0,29000,14000,15000,15000
051170,南電元大95購03  ,0,0,0,0,0,0,0,0,0,15000,0,0,0,15000,0,15000,15000
051482,玉晶光凱基96購01,0,0,0,0,0,0,0,0,0,15000,0,0,0,15000,0,15000,15000
054017,茂林永豐96購02  ,0,0,0,0,0,0,0,0,0,15000,0,0,0,16000,1000,15000,15000
054066,緯穎國票97購03  ,0,0,0,0,0,0,0,0,0,15000,0,0,0,15000,0,15000,15000
059750,台灣50群益9A購05,0,0,0,0,0,0,0,0,0,15000,0,0,0,16000,1000,15000,15000
060009,南亞科群益99購03,0,0,0,0,0,0,0,0,0,15000,0,0,0,15000,0,15000,15000
059809,貿聯元富99購01  ,0,0,0,0,0,0,0,0,0,15000,0,0,0,15000,0,15000,15000
059458,鎧勝永豐99購01  ,0,0,0,0,0,0,0,0,0,15000,0,0,0,15000,0,15000,15000
059441,祥碩元大99購02  ,0,0,0,0,0,0,0,0,0,15000,0,0,0,32000,17000,15000,15000
057212,台積電群益98購03,0,0,0,0,0,0,0,0,0,15000,0,0,0,15000,0,15000,15000
057202,TPK元富98購02   ,0,0,0,0,0,0,0,0,0,15000,0,0,0,15000,0,15000,15000
059138,台積電兆豐99購04,0,0,0,0,0,0,0,0,0,15000,0,0,0,25000,10000,15000,15000
056839,台光電元富98購02,0,0,0,0,0,0,0,0,0,15000,0,0,0,15000,0,15000,15000
058333,鴻海元富99購04  ,0,0,0,0,0,0,0,0,0,15000,0,0,0,30000,15000,15000,15000
057943,可成國票99購03  ,0,0,0,0,0,0,0,0,0,15000,0,0,0,15000,0,15000,15000
058691,友訊國票9A購01  ,0,0,0,0,0,0,0,0,0,15000,0,0,0,53000,38000,15000,15000
058578,聯發科群益99購03,0,0,0,0,0,0,0,0,0,15000,0,0,0,15000,0,15000,15000
056668,光磊國票99購01  ,0,0,0,0,0,0,0,0,0,15000,0,0,0,147000,132000,15000,15000
058498,世紀鋼群益99購01,0,0,0,0,0,0,0,0,0,15000,0,0,0,18000,3000,15000,15000
05848P,臺股指元大96售24,0,0,0,0,0,0,0,0,0,15000,0,0,0,15000,0,15000,15000
058478,聯發科凱基9A購01,0,0,0,0,0,0,0,0,0,15000,0,0,0,15000,0,15000,15000
056401,國巨群益98購07  ,0,0,0,0,0,0,0,0,0,15000,0,0,0,15000,0,15000,15000
057574,中磊永豐98購01  ,0,0,0,0,0,0,0,0,0,15000,0,0,0,15000,0,15000,15000
057596,聯茂兆豐99購01  ,0,0,0,0,0,0,0,0,0,15000,0,0,0,15000,0,15000,15000
8033,雷虎            ,17000,2000,15000,0,0,0,0,0,0,0,0,0,0,0,0,0,15000
2731,雄獅            ,17000,2000,15000,0,0,0,0,0,0,0,0,0,0,0,0,0,15000
2491,吉祥全          ,15000,0,15000,0,0,0,0,0,0,0,0,0,0,0,0,0,15000
061340,義隆元大9A購01  ,0,0,0,0,0,0,0,0,0,14000,0,0,0,21000,7000,14000,14000
060297,和碩元大9A購02  ,0,0,0,0,0,0,0,0,0,14000,0,0,0,134000,120000,14000,14000
060599,國巨凱基9C購01  ,0,0,0,0,0,0,0,0,0,14000,0,0,0,813000,799000,14000,14000
060485,華新科富邦9C購04,0,0,0,0,0,0,0,0,0,14000,0,0,0,180000,166000,14000,14000
07410P,鴻海元大99售44  ,0,0,0,0,0,0,0,0,0,14000,0,0,0,101000,87000,14000,14000
07366P,國巨康和99售02  ,0,0,0,0,0,0,0,0,0,14000,0,0,0,1705000,1691000,14000,14000
07135P,臺股指元大9A售29,0,0,0,0,0,0,0,0,0,14000,0,0,0,15000,1000,14000,14000
06457P,玉晶光統一98售02,0,0,0,0,0,0,0,0,0,14000,0,0,0,26000,12000,14000,14000
06593P,欣興元大98售05  ,0,0,0,0,0,0,0,0,0,14000,0,0,0,16000,2000,14000,14000
06240P,奇力新元富97售03,0,0,0,0,0,0,0,0,0,14000,0,0,0,74000,60000,14000,14000
06271P,彩晶凱基97售01  ,0,0,0,0,0,0,0,0,0,14000,0,0,0,17000,3000,14000,14000
07495P,鴻海元大9A售04  ,0,0,0,0,0,0,0,0,0,14000,0,0,0,14000,0,14000,14000
1810,和成            ,15000,1000,14000,0,0,0,0,0,0,0,0,0,0,0,0,0,14000
054079,鴻海中信98購02  ,0,0,0,0,0,0,0,0,0,14000,0,0,0,14000,0,14000,14000
05388P,南亞科元大95售04,0,0,0,0,0,0,0,0,0,14000,0,0,0,20000,6000,14000,14000
052707,景碩台新96購01  ,0,0,0,0,0,0,0,0,0,14000,0,0,0,14000,0,14000,14000
051026,健策統一96購01  ,0,0,0,0,0,0,0,0,0,14000,0,0,0,14000,0,14000,14000
051233,力成群益97購01  ,0,0,0,0,0,0,0,0,0,14000,0,0,0,14000,0,14000,14000
051381,玉晶光群益98購01,0,0,0,0,0,0,0,0,0,14000,0,0,0,22000,8000,14000,14000
00650L,FH香港正2       ,0,21000,-21000,0,0,0,0,0,0,35000,0,0,0,196000,161000,35000,14000
056107,智易永豐97購02  ,0,0,0,0,0,0,0,0,0,14000,0,0,0,53000,39000,14000,14000
057479,致茂元大98購03  ,0,0,0,0,0,0,0,0,0,14000,0,0,0,14000,0,14000,14000
053519,力成群益96購02  ,0,0,0,0,0,0,0,0,0,14000,0,0,0,112000,98000,14000,14000
052926,旺宏元大98購02  ,0,0,0,0,0,0,0,0,0,14000,0,0,0,30000,16000,14000,14000
055368,台積電元大97購24,0,0,0,0,0,0,0,0,0,14000,0,0,0,14000,0,14000,14000
055647,義隆元富97購01  ,0,0,0,0,0,0,0,0,0,14000,0,0,0,58000,44000,14000,14000
057558,致新凱基98購01  ,0,0,0,0,0,0,0,0,0,14000,0,0,0,14000,0,14000,14000
058091,欣興元大99購03  ,0,0,0,0,0,0,0,0,0,14000,0,0,0,14000,0,14000,14000
056383,上銀國泰99購01  ,0,0,0,0,0,0,0,0,0,14000,0,0,0,14000,0,14000,14000
056477,欣興元大98購02  ,0,0,0,0,0,0,0,0,0,14000,0,0,0,14000,0,14000,14000
058509,聯發科元大99購12,0,0,0,0,0,0,0,0,0,14000,0,0,0,14000,0,14000,14000
058606,聯發科元大99購13,0,0,0,0,0,0,0,0,0,14000,0,0,0,34000,20000,14000,14000
057076,緯穎永豐98購01  ,0,0,0,0,0,0,0,0,0,14000,0,0,0,23000,9000,14000,14000
059530,華新科凱基9A購05,0,0,0,0,0,0,0,0,0,14000,0,0,0,38000,24000,14000,14000
059891,臺股指國票99購25,0,0,0,0,0,0,0,0,0,14000,0,0,0,14000,0,14000,14000
2488,漢平            ,26000,12000,14000,0,0,0,0,0,0,0,0,0,0,0,0,0,14000
8463,潤泰材          ,22000,8000,14000,0,0,0,0,0,0,0,0,0,0,0,0,0,14000
6165,捷泰            ,19000,5000,14000,0,0,0,0,0,0,0,0,0,0,0,0,0,14000
1615,大山            ,12000,0,12000,0,0,0,0,0,0,1000,0,1000,-1000,2000,0,2000,13000
2114,鑫永銓          ,20000,7000,13000,0,0,0,0,0,0,0,0,0,0,0,0,0,13000
2457,飛宏            ,85000,72000,13000,0,0,0,0,0,0,0,0,0,0,0,0,0,13000
1446,宏和            ,13000,0,13000,0,0,0,0,0,0,0,0,0,0,0,0,0,13000
07719P,臺股指群益9A售08,0,0,0,0,0,0,0,0,0,13000,0,0,0,150000,137000,13000,13000
06718P,聯詠元大98售01  ,0,0,0,0,0,0,0,0,0,13000,0,0,0,46000,33000,13000,13000
07174P,臺股指國票99售11,0,0,0,0,0,0,0,0,0,13000,0,0,0,165000,152000,13000,13000
07055P,景碩群益9A售02  ,0,0,0,0,0,0,0,0,0,13000,0,0,0,13000,0,13000,13000
07374P,鴻海元大99售41  ,0,0,0,0,0,0,0,0,0,13000,0,0,0,16000,3000,13000,13000
060581,玉晶光群益9B購02,0,0,0,0,0,0,0,0,0,13000,0,0,0,31000,18000,13000,13000
060570,南亞科永豐9A購01,0,0,0,0,0,0,0,0,0,13000,0,0,0,20000,7000,13000,13000
060103,聯詠元大99購01  ,0,0,0,0,0,0,0,0,0,13000,0,0,0,39000,26000,13000,13000
05485P,旺宏凱基95售08  ,0,0,0,0,0,0,0,0,0,13000,0,0,0,23000,10000,13000,13000
05454P,奇鋐群益95售04  ,0,0,0,0,0,0,0,0,0,13000,0,0,0,25000,12000,13000,13000
0051,元大中型100     ,0,0,0,0,0,0,0,0,0,13000,0,0,0,13000,0,13000,13000
049947,S&P反1中信97購01,0,0,0,0,0,0,0,0,0,13000,0,0,0,13000,0,13000,13000
051405,世芯永豐95購01  ,0,0,0,0,0,0,0,0,0,13000,0,0,0,13000,0,13000,13000
050931,上証2X國票95購03,0,0,0,0,0,0,0,0,0,13000,0,0,0,13000,0,13000,13000
04452P,超眾國泰95售01  ,0,0,0,0,0,0,0,0,0,13000,0,0,0,13000,0,13000,13000
053887,聯茂兆豐97購02  ,0,0,0,0,0,0,0,0,0,13000,0,0,0,23000,10000,13000,13000
051697,康友中信95購02  ,0,0,0,0,0,0,0,0,0,13000,0,0,0,13000,0,13000,13000
051650,矽力永豐95購01  ,0,0,0,0,0,0,0,0,0,13000,0,0,0,44000,31000,13000,13000
052085,聯電元大95購01  ,0,0,0,0,0,0,0,0,0,13000,0,0,0,33000,20000,13000,13000
052028,健策群益95購02  ,0,0,0,0,0,0,0,0,0,13000,0,0,0,13000,0,13000,13000
059745,欣興元富99購04  ,0,0,0,0,0,0,0,0,0,13000,0,0,0,13000,0,13000,13000
059704,聯發科凱基9A購08,0,0,0,0,0,0,0,0,0,13000,0,0,0,22000,9000,13000,13000
059947,貿聯永豐99購03  ,0,0,0,0,0,0,0,0,0,13000,0,0,0,26000,13000,13000,13000
059944,欣興永豐99購03  ,0,0,0,0,0,0,0,0,0,13000,0,0,0,18000,5000,13000,13000
059830,台郡凱基99購05  ,0,0,0,0,0,0,0,0,0,13000,0,0,0,63000,50000,13000,13000
059831,聯詠康和99購01  ,0,0,0,0,0,0,0,0,0,13000,0,0,0,81000,68000,13000,13000
059379,聯電亞東99購02  ,0,0,0,0,0,0,0,0,0,13000,0,0,0,23000,10000,13000,13000
057323,智邦群益98購01  ,0,0,0,0,0,0,0,0,0,13000,0,0,0,44000,31000,13000,13000
059197,可成永豐99購02  ,0,0,0,0,0,0,0,0,0,13000,0,0,0,13000,0,13000,13000
059061,晶技凱基9A購01  ,0,0,0,0,0,0,0,0,0,13000,0,0,0,63000,50000,13000,13000
057949,南電國票99購01  ,0,0,0,0,0,0,0,0,0,13000,0,0,0,36000,23000,13000,13000
058272,超眾永豐9A購01  ,0,0,0,0,0,0,0,0,0,13000,0,0,0,13000,0,13000,13000
058244,神達元大99購02  ,0,50000,-50000,0,0,0,0,0,0,63000,0,0,0,161000,98000,63000,13000
056420,台表科元富98購01,0,0,0,0,0,0,0,0,0,13000,0,0,0,13000,0,13000,13000
058190,貿聯永豐99購01  ,0,0,0,0,0,0,0,0,0,13000,0,0,0,23000,10000,13000,13000
058172,國巨凱基9B購02  ,0,0,0,0,0,0,0,0,0,13000,0,0,0,13000,0,13000,13000
6655,科定            ,16000,3000,13000,0,0,0,0,0,0,0,0,0,0,0,0,0,13000
2904,匯僑            ,15000,2000,13000,0,0,0,0,0,0,0,0,0,0,0,0,0,13000
3018,同開            ,21000,8000,13000,0,0,0,0,0,0,0,0,0,0,0,0,0,13000
3050,鈺德            ,28000,15000,13000,0,0,0,0,0,0,0,0,0,0,0,0,0,13000
3149,正達            ,24000,11000,13000,0,0,0,0,0,0,0,0,0,0,0,0,0,13000
060169,群電永豐9A購01  ,0,0,0,0,0,0,0,0,0,12000,0,0,0,12000,0,12000,12000
060376,瑞祺元富9A購01  ,0,0,0,0,0,0,0,0,0,12000,0,0,0,170000,158000,12000,12000
060685,康友元大9A購01  ,0,0,0,0,0,0,0,0,0,12000,0,0,0,44000,32000,12000,12000
061210,玉山金元大9A購02,0,0,0,0,0,0,0,0,0,12000,0,0,0,25000,13000,12000,12000
06109P,華新科群益97售05,0,0,0,0,0,0,0,0,0,12000,0,0,0,12000,0,12000,12000
060861,漢唐永豐9A購01  ,0,0,0,0,0,0,0,0,0,12000,0,0,0,49000,37000,12000,12000
060753,上銀元大9A購05  ,0,0,0,0,0,0,0,0,0,12000,0,0,0,87000,75000,12000,12000
07450P,鴻海元大9A售03  ,0,0,0,0,0,0,0,0,0,12000,0,0,0,12000,0,12000,12000
06935P,神達元大98售02  ,0,0,0,0,0,0,0,0,0,12000,0,0,0,20000,8000,12000,12000
07227P,聯發科元富99售05,0,0,0,0,0,0,0,0,0,12000,0,0,0,23000,11000,12000,12000
06296P,燿華元大98售01  ,0,0,0,0,0,0,0,0,0,12000,0,0,0,22000,10000,12000,12000
06566P,華通永豐98售03  ,0,0,0,0,0,0,0,0,0,12000,0,0,0,12000,0,12000,12000
1414,東和            ,12000,0,12000,0,0,0,0,0,0,0,0,0,0,0,0,0,12000
07494P,葡萄王元大9A售03,0,0,0,0,0,0,0,0,0,12000,0,0,0,12000,0,12000,12000
07472P,和碩元大9A售03  ,0,0,0,0,0,0,0,0,0,12000,0,0,0,21000,9000,12000,12000
2233,宇隆            ,28000,16000,12000,0,0,0,0,0,0,0,0,0,0,0,0,0,12000
1526,日馳            ,22000,10000,12000,0,0,0,0,0,0,0,0,0,0,0,0,0,12000
051979,群創凱基97購01  ,0,0,0,0,0,0,0,0,0,12000,0,0,0,17000,5000,12000,12000
051950,旺宏元富95購02  ,0,0,0,0,0,0,0,0,0,12000,0,0,0,12000,0,12000,12000
05153P,台表科群益96售01,0,0,0,0,0,0,0,0,0,12000,0,0,0,12000,0,12000,12000
052238,智易國票96購01  ,0,0,0,0,0,0,0,0,0,12000,0,0,0,12000,0,12000,12000
053849,聯發科元富96購04,0,0,0,0,0,0,0,0,0,12000,0,0,0,20000,8000,12000,12000
03603P,群創凱基98售04  ,0,0,0,0,0,0,0,0,0,12000,0,0,0,23000,11000,12000,12000
050911,光磊中信98購01  ,0,0,0,0,0,0,0,0,0,12000,0,0,0,12000,0,12000,12000
050615,奇力新元大95購03,0,0,0,0,0,0,0,0,0,12000,0,0,0,12000,0,12000,12000
049156,緯穎元大96購01  ,0,0,0,0,0,0,0,0,0,12000,0,0,0,12000,0,12000,12000
053464,喬山元大96購01  ,0,0,0,0,0,0,0,0,0,12000,0,0,0,12000,0,12000,12000
053184,世紀鋼元富96購01,0,0,0,0,0,0,0,0,0,12000,0,0,0,31000,19000,12000,12000
055935,創意群益97購02  ,0,0,0,0,0,0,0,0,0,12000,0,0,0,15000,3000,12000,12000
058197,國巨中信99購02  ,0,0,0,0,0,0,0,0,0,12000,0,0,0,12000,0,12000,12000
058233,聯發科元大99購06,0,0,0,0,0,0,0,0,0,12000,0,0,0,60000,48000,12000,12000
05757P,旺宏永豐96售03  ,0,0,0,0,0,0,0,0,0,12000,0,0,0,12000,0,12000,12000
057954,宏碁元大99購01  ,0,0,0,0,0,0,0,0,0,12000,0,0,0,12000,0,12000,12000
057935,晶技群益98購02  ,0,0,0,0,0,0,0,0,0,12000,0,0,0,16000,4000,12000,12000
056762,亞德客元大98購01,0,0,0,0,0,0,0,0,0,12000,0,0,0,31000,19000,12000,12000
056741,大立光凱基98購14,0,0,0,0,0,0,0,0,0,12000,0,0,0,12000,0,12000,12000
058876,南電國票9A購02  ,0,0,0,0,0,0,0,0,0,12000,0,0,0,17000,5000,12000,12000
059174,訊芯凱基99購01  ,0,0,0,0,0,0,0,0,0,12000,0,0,0,125000,113000,12000,12000
057365,智邦元大98購07  ,0,0,0,0,0,0,0,0,0,12000,0,0,0,37000,25000,12000,12000
057375,欣興元大98購09  ,0,0,0,0,0,0,0,0,0,12000,0,0,0,12000,0,12000,12000
059861,聯發科群益9A購01,0,0,0,0,0,0,0,0,0,12000,0,0,0,17000,5000,12000,12000
059516,TPK永豐99購01   ,0,0,0,0,0,0,0,0,0,12000,0,0,0,12000,0,12000,12000
059930,健策富邦9B購01  ,0,0,0,0,0,0,0,0,0,12000,0,0,0,14000,2000,12000,12000
059789,貿聯元大9A購02  ,0,0,0,0,0,0,0,0,0,12000,0,0,0,12000,0,12000,12000
3209,全科            ,25000,13000,12000,0,0,0,0,0,0,0,0,0,0,0,0,0,12000
2371,大同            ,1758373,1706000,52373,0,0,0,0,0,0,-41000,0,41000,-41000,0,0,0,11373
1473,台南            ,33000,22000,11000,0,0,0,0,0,0,0,0,0,0,0,0,0,11000
06748P,智邦台新98售02  ,0,0,0,0,0,0,0,0,0,11000,0,0,0,25000,14000,11000,11000
06652P,長榮航元大98售01,0,0,0,0,0,0,0,0,0,11000,0,0,0,11000,0,11000,11000
06885P,國巨國票99售06  ,0,0,0,0,0,0,0,0,0,11000,0,0,0,154000,143000,11000,11000
06848P,聯詠元大98售04  ,0,0,0,0,0,0,0,0,0,11000,0,0,0,37000,26000,11000,11000
07212P,聯發科凱基99售14,0,0,0,0,0,0,0,0,0,11000,0,0,0,11000,0,11000,11000
07400P,國巨凱基99售20  ,0,0,0,0,0,0,0,0,0,11000,0,0,0,74000,63000,11000,11000
07357P,鴻海元大99售38  ,0,0,0,0,0,0,0,0,0,11000,0,0,0,11000,0,11000,11000
07328P,FBVIX國泰9B售01 ,0,0,0,0,0,0,0,0,0,11000,0,0,0,11000,0,11000,11000
061010,上銀麥證9A購02  ,0,0,0,24000,13000,11000,0,0,0,11000,0,0,0,24000,13000,11000,11000
061382,台灣50群益9C購02,0,0,0,0,0,0,0,0,0,11000,0,0,0,11000,0,11000,11000
060612,世紀鋼凱基9A購01,0,0,0,0,0,0,0,0,0,11000,0,0,0,15000,4000,11000,11000
06036P,台表科凱基96售04,0,0,0,0,0,0,0,0,0,11000,0,0,0,11000,0,11000,11000
060099,宏達電元大99購09,0,0,0,0,0,0,0,0,0,11000,0,0,0,85000,74000,11000,11000
053022,欣興國泰98購01  ,0,0,0,0,0,0,0,0,0,11000,0,0,0,27000,16000,11000,11000
053403,彩晶群益98購01  ,0,0,0,0,0,0,0,0,0,11000,0,0,0,11000,0,11000,11000
054294,世芯元大96購02  ,0,0,0,0,0,0,0,0,0,11000,0,0,0,11000,0,11000,11000
054649,聯茂群益97購01  ,0,0,0,0,0,0,0,0,0,11000,0,0,0,21000,10000,11000,11000
055448,健策統一97購02  ,0,0,0,0,0,0,0,0,0,11000,0,0,0,11000,0,11000,11000
049254,台積電元大96購02,0,0,0,0,0,0,0,0,0,11000,0,0,0,41000,30000,11000,11000
049436,義隆國泰96購02  ,0,0,0,0,0,0,0,0,0,11000,0,0,0,16000,5000,11000,11000
054040,中石化元大9C購01,0,0,0,0,0,0,0,0,0,11000,0,0,0,12000,1000,11000,11000
052782,超眾國票96購02  ,0,0,0,0,0,0,0,0,0,11000,0,0,0,31000,20000,11000,11000
051630,力山國票96購01  ,0,0,0,0,0,0,0,0,0,11000,0,0,0,18000,7000,11000,11000
059881,臺股指凱基99購46,0,0,0,0,0,0,0,0,0,11000,0,0,0,11000,0,11000,11000
059739,華通元富99購04  ,0,0,0,0,0,0,0,0,0,11000,0,0,0,51000,40000,11000,11000
059925,可成國泰9B購01  ,0,0,0,0,0,0,0,0,0,11000,0,0,0,20000,9000,11000,11000
060017,全新康和99購01  ,0,0,0,0,0,0,0,0,0,11000,0,0,0,11000,0,11000,11000
059596,大立光元大99購20,0,0,0,0,0,0,0,0,0,11000,0,0,0,11000,0,11000,11000
057320,玉晶光凱基98購01,0,0,0,0,0,0,0,0,0,11000,0,0,0,15000,4000,11000,11000
057103,禾伸堂中信9A購01,0,0,0,0,0,0,0,0,0,11000,0,0,0,238000,227000,11000,11000
057095,祥碩元富98購02  ,0,0,0,0,0,0,0,0,0,11000,0,0,0,15000,4000,11000,11000
059265,美律中信01購01  ,0,0,0,0,0,0,0,0,0,11000,0,0,0,21000,10000,11000,11000
059119,華擎永豐99購02  ,0,0,0,0,0,0,0,0,0,11000,0,0,0,12000,1000,11000,11000
058874,聯鈞國票9A購01  ,0,0,0,0,0,0,0,0,0,11000,0,0,0,60000,49000,11000,11000
058556,百和永豐99購01  ,0,0,0,0,0,0,0,0,0,11000,0,0,0,44000,33000,11000,11000
058608,華新科元大99購13,0,0,0,0,0,0,0,0,0,11000,0,0,0,11000,0,11000,11000
056536,義隆凱基98購04  ,0,0,0,0,0,0,0,0,0,11000,0,0,0,33000,22000,11000,11000
2608,嘉里大榮        ,63000,51000,12000,0,0,0,0,0,0,-1000,0,1000,-1000,0,0,0,11000
060050,鴻海凱基9B購01  ,0,0,0,0,0,0,0,0,0,10000,0,0,0,10000,0,10000,10000
060054,華新科凱基9B購04,0,0,0,0,0,0,0,0,0,10000,0,0,0,20000,10000,10000,10000
06017P,亞光凱基96售04  ,0,0,0,0,0,0,0,0,0,10000,0,0,0,10000,0,10000,10000
060148,臺股指國票9A購08,0,0,0,0,0,0,0,0,0,10000,0,0,0,10000,0,10000,10000
060358,國巨元富9A購01  ,0,0,0,0,0,0,0,0,0,10000,0,0,0,10000,0,10000,10000
060359,國巨元富9A購02  ,0,0,0,0,0,0,0,0,0,10000,0,0,0,10000,0,10000,10000
060312,潤泰全永豐9A購01,0,0,0,0,0,0,0,0,0,10000,0,0,0,10000,0,10000,10000
060261,臺股指凱基9A購04,0,0,0,0,0,0,0,0,0,10000,0,0,0,10000,0,10000,10000
060622,玉晶光元大9B購02,0,0,0,0,0,0,0,0,0,10000,0,0,0,10000,0,10000,10000
060569,台積電永豐9A購01,0,0,0,0,0,0,0,0,0,10000,0,0,0,10000,0,10000,10000
060584,玉晶光元富9A購01,0,0,0,0,0,0,0,0,0,10000,0,0,0,14000,4000,10000,10000
060638,玉晶光永豐9A購04,0,0,0,0,0,0,0,0,0,10000,0,0,0,10000,0,10000,10000
060532,欣興中信9A購01  ,0,0,0,0,0,0,0,0,0,10000,0,0,0,10000,0,10000,10000
060388,世紀鋼凱基9B購01,0,0,0,0,0,0,0,0,0,10000,0,0,0,10000,0,10000,10000
06124P,超眾元大97售03  ,0,0,0,0,0,0,0,0,0,10000,0,0,0,10000,0,10000,10000
06130P,玉晶光元富97售07,0,0,0,0,0,0,0,0,0,10000,0,0,0,10000,0,10000,10000
061089,台積電統一9C購04,0,0,0,0,0,0,0,0,0,10000,0,0,0,24000,14000,10000,10000
061119,國巨永豐9A購03  ,0,0,0,0,0,0,0,0,0,10000,0,0,0,10000,0,10000,10000
060795,世芯永豐9A購02  ,0,0,0,0,0,0,0,0,0,10000,0,0,0,10000,0,10000,10000
060769,國巨麥證9A購02  ,0,0,0,10000,0,10000,0,0,0,10000,0,0,0,10000,0,10000,10000
060831,T50反1國票9B購03,0,0,0,0,0,0,0,0,0,10000,0,0,0,20000,10000,10000,10000
07165P,臺股指群益99售16,0,0,0,0,0,0,0,0,0,10000,0,0,0,10000,0,10000,10000
07122P,欣興凱基99售05  ,0,0,0,0,0,0,0,0,0,10000,0,0,0,10000,0,10000,10000
06980P,緯穎永豐99售02  ,0,0,0,0,0,0,0,0,0,10000,0,0,0,53000,43000,10000,10000
07024P,臺股指永豐99售02,0,0,0,0,0,0,0,0,0,10000,0,0,0,10000,0,10000,10000
06810P,國巨統一99售03  ,0,0,0,0,0,0,0,0,0,10000,0,0,0,10000,0,10000,10000
06877P,台積電兆豐98售04,0,0,0,0,0,0,0,0,0,10000,0,0,0,10000,0,10000,10000
06922P,元上證群益9C售01,0,0,0,0,0,0,0,0,0,10000,0,0,0,10000,0,10000,10000
06598P,奇力新永豐98售02,0,0,0,0,0,0,0,0,0,10000,0,0,0,10000,0,10000,10000
06545P,致茂元大98售01  ,0,0,0,0,0,0,0,0,0,10000,0,0,0,57000,47000,10000,10000
06425P,TPK永豐97售02   ,0,0,0,0,0,0,0,0,0,10000,0,0,0,10000,0,10000,10000
06385P,聯發科永豐97售02,0,0,0,0,0,0,0,0,0,10000,0,0,0,10000,0,10000,10000
06223P,漢唐元富97售02  ,0,0,0,0,0,0,0,0,0,10000,0,0,0,10000,0,10000,10000
06270P,致伸凱基97售03  ,0,0,0,0,0,0,0,0,0,10000,0,0,0,10000,0,10000,10000
06167P,欣興國票97售05  ,0,0,0,0,0,0,0,0,0,10000,0,0,0,12000,2000,10000,10000
07466P,亞德客元大9A售02,0,0,0,0,0,0,0,0,0,10000,0,0,0,120000,110000,10000,10000
07542P,台積電凱基9A售16,0,0,0,0,0,0,0,0,0,10000,0,0,0,10000,0,10000,10000
07750P,台表科凱基9A售04,0,0,0,0,0,0,0,0,0,10000,0,0,0,10000,0,10000,10000
08525P,台灣50凱基96售02,0,0,0,0,0,0,0,0,0,10000,0,0,0,10000,0,10000,10000
07687P,上銀元大9A售06  ,0,0,0,0,0,0,0,0,0,10000,0,0,0,25000,15000,10000,10000
07677P,祥碩永豐9A售01  ,0,0,0,0,0,0,0,0,0,10000,0,0,0,10000,0,10000,10000
051636,嘉晶國票95購02  ,0,0,0,0,0,0,0,0,0,10000,0,0,0,10000,0,10000,10000
051666,旺宏元大96購05  ,0,0,0,0,0,0,0,0,0,10000,0,0,0,10000,0,10000,10000
051744,嘉聯益國票97購01,0,0,0,0,0,0,0,0,0,10000,0,0,0,10000,0,10000,10000
05160P,國巨國票96售03  ,0,0,0,0,0,0,0,0,0,10000,0,0,0,86000,76000,10000,10000
051416,創意國票96購02  ,0,0,0,0,0,0,0,0,0,10000,0,0,0,10000,0,10000,10000
052026,漢唐群益95購01  ,0,0,0,0,0,0,0,0,0,10000,0,0,0,10000,0,10000,10000
051808,美律凱基96購02  ,0,0,0,0,0,0,0,0,0,10000,0,0,0,10000,0,10000,10000
05222P,致伸凱基95售02  ,0,0,0,0,0,0,0,0,0,10000,0,0,0,10000,0,10000,10000
052323,矽力元大95購04  ,0,0,0,0,0,0,0,0,0,10000,0,0,0,10000,0,10000,10000
052220,T50反1凱基98購01,0,0,0,0,0,0,0,0,0,10000,0,0,0,10000,0,10000,10000
052212,可成元大95購11  ,0,0,0,0,0,0,0,0,0,10000,0,0,0,10000,0,10000,10000
052597,茂林群益96購01  ,0,0,0,0,0,0,0,0,0,10000,0,0,0,10000,0,10000,10000
052577,台積電統一96購01,0,0,0,0,0,0,0,0,0,10000,0,0,0,10000,0,10000,10000
052581,訊芯元富98購01  ,0,0,0,0,0,0,0,0,0,10000,0,0,0,10000,0,10000,10000
052537,力成富邦95購01  ,0,0,0,0,0,0,0,0,0,10000,0,0,0,10000,0,10000,10000
052454,力成元大95購02  ,0,0,0,0,0,0,0,0,0,10000,0,0,0,10000,0,10000,10000
052387,台積電群益95購08,0,0,0,0,0,0,0,0,0,10000,0,0,0,210000,200000,10000,10000
05273P,國巨群益95售02  ,0,0,0,0,0,0,0,0,0,10000,0,0,0,10000,0,10000,10000
052663,奇鋐國票97購01  ,0,0,0,0,0,0,0,0,0,10000,0,0,0,10000,0,10000,10000
052686,華新科元大96購03,0,0,0,0,0,0,0,0,0,10000,0,0,0,40000,30000,10000,10000
053667,鴻海統一96購12  ,0,0,0,0,0,0,0,0,0,10000,0,0,0,10000,0,10000,10000
054018,華新台新96購01  ,0,0,0,0,0,0,0,0,0,10000,0,0,0,10000,0,10000,10000
05379P,可成凱基95售11  ,0,0,0,0,0,0,0,0,0,10000,0,0,0,10000,0,10000,10000
048588,世紀鋼中信94購01,0,0,0,0,0,0,0,0,0,10000,0,0,0,10000,0,10000,10000
05016P,臺股指元大95售07,0,0,0,0,0,0,0,0,0,10000,0,0,0,30000,20000,10000,10000
048186,元黃金元大96購01,0,0,0,0,0,0,0,0,0,10000,0,0,0,10000,0,10000,10000
047969,台達電富邦97購01,0,0,0,0,0,0,0,0,0,10000,0,0,0,10000,0,10000,10000
03436B,臺股指元富99熊13,0,0,0,0,0,0,0,0,0,10000,0,0,0,10000,0,10000,10000
04250P,嘉晶統一95售02  ,0,0,0,0,0,0,0,0,0,10000,0,0,0,10000,0,10000,10000
050719,世紀鋼群益96購01,0,0,0,0,0,0,0,0,0,10000,0,0,0,10000,0,10000,10000
050765,鴻海元大96購02  ,0,0,0,0,0,0,0,0,0,10000,0,0,0,10000,0,10000,10000
050942,S&P正2群益95購01,0,0,0,0,0,0,0,0,0,10000,0,0,0,10000,0,10000,10000
050952,健策群益96購01  ,0,0,0,0,0,0,0,0,0,10000,0,0,0,10000,0,10000,10000
051039,台表科康和95購01,0,0,0,0,0,0,0,0,0,10000,0,0,0,10000,0,10000,10000
05116P,台積電群益95售03,0,0,0,0,0,0,0,0,0,10000,0,0,0,10000,0,10000,10000
049464,燿華台新95購01  ,0,0,0,0,0,0,0,0,0,10000,0,0,0,10000,0,10000,10000
04956P,臺股指日盛94售02,0,0,0,0,0,0,0,0,0,10000,0,0,0,10000,0,10000,10000
049842,道瓊反中信98購01,0,0,0,0,0,0,0,0,0,10000,0,0,0,10000,0,10000,10000
047047,旺宏國票95購01  ,0,0,0,0,0,0,0,0,0,10000,0,0,0,10000,0,10000,10000
00703,台新MSCI中國    ,0,0,0,0,0,0,0,0,0,10000,0,0,0,71000,61000,10000,10000
05539P,鎧勝永豐96售01  ,0,0,0,0,0,0,0,0,0,10000,0,0,0,10000,0,10000,10000
055649,華新科元富97購03,0,0,0,0,0,0,0,0,0,10000,0,0,0,10000,0,10000,10000
055637,亞德客元富97購01,0,0,0,0,0,0,0,0,0,10000,0,0,0,10000,0,10000,10000
055641,鴻海元富97購04  ,0,0,0,0,0,0,0,0,0,10000,0,0,0,10000,0,10000,10000
055662,上銀中信99購01  ,0,0,0,0,0,0,0,0,0,10000,0,0,0,10000,0,10000,10000
055650,華新科元富98購01,0,0,0,0,0,0,0,0,0,10000,0,0,0,10000,0,10000,10000
055705,微星永豐97購01  ,0,0,0,0,0,0,0,0,0,10000,0,0,0,10000,0,10000,10000
055688,力成凱基98購02  ,0,0,0,0,0,0,0,0,0,10000,0,0,0,10000,0,10000,10000
055758,旺宏群益97購01  ,0,0,0,0,0,0,0,0,0,10000,0,0,0,40000,30000,10000,10000
055780,禾伸堂凱基99購01,0,0,0,0,0,0,0,0,0,10000,0,0,0,10000,0,10000,10000
055255,欣興統一97購02  ,0,0,0,0,0,0,0,0,0,10000,0,0,0,10000,0,10000,10000
054594,國巨麥證97購01  ,0,0,0,10000,0,10000,0,0,0,10000,0,0,0,10000,0,10000,10000
054578,世芯元大99購01  ,0,0,0,0,0,0,0,0,0,10000,0,0,0,10000,0,10000,10000
054689,華新科永豐97購01,0,0,0,0,0,0,0,0,0,10000,0,0,0,10000,0,10000,10000
052885,高鐵兆豐98購01  ,0,0,0,0,0,0,0,0,0,10000,0,0,0,30000,20000,10000,10000
054308,嘉晶凱基98購01  ,0,0,0,0,0,0,0,0,0,10000,0,0,0,10000,0,10000,10000
054352,世芯國泰98購01  ,0,0,0,0,0,0,0,0,0,10000,0,0,0,85000,75000,10000,10000
054470,緯穎國票97購04  ,0,0,0,0,0,0,0,0,0,10000,0,0,0,10000,0,10000,10000
053331,玉晶光永豐97購02,0,0,0,0,0,0,0,0,0,10000,0,0,0,12000,2000,10000,10000
053447,京鼎凱基96購03  ,0,0,0,0,0,0,0,0,0,10000,0,0,0,10000,0,10000,10000
053451,致新凱基96購02  ,0,0,0,0,0,0,0,0,0,10000,0,0,0,10000,0,10000,10000
053483,嘉澤第一96購01  ,0,0,0,0,0,0,0,0,0,10000,0,0,0,10000,0,10000,10000
053050,華通國票97購02  ,0,0,0,0,0,0,0,0,0,10000,0,0,0,10000,0,10000,10000
055068,亞翔永豐97購01  ,0,0,0,0,0,0,0,0,0,10000,0,0,0,10000,0,10000,10000
053101,創意元富96購03  ,0,0,0,0,0,0,0,0,0,10000,0,0,0,10000,0,10000,10000
05316P,台積電永昌96售06,0,0,0,0,0,0,0,0,0,10000,0,0,0,20000,10000,10000,10000
055863,緯穎元大97購05  ,0,0,0,0,0,0,0,0,0,10000,0,0,0,10000,0,10000,10000
055900,瀚宇博中信97購01,0,0,0,0,0,0,0,0,0,10000,0,0,0,10000,0,10000,10000
055882,嘉聯益元富97購01,0,0,0,0,0,0,0,0,0,10000,0,0,0,10000,0,10000,10000
058006,台郡群益98購04  ,0,0,0,0,0,0,0,0,0,10000,0,0,0,10000,0,10000,10000
056096,超眾元富9A購01  ,0,0,0,0,0,0,0,0,0,10000,0,0,0,10000,0,10000,10000
056087,世芯統一97購01  ,0,0,0,0,0,0,0,0,0,10000,0,0,0,10000,0,10000,10000
056015,華通群益99購01  ,0,0,0,0,0,0,0,0,0,10000,0,0,0,10000,0,10000,10000
058072,大立光凱基98購20,0,0,0,0,0,0,0,0,0,10000,0,0,0,10000,0,10000,10000
058075,貿聯凱基99購02  ,0,0,0,0,0,0,0,0,0,10000,0,0,0,10000,0,10000,10000
056548,瀚宇博凱基98購02,0,0,0,0,0,0,0,0,0,10000,0,0,0,10000,0,10000,10000
056440,智邦凱基98購03  ,0,0,0,0,0,0,0,0,0,10000,0,0,0,10000,0,10000,10000
056368,祥碩元大98購02  ,0,0,0,0,0,0,0,0,0,10000,0,0,0,10000,0,10000,10000
057601,中磊群益98購01  ,0,0,0,0,0,0,0,0,0,10000,0,0,0,10000,0,10000,10000
05763P,致新永豐96售01  ,0,0,0,0,0,0,0,0,0,10000,0,0,0,10000,0,10000,10000
057692,臺股指凱基98購10,0,0,0,0,0,0,0,0,0,10000,0,0,0,10000,0,10000,10000
05819P,臺股指凱基96售16,0,0,0,0,0,0,0,0,0,10000,0,0,0,10000,0,10000,10000
058192,訊芯永豐99購01  ,0,0,0,0,0,0,0,0,0,10000,0,0,0,10000,0,10000,10000
058110,光寶科元富98購01,0,0,0,0,0,0,0,0,0,10000,0,0,0,10000,0,10000,10000
058113,百和元富98購01  ,0,0,0,0,0,0,0,0,0,10000,0,0,0,10000,0,10000,10000
057739,新日興富邦9B購01,0,0,0,0,0,0,0,0,0,10000,0,0,0,19000,9000,10000,10000
056658,美食元大98購01  ,0,0,0,0,0,0,0,0,0,10000,0,0,0,10000,0,10000,10000
05852P,嘉晶群益96售01  ,0,0,0,0,0,0,0,0,0,10000,0,0,0,10000,0,10000,10000
058510,全新元大9B購02  ,0,0,0,0,0,0,0,0,0,10000,0,0,0,10000,0,10000,10000
058470,台灣50日盛9B購02,0,0,0,0,0,0,0,0,0,10000,0,0,0,30000,20000,10000,10000
056597,宏碁元富98購01  ,0,0,0,0,0,0,0,0,0,10000,0,0,0,10000,0,10000,10000
058422,百和麥證99購01  ,0,0,0,10000,0,10000,0,0,0,10000,0,0,0,10000,0,10000,10000
058412,聯發科兆豐99購01,0,0,0,0,0,0,0,0,0,10000,0,0,0,53000,43000,10000,10000
058762,貿聯群益99購03  ,0,0,0,0,0,0,0,0,0,10000,0,0,0,10000,0,10000,10000
058915,SGBR2X元富99購01,0,0,0,0,0,0,0,0,0,10000,0,0,0,28000,18000,10000,10000
058969,亞德客永豐99購01,0,0,0,0,0,0,0,0,0,10000,0,0,0,12000,2000,10000,10000
058998,鴻海元大99購22  ,0,0,0,0,0,0,0,0,0,10000,0,0,0,94000,84000,10000,10000
058282,聯茂中信99購01  ,0,0,0,0,0,0,0,0,0,10000,0,0,0,35000,25000,10000,10000
057965,臺股指元大98購14,0,0,0,0,0,0,0,0,0,10000,0,0,0,10000,0,10000,10000
058250,台虹元大99購01  ,0,0,0,0,0,0,0,0,0,10000,0,0,0,10000,0,10000,10000
059129,麗豐中信99購01  ,0,0,0,0,0,0,0,0,0,10000,0,0,0,12000,2000,10000,10000
059164,旺宏凱基99購06  ,0,0,0,0,0,0,0,0,0,10000,0,0,0,18000,8000,10000,10000
056990,聯發科兆豐98購01,0,0,0,0,0,0,0,0,0,10000,0,0,0,32000,22000,10000,10000
057140,宏達電兆豐98購01,0,0,0,0,0,0,0,0,0,10000,0,0,0,10000,0,10000,10000
059172,台郡凱基99購03  ,0,0,0,0,0,0,0,0,0,10000,0,0,0,10000,0,10000,10000
057138,亞德客兆豐98購01,0,0,0,0,0,0,0,0,0,10000,0,0,0,10000,0,10000,10000
059088,台積電元大99購27,0,0,0,0,0,0,0,0,0,10000,0,0,0,10000,0,10000,10000
059102,聯鈞元富99購01  ,0,0,0,0,0,0,0,0,0,10000,0,0,0,30000,20000,10000,10000
056812,泰鼎統一98購01  ,0,0,0,0,0,0,0,0,0,10000,0,0,0,10000,0,10000,10000
058331,鴻海元富99購02  ,0,0,0,0,0,0,0,0,0,10000,0,0,0,90000,80000,10000,10000
056834,華新元富99購01  ,0,0,0,0,0,0,0,0,0,10000,0,0,0,10000,0,10000,10000
059039,致伸群益99購01  ,0,0,0,0,0,0,0,0,0,10000,0,0,0,10000,0,10000,10000
056885,元油2X元大99購03,0,0,0,0,0,0,0,0,0,10000,0,0,0,10000,0,10000,10000
059272,台灣50元大99購01,0,0,0,0,0,0,0,0,0,10000,0,0,0,10000,0,10000,10000
059240,台積電凱基9A購09,0,0,0,0,0,0,0,0,0,10000,0,0,0,65000,55000,10000,10000
057217,奇力新群益99購01,0,0,0,0,0,0,0,0,0,10000,0,0,0,10000,0,10000,10000
057084,立積統一9B購01  ,0,0,0,0,0,0,0,0,0,10000,0,0,0,10000,0,10000,10000
057988,鈺齊元富98購02  ,0,0,0,0,0,0,0,0,0,10000,0,0,0,10000,0,10000,10000
057070,美律永豐98購02  ,0,0,0,0,0,0,0,0,0,10000,0,0,0,10000,0,10000,10000
057060,緯穎元大98購05  ,0,0,0,0,0,0,0,0,0,10000,0,0,0,10000,0,10000,10000
057355,彩晶統一98購03  ,0,0,0,0,0,0,0,0,0,10000,0,0,0,10000,0,10000,10000
057444,台泥元富98購01  ,0,0,0,0,0,0,0,0,0,10000,0,0,0,10000,0,10000,10000
057414,華新科日盛9A購01,0,0,0,0,0,0,0,0,0,10000,0,0,0,50000,40000,10000,10000
057429,華新科兆豐98購03,0,0,0,0,0,0,0,0,0,10000,0,0,0,20000,10000,10000,10000
057431,京鼎兆豐98購02  ,0,0,0,0,0,0,0,0,0,10000,0,0,0,10000,0,10000,10000
059612,奇鋐永豐99購02  ,0,0,0,0,0,0,0,0,0,10000,0,0,0,155000,145000,10000,10000
059617,A50正2群益01購02,0,0,0,0,0,0,0,0,0,10000,0,0,0,10000,0,10000,10000
059626,台積電凱基01購01,0,0,0,0,0,0,0,0,0,10000,0,0,0,71000,61000,10000,10000
059856,昇陽半永豐99購03,0,0,0,0,0,0,0,0,0,10000,0,0,0,23000,13000,10000,10000
059817,華通凱基99購05  ,0,0,0,0,0,0,0,0,0,10000,0,0,0,26000,16000,10000,10000
059821,美律凱基99購08  ,0,0,0,0,0,0,0,0,0,10000,0,0,0,10000,0,10000,10000
059383,台灣50凱基99購03,0,0,0,0,0,0,0,0,0,10000,0,0,0,10000,0,10000,10000
059471,華新科元大99購17,0,0,0,0,0,0,0,0,0,10000,0,0,0,10000,0,10000,10000
059303,國巨兆豐99購04  ,0,0,0,0,0,0,0,0,0,10000,0,0,0,10000,0,10000,10000
059997,華航元富99購01  ,0,0,0,0,0,0,0,0,0,10000,0,0,0,10000,0,10000,10000
059968,世紀鋼凱基99購03,0,0,0,0,0,0,0,0,0,10000,0,0,0,20000,10000,10000,10000
059696,立積永豐99購03  ,0,0,0,0,0,0,0,0,0,10000,0,0,0,10000,0,10000,10000
059659,旺宏元大9A購03  ,0,0,0,0,0,0,0,0,0,10000,0,0,0,10000,0,10000,10000
059655,T50反1元大99購10,0,0,0,0,0,0,0,0,0,10000,0,0,0,10000,0,10000,10000
059873,華新科凱基99購09,0,0,0,0,0,0,0,0,0,10000,0,0,0,10000,0,10000,10000
059898,T50反1元大99購15,0,0,0,0,0,0,0,0,0,10000,0,0,0,10000,0,10000,10000
3356,奇偶            ,29000,16000,13000,0,0,0,0,0,0,-3000,0,3000,-3000,0,0,0,10000
3622,洋華            ,39000,29000,10000,0,0,0,0,0,0,0,0,0,0,0,0,0,10000
1321,大洋            ,28000,19000,9000,0,0,0,0,0,0,0,0,0,0,0,0,0,9000
1203,味王            ,9000,0,9000,0,0,0,0,0,0,0,0,0,0,0,0,0,9000
07544P,大立光凱基9A售09,0,0,0,0,0,0,0,0,0,9000,0,0,0,17000,8000,9000,9000
07497P,鴻海元大9A售06  ,0,0,0,0,0,0,0,0,0,9000,0,0,0,34000,25000,9000,9000
1540,喬福            ,11000,2000,9000,0,0,0,0,0,0,0,0,0,0,0,0,0,9000
2374,佳能            ,17000,7000,10000,0,0,0,0,0,0,-1000,0,1000,-1000,0,0,0,9000
2115,六暉-KY         ,15000,6000,9000,0,0,0,0,0,0,0,0,0,0,0,0,0,9000
2429,銘旺科          ,16000,7000,9000,0,0,0,0,0,0,0,0,0,0,0,0,0,9000
2431,聯昌            ,13000,4000,9000,0,0,0,0,0,0,0,0,0,0,0,0,0,9000
06399P,台表科凱基97售05,0,0,0,0,0,0,0,0,0,9000,0,0,0,10000,1000,9000,9000
06753P,智邦富邦98售03  ,0,0,0,0,0,0,0,0,0,9000,0,0,0,9000,0,9000,9000
07139P,元油2X群益9C售06,0,0,0,0,0,0,0,0,0,9000,0,0,0,19000,10000,9000,9000
060820,上証2X元大9A購04,0,0,0,0,0,0,0,0,0,9000,0,0,0,9000,0,9000,9000
060464,台積電元大9A購11,0,0,0,0,0,0,0,0,0,9000,0,0,0,9000,0,9000,9000
06021P,世紀鋼元富96售03,0,0,0,0,0,0,0,0,0,9000,0,0,0,9000,0,9000,9000
054462,旺宏凱基96購08  ,0,0,0,0,0,0,0,0,0,9000,0,0,0,9000,0,9000,9000
05430P,台積電統一95售07,0,0,0,0,0,0,0,0,0,9000,0,0,0,155000,146000,9000,9000
052953,百和國票97購01  ,0,0,0,0,0,0,0,0,0,9000,0,0,0,9000,0,9000,9000
05487P,台表科凱基95售02,0,0,0,0,0,0,0,0,0,9000,0,0,0,9000,0,9000,9000
054801,康友群益97購02  ,0,0,0,0,0,0,0,0,0,9000,0,0,0,107000,98000,9000,9000
055513,旺宏亞東98購01  ,0,0,0,0,0,0,0,0,0,9000,0,0,0,49000,40000,9000,9000
053962,聯茂永豐96購01  ,0,0,0,0,0,0,0,0,0,9000,0,0,0,9000,0,9000,9000
054004,鴻海統一96購14  ,0,0,0,0,0,0,0,0,0,9000,0,0,0,9000,0,9000,9000
052271,力成日盛95購02  ,0,0,0,0,0,0,0,0,0,9000,0,0,0,9000,0,9000,9000
059772,可成群益9A購05  ,0,0,0,0,0,0,0,0,0,9000,0,0,0,22000,13000,9000,9000
059746,聯鈞元富99購03  ,0,0,0,0,0,0,0,0,0,9000,0,0,0,9000,0,9000,9000
059300,國巨群益99購08  ,0,0,0,0,0,0,0,0,0,9000,0,0,0,9000,0,9000,9000
059457,立積永豐99購02  ,0,0,0,0,0,0,0,0,0,9000,0,0,0,9000,0,9000,9000
059551,T50正2康和99購02,0,0,0,0,0,0,0,0,0,9000,0,0,0,9000,0,9000,9000
059846,力山永豐99購01  ,0,0,0,0,0,0,0,0,0,9000,0,0,0,9000,0,9000,9000
059580,大立光元富99購07,0,0,0,0,0,0,0,0,0,9000,0,0,0,58000,49000,9000,9000
057097,致新元富98購01  ,0,0,0,0,0,0,0,0,0,9000,0,0,0,9000,0,9000,9000
059243,聯發科凱基99購12,0,0,0,0,0,0,0,0,0,9000,0,0,0,9000,0,9000,9000
058335,鴻海元富99購06  ,0,0,0,0,0,0,0,0,0,9000,0,0,0,9000,0,9000,9000
059131,國巨群益99購07  ,0,0,0,0,0,0,0,0,0,9000,0,0,0,67000,58000,9000,9000
056772,欣興元大99購01  ,0,0,0,0,0,0,0,0,0,9000,0,0,0,11000,2000,9000,9000
058932,FBVIX台新99購01 ,0,0,0,0,0,0,0,0,0,9000,0,0,0,11000,2000,9000,9000
058361,美律凱基99購06  ,0,0,0,0,0,0,0,0,0,9000,0,0,0,15000,6000,9000,9000
058554,瀚宇博永豐99購01,0,0,0,0,0,0,0,0,0,9000,0,0,0,10000,1000,9000,9000
057736,鴻海富邦99購04  ,0,0,0,0,0,0,0,0,0,9000,0,0,0,9000,0,9000,9000
056323,旺宏兆豐98購01  ,0,0,0,0,0,0,0,0,0,9000,0,0,0,184000,175000,9000,9000
057828,緯穎元大99購02  ,0,0,0,0,0,0,0,0,0,9000,0,0,0,9000,0,9000,9000
3645,達邁            ,87000,43000,44000,0,0,0,0,0,0,-35000,0,35000,-35000,0,0,0,9000
3686,達能            ,9000,0,9000,0,0,0,0,0,0,0,0,0,0,0,0,0,9000
2485,兆赫            ,61000,39000,22000,0,0,0,0,0,0,-13000,0,13000,-13000,0,0,0,9000
3013,晟銘電          ,9000,0,9000,0,0,0,0,0,0,0,0,0,0,0,0,0,9000
060380,T50反1凱基9A購08,0,0,0,0,0,0,0,0,0,8000,0,0,0,61000,53000,8000,8000
060395,儒鴻國票9A購01  ,0,0,0,0,0,0,0,0,0,8000,0,0,0,14000,6000,8000,8000
060479,億豐元大9A購01  ,0,0,0,0,0,0,0,0,0,8000,0,0,0,8000,0,8000,8000
060709,緯穎富邦9B購01  ,0,0,0,0,0,0,0,0,0,8000,0,0,0,108000,100000,8000,8000
07194P,聯發科元大99售25,0,0,0,0,0,0,0,0,0,8000,0,0,0,9000,1000,8000,8000
06966P,健策台新9A售02  ,0,0,0,0,0,0,0,0,0,8000,0,0,0,8000,0,8000,8000
06496P,台灣50日盛98售01,0,0,0,0,0,0,0,0,0,8000,0,0,0,35000,27000,8000,8000
2351,順德            ,51000,43000,8000,0,0,0,50000,50000,0,0,0,0,0,0,0,0,8000
07492P,臺股指國票9A售10,0,0,0,0,0,0,0,0,0,8000,0,0,0,10000,2000,8000,8000
1413,宏洲            ,8000,0,8000,0,0,0,0,0,0,0,0,0,0,0,0,0,8000
053970,聯發科元大97購08,0,0,0,0,0,0,0,0,0,8000,0,0,0,58000,50000,8000,8000
05399P,GIS國票95售03   ,0,0,0,0,0,0,0,0,0,8000,0,0,0,8000,0,8000,8000
053744,台郡國票97購03  ,0,0,0,0,0,0,0,0,0,8000,0,0,0,18000,10000,8000,8000
04929P,同欣電凱基95售01,0,0,0,0,0,0,0,0,0,8000,0,0,0,8000,0,8000,8000
050124,元金2X凱基95購01,0,0,0,0,0,0,0,0,0,8000,0,0,0,8000,0,8000,8000
055572,鴻海統一98購04  ,0,0,0,0,0,0,0,0,0,8000,0,0,0,8000,0,8000,8000
055003,群創元富99購05  ,0,0,0,0,0,0,0,0,0,8000,0,0,0,8000,0,8000,8000
053069,同欣電群益98購01,0,0,0,0,0,0,0,0,0,8000,0,0,0,10000,2000,8000,8000
053454,創意統一96購02  ,0,0,0,0,0,0,0,0,0,8000,0,0,0,8000,0,8000,8000
057854,聯發科國票99購03,0,0,0,0,0,0,0,0,0,8000,0,0,0,28000,20000,8000,8000
056558,台達電群益98購01,0,0,0,0,0,0,0,0,0,8000,0,0,0,122000,114000,8000,8000
058848,台積電群益99購07,0,0,0,0,0,0,0,0,0,8000,0,0,0,8000,0,8000,8000
058583,臻鼎群益99購01  ,0,0,0,0,0,0,0,0,0,8000,0,0,0,63000,55000,8000,8000
05853P,欣興群益96售05  ,0,0,0,0,0,0,0,0,0,8000,0,0,0,8000,0,8000,8000
058540,嘉聯益國泰9A購02,0,0,0,0,0,0,0,0,0,8000,0,0,0,8000,0,8000,8000
058368,奇鋐凱基9A購01  ,0,0,0,0,0,0,0,0,0,8000,0,0,0,8000,0,8000,8000
058884,世紀鋼永豐99購02,0,0,0,0,0,0,0,0,0,8000,0,0,0,8000,0,8000,8000
059016,晶相光元富99購03,0,0,0,0,0,0,0,0,0,8000,0,0,0,92000,84000,8000,8000
058958,台表科國票9A購03,0,0,0,0,0,0,0,0,0,8000,0,0,0,14000,6000,8000,8000
056702,欣興國泰9A購01  ,0,0,0,0,0,0,0,0,0,8000,0,0,0,18000,10000,8000,8000
059154,可成日盛99購02  ,0,0,0,0,0,0,0,0,0,8000,0,0,0,8000,0,8000,8000
059068,台虹國票9A購01  ,0,0,0,0,0,0,0,0,0,8000,0,0,0,8000,0,8000,8000
059275,可成元大99購05  ,0,0,0,0,0,0,0,0,0,8000,0,0,0,49000,41000,8000,8000
059216,台積電元大99購29,0,0,0,0,0,0,0,0,0,8000,0,0,0,8000,0,8000,8000
059807,大立光元富99購09,0,0,0,0,0,0,0,0,0,8000,0,0,0,88000,80000,8000,8000
059431,旺宏元大99購14  ,0,0,0,0,0,0,0,0,0,8000,0,0,0,27000,19000,8000,8000
059375,道瓊反群益9C購02,0,0,0,0,0,0,0,0,0,8000,0,0,0,69000,61000,8000,8000
059886,可成國票99購04  ,0,0,0,0,0,0,0,0,0,8000,0,0,0,11000,3000,8000,8000
059996,美律元富99購01  ,0,0,0,0,0,0,0,0,0,8000,0,0,0,131000,123000,8000,8000
2546,根基            ,9000,1000,8000,0,0,0,0,0,0,0,0,0,0,0,0,0,8000
3024,憶聲            ,12000,4000,8000,0,0,0,0,0,0,0,0,0,0,0,0,0,8000
6591,動力-KY         ,45000,37000,8000,0,0,0,0,0,0,0,0,0,0,0,0,0,8000
6139,亞翔            ,68000,57000,11000,0,0,0,0,3000,-3000,0,0,0,0,0,0,0,8000
6552,易華電          ,259000,257000,2000,0,0,0,0,0,0,6000,0,0,0,6000,0,6000,8000
6414,樺漢            ,61000,53000,8000,0,0,0,0,0,0,0,1000,2000,-1000,1000,0,1000,8000
07669P,華新科元大9A售14,0,0,0,0,0,0,0,0,0,7000,0,0,0,7000,0,7000,7000
2464,盟立            ,54000,47000,7000,0,0,0,0,0,0,0,0,0,0,0,0,0,7000
1522,堤維西          ,101000,93000,8000,0,0,0,0,1000,-1000,0,0,0,0,0,0,0,7000
2069,運錩            ,12000,5000,7000,0,0,0,0,0,0,0,0,0,0,0,0,0,7000
06447P,上銀元大98售01  ,0,0,0,0,0,0,0,0,0,7000,0,0,0,15000,8000,7000,7000
06713P,臺股指富邦99售04,0,0,0,0,0,0,0,0,0,7000,0,0,0,7000,0,7000,7000
07161P,臺股指群益99售12,0,0,0,0,0,0,0,0,0,7000,0,0,0,13000,6000,7000,7000
07362P,聯發科元大99售35,0,0,0,0,0,0,0,0,0,7000,0,0,0,7000,0,7000,7000
060576,欣興中信9B購01  ,0,0,0,0,0,0,0,0,0,7000,0,0,0,25000,18000,7000,7000
060598,鴻海凱基9A購20  ,0,0,0,0,0,0,0,0,0,7000,0,0,0,7000,0,7000,7000
060451,中石化元大9C購02,0,0,0,0,0,0,0,0,0,7000,0,0,0,98000,91000,7000,7000
060146,健策國票9A購03  ,0,0,0,0,0,0,0,0,0,7000,0,0,0,7000,0,7000,7000
061079,台積電兆豐9A購02,0,0,0,0,0,0,0,0,0,7000,0,0,0,7000,0,7000,7000
061235,台積電元大9A購23,0,0,0,0,0,0,0,0,0,7000,0,0,0,20000,13000,7000,7000
053548,旺宏凱基96購04  ,0,0,0,0,0,0,0,0,0,7000,0,0,0,7000,0,7000,7000
053198,亞德客日盛96購01,0,0,0,0,0,0,0,0,0,7000,0,0,0,9000,2000,7000,7000
053282,彩晶元大9C購01  ,0,0,0,0,0,0,0,0,0,7000,0,0,0,7000,0,7000,7000
056120,聯茂群益97購02  ,0,0,0,0,0,0,0,0,0,7000,0,0,0,7000,0,7000,7000
058011,台虹國票99購01  ,0,0,0,0,0,0,0,0,0,7000,0,0,0,7000,0,7000,7000
055626,力山永豐97購01  ,0,0,0,0,0,0,0,0,0,7000,0,0,0,12000,5000,7000,7000
054892,彩晶統一99購01  ,0,0,0,0,0,0,0,0,0,7000,0,0,0,7000,0,7000,7000
055251,華新科統一99購01,0,0,0,0,0,0,0,0,0,7000,0,0,0,107000,100000,7000,7000
054767,日電貿國票98購01,0,0,0,0,0,0,0,0,0,7000,0,0,0,60000,53000,7000,7000
054717,亞德客永豐97購01,0,0,0,0,0,0,0,0,0,7000,0,0,0,11000,4000,7000,7000
052920,景碩台新96購02  ,0,0,0,0,0,0,0,0,0,7000,0,0,0,7000,0,7000,7000
054302,鴻海凱基96購18  ,0,0,0,0,0,0,0,0,0,7000,0,0,0,46000,39000,7000,7000
050957,T50反1台新05購01,0,0,0,0,0,0,0,0,0,7000,0,0,0,7000,0,7000,7000
051400,國巨永豐95購01  ,0,0,0,0,0,0,0,0,0,7000,0,0,0,7000,0,7000,7000
05123P,鴻海永昌96售07  ,0,0,0,0,0,0,0,0,0,7000,0,0,0,48000,41000,7000,7000
047630,元油反元大96購02,0,0,0,0,0,0,0,0,0,7000,0,0,0,7000,0,7000,7000
04983P,臺股指康和94售03,0,0,0,0,0,0,0,0,0,7000,0,0,0,7000,0,7000,7000
053721,國泰金凱基97購01,0,0,0,0,0,0,0,0,0,7000,0,0,0,7000,0,7000,7000
053880,智邦中信96購01  ,0,0,0,0,0,0,0,0,0,7000,0,0,0,27000,20000,7000,7000
052056,緯穎凱基95購04  ,0,0,0,0,0,0,0,0,0,7000,0,0,0,10000,3000,7000,7000
052060,旺宏國票96購02  ,0,0,0,0,0,0,0,0,0,7000,0,0,0,7000,0,7000,7000
051682,元黃金凱基97購01,0,0,0,0,0,0,0,0,0,7000,0,0,0,7000,0,7000,7000
059931,緯穎富邦9A購01  ,0,0,0,0,0,0,0,0,0,7000,0,0,0,7000,0,7000,7000
059371,聯鈞元富99購02  ,0,0,0,0,0,0,0,0,0,7000,0,0,0,20000,13000,7000,7000
05947P,大成鋼元大96售03,0,0,0,0,0,0,0,0,0,7000,0,0,0,7000,0,7000,7000
059864,亞德客凱基99購01,0,0,0,0,0,0,0,0,0,7000,0,0,0,11000,4000,7000,7000
059212,鴻海元大99購28  ,0,0,0,0,0,0,0,0,0,7000,0,0,0,34000,27000,7000,7000
057454,上銀國泰99購02  ,0,0,0,0,0,0,0,0,0,7000,0,0,0,31000,24000,7000,7000
059075,FBVIX元大99購01 ,0,0,0,0,0,0,0,0,0,7000,0,0,0,37000,30000,7000,7000
059083,華通元大99購07  ,0,0,0,0,0,0,0,0,0,7000,0,0,0,8000,1000,7000,7000
059085,鴻海元大99購25  ,0,0,0,0,0,0,0,0,0,7000,0,0,0,226000,219000,7000,7000
058411,技嘉兆豐99購01  ,0,0,0,0,0,0,0,0,0,7000,0,0,0,7000,0,7000,7000
058434,旺宏統一9B購01  ,0,0,0,0,0,0,0,0,0,7000,0,0,0,7000,0,7000,7000
058516,健鼎元大99購02  ,0,0,0,0,0,0,0,0,0,7000,0,0,0,7000,0,7000,7000
058720,旭富元富99購01  ,0,0,0,0,0,0,0,0,0,7000,0,0,0,11000,4000,7000,7000
056428,台達電凱基99購01,0,0,0,0,0,0,0,0,0,7000,0,0,0,7000,0,7000,7000
057799,世紀鋼兆豐98購01,0,0,0,0,0,0,0,0,0,7000,0,0,0,7000,0,7000,7000
05812P,臺股指國票96售05,0,0,0,0,0,0,0,0,0,7000,0,0,0,10000,3000,7000,7000
6477,安集            ,12000,5000,7000,0,0,0,0,0,0,0,0,0,0,0,0,0,7000
6177,達麗            ,42000,35000,7000,0,0,0,0,0,0,0,0,0,0,0,0,0,7000
6142,友勁            ,0,1000,-1000,0,0,0,0,0,0,8000,8000,0,8000,0,0,0,7000
9930,中聯資源        ,7000,0,7000,0,0,0,0,0,0,0,0,0,0,0,0,0,7000
3308,聯德            ,7000,0,7000,0,0,0,0,0,0,0,0,0,0,0,0,0,7000
3679,新至陞          ,25000,18000,7000,0,0,0,0,0,0,0,0,0,0,0,0,0,7000
4104,佳醫            ,14000,7000,7000,0,0,0,0,0,0,0,0,0,0,0,0,0,7000
4137,麗豐-KY         ,22000,19000,3000,0,0,0,0,0,0,4000,0,0,0,6000,2000,4000,7000
061176,聯發科凱基9A購14,0,0,0,0,0,0,0,0,0,6000,0,0,0,6000,0,6000,6000
060844,大立光國票9A購07,0,0,0,0,0,0,0,0,0,6000,0,0,0,6000,0,6000,6000
060838,華通國票9A購05  ,0,0,0,0,0,0,0,0,0,6000,0,0,0,19000,13000,6000,6000
060150,華通富邦9B購01  ,0,0,0,0,0,0,0,0,0,6000,0,0,0,61000,55000,6000,6000
060307,南港永豐9A購01  ,0,0,0,0,0,0,0,0,0,6000,0,0,0,8000,2000,6000,6000
060334,群光康和9A購01  ,0,0,0,0,0,0,0,0,0,6000,0,0,0,6000,0,6000,6000
060507,聯發科元大9A購03,0,0,0,0,0,0,0,0,0,6000,0,0,0,7000,1000,6000,6000
060637,玉晶光永豐9A購03,0,0,0,0,0,0,0,0,0,6000,0,0,0,6000,0,6000,6000
060590,台積電台新9C購02,0,0,0,0,0,0,0,0,0,6000,0,0,0,12000,6000,6000,6000
060652,滬深2X群益9C購04,0,0,0,0,0,0,0,0,0,6000,0,0,0,6000,0,6000,6000
060672,鴻海元大9A購14  ,0,0,0,0,0,0,0,0,0,6000,0,0,0,6000,0,6000,6000
06997P,台灣50中信03售01,0,0,0,0,0,0,0,0,0,6000,0,0,0,6000,0,6000,6000
06706P,智原台新98售02  ,0,0,0,0,0,0,0,0,0,6000,0,0,0,6000,0,6000,6000
06893P,致新元富98售02  ,0,0,0,0,0,0,0,0,0,6000,0,0,0,100000,94000,6000,6000
06582P,可成凱基98售06  ,0,0,0,0,0,0,0,0,0,6000,0,0,0,11000,5000,6000,6000
06301P,臺股指元大97售04,0,0,0,0,0,0,0,0,0,6000,0,0,0,6000,0,6000,6000
1783,和康生          ,62000,56000,6000,0,0,0,0,0,0,0,0,0,0,0,0,0,6000
1731,美吾華          ,19000,13000,6000,0,0,0,0,0,0,0,0,0,0,0,0,0,6000
1626,艾美特-KY       ,11000,5000,6000,0,0,0,0,0,0,0,0,0,0,0,0,0,6000
2428,興勤            ,33000,26000,7000,0,0,0,0,1000,-1000,0,0,0,0,0,0,0,6000
2397,友通            ,6000,0,6000,0,0,0,0,0,0,0,0,0,0,0,0,0,6000
07574P,國巨元大9A售12  ,0,0,0,0,0,0,0,0,0,6000,0,0,0,56000,50000,6000,6000
1319,東陽            ,204000,196000,8000,0,0,0,0,1000,-1000,-1000,4000,5000,-1000,0,0,0,6000
1235,興泰            ,8000,2000,6000,0,0,0,0,0,0,0,0,0,0,0,0,0,6000
07717P,臺股指群益9A售06,0,0,0,0,0,0,0,0,0,6000,0,0,0,15000,9000,6000,6000
08674P,嘉晶元富07售02  ,0,0,0,0,0,0,0,0,0,6000,0,0,0,6000,0,6000,6000
051647,華新科永豐95購02,0,0,0,0,0,0,0,0,0,6000,0,0,0,6000,0,6000,6000
051809,義隆凱基96購01  ,0,0,0,0,0,0,0,0,0,6000,0,0,0,26000,20000,6000,6000
051823,矽力元富95購02  ,0,0,0,0,0,0,0,0,0,6000,0,0,0,6000,0,6000,6000
052447,聯發科元大96購04,0,0,0,0,0,0,0,0,0,6000,0,0,0,6000,0,6000,6000
052502,瀚宇博永豐95購02,0,0,0,0,0,0,0,0,0,6000,0,0,0,10000,4000,6000,6000
053915,光罩國票96購02  ,0,0,0,0,0,0,0,0,0,6000,0,0,0,41000,35000,6000,6000
053805,奇鋐凱基98購02  ,0,0,0,0,0,0,0,0,0,6000,0,0,0,6000,0,6000,6000
053741,漢唐國票97購03  ,0,0,0,0,0,0,0,0,0,6000,0,0,0,6000,0,6000,6000
050105,力山元大95購02  ,0,0,0,0,0,0,0,0,0,6000,0,0,0,6000,0,6000,6000
050547,華新科凱基95購01,0,0,0,0,0,0,0,0,0,6000,0,0,0,6000,0,6000,6000
04241P,欣興國泰95售02  ,0,0,0,0,0,0,0,0,0,6000,0,0,0,6000,0,6000,6000
052895,台積電群益96購04,0,0,0,0,0,0,0,0,0,6000,0,0,0,106000,100000,6000,6000
054738,聯發科凱基97購01,0,0,0,0,0,0,0,0,0,6000,0,0,0,48000,42000,6000,6000
054694,聯鈞永豐97購01  ,0,0,0,0,0,0,0,0,0,6000,0,0,0,15000,9000,6000,6000
055809,T50反1國票98購02,0,0,0,0,0,0,0,0,0,6000,0,0,0,6000,0,6000,6000
055412,旺宏富邦99購01  ,0,0,0,0,0,0,0,0,0,6000,0,0,0,16000,10000,6000,6000
056125,旺宏國票98購02  ,0,0,0,0,0,0,0,0,0,6000,0,0,0,6000,0,6000,6000
056129,義隆麥證97購01  ,0,0,0,8000,2000,6000,0,0,0,6000,0,0,0,8000,2000,6000,6000
055012,茂林元富97購01  ,0,0,0,0,0,0,0,0,0,6000,0,0,0,6000,0,6000,6000
055056,億光永豐97購01  ,0,0,0,0,0,0,0,0,0,6000,0,0,0,6000,0,6000,6000
05331P,上証2X國票96售01,0,0,0,0,0,0,0,0,0,6000,0,0,0,6000,0,6000,6000
058115,台光電中信99購01,0,0,0,0,0,0,0,0,0,6000,0,0,0,66000,60000,6000,6000
056226,聯發科凱基97購10,0,0,0,0,0,0,0,0,0,6000,0,0,0,6000,0,6000,6000
056535,全新凱基99購02  ,0,0,0,0,0,0,0,0,0,6000,0,0,0,50000,44000,6000,6000
058671,旺宏群益9A購01  ,0,0,0,0,0,0,0,0,0,6000,0,0,0,9000,3000,6000,6000
058567,華新科凱基9A購02,0,0,0,0,0,0,0,0,0,6000,0,0,0,157000,151000,6000,6000
059005,嘉晶元大99購06  ,0,0,0,0,0,0,0,0,0,6000,0,0,0,30000,24000,6000,6000
059087,台積電元大99購26,0,0,0,0,0,0,0,0,0,6000,0,0,0,6000,0,6000,6000
059057,聯發科凱基99購10,0,0,0,0,0,0,0,0,0,6000,0,0,0,6000,0,6000,6000
059133,臺股指群益99購08,0,0,0,0,0,0,0,0,0,6000,0,0,0,18000,12000,6000,6000
056989,鴻海兆豐98購02  ,0,0,0,0,0,0,0,0,0,6000,0,0,0,6000,0,6000,6000
057978,聯發科永豐98購05,0,0,0,0,0,0,0,0,0,6000,0,0,0,6000,0,6000,6000
057168,旺宏元大99購03  ,0,0,0,0,0,0,0,0,0,6000,0,0,0,35000,29000,6000,6000
059199,欣興永豐99購02  ,0,0,0,0,0,0,0,0,0,6000,0,0,0,10000,4000,6000,6000
059410,滬深2X國票9A購04,0,0,0,0,0,0,0,0,0,6000,0,0,0,6000,0,6000,6000
059318,旺宏元大99購13  ,0,0,0,0,0,0,0,0,0,6000,0,0,0,8000,2000,6000,6000
059292,華新科元富9B購02,0,0,0,0,0,0,0,0,0,6000,0,0,0,16000,10000,6000,6000
2493,揚博            ,41000,35000,6000,0,0,0,0,0,0,0,0,0,0,0,0,0,6000
4960,誠美材          ,215000,208000,7000,0,0,0,0,0,0,-1000,0,1000,-1000,0,0,0,6000
6024,群益期          ,23000,17000,6000,0,0,0,0,0,0,0,0,0,0,0,0,0,6000
07768P,緯穎群益9A售02  ,0,0,0,0,0,0,0,0,0,5000,0,0,0,5000,0,5000,5000
07691P,宏達電元大9A售05,0,0,0,0,0,0,0,0,0,5000,0,0,0,10000,5000,5000,5000
07558P,玉晶光元大9A售10,0,0,0,0,0,0,0,0,0,5000,0,0,0,6000,1000,5000,5000
07601P,國巨統一9A售05  ,0,0,0,0,0,0,0,0,0,5000,0,0,0,5000,0,5000,5000
07578P,高鐵元大9A售02  ,0,0,0,0,0,0,0,0,0,5000,0,0,0,5000,0,5000,5000
07521P,台積電中信01售05,0,0,0,0,0,0,0,0,0,5000,0,0,0,5000,0,5000,5000
1527,鑽全            ,89000,83000,6000,0,0,0,0,1000,-1000,0,0,0,0,0,0,0,5000
06219P,國巨元富97售05  ,0,0,0,0,0,0,0,0,0,5000,0,0,0,5000,0,5000,5000
06602P,國巨統一99售02  ,0,0,0,0,0,0,0,0,0,5000,0,0,0,1450000,1445000,5000,5000
06506P,台郡國票99售02  ,0,0,0,0,0,0,0,0,0,5000,0,0,0,5000,0,5000,5000
06490P,鴻海富邦99售02  ,0,0,0,0,0,0,0,0,0,5000,0,0,0,1091000,1086000,5000,5000
06899P,嘉澤群益98售01  ,0,0,0,0,0,0,0,0,0,5000,0,0,0,20000,15000,5000,5000
06914P,南茂元大98售03  ,0,0,0,0,0,0,0,0,0,5000,0,0,0,5000,0,5000,5000
06771P,台灣50中信02售01,0,0,0,0,0,0,0,0,0,5000,0,0,0,5000,0,5000,5000
06849P,欣興元大98售12  ,0,0,0,0,0,0,0,0,0,5000,0,0,0,5000,0,5000,5000
06838P,台積電統一99售05,0,0,0,0,0,0,0,0,0,5000,0,0,0,5000,0,5000,5000
07150P,和碩元大99售01  ,0,0,0,0,0,0,0,0,0,5000,0,0,0,5000,0,5000,5000
07216P,大立光凱基99售08,0,0,0,0,0,0,0,0,0,5000,0,0,0,5000,0,5000,5000
07385P,緯穎群益99售04  ,0,0,0,0,0,0,0,0,0,5000,0,0,0,5000,0,5000,5000
07236P,台灣50國票99售05,0,0,0,0,0,0,0,0,0,5000,0,0,0,5000,0,5000,5000
060693,台積電麥證9A購02,0,0,0,6000,1000,5000,0,0,0,5000,0,0,0,6000,1000,5000,5000
060580,A50正2群益9C購03,0,0,0,0,0,0,0,0,0,5000,0,0,0,5000,0,5000,5000
060586,玉晶光元富9A購03,0,0,0,0,0,0,0,0,0,5000,0,0,0,5000,0,5000,5000
060567,華擎富邦9C購01  ,0,0,0,0,0,0,0,0,0,5000,0,0,0,5000,0,5000,5000
060508,聯發科元大9A購04,0,0,0,0,0,0,0,0,0,5000,0,0,0,12000,7000,5000,5000
060510,大立光元大9A購03,0,0,0,0,0,0,0,0,0,5000,0,0,0,5000,0,5000,5000
060538,S&P反1凱基9A購01,0,0,0,0,0,0,0,0,0,5000,0,0,0,15000,10000,5000,5000
060543,鴻海凱基9B購02  ,0,0,0,0,0,0,0,0,0,5000,0,0,0,5000,0,5000,5000
06042P,華新科永豐96售04,0,0,0,0,0,0,0,0,0,5000,0,0,0,335000,330000,5000,5000
060459,鴻海元大9A購07  ,0,0,0,0,0,0,0,0,0,5000,0,0,0,5000,0,5000,5000
060264,華新科國票9A購02,0,0,0,0,0,0,0,0,0,5000,0,0,0,46000,41000,5000,5000
060223,台灣50元大9A購05,0,0,0,0,0,0,0,0,0,5000,0,0,0,5000,0,5000,5000
060090,台積電元大99購55,0,0,0,0,0,0,0,0,0,5000,0,0,0,56000,51000,5000,5000
060827,健策元大9A購02  ,0,0,0,0,0,0,0,0,0,5000,0,0,0,118000,113000,5000,5000
060744,鴻海國票9A購04  ,0,0,0,0,0,0,0,0,0,5000,0,0,0,5000,0,5000,5000
060945,緯穎國票9A購02  ,0,0,0,0,0,0,0,0,0,5000,0,0,0,5000,0,5000,5000
06091P,華新科統一97售01,0,0,0,0,0,0,0,0,0,5000,0,0,0,5000,0,5000,5000
061154,可成群益9B購04  ,0,0,0,0,0,0,0,0,0,5000,0,0,0,5000,0,5000,5000
055138,大毅永豐97購02  ,0,0,0,0,0,0,0,0,0,5000,0,0,0,5000,0,5000,5000
055018,緯穎元富97購02  ,0,0,0,0,0,0,0,0,0,5000,0,0,0,5000,0,5000,5000
053250,百和國票97購02  ,0,0,0,0,0,0,0,0,0,5000,0,0,0,5000,0,5000,5000
053279,景碩元大97購01  ,0,0,0,0,0,0,0,0,0,5000,0,0,0,5000,0,5000,5000
053209,台積電凱基96購07,0,0,0,0,0,0,0,0,0,5000,0,0,0,13000,8000,5000,5000
056157,聯詠凱基97購03  ,0,0,0,0,0,0,0,0,0,5000,0,0,0,50000,45000,5000,5000
058060,貿聯元富98購01  ,0,0,0,0,0,0,0,0,0,5000,0,0,0,5000,0,5000,5000
055980,祥碩統一98購01  ,0,0,0,0,0,0,0,0,0,5000,0,0,0,5000,0,5000,5000
058040,FBVIX元大98購01 ,0,0,0,0,0,0,0,0,0,5000,0,0,0,5000,0,5000,5000
058041,FBVIX元大98購02 ,0,0,0,0,0,0,0,0,0,5000,0,0,0,5000,0,5000,5000
057543,華通凱基99購02  ,0,0,0,0,0,0,0,0,0,5000,0,0,0,5000,0,5000,5000
056066,奇鋐元大98購02  ,0,0,0,0,0,0,0,0,0,5000,0,0,0,5000,0,5000,5000
057486,美律元大98購04  ,0,0,0,0,0,0,0,0,0,5000,0,0,0,5000,0,5000,5000
055419,國巨永豐97購03  ,0,0,0,0,0,0,0,0,0,5000,0,0,0,5000,0,5000,5000
055405,華泰國泰98購01  ,0,0,0,0,0,0,0,0,0,5000,0,0,0,5000,0,5000,5000
05555P,健策群益98售01  ,0,0,0,0,0,0,0,0,0,5000,0,0,0,5000,0,5000,5000
055788,緯穎凱基97購04  ,0,0,0,0,0,0,0,0,0,5000,0,0,0,5000,0,5000,5000
055774,台光電凱基97購02,0,0,0,0,0,0,0,0,0,5000,0,0,0,5000,0,5000,5000
05572P,群創統一96售02  ,0,0,0,0,0,0,0,0,0,5000,0,0,0,5000,0,5000,5000
054410,國巨元大96購14  ,0,0,0,0,0,0,0,0,0,5000,0,0,0,5000,0,5000,5000
054456,華泰群益99購01  ,0,0,0,0,0,0,0,0,0,5000,0,0,0,5000,0,5000,5000
042792,T50反1台新9C購01,0,0,0,0,0,0,0,0,0,5000,0,0,0,5000,0,5000,5000
047774,台表科元大95購01,0,0,0,0,0,0,0,0,0,5000,0,0,0,5000,0,5000,5000
047825,道瓊反元大96購01,0,0,0,0,0,0,0,0,0,5000,0,0,0,5000,0,5000,5000
048350,世紀鋼元大95購01,0,0,0,0,0,0,0,0,0,5000,0,0,0,5000,0,5000,5000
050783,旺宏國泰96購02  ,0,0,0,0,0,0,0,0,0,5000,0,0,0,5000,0,5000,5000
050754,元金2X元富9B購01,0,0,0,0,0,0,0,0,0,5000,0,0,0,5000,0,5000,5000
050823,信邦凱基95購01  ,0,0,0,0,0,0,0,0,0,5000,0,0,0,5000,0,5000,5000
04975P,華新科凱基96售02,0,0,0,0,0,0,0,0,0,5000,0,0,0,5000,0,5000,5000
048798,華新科國泰95購01,0,0,0,0,0,0,0,0,0,5000,0,0,0,5000,0,5000,5000
00706L,元大S&P日圓正2  ,0,0,0,0,0,0,0,0,0,5000,0,0,0,5000,0,5000,5000
00733,富邦臺灣中小    ,0,0,0,0,0,0,0,0,0,5000,0,0,0,206000,201000,5000,5000
00865B,國泰US短期公債  ,0,0,0,0,0,0,0,0,0,5000,0,0,0,105000,100000,5000,5000
048732,台勝科麥證95購01,0,0,0,5000,0,5000,0,0,0,5000,0,0,0,5000,0,5000,5000
053742,創意國票97購01  ,0,0,0,0,0,0,0,0,0,5000,0,0,0,5000,0,5000,5000
053664,臺股指凱基96購25,0,0,0,0,0,0,0,0,0,5000,0,0,0,5000,0,5000,5000
053621,臺股指群益96購07,0,0,0,0,0,0,0,0,0,5000,0,0,0,5000,0,5000,5000
053800,華通凱基97購03  ,0,0,0,0,0,0,0,0,0,5000,0,0,0,5000,0,5000,5000
053770,元金2X元大98購01,0,0,0,0,0,0,0,0,0,5000,0,0,0,5000,0,5000,5000
053996,晶相光群益97購01,0,0,0,0,0,0,0,0,0,5000,0,0,0,16000,11000,5000,5000
05401P,聯茂永豐95售03  ,0,0,0,0,0,0,0,0,0,5000,0,0,0,5000,0,5000,5000
054143,茂林元大96購04  ,0,0,0,0,0,0,0,0,0,5000,0,0,0,5000,0,5000,5000
052587,景碩永豐97購01  ,0,0,0,0,0,0,0,0,0,5000,0,0,0,5000,0,5000,5000
052413,上証反中信97購01,0,0,0,0,0,0,0,0,0,5000,0,0,0,5000,0,5000,5000
052336,矽力日盛95購01  ,0,0,0,0,0,0,0,0,0,5000,0,0,0,5000,0,5000,5000
052389,聯發科群益95購05,0,0,0,0,0,0,0,0,0,5000,0,0,0,10000,5000,5000,5000
052406,力成凱基95購03  ,0,0,0,0,0,0,0,0,0,5000,0,0,0,5000,0,5000,5000
052317,台積電元大96購11,0,0,0,0,0,0,0,0,0,5000,0,0,0,5000,0,5000,5000
052322,力成元大96購01  ,0,0,0,0,0,0,0,0,0,5000,0,0,0,5000,0,5000,5000
05194P,玉晶光康和95售01,0,0,0,0,0,0,0,0,0,5000,0,0,0,5000,0,5000,5000
051428,玉晶光統一96購01,0,0,0,0,0,0,0,0,0,5000,0,0,0,5000,0,5000,5000
059340,鴻海凱基9A購12  ,0,0,0,0,0,0,0,0,0,5000,0,0,0,17000,12000,5000,5000
059492,國巨國票9A購06  ,0,0,0,0,0,0,0,0,0,5000,0,0,0,155000,150000,5000,5000
059575,臺股指凱基99購41,0,0,0,0,0,0,0,0,0,5000,0,0,0,5000,0,5000,5000
059571,奇力新凱基99購06,0,0,0,0,0,0,0,0,0,5000,0,0,0,5000,0,5000,5000
059946,健策永豐99購05  ,0,0,0,0,0,0,0,0,0,5000,0,0,0,7000,2000,5000,5000
060014,中鋼康和99購01  ,0,0,0,0,0,0,0,0,0,5000,0,0,0,5000,0,5000,5000
060029,嘉晶永豐99購03  ,0,0,0,0,0,0,0,0,0,5000,0,0,0,5000,0,5000,5000
059905,A50正2元大9C購06,0,0,0,0,0,0,0,0,0,5000,0,0,0,5000,0,5000,5000
059784,台光電元大9A購01,0,0,0,0,0,0,0,0,0,5000,0,0,0,5000,0,5000,5000
059727,大立光元大9A購01,0,0,0,0,0,0,0,0,0,5000,0,0,0,5000,0,5000,5000
059728,聯鈞元大99購01  ,0,0,0,0,0,0,0,0,0,5000,0,0,0,41000,36000,5000,5000
059257,臺股指凱基99購35,0,0,0,0,0,0,0,0,0,5000,0,0,0,105000,100000,5000,5000
057451,大立光元富9B購01,0,0,0,0,0,0,0,0,0,5000,0,0,0,40000,35000,5000,5000
059149,臺股指國票99購12,0,0,0,0,0,0,0,0,0,5000,0,0,0,6000,1000,5000,5000
056850,彩晶元富99購01  ,0,0,0,0,0,0,0,0,0,5000,0,0,0,5000,0,5000,5000
056863,義隆群益98購01  ,0,0,0,0,0,0,0,0,0,5000,0,0,0,13000,8000,5000,5000
058953,S&P反1國票03購01,0,0,0,0,0,0,0,0,0,5000,0,0,0,5000,0,5000,5000
058986,華新科凱基9A購03,0,0,0,0,0,0,0,0,0,5000,0,0,0,10000,5000,5000,5000
056783,國巨群益99購01  ,0,0,0,0,0,0,0,0,0,5000,0,0,0,15000,10000,5000,5000
058257,聯陽國泰9B購01  ,0,0,0,0,0,0,0,0,0,5000,0,0,0,5000,0,5000,5000
057944,新日興國票99購02,0,0,0,0,0,0,0,0,0,5000,0,0,0,6000,1000,5000,5000
056600,聯茂元富98購01  ,0,0,0,0,0,0,0,0,0,5000,0,0,0,5000,0,5000,5000
056394,晶豪科永豐98購01,0,0,0,0,0,0,0,0,0,5000,0,0,0,5000,0,5000,5000
056331,聯鈞國票99購01  ,0,0,0,0,0,0,0,0,0,5000,0,0,0,5000,0,5000,5000
056412,上証2X中信9A購02,0,0,0,0,0,0,0,0,0,5000,0,0,0,5000,0,5000,5000
057909,台光電兆豐98購01,0,0,0,0,0,0,0,0,0,5000,0,0,0,5000,0,5000,5000
057881,SP黃豆群益9A購01,0,0,0,0,0,0,0,0,0,5000,0,0,0,5000,0,5000,5000
056214,義隆國票99購01  ,0,0,0,0,0,0,0,0,0,5000,0,0,0,10000,5000,5000,5000
056274,彩晶統一98購02  ,0,0,0,0,0,0,0,0,0,5000,0,0,0,5000,0,5000,5000
057669,嘉晶元大99購03  ,0,0,0,0,0,0,0,0,0,5000,0,0,0,5000,0,5000,5000
057557,聯茂凱基99購04  ,0,0,0,0,0,0,0,0,0,5000,0,0,0,5000,0,5000,5000
05631P,國巨富邦9A售01  ,0,0,0,0,0,0,0,0,0,5000,0,0,0,5000,0,5000,5000
058228,為升元大99購01  ,0,0,0,0,0,0,0,0,0,5000,0,0,0,5000,0,5000,5000
5533,皇鼎            ,24000,19000,5000,0,0,0,0,0,0,0,0,0,0,0,0,0,5000
5706,鳳凰            ,5000,0,5000,0,0,0,0,0,0,0,0,0,0,0,0,0,5000
6206,飛捷            ,60000,55000,5000,0,0,0,0,0,0,0,0,0,0,0,0,0,5000
9103,美德醫療-DR     ,5000,0,5000,0,0,0,0,0,0,0,0,0,0,0,0,0,5000
910322,康師傅-DR       ,5000,0,5000,0,0,0,0,0,0,0,0,0,0,0,0,0,5000
2936,客思達-KY       ,5000,0,5000,0,0,0,0,0,0,0,0,0,0,0,0,0,5000
4438,廣越            ,8000,4000,4000,0,0,0,0,0,0,1000,1000,0,1000,0,0,0,5000
3257,虹冠電          ,6000,2000,4000,0,0,0,0,0,0,1000,1000,0,1000,0,0,0,5000
3025,星通            ,7000,2000,5000,0,0,0,0,0,0,0,0,0,0,0,0,0,5000
061158,世芯群益9A購02  ,0,0,0,0,0,0,0,0,0,4000,0,0,0,104000,100000,4000,4000
061296,台積電國泰9C購01,0,0,0,0,0,0,0,0,0,4000,0,0,0,12000,8000,4000,4000
060726,聯發科第一9A購01,0,0,0,0,0,0,0,0,0,4000,0,0,0,5000,1000,4000,4000
060812,智邦凱基9A購01  ,0,0,0,0,0,0,0,0,0,4000,0,0,0,4000,0,4000,4000
060331,台積電麥證9A購01,0,0,0,5000,1000,4000,0,0,0,4000,0,0,0,5000,1000,4000,4000
060551,大立光凱基9B購02,0,0,0,0,0,0,0,0,0,4000,0,0,0,5000,1000,4000,4000
060527,台積電中信9C購04,0,0,0,0,0,0,0,0,0,4000,0,0,0,6000,2000,4000,4000
060481,巨大元大9A購01  ,0,0,0,0,0,0,0,0,0,4000,0,0,0,101000,97000,4000,4000
060572,景碩永豐9A購01  ,0,0,0,0,0,0,0,0,0,4000,0,0,0,4000,0,4000,4000
060582,玉晶光群益9C購01,0,0,0,0,0,0,0,0,0,4000,0,0,0,4000,0,4000,4000
060620,玉晶光元大9A購04,0,0,0,0,0,0,0,0,0,4000,0,0,0,4000,0,4000,4000
07048P,台積電中信03售01,0,0,0,0,0,0,0,0,0,4000,0,0,0,4000,0,4000,4000
06787P,臺股指元大98售04,0,0,0,0,0,0,0,0,0,4000,0,0,0,4000,0,4000,4000
06760P,台積電元大98售18,0,0,0,0,0,0,0,0,0,4000,0,0,0,4000,0,4000,4000
06665P,欣興兆豐99售01  ,0,0,0,0,0,0,0,0,0,4000,0,0,0,4000,0,4000,4000
06494P,鴻海永昌98售03  ,0,0,0,0,0,0,0,0,0,4000,0,0,0,4000,0,4000,4000
06438P,玉晶光國票99售02,0,0,0,0,0,0,0,0,0,4000,0,0,0,4000,0,4000,4000
1721,三晃            ,5000,1000,4000,0,0,0,0,0,0,0,0,0,0,0,0,0,4000
2002A,中鋼特          ,0,0,0,0,0,0,0,0,0,4000,4000,0,4000,0,0,0,4000
07648P,祥碩國票9B售01  ,0,0,0,0,0,0,0,0,0,4000,0,0,0,8000,4000,4000,4000
1312A,國喬特          ,0,0,0,0,0,0,0,0,0,4000,4000,0,4000,0,0,0,4000
05159P,聯發科永豐95售04,0,0,0,0,0,0,0,0,0,4000,0,0,0,25000,21000,4000,4000
051602,南茂兆豐96購01  ,0,0,0,0,0,0,0,0,0,4000,0,0,0,4000,0,4000,4000
05192P,玉晶光台新96售02,0,0,0,0,0,0,0,0,0,4000,0,0,0,4000,0,4000,4000
052192,SP黃豆元富95購04,0,0,0,0,0,0,0,0,0,4000,0,0,0,24000,20000,4000,4000
01007T,兆豐國泰R2      ,4000,0,4000,0,0,0,0,0,0,0,0,0,0,0,0,0,4000
049803,華新科元大95購07,0,0,0,0,0,0,0,0,0,4000,0,0,0,4000,0,4000,4000
046937,聯電元大99購01  ,0,0,0,0,0,0,0,0,0,4000,0,0,0,12000,8000,4000,4000
050705,南電凱基96購01  ,0,0,0,0,0,0,0,0,0,4000,0,0,0,5000,1000,4000,4000
044457,滬深2X國票97購01,0,0,0,0,0,0,0,0,0,4000,0,0,0,4000,0,4000,4000
054300,華通凱基96購07  ,0,0,0,0,0,0,0,0,0,4000,0,0,0,4000,0,4000,4000
05457P,鴻海凱基95售20  ,0,0,0,0,0,0,0,0,0,4000,0,0,0,4000,0,4000,4000
052876,GIS凱基96購03   ,0,0,0,0,0,0,0,0,0,4000,0,0,0,4000,0,4000,4000
055283,聯發科元大97購16,0,0,0,0,0,0,0,0,0,4000,0,0,0,4000,0,4000,4000
055909,大成鋼凱基98購02,0,0,0,0,0,0,0,0,0,4000,0,0,0,34000,30000,4000,4000
053136,彩晶國票97購01  ,0,0,0,0,0,0,0,0,0,4000,0,0,0,4000,0,4000,4000
055033,漢唐富邦98購01  ,0,0,0,0,0,0,0,0,0,4000,0,0,0,4000,0,4000,4000
055008,隆達元富97購01  ,0,0,0,0,0,0,0,0,0,4000,0,0,0,12000,8000,4000,4000
05807P,泰鼎永豐96售03  ,0,0,0,0,0,0,0,0,0,4000,0,0,0,4000,0,4000,4000
057855,晶技國票99購01  ,0,0,0,0,0,0,0,0,0,4000,0,0,0,4000,0,4000,4000
058541,T50反1富邦01購01,0,0,0,0,0,0,0,0,0,4000,0,0,0,4000,0,4000,4000
058258,世芯國泰9A購01  ,0,0,0,0,0,0,0,0,0,4000,0,0,0,80000,76000,4000,4000
05676P,欣興群益96售04  ,0,0,0,0,0,0,0,0,0,4000,0,0,0,4000,0,4000,4000
058940,聯發科中信9A購03,0,0,0,0,0,0,0,0,0,4000,0,0,0,4000,0,4000,4000
059003,中壽元大99購01  ,0,0,0,0,0,0,0,0,0,4000,0,0,0,4000,0,4000,4000
058774,台郡兆豐9A購01  ,0,0,0,0,0,0,0,0,0,4000,0,0,0,4000,0,4000,4000
059082,華通元大99購06  ,0,0,0,0,0,0,0,0,0,4000,0,0,0,5000,1000,4000,4000
05696P,南亞科凱基96售01,0,0,0,0,0,0,0,0,0,4000,0,0,0,4000,0,4000,4000
056986,超眾群益98購03  ,0,0,0,0,0,0,0,0,0,4000,0,0,0,14000,10000,4000,4000
056994,緯穎兆豐98購02  ,0,0,0,0,0,0,0,0,0,4000,0,0,0,4000,0,4000,4000
056978,技嘉群益99購01  ,0,0,0,0,0,0,0,0,0,4000,0,0,0,4000,0,4000,4000
059681,華新科國泰9B購02,0,0,0,0,0,0,0,0,0,4000,0,0,0,4000,0,4000,4000
059915,聯發科元大99購32,0,0,0,0,0,0,0,0,0,4000,0,0,0,11000,7000,4000,4000
059362,健策永豐99購03  ,0,0,0,0,0,0,0,0,0,4000,0,0,0,14000,10000,4000,4000
059282,嘉聯益永豐99購01,0,0,0,0,0,0,0,0,0,4000,0,0,0,4000,0,4000,4000
3047,訊舟            ,48000,44000,4000,0,0,0,0,0,0,0,0,0,0,0,0,0,4000
3501,維熹            ,5000,1000,4000,0,0,0,0,0,0,0,0,0,0,0,0,0,4000
8499,鼎炫-KY         ,8000,4000,4000,0,0,0,0,0,0,0,0,0,0,0,0,0,4000
5525,順天            ,4000,0,4000,0,0,0,0,0,0,0,0,0,0,0,0,0,4000
6108,競國            ,48000,44000,4000,0,0,0,0,0,0,0,0,0,0,0,0,0,4000
07684P,大立光凱基9A售11,0,0,0,0,0,0,0,0,0,3000,0,0,0,50000,47000,3000,3000
2413,環科            ,9000,6000,3000,0,0,0,0,0,0,0,0,0,0,0,0,0,3000
2358,廷鑫            ,10000,7000,3000,0,0,0,0,0,0,0,0,0,0,0,0,0,3000
06567P,鴻海永豐98售02  ,0,0,0,0,0,0,0,0,0,3000,0,0,0,10000,7000,3000,3000
06200P,聯發科元大97售18,0,0,0,0,0,0,0,0,0,3000,0,0,0,3000,0,3000,3000
06303P,臺股指元大97售09,0,0,0,0,0,0,0,0,0,3000,0,0,0,3000,0,3000,3000
06387P,緯穎永豐97售02  ,0,0,0,0,0,0,0,0,0,3000,0,0,0,47000,44000,3000,3000
06613P,華新科富邦9A售03,0,0,0,0,0,0,0,0,0,3000,0,0,0,10000,7000,3000,3000
06616P,國巨元大98售15  ,0,0,0,0,0,0,0,0,0,3000,0,0,0,152000,149000,3000,3000
06986P,台積電台新9A售01,0,0,0,0,0,0,0,0,0,3000,0,0,0,3000,0,3000,3000
07126P,台積電元大99售23,0,0,0,0,0,0,0,0,0,3000,0,0,0,66000,63000,3000,3000
07105P,大毅元富99售02  ,0,0,0,0,0,0,0,0,0,3000,0,0,0,13000,10000,3000,3000
07252P,台灣50凱基99售01,0,0,0,0,0,0,0,0,0,3000,0,0,0,156000,153000,3000,3000
07283P,華新科凱基99售07,0,0,0,0,0,0,0,0,0,3000,0,0,0,13000,10000,3000,3000
07274P,上証2X群益01售01,0,0,0,0,0,0,0,0,0,3000,0,0,0,3000,0,3000,3000
07335P,臺股指國票99售20,0,0,0,0,0,0,0,0,0,3000,0,0,0,3000,0,3000,3000
07428P,華新科國票9A售01,0,0,0,0,0,0,0,0,0,3000,0,0,0,3000,0,3000,3000
060663,聯發科凱基9A購13,0,0,0,0,0,0,0,0,0,3000,0,0,0,3000,0,3000,3000
060465,聯發科元大9A購02,0,0,0,0,0,0,0,0,0,3000,0,0,0,36000,33000,3000,3000
060352,滬深2X元富9A購02,0,0,0,0,0,0,0,0,0,3000,0,0,0,14000,11000,3000,3000
060284,南港元大01購01  ,0,0,0,0,0,0,0,0,0,3000,0,0,0,3000,0,3000,3000
060151,旺宏富邦9A購02  ,0,0,0,0,0,0,0,0,0,3000,0,0,0,32000,29000,3000,3000
060890,大立光統一01購01,0,0,0,0,0,0,0,0,0,3000,0,0,0,102000,99000,3000,3000
061015,旺宏麥證9A購03  ,0,0,0,9000,6000,3000,0,0,0,3000,0,0,0,9000,6000,3000,3000
061295,台積電國泰9B購02,0,0,0,0,0,0,0,0,0,3000,0,0,0,5000,2000,3000,3000
061280,國巨統一9C購06  ,0,0,0,0,0,0,0,0,0,3000,0,0,0,3000,0,3000,3000
061388,台積電群益9A購05,0,0,0,0,0,0,0,0,0,3000,0,0,0,3000,0,3000,3000
061325,晶技凱基9A購03  ,0,0,0,0,0,0,0,0,0,3000,0,0,0,3000,0,3000,3000
061096,上証2X元大9A購06,0,0,0,0,0,0,0,0,0,3000,0,0,0,10000,7000,3000,3000
055075,南電永豐97購01  ,0,0,0,0,0,0,0,0,0,3000,0,0,0,3000,0,3000,3000
053054,禾伸堂國票97購01,0,0,0,0,0,0,0,0,0,3000,0,0,0,3000,0,3000,3000
053174,同欣電群益98購02,0,0,0,0,0,0,0,0,0,3000,0,0,0,3000,0,3000,3000
055865,臺股指元大97購02,0,0,0,0,0,0,0,0,0,3000,0,0,0,3000,0,3000,3000
057500,神達群益98購01  ,0,0,0,0,0,0,0,0,0,3000,0,0,0,3000,0,3000,3000
055339,緯穎兆豐98購01  ,0,0,0,0,0,0,0,0,0,3000,0,0,0,7000,4000,3000,3000
055648,可成元富97購01  ,0,0,0,0,0,0,0,0,0,3000,0,0,0,10000,7000,3000,3000
055563,智易凱基97購02  ,0,0,0,0,0,0,0,0,0,3000,0,0,0,99000,96000,3000,3000
05549P,臺股指元大96售03,0,0,0,0,0,0,0,0,0,3000,0,0,0,3000,0,3000,3000
055456,上銀富邦99購01  ,0,0,0,0,0,0,0,0,0,3000,0,0,0,3000,0,3000,3000
053004,燿華永豐96購01  ,0,0,0,0,0,0,0,0,0,3000,0,0,0,3000,0,3000,3000
05463P,創意國票96售04  ,0,0,0,0,0,0,0,0,0,3000,0,0,0,51000,48000,3000,3000
054245,鴻海元大96購23  ,0,0,0,0,0,0,0,0,0,3000,0,0,0,3000,0,3000,3000
046628,大立光統一98購01,0,0,0,0,0,0,0,0,0,3000,0,0,0,3000,0,3000,3000
04928P,大立光凱基95售07,0,0,0,0,0,0,0,0,0,3000,0,0,0,15000,12000,3000,3000
00731,FH富時高息低波  ,0,0,0,0,0,0,0,0,0,3000,0,0,0,8000,5000,3000,3000
006203,元大MSCI台灣    ,0,0,0,0,0,0,0,0,0,3000,0,0,0,3000,0,3000,3000
052017,奇鋐永豐95購01  ,0,0,0,0,0,0,0,0,0,3000,0,0,0,3000,0,3000,3000
051708,創意群益95購02  ,0,0,0,0,0,0,0,0,0,3000,0,0,0,3000,0,3000,3000
054106,元油反凱基9C購01,0,0,0,0,0,0,0,0,0,3000,0,0,0,3000,0,3000,3000
059310,元石油元大99購03,0,0,0,0,0,0,0,0,0,3000,0,0,0,3000,0,3000,3000
059381,TPK亞東99購01   ,0,0,0,0,0,0,0,0,0,3000,0,0,0,3000,0,3000,3000
059574,台表科凱基99購02,0,0,0,0,0,0,0,0,0,3000,0,0,0,3000,0,3000,3000
05954P,旺宏國票97售03  ,0,0,0,0,0,0,0,0,0,3000,0,0,0,3000,0,3000,3000
059621,T50正2凱基9C購04,0,0,0,0,0,0,0,0,0,3000,0,0,0,3000,0,3000,3000
05994P,奇鋐元大96售02  ,0,0,0,0,0,0,0,0,0,3000,0,0,0,93000,90000,3000,3000
060003,上証2X群益9B購02,0,0,0,0,0,0,0,0,0,3000,0,0,0,4000,1000,3000,3000
060038,台積電國票99購13,0,0,0,0,0,0,0,0,0,3000,0,0,0,5000,2000,3000,3000
059683,康控富邦9C購01  ,0,0,0,0,0,0,0,0,0,3000,0,0,0,3000,0,3000,3000
059786,全新元大99購06  ,0,0,0,0,0,0,0,0,0,3000,0,0,0,13000,10000,3000,3000
059760,楠梓電永豐99購01,0,0,0,0,0,0,0,0,0,3000,0,0,0,117000,114000,3000,3000
059892,台灣50台新9A購02,0,0,0,0,0,0,0,0,0,3000,0,0,0,3000,0,3000,3000
05700P,臻鼎凱基96售02  ,0,0,0,0,0,0,0,0,0,3000,0,0,0,3000,0,3000,3000
057163,上銀元大98購04  ,0,0,0,0,0,0,0,0,0,3000,0,0,0,9000,6000,3000,3000
057131,奇力新凱基98購05,0,0,0,0,0,0,0,0,0,3000,0,0,0,3000,0,3000,3000
05691P,聯發科中信98售01,0,0,0,0,0,0,0,0,0,3000,0,0,0,13000,10000,3000,3000
059078,FBVIX元大99購06 ,0,0,0,0,0,0,0,0,0,3000,0,0,0,3000,0,3000,3000
059058,可成凱基9B購01  ,0,0,0,0,0,0,0,0,0,3000,0,0,0,6000,3000,3000,3000
059056,技嘉凱基99購02  ,0,0,0,0,0,0,0,0,0,3000,0,0,0,3000,0,3000,3000
059238,台積電凱基99購11,0,0,0,0,0,0,0,0,0,3000,0,0,0,3000,0,3000,3000
059012,臺股指元大9A購31,0,0,0,0,0,0,0,0,0,3000,0,0,0,3000,0,3000,3000
058960,臺股指國票99購05,0,0,0,0,0,0,0,0,0,3000,0,0,0,9000,6000,3000,3000
056697,緯穎群益98購01  ,0,0,0,0,0,0,0,0,0,3000,0,0,0,48000,45000,3000,3000
058286,道瓊指國票9B購01,0,0,0,0,0,0,0,0,0,3000,0,0,0,3000,0,3000,3000
057920,奇力新凱基98購08,0,0,0,0,0,0,0,0,0,3000,0,0,0,6000,3000,3000,3000
058524,超眾元大99購04  ,0,0,0,0,0,0,0,0,0,3000,0,0,0,3000,0,3000,3000
058682,聯發科凱基99購07,0,0,0,0,0,0,0,0,0,3000,0,0,0,3000,0,3000,3000
058649,健策永豐99購01  ,0,0,0,0,0,0,0,0,0,3000,0,0,0,5000,2000,3000,3000
056611,國巨永豐98購03  ,0,0,0,0,0,0,0,0,0,3000,0,0,0,9000,6000,3000,3000
056570,旺宏元大98購07  ,0,0,0,0,0,0,0,0,0,3000,0,0,0,3000,0,3000,3000
058794,旺宏元大99購09  ,0,0,0,0,0,0,0,0,0,3000,0,0,0,3000,0,3000,3000
056173,廣達元富97購01  ,0,0,0,0,0,0,0,0,0,3000,0,0,0,3000,0,3000,3000
057716,神達統一98購01  ,0,0,0,0,0,0,0,0,0,3000,0,0,0,3000,0,3000,3000
4999,鑫禾            ,17000,14000,3000,0,0,0,0,0,0,0,0,0,0,0,0,0,3000
4989,榮科            ,7000,4000,3000,0,0,0,0,0,0,0,0,0,0,0,0,0,3000
6412,群電            ,25000,17000,8000,0,0,0,0,0,0,-5000,0,1000,-1000,0,4000,-4000,3000
9941A,裕融甲特        ,0,0,0,0,0,0,0,0,0,3000,3000,0,3000,0,0,0,3000
3055,蔚華科          ,4000,1000,3000,0,0,0,0,0,0,0,0,0,0,0,0,0,3000
3591,艾笛森          ,3000,0,3000,0,0,0,0,0,0,0,0,0,0,0,0,0,3000
2881B,富邦金乙特      ,0,0,0,0,0,0,0,0,0,3000,3000,0,3000,0,0,0,3000
2838A,聯邦銀甲特      ,0,0,0,0,0,0,0,0,0,3000,3000,0,3000,0,0,0,3000
2468,華經            ,3000,0,3000,0,0,0,0,0,0,0,0,0,0,0,0,0,3000
2611,志信            ,3000,0,3000,0,0,0,0,0,0,0,0,0,0,0,0,0,3000
061091,奇力新統一9C購02,0,0,0,0,0,0,0,0,0,2000,0,0,0,2000,0,2000,2000
061094,彩晶統一9B購02  ,0,0,0,0,0,0,0,0,0,2000,0,0,0,2000,0,2000,2000
061061,聯發科麥證9A購02,0,0,0,5000,3000,2000,0,0,0,2000,0,0,0,5000,3000,2000,2000
061178,晶技凱基9B購01  ,0,0,0,0,0,0,0,0,0,2000,0,0,0,2000,0,2000,2000
061205,旺宏元大9A購11  ,0,0,0,0,0,0,0,0,0,2000,0,0,0,107000,105000,2000,2000
061193,玉晶光永豐9B購02,0,0,0,0,0,0,0,0,0,2000,0,0,0,2000,0,2000,2000
061364,國巨國票9A購09  ,0,0,0,0,0,0,0,0,0,2000,0,0,0,8000,6000,2000,2000
061012,國巨麥證9A購03  ,0,0,0,2000,0,2000,0,0,0,2000,0,0,0,2000,0,2000,2000
06089P,矽創永豐97售01  ,0,0,0,0,0,0,0,0,0,2000,0,0,0,2000,0,2000,2000
060730,台積電群益9A購03,0,0,0,0,0,0,0,0,0,2000,0,0,0,9000,7000,2000,2000
060149,元金2X富邦04購01,0,0,0,0,0,0,0,0,0,2000,0,0,0,2000,0,2000,2000
060183,南亞科元富9A購01,0,0,0,0,0,0,0,0,0,2000,0,0,0,22000,20000,2000,2000
060097,華新科元大99購23,0,0,0,0,0,0,0,0,0,2000,0,0,0,2000,0,2000,2000
060116,世紀鋼元大99購07,0,0,0,0,0,0,0,0,0,2000,0,0,0,55000,53000,2000,2000
060372,A50正2元富9A購04,0,0,0,0,0,0,0,0,0,2000,0,0,0,2000,0,2000,2000
060332,聯發科麥證9A購01,0,0,0,4000,2000,2000,0,0,0,2000,0,0,0,4000,2000,2000,2000
060324,台積電群益9B購02,0,0,0,0,0,0,0,0,0,2000,0,0,0,2000,0,2000,2000
060635,義隆永豐9A購01  ,0,0,0,0,0,0,0,0,0,2000,0,0,0,14000,12000,2000,2000
07353P,大立光國票99售02,0,0,0,0,0,0,0,0,0,2000,0,0,0,3000,1000,2000,2000
07197P,臺股指元大99售13,0,0,0,0,0,0,0,0,0,2000,0,0,0,2000,0,2000,2000
06946P,T50正2元大9C售01,0,0,0,0,0,0,0,0,0,2000,0,0,0,2000,0,2000,2000
06180P,禾伸堂群益97售01,0,0,0,0,0,0,0,0,0,2000,0,0,0,2000,0,2000,2000
06508P,台灣50統一98售01,0,0,0,0,0,0,0,0,0,2000,0,0,0,2000,0,2000,2000
1786,科妍            ,18000,16000,2000,0,0,0,0,0,0,0,0,0,0,0,0,0,2000
1516,川飛            ,0,1000,-1000,0,0,0,0,0,0,3000,3000,0,3000,0,0,0,2000
07715P,台灣50群益9A售14,0,0,0,0,0,0,0,0,0,2000,0,0,0,121000,119000,2000,2000
07745P,華新科凱基9A售10,0,0,0,0,0,0,0,0,0,2000,0,0,0,4000,2000,2000,2000
07723P,臺股指凱基9A售15,0,0,0,0,0,0,0,0,0,2000,0,0,0,6000,4000,2000,2000
1416,廣豐            ,2000,0,2000,0,0,0,0,0,0,0,0,0,0,0,0,0,2000
1436,華友聯          ,2000,0,2000,0,0,0,0,0,0,0,0,0,0,0,0,0,2000
1236,宏亞            ,1000,1000,0,0,0,0,0,0,0,2000,2000,0,2000,0,0,0,2000
07564P,臺股指中信01售01,0,0,0,0,0,0,0,0,0,2000,0,0,0,2000,0,2000,2000
07490P,大立光國票9A售03,0,0,0,0,0,0,0,0,0,2000,0,0,0,2000,0,2000,2000
07476P,鴻海群益9A售04  ,0,0,0,0,0,0,0,0,0,2000,0,0,0,2000,0,2000,2000
054061,晶技國票97購03  ,25000,0,25000,0,0,0,0,0,0,-23000,0,0,0,21000,44000,-23000,2000
053583,漢唐元大96購03  ,0,0,0,0,0,0,0,0,0,2000,0,0,0,100000,98000,2000,2000
05259P,臺股指凱基96售12,0,0,0,0,0,0,0,0,0,2000,0,0,0,2000,0,2000,2000
05176P,台積電凱基95售11,0,0,0,0,0,0,0,0,0,2000,0,0,0,2000,0,2000,2000
05179P,大立光凱基96售06,0,0,0,0,0,0,0,0,0,2000,0,0,0,2000,0,2000,2000
052151,義隆富邦96購01  ,0,0,0,0,0,0,0,0,0,2000,0,0,0,3000,1000,2000,2000
00774C,新光中政金綠債+R,0,0,0,0,0,0,0,0,0,2000,0,0,0,2000,0,2000,2000
048937,玉晶光永豐95購01,0,0,0,0,0,0,0,0,0,2000,0,0,0,2000,0,2000,2000
049252,國巨元大96購01  ,0,0,0,0,0,0,0,0,0,2000,0,0,0,32000,30000,2000,2000
04633P,旺宏群益96售04  ,0,0,0,0,0,0,0,0,0,2000,0,0,0,2000,0,2000,2000
045443,群創元富98購01  ,0,0,0,0,0,0,0,0,0,2000,0,0,0,22000,20000,2000,2000
03648C,T50反1元大96牛07,0,0,0,0,0,0,0,0,0,2000,0,0,0,2000,0,2000,2000
050123,群臺反凱基96購01,0,0,0,0,0,0,0,0,0,2000,0,0,0,2000,0,2000,2000
051266,國巨富邦99購01  ,0,3000,-3000,0,0,0,0,0,0,5000,0,0,0,81000,76000,5000,2000
054170,泰鼎凱基98購01  ,0,0,0,0,0,0,0,0,0,2000,0,0,0,2000,0,2000,2000
05420P,大立光國泰97售03,0,0,0,0,0,0,0,0,0,2000,0,0,0,2000,0,2000,2000
054298,台表科元大97購03,0,0,0,0,0,0,0,0,0,2000,0,0,0,80000,78000,2000,2000
054487,京元電台新97購01,0,0,0,0,0,0,0,0,0,2000,0,0,0,2000,0,2000,2000
054632,緯穎凱基9A購01  ,0,0,0,0,0,0,0,0,0,2000,0,0,0,2000,0,2000,2000
05483P,國巨凱基95售07  ,0,0,0,0,0,0,0,0,0,2000,0,0,0,2000,0,2000,2000
054859,鴻海群益97購02  ,0,0,0,0,0,0,0,0,0,2000,0,0,0,2000,0,2000,2000
052882,南電凱基96購02  ,0,0,0,0,0,0,0,0,0,2000,0,0,0,6000,4000,2000,2000
054923,晶技凱基98購01  ,0,0,0,0,0,0,0,0,0,2000,0,0,0,14000,12000,2000,2000
055576,嘉晶統一98購01  ,0,0,0,0,0,0,0,0,0,2000,0,0,0,2000,0,2000,2000
05564P,玉晶光元大97售02,0,0,0,0,0,0,0,0,0,2000,0,0,0,2000,0,2000,2000
055724,祥碩元大97購03  ,0,0,0,0,0,0,0,0,0,2000,0,0,0,4000,2000,2000,2000
055731,美律元富97購01  ,0,0,0,0,0,0,0,0,0,2000,0,0,0,109000,107000,2000,2000
057547,技嘉凱基99購01  ,0,0,0,0,0,0,0,0,0,2000,0,0,0,7000,5000,2000,2000
057549,台光電凱基98購05,0,0,0,0,0,0,0,0,0,2000,0,0,0,2000,0,2000,2000
057511,健策統一98購02  ,0,0,0,0,0,0,0,0,0,2000,0,0,0,2000,0,2000,2000
053266,全新群益98購01  ,0,0,0,0,0,0,0,0,0,2000,0,0,0,2000,0,2000,2000
053145,元黃金元大96購02,0,0,0,0,0,0,0,0,0,2000,0,0,0,2000,0,2000,2000
053073,技嘉康和96購01  ,0,0,0,0,0,0,0,0,0,2000,0,0,0,16000,14000,2000,2000
055058,大毅永豐97購01  ,0,0,0,0,0,0,0,0,0,2000,0,0,0,5000,3000,2000,2000
055026,健和興國泰98購01,0,0,0,0,0,0,0,0,0,2000,0,0,0,2000,0,2000,2000
055157,晶豪科元大97購01,0,0,0,0,0,0,0,0,0,2000,0,0,0,2000,0,2000,2000
053426,創意永豐96購04  ,0,0,0,0,0,0,0,0,0,2000,0,0,0,2000,0,2000,2000
053494,南亞科兆豐96購02,0,0,0,0,0,0,0,0,0,2000,0,0,0,8000,6000,2000,2000
056265,國泰金統一97購01,0,0,0,0,0,0,0,0,0,2000,0,0,0,2000,0,2000,2000
056250,瑞昱兆豐97購02  ,0,0,0,0,0,0,0,0,0,2000,0,0,0,18000,16000,2000,2000
057630,茂林永豐98購01  ,0,0,0,0,0,0,0,0,0,2000,0,0,0,2000,0,2000,2000
057720,日電貿元富98購01,0,0,0,0,0,0,0,0,0,2000,0,0,0,12000,10000,2000,2000
058227,台灣50元大9C購01,0,0,0,0,0,0,0,0,0,2000,0,0,0,2000,0,2000,2000
056297,台光電元大97購04,0,0,0,0,0,0,0,0,0,2000,0,0,0,2000,0,2000,2000
057787,TPK國票99購01   ,0,0,0,0,0,0,0,0,0,2000,0,0,0,26000,24000,2000,2000
056608,力山永豐98購01  ,0,0,0,0,0,0,0,0,0,2000,0,0,0,22000,20000,2000,2000
058481,玉晶光凱基9A購04,0,0,0,0,0,0,0,0,0,2000,0,0,0,2000,0,2000,2000
058362,聯發科凱基99購06,0,0,0,0,0,0,0,0,0,2000,0,0,0,2000,0,2000,2000
058363,全新凱基9A購02  ,0,0,0,0,0,0,0,0,0,2000,0,0,0,2000,0,2000,2000
058391,T50反1元大99購02,0,0,0,0,0,0,0,0,0,2000,0,0,0,2000,0,2000,2000
058734,康友永豐99購01  ,0,0,0,0,0,0,0,0,0,2000,0,0,0,2000,0,2000,2000
058537,彩晶統一9B購01  ,0,0,0,0,0,0,0,0,0,2000,0,0,0,2000,0,2000,2000
058295,欣興凱基99購02  ,0,0,0,0,0,0,0,0,0,2000,0,0,0,212000,210000,2000,2000
056700,華新科國泰99購03,0,0,0,0,0,0,0,0,0,2000,0,0,0,2000,0,2000,2000
05869P,旺宏凱基96售05  ,0,0,0,0,0,0,0,0,0,2000,0,0,0,2000,0,2000,2000
057241,超眾凱基99購02  ,0,0,0,0,0,0,0,0,0,2000,0,0,0,2000,0,2000,2000
057043,台積電元大99購02,0,0,0,0,0,0,0,0,0,2000,0,0,0,2000,0,2000,2000
057085,立積統一9B購02  ,0,0,0,0,0,0,0,0,0,2000,0,0,0,2000,0,2000,2000
056915,上銀兆豐99購01  ,0,0,0,0,0,0,0,0,0,2000,0,0,0,2000,0,2000,2000
057188,佐登元大98購01  ,0,0,0,0,0,0,0,0,0,2000,0,0,0,2000,0,2000,2000
059719,台積電元大99購42,0,0,0,0,0,0,0,0,0,2000,0,0,0,17000,15000,2000,2000
059724,聯發科元大99購30,0,0,0,0,0,0,0,0,0,2000,0,0,0,4000,2000,2000,2000
05996P,華新科群益96售03,0,0,0,0,0,0,0,0,0,2000,0,0,0,2000,0,2000,2000
059983,聯發科元大99購38,0,0,0,0,0,0,0,0,0,2000,0,0,0,53000,51000,2000,2000
059849,興勤永豐99購01  ,0,0,0,0,0,0,0,0,0,2000,0,0,0,2000,0,2000,2000
059541,T50正2康和99購01,0,0,0,0,0,0,0,0,0,2000,0,0,0,7000,5000,2000,2000
05950P,台積電國票97售04,0,0,0,0,0,0,0,0,0,2000,0,0,0,2000,0,2000,2000
059433,聯發科元大99購27,0,0,0,0,0,0,0,0,0,2000,0,0,0,3000,1000,2000,2000
059342,聯發科凱基9A購05,0,0,0,0,0,0,0,0,0,2000,0,0,0,2000,0,2000,2000
9927,泰銘            ,28000,26000,2000,0,0,0,0,0,0,0,0,0,0,0,0,0,2000
8497,格威傳媒        ,2000,0,2000,0,0,0,0,0,0,0,0,0,0,0,0,0,2000
8114,振樺電          ,19000,16000,3000,0,0,0,0,0,0,-1000,0,1000,-1000,0,0,0,2000
6281,全國電          ,2000,0,2000,0,0,0,0,0,0,0,0,0,0,0,0,0,2000
4952,凌通            ,36000,34000,2000,0,0,0,0,0,0,0,0,0,0,0,0,0,2000
6115,鎰勝            ,4000,2000,2000,0,0,0,0,0,0,0,0,0,0,0,0,0,2000
07538P,玉晶光元富9A售05,0,0,0,0,0,0,0,0,0,1000,0,0,0,1000,0,1000,1000
07652P,臺股指中信9A售07,0,0,0,0,0,0,0,0,0,1000,0,0,0,26000,25000,1000,1000
07626P,台灣50凱基04售07,0,0,0,0,0,0,0,0,0,1000,0,0,0,21000,20000,1000,1000
1234,黑松            ,5000,4000,1000,0,0,0,0,0,0,0,0,0,0,0,0,0,1000
1108,幸福            ,4000,3000,1000,0,0,0,0,0,0,0,0,0,0,0,0,0,1000
1521,大億            ,3000,2000,1000,0,0,0,0,0,0,0,0,0,0,0,0,0,1000
1583,程泰            ,1000,0,1000,0,0,0,0,0,0,0,0,0,0,0,0,0,1000
2007,燁興            ,1000,0,1000,0,0,0,0,0,0,0,0,0,0,0,0,0,1000
2009,第一銅          ,5000,4000,1000,0,0,0,0,0,0,0,0,0,0,0,0,0,1000
2373,震旦行          ,1000,0,1000,0,0,0,0,0,0,0,1000,1000,0,0,0,0,1000
2462,良得電          ,1000,0,1000,0,0,0,0,0,0,0,0,0,0,0,0,0,1000
06417P,台積電兆豐97售03,0,0,0,0,0,0,0,0,0,1000,0,0,0,1000,0,1000,1000
06459P,亞德客元富98售01,0,0,0,0,0,0,0,0,0,1000,0,0,0,1000,0,1000,1000
06206P,台積電凱基97售11,0,0,0,0,0,0,0,0,0,1000,0,0,0,1000,0,1000,1000
06307P,聚陽元富97售02  ,0,0,0,0,0,0,0,0,0,1000,0,0,0,1000,0,1000,1000
06634P,欣興國票98售02  ,0,0,0,0,0,0,0,0,0,1000,0,0,0,3000,2000,1000,1000
06622P,牧德元大98售01  ,0,0,0,0,0,0,0,0,0,1000,0,0,0,177000,176000,1000,1000
06725P,聯電元富98售01  ,0,0,0,0,0,0,0,0,0,1000,0,0,0,1000,0,1000,1000
06865P,亞德客元大98售04,0,0,0,0,0,0,0,0,0,1000,0,0,0,1000,0,1000,1000
07013P,玉晶光群益9A售06,0,0,0,0,0,0,0,0,0,1000,0,0,0,1000,0,1000,1000
07064P,臺股指元大9A售25,0,0,0,0,0,0,0,0,0,1000,0,0,0,1000,0,1000,1000
07199P,臺股指元大99售15,0,0,0,0,0,0,0,0,0,1000,0,0,0,1000,0,1000,1000
07429P,臺股指國票9A售01,0,0,0,0,0,0,0,0,0,1000,0,0,0,1000,0,1000,1000
07243P,台灣50凱基9A售04,0,0,0,0,0,0,0,0,0,1000,0,0,0,3000,2000,1000,1000
060639,玉晶光永豐9A購05,0,0,0,0,0,0,0,0,0,1000,0,0,0,1000,0,1000,1000
060491,台灣50元富04購01,0,0,0,0,0,0,0,0,0,1000,0,0,0,1000,0,1000,1000
060341,國巨統一9C購02  ,0,0,0,0,0,0,0,0,0,1000,0,0,0,1000,0,1000,1000
060091,技嘉元大99購03  ,0,0,0,0,0,0,0,0,0,1000,0,0,0,48000,47000,1000,1000
060072,國巨元富99購04  ,0,0,0,0,0,0,0,0,0,1000,0,0,0,1000,0,1000,1000
060800,華新科第一9A購01,0,0,0,0,0,0,0,0,0,1000,0,0,0,637000,636000,1000,1000
060822,華通元大9A購05  ,0,0,0,0,0,0,0,0,0,1000,0,0,0,50000,49000,1000,1000
061019,大毅國票9A購01  ,0,0,0,0,0,0,0,0,0,1000,0,0,0,5000,4000,1000,1000
060964,日月光凱基9A購01,0,0,0,0,0,0,0,0,0,1000,0,0,0,20000,19000,1000,1000
060977,亞德客元大9A購04,0,0,0,0,0,0,0,0,0,1000,0,0,0,15000,14000,1000,1000
061078,台積電兆豐9A購01,0,0,0,0,0,0,0,0,0,1000,0,0,0,7000,6000,1000,1000
053474,聯發科元大97購06,0,0,0,0,0,0,0,0,0,1000,0,0,0,1000,0,1000,1000
053322,京鼎群益97購01  ,0,0,0,0,0,0,0,0,0,1000,0,0,0,1000,0,1000,1000
05515P,台積電群益96售03,0,0,0,0,0,0,0,0,0,1000,0,0,0,181000,180000,1000,1000
055136,聯發科富邦99購06,0,0,0,0,0,0,0,0,0,1000,0,0,0,2000,1000,1000,1000
055074,台虹永豐97購01  ,0,0,0,0,0,0,0,0,0,1000,0,0,0,1000,0,1000,1000
055091,微星群益97購01  ,0,0,0,0,0,0,0,0,0,1000,0,0,0,1000,0,1000,1000
053195,玉晶光元富96購02,0,0,0,0,0,0,0,0,0,1000,0,0,0,2000,1000,1000,1000
053224,矽力凱基96購02  ,0,0,0,0,0,0,0,0,0,1000,0,0,0,1000,0,1000,1000
057513,智邦台新98購01  ,0,0,0,0,0,0,0,0,0,1000,0,0,0,1000,0,1000,1000
057515,智原元富98購02  ,0,0,0,0,0,0,0,0,0,1000,0,0,0,1000,0,1000,1000
05752P,台積電中信96售06,0,0,0,0,0,0,0,0,0,1000,0,0,0,30000,29000,1000,1000
055872,亞泥元富97購01  ,0,0,0,0,0,0,0,0,0,1000,0,0,0,11000,10000,1000,1000
055847,大立光元大97購10,0,0,0,0,0,0,0,0,0,1000,0,0,0,1000,0,1000,1000
055949,亞德客元大97購04,0,0,0,0,0,0,0,0,0,1000,0,0,0,20000,19000,1000,1000
056165,矽力凱基98購02  ,0,0,0,0,0,0,0,0,0,1000,0,0,0,1000,0,1000,1000
05570P,聯發科統一96售04,0,0,0,0,0,0,0,0,0,1000,0,0,0,1000,0,1000,1000
055690,矽力凱基97購02  ,0,0,0,0,0,0,0,0,0,1000,0,0,0,1000,0,1000,1000
05527P,聯茂群益96售01  ,0,0,0,0,0,0,0,0,0,1000,0,0,0,1000,0,1000,1000
055466,台達電凱基97購03,0,0,0,0,0,0,0,0,0,1000,0,0,0,1000,0,1000,1000
052963,智邦凱基96購02  ,0,0,0,0,0,0,0,0,0,1000,0,0,0,1000,0,1000,1000
052967,智邦群益96購01  ,0,0,0,0,0,0,0,0,0,1000,0,0,0,1000,0,1000,1000
052987,華新科元大99購01,0,0,0,0,0,0,0,0,0,1000,0,0,0,1000,0,1000,1000
054559,台光電群益99購01,0,0,0,0,0,0,0,0,0,1000,0,0,0,51000,50000,1000,1000
054468,台郡凱基98購01  ,0,0,0,0,0,0,0,0,0,1000,0,0,0,1000,0,1000,1000
054554,大立光凱基98購02,0,0,0,0,0,0,0,0,0,1000,0,0,0,1000,0,1000,1000
05424P,台達電亞東96售02,0,0,0,0,0,0,0,0,0,1000,0,0,0,11000,10000,1000,1000
054293,健策元大98購02  ,0,0,0,0,0,0,0,0,0,1000,0,0,0,1000,0,1000,1000
050998,訊連元大95購01  ,0,0,0,0,0,0,0,0,0,1000,0,0,0,2000,1000,1000,1000
050907,臺股指元大95購14,0,0,0,0,0,0,0,0,0,1000,0,0,0,1000,0,1000,1000
050545,奇力新凱基95購01,0,0,0,0,0,0,0,0,0,1000,0,0,0,3000,2000,1000,1000
05013P,台積電元大96售05,0,0,0,0,0,0,0,0,0,1000,0,0,0,11000,10000,1000,1000
050303,S&P反1中信96購01,0,0,0,0,0,0,0,0,0,1000,0,0,0,1000,0,1000,1000
044963,台積電中信96購01,0,0,0,0,0,0,0,0,0,1000,0,0,0,1000,0,1000,1000
03896P,長榮航凱基95售01,0,0,0,0,0,0,0,0,0,1000,0,0,0,1000,0,1000,1000
044475,國巨元富95購02  ,0,0,0,0,0,0,0,0,0,1000,0,0,0,10000,9000,1000,1000
04049P,大立光元大95售02,0,0,0,0,0,0,0,0,0,1000,0,0,0,1000,0,1000,1000
04167P,滬深反凱基99售01,0,0,0,0,0,0,0,0,0,1000,0,0,0,1000,0,1000,1000
047584,元金2X永豐95購01,0,0,0,0,0,0,0,0,0,1000,0,0,0,1000,0,1000,1000
03047X,元展44          ,0,0,0,0,0,0,0,0,0,1000,0,0,0,1000,0,1000,1000
046568,臻鼎元富95購01  ,0,0,0,0,0,0,0,0,0,1000,0,0,0,1000,0,1000,1000
047493,旺宏元富96購01  ,0,0,0,0,0,0,0,0,0,1000,0,0,0,1000,0,1000,1000
048905,旺宏富邦96購01  ,0,0,0,0,0,0,0,0,0,1000,0,0,0,1000,0,1000,1000
04957P,上証2X凱基96售02,0,0,0,0,0,0,0,0,0,1000,0,0,0,1000,0,1000,1000
049582,台積電元大95購03,110000,0,110000,0,0,0,0,0,0,-109000,0,0,0,61000,170000,-109000,1000
049659,旺宏台新95購01  ,0,0,0,0,0,0,0,0,0,1000,0,0,0,1000,0,1000,1000
04947P,聯詠元大94售05  ,0,0,0,0,0,0,0,0,0,1000,0,0,0,1000,0,1000,1000
020000,富邦特選蘋果N   ,0,0,0,0,0,0,0,0,0,1000,0,0,0,22000,21000,1000,1000
00685L,群益臺灣加權正2 ,0,0,0,0,0,0,0,0,0,1000,0,0,0,1000,0,1000,1000
05227P,大立光統一95售04,0,0,0,0,0,0,0,0,0,1000,0,0,0,1000,0,1000,1000
052227,瑞昱凱基95購05  ,0,0,0,0,0,0,0,0,0,1000,0,0,0,1000,0,1000,1000
05236P,緯穎康和95售01  ,0,0,0,0,0,0,0,0,0,1000,0,0,0,1000,0,1000,1000
052371,元金2X元大95購01,0,0,0,0,0,0,0,0,0,1000,0,0,0,1000,0,1000,1000
052570,華新科凱基96購06,0,0,0,0,0,0,0,0,0,1000,0,0,0,241000,240000,1000,1000
051805,元黃金凱基97購02,0,0,0,0,0,0,0,0,0,1000,0,0,0,1000,0,1000,1000
051635,大立光國票96購04,0,0,0,0,0,0,0,0,0,1000,0,0,0,1000,0,1000,1000
051580,宏碁元大95購02  ,0,0,0,0,0,0,0,0,0,1000,0,0,0,1000,0,1000,1000
052809,訊芯元大97購01  ,0,0,0,0,0,0,0,0,0,1000,0,0,0,1000,0,1000,1000
053661,嘉澤凱基97購01  ,0,0,0,0,0,0,0,0,0,1000,0,0,0,1000,0,1000,1000
053635,技嘉永豐96購01  ,0,0,0,0,0,0,0,0,0,1000,0,0,0,1000,0,1000,1000
053706,S&P反1凱基99購01,0,0,0,0,0,0,0,0,0,1000,0,0,0,1000,0,1000,1000
054081,聯電元富96購01  ,0,0,0,0,0,0,0,0,0,1000,0,0,0,21000,20000,1000,1000
054059,欣興國票97購03  ,0,0,0,0,0,0,0,0,0,1000,0,0,0,1000,0,1000,1000
053954,貿聯康和96購01  ,0,0,0,0,0,0,0,0,0,1000,0,0,0,1000,0,1000,1000
059293,宏達電元富9B購01,0,0,0,0,0,0,0,0,0,1000,0,0,0,1000,0,1000,1000
05951P,台積電國票97售05,0,0,0,0,0,0,0,0,0,1000,0,0,0,1000,0,1000,1000
059566,台積電凱基9A購11,0,0,0,0,0,0,0,0,0,1000,0,0,0,3000,2000,1000,1000
059979,台積電元大99購49,0,0,0,0,0,0,0,0,0,1000,0,0,0,3000,2000,1000,1000
059939,技嘉永豐99購01  ,0,0,0,0,0,0,0,0,0,1000,0,0,0,1000,0,1000,1000
05991P,聯茂群益96售05  ,0,0,0,0,0,0,0,0,0,1000,0,0,0,1000,0,1000,1000
060007,鴻海群益99購04  ,0,0,0,0,0,0,0,0,0,1000,0,0,0,15000,14000,1000,1000
060020,康控康和99購01  ,0,0,0,0,0,0,0,0,0,1000,0,0,0,32000,31000,1000,1000
059901,滬深2X元大9C購07,0,0,0,0,0,0,0,0,0,1000,0,0,0,5000,4000,1000,1000
059885,台積電國票99購12,0,0,0,0,0,0,0,0,0,1000,0,0,0,24000,23000,1000,1000
059738,上証2X元富99購01,0,0,0,0,0,0,0,0,0,1000,0,0,0,1000,0,1000,1000
059751,華通群益9B購03  ,0,0,0,0,0,0,0,0,0,1000,0,0,0,52000,51000,1000,1000
057178,可成元大98購03  ,0,0,0,0,0,0,0,0,0,1000,0,0,0,1000,0,1000,1000
057313,聯發科麥證99購01,0,0,0,3000,2000,1000,0,0,0,1000,0,0,0,3000,2000,1000,1000
057000,亞德客國票99購01,0,0,0,0,0,0,0,0,0,1000,0,0,0,31000,30000,1000,1000
059145,創意國票99購02  ,0,0,0,0,0,0,0,0,0,1000,0,0,0,2000,1000,1000,1000
056914,臺股指元大99購09,0,0,0,0,0,0,0,0,0,1000,0,0,0,1000,0,1000,1000
056820,欣興永豐98購02  ,0,0,0,0,0,0,0,0,0,1000,0,0,0,1000,0,1000,1000
056938,泰碩元富98購01  ,0,0,0,0,0,0,0,0,0,1000,0,0,0,1000,0,1000,1000
057369,奇力新元大99購05,0,0,0,0,0,0,0,0,0,1000,0,0,0,15000,14000,1000,1000
057353,玉晶光統一99購01,0,0,0,0,0,0,0,0,0,1000,0,0,0,1000,0,1000,1000
057260,微星兆豐98購01  ,0,0,0,0,0,0,0,0,0,1000,0,0,0,52000,51000,1000,1000
059224,大立光元大99購15,0,0,0,0,0,0,0,0,0,1000,0,0,0,5000,4000,1000,1000
059229,臺股指元大99購22,0,0,0,0,0,0,0,0,0,1000,0,0,0,1000,0,1000,1000
058717,南電台新99購02  ,0,0,0,0,0,0,0,0,0,1000,0,0,0,1000,0,1000,1000
058902,聯發科元大99購15,0,0,0,0,0,0,0,0,0,1000,0,0,0,17000,16000,1000,1000
058956,健策國票9A購02  ,0,0,0,0,0,0,0,0,0,1000,0,0,0,1000,0,1000,1000
057947,和碩國票99購01  ,0,0,0,0,0,0,0,0,0,1000,0,0,0,1000,0,1000,1000
058750,緯穎凱基9A購03  ,0,0,0,0,0,0,0,0,0,1000,0,0,0,13000,12000,1000,1000
058369,亞光凱基99購02  ,0,0,0,0,0,0,0,0,0,1000,0,0,0,1000,0,1000,1000
058372,欣興凱基99購03  ,0,0,0,0,0,0,0,0,0,1000,0,0,0,2000,1000,1000,1000
058415,祥碩兆豐99購01  ,0,0,0,0,0,0,0,0,0,1000,0,0,0,8000,7000,1000,1000
058416,鴻海麥證99購01  ,0,0,0,1000,0,1000,0,0,0,1000,0,0,0,1000,0,1000,1000
05849P,臺股指元大96售25,0,0,0,0,0,0,0,0,0,1000,0,0,0,1000,0,1000,1000
057760,聯發科凱基98購18,0,0,0,0,0,0,0,0,0,1000,0,0,0,4000,3000,1000,1000
057744,健策永豐98購02  ,0,0,0,0,0,0,0,0,0,1000,0,0,0,40000,39000,1000,1000
058708,臺股指元大9A購21,0,0,0,0,0,0,0,0,0,1000,0,0,0,1000,0,1000,1000
057789,上銀統一9A購01  ,0,0,0,0,0,0,0,0,0,1000,0,0,0,1000,0,1000,1000
058798,大立光元大99購11,0,0,0,0,0,0,0,0,0,1000,0,0,0,1000,0,1000,1000
056496,康控國泰99購01  ,0,0,0,0,0,0,0,0,0,1000,0,0,0,1000,0,1000,1000
056470,旺宏元大99購01  ,0,0,0,0,0,0,0,0,0,1000,0,0,0,1000,0,1000,1000
056562,奇力新群益98購01,0,0,0,0,0,0,0,0,0,1000,0,0,0,1000,0,1000,1000
058865,群創凱基01購01  ,0,0,0,0,0,0,0,0,0,1000,0,0,0,1000,0,1000,1000
056512,易華電永豐98購01,0,0,0,0,0,0,0,0,0,1000,0,0,0,1000,0,1000,1000
058096,南電元大98購04  ,0,0,0,0,0,0,0,0,0,1000,0,0,0,30000,29000,1000,1000
058140,臻鼎元大99購02  ,0,0,0,0,0,0,0,0,0,1000,0,0,0,6000,5000,1000,1000
056213,建準國票98購02  ,0,0,0,0,0,0,0,0,0,1000,0,0,0,18000,17000,1000,1000
6525,捷敏-KY         ,10000,9000,1000,0,0,0,0,0,0,0,0,0,0,0,0,0,1000
6172,互億            ,16000,15000,1000,0,0,0,0,0,0,0,0,0,0,0,0,0,1000
9925,新保            ,36000,35000,1000,0,0,0,0,0,0,0,0,0,0,0,0,0,1000
2613,中櫃            ,2000,1000,1000,0,0,0,0,0,0,0,0,0,0,0,0,0,1000
2852,第一保          ,2000,1000,1000,0,0,0,0,0,0,0,0,0,0,0,0,0,1000
2882B,國泰金乙特      ,0,0,0,0,0,0,0,0,0,1000,1000,0,1000,0,0,0,1000
2705,六福            ,2000,1000,1000,0,0,0,0,0,0,0,0,0,0,0,0,0,1000
4566,時碩工業        ,12000,11000,1000,0,0,0,0,0,0,0,0,0,0,0,0,0,1000
3432,台端            ,1000,0,1000,0,0,0,0,0,0,0,0,0,0,0,0,0,1000
3167,大量            ,1000,0,1000,0,0,0,0,0,0,0,0,0,0,0,0,0,1000
061090,奇力新統一9C購01,0,0,0,0,0,0,0,0,0,0,0,0,0,3000,3000,0,0
061101,道瓊銀元大9A購02,0,0,0,0,0,0,0,0,0,0,0,0,0,10000,10000,0,0
06110P,國巨國泰98售02  ,0,0,0,0,0,0,0,0,0,0,0,0,0,410000,410000,0,0
061195,健策永豐9B購02  ,0,0,0,0,0,0,0,0,0,0,0,0,0,21000,21000,0,0
061174,鴻海凱基9A購23  ,0,0,0,0,0,0,0,0,0,0,0,0,0,8000,8000,0,0
061181,牧德凱基9A購01  ,0,0,0,0,0,0,0,0,0,0,0,0,0,15000,15000,0,0
061130,牧德永豐9A購04  ,0,0,0,0,0,0,0,0,0,0,0,0,0,2000,2000,0,0
061371,嘉澤國泰9C購01  ,0,0,0,0,0,0,0,0,0,0,0,0,0,89000,89000,0,0
061358,世紀鋼元大9A購04,0,0,0,0,0,0,0,0,0,0,0,0,0,6000,6000,0,0
061392,泰鼎群益9A購02  ,0,0,0,0,0,0,0,0,0,0,0,0,0,14000,14000,0,0
061414,牧德群益9B購02  ,0,0,0,0,0,0,0,0,0,0,0,0,0,1000,1000,0,0
061415,健策群益9A購04  ,0,0,0,0,0,0,0,0,0,0,0,0,0,2000,2000,0,0
06141P,大立光日盛97售01,0,0,0,0,0,0,0,0,0,0,0,0,0,10000,10000,0,0
061441,大毅永豐9A購04  ,0,0,0,0,0,0,0,0,0,0,0,0,0,1000,1000,0,0
06147P,國巨元大97售05  ,0,0,0,0,0,0,0,0,0,0,0,0,0,20000,20000,0,0
06150P,奇力新元大97售06,0,0,0,0,0,0,0,0,0,0,0,0,0,50000,50000,0,0
061281,台積電統一9C購05,0,0,0,0,0,0,0,0,0,0,0,0,0,1000,1000,0,0
061234,國巨元大9A購18  ,0,0,0,0,0,0,0,0,0,0,0,0,0,75000,75000,0,0
061246,玉晶光群益9A購08,0,0,0,0,0,0,0,0,0,0,0,0,0,15000,15000,0,0
061247,玉晶光群益9A購09,0,0,0,0,0,0,0,0,0,0,0,0,0,1000,1000,0,0
061248,健策群益9A購03  ,0,0,0,0,0,0,0,0,0,0,0,0,0,25000,25000,0,0
06101P,聯發科日盛97售03,0,0,0,0,0,0,0,0,0,0,0,0,0,30000,30000,0,0
060955,大立光群益9A購02,0,0,0,0,0,0,0,0,0,0,0,0,0,20000,20000,0,0
06092P,嘉聯益統一97售01,0,0,0,0,0,0,0,0,0,0,0,0,0,10000,10000,0,0
060805,國巨群益9A購06  ,0,0,0,0,0,0,0,0,0,0,0,0,0,19000,19000,0,0
060825,聯詠元大9A購05  ,0,0,0,0,0,0,0,0,0,0,0,0,0,12000,12000,0,0
060881,玉山金中信02購01,0,0,0,0,0,0,0,0,0,0,0,0,0,10000,10000,0,0
060746,玉晶光國票9B購02,0,0,0,0,0,0,0,0,0,0,0,0,0,1000,1000,0,0
060759,南亞科元大9A購03,0,0,0,0,0,0,0,0,0,0,0,0,0,50000,50000,0,0
060074,台積電元富99購04,0,0,0,0,0,0,0,0,0,0,0,0,0,10000,10000,0,0
060064,華新科兆豐99購07,0,0,0,0,0,0,0,0,0,0,0,0,0,10000,10000,0,0
060055,宏達電凱基99購06,0,0,0,0,0,0,0,0,0,0,0,0,0,2000,2000,0,0
060070,國巨元富99購02  ,0,0,0,0,0,0,0,0,0,0,0,0,0,220000,220000,0,0
060071,國巨元富99購03  ,0,0,0,0,0,0,0,0,0,0,0,0,0,5000,5000,0,0
06007P,世芯永豐96售01  ,0,0,0,0,0,0,0,0,0,0,0,0,0,5000,5000,0,0
060142,臺指反國票9B購01,0,0,0,0,0,0,0,0,0,0,0,0,0,499000,499000,0,0
060212,華航康和9A購01  ,0,0,0,0,0,0,0,0,0,0,0,0,0,2000,2000,0,0
060326,群光群益9A購01  ,0,0,0,0,0,0,0,0,0,0,0,0,0,58000,58000,0,0
060369,滬深2X元富01購01,0,0,0,0,0,0,0,0,0,0,0,0,0,20000,20000,0,0
06027P,鴻海台新96售04  ,0,0,0,0,0,0,0,0,0,0,0,0,0,20000,20000,0,0
06029P,聯發科台新96售02,0,0,0,0,0,0,0,0,0,0,0,0,0,10000,10000,0,0
060254,世紀鋼元大9A購01,0,0,0,0,0,0,0,0,0,0,0,0,0,35000,35000,0,0
060525,台積電中信01購04,0,0,0,0,0,0,0,0,0,0,0,0,0,1000,1000,0,0
060537,台灣50凱基9B購01,0,0,0,0,0,0,0,0,0,0,0,0,0,30000,30000,0,0
060550,可成凱基9A購02  ,0,0,0,0,0,0,0,0,0,0,0,0,0,1000,1000,0,0
060461,鴻海元大9A購09  ,0,0,0,0,0,0,0,0,0,0,0,0,0,103000,103000,0,0
060457,中橡元大9A購02  ,0,0,0,0,0,0,0,0,0,0,0,0,0,50000,50000,0,0
06038P,國泰金台新96售01,0,0,0,0,0,0,0,0,0,0,0,0,0,10000,10000,0,0
060419,漢翔永豐9A購01  ,0,0,0,0,0,0,0,0,0,0,0,0,0,30000,30000,0,0
060643,牧德永豐9A購03  ,0,0,0,0,0,0,0,0,0,0,0,0,0,1000,1000,0,0
060610,玉晶光凱基9B購02,0,0,0,0,0,0,0,0,0,0,0,0,0,10000,10000,0,0
060595,台灣50凱基04購04,0,0,0,0,0,0,0,0,0,0,0,0,0,22000,22000,0,0
07244P,鴻海凱基9A售13  ,0,0,0,0,0,0,0,0,0,0,0,0,0,29000,29000,0,0
07325P,台積電元大99售41,0,0,0,0,0,0,0,0,0,0,0,0,0,153000,153000,0,0
07327P,台灣50群益9A售06,0,0,0,0,0,0,0,0,0,0,0,0,0,20000,20000,0,0
07322P,鴻海元大99售33  ,0,0,0,0,0,0,0,0,0,0,0,0,0,35000,35000,0,0
07323P,鴻海元大99售34  ,0,0,0,0,0,0,0,0,0,0,0,0,0,15000,15000,0,0
07344P,鴻海富邦9A售03  ,0,0,0,0,0,0,0,0,0,0,0,0,0,14000,14000,0,0
07358P,鴻海元大99售39  ,0,0,0,0,0,0,0,0,0,0,0,0,0,50000,50000,0,0
07172P,臺股指國票99售09,0,0,0,0,0,0,0,0,0,0,0,0,0,117000,117000,0,0
07177P,臺股指凱基99售19,0,0,0,0,0,0,0,0,0,0,0,0,0,1000,1000,0,0
07207P,台積電凱基99售13,0,0,0,0,0,0,0,0,0,0,0,0,0,40000,40000,0,0
07224P,鴻海元大9A售02  ,0,0,0,0,0,0,0,0,0,0,0,0,0,200000,200000,0,0
07225P,台積電元大99售33,0,0,0,0,0,0,0,0,0,0,0,0,0,96000,96000,0,0
07118P,台積電凱基99售09,0,0,0,0,0,0,0,0,0,0,0,0,0,300000,300000,0,0
07087P,聯發科台新99售02,0,0,0,0,0,0,0,0,0,0,0,0,0,430000,430000,0,0
07101P,台郡元大99售06  ,0,0,0,0,0,0,0,0,0,0,0,0,0,50000,50000,0,0
07169P,臺股指國票99售06,0,0,0,0,0,0,0,0,0,0,0,0,0,510000,510000,0,0
07046P,大立光富邦9C售03,0,0,0,0,0,0,0,0,0,0,0,0,0,10000,10000,0,0
07057P,大立光康和9B售02,0,0,0,0,0,0,0,0,0,0,0,0,0,100000,100000,0,0
07076P,鴻海凱基9A售08  ,0,0,0,0,0,0,0,0,0,0,0,0,0,10000,10000,0,0
07001P,國巨元大99售12  ,0,0,0,0,0,0,0,0,0,0,0,0,0,105000,105000,0,0
07015P,國巨元大99售13  ,0,0,0,0,0,0,0,0,0,0,0,0,0,30000,30000,0,0
07043P,國巨元大99售14  ,0,0,0,0,0,0,0,0,0,0,0,0,0,10000,10000,0,0
06963P,鴻海凱基99售04  ,0,0,0,0,0,0,0,0,0,0,0,0,0,60000,60000,0,0
06959P,鴻海凱基9A售02  ,0,0,0,0,0,0,0,0,0,0,0,0,0,49000,49000,0,0
06960P,國巨凱基99售08  ,0,0,0,0,0,0,0,0,0,0,0,0,0,20000,20000,0,0
06932P,大立光元大98售21,0,0,0,0,0,0,0,0,0,0,0,0,0,20000,20000,0,0
06939P,國巨永豐98售09  ,0,0,0,0,0,0,0,0,0,0,0,0,0,10000,10000,0,0
06945P,國巨群益99售04  ,0,0,0,0,0,0,0,0,0,0,0,0,0,727000,727000,0,0
06993P,鴻海凱基99售05  ,0,0,0,0,0,0,0,0,0,0,0,0,0,175000,175000,0,0
06973P,臺股指元大9A售11,0,0,0,0,0,0,0,0,0,0,0,0,0,1000,1000,0,0
06863P,欣興凱基98售05  ,0,0,0,0,0,0,0,0,0,0,0,0,0,12000,12000,0,0
06855P,聯發科富邦9A售01,0,0,0,0,0,0,0,0,0,0,0,0,0,5000,5000,0,0
06906P,國巨國泰99售01  ,0,0,0,0,0,0,0,0,0,0,0,0,0,310000,310000,0,0
06911P,鴻海元大99售09  ,0,0,0,0,0,0,0,0,0,0,0,0,0,260000,260000,0,0
06919P,臺股指日盛98售02,0,0,0,0,0,0,0,0,0,0,0,0,0,10000,10000,0,0
06920P,台灣50凱基9A售01,0,0,0,0,0,0,0,0,0,0,0,0,0,10000,10000,0,0
06924P,台積電群益98售07,0,0,0,0,0,0,0,0,0,0,0,0,0,350000,350000,0,0
06811P,聯發科統一98售06,0,0,0,0,0,0,0,0,0,0,0,0,0,10000,10000,0,0
06812P,台灣50元富9C售01,0,0,0,0,0,0,0,0,0,0,0,0,0,102000,102000,0,0
06783P,亞光元大98售03  ,0,0,0,0,0,0,0,0,0,0,0,0,0,2000,2000,0,0
06723P,台灣50麥證99售01,0,0,0,0,89000,-89000,0,0,0,0,0,0,0,89000,89000,0,0
06734P,智邦凱基98售05  ,0,0,0,0,0,0,0,0,0,0,0,0,0,16000,16000,0,0
06751P,旺宏凱基98售10  ,0,0,0,0,0,0,0,0,0,0,0,0,0,4000,4000,0,0
06711P,臺股指台新99售08,0,0,0,0,0,0,0,0,0,0,0,0,0,1000,1000,0,0
06638P,鴻海統一99售02  ,0,0,0,0,0,0,0,0,0,0,0,0,0,20000,20000,0,0
06640P,國巨兆豐99售02  ,0,0,0,0,0,0,0,0,0,0,0,0,0,10000,10000,0,0
06619P,聯發科元大98售06,0,0,0,0,0,0,0,0,0,0,0,0,0,40000,40000,0,0
06620P,聯發科元大98售07,0,0,0,0,0,0,0,0,0,0,0,0,0,50000,50000,0,0
06667P,鴻海凱基98售11  ,0,0,0,0,0,0,0,0,0,0,0,0,0,20000,20000,0,0
06658P,台灣50富邦9C售01,0,0,0,0,0,0,0,0,0,0,0,0,0,100000,100000,0,0
06643P,大立光兆豐98售01,0,0,0,0,0,0,0,0,0,0,0,0,0,10000,10000,0,0
06649P,聯發科元大98售08,0,0,0,0,0,0,0,0,0,0,0,0,0,60000,60000,0,0
06650P,聯發科元大98售09,0,0,0,0,0,0,0,0,0,0,0,0,0,54000,54000,0,0
06327P,台積電中信01售01,0,0,0,0,0,0,0,0,0,0,0,0,0,2490000,2490000,0,0
06295P,國巨元大97售14  ,0,0,0,0,0,0,0,0,0,0,0,0,0,191000,191000,0,0
06344P,臺股指統一99售03,0,0,0,0,0,0,0,0,0,0,0,0,0,10000,10000,0,0
06396P,新日興康和97售01,0,0,0,0,0,0,0,0,0,0,0,0,0,23000,23000,0,0
06406P,可成元富97售04  ,0,0,0,0,0,0,0,0,0,0,0,0,0,200000,200000,0,0
06351P,臺股指台新99售03,0,0,0,0,0,0,0,0,0,0,0,0,0,110000,110000,0,0
06360P,台積電群益97售05,0,0,0,0,0,0,0,0,0,0,0,0,0,5000,5000,0,0
06367P,台積電凱基97售14,0,0,0,0,0,0,0,0,0,0,0,0,0,20000,20000,0,0
06231P,台積電永豐97售05,0,0,0,0,0,0,0,0,0,0,0,0,0,143000,143000,0,0
06235P,國巨元大97售12  ,0,0,0,0,0,0,0,0,0,0,0,0,0,10000,10000,0,0
06237P,台積電元大97售26,0,0,0,0,0,0,0,0,0,0,0,0,0,50000,50000,0,0
06499P,臺股指元大9A售04,0,0,0,0,0,0,0,0,0,0,0,0,0,20000,20000,0,0
06488P,台積電元富98售05,0,0,0,0,0,0,0,0,0,0,0,0,0,2590000,2590000,0,0
06473P,鴻海元大99售03  ,0,0,0,0,0,0,0,0,0,0,0,0,0,100000,100000,0,0
06513P,鴻海凱基98售10  ,0,0,0,0,0,0,0,0,0,0,0,0,0,275000,275000,0,0
06514P,國巨凱基98售05  ,0,0,0,0,0,0,0,0,0,0,0,0,0,10000,10000,0,0
06543P,鴻海元大98售08  ,0,0,0,0,0,0,0,0,0,0,0,0,0,15000,15000,0,0
06554P,臺股指元大99售06,0,0,0,0,0,0,0,0,0,0,0,0,0,401000,401000,0,0
06569P,可成永豐98售01  ,0,0,0,0,0,0,0,0,0,0,0,0,0,340000,340000,0,0
06574P,大立光永昌99售01,0,0,0,0,0,0,0,0,0,0,0,0,0,10000,10000,0,0
06575P,大立光永昌99售02,0,0,0,0,0,0,0,0,0,0,0,0,0,10000,10000,0,0
1539,巨庭            ,1000,1000,0,0,0,0,0,0,0,0,0,0,0,0,0,0,0
1614,三洋電          ,1000,1000,0,0,0,0,0,0,0,0,0,0,0,0,0,0,0
1338,廣華-KY         ,44000,44000,0,0,0,0,0,0,0,0,0,0,0,0,0,0,0
07769P,國巨國票9A售10  ,0,0,0,0,0,0,0,0,0,0,0,0,0,10000,10000,0,0
07775P,國巨群益9A售10  ,0,0,0,0,0,0,0,0,0,0,0,0,0,40000,40000,0,0
07776P,國巨群益9B售02  ,0,0,0,0,0,0,0,0,0,0,0,0,0,40000,40000,0,0
07777P,創意元大9A售03  ,0,0,0,0,0,0,0,0,0,0,0,0,0,50000,50000,0,0
07757P,國巨國票9B售04  ,0,0,0,0,0,0,0,0,0,0,0,0,0,80000,80000,0,0
08625P,台灣50凱基96售05,0,0,0,0,0,0,0,0,0,0,0,0,0,10000,10000,0,0
07671P,超眾元大9A售04  ,0,0,0,0,0,0,0,0,0,0,0,0,0,20000,20000,0,0
07636P,鴻海國票9A售05  ,0,0,0,0,0,0,0,0,0,0,0,0,0,49000,49000,0,0
07637P,國巨國票9A售08  ,0,0,0,0,0,0,0,0,0,0,0,0,0,140000,140000,0,0
07553P,嘉晶元大9A售02  ,0,0,0,0,0,0,0,0,0,0,0,0,0,53000,53000,0,0
07540P,鴻海凱基9A售21  ,0,0,0,0,0,0,0,0,0,0,0,0,0,55000,55000,0,0
07551P,國巨元大9A售10  ,0,0,0,0,0,0,0,0,0,0,0,0,0,140000,140000,0,0
07507P,國巨國票9B售02  ,0,0,0,0,0,0,0,0,0,0,0,0,0,40000,40000,0,0
05394P,聯詠中信95售02  ,0,0,0,0,0,0,0,0,0,0,0,0,0,166000,166000,0,0
053989,奇力新兆豐97購01,0,0,0,0,0,0,0,0,0,0,0,0,0,40000,40000,0,0
053993,旺宏群益98購02  ,0,0,0,0,0,0,0,0,0,0,0,0,0,170000,170000,0,0
053995,奇力新群益97購02,0,0,0,0,0,0,0,0,0,0,0,0,0,40000,40000,0,0
053804,富邦金凱基96購01,0,0,0,0,0,0,0,0,0,0,0,0,0,13000,13000,0,0
053811,國巨群益98購02  ,0,0,0,0,0,0,0,0,0,0,0,0,0,100000,100000,0,0
053877,奇力新亞東96購01,0,0,0,0,0,0,0,0,0,0,0,0,0,20000,20000,0,0
054071,泰鼎國泰97購02  ,0,0,0,0,0,0,0,0,0,0,0,0,0,1000,1000,0,0
054063,聯茂國票97購02  ,0,0,0,0,0,0,0,0,0,0,0,0,0,10000,10000,0,0
054058,晶豪科國票98購01,0,0,0,0,0,0,0,0,0,0,0,0,0,15000,15000,0,0
054038,T50反1元大98購04,0,0,0,0,0,0,0,0,0,0,0,0,0,10000,10000,0,0
054169,上緯控凱基98購01,0,0,0,0,0,0,0,0,0,0,0,0,0,1000,1000,0,0
053704,國巨群益96購06  ,0,0,0,0,0,0,0,0,0,0,0,0,0,320000,320000,0,0
053712,台光電凱基96購04,0,0,0,0,0,0,0,0,0,0,0,0,0,10000,10000,0,0
05582P,群創凱基98售06  ,0,0,0,0,0,0,0,0,0,0,0,0,0,6000,6000,0,0
053728,茂林凱基97購01  ,0,0,0,0,0,0,0,0,0,0,0,0,0,1000,1000,0,0
053941,國巨國泰96購05  ,0,0,0,0,0,0,0,0,0,0,0,0,0,380000,380000,0,0
052756,國巨群益96購02  ,0,0,0,0,0,0,0,0,0,0,0,0,0,10000,10000,0,0
052715,可成凱基96購01  ,0,0,0,0,0,0,0,0,0,0,0,0,0,30000,30000,0,0
052729,國巨國泰97購03  ,0,0,0,0,0,0,0,0,0,0,0,0,0,470000,470000,0,0
052612,康舒元大97購01  ,0,0,0,0,0,0,0,0,0,0,0,0,0,10000,10000,0,0
052606,聯發科元大97購04,0,0,0,0,0,0,0,0,0,0,0,0,0,10000,10000,0,0
051618,智邦凱基95購06  ,0,0,0,0,0,0,0,0,0,0,0,0,0,10000,10000,0,0
051468,智邦日盛95購01  ,0,0,0,0,0,0,0,0,0,0,0,0,0,30000,30000,0,0
051503,玉晶光統一97購01,0,0,0,0,0,0,0,0,0,0,0,0,0,13000,13000,0,0
05163P,聯發科統一96售02,0,0,0,0,0,0,0,0,0,0,0,0,0,40000,40000,0,0
051631,國巨國票96購06  ,0,0,0,0,0,0,0,0,0,0,0,0,0,16000,16000,0,0
051643,瑞昱康和95購01  ,0,0,0,0,0,0,0,0,0,0,0,0,0,94000,94000,0,0
051755,台積電元大96購08,0,0,0,0,0,0,0,0,0,0,0,0,0,281000,281000,0,0
051838,國巨國泰97購01  ,0,0,0,0,0,0,0,0,0,0,0,0,0,490000,490000,0,0
051973,華新科凱基96購04,0,0,0,0,0,0,0,0,0,0,0,0,0,410000,410000,0,0
051974,華新科凱基96購05,0,0,0,0,0,0,0,0,0,0,0,0,0,270000,270000,0,0
052038,國巨永昌96購01  ,0,0,0,0,0,0,0,0,0,0,0,0,0,190000,190000,0,0
052053,泰鼎凱基96購01  ,0,0,0,0,0,0,0,0,0,0,0,0,0,10000,10000,0,0
052588,玉晶光永豐98購01,0,0,0,0,0,0,0,0,0,0,0,0,0,3000,3000,0,0
052836,旺宏國泰98購01  ,0,0,0,0,0,0,0,0,0,0,0,0,0,60000,60000,0,0
052829,上銀群益96購01  ,0,0,0,0,0,0,0,0,0,0,0,0,0,90000,90000,0,0
052511,聯發科凱基95購14,0,0,0,0,0,0,0,0,0,0,0,0,0,10000,10000,0,0
052566,國巨凱基96購04  ,0,0,0,0,0,0,0,0,0,0,0,0,0,260000,260000,0,0
052341,泰鼎凱基96購02  ,0,0,0,0,0,0,0,0,0,0,0,0,0,44000,44000,0,0
052409,國巨亞東95購01  ,0,0,0,0,0,0,0,0,0,0,0,0,0,40000,40000,0,0
052417,聯發科兆豐9B購01,0,0,0,0,0,0,0,0,0,0,0,0,0,82000,82000,0,0
05220P,台積電元大95售16,0,0,0,0,0,0,0,0,0,0,0,0,0,10000,10000,0,0
05228P,大立光元富95售09,0,0,0,0,0,0,0,0,0,0,0,0,0,45000,45000,0,0
052308,大立光國泰97購02,0,0,0,0,0,0,0,0,0,0,0,0,0,10000,10000,0,0
05218P,大立光永昌96售04,0,0,0,0,0,0,0,0,0,0,0,0,0,30000,30000,0,0
052173,廣達元大95購02  ,0,0,0,0,0,0,0,0,0,0,0,0,0,68000,68000,0,0
052174,聯發科元大95購13,0,0,0,0,0,0,0,0,0,0,0,0,0,20000,20000,0,0
00688L,國泰20年美債正2 ,0,0,0,0,0,0,0,0,0,0,0,0,0,101000,101000,0,0
00707R,元大S&P日圓反1  ,0,0,0,0,0,0,0,0,0,0,0,0,0,1000,1000,0,0
00625K,富邦上証+R      ,0,0,0,0,0,0,0,0,0,0,0,0,0,56000,56000,0,0
00732,國泰RMB短期報酬 ,0,0,0,0,0,0,0,0,0,0,0,0,0,100000,100000,0,0
0052,富邦科技        ,1000,0,1000,0,0,0,0,0,0,-1000,0,0,0,86000,87000,-1000,0
00742,新光內需收益    ,0,0,0,0,0,0,0,0,0,0,0,0,0,100000,100000,0,0
00775B,新光投等債15+   ,0,0,0,0,0,0,0,0,0,0,0,0,0,2000,2000,0,0
00776,新光ICE美國權值 ,0,0,0,0,0,0,0,0,0,0,0,0,0,100000,100000,0,0
00774B,新光中國政金綠債,0,0,0,0,0,0,0,0,0,0,0,0,0,2000,2000,0,0
00636K,國泰中國A50+U   ,0,0,0,0,0,0,0,0,0,0,0,0,0,100,100,0,0
00668K,國泰美國道瓊+U  ,0,0,0,0,0,0,0,0,0,0,0,0,0,100,100,0,0
00657,國泰日經225     ,0,0,0,0,0,0,0,0,0,0,0,0,0,100000,100000,0,0
00657K,國泰日經225+U   ,0,0,0,0,0,0,0,0,0,0,0,0,0,100,100,0,0
049485,台積電元大96購03,0,0,0,0,0,0,0,0,0,0,0,0,0,200000,200000,0,0
049501,台郡元大95購01  ,0,0,0,0,0,0,0,0,0,0,0,0,0,99000,99000,0,0
048870,義隆國票96購01  ,0,0,0,0,0,0,0,0,0,0,0,0,0,70000,70000,0,0
04914P,國巨國泰95售06  ,0,0,0,0,0,0,0,0,0,0,0,0,0,500000,500000,0,0
049251,國巨元大95購02  ,0,0,0,0,0,0,0,0,0,0,0,0,0,28000,28000,0,0
04916P,大立光永昌96售02,0,0,0,0,0,0,0,0,0,0,0,0,0,100000,100000,0,0
04902P,國巨台新94售04  ,0,0,0,0,0,0,0,0,0,0,0,0,0,520000,520000,0,0
04571P,華新科國泰95售03,0,0,0,0,0,0,0,0,0,0,0,0,0,135000,135000,0,0
050012,台積電國泰95購03,0,0,0,0,0,0,0,0,0,0,0,0,0,10000,10000,0,0
04964P,鴻海元大94售26  ,0,0,0,0,0,0,0,0,0,0,0,0,0,1000,1000,0,0
04984P,臺股指康和94售04,0,0,0,0,0,0,0,0,0,0,0,0,0,600000,600000,0,0
047773,超眾元大96購01  ,0,0,0,0,0,0,0,0,0,0,0,0,0,20000,20000,0,0
047689,瑞昱富邦97購01  ,0,0,0,0,0,0,0,0,0,0,0,0,0,1000,1000,0,0
03425B,臺股指元大9A熊01,0,0,0,0,0,0,0,0,0,0,0,0,0,4000,4000,0,0
048177,臺指反富邦99購01,0,0,0,0,0,0,0,0,0,0,0,0,0,10000,10000,0,0
048263,台積電元富95購01,0,0,0,0,0,0,0,0,0,0,0,0,0,130000,130000,0,0
050332,鴻海國泰96購05  ,0,0,0,0,0,0,0,0,0,0,0,0,0,50000,50000,0,0
050334,鴻海國泰96購07  ,0,0,0,0,0,0,0,0,0,0,0,0,0,10000,10000,0,0
04866P,台積電統一95售02,0,0,0,0,0,0,0,0,0,0,0,0,0,1000,1000,0,0
048589,國巨兆豐96購01  ,0,0,0,0,0,0,0,0,0,0,0,0,0,20000,20000,0,0
048591,台郡兆豐94購01  ,0,0,0,0,0,0,0,0,0,0,0,0,0,30000,30000,0,0
050464,華通國泰95購01  ,0,0,0,0,0,0,0,0,0,0,0,0,0,470000,470000,0,0
05050P,華通群益96售02  ,0,0,0,0,0,0,0,0,0,0,0,0,0,10000,10000,0,0
050920,旺宏凱基95購01  ,0,0,0,0,0,0,0,0,0,0,0,0,0,20000,20000,0,0
05079P,可成永豐95售01  ,0,0,0,0,0,0,0,0,0,0,0,0,0,10000,10000,0,0
050782,台積電國泰96購03,0,0,0,0,0,0,0,0,0,0,0,0,0,10000,10000,0,0
05096P,台積電日盛95售01,0,0,0,0,0,0,0,0,0,0,0,0,0,3400000,3400000,0,0
050983,新光金國泰97購01,0,0,0,0,0,0,0,0,0,0,0,0,0,30000,30000,0,0
050984,大立光國泰97購01,0,0,0,0,0,0,0,0,0,0,0,0,0,60000,60000,0,0
051075,智邦國泰97購01  ,0,0,0,0,0,0,0,0,0,0,0,0,0,13000,13000,0,0
051076,緯創國泰96購01  ,0,0,0,0,0,0,0,0,0,0,0,0,0,300000,300000,0,0
05138P,嘉聯益凱基96售02,0,0,0,0,0,0,0,0,0,0,0,0,0,10000,10000,0,0
051390,京元電兆豐95購01,0,0,0,0,0,0,0,0,0,0,0,0,0,10000,10000,0,0
05133P,臺股指日盛95售01,0,0,0,0,0,0,0,0,0,0,0,0,0,10000,10000,0,0
051347,國巨元大95購06  ,0,0,0,0,0,0,0,0,0,0,0,0,0,20000,20000,0,0
051349,國巨元大95購08  ,0,0,0,0,0,0,0,0,0,0,0,0,0,60000,60000,0,0
054258,牧德元大97購01  ,0,0,0,0,0,0,0,0,0,0,0,0,0,16000,16000,0,0
05427P,聯發科凱基96售07,0,0,0,0,0,0,0,0,0,0,0,0,0,6000,6000,0,0
054235,欣興群益96購06  ,0,0,0,0,0,0,0,0,0,0,0,0,0,80000,80000,0,0
054309,禾伸堂凱基98購01,0,0,0,0,0,0,0,0,0,0,0,0,0,10000,10000,0,0
054547,鴻海凱基98購02  ,0,0,0,0,0,0,0,0,0,0,0,0,0,4000,4000,0,0
054413,台光電元大96購03,0,0,0,0,0,0,0,0,0,0,0,0,0,23000,23000,0,0
054398,牧德永豐96購03  ,0,0,0,0,0,0,0,0,0,0,0,0,0,20000,20000,0,0
054589,聯鈞國泰99購01  ,0,0,0,0,0,0,0,0,0,0,0,0,0,30000,30000,0,0
05458P,台積電凱基97售02,0,0,0,0,0,0,0,0,0,0,0,0,0,70000,70000,0,0
05469P,台積電元大95售24,0,0,0,0,0,0,0,0,0,0,0,0,0,10000,10000,0,0
054671,國巨國泰98購01  ,0,0,0,0,0,0,0,0,0,0,0,0,0,370000,370000,0,0
054805,台苯元大9A購01  ,0,0,0,0,0,0,0,0,0,0,0,0,0,68000,68000,0,0
054880,華泰統一97購01  ,0,0,0,0,0,0,0,0,0,0,0,0,0,48000,48000,0,0
054882,台光電統一97購02,0,0,0,0,0,0,0,0,0,0,0,0,0,48000,48000,0,0
054845,智邦兆豐98購01  ,0,0,0,0,0,0,0,0,0,0,0,0,0,10000,10000,0,0
05482P,鴻海凱基95售22  ,0,0,0,0,0,0,0,0,0,0,0,0,0,10000,10000,0,0
052943,奇力新國票96購02,0,0,0,0,0,0,0,0,0,0,0,0,0,5000,5000,0,0
055501,創意元大97購01  ,0,0,0,0,0,0,0,0,0,0,0,0,0,10000,10000,0,0
055459,建準永豐97購03  ,0,0,0,0,0,0,0,0,0,0,0,0,0,7000,7000,0,0
055535,緯創群益98購01  ,0,0,0,0,0,0,0,0,0,0,0,0,0,40000,40000,0,0
055516,上銀中信97購01  ,0,0,0,0,0,0,0,0,0,0,0,0,0,120000,120000,0,0
055511,大立光兆豐97購02,0,0,0,0,0,0,0,0,0,0,0,0,0,9000,9000,0,0
055621,國巨國泰98購03  ,0,0,0,0,0,0,0,0,0,0,0,0,0,150000,150000,0,0
055590,聯發科元大98購02,0,0,0,0,0,0,0,0,0,0,0,0,0,60000,60000,0,0
055609,旺宏國票99購01  ,0,0,0,0,0,0,0,0,0,0,0,0,0,50000,50000,0,0
054918,華新科凱基98購02,0,0,0,0,0,0,0,0,0,0,0,0,0,20000,20000,0,0
054898,台肥康和97購01  ,0,0,0,0,0,0,0,0,0,0,0,0,0,10000,10000,0,0
055441,緯穎國票98購01  ,0,0,0,0,0,0,0,0,0,0,0,0,0,19000,19000,0,0
055402,正文元富97購02  ,0,0,0,0,0,0,0,0,0,0,0,0,0,30000,30000,0,0
055417,健策富邦98購02  ,0,0,0,0,0,0,0,0,0,0,0,0,0,100000,100000,0,0
055418,華通永豐97購01  ,0,0,0,0,0,0,0,0,0,0,0,0,0,280000,280000,0,0
05524P,瀚宇博國票97售02,0,0,0,0,0,0,0,0,0,0,0,0,0,25000,25000,0,0
055271,鴻海元大98購03  ,0,0,0,0,0,0,0,0,0,0,0,0,0,7000,7000,0,0
055331,國巨兆豐99購01  ,0,0,0,0,0,0,0,0,0,0,0,0,0,10000,10000,0,0
055729,金寶元富99購01  ,0,0,0,0,0,0,0,0,0,0,0,0,0,10000,10000,0,0
05614P,臺股指康和96售03,0,0,0,0,0,0,0,0,0,0,0,0,0,18000,18000,0,0
05593P,鴻海國票97售03  ,0,0,0,0,0,0,0,0,0,0,0,0,0,20000,20000,0,0
058061,貿聯元富9B購01  ,0,0,0,0,0,0,0,0,0,0,0,0,0,30000,30000,0,0
055953,上銀元大97購09  ,0,0,0,0,0,0,0,0,0,0,0,0,0,50000,50000,0,0
055230,大毅國票98購01  ,0,0,0,0,0,0,0,0,0,0,0,0,0,1000,1000,0,0
057495,牧德元大99購04  ,0,0,0,0,0,0,0,0,0,0,0,0,0,17000,17000,0,0
05746P,台積電群益96售07,0,0,0,0,0,0,0,0,0,0,0,0,0,280000,280000,0,0
055911,可成凱基98購02  ,0,0,0,0,0,0,0,0,0,0,0,0,0,1000,1000,0,0
057505,健策麥證98購01  ,0,0,0,60000,0,60000,0,0,0,0,0,0,0,60000,60000,0,0
057550,聯發科凱基02購01,0,0,0,0,0,0,0,0,0,0,0,0,0,290000,290000,0,0
058042,鴻海元大98購12  ,0,0,0,0,0,0,0,0,0,0,0,0,0,7000,7000,0,0
058031,旺宏永豐98購04  ,0,0,0,0,0,0,0,0,0,0,0,0,0,3000,3000,0,0
058044,鴻海元大99購07  ,0,0,0,0,0,0,0,0,0,0,0,0,0,62000,62000,0,0
05800P,台積電兆豐96售04,0,0,0,0,0,0,0,0,0,0,0,0,0,31000,31000,0,0
053183,大立光元富96購03,0,0,0,0,0,0,0,0,0,0,0,0,0,200000,200000,0,0
053192,創意統一96購01  ,0,0,0,0,0,0,0,0,0,0,0,0,0,210000,210000,0,0
053249,致伸國票97購02  ,0,0,0,0,0,0,0,0,0,0,0,0,0,38000,38000,0,0
053278,禾伸堂元大96購01,0,0,0,0,0,0,0,0,0,0,0,0,0,49000,49000,0,0
053091,同欣電元大96購01,0,0,0,0,0,0,0,0,0,0,0,0,0,12000,12000,0,0
053092,台表科元大97購02,0,0,0,0,0,0,0,0,0,0,0,0,0,1000,1000,0,0
053129,緯穎凱基96購01  ,0,0,0,0,0,0,0,0,0,0,0,0,0,34000,34000,0,0
053130,聯發科麥證96購01,0,0,0,0,10000,-10000,0,0,0,0,0,0,0,10000,10000,0,0
055085,大毅國票97購01  ,0,0,0,0,0,0,0,0,0,0,0,0,0,1000,1000,0,0
055087,瑞昱亞東97購01  ,0,0,0,0,0,0,0,0,0,0,0,0,0,10000,10000,0,0
053025,燿華富邦98購02  ,0,0,0,0,0,0,0,0,0,0,0,0,0,1000,1000,0,0
053064,國巨群益96購04  ,0,0,0,0,0,0,0,0,0,0,0,0,0,8000,8000,0,0
055049,智邦永豐97購01  ,0,0,0,0,0,0,0,0,0,0,0,0,0,37000,37000,0,0
055060,聯陽永豐97購01  ,0,0,0,0,0,0,0,0,0,0,0,0,0,42000,42000,0,0
05506P,茂林凱基96售03  ,0,0,0,0,0,0,0,0,0,0,0,0,0,20000,20000,0,0
055019,福懋科元富97購01,0,0,0,0,0,0,0,0,0,0,0,0,0,10000,10000,0,0
055122,國巨兆豐98購01  ,0,0,0,0,0,0,0,0,0,0,0,0,0,10000,10000,0,0
055147,鴻海元大97購11  ,0,0,0,0,0,0,0,0,0,0,0,0,0,30000,30000,0,0
055188,亞翔統一97購01  ,0,0,0,0,0,0,0,0,0,0,0,0,0,10000,10000,0,0
053552,華新科凱基96購08,0,0,0,0,0,0,0,0,0,0,0,0,0,190000,190000,0,0
053557,聯茂凱基96購04  ,0,0,0,0,0,0,0,0,0,0,0,0,0,10000,10000,0,0
055135,聯發科富邦99購05,0,0,0,0,0,0,0,0,0,0,0,0,0,360000,360000,0,0
053528,南電中信9A購01  ,0,0,0,0,0,0,0,0,0,0,0,0,0,300000,300000,0,0
053374,台達電元大96購03,0,0,0,0,0,0,0,0,0,0,0,0,0,68000,68000,0,0
053356,聯發科統一96購07,0,0,0,0,0,0,0,0,0,0,0,0,0,140000,140000,0,0
053357,可成統一96購02  ,0,0,0,0,0,0,0,0,0,0,0,0,0,10000,10000,0,0
053349,台郡國票97購02  ,11000,0,11000,0,0,0,0,0,0,-11000,0,0,0,0,11000,-11000,0
053461,台郡永昌99購01  ,0,0,0,0,0,0,0,0,0,0,0,0,0,10000,10000,0,0
05618P,聯發科元富96售02,0,0,0,0,0,0,0,0,0,0,0,0,0,20000,20000,0,0
057560,華新科兆豐99購01,0,0,0,0,0,0,0,0,0,0,0,0,0,10000,10000,0,0
057562,奇鋐兆豐98購01  ,0,0,0,0,0,0,0,0,0,0,0,0,0,17000,17000,0,0
056242,緯創群益9A購01  ,0,0,0,0,0,0,0,0,0,0,0,0,0,273000,273000,0,0
056224,聯發科凱基97購08,0,0,0,0,0,0,0,0,0,0,0,0,0,5000,5000,0,0
056275,國巨國泰98購04  ,0,0,0,0,0,0,0,0,0,0,0,0,0,320000,320000,0,0
057726,華通國泰9A購01  ,0,0,0,0,0,0,0,0,0,0,0,0,0,715000,715000,0,0
058082,美律群益98購05  ,0,0,0,0,0,0,0,0,0,0,0,0,0,10000,10000,0,0
056296,旺宏元大97購07  ,0,0,0,0,0,0,0,0,0,0,0,0,0,4000,4000,0,0
058211,國巨群益9A購02  ,0,0,0,0,0,0,0,0,0,0,0,0,0,145000,145000,0,0
058855,台積電兆豐99購02,0,0,0,0,0,0,0,0,0,0,0,0,0,193000,193000,0,0
058847,國巨群益99購05  ,0,0,0,0,0,0,0,0,0,0,0,0,0,52000,52000,0,0
056542,緯創凱基98購01  ,0,0,0,0,0,0,0,0,0,0,0,0,0,260000,260000,0,0
056474,華新科元大99購05,0,0,0,0,0,0,0,0,0,0,0,0,0,20000,20000,0,0
056435,台積電凱基98購09,0,0,0,0,0,0,0,0,0,0,0,0,0,4000,4000,0,0
056445,聯發科凱基98購07,0,0,0,0,0,0,0,0,0,0,0,0,0,60000,60000,0,0
058817,嘉聯益台新99購01,0,0,0,0,0,0,0,0,0,0,0,0,0,252000,252000,0,0
058714,美律統一9B購01  ,0,0,0,0,0,0,0,0,0,0,0,0,0,16000,16000,0,0
058791,鴻海元大99購17  ,0,0,0,0,0,0,0,0,0,0,0,0,0,8000,8000,0,0
058792,鴻海元大99購18  ,0,0,0,0,0,0,0,0,0,0,0,0,0,7000,7000,0,0
058793,鴻海元大99購19  ,0,0,0,0,0,0,0,0,0,0,0,0,0,8000,8000,0,0
057846,神達永豐98購01  ,0,0,0,0,0,0,0,0,0,0,0,0,0,10000,10000,0,0
057874,可成元大99購02  ,0,0,0,0,0,0,0,0,0,0,0,0,0,68000,68000,0,0
057897,華通富邦99購01  ,0,0,0,0,0,0,0,0,0,0,0,0,0,150000,150000,0,0
057863,美律凱基9A購01  ,0,0,0,0,0,0,0,0,0,0,0,0,0,5000,5000,0,0
056425,聯發科日盛9A購01,0,0,0,0,0,0,0,0,0,0,0,0,0,20000,20000,0,0
056386,TPK國泰99購01   ,0,0,0,0,0,0,0,0,0,0,0,0,0,10000,10000,0,0
056338,聯發科凱基99購01,0,0,0,0,0,0,0,0,0,0,0,0,0,340000,340000,0,0
056339,聯發科凱基99購02,0,0,0,0,0,0,0,0,0,0,0,0,0,139000,139000,0,0
056366,玉晶光元大99購04,0,0,0,0,0,0,0,0,0,0,0,0,0,1000,1000,0,0
057757,鴻海凱基98購13  ,0,0,0,0,0,0,0,0,0,0,0,0,0,104000,104000,0,0
057759,聯發科凱基98購17,0,0,0,0,0,0,0,0,0,0,0,0,0,210000,210000,0,0
057769,T50反1群益98購02,0,0,0,0,0,0,0,0,0,0,0,0,0,70000,70000,0,0
05776P,鴻海統一98售02  ,0,0,0,0,0,0,0,0,0,0,0,0,0,10000,10000,0,0
058506,台積電元大99購09,0,0,0,0,0,0,0,0,0,0,0,0,0,1000,1000,0,0
05850P,台積電兆豐96售06,0,0,0,0,0,0,0,0,0,0,0,0,0,9000,9000,0,0
05846P,大立光元大96售07,0,0,0,0,0,0,0,0,0,0,0,0,0,10000,10000,0,0
056633,鴻海永昌98購02  ,0,0,0,0,0,0,0,0,0,0,0,0,0,120000,120000,0,0
056634,為升兆豐99購01  ,0,0,0,0,0,0,0,0,0,0,0,0,0,10000,10000,0,0
058414,大立光兆豐99購02,0,0,0,0,0,0,0,0,0,0,0,0,0,531000,531000,0,0
058389,聯茂國票9A購01  ,0,0,0,0,0,0,0,0,0,0,0,0,0,6000,6000,0,0
058428,大立光元富99購02,0,0,0,0,0,0,0,0,0,0,0,0,0,20000,20000,0,0
058452,義隆永豐99購02  ,0,0,0,0,0,0,0,0,0,0,0,0,0,5000,5000,0,0
057910,華新科兆豐99購02,0,0,0,0,0,0,0,0,0,0,0,0,0,10000,10000,0,0
058350,T50正2凱基9B購01,0,0,0,0,0,0,0,0,0,0,0,0,0,1010000,1010000,0,0
058743,可成康和99購01  ,0,0,0,0,0,0,0,0,0,0,0,0,0,9000,9000,0,0
058681,大立光康和9B購01,0,0,0,0,0,0,0,0,0,0,0,0,0,30000,30000,0,0
058633,台灣50兆豐99購01,0,0,0,0,0,0,0,0,0,0,0,0,0,10000,10000,0,0
058635,華新科兆豐99購03,0,0,0,0,0,0,0,0,0,0,0,0,0,10000,10000,0,0
058627,聯發科國票99購04,0,0,0,0,0,0,0,0,0,0,0,0,0,10000,10000,0,0
05862P,大立光國泰98售01,0,0,0,0,0,0,0,0,0,0,0,0,0,30000,30000,0,0
058538,智邦台新99購02  ,0,0,0,0,0,0,0,0,0,0,0,0,0,5000,5000,0,0
058539,聯發科台新99購01,0,0,0,0,0,0,0,0,0,0,0,0,0,210000,210000,0,0
058591,台灣50統一9B購02,0,0,0,0,0,0,0,0,0,0,0,0,0,48000,48000,0,0
056694,欣興群益98購04  ,0,0,0,0,0,0,0,0,0,0,0,0,0,10000,10000,0,0
05665P,台積電凱基96售08,0,0,0,0,0,0,0,0,0,0,0,0,0,300000,300000,0,0
056682,鴻海統一98購10  ,0,0,0,0,0,0,0,0,0,0,0,0,0,2000,2000,0,0
056677,智伸科元富98購01,0,0,0,0,0,0,0,0,0,0,0,0,0,50000,50000,0,0
057956,全新元大99購04  ,0,0,0,0,0,0,0,0,0,0,0,0,0,4000,4000,0,0
057963,緯穎元大98購08  ,0,0,0,0,0,0,0,0,0,0,0,0,0,25000,25000,0,0
057922,華新科凱基99購01,0,0,0,0,0,0,0,0,0,0,0,0,0,80000,80000,0,0
057975,台積電永豐98購05,0,0,0,0,0,0,0,0,0,0,0,0,0,1000,1000,0,0
058237,嘉晶元大99購04  ,0,0,0,0,0,0,0,0,0,0,0,0,0,14000,14000,0,0
056703,群創國泰9A購01  ,0,0,0,0,0,0,0,0,0,0,0,0,0,200000,200000,0,0
058306,聯發科元大99購07,0,0,0,0,0,0,0,0,0,0,0,0,0,78000,78000,0,0
056752,國巨兆豐98購02  ,0,0,0,0,0,0,0,0,0,0,0,0,0,170000,170000,0,0
058964,群創兆豐99購01  ,0,0,0,0,0,0,0,0,0,0,0,0,0,806000,806000,0,0
058980,鴻海凱基99購06  ,0,0,0,0,0,0,0,0,0,0,0,0,0,229000,229000,0,0
057913,健策日盛98購01  ,0,0,0,0,0,0,0,0,0,0,0,0,0,20000,20000,0,0
059035,旺宏群益99購06  ,0,0,0,0,0,0,0,0,0,0,0,0,0,5000,5000,0,0
058903,聯發科元大99購16,0,0,0,0,0,0,0,0,0,0,0,0,0,320000,320000,0,0
058701,鴻海元大99購16  ,0,0,0,0,0,0,0,0,0,0,0,0,0,6000,6000,0,0
059221,聯發科元大99購21,0,0,0,0,0,0,0,0,0,0,0,0,0,250000,250000,0,0
059222,聯發科元大99購22,0,0,0,0,0,0,0,0,0,0,0,0,0,118000,118000,0,0
059209,華通元大99購08  ,0,0,0,0,0,0,0,0,0,0,0,0,0,3000,3000,0,0
059186,華通富邦9A購01  ,0,0,0,0,0,0,0,0,0,0,0,0,0,250000,250000,0,0
059237,鴻海凱基9A購10  ,0,0,0,0,0,0,0,0,0,0,0,0,0,7000,7000,0,0
059247,可成凱基99購05  ,0,0,0,0,0,0,0,0,0,0,0,0,0,1000,1000,0,0
057261,瑞昱兆豐98購01  ,0,0,0,0,0,0,0,0,0,0,0,0,0,110000,110000,0,0
057227,台積電凱基98購15,0,0,0,0,0,0,0,0,0,0,0,0,0,200000,200000,0,0
057291,國巨國泰9A購01  ,0,0,0,0,0,0,0,0,0,0,0,0,0,330000,330000,0,0
057342,玉晶光台新98購01,0,0,0,0,0,0,0,0,0,0,0,0,0,50000,50000,0,0
057346,鴻海統一98購13  ,0,0,0,0,0,0,0,0,0,0,0,0,0,1000,1000,0,0
057336,聯發科國票99購01,0,0,0,0,0,0,0,0,0,0,0,0,0,20000,20000,0,0
057376,新日興元大98購04,0,0,0,0,0,0,0,0,0,0,0,0,0,68000,68000,0,0
057382,聯發科國泰9A購01,0,0,0,0,0,0,0,0,0,0,0,0,0,260000,260000,0,0
057372,華新科元大99購10,0,0,0,0,0,0,0,0,0,0,0,0,0,20000,20000,0,0
057445,華通元富02購01  ,0,0,0,0,0,0,0,0,0,0,0,0,0,101000,101000,0,0
05741P,聯發科元大96售14,0,0,0,0,0,0,0,0,0,0,0,0,0,50000,50000,0,0
057410,南電群益98購01  ,0,0,0,0,0,0,0,0,0,0,0,0,0,10000,10000,0,0
057466,泰鼎永豐98購01  ,0,0,0,0,0,0,0,0,0,0,0,0,0,22000,22000,0,0
057984,聯發科台新98購01,0,0,0,0,0,0,0,0,0,0,0,0,0,80000,80000,0,0
057045,美律元大99購04  ,0,0,0,0,0,0,0,0,0,0,0,0,0,5000,5000,0,0
057047,華新科元大99購07,0,0,0,0,0,0,0,0,0,0,0,0,0,20000,20000,0,0
056944,鴻海統一98購11  ,0,0,0,0,0,0,0,0,0,0,0,0,0,1000,1000,0,0
056966,嘉晶永豐98購01  ,0,0,0,0,0,0,0,0,0,0,0,0,0,4000,4000,0,0
059109,台積電富邦9C購03,0,0,0,0,0,0,0,0,0,0,0,0,0,1000,1000,0,0
056836,國巨元富98購01  ,0,0,0,0,0,0,0,0,0,0,0,0,0,2100000,2100000,0,0
056848,泰鼎元富98購01  ,0,0,0,0,0,0,0,0,0,0,0,0,0,2000,2000,0,0
058332,鴻海元富99購03  ,0,0,0,0,0,0,0,0,0,0,0,0,0,140000,140000,0,0
058330,鴻海元富99購01  ,0,0,0,0,0,0,0,0,0,0,0,0,0,20000,20000,0,0
059053,鴻海凱基99購07  ,0,0,0,0,0,0,0,0,0,0,0,0,0,32000,32000,0,0
056867,華通麥證98購01  ,0,0,0,0,30000,-30000,0,0,0,0,0,0,0,30000,30000,0,0
056862,聯發科群益98購03,0,0,0,0,0,0,0,0,0,0,0,0,0,10000,10000,0,0
056857,國巨群益99購02  ,0,0,0,0,0,0,0,0,0,0,0,0,0,160000,160000,0,0
056858,國巨群益99購03  ,0,0,0,0,0,0,0,0,0,0,0,0,0,90000,90000,0,0
059161,鴻海凱基9A購09  ,0,0,0,0,0,0,0,0,0,0,0,0,0,2000,2000,0,0
057003,立積國票98購01  ,0,0,0,0,0,0,0,0,0,0,0,0,0,2000,2000,0,0
056991,牧德兆豐98購01  ,0,0,0,0,0,0,0,0,0,0,0,0,0,1000,1000,0,0
057310,聯發科日盛99購01,0,0,0,0,0,0,0,0,0,0,0,0,0,20000,20000,0,0
058403,玉晶光元大99購12,0,0,0,0,0,0,0,0,0,0,0,0,0,41000,41000,0,0
057139,華新科兆豐98購02,0,0,0,0,0,0,0,0,0,0,0,0,0,10000,10000,0,0
057126,台積電凱基99購03,0,0,0,0,0,0,0,0,0,0,0,0,0,360000,360000,0,0
059764,健策永豐99購04  ,0,0,0,0,0,0,0,0,0,0,0,0,0,2000,2000,0,0
059893,台積電台新9A購02,0,0,0,0,0,0,0,0,0,0,0,0,0,1000,1000,0,0
059716,鴻海元大99購35  ,0,0,0,0,0,0,0,0,0,0,0,0,0,37000,37000,0,0
059721,旺宏元大99購16  ,0,0,0,0,0,0,0,0,0,0,0,0,0,3000,3000,0,0
05968P,鴻海台新96售02  ,0,0,0,0,0,0,0,0,0,0,0,0,0,30000,30000,0,0
060026,聯發科富邦9B購05,0,0,0,0,0,0,0,0,0,0,0,0,0,9000,9000,0,0
059990,健策元大9A購01  ,0,0,0,0,0,0,0,0,0,0,0,0,0,23000,23000,0,0
05999P,世芯元大96售01  ,0,0,0,0,0,0,0,0,0,0,0,0,0,50000,50000,0,0
060037,鴻海國票99購10  ,0,0,0,0,0,0,0,0,0,0,0,0,0,7000,7000,0,0
059937,旺宏永豐99購03  ,0,0,0,0,0,0,0,0,0,0,0,0,0,3000,3000,0,0
05997P,嘉聯益群益96售02,0,0,0,0,0,0,0,0,0,0,0,0,0,10000,10000,0,0
059961,T50反1凱基99購09,0,0,0,0,0,0,0,0,0,0,0,0,0,160000,160000,0,0
059563,鴻海凱基9A購14  ,0,0,0,0,0,0,0,0,0,0,0,0,0,4000,4000,0,0
059795,鴻海國票99購07  ,0,0,0,0,0,0,0,0,0,0,0,0,0,2000,2000,0,0
059811,高股息凱基99購02,0,0,0,0,0,0,0,0,0,0,0,0,0,3000,3000,0,0
059532,華新科凱基9B購03,0,0,0,0,0,0,0,0,0,0,0,0,0,2000,2000,0,0
059555,台灣50凱基9A購06,0,0,0,0,0,0,0,0,0,0,0,0,0,1000,1000,0,0
059828,健策凱基99購05  ,0,0,0,0,0,0,0,0,0,0,0,0,0,5000,5000,0,0
059598,欣興元大99購08  ,0,0,0,0,0,0,0,0,0,0,0,0,0,2000,2000,0,0
059599,健策元大9B購02  ,0,0,0,0,0,0,0,0,0,0,0,0,0,11000,11000,0,0
059592,聯發科元大99購28,0,0,0,0,0,0,0,0,0,0,0,0,0,1000,1000,0,0
059593,聯發科元大99購29,0,0,0,0,0,0,0,0,0,0,0,0,0,1000,1000,0,0
059317,台積電元大99購34,0,0,0,0,0,0,0,0,0,0,0,0,0,9000,9000,0,0
059320,華新科元大99購15,0,0,0,0,0,0,0,0,0,0,0,0,0,2000,2000,0,0
059378,台光電群益9B購01,0,0,0,0,0,0,0,0,0,0,0,0,0,10000,10000,0,0
05937P,台積電凱基96售21,0,0,0,0,0,0,0,0,0,0,0,0,0,390000,390000,0,0
059404,鴻海台新99購03  ,0,0,0,0,0,0,0,0,0,0,0,0,0,31000,31000,0,0
4540,全球傳動        ,43000,43000,0,0,0,0,0,0,0,0,0,0,0,0,0,0,0
4545,銘鈺            ,1000,1000,0,0,0,0,0,0,0,0,0,0,0,0,0,0,0
2597,潤弘            ,13000,13000,0,0,0,0,0,0,0,0,0,0,0,0,0,0,0
2516,新建            ,1000,1000,0,0,0,0,0,0,0,0,0,0,0,0,0,0,0
9942,茂順            ,3000,3000,0,0,0,0,0,0,0,0,0,0,0,0,0,0,0
8101,華冠            ,6000,6000,0,0,0,0,0,0,0,0,0,0,0,0,0,0,0
4912,聯德控股-KY     ,9000,9000,0,0,0,0,0,0,0,0,0,0,0,0,0,0,0
07454P,台積電元大9A售06,0,0,0,0,0,0,0,0,0,-1000,0,0,0,0,1000,-1000,-1000
07693P,群創元大9B售10  ,0,0,0,0,0,0,0,0,0,-1000,0,0,0,24000,25000,-1000,-1000
1441,大東            ,2000,3000,-1000,0,0,0,0,0,0,0,0,0,0,0,0,0,-1000
1445,大宇            ,1000,2000,-1000,0,0,0,0,0,0,0,0,0,0,0,0,0,-1000
1459,聯發            ,0,1000,-1000,0,0,0,0,0,0,0,0,0,0,0,0,0,-1000
2032,新鋼            ,0,1000,-1000,0,0,0,0,0,0,0,0,0,0,0,0,0,-1000
06576P,台光電群益98售03,0,0,0,0,0,0,0,0,0,-1000,0,0,0,0,1000,-1000,-1000
06600P,貿聯永豐98售01  ,0,0,0,0,0,0,0,0,0,-1000,0,0,0,26000,27000,-1000,-1000
06587P,國巨元大98售13  ,0,0,0,0,0,0,0,0,0,-1000,0,0,0,0,1000,-1000,-1000
06486P,麗豐元大98售02  ,0,0,0,0,0,0,0,0,0,-1000,0,0,0,16000,17000,-1000,-1000
06487P,聯發科統一99售02,0,0,0,0,0,0,0,0,0,-1000,0,0,0,0,1000,-1000,-1000
06244P,智易元富97售02  ,0,0,0,0,0,0,0,0,0,-1000,0,0,0,0,1000,-1000,-1000
06245P,健策元富97售03  ,0,0,0,0,0,0,0,0,0,-1000,0,0,0,0,1000,-1000,-1000
06247P,同欣電元富97售02,0,0,0,0,0,0,0,0,0,-1000,0,0,0,3000,4000,-1000,-1000
06323P,台郡統一97售01  ,0,0,0,0,0,0,0,0,0,-1000,0,0,0,0,1000,-1000,-1000
06689P,鴻海中信9C售02  ,0,0,0,0,0,0,0,0,0,-1000,0,0,0,0,1000,-1000,-1000
06736P,新日興凱基98售03,0,0,0,0,0,0,0,0,0,-1000,0,0,0,0,1000,-1000,-1000
06786P,臺股指元大98售03,0,0,0,0,0,0,0,0,0,-1000,0,0,0,0,1000,-1000,-1000
06828P,臺股指國票98售04,0,0,0,0,0,0,0,0,0,-1000,0,0,0,0,1000,-1000,-1000
06866P,聯發科元大98售13,0,0,0,0,0,0,0,0,0,-1000,0,0,0,163000,164000,-1000,-1000
07016P,聯發科元大99售10,0,0,0,0,0,0,0,0,0,-1000,0,0,0,0,1000,-1000,-1000
07009P,臺股指中信9B售01,0,0,0,0,0,0,0,0,0,-1000,0,0,0,1000,2000,-1000,-1000
07158P,FBVIX國泰9C售01 ,0,0,0,0,0,0,0,0,0,-1000,0,0,0,0,1000,-1000,-1000
07360P,台積電元大99售46,0,0,0,0,0,0,0,0,0,-1000,0,0,0,0,1000,-1000,-1000
07294P,滬深2X元富9C售08,0,0,0,0,0,0,0,0,0,-1000,0,0,0,0,1000,-1000,-1000
07309P,聯發科凱基99售18,0,0,0,0,0,0,0,0,0,-1000,0,0,0,0,1000,-1000,-1000
07313P,台灣50元大99售11,0,0,0,0,0,0,0,0,0,-1000,0,0,0,0,1000,-1000,-1000
060579,上証2X群益9C購04,0,0,0,0,0,0,0,0,0,-1000,0,0,0,0,1000,-1000,-1000
060600,台積電凱基9C購01,0,0,0,0,0,0,0,0,0,-1000,0,0,0,0,1000,-1000,-1000
06069P,台積電永豐97售01,0,0,0,0,0,0,0,0,0,-1000,0,0,0,0,1000,-1000,-1000
060719,瀚宇博永豐9A購01,0,0,0,0,0,0,0,0,0,-1000,0,0,0,20000,21000,-1000,-1000
060425,凌華永豐9A購01  ,0,0,0,0,0,0,0,0,0,-1000,0,0,0,0,1000,-1000,-1000
060492,元黃金元富9A購01,0,0,0,0,0,0,0,0,0,-1000,0,0,0,0,1000,-1000,-1000
060755,鴻海元大9A購15  ,0,0,0,0,0,0,0,0,0,-1000,0,0,0,0,1000,-1000,-1000
060846,欣興國票9A購02  ,0,0,0,0,0,0,0,0,0,-1000,0,0,0,0,1000,-1000,-1000
06094P,台達電中信97售01,0,0,0,0,0,0,0,0,0,-1000,0,0,0,0,1000,-1000,-1000
060953,富邦金群益9A購01,0,0,0,0,0,0,0,0,0,-1000,0,0,0,111000,112000,-1000,-1000
061259,台積電凱基9A購21,0,0,0,0,0,0,0,0,0,-1000,0,0,0,0,1000,-1000,-1000
061233,國巨元大9A購17  ,0,0,0,0,0,0,0,0,0,-1000,0,0,0,20000,21000,-1000,-1000
061219,臺股指元大9A購56,0,0,0,0,0,0,0,0,0,-1000,0,0,0,0,1000,-1000,-1000
061423,廣達元大9A購01  ,0,0,0,0,0,0,0,0,0,-1000,0,0,0,0,1000,-1000,-1000
061128,大立光永豐9A購02,0,0,0,0,0,0,0,0,0,-1000,0,0,0,0,1000,-1000,-1000
061147,上証2X群益9C購06,0,0,0,0,0,0,0,0,0,-1000,0,0,0,0,1000,-1000,-1000
061143,道瓊指中信9C購04,0,0,0,0,0,0,0,0,0,-1000,0,0,0,0,1000,-1000,-1000
061172,大立光麥證9A購02,0,0,0,0,1000,-1000,0,0,0,-1000,0,0,0,0,1000,-1000,-1000
053466,華通元大98購01  ,0,0,0,0,0,0,0,0,0,-1000,0,0,0,0,1000,-1000,-1000
053369,T50反1元大96購06,0,0,0,0,0,0,0,0,0,-1000,0,0,0,1000,2000,-1000,-1000
053304,可成凱基96購03  ,0,0,0,0,0,0,0,0,0,-1000,0,0,0,0,1000,-1000,-1000
055176,大毅統一98購02  ,0,0,0,0,0,0,0,0,0,-1000,0,0,0,1000,2000,-1000,-1000
055072,康友永豐97購02  ,0,0,0,0,0,0,0,0,0,-1000,0,0,0,0,1000,-1000,-1000
053242,聯電國票96購04  ,0,0,0,0,0,0,0,0,0,-1000,0,0,0,0,1000,-1000,-1000
053230,達方台新97購01  ,0,0,0,0,0,0,0,0,0,-1000,0,0,0,0,1000,-1000,-1000
058020,大立光凱基99購03,0,0,0,0,0,0,0,0,0,-1000,0,0,0,0,1000,-1000,-1000
058054,台積電統一9C購01,0,0,0,0,0,0,0,0,0,-1000,0,0,0,0,1000,-1000,-1000
055943,瑞昱麥證97購01  ,0,0,0,1000,2000,-1000,0,0,0,-1000,0,0,0,1000,2000,-1000,-1000
05600P,玉晶光台新96售04,0,0,0,0,0,0,0,0,0,-1000,0,0,0,0,1000,-1000,-1000
056094,大立光元富97購03,0,0,0,0,0,0,0,0,0,-1000,0,0,0,98000,99000,-1000,-1000
05571P,大立光統一96售03,0,0,0,0,0,0,0,0,0,-1000,0,0,0,0,1000,-1000,-1000
055669,緯穎群益97購02  ,0,0,0,0,0,0,0,0,0,-1000,0,0,0,0,1000,-1000,-1000
055327,致新國票98購01  ,0,0,0,0,0,0,0,0,0,-1000,0,0,0,0,1000,-1000,-1000
054895,南電統一97購01  ,0,0,0,0,0,0,0,0,0,-1000,0,0,0,4000,5000,-1000,-1000
055392,凱美統一97購03  ,0,0,0,0,0,0,0,0,0,-1000,0,0,0,0,1000,-1000,-1000
055627,亞德客永豐97購02,0,0,0,0,0,0,0,0,0,-1000,0,0,0,1000,2000,-1000,-1000
055564,茂林凱基98購01  ,0,0,0,0,0,0,0,0,0,-1000,0,0,0,0,1000,-1000,-1000
055471,聯發科凱基97購04,0,0,0,0,0,0,0,0,0,-1000,0,0,0,0,1000,-1000,-1000
054844,華邦電兆豐98購01,0,0,0,0,0,0,0,0,0,-1000,0,0,0,0,1000,-1000,-1000
054385,矽創群益98購01  ,0,0,0,0,0,0,0,0,0,-1000,0,0,0,0,1000,-1000,-1000
05439P,聯發科國票95售06,0,0,0,0,0,0,0,0,0,-1000,0,0,0,4000,5000,-1000,-1000
054535,旺宏富邦97購02  ,0,0,0,0,0,0,0,0,0,-1000,0,0,0,0,1000,-1000,-1000
054488,禾伸堂台新96購01,0,0,0,0,0,0,0,0,0,-1000,0,0,0,0,1000,-1000,-1000
054524,華通元富96購03  ,0,0,0,0,0,0,0,0,0,-1000,0,0,0,0,1000,-1000,-1000
05431P,台光電統一97售01,0,0,0,0,0,0,0,0,0,-1000,0,0,0,0,1000,-1000,-1000
054196,台光電國泰97購02,0,0,0,0,0,0,0,0,0,-1000,0,0,0,0,1000,-1000,-1000
051331,全新永豐96購01  ,0,0,0,0,0,0,0,0,0,-1000,0,0,0,0,1000,-1000,-1000
05124P,華新科富邦97售02,0,0,0,0,0,0,0,0,0,-1000,0,0,0,11000,12000,-1000,-1000
051305,訊連凱基96購01  ,0,0,0,0,0,0,0,0,0,-1000,0,0,0,0,1000,-1000,-1000
05101P,大立光凱基95售11,0,0,0,0,0,0,0,0,0,-1000,0,0,0,0,1000,-1000,-1000
051049,亞德客群益95購01,0,0,0,0,0,0,0,0,0,-1000,0,0,0,1000,2000,-1000,-1000
050813,旺宏凱基96購01  ,0,0,0,0,0,0,0,0,0,-1000,0,0,0,0,1000,-1000,-1000
05057P,鴻海國票96售01  ,0,0,0,0,0,0,0,0,0,-1000,0,0,0,9000,10000,-1000,-1000
050161,鴻海國泰96購03  ,0,0,0,0,0,0,0,0,0,-1000,0,0,0,0,1000,-1000,-1000
050202,建準群益95購01  ,0,0,0,0,0,0,0,0,0,-1000,0,0,0,0,1000,-1000,-1000
04427P,滬深2X元大97售02,0,0,0,0,0,0,0,0,0,-1000,0,0,0,0,1000,-1000,-1000
04794P,友達元大96售03  ,0,0,0,0,0,0,0,0,0,-1000,0,0,0,10000,11000,-1000,-1000
042315,T50反1台新96購01,0,0,0,0,0,0,0,0,0,-1000,0,0,0,0,1000,-1000,-1000
039212,台達電台新9A購01,0,0,0,0,0,0,0,0,0,-1000,0,0,0,0,1000,-1000,-1000
04982P,臺股指中信94售03,0,0,0,0,0,0,0,0,0,-1000,0,0,0,0,1000,-1000,-1000
047421,聯茂富邦97購01  ,0,0,0,0,0,0,0,0,0,-1000,0,0,0,45000,46000,-1000,-1000
048847,A50群益98購01   ,0,0,0,0,0,0,0,0,0,-1000,0,0,0,0,1000,-1000,-1000
020015,統一MSCI美低波N ,0,0,0,0,0,0,0,0,0,-1000,0,0,0,0,1000,-1000,-1000
02001L,富邦蘋果正二N   ,0,0,0,0,0,0,0,0,0,-1000,0,0,0,0,1000,-1000,-1000
03010X,元展10          ,0,0,0,0,0,0,0,0,0,-1000,0,0,0,0,1000,-1000,-1000
0057,富邦摩台        ,0,0,0,0,0,0,0,0,0,-1000,0,0,0,20000,21000,-1000,-1000
00690,兆豐藍籌30      ,0,0,0,0,0,0,0,0,0,-1000,0,0,0,151000,152000,-1000,-1000
00686R,群益臺灣加權反1 ,0,0,0,0,0,0,0,0,0,-1000,0,0,0,30000,31000,-1000,-1000
052326,滬深反中信99購01,0,0,0,0,0,0,0,0,0,-1000,0,0,0,0,1000,-1000,-1000
052272,T50反1群益95購03,0,0,0,0,0,0,0,0,0,-1000,0,0,0,0,1000,-1000,-1000
052079,康友元富98購01  ,0,0,0,0,0,0,0,0,0,-1000,0,0,0,0,1000,-1000,-1000
052020,聯茂永豐95購02  ,0,0,0,0,0,0,0,0,0,-1000,0,0,0,1000,2000,-1000,-1000
052025,國巨群益96購01  ,0,0,0,0,0,0,0,0,0,-1000,0,0,0,339000,340000,-1000,-1000
051727,S&P反1國票97購01,0,0,0,0,0,0,0,0,0,-1000,0,0,0,0,1000,-1000,-1000
051488,健策凱基96購04  ,0,0,0,0,0,0,0,0,0,-1000,0,0,0,0,1000,-1000,-1000
051594,和碩元大96購01  ,0,0,0,0,0,0,0,0,0,-1000,0,0,0,115000,116000,-1000,-1000
052697,滬深2X國票98購01,0,0,0,0,0,0,0,0,0,-1000,0,0,0,100000,101000,-1000,-1000
055820,矽力國票98購02  ,0,0,0,0,0,0,0,0,0,-1000,0,0,0,0,1000,-1000,-1000
055824,臺股指國票97購11,0,0,0,0,0,0,0,0,0,-1000,0,0,0,11000,12000,-1000,-1000
053629,玉山金兆豐96購01,0,0,0,0,0,0,0,0,0,-1000,0,0,0,0,1000,-1000,-1000
053687,智邦元大96購02  ,0,0,0,0,0,0,0,0,0,-1000,0,0,0,0,1000,-1000,-1000
053612,T50反1群益96購01,0,0,0,0,0,0,0,0,0,-1000,0,0,0,0,1000,-1000,-1000
054162,光罩凱基98購01  ,0,0,0,0,0,0,0,0,0,-1000,0,0,0,0,1000,-1000,-1000
054111,緯穎凱基97購01  ,0,0,0,0,0,0,0,0,0,-1000,0,0,0,19000,20000,-1000,-1000
053919,可成國票97購02  ,0,0,0,0,0,0,0,0,0,-1000,0,0,0,0,1000,-1000,-1000
053818,富邦金群益98購01,0,0,0,0,0,0,0,0,0,-1000,0,0,0,0,1000,-1000,-1000
053900,T50反1日盛99購01,0,0,0,0,0,0,0,0,0,-1000,0,0,0,0,1000,-1000,-1000
059427,國巨元大99購24  ,0,0,0,0,0,0,0,0,0,-1000,0,0,0,0,1000,-1000,-1000
059430,台積電元大99購36,0,0,0,0,0,0,0,0,0,-1000,0,0,0,2000,3000,-1000,-1000
059436,大立光元大99購18,0,0,0,0,0,0,0,0,0,-1000,0,0,0,1000,2000,-1000,-1000
059488,大立光兆豐99購03,0,0,0,0,0,0,0,0,0,-1000,0,0,0,0,1000,-1000,-1000
059480,美律群益9A購01  ,0,0,0,0,0,0,0,0,0,-1000,0,0,0,4000,5000,-1000,-1000
059440,康控元大9B購01  ,0,0,0,0,0,0,0,0,0,-1000,0,0,0,9000,10000,-1000,-1000
05945P,聯詠中信96售01  ,0,0,0,0,0,0,0,0,0,-1000,0,0,0,0,1000,-1000,-1000
059466,國巨元大99購26  ,0,0,0,0,0,0,0,0,0,-1000,0,0,0,0,1000,-1000,-1000
059341,台積電凱基99購15,0,0,0,0,0,0,0,0,0,-1000,0,0,0,0,1000,-1000,-1000
059364,昇陽半永豐99購02,0,0,0,0,0,0,0,0,0,-1000,0,0,0,12000,13000,-1000,-1000
05936P,台積電凱基96售20,0,0,0,0,0,0,0,0,0,-1000,0,0,0,2000,3000,-1000,-1000
059792,台灣50國票9A購09,0,0,0,0,0,0,0,0,0,-1000,0,0,0,0,1000,-1000,-1000
059960,健策國票99購01  ,0,0,0,0,0,0,0,0,0,-1000,0,0,0,0,1000,-1000,-1000
059966,台積電凱基99購19,0,0,0,0,0,0,0,0,0,-1000,0,0,0,2000,3000,-1000,-1000
059987,大立光元大99購28,0,0,0,0,0,0,0,0,0,-1000,0,0,0,0,1000,-1000,-1000
059921,大立光元大99購24,0,0,0,0,0,0,0,0,0,-1000,0,0,0,0,1000,-1000,-1000
059768,上証2X群益9C購02,0,0,0,0,0,0,0,0,0,-1000,0,0,0,0,1000,-1000,-1000
057306,玉晶光兆豐99購01,0,0,0,0,0,0,0,0,0,-1000,0,0,0,0,1000,-1000,-1000
059159,上銀凱基99購05  ,0,0,0,0,0,0,0,0,0,-1000,0,0,0,100000,101000,-1000,-1000
059150,臺股指國票99購13,0,0,0,0,0,0,0,0,0,-1000,0,0,0,0,1000,-1000,-1000
057046,奇力新元大99購03,0,0,0,0,0,0,0,0,0,-1000,0,0,0,0,1000,-1000,-1000
057373,大立光元大98購17,0,0,0,0,0,0,0,0,0,-1000,0,0,0,0,1000,-1000,-1000
057222,鴻海國票99購04  ,0,0,0,0,0,0,0,0,0,-1000,0,0,0,0,1000,-1000,-1000
057272,台積電元大98購14,0,0,0,0,0,0,0,0,0,-1000,0,0,0,0,1000,-1000,-1000
059191,茂林富邦9B購01  ,0,0,0,0,0,0,0,0,0,-1000,0,0,0,0,1000,-1000,-1000
058961,台灣50兆豐9C購01,0,0,0,0,0,0,0,0,0,-1000,0,0,0,10000,11000,-1000,-1000
05672P,鴻海群益96售03  ,0,0,0,0,0,0,0,0,0,-1000,0,0,0,0,1000,-1000,-1000
05668P,滬深2X永豐96售04,0,0,0,0,0,0,0,0,0,-1000,0,0,0,0,1000,-1000,-1000
058584,百和群益9A購01  ,0,0,0,0,0,0,0,0,0,-1000,0,0,0,81000,82000,-1000,-1000
05855P,滬深2X中信9C售01,0,0,0,0,0,0,0,0,0,-1000,0,0,0,1000,2000,-1000,-1000
058631,鈺齊國票9A購01  ,0,0,0,0,0,0,0,0,0,-1000,0,0,0,4000,5000,-1000,-1000
058731,貿聯永豐99購02  ,0,0,0,0,0,0,0,0,0,-1000,0,0,0,0,1000,-1000,-1000
058407,滬深2X兆豐9A購01,0,0,0,0,0,0,0,0,0,-1000,0,0,0,0,1000,-1000,-1000
058419,聯發科麥證99購02,0,0,0,0,61000,-61000,0,0,0,-1000,0,0,0,60000,61000,-1000,-1000
056360,智邦元大98購01  ,0,0,0,0,0,0,0,0,0,-1000,0,0,0,51000,52000,-1000,-1000
056413,上証反中信9A購01,0,0,0,0,0,0,0,0,0,-1000,0,0,0,0,1000,-1000,-1000
057831,聯發科元富02購04,0,0,0,0,0,0,0,0,0,-1000,0,0,0,0,1000,-1000,-1000
058777,台光電國票9A購01,0,0,0,0,0,0,0,0,0,-1000,0,0,0,0,1000,-1000,-1000
056437,台積電凱基98購11,0,0,0,0,0,0,0,0,0,-1000,0,0,0,0,1000,-1000,-1000
056567,瀚宇博群益98購02,0,0,0,0,0,0,0,0,0,-1000,0,0,0,48000,49000,-1000,-1000
058833,台表科永豐99購01,0,0,0,0,0,0,0,0,0,-1000,0,0,0,0,1000,-1000,-1000
05650P,台積電富邦96售01,0,0,0,0,0,0,0,0,0,-1000,0,0,0,30000,31000,-1000,-1000
056287,亞光永豐97購02  ,0,0,0,0,0,0,0,0,0,-1000,0,0,0,0,1000,-1000,-1000
057613,瑞昱元富02購02  ,0,0,0,0,0,0,0,0,0,-1000,0,0,0,40000,41000,-1000,-1000
5538,東明-KY         ,0,1000,-1000,0,0,0,0,0,0,0,0,0,0,0,0,0,-1000
6183,關貿            ,0,1000,-1000,0,0,0,0,0,0,0,0,0,0,0,0,0,-1000
6215,和椿            ,0,0,0,0,0,0,0,0,0,-1000,0,1000,-1000,0,0,0,-1000
6197,佳必琪          ,67000,68000,-1000,0,0,0,0,0,0,0,0,0,0,0,0,0,-1000
6442,光聖            ,0,1000,-1000,0,0,0,0,0,0,0,0,0,0,0,0,0,-1000
8072,陞泰            ,2000,3000,-1000,0,0,0,0,0,0,0,0,0,0,0,0,0,-1000
6625,必應            ,0,1000,-1000,0,0,0,0,0,0,0,0,0,0,0,0,0,-1000
6666,羅麗芬-KY       ,0,1000,-1000,0,0,0,0,0,0,0,0,0,0,0,0,0,-1000
8482,商億-KY         ,0,1000,-1000,0,0,0,0,0,0,0,0,0,0,0,0,0,-1000
8488,吉源-KY         ,0,1000,-1000,0,0,0,0,0,0,0,0,0,0,0,0,0,-1000
8480,泰昇-KY         ,33000,34000,-1000,0,0,0,0,0,0,0,0,0,0,0,0,0,-1000
8374,羅昇            ,0,0,0,0,0,0,0,0,0,-1000,0,1000,-1000,0,0,0,-1000
8427,基勝-KY         ,0,1000,-1000,0,0,0,0,0,0,0,0,0,0,0,0,0,-1000
9906,欣巴巴          ,0,1000,-1000,0,0,0,0,0,0,0,0,0,0,0,0,0,-1000
2496,卓越            ,1000,2000,-1000,0,0,0,0,0,0,0,0,0,0,0,0,0,-1000
2497,怡利電          ,0,1000,-1000,0,0,0,0,0,0,0,0,0,0,0,0,0,-1000
2483,百容            ,1000,2000,-1000,0,0,0,0,0,0,0,0,0,0,0,0,0,-1000
2836,高雄銀          ,53000,54000,-1000,0,0,0,0,0,0,0,0,0,0,0,0,0,-1000
2908,特力            ,92000,93000,-1000,0,0,0,0,0,0,0,0,0,0,0,0,0,-1000
2901,欣欣            ,0,1000,-1000,0,0,0,0,0,0,0,0,0,0,0,0,0,-1000
4552,力達-KY         ,13000,14000,-1000,0,0,0,0,0,0,0,0,0,0,0,0,0,-1000
4557,永新-KY         ,0,1000,-1000,0,0,0,0,0,0,0,0,0,0,0,0,0,-1000
4571,鈞興-KY         ,0,1000,-1000,0,0,0,0,0,0,0,0,0,0,0,0,0,-1000
4306,炎洲            ,64000,69000,-5000,0,0,0,0,0,0,4000,4000,0,4000,0,0,0,-1000
3130,一零四          ,0,1000,-1000,0,0,0,0,0,0,0,0,0,0,0,0,0,-1000
3416,融程電          ,0,1000,-1000,0,0,0,0,0,0,0,0,0,0,0,0,0,-1000
3021,鴻名            ,0,1000,-1000,0,0,0,0,0,0,0,0,0,0,0,0,0,-1000
00743,國泰中國A150    ,6000,0,6000,0,0,0,0,0,0,-7332,0,0,0,0,7332,-7332,-1332
3044,健鼎            ,152000,156616,-4616,0,0,0,0,1000,-1000,4000,14000,3000,11000,0,7000,-7000,-1616
3543,州巧            ,0,1000,-1000,0,0,0,0,0,0,-707,0,707,-707,0,0,0,-1707
061157,聯鈞群益9A購02  ,0,0,0,0,0,0,0,0,0,-2000,0,0,0,48000,50000,-2000,-2000
061067,貿聯凱基9A購03  ,0,0,0,0,0,0,0,0,0,-2000,0,0,0,0,2000,-2000,-2000
061391,晶技群益9A購02  ,0,0,0,0,0,0,0,0,0,-2000,0,0,0,0,2000,-2000,-2000
061399,喬山兆豐9B購01  ,0,0,0,0,0,0,0,0,0,-2000,0,0,0,0,2000,-2000,-2000
061386,道瓊銀群益9A購03,0,0,0,0,0,0,0,0,0,-2000,0,0,0,0,2000,-2000,-2000
061257,上銀凱基9A購06  ,0,0,0,0,0,0,0,0,0,-2000,0,0,0,0,2000,-2000,-2000
06127P,泰碩元富97售01  ,0,0,0,0,0,0,0,0,0,-2000,0,0,0,0,2000,-2000,-2000
061314,滬深2X凱基9B購06,0,0,0,0,0,0,0,0,0,-2000,0,0,0,0,2000,-2000,-2000
061018,台積電國票9B購05,0,0,0,0,0,0,0,0,0,-2000,0,0,0,15000,17000,-2000,-2000
060737,瑞儀統一9C購01  ,0,0,0,0,0,0,0,0,0,-2000,0,0,0,433000,435000,-2000,-2000
060554,中租凱基9A購01  ,0,0,0,0,0,0,0,0,0,-2000,0,0,0,0,2000,-2000,-2000
060549,聯發科凱基9B購03,0,0,0,0,0,0,0,0,0,-2000,0,0,0,4000,6000,-2000,-2000
060536,祥碩麥證9A購01  ,0,0,0,73000,75000,-2000,0,0,0,-2000,0,0,0,73000,75000,-2000,-2000
060650,奇力新中信9A購01,0,0,0,0,0,0,0,0,0,-2000,0,0,0,120000,122000,-2000,-2000
060606,玉晶光凱基9A購05,0,0,0,0,0,0,0,0,0,-2000,0,0,0,0,2000,-2000,-2000
06059P,泰碩元大97售02  ,0,0,0,0,0,0,0,0,0,-2000,0,0,0,30000,32000,-2000,-2000
060629,鴻海富邦9B購01  ,0,0,0,0,0,0,0,0,0,-2000,0,0,0,10000,12000,-2000,-2000
060362,建準元富9A購02  ,0,0,0,0,0,0,0,0,0,-2000,0,0,0,97000,99000,-2000,-2000
060345,聯發科統一9B購05,0,0,0,0,0,0,0,0,0,-2000,0,0,0,0,2000,-2000,-2000
060135,台灣50國票9C購02,0,0,0,0,0,0,0,0,0,-2000,0,0,0,36000,38000,-2000,-2000
060059,鴻海兆豐99購06  ,0,0,0,0,0,0,0,0,0,-2000,0,0,0,6000,8000,-2000,-2000
060105,牧德元大9B購01  ,0,0,0,0,0,0,0,0,0,-2000,0,0,0,17000,19000,-2000,-2000
07367P,鴻海凱基99售17  ,0,0,0,0,0,0,0,0,0,-2000,0,0,0,0,2000,-2000,-2000
07364P,大立光元大99售27,0,0,0,0,0,0,0,0,0,-2000,0,0,0,0,2000,-2000,-2000
07137P,大立光中信9B售01,0,0,0,0,0,0,0,0,0,-2000,0,0,0,0,2000,-2000,-2000
07090P,台灣50凱基01售01,0,0,0,0,0,0,0,0,0,-2000,0,0,0,0,2000,-2000,-2000
07053P,台灣50兆豐01售01,0,0,0,0,0,0,0,0,0,-2000,0,0,0,81000,83000,-2000,-2000
06988P,鴻海元富99售09  ,0,0,0,0,0,0,0,0,0,-2000,0,0,0,0,2000,-2000,-2000
06869P,金融類元大99售01,0,0,0,0,0,0,0,0,0,-2000,0,0,0,2000,4000,-2000,-2000
06875P,台灣50永昌9A售02,0,0,0,0,0,0,0,0,0,-2000,0,0,0,354000,356000,-2000,-2000
06925P,致茂群益9A售02  ,0,0,0,0,0,0,0,0,0,-2000,0,0,0,10000,12000,-2000,-2000
06923P,鴻海群益98售09  ,0,0,0,0,0,0,0,0,0,-2000,0,0,0,0,2000,-2000,-2000
06841P,臺股指統一9A售02,0,0,0,0,0,0,0,0,0,-2000,0,0,0,7000,9000,-2000,-2000
06823P,台灣50永豐98售02,0,0,0,0,0,0,0,0,0,-2000,0,0,0,0,2000,-2000,-2000
06750P,聯發科元富02售03,0,0,0,0,0,0,0,0,0,-2000,0,0,0,0,2000,-2000,-2000
06408P,聯茂元富97售02  ,0,0,0,0,0,0,0,0,0,-2000,0,0,0,0,2000,-2000,-2000
06262P,國巨凱基97售07  ,0,0,0,0,0,0,0,0,0,-2000,0,0,0,200000,202000,-2000,-2000
06214P,國巨國票98售04  ,0,0,0,0,0,0,0,0,0,-2000,0,0,0,80000,82000,-2000,-2000
1817,凱撒衛          ,2000,4000,-2000,0,0,0,0,0,0,0,0,0,0,0,0,0,-2000
1809,中釉            ,12000,14000,-2000,0,0,0,0,0,0,0,0,0,0,0,0,0,-2000
1467,南緯            ,123000,125000,-2000,0,0,0,0,0,0,0,0,0,0,0,0,0,-2000
1468,昶和            ,0,2000,-2000,0,0,0,0,0,0,0,0,0,0,0,0,0,-2000
2415,錩新            ,0,0,0,0,0,0,0,0,0,-2000,0,2000,-2000,0,0,0,-2000
2440,太空梭          ,0,2000,-2000,0,0,0,0,0,0,0,0,0,0,0,0,0,-2000
2369,菱生            ,299000,300000,-1000,0,0,0,0,0,0,-1000,0,1000,-1000,0,0,0,-2000
2348,海悅            ,0,3000,-3000,0,0,0,0,0,0,1000,1000,0,1000,0,0,0,-2000
2109,華豐            ,0,2000,-2000,0,0,0,0,0,0,0,0,0,0,0,0,0,-2000
1423,利華            ,0,2000,-2000,0,0,0,0,0,0,0,0,0,0,0,0,0,-2000
1337,再生-KY         ,8000,10000,-2000,0,0,0,0,0,0,0,0,0,0,0,0,0,-2000
1109,信大            ,8000,8000,0,0,0,0,0,2000,-2000,0,0,0,0,0,0,0,-2000
07689P,旺宏元大9A售13  ,0,0,0,0,0,0,0,0,0,-2000,0,0,0,0,2000,-2000,-2000
07503P,禾伸堂元大9A售01,0,0,0,0,0,0,0,0,0,-2000,0,0,0,16000,18000,-2000,-2000
07622P,華新科統一9B售02,0,0,0,0,0,0,0,0,0,-2000,0,0,0,2000,4000,-2000,-2000
07572P,台灣50元大9A售15,0,0,0,0,0,0,0,0,0,-2000,0,0,0,0,2000,-2000,-2000
00735,國泰臺韓科技    ,0,0,0,0,0,0,0,0,0,-2000,0,0,0,243000,245000,-2000,-2000
00700,富邦恒生國企    ,0,0,0,0,0,0,0,0,0,-2000,0,0,0,103000,105000,-2000,-2000
00645,富邦日本        ,0,0,0,0,0,0,0,0,0,-2000,0,0,0,62000,64000,-2000,-2000
04617P,臺股指群益95售03,0,0,0,0,0,0,0,0,0,-2000,0,0,0,30000,32000,-2000,-2000
03765P,大立光元富96售01,0,0,0,0,0,0,0,0,0,-2000,0,0,0,0,2000,-2000,-2000
035277,景碩台新97購01  ,0,0,0,0,0,0,0,0,0,-2000,0,0,0,1000,3000,-2000,-2000
03662C,FBVIX凱基03牛01 ,0,0,0,0,0,0,0,0,0,-2000,0,0,0,0,2000,-2000,-2000
03052X,元展49          ,0,0,0,0,0,0,0,0,0,-2000,0,0,0,0,2000,-2000,-2000
03033X,元展30          ,0,0,0,0,0,0,0,0,0,-2000,0,0,0,0,2000,-2000,-2000
048551,鴻海元大94購02  ,0,0,0,0,0,0,0,0,0,-2000,0,0,0,0,2000,-2000,-2000
050760,矽力元富94購03  ,0,0,0,0,0,0,0,0,0,-2000,0,0,0,10000,12000,-2000,-2000
050854,世紀鋼國票97購01,0,0,0,0,0,0,0,0,0,-2000,0,0,0,0,2000,-2000,-2000
051001,緯穎元大96購02  ,0,0,0,0,0,0,0,0,0,-2000,0,0,0,0,2000,-2000,-2000
05119P,聯發科國泰96售02,0,0,0,0,0,0,0,0,0,-2000,0,0,0,0,2000,-2000,-2000
051243,微星元大95購01  ,0,0,0,0,0,0,0,0,0,-2000,0,0,0,98000,100000,-2000,-2000
05410P,聯發科元富95售04,0,0,0,0,0,0,0,0,0,-2000,0,0,0,0,2000,-2000,-2000
054135,大立光元大97購04,0,0,0,0,0,0,0,0,0,-2000,0,0,0,0,2000,-2000,-2000
053735,矽力中信97購01  ,0,0,0,0,0,0,0,0,0,-2000,0,0,0,38000,40000,-2000,-2000
053759,晶相光國泰98購01,0,0,0,0,0,0,0,0,0,-2000,0,0,0,0,2000,-2000,-2000
052647,晶技永豐97購01  ,0,0,0,0,0,0,0,0,0,-2000,0,0,0,10000,12000,-2000,-2000
051605,奇力新群益95購02,0,0,0,0,0,0,0,0,0,-2000,0,0,0,0,2000,-2000,-2000
051934,緯穎國票96購01  ,0,0,0,0,0,0,0,0,0,-2000,0,0,0,0,2000,-2000,-2000
051807,瑞昱凱基95購03  ,0,0,0,0,0,0,0,0,0,-2000,0,0,0,0,2000,-2000,-2000
052434,茂林國泰97購01  ,0,0,0,0,0,0,0,0,0,-2000,0,0,0,0,2000,-2000,-2000
054330,世芯永豐96購02  ,0,0,0,0,0,0,0,0,0,-2000,0,0,0,0,2000,-2000,-2000
05456P,鴻海凱基95售19  ,0,0,0,0,0,0,0,0,0,-2000,0,0,0,0,2000,-2000,-2000
052965,廣宇群益97購01  ,0,0,0,0,0,0,0,0,0,-2000,0,0,0,0,2000,-2000,-2000
052886,世紀鋼兆豐96購01,0,0,0,0,0,0,0,0,0,-2000,0,0,0,0,2000,-2000,-2000
054736,南亞科凱基98購01,0,0,0,0,0,0,0,0,0,-2000,0,0,0,0,2000,-2000,-2000
05468P,鴻海元大96售14  ,0,0,0,0,0,0,0,0,0,-2000,0,0,0,1000,3000,-2000,-2000
054617,超眾永豐97購01  ,0,0,0,0,0,0,0,0,0,-2000,0,0,0,0,2000,-2000,-2000
055545,國巨凱基97購06  ,0,0,0,0,0,0,0,0,0,-2000,0,0,0,1000,3000,-2000,-2000
055521,S&P反1群益01購01,0,0,0,0,0,0,0,0,0,-2000,0,0,0,0,2000,-2000,-2000
054890,聯鈞統一99購01  ,0,0,0,0,0,0,0,0,0,-2000,0,0,0,27000,29000,-2000,-2000
05577P,上銀凱基96售02  ,0,0,0,0,0,0,0,0,0,-2000,0,0,0,0,2000,-2000,-2000
055707,聯鈞永豐98購01  ,0,0,0,0,0,0,0,0,0,-2000,0,0,0,0,2000,-2000,-2000
056036,鴻海凱基97購07  ,0,0,0,0,0,0,0,0,0,-2000,0,0,0,21000,23000,-2000,-2000
056058,建準元大97購02  ,0,0,0,0,0,0,0,0,0,-2000,0,0,0,0,2000,-2000,-2000
058027,鴻海富邦98購04  ,0,0,0,0,0,0,0,0,0,-2000,0,0,0,32000,34000,-2000,-2000
058022,樺漢凱基99購02  ,0,0,0,0,0,0,0,0,0,-2000,0,0,0,0,2000,-2000,-2000
057567,嘉聯益富邦9A購01,0,0,0,0,0,0,0,0,0,-2000,0,0,0,4000,6000,-2000,-2000
058230,國巨元大99購11  ,0,0,0,0,0,0,0,0,0,-2000,0,0,0,50000,52000,-2000,-2000
056303,亞光元大97購04  ,0,0,0,0,0,0,0,0,0,-2000,0,0,0,0,2000,-2000,-2000
058196,台塑中信99購01  ,0,0,0,0,0,0,0,0,0,-2000,0,0,0,10000,12000,-2000,-2000
058144,聯茂元大99購02  ,0,0,0,0,0,0,0,0,0,-2000,0,0,0,0,2000,-2000,-2000
05886P,華通元富96售01  ,0,0,0,0,0,0,0,0,0,-2000,0,0,0,0,2000,-2000,-2000
056460,同欣電凱基99購01,0,0,0,0,0,0,0,0,0,-2000,0,0,0,0,2000,-2000,-2000
057862,智邦凱基99購01  ,0,0,0,0,0,0,0,0,0,-2000,0,0,0,0,2000,-2000,-2000
058396,力山元大99購01  ,0,0,0,0,0,0,0,0,0,-2000,0,0,0,0,2000,-2000,-2000
056635,亞德客日盛99購01,0,0,0,0,0,0,0,0,0,-2000,0,0,0,0,2000,-2000,-2000
058464,矽創兆豐9A購01  ,0,0,0,0,0,0,0,0,0,-2000,0,0,0,0,2000,-2000,-2000
058615,矽創元大99購01  ,0,0,0,0,0,0,0,0,0,-2000,0,0,0,0,2000,-2000,-2000
059236,鴻海凱基99購09  ,0,0,0,0,0,0,0,0,0,-2000,0,0,0,0,2000,-2000,-2000
057268,臻鼎兆豐99購01  ,0,0,0,0,0,0,0,0,0,-2000,0,0,0,0,2000,-2000,-2000
057288,聯茂元大98購03  ,0,0,0,0,0,0,0,0,0,-2000,0,0,0,34000,36000,-2000,-2000
057281,大立光元大98購16,0,0,0,0,0,0,0,0,0,-2000,0,0,0,0,2000,-2000,-2000
057028,台郡凱基99購02  ,0,0,0,0,0,0,0,0,0,-2000,0,0,0,0,2000,-2000,-2000
057436,義隆國票99購02  ,0,0,0,0,0,0,0,0,0,-2000,0,0,0,26000,28000,-2000,-2000
059146,貿聯國票9A購02  ,0,0,0,0,0,0,0,0,0,-2000,0,0,0,8000,10000,-2000,-2000
056856,華通群益9A購01  ,0,0,0,0,0,0,0,0,0,-2000,0,0,0,18000,20000,-2000,-2000
056821,日電貿永豐98購01,0,0,0,0,0,0,0,0,0,-2000,0,0,0,0,2000,-2000,-2000
05904P,大立光統一96售07,0,0,0,0,0,0,0,0,0,-2000,0,0,0,0,2000,-2000,-2000
059660,華新科元大9A購04,0,0,0,0,0,0,0,0,0,-2000,0,0,0,0,2000,-2000,-2000
059827,晶技凱基99購03  ,0,0,0,0,0,0,0,0,0,-2000,0,0,0,0,2000,-2000,-2000
059520,台表科永豐99購02,0,0,0,0,0,0,0,0,0,-2000,0,0,0,0,2000,-2000,-2000
059473,T50反1群益99購03,0,0,0,0,0,0,0,0,0,-2000,0,0,0,0,2000,-2000,-2000
059387,華通凱基9A購03  ,0,0,0,0,0,0,0,0,0,-2000,0,0,0,2000,4000,-2000,-2000
3550,聯穎            ,0,2000,-2000,0,0,0,0,0,0,0,0,0,0,0,0,0,-2000
3607,谷崧            ,90000,92000,-2000,0,0,0,0,0,0,0,0,0,0,0,0,0,-2000
4144,康聯-KY         ,0,2000,-2000,0,0,0,0,0,0,0,0,0,0,0,0,0,-2000
4581,光隆精密-KY     ,0,2000,-2000,0,0,0,0,0,0,0,0,0,0,0,0,0,-2000
2910,統領            ,0,2000,-2000,0,0,0,0,0,0,0,0,0,0,0,0,0,-2000
2712,遠雄來          ,0,2000,-2000,0,0,0,0,0,0,0,0,0,0,0,0,0,-2000
2486,一詮            ,38000,40000,-2000,0,0,0,0,0,0,0,0,0,0,0,0,0,-2000
2495,普安            ,0,2000,-2000,0,0,0,0,0,0,0,0,0,0,0,0,0,-2000
2543,皇昌            ,0,2000,-2000,0,0,0,0,0,0,0,0,0,0,0,0,0,-2000
9937,全國            ,0,2000,-2000,0,0,0,0,0,0,0,0,0,0,0,0,0,-2000
8261,富鼎            ,22000,24000,-2000,0,0,0,0,0,0,0,0,0,0,0,0,0,-2000
8103,瀚荃            ,19000,20000,-1000,0,0,0,0,0,0,-1000,0,1000,-1000,0,0,0,-2000
6405,悅城            ,1000,3000,-2000,0,0,0,0,0,0,0,0,0,0,0,0,0,-2000
6189,豐藝            ,26000,27000,-1000,0,0,0,0,0,0,-1000,0,1000,-1000,0,0,0,-2000
6128,上福            ,17000,19000,-2000,0,0,0,0,0,0,0,0,0,0,0,0,0,-2000
5484,慧友            ,0,2000,-2000,0,0,0,0,0,0,0,0,0,0,0,0,0,-2000
4930,燦星網          ,0,2000,-2000,0,0,0,0,0,0,0,0,0,0,0,0,0,-2000
4916,事欣科          ,15000,17000,-2000,0,0,0,0,0,0,0,0,0,0,0,0,0,-2000
07537P,玉晶光元富9A售04,0,0,0,0,0,0,0,0,0,-3000,0,0,0,0,3000,-3000,-3000
07491P,臺股指國票9A售09,0,0,0,0,0,0,0,0,0,-3000,0,0,0,0,3000,-3000,-3000
07722P,玉晶光凱基9A售10,0,0,0,0,0,0,0,0,0,-3000,0,0,0,11000,14000,-3000,-3000
1256,鮮活果汁-KY     ,1000,4000,-3000,0,0,0,0,0,0,0,0,0,0,0,0,0,-3000
1307,三芳            ,1000,4000,-3000,0,0,0,0,0,0,0,0,0,0,0,0,0,-3000
1340,勝悅-KY         ,4000,7000,-3000,0,0,0,0,0,0,0,0,0,0,0,0,0,-3000
2427,三商電          ,27000,30000,-3000,0,0,0,0,0,0,0,0,0,0,0,0,0,-3000
1453,大將            ,0,3000,-3000,0,0,0,0,0,0,0,0,0,0,0,0,0,-3000
1535,中宇            ,0,3000,-3000,0,0,0,0,0,0,0,0,0,0,0,0,0,-3000
06329P,大立光兆豐97售04,0,0,0,0,0,0,0,0,0,-3000,0,0,0,7000,10000,-3000,-3000
06740P,台灣50國泰9A售02,0,0,0,0,0,0,0,0,0,-3000,0,0,0,155000,158000,-3000,-3000
06615P,鴻海元大9C售02  ,0,0,0,0,0,0,0,0,0,-3000,0,0,0,285000,288000,-3000,-3000
07141P,台灣50國票9A售03,0,0,0,0,0,0,0,0,0,-3000,0,0,0,0,3000,-3000,-3000
07223P,鴻海元大99售29  ,0,0,0,0,0,0,0,0,0,-3000,0,0,0,36000,39000,-3000,-3000
07203P,T50正2凱基9C售02,0,0,0,0,0,0,0,0,0,-3000,0,0,0,0,3000,-3000,-3000
07235P,T50正2元大9C售02,0,0,0,0,0,0,0,0,0,-3000,0,0,0,4000,7000,-3000,-3000
060075,台積電元富99購05,0,0,0,0,0,0,0,0,0,-3000,0,0,0,0,3000,-3000,-3000
060167,禾聯碩永豐9A購01,0,0,0,0,0,0,0,0,0,-3000,0,0,0,111000,114000,-3000,-3000
060266,潤泰全國票9A購01,0,0,0,0,0,0,0,0,0,-3000,0,0,0,0,3000,-3000,-3000
060480,億豐元大9A購02  ,0,0,0,0,0,0,0,0,0,-3000,0,0,0,8000,11000,-3000,-3000
060389,世紀鋼凱基9B購02,0,0,0,0,0,0,0,0,0,-3000,0,0,0,100000,103000,-3000,-3000
060782,道瓊指富邦9C購01,0,0,0,0,0,0,0,0,0,-3000,0,0,0,2000,5000,-3000,-3000
061229,緯穎中信9B購01  ,0,0,0,0,0,0,0,0,0,-3000,0,0,0,0,3000,-3000,-3000
061261,台積電凱基9B購03,0,0,0,0,0,0,0,0,0,-3000,0,0,0,0,3000,-3000,-3000
061057,華新科國票9A購04,0,0,0,0,0,0,0,0,0,-3000,0,0,0,0,3000,-3000,-3000
058047,可成元大98購11  ,0,0,0,0,0,0,0,0,0,-3000,0,0,0,68000,71000,-3000,-3000
055915,大立光凱基98購07,0,0,0,0,0,0,0,0,0,-3000,0,0,0,0,3000,-3000,-3000
055885,大成鋼統一97購02,0,0,0,0,0,0,0,0,0,-3000,0,0,0,0,3000,-3000,-3000
055006,晶相光元富9A購01,0,0,0,0,0,0,0,0,0,-3000,0,0,0,0,3000,-3000,-3000
055098,臺股指群益97購01,0,0,0,0,0,0,0,0,0,-3000,0,0,0,0,3000,-3000,-3000
053473,聯發科元大96購15,0,0,0,0,0,0,0,0,0,-3000,0,0,0,44000,47000,-3000,-3000
055388,華通統一97購03  ,0,0,0,0,0,0,0,0,0,-3000,0,0,0,7000,10000,-3000,-3000
055525,國巨群益98購05  ,0,0,0,0,0,0,0,0,0,-3000,0,0,0,1000,4000,-3000,-3000
055610,光磊國票98購01  ,0,0,0,0,0,0,0,0,0,-3000,0,0,0,0,3000,-3000,-3000
05471P,聯電統一95售01  ,0,0,0,0,0,0,0,0,0,-3000,0,0,0,0,3000,-3000,-3000
052369,矽力國票96購02  ,0,0,0,0,0,0,0,0,0,-3000,0,0,0,0,3000,-3000,-3000
052297,旭富國票96購01  ,0,0,0,0,0,0,0,0,0,-3000,0,0,0,0,3000,-3000,-3000
05217P,鴻海統一95售08  ,0,0,0,0,0,0,0,0,0,-3000,0,0,0,0,3000,-3000,-3000
052084,台泥元大95購01  ,0,0,0,0,0,0,0,0,0,-3000,0,0,0,95000,98000,-3000,-3000
052681,T50反1元大98購02,0,0,0,0,0,0,0,0,0,-3000,0,0,0,1000,4000,-3000,-3000
053619,和碩群益96購01  ,0,0,0,0,0,0,0,0,0,-3000,0,0,0,0,3000,-3000,-3000
053836,亞光永豐96購02  ,0,0,0,0,0,0,0,0,0,-3000,0,0,0,0,3000,-3000,-3000
050579,聯發科國票95購04,0,0,0,0,0,0,0,0,0,-3000,0,0,0,10000,13000,-3000,-3000
050601,台表科國泰96購01,0,0,0,0,0,0,0,0,0,-3000,0,0,0,0,3000,-3000,-3000
048873,玉晶光國票95購02,0,0,0,0,0,0,0,0,0,-3000,0,0,0,0,3000,-3000,-3000
020016,統一MSCI美科技N ,0,0,0,0,0,0,0,0,0,-3000,0,0,0,0,3000,-3000,-3000
00689R,國泰20年美債反1 ,0,0,0,0,0,0,0,0,0,-3000,0,0,0,100000,103000,-3000,-3000
05943P,欣興凱基96售03  ,0,0,0,0,0,0,0,0,0,-3000,0,0,0,10000,13000,-3000,-3000
059368,T50正2元富99購02,0,0,0,0,0,0,0,0,0,-3000,0,0,0,3000,6000,-3000,-3000
059357,華通永豐99購01  ,0,0,0,0,0,0,0,0,0,-3000,0,0,0,0,3000,-3000,-3000
059517,茂林永豐99購02  ,0,0,0,0,0,0,0,0,0,-3000,0,0,0,0,3000,-3000,-3000
059588,鴻海元大99購32  ,0,0,0,0,0,0,0,0,0,-3000,0,0,0,3000,6000,-3000,-3000
059633,聯發科凱基9A購07,0,0,0,0,0,0,0,0,0,-3000,0,0,0,0,3000,-3000,-3000
059673,玉山金元富99購01,0,0,0,0,0,0,0,0,0,-3000,0,0,0,18000,21000,-3000,-3000
059740,瑞昱元富99購02  ,0,0,0,0,0,0,0,0,0,-3000,0,0,0,17000,20000,-3000,-3000
059756,奇力新富邦9C購01,0,0,0,0,0,0,0,0,0,-3000,0,0,0,0,3000,-3000,-3000
059874,大立光凱基99購15,0,0,0,0,0,0,0,0,0,-3000,0,0,0,0,3000,-3000,-3000
059989,嘉晶元大9A購01  ,0,0,0,0,0,0,0,0,0,-3000,0,0,0,44000,47000,-3000,-3000
059977,鴻海元大99購40  ,0,0,0,0,0,0,0,0,0,-3000,0,0,0,0,3000,-3000,-3000
056954,聯詠富邦9A購01  ,0,0,0,0,0,0,0,0,0,-3000,0,0,0,65000,68000,-3000,-3000
059118,晶技永豐9A購01  ,0,0,0,0,0,0,0,0,0,-3000,0,0,0,0,3000,-3000,-3000
058588,致茂中信9B購01  ,0,0,0,0,0,0,0,0,0,-3000,0,0,0,0,3000,-3000,-3000
058607,聯發科元大99購14,0,0,0,0,0,0,0,0,0,-3000,0,0,0,0,3000,-3000,-3000
058462,台積電兆豐99購01,0,0,0,0,0,0,0,0,0,-3000,0,0,0,7000,10000,-3000,-3000
058321,大立光永豐99購01,0,0,0,0,0,0,0,0,0,-3000,0,0,0,0,3000,-3000,-3000
057847,聯茂永豐98購01  ,0,0,0,0,0,0,0,0,0,-3000,0,0,0,0,3000,-3000,-3000
057747,致新永豐98購01  ,0,0,0,0,0,0,0,0,0,-3000,0,0,0,10000,13000,-3000,-3000
056469,國巨元大99購01  ,0,0,0,0,0,0,0,0,0,-3000,0,0,0,0,3000,-3000,-3000
056546,致伸凱基98購01  ,0,0,0,0,0,0,0,0,0,-3000,0,0,0,0,3000,-3000,-3000
058235,大立光元大99購08,0,0,0,0,0,0,0,0,0,-3000,0,0,0,0,3000,-3000,-3000
057559,可成兆豐99購02  ,0,0,0,0,0,0,0,0,0,-3000,0,0,0,0,3000,-3000,-3000
5285,界霖            ,9000,12000,-3000,0,0,0,0,0,0,0,0,0,0,0,0,0,-3000
5906,台南-KY         ,0,3000,-3000,0,0,0,0,0,0,0,0,0,0,0,0,0,-3000
5531,鄉林            ,59000,62000,-3000,0,0,0,0,0,0,0,0,0,0,0,0,0,-3000
6117,迎廣            ,0,1000,-1000,0,0,0,0,0,0,-2000,0,2000,-2000,0,0,0,-3000
6283,淳安            ,18000,21000,-3000,0,0,0,0,0,0,0,0,0,0,0,0,0,-3000
6464,台數科          ,0,3000,-3000,0,0,0,0,0,0,0,0,0,0,0,0,0,-3000
6715,嘉基            ,1000,4000,-3000,0,0,0,0,0,0,0,0,0,0,0,0,0,-3000
9941,裕融            ,32000,34000,-2000,0,0,0,0,0,0,-1000,0,1000,-1000,0,0,0,-3000
9926,新海            ,0,3000,-3000,0,0,0,0,0,0,0,0,0,0,0,0,0,-3000
9918,欣天然          ,0,3000,-3000,0,0,0,0,0,0,0,0,0,0,0,0,0,-3000
3617,碩天            ,15000,17000,-2000,0,0,0,0,1000,-1000,0,0,0,0,0,0,0,-3000
3694,海華            ,4000,7000,-3000,0,0,0,0,0,0,0,0,0,0,0,0,0,-3000
061321,華新科凱基9A購09,0,0,0,0,0,0,0,0,0,-4000,0,0,0,3000,7000,-4000,-4000
061408,華新科國票9A購06,0,0,0,0,0,0,0,0,0,-4000,0,0,0,0,4000,-4000,-4000
061425,華新科元大9A購19,0,0,0,0,0,0,0,0,0,-4000,0,0,0,0,4000,-4000,-4000
060747,聯鈞國票9A購02  ,0,0,0,0,0,0,0,0,0,-4000,0,0,0,75000,79000,-4000,-4000
060935,T50反1國票9A購08,0,0,0,0,0,0,0,0,0,-4000,0,0,0,0,4000,-4000,-4000
060907,金像電元大9A購02,0,0,0,0,0,0,0,0,0,-4000,0,0,0,478000,482000,-4000,-4000
060659,鴻海凱基9B購03  ,0,0,0,0,0,0,0,0,0,-4000,0,0,0,0,4000,-4000,-4000
060713,聯詠永豐9A購01  ,0,0,0,0,0,0,0,0,0,-4000,0,0,0,87000,91000,-4000,-4000
060370,滬深2X元富04購01,0,0,0,0,0,0,0,0,0,-4000,0,0,0,9000,13000,-4000,-4000
07112P,聯發科群益99售05,0,0,0,0,0,0,0,0,0,-4000,0,0,0,0,4000,-4000,-4000
06606P,訊芯元富98售02  ,0,0,0,0,0,0,0,0,0,-4000,0,0,0,0,4000,-4000,-4000
06254P,臺股指群益97售07,0,0,0,0,0,0,0,0,0,-4000,0,0,0,0,4000,-4000,-4000
1452,宏益            ,4000,8000,-4000,0,0,0,0,0,0,0,0,0,0,0,0,0,-4000
1903,士紙            ,0,4000,-4000,0,0,0,0,0,0,0,0,0,0,0,0,0,-4000
1724,台硝            ,0,4000,-4000,0,0,0,0,0,0,0,0,0,0,0,0,0,-4000
1737,臺鹽            ,3000,7000,-4000,0,0,0,0,0,0,0,0,0,0,0,0,0,-4000
2459,敦吉            ,45000,49000,-4000,0,0,0,0,0,0,0,0,0,0,0,0,0,-4000
1419,新紡            ,0,4000,-4000,0,0,0,0,0,0,0,0,0,0,0,0,0,-4000
07721P,台積電凱基9A售22,0,0,0,0,0,0,0,0,0,-4000,0,0,0,110000,114000,-4000,-4000
07756P,台灣50國票04售01,0,0,0,0,0,0,0,0,0,-4000,0,0,0,0,4000,-4000,-4000
07547P,緯穎凱基9A售05  ,0,0,0,0,0,0,0,0,0,-4000,0,0,0,0,4000,-4000,-4000
07655P,台灣50凱基01售09,0,0,0,0,0,0,0,0,0,-4000,0,0,0,0,4000,-4000,-4000
07580P,緯穎元大9A售03  ,0,0,0,0,0,0,0,0,0,-4000,0,0,0,50000,54000,-4000,-4000
00710B,FH彭博高收益債  ,0,0,0,0,0,0,0,0,0,-4000,0,0,0,0,4000,-4000,-4000
01004T,土銀富邦R2      ,0,4000,-4000,0,0,0,0,0,0,0,0,0,0,0,0,0,-4000
049335,聯電統一97購01  ,0,0,0,0,0,0,0,0,0,-4000,0,0,0,6000,10000,-4000,-4000
046476,鴻海統一96購01  ,0,0,0,0,0,0,0,0,0,-4000,0,0,0,0,4000,-4000,-4000
050847,創意國票96購01  ,0,0,0,0,0,0,0,0,0,-4000,0,0,0,0,4000,-4000,-4000
03091X,元展85          ,0,0,0,0,0,0,0,0,0,-4000,0,0,0,0,4000,-4000,-4000
03012X,元展12          ,0,0,0,0,0,0,0,0,0,-4000,0,0,0,0,4000,-4000,-4000
03427B,臺股指元大9A熊02,0,0,0,0,0,0,0,0,0,-4000,0,0,0,0,4000,-4000,-4000
054065,樺漢國票97購01  ,0,0,0,0,0,0,0,0,0,-4000,0,0,0,0,4000,-4000,-4000
051780,矽力群益95購01  ,0,0,0,0,0,0,0,0,0,-4000,0,0,0,6000,10000,-4000,-4000
051462,世芯國泰97購01  ,0,0,0,0,0,0,0,0,0,-4000,0,0,0,30000,34000,-4000,-4000
051684,瑞昱凱基95購02  ,0,0,0,0,0,0,0,0,0,-4000,0,0,0,6000,10000,-4000,-4000
054900,金寶康和97購01  ,0,0,0,0,0,0,0,0,0,-4000,0,0,0,0,4000,-4000,-4000
055777,冠德凱基97購01  ,0,0,0,0,0,0,0,0,0,-4000,0,0,0,0,4000,-4000,-4000
053320,華新科群益97購01,0,0,0,0,0,0,0,0,0,-4000,0,0,0,21000,25000,-4000,-4000
053107,旺宏兆豐97購01  ,0,0,0,0,0,0,0,0,0,-4000,0,0,0,1000,5000,-4000,-4000
055974,上銀統一97購05  ,0,0,0,0,0,0,0,0,0,-4000,0,0,0,22000,26000,-4000,-4000
056077,矽力元大97購07  ,0,0,0,0,0,0,0,0,0,-4000,0,0,0,78000,82000,-4000,-4000
05760P,京鼎永豐96售02  ,0,0,0,0,0,0,0,0,0,-4000,0,0,0,110000,114000,-4000,-4000
05761P,嘉澤永豐96售01  ,0,0,0,0,0,0,0,0,0,-4000,0,0,0,0,4000,-4000,-4000
056264,聯發科統一98購02,0,0,0,0,0,0,0,0,0,-4000,0,0,0,10000,14000,-4000,-4000
05630P,大立光永昌96售06,0,0,0,0,0,0,0,0,0,-4000,0,0,0,10000,14000,-4000,-4000
057751,神達國票99購02  ,0,0,0,0,0,0,0,0,0,-4000,0,0,0,0,4000,-4000,-4000
056407,嘉晶國票99購01  ,0,0,0,0,0,0,0,0,0,-4000,0,0,0,3000,7000,-4000,-4000
058981,國巨凱基99購10  ,0,0,0,0,0,0,0,0,0,-4000,0,0,0,0,4000,-4000,-4000
056695,景碩群益99購01  ,0,0,0,0,0,0,0,0,0,-4000,0,0,0,0,4000,-4000,-4000
058582,禾伸堂群益99購02,0,0,0,0,0,0,0,0,0,-4000,0,0,0,141000,145000,-4000,-4000
056689,玉晶光統一9A購03,0,0,0,0,0,0,0,0,0,-4000,0,0,0,1000,5000,-4000,-4000
059973,A50正2元大99購02,0,0,0,0,0,0,0,0,0,-4000,0,0,0,0,4000,-4000,-4000
059951,台塑康和99購01  ,0,0,0,0,0,0,0,0,0,-4000,0,0,0,67000,71000,-4000,-4000
059790,立積元大9C購02  ,0,0,0,0,0,0,0,0,0,-4000,0,0,0,0,4000,-4000,-4000
059674,玉山金元富99購02,0,0,0,0,0,0,0,0,0,-4000,0,0,0,22000,26000,-4000,-4000
059669,台灣50元富9B購05,0,0,0,0,0,0,0,0,0,-4000,0,0,0,43000,47000,-4000,-4000
059389,國巨凱基99購14  ,0,0,0,0,0,0,0,0,0,-4000,0,0,0,0,4000,-4000,-4000
059483,臺股指群益99購17,0,0,0,0,0,0,0,0,0,-4000,0,0,0,0,4000,-4000,-4000
059489,上証2X國票9A購01,0,0,0,0,0,0,0,0,0,-4000,0,0,0,0,4000,-4000,-4000
059487,聯發科兆豐99購03,0,0,0,0,0,0,0,0,0,-4000,0,0,0,0,4000,-4000,-4000
4576,大銀微系統      ,16000,20000,-4000,0,0,0,0,0,0,0,0,0,0,0,0,0,-4000
3040,遠見            ,1000,5000,-4000,0,0,0,0,0,0,0,0,0,0,0,0,0,-4000
9944,新麗            ,166000,170000,-4000,0,0,0,0,0,0,0,0,0,0,0,0,0,-4000
8466,美吉吉-KY       ,0,4000,-4000,0,0,0,0,0,0,0,0,0,0,0,0,0,-4000
6201,亞弘電          ,0,4000,-4000,0,0,0,0,0,0,0,0,0,0,0,0,0,-4000
5288,豐祥-KY         ,23000,27000,-4000,0,0,0,0,0,0,0,0,0,0,0,0,0,-4000
07587P,台灣50國票9A售11,0,0,0,0,0,0,0,0,0,-5000,0,0,0,0,5000,-5000,-5000
1110,東泥            ,0,3000,-3000,0,0,0,0,0,0,-2000,0,2000,-2000,0,0,0,-5000
1727,中華化          ,5000,10000,-5000,0,0,0,0,0,0,0,0,0,0,0,0,0,-5000
1558,伸興            ,3000,8000,-5000,0,0,0,0,0,0,0,0,0,0,0,0,0,-5000
06453P,群創元大9B售02  ,0,0,0,0,0,0,0,0,0,-5000,0,0,0,0,5000,-5000,-5000
06626P,大立光統一9A售01,0,0,0,0,0,0,0,0,0,-5000,0,0,0,0,5000,-5000,-5000
06833P,矽力群益99售01  ,0,0,0,0,0,0,0,0,0,-5000,0,0,0,5000,10000,-5000,-5000
06790P,台積電凱基9A售04,0,0,0,0,0,0,0,0,0,-5000,0,0,0,5000,10000,-5000,-5000
06767P,台積電永昌99售03,0,0,0,0,0,0,0,0,0,-5000,0,0,0,60000,65000,-5000,-5000
07069P,欣興元富99售02  ,0,0,0,0,0,0,0,0,0,-5000,0,0,0,0,5000,-5000,-5000
07242P,台灣50凱基9A售03,0,0,0,0,0,0,0,0,0,-5000,0,0,0,0,5000,-5000,-5000
07258P,台灣50台新9A售01,0,0,0,0,0,0,0,0,0,-5000,0,0,0,5000,10000,-5000,-5000
07267P,臺股指元大99售23,0,0,0,0,0,0,0,0,0,-5000,0,0,0,0,5000,-5000,-5000
07396P,聯發科群益9B售01,0,0,0,0,0,0,0,0,0,-5000,0,0,0,11000,16000,-5000,-5000
07423P,大立光元大99售33,0,0,0,0,0,0,0,0,0,-5000,0,0,0,0,5000,-5000,-5000
060317,台灣50群益02購01,0,0,0,0,0,0,0,0,0,-5000,0,0,0,0,5000,-5000,-5000
060231,台積電元大9A購08,0,0,0,0,0,0,0,0,0,-5000,0,0,0,0,5000,-5000,-5000
060136,T50反1國票9A購01,0,0,0,0,0,0,0,0,0,-5000,0,0,0,0,5000,-5000,-5000
060058,牧德凱基9B購01  ,0,0,0,0,0,0,0,0,0,-5000,0,0,0,12000,17000,-5000,-5000
060096,聯發科元大99購43,0,0,0,0,0,0,0,0,0,-5000,0,0,0,6000,11000,-5000,-5000
060115,南電元大99購06  ,0,0,0,0,0,0,0,0,0,-5000,0,0,0,0,5000,-5000,-5000
060644,泰鼎永豐9A購02  ,0,0,0,0,0,0,0,0,0,-5000,0,0,0,0,5000,-5000,-5000
060978,國巨元大9A購13  ,0,0,0,0,0,0,0,0,0,-5000,0,0,0,75000,80000,-5000,-5000
060985,聯發科元大9A購06,0,0,0,0,0,0,0,0,0,-5000,0,0,0,34000,39000,-5000,-5000
060743,鴻海國票9A購03  ,0,0,0,0,0,0,0,0,0,-5000,0,0,0,0,5000,-5000,-5000
060773,FBVIX凱基9A購04 ,0,0,0,0,0,0,0,0,0,-5000,0,0,0,5000,10000,-5000,-5000
060788,嘉晶富邦9B購01  ,0,0,0,0,0,0,0,0,0,-5000,0,0,0,0,5000,-5000,-5000
060847,康控國票9A購01  ,0,0,0,0,0,0,0,0,0,-5000,0,0,0,0,5000,-5000,-5000
060854,台積電富邦9C購08,0,0,0,0,0,0,0,0,0,-5000,0,0,0,20000,25000,-5000,-5000
061324,華新科凱基9C購01,0,0,0,0,0,0,0,0,0,-5000,0,0,0,0,5000,-5000,-5000
061338,台積電元大9A購28,0,0,0,0,0,0,0,0,0,-5000,0,0,0,0,5000,-5000,-5000
061077,國巨兆豐9B購01  ,0,0,0,0,0,0,0,0,0,-5000,0,0,0,0,5000,-5000,-5000
061163,台灣50兆豐9A購04,0,0,0,0,0,0,0,0,0,-5000,0,0,0,0,5000,-5000,-5000
061166,玉晶光兆豐9B購01,0,0,0,0,0,0,0,0,0,-5000,0,0,0,0,5000,-5000,-5000
056050,晶技國票98購01  ,0,0,0,0,0,0,0,0,0,-5000,0,0,0,0,5000,-5000,-5000
055989,矽力元富9A購01  ,0,0,0,0,0,0,0,0,0,-5000,0,0,0,5000,10000,-5000,-5000
056156,禾伸堂凱基98購04,0,0,0,0,0,0,0,0,0,-5000,0,0,0,5000,10000,-5000,-5000
057494,玉晶光元大99購09,0,0,0,0,0,0,0,0,0,-5000,0,0,0,0,5000,-5000,-5000
053137,旺宏富邦98購01  ,0,0,0,0,0,0,0,0,0,-5000,0,0,0,0,5000,-5000,-5000
053153,大立光元大99購02,0,0,0,0,0,0,0,0,0,-5000,0,0,0,0,5000,-5000,-5000
053041,可成凱基96購02  ,0,0,0,0,0,0,0,0,0,-5000,0,0,0,0,5000,-5000,-5000
055205,京鼎中信99購01  ,0,0,0,0,0,0,0,0,0,-5000,0,0,0,0,5000,-5000,-5000
055206,台虹中信97購01  ,0,0,0,0,0,0,0,0,0,-5000,0,0,0,1000,6000,-5000,-5000
055209,勤誠康和97購01  ,0,0,0,0,0,0,0,0,0,-5000,0,0,0,0,5000,-5000,-5000
055344,國巨凱基97購04  ,0,0,0,0,0,0,0,0,0,-5000,0,0,0,0,5000,-5000,-5000
055279,華邦電元大97購02,0,0,0,0,0,0,0,0,0,-5000,0,0,0,0,5000,-5000,-5000
054731,S&P反1凱基98購01,0,0,0,0,0,0,0,0,0,-5000,0,0,0,0,5000,-5000,-5000
054751,GIS凱基98購01   ,0,0,0,0,0,0,0,0,0,-5000,0,0,0,0,5000,-5000,-5000
054588,玉晶光國泰99購02,0,0,0,0,0,0,0,0,0,-5000,0,0,0,0,5000,-5000,-5000
054828,正崴國泰99購01  ,0,0,0,0,0,0,0,0,0,-5000,0,0,0,130000,135000,-5000,-5000
054519,禾伸堂元大97購02,0,0,0,0,0,0,0,0,0,-5000,0,0,0,0,5000,-5000,-5000
054412,智邦元大96購03  ,0,0,0,0,0,0,0,0,0,-5000,0,0,0,0,5000,-5000,-5000
051721,玉晶光永豐96購02,0,0,0,0,0,0,0,0,0,-5000,0,0,0,24000,29000,-5000,-5000
051731,聯電國票96購02  ,0,0,0,0,0,0,0,0,0,-5000,0,0,0,10000,15000,-5000,-5000
051460,S&P反1國泰97購01,0,0,0,0,0,0,0,0,0,-5000,0,0,0,20000,25000,-5000,-5000
051945,智邦統一95購03  ,0,0,0,0,0,0,0,0,0,-5000,0,0,0,0,5000,-5000,-5000
052200,台光電統一95購02,0,0,0,0,0,0,0,0,0,-5000,0,0,0,0,5000,-5000,-5000
052095,彩晶元大97購01  ,0,0,0,0,0,0,0,0,0,-5000,0,0,0,25000,30000,-5000,-5000
052288,敦南統一95購01  ,0,0,0,0,0,0,0,0,0,-5000,0,0,0,0,5000,-5000,-5000
052383,臺股指元大95購29,0,0,0,0,0,0,0,0,0,-5000,0,0,0,0,5000,-5000,-5000
052575,茂林凱基96購04  ,0,0,0,0,0,0,0,0,0,-5000,0,0,0,0,5000,-5000,-5000
054025,鴻海凱基96購17  ,0,0,0,0,0,0,0,0,0,-5000,0,0,0,43000,48000,-5000,-5000
05378P,台積電凱基96售02,0,0,0,0,0,0,0,0,0,-5000,0,0,0,80000,85000,-5000,-5000
053987,宏碁亞東96購01  ,0,0,0,0,0,0,0,0,0,-5000,0,0,0,0,5000,-5000,-5000
052766,玉晶光群益9A購01,0,0,0,0,0,0,0,0,0,-5000,0,0,0,0,5000,-5000,-5000
052806,玉晶光元大98購04,0,0,0,0,0,0,0,0,0,-5000,0,0,0,0,5000,-5000,-5000
03428B,臺股指凱基97熊18,0,0,0,0,0,0,0,0,0,-5000,0,0,0,0,5000,-5000,-5000
03432B,臺股指凱基98熊13,0,0,0,0,0,0,0,0,0,-5000,0,0,0,0,5000,-5000,-5000
03433B,臺股指元大9C熊01,0,0,0,0,0,0,0,0,0,-5000,0,0,0,14000,19000,-5000,-5000
03421B,臺股指元大99熊01,0,0,0,0,0,0,0,0,0,-5000,0,0,0,0,5000,-5000,-5000
03422B,臺股指凱基96熊28,0,0,0,0,0,0,0,0,0,-5000,0,0,0,0,5000,-5000,-5000
03424B,臺股指元大96熊26,0,0,0,0,0,0,0,0,0,-5000,0,0,0,0,5000,-5000,-5000
047887,智原富邦97購01  ,0,0,0,0,0,0,0,0,0,-5000,0,0,0,0,5000,-5000,-5000
050212,瀚宇博國票95購02,0,0,0,0,0,0,0,0,0,-5000,0,0,0,7000,12000,-5000,-5000
050751,聯電統一94購05  ,0,0,0,0,0,0,0,0,0,-5000,0,0,0,5000,10000,-5000,-5000
051375,道瓊反群益9A購01,0,0,0,0,0,0,0,0,0,-5000,0,0,0,0,5000,-5000,-5000
00866,新光Shiller CAPE,0,0,0,0,0,0,0,0,0,-5000,0,0,0,27000,32000,-5000,-5000
006204,永豐臺灣加權    ,0,0,0,0,0,0,0,0,0,-5000,0,0,0,0,5000,-5000,-5000
059390,華新科凱基99購05,0,0,0,0,0,0,0,0,0,-5000,0,0,0,6000,11000,-5000,-5000
059442,祥碩元大99購03  ,0,0,0,0,0,0,0,0,0,-5000,0,0,0,98000,103000,-5000,-5000
059319,台光電元大99購04,0,0,0,0,0,0,0,0,0,-5000,0,0,0,16000,21000,-5000,-5000
059591,台積電元大9A購04,0,0,0,0,0,0,0,0,0,-5000,0,0,0,0,5000,-5000,-5000
059691,大立光永豐99購02,0,0,0,0,0,0,0,0,0,-5000,0,0,0,20000,25000,-5000,-5000
059701,國巨凱基9A購09  ,0,0,0,0,0,0,0,0,0,-5000,0,0,0,0,5000,-5000,-5000
059676,台積電台新99購05,0,0,0,0,0,0,0,0,0,-5000,0,0,0,5000,10000,-5000,-5000
059734,T50正2元富99購05,0,0,0,0,0,0,0,0,0,-5000,0,0,0,0,5000,-5000,-5000
059882,臺股指凱基9C購06,0,0,0,0,0,0,0,0,0,-5000,0,0,0,335000,340000,-5000,-5000
060006,華通群益9A購04  ,0,0,0,0,0,0,0,0,0,-5000,0,0,0,0,5000,-5000,-5000
057427,華通兆豐99購01  ,0,0,0,0,0,0,0,0,0,-5000,0,0,0,532000,537000,-5000,-5000
057396,健鼎中信99購01  ,0,0,0,0,0,0,0,0,0,-5000,0,0,0,0,5000,-5000,-5000
057332,旺宏國票99購03  ,0,0,0,0,0,0,0,0,0,-5000,0,0,0,10000,15000,-5000,-5000
057360,元油2X元大98購10,0,0,0,0,0,0,0,0,0,-5000,0,0,0,0,5000,-5000,-5000
057093,臻鼎元富98購02  ,0,0,0,0,0,0,0,0,0,-5000,0,0,0,0,5000,-5000,-5000
057078,國巨統一9A購02  ,0,0,0,0,0,0,0,0,0,-5000,0,0,0,0,5000,-5000,-5000
058545,義隆富邦9C購01  ,0,0,0,0,0,0,0,0,0,-5000,0,0,0,11000,16000,-5000,-5000
058587,台積電中信9C購03,0,0,0,0,0,0,0,0,0,-5000,0,0,0,0,5000,-5000,-5000
056590,樺漢統一9A購01  ,0,0,0,0,0,0,0,0,0,-5000,0,0,0,0,5000,-5000,-5000
058436,聯發科統一9B購03,0,0,0,0,0,0,0,0,0,-5000,0,0,0,190000,195000,-5000,-5000
059008,鈺齊元大99購03  ,0,0,0,0,0,0,0,0,0,-5000,0,0,0,95000,100000,-5000,-5000
058949,上銀群益99購02  ,0,0,0,0,0,0,0,0,0,-5000,0,0,0,0,5000,-5000,-5000
058753,元石油群益9B購03,0,0,0,0,0,0,0,0,0,-5000,0,0,0,0,5000,-5000,-5000
058923,華新科元富99購06,0,0,0,0,0,0,0,0,0,-5000,0,0,0,16000,21000,-5000,-5000
058937,仁寶中信99購01  ,0,0,0,0,0,0,0,0,0,-5000,0,0,0,15000,20000,-5000,-5000
056734,國巨凱基99購01  ,0,0,0,0,0,0,0,0,0,-5000,0,0,0,0,5000,-5000,-5000
056757,T50反1元大98購07,0,0,0,0,0,0,0,0,0,-5000,0,0,0,0,5000,-5000,-5000
056415,聯發科中信98購04,0,0,0,0,0,0,0,0,0,-5000,0,0,0,0,5000,-5000,-5000
057901,大立光永豐98購04,0,0,0,0,0,0,0,0,0,-5000,0,0,0,0,5000,-5000,-5000
056357,台積電元大9A購01,0,0,0,0,0,0,0,0,0,-5000,0,0,0,0,5000,-5000,-5000
056557,世紀鋼凱基98購02,0,0,0,0,0,0,0,0,0,-5000,0,0,0,21000,26000,-5000,-5000
058854,樺漢群益9B購01  ,0,0,0,0,0,0,0,0,0,-5000,0,0,0,0,5000,-5000,-5000
056475,宏達電元大99購02,0,0,0,0,0,0,0,0,0,-5000,0,0,0,0,5000,-5000,-5000
05647P,聯發科國票97售02,0,0,0,0,0,0,0,0,0,-5000,0,0,0,0,5000,-5000,-5000
058184,鴻海永豐99購01  ,0,0,0,0,0,0,0,0,0,-5000,0,0,0,0,5000,-5000,-5000
058220,世芯國票9A購01  ,0,0,0,0,0,0,0,0,0,-5000,0,0,0,32000,37000,-5000,-5000
05621P,聯電中信96售01  ,0,0,0,0,0,0,0,0,0,-5000,0,0,0,0,5000,-5000,-5000
056222,台積電凱基9A購01,0,0,0,0,0,0,0,0,0,-5000,0,0,0,0,5000,-5000,-5000
05767P,國巨凱基96售11  ,0,0,0,0,0,0,0,0,0,-5000,0,0,0,0,5000,-5000,-5000
4755,三福化          ,1000,6000,-5000,0,0,0,0,0,0,0,0,0,0,0,0,0,-5000
6184,大豐電          ,2000,7000,-5000,0,0,0,0,0,0,0,0,0,0,0,0,0,-5000
6579,研揚            ,0,5000,-5000,0,0,0,0,0,0,0,0,0,0,0,0,0,-5000
3419,譁裕            ,9000,14000,-5000,0,0,0,0,0,0,0,0,0,0,0,0,0,-5000
3528,安馳            ,0,5000,-5000,0,0,0,0,0,0,0,0,0,0,0,0,0,-5000
3305,昇貿            ,0,5000,-5000,0,0,0,0,0,0,0,0,0,0,0,0,0,-5000
2482,連宇            ,2000,7000,-5000,0,0,0,0,0,0,0,0,0,0,0,0,0,-5000
2851,中再保          ,6000,11000,-5000,0,0,0,0,0,0,0,0,0,0,0,0,0,-5000
2881A,富邦特          ,0,5000,-5000,0,0,0,0,0,0,0,0,0,0,0,0,0,-5000
1598,岱宇            ,82835,77000,5835,0,0,0,0,0,0,-11000,0,11000,-11000,0,0,0,-5165
2349,錸德            ,263000,68553,194447,0,0,0,0,200000,-200000,0,0,0,0,0,0,0,-5553
2305,全友            ,0,4000,-4000,0,0,0,0,0,0,-2000,0,2000,-2000,0,0,0,-6000
2443,億麗            ,0,6000,-6000,0,0,0,0,0,0,0,0,0,0,0,0,0,-6000
1537,廣隆            ,30000,35000,-5000,0,0,0,0,1000,-1000,0,0,0,0,0,0,0,-6000
1463,強盛            ,0,6000,-6000,0,0,0,0,0,0,0,0,0,0,0,0,0,-6000
1465,偉全            ,11000,17000,-6000,0,0,0,0,0,0,0,0,0,0,0,0,0,-6000
2008,高興昌          ,0,6000,-6000,0,0,0,0,0,0,0,0,0,0,0,0,0,-6000
07765P,台積電群益9A售06,0,0,0,0,0,0,0,0,0,-6000,0,0,0,70000,76000,-6000,-6000
07524P,臺股指中信9B售06,0,0,0,0,0,0,0,0,0,-6000,0,0,0,1000,7000,-6000,-6000
07104P,聯發科元富99售04,0,0,0,0,0,0,0,0,0,-6000,0,0,0,15000,21000,-6000,-6000
06655P,TPK元大98售02   ,0,0,0,0,0,0,0,0,0,-6000,0,0,0,0,6000,-6000,-6000
06176P,台積電元大97售22,0,0,0,0,0,0,0,0,0,-6000,0,0,0,0,6000,-6000,-6000
06144P,台光電永豐97售01,0,0,0,0,0,0,0,0,0,-6000,0,0,0,77000,83000,-6000,-6000
060910,聯發科元大9A購05,0,0,0,0,0,0,0,0,0,-6000,0,0,0,45000,51000,-6000,-6000
060664,聯詠凱基9A購01  ,0,0,0,0,0,0,0,0,0,-6000,0,0,0,0,6000,-6000,-6000
060575,大立光中信9B購02,0,0,0,0,0,0,0,0,0,-6000,0,0,0,0,6000,-6000,-6000
060524,國巨中信9A購03  ,0,0,0,0,0,0,0,0,0,-6000,0,0,0,0,6000,-6000,-6000
060088,國巨元大99購30  ,0,0,0,0,0,0,0,0,0,-6000,0,0,0,13000,19000,-6000,-6000
060145,牧德國票9A購02  ,0,0,0,0,0,0,0,0,0,-6000,0,0,0,18000,24000,-6000,-6000
047675,群創元富96購03  ,0,0,0,0,0,0,0,0,0,-6000,0,0,0,0,6000,-6000,-6000
03677C,臺股指元大05牛02,0,0,0,0,0,0,0,0,0,-6000,0,0,0,0,6000,-6000,-6000
052796,和碩兆豐96購01  ,0,0,0,0,0,0,0,0,0,-6000,0,0,0,35000,41000,-6000,-6000
052674,智邦國泰98購01  ,0,0,0,0,0,0,0,0,0,-6000,0,0,0,33000,39000,-6000,-6000
054109,南亞科凱基96購05,0,0,0,0,0,0,0,0,0,-6000,0,0,0,0,6000,-6000,-6000
052137,台表科凱基96購02,0,0,0,0,0,0,0,0,0,-6000,0,0,0,0,6000,-6000,-6000
051957,旺宏台新95購02  ,0,0,0,0,0,0,0,0,0,-6000,0,0,0,0,6000,-6000,-6000
051461,聯詠國泰96購01  ,0,0,0,0,0,0,0,0,0,-6000,0,0,0,0,6000,-6000,-6000
05152P,玉晶光群益96售05,0,0,0,0,0,0,0,0,0,-6000,0,0,0,141000,147000,-6000,-6000
051745,玉晶光國泰97購06,0,0,0,0,0,0,0,0,0,-6000,0,0,0,5000,11000,-6000,-6000
054426,國泰金富邦97購02,0,0,0,0,0,0,0,0,0,-6000,0,0,0,0,6000,-6000,-6000
054280,牧德群益98購01  ,0,0,0,0,0,0,0,0,0,-6000,0,0,0,14000,20000,-6000,-6000
054278,晶技群益97購02  ,0,0,0,0,0,0,0,0,0,-6000,0,0,0,0,6000,-6000,-6000
055369,友訊元大97購01  ,0,0,0,0,0,0,0,0,0,-6000,0,0,0,0,6000,-6000,-6000
055360,台表科凱基97購02,0,0,0,0,0,0,0,0,0,-6000,0,0,0,0,6000,-6000,-6000
055409,元黃金富邦01購01,0,0,0,0,0,0,0,0,0,-6000,0,0,0,0,6000,-6000,-6000
053074,嘉晶永豐96購02  ,0,0,0,0,0,0,0,0,0,-6000,0,0,0,0,6000,-6000,-6000
05817P,可成凱基96售07  ,0,0,0,0,0,0,0,0,0,-6000,0,0,0,0,6000,-6000,-6000
058129,國巨元大99購10  ,0,0,0,0,0,0,0,0,0,-6000,0,0,0,10000,16000,-6000,-6000
058099,鴻海國泰9A購02  ,0,0,0,0,0,0,0,0,0,-6000,0,0,0,0,6000,-6000,-6000
056529,中環凱基98購01  ,0,0,0,0,0,0,0,0,0,-6000,0,0,0,129000,135000,-6000,-6000
057843,晶技永豐98購02  ,0,0,0,0,0,0,0,0,0,-6000,0,0,0,10000,16000,-6000,-6000
057853,旺宏國票99購05  ,0,0,0,0,0,0,0,0,0,-6000,0,0,0,0,6000,-6000,-6000
057837,康控國泰99購02  ,0,0,0,0,0,0,0,0,0,-6000,0,0,0,0,6000,-6000,-6000
058259,訊連國泰9B購01  ,0,0,0,0,0,0,0,0,0,-6000,0,0,0,5000,11000,-6000,-6000
056620,華新科永豐98購02,0,0,0,0,0,0,0,0,0,-6000,0,0,0,14000,20000,-6000,-6000
059123,訊芯永豐99購03  ,0,0,0,0,0,0,0,0,0,-6000,0,0,0,153000,159000,-6000,-6000
059167,聯發科凱基99購11,0,0,0,0,0,0,0,0,0,-6000,0,0,0,0,6000,-6000,-6000
059952,旺宏康和99購01  ,0,0,0,0,0,0,0,0,0,-6000,0,0,0,10000,16000,-6000,-6000
059635,華新科凱基9A購06,0,0,0,0,0,0,0,0,0,-6000,0,0,0,0,6000,-6000,-6000
059287,華通元富99購03  ,0,0,0,0,0,0,0,0,0,-6000,0,0,0,40000,46000,-6000,-6000
059405,台灣50國票01購01,0,0,0,0,0,0,0,0,0,-6000,0,0,0,0,6000,-6000,-6000
2939,凱羿-KY         ,50000,56000,-6000,0,0,0,0,0,0,0,0,0,0,0,0,0,-6000
2748,雲品            ,0,1000,-1000,0,0,0,0,5000,-5000,0,0,0,0,0,0,0,-6000
2528,皇普            ,0,4000,-4000,0,0,0,0,0,0,-2000,1000,3000,-2000,0,0,0,-6000
3027,盛達            ,0,6000,-6000,0,0,0,0,0,0,0,0,0,0,0,0,0,-6000
3535,晶彩科          ,86000,92000,-6000,0,0,0,0,0,0,0,0,0,0,0,0,0,-6000
8070,長華*           ,2000,7000,-5000,0,0,0,0,1000,-1000,0,0,0,0,0,0,0,-6000
8442,威宏-KY         ,0,6000,-6000,0,0,0,0,0,0,0,0,0,0,0,0,0,-6000
8249,菱光            ,35000,39000,-4000,0,0,0,0,0,0,-2000,0,2000,-2000,0,0,0,-6000
8367,建新國際        ,4000,10000,-6000,0,0,0,0,0,0,0,0,0,0,0,0,0,-6000
4764,雙鍵            ,0,6000,-6000,0,0,0,0,0,0,0,0,0,0,0,0,0,-6000
060677,京元電元大9A購04,0,0,0,0,0,0,0,0,0,-7000,0,0,0,64000,71000,-7000,-7000
060941,台積電國票9B購04,0,0,0,0,0,0,0,0,0,-7000,0,0,0,3000,10000,-7000,-7000
061350,牧德元大9B購03  ,0,0,0,0,0,0,0,0,0,-7000,0,0,0,1000,8000,-7000,-7000
061201,FBVIX元大01購03 ,0,0,0,0,0,0,0,0,0,-7000,0,0,0,24000,31000,-7000,-7000
06926P,可成群益9A售04  ,0,0,0,0,0,0,0,0,0,-7000,0,0,0,0,7000,-7000,-7000
06977P,臺股指元大9A售15,0,0,0,0,0,0,0,0,0,-7000,0,0,0,0,7000,-7000,-7000
1231,聯華食          ,16000,22000,-6000,0,0,0,0,0,0,-1000,0,1000,-1000,0,0,0,-7000
1232,大統益          ,1000,8000,-7000,0,0,0,0,0,0,0,0,0,0,0,0,0,-7000
2038,海光            ,4000,11000,-7000,0,0,0,0,0,0,0,0,0,0,0,0,0,-7000
1454,台富            ,6000,13000,-7000,0,0,0,0,0,0,0,0,0,0,0,0,0,-7000
2390,云辰            ,58000,65000,-7000,0,0,0,0,0,0,0,0,0,0,0,0,0,-7000
05303P,華通國泰97售01  ,0,0,0,0,0,0,0,0,0,-7000,0,0,0,20000,27000,-7000,-7000
053061,GIS富邦97購01   ,0,0,0,0,0,0,0,0,0,-7000,0,0,0,0,7000,-7000,-7000
055912,宏達電凱基98購03,0,0,0,0,0,0,0,0,0,-7000,0,0,0,50000,57000,-7000,-7000
055280,智邦元大97購01  ,0,0,0,0,0,0,0,0,0,-7000,0,0,0,88000,95000,-7000,-7000
055779,國泰金凱基97購02,0,0,0,0,0,0,0,0,0,-7000,0,0,0,43000,50000,-7000,-7000
055695,大毅國票98購03  ,0,0,0,0,0,0,0,0,0,-7000,0,0,0,0,7000,-7000,-7000
054575,聯鈞元大97購01  ,0,0,0,0,0,0,0,0,0,-7000,0,0,0,3000,10000,-7000,-7000
03442B,臺股指元大9A熊48,0,0,0,0,0,0,0,0,0,-7000,0,0,0,0,7000,-7000,-7000
050644,國巨凱基96購01  ,0,0,0,0,0,0,0,0,0,-7000,0,0,0,40000,47000,-7000,-7000
059515,牧德永豐99購01  ,0,0,0,0,0,0,0,0,0,-7000,0,0,0,12000,19000,-7000,-7000
059820,南亞科凱基99購07,0,0,0,0,0,0,0,0,0,-7000,0,0,0,2000,9000,-7000,-7000
059567,台積電凱基9A購12,0,0,0,0,0,0,0,0,0,-7000,0,0,0,0,7000,-7000,-7000
059934,華通永豐99購02  ,0,0,0,0,0,0,0,0,0,-7000,0,0,0,3000,10000,-7000,-7000
059747,台達電台新99購01,0,0,0,0,0,0,0,0,0,-7000,0,0,0,43000,50000,-7000,-7000
057982,帆宣永豐98購01  ,0,0,0,0,0,0,0,0,0,-7000,0,0,0,0,7000,-7000,-7000
057455,景碩國泰99購01  ,0,0,0,0,0,0,0,0,0,-7000,0,0,0,0,7000,-7000,-7000
057381,微星國泰9A購01  ,0,0,0,0,0,0,0,0,0,-7000,0,0,0,14000,21000,-7000,-7000
059231,華通國票9A購04  ,0,0,0,0,0,0,0,0,0,-7000,0,0,0,16000,23000,-7000,-7000
056629,昇陽半永豐98購01,0,0,0,0,0,0,0,0,0,-7000,0,0,0,60000,67000,-7000,-7000
058264,瑞昱永豐99購01  ,0,0,0,0,0,0,0,0,0,-7000,0,0,0,14000,21000,-7000,-7000
057802,卜蜂元大98購01  ,0,0,0,0,0,0,0,0,0,-7000,0,0,0,0,7000,-7000,-7000
05646P,聯發科國票96售05,0,0,0,0,0,0,0,0,0,-7000,0,0,0,0,7000,-7000,-7000
056443,南亞科凱基98購03,0,0,0,0,0,0,0,0,0,-7000,0,0,0,0,7000,-7000,-7000
057735,台灣50富邦9C購02,0,0,0,0,0,0,0,0,0,-7000,0,0,0,0,7000,-7000,-7000
6192,巨路            ,14000,21000,-7000,0,0,0,0,0,0,0,0,0,0,0,0,0,-7000
8222,寶一            ,2000,9000,-7000,0,0,0,0,0,0,0,0,0,0,0,0,0,-7000
6581,鋼聯            ,3000,10000,-7000,0,0,0,0,0,0,0,0,0,0,0,0,0,-7000
9911,櫻花            ,162000,168000,-6000,0,0,0,0,1000,-1000,0,0,0,0,0,0,0,-7000
911616,杜康-DR         ,1000,8000,-7000,0,0,0,0,0,0,0,0,0,0,0,0,0,-7000
4572,駐龍            ,0,7000,-7000,0,0,0,0,0,0,0,0,0,0,0,0,0,-7000
3016,嘉晶            ,416000,385000,31000,0,0,0,0,0,0,-38000,0,6000,-6000,6000,38000,-32000,-7000
2433,互盛電          ,1000,5000,-4000,0,0,0,0,0,0,-4000,0,4000,-4000,0,0,0,-8000
2466,冠西電          ,1000,9000,-8000,0,0,0,0,0,0,0,0,0,0,0,0,0,-8000
1517,利奇            ,0,8000,-8000,0,0,0,0,0,0,0,0,0,0,0,0,0,-8000
07754P,日月光元大9A售02,0,0,0,0,0,0,0,0,0,-8000,0,0,0,0,8000,-8000,-8000
06991P,矽創群益99售01  ,0,0,0,0,0,0,0,0,0,-8000,0,0,0,2000,10000,-8000,-8000
07045P,上銀國票9A售01  ,0,0,0,0,0,0,0,0,0,-8000,0,0,0,2000,10000,-8000,-8000
07388P,臺股指群益9C售07,0,0,0,0,0,0,0,0,0,-8000,0,0,0,0,8000,-8000,-8000
07370P,南亞科凱基99售08,0,0,0,0,0,0,0,0,0,-8000,0,0,0,30000,38000,-8000,-8000
06184P,大立光元大97售06,0,0,0,0,0,0,0,0,0,-8000,0,0,0,0,8000,-8000,-8000
06458P,玉晶光統一9A售02,0,0,0,0,0,0,0,0,0,-8000,0,0,0,50000,58000,-8000,-8000
060692,鴻海麥證9A購01  ,0,0,0,1000,9000,-8000,0,0,0,-8000,0,0,0,1000,9000,-8000,-8000
060593,華通麥證9A購01  ,0,0,0,1000,9000,-8000,0,0,0,-8000,0,0,0,1000,9000,-8000,-8000
060471,台勝科元大9B購01,0,0,0,0,0,0,0,0,0,-8000,0,0,0,30000,38000,-8000,-8000
060499,鴻海元大9A購11  ,0,0,0,0,0,0,0,0,0,-8000,0,0,0,1000,9000,-8000,-8000
060351,滬深2X元富9A購01,0,0,0,0,0,0,0,0,0,-8000,0,0,0,20000,28000,-8000,-8000
050392,群創統一96購01  ,0,0,0,0,0,0,0,0,0,-8000,0,0,0,40000,48000,-8000,-8000
04932P,香港2X中信96售01,0,0,0,0,0,0,0,0,0,-8000,0,0,0,0,8000,-8000,-8000
04908P,南電國票95售03  ,0,0,0,0,0,0,0,0,0,-8000,0,0,0,143000,151000,-8000,-8000
052230,大立光凱基96購09,0,0,0,0,0,0,0,0,0,-8000,0,0,0,10000,18000,-8000,-8000
052488,旺宏國票96購03  ,0,0,0,0,0,0,0,0,0,-8000,0,0,0,0,8000,-8000,-8000
054045,奇力新元大97購03,0,0,0,0,0,0,0,0,0,-8000,0,0,0,68000,76000,-8000,-8000
05272P,臻鼎中信97售03  ,0,0,0,0,0,0,0,0,0,-8000,0,0,0,15000,23000,-8000,-8000
054406,旺宏國票98購01  ,0,0,0,0,0,0,0,0,0,-8000,0,0,0,3000,11000,-8000,-8000
055440,矽力國票98購01  ,0,0,0,0,0,0,0,0,0,-8000,0,0,0,1000,9000,-8000,-8000
055587,智邦元大97購02  ,0,0,0,0,0,0,0,0,0,-8000,0,0,0,52000,60000,-8000,-8000
05302P,華通國泰96售01  ,0,0,0,0,0,0,0,0,0,-8000,0,0,0,0,8000,-8000,-8000
058201,華通凱基9A購01  ,0,0,0,0,0,0,0,0,0,-8000,0,0,0,3000,11000,-8000,-8000
056559,華通群益98購02  ,0,0,0,0,0,0,0,0,0,-8000,0,0,0,20000,28000,-8000,-8000
056516,晶豪科兆豐98購01,0,0,0,0,0,0,0,0,0,-8000,0,0,0,0,8000,-8000,-8000
058991,台灣50元大03購01,0,0,0,0,0,0,0,0,0,-8000,0,0,0,0,8000,-8000,-8000
056621,宏達電永豐98購01,0,0,0,0,0,0,0,0,0,-8000,0,0,0,2000,10000,-8000,-8000
059284,緯穎永豐99購03  ,0,0,0,0,0,0,0,0,0,-8000,0,0,0,15000,23000,-8000,-8000
057389,玉晶光永豐98購06,0,0,0,0,0,0,0,0,0,-8000,0,0,0,17000,25000,-8000,-8000
056981,全新群益99購03  ,0,0,0,0,0,0,0,0,0,-8000,0,0,0,133000,141000,-8000,-8000
056903,大立光元大99購04,0,0,0,0,0,0,0,0,0,-8000,0,0,0,0,8000,-8000,-8000
059323,新日興元大99購02,0,0,0,0,0,0,0,0,0,-8000,0,0,0,0,8000,-8000,-8000
059361,玉晶光永豐99購04,0,0,0,0,0,0,0,0,0,-8000,0,0,0,5000,13000,-8000,-8000
2506,太設            ,3000,11000,-8000,0,0,0,0,0,0,0,0,0,0,0,0,0,-8000
6224,聚鼎            ,18000,31000,-13000,0,0,0,0,0,0,5000,5000,0,5000,0,0,0,-8000
060214,茂林康和9A購01  ,0,0,0,0,0,0,0,0,0,-9000,0,0,0,67000,76000,-9000,-9000
060085,華通元大99購10  ,0,0,0,0,0,0,0,0,0,-9000,0,0,0,54000,63000,-9000,-9000
06044P,同欣電永豐96售03,0,0,0,0,0,0,0,0,0,-9000,0,0,0,1000,10000,-9000,-9000
06060P,玉晶光元大97售03,0,0,0,0,0,0,0,0,0,-9000,0,0,0,1000,10000,-9000,-9000
06112P,台積電兆豐97售01,0,0,0,0,0,0,0,0,0,-9000,0,0,0,0,9000,-9000,-9000
061346,玉晶光元大9B購03,0,0,0,0,0,0,0,0,0,-9000,0,0,0,25000,34000,-9000,-9000
061424,華新科元大9A購18,0,0,0,0,0,0,0,0,0,-9000,0,0,0,0,9000,-9000,-9000
060859,鴻海永豐9A購01  ,0,0,0,0,0,0,0,0,0,-9000,0,0,0,0,9000,-9000,-9000
060806,華新科群益9A購03,0,0,0,0,0,0,0,0,0,-9000,0,0,0,21000,30000,-9000,-9000
06286P,世芯國票97售02  ,0,0,0,0,0,0,0,0,0,-9000,0,0,0,6000,15000,-9000,-9000
07386P,臺股指群益99售24,0,0,0,0,0,0,0,0,0,-9000,0,0,0,0,9000,-9000,-9000
06962P,華新科永豐99售01,0,0,0,0,0,0,0,0,0,-9000,0,0,0,11000,20000,-9000,-9000
07192P,聯發科元大99售23,0,0,0,0,0,0,0,0,0,-9000,0,0,0,0,9000,-9000,-9000
1603,華電            ,2000,11000,-9000,0,0,0,0,0,0,0,0,0,0,0,0,0,-9000
2012,春雨            ,0,9000,-9000,0,0,0,0,0,0,0,0,0,0,0,0,0,-9000
053051,楠梓電國票97購01,0,0,0,0,0,0,0,0,0,-9000,0,0,0,0,9000,-9000,-9000
053186,健策中信9C購01  ,0,0,0,0,0,0,0,0,0,-9000,0,0,0,11000,20000,-9000,-9000
055173,瑞昱統一97購01  ,0,0,0,0,0,0,0,0,0,-9000,0,0,0,0,9000,-9000,-9000
055231,大毅國票98購02  ,0,0,0,0,0,0,0,0,0,-9000,0,0,0,1000,10000,-9000,-9000
055519,茂林中信99購01  ,0,0,0,0,0,0,0,0,0,-9000,0,0,0,32000,41000,-9000,-9000
05551P,電子類元大96售01,0,0,0,0,0,0,0,0,0,-9000,0,0,0,1000,10000,-9000,-9000
054952,大毅元大97購02  ,0,0,0,0,0,0,0,0,0,-9000,0,0,0,0,9000,-9000,-9000
05440P,緯穎國票96售02  ,0,0,0,0,0,0,0,0,0,-9000,0,0,0,156000,165000,-9000,-9000
051736,旺宏國票96購01  ,0,0,0,0,0,0,0,0,0,-9000,0,0,0,8000,17000,-9000,-9000
051534,景碩國票97購01  ,0,0,0,0,0,0,0,0,0,-9000,0,0,0,0,9000,-9000,-9000
049004,聯發科中信96購01,0,0,0,0,0,0,0,0,0,-9000,0,0,0,0,9000,-9000,-9000
00736,國泰新興市場    ,0,62000,-62000,0,0,0,0,0,0,53000,0,0,0,177000,124000,53000,-9000
0053,元大電子        ,0,0,0,0,0,0,0,0,0,-9000,0,0,0,13000,22000,-9000,-9000
0055,元大MSCI金融    ,0,0,0,0,0,0,0,0,0,-9000,0,0,0,0,9000,-9000,-9000
00711B,FH彭博新興債    ,0,0,0,0,0,0,0,0,0,-9000,0,0,0,100000,109000,-9000,-9000
00714,群益道瓊美國地產,0,0,0,0,0,0,0,0,0,-9000,0,0,0,0,9000,-9000,-9000
03007X,元展07          ,0,0,0,0,0,0,0,0,0,-9000,0,0,0,1000,10000,-9000,-9000
03763P,聯發科元富96售01,0,0,0,0,0,0,0,0,0,-9000,0,0,0,1000,10000,-9000,-9000
059372,台灣50群益99購02,0,0,0,0,0,0,0,0,0,-9000,0,0,0,0,9000,-9000,-9000
059568,台積電凱基9A購13,0,0,0,0,0,0,0,0,0,-9000,0,0,0,3000,12000,-9000,-9000
059796,台積電國票99購10,0,0,0,0,0,0,0,0,0,-9000,0,0,0,20000,29000,-9000,-9000
059765,嘉聯益永豐99購02,0,0,0,0,0,0,0,0,0,-9000,0,0,0,5000,14000,-9000,-9000
059889,華新科國票99購04,0,0,0,0,0,0,0,0,0,-9000,0,0,0,0,9000,-9000,-9000
057171,台光電元大9B購01,0,0,0,0,0,0,0,0,0,-9000,0,0,0,6000,15000,-9000,-9000
058457,創意永豐99購01  ,0,0,0,0,0,0,0,0,0,-9000,0,0,0,10000,19000,-9000,-9000
058387,國巨國票9A購03  ,0,0,0,0,0,0,0,0,0,-9000,0,0,0,22000,31000,-9000,-9000
056670,樺漢國票99購01  ,0,0,0,0,0,0,0,0,0,-9000,0,0,0,0,9000,-9000,-9000
059006,樺漢元大99購01  ,0,0,0,0,0,0,0,0,0,-9000,0,0,0,10000,19000,-9000,-9000
056735,國巨凱基99購02  ,0,0,0,0,0,0,0,0,0,-9000,0,0,0,0,9000,-9000,-9000
056365,欣興元大98購01  ,0,0,0,0,0,0,0,0,0,-9000,0,0,0,12000,21000,-9000,-9000
057587,微星國票99購01  ,0,0,0,0,0,0,0,0,0,-9000,0,0,0,0,9000,-9000,-9000
8478,東哥遊艇        ,0,8000,-8000,0,0,0,0,0,0,-1000,0,1000,-1000,0,0,0,-9000
2636,台驊投控        ,18000,27000,-9000,0,0,0,0,0,0,0,0,0,0,0,0,0,-9000
4722,國精化          ,7000,16000,-9000,0,0,0,0,0,0,0,0,0,0,0,0,0,-9000
3033,威健            ,44000,53000,-9000,0,0,0,0,0,0,0,0,0,0,0,0,0,-9000
3164,景岳            ,1000,10000,-9000,0,0,0,0,0,0,0,0,0,0,0,0,0,-9000
9921,巨大            ,825141,864716,-39575,0,0,0,0,0,0,30000,30000,1000,29000,1000,0,1000,-9575
3533,嘉澤            ,310000,227661,82339,0,0,0,101000,171000,-70000,-22000,15000,30000,-15000,29000,36000,-7000,-9661
1533,車王電          ,7000,17000,-10000,0,0,0,0,0,0,0,0,0,0,0,0,0,-10000
1713,國化            ,0,10000,-10000,0,0,0,0,0,0,0,0,0,0,0,0,0,-10000
07782P,寶成凱基9A售02  ,0,0,0,0,0,0,0,0,0,-10000,0,0,0,0,10000,-10000,-10000
07733P,台積電統一9B售10,0,0,0,0,0,0,0,0,0,-10000,0,0,0,0,10000,-10000,-10000
1437,勤益控          ,4000,14000,-10000,0,0,0,0,0,0,0,0,0,0,0,0,0,-10000
07508P,華新科國票9A售03,0,0,0,0,0,0,0,0,0,-10000,0,0,0,1000,11000,-10000,-10000
07512P,國巨元大9A售08  ,0,0,0,0,0,0,0,0,0,-10000,0,0,0,40000,50000,-10000,-10000
07532P,台灣50中信01售02,0,0,0,0,0,0,0,0,0,-10000,0,0,0,0,10000,-10000,-10000
07489P,國巨國票9A售07  ,0,0,0,0,0,0,0,0,0,-10000,0,0,0,80000,90000,-10000,-10000
07656P,國巨凱基9A售15  ,0,0,0,0,0,0,0,0,0,-10000,0,0,0,80000,90000,-10000,-10000
07133P,臺股指元大9A售27,0,0,0,0,0,0,0,0,0,-10000,0,0,0,0,10000,-10000,-10000
07049P,聯發科中信99售03,0,0,0,0,0,0,0,0,0,-10000,0,0,0,0,10000,-10000,-10000
07437P,臺股指麥證9A售04,0,0,0,0,10000,-10000,0,0,0,-10000,0,0,0,0,10000,-10000,-10000
07289P,台灣50凱基99售07,0,0,0,0,0,0,0,0,0,-10000,0,0,0,0,10000,-10000,-10000
06272P,台郡凱基97售04  ,0,0,0,0,0,0,0,0,0,-10000,0,0,0,0,10000,-10000,-10000
06392P,T50反1元大9A售01,0,0,0,0,0,0,0,0,0,-10000,0,0,0,0,10000,-10000,-10000
06192P,高股息中信98售01,0,0,0,0,0,0,0,0,0,-10000,0,0,0,0,10000,-10000,-10000
06209P,旺宏統一97售07  ,0,0,0,0,0,0,0,0,0,-10000,0,0,0,0,10000,-10000,-10000
06268P,聯詠凱基97售02  ,0,0,0,0,0,0,0,0,0,-10000,0,0,0,0,10000,-10000,-10000
06421P,嘉澤統一97售02  ,0,0,0,0,0,0,0,0,0,-10000,0,0,0,0,10000,-10000,-10000
06441P,台積電凱基98售08,0,0,0,0,0,0,0,0,0,-10000,0,0,0,10000,20000,-10000,-10000
06444P,大立光凱基98售08,0,0,0,0,0,0,0,0,0,-10000,0,0,0,0,10000,-10000,-10000
06437P,玉晶光國票99售01,0,0,0,0,0,0,0,0,0,-10000,0,0,0,0,10000,-10000,-10000
06480P,上銀凱基98售04  ,0,0,0,0,0,0,0,0,0,-10000,0,0,0,0,10000,-10000,-10000
06560P,台積電統一98售07,0,0,0,0,0,0,0,0,0,-10000,0,0,0,0,10000,-10000,-10000
06773P,台灣50兆豐9A售01,0,0,0,0,0,0,0,0,0,-10000,0,0,0,0,10000,-10000,-10000
06845P,億光元大98售02  ,0,0,0,0,0,0,0,0,0,-10000,0,0,0,0,10000,-10000,-10000
06641P,智邦兆豐99售01  ,0,0,0,0,0,0,0,0,0,-10000,0,0,0,0,10000,-10000,-10000
06681P,致茂元大98售02  ,0,0,0,0,0,0,0,0,0,-10000,0,0,0,40000,50000,-10000,-10000
060832,臺指反國票9A購01,0,0,0,0,0,0,0,0,0,-10000,0,0,0,0,10000,-10000,-10000
060862,美律永豐9A購01  ,0,0,0,0,0,0,0,0,0,-10000,0,0,0,58000,68000,-10000,-10000
060879,華新科中信9A購02,0,0,0,0,0,0,0,0,0,-10000,0,0,0,50000,60000,-10000,-10000
060873,道瓊反中信9C購01,0,0,0,0,0,0,0,0,0,-10000,0,0,0,0,10000,-10000,-10000
060947,台積電統一9C購03,0,0,0,0,0,0,0,0,0,-10000,0,0,0,0,10000,-10000,-10000
060951,元黃金群益9A購01,0,0,0,0,0,0,0,0,0,-10000,0,0,0,0,10000,-10000,-10000
061416,聯茂群益9A購01  ,0,0,0,0,0,0,0,0,0,-10000,0,0,0,0,10000,-10000,-10000
061363,儒鴻國票9B購01  ,0,0,0,0,0,0,0,0,0,-10000,0,0,0,0,10000,-10000,-10000
061285,大立光統一9A購04,0,0,0,0,0,0,0,0,0,-10000,0,0,0,0,10000,-10000,-10000
06118P,上証2X凱基98售03,0,0,0,0,0,0,0,0,0,-10000,0,0,0,0,10000,-10000,-10000
061112,台表科元大9A購03,0,0,0,0,0,0,0,0,0,-10000,0,0,0,11000,21000,-10000,-10000
061120,台積電永豐9A購03,0,0,0,0,0,0,0,0,0,-10000,0,0,0,1000,11000,-10000,-10000
060608,玉晶光凱基9A購08,0,0,0,0,0,0,0,0,0,-10000,0,0,0,0,10000,-10000,-10000
060625,華擎元大9A購01  ,0,0,0,0,0,0,0,0,0,-10000,0,0,0,0,10000,-10000,-10000
060587,牧德元富9A購01  ,0,0,0,0,0,0,0,0,0,-10000,0,0,0,0,10000,-10000,-10000
060589,台灣50台新9B購06,0,0,0,0,0,0,0,0,0,-10000,0,0,0,0,10000,-10000,-10000
060704,台積電富邦01購01,0,0,0,0,0,0,0,0,0,-10000,0,0,0,0,10000,-10000,-10000
060645,台表科永豐9A購02,0,0,0,0,0,0,0,0,0,-10000,0,0,0,3000,13000,-10000,-10000
060448,道瓊反元大9A購04,0,0,0,0,0,0,0,0,0,-10000,0,0,0,0,10000,-10000,-10000
060458,華通元大9A購02  ,0,0,0,0,0,0,0,0,0,-10000,0,0,0,0,10000,-10000,-10000
060521,鴻海中信01購03  ,0,0,0,0,0,0,0,0,0,-10000,0,0,0,0,10000,-10000,-10000
060127,牧德永豐99購02  ,0,0,0,0,0,0,0,0,0,-10000,0,0,0,23000,33000,-10000,-10000
060215,柏文康和9A購01  ,0,0,0,0,0,0,0,0,0,-10000,0,0,0,0,10000,-10000,-10000
060133,牧德群益9B購01  ,0,0,0,0,0,0,0,0,0,-10000,0,0,0,3000,13000,-10000,-10000
060174,T50反1元富04購01,0,0,0,0,0,0,0,0,0,-10000,0,0,0,0,10000,-10000,-10000
060313,淘帝永豐9A購01  ,0,0,0,0,0,0,0,0,0,-10000,0,0,0,0,10000,-10000,-10000
060342,台積電統一02購01,0,0,0,0,0,0,0,0,0,-10000,0,0,0,0,10000,-10000,-10000
060245,聯陽元大9C購01  ,0,0,0,0,0,0,0,0,0,-10000,0,0,0,77000,87000,-10000,-10000
03438P,群創群益98售03  ,0,0,0,0,0,0,0,0,0,-10000,0,0,0,0,10000,-10000,-10000
04768P,大立光國泰96售03,0,0,0,0,0,0,0,0,0,-10000,0,0,0,0,10000,-10000,-10000
03418B,臺股指元大95熊20,0,0,0,0,0,0,0,0,0,-10000,0,0,0,1000,11000,-10000,-10000
050256,臺指反元大98購03,0,0,0,0,0,0,0,0,0,-10000,0,0,0,0,10000,-10000,-10000
050142,聯發科元富9A購01,0,0,0,0,0,0,0,0,0,-10000,0,0,0,0,10000,-10000,-10000
048192,華通元大96購01  ,0,0,0,0,0,0,0,0,0,-10000,0,0,0,0,10000,-10000,-10000
048248,聯發科兆豐95購01,0,0,0,0,0,0,0,0,0,-10000,0,0,0,0,10000,-10000,-10000
051393,新光金兆豐96購01,0,0,0,0,0,0,0,0,0,-10000,0,0,0,0,10000,-10000,-10000
051276,SGBR2X中信97購01,0,0,0,0,0,0,0,0,0,-10000,0,0,0,0,10000,-10000,-10000
051152,鴻海國泰97購01  ,0,0,0,0,0,0,0,0,0,-10000,0,0,0,0,10000,-10000,-10000
051058,景碩群益96購01  ,0,0,0,0,0,0,0,0,0,-10000,0,0,0,0,10000,-10000,-10000
050941,T50反1群益95購01,0,0,0,0,0,0,0,0,0,-10000,0,0,0,0,10000,-10000,-10000
00767,FH美國金融股    ,0,0,0,0,0,0,0,0,0,-10000,0,0,0,2000,12000,-10000,-10000
00783,富邦中証500     ,0,134000,-134000,0,0,0,0,0,0,124000,0,0,0,938000,814000,124000,-10000
04909P,鴻海統一94售10  ,0,0,0,0,0,0,0,0,0,-10000,0,0,0,0,10000,-10000,-10000
049667,大立光國泰96購01,0,0,0,0,0,0,0,0,0,-10000,0,0,0,0,10000,-10000,-10000
049668,大立光國泰96購02,0,0,0,0,0,0,0,0,0,-10000,0,0,0,0,10000,-10000,-10000
046480,群創元富96購01  ,0,0,0,0,0,0,0,0,0,-10000,0,0,0,0,10000,-10000,-10000
049859,味全兆豐95購01  ,0,0,0,0,0,0,0,0,0,-10000,0,0,0,0,10000,-10000,-10000
049922,禾伸堂元大95購01,0,0,0,0,0,0,0,0,0,-10000,0,0,0,0,10000,-10000,-10000
051553,牧德永豐96購02  ,0,0,0,0,0,0,0,0,0,-10000,0,0,0,0,10000,-10000,-10000
051694,A50正2中信96購03,0,0,0,0,0,0,0,0,0,-10000,0,0,0,0,10000,-10000,-10000
052010,兆豐金中信95購01,0,0,0,0,0,0,0,0,0,-10000,0,0,0,0,10000,-10000,-10000
052029,矽力群益95購02  ,0,0,0,0,0,0,0,0,0,-10000,0,0,0,0,10000,-10000,-10000
052077,可成元富98購02  ,0,0,0,0,0,0,0,0,0,-10000,0,0,0,0,10000,-10000,-10000
052066,華邦電兆豐96購01,0,0,0,0,0,0,0,0,0,-10000,0,0,0,0,10000,-10000,-10000
051941,樺漢群益95購02  ,0,0,0,0,0,0,0,0,0,-10000,0,0,0,0,10000,-10000,-10000
051843,聯發科富邦99購01,0,0,0,0,0,0,0,0,0,-10000,0,0,0,0,10000,-10000,-10000
052418,玉晶光兆豐96購01,0,0,0,0,0,0,0,0,0,-10000,0,0,0,0,10000,-10000,-10000
052599,S&P反1元大96購01,0,0,0,0,0,0,0,0,0,-10000,0,0,0,5000,15000,-10000,-10000
052508,矽力日盛95購02  ,0,0,0,0,0,0,0,0,0,-10000,0,0,0,16000,26000,-10000,-10000
052294,創意國票96購03  ,0,0,0,0,0,0,0,0,0,-10000,0,0,0,1000,11000,-10000,-10000
052791,友達兆豐97購01  ,0,0,0,0,0,0,0,0,0,-10000,0,0,0,0,10000,-10000,-10000
052624,微星亞東97購01  ,0,0,0,0,0,0,0,0,0,-10000,0,0,0,0,10000,-10000,-10000
05260P,和碩元富95售02  ,0,0,0,0,0,0,0,0,0,-10000,0,0,0,0,10000,-10000,-10000
052839,上海銀國泰97購01,0,0,0,0,0,0,0,0,0,-10000,0,0,0,0,10000,-10000,-10000
053625,國巨兆豐96購03  ,0,0,0,0,0,0,0,0,0,-10000,0,0,0,0,10000,-10000,-10000
053642,瀚宇博永豐96購01,0,0,0,0,0,0,0,0,0,-10000,0,0,0,0,10000,-10000,-10000
053628,微星兆豐96購01  ,0,0,0,0,0,0,0,0,0,-10000,0,0,0,0,10000,-10000,-10000
053748,燿華永豐96購04  ,0,0,0,0,0,0,0,0,0,-10000,0,0,0,0,10000,-10000,-10000
054101,茂林國票97購04  ,0,0,0,0,0,0,0,0,0,-10000,0,0,0,0,10000,-10000,-10000
054132,聯發科元大97購10,0,0,0,0,0,0,0,0,0,-10000,0,0,0,0,10000,-10000,-10000
053990,晶技兆豐96購01  ,0,0,0,0,0,0,0,0,0,-10000,0,0,0,0,10000,-10000,-10000
053817,華新科群益97購02,0,0,0,0,0,0,0,0,0,-10000,0,0,0,0,10000,-10000,-10000
054444,緯穎台新97購01  ,0,0,0,0,0,0,0,0,0,-10000,0,0,0,0,10000,-10000,-10000
054506,矽格永豐96購01  ,0,0,0,0,0,0,0,0,0,-10000,0,0,0,0,10000,-10000,-10000
054186,高鐵永豐96購01  ,0,0,0,0,0,0,0,0,0,-10000,0,0,0,0,10000,-10000,-10000
054189,貿聯永豐96購03  ,0,0,0,0,0,0,0,0,0,-10000,0,0,0,0,10000,-10000,-10000
054355,上海銀富邦98購01,0,0,0,0,0,0,0,0,0,-10000,0,0,0,0,10000,-10000,-10000
054295,世芯元大96購03  ,0,0,0,0,0,0,0,0,0,-10000,0,0,0,0,10000,-10000,-10000
054830,世芯國泰99購01  ,0,0,0,0,0,0,0,0,0,-10000,0,0,0,10000,20000,-10000,-10000
052939,富邦金兆豐96購01,0,0,0,0,0,0,0,0,0,-10000,0,0,0,0,10000,-10000,-10000
05289P,鴻海永豐95售05  ,0,0,0,0,0,0,0,0,0,-10000,0,0,0,0,10000,-10000,-10000
052937,國巨兆豐97購01  ,0,0,0,0,0,0,0,0,0,-10000,0,0,0,0,10000,-10000,-10000
054847,創意兆豐97購01  ,0,0,0,0,0,0,0,0,0,-10000,0,0,0,0,10000,-10000,-10000
054860,台積電群益98購01,0,0,0,0,0,0,0,0,0,-10000,0,0,0,0,10000,-10000,-10000
054761,台光電國票98購02,0,0,0,0,0,0,0,0,0,-10000,0,0,0,0,10000,-10000,-10000
054722,傳奇永豐97購01  ,0,0,0,0,0,0,0,0,0,-10000,0,0,0,0,10000,-10000,-10000
055473,禾伸堂凱基97購01,0,0,0,0,0,0,0,0,0,-10000,0,0,0,0,10000,-10000,-10000
055469,台光電凱基97購01,0,0,0,0,0,0,0,0,0,-10000,0,0,0,0,10000,-10000,-10000
055623,貿聯國泰99購01  ,0,0,0,0,0,0,0,0,0,-10000,0,0,0,0,10000,-10000,-10000
055273,華泰元大97購01  ,0,0,0,0,0,0,0,0,0,-10000,0,0,0,0,10000,-10000,-10000
055794,聯發科國泰99購01,0,0,0,0,0,0,0,0,0,-10000,0,0,0,0,10000,-10000,-10000
055333,晶豪科兆豐97購01,0,0,0,0,0,0,0,0,0,-10000,0,0,0,0,10000,-10000,-10000
055893,大立光統一97購07,0,0,0,0,0,0,0,0,0,-10000,0,0,0,0,10000,-10000,-10000
055906,大立光兆豐97購03,0,0,0,0,0,0,0,0,0,-10000,0,0,0,0,10000,-10000,-10000
055925,上銀群益97購01  ,0,0,0,0,0,0,0,0,0,-10000,0,0,0,0,10000,-10000,-10000
058017,漢唐凱基99購01  ,0,0,0,0,0,0,0,0,0,-10000,0,0,0,0,10000,-10000,-10000
057503,世紀鋼群益98購02,0,0,0,0,0,0,0,0,0,-10000,0,0,0,0,10000,-10000,-10000
057518,世紀鋼元富98購01,0,0,0,0,0,0,0,0,0,-10000,0,0,0,0,10000,-10000,-10000
056093,大毅元富97購01  ,0,0,0,0,0,0,0,0,0,-10000,0,0,0,0,10000,-10000,-10000
056114,台達電群益97購02,0,0,0,0,0,0,0,0,0,-10000,0,0,0,0,10000,-10000,-10000
056048,同欣電兆豐97購01,0,0,0,0,0,0,0,0,0,-10000,0,0,0,0,10000,-10000,-10000
056056,旺宏元大97購06  ,0,0,0,0,0,0,0,0,0,-10000,0,0,0,30000,40000,-10000,-10000
055988,矽力元富97購01  ,0,0,0,0,0,0,0,0,0,-10000,0,0,0,80000,90000,-10000,-10000
055947,元油反元大98購03,0,0,0,0,0,0,0,0,0,-10000,0,0,0,0,10000,-10000,-10000
053504,祥碩兆豐96購01  ,0,0,0,0,0,0,0,0,0,-10000,0,0,0,16000,26000,-10000,-10000
055129,鈺齊兆豐97購01  ,0,0,0,0,0,0,0,0,0,-10000,0,0,0,0,10000,-10000,-10000
055120,南港兆豐97購01  ,0,0,0,0,0,0,0,0,0,-10000,0,0,0,0,10000,-10000,-10000
053302,國巨凱基96購10  ,0,0,0,0,0,0,0,0,0,-10000,0,0,0,0,10000,-10000,-10000
053406,國巨兆豐96購02  ,0,0,0,0,0,0,0,0,0,-10000,0,0,0,570000,580000,-10000,-10000
053423,亞光永豐96購01  ,0,0,0,0,0,0,0,0,0,-10000,0,0,0,124000,134000,-10000,-10000
053457,旺宏國泰98購03  ,0,0,0,0,0,0,0,0,0,-10000,0,0,0,310000,320000,-10000,-10000
053438,玉晶光麥證97購02,0,0,0,0,10000,-10000,0,0,0,-10000,0,0,0,0,10000,-10000,-10000
053482,矽力元大96購03  ,0,0,0,0,0,0,0,0,0,-10000,0,0,0,0,10000,-10000,-10000
053497,新光金兆豐97購01,0,0,0,0,0,0,0,0,0,-10000,0,0,0,0,10000,-10000,-10000
053493,智邦兆豐97購02  ,0,0,0,0,0,0,0,0,0,-10000,0,0,0,0,10000,-10000,-10000
053175,矽力群益96購01  ,0,0,0,0,0,0,0,0,0,-10000,0,0,0,0,10000,-10000,-10000
05320P,華通凱基96售03  ,0,0,0,0,0,0,0,0,0,-10000,0,0,0,10000,20000,-10000,-10000
053234,奇鋐永豐96購01  ,0,0,0,0,0,0,0,0,0,-10000,0,0,0,0,10000,-10000,-10000
053083,中環元大99購01  ,0,0,0,0,0,0,0,0,0,-10000,0,0,0,0,10000,-10000,-10000
053105,鴻海兆豐97購01  ,0,0,0,0,0,0,0,0,0,-10000,0,0,0,0,10000,-10000,-10000
053110,大立光兆豐97購01,0,0,0,0,0,0,0,0,0,-10000,0,0,0,0,10000,-10000,-10000
053132,國巨國票97購02  ,0,0,0,0,0,0,0,0,0,-10000,0,0,0,0,10000,-10000,-10000
053032,國巨兆豐97購02  ,0,0,0,0,0,0,0,0,0,-10000,0,0,0,0,10000,-10000,-10000
054990,凌陽元富97購01  ,0,0,0,0,0,0,0,0,0,-10000,0,0,0,0,10000,-10000,-10000
057575,世紀鋼永豐98購02,0,0,0,0,0,0,0,0,0,-10000,0,0,0,370000,380000,-10000,-10000
056171,鴻海元富97購10  ,0,0,0,0,0,0,0,0,0,-10000,0,0,0,0,10000,-10000,-10000
056178,嘉澤元富97購02  ,0,0,0,0,0,0,0,0,0,-10000,0,0,0,0,10000,-10000,-10000
057667,可成元大99購01  ,0,0,0,0,0,0,0,0,0,-10000,0,0,0,15000,25000,-10000,-10000
057648,和碩元大98購01  ,0,0,0,0,0,0,0,0,0,-10000,0,0,0,0,10000,-10000,-10000
057657,國巨兆豐98購04  ,0,0,0,0,0,0,0,0,0,-10000,0,0,0,0,10000,-10000,-10000
056251,聯發科兆豐97購02,0,0,0,0,0,0,0,0,0,-10000,0,0,0,0,10000,-10000,-10000
056259,T50反1統一9A購01,0,0,0,0,0,0,0,0,0,-10000,0,0,0,0,10000,-10000,-10000
056280,上証2X永豐98購01,0,0,0,0,0,0,0,0,0,-10000,0,0,0,0,10000,-10000,-10000
056325,群創兆豐9A購01  ,0,0,0,0,0,0,0,0,0,-10000,0,0,0,0,10000,-10000,-10000
056281,深中小永豐97購01,0,0,0,0,0,0,0,0,0,-10000,0,0,0,0,10000,-10000,-10000
056350,上銀元大98購02  ,0,0,0,0,0,0,0,0,0,-10000,0,0,0,0,10000,-10000,-10000
057752,臺股指國票98購08,0,0,0,0,0,0,0,0,0,-10000,0,0,0,0,10000,-10000,-10000
057746,同欣電永豐98購02,0,0,0,0,0,0,0,0,0,-10000,0,0,0,0,10000,-10000,-10000
057807,友訊元大98購02  ,0,0,0,0,0,0,0,0,0,-10000,0,0,0,0,10000,-10000,-10000
057794,T50反1兆豐99購02,0,0,0,0,0,0,0,0,0,-10000,0,0,0,0,10000,-10000,-10000
057830,T50反1台新02購02,0,0,0,0,0,0,0,0,0,-10000,0,0,0,0,10000,-10000,-10000
057822,牧德元大9A購01  ,0,0,0,0,0,0,0,0,0,-10000,0,0,0,0,10000,-10000,-10000
057860,金寶凱基98購01  ,0,0,0,0,0,0,0,0,0,-10000,0,0,0,0,10000,-10000,-10000
057850,上銀兆豐99購02  ,0,0,0,0,0,0,0,0,0,-10000,0,0,0,0,10000,-10000,-10000
05652P,臻鼎群益96售01  ,0,0,0,0,0,0,0,0,0,-10000,0,0,0,0,10000,-10000,-10000
056439,華邦電凱基98購02,0,0,0,0,0,0,0,0,0,-10000,0,0,0,0,10000,-10000,-10000
056434,國巨凱基98購03  ,0,0,0,0,0,0,0,0,0,-10000,0,0,0,54000,64000,-10000,-10000
05673P,台積電群益96售05,0,0,0,0,0,0,0,0,0,-10000,0,0,0,200000,210000,-10000,-10000
056724,臻鼎中信9A購01  ,0,0,0,0,0,0,0,0,0,-10000,0,0,0,0,10000,-10000,-10000
056753,群創兆豐98購02  ,0,0,0,0,0,0,0,0,0,-10000,0,0,0,0,10000,-10000,-10000
056754,智易兆豐99購01  ,0,0,0,0,0,0,0,0,0,-10000,0,0,0,0,10000,-10000,-10000
056756,T50反1元大98購06,0,0,0,0,0,0,0,0,0,-10000,0,0,0,0,10000,-10000,-10000
056751,和大兆豐98購01  ,0,0,0,0,0,0,0,0,0,-10000,0,0,0,0,10000,-10000,-10000
058274,世紀鋼永豐99購01,0,0,0,0,0,0,0,0,0,-10000,0,0,0,107000,117000,-10000,-10000
058952,南茂群益99購01  ,0,0,0,0,0,0,0,0,0,-10000,0,0,0,25000,35000,-10000,-10000
058931,玉晶光統一9C購01,0,0,0,0,0,0,0,0,0,-10000,0,0,0,0,10000,-10000,-10000
058882,晶相光永豐99購01,0,0,0,0,0,0,0,0,0,-10000,0,0,0,0,10000,-10000,-10000
058694,鈺齊國票9A購02  ,0,0,0,0,0,0,0,0,0,-10000,0,0,0,0,10000,-10000,-10000
058560,T50反1凱基9A購04,0,0,0,0,0,0,0,0,0,-10000,0,0,0,10000,20000,-10000,-10000
058535,玉晶光統一9A購06,0,0,0,0,0,0,0,0,0,-10000,0,0,0,0,10000,-10000,-10000
058616,台虹元大9A購01  ,0,0,0,0,0,0,0,0,0,-10000,0,0,0,2000,12000,-10000,-10000
058672,可成群益9B購02  ,0,0,0,0,0,0,0,0,0,-10000,0,0,0,0,10000,-10000,-10000
058384,大成鋼中信99購01,0,0,0,0,0,0,0,0,0,-10000,0,0,0,0,10000,-10000,-10000
058343,台積電群益99購02,0,0,0,0,0,0,0,0,0,-10000,0,0,0,0,10000,-10000,-10000
058427,大毅元富99購01  ,0,0,0,0,0,0,0,0,0,-10000,0,0,0,0,10000,-10000,-10000
056616,台光電永豐98購01,0,0,0,0,0,0,0,0,0,-10000,0,0,0,48000,58000,-10000,-10000
056637,台光電日盛9A購01,0,0,0,0,0,0,0,0,0,-10000,0,0,0,0,10000,-10000,-10000
058475,台積電凱基99購06,0,0,0,0,0,0,0,0,0,-10000,0,0,0,0,10000,-10000,-10000
058504,台積電元大99購07,0,0,0,0,0,0,0,0,0,-10000,0,0,0,0,10000,-10000,-10000
057304,為升兆豐99購02  ,0,0,0,0,0,0,0,0,0,-10000,0,0,0,0,10000,-10000,-10000
057305,南亞科兆豐98購02,0,0,0,0,0,0,0,0,0,-10000,0,0,0,0,10000,-10000,-10000
057130,全新凱基98購03  ,0,0,0,0,0,0,0,0,0,-10000,0,0,0,0,10000,-10000,-10000
057121,立積康和98購01  ,0,0,0,0,0,0,0,0,0,-10000,0,0,0,10000,20000,-10000,-10000
057142,力成兆豐98購01  ,0,0,0,0,0,0,0,0,0,-10000,0,0,0,0,10000,-10000,-10000
057152,緯穎國票99購03  ,0,0,0,0,0,0,0,0,0,-10000,0,0,0,0,10000,-10000,-10000
056975,元油2X群益98購03,100000,110000,-10000,0,0,0,0,0,0,0,0,0,0,0,0,0,-10000
059113,群光永豐99購01  ,0,0,0,0,0,0,0,0,0,-10000,0,0,0,10000,20000,-10000,-10000
058338,康友元富99購01  ,0,0,0,0,0,0,0,0,0,-10000,0,0,0,10000,20000,-10000,-10000
056817,國巨永豐98購04  ,0,0,0,0,0,0,0,0,0,-10000,0,0,0,0,10000,-10000,-10000
056925,群創兆豐98購03  ,0,0,0,0,0,0,0,0,0,-10000,0,0,0,0,10000,-10000,-10000
057452,新日興元富98購01,0,0,0,0,0,0,0,0,0,-10000,0,0,0,0,10000,-10000,-10000
057062,立積國泰99購01  ,0,0,0,0,0,0,0,0,0,-10000,0,0,0,0,10000,-10000,-10000
057105,致茂群益9A購01  ,0,0,0,0,0,0,0,0,0,-10000,0,0,0,0,10000,-10000,-10000
059249,大立光凱基99購05,0,0,0,0,0,0,0,0,0,-10000,0,0,0,0,10000,-10000,-10000
059266,緯創中信01購01  ,0,0,0,0,0,0,0,0,0,-10000,0,0,0,10000,20000,-10000,-10000
059192,臺股指富邦9C購01,0,0,0,0,0,0,0,0,0,-10000,0,0,0,0,10000,-10000,-10000
059177,臺股指凱基99購28,0,0,0,0,0,0,0,0,0,-10000,0,0,0,0,10000,-10000,-10000
057027,祥碩凱基98購01  ,0,0,0,0,0,0,0,0,0,-10000,0,0,0,0,10000,-10000,-10000
057229,友達凱基9B購02  ,0,0,0,0,0,0,0,0,0,-10000,0,0,0,0,10000,-10000,-10000
057262,友達兆豐98購03  ,0,0,0,0,0,0,0,0,0,-10000,0,0,0,0,10000,-10000,-10000
057264,新光金兆豐98購01,0,0,0,0,0,0,0,0,0,-10000,0,0,0,0,10000,-10000,-10000
057242,台郡凱基98購05  ,0,0,0,0,0,0,0,0,0,-10000,0,0,0,0,10000,-10000,-10000
05973P,聯詠元大96售06  ,0,0,0,0,0,0,0,0,0,-10000,0,0,0,77000,87000,-10000,-10000
059743,開發金元富99購01,0,0,0,0,0,0,0,0,0,-10000,0,0,0,20000,30000,-10000,-10000
059708,立積凱基9A購02  ,0,0,0,0,0,0,0,0,0,-10000,0,0,0,0,10000,-10000,-10000
060011,臺股指群益9C購06,0,0,0,0,0,0,0,0,0,-10000,0,0,0,0,10000,-10000,-10000
059806,聯發科元富99購08,0,0,0,0,0,0,0,0,0,-10000,0,0,0,0,10000,-10000,-10000
059507,鴻海永豐99購03  ,0,0,0,0,0,0,0,0,0,-10000,0,0,0,0,10000,-10000,-10000
059553,台灣50凱基99購05,0,0,0,0,0,0,0,0,0,-10000,0,0,0,0,10000,-10000,-10000
059611,台積電永豐99購05,0,0,0,0,0,0,0,0,0,-10000,0,0,0,0,10000,-10000,-10000
059345,禾伸堂凱基99購03,0,0,0,0,0,0,0,0,0,-10000,0,0,0,10000,20000,-10000,-10000
059304,華新科兆豐99購06,0,0,0,0,0,0,0,0,0,-10000,0,0,0,0,10000,-10000,-10000
059384,上証2X凱基9B購01,0,0,0,0,0,0,0,0,0,-10000,0,0,0,0,10000,-10000,-10000
059416,T50反1元大99購08,0,0,0,0,0,0,0,0,0,-10000,0,0,0,0,10000,-10000,-10000
059490,國巨國票99購09  ,0,0,0,0,0,0,0,0,0,-10000,0,0,0,0,10000,-10000,-10000
059486,A50正2兆豐9A購01,0,0,0,0,0,0,0,0,0,-10000,0,0,0,0,10000,-10000,-10000
059481,華新科群益99購05,0,0,0,0,0,0,0,0,0,-10000,0,0,0,0,10000,-10000,-10000
8429,金麗-KY         ,11000,21000,-10000,0,0,0,0,0,0,0,0,0,0,0,0,0,-10000
061208,聯發科元大9A購09,0,0,0,0,0,0,0,0,0,-11000,0,0,0,59000,70000,-11000,-11000
061341,華新科元大9A購16,0,0,0,0,0,0,0,0,0,-11000,0,0,0,0,11000,-11000,-11000
060768,鴻海麥證9A購02  ,0,0,0,1000,12000,-11000,0,0,0,-11000,0,0,0,1000,12000,-11000,-11000
06821P,臺股指元富98售10,0,0,0,0,0,0,0,0,0,-11000,0,0,0,0,11000,-11000,-11000
06860P,台灣50兆豐98售01,0,0,0,0,0,0,0,0,0,-11000,0,0,0,0,11000,-11000,-11000
06234P,亞德客元大97售02,0,0,0,0,0,0,0,0,0,-11000,0,0,0,0,11000,-11000,-11000
07190P,臺股指富邦9C售02,0,0,0,0,0,0,0,0,0,-11000,0,0,0,1000,12000,-11000,-11000
056142,超眾元大97購06  ,0,0,0,0,0,0,0,0,0,-11000,0,0,0,159000,170000,-11000,-11000
057529,嘉晶元大99購02  ,0,0,0,0,0,0,0,0,0,-11000,0,0,0,9000,20000,-11000,-11000
054886,大毅統一97購01  ,0,0,0,0,0,0,0,0,0,-11000,0,0,0,0,11000,-11000,-11000
055457,聚陽永豐97購01  ,0,0,0,0,0,0,0,0,0,-11000,0,0,0,0,11000,-11000,-11000
054680,華新科康和97購02,0,0,0,0,0,0,0,0,0,-11000,0,0,0,0,11000,-11000,-11000
052781,瀚宇博國票97購03,0,0,0,0,0,0,0,0,0,-11000,0,0,0,0,11000,-11000,-11000
05154P,台積電兆豐95售05,0,0,0,0,0,0,0,0,0,-11000,0,0,0,0,11000,-11000,-11000
048273,南電富邦97購01  ,0,0,0,0,0,0,0,0,0,-11000,0,0,0,5000,16000,-11000,-11000
059722,南亞科元大99購02,0,0,0,0,0,0,0,0,0,-11000,0,0,0,5000,16000,-11000,-11000
057462,光磊永豐98購02  ,0,0,0,0,0,0,0,0,0,-11000,0,0,0,65000,76000,-11000,-11000
057378,康友元大98購02  ,0,0,0,0,0,0,0,0,0,-11000,0,0,0,109000,120000,-11000,-11000
057206,立積元富98購01  ,0,0,0,0,0,0,0,0,0,-11000,0,0,0,46000,57000,-11000,-11000
058614,台郡元大9A購01  ,0,0,0,0,0,0,0,0,0,-11000,0,0,0,60000,71000,-11000,-11000
05860P,旺宏康和96售01  ,0,0,0,0,0,0,0,0,0,-11000,0,0,0,900000,911000,-11000,-11000
058622,國巨國票99購07  ,0,0,0,0,0,0,0,0,0,-11000,0,0,0,48000,59000,-11000,-11000
057938,台表科群益98購02,0,0,0,0,0,0,0,0,0,-11000,0,0,0,1000,12000,-11000,-11000
056778,元石油群益9B購01,0,0,0,0,0,0,0,0,0,-11000,0,0,0,0,11000,-11000,-11000
058823,聯發科富邦9C購01,0,0,0,0,0,0,0,0,0,-11000,0,0,0,2984000,2995000,-11000,-11000
056199,美律永豐97購01  ,0,0,0,0,0,0,0,0,0,-11000,0,0,0,0,11000,-11000,-11000
057563,旭富國泰9A購01  ,0,0,0,0,0,0,0,0,0,-11000,0,0,0,4000,15000,-11000,-11000
5007,三星            ,22000,33000,-11000,0,0,0,0,0,0,0,0,0,0,0,0,0,-11000
2701,萬企            ,0,11000,-11000,0,0,0,0,0,0,0,0,0,0,0,0,0,-11000
2530,華建            ,0,11000,-11000,0,0,0,0,0,0,0,0,0,0,0,0,0,-11000
06369P,台積電凱基97售16,0,0,0,0,0,0,0,0,0,-12000,0,0,0,160000,172000,-12000,-12000
1451,年興            ,9000,21000,-12000,0,0,0,0,0,0,0,0,0,0,0,0,0,-12000
1507,永大            ,0,11000,-11000,0,0,0,0,0,0,-1000,0,1000,-1000,0,0,0,-12000
1531,高林股          ,0,12000,-12000,0,0,0,0,0,0,0,0,0,0,0,0,0,-12000
2107,厚生            ,62000,68000,-6000,0,0,0,0,6000,-6000,0,0,0,0,0,0,0,-12000
2227,裕日車          ,3000,10000,-7000,0,0,0,0,1000,-1000,-4000,0,4000,-4000,0,0,0,-12000
060990,新光金元大9B購03,0,0,0,0,0,0,0,0,0,-12000,0,0,0,88000,100000,-12000,-12000
061047,大立光第一9A購01,0,0,0,0,0,0,0,0,0,-12000,0,0,0,0,12000,-12000,-12000
060125,強茂永豐99購01  ,0,0,0,0,0,0,0,0,0,-12000,0,0,0,5000,17000,-12000,-12000
060065,大立光兆豐9B購01,0,0,0,0,0,0,0,0,0,-12000,0,0,0,0,12000,-12000,-12000
06056P,台積電凱基98售02,0,0,0,0,0,0,0,0,0,-12000,0,0,0,0,12000,-12000,-12000
044247,道瓊反元富97購01,0,0,0,0,0,0,0,0,0,-12000,0,0,0,0,12000,-12000,-12000
047024,奇力新元大95購01,0,0,0,0,0,0,0,0,0,-12000,0,0,0,0,12000,-12000,-12000
04974P,聯發科凱基96售02,0,0,0,0,0,0,0,0,0,-12000,0,0,0,0,12000,-12000,-12000
04960P,大立光凱基96售04,0,0,0,0,0,0,0,0,0,-12000,0,0,0,0,12000,-12000,-12000
01002T,土銀國泰R1      ,0,12000,-12000,0,0,0,0,0,0,0,0,0,0,0,0,0,-12000
052201,超眾統一96購01  ,0,0,0,0,0,0,0,0,0,-12000,0,0,0,0,12000,-12000,-12000
054788,華新科群益98購02,0,0,0,0,0,0,0,0,0,-12000,0,0,0,0,12000,-12000,-12000
054889,京鼎統一99購01  ,0,0,0,0,0,0,0,0,0,-12000,0,0,0,0,12000,-12000,-12000
055579,健策統一9A購01  ,0,0,0,0,0,0,0,0,0,-12000,0,0,0,0,12000,-12000,-12000
055227,聯發科國票98購02,0,0,0,0,0,0,0,0,0,-12000,0,0,0,0,12000,-12000,-12000
055197,致新元富97購02  ,0,0,0,0,0,0,0,0,0,-12000,0,0,0,38000,50000,-12000,-12000
05815P,台積電凱基97售06,0,0,0,0,0,0,0,0,0,-12000,0,0,0,180000,192000,-12000,-12000
056518,美律國票99購01  ,0,0,0,0,0,0,0,0,0,-12000,0,0,0,0,12000,-12000,-12000
058780,牧德國票9A購01  ,0,0,0,0,0,0,0,0,0,-12000,0,0,0,9000,21000,-12000,-12000
056426,上証2X凱基9A購01,0,0,0,0,0,0,0,0,0,-12000,0,0,0,0,12000,-12000,-12000
05851P,力山群益97售01  ,0,0,0,0,0,0,0,0,0,-12000,0,0,0,0,12000,-12000,-12000
057194,南電元大98購01  ,0,0,0,0,0,0,0,0,0,-12000,0,0,0,8000,20000,-12000,-12000
058718,台灣50元富03購01,0,0,0,0,0,0,0,0,0,-12000,0,0,0,0,12000,-12000,-12000
05908P,大立光元富96售05,0,0,0,0,0,0,0,0,0,-12000,0,0,0,0,12000,-12000,-12000
059726,華新科元大99購18,0,0,0,0,0,0,0,0,0,-12000,0,0,0,0,12000,-12000,-12000
059917,華新科元大99購19,0,0,0,0,0,0,0,0,0,-12000,0,0,0,0,12000,-12000,-12000
059467,旺宏元大99購15  ,0,0,0,0,0,0,0,0,0,-12000,0,0,0,5000,17000,-12000,-12000
059824,大立光凱基99購13,0,0,0,0,0,0,0,0,0,-12000,0,0,0,0,12000,-12000,-12000
3321,同泰            ,3000,15000,-12000,0,0,0,0,0,0,0,0,0,0,0,0,0,-12000
3022,威強電          ,14000,26000,-12000,0,0,0,0,0,0,0,0,0,0,0,0,0,-12000
4904,遠傳            ,1192000,1187589,4411,0,0,0,2000,2000,0,-17000,0,10000,-10000,0,7000,-7000,-12589
3376,新日興          ,178000,203893,-25893,0,0,0,93000,81000,12000,1000,0,0,0,6000,5000,1000,-12893
060474,中租元大9B購01  ,0,0,0,0,0,0,0,0,0,-13000,0,0,0,0,13000,-13000,-13000
060056,大立光凱基9B購01,0,0,0,0,0,0,0,0,0,-13000,0,0,0,0,13000,-13000,-13000
060374,儒鴻元富9A購01  ,0,0,0,0,0,0,0,0,0,-13000,0,0,0,89000,102000,-13000,-13000
06096P,全新永豐97售02  ,0,0,0,0,0,0,0,0,0,-13000,0,0,0,0,13000,-13000,-13000
060980,台積電元大9A購21,0,0,0,0,0,0,0,0,0,-13000,0,0,0,4000,17000,-13000,-13000
060891,世芯統一9A購01  ,0,0,0,0,0,0,0,0,0,-13000,0,0,0,141000,154000,-13000,-13000
060865,創意永豐9A購01  ,0,0,0,0,0,0,0,0,0,-13000,0,0,0,130000,143000,-13000,-13000
2208,台船            ,51000,64000,-13000,0,0,0,0,0,0,0,0,0,0,0,0,0,-13000
06179P,國巨群益97售04  ,0,0,0,0,0,0,0,0,0,-13000,0,0,0,156000,169000,-13000,-13000
055901,超眾中信97購01  ,0,0,0,0,0,0,0,0,0,-13000,0,0,0,40000,53000,-13000,-13000
058010,帆宣國票98購01  ,0,0,0,0,0,0,0,0,0,-13000,0,0,0,0,13000,-13000,-13000
058012,鈺齊國票99購01  ,0,0,0,0,0,0,0,0,0,-13000,0,0,0,0,13000,-13000,-13000
054758,南亞國票9A購01  ,0,0,0,0,0,0,0,0,0,-13000,0,0,0,25000,38000,-13000,-13000
054861,智邦群益97購01  ,0,0,0,0,0,0,0,0,0,-13000,0,0,0,47000,60000,-13000,-13000
054418,茂林元大97購01  ,0,0,0,0,0,0,0,0,0,-13000,0,0,0,36000,49000,-13000,-13000
052362,瑞昱國票96購02  ,0,0,0,0,0,0,0,0,0,-13000,0,0,0,0,13000,-13000,-13000
058402,欣興元大99購04  ,0,0,0,0,0,0,0,0,0,-13000,0,0,0,19000,32000,-13000,-13000
05707P,中磊永豐96售01  ,0,0,0,0,0,0,0,0,0,-13000,0,0,0,0,13000,-13000,-13000
058488,華擎國票9A購01  ,0,0,0,0,0,0,0,0,0,-13000,0,0,0,0,13000,-13000,-13000
058950,國巨群益99購06  ,0,0,0,0,0,0,0,0,0,-13000,0,0,0,3000,16000,-13000,-13000
058122,美律國票9A購01  ,0,0,0,0,0,0,0,0,0,-13000,0,0,0,0,13000,-13000,-13000
05755P,臺股指中信99售04,0,0,0,0,0,0,0,0,0,-13000,0,0,0,2000,15000,-13000,-13000
2524,京城            ,11000,22000,-11000,0,0,0,0,2000,-2000,0,0,0,0,0,0,0,-13000
07265P,大立光元大99售16,0,0,0,0,0,0,0,0,0,-14000,0,0,0,1000,15000,-14000,-14000
07241P,台灣50國票9A售05,0,0,0,0,0,0,0,0,0,-14000,0,0,0,2000,16000,-14000,-14000
2239,英利-KY         ,1000,15000,-14000,0,0,0,0,0,0,0,0,0,0,0,0,0,-14000
060823,旺宏元大9A購05  ,0,0,0,0,0,0,0,0,0,-14000,0,0,0,5000,19000,-14000,-14000
060785,國巨富邦9B購04  ,0,0,0,0,0,0,0,0,0,-14000,0,0,0,22000,36000,-14000,-14000
06072P,牧德永豐97售01  ,0,0,0,0,0,0,0,0,0,-14000,0,0,0,38000,52000,-14000,-14000
060335,明泰康和9A購01  ,0,0,0,0,0,0,0,0,0,-14000,0,0,0,75000,89000,-14000,-14000
060636,大毅永豐9A購02  ,0,0,0,0,0,0,0,0,0,-14000,0,0,0,0,14000,-14000,-14000
051449,玉晶光元大96購01,0,0,0,0,0,0,0,0,0,-14000,0,0,0,0,14000,-14000,-14000
052073,矽力統一95購03  ,0,0,0,0,0,0,0,0,0,-14000,0,0,0,0,14000,-14000,-14000
006206,元大上證50      ,0,21000,-21000,0,0,0,0,0,0,7000,0,0,0,70000,63000,7000,-14000
045444,群創元富98購02  ,0,0,0,0,0,0,0,0,0,-14000,0,0,0,249000,263000,-14000,-14000
05529P,臺股指群益96售02,0,0,0,0,0,0,0,0,0,-14000,0,0,0,9000,23000,-14000,-14000
055358,臻鼎凱基97購01  ,0,0,0,0,0,0,0,0,0,-14000,0,0,0,0,14000,-14000,-14000
057671,群創元大9B購06  ,0,0,0,0,0,0,0,0,0,-14000,0,0,0,202000,216000,-14000,-14000
057832,聯發科元富02購05,0,0,0,0,0,0,0,0,0,-14000,0,0,0,0,14000,-14000,-14000
058963,華新科兆豐99購05,0,0,0,0,0,0,0,0,0,-14000,0,0,0,615000,629000,-14000,-14000
058959,南茂國票9A購01  ,0,0,0,0,0,0,0,0,0,-14000,0,0,0,10000,24000,-14000,-14000
058909,神達元大99購03  ,0,0,0,0,0,0,0,0,0,-14000,0,0,0,48000,62000,-14000,-14000
057933,聯發科群益98購06,0,0,0,0,0,0,0,0,0,-14000,0,0,0,0,14000,-14000,-14000
058359,瑞昱凱基99購01  ,0,0,0,0,0,0,0,0,0,-14000,0,0,0,4000,18000,-14000,-14000
056671,台灣50元富9A購01,0,0,0,0,0,0,0,0,0,-14000,0,0,0,0,14000,-14000,-14000
05865P,大立光元大96售09,0,0,0,0,0,0,0,0,0,-14000,0,0,0,0,14000,-14000,-14000
057401,晶豪科群益99購01,0,0,0,0,0,0,0,0,0,-14000,0,0,0,1000,15000,-14000,-14000
059196,聯發科永豐99購02,0,0,0,0,0,0,0,0,0,-14000,0,0,0,157000,171000,-14000,-14000
059160,華通凱基99購03  ,0,0,0,0,0,0,0,0,0,-14000,0,0,0,0,14000,-14000,-14000
059823,奇力新凱基99購07,0,0,0,0,0,0,0,0,0,-14000,0,0,0,0,14000,-14000,-14000
05982P,漢唐國票96售03  ,0,0,0,0,0,0,0,0,0,-14000,0,0,0,5000,19000,-14000,-14000
059869,友達凱基99購07  ,0,0,0,0,0,0,0,0,0,-14000,0,0,0,5000,19000,-14000,-14000
3032,偉訓            ,5000,19000,-14000,0,0,0,0,0,0,0,0,0,0,0,0,0,-14000
4961,天鈺            ,57000,71000,-14000,0,0,0,0,0,0,0,0,0,0,0,0,0,-14000
9943,好樂迪          ,9000,23000,-14000,0,0,0,0,0,0,0,0,0,0,0,0,0,-14000
1909,榮成            ,373000,382726,-9726,0,0,0,0,1000,-1000,-4000,0,4000,-4000,0,0,0,-14726
1449,佳和            ,38000,53000,-15000,0,0,0,0,0,0,0,0,0,0,0,0,0,-15000
1435,中福            ,4000,19000,-15000,0,0,0,0,0,0,0,0,0,0,0,0,0,-15000
07699P,臺股指元大9A售52,0,0,0,0,0,0,0,0,0,-15000,0,0,0,0,15000,-15000,-15000
07702P,台積電中信9A售06,0,0,0,0,0,0,0,0,0,-15000,0,0,0,0,15000,-15000,-15000
07659P,中租凱基9A售02  ,0,0,0,0,0,0,0,0,0,-15000,0,0,0,10000,25000,-15000,-15000
07611P,大立光國票9A售05,0,0,0,0,0,0,0,0,0,-15000,0,0,0,0,15000,-15000,-15000
07522P,台積電中信9A售03,0,0,0,0,0,0,0,0,0,-15000,0,0,0,0,15000,-15000,-15000
07179P,臺股指凱基99售21,0,0,0,0,0,0,0,0,0,-15000,0,0,0,0,15000,-15000,-15000
06934P,聯鈞元大98售03  ,0,0,0,0,0,0,0,0,0,-15000,0,0,0,46000,61000,-15000,-15000
06992P,玉晶光日盛9B售01,0,0,0,0,0,0,0,0,0,-15000,0,0,0,0,15000,-15000,-15000
06984P,上銀富邦9B售01  ,0,0,0,0,0,0,0,0,0,-15000,0,0,0,12000,27000,-15000,-15000
06242P,大立光元富9A售02,0,0,0,0,0,0,0,0,0,-15000,0,0,0,0,15000,-15000,-15000
06876P,台灣50兆豐9B售01,0,0,0,0,0,0,0,0,0,-15000,0,0,0,0,15000,-15000,-15000
06886P,旺宏元大99售07  ,0,0,0,0,0,0,0,0,0,-15000,0,0,0,0,15000,-15000,-15000
06679P,旺宏元大98售09  ,0,0,0,0,0,0,0,0,0,-15000,0,0,0,0,15000,-15000,-15000
06729P,聯詠元大98售03  ,0,0,0,0,0,0,0,0,0,-15000,0,0,0,0,15000,-15000,-15000
06611P,祥碩國票98售01  ,0,0,0,0,0,0,0,0,0,-15000,0,0,0,24000,39000,-15000,-15000
060621,玉晶光元大9A購05,0,0,0,0,0,0,0,0,0,-15000,0,0,0,6000,21000,-15000,-15000
060661,台積電凱基9A購18,0,0,0,0,0,0,0,0,0,-15000,0,0,0,1000,16000,-15000,-15000
060513,緯穎元大9B購01  ,0,0,0,0,0,0,0,0,0,-15000,0,0,0,0,15000,-15000,-15000
060399,康友國票9A購02  ,0,0,0,0,0,0,0,0,0,-15000,0,0,0,2000,17000,-15000,-15000
060416,神隆永豐9A購01  ,0,0,0,0,0,0,0,0,0,-15000,0,0,0,186000,201000,-15000,-15000
060157,致茂永豐9A購02  ,0,0,0,0,0,0,0,0,0,-15000,0,0,0,0,15000,-15000,-15000
061095,台積電台新9B購03,0,0,0,0,0,0,0,0,0,-15000,0,0,0,0,15000,-15000,-15000
061342,華新科元大9A購17,0,0,0,0,0,0,0,0,0,-15000,0,0,0,0,15000,-15000,-15000
061344,禾伸堂元大9A購02,0,0,0,0,0,0,0,0,0,-15000,0,0,0,108000,123000,-15000,-15000
061347,創意元大9A購02  ,0,0,0,0,0,0,0,0,0,-15000,0,0,0,81000,96000,-15000,-15000
061377,聯發科永豐9A購04,0,0,0,0,0,0,0,0,0,-15000,0,0,0,0,15000,-15000,-15000
055393,華新科統一97購03,0,0,0,0,0,0,0,0,0,-15000,0,0,0,0,15000,-15000,-15000
054416,禾伸堂元大97購01,0,0,0,0,0,0,0,0,0,-15000,0,0,0,50000,65000,-15000,-15000
05590P,臺股指中信96售05,0,0,0,0,0,0,0,0,0,-15000,0,0,0,0,15000,-15000,-15000
053538,京鼎永豐96購03  ,0,0,0,0,0,0,0,0,0,-15000,0,0,0,0,15000,-15000,-15000
053306,晶技凱基97購01  ,0,0,0,0,0,0,0,0,0,-15000,0,0,0,0,15000,-15000,-15000
053151,華新科元大96購04,0,0,0,0,0,0,0,0,0,-15000,0,0,0,5000,20000,-15000,-15000
050096,國巨國泰95購05  ,0,0,0,0,0,0,0,0,0,-15000,0,0,0,0,15000,-15000,-15000
035276,南亞科台新97購01,0,0,0,0,0,0,0,0,0,-15000,0,0,0,1000,16000,-15000,-15000
050188,貿聯元大96購01  ,0,0,0,0,0,0,0,0,0,-15000,0,0,0,0,15000,-15000,-15000
051872,矽力凱基96購01  ,0,0,0,0,0,0,0,0,0,-15000,0,0,0,10000,25000,-15000,-15000
052629,訊芯中信99購01  ,0,0,0,0,0,0,0,0,0,-15000,0,0,0,0,15000,-15000,-15000
052682,上銀元大97購01  ,0,0,0,0,0,0,0,0,0,-15000,0,0,0,5000,20000,-15000,-15000
054151,瑞昱國泰97購01  ,0,0,0,0,0,0,0,0,0,-15000,0,0,0,42000,57000,-15000,-15000
054043,漢唐元大97購01  ,0,0,0,0,0,0,0,0,0,-15000,0,0,0,0,15000,-15000,-15000
059870,全新凱基99購05  ,0,0,0,0,0,0,0,0,0,-15000,0,0,0,150000,165000,-15000,-15000
059783,旺宏元大99購17  ,0,0,0,0,0,0,0,0,0,-15000,0,0,0,18000,33000,-15000,-15000
059788,華新科元大9A購05,0,0,0,0,0,0,0,0,0,-15000,0,0,0,7000,22000,-15000,-15000
059884,鴻海國票99購09  ,0,0,0,0,0,0,0,0,0,-15000,0,0,0,0,15000,-15000,-15000
059610,上銀永豐99購02  ,0,0,0,0,0,0,0,0,0,-15000,0,0,0,54000,69000,-15000,-15000
059135,臺股指群益99購10,0,0,0,0,0,0,0,0,0,-15000,0,0,0,5000,20000,-15000,-15000
059126,臺指反中信9B購01,0,0,0,0,0,0,0,0,0,-15000,0,0,0,0,15000,-15000,-15000
057123,上銀凱基98購05  ,0,0,0,0,0,0,0,0,0,-15000,0,0,0,0,15000,-15000,-15000
057252,牧德元富98購01  ,0,0,0,0,0,0,0,0,0,-15000,0,0,0,0,15000,-15000,-15000
057961,茂林元大9A購01  ,0,0,0,0,0,0,0,0,0,-15000,0,0,0,10000,25000,-15000,-15000
059027,神達台新99購02  ,0,0,0,0,0,0,0,0,0,-15000,0,0,0,0,15000,-15000,-15000
057763,康控凱基99購02  ,0,0,0,0,0,0,0,0,0,-15000,0,0,0,0,15000,-15000,-15000
056539,新光金凱基9A購01,0,0,0,0,0,0,0,0,0,-15000,0,0,0,0,15000,-15000,-15000
056554,GIS凱基99購01   ,0,0,0,0,0,0,0,0,0,-15000,0,0,0,0,15000,-15000,-15000
058223,世芯統一9B購01  ,0,0,0,0,0,0,0,0,0,-15000,0,0,0,0,15000,-15000,-15000
8422,可寧衛          ,7000,21000,-14000,0,0,0,0,1000,-1000,0,0,0,0,0,0,0,-15000
3005,神基            ,174000,187000,-13000,0,0,0,0,1000,-1000,-1000,0,1000,-1000,0,0,0,-15000
2923,鼎固-KY         ,0,15000,-15000,0,0,0,0,0,0,0,0,0,0,0,0,0,-15000
2706,第一店          ,0,15000,-15000,0,0,0,0,0,0,0,0,0,0,0,0,0,-15000
6491,晶碩            ,9000,24170,-15170,0,0,0,0,0,0,0,0,0,0,0,0,0,-15170
060738,矽格統一9C購01  ,0,0,0,0,0,0,0,0,0,-16000,0,0,0,0,16000,-16000,-16000
06025P,臺股指元大99售02,0,0,0,0,0,0,0,0,0,-16000,0,0,0,13000,29000,-16000,-16000
060542,上銀凱基9A購04  ,0,0,0,0,0,0,0,0,0,-16000,0,0,0,155000,171000,-16000,-16000
07221P,臺股指中信9B售04,0,0,0,0,0,0,0,0,0,-16000,0,0,0,0,16000,-16000,-16000
07270P,台灣50元大01售09,0,0,0,0,0,0,0,0,0,-16000,0,0,0,4000,20000,-16000,-16000
2414,精技            ,11000,27000,-16000,0,0,0,0,0,0,0,0,0,0,0,0,0,-16000
055834,國巨元大97購13  ,0,0,0,0,0,0,0,0,0,-16000,0,0,0,27000,43000,-16000,-16000
053662,矽力凱基97購01  ,0,0,0,0,0,0,0,0,0,-16000,0,0,0,20000,36000,-16000,-16000
052076,可成元富98購01  ,0,0,0,0,0,0,0,0,0,-16000,0,0,0,5000,21000,-16000,-16000
052515,矽力凱基95購02  ,0,0,0,0,0,0,0,0,0,-16000,0,0,0,16000,32000,-16000,-16000
00757,統一FANG+       ,0,0,0,0,0,0,0,0,0,-16000,0,0,0,200000,216000,-16000,-16000
053355,超眾兆豐97購01  ,0,0,0,0,0,0,0,0,0,-16000,0,0,0,22000,38000,-16000,-16000
055979,聯鈞統一97購03  ,0,0,0,0,0,0,0,0,0,-16000,0,0,0,0,16000,-16000,-16000
055968,祥碩元大97購04  ,0,0,0,0,0,0,0,0,0,-16000,0,0,0,67000,83000,-16000,-16000
058212,華新科群益9A購01,0,0,0,0,0,0,0,0,0,-16000,0,0,0,0,16000,-16000,-16000
05814P,臺股指國票96售07,0,0,0,0,0,0,0,0,0,-16000,0,0,0,0,16000,-16000,-16000
05627P,致伸國票97售01  ,0,0,0,0,0,0,0,0,0,-16000,0,0,0,0,16000,-16000,-16000
056530,旺宏凱基98購06  ,0,0,0,0,0,0,0,0,0,-16000,0,0,0,0,16000,-16000,-16000
058398,中環元大99購02  ,0,0,0,0,0,0,0,0,0,-16000,0,0,0,0,16000,-16000,-16000
057888,貿聯群益98購02  ,0,0,0,0,0,0,0,0,0,-16000,0,0,0,10000,26000,-16000,-16000
05841P,華通元大96售04  ,0,0,0,0,0,0,0,0,0,-16000,0,0,0,34000,50000,-16000,-16000
058409,鴻海兆豐99購05  ,0,0,0,0,0,0,0,0,0,-16000,0,0,0,0,16000,-16000,-16000
059260,國巨中信99購05  ,0,0,0,0,0,0,0,0,0,-16000,0,0,0,0,16000,-16000,-16000
059572,華新科凱基99購08,0,0,0,0,0,0,0,0,0,-16000,0,0,0,7000,23000,-16000,-16000
059305,台灣50元大99購02,0,0,0,0,0,0,0,0,0,-16000,0,0,0,15000,31000,-16000,-16000
059316,國巨元大99購23  ,0,0,0,0,0,0,0,0,0,-16000,0,0,0,0,16000,-16000,-16000
059787,奇力新元大9A購02,0,0,0,0,0,0,0,0,0,-16000,0,0,0,18000,34000,-16000,-16000
1525,江申            ,0,7000,-7000,0,0,0,0,10000,-10000,0,0,0,0,0,0,0,-17000
07319P,台積電凱基01售02,0,0,0,0,0,0,0,0,0,-17000,0,0,0,85000,102000,-17000,-17000
07411P,國巨元大99售31  ,0,0,0,0,0,0,0,0,0,-17000,0,0,0,25000,42000,-17000,-17000
06839P,玉晶光統一9A售05,0,0,0,0,0,0,0,0,0,-17000,0,0,0,0,17000,-17000,-17000
060390,聯鈞群益9A購01  ,0,0,0,0,0,0,0,0,0,-17000,0,0,0,155000,172000,-17000,-17000
060291,高鐵元大9A購01  ,0,0,0,0,0,0,0,0,0,-17000,0,0,0,10000,27000,-17000,-17000
060314,元翎永豐9A購01  ,0,0,0,0,0,0,0,0,0,-17000,0,0,0,20000,37000,-17000,-17000
060979,國巨元大9A購14  ,0,0,0,0,0,0,0,0,0,-17000,0,0,0,130000,147000,-17000,-17000
061387,鴻海群益9A購05  ,0,0,0,0,0,0,0,0,0,-17000,0,0,0,10000,27000,-17000,-17000
061308,元金2X中信9A購01,0,0,0,0,0,0,0,0,0,-17000,0,0,0,0,17000,-17000,-17000
061104,華新科元大9A購13,0,0,0,0,0,0,0,0,0,-17000,0,0,0,2000,19000,-17000,-17000
054720,禾伸堂永豐97購01,0,0,0,0,0,0,0,0,0,-17000,0,0,0,33000,50000,-17000,-17000
055668,欣興群益97購01  ,0,0,0,0,0,0,0,0,0,-17000,0,0,0,10000,27000,-17000,-17000
047962,T50反1中信96購02,0,0,0,0,0,0,0,0,0,-17000,0,0,0,1285000,1302000,-17000,-17000
051292,牧德統一97購01  ,0,0,0,0,0,0,0,0,0,-17000,0,0,0,0,17000,-17000,-17000
05242P,群創國泰97售01  ,0,0,0,0,0,0,0,0,0,-17000,0,0,0,0,17000,-17000,-17000
052208,力成麥證95購01  ,0,0,0,50000,67000,-17000,0,0,0,-17000,0,0,0,50000,67000,-17000,-17000
059995,南亞科元富99購01,0,0,0,0,0,0,0,0,0,-17000,0,0,0,0,17000,-17000,-17000
059388,國巨凱基99購13  ,0,0,0,0,0,0,0,0,0,-17000,0,0,0,1000,18000,-17000,-17000
059850,日電貿永豐99購01,0,0,0,0,0,0,0,0,0,-17000,0,0,0,0,17000,-17000,-17000
059263,瑞昱中信01購01  ,0,0,0,0,0,0,0,0,0,-17000,0,0,0,46000,63000,-17000,-17000
059189,國泰金富邦9B購01,0,0,0,0,0,0,0,0,0,-17000,0,0,0,83000,100000,-17000,-17000
057405,麗豐群益98購01  ,0,0,0,0,0,0,0,0,0,-17000,0,0,0,183000,200000,-17000,-17000
058440,玉晶光統一99購02,0,0,0,0,0,0,0,0,0,-17000,0,0,0,0,17000,-17000,-17000
057833,聯發科元富02購06,0,0,0,0,0,0,0,0,0,-17000,0,0,0,0,17000,-17000,-17000
057834,聯發科元富02購07,0,0,0,0,0,0,0,0,0,-17000,0,0,0,0,17000,-17000,-17000
056473,奇力新元大99購02,0,0,0,0,0,0,0,0,0,-17000,0,0,0,23000,40000,-17000,-17000
056576,晶技元大99購02  ,0,0,0,0,0,0,0,0,0,-17000,0,0,0,0,17000,-17000,-17000
056241,緯創群益97購01  ,0,0,0,0,0,0,0,0,0,-17000,0,0,0,0,17000,-17000,-17000
056321,創意群益98購02  ,0,0,0,0,0,0,0,0,0,-17000,0,0,0,1000,18000,-17000,-17000
8411,福貞-KY         ,1000,15000,-14000,0,0,0,0,0,0,-3000,0,3000,-3000,0,0,0,-17000
6605,帝寶            ,4000,21000,-17000,0,0,0,0,0,0,0,0,0,0,0,0,0,-17000
6698,旭暉應材        ,1000,18000,-17000,0,0,0,0,0,0,0,0,0,0,0,0,0,-17000
9934,成霖            ,7000,22000,-15000,0,0,0,0,2000,-2000,0,0,0,0,0,0,0,-17000
9905,大華            ,4000,21000,-17000,0,0,0,0,0,0,0,0,0,0,0,0,0,-17000
3346,麗清            ,82000,99229,-17229,0,0,0,0,0,0,0,0,0,0,0,0,0,-17229
8462,柏文            ,2050,20000,-17950,0,0,0,0,0,0,0,0,0,0,0,0,0,-17950
061245,晶技群益9A購01  ,0,0,0,0,0,0,0,0,0,-18000,0,0,0,0,18000,-18000,-18000
060098,華新科元大99購24,0,0,0,0,0,0,0,0,0,-18000,0,0,0,0,18000,-18000,-18000
060433,億豐永豐9A購01  ,0,0,0,0,0,0,0,0,0,-18000,0,0,0,0,18000,-18000,-18000
060656,國巨統一9C購03  ,0,0,0,0,0,0,0,0,0,-18000,0,0,0,0,18000,-18000,-18000
06859P,元金2X中信9C售01,0,0,0,0,0,0,0,0,0,-18000,0,0,0,43000,61000,-18000,-18000
06726P,欣興元富98售04  ,0,0,0,0,0,0,0,0,0,-18000,0,0,0,6000,24000,-18000,-18000
06328P,台積電中信01售02,0,0,0,0,0,0,0,0,0,-18000,0,0,0,1000,19000,-18000,-18000
06584P,欣興凱基98售03  ,0,0,0,0,0,0,0,0,0,-18000,0,0,0,9000,27000,-18000,-18000
07352P,台積電國票99售11,0,0,0,0,0,0,0,0,0,-18000,0,0,0,183000,201000,-18000,-18000
07762P,聯發科永豐9A售03,0,0,0,0,0,0,0,0,0,-18000,0,0,0,0,18000,-18000,-18000
053637,強茂永豐96購01  ,0,0,0,0,0,0,0,0,0,-18000,0,0,0,6000,24000,-18000,-18000
053639,禾伸堂永豐96購01,0,0,0,0,0,0,0,0,0,-18000,0,0,0,52000,70000,-18000,-18000
053999,台表科群益96購06,0,0,0,0,0,0,0,0,0,-18000,0,0,0,0,18000,-18000,-18000
051382,玉晶光群益98購02,0,0,0,0,0,0,0,0,0,-18000,0,0,0,43000,61000,-18000,-18000
00709,富邦歐洲        ,0,0,0,0,0,0,0,0,0,-18000,0,0,0,100000,118000,-18000,-18000
055351,聯發科凱基97購03,0,0,0,0,0,0,0,0,0,-18000,0,0,0,0,18000,-18000,-18000
054479,緯創中信98購01  ,0,0,0,0,0,0,0,0,0,-18000,0,0,0,9000,27000,-18000,-18000
053292,美律中信98購01  ,0,0,0,0,0,0,0,0,0,-18000,0,0,0,2000,20000,-18000,-18000
058079,鴻海群益98購08  ,0,0,0,0,0,0,0,0,0,-18000,0,0,0,224000,242000,-18000,-18000
056574,亞光元大99購03  ,0,0,0,0,0,0,0,0,0,-18000,0,0,0,68000,86000,-18000,-18000
056423,奇鋐統一98購01  ,0,0,0,0,0,0,0,0,0,-18000,0,0,0,0,18000,-18000,-18000
057812,友達元大9A購05  ,0,0,0,0,0,0,0,0,0,-18000,0,0,0,244000,262000,-18000,-18000
056367,祥碩元大98購01  ,0,0,0,0,0,0,0,0,0,-18000,0,0,0,0,18000,-18000,-18000
059259,FBVIX中信03購06 ,0,0,0,0,0,0,0,0,0,-18000,0,0,0,124000,142000,-18000,-18000
057179,可成元大98購04  ,0,0,0,0,0,0,0,0,0,-18000,0,0,0,33000,51000,-18000,-18000
056970,TPK永豐98購01   ,0,0,0,0,0,0,0,0,0,-18000,0,0,0,10000,28000,-18000,-18000
059527,聯發科凱基99購16,0,0,0,0,0,0,0,0,0,-18000,0,0,0,8000,26000,-18000,-18000
059428,國巨元大99購25  ,0,0,0,0,0,0,0,0,0,-18000,0,0,0,0,18000,-18000,-18000
059910,鴻海元大99購37  ,0,0,0,0,0,0,0,0,0,-18000,0,0,0,0,18000,-18000,-18000
9946,三發地產        ,9000,27000,-18000,0,0,0,0,0,0,0,0,0,0,0,0,0,-18000
5283,禾聯碩          ,3000,6000,-3000,0,0,0,0,0,0,-15000,0,14000,-14000,2000,3000,-1000,-18000
5521,工信            ,96000,114000,-18000,0,0,0,0,0,0,0,0,0,0,0,0,0,-18000
4526,東台            ,11000,29000,-18000,0,0,0,0,0,0,0,0,0,0,0,0,0,-18000
1101B,台泥乙特        ,0,0,0,0,0,0,0,0,0,-19000,1000,20000,-19000,0,0,0,-19000
07245P,台積電凱基99售16,0,0,0,0,0,0,0,0,0,-19000,0,0,0,26000,45000,-19000,-19000
06999P,玉晶光國票9B售01,0,0,0,0,0,0,0,0,0,-19000,0,0,0,0,19000,-19000,-19000
06550P,健策元大99售01  ,0,0,0,0,0,0,0,0,0,-19000,0,0,0,21000,40000,-19000,-19000
060702,玉晶光國泰9C購02,0,0,0,0,0,0,0,0,0,-19000,0,0,0,2000,21000,-19000,-19000
060100,新光金元大9C購01,0,0,0,0,0,0,0,0,0,-19000,0,0,0,101000,120000,-19000,-19000
060191,亞光元富9A購02  ,0,0,0,0,0,0,0,0,0,-19000,0,0,0,36000,55000,-19000,-19000
061238,晶技元大9A購02  ,0,0,0,0,0,0,0,0,0,-19000,0,0,0,23000,42000,-19000,-19000
054740,強茂凱基99購01  ,0,0,0,0,0,0,0,0,0,-19000,0,0,0,0,19000,-19000,-19000
052933,祥碩元大96購01  ,0,0,0,0,0,0,0,0,0,-19000,0,0,0,1000,20000,-19000,-19000
055639,上銀元富97購02  ,0,0,0,0,0,0,0,0,0,-19000,0,0,0,81000,100000,-19000,-19000
055727,矽力元大97購02  ,0,0,0,0,0,0,0,0,0,-19000,0,0,0,10000,29000,-19000,-19000
00678,群益NBI生技     ,0,15000,-15000,0,0,0,0,0,0,-4000,0,0,0,325000,329000,-4000,-19000
045055,聯發科元富98購03,0,0,0,0,0,0,0,0,0,-19000,0,0,0,21000,40000,-19000,-19000
05063P,聯電元大96售03  ,0,0,0,0,0,0,0,0,0,-19000,0,0,0,0,19000,-19000,-19000
050351,華新科群益95購02,0,0,0,0,0,0,0,0,0,-19000,0,0,0,3000,22000,-19000,-19000
04454P,大立光富邦98售02,0,0,0,0,0,0,0,0,0,-19000,0,0,0,0,19000,-19000,-19000
059637,大立光凱基01購01,0,0,0,0,0,0,0,0,0,-19000,0,0,0,45000,64000,-19000,-19000
059264,台光電中信99購02,0,0,0,0,0,0,0,0,0,-19000,0,0,0,100000,119000,-19000,-19000
057251,泰鼎統一98購02  ,0,0,0,0,0,0,0,0,0,-19000,0,0,0,0,19000,-19000,-19000
05866P,致伸元大96售01  ,0,0,0,0,0,0,0,0,0,-19000,0,0,0,0,19000,-19000,-19000
2702,華園            ,1000,20000,-19000,0,0,0,0,0,0,0,0,0,0,0,0,0,-19000
06135P,志超元富97售01  ,0,0,0,0,0,0,0,0,0,-20000,0,0,0,0,20000,-20000,-20000
061069,嘉聯益凱基9A購01,0,0,0,0,0,0,0,0,0,-20000,0,0,0,0,20000,-20000,-20000
060966,台表科凱基9B購01,0,0,0,0,0,0,0,0,0,-20000,0,0,0,0,20000,-20000,-20000
060778,臺股指凱基9A購06,0,0,0,0,0,0,0,0,0,-20000,0,0,0,181000,201000,-20000,-20000
060869,超眾永豐9A購02  ,0,0,0,0,0,0,0,0,0,-20000,0,0,0,5000,25000,-20000,-20000
060308,劍麟永豐9A購01  ,0,0,0,0,0,0,0,0,0,-20000,0,0,0,0,20000,-20000,-20000
06043P,創意永豐96售06  ,0,0,0,0,0,0,0,0,0,-20000,0,0,0,45000,65000,-20000,-20000
06451P,聯發科元大98售04,0,0,0,0,0,0,0,0,0,-20000,0,0,0,0,20000,-20000,-20000
06228P,亞德客凱基97售04,0,0,0,0,0,0,0,0,0,-20000,0,0,0,0,20000,-20000,-20000
06742P,可成富邦99售02  ,0,0,0,0,0,0,0,0,0,-20000,0,0,0,0,20000,-20000,-20000
06717P,可成元大98售09  ,0,0,0,0,0,0,0,0,0,-20000,0,0,0,0,20000,-20000,-20000
06656P,GIS元大98售02   ,0,0,0,0,0,0,0,0,0,-20000,0,0,0,67000,87000,-20000,-20000
06659P,T50正2富邦9A售01,0,0,0,0,0,0,0,0,0,-20000,0,0,0,0,20000,-20000,-20000
06847P,奇力新元大98售05,0,0,0,0,0,0,0,0,0,-20000,0,0,0,0,20000,-20000,-20000
06763P,技嘉元大98售05  ,0,0,0,0,0,0,0,0,0,-20000,0,0,0,10000,30000,-20000,-20000
06953P,景碩統一9A售01  ,0,0,0,0,0,0,0,0,0,-20000,0,0,0,0,20000,-20000,-20000
07050P,宏達電中信9B售01,0,0,0,0,0,0,0,0,0,-20000,0,0,0,0,20000,-20000,-20000
07412P,國巨元大99售32  ,0,0,0,0,0,0,0,0,0,-20000,0,0,0,45000,65000,-20000,-20000
07439P,臺股指麥證9B售01,0,0,0,0,20000,-20000,0,0,0,-20000,0,0,0,0,20000,-20000,-20000
07422P,大立光元大99售32,0,0,0,0,0,0,0,0,0,-20000,0,0,0,0,20000,-20000,-20000
07678P,大立光群益9A售03,0,0,0,0,0,0,0,0,0,-20000,0,0,0,0,20000,-20000,-20000
07517P,台積電元大9A售17,0,0,0,0,0,0,0,0,0,-20000,0,0,0,0,20000,-20000,-20000
07519P,臺股指元大9B售10,0,0,0,0,0,0,0,0,0,-20000,0,0,0,0,20000,-20000,-20000
07666P,台灣50元大9C售32,0,0,0,0,0,0,0,0,0,-20000,0,0,0,0,20000,-20000,-20000
07643P,禾伸堂凱基9A售02,0,0,0,0,0,0,0,0,0,-20000,0,0,0,20000,40000,-20000,-20000
07651P,道瓊指中信01售01,0,0,0,0,0,0,0,0,0,-20000,0,0,0,0,20000,-20000,-20000
1457,宜進            ,10000,30000,-20000,0,0,0,0,0,0,0,0,0,0,0,0,0,-20000
04294P,台積電元大95售01,0,0,0,0,0,0,0,0,0,-20000,0,0,0,0,20000,-20000,-20000
041991,元油2X國票98購01,0,0,0,0,0,0,0,0,0,-20000,0,0,0,0,20000,-20000,-20000
03857P,聯發科元富99售02,0,0,0,0,0,0,0,0,0,-20000,0,0,0,105000,125000,-20000,-20000
03686P,大立光統一98售02,0,0,0,0,0,0,0,0,0,-20000,0,0,0,0,20000,-20000,-20000
03647C,T50反1元富99牛02,0,0,0,0,0,0,0,0,0,-20000,0,0,0,10000,30000,-20000,-20000
050155,華新科群益95購01,0,0,0,0,0,0,0,0,0,-20000,0,0,0,0,20000,-20000,-20000
048499,達運元大96購01  ,0,0,0,0,0,0,0,0,0,-20000,0,0,0,0,20000,-20000,-20000
050522,聯發科元大95購03,0,0,0,0,0,0,0,0,0,-20000,0,0,0,60000,80000,-20000,-20000
049892,國巨富邦96購01  ,0,0,0,0,0,0,0,0,0,-20000,0,0,0,300000,320000,-20000,-20000
047680,上証反中信96購01,0,0,0,0,0,0,0,0,0,-20000,0,0,0,0,20000,-20000,-20000
049200,元黃金群益98購01,0,0,0,0,0,0,0,0,0,-20000,0,0,0,0,20000,-20000,-20000
04881P,高股息凱基96售01,0,0,0,0,0,0,0,0,0,-20000,0,0,0,0,20000,-20000,-20000
00770,國泰北美科技    ,0,10000,-10000,0,0,0,0,0,0,-10000,0,0,0,10000,20000,-10000,-20000
03005X,元展05          ,0,0,0,0,0,0,0,0,0,-20000,0,0,0,0,20000,-20000,-20000
053948,大立光富邦99購04,0,0,0,0,0,0,0,0,0,-20000,0,0,0,0,20000,-20000,-20000
05583P,訊芯凱基96售01  ,0,0,0,0,0,0,0,0,0,-20000,0,0,0,30000,50000,-20000,-20000
054062,TPK國票96購02   ,0,0,0,0,0,0,0,0,0,-20000,0,0,0,0,20000,-20000,-20000
054167,揚明光凱基98購01,0,0,0,0,0,0,0,0,0,-20000,0,0,0,0,20000,-20000,-20000
053609,華新中信9A購01  ,0,0,0,0,0,0,0,0,0,-20000,0,0,0,0,20000,-20000,-20000
053749,揚明光永豐97購01,0,0,0,0,0,0,0,0,0,-20000,0,0,0,0,20000,-20000,-20000
053760,牧德國泰98購01  ,0,0,0,0,0,0,0,0,0,-20000,0,0,0,0,20000,-20000,-20000
052864,奇力新凱基96購02,0,0,0,0,0,0,0,0,0,-20000,0,0,0,0,20000,-20000,-20000
052313,聯電元大98購01  ,0,0,0,0,0,0,0,0,0,-20000,0,0,0,10000,30000,-20000,-20000
05246P,南電元大95售04  ,0,0,0,0,0,0,0,0,0,-20000,0,0,0,0,20000,-20000,-20000
052497,楠梓電永豐96購01,0,0,0,0,0,0,0,0,0,-20000,0,0,0,0,20000,-20000,-20000
051847,香港反中信99購01,0,0,0,0,0,0,0,0,0,-20000,0,0,0,0,20000,-20000,-20000
051510,新光金中信97購01,0,0,0,0,0,0,0,0,0,-20000,0,0,0,0,20000,-20000,-20000
055435,佳世達中信99購01,0,0,0,0,0,0,0,0,0,-20000,0,0,0,0,20000,-20000,-20000
055557,華新科凱基97購01,0,0,0,0,0,0,0,0,0,-20000,0,0,0,0,20000,-20000,-20000
054834,帆宣中信97購01  ,0,0,0,0,0,0,0,0,0,-20000,0,0,0,0,20000,-20000,-20000
054806,台化元大9A購01  ,0,0,0,0,0,0,0,0,0,-20000,0,0,0,0,20000,-20000,-20000
054582,致新元大97購01  ,0,0,0,0,0,0,0,0,0,-20000,0,0,0,134000,154000,-20000,-20000
05459P,聯詠凱基95售03  ,0,0,0,0,0,0,0,0,0,-20000,0,0,0,0,20000,-20000,-20000
054544,統一中信97購01  ,0,0,0,0,0,0,0,0,0,-20000,0,0,0,0,20000,-20000,-20000
054333,茂林永豐96購03  ,0,0,0,0,0,0,0,0,0,-20000,0,0,0,0,20000,-20000,-20000
054217,台表科國票97購05,0,0,0,0,0,0,0,0,0,-20000,0,0,0,0,20000,-20000,-20000
054276,國巨群益96購07  ,0,0,0,0,0,0,0,0,0,-20000,0,0,0,210000,230000,-20000,-20000
055078,亞泥中信98購01  ,0,0,0,0,0,0,0,0,0,-20000,0,0,0,0,20000,-20000,-20000
053300,大成鋼凱基96購02,0,0,0,0,0,0,0,0,0,-20000,0,0,0,0,20000,-20000,-20000
053363,旺宏國泰98購02  ,0,0,0,0,0,0,0,0,0,-20000,0,0,0,95000,115000,-20000,-20000
05520P,聯詠凱基96售01  ,0,0,0,0,0,0,0,0,0,-20000,0,0,0,10000,30000,-20000,-20000
056092,亞德客元富97購02,0,0,0,0,0,0,0,0,0,-20000,0,0,0,35000,55000,-20000,-20000
056044,同欣電凱基97購03,0,0,0,0,0,0,0,0,0,-20000,0,0,0,50000,70000,-20000,-20000
056018,旺宏群益97購02  ,0,0,0,0,0,0,0,0,0,-20000,0,0,0,10000,30000,-20000,-20000
056136,京鼎元大98購01  ,0,0,0,0,0,0,0,0,0,-20000,0,0,0,0,20000,-20000,-20000
056100,楠梓電永豐97購02,0,0,0,0,0,0,0,0,0,-20000,0,0,0,0,20000,-20000,-20000
056163,嘉聯益凱基98購03,0,0,0,0,0,0,0,0,0,-20000,0,0,0,0,20000,-20000,-20000
055905,可成兆豐97購03  ,0,0,0,0,0,0,0,0,0,-20000,0,0,0,0,20000,-20000,-20000
055876,美食元富9A購01  ,0,0,0,0,0,0,0,0,0,-20000,0,0,0,0,20000,-20000,-20000
055842,建準元大98購01  ,0,0,0,0,0,0,0,0,0,-20000,0,0,0,10000,30000,-20000,-20000
057469,康友永豐98購02  ,0,0,0,0,0,0,0,0,0,-20000,0,0,0,0,20000,-20000,-20000
058015,旺宏凱基99購02  ,0,0,0,0,0,0,0,0,0,-20000,0,0,0,8000,28000,-20000,-20000
058623,國巨國票99購08  ,0,0,0,0,0,0,0,0,0,-20000,0,0,0,0,20000,-20000,-20000
058490,元黃金群益9B購01,0,0,0,0,0,0,0,0,0,-20000,0,0,0,0,20000,-20000,-20000
058467,日月光中信9A購01,0,0,0,0,0,0,0,0,0,-20000,0,0,0,10000,30000,-20000,-20000
056625,致伸永豐98購01  ,0,0,0,0,0,0,0,0,0,-20000,0,0,0,0,20000,-20000,-20000
05660P,玉晶光第一96售01,0,0,0,0,0,0,0,0,0,-20000,0,0,0,0,20000,-20000,-20000
059011,臺股指元大9A購30,0,0,0,0,0,0,0,0,0,-20000,0,0,0,0,20000,-20000,-20000
058933,FBVIX台新9B購01 ,0,0,0,0,0,0,0,0,0,-20000,0,0,0,0,20000,-20000,-20000
05875P,旺宏群益98售01  ,0,0,0,0,0,0,0,0,0,-20000,0,0,0,0,20000,-20000,-20000
057928,鈺齊凱基98購02  ,0,0,0,0,0,0,0,0,0,-20000,0,0,0,0,20000,-20000,-20000
058261,大立光富邦03購01,0,0,0,0,0,0,0,0,0,-20000,0,0,0,5000,25000,-20000,-20000
058324,嘉聯益永豐9A購01,0,0,0,0,0,0,0,0,0,-20000,0,0,0,6000,26000,-20000,-20000
058315,TPK富邦9C購01   ,0,0,0,0,0,0,0,0,0,-20000,0,0,0,0,20000,-20000,-20000
057797,大立光兆豐99購01,0,0,0,0,0,0,0,0,0,-20000,0,0,0,0,20000,-20000,-20000
057842,緯穎富邦99購02  ,0,0,0,0,0,0,0,0,0,-20000,0,0,0,0,20000,-20000,-20000
058205,神達凱基9B購01  ,0,0,0,0,0,0,0,0,0,-20000,0,0,0,0,20000,-20000,-20000
056200,大毅永豐98購01  ,0,0,0,0,0,0,0,0,0,-20000,0,0,0,0,20000,-20000,-20000
057287,彩晶元大9C購03  ,0,0,0,0,0,0,0,0,0,-20000,0,0,0,0,20000,-20000,-20000
057399,滬深反群益9C購01,0,0,0,0,0,0,0,0,0,-20000,0,0,0,0,20000,-20000,-20000
057077,國巨統一98購06  ,0,0,0,0,0,0,0,0,0,-20000,0,0,0,0,20000,-20000,-20000
057994,技嘉中信98購01  ,0,0,0,0,0,0,0,0,0,-20000,0,0,0,0,20000,-20000,-20000
056927,T50反1台新02購01,0,0,0,0,0,0,0,0,0,-20000,0,0,0,0,20000,-20000,-20000
059090,台新金元大99購01,0,0,0,0,0,0,0,0,0,-20000,0,0,0,68000,88000,-20000,-20000
059512,晶豪科永豐99購02,0,0,0,0,0,0,0,0,0,-20000,0,0,0,0,20000,-20000,-20000
059805,台積電元富99購02,0,0,0,0,0,0,0,0,0,-20000,0,0,0,110000,130000,-20000,-20000
059443,嘉聯益元大9B購01,0,0,0,0,0,0,0,0,0,-20000,0,0,0,4000,24000,-20000,-20000
059401,牧德元富99購01  ,0,0,0,0,0,0,0,0,0,-20000,0,0,0,11000,31000,-20000,-20000
059500,鴻海元富99購11  ,0,0,0,0,0,0,0,0,0,-20000,0,0,0,6000,26000,-20000,-20000
059289,瑞昱元富99購01  ,0,0,0,0,0,0,0,0,0,-20000,0,0,0,46000,66000,-20000,-20000
059705,華新科凱基9A購07,0,0,0,0,0,0,0,0,0,-20000,0,0,0,0,20000,-20000,-20000
059713,滬深2X元大9C購04,0,0,0,0,0,0,0,0,0,-20000,0,0,0,0,20000,-20000,-20000
05964P,華通凱基96售06  ,0,0,0,0,0,0,0,0,0,-20000,0,0,0,0,20000,-20000,-20000
059998,華航元富99購02  ,0,0,0,0,0,0,0,0,0,-20000,0,0,0,40000,60000,-20000,-20000
059964,元金2X凱基99購02,0,0,0,0,0,0,0,0,0,-20000,0,0,0,10000,30000,-20000,-20000
2538,基泰            ,23000,43000,-20000,0,0,0,0,0,0,0,0,0,0,0,0,0,-20000
5519,隆大            ,5000,25000,-20000,0,0,0,0,0,0,0,0,0,0,0,0,0,-20000
9908,大台北          ,13000,33000,-20000,0,0,0,0,0,0,0,0,0,0,0,0,0,-20000
3008,大立光          ,210419,241492,-31073,0,0,0,19000,2000,17000,-6000,0,0,0,0,6000,-6000,-20073
07533P,臺股指中信9C售04,0,0,0,0,0,0,0,0,0,-21000,0,0,0,0,21000,-21000,-21000
07760P,力山永豐9A售03  ,0,0,0,0,0,0,0,0,0,-21000,0,0,0,10000,31000,-21000,-21000
07408P,台積電兆豐99售06,0,0,0,0,0,0,0,0,0,-21000,0,0,0,30000,51000,-21000,-21000
07084P,S&P正2元富9B售02,0,0,0,0,0,0,0,0,0,-21000,0,0,0,0,21000,-21000,-21000
06843P,鴻海元大98售11  ,0,0,0,0,0,0,0,0,0,-21000,0,0,0,15000,36000,-21000,-21000
06578P,華新科國票98售02,0,0,0,0,0,0,0,0,0,-21000,0,0,0,0,21000,-21000,-21000
060393,泰鼎群益9A購01  ,0,0,0,0,0,0,0,0,0,-21000,0,0,0,24000,45000,-21000,-21000
060641,聯鈞永豐9A購01  ,0,0,0,0,0,0,0,0,0,-21000,0,0,0,25000,46000,-21000,-21000
060161,牧德永豐9A購02  ,0,0,0,0,0,0,0,0,0,-21000,0,0,0,13000,34000,-21000,-21000
060147,臺股指國票9A購07,0,0,0,0,0,0,0,0,0,-21000,0,0,0,2000,23000,-21000,-21000
060792,信錦永豐9A購01  ,0,0,0,0,0,0,0,0,0,-21000,0,0,0,23000,44000,-21000,-21000
061071,復盛凱基9A購01  ,0,0,0,0,0,0,0,0,0,-21000,0,0,0,0,21000,-21000,-21000
061076,台達電兆豐9A購01,0,0,0,0,0,0,0,0,0,-21000,0,0,0,104000,125000,-21000,-21000
061398,力成中信9A購01  ,0,0,0,0,0,0,0,0,0,-21000,0,0,0,0,21000,-21000,-21000
061256,亞德客凱基9B購01,0,0,0,0,0,0,0,0,0,-21000,0,0,0,1000,22000,-21000,-21000
05201P,玉晶光國泰97售02,0,0,0,0,0,0,0,0,0,-21000,0,0,0,0,21000,-21000,-21000
052378,矽力元大96購01  ,0,0,0,0,0,0,0,0,0,-21000,0,0,0,16000,37000,-21000,-21000
049369,義隆元大95購01  ,0,0,0,0,0,0,0,0,0,-21000,0,0,0,0,21000,-21000,-21000
049946,智邦兆豐95購01  ,0,0,0,0,0,0,0,0,0,-21000,0,0,0,10000,31000,-21000,-21000
050515,聯電元大96購01  ,0,35000,-35000,0,0,0,0,0,0,14000,0,0,0,44000,30000,14000,-21000
059377,台積電群益99購09,0,0,0,0,0,0,0,0,0,-21000,0,0,0,56000,77000,-21000,-21000
057161,亞德客元大98購02,0,0,0,0,0,0,0,0,0,-21000,0,0,0,58000,79000,-21000,-21000
057150,貿聯國票99購02  ,0,0,0,0,0,0,0,0,0,-21000,0,0,0,0,21000,-21000,-21000
059143,國巨國票9A購04  ,0,0,0,0,0,0,0,0,0,-21000,0,0,0,55000,76000,-21000,-21000
057424,訊芯凱基98購04  ,0,0,0,0,0,0,0,0,0,-21000,0,0,0,0,21000,-21000,-21000
059248,華新科凱基99購04,0,0,0,0,0,0,0,0,0,-21000,0,0,0,514000,535000,-21000,-21000
056195,群創富邦98購01  ,0,0,0,0,0,0,0,0,0,-21000,0,0,0,0,21000,-21000,-21000
058185,國巨永豐99購01  ,0,0,0,0,0,0,0,0,0,-21000,0,0,0,30000,51000,-21000,-21000
058118,瑞昱群益99購01  ,0,0,0,0,0,0,0,0,0,-21000,0,0,0,19000,40000,-21000,-21000
057940,和大國票99購01  ,0,0,0,0,0,0,0,0,0,-21000,0,0,0,9000,30000,-21000,-21000
058341,T50反1群益99購01,0,0,0,0,0,0,0,0,0,-21000,0,0,0,160000,181000,-21000,-21000
3004,豐達科          ,11000,32000,-21000,0,0,0,0,0,0,0,0,0,0,0,0,0,-21000
4164,承業醫          ,7000,30000,-23000,0,0,0,0,0,0,2000,2000,0,2000,0,0,0,-21000
3028,增你強          ,4000,25000,-21000,0,0,0,0,0,0,0,0,0,0,0,0,0,-21000
9902,台火            ,0,21000,-21000,0,0,0,0,0,0,0,0,0,0,0,0,0,-21000
5388,中磊            ,160000,114000,46000,0,0,0,0,63000,-63000,-4000,2000,1000,1000,0,5000,-5000,-21000
061435,元金2X凱基9C購03,0,0,0,0,0,0,0,0,0,-22000,0,0,0,0,22000,-22000,-22000
061036,晶技永豐9A購03  ,20000,0,20000,0,0,0,0,0,0,-42000,0,0,0,80000,122000,-42000,-22000
060066,欣興兆豐9B購01  ,0,0,0,0,0,0,0,0,0,-22000,0,0,0,28000,50000,-22000,-22000
060229,楠梓電元大9C購01,0,0,0,0,0,0,0,0,0,-22000,0,0,0,38000,60000,-22000,-22000
060560,欣興國泰9C購01  ,0,0,0,0,0,0,0,0,0,-22000,0,0,0,8000,30000,-22000,-22000
060401,世紀鋼國票9B購01,0,0,0,0,0,0,0,0,0,-22000,0,0,0,498000,520000,-22000,-22000
060414,中興電永豐9A購01,0,0,0,0,0,0,0,0,0,-22000,0,0,0,0,22000,-22000,-22000
06284P,台積電國票98售03,0,0,0,0,0,0,0,0,0,-22000,0,0,0,8000,30000,-22000,-22000
07686P,祥碩凱基9A售02  ,0,0,0,0,0,0,0,0,0,-22000,0,0,0,0,22000,-22000,-22000
1560,中砂            ,4000,20000,-16000,0,0,0,0,1000,-1000,-5000,0,5000,-5000,0,0,0,-22000
03443B,臺股指凱基9A熊27,0,0,0,0,0,0,0,0,0,-22000,0,0,0,0,22000,-22000,-22000
052231,景碩凱基96購01  ,0,0,0,0,0,0,0,0,0,-22000,0,0,0,9000,31000,-22000,-22000
051970,元黃金凱基98購01,0,0,0,0,0,0,0,0,0,-22000,0,0,0,0,22000,-22000,-22000
053713,漢唐凱基96購04  ,0,0,0,0,0,0,0,0,0,-22000,0,0,0,48000,70000,-22000,-22000
053658,亞光凱基96購01  ,0,0,0,0,0,0,0,0,0,-22000,0,0,0,0,22000,-22000,-22000
056110,嘉聯益永豐97購02,0,0,0,0,0,0,0,0,0,-22000,0,0,0,30000,52000,-22000,-22000
056144,GIS元大98購01   ,0,0,0,0,0,0,0,0,0,-22000,0,0,0,123000,145000,-22000,-22000
054969,亞翔元大97購01  ,0,0,0,0,0,0,0,0,0,-22000,0,0,0,0,22000,-22000,-22000
052969,建準群益97購01  ,0,0,0,0,0,0,0,0,0,-22000,0,0,0,60000,82000,-22000,-22000
055565,祥碩凱基97購01  ,0,0,0,0,0,0,0,0,0,-22000,0,0,0,0,22000,-22000,-22000
055305,旺宏群益99購01  ,0,0,0,0,0,0,0,0,0,-22000,0,0,0,6000,28000,-22000,-22000
055806,致新永豐97購02  ,0,0,0,0,0,0,0,0,0,-22000,0,0,0,20000,42000,-22000,-22000
05843P,台積電元大96售16,0,0,0,0,0,0,0,0,0,-22000,0,0,0,20000,42000,-22000,-22000
058647,華新科永豐99購03,0,0,0,0,0,0,0,0,0,-22000,0,0,0,0,22000,-22000,-22000
056235,鴻海群益97購07  ,0,0,0,0,0,0,0,0,0,-22000,0,0,0,0,22000,-22000,-22000
056563,華新科群益98購04,0,0,0,0,0,0,0,0,0,-22000,0,0,0,10000,32000,-22000,-22000
059194,元金2X永豐99購01,0,0,0,0,0,0,0,0,0,-22000,0,0,0,7000,29000,-22000,-22000
057363,華通元大99購02  ,0,0,0,0,0,0,0,0,0,-22000,0,0,0,12000,34000,-22000,-22000
059130,台灣50群益9B購05,0,0,0,0,0,0,0,0,0,-22000,0,0,0,0,22000,-22000,-22000
059347,京鼎凱基99購02  ,0,0,0,0,0,0,0,0,0,-22000,0,0,0,106000,128000,-22000,-22000
059493,國巨國票9B購01  ,0,0,0,0,0,0,0,0,0,-22000,0,0,0,46000,68000,-22000,-22000
059569,旺宏凱基99購09  ,0,0,0,0,0,0,0,0,0,-22000,0,0,0,0,22000,-22000,-22000
059577,旺宏元富99購04  ,0,0,0,0,0,0,0,0,0,-22000,0,0,0,0,22000,-22000,-22000
060031,旭富永豐99購02  ,0,0,0,0,0,0,0,0,0,-22000,0,0,0,68000,90000,-22000,-22000
3010,華立            ,11000,32000,-21000,0,0,0,0,1000,-1000,0,0,0,0,0,0,0,-22000
1604,聲寶            ,40000,61000,-21000,0,0,0,0,2000,-2000,0,0,0,0,0,0,0,-23000
07071P,立積元富99售01  ,0,0,0,0,0,0,0,0,0,-23000,0,0,0,55000,78000,-23000,-23000
057499,奇鋐群益98購01  ,0,0,0,0,0,0,0,0,0,-23000,0,0,0,132000,155000,-23000,-23000
052693,微星中信96購01  ,0,0,0,0,0,0,0,0,0,-23000,0,0,0,38000,61000,-23000,-23000
059299,欣興元富99購03  ,0,0,0,0,0,0,0,0,0,-23000,0,0,0,3000,26000,-23000,-23000
2727,王品            ,19000,42000,-23000,0,0,0,0,0,0,0,0,0,0,0,0,0,-23000
4190,佐登-KY         ,35000,20000,15000,0,0,0,0,40000,-40000,2000,0,0,0,6000,4000,2000,-23000
06533P,上証2X中信9B售01,0,0,0,0,0,0,0,0,0,-24000,0,0,0,6000,30000,-24000,-24000
1612,宏泰            ,26000,50000,-24000,0,0,0,0,0,0,0,0,0,0,0,0,0,-24000
2420,新巨            ,6000,30000,-24000,0,0,0,0,0,0,0,0,0,0,0,0,0,-24000
07695P,台郡元大9A售02  ,0,0,0,0,0,0,0,0,0,-24000,0,0,0,0,24000,-24000,-24000
07455P,聯發科元大9A售01,0,0,0,0,0,0,0,0,0,-24000,0,0,0,0,24000,-24000,-24000
060110,茂林元大99購06  ,0,0,0,0,0,0,0,0,0,-24000,0,0,0,92000,116000,-24000,-24000
060200,同欣電元富9A購01,0,0,0,0,0,0,0,0,0,-24000,0,0,0,275000,299000,-24000,-24000
060219,聯發科凱基9A購09,0,0,0,0,0,0,0,0,0,-24000,0,0,0,2000,26000,-24000,-24000
052132,旺宏凱基9B購01  ,0,0,0,0,0,0,0,0,0,-24000,0,0,0,6000,30000,-24000,-24000
05024P,華通國票96售01  ,0,0,0,0,0,0,0,0,0,-24000,0,0,0,206000,230000,-24000,-24000
055813,聯發科國票98購04,0,0,0,0,0,0,0,0,0,-24000,0,0,0,24000,48000,-24000,-24000
055559,大立光凱基97購09,0,0,0,0,0,0,0,0,0,-24000,0,0,0,0,24000,-24000,-24000
055458,燿華永豐98購01  ,0,0,0,0,0,0,0,0,0,-24000,0,0,0,37000,61000,-24000,-24000
060028,國揚永豐99購01  ,0,0,0,0,0,0,0,0,0,-24000,0,0,0,0,24000,-24000,-24000
056455,群創凱基9A購01  ,0,0,0,0,0,0,0,0,0,-24000,0,0,0,0,24000,-24000,-24000
057642,南亞科元大98購07,0,0,0,0,0,0,0,0,0,-24000,0,0,0,20000,44000,-24000,-24000
059037,宏達電群益99購02,0,0,0,0,0,0,0,0,0,-24000,0,0,0,0,24000,-24000,-24000
3454,晶睿            ,19000,43000,-24000,0,0,0,0,0,0,0,0,0,0,0,0,0,-24000
2476,鉅祥            ,31000,55000,-24000,0,0,0,0,0,0,0,0,0,0,0,0,0,-24000
060057,欣興凱基9B購01  ,0,0,0,0,0,0,0,0,0,-25000,0,0,0,30000,55000,-25000,-25000
060084,聯電元大99購02  ,0,0,0,0,0,0,0,0,0,-25000,0,0,0,40000,65000,-25000,-25000
060602,京元電凱基9A購01,0,0,0,0,0,0,0,0,0,-25000,0,0,0,5000,30000,-25000,-25000
060653,全新群益9A購02  ,0,0,0,0,0,0,0,0,0,-25000,0,0,0,29000,54000,-25000,-25000
061003,南亞科兆豐9A購01,0,0,0,0,0,0,0,0,0,-25000,0,0,0,54000,79000,-25000,-25000
060984,南亞科元大9A購07,0,0,0,0,0,0,0,0,0,-25000,0,0,0,0,25000,-25000,-25000
060833,道瓊反國票9A購01,0,0,0,0,0,0,0,0,0,-25000,0,0,0,224000,249000,-25000,-25000
061087,國巨統一01購04  ,0,0,0,0,0,0,0,0,0,-25000,0,0,0,0,25000,-25000,-25000
1503,士電            ,0,23000,-23000,0,0,0,0,0,0,-2000,0,2000,-2000,0,0,0,-25000
06595P,祥碩元大98售03  ,0,0,0,0,0,0,0,0,0,-25000,0,0,0,0,25000,-25000,-25000
06853P,華擎元富98售03  ,0,0,0,0,0,0,0,0,0,-25000,0,0,0,0,25000,-25000,-25000
07378P,大立光元大99售29,0,0,0,0,0,0,0,0,0,-25000,0,0,0,0,25000,-25000,-25000
054484,仁寶台新96購01  ,0,0,0,0,0,0,0,0,0,-25000,0,0,0,0,25000,-25000,-25000
055958,台光電元大97購02,0,0,0,0,0,0,0,0,0,-25000,0,0,0,0,25000,-25000,-25000
050673,旺宏富邦96購02  ,0,0,0,0,0,0,0,0,0,-25000,0,0,0,15000,40000,-25000,-25000
048785,台積電元大96購01,0,0,0,0,0,0,0,0,0,-25000,0,0,0,230000,255000,-25000,-25000
052821,晶技永豐96購01  ,0,0,0,0,0,0,0,0,0,-25000,0,0,0,1000,26000,-25000,-25000
053761,健策國泰98購01  ,0,0,0,0,0,0,0,0,0,-25000,0,0,0,10000,35000,-25000,-25000
053745,康友國票97購01  ,0,0,0,0,0,0,0,0,0,-25000,0,0,0,90000,115000,-25000,-25000
054185,喬山永豐96購02  ,0,0,0,0,0,0,0,0,0,-25000,0,0,0,0,25000,-25000,-25000
058632,世紀鋼國票9A購01,0,0,0,0,0,0,0,0,0,-25000,0,0,0,0,25000,-25000,-25000
058732,矽格永豐99購01  ,0,0,0,0,0,0,0,0,0,-25000,0,0,0,35000,60000,-25000,-25000
057738,旺宏富邦9A購01  ,0,0,0,0,0,0,0,0,0,-25000,0,0,0,10000,35000,-25000,-25000
058182,日電貿國泰9A購01,0,0,0,0,0,0,0,0,0,-25000,0,0,0,0,25000,-25000,-25000
058829,華新科永豐99購04,0,0,0,0,0,0,0,0,0,-25000,0,0,0,15000,40000,-25000,-25000
056527,大成鋼凱基98購03,0,0,0,0,0,0,0,0,0,-25000,0,0,0,0,25000,-25000,-25000
057809,英業達元大98購01,0,0,0,0,0,0,0,0,0,-25000,0,0,0,77000,102000,-25000,-25000
059349,台郡凱基99購04  ,0,0,0,0,0,0,0,0,0,-25000,0,0,0,37000,62000,-25000,-25000
059619,台積電日盛9A購04,0,0,0,0,0,0,0,0,0,-25000,0,0,0,50000,75000,-25000,-25000
059542,聯發科亞東99購01,0,0,0,0,0,0,0,0,0,-25000,0,0,0,0,25000,-25000,-25000
057165,國巨元大99購05  ,0,0,0,0,0,0,0,0,0,-25000,0,0,0,0,25000,-25000,-25000
057056,立積元大99購02  ,0,0,0,0,0,0,0,0,0,-25000,0,0,0,6000,31000,-25000,-25000
3311,閎暉            ,9000,34000,-25000,0,0,0,0,0,0,0,0,0,0,0,0,0,-25000
9924,福興            ,14000,38000,-24000,0,0,0,0,0,0,-1000,0,0,0,0,1000,-1000,-25000
1538,正峰新          ,0,25686,-25686,0,0,0,0,0,0,0,0,0,0,0,0,0,-25686
07255P,國巨凱基99售15  ,0,0,0,0,0,0,0,0,0,-26000,0,0,0,49000,75000,-26000,-26000
061335,國巨元大9A購19  ,0,0,0,0,0,0,0,0,0,-26000,0,0,0,25000,51000,-26000,-26000
060817,華邦電台新9A購01,0,0,0,0,0,0,0,0,0,-26000,0,0,0,2000,28000,-26000,-26000
060905,台積電元大9A購20,0,0,0,0,0,0,0,0,0,-26000,0,0,0,65000,91000,-26000,-26000
060316,福懋科永豐9A購01,0,0,0,0,0,0,0,0,0,-26000,0,0,0,26000,52000,-26000,-26000
060344,聯發科統一01購01,0,0,0,0,0,0,0,0,0,-26000,0,0,0,1000,27000,-26000,-26000
02001R,富邦蘋果反一N   ,0,0,0,0,0,0,0,0,0,-26000,0,0,0,0,26000,-26000,-26000
055594,華新科元大98購02,0,0,0,0,0,0,0,0,0,-26000,0,0,0,3000,29000,-26000,-26000
057054,立積元大98購03  ,0,0,0,0,0,0,0,0,0,-26000,0,0,0,49000,75000,-26000,-26000
057164,國巨元大98購14  ,0,0,0,0,0,0,0,0,0,-26000,0,0,0,0,26000,-26000,-26000
056796,國巨麥證98購02  ,0,0,0,0,26000,-26000,0,0,0,-26000,0,0,0,0,26000,-26000,-26000
059041,南茂群益99購02  ,0,0,0,0,0,0,0,0,0,-26000,0,0,0,84000,110000,-26000,-26000
059842,台積電富邦9C購05,0,0,0,0,0,0,0,0,0,-26000,0,0,0,0,26000,-26000,-26000
059656,T50反1元大99購11,0,0,0,0,0,0,0,0,0,-26000,0,0,0,72000,98000,-26000,-26000
05990P,台積電群益96售13,0,0,0,0,0,0,0,0,0,-26000,0,0,0,37000,63000,-26000,-26000
05884P,旺宏統一96售01  ,0,0,0,0,0,0,0,0,0,-26000,0,0,0,5000,31000,-26000,-26000
058081,技嘉群益9A購03  ,0,0,0,0,0,0,0,0,0,-26000,0,0,0,4000,30000,-26000,-26000
058357,智邦凱基99購02  ,0,0,0,0,0,0,0,0,0,-26000,0,0,0,10000,36000,-26000,-26000
4976,佳凌            ,22000,48000,-26000,0,0,0,0,0,0,0,0,0,0,0,0,0,-26000
060275,元黃金元大9A購01,0,0,0,0,0,0,0,0,0,-27000,0,0,0,5000,32000,-27000,-27000
060915,旭富元大9A購01  ,0,0,0,0,0,0,0,0,0,-27000,0,0,0,238000,265000,-27000,-27000
060998,華通兆豐9A購01  ,0,0,0,0,0,0,0,0,0,-27000,0,0,0,3000,30000,-27000,-27000
061032,金像電永豐9A購03,0,0,0,0,0,0,0,0,0,-27000,0,0,0,43000,70000,-27000,-27000
060774,南亞科凱基9A購01,0,0,0,0,0,0,0,0,0,-27000,0,0,0,0,27000,-27000,-27000
07233P,台灣50元大99售04,0,0,0,0,0,0,0,0,0,-27000,0,0,0,3000,30000,-27000,-27000
07350P,台灣50國票99售11,0,0,0,0,0,0,0,0,0,-27000,0,0,0,3000,30000,-27000,-27000
07713P,台郡元大9A售03  ,0,0,0,0,0,0,0,0,0,-27000,0,0,0,0,27000,-27000,-27000
055229,大毅國票97購02  ,0,0,0,0,0,0,0,0,0,-27000,0,0,0,4000,31000,-27000,-27000
00636,國泰中國A50     ,1000,37000,-36000,0,0,0,0,0,0,9000,0,0,0,263000,254000,9000,-27000
00675L,富邦臺灣加權正2 ,0,0,0,0,0,0,0,0,0,-27000,0,0,0,125000,152000,-27000,-27000
053768,S&P反1元大99購01,0,0,0,0,0,0,0,0,0,-27000,0,0,0,30000,57000,-27000,-27000
052276,力成群益96購01  ,0,0,0,0,0,0,0,0,0,-27000,0,0,0,16000,43000,-27000,-27000
058630,日月光國票9A購01,0,0,0,0,0,0,0,0,0,-27000,0,0,0,0,27000,-27000,-27000
058947,SGBR2X群益9B購02,0,0,0,0,0,0,0,0,0,-27000,0,0,0,23000,50000,-27000,-27000
058318,致茂永豐9A購01  ,0,0,0,0,0,0,0,0,0,-27000,0,0,0,0,27000,-27000,-27000
057766,矽力凱基98購03  ,0,0,0,0,0,0,0,0,0,-27000,0,0,0,22000,49000,-27000,-27000
059685,T50正2永豐99購02,0,0,0,0,0,0,0,0,0,-27000,0,0,0,3000,30000,-27000,-27000
059055,旺宏凱基9B購02  ,0,0,0,0,0,0,0,0,0,-27000,0,0,0,0,27000,-27000,-27000
057141,嘉聯益兆豐99購01,0,0,0,0,0,0,0,0,0,-27000,0,0,0,28000,55000,-27000,-27000
057057,立積元大9A購01  ,0,0,0,0,0,0,0,0,0,-27000,0,0,0,9000,36000,-27000,-27000
5608,四維航          ,7000,34000,-27000,0,0,0,0,0,0,0,0,0,0,0,0,0,-27000
1219,福壽            ,1000,29000,-28000,0,0,0,0,0,0,0,0,0,0,0,0,0,-28000
07457P,宏達電元大9A售01,0,0,0,0,0,0,0,0,0,-28000,0,0,0,33000,61000,-28000,-28000
1702,南僑            ,50000,79000,-29000,0,0,0,0,1000,-1000,2000,2000,0,2000,0,0,0,-28000
2450,神腦            ,11000,38000,-27000,0,0,0,0,0,0,-1000,0,1000,-1000,0,0,0,-28000
06673P,大立光群益98售01,0,0,0,0,0,0,0,0,0,-28000,0,0,0,0,28000,-28000,-28000
06523P,台積電麥證98售02,0,0,0,0,28000,-28000,0,0,0,-28000,0,0,0,0,28000,-28000,-28000
06208P,台郡凱基97售03  ,0,0,0,0,0,0,0,0,0,-28000,0,0,0,22000,50000,-28000,-28000
061389,華新科群益9B購01,0,0,0,0,0,0,0,0,0,-28000,0,0,0,2000,30000,-28000,-28000
060287,燿華元大9A購01  ,0,0,0,0,0,0,0,0,0,-28000,0,0,0,63000,91000,-28000,-28000
060701,玉晶光國泰9C購01,0,0,0,0,0,0,0,0,0,-28000,0,0,0,10000,38000,-28000,-28000
05250P,臻鼎國票96售01  ,0,0,0,0,0,0,0,0,0,-28000,0,0,0,32000,60000,-28000,-28000
054074,健策富邦98購01  ,0,0,0,0,0,0,0,0,0,-28000,0,0,0,85000,113000,-28000,-28000
04927P,大立光凱基95售06,0,0,0,0,0,0,0,0,0,-28000,0,0,0,0,28000,-28000,-28000
03440B,臺股指元大9B熊02,0,0,0,0,0,0,0,0,0,-28000,0,0,0,1015000,1043000,-28000,-28000
057232,京元電凱基98購02,0,0,0,0,0,0,0,0,0,-28000,0,0,0,0,28000,-28000,-28000
059474,元石油群益99購01,0,0,0,0,0,0,0,0,0,-28000,0,0,0,19000,47000,-28000,-28000
059397,T50反1元富99購05,0,0,0,0,0,0,0,0,0,-28000,0,0,0,42000,70000,-28000,-28000
059434,全新元大99購05  ,0,0,0,0,0,0,0,0,0,-28000,0,0,0,5000,33000,-28000,-28000
057773,技嘉群益9A購02  ,0,0,0,0,0,0,0,0,0,-28000,0,0,0,5000,33000,-28000,-28000
058086,鴻海元大98購14  ,0,0,0,0,0,0,0,0,0,-28000,0,0,0,0,28000,-28000,-28000
4536,拓凱            ,5000,33000,-28000,0,0,0,0,0,0,0,0,0,0,0,0,0,-28000
060462,鴻海元大9A購10  ,0,0,0,0,0,0,0,0,0,-29000,0,0,0,20000,49000,-29000,-29000
060533,臺股指中信9B購05,0,0,0,0,0,0,0,0,0,-29000,0,0,0,1000,30000,-29000,-29000
061111,台表科元大9A購02,0,0,0,0,0,0,0,0,0,-29000,0,0,0,1000,30000,-29000,-29000
061171,大立光麥證9A購01,0,0,0,0,29000,-29000,0,0,0,-29000,0,0,0,0,29000,-29000,-29000
06677P,牧德國票98售02  ,0,0,0,0,0,0,0,0,0,-29000,0,0,0,229000,258000,-29000,-29000
07284P,大立光凱基99售10,0,0,0,0,0,0,0,0,0,-29000,0,0,0,5000,34000,-29000,-29000
07300P,臺股指元大9A售33,0,0,0,0,0,0,0,0,0,-29000,0,0,0,0,29000,-29000,-29000
07114P,旺宏兆豐9A售01  ,0,0,0,0,0,0,0,0,0,-29000,0,0,0,3000,32000,-29000,-29000
2062,橋椿            ,17000,46000,-29000,0,0,0,0,0,0,0,0,0,0,0,0,0,-29000
1730,花仙子          ,22000,51000,-29000,0,0,0,0,0,0,0,0,0,0,0,0,0,-29000
050138,台表科國票95購02,0,0,0,0,0,0,0,0,0,-29000,0,0,0,0,29000,-29000,-29000
055822,臺股指國票97購09,0,0,0,0,0,0,0,0,0,-29000,0,0,0,2000,31000,-29000,-29000
055844,大毅元大98購01  ,0,0,0,0,0,0,0,0,0,-29000,0,0,0,56000,85000,-29000,-29000
055715,智邦元大97購04  ,0,0,0,0,0,0,0,0,0,-29000,0,0,0,35000,64000,-29000,-29000
054625,旺宏凱基98購03  ,0,0,0,0,0,0,0,0,0,-29000,0,0,0,3000,32000,-29000,-29000
058942,南茂中信99購01  ,0,0,0,0,0,0,0,0,0,-29000,0,0,0,14000,43000,-29000,-29000
059594,奇力新元大9B購01,0,0,0,0,0,0,0,0,0,-29000,0,0,0,26000,55000,-29000,-29000
057147,新日興國票99購01,0,0,0,0,0,0,0,0,0,-29000,0,0,0,9000,38000,-29000,-29000
2929,淘帝-KY         ,29000,58000,-29000,0,0,0,0,0,0,0,0,0,0,0,0,0,-29000
1905,華紙            ,101000,131000,-30000,0,0,0,0,0,0,0,0,0,0,0,0,0,-30000
2331,精英            ,15000,45000,-30000,0,0,0,0,0,0,0,0,0,0,0,0,0,-30000
07304P,臺股指元大9A售37,0,0,0,0,0,0,0,0,0,-30000,0,0,0,176000,206000,-30000,-30000
07342P,大立光凱基99售14,0,0,0,0,0,0,0,0,0,-30000,0,0,0,20000,50000,-30000,-30000
06386P,欣興永豐97售03  ,0,0,0,0,0,0,0,0,0,-30000,0,0,0,6000,36000,-30000,-30000
06489P,台積電元富98售06,0,0,0,0,0,0,0,0,0,-30000,0,0,0,1539000,1569000,-30000,-30000
061362,台塑國票9B購01  ,0,0,0,0,0,0,0,0,0,-30000,0,0,0,0,30000,-30000,-30000
060829,T50反1國票9A購06,0,0,0,0,0,0,0,0,0,-30000,0,0,0,20000,50000,-30000,-30000
060940,國巨國票9B購03  ,0,0,0,0,0,0,0,0,0,-30000,0,0,0,2000,32000,-30000,-30000
060619,玉晶光元大9A購03,0,0,0,0,0,0,0,0,0,-30000,0,0,0,80000,110000,-30000,-30000
060623,玉晶光元大9C購01,0,0,0,0,0,0,0,0,0,-30000,0,0,0,6000,36000,-30000,-30000
060323,華通群益9C購01  ,0,0,0,0,0,0,0,0,0,-30000,0,0,0,101000,131000,-30000,-30000
052980,上銀元大96購03  ,0,0,0,0,0,0,0,0,0,-30000,0,0,0,0,30000,-30000,-30000
052941,康控兆豐97購01  ,0,0,0,0,0,0,0,0,0,-30000,0,0,0,0,30000,-30000,-30000
055654,景碩元富97購01  ,0,0,0,0,0,0,0,0,0,-30000,0,0,0,0,30000,-30000,-30000
05581P,華新科凱基96售07,0,0,0,0,0,0,0,0,0,-30000,0,0,0,0,30000,-30000,-30000
055264,國巨永豐98購01  ,0,0,0,0,0,0,0,0,0,-30000,0,0,0,0,30000,-30000,-30000
055426,旺宏群益99購02  ,0,0,0,0,0,0,0,0,0,-30000,0,0,0,10000,40000,-30000,-30000
055476,台郡凱基97購02  ,0,0,0,0,0,0,0,0,0,-30000,0,0,0,0,30000,-30000,-30000
057477,智邦元大98購09  ,0,0,0,0,0,0,0,0,0,-30000,0,0,0,4000,34000,-30000,-30000
058005,茂林群益98購04  ,0,0,0,0,0,0,0,0,0,-30000,0,0,0,0,30000,-30000,-30000
058058,大立光元富9B購02,0,0,0,0,0,0,0,0,0,-30000,0,0,0,160000,190000,-30000,-30000
05500P,臺股指中信96售04,0,0,0,0,0,0,0,0,0,-30000,0,0,0,101000,131000,-30000,-30000
055063,玉晶光永豐99購01,0,0,0,0,0,0,0,0,0,-30000,0,0,0,0,30000,-30000,-30000
055047,南港永豐97購01  ,0,0,0,0,0,0,0,0,0,-30000,0,0,0,0,30000,-30000,-30000
053158,茂林元大96購01  ,0,0,0,0,0,0,0,0,0,-30000,0,0,0,0,30000,-30000,-30000
05513P,玉山金台新96售01,0,0,0,0,0,0,0,0,0,-30000,0,0,0,0,30000,-30000,-30000
055127,台虹兆豐97購01  ,0,0,0,0,0,0,0,0,0,-30000,0,0,0,30000,60000,-30000,-30000
053415,聯茂國票97購01  ,0,0,0,0,0,0,0,0,0,-30000,0,0,0,0,30000,-30000,-30000
052731,宏達電國泰98購01,0,0,0,0,0,0,0,0,0,-30000,0,0,0,0,30000,-30000,-30000
05206P,南茂元大95售01  ,0,0,0,0,0,0,0,0,0,-30000,0,0,0,0,30000,-30000,-30000
051798,國巨永豐95購03  ,0,0,0,0,0,0,0,0,0,-30000,0,0,0,0,30000,-30000,-30000
051675,瑞儀元大96購02  ,0,0,0,0,0,0,0,0,0,-30000,0,0,0,0,30000,-30000,-30000
048414,滬深2X統一98購01,0,0,0,0,0,0,0,0,0,-30000,0,0,0,0,30000,-30000,-30000
050829,臻鼎凱基96購01  ,0,0,0,0,0,0,0,0,0,-30000,0,0,0,0,30000,-30000,-30000
05088P,大立光富邦99售01,0,0,0,0,0,0,0,0,0,-30000,0,0,0,0,30000,-30000,-30000
051403,玉晶光永豐95購05,0,0,0,0,0,0,0,0,0,-30000,0,0,0,10000,40000,-30000,-30000
049117,矽格統一96購01  ,0,0,0,0,0,0,0,0,0,-30000,0,0,0,0,30000,-30000,-30000
059214,國巨元大99購20  ,0,0,0,0,0,0,0,0,0,-30000,0,0,0,55000,85000,-30000,-30000
057383,玉晶光富邦9A購01,0,0,0,0,0,0,0,0,0,-30000,0,0,0,0,30000,-30000,-30000
059529,華新科凱基9A購04,0,0,0,0,0,0,0,0,0,-30000,0,0,0,0,30000,-30000,-30000
059435,大立光元大99購17,0,0,0,0,0,0,0,0,0,-30000,0,0,0,0,30000,-30000,-30000
059337,台灣50凱基9C購05,0,0,0,0,0,0,0,0,0,-30000,0,0,0,0,30000,-30000,-30000
059692,聯詠永豐99購01  ,0,0,0,0,0,0,0,0,0,-30000,0,0,0,0,30000,-30000,-30000
059731,康控元大99購04  ,0,0,0,0,0,0,0,0,0,-30000,0,0,0,0,30000,-30000,-30000
058930,華新科統一9B購01,0,0,0,0,0,0,0,0,0,-30000,0,0,0,0,30000,-30000,-30000
058704,台積電元大99購17,0,0,0,0,0,0,0,0,0,-30000,0,0,0,20000,50000,-30000,-30000
059031,元石油中信03購01,0,0,0,0,0,0,0,0,0,-30000,0,0,0,10000,40000,-30000,-30000
056794,上銀麥證98購01  ,0,0,0,35000,65000,-30000,0,0,0,-30000,0,0,0,35000,65000,-30000,-30000
057957,嘉晶元大98購01  ,0,0,0,0,0,0,0,0,0,-30000,0,0,0,33000,63000,-30000,-30000
058730,玉晶光永豐9A購01,0,0,0,0,0,0,0,0,0,-30000,0,0,0,6000,36000,-30000,-30000
058603,台積電元大99購12,0,0,0,0,0,0,0,0,0,-30000,0,0,0,100000,130000,-30000,-30000
058117,元石油群益9B購02,0,0,0,0,0,0,0,0,0,-30000,0,0,0,0,30000,-30000,-30000
057607,旺宏台新98購02  ,0,0,0,0,0,0,0,0,0,-30000,0,0,0,0,30000,-30000,-30000
056414,國巨中信98購02  ,0,0,0,0,0,0,0,0,0,-30000,0,0,0,0,30000,-30000,-30000
057894,華通元富02購02  ,0,0,0,0,0,0,0,0,0,-30000,0,0,0,1000,31000,-30000,-30000
058856,新光金兆豐99購01,0,0,0,0,0,0,0,0,0,-30000,0,0,0,0,30000,-30000,-30000
058840,T50反1群益99購02,0,0,0,0,0,0,0,0,0,-30000,0,0,0,70000,100000,-30000,-30000
2477,美隆電          ,7000,37000,-30000,0,0,0,0,0,0,0,0,0,0,0,0,0,-30000
2509,全坤建          ,13000,43000,-30000,0,0,0,0,0,0,0,0,0,0,0,0,0,-30000
06037P,超眾國票98售02  ,0,0,0,0,0,0,0,0,0,-31000,0,0,0,0,31000,-31000,-31000
060250,台表科元大9A購01,0,0,0,0,0,0,0,0,0,-31000,0,0,0,30000,61000,-31000,-31000
060720,嘉聯益永豐9A購02,0,0,0,0,0,0,0,0,0,-31000,0,0,0,0,31000,-31000,-31000
061241,晶技兆豐9A購01  ,0,0,0,0,0,0,0,0,0,-31000,0,0,0,4000,35000,-31000,-31000
06461P,玉晶光國泰9A售01,0,0,0,0,0,0,0,0,0,-31000,0,0,0,0,31000,-31000,-31000
2029,盛餘            ,2000,33000,-31000,0,0,0,0,0,0,0,0,0,0,0,0,0,-31000
054962,玉晶光元大99購02,0,0,0,0,0,0,0,0,0,-31000,0,0,0,0,31000,-31000,-31000
055776,宏達電凱基98購02,0,0,0,0,0,0,0,0,0,-31000,0,0,0,20000,51000,-31000,-31000
057882,華通群益9A購03  ,0,0,0,0,0,0,0,0,0,-31000,0,0,0,0,31000,-31000,-31000
056292,統一元大97購01  ,0,0,0,0,0,0,0,0,0,-31000,0,0,0,1000,32000,-31000,-31000
056715,瀚宇博永豐98購01,0,0,0,0,0,0,0,0,0,-31000,0,0,0,61000,92000,-31000,-31000
058957,貿聯國票9A購01  ,0,0,0,0,0,0,0,0,0,-31000,0,0,0,47000,78000,-31000,-31000
059187,國巨富邦9B購02  ,0,0,0,0,0,0,0,0,0,-31000,0,0,0,155000,186000,-31000,-31000
059281,創意永豐99購02  ,0,0,0,0,0,0,0,0,0,-31000,0,0,0,10000,41000,-31000,-31000
056919,英業達兆豐98購01,0,0,0,0,0,0,0,0,0,-31000,0,0,0,20000,51000,-31000,-31000
056876,群創凱基98購11  ,0,0,0,0,0,0,0,0,0,-31000,0,0,0,0,31000,-31000,-31000
056892,旺宏元大9A購02  ,0,0,0,0,0,0,0,0,0,-31000,0,0,0,0,31000,-31000,-31000
4763,材料-KY         ,3000,41000,-38000,0,0,0,0,0,0,7000,12000,5000,7000,0,0,0,-31000
2905,三商            ,80995,110595,-29600,0,0,0,0,0,0,-2000,0,2000,-2000,0,0,0,-31600
07504P,聯詠元大9A售02  ,0,0,0,0,0,0,0,0,0,-32000,0,0,0,18000,50000,-32000,-32000
06928P,鴻海元大99售10  ,0,0,0,0,0,0,0,0,0,-32000,0,0,0,15000,47000,-32000,-32000
07403P,聯發科凱基99售21,0,0,0,0,0,0,0,0,0,-32000,0,0,0,3000,35000,-32000,-32000
060404,台勝科國泰9B購01,0,0,0,0,0,0,0,0,0,-32000,0,0,0,6000,38000,-32000,-32000
060130,瀚宇博永豐99購02,0,0,0,0,0,0,0,0,0,-32000,0,0,0,15000,47000,-32000,-32000
055381,茂林元大97購02  ,0,0,0,0,0,0,0,0,0,-32000,0,0,0,40000,72000,-32000,-32000
058053,上銀統一9B購01  ,0,0,0,0,0,0,0,0,0,-32000,0,0,0,0,32000,-32000,-32000
049488,智邦元大95購01  ,0,0,0,0,0,0,0,0,0,-32000,0,0,0,68000,100000,-32000,-32000
00702,國泰標普低波高息,5000,24000,-19000,0,0,0,0,0,0,-13000,0,0,0,0,13000,-13000,-32000
048748,國巨元富96購01  ,0,0,0,0,0,0,0,0,0,-32000,0,0,0,2000,34000,-32000,-32000
057162,上銀元大98購03  ,0,0,0,0,0,0,0,0,0,-32000,0,0,0,3000,35000,-32000,-32000
056984,嘉晶群益98購01  ,0,0,0,0,0,0,0,0,0,-32000,0,0,0,0,32000,-32000,-32000
059246,奇力新凱基9A購02,0,0,0,0,0,0,0,0,0,-32000,0,0,0,0,32000,-32000,-32000
059241,旺宏凱基99購07  ,0,0,0,0,0,0,0,0,0,-32000,0,0,0,54000,86000,-32000,-32000
059978,國巨元大99購29  ,0,0,0,0,0,0,0,0,0,-32000,0,0,0,21000,53000,-32000,-32000
059920,宏達電元大99購07,0,0,0,0,0,0,0,0,0,-32000,0,0,0,100000,132000,-32000,-32000
059024,大立光統一9B購04,0,0,0,0,0,0,0,0,0,-32000,0,0,0,3000,35000,-32000,-32000
058450,旺宏永豐99購01  ,0,0,0,0,0,0,0,0,0,-32000,0,0,0,8000,40000,-32000,-32000
058410,國巨兆豐99購03  ,0,0,0,0,0,0,0,0,0,-32000,0,0,0,10000,42000,-32000,-32000
057712,南亞科統一9A購01,0,0,0,0,0,0,0,0,0,-32000,0,0,0,69000,101000,-32000,-32000
2527,宏璟            ,3000,35000,-32000,0,0,0,0,0,0,0,0,0,0,0,0,0,-32000
6449,鈺邦            ,2000,33000,-31000,0,0,0,0,0,0,-1000,3000,4000,-1000,0,0,0,-32000
060306,台肥永豐9A購01  ,0,0,0,0,0,0,0,0,0,-33000,0,0,0,20000,53000,-33000,-33000
061370,晶技國泰9C購01  ,0,0,0,0,0,0,0,0,0,-33000,0,0,0,70000,103000,-33000,-33000
060874,中鋼中信02購01  ,0,0,0,0,0,0,0,0,0,-33000,0,0,0,0,33000,-33000,-33000
07148P,富邦金元大99售01,0,0,0,0,0,0,0,0,0,-33000,0,0,0,144000,177000,-33000,-33000
057273,智邦元大98購05  ,0,0,0,0,0,0,0,0,0,-33000,0,0,0,117000,150000,-33000,-33000
5607,遠雄港          ,75000,108425,-33425,0,0,0,0,0,0,0,0,0,0,0,0,0,-33425
07059P,華通國票9A售02  ,0,0,0,0,0,0,0,0,0,-34000,0,0,0,5000,39000,-34000,-34000
07649P,金像電永豐9A售02,0,0,0,0,0,0,0,0,0,-34000,0,0,0,30000,64000,-34000,-34000
1707,葡萄王          ,91000,136000,-45000,0,0,0,0,0,0,11000,12000,1000,11000,0,0,0,-34000
061366,台勝科國票9A購01,0,0,0,0,0,0,0,0,0,-34000,0,0,0,2000,36000,-34000,-34000
060375,葡萄王元富9A購01,0,0,0,0,0,0,0,0,0,-34000,0,0,0,82000,116000,-34000,-34000
060654,大毅群益9B購01  ,0,0,0,0,0,0,0,0,0,-34000,0,0,0,24000,58000,-34000,-34000
00753L,中信中國50正2   ,283000,98000,185000,0,0,0,0,0,0,-219000,0,0,0,619000,838000,-219000,-34000
052685,技嘉元大96購01  ,0,0,0,0,0,0,0,0,0,-34000,0,0,0,72000,106000,-34000,-34000
054076,義隆第一96購01  ,0,0,0,0,0,0,0,0,0,-34000,0,0,0,135000,169000,-34000,-34000
053773,上銀元大96購04  ,0,0,0,0,0,0,0,0,0,-34000,0,0,0,16000,50000,-34000,-34000
057284,新日興元大98購03,0,0,0,0,0,0,0,0,0,-34000,0,0,0,39000,73000,-34000,-34000
057672,茂林元大98購02  ,0,0,0,0,0,0,0,0,0,-34000,0,0,0,29000,63000,-34000,-34000
058078,景碩國票99購01  ,0,0,0,0,0,0,0,0,0,-34000,0,0,0,0,34000,-34000,-34000
3532,台勝科          ,150000,182000,-32000,0,0,0,0,0,0,-2000,0,1000,-1000,1000,2000,-1000,-34000
060680,玉晶光元大9C購03,0,0,0,0,0,0,0,0,0,-35000,0,0,0,30000,65000,-35000,-35000
060488,台灣50群益9C購01,0,0,0,0,0,0,0,0,0,-35000,0,0,0,34000,69000,-35000,-35000
060120,聯電富邦9B購01  ,0,0,0,0,0,0,0,0,0,-35000,0,0,0,72000,107000,-35000,-35000
060077,台積電台新9B購01,0,0,0,0,0,0,0,0,0,-35000,0,0,0,31000,66000,-35000,-35000
061186,牧德國泰9C購01  ,0,0,0,0,0,0,0,0,0,-35000,0,0,0,31000,66000,-35000,-35000
061204,國巨元大9A購16  ,0,0,0,0,0,0,0,0,0,-35000,0,0,0,96000,131000,-35000,-35000
061028,聚陽永豐9A購01  ,0,0,0,0,0,0,0,0,0,-35000,0,0,0,243000,278000,-35000,-35000
1808,潤隆            ,22000,55000,-33000,0,0,0,0,0,0,-2000,0,2000,-2000,0,0,0,-35000
07556P,玉晶光元大9A售08,0,0,0,0,0,0,0,0,0,-35000,0,0,0,18000,53000,-35000,-35000
07712P,茂林元大9A售03  ,0,0,0,0,0,0,0,0,0,-35000,0,0,0,0,35000,-35000,-35000
07355P,臺股指國票99售23,0,0,0,0,0,0,0,0,0,-35000,0,0,0,0,35000,-35000,-35000
07316P,長榮航康和99售01,0,0,0,0,0,0,0,0,0,-35000,0,0,0,5000,40000,-35000,-35000
051902,T50反1元大97購01,0,0,0,0,0,0,0,0,0,-35000,0,0,0,0,35000,-35000,-35000
055924,深中小群益9B購01,0,0,0,0,0,0,0,0,0,-35000,0,0,0,0,35000,-35000,-35000
057628,旺宏永豐98購02  ,0,0,0,0,0,0,0,0,0,-35000,0,0,0,10000,45000,-35000,-35000
056560,旺宏群益98購03  ,0,0,0,0,0,0,0,0,0,-35000,0,0,0,10000,45000,-35000,-35000
056453,禾伸堂凱基99購02,0,0,0,0,0,0,0,0,0,-35000,0,0,0,20000,55000,-35000,-35000
058660,樺漢中信9A購01  ,0,0,0,0,0,0,0,0,0,-35000,0,0,0,0,35000,-35000,-35000
058308,全新元大9B購01  ,0,0,0,0,0,0,0,0,0,-35000,0,0,0,15000,50000,-35000,-35000
056763,國巨元大99購02  ,0,0,0,0,0,0,0,0,0,-35000,0,0,0,25000,60000,-35000,-35000
057980,聯詠永豐98購01  ,0,0,0,0,0,0,0,0,0,-35000,0,0,0,47000,82000,-35000,-35000
059334,A50正2國票9A購02,0,0,0,0,0,0,0,0,0,-35000,0,0,0,40000,75000,-35000,-35000
05979P,華新科中信96售02,0,0,0,0,0,0,0,0,0,-35000,0,0,0,5000,40000,-35000,-35000
3056,總太            ,44000,75000,-31000,0,0,0,0,3000,-3000,-1000,0,1000,-1000,0,0,0,-35000
07219P,臺股指凱基99售32,0,0,0,0,0,0,0,0,0,-36000,0,0,0,0,36000,-36000,-36000
07675P,全新永豐9A售02  ,0,0,0,0,0,0,0,0,0,-36000,0,0,0,0,36000,-36000,-36000
08637P,台灣50中信96售03,0,0,0,0,0,0,0,0,0,-36000,0,0,0,24000,60000,-36000,-36000
061199,道瓊反元大9A購05,0,0,0,0,0,0,0,0,0,-36000,0,0,0,4000,40000,-36000,-36000
061121,智邦永豐9A購02  ,0,0,0,0,0,0,0,0,0,-36000,0,0,0,112000,148000,-36000,-36000
06053P,緯穎國票97售05  ,0,0,0,0,0,0,0,0,0,-36000,0,0,0,0,36000,-36000,-36000
054306,聯發科凱基96購23,0,0,0,0,0,0,0,0,0,-36000,0,0,0,0,36000,-36000,-36000
051985,智邦元大95購05  ,0,0,0,0,0,0,0,0,0,-36000,0,0,0,0,36000,-36000,-36000
059614,致新永豐99購01  ,0,0,0,0,0,0,0,0,0,-36000,0,0,0,21000,57000,-36000,-36000
059665,嘉聯益元大99購06,0,0,0,0,0,0,0,0,0,-36000,0,0,0,0,36000,-36000,-36000
056509,晶相光永豐98購01,0,0,0,0,0,0,0,0,0,-36000,0,0,0,2000,38000,-36000,-36000
05637P,聯電元大96售04  ,0,0,0,0,0,0,0,0,0,-36000,0,0,0,0,36000,-36000,-36000
3057,喬鼎            ,10000,46000,-36000,0,0,0,0,0,0,0,0,0,0,0,0,0,-36000
07688P,華通元大9A售07  ,0,0,0,0,0,0,0,0,0,-37000,0,0,0,28000,65000,-37000,-37000
07210P,智邦凱基99售03  ,0,0,0,0,0,0,0,0,0,-37000,0,0,0,0,37000,-37000,-37000
06982P,義隆凱基99售02  ,0,0,0,0,0,0,0,0,0,-37000,0,0,0,32000,69000,-37000,-37000
06338P,亞德客統一97售02,0,0,0,0,0,0,0,0,0,-37000,0,0,0,0,37000,-37000,-37000
052696,玉晶光麥證97購01,0,0,0,27000,66000,-39000,0,0,0,-37000,0,0,0,45000,82000,-37000,-37000
055687,瀚宇博凱基97購01,0,0,0,0,0,0,0,0,0,-37000,0,0,0,0,37000,-37000,-37000
053176,矽力群益96購02  ,0,0,0,0,0,0,0,0,0,-37000,0,0,0,9000,46000,-37000,-37000
059219,旺宏元大99購12  ,0,0,0,0,0,0,0,0,0,-37000,0,0,0,83000,120000,-37000,-37000
06682P,玉晶光元大99售08,0,0,0,0,0,0,0,0,0,-38000,0,0,0,12000,50000,-38000,-38000
07023P,南電永豐99售02  ,0,0,0,0,0,0,0,0,0,-38000,0,0,0,0,38000,-38000,-38000
07361P,聯發科元大99售34,0,0,0,0,0,0,0,0,0,-38000,0,0,0,2000,40000,-38000,-38000
1608,華榮            ,48000,86000,-38000,0,0,0,0,0,0,0,0,0,0,0,0,0,-38000
2425,承啟            ,89000,127000,-38000,0,0,0,0,0,0,0,0,0,0,0,0,0,-38000
060437,宏全永豐9A購01  ,0,0,0,0,0,0,0,0,0,-38000,0,0,0,0,38000,-38000,-38000
060712,建準永豐9A購01  ,0,0,0,0,0,0,0,0,0,-38000,0,0,0,5000,43000,-38000,-38000
06023P,超眾國票96售03  ,0,0,0,0,0,0,0,0,0,-38000,0,0,0,90000,128000,-38000,-38000
060296,和碩元大9A購01  ,0,0,0,0,0,0,0,0,0,-38000,0,0,0,86000,124000,-38000,-38000
061167,臻鼎兆豐9B購01  ,0,0,0,0,0,0,0,0,0,-38000,0,0,0,53000,91000,-38000,-38000
060944,國泰金國票9A購01,0,0,0,0,0,0,0,0,0,-38000,0,0,0,0,38000,-38000,-38000
060772,FBVIX凱基9A購03 ,0,0,0,0,0,0,0,0,0,-38000,0,0,0,10000,48000,-38000,-38000
058043,鴻海元大98購13  ,0,0,0,0,0,0,0,0,0,-38000,0,0,0,0,38000,-38000,-38000
054273,宏達電中信98購01,0,0,0,0,0,0,0,0,0,-38000,0,0,0,0,38000,-38000,-38000
054674,台光電台新97購01,0,0,0,0,0,0,0,0,0,-38000,0,0,0,0,38000,-38000,-38000
051531,國巨國票96購04  ,0,0,0,0,0,0,0,0,0,-38000,0,0,0,235000,273000,-38000,-38000
048859,玉晶光群益96購02,0,0,0,0,0,0,0,0,0,-38000,0,0,0,30000,68000,-38000,-38000
057337,聯發科國票99購02,0,0,0,0,0,0,0,0,0,-38000,0,0,0,10000,48000,-38000,-38000
059785,美律元大9A購03  ,0,0,0,0,0,0,0,0,0,-38000,0,0,0,17000,55000,-38000,-38000
056408,奇鋐國票99購01  ,0,0,0,0,0,0,0,0,0,-38000,0,0,0,0,38000,-38000,-38000
056189,樺漢統一97購02  ,0,0,0,0,0,0,0,0,0,-38000,0,0,0,0,38000,-38000,-38000
057577,廣宇中信9A購01  ,0,0,0,0,0,0,0,0,0,-38000,0,0,0,0,38000,-38000,-38000
058289,奇鋐國票9A購01  ,0,0,0,0,0,0,0,0,0,-38000,0,0,0,6000,44000,-38000,-38000
056669,貿聯國票99購01  ,0,0,0,0,0,0,0,0,0,-38000,0,0,0,54000,92000,-38000,-38000
058531,華通元富99購01  ,0,0,0,0,0,0,0,0,0,-38000,0,0,0,5000,43000,-38000,-38000
061075,亞德客兆豐9A購01,0,0,0,0,0,0,0,0,0,-39000,0,0,0,24000,63000,-39000,-39000
061249,億豐群益9A購01  ,0,0,0,0,0,0,0,0,0,-39000,0,0,0,0,39000,-39000,-39000
06994P,台光電凱基99售02,0,0,0,0,0,0,0,0,0,-39000,0,0,0,50000,89000,-39000,-39000
06283P,祥碩永豐97售01  ,0,0,0,0,0,0,0,0,0,-39000,0,0,0,0,39000,-39000,-39000
03439B,臺股指元大99熊29,0,0,0,0,0,0,0,0,0,-39000,0,0,0,60000,99000,-39000,-39000
053894,創意群益96購01  ,0,0,0,0,0,0,0,0,0,-39000,0,0,0,10000,49000,-39000,-39000
056054,亞德客元大97購05,0,0,0,0,0,0,0,0,0,-39000,0,0,0,18000,57000,-39000,-39000
058445,旺宏富邦9C購01  ,0,0,0,0,0,0,0,0,0,-39000,0,0,0,0,39000,-39000,-39000
058236,大立光元大99購09,0,0,0,0,0,0,0,0,0,-39000,0,0,0,1000,40000,-39000,-39000
058204,世芯凱基9A購01  ,0,0,0,0,0,0,0,0,0,-39000,0,0,0,26000,65000,-39000,-39000
059204,台灣50元大01購02,0,0,0,0,0,0,0,0,0,-39000,0,0,0,2000,41000,-39000,-39000
059195,國巨永豐99購04  ,0,0,0,0,0,0,0,0,0,-39000,0,0,0,0,39000,-39000,-39000
8404,百和興業-KY     ,12000,51000,-39000,0,0,0,0,0,0,0,0,0,0,0,0,0,-39000
06592P,欣興元大98售04  ,0,0,0,0,0,0,0,0,0,-40000,0,0,0,60000,100000,-40000,-40000
07703P,玉晶光中信9B售03,0,0,0,0,0,0,0,0,0,-40000,0,0,0,0,40000,-40000,-40000
061434,國巨麥證9A購04  ,0,0,0,0,40000,-40000,0,0,0,-40000,0,0,0,0,40000,-40000,-40000
061080,華邦電兆豐9B購01,0,0,0,0,0,0,0,0,0,-40000,0,0,0,10000,50000,-40000,-40000
060767,世紀鋼元大9A購02,0,0,0,0,0,0,0,0,0,-40000,0,0,0,50000,90000,-40000,-40000
060783,亞德客富邦9B購01,0,0,0,0,0,0,0,0,0,-40000,0,0,0,106000,146000,-40000,-40000
060776,世芯凱基9B購01  ,0,0,0,0,0,0,0,0,0,-40000,0,0,0,53000,93000,-40000,-40000
060289,京元電元大9A購01,0,0,0,0,0,0,0,0,0,-40000,0,0,0,28000,68000,-40000,-40000
060394,欣興麥證9A購01  ,0,0,0,6000,46000,-40000,0,0,0,-40000,0,0,0,6000,46000,-40000,-40000
060528,友達中信9C購01  ,0,0,0,0,0,0,0,0,0,-40000,0,0,0,132000,172000,-40000,-40000
057998,玉晶光麥證9A購01,0,0,0,0,40000,-40000,0,0,0,-40000,0,0,0,0,40000,-40000,-40000
055233,康友國票98購01  ,0,0,0,0,0,0,0,0,0,-40000,0,0,0,0,40000,-40000,-40000
053398,和鑫中信99購01  ,0,0,0,0,0,0,0,0,0,-40000,0,0,0,0,40000,-40000,-40000
053499,禾伸堂兆豐96購01,0,0,0,0,0,0,0,0,0,-40000,0,0,0,0,40000,-40000,-40000
054840,T50反1兆豐98購01,0,0,0,0,0,0,0,0,0,-40000,0,0,0,0,40000,-40000,-40000
054337,智邦統一96購01  ,0,0,0,0,0,0,0,0,0,-40000,0,0,0,28000,68000,-40000,-40000
054149,達方元大96購01  ,0,0,0,0,0,0,0,0,0,-40000,0,0,0,0,40000,-40000,-40000
053754,英業達元富96購02,0,0,0,0,0,0,0,0,0,-40000,0,0,0,260000,300000,-40000,-40000
052216,康友元大96購01  ,0,0,0,0,0,0,0,0,0,-40000,0,0,0,0,40000,-40000,-40000
045053,聯發科元富98購01,0,0,0,0,0,0,0,0,0,-40000,0,0,0,0,40000,-40000,-40000
049406,T50反1日盛97購01,0,0,0,0,0,0,0,0,0,-40000,0,0,0,0,40000,-40000,-40000
051402,玉晶光永豐95購04,0,0,0,0,0,0,0,0,0,-40000,0,0,0,0,40000,-40000,-40000
047673,瑞昱元富96購01  ,0,0,0,0,0,0,0,0,0,-40000,0,0,0,9000,49000,-40000,-40000
047547,友達凱基99購02  ,0,0,0,0,0,0,0,0,0,-40000,0,0,0,0,40000,-40000,-40000
00643,群益深証中小    ,4000,14000,-10000,0,0,0,0,0,0,-30000,0,0,0,13000,43000,-30000,-40000
057390,台表科永豐98購01,0,0,0,0,0,0,0,0,0,-40000,0,0,0,0,40000,-40000,-40000
059134,臺股指群益99購09,0,0,0,0,0,0,0,0,0,-40000,0,0,0,0,40000,-40000,-40000
058575,智邦群益99購01  ,0,0,0,0,0,0,0,0,0,-40000,0,0,0,40000,80000,-40000,-40000
060048,元金2X凱基99購03,0,0,0,0,0,0,0,0,0,-40000,0,0,0,35000,75000,-40000,-40000
059424,SGBR2X元大9A購01,0,0,0,0,0,0,0,0,0,-40000,0,0,0,381000,421000,-40000,-40000
056197,友訊永豐97購01  ,0,0,0,0,0,0,0,0,0,-40000,0,0,0,0,40000,-40000,-40000
057670,欣興元大99購02  ,0,0,0,0,0,0,0,0,0,-40000,0,0,0,0,40000,-40000,-40000
058808,大成鋼統一9B購01,0,0,0,0,0,0,0,0,0,-40000,0,0,0,0,40000,-40000,-40000
056733,國巨凱基98購10  ,0,0,0,0,0,0,0,0,0,-40000,0,0,0,0,40000,-40000,-40000
058379,臺股指凱基99購14,0,0,0,0,0,0,0,0,0,-40000,0,0,0,0,40000,-40000,-40000
056623,禾伸堂永豐98購01,0,0,0,0,0,0,0,0,0,-40000,0,0,0,30000,70000,-40000,-40000
056664,上証反中信9B購01,0,0,0,0,0,0,0,0,0,-40000,0,0,0,0,40000,-40000,-40000
061021,聯電國泰9B購01  ,15000,0,15000,0,0,0,0,0,0,-56000,0,0,0,1741000,1797000,-56000,-41000
07642P,華通凱基9A售05  ,0,0,0,0,0,0,0,0,0,-41000,0,0,0,0,41000,-41000,-41000
054036,T50反1元大96購08,0,0,0,0,0,0,0,0,0,-41000,0,0,0,0,41000,-41000,-41000
058281,奇力新中信99購01,0,0,0,0,0,0,0,0,0,-41000,0,0,0,1195000,1236000,-41000,-41000
058692,華邦電國票9B購01,0,0,0,0,0,0,0,0,0,-41000,0,0,0,100000,141000,-41000,-41000
059992,S&P正2元富9B購04,0,0,0,0,0,0,0,0,0,-41000,0,0,0,0,41000,-41000,-41000
3702A,大聯大甲特      ,0,0,0,0,0,0,0,0,0,-41000,0,41000,-41000,0,0,0,-41000
2539,櫻花建          ,4000,44000,-40000,0,0,0,0,0,0,-1000,0,1000,-1000,0,0,0,-41000
2849,安泰銀          ,4000,35000,-31000,0,0,0,0,0,0,-10000,0,10000,-10000,0,0,0,-41000
1460,宏遠            ,5000,47000,-42000,0,0,0,0,0,0,0,0,0,0,0,0,0,-42000
06938P,南電元大98售03  ,0,0,0,0,0,0,0,0,0,-42000,0,0,0,0,42000,-42000,-42000
07230P,滬深2X群益01售02,0,0,0,0,0,0,0,0,0,-42000,0,0,0,0,42000,-42000,-42000
061011,華通麥證9A購02  ,0,0,0,3000,45000,-42000,0,0,0,-42000,0,0,0,3000,45000,-42000,-42000
060983,南亞科元大9A購06,0,0,0,0,0,0,0,0,0,-42000,0,0,0,10000,52000,-42000,-42000
061184,大立光國泰9C購01,0,0,0,0,0,0,0,0,0,-42000,0,0,0,85000,127000,-42000,-42000
060230,台積電元大9A購07,0,0,0,0,0,0,0,0,0,-42000,0,0,0,2000,44000,-42000,-42000
052727,仁寶元富96購01  ,0,0,0,0,0,0,0,0,0,-42000,0,0,0,158000,200000,-42000,-42000
051463,世芯國泰97購02  ,0,0,0,0,0,0,0,0,0,-42000,0,0,0,37000,79000,-42000,-42000
054932,台肥元大97購01  ,0,0,0,0,0,0,0,0,0,-42000,0,0,0,10000,52000,-42000,-42000
053505,瑞儀兆豐97購01  ,0,0,0,0,0,0,0,0,0,-42000,0,0,0,289000,331000,-42000,-42000
059748,聯發科台新99購03,0,0,0,0,0,0,0,0,0,-42000,0,0,0,0,42000,-42000,-42000
059070,道瓊指元大99購02,0,0,0,0,0,0,0,0,0,-42000,0,0,0,0,42000,-42000,-42000
057072,日月光永豐98購01,0,0,0,0,0,0,0,0,0,-42000,0,0,0,1000,43000,-42000,-42000
056354,國巨元大98購10  ,0,0,0,0,0,0,0,0,0,-42000,0,0,0,1000,43000,-42000,-42000
2537,聯上發          ,30000,72000,-42000,0,0,0,0,0,0,0,0,0,0,0,0,0,-42000
060640,京鼎永豐9A購01  ,0,0,0,0,0,0,0,0,0,-43000,0,0,0,291000,334000,-43000,-43000
2105,正新            ,1054000,1078000,-24000,0,0,0,2000,1000,1000,-20000,12000,20000,-8000,6000,18000,-12000,-43000
053527,創意中信97購01  ,0,0,0,0,0,0,0,0,0,-43000,0,0,0,5000,48000,-43000,-43000
053219,祥碩凱基96購01  ,0,0,0,0,0,0,0,0,0,-43000,0,0,0,7000,50000,-43000,-43000
055940,致新群益98購01  ,0,0,0,0,0,0,0,0,0,-43000,0,0,0,82000,125000,-43000,-43000
055713,國巨元大98購09  ,0,0,0,0,0,0,0,0,0,-43000,0,0,0,18000,61000,-43000,-43000
055803,鎧勝永豐97購01  ,0,0,0,0,0,0,0,0,0,-43000,0,0,0,17000,60000,-43000,-43000
049759,元黃金富邦9A購01,0,0,0,0,0,0,0,0,0,-43000,0,0,0,0,43000,-43000,-43000
057788,嘉聯益國票99購01,0,0,0,0,0,0,0,0,0,-43000,0,0,0,21000,64000,-43000,-43000
058123,亞光國票9A購01  ,0,0,0,0,0,0,0,0,0,-43000,0,0,0,0,43000,-43000,-43000
056617,美律永豐98購01  ,0,0,0,0,0,0,0,0,0,-43000,0,0,0,75000,118000,-43000,-43000
060015,國巨康和99購03  ,0,0,0,0,0,0,0,0,0,-43000,0,0,0,9000,52000,-43000,-43000
059453,奇力新永豐99購01,0,0,0,0,0,0,0,0,0,-43000,0,0,0,2000,45000,-43000,-43000
2023,燁輝            ,117000,160298,-43298,0,0,0,0,0,0,0,0,0,0,0,0,0,-43298
061196,世芯永豐9A購06  ,0,0,0,0,0,0,0,0,0,-44000,0,0,0,8000,52000,-44000,-44000
061042,致新永豐9A購02  ,0,0,0,0,0,0,0,0,0,-44000,0,0,0,40000,84000,-44000,-44000
060943,宏達電國票9B購02,0,0,0,0,0,0,0,0,0,-44000,0,0,0,10000,54000,-44000,-44000
052075,旺宏元富95購03  ,0,0,0,0,0,0,0,0,0,-44000,0,0,0,1000,45000,-44000,-44000
05565P,鎧勝元大96售01  ,0,0,0,0,0,0,0,0,0,-44000,0,0,0,104000,148000,-44000,-44000
055398,超眾統一97購03  ,0,0,0,0,0,0,0,0,0,-44000,0,0,0,0,44000,-44000,-44000
054455,楠梓電群益98購02,0,0,0,0,0,0,0,0,0,-44000,0,0,0,60000,104000,-44000,-44000
059338,滬深2X凱基9C購02,0,0,0,0,0,0,0,0,0,-44000,0,0,0,5000,49000,-44000,-44000
059984,華新科元大99購21,0,0,0,0,0,0,0,0,0,-44000,0,0,0,12000,56000,-44000,-44000
057255,聯發科麥證98購02,0,0,0,12000,56000,-44000,0,0,0,-44000,0,0,0,12000,56000,-44000,-44000
058577,南亞科群益99購02,0,0,0,0,0,0,0,0,0,-44000,0,0,0,0,44000,-44000,-44000
058266,宏達電永豐99購01,0,0,0,0,0,0,0,0,0,-44000,0,0,0,0,44000,-44000,-44000
061309,鴻海統一9C購05  ,0,0,0,0,0,0,0,0,0,-45000,0,0,0,0,45000,-45000,-45000
2439,美律            ,170000,230000,-60000,0,0,0,0,1000,-1000,16000,0,4000,-4000,48000,28000,20000,-45000
07630P,臺股指凱基9A售11,0,0,0,0,0,0,0,0,0,-45000,0,0,0,61000,106000,-45000,-45000
07022P,嘉晶永豐99售02  ,0,0,0,0,0,0,0,0,0,-45000,0,0,0,60000,105000,-45000,-45000
054231,國巨群益98購03  ,0,0,0,0,0,0,0,0,0,-45000,0,0,0,58000,103000,-45000,-45000
053431,志超永豐96購01  ,0,0,0,0,0,0,0,0,0,-45000,0,0,0,0,45000,-45000,-45000
052659,上証2X國票99購01,0,0,0,0,0,0,0,0,0,-45000,0,0,0,0,45000,-45000,-45000
053694,創意元大96購03  ,0,0,0,0,0,0,0,0,0,-45000,0,0,0,210000,255000,-45000,-45000
054057,晶豪科國票97購01,0,0,0,0,0,0,0,0,0,-45000,0,0,0,0,45000,-45000,-45000
058850,華新科群益99購03,0,0,0,0,0,0,0,0,0,-45000,0,0,0,16000,61000,-45000,-45000
056573,華新科元大99購06,0,0,0,0,0,0,0,0,0,-45000,0,0,0,10000,55000,-45000,-45000
059124,台積電第一03購01,0,0,0,0,0,0,0,0,0,-45000,0,0,0,0,45000,-45000,-45000
057059,易華電元大99購01,0,0,0,0,0,0,0,0,0,-45000,0,0,0,0,45000,-45000,-45000
4942,嘉彰            ,81000,119000,-38000,0,0,0,0,3000,-3000,-4000,0,4000,-4000,0,0,0,-45000
07394P,國巨群益99售12  ,0,0,0,0,0,0,0,0,0,-46000,0,0,0,82000,128000,-46000,-46000
060734,華通統一9C購01  ,0,0,0,0,0,0,0,0,0,-46000,0,0,0,45000,91000,-46000,-46000
060839,聯發科國票9A購02,0,0,0,0,0,0,0,0,0,-46000,0,0,0,1000,47000,-46000,-46000
060611,同欣電凱基9A購02,0,0,0,0,0,0,0,0,0,-46000,0,0,0,71000,117000,-46000,-46000
060244,大立光元大9B購02,0,0,0,0,0,0,0,0,0,-46000,0,0,0,5000,51000,-46000,-46000
046384,群創凱基98購02  ,0,0,0,0,0,0,0,0,0,-46000,0,0,0,35000,81000,-46000,-46000
055295,瀚宇博元大97購02,0,0,0,0,0,0,0,0,0,-46000,0,0,0,14000,60000,-46000,-46000
057111,立積群益98購02  ,0,0,0,0,0,0,0,0,0,-46000,0,0,0,0,46000,-46000,-46000
057040,國巨元大98購12  ,0,0,0,0,0,0,0,0,0,-46000,0,0,0,0,46000,-46000,-46000
059762,禾伸堂永豐99購02,0,0,0,0,0,0,0,0,0,-46000,0,0,0,224000,270000,-46000,-46000
056505,聯發科永豐98購01,0,0,0,0,0,0,0,0,0,-46000,0,0,0,3000,49000,-46000,-46000
058137,玉晶光元大99購11,0,0,0,0,0,0,0,0,0,-46000,0,0,0,22000,68000,-46000,-46000
056714,晶相光永豐98購02,0,0,0,0,0,0,0,0,0,-46000,0,0,0,0,46000,-46000,-46000
058646,聯茂富邦9A購01  ,0,0,0,0,0,0,0,0,0,-46000,0,0,0,55000,101000,-46000,-46000
058669,上銀群益99購01  ,0,0,0,0,0,0,0,0,0,-46000,0,0,0,4000,50000,-46000,-46000
060340,國巨統一01購02  ,0,0,0,0,0,0,0,0,0,-47000,0,0,0,35000,82000,-47000,-47000
060160,聯陽永豐9A購01  ,0,0,0,0,0,0,0,0,0,-47000,0,0,0,36000,83000,-47000,-47000
060463,台積電元大9A購10,0,0,0,0,0,0,0,0,0,-47000,0,0,0,52000,99000,-47000,-47000
060770,宏達電麥證9A購01,0,0,0,0,47000,-47000,0,0,0,-47000,0,0,0,0,47000,-47000,-47000
061209,聯發科元大9A購10,0,0,0,0,0,0,0,0,0,-47000,0,0,0,26000,73000,-47000,-47000
2441,超豐            ,43000,89000,-46000,0,0,0,0,2000,-2000,1000,2000,1000,1000,0,0,0,-47000
2405,浩鑫            ,27000,74000,-47000,0,0,0,0,0,0,0,0,0,0,0,0,0,-47000
1519,華城            ,53000,102000,-49000,0,0,0,0,0,0,2000,2000,0,2000,0,0,0,-47000
05594P,旺宏國票96售04  ,0,0,0,0,0,0,0,0,0,-47000,0,0,0,10000,57000,-47000,-47000
057481,技嘉元大98購04  ,0,0,0,0,0,0,0,0,0,-47000,0,0,0,3000,50000,-47000,-47000
057489,奇力新元大99購06,0,0,0,0,0,0,0,0,0,-47000,0,0,0,18000,65000,-47000,-47000
052847,漢唐統一99購01  ,0,0,0,0,0,0,0,0,0,-47000,0,0,0,0,47000,-47000,-47000
053569,漢唐統一98購01  ,0,0,0,0,0,0,0,0,0,-47000,0,0,0,1000,48000,-47000,-47000
056655,旺宏元大99購02  ,0,0,0,0,0,0,0,0,0,-47000,0,0,0,31000,78000,-47000,-47000
057774,台光電群益99購02,0,0,0,0,0,0,0,0,0,-47000,0,0,0,0,47000,-47000,-47000
056364,亞光元大99購02  ,0,0,0,0,0,0,0,0,0,-47000,0,0,0,0,47000,-47000,-47000
057211,鴻海群益98購05  ,0,0,0,0,0,0,0,0,0,-47000,0,0,0,339000,386000,-47000,-47000
056872,旺宏凱基98購08  ,0,0,0,0,0,0,0,0,0,-47000,0,0,0,0,47000,-47000,-47000
07658P,國泰金凱基9A售01,0,0,0,0,0,0,0,0,0,-48000,0,0,0,0,48000,-48000,-48000
07589P,玉晶光國票9A售02,0,0,0,0,0,0,0,0,0,-48000,0,0,0,54000,102000,-48000,-48000
061182,南六凱基9A購01  ,0,0,0,0,0,0,0,0,0,-48000,0,0,0,265000,313000,-48000,-48000
061141,臻鼎統一9A購01  ,0,0,0,0,0,0,0,0,0,-48000,0,0,0,0,48000,-48000,-48000
060775,世芯凱基9A購02  ,0,0,0,0,0,0,0,0,0,-48000,0,0,0,51000,99000,-48000,-48000
060867,智伸科永豐9A購01,0,0,0,0,0,0,0,0,0,-48000,0,0,0,20000,68000,-48000,-48000
060511,群創元大9B購08  ,0,0,0,0,0,0,0,0,0,-48000,0,0,0,0,48000,-48000,-48000
060221,大立光凱基9A購07,0,0,0,0,0,0,0,0,0,-48000,0,0,0,4000,52000,-48000,-48000
03670C,元油2X元富99牛01,0,0,0,0,0,0,0,0,0,-48000,0,0,0,0,48000,-48000,-48000
055178,晶豪科統一97購01,0,0,0,0,0,0,0,0,0,-48000,0,0,0,38000,86000,-48000,-48000
054709,宏達電統一97購01,0,0,0,0,0,0,0,0,0,-48000,0,0,0,0,48000,-48000,-48000
059089,聯發科元大99購19,0,0,0,0,0,0,0,0,0,-48000,0,0,0,736000,784000,-48000,-48000
056963,建準永豐98購01  ,0,0,0,0,0,0,0,0,0,-48000,0,0,0,0,48000,-48000,-48000
057191,祥碩元大98購05  ,0,0,0,0,0,0,0,0,0,-48000,0,0,0,87000,135000,-48000,-48000
05731P,創意統一96售03  ,0,0,0,0,0,0,0,0,0,-48000,0,0,0,60000,108000,-48000,-48000
059936,台積電永豐99購06,0,0,0,0,0,0,0,0,0,-48000,0,0,0,2000,50000,-48000,-48000
059629,友達凱基99購06  ,0,0,0,0,0,0,0,0,0,-48000,0,0,0,449000,497000,-48000,-48000
8016,矽創            ,443000,482000,-39000,0,0,0,0,0,0,-9000,0,0,0,10000,19000,-9000,-48000
2612,中航            ,8000,56000,-48000,0,0,0,0,0,0,0,0,0,0,0,0,0,-48000
3605,宏致            ,46000,94000,-48000,0,0,0,0,0,0,0,0,0,0,0,0,0,-48000
06046P,健策統一96售03  ,0,0,0,0,0,0,0,0,0,-49000,0,0,0,164000,213000,-49000,-49000
060683,泰鼎元大9A購02  ,0,0,0,0,0,0,0,0,0,-49000,0,0,0,15000,64000,-49000,-49000
06955P,臻鼎元富99售01  ,0,0,0,0,0,0,0,0,0,-49000,0,0,0,3000,52000,-49000,-49000
06653P,美食元大98售02  ,0,0,0,0,0,0,0,0,0,-49000,0,0,0,20000,69000,-49000,-49000
055357,欣興凱基97購04  ,0,0,0,0,0,0,0,0,0,-49000,0,0,0,0,49000,-49000,-49000
054928,帆宣凱基98購01  ,0,0,0,0,0,0,0,0,0,-49000,0,0,0,0,49000,-49000,-49000
055475,臻鼎凱基97購02  ,0,0,0,0,0,0,0,0,0,-49000,0,0,0,0,49000,-49000,-49000
058063,旺宏中信98購04  ,0,0,0,0,0,0,0,0,0,-49000,0,0,0,0,49000,-49000,-49000
052712,旺宏凱基96購02  ,0,0,0,0,0,0,0,0,0,-49000,0,0,0,327000,376000,-49000,-49000
059536,新光金凱基99購05,0,0,0,0,0,0,0,0,0,-49000,0,0,0,96000,145000,-49000,-49000
056847,佐登元富98購01  ,0,0,0,0,0,0,0,0,0,-49000,0,0,0,453000,502000,-49000,-49000
057282,大立光元大99購06,0,0,0,0,0,0,0,0,0,-49000,0,0,0,1000,50000,-49000,-49000
057385,光罩永豐99購01  ,0,0,0,0,0,0,0,0,0,-49000,0,0,0,29000,78000,-49000,-49000
057819,新日興元大99購01,0,0,0,0,0,0,0,0,0,-49000,0,0,0,25000,74000,-49000,-49000
07349P,大立光凱基99售16,0,0,0,0,0,0,0,0,0,-50000,0,0,0,0,50000,-50000,-50000
07625P,台灣50凱基01售06,0,0,0,0,0,0,0,0,0,-50000,0,0,0,0,50000,-50000,-50000
07673P,電子類元大9A售01,0,0,0,0,0,0,0,0,0,-50000,0,0,0,0,50000,-50000,-50000
1218,泰山            ,10000,72000,-62000,0,0,0,0,0,0,12000,12000,0,12000,0,0,0,-50000
2402,毅嘉            ,49000,99000,-50000,0,0,0,0,0,0,0,0,0,0,0,0,0,-50000
060501,鴻海元大9A購13  ,0,0,0,0,0,0,0,0,0,-50000,0,0,0,0,50000,-50000,-50000
060544,國巨凱基9B購03  ,0,0,0,0,0,0,0,0,0,-50000,0,0,0,0,50000,-50000,-50000
060108,泰鼎元大99購04  ,0,0,0,0,0,0,0,0,0,-50000,0,0,0,16000,66000,-50000,-50000
060315,易華電永豐9A購01,0,0,0,0,0,0,0,0,0,-50000,0,0,0,5000,55000,-50000,-50000
060276,S&P反1元大9A購03,0,0,0,0,0,0,0,0,0,-50000,0,0,0,0,50000,-50000,-50000
060928,明泰永豐9A購01  ,0,0,0,0,0,0,0,0,0,-50000,0,0,0,0,50000,-50000,-50000
060995,泰鼎元大9A購03  ,0,0,0,0,0,0,0,0,0,-50000,0,0,0,15000,65000,-50000,-50000
060987,華新科元大9A購11,0,0,0,0,0,0,0,0,0,-50000,0,0,0,0,50000,-50000,-50000
061150,國巨群益9A購09  ,0,0,0,0,0,0,0,0,0,-50000,0,0,0,11000,61000,-50000,-50000
061065,神基凱基9A購01  ,0,0,0,0,0,0,0,0,0,-50000,0,0,0,10000,60000,-50000,-50000
061327,台郡凱基9A購02  ,0,0,0,0,0,0,0,0,0,-50000,0,0,0,0,50000,-50000,-50000
052654,友達統一97購01  ,0,0,0,0,0,0,0,0,0,-50000,0,0,0,0,50000,-50000,-50000
052702,群創國票97購03  ,0,0,0,0,0,0,0,0,0,-50000,0,0,0,0,50000,-50000,-50000
052112,滬深2X中信99購01,0,0,0,0,0,0,0,0,0,-50000,0,0,0,0,50000,-50000,-50000
052309,健策國泰97購01  ,0,0,0,0,0,0,0,0,0,-50000,0,0,0,2000,52000,-50000,-50000
05238P,禾伸堂永豐95售01,0,0,0,0,0,0,0,0,0,-50000,0,0,0,0,50000,-50000,-50000
047690,美律富邦97購01  ,0,0,0,0,0,0,0,0,0,-50000,0,0,0,400000,450000,-50000,-50000
051300,台光電凱基96購02,0,0,0,0,0,0,0,0,0,-50000,0,0,0,0,50000,-50000,-50000
050955,達方群益97購01  ,0,0,0,0,0,0,0,0,0,-50000,0,0,0,0,50000,-50000,-50000
050572,大立光中信97購01,0,0,0,0,0,0,0,0,0,-50000,0,0,0,0,50000,-50000,-50000
049584,台積電元大96購04,0,0,0,0,0,0,0,0,0,-50000,0,0,0,70000,120000,-50000,-50000
053553,聯詠凱基96購03  ,0,0,0,0,0,0,0,0,0,-50000,0,0,0,0,50000,-50000,-50000
053185,友達中信99購01  ,0,0,0,0,0,0,0,0,0,-50000,0,0,0,2300000,2350000,-50000,-50000
055014,達興元富97購01  ,0,0,0,0,0,0,0,0,0,-50000,0,0,0,0,50000,-50000,-50000
055037,宏盛富邦99購01  ,0,0,0,0,0,0,0,0,0,-50000,0,0,0,0,50000,-50000,-50000
055562,欣興凱基97購06  ,0,0,0,0,0,0,0,0,0,-50000,0,0,0,0,50000,-50000,-50000
055589,台光電元大98購04,0,0,0,0,0,0,0,0,0,-50000,0,0,0,0,50000,-50000,-50000
054935,華通元大98購03  ,0,0,0,0,0,0,0,0,0,-50000,0,0,0,0,50000,-50000,-50000
055288,日電貿元大97購02,0,0,0,0,0,0,0,0,0,-50000,0,0,0,0,50000,-50000,-50000
055667,致茂群益98購01  ,0,0,0,0,0,0,0,0,0,-50000,0,0,0,0,50000,-50000,-50000
055782,新日興凱基99購01,0,0,0,0,0,0,0,0,0,-50000,0,0,0,0,50000,-50000,-50000
05470P,康控元大95售05  ,0,0,0,0,0,0,0,0,0,-50000,0,0,0,0,50000,-50000,-50000
054221,華新科統一96購05,0,0,0,0,0,0,0,0,0,-50000,0,0,0,30000,80000,-50000,-50000
057816,欣興元大98購13  ,0,0,0,0,0,0,0,0,0,-50000,0,0,0,0,50000,-50000,-50000
058178,國巨國泰9A購02  ,0,0,0,0,0,0,0,0,0,-50000,0,0,0,0,50000,-50000,-50000
056295,國巨元大97購16  ,0,0,0,0,0,0,0,0,0,-50000,0,0,0,0,50000,-50000,-50000
057665,技嘉元大99購01  ,0,0,0,0,0,0,0,0,0,-50000,0,0,0,0,50000,-50000,-50000
057639,國巨元大99購07  ,0,0,0,0,0,0,0,0,0,-50000,0,0,0,0,50000,-50000,-50000
057621,崇越凱基98購01  ,0,0,0,0,0,0,0,0,0,-50000,0,0,0,0,50000,-50000,-50000
057623,友訊國泰99購01  ,0,0,0,0,0,0,0,0,0,-50000,0,0,0,0,50000,-50000,-50000
056615,燿華永豐98購02  ,0,0,0,0,0,0,0,0,0,-50000,0,0,0,18000,68000,-50000,-50000
058345,台光電群益99購03,0,0,0,0,0,0,0,0,0,-50000,0,0,0,0,50000,-50000,-50000
058429,欣興元富99購01  ,0,0,0,0,0,0,0,0,0,-50000,0,0,0,0,50000,-50000,-50000
058685,TPK凱基99購01   ,0,0,0,0,0,0,0,0,0,-50000,0,0,0,0,50000,-50000,-50000
058521,日月光元大99購01,0,0,0,0,0,0,0,0,0,-50000,0,0,0,0,50000,-50000,-50000
057926,帆宣凱基98購02  ,0,0,0,0,0,0,0,0,0,-50000,0,0,0,0,50000,-50000,-50000
058707,泰鼎元大99購02  ,0,0,0,0,0,0,0,0,0,-50000,0,0,0,16000,66000,-50000,-50000
057053,立積元大98購02  ,0,0,0,0,0,0,0,0,0,-50000,0,0,0,4000,54000,-50000,-50000
056849,瀚宇博元富98購01,0,0,0,0,0,0,0,0,0,-50000,0,0,0,10000,60000,-50000,-50000
059063,康控凱基99購04  ,0,0,0,0,0,0,0,0,0,-50000,0,0,0,0,50000,-50000,-50000
059125,台積電第一03購02,0,0,0,0,0,0,0,0,0,-50000,0,0,0,0,50000,-50000,-50000
056983,大立光群益99購02,0,0,0,0,0,0,0,0,0,-50000,0,0,0,0,50000,-50000,-50000
059766,同欣電永豐99購03,0,0,0,0,0,0,0,0,0,-50000,0,0,0,0,50000,-50000,-50000
059761,國巨永豐99購06  ,0,0,0,0,0,0,0,0,0,-50000,0,0,0,0,50000,-50000,-50000
059711,滬深2X元大9C購02,0,0,0,0,0,0,0,0,0,-50000,0,0,0,0,50000,-50000,-50000
5243,乙盛-KY         ,86000,131000,-45000,0,0,0,0,0,0,-5000,0,5000,-5000,0,0,0,-50000
060763,聯鈞元大9A購03  ,0,0,0,0,0,0,0,0,0,-51000,0,0,0,122000,173000,-51000,-51000
060121,新光金富邦99購01,0,0,0,0,0,0,0,0,0,-51000,0,0,0,239000,290000,-51000,-51000
1225,福懋油          ,10000,61000,-51000,0,0,0,0,0,0,0,0,0,0,0,0,0,-51000
06900P,FBVIX國票12售01 ,0,0,0,0,0,0,0,0,0,-51000,0,0,0,9000,60000,-51000,-51000
06188P,大立光元富97售01,0,0,0,0,0,0,0,0,0,-51000,0,0,0,0,51000,-51000,-51000
054742,京鼎凱基99購01  ,0,0,0,0,0,0,0,0,0,-51000,0,0,0,94000,145000,-51000,-51000
055653,聯詠元富01購02  ,0,0,0,0,0,0,0,0,0,-51000,0,0,0,0,51000,-51000,-51000
058055,華擎統一9A購01  ,0,0,0,0,0,0,0,0,0,-51000,0,0,0,175000,226000,-51000,-51000
00660,元大歐洲50      ,0,0,0,0,0,0,0,0,0,-51000,0,0,0,27000,78000,-51000,-51000
056599,臻鼎元富98購01  ,0,0,0,0,0,0,0,0,0,-51000,0,0,0,184000,235000,-51000,-51000
058191,祥碩永豐99購01  ,0,0,0,0,0,0,0,0,0,-51000,0,0,0,5000,56000,-51000,-51000
057740,茂林富邦9A購01  ,0,0,0,0,0,0,0,0,0,-51000,0,0,0,0,51000,-51000,-51000
057827,康友元大98購03  ,0,0,0,0,0,0,0,0,0,-51000,0,0,0,1000,52000,-51000,-51000
058826,台積電永豐99購02,0,0,0,0,0,0,0,0,0,-51000,0,0,0,0,51000,-51000,-51000
07590P,玉晶光國票9A售03,0,0,0,0,0,0,0,0,0,-52000,0,0,0,60000,112000,-52000,-52000
060232,友訊元大9C購01  ,0,0,0,0,0,0,0,0,0,-52000,0,0,0,0,52000,-52000,-52000
00656R,國泰中國A50反1  ,0,8000,-8000,0,0,0,0,0,0,-44000,0,0,0,11000,55000,-44000,-52000
058033,景碩永豐98購02  ,0,0,0,0,0,0,0,0,0,-52000,0,0,0,2000,54000,-52000,-52000
055131,茂林康和97購01  ,0,0,0,0,0,0,0,0,0,-52000,0,0,0,30000,82000,-52000,-52000
053503,臻鼎兆豐97購01  ,0,0,0,0,0,0,0,0,0,-52000,0,0,0,0,52000,-52000,-52000
058570,臻鼎凱基9A購01  ,0,0,0,0,0,0,0,0,0,-52000,0,0,0,0,52000,-52000,-52000
058270,上緯控永豐99購01,0,0,0,0,0,0,0,0,0,-52000,0,0,0,0,52000,-52000,-52000
059581,日月光元富99購02,0,0,0,0,0,0,0,0,0,-52000,0,0,0,52000,104000,-52000,-52000
2472,立隆電          ,123000,182000,-59000,0,0,0,0,0,0,7000,7000,0,7000,0,0,0,-52000
060573,力成永豐9A購01  ,0,0,0,0,0,0,0,0,0,-53000,0,0,0,52000,105000,-53000,-53000
060893,台灣50凱基01購07,0,0,0,0,0,0,0,0,0,-53000,0,0,0,0,53000,-53000,-53000
061352,茂林元大9A購04  ,0,0,0,0,0,0,0,0,0,-53000,0,0,0,0,53000,-53000,-53000
061107,世芯元大9A購05  ,0,0,0,0,0,0,0,0,0,-53000,0,0,0,17000,70000,-53000,-53000
055887,上銀統一97購03  ,0,0,0,0,0,0,0,0,0,-53000,0,0,0,3000,56000,-53000,-53000
055996,矽力國泰99購01  ,0,0,0,0,0,0,0,0,0,-53000,0,0,0,130000,183000,-53000,-53000
056010,力成中信97購01  ,0,0,0,0,0,0,0,0,0,-53000,0,0,0,146000,199000,-53000,-53000
054905,國揚康和97購01  ,0,0,0,0,0,0,0,0,0,-53000,0,0,0,7000,60000,-53000,-53000
054339,聯詠統一96購02  ,0,0,0,0,0,0,0,0,0,-53000,0,0,0,0,53000,-53000,-53000
054501,強茂永豐96購02  ,0,0,0,0,0,0,0,0,0,-53000,0,0,0,0,53000,-53000,-53000
049024,玉晶光群益97購01,0,0,0,0,0,0,0,0,0,-53000,0,0,0,93000,146000,-53000,-53000
050634,華新科群益96購01,0,0,0,0,0,0,0,0,0,-53000,0,0,0,0,53000,-53000,-53000
051404,牧德永豐96購01  ,0,0,0,0,0,0,0,0,0,-53000,0,0,0,0,53000,-53000,-53000
058796,可成元大99購04  ,0,0,0,0,0,0,0,0,0,-53000,0,0,0,15000,68000,-53000,-53000
061227,日月光中信9B購01,0,0,0,0,0,0,0,0,0,-54000,0,0,0,85000,139000,-54000,-54000
060288,群光元大9C購01  ,0,0,0,0,0,0,0,0,0,-54000,0,0,0,100000,154000,-54000,-54000
060208,卜蜂康和9A購01  ,0,0,0,0,0,0,0,0,0,-54000,0,0,0,14000,68000,-54000,-54000
060134,鈺齊群益9A購01  ,0,0,0,0,0,0,0,0,0,-54000,0,0,0,16000,70000,-54000,-54000
07470P,國巨元大9A售06  ,0,0,0,0,0,0,0,0,0,-54000,0,0,0,156000,210000,-54000,-54000
2030,彰源            ,17000,71000,-54000,0,0,0,0,0,0,0,0,0,0,0,0,0,-54000
052777,燿華國票98購01  ,0,0,0,0,0,0,0,0,0,-54000,0,0,0,5000,59000,-54000,-54000
054771,茂林國票98購02  ,0,0,0,0,0,0,0,0,0,-54000,0,0,0,50000,104000,-54000,-54000
055875,光罩元富97購02  ,0,0,0,0,0,0,0,0,0,-54000,0,0,0,44000,98000,-54000,-54000
057536,康控元大99購03  ,0,0,0,0,0,0,0,0,0,-54000,0,0,0,0,54000,-54000,-54000
053332,創意永豐96購03  ,0,0,0,0,0,0,0,0,0,-54000,0,0,0,10000,64000,-54000,-54000
056230,可成凱基98購03  ,0,0,0,0,0,0,0,0,0,-54000,0,0,0,0,54000,-54000,-54000
05889P,群創元大98售02  ,0,0,0,0,0,0,0,0,0,-54000,0,0,0,0,54000,-54000,-54000
058990,GIS凱基99購02   ,0,0,0,0,0,0,0,0,0,-54000,0,0,0,135000,189000,-54000,-54000
056657,華邦電元大99購01,0,0,0,0,0,0,0,0,0,-54000,0,0,0,65000,119000,-54000,-54000
060022,勤誠康和99購01  ,0,0,0,0,0,0,0,0,0,-54000,0,0,0,0,54000,-54000,-54000
5907,大洋-KY         ,30000,85000,-55000,0,0,0,0,0,0,1000,0,0,0,1000,0,1000,-54000
1806,冠軍            ,0,55000,-55000,0,0,0,0,0,0,0,0,0,0,0,0,0,-55000
07747P,晶技凱基9A售04  ,100000,0,100000,0,0,0,0,0,0,-155000,0,0,0,3000,158000,-155000,-55000
07279P,台灣50台新99售02,0,0,0,0,0,0,0,0,0,-55000,0,0,0,0,55000,-55000,-55000
060292,聯詠元大9A購01  ,0,0,0,0,0,0,0,0,0,-55000,0,0,0,101000,156000,-55000,-55000
060421,華擎永豐9A購01  ,0,0,0,0,0,0,0,0,0,-55000,0,0,0,50000,105000,-55000,-55000
060967,鈺齊凱基9A購02  ,0,0,0,0,0,0,0,0,0,-55000,0,0,0,3000,58000,-55000,-55000
052986,聯發科元大97購05,0,0,0,0,0,0,0,0,0,-55000,0,0,0,0,55000,-55000,-55000
054082,楠梓電元富96購01,0,0,0,0,0,0,0,0,0,-55000,0,0,0,51000,106000,-55000,-55000
047688,亞德客富邦95購01,0,0,0,0,0,0,0,0,0,-55000,0,0,0,0,55000,-55000,-55000
00663L,國泰臺灣加權正2 ,0,0,0,0,0,0,0,0,0,-55000,0,0,0,208000,263000,-55000,-55000
059452,全新永豐99購03  ,0,0,0,0,0,0,0,0,0,-55000,0,0,0,0,55000,-55000,-55000
058263,大成鋼永豐99購01,0,0,0,0,0,0,0,0,0,-55000,0,0,0,0,55000,-55000,-55000
8021,尖點            ,43000,98505,-55505,0,0,0,0,0,0,0,0,0,0,0,0,0,-55505
06680P,智邦元大98售06  ,0,0,0,0,0,0,0,0,0,-56000,0,0,0,87000,143000,-56000,-56000
1323,永裕            ,1000,57000,-56000,0,0,0,0,0,0,0,0,0,0,0,0,0,-56000
050551,大立光凱基95購05,0,0,0,0,0,0,0,0,0,-56000,0,0,0,0,56000,-56000,-56000
053113,瀚宇博兆豐97購01,0,0,0,0,0,0,0,0,0,-56000,0,0,0,106000,162000,-56000,-56000
056791,嘉聯益群益98購01,0,0,0,0,0,0,0,0,0,-56000,0,0,0,0,56000,-56000,-56000
057700,新日興群益9A購01,0,0,0,0,0,0,0,0,0,-56000,0,0,0,20000,76000,-56000,-56000
057701,嘉聯益群益98購02,0,0,0,0,0,0,0,0,0,-56000,0,0,0,0,56000,-56000,-56000
056890,國巨元大98購11  ,0,0,0,0,0,0,0,0,0,-56000,0,0,0,0,56000,-56000,-56000
058048,群創元大9B購07  ,0,0,0,0,0,0,0,0,0,-57000,0,0,0,0,57000,-57000,-57000
054842,台達電兆豐98購01,0,0,0,0,0,0,0,0,0,-57000,0,0,0,13000,70000,-57000,-57000
00763U,街口道瓊銅      ,0,0,0,0,0,0,0,0,0,-57000,0,0,0,46000,103000,-57000,-57000
059918,華新科元大99購20,0,0,0,0,0,0,0,0,0,-57000,0,0,0,4000,61000,-57000,-57000
058816,祥碩台新99購02  ,0,0,0,0,0,0,0,0,0,-57000,0,0,0,14000,71000,-57000,-57000
058820,致茂國泰9B購01  ,0,0,0,0,0,0,0,0,0,-57000,0,0,0,15000,72000,-57000,-57000
058441,T50反1台新03購01,0,0,0,0,0,0,0,0,0,-57000,0,0,0,0,57000,-57000,-57000
06568P,國巨永豐98售05  ,0,0,0,0,0,0,0,0,0,-58000,0,0,0,95000,153000,-58000,-58000
061187,瀚宇博國泰9C購01,0,0,0,0,0,0,0,0,0,-58000,0,0,0,26000,84000,-58000,-58000
060155,友訊永豐9A購01  ,0,0,0,0,0,0,0,0,0,-58000,0,0,0,0,58000,-58000,-58000
052739,國巨元大96購04  ,0,0,0,0,0,0,0,0,0,-58000,0,0,0,0,58000,-58000,-58000
052865,大立光凱基96購11,0,0,0,0,0,0,0,0,0,-58000,0,0,0,0,58000,-58000,-58000
052159,瑞昱永豐95購01  ,0,0,0,0,0,0,0,0,0,-58000,0,0,0,0,58000,-58000,-58000
054745,智易凱基97購01  ,0,0,0,0,0,0,0,0,0,-58000,0,0,0,42000,100000,-58000,-58000
053173,矽格群益97購01  ,0,0,0,0,0,0,0,0,0,-58000,0,0,0,0,58000,-58000,-58000
2850,新產            ,8000,66000,-58000,0,0,0,0,0,0,0,0,0,0,0,0,0,-58000
060092,瑞昱元大99購03  ,0,0,0,0,0,0,0,0,0,-59000,0,0,0,45000,104000,-59000,-59000
060363,美律元富9A購01  ,0,0,0,0,0,0,0,0,0,-59000,0,0,0,143000,202000,-59000,-59000
060863,聯發科永豐9A購02,0,0,0,0,0,0,0,0,0,-59000,0,0,0,0,59000,-59000,-59000
060808,欣興群益9A購01  ,0,0,0,0,0,0,0,0,0,-59000,0,0,0,0,59000,-59000,-59000
06921P,台光電凱基98售06,0,0,0,0,0,0,0,0,0,-59000,0,0,0,0,59000,-59000,-59000
050651,大立光凱基96購02,0,0,0,0,0,0,0,0,0,-59000,0,0,0,0,59000,-59000,-59000
058910,泰鼎元大99購03  ,0,0,0,0,0,0,0,0,0,-59000,0,0,0,225000,284000,-59000,-59000
059459,訊芯永豐99購04  ,0,0,0,0,0,0,0,0,0,-59000,0,0,0,36000,95000,-59000,-59000
059297,大立光元富9C購01,0,0,0,0,0,0,0,0,0,-59000,0,0,0,15000,74000,-59000,-59000
07444P,聯發科凱基9A售10,0,0,0,0,0,0,0,0,0,-60000,0,0,0,50000,110000,-60000,-60000
07147P,高鐵元大99售01  ,0,0,0,0,0,0,0,0,0,-60000,0,0,0,23000,83000,-60000,-60000
07477P,國巨群益9A售04  ,0,0,0,0,0,0,0,0,0,-60000,0,0,0,202000,262000,-60000,-60000
07592P,台灣50元大9A售17,0,0,0,0,0,0,0,0,0,-60000,0,0,0,0,60000,-60000,-60000
061322,華新科凱基9A購12,0,0,0,0,0,0,0,0,0,-60000,0,0,0,0,60000,-60000,-60000
061390,大立光群益9A購04,0,0,0,0,0,0,0,0,0,-60000,0,0,0,0,60000,-60000,-60000
061396,台灣50台新9C購03,0,0,0,0,0,0,0,0,0,-60000,0,0,0,0,60000,-60000,-60000
060460,鴻海元大9A購08  ,0,0,0,0,0,0,0,0,0,-60000,0,0,0,0,60000,-60000,-60000
060604,宏達電凱基9B購01,0,0,0,0,0,0,0,0,0,-60000,0,0,0,0,60000,-60000,-60000
049458,SP黃豆元富96購01,0,0,0,0,0,0,0,0,0,-60000,0,0,0,0,60000,-60000,-60000
052069,聯茂兆豐96購01  ,0,0,0,0,0,0,0,0,0,-60000,0,0,0,0,60000,-60000,-60000
052052,嘉澤凱基95購02  ,0,0,0,0,0,0,0,0,0,-60000,0,0,0,0,60000,-60000,-60000
056075,瀚宇博元大97購03,0,0,0,0,0,0,0,0,0,-60000,0,0,0,18000,78000,-60000,-60000
052897,緯創群益96購03  ,0,0,0,0,0,0,0,0,0,-60000,0,0,0,0,60000,-60000,-60000
055663,崇越中信97購01  ,0,0,0,0,0,0,0,0,0,-60000,0,0,0,0,60000,-60000,-60000
055376,群創元大01購01  ,0,0,0,0,0,0,0,0,0,-60000,0,0,0,0,60000,-60000,-60000
059298,大立光元富9C購02,0,0,0,0,0,0,0,0,0,-60000,0,0,0,16000,76000,-60000,-60000
059354,臺指反富邦9B購01,0,0,0,0,0,0,0,0,0,-60000,0,0,0,0,60000,-60000,-60000
059403,T50反1台新03購03,20000,0,20000,0,0,0,0,0,0,-80000,0,0,0,0,80000,-80000,-60000
060043,全新群益9B購02  ,0,0,0,0,0,0,0,0,0,-60000,0,0,0,16000,76000,-60000,-60000
059162,國巨凱基99購12  ,0,0,0,0,0,0,0,0,0,-60000,0,0,0,2000,62000,-60000,-60000
057226,上銀凱基98購06  ,0,0,0,0,0,0,0,0,0,-60000,0,0,0,10000,70000,-60000,-60000
058580,華新科群益99購02,0,0,0,0,0,0,0,0,0,-60000,0,0,0,0,60000,-60000,-60000
060630,國巨富邦9C購03  ,0,0,0,0,0,0,0,0,0,-61000,0,0,0,50000,111000,-61000,-61000
061267,玉山金凱基9B購01,0,0,0,0,0,0,0,0,0,-61000,0,0,0,20000,81000,-61000,-61000
061244,和碩兆豐9A購01  ,0,0,0,0,0,0,0,0,0,-61000,0,0,0,107000,168000,-61000,-61000
055432,臻鼎群益97購02  ,0,0,0,0,0,0,0,0,0,-61000,0,0,0,98000,159000,-61000,-61000
050122,臺指反凱基96購01,0,0,0,0,0,0,0,0,0,-61000,0,0,0,0,61000,-61000,-61000
04907P,超眾國票95售01  ,0,0,0,0,0,0,0,0,0,-61000,0,0,0,19000,80000,-61000,-61000
056618,京元電永豐98購01,0,0,0,0,0,0,0,0,0,-61000,0,0,0,7000,68000,-61000,-61000
057810,技嘉元大98購06  ,0,0,0,0,0,0,0,0,0,-61000,0,0,0,7000,68000,-61000,-61000
057106,美律群益98購03  ,0,0,0,0,0,0,0,0,0,-61000,0,0,0,0,61000,-61000,-61000
057319,奇力新凱基99購02,0,0,0,0,0,0,0,0,0,-61000,0,0,0,48000,109000,-61000,-61000
059967,聯發科凱基99購20,0,0,0,0,0,0,0,0,0,-61000,0,0,0,39000,100000,-61000,-61000
060477,和潤元大9A購01  ,0,0,0,0,0,0,0,0,0,-62000,0,0,0,50000,112000,-62000,-62000
060283,台肥元大9C購01  ,0,0,0,0,0,0,0,0,0,-62000,0,0,0,5000,67000,-62000,-62000
060246,晶相光元大9C購03,0,0,0,0,0,0,0,0,0,-62000,0,0,0,39000,101000,-62000,-62000
1316,上曜            ,26000,88000,-62000,0,0,0,0,0,0,0,0,0,0,0,0,0,-62000
07127P,精元元大99售01  ,0,0,0,0,0,0,0,0,0,-62000,0,0,0,0,62000,-62000,-62000
055805,矽力永豐97購01  ,0,0,0,0,0,0,0,0,0,-62000,0,0,0,77000,139000,-62000,-62000
055714,智邦元大97購03  ,0,0,0,0,0,0,0,0,0,-62000,0,0,0,74000,136000,-62000,-62000
059741,聯發科元富99購07,0,0,0,0,0,0,0,0,0,-62000,0,0,0,3000,65000,-62000,-62000
057876,隆達元大98購01  ,0,0,0,0,0,0,0,0,0,-62000,0,0,0,75000,137000,-62000,-62000
060381,元黃金凱基9A購01,0,0,0,0,0,0,0,0,0,-63000,0,0,0,186000,249000,-63000,-63000
060109,茂林元大99購05  ,0,0,0,0,0,0,0,0,0,-63000,0,0,0,52000,115000,-63000,-63000
060931,GIS永豐9A購01   ,0,0,0,0,0,0,0,0,0,-63000,0,0,0,0,63000,-63000,-63000
053281,茂林元大96購02  ,0,0,0,0,0,0,0,0,0,-63000,0,0,0,18000,81000,-63000,-63000
053480,祥碩元大96購02  ,0,0,0,0,0,0,0,0,0,-63000,0,0,0,54000,117000,-63000,-63000
046630,京元電元富95購03,0,0,0,0,0,0,0,0,0,-63000,0,0,0,3000,66000,-63000,-63000
00766L,台新MSCI中國正2 ,0,0,0,0,0,0,0,0,0,-63000,0,0,0,338000,401000,-63000,-63000
00739,元大MSCI A股    ,3000,0,3000,0,0,0,0,0,0,-66000,0,0,0,157000,223000,-66000,-63000
056395,玉晶光永豐9B購01,0,0,0,0,0,0,0,0,0,-63000,0,0,0,0,63000,-63000,-63000
058093,神達元大9A購01  ,0,0,0,0,0,0,0,0,0,-63000,0,0,0,0,63000,-63000,-63000
058208,百和凱基99購01  ,0,0,0,0,0,0,0,0,0,-63000,0,0,0,7000,70000,-63000,-63000
059004,嘉晶元大99購05  ,0,0,0,0,0,0,0,0,0,-63000,0,0,0,8000,71000,-63000,-63000
059723,美律元大9A購02  ,0,0,0,0,0,0,0,0,0,-63000,0,0,0,66000,129000,-63000,-63000
06448P,華通元大99售01  ,0,0,0,0,0,0,0,0,0,-64000,0,0,0,13000,77000,-64000,-64000
055938,矽力群益97購01  ,0,0,0,0,0,0,0,0,0,-64000,0,0,0,6000,70000,-64000,-64000
054872,瀚宇博群益98購01,0,0,0,0,0,0,0,0,0,-64000,0,0,0,0,64000,-64000,-64000
057225,華新凱基98購01  ,0,0,0,0,0,0,0,0,0,-64000,0,0,0,1000,65000,-64000,-64000
056738,國巨凱基9A購02  ,0,0,0,0,0,0,0,0,0,-64000,0,0,0,0,64000,-64000,-64000
07561P,玉晶光永豐9A售02,0,0,0,0,0,0,0,0,0,-65000,0,0,0,30000,95000,-65000,-65000
07570P,旺宏凱基9A售04  ,0,0,0,0,0,0,0,0,0,-65000,0,0,0,100000,165000,-65000,-65000
07620P,國巨統一9B售07  ,0,0,0,0,0,0,0,0,0,-65000,0,0,0,41000,106000,-65000,-65000
060895,華新科凱基9B購05,0,0,0,0,0,0,0,0,0,-65000,0,0,0,0,65000,-65000,-65000
060898,世芯凱基9A購03  ,0,0,0,0,0,0,0,0,0,-65000,0,0,0,44000,109000,-65000,-65000
061053,國巨群益9A購08  ,0,0,0,0,0,0,0,0,0,-65000,0,0,0,24000,89000,-65000,-65000
055318,華通國票98購01  ,0,0,0,0,0,0,0,0,0,-65000,0,0,0,23000,88000,-65000,-65000
055615,宏達電國票99購02,0,0,0,0,0,0,0,0,0,-65000,0,0,0,0,65000,-65000,-65000
053469,光磊元大97購01  ,0,0,0,0,0,0,0,0,0,-65000,0,0,0,150000,215000,-65000,-65000
052858,華通凱基97購02  ,0,0,0,0,0,0,0,0,0,-65000,0,0,0,0,65000,-65000,-65000
058147,鈺齊元大99購01  ,0,0,0,0,0,0,0,0,0,-65000,0,0,0,30000,95000,-65000,-65000
058797,大毅元大99購03  ,0,0,0,0,0,0,0,0,0,-65000,0,0,0,20000,85000,-65000,-65000
056481,創意元大98購01  ,0,0,0,0,0,0,0,0,0,-65000,0,0,0,0,65000,-65000,-65000
057100,國巨中信9A購02  ,0,0,0,0,0,0,0,0,0,-65000,0,0,0,0,65000,-65000,-65000
059173,矽力凱基99購01  ,0,0,0,0,0,0,0,0,0,-65000,0,0,0,65000,130000,-65000,-65000
059157,元石油凱基9C購01,0,0,0,0,0,0,0,0,0,-65000,0,0,0,0,65000,-65000,-65000
059537,大立光凱基99購09,0,0,0,0,0,0,0,0,0,-65000,0,0,0,0,65000,-65000,-65000
8131,福懋科          ,25000,90000,-65000,0,0,0,0,1000,-1000,1000,0,1000,-1000,4000,2000,2000,-65000
9136,巨騰-DR         ,197000,262000,-65000,0,0,0,0,0,0,0,0,0,0,0,0,0,-65000
061035,亞光永豐9A購01  ,0,0,0,0,0,0,0,0,0,-66000,0,0,0,0,66000,-66000,-66000
060111,臻鼎元大99購04  ,0,0,0,0,0,0,0,0,0,-66000,0,0,0,0,66000,-66000,-66000
060347,大立光統一02購01,0,0,0,0,0,0,0,0,0,-66000,0,0,0,5000,71000,-66000,-66000
060707,台郡富邦9A購01  ,0,0,0,0,0,0,0,0,0,-66000,0,0,0,174000,240000,-66000,-66000
060673,旺宏元大9A購04  ,0,0,0,0,0,0,0,0,0,-66000,0,0,0,19000,85000,-66000,-66000
07579P,聯茂元大9A售01  ,0,0,0,0,0,0,0,0,0,-66000,0,0,0,120000,186000,-66000,-66000
07452P,國巨元大9A售05  ,0,0,0,0,0,0,0,0,0,-66000,0,0,0,3000,69000,-66000,-66000
053485,矽創國票97購04  ,0,0,0,0,0,0,0,0,0,-66000,0,0,0,0,66000,-66000,-66000
055919,景碩凱基98購02  ,0,0,0,0,0,0,0,0,0,-66000,0,0,0,10000,76000,-66000,-66000
059353,滬深2X富邦9A購02,0,0,0,0,0,0,0,0,0,-66000,0,0,0,4000,70000,-66000,-66000
057214,瑞昱群益98購01  ,0,0,0,0,0,0,0,0,0,-66000,0,0,0,17000,83000,-66000,-66000
057113,祥碩群益98購01  ,0,0,0,0,0,0,0,0,0,-66000,0,0,0,76000,142000,-66000,-66000
057977,台光電永豐98購02,0,0,0,0,0,0,0,0,0,-66000,0,0,0,0,66000,-66000,-66000
6582,申豐            ,146000,180000,-34000,0,0,0,0,0,0,-32000,5000,35000,-30000,0,2000,-2000,-66000
4737,華廣            ,0,66000,-66000,0,0,0,0,0,0,0,0,0,0,0,0,0,-66000
3557,嘉威            ,21000,87000,-66000,0,0,0,0,0,0,0,0,0,0,0,0,0,-66000
07568P,鴻海凱基9A售22  ,0,0,0,0,0,0,0,0,0,-67000,0,0,0,125000,192000,-67000,-67000
1528,恩德            ,3000,70000,-67000,0,0,0,0,0,0,0,0,0,0,0,0,0,-67000
060277,道瓊反元大9A購02,0,0,0,0,0,0,0,0,0,-67000,0,0,0,0,67000,-67000,-67000
060267,上緯控國票9C購01,0,0,0,0,0,0,0,0,0,-67000,0,0,0,10000,77000,-67000,-67000
054913,億光凱基97購01  ,0,0,0,0,0,0,0,0,0,-67000,0,0,0,0,67000,-67000,-67000
054442,啟碁台新96購01  ,0,0,0,0,0,0,0,0,0,-67000,0,0,0,0,67000,-67000,-67000
054383,傳奇群益97購01  ,0,0,0,0,0,0,0,0,0,-67000,0,0,0,0,67000,-67000,-67000
052388,旺宏群益96購05  ,0,0,0,0,0,0,0,0,0,-67000,0,0,0,182000,249000,-67000,-67000
058752,鈺齊凱基9A購01  ,0,0,0,0,0,0,0,0,0,-67000,0,0,0,1000,68000,-67000,-67000
058596,旺宏台新99購01  ,0,0,0,0,0,0,0,0,0,-67000,0,0,0,47000,114000,-67000,-67000
057872,旺宏元大99購06  ,0,0,0,0,0,0,0,0,0,-67000,0,0,0,452000,519000,-67000,-67000
059912,國巨元大99購28  ,0,0,0,0,0,0,0,0,0,-67000,0,0,0,1368000,1435000,-67000,-67000
2607,榮運            ,231000,298000,-67000,0,0,0,0,0,0,0,0,0,0,0,0,0,-67000
060679,聯詠元大9A購04  ,0,0,0,0,0,0,0,0,0,-68000,0,0,0,0,68000,-68000,-68000
060878,奇力新中信9C購01,0,0,0,0,0,0,0,0,0,-68000,0,0,0,112000,180000,-68000,-68000
060761,南亞科元大9A購05,0,0,0,0,0,0,0,0,0,-68000,0,0,0,35000,103000,-68000,-68000
061379,鈺齊永豐9A購02  ,0,0,0,0,0,0,0,0,0,-68000,0,0,0,0,68000,-68000,-68000
061334,華通元大9A購09  ,0,0,0,0,0,0,0,0,0,-68000,0,0,0,1000,69000,-68000,-68000
06657P,寶成元大98售01  ,0,0,0,0,0,0,0,0,0,-68000,0,0,0,39000,107000,-68000,-68000
055835,華邦電元大97購03,0,0,0,0,0,0,0,0,0,-68000,0,0,0,0,68000,-68000,-68000
054041,鴻海元大96購22  ,0,0,0,0,0,0,0,0,0,-68000,0,0,0,0,68000,-68000,-68000
054052,日月光元大96購06,0,0,0,0,0,0,0,0,0,-68000,0,0,0,0,68000,-68000,-68000
054261,智伸科元大96購03,0,0,0,0,0,0,0,0,0,-68000,0,0,0,0,68000,-68000,-68000
055490,台光電元大97購01,0,0,0,0,0,0,0,0,0,-68000,0,0,0,0,68000,-68000,-68000
055349,京元電凱基97購02,0,0,0,0,0,0,0,0,0,-68000,0,0,0,0,68000,-68000,-68000
055846,大立光元大97購09,0,0,0,0,0,0,0,0,0,-68000,0,0,0,0,68000,-68000,-68000
055859,啟碁元大97購03  ,0,0,0,0,0,0,0,0,0,-68000,0,0,0,0,68000,-68000,-68000
056057,華邦電元大97購05,0,0,0,0,0,0,0,0,0,-68000,0,0,0,0,68000,-68000,-68000
053376,鴻海元大96購19  ,0,0,0,0,0,0,0,0,0,-68000,0,0,0,1000,69000,-68000,-68000
059988,大立光元大9A購02,0,0,0,0,0,0,0,0,0,-68000,0,0,0,0,68000,-68000,-68000
057377,康控元大99購02  ,0,0,0,0,0,0,0,0,0,-68000,0,0,0,35000,103000,-68000,-68000
057449,華新科元富99購02,0,0,0,0,0,0,0,0,0,-68000,0,0,0,0,68000,-68000,-68000
057189,康控元大98購02  ,0,0,0,0,0,0,0,0,0,-68000,0,0,0,0,68000,-68000,-68000
057637,上銀元大98購07  ,0,0,0,0,0,0,0,0,0,-68000,0,0,0,0,68000,-68000,-68000
056693,國產群益98購01  ,0,0,0,0,0,0,0,0,0,-68000,0,0,0,30000,98000,-68000,-68000
058526,鈺齊元大99購02  ,0,0,0,0,0,0,0,0,0,-68000,0,0,0,32000,100000,-68000,-68000
2617,台航            ,0,68000,-68000,0,0,0,0,0,0,0,0,0,0,0,0,0,-68000
2362,藍天            ,96000,157000,-61000,0,0,0,0,0,0,-8000,0,2000,-2000,0,6000,-6000,-69000
07535P,上銀元富9A售03  ,0,0,0,0,0,0,0,0,0,-69000,0,0,0,43000,112000,-69000,-69000
060239,國揚元大9C購01  ,0,0,0,0,0,0,0,0,0,-69000,0,0,0,84000,153000,-69000,-69000
060131,GIS永豐99購03   ,0,0,0,0,0,0,0,0,0,-69000,0,0,0,20000,89000,-69000,-69000
053506,南茂兆豐97購01  ,0,0,0,0,0,0,0,0,0,-69000,0,0,0,15000,84000,-69000,-69000
058026,上銀富邦9A購01  ,0,0,0,0,0,0,0,0,0,-69000,0,0,0,22000,91000,-69000,-69000
04788P,台積電永昌96售05,0,0,0,0,0,0,0,0,0,-69000,0,0,0,0,69000,-69000,-69000
056649,智易凱基98購01  ,0,0,0,0,0,0,0,0,0,-69000,0,0,0,0,69000,-69000,-69000
056846,晶相光元富98購01,0,0,0,0,0,0,0,0,0,-69000,0,0,0,60000,129000,-69000,-69000
059203,勤誠永豐99購02  ,0,0,0,0,0,0,0,0,0,-69000,0,0,0,61000,130000,-69000,-69000
059717,國巨元大99購21  ,0,0,0,0,0,0,0,0,0,-69000,0,0,0,8000,77000,-69000,-69000
059729,群創元大9C購05  ,0,0,0,0,0,0,0,0,0,-69000,0,0,0,88000,157000,-69000,-69000
059865,國巨凱基01購01  ,0,0,0,0,0,0,0,0,0,-69000,0,0,0,127000,196000,-69000,-69000
060360,南亞科元富9A購02,0,0,0,0,0,0,0,0,0,-70000,0,0,0,7000,77000,-70000,-70000
060960,金像電凱基9B購01,0,0,0,0,0,0,0,0,0,-70000,0,0,0,10000,80000,-70000,-70000
060886,國巨統一01購03  ,0,0,0,0,0,0,0,0,0,-70000,0,0,0,10000,80000,-70000,-70000
07140P,台灣50日盛99售01,0,0,0,0,0,0,0,0,0,-70000,0,0,0,5000,75000,-70000,-70000
053585,友達元大9C購03  ,0,0,0,0,0,0,0,0,0,-70000,0,0,0,0,70000,-70000,-70000
052604,建準元大97購01  ,0,0,0,0,0,0,0,0,0,-70000,0,0,0,0,70000,-70000,-70000
053321,智原群益96購02  ,0,0,0,0,0,0,0,0,0,-70000,0,0,0,0,70000,-70000,-70000
055437,禾伸堂中信99購01,0,0,0,0,0,0,0,0,0,-70000,0,0,0,87000,157000,-70000,-70000
054874,帆宣群益99購02  ,0,0,0,0,0,0,0,0,0,-70000,0,0,0,30000,100000,-70000,-70000
059815,SP黃豆凱基9A購03,0,0,0,0,0,0,0,0,0,-70000,0,0,0,0,70000,-70000,-70000
059980,台積電元大99購50,0,0,0,0,0,0,0,0,0,-70000,0,0,0,10000,80000,-70000,-70000
059942,全新永豐99購04  ,0,0,0,0,0,0,0,0,0,-70000,0,0,0,26000,96000,-70000,-70000
057238,群創凱基9B購03  ,0,0,0,0,0,0,0,0,0,-70000,0,0,0,0,70000,-70000,-70000
056819,奇力新永豐98購01,0,0,0,0,0,0,0,0,0,-70000,0,0,0,0,70000,-70000,-70000
057007,奇力新中信98購04,0,0,0,0,0,0,0,0,0,-70000,0,0,0,0,70000,-70000,-70000
058503,鴻海元大99購14  ,0,0,0,0,0,0,0,0,0,-70000,0,0,0,155000,225000,-70000,-70000
05793P,臺股指中信99售08,0,0,0,0,0,0,0,0,0,-70000,0,0,0,0,70000,-70000,-70000
056732,國巨凱基98購07  ,0,0,0,0,0,0,0,0,0,-70000,0,0,0,0,70000,-70000,-70000
057616,聯電凱基99購01  ,0,0,0,0,0,0,0,0,0,-70000,0,0,0,48000,118000,-70000,-70000
057826,祥碩元大98購08  ,0,0,0,0,0,0,0,0,0,-70000,0,0,0,37000,107000,-70000,-70000
056456,群創凱基9B購01  ,0,0,0,0,0,0,0,0,0,-70000,0,0,0,0,70000,-70000,-70000
2536,宏普            ,10000,50000,-40000,0,0,0,0,30000,-30000,0,0,0,0,0,0,0,-70000
06614P,祥碩永豐98售03  ,0,0,0,0,0,0,0,0,0,-71000,0,0,0,188000,259000,-71000,-71000
06172P,台虹永豐97售02  ,0,0,0,0,0,0,0,0,0,-71000,0,0,0,99000,170000,-71000,-71000
060917,台表科國泰9B購01,0,0,0,0,0,0,0,0,0,-71000,0,0,0,0,71000,-71000,-71000
060876,國巨中信9A購04  ,0,0,0,0,0,0,0,0,0,-71000,0,0,0,0,71000,-71000,-71000
061339,京元電元大9A購05,0,0,0,0,0,0,0,0,0,-71000,0,0,0,0,71000,-71000,-71000
061237,晶技元大9A購01  ,0,0,0,0,0,0,0,0,0,-71000,0,0,0,30000,101000,-71000,-71000
060364,奇力新元富9A購01,0,0,0,0,0,0,0,0,0,-71000,0,0,0,1057000,1128000,-71000,-71000
055352,奇力新凱基97購01,0,0,0,0,0,0,0,0,0,-71000,0,0,0,0,71000,-71000,-71000
055177,宏達電統一99購01,0,0,0,0,0,0,0,0,0,-71000,0,0,0,0,71000,-71000,-71000
057526,智邦元大98購10  ,0,0,0,0,0,0,0,0,0,-71000,0,0,0,15000,86000,-71000,-71000
03094X,大立光元大68展08,0,0,0,0,0,0,0,0,0,-71000,0,0,0,0,71000,-71000,-71000
057374,禾伸堂元大99購03,0,0,0,0,0,0,0,0,0,-71000,0,0,0,251000,322000,-71000,-71000
057071,華擎永豐98購02  ,0,0,0,0,0,0,0,0,0,-71000,0,0,0,220000,291000,-71000,-71000
059680,台積電國泰9A購03,0,0,0,0,0,0,0,0,0,-71000,0,0,0,307000,378000,-71000,-71000
2535,達欣工          ,29000,100000,-71000,0,0,0,0,0,0,0,0,0,0,0,0,0,-71000
4915,致伸            ,297000,356000,-59000,0,0,0,0,1000,-1000,-11000,0,1000,-1000,1000,11000,-10000,-71000
060188,華新科元富9A購03,0,0,0,0,0,0,0,0,0,-72000,0,0,0,24000,96000,-72000,-72000
061301,華新科永豐9A購03,0,0,0,0,0,0,0,0,0,-72000,0,0,0,2000,74000,-72000,-72000
060764,華擎元大9A購03  ,0,0,0,0,0,0,0,0,0,-72000,0,0,0,237000,309000,-72000,-72000
060918,康友國泰9C購01  ,0,0,0,0,0,0,0,0,0,-72000,0,0,0,200000,272000,-72000,-72000
07391P,台灣50國泰02售01,0,0,0,0,0,0,0,0,0,-72000,0,0,0,0,72000,-72000,-72000
050842,旺宏國票97購01  ,0,0,0,0,0,0,0,0,0,-72000,0,0,0,0,72000,-72000,-72000
052429,禾伸堂永豐95購02,0,0,0,0,0,0,0,0,0,-72000,0,0,0,0,72000,-72000,-72000
052816,上銀永豐96購01  ,0,0,0,0,0,0,0,0,0,-72000,0,0,0,18000,90000,-72000,-72000
054091,晶豪科群益96購01,0,0,0,0,0,0,0,0,0,-72000,0,0,0,0,72000,-72000,-72000
053364,友達國泰98購01  ,0,0,0,0,0,0,0,0,0,-72000,0,0,0,0,72000,-72000,-72000
055240,京元電元富97購01,0,0,0,0,0,0,0,0,0,-72000,0,0,0,1000,73000,-72000,-72000
055619,同欣電國票98購02,0,0,0,0,0,0,0,0,0,-72000,0,0,0,0,72000,-72000,-72000
054525,奇鋐元富96購01  ,0,0,0,0,0,0,0,0,0,-72000,0,0,0,0,72000,-72000,-72000
057428,正崴兆豐98購01  ,0,0,0,0,0,0,0,0,0,-72000,0,0,0,147000,219000,-72000,-72000
059077,FBVIX元大99購05 ,0,0,0,0,0,0,0,0,0,-72000,0,0,0,1000,73000,-72000,-72000
2520,冠德            ,39000,161000,-122000,0,0,0,0,0,0,50000,22000,0,22000,28000,0,28000,-72000
2206,三陽工業        ,0,63000,-63000,0,0,0,0,0,0,-10000,0,10000,-10000,0,0,0,-73000
057824,日月光元大98購01,0,0,0,0,0,0,0,0,0,-73000,0,0,0,13000,86000,-73000,-73000
057553,景碩凱基98購03  ,0,0,0,0,0,0,0,0,0,-73000,0,0,0,18000,91000,-73000,-73000
058476,旺宏凱基9A購01  ,0,0,0,0,0,0,0,0,0,-73000,0,0,0,0,73000,-73000,-73000
2514,龍邦            ,10000,75000,-65000,0,0,0,0,7000,-7000,-1000,0,1000,-1000,0,0,0,-73000
1723,中碳            ,42000,115000,-73000,0,0,0,0,0,0,-1000,0,1000,-1000,0,0,0,-74000
07067P,旺宏台新99售02  ,0,0,0,0,0,0,0,0,0,-74000,0,0,0,29000,103000,-74000,-74000
07085P,超眾元富9C售01  ,0,0,0,0,0,0,0,0,0,-74000,0,0,0,0,74000,-74000,-74000
060715,日電貿永豐9A購01,0,0,0,0,0,0,0,0,0,-74000,0,0,0,0,74000,-74000,-74000
060124,奇力新永豐99購03,0,0,0,0,0,0,0,0,0,-74000,0,0,0,6000,80000,-74000,-74000
055962,晶豪科元大97購02,0,0,0,0,0,0,0,0,0,-74000,0,0,0,2000,76000,-74000,-74000
051319,光磊國票96購02  ,0,0,0,0,0,0,0,0,0,-74000,0,0,0,0,74000,-74000,-74000
058309,大毅元大99購02  ,0,0,0,0,0,0,0,0,0,-74000,0,0,0,3000,77000,-74000,-74000
059689,南亞科永豐99購02,0,0,0,0,0,0,0,0,0,-74000,0,0,0,0,74000,-74000,-74000
060500,鴻海元大9A購12  ,0,0,0,0,0,0,0,0,0,-75000,0,0,0,0,75000,-75000,-75000
060760,南亞科元大9A購04,0,0,0,0,0,0,0,0,0,-75000,0,0,0,0,75000,-75000,-75000
07251P,台灣50元富01售04,0,0,0,0,0,0,0,0,0,-75000,0,0,0,0,75000,-75000,-75000
07583P,台積電富邦9B售05,0,0,0,0,0,0,0,0,0,-75000,0,0,0,5000,80000,-75000,-75000
07711P,世芯元大9A售07  ,0,0,0,0,0,0,0,0,0,-75000,0,0,0,20000,95000,-75000,-75000
053710,華通凱基96購05  ,0,0,0,0,0,0,0,0,0,-75000,0,0,0,0,75000,-75000,-75000
054778,世紀鋼國票99購01,0,0,0,0,0,0,0,0,0,-75000,0,0,0,21000,96000,-75000,-75000
054716,緯穎康和97購01  ,0,0,0,0,0,0,0,0,0,-75000,0,0,0,49000,124000,-75000,-75000
059296,大立光元富99購06,0,0,0,0,0,0,0,0,0,-75000,0,0,0,56000,131000,-75000,-75000
056953,智邦富邦98購02  ,0,0,0,0,0,0,0,0,0,-75000,0,0,0,199000,274000,-75000,-75000
3030,德律            ,15000,88000,-73000,0,0,0,0,1000,-1000,-1000,0,1000,-1000,0,0,0,-75000
07539P,玉山金台新9A售01,0,0,0,0,0,0,0,0,0,-76000,0,0,0,8000,84000,-76000,-76000
07375P,台積電元大99售48,0,0,0,0,0,0,0,0,0,-76000,0,0,0,25000,101000,-76000,-76000
060556,緯穎凱基9A購04  ,0,0,0,0,0,0,0,0,0,-76000,0,0,0,50000,126000,-76000,-76000
060534,友達麥證9A購01  ,0,0,0,4000,80000,-76000,0,0,0,-76000,0,0,0,4000,80000,-76000,-76000
05609P,國泰金凱基96售01,0,0,0,0,0,0,0,0,0,-76000,0,0,0,54000,130000,-76000,-76000
053536,明泰永豐96購01  ,0,0,0,0,0,0,0,0,0,-76000,0,0,0,35000,111000,-76000,-76000
059754,訊芯群益9A購01  ,0,0,0,0,0,0,0,0,0,-76000,0,0,0,30000,106000,-76000,-76000
058116,正崴中信99購02  ,0,0,0,0,0,0,0,0,0,-76000,0,0,0,248000,324000,-76000,-76000
2355,敬鵬            ,148000,218000,-70000,0,0,0,0,0,0,-7000,0,7000,-7000,0,0,0,-77000
056710,漢唐永豐98購01  ,0,0,0,0,0,0,0,0,0,-77000,0,0,0,23000,100000,-77000,-77000
058911,茂林元大99購04  ,0,0,0,0,0,0,0,0,0,-77000,0,0,0,118000,195000,-77000,-77000
058686,祥碩凱基99購03  ,0,0,0,0,0,0,0,0,0,-77000,0,0,0,200000,277000,-77000,-77000
059455,玉晶光永豐99購05,0,0,0,0,0,0,0,0,0,-77000,0,0,0,8000,85000,-77000,-77000
2375,凱美            ,494000,610000,-116000,0,0,0,0,0,0,38000,0,1000,-1000,39000,0,39000,-78000
07263P,台積電元大99售37,0,0,0,0,0,0,0,0,0,-78000,0,0,0,994000,1072000,-78000,-78000
052130,國巨凱基9B購01  ,0,0,0,0,0,0,0,0,0,-78000,0,0,0,10000,88000,-78000,-78000
059634,可成凱基99購07  ,0,0,0,0,0,0,0,0,0,-78000,0,0,0,0,78000,-78000,-78000
056786,亞光群益98購03  ,0,0,0,0,0,0,0,0,0,-78000,0,0,0,0,78000,-78000,-78000
4532,瑞智            ,2000,80000,-78000,0,0,0,0,0,0,0,0,0,0,0,0,0,-78000
8464,億豐            ,125195,201660,-76465,0,0,0,0,0,0,-2000,0,1000,-1000,0,1000,-1000,-78465
1103,嘉泥            ,43000,109000,-66000,0,0,0,0,6000,-6000,-7000,0,7000,-7000,0,0,0,-79000
061360,智邦兆豐9B購02  ,0,0,0,0,0,0,0,0,0,-79000,0,0,0,0,79000,-79000,-79000
052544,牧德元富95購01  ,0,0,0,0,0,0,0,0,0,-79000,0,0,0,0,79000,-79000,-79000
046813,聯電凱基96購01  ,0,0,0,0,0,0,0,0,0,-79000,0,0,0,14000,93000,-79000,-79000
056196,聯茂富邦98購02  ,0,0,0,0,0,0,0,0,0,-79000,0,0,0,31000,110000,-79000,-79000
07505P,台勝科元大9A售01,0,0,0,0,0,0,0,0,0,-80000,0,0,0,26000,106000,-80000,-80000
04616P,臺股指群益95售02,0,0,0,0,0,0,0,0,0,-80000,0,0,0,2000,82000,-80000,-80000
05011P,南電國泰96售01  ,0,0,0,0,0,0,0,0,0,-80000,0,0,0,25000,105000,-80000,-80000
049007,玉晶光中信96購01,0,0,0,0,0,0,0,0,0,-80000,0,0,0,155000,235000,-80000,-80000
055168,光罩統一98購01  ,0,0,0,0,0,0,0,0,0,-80000,0,0,0,0,80000,-80000,-80000
053141,景碩永豐96購02  ,0,0,0,0,0,0,0,0,0,-80000,0,0,0,0,80000,-80000,-80000
054203,滬深2X國票96購03,0,0,0,0,0,0,0,0,0,-80000,0,0,0,0,80000,-80000,-80000
059630,美律凱基99購07  ,0,0,0,0,0,0,0,0,0,-80000,0,0,0,20000,100000,-80000,-80000
056980,建準群益98購02  ,0,0,0,0,0,0,0,0,0,-80000,0,0,0,0,80000,-80000,-80000
057181,亞光元大98購02  ,0,0,0,0,0,0,0,0,0,-80000,0,0,0,7000,87000,-80000,-80000
07672P,南電元大9A售05  ,0,0,0,0,0,0,0,0,0,-81000,0,0,0,24000,105000,-81000,-81000
061393,緯穎群益9A購01  ,0,0,0,0,0,0,0,0,0,-81000,0,0,0,64000,145000,-81000,-81000
060060,台積電兆豐99購05,0,0,0,0,0,0,0,0,0,-81000,0,0,0,1000,82000,-81000,-81000
060294,嘉澤元大9A購01  ,0,0,0,0,0,0,0,0,0,-81000,0,0,0,365000,446000,-81000,-81000
054254,晶豪科元大96購02,0,0,0,0,0,0,0,0,0,-81000,0,0,0,19000,100000,-81000,-81000
051891,智邦元富95購04  ,0,0,0,0,0,0,0,0,0,-81000,0,0,0,28000,109000,-81000,-81000
052759,京元電群益96購01,0,0,0,0,0,0,0,0,0,-81000,0,0,0,69000,150000,-81000,-81000
056928,旺宏台新98購01  ,0,0,0,0,0,0,0,0,0,-81000,0,0,0,40000,121000,-81000,-81000
056882,華邦電康和98購01,0,0,0,0,0,0,0,0,0,-81000,0,0,0,53000,134000,-81000,-81000
059054,國巨凱基99購11  ,0,0,0,0,0,0,0,0,0,-81000,0,0,0,0,81000,-81000,-81000
060042,台積電群益99購12,0,0,0,0,0,0,0,0,0,-81000,0,0,0,141000,222000,-81000,-81000
056286,奇鋐永豐97購01  ,0,0,0,0,0,0,0,0,0,-81000,0,0,0,1000,82000,-81000,-81000
058283,世紀鋼中信99購01,0,0,0,0,0,0,0,0,0,-81000,0,0,0,59000,140000,-81000,-81000
058573,鴻海群益9A購02  ,0,0,0,0,0,0,0,0,0,-81000,0,0,0,247000,328000,-81000,-81000
060196,泰鼎元富9A購01  ,0,0,0,0,0,0,0,0,0,-82000,0,0,0,4000,86000,-82000,-82000
1104,環泥            ,25000,106000,-81000,0,0,0,0,1000,-1000,0,0,0,0,0,0,0,-82000
06507P,台表科國票99售01,0,0,0,0,0,0,0,0,0,-82000,0,0,0,20000,102000,-82000,-82000
052513,大立光凱基95購13,0,0,0,0,0,0,0,0,0,-82000,0,0,0,0,82000,-82000,-82000
051277,聯發科中信9A購01,0,0,0,0,0,0,0,0,0,-82000,0,0,0,0,82000,-82000,-82000
058532,禾伸堂元富99購01,0,0,0,0,0,0,0,0,0,-82000,0,0,0,253000,335000,-82000,-82000
058438,大立光統一9B購01,0,0,0,0,0,0,0,0,0,-82000,0,0,0,34000,116000,-82000,-82000
05628P,茂林國票97售02  ,0,0,0,0,0,0,0,0,0,-82000,0,0,0,0,82000,-82000,-82000
058222,玉晶光統一9B購01,0,0,0,0,0,0,0,0,0,-82000,0,0,0,0,82000,-82000,-82000
059816,聯電凱基99購03  ,0,0,0,0,0,0,0,0,0,-82000,0,0,0,69000,151000,-82000,-82000
059561,滬深2X凱基9C購05,0,0,0,0,0,0,0,0,0,-82000,0,0,0,0,82000,-82000,-82000
3023,信邦            ,505510,696354,-190844,0,0,0,110000,0,110000,-2000,6000,7000,-1000,18000,19000,-1000,-82844
060999,國巨兆豐9A購01  ,0,0,0,0,0,0,0,0,0,-83000,0,0,0,4000,87000,-83000,-83000
053958,京元電永豐96購01,0,0,0,0,0,0,0,0,0,-83000,0,0,0,1000,84000,-83000,-83000
058399,美律元大99購05  ,0,0,0,0,0,0,0,0,0,-83000,0,0,0,5000,88000,-83000,-83000
057973,神達富邦9A購01  ,0,0,0,0,0,0,0,0,0,-83000,0,0,0,82000,165000,-83000,-83000
058700,鴻海元大99購15  ,0,0,0,0,0,0,0,0,0,-83000,0,0,0,10000,93000,-83000,-83000
07094P,華通國票9A售03  ,0,0,0,0,0,0,0,0,0,-84000,0,0,0,0,84000,-84000,-84000
07502P,美食元大9A售01  ,2000,0,2000,0,0,0,0,0,0,-86000,0,0,0,0,86000,-86000,-84000
2010,春源            ,1000,85000,-84000,0,0,0,0,0,0,0,0,0,0,0,0,0,-84000
054408,義隆國票98購01  ,0,0,0,0,0,0,0,0,0,-84000,0,0,0,11000,95000,-84000,-84000
055090,國巨群益97購03  ,0,0,0,0,0,0,0,0,0,-84000,0,0,0,0,84000,-84000,-84000
058896,中環元大99購03  ,0,0,0,0,0,0,0,0,0,-84000,0,0,0,0,84000,-84000,-84000
058999,台積電元大99購24,0,0,0,0,0,0,0,0,0,-84000,0,0,0,48000,132000,-84000,-84000
059509,奇力新永豐99購02,0,0,0,0,0,0,0,0,0,-84000,0,0,0,2000,86000,-84000,-84000
07692P,玉晶光元大9A售11,0,0,0,0,0,0,0,0,0,-85000,0,0,0,15000,100000,-85000,-85000
060804,T50反1群益9A購02,0,0,0,0,0,0,0,0,0,-85000,0,0,0,0,85000,-85000,-85000
061055,康控群益9A購01  ,0,0,0,0,0,0,0,0,0,-85000,0,0,0,0,85000,-85000,-85000
060422,台勝科永豐9A購01,0,0,0,0,0,0,0,0,0,-85000,0,0,0,32000,117000,-85000,-85000
055934,景碩群益98購03  ,0,0,0,0,0,0,0,0,0,-85000,0,0,0,3000,88000,-85000,-85000
059461,鈺齊永豐99購03  ,0,0,0,0,0,0,0,0,0,-85000,0,0,0,1000,86000,-85000,-85000
059986,宏達電元大99購08,0,0,0,0,0,0,0,0,0,-85000,0,0,0,0,85000,-85000,-85000
059877,康控凱基99購05  ,0,0,0,0,0,0,0,0,0,-85000,0,0,0,34000,119000,-85000,-85000
057993,中環中信98購01  ,0,0,0,0,0,0,0,0,0,-85000,0,0,0,0,85000,-85000,-85000
3653,健策            ,223000,137000,86000,0,0,0,50000,198000,-148000,-23000,17000,10000,7000,13000,43000,-30000,-85000
1308,亞聚            ,89000,175000,-86000,0,0,0,0,0,0,0,0,0,0,0,0,0,-86000
07560P,台積電國泰9B售01,0,0,0,0,0,0,0,0,0,-86000,0,0,0,223000,309000,-86000,-86000
06674P,祥碩群益98售02  ,0,0,0,0,0,0,0,0,0,-86000,0,0,0,0,86000,-86000,-86000
050894,旺宏元大96購03  ,0,0,0,0,0,0,0,0,0,-86000,0,0,0,10000,96000,-86000,-86000
057946,晶相光國票99購01,0,0,0,0,0,0,0,0,0,-86000,0,0,0,0,86000,-86000,-86000
056644,宏達電凱基98購04,0,0,0,0,0,0,0,0,0,-86000,0,0,0,3000,89000,-86000,-86000
058105,旺宏統一9A購02  ,0,0,0,0,0,0,0,0,0,-86000,0,0,0,0,86000,-86000,-86000
056506,晶豪科永豐98購02,0,0,0,0,0,0,0,0,0,-86000,0,0,0,4000,90000,-86000,-86000
4555,氣立            ,21000,107000,-86000,0,0,0,0,0,0,0,0,0,0,0,0,0,-86000
2484,希華            ,363000,449000,-86000,0,0,0,0,0,0,0,0,0,0,0,0,0,-86000
2911,麗嬰房          ,3000,89000,-86000,0,0,0,0,0,0,0,0,0,0,0,0,0,-86000
054822,祥碩元大97購01  ,0,0,0,0,0,0,0,0,0,-87000,0,0,0,0,87000,-87000,-87000
2913,農林            ,27000,114000,-87000,0,0,0,0,0,0,0,0,0,0,0,0,0,-87000
060777,茂林凱基9C購01  ,0,0,0,0,0,0,0,0,0,-88000,0,0,0,25000,113000,-88000,-88000
054480,和碩中信98購01  ,0,0,0,0,0,0,0,0,0,-88000,0,0,0,123000,211000,-88000,-88000
053998,泰鼎群益98購01  ,0,0,0,0,0,0,0,0,0,-88000,0,0,0,75000,163000,-88000,-88000
057173,南亞科元大98購04,0,0,0,0,0,0,0,0,0,-88000,0,0,0,0,88000,-88000,-88000
059117,禾伸堂永豐99購01,0,0,0,0,0,0,0,0,0,-88000,0,0,0,44000,132000,-88000,-88000
060616,宏碁元大9A購02  ,0,0,0,0,0,0,0,0,0,-89000,0,0,0,105000,194000,-89000,-89000
07644P,南電凱基9A售03  ,0,0,0,0,0,0,0,0,0,-89000,0,0,0,44000,133000,-89000,-89000
04479P,同欣電中信96售02,0,0,0,0,0,0,0,0,0,-89000,0,0,0,270000,359000,-89000,-89000
048850,聯電群益96購01  ,0,0,0,0,0,0,0,0,0,-89000,0,0,0,82000,171000,-89000,-89000
054250,漢唐元大96購04  ,0,0,0,0,0,0,0,0,0,-89000,0,0,0,10000,99000,-89000,-89000
054343,世紀鋼元富96購02,0,0,0,0,0,0,0,0,0,-89000,0,0,0,5000,94000,-89000,-89000
055698,茂林國票98購03  ,0,0,0,0,0,0,0,0,0,-89000,0,0,0,10000,99000,-89000,-89000
057216,聯發科群益99購01,0,0,0,0,0,0,0,0,0,-89000,0,0,0,0,89000,-89000,-89000
058983,旺宏凱基99購05  ,0,0,0,0,0,0,0,0,0,-89000,0,0,0,10000,99000,-89000,-89000
4426,利勤            ,21000,110544,-89544,0,0,0,0,0,0,0,0,0,0,0,0,0,-89544
07546P,玉晶光凱基9A售09,0,0,0,0,0,0,0,0,0,-90000,0,0,0,659000,749000,-90000,-90000
07266P,大立光元大99售19,0,0,0,0,0,0,0,0,0,-90000,0,0,0,0,90000,-90000,-90000
060877,華邦電中信02購01,0,0,0,0,0,0,0,0,0,-90000,0,0,0,0,90000,-90000,-90000
048754,瀚宇博元富97購01,0,0,0,0,0,0,0,0,0,-90000,0,0,0,10000,100000,-90000,-90000
054147,GIS元大96購02   ,0,0,0,0,0,0,0,0,0,-90000,0,0,0,77000,167000,-90000,-90000
054160,華泰凱基98購01  ,0,0,0,0,0,0,0,0,0,-90000,0,0,0,40000,130000,-90000,-90000
052523,奇力新元大97購01,0,0,0,0,0,0,0,0,0,-90000,0,0,0,20000,110000,-90000,-90000
051800,旺宏永豐95購02  ,0,0,0,0,0,0,0,0,0,-90000,0,0,0,42000,132000,-90000,-90000
059030,奇力新兆豐99購03,0,0,0,0,0,0,0,0,0,-90000,0,0,0,0,90000,-90000,-90000
057955,技嘉元大98購07  ,0,0,0,0,0,0,0,0,0,-90000,0,0,0,160000,250000,-90000,-90000
056723,國巨中信9A購01  ,0,0,0,0,0,0,0,0,0,-90000,0,0,0,0,90000,-90000,-90000
058735,南茂永豐99購01  ,0,0,0,0,0,0,0,0,0,-90000,0,0,0,12000,102000,-90000,-90000
059702,台積電凱基9A購14,0,0,0,0,0,0,0,0,0,-90000,0,0,0,108000,198000,-90000,-90000
059938,凱美永豐99購01  ,0,0,0,0,0,0,0,0,0,-90000,0,0,0,0,90000,-90000,-90000
4414,如興            ,273000,354000,-81000,0,0,0,0,0,0,-9000,0,9000,-9000,0,0,0,-90000
2548,華固            ,91000,191000,-100000,0,0,0,2000,1000,1000,9000,10000,1000,9000,0,0,0,-90000
03678C,臺股指凱基01牛02,0,0,0,0,0,0,0,0,0,-91000,0,0,0,269000,360000,-91000,-91000
059295,大立光元富99購05,0,0,0,0,0,0,0,0,0,-91000,0,0,0,100000,191000,-91000,-91000
058339,康友元富99購02  ,0,0,0,0,0,0,0,0,0,-91000,0,0,0,20000,111000,-91000,-91000
058766,力山兆豐99購01  ,0,0,0,0,0,0,0,0,0,-91000,0,0,0,120000,211000,-91000,-91000
07259P,滬深2X國票01售01,0,0,0,0,0,0,0,0,0,-92000,0,0,0,5000,97000,-92000,-92000
07317P,T50正2凱基9B售02,0,0,0,0,0,0,0,0,0,-92000,0,0,0,15000,107000,-92000,-92000
2444,兆勁            ,0,92000,-92000,0,0,0,0,0,0,0,0,0,0,0,0,0,-92000
052068,瑞儀兆豐96購01  ,0,0,0,0,0,0,0,0,0,-92000,0,0,0,5000,97000,-92000,-92000
052490,禾伸堂國票95購01,0,0,0,0,0,0,0,0,0,-92000,0,0,0,0,92000,-92000,-92000
05265P,正崴元大95售03  ,0,0,0,0,0,0,0,0,0,-92000,0,0,0,0,92000,-92000,-92000
053725,晶相光凱基96購01,0,0,0,0,0,0,0,0,0,-92000,0,0,0,0,92000,-92000,-92000
055479,GIS凱基97購04   ,0,0,0,0,0,0,0,0,0,-92000,0,0,0,0,92000,-92000,-92000
058821,泰鼎國泰9B購01  ,0,0,0,0,0,0,0,0,0,-92000,0,0,0,20000,112000,-92000,-92000
059641,群創凱基99購06  ,0,0,0,0,0,0,0,0,0,-92000,0,0,0,106000,198000,-92000,-92000
060301,國巨富邦9C購02  ,0,0,0,0,0,0,0,0,0,-93000,0,0,0,15000,108000,-93000,-93000
052235,聯發科國票96購02,0,0,0,0,0,0,0,0,0,-93000,0,0,0,10000,103000,-93000,-93000
059640,聯詠凱基99購04  ,0,0,0,0,0,0,0,0,0,-93000,0,0,0,13000,106000,-93000,-93000
056488,致新元大99購01  ,0,0,0,0,0,0,0,0,0,-93000,0,0,0,38000,131000,-93000,-93000
056406,建準國票99購01  ,0,0,0,0,0,0,0,0,0,-93000,0,0,0,31000,124000,-93000,-93000
058243,華擎元大99購01  ,0,0,0,0,0,0,0,0,0,-93000,0,0,0,284000,377000,-93000,-93000
3518,柏騰            ,73000,166000,-93000,0,0,0,0,0,0,0,0,0,0,0,0,0,-93000
6288,聯嘉            ,190000,282000,-92000,0,0,0,0,0,0,-1000,4000,5000,-1000,0,0,0,-93000
1802,台玻            ,239000,288000,-49000,0,0,0,0,0,0,-45000,0,45000,-45000,0,0,0,-94000
1592,英瑞-KY         ,2000,96000,-94000,0,0,0,0,0,0,0,0,0,0,0,0,0,-94000
050892,聯電元大96購02  ,0,0,0,0,0,0,0,0,0,-94000,0,0,0,11000,105000,-94000,-94000
05525P,奇力新群益96售02,0,0,0,0,0,0,0,0,0,-94000,0,0,0,40000,134000,-94000,-94000
057569,光磊永豐98購03  ,0,0,0,0,0,0,0,0,0,-94000,0,0,0,138000,232000,-94000,-94000
059645,祥碩凱基99購05  ,0,0,0,0,0,0,0,0,0,-94000,0,0,0,250000,344000,-94000,-94000
05919P,京鼎元大96售03  ,0,0,0,0,0,0,0,0,0,-94000,0,0,0,50000,144000,-94000,-94000
061050,康友中信9A購01  ,0,0,0,0,0,0,0,0,0,-95000,0,0,0,0,95000,-95000,-95000
055726,台表科元大98購03,0,0,0,0,0,0,0,0,0,-95000,0,0,0,6000,101000,-95000,-95000
055736,宏達電元富99購01,0,0,0,0,0,0,0,0,0,-95000,0,0,0,5000,100000,-95000,-95000
049255,旺宏元大97購02  ,0,0,0,0,0,0,0,0,0,-95000,0,0,0,177000,272000,-95000,-95000
053956,旺宏永豐96購04  ,0,0,0,0,0,0,0,0,0,-95000,0,0,0,10000,105000,-95000,-95000
059982,聯發科元大99購37,0,0,0,0,0,0,0,0,0,-95000,0,0,0,580000,675000,-95000,-95000
056237,智邦群益97購02  ,0,0,0,0,0,0,0,0,0,-95000,0,0,0,128000,223000,-95000,-95000
058188,華擎永豐99購01  ,0,0,0,0,0,0,0,0,0,-95000,0,0,0,40000,135000,-95000,-95000
061086,FBVIX統一01購01 ,0,0,0,0,0,0,0,0,0,-96000,0,0,0,0,96000,-96000,-96000
061298,華新科富邦01購02,0,0,0,0,0,0,0,0,0,-96000,0,0,0,20000,116000,-96000,-96000
054075,GIS富邦97購02   ,0,0,0,0,0,0,0,0,0,-96000,0,0,0,0,96000,-96000,-96000
048983,牧德元大95購01  ,0,0,0,0,0,0,0,0,0,-96000,0,0,0,0,96000,-96000,-96000
054439,健策台新96購03  ,0,0,0,0,0,0,0,0,0,-96000,0,0,0,29000,125000,-96000,-96000
056497,GIS國泰99購01   ,0,0,0,0,0,0,0,0,0,-96000,0,0,0,46000,142000,-96000,-96000
059015,華通元富99購02  ,0,0,0,0,0,0,0,0,0,-96000,0,0,0,3000,99000,-96000,-96000
059460,GIS永豐99購02   ,0,0,0,0,0,0,0,0,0,-96000,0,0,0,18000,114000,-96000,-96000
060894,奇力新凱基9A購03,0,0,0,0,0,0,0,0,0,-97000,0,0,0,71000,168000,-97000,-97000
055603,超眾元大97購04  ,0,0,0,0,0,0,0,0,0,-97000,0,0,0,55000,152000,-97000,-97000
057470,易華電永豐98購02,0,0,0,0,0,0,0,0,0,-97000,0,0,0,0,97000,-97000,-97000
053134,南亞科國票97購01,0,0,0,0,0,0,0,0,0,-97000,0,0,0,0,97000,-97000,-97000
055172,凱美統一97購02  ,0,0,0,0,0,0,0,0,0,-97000,0,0,0,69000,166000,-97000,-97000
052860,旺宏凱基96購03  ,0,0,0,0,0,0,0,0,0,-97000,0,0,0,0,97000,-97000,-97000
059957,中信金康和99購01,0,0,0,0,0,0,0,0,0,-97000,0,0,0,183000,280000,-97000,-97000
060030,晶相光永豐99購03,0,0,0,0,0,0,0,0,0,-97000,0,0,0,5000,102000,-97000,-97000
060797,世芯永豐9A購04  ,0,0,0,0,0,0,0,0,0,-98000,0,0,0,9000,107000,-98000,-98000
06765P,欣興元大98售11  ,0,0,0,0,0,0,0,0,0,-98000,0,0,0,27000,125000,-98000,-98000
053810,台達電群益96購01,0,0,0,0,0,0,0,0,0,-98000,0,0,0,0,98000,-98000,-98000
055556,奇力新凱基98購03,0,0,0,0,0,0,0,0,0,-98000,0,0,0,0,98000,-98000,-98000
055407,祥碩國泰98購01  ,0,0,0,0,0,0,0,0,0,-98000,0,0,0,190000,288000,-98000,-98000
055720,宏達電元大97購05,0,0,0,0,0,0,0,0,0,-98000,0,0,0,5000,103000,-98000,-98000
05930P,景碩康和96售01  ,0,0,0,0,0,0,0,0,0,-98000,0,0,0,86000,184000,-98000,-98000
058327,大毅統一9B購01  ,0,0,0,0,0,0,0,0,0,-98000,0,0,0,131000,229000,-98000,-98000
056696,茂林群益98購02  ,0,0,0,0,0,0,0,0,0,-98000,0,0,0,0,98000,-98000,-98000
057733,嘉聯益國泰99購01,0,0,0,0,0,0,0,0,0,-98000,0,0,0,0,98000,-98000,-98000
1532,勤美            ,6000,105000,-99000,0,0,0,0,0,0,0,0,0,0,0,0,0,-99000
07683P,宏達電凱基9A售03,0,0,0,0,0,0,0,0,0,-99000,0,0,0,0,99000,-99000,-99000
060919,滬深2X富邦9B購01,0,0,0,0,0,0,0,0,0,-99000,0,0,0,0,99000,-99000,-99000
060193,群創元富9A購01  ,0,0,0,0,0,0,0,0,0,-99000,0,0,0,52000,151000,-99000,-99000
05252P,華通凱基95售01  ,0,0,0,0,0,0,0,0,0,-99000,0,0,0,61000,160000,-99000,-99000
050996,隆達元大95購01  ,0,0,0,0,0,0,0,0,0,-99000,0,0,0,0,99000,-99000,-99000
059866,國巨凱基99購18  ,0,0,0,0,0,0,0,0,0,-99000,0,0,0,124000,223000,-99000,-99000
8163,達方            ,93000,201000,-108000,0,0,0,0,0,0,9000,20000,11000,9000,0,0,0,-99000
061052,和大群益9A購01  ,0,0,0,0,0,0,0,0,0,-100000,0,0,0,0,100000,-100000,-100000
07514P,台積電元大9A售14,0,0,0,0,0,0,0,0,0,-100000,0,0,0,0,100000,-100000,-100000
07588P,滬深2X國票9C售01,0,0,0,0,0,0,0,0,0,-100000,0,0,0,0,100000,-100000,-100000
07617P,聯發科中信9C售04,0,0,0,0,0,0,0,0,0,-100000,0,0,0,20000,120000,-100000,-100000
06846P,美律元大98售05  ,0,0,0,0,0,0,0,0,0,-100000,0,0,0,0,100000,-100000,-100000
07354P,臺股指國票99售22,0,0,0,0,0,0,0,0,0,-100000,0,0,0,0,100000,-100000,-100000
03020X,元展20          ,0,0,0,0,0,0,0,0,0,-100000,0,0,0,0,100000,-100000,-100000
051793,臻鼎國票95購02  ,0,0,0,0,0,0,0,0,0,-100000,0,0,0,0,100000,-100000,-100000
051832,復盛元大95購01  ,0,0,0,0,0,0,0,0,0,-100000,0,0,0,0,100000,-100000,-100000
053819,大立光群益96購04,0,0,0,0,0,0,0,0,0,-100000,0,0,0,0,100000,-100000,-100000
053924,京鼎國票97購01  ,0,0,0,0,0,0,0,0,0,-100000,0,0,0,0,100000,-100000,-100000
055670,矽創群益98購02  ,0,0,0,0,0,0,0,0,0,-100000,0,0,0,150000,250000,-100000,-100000
055815,亞光國票99購01  ,0,0,0,0,0,0,0,0,0,-100000,0,0,0,0,100000,-100000,-100000
054427,潤泰全富邦97購01,0,0,0,0,0,0,0,0,0,-100000,0,0,0,0,100000,-100000,-100000
054558,劍麟群益99購01  ,0,0,0,0,0,0,0,0,0,-100000,0,0,0,0,100000,-100000,-100000
055082,台郡中信97購01  ,0,0,0,0,0,0,0,0,0,-100000,0,0,0,0,100000,-100000,-100000
055053,瑞昱永豐97購01  ,0,0,0,0,0,0,0,0,0,-100000,0,0,0,0,100000,-100000,-100000
058049,帆宣元大98購01  ,0,0,0,0,0,0,0,0,0,-100000,0,0,0,0,100000,-100000,-100000
055951,大成鋼元大97購02,0,0,0,0,0,0,0,0,0,-100000,0,0,0,0,100000,-100000,-100000
056023,晶豪科群益97購01,0,0,0,0,0,0,0,0,0,-100000,0,0,0,7000,107000,-100000,-100000
059825,嘉晶凱基99購02  ,0,0,0,0,0,0,0,0,0,-100000,0,0,0,100000,200000,-100000,-100000
056803,群創台新99購02  ,0,0,0,0,0,0,0,0,0,-100000,0,0,0,0,100000,-100000,-100000
056926,日月光兆豐98購01,0,0,0,0,0,0,0,0,0,-100000,0,0,0,0,100000,-100000,-100000
057228,友達凱基9B購01  ,0,0,0,0,0,0,0,0,0,-100000,0,0,0,0,100000,-100000,-100000
057107,華新科群益98購06,0,0,0,0,0,0,0,0,0,-100000,0,0,0,0,100000,-100000,-100000
057090,奇力新元富98購02,0,0,0,0,0,0,0,0,0,-100000,0,0,0,0,100000,-100000,-100000
056584,鴻海統一9B購01  ,0,0,0,0,0,0,0,0,0,-100000,0,0,0,0,100000,-100000,-100000
056327,樺漢兆豐98購01  ,0,0,0,0,0,0,0,0,0,-100000,0,0,0,50000,150000,-100000,-100000
057976,旺宏永豐98購03  ,0,0,0,0,0,0,0,0,0,-100000,0,0,0,0,100000,-100000,-100000
058513,宏達電元大99購05,0,0,0,0,0,0,0,0,0,-100000,0,0,0,3000,103000,-100000,-100000
058664,百和兆豐99購01  ,0,0,0,0,0,0,0,0,0,-100000,0,0,0,0,100000,-100000,-100000
9940,信義            ,8000,106000,-98000,0,0,0,0,0,0,-2000,0,2000,-2000,0,0,0,-100000
060129,祥碩永豐99購03  ,0,0,0,0,0,0,0,0,0,-101000,0,0,0,40000,141000,-101000,-101000
054934,金寶元大97購01  ,0,0,0,0,0,0,0,0,0,-101000,0,0,0,0,101000,-101000,-101000
051160,亞德客元大95購02,0,0,0,0,0,0,0,0,0,-101000,0,0,0,1000,102000,-101000,-101000
058605,華邦電元大99購04,0,0,0,0,0,0,0,0,0,-101000,0,0,0,100000,201000,-101000,-101000
058421,國泰金麥證01購01,0,0,0,0,101000,-101000,0,0,0,-101000,0,0,0,0,101000,-101000,-101000
057713,美律統一99購01  ,0,0,0,0,0,0,0,0,0,-101000,0,0,0,25000,126000,-101000,-101000
059706,嘉晶凱基99購01  ,0,0,0,0,0,0,0,0,0,-101000,0,0,0,23000,124000,-101000,-101000
060117,國巨國泰9B購04  ,0,0,0,0,0,0,0,0,0,-102000,0,0,0,59000,161000,-102000,-102000
060061,旺宏兆豐99購02  ,0,0,0,0,0,0,0,0,0,-102000,0,0,0,5000,107000,-102000,-102000
07764P,世紀鋼永豐9A售04,0,0,0,0,0,0,0,0,0,-102000,0,0,0,0,102000,-102000,-102000
2365,昆盈            ,60000,162000,-102000,0,0,0,0,0,0,0,0,0,0,0,0,0,-102000
048422,瑞昱元富96購02  ,0,0,0,0,0,0,0,0,0,-102000,0,0,0,72000,174000,-102000,-102000
054323,旺宏台新96購02  ,0,0,0,0,0,0,0,0,0,-102000,0,0,0,25000,127000,-102000,-102000
054792,揚明光群益97購01,0,0,0,0,0,0,0,0,0,-102000,0,0,0,0,102000,-102000,-102000
057174,南亞科元大98購05,0,0,0,0,0,0,0,0,0,-102000,0,0,0,0,102000,-102000,-102000
058517,景碩元大99購06  ,0,0,0,0,0,0,0,0,0,-102000,0,0,0,42000,144000,-102000,-102000
061367,瑞祺國票9A購01  ,0,0,0,0,0,0,0,0,0,-103000,0,0,0,2000,105000,-103000,-103000
053492,華邦電兆豐97購01,0,0,0,0,0,0,0,0,0,-103000,0,0,0,0,103000,-103000,-103000
057972,群創富邦9C購01  ,0,0,0,0,0,0,0,0,0,-103000,0,0,0,88000,191000,-103000,-103000
058175,旺宏凱基99購03  ,0,0,0,0,0,0,0,0,0,-103000,0,0,0,0,103000,-103000,-103000
057172,南亞科元大98購03,0,0,0,0,0,0,0,0,0,-103000,0,0,0,0,103000,-103000,-103000
057167,台積電元大99購03,0,0,0,0,0,0,0,0,0,-103000,0,0,0,0,103000,-103000,-103000
060824,旺宏元大9A購06  ,0,0,0,0,0,0,0,0,0,-104000,0,0,0,77000,181000,-104000,-104000
06720P,智邦亞東99售01  ,0,0,0,0,0,0,0,0,0,-104000,0,0,0,0,104000,-104000,-104000
06552P,茂林元大99售02  ,0,0,0,0,0,0,0,0,0,-104000,0,0,0,0,104000,-104000,-104000
052959,聯電凱基97購01  ,0,0,0,0,0,0,0,0,0,-104000,0,0,0,6000,110000,-104000,-104000
059932,世紀鋼富邦9A購02,0,0,0,0,0,0,0,0,0,-104000,0,0,0,3000,107000,-104000,-104000
06617P,智邦元大98售03  ,0,0,0,0,0,0,0,0,0,-105000,0,0,0,0,105000,-105000,-105000
07407P,欣興凱基99售07  ,0,0,0,0,0,0,0,0,0,-105000,0,0,0,5000,110000,-105000,-105000
054467,隆達凱基97購01  ,0,0,0,0,0,0,0,0,0,-105000,0,0,0,19000,124000,-105000,-105000
051077,台郡國泰96購02  ,0,0,0,0,0,0,0,0,0,-105000,0,0,0,15000,120000,-105000,-105000
058987,華新科凱基9B購01,0,0,0,0,0,0,0,0,0,-105000,0,0,0,0,105000,-105000,-105000
058502,鴻海元大99購13  ,0,0,0,0,0,0,0,0,0,-105000,0,0,0,7000,112000,-105000,-105000
058480,新日興凱基9A購01,0,0,0,0,0,0,0,0,0,-105000,0,0,0,0,105000,-105000,-105000
07708P,玉晶光元大9A售13,0,0,0,0,0,0,0,0,0,-106000,0,0,0,11000,117000,-106000,-106000
1314,中石化          ,1116000,1114000,2000,0,0,0,0,0,0,-108000,70000,89000,-19000,17000,106000,-89000,-106000
060826,牧德元大9B購02  ,0,0,0,0,0,0,0,0,0,-106000,0,0,0,10000,116000,-106000,-106000
057934,華新科群益98購07,0,0,0,0,0,0,0,0,0,-106000,0,0,0,0,106000,-106000,-106000
058194,勤誠永豐99購01  ,0,0,0,0,0,0,0,0,0,-106000,0,0,0,8000,114000,-106000,-106000
056582,易華電元大98購01,0,0,0,0,0,0,0,0,0,-106000,0,0,0,0,106000,-106000,-106000
059928,道瓊銀富邦03購01,0,0,0,0,0,0,0,0,0,-106000,0,0,0,0,106000,-106000,-106000
9939,宏全            ,70000,174000,-104000,0,0,0,0,1000,-1000,-1000,4000,5000,-1000,0,0,0,-106000
2534,宏盛            ,50000,156720,-106720,0,0,0,0,0,0,0,0,0,0,0,0,0,-106720
2034,允強            ,33000,140000,-107000,0,0,0,0,0,0,0,0,0,0,0,0,0,-107000
052194,旺宏元富95購04  ,0,0,0,0,0,0,0,0,0,-107000,0,0,0,0,107000,-107000,-107000
055433,嘉聯益群益99購01,0,0,0,0,0,0,0,0,0,-107000,0,0,0,26000,133000,-107000,-107000
056788,日月光群益98購01,0,0,0,0,0,0,0,0,0,-107000,0,0,0,0,107000,-107000,-107000
07597P,臺股指中信01售02,0,0,0,0,0,0,0,0,0,-108000,0,0,0,318000,426000,-108000,-108000
055762,智伸科群益97購01,0,0,0,0,0,0,0,0,0,-108000,0,0,0,0,108000,-108000,-108000
053103,瀚宇博元富96購01,0,0,0,0,0,0,0,0,0,-108000,0,0,0,0,108000,-108000,-108000
053570,京元電統一96購01,0,0,0,0,0,0,0,0,0,-108000,0,0,0,0,108000,-108000,-108000
046881,智原富邦99購01  ,0,0,0,0,0,0,0,0,0,-108000,0,0,0,9000,117000,-108000,-108000
058238,奇鋐元大99購02  ,0,0,0,0,0,0,0,0,0,-108000,0,0,0,18000,126000,-108000,-108000
057125,國巨凱基98購12  ,0,0,0,0,0,0,0,0,0,-108000,0,0,0,20000,128000,-108000,-108000
2015,豐興            ,23000,131000,-108000,0,0,0,0,1000,-1000,0,0,0,0,0,0,0,-109000
058977,SGBR2X凱基03購01,0,0,0,0,0,0,0,0,0,-109000,0,0,0,102000,211000,-109000,-109000
07513P,台積電元大9A售13,0,0,0,0,0,0,0,0,0,-110000,0,0,0,100000,210000,-110000,-110000
060754,華通元大9A購04  ,0,0,0,0,0,0,0,0,0,-110000,0,0,0,0,110000,-110000,-110000
06073P,健策永豐97售01  ,0,0,0,0,0,0,0,0,0,-110000,0,0,0,30000,140000,-110000,-110000
061106,群創元大9B購09  ,0,0,0,0,0,0,0,0,0,-110000,0,0,0,0,110000,-110000,-110000
052667,漢唐群益96購01  ,0,0,0,0,0,0,0,0,0,-110000,0,0,0,0,110000,-110000,-110000
05322P,台積電凱基95售17,0,0,0,0,0,0,0,0,0,-110000,0,0,0,0,110000,-110000,-110000
053205,台光電麥證96購01,0,0,0,0,110000,-110000,0,0,0,-110000,0,0,0,0,110000,-110000,-110000
055891,鴻海統一9A購01  ,0,0,0,0,0,0,0,0,0,-110000,0,0,0,0,110000,-110000,-110000
058326,祥碩台新99購01  ,0,0,0,0,0,0,0,0,0,-110000,0,0,0,2000,112000,-110000,-110000
9938,百和            ,121000,208319,-87319,0,0,0,0,0,0,-23000,0,23000,-23000,5000,5000,0,-110319
061034,晶豪科永豐9A購01,0,0,0,0,0,0,0,0,0,-111000,0,0,0,20000,131000,-111000,-111000
055510,GIS元大97購03   ,0,0,0,0,0,0,0,0,0,-111000,0,0,0,7000,118000,-111000,-111000
051659,力山國泰97購01  ,0,0,0,0,0,0,0,0,0,-111000,0,0,0,22000,133000,-111000,-111000
057249,華邦電統一9A購01,0,0,0,0,0,0,0,0,0,-111000,0,0,0,258000,369000,-111000,-111000
058781,康友國票9A購01  ,0,0,0,0,0,0,0,0,0,-111000,0,0,0,97000,208000,-111000,-111000
060721,瑞儀永豐9A購01  ,0,0,0,0,0,0,0,0,0,-112000,0,0,0,668000,780000,-112000,-112000
048628,T50反1元大96購03,0,0,0,0,0,0,0,0,0,-112000,0,0,0,0,112000,-112000,-112000
056534,京元電凱基98購01,0,0,0,0,0,0,0,0,0,-112000,0,0,0,6000,118000,-112000,-112000
058355,旺宏凱基99購04  ,0,0,0,0,0,0,0,0,0,-112000,0,0,0,3000,115000,-112000,-112000
056946,國巨統一98購05  ,0,0,0,0,0,0,0,0,0,-112000,0,0,0,0,112000,-112000,-112000
052542,友達元富98購01  ,0,0,0,0,0,0,0,0,0,-113000,0,0,0,117000,230000,-113000,-113000
055818,晶相光國票97購02,0,0,0,0,0,0,0,0,0,-113000,0,0,0,0,113000,-113000,-113000
059867,華邦電凱基99購02,0,0,0,0,0,0,0,0,0,-113000,0,0,0,50000,163000,-113000,-113000
060799,茂林永豐9A購01  ,0,0,0,0,0,0,0,0,0,-114000,0,0,0,36000,150000,-114000,-114000
1717,長興            ,233000,342000,-109000,0,0,0,0,0,0,-5000,0,5000,-5000,0,0,0,-114000
2451,創見            ,199000,311000,-112000,0,0,0,0,0,0,-2000,0,2000,-2000,0,0,0,-114000
06852P,臺股指元大98售11,0,0,0,0,0,0,0,0,0,-114000,0,0,0,969000,1083000,-114000,-114000
058008,禾伸堂國票99購02,0,0,0,0,0,0,0,0,0,-114000,0,0,0,11000,125000,-114000,-114000
052279,旺宏凱基95購07  ,0,0,0,0,0,0,0,0,0,-114000,0,0,0,15000,129000,-114000,-114000
053660,群創凱基98購08  ,0,0,0,0,0,0,0,0,0,-114000,0,0,0,10000,124000,-114000,-114000
056909,嘉聯益元大99購03,0,0,0,0,0,0,0,0,0,-114000,0,0,0,0,114000,-114000,-114000
059278,群創元大9A購04  ,0,0,0,0,0,0,0,0,0,-114000,0,0,0,113000,227000,-114000,-114000
058312,大毅國泰9B購01  ,0,0,0,0,0,0,0,0,0,-114000,0,0,0,159000,273000,-114000,-114000
060112,祥碩元大99購04  ,0,0,0,0,0,0,0,0,0,-115000,0,0,0,64000,179000,-115000,-115000
053383,京元電元大97購01,0,0,0,0,0,0,0,0,0,-115000,0,0,0,70000,185000,-115000,-115000
056784,南亞科群益98購01,0,0,0,0,0,0,0,0,0,-115000,0,0,0,0,115000,-115000,-115000
059116,晶豪科永豐99購01,0,0,0,0,0,0,0,0,0,-115000,0,0,0,0,115000,-115000,-115000
053361,友達元富99購01  ,0,0,0,0,0,0,0,0,0,-116000,0,0,0,3000,119000,-116000,-116000
03414B,臺股指凱基99熊01,40000,30000,10000,0,0,0,0,0,0,-126000,0,0,0,108000,234000,-126000,-116000
059755,宏達電國泰9A購01,0,0,0,0,0,0,0,0,0,-116000,0,0,0,83000,199000,-116000,-116000
058408,華通兆豐99購02  ,0,0,0,0,0,0,0,0,0,-116000,0,0,0,8000,124000,-116000,-116000
058839,瑞儀中信99購02  ,0,0,0,0,0,0,0,0,0,-116000,0,0,0,113000,229000,-116000,-116000
060187,華新科元富9A購02,0,0,0,0,0,0,0,0,0,-117000,0,0,0,117000,234000,-117000,-117000
060505,友達元大9C購05  ,0,0,0,0,0,0,0,0,0,-117000,0,0,0,0,117000,-117000,-117000
053486,T50反1兆豐96購01,0,0,0,0,0,0,0,0,0,-117000,0,0,0,368000,485000,-117000,-117000
055874,中環元富9A購01  ,0,0,0,0,0,0,0,0,0,-117000,0,0,0,332000,449000,-117000,-117000
060189,宏達電元富9B購03,0,0,0,0,0,0,0,0,0,-118000,0,0,0,0,118000,-118000,-118000
049700,瀚宇博元大97購01,0,0,0,0,0,0,0,0,0,-118000,0,0,0,13000,131000,-118000,-118000
9188,精熙-DR         ,0,118000,-118000,0,0,0,0,0,0,0,0,0,0,0,0,0,-118000
06436P,台光電國票98售04,0,0,0,0,0,0,0,0,0,-119000,0,0,0,0,119000,-119000,-119000
046791,台郡統一96購01  ,0,0,0,0,0,0,0,0,0,-119000,0,0,0,0,119000,-119000,-119000
053935,華通元富96購02  ,0,0,0,0,0,0,0,0,0,-119000,0,0,0,10000,129000,-119000,-119000
056533,友達凱基9A購02  ,0,0,0,0,0,0,0,0,0,-119000,0,0,0,0,119000,-119000,-119000
059559,T50反1凱基99購07,0,0,0,0,0,0,0,0,0,-119000,0,0,0,20000,139000,-119000,-119000
057388,奇鋐永豐98購02  ,0,0,0,0,0,0,0,0,0,-119000,0,0,0,10000,129000,-119000,-119000
06779P,智邦元大98售12  ,0,0,0,0,0,0,0,0,0,-120000,0,0,0,20000,140000,-120000,-120000
06661P,玉晶光永豐98售05,0,0,0,0,0,0,0,0,0,-120000,0,0,0,0,120000,-120000,-120000
07709P,創意元大9A售01  ,0,0,0,0,0,0,0,0,0,-120000,0,0,0,100000,220000,-120000,-120000
060412,儒鴻永豐9A購01  ,0,0,0,0,0,0,0,0,0,-120000,0,0,0,1000,121000,-120000,-120000
060766,世芯元大9A購02  ,0,0,0,0,0,0,0,0,0,-120000,0,0,0,69000,189000,-120000,-120000
055425,聚陽群益99購01  ,0,0,0,0,0,0,0,0,0,-120000,0,0,0,30000,150000,-120000,-120000
054482,大成鋼台新96購01,0,0,0,0,0,0,0,0,0,-120000,0,0,0,280000,400000,-120000,-120000
054662,同欣電元大97購02,0,0,0,0,0,0,0,0,0,-120000,0,0,0,0,120000,-120000,-120000
057065,牧德富邦99購01  ,0,0,0,0,0,0,0,0,0,-120000,0,0,0,0,120000,-120000,-120000
059395,T50反1元富99購03,0,0,0,0,0,0,0,0,0,-120000,0,0,0,67000,187000,-120000,-120000
056416,華新科中信98購01,0,0,0,0,0,0,0,0,0,-120000,0,0,0,539000,659000,-120000,-120000
060391,華擎群益9C購01  ,0,0,0,0,0,0,0,0,0,-121000,0,0,0,160000,281000,-121000,-121000
1215,卜蜂            ,30000,154000,-124000,0,0,0,0,1000,-1000,4000,0,0,0,4000,0,4000,-121000
058751,南茂凱基9A購01  ,0,0,0,0,0,0,0,0,0,-121000,0,0,0,0,121000,-121000,-121000
058621,華通國票9A購01  ,0,0,0,0,0,0,0,0,0,-121000,0,0,0,38000,159000,-121000,-121000
6168,宏齊            ,8000,128000,-120000,0,0,0,0,0,0,-1000,0,1000,-1000,0,0,0,-121000
056021,興富發群益97購01,0,0,0,0,0,0,0,0,0,-122000,0,0,0,0,122000,-122000,-122000
056603,嘉聯益國泰9A購01,0,0,0,0,0,0,0,0,0,-122000,0,0,0,12000,134000,-122000,-122000
059326,康友元大99購01  ,0,0,0,0,0,0,0,0,0,-122000,0,0,0,19000,141000,-122000,-122000
2382,廣達            ,3257016,3894773,-637757,0,0,0,538000,2000,536000,-21000,26000,40000,-14000,4000,11000,-7000,-122757
061169,GIS兆豐9A購01   ,0,0,0,0,0,0,0,0,0,-123000,0,0,0,17000,140000,-123000,-123000
052274,大立光群益95購03,0,0,0,0,0,0,0,0,0,-123000,0,0,0,20000,143000,-123000,-123000
059127,國巨中信99購04  ,0,0,0,0,0,0,0,0,0,-123000,0,0,0,12000,135000,-123000,-123000
00730,富邦臺灣優質高息,0,0,0,0,0,0,0,0,0,-124000,0,0,0,424000,548000,-124000,-124000
059531,華新科凱基9B購02,0,0,0,0,0,0,0,0,0,-124000,0,0,0,0,124000,-124000,-124000
058456,京鼎永豐99購01  ,0,0,0,0,0,0,0,0,0,-124000,0,0,0,13000,137000,-124000,-124000
058265,奇力新永豐9A購01,0,0,0,0,0,0,0,0,0,-124000,0,0,0,0,124000,-124000,-124000
057568,友訊永豐99購01  ,0,0,0,0,0,0,0,0,0,-124000,0,0,0,0,124000,-124000,-124000
060299,友訊國泰9B購01  ,0,0,0,0,0,0,0,0,0,-125000,0,0,0,10000,135000,-125000,-125000
055023,億光國泰98購01  ,0,0,0,0,0,0,0,0,0,-125000,0,0,0,31000,156000,-125000,-125000
057300,訊連永豐98購01  ,0,0,0,0,0,0,0,0,0,-125000,0,0,0,0,125000,-125000,-125000
5434,崇越            ,68000,195000,-127000,0,0,0,1000,0,1000,1000,2000,1000,1000,0,0,0,-125000
3003,健和興          ,24000,147000,-123000,0,0,0,0,1000,-1000,-1000,0,0,0,0,1000,-1000,-125000
07555P,玉晶光元大9A售07,0,0,0,0,0,0,0,0,0,-126000,0,0,0,8000,134000,-126000,-126000
04462P,全新元富96售01  ,0,0,0,0,0,0,0,0,0,-126000,0,0,0,0,126000,-126000,-126000
051564,和碩國泰96購01  ,0,0,0,0,0,0,0,0,0,-126000,0,0,0,0,126000,-126000,-126000
057055,立積元大99購01  ,0,0,0,0,0,0,0,0,0,-126000,0,0,0,83000,209000,-126000,-126000
059343,宏達電凱基99購04,0,0,0,0,0,0,0,0,0,-126000,0,0,0,67000,193000,-126000,-126000
3437,榮創            ,238000,361000,-123000,0,0,0,0,0,0,-3000,0,3000,-3000,0,0,0,-126000
060627,國巨國泰9B購05  ,0,0,0,0,0,0,0,0,0,-127000,0,0,0,266000,393000,-127000,-127000
055121,鴻海兆豐97購03  ,0,0,0,0,0,0,0,0,0,-127000,0,0,0,25000,152000,-127000,-127000
057044,旺宏元大98購08  ,0,0,0,0,0,0,0,0,0,-127000,0,0,0,74000,201000,-127000,-127000
058748,景碩凱基9A購01  ,0,0,0,0,0,0,0,0,0,-127000,0,0,0,135000,262000,-127000,-127000
060687,GIS元大9A購01   ,0,0,0,0,0,0,0,0,0,-128000,0,0,0,69000,197000,-128000,-128000
060736,旺宏統一01購01  ,0,0,0,0,0,0,0,0,0,-128000,0,0,0,187000,315000,-128000,-128000
057523,大成鋼元大99購01,0,0,0,0,0,0,0,0,0,-128000,0,0,0,214000,342000,-128000,-128000
052423,宏達電國票96購02,0,0,0,0,0,0,0,0,0,-128000,0,0,0,30000,158000,-128000,-128000
056893,智邦元大98購02  ,0,0,0,0,0,0,0,0,0,-128000,0,0,0,80000,208000,-128000,-128000
059062,群創凱基99購05  ,0,0,0,0,0,0,0,0,0,-128000,0,0,0,6000,134000,-128000,-128000
07698P,臺股指元大9A售51,0,0,0,0,0,0,0,0,0,-129000,0,0,0,1000,130000,-129000,-129000
053784,奇力新元大97購02,0,0,0,0,0,0,0,0,0,-129000,0,0,0,5000,134000,-129000,-129000
00662,富邦NASDAQ      ,2000,0,2000,0,0,0,0,0,0,-131000,0,0,0,102000,233000,-131000,-129000
057279,國揚元大98購01  ,0,0,0,0,0,0,0,0,0,-129000,0,0,0,60000,189000,-129000,-129000
057416,T50反1凱基9C購01,0,0,0,0,0,0,0,0,0,-129000,0,0,0,0,129000,-129000,-129000
059852,康控永豐99購02  ,0,0,0,0,0,0,0,0,0,-129000,0,0,0,24000,153000,-129000,-129000
057779,禾伸堂群益98購02,0,0,0,0,0,0,0,0,0,-129000,0,0,0,184000,313000,-129000,-129000
2022,聚亨            ,5000,134430,-129430,0,0,0,0,0,0,0,0,0,0,0,0,0,-129430
08100P,台灣50元富95售01,0,0,0,0,0,0,0,0,0,-130000,0,0,0,0,130000,-130000,-130000
052785,滬深2X中信99購03,0,0,0,0,0,0,0,0,0,-130000,0,0,0,0,130000,-130000,-130000
05240P,玉晶光永豐96售01,0,0,0,0,0,0,0,0,0,-130000,0,0,0,36000,166000,-130000,-130000
056112,勤誠永豐97購02  ,0,0,0,0,0,0,0,0,0,-130000,0,0,0,0,130000,-130000,-130000
057820,華擎元大98購02  ,0,0,0,0,0,0,0,0,0,-130000,0,0,0,0,130000,-130000,-130000
056183,南亞科統一97購02,0,0,0,0,0,0,0,0,0,-130000,0,0,0,30000,160000,-130000,-130000
056769,國產元大98購01  ,0,0,0,0,0,0,0,0,0,-130000,0,0,0,41000,171000,-130000,-130000
056960,光罩永豐98購01  ,0,0,0,0,0,0,0,0,0,-130000,0,0,0,43000,173000,-130000,-130000
060237,友達元大9A購06  ,0,0,0,0,0,0,0,0,0,-131000,0,0,0,0,131000,-131000,-131000
060051,台積電凱基9B購01,10000,0,10000,0,0,0,0,0,0,-141000,0,0,0,158000,299000,-141000,-131000
055330,上銀兆豐98購02  ,0,0,0,0,0,0,0,0,0,-131000,0,0,0,72000,203000,-131000,-131000
057283,欣興元大98購07  ,0,0,0,0,0,0,0,0,0,-131000,0,0,0,227000,358000,-131000,-131000
057289,力成元大98購03  ,0,0,0,0,0,0,0,0,0,-131000,0,0,0,99000,230000,-131000,-131000
059871,義隆凱基99購03  ,0,0,0,0,0,0,0,0,0,-131000,0,0,0,123000,254000,-131000,-131000
061380,巨大永豐9A購02  ,0,0,0,0,0,0,0,0,0,-132000,0,0,0,0,132000,-132000,-132000
058926,勤誠元富99購01  ,0,0,0,0,0,0,0,0,0,-132000,0,0,0,16000,148000,-132000,-132000
058200,世芯康和99購01  ,0,0,0,0,0,0,0,0,0,-132000,0,0,0,80000,212000,-132000,-132000
07531P,大立光國泰9B售03,0,0,0,0,0,0,0,0,0,-133000,0,0,0,10000,143000,-133000,-133000
07421P,國泰金元大99售01,0,0,0,0,0,0,0,0,0,-133000,0,0,0,86000,219000,-133000,-133000
052298,易華電國票96購01,0,0,0,0,0,0,0,0,0,-133000,0,0,0,0,133000,-133000,-133000
07280P,FBVIX凱基99售01 ,0,0,0,0,0,0,0,0,0,-134000,0,0,0,0,134000,-134000,-134000
061213,群創元大9A購05  ,0,0,0,0,0,0,0,0,0,-134000,0,0,0,0,134000,-134000,-134000
060790,日月光富邦9A購01,0,0,0,0,0,0,0,0,0,-134000,0,0,0,0,134000,-134000,-134000
060794,景碩永豐9A購02  ,0,0,0,0,0,0,0,0,0,-134000,0,0,0,1000,135000,-134000,-134000
057533,晶相光元大98購02,0,0,0,0,0,0,0,0,0,-134000,0,0,0,40000,174000,-134000,-134000
055093,京鼎群益98購01  ,0,0,0,0,0,0,0,0,0,-134000,0,0,0,0,134000,-134000,-134000
059879,GIS凱基99購03   ,0,0,0,0,0,0,0,0,0,-134000,0,0,0,187000,321000,-134000,-134000
056851,瑞儀元富98購01  ,0,0,0,0,0,0,0,0,0,-134000,0,0,0,523000,657000,-134000,-134000
059836,大立光國泰9B購02,0,0,0,0,0,0,0,0,0,-135000,0,0,0,57000,192000,-135000,-135000
060512,祥碩元大9A購02  ,0,0,0,0,0,0,0,0,0,-136000,0,0,0,28000,164000,-136000,-136000
053231,奇力新康和96購01,0,0,0,0,0,0,0,0,0,-136000,0,0,0,47000,183000,-136000,-136000
056065,奇鋐元大97購01  ,0,0,0,0,0,0,0,0,0,-136000,0,0,0,45000,181000,-136000,-136000
055538,鴻海日盛97購04  ,0,0,0,0,0,0,0,0,0,-136000,0,0,0,143000,279000,-136000,-136000
058239,景碩元大99購03  ,0,0,0,0,0,0,0,0,0,-136000,0,0,0,0,136000,-136000,-136000
060676,京元電元大9A購03,0,0,0,0,0,0,0,0,0,-137000,0,0,0,107000,244000,-137000,-137000
060748,臻鼎國票9A購01  ,0,0,0,0,0,0,0,0,0,-137000,0,0,0,93000,230000,-137000,-137000
061318,智邦凱基9B購01  ,0,0,0,0,0,0,0,0,0,-137000,0,0,0,0,137000,-137000,-137000
053875,GIS元大97購01   ,0,0,0,0,0,0,0,0,0,-137000,0,0,0,91000,228000,-137000,-137000
060483,友達富邦9A購01  ,0,0,0,0,0,0,0,0,0,-138000,0,0,0,192000,330000,-138000,-138000
058271,訊連永豐99購01  ,0,0,0,0,0,0,0,0,0,-138000,0,0,0,0,138000,-138000,-138000
057849,南茂永豐98購02  ,0,0,0,0,0,0,0,0,0,-138000,0,0,0,10000,148000,-138000,-138000
059469,智邦元大99購03  ,0,0,0,0,0,0,0,0,0,-138000,0,0,0,59000,197000,-138000,-138000
058337,日月光元富99購01,0,0,0,0,0,0,0,0,0,-138000,0,0,0,143000,281000,-138000,-138000
07260P,台灣50元大9A售01,0,0,0,0,0,0,0,0,0,-139000,0,0,0,0,139000,-139000,-139000
052452,茂林元大95購03  ,0,0,0,0,0,0,0,0,0,-139000,0,0,0,0,139000,-139000,-139000
056403,茂林群益98購01  ,0,0,0,0,0,0,0,0,0,-139000,0,0,0,82000,221000,-139000,-139000
056202,國揚永豐97購01  ,0,0,0,0,0,0,0,0,0,-139000,0,0,0,0,139000,-139000,-139000
058927,勤誠元富99購02  ,0,0,0,0,0,0,0,0,0,-139000,0,0,0,28000,167000,-139000,-139000
3712,永崴投控        ,10000,149000,-139000,0,0,0,0,0,0,0,0,0,0,0,0,0,-139000
061105,宏達電元大9A購04,0,0,0,0,0,0,0,0,0,-140000,0,0,0,3000,143000,-140000,-140000
055575,華新科統一98購01,0,0,0,0,0,0,0,0,0,-140000,0,0,0,0,140000,-140000,-140000
054279,揚明光群益98購01,0,0,0,0,0,0,0,0,0,-140000,0,0,0,0,140000,-140000,-140000
058955,台積電國票9A購04,0,0,0,0,0,0,0,0,0,-140000,0,0,0,98000,238000,-140000,-140000
057886,聯詠群益98購01  ,0,0,0,0,0,0,0,0,0,-140000,0,0,0,12000,152000,-140000,-140000
052424,泰碩國票97購01  ,0,0,0,0,0,0,0,0,0,-141000,0,0,0,0,141000,-141000,-141000
058463,宏達電兆豐99購02,0,0,0,0,0,0,0,0,0,-141000,0,0,0,0,141000,-141000,-141000
3703,欣陸            ,21000,162000,-141000,0,0,0,0,0,0,0,0,0,0,0,0,0,-141000
060546,旺宏凱基9A購02  ,0,0,0,0,0,0,0,0,0,-142000,0,0,0,2000,144000,-142000,-142000
060558,億豐凱基9A購01  ,0,0,0,0,0,0,0,0,0,-143000,0,0,0,10000,153000,-143000,-143000
053571,奇鋐統一96購02  ,0,0,0,0,0,0,0,0,0,-143000,0,0,0,25000,168000,-143000,-143000
054384,瀚宇博群益96購02,0,0,0,0,0,0,0,0,0,-143000,0,0,0,0,143000,-143000,-143000
053170,茂林群益96購04  ,0,0,0,0,0,0,0,0,0,-143000,0,0,0,403000,546000,-143000,-143000
6505,台塑化          ,1325000,1675000,-350000,0,0,0,290000,9000,281000,-74000,0,24000,-24000,0,50000,-50000,-143000
060731,奇力新群益9A購01,0,0,0,0,0,0,0,0,0,-144000,0,0,0,11000,155000,-144000,-144000
055175,建準統一97購01  ,0,0,0,0,0,0,0,0,0,-144000,0,0,0,0,144000,-144000,-144000
057995,華新科中信98購02,0,0,0,0,0,0,0,0,0,-144000,0,0,0,205000,349000,-144000,-144000
059695,聯鈞永豐99購02  ,0,0,0,0,0,0,0,0,0,-144000,0,0,0,127000,271000,-144000,-144000
060165,上緯控永豐9A購01,0,0,0,0,0,0,0,0,0,-145000,0,0,0,0,145000,-145000,-145000
07645P,華通元大9A售06  ,0,0,0,0,0,0,0,0,0,-145000,0,0,0,42000,187000,-145000,-145000
053297,鎧勝中信98購01  ,0,0,0,0,0,0,0,0,0,-145000,0,0,0,30000,175000,-145000,-145000
058156,超眾統一9A購02  ,0,0,0,0,0,0,0,0,0,-145000,0,0,0,35000,180000,-145000,-145000
5225,東科-KY         ,7000,150000,-143000,0,0,0,0,0,0,-2000,0,2000,-2000,0,0,0,-145000
9935,慶豐富          ,30000,175000,-145000,0,0,0,0,0,0,0,0,0,0,0,0,0,-145000
053630,奇鋐兆豐97購01  ,0,0,0,0,0,0,0,0,0,-146000,0,0,0,150000,296000,-146000,-146000
060113,祥碩元大9B購01  ,0,0,0,0,0,0,0,0,0,-147000,0,0,0,132000,279000,-147000,-147000
061333,華通元大9A購08  ,0,0,0,0,0,0,0,0,0,-147000,0,0,0,4000,151000,-147000,-147000
046942,友達元大99購01  ,0,0,0,0,0,0,0,0,0,-147000,0,0,0,148000,295000,-147000,-147000
054744,晶相光凱基99購01,0,0,0,0,0,0,0,0,0,-147000,0,0,0,0,147000,-147000,-147000
059919,宏達電元大99購06,0,0,0,0,0,0,0,0,0,-147000,0,0,0,23000,170000,-147000,-147000
060784,鴻海富邦9C購01  ,0,0,0,0,0,0,0,0,0,-148000,0,0,0,120000,268000,-148000,-148000
060093,友達元大03購01  ,0,0,0,0,0,0,0,0,0,-148000,0,0,0,9000,157000,-148000,-148000
052203,T50反1中信99購03,0,0,0,0,0,0,0,0,0,-148000,0,0,0,2000,150000,-148000,-148000
6230,超眾            ,154000,389000,-235000,0,0,0,186000,0,186000,-99000,0,0,0,28000,127000,-99000,-148000
03680C,臺股指凱基9A牛26,0,0,0,0,0,0,0,0,0,-149000,0,0,0,185000,334000,-149000,-149000
058819,華通國泰9B購01  ,0,0,0,0,0,0,0,0,0,-149000,0,0,0,51000,200000,-149000,-149000
060392,華擎群益9C購02  ,0,0,0,0,0,0,0,0,0,-150000,0,0,0,106000,256000,-150000,-150000
07453P,台積電元大9A售05,0,0,0,0,0,0,0,0,0,-150000,0,0,0,0,150000,-150000,-150000
051818,國巨統一95購02  ,0,0,0,0,0,0,0,0,0,-150000,0,0,0,19000,169000,-150000,-150000
055997,矽創國泰99購01  ,0,0,0,0,0,0,0,0,0,-150000,0,0,0,80000,230000,-150000,-150000
056614,智邦永豐98購01  ,0,0,0,0,0,0,0,0,0,-150000,0,0,0,23000,173000,-150000,-150000
060383,葡萄王凱基9A購01,0,0,0,0,0,0,0,0,0,-151000,0,0,0,103000,254000,-151000,-151000
061125,億光永豐9A購01  ,0,0,0,0,0,0,0,0,0,-151000,0,0,0,0,151000,-151000,-151000
059851,晶相光永豐99購02,0,0,0,0,0,0,0,0,0,-151000,0,0,0,8000,159000,-151000,-151000
2855,統一證          ,19000,162000,-143000,0,0,0,0,8000,-8000,0,0,0,0,0,0,0,-151000
2501,國建            ,26000,171000,-145000,0,0,0,0,0,0,-6000,0,6000,-6000,0,0,0,-151000
054883,億光統一97購01  ,0,0,0,0,0,0,0,0,0,-152000,0,0,0,0,152000,-152000,-152000
058625,旺宏國票9A購01  ,0,0,0,0,0,0,0,0,0,-152000,0,0,0,2000,154000,-152000,-152000
056398,南茂永豐98購01  ,0,0,0,0,0,0,0,0,0,-152000,0,0,0,48000,200000,-152000,-152000
060911,大毅元大9A購01  ,0,0,0,0,0,0,0,0,0,-153000,0,0,0,2000,155000,-153000,-153000
07312P,台灣50元大99售10,0,0,0,0,0,0,0,0,0,-153000,0,0,0,91000,244000,-153000,-153000
054253,宏達電元大97購03,0,0,0,0,0,0,0,0,0,-153000,0,0,0,0,153000,-153000,-153000
052818,智邦永豐96購01  ,0,0,0,0,0,0,0,0,0,-153000,0,0,0,139000,292000,-153000,-153000
058171,國巨凱基9A購07  ,0,0,0,0,0,0,0,0,0,-153000,0,0,0,0,153000,-153000,-153000
060841,宏達電國票9B購01,0,0,0,0,0,0,0,0,0,-154000,0,0,0,58000,212000,-154000,-154000
061336,國巨元大9A購20  ,0,0,0,0,0,0,0,0,0,-155000,0,0,0,39000,194000,-155000,-155000
056492,全新國泰9A購01  ,0,0,0,0,0,0,0,0,0,-156000,0,0,0,0,156000,-156000,-156000
1309,台達化          ,183000,340000,-157000,0,0,0,0,0,0,0,0,0,0,0,0,0,-157000
059029,旺宏兆豐99購01  ,0,0,0,0,0,0,0,0,0,-157000,0,0,0,55000,212000,-157000,-157000
059914,台積電元大99購47,0,0,0,0,0,0,0,0,0,-157000,0,0,0,1000,158000,-157000,-157000
2637,慧洋-KY         ,34000,175870,-141870,0,0,0,0,0,0,-16000,0,2000,-2000,0,14000,-14000,-157870
059327,南茂元大99購01  ,0,0,0,0,0,0,0,0,0,-158000,0,0,0,8000,166000,-158000,-158000
059213,國巨元大99購19  ,0,0,0,0,0,0,0,0,0,-158000,0,0,0,86000,244000,-158000,-158000
056586,光罩統一98購02  ,0,0,0,0,0,0,0,0,0,-159000,0,0,0,208000,367000,-159000,-159000
057821,晶相光元大98購03,0,0,0,0,0,0,0,0,0,-159000,0,0,0,28000,187000,-159000,-159000
058267,奇鋐永豐99購01  ,0,0,0,0,0,0,0,0,0,-160000,0,0,0,25000,185000,-160000,-160000
05711P,茂林國票97售03  ,0,0,0,0,0,0,0,0,0,-160000,0,0,0,14000,174000,-160000,-160000
2108,南帝            ,18000,157000,-139000,0,0,0,0,2000,-2000,-20000,0,20000,-20000,0,0,0,-161000
049690,義隆元大95購02  ,0,0,0,0,0,0,0,0,0,-161000,0,0,0,0,161000,-161000,-161000
057539,南茂元大98購02  ,0,0,0,0,0,0,0,0,0,-161000,0,0,0,145000,306000,-161000,-161000
056358,友訊元大99購01  ,0,0,0,0,0,0,0,0,0,-161000,0,0,0,0,161000,-161000,-161000
057609,友訊元富98購01  ,0,0,0,0,0,0,0,0,0,-161000,0,0,0,155000,316000,-161000,-161000
06822P,上銀富邦99售03  ,0,0,0,0,0,0,0,0,0,-162000,0,0,0,77000,239000,-162000,-162000
060339,國巨統一01購01  ,0,0,0,0,0,0,0,0,0,-162000,0,0,0,14000,176000,-162000,-162000
8039,台虹            ,217000,371000,-154000,0,0,0,0,0,0,-8000,6000,1000,5000,7000,20000,-13000,-162000
058662,禾伸堂兆豐99購01,0,0,0,0,0,0,0,0,0,-163000,0,0,0,44000,207000,-163000,-163000
8271,宇瞻            ,475000,638000,-163000,0,0,0,0,0,0,0,0,0,0,0,0,0,-163000
2707,晶華            ,8000,171000,-163000,0,0,0,0,0,0,0,0,0,0,0,0,0,-163000
061428,南六元大9A購01  ,0,0,0,0,0,0,0,0,0,-164000,0,0,0,0,164000,-164000,-164000
060908,金像電元大9A購03,0,0,0,0,0,0,0,0,0,-164000,0,0,0,415000,579000,-164000,-164000
055586,旺宏元大98購06  ,0,0,0,0,0,0,0,0,0,-164000,0,0,0,65000,229000,-164000,-164000
5534,長虹            ,64000,226000,-162000,0,0,0,0,1000,-1000,-1000,0,1000,-1000,0,0,0,-164000
054850,上海銀兆豐97購01,0,0,0,0,0,0,0,0,0,-165000,0,0,0,0,165000,-165000,-165000
006207,FH滬深          ,0,440000,-440000,0,0,0,0,0,0,275000,0,30000,-30000,398000,93000,305000,-165000
057612,瑞昱元富02購01  ,0,0,0,0,0,0,0,0,0,-165000,0,0,0,75000,240000,-165000,-165000
056298,億光元大97購02  ,0,0,0,0,0,0,0,0,0,-165000,0,0,0,212000,377000,-165000,-165000
057875,京鼎元大98購03  ,0,0,0,0,0,0,0,0,0,-165000,0,0,0,16000,181000,-165000,-165000
060509,宏達電元大9A購02,0,0,0,0,0,0,0,0,0,-166000,0,0,0,71000,237000,-166000,-166000
054881,光罩統一97購01  ,0,0,0,0,0,0,0,0,0,-166000,0,0,0,10000,176000,-166000,-166000
055592,奇力新元大97購07,0,0,0,0,0,0,0,0,0,-166000,0,0,0,0,166000,-166000,-166000
059822,聯發科凱基99購19,0,0,0,0,0,0,0,0,0,-166000,0,0,0,88000,254000,-166000,-166000
00651R,FH香港反1       ,0,0,0,0,0,0,0,0,0,-167000,0,0,0,68000,235000,-167000,-167000
05729P,臺股指凱基97售02,0,0,0,0,0,0,0,0,0,-167000,0,0,0,5000,172000,-167000,-167000
056967,奇鋐永豐98購01  ,0,0,0,0,0,0,0,0,0,-167000,0,0,0,20000,187000,-167000,-167000
056642,旺宏凱基98購07  ,0,0,0,0,0,0,0,0,0,-167000,0,0,0,0,167000,-167000,-167000
07557P,玉晶光元大9A售09,0,0,0,0,0,0,0,0,0,-168000,0,0,0,70000,238000,-168000,-168000
04831P,聯詠富邦96售01  ,0,0,0,0,0,0,0,0,0,-169000,0,0,0,260000,429000,-169000,-169000
059730,晶相光元大9C購02,0,0,0,0,0,0,0,0,0,-170000,0,0,0,29000,199000,-170000,-170000
2059,川湖            ,156000,333000,-177000,0,0,0,0,0,0,6000,6000,0,6000,0,0,0,-171000
060397,群創國票9A購01  ,0,0,0,0,0,0,0,0,0,-171000,0,0,0,35000,206000,-171000,-171000
057151,易華電國票99購01,0,0,0,0,0,0,0,0,0,-171000,0,0,0,95000,266000,-171000,-171000
057292,國巨國泰9B購01  ,0,0,0,0,0,0,0,0,0,-172000,0,0,0,0,172000,-172000,-172000
056685,光罩統一98購03  ,0,0,0,0,0,0,0,0,0,-172000,0,0,0,1000,173000,-172000,-172000
1795,美時            ,182000,355000,-173000,0,0,0,0,0,0,0,0,0,0,0,0,0,-173000
056105,智原永豐97購01  ,0,0,0,0,0,0,0,0,0,-173000,0,0,0,80000,253000,-173000,-173000
058085,景碩群益9A購01  ,0,0,0,0,0,0,0,0,0,-173000,0,0,0,3000,176000,-173000,-173000
00673R,元大S&P原油反1  ,58000,906000,-848000,0,0,0,0,0,0,674000,0,0,0,1979000,1305000,674000,-174000
059200,京鼎永豐99購02  ,0,0,0,0,0,0,0,0,0,-174000,0,0,0,195000,369000,-174000,-174000
061004,友達兆豐9A購01  ,0,0,0,0,0,0,0,0,0,-175000,0,0,0,0,175000,-175000,-175000
06142P,台虹康和97售02  ,0,0,0,0,0,0,0,0,0,-175000,0,0,0,115000,290000,-175000,-175000
057649,嘉聯益元大99購04,0,0,0,0,0,0,0,0,0,-175000,0,0,0,0,175000,-175000,-175000
056083,億光統一97購03  ,0,0,0,0,0,0,0,0,0,-176000,0,0,0,40000,216000,-176000,-176000
056764,友達元大9A購03  ,0,0,0,0,0,0,0,0,0,-176000,0,0,0,0,176000,-176000,-176000
057351,奇力新統一98購02,0,0,0,0,0,0,0,0,0,-177000,0,0,0,0,177000,-177000,-177000
060279,SP黃豆元大9A購01,0,0,0,0,0,0,0,0,0,-178000,0,0,0,423000,601000,-178000,-178000
052700,奇鋐國票97購02  ,0,0,0,0,0,0,0,0,0,-178000,0,0,0,90000,268000,-178000,-178000
058135,景碩元大99購01  ,0,0,0,0,0,0,0,0,0,-178000,0,0,0,0,178000,-178000,-178000
060506,京元電元大9A購02,70000,0,70000,0,0,0,0,0,0,-249000,0,0,0,15000,264000,-249000,-179000
061179,華擎凱基9A購01  ,0,0,0,0,0,0,0,0,0,-179000,0,0,0,0,179000,-179000,-179000
052492,易華電國票96購02,0,0,0,0,0,0,0,0,0,-179000,0,0,0,0,179000,-179000,-179000
060965,中租凱基9B購01  ,0,0,0,0,0,0,0,0,0,-180000,0,0,0,20000,200000,-180000,-180000
060337,FBVIX統一9A購01 ,0,0,0,0,0,0,0,0,0,-180000,0,0,0,86000,266000,-180000,-180000
2031,新光鋼          ,47000,131000,-84000,0,0,0,0,100000,-100000,4000,4000,0,4000,0,0,0,-180000
058846,鴻海群益99購03  ,0,0,0,0,0,0,0,0,0,-180000,0,0,0,131000,311000,-180000,-180000
057918,旺宏凱基99購01  ,0,0,0,0,0,0,0,0,0,-180000,0,0,0,0,180000,-180000,-180000
059903,S&P正2元大99購02,0,0,0,0,0,0,0,0,0,-180000,0,0,0,0,180000,-180000,-180000
059636,宏達電凱基99購05,0,0,0,0,0,0,0,0,0,-180000,0,0,0,3000,183000,-180000,-180000
060430,和潤永豐9A購01  ,0,0,0,0,0,0,0,0,0,-181000,0,0,0,22000,203000,-181000,-181000
056049,奇力新國票98購01,0,0,0,0,0,0,0,0,0,-181000,0,0,0,0,181000,-181000,-181000
057530,奇鋐元大99購01  ,0,0,0,0,0,0,0,0,0,-181000,0,0,0,91000,272000,-181000,-181000
056665,上証2X國票99購02,0,0,0,0,0,0,0,0,0,-181000,0,0,0,0,181000,-181000,-181000
057731,華擎國泰9A購02  ,0,0,0,0,0,0,0,0,0,-181000,0,0,0,25000,206000,-181000,-181000
059369,滬深2X元富9C購01,0,0,0,0,0,0,0,0,0,-182000,0,0,0,66000,248000,-182000,-182000
057322,旺宏群益98購04  ,0,0,0,0,0,0,0,0,0,-182000,0,0,0,0,182000,-182000,-182000
00752,中信中國50      ,7000,369000,-362000,0,0,0,0,0,0,179935,0,0,0,679000,499065,179935,-182065
058514,潤泰全元大99購01,0,0,0,0,0,0,0,0,0,-183000,0,0,0,0,183000,-183000,-183000
057929,上銀群益98購02  ,0,0,0,0,0,0,0,0,0,-183000,0,0,0,0,183000,-183000,-183000
060571,京元電永豐9A購01,0,0,0,0,0,0,0,0,0,-184000,0,0,0,26000,210000,-184000,-184000
06780P,義隆元大98售02  ,0,0,0,0,0,0,0,0,0,-184000,0,0,0,31000,215000,-184000,-184000
06728P,全新元大98售03  ,0,0,0,0,0,0,0,0,0,-184000,0,0,0,4000,188000,-184000,-184000
056480,京鼎元大98購02  ,0,0,0,0,0,0,0,0,0,-184000,0,0,0,24000,208000,-184000,-184000
060982,旺宏元大9A購09  ,0,0,0,0,0,0,0,0,0,-185000,0,0,0,38000,223000,-185000,-185000
057971,華新科富邦9B購02,0,0,0,0,0,0,0,0,0,-185000,0,0,0,50000,235000,-185000,-185000
059155,台表科日盛99購01,0,0,0,0,0,0,0,0,0,-185000,0,0,0,11000,196000,-185000,-185000
059616,滬深2X群益01購04,0,0,0,0,0,0,0,0,0,-185000,0,0,0,0,185000,-185000,-185000
2897,王道銀行        ,25000,195000,-170000,0,0,0,0,0,0,-15000,0,15000,-15000,0,0,0,-185000
4560,強信-KY         ,414000,599000,-185000,0,0,0,0,0,0,0,0,0,0,0,0,0,-185000
060749,祥碩國票9A購01  ,0,0,0,0,0,0,0,0,0,-186000,0,0,0,29000,215000,-186000,-186000
048651,美利達元大96購05,0,0,0,0,0,0,0,0,0,-187000,0,0,0,44000,231000,-187000,-187000
059671,滬深2X元富99購05,0,0,0,0,0,0,0,0,0,-187000,0,0,0,12000,199000,-187000,-187000
8926,台汽電          ,27000,197000,-170000,0,0,0,0,4000,-4000,-13000,0,4000,-4000,0,9000,-9000,-187000
2347,聯強            ,878715,1056850,-178135,0,0,0,0,2000,-2000,-7000,0,7000,-7000,0,0,0,-187135
061200,道瓊反元大9A購06,0,0,0,0,0,0,0,0,0,-188000,0,0,0,22000,210000,-188000,-188000
058068,旺宏凱基98購11  ,10000,0,10000,0,0,0,0,0,0,-198000,0,0,0,60000,258000,-198000,-188000
059672,滬深2X元富99購06,0,0,0,0,0,0,0,0,0,-188000,0,0,0,0,188000,-188000,-188000
059373,滬深2X群益01購03,0,0,0,0,0,0,0,0,0,-188000,0,0,0,0,188000,-188000,-188000
061183,友達國泰9B購02  ,0,0,0,0,0,0,0,0,0,-189000,0,0,0,0,189000,-189000,-189000
061214,華擎元大9A購04  ,0,0,0,0,0,0,0,0,0,-189000,0,0,0,36000,225000,-189000,-189000
050794,大立光富邦96購04,0,0,0,0,0,0,0,0,0,-189000,0,0,0,0,189000,-189000,-189000
058413,義隆兆豐99購01  ,0,0,0,0,0,0,0,0,0,-189000,0,0,0,214000,403000,-189000,-189000
05644P,大立光中信9A售03,0,0,0,0,0,0,0,0,0,-189000,0,0,0,0,189000,-189000,-189000
2867,三商壽          ,346000,526000,-180000,0,0,0,0,0,0,-9000,0,9000,-9000,0,0,0,-189000
060365,京鼎元富9A購01  ,0,0,0,0,0,0,0,0,0,-190000,0,0,0,293000,483000,-190000,-190000
058299,同欣電凱基9A購01,0,0,0,0,0,0,0,0,0,-190000,0,0,0,0,190000,-190000,-190000
060234,凱美元大9C購01  ,0,0,0,0,0,0,0,0,0,-191000,0,0,0,0,191000,-191000,-191000
060156,光磊永豐9A購01  ,0,0,0,0,0,0,0,0,0,-191000,0,0,0,84000,275000,-191000,-191000
060662,旺宏凱基9A購03  ,0,0,0,0,0,0,0,0,0,-191000,0,0,0,15000,206000,-191000,-191000
3036,文曄            ,453128,20000,433128,0,0,0,0,3000,-3000,-621670,0,591670,-591670,0,30000,-30000,-191542
1227,佳格            ,594253,780000,-185747,0,0,0,0,2000,-2000,-4000,0,4000,-4000,0,0,0,-191747
07310P,大立光凱基99售12,0,0,0,0,0,0,0,0,0,-192000,0,0,0,0,192000,-192000,-192000
054550,旺宏凱基98購02  ,0,0,0,0,0,0,0,0,0,-192000,0,0,0,73000,265000,-192000,-192000
2354,鴻準            ,732000,983343,-251343,0,0,0,0,1000,-1000,60000,66000,6000,60000,0,0,0,-192343
055916,奇鋐凱基99購01  ,0,0,0,0,0,0,0,0,0,-193000,0,0,0,16000,209000,-193000,-193000
057195,南茂元大98購01  ,0,0,0,0,0,0,0,0,0,-194000,0,0,0,333000,527000,-194000,-194000
9907,統一實          ,49000,243000,-194000,0,0,0,0,0,0,0,0,0,0,0,0,0,-194000
060925,華新科永豐9A購01,0,0,0,0,0,0,0,0,0,-195000,0,0,0,0,195000,-195000,-195000
00648R,元大S&P500反1   ,0,0,0,0,0,0,0,0,0,-195000,0,0,0,361000,556000,-195000,-195000
057061,華擎國泰9A購01  ,0,0,0,0,0,0,0,0,0,-195000,0,0,0,35000,230000,-195000,-195000
059763,華擎永豐99購03  ,0,0,0,0,0,0,0,0,0,-195000,0,0,0,12000,207000,-195000,-195000
2006,東和鋼鐵        ,97000,202000,-105000,0,0,0,0,1000,-1000,-90000,0,90000,-90000,0,0,0,-196000
2838,聯邦銀          ,53000,244000,-191000,0,0,0,0,0,0,-5000,0,5000,-5000,0,0,0,-196000
2442,新美齊          ,217000,412000,-195000,0,0,0,0,0,0,-2000,0,2000,-2000,0,0,0,-197000
058924,晶相光元富99購02,0,0,0,0,0,0,0,0,0,-197000,0,0,0,0,197000,-197000,-197000
056438,旺宏凱基98購05  ,0,0,0,0,0,0,0,0,0,-197000,0,0,0,0,197000,-197000,-197000
059400,滬深2X元富9C購04,0,0,0,0,0,0,0,0,0,-198000,0,0,0,0,198000,-198000,-198000
057517,矽創元富98購02  ,0,0,0,0,0,0,0,0,0,-199000,0,0,0,10000,209000,-199000,-199000
07287P,全新群益9B售01  ,0,0,0,0,0,0,0,0,0,-200000,0,0,0,0,200000,-200000,-200000
07010P,T50正2凱基9C售01,0,0,0,0,0,0,0,0,0,-200000,0,0,0,0,200000,-200000,-200000
060578,臺股指中信9C購03,0,0,0,0,0,0,0,0,0,-200000,0,0,0,20000,220000,-200000,-200000
050758,聯發科元富9B購01,0,0,0,0,0,0,0,0,0,-200000,0,0,0,0,200000,-200000,-200000
058642,旺宏麥證9A購01  ,0,0,0,0,200000,-200000,0,0,0,-200000,0,0,0,0,200000,-200000,-200000
055025,華新科國泰98購02,0,0,0,0,0,0,0,0,0,-202000,0,0,0,64000,266000,-202000,-202000
054863,億光群益97購01  ,0,0,0,0,0,0,0,0,0,-202000,0,0,0,104000,306000,-202000,-202000
057717,友訊元富98購02  ,0,0,0,0,0,0,0,0,0,-204000,0,0,0,99000,303000,-204000,-204000
059872,華新科凱基01購01,0,0,0,0,0,0,0,0,0,-204000,0,0,0,185000,389000,-204000,-204000
059121,瑞儀永豐99購01  ,0,0,0,0,0,0,0,0,0,-204000,0,0,0,159000,363000,-204000,-204000
056801,國巨台新98購01  ,0,0,0,0,0,0,0,0,0,-204000,0,0,0,71000,275000,-204000,-204000
053149,京元電元大96購02,0,0,0,0,0,0,0,0,0,-205000,0,0,0,68000,273000,-205000,-205000
00717,富邦美國特別股  ,0,0,0,0,0,0,0,0,0,-206957,0,0,0,449000,655957,-206957,-206957
060034,立積永豐99購04  ,0,0,0,0,0,0,0,0,0,-207000,0,0,0,13000,220000,-207000,-207000
8011,台通            ,76000,284000,-208000,0,0,0,0,0,0,0,0,0,0,0,0,0,-208000
060926,宏達電永豐9A購01,0,0,0,0,0,0,0,0,0,-209000,0,0,0,0,209000,-209000,-209000
053780,南亞科元大96購03,0,0,0,0,0,0,0,0,0,-209000,0,0,0,68000,277000,-209000,-209000
059834,友達國泰9B購01  ,0,0,0,0,0,0,0,0,0,-209000,0,0,0,1000,210000,-209000,-209000
07623P,大立光統一9B售05,0,0,0,0,0,0,0,0,0,-210000,0,0,0,40000,250000,-210000,-210000
054265,GIS元大96購03   ,0,0,0,0,0,0,0,0,0,-210000,0,0,0,100000,310000,-210000,-210000
055733,奇力新元富97購01,0,0,0,0,0,0,0,0,0,-210000,0,0,0,0,210000,-210000,-210000
057457,華邦電富邦98購01,0,0,0,0,0,0,0,0,0,-210000,0,0,0,0,210000,-210000,-210000
057729,華新科國泰99購04,0,0,0,0,0,0,0,0,0,-210000,0,0,0,18000,228000,-210000,-210000
4943,康控-KY         ,169000,374406,-205406,0,0,0,0,0,0,-5000,5000,1000,4000,6000,15000,-9000,-210406
060398,立積國票9B購01  ,0,0,0,0,0,0,0,0,0,-211000,0,0,0,27000,238000,-211000,-211000
054042,華泰元大96購01  ,0,0,0,0,0,0,0,0,0,-211000,0,0,0,10000,221000,-211000,-211000
00692,富邦公司治理    ,10000,10000,0,0,0,0,0,0,0,-211000,0,0,0,1768000,1979000,-211000,-211000
1536,和大            ,86000,246000,-160000,0,0,0,0,0,0,-54000,0,32000,-32000,6000,28000,-22000,-214000
05977P,旺宏永豐96售06  ,0,0,0,0,0,0,0,0,0,-214000,0,0,0,51000,265000,-214000,-214000
2511,太子            ,58000,272000,-214000,0,0,0,0,0,0,0,0,0,0,0,0,0,-214000
2101,南港            ,40300,235000,-194700,0,0,0,0,0,0,-20000,0,2000,-2000,8000,26000,-18000,-214700
060819,國巨統一9C購04  ,0,0,0,0,0,0,0,0,0,-215000,0,0,0,20000,235000,-215000,-215000
061376,瑞昱永豐9A購02  ,0,0,0,0,0,0,0,0,0,-215000,0,0,0,0,215000,-215000,-215000
00646,元大S&P500      ,0,84000,-84000,0,0,0,0,0,0,-131000,0,0,0,18000,149000,-131000,-215000
057857,牧德國票99購01  ,0,0,0,0,0,0,0,0,0,-215000,0,0,0,1000,216000,-215000,-215000
053973,晶豪科元大96購01,0,0,0,0,0,0,0,0,0,-216000,0,0,0,43000,259000,-216000,-216000
05521P,創意永豐96售01  ,0,0,0,0,0,0,0,0,0,-216000,0,0,0,10000,226000,-216000,-216000
061254,道瓊反凱基9A購02,0,0,0,0,0,0,0,0,0,-217000,0,0,0,0,217000,-217000,-217000
061320,奇力新凱基9A購04,0,0,0,0,0,0,0,0,0,-217000,0,0,0,2000,219000,-217000,-217000
051944,智邦統一95購02  ,0,0,0,0,0,0,0,0,0,-217000,0,0,0,0,217000,-217000,-217000
058240,景碩元大99購04  ,0,0,0,0,0,0,0,0,0,-217000,0,0,0,1000,218000,-217000,-217000
060435,鈺齊永豐9A購01  ,0,0,0,0,0,0,0,0,0,-219000,0,0,0,0,219000,-219000,-219000
060722,矽格永豐9A購01  ,0,0,0,0,0,0,0,0,0,-219000,0,0,0,0,219000,-219000,-219000
059628,智邦凱基99購04  ,0,0,0,0,0,0,0,0,0,-219000,0,0,0,101000,320000,-219000,-219000
061170,南茂兆豐9B購01  ,0,0,0,0,0,0,0,0,0,-220000,0,0,0,23000,243000,-220000,-220000
07527P,台灣50凱基9B售02,0,0,0,0,0,0,0,0,0,-220000,0,0,0,17000,237000,-220000,-220000
061134,大成鋼統一9C購01,0,0,0,0,0,0,0,0,0,-221000,0,0,0,25000,246000,-221000,-221000
057743,華擎永豐98購03  ,0,0,0,0,0,0,0,0,0,-221000,0,0,0,0,221000,-221000,-221000
2615,萬海            ,53000,267000,-214000,0,0,0,0,2000,-2000,-5000,0,5000,-5000,0,0,0,-221000
05169P,玉晶光元大95售03,0,0,0,0,0,0,0,0,0,-222000,0,0,0,0,222000,-222000,-222000
056067,智原元大97購01  ,0,0,0,0,0,0,0,0,0,-222000,0,0,0,50000,272000,-222000,-222000
059183,T50反1台新03購02,0,0,0,0,0,0,0,0,0,-222000,0,0,0,0,222000,-222000,-222000
3576,聯合再生        ,240000,395000,-155000,0,0,0,0,0,0,-67000,0,67000,-67000,0,0,0,-222000
054351,華新科國泰97購03,0,0,0,0,0,0,0,0,0,-223000,0,0,0,30000,253000,-223000,-223000
6005,群益證          ,456000,672000,-216000,0,0,0,0,7000,-7000,0,0,0,0,0,0,0,-223000
061429,南六元大9A購02  ,0,0,0,0,0,0,0,0,0,-224000,0,0,0,0,224000,-224000,-224000
060988,華新科元大9A購12,0,0,0,0,0,0,0,0,0,-224000,0,0,0,247000,471000,-224000,-224000
1904,正隆            ,474000,501000,-27000,0,0,0,0,188000,-188000,-9000,0,3000,-3000,0,6000,-6000,-224000
060387,盛群凱基9A購01  ,25000,0,25000,0,0,0,0,0,0,-250000,0,0,0,161000,411000,-250000,-225000
00674R,元大S&P黃金反1  ,0,0,0,0,0,0,0,0,0,-227000,0,0,0,99000,326000,-227000,-227000
057010,景碩中信98購01  ,0,0,0,0,0,0,0,0,0,-228000,0,0,0,180000,408000,-228000,-228000
056309,合勤控元大97購01,0,0,0,0,0,0,0,0,0,-228000,0,0,0,140000,368000,-228000,-228000
055531,華新科群益98購03,0,0,0,0,0,0,0,0,0,-229000,0,0,0,0,229000,-229000,-229000
00652,富邦印度        ,1000,128000,-127000,0,0,0,0,0,0,-103000,0,0,0,6000,109000,-103000,-230000
059976,道瓊銀元大99購01,0,0,0,0,0,0,0,0,0,-230000,0,0,0,20000,250000,-230000,-230000
055755,禾伸堂兆豐97購02,0,0,0,0,0,0,0,0,0,-232000,0,0,0,0,232000,-232000,-232000
055814,晶豪科國票97購02,0,0,0,0,0,0,0,0,0,-232000,0,0,0,76000,308000,-232000,-232000
1722,台肥            ,81000,304639,-223639,0,0,0,0,1000,-1000,-8000,0,4000,-4000,0,4000,-4000,-232639
060976,SP黃豆元大9A購03,0,0,0,0,0,0,0,0,0,-233000,0,0,0,130000,363000,-233000,-233000
054640,健策中信9B購01  ,0,0,0,0,0,0,0,0,0,-233000,0,0,0,0,233000,-233000,-233000
3058,立德            ,2000,235000,-233000,0,0,0,0,0,0,0,0,0,0,0,0,0,-233000
2308,台達電          ,1601181,1801079,-199898,0,0,0,3000,12000,-9000,-25000,0,18000,-18000,12000,19000,-7000,-233898
052527,泰鼎元大96購02  ,0,0,0,0,0,0,0,0,0,-234000,0,0,0,5000,239000,-234000,-234000
061007,聯詠兆豐9A購01  ,0,0,0,0,0,0,0,0,0,-235000,0,0,0,18000,253000,-235000,-235000
061243,麗豐兆豐9A購01  ,0,0,0,0,0,0,0,0,0,-235000,0,0,0,45000,280000,-235000,-235000
052328,台表科中信99購01,0,0,0,0,0,0,0,0,0,-235000,0,0,0,1000,236000,-235000,-235000
054154,智易國泰97購01  ,0,0,0,0,0,0,0,0,0,-236000,0,0,0,0,236000,-236000,-236000
3045,台灣大          ,756936,989925,-232989,0,0,0,2000,3000,-1000,-3000,5000,8000,-3000,0,0,0,-236989
061126,京元電永豐9A購02,0,0,0,0,0,0,0,0,0,-237000,0,0,0,0,237000,-237000,-237000
061083,京元電兆豐9A購01,0,0,0,0,0,0,0,0,0,-240000,0,0,0,11000,251000,-240000,-240000
053892,景碩群益96購02  ,0,0,0,0,0,0,0,0,0,-240000,0,0,0,3000,243000,-240000,-240000
4956,光鋐            ,50000,290000,-240000,0,0,0,0,0,0,0,0,0,0,0,0,0,-240000
060651,瑞儀中信9B購01  ,0,0,0,0,0,0,0,0,0,-241000,0,0,0,218000,459000,-241000,-241000
2421,建準            ,624000,910000,-286000,0,0,0,0,0,0,45000,0,2000,-2000,48000,1000,47000,-241000
3031,佰鴻            ,194000,435000,-241000,0,0,0,0,0,0,0,0,0,0,0,0,0,-241000
1444,力麗            ,68000,310000,-242000,0,0,0,0,0,0,0,0,0,0,0,0,0,-242000
055354,宏達電凱基98購01,0,0,0,0,0,0,0,0,0,-243000,0,0,0,3000,246000,-243000,-243000
060807,新光金群益9A購01,0,0,0,0,0,0,0,0,0,-244000,0,0,0,215000,459000,-244000,-244000
059769,滬深2X群益9C購01,0,0,0,0,0,0,0,0,0,-244000,0,0,0,0,244000,-244000,-244000
058965,祥碩兆豐99購02  ,0,0,0,0,0,0,0,0,0,-244000,0,0,0,13000,257000,-244000,-244000
1736,喬山            ,112000,244000,-132000,0,0,0,0,100000,-100000,-13000,0,2000,-2000,3000,14000,-11000,-245000
055804,祥碩永豐97購02  ,0,0,0,0,0,0,0,0,0,-245000,0,0,0,37000,282000,-245000,-245000
057614,華新科元富99購04,0,0,0,0,0,0,0,0,0,-245000,0,0,0,0,245000,-245000,-245000
057324,億光群益98購01  ,0,0,0,0,0,0,0,0,0,-245000,0,0,0,26000,271000,-245000,-245000
056391,大立光富邦9C購01,0,0,0,0,0,0,0,0,0,-246000,0,0,0,0,246000,-246000,-246000
053034,上海銀兆豐96購01,0,0,0,0,0,0,0,0,0,-248000,0,0,0,0,248000,-248000,-248000
059179,祥碩元富99購01  ,0,0,0,0,0,0,0,0,0,-248000,0,0,0,256000,504000,-248000,-248000
060949,祥碩中信9A購01  ,0,0,0,0,0,0,0,0,0,-249000,0,0,0,75000,324000,-249000,-249000
052764,景碩群益98購01  ,0,0,0,0,0,0,0,0,0,-249000,0,0,0,2000,251000,-249000,-249000
059201,祥碩永豐99購02  ,0,0,0,0,0,0,0,0,0,-249000,0,0,0,39000,288000,-249000,-249000
058170,國巨凱基9A購06  ,0,0,0,0,0,0,0,0,0,-249000,0,0,0,0,249000,-249000,-249000
060913,宏達電元大9A購03,0,0,0,0,0,0,0,0,0,-250000,0,0,0,5000,255000,-250000,-250000
1439,中和            ,90000,340000,-250000,0,0,0,0,0,0,0,0,0,0,0,0,0,-250000
058126,元油2X元大9C購02,0,0,0,0,0,0,0,0,0,-250000,0,0,0,0,250000,-250000,-250000
059355,國巨富邦9B購03  ,0,0,0,0,0,0,0,0,0,-251000,0,0,0,0,251000,-251000,-251000
057656,大成鋼兆豐98購01,0,0,0,0,0,0,0,0,0,-252000,0,0,0,0,252000,-252000,-252000
056245,嘉澤群益97購01  ,0,0,0,0,0,0,0,0,0,-252000,0,0,0,370000,622000,-252000,-252000
060218,台積電凱基9A購15,0,0,0,0,0,0,0,0,0,-253000,0,0,0,62000,315000,-253000,-253000
04713P,創意元大95售01  ,0,0,0,0,0,0,0,0,0,-253000,0,0,0,0,253000,-253000,-253000
06137P,玉晶光永豐97售04,0,0,0,0,0,0,0,0,0,-254000,0,0,0,92000,346000,-254000,-254000
060706,群創富邦9A購01  ,0,0,0,0,0,0,0,0,0,-255000,0,0,0,0,255000,-255000,-255000
2014,中鴻            ,121000,376000,-255000,0,0,0,0,0,0,0,0,0,0,0,0,0,-255000
06743P,創意永豐98售03  ,0,0,0,0,0,0,0,0,0,-255000,0,0,0,50000,305000,-255000,-255000
055291,京鼎元大97購02  ,0,0,0,0,0,0,0,0,0,-255000,0,0,0,181000,436000,-255000,-255000
6213,聯茂            ,679965,708115,-28150,0,0,0,126000,148000,-22000,-204922,31000,178922,-147922,3000,60000,-57000,-255072
07369P,台積電凱基99售20,0,0,0,0,0,0,0,0,0,-258000,0,0,0,112000,370000,-258000,-258000
058181,華新科國泰9B購01,0,0,0,0,0,0,0,0,0,-258000,0,0,0,111000,369000,-258000,-258000
2027,大成鋼          ,580000,1063643,-483643,0,0,0,0,0,0,225000,0,20000,-20000,259000,14000,245000,-258643
060251,易華電元大9C購01,0,0,0,0,0,0,0,0,0,-260000,0,0,0,0,260000,-260000,-260000
061206,旺宏元大9A購12  ,0,0,0,0,0,0,0,0,0,-260000,0,0,0,30000,290000,-260000,-260000
055745,臻鼎元富97購01  ,0,0,0,0,0,0,0,0,0,-260000,0,0,0,250000,510000,-260000,-260000
056028,GIS群益97購02   ,0,0,0,0,0,0,0,0,0,-261000,0,0,0,72000,333000,-261000,-261000
056809,旺宏統一98購03  ,0,0,0,0,0,0,0,0,0,-262000,0,0,0,87000,349000,-262000,-262000
060198,祥碩元富9A購02  ,0,0,0,0,0,0,0,0,0,-263000,0,0,0,50000,313000,-263000,-263000
057930,旺宏群益99購04  ,0,0,0,0,0,0,0,0,0,-263000,0,0,0,118000,381000,-263000,-263000
3443,創意            ,303000,353000,-50000,0,0,0,0,162000,-162000,-52000,2000,30000,-28000,10000,34000,-24000,-264000
057527,億光元大98購01  ,0,0,0,0,0,0,0,0,0,-266000,0,0,0,10000,276000,-266000,-266000
2841,台開            ,292000,558000,-266000,0,0,0,0,0,0,0,0,0,0,0,0,0,-266000
055763,鎧勝群益97購01  ,0,0,0,0,0,0,0,0,0,-267000,0,0,0,158000,425000,-267000,-267000
055527,旺宏群益99購03  ,0,0,0,0,0,0,0,0,0,-267000,0,0,0,1000,268000,-267000,-267000
1711,永光            ,94000,362000,-268000,0,0,0,0,0,0,0,0,0,0,0,0,0,-268000
07700P,臺股指元大9A售53,0,0,0,0,0,0,0,0,0,-268000,0,0,0,0,268000,-268000,-268000
3042,晶技            ,3221000,6610000,-3389000,0,0,0,2894000,133000,2761000,359000,592000,201000,391000,95000,127000,-32000,-269000
00762,元大全球AI      ,0,0,0,0,0,0,0,0,0,-270000,0,0,0,0,270000,-270000,-270000
052237,嘉澤國票96購02  ,0,0,0,0,0,0,0,0,0,-270000,0,0,0,64000,334000,-270000,-270000
058225,旺宏元富99購01  ,0,0,0,0,0,0,0,0,0,-270000,0,0,0,3000,273000,-270000,-270000
058397,大成鋼元大99購02,0,0,0,0,0,0,0,0,0,-270000,0,0,0,77000,347000,-270000,-270000
058841,深中小群益01購01,0,0,0,0,0,0,0,0,0,-270000,0,0,0,150000,420000,-270000,-270000
059438,群創元大99購06  ,0,0,0,0,0,0,0,0,0,-270000,0,0,0,280000,550000,-270000,-270000
053617,宏達電群益96購02,0,0,0,0,0,0,0,0,0,-272000,0,0,0,0,272000,-272000,-272000
052908,大成鋼統一96購01,0,0,0,0,0,0,0,0,0,-273000,0,0,0,0,273000,-273000,-273000
2417,圓剛            ,53000,328000,-275000,0,0,0,0,0,0,0,0,0,0,0,0,0,-275000
061002,瑞昱兆豐9B購01  ,0,0,0,0,0,0,0,0,0,-279000,0,0,0,25000,304000,-279000,-279000
058146,勤誠元大99購01  ,0,0,0,0,0,0,0,0,0,-280000,0,0,0,108000,388000,-280000,-280000
060684,同欣電元大9A購01,0,0,0,0,0,0,0,0,0,-282000,0,0,0,200000,482000,-282000,-282000
1409,新纖            ,274000,550000,-276000,0,0,0,0,0,0,-6000,0,6000,-6000,0,0,0,-282000
057009,信邦中信99購01  ,0,0,0,0,0,0,0,0,0,-282000,0,0,0,380000,662000,-282000,-282000
060851,國巨國泰9C購01  ,0,0,0,0,0,0,0,0,0,-283000,0,0,0,904000,1187000,-283000,-283000
059171,祥碩凱基99購04  ,0,0,0,0,0,0,0,0,0,-283000,0,0,0,73000,356000,-283000,-283000
059709,上証2X元大9C購01,0,0,0,0,0,0,0,0,0,-283000,0,0,0,15000,298000,-283000,-283000
05348P,美律元富98售01  ,0,0,0,0,0,0,0,0,0,-284000,0,0,0,1606000,1890000,-284000,-284000
00850,元大臺灣ESG永續 ,0,1000,-1000,0,0,0,0,0,0,-283000,0,0,0,694000,977000,-283000,-284000
6239,力成            ,1614271,2819907,-1205636,0,0,0,1106000,1000,1105000,-184000,17000,50000,-33000,0,151000,-151000,-284636
07761P,智邦永豐9A售03  ,0,0,0,0,0,0,0,0,0,-285000,0,0,0,15000,300000,-285000,-285000
1310,台苯            ,75000,357229,-282229,0,0,0,4000,3000,1000,-4000,0,4000,-4000,0,0,0,-285229
1907,永豐餘          ,59000,332000,-273000,0,0,0,0,9000,-9000,-5000,0,5000,-5000,0,0,0,-287000
060896,晶技凱基9A購02  ,0,0,0,0,0,0,0,0,0,-287000,0,0,0,561000,848000,-287000,-287000
060906,旺宏元大9A購07  ,0,0,0,0,0,0,0,0,0,-287000,0,0,0,60000,347000,-287000,-287000
060310,瑞昱永豐9A購01  ,0,0,0,0,0,0,0,0,0,-287000,0,0,0,19000,306000,-287000,-287000
057258,中環兆豐98購01  ,0,0,0,0,0,0,0,0,0,-287000,0,0,0,69000,356000,-287000,-287000
1710,東聯            ,144000,418000,-274000,0,0,0,0,0,0,-15000,0,15000,-15000,0,0,0,-289000
07751P,世紀鋼凱基9A售02,0,0,0,0,0,0,0,0,0,-289000,0,0,0,0,289000,-289000,-289000
2605,新興            ,179000,524000,-345000,0,0,0,0,1000,-1000,55000,14000,0,14000,41000,0,41000,-291000
00634R,富邦上証反1     ,1000,20000,-19000,0,0,0,0,0,0,-273000,0,0,0,336000,609000,-273000,-292000
07714P,世紀鋼元大9A售03,0,0,0,0,0,0,0,0,0,-293000,0,0,0,82000,375000,-293000,-293000
056122,勤誠群益97購02  ,0,0,0,0,0,0,0,0,0,-293000,0,0,0,89000,382000,-293000,-293000
061274,臺股指凱基9A購24,0,0,0,0,0,0,0,0,0,-294000,0,0,0,5000,299000,-294000,-294000
054093,智原群益97購01  ,0,0,0,0,0,0,0,0,0,-297000,0,0,0,0,297000,-297000,-297000
061275,臺股指凱基9A購25,0,0,0,0,0,0,0,0,0,-299000,0,0,0,0,299000,-299000,-299000
060699,華新科國泰9B購03,0,0,0,0,0,0,0,0,0,-299000,0,0,0,121000,420000,-299000,-299000
07554P,玉晶光元大9A售06,0,0,0,0,0,0,0,0,0,-300000,0,0,0,3000,303000,-300000,-300000
052153,GIS富邦96購02   ,0,0,0,0,0,0,0,0,0,-300000,0,0,0,1000,301000,-300000,-300000
055710,亞德客元大97購03,0,0,0,0,0,0,0,0,0,-300000,0,0,0,21000,321000,-300000,-300000
057104,康友中信99購01  ,0,0,0,0,0,0,0,0,0,-300000,0,0,0,0,300000,-300000,-300000
057120,茂林康和98購01  ,0,0,0,0,0,0,0,0,0,-300000,0,0,0,0,300000,-300000,-300000
056920,友達兆豐98購02  ,0,0,0,0,0,0,0,0,0,-300000,0,0,0,0,300000,-300000,-300000
055877,奇鋐元富97購01  ,0,0,0,0,0,0,0,0,0,-302000,0,0,0,10000,312000,-302000,-302000
060981,旺宏元大9A購08  ,0,0,0,0,0,0,0,0,0,-303000,0,0,0,41000,344000,-303000,-303000
056500,大立光富邦9B購02,0,0,0,0,0,0,0,0,0,-304000,0,0,0,0,304000,-304000,-304000
060562,旺宏富邦9C購02  ,0,0,0,0,0,0,0,0,0,-305000,0,0,0,1000,306000,-305000,-305000
057136,立積凱基98購02  ,0,0,0,0,0,0,0,0,0,-306000,0,0,0,0,306000,-306000,-306000
055343,國巨凱基97購03  ,0,0,0,0,0,0,0,0,0,-307000,0,0,0,0,307000,-307000,-307000
3338,泰碩            ,169000,355000,-186000,0,0,0,0,30000,-30000,-92000,6000,7000,-1000,4000,95000,-91000,-308000
047694,SP黃豆國票9B購01,0,0,0,0,0,0,0,0,0,-309000,0,0,0,120000,429000,-309000,-309000
059288,旺宏元富99購03  ,0,0,0,0,0,0,0,0,0,-309000,0,0,0,24000,333000,-309000,-309000
054239,台郡群益96購02  ,0,0,0,0,0,0,0,0,0,-310000,0,0,0,0,310000,-310000,-310000
1477,聚陽            ,396300,575195,-178895,0,0,0,0,115000,-115000,-18000,0,0,0,1000,19000,-18000,-311895
07462P,臺股指元大9B售05,0,0,0,0,0,0,0,0,0,-315000,0,0,0,0,315000,-315000,-315000
061151,友訊群益9A購01  ,0,0,0,0,0,0,0,0,0,-315000,0,0,0,0,315000,-315000,-315000
2363,矽統            ,2291000,2606000,-315000,0,0,0,0,0,0,-1000,0,1000,-1000,0,0,0,-316000
060696,道瓊反國泰9C購01,0,0,0,0,0,0,0,0,0,-317000,0,0,0,43000,360000,-317000,-317000
060303,宏達電富邦9B購01,0,0,0,0,0,0,0,0,0,-318000,0,0,0,12000,330000,-318000,-318000
058831,茂林永豐99購01  ,0,0,0,0,0,0,0,0,0,-321000,0,0,0,20000,341000,-321000,-321000
049775,旺宏統一95購02  ,0,0,0,0,0,0,0,0,0,-323000,0,0,0,0,323000,-323000,-323000
00635U,元大S&P黃金     ,2000,1000,1000,0,0,0,0,0,0,-325000,0,0,0,1157000,1482000,-325000,-324000
057696,聯電群益9A購01  ,0,0,0,0,0,0,0,0,0,-325000,0,0,0,1782000,2107000,-325000,-325000
1476,儒鴻            ,134000,449610,-315610,0,0,0,0,1000,-1000,-12000,0,9000,-9000,0,3000,-3000,-328610
060005,上銀群益99購03  ,0,0,0,0,0,0,0,0,0,-330000,0,0,0,0,330000,-330000,-330000
058160,奇鋐元富99購01  ,0,0,0,0,0,0,0,0,0,-331000,0,0,0,135000,466000,-331000,-331000
061368,南六國票9A購01  ,0,0,0,0,0,0,0,0,0,-333000,0,0,0,0,333000,-333000,-333000
061008,群創兆豐9A購02  ,0,0,0,0,0,0,0,0,0,-333000,0,0,0,100000,433000,-333000,-333000
4133,亞諾法          ,268000,602000,-334000,0,0,0,0,0,0,0,0,0,0,0,0,0,-334000
048383,元金2X國票99購01,0,0,0,0,0,0,0,0,0,-336000,0,0,0,26000,362000,-336000,-336000
055257,景碩統一97購01  ,0,0,0,0,0,0,0,0,0,-336000,0,0,0,26000,362000,-336000,-336000
054785,建準群益98購01  ,0,0,0,0,0,0,0,0,0,-337000,0,0,0,0,337000,-337000,-337000
056674,華邦電元富98購01,0,0,0,0,0,0,0,0,0,-342000,0,0,0,40000,382000,-342000,-342000
055005,晶相光元富97購01,0,0,0,0,0,0,0,0,0,-345000,0,0,0,0,345000,-345000,-345000
045842,T50反1台新98購01,0,0,0,0,0,0,0,0,0,-345000,0,0,0,0,345000,-345000,-345000
06371P,茂林國票98售04  ,0,0,0,0,0,0,0,0,0,-346000,0,0,0,11000,357000,-346000,-346000
061302,晶技永豐9A購04  ,0,0,0,0,0,0,0,0,0,-349000,0,0,0,0,349000,-349000,-349000
058206,祥碩凱基99購01  ,0,0,0,0,0,0,0,0,0,-351000,0,0,0,98000,449000,-351000,-351000
061262,智邦凱基9A購02  ,0,0,0,0,0,0,0,0,0,-353000,0,0,0,52000,405000,-353000,-353000
052414,聯電麥證95購01  ,0,0,0,0,354000,-354000,0,0,0,-354000,0,0,0,0,354000,-354000,-354000
056162,祥碩凱基97購03  ,0,0,0,0,0,0,0,0,0,-360000,0,0,0,12000,372000,-360000,-360000
055611,燿華國票98購02  ,0,0,0,0,0,0,0,0,0,-360000,0,0,0,10000,370000,-360000,-360000
059975,元金2X元大99購02,0,0,0,0,0,0,0,0,0,-365000,0,0,0,31000,396000,-365000,-365000
057467,祥碩永豐98購04  ,0,0,0,0,0,0,0,0,0,-365000,0,0,0,0,365000,-365000,-365000
060942,智邦國票9A購02  ,0,0,0,0,0,0,0,0,0,-367000,0,0,0,310000,677000,-367000,-367000
059168,奇力新凱基99購05,0,0,0,0,0,0,0,0,0,-367000,0,0,0,50000,417000,-367000,-367000
057997,旺宏第一9C購01  ,0,0,0,0,0,0,0,0,0,-369000,0,0,0,56000,425000,-369000,-369000
1201,味全            ,128000,490000,-362000,0,0,0,0,0,0,-8000,0,0,0,6000,14000,-8000,-370000
061317,旺宏凱基9A購05  ,0,0,0,0,0,0,0,0,0,-371000,0,0,0,30000,401000,-371000,-371000
058050,台郡元大99購05  ,0,0,0,0,0,0,0,0,0,-372000,0,0,0,336000,708000,-372000,-372000
057727,華邦電國泰9A購01,0,0,0,0,0,0,0,0,0,-372000,0,0,0,0,372000,-372000,-372000
2903,遠百            ,404000,776088,-372088,0,0,0,0,0,0,0,0,0,0,0,0,0,-372088
055334,禾伸堂兆豐97購01,0,0,0,0,0,0,0,0,0,-374000,0,0,0,2000,376000,-374000,-374000
056995,華新科日盛99購01,0,0,0,0,0,0,0,0,0,-376000,0,0,0,185000,561000,-376000,-376000
052893,聯電群益98購01  ,0,0,0,0,0,0,0,0,0,-377000,0,0,0,122000,499000,-377000,-377000
1312,國喬            ,500000,873000,-373000,0,0,0,0,1000,-1000,-4000,4000,8000,-4000,0,0,0,-378000
07390P,華新科康和99售02,0,0,0,0,0,0,0,0,0,-380000,0,0,0,0,380000,-380000,-380000
00830,國泰費城半導體  ,20000,0,20000,0,0,0,0,0,0,-400000,0,0,0,2000,402000,-400000,-380000
057395,旺宏中信98購03  ,0,0,0,0,0,0,0,0,0,-380000,0,0,0,0,380000,-380000,-380000
1210,大成            ,636000,1042493,-406493,0,0,0,0,2000,-2000,27000,45000,18000,27000,0,0,0,-381493
052590,祥碩永豐96購01  ,0,0,0,0,0,0,0,0,0,-382000,0,0,0,45000,427000,-382000,-382000
058832,立積永豐99購01  ,0,0,0,0,0,0,0,0,0,-383000,0,0,0,94000,477000,-383000,-383000
6202,盛群            ,120000,506000,-386000,0,0,0,0,0,0,3000,0,2000,-2000,21000,16000,5000,-383000
054374,信邦中信96購01  ,0,0,0,0,0,0,0,0,0,-384000,0,0,0,217000,601000,-384000,-384000
058912,祥碩元大99購01  ,0,0,0,0,0,0,0,0,0,-385000,0,0,0,124000,509000,-385000,-385000
059631,京元電凱基99購02,0,0,0,0,0,0,0,0,0,-385000,0,0,0,54000,439000,-385000,-385000
053516,茂林群益96購05  ,0,0,0,0,0,0,0,0,0,-387000,0,0,0,56000,443000,-387000,-387000
057841,茂林富邦9A購02  ,0,0,0,0,0,0,0,0,0,-389000,0,0,0,110000,499000,-389000,-389000
058180,華新科國泰9A購01,0,0,0,0,0,0,0,0,0,-391000,0,0,0,485000,876000,-391000,-391000
054950,奇力新元大98購02,0,0,0,0,0,0,0,0,0,-392000,0,0,0,68000,460000,-392000,-392000
057989,旺宏統一99購04  ,0,0,0,0,0,0,0,0,0,-395000,0,0,0,143000,538000,-395000,-395000
058136,景碩元大99購02  ,0,0,0,0,0,0,0,0,0,-397000,0,0,0,0,397000,-397000,-397000
060745,京元電國票9A購01,0,0,0,0,0,0,0,0,0,-398000,0,0,0,0,398000,-398000,-398000
00655L,國泰中國A50正2  ,301000,126000,175000,0,0,0,0,0,0,-574000,0,0,0,2434000,3008000,-574000,-399000
057927,勤誠凱基98購01  ,0,0,0,0,0,0,0,0,0,-399000,0,0,0,51000,450000,-399000,-399000
2387,精元            ,225000,609000,-384000,0,0,0,0,0,0,-19000,20000,14000,6000,6000,31000,-25000,-403000
058721,立積元富9C購01  ,0,0,0,0,0,0,0,0,0,-403000,0,0,0,285000,688000,-403000,-403000
2820,華票            ,8000,406000,-398000,0,0,0,0,0,0,-5000,0,5000,-5000,0,0,0,-403000
058132,義隆元大99購03  ,0,0,0,0,0,0,0,0,0,-404000,0,0,0,28000,432000,-404000,-404000
060548,友達凱基9B購03  ,0,0,0,0,0,0,0,0,0,-405000,0,0,0,78000,483000,-405000,-405000
058435,旺宏統一9B購02  ,0,0,0,0,0,0,0,0,0,-405000,0,0,0,21000,426000,-405000,-405000
9105,泰金寶-DR       ,94000,500000,-406000,0,0,0,0,0,0,0,0,0,0,0,0,0,-406000
060547,瑞昱凱基9A購01  ,0,0,0,0,0,0,0,0,0,-407000,0,0,0,49000,456000,-407000,-407000
07506P,中租元大9A售01  ,0,0,0,0,0,0,0,0,0,-408000,0,0,0,0,408000,-408000,-408000
057817,景碩元大98購01  ,0,0,0,0,0,0,0,0,0,-408000,0,0,0,50000,458000,-408000,-408000
058613,茂林元大99購03  ,0,0,0,0,0,0,0,0,0,-409000,0,0,0,30000,439000,-409000,-409000
060657,旺宏統一9B購05  ,0,0,0,0,0,0,0,0,0,-410000,0,0,0,1000,411000,-410000,-410000
054690,新興永豐97購01  ,0,0,0,0,0,0,0,0,0,-410000,0,0,0,10000,420000,-410000,-410000
060333,金寶康和9A購01  ,0,0,0,0,0,0,0,0,0,-415000,0,0,0,12000,427000,-415000,-415000
06915P,晶技元富98售02  ,0,0,0,0,0,0,0,0,0,-420000,0,0,0,0,420000,-420000,-420000
058518,玉晶光元大99購13,0,0,0,0,0,0,0,0,0,-420000,0,0,0,40000,460000,-420000,-420000
060553,祥碩凱基9A購01  ,0,0,0,0,0,0,0,0,0,-422000,0,0,0,92000,514000,-422000,-422000
054471,T50反1中信9C購01,0,0,0,0,0,0,0,0,0,-425000,0,0,0,40000,465000,-425000,-425000
2323,中環            ,924000,1588000,-664000,0,0,0,0,0,0,238000,56000,15000,41000,228000,31000,197000,-426000
054673,京鼎國泰98購01  ,0,0,0,0,0,0,0,0,0,-426000,0,0,0,0,426000,-426000,-426000
055235,金寶台新98購01  ,0,0,0,0,0,0,0,0,0,-426000,0,0,0,145000,571000,-426000,-426000
2377,微星            ,792421,1076000,-283579,0,0,0,10000,1000,9000,-154000,22000,30000,-8000,6000,152000,-146000,-428579
2504,國產            ,231000,1071000,-840000,0,0,0,422000,0,422000,-11000,0,0,0,30000,41000,-11000,-429000
5522,遠雄            ,104000,535858,-431858,0,0,0,0,0,0,0,0,0,0,0,0,0,-431858
00672L,元大S&P原油正2  ,0,0,0,0,0,0,0,0,0,-433000,0,0,0,727000,1160000,-433000,-433000
05212P,台積電國票96售04,0,0,0,0,0,0,0,0,0,-433000,0,0,0,445000,878000,-433000,-433000
053057,聯電國泰97購02  ,0,0,0,0,0,0,0,0,0,-439000,0,0,0,232000,671000,-439000,-439000
3596,智易            ,123000,466797,-343797,0,0,0,0,1000,-1000,-95000,2000,5000,-3000,24000,116000,-92000,-439797
056684,旺宏統一98購02  ,0,0,0,0,0,0,0,0,0,-446000,0,0,0,8000,454000,-446000,-446000
1229,聯華            ,192000,630580,-438580,0,0,0,0,4000,-4000,-4000,0,4000,-4000,0,0,0,-446580
059180,祥碩元富9A購01  ,0,0,0,0,0,0,0,0,0,-447000,0,0,0,191000,638000,-447000,-447000
061283,智邦統一9A購01  ,0,0,0,0,0,0,0,0,0,-449000,0,0,0,308000,757000,-449000,-449000
057572,明泰永豐98購01  ,0,0,0,0,0,0,0,0,0,-450000,0,0,0,25000,475000,-450000,-450000
3406,玉晶光          ,353302,720000,-366698,0,0,0,0,5000,-5000,-79000,128000,171000,-43000,1000,37000,-36000,-450698
4967,十銓            ,211000,665000,-454000,0,0,0,0,0,0,0,0,0,0,0,0,0,-454000
061132,志超永豐9A購01  ,0,0,0,0,0,0,0,0,0,-457000,0,0,0,42000,499000,-457000,-457000
057730,聯鈞國泰9A購01  ,0,0,0,0,0,0,0,0,0,-457000,0,0,0,565000,1022000,-457000,-457000
056699,光罩國泰99購01  ,0,0,0,0,0,0,0,0,0,-464000,0,0,0,19000,483000,-464000,-464000
061155,華新科群益9A購06,0,0,0,0,0,0,0,0,0,-468000,0,0,0,0,468000,-468000,-468000
054002,GIS群益96購03   ,0,0,0,0,0,0,0,0,0,-468000,0,0,0,74000,542000,-468000,-468000
049235,元油2X元富96購05,0,0,0,0,0,0,0,0,0,-468000,0,0,0,0,468000,-468000,-468000
059166,友達凱基99購05  ,0,0,0,0,0,0,0,0,0,-472000,0,0,0,226000,698000,-472000,-472000
3043,科風            ,0,473000,-473000,0,0,0,0,0,0,0,0,0,0,0,0,0,-473000
2515,中工            ,102000,593000,-491000,0,0,0,0,0,0,18000,18000,0,18000,0,0,0,-473000
058241,景碩元大99購05  ,0,0,0,0,0,0,0,0,0,-475000,0,0,0,228000,703000,-475000,-475000
061378,南六永豐9A購03  ,0,0,0,0,0,0,0,0,0,-477000,0,0,0,40000,517000,-477000,-477000
055216,友達凱基98購05  ,0,0,0,0,0,0,0,0,0,-479000,0,0,0,0,479000,-479000,-479000
060789,禾伸堂富邦9B購02,0,0,0,0,0,0,0,0,0,-482000,0,0,0,615000,1097000,-482000,-482000
9910,豐泰            ,360805,833192,-472387,0,0,0,0,1000,-1000,-10000,3000,13000,-10000,0,0,0,-483387
057475,聯電元大9A購01  ,0,0,0,0,0,0,0,0,0,-485000,0,0,0,29000,514000,-485000,-485000
057008,華新科中信99購02,0,0,0,0,0,0,0,0,0,-485000,0,0,0,10000,495000,-485000,-485000
2845,遠東銀          ,287000,739219,-452219,0,0,0,0,1000,-1000,-33000,0,13000,-13000,0,20000,-20000,-486219
2357,華碩            ,547134,1044990,-497856,0,0,0,1000,1000,0,11000,14000,3000,11000,0,0,0,-486856
2723,美食-KY         ,76000,548000,-472000,0,0,0,0,0,0,-18000,0,1000,-1000,0,17000,-17000,-490000
057883,中環群益98購01  ,0,0,0,0,0,0,0,0,0,-493000,0,0,0,108000,601000,-493000,-493000
2049,上銀            ,358360,898000,-539640,0,0,0,60000,0,60000,-14000,0,0,0,5000,19000,-14000,-493640
050656,瑞儀凱基96購01  ,0,0,0,0,0,0,0,0,0,-494000,0,0,0,0,494000,-494000,-494000
057408,台郡群益98購01  ,0,0,0,0,0,0,0,0,0,-495000,0,0,0,0,495000,-495000,-495000
057675,同欣電元大98購02,0,0,0,0,0,0,0,0,0,-496000,0,0,0,16000,512000,-496000,-496000
052150,台積電富邦95購07,0,0,0,0,0,0,0,0,0,-499000,0,0,0,0,499000,-499000,-499000
057207,立積元富98購02  ,0,0,0,0,0,0,0,0,0,-500000,0,0,0,467000,967000,-500000,-500000
047564,滬深2X國票99購01,0,0,0,0,0,0,0,0,0,-502000,0,0,0,119000,621000,-502000,-502000
060700,華新科國泰9C購01,0,0,0,0,0,0,0,0,0,-504000,0,0,0,142000,646000,-504000,-504000
2204,中華            ,48000,554600,-506600,0,0,0,0,0,0,0,0,0,0,0,0,0,-506600
2340,光磊            ,199000,690000,-491000,0,0,0,0,1000,-1000,-16000,18000,11000,7000,32000,55000,-23000,-508000
00664R,國泰臺灣加權反1 ,0,0,0,0,0,0,0,0,0,-510000,0,0,0,594000,1104000,-510000,-510000
057605,旺宏統一99購03  ,0,0,0,0,0,0,0,0,0,-511000,0,0,0,27000,538000,-511000,-511000
1789,神隆            ,350000,689000,-339000,0,0,0,0,224000,-224000,45000,0,0,0,52000,7000,45000,-518000
2454,聯發科          ,3009740,3515300,-505560,0,0,0,6000,28000,-22000,3000,25000,70000,-45000,53000,5000,48000,-524560
058245,訊連元大99購01  ,0,0,0,0,0,0,0,0,0,-527000,0,0,0,215000,742000,-527000,-527000
1305,華夏            ,217000,745160,-528160,0,0,0,0,1000,-1000,0,0,0,0,0,0,0,-529160
3041,揚智            ,223000,755000,-532000,0,0,0,0,0,0,0,0,0,0,0,0,0,-532000
2915,潤泰全          ,190277,722154,-531877,0,0,0,0,1000,-1000,-2000,4000,0,4000,5000,11000,-6000,-534877
059841,國巨富邦9C購01  ,0,6000,-6000,0,0,0,0,0,0,-529000,0,0,0,647000,1176000,-529000,-535000
3711,日月光投控      ,1473500,2587960,-1114460,0,0,0,603000,4000,599000,-23000,2000,39000,-37000,24000,10000,14000,-538460
061001,智邦兆豐9B購01  ,0,0,0,0,0,0,0,0,0,-542000,0,0,0,634000,1176000,-542000,-542000
1304,台聚            ,195000,735000,-540000,0,0,0,0,3000,-3000,0,0,0,0,0,0,0,-543000
060260,京鼎凱基9C購01  ,0,10000,-10000,0,0,0,0,0,0,-534000,0,0,0,274000,808000,-534000,-544000
061284,友達統一9C購01  ,0,0,0,0,0,0,0,0,0,-546000,0,0,0,25000,571000,-546000,-546000
061164,燿華兆豐9B購01  ,0,0,0,0,0,0,0,0,0,-546000,0,0,0,206000,752000,-546000,-546000
07640P,國巨群益9A售07  ,0,0,0,0,0,0,0,0,0,-558000,0,0,0,260000,818000,-558000,-558000
06535P,可成群益99售02  ,0,0,0,0,0,0,0,0,0,-559000,0,0,0,0,559000,-559000,-559000
059100,元油2X統一9C購02,0,0,0,0,0,0,0,0,0,-563000,0,0,0,526000,1089000,-563000,-563000
054546,玉晶光中信9B購01,0,0,0,0,0,0,0,0,0,-564000,0,0,0,0,564000,-564000,-564000
1303,南亞            ,1960000,2560000,-600000,0,0,0,50000,6000,44000,-12000,4000,16000,-12000,0,0,0,-568000
2401,凌陽            ,122000,694000,-572000,0,0,0,0,0,0,-5000,6000,11000,-5000,0,0,0,-577000
4119,旭富            ,116000,682000,-566000,0,0,0,0,1000,-1000,-13000,0,0,0,2000,15000,-13000,-580000
061068,祥碩凱基9B購01  ,0,0,0,0,0,0,0,0,0,-581000,0,0,0,47000,628000,-581000,-581000
056320,京鼎群益99購01  ,0,0,0,0,0,0,0,0,0,-581000,0,0,0,0,581000,-581000,-581000
4142,國光生          ,3085000,3629000,-544000,0,0,0,0,0,0,-40000,35000,75000,-40000,0,0,0,-584000
4927,泰鼎-KY         ,701000,410000,291000,0,0,0,50000,900000,-850000,-25000,67000,80000,-13000,22000,34000,-12000,-584000
058405,訊連元大99購02  ,0,0,0,0,0,0,0,0,0,-589000,0,0,0,0,589000,-589000,-589000
061084,京元電兆豐9A購02,0,0,0,0,0,0,0,0,0,-593000,0,0,0,173000,766000,-593000,-593000
2330,台積電          ,14217404,14784162,-566758,0,0,0,100000,30000,70000,-101000,75000,118000,-43000,85000,143000,-58000,-597758
058663,瑞儀兆豐9A購01  ,0,0,0,0,0,0,0,0,0,-598000,0,0,0,273000,871000,-598000,-598000
061031,神隆永豐9A購02  ,0,0,0,0,0,0,0,0,0,-600000,0,0,0,91000,691000,-600000,-600000
059107,南茂國泰9A購01  ,0,0,0,0,0,0,0,0,0,-601000,0,0,0,14000,615000,-601000,-601000
2542,興富發          ,551000,1158724,-607724,0,0,0,0,0,0,4000,8000,4000,4000,0,0,0,-603724
3049,和鑫            ,359000,959285,-600285,0,0,0,0,6000,-6000,0,0,0,0,0,0,0,-606285
9958,世紀鋼          ,220000,525000,-305000,0,0,0,0,167000,-167000,-135000,41000,20000,21000,26000,182000,-156000,-607000
054977,SP黃豆元富9B購01,0,0,0,0,0,0,0,0,0,-610000,0,0,0,971000,1581000,-610000,-610000
060008,華邦電群益9A購01,0,0,0,0,0,0,0,0,0,-611000,0,0,0,157000,768000,-611000,-611000
061100,SP黃豆元大9A購04,0,0,0,0,0,0,0,0,0,-625000,0,0,0,370000,995000,-625000,-625000
00712,FH富時不動產    ,1000,515000,-514000,0,0,0,0,0,0,-112000,0,0,0,33000,145000,-112000,-626000
2606,裕民            ,167000,792000,-625000,0,0,0,0,1000,-1000,-2000,0,2000,-2000,0,0,0,-628000
2474,可成            ,2036127,2650838,-614711,0,0,0,21000,0,21000,-37000,17000,12000,5000,5000,47000,-42000,-630711
057446,旺宏元富02購01  ,0,0,0,0,0,0,0,0,0,-636000,0,0,0,0,636000,-636000,-636000
038489,T50反1台新9A購01,0,0,0,0,0,0,0,0,0,-640000,0,0,0,0,640000,-640000,-640000
053056,同欣電國票97購01,0,0,0,0,0,0,0,0,0,-645000,0,0,0,0,645000,-645000,-645000
6251,定穎            ,1249000,2389000,-1140000,0,0,0,371000,4000,367000,123000,268000,145000,123000,0,0,0,-650000
1434,福懋            ,242000,888000,-646000,0,0,0,0,0,0,-6000,0,6000,-6000,0,0,0,-652000
1720,生達            ,53000,741000,-688000,0,0,0,0,0,0,24000,75000,51000,24000,0,0,0,-664000
058153,景碩統一9B購01  ,0,0,0,0,0,0,0,0,0,-668000,0,0,0,23000,691000,-668000,-668000
2412,中華電          ,2074508,2727313,-652805,0,0,0,44000,7000,37000,-58000,4000,55000,-51000,0,7000,-7000,-673805
00708L,元大S&P黃金正2  ,11000,0,11000,0,0,0,0,0,0,-687000,0,0,0,1790000,2477000,-687000,-676000
052426,國巨台新96購01  ,0,0,0,0,0,0,0,0,0,-681000,0,0,0,784000,1465000,-681000,-681000
00693U,街口S&P黃豆     ,69000,334000,-265000,0,0,0,0,0,0,-417000,0,0,0,13002000,13419000,-417000,-682000
054090,瑞昱群益97購01  ,0,0,0,0,0,0,0,0,0,-686000,0,0,0,7000,693000,-686000,-686000
060320,元金2X群益02購01,0,0,0,0,0,0,0,0,0,-691000,0,0,0,79000,770000,-691000,-691000
060123,光罩永豐99購02  ,0,0,0,0,0,0,0,0,0,-695000,0,0,0,10000,705000,-695000,-695000
9933,中鼎            ,229000,932000,-703000,0,0,0,0,0,0,5000,7000,2000,5000,0,0,0,-698000
00670L,富邦NASDAQ正2   ,6000,57000,-51000,0,0,0,0,0,0,-662000,0,0,0,155000,817000,-662000,-713000
006208,富邦台50        ,1000,1000,0,0,0,0,0,0,0,-715000,0,0,0,569000,1284000,-715000,-715000
053347,茂林國票98購01  ,0,0,0,0,0,0,0,0,0,-726000,0,0,0,53000,779000,-726000,-726000
03840P,台積電統一99售02,0,0,0,0,0,0,0,0,0,-740000,0,0,0,0,740000,-740000,-740000
2104,國際中橡        ,1468000,2207000,-739000,0,0,0,0,0,0,-2000,0,2000,-2000,0,0,0,-741000
2314,台揚            ,221000,965000,-744000,0,0,0,0,0,0,0,0,0,0,0,0,0,-744000
2812,台中銀          ,3951958,4735000,-783042,0,0,0,20000,3000,17000,0,0,0,0,0,0,0,-766042
3034,聯詠            ,2229100,3000650,-771550,0,0,0,0,10000,-10000,12000,20000,1000,19000,11000,18000,-7000,-769550
2383,台光電          ,155000,670000,-515000,0,0,0,0,268000,-268000,13000,61000,48000,13000,8000,8000,0,-770000
07459P,緯穎元大9A售01  ,0,0,0,0,0,0,0,0,0,-770000,0,0,0,0,770000,-770000,-770000
045189,大立光元富98購01,0,0,0,0,0,0,0,0,0,-790000,0,0,0,0,790000,-790000,-790000
3704,合勤控          ,352000,1142000,-790000,0,0,0,0,0,0,-3000,0,0,0,0,3000,-3000,-793000
060698,旺宏國泰9C購01  ,0,0,0,0,0,0,0,0,0,-800000,0,0,0,521000,1321000,-800000,-800000
056121,勤誠群益97購01  ,0,0,0,0,0,0,0,0,0,-802000,0,0,0,77000,879000,-802000,-802000
6269,台郡            ,849000,1697315,-848315,0,0,0,15000,1000,14000,20000,58000,29000,29000,14000,23000,-9000,-814315
8046,南電            ,2018047,2507000,-488953,0,0,0,52000,50000,2000,-332000,240000,242000,-2000,23000,353000,-330000,-818953
4106,雃博            ,216000,1049000,-833000,0,0,0,0,0,0,0,0,0,0,0,0,0,-833000
2889,國票金          ,0,861472,-861472,0,0,0,0,3000,-3000,19000,30000,11000,19000,0,0,0,-845472
060937,T50反1國票9A購10,40000,0,40000,0,0,0,0,0,0,-891000,0,0,0,0,891000,-891000,-851000
00676R,富邦臺灣加權反1 ,0,0,0,0,0,0,0,0,0,-864000,0,0,0,997000,1861000,-864000,-864000
1301,台塑            ,1487724,2343000,-855276,0,0,0,6000,7000,-1000,-13000,0,13000,-13000,0,0,0,-869276
054941,凱美元大97購01  ,0,0,0,0,0,0,0,0,0,-889000,0,0,0,0,889000,-889000,-889000
053018,旺宏元富96購02  ,0,0,0,0,0,0,0,0,0,-907000,0,0,0,60000,967000,-907000,-907000
6282,康舒            ,184000,1071000,-887000,0,0,0,0,5000,-5000,-22000,8000,13000,-5000,3000,20000,-17000,-914000
057112,立積群益99購01  ,0,0,0,0,0,0,0,0,0,-915000,0,0,0,0,915000,-915000,-915000
00715L,街口布蘭特油正2 ,0,1000,-1000,0,0,0,0,0,0,-916000,0,0,0,20000,936000,-916000,-917000
061188,大成鋼富邦9B購01,0,0,0,0,0,0,0,0,0,-932000,0,0,0,0,932000,-932000,-932000
060821,SP黃豆元大9A購02,0,0,0,0,0,0,0,0,0,-939000,0,0,0,418000,1357000,-939000,-939000
057270,遠東新元大98購01,0,0,0,0,0,0,0,0,0,-950000,0,0,0,50000,1000000,-950000,-950000
2102,泰豐            ,436000,1390000,-954000,0,0,0,0,0,0,0,0,0,0,0,0,0,-954000
5471,松翰            ,868000,1882000,-1014000,0,0,0,0,0,0,60000,70000,10000,60000,0,0,0,-954000
2106,建大            ,48000,1004000,-956000,0,0,0,0,1000,-1000,0,0,0,0,0,0,0,-957000
060780,祥碩國泰9B購01  ,0,0,0,0,0,0,0,0,0,-957000,0,0,0,448000,1405000,-957000,-957000
2633,台灣高鐵        ,155000,1115309,-960309,0,0,0,3000,1000,2000,-5000,2000,6000,-4000,0,1000,-1000,-963309
061000,旺宏兆豐9A購02  ,0,0,0,0,0,0,0,0,0,-964000,0,0,0,0,964000,-964000,-964000
2367,燿華            ,1212000,2227000,-1015000,0,0,0,0,2000,-2000,49000,0,2000,-2000,117000,66000,51000,-968000
3702,大聯大          ,961207,1996000,-1034793,0,0,0,0,1000,-1000,33000,46000,7000,39000,0,6000,-6000,-1002793
00671R,富邦NASDAQ反1   ,0,97000,-97000,0,0,0,0,0,0,-916000,0,0,0,172000,1088000,-916000,-1013000
5871,中租-KY         ,627400,1645441,-1018041,0,0,0,2000,2000,0,-26000,5000,13000,-8000,4000,22000,-18000,-1044041
2449,京元電子        ,1269000,2724000,-1455000,0,0,0,0,4000,-4000,354000,203000,136000,67000,347000,60000,287000,-1105000
061118,GIS富邦9A購01   ,0,0,0,0,0,0,0,0,0,-1116000,0,0,0,0,1116000,-1116000,-1116000
2492,華新科          ,1467000,2989380,-1522380,0,0,0,101000,0,101000,304000,322000,106000,216000,224000,136000,88000,-1117380
4746,台耀            ,572000,1012000,-440000,0,0,0,0,714000,-714000,11000,22000,11000,11000,0,0,0,-1143000
2316,楠梓電          ,349000,1491000,-1142000,0,0,0,0,0,0,-6000,0,1000,-1000,41000,46000,-5000,-1148000
00875,國泰網路資安    ,0,775000,-775000,0,0,0,0,0,0,-387000,0,0,0,700000,1087000,-387000,-1162000
060226,道瓊反元大9A購01,0,0,0,0,0,0,0,0,0,-1167000,0,0,0,124000,1291000,-1167000,-1167000
5876,上海商銀        ,614000,1789693,-1175693,0,0,0,4000,5000,-1000,-4000,5000,9000,-4000,0,0,0,-1180693
3481,群創            ,14131000,15739000,-1608000,0,0,0,0,0,0,415000,0,126000,-126000,983000,442000,541000,-1193000
2603,長榮            ,950000,2987200,-2037200,0,0,0,546000,6000,540000,258000,271000,13000,258000,0,0,0,-1239200
00669R,國泰美國道瓊反1 ,3000,788000,-785000,0,0,0,0,0,0,-479000,0,0,0,1117000,1596000,-479000,-1264000
2458,義隆            ,776000,1485000,-709000,0,0,0,0,405000,-405000,-177000,6000,92000,-86000,46000,137000,-91000,-1291000
2823,中壽            ,2262000,3548076,-1286076,0,0,0,4000,4000,0,-14000,0,17000,-17000,74000,71000,3000,-1300076
00738U,元大道瓊白銀    ,0,1345000,-1345000,0,0,0,0,0,0,43000,0,0,0,131000,88000,43000,-1302000
2324,仁寶            ,5439832,6962000,-1522168,0,0,0,31000,0,31000,173000,183000,0,183000,0,10000,-10000,-1318168
057808,旺宏元大99購05  ,0,0,0,0,0,0,0,0,0,-1325000,0,0,0,3000,1328000,-1325000,-1325000
00653L,富邦印度正2     ,207000,720000,-513000,0,0,0,0,0,0,-880024,0,0,0,428000,1308024,-880024,-1393024
058838,國巨中信99購03  ,0,0,0,0,0,0,0,0,0,-1395000,0,0,0,560000,1955000,-1395000,-1395000
056829,台積電富邦9A購01,0,0,0,0,0,0,0,0,0,-1471000,0,0,0,43000,1514000,-1471000,-1471000
2103,台橡            ,167000,1638000,-1471000,0,0,0,0,0,0,-2000,0,2000,-2000,0,0,0,-1473000
1101,台泥            ,2939314,3893711,-954397,0,0,0,240000,661836,-421836,-104000,0,24000,-24000,19000,99000,-80000,-1480233
3037,欣興            ,3274000,4356891,-1082891,0,0,0,262000,776000,-514000,97000,156000,68000,88000,70000,61000,9000,-1499891
2353,宏碁            ,2101409,3602000,-1500591,0,0,0,0,1000,-1000,-13000,62000,59000,3000,34000,50000,-16000,-1514591
3706,神達            ,777677,1833910,-1056233,0,0,0,0,524000,-524000,32000,29000,4000,25000,18000,11000,7000,-1548233
2301,光寶科          ,2426835,4088488,-1661653,0,0,0,15000,1000,14000,88000,95000,7000,88000,0,0,0,-1559653
2312,金寶            ,345000,2346000,-2001000,0,0,0,0,3000,-3000,433000,0,0,0,466000,33000,433000,-1571000
2601,益航            ,653000,2223000,-1570000,0,0,0,0,4000,-4000,0,0,0,0,0,0,0,-1574000
2610,華航            ,5379000,6910000,-1531000,0,0,0,0,10000,-10000,-54000,10000,14000,-4000,0,50000,-50000,-1595000
07292P,臺股指凱基99售44,0,0,0,0,0,0,0,0,0,-1633000,0,0,0,308000,1941000,-1633000,-1633000
2356,英業達          ,3848700,5449470,-1600770,0,0,0,0,0,0,-44000,0,18000,-18000,103000,129000,-26000,-1644770
1326,台化            ,1633000,3359077,-1726077,0,0,0,38000,5000,33000,-12000,0,12000,-12000,0,0,0,-1705077
054369,鴻海中信9C購01  ,0,0,0,0,0,0,0,0,0,-1713000,0,0,0,0,1713000,-1713000,-1713000
1504,東元            ,226867,1975000,-1748133,0,0,0,0,1000,-1000,-40000,0,34000,-34000,0,6000,-6000,-1789133
2327,國巨            ,2382045,4303923,-1921878,0,0,0,201000,240000,-39000,145000,182000,96000,86000,151000,92000,59000,-1815878
2201,裕隆            ,627000,2476000,-1849000,0,0,0,0,0,0,-6000,0,6000,-6000,0,0,0,-1855000
2801,彰銀            ,1329020,3243497,-1914477,0,0,0,55000,12000,43000,-7000,0,20000,-20000,19000,6000,13000,-1878477
056138,群創元大9B購01  ,0,0,0,0,0,0,0,0,0,-1889000,0,0,0,0,1889000,-1889000,-1889000
00701,國泰股利精選30  ,0,166000,-166000,0,0,0,0,0,0,-1734000,0,0,0,214000,1948000,-1734000,-1900000
060742,臺指反國票9B購02,0,0,0,0,0,0,0,0,0,-1902000,0,0,0,100000,2002000,-1902000,-1902000
4958,臻鼎-KY         ,4256000,5938865,-1682865,0,0,0,131000,371000,-240000,-38000,10000,47000,-37000,4000,5000,-1000,-1960865
00633L,富邦上証正2     ,587000,899000,-312000,0,0,0,0,0,0,-1680000,30000,0,30000,1946000,3656000,-1710000,-1992000
6176,瑞儀            ,964000,3201409,-2237409,0,0,0,54000,1000,53000,50000,94000,103000,-9000,138000,79000,59000,-2134409
2481,強茂            ,526000,2916000,-2390000,0,0,0,279000,0,279000,-74000,0,0,0,15000,89000,-74000,-2185000
053524,聯電中信97購02  ,0,0,0,0,0,0,0,0,0,-2253000,0,0,0,650000,2903000,-2253000,-2253000
2882,國泰金          ,2233265,4529946,-2296681,0,0,0,76000,13000,63000,-20000,0,26000,-26000,16000,10000,6000,-2253681
2392,正崴            ,157000,2395000,-2238000,0,0,0,0,3000,-3000,-24000,0,1000,-1000,27000,50000,-23000,-2265000
2329,華泰            ,180000,2482000,-2302000,0,0,0,0,4000,-4000,5000,0,1000,-1000,17000,11000,6000,-2301000
3035,智原            ,485000,2369000,-1884000,0,0,0,50000,0,50000,-508000,20000,306000,-286000,39000,261000,-222000,-2342000
00861,元大全球未來通訊,0,209000,-209000,0,0,0,0,0,0,-2180000,0,0,0,100000,2280000,-2180000,-2389000
2883,開發金          ,6232000,8809690,-2577690,0,0,0,124000,6000,118000,-30000,0,0,0,0,30000,-30000,-2489690
2317,鴻海            ,10187012,12357329,-2170317,0,0,0,16000,13000,3000,-381000,0,228000,-228000,150000,303000,-153000,-2548317
2408,南亞科          ,2217718,4602780,-2385062,0,0,0,1000,202000,-201000,5000,0,0,0,21000,16000,5000,-2581062
6116,彩晶            ,1244000,3745000,-2501000,0,0,0,0,0,0,-171000,2000,81000,-79000,0,92000,-92000,-2672000
2352,佳世達          ,63000,2328000,-2265000,0,0,0,0,405000,-405000,-14000,2000,0,2000,0,16000,-16000,-2684000
2002,中鋼            ,2480487,5439047,-2958560,0,0,0,111000,11000,100000,81000,81000,0,81000,0,0,0,-2777560
9904,寶成            ,2207000,5090152,-2883152,0,0,0,24000,3000,21000,-4000,4000,8000,-4000,0,0,0,-2866152
0050,元大台灣50      ,647037,683000,-35963,0,0,0,17000,0,17000,-2976000,0,36000,-36000,269000,3209000,-2940000,-2994963
2344,華邦電          ,6822678,9988000,-3165322,0,0,0,0,2000,-2000,136000,174000,236000,-62000,270000,72000,198000,-3031322
3038,全台            ,1025000,4113000,-3088000,0,0,0,0,0,0,-132000,80000,212000,-132000,0,0,0,-3220000
2888,新光金          ,7767000,11216000,-3449000,0,0,0,16000,3000,13000,-171000,12000,28000,-16000,182000,337000,-155000,-3607000
053564,台積電富邦99購01,100000,0,100000,0,0,0,0,0,0,-3759000,0,0,0,0,3759000,-3759000,-3659000
3231,緯創            ,3036306,7223372,-4187066,0,0,0,299000,3000,296000,91000,167000,0,167000,70000,146000,-76000,-3800066
2881,富邦金          ,4230000,8524816,-4294816,0,0,0,68000,12000,56000,-116000,2000,142000,-140000,33000,9000,24000,-4354816
5880,合庫金          ,4355000,9177390,-4822390,0,0,0,85000,9000,76000,-2000,0,0,0,0,2000,-2000,-4748390
1402,遠東新          ,1614000,7420076,-5806076,0,0,0,34000,4000,30000,69000,24000,17000,7000,62000,0,62000,-5707076
2887,台新金          ,3259396,9042118,-5782722,0,0,0,92000,8000,84000,-21000,0,21000,-21000,0,0,0,-5719722
2885,元大金          ,5661000,11496787,-5835787,0,0,0,100000,11000,89000,-37000,3000,0,3000,0,40000,-40000,-5783787
2618,長榮航          ,2402000,8740097,-6338097,0,0,0,23000,2000,21000,108000,156000,22000,134000,0,26000,-26000,-6209097
00852L,國泰美國道瓊正2 ,1382000,2515000,-1133000,0,0,0,0,0,0,-5111000,0,0,0,2722000,7833000,-5111000,-6244000
2880,華南金          ,1694000,8531988,-6837988,0,0,0,82000,16000,66000,-32000,0,32000,-32000,0,0,0,-6803988
2834,臺企銀          ,1788000,9109723,-7321723,0,0,0,40000,1000,39000,-1000,0,1000,-1000,0,0,0,-7283723
1216,統一            ,5231000,13145474,-7914474,0,0,0,42000,6000,36000,1000,11000,11000,0,3000,2000,1000,-7877474
00642U,元大S&P石油     ,60000,981000,-921000,0,0,0,0,0,0,-8088000,0,0,0,1646000,9734000,-8088000,-9009000
2303,聯電            ,23465169,38882003,-15416834,0,0,0,1996000,13000,1983000,554000,196000,666000,-470000,2119000,1095000,1024000,-12879834
2891,中信金          ,13702831,24162240,-10459409,0,0,0,171000,2818000,-2647000,72000,84000,40000,44000,60000,32000,28000,-13034409
2886,兆豐金          ,1704000,15066282,-13362282,0,0,0,98000,590000,-492000,-50000,0,33000,-33000,0,17000,-17000,-13904282
00637L,元大滬深300正2  ,290000,10728000,-10438000,0,0,0,0,0,0,-5492000,0,0,0,15358000,20850000,-5492000,-15930000
2892,第一金          ,5177000,15406896,-10229896,0,0,0,92000,2012000,-1920000,-4768000,0,4736000,-4736000,0,32000,-32000,-16917896
