證券代號,證券名稱,外陸資買進股數(不含外資自營商),外陸資賣出股數(不含外資自營商),外陸資買賣超股數(不含外資自營商),外資自營商買進股數,外資自營商賣出股數,外資自營商買賣超股數,投信買進股數,投信賣出股數,投信買賣超股數,自營商買賣超股數,自營商買進股數(自行買賣),自營商賣出股數(自行買賣),自營商買賣超股數(自行買賣),自營商買進股數(避險),自營商賣出股數(避險),自營商買賣超股數(避險),三大法人買賣超股數
00637L,元大滬深300正2  ,12244000,1653000,10591000,0,0,0,0,0,0,4446000,0,0,0,21945000,17499000,4446000,15037000
2891,中信金          ,17694086,9681000,8013086,0,0,0,1180000,8000,1172000,5000,7000,31000,-24000,29000,0,29000,9190086
2633,台灣高鐵        ,7384186,2779000,4605186,0,0,0,3785000,0,3785000,465000,229000,292000,-63000,581000,53000,528000,8855186
3231,緯創            ,13822846,5165000,8657846,0,0,0,0,0,0,17000,20000,15000,5000,39000,27000,12000,8674846
00632R,元大台灣50反1   ,1350000,0,1350000,0,0,0,0,0,0,7117000,700000,2191000,-1491000,14554000,5946000,8608000,8467000
00852L,國泰美國道瓊正2 ,2545000,490000,2055000,0,0,0,0,0,0,6410000,0,0,0,12302000,5892000,6410000,8465000
2344,華邦電          ,19775000,15584000,4191000,0,0,0,0,0,0,2396000,649000,263000,386000,2319000,309000,2010000,6587000
1605,華新            ,15791000,10018000,5773000,0,0,0,0,0,0,547000,136000,94000,42000,683000,178000,505000,6320000
2313,華通            ,8642000,2281000,6361000,0,0,0,373000,1622000,-1249000,-952000,438000,1246000,-808000,297000,441000,-144000,4160000
00861,元大全球未來通訊,0,5000,-5000,0,0,0,0,0,0,3928000,0,0,0,4015000,87000,3928000,3923000
2330,台積電          ,18387055,14356078,4030977,0,0,0,7000,180000,-173000,-85000,21000,41000,-20000,271000,336000,-65000,3772977
2014,中鴻            ,3933000,365000,3568000,0,0,0,0,0,0,-1000,1000,2000,-1000,0,0,0,3567000
00633L,富邦上証正2     ,4793000,1382000,3411000,0,0,0,0,0,0,127000,0,0,0,2713000,2586000,127000,3538000
2882,國泰金          ,5298997,1838349,3460648,0,0,0,0,0,0,-199000,2000,0,2000,18000,219000,-201000,3261648
2317,鴻海            ,12718810,10030860,2687950,0,0,0,0,0,0,416000,40000,62000,-22000,666000,228000,438000,3103950
2610,華航            ,3676534,776000,2900534,0,0,0,0,0,0,36000,2000,1000,1000,35000,0,35000,2936534
055885,大成鋼統一97購02,0,0,0,0,0,0,0,0,0,2895000,0,0,0,2897000,2000,2895000,2895000
053573,臺股指統一99購01,0,0,0,0,0,0,0,0,0,2862000,0,0,0,3112000,250000,2862000,2862000
1909,榮成            ,3233000,948000,2285000,0,0,0,102000,0,102000,21000,21000,0,21000,0,0,0,2408000
2618,長榮航          ,9520744,7813601,1707143,0,0,0,199000,0,199000,487000,24000,226000,-202000,689000,0,689000,2393143
2498,宏達電          ,3508000,1213500,2294500,0,0,0,0,0,0,-25000,44000,60000,-16000,50000,59000,-9000,2269500
2356,英業達          ,4090180,1755000,2335180,0,0,0,0,0,0,-125000,20000,1000,19000,118000,262000,-144000,2210180
062423,聯發科統一9C購07,0,0,0,0,0,0,0,0,0,2041000,0,0,0,2337000,296000,2041000,2041000
2520,冠德            ,2514000,747000,1767000,0,0,0,103000,0,103000,168000,296000,91000,205000,0,37000,-37000,2038000
2881,富邦金          ,7165422,5153419,2012003,0,0,0,0,0,0,-162000,8000,2000,6000,19000,187000,-168000,1850003
054770,健策國票98購01  ,0,0,0,0,0,0,0,0,0,1771000,0,0,0,1771000,0,1771000,1771000
2312,金寶            ,2218000,504000,1714000,0,0,0,0,0,0,56000,0,0,0,67000,11000,56000,1770000
1907,永豐餘          ,2047000,329000,1718000,0,0,0,0,0,0,20000,20000,0,20000,0,0,0,1738000
2353,宏碁            ,5490534,3699000,1791534,0,0,0,0,0,0,-91000,62000,15000,47000,20000,158000,-138000,1700534
2458,義隆            ,2229000,811000,1418000,0,0,0,188000,0,188000,91000,28000,123000,-95000,226000,40000,186000,1697000
2347,聯強            ,2007772,1769000,238772,0,0,0,500000,0,500000,856000,899000,27000,872000,8000,24000,-16000,1594772
1477,聚陽            ,2844800,1690000,1154800,0,0,0,446000,0,446000,-55000,78000,121000,-43000,16000,28000,-12000,1545800
063054,健鼎統一01購01  ,0,0,0,0,0,0,0,0,0,1461000,0,0,0,1502000,41000,1461000,1461000
3014,聯陽            ,2210000,1051000,1159000,0,0,0,100000,0,100000,190000,39000,35000,4000,193000,7000,186000,1449000
2201,裕隆            ,1884000,662000,1222000,0,0,0,0,0,0,207000,0,0,0,209000,2000,207000,1429000
062805,台勝科統一9C購01,0,0,0,0,0,0,0,0,0,1395000,0,0,0,1440000,45000,1395000,1395000
2454,聯發科          ,6539687,5208712,1330975,0,0,0,151000,3000,148000,-93000,150000,257000,-107000,65000,51000,14000,1385975
060121,新光金富邦99購01,0,0,0,0,0,0,0,0,0,1382000,0,0,0,1472000,90000,1382000,1382000
2303,聯電            ,13319118,10983822,2335296,0,0,0,0,892000,-892000,-63000,13000,3000,10000,44000,117000,-73000,1380296
055791,臺股指凱基97購14,0,0,0,0,0,0,0,0,0,1357000,0,0,0,1357000,0,1357000,1357000
3653,健策            ,1448000,1259000,189000,0,0,0,971000,0,971000,191000,257000,75000,182000,333000,324000,9000,1351000
6176,瑞儀            ,2053000,1038000,1015000,0,0,0,177000,0,177000,159000,644000,478000,166000,36000,43000,-7000,1351000
2385,群光            ,2070226,1116575,953651,0,0,0,350000,0,350000,-5000,0,52000,-52000,96000,49000,47000,1298651
062018,台勝科永豐9B購01,0,0,0,0,0,0,0,0,0,1289000,0,0,0,1289000,0,1289000,1289000
1736,喬山            ,1465000,662000,803000,0,0,0,400000,0,400000,50000,27000,15000,12000,140000,102000,38000,1253000
2867,三商壽          ,1473000,239857,1233143,0,0,0,0,0,0,5000,0,0,0,5000,0,5000,1238143
2368,金像電          ,19471000,17382000,2089000,0,0,0,0,857000,-857000,5000,1245000,1399000,-154000,350000,191000,159000,1237000
3049,和鑫            ,2439326,1149000,1290326,0,0,0,0,0,0,-64000,1000,0,1000,4000,69000,-65000,1226326
053354,康控兆豐97購02  ,0,0,0,0,0,0,0,0,0,1180000,0,0,0,1200000,20000,1180000,1180000
020012,富邦行動通訊N   ,0,0,0,0,0,0,0,0,0,1180000,0,0,0,1180000,0,1180000,1180000
060702,玉晶光國泰9C購02,0,0,0,0,0,0,0,0,0,1135000,0,0,0,1170000,35000,1135000,1135000
1513,中興電          ,912000,114000,798000,0,0,0,0,0,0,332000,0,28000,-28000,360000,0,360000,1130000
2883,開發金          ,10252904,9042000,1210904,0,0,0,0,0,0,-94000,3000,0,3000,92000,189000,-97000,1116904
052602,聯電元大97購01  ,0,0,0,0,0,0,0,0,0,1115000,0,0,0,1210000,95000,1115000,1115000
062219,燿華統一9B購01  ,0,0,0,0,0,0,0,0,0,1098000,0,0,0,1128000,30000,1098000,1098000
07505P,台勝科元大9A售01,0,0,0,0,0,0,0,0,0,1097000,0,0,0,1107000,10000,1097000,1097000
2382,廣達            ,6123688,5814000,309688,0,0,0,791000,6000,785000,-12000,74000,70000,4000,27000,43000,-16000,1082688
8016,矽創            ,826000,279000,547000,0,0,0,500000,6000,494000,16000,0,0,0,19000,3000,16000,1057000
059298,大立光元富9C購02,0,0,0,0,0,0,0,0,0,1038000,0,0,0,1160000,122000,1038000,1038000
062402,台勝科永豐9B購02,0,0,0,0,0,0,0,0,0,1035000,0,0,0,1057000,22000,1035000,1035000
0050,元大台灣50      ,673003,35000,638003,0,0,0,45000,0,45000,349000,156000,100000,56000,1121000,828000,293000,1032003
00671R,富邦NASDAQ反1   ,0,30000,-30000,0,0,0,0,0,0,1060000,0,0,0,2360000,1300000,1060000,1030000
1598,岱宇            ,1176000,175000,1001000,0,0,0,0,0,0,18000,63000,45000,18000,0,0,0,1019000
3450,聯鈞            ,1353800,431000,922800,0,0,0,0,40000,-40000,90000,70000,0,70000,20000,0,20000,972800
2049,上銀            ,2518648,1786863,731785,0,0,0,438000,95000,343000,-118000,103000,190000,-87000,82000,113000,-31000,956785
062087,瑞祺元大9B購02  ,0,0,0,0,0,0,0,0,0,947000,0,0,0,1254000,307000,947000,947000
062031,臻鼎群益9B購01  ,0,0,0,0,0,0,0,0,0,939000,0,0,0,939000,0,939000,939000
2301,光寶科          ,2046528,3244000,-1197472,0,0,0,1145000,0,1145000,991000,1022000,0,1022000,60000,91000,-31000,938528
051929,GIS中信96購01   ,0,0,0,0,0,0,0,0,0,932000,0,0,0,932000,0,932000,932000
2105,正新            ,2095306,1181000,914306,0,0,0,0,0,0,1000,16000,9000,7000,2000,8000,-6000,915306
056001,美食永豐97購01  ,0,0,0,0,0,0,0,0,0,909000,0,0,0,919000,10000,909000,909000
00655L,國泰中國A50正2  ,908000,7000,901000,0,0,0,0,0,0,3000,0,0,0,1826000,1823000,3000,904000
058408,華通兆豐99購02  ,0,0,0,0,0,0,0,0,0,899000,0,0,0,917000,18000,899000,899000
059680,台積電國泰9A購03,0,0,0,0,0,0,0,0,0,897000,0,0,0,1172000,275000,897000,897000
058026,上銀富邦9A購01  ,0,0,0,0,0,0,0,0,0,897000,0,0,0,1098000,201000,897000,897000
063220,建準群益9B購01  ,0,0,0,0,0,0,0,0,0,895000,0,0,0,895000,0,895000,895000
057998,玉晶光麥證9A購01,0,0,0,895000,0,895000,0,0,0,895000,0,0,0,895000,0,895000,895000
6285,啟碁            ,993000,176839,816161,0,0,0,0,0,0,65000,4000,2000,2000,76000,13000,63000,881161
2915,潤泰全          ,1895274,1126200,769074,0,0,0,0,0,0,109000,56000,0,56000,114000,61000,53000,878074
9907,統一實          ,1160000,287000,873000,0,0,0,0,0,0,0,0,0,0,0,0,0,873000
3673,TPK-KY          ,1523000,1245000,278000,0,0,0,0,0,0,570000,150000,0,150000,448000,28000,420000,848000
061357,寶成元大9A購01  ,0,0,0,0,0,0,0,0,0,838000,0,0,0,1131000,293000,838000,838000
00850,元大臺灣ESG永續 ,7000,0,7000,0,0,0,0,0,0,831000,0,0,0,895000,64000,831000,838000
061363,儒鴻國票9B購01  ,0,0,0,0,0,0,0,0,0,821000,0,0,0,997000,176000,821000,821000
062885,臻鼎兆豐9C購01  ,0,0,0,0,0,0,0,0,0,820000,0,0,0,1086000,266000,820000,820000
3705,永信            ,956000,138000,818000,0,0,0,0,0,0,0,0,0,0,0,0,0,818000
058841,深中小群益01購01,0,0,0,0,0,0,0,0,0,798000,0,0,0,1498000,700000,798000,798000
5305,敦南            ,901000,112000,789000,0,0,0,0,0,0,1000,1000,0,1000,0,0,0,790000
063079,儒鴻凱基9B購01  ,0,0,0,0,0,0,0,0,0,789000,0,0,0,1361000,572000,789000,789000
060807,新光金群益9A購01,0,0,0,0,0,0,0,0,0,783000,0,0,0,854000,71000,783000,783000
062061,台勝科統一01購01,0,0,0,0,0,0,0,0,0,783000,0,0,0,878000,95000,783000,783000
8271,宇瞻            ,1709000,899220,809780,0,0,0,0,32000,-32000,0,7000,7000,0,0,0,0,777780
061149,華通群益9A購05  ,0,0,0,0,0,0,0,0,0,768000,0,0,0,798000,30000,768000,768000
054137,聯詠元大97購02  ,0,0,0,0,0,0,0,0,0,768000,0,0,0,783000,15000,768000,768000
063148,建準元富9B購01  ,0,0,0,0,0,0,0,0,0,767000,0,0,0,787000,20000,767000,767000
9958,世紀鋼          ,739000,605000,134000,0,0,0,0,0,0,629000,247000,10000,237000,423000,31000,392000,763000
2515,中工            ,897000,135000,762000,0,0,0,0,0,0,1000,0,0,0,1000,0,1000,763000
07060P,台表科國票9A售01,0,0,0,0,0,0,0,0,0,750000,0,0,0,760000,10000,750000,750000
060197,臻鼎元富9A購02  ,0,0,0,0,0,0,0,0,0,745000,0,0,0,888000,143000,745000,745000
060781,台郡國泰9B購01  ,0,0,0,0,0,0,0,0,0,743000,0,0,0,888000,145000,743000,743000
4551,智伸科          ,657000,94000,563000,0,0,0,140000,0,140000,38000,2000,0,2000,53000,17000,36000,741000
5522,遠雄            ,1500272,704207,796065,0,0,0,0,0,0,-56000,0,0,0,1000,57000,-56000,740065
061411,T50反1群益9A購05,0,0,0,0,0,0,0,0,0,733000,0,0,0,807000,74000,733000,733000
9938,百和            ,1031000,346000,685000,0,0,0,47000,0,47000,-13000,69000,1000,68000,50000,131000,-81000,719000
4934,太極            ,867000,149292,717708,0,0,0,0,0,0,0,0,0,0,0,0,0,717708
059003,中壽元大99購01  ,0,0,0,0,0,0,0,0,0,712000,0,0,0,774000,62000,712000,712000
2448,晶電            ,3221280,2508000,713280,0,0,0,0,0,0,-7000,274000,286000,-12000,5000,0,5000,706280
8081,致新            ,880000,273000,607000,0,0,0,123000,0,123000,-26000,0,39000,-39000,79000,66000,13000,704000
060360,南亞科元富9A購02,0,0,0,0,0,0,0,0,0,701000,0,0,0,837000,136000,701000,701000
1904,正隆            ,1219001,405000,814001,0,0,0,41000,0,41000,-156000,0,0,0,13000,169000,-156000,699001
00640L,富邦日本正2     ,24000,3000,21000,0,0,0,0,0,0,678000,0,0,0,1143000,465000,678000,699000
3056,總太            ,753300,63000,690300,0,0,0,0,0,0,7000,8000,1000,7000,0,0,0,697300
1802,台玻            ,853000,170000,683000,0,0,0,0,0,0,7000,0,0,0,7000,0,7000,690000
03414B,臺股指凱基99熊01,50000,65000,-15000,0,0,0,0,0,0,698000,0,0,0,1003000,305000,698000,683000
2383,台光電          ,1659000,657000,1002000,0,0,0,132000,243000,-111000,-217000,108000,189000,-81000,18000,154000,-136000,674000
3698,隆達            ,1861000,1165000,696000,0,0,0,0,0,0,-23000,13000,68000,-55000,32000,0,32000,673000
5521,工信            ,775000,104000,671000,0,0,0,0,0,0,0,0,0,0,0,0,0,671000
056852,矽格元富98購01  ,0,0,0,0,0,0,0,0,0,669000,0,0,0,783000,114000,669000,669000
2603,長榮            ,3564750,2862700,702050,0,0,0,186000,380000,-194000,157000,325000,181000,144000,13000,0,13000,665050
07956P,鴻海群益9B售06  ,0,0,0,0,0,0,0,0,0,658000,0,0,0,658000,0,658000,658000
6412,群電            ,728000,142000,586000,0,0,0,46000,0,46000,21000,0,10000,-10000,44000,13000,31000,653000
055652,聯詠元富01購01  ,0,0,0,0,0,0,0,0,0,652000,0,0,0,690000,38000,652000,652000
062976,嘉澤元富9B購01  ,0,0,0,0,0,0,0,0,0,651000,0,0,0,898000,247000,651000,651000
2478,大毅            ,1241250,626000,615250,0,0,0,0,0,0,32000,0,0,0,52000,20000,32000,647250
059023,可成統一9B購02  ,0,0,0,0,0,0,0,0,0,644000,0,0,0,721000,77000,644000,644000
1590,亞德客-KY       ,1108354,519000,589354,0,0,0,17000,0,17000,36000,13000,2000,11000,49000,24000,25000,642354
060889,國泰金統一9C購01,0,0,0,0,0,0,0,0,0,638000,0,0,0,686000,48000,638000,638000
062851,建準永豐9B購02  ,0,0,0,0,0,0,0,0,0,636000,0,0,0,668000,32000,636000,636000
060888,金像電統一9C購01,1000,0,1000,0,0,0,0,0,0,626000,0,0,0,904000,278000,626000,627000
062398,建準永豐9B購01  ,0,0,0,0,0,0,0,0,0,625000,0,0,0,677000,52000,625000,625000
062167,燿華永豐9B購01  ,0,0,0,0,0,0,0,0,0,616000,0,0,0,616000,0,616000,616000
061470,鈺齊群益9A購02  ,0,0,0,0,0,0,0,0,0,605000,0,0,0,710000,105000,605000,605000
1309,台達化          ,663480,210000,453480,0,0,0,0,0,0,151000,151000,0,151000,0,0,0,604480
061007,聯詠兆豐9A購01  ,0,0,0,0,0,0,0,0,0,603000,0,0,0,623000,20000,603000,603000
056724,臻鼎中信9A購01  ,0,0,0,0,0,0,0,0,0,597000,0,0,0,927000,330000,597000,597000
063048,聯詠兆豐9B購01  ,0,0,0,0,0,0,0,0,0,595000,0,0,0,666000,71000,595000,595000
06507P,台表科國票99售01,0,0,0,0,0,0,0,0,0,592000,0,0,0,834000,242000,592000,592000
062660,神隆群益9B購02  ,0,0,0,0,0,0,0,0,0,586000,0,0,0,739000,153000,586000,586000
00737,國泰AI+Robo     ,429000,0,429000,0,0,0,0,0,0,154000,0,0,0,327000,173000,154000,583000
062541,臻鼎國泰01購01  ,0,0,0,0,0,0,0,0,0,579000,0,0,0,1098000,519000,579000,579000
060746,玉晶光國票9B購02,0,0,0,0,0,0,0,0,0,579000,0,0,0,591000,12000,579000,579000
054935,華通元大98購03  ,0,0,0,0,0,0,0,0,0,576000,0,0,0,576000,0,576000,576000
5469,瀚宇博          ,1063473,856000,207473,0,0,0,0,0,0,366700,0,15300,-15300,404000,22000,382000,574173
057773,技嘉群益9A購02  ,0,0,0,0,0,0,0,0,0,573000,0,0,0,630000,57000,573000,573000
060967,鈺齊凱基9A購02  ,0,0,0,0,0,0,0,0,0,569000,0,0,0,940000,371000,569000,569000
062023,寶成永豐9B購01  ,0,0,0,0,0,0,0,0,0,568000,0,0,0,593000,25000,568000,568000
059128,友達中信99購02  ,0,0,0,0,0,0,0,0,0,565000,0,0,0,919000,354000,565000,565000
060134,鈺齊群益9A購01  ,0,0,0,0,0,0,0,0,0,563000,0,0,0,743000,180000,563000,563000
059461,鈺齊永豐99購03  ,0,0,0,0,0,0,0,0,0,561000,0,0,0,757000,196000,561000,561000
055987,台表科元富97購01,0,0,0,0,0,0,0,0,0,559000,0,0,0,1040000,481000,559000,559000
061793,上銀永豐9B購01  ,0,0,0,0,0,0,0,0,0,553000,0,0,0,661000,108000,553000,553000
061188,大成鋼富邦9B購01,0,0,0,0,0,0,0,0,0,549000,0,0,0,829000,280000,549000,549000
1526,日馳            ,547000,4000,543000,0,0,0,0,0,0,1000,1000,0,1000,0,0,0,544000
06674P,祥碩群益98售02  ,0,0,0,0,0,0,0,0,0,542000,0,0,0,776000,234000,542000,542000
063114,南電兆豐9B購01  ,0,0,0,0,0,0,0,0,0,541000,0,0,0,541000,0,541000,541000
051536,玉晶光國票97購01,0,0,0,0,0,0,0,0,0,540000,0,0,0,558000,18000,540000,540000
062019,嘉澤永豐9B購01  ,0,0,0,0,0,0,0,0,0,539000,0,0,0,569000,30000,539000,539000
060901,臺股指凱基9A購13,0,0,0,0,0,0,0,0,0,538000,0,0,0,654000,116000,538000,538000
058494,可成群益9B購01  ,0,0,0,0,0,0,0,0,0,536000,0,0,0,539000,3000,536000,536000
0056,元大高股息      ,22000,32000,-10000,0,0,0,103000,0,103000,440000,0,0,0,1586000,1146000,440000,533000
053871,臻鼎元大96購03  ,0,0,0,0,0,0,0,0,0,530000,0,0,0,541000,11000,530000,530000
055653,聯詠元富01購02  ,0,0,0,0,0,0,0,0,0,528000,0,0,0,579000,51000,528000,528000
060632,可成富邦9B購01  ,0,0,0,0,0,0,0,0,0,528000,0,0,0,594000,66000,528000,528000
061676,新光金元大9A購03,0,0,0,0,0,0,0,0,0,519000,0,0,0,519000,0,519000,519000
056589,康控統一98購01  ,0,0,0,0,0,0,0,0,0,519000,0,0,0,524000,5000,519000,519000
056579,麗豐元大99購01  ,0,0,0,0,0,0,0,0,0,517000,0,0,0,719000,202000,517000,517000
052775,滬深2X國票99購02,0,0,0,0,0,0,0,0,0,509000,0,0,0,509000,0,509000,509000
054074,健策富邦98購01  ,0,0,0,0,0,0,0,0,0,507000,0,0,0,507000,0,507000,507000
063239,建準元大9B購01  ,0,0,0,0,0,0,0,0,0,505000,0,0,0,766000,261000,505000,505000
061465,聯詠群益9A購01  ,0,0,0,0,0,0,0,0,0,504000,0,0,0,509000,5000,504000,504000
057606,健策統一98購03  ,0,0,0,0,0,0,0,0,0,504000,0,0,0,662000,158000,504000,504000
058263,大成鋼永豐99購01,0,0,0,0,0,0,0,0,0,503000,0,0,0,503000,0,503000,503000
058714,美律統一9B購01  ,0,0,0,0,0,0,0,0,0,496000,0,0,0,496000,0,496000,496000
062328,南亞科統一9C購01,0,0,0,0,0,0,0,0,0,495000,0,0,0,563000,68000,495000,495000
061231,聚陽元大9A購02  ,0,0,0,0,0,0,0,0,0,494000,0,0,0,683000,189000,494000,494000
056583,昇陽半元大98購02,0,0,0,0,0,0,0,0,0,493000,0,0,0,503000,10000,493000,493000
062201,臺指反國票9B購05,0,0,0,0,0,0,0,0,0,492000,0,0,0,499000,7000,492000,492000
062406,臻鼎永豐9B購01  ,0,0,0,0,0,0,0,0,0,489000,0,0,0,548000,59000,489000,489000
062829,泰碩群益9B購01  ,0,0,0,0,0,0,0,0,0,489000,0,0,0,494000,5000,489000,489000
058424,滬深2X元富99購04,0,0,0,0,0,0,0,0,0,489000,0,0,0,602000,113000,489000,489000
063056,嘉澤統一9C購02  ,0,0,0,0,0,0,0,0,0,487000,0,0,0,489000,2000,487000,487000
1305,華夏            ,961171,572000,389171,0,0,0,0,0,0,95000,0,0,0,95000,0,95000,484171
062742,技嘉國泰01購01  ,0,0,0,0,0,0,0,0,0,484000,0,0,0,518000,34000,484000,484000
058147,鈺齊元大99購01  ,0,0,0,0,0,0,0,0,0,480000,0,0,0,602000,122000,480000,480000
058262,大立光富邦9C購02,0,0,0,0,0,0,0,0,0,476000,0,0,0,517000,41000,476000,476000
062016,美食永豐9B購01  ,0,0,0,0,0,0,0,0,0,475000,0,0,0,634000,159000,475000,475000
059607,台積電富邦9C購04,0,0,0,0,0,0,0,0,0,474000,0,0,0,474000,0,474000,474000
056954,聯詠富邦9A購01  ,0,0,0,0,0,0,0,0,0,474000,0,0,0,475000,1000,474000,474000
061005,可成兆豐9A購01  ,0,0,0,0,0,0,0,0,0,472000,0,0,0,539000,67000,472000,472000
4927,泰鼎-KY         ,1802000,807000,995000,0,0,0,98000,716000,-618000,94000,78000,10000,68000,31000,5000,26000,471000
061413,台勝科群益9A購01,0,0,0,0,0,0,0,0,0,469000,0,0,0,473000,4000,469000,469000
061439,寶成凱基9A購01  ,0,0,0,0,0,0,0,0,0,469000,0,0,0,857000,388000,469000,469000
063209,巨大統一01購01  ,0,0,0,0,0,0,0,0,0,469000,0,0,0,555000,86000,469000,469000
061431,鈺齊元大9A購01  ,0,0,0,0,0,0,0,0,0,465000,0,0,0,526000,61000,465000,465000
060921,中橡永豐9A購02  ,0,0,0,0,0,0,0,0,0,462000,0,0,0,462000,0,462000,462000
060093,友達元大03購01  ,0,0,0,0,0,0,0,0,0,462000,0,0,0,482000,20000,462000,462000
2327,國巨            ,1916684,1519860,396824,0,0,0,0,239000,-239000,303000,342000,118000,224000,188000,109000,79000,460824
060453,儒鴻元大9A購02  ,0,0,0,0,0,0,0,0,0,458000,0,0,0,536000,78000,458000,458000
062543,華通富邦9C購01  ,0,0,0,0,0,0,0,0,0,457000,0,0,0,471000,14000,457000,457000
8039,台虹            ,462000,171000,291000,0,0,0,0,0,0,166000,0,2000,-2000,182000,14000,168000,457000
1440,南紡            ,577000,122000,455000,0,0,0,0,0,0,0,0,0,0,0,0,0,455000
055344,國巨凱基97購04  ,0,0,0,0,0,0,0,0,0,453000,0,0,0,459000,6000,453000,453000
055497,開發金元大97購01,0,0,0,0,0,0,0,0,0,452000,0,0,0,452000,0,452000,452000
062285,台勝科群益9B購01,0,0,0,0,0,0,0,0,0,451000,0,0,0,461000,10000,451000,451000
058584,百和群益9A購01  ,0,0,0,0,0,0,0,0,0,449000,0,0,0,474000,25000,449000,449000
062291,力成富邦9B購01  ,0,0,0,0,0,0,0,0,0,447000,0,0,0,655000,208000,447000,447000
054533,泰碩國泰98購01  ,0,0,0,0,0,0,0,0,0,443000,0,0,0,663000,220000,443000,443000
1402,遠東新          ,2323408,2515764,-192356,0,0,0,498000,0,498000,134000,112000,14000,98000,48000,12000,36000,439644
053865,欣興元大97購02  ,0,0,0,0,0,0,0,0,0,438000,0,0,0,443000,5000,438000,438000
063159,嘉澤國泰01購01  ,0,0,0,0,0,0,0,0,0,437000,0,0,0,463000,26000,437000,437000
063210,百和統一9C購01  ,0,0,0,0,0,0,0,0,0,436000,0,0,0,466000,30000,436000,436000
062846,國泰金富邦9C購01,0,0,0,0,0,0,0,0,0,435000,0,0,0,457000,22000,435000,435000
054244,華新元大96購01  ,0,0,0,0,0,0,0,0,0,435000,0,0,0,900000,465000,435000,435000
060183,南亞科元富9A購01,0,0,0,0,0,0,0,0,0,434000,0,0,0,597000,163000,434000,434000
060190,國泰金元富9A購01,0,0,0,0,0,0,0,0,0,431000,0,0,0,444000,13000,431000,431000
2417,圓剛            ,596000,168000,428000,0,0,0,0,0,0,3000,3000,0,3000,0,0,0,431000
060783,亞德客富邦9B購01,0,0,0,0,0,0,0,0,0,430000,0,0,0,1748000,1318000,430000,430000
054214,京鼎國票97購02  ,0,0,0,0,0,0,0,0,0,430000,0,0,0,430000,0,430000,430000
055931,冠德群益97購02  ,0,0,0,0,0,0,0,0,0,430000,0,0,0,557000,127000,430000,430000
055896,南電統一97購02  ,0,0,0,0,0,0,0,0,0,429000,0,0,0,509000,80000,429000,429000
059166,友達凱基99購05  ,0,0,0,0,0,0,0,0,0,426000,0,0,0,436000,10000,426000,426000
055172,凱美統一97購02  ,0,0,0,0,0,0,0,0,0,425000,0,0,0,500000,75000,425000,425000
060710,上銀永豐9A購01  ,0,0,0,0,0,0,0,0,0,423000,0,0,0,509000,86000,423000,423000
06405P,億光元富97售02  ,0,0,0,0,0,0,0,0,0,422000,0,0,0,432000,10000,422000,422000
055442,矽創國票98購02  ,0,0,0,0,0,0,0,0,0,422000,0,0,0,481000,59000,422000,422000
2379,瑞昱            ,820126,454000,366126,0,0,0,90000,72000,18000,35000,48000,20000,28000,14000,7000,7000,419126
05624P,同欣電中信98售01,0,0,0,0,0,0,0,0,0,419000,0,0,0,421000,2000,419000,419000
058095,昇陽半元大98購03,0,0,0,0,0,0,0,0,0,419000,0,0,0,419000,0,419000,419000
06240P,奇力新元富97售03,0,0,0,0,0,0,0,0,0,416000,0,0,0,416000,0,416000,416000
053929,正文國票97購01  ,0,0,0,0,0,0,0,0,0,416000,0,0,0,560000,144000,416000,416000
060456,正隆元大9A購01  ,0,0,0,0,0,0,0,0,0,416000,0,0,0,458000,42000,416000,416000
9945,潤泰新          ,1205299,860680,344619,0,0,0,0,0,0,71000,14000,4000,10000,61000,0,61000,415619
062744,超眾國泰9C購01  ,0,0,0,0,0,0,0,0,0,415000,0,0,0,420000,5000,415000,415000
062117,燿華中信9B購01  ,0,0,0,0,0,0,0,0,0,415000,0,0,0,416000,1000,415000,415000
056297,台光電元大97購04,0,0,0,0,0,0,0,0,0,412000,0,0,0,424000,12000,412000,412000
060361,南亞科元富9A購03,0,0,0,0,0,0,0,0,0,412000,0,0,0,624000,212000,412000,412000
9919,康那香          ,398000,12000,386000,0,0,0,0,0,0,24000,0,78000,-78000,102000,0,102000,410000
062279,晶豪科群益9B購01,0,0,0,0,0,0,0,0,0,409000,0,0,0,543000,134000,409000,409000
07276P,臺股指群益99售19,0,0,0,0,0,0,0,0,0,408000,0,0,0,412000,4000,408000,408000
062817,富邦金兆豐9B購01,0,0,0,0,0,0,0,0,0,407000,0,0,0,517000,110000,407000,407000
07788P,華新科群益9A售08,0,0,0,0,0,0,0,0,0,406000,0,0,0,410000,4000,406000,406000
056248,康友群益97購04  ,0,0,0,0,0,0,0,0,0,404000,0,0,0,404000,0,404000,404000
056683,台積電統一98購05,0,0,0,0,0,0,0,0,0,404000,0,0,0,424000,20000,404000,404000
059090,台新金元大99購01,0,0,0,0,0,0,0,0,0,402000,0,0,0,501000,99000,402000,402000
057656,大成鋼兆豐98購01,0,0,0,0,0,0,0,0,0,400000,0,0,0,400000,0,400000,400000
07746P,華新科凱基9A售11,0,0,0,0,0,0,0,0,0,400000,0,0,0,400000,0,400000,400000
4906,正文            ,505000,94000,411000,0,0,0,0,0,0,-11000,0,7000,-7000,10000,14000,-4000,400000
01003T,兆豐新光R1      ,420055,23000,397055,0,0,0,0,0,0,0,0,0,0,0,0,0,397055
060435,鈺齊永豐9A購01  ,0,0,0,0,0,0,0,0,0,397000,0,0,0,417000,20000,397000,397000
3090,日電貿          ,429000,137000,292000,0,0,0,0,0,0,105000,0,0,0,105000,0,105000,397000
062945,世芯國泰01購01  ,0,0,0,0,0,0,0,0,0,395000,0,0,0,414000,19000,395000,395000
062798,台光電統一9B購01,0,0,0,0,0,0,0,0,0,394000,0,0,0,570000,176000,394000,394000
063253,巨大元大9B購03  ,0,0,0,0,0,0,0,0,0,391000,0,0,0,391000,0,391000,391000
057450,國泰金元富98購01,0,0,0,0,0,0,0,0,0,390000,0,0,0,448000,58000,390000,390000
061626,超眾群益9A購02  ,0,0,0,0,0,0,0,0,0,388000,0,0,0,470000,82000,388000,388000
058634,可成兆豐99購03  ,0,0,0,0,0,0,0,0,0,388000,0,0,0,418000,30000,388000,388000
058951,南電群益99購01  ,0,0,0,0,0,0,0,0,0,387000,0,0,0,412000,25000,387000,387000
057149,京鼎國票99購02  ,0,0,0,0,0,0,0,0,0,384000,0,0,0,440000,56000,384000,384000
07800P,華新科國泰9B售04,0,0,0,0,0,0,0,0,0,384000,0,0,0,434000,50000,384000,384000
1527,鑽全            ,397000,13000,384000,0,0,0,0,0,0,0,0,0,0,0,0,0,384000
061037,嘉澤永豐9A購01  ,0,0,0,0,0,0,0,0,0,382000,0,0,0,382000,0,382000,382000
062008,南亞科國泰9C購01,0,0,0,0,0,0,0,0,0,380000,0,0,0,875000,495000,380000,380000
07071P,立積元富99售01  ,0,0,0,0,0,0,0,0,0,380000,0,0,0,420000,40000,380000,380000
3035,智原            ,685000,427000,258000,0,0,0,0,0,0,120000,10000,6000,4000,129000,13000,116000,378000
07660P,聯茂凱基9A售03  ,0,0,0,0,0,0,0,0,0,376000,0,0,0,376000,0,376000,376000
058646,聯茂富邦9A購01  ,0,0,0,0,0,0,0,0,0,374000,0,0,0,408000,34000,374000,374000
060483,友達富邦9A購01  ,0,0,0,0,0,0,0,0,0,373000,0,0,0,373000,0,373000,373000
056811,健策統一9B購01  ,0,0,0,0,0,0,0,0,0,372000,0,0,0,414000,42000,372000,372000
062532,聯詠統一9C購01  ,0,0,0,0,0,0,0,0,0,371000,0,0,0,376000,5000,371000,371000
1730,花仙子          ,469000,99000,370000,0,0,0,0,0,0,0,0,0,0,0,0,0,370000
062323,上銀統一9B購03  ,0,0,0,0,0,0,0,0,0,369000,0,0,0,660000,291000,369000,369000
061026,南電富邦9B購01  ,0,0,0,0,0,0,0,0,0,369000,0,0,0,399000,30000,369000,369000
054532,強茂國泰98購01  ,0,0,0,0,0,0,0,0,0,369000,0,0,0,370000,1000,369000,369000
061533,友達統一9C購02  ,0,0,0,0,0,0,0,0,0,368000,0,0,0,423000,55000,368000,368000
1722,台肥            ,470000,490000,-20000,0,0,0,369000,0,369000,17000,15000,0,15000,3000,1000,2000,366000
07536P,華新科元富9A售04,0,0,0,0,0,0,0,0,0,365000,0,0,0,370000,5000,365000,365000
063143,嘉澤統一9B購02  ,0,0,0,0,0,0,0,0,0,364000,0,0,0,372000,8000,364000,364000
062164,禾伸堂國泰01購01,0,0,0,0,0,0,0,0,0,362000,0,0,0,362000,0,362000,362000
062673,台新金中信03購01,0,0,0,0,0,0,0,0,0,362000,0,0,0,537000,175000,362000,362000
055730,建準元富97購02  ,0,0,0,0,0,0,0,0,0,362000,0,0,0,382000,20000,362000,362000
062774,儒鴻元大9C購01  ,0,0,0,0,0,0,0,0,0,361000,0,0,0,615000,254000,361000,361000
062220,台光電統一01購01,0,0,0,0,0,0,0,0,0,361000,0,0,0,837000,476000,361000,361000
06426P,T50正2元大9B售01,0,0,0,0,0,0,0,0,0,361000,0,0,0,371000,10000,361000,361000
05513P,玉山金台新96售01,0,0,0,0,0,0,0,0,0,361000,0,0,0,361000,0,361000,361000
062427,嘉澤統一01購01  ,0,0,0,0,0,0,0,0,0,360000,0,0,0,398000,38000,360000,360000
060404,台勝科國泰9B購01,0,0,0,0,0,0,0,0,0,360000,0,0,0,477000,117000,360000,360000
058967,可成麥證99購01  ,0,0,0,360000,2000,358000,0,0,0,358000,0,0,0,360000,2000,358000,358000
058526,鈺齊元大99購02  ,0,0,0,0,0,0,0,0,0,358000,0,0,0,412000,54000,358000,358000
062459,聯詠群益9B購01  ,0,0,0,0,0,0,0,0,0,357000,0,0,0,357000,0,357000,357000
062672,兆豐金中信03購01,0,0,0,0,0,0,0,0,0,357000,0,0,0,358000,1000,357000,357000
8021,尖點            ,385900,30000,355900,0,0,0,0,0,0,1000,1000,0,1000,0,0,0,356900
062808,祥碩統一9C購01  ,0,0,0,0,0,0,0,0,0,356000,0,0,0,912000,556000,356000,356000
061515,泰碩永豐9A購03  ,0,0,0,0,0,0,0,0,0,356000,0,0,0,357000,1000,356000,356000
060031,旭富永豐99購02  ,0,0,0,0,0,0,0,0,0,356000,0,0,0,356000,0,356000,356000
062590,亞光統一9B購01  ,0,0,0,0,0,0,0,0,0,355000,0,0,0,355000,0,355000,355000
055094,智易群益98購01  ,0,0,0,0,0,0,0,0,0,352000,0,0,0,465000,113000,352000,352000
059480,美律群益9A購01  ,0,0,0,0,0,0,0,0,0,352000,0,0,0,352000,0,352000,352000
061082,台光電兆豐9A購01,0,0,0,0,0,0,0,0,0,351000,0,0,0,351000,0,351000,351000
057437,可成國票99購01  ,0,0,0,0,0,0,0,0,0,351000,0,0,0,361000,10000,351000,351000
06684P,緯穎元大98售06  ,0,0,0,0,0,0,0,0,0,351000,0,0,0,351000,0,351000,351000
062967,上銀元富9B購01  ,0,0,0,0,0,0,0,0,0,350000,0,0,0,646000,296000,350000,350000
051844,宏達電富邦96購01,0,0,0,0,0,0,0,0,0,350000,0,0,0,350000,0,350000,350000
3708,上緯投控        ,473000,322000,151000,0,0,0,84000,0,84000,114000,0,0,0,114000,0,114000,349000
062677,儒鴻統一01購01  ,0,0,0,0,0,0,0,0,0,348000,0,0,0,976000,628000,348000,348000
048383,元金2X國票99購01,0,0,0,0,0,0,0,0,0,348000,0,0,0,586000,238000,348000,348000
6288,聯嘉            ,730000,380000,350000,0,0,0,0,0,0,-2000,0,2000,-2000,0,0,0,348000
062297,億豐永豐9B購01  ,0,0,0,0,0,0,0,0,0,347000,0,0,0,347000,0,347000,347000
061006,新光金兆豐9A購01,0,0,0,0,0,0,0,0,0,345000,0,0,0,374000,29000,345000,345000
2324,仁寶            ,6505648,6185000,320648,0,0,0,0,0,0,24000,29000,19000,10000,73000,59000,14000,344648
056919,英業達兆豐98購01,0,0,0,0,0,0,0,0,0,344000,0,0,0,344000,0,344000,344000
058010,帆宣國票98購01  ,0,0,0,0,0,0,0,0,0,344000,0,0,0,347000,3000,344000,344000
1717,長興            ,767550,1630000,-862450,0,0,0,1600000,0,1600000,-395000,111000,511000,-400000,5000,0,5000,342550
061549,泰碩群益9A購01  ,0,0,0,0,0,0,0,0,0,341000,0,0,0,431000,90000,341000,341000
061996,矽格元大9B購01  ,0,0,0,0,0,0,0,0,0,341000,0,0,0,511000,170000,341000,341000
062050,亞德客統一9C購01,0,0,0,0,0,0,0,0,0,341000,0,0,0,526000,185000,341000,341000
054446,美食兆豐97購01  ,0,0,0,0,0,0,0,0,0,341000,0,0,0,491000,150000,341000,341000
054826,復盛元大9A購01  ,0,0,0,0,0,0,0,0,0,340000,0,0,0,387000,47000,340000,340000
1514,亞力            ,482630,144000,338630,0,0,0,0,0,0,0,0,0,0,0,0,0,338630
06355P,聯茂永豐97售02  ,0,0,0,0,0,0,0,0,0,338000,0,0,0,338000,0,338000,338000
1308,亞聚            ,442000,107000,335000,0,0,0,0,0,0,1000,1000,0,1000,0,0,0,336000
056385,創意國泰99購01  ,0,0,0,0,0,0,0,0,0,335000,0,0,0,335000,0,335000,335000
4977,眾達-KY         ,365915,408000,-42085,0,0,0,351000,0,351000,24000,27000,0,27000,0,3000,-3000,332915
060422,台勝科永豐9A購01,0,0,0,0,0,0,0,0,0,332000,0,0,0,375000,43000,332000,332000
3665,貿聯-KY         ,932000,743000,189000,0,0,0,72000,4000,68000,75000,20000,1000,19000,83000,27000,56000,332000
061677,泰碩元大9A購05  ,0,0,0,0,0,0,0,0,0,330000,0,0,0,330000,0,330000,330000
058200,世芯康和99購01  ,0,0,0,0,0,0,0,0,0,330000,0,0,0,1296000,966000,330000,330000
061031,神隆永豐9A購02  ,0,0,0,0,0,0,0,0,0,329000,0,0,0,340000,11000,329000,329000
061071,復盛凱基9A購01  ,0,0,0,0,0,0,0,0,0,328000,0,0,0,601000,273000,328000,328000
062026,華邦電群益9B購01,0,0,0,0,0,0,0,0,0,327000,0,0,0,644000,317000,327000,327000
062384,聯詠國泰9C購01  ,0,0,0,0,0,0,0,0,0,327000,0,0,0,327000,0,327000,327000
057865,富邦金凱基98購01,0,0,0,0,0,0,0,0,0,327000,0,0,0,394000,67000,327000,327000
056705,超眾國泰99購01  ,0,0,0,0,0,0,0,0,0,326000,0,0,0,340000,14000,326000,326000
063132,台表科元大9C購02,0,0,0,0,0,0,0,0,0,325000,0,0,0,484000,159000,325000,325000
057599,技嘉群益9A購01  ,0,0,0,0,0,0,0,0,0,325000,0,0,0,348000,23000,325000,325000
1710,東聯            ,467000,142000,325000,0,0,0,0,0,0,0,0,0,0,0,0,0,325000
059036,可成群益9B購03  ,0,0,0,0,0,0,0,0,0,324000,0,0,0,355000,31000,324000,324000
056991,牧德兆豐98購01  ,0,0,0,0,0,0,0,0,0,324000,0,0,0,389000,65000,324000,324000
058863,可成凱基99購02  ,0,0,0,0,0,0,0,0,0,324000,0,0,0,335000,11000,324000,324000
062787,超眾元大9C購02  ,0,0,0,0,0,0,0,0,0,323000,0,0,0,336000,13000,323000,323000
061951,南電群益9B購01  ,0,0,0,0,0,0,0,0,0,323000,0,0,0,363000,40000,323000,323000
060253,昇陽半元大9C購01,0,0,0,0,0,0,0,0,0,323000,0,0,0,328000,5000,323000,323000
057780,台郡群益98購02  ,0,0,0,0,0,0,0,0,0,323000,0,0,0,368000,45000,323000,323000
060876,國巨中信9A購04  ,0,0,0,0,0,0,0,0,0,322000,0,0,0,390000,68000,322000,322000
051259,鴻海永昌96購03  ,0,0,0,0,0,0,0,0,0,322000,0,0,0,3071000,2749000,322000,322000
061249,億豐群益9A購01  ,0,0,0,0,0,0,0,0,0,320000,0,0,0,320000,0,320000,320000
062978,世芯元富9B購01  ,0,0,0,0,0,0,0,0,0,320000,0,0,0,397000,77000,320000,320000
056413,上証反中信9A購01,0,0,0,0,0,0,0,0,0,320000,0,0,0,321000,1000,320000,320000
058409,鴻海兆豐99購05  ,0,0,0,0,0,0,0,0,0,320000,0,0,0,320000,0,320000,320000
07837P,華邦電元大9A售01,0,0,0,0,0,0,0,0,0,319000,0,0,0,339000,20000,319000,319000
061687,大成鋼群益9A購01,0,0,0,0,0,0,0,0,0,318000,0,0,0,402000,84000,318000,318000
055657,超眾元富97購02  ,0,0,0,0,0,0,0,0,0,318000,0,0,0,470000,152000,318000,318000
00875,國泰網路資安    ,0,0,0,0,0,0,0,0,0,317000,0,0,0,727000,410000,317000,317000
8213,志超            ,544000,252000,292000,0,0,0,0,0,0,24000,0,0,0,59000,35000,24000,316000
062884,康控兆豐9C購01  ,0,0,0,0,0,0,0,0,0,315000,0,0,0,315000,0,315000,315000
062533,嘉澤統一9C購01  ,0,0,0,0,0,0,0,0,0,313000,0,0,0,313000,0,313000,313000
061092,可成統一9C購02  ,0,0,0,0,0,0,0,0,0,312000,0,0,0,339000,27000,312000,312000
053939,台表科元富96購03,0,0,0,0,0,0,0,0,0,311000,0,0,0,361000,50000,311000,311000
3038,全台            ,938000,698000,240000,0,0,0,0,0,0,71000,359000,288000,71000,0,0,0,311000
07978P,茂林群益9B售02  ,0,0,0,0,0,0,0,0,0,311000,0,0,0,830000,519000,311000,311000
061553,南電群益9A購03  ,0,0,0,0,0,0,0,0,0,310000,0,0,0,328000,18000,310000,310000
052989,麗豐元大98購01  ,0,0,0,0,0,0,0,0,0,310000,0,0,0,310000,0,310000,310000
060916,金像電國泰9C購01,0,0,0,0,0,0,0,0,0,309000,0,0,0,690000,381000,309000,309000
062334,健策統一9B購02  ,0,0,0,0,0,0,0,0,0,308000,0,0,0,428000,120000,308000,308000
055147,鴻海元大97購11  ,0,0,0,0,0,0,0,0,0,308000,0,0,0,308000,0,308000,308000
058154,泰碩統一9A購01  ,0,0,0,0,0,0,0,0,0,307000,0,0,0,504000,197000,307000,307000
059008,鈺齊元大99購03  ,0,0,0,0,0,0,0,0,0,305000,0,0,0,385000,80000,305000,305000
05875P,旺宏群益98售01  ,0,0,0,0,0,0,0,0,0,305000,0,0,0,426000,121000,305000,305000
6269,台郡            ,657000,1042099,-385099,0,0,0,941000,269000,672000,18000,49000,43000,6000,42000,30000,12000,304901
055850,聯詠元大97購06  ,0,0,0,0,0,0,0,0,0,304000,0,0,0,305000,1000,304000,304000
055736,宏達電元富99購01,0,0,0,0,0,0,0,0,0,302000,0,0,0,502000,200000,302000,302000
2308,台達電          ,2579102,2456005,123097,0,0,0,0,93000,-93000,270000,267000,1000,266000,8000,4000,4000,300097
050170,臺指反元大97購02,0,0,0,0,0,0,0,0,0,300000,0,0,0,480000,180000,300000,300000
048874,玉晶光國票96購01,0,0,0,0,0,0,0,0,0,300000,0,0,0,300000,0,300000,300000
046906,新光金凱基99購02,0,0,0,0,0,0,0,0,0,300000,0,0,0,300000,0,300000,300000
6191,精成科          ,795000,495000,300000,0,0,0,0,0,0,0,0,0,0,0,0,0,300000
058929,可成統一9C購01  ,0,0,0,0,0,0,0,0,0,299000,0,0,0,398000,99000,299000,299000
059995,南亞科元富99購01,0,0,0,0,0,0,0,0,0,299000,0,0,0,489000,190000,299000,299000
062698,台積電元大01購01,0,0,0,0,0,0,0,0,0,298000,0,0,0,298000,0,298000,298000
060856,健策富邦9B購02  ,0,0,0,0,0,0,0,0,0,298000,0,0,0,537000,239000,298000,298000
057928,鈺齊凱基98購02  ,0,0,0,0,0,0,0,0,0,298000,0,0,0,342000,44000,298000,298000
06514P,國巨凱基98售05  ,0,0,0,0,0,0,0,0,0,298000,0,0,0,300000,2000,298000,298000
058752,鈺齊凱基9A購01  ,0,0,0,0,0,0,0,0,0,297000,0,0,0,353000,56000,297000,297000
059640,聯詠凱基99購04  ,0,0,0,0,0,0,0,0,0,296000,0,0,0,296000,0,296000,296000
2492,華新科          ,1147410,879739,267671,0,0,0,0,15000,-15000,43000,119000,91000,28000,116000,101000,15000,295671
062748,祥碩永豐9B購02  ,0,0,0,0,0,0,0,0,0,294000,0,0,0,313000,19000,294000,294000
1522,堤維西          ,289000,10000,279000,0,0,0,0,0,0,15000,0,0,0,15000,0,15000,294000
061284,友達統一9C購01  ,0,0,0,0,0,0,0,0,0,293000,0,0,0,312000,19000,293000,293000
055648,可成元富97購01  ,0,0,0,0,0,0,0,0,0,293000,0,0,0,310000,17000,293000,293000
060100,新光金元大9C購01,0,0,0,0,0,0,0,0,0,293000,0,0,0,339000,46000,293000,293000
07173P,臺股指國票99售10,0,0,0,0,0,0,0,0,0,292000,0,0,0,454000,162000,292000,292000
056910,超眾元大99購02  ,0,0,0,0,0,0,0,0,0,291000,0,0,0,534000,243000,291000,291000
051582,聯發科元大97購02,0,0,0,0,0,0,0,0,0,290000,0,0,0,290000,0,290000,290000
058604,華邦電元大99購03,0,0,0,0,0,0,0,0,0,289000,0,0,0,674000,385000,289000,289000
057735,台灣50富邦9C購02,0,0,0,0,0,0,0,0,0,289000,0,0,0,317000,28000,289000,289000
060954,國泰金群益9A購02,0,0,0,0,0,0,0,0,0,288000,0,0,0,398000,110000,288000,288000
061604,台光電凱基9B購01,0,0,0,0,0,0,0,0,0,288000,0,0,0,293000,5000,288000,288000
057517,矽創元富98購02  ,0,0,0,0,0,0,0,0,0,288000,0,0,0,318000,30000,288000,288000
062575,景碩群益9B購01  ,0,0,0,0,0,0,0,0,0,287000,0,0,0,423000,136000,287000,287000
062226,臻鼎統一9B購01  ,0,0,0,0,0,0,0,0,0,287000,0,0,0,292000,5000,287000,287000
063168,台表科永豐9B購01,0,0,0,0,0,0,0,0,0,287000,0,0,0,292000,5000,287000,287000
059189,國泰金富邦9B購01,0,0,0,0,0,0,0,0,0,287000,0,0,0,297000,10000,287000,287000
058664,百和兆豐99購01  ,0,0,0,0,0,0,0,0,0,287000,0,0,0,459000,172000,287000,287000
06072P,牧德永豐97售01  ,0,0,0,0,0,0,0,0,0,285000,0,0,0,285000,0,285000,285000
051157,華新科富邦98購01,0,0,0,0,0,0,0,0,0,285000,0,0,0,285000,0,285000,285000
4414,如興            ,485000,200000,285000,0,0,0,0,0,0,0,0,0,0,0,0,0,285000
058495,元大金群益9B購01,0,0,0,0,0,0,0,0,0,284000,0,0,0,314000,30000,284000,284000
060748,臻鼎國票9A購01  ,0,0,0,0,0,0,0,0,0,283000,0,0,0,323000,40000,283000,283000
06434P,超眾群益98售02  ,0,0,0,0,0,0,0,0,0,283000,0,0,0,283000,0,283000,283000
059501,可成元富99購01  ,0,0,0,0,0,0,0,0,0,283000,0,0,0,293000,10000,283000,283000
059643,日月光凱基99購02,0,0,0,0,0,0,0,0,0,283000,0,0,0,368000,85000,283000,283000
5215,科嘉-KY         ,917000,513000,404000,0,0,0,0,120000,-120000,-1000,0,1000,-1000,0,0,0,283000
1905,華紙            ,234000,101000,133000,0,0,0,0,0,0,150000,150000,0,150000,0,0,0,283000
057803,上銀元大98購08  ,0,0,0,0,0,0,0,0,0,282000,0,0,0,305000,23000,282000,282000
061944,聯電群益9B購01  ,0,0,0,0,0,0,0,0,0,281000,0,0,0,292000,11000,281000,281000
3030,德律            ,341000,58000,283000,0,0,0,0,0,0,-2000,0,2000,-2000,0,0,0,281000
063075,祥碩永豐9B購04  ,0,0,0,0,0,0,0,0,0,280000,0,0,0,366000,86000,280000,280000
052939,富邦金兆豐96購01,0,0,0,0,0,0,0,0,0,280000,0,0,0,428000,148000,280000,280000
063202,南亞科統一9C購02,0,0,0,0,0,0,0,0,0,279000,0,0,0,378000,99000,279000,279000
062410,台積電第一9B購02,0,0,0,0,0,0,0,0,0,279000,0,0,0,382000,103000,279000,279000
056198,台光電永豐97購02,0,0,0,0,0,0,0,0,0,279000,0,0,0,284000,5000,279000,279000
061843,億豐凱基9C購01  ,0,0,0,0,0,0,0,0,0,278000,0,0,0,278000,0,278000,278000
060784,鴻海富邦9C購01  ,0,0,0,0,0,0,0,0,0,278000,0,0,0,343000,65000,278000,278000
4967,十銓            ,1154000,872000,282000,0,0,0,0,0,0,-4000,0,4000,-4000,0,0,0,278000
062230,緯穎統一01購01  ,0,0,0,0,0,0,0,0,0,277000,0,0,0,370000,93000,277000,277000
057562,奇鋐兆豐98購01  ,0,0,0,0,0,0,0,0,0,277000,0,0,0,277000,0,277000,277000
062954,世芯永豐9B購03  ,0,0,0,0,0,0,0,0,0,276000,0,0,0,293000,17000,276000,276000
060990,新光金元大9B購03,0,0,0,0,0,0,0,0,0,275000,0,0,0,275000,0,275000,275000
050915,健策中信98購01  ,0,0,0,0,0,0,0,0,0,275000,0,0,0,492000,217000,275000,275000
2228,劍麟            ,251000,21000,230000,0,0,0,0,0,0,44000,0,0,0,44000,0,44000,274000
053919,可成國票97購02  ,0,0,0,0,0,0,0,0,0,273000,0,0,0,365000,92000,273000,273000
4142,國光生          ,147000,6000,141000,0,0,0,0,0,0,132000,1000,0,1000,131000,0,131000,273000
062915,嘉澤元大9B購03  ,0,0,0,0,0,0,0,0,0,271000,0,0,0,320000,49000,271000,271000
059068,台虹國票9A購01  ,0,0,0,0,0,0,0,0,0,270000,0,0,0,320000,50000,270000,270000
063050,葡萄王統一01購01,0,0,0,0,0,0,0,0,0,269000,0,0,0,390000,121000,269000,269000
058985,可成凱基99購03  ,0,0,0,0,0,0,0,0,0,269000,0,0,0,322000,53000,269000,269000
055668,欣興群益97購01  ,0,0,0,0,0,0,0,0,0,269000,0,0,0,269000,0,269000,269000
1515,力山            ,605000,353000,252000,0,0,0,20000,0,20000,-3000,30000,20000,10000,89000,102000,-13000,269000
08077P,亞德客國票9B售02,0,0,0,0,0,0,0,0,0,268000,0,0,0,298000,30000,268000,268000
060697,鴻海國泰9C購01  ,0,0,0,0,0,0,0,0,0,267000,0,0,0,267000,0,267000,267000
06603P,立積統一99售01  ,0,0,0,0,0,0,0,0,0,267000,0,0,0,267000,0,267000,267000
058346,嘉晶群益99購01  ,0,0,0,0,0,0,0,0,0,266000,0,0,0,274000,8000,266000,266000
2375,凱美            ,442000,167229,274771,0,0,0,0,0,0,-9000,0,0,0,12000,21000,-9000,265771
062699,台積電元大01購02,0,0,0,0,0,0,0,0,0,265000,0,0,0,297000,32000,265000,265000
048189,臺指反元大96購06,0,0,0,0,0,0,0,0,0,265000,0,0,0,265000,0,265000,265000
062027,國泰金群益9B購01,0,0,0,0,0,0,0,0,0,264000,0,0,0,291000,27000,264000,264000
057616,聯電凱基99購01  ,0,0,0,0,0,0,0,0,0,264000,0,0,0,407000,143000,264000,264000
060313,淘帝永豐9A購01  ,0,0,0,0,0,0,0,0,0,264000,0,0,0,264000,0,264000,264000
060322,卜蜂群益9A購01  ,0,0,0,0,0,0,0,0,0,264000,0,0,0,294000,30000,264000,264000
07026P,超眾凱基99售03  ,0,0,0,0,0,0,0,0,0,264000,0,0,0,433000,169000,264000,264000
061577,泰碩元大9A購03  ,0,0,0,0,0,0,0,0,0,263000,0,0,0,264000,1000,263000,263000
07100P,華航元大99售01  ,0,0,0,0,0,0,0,0,0,263000,0,0,0,386000,123000,263000,263000
1720,生達            ,485000,199000,286000,0,0,0,0,0,0,-23000,1000,24000,-23000,0,0,0,263000
057836,南亞科國泰9A購01,0,0,0,0,0,0,0,0,0,262000,0,0,0,262000,0,262000,262000
08094P,華新科元富9B售05,0,0,0,0,0,0,0,0,0,261000,0,0,0,261000,0,261000,261000
061959,鴻海統一9B購04  ,0,0,0,0,0,0,0,0,0,260000,0,0,0,278000,18000,260000,260000
061028,聚陽永豐9A購01  ,0,0,0,0,0,0,0,0,0,260000,0,0,0,452000,192000,260000,260000
061024,南電國泰9B購01  ,0,0,0,0,0,0,0,0,0,260000,0,0,0,374000,114000,260000,260000
061899,復盛永豐9B購01  ,0,0,0,0,0,0,0,0,0,259000,0,0,0,269000,10000,259000,259000
061612,南六統一9A購01  ,0,0,0,0,0,0,0,0,0,259000,0,0,0,602000,343000,259000,259000
062832,嘉澤群益9B購02  ,0,0,0,0,0,0,0,0,0,259000,0,0,0,357000,98000,259000,259000
061367,瑞祺國票9A購01  ,0,0,0,0,0,0,0,0,0,258000,0,0,0,343000,85000,258000,258000
055745,臻鼎元富97購01  ,0,0,0,0,0,0,0,0,0,258000,0,0,0,450000,192000,258000,258000
053255,貿聯國泰97購01  ,0,0,0,0,0,0,0,0,0,258000,0,0,0,274000,16000,258000,258000
07558P,玉晶光元大9A售10,0,0,0,0,0,0,0,0,0,257000,0,0,0,320000,63000,257000,257000
062022,緯穎永豐9B購01  ,0,0,0,0,0,0,0,0,0,256000,0,0,0,256000,0,256000,256000
060155,友訊永豐9A購01  ,0,0,0,0,0,0,0,0,0,256000,0,0,0,322000,66000,256000,256000
062327,燿華統一9B購02  ,0,0,0,0,0,0,0,0,0,255000,0,0,0,295000,40000,255000,255000
057752,臺股指國票98購08,0,0,0,0,0,0,0,0,0,255000,0,0,0,265000,10000,255000,255000
07164P,臺股指群益99售15,0,0,0,0,0,0,0,0,0,255000,0,0,0,305000,50000,255000,255000
055337,超眾兆豐98購01  ,0,0,0,0,0,0,0,0,0,254000,0,0,0,254000,0,254000,254000
2314,台揚            ,486000,232000,254000,0,0,0,0,0,0,0,0,0,0,0,0,0,254000
1439,中和            ,281000,28000,253000,0,0,0,0,0,0,0,0,0,0,0,0,0,253000
062766,台郡凱基9B購02  ,0,0,0,0,0,0,0,0,0,252000,0,0,0,313000,61000,252000,252000
062060,奇鋐統一9C購01  ,0,0,0,0,0,0,0,0,0,252000,0,0,0,321000,69000,252000,252000
058516,健鼎元大99購02  ,0,0,0,0,0,0,0,0,0,251000,0,0,0,271000,20000,251000,251000
060241,國泰金元大9A購01,0,0,0,0,0,0,0,0,0,251000,0,0,0,251000,0,251000,251000
056288,健鼎永豐97購01  ,0,0,0,0,0,0,0,0,0,250000,0,0,0,250000,0,250000,250000
08035P,國巨群益9C售04  ,0,0,0,0,0,0,0,0,0,250000,0,0,0,263000,13000,250000,250000
6239,力成            ,1551722,1631000,-79278,0,0,0,277000,14000,263000,66000,44000,2000,42000,47000,23000,24000,249722
056511,超眾永豐98購01  ,0,0,0,0,0,0,0,0,0,249000,0,0,0,249000,0,249000,249000
059236,鴻海凱基99購09  ,0,0,0,0,0,0,0,0,0,249000,0,0,0,300000,51000,249000,249000
07456P,華新科元大9A售06,0,0,0,0,0,0,0,0,0,249000,0,0,0,249000,0,249000,249000
061856,台郡國票9B購02  ,0,0,0,0,0,0,0,0,0,248000,0,0,0,280000,32000,248000,248000
052203,T50反1中信99購03,0,0,0,0,0,0,0,0,0,248000,0,0,0,358000,110000,248000,248000
054058,晶豪科國票98購01,0,0,0,0,0,0,0,0,0,248000,0,0,0,290000,42000,248000,248000
060572,景碩永豐9A購01  ,0,0,0,0,0,0,0,0,0,248000,0,0,0,278000,30000,248000,248000
055845,大立光元大97購08,0,0,0,0,0,0,0,0,0,247000,0,0,0,247000,0,247000,247000
056189,樺漢統一97購02  ,0,0,0,0,0,0,0,0,0,246000,0,0,0,246000,0,246000,246000
054528,台光電統一96購02,0,0,0,0,0,0,0,0,0,246000,0,0,0,257000,11000,246000,246000
057428,正崴兆豐98購01  ,0,0,0,0,0,0,0,0,0,246000,0,0,0,294000,48000,246000,246000
08037P,台表科群益9B售02,0,0,0,0,0,0,0,0,0,246000,0,0,0,316000,70000,246000,246000
2442,新美齊          ,440250,195000,245250,0,0,0,0,0,0,0,0,0,0,0,0,0,245250
2345,智邦            ,1061258,909000,152258,0,0,0,203000,0,203000,-111000,82000,98000,-16000,14000,109000,-95000,244258
061956,和大統一01購01  ,0,0,0,0,0,0,0,0,0,244000,0,0,0,249000,5000,244000,244000
062995,聚陽國票9C購01  ,0,0,0,0,0,0,0,0,0,244000,0,0,0,298000,54000,244000,244000
057717,友訊元富98購02  ,0,0,0,0,0,0,0,0,0,244000,0,0,0,343000,99000,244000,244000
2402,毅嘉            ,312000,68000,244000,0,0,0,0,0,0,0,0,0,0,0,0,0,244000
061770,泰碩元大9B購02  ,0,0,0,0,0,0,0,0,0,242000,0,0,0,242000,0,242000,242000
056301,開發金元大9A購01,0,0,0,0,0,0,0,0,0,242000,0,0,0,316000,74000,242000,242000
055257,景碩統一97購01  ,0,0,0,0,0,0,0,0,0,242000,0,0,0,329000,87000,242000,242000
062887,台積電群益9C購05,0,0,0,0,0,0,0,0,0,240000,0,0,0,240000,0,240000,240000
053080,力山元大96購02  ,0,0,0,0,0,0,0,0,0,240000,0,0,0,356000,116000,240000,240000
060550,可成凱基9A購02  ,0,0,0,0,0,0,0,0,0,240000,0,0,0,241000,1000,240000,240000
058298,聯茂凱基99購05  ,0,0,0,0,0,0,0,0,0,240000,0,0,0,240000,0,240000,240000
2107,厚生            ,323000,83000,240000,0,0,0,0,0,0,0,0,0,0,0,0,0,240000
063077,巨大永豐9B購03  ,0,0,0,0,0,0,0,0,0,239000,0,0,0,239000,0,239000,239000
054198,台積電永昌96購08,0,0,0,0,0,0,0,0,0,239000,0,0,0,239000,0,239000,239000
053799,矽創中信9A購01  ,0,0,0,0,0,0,0,0,0,238000,0,0,0,278000,40000,238000,238000
055153,台光電元大98購02,0,0,0,0,0,0,0,0,0,238000,0,0,0,241000,3000,238000,238000
062011,上銀富邦9C購01  ,0,0,0,0,0,0,0,0,0,237000,0,0,0,434000,197000,237000,237000
063085,嘉澤凱基9C購01  ,0,0,0,0,0,0,0,0,0,236000,0,0,0,236000,0,236000,236000
052995,上銀康和96購01  ,0,0,0,0,0,0,0,0,0,236000,0,0,0,236000,0,236000,236000
063049,上海銀兆豐9B購01,0,0,0,0,0,0,0,0,0,235000,0,0,0,270000,35000,235000,235000
058947,SGBR2X群益9B購02,0,0,0,0,0,0,0,0,0,234000,0,0,0,306000,72000,234000,234000
057982,帆宣永豐98購01  ,0,0,0,0,0,0,0,0,0,234000,0,0,0,234000,0,234000,234000
2634,漢翔            ,546000,332000,214000,0,0,0,0,0,0,20000,0,0,0,24000,4000,20000,234000
2436,偉詮電          ,393000,159200,233800,0,0,0,0,0,0,0,0,0,0,0,0,0,233800
2409,友達            ,12760312,12230000,530312,0,0,0,0,0,0,-297000,510000,318000,192000,155000,644000,-489000,233312
057973,神達富邦9A購01  ,0,0,0,0,0,0,0,0,0,233000,0,0,0,347000,114000,233000,233000
061387,鴻海群益9A購05  ,0,0,0,0,0,0,0,0,0,231000,0,0,0,268000,37000,231000,231000
06836P,玉晶光國票99售06,0,0,0,0,0,0,0,0,0,231000,0,0,0,249000,18000,231000,231000
056020,義隆群益97購01  ,0,0,0,0,0,0,0,0,0,230000,0,0,0,315000,85000,230000,230000
060251,易華電元大9C購01,0,0,0,0,0,0,0,0,0,230000,0,0,0,234000,4000,230000,230000
060433,億豐永豐9A購01  ,0,0,0,0,0,0,0,0,0,229000,0,0,0,229000,0,229000,229000
2605,新興            ,398160,273000,125160,0,0,0,0,0,0,103000,103000,0,103000,0,0,0,228160
062403,健策永豐9B購06  ,0,0,0,0,0,0,0,0,0,228000,0,0,0,336000,108000,228000,228000
053095,台光電統一98購01,0,0,0,0,0,0,0,0,0,228000,0,0,0,257000,29000,228000,228000
057133,京鼎凱基98購02  ,0,0,0,0,0,0,0,0,0,228000,0,0,0,230000,2000,228000,228000
053118,大立光中信9C購01,0,0,0,0,0,0,0,0,0,227000,0,0,0,467000,240000,227000,227000
8105,凌巨            ,324000,97000,227000,0,0,0,0,0,0,0,0,0,0,0,0,0,227000
06465P,國巨統一98售04  ,0,0,0,0,0,0,0,0,0,227000,0,0,0,613000,386000,227000,227000
053361,友達元富99購01  ,0,0,0,0,0,0,0,0,0,226000,0,0,0,226000,0,226000,226000
060374,儒鴻元富9A購01  ,0,0,0,0,0,0,0,0,0,226000,0,0,0,495000,269000,226000,226000
059961,T50反1凱基99購09,0,0,0,0,0,0,0,0,0,226000,0,0,0,231000,5000,226000,226000
062855,嘉澤永豐9B購02  ,0,0,0,0,0,0,0,0,0,225000,0,0,0,252000,27000,225000,225000
053913,華新國票97購01  ,0,0,0,0,0,0,0,0,0,225000,0,0,0,323000,98000,225000,225000
056320,京鼎群益99購01  ,0,0,0,0,0,0,0,0,0,225000,0,0,0,225000,0,225000,225000
058272,超眾永豐9A購01  ,0,0,0,0,0,0,0,0,0,225000,0,0,0,350000,125000,225000,225000
058725,美律富邦9A購01  ,0,0,0,0,0,0,0,0,0,224000,0,0,0,224000,0,224000,224000
2511,太子            ,322013,106000,216013,0,0,0,0,0,0,7000,7000,0,7000,0,0,0,223013
056116,義隆群益97購02  ,0,0,0,0,0,0,0,0,0,222000,0,0,0,263000,41000,222000,222000
3003,健和興          ,333000,334000,-1000,0,0,0,184000,0,184000,39000,1000,0,1000,39000,1000,38000,222000
061074,儒鴻兆豐9B購01  ,0,0,0,0,0,0,0,0,0,221000,0,0,0,745000,524000,221000,221000
060557,南電凱基9A購02  ,0,0,0,0,0,0,0,0,0,221000,0,0,0,252000,31000,221000,221000
057231,美律凱基98購05  ,0,0,0,0,0,0,0,0,0,221000,0,0,0,316000,95000,221000,221000
057638,上銀元大99購01  ,1000,0,1000,0,0,0,0,0,0,219000,0,0,0,283000,64000,219000,220000
056540,聯詠凱基98購02  ,0,0,0,0,0,0,0,0,0,219000,0,0,0,222000,3000,219000,219000
059943,信邦永豐99購01  ,0,0,0,0,0,0,0,0,0,219000,0,0,0,356000,137000,219000,219000
07614P,華新科群益9A售04,0,0,0,0,0,0,0,0,0,219000,0,0,0,219000,0,219000,219000
061879,超眾元大9C購01  ,0,0,0,0,0,0,0,0,0,218000,0,0,0,470000,252000,218000,218000
063064,台表科元富9B購01,0,0,0,0,0,0,0,0,0,218000,0,0,0,576000,358000,218000,218000
056424,泰碩統一98購01  ,0,0,0,0,0,0,0,0,0,218000,0,0,0,218000,0,218000,218000
062097,台光電永豐9B購01,0,0,0,0,0,0,0,0,0,217000,0,0,0,227000,10000,217000,217000
1218,泰山            ,397000,180000,217000,0,0,0,0,0,0,0,0,0,0,0,0,0,217000
062980,康控元富9B購01  ,0,0,0,0,0,0,0,0,0,216000,0,0,0,388000,172000,216000,216000
062414,臻鼎中信01購01  ,0,0,0,0,0,0,0,0,0,216000,0,0,0,352000,136000,216000,216000
053294,聯發科中信9C購01,0,0,0,0,0,0,0,0,0,216000,0,0,0,366000,150000,216000,216000
061582,麗豐元大9A購01  ,0,0,0,0,0,0,0,0,0,215000,0,0,0,357000,142000,215000,215000
051898,富邦金國泰97購01,0,0,0,0,0,0,0,0,0,215000,0,0,0,215000,0,215000,215000
07669P,華新科元大9A售14,0,0,0,0,0,0,0,0,0,215000,0,0,0,220000,5000,215000,215000
062324,上銀統一9B購04  ,0,0,0,0,0,0,0,0,0,214000,0,0,0,303000,89000,214000,214000
07501P,華新科元大9A售07,0,0,0,0,0,0,0,0,0,214000,0,0,0,214000,0,214000,214000
4960,誠美材          ,367000,152000,215000,0,0,0,0,0,0,-1000,0,1000,-1000,0,0,0,214000
055232,泰碩國票98購01  ,0,0,0,0,0,0,0,0,0,213000,0,0,0,233000,20000,213000,213000
062710,盛群元大9B購01  ,0,0,0,0,0,0,0,0,0,212000,0,0,0,262000,50000,212000,212000
062981,祥碩元富9B購01  ,0,0,0,0,0,0,0,0,0,212000,0,0,0,236000,24000,212000,212000
063035,燿華凱基9B購02  ,0,0,0,0,0,0,0,0,0,212000,0,0,0,214000,2000,212000,212000
062914,嘉澤元大9B購02  ,0,0,0,0,0,0,0,0,0,212000,0,0,0,276000,64000,212000,212000
055848,大立光元大97購11,0,0,0,0,0,0,0,0,0,212000,0,0,0,250000,38000,212000,212000
058613,茂林元大99購03  ,0,0,0,0,0,0,0,0,0,212000,0,0,0,726000,514000,212000,212000
2108,南帝            ,620550,409000,211550,0,0,0,0,0,0,0,0,0,0,0,0,0,211550
062343,中石化群益9B購01,0,0,0,0,0,0,0,0,0,211000,0,0,0,309000,98000,211000,211000
062187,台勝科元大9B購02,0,0,0,0,0,0,0,0,0,211000,0,0,0,211000,0,211000,211000
061762,台塑元大9B購01  ,0,0,0,0,0,0,0,0,0,210000,0,0,0,260000,50000,210000,210000
059124,台積電第一03購01,0,0,0,0,0,0,0,0,0,210000,0,0,0,310000,100000,210000,210000
058085,景碩群益9A購01  ,0,0,0,0,0,0,0,0,0,210000,0,0,0,213000,3000,210000,210000
061939,中租國票9B購01  ,0,0,0,0,0,0,0,0,0,209000,0,0,0,247000,38000,209000,209000
061194,聯鈞永豐9A購02  ,0,0,0,0,0,0,0,0,0,209000,0,0,0,220000,11000,209000,209000
05545P,台表科國泰98售01,0,0,0,0,0,0,0,0,0,209000,0,0,0,209000,0,209000,209000
2329,華泰            ,255000,349000,-94000,0,0,0,303000,0,303000,0,0,0,0,0,0,0,209000
061946,鴻海群益9B購03  ,0,0,0,0,0,0,0,0,0,208000,0,0,0,245000,37000,208000,208000
063025,超眾元大9B購01  ,0,0,0,0,0,0,0,0,0,208000,0,0,0,253000,45000,208000,208000
054727,台積電日盛97購02,0,0,0,0,0,0,0,0,0,208000,0,0,0,208000,0,208000,208000
060707,台郡富邦9A購01  ,0,0,0,0,0,0,0,0,0,208000,0,0,0,238000,30000,208000,208000
2369,菱生            ,319000,114000,205000,0,0,0,0,0,0,3000,3000,0,3000,0,0,0,208000
062133,大成鋼群益9B購01,0,0,0,0,0,0,0,0,0,207000,0,0,0,226000,19000,207000,207000
060476,瑞祺元大9A購02  ,0,0,0,0,0,0,0,0,0,207000,0,0,0,355000,148000,207000,207000
061923,友達凱基9B購04  ,0,0,0,0,0,0,0,0,0,206000,0,0,0,331000,125000,206000,206000
061818,富邦金群益9C購01,0,0,0,0,0,0,0,0,0,206000,0,0,0,225000,19000,206000,206000
06089P,矽創永豐97售01  ,0,0,0,0,0,0,0,0,0,206000,0,0,0,206000,0,206000,206000
057267,康控兆豐99購01  ,0,0,0,0,0,0,0,0,0,206000,0,0,0,206000,0,206000,206000
058670,鴻海群益9A購03  ,0,0,0,0,0,0,0,0,0,206000,0,0,0,221000,15000,206000,206000
057742,喬山永豐98購02  ,0,0,0,0,0,0,0,0,0,205000,0,0,0,276000,71000,205000,205000
4935,茂林-KY         ,920000,1298000,-378000,0,0,0,417000,253000,164000,419000,420000,79000,341000,165000,87000,78000,205000
06683P,訊芯元大98售07  ,0,0,0,0,0,0,0,0,0,205000,0,0,0,205000,0,205000,205000
062476,神隆國票9B購01  ,0,0,0,0,0,0,0,0,0,204000,0,0,0,214000,10000,204000,204000
9921,巨大            ,1182124,963206,218918,0,0,0,9000,0,9000,-24000,8000,5000,3000,3000,30000,-27000,203918
061741,新光金凱基9B購01,0,0,0,0,0,0,0,0,0,203000,0,0,0,218000,15000,203000,203000
051630,力山國票96購01  ,0,0,0,0,0,0,0,0,0,203000,0,0,0,203000,0,203000,203000
059791,超眾元大99購06  ,0,0,0,0,0,0,0,0,0,203000,0,0,0,205000,2000,203000,203000
061452,大成鋼凱基9A購01,0,0,0,0,0,0,0,0,0,202000,0,0,0,222000,20000,202000,202000
063184,台光電凱基9B購03,0,0,0,0,0,0,0,0,0,202000,0,0,0,223000,21000,202000,202000
059340,鴻海凱基9A購12  ,0,0,0,0,0,0,0,0,0,202000,0,0,0,203000,1000,202000,202000
058201,華通凱基9A購01  ,0,0,0,0,0,0,0,0,0,202000,0,0,0,203000,1000,202000,202000
2365,昆盈            ,218000,22000,196000,0,0,0,0,0,0,6000,6000,0,6000,0,0,0,202000
2399,映泰            ,266000,66000,200000,0,0,0,0,0,0,2000,2000,0,2000,0,0,0,202000
07643P,禾伸堂凱基9A售02,0,0,0,0,0,0,0,0,0,202000,0,0,0,202000,0,202000,202000
062389,台表科國泰01購01,0,0,0,0,0,0,0,0,0,201000,0,0,0,201000,0,201000,201000
062096,神隆永豐9B購01  ,0,0,0,0,0,0,0,0,0,201000,0,0,0,216000,15000,201000,201000
061707,超眾國票9B購01  ,0,0,0,0,0,0,0,0,0,200000,0,0,0,275000,75000,200000,200000
054301,楠梓電凱基98購01,0,0,0,0,0,0,0,0,0,200000,0,0,0,200000,0,200000,200000
053577,上証2X元大96購02,0,0,0,0,0,0,0,0,0,200000,0,0,0,200000,0,200000,200000
055725,嘉聯益元大98購03,0,0,0,0,0,0,0,0,0,200000,0,0,0,200000,0,200000,200000
052416,滬深2X兆豐96購02,0,0,0,0,0,0,0,0,0,200000,0,0,0,750000,550000,200000,200000
052586,晶豪科永豐96購01,0,0,0,0,0,0,0,0,0,200000,0,0,0,200000,0,200000,200000
054570,易華電群益98購01,0,0,0,0,0,0,0,0,0,200000,0,0,0,200000,0,200000,200000
059247,可成凱基99購05  ,0,0,0,0,0,0,0,0,0,200000,0,0,0,218000,18000,200000,200000
057104,康友中信99購01  ,0,0,0,0,0,0,0,0,0,200000,0,0,0,200000,0,200000,200000
058876,南電國票9A購02  ,0,0,0,0,0,0,0,0,0,200000,0,0,0,200000,0,200000,200000
07361P,聯發科元大99售34,0,0,0,0,0,0,0,0,0,200000,0,0,0,250000,50000,200000,200000
07121P,華新科凱基99售03,0,0,0,0,0,0,0,0,0,200000,0,0,0,200000,0,200000,200000
062499,鴻海群益01購01  ,0,0,0,0,0,0,0,0,0,199000,0,0,0,213000,14000,199000,199000
056177,嘉澤元富97購01  ,0,0,0,0,0,0,0,0,0,199000,0,0,0,200000,1000,199000,199000
057953,聚陽元大98購01  ,0,0,0,0,0,0,0,0,0,199000,0,0,0,199000,0,199000,199000
060566,聯詠富邦9C購01  ,0,0,0,0,0,0,0,0,0,199000,0,0,0,200000,1000,199000,199000
059771,台積電群益99購11,0,0,0,0,0,0,0,0,0,199000,0,0,0,210000,11000,199000,199000
5243,乙盛-KY         ,398000,199000,199000,0,0,0,0,0,0,0,0,0,0,0,0,0,199000
056599,臻鼎元富98購01  ,0,0,0,0,0,0,0,0,0,198000,0,0,0,303000,105000,198000,198000
054756,世紀鋼凱基99購01,0,0,0,0,0,0,0,0,0,198000,0,0,0,198000,0,198000,198000
059533,富邦金凱基99購01,0,0,0,0,0,0,0,0,0,198000,0,0,0,220000,22000,198000,198000
062823,台表科兆豐9B購01,0,0,0,0,0,0,0,0,0,197000,0,0,0,277000,80000,197000,197000
062111,台勝科國票9B購01,0,0,0,0,0,0,0,0,0,197000,0,0,0,199000,2000,197000,197000
054807,台化元大9A購02  ,0,0,0,0,0,0,0,0,0,197000,0,0,0,247000,50000,197000,197000
059069,臺指反元大9C購01,0,0,0,0,0,0,0,0,0,197000,0,0,0,197000,0,197000,197000
060907,金像電元大9A購02,0,0,0,0,0,0,0,0,0,196000,0,0,0,288000,92000,196000,196000
060312,潤泰全永豐9A購01,0,0,0,0,0,0,0,0,0,196000,0,0,0,598000,402000,196000,196000
2208,台船            ,628000,432163,195837,0,0,0,0,0,0,0,0,0,0,0,0,0,195837
062987,祥碩中信01購01  ,0,0,0,0,0,0,0,0,0,195000,0,0,0,324000,129000,195000,195000
063069,道瓊銀富邦05購01,0,0,0,0,0,0,0,0,0,195000,0,0,0,369000,174000,195000,195000
063229,台表科群益9B購04,0,0,0,0,0,0,0,0,0,195000,0,0,0,313000,118000,195000,195000
062527,美律統一01購01  ,0,0,0,0,0,0,0,0,0,195000,0,0,0,195000,0,195000,195000
062213,和大統一9B購02  ,0,0,0,0,0,0,0,0,0,195000,0,0,0,195000,0,195000,195000
056312,茂林元大98購01  ,0,0,0,0,0,0,0,0,0,195000,0,0,0,220000,25000,195000,195000
060470,台勝科元大9A購03,0,0,0,0,0,0,0,0,0,195000,0,0,0,195000,0,195000,195000
059803,S&P正2元富9B購03,0,0,0,0,0,0,0,0,0,195000,0,0,0,195000,0,195000,195000
4919,新唐            ,239000,41000,198000,0,0,0,0,0,0,-3000,1000,1000,0,2000,5000,-3000,195000
059830,台郡凱基99購05  ,0,0,0,0,0,0,0,0,0,194000,0,0,0,194000,0,194000,194000
2501,國建            ,283000,397000,-114000,0,0,0,308000,0,308000,0,0,0,0,0,0,0,194000
062891,台汽電群益9B購01,0,0,0,0,0,0,0,0,0,193000,0,0,0,193000,0,193000,193000
060298,鎧勝元大9C購01  ,0,0,0,0,0,0,0,0,0,193000,0,0,0,203000,10000,193000,193000
062842,臺股指群益9B購09,0,0,0,0,0,0,0,0,0,192000,0,0,0,194000,2000,192000,192000
063218,台塑群益9B購01  ,0,0,0,0,0,0,0,0,0,192000,0,0,0,192000,0,192000,192000
062286,台郡群益9B購01  ,0,0,0,0,0,0,0,0,0,192000,0,0,0,192000,0,192000,192000
062325,鴻海統一9B購05  ,0,0,0,0,0,0,0,0,0,192000,0,0,0,202000,10000,192000,192000
059438,群創元大99購06  ,0,0,0,0,0,0,0,0,0,192000,0,0,0,197000,5000,192000,192000
059377,台積電群益99購09,0,0,0,0,0,0,0,0,0,192000,0,0,0,225000,33000,192000,192000
061616,鴻海群益9A購07  ,0,0,0,0,0,0,0,0,0,191000,0,0,0,236000,45000,191000,191000
055561,奇鋐凱基97購01  ,0,0,0,0,0,0,0,0,0,191000,0,0,0,191000,0,191000,191000
060628,和大富邦9B購01  ,0,0,0,0,0,0,0,0,0,191000,0,0,0,211000,20000,191000,191000
061030,喬山永豐9A購01  ,0,0,0,0,0,0,0,0,0,190000,0,0,0,258000,68000,190000,190000
063136,智邦統一9B購02  ,0,0,0,0,0,0,0,0,0,190000,0,0,0,474000,284000,190000,190000
055067,禾聯碩永豐97購01,0,0,0,0,0,0,0,0,0,190000,0,0,0,190000,0,190000,190000
07579P,聯茂元大9A售01  ,0,0,0,0,0,0,0,0,0,190000,0,0,0,264000,74000,190000,190000
062678,華通統一9C購04  ,0,0,0,0,0,0,0,0,0,189000,0,0,0,189000,0,189000,189000
060989,國泰金元大9A購02,0,0,0,0,0,0,0,0,0,189000,0,0,0,255000,66000,189000,189000
060722,矽格永豐9A購01  ,0,0,0,0,0,0,0,0,0,189000,0,0,0,197000,8000,189000,189000
061443,大立光統一9C購02,0,0,0,0,0,0,0,0,0,189000,0,0,0,199000,10000,189000,189000
054771,茂林國票98購02  ,0,0,0,0,0,0,0,0,0,189000,0,0,0,815000,626000,189000,189000
052313,聯電元大98購01  ,0,0,0,0,0,0,0,0,0,189000,0,0,0,201000,12000,189000,189000
055748,GIS元富97購01   ,0,0,0,0,0,0,0,0,0,189000,0,0,0,194000,5000,189000,189000
3257,虹冠電          ,252000,61000,191000,0,0,0,0,0,0,-2000,0,2000,-2000,0,0,0,189000
061990,台勝科元大9C購01,0,0,0,0,0,0,0,0,0,188000,0,0,0,208000,20000,188000,188000
062837,復盛群益9B購01  ,0,0,0,0,0,0,0,0,0,188000,0,0,0,308000,120000,188000,188000
04788P,台積電永昌96售05,0,0,0,0,0,0,0,0,0,188000,0,0,0,188000,0,188000,188000
057096,緯穎元富98購01  ,0,0,0,0,0,0,0,0,0,188000,0,0,0,304000,116000,188000,188000
2489,瑞軒            ,380000,228000,152000,0,0,0,0,0,0,36000,36000,0,36000,0,0,0,188000
9802,鈺齊-KY         ,703000,1111000,-408000,0,0,0,701000,50000,651000,-55000,70000,13000,57000,28000,140000,-112000,188000
061380,巨大永豐9A購02  ,0,0,0,0,0,0,0,0,0,187000,0,0,0,187000,0,187000,187000
055254,聯詠統一97購03  ,0,0,0,0,0,0,0,0,0,187000,0,0,0,189000,2000,187000,187000
056574,亞光元大99購03  ,0,0,0,0,0,0,0,0,0,187000,0,0,0,220000,33000,187000,187000
055373,聯詠元大97購03  ,0,0,0,0,0,0,0,0,0,186000,0,0,0,210000,24000,186000,186000
057268,臻鼎兆豐99購01  ,0,0,0,0,0,0,0,0,0,186000,0,0,0,186000,0,186000,186000
060583,南亞科元富9A購05,0,0,0,0,0,0,0,0,0,186000,0,0,0,420000,234000,186000,186000
060511,群創元大9B購08  ,0,0,0,0,0,0,0,0,0,186000,0,0,0,186000,0,186000,186000
6582,申豐            ,240000,51000,189000,0,0,0,0,0,0,-3000,9000,12000,-3000,0,0,0,186000
061957,上銀統一01購01  ,0,0,0,0,0,0,0,0,0,185000,0,0,0,546000,361000,185000,185000
053055,聯詠國票97購01  ,0,0,0,0,0,0,0,0,0,185000,0,0,0,195000,10000,185000,185000
057092,健策元富98購01  ,0,0,0,0,0,0,0,0,0,185000,0,0,0,582000,397000,185000,185000
057995,華新科中信98購02,0,0,0,0,0,0,0,0,0,185000,0,0,0,200000,15000,185000,185000
058080,台積電群益98購06,0,0,0,0,0,0,0,0,0,185000,0,0,0,185000,0,185000,185000
3605,宏致            ,263000,78000,185000,0,0,0,0,0,0,0,0,0,0,0,0,0,185000
07863P,華新科凱基9B售07,0,0,0,0,0,0,0,0,0,185000,0,0,0,260000,75000,185000,185000
052004,泰碩國泰97購03  ,0,0,0,0,0,0,0,0,0,184000,0,0,0,194000,10000,184000,184000
055847,大立光元大97購10,0,0,0,0,0,0,0,0,0,184000,0,0,0,184000,0,184000,184000
058245,訊連元大99購01  ,0,0,0,0,0,0,0,0,0,184000,0,0,0,184000,0,184000,184000
060385,台勝科凱基9A購01,0,0,0,0,0,0,0,0,0,184000,0,0,0,308000,124000,184000,184000
07279P,台灣50台新99售02,0,0,0,0,0,0,0,0,0,184000,0,0,0,624000,440000,184000,184000
2481,強茂            ,441400,394000,47400,0,0,0,0,81000,-81000,217000,390000,170000,220000,45000,48000,-3000,183400
2455,全新            ,424300,449000,-24700,0,0,0,0,0,0,208000,64000,26000,38000,176000,6000,170000,183300
063175,燿華兆豐9C購01  ,0,0,0,0,0,0,0,0,0,183000,0,0,0,361000,178000,183000,183000
062337,台表科統一01購01,0,0,0,0,0,0,0,0,0,183000,0,0,0,731000,548000,183000,183000
053104,台表科元富96購02,0,0,0,0,0,0,0,0,0,183000,0,0,0,193000,10000,183000,183000
052764,景碩群益98購01  ,0,0,0,0,0,0,0,0,0,183000,0,0,0,272000,89000,183000,183000
052295,揚明光國票96購03,0,0,0,0,0,0,0,0,0,183000,0,0,0,271000,88000,183000,183000
059944,欣興永豐99購03  ,0,0,0,0,0,0,0,0,0,183000,0,0,0,183000,0,183000,183000
056835,聯電元富99購01  ,0,0,0,0,0,0,0,0,0,183000,0,0,0,331000,148000,183000,183000
06893P,致新元富98售02  ,0,0,0,0,0,0,0,0,0,183000,0,0,0,203000,20000,183000,183000
059349,台郡凱基99購04  ,0,0,0,0,0,0,0,0,0,182000,0,0,0,183000,1000,182000,182000
2480,敦陽科          ,213000,26000,187000,0,0,0,0,0,0,-5000,0,5000,-5000,0,0,0,182000
063264,健策永豐9B購07  ,0,0,0,0,0,0,0,0,0,181000,0,0,0,250000,69000,181000,181000
061479,泰碩元大9A購02  ,0,0,0,0,0,0,0,0,0,181000,0,0,0,199000,18000,181000,181000
061168,力成兆豐9A購01  ,0,0,0,0,0,0,0,0,0,181000,0,0,0,351000,170000,181000,181000
056686,可成統一98購01  ,0,0,0,0,0,0,0,0,0,181000,0,0,0,181000,0,181000,181000
00692,富邦公司治理    ,1000,0,1000,0,0,0,0,0,0,180000,0,0,0,1426000,1246000,180000,181000
059424,SGBR2X元大9A購01,0,0,0,0,0,0,0,0,0,181000,0,0,0,214000,33000,181000,181000
059534,國泰金凱基99購01,0,0,0,0,0,0,0,0,0,181000,0,0,0,216000,35000,181000,181000
06962P,華新科永豐99售01,0,0,0,0,0,0,0,0,0,181000,0,0,0,187000,6000,181000,181000
061808,聯發科統一01購02,0,0,0,0,0,0,0,0,0,180000,0,0,0,715000,535000,180000,180000
00647L,元大S&P500正2   ,13000,17000,-4000,0,0,0,0,0,0,184000,0,69000,-69000,702000,449000,253000,180000
054081,聯電元富96購01  ,0,0,0,0,0,0,0,0,0,180000,0,0,0,200000,20000,180000,180000
052424,泰碩國票97購01  ,0,0,0,0,0,0,0,0,0,180000,0,0,0,270000,90000,180000,180000
053805,奇鋐凱基98購02  ,0,0,0,0,0,0,0,0,0,180000,0,0,0,180000,0,180000,180000
056784,南亞科群益98購01,0,0,0,0,0,0,0,0,0,180000,0,0,0,301000,121000,180000,180000
062106,華邦電國票9B購02,0,0,0,0,0,0,0,0,0,179000,0,0,0,366000,187000,179000,179000
061415,健策群益9A購04  ,0,0,0,0,0,0,0,0,0,179000,0,0,0,304000,125000,179000,179000
062529,可成統一9C購03  ,0,0,0,0,0,0,0,0,0,179000,0,0,0,185000,6000,179000,179000
054994,建準元富97購01  ,0,0,0,0,0,0,0,0,0,179000,0,0,0,189000,10000,179000,179000
05731P,創意統一96售03  ,0,0,0,0,0,0,0,0,0,179000,0,0,0,179000,0,179000,179000
060418,中橡永豐9A購01  ,0,0,0,0,0,0,0,0,0,179000,0,0,0,290000,111000,179000,179000
058576,南亞科群益99購01,0,0,0,0,0,0,0,0,0,179000,0,0,0,179000,0,179000,179000
06889P,臺股指元大98售13,0,0,0,0,0,0,0,0,0,179000,0,0,0,199000,20000,179000,179000
062231,台光電麥證9C購01,0,0,0,178000,0,178000,0,0,0,178000,0,0,0,178000,0,178000,178000
061356,南電元大9A購06  ,0,0,0,0,0,0,0,0,0,178000,0,0,0,285000,107000,178000,178000
061003,南亞科兆豐9A購01,0,0,0,0,0,0,0,0,0,178000,0,0,0,190000,12000,178000,178000
061667,友達中信9A購02  ,0,0,0,0,0,0,0,0,0,178000,0,0,0,178000,0,178000,178000
056596,光磊元富98購01  ,0,0,0,0,0,0,0,0,0,178000,0,0,0,260000,82000,178000,178000
055618,麗豐國票98購01  ,0,0,0,0,0,0,0,0,0,178000,0,0,0,178000,0,178000,178000
3004,豐達科          ,191000,31000,160000,0,0,0,0,0,0,18000,0,0,0,18000,0,18000,178000
061395,健策統一9C購02  ,2000,0,2000,0,0,0,0,0,0,175000,0,0,0,586000,411000,175000,177000
061216,世芯元大9A購06  ,0,0,0,0,0,0,0,0,0,176000,0,0,0,196000,20000,176000,176000
062043,牧德凱基9B購04  ,0,0,0,0,0,0,0,0,0,176000,0,0,0,176000,0,176000,176000
063166,超眾永豐9B購01  ,0,0,0,0,0,0,0,0,0,176000,0,0,0,376000,200000,176000,176000
060290,興富發元大9C購01,0,0,0,0,0,0,0,0,0,176000,0,0,0,200000,24000,176000,176000
059359,精元永豐99購01  ,0,0,0,0,0,0,0,0,0,176000,0,0,0,690000,514000,176000,176000
1712,興農            ,312000,136000,176000,0,0,0,0,0,0,0,0,0,0,0,0,0,176000
061265,富邦金凱基9B購01,0,0,0,0,0,0,0,0,0,175000,0,0,0,197000,22000,175000,175000
061069,嘉聯益凱基9A購01,0,0,0,0,0,0,0,0,0,175000,0,0,0,210000,35000,175000,175000
058774,台郡兆豐9A購01  ,0,0,0,0,0,0,0,0,0,175000,0,0,0,175000,0,175000,175000
062012,燿華富邦9C購01  ,0,0,0,0,0,0,0,0,0,174000,0,0,0,238000,64000,174000,174000
059065,南電凱基9A購01  ,0,0,0,0,0,0,0,0,0,174000,0,0,0,179000,5000,174000,174000
00766L,台新MSCI中國正2 ,0,0,0,0,0,0,0,0,0,174000,0,0,0,457000,283000,174000,174000
057598,鴻海群益98購07  ,0,0,0,0,0,0,0,0,0,174000,0,0,0,184000,10000,174000,174000
060646,南電永豐9A購01  ,0,0,0,0,0,0,0,0,0,174000,0,0,0,224000,50000,174000,174000
6706,惠特            ,83726,299000,-215274,0,0,0,333000,0,333000,56000,69000,13000,56000,0,0,0,173726
062385,玉晶光國泰01購01,0,0,0,0,0,0,0,0,0,173000,0,0,0,173000,0,173000,173000
2428,興勤            ,151000,50000,101000,0,0,0,0,0,0,72000,0,0,0,73000,1000,72000,173000
058007,南電群益98購02  ,0,0,0,0,0,0,0,0,0,172000,0,0,0,172000,0,172000,172000
057886,聯詠群益98購01  ,0,0,0,0,0,0,0,0,0,172000,0,0,0,219000,47000,172000,172000
062810,華通兆豐9B購02  ,0,0,0,0,0,0,0,0,0,171000,0,0,0,171000,0,171000,171000
063144,超眾統一9C購02  ,0,0,0,0,0,0,0,0,0,171000,0,0,0,712000,541000,171000,171000
060867,智伸科永豐9A購01,0,0,0,0,0,0,0,0,0,171000,0,0,0,437000,266000,171000,171000
061183,友達國泰9B購02  ,0,0,0,0,0,0,0,0,0,171000,0,0,0,185000,14000,171000,171000
00674R,元大S&P黃金反1  ,0,0,0,0,0,0,0,0,0,171000,0,0,0,261000,90000,171000,171000
060540,南亞凱基9A購01  ,0,0,0,0,0,0,0,0,0,171000,0,0,0,203000,32000,171000,171000
059999,緯穎元富99購01  ,0,0,0,0,0,0,0,0,0,171000,0,0,0,278000,107000,171000,171000
062380,巨大元大9B購01  ,0,0,0,0,0,0,0,0,0,170000,0,0,0,180000,10000,170000,170000
03669C,滬深2X元富09牛01,0,0,0,0,0,0,0,0,0,170000,0,0,0,170000,0,170000,170000
053186,健策中信9C購01  ,0,0,0,0,0,0,0,0,0,170000,0,0,0,433000,263000,170000,170000
054458,復盛群益96購01  ,0,0,0,0,0,0,0,0,0,170000,0,0,0,170000,0,170000,170000
05529P,臺股指群益96售02,0,0,0,0,0,0,0,0,0,170000,0,0,0,170000,0,170000,170000
08852P,台灣50台新01售01,0,0,0,0,0,0,0,0,0,170000,0,0,0,170000,0,170000,170000
062539,可成國泰01購01  ,0,0,0,0,0,0,0,0,0,169000,0,0,0,695000,526000,169000,169000
052230,大立光凱基96購09,0,0,0,0,0,0,0,0,0,169000,0,0,0,218000,49000,169000,169000
4976,佳凌            ,264000,95000,169000,0,0,0,0,0,0,0,0,0,0,0,0,0,169000
060713,聯詠永豐9A購01  ,0,0,0,0,0,0,0,0,0,168000,0,0,0,182000,14000,168000,168000
061022,健策國泰9B購03  ,0,0,0,0,0,0,0,0,0,168000,0,0,0,224000,56000,168000,168000
062100,矽格永豐9B購01  ,0,0,0,0,0,0,0,0,0,168000,0,0,0,168000,0,168000,168000
061480,泰碩元大9B購01  ,0,0,0,0,0,0,0,0,0,168000,0,0,0,170000,2000,168000,168000
053582,英業達元大97購01,0,0,0,0,0,0,0,0,0,168000,0,0,0,172000,4000,168000,168000
00668,國泰美國道瓊    ,21000,1000,20000,0,0,0,0,0,0,148000,0,0,0,182000,34000,148000,168000
055260,晶相光統一98購01,0,0,0,0,0,0,0,0,0,168000,0,0,0,168000,0,168000,168000
057909,台光電兆豐98購01,0,0,0,0,0,0,0,0,0,168000,0,0,0,168000,0,168000,168000
6670,復盛應用        ,166000,72000,94000,0,0,0,24000,0,24000,50000,53000,0,53000,0,3000,-3000,168000
061305,帆宣永豐9A購01  ,0,0,0,0,0,0,0,0,0,167000,0,0,0,167000,0,167000,167000
061379,鈺齊永豐9A購02  ,0,0,0,0,0,0,0,0,0,167000,0,0,0,221000,54000,167000,167000
062653,正隆永豐9B購01  ,0,0,0,0,0,0,0,0,0,167000,0,0,0,290000,123000,167000,167000
051078,力山富邦97購01  ,0,0,0,0,0,0,0,0,0,167000,0,0,0,177000,10000,167000,167000
07257P,臺股指凱基99售37,0,0,0,0,0,0,0,0,0,167000,0,0,0,180000,13000,167000,167000
062108,晶豪科國票9B購01,0,0,0,0,0,0,0,0,0,166000,0,0,0,227000,61000,166000,166000
051488,健策凱基96購04  ,0,0,0,0,0,0,0,0,0,166000,0,0,0,186000,20000,166000,166000
00646,元大S&P500      ,82000,1000,81000,0,0,0,0,0,0,85000,0,60000,-60000,233000,88000,145000,166000
054318,台虹凱基98購01  ,0,0,0,0,0,0,0,0,0,166000,0,0,0,388000,222000,166000,166000
060382,儒鴻凱基9A購01  ,0,0,0,0,0,0,0,0,0,166000,0,0,0,317000,151000,166000,166000
060471,台勝科元大9B購01,0,0,0,0,0,0,0,0,0,166000,0,0,0,167000,1000,166000,166000
057516,和鑫元富98購01  ,0,0,0,0,0,0,0,0,0,166000,0,0,0,395000,229000,166000,166000
061437,燿華凱基9A購01  ,0,0,0,0,0,0,0,0,0,165000,0,0,0,191000,26000,165000,165000
052750,臺股指元大96購04,0,0,0,0,0,0,0,0,0,165000,0,0,0,165000,0,165000,165000
056178,嘉澤元富97購02  ,0,0,0,0,0,0,0,0,0,165000,0,0,0,175000,10000,165000,165000
056182,台光電統一97購03,0,0,0,0,0,0,0,0,0,165000,0,0,0,275000,110000,165000,165000
060528,友達中信9C購01  ,0,0,0,0,0,0,0,0,0,165000,0,0,0,165000,0,165000,165000
057275,友達元大9A購04  ,0,0,0,0,0,0,0,0,0,165000,0,0,0,165000,0,165000,165000
06168P,台表科國票97售06,0,0,0,0,0,0,0,0,0,164000,0,0,0,239000,75000,164000,164000
061638,國泰金元大9A購03,0,0,0,0,0,0,0,0,0,164000,0,0,0,226000,62000,164000,164000
062302,聯詠中信05購02  ,0,0,0,0,0,0,0,0,0,164000,0,0,0,164000,0,164000,164000
063027,台汽電元大9B購01,0,0,0,0,0,0,0,0,0,164000,0,0,0,165000,1000,164000,164000
056688,聯詠統一98購01  ,0,0,0,0,0,0,0,0,0,164000,0,0,0,164000,0,164000,164000
057352,大立光統一9A購02,0,0,0,0,0,0,0,0,0,164000,0,0,0,213000,49000,164000,164000
058788,喬山元大99購01  ,0,0,0,0,0,0,0,0,0,164000,0,0,0,484000,320000,164000,164000
05977P,旺宏永豐96售06  ,0,0,0,0,0,0,0,0,0,164000,0,0,0,164000,0,164000,164000
06486P,麗豐元大98售02  ,0,0,0,0,0,0,0,0,0,164000,0,0,0,341000,177000,164000,164000
08027P,嘉晶元大9B售03  ,0,0,0,0,0,0,0,0,0,164000,0,0,0,378000,214000,164000,164000
057776,京元電群益98購02,0,0,0,0,0,0,0,0,0,163000,0,0,0,266000,103000,163000,163000
058854,樺漢群益9B購01  ,0,0,0,0,0,0,0,0,0,163000,0,0,0,263000,100000,163000,163000
07975P,國巨元大9B售15  ,0,0,0,0,0,0,0,0,0,163000,0,0,0,186000,23000,163000,163000
061252,臺股指群益9A購03,0,0,0,0,0,0,0,0,0,162000,0,0,0,177000,15000,162000,162000
060958,儒鴻凱基9A購02  ,0,0,0,0,0,0,0,0,0,162000,0,0,0,1133000,971000,162000,162000
058079,鴻海群益98購08  ,0,0,0,0,0,0,0,0,0,162000,0,0,0,170000,8000,162000,162000
062755,茂林麥證9B購01  ,0,0,0,251000,90000,161000,0,0,0,161000,0,0,0,251000,90000,161000,161000
060367,緯穎元富9A購02  ,0,0,0,0,0,0,0,0,0,161000,0,0,0,310000,149000,161000,161000
3029,零壹            ,244000,78000,166000,0,0,0,0,0,0,-5000,0,5000,-5000,0,0,0,161000
062209,台積電台新9B購05,0,0,0,0,0,0,0,0,0,160000,0,0,0,200000,40000,160000,160000
062831,嘉澤群益9B購01  ,0,0,0,0,0,0,0,0,0,160000,0,0,0,165000,5000,160000,160000
061094,彩晶統一9B購02  ,0,0,0,0,0,0,0,0,0,160000,0,0,0,160000,0,160000,160000
054757,南亞國票98購01  ,0,0,0,0,0,0,0,0,0,160000,0,0,0,160000,0,160000,160000
058583,臻鼎群益99購01  ,0,0,0,0,0,0,0,0,0,160000,0,0,0,165000,5000,160000,160000
058139,臻鼎元大99購01  ,0,0,0,0,0,0,0,0,0,160000,0,0,0,294000,134000,160000,160000
6282,康舒            ,443000,264000,179000,0,0,0,0,0,0,-19000,5000,18000,-13000,0,6000,-6000,160000
6277,宏正            ,206000,46000,160000,0,0,0,0,0,0,0,0,0,0,0,0,0,160000
4526,東台            ,244000,84000,160000,0,0,0,0,0,0,0,0,0,0,0,0,0,160000
061985,富邦金元大9B購01,0,0,0,0,0,0,0,0,0,159000,0,0,0,192000,33000,159000,159000
062188,貿聯元大9B購02  ,0,0,0,0,0,0,0,0,0,159000,0,0,0,390000,231000,159000,159000
062177,上銀元大9B購02  ,0,15000,-15000,0,0,0,0,0,0,174000,0,0,0,184000,10000,174000,159000
062450,臻鼎元大9B購02  ,0,0,0,0,0,0,0,0,0,159000,0,0,0,159000,0,159000,159000
055515,聚陽中信9A購01  ,0,0,0,0,0,0,0,0,0,159000,0,0,0,175000,16000,159000,159000
058148,百和元大99購01  ,0,0,0,0,0,0,0,0,0,159000,0,0,0,247000,88000,159000,159000
062567,祥碩中信9C購01  ,0,0,0,0,0,0,0,0,0,158000,0,0,0,345000,187000,158000,158000
061227,日月光中信9B購01,0,0,0,0,0,0,0,0,0,158000,0,0,0,176000,18000,158000,158000
060851,國巨國泰9C購01  ,0,0,0,0,0,0,0,0,0,158000,0,0,0,806000,648000,158000,158000
054239,台郡群益96購02  ,0,0,0,0,0,0,0,0,0,158000,0,0,0,169000,11000,158000,158000
062942,嘉澤凱基9B購02  ,0,0,0,0,0,0,0,0,0,157000,0,0,0,248000,91000,157000,157000
058136,景碩元大99購02  ,0,0,0,0,0,0,0,0,0,157000,0,0,0,157000,0,157000,157000
1210,大成            ,650629,535263,115366,0,0,0,0,0,0,41000,51000,13000,38000,3000,0,3000,156366
063089,巨大凱基9C購01  ,0,0,0,0,0,0,0,0,0,156000,0,0,0,156000,0,156000,156000
054339,聯詠統一96購02  ,0,0,0,0,0,0,0,0,0,156000,0,0,0,156000,0,156000,156000
052681,T50反1元大98購02,0,0,0,0,0,0,0,0,0,156000,0,0,0,283000,127000,156000,156000
056486,樺漢元大98購04  ,0,0,0,0,0,0,0,0,0,156000,0,0,0,156000,0,156000,156000
059093,旭富元大99購01  ,0,0,0,0,0,0,0,0,0,156000,0,0,0,329000,173000,156000,156000
057818,泰碩元大9A購01  ,0,0,0,0,0,0,0,0,0,156000,0,0,0,181000,25000,156000,156000
057017,和大凱基98購01  ,0,0,0,0,0,0,0,0,0,156000,0,0,0,176000,20000,156000,156000
062807,和碩統一9B購01  ,0,0,0,0,0,0,0,0,0,155000,0,0,0,155000,0,155000,155000
062520,晶豪科元大9B購02,0,0,0,0,0,0,0,0,0,155000,0,0,0,155000,0,155000,155000
062492,牧德第一9B購01  ,0,0,0,0,0,0,0,0,0,155000,0,0,0,155000,0,155000,155000
062702,可成元大9C購01  ,0,0,0,0,0,0,0,0,0,155000,0,0,0,260000,105000,155000,155000
062132,神隆群益9B購01  ,0,0,0,0,0,0,0,0,0,155000,0,0,0,253000,98000,155000,155000
2457,飛宏            ,245000,90000,155000,0,0,0,0,0,0,0,0,0,0,0,0,0,155000
1611,中電            ,258400,104000,154400,0,0,0,0,0,0,0,0,0,0,0,0,0,154400
059140,大立光兆豐9A購02,0,0,0,0,0,0,0,0,0,154000,0,0,0,168000,14000,154000,154000
055335,健策兆豐98購01  ,0,0,0,0,0,0,0,0,0,154000,0,0,0,214000,60000,154000,154000
051745,玉晶光國泰97購06,0,0,0,0,0,0,0,0,0,154000,0,0,0,159000,5000,154000,154000
059860,台積電群益9A購02,0,0,0,0,0,0,0,0,0,154000,0,0,0,154000,0,154000,154000
060315,易華電永豐9A購01,0,0,0,0,0,0,0,0,0,154000,0,0,0,154000,0,154000,154000
2006,東和鋼鐵        ,471000,217000,254000,0,0,0,0,0,0,-100000,0,100000,-100000,0,0,0,154000
3015,全漢            ,182000,28000,154000,0,0,0,0,0,0,0,0,0,0,0,0,0,154000
1604,聲寶            ,215200,63000,152200,0,0,0,0,0,0,1000,1000,0,1000,0,0,0,153200
061412,儒鴻群益9A購01  ,0,0,0,0,0,0,0,0,0,153000,0,0,0,273000,120000,153000,153000
053958,京元電永豐96購01,0,0,0,0,0,0,0,0,0,153000,0,0,0,153000,0,153000,153000
054882,台光電統一97購02,0,0,0,0,0,0,0,0,0,153000,0,0,0,153000,0,153000,153000
057980,聯詠永豐98購01  ,0,0,0,0,0,0,0,0,0,153000,0,0,0,163000,10000,153000,153000
059395,T50反1元富99購03,0,0,0,0,0,0,0,0,0,153000,0,0,0,153000,0,153000,153000
062301,聯詠中信05購01  ,0,0,0,0,0,0,0,0,0,152000,0,0,0,152000,0,152000,152000
063095,健策國票9B購02  ,0,0,0,0,0,0,0,0,0,152000,0,0,0,162000,10000,152000,152000
058973,麗豐永豐99購01  ,0,0,0,0,0,0,0,0,0,152000,0,0,0,249000,97000,152000,152000
058422,百和麥證99購01  ,0,0,0,228000,76000,152000,0,0,0,152000,0,0,0,228000,76000,152000,152000
057102,亞光中信9A購01  ,0,0,0,0,0,0,0,0,0,152000,0,0,0,208000,56000,152000,152000
6226,光鼎            ,496000,342000,154000,0,0,0,0,0,0,-2000,0,2000,-2000,0,0,0,152000
049023,玉晶光群益96購04,0,0,0,0,0,0,0,0,0,151000,0,0,0,151000,0,151000,151000
062363,燿華元大9B購03  ,0,0,0,0,0,0,0,0,0,150000,0,0,0,150000,0,150000,150000
061196,世芯永豐9A購06  ,0,0,0,0,0,0,0,0,0,150000,0,0,0,292000,142000,150000,150000
061191,可成永豐9A購02  ,0,0,0,0,0,0,0,0,0,150000,0,0,0,154000,4000,150000,150000
060733,和大統一9C購01  ,0,0,0,0,0,0,0,0,0,150000,0,0,0,150000,0,150000,150000
062084,台郡元大9B購04  ,0,0,0,0,0,0,0,0,0,150000,0,0,0,232000,82000,150000,150000
061696,南茂群益9A購01  ,0,0,0,0,0,0,0,0,0,150000,0,0,0,166000,16000,150000,150000
052701,群創國票96購01  ,0,0,0,0,0,0,0,0,0,150000,0,0,0,150000,0,150000,150000
052328,台表科中信99購01,0,0,0,0,0,0,0,0,0,150000,0,0,0,150000,0,150000,150000
057799,世紀鋼兆豐98購01,0,0,0,0,0,0,0,0,0,150000,0,0,0,150000,0,150000,150000
07118P,台積電凱基99售09,0,0,0,0,0,0,0,0,0,150000,0,0,0,150000,0,150000,150000
061473,台積電元大9A購33,0,0,0,0,0,0,0,0,0,149000,0,0,0,150000,1000,149000,149000
061532,和大統一9C購02  ,0,0,0,0,0,0,0,0,0,149000,0,0,0,149000,0,149000,149000
061974,光寶科元大9B購01,0,0,0,0,0,0,0,0,0,149000,0,0,0,641000,492000,149000,149000
052076,可成元富98購01  ,0,0,0,0,0,0,0,0,0,149000,0,0,0,151000,2000,149000,149000
058293,光寶科凱基9A購01,0,0,0,0,0,0,0,0,0,149000,0,0,0,277000,128000,149000,149000
056829,台積電富邦9A購01,0,0,0,0,0,0,0,0,0,149000,0,0,0,204000,55000,149000,149000
057455,景碩國泰99購01  ,0,0,0,0,0,0,0,0,0,149000,0,0,0,201000,52000,149000,149000
6504,南六            ,711000,344000,367000,0,0,0,0,250000,-250000,32000,80000,52000,28000,16000,12000,4000,149000
062869,帆宣中信9B購01  ,0,0,0,0,0,0,0,0,0,148000,0,0,0,231000,83000,148000,148000
057009,信邦中信99購01  ,0,0,0,0,0,0,0,0,0,148000,0,0,0,251000,103000,148000,148000
05708P,奇力新國票97售04,0,0,0,0,0,0,0,0,0,148000,0,0,0,193000,45000,148000,148000
056265,國泰金統一97購01,0,0,0,0,0,0,0,0,0,147000,0,0,0,147000,0,147000,147000
059882,臺股指凱基9C購06,0,0,0,0,0,0,0,0,0,147000,0,0,0,495000,348000,147000,147000
057570,技嘉永豐98購02  ,0,0,0,0,0,0,0,0,0,147000,0,0,0,257000,110000,147000,147000
06170P,禾伸堂元富97售02,0,0,0,0,0,0,0,0,0,146000,0,0,0,146000,0,146000,146000
060918,康友國泰9C購01  ,0,0,0,0,0,0,0,0,0,146000,0,0,0,182000,36000,146000,146000
055507,樺漢元大98購02  ,0,0,0,0,0,0,0,0,0,146000,0,0,0,146000,0,146000,146000
054674,台光電台新97購01,0,0,0,0,0,0,0,0,0,146000,0,0,0,196000,50000,146000,146000
056517,茂林兆豐99購01  ,0,0,0,0,0,0,0,0,0,146000,0,0,0,204000,58000,146000,146000
059038,健策群益9A購02  ,0,0,0,0,0,0,0,0,0,146000,0,0,0,250000,104000,146000,146000
059109,台積電富邦9C購03,0,0,0,0,0,0,0,0,0,146000,0,0,0,146000,0,146000,146000
057181,亞光元大98購02  ,0,0,0,0,0,0,0,0,0,146000,0,0,0,245000,99000,146000,146000
058135,景碩元大99購01  ,0,0,0,0,0,0,0,0,0,146000,0,0,0,216000,70000,146000,146000
060240,富邦金元大9A購01,0,0,0,0,0,0,0,0,0,146000,0,0,0,189000,43000,146000,146000
063103,技嘉群益9B購01  ,0,0,0,0,0,0,0,0,0,145000,0,0,0,150000,5000,145000,145000
063028,巨大元大9B購02  ,0,0,0,0,0,0,0,0,0,145000,0,0,0,219000,74000,145000,145000
062382,燿華國泰9C購01  ,0,0,0,0,0,0,0,0,0,145000,0,0,0,178000,33000,145000,145000
056126,台郡國票98購02  ,0,0,0,0,0,0,0,0,0,145000,0,0,0,145000,0,145000,145000
062594,祥碩統一01購02  ,0,0,0,0,0,0,0,0,0,144000,0,0,0,231000,87000,144000,144000
060953,富邦金群益9A購01,0,0,0,0,0,0,0,0,0,144000,0,0,0,154000,10000,144000,144000
061278,和大統一9A購01  ,0,0,0,0,0,0,0,0,0,144000,0,0,0,144000,0,144000,144000
061724,訊芯永豐9A購01  ,0,0,0,0,0,0,0,0,0,144000,0,0,0,212000,68000,144000,144000
055919,景碩凱基98購02  ,0,0,0,0,0,0,0,0,0,144000,0,0,0,159000,15000,144000,144000
056524,欣興中信98購02  ,0,0,0,0,0,0,0,0,0,144000,0,0,0,175000,31000,144000,144000
056472,美律元大99購03  ,0,0,0,0,0,0,0,0,0,144000,0,0,0,212000,68000,144000,144000
057789,上銀統一9A購01  ,0,0,0,0,0,0,0,0,0,144000,0,0,0,192000,48000,144000,144000
059526,鴻海凱基99購12  ,0,0,0,0,0,0,0,0,0,144000,0,0,0,144000,0,144000,144000
061540,台積電群益9A購07,0,0,0,0,0,0,0,0,0,143000,0,0,0,200000,57000,143000,143000
062309,燿華凱基9B購01  ,0,0,0,0,0,0,0,0,0,143000,0,0,0,178000,35000,143000,143000
058337,日月光元富99購01,0,0,0,0,0,0,0,0,0,143000,0,0,0,263000,120000,143000,143000
060664,聯詠凱基9A購01  ,0,0,0,0,0,0,0,0,0,143000,0,0,0,160000,17000,143000,143000
1504,東元            ,822000,885000,-63000,0,0,0,0,0,0,206000,12000,1000,11000,242000,47000,195000,143000
6177,達麗            ,179000,36649,142351,0,0,0,0,0,0,0,0,0,0,0,0,0,142351
056582,易華電元大98購01,0,0,0,0,0,0,0,0,0,142000,0,0,0,192000,50000,142000,142000
04731P,臺股指中信96售03,0,0,0,0,0,0,0,0,0,142000,0,0,0,200000,58000,142000,142000
057158,義隆永豐99購01  ,0,0,0,0,0,0,0,0,0,142000,0,0,0,380000,238000,142000,142000
059818,鴻海凱基99購14  ,0,0,0,0,0,0,0,0,0,142000,0,0,0,275000,133000,142000,142000
062433,上銀元大9B購05  ,0,0,0,0,0,0,0,0,0,141000,0,0,0,174000,33000,141000,141000
061889,祥碩富邦9B購01  ,0,0,0,0,0,0,0,0,0,141000,0,0,0,154000,13000,141000,141000
055394,健策統一97購01  ,0,0,0,0,0,0,0,0,0,141000,0,0,0,141000,0,141000,141000
057712,南亞科統一9A購01,0,0,0,0,0,0,0,0,0,141000,0,0,0,141000,0,141000,141000
062045,崇越凱基9B購01  ,0,0,0,0,0,0,0,0,0,140000,0,0,0,140000,0,140000,140000
061775,臺指反國票9B購04,0,0,0,0,0,0,0,0,0,140000,0,0,0,250000,110000,140000,140000
056119,欣興群益97購02  ,0,0,0,0,0,0,0,0,0,140000,0,0,0,669000,529000,140000,140000
048595,儒鴻國票96購01  ,0,0,0,0,0,0,0,0,0,140000,0,0,0,140000,0,140000,140000
051428,玉晶光統一96購01,0,0,0,0,0,0,0,0,0,140000,0,0,0,200000,60000,140000,140000
046061,中石化凱基98購01,0,0,0,0,0,0,0,0,0,140000,0,0,0,149000,9000,140000,140000
03658C,T50反1元大9A牛02,0,0,0,0,0,0,0,0,0,140000,0,0,0,140000,0,140000,140000
057571,泰碩永豐98購01  ,0,0,0,0,0,0,0,0,0,140000,0,0,0,140000,0,140000,140000
060417,正隆永豐9A購01  ,0,0,0,0,0,0,0,0,0,140000,0,0,0,191000,51000,140000,140000
060232,友訊元大9C購01  ,0,0,0,0,0,0,0,0,0,140000,0,0,0,150000,10000,140000,140000
4566,時碩工業        ,164000,24000,140000,0,0,0,0,0,0,0,0,0,0,0,0,0,140000
06867P,訊芯元大98售08  ,0,0,0,0,0,0,0,0,0,140000,0,0,0,248000,108000,140000,140000
060988,華新科元大9A購12,0,0,0,0,0,0,0,0,0,139000,0,0,0,234000,95000,139000,139000
062159,聯詠凱基9B購01  ,0,0,0,0,0,0,0,0,0,139000,0,0,0,139000,0,139000,139000
059252,聯詠凱基99購03  ,0,0,0,0,0,0,0,0,0,139000,0,0,0,139000,0,139000,139000
6112,聚碩            ,222100,87000,135100,0,0,0,0,0,0,3000,3000,0,3000,0,0,0,138100
062644,中環國泰9C購01  ,0,0,0,0,0,0,0,0,0,138000,0,0,0,143000,5000,138000,138000
063225,茂林群益9B購04  ,0,0,0,0,0,0,0,0,0,138000,0,0,0,203000,65000,138000,138000
054893,帆宣統一99購01  ,0,0,0,0,0,0,0,0,0,138000,0,0,0,142000,4000,138000,138000
054828,正崴國泰99購01  ,0,0,0,0,0,0,0,0,0,138000,0,0,0,138000,0,138000,138000
055388,華通統一97購03  ,0,0,0,0,0,0,0,0,0,138000,0,0,0,158000,20000,138000,138000
06467P,旺宏統一98售01  ,0,0,0,0,0,0,0,0,0,138000,0,0,0,182000,44000,138000,138000
063121,友達元大9C購09  ,0,0,0,0,0,0,0,0,0,137000,0,0,0,173000,36000,137000,137000
051055,友達群益98購01  ,0,0,0,0,0,0,0,0,0,137000,0,0,0,177000,40000,137000,137000
058819,華通國泰9B購01  ,0,0,0,0,0,0,0,0,0,137000,0,0,0,253000,116000,137000,137000
057874,可成元大99購02  ,0,0,0,0,0,0,0,0,0,137000,0,0,0,175000,38000,137000,137000
6415,矽力-KY         ,838000,693000,145000,0,0,0,0,8000,-8000,0,3000,4000,-1000,2000,1000,1000,137000
058251,百和元大99購03  ,0,0,0,0,0,0,0,0,0,136000,0,0,0,287000,151000,136000,136000
062910,亞光元大9B購01  ,0,0,0,0,0,0,0,0,0,135000,0,0,0,170000,35000,135000,135000
061085,聯茂兆豐9A購01  ,0,0,0,0,0,0,0,0,0,135000,0,0,0,280000,145000,135000,135000
053893,京鼎群益97購02  ,0,0,0,0,0,0,0,0,0,135000,0,0,0,135000,0,135000,135000
056230,可成凱基98購03  ,0,0,0,0,0,0,0,0,0,135000,0,0,0,135000,0,135000,135000
055271,鴻海元大98購03  ,0,0,0,0,0,0,0,0,0,135000,0,0,0,150000,15000,135000,135000
058110,光寶科元富98購01,0,0,0,0,0,0,0,0,0,135000,0,0,0,235000,100000,135000,135000
059559,T50反1凱基99購07,0,0,0,0,0,0,0,0,0,135000,0,0,0,135000,0,135000,135000
061186,牧德國泰9C購01  ,0,0,0,0,0,0,0,0,0,134000,0,0,0,157000,23000,134000,134000
062249,台積電元大9B購01,0,0,0,0,0,0,0,0,0,134000,0,0,0,134000,0,134000,134000
058524,超眾元大99購04  ,0,0,0,0,0,0,0,0,0,134000,0,0,0,201000,67000,134000,134000
060475,瑞祺元大9A購01  ,0,0,0,0,0,0,0,0,0,134000,0,0,0,318000,184000,134000,134000
056127,致新國票98購02  ,0,0,0,0,0,0,0,0,0,133000,0,0,0,453000,320000,133000,133000
07163P,臺股指群益99售14,0,0,0,0,0,0,0,0,0,133000,0,0,0,172000,39000,133000,133000
07807P,聯茂永豐9A售02  ,0,0,0,0,0,0,0,0,0,133000,0,0,0,143000,10000,133000,133000
061700,瑞昱國票9A購02  ,0,0,0,0,0,0,0,0,0,132000,0,0,0,132000,0,132000,132000
054311,世芯凱基96購02  ,0,0,0,0,0,0,0,0,0,132000,0,0,0,206000,74000,132000,132000
057141,嘉聯益兆豐99購01,0,0,0,0,0,0,0,0,0,132000,0,0,0,132000,0,132000,132000
058722,台郡元富99購01  ,0,0,0,0,0,0,0,0,0,132000,0,0,0,488000,356000,132000,132000
2908,特力            ,227000,95000,132000,0,0,0,0,0,0,0,0,0,0,0,0,0,132000
8996,高力            ,505000,359000,146000,0,0,0,0,0,0,-14000,0,14000,-14000,0,0,0,132000
060914,健策元大9A購03  ,0,0,0,0,0,0,0,0,0,131000,0,0,0,307000,176000,131000,131000
063245,富邦金元大9B購03,0,0,0,0,0,0,0,0,0,131000,0,0,0,162000,31000,131000,131000
058502,鴻海元大99購13  ,0,0,0,0,0,0,0,0,0,131000,0,0,0,134000,3000,131000,131000
058241,景碩元大99購05  ,0,0,0,0,0,0,0,0,0,131000,0,0,0,153000,22000,131000,131000
060480,億豐元大9A購02  ,0,0,0,0,0,0,0,0,0,131000,0,0,0,131000,0,131000,131000
060386,台勝科凱基9B購01,0,0,0,0,0,0,0,0,0,131000,0,0,0,141000,10000,131000,131000
07957P,晶技群益9B售02  ,0,0,0,0,0,0,0,0,0,131000,0,0,0,166000,35000,131000,131000
051561,玉晶光國泰97購04,0,0,0,0,0,0,0,0,0,130000,0,0,0,155000,25000,130000,130000
057892,上証2X元富02購01,0,0,0,0,0,0,0,0,0,130000,0,0,0,130000,0,130000,130000
058149,百和元大99購02  ,0,0,0,0,0,0,0,0,0,130000,0,0,0,415000,285000,130000,130000
057071,華擎永豐98購02  ,0,0,0,0,0,0,0,0,0,130000,0,0,0,187000,57000,130000,130000
057629,泰碩永豐98購02  ,0,0,0,0,0,0,0,0,0,130000,0,0,0,136000,6000,130000,130000
059996,美律元富99購01  ,0,0,0,0,0,0,0,0,0,130000,0,0,0,159000,29000,130000,130000
060142,臺指反國票9B購01,0,0,0,0,0,0,0,0,0,130000,0,0,0,130000,0,130000,130000
07171P,臺股指國票99售08,0,0,0,0,0,0,0,0,0,130000,0,0,0,130000,0,130000,130000
2472,立隆電          ,336000,200000,136000,0,0,0,0,0,0,-6000,0,6000,-6000,0,0,0,130000
063091,聯電中信9B購01  ,0,0,0,0,0,0,0,0,0,128000,0,0,0,213000,85000,128000,128000
063038,富邦金凱基9B購02,0,0,0,0,0,0,0,0,0,128000,0,0,0,140000,12000,128000,128000
061295,台積電國泰9B購02,0,0,0,0,0,0,0,0,0,128000,0,0,0,146000,18000,128000,128000
051486,玉晶光凱基97購03,0,0,0,0,0,0,0,0,0,128000,0,0,0,190000,62000,128000,128000
058727,嘉晶富邦9A購01  ,0,0,0,0,0,0,0,0,0,128000,0,0,0,164000,36000,128000,128000
058221,上銀統一99購04  ,0,0,0,0,0,0,0,0,0,128000,0,0,0,447000,319000,128000,128000
057977,台光電永豐98購02,0,0,0,0,0,0,0,0,0,128000,0,0,0,128000,0,128000,128000
060412,儒鴻永豐9A購01  ,0,0,0,0,0,0,0,0,0,128000,0,0,0,430000,302000,128000,128000
061975,華通元大9B購01  ,0,0,0,0,0,0,0,0,0,127000,0,0,0,199000,72000,127000,127000
063007,儒鴻元大9B購01  ,0,0,0,0,0,0,0,0,0,127000,0,0,0,217000,90000,127000,127000
062819,奇鋐兆豐9B購01  ,0,0,0,0,0,0,0,0,0,127000,0,0,0,127000,0,127000,127000
062537,聯電國泰9C購01  ,0,0,0,0,0,0,0,0,0,127000,0,0,0,127000,0,127000,127000
056234,GIS麥證97購01   ,0,0,0,127000,0,127000,0,0,0,127000,0,0,0,127000,0,127000,127000
062368,聯詠元大9B購01  ,0,0,0,0,0,0,0,0,0,126000,0,0,0,159000,33000,126000,126000
062943,世芯凱基9B購03  ,0,0,0,0,0,0,0,0,0,126000,0,0,0,131000,5000,126000,126000
061933,光寶科國票9B購01,0,0,0,0,0,0,0,0,0,126000,0,0,0,193000,67000,126000,126000
054363,世芯凱基97購01  ,0,0,0,0,0,0,0,0,0,126000,0,0,0,151000,25000,126000,126000
056676,國產元富98購01  ,0,0,0,0,0,0,0,0,0,126000,0,0,0,602000,476000,126000,126000
058049,帆宣元大98購01  ,0,0,0,0,0,0,0,0,0,126000,0,0,0,329000,203000,126000,126000
058438,大立光統一9B購01,0,0,0,0,0,0,0,0,0,126000,0,0,0,233000,107000,126000,126000
3006,晶豪科          ,944000,765000,179000,0,0,0,0,0,0,-53000,13000,12000,1000,27000,81000,-54000,126000
6209,今國光          ,169000,43000,126000,0,0,0,0,0,0,0,0,0,0,0,0,0,126000
8464,億豐            ,217782,86000,131782,0,0,0,8000,0,8000,-14000,0,0,0,2000,16000,-14000,125782
061136,可成統一9A購01  ,0,0,0,0,0,0,0,0,0,125000,0,0,0,187000,62000,125000,125000
060878,奇力新中信9C購01,0,0,0,0,0,0,0,0,0,125000,0,0,0,131000,6000,125000,125000
054554,大立光凱基98購02,0,0,0,0,0,0,0,0,0,125000,0,0,0,125000,0,125000,125000
058011,台虹國票99購01  ,0,0,0,0,0,0,0,0,0,125000,0,0,0,237000,112000,125000,125000
058153,景碩統一9B購01  ,0,0,0,0,0,0,0,0,0,125000,0,0,0,184000,59000,125000,125000
063165,泰碩永豐9B購02  ,0,0,0,0,0,0,0,0,0,124000,0,0,0,124000,0,124000,124000
062620,台表科元大9B購04,0,0,0,0,0,0,0,0,0,124000,0,0,0,160000,36000,124000,124000
056988,聚陽兆豐98購01  ,0,0,0,0,0,0,0,0,0,124000,0,0,0,169000,45000,124000,124000
062609,帆宣凱基9B購01  ,0,0,0,0,0,0,0,0,0,123000,0,0,0,148000,25000,123000,123000
060964,日月光凱基9A購01,0,0,0,0,0,0,0,0,0,123000,0,0,0,163000,40000,123000,123000
055814,晶豪科國票97購02,0,0,0,0,0,0,0,0,0,123000,0,0,0,184000,61000,123000,123000
055203,建準中信97購01  ,0,0,0,0,0,0,0,0,0,123000,0,0,0,209000,86000,123000,123000
059831,聯詠康和99購01  ,0,0,0,0,0,0,0,0,0,123000,0,0,0,128000,5000,123000,123000
058113,百和元富98購01  ,0,0,0,0,0,0,0,0,0,123000,0,0,0,523000,400000,123000,123000
061715,牧德凱基9B購03  ,0,0,0,0,0,0,0,0,0,122000,0,0,0,190000,68000,122000,122000
055774,台光電凱基97購02,0,0,0,0,0,0,0,0,0,122000,0,0,0,122000,0,122000,122000
060469,台勝科元大9A購02,0,0,0,0,0,0,0,0,0,122000,0,0,0,232000,110000,122000,122000
059742,富邦金元富99購01,0,0,0,0,0,0,0,0,0,122000,0,0,0,132000,10000,122000,122000
055151,台積電元大98購05,0,0,0,0,0,0,0,0,0,121000,0,0,0,121000,0,121000,121000
058771,神達兆豐99購01  ,0,0,0,0,0,0,0,0,0,121000,0,0,0,371000,250000,121000,121000
06914P,南茂元大98售03  ,0,0,0,0,0,0,0,0,0,121000,0,0,0,122000,1000,121000,121000
08061P,大毅國票9B售04  ,0,0,0,0,0,0,0,0,0,121000,0,0,0,141000,20000,121000,121000
07793P,同欣電元大9A售02,0,0,0,0,0,0,0,0,0,121000,0,0,0,221000,100000,121000,121000
2206,三陽工業        ,177000,56000,121000,0,0,0,0,0,0,0,0,0,0,0,0,0,121000
061272,超眾凱基9A購03  ,0,0,0,0,0,0,0,0,0,120000,0,0,0,120000,0,120000,120000
055196,致新元富97購01  ,0,0,0,0,0,0,0,0,0,120000,0,0,0,423000,303000,120000,120000
055585,國巨元大98購08  ,0,0,0,0,0,0,0,0,0,120000,0,0,0,120000,0,120000,120000
052061,樺漢國票96購01  ,0,0,0,0,0,0,0,0,0,120000,0,0,0,120000,0,120000,120000
00672L,元大S&P原油正2  ,0,0,0,0,0,0,0,0,0,120000,0,0,0,170000,50000,120000,120000
057823,神達元大98購01  ,0,0,0,0,0,0,0,0,0,120000,0,0,0,120000,0,120000,120000
07334P,臺股指國票99售19,0,0,0,0,0,0,0,0,0,120000,0,0,0,130000,10000,120000,120000
060984,南亞科元大9A購07,0,0,0,0,0,0,0,0,0,119000,0,0,0,129000,10000,119000,119000
062897,上銀元大9B購06  ,0,0,0,0,0,0,0,0,0,119000,0,0,0,226000,107000,119000,119000
06286P,世芯國票97售02  ,0,0,0,0,0,0,0,0,0,119000,0,0,0,120000,1000,119000,119000
062990,台積電群益9B購06,0,0,0,0,0,0,0,0,0,118000,0,0,0,170000,52000,118000,118000
062485,華通國泰01購01  ,0,0,0,0,0,0,0,0,0,118000,0,0,0,227000,109000,118000,118000
062235,億光凱基9B購01  ,0,0,0,0,0,0,0,0,0,118000,0,0,0,118000,0,118000,118000
050786,健策國泰96購01  ,0,0,0,0,0,0,0,0,0,118000,0,0,0,118000,0,118000,118000
053973,晶豪科元大96購01,0,0,0,0,0,0,0,0,0,118000,0,0,0,118000,0,118000,118000
07875P,祥碩群益9B售01  ,0,0,0,0,0,0,0,0,0,118000,0,0,0,211000,93000,118000,118000
1609,大亞            ,282400,165000,117400,0,0,0,0,0,0,0,0,0,0,0,0,0,117400
054466,欣興凱基97購03  ,0,0,0,0,0,0,0,0,0,117000,0,0,0,182000,65000,117000,117000
058683,可成凱基9A購01  ,0,0,0,0,0,0,0,0,0,117000,0,0,0,118000,1000,117000,117000
062768,南電凱基9B購04  ,0,0,0,0,0,0,0,0,0,116000,0,0,0,116000,0,116000,116000
061666,友達中信01購01  ,0,31000,-31000,0,0,0,0,0,0,147000,0,0,0,195000,48000,147000,116000
061547,禾伸堂群益9A購01,0,0,0,0,0,0,0,0,0,116000,0,0,0,158000,42000,116000,116000
062025,台達電群益9B購01,0,0,0,0,0,0,0,0,0,116000,0,0,0,211000,95000,116000,116000
053172,瑞儀群益97購01  ,0,0,0,0,0,0,0,0,0,116000,0,0,0,116000,0,116000,116000
057174,南亞科元大98購05,0,0,0,0,0,0,0,0,0,116000,0,0,0,118000,2000,116000,116000
057257,台泥兆豐99購01  ,0,0,0,0,0,0,0,0,0,116000,0,0,0,226000,110000,116000,116000
060426,盛群永豐9A購01  ,0,0,0,0,0,0,0,0,0,116000,0,0,0,116000,0,116000,116000
060744,鴻海國票9A購04  ,0,0,0,0,0,0,0,0,0,115000,0,0,0,196000,81000,115000,115000
055698,茂林國票98購03  ,0,0,0,0,0,0,0,0,0,115000,0,0,0,165000,50000,115000,115000
00739,元大MSCI A股    ,0,0,0,0,0,0,0,0,0,115000,0,0,0,511000,396000,115000,115000
057283,欣興元大98購07  ,0,0,0,0,0,0,0,0,0,115000,0,0,0,185000,70000,115000,115000
057848,台表科永豐98購02,0,0,0,0,0,0,0,0,0,115000,0,0,0,125000,10000,115000,115000
060840,可成國票9B購01  ,0,0,0,0,0,0,0,0,0,114000,0,0,0,140000,26000,114000,114000
060948,可成第一9A購01  ,0,0,0,0,0,0,0,0,0,114000,0,0,0,120000,6000,114000,114000
061381,台灣50群益9B購07,0,0,0,0,0,0,0,0,0,114000,0,0,0,114000,0,114000,114000
062383,大立光國泰01購01,0,0,0,0,0,0,0,0,0,114000,0,0,0,134000,20000,114000,114000
062988,儒鴻群益9B購01  ,0,0,0,0,0,0,0,0,0,114000,0,0,0,224000,110000,114000,114000
063096,勤誠國票9B購02  ,0,0,0,0,0,0,0,0,0,114000,0,0,0,115000,1000,114000,114000
062828,聯詠群益9B購02  ,0,0,0,0,0,0,0,0,0,114000,0,0,0,175000,61000,114000,114000
063161,祥碩富邦9B購02  ,0,0,0,0,0,0,0,0,0,114000,0,0,0,150000,36000,114000,114000
054773,台郡國票98購01  ,0,0,0,0,0,0,0,0,0,114000,0,0,0,114000,0,114000,114000
058957,貿聯國票9A購01  ,0,0,0,0,0,0,0,0,0,114000,0,0,0,148000,34000,114000,114000
060302,台積電富邦02購01,0,0,0,0,0,0,0,0,0,114000,0,0,0,117000,3000,114000,114000
058370,聯詠凱基99購01  ,0,0,0,0,0,0,0,0,0,114000,0,0,0,122000,8000,114000,114000
07102P,南電元大99售03  ,0,0,0,0,0,0,0,0,0,114000,0,0,0,127000,13000,114000,114000
060961,台光電凱基9A購03,0,0,0,0,0,0,0,0,0,113000,0,0,0,178000,65000,113000,113000
056571,燿華元大98購02  ,0,0,0,0,0,0,0,0,0,113000,0,0,0,181000,68000,113000,113000
058732,矽格永豐99購01  ,0,0,0,0,0,0,0,0,0,113000,0,0,0,117000,4000,113000,113000
061064,可成凱基9B購02  ,0,0,0,0,0,0,0,0,0,112000,0,0,0,113000,1000,112000,112000
056477,欣興元大98購02  ,0,0,0,0,0,0,0,0,0,112000,0,0,0,113000,1000,112000,112000
057578,可成中信99購01  ,0,0,0,0,0,0,0,0,0,112000,0,0,0,147000,35000,112000,112000
060324,台積電群益9B購02,0,0,0,0,0,0,0,0,0,112000,0,0,0,112000,0,112000,112000
07675P,全新永豐9A售02  ,0,0,0,0,0,0,0,0,0,112000,0,0,0,112000,0,112000,112000
9911,櫻花            ,128000,15000,113000,0,0,0,0,0,0,-1000,0,1000,-1000,0,0,0,112000
9944,新麗            ,392000,281000,111000,0,0,0,0,0,0,1000,1000,0,1000,0,0,0,112000
3047,訊舟            ,148000,36000,112000,0,0,0,0,0,0,0,0,0,0,0,0,0,112000
2493,揚博            ,151000,145000,6000,0,0,0,0,0,0,106000,32000,0,32000,74000,0,74000,112000
061152,微星群益9A購01  ,0,0,0,0,0,0,0,0,0,111000,0,0,0,139000,28000,111000,111000
06154P,超眾元大98售01  ,0,0,0,0,0,0,0,0,0,111000,0,0,0,111000,0,111000,111000
062253,燿華元大9B購02  ,0,0,0,0,0,0,0,0,0,111000,0,0,0,148000,37000,111000,111000
060231,台積電元大9A購08,0,0,0,0,0,0,0,0,0,111000,0,0,0,111000,0,111000,111000
058108,台郡台新99購01  ,0,0,0,0,0,0,0,0,0,111000,0,0,0,112000,1000,111000,111000
057618,台光電凱基99購01,0,0,0,0,0,0,0,0,0,111000,0,0,0,123000,12000,111000,111000
060218,台積電凱基9A購15,0,0,0,0,0,0,0,0,0,111000,0,0,0,112000,1000,111000,111000
056958,喬山永豐98購01  ,0,0,0,0,0,0,0,0,0,111000,0,0,0,217000,106000,111000,111000
059931,緯穎富邦9A購01  ,0,0,0,0,0,0,0,0,0,111000,0,0,0,346000,235000,111000,111000
062903,燿華元大9B購04  ,0,0,0,0,0,0,0,0,0,110000,0,0,0,170000,60000,110000,110000
061897,泰碩永豐9B購01  ,0,0,0,0,0,0,0,0,0,110000,0,0,0,110000,0,110000,110000
060813,高鐵凱基9A購01  ,0,0,0,0,0,0,0,0,0,110000,0,0,0,285000,175000,110000,110000
060818,上銀統一9C購01  ,0,0,0,0,0,0,0,0,0,110000,0,0,0,143000,33000,110000,110000
060881,玉山金中信02購01,0,0,0,0,0,0,0,0,0,110000,0,0,0,120000,10000,110000,110000
047773,超眾元大96購01  ,0,0,0,0,0,0,0,0,0,110000,0,0,0,110000,0,110000,110000
055690,矽力凱基97購02  ,0,0,0,0,0,0,0,0,0,110000,0,0,0,110000,0,110000,110000
053630,奇鋐兆豐97購01  ,0,0,0,0,0,0,0,0,0,110000,0,0,0,110000,0,110000,110000
058517,景碩元大99購06  ,0,0,0,0,0,0,0,0,0,110000,0,0,0,140000,30000,110000,110000
058556,百和永豐99購01  ,0,0,0,0,0,0,0,0,0,110000,0,0,0,229000,119000,110000,110000
3645,達邁            ,134800,28000,106800,0,0,0,0,0,0,3000,3000,0,3000,0,0,0,109800
1434,福懋            ,883888,781500,102388,0,0,0,0,0,0,7000,1000,0,1000,6000,0,6000,109388
4968,立積            ,526300,497000,29300,0,0,0,0,0,0,80000,16000,0,16000,70000,6000,64000,109300
061004,友達兆豐9A購01  ,0,0,0,0,0,0,0,0,0,109000,0,0,0,150000,41000,109000,109000
061749,群創統一9C購02  ,0,0,0,0,0,0,0,0,0,109000,0,0,0,176000,67000,109000,109000
062662,友達群益9B購02  ,0,0,0,0,0,0,0,0,0,109000,0,0,0,130000,21000,109000,109000
056615,燿華永豐98購02  ,0,0,0,0,0,0,0,0,0,109000,0,0,0,109000,0,109000,109000
059006,樺漢元大99購01  ,0,0,0,0,0,0,0,0,0,109000,0,0,0,111000,2000,109000,109000
054928,帆宣凱基98購01  ,0,0,0,0,0,0,0,0,0,109000,0,0,0,119000,10000,109000,109000
060701,玉晶光國泰9C購01,0,0,0,0,0,0,0,0,0,109000,0,0,0,167000,58000,109000,109000
3062,建漢            ,258000,149000,109000,0,0,0,0,0,0,0,0,0,0,0,0,0,109000
08063P,立積國票9B售03  ,0,0,0,0,0,0,0,0,0,109000,0,0,0,119000,10000,109000,109000
05644P,大立光中信9A售03,0,0,0,0,0,0,0,0,0,108000,0,0,0,212000,104000,108000,108000
054538,台光電國票98購01,0,0,0,0,0,0,0,0,0,108000,0,0,0,108000,0,108000,108000
052463,聯電統一96購01  ,0,0,0,0,0,0,0,0,0,108000,0,0,0,108000,0,108000,108000
053097,超眾統一96購03  ,0,0,0,0,0,0,0,0,0,108000,0,0,0,108000,0,108000,108000
052908,大成鋼統一96購01,0,0,0,0,0,0,0,0,0,108000,0,0,0,108000,0,108000,108000
060406,瑞祺國泰9B購01  ,0,0,0,0,0,0,0,0,0,108000,0,0,0,109000,1000,108000,108000
060560,欣興國泰9C購01  ,0,0,0,0,0,0,0,0,0,108000,0,0,0,203000,95000,108000,108000
058901,美律元大99購07  ,0,0,0,0,0,0,0,0,0,108000,0,0,0,111000,3000,108000,108000
060019,彰銀康和99購01  ,0,0,0,0,0,0,0,0,0,108000,0,0,0,176000,68000,108000,108000
06686P,麗豐永豐98售02  ,0,0,0,0,0,0,0,0,0,108000,0,0,0,144000,36000,108000,108000
6192,巨路            ,64000,7000,57000,0,0,0,0,0,0,51000,51000,0,51000,0,0,0,108000
062482,台表科國票9B購01,0,0,0,0,0,0,0,0,0,107000,0,0,0,112000,5000,107000,107000
061831,智邦凱基9B購02  ,0,0,0,0,0,0,0,0,0,107000,0,0,0,120000,13000,107000,107000
062070,金寶元大9B購01  ,0,0,0,0,0,0,0,0,0,107000,0,0,0,199000,92000,107000,107000
060993,健策元大9B購03  ,0,0,0,0,0,0,0,0,0,107000,0,0,0,232000,125000,107000,107000
060983,南亞科元大9A購06,0,0,0,0,0,0,0,0,0,107000,0,0,0,182000,75000,107000,107000
054210,台光電國票97購03,0,0,0,0,0,0,0,0,0,107000,0,0,0,107000,0,107000,107000
056786,亞光群益98購03  ,0,0,0,0,0,0,0,0,0,107000,0,0,0,107000,0,107000,107000
056088,台郡統一97購02  ,0,0,0,0,0,0,0,0,0,107000,0,0,0,108000,1000,107000,107000
060066,欣興兆豐9B購01  ,0,0,0,0,0,0,0,0,0,107000,0,0,0,108000,1000,107000,107000
056906,玉晶光元大9B購01,0,0,0,0,0,0,0,0,0,107000,0,0,0,110000,3000,107000,107000
058208,百和凱基99購01  ,0,0,0,0,0,0,0,0,0,107000,0,0,0,178000,71000,107000,107000
057961,茂林元大9A購01  ,0,0,0,0,0,0,0,0,0,107000,0,0,0,196000,89000,107000,107000
08060P,嘉澤元大9B售01  ,0,0,0,0,0,0,0,0,0,107000,0,0,0,146000,39000,107000,107000
1457,宜進            ,108000,3000,105000,0,0,0,0,0,0,2000,2000,0,2000,0,0,0,107000
062776,鴻海元大9B購03  ,0,0,0,0,0,0,0,0,0,106000,0,0,0,174000,68000,106000,106000
062456,台積電群益9B購05,0,0,0,0,0,0,0,0,0,106000,0,0,0,106000,0,106000,106000
063201,廣達統一01購01  ,0,0,0,0,0,0,0,0,0,106000,0,0,0,108000,2000,106000,106000
054758,南亞國票9A購01  ,0,0,0,0,0,0,0,0,0,106000,0,0,0,119000,13000,106000,106000
055291,京鼎元大97購02  ,0,0,0,0,0,0,0,0,0,106000,0,0,0,138000,32000,106000,106000
057775,南亞科群益98購02,0,0,0,0,0,0,0,0,0,106000,0,0,0,112000,6000,106000,106000
060678,聯詠元大9A購03  ,0,0,0,0,0,0,0,0,0,106000,0,0,0,117000,11000,106000,106000
1809,中釉            ,112000,6000,106000,0,0,0,0,0,0,0,0,0,0,0,0,0,106000
061151,友訊群益9A購01  ,0,0,0,0,0,0,0,0,0,105000,0,0,0,155000,50000,105000,105000
061606,景碩凱基9A購02  ,0,0,0,0,0,0,0,0,0,105000,0,0,0,120000,15000,105000,105000
059047,元油2X凱基9A購10,0,0,0,0,0,0,0,0,0,105000,0,0,0,110000,5000,105000,105000
047196,上銀統一97購01  ,0,0,0,0,0,0,0,0,0,105000,0,0,0,221000,116000,105000,105000
060665,康控凱基9A購01  ,0,0,0,0,0,0,0,0,0,105000,0,0,0,120000,15000,105000,105000
058036,南電永豐98購01  ,0,0,0,0,0,0,0,0,0,105000,0,0,0,105000,0,105000,105000
3437,榮創            ,358000,253000,105000,0,0,0,0,0,0,0,0,0,0,0,0,0,105000
061607,台表科凱基9B購02,0,0,0,0,0,0,0,0,0,104000,0,0,0,437000,333000,104000,104000
062762,聯詠凱基9B購02  ,0,0,0,0,0,0,0,0,0,104000,0,0,0,104000,0,104000,104000
062622,南電元大9B購03  ,0,0,0,0,0,0,0,0,0,104000,0,0,0,104000,0,104000,104000
055934,景碩群益98購03  ,0,0,0,0,0,0,0,0,0,104000,0,0,0,192000,88000,104000,104000
056711,亞光永豐98購01  ,0,0,0,0,0,0,0,0,0,104000,0,0,0,104000,0,104000,104000
054695,世芯永豐98購01  ,0,0,0,0,0,0,0,0,0,104000,0,0,0,136000,32000,104000,104000
057670,欣興元大99購02  ,0,0,0,0,0,0,0,0,0,104000,0,0,0,109000,5000,104000,104000
058748,景碩凱基9A購01  ,0,0,0,0,0,0,0,0,0,104000,0,0,0,220000,116000,104000,104000
07612P,國巨國泰9B售06  ,0,0,0,0,0,0,0,0,0,104000,0,0,0,114000,10000,104000,104000
062294,盛群永豐9B購01  ,0,0,0,0,0,0,0,0,0,103000,0,0,0,103000,0,103000,103000
058093,神達元大9A購01  ,0,0,0,0,0,0,0,0,0,103000,0,0,0,185000,82000,103000,103000
060513,緯穎元大9B購01  ,0,0,0,0,0,0,0,0,0,103000,0,0,0,131000,28000,103000,103000
060478,南電元大9A購01  ,0,0,0,0,0,0,0,0,0,103000,0,0,0,103000,0,103000,103000
060287,燿華元大9A購01  ,0,0,0,0,0,0,0,0,0,103000,0,0,0,110000,7000,103000,103000
6715,嘉基            ,139000,36000,103000,0,0,0,0,0,0,0,0,0,0,0,0,0,103000
062697,國巨元大9C購01  ,0,0,0,0,0,0,0,0,0,102000,0,0,0,102000,0,102000,102000
062693,中石化元大02購01,0,0,0,0,0,0,0,0,0,102000,0,0,0,200000,98000,102000,102000
063093,國產國票9B購01  ,0,0,0,0,0,0,0,0,0,102000,0,0,0,155000,53000,102000,102000
062109,聯詠國票9C購01  ,0,0,0,0,0,0,0,0,0,102000,0,0,0,102000,0,102000,102000
061207,美律元大9A購04  ,0,0,0,0,0,0,0,0,0,102000,0,0,0,102000,0,102000,102000
056603,嘉聯益國泰9A購01,0,0,0,0,0,0,0,0,0,102000,0,0,0,102000,0,102000,102000
056150,台光電凱基98購02,0,0,0,0,0,0,0,0,0,102000,0,0,0,112000,10000,102000,102000
057170,瑞昱元大98購01  ,0,0,0,0,0,0,0,0,0,102000,0,0,0,115000,13000,102000,102000
058759,義隆群益99購01  ,0,0,0,0,0,0,0,0,0,102000,0,0,0,246000,144000,102000,102000
058268,泰碩永豐9A購01  ,0,0,0,0,0,0,0,0,0,102000,0,0,0,102000,0,102000,102000
059950,百和永豐99購02  ,0,0,0,0,0,0,0,0,0,102000,0,0,0,475000,373000,102000,102000
06879P,長榮航凱基98售02,0,0,0,0,0,0,0,0,0,102000,0,0,0,136000,34000,102000,102000
06140P,華新科群益97售06,0,0,0,0,0,0,0,0,0,101000,0,0,0,101000,0,101000,101000
062409,巨大永豐9B購02  ,0,0,0,0,0,0,0,0,0,101000,0,0,0,273000,172000,101000,101000
054873,帆宣群益99購01  ,0,0,0,0,0,0,0,0,0,101000,0,0,0,132000,31000,101000,101000
055675,亞德客凱基97購02,40000,0,40000,0,0,0,0,0,0,61000,0,0,0,143000,82000,61000,101000
059925,可成國泰9B購01  ,0,0,0,0,0,0,0,0,0,101000,0,0,0,134000,33000,101000,101000
057318,台光電凱基9A購01,0,0,0,0,0,0,0,0,0,101000,0,0,0,122000,21000,101000,101000
06018P,康控凱基96售03  ,0,0,0,0,0,0,0,0,0,101000,0,0,0,101000,0,101000,101000
057912,美律日盛99購01  ,0,0,0,0,0,0,0,0,0,101000,0,0,0,234000,133000,101000,101000
06706P,智原台新98售02  ,0,0,0,0,0,0,0,0,0,101000,0,0,0,103000,2000,101000,101000
07648P,祥碩國票9B售01  ,0,0,0,0,0,0,0,0,0,101000,0,0,0,380000,279000,101000,101000
1304,台聚            ,490980,390000,100980,0,0,0,0,0,0,0,0,0,0,0,0,0,100980
062495,友達中信01購02  ,0,0,0,0,0,0,0,0,0,100000,0,0,0,100000,0,100000,100000
062871,大成鋼兆豐9B購01,0,0,0,0,0,0,0,0,0,100000,0,0,0,100000,0,100000,100000
063174,臺股指中信01購04,0,0,0,0,0,0,0,0,0,100000,0,0,0,100000,0,100000,100000
063195,訊連元富9B購01  ,0,0,0,0,0,0,0,0,0,100000,0,0,0,185000,85000,100000,100000
06337P,祥碩元大97售05  ,0,0,0,0,0,0,0,0,0,100000,0,0,0,100000,0,100000,100000
061318,智邦凱基9B購01  ,0,0,0,0,0,0,0,0,0,100000,0,0,0,226000,126000,100000,100000
060871,台灣50中信01購03,0,0,0,0,0,0,0,0,0,100000,0,0,0,100000,0,100000,100000
060833,道瓊反國票9A購01,0,0,0,0,0,0,0,0,0,100000,0,0,0,100000,0,100000,100000
062024,臺股指中信9C購05,0,0,0,0,0,0,0,0,0,100000,0,0,0,100000,0,100000,100000
061963,台積電統一01購04,0,0,0,0,0,0,0,0,0,100000,0,0,0,102000,2000,100000,100000
061729,祥碩麥證9A購02  ,0,0,0,100000,0,100000,0,0,0,100000,0,0,0,100000,0,100000,100000
053489,上銀兆豐97購01  ,0,0,0,0,0,0,0,0,0,100000,0,0,0,119000,19000,100000,100000
052895,台積電群益96購04,0,0,0,0,0,0,0,0,0,100000,0,0,0,700000,600000,100000,100000
052997,國巨康和96購01  ,0,0,0,0,0,0,0,0,0,100000,0,0,0,100000,0,100000,100000
050846,緯創國票96購01  ,0,0,0,0,0,0,0,0,0,100000,0,0,0,100000,0,100000,100000
054135,大立光元大97購04,0,0,0,0,0,0,0,0,0,100000,0,0,0,100000,0,100000,100000
056004,南電永豐97購02  ,0,0,0,0,0,0,0,0,0,100000,0,0,0,100000,0,100000,100000
05917P,宏達電元大96售02,0,0,0,0,0,0,0,0,0,100000,0,0,0,100000,0,100000,100000
055063,玉晶光永豐99購01,0,0,0,0,0,0,0,0,0,100000,0,0,0,100000,0,100000,100000
055450,台積電元富97購01,0,0,0,0,0,0,0,0,0,100000,0,0,0,100000,0,100000,100000
060704,台積電富邦01購01,0,0,0,0,0,0,0,0,0,100000,0,0,0,100000,0,100000,100000
060708,康友富邦9B購01  ,0,0,0,0,0,0,0,0,0,100000,0,0,0,100000,0,100000,100000
057198,智伸科統一9B購01,0,0,0,0,0,0,0,0,0,100000,0,0,0,110000,10000,100000,100000
057106,美律群益98購03  ,0,0,0,0,0,0,0,0,0,100000,0,0,0,198000,98000,100000,100000
059688,燿華永豐99購01  ,0,0,0,0,0,0,0,0,0,100000,0,0,0,130000,30000,100000,100000
057375,欣興元大98購09  ,0,0,0,0,0,0,0,0,0,100000,0,0,0,110000,10000,100000,100000
057402,嘉晶群益98購02  ,0,0,0,0,0,0,0,0,0,100000,0,0,0,100000,0,100000,100000
057012,康控中信98購01  ,0,0,0,0,0,0,0,0,0,100000,0,0,0,100000,0,100000,100000
059972,S&P正2元大99購03,0,0,0,0,0,0,0,0,0,100000,0,0,0,100000,0,100000,100000
07884P,華新科凱基9B售08,0,0,0,0,0,0,0,0,0,100000,0,0,0,160000,60000,100000,100000
06696P,台灣50國票99售01,0,0,0,0,0,0,0,0,0,100000,0,0,0,100000,0,100000,100000
06813P,友訊元富98售03  ,0,0,0,0,0,0,0,0,0,100000,0,0,0,100000,0,100000,100000
9939,宏全            ,209000,97000,112000,0,0,0,0,0,0,-12000,0,10000,-10000,0,2000,-2000,100000
061327,台郡凱基9A購02  ,0,0,0,0,0,0,0,0,0,99000,0,0,0,169000,70000,99000,99000
063040,聯詠凱基9B購03  ,0,0,0,0,0,0,0,0,0,99000,0,0,0,108000,9000,99000,99000
056418,台光電元富98購01,0,0,0,0,0,0,0,0,0,99000,0,0,0,199000,100000,99000,99000
059096,百和元大99購04  ,0,0,0,0,0,0,0,0,0,99000,0,0,0,130000,31000,99000,99000
050669,嘉晶永豐96購01  ,0,0,0,0,0,0,0,0,0,99000,0,0,0,99000,0,99000,99000
054349,同欣電國票97購02,0,0,0,0,0,0,0,0,0,99000,0,0,0,129000,30000,99000,99000
056943,華通統一99購01  ,0,0,0,0,0,0,0,0,0,99000,0,0,0,169000,70000,99000,99000
057791,可成統一99購01  ,0,0,0,0,0,0,0,0,0,99000,0,0,0,100000,1000,99000,99000
058522,聯茂元大99購07  ,0,0,0,0,0,0,0,0,0,99000,0,0,0,110000,11000,99000,99000
060576,欣興中信9B購01  ,0,0,0,0,0,0,0,0,0,99000,0,0,0,107000,8000,99000,99000
060396,友達國票9A購01  ,0,0,0,0,0,0,0,0,0,99000,0,0,0,99000,0,99000,99000
060366,健策元富9A購01  ,0,0,0,0,0,0,0,0,0,99000,0,0,0,162000,63000,99000,99000
1608,華榮            ,186000,87000,99000,0,0,0,0,0,0,0,0,0,0,0,0,0,99000
062466,FBVIX凱基9B購01 ,0,0,0,0,0,0,0,0,0,98000,0,0,0,100000,2000,98000,98000
060996,臻鼎元大9A購01  ,0,0,0,0,0,0,0,0,0,98000,0,0,0,98000,0,98000,98000
059242,南亞科凱基99購06,0,0,0,0,0,0,0,0,0,98000,0,0,0,131000,33000,98000,98000
056213,建準國票98購02  ,0,0,0,0,0,0,0,0,0,98000,0,0,0,137000,39000,98000,98000
060535,群創麥證9A購01  ,0,0,0,98000,0,98000,0,0,0,98000,0,0,0,98000,0,98000,98000
060705,台光電富邦9B購01,0,0,0,0,0,0,0,0,0,98000,0,0,0,108000,10000,98000,98000
057827,康友元大98購03  ,0,0,0,0,0,0,0,0,0,98000,0,0,0,98000,0,98000,98000
057107,華新科群益98購06,0,0,0,0,0,0,0,0,0,98000,0,0,0,98000,0,98000,98000
057242,台郡凱基98購05  ,0,0,0,0,0,0,0,0,0,98000,0,0,0,98000,0,98000,98000
058704,台積電元大99購17,0,0,0,0,0,0,0,0,0,98000,0,0,0,100000,2000,98000,98000
061669,崇越中信9A購01  ,0,0,0,0,0,0,0,0,0,97000,0,0,0,145000,48000,97000,97000
062856,世芯永豐9B購02  ,0,0,0,0,0,0,0,0,0,97000,0,0,0,122000,25000,97000,97000
063339,智邦統一01購01  ,0,0,0,0,0,0,0,0,0,97000,0,0,0,140000,43000,97000,97000
055962,晶豪科元大97購02,0,0,0,0,0,0,0,0,0,97000,0,0,0,97000,0,97000,97000
056058,建準元大97購02  ,0,0,0,0,0,0,0,0,0,97000,0,0,0,273000,176000,97000,97000
056065,奇鋐元大97購01  ,0,0,0,0,0,0,0,0,0,97000,0,0,0,147000,50000,97000,97000
058701,鴻海元大99購16  ,0,0,0,0,0,0,0,0,0,97000,0,0,0,102000,5000,97000,97000
058334,鴻海元富99購05  ,0,0,0,0,0,0,0,0,0,97000,0,0,0,115000,18000,97000,97000
057385,光罩永豐99購01  ,0,0,0,0,0,0,0,0,0,97000,0,0,0,97000,0,97000,97000
4722,國精化          ,99000,2000,97000,0,0,0,0,0,0,0,0,0,0,0,0,0,97000
2484,希華            ,273000,177000,96000,0,0,0,0,0,0,1000,1000,0,1000,0,0,0,97000
061869,智邦元大9B購01  ,0,0,0,0,0,0,0,0,0,96000,0,0,0,189000,93000,96000,96000
060944,國泰金國票9A購01,0,0,0,0,0,0,0,0,0,96000,0,0,0,134000,38000,96000,96000
061247,玉晶光群益9A購09,0,0,0,0,0,0,0,0,0,96000,0,0,0,101000,5000,96000,96000
056243,創意群益97購03  ,0,0,0,0,0,0,0,0,0,96000,0,0,0,98000,2000,96000,96000
056175,可成元富97購03  ,0,0,0,0,0,0,0,0,0,96000,0,0,0,96000,0,96000,96000
058791,鴻海元大99購17  ,0,0,0,0,0,0,0,0,0,96000,0,0,0,111000,15000,96000,96000
060222,貿聯凱基9A購02  ,0,0,0,0,0,0,0,0,0,96000,0,0,0,131000,35000,96000,96000
060514,南電元大9A購02  ,0,0,0,0,0,0,0,0,0,96000,0,0,0,183000,87000,96000,96000
061246,玉晶光群益9A購08,0,0,0,0,0,0,0,0,0,95000,0,0,0,114000,19000,95000,95000
060882,大立光中信9A購05,0,0,0,0,0,0,0,0,0,95000,0,0,0,99000,4000,95000,95000
061478,奇鋐元大9A購01  ,0,0,0,0,0,0,0,0,0,95000,0,0,0,123000,28000,95000,95000
055891,鴻海統一9A購01  ,0,0,0,0,0,0,0,0,0,95000,0,0,0,95000,0,95000,95000
053453,新光金統一98購01,0,0,0,0,0,0,0,0,0,95000,0,0,0,95000,0,95000,95000
053316,友達群益9A購01  ,0,0,0,0,0,0,0,0,0,95000,0,0,0,268000,173000,95000,95000
058618,南電元大99購02  ,0,0,0,0,0,0,0,0,0,95000,0,0,0,145000,50000,95000,95000
059519,台郡永豐99購01  ,0,0,0,0,0,0,0,0,0,95000,0,0,0,281000,186000,95000,95000
057624,新日興國泰99購01,0,0,0,0,0,0,0,0,0,95000,0,0,0,107000,12000,95000,95000
061750,台達電台新9B購01,0,0,0,0,0,0,0,0,0,94000,0,0,0,133000,39000,94000,94000
061020,超眾國票9A購02  ,0,0,0,0,0,0,0,0,0,94000,0,0,0,173000,79000,94000,94000
061334,華通元大9A購09  ,0,0,0,0,0,0,0,0,0,94000,0,0,0,145000,51000,94000,94000
062779,台積電元大9B購03,0,0,0,0,0,0,0,0,0,94000,0,0,0,94000,0,94000,94000
054563,泰碩群益99購01  ,0,0,0,0,0,0,0,0,0,94000,0,0,0,139000,45000,94000,94000
053595,創意元大96購02  ,0,0,0,0,0,0,0,0,0,94000,0,0,0,94000,0,94000,94000
054753,復盛凱基98購01  ,0,0,0,0,0,0,0,0,0,94000,0,0,0,100000,6000,94000,94000
056451,可成凱基99購01  ,0,0,0,0,0,0,0,0,0,94000,0,0,0,94000,0,94000,94000
055357,欣興凱基97購04  ,0,0,0,0,0,0,0,0,0,94000,0,0,0,94000,0,94000,94000
055049,智邦永豐97購01  ,0,0,0,0,0,0,0,0,0,94000,0,0,0,271000,177000,94000,94000
059836,大立光國泰9B購02,0,0,0,0,0,0,0,0,0,94000,0,0,0,140000,46000,94000,94000
07798P,同欣電國票9A售01,0,0,0,0,0,0,0,0,0,94000,0,0,0,94000,0,94000,94000
07162P,臺股指群益99售13,0,0,0,0,0,0,0,0,0,94000,0,0,0,218000,124000,94000,94000
07246P,旺宏凱基99售08  ,0,0,0,0,0,0,0,0,0,94000,0,0,0,94000,0,94000,94000
062336,茂林統一01購02  ,0,0,0,0,0,0,0,0,0,93000,0,0,0,421000,328000,93000,93000
061695,群創群益9A購01  ,0,0,0,0,0,0,0,0,0,93000,0,0,0,93000,0,93000,93000
056423,奇鋐統一98購01  ,0,0,0,0,0,0,0,0,0,93000,0,0,0,137000,44000,93000,93000
058269,世芯永豐9A購01  ,0,0,0,0,0,0,0,0,0,93000,0,0,0,100000,7000,93000,93000
060464,台積電元大9A購11,0,0,0,0,0,0,0,0,0,93000,0,0,0,94000,1000,93000,93000
06669P,緯穎凱基98售05  ,0,0,0,0,0,0,0,0,0,93000,0,0,0,100000,7000,93000,93000
3312,弘憶股          ,119000,23000,96000,0,0,0,0,0,0,-3000,0,3000,-3000,0,0,0,93000
061266,國泰金凱基9B購01,0,0,0,0,0,0,0,0,0,92000,0,0,0,92000,0,92000,92000
061244,和碩兆豐9A購01  ,0,0,0,0,0,0,0,0,0,92000,0,0,0,111000,19000,92000,92000
061117,美律國泰9C購01  ,0,0,0,0,0,0,0,0,0,92000,0,0,0,129000,37000,92000,92000
061046,上銀第一9A購01  ,0,0,0,0,0,0,0,0,0,92000,0,0,0,92000,0,92000,92000
062215,華通統一9B購01  ,0,0,0,0,0,0,0,0,0,92000,0,0,0,569000,477000,92000,92000
062679,技嘉統一01購01  ,0,0,0,0,0,0,0,0,0,92000,0,0,0,92000,0,92000,92000
062647,南電國泰9C購02  ,0,0,0,0,0,0,0,0,0,92000,0,0,0,401000,309000,92000,92000
063047,大立光兆豐9B購03,0,0,0,0,0,0,0,0,0,92000,0,0,0,132000,40000,92000,92000
056412,上証2X中信9A購02,0,0,0,0,0,0,0,0,0,92000,0,0,0,102000,10000,92000,92000
00701,國泰股利精選30  ,0,1000,-1000,0,0,0,0,0,0,93000,0,0,0,560000,467000,93000,92000
055796,南電國泰98購01  ,0,0,0,0,0,0,0,0,0,92000,0,0,0,223000,131000,92000,92000
058572,百和凱基9A購01  ,0,0,0,0,0,0,0,0,0,92000,0,0,0,132000,40000,92000,92000
057549,台光電凱基98購05,0,0,0,0,0,0,0,0,0,92000,0,0,0,92000,0,92000,92000
060010,義隆群益99購02  ,0,0,0,0,0,0,0,0,0,92000,0,0,0,220000,128000,92000,92000
2537,聯上發          ,121000,29000,92000,0,0,0,0,0,0,0,0,0,0,0,0,0,92000
07088P,訊芯永豐99售02  ,0,0,0,0,0,0,0,0,0,92000,0,0,0,132000,40000,92000,92000
060774,南亞科凱基9A購01,0,0,0,0,0,0,0,0,0,91000,0,0,0,117000,26000,91000,91000
061913,宏碁中信9B購01  ,0,0,0,0,0,0,0,0,0,91000,0,0,0,91000,0,91000,91000
054720,禾伸堂永豐97購01,0,0,0,0,0,0,0,0,0,91000,0,0,0,91000,0,91000,91000
055432,臻鼎群益97購02  ,0,0,0,0,0,0,0,0,0,91000,0,0,0,147000,56000,91000,91000
060090,台積電元大99購55,0,0,0,0,0,0,0,0,0,91000,0,0,0,92000,1000,91000,91000
058758,台積電群益99購05,0,0,0,0,0,0,0,0,0,91000,0,0,0,91000,0,91000,91000
059692,聯詠永豐99購01  ,0,0,0,0,0,0,0,0,0,91000,0,0,0,91000,0,91000,91000
058433,台積電統一9B購04,0,0,0,0,0,0,0,0,0,91000,0,0,0,414000,323000,91000,91000
061967,旺宏統一01購04  ,0,0,0,0,0,0,0,0,0,90000,0,0,0,90000,0,90000,90000
061535,群創統一9C購01  ,0,0,0,0,0,0,0,0,0,90000,0,0,0,161000,71000,90000,90000
061107,世芯元大9A購05  ,0,0,0,0,0,0,0,0,0,90000,0,0,0,90000,0,90000,90000
062680,微星統一01購01  ,0,0,0,0,0,0,0,0,0,90000,0,0,0,256000,166000,90000,90000
062449,臻鼎元大9B購01  ,0,0,0,0,0,0,0,0,0,90000,0,0,0,113000,23000,90000,90000
052836,旺宏國泰98購01  ,0,0,0,0,0,0,0,0,0,90000,0,0,0,90000,0,90000,90000
00714,群益道瓊美國地產,0,0,0,0,0,0,0,0,0,90000,0,0,0,97000,7000,90000,90000
00830,國泰費城半導體  ,44000,0,44000,0,0,0,0,0,0,46000,0,100000,-100000,303000,157000,146000,90000
057751,神達國票99購02  ,0,0,0,0,0,0,0,0,0,90000,0,0,0,90000,0,90000,90000
057808,旺宏元大99購05  ,0,0,0,0,0,0,0,0,0,90000,0,0,0,100000,10000,90000,90000
058140,臻鼎元大99購02  ,0,0,0,0,0,0,0,0,0,90000,0,0,0,224000,134000,90000,90000
060402,神隆國泰9B購01  ,0,0,0,0,0,0,0,0,0,90000,0,0,0,328000,238000,90000,90000
058868,元油2X國票99購06,0,0,0,0,0,0,0,0,0,90000,0,0,0,90000,0,90000,90000
060040,康控國票99購04  ,0,0,0,0,0,0,0,0,0,90000,0,0,0,93000,3000,90000,90000
057422,欣興凱基98購04  ,0,0,0,0,0,0,0,0,0,90000,0,0,0,90000,0,90000,90000
07241P,台灣50國票9A售05,0,0,0,0,0,0,0,0,0,90000,0,0,0,90000,0,90000,90000
061181,牧德凱基9A購01  ,0,0,0,0,0,0,0,0,0,89000,0,0,0,109000,20000,89000,89000
061400,可成兆豐9B購02  ,0,0,0,0,0,0,0,0,0,89000,0,0,0,99000,10000,89000,89000
00665L,富邦恒生國企正2 ,7000,40000,-33000,0,0,0,0,0,0,122000,0,0,0,334000,212000,122000,89000
056581,超眾元大99購01  ,0,0,0,0,0,0,0,0,0,89000,0,0,0,132000,43000,89000,89000
059169,可成凱基99購04  ,0,0,0,0,0,0,0,0,0,89000,0,0,0,91000,2000,89000,89000
059632,聯發科凱基01購01,0,0,0,0,0,0,0,0,0,89000,0,0,0,91000,2000,89000,89000
058271,訊連永豐99購01  ,0,0,0,0,0,0,0,0,0,89000,0,0,0,89000,0,89000,89000
058617,南電元大99購01  ,0,0,0,0,0,0,0,0,0,89000,0,0,0,89000,0,89000,89000
057193,力成元大98購02  ,0,0,0,0,0,0,0,0,0,89000,0,0,0,89000,0,89000,89000
06955P,臻鼎元富99售01  ,0,0,0,0,0,0,0,0,0,89000,0,0,0,90000,1000,89000,89000
6197,佳必琪          ,152000,64000,88000,0,0,0,0,0,0,1000,1000,0,1000,0,0,0,89000
061114,南電元大9A購04  ,0,0,0,0,0,0,0,0,0,88000,0,0,0,90000,2000,88000,88000
060775,世芯凱基9A購02  ,0,0,0,0,0,0,0,0,0,88000,0,0,0,100000,12000,88000,88000
060723,致新永豐9A購01  ,0,0,0,0,0,0,0,0,0,88000,0,0,0,277000,189000,88000,88000
060826,牧德元大9B購02  ,0,0,0,0,0,0,0,0,0,88000,0,0,0,101000,13000,88000,88000
061680,崇越元大9A購01  ,0,0,0,0,0,0,0,0,0,88000,0,0,0,156000,68000,88000,88000
062143,大成鋼國票9B購01,0,0,0,0,0,0,0,0,0,88000,0,0,0,238000,150000,88000,88000
06359P,上銀群益97售03  ,0,0,0,0,0,0,0,0,0,88000,0,0,0,100000,12000,88000,88000
054950,奇力新元大98購02,0,0,0,0,0,0,0,0,0,88000,0,0,0,88000,0,88000,88000
055533,大立光群益97購03,0,0,0,0,0,0,0,0,0,88000,0,0,0,105000,17000,88000,88000
00631L,元大台灣50正2   ,752000,667000,85000,0,0,0,0,0,0,3000,25000,550000,-525000,1790000,1262000,528000,88000
056694,欣興群益98購04  ,0,0,0,0,0,0,0,0,0,88000,0,0,0,111000,23000,88000,88000
054530,台光電國泰97購03,0,0,0,0,0,0,0,0,0,88000,0,0,0,88000,0,88000,88000
052402,健策凱基97購01  ,0,0,0,0,0,0,0,0,0,88000,0,0,0,88000,0,88000,88000
054426,國泰金富邦97購02,0,0,0,0,0,0,0,0,0,88000,0,0,0,98000,10000,88000,88000
062904,台光電元大9B購06,0,0,0,0,0,0,0,0,0,87000,0,0,0,138000,51000,87000,87000
062724,可成凱基9B購04  ,0,0,0,0,0,0,0,0,0,87000,0,0,0,87000,0,87000,87000
057936,健策群益99購01  ,0,0,0,0,0,0,0,0,0,87000,0,0,0,234000,147000,87000,87000
062318,台郡凱基9B購01  ,0,0,0,0,0,0,0,0,0,86000,0,0,0,106000,20000,86000,86000
063252,緯穎元大9B購07  ,0,0,0,0,0,0,0,0,0,86000,0,0,0,101000,15000,86000,86000
062021,康控永豐9B購01  ,0,0,0,0,0,0,0,0,0,86000,0,0,0,88000,2000,86000,86000
061269,嘉澤凱基9A購01  ,0,0,0,0,0,0,0,0,0,86000,0,0,0,95000,9000,86000,86000
055562,欣興凱基97購06  ,0,0,0,0,0,0,0,0,0,86000,0,0,0,86000,0,86000,86000
058550,南亞科永豐99購01,0,0,0,0,0,0,0,0,0,86000,0,0,0,87000,1000,86000,86000
058096,南電元大98購04  ,0,0,0,0,0,0,0,0,0,86000,0,0,0,98000,12000,86000,86000
059454,亞光永豐99購01  ,0,0,0,0,0,0,0,0,0,86000,0,0,0,147000,61000,86000,86000
060057,欣興凱基9B購01  ,0,0,0,0,0,0,0,0,0,86000,0,0,0,94000,8000,86000,86000
3419,譁裕            ,113000,27000,86000,0,0,0,0,0,0,0,0,0,0,0,0,0,86000
2607,榮運            ,136000,50000,86000,0,0,0,0,0,0,0,0,0,0,0,0,0,86000
06676P,華新科國票98售03,0,0,0,0,0,0,0,0,0,86000,0,0,0,86000,0,86000,86000
07458P,長榮航元大9A售01,0,0,0,0,0,0,0,0,0,86000,0,0,0,206000,120000,86000,86000
4426,利勤            ,192000,97276,94724,0,0,0,0,0,0,-9000,0,0,0,0,9000,-9000,85724
060790,日月光富邦9A購01,0,0,0,0,0,0,0,0,0,85000,0,0,0,100000,15000,85000,85000
061054,台積電群益9A購04,0,0,0,0,0,0,0,0,0,85000,0,0,0,85000,0,85000,85000
061826,台郡麥證9B購01  ,0,0,0,85000,0,85000,0,0,0,85000,0,0,0,85000,0,85000,85000
061803,巨大永豐9B購01  ,0,0,0,0,0,0,0,0,0,85000,0,0,0,122000,37000,85000,85000
061736,國巨凱基9B購05  ,0,0,0,0,0,0,0,0,0,85000,0,0,0,85000,0,85000,85000
063180,台塑凱基9B購01  ,0,0,0,0,0,0,0,0,0,85000,0,0,0,85000,0,85000,85000
062453,聚陽群益9C購01  ,0,0,0,0,0,0,0,0,0,85000,0,0,0,164000,79000,85000,85000
062399,神基永豐9B購01  ,0,0,0,0,0,0,0,0,0,85000,0,0,0,85000,0,85000,85000
062304,臺指反凱基9B購01,0,0,0,0,0,0,0,0,0,85000,0,0,0,85000,0,85000,85000
055490,台光電元大97購01,0,0,0,0,0,0,0,0,0,85000,0,0,0,85000,0,85000,85000
056552,台表科凱基99購01,0,0,0,0,0,0,0,0,0,85000,0,0,0,98000,13000,85000,85000
055842,建準元大98購01  ,0,0,0,0,0,0,0,0,0,85000,0,0,0,110000,25000,85000,85000
055911,可成凱基98購02  ,0,0,0,0,0,0,0,0,0,85000,0,0,0,85000,0,85000,85000
059122,超眾永豐99購01  ,0,0,0,0,0,0,0,0,0,85000,0,0,0,92000,7000,85000,85000
054357,可成兆豐97購02  ,0,0,0,0,0,0,0,0,0,85000,0,0,0,90000,5000,85000,85000
052837,友達國泰97購01  ,0,0,0,0,0,0,0,0,0,85000,0,0,0,100000,15000,85000,85000
052968,燿華群益98購01  ,0,0,0,0,0,0,0,0,0,85000,0,0,0,85000,0,85000,85000
051281,健策兆豐96購01  ,0,0,0,0,0,0,0,0,0,85000,0,0,0,85000,0,85000,85000
060115,南電元大99購06  ,0,0,0,0,0,0,0,0,0,85000,0,0,0,179000,94000,85000,85000
056855,祥碩中信98購02  ,0,0,0,0,0,0,0,0,0,85000,0,0,0,287000,202000,85000,85000
059948,正文永豐99購01  ,0,0,0,0,0,0,0,0,0,85000,0,0,0,173000,88000,85000,85000
05905P,晶技統一97售01  ,0,0,0,0,0,0,0,0,0,85000,0,0,0,110000,25000,85000,85000
058812,台積電統一9B購06,0,0,0,0,0,0,0,0,0,85000,0,0,0,86000,1000,85000,85000
07459P,緯穎元大9A售01  ,0,0,0,0,0,0,0,0,0,85000,0,0,0,342000,257000,85000,85000
07187P,臺股指台新99售10,0,0,0,0,0,0,0,0,0,85000,0,0,0,85000,0,85000,85000
06653P,美食元大98售02  ,0,0,0,0,0,0,0,0,0,85000,0,0,0,330000,245000,85000,85000
8454,富邦媒          ,144000,52200,91800,0,0,0,0,0,0,-7000,11000,18000,-7000,0,0,0,84800
061438,牧德凱基9B購02  ,0,0,0,0,0,0,0,0,0,84000,0,0,0,84000,0,84000,84000
061317,旺宏凱基9A購05  ,0,0,0,0,0,0,0,0,0,84000,0,0,0,228000,144000,84000,84000
061165,美律兆豐9A購01  ,0,0,0,0,0,0,0,0,0,84000,0,0,0,163000,79000,84000,84000
061166,玉晶光兆豐9B購01,0,0,0,0,0,0,0,0,0,84000,0,0,0,94000,10000,84000,84000
052955,國巨日盛96購01  ,0,0,0,0,0,0,0,0,0,84000,0,0,0,84000,0,84000,84000
056787,健鼎群益98購01  ,0,0,0,0,0,0,0,0,0,84000,0,0,0,104000,20000,84000,84000
055476,台郡凱基97購02  ,0,0,0,0,0,0,0,0,0,84000,0,0,0,84000,0,84000,84000
058672,可成群益9B購02  ,0,0,0,0,0,0,0,0,0,84000,0,0,0,86000,2000,84000,84000
059400,滬深2X元富9C購04,0,0,0,0,0,0,0,0,0,84000,0,0,0,99000,15000,84000,84000
059580,大立光元富99購07,0,0,0,0,0,0,0,0,0,84000,0,0,0,131000,47000,84000,84000
060541,正隆凱基9A購01  ,0,39000,-39000,0,0,0,0,0,0,123000,0,0,0,130000,7000,123000,84000
6155,鈞寶            ,110000,26000,84000,0,0,0,0,0,0,0,0,0,0,0,0,0,84000
08000P,奇鋐凱基9B售03  ,0,0,0,0,0,0,0,0,0,84000,0,0,0,129000,45000,84000,84000
1104,環泥            ,131000,47000,84000,0,0,0,0,0,0,0,0,0,0,0,0,0,84000
062434,華通元大9B購04  ,0,0,0,0,0,0,0,0,0,83000,0,0,0,95000,12000,83000,83000
062686,群創統一9C購03  ,0,0,0,0,0,0,0,0,0,83000,0,0,0,135000,52000,83000,83000
062511,台光電國票9B購02,0,0,0,0,0,0,0,0,0,83000,0,0,0,83000,0,83000,83000
062604,東元凱基9B購01  ,0,0,0,0,0,0,0,0,0,83000,0,0,0,118000,35000,83000,83000
055424,聚陽群益98購01  ,0,0,0,0,0,0,0,0,0,83000,0,0,0,83000,0,83000,83000
058082,美律群益98購05  ,0,0,0,0,0,0,0,0,0,83000,0,0,0,83000,0,83000,83000
059634,可成凱基99購07  ,0,0,0,0,0,0,0,0,0,83000,0,0,0,83000,0,83000,83000
2031,新光鋼          ,115000,32000,83000,0,0,0,0,0,0,0,0,0,0,0,0,0,83000
07651P,道瓊指中信01售01,0,0,0,0,0,0,0,0,0,83000,0,0,0,95000,12000,83000,83000
062471,國泰金凱基9B購02,0,0,0,0,0,0,0,0,0,82000,0,0,0,93000,11000,82000,82000
062428,超眾統一9B購01  ,0,0,0,0,0,0,0,0,0,82000,0,0,0,245000,163000,82000,82000
062401,信邦永豐9B購01  ,0,0,0,0,0,0,0,0,0,82000,0,0,0,169000,87000,82000,82000
062340,力成麥證9B購01  ,0,0,0,143000,61000,82000,0,0,0,82000,0,0,0,143000,61000,82000,82000
062160,南六凱基9B購01  ,0,0,0,0,0,0,0,0,0,82000,0,0,0,90000,8000,82000,82000
061423,廣達元大9A購01  ,0,0,0,0,0,0,0,0,0,82000,0,0,0,243000,161000,82000,82000
061559,南亞科國票9A購02,0,0,0,0,0,0,0,0,0,82000,0,0,0,107000,25000,82000,82000
062055,鴻海統一9C購07  ,0,0,0,0,0,0,0,0,0,82000,0,0,0,82000,0,82000,82000
062042,台勝科凱基9C購01,0,0,0,0,0,0,0,0,0,82000,0,0,0,183000,101000,82000,82000
056036,鴻海凱基97購07  ,0,0,0,0,0,0,0,0,0,82000,0,0,0,82000,0,82000,82000
054819,裕民元大9A購01  ,0,0,0,0,0,0,0,0,0,82000,0,0,0,296000,214000,82000,82000
053449,超眾凱基98購01  ,0,0,0,0,0,0,0,0,0,82000,0,0,0,101000,19000,82000,82000
00643,群益深証中小    ,19000,119000,-100000,0,0,0,0,0,0,182000,0,0,0,224000,42000,182000,82000
056944,鴻海統一98購11  ,0,0,0,0,0,0,0,0,0,82000,0,0,0,82000,0,82000,82000
057028,台郡凱基99購02  ,0,0,0,0,0,0,0,0,0,82000,0,0,0,82000,0,82000,82000
060395,儒鴻國票9A購01  ,0,0,0,0,0,0,0,0,0,82000,0,0,0,112000,30000,82000,82000
07764P,世紀鋼永豐9A售04,0,0,0,0,0,0,0,0,0,82000,0,0,0,82000,0,82000,82000
3443,創意            ,77200,119000,-41800,0,0,0,0,0,0,123000,114000,17000,97000,35000,9000,26000,81200
061986,晶豪科元大9B購01,0,0,0,0,0,0,0,0,0,81000,0,0,0,137000,56000,81000,81000
061922,瑞昱凱基9B購01  ,0,0,0,0,0,0,0,0,0,81000,0,0,0,81000,0,81000,81000
062745,聯詠永豐9B購01  ,0,0,0,0,0,0,0,0,0,81000,0,0,0,99000,18000,81000,81000
063084,可成凱基9C購01  ,0,0,0,0,0,0,0,0,0,81000,0,0,0,83000,2000,81000,81000
055439,台表科國票98購02,0,0,0,0,0,0,0,0,0,81000,0,0,0,103000,22000,81000,81000
056565,欣興群益98購03  ,0,0,0,0,0,0,0,0,0,81000,0,0,0,105000,24000,81000,81000
056518,美律國票99購01  ,0,0,0,0,0,0,0,0,0,81000,0,0,0,81000,0,81000,81000
056978,技嘉群益99購01  ,0,0,0,0,0,0,0,0,0,81000,0,0,0,81000,0,81000,81000
059729,群創元大9C購05  ,0,0,0,0,0,0,0,0,0,81000,0,0,0,112000,31000,81000,81000
060161,牧德永豐9A購02  ,0,0,0,0,0,0,0,0,0,81000,0,0,0,81000,0,81000,81000
059058,可成凱基9B購01  ,0,0,0,0,0,0,0,0,0,81000,0,0,0,88000,7000,81000,81000
3583,辛耘            ,104000,23000,81000,0,0,0,0,0,0,0,0,0,0,0,0,0,81000
4739,康普            ,102000,16000,86000,0,0,0,0,0,0,-5000,0,5000,-5000,0,0,0,81000
07700P,臺股指元大9A售53,0,0,0,0,0,0,0,0,0,81000,0,0,0,81000,0,81000,81000
062687,華擎統一01購02  ,0,0,0,0,0,0,0,0,0,80000,0,0,0,95000,15000,80000,80000
062007,台光電國泰9C購01,0,0,0,0,0,0,0,0,0,80000,0,0,0,108000,28000,80000,80000
061552,南六群益9A購02  ,0,0,0,0,0,0,0,0,0,80000,0,0,0,80000,0,80000,80000
061681,南電元大9A購08  ,0,0,0,0,0,0,0,0,0,80000,0,0,0,100000,20000,80000,80000
060809,康友群益9A購01  ,0,0,0,0,0,0,0,0,0,80000,0,0,0,80000,0,80000,80000
056738,國巨凱基9A購02  ,0,0,0,0,0,0,0,0,0,80000,0,0,0,91000,11000,80000,80000
055807,勤誠永豐97購01  ,0,0,0,0,0,0,0,0,0,80000,0,0,0,80000,0,80000,80000
054799,超眾群益98購01  ,0,0,0,0,0,0,0,0,0,80000,0,0,0,80000,0,80000,80000
056157,聯詠凱基97購03  ,0,0,0,0,0,0,0,0,0,80000,0,0,0,80000,0,80000,80000
050939,健鼎國票96購01  ,0,0,0,0,0,0,0,0,0,80000,0,0,0,80000,0,80000,80000
054374,信邦中信96購01  ,0,0,0,0,0,0,0,0,0,80000,0,0,0,100000,20000,80000,80000
052617,景碩國泰98購01  ,0,0,0,0,0,0,0,0,0,80000,0,0,0,80000,0,80000,80000
054506,矽格永豐96購01  ,0,0,0,0,0,0,0,0,0,80000,0,0,0,80000,0,80000,80000
052819,義隆永豐96購01  ,0,0,0,0,0,0,0,0,0,80000,0,0,0,80000,0,80000,80000
053721,國泰金凱基97購01,0,0,0,0,0,0,0,0,0,80000,0,0,0,80000,0,80000,80000
052077,可成元富98購02  ,0,0,0,0,0,0,0,0,0,80000,0,0,0,85000,5000,80000,80000
058693,旭富國票9A購01  ,0,0,0,0,0,0,0,0,0,80000,0,0,0,85000,5000,80000,80000
057452,新日興元富98購01,0,0,0,0,0,0,0,0,0,80000,0,0,0,80000,0,80000,80000
057454,上銀國泰99購02  ,0,0,0,0,0,0,0,0,0,80000,0,0,0,80000,0,80000,80000
060079,台郡台新99購03  ,0,0,0,0,0,0,0,0,0,80000,0,0,0,80000,0,80000,80000
059977,鴻海元大99購40  ,0,0,0,0,0,0,0,0,0,80000,0,0,0,80000,0,80000,80000
057900,南亞科永豐98購01,0,0,0,0,0,0,0,0,0,80000,0,0,0,80000,0,80000,80000
058611,欣興元大99購06  ,0,0,0,0,0,0,0,0,0,80000,0,0,0,80000,0,80000,80000
060452,儒鴻元大9A購01  ,0,0,0,0,0,0,0,0,0,80000,0,0,0,196000,116000,80000,80000
058507,美律元大9A購01  ,0,0,0,0,0,0,0,0,0,80000,0,0,0,80000,0,80000,80000
08086P,燿華凱基9B售03  ,0,0,0,0,0,0,0,0,0,80000,0,0,0,146000,66000,80000,80000
07617P,聯發科中信9C售04,0,0,0,0,0,0,0,0,0,80000,0,0,0,100000,20000,80000,80000
6142,友勁            ,6000,60000,-54000,0,0,0,0,0,0,134000,134000,0,134000,0,0,0,80000
062703,可成元大9C購02  ,0,0,0,0,0,0,0,0,0,79000,0,0,0,89000,10000,79000,79000
062477,聯詠國票9B購01  ,0,0,0,0,0,0,0,0,0,79000,0,0,0,79000,0,79000,79000
062191,台郡元大9B購05  ,0,0,0,0,0,0,0,0,0,79000,0,0,0,161000,82000,79000,79000
062863,聯茂國票9B購01  ,0,0,0,0,0,0,0,0,0,79000,0,0,0,103000,24000,79000,79000
063163,京元電永豐9B購01,0,0,0,0,0,0,0,0,0,79000,0,0,0,85000,6000,79000,79000
063259,廣達富邦9C購01  ,0,0,0,0,0,0,0,0,0,79000,0,0,0,150000,71000,79000,79000
055503,健策元大98購05  ,0,0,0,0,0,0,0,0,0,79000,0,0,0,85000,6000,79000,79000
060375,葡萄王元富9A購01,0,0,0,0,0,0,0,0,0,79000,0,0,0,79000,0,79000,79000
060259,潤泰全凱基9C購01,0,0,0,0,0,0,0,0,0,79000,0,0,0,224000,145000,79000,79000
058763,和碩群益99購01  ,0,0,0,0,0,0,0,0,0,79000,0,0,0,129000,50000,79000,79000
059296,大立光元富99購06,0,0,0,0,0,0,0,0,0,79000,0,0,0,123000,44000,79000,79000
2748,雲品            ,32000,128000,-96000,0,0,0,150000,0,150000,25000,25000,0,25000,0,0,0,79000
5531,鄉林            ,302880,224000,78880,0,0,0,0,0,0,0,0,0,0,0,0,0,78880
063334,復盛國票9B購01  ,0,0,0,0,0,0,0,0,0,78000,0,0,0,100000,22000,78000,78000
062867,東元中信9B購01  ,0,0,0,0,0,0,0,0,0,78000,0,0,0,159000,81000,78000,78000
063100,聚陽群益9C購02  ,0,0,0,0,0,0,0,0,0,78000,0,0,0,619000,541000,78000,78000
062313,聯詠凱基9C購01  ,0,0,0,0,0,0,0,0,0,78000,0,0,0,98000,20000,78000,78000
061664,上銀中信9A購01  ,0,0,0,0,0,0,0,0,0,78000,0,0,0,142000,64000,78000,78000
054974,台表科元大98購02,0,0,0,0,0,0,0,0,0,78000,0,0,0,88000,10000,78000,78000
054046,義隆元大96購02  ,0,0,0,0,0,0,0,0,0,78000,0,0,0,112000,34000,78000,78000
059289,瑞昱元富99購01  ,0,0,0,0,0,0,0,0,0,78000,0,0,0,108000,30000,78000,78000
057595,健鼎兆豐98購01  ,0,0,0,0,0,0,0,0,0,78000,0,0,0,108000,30000,78000,78000
058209,臺股指凱基01購01,0,0,0,0,0,0,0,0,0,78000,0,0,0,231000,153000,78000,78000
057733,嘉聯益國泰99購01,0,0,0,0,0,0,0,0,0,78000,0,0,0,78000,0,78000,78000
5234,達興材料        ,83000,37000,46000,0,0,0,32000,0,32000,0,0,0,0,0,0,0,78000
3704,合勤控          ,739000,1104000,-365000,0,0,0,0,0,0,443000,202000,0,202000,241000,0,241000,78000
2546,根基            ,92000,14000,78000,0,0,0,0,0,0,0,0,0,0,0,0,0,78000
06091P,華新科統一97售01,0,0,0,0,0,0,0,0,0,77000,0,0,0,77000,0,77000,77000
061407,鴻海國票9A購07  ,0,0,0,0,0,0,0,0,0,77000,0,0,0,116000,39000,77000,77000
061104,華新科元大9A購13,0,0,0,0,0,0,0,0,0,77000,0,0,0,78000,1000,77000,77000
062483,致新國票9B購01  ,0,0,0,0,0,0,0,0,0,77000,0,0,0,97000,20000,77000,77000
062488,台光電永豐9B購02,0,0,0,0,0,0,0,0,0,77000,0,0,0,77000,0,77000,77000
062765,祥碩凱基9B購04  ,0,0,0,0,0,0,0,0,0,77000,0,0,0,77000,0,77000,77000
062814,台光電兆豐9B購01,0,0,0,0,0,0,0,0,0,77000,0,0,0,77000,0,77000,77000
056340,可成凱基98購04  ,0,0,0,0,0,0,0,0,0,77000,0,0,0,78000,1000,77000,77000
058505,台積電元大99購08,0,0,0,0,0,0,0,0,0,77000,0,0,0,100000,23000,77000,77000
2535,達欣工          ,78000,60000,18000,0,0,0,0,0,0,59000,59000,0,59000,0,0,0,77000
07855P,旺宏凱基9A售09  ,0,0,0,0,0,0,0,0,0,77000,0,0,0,80000,3000,77000,77000
8131,福懋科          ,138000,61500,76500,0,0,0,0,0,0,0,0,0,0,0,0,0,76500
062911,聯詠元大9B購03  ,0,0,0,0,0,0,0,0,0,76000,0,0,0,292000,216000,76000,76000
062661,華通群益9B購05  ,0,0,0,0,0,0,0,0,0,76000,0,0,0,76000,0,76000,76000
060853,健策國泰9B購02  ,0,0,0,0,0,0,0,0,0,76000,0,0,0,80000,4000,76000,76000
056170,鴻海元富97購09  ,0,0,0,0,0,0,0,0,0,76000,0,0,0,76000,0,76000,76000
056417,欣興中信98購01  ,0,0,0,0,0,0,0,0,0,76000,0,0,0,76000,0,76000,76000
056209,超眾永豐97購02  ,0,0,0,0,0,0,0,0,0,76000,0,0,0,226000,150000,76000,76000
054768,泰碩國票99購02  ,0,0,0,0,0,0,0,0,0,76000,0,0,0,106000,30000,76000,76000
054330,世芯永豐96購02  ,0,0,0,0,0,0,0,0,0,76000,0,0,0,99000,23000,76000,76000
060450,南亞元大9A購02  ,0,0,0,0,0,0,0,0,0,76000,0,0,0,140000,64000,76000,76000
060400,南電國票9A購03  ,0,0,0,0,0,0,0,0,0,76000,0,0,0,94000,18000,76000,76000
058258,世芯國泰9A購01  ,0,0,0,0,0,0,0,0,0,76000,0,0,0,98000,22000,76000,76000
059856,昇陽半永豐99購03,0,0,0,0,0,0,0,0,0,76000,0,0,0,77000,1000,76000,76000
057407,超眾群益99購01  ,0,0,0,0,0,0,0,0,0,76000,0,0,0,188000,112000,76000,76000
060905,台積電元大9A購20,0,0,0,0,0,0,0,0,0,75000,0,0,0,75000,0,75000,75000
061041,南電永豐9A購03  ,0,0,0,0,0,0,0,0,0,75000,0,0,0,75000,0,75000,75000
062975,京鼎元富9B購01  ,0,0,0,0,0,0,0,0,0,75000,0,0,0,381000,306000,75000,75000
063106,台表科群益9B購03,0,0,0,0,0,0,0,0,0,75000,0,0,0,75000,0,75000,75000
063219,友達群益9B購03  ,0,0,0,0,0,0,0,0,0,75000,0,0,0,75000,0,75000,75000
055763,鎧勝群益97購01  ,0,0,0,0,0,0,0,0,0,75000,0,0,0,230000,155000,75000,75000
053904,漢唐凱基97購01  ,0,0,0,0,0,0,0,0,0,75000,0,0,0,80000,5000,75000,75000
054797,臻鼎群益97購01  ,0,0,0,0,0,0,0,0,0,75000,0,0,0,75000,0,75000,75000
055887,上銀統一97購03  ,0,0,0,0,0,0,0,0,0,75000,0,0,0,380000,305000,75000,75000
055509,訊芯元大97購03  ,0,0,0,0,0,0,0,0,0,75000,0,0,0,75000,0,75000,75000
056364,亞光元大99購02  ,0,0,0,0,0,0,0,0,0,75000,0,0,0,75000,0,75000,75000
058378,南電凱基99購01  ,0,0,0,0,0,0,0,0,0,75000,0,0,0,75000,0,75000,75000
059807,大立光元富99購09,0,0,0,0,0,0,0,0,0,75000,0,0,0,177000,102000,75000,75000
059588,鴻海元大99購32  ,0,0,0,0,0,0,0,0,0,75000,0,0,0,76000,1000,75000,75000
05859P,台表科國票97售04,0,0,0,0,0,0,0,0,0,75000,0,0,0,75000,0,75000,75000
058210,臺股指凱基9C購04,0,0,0,0,0,0,0,0,0,75000,0,0,0,358000,283000,75000,75000
07489P,國巨國票9A售07  ,0,0,0,0,0,0,0,0,0,75000,0,0,0,85000,10000,75000,75000
062799,聯發科統一9C購09,0,0,0,0,0,0,0,0,0,74000,0,0,0,74000,0,74000,74000
059197,可成永豐99購02  ,0,0,0,0,0,0,0,0,0,74000,0,0,0,80000,6000,74000,74000
052696,玉晶光麥證97購01,0,0,0,75000,1000,74000,0,0,0,74000,0,0,0,76000,2000,74000,74000
058174,台積電凱基9A購05,0,0,0,0,0,0,0,0,0,74000,0,0,0,74000,0,74000,74000
058421,國泰金麥證01購01,0,0,0,74000,0,74000,0,0,0,74000,0,0,0,74000,0,74000,74000
060379,T50反1凱基9A購07,0,0,0,0,0,0,0,0,0,74000,0,0,0,80000,6000,74000,74000
060424,中租永豐9A購01  ,0,0,0,0,0,0,0,0,0,74000,0,0,0,142000,68000,74000,74000
060591,富邦金台新9A購01,0,0,0,0,0,0,0,0,0,74000,0,0,0,74000,0,74000,74000
060645,台表科永豐9A購02,0,0,0,0,0,0,0,0,0,74000,0,0,0,114000,40000,74000,74000
057589,超眾國票9A購01  ,0,0,0,0,0,0,0,0,0,74000,0,0,0,79000,5000,74000,74000
06845P,億光元大98售02  ,0,0,0,0,0,0,0,0,0,74000,0,0,0,100000,26000,74000,74000
2348,海悅            ,90000,16000,74000,0,0,0,0,0,0,0,0,0,0,0,0,0,74000
062362,致茂元大9B購01  ,0,0,0,0,0,0,0,0,0,73000,0,0,0,160000,87000,73000,73000
061633,統一元大9A購01  ,0,0,0,0,0,0,0,0,0,73000,0,0,0,73000,0,73000,73000
061789,群創群益9B購01  ,0,0,0,0,0,0,0,0,0,73000,0,0,0,109000,36000,73000,73000
059165,南亞科凱基99購04,0,0,0,0,0,0,0,0,0,73000,0,0,0,90000,17000,73000,73000
058999,台積電元大99購24,0,0,0,0,0,0,0,0,0,73000,0,0,0,73000,0,73000,73000
057536,康控元大99購03  ,0,0,0,0,0,0,0,0,0,73000,0,0,0,73000,0,73000,73000
057236,聯詠凱基98購03  ,0,0,0,0,0,0,0,0,0,73000,0,0,0,122000,49000,73000,73000
062053,華通統一9C購02  ,0,0,0,0,0,0,0,0,0,72000,0,0,0,155000,83000,72000,72000
062090,南電元大9B購02  ,0,0,0,0,0,0,0,0,0,72000,0,0,0,74000,2000,72000,72000
062861,世芯國票9C購01  ,0,0,0,0,0,0,0,0,0,72000,0,0,0,84000,12000,72000,72000
059044,聯電日盛99購02  ,0,0,0,0,0,0,0,0,0,72000,0,0,0,72000,0,72000,72000
054065,樺漢國票97購01  ,0,0,0,0,0,0,0,0,0,72000,0,0,0,110000,38000,72000,72000
059299,欣興元富99購03  ,0,0,0,0,0,0,0,0,0,72000,0,0,0,106000,34000,72000,72000
057377,康控元大99購02  ,0,0,0,0,0,0,0,0,0,72000,0,0,0,193000,121000,72000,72000
2467,志聖            ,311000,240000,71000,0,0,0,0,0,0,1000,1000,0,1000,0,0,0,72000
07482P,南亞科元富9A售04,0,0,0,0,0,0,0,0,0,72000,0,0,0,100000,28000,72000,72000
07466P,亞德客元大9A售02,0,0,0,0,0,0,0,0,0,72000,0,0,0,105000,33000,72000,72000
062446,聯詠元大9B購02  ,0,0,0,0,0,0,0,0,0,71000,0,0,0,152000,81000,71000,71000
062600,可成台新9B購01  ,0,0,0,0,0,0,0,0,0,71000,0,0,0,71000,0,71000,71000
061742,奇鋐凱基9B購01  ,0,0,0,0,0,0,0,0,0,71000,0,0,0,71000,0,71000,71000
00851,台新全球AI      ,0,0,0,0,0,0,0,0,0,71000,0,0,0,176000,105000,71000,71000
053671,可成統一96購03  ,0,0,0,0,0,0,0,0,0,71000,0,0,0,71000,0,71000,71000
053487,台泥兆豐97購01  ,0,0,0,0,0,0,0,0,0,71000,0,0,0,101000,30000,71000,71000
056496,康控國泰99購01  ,0,0,0,0,0,0,0,0,0,71000,0,0,0,71000,0,71000,71000
058747,友達凱基9A購03  ,0,0,0,0,0,0,0,0,0,71000,0,0,0,71000,0,71000,71000
056818,正崴永豐98購01  ,0,0,0,0,0,0,0,0,0,71000,0,0,0,132000,61000,71000,71000
059362,健策永豐99購03  ,0,0,0,0,0,0,0,0,0,71000,0,0,0,73000,2000,71000,71000
059458,鎧勝永豐99購01  ,0,0,0,0,0,0,0,0,0,71000,0,0,0,71000,0,71000,71000
05976P,國巨凱基96售14  ,0,0,0,0,0,0,0,0,0,71000,0,0,0,71000,0,71000,71000
058131,義隆元大99購02  ,0,0,0,0,0,0,0,0,0,71000,0,0,0,350000,279000,71000,71000
058515,健鼎元大99購01  ,0,0,0,0,0,0,0,0,0,71000,0,0,0,377000,306000,71000,71000
057857,牧德國票99購01  ,0,0,0,0,0,0,0,0,0,71000,0,0,0,76000,5000,71000,71000
07856P,力成凱基9A售02  ,0,0,0,0,0,0,0,0,0,71000,0,0,0,71000,0,71000,71000
2548,華固            ,615984,572000,43984,0,0,0,38000,0,38000,-11000,0,0,0,0,11000,-11000,70984
06173P,華通元大97售02  ,0,0,0,0,0,0,0,0,0,70000,0,0,0,70000,0,70000,70000
061703,信邦國票9A購01  ,0,0,0,0,0,0,0,0,0,70000,0,0,0,132000,62000,70000,70000
061514,泰碩永豐9A購02  ,0,0,0,0,0,0,0,0,0,70000,0,0,0,70000,0,70000,70000
06189P,華新科永豐97售03,0,0,0,0,0,0,0,0,0,70000,0,0,0,70000,0,70000,70000
060861,漢唐永豐9A購01  ,0,0,0,0,0,0,0,0,0,70000,0,0,0,100000,30000,70000,70000
061309,鴻海統一9C購05  ,0,0,0,0,0,0,0,0,0,70000,0,0,0,80000,10000,70000,70000
062549,中租永豐9B購01  ,0,0,0,0,0,0,0,0,0,70000,0,0,0,344000,274000,70000,70000
062651,世紀鋼富邦9C購01,0,0,0,0,0,0,0,0,0,70000,0,0,0,70000,0,70000,70000
062708,立積元大9B購01  ,0,0,0,0,0,0,0,0,0,70000,0,0,0,70000,0,70000,70000
063120,台光電元大9C購01,0,0,0,0,0,0,0,0,0,70000,0,0,0,72000,2000,70000,70000
056358,友訊元大99購01  ,0,0,0,0,0,0,0,0,0,70000,0,0,0,70000,0,70000,70000
055540,京鼎台新97購01  ,0,0,0,0,0,0,0,0,0,70000,0,0,0,70000,0,70000,70000
055599,TPK元大97購01   ,0,0,0,0,0,0,0,0,0,70000,0,0,0,75000,5000,70000,70000
055980,祥碩統一98購01  ,0,0,0,0,0,0,0,0,0,70000,0,0,0,70000,0,70000,70000
054835,致新中信97購01  ,0,0,0,0,0,0,0,0,0,70000,0,0,0,100000,30000,70000,70000
054883,億光統一97購01  ,0,0,0,0,0,0,0,0,0,70000,0,0,0,100000,30000,70000,70000
053942,超眾國泰96購02  ,0,0,0,0,0,0,0,0,0,70000,0,0,0,85000,15000,70000,70000
03680C,臺股指凱基9A牛26,0,0,0,0,0,0,0,0,0,70000,0,0,0,483000,413000,70000,70000
057100,國巨中信9A購02  ,0,0,0,0,0,0,0,0,0,70000,0,0,0,70000,0,70000,70000
057919,技嘉凱基98購03  ,0,0,0,0,0,0,0,0,0,70000,0,0,0,174000,104000,70000,70000
057949,南電國票99購01  ,0,0,0,0,0,0,0,0,0,70000,0,0,0,95000,25000,70000,70000
059675,大立光元富99購08,0,0,0,0,0,0,0,0,0,70000,0,0,0,84000,14000,70000,70000
059618,台積電日盛99購01,0,0,0,0,0,0,0,0,0,70000,0,0,0,70000,0,70000,70000
057542,上銀凱基99購01  ,0,0,0,0,0,0,0,0,0,70000,0,0,0,160000,90000,70000,70000
057356,彩晶統一98購04  ,0,0,0,0,0,0,0,0,0,70000,0,0,0,70000,0,70000,70000
058345,台光電群益99購03,0,0,0,0,0,0,0,0,0,70000,0,0,0,80000,10000,70000,70000
060002,T50反1群益9A購01,0,0,0,0,0,0,0,0,0,70000,0,0,0,100000,30000,70000,70000
060032,利勤永豐99購01  ,0,0,0,0,0,0,0,0,0,70000,0,0,0,81000,11000,70000,70000
060103,聯詠元大99購01  ,0,0,0,0,0,0,0,0,0,70000,0,0,0,152000,82000,70000,70000
06645P,上銀元大98售05  ,0,0,0,0,0,0,0,0,0,70000,0,0,0,125000,55000,70000,70000
062619,台表科元大9B購03,0,0,0,0,0,0,0,0,0,69000,0,0,0,99000,30000,69000,69000
062580,華通統一9C購03  ,0,0,0,0,0,0,0,0,0,69000,0,0,0,69000,0,69000,69000
060930,超眾永豐9A購03  ,0,0,0,0,0,0,0,0,0,69000,0,0,0,79000,10000,69000,69000
061753,南亞科台新9B購01,0,0,0,0,0,0,0,0,0,69000,0,0,0,79000,10000,69000,69000
052201,超眾統一96購01  ,0,0,0,0,0,0,0,0,0,69000,0,0,0,90000,21000,69000,69000
053924,京鼎國票97購01  ,0,0,0,0,0,0,0,0,0,69000,0,0,0,69000,0,69000,69000
057674,台郡元大99購03  ,0,0,0,0,0,0,0,0,0,69000,0,0,0,120000,51000,69000,69000
057325,可成群益9A購01  ,0,0,0,0,0,0,0,0,0,69000,0,0,0,213000,144000,69000,69000
058743,可成康和99購01  ,0,0,0,0,0,0,0,0,0,69000,0,0,0,69000,0,69000,69000
060408,和潤國泰9C購01  ,0,0,0,0,0,0,0,0,0,69000,0,0,0,84000,15000,69000,69000
1473,台南            ,112000,44000,68000,0,0,0,0,0,0,1000,1000,0,1000,0,0,0,69000
1417,嘉裕            ,99000,30128,68872,0,0,0,0,0,0,0,0,0,0,0,0,0,68872
061650,南電元大9A購07  ,0,0,0,0,0,0,0,0,0,68000,0,0,0,128000,60000,68000,68000
061929,嘉澤凱基9B購01  ,0,0,0,0,0,0,0,0,0,68000,0,0,0,70000,2000,68000,68000
061925,禾伸堂凱基9C購01,0,0,0,0,0,0,0,0,0,68000,0,0,0,88000,20000,68000,68000
060994,世芯元大9A購03  ,0,0,0,0,0,0,0,0,0,68000,0,0,0,68000,0,68000,68000
061360,智邦兆豐9B購02  ,0,0,0,0,0,0,0,0,0,68000,0,0,0,130000,62000,68000,68000
062882,新日興兆豐9C購01,0,0,0,0,0,0,0,0,0,68000,0,0,0,186000,118000,68000,68000
063345,嘉晶統一9C購02  ,0,0,0,0,0,0,0,0,0,68000,0,0,0,72000,4000,68000,68000
054559,台光電群益99購01,0,0,0,0,0,0,0,0,0,68000,0,0,0,68000,0,68000,68000
053569,漢唐統一98購01  ,0,0,0,0,0,0,0,0,0,68000,0,0,0,68000,0,68000,68000
056143,訊芯元大97購04  ,0,0,0,0,0,0,0,0,0,68000,0,0,0,68000,0,68000,68000
054742,京鼎凱基99購01  ,0,0,0,0,0,0,0,0,0,68000,0,0,0,69000,1000,68000,68000
055469,台光電凱基97購01,0,0,0,0,0,0,0,0,0,68000,0,0,0,68000,0,68000,68000
056473,奇力新元大99購02,0,0,0,0,0,0,0,0,0,68000,0,0,0,68000,0,68000,68000
056286,奇鋐永豐97購01  ,0,0,0,0,0,0,0,0,0,68000,0,0,0,68000,0,68000,68000
057059,易華電元大99購01,0,0,0,0,0,0,0,0,0,68000,0,0,0,75000,7000,68000,68000
057177,奇力新元大99購04,0,0,0,0,0,0,0,0,0,68000,0,0,0,68000,0,68000,68000
058248,聯茂元大99購05  ,0,0,0,0,0,0,0,0,0,68000,0,0,0,68000,0,68000,68000
059297,大立光元富9C購01,0,0,0,0,0,0,0,0,0,68000,0,0,0,91000,23000,68000,68000
059283,康友永豐99購02  ,0,0,0,0,0,0,0,0,0,68000,0,0,0,68000,0,68000,68000
058324,嘉聯益永豐9A購01,0,0,0,0,0,0,0,0,0,68000,0,0,0,68000,0,68000,68000
058735,南茂永豐99購01  ,0,0,0,0,0,0,0,0,0,68000,0,0,0,68000,0,68000,68000
057484,南亞科元大98購06,0,0,0,0,0,0,0,0,0,68000,0,0,0,68000,0,68000,68000
057667,可成元大99購01  ,0,0,0,0,0,0,0,0,0,68000,0,0,0,98000,30000,68000,68000
056897,南亞科元大98購02,0,0,0,0,0,0,0,0,0,68000,0,0,0,75000,7000,68000,68000
1315,達新            ,84000,16000,68000,0,0,0,0,0,0,0,0,0,0,0,0,0,68000
06644P,亞德客元大98售03,0,0,0,0,0,0,0,0,0,68000,0,0,0,150000,82000,68000,68000
2328,廣宇            ,377000,317000,60000,0,0,0,0,0,0,8000,8000,0,8000,0,0,0,68000
061353,康控元大9A購01  ,0,0,0,0,0,0,0,0,0,67000,0,0,0,216000,149000,67000,67000
061059,世芯國票9B購01  ,0,0,0,0,0,0,0,0,0,67000,0,0,0,104000,37000,67000,67000
061070,超眾凱基9C購01  ,0,0,0,0,0,0,0,0,0,67000,0,0,0,67000,0,67000,67000
060846,欣興國票9A購02  ,0,0,0,0,0,0,0,0,0,67000,0,0,0,70000,3000,67000,67000
055333,晶豪科兆豐97購01,0,0,0,0,0,0,0,0,0,67000,0,0,0,67000,0,67000,67000
058997,鴻海元大99購21  ,0,0,0,0,0,0,0,0,0,67000,0,0,0,68000,1000,67000,67000
058956,健策國票9A購02  ,0,0,0,0,0,0,0,0,0,67000,0,0,0,168000,101000,67000,67000
053773,上銀元大96購04  ,0,0,0,0,0,0,0,0,0,67000,0,0,0,67000,0,67000,67000
057403,亞光群益98購04  ,0,0,0,0,0,0,0,0,0,67000,0,0,0,144000,77000,67000,67000
059764,健策永豐99購04  ,0,0,0,0,0,0,0,0,0,67000,0,0,0,71000,4000,67000,67000
058459,南電永豐99購01  ,0,0,0,0,0,0,0,0,0,67000,0,0,0,67000,0,67000,67000
06890P,金融類元大98售02,0,0,0,0,0,0,0,0,0,67000,0,0,0,67000,0,67000,67000
07776P,國巨群益9B售02  ,0,0,0,0,0,0,0,0,0,67000,0,0,0,88000,21000,67000,67000
3596,智易            ,200612,118000,82612,0,0,0,0,0,0,-16000,0,5000,-5000,24000,35000,-11000,66612
060760,南亞科元大9A購04,0,0,0,0,0,0,0,0,0,66000,0,0,0,126000,60000,66000,66000
060900,超眾凱基9B購01  ,0,0,0,0,0,0,0,0,0,66000,0,0,0,66000,0,66000,66000
062046,矽格凱基9B購01  ,0,0,0,0,0,0,0,0,0,66000,0,0,0,191000,125000,66000,66000
063029,喬山凱基9B購01  ,0,0,0,0,0,0,0,0,0,66000,0,0,0,193000,127000,66000,66000
055733,奇力新元富97購01,0,0,0,0,0,0,0,0,0,66000,0,0,0,66000,0,66000,66000
052316,台積電元大96購10,0,0,0,0,0,0,0,0,0,66000,0,0,0,269000,203000,66000,66000
056076,超眾元大97購05  ,0,0,0,0,0,0,0,0,0,66000,0,0,0,98000,32000,66000,66000
055425,聚陽群益99購01  ,0,0,0,0,0,0,0,0,0,66000,0,0,0,66000,0,66000,66000
059500,鴻海元富99購11  ,0,0,0,0,0,0,0,0,0,66000,0,0,0,151000,85000,66000,66000
059956,玉山金康和99購01,0,0,0,0,0,0,0,0,0,66000,0,0,0,87000,21000,66000,66000
3535,晶彩科          ,116000,50000,66000,0,0,0,0,0,0,0,0,0,0,0,0,0,66000
5546,永固-KY         ,75000,9000,66000,0,0,0,0,0,0,0,0,0,0,0,0,0,66000
07853P,國巨凱基9A售19  ,0,0,0,0,0,0,0,0,0,66000,0,0,0,71000,5000,66000,66000
06448P,華通元大99售01  ,0,0,0,0,0,0,0,0,0,65000,0,0,0,69000,4000,65000,65000
062695,華通元大9C購01  ,0,0,0,0,0,0,0,0,0,65000,0,0,0,68000,3000,65000,65000
062777,鴻海元大9C購03  ,0,0,0,0,0,0,0,0,0,65000,0,0,0,65000,0,65000,65000
061987,大立光元大9B購03,0,0,0,0,0,0,0,0,0,65000,0,0,0,65000,0,65000,65000
061774,T50反1國票9B購06,0,0,0,0,0,0,0,0,0,65000,0,0,0,125000,60000,65000,65000
061033,台光電永豐9A購01,0,0,0,0,0,0,0,0,0,65000,0,0,0,200000,135000,65000,65000
061228,聯茂中信9A購01  ,0,0,0,0,0,0,0,0,0,65000,0,0,0,85000,20000,65000,65000
056450,可成凱基98購05  ,0,0,0,0,0,0,0,0,0,65000,0,0,0,65000,0,65000,65000
056449,義隆凱基98購03  ,0,0,0,0,0,0,0,0,0,65000,0,0,0,111000,46000,65000,65000
055178,晶豪科統一97購01,0,0,0,0,0,0,0,0,0,65000,0,0,0,65000,0,65000,65000
053353,玉晶光兆豐97購03,0,0,0,0,0,0,0,0,0,65000,0,0,0,65000,0,65000,65000
053761,健策國泰98購01  ,0,0,0,0,0,0,0,0,0,65000,0,0,0,75000,10000,65000,65000
059958,鎧勝康和99購01  ,0,0,0,0,0,0,0,0,0,65000,0,0,0,65000,0,65000,65000
057560,華新科兆豐99購01,0,0,0,0,0,0,0,0,0,65000,0,0,0,65000,0,65000,65000
059631,京元電凱基99購02,0,0,0,0,0,0,0,0,0,65000,0,0,0,200000,135000,65000,65000
058497,新日興群益9B購01,0,0,0,0,0,0,0,0,0,65000,0,0,0,66000,1000,65000,65000
057538,緯穎元大98購07  ,0,0,0,0,0,0,0,0,0,65000,0,0,0,110000,45000,65000,65000
060431,復盛永豐9A購01  ,0,0,0,0,0,0,0,0,0,65000,0,0,0,65000,0,65000,65000
060350,元黃金元富9B購01,0,0,0,0,0,0,0,0,0,65000,0,0,0,137000,72000,65000,65000
060275,元黃金元大9A購01,0,0,0,0,0,0,0,0,0,65000,0,0,0,75000,10000,65000,65000
06903P,技嘉凱基98售04  ,0,0,0,0,0,0,0,0,0,65000,0,0,0,219000,154000,65000,65000
061034,晶豪科永豐9A購01,0,0,0,0,0,0,0,0,0,64000,0,0,0,64000,0,64000,64000
061027,儒鴻永豐9A購02  ,0,0,0,0,0,0,0,0,0,64000,0,0,0,395000,331000,64000,64000
060825,聯詠元大9A購05  ,0,0,0,0,0,0,0,0,0,64000,0,0,0,237000,173000,64000,64000
061560,友達國票9B購01  ,0,0,0,0,0,0,0,0,0,64000,0,0,0,64000,0,64000,64000
061587,美律富邦9A購02  ,0,0,0,0,0,0,0,0,0,64000,0,0,0,64000,0,64000,64000
062601,富邦金台新9B購01,0,0,0,0,0,0,0,0,0,64000,0,0,0,90000,26000,64000,64000
062996,致茂國票9C購01  ,0,0,0,0,0,0,0,0,0,64000,0,0,0,90000,26000,64000,64000
062806,世芯統一02購01  ,0,0,0,0,0,0,0,0,0,64000,0,0,0,231000,167000,64000,64000
053631,欣興兆豐97購01  ,0,0,0,0,0,0,0,0,0,64000,0,0,0,64000,0,64000,64000
053331,玉晶光永豐97購02,0,0,0,0,0,0,0,0,0,64000,0,0,0,68000,4000,64000,64000
055731,美律元富97購01  ,0,0,0,0,0,0,0,0,0,64000,0,0,0,70000,6000,64000,64000
055324,TPK國票98購03   ,0,0,0,0,0,0,0,0,0,64000,0,0,0,80000,16000,64000,64000
059080,亞泥元大99購01  ,0,0,0,0,0,0,0,0,0,64000,0,0,0,72000,8000,64000,64000
059112,上銀永豐99購01  ,0,0,0,0,0,0,0,0,0,64000,0,0,0,348000,284000,64000,64000
055541,聚陽凱基98購01  ,0,0,0,0,0,0,0,0,0,64000,0,0,0,64000,0,64000,64000
060600,台積電凱基9C購01,0,0,0,0,0,0,0,0,0,64000,0,0,0,64000,0,64000,64000
057072,日月光永豐98購01,0,0,0,0,0,0,0,0,0,64000,0,0,0,109000,45000,64000,64000
057559,可成兆豐99購02  ,0,0,0,0,0,0,0,0,0,64000,0,0,0,64000,0,64000,64000
057603,樺漢群益98購02  ,0,0,0,0,0,0,0,0,0,64000,0,0,0,64000,0,64000,64000
07359P,台積電元大99售45,0,0,0,0,0,0,0,0,0,64000,0,0,0,87000,23000,64000,64000
07590P,玉晶光國票9A售03,0,0,0,0,0,0,0,0,0,64000,0,0,0,64000,0,64000,64000
062536,玉晶光麥證9B購01,0,0,0,63000,0,63000,0,0,0,63000,0,0,0,63000,0,63000,63000
062711,台表科元大9B購05,0,0,0,0,0,0,0,0,0,63000,0,0,0,115000,52000,63000,63000
062166,致新國泰01購01  ,0,0,0,0,0,0,0,0,0,63000,0,0,0,65000,2000,63000,63000
061566,華通元大9A購10  ,0,0,0,0,0,0,0,0,0,63000,0,0,0,120000,57000,63000,63000
061471,台積電元大9A購31,0,0,0,0,0,0,0,0,0,63000,0,0,0,108000,45000,63000,63000
061982,聯發科元大9B購03,0,0,0,0,0,0,0,0,0,63000,0,0,0,96000,33000,63000,63000
054258,牧德元大97購01  ,0,0,0,0,0,0,0,0,0,63000,0,0,0,63000,0,63000,63000
060027,元金2X永豐99購02,0,0,0,0,0,0,0,0,0,63000,0,0,0,63000,0,63000,63000
057423,台郡凱基98購06  ,0,0,0,0,0,0,0,0,0,63000,0,0,0,64000,1000,63000,63000
057211,鴻海群益98購05  ,0,0,0,0,0,0,0,0,0,63000,0,0,0,68000,5000,63000,63000
057990,美律統一99購02  ,0,0,0,0,0,0,0,0,0,63000,0,0,0,63000,0,63000,63000
060488,台灣50群益9C購01,0,0,0,0,0,0,0,0,0,63000,0,0,0,63000,0,63000,63000
1906,寶隆            ,72000,9000,63000,0,0,0,0,0,0,0,0,0,0,0,0,0,63000
061973,上銀元大9B購01  ,0,0,0,0,0,0,0,0,0,62000,0,0,0,76000,14000,62000,62000
061025,創意富邦9B購01  ,0,0,0,0,0,0,0,0,0,62000,0,0,0,115000,53000,62000,62000
061010,上銀麥證9A購02  ,0,0,0,71000,9000,62000,0,0,0,62000,0,0,0,71000,9000,62000,62000
062232,聯詠麥證9C購01  ,0,0,0,62000,0,62000,0,0,0,62000,0,0,0,62000,0,62000,62000
062314,玉晶光凱基9B購06,0,0,0,0,0,0,0,0,0,62000,0,0,0,106000,44000,62000,62000
062513,玉晶光國票9C購01,0,0,0,0,0,0,0,0,0,62000,0,0,0,64000,2000,62000,62000
053565,台光電富邦98購01,0,0,0,0,0,0,0,0,0,62000,0,0,0,62000,0,62000,62000
053455,台光電元富96購02,0,0,0,0,0,0,0,0,0,62000,0,0,0,62000,0,62000,62000
053712,台光電凱基96購04,0,0,0,0,0,0,0,0,0,62000,0,0,0,62000,0,62000,62000
054586,健鼎國泰99購01  ,0,0,0,0,0,0,0,0,0,62000,0,0,0,62000,0,62000,62000
055359,超眾凱基97購01  ,0,0,0,0,0,0,0,0,0,62000,0,0,0,62000,0,62000,62000
056551,台郡凱基98購04  ,0,0,0,0,0,0,0,0,0,62000,0,0,0,62000,0,62000,62000
060545,台積電凱基9B購02,0,0,0,0,0,0,0,0,0,62000,0,0,0,82000,20000,62000,62000
060712,建準永豐9A購01  ,0,0,0,0,0,0,0,0,0,62000,0,0,0,162000,100000,62000,62000
057128,台光電凱基98購03,0,0,0,0,0,0,0,0,0,62000,0,0,0,62000,0,62000,62000
058793,鴻海元大99購19  ,0,0,0,0,0,0,0,0,0,62000,0,0,0,63000,1000,62000,62000
07923P,元金2X凱基02售02,0,0,0,0,0,0,0,0,0,62000,0,0,0,62000,0,62000,62000
3005,神基            ,246000,312000,-66000,0,0,0,1000,30000,-29000,157000,156000,0,156000,22000,21000,1000,62000
3018,同開            ,74000,12702,61298,0,0,0,0,0,0,0,0,0,0,0,0,0,61298
061924,聯發科凱基9C購01,0,0,0,0,0,0,0,0,0,61000,0,0,0,81000,20000,61000,61000
061548,聯詠群益9A購02  ,0,0,0,0,0,0,0,0,0,61000,0,0,0,61000,0,61000,61000
055569,聚陽統一98購01  ,0,0,0,0,0,0,0,0,0,61000,0,0,0,120000,59000,61000,61000
059154,可成日盛99購02  ,0,0,0,0,0,0,0,0,0,61000,0,0,0,70000,9000,61000,61000
059147,矽創國票99購01  ,0,0,0,0,0,0,0,0,0,61000,0,0,0,120000,59000,61000,61000
054050,創意元大96購06  ,0,0,0,0,0,0,0,0,0,61000,0,0,0,68000,7000,61000,61000
058369,亞光凱基99購02  ,0,0,0,0,0,0,0,0,0,61000,0,0,0,61000,0,61000,61000
058118,瑞昱群益99購01  ,0,0,0,0,0,0,0,0,0,61000,0,0,0,61000,0,61000,61000
060661,台積電凱基9A購18,0,0,0,0,0,0,0,0,0,61000,0,0,0,61000,0,61000,61000
061482,健策元大9C購01  ,0,0,0,0,0,0,0,0,0,60000,0,0,0,118000,58000,60000,60000
061855,台郡國票9B購01  ,0,0,0,0,0,0,0,0,0,60000,0,0,0,107000,47000,60000,60000
062076,美律元大9B購02  ,0,0,0,0,0,0,0,0,0,60000,0,0,0,60000,0,60000,60000
062124,大立光統一9B購09,0,0,0,0,0,0,0,0,0,60000,0,0,0,70000,10000,60000,60000
060922,金像電永豐9A購01,0,0,0,0,0,0,0,0,0,60000,0,0,0,176000,116000,60000,60000
060806,華新科群益9A購03,0,0,0,0,0,0,0,0,0,60000,0,0,0,60000,0,60000,60000
062489,可成永豐9B購02  ,0,0,0,0,0,0,0,0,0,60000,0,0,0,60000,0,60000,60000
062683,可成統一9B購04  ,0,0,0,0,0,0,0,0,0,60000,0,0,0,60000,0,60000,60000
062750,可成中信9B購01  ,0,0,0,0,0,0,0,0,0,60000,0,0,0,60000,0,60000,60000
062211,玉晶光台新9B購01,0,0,0,0,0,0,0,0,0,60000,0,0,0,60000,0,60000,60000
054101,茂林國票97購04  ,0,0,0,0,0,0,0,0,0,60000,0,0,0,150000,90000,60000,60000
053355,超眾兆豐97購01  ,0,0,0,0,0,0,0,0,0,60000,0,0,0,60000,0,60000,60000
054354,技嘉富邦97購01  ,0,0,0,0,0,0,0,0,0,60000,0,0,0,460000,400000,60000,60000
054356,可成兆豐97購01  ,0,0,0,0,0,0,0,0,0,60000,0,0,0,60000,0,60000,60000
059174,訊芯凱基99購01  ,0,0,0,0,0,0,0,0,0,60000,0,0,0,95000,35000,60000,60000
054788,華新科群益98購02,0,0,0,0,0,0,0,0,0,60000,0,0,0,60000,0,60000,60000
054700,致新永豐97購01  ,0,0,0,0,0,0,0,0,0,60000,0,0,0,60000,0,60000,60000
054652,裕隆麥證97購01  ,0,0,0,60000,0,60000,0,0,0,60000,0,0,0,60000,0,60000,60000
055133,致新康和97購01  ,0,0,0,0,0,0,0,0,0,60000,0,0,0,60000,0,60000,60000
056228,可成凱基97購03  ,0,0,0,0,0,0,0,0,0,60000,0,0,0,60000,0,60000,60000
055444,致新台新97購01  ,0,0,0,0,0,0,0,0,0,60000,0,0,0,60000,0,60000,60000
055512,聯詠兆豐97購01  ,0,0,0,0,0,0,0,0,0,60000,0,0,0,60000,0,60000,60000
057943,可成國票99購03  ,0,0,0,0,0,0,0,0,0,60000,0,0,0,63000,3000,60000,60000
058850,華新科群益99購03,0,0,0,0,0,0,0,0,0,60000,0,0,0,60000,0,60000,60000
058839,瑞儀中信99購02  ,0,0,0,0,0,0,0,0,0,60000,0,0,0,75000,15000,60000,60000
057838,台郡國泰99購01  ,0,0,0,0,0,0,0,0,0,60000,0,0,0,60000,0,60000,60000
057878,台郡元大99購04  ,0,0,0,0,0,0,0,0,0,60000,0,0,0,60000,0,60000,60000
058092,牧德元大98購02  ,0,0,0,0,0,0,0,0,0,60000,0,0,0,60000,0,60000,60000
057295,可成永豐98購02  ,0,0,0,0,0,0,0,0,0,60000,0,0,0,60000,0,60000,60000
057105,致茂群益9A購01  ,0,0,0,0,0,0,0,0,0,60000,0,0,0,95000,35000,60000,60000
059909,鴻海元大99購36  ,0,0,0,0,0,0,0,0,0,60000,0,0,0,128000,68000,60000,60000
6443,元晶            ,120000,60000,60000,0,0,0,0,0,0,0,0,0,0,0,0,0,60000
08008P,華新科統一9B售05,0,0,0,0,0,0,0,0,0,60000,0,0,0,60000,0,60000,60000
07830P,牧德凱基9A售03  ,0,0,0,0,0,0,0,0,0,60000,0,0,0,120000,60000,60000,60000
07543P,台積電凱基9A售17,0,0,0,0,0,0,0,0,0,60000,0,0,0,60000,0,60000,60000
062664,群創群益9B購02  ,0,0,0,0,0,0,0,0,0,59000,0,0,0,74000,15000,59000,59000
062928,富邦金台新9B購02,0,0,0,0,0,0,0,0,0,59000,0,0,0,96000,37000,59000,59000
060898,世芯凱基9A購03  ,0,0,0,0,0,0,0,0,0,59000,0,0,0,63000,4000,59000,59000
060933,南電永豐9A購02  ,0,0,0,0,0,0,0,0,0,59000,0,0,0,59000,0,59000,59000
061129,文曄永豐9A購01  ,0,0,0,0,0,0,0,0,0,59000,0,0,0,59000,0,59000,59000
061375,華通永豐9A購02  ,0,0,0,0,0,0,0,0,0,59000,0,0,0,59000,0,59000,59000
06145P,華新科永豐97售02,0,0,0,0,0,0,0,0,0,59000,0,0,0,60000,1000,59000,59000
046191,新光金凱基98購01,0,0,0,0,0,0,0,0,0,59000,0,0,0,59000,0,59000,59000
059886,可成國票99購04  ,0,0,0,0,0,0,0,0,0,59000,0,0,0,318000,259000,59000,59000
058749,康控凱基99購03  ,0,0,0,0,0,0,0,0,0,59000,0,0,0,68000,9000,59000,59000
058170,國巨凱基9A購06  ,0,0,0,0,0,0,0,0,0,59000,0,0,0,60000,1000,59000,59000
06598P,奇力新永豐98售02,0,0,0,0,0,0,0,0,0,59000,0,0,0,59000,0,59000,59000
6592,和潤企業        ,214000,151000,63000,0,0,0,0,0,0,-4000,2000,0,2000,1000,7000,-6000,59000
5519,隆大            ,103000,44000,59000,0,0,0,0,0,0,0,0,0,0,0,0,0,59000
6271,同欣電          ,540000,1427677,-887677,0,0,0,860000,0,860000,86000,79000,51000,28000,73000,15000,58000,58323
061781,台積電群益9C購01,0,0,0,0,0,0,0,0,0,58000,0,0,0,118000,60000,58000,58000
061918,上銀凱基9B購02  ,0,0,0,0,0,0,0,0,0,58000,0,0,0,98000,40000,58000,58000
062991,台光電群益9B購03,0,0,0,0,0,0,0,0,0,58000,0,0,0,77000,19000,58000,58000
062258,奇力新元大9B購03,0,0,0,0,0,0,0,0,0,58000,0,0,0,58000,0,58000,58000
053540,健策永豐96購01  ,0,0,0,0,0,0,0,0,0,58000,0,0,0,58000,0,58000,58000
054569,GIS群益98購01   ,0,0,0,0,0,0,0,0,0,58000,0,0,0,69000,11000,58000,58000
056704,健策國泰99購01  ,0,0,0,0,0,0,0,0,0,58000,0,0,0,58000,0,58000,58000
053338,台光電國票97購01,0,0,0,0,0,0,0,0,0,58000,0,0,0,58000,0,58000,58000
056404,嘉聯益群益9A購01,0,0,0,0,0,0,0,0,0,58000,0,0,0,58000,0,58000,58000
057778,大立光群益98購02,0,0,0,0,0,0,0,0,0,58000,0,0,0,58000,0,58000,58000
060642,華擎永豐9A購02  ,0,0,0,0,0,0,0,0,0,58000,0,0,0,68000,10000,58000,58000
060425,凌華永豐9A購01  ,0,0,0,0,0,0,0,0,0,58000,0,0,0,280000,222000,58000,58000
058781,康友國票9A購01  ,0,0,0,0,0,0,0,0,0,58000,0,0,0,58000,0,58000,58000
059930,健策富邦9B購01  ,0,0,0,0,0,0,0,0,0,58000,0,0,0,62000,4000,58000,58000
057300,訊連永豐98購01  ,0,0,0,0,0,0,0,0,0,58000,0,0,0,58000,0,58000,58000
4106,雃博            ,697000,638000,59000,0,0,0,0,0,0,-1000,1000,2000,-1000,0,0,0,58000
5269,祥碩            ,495000,308900,186100,0,0,0,0,133000,-133000,4000,35000,23000,12000,0,8000,-8000,57100
063205,貿聯統一9C購01  ,0,0,0,0,0,0,0,0,0,57000,0,0,0,324000,267000,57000,57000
061949,大立光群益9B購03,0,0,0,0,0,0,0,0,0,57000,0,0,0,175000,118000,57000,57000
061699,燿華國票9A購01  ,0,0,0,0,0,0,0,0,0,57000,0,0,0,80000,23000,57000,57000
055933,欣興群益98購02  ,0,0,0,0,0,0,0,0,0,57000,0,0,0,169000,112000,57000,57000
053759,晶相光國泰98購01,0,0,0,0,0,0,0,0,0,57000,0,0,0,115000,58000,57000,57000
052705,超眾國票97購01  ,0,0,0,0,0,0,0,0,0,57000,0,0,0,57000,0,57000,57000
059918,華新科元大99購20,0,0,0,0,0,0,0,0,0,57000,0,0,0,57000,0,57000,57000
060547,瑞昱凱基9A購01  ,0,0,0,0,0,0,0,0,0,57000,0,0,0,57000,0,57000,57000
057724,亞德客國泰99購01,0,0,0,0,0,0,0,0,0,57000,0,0,0,523000,466000,57000,57000
07519P,臺股指元大9B售10,0,0,0,0,0,0,0,0,0,57000,0,0,0,57000,0,57000,57000
07765P,台積電群益9A售06,0,0,0,0,0,0,0,0,0,57000,0,0,0,70000,13000,57000,57000
08034P,台積電兆豐9B售02,0,0,0,0,0,0,0,0,0,57000,0,0,0,70000,13000,57000,57000
062112,祥碩國票9C購01  ,0,0,0,0,0,0,0,0,0,56000,0,0,0,65000,9000,56000,56000
061349,嘉澤元大9A購02  ,0,0,0,0,0,0,0,0,0,56000,0,0,0,119000,63000,56000,56000
061138,晶技統一9C購01  ,0,0,0,0,0,0,0,0,0,56000,0,0,0,104000,48000,56000,56000
061232,和大元大9A購03  ,0,0,0,0,0,0,0,0,0,56000,0,0,0,67000,11000,56000,56000
060764,華擎元大9A購03  ,0,0,0,0,0,0,0,0,0,56000,0,0,0,72000,16000,56000,56000
062811,鴻海兆豐9B購01  ,0,0,0,0,0,0,0,0,0,56000,0,0,0,62000,6000,56000,56000
062347,台光電群益9B購02,0,0,0,0,0,0,0,0,0,56000,0,0,0,56000,0,56000,56000
054269,台光電亞東98購01,0,0,0,0,0,0,0,0,0,56000,0,0,0,76000,20000,56000,56000
048589,國巨兆豐96購01  ,0,0,0,0,0,0,0,0,0,56000,0,0,0,56000,0,56000,56000
058012,鈺齊國票99購01  ,0,0,0,0,0,0,0,0,0,56000,0,0,0,204000,148000,56000,56000
060416,神隆永豐9A購01  ,0,0,0,0,0,0,0,0,0,56000,0,0,0,182000,126000,56000,56000
058273,同欣電永豐99購01,0,0,0,0,0,0,0,0,0,56000,0,0,0,68000,12000,56000,56000
059647,超眾凱基99購04  ,0,0,0,0,0,0,0,0,0,56000,0,0,0,60000,4000,56000,56000
07767P,華新科群益9A售07,0,0,0,0,0,0,0,0,0,56000,0,0,0,56000,0,56000,56000
1783,和康生          ,105000,51000,54000,0,0,0,0,0,0,2000,2000,0,2000,0,0,0,56000
8462,柏文            ,64787,16000,48787,0,0,0,0,0,0,7000,0,0,0,15000,8000,7000,55787
062189,康控元大9B購02  ,0,0,0,0,0,0,0,0,0,55000,0,0,0,68000,13000,55000,55000
062562,瑞儀凱基9B購02  ,0,0,0,0,0,0,0,0,0,55000,0,0,0,101000,46000,55000,55000
060824,旺宏元大9A購06  ,0,0,0,0,0,0,0,0,0,55000,0,0,0,100000,45000,55000,55000
061355,康友元大9A購03  ,0,0,0,0,0,0,0,0,0,55000,0,0,0,60000,5000,55000,55000
061410,緯穎國票9A購03  ,0,0,0,0,0,0,0,0,0,55000,0,0,0,91000,36000,55000,55000
061647,南六元大9A購03  ,0,0,0,0,0,0,0,0,0,55000,0,0,0,135000,80000,55000,55000
061501,嘉澤國票9A購01  ,0,0,0,0,0,0,0,0,0,55000,0,0,0,78000,23000,55000,55000
051485,玉晶光凱基97購02,0,0,0,0,0,0,0,0,0,55000,0,0,0,58000,3000,55000,55000
052011,欣興中信96購01  ,0,0,0,0,0,0,0,0,0,55000,0,0,0,55000,0,55000,55000
052942,聯發科中信97購04,0,0,0,0,0,0,0,0,0,55000,0,0,0,335000,280000,55000,55000
054944,精元元大97購01  ,0,0,0,0,0,0,0,0,0,55000,0,0,0,55000,0,55000,55000
059024,大立光統一9B購04,0,0,0,0,0,0,0,0,0,55000,0,0,0,55000,0,55000,55000
058768,南港兆豐99購01  ,0,0,0,0,0,0,0,0,0,55000,0,0,0,56000,1000,55000,55000
059940,微星永豐99購01  ,0,0,0,0,0,0,0,0,0,55000,0,0,0,55000,0,55000,55000
056844,欣興元富98購03  ,0,0,0,0,0,0,0,0,0,55000,0,0,0,91000,36000,55000,55000
060489,世紀鋼群益9A購01,0,0,0,0,0,0,0,0,0,55000,0,0,0,55000,0,55000,55000
058240,景碩元大99購04  ,0,0,0,0,0,0,0,0,0,55000,0,0,0,105000,50000,55000,55000
057820,華擎元大98購02  ,0,0,0,0,0,0,0,0,0,55000,0,0,0,68000,13000,55000,55000
3048,益登            ,128000,74000,54000,0,0,0,0,0,0,1000,1000,0,1000,0,0,0,55000
3032,偉訓            ,78000,23000,55000,0,0,0,0,0,0,0,0,0,0,0,0,0,55000
1558,伸興            ,67000,12000,55000,0,0,0,0,0,0,0,0,0,0,0,0,0,55000
07834P,聯詠群益9A售03  ,0,0,0,0,0,0,0,0,0,55000,0,0,0,78000,23000,55000,55000
07544P,大立光凱基9A售09,0,0,0,0,0,0,0,0,0,55000,0,0,0,55000,0,55000,55000
07342P,大立光凱基99售14,0,0,0,0,0,0,0,0,0,55000,0,0,0,70000,15000,55000,55000
06169P,華新科元富97售02,0,0,0,0,0,0,0,0,0,54000,0,0,0,60000,6000,54000,54000
059172,台郡凱基99購03  ,0,0,0,0,0,0,0,0,0,54000,0,0,0,54000,0,54000,54000
054874,帆宣群益99購02  ,0,0,0,0,0,0,0,0,0,54000,0,0,0,90000,36000,54000,54000
056341,宏達電凱基9A購01,0,0,0,0,0,0,0,0,0,54000,0,0,0,54000,0,54000,54000
055559,大立光凱基97購09,0,0,0,0,0,0,0,0,0,54000,0,0,0,54000,0,54000,54000
053800,華通凱基97購03  ,0,0,0,0,0,0,0,0,0,54000,0,0,0,54000,0,54000,54000
054057,晶豪科國票97購01,0,0,0,0,0,0,0,0,0,54000,0,0,0,54000,0,54000,54000
049799,旺宏元大96購01  ,0,0,0,0,0,0,0,0,0,54000,0,0,0,54000,0,54000,54000
056909,嘉聯益元大99購03,0,0,0,0,0,0,0,0,0,54000,0,0,0,74000,20000,54000,54000
059814,SP黃豆凱基9A購02,0,0,0,0,0,0,0,0,0,54000,0,0,0,64000,10000,54000,54000
07031P,台灣50中信03售02,0,0,0,0,0,0,0,0,0,54000,0,0,0,54000,0,54000,54000
1519,華城            ,145000,87000,58000,0,0,0,0,0,0,-4000,0,4000,-4000,0,0,0,54000
1215,卜蜂            ,394000,265000,129000,0,0,0,0,98000,-98000,23000,52000,0,52000,0,29000,-29000,54000
2727,王品            ,106000,52000,54000,0,0,0,0,0,0,0,0,0,0,0,0,0,54000
061958,鴻海統一01購01  ,0,0,0,0,0,0,0,0,0,53000,0,0,0,93000,40000,53000,53000
062568,緯穎中信9C購01  ,0,0,0,0,0,0,0,0,0,53000,0,0,0,65000,12000,53000,53000
063155,緯穎元富9B購03  ,0,0,0,0,0,0,0,0,0,53000,0,0,0,58000,5000,53000,53000
063257,牧德國泰01購01  ,0,0,0,0,0,0,0,0,0,53000,0,0,0,53000,0,53000,53000
044963,台積電中信96購01,0,0,0,0,0,0,0,0,0,53000,0,0,0,71000,18000,53000,53000
055022,精元國泰99購01  ,0,0,0,0,0,0,0,0,0,53000,0,0,0,73000,20000,53000,53000
055207,致新中信99購01  ,0,0,0,0,0,0,0,0,0,53000,0,0,0,58000,5000,53000,53000
059116,晶豪科永豐99購01,0,0,0,0,0,0,0,0,0,53000,0,0,0,53000,0,53000,53000
059007,南電元大99購05  ,0,0,0,0,0,0,0,0,0,53000,0,0,0,91000,38000,53000,53000
056856,華通群益9A購01  ,0,0,0,0,0,0,0,0,0,53000,0,0,0,90000,37000,53000,53000
058204,世芯凱基9A購01  ,0,0,0,0,0,0,0,0,0,53000,0,0,0,76000,23000,53000,53000
2426,鼎元            ,115000,62000,53000,0,0,0,0,0,0,0,0,0,0,0,0,0,53000
3094,聯傑            ,59000,6000,53000,0,0,0,0,0,0,0,0,0,0,0,0,0,53000
07886P,國巨國票9B售06  ,0,0,0,0,0,0,0,0,0,53000,0,0,0,63000,10000,53000,53000
07507P,國巨國票9B售02  ,0,0,0,0,0,0,0,0,0,53000,0,0,0,53000,0,53000,53000
063170,智邦第一9B購01  ,0,0,0,0,0,0,0,0,0,52000,0,0,0,52000,0,52000,52000
06338P,亞德客統一97售02,0,0,0,0,0,0,0,0,0,52000,0,0,0,309000,257000,52000,52000
063034,致茂凱基9B購01  ,0,0,0,0,0,0,0,0,0,52000,0,0,0,62000,10000,52000,52000
062233,神隆凱基9B購01  ,0,0,0,0,0,0,0,0,0,52000,0,0,0,154000,102000,52000,52000
062345,和大群益9B購01  ,0,0,0,0,0,0,0,0,0,52000,0,0,0,52000,0,52000,52000
061744,超眾凱基9B購02  ,0,0,0,0,0,0,0,0,0,52000,0,0,0,52000,0,52000,52000
056470,旺宏元大99購01  ,0,0,0,0,0,0,0,0,0,52000,0,0,0,87000,35000,52000,52000
056454,欣興凱基98購02  ,0,0,0,0,0,0,0,0,0,52000,0,0,0,52000,0,52000,52000
047962,T50反1中信96購02,0,0,0,0,0,0,0,0,0,52000,0,0,0,649000,597000,52000,52000
00654R,富邦印度反1     ,76000,29000,47000,0,0,0,0,0,0,5000,0,0,0,5000,0,5000,52000
053896,麗豐群益97購01  ,0,0,0,0,0,0,0,0,0,52000,0,0,0,52000,0,52000,52000
059199,欣興永豐99購02  ,0,0,0,0,0,0,0,0,0,52000,0,0,0,72000,20000,52000,52000
057969,緯穎國泰99購01  ,0,0,0,0,0,0,0,0,0,52000,0,0,0,248000,196000,52000,52000
057189,康控元大98購02  ,0,0,0,0,0,0,0,0,0,52000,0,0,0,61000,9000,52000,52000
060363,美律元富9A購01  ,0,0,0,0,0,0,0,0,0,52000,0,0,0,215000,163000,52000,52000
056894,佳世達元大99購01,0,0,0,0,0,0,0,0,0,52000,0,0,0,62000,10000,52000,52000
059964,元金2X凱基99購02,0,0,0,0,0,0,0,0,0,52000,0,0,0,62000,10000,52000,52000
057346,鴻海統一98購13  ,0,0,0,0,0,0,0,0,0,52000,0,0,0,58000,6000,52000,52000
059315,鴻海元大99購30  ,0,0,0,0,0,0,0,0,0,52000,0,0,0,65000,13000,52000,52000
07630P,臺股指凱基9A售11,0,0,0,0,0,0,0,0,0,52000,0,0,0,482000,430000,52000,52000
07709P,創意元大9A售01  ,0,0,0,0,0,0,0,0,0,52000,0,0,0,52000,0,52000,52000
060827,健策元大9A購02  ,0,0,0,0,0,0,0,0,0,51000,0,0,0,58000,7000,51000,51000
062688,華擎統一01購03  ,0,0,0,0,0,0,0,0,0,51000,0,0,0,54000,3000,51000,51000
062747,立積永豐9B購01  ,0,0,0,0,0,0,0,0,0,51000,0,0,0,51000,0,51000,51000
062821,華擎兆豐9C購01  ,0,0,0,0,0,0,0,0,0,51000,0,0,0,158000,107000,51000,51000
055684,京鼎凱基97購01  ,0,0,0,0,0,0,0,0,0,51000,0,0,0,51000,0,51000,51000
056411,緯穎國票99購01  ,0,0,0,0,0,0,0,0,0,51000,0,0,0,53000,2000,51000,51000
056266,開發金統一9A購01,0,0,0,0,0,0,0,0,0,51000,0,0,0,374000,323000,51000,51000
058289,奇鋐國票9A購01  ,0,0,0,0,0,0,0,0,0,51000,0,0,0,61000,10000,51000,51000
057366,智邦元大98購08  ,0,0,0,0,0,0,0,0,0,51000,0,0,0,61000,10000,51000,51000
057438,禾伸堂國票99購01,0,0,0,0,0,0,0,0,0,51000,0,0,0,51000,0,51000,51000
057713,美律統一99購01  ,0,0,0,0,0,0,0,0,0,51000,0,0,0,57000,6000,51000,51000
058537,彩晶統一9B購01  ,0,0,0,0,0,0,0,0,0,51000,0,0,0,120000,69000,51000,51000
06679P,旺宏元大98售09  ,0,0,0,0,0,0,0,0,0,51000,0,0,0,51000,0,51000,51000
063199,台積電統一01購07,0,0,0,0,0,0,0,0,0,50000,0,0,0,51000,1000,50000,50000
062572,元金反群益9C購01,0,0,0,0,0,0,0,0,0,50000,0,0,0,50000,0,50000,50000
062250,台積電元大9B購02,0,0,0,0,0,0,0,0,0,50000,0,0,0,78000,28000,50000,50000
062293,麗豐永豐9B購01  ,0,0,0,0,0,0,0,0,0,50000,0,0,0,60000,10000,50000,50000
061337,台積電元大9A購27,0,0,0,0,0,0,0,0,0,50000,0,0,0,50000,0,50000,50000
061127,美食永豐9A購01  ,0,0,0,0,0,0,0,0,0,50000,0,0,0,80000,30000,50000,50000
061709,SP黃豆凱基01購02,0,0,0,0,0,0,0,0,0,50000,0,0,0,50000,0,50000,50000
061737,南亞科凱基9B購01,0,0,0,0,0,0,0,0,0,50000,0,0,0,60000,10000,50000,50000
061644,健策元大9C購02  ,0,0,0,0,0,0,0,0,0,50000,0,0,0,111000,61000,50000,50000
061645,超眾元大9A購06  ,0,0,0,0,0,0,0,0,0,50000,0,0,0,110000,60000,50000,50000
061611,南六統一01購01  ,0,0,0,0,0,0,0,0,0,50000,0,0,0,50000,0,50000,50000
061678,玉晶光元大9B購04,0,0,0,0,0,0,0,0,0,50000,0,0,0,50000,0,50000,50000
061491,嘉聯益兆豐9B購01,0,0,0,0,0,0,0,0,0,50000,0,0,0,100000,50000,50000,50000
061527,牧德凱基9A購02  ,0,0,0,0,0,0,0,0,0,50000,0,0,0,90000,40000,50000,50000
062006,瑞昱國泰9C購01  ,0,0,0,0,0,0,0,0,0,50000,0,0,0,50000,0,50000,50000
054708,華通統一97購02  ,0,0,0,0,0,0,0,0,0,50000,0,0,0,50000,0,50000,50000
056550,瑞儀凱基99購01  ,0,0,0,0,0,0,0,0,0,50000,0,0,0,50000,0,50000,50000
05911P,南亞科永豐96售03,0,0,0,0,0,0,0,0,0,50000,0,0,0,50000,0,50000,50000
059211,鴻海元大99購27  ,0,0,0,0,0,0,0,0,0,50000,0,0,0,53000,3000,50000,50000
05594P,旺宏國票96售04  ,0,0,0,0,0,0,0,0,0,50000,0,0,0,50000,0,50000,50000
055019,福懋科元富97購01,0,0,0,0,0,0,0,0,0,50000,0,0,0,60000,10000,50000,50000
054971,帆宣元大97購02  ,0,0,0,0,0,0,0,0,0,50000,0,0,0,110000,60000,50000,50000
056650,彩晶凱基9A購01  ,0,0,0,0,0,0,0,0,0,50000,0,0,0,50000,0,50000,50000
054450,聯茂第一96購01  ,0,0,0,0,0,0,0,0,0,50000,0,0,0,50000,0,50000,50000
053916,漢唐國票97購04  ,0,0,0,0,0,0,0,0,0,50000,0,0,0,50000,0,50000,50000
053847,美律元富96購02  ,0,0,0,0,0,0,0,0,0,50000,0,0,0,50000,0,50000,50000
053058,台光電永昌99購01,0,0,0,0,0,0,0,0,0,50000,0,0,0,50000,0,50000,50000
046384,群創凱基98購02  ,0,0,0,0,0,0,0,0,0,50000,0,0,0,50000,0,50000,50000
048745,儒鴻元富97購02  ,0,0,0,0,0,0,0,0,0,50000,0,0,0,50000,0,50000,50000
054160,華泰凱基98購01  ,0,0,0,0,0,0,0,0,0,50000,0,0,0,50000,0,50000,50000
058157,華通台新99購01  ,0,0,0,0,0,0,0,0,0,50000,0,0,0,50000,0,50000,50000
057188,佐登元大98購01  ,0,0,0,0,0,0,0,0,0,50000,0,0,0,50000,0,50000,50000
057130,全新凱基98購03  ,0,0,0,0,0,0,0,0,0,50000,0,0,0,50000,0,50000,50000
057770,亞德客群益98購01,0,0,0,0,0,0,0,0,0,50000,0,0,0,112000,62000,50000,50000
058483,道瓊指國票9A購01,0,0,0,0,0,0,0,0,0,50000,0,0,0,50000,0,50000,50000
057077,國巨統一98購06  ,0,0,0,0,0,0,0,0,0,50000,0,0,0,50000,0,50000,50000
060331,台積電麥證9A購01,0,0,0,50000,0,50000,0,0,0,50000,0,0,0,50000,0,50000,50000
060285,聯電元大9C購01  ,0,0,0,0,0,0,0,0,0,50000,0,0,0,100000,50000,50000,50000
060296,和碩元大9A購01  ,0,0,0,0,0,0,0,0,0,50000,0,0,0,50000,0,50000,50000
060486,中租富邦9A購01  ,0,0,0,0,0,0,0,0,0,50000,0,0,0,60000,10000,50000,50000
060458,華通元大9A購02  ,0,0,0,0,0,0,0,0,0,50000,0,0,0,104000,54000,50000,50000
060462,鴻海元大9A購10  ,0,0,0,0,0,0,0,0,0,50000,0,0,0,51000,1000,50000,50000
060063,可成兆豐9B購01  ,0,0,0,0,0,0,0,0,0,50000,0,0,0,72000,22000,50000,50000
060092,瑞昱元大99購03  ,0,0,0,0,0,0,0,0,0,50000,0,0,0,80000,30000,50000,50000
056832,元油2X元富98購12,0,0,0,0,0,0,0,0,0,50000,0,0,0,50000,0,50000,50000
056831,元油2X元富98購11,0,0,0,0,0,0,0,0,0,50000,0,0,0,50000,0,50000,50000
058699,楠梓電元大99購02,0,0,0,0,0,0,0,0,0,50000,0,0,0,118000,68000,50000,50000
059683,康控富邦9C購01  ,0,0,0,0,0,0,0,0,0,50000,0,0,0,50000,0,50000,50000
06905P,上証2X國泰99售02,0,0,0,0,0,0,0,0,0,50000,0,0,0,50000,0,50000,50000
06865P,亞德客元大98售04,0,0,0,0,0,0,0,0,0,50000,0,0,0,50000,0,50000,50000
06825P,臺股指國票98售01,0,0,0,0,0,0,0,0,0,50000,0,0,0,81000,31000,50000,50000
07341P,台積電凱基99售18,0,0,0,0,0,0,0,0,0,50000,0,0,0,65000,15000,50000,50000
07358P,鴻海元大99售39  ,0,0,0,0,0,0,0,0,0,50000,0,0,0,50000,0,50000,50000
07114P,旺宏兆豐9A售01  ,0,0,0,0,0,0,0,0,0,50000,0,0,0,200000,150000,50000,50000
07226P,貿聯富邦9B售01  ,0,0,0,0,0,0,0,0,0,50000,0,0,0,50000,0,50000,50000
07690P,華新科元大9A售15,0,0,0,0,0,0,0,0,0,50000,0,0,0,50000,0,50000,50000
07777P,創意元大9A售03  ,0,0,0,0,0,0,0,0,0,50000,0,0,0,50000,0,50000,50000
08104P,晶技元大9B售06  ,0,0,0,0,0,0,0,0,0,50000,0,0,0,50000,0,50000,50000
3028,增你強          ,74000,25000,49000,0,0,0,0,0,0,1000,1000,0,1000,0,0,0,50000
061518,達方永豐9A購02  ,0,0,0,0,0,0,0,0,0,49000,0,0,0,349000,300000,49000,49000
061622,臻鼎群益9A購01  ,0,0,0,0,0,0,0,0,0,49000,0,0,0,49000,0,49000,49000
060730,台積電群益9A購03,0,0,0,0,0,0,0,0,0,49000,0,0,0,49000,0,49000,49000
062178,上銀元大9B購03  ,0,0,0,0,0,0,0,0,0,49000,0,0,0,111000,62000,49000,49000
062506,巨大群益9C購01  ,0,0,0,0,0,0,0,0,0,49000,0,0,0,87000,38000,49000,49000
062803,嘉晶統一9B購02  ,0,0,0,0,0,0,0,0,0,49000,0,0,0,59000,10000,49000,49000
062907,可成元大9C購03  ,0,0,0,0,0,0,0,0,0,49000,0,0,0,228000,179000,49000,49000
056558,台達電群益98購01,0,0,0,0,0,0,0,0,0,49000,0,0,0,61000,12000,49000,49000
056746,超眾凱基99購01  ,0,0,0,0,0,0,0,0,0,49000,0,0,0,90000,41000,49000,49000
059581,日月光元富99購02,0,0,0,0,0,0,0,0,0,49000,0,0,0,161000,112000,49000,49000
059425,SGBR2X元大9A購02,0,0,0,0,0,0,0,0,0,49000,0,0,0,100000,51000,49000,49000
06021P,世紀鋼元富96售03,0,0,0,0,0,0,0,0,0,49000,0,0,0,59000,10000,49000,49000
057609,友訊元富98購01  ,0,0,0,0,0,0,0,0,0,49000,0,0,0,177000,128000,49000,49000
059305,台灣50元大99購02,0,0,0,0,0,0,0,0,0,49000,0,0,0,49000,0,49000,49000
060459,鴻海元大9A購07  ,0,0,0,0,0,0,0,0,0,49000,0,0,0,60000,11000,49000,49000
058428,大立光元富99購02,0,0,0,0,0,0,0,0,0,49000,0,0,0,61000,12000,49000,49000
058569,健策凱基9A購01  ,0,0,0,0,0,0,0,0,0,49000,0,0,0,199000,150000,49000,49000
058102,楠梓電永豐98購04,0,0,0,0,0,0,0,0,0,49000,0,0,0,49000,0,49000,49000
2836,高雄銀          ,86000,37000,49000,0,0,0,0,0,0,0,0,0,0,0,0,0,49000
2485,兆赫            ,470000,433000,37000,0,0,0,0,0,0,12000,28000,16000,12000,0,0,0,49000
2387,精元            ,793000,756000,37000,0,0,0,0,0,0,12000,0,0,0,73000,61000,12000,49000
1537,廣隆            ,60000,11000,49000,0,0,0,0,0,0,0,0,0,0,0,0,0,49000
062617,京鼎元大9B購01  ,0,0,0,0,0,0,0,0,0,48000,0,0,0,91000,43000,48000,48000
062694,遠東新元大9B購01,0,0,0,0,0,0,0,0,0,48000,0,0,0,65000,17000,48000,48000
062212,臻鼎台新9B購01  ,0,0,0,0,0,0,0,0,0,48000,0,0,0,133000,85000,48000,48000
062371,健策元大9B購08  ,0,0,0,0,0,0,0,0,0,48000,0,0,0,139000,91000,48000,48000
060842,新光金國票9B購01,0,0,0,0,0,0,0,0,0,48000,0,0,0,48000,0,48000,48000
061184,大立光國泰9C購01,0,0,0,0,0,0,0,0,0,48000,0,0,0,74000,26000,48000,48000
062081,華新科元大9B購06,0,0,0,0,0,0,0,0,0,48000,0,0,0,60000,12000,48000,48000
054767,日電貿國票98購01,0,0,0,0,0,0,0,0,0,48000,0,0,0,100000,52000,48000,48000
054211,奇鋐國票97購03  ,0,0,0,0,0,0,0,0,0,48000,0,0,0,48000,0,48000,48000
047213,新日興富邦97購01,0,0,0,0,0,0,0,0,0,48000,0,0,0,90000,42000,48000,48000
046937,聯電元大99購01  ,0,0,0,0,0,0,0,0,0,48000,0,0,0,153000,105000,48000,48000
053744,台郡國票97購03  ,0,0,0,0,0,0,0,0,0,48000,0,0,0,48000,0,48000,48000
058144,聯茂元大99購02  ,0,0,0,0,0,0,0,0,0,48000,0,0,0,68000,20000,48000,48000
05722P,玉晶光國票97售03,0,0,0,0,0,0,0,0,0,48000,0,0,0,126000,78000,48000,48000
057729,華新科國泰99購04,0,0,0,0,0,0,0,0,0,48000,0,0,0,108000,60000,48000,48000
057743,華擎永豐98購03  ,0,0,0,0,0,0,0,0,0,48000,0,0,0,122000,74000,48000,48000
057604,鴻海統一9C購01  ,0,0,0,0,0,0,0,0,0,48000,0,0,0,57000,9000,48000,48000
059350,樺漢凱基9A購01  ,0,0,0,0,0,0,0,0,0,48000,0,0,0,53000,5000,48000,48000
057716,神達統一98購01  ,0,0,0,0,0,0,0,0,0,48000,0,0,0,68000,20000,48000,48000
057320,玉晶光凱基98購01,0,0,0,0,0,0,0,0,0,48000,0,0,0,48000,0,48000,48000
07769P,國巨國票9A售10  ,0,0,0,0,0,0,0,0,0,48000,0,0,0,48000,0,48000,48000
3533,嘉澤            ,512000,405000,107000,0,0,0,46000,58000,-12000,-47000,38000,52000,-14000,7000,40000,-33000,48000
5225,東科-KY         ,121000,73000,48000,0,0,0,0,0,0,0,0,0,0,0,0,0,48000
062068,滬深2X元大9B購02,0,0,0,0,0,0,0,0,0,47000,0,0,0,47000,0,47000,47000
062099,牧德永豐9B購01  ,0,0,0,0,0,0,0,0,0,47000,0,0,0,47000,0,47000,47000
061512,國巨永豐9A購04  ,0,0,0,0,0,0,0,0,0,47000,0,0,0,47000,0,47000,47000
061056,臺指反國票02購01,0,0,0,0,0,0,0,0,0,47000,0,0,0,55000,8000,47000,47000
062307,華通凱基9C購01  ,0,0,0,0,0,0,0,0,0,47000,0,0,0,47000,0,47000,47000
062557,台光電凱基9B購02,0,0,0,0,0,0,0,0,0,47000,0,0,0,163000,116000,47000,47000
054895,南電統一97購01  ,0,0,0,0,0,0,0,0,0,47000,0,0,0,49000,2000,47000,47000
055029,帆宣國泰99購01  ,0,0,0,0,0,0,0,0,0,47000,0,0,0,158000,111000,47000,47000
056101,光磊永豐98購01  ,0,0,0,0,0,0,0,0,0,47000,0,0,0,47000,0,47000,47000
056408,奇鋐國票99購01  ,0,0,0,0,0,0,0,0,0,47000,0,0,0,47000,0,47000,47000
056212,台光電國票98購03,0,0,0,0,0,0,0,0,0,47000,0,0,0,47000,0,47000,47000
058399,美律元大99購05  ,0,0,0,0,0,0,0,0,0,47000,0,0,0,147000,100000,47000,47000
060083,和大元大99購02  ,0,0,0,0,0,0,0,0,0,47000,0,0,0,47000,0,47000,47000
060479,億豐元大9A購01  ,0,0,0,0,0,0,0,0,0,47000,0,0,0,47000,0,47000,47000
060501,鴻海元大9A購13  ,0,0,0,0,0,0,0,0,0,47000,0,0,0,54000,7000,47000,47000
060693,台積電麥證9A購02,0,0,0,47000,0,47000,0,0,0,47000,0,0,0,47000,0,47000,47000
060252,緯穎元大9A購02  ,0,0,0,0,0,0,0,0,0,47000,0,0,0,105000,58000,47000,47000
060328,可成群益9A購06  ,0,0,0,0,0,0,0,0,0,47000,0,0,0,52000,5000,47000,47000
060381,元黃金凱基9A購01,0,0,0,0,0,0,0,0,0,47000,0,0,0,132000,85000,47000,47000
058830,健策永豐99購02  ,0,0,0,0,0,0,0,0,0,47000,0,0,0,152000,105000,47000,47000
058660,樺漢中信9A購01  ,0,0,0,0,0,0,0,0,0,47000,0,0,0,112000,65000,47000,47000
062794,鴻海統一9C購15  ,0,0,0,0,0,0,0,0,0,46000,0,0,0,46000,0,46000,46000
062196,聯發科中信01購02,0,0,0,0,0,0,0,0,0,46000,0,0,0,46000,0,46000,46000
062310,南亞科凱基9B購02,0,0,0,0,0,0,0,0,0,46000,0,0,0,56000,10000,46000,46000
061307,和潤永豐9A購02  ,0,0,0,0,0,0,0,0,0,46000,0,0,0,66000,20000,46000,46000
061948,美食群益9B購01  ,0,0,0,0,0,0,0,0,0,46000,0,0,0,72000,26000,46000,46000
055112,晶豪科凱基98購01,0,0,0,0,0,0,0,0,0,46000,0,0,0,46000,0,46000,46000
051503,玉晶光統一97購01,0,0,0,0,0,0,0,0,0,46000,0,0,0,57000,11000,46000,46000
06025P,臺股指元大99售02,0,0,0,0,0,0,0,0,0,46000,0,0,0,48000,2000,46000,46000
060235,瑞昱元大9A購01  ,0,0,0,0,0,0,0,0,0,46000,0,0,0,64000,18000,46000,46000
057985,華通元富02購03  ,0,0,0,0,0,0,0,0,0,46000,0,0,0,236000,190000,46000,46000
058111,健鼎元富98購01  ,0,0,0,0,0,0,0,0,0,46000,0,0,0,46000,0,46000,46000
057651,矽力元大98購03  ,0,0,0,0,0,0,0,0,0,46000,0,0,0,82000,36000,46000,46000
057649,嘉聯益元大99購04,0,0,0,0,0,0,0,0,0,46000,0,0,0,114000,68000,46000,46000
058700,鴻海元大99購15  ,0,0,0,0,0,0,0,0,0,46000,0,0,0,102000,56000,46000,46000
059829,超眾凱基99購05  ,0,0,0,0,0,0,0,0,0,46000,0,0,0,66000,20000,46000,46000
6165,捷泰            ,215000,169000,46000,0,0,0,0,0,0,0,0,0,0,0,0,0,46000
061842,牧德凱基9C購01  ,0,0,0,0,0,0,0,0,0,45000,0,0,0,45000,0,45000,45000
062127,台勝科統一01購02,0,0,0,0,0,0,0,0,0,45000,0,0,0,110000,65000,45000,45000
06151P,華新科元大97售07,0,0,0,0,0,0,0,0,0,45000,0,0,0,45000,0,45000,45000
062378,台表科元大9C購01,0,0,0,0,0,0,0,0,0,45000,0,0,0,151000,106000,45000,45000
062349,新日興群益9B購02,0,0,0,0,0,0,0,0,0,45000,0,0,0,158000,113000,45000,45000
062455,鴻海群益9C購01  ,0,0,0,0,0,0,0,0,0,45000,0,0,0,46000,1000,45000,45000
062764,世芯凱基9B購02  ,0,0,0,0,0,0,0,0,0,45000,0,0,0,199000,154000,45000,45000
050644,國巨凱基96購01  ,0,0,0,0,0,0,0,0,0,45000,0,0,0,45000,0,45000,45000
020015,統一MSCI美低波N ,0,0,0,0,0,0,0,0,0,45000,0,0,0,94000,49000,45000,45000
053889,致茂群益97購01  ,0,0,0,0,0,0,0,0,0,45000,0,0,0,63000,18000,45000,45000
053423,亞光永豐96購01  ,0,0,0,0,0,0,0,0,0,45000,0,0,0,45000,0,45000,45000
055626,力山永豐97購01  ,0,0,0,0,0,0,0,0,0,45000,0,0,0,55000,10000,45000,45000
056247,台郡群益97購01  ,0,0,0,0,0,0,0,0,0,45000,0,0,0,45000,0,45000,45000
056504,國巨永豐98購02  ,0,0,0,0,0,0,0,0,0,45000,0,0,0,50000,5000,45000,45000
056612,台積電永豐98購01,0,0,0,0,0,0,0,0,0,45000,0,0,0,45000,0,45000,45000
056153,華新科凱基97購02,0,0,0,0,0,0,0,0,0,45000,0,0,0,45000,0,45000,45000
059043,聯電日盛99購01  ,0,0,0,0,0,0,0,0,0,45000,0,0,0,45000,0,45000,45000
059834,友達國泰9B購01  ,0,0,0,0,0,0,0,0,0,45000,0,0,0,45000,0,45000,45000
059665,嘉聯益元大99購06,0,0,0,0,0,0,0,0,0,45000,0,0,0,55000,10000,45000,45000
060158,廣達永豐9A購01  ,0,0,0,0,0,0,0,0,0,45000,0,0,0,130000,85000,45000,45000
06012P,世芯國票96售01  ,0,0,0,0,0,0,0,0,0,45000,0,0,0,45000,0,45000,45000
056834,華新元富99購01  ,0,0,0,0,0,0,0,0,0,45000,0,0,0,80000,35000,45000,45000
058239,景碩元大99購03  ,0,0,0,0,0,0,0,0,0,45000,0,0,0,51000,6000,45000,45000
057173,南亞科元大98購04,0,0,0,0,0,0,0,0,0,45000,0,0,0,53000,8000,45000,45000
060248,日月光元大9A購01,0,0,0,0,0,0,0,0,0,45000,0,0,0,117000,72000,45000,45000
060336,南電康和9A購01  ,0,0,0,0,0,0,0,0,0,45000,0,0,0,53000,8000,45000,45000
060463,台積電元大9A購10,0,0,0,0,0,0,0,0,0,45000,0,0,0,51000,6000,45000,45000
2106,建大            ,73000,454000,-381000,0,0,0,466000,0,466000,-40000,0,40000,-40000,0,0,0,45000
07348P,滬深2X凱基9A售04,0,0,0,0,0,0,0,0,0,45000,0,0,0,50000,5000,45000,45000
063115,台積電麥證9B購02,0,0,0,44000,0,44000,0,0,0,44000,0,0,0,44000,0,44000,44000
061820,康控群益9B購02  ,0,0,0,0,0,0,0,0,0,44000,0,0,0,129000,85000,44000,44000
061402,矽創兆豐9B購01  ,0,0,0,0,0,0,0,0,0,44000,0,0,0,44000,0,44000,44000
060899,超眾凱基9A購01  ,0,0,0,0,0,0,0,0,0,44000,0,0,0,54000,10000,44000,44000
056763,國巨元大99購02  ,0,0,0,0,0,0,0,0,0,44000,0,0,0,45000,1000,44000,44000
055874,中環元富9A購01  ,0,0,0,0,0,0,0,0,0,44000,0,0,0,169000,125000,44000,44000
055360,台表科凱基97購02,0,0,0,0,0,0,0,0,0,44000,0,0,0,59000,15000,44000,44000
055449,超眾統一9A購01  ,0,0,0,0,0,0,0,0,0,44000,0,0,0,68000,24000,44000,44000
053092,台表科元大97購02,0,0,0,0,0,0,0,0,0,44000,0,0,0,86000,42000,44000,44000
057915,台泥凱基98購01  ,0,0,0,0,0,0,0,0,0,44000,0,0,0,161000,117000,44000,44000
060171,宏達電台新9A購01,0,0,0,0,0,0,0,0,0,44000,0,0,0,81000,37000,44000,44000
07174P,臺股指國票99售11,0,0,0,0,0,0,0,0,0,44000,0,0,0,272000,228000,44000,44000
06668P,祥碩凱基98售02  ,0,0,0,0,0,0,0,0,0,44000,0,0,0,325000,281000,44000,44000
062753,台積電麥證9B購01,0,0,0,43000,0,43000,0,0,0,43000,0,0,0,43000,0,43000,43000
062503,玉晶光群益01購03,0,0,0,0,0,0,0,0,0,43000,0,0,0,55000,12000,43000,43000
056255,華新科元富97購05,0,0,0,0,0,0,0,0,0,43000,0,0,0,70000,27000,43000,43000
060229,楠梓電元大9C購01,0,0,0,0,0,0,0,0,0,43000,0,0,0,43000,0,43000,43000
059761,國巨永豐99購06  ,0,0,0,0,0,0,0,0,0,43000,0,0,0,43000,0,43000,43000
058196,台塑中信99購01  ,0,0,0,0,0,0,0,0,0,43000,0,0,0,143000,100000,43000,43000
058189,嘉澤永豐99購01  ,0,0,0,0,0,0,0,0,0,43000,0,0,0,78000,35000,43000,43000
06859P,元金2X中信9C售01,0,0,0,0,0,0,0,0,0,43000,0,0,0,43000,0,43000,43000
07532P,台灣50中信01售02,0,0,0,0,0,0,0,0,0,43000,0,0,0,43000,0,43000,43000
08003P,國巨國泰9B售07  ,0,0,0,0,0,0,0,0,0,43000,0,0,0,43000,0,43000,43000
4916,事欣科          ,192000,151000,41000,0,0,0,0,0,0,2000,2000,0,2000,0,0,0,43000
060992,健策元大9A購05  ,0,0,0,0,0,0,0,0,0,42000,0,0,0,129000,87000,42000,42000
061455,京元電凱基9B購01,0,0,0,0,0,0,0,0,0,42000,0,0,0,66000,24000,42000,42000
061620,禾伸堂群益9A購02,0,0,0,0,0,0,0,0,0,42000,0,0,0,46000,4000,42000,42000
055612,台光電國票97購04,0,0,0,0,0,0,0,0,0,42000,0,0,0,42000,0,42000,42000
059051,和大凱基9A購01  ,0,0,0,0,0,0,0,0,0,42000,0,0,0,42000,0,42000,42000
059256,臺股指凱基99購34,0,0,0,0,0,0,0,0,0,42000,0,0,0,46000,4000,42000,42000
056136,京鼎元大98購01  ,0,0,0,0,0,0,0,0,0,42000,0,0,0,116000,74000,42000,42000
059063,康控凱基99購04  ,0,0,0,0,0,0,0,0,0,42000,0,0,0,51000,9000,42000,42000
053586,建準元大96購01  ,0,0,0,0,0,0,0,0,0,42000,0,0,0,42000,0,42000,42000
058456,京鼎永豐99購01  ,0,0,0,0,0,0,0,0,0,42000,0,0,0,43000,1000,42000,42000
057805,華通元大98購06  ,0,0,0,0,0,0,0,0,0,42000,0,0,0,65000,23000,42000,42000
060534,友達麥證9A購01  ,0,0,0,42000,0,42000,0,0,0,42000,0,0,0,42000,0,42000,42000
060706,群創富邦9A購01  ,0,0,0,0,0,0,0,0,0,42000,0,0,0,42000,0,42000,42000
059597,大立光元大99購21,0,0,0,0,0,0,0,0,0,42000,0,0,0,49000,7000,42000,42000
059344,長榮航凱基99購01,0,0,0,0,0,0,0,0,0,42000,0,0,0,112000,70000,42000,42000
060073,台積電元富99購03,0,0,0,0,0,0,0,0,0,42000,0,0,0,46000,4000,42000,42000
4725,信昌化          ,59000,17000,42000,0,0,0,0,0,0,0,0,0,0,0,0,0,42000
6257,矽格            ,259000,511000,-252000,0,0,0,550000,44000,506000,-212000,4000,80000,-76000,5000,141000,-136000,42000
6139,亞翔            ,87000,45000,42000,0,0,0,0,0,0,0,0,0,0,0,0,0,42000
2459,敦吉            ,95000,53000,42000,0,0,0,0,0,0,0,0,0,0,0,0,0,42000
06701P,臺股指統一99售06,0,0,0,0,0,0,0,0,0,42000,0,0,0,212000,170000,42000,42000
061722,健策永豐9B購03  ,0,0,0,0,0,0,0,0,0,41000,0,0,0,197000,156000,41000,41000
061528,超眾凱基9A購04  ,0,0,0,0,0,0,0,0,0,41000,0,0,0,71000,30000,41000,41000
060864,可成永豐9A購01  ,0,0,0,0,0,0,0,0,0,41000,0,0,0,55000,14000,41000,41000
060752,上銀元大9A購04  ,0,0,0,0,0,0,0,0,0,41000,0,0,0,66000,25000,41000,41000
062582,鴻海統一9C購11  ,0,0,0,0,0,0,0,0,0,41000,0,0,0,41000,0,41000,41000
062259,可成元大9B購03  ,0,0,0,0,0,0,0,0,0,41000,0,0,0,66000,25000,41000,41000
062238,臻鼎凱基9C購01  ,0,0,0,0,0,0,0,0,0,41000,0,0,0,64000,23000,41000,41000
049024,玉晶光群益97購01,0,0,0,0,0,0,0,0,0,41000,0,0,0,51000,10000,41000,41000
053742,創意國票97購01  ,0,0,0,0,0,0,0,0,0,41000,0,0,0,41000,0,41000,41000
053770,元金2X元大98購01,0,0,0,0,0,0,0,0,0,41000,0,0,0,51000,10000,41000,41000
054855,得力群益98購01  ,0,0,0,0,0,0,0,0,0,41000,0,0,0,139000,98000,41000,41000
055916,奇鋐凱基99購01  ,0,0,0,0,0,0,0,0,0,41000,0,0,0,126000,85000,41000,41000
054697,凌華永豐97購01  ,0,0,0,0,0,0,0,0,0,41000,0,0,0,41000,0,41000,41000
056433,鴻海凱基98購09  ,0,0,0,0,0,0,0,0,0,41000,0,0,0,79000,38000,41000,41000
059853,超眾永豐99購03  ,0,0,0,0,0,0,0,0,0,41000,0,0,0,56000,15000,41000,41000
060208,卜蜂康和9A購01  ,0,0,0,0,0,0,0,0,0,41000,0,0,0,51000,10000,41000,41000
060602,京元電凱基9A購01,0,0,0,0,0,0,0,0,0,41000,0,0,0,46000,5000,41000,41000
060543,鴻海凱基9B購02  ,0,0,0,0,0,0,0,0,0,41000,0,0,0,41000,0,41000,41000
060437,宏全永豐9A購01  ,0,0,0,0,0,0,0,0,0,41000,0,0,0,41000,0,41000,41000
08058P,華新科元大9B售10,0,0,0,0,0,0,0,0,0,41000,0,0,0,41000,0,41000,41000
07944P,華新科元大9B售08,0,0,0,0,0,0,0,0,0,41000,0,0,0,41000,0,41000,41000
1503,士電            ,74000,33000,41000,0,0,0,0,0,0,0,0,0,0,0,0,0,41000
2332,友訊            ,283000,194000,89000,0,0,0,0,0,0,-48000,6000,0,6000,11000,65000,-54000,41000
6451,訊芯-KY         ,137000,94000,43000,0,0,0,0,0,0,-2000,2000,1000,1000,3000,6000,-3000,41000
062296,南六永豐9B購02  ,0,0,0,0,0,0,0,0,0,40000,0,0,0,40000,0,40000,40000
062581,鴻海統一01購02  ,0,0,0,0,0,0,0,0,0,40000,0,0,0,40000,0,40000,40000
062592,牧德統一01購01  ,0,0,0,0,0,0,0,0,0,40000,0,0,0,75000,35000,40000,40000
062574,美食群益9B購02  ,0,0,0,0,0,0,0,0,0,40000,0,0,0,55000,15000,40000,40000
06262P,國巨凱基97售07  ,0,0,0,0,0,0,0,0,0,40000,0,0,0,59000,19000,40000,40000
062738,可成國票9B購02  ,0,0,0,0,0,0,0,0,0,40000,0,0,0,41000,1000,40000,40000
063088,緯穎凱基9B購04  ,0,0,0,0,0,0,0,0,0,40000,0,0,0,66000,26000,40000,40000
062934,大成鋼凱基9B購02,0,0,0,0,0,0,0,0,0,40000,0,0,0,40000,0,40000,40000
060800,華新科第一9A購01,0,0,0,0,0,0,0,0,0,40000,0,0,0,90000,50000,40000,40000
061404,臺指反國票04購01,0,0,0,0,0,0,0,0,0,40000,0,0,0,40000,0,40000,40000
061421,台積電元大9A購29,0,0,0,0,0,0,0,0,0,40000,0,0,0,40000,0,40000,40000
06137P,玉晶光永豐97售04,0,0,0,0,0,0,0,0,0,40000,0,0,0,90000,50000,40000,40000
061193,玉晶光永豐9B購02,0,0,0,0,0,0,0,0,0,40000,0,0,0,40000,0,40000,40000
061529,國巨台新9A購02  ,0,0,0,0,0,0,0,0,0,40000,0,0,0,40000,0,40000,40000
061668,信邦中信9B購01  ,0,0,0,0,0,0,0,0,0,40000,0,0,0,93000,53000,40000,40000
061872,友達元大9C購06  ,0,0,0,0,0,0,0,0,0,40000,0,0,0,243000,203000,40000,40000
061928,群創凱基9B購06  ,0,0,0,0,0,0,0,0,0,40000,0,0,0,40000,0,40000,40000
062017,京鼎永豐9B購01  ,0,0,0,0,0,0,0,0,0,40000,0,0,0,41000,1000,40000,40000
056716,康舒永豐98購01  ,0,0,0,0,0,0,0,0,0,40000,0,0,0,60000,20000,40000,40000
056533,友達凱基9A購02  ,0,0,0,0,0,0,0,0,0,40000,0,0,0,40000,0,40000,40000
056586,光罩統一98購02  ,0,0,0,0,0,0,0,0,0,40000,0,0,0,40000,0,40000,40000
055053,瑞昱永豐97購01  ,0,0,0,0,0,0,0,0,0,40000,0,0,0,40000,0,40000,40000
055124,建準兆豐97購01  ,0,0,0,0,0,0,0,0,0,40000,0,0,0,40000,0,40000,40000
05463P,創意國票96售04  ,0,0,0,0,0,0,0,0,0,40000,0,0,0,40000,0,40000,40000
055564,茂林凱基98購01  ,0,0,0,0,0,0,0,0,0,40000,0,0,0,40000,0,40000,40000
055433,嘉聯益群益99購01,0,0,0,0,0,0,0,0,0,40000,0,0,0,138000,98000,40000,40000
055481,聚陽元大97購01  ,0,0,0,0,0,0,0,0,0,40000,0,0,0,40000,0,40000,40000
055214,聯電凱基97購02  ,0,0,0,0,0,0,0,0,0,40000,0,0,0,90000,50000,40000,40000
055318,華通國票98購01  ,0,0,0,0,0,0,0,0,0,40000,0,0,0,83000,43000,40000,40000
055330,上銀兆豐98購02  ,0,0,0,0,0,0,0,0,0,40000,0,0,0,79000,39000,40000,40000
054989,精元元富97購01  ,0,0,0,0,0,0,0,0,0,40000,0,0,0,60000,20000,40000,40000
059062,群創凱基99購05  ,0,0,0,0,0,0,0,0,0,40000,0,0,0,40000,0,40000,40000
059216,台積電元大99購29,0,0,0,0,0,0,0,0,0,40000,0,0,0,40000,0,40000,40000
059259,FBVIX中信03購06 ,0,0,0,0,0,0,0,0,0,40000,0,0,0,50000,10000,40000,40000
059254,台表科凱基9A購02,0,0,0,0,0,0,0,0,0,40000,0,0,0,40000,0,40000,40000
059050,元油2X凱基9B購08,0,0,0,0,0,0,0,0,0,40000,0,0,0,40000,0,40000,40000
053644,台表科國票97購03,0,0,0,0,0,0,0,0,0,40000,0,0,0,40000,0,40000,40000
053349,台郡國票97購02  ,0,0,0,0,0,0,0,0,0,40000,0,0,0,40000,0,40000,40000
052940,玉晶光兆豐97購01,0,0,0,0,0,0,0,0,0,40000,0,0,0,40000,0,40000,40000
052847,漢唐統一99購01  ,0,0,0,0,0,0,0,0,0,40000,0,0,0,40000,0,40000,40000
056671,台灣50元富9A購01,0,0,0,0,0,0,0,0,0,40000,0,0,0,40000,0,40000,40000
055687,瀚宇博凱基97購01,0,0,0,0,0,0,0,0,0,40000,0,0,0,50000,10000,40000,40000
054235,欣興群益96購06  ,0,0,0,0,0,0,0,0,0,40000,0,0,0,95000,55000,40000,40000
054064,台郡國票97購04  ,0,0,0,0,0,0,0,0,0,40000,0,0,0,40000,0,40000,40000
060558,億豐凱基9A購01  ,0,0,0,0,0,0,0,0,0,40000,0,0,0,40000,0,40000,40000
060684,同欣電元大9A購01,0,0,0,0,0,0,0,0,0,40000,0,0,0,118000,78000,40000,40000
057950,T50正2元大9B購04,0,0,0,0,0,0,0,0,0,40000,0,0,0,40000,0,40000,40000
058851,大立光群益99購07,0,0,0,0,0,0,0,0,0,40000,0,0,0,60000,20000,40000,40000
058907,健策元大99購04  ,0,0,0,0,0,0,0,0,0,40000,0,0,0,98000,58000,40000,40000
057802,卜蜂元大98購01  ,0,1000,-1000,0,0,0,0,0,0,41000,0,0,0,83000,42000,41000,40000
057959,欣興元大98購14  ,0,0,0,0,0,0,0,0,0,40000,0,0,0,70000,30000,40000,40000
057988,鈺齊元富98購02  ,0,0,0,0,0,0,0,0,0,40000,0,0,0,60000,20000,40000,40000
058545,義隆富邦9C購01  ,0,0,0,0,0,0,0,0,0,40000,0,0,0,59000,19000,40000,40000
057817,景碩元大98購01  ,0,0,0,0,0,0,0,0,0,40000,0,0,0,121000,81000,40000,40000
056945,鴻海統一98購12  ,0,0,0,0,0,0,0,0,0,40000,0,0,0,139000,99000,40000,40000
060025,台積電富邦9C購06,0,0,0,0,0,0,0,0,0,40000,0,0,0,110000,70000,40000,40000
057677,臺股指元大98購07,0,0,0,0,0,0,0,0,0,40000,0,0,0,40000,0,40000,40000
058385,創意中信99購01  ,0,0,0,0,0,0,0,0,0,40000,0,0,0,50000,10000,40000,40000
057351,奇力新統一98購02,0,0,0,0,0,0,0,0,0,40000,0,0,0,40000,0,40000,40000
057373,大立光元大98購17,0,0,0,0,0,0,0,0,0,40000,0,0,0,50000,10000,40000,40000
057433,上銀國票98購04  ,0,0,0,0,0,0,0,0,0,40000,0,0,0,88000,48000,40000,40000
1474,弘裕            ,244000,204000,40000,0,0,0,0,0,0,0,0,0,0,0,0,0,40000
08065P,瑞昱凱基9B售03  ,0,0,0,0,0,0,0,0,0,40000,0,0,0,40000,0,40000,40000
08017P,華新科國票9B售01,0,0,0,0,0,0,0,0,0,40000,0,0,0,40000,0,40000,40000
07811P,華新科統一9A售02,0,0,0,0,0,0,0,0,0,40000,0,0,0,40000,0,40000,40000
061506,瑞祺國票9A購02  ,0,0,0,0,0,0,0,0,0,39000,0,0,0,53000,14000,39000,39000
061287,大立光統一9B購06,0,0,0,0,0,0,0,0,0,39000,0,0,0,60000,21000,39000,39000
062926,嘉澤國票9B購01  ,0,0,0,0,0,0,0,0,0,39000,0,0,0,70000,31000,39000,39000
063227,祥碩群益9B購06  ,0,0,0,0,0,0,0,0,0,39000,0,0,0,249000,210000,39000,39000
062700,台光電元大9B購05,0,0,0,0,0,0,0,0,0,39000,0,0,0,41000,2000,39000,39000
062498,華通群益9C購04  ,0,0,0,0,0,0,0,0,0,39000,0,0,0,65000,26000,39000,39000
048652,巨大元大96購01  ,0,0,0,0,0,0,0,0,0,39000,0,0,0,44000,5000,39000,39000
050902,南電元大96購01  ,0,0,0,0,0,0,0,0,0,39000,0,0,0,44000,5000,39000,39000
053407,台積電兆豐96購02,0,0,0,0,0,0,0,0,0,39000,0,0,0,249000,210000,39000,39000
052733,台郡國泰97購01  ,0,0,0,0,0,0,0,0,0,39000,0,0,0,39000,0,39000,39000
053661,嘉澤凱基97購01  ,0,0,0,0,0,0,0,0,0,39000,0,0,0,42000,3000,39000,39000
052622,貿聯兆豐97購01  ,0,0,0,0,0,0,0,0,0,39000,0,0,0,39000,0,39000,39000
059275,可成元大99購05  ,0,0,0,0,0,0,0,0,0,39000,0,0,0,58000,19000,39000,39000
059113,群光永豐99購01  ,0,0,0,0,0,0,0,0,0,39000,0,0,0,181000,142000,39000,39000
059082,華通元大99購06  ,0,0,0,0,0,0,0,0,0,39000,0,0,0,64000,25000,39000,39000
054862,群光群益97購01  ,0,0,0,0,0,0,0,0,0,39000,0,0,0,49000,10000,39000,39000
056480,京鼎元大98購02  ,0,0,0,0,0,0,0,0,0,39000,0,0,0,80000,41000,39000,39000
057486,美律元大98購04  ,0,0,0,0,0,0,0,0,0,39000,0,0,0,107000,68000,39000,39000
057353,玉晶光統一99購01,0,0,0,0,0,0,0,0,0,39000,0,0,0,40000,1000,39000,39000
060047,道瓊反凱基99購01,0,0,0,0,0,0,0,0,0,39000,0,0,0,89000,50000,39000,39000
059426,鴻海元大99購31  ,0,0,0,0,0,0,0,0,0,39000,0,0,0,133000,94000,39000,39000
059641,群創凱基99購06  ,0,0,0,0,0,0,0,0,0,39000,0,0,0,81000,42000,39000,39000
058691,友訊國票9A購01  ,0,0,0,0,0,0,0,0,0,39000,0,0,0,91000,52000,39000,39000
058795,可成元大99購03  ,0,0,0,0,0,0,0,0,0,39000,0,0,0,49000,10000,39000,39000
058557,健策第一01購01  ,0,0,0,0,0,0,0,0,0,39000,0,0,0,106000,67000,39000,39000
058439,玉晶光統一01購02,0,0,0,0,0,0,0,0,0,39000,0,0,0,94000,55000,39000,39000
060230,台積電元大9A購07,0,0,0,0,0,0,0,0,0,39000,0,0,0,41000,2000,39000,39000
06692P,瑞昱凱基98售03  ,0,0,0,0,0,0,0,0,0,39000,0,0,0,55000,16000,39000,39000
07589P,玉晶光國票9A售02,0,0,0,0,0,0,0,0,0,39000,0,0,0,39000,0,39000,39000
2527,宏璟            ,70000,31000,39000,0,0,0,0,0,0,0,0,0,0,0,0,0,39000
3031,佰鴻            ,50000,12000,38000,0,0,0,0,0,0,1000,1000,0,1000,0,0,0,39000
062630,全新國票9B購02  ,0,0,0,0,0,0,0,0,0,38000,0,0,0,38000,0,38000,38000
062633,亞光國票9B購01  ,0,0,0,0,0,0,0,0,0,38000,0,0,0,38000,0,38000,38000
062145,億光國票9B購01  ,0,0,0,0,0,0,0,0,0,38000,0,0,0,38000,0,38000,38000
062971,英業達元富9B購01,0,0,0,0,0,0,0,0,0,38000,0,0,0,271000,233000,38000,38000
061388,台積電群益9A購05,0,0,0,0,0,0,0,0,0,38000,0,0,0,38000,0,38000,38000
061397,上銀台新9A購01  ,0,0,0,0,0,0,0,0,0,38000,0,0,0,38000,0,38000,38000
060734,華通統一9C購01  ,0,0,0,0,0,0,0,0,0,38000,0,0,0,94000,56000,38000,38000
061646,力成元大9A購02  ,0,0,0,0,0,0,0,0,0,38000,0,0,0,157000,119000,38000,38000
062002,鴻海國泰01購01  ,0,0,0,0,0,0,0,0,0,38000,0,0,0,221000,183000,38000,38000
055828,上銀元大97購05  ,0,0,0,0,0,0,0,0,0,38000,0,0,0,38000,0,38000,38000
056419,欣興元富98購02  ,0,0,0,0,0,0,0,0,0,38000,0,0,0,80000,42000,38000,38000
054479,緯創中信98購01  ,0,0,0,0,0,0,0,0,0,38000,0,0,0,56000,18000,38000,38000
054016,嘉晶永豐96購04  ,0,0,0,0,0,0,0,0,0,38000,0,0,0,60000,22000,38000,38000
060329,鎧勝群益9B購01  ,0,0,0,0,0,0,0,0,0,38000,0,0,0,155000,117000,38000,38000
060394,欣興麥證9A購01  ,0,0,0,53000,15000,38000,0,0,0,38000,0,0,0,53000,15000,38000,38000
057948,嘉聯益國票99購02,0,0,0,0,0,0,0,0,0,38000,0,0,0,38000,0,38000,38000
057774,台光電群益99購02,0,0,0,0,0,0,0,0,0,38000,0,0,0,38000,0,38000,38000
059293,宏達電元富9B購01,0,0,0,0,0,0,0,0,0,38000,0,0,0,87000,49000,38000,38000
059914,台積電元大99購47,0,0,0,0,0,0,0,0,0,38000,0,0,0,38000,0,38000,38000
059513,揚明光永豐99購01,0,0,0,0,0,0,0,0,0,38000,0,0,0,78000,40000,38000,38000
056843,冠德元富98購01  ,0,0,0,0,0,0,0,0,0,38000,0,0,0,38000,0,38000,38000
057495,牧德元大99購04  ,0,0,0,0,0,0,0,0,0,38000,0,0,0,68000,30000,38000,38000
062125,嘉晶統一9B購01  ,0,0,0,0,0,0,0,0,0,37000,0,0,0,40000,3000,37000,37000
061950,日月光群益9B購01,0,0,0,0,0,0,0,0,0,37000,0,0,0,57000,20000,37000,37000
061726,台積電麥證9A購05,0,0,0,37000,0,37000,0,0,0,37000,0,0,0,37000,0,37000,37000
060874,中鋼中信02購01  ,0,0,0,0,0,0,0,0,0,37000,0,0,0,37000,0,37000,37000
061112,台表科元大9A購03,0,0,0,0,0,0,0,0,0,37000,0,0,0,41000,4000,37000,37000
063119,華通元大9B購07  ,0,0,0,0,0,0,0,0,0,37000,0,0,0,43000,6000,37000,37000
06214P,國巨國票98售04  ,0,0,0,0,0,0,0,0,0,37000,0,0,0,37000,0,37000,37000
062501,台積電群益9C購03,0,0,0,0,0,0,0,0,0,37000,0,0,0,76000,39000,37000,37000
055779,國泰金凱基97購02,0,0,0,0,0,0,0,0,0,37000,0,0,0,37000,0,37000,37000
053396,漢唐中信9A購01  ,0,0,0,0,0,0,0,0,0,37000,0,0,0,48000,11000,37000,37000
055516,上銀中信97購01  ,0,0,0,0,0,0,0,0,0,37000,0,0,0,37000,0,37000,37000
055092,開發金群益9B購01,0,0,0,0,0,0,0,0,0,37000,0,0,0,335000,298000,37000,37000
054803,味全元大9A購01  ,0,0,0,0,0,0,0,0,0,37000,0,0,0,110000,73000,37000,37000
059276,可成元大99購06  ,0,0,0,0,0,0,0,0,0,37000,0,0,0,114000,77000,37000,37000
058329,S&P正2元富01購01,0,0,0,0,0,0,0,0,0,37000,0,0,0,37000,0,37000,37000
059622,上銀凱基99購10  ,0,0,0,0,0,0,0,0,0,37000,0,0,0,58000,21000,37000,37000
058474,鴻海凱基9A購06  ,0,0,0,0,0,0,0,0,0,37000,0,0,0,66000,29000,37000,37000
6214,精誠            ,246000,221000,25000,0,0,0,0,0,0,12000,12000,0,12000,0,0,0,37000
3057,喬鼎            ,38000,1000,37000,0,0,0,0,0,0,0,0,0,0,0,0,0,37000
3380,明泰            ,611000,512000,99000,0,0,0,0,0,0,-62000,60000,50000,10000,18000,90000,-72000,37000
07932P,國巨元大9B售04  ,0,0,0,0,0,0,0,0,0,37000,0,0,0,37000,0,37000,37000
062733,巨大凱基9B購01  ,0,0,0,0,0,0,0,0,0,36000,0,0,0,113000,77000,36000,36000
062269,葡萄王群益9B購01,0,0,0,0,0,0,0,0,0,36000,0,0,0,36000,0,36000,36000
060802,道瓊指中信9C購03,0,0,0,0,0,0,0,0,0,36000,0,0,0,36000,0,36000,36000
060769,國巨麥證9A購02  ,0,0,0,36000,0,36000,0,0,0,36000,0,0,0,36000,0,36000,36000
061013,台積電麥證9A購03,0,0,0,36000,0,36000,0,0,0,36000,0,0,0,36000,0,36000,36000
061475,漢唐元大9A購01  ,0,0,0,0,0,0,0,0,0,36000,0,0,0,41000,5000,36000,36000
062083,健策元大9C購03  ,0,0,0,0,0,0,0,0,0,36000,0,0,0,261000,225000,36000,36000
062048,義隆台新9B購01  ,0,0,0,0,0,0,0,0,0,36000,0,0,0,56000,20000,36000,36000
061979,友達元大9C購08  ,0,0,0,0,0,0,0,0,0,36000,0,0,0,116000,80000,36000,36000
056506,晶豪科永豐98購02,0,0,0,0,0,0,0,0,0,36000,0,0,0,36000,0,36000,36000
054547,鴻海凱基98購02  ,0,0,0,0,0,0,0,0,0,36000,0,0,0,46000,10000,36000,36000
054229,超眾元富96購05  ,0,0,0,0,0,0,0,0,0,36000,0,0,0,212000,176000,36000,36000
057060,緯穎元大98購05  ,0,0,0,0,0,0,0,0,0,36000,0,0,0,81000,45000,36000,36000
058574,台積電群益99購03,0,0,0,0,0,0,0,0,0,36000,0,0,0,36000,0,36000,36000
057819,新日興元大99購01,0,0,0,0,0,0,0,0,0,36000,0,0,0,86000,50000,36000,36000
058123,亞光國票9A購01  ,0,0,0,0,0,0,0,0,0,36000,0,0,0,36000,0,36000,36000
058873,美律國票9A購02  ,0,0,0,0,0,0,0,0,0,36000,0,0,0,72000,36000,36000,36000
060327,美律群益9A購02  ,0,0,0,0,0,0,0,0,0,36000,0,0,0,36000,0,36000,36000
060260,京鼎凱基9C購01  ,0,0,0,0,0,0,0,0,0,36000,0,0,0,75000,39000,36000,36000
059568,台積電凱基9A購13,0,0,0,0,0,0,0,0,0,36000,0,0,0,71000,35000,36000,36000
059868,台光電凱基99購03,0,0,0,0,0,0,0,0,0,36000,0,0,0,36000,0,36000,36000
059938,凱美永豐99購01  ,0,0,0,0,0,0,0,0,0,36000,0,0,0,37000,1000,36000,36000
2114,鑫永銓          ,35000,0,35000,0,0,0,0,0,0,1000,1000,0,1000,0,0,0,36000
07637P,國巨國票9A售08  ,0,0,0,0,0,0,0,0,0,36000,0,0,0,56000,20000,36000,36000
4552,力達-KY         ,70880,35000,35880,0,0,0,0,0,0,0,0,0,0,0,0,0,35880
062029,牧德群益9B購03  ,0,0,0,0,0,0,0,0,0,35000,0,0,0,35000,0,35000,35000
06150P,奇力新元大97售06,0,0,0,0,0,0,0,0,0,35000,0,0,0,35000,0,35000,35000
061536,華擎統一9C購02  ,0,0,0,0,0,0,0,0,0,35000,0,0,0,75000,40000,35000,35000
061108,臻鼎元大9A購02  ,0,0,0,0,0,0,0,0,0,35000,0,0,0,72000,37000,35000,35000
062760,漢唐凱基9B購01  ,0,0,0,0,0,0,0,0,0,35000,0,0,0,45000,10000,35000,35000
063011,台積電元大9C購01,0,0,0,0,0,0,0,0,0,35000,0,0,0,40000,5000,35000,35000
00689R,國泰20年美債反1 ,29000,0,29000,0,0,0,0,0,0,6000,0,0,0,106000,100000,6000,35000
055762,智伸科群益97購01,0,0,0,0,0,0,0,0,0,35000,0,0,0,35000,0,35000,35000
056639,國產康和98購01  ,0,0,0,0,0,0,0,0,0,35000,0,0,0,112000,77000,35000,35000
055075,南電永豐97購01  ,0,0,0,0,0,0,0,0,0,35000,0,0,0,38000,3000,35000,35000
059990,健策元大9A購01  ,0,0,0,0,0,0,0,0,0,35000,0,0,0,43000,8000,35000,35000
06013P,世芯國泰97售03  ,0,0,0,0,0,0,0,0,0,35000,0,0,0,35000,0,35000,35000
058352,鴻海凱基9A購05  ,0,0,0,0,0,0,0,0,0,35000,0,0,0,119000,84000,35000,35000
059656,T50反1元大99購11,0,0,0,0,0,0,0,0,0,35000,0,0,0,112000,77000,35000,35000
058736,鈺齊永豐99購02  ,0,0,0,0,0,0,0,0,0,35000,0,0,0,35000,0,35000,35000
057941,聯電國票99購01  ,0,0,0,0,0,0,0,0,0,35000,0,0,0,35000,0,35000,35000
057981,臻鼎永豐98購01  ,0,0,0,0,0,0,0,0,0,35000,0,0,0,40000,5000,35000,35000
058510,全新元大9B購02  ,0,0,0,0,0,0,0,0,0,35000,0,0,0,55000,20000,35000,35000
057148,玉晶光國票99購04,0,0,0,0,0,0,0,0,0,35000,0,0,0,42000,7000,35000,35000
9943,好樂迪          ,44000,9000,35000,0,0,0,0,0,0,0,0,0,0,0,0,0,35000
07389P,臺股指群益9C售08,0,0,0,0,0,0,0,0,0,35000,0,0,0,50000,15000,35000,35000
07401P,台積電凱基99售21,0,0,0,0,0,0,0,0,0,35000,0,0,0,35000,0,35000,35000
06677P,牧德國票98售02  ,0,0,0,0,0,0,0,0,0,35000,0,0,0,46000,11000,35000,35000
063197,遠東新統一9C購01,0,0,0,0,0,0,0,0,0,34000,0,0,0,85000,51000,34000,34000
06376P,上銀統一99售01  ,64000,0,64000,0,0,0,0,0,0,-30000,0,0,0,34000,64000,-30000,34000
062639,臻鼎國票9C購01  ,0,0,0,0,0,0,0,0,0,34000,0,0,0,49000,15000,34000,34000
062144,華通國票9B購01  ,0,0,0,0,0,0,0,0,0,34000,0,0,0,34000,0,34000,34000
061575,華新科元大9A購20,0,0,0,0,0,0,0,0,0,34000,0,0,0,44000,10000,34000,34000
061914,台光電中信9B購01,0,0,0,0,0,0,0,0,0,34000,0,0,0,34000,0,34000,34000
055566,台表科凱基97購03,0,0,0,0,0,0,0,0,0,34000,0,0,0,56000,22000,34000,34000
059064,緯穎凱基99購02  ,0,0,0,0,0,0,0,0,0,34000,0,0,0,183000,149000,34000,34000
056124,華通國票98購02  ,0,0,0,0,0,0,0,0,0,34000,0,0,0,35000,1000,34000,34000
060258,T50反1凱基9A購06,0,0,0,0,0,0,0,0,0,34000,0,0,0,100000,66000,34000,34000
059436,大立光元大99購18,0,0,0,0,0,0,0,0,0,34000,0,0,0,49000,15000,34000,34000
1451,年興            ,69000,35000,34000,0,0,0,0,0,0,0,0,0,0,0,0,0,34000
3050,鈺德            ,50000,15000,35000,0,0,0,0,0,0,-1000,0,1000,-1000,0,0,0,34000
061873,友達元大9C購07  ,0,0,0,0,0,0,0,0,0,33000,0,0,0,50000,17000,33000,33000
061481,嘉澤元大9A購03  ,0,0,0,0,0,0,0,0,0,33000,0,0,0,78000,45000,33000,33000
061716,瑞儀凱基9B購01  ,0,0,0,0,0,0,0,0,0,33000,0,0,0,53000,20000,33000,33000
06090P,旺宏統一97售06  ,0,0,0,0,0,0,0,0,0,33000,0,0,0,33000,0,33000,33000
062254,台光電元大9B購02,0,0,0,0,0,0,0,0,0,33000,0,0,0,50000,17000,33000,33000
062432,上銀元大9B購04  ,0,0,0,0,0,0,0,0,0,33000,0,0,0,58000,25000,33000,33000
062784,世芯元大9B購01  ,0,0,0,0,0,0,0,0,0,33000,0,0,0,126000,93000,33000,33000
063256,鴻海國泰01購02  ,0,0,0,0,0,0,0,0,0,33000,0,0,0,88000,55000,33000,33000
063066,同欣電麥證9B購01,0,0,0,85000,52000,33000,0,0,0,33000,0,0,0,85000,52000,33000,33000
063076,柏文永豐9B購02  ,0,0,0,0,0,0,0,0,0,33000,0,0,0,320000,287000,33000,33000
062936,鴻海凱基9B購07  ,0,0,0,0,0,0,0,0,0,33000,0,0,0,63000,30000,33000,33000
059482,貿聯群益99購05  ,0,0,0,0,0,0,0,0,0,33000,0,0,0,33000,0,33000,33000
059488,大立光兆豐99購03,0,0,0,0,0,0,0,0,0,33000,0,0,0,33000,0,33000,33000
055459,建準永豐97購03  ,0,0,0,0,0,0,0,0,0,33000,0,0,0,40000,7000,33000,33000
056670,樺漢國票99購01  ,0,0,0,0,0,0,0,0,0,33000,0,0,0,33000,0,33000,33000
052326,滬深反中信99購01,0,0,0,0,0,0,0,0,0,33000,0,0,0,33000,0,33000,33000
054254,晶豪科元大96購02,0,0,0,0,0,0,0,0,0,33000,0,0,0,43000,10000,33000,33000
054213,欣興國票97購04  ,0,0,0,0,0,0,0,0,0,33000,0,0,0,33000,0,33000,33000
049485,台積電元大96購03,0,0,0,0,0,0,0,0,0,33000,0,0,0,102000,69000,33000,33000
059772,可成群益9A購05  ,0,0,0,0,0,0,0,0,0,33000,0,0,0,56000,23000,33000,33000
058305,華邦電元大99購02,0,0,0,0,0,0,0,0,0,33000,0,0,0,33000,0,33000,33000
057505,健策麥證98購01  ,0,0,0,114000,81000,33000,0,0,0,33000,0,0,0,114000,81000,33000,33000
057368,微星元大98購02  ,0,0,0,0,0,0,0,0,0,33000,0,0,0,33000,0,33000,33000
060125,強茂永豐99購01  ,0,0,0,0,0,0,0,0,0,33000,0,0,0,128000,95000,33000,33000
060654,大毅群益9B購01  ,0,0,0,0,0,0,0,0,0,33000,0,0,0,99000,66000,33000,33000
058050,台郡元大99購05  ,0,0,0,0,0,0,0,0,0,33000,0,0,0,111000,78000,33000,33000
058162,上銀日盛9B購01  ,0,0,0,0,0,0,0,0,0,33000,0,0,0,43000,10000,33000,33000
6189,豐藝            ,35000,12000,23000,0,0,0,0,0,0,10000,0,1000,-1000,11000,0,11000,33000
6281,全國電          ,39000,6000,33000,0,0,0,0,0,0,0,0,0,0,0,0,0,33000
2342,茂矽            ,644000,611000,33000,0,0,0,0,0,0,0,0,0,0,0,0,0,33000
2461,光群雷          ,81000,49000,32000,0,0,0,0,0,0,1000,1000,0,1000,0,0,0,33000
9924,福興            ,52000,19000,33000,0,0,0,0,0,0,0,0,0,0,0,0,0,33000
07968P,國巨元大9B售09  ,0,0,0,0,0,0,0,0,0,33000,0,0,0,35000,2000,33000,33000
063068,聯發科國泰01購03,0,0,0,0,0,0,0,0,0,32000,0,0,0,66000,34000,32000,32000
063024,祥碩元大9B購05  ,0,0,0,0,0,0,0,0,0,32000,0,0,0,88000,56000,32000,32000
062400,晶豪科永豐9B購02,0,0,0,0,0,0,0,0,0,32000,0,0,0,32000,0,32000,32000
061055,康控群益9A購01  ,0,0,0,0,0,0,0,0,0,32000,0,0,0,48000,16000,32000,32000
060770,宏達電麥證9A購01,0,0,0,32000,0,32000,0,0,0,32000,0,0,0,32000,0,32000,32000
061932,上銀國票9B購01  ,0,0,0,0,0,0,0,0,0,32000,0,0,0,85000,53000,32000,32000
042752,台灣50元大96購03,0,0,0,0,0,0,0,0,0,32000,0,0,0,53000,21000,32000,32000
052695,台表科中信98購01,0,0,0,0,0,0,0,0,0,32000,0,0,0,32000,0,32000,32000
055043,中砂永豐97購01  ,0,0,0,0,0,0,0,0,0,32000,0,0,0,32000,0,32000,32000
057983,緯穎永豐98購03  ,0,0,0,0,0,0,0,0,0,32000,0,0,0,34000,2000,32000,32000
057996,臻鼎中信98購01  ,0,0,0,0,0,0,0,0,0,32000,0,0,0,52000,20000,32000,32000
057241,超眾凱基99購02  ,0,0,0,0,0,0,0,0,0,32000,0,0,0,32000,0,32000,32000
060601,技嘉凱基9A購02  ,0,0,0,0,0,0,0,0,0,32000,0,0,0,65000,33000,32000,32000
060554,中租凱基9A購01  ,0,0,0,0,0,0,0,0,0,32000,0,0,0,47000,15000,32000,32000
060512,祥碩元大9A購02  ,0,0,0,0,0,0,0,0,0,32000,0,0,0,35000,3000,32000,32000
059867,華邦電凱基99購02,0,0,0,0,0,0,0,0,0,32000,0,0,0,290000,258000,32000,32000
058402,欣興元大99購04  ,0,0,0,0,0,0,0,0,0,32000,0,0,0,45000,13000,32000,32000
4540,全球傳動        ,278000,536000,-258000,0,0,0,240000,0,240000,50000,50000,0,50000,0,0,0,32000
061472,台積電元大9A購32,0,0,0,0,0,0,0,0,0,31000,0,0,0,31000,0,31000,31000
060870,旭富群益9A購01  ,0,0,0,0,0,0,0,0,0,31000,0,0,0,50000,19000,31000,31000
061267,玉山金凱基9B購01,0,0,0,0,0,0,0,0,0,31000,0,0,0,41000,10000,31000,31000
062445,大立光元大9C購02,0,0,0,0,0,0,0,0,0,31000,0,0,0,56000,25000,31000,31000
062670,瑞昱中信03購01  ,0,0,0,0,0,0,0,0,0,31000,0,0,0,42000,11000,31000,31000
062565,漢唐中信9C購01  ,0,0,0,0,0,0,0,0,0,31000,0,0,0,31000,0,31000,31000
058926,勤誠元富99購01  ,0,0,0,0,0,0,0,0,0,31000,0,0,0,71000,40000,31000,31000
055436,晶豪科中信99購01,0,0,0,0,0,0,0,0,0,31000,0,0,0,31000,0,31000,31000
056512,易華電永豐98購01,0,0,0,0,0,0,0,0,0,31000,0,0,0,62000,31000,31000,31000
056610,鴻海永豐98購01  ,0,0,0,0,0,0,0,0,0,31000,0,0,0,31000,0,31000,31000
054059,欣興國票97購03  ,0,0,0,0,0,0,0,0,0,31000,0,0,0,31000,0,31000,31000
058405,訊連元大99購02  ,0,0,0,0,0,0,0,0,0,31000,0,0,0,31000,0,31000,31000
058333,鴻海元富99購04  ,0,0,0,0,0,0,0,0,0,31000,0,0,0,69000,38000,31000,31000
059363,超眾永豐99購02  ,0,0,0,0,0,0,0,0,0,31000,0,0,0,118000,87000,31000,31000
058698,華通元大99購05  ,0,0,0,0,0,0,0,0,0,31000,0,0,0,48000,17000,31000,31000
059284,緯穎永豐99購03  ,0,0,0,0,0,0,0,0,0,31000,0,0,0,31000,0,31000,31000
058800,健策元大99購03  ,0,0,0,0,0,0,0,0,0,31000,0,0,0,79000,48000,31000,31000
060204,矽創元富9A購01  ,0,0,0,0,0,0,0,0,0,31000,0,0,0,88000,57000,31000,31000
060640,京鼎永豐9A購01  ,0,0,0,0,0,0,0,0,0,31000,0,0,0,73000,42000,31000,31000
060370,滬深2X元富04購01,0,0,0,0,0,0,0,0,0,31000,0,0,0,46000,15000,31000,31000
2608,嘉里大榮        ,81000,60000,21000,0,0,0,0,0,0,10000,10000,0,10000,0,0,0,31000
2013,中鋼構          ,84000,53000,31000,0,0,0,0,0,0,0,0,0,0,0,0,0,31000
06622P,牧德元大98售01  ,0,0,0,0,0,0,0,0,0,31000,0,0,0,64000,33000,31000,31000
06746P,聯發科群益99售02,0,0,0,0,0,0,0,0,0,31000,0,0,0,31000,0,31000,31000
07352P,台積電國票99售11,0,0,0,0,0,0,0,0,0,31000,0,0,0,51000,20000,31000,31000
07425P,台灣50國票9A售10,0,0,0,0,0,0,0,0,0,31000,0,0,0,31000,0,31000,31000
062830,玉晶光群益01購05,0,0,0,0,0,0,0,0,0,30000,0,0,0,30000,0,30000,30000
061245,晶技群益9A購01  ,0,0,0,0,0,0,0,0,0,30000,0,0,0,128000,98000,30000,30000
060732,玉晶光群益9C購02,0,0,0,0,0,0,0,0,0,30000,0,0,0,30000,0,30000,30000
061603,瑞昱凱基9A購02  ,0,0,0,0,0,0,0,0,0,30000,0,0,0,30000,0,30000,30000
054021,義隆台新96購01  ,0,0,0,0,0,0,0,0,0,30000,0,0,0,60000,30000,30000,30000
048755,志超元富96購01  ,0,0,0,0,0,0,0,0,0,30000,0,0,0,30000,0,30000,30000
050173,旺宏元大96購02  ,0,0,0,0,0,0,0,0,0,30000,0,0,0,30000,0,30000,30000
00865B,國泰US短期公債  ,0,0,0,0,0,0,0,0,0,30000,0,0,0,130000,100000,30000,30000
00733,富邦臺灣中小    ,0,0,0,0,0,0,0,0,0,30000,0,0,0,231000,201000,30000,30000
048550,中鴻元大96購01  ,0,0,0,0,0,0,0,0,0,30000,0,0,0,30000,0,30000,30000
051919,台郡元大96購02  ,0,0,0,0,0,0,0,0,0,30000,0,0,0,30000,0,30000,30000
053869,嘉澤元大96購02  ,0,0,0,0,0,0,0,0,0,30000,0,0,0,30000,0,30000,30000
052874,超眾凱基96購01  ,0,0,0,0,0,0,0,0,0,30000,0,0,0,30000,0,30000,30000
053135,信邦國票96購01  ,0,0,0,0,0,0,0,0,0,30000,0,0,0,30000,0,30000,30000
053402,A50正2群益9A購02,0,0,0,0,0,0,0,0,0,30000,0,0,0,30000,0,30000,30000
052491,泰碩國票99購01  ,0,0,0,0,0,0,0,0,0,30000,0,0,0,30000,0,30000,30000
056315,同欣電元大97購05,0,0,0,0,0,0,0,0,0,30000,0,0,0,30000,0,30000,30000
056187,京鼎統一97購01  ,0,0,0,0,0,0,0,0,0,30000,0,0,0,30000,0,30000,30000
056461,樺漢凱基98購02  ,0,0,0,0,0,0,0,0,0,30000,0,0,0,40000,10000,30000,30000
055849,聯詠元大97購05  ,0,0,0,0,0,0,0,0,0,30000,0,0,0,40000,10000,30000,30000
055466,台達電凱基97購03,0,0,0,0,0,0,0,0,0,30000,0,0,0,30000,0,30000,30000
059280,台灣50永豐99購06,0,0,0,0,0,0,0,0,0,30000,0,0,0,30000,0,30000,30000
059095,訊芯元大99購01  ,0,0,0,0,0,0,0,0,0,30000,0,0,0,64000,34000,30000,30000
056130,新日興麥證97購01,0,0,0,50000,20000,30000,0,0,0,30000,0,0,0,50000,20000,30000,30000
056035,鴻海凱基97購06  ,0,0,0,0,0,0,0,0,0,30000,0,0,0,130000,100000,30000,30000
054915,興勤凱基97購01  ,0,0,0,0,0,0,0,0,0,30000,0,0,0,30000,0,30000,30000
055206,台虹中信97購01  ,0,0,0,0,0,0,0,0,0,30000,0,0,0,190000,160000,30000,30000
055967,臻鼎元大97購01  ,0,0,0,0,0,0,0,0,0,30000,0,0,0,30000,0,30000,30000
060390,聯鈞群益9A購01  ,0,0,0,0,0,0,0,0,0,30000,0,0,0,60000,30000,30000,30000
060337,FBVIX統一9A購01 ,0,0,0,0,0,0,0,0,0,30000,0,0,0,30000,0,30000,30000
058833,台表科永豐99購01,0,0,0,0,0,0,0,0,0,30000,0,0,0,38000,8000,30000,30000
060586,玉晶光元富9A購03,0,0,0,0,0,0,0,0,0,30000,0,0,0,30000,0,30000,30000
057265,聯詠兆豐98購01  ,0,0,0,0,0,0,0,0,0,30000,0,0,0,238000,208000,30000,30000
058481,玉晶光凱基9A購04,0,0,0,0,0,0,0,0,0,30000,0,0,0,30000,0,30000,30000
058453,可成永豐99購01  ,0,0,0,0,0,0,0,0,0,30000,0,0,0,60000,30000,30000,30000
057972,群創富邦9C購01  ,0,0,0,0,0,0,0,0,0,30000,0,0,0,30000,0,30000,30000
058243,華擎元大99購01  ,0,0,0,0,0,0,0,0,0,30000,0,0,0,215000,185000,30000,30000
060202,康友元富9A購01  ,0,0,0,0,0,0,0,0,0,30000,0,0,0,30000,0,30000,30000
059848,智邦永豐99購01  ,0,0,0,0,0,0,0,0,0,30000,0,0,0,30000,0,30000,30000
059821,美律凱基99購08  ,0,0,0,0,0,0,0,0,0,30000,0,0,0,30000,0,30000,30000
058264,瑞昱永豐99購01  ,0,0,0,0,0,0,0,0,0,30000,0,0,0,30000,0,30000,30000
057659,台表科兆豐98購01,0,0,0,0,0,0,0,0,0,30000,0,0,0,30000,0,30000,30000
057340,玉晶光元富98購04,0,0,0,0,0,0,0,0,0,30000,0,0,0,40000,10000,30000,30000
057444,台泥元富98購01  ,0,0,0,0,0,0,0,0,0,30000,0,0,0,174000,144000,30000,30000
059893,台積電台新9A購02,0,0,0,0,0,0,0,0,0,30000,0,0,0,31000,1000,30000,30000
059987,大立光元大99購28,0,0,0,0,0,0,0,0,0,30000,0,0,0,50000,20000,30000,30000
059965,鴻海凱基99購16  ,0,0,0,0,0,0,0,0,0,30000,0,0,0,30000,0,30000,30000
056854,友達中信9A購01  ,30000,0,30000,0,0,0,0,0,0,0,0,0,0,0,0,0,30000
056860,正崴群益98購01  ,0,0,0,0,0,0,0,0,0,30000,0,0,0,172000,142000,30000,30000
07355P,臺股指國票99售23,0,0,0,0,0,0,0,0,0,30000,0,0,0,30000,0,30000,30000
07317P,T50正2凱基9B售02,0,0,0,0,0,0,0,0,0,30000,0,0,0,30000,0,30000,30000
07017P,台灣50元富9B售02,0,0,0,0,0,0,0,0,0,30000,0,0,0,130000,100000,30000,30000
2059,川湖            ,166000,137000,29000,0,0,0,0,0,0,1000,3000,3000,0,1000,0,1000,30000
07758P,台積電國票9A售06,0,0,0,0,0,0,0,0,0,30000,0,0,0,30000,0,30000,30000
07682P,聯發科凱基9A售15,0,0,0,0,0,0,0,0,0,30000,0,0,0,30000,0,30000,30000
3669,圓展            ,130000,100000,30000,0,0,0,0,0,0,0,0,0,0,0,0,0,30000
061590,金寶永豐9A購01  ,0,0,0,0,0,0,0,0,0,29000,0,0,0,40000,11000,29000,29000
061436,上銀凱基9A購07  ,0,0,0,0,0,0,0,0,0,29000,0,0,0,56000,27000,29000,29000
063149,聯發科元富05購02,0,0,0,0,0,0,0,0,0,29000,0,0,0,34000,5000,29000,29000
062151,世紀鋼國票01購01,0,0,0,0,0,0,0,0,0,29000,0,0,0,29000,0,29000,29000
059267,群創中信01購02  ,0,0,0,0,0,0,0,0,0,29000,0,0,0,29000,0,29000,29000
054634,FB上証中信99購01,0,0,0,0,0,0,0,0,0,29000,0,0,0,30000,1000,29000,29000
056777,矽力元大98購02  ,0,0,0,0,0,0,0,0,0,29000,0,0,0,110000,81000,29000,29000
056577,玉晶光元大99購06,0,0,0,0,0,0,0,0,0,29000,0,0,0,30000,1000,29000,29000
055781,聯詠凱基98購01  ,0,0,0,0,0,0,0,0,0,29000,0,0,0,29000,0,29000,29000
00673R,元大S&P原油反1  ,0,0,0,0,0,0,0,0,0,29000,0,0,0,165000,136000,29000,29000
057030,滬深反元大9B購01,0,0,0,0,0,0,0,0,0,29000,0,0,0,29000,0,29000,29000
057298,旭富永豐98購01  ,0,0,0,0,0,0,0,0,0,29000,0,0,0,81000,52000,29000,29000
060203,緯穎元富9A購01  ,0,0,0,0,0,0,0,0,0,29000,0,0,0,273000,244000,29000,29000
059536,新光金凱基99購05,0,0,0,0,0,0,0,0,0,29000,0,0,0,49000,20000,29000,29000
060598,鴻海凱基9A購20  ,0,0,0,0,0,0,0,0,0,29000,0,0,0,30000,1000,29000,29000
060561,台積電富邦04購01,0,0,0,0,0,0,0,0,0,29000,0,0,0,301000,272000,29000,29000
058581,大立光群益99購05,0,0,0,0,0,0,0,0,0,29000,0,0,0,29000,0,29000,29000
060277,道瓊反元大9A購02,0,0,0,0,0,0,0,0,0,29000,0,0,0,29000,0,29000,29000
060297,和碩元大9A購02  ,0,0,0,0,0,0,0,0,0,29000,0,0,0,82000,53000,29000,29000
4961,天鈺            ,93000,64000,29000,0,0,0,0,0,0,0,0,0,0,0,0,0,29000
2017,官田鋼          ,74000,45000,29000,0,0,0,0,0,0,0,0,0,0,0,0,0,29000
1437,勤益控          ,51000,22000,29000,0,0,0,0,0,0,0,0,0,0,0,0,0,29000
3036,文曄            ,158000,156291,1709,0,0,0,0,0,0,27000,106000,95000,11000,36000,20000,16000,28709
062551,緯穎永豐9B購02  ,0,0,0,0,0,0,0,0,0,28000,0,0,0,51000,23000,28000,28000
062888,漢唐群益9B購01  ,0,0,0,0,0,0,0,0,0,28000,0,0,0,29000,1000,28000,28000
062923,緯穎元大9B購06  ,0,0,0,0,0,0,0,0,0,28000,0,0,0,67000,39000,28000,28000
06374P,台表科元大97售06,0,0,0,0,0,0,0,0,0,28000,0,0,0,43000,15000,28000,28000
06411P,晶相光永豐97售03,0,0,0,0,0,0,0,0,0,28000,0,0,0,33000,5000,28000,28000
061619,大立光群益9B購01,0,0,0,0,0,0,0,0,0,28000,0,0,0,48000,20000,28000,28000
060926,宏達電永豐9A購01,0,0,0,0,0,0,0,0,0,28000,0,0,0,60000,32000,28000,28000
060929,健策永豐9A購01  ,0,0,0,0,0,0,0,0,0,28000,0,0,0,98000,70000,28000,28000
061110,超眾元大9A購03  ,0,0,0,0,0,0,0,0,0,28000,0,0,0,218000,190000,28000,28000
00675L,富邦臺灣加權正2 ,50000,57000,-7000,0,0,0,0,0,0,35000,0,0,0,110000,75000,35000,28000
050601,台表科國泰96購01,0,0,0,0,0,0,0,0,0,28000,0,0,0,28000,0,28000,28000
054053,聯茂元大96購01  ,0,0,0,0,0,0,0,0,0,28000,0,0,0,42000,14000,28000,28000
055726,台表科元大98購03,0,0,0,0,0,0,0,0,0,28000,0,0,0,76000,48000,28000,28000
054352,世芯國泰98購01  ,0,0,0,0,0,0,0,0,0,28000,0,0,0,35000,7000,28000,28000
056772,欣興元大99購01  ,0,0,0,0,0,0,0,0,0,28000,0,0,0,45000,17000,28000,28000
054582,致新元大97購01  ,0,0,0,0,0,0,0,0,0,28000,0,0,0,88000,60000,28000,28000
05538P,玉晶光國票97售02,0,0,0,0,0,0,0,0,0,28000,0,0,0,76000,48000,28000,28000
055384,緯穎元大98購02  ,0,0,0,0,0,0,0,0,0,28000,0,0,0,36000,8000,28000,28000
059037,宏達電群益99購02,0,0,0,0,0,0,0,0,0,28000,0,0,0,39000,11000,28000,28000
059238,台積電凱基99購11,0,0,0,0,0,0,0,0,0,28000,0,0,0,28000,0,28000,28000
058905,京鼎元大99購01  ,0,0,0,0,0,0,0,0,0,28000,0,0,0,84000,56000,28000,28000
058875,台表科國票9A購02,0,0,0,0,0,0,0,0,0,28000,0,0,0,36000,8000,28000,28000
060436,巨大永豐9A購01  ,0,0,0,0,0,0,0,0,0,28000,0,0,0,30000,2000,28000,28000
058452,義隆永豐99購02  ,0,0,0,0,0,0,0,0,0,28000,0,0,0,98000,70000,28000,28000
057277,可成元大98購05  ,0,0,0,0,0,0,0,0,0,28000,0,0,0,28000,0,28000,28000
058777,台光電國票9A購01,0,0,0,0,0,0,0,0,0,28000,0,0,0,29000,1000,28000,28000
07086P,力成元富9C售01  ,0,0,0,0,0,0,0,0,0,28000,0,0,0,40000,12000,28000,28000
061399,喬山兆豐9B購01  ,0,0,0,0,0,0,0,0,0,27000,0,0,0,38000,11000,27000,27000
061503,臻鼎國票9B購01  ,0,0,0,0,0,0,0,0,0,27000,0,0,0,43000,16000,27000,27000
061930,臺股指凱基9B購05,0,0,0,0,0,0,0,0,0,27000,0,0,0,50000,23000,27000,27000
062225,華擎統一01購01  ,0,0,0,0,0,0,0,0,0,27000,0,0,0,57000,30000,27000,27000
056794,上銀麥證98購01  ,0,0,0,87000,60000,27000,0,0,0,27000,0,0,0,87000,60000,27000,27000
00702,國泰標普低波高息,22000,0,22000,0,0,0,0,0,0,5000,0,0,0,5000,0,5000,27000
059785,美律元大9A購03  ,0,0,0,0,0,0,0,0,0,27000,0,0,0,27000,0,27000,27000
059723,美律元大9A購02  ,0,0,0,0,0,0,0,0,0,27000,0,0,0,27000,0,27000,27000
057408,台郡群益98購01  ,0,0,0,0,0,0,0,0,0,27000,0,0,0,27000,0,27000,27000
060059,鴻海兆豐99購06  ,0,0,0,0,0,0,0,0,0,27000,0,0,0,37000,10000,27000,27000
060049,華通凱基99購06  ,0,0,0,0,0,0,0,0,0,27000,0,0,0,47000,20000,27000,27000
057757,鴻海凱基98購13  ,0,0,0,0,0,0,0,0,0,27000,0,0,0,28000,1000,27000,27000
057119,微星康和98購01  ,0,0,0,0,0,0,0,0,0,27000,0,0,0,42000,15000,27000,27000
060397,群創國票9A購01  ,0,0,0,0,0,0,0,0,0,27000,0,0,0,27000,0,27000,27000
060672,鴻海元大9A購14  ,0,0,0,0,0,0,0,0,0,27000,0,0,0,27000,0,27000,27000
058587,台積電中信9C購03,0,0,0,0,0,0,0,0,0,27000,0,0,0,143000,116000,27000,27000
07070P,晶相光元富99售01,0,0,0,0,0,0,0,0,0,27000,0,0,0,27000,0,27000,27000
07128P,大毅元大99售04  ,0,0,0,0,0,0,0,0,0,27000,0,0,0,27000,0,27000,27000
07434P,臺股指國票9A售06,0,0,0,0,0,0,0,0,0,27000,0,0,0,36000,9000,27000,27000
2331,精英            ,70000,77000,-7000,0,0,0,0,0,0,34000,34000,0,34000,0,0,0,27000
2359,所羅門          ,49000,22000,27000,0,0,0,0,0,0,0,0,0,0,0,0,0,27000
2002,中鋼            ,5826114,5802066,24048,0,0,0,0,0,0,2000,1000,6000,-5000,12000,5000,7000,26048
062170,健策永豐9B購04  ,0,0,0,0,0,0,0,0,0,26000,0,0,0,173000,147000,26000,26000
062457,京元電群益9B購01,0,0,0,0,0,0,0,0,0,26000,0,0,0,224000,198000,26000,26000
06239P,奇力新元大97售08,0,0,0,0,0,0,0,0,0,26000,0,0,0,33000,7000,26000,26000
062757,華通凱基9B購02  ,0,0,0,0,0,0,0,0,0,26000,0,0,0,26000,0,26000,26000
062716,鴻海凱基9B購06  ,0,0,0,0,0,0,0,0,0,26000,0,0,0,35000,9000,26000,26000
06356P,啟碁永豐97售01  ,0,0,0,0,0,0,0,0,0,26000,0,0,0,26000,0,26000,26000
061243,麗豐兆豐9A購01  ,0,0,0,0,0,0,0,0,0,26000,0,0,0,30000,4000,26000,26000
060943,宏達電國票9B購02,0,0,0,0,0,0,0,0,0,26000,0,0,0,26000,0,26000,26000
060957,SP黃豆凱基9A購04,0,0,0,0,0,0,0,0,0,26000,0,0,0,40000,14000,26000,26000
055689,台郡凱基99購01  ,0,0,0,0,0,0,0,0,0,26000,0,0,0,66000,40000,26000,26000
053313,世紀鋼凱基96購01,0,0,0,0,0,0,0,0,0,26000,0,0,0,26000,0,26000,26000
053256,上銀富邦98購01  ,0,0,0,0,0,0,0,0,0,26000,0,0,0,53000,27000,26000,26000
052054,台表科凱基96購01,0,0,0,0,0,0,0,0,0,26000,0,0,0,26000,0,26000,26000
056330,玉晶光國票99購03,0,0,0,0,0,0,0,0,0,26000,0,0,0,26000,0,26000,26000
056233,超眾凱基97購02  ,0,0,0,0,0,0,0,0,0,26000,0,0,0,26000,0,26000,26000
054614,玉晶光永豐97購03,0,0,0,0,0,0,0,0,0,26000,0,0,0,27000,1000,26000,26000
054687,建準永豐97購02  ,0,0,0,0,0,0,0,0,0,26000,0,0,0,26000,0,26000,26000
060428,瑞祺永豐9A購01  ,0,0,0,0,0,0,0,0,0,26000,0,0,0,282000,256000,26000,26000
060555,台表科凱基9A購03,0,0,0,0,0,0,0,0,0,26000,0,0,0,26000,0,26000,26000
057179,可成元大98購04  ,0,0,0,0,0,0,0,0,0,26000,0,0,0,83000,57000,26000,26000
060128,健策永豐99購06  ,0,0,0,0,0,0,0,0,0,26000,0,0,0,169000,143000,26000,26000
057321,台泥群益98購01  ,0,0,0,0,0,0,0,0,0,26000,0,0,0,138000,112000,26000,26000
057637,上銀元大98購07  ,0,0,0,0,0,0,0,0,0,26000,0,0,0,146000,120000,26000,26000
059833,緯穎康和99購01  ,0,0,0,0,0,0,0,0,0,26000,0,0,0,38000,12000,26000,26000
057547,技嘉凱基99購01  ,0,0,0,0,0,0,0,0,0,26000,0,0,0,46000,20000,26000,26000
057612,瑞昱元富02購01  ,0,0,0,0,0,0,0,0,0,26000,0,0,0,124000,98000,26000,26000
07123P,鴻海元大99售23  ,0,0,0,0,0,0,0,0,0,26000,0,0,0,26000,0,26000,26000
061202,和大元大9A購02  ,0,0,0,0,0,0,0,0,0,25000,0,0,0,140000,115000,25000,25000
061124,微星永豐9A購02  ,0,0,0,0,0,0,0,0,0,25000,0,0,0,127000,102000,25000,25000
061286,大立光統一9A購05,0,0,0,0,0,0,0,0,0,25000,0,0,0,25000,0,25000,25000
061859,勤誠國票9B購01  ,0,0,0,0,0,0,0,0,0,25000,0,0,0,25000,0,25000,25000
061507,南電國票9A購05  ,0,0,0,0,0,0,0,0,0,25000,0,0,0,33000,8000,25000,25000
061567,華通元大9A購11  ,0,0,0,0,0,0,0,0,0,25000,0,0,0,46000,21000,25000,25000
061643,嘉澤元大9A購05  ,0,0,0,0,0,0,0,0,0,25000,0,0,0,61000,36000,25000,25000
062659,台灣50群益9B購10,0,0,0,0,0,0,0,0,0,25000,0,0,0,33000,8000,25000,25000
062589,友達統一9C購03  ,0,0,0,0,0,0,0,0,0,25000,0,0,0,41000,16000,25000,25000
062263,康控元大9B購03  ,0,0,0,0,0,0,0,0,0,25000,0,0,0,35000,10000,25000,25000
055404,超眾元富97購01  ,0,0,0,0,0,0,0,0,0,25000,0,0,0,25000,0,25000,25000
055817,京鼎國票99購01  ,0,0,0,0,0,0,0,0,0,25000,0,0,0,25000,0,25000,25000
056366,玉晶光元大99購04,0,0,0,0,0,0,0,0,0,25000,0,0,0,71000,46000,25000,25000
059268,鎧勝中信01購01  ,0,0,0,0,0,0,0,0,0,25000,0,0,0,35000,10000,25000,25000
058964,群創兆豐99購01  ,0,0,0,0,0,0,0,0,0,25000,0,0,0,25000,0,25000,25000
055996,矽力國泰99購01  ,0,0,0,0,0,0,0,0,0,25000,0,0,0,25000,0,25000,25000
051840,康友國泰97購02  ,0,0,0,0,0,0,0,0,0,25000,0,0,0,25000,0,25000,25000
052522,聯發科元大96購05,0,0,0,0,0,0,0,0,0,25000,0,0,0,25000,0,25000,25000
00706L,元大S&P日圓正2  ,0,0,0,0,0,0,0,0,0,25000,0,0,0,30000,5000,25000,25000
020008,元大特股高息N   ,0,0,0,0,0,0,0,0,0,25000,0,0,0,25000,0,25000,25000
00660,元大歐洲50      ,0,0,0,0,0,0,0,0,0,25000,0,0,0,97000,72000,25000,25000
050844,大立光國票96購01,0,0,0,0,0,0,0,0,0,25000,0,0,0,25000,0,25000,25000
048651,美利達元大96購05,0,0,0,0,0,0,0,0,0,25000,0,0,0,35000,10000,25000,25000
059784,台光電元大9A購01,0,0,0,0,0,0,0,0,0,25000,0,0,0,27000,2000,25000,25000
059911,國巨元大99購27  ,0,0,0,0,0,0,0,0,0,25000,0,0,0,40000,15000,25000,25000
057169,微星元大98購01  ,0,0,0,0,0,0,0,0,0,25000,0,0,0,45000,20000,25000,25000
057194,南電元大98購01  ,0,0,0,0,0,0,0,0,0,25000,0,0,0,27000,2000,25000,25000
057112,立積群益99購01  ,0,0,0,0,0,0,0,0,0,25000,0,0,0,125000,100000,25000,25000
058193,緯穎永豐99購01  ,0,0,0,0,0,0,0,0,0,25000,0,0,0,25000,0,25000,25000
058877,T50反1國泰9B購01,0,0,0,0,0,0,0,0,0,25000,0,0,0,80000,55000,25000,25000
07183P,臺股指凱基99售25,0,0,0,0,0,0,0,0,0,25000,0,0,0,25000,0,25000,25000
07009P,臺股指中信9B售01,0,0,0,0,0,0,0,0,0,25000,0,0,0,25000,0,25000,25000
07883P,可成凱基9B售03  ,0,0,0,0,0,0,0,0,0,25000,0,0,0,30000,5000,25000,25000
9925,新保            ,38000,13000,25000,0,0,0,0,0,0,0,0,0,0,0,0,0,25000
2357,華碩            ,617546,591859,25687,0,0,0,0,0,0,-1000,2000,0,2000,1000,4000,-3000,24687
062288,南六群益9B購01  ,0,0,0,0,0,0,0,0,0,24000,0,0,0,24000,0,24000,24000
062635,創意國票9B購01  ,0,0,0,0,0,0,0,0,0,24000,0,0,0,24000,0,24000,24000
062583,鴻海統一9C購12  ,0,0,0,0,0,0,0,0,0,24000,0,0,0,24000,0,24000,24000
062521,玉晶光元大9C購05,0,0,0,0,0,0,0,0,0,24000,0,0,0,39000,15000,24000,24000
063261,康控富邦03購01  ,0,0,0,0,0,0,0,0,0,24000,0,0,0,131000,107000,24000,24000
060966,台表科凱基9B購01,0,0,0,0,0,0,0,0,0,24000,0,0,0,155000,131000,24000,24000
060795,世芯永豐9A購02  ,0,0,0,0,0,0,0,0,0,24000,0,0,0,159000,135000,24000,24000
020000,富邦特選蘋果N   ,0,0,0,0,0,0,0,0,0,24000,0,0,0,26000,2000,24000,24000
055568,緯穎凱基97購02  ,0,0,0,0,0,0,0,0,0,24000,0,0,0,53000,29000,24000,24000
060310,瑞昱永豐9A購01  ,0,0,0,0,0,0,0,0,0,24000,0,0,0,39000,15000,24000,24000
060551,大立光凱基9B購02,0,0,0,0,0,0,0,0,0,24000,0,0,0,31000,7000,24000,24000
060564,南亞科富邦9C購01,0,0,0,0,0,0,0,0,0,24000,0,0,0,24000,0,24000,24000
057826,祥碩元大98購08  ,0,0,0,0,0,0,0,0,0,24000,0,0,0,24000,0,24000,24000
057719,欣興元富02購01  ,0,0,0,0,0,0,0,0,0,24000,0,0,0,94000,70000,24000,24000
056962,技嘉永豐98購01  ,0,0,0,0,0,0,0,0,0,24000,0,0,0,51000,27000,24000,24000
057640,台積電元大98購16,0,0,0,0,0,0,0,0,0,24000,0,0,0,24000,0,24000,24000
059716,鴻海元大99購35  ,0,0,0,0,0,0,0,0,0,24000,0,0,0,32000,8000,24000,24000
060162,碩天永豐9A購01  ,0,0,0,0,0,0,0,0,0,24000,0,0,0,24000,0,24000,24000
059403,T50反1台新03購03,0,0,0,0,0,0,0,0,0,24000,0,0,0,40000,16000,24000,24000
057543,華通凱基99購02  ,0,0,0,0,0,0,0,0,0,24000,0,0,0,24000,0,24000,24000
059364,昇陽半永豐99購02,0,0,0,0,0,0,0,0,0,24000,0,0,0,24000,0,24000,24000
2476,鉅祥            ,72000,48000,24000,0,0,0,0,0,0,0,0,0,0,0,0,0,24000
07181P,臺股指凱基99售23,0,0,0,0,0,0,0,0,0,24000,0,0,0,28000,4000,24000,24000
07408P,台積電兆豐99售06,0,0,0,0,0,0,0,0,0,24000,0,0,0,44000,20000,24000,24000
4994,傳奇            ,88900,59000,29900,0,0,0,0,0,0,-6000,0,6000,-6000,0,0,0,23900
6409,旭隼            ,87000,57200,29800,0,0,0,0,7000,-7000,1000,0,0,0,1000,0,1000,23800
061146,台表科中信9A購02,0,0,0,0,0,0,0,0,0,23000,0,0,0,53000,30000,23000,23000
061819,茂林群益9B購01  ,0,0,0,0,0,0,0,0,0,23000,0,0,0,56000,33000,23000,23000
062643,緯穎國票9B購01  ,0,0,0,0,0,0,0,0,0,23000,0,0,0,38000,15000,23000,23000
056538,國泰金凱基98購01,0,0,0,0,0,0,0,0,0,23000,0,0,0,83000,60000,23000,23000
059160,華通凱基99購03  ,0,0,0,0,0,0,0,0,0,23000,0,0,0,23000,0,23000,23000
051292,牧德統一97購01  ,0,0,0,0,0,0,0,0,0,23000,0,0,0,27000,4000,23000,23000
054196,台光電國泰97購02,0,0,0,0,0,0,0,0,0,23000,0,0,0,23000,0,23000,23000
04974P,聯發科凱基96售02,0,0,0,0,0,0,0,0,0,23000,0,0,0,23000,0,23000,23000
054427,潤泰全富邦97購01,0,0,0,0,0,0,0,0,0,23000,0,0,0,23000,0,23000,23000
054400,健策永豐96購02  ,0,0,0,0,0,0,0,0,0,23000,0,0,0,33000,10000,23000,23000
058259,訊連國泰9B購01  ,0,0,0,0,0,0,0,0,0,23000,0,0,0,23000,0,23000,23000
057699,可成群益9A購02  ,0,0,0,0,0,0,0,0,0,23000,0,0,0,49000,26000,23000,23000
058551,義隆永豐99購03  ,0,0,0,0,0,0,0,0,0,23000,0,0,0,72000,49000,23000,23000
058160,奇鋐元富99購01  ,0,0,0,0,0,0,0,0,0,23000,0,0,0,99000,76000,23000,23000
059200,京鼎永豐99購02  ,0,0,0,0,0,0,0,0,0,23000,0,0,0,43000,20000,23000,23000
060617,華新科元大9A購08,0,0,0,0,0,0,0,0,0,23000,0,0,0,23000,0,23000,23000
058602,台積電元大99購11,0,0,0,0,0,0,0,0,0,23000,0,0,0,23000,0,23000,23000
6449,鈺邦            ,32000,16000,16000,0,0,0,0,0,0,7000,12000,5000,7000,0,0,0,23000
07502P,美食元大9A售01  ,0,0,0,0,0,0,0,0,0,23000,0,0,0,183000,160000,23000,23000
06847P,奇力新元大98售05,0,0,0,0,0,0,0,0,0,23000,0,0,0,23000,0,23000,23000
06627P,華新科元富99售01,0,0,0,0,0,0,0,0,0,23000,0,0,0,23000,0,23000,23000
08089P,嘉澤凱基9B售03  ,0,0,0,0,0,0,0,0,0,23000,0,0,0,39000,16000,23000,23000
3702,大聯大          ,687708,741030,-53322,0,0,0,0,4000,-4000,80000,100000,2000,98000,9000,27000,-18000,22678
062752,世芯中信9B購01  ,0,0,0,0,0,0,0,0,0,22000,0,0,0,226000,204000,22000,22000
063198,仁寶統一01購02  ,0,0,0,0,0,0,0,0,0,22000,0,0,0,28000,6000,22000,22000
062946,祥碩國泰9C購02  ,0,0,0,0,0,0,0,0,0,22000,0,0,0,36000,14000,22000,22000
063000,緯穎國票9B購03  ,0,0,0,0,0,0,0,0,0,22000,0,0,0,22000,0,22000,22000
061881,緯穎元大9B購02  ,0,0,0,0,0,0,0,0,0,22000,0,0,0,32000,10000,22000,22000
061995,超眾元大01購01  ,0,0,0,0,0,0,0,0,0,22000,0,0,0,35000,13000,22000,22000
061992,祥碩元大9B購02  ,0,0,0,0,0,0,0,0,0,22000,0,0,0,24000,2000,22000,22000
060756,鴻海元大9A購16  ,0,0,0,0,0,0,0,0,0,22000,0,0,0,90000,68000,22000,22000
054215,創意國票97購02  ,0,0,0,0,0,0,0,0,0,22000,0,0,0,38000,16000,22000,22000
059151,臺股指國票99購14,0,0,0,0,0,0,0,0,0,22000,0,0,0,28000,6000,22000,22000
055327,致新國票98購01  ,0,0,0,0,0,0,0,0,0,22000,0,0,0,165000,143000,22000,22000
055046,上銀永豐97購01  ,0,0,0,0,0,0,0,0,0,22000,0,0,0,22000,0,22000,22000
056350,上銀元大98購02  ,0,0,0,0,0,0,0,0,0,22000,0,0,0,25000,3000,22000,22000
060384,葡萄王凱基9B購01,0,0,0,0,0,0,0,0,0,22000,0,0,0,22000,0,22000,22000
058159,健策台新9A購01  ,0,0,0,0,0,0,0,0,0,22000,0,0,0,171000,149000,22000,22000
057832,聯發科元富02購05,0,0,0,0,0,0,0,0,0,22000,0,0,0,25000,3000,22000,22000
060085,華通元大99購10  ,0,0,0,0,0,0,0,0,0,22000,0,0,0,81000,59000,22000,22000
059339,上銀凱基99購06  ,0,0,0,0,0,0,0,0,0,22000,0,0,0,32000,10000,22000,22000
4532,瑞智            ,77000,55000,22000,0,0,0,0,0,0,0,0,0,0,0,0,0,22000
5284,jpp-KY          ,38000,14000,24000,0,0,0,0,0,0,-2000,1000,3000,-2000,0,0,0,22000
6024,群益期          ,29000,7000,22000,0,0,0,0,0,0,0,0,0,0,0,0,0,22000
2413,環科            ,40000,18000,22000,0,0,0,0,0,0,0,0,0,0,0,0,0,22000
8261,富鼎            ,96000,86000,10000,0,0,0,0,0,0,12000,12000,0,12000,0,0,0,22000
1316,上曜            ,24000,4000,20000,0,0,0,0,0,0,2000,2000,0,2000,0,0,0,22000
07672P,南電元大9A售05  ,0,0,0,0,0,0,0,0,0,22000,0,0,0,52000,30000,22000,22000
07689P,旺宏元大9A售13  ,0,0,0,0,0,0,0,0,0,22000,0,0,0,50000,28000,22000,22000
07090P,台灣50凱基01售01,0,0,0,0,0,0,0,0,0,22000,0,0,0,82000,60000,22000,22000
061261,台積電凱基9B購03,0,0,0,0,0,0,0,0,0,21000,0,0,0,21000,0,21000,21000
061902,百和永豐9B購01  ,0,0,0,0,0,0,0,0,0,21000,0,0,0,152000,131000,21000,21000
061702,奇鋐國票9A購02  ,0,0,0,0,0,0,0,0,0,21000,0,0,0,21000,0,21000,21000
063118,中鋼元大9C購01  ,0,0,0,0,0,0,0,0,0,21000,0,0,0,21000,0,21000,21000
062834,立積群益9B購02  ,0,0,0,0,0,0,0,0,0,21000,0,0,0,62000,41000,21000,21000
062800,奇力新統一01購02,0,0,0,0,0,0,0,0,0,21000,0,0,0,60000,39000,21000,21000
062785,世芯元大9C購01  ,0,0,0,0,0,0,0,0,0,21000,0,0,0,341000,320000,21000,21000
062707,致伸元大9B購01  ,0,0,0,0,0,0,0,0,0,21000,0,0,0,41000,20000,21000,21000
062440,聯發科元大9B購11,0,0,0,0,0,0,0,0,0,21000,0,0,0,41000,20000,21000,21000
056421,鴻海統一98購08  ,0,0,0,0,0,0,0,0,0,21000,0,0,0,21000,0,21000,21000
055970,聯茂元大97購04  ,0,0,0,0,0,0,0,0,0,21000,0,0,0,30000,9000,21000,21000
058979,上銀凱基99購04  ,0,0,0,0,0,0,0,0,0,21000,0,0,0,77000,56000,21000,21000
050077,臺股指凱基99購02,0,0,0,0,0,0,0,0,0,21000,0,0,0,21000,0,21000,21000
050797,聯發科中信99購01,0,0,0,0,0,0,0,0,0,21000,0,0,0,21000,0,21000,21000
050578,聯發科國票95購03,0,0,0,0,0,0,0,0,0,21000,0,0,0,31000,10000,21000,21000
047887,智原富邦97購01  ,0,0,0,0,0,0,0,0,0,21000,0,0,0,21000,0,21000,21000
051861,鴻海凱基98購01  ,0,0,0,0,0,0,0,0,0,21000,0,0,0,21000,0,21000,21000
053198,亞德客日盛96購01,0,0,0,0,0,0,0,0,0,21000,0,0,0,21000,0,21000,21000
053063,力山群益98購01  ,0,0,0,0,0,0,0,0,0,21000,0,0,0,117000,96000,21000,21000
059611,台積電永豐99購05,0,0,0,0,0,0,0,0,0,21000,0,0,0,33000,12000,21000,21000
059763,華擎永豐99購03  ,0,0,0,0,0,0,0,0,0,21000,0,0,0,21000,0,21000,21000
059919,宏達電元大99購06,0,0,0,0,0,0,0,0,0,21000,0,0,0,54000,33000,21000,21000
059955,美食康和99購01  ,0,0,0,0,0,0,0,0,0,21000,0,0,0,21000,0,21000,21000
057317,技嘉凱基98購02  ,0,0,0,0,0,0,0,0,0,21000,0,0,0,41000,20000,21000,21000
057388,奇鋐永豐98購02  ,0,0,0,0,0,0,0,0,0,21000,0,0,0,33000,12000,21000,21000
057869,大立光凱基99購01,0,0,0,0,0,0,0,0,0,21000,0,0,0,70000,49000,21000,21000
058115,台光電中信99購01,0,0,0,0,0,0,0,0,0,21000,0,0,0,21000,0,21000,21000
058595,T50正2元富99購01,0,0,0,0,0,0,0,0,0,21000,0,0,0,21000,0,21000,21000
06878P,台灣50日盛9B售01,0,0,0,0,0,0,0,0,0,21000,0,0,0,41000,20000,21000,21000
2450,神腦            ,88000,67000,21000,0,0,0,0,0,0,0,0,0,0,0,0,0,21000
2465,麗臺            ,25000,4000,21000,0,0,0,0,0,0,0,0,0,0,0,0,0,21000
4438,廣越            ,28000,10000,18000,0,0,0,0,0,0,3000,3000,0,3000,0,0,0,21000
06243P,亞光元富97售01  ,0,0,0,0,0,0,0,0,0,20000,0,0,0,20000,0,20000,20000
062376,中租元大9B購02  ,0,0,0,0,0,0,0,0,0,20000,0,0,0,112000,92000,20000,20000
062316,康控凱基9B購03  ,0,0,0,0,0,0,0,0,0,20000,0,0,0,30000,10000,20000,20000
062229,南六統一9B購01  ,0,0,0,0,0,0,0,0,0,20000,0,0,0,112000,92000,20000,20000
062793,鴻海統一9B購06  ,0,0,0,0,0,0,0,0,0,20000,0,0,0,20000,0,20000,20000
062721,美律凱基9B購02  ,0,0,0,0,0,0,0,0,0,20000,0,0,0,20000,0,20000,20000
062585,鴻海統一9C購14  ,0,0,0,0,0,0,0,0,0,20000,0,0,0,20000,0,20000,20000
062621,緯穎元大9B購05  ,0,0,0,0,0,0,0,0,0,20000,0,0,0,77000,57000,20000,20000
062598,華通台新9B購02  ,0,0,0,0,0,0,0,0,0,20000,0,0,0,20000,0,20000,20000
062833,世芯群益9B購01  ,0,0,0,0,0,0,0,0,0,20000,0,0,0,20000,0,20000,20000
062972,京元電元富9B購01,0,0,0,0,0,0,0,0,0,20000,0,0,0,20000,0,20000,20000
063113,聯茂兆豐9B購01  ,0,0,0,0,0,0,0,0,0,20000,0,0,0,60000,40000,20000,20000
063081,技嘉凱基9B購02  ,0,0,0,0,0,0,0,0,0,20000,0,0,0,23000,3000,20000,20000
063154,南六元富9B購02  ,0,0,0,0,0,0,0,0,0,20000,0,0,0,80000,60000,20000,20000
06369P,台積電凱基97售16,0,0,0,0,0,0,0,0,0,20000,0,0,0,20000,0,20000,20000
06163P,聯詠群益97售01  ,0,0,0,0,0,0,0,0,0,20000,0,0,0,70000,50000,20000,20000
061601,台積電凱基9A購26,0,0,0,0,0,0,0,0,0,20000,0,0,0,20000,0,20000,20000
06147P,國巨元大97售05  ,0,0,0,0,0,0,0,0,0,20000,0,0,0,20000,0,20000,20000
061878,茂林元大9B購01  ,0,0,0,0,0,0,0,0,0,20000,0,0,0,52000,32000,20000,20000
061977,國巨元大9B購02  ,0,0,0,0,0,0,0,0,0,20000,0,0,0,30000,10000,20000,20000
062054,鴻海統一9C購06  ,0,0,0,0,0,0,0,0,0,20000,0,0,0,20000,0,20000,20000
061328,T50反1元大9A購12,0,0,0,0,0,0,0,0,0,20000,0,0,0,20000,0,20000,20000
061333,華通元大9A購08  ,0,0,0,0,0,0,0,0,0,20000,0,0,0,52000,32000,20000,20000
061401,華擎兆豐9B購01  ,0,0,0,0,0,0,0,0,0,20000,0,0,0,20000,0,20000,20000
061175,台積電凱基9A購19,0,0,0,0,0,0,0,0,0,20000,0,0,0,20000,0,20000,20000
061156,玉晶光群益9A購07,0,0,0,0,0,0,0,0,0,20000,0,0,0,20000,0,20000,20000
061118,GIS富邦9A購01   ,0,0,0,0,0,0,0,0,0,20000,0,0,0,20000,0,20000,20000
061095,台積電台新9B購03,0,0,0,0,0,0,0,0,0,20000,0,0,0,30000,10000,20000,20000
060955,大立光群益9A購02,0,0,0,0,0,0,0,0,0,20000,0,0,0,20000,0,20000,20000
06100P,台積電日盛97售03,0,0,0,0,0,0,0,0,0,20000,0,0,0,40000,20000,20000,20000
05305P,華新科國泰97售01,0,0,0,0,0,0,0,0,0,20000,0,0,0,70000,50000,20000,20000
053115,滬深2X中信97購01,0,0,0,0,0,0,0,0,0,20000,0,0,0,20000,0,20000,20000
052884,台積電兆豐96購01,0,0,0,0,0,0,0,0,0,20000,0,0,0,70000,50000,20000,20000
052745,欣興元大96購04  ,0,0,0,0,0,0,0,0,0,20000,0,0,0,20000,0,20000,20000
052747,京鼎元大97購01  ,0,0,0,0,0,0,0,0,0,20000,0,0,0,20000,0,20000,20000
052958,T50反1凱基99購02,0,0,0,0,0,0,0,0,0,20000,0,0,0,20000,0,20000,20000
052953,百和國票97購01  ,0,0,0,0,0,0,0,0,0,20000,0,0,0,20000,0,20000,20000
052049,緯創凱基97購01  ,0,0,0,0,0,0,0,0,0,20000,0,0,0,20000,0,20000,20000
051981,南茂凱基96購01  ,0,0,0,0,0,0,0,0,0,20000,0,0,0,20000,0,20000,20000
053842,聯發科統一96購08,0,0,0,0,0,0,0,0,0,20000,0,0,0,620000,600000,20000,20000
053780,南亞科元大96購03,0,0,0,0,0,0,0,0,0,20000,0,0,0,50000,30000,20000,20000
053783,聯發科元大96購17,0,0,0,0,0,0,0,0,0,20000,0,0,0,20000,0,20000,20000
05348P,美律元富98售01  ,0,0,0,0,0,0,0,0,0,20000,0,0,0,20000,0,20000,20000
052191,超眾群益96購01  ,0,0,0,0,0,0,0,0,0,20000,0,0,0,20000,0,20000,20000
05573P,仁寶元富96售02  ,0,0,0,0,0,0,0,0,0,20000,0,0,0,20000,0,20000,20000
046797,T50反1元大96購01,0,0,0,0,0,0,0,0,0,20000,0,0,0,20000,0,20000,20000
050618,緯創元大95購01  ,0,0,0,0,0,0,0,0,0,20000,0,0,0,20000,0,20000,20000
050699,京鼎凱基96購01  ,0,0,0,0,0,0,0,0,0,20000,0,0,0,20000,0,20000,20000
051424,緯穎國票97購01  ,0,0,0,0,0,0,0,0,0,20000,0,0,0,20000,0,20000,20000
05033P,T50反1元大98售01,0,0,0,0,0,0,0,0,0,20000,0,0,0,20000,0,20000,20000
050099,台積電永昌96購01,0,0,0,0,0,0,0,0,0,20000,0,0,0,960000,940000,20000,20000
046480,群創元富96購01  ,0,0,0,0,0,0,0,0,0,20000,0,0,0,20000,0,20000,20000
054188,欣興永豐96購03  ,0,0,0,0,0,0,0,0,0,20000,0,0,0,20000,0,20000,20000
054121,奇鋐永豐96購02  ,0,0,0,0,0,0,0,0,0,20000,0,0,0,20000,0,20000,20000
053635,技嘉永豐96購01  ,0,0,0,0,0,0,0,0,0,20000,0,0,0,42000,22000,20000,20000
053548,旺宏凱基96購04  ,0,0,0,0,0,0,0,0,0,20000,0,0,0,20000,0,20000,20000
053554,欣興凱基97購02  ,0,0,0,0,0,0,0,0,0,20000,0,0,0,20000,0,20000,20000
054316,矽創凱基97購01  ,0,0,0,0,0,0,0,0,0,20000,0,0,0,30000,10000,20000,20000
059266,緯創中信01購01  ,0,0,0,0,0,0,0,0,0,20000,0,0,0,40000,20000,20000,20000
059245,聯發科凱基9A購03,0,0,0,0,0,0,0,0,0,20000,0,0,0,20000,0,20000,20000
059094,臻鼎元大99購03  ,0,0,0,0,0,0,0,0,0,20000,0,0,0,20000,0,20000,20000
056025,嘉晶群益97購01  ,0,0,0,0,0,0,0,0,0,20000,0,0,0,40000,20000,20000,20000
055912,宏達電凱基98購03,0,0,0,0,0,0,0,0,0,20000,0,0,0,24000,4000,20000,20000
055909,大成鋼凱基98購02,0,0,0,0,0,0,0,0,0,20000,0,0,0,20000,0,20000,20000
055930,可成群益98購01  ,0,0,0,0,0,0,0,0,0,20000,0,0,0,20000,0,20000,20000
055182,京鼎統一98購01  ,0,0,0,0,0,0,0,0,0,20000,0,0,0,20000,0,20000,20000
055156,華新科元大99購02,0,0,0,0,0,0,0,0,0,20000,0,0,0,20000,0,20000,20000
054798,超眾群益97購01  ,0,0,0,0,0,0,0,0,0,20000,0,0,0,20000,0,20000,20000
054750,聯茂凱基98購02  ,0,0,0,0,0,0,0,0,0,20000,0,0,0,20000,0,20000,20000
056365,欣興元大98購01  ,0,0,0,0,0,0,0,0,0,20000,0,0,0,21000,1000,20000,20000
056712,京鼎永豐98購01  ,0,0,0,0,0,0,0,0,0,20000,0,0,0,20000,0,20000,20000
056795,鴻海麥證98購01  ,0,0,0,20000,0,20000,0,0,0,20000,0,0,0,20000,0,20000,20000
056318,鴻海群益98購02  ,0,0,0,0,0,0,0,0,0,20000,0,0,0,20000,0,20000,20000
05631P,國巨富邦9A售01  ,0,0,0,0,0,0,0,0,0,20000,0,0,0,147000,127000,20000,20000
054638,國泰金中信99購01,0,0,0,0,0,0,0,0,0,20000,0,0,0,20000,0,20000,20000
054574,美律元大99購01  ,0,0,0,0,0,0,0,0,0,20000,0,0,0,20000,0,20000,20000
055125,智原兆豐97購01  ,0,0,0,0,0,0,0,0,0,20000,0,0,0,20000,0,20000,20000
055406,大毅國泰99購01  ,0,0,0,0,0,0,0,0,0,20000,0,0,0,20000,0,20000,20000
055534,晶技群益97購03  ,0,0,0,0,0,0,0,0,0,20000,0,0,0,20000,0,20000,20000
056245,嘉澤群益97購01  ,0,0,0,0,0,0,0,0,0,20000,0,0,0,20000,0,20000,20000
056214,義隆國票99購01  ,0,0,0,0,0,0,0,0,0,20000,0,0,0,34000,14000,20000,20000
058849,奇力新群益99購02,0,0,0,0,0,0,0,0,0,20000,0,0,0,20000,0,20000,20000
058836,FBVIX中信03購05 ,0,0,0,0,0,0,0,0,0,20000,0,0,0,20000,0,20000,20000
057934,華新科群益98購07,0,0,0,0,0,0,0,0,0,20000,0,0,0,20000,0,20000,20000
057916,國巨凱基98購13  ,0,0,0,0,0,0,0,0,0,20000,0,0,0,50000,30000,20000,20000
058022,樺漢凱基99購02  ,0,0,0,0,0,0,0,0,0,20000,0,0,0,20000,0,20000,20000
060299,友訊國泰9B購01  ,0,0,0,0,0,0,0,0,0,20000,0,0,0,20000,0,20000,20000
060249,正文元大9C購01  ,0,0,0,0,0,0,0,0,0,20000,0,0,0,50000,30000,20000,20000
060280,元金2X元大9A購01,0,0,0,0,0,0,0,0,0,20000,0,0,0,40000,20000,20000,20000
060648,鴻海第一9A購01  ,0,0,0,0,0,0,0,0,0,20000,0,0,0,20000,0,20000,20000
060570,南亞科永豐9A購01,0,0,0,0,0,0,0,0,0,20000,0,0,0,20000,0,20000,20000
05805P,義隆永豐96售02  ,0,0,0,0,0,0,0,0,0,20000,0,0,0,20000,0,20000,20000
058069,美律凱基99購05  ,0,0,0,0,0,0,0,0,0,20000,0,0,0,20000,0,20000,20000
058143,瑞儀元大99購02  ,0,0,0,0,0,0,0,0,0,20000,0,0,0,82000,62000,20000,20000
058192,訊芯永豐99購01  ,0,0,0,0,0,0,0,0,0,20000,0,0,0,20000,0,20000,20000
058222,玉晶光統一9B購01,0,0,0,0,0,0,0,0,0,20000,0,0,0,30000,10000,20000,20000
058220,世芯國票9A購01  ,0,0,0,0,0,0,0,0,0,20000,0,0,0,24000,4000,20000,20000
058005,茂林群益98購04  ,0,0,0,0,0,0,0,0,0,20000,0,0,0,40000,20000,20000,20000
057746,同欣電永豐98購02,0,0,0,0,0,0,0,0,0,20000,0,0,0,20000,0,20000,20000
057220,鈺齊群益98購01  ,0,0,0,0,0,0,0,0,0,20000,0,0,0,20000,0,20000,20000
058446,新光金富邦9C購01,0,0,0,0,0,0,0,0,0,20000,0,0,0,20000,0,20000,20000
058470,台灣50日盛9B購02,0,0,0,0,0,0,0,0,0,20000,0,0,0,20000,0,20000,20000
058463,宏達電兆豐99購02,0,0,0,0,0,0,0,0,0,20000,0,0,0,20000,0,20000,20000
057390,台表科永豐98購01,0,0,0,0,0,0,0,0,0,20000,0,0,0,25000,5000,20000,20000
057328,京鼎群益99購02  ,0,0,0,0,0,0,0,0,0,20000,0,0,0,21000,1000,20000,20000
058339,康友元富99購02  ,0,0,0,0,0,0,0,0,0,20000,0,0,0,20000,0,20000,20000
058361,美律凱基99購06  ,0,0,0,0,0,0,0,0,0,20000,0,0,0,20000,0,20000,20000
057641,旺宏元大98購10  ,0,0,0,0,0,0,0,0,0,20000,0,0,0,73000,53000,20000,20000
057647,欣興元大98購10  ,0,0,0,0,0,0,0,0,0,20000,0,0,0,20000,0,20000,20000
057027,祥碩凱基98購01  ,0,0,0,0,0,0,0,0,0,20000,0,0,0,21000,1000,20000,20000
057660,訊芯兆豐98購02  ,0,0,0,0,0,0,0,0,0,20000,0,0,0,20000,0,20000,20000
057033,A50反1元大9B購02,0,0,0,0,0,0,0,0,0,20000,0,0,0,20000,0,20000,20000
059959,訊芯康和99購01  ,0,0,0,0,0,0,0,0,0,20000,0,0,0,20000,0,20000,20000
059974,臺指反元大9C購05,0,0,0,0,0,0,0,0,0,20000,0,0,0,20000,0,20000,20000
060123,光罩永豐99購02  ,0,0,0,0,0,0,0,0,0,20000,0,0,0,20000,0,20000,20000
058335,鴻海元富99購06  ,0,0,0,0,0,0,0,0,0,20000,0,0,0,53000,33000,20000,20000
059852,康控永豐99購02  ,0,0,0,0,0,0,0,0,0,20000,0,0,0,125000,105000,20000,20000
059743,開發金元富99購01,0,0,0,0,0,0,0,0,0,20000,0,0,0,80000,60000,20000,20000
059630,美律凱基99購07  ,0,0,0,0,0,0,0,0,0,20000,0,0,0,20000,0,20000,20000
059539,緯穎凱基99購03  ,0,0,0,0,0,0,0,0,0,20000,0,0,0,20000,0,20000,20000
059443,嘉聯益元大9B購01,0,0,0,0,0,0,0,0,0,20000,0,0,0,30000,10000,20000,20000
059446,臺股指元大99購27,0,0,0,0,0,0,0,0,0,20000,0,0,0,20000,0,20000,20000
058711,鴻海統一9A購02  ,0,0,0,0,0,0,0,0,0,20000,0,0,0,20000,0,20000,20000
058712,鴻海統一9B購03  ,0,0,0,0,0,0,0,0,0,20000,0,0,0,20000,0,20000,20000
058669,上銀群益99購01  ,0,0,0,0,0,0,0,0,0,20000,0,0,0,20000,0,20000,20000
058313,台積電富邦9B購04,0,0,0,0,0,0,0,0,0,20000,0,0,0,322000,302000,20000,20000
057619,玉晶光凱基98購02,0,0,0,0,0,0,0,0,0,20000,0,0,0,20000,0,20000,20000
4755,三福化          ,0,4000,-4000,0,0,0,24000,0,24000,0,0,0,0,0,0,0,20000
6283,淳安            ,27000,7000,20000,0,0,0,0,0,0,0,0,0,0,0,0,0,20000
2423,固緯            ,25000,5000,20000,0,0,0,0,0,0,0,0,0,0,0,0,0,20000
2362,藍天            ,46000,31000,15000,0,0,0,0,0,0,5000,5000,0,5000,0,0,0,20000
06834P,訊芯群益99售02  ,0,0,0,0,0,0,0,0,0,20000,0,0,0,20000,0,20000,20000
07050P,宏達電中信9B售01,0,0,0,0,0,0,0,0,0,20000,0,0,0,27000,7000,20000,20000
06672P,聯發科群益98售05,0,0,0,0,0,0,0,0,0,20000,0,0,0,20000,0,20000,20000
06655P,TPK元大98售02   ,0,0,0,0,0,0,0,0,0,20000,0,0,0,114000,94000,20000,20000
06751P,旺宏凱基98售10  ,0,0,0,0,0,0,0,0,0,20000,0,0,0,20000,0,20000,20000
06714P,台積電元大98售15,0,0,0,0,0,0,0,0,0,20000,0,0,0,20000,0,20000,20000
07129P,華新科元大99售14,0,0,0,0,0,0,0,0,0,20000,0,0,0,127000,107000,20000,20000
07290P,台灣50凱基9A售08,0,0,0,0,0,0,0,0,0,20000,0,0,0,20000,0,20000,20000
07520P,臺股指元大9B售11,0,0,0,0,0,0,0,0,0,20000,0,0,0,50000,30000,20000,20000
07575P,瑞昱元大9A售02  ,0,0,0,0,0,0,0,0,0,20000,0,0,0,20000,0,20000,20000
07638P,長榮航國票9A售01,0,0,0,0,0,0,0,0,0,20000,0,0,0,20000,0,20000,20000
07593P,臺股指凱基9A售08,0,0,0,0,0,0,0,0,0,20000,0,0,0,40000,20000,20000,20000
07587P,台灣50國票9A售11,0,0,0,0,0,0,0,0,0,20000,0,0,0,35000,15000,20000,20000
07750P,台表科凱基9A售04,0,0,0,0,0,0,0,0,0,20000,0,0,0,20000,0,20000,20000
07691P,宏達電元大9A售05,0,0,0,0,0,0,0,0,0,20000,0,0,0,29000,9000,20000,20000
07787P,國巨凱基9A售17  ,0,0,0,0,0,0,0,0,0,20000,0,0,0,20000,0,20000,20000
07791P,奇鋐元大9A售02  ,0,0,0,0,0,0,0,0,0,20000,0,0,0,108000,88000,20000,20000
07954P,台表科元大9B售02,0,0,0,0,0,0,0,0,0,20000,0,0,0,20000,0,20000,20000
07982P,全新群益9B售04  ,0,0,0,0,0,0,0,0,0,20000,0,0,0,20000,0,20000,20000
1232,大統益          ,21000,1000,20000,0,0,0,0,0,0,0,0,0,0,0,0,0,20000
1410,南染            ,20000,0,20000,0,0,0,0,0,0,0,0,0,0,0,0,0,20000
1325,恆大            ,173000,271000,-98000,0,0,0,0,0,0,118000,45000,0,45000,75000,2000,73000,20000
08129P,聯發科元大9B售23,0,0,0,0,0,0,0,0,0,20000,0,0,0,20000,0,20000,20000
1528,恩德            ,47000,27000,20000,0,0,0,0,0,0,0,0,0,0,0,0,0,20000
061409,力成國票9A購02  ,0,0,0,0,0,0,0,0,0,19000,0,0,0,55000,36000,19000,19000
061338,台積電元大9A購28,0,0,0,0,0,0,0,0,0,19000,0,0,0,19000,0,19000,19000
061300,臺股指富邦9A購02,0,0,0,0,0,0,0,0,0,19000,0,0,0,21000,2000,19000,19000
06212P,華新科元大97售11,0,0,0,0,0,0,0,0,0,19000,0,0,0,29000,10000,19000,19000
061453,台達電凱基9B購01,0,0,0,0,0,0,0,0,0,19000,0,0,0,19000,0,19000,19000
061510,嘉澤富邦9C購01  ,0,0,0,0,0,0,0,0,0,19000,0,0,0,24000,5000,19000,19000
061516,力成永豐9A購02  ,0,0,0,0,0,0,0,0,0,19000,0,0,0,92000,73000,19000,19000
061610,力成統一9C購01  ,0,0,0,0,0,0,0,0,0,19000,0,0,0,45000,26000,19000,19000
063224,泰鼎群益9B購02  ,0,0,0,0,0,0,0,0,0,19000,0,0,0,19000,0,19000,19000
06320P,上銀統一97售04  ,0,0,0,0,0,0,0,0,0,19000,0,0,0,36000,17000,19000,19000
06328P,台積電中信01售02,0,0,0,0,0,0,0,0,0,19000,0,0,0,139000,120000,19000,19000
063030,華通凱基9B購03  ,0,0,0,0,0,0,0,0,0,19000,0,0,0,27000,8000,19000,19000
062935,華通凱基9C購02  ,0,0,0,0,0,0,0,0,0,19000,0,0,0,19000,0,19000,19000
062312,大立光凱基9B購03,0,0,0,0,0,0,0,0,0,19000,0,0,0,19000,0,19000,19000
056250,瑞昱兆豐97購02  ,0,0,0,0,0,0,0,0,0,19000,0,0,0,21000,2000,19000,19000
054735,漢唐凱基98購01  ,0,0,0,0,0,0,0,0,0,19000,0,0,0,20000,1000,19000,19000
05677P,玉晶光群益98售03,0,0,0,0,0,0,0,0,0,19000,0,0,0,20000,1000,19000,19000
054785,建準群益98購01  ,0,0,0,0,0,0,0,0,0,19000,0,0,0,29000,10000,19000,19000
055279,華邦電元大97購02,0,0,0,0,0,0,0,0,0,19000,0,0,0,19000,0,19000,19000
059074,元油2X元大9C購15,0,0,0,0,0,0,0,0,0,19000,0,0,0,20000,1000,19000,19000
059209,華通元大99購08  ,0,0,0,0,0,0,0,0,0,19000,0,0,0,20000,1000,19000,19000
058982,台積電凱基99購08,0,0,0,0,0,0,0,0,0,19000,0,0,0,19000,0,19000,19000
059005,嘉晶元大99購06  ,0,0,0,0,0,0,0,0,0,19000,0,0,0,103000,84000,19000,19000
00684R,元大美元指數反1 ,0,0,0,0,0,0,0,0,0,19000,0,0,0,19000,0,19000,19000
050782,台積電國泰96購03,0,0,0,0,0,0,0,0,0,19000,0,0,0,19000,0,19000,19000
053400,緯穎中信9A購01  ,0,0,0,0,0,0,0,0,0,19000,0,0,0,30000,11000,19000,19000
054406,旺宏國票98購01  ,0,0,0,0,0,0,0,0,0,19000,0,0,0,50000,31000,19000,19000
051946,健策統一98購01  ,0,0,0,0,0,0,0,0,0,19000,0,0,0,34000,15000,19000,19000
052137,台表科凱基96購02,0,0,0,0,0,0,0,0,0,19000,0,0,0,20000,1000,19000,19000
053332,創意永豐96購03  ,0,0,0,0,0,0,0,0,0,19000,0,0,0,29000,10000,19000,19000
059613,泰鼎永豐99購02  ,0,0,0,0,0,0,0,0,0,19000,0,0,0,52000,33000,19000,19000
060227,和大元大9A購01  ,0,0,0,0,0,0,0,0,0,19000,0,0,0,27000,8000,19000,19000
059855,緯穎永豐99購04  ,0,0,0,0,0,0,0,0,0,19000,0,0,0,19000,0,19000,19000
059957,中信金康和99購01,0,0,0,0,0,0,0,0,0,19000,0,0,0,64000,45000,19000,19000
057451,大立光元富9B購01,0,0,0,0,0,0,0,0,0,19000,0,0,0,84000,65000,19000,19000
060656,國巨統一9C購03  ,0,0,0,0,0,0,0,0,0,19000,0,0,0,20000,1000,19000,19000
058895,鴻海元大99購20  ,0,0,0,0,0,0,0,0,0,19000,0,0,0,21000,2000,19000,19000
05789P,臺股指永昌96售06,0,0,0,0,0,0,0,0,0,19000,0,0,0,19000,0,19000,19000
07712P,茂林元大9A售03  ,0,0,0,0,0,0,0,0,0,19000,0,0,0,74000,55000,19000,19000
07640P,國巨群益9A售07  ,0,0,0,0,0,0,0,0,0,19000,0,0,0,19000,0,19000,19000
4952,凌通            ,17000,0,17000,0,0,0,0,0,0,2000,2000,0,2000,0,0,0,19000
2419,仲琦            ,65000,46610,18390,0,0,0,0,0,0,0,0,0,0,0,0,0,18390
062289,緯穎群益9B購01  ,0,0,0,0,0,0,0,0,0,18000,0,0,0,62000,44000,18000,18000
062512,美食國票9B購01  ,0,0,0,0,0,0,0,0,0,18000,0,0,0,28000,10000,18000,18000
062491,矽創永豐9B購01  ,0,0,0,0,0,0,0,0,0,18000,0,0,0,220000,202000,18000,18000
062015,喬山永豐9B購01  ,0,0,0,0,0,0,0,0,0,18000,0,0,0,183000,165000,18000,18000
061909,台積電中信05購02,0,0,0,0,0,0,0,0,0,18000,0,0,0,20000,2000,18000,18000
061813,鴻海群益9B購02  ,0,0,0,0,0,0,0,0,0,18000,0,0,0,69000,51000,18000,18000
061792,和大永豐9B購01  ,0,0,0,0,0,0,0,0,0,18000,0,0,0,18000,0,18000,18000
061839,華新科凱基05購04,0,0,0,0,0,0,0,0,0,18000,0,0,0,18000,0,18000,18000
061282,台積電統一9C購06,0,0,0,0,0,0,0,0,0,18000,0,0,0,20000,2000,18000,18000
060956,超眾群益9A購01  ,0,0,0,0,0,0,0,0,0,18000,0,0,0,93000,75000,18000,18000
060941,台積電國票9B購04,0,0,0,0,0,0,0,0,0,18000,0,0,0,19000,1000,18000,18000
060716,新唐永豐9A購01  ,0,0,0,0,0,0,0,0,0,18000,0,0,0,19000,1000,18000,18000
053827,漢唐麥證9A購01  ,0,0,0,18000,0,18000,0,0,0,18000,0,0,0,18000,0,18000,18000
048186,元黃金元大96購01,0,0,0,0,0,0,0,0,0,18000,0,0,0,20000,2000,18000,18000
054090,瑞昱群益97購01  ,0,0,0,0,0,0,0,0,0,18000,0,0,0,25000,7000,18000,18000
049004,聯發科中信96購01,0,0,0,0,0,0,0,0,0,18000,0,0,0,18000,0,18000,18000
053950,緯穎富邦97購02  ,0,0,0,0,0,0,0,0,0,18000,0,0,0,21000,3000,18000,18000
059217,台積電元大99購30,0,0,0,0,0,0,0,0,0,18000,0,0,0,18000,0,18000,18000
057935,晶技群益98購02  ,0,0,0,0,0,0,0,0,0,18000,0,0,0,18000,0,18000,18000
058852,貿聯群益99購04  ,0,0,0,0,0,0,0,0,0,18000,0,0,0,77000,59000,18000,18000
060699,華新科國泰9B購03,0,0,0,0,0,0,0,0,0,18000,0,0,0,90000,72000,18000,18000
060537,台灣50凱基9B購01,0,0,0,0,0,0,0,0,0,18000,0,0,0,18000,0,18000,18000
060455,葡萄王元大9A購02,0,0,0,0,0,0,0,0,0,18000,0,0,0,20000,2000,18000,18000
057083,立積統一98購01  ,0,0,0,0,0,0,0,0,0,18000,0,0,0,18000,0,18000,18000
058406,聯茂元大99購06  ,0,0,0,0,0,0,0,0,0,18000,0,0,0,68000,50000,18000,18000
060119,上銀富邦9B購03  ,0,0,0,0,0,0,0,0,0,18000,0,0,0,18000,0,18000,18000
058746,華通凱基9A購02  ,0,0,0,0,0,0,0,0,0,18000,0,0,0,18000,0,18000,18000
3024,憶聲            ,71000,53000,18000,0,0,0,0,0,0,0,0,0,0,0,0,0,18000
3501,維熹            ,41000,23000,18000,0,0,0,0,0,0,0,0,0,0,0,0,0,18000
3617,碩天            ,18000,0,18000,0,0,0,0,0,0,0,0,0,0,0,0,0,18000
07610P,大立光國票9A售04,0,0,0,0,0,0,0,0,0,18000,0,0,0,18000,0,18000,18000
07967P,力山元大9B售03  ,0,0,0,0,0,0,0,0,0,18000,0,0,0,28000,10000,18000,18000
061179,華擎凱基9A購01  ,0,0,0,0,0,0,0,0,0,17000,0,0,0,22000,5000,17000,17000
061492,超眾兆豐9B購01  ,0,0,0,0,0,0,0,0,0,17000,0,0,0,204000,187000,17000,17000
06177P,玉晶光元大98售07,0,0,0,0,0,0,0,0,0,17000,0,0,0,20000,3000,17000,17000
062141,遠東新國票9B購01,0,0,0,0,0,0,0,0,0,17000,0,0,0,17000,0,17000,17000
062468,台積電凱基9B購06,0,0,0,0,0,0,0,0,0,17000,0,0,0,17000,0,17000,17000
062802,宏達電統一9B購01,0,0,0,0,0,0,0,0,0,17000,0,0,0,62000,45000,17000,17000
063101,華通群益9B購07  ,0,0,0,0,0,0,0,0,0,17000,0,0,0,17000,0,17000,17000
056151,建準凱基97購01  ,0,0,0,0,0,0,0,0,0,17000,0,0,0,29000,12000,17000,17000
058949,上銀群益99購02  ,0,0,0,0,0,0,0,0,0,17000,0,0,0,22000,5000,17000,17000
055841,南亞科元大97購04,0,0,0,0,0,0,0,0,0,17000,0,0,0,85000,68000,17000,17000
056378,欣興元富98購01  ,0,0,0,0,0,0,0,0,0,17000,0,0,0,40000,23000,17000,17000
056272,嘉澤統一99購01  ,0,0,0,0,0,0,0,0,0,17000,0,0,0,17000,0,17000,17000
054664,台表科元大97購04,0,0,0,0,0,0,0,0,0,17000,0,0,0,17000,0,17000,17000
03675C,臺股指元大04牛02,0,0,0,0,0,0,0,0,0,17000,0,0,0,20000,3000,17000,17000
052890,FB上証群益9B購01,0,0,0,0,0,0,0,0,0,17000,0,0,0,20000,3000,17000,17000
059317,台積電元大99購34,0,0,0,0,0,0,0,0,0,17000,0,0,0,216000,199000,17000,17000
059721,旺宏元大99購16  ,0,0,0,0,0,0,0,0,0,17000,0,0,0,34000,17000,17000,17000
060189,宏達電元富9B購03,0,0,0,0,0,0,0,0,0,17000,0,0,0,60000,43000,17000,17000
06004P,奇力新永豐96售02,0,0,0,0,0,0,0,0,0,17000,0,0,0,27000,10000,17000,17000
057691,健策凱基99購01  ,0,0,0,0,0,0,0,0,0,17000,0,0,0,134000,117000,17000,17000
057094,祥碩元富98購01  ,0,0,0,0,0,0,0,0,0,17000,0,0,0,52000,35000,17000,17000
058116,正崴中信99購02  ,0,0,0,0,0,0,0,0,0,17000,0,0,0,106000,89000,17000,17000
057824,日月光元大98購01,0,0,0,0,0,0,0,0,0,17000,0,0,0,131000,114000,17000,17000
060430,和潤永豐9A購01  ,0,0,0,0,0,0,0,0,0,17000,0,0,0,40000,23000,17000,17000
058610,欣興元大99購05  ,0,0,0,0,0,0,0,0,0,17000,0,0,0,102000,85000,17000,17000
07877P,晶技永豐9B售01  ,0,0,0,0,0,0,0,0,0,17000,0,0,0,17000,0,17000,17000
07804P,美律永豐9A售02  ,0,0,0,0,0,0,0,0,0,17000,0,0,0,17000,0,17000,17000
1466,聚隆            ,25000,8000,17000,0,0,0,0,0,0,0,0,0,0,0,0,0,17000
07219P,臺股指凱基99售32,0,0,0,0,0,0,0,0,0,17000,0,0,0,20000,3000,17000,17000
06558P,旺宏元富98售02  ,0,0,0,0,0,0,0,0,0,17000,0,0,0,17000,0,17000,17000
6224,聚鼎            ,29000,37000,-8000,0,0,0,0,0,0,25000,25000,0,25000,0,0,0,17000
2887E,台新戊特        ,0,0,0,0,0,0,0,0,0,17000,17000,0,17000,0,0,0,17000
8215,明基材          ,180000,163000,17000,0,0,0,0,0,0,0,0,0,0,0,0,0,17000
4912,聯德控股-KY     ,18801,0,18801,0,0,0,0,0,0,-2000,0,2000,-2000,0,0,0,16801
063258,緯穎國泰9C購01  ,0,0,0,0,0,0,0,0,0,16000,0,0,0,96000,80000,16000,16000
06377P,華通統一97售04  ,0,0,0,0,0,0,0,0,0,16000,0,0,0,16000,0,16000,16000
062599,鴻海台新9B購01  ,0,0,0,0,0,0,0,0,0,16000,0,0,0,16000,0,16000,16000
062631,奇力新國票9B購01,0,0,0,0,0,0,0,0,0,16000,0,0,0,16000,0,16000,16000
061698,智邦國票9A購04  ,0,0,0,0,0,0,0,0,0,16000,0,0,0,16000,0,16000,16000
06161P,聯發科群益97售03,0,0,0,0,0,0,0,0,0,16000,0,0,0,70000,54000,16000,16000
061100,SP黃豆元大9A購04,0,0,0,0,0,0,0,0,0,16000,0,0,0,21000,5000,16000,16000
061123,燿華永豐9A購01  ,0,0,0,0,0,0,0,0,0,16000,0,0,0,66000,50000,16000,16000
060843,大立光國票9A購06,0,0,0,0,0,0,0,0,0,16000,0,0,0,73000,57000,16000,16000
061018,台積電國票9B購05,0,0,0,0,0,0,0,0,0,16000,0,0,0,16000,0,16000,16000
053111,緯創兆豐97購01  ,0,0,0,0,0,0,0,0,0,16000,0,0,0,16000,0,16000,16000
054420,緯穎元大96購08  ,0,0,0,0,0,0,0,0,0,16000,0,0,0,91000,75000,16000,16000
052581,訊芯元富98購01  ,0,0,0,0,0,0,0,0,0,16000,0,0,0,16000,0,16000,16000
054032,上銀中信96購01  ,0,0,0,0,0,0,0,0,0,16000,0,0,0,16000,0,16000,16000
048192,華通元大96購01  ,0,0,0,0,0,0,0,0,0,16000,0,0,0,145000,129000,16000,16000
00645,富邦日本        ,0,0,0,0,0,0,0,0,0,16000,0,0,0,77000,61000,16000,16000
056427,上銀凱基98購03  ,0,0,0,0,0,0,0,0,0,16000,0,0,0,16000,0,16000,16000
059207,臺指反元大9C購02,0,0,0,0,0,0,0,0,0,16000,0,0,0,16000,0,16000,16000
059115,美食永豐99購01  ,0,0,0,0,0,0,0,0,0,16000,0,0,0,46000,30000,16000,16000
059188,京元電富邦9B購01,0,0,0,0,0,0,0,0,0,16000,0,0,0,180000,164000,16000,16000
057923,晶豪科凱基98購02,0,0,0,0,0,0,0,0,0,16000,0,0,0,46000,30000,16000,16000
058229,為升元大99購02  ,0,0,0,0,0,0,0,0,0,16000,0,0,0,100000,84000,16000,16000
058184,鴻海永豐99購01  ,0,0,0,0,0,0,0,0,0,16000,0,0,0,16000,0,16000,16000
057203,麗豐元富98購02  ,0,0,0,0,0,0,0,0,0,16000,0,0,0,180000,164000,16000,16000
058358,技嘉凱基9A購01  ,0,0,0,0,0,0,0,0,0,16000,0,0,0,19000,3000,16000,16000
059908,元金2X元大99購01,0,0,0,0,0,0,0,0,0,16000,0,0,0,32000,16000,16000,16000
060039,大立光國票99購04,0,0,0,0,0,0,0,0,0,16000,0,0,0,16000,0,16000,16000
056863,義隆群益98購01  ,0,0,0,0,0,0,0,0,0,16000,0,0,0,60000,44000,16000,16000
059386,上銀凱基99購07  ,0,0,0,0,0,0,0,0,0,16000,0,0,0,58000,42000,16000,16000
059562,上銀凱基99購09  ,0,0,0,0,0,0,0,0,0,16000,0,0,0,38000,22000,16000,16000
059648,台表科凱基99購03,0,0,0,0,0,0,0,0,0,16000,0,0,0,16000,0,16000,16000
059354,臺指反富邦9B購01,0,0,0,0,0,0,0,0,0,16000,0,0,0,16000,0,16000,16000
058790,楠梓電元大99購03,0,0,0,0,0,0,0,0,0,16000,0,0,0,16000,0,16000,16000
6641,基士德-KY       ,19000,3000,16000,0,0,0,0,0,0,0,0,0,0,0,0,0,16000
06599P,宏達電永豐98售02,0,0,0,0,0,0,0,0,0,16000,0,0,0,30000,14000,16000,16000
08135P,玉晶光國泰01售02,0,0,0,0,0,0,0,0,0,16000,0,0,0,60000,44000,16000,16000
07653P,華新科群益9A售05,0,0,0,0,0,0,0,0,0,16000,0,0,0,16000,0,16000,16000
060934,台汽電永豐9A購02,0,0,0,0,0,0,0,0,0,15000,0,0,0,15000,0,15000,15000
060848,聯茂國票9A購02  ,0,0,0,0,0,0,0,0,0,15000,0,0,0,15000,0,15000,15000
060779,臺股指凱基9A購07,0,0,0,0,0,0,0,0,0,15000,0,0,0,15000,0,15000,15000
061257,上銀凱基9A購06  ,0,0,0,0,0,0,0,0,0,15000,0,0,0,65000,50000,15000,15000
061485,鴻海兆豐9A購01  ,0,0,0,0,0,0,0,0,0,15000,0,0,0,35000,20000,15000,15000
062040,玉晶光凱基01購01,0,0,0,0,0,0,0,0,0,15000,0,0,0,15000,0,15000,15000
062107,台光電國票9B購01,0,50000,-50000,0,0,0,0,0,0,65000,0,0,0,119000,54000,65000,15000
062648,聯茂富邦9B購01  ,0,0,0,0,0,0,0,0,0,15000,0,0,0,15000,0,15000,15000
062320,南電凱基9B購03  ,0,0,0,0,0,0,0,0,0,15000,0,0,0,20000,5000,15000,15000
062374,茂林元大9B購03  ,0,0,0,0,0,0,0,0,0,15000,0,0,0,87000,72000,15000,15000
06326P,鴻海中信01售01  ,0,0,0,0,0,0,0,0,0,15000,0,0,0,15000,0,15000,15000
063172,廣達中信9C購01  ,0,0,0,0,0,0,0,0,0,15000,0,0,0,15000,0,15000,15000
063072,裕隆永豐9B購01  ,0,0,0,0,0,0,0,0,0,15000,0,0,0,15000,0,15000,15000
063062,群創元富9B購01  ,0,0,0,0,0,0,0,0,0,15000,0,0,0,15000,0,15000,15000
059163,台積電凱基99購10,0,0,0,0,0,0,0,0,0,15000,0,0,0,15000,0,15000,15000
059155,台表科日盛99購01,0,0,0,0,0,0,0,0,0,15000,0,0,0,54000,39000,15000,15000
059205,元石油元大99購01,0,0,0,0,0,0,0,0,0,15000,0,0,0,15000,0,15000,15000
059088,台積電元大99購27,0,0,0,0,0,0,0,0,0,15000,0,0,0,15000,0,15000,15000
059272,台灣50元大99購01,0,0,0,0,0,0,0,0,0,15000,0,0,0,15000,0,15000,15000
055245,凱美統一99購01  ,0,0,0,0,0,0,0,0,0,15000,0,0,0,20000,5000,15000,15000
056292,統一元大97購01  ,0,0,0,0,0,0,0,0,0,15000,0,0,0,15000,0,15000,15000
056507,創意永豐98購02  ,0,0,0,0,0,0,0,0,0,15000,0,0,0,80000,65000,15000,15000
055572,鴻海統一98購04  ,0,0,0,0,0,0,0,0,0,15000,0,0,0,30000,15000,15000,15000
051528,亞泥國票96購01  ,0,0,0,0,0,0,0,0,0,15000,0,0,0,15000,0,15000,15000
050758,聯發科元富9B購01,0,0,0,0,0,0,0,0,0,15000,0,0,0,15000,0,15000,15000
054278,晶技群益97購02  ,0,0,0,0,0,0,0,0,0,15000,0,0,0,35000,20000,15000,15000
052260,為升富邦97購02  ,0,0,0,0,0,0,0,0,0,15000,0,0,0,15000,0,15000,15000
055788,緯穎凱基97購04  ,0,0,0,0,0,0,0,0,0,15000,0,0,0,46000,31000,15000,15000
052849,可成統一97購01  ,0,0,0,0,0,0,0,0,0,15000,0,0,0,15000,0,15000,15000
052766,玉晶光群益9A購01,0,0,0,0,0,0,0,0,0,15000,0,0,0,15000,0,15000,15000
051809,義隆凱基96購01  ,0,0,0,0,0,0,0,0,0,15000,0,0,0,15000,0,15000,15000
057563,旭富國泰9A購01  ,0,0,0,0,0,0,0,0,0,15000,0,0,0,15000,0,15000,15000
059811,高股息凱基99購02,0,0,0,0,0,0,0,0,0,15000,0,0,0,20000,5000,15000,15000
059541,T50正2康和99購01,0,0,0,0,0,0,0,0,0,15000,0,0,0,25000,10000,15000,15000
060127,牧德永豐99購02  ,0,0,0,0,0,0,0,0,0,15000,0,0,0,16000,1000,15000,15000
060145,牧德國票9A購02  ,0,0,0,0,0,0,0,0,0,15000,0,0,0,15000,0,15000,15000
057447,智邦元富02購01  ,0,0,0,0,0,0,0,0,0,15000,0,0,0,25000,10000,15000,15000
057214,瑞昱群益98購01  ,0,0,0,0,0,0,0,0,0,15000,0,0,0,15000,0,15000,15000
058440,玉晶光統一99購02,0,0,0,0,0,0,0,0,0,15000,0,0,0,21000,6000,15000,15000
058455,玉晶光永豐99購03,0,0,0,0,0,0,0,0,0,15000,0,0,0,15000,0,15000,15000
058151,台積電統一9A購04,0,0,0,0,0,0,0,0,0,15000,0,0,0,15000,0,15000,15000
058527,世紀鋼元大99購01,0,0,0,0,0,0,0,0,0,15000,0,0,0,15000,0,15000,15000
057926,帆宣凱基98購02  ,0,0,0,0,0,0,0,0,0,15000,0,0,0,30000,15000,15000,15000
058589,群創中信01購01  ,0,0,0,0,0,0,0,0,0,15000,0,0,0,15000,0,15000,15000
058822,樺漢國泰9B購01  ,0,0,0,0,0,0,0,0,0,15000,0,0,0,15000,0,15000,15000
060666,聯茂凱基9A購02  ,0,0,0,0,0,0,0,0,0,15000,0,0,0,15000,0,15000,15000
07867P,晶技元大9B售01  ,0,0,0,0,0,0,0,0,0,15000,0,0,0,83000,68000,15000,15000
08006P,長榮航中信03售01,0,0,0,0,0,0,0,0,0,15000,0,0,0,15000,0,15000,15000
08084P,台表科元大9B售06,0,0,0,0,0,0,0,0,0,15000,0,0,0,20000,5000,15000,15000
1506,正道            ,41000,27000,14000,0,0,0,0,0,0,1000,1000,0,1000,0,0,0,15000
06735P,奇力新凱基98售07,0,0,0,0,0,0,0,0,0,15000,0,0,0,15000,0,15000,15000
06811P,聯發科統一98售06,0,0,0,0,0,0,0,0,0,15000,0,0,0,55000,40000,15000,15000
06885P,國巨國票99售06  ,0,0,0,0,0,0,0,0,0,15000,0,0,0,15000,0,15000,15000
07165P,臺股指群益99售16,0,0,0,0,0,0,0,0,0,15000,0,0,0,15000,0,15000,15000
07141P,台灣50國票9A售03,0,0,0,0,0,0,0,0,0,15000,0,0,0,15000,0,15000,15000
07606P,台灣50國票01售02,0,0,0,0,0,0,0,0,0,15000,0,0,0,15000,0,15000,15000
6605,帝寶            ,32000,17000,15000,0,0,0,0,0,0,0,0,0,0,0,0,0,15000
2439,美律            ,395000,326000,69000,0,0,0,0,0,0,-54000,8000,39000,-31000,3000,26000,-23000,15000
2488,漢平            ,19000,6000,13000,0,0,0,0,0,0,2000,2000,0,2000,0,0,0,15000
8482,商億-KY         ,18000,3000,15000,0,0,0,0,0,0,0,0,0,0,0,0,0,15000
06296P,燿華元大98售01  ,0,0,0,0,0,0,0,0,0,14000,0,0,0,14000,0,14000,14000
062889,可成群益9C購01  ,0,0,0,0,0,0,0,0,0,14000,0,0,0,25000,11000,14000,14000
061858,南電國票9B購02  ,0,0,0,0,0,0,0,0,0,14000,0,0,0,46000,32000,14000,14000
061497,大立光國票9A購09,0,0,0,0,0,0,0,0,0,14000,0,0,0,14000,0,14000,14000
061671,台灣50元大9A購21,0,0,0,0,0,0,0,0,0,14000,0,0,0,14000,0,14000,14000
061314,滬深2X凱基9B購06,0,0,0,0,0,0,0,0,0,14000,0,0,0,14000,0,14000,14000
061113,南電元大9A購03  ,0,0,0,0,0,0,0,0,0,14000,0,0,0,82000,68000,14000,14000
054531,聯發科國泰97購02,0,0,0,0,0,0,0,0,0,14000,0,0,0,46000,32000,14000,14000
035275,台積電台新97購01,0,0,0,0,0,0,0,0,0,14000,0,0,0,386000,372000,14000,14000
05160P,國巨國票96售03  ,0,0,0,0,0,0,0,0,0,14000,0,0,0,25000,11000,14000,14000
058955,台積電國票9A購04,0,0,0,0,0,0,0,0,0,14000,0,0,0,18000,4000,14000,14000
060629,鴻海富邦9B購01  ,0,0,0,0,0,0,0,0,0,14000,0,0,0,161000,147000,14000,14000
058499,滬深2X元大9C購01,0,0,0,0,0,0,0,0,0,14000,0,0,0,14000,0,14000,14000
058077,超眾凱基98購02  ,0,0,0,0,0,0,0,0,0,14000,0,0,0,60000,46000,14000,14000
057163,上銀元大98購04  ,0,0,0,0,0,0,0,0,0,14000,0,0,0,66000,52000,14000,14000
060137,T50反1國票9A購02,0,0,0,0,0,0,0,0,0,14000,0,0,0,14000,0,14000,14000
059880,世紀鋼凱基99購02,0,0,0,0,0,0,0,0,0,14000,0,0,0,190000,176000,14000,14000
059754,訊芯群益9A購01  ,0,0,0,0,0,0,0,0,0,14000,0,0,0,14000,0,14000,14000
058798,大立光元大99購11,0,0,0,0,0,0,0,0,0,14000,0,0,0,58000,44000,14000,14000
3679,新至陞          ,20000,6000,14000,0,0,0,0,0,0,0,0,0,0,0,0,0,14000
4190,佐登-KY         ,12000,11000,1000,0,0,0,0,0,0,13000,19000,0,19000,0,6000,-6000,14000
6525,捷敏-KY         ,23490,10000,13490,0,0,0,0,0,0,0,0,0,0,0,0,0,13490
061130,牧德永豐9A購04  ,0,0,0,0,0,0,0,0,0,13000,0,0,0,13000,0,13000,13000
061134,大成鋼統一9C購01,0,0,0,0,0,0,0,0,0,13000,0,0,0,14000,1000,13000,13000
061406,華通國票9A購06  ,0,0,0,0,0,0,0,0,0,13000,0,0,0,33000,20000,13000,13000
060854,台積電富邦9C購08,0,0,0,0,0,0,0,0,0,13000,0,0,0,13000,0,13000,13000
060873,道瓊反中信9C購01,0,0,0,0,0,0,0,0,0,13000,0,0,0,18000,5000,13000,13000
061011,華通麥證9A購02  ,0,0,0,13000,0,13000,0,0,0,13000,0,0,0,13000,0,13000,13000
061039,台表科永豐9A購03,0,0,0,0,0,0,0,0,0,13000,0,0,0,23000,10000,13000,13000
061778,元金2X群益9B購02,0,0,0,0,0,0,0,0,0,13000,0,0,0,13000,0,13000,13000
061570,瑞昱元大9A購05  ,0,0,0,0,0,0,0,0,0,13000,0,0,0,44000,31000,13000,13000
062940,華新科凱基9C購02,0,0,0,0,0,0,0,0,0,13000,0,0,0,13000,0,13000,13000
063110,牧德兆豐9B購01  ,0,0,0,0,0,0,0,0,0,13000,0,0,0,13000,0,13000,13000
063153,南六元富9B購01  ,0,0,0,0,0,0,0,0,0,13000,0,0,0,80000,67000,13000,13000
06437P,玉晶光國票99售01,0,0,0,0,0,0,0,0,0,13000,0,0,0,13000,0,13000,13000
062194,遠東新中信9C購01,0,0,0,0,0,0,0,0,0,13000,0,0,0,25000,12000,13000,13000
062207,牧德國票9B購02  ,0,0,0,0,0,0,0,0,0,13000,0,0,0,13000,0,13000,13000
06229P,欣興凱基97售07  ,0,0,0,0,0,0,0,0,0,13000,0,0,0,13000,0,13000,13000
062632,嘉晶國票9B購01  ,0,0,0,0,0,0,0,0,0,13000,0,0,0,15000,2000,13000,13000
059170,康控凱基9B購01  ,0,0,0,0,0,0,0,0,0,13000,0,0,0,74000,61000,13000,13000
055482,聚陽元大97購02  ,0,0,0,0,0,0,0,0,0,13000,0,0,0,13000,0,13000,13000
056439,華邦電凱基98購02,0,0,0,0,0,0,0,0,0,13000,0,0,0,13000,0,13000,13000
047211,華新科富邦99購01,0,0,0,0,0,0,0,0,0,13000,0,0,0,13000,0,13000,13000
051260,鴻海永昌96購04  ,0,0,0,0,0,0,0,0,0,13000,0,0,0,13000,0,13000,13000
054170,泰鼎凱基98購01  ,0,0,0,0,0,0,0,0,0,13000,0,0,0,13000,0,13000,13000
055674,南港康和97購02  ,0,0,0,0,0,0,0,0,0,13000,0,0,0,13000,0,13000,13000
055703,緯穎富邦98購01  ,0,0,0,0,0,0,0,0,0,13000,0,0,0,13000,0,13000,13000
056662,臺股指元大9A購09,0,0,0,0,0,0,0,0,0,13000,0,0,0,13000,0,13000,13000
058295,欣興凱基99購02  ,0,0,0,0,0,0,0,0,0,13000,0,0,0,163000,150000,13000,13000
059795,鴻海國票99購07  ,0,0,0,0,0,0,0,0,0,13000,0,0,0,21000,8000,13000,13000
059435,大立光元大99購17,0,0,0,0,0,0,0,0,0,13000,0,0,0,34000,21000,13000,13000
05729P,臺股指凱基97售02,0,0,0,0,0,0,0,0,0,13000,0,0,0,13000,0,13000,13000
058396,力山元大99購01  ,0,0,0,0,0,0,0,0,0,13000,0,0,0,32000,19000,13000,13000
057287,彩晶元大9C購03  ,0,0,0,0,0,0,0,0,0,13000,0,0,0,113000,100000,13000,13000
058062,上銀中信98購01  ,0,0,0,0,0,0,0,0,0,13000,0,0,0,120000,107000,13000,13000
058033,景碩永豐98購02  ,0,0,0,0,0,0,0,0,0,13000,0,0,0,13000,0,13000,13000
058523,聯茂元大99購08  ,0,0,0,0,0,0,0,0,0,13000,0,0,0,155000,142000,13000,13000
060680,玉晶光元大9C購03,0,0,0,0,0,0,0,0,0,13000,0,0,0,33000,20000,13000,13000
060520,臺指2X中信01購02,0,0,0,0,0,0,0,0,0,13000,0,0,0,13000,0,13000,13000
057944,新日興國票99購02,0,0,0,0,0,0,0,0,0,13000,0,0,0,13000,0,13000,13000
07166P,台灣50兆豐03售01,0,0,0,0,0,0,0,0,0,13000,0,0,0,211000,198000,13000,13000
07190P,臺股指富邦9C售02,0,0,0,0,0,0,0,0,0,13000,0,0,0,14000,1000,13000,13000
07309P,聯發科凱基99售18,0,0,0,0,0,0,0,0,0,13000,0,0,0,13000,0,13000,13000
06783P,亞光元大98售03  ,0,0,0,0,0,0,0,0,0,13000,0,0,0,13000,0,13000,13000
1773,勝一            ,18000,5000,13000,0,0,0,0,0,0,0,0,0,0,0,0,0,13000
08016P,臺股指凱基02售02,0,0,0,0,0,0,0,0,0,13000,0,0,0,45000,32000,13000,13000
07760P,力山永豐9A售03  ,0,0,0,0,0,0,0,0,0,13000,0,0,0,13000,0,13000,13000
062538,台積電國泰9C購02,0,0,0,0,0,0,0,0,0,12000,0,0,0,12000,0,12000,12000
062640,訊連國票9C購01  ,0,0,0,0,0,0,0,0,0,12000,0,0,0,47000,35000,12000,12000
062437,廣達元大9B購01  ,0,0,0,0,0,0,0,0,0,12000,0,0,0,56000,44000,12000,12000
061586,智邦富邦9A購02  ,0,0,0,0,0,0,0,0,0,12000,0,0,0,12000,0,12000,12000
061474,瑞昱元大9A購04  ,0,0,0,0,0,0,0,0,0,12000,0,0,0,23000,11000,12000,12000
062013,奇鋐富邦9B購01  ,0,0,0,0,0,0,0,0,0,12000,0,0,0,12000,0,12000,12000
061001,智邦兆豐9B購01  ,0,0,0,0,0,0,0,0,0,12000,0,0,0,12000,0,12000,12000
060886,國巨統一01購03  ,0,0,0,0,0,0,0,0,0,12000,0,0,0,15000,3000,12000,12000
056695,景碩群益99購01  ,0,0,0,0,0,0,0,0,0,12000,0,0,0,12000,0,12000,12000
055676,亞德客凱基97購03,0,0,0,0,0,0,0,0,0,12000,0,0,0,12000,0,12000,12000
054370,台積電中信9A購01,0,0,0,0,0,0,0,0,0,12000,0,0,0,32000,20000,12000,12000
053645,臺股指國票96購08,0,0,0,0,0,0,0,0,0,12000,0,0,0,12000,0,12000,12000
053350,台表科國票97購02,0,0,0,0,0,0,0,0,0,12000,0,0,0,34000,22000,12000,12000
053203,智易日盛96購01  ,0,0,0,0,0,0,0,0,0,12000,0,0,0,12000,0,12000,12000
050590,晶技永豐95購01  ,0,0,0,0,0,0,0,0,0,12000,0,0,0,12000,0,12000,12000
050854,世紀鋼國票97購01,0,0,0,0,0,0,0,0,0,12000,0,0,0,17000,5000,12000,12000
051722,玉晶光永豐97購01,0,0,0,0,0,0,0,0,0,12000,0,0,0,103000,91000,12000,12000
056398,南茂永豐98購01  ,0,0,0,0,0,0,0,0,0,12000,0,0,0,185000,173000,12000,12000
059086,國巨元大99購18  ,0,0,0,0,0,0,0,0,0,12000,0,0,0,121000,109000,12000,12000
059129,麗豐中信99購01  ,0,0,0,0,0,0,0,0,0,12000,0,0,0,23000,11000,12000,12000
059070,道瓊指元大99購02,0,0,0,0,0,0,0,0,0,12000,0,0,0,12000,0,12000,12000
055231,大毅國票98購02  ,0,0,0,0,0,0,0,0,0,12000,0,0,0,12000,0,12000,12000
055935,創意群益97購02  ,0,0,0,0,0,0,0,0,0,12000,0,0,0,102000,90000,12000,12000
055974,上銀統一97購05  ,0,0,0,0,0,0,0,0,0,12000,0,0,0,97000,85000,12000,12000
060413,東元永豐9A購01  ,0,0,0,0,0,0,0,0,0,12000,0,0,0,12000,0,12000,12000
058535,玉晶光統一9A購06,0,0,0,0,0,0,0,0,0,12000,0,0,0,12000,0,12000,12000
057809,英業達元大98購01,0,0,0,0,0,0,0,0,0,12000,0,0,0,78000,66000,12000,12000
058397,大成鋼元大99購02,0,0,0,0,0,0,0,0,0,12000,0,0,0,220000,208000,12000,12000
058390,樺漢國票9A購01  ,0,0,0,0,0,0,0,0,0,12000,0,0,0,12000,0,12000,12000
056895,技嘉元大98購01  ,0,0,0,0,0,0,0,0,0,12000,0,0,0,36000,24000,12000,12000
059515,牧德永豐99購01  ,0,0,0,0,0,0,0,0,0,12000,0,0,0,12000,0,12000,12000
059453,奇力新永豐99購01,0,0,0,0,0,0,0,0,0,12000,0,0,0,12000,0,12000,12000
059755,宏達電國泰9A購01,0,0,0,0,0,0,0,0,0,12000,0,0,0,25000,13000,12000,12000
058292,上銀凱基9A購01  ,0,0,0,0,0,0,0,0,0,12000,0,0,0,70000,58000,12000,12000
058780,牧德國票9A購01  ,0,0,0,0,0,0,0,0,0,12000,0,0,0,12000,0,12000,12000
057613,瑞昱元富02購02  ,0,0,0,0,0,0,0,0,0,12000,0,0,0,28000,16000,12000,12000
07842P,力成元大9A售01  ,0,0,0,0,0,0,0,0,0,12000,0,0,0,12000,0,12000,12000
1540,喬福            ,20000,7000,13000,0,0,0,0,0,0,-1000,0,1000,-1000,0,0,0,12000
06730P,祥碩元大98售07  ,0,0,0,0,0,0,0,0,0,12000,0,0,0,39000,27000,12000,12000
06583P,可成凱基98售07  ,0,0,0,0,0,0,0,0,0,12000,0,0,0,12000,0,12000,12000
06502P,A50中信98售01   ,0,0,0,0,0,0,0,0,0,12000,0,0,0,12000,0,12000,12000
07175P,聯詠凱基99售02  ,0,0,0,0,0,0,0,0,0,12000,0,0,0,12000,0,12000,12000
07635P,世芯永豐9A售05  ,0,0,0,0,0,0,0,0,0,12000,0,0,0,12000,0,12000,12000
4942,嘉彰            ,47000,35000,12000,0,0,0,0,0,0,0,0,0,0,0,0,0,12000
3607,谷崧            ,38000,26000,12000,0,0,0,0,0,0,0,0,0,0,0,0,0,12000
2616,山隆            ,35000,23000,12000,0,0,0,0,0,0,0,0,0,0,0,0,0,12000
2850,新產            ,68000,56000,12000,0,0,0,0,0,0,0,0,0,0,0,0,0,12000
060768,鴻海麥證9A購02  ,0,0,0,9000,0,9000,0,0,0,11000,0,0,0,11000,0,11000,11000
061433,華通麥證9A購03  ,0,0,0,78000,0,78000,0,0,0,11000,0,0,0,78000,67000,11000,11000
061426,玉晶光元大9A購15,0,0,0,0,0,0,0,0,0,11000,0,0,0,21000,10000,11000,11000
061132,志超永豐9A購01  ,0,0,0,0,0,0,0,0,0,11000,0,0,0,256000,245000,11000,11000
061139,玉晶光統一9C購02,0,0,0,0,0,0,0,0,0,11000,0,0,0,21000,10000,11000,11000
061091,奇力新統一9C購02,0,0,0,0,0,0,0,0,0,11000,0,0,0,50000,39000,11000,11000
061988,大立光元大9B購04,0,0,0,0,0,0,0,0,0,11000,0,0,0,62000,51000,11000,11000
061994,瑞儀元大9B購01  ,0,0,0,0,0,0,0,0,0,11000,0,0,0,54000,43000,11000,11000
062082,嘉晶元大9B購01  ,0,0,0,0,0,0,0,0,0,11000,0,0,0,11000,0,11000,11000
061795,智邦永豐9B購01  ,0,0,0,0,0,0,0,0,0,11000,0,0,0,11000,0,11000,11000
061524,華通凱基9A購07  ,0,0,0,0,0,0,0,0,0,11000,0,0,0,22000,11000,11000,11000
061628,緯穎群益9A購04  ,0,0,0,0,0,0,0,0,0,11000,0,0,0,103000,92000,11000,11000
061615,鴻海群益9A購06  ,0,0,0,0,0,0,0,0,0,11000,0,0,0,54000,43000,11000,11000
062797,瑞昱統一9B購01  ,0,0,0,0,0,0,0,0,0,11000,0,0,0,20000,9000,11000,11000
055209,勤誠康和97購01  ,0,0,0,0,0,0,0,0,0,11000,0,0,0,11000,0,11000,11000
055560,大立光凱基97購10,0,0,0,0,0,0,0,0,0,11000,0,0,0,11000,0,11000,11000
055620,樺漢國票98購01  ,0,0,0,0,0,0,0,0,0,11000,0,0,0,33000,22000,11000,11000
047676,臺股指元富99購01,0,0,0,0,0,0,0,0,0,11000,11000,0,11000,0,0,0,11000
00703,台新MSCI中國    ,0,0,0,0,0,0,0,0,0,11000,0,0,0,152000,141000,11000,11000
054186,高鐵永豐96購01  ,0,0,0,0,0,0,0,0,0,11000,0,0,0,11000,0,11000,11000
054268,健策第一96購01  ,0,0,0,0,0,0,0,0,0,11000,0,0,0,11000,0,11000,11000
03657C,T50反1元大99牛01,0,0,0,0,0,0,0,0,0,11000,0,0,0,92000,81000,11000,11000
03019X,元展19          ,0,0,0,0,0,0,0,0,0,11000,0,0,0,11000,0,11000,11000
053126,健策凱基97購02  ,0,0,0,0,0,0,0,0,0,11000,0,0,0,11000,0,11000,11000
052489,義隆國票96購02  ,0,0,0,0,0,0,0,0,0,11000,0,0,0,40000,29000,11000,11000
05869P,旺宏凱基96售05  ,0,0,0,0,0,0,0,0,0,11000,0,0,0,11000,0,11000,11000
059731,康控元大99購04  ,0,0,0,0,0,0,0,0,0,11000,0,0,0,22000,11000,11000,11000
059404,鴻海台新99購03  ,0,0,0,0,0,0,0,0,0,11000,0,0,0,11000,0,11000,11000
059910,鴻海元大99購37  ,0,0,0,0,0,0,0,0,0,11000,0,0,0,53000,42000,11000,11000
057319,奇力新凱基99購02,0,0,0,0,0,0,0,0,0,11000,0,0,0,11000,0,11000,11000
057411,臺股指群益99購05,0,0,0,0,0,0,0,0,0,11000,0,0,0,17000,6000,11000,11000
057417,國巨凱基9A購03  ,0,0,0,0,0,0,0,0,0,11000,0,0,0,11000,0,11000,11000
058410,國巨兆豐99購03  ,0,0,0,0,0,0,0,0,0,11000,0,0,0,24000,13000,11000,11000
058360,台光電凱基9A購02,0,0,0,0,0,0,0,0,0,11000,0,0,0,26000,15000,11000,11000
057636,上銀元大98購06  ,0,0,0,0,0,0,0,0,0,11000,0,0,0,93000,82000,11000,11000
058429,欣興元富99購01  ,0,0,0,0,0,0,0,0,0,11000,0,0,0,31000,20000,11000,11000
057162,上銀元大98購03  ,0,0,0,0,0,0,0,0,0,11000,0,0,0,28000,17000,11000,11000
057178,可成元大98購03  ,0,0,0,0,0,0,0,0,0,11000,0,0,0,21000,10000,11000,11000
2891B,中信金乙特      ,0,0,0,0,0,0,0,0,0,11000,11000,0,11000,0,0,0,11000
6141,柏承            ,61000,50000,11000,0,0,0,0,0,0,0,0,0,0,0,0,0,11000
07553P,嘉晶元大9A售02  ,0,0,0,0,0,0,0,0,0,11000,0,0,0,48000,37000,11000,11000
07025P,玉晶光凱基99售01,0,0,0,0,0,0,0,0,0,11000,0,0,0,823000,812000,11000,11000
07823P,國巨元大9A售23  ,0,0,0,0,0,0,0,0,0,11000,0,0,0,11000,0,11000,11000
07742P,台積電凱基9A售25,0,0,0,0,0,0,0,0,0,11000,0,0,0,11000,0,11000,11000
062813,台積電兆豐9B購01,0,0,0,0,0,0,0,0,0,10000,0,0,0,12000,2000,10000,10000
062876,全新兆豐9B購01  ,0,0,0,0,0,0,0,0,0,10000,0,0,0,10000,0,10000,10000
062918,祥碩元大9C購02  ,0,0,0,0,0,0,0,0,0,10000,0,0,0,10000,0,10000,10000
062909,大立光元大9C購04,0,0,0,0,0,0,0,0,0,10000,0,0,0,10000,0,10000,10000
063033,台積電凱基9B購09,0,0,0,0,0,0,0,0,0,10000,0,0,0,10000,0,10000,10000
06457P,玉晶光統一98售02,0,0,0,0,0,0,0,0,0,10000,0,0,0,40000,30000,10000,10000
06418P,T50反1統一9A售02,0,0,0,0,0,0,0,0,0,10000,0,0,0,10000,0,10000,10000
063383,億豐永豐9B購02  ,0,0,0,0,0,0,0,0,0,10000,0,0,0,10000,0,10000,10000
063306,聯茂凱基9C購01  ,0,0,0,0,0,0,0,0,0,10000,0,0,0,10000,0,10000,10000
062356,國巨元大9B購10  ,0,0,0,0,0,0,0,0,0,10000,0,0,0,10000,0,10000,10000
062262,茂林元大9B購02  ,0,0,0,0,0,0,0,0,0,10000,0,0,0,30000,20000,10000,10000
062156,美律凱基9B購01  ,0,0,0,0,0,0,0,0,0,10000,0,0,0,10000,0,10000,10000
062158,禾伸堂凱基9B購01,0,0,0,0,0,0,0,0,0,10000,0,0,0,10000,0,10000,10000
062671,國泰金中信03購01,0,0,0,0,0,0,0,0,0,10000,0,0,0,20000,10000,10000,10000
062796,技嘉統一9C購01  ,0,0,0,0,0,0,0,0,0,10000,0,0,0,10000,0,10000,10000
062554,台積電凱基9B購08,0,0,0,0,0,0,0,0,0,10000,0,0,0,10000,0,10000,10000
062569,南電中信01購01  ,0,0,0,0,0,0,0,0,0,10000,0,0,0,10000,0,10000,10000
061771,玉晶光元大9C購04,0,0,0,0,0,0,0,0,0,10000,0,0,0,10000,0,10000,10000
061752,瑞昱台新9B購01  ,0,0,0,0,0,0,0,0,0,10000,0,0,0,69000,59000,10000,10000
061730,旺宏統一01購02  ,0,0,0,0,0,0,0,0,0,10000,0,0,0,10000,0,10000,10000
061526,宏達電凱基9A購04,0,0,0,0,0,0,0,0,0,10000,0,0,0,24000,14000,10000,10000
061588,聯發科富邦9B購07,0,0,0,0,0,0,0,0,0,10000,0,0,0,10000,0,10000,10000
061494,聯發科國票9A購04,0,0,0,0,0,0,0,0,0,10000,0,0,0,11000,1000,10000,10000
061801,祥碩永豐9B購01  ,0,0,0,0,0,0,0,0,0,10000,0,0,0,10000,0,10000,10000
061887,祥碩國泰9C購01  ,0,0,0,0,0,0,0,0,0,10000,0,0,0,10000,0,10000,10000
062088,緯穎元大9B購04  ,0,0,0,0,0,0,0,0,0,10000,0,0,0,51000,41000,10000,10000
061993,祥碩元大9C購01  ,0,0,0,0,0,0,0,0,0,10000,0,0,0,35000,25000,10000,10000
062038,鴻海凱基9B購05  ,0,0,0,0,0,0,0,0,0,10000,0,0,0,11000,1000,10000,10000
061153,奇力新群益9A購02,0,0,0,0,0,0,0,0,0,10000,0,0,0,10000,0,10000,10000
061178,晶技凱基9B購01  ,0,0,0,0,0,0,0,0,0,10000,0,0,0,10000,0,10000,10000
061190,力山永豐9A購02  ,0,0,0,0,0,0,0,0,0,10000,0,0,0,30000,20000,10000,10000
06139P,台積電中信99售02,0,0,0,0,0,0,0,0,0,10000,0,0,0,60000,50000,10000,10000
060757,台積電元大9A購18,0,0,0,0,0,0,0,0,0,10000,0,0,0,10000,0,10000,10000
060885,世紀鋼中信9A購01,0,0,0,0,0,0,0,0,0,10000,0,0,0,50000,40000,10000,10000
060875,華通中信02購01  ,0,0,0,0,0,0,0,0,0,10000,0,0,0,10000,0,10000,10000
060862,美律永豐9A購01  ,0,0,0,0,0,0,0,0,0,10000,0,0,0,10000,0,10000,10000
061002,瑞昱兆豐9B購01  ,0,0,0,0,0,0,0,0,0,10000,0,0,0,20000,10000,10000,10000
060997,上銀兆豐9B購01  ,0,0,0,0,0,0,0,0,0,10000,0,0,0,10000,0,10000,10000
061051,臺股指中信9A購06,0,0,0,0,0,0,0,0,0,10000,0,0,0,10000,0,10000,10000
054384,瀚宇博群益96購02,0,0,0,0,0,0,0,0,0,10000,0,0,0,10000,0,10000,10000
054421,臺股指元大99購03,0,0,0,0,0,0,0,0,0,10000,0,0,0,10000,0,10000,10000
053406,國巨兆豐96購02  ,0,0,0,0,0,0,0,0,0,10000,0,0,0,80000,70000,10000,10000
053501,明泰兆豐96購01  ,0,0,0,0,0,0,0,0,0,10000,0,0,0,40000,30000,10000,10000
053503,臻鼎兆豐97購01  ,0,0,0,0,0,0,0,0,0,10000,0,0,0,10000,0,10000,10000
055728,緯穎元大97購03  ,0,0,0,0,0,0,0,0,0,10000,0,0,0,10000,0,10000,10000
056641,華通凱基98購03  ,0,0,0,0,0,0,0,0,0,10000,0,0,0,23000,13000,10000,10000
053082,聯電元大98購03  ,0,0,0,0,0,0,0,0,0,10000,0,0,0,15000,5000,10000,10000
053293,聯發科中信9B購01,0,0,0,0,0,0,0,0,0,10000,0,0,0,10000,0,10000,10000
052979,上銀元大96購02  ,0,0,0,0,0,0,0,0,0,10000,0,0,0,10000,0,10000,10000
053029,國巨第一96購01  ,0,0,0,0,0,0,0,0,0,10000,0,0,0,172000,162000,10000,10000
053632,新唐兆豐96購01  ,0,0,0,0,0,0,0,0,0,10000,0,0,0,60000,50000,10000,10000
053723,奇鋐凱基98購01  ,0,0,0,0,0,0,0,0,0,10000,0,0,0,10000,0,10000,10000
051799,台積電永豐96購01,0,0,0,0,0,0,0,0,0,10000,0,0,0,321000,311000,10000,10000
052066,華邦電兆豐96購01,0,0,0,0,0,0,0,0,0,10000,0,0,0,10000,0,10000,10000
052130,國巨凱基9B購01  ,0,0,0,0,0,0,0,0,0,10000,0,0,0,10000,0,10000,10000
048850,聯電群益96購01  ,0,0,0,0,0,0,0,0,0,10000,0,0,0,10000,0,10000,10000
03422B,臺股指凱基96熊28,0,0,0,0,0,0,0,0,0,10000,0,0,0,10000,0,10000,10000
053997,健策群益97購02  ,0,0,0,0,0,0,0,0,0,10000,0,0,0,119000,109000,10000,10000
045842,T50反1台新98購01,0,0,0,0,0,0,0,0,0,10000,0,0,0,10000,0,10000,10000
04454P,大立光富邦98售02,0,0,0,0,0,0,0,0,0,10000,0,0,0,10000,0,10000,10000
045054,聯發科元富98購02,0,0,0,0,0,0,0,0,0,10000,0,0,0,10000,0,10000,10000
054299,南電元大96購03  ,0,0,0,0,0,0,0,0,0,10000,0,0,0,10000,0,10000,10000
054167,揚明光凱基98購01,0,0,0,0,0,0,0,0,0,10000,0,0,0,10000,0,10000,10000
054111,緯穎凱基97購01  ,0,0,0,0,0,0,0,0,0,10000,0,0,0,24000,14000,10000,10000
054038,T50反1元大98購04,0,0,0,0,0,0,0,0,0,10000,0,0,0,10000,0,10000,10000
054132,聯發科元大97購10,0,0,0,0,0,0,0,0,0,10000,0,0,0,10000,0,10000,10000
048179,臻鼎富邦97購01  ,0,0,0,0,0,0,0,0,0,10000,0,0,0,10000,0,10000,10000
051729,華新國票96購01  ,0,0,0,0,0,0,0,0,0,10000,0,0,0,10000,0,10000,10000
051531,國巨國票96購04  ,0,0,0,0,0,0,0,0,0,10000,0,0,0,11000,1000,10000,10000
050952,健策群益96購01  ,0,0,0,0,0,0,0,0,0,10000,0,0,0,10000,0,10000,10000
050992,台積電元大97購01,0,0,0,0,0,0,0,0,0,10000,0,0,0,167000,157000,10000,10000
051026,健策統一96購01  ,0,0,0,0,0,0,0,0,0,10000,0,0,0,10000,0,10000,10000
051094,健策元大96購03  ,0,0,0,0,0,0,0,0,0,10000,0,0,0,10000,0,10000,10000
055642,廣宇元富97購01  ,0,0,0,0,0,0,0,0,0,10000,0,0,0,10000,0,10000,10000
054576,健策元大98購03  ,0,0,0,0,0,0,0,0,0,10000,0,0,0,10000,0,10000,10000
054699,復盛永豐97購01  ,0,0,0,0,0,0,0,0,0,10000,0,0,0,10000,0,10000,10000
055148,鴻海元大98購02  ,0,0,0,0,0,0,0,0,0,10000,0,0,0,10000,0,10000,10000
055453,華邦電元富97購01,0,0,0,0,0,0,0,0,0,10000,0,0,0,10000,0,10000,10000
056229,可成凱基97購04  ,0,0,0,0,0,0,0,0,0,10000,0,0,0,10000,0,10000,10000
055366,國巨元大98購05  ,0,0,0,0,0,0,0,0,0,10000,0,0,0,10000,0,10000,10000
055358,臻鼎凱基97購01  ,0,0,0,0,0,0,0,0,0,10000,0,0,0,10000,0,10000,10000
056414,國巨中信98購02  ,0,0,0,0,0,0,0,0,0,10000,0,0,0,10000,0,10000,10000
056471,台光電元大99購01,0,0,0,0,0,0,0,0,0,10000,0,0,0,12000,2000,10000,10000
055867,臺股指元大97購05,0,0,0,0,0,0,0,0,0,10000,0,0,0,10000,0,10000,10000
055872,亞泥元富97購01  ,0,0,0,0,0,0,0,0,0,10000,0,0,0,10000,0,10000,10000
056508,揚明光永豐98購01,0,0,0,0,0,0,0,0,0,10000,0,0,0,10000,0,10000,10000
056479,玉晶光元大99購05,0,0,0,0,0,0,0,0,0,10000,0,0,0,21000,11000,10000,10000
056483,TPK元大98購01   ,0,0,0,0,0,0,0,0,0,10000,0,0,0,10000,0,10000,10000
056554,GIS凱基99購01   ,0,0,0,0,0,0,0,0,0,10000,0,0,0,10000,0,10000,10000
056296,旺宏元大97購07  ,0,0,0,0,0,0,0,0,0,10000,0,0,0,10000,0,10000,10000
05660P,玉晶光第一96售01,0,0,0,0,0,0,0,0,0,10000,0,0,0,10000,0,10000,10000
056173,廣達元富97購01  ,0,0,0,0,0,0,0,0,0,10000,0,0,0,10000,0,10000,10000
055221,矽創凱基97購02  ,0,0,0,0,0,0,0,0,0,10000,0,0,0,10000,0,10000,10000
055316,上銀國票98購01  ,0,0,0,0,0,0,0,0,0,10000,0,0,0,10000,0,10000,10000
055320,建準國票98購01  ,0,0,0,0,0,0,0,0,0,10000,0,0,0,10000,0,10000,10000
055925,上銀群益97購01  ,0,0,0,0,0,0,0,0,0,10000,0,0,0,10000,0,10000,10000
054907,帆宣康和97購01  ,0,0,0,0,0,0,0,0,0,10000,0,0,0,10000,0,10000,10000
055028,佐登國泰98購01  ,0,0,0,0,0,0,0,0,0,10000,0,0,0,10000,0,10000,10000
056074,茂林元大97購04  ,0,0,0,0,0,0,0,0,0,10000,0,0,0,10000,0,10000,10000
056156,禾伸堂凱基98購04,0,0,0,0,0,0,0,0,0,10000,0,0,0,10000,0,10000,10000
059091,中信金元大99購01,0,0,0,0,0,0,0,0,0,10000,0,0,0,10000,0,10000,10000
059186,華通富邦9A購01  ,0,0,0,0,0,0,0,0,0,10000,0,0,0,10000,0,10000,10000
059203,勤誠永豐99購02  ,0,0,0,0,0,0,0,0,0,10000,0,0,0,10000,0,10000,10000
059214,國巨元大99購20  ,0,0,0,0,0,0,0,0,0,10000,0,0,0,28000,18000,10000,10000
059246,奇力新凱基9A購02,0,0,0,0,0,0,0,0,0,10000,0,0,0,10000,0,10000,10000
058945,S&P正2群益9C購01,0,0,0,0,0,0,0,0,0,10000,0,0,0,10000,0,10000,10000
058939,台積電中信9B購01,0,0,0,0,0,0,0,0,0,10000,0,0,0,22000,12000,10000,10000
058974,臺股指永豐99購03,0,0,0,0,0,0,0,0,0,10000,0,0,0,10000,0,10000,10000
058916,SGBR2X元富99購02,0,0,0,0,0,0,0,0,0,10000,0,0,0,10000,0,10000,10000
059031,元石油中信03購01,0,0,0,0,0,0,0,0,0,10000,0,0,0,20000,10000,10000,10000
057243,樺漢凱基99購01  ,0,0,0,0,0,0,0,0,0,10000,0,0,0,10000,0,10000,10000
059326,康友元大99購01  ,0,0,0,0,0,0,0,0,0,10000,0,0,0,30000,20000,10000,10000
057790,台積電統一99購04,0,0,0,0,0,0,0,0,0,10000,0,0,0,11000,1000,10000,10000
058436,聯發科統一9B購03,0,0,0,0,0,0,0,0,0,10000,0,0,0,10000,0,10000,10000
057052,華擎元大98購01  ,0,0,0,0,0,0,0,0,0,10000,0,0,0,10000,0,10000,10000
058070,華新科凱基98購07,0,0,0,0,0,0,0,0,0,10000,0,0,0,10000,0,10000,10000
058519,嘉澤元大99購01  ,0,0,0,0,0,0,0,0,0,10000,0,0,0,56000,46000,10000,10000
058509,聯發科元大99購12,0,0,0,0,0,0,0,0,0,10000,0,0,0,10000,0,10000,10000
058137,玉晶光元大99購11,0,0,0,0,0,0,0,0,0,10000,0,0,0,20000,10000,10000,10000
059201,祥碩永豐99購02  ,0,0,0,0,0,0,0,0,0,10000,0,0,0,10000,0,10000,10000
060405,中租國泰9C購01  ,0,0,0,0,0,0,0,0,0,10000,0,0,0,10000,0,10000,10000
060473,中租元大9A購03  ,0,0,0,0,0,0,0,0,0,10000,0,0,0,10000,0,10000,10000
060530,聯發科中信9C購03,0,0,0,0,0,0,0,0,0,10000,0,0,0,10000,0,10000,10000
060542,上銀凱基9A購04  ,0,0,0,0,0,0,0,0,0,10000,0,0,0,52000,42000,10000,10000
06053P,緯穎國票97售05  ,0,0,0,0,0,0,0,0,0,10000,0,0,0,10000,0,10000,10000
060639,玉晶光永豐9A購05,0,0,0,0,0,0,0,0,0,10000,0,0,0,10000,0,10000,10000
060585,玉晶光元富9A購02,0,0,0,0,0,0,0,0,0,10000,0,0,0,10000,0,10000,10000
057945,京鼎國票99購03  ,0,0,0,0,0,0,0,0,0,10000,0,0,0,10000,0,10000,10000
058585,S&P正2中信9B購02,0,0,0,0,0,0,0,0,0,10000,0,0,0,10000,0,10000,10000
058864,欣興凱基99購04  ,0,0,0,0,0,0,0,0,0,10000,0,0,0,10000,0,10000,10000
057658,玉晶光兆豐99購02,0,0,0,0,0,0,0,0,0,10000,0,0,0,10000,0,10000,10000
057678,臺股指元大98購08,0,0,0,0,0,0,0,0,0,10000,0,0,0,10000,0,10000,10000
058350,T50正2凱基9B購01,0,0,0,0,0,0,0,0,0,10000,0,0,0,10000,0,10000,10000
057690,美律凱基99購03  ,0,0,0,0,0,0,0,0,0,10000,0,0,0,10000,0,10000,10000
057702,同欣電群益99購01,0,0,0,0,0,0,0,0,0,10000,0,0,0,10000,0,10000,10000
058388,健策國票9A購01  ,0,0,0,0,0,0,0,0,0,10000,0,0,0,10000,0,10000,10000
057453,矽創元富98購01  ,0,0,0,0,0,0,0,0,0,10000,0,0,0,10000,0,10000,10000
057462,光磊永豐98購02  ,0,0,0,0,0,0,0,0,0,10000,0,0,0,55000,45000,10000,10000
057477,智邦元大98購09  ,0,0,0,0,0,0,0,0,0,10000,0,0,0,22000,12000,10000,10000
057396,健鼎中信99購01  ,0,0,0,0,0,0,0,0,0,10000,0,0,0,10000,0,10000,10000
057410,南電群益98購01  ,0,0,0,0,0,0,0,0,0,10000,0,0,0,10000,0,10000,10000
059906,臺指反元大9C購04,0,0,0,0,0,0,0,0,0,10000,0,0,0,10000,0,10000,10000
056900,可成元大98購02  ,0,0,0,0,0,0,0,0,0,10000,0,0,0,10000,0,10000,10000
056858,國巨群益99購03  ,0,0,0,0,0,0,0,0,0,10000,0,0,0,20000,10000,10000,10000
056847,佐登元富98購01  ,0,0,0,0,0,0,0,0,0,10000,0,0,0,20000,10000,10000,10000
06005P,晶豪科永豐96售04,0,0,0,0,0,0,0,0,0,10000,0,0,0,10000,0,10000,10000
060058,牧德凱基9B購01  ,0,0,0,0,0,0,0,0,0,10000,0,0,0,50000,40000,10000,10000
060054,華新科凱基9B購04,0,0,0,0,0,0,0,0,0,10000,0,0,0,14000,4000,10000,10000
059614,致新永豐99購01  ,0,0,0,0,0,0,0,0,0,10000,0,0,0,15000,5000,10000,10000
059612,奇鋐永豐99購02  ,0,0,0,0,0,0,0,0,0,10000,0,0,0,10000,0,10000,10000
059689,南亞科永豐99購02,0,0,0,0,0,0,0,0,0,10000,0,0,0,93000,83000,10000,10000
059780,滬深2X元大9C購06,0,0,0,0,0,0,0,0,0,10000,0,0,0,10000,0,10000,10000
059793,滬深2X國票99購03,0,0,0,0,0,0,0,0,0,10000,0,0,0,10000,0,10000,10000
059823,奇力新凱基99購07,0,0,0,0,0,0,0,0,0,10000,0,0,0,10000,0,10000,10000
05682P,大立光元大98售03,0,0,0,0,0,0,0,0,0,10000,0,0,0,10000,0,10000,10000
058702,國巨元大99購16  ,0,0,0,0,0,0,0,0,0,10000,0,0,0,72000,62000,10000,10000
058730,玉晶光永豐9A購01,0,0,0,0,0,0,0,0,0,10000,0,0,0,35000,25000,10000,10000
058308,全新元大9B購01  ,0,0,0,0,0,0,0,0,0,10000,0,0,0,10000,0,10000,10000
058319,大毅永豐9A購01  ,0,0,0,0,0,0,0,0,0,10000,0,0,0,42000,32000,10000,10000
059347,京鼎凱基99購02  ,0,0,0,0,0,0,0,0,0,10000,0,0,0,10000,0,10000,10000
059371,聯鈞元富99購02  ,0,0,0,0,0,0,0,0,0,10000,0,0,0,10000,0,10000,10000
057552,禾伸堂凱基98購05,0,0,0,0,0,0,0,0,0,10000,0,0,0,10000,0,10000,10000
05876P,聯發科群益96售03,0,0,0,0,0,0,0,0,0,10000,0,0,0,10000,0,10000,10000
058761,欣興群益99購02  ,0,0,0,0,0,0,0,0,0,10000,0,0,0,10000,0,10000,10000
07705P,台積電元大9A售26,0,0,0,0,0,0,0,0,0,10000,0,0,0,10000,0,10000,10000
07815P,美律群益9A售04  ,0,0,0,0,0,0,0,0,0,10000,0,0,0,10000,0,10000,10000
07854P,台積電凱基9A售28,0,0,0,0,0,0,0,0,0,10000,0,0,0,10000,0,10000,10000
08046P,臺股指國票9B售11,0,0,0,0,0,0,0,0,0,10000,0,0,0,10000,0,10000,10000
07989P,玉晶光凱基9B售07,0,0,0,0,0,0,0,0,0,10000,0,0,0,10000,0,10000,10000
07996P,亞德客凱基9B售03,0,0,0,0,0,0,0,0,0,10000,0,0,0,21000,11000,10000,10000
07874P,長榮航群益9B售01,0,0,0,0,0,0,0,0,0,10000,0,0,0,10000,0,10000,10000
07888P,大立光國票9B售01,0,0,0,0,0,0,0,0,0,10000,0,0,0,10000,0,10000,10000
07948P,大成鋼凱基9B售01,0,0,0,0,0,0,0,0,0,10000,0,0,0,10000,0,10000,10000
07941P,國巨凱基9B售07  ,0,0,0,0,0,0,0,0,0,10000,0,0,0,10000,0,10000,10000
07942P,健策凱基9B售03  ,0,0,0,0,0,0,0,0,0,10000,0,0,0,10000,0,10000,10000
08109P,台灣50台新9C售04,0,0,0,0,0,0,0,0,0,10000,0,0,0,10000,0,10000,10000
08818P,台灣50凱基01售18,0,0,0,0,0,0,0,0,0,10000,0,0,0,10000,0,10000,10000
1452,宏益            ,23000,13000,10000,0,0,0,0,0,0,0,0,0,0,0,0,0,10000
07043P,國巨元大99售14  ,0,0,0,0,0,0,0,0,0,10000,0,0,0,11000,1000,10000,10000
06960P,國巨凱基99售08  ,0,0,0,0,0,0,0,0,0,10000,0,0,0,10000,0,10000,10000
06848P,聯詠元大98售04  ,0,0,0,0,0,0,0,0,0,10000,0,0,0,10000,0,10000,10000
06466P,台積電統一9B售01,0,0,0,0,0,0,0,0,0,10000,0,0,0,10000,0,10000,10000
06613P,華新科富邦9A售03,0,0,0,0,0,0,0,0,0,10000,0,0,0,10000,0,10000,10000
06743P,創意永豐98售03  ,0,0,0,0,0,0,0,0,0,10000,0,0,0,30000,20000,10000,10000
06630P,國巨群益98售08  ,0,0,0,0,0,0,0,0,0,10000,0,0,0,15000,5000,10000,10000
06623P,立積元大98售04  ,0,0,0,0,0,0,0,0,0,10000,0,0,0,10000,0,10000,10000
06621P,欣興元大98售06  ,0,0,0,0,0,0,0,0,0,10000,0,0,0,10000,0,10000,10000
06625P,華新科統一98售03,0,0,0,0,0,0,0,0,0,10000,0,0,0,10000,0,10000,10000
06636P,可成凱基98售08  ,0,0,0,0,0,0,0,0,0,10000,0,0,0,10000,0,10000,10000
07463P,台積電國票9A售05,0,0,0,0,0,0,0,0,0,10000,0,0,0,15000,5000,10000,10000
07546P,玉晶光凱基9A售09,0,0,0,0,0,0,0,0,0,10000,0,0,0,509000,499000,10000,10000
07526P,臺股指中信9B售08,0,0,0,0,0,0,0,0,0,10000,0,0,0,10000,0,10000,10000
07508P,華新科國票9A售03,0,0,0,0,0,0,0,0,0,10000,0,0,0,10000,0,10000,10000
07603P,台積電統一9B售08,0,0,0,0,0,0,0,0,0,10000,0,0,0,10000,0,10000,10000
07376P,聯發科元大99售39,0,0,0,0,0,0,0,0,0,10000,0,0,0,10000,0,10000,10000
07443P,鴻海凱基9A售18  ,0,0,0,0,0,0,0,0,0,10000,0,0,0,10000,0,10000,10000
07248P,可成凱基99售06  ,0,0,0,0,0,0,0,0,0,10000,0,0,0,30000,20000,10000,10000
3022,威強電          ,20000,10000,10000,0,0,0,0,0,0,0,0,0,0,0,0,0,10000
006205,富邦上証        ,2000,25000,-23000,0,0,0,0,0,0,32618,0,0,0,1153000,1120382,32618,9618
060717,康控永豐9A購01  ,0,0,0,0,0,0,0,0,0,9000,0,0,0,10000,1000,9000,9000
061429,南六元大9A購02  ,0,0,0,0,0,0,0,0,0,9000,0,0,0,230000,221000,9000,9000
061374,力山永豐9A購04  ,0,0,0,0,0,0,0,0,0,9000,0,0,0,44000,35000,9000,9000
062741,立積國票9B購02  ,0,0,0,0,0,0,0,0,0,9000,0,0,0,28000,19000,9000,9000
062276,瑞昱群益9B購01  ,0,0,0,0,0,0,0,0,0,9000,0,0,0,21000,12000,9000,9000
063288,泰鼎元大9B購02  ,0,0,0,0,0,0,0,0,0,9000,0,0,0,29000,20000,9000,9000
063373,晶技永豐9B購02  ,0,0,0,0,0,0,0,0,0,9000,0,0,0,85000,76000,9000,9000
063129,祥碩元大9C購03  ,0,0,0,0,0,0,0,0,0,9000,0,0,0,9000,0,9000,9000
062879,美食兆豐9B購01  ,0,0,0,0,0,0,0,0,0,9000,0,0,0,32000,23000,9000,9000
050545,奇力新凱基95購01,0,0,0,0,0,0,0,0,0,9000,0,0,0,9000,0,9000,9000
03437B,臺股指元富9C熊01,0,0,0,0,0,0,0,0,0,9000,0,0,0,10000,1000,9000,9000
03022X,富展01          ,0,0,0,0,0,0,0,0,0,9000,0,0,0,9000,0,9000,9000
053729,聯茂凱基96購05  ,0,0,0,0,0,0,0,0,0,9000,0,0,0,10000,1000,9000,9000
052907,嘉澤國票97購01  ,0,0,0,0,0,0,0,0,0,9000,0,0,0,9000,0,9000,9000
05347P,滬深2X元富9B售02,0,0,0,0,0,0,0,0,0,9000,0,0,0,9000,0,9000,9000
059019,元石油統一9B購03,0,0,0,0,0,0,0,0,0,9000,0,0,0,9000,0,9000,9000
059264,台光電中信99購02,0,0,0,0,0,0,0,0,0,9000,0,0,0,24000,15000,9000,9000
055646,漢唐元富97購01  ,0,0,0,0,0,0,0,0,0,9000,0,0,0,9000,0,9000,9000
055584,國巨元大97購11  ,0,0,0,0,0,0,0,0,0,9000,0,0,0,10000,1000,9000,9000
055589,台光電元大98購04,0,0,0,0,0,0,0,0,0,9000,0,0,0,9000,0,9000,9000
05982P,漢唐國票96售03  ,0,0,0,0,0,0,0,0,0,9000,0,0,0,59000,50000,9000,9000
059521,南電永豐99購03  ,0,0,0,0,0,0,0,0,0,9000,0,0,0,34000,25000,9000,9000
059525,上銀凱基99購08  ,0,0,0,0,0,0,0,0,0,9000,0,0,0,43000,34000,9000,9000
059450,和大永豐99購01  ,0,0,0,0,0,0,0,0,0,9000,0,0,0,11000,2000,9000,9000
060014,中鋼康和99購01  ,0,0,0,0,0,0,0,0,0,9000,0,0,0,9000,0,9000,9000
059992,S&P正2元富9B購04,0,0,0,0,0,0,0,0,0,9000,0,0,0,9000,0,9000,9000
057633,緯穎永豐98購02  ,0,0,0,0,0,0,0,0,0,9000,0,0,0,20000,11000,9000,9000
060604,宏達電凱基9B購01,0,0,0,0,0,0,0,0,0,9000,0,0,0,13000,4000,9000,9000
058247,聯茂元大99購04  ,0,0,0,0,0,0,0,0,0,9000,0,0,0,10000,1000,9000,9000
058004,大立光群益98購03,0,0,0,0,0,0,0,0,0,9000,0,0,0,10000,1000,9000,9000
058214,世芯群益9A購01  ,0,0,0,0,0,0,0,0,0,9000,0,0,0,9000,0,9000,9000
057844,新日興永豐99購01,0,0,0,0,0,0,0,0,0,9000,0,0,0,9000,0,9000,9000
058043,鴻海元大98購13  ,0,0,0,0,0,0,0,0,0,9000,0,0,0,108000,99000,9000,9000
057080,華新科統一99購02,0,0,0,0,0,0,0,0,0,9000,0,0,0,20000,11000,9000,9000
057806,國巨元大98購20  ,0,0,0,0,0,0,0,0,0,9000,0,0,0,9000,0,9000,9000
058480,新日興凱基9A購01,0,0,0,0,0,0,0,0,0,9000,0,0,0,49000,40000,9000,9000
2881B,富邦金乙特      ,0,0,0,0,0,0,0,0,0,9000,9000,0,9000,0,0,0,9000
6491,晶碩            ,23000,16000,7000,0,0,0,0,0,0,2000,2000,0,2000,0,0,0,9000
07390P,華新科康和99售02,0,0,0,0,0,0,0,0,0,9000,0,0,0,189000,180000,9000,9000
06553P,訊芯元大98售05  ,0,0,0,0,0,0,0,0,0,9000,0,0,0,30000,21000,9000,9000
06933P,禾伸堂元大98售03,0,0,0,0,0,0,0,0,0,9000,0,0,0,103000,94000,9000,9000
1443,立益            ,9000,0,9000,0,0,0,0,0,0,0,0,0,0,0,0,0,9000
07775P,國巨群益9A售10  ,0,0,0,0,0,0,0,0,0,9000,0,0,0,9000,0,9000,9000
062874,微星兆豐9B購01  ,0,0,0,0,0,0,0,0,0,8000,0,0,0,50000,42000,8000,8000
062790,臺股指元大9B購33,0,0,0,0,0,0,0,0,0,8000,0,0,0,8000,0,8000,8000
062628,廣達國票9B購01  ,0,0,0,0,0,0,0,0,0,8000,0,0,0,8000,0,8000,8000
061386,道瓊銀群益9A購03,0,0,0,0,0,0,0,0,0,8000,0,0,0,8000,0,8000,8000
061343,大立光元大9A購04,0,0,0,0,0,0,0,0,0,8000,0,0,0,14000,6000,8000,8000
061945,華通群益9B購04  ,0,0,0,0,0,0,0,0,0,8000,0,0,0,8000,0,8000,8000
061827,台灣50凱基02購01,0,0,0,0,0,0,0,0,0,8000,0,0,0,10000,2000,8000,8000
055102,上銀凱基98購01  ,0,0,0,0,0,0,0,0,0,8000,0,0,0,8000,0,8000,8000
055381,茂林元大97購02  ,0,0,0,0,0,0,0,0,0,8000,0,0,0,35000,27000,8000,8000
056240,嘉晶群益97購02  ,0,0,0,0,0,0,0,0,0,8000,0,0,0,8000,0,8000,8000
056203,興富發永豐97購01,0,0,0,0,0,0,0,0,0,8000,0,0,0,8000,0,8000,8000
056498,A50正2富邦9B購01,0,0,0,0,0,0,0,0,0,8000,0,0,0,8000,0,8000,8000
056744,麗豐凱基9A購01  ,0,0,0,0,0,0,0,0,0,8000,0,0,0,23000,15000,8000,8000
058938,台積電中信01購03,0,0,0,0,0,0,0,0,0,8000,0,0,0,38000,30000,8000,8000
056158,新日興凱基98購02,0,0,0,0,0,0,0,0,0,8000,0,0,0,8000,0,8000,8000
059083,華通元大99購07  ,0,0,0,0,0,0,0,0,0,8000,0,0,0,9000,1000,8000,8000
056107,智易永豐97購02  ,0,0,0,0,0,0,0,0,0,8000,0,0,0,48000,40000,8000,8000
054760,台化國票9A購01  ,0,0,0,0,0,0,0,0,0,8000,0,0,0,8000,0,8000,8000
05600P,玉晶光台新96售04,0,0,0,0,0,0,0,0,0,8000,0,0,0,8000,0,8000,8000
052180,緯穎元大96購05  ,0,0,0,0,0,0,0,0,0,8000,0,0,0,10000,2000,8000,8000
056644,宏達電凱基98購04,0,0,0,0,0,0,0,0,0,8000,0,0,0,14000,6000,8000,8000
053528,南電中信9A購01  ,0,0,0,0,0,0,0,0,0,8000,0,0,0,8000,0,8000,8000
047937,元金2X國票97購02,0,0,0,0,0,0,0,0,0,8000,0,0,0,8000,0,8000,8000
058489,台灣50群益9B購01,0,0,0,0,0,0,0,0,0,8000,0,0,0,8000,0,8000,8000
057171,台光電元大9B購01,0,0,0,0,0,0,0,0,0,8000,0,0,0,12000,4000,8000,8000
05719P,可成元大96售03  ,0,0,0,0,0,0,0,0,0,8000,0,0,0,8000,0,8000,8000
05822P,臺股指凱基96售19,0,0,0,0,0,0,0,0,0,8000,0,0,0,108000,100000,8000,8000
060294,嘉澤元大9A購01  ,0,0,0,0,0,0,0,0,0,8000,0,0,0,27000,19000,8000,8000
057664,台積電元大9A購03,0,0,0,0,0,0,0,0,0,8000,0,0,0,8000,0,8000,8000
058403,玉晶光元大99購12,0,0,0,0,0,0,0,0,0,8000,0,0,0,24000,16000,8000,8000
057673,臻鼎元大98購01  ,0,0,0,0,0,0,0,0,0,8000,0,0,0,8000,0,8000,8000
057371,可成元大98購08  ,0,0,0,0,0,0,0,0,0,8000,0,0,0,8000,0,8000,8000
057363,華通元大99購02  ,0,0,0,0,0,0,0,0,0,8000,0,0,0,16000,8000,8000,8000
057420,美食凱基98購01  ,0,0,0,0,0,0,0,0,0,8000,0,0,0,8000,0,8000,8000
059975,元金2X元大99購02,0,0,0,0,0,0,0,0,0,8000,0,0,0,215000,207000,8000,8000
060153,A50正2永豐9A購01,0,0,0,0,0,0,0,0,0,8000,0,0,0,8000,0,8000,8000
059645,祥碩凱基99購05  ,0,0,0,0,0,0,0,0,0,8000,0,0,0,10000,2000,8000,8000
058741,欣興日盛99購01  ,0,0,0,0,0,0,0,0,0,8000,0,0,0,58000,50000,8000,8000
07872P,聯發科群益9B售03,0,0,0,0,0,0,0,0,0,8000,0,0,0,8000,0,8000,8000
08028P,臺股指元大9B售30,0,0,0,0,0,0,0,0,0,8000,0,0,0,20000,12000,8000,8000
1323,永裕            ,9000,1000,8000,0,0,0,0,0,0,0,0,0,0,0,0,0,8000
06633P,國巨國票99售01  ,0,0,0,0,0,0,0,0,0,8000,0,0,0,10000,2000,8000,8000
06656P,GIS元大98售02   ,0,0,0,0,0,0,0,0,0,8000,0,0,0,255000,247000,8000,8000
07627P,超眾凱基9A售02  ,0,0,0,0,0,0,0,0,0,8000,0,0,0,53000,45000,8000,8000
07509P,牧德國票9A售03  ,0,0,0,0,0,0,0,0,0,8000,0,0,0,10000,2000,8000,8000
07312P,台灣50元大99售10,0,0,0,0,0,0,0,0,0,8000,0,0,0,10000,2000,8000,8000
07148P,富邦金元大99售01,0,0,0,0,0,0,0,0,0,8000,0,0,0,8000,0,8000,8000
3026,禾伸堂          ,304000,303000,1000,0,0,0,0,0,0,7000,0,0,0,25000,18000,7000,8000
2838A,聯邦銀甲特      ,5000,0,5000,0,0,0,0,0,0,3000,3000,0,3000,0,0,0,8000
8201,無敵            ,9000,1000,8000,0,0,0,0,0,0,0,0,0,0,0,0,0,8000
2514,龍邦            ,25740,18000,7740,0,0,0,0,0,0,0,0,0,0,0,0,0,7740
062128,祥碩統一01購01  ,0,0,0,0,0,0,0,0,0,7000,0,0,0,53000,46000,7000,7000
061262,智邦凱基9A購02  ,0,0,0,0,0,0,0,0,0,7000,0,0,0,22000,15000,7000,7000
061143,道瓊指中信9C購04,0,0,0,0,0,0,0,0,0,7000,0,0,0,30000,23000,7000,7000
060855,華新科富邦01購01,0,0,0,0,0,0,0,0,0,7000,0,0,0,56000,49000,7000,7000
060837,上銀國票9A購04  ,0,0,0,0,0,0,0,0,0,7000,0,0,0,7000,0,7000,7000
060838,華通國票9A購05  ,0,0,0,0,0,0,0,0,0,7000,0,0,0,7000,0,7000,7000
061058,健策國票9A購05  ,0,0,0,0,0,0,0,0,0,7000,0,0,0,10000,3000,7000,7000
060985,聯發科元大9A購06,0,0,0,0,0,0,0,0,0,7000,0,0,0,18000,11000,7000,7000
062626,台積電國票9C購04,0,0,0,0,0,0,0,0,0,7000,0,0,0,7000,0,7000,7000
062341,台表科麥證9C購01,0,0,0,12000,5000,7000,0,0,0,7000,0,0,0,12000,5000,7000,7000
063238,漢唐元大9B購02  ,0,1000,-1000,0,0,0,0,0,0,8000,0,0,0,45000,37000,8000,7000
063230,緯穎群益9B購02  ,0,0,0,0,0,0,0,0,0,7000,0,0,0,40000,33000,7000,7000
047004,台積電統一99購01,0,0,0,0,0,0,0,0,0,7000,0,0,0,7000,0,7000,7000
051020,健策凱基96購02  ,0,0,0,0,0,0,0,0,0,7000,0,0,0,7000,0,7000,7000
00866,新光Shiller CAPE,0,0,0,0,0,0,0,0,0,7000,0,0,0,33000,26000,7000,7000
00757,統一FANG+       ,0,0,0,0,0,0,0,0,0,7000,0,0,0,227000,220000,7000,7000
054147,GIS元大96購02   ,0,0,0,0,0,0,0,0,0,7000,0,0,0,57000,50000,7000,7000
055794,聯發科國泰99購01,0,0,0,0,0,0,0,0,0,7000,0,0,0,7000,0,7000,7000
053468,鴻海元大98購01  ,0,0,0,0,0,0,0,0,0,7000,0,0,0,7000,0,7000,7000
055908,GIS日盛97購01   ,0,0,0,0,0,0,0,0,0,7000,0,0,0,10000,3000,7000,7000
054856,得力群益99購01  ,0,0,0,0,0,0,0,0,0,7000,0,0,0,105000,98000,7000,7000
054830,世芯國泰99購01  ,0,0,0,0,0,0,0,0,0,7000,0,0,0,12000,5000,7000,7000
059075,FBVIX元大99購01 ,0,0,0,0,0,0,0,0,0,7000,0,0,0,8000,1000,7000,7000
059190,欣興富邦9A購01  ,0,0,0,0,0,0,0,0,0,7000,0,0,0,7000,0,7000,7000
059143,國巨國票9A購04  ,0,0,0,0,0,0,0,0,0,7000,0,0,0,26000,19000,7000,7000
058994,道瓊指元大99購01,0,0,0,0,0,0,0,0,0,7000,0,0,0,7000,0,7000,7000
056766,義隆元大98購01  ,0,0,0,0,0,0,0,0,0,7000,0,0,0,38000,31000,7000,7000
056559,華通群益98購02  ,0,0,0,0,0,0,0,0,0,7000,0,0,0,228000,221000,7000,7000
056569,T50正2元大9B購02,0,0,0,0,0,0,0,0,0,7000,0,0,0,7000,0,7000,7000
056566,臻鼎群益98購01  ,0,0,0,0,0,0,0,0,0,7000,0,0,0,7000,0,7000,7000
055489,瑞昱元大97購02  ,0,0,0,0,0,0,0,0,0,7000,0,0,0,10000,3000,7000,7000
054578,世芯元大99購01  ,0,0,0,0,0,0,0,0,0,7000,0,0,0,7000,0,7000,7000
059286,S&P正2元富01購03,0,0,0,0,0,0,0,0,0,7000,0,0,0,7000,0,7000,7000
059819,台積電凱基99購17,0,0,0,0,0,0,0,0,0,7000,0,0,0,10000,3000,7000,7000
059740,瑞昱元富99購02  ,0,0,0,0,0,0,0,0,0,7000,0,0,0,29000,22000,7000,7000
060071,國巨元富99購03  ,0,0,0,0,0,0,0,0,0,7000,0,0,0,7000,0,7000,7000
056883,美食康和98購01  ,0,0,0,0,0,0,0,0,0,7000,0,0,0,7000,0,7000,7000
056963,建準永豐98購01  ,0,0,0,0,0,0,0,0,0,7000,0,0,0,38000,31000,7000,7000
059889,華新科國票99購04,0,0,0,0,0,0,0,0,0,7000,0,0,0,11000,4000,7000,7000
059946,健策永豐99購05  ,0,0,0,0,0,0,0,0,0,7000,0,0,0,53000,46000,7000,7000
057369,奇力新元大99購05,0,0,0,0,0,0,0,0,0,7000,0,0,0,28000,21000,7000,7000
058401,華航元大9A購01  ,0,0,0,0,0,0,0,0,0,7000,0,0,0,7000,0,7000,7000
056984,嘉晶群益98購01  ,0,0,0,0,0,0,0,0,0,7000,0,0,0,7000,0,7000,7000
057000,亞德客國票99購01,0,0,0,0,0,0,0,0,0,7000,0,0,0,78000,71000,7000,7000
05861P,瀚宇博永豐96售02,0,0,0,0,0,0,0,0,0,7000,0,0,0,54000,47000,7000,7000
058588,致茂中信9B購01  ,0,0,0,0,0,0,0,0,0,7000,0,0,0,136000,129000,7000,7000
060621,玉晶光元大9A購05,0,0,0,0,0,0,0,0,0,7000,0,0,0,12000,5000,7000,7000
2453,凌群            ,56000,49000,7000,0,0,0,0,0,0,0,0,0,0,0,0,0,7000
3593,力銘            ,10000,5000,5000,0,0,0,0,0,0,2000,2000,0,2000,0,0,0,7000
4581,光隆精密-KY     ,7000,0,7000,0,0,0,0,0,0,0,0,0,0,0,0,0,7000
911868,同方友友-DR     ,9000,2000,7000,0,0,0,0,0,0,0,0,0,0,0,0,0,7000
9930,中聯資源        ,13000,6000,7000,0,0,0,0,0,0,0,0,0,0,0,0,0,7000
06738P,瑞昱兆豐98售02  ,0,0,0,0,0,0,0,0,0,7000,0,0,0,7000,0,7000,7000
06999P,玉晶光國票9B售01,0,0,0,0,0,0,0,0,0,7000,0,0,0,7000,0,7000,7000
06771P,台灣50中信02售01,0,0,0,0,0,0,0,0,0,7000,0,0,0,10000,3000,7000,7000
08009P,華擎統一9B售02  ,0,0,0,0,0,0,0,0,0,7000,0,0,0,15000,8000,7000,7000
08059P,京鼎元大9B售02  ,0,0,0,0,0,0,0,0,0,7000,0,0,0,7000,0,7000,7000
063031,鴻海凱基9C購01  ,0,0,0,0,0,0,0,0,0,6000,0,0,0,38000,32000,6000,6000
062478,牧德國票9B購03  ,0,0,0,0,0,0,0,0,0,6000,0,0,0,6000,0,6000,6000
061015,旺宏麥證9A購03  ,0,0,0,25000,19000,6000,0,0,0,6000,0,0,0,25000,19000,6000,6000
061203,國巨元大9A購15  ,0,0,0,0,0,0,0,0,0,6000,0,0,0,7000,1000,6000,6000
061174,鴻海凱基9A購23  ,0,0,0,0,0,0,0,0,0,6000,0,0,0,7000,1000,6000,6000
062047,緯穎凱基9B購01  ,0,0,0,0,0,0,0,0,0,6000,0,0,0,6000,0,6000,6000
061860,臺股指國票9B購04,0,0,0,0,0,0,0,0,0,6000,0,0,0,15000,9000,6000,6000
061943,上銀群益9B購02  ,0,0,0,0,0,0,0,0,0,6000,0,0,0,46000,40000,6000,6000
061456,玉晶光凱基9B購05,0,0,0,0,0,0,0,0,0,6000,0,0,0,24000,18000,6000,6000
061661,京鼎永豐9A購02  ,0,0,0,0,0,0,0,0,0,6000,0,0,0,20000,14000,6000,6000
05546P,全新元大97售01  ,0,0,0,0,0,0,0,0,0,6000,0,0,0,7000,1000,6000,6000
056743,貿聯凱基98購04  ,0,0,0,0,0,0,0,0,0,6000,0,0,0,25000,19000,6000,6000
059027,神達台新99購02  ,0,0,0,0,0,0,0,0,0,6000,0,0,0,6000,0,6000,6000
059121,瑞儀永豐99購01  ,0,0,0,0,0,0,0,0,0,6000,0,0,0,6000,0,6000,6000
054913,億光凱基97購01  ,0,0,0,0,0,0,0,0,0,6000,0,0,0,6000,0,6000,6000
055910,瑞昱凱基98購01  ,0,0,0,0,0,0,0,0,0,6000,0,0,0,26000,20000,6000,6000
053404,致新群益96購01  ,0,0,0,0,0,0,0,0,0,6000,0,0,0,6000,0,6000,6000
053411,深中小國票9B購01,0,0,0,0,0,0,0,0,0,6000,0,0,0,6000,0,6000,6000
052367,聯茂國票96購02  ,0,0,0,0,0,0,0,0,0,6000,0,0,0,6000,0,6000,6000
052400,聯詠凱基97購01  ,0,0,0,0,0,0,0,0,0,6000,0,0,0,6000,0,6000,6000
052476,台光電群益98購01,0,0,0,0,0,0,0,0,0,6000,0,0,0,6000,0,6000,6000
03686P,大立光統一98售02,0,0,0,0,0,0,0,0,0,6000,0,0,0,6000,0,6000,6000
060593,華通麥證9A購01  ,0,0,0,6000,0,6000,0,0,0,6000,0,0,0,6000,0,6000,6000
060674,瑞昱元大9A購03  ,0,0,0,0,0,0,0,0,0,6000,0,0,0,18000,12000,6000,6000
058865,群創凱基01購01  ,0,0,0,0,0,0,0,0,0,6000,0,0,0,6000,0,6000,6000
060292,聯詠元大9A購01  ,0,0,0,0,0,0,0,0,0,6000,0,0,0,6000,0,6000,6000
057964,緯穎元大99購03  ,0,0,0,0,0,0,0,0,0,6000,0,0,0,44000,38000,6000,6000
057089,奇力新元富98購01,0,0,0,0,0,0,0,0,0,6000,0,0,0,6000,0,6000,6000
058454,嘉晶永豐99購01  ,0,0,0,0,0,0,0,0,0,6000,0,0,0,6000,0,6000,6000
057750,神達國票99購01  ,0,0,0,0,0,0,0,0,0,6000,0,0,0,6000,0,6000,6000
057700,新日興群益9A購01,0,0,0,0,0,0,0,0,0,6000,0,0,0,9000,3000,6000,6000
057703,矽力群益98購01  ,0,0,0,0,0,0,0,0,0,6000,0,0,0,6000,0,6000,6000
057413,臺股指群益9C購04,0,0,0,0,0,0,0,0,0,6000,0,0,0,26000,20000,6000,6000
057431,京鼎兆豐98購02  ,0,0,0,0,0,0,0,0,0,6000,0,0,0,6000,0,6000,6000
059903,S&P正2元大99購02,0,0,0,0,0,0,0,0,0,6000,0,0,0,6000,0,6000,6000
05994P,奇鋐元大96售02  ,0,0,0,0,0,0,0,0,0,6000,0,0,0,16000,10000,6000,6000
059529,華新科凱基9A購04,0,0,0,0,0,0,0,0,0,6000,0,0,0,6000,0,6000,6000
059571,奇力新凱基99購06,0,0,0,0,0,0,0,0,0,6000,0,0,0,10000,4000,6000,6000
059056,技嘉凱基99購02  ,0,0,0,0,0,0,0,0,0,6000,0,0,0,13000,7000,6000,6000
059366,台積電台新99購04,0,0,0,0,0,0,0,0,0,6000,0,0,0,6000,0,6000,6000
059346,新日興凱基99購03,0,0,0,0,0,0,0,0,0,6000,0,0,0,10000,4000,6000,6000
08025P,臺股指凱基9B售11,0,0,0,0,0,0,0,0,0,6000,0,0,0,6000,0,6000,6000
07731P,臺股指凱基9A售28,0,0,0,0,0,0,0,0,0,6000,0,0,0,179000,173000,6000,6000
1726,永記            ,7000,1000,6000,0,0,0,0,0,0,0,0,0,0,0,0,0,6000
06884P,台郡群益98售03  ,0,0,0,0,0,0,0,0,0,6000,0,0,0,6000,0,6000,6000
06576P,台光電群益98售03,0,0,0,0,0,0,0,0,0,6000,0,0,0,6000,0,6000,6000
07192P,聯發科元大99售23,0,0,0,0,0,0,0,0,0,6000,0,0,0,6000,0,6000,6000
07560P,台積電國泰9B售01,0,0,0,0,0,0,0,0,0,6000,0,0,0,206000,200000,6000,6000
07618P,大立光中信9A售06,0,0,0,0,0,0,0,0,0,6000,0,0,0,6000,0,6000,6000
07370P,南亞科凱基99售08,0,0,0,0,0,0,0,0,0,6000,0,0,0,6000,0,6000,6000
07416P,台積電元大99售53,0,0,0,0,0,0,0,0,0,6000,0,0,0,55000,49000,6000,6000
9927,泰銘            ,12000,6000,6000,0,0,0,0,0,0,0,0,0,0,0,0,0,6000
9955,佳龍            ,35000,29000,6000,0,0,0,0,0,0,0,0,0,0,0,0,0,6000
2451,創見            ,38000,152000,-114000,0,0,0,130000,0,130000,-10000,0,0,0,2000,12000,-10000,6000
061499,嘉晶國票9A購03  ,0,0,0,0,0,0,0,0,0,5000,0,0,0,5000,0,5000,5000
061578,玉晶光元大9A購16,0,0,0,0,0,0,0,0,0,5000,0,0,0,10000,5000,5000,5000
061598,南電永豐9A購04  ,0,0,0,0,0,0,0,0,0,5000,0,0,0,5000,0,5000,5000
061884,臺股指元大9B購18,0,0,0,0,0,0,0,0,0,5000,0,0,0,5000,0,5000,5000
061905,上証反中信03購01,0,0,0,0,0,0,0,0,0,5000,0,0,0,15000,10000,5000,5000
062004,國巨國泰9C購03  ,0,0,0,0,0,0,0,0,0,5000,0,0,0,83000,78000,5000,5000
061185,嘉晶國泰9B購01  ,0,0,0,0,0,0,0,0,0,5000,0,0,0,5000,0,5000,5000
061210,玉山金元大9A購02,0,0,0,0,0,0,0,0,0,5000,0,0,0,29000,24000,5000,5000
061211,玉晶光元大9A購12,0,0,0,0,0,0,0,0,0,5000,0,0,0,5000,0,5000,5000
061214,華擎元大9A購04  ,0,0,0,0,0,0,0,0,0,5000,0,0,0,40000,35000,5000,5000
061073,T50反1兆豐9A購01,0,0,0,0,0,0,0,0,0,5000,0,0,0,5000,0,5000,5000
061258,華通凱基9A購06  ,0,0,0,0,0,0,0,0,0,5000,0,0,0,5000,0,5000,5000
061289,玉晶光統一01購03,0,0,0,0,0,0,0,0,0,5000,0,0,0,22000,17000,5000,5000
061414,牧德群益9B購02  ,0,0,0,0,0,0,0,0,0,5000,0,0,0,5000,0,5000,5000
060877,華邦電中信02購01,0,0,0,0,0,0,0,0,0,5000,0,0,0,100000,95000,5000,5000
060718,中磊永豐9A購01  ,0,0,0,0,0,0,0,0,0,5000,0,0,0,98000,93000,5000,5000
060738,矽格統一9C購01  ,0,0,0,0,0,0,0,0,0,5000,0,0,0,5000,0,5000,5000
062524,鴻海統一9C購09  ,0,0,0,0,0,0,0,0,0,5000,0,0,0,40000,35000,5000,5000
062735,和大國票9B購01  ,0,0,0,0,0,0,0,0,0,5000,0,0,0,5000,0,5000,5000
063032,國巨凱基9C購04  ,0,0,0,0,0,0,0,0,0,5000,0,0,0,5000,0,5000,5000
062893,元金2X元大9C購01,0,0,0,0,0,0,0,0,0,5000,0,0,0,5000,0,5000,5000
063226,康控群益9B購03  ,0,0,0,0,0,0,0,0,0,5000,0,0,0,5000,0,5000,5000
063275,臺指反元大02購16,0,0,0,0,0,0,0,0,0,5000,0,0,0,5000,0,5000,5000
042168,台灣50凱基96購01,0,0,0,0,0,0,0,0,0,5000,0,0,0,5000,0,5000,5000
03648C,T50反1元大96牛07,0,0,0,0,0,0,0,0,0,5000,0,0,0,5000,0,5000,5000
053956,旺宏永豐96購04  ,0,0,0,0,0,0,0,0,0,5000,0,0,0,5000,0,5000,5000
054155,美律第一96購01  ,0,0,0,0,0,0,0,0,0,5000,0,0,0,5000,0,5000,5000
054069,亞光國泰98購01  ,0,0,0,0,0,0,0,0,0,5000,0,0,0,5000,0,5000,5000
00711B,FH彭博新興債    ,0,0,0,0,0,0,0,0,0,5000,0,0,0,125000,120000,5000,5000
050333,鴻海國泰96購06  ,0,0,0,0,0,0,0,0,0,5000,0,0,0,215000,210000,5000,5000
050344,鴻海元富96購01  ,0,0,0,0,0,0,0,0,0,5000,0,0,0,934000,929000,5000,5000
051003,中環中信97購01  ,0,0,0,0,0,0,0,0,0,5000,0,0,0,5000,0,5000,5000
051047,深中小群益99購01,0,0,0,0,0,0,0,0,0,5000,0,0,0,50000,45000,5000,5000
051269,康友富邦97購01  ,0,0,0,0,0,0,0,0,0,5000,0,0,0,5000,0,5000,5000
051325,台光電台新96購01,0,0,0,0,0,0,0,0,0,5000,0,0,0,5000,0,5000,5000
051382,玉晶光群益98購02,0,0,0,0,0,0,0,0,0,5000,0,0,0,5000,0,5000,5000
046934,智邦元富96購01  ,0,0,0,0,0,0,0,0,0,5000,0,0,0,5000,0,5000,5000
04768P,大立光國泰96售03,0,0,0,0,0,0,0,0,0,5000,0,0,0,5000,0,5000,5000
048070,聯發科元富99購03,0,0,0,0,0,0,0,0,0,5000,0,0,0,5000,0,5000,5000
054410,國巨元大96購14  ,0,0,0,0,0,0,0,0,0,5000,0,0,0,5000,0,5000,5000
052229,奇力新凱基96購01,0,0,0,0,0,0,0,0,0,5000,0,0,0,5000,0,5000,5000
056658,美食元大98購01  ,0,0,0,0,0,0,0,0,0,5000,0,0,0,56000,51000,5000,5000
054513,元金2X元大96購01,0,0,0,0,0,0,0,0,0,5000,0,0,0,5000,0,5000,5000
053018,旺宏元富96購02  ,0,0,0,0,0,0,0,0,0,5000,0,0,0,5000,0,5000,5000
052988,智易元大96購02  ,0,0,0,0,0,0,0,0,0,5000,0,0,0,85000,80000,5000,5000
053043,嘉晶凱基96購01  ,0,0,0,0,0,0,0,0,0,5000,0,0,0,15000,10000,5000,5000
052768,泰鼎群益96購01  ,0,0,0,0,0,0,0,0,0,5000,0,0,0,5000,0,5000,5000
052799,上銀元大96購01  ,0,0,0,0,0,0,0,0,0,5000,0,0,0,5000,0,5000,5000
053226,國巨台新97購02  ,0,0,0,0,0,0,0,0,0,5000,0,0,0,346000,341000,5000,5000
053292,美律中信98購01  ,0,0,0,0,0,0,0,0,0,5000,0,0,0,5000,0,5000,5000
053173,矽格群益97購01  ,0,0,0,0,0,0,0,0,0,5000,0,0,0,5000,0,5000,5000
053901,T50反1凱基99購03,0,0,0,0,0,0,0,0,0,5000,0,0,0,20000,15000,5000,5000
052132,旺宏凱基9B購01  ,0,0,0,0,0,0,0,0,0,5000,0,0,0,5000,0,5000,5000
052135,聯發科凱基9B購01,0,0,0,0,0,0,0,0,0,5000,0,0,0,10000,5000,5000,5000
052659,上証2X國票99購01,0,0,0,0,0,0,0,0,0,5000,0,0,0,5000,0,5000,5000
051789,嘉澤國票96購01  ,0,0,0,0,0,0,0,0,0,5000,0,0,0,5000,0,5000,5000
055993,致茂國泰99購01  ,0,0,0,0,0,0,0,0,0,5000,0,0,0,5000,0,5000,5000
055239,帆宣台新97購01  ,0,0,0,0,0,0,0,0,0,5000,0,0,0,5000,0,5000,5000
05523P,聯發科國票96售04,0,0,0,0,0,0,0,0,0,5000,0,0,0,205000,200000,5000,5000
055192,世芯元富97購01  ,0,0,0,0,0,0,0,0,0,5000,0,0,0,5000,0,5000,5000
054836,勤誠中信97購01  ,0,0,0,0,0,0,0,0,0,5000,0,0,0,5000,0,5000,5000
054759,台化國票98購01  ,0,0,0,0,0,0,0,0,0,5000,0,0,0,5000,0,5000,5000
054802,高股息元大97購01,0,0,0,0,0,0,0,0,0,5000,0,0,0,5000,0,5000,5000
059133,臺股指群益99購08,0,0,0,0,0,0,0,0,0,5000,0,0,0,5000,0,5000,5000
059215,台積電元大99購28,0,0,0,0,0,0,0,0,0,5000,0,0,0,5000,0,5000,5000
058937,仁寶中信99購01  ,0,0,0,0,0,0,0,0,0,5000,0,0,0,25000,20000,5000,5000
059273,臺指反元大9C購03,0,0,0,0,0,0,0,0,0,5000,0,0,0,5000,0,5000,5000
055863,緯穎元大97購05  ,0,0,0,0,0,0,0,0,0,5000,0,0,0,5000,0,5000,5000
056796,國巨麥證98購02  ,0,0,0,27000,22000,5000,0,0,0,5000,0,0,0,27000,22000,5000,5000
056713,華擎永豐98購01  ,0,0,0,0,0,0,0,0,0,5000,0,0,0,10000,5000,5000,5000
055830,上銀元大97購07  ,0,0,0,0,0,0,0,0,0,5000,0,0,0,19000,14000,5000,5000
056373,上銀統一99購02  ,0,0,0,0,0,0,0,0,0,5000,0,0,0,5000,0,5000,5000
056592,台積電元富98購01,0,0,0,0,0,0,0,0,0,5000,0,0,0,130000,125000,5000,5000
056165,矽力凱基98購02  ,0,0,0,0,0,0,0,0,0,5000,0,0,0,5000,0,5000,5000
056329,上銀國票98購02  ,0,0,0,0,0,0,0,0,0,5000,0,0,0,5000,0,5000,5000
056280,上証2X永豐98購01,0,0,0,0,0,0,0,0,0,5000,0,0,0,5000,0,5000,5000
05551P,電子類元大96售01,0,0,0,0,0,0,0,0,0,5000,0,0,0,5000,0,5000,5000
056204,嘉澤永豐97購01  ,0,0,0,0,0,0,0,0,0,5000,0,0,0,15000,10000,5000,5000
054573,漢唐元大98購01  ,0,0,0,0,0,0,0,0,0,5000,0,0,0,30000,25000,5000,5000
055553,聯發科凱基97購05,0,0,0,0,0,0,0,0,0,5000,0,0,0,5000,0,5000,5000
058717,南電台新99購02  ,0,0,0,0,0,0,0,0,0,5000,0,0,0,5000,0,5000,5000
059287,華通元富99購03  ,0,0,0,0,0,0,0,0,0,5000,0,0,0,20000,15000,5000,5000
05930P,景碩康和96售01  ,0,0,0,0,0,0,0,0,0,5000,0,0,0,5000,0,5000,5000
057557,聯茂凱基99購04  ,0,0,0,0,0,0,0,0,0,5000,0,0,0,5000,0,5000,5000
059616,滬深2X群益01購04,0,0,0,0,0,0,0,0,0,5000,0,0,0,5000,0,5000,5000
060195,旭富元富9A購02  ,0,0,0,0,0,0,0,0,0,5000,0,0,0,5000,0,5000,5000
060191,亞光元富9A購02  ,0,0,0,0,0,0,0,0,0,5000,0,0,0,217000,212000,5000,5000
059788,華新科元大9A購05,0,0,0,0,0,0,0,0,0,5000,0,0,0,5000,0,5000,5000
059673,玉山金元富99購01,0,0,0,0,0,0,0,0,0,5000,0,0,0,10000,5000,5000,5000
059706,嘉晶凱基99購01  ,0,0,0,0,0,0,0,0,0,5000,0,0,0,5000,0,5000,5000
059747,台達電台新99購01,0,0,0,0,0,0,0,0,0,5000,0,0,0,10000,5000,5000,5000
059968,世紀鋼凱基99購03,0,0,0,0,0,0,0,0,0,5000,0,0,0,5000,0,5000,5000
059945,嘉澤永豐99購03  ,0,0,0,0,0,0,0,0,0,5000,0,0,0,5000,0,5000,5000
056951,牧德統一99購01  ,0,0,0,0,0,0,0,0,0,5000,0,0,0,40000,35000,5000,5000
057497,祥碩元大98購06  ,0,0,0,0,0,0,0,0,0,5000,0,0,0,5000,0,5000,5000
057405,麗豐群益98購01  ,0,0,0,0,0,0,0,0,0,5000,0,0,0,5000,0,5000,5000
057312,美律麥證98購01  ,0,0,0,5000,0,5000,0,0,0,5000,0,0,0,5000,0,5000,5000
057013,聯發科麥證98購01,0,0,0,5000,0,5000,0,0,0,5000,0,0,0,5000,0,5000,5000
057201,華擎元富98購01  ,0,0,0,0,0,0,0,0,0,5000,0,0,0,10000,5000,5000,5000
058231,技嘉元大99購02  ,0,0,0,0,0,0,0,0,0,5000,0,0,0,8000,3000,5000,5000
057815,信邦元大98購01  ,0,0,0,0,0,0,0,0,0,5000,0,0,0,38000,33000,5000,5000
06023P,超眾國票96售03  ,0,0,0,0,0,0,0,0,0,5000,0,0,0,10000,5000,5000,5000
060352,滬深2X元富9A購02,0,0,0,0,0,0,0,0,0,5000,0,0,0,5000,0,5000,5000
060582,玉晶光群益9C購01,0,0,0,0,0,0,0,0,0,5000,0,0,0,5000,0,5000,5000
060573,力成永豐9A購01  ,0,0,0,0,0,0,0,0,0,5000,0,0,0,69000,64000,5000,5000
060505,友達元大9C購05  ,0,0,0,0,0,0,0,0,0,5000,0,0,0,86000,81000,5000,5000
2816,旺旺保          ,27000,22000,5000,0,0,0,0,0,0,0,0,0,0,0,0,0,5000
2597,潤弘            ,11000,6000,5000,0,0,0,0,0,0,0,0,0,0,0,0,0,5000
2936,客思達-KY       ,5000,0,5000,0,0,0,0,0,0,0,0,0,0,0,0,0,5000
2891C,中信金丙特      ,0,0,0,0,0,0,0,0,0,5000,5000,0,5000,0,0,0,5000
4148,全宇生技-KY     ,45000,41000,4000,0,0,0,0,0,0,1000,1000,0,1000,0,0,0,5000
6128,上福            ,15000,10000,5000,0,0,0,0,0,0,0,0,0,0,0,0,0,5000
07293P,臺股指凱基99售45,0,0,0,0,0,0,0,0,0,5000,0,0,0,10000,5000,5000,5000
07233P,台灣50元大99售04,0,0,0,0,0,0,0,0,0,5000,0,0,0,5000,0,5000,5000
07208P,台積電凱基99售14,0,0,0,0,0,0,0,0,0,5000,0,0,0,22000,17000,5000,5000
06725P,聯電元富98售01  ,0,0,0,0,0,0,0,0,0,5000,0,0,0,217000,212000,5000,5000
06713P,臺股指富邦99售04,0,0,0,0,0,0,0,0,0,5000,0,0,0,5000,0,5000,5000
06857P,超眾永豐98售02  ,0,0,0,0,0,0,0,0,0,5000,0,0,0,25000,20000,5000,5000
06839P,玉晶光統一9A售05,0,0,0,0,0,0,0,0,0,5000,0,0,0,187000,182000,5000,5000
07004P,大立光兆豐9A售01,0,0,0,0,0,0,0,0,0,5000,0,0,0,5000,0,5000,5000
1589,永冠-KY         ,115000,69000,46000,0,0,0,0,0,0,-41000,10000,51000,-41000,0,0,0,5000
1805,寶徠            ,5000,0,5000,0,0,0,0,0,0,0,0,0,0,0,0,0,5000
08127P,聯發科元大9B售21,0,0,0,0,0,0,0,0,0,5000,0,0,0,5000,0,5000,5000
07708P,玉晶光元大9A售13,0,0,0,0,0,0,0,0,0,5000,0,0,0,5000,0,5000,5000
08053P,臺股指國票9B售18,0,0,0,0,0,0,0,0,0,5000,0,0,0,15000,10000,5000,5000
07940P,國巨群益9B售06  ,0,0,0,0,0,0,0,0,0,5000,0,0,0,5000,0,5000,5000
063249,祥碩元大9B購06  ,0,0,0,0,0,0,0,0,0,4000,0,0,0,7000,3000,4000,4000
062859,玉晶光國票01購02,0,0,0,0,0,0,0,0,0,4000,0,0,0,78000,74000,4000,4000
062470,智邦凱基9C購01  ,0,0,0,0,0,0,0,0,0,4000,0,0,0,10000,6000,4000,4000
061326,新日興凱基9B購01,0,0,0,0,0,0,0,0,0,4000,0,0,0,8000,4000,4000,4000
061154,可成群益9B購04  ,0,0,0,0,0,0,0,0,0,4000,0,0,0,20000,16000,4000,4000
061167,臻鼎兆豐9B購01  ,0,0,0,0,0,0,0,0,0,4000,0,0,0,13000,9000,4000,4000
062115,臺股指國票9B購09,0,0,0,0,0,0,0,0,0,4000,0,0,0,4000,0,4000,4000
061694,玉山金群益9A購01,0,0,0,0,0,0,0,0,0,4000,0,0,0,10000,6000,4000,4000
055590,聯發科元大98購02,0,0,0,0,0,0,0,0,0,4000,0,0,0,9000,5000,4000,4000
055576,嘉晶統一98購01  ,0,0,0,0,0,0,0,0,0,4000,0,0,0,50000,46000,4000,4000
055380,智易元大98購02  ,0,0,0,0,0,0,0,0,0,4000,0,0,0,31000,27000,4000,4000
056709,華通永豐98購01  ,0,0,0,0,0,0,0,0,0,4000,0,0,0,14000,10000,4000,4000
059142,道瓊指國票9B購02,0,0,0,0,0,0,0,0,0,4000,0,0,0,4000,0,4000,4000
054846,瑞昱兆豐97購01  ,0,0,0,0,0,0,0,0,0,4000,0,0,0,4000,0,4000,4000
055953,上銀元大97購09  ,0,0,0,0,0,0,0,0,0,4000,0,0,0,41000,37000,4000,4000
053356,聯發科統一96購07,0,0,0,0,0,0,0,0,0,4000,0,0,0,7000,3000,4000,4000
052987,華新科元大99購01,0,0,0,0,0,0,0,0,0,4000,0,0,0,4000,0,4000,4000
055742,健策元富97購02  ,0,0,0,0,0,0,0,0,0,4000,0,0,0,4000,0,4000,4000
055753,貿聯第一98購01  ,0,0,0,0,0,0,0,0,0,4000,0,0,0,4000,0,4000,4000
056681,鴻海統一98購09  ,0,0,0,0,0,0,0,0,0,4000,0,0,0,17000,13000,4000,4000
048637,鴻海元大96購01  ,0,0,0,0,0,0,0,0,0,4000,0,0,0,4000,0,4000,4000
051731,聯電國票96購02  ,0,0,0,0,0,0,0,0,0,4000,0,0,0,4000,0,4000,4000
05123P,鴻海永昌96售07  ,0,0,0,0,0,0,0,0,0,4000,0,0,0,4000,0,4000,4000
051317,亞德客國票96購01,240000,0,240000,0,0,0,0,0,0,-236000,0,0,0,5000,241000,-236000,4000
050614,聯發科元大95購04,0,0,0,0,0,0,0,0,0,4000,0,0,0,4000,0,4000,4000
00735,國泰臺韓科技    ,0,0,0,0,0,0,0,0,0,4000,0,0,0,190000,186000,4000,4000
00731,FH富時高息低波  ,0,1000,-1000,0,0,0,0,0,0,5000,0,0,0,21000,16000,5000,4000
051756,台積電元大97購04,0,0,0,0,0,0,0,0,0,4000,0,0,0,20000,16000,4000,4000
03033X,元展30          ,0,0,0,0,0,0,0,0,0,4000,0,0,0,5000,1000,4000,4000
048785,台積電元大96購01,0,0,0,0,0,0,0,0,0,4000,0,0,0,604000,600000,4000,4000
048653,巨大元大96購02  ,0,0,0,0,0,0,0,0,0,4000,0,0,0,4000,0,4000,4000
03049X,元展46          ,0,0,0,0,0,0,0,0,0,4000,0,0,0,4000,0,4000,4000
060357,上銀元富9A購02  ,0,0,0,0,0,0,0,0,0,4000,0,0,0,4000,0,4000,4000
058186,聯發科永豐99購01,0,0,0,0,0,0,0,0,0,4000,0,0,0,204000,200000,4000,4000
057273,智邦元大98購05  ,0,0,0,0,0,0,0,0,0,4000,0,0,0,8000,4000,4000,4000
057748,華通國票98購04  ,0,0,0,0,0,0,0,0,0,4000,0,0,0,96000,92000,4000,4000
058477,億光凱基9A購01  ,0,0,0,0,0,0,0,0,0,4000,0,0,0,10000,6000,4000,4000
057076,緯穎永豐98購01  ,0,0,0,0,0,0,0,0,0,4000,0,0,0,4000,0,4000,4000
056980,建準群益98購02  ,0,0,0,0,0,0,0,0,0,4000,0,0,0,10000,6000,4000,4000
057508,康控國票99購03  ,0,0,0,0,0,0,0,0,0,4000,0,0,0,8000,4000,4000,4000
060060,台積電兆豐99購05,0,0,0,0,0,0,0,0,0,4000,0,0,0,4000,0,4000,4000
059988,大立光元大9A購02,0,0,0,0,0,0,0,0,0,4000,0,0,0,20000,16000,4000,4000
059986,宏達電元大99購08,0,0,0,0,0,0,0,0,0,4000,0,0,0,57000,53000,4000,4000
059674,玉山金元富99購02,0,0,0,0,0,0,0,0,0,4000,0,0,0,4000,0,4000,4000
060185,聯發科元富04購01,0,0,0,0,0,0,0,0,0,4000,0,0,0,4000,0,4000,4000
059535,玉山金凱基99購01,0,0,0,0,0,0,0,0,0,4000,0,0,0,19000,15000,4000,4000
058750,緯穎凱基9A購03  ,0,0,0,0,0,0,0,0,0,4000,0,0,0,22000,18000,4000,4000
058782,臺股指國票99購01,0,0,0,0,0,0,0,0,0,4000,0,0,0,5000,1000,4000,4000
07900P,臺股指凱基9B售03,0,0,0,0,0,0,0,0,0,4000,0,0,0,4000,0,4000,4000
08013P,台灣50凱基9C售09,0,0,0,0,0,0,0,0,0,4000,0,0,0,4000,0,4000,4000
1438,裕豐            ,4000,0,4000,0,0,0,0,0,0,0,0,0,0,0,0,0,4000
1516,川飛            ,7000,4000,3000,0,0,0,0,0,0,1000,1000,0,1000,0,0,0,4000
06646P,國巨元大98售16  ,0,0,0,0,0,0,0,0,0,4000,0,0,0,10000,6000,4000,4000
06618P,智邦元大98售04  ,0,0,0,0,0,0,0,0,0,4000,0,0,0,5000,1000,4000,4000
07270P,台灣50元大01售09,0,0,0,0,0,0,0,0,0,4000,0,0,0,4000,0,4000,4000
07468P,聯電元大9A售02  ,0,0,0,0,0,0,0,0,0,4000,0,0,0,224000,220000,4000,4000
2881A,富邦特          ,0,0,0,0,0,0,0,0,0,4000,4000,0,4000,0,0,0,4000
8367,建新國際        ,11000,7000,4000,0,0,0,0,0,0,0,0,0,0,0,0,0,4000
6698,旭暉應材        ,5000,1000,4000,0,0,0,0,0,0,0,0,0,0,0,0,0,4000
01004T,土銀富邦R2      ,3099,0,3099,0,0,0,0,0,0,0,0,0,0,0,0,0,3099
061746,國巨統一9C購07  ,0,0,0,0,0,0,0,0,0,3000,0,0,0,3000,0,3000,3000
061851,智邦國票9B購01  ,0,0,0,0,0,0,0,0,0,3000,0,0,0,3000,0,3000,3000
061253,臺股指群益9A購04,0,0,0,0,0,0,0,0,0,3000,0,0,0,29000,26000,3000,3000
061310,華新科麥證9A購01,0,0,0,4000,1000,3000,0,0,0,3000,0,0,0,4000,1000,3000,3000
061263,微星凱基9A購01  ,0,0,0,0,0,0,0,0,0,3000,0,0,0,10000,7000,3000,3000
061364,國巨國票9A購09  ,0,0,0,0,0,0,0,0,0,3000,0,0,0,7000,4000,3000,3000
06254P,臺股指群益97售07,0,0,0,0,0,0,0,0,0,3000,0,0,0,148000,145000,3000,3000
062221,奇力新統一01購01,0,0,0,0,0,0,0,0,0,3000,0,0,0,31000,28000,3000,3000
062875,瑞昱兆豐9C購01  ,0,0,0,0,0,0,0,0,0,3000,0,0,0,14000,11000,3000,3000
063368,遠東新永豐9B購01,0,0,0,0,0,0,0,0,0,3000,0,0,0,3000,0,3000,3000
050402,緯穎中信96購01  ,0,0,0,0,0,0,0,0,0,3000,0,0,0,20000,17000,3000,3000
03039X,元展36          ,0,0,0,0,0,0,0,0,0,3000,0,0,0,5000,2000,3000,3000
049438,嘉晶國泰96購01  ,0,0,0,0,0,0,0,0,0,3000,0,0,0,3000,0,3000,3000
054045,奇力新元大97購03,0,0,0,0,0,0,0,0,0,3000,0,0,0,3000,0,3000,3000
056701,國產國泰9A購01  ,0,0,0,0,0,0,0,0,0,3000,0,0,0,5000,2000,3000,3000
052325,高股息中信99購01,0,0,0,0,0,0,0,0,0,3000,0,0,0,3000,0,3000,3000
052886,世紀鋼兆豐96購01,0,0,0,0,0,0,0,0,0,3000,0,0,0,3000,0,3000,3000
053306,晶技凱基97購01  ,0,0,0,0,0,0,0,0,0,3000,0,0,0,3000,0,3000,3000
053081,上銀元大97購02  ,0,0,0,0,0,0,0,0,0,3000,0,0,0,28000,25000,3000,3000
051830,健策元大97購01  ,0,0,0,0,0,0,0,0,0,3000,0,0,0,3000,0,3000,3000
053867,創意元大96購04  ,0,0,0,0,0,0,0,0,0,3000,0,0,0,10000,7000,3000,3000
053884,緯穎第一96購01  ,0,0,0,0,0,0,0,0,0,3000,0,0,0,3000,0,3000,3000
056099,上銀永豐97購02  ,0,0,0,0,0,0,0,0,0,3000,0,0,0,3000,0,3000,3000
059077,FBVIX元大99購05 ,0,0,0,0,0,0,0,0,0,3000,0,0,0,3000,0,3000,3000
056757,T50反1元大98購07,0,0,0,0,0,0,0,0,0,3000,0,0,0,5000,2000,3000,3000
055379,牧德元大97購03  ,0,0,0,0,0,0,0,0,0,3000,0,0,0,3000,0,3000,3000
05620P,大立光富邦9B售01,0,0,0,0,0,0,0,0,0,3000,0,0,0,3000,0,3000,3000
055463,國喬凱基97購01  ,0,0,0,0,0,0,0,0,0,3000,0,0,0,3000,0,3000,3000
055455,健策國泰98購02  ,0,0,0,0,0,0,0,0,0,3000,0,0,0,3000,0,3000,3000
055408,力成國泰98購01  ,0,0,0,0,0,0,0,0,0,3000,0,0,0,18000,15000,3000,3000
054589,聯鈞國泰99購01  ,0,0,0,0,0,0,0,0,0,3000,0,0,0,3000,0,3000,3000
055131,茂林康和97購01  ,0,0,0,0,0,0,0,0,0,3000,0,0,0,109000,106000,3000,3000
058742,鴻海康和99購01  ,0,0,0,0,0,0,0,0,0,3000,0,0,0,11000,8000,3000,3000
058775,台積電國票9A購02,0,0,0,0,0,0,0,0,0,3000,0,0,0,5000,2000,3000,3000
059341,台積電凱基99購15,0,0,0,0,0,0,0,0,0,3000,0,0,0,4000,1000,3000,3000
058276,道瓊指中信9C購01,0,0,0,0,0,0,0,0,0,3000,0,0,0,3000,0,3000,3000
059455,玉晶光永豐99購05,0,0,0,0,0,0,0,0,0,3000,0,0,0,3000,0,3000,3000
060215,柏文康和9A購01  ,0,0,0,0,0,0,0,0,0,3000,0,0,0,3000,0,3000,3000
059639,大立光凱基9A購06,0,0,0,0,0,0,0,0,0,3000,0,0,0,3000,0,3000,3000
059978,國巨元大99購29  ,0,0,0,0,0,0,0,0,0,3000,0,0,0,3000,0,3000,3000
059899,上証2X元大9C購04,0,0,0,0,0,0,0,0,0,3000,0,0,0,4000,1000,3000,3000
060099,宏達電元大99購09,0,0,0,0,0,0,0,0,0,3000,0,0,0,48000,45000,3000,3000
056880,緯穎國票98購02  ,0,0,0,0,0,0,0,0,0,3000,0,0,0,3000,0,3000,3000
057018,亞德客凱基98購01,0,0,0,0,0,0,0,0,0,3000,0,0,0,3000,0,3000,3000
057695,S&P反1群益9B購01,0,0,0,0,0,0,0,0,0,3000,0,0,0,3000,0,3000,3000
057058,祥碩元大98購04  ,0,0,0,0,0,0,0,0,0,3000,0,0,0,3000,0,3000,3000
057288,聯茂元大98購03  ,0,0,0,0,0,0,0,0,0,3000,0,0,0,13000,10000,3000,3000
05721P,全新群益98售02  ,0,0,0,0,0,0,0,0,0,3000,0,0,0,3000,0,3000,3000
060373,元金2X元富9A購01,0,0,0,0,0,0,0,0,0,3000,0,0,0,28000,25000,3000,3000
060286,佳世達元大9C購01,0,0,0,0,0,0,0,0,0,3000,0,0,0,27000,24000,3000,3000
060474,中租元大9B購01  ,0,0,0,0,0,0,0,0,0,3000,0,0,0,128000,125000,3000,3000
060623,玉晶光元大9C購01,0,0,0,0,0,0,0,0,0,3000,0,0,0,5000,2000,3000,3000
060608,玉晶光凱基9A購08,0,0,0,0,0,0,0,0,0,3000,0,0,0,3000,0,3000,3000
060627,國巨國泰9B購05  ,0,0,0,0,0,0,0,0,0,3000,0,0,0,3000,0,3000,3000
9902,台火            ,22000,19000,3000,0,0,0,0,0,0,0,0,0,0,0,0,0,3000
9933,中鼎            ,576000,581000,-5000,0,0,0,0,0,0,8000,5000,0,5000,3000,0,3000,3000
2923,鼎固-KY         ,5000,2000,3000,0,0,0,0,0,0,0,0,0,0,0,0,0,3000
3013,晟銘電          ,15000,16000,-1000,0,0,0,0,0,0,4000,4000,0,4000,0,0,0,3000
2373,震旦行          ,4000,1000,3000,0,0,0,0,0,0,0,0,0,0,0,0,0,3000
6201,亞弘電          ,3000,0,3000,0,0,0,0,0,0,0,0,0,0,0,0,0,3000
07462P,臺股指元大9B售05,0,0,0,0,0,0,0,0,0,3000,0,0,0,3000,0,3000,3000
07527P,台灣50凱基9B售02,0,0,0,0,0,0,0,0,0,3000,0,0,0,3000,0,3000,3000
07134P,臺股指元大9A售28,0,0,0,0,0,0,0,0,0,3000,0,0,0,19000,16000,3000,3000
07106P,國巨統一9B售05  ,0,0,0,0,0,0,0,0,0,3000,0,0,0,3000,0,3000,3000
06616P,國巨元大98售15  ,0,0,0,0,0,0,0,0,0,3000,0,0,0,3000,0,3000,3000
07028P,大立光群益99售06,0,0,0,0,0,0,0,0,0,3000,0,0,0,3000,0,3000,3000
2102,泰豐            ,112000,109000,3000,0,0,0,0,0,0,0,0,0,0,0,0,0,3000
08099P,聯發科中信9B售04,0,0,0,0,0,0,0,0,0,3000,0,0,0,23000,20000,3000,3000
07894P,燿華元大9B售01  ,0,0,0,0,0,0,0,0,0,3000,0,0,0,50000,47000,3000,3000
07844P,可成國票9A售01  ,0,0,0,0,0,0,0,0,0,3000,0,0,0,46000,43000,3000,3000
6669,緯穎            ,229842,237000,-7158,0,0,0,5000,8000,-3000,13000,51000,24000,27000,12000,26000,-14000,2842
01007T,兆豐國泰R2      ,2607,0,2607,0,0,0,0,0,0,0,0,0,0,0,0,0,2607
06419P,國巨統一97售09  ,0,0,0,0,0,0,0,0,0,2000,0,0,0,2000,0,2000,2000
06368P,台積電凱基97售15,0,0,0,0,0,0,0,0,0,2000,0,0,0,2000,0,2000,2000
063233,國巨元大9B購19  ,0,0,0,0,0,0,0,0,0,2000,0,0,0,138000,136000,2000,2000
062949,聯發科富邦01購01,0,0,0,0,0,0,0,0,0,2000,0,0,0,2000,0,2000,2000
063046,聯發科兆豐9C購01,0,0,0,0,0,0,0,0,0,2000,0,0,0,2000,0,2000,2000
062204,京元電國票9C購01,0,0,0,0,0,0,0,0,0,2000,0,0,0,7000,5000,2000,2000
062168,大毅永豐9B購01  ,0,0,0,0,0,0,0,0,0,2000,0,0,0,2000,0,2000,2000
062305,遠東新凱基9B購01,0,0,0,0,0,0,0,0,0,2000,0,0,0,19000,17000,2000,2000
062193,瑞昱第一9B購01  ,0,0,0,0,0,0,0,0,0,2000,0,0,0,2000,0,2000,2000
062607,美食凱基9B購01  ,0,0,0,0,0,0,0,0,0,2000,0,0,0,2000,0,2000,2000
062681,全新統一01購01  ,0,0,0,0,0,0,0,0,0,2000,0,0,0,2000,0,2000,2000
061392,泰鼎群益9A購02  ,0,0,0,0,0,0,0,0,0,2000,0,0,0,12000,10000,2000,2000
061405,亞德客國票9B購01,0,0,0,0,0,0,0,0,0,2000,0,0,0,2000,0,2000,2000
061346,玉晶光元大9B購03,0,0,0,0,0,0,0,0,0,2000,0,0,0,2000,0,2000,2000
06123P,玉晶光元大97售04,0,0,0,0,0,0,0,0,0,2000,0,0,0,5000,3000,2000,2000
061224,道瓊反中信01購01,0,0,0,0,0,0,0,0,0,2000,0,0,0,24000,22000,2000,2000
061180,華擎凱基9B購01  ,0,0,0,0,0,0,0,0,0,2000,0,0,0,2000,0,2000,2000
061101,道瓊銀元大9A購02,0,0,0,0,0,0,0,0,0,2000,0,0,0,144000,142000,2000,2000
060767,世紀鋼元大9A購02,0,0,0,0,0,0,0,0,0,2000,0,0,0,2000,0,2000,2000
060805,國巨群益9A購06  ,0,0,0,0,0,0,0,0,0,2000,0,0,0,2000,0,2000,2000
060836,上銀國票9A購03  ,0,0,0,0,0,0,0,0,0,2000,0,0,0,55000,53000,2000,2000
060910,聯發科元大9A購05,0,0,0,0,0,0,0,0,0,2000,0,0,0,5000,3000,2000,2000
06182P,群創兆豐97售03  ,0,0,0,0,0,0,0,0,0,2000,0,0,0,12000,10000,2000,2000
061894,台積電永豐9B購01,0,0,0,0,0,0,0,0,0,2000,0,0,0,10000,8000,2000,2000
061935,台積電國票9B購07,0,0,0,0,0,0,0,0,0,2000,0,0,0,2000,0,2000,2000
061991,牧德元大9C購01  ,0,0,0,0,0,0,0,0,0,2000,0,0,0,64000,62000,2000,2000
061735,上銀凱基9B購01  ,0,0,0,0,0,0,0,0,0,2000,0,0,0,18000,16000,2000,2000
061739,奇力新凱基9C購01,0,0,0,0,0,0,0,0,0,2000,0,0,0,2000,0,2000,2000
061665,旺宏中信9C購01  ,0,0,0,0,0,0,0,0,0,2000,0,0,0,2000,0,2000,2000
061663,南六永豐9A購05  ,0,0,0,0,0,0,0,0,0,2000,0,0,0,68000,66000,2000,2000
061462,國巨群益9A購11  ,0,0,0,0,0,0,0,0,0,2000,0,0,0,10000,8000,2000,2000
020004,兆豐電菁英30N   ,0,0,0,0,0,0,0,0,0,2000,0,0,0,2000,0,2000,2000
0054,元大台商50      ,0,0,0,0,0,0,0,0,0,2000,0,0,0,5000,3000,2000,2000
0052,富邦科技        ,1000,1000,0,0,0,0,0,0,0,2000,0,0,0,106000,104000,2000,2000
00685L,群益臺灣加權正2 ,0,0,0,0,0,0,0,0,0,2000,0,0,0,14000,12000,2000,2000
00661,元大日經225     ,0,0,0,0,0,0,0,0,0,2000,0,0,0,3000,1000,2000,2000
050658,台郡麥證96購01  ,0,0,0,2000,0,2000,0,0,0,2000,0,0,0,2000,0,2000,2000
051082,上証2X元大98購01,0,0,0,0,0,0,0,0,0,2000,0,0,0,2000,0,2000,2000
051422,超眾國票96購01  ,0,0,0,0,0,0,0,0,0,2000,0,0,0,2000,0,2000,2000
05161P,華新科國票96售01,0,0,0,0,0,0,0,0,0,2000,0,0,0,2000,0,2000,2000
047689,瑞昱富邦97購01  ,0,0,0,0,0,0,0,0,0,2000,0,0,0,2000,0,2000,2000
053522,臺股指群益99購01,0,0,0,0,0,0,0,0,0,2000,0,0,0,2000,0,2000,2000
053557,聯茂凱基96購04  ,0,0,0,0,0,0,0,0,0,2000,0,0,0,2000,0,2000,2000
054267,上銀第一96購01  ,0,0,0,0,0,0,0,0,0,2000,0,0,0,2000,0,2000,2000
050101,台積電永昌96購03,0,0,0,0,0,0,0,0,0,2000,0,0,0,1242000,1240000,2000,2000
03071X,元展66          ,0,0,0,0,0,0,0,0,0,2000,0,0,0,2000,0,2000,2000
053809,上銀群益96購02  ,0,0,0,0,0,0,0,0,0,2000,0,0,0,18000,16000,2000,2000
053850,嘉澤元富96購03  ,0,0,0,0,0,0,0,0,0,2000,0,0,0,2000,0,2000,2000
052003,泰碩國泰97購02  ,0,0,0,0,0,0,0,0,0,2000,0,0,0,243000,241000,2000,2000
052689,玉晶光元大98購03,0,0,0,0,0,0,0,0,0,2000,0,0,0,2000,0,2000,2000
05271P,國巨富邦97售01  ,0,0,0,0,0,0,0,0,0,2000,0,0,0,2000,0,2000,2000
053176,矽力群益96購02  ,0,0,0,0,0,0,0,0,0,2000,0,0,0,2000,0,2000,2000
052990,超眾元大97購01  ,0,0,0,0,0,0,0,0,0,2000,0,0,0,79000,77000,2000,2000
052991,台積電台新96購01,0,0,0,0,0,0,0,0,0,2000,0,0,0,501000,499000,2000,2000
055596,新光金元大9B購02,0,0,0,0,0,0,0,0,0,2000,0,0,0,2000,0,2000,2000
055456,上銀富邦99購01  ,0,0,0,0,0,0,0,0,0,2000,0,0,0,12000,10000,2000,2000
055412,旺宏富邦99購01  ,0,0,0,0,0,0,0,0,0,2000,0,0,0,2000,0,2000,2000
055468,智邦凱基97購04  ,0,0,0,0,0,0,0,0,0,2000,0,0,0,2000,0,2000,2000
055833,華通元大98購05  ,0,0,0,0,0,0,0,0,0,2000,0,0,0,2000,0,2000,2000
056388,勤誠國泰99購01  ,0,0,0,0,0,0,0,0,0,2000,0,0,0,2000,0,2000,2000
056407,嘉晶國票99購01  ,0,0,0,0,0,0,0,0,0,2000,0,0,0,2000,0,2000,2000
056294,上銀元大97購11  ,0,0,0,0,0,0,0,0,0,2000,0,0,0,2000,0,2000,2000
056155,嘉晶凱基97購01  ,0,0,0,0,0,0,0,0,0,2000,0,0,0,12000,10000,2000,2000
059177,臺股指凱基99購28,0,0,0,0,0,0,0,0,0,2000,0,0,0,2000,0,2000,2000
059481,華新科群益99購05,0,0,0,0,0,0,0,0,0,2000,0,0,0,2000,0,2000,2000
059218,台積電元大99購31,0,0,0,0,0,0,0,0,0,2000,0,0,0,2000,0,2000,2000
05500P,臺股指中信96售04,0,0,0,0,0,0,0,0,0,2000,0,0,0,2000,0,2000,2000
055024,興勤國泰98購01  ,0,0,0,0,0,0,0,0,0,2000,0,0,0,2000,0,2000,2000
054898,台肥康和97購01  ,0,0,0,0,0,0,0,0,0,2000,0,0,0,2000,0,2000,2000
055952,上銀元大97購08  ,0,0,0,0,0,0,0,0,0,2000,0,0,0,2000,0,2000,2000
055964,正文元大97購02  ,0,0,0,0,0,0,0,0,0,2000,0,0,0,2000,0,2000,2000
055163,訊芯元大98購01  ,0,0,0,0,0,0,0,0,0,2000,0,0,0,2000,0,2000,2000
055166,台積電統一97購05,0,0,0,0,0,0,0,0,0,2000,0,0,0,2000,0,2000,2000
06058P,玉晶光凱基97售04,0,0,0,0,0,0,0,0,0,2000,0,0,0,2000,0,2000,2000
060584,玉晶光元富9A購01,0,0,0,0,0,0,0,0,0,2000,0,0,0,14000,12000,2000,2000
060264,華新科國票9A購02,0,0,0,0,0,0,0,0,0,2000,0,0,0,5000,3000,2000,2000
060236,精元元大9C購01  ,8000,0,8000,0,0,0,0,0,0,-6000,0,0,0,142000,148000,-6000,2000
057738,旺宏富邦9A購01  ,0,0,0,0,0,0,0,0,0,2000,0,0,0,22000,20000,2000,2000
057117,開發金日盛9B購01,0,0,0,0,0,0,0,0,0,2000,0,0,0,2000,0,2000,2000
058451,智邦永豐9A購01  ,0,0,0,0,0,0,0,0,0,2000,0,0,0,2000,0,2000,2000
058253,臺股指元大9A購17,0,0,0,0,0,0,0,0,0,2000,0,0,0,2000,0,2000,2000
058013,SP黃豆凱基9A購01,0,0,0,0,0,0,0,0,0,2000,0,0,0,2000,0,2000,2000
056994,緯穎兆豐98購02  ,0,0,0,0,0,0,0,0,0,2000,0,0,0,60000,58000,2000,2000
057631,康控永豐98購02  ,0,0,0,0,0,0,0,0,0,2000,0,0,0,2000,0,2000,2000
056905,欣興元大98購03  ,0,0,0,0,0,0,0,0,0,2000,0,0,0,52000,50000,2000,2000
056836,國巨元富98購01  ,0,0,0,0,0,0,0,0,0,2000,0,0,0,2000,0,2000,2000
056941,台郡元富9B購01  ,0,0,0,0,0,0,0,0,0,2000,0,0,0,2000,0,2000,2000
060114,緯穎元大99購10  ,0,0,0,0,0,0,0,0,0,2000,0,0,0,6000,4000,2000,2000
059879,GIS凱基99購03   ,0,0,0,0,0,0,0,0,0,2000,0,0,0,10000,8000,2000,2000
060038,台積電國票99購13,0,0,0,0,0,0,0,0,0,2000,0,0,0,2000,0,2000,2000
059756,奇力新富邦9C購01,0,0,0,0,0,0,0,0,0,2000,0,0,0,3000,1000,2000,2000
058283,世紀鋼中信99購01,0,0,0,0,0,0,0,0,0,2000,0,0,0,2000,0,2000,2000
058685,TPK凱基99購01   ,0,0,0,0,0,0,0,0,0,2000,0,0,0,53000,51000,2000,2000
8249,菱光            ,12000,10000,2000,0,0,0,0,0,0,0,0,0,0,0,0,0,2000
9136,巨騰-DR         ,8000,6000,2000,0,0,0,0,0,0,0,0,0,0,0,0,0,2000
8940,新天地          ,19000,17000,2000,0,0,0,0,0,0,0,0,0,0,0,0,0,2000
8473,山林水          ,7000,5000,2000,0,0,0,0,0,0,0,0,0,0,0,0,0,2000
9941A,裕融甲特        ,0,0,0,0,0,0,0,0,0,2000,2000,0,2000,0,0,0,2000
2236,百達-KY         ,2000,3000,-1000,0,0,0,0,0,0,3000,3000,0,3000,0,0,0,2000
2433,互盛電          ,3000,1000,2000,0,0,0,0,0,0,0,0,0,0,0,0,0,2000
07771P,義隆國票9A售01  ,0,0,0,0,0,0,0,0,0,2000,0,0,0,32000,30000,2000,2000
07780P,美律凱基9A售02  ,0,0,0,0,0,0,0,0,0,2000,0,0,0,4000,2000,2000,2000
07706P,長榮航元大9A售03,0,0,0,0,0,0,0,0,0,2000,0,0,0,2000,0,2000,2000
08054P,臺股指國票9B售19,0,0,0,0,0,0,0,0,0,2000,0,0,0,60000,58000,2000,2000
08121P,聯發科國票9B售05,0,0,0,0,0,0,0,0,0,2000,0,0,0,2000,0,2000,2000
08130P,義隆元大9B售05  ,0,0,0,0,0,0,0,0,0,2000,0,0,0,2000,0,2000,2000
1101B,台泥乙特        ,0,0,0,0,0,0,0,0,0,2000,2000,0,2000,0,0,0,2000
1231,聯華食          ,11000,10000,1000,0,0,0,0,0,0,1000,1000,0,1000,0,0,0,2000
1312A,國喬特          ,0,0,0,0,0,0,0,0,0,2000,3000,1000,2000,0,0,0,2000
2103,台橡            ,341000,359000,-18000,0,0,0,0,0,0,20000,20000,0,20000,0,0,0,2000
2007,燁興            ,2000,0,2000,0,0,0,0,0,0,0,0,0,0,0,0,0,2000
2008,高興昌          ,4000,2000,2000,0,0,0,0,0,0,0,0,0,0,0,0,0,2000
1583,程泰            ,3000,1000,2000,0,0,0,0,0,0,0,0,0,0,0,0,0,2000
07065P,臺股指元大9A售26,0,0,0,0,0,0,0,0,0,2000,0,0,0,2000,0,2000,2000
07056P,臺股指麥證99售02,0,0,0,2000,0,2000,0,0,0,2000,0,0,0,2000,0,2000,2000
06983P,台積電國泰9A售02,0,2000,-2000,0,0,0,0,0,0,4000,0,0,0,4000,0,4000,2000
06984P,上銀富邦9B售01  ,0,0,0,0,0,0,0,0,0,2000,0,0,0,90000,88000,2000,2000
06950P,鴻海統一9B售02  ,0,0,0,0,0,0,0,0,0,2000,0,0,0,2000,0,2000,2000
06838P,台積電統一99售05,0,0,0,0,0,0,0,0,0,2000,0,0,0,2000,0,2000,2000
06875P,台灣50永昌9A售02,0,0,0,0,0,0,0,0,0,2000,0,0,0,2000,0,2000,2000
06722P,臺股指中信9A售04,0,0,0,0,0,0,0,0,0,2000,0,0,0,2000,0,2000,2000
07197P,臺股指元大99售13,0,0,0,0,0,0,0,0,0,2000,0,0,0,2000,0,2000,2000
07415P,台積電元大99售52,0,0,0,0,0,0,0,0,0,2000,0,0,0,2000,0,2000,2000
3033,威健            ,45642,44000,1642,0,0,0,0,0,0,0,0,0,0,0,0,0,1642
008201,BP上證50        ,0,0,0,0,0,0,0,0,0,1100,0,0,0,1100,0,1100,1100
061592,義隆永豐9A購03  ,0,0,0,0,0,0,0,0,0,1000,0,0,0,58000,57000,1000,1000
061531,奇鋐台新9A購01  ,0,0,0,0,0,0,0,0,0,1000,0,0,0,1000,0,1000,1000
061710,國巨凱基9A購18  ,0,0,0,0,0,0,0,0,0,1000,0,0,0,2000,1000,1000,1000
061964,台積電統一01購05,0,0,0,0,0,0,0,0,0,1000,0,0,0,3000,2000,1000,1000
061907,裕隆中信9B購01  ,0,0,0,0,0,0,0,0,0,1000,0,0,0,3000,2000,1000,1000
060940,國巨國票9B購03  ,0,0,0,0,0,0,0,0,0,1000,0,0,0,8000,7000,1000,1000
060823,旺宏元大9A購05  ,0,0,0,0,0,0,0,0,0,1000,0,0,0,15000,14000,1000,1000
060847,康控國票9A購01  ,0,0,0,0,0,0,0,0,0,1000,0,0,0,10000,9000,1000,1000
06080P,景碩群益98售02  ,0,0,0,0,0,0,0,0,0,1000,0,0,0,1000,0,1000,1000
061079,台積電兆豐9A購02,0,0,0,0,0,0,0,0,0,1000,0,0,0,1000,0,1000,1000
061205,旺宏元大9A購11  ,0,0,0,0,0,0,0,0,0,1000,0,0,0,6000,5000,1000,1000
061297,台積電富邦9C購09,0,0,0,0,0,0,0,0,0,1000,0,0,0,1000,0,1000,1000
06274P,臺股指凱基97售06,0,0,0,0,0,0,0,0,0,1000,0,0,0,1000,0,1000,1000
06271P,彩晶凱基97售01  ,0,0,0,0,0,0,0,0,0,1000,0,0,0,2000,1000,1000,1000
062602,華通麥證9C購01  ,0,0,0,1000,0,1000,0,0,0,1000,0,0,0,1000,0,1000,1000
062616,玉晶光元大9C購06,0,0,0,0,0,0,0,0,0,1000,0,0,0,1000,0,1000,1000
062563,緯穎凱基9B購03  ,0,0,0,0,0,0,0,0,0,1000,0,0,0,1000,0,1000,1000
062223,大立光統一9C購04,0,0,0,0,0,0,0,0,0,1000,0,0,0,1000,0,1000,1000
062306,華通凱基9B購01  ,0,0,0,0,0,0,0,0,0,1000,0,0,0,11000,10000,1000,1000
062419,台積電統一9B購15,0,0,0,0,0,0,0,0,0,1000,0,0,0,3000,2000,1000,1000
063008,華通元大9B購06  ,0,0,0,0,0,0,0,0,0,1000,0,0,0,2000,1000,1000,1000
063138,聯發科統一01購05,0,0,0,0,0,0,0,0,0,1000,0,0,0,1000,0,1000,1000
06396P,新日興康和97售01,0,0,0,0,0,0,0,0,0,1000,0,0,0,1000,0,1000,1000
020007,凱基臺灣500N    ,0,0,0,0,0,0,0,0,0,1000,0,0,0,1000,0,1000,1000
02001L,富邦蘋果正二N   ,0,0,0,0,0,0,0,0,0,1000,0,0,0,11000,10000,1000,1000
050306,聯發科中信97購01,0,0,0,0,0,0,0,0,0,1000,0,0,0,1000,0,1000,1000
00736,國泰新興市場    ,0,0,0,0,0,0,0,0,0,1000,0,0,0,117000,116000,1000,1000
00712,FH富時不動產    ,1000,10000,-9000,0,0,0,0,0,0,10000,0,0,0,405000,395000,10000,1000
00681R,元大美債20反1   ,101000,0,101000,0,0,0,0,0,0,-100000,0,0,0,2000,102000,-100000,1000
00682U,元大美元指數    ,0,0,0,0,0,0,0,0,0,1000,0,0,0,1000,0,1000,1000
04787P,台積電永昌96售04,0,0,0,0,0,0,0,0,0,1000,0,0,0,134000,133000,1000,1000
050813,旺宏凱基96購01  ,0,0,0,0,0,0,0,0,0,1000,0,0,0,1000,0,1000,1000
03428B,臺股指凱基97熊18,0,0,0,0,0,0,0,0,0,1000,0,0,0,1000,0,1000,1000
03038X,元展35          ,0,0,0,0,0,0,0,0,0,1000,0,0,0,1000,0,1000,1000
035276,南亞科台新97購01,0,0,0,0,0,0,0,0,0,1000,0,0,0,1000,0,1000,1000
049795,華通元大96購02  ,0,0,0,0,0,0,0,0,0,1000,0,0,0,1000,0,1000,1000
050014,國巨富邦98購01  ,0,0,0,0,0,0,0,0,0,1000,0,0,0,1000,0,1000,1000
053637,強茂永豐96購01  ,0,0,0,0,0,0,0,0,0,1000,0,0,0,1000,0,1000,1000
053625,國巨兆豐96購03  ,0,0,0,0,0,0,0,0,0,1000,0,0,0,1000,0,1000,1000
052937,國巨兆豐97購01  ,0,0,0,0,0,0,0,0,0,1000,0,0,0,297000,296000,1000,1000
052790,智邦兆豐97購01  ,0,0,0,0,0,0,0,0,0,1000,0,0,0,1000,0,1000,1000
052782,超眾國票96購02  ,0,0,0,0,0,0,0,0,0,1000,0,0,0,1000,0,1000,1000
052697,滬深2X國票98購01,0,0,0,0,0,0,0,0,0,1000,0,0,0,1000,0,1000,1000
053137,旺宏富邦98購01  ,0,0,0,0,0,0,0,0,0,1000,0,0,0,1000,0,1000,1000
05331P,上証2X國票96售01,0,0,0,0,0,0,0,0,0,1000,0,0,0,2000,1000,1000,1000
052060,旺宏國票96購02  ,0,0,0,0,0,0,0,0,0,1000,0,0,0,1000,0,1000,1000
053732,S&P反1中信9C購01,0,0,0,0,0,0,0,0,0,1000,0,0,0,1000,0,1000,1000
056675,聯發科元富02購01,0,0,0,0,0,0,0,0,0,1000,0,0,0,1000,0,1000,1000
055789,台虹凱基97購01  ,0,0,0,0,0,0,0,0,0,1000,0,0,0,1000,0,1000,1000
055740,智易元富97購01  ,0,0,0,0,0,0,0,0,0,1000,0,0,0,1000,0,1000,1000
055662,上銀中信99購01  ,0,0,0,0,0,0,0,0,0,1000,0,0,0,1000,0,1000,1000
055164,矽創元大98購01  ,0,0,0,0,0,0,0,0,0,1000,0,0,0,1000,0,1000,1000
055323,貿聯國票98購01  ,0,0,0,0,0,0,0,0,0,1000,0,0,0,1000,0,1000,1000
05530P,臺股指群益96售03,0,0,0,0,0,0,0,0,0,1000,0,0,0,1000,0,1000,1000
056007,上銀中信97購02  ,0,0,0,0,0,0,0,0,0,1000,0,0,0,1000,0,1000,1000
054905,國揚康和97購01  ,0,0,0,0,0,0,0,0,0,1000,0,0,0,1000,0,1000,1000
054967,神達元大97購01  ,0,0,0,0,0,0,0,0,0,1000,0,0,0,1000,0,1000,1000
056114,台達電群益97購02,0,0,0,0,0,0,0,0,0,1000,0,0,0,1000,0,1000,1000
059493,國巨國票9B購01  ,0,0,0,0,0,0,0,0,0,1000,0,0,0,4000,3000,1000,1000
05902P,華通國票96售02  ,0,0,0,0,0,0,0,0,0,1000,0,0,0,1000,0,1000,1000
058990,GIS凱基99購02   ,0,0,0,0,0,0,0,0,0,1000,0,0,0,15000,14000,1000,1000
056367,祥碩元大98購01  ,0,0,0,0,0,0,0,0,0,1000,0,0,0,1000,0,1000,1000
056360,智邦元大98購01  ,0,0,0,0,0,0,0,0,0,1000,0,0,0,17000,16000,1000,1000
056462,訊芯凱基98購03  ,0,0,0,0,0,0,0,0,0,1000,0,0,0,5000,4000,1000,1000
056426,上証2X凱基9A購01,0,0,0,0,0,0,0,0,0,1000,0,0,0,2000,1000,1000,1000
056202,國揚永豐97購01  ,0,0,0,0,0,0,0,0,0,1000,0,0,0,1000,0,1000,1000
055376,群創元大01購01  ,0,0,0,0,0,0,0,0,0,1000,0,0,0,1000,0,1000,1000
055342,鴻海凱基97購04  ,0,0,0,0,0,0,0,0,0,1000,0,0,0,1000,0,1000,1000
055593,華新科元大97購10,0,0,0,0,0,0,0,0,0,1000,0,0,0,1000,0,1000,1000
055531,華新科群益98購03,0,0,0,0,0,0,0,0,0,1000,0,0,0,1000,0,1000,1000
054572,國巨元大98購03  ,0,0,0,0,0,0,0,0,0,1000,0,0,0,1000,0,1000,1000
058684,健策凱基99購02  ,0,0,0,0,0,0,0,0,0,1000,0,0,0,101000,100000,1000,1000
058720,旭富元富99購01  ,0,0,0,0,0,0,0,0,0,1000,0,0,0,1000,0,1000,1000
059314,上銀元大99購03  ,0,0,0,0,0,0,0,0,0,1000,0,0,0,1000,0,1000,1000
059796,台積電國票99購10,0,0,0,0,0,0,0,0,0,1000,0,0,0,1000,0,1000,1000
059681,華新科國泰9B購02,0,0,0,0,0,0,0,0,0,1000,0,0,0,2000,1000,1000,1000
059646,聯茂凱基99購06  ,0,0,0,0,0,0,0,0,0,1000,0,0,0,1000,0,1000,1000
059733,緯穎元大99購08  ,0,0,0,0,0,0,0,0,0,1000,0,0,0,1000,0,1000,1000
059700,鴻海凱基9A購16  ,0,0,0,0,0,0,0,0,0,1000,0,0,0,6000,5000,1000,1000
059413,台灣50元大99購05,0,0,0,0,0,0,0,0,0,1000,0,0,0,1000,0,1000,1000
059383,台灣50凱基99購03,0,0,0,0,0,0,0,0,0,1000,0,0,0,1000,0,1000,1000
060045,嘉晶群益99購02  ,0,0,0,0,0,0,0,0,0,1000,0,0,0,1000,0,1000,1000
059885,台積電國票99購12,0,0,0,0,0,0,0,0,0,1000,0,0,0,18000,17000,1000,1000
05991P,聯茂群益96售05  ,0,0,0,0,0,0,0,0,0,1000,0,0,0,1000,0,1000,1000
060143,台積電國票9B購03,0,0,0,0,0,0,0,0,0,1000,0,0,0,1000,0,1000,1000
058348,台表科群益99購01,0,0,0,0,0,0,0,0,0,1000,0,0,0,11000,10000,1000,1000
058340,高股息群益99購01,0,0,0,0,0,0,0,0,0,1000,0,0,0,1000,0,1000,1000
058407,滬深2X兆豐9A購01,0,0,0,0,0,0,0,0,0,1000,0,0,0,1000,0,1000,1000
058382,S&P500中信99購01,0,0,0,0,0,0,0,0,0,1000,0,0,0,1000,0,1000,1000
057494,玉晶光元大99購09,0,0,0,0,0,0,0,0,0,1000,0,0,0,12000,11000,1000,1000
05732P,臺股指統一96售02,0,0,0,0,0,0,0,0,0,1000,0,0,0,1000,0,1000,1000
05813P,臺股指國票96售06,0,0,0,0,0,0,0,0,0,1000,0,0,0,2000,1000,1000,1000
05811P,臺股指國票96售04,0,0,0,0,0,0,0,0,0,1000,0,0,0,1000,0,1000,1000
05850P,台積電兆豐96售06,0,0,0,0,0,0,0,0,0,1000,0,0,0,1000,0,1000,1000
058086,鴻海元大98購14  ,0,0,0,0,0,0,0,0,0,1000,0,0,0,48000,47000,1000,1000
05845P,大立光元大96售06,0,0,0,0,0,0,0,0,0,1000,0,0,0,32000,31000,1000,1000
057772,台積電群益99購01,0,0,0,0,0,0,0,0,0,1000,0,0,0,1000,0,1000,1000
057804,為升元大98購01  ,0,0,0,0,0,0,0,0,0,1000,0,0,0,201000,200000,1000,1000
057070,美律永豐98購02  ,0,0,0,0,0,0,0,0,0,1000,0,0,0,1000,0,1000,1000
057090,奇力新元富98購02,0,0,0,0,0,0,0,0,0,1000,0,0,0,1000,0,1000,1000
057736,鴻海富邦99購04  ,0,0,0,0,0,0,0,0,0,1000,0,0,0,166000,165000,1000,1000
060387,盛群凱基9A購01  ,0,0,0,0,0,0,0,0,0,1000,0,0,0,31000,30000,1000,1000
058628,宏達電國票9A購01,0,0,0,0,0,0,0,0,0,1000,0,0,0,1000,0,1000,1000
057902,嘉晶永豐98購02  ,0,6000,-6000,0,0,0,0,0,0,7000,0,0,0,43000,36000,7000,1000
060403,上銀國泰9B購01  ,0,0,0,0,0,0,0,0,0,1000,0,0,0,1000,0,1000,1000
060574,高股息中信9C購01,0,0,0,0,0,0,0,0,0,1000,0,0,0,1000,0,1000,1000
060553,祥碩凱基9A購01  ,0,0,0,0,0,0,0,0,0,1000,0,0,0,1000,0,1000,1000
2888A,新光金甲特      ,1000,0,1000,0,0,0,0,0,0,0,0,0,0,0,0,0,1000
2440,太空梭          ,0,0,0,0,0,0,0,0,0,1000,1000,0,1000,0,0,0,1000
5484,慧友            ,0,0,0,0,0,0,0,0,0,1000,1000,0,1000,0,0,0,1000
3504,揚明光          ,117000,118000,-1000,0,0,0,0,0,0,2000,0,0,0,6000,4000,2000,1000
9929,秋雨            ,0,0,0,0,0,0,0,0,0,1000,1000,0,1000,0,0,0,1000
8467,波力-KY         ,1000,0,1000,0,0,0,0,0,0,0,0,0,0,0,0,0,1000
07368P,國巨凱基99售19  ,0,0,0,0,0,0,0,0,0,1000,0,0,0,1000,0,1000,1000
07340P,鴻海凱基99售15  ,0,0,0,0,0,0,0,0,0,1000,0,0,0,1000,0,1000,1000
07539P,玉山金台新9A售01,0,0,0,0,0,0,0,0,0,1000,0,0,0,1000,0,1000,1000
07075P,FBVIX凱基9C售04 ,0,0,0,0,0,0,0,0,0,1000,0,0,0,1000,0,1000,1000
07076P,鴻海凱基9A售08  ,0,0,0,0,0,0,0,0,0,1000,0,0,0,2000,1000,1000,1000
07264P,台積電元大99售38,0,0,0,0,0,0,0,0,0,1000,0,0,0,5000,4000,1000,1000
07250P,台灣50永豐99售07,0,0,0,0,0,0,0,0,0,1000,0,0,0,1000,0,1000,1000
07245P,台積電凱基99售16,0,0,0,0,0,0,0,0,0,1000,0,0,0,2000,1000,1000,1000
06712P,臺股指台新99售09,0,0,0,0,0,0,0,0,0,1000,0,0,0,1000,0,1000,1000
06602P,國巨統一99售02  ,0,0,0,0,0,0,0,0,0,1000,0,0,0,1000,0,1000,1000
06516P,國巨凱基98售08  ,0,0,0,0,0,0,0,0,0,1000,0,0,0,3000,2000,1000,1000
06981P,台灣50麥證99售02,0,0,0,1000,0,1000,0,0,0,1000,0,0,0,1000,0,1000,1000
07006P,旺宏統一9B售03  ,0,0,0,0,0,0,0,0,0,1000,0,0,0,10000,9000,1000,1000
07013P,玉晶光群益9A售06,0,0,0,0,0,0,0,0,0,1000,0,0,0,1000,0,1000,1000
1713,國化            ,1000,0,1000,0,0,0,0,0,0,0,0,0,0,0,0,0,1000
2002A,中鋼特          ,0,0,0,0,0,0,0,0,0,1000,1000,0,1000,0,0,0,1000
1453,大將            ,1000,0,1000,0,0,0,0,0,0,0,0,0,0,0,0,0,1000
1449,佳和            ,133000,132000,1000,0,0,0,0,0,0,0,0,0,0,0,0,0,1000
08055P,臺股指國票9B售20,0,0,0,0,0,0,0,0,0,1000,0,0,0,3000,2000,1000,1000
07995P,臺股指麥證9C售01,0,0,0,4000,3000,1000,0,0,0,1000,0,0,0,4000,3000,1000,1000
07931P,國巨元大9B售03  ,0,0,0,0,0,0,0,0,0,1000,0,0,0,1000,0,1000,1000
07686P,祥碩凱基9A售02  ,0,0,0,0,0,0,0,0,0,1000,0,0,0,1000,0,1000,1000
07644P,南電凱基9A售03  ,0,0,0,0,0,0,0,0,0,1000,0,0,0,3000,2000,1000,1000
07846P,台灣50群益9A售17,0,0,0,0,0,0,0,0,0,1000,0,0,0,1000,0,1000,1000
1256,鮮活果汁-KY     ,3900,3000,900,0,0,0,0,0,0,0,0,0,0,0,0,0,900
06373P,聯發科元大97售22,0,0,0,0,0,0,0,0,0,0,0,0,0,99000,99000,0,0
06427P,鴻海元大97售13  ,0,0,0,0,0,0,0,0,0,0,0,0,0,37000,37000,0,0
06428P,國巨元大97售17  ,0,0,0,0,0,0,0,0,0,0,0,0,0,6000,6000,0,0
063376,神達永豐9B購01  ,0,0,0,0,0,0,0,0,0,0,0,0,0,24000,24000,0,0
063371,南亞科永豐9B購01,0,0,0,0,0,0,0,0,0,0,0,0,0,8000,8000,0,0
063403,鈺齊群益9B購01  ,0,0,0,0,0,0,0,0,0,0,0,0,0,3000,3000,0,0
063427,南六凱基9B購04  ,0,0,0,0,0,0,0,0,0,0,0,0,0,7000,7000,0,0
063428,矽創凱基9B購02  ,0,0,0,0,0,0,0,0,0,0,0,0,0,5000,5000,0,0
063459,華通元大9B購08  ,0,0,0,0,0,0,0,0,0,0,0,0,0,18000,18000,0,0
063471,泰鼎元大9C購01  ,0,0,0,0,0,0,0,0,0,0,0,0,0,36000,36000,0,0
063472,茂林元大9B購04  ,0,0,0,0,0,0,0,0,0,0,0,0,0,25000,25000,0,0
063474,康控元大9B購04  ,0,0,0,0,0,0,0,0,0,0,0,0,0,6000,6000,0,0
063215,台表科國票9C購02,0,0,0,0,0,0,0,0,0,0,0,0,0,7000,7000,0,0
063277,大成鋼元大9B購03,0,0,0,0,0,0,0,0,0,0,0,0,0,137000,137000,0,0
063273,緯穎兆豐9C購01  ,0,0,0,0,0,0,0,0,0,0,0,0,0,7000,7000,0,0
063289,台表科元大9B購07,0,0,0,0,0,0,0,0,0,0,0,0,0,65000,65000,0,0
063291,緯穎元大01購01  ,0,0,0,0,0,0,0,0,0,0,0,0,0,4000,4000,0,0
063308,緯穎凱基9B購05  ,0,0,0,0,0,0,0,0,0,0,0,0,0,4000,4000,0,0
063301,鴻海凱基9B購08  ,0,0,0,0,0,0,0,0,0,0,0,0,0,30000,30000,0,0
063313,南亞科群益9B購02,0,0,0,0,0,0,0,0,0,0,0,0,0,6000,6000,0,0
063316,聯發科群益9C購03,0,0,0,0,0,0,0,0,0,0,0,0,0,8000,8000,0,0
063319,神達群益9B購01  ,0,0,0,0,0,0,0,0,0,0,0,0,0,28000,28000,0,0
063123,聯發科元大9B購16,0,0,0,0,0,0,0,0,0,0,0,0,0,1000,1000,0,0
063073,瑞昱永豐9B購01  ,0,0,0,0,0,0,0,0,0,0,0,0,0,20000,20000,0,0
063086,祥碩凱基9C購01  ,0,0,0,0,0,0,0,0,0,0,0,0,0,12000,12000,0,0
063017,台光電元大9B購07,0,0,0,0,0,0,0,0,0,0,0,0,0,12000,12000,0,0
063018,聯發科元大9B購14,0,0,0,0,0,0,0,0,0,0,0,0,0,1000,1000,0,0
062898,華通元大9B購05  ,0,0,0,0,0,0,0,0,0,0,0,0,0,1000,1000,0,0
062920,康友元大9B購01  ,0,0,0,0,0,0,0,0,0,0,0,0,0,1000,1000,0,0
062815,聯發科兆豐9B購03,0,0,0,0,0,0,0,0,0,0,0,0,0,6000,6000,0,0
062420,台積電統一9C購08,0,0,0,0,0,0,0,0,0,0,0,0,0,1000,1000,0,0
062444,大立光元大9C購01,0,0,0,0,0,0,0,0,0,0,0,0,0,10000,10000,0,0
062339,瑞昱麥證9C購01  ,0,0,0,30000,0,30000,0,0,0,0,0,0,0,30000,30000,0,0
062361,智邦元大9B購06  ,0,0,0,0,0,0,0,0,0,0,0,0,0,6000,6000,0,0
062372,旭富元大9B購01  ,0,0,0,0,0,0,0,0,0,0,0,0,0,4000,4000,0,0
062274,台積電群益9B購04,0,0,0,0,0,0,0,0,0,0,0,0,0,10000,10000,0,0
062171,中磊永豐9B購01  ,0,0,0,0,0,0,0,0,0,0,0,0,0,1000,1000,0,0
062149,牧德國票9B購01  ,0,0,0,0,0,0,0,0,0,0,0,0,0,25000,25000,0,0
06219P,國巨元富97售05  ,0,0,0,0,0,0,0,0,0,0,0,0,0,50000,50000,0,0
06257P,臺股指群益97售10,0,0,0,0,0,0,0,0,0,0,0,0,0,1000,1000,0,0
062718,技嘉凱基9B購01  ,0,0,0,0,0,0,0,0,0,0,0,0,0,16000,16000,0,0
061416,聯茂群益9A購01  ,0,0,0,0,0,0,0,0,0,0,0,0,0,10000,10000,0,0
061384,T50反1群益9A購04,0,0,0,0,0,0,0,0,0,0,0,0,0,6000,6000,0,0
061389,華新科群益9B購01,0,0,0,0,0,0,0,0,0,0,0,0,0,10000,10000,0,0
061204,國巨元大9A購16  ,0,0,0,0,0,0,0,0,0,0,0,0,0,1000,1000,0,0
061068,祥碩凱基9B購01  ,0,0,0,0,0,0,0,0,0,0,0,0,0,10000,10000,0,0
061162,南電群益9A購02  ,0,0,0,0,0,0,0,0,0,0,0,0,0,15000,15000,0,0
060788,嘉晶富邦9B購01  ,0,0,0,0,0,0,0,0,0,0,0,0,0,8000,8000,0,0
060754,華通元大9A購04  ,0,0,0,0,0,0,0,0,0,0,0,0,0,1000,1000,0,0
060859,鴻海永豐9A購01  ,0,0,0,0,0,0,0,0,0,0,0,0,0,1000,1000,0,0
060987,華新科元大9A購11,0,0,0,0,0,0,0,0,0,0,0,0,0,8000,8000,0,0
060945,緯穎國票9A購02  ,0,0,0,0,0,0,0,0,0,0,0,0,0,25000,25000,0,0
061893,鴻海永豐9B購01  ,0,0,0,0,0,0,0,0,0,0,0,0,0,6000,6000,0,0
061926,晶技凱基9B購02  ,0,0,0,0,0,0,0,0,0,0,0,0,0,1000,1000,0,0
06183P,大立光元大97售05,0,0,0,0,0,0,0,0,0,0,0,0,0,343000,343000,0,0
061857,康友國票9B購01  ,0,0,0,0,0,0,0,0,0,0,0,0,0,2000,2000,0,0
061962,台積電統一01購03,0,0,0,0,0,0,0,0,0,0,0,0,0,2000,2000,0,0
06202P,大立光元大98售06,0,0,0,0,0,0,0,0,0,0,0,0,0,400000,400000,0,0
062118,華新科中信9B購02,0,0,0,0,0,0,0,0,0,0,0,0,0,92000,92000,0,0
062073,國巨元大9B購06  ,0,0,0,0,0,0,0,0,0,0,0,0,0,1000,1000,0,0
061785,奇力新群益9B購01,0,0,0,0,0,0,0,0,0,0,0,0,0,5000,5000,0,0
06166P,大立光國票98售01,0,0,0,0,0,0,0,0,0,0,0,0,0,120000,120000,0,0
06162P,大立光群益97售02,0,0,0,0,0,0,0,0,0,0,0,0,0,321000,321000,0,0
061648,緯穎元大9A購04  ,0,0,0,0,0,0,0,0,0,0,0,0,0,2000,2000,0,0
061649,緯穎元大9A購06  ,0,0,0,0,0,0,0,0,0,0,0,0,0,10000,10000,0,0
061572,奇力新元大9A購04,0,0,0,0,0,0,0,0,0,0,0,0,0,1000,1000,0,0
061573,義隆元大9A購02  ,0,0,0,0,0,0,0,0,0,0,0,0,0,88000,88000,0,0
061446,鴻海中信04購01  ,0,0,0,0,0,0,0,0,0,0,0,0,0,8000,8000,0,0
054593,滬深2X永昌9A購01,0,0,0,0,0,0,0,0,0,0,0,0,0,310000,310000,0,0
054602,聯詠台新97購01  ,0,0,0,0,0,0,0,0,0,0,0,0,0,2000,2000,0,0
055597,禾伸堂元大98購02,0,0,0,0,0,0,0,0,0,0,0,0,0,10000,10000,0,0
055587,智邦元大97購02  ,0,0,0,0,0,0,0,0,0,0,0,0,0,2000,2000,0,0
055088,聯詠亞東97購01  ,0,0,0,0,0,0,0,0,0,0,0,0,0,120000,120000,0,0
055065,神達永豐97購01  ,0,0,0,0,0,0,0,0,0,0,0,0,0,12000,12000,0,0
05472P,國巨統一96售02  ,0,0,0,0,0,0,0,0,0,0,0,0,0,111000,111000,0,0
054736,南亞科凱基98購01,0,0,0,0,0,0,0,0,0,0,0,0,0,2000,2000,0,0
054671,國巨國泰98購01  ,0,0,0,0,0,0,0,0,0,0,0,0,0,27000,27000,0,0
054656,深中小元大97購01,0,0,0,0,0,0,0,0,0,0,0,0,0,100000,100000,0,0
054679,台積電康和99購01,0,0,0,0,0,0,0,0,0,0,0,0,0,1000,1000,0,0
05533P,滬深2X富邦97售01,0,0,0,0,0,0,0,0,0,0,0,0,0,100000,100000,0,0
055332,奇力新兆豐98購01,0,0,0,0,0,0,0,0,0,0,0,0,0,14000,14000,0,0
056206,泰鼎永豐97購01  ,0,0,0,0,0,0,0,0,0,0,0,0,0,5000,5000,0,0
056239,宏達電群益98購01,0,0,0,0,0,0,0,0,0,0,0,0,0,15000,15000,0,0
055470,南亞科凱基97購01,0,0,0,0,0,0,0,0,0,0,0,0,0,10000,10000,0,0
055438,鴻海國票98購01  ,0,0,0,0,0,0,0,0,0,0,0,0,0,40000,40000,0,0
056442,瑞昱凱基98購02  ,0,0,0,0,0,0,0,0,0,0,0,0,0,10000,10000,0,0
056362,聯發科元大99購01,0,0,0,0,0,0,0,0,0,0,0,0,0,163000,163000,0,0
056808,台積電統一98購06,0,0,0,0,0,0,0,0,0,0,0,0,0,120000,120000,0,0
056383,上銀國泰99購01  ,0,0,0,0,0,0,0,0,0,0,0,0,0,71000,71000,0,0
05638P,國巨統一96售04  ,0,0,0,0,0,0,0,0,0,0,0,0,0,173000,173000,0,0
056390,台積電富邦9B購01,0,0,0,0,0,0,0,0,0,0,0,0,0,10000,10000,0,0
055858,聯茂元大97購03  ,0,0,0,0,0,0,0,0,0,0,0,0,0,45000,45000,0,0
056608,力山永豐98購01  ,0,0,0,0,0,0,0,0,0,0,0,0,0,12000,12000,0,0
056333,台積電日盛9B購01,0,0,0,0,0,0,0,0,0,0,0,0,0,40000,40000,0,0
056316,訊芯元大98購03  ,0,0,0,0,0,0,0,0,0,0,0,0,0,20000,20000,0,0
05630P,大立光永昌96售06,0,0,0,0,0,0,0,0,0,0,0,0,0,369000,369000,0,0
056354,國巨元大98購10  ,0,0,0,0,0,0,0,0,0,0,0,0,0,1000,1000,0,0
056171,鴻海元富97購10  ,0,0,0,0,0,0,0,0,0,0,0,0,0,200000,200000,0,0
056593,台積電元富98購02,0,0,0,0,0,0,0,0,0,0,0,0,0,895000,895000,0,0
056594,台積電元富98購03,0,0,0,0,0,0,0,0,0,0,0,0,0,10000,10000,0,0
056532,技嘉凱基98購01  ,0,0,0,0,0,0,0,0,0,0,0,0,0,22000,22000,0,0
056505,聯發科永豐98購01,0,0,0,0,0,0,0,0,0,0,0,0,0,530000,530000,0,0
056484,聯茂元大98購02  ,0,0,0,0,0,0,0,0,0,0,0,0,0,15000,15000,0,0
058998,鴻海元大99購22  ,0,0,0,0,0,0,0,0,0,0,0,0,0,35000,35000,0,0
059053,鴻海凱基99購07  ,0,0,0,0,0,0,0,0,0,0,0,0,0,1000,1000,0,0
059255,臺股指凱基99購33,0,0,0,0,0,0,0,0,0,0,0,0,0,2000,2000,0,0
059253,康控凱基9B購02  ,0,0,0,0,0,0,0,0,0,0,0,0,0,11000,11000,0,0
058925,旭富元富99購02  ,0,0,0,0,0,0,0,0,0,0,0,0,0,5000,5000,0,0
058980,鴻海凱基99購06  ,0,0,0,0,0,0,0,0,0,0,0,0,0,7000,7000,0,0
058981,國巨凱基99購10  ,0,0,0,0,0,0,0,0,0,0,0,0,0,100000,100000,0,0
059195,國巨永豐99購04  ,0,0,0,0,0,0,0,0,0,0,0,0,0,1000,1000,0,0
059212,鴻海元大99購28  ,0,0,0,0,0,0,0,0,0,0,0,0,0,18000,18000,0,0
059237,鴻海凱基9A購10  ,0,0,0,0,0,0,0,0,0,0,0,0,0,4000,4000,0,0
05916P,聯發科元大96售20,0,0,0,0,0,0,0,0,0,0,0,0,0,5000,5000,0,0
059161,鴻海凱基9A購09  ,0,0,0,0,0,0,0,0,0,0,0,0,0,3000,3000,0,0
059085,鴻海元大99購25  ,0,0,0,0,0,0,0,0,0,0,0,0,0,6000,6000,0,0
059138,台積電兆豐99購04,0,0,0,0,0,0,0,0,0,0,0,0,0,21000,21000,0,0
056118,聯詠群益97購03  ,0,0,0,0,0,0,0,0,0,0,0,0,0,8000,8000,0,0
05480P,滬深2X凱基96售05,0,0,0,0,0,0,0,0,0,0,0,0,0,36000,36000,0,0
05598P,國巨元富96售03  ,0,0,0,0,0,0,0,0,0,0,0,0,0,475000,475000,0,0
056017,台積電群益97購04,0,0,0,0,0,0,0,0,0,0,0,0,0,40000,40000,0,0
055971,矽力元大97購05  ,0,0,0,0,0,0,0,0,0,0,0,0,0,10000,10000,0,0
055894,欣興統一97購03  ,0,0,0,0,0,0,0,0,0,0,0,0,0,30000,30000,0,0
055892,國巨統一99購01  ,0,0,0,0,0,0,0,0,0,0,0,0,0,30000,30000,0,0
055297,啟碁元大97購01  ,0,0,0,0,0,0,0,0,0,0,0,0,0,100000,100000,0,0
055326,緯穎國票97購06  ,0,0,0,0,0,0,0,0,0,0,0,0,0,6000,6000,0,0
055331,國巨兆豐99購01  ,0,0,0,0,0,0,0,0,0,0,0,0,0,10000,10000,0,0
055261,帆宣統一98購01  ,0,0,0,0,0,0,0,0,0,0,0,0,0,328000,328000,0,0
05515P,台積電群益96售03,0,0,0,0,0,0,0,0,0,0,0,0,0,300000,300000,0,0
055695,大毅國票98購03  ,0,0,0,0,0,0,0,0,0,0,0,0,0,8000,8000,0,0
056700,華新科國泰99購03,0,0,0,0,0,0,0,0,0,0,0,0,0,2000,2000,0,0
056636,台積電日盛9A購01,0,0,0,0,0,0,0,0,0,0,0,0,0,630000,630000,0,0
05241P,鴻海國泰97售04  ,0,0,0,0,0,0,0,0,0,0,0,0,0,225000,225000,0,0
052437,聯發科富邦99購02,0,0,0,0,0,0,0,0,0,0,0,0,0,8000,8000,0,0
052426,國巨台新96購01  ,0,0,0,0,0,0,0,0,0,0,0,0,0,160000,160000,0,0
053435,新光金日盛96購01,0,0,0,0,0,0,0,0,0,0,0,0,0,500000,500000,0,0
053451,致新凱基96購02  ,0,0,0,0,0,0,0,0,0,0,0,0,0,10000,10000,0,0
053475,華新科元大96購05,0,0,0,0,0,0,0,0,0,0,0,0,0,50000,50000,0,0
054387,台積電統一98購02,0,0,0,0,0,0,0,0,0,0,0,0,0,40000,40000,0,0
054425,聯發科富邦99購03,0,0,0,0,0,0,0,0,0,0,0,0,0,142000,142000,0,0
052532,台積電國泰96購07,0,0,0,0,0,0,0,0,0,0,0,0,0,258000,258000,0,0
052570,華新科凱基96購06,0,0,0,0,0,0,0,0,0,0,0,0,0,100000,100000,0,0
053784,奇力新元大97購02,0,0,0,0,0,0,0,0,0,0,0,0,0,51000,51000,0,0
053713,漢唐凱基96購04  ,0,0,0,0,0,0,0,0,0,0,0,0,0,20000,20000,0,0
053691,聯發科元大96購16,0,0,0,0,0,0,0,0,0,0,0,0,0,697000,697000,0,0
053811,國巨群益98購02  ,0,0,0,0,0,0,0,0,0,0,0,0,0,140000,140000,0,0
053830,台積電台新96購02,0,0,0,0,0,0,0,0,0,0,0,0,0,20000,20000,0,0
053834,卜蜂永豐96購01  ,0,0,0,0,0,0,0,0,0,0,0,0,0,10000,10000,0,0
052025,國巨群益96購01  ,0,0,0,0,0,0,0,0,0,0,0,0,0,5000,5000,0,0
052038,國巨永昌96購01  ,0,0,0,0,0,0,0,0,0,0,0,0,0,540000,540000,0,0
051834,南電元大96購02  ,0,0,0,0,0,0,0,0,0,0,0,0,0,10000,10000,0,0
051838,國巨國泰97購01  ,0,0,0,0,0,0,0,0,0,0,0,0,0,20000,20000,0,0
051878,鴻海台新96購01  ,0,0,0,0,0,0,0,0,0,0,0,0,0,300000,300000,0,0
052676,聯發科永昌98購01,0,0,0,0,0,0,0,0,0,0,0,0,0,10000,10000,0,0
053357,可成統一96購02  ,0,0,0,0,0,0,0,0,0,0,0,0,0,40000,40000,0,0
053384,聯發科元大96購13,0,0,0,0,0,0,0,0,0,0,0,0,0,1000,1000,0,0
053193,超眾統一97購01  ,0,0,0,0,0,0,0,0,0,0,0,0,0,1000,1000,0,0
053278,禾伸堂元大96購01,0,0,0,0,0,0,0,0,0,0,0,0,0,45000,45000,0,0
053248,智伸科國票97購01,0,0,0,0,0,0,0,0,0,0,0,0,0,38000,38000,0,0
053258,上証2X群益9A購03,0,0,0,0,0,0,0,0,0,0,0,0,0,100000,100000,0,0
053036,聯電凱基98購01  ,0,0,0,0,0,0,0,0,0,0,0,0,0,20000,20000,0,0
052738,聯電元大98購02  ,0,0,0,0,0,0,0,0,0,0,0,0,0,10000,10000,0,0
052789,台積電麥證96購01,0,0,0,499000,0,499000,0,0,0,0,0,0,0,998000,998000,0,0
052893,聯電群益98購01  ,0,0,0,0,0,0,0,0,0,0,0,0,0,18000,18000,0,0
052904,冠德國票97購01  ,0,0,0,0,0,0,0,0,0,0,0,0,0,30000,30000,0,0
052923,台積電永豐96購02,0,0,0,0,0,0,0,0,0,0,0,0,0,10000,10000,0,0
052866,大立光凱基96購12,0,0,0,0,0,0,0,0,0,0,0,0,0,70000,70000,0,0
052838,新唐國泰98購01  ,0,0,0,0,0,0,0,0,0,0,0,0,0,110000,110000,0,0
052844,台積電統一96購02,0,0,0,0,0,0,0,0,0,0,0,0,0,60000,60000,0,0
052986,聯發科元大97購05,0,0,0,0,0,0,0,0,0,0,0,0,0,62000,62000,0,0
053021,國巨國泰97購04  ,0,0,0,0,0,0,0,0,0,0,0,0,0,20000,20000,0,0
053583,漢唐元大96購03  ,0,0,0,0,0,0,0,0,0,0,0,0,0,50000,50000,0,0
054260,貿聯元大96購03  ,0,0,0,0,0,0,0,0,0,0,0,0,0,68000,68000,0,0
054241,深中小元大98購01,0,0,0,0,0,0,0,0,0,0,0,0,0,20000,20000,0,0
054047,富邦金元大97購01,0,0,0,0,0,0,0,0,0,0,0,0,0,58000,58000,0,0
054076,義隆第一96購01  ,0,0,0,0,0,0,0,0,0,0,0,0,0,15000,15000,0,0
054080,微星中信98購01  ,0,0,0,0,0,0,0,0,0,0,0,0,0,20000,20000,0,0
054128,台積電元大97購10,0,0,0,0,0,0,0,0,0,0,0,0,0,10000,10000,0,0
054157,國巨亞東96購01  ,0,0,0,0,0,0,0,0,0,0,0,0,0,210000,210000,0,0
054189,貿聯永豐96購03  ,0,0,0,0,0,0,0,0,0,0,0,0,0,30000,30000,0,0
054194,國巨麥證96購02  ,0,0,0,0,20000,-20000,0,0,0,0,0,0,0,20000,20000,0,0
049553,鴻海國泰96購02  ,0,0,0,0,0,0,0,0,0,0,0,0,0,50000,50000,0,0
049584,台積電元大96購04,0,0,0,0,0,0,0,0,0,0,0,0,0,172000,172000,0,0
049695,新光金元大9A購01,0,0,0,0,0,0,0,0,0,0,0,0,0,7000,7000,0,0
049252,國巨元大96購01  ,0,0,0,0,0,0,0,0,0,0,0,0,0,1000,1000,0,0
05013P,台積電元大96售05,0,0,0,0,0,0,0,0,0,0,0,0,0,115000,115000,0,0
053941,國巨國泰96購05  ,0,0,0,0,0,0,0,0,0,0,0,0,0,80000,80000,0,0
041527,T50反1中信96購01,0,0,0,0,0,0,0,0,0,0,0,0,0,1000,1000,0,0
03427B,臺股指元大9A熊02,0,0,0,0,0,0,0,0,0,0,0,0,0,200000,200000,0,0
050647,聯發科凱基96購01,0,0,0,0,0,0,0,0,0,0,0,0,0,69000,69000,0,0
05087P,GIS國泰96售01   ,0,0,0,0,0,0,0,0,0,0,0,0,0,1000,1000,0,0
051237,鴻海元大97購01  ,0,0,0,0,0,0,0,0,0,0,0,0,0,50000,50000,0,0
051355,聯發科元大96購01,0,0,0,0,0,0,0,0,0,0,0,0,0,1000,1000,0,0
051461,聯詠國泰96購01  ,0,0,0,0,0,0,0,0,0,0,0,0,0,84000,84000,0,0
051152,鴻海國泰97購01  ,0,0,0,0,0,0,0,0,0,0,0,0,0,91000,91000,0,0
05119P,聯發科國泰96售02,0,0,0,0,0,0,0,0,0,0,0,0,0,10000,10000,0,0
047483,新光金凱基99購04,0,0,0,0,0,0,0,0,0,0,0,0,0,200000,200000,0,0
048574,台積電國泰95購02,0,0,0,0,0,0,0,0,0,0,0,0,0,154000,154000,0,0
051727,S&P反1國票97購01,0,0,0,0,0,0,0,0,0,0,0,0,0,30000,30000,0,0
051735,台積電國票96購06,0,0,0,0,0,0,0,0,0,0,0,0,0,8000,8000,0,0
051576,台積電元大97購02,0,0,0,0,0,0,0,0,0,0,0,0,0,112000,112000,0,0
051577,台積電元大97購03,0,0,0,0,0,0,0,0,0,0,0,0,0,23000,23000,0,0
051553,牧德永豐96購02  ,0,0,0,0,0,0,0,0,0,0,0,0,0,50000,50000,0,0
051665,台積電元大96購07,0,0,0,0,0,0,0,0,0,0,0,0,0,67000,67000,0,0
051600,新日興兆豐96購02,0,0,0,0,0,0,0,0,0,0,0,0,0,133000,133000,0,0
00668K,國泰美國道瓊+U  ,0,0,0,0,0,0,0,0,0,0,0,0,0,100,100,0,0
00657K,國泰日經225+U   ,0,0,0,0,0,0,0,0,0,0,0,0,0,100,100,0,0
00625K,富邦上証+R      ,0,0,0,0,0,0,0,0,0,0,0,0,0,50000,50000,0,0
00636K,國泰中國A50+U   ,0,0,0,0,0,0,0,0,0,0,0,0,0,100,100,0,0
00707R,元大S&P日圓反1  ,0,0,0,0,0,0,0,0,0,0,0,0,0,1000,1000,0,0
00732,國泰RMB短期報酬 ,0,0,0,0,0,0,0,0,0,0,0,0,0,100000,100000,0,0
050332,鴻海國泰96購05  ,0,0,0,0,0,0,0,0,0,0,0,0,0,198000,198000,0,0
050282,T50反1凱基97購01,0,0,0,0,0,0,0,0,0,0,0,0,0,31000,31000,0,0
020011,統一微波高息20N ,0,0,0,0,0,0,0,0,0,0,0,0,0,4000,4000,0,0
00775B,新光投等債15+   ,0,0,0,0,0,0,0,0,0,0,0,0,0,2000,2000,0,0
060569,台積電永豐9A購01,0,0,0,0,0,0,0,0,0,0,0,0,0,1000,1000,0,0
060527,台積電中信9C購04,0,0,0,0,0,0,0,0,0,0,0,0,0,1000,1000,0,0
060509,宏達電元大9A購02,0,0,0,0,0,0,0,0,0,0,0,0,0,84000,84000,0,0
060499,鴻海元大9A購11  ,0,0,0,0,0,0,0,0,0,0,0,0,0,1000,1000,0,0
060525,台積電中信01購04,0,0,0,0,0,0,0,0,0,0,0,0,0,1000,1000,0,0
060399,康友國票9A購02  ,0,0,0,0,0,0,0,0,0,0,0,0,0,3000,3000,0,0
060411,達新永豐9A購01  ,0,0,0,0,0,0,0,0,0,0,0,0,0,9000,9000,0,0
060461,鴻海元大9A購09  ,0,0,0,0,0,0,0,0,0,0,0,0,0,7000,7000,0,0
060590,台積電台新9C購02,0,0,0,0,0,0,0,0,0,0,0,0,0,1000,1000,0,0
060659,鴻海凱基9B購03  ,0,0,0,0,0,0,0,0,0,0,0,0,0,1000,1000,0,0
060655,國巨統一9B購06  ,0,0,0,0,0,0,0,0,0,0,0,0,0,10000,10000,0,0
06068P,玉晶光康和97售01,0,0,0,0,0,0,0,0,0,0,0,0,0,10000,10000,0,0
057910,華新科兆豐99購02,0,0,0,0,0,0,0,0,0,0,0,0,0,10000,10000,0,0
058024,台積電國泰9A購01,0,0,0,0,0,0,0,0,0,0,0,0,0,679000,679000,0,0
058016,智邦凱基98購06  ,0,0,0,0,0,0,0,0,0,0,0,0,0,2000,2000,0,0
057937,神達群益98購02  ,0,0,0,0,0,0,0,0,0,0,0,0,0,25000,25000,0,0
05863P,滬深2X元大96售09,0,0,0,0,0,0,0,0,0,0,0,0,0,137000,137000,0,0
060351,滬深2X元富9A購01,0,0,0,0,0,0,0,0,0,0,0,0,0,16000,16000,0,0
060244,大立光元大9B購02,0,0,0,0,0,0,0,0,0,0,0,0,0,51000,51000,0,0
06027P,鴻海台新96售04  ,0,0,0,0,0,0,0,0,0,0,0,0,0,43000,43000,0,0
057758,鴻海凱基99購03  ,0,0,0,0,0,0,0,0,0,0,0,0,0,13000,13000,0,0
057175,美律元大98購03  ,0,0,0,0,0,0,0,0,0,0,0,0,0,10000,10000,0,0
05717P,鴻海元大97售07  ,0,0,0,0,0,0,0,0,0,0,0,0,0,80000,80000,0,0
05718P,國巨元大96售09  ,0,0,0,0,0,0,0,0,0,0,0,0,0,293000,293000,0,0
057152,緯穎國票99購03  ,0,0,0,0,0,0,0,0,0,0,0,0,0,9000,9000,0,0
057147,新日興國票99購01,0,0,0,0,0,0,0,0,0,0,0,0,0,7000,7000,0,0
057221,華通國票98購03  ,0,0,0,0,0,0,0,0,0,0,0,0,0,18000,18000,0,0
057261,瑞昱兆豐98購01  ,0,0,0,0,0,0,0,0,0,0,0,0,0,95000,95000,0,0
057075,嘉聯益永豐98購01,0,0,0,0,0,0,0,0,0,0,0,0,0,68000,68000,0,0
058491,滬深2X群益01購01,0,0,0,0,0,0,0,0,0,0,0,0,0,50000,50000,0,0
057103,禾伸堂中信9A購01,0,0,0,0,0,0,0,0,0,0,0,0,0,20000,20000,0,0
058462,台積電兆豐99購01,0,0,0,0,0,0,0,0,0,0,0,0,0,100000,100000,0,0
058471,台積電日盛9C購01,0,0,0,0,0,0,0,0,0,0,0,0,0,440000,440000,0,0
058475,台積電凱基99購06,0,0,0,0,0,0,0,0,0,0,0,0,0,200000,200000,0,0
05846P,大立光元大96售07,0,0,0,0,0,0,0,0,0,0,0,0,0,70000,70000,0,0
058081,技嘉群益9A購03  ,0,0,0,0,0,0,0,0,0,0,0,0,0,4000,4000,0,0
058094,祥碩元大98購09  ,0,0,0,0,0,0,0,0,0,0,0,0,0,17000,17000,0,0
058044,鴻海元大99購07  ,0,0,0,0,0,0,0,0,0,0,0,0,0,53000,53000,0,0
058041,FBVIX元大98購02 ,0,0,0,0,0,0,0,0,0,0,0,0,0,20000,20000,0,0
058055,華擎統一9A購01  ,0,0,0,0,0,0,0,0,0,0,0,0,0,121000,121000,0,0
058571,緯穎凱基9A購02  ,0,0,0,0,0,0,0,0,0,0,0,0,0,20000,20000,0,0
058539,聯發科台新99購01,0,0,0,0,0,0,0,0,0,0,0,0,0,400000,400000,0,0
058503,鴻海元大99購14  ,0,0,0,0,0,0,0,0,0,0,0,0,0,94000,94000,0,0
057859,神達康和98購01  ,0,0,0,0,0,0,0,0,0,0,0,0,0,25000,25000,0,0
058133,華新科元大9A購02,0,0,0,0,0,0,0,0,0,0,0,0,0,1000,1000,0,0
058167,鴻海凱基9A購03  ,0,0,0,0,0,0,0,0,0,0,0,0,0,2000,2000,0,0
057984,聯發科台新98購01,0,0,0,0,0,0,0,0,0,0,0,0,0,500000,500000,0,0
057978,聯發科永豐98購05,0,0,0,0,0,0,0,0,0,0,0,0,0,350000,350000,0,0
057330,台積電國票99購03,0,0,0,0,0,0,0,0,0,0,0,0,0,10000,10000,0,0
057526,智邦元大98購10  ,0,0,0,0,0,0,0,0,0,0,0,0,0,12000,12000,0,0
057478,智邦元大99購01  ,0,0,0,0,0,0,0,0,0,0,0,0,0,25000,25000,0,0
057481,技嘉元大98購04  ,0,0,0,0,0,0,0,0,0,0,0,0,0,3000,3000,0,0
057429,華新科兆豐98購03,0,0,0,0,0,0,0,0,0,0,0,0,0,10000,10000,0,0
05742P,可成元大96售04  ,0,0,0,0,0,0,0,0,0,0,0,0,0,1000,1000,0,0
058414,大立光兆豐99購02,0,0,0,0,0,0,0,0,0,0,0,0,0,499000,499000,0,0
058418,台積電麥證99購01,0,0,0,20000,0,20000,0,0,0,0,0,0,0,20000,20000,0,0
058343,台積電群益99購02,0,0,0,0,0,0,0,0,0,0,0,0,0,225000,225000,0,0
057711,台積電統一9A購03,0,0,0,0,0,0,0,0,0,0,0,0,0,815000,815000,0,0
057048,新日興元大98購01,0,0,0,0,0,0,0,0,0,0,0,0,0,68000,68000,0,0
057040,國巨元大98購12  ,0,0,0,0,0,0,0,0,0,0,0,0,0,1000,1000,0,0
059511,宏達電永豐99購02,0,0,0,0,0,0,0,0,0,0,0,0,0,3000,3000,0,0
060106,旭富元大99購02  ,0,0,0,0,0,0,0,0,0,0,0,0,0,5000,5000,0,0
060108,泰鼎元大99購04  ,0,0,0,0,0,0,0,0,0,0,0,0,0,1000,1000,0,0
060088,國巨元大99購30  ,0,0,0,0,0,0,0,0,0,0,0,0,0,41000,41000,0,0
056936,禾伸堂元富98購01,0,0,0,0,0,0,0,0,0,0,0,0,0,10000,10000,0,0
05992P,華通元大96售05  ,0,0,0,0,0,0,0,0,0,0,0,0,0,20000,20000,0,0
059904,A50正2元大9C購05,0,0,0,0,0,0,0,0,0,0,0,0,0,10000,10000,0,0
05990P,台積電群益96售13,0,0,0,0,0,0,0,0,0,0,0,0,0,99000,99000,0,0
059877,康控凱基99購05  ,0,0,0,0,0,0,0,0,0,0,0,0,0,6000,6000,0,0
059884,鴻海國票99購09  ,0,0,0,0,0,0,0,0,0,0,0,0,0,1000,1000,0,0
060037,鴻海國票99購10  ,0,0,0,0,0,0,0,0,0,0,0,0,0,10000,10000,0,0
060012,電子類群益99購02,0,0,0,0,0,0,0,0,0,0,0,0,0,2000,2000,0,0
060015,國巨康和99購03  ,0,0,0,0,0,0,0,0,0,0,0,0,0,1000,1000,0,0
06002P,華通康和96售01  ,0,0,0,0,0,0,0,0,0,0,0,0,0,17000,17000,0,0
059994,國巨元富99購01  ,0,0,0,0,0,0,0,0,0,0,0,0,0,4000,4000,0,0
060007,鴻海群益99購04  ,0,0,0,0,0,0,0,0,0,0,0,0,0,2000,2000,0,0
059415,台灣50元大9A購03,0,0,0,0,0,0,0,0,0,0,0,0,0,3000,3000,0,0
059467,旺宏元大99購15  ,0,0,0,0,0,0,0,0,0,0,0,0,0,4000,4000,0,0
059468,智邦元大99購02  ,0,0,0,0,0,0,0,0,0,0,0,0,0,3000,3000,0,0
059530,華新科凱基9A購05,0,0,0,0,0,0,0,0,0,0,0,0,0,4000,4000,0,0
059531,華新科凱基9B購02,0,0,0,0,0,0,0,0,0,0,0,0,0,1000,1000,0,0
059619,台積電日盛9A購04,0,0,0,0,0,0,0,0,0,0,0,0,0,100000,100000,0,0
059610,上銀永豐99購02  ,0,0,0,0,0,0,0,0,0,0,0,0,0,5000,5000,0,0
059594,奇力新元大9B購01,0,0,0,0,0,0,0,0,0,0,0,0,0,2000,2000,0,0
059563,鴻海凱基9A購14  ,0,0,0,0,0,0,0,0,0,0,0,0,0,7000,7000,0,0
059564,鴻海凱基9A購15  ,0,0,0,0,0,0,0,0,0,0,0,0,0,7000,7000,0,0
059702,台積電凱基9A購14,0,0,0,0,0,0,0,0,0,0,0,0,0,1000,1000,0,0
05969P,台積電台新96售04,0,0,0,0,0,0,0,0,0,0,0,0,0,20000,20000,0,0
059717,國巨元大99購21  ,0,0,0,0,0,0,0,0,0,0,0,0,0,1000,1000,0,0
059719,台積電元大99購42,0,0,0,0,0,0,0,0,0,0,0,0,0,899000,899000,0,0
05962P,大立光群益96售07,0,0,0,0,0,0,0,0,0,0,0,0,0,886000,886000,0,0
059624,鴻海凱基01購01  ,0,0,0,0,0,0,0,0,0,0,0,0,0,7000,7000,0,0
059626,台積電凱基01購01,0,0,0,0,0,0,0,0,0,0,0,0,0,1000,1000,0,0
059657,華通元大99購09  ,0,0,0,0,0,0,0,0,0,0,0,0,0,6000,6000,0,0
05975P,國巨日盛99售02  ,0,0,0,0,0,0,0,0,0,0,0,0,0,86000,86000,0,0
057569,光磊永豐98購03  ,0,0,0,0,0,0,0,0,0,0,0,0,0,68000,68000,0,0
059508,聯發科永豐99購03,0,0,0,0,0,0,0,0,0,0,0,0,0,36000,36000,0,0
058779,大立光國票9A購02,0,0,0,0,0,0,0,0,0,0,0,0,0,519000,519000,0,0
05879P,台積電台新96售03,0,0,0,0,0,0,0,0,0,0,0,0,0,120000,120000,0,0
058810,國巨統一9B購04  ,0,0,0,0,0,0,0,0,0,0,0,0,0,20000,20000,0,0
058811,台積電統一9A購05,0,0,0,0,0,0,0,0,0,0,0,0,0,1000,1000,0,0
058266,宏達電永豐99購01,0,0,0,0,0,0,0,0,0,0,0,0,0,12000,12000,0,0
058686,祥碩凱基99購03  ,0,0,0,0,0,0,0,0,0,0,0,0,0,3000,3000,0,0
058676,聯茂群益99購01  ,0,0,0,0,0,0,0,0,0,0,0,0,0,5000,5000,0,0
058674,宏達電群益99購01,0,0,0,0,0,0,0,0,0,0,0,0,0,18000,18000,0,0
059319,台光電元大99購04,0,0,0,0,0,0,0,0,0,0,0,0,0,2000,2000,0,0
059320,華新科元大99購15,0,0,0,0,0,0,0,0,0,0,0,0,0,9000,9000,0,0
058286,道瓊指國票9B購01,0,0,0,0,0,0,0,0,0,0,0,0,0,2000,2000,0,0
058311,緯穎元大99購05  ,0,0,0,0,0,0,0,0,0,0,0,0,0,4000,4000,0,0
058303,華通元大99購03  ,0,0,0,0,0,0,0,0,0,0,0,0,0,34000,34000,0,0
059369,滬深2X元富9C購01,0,0,0,0,0,0,0,0,0,0,0,0,0,290000,290000,0,0
08125P,聯茂群益9B售02  ,0,0,0,0,0,0,0,0,0,0,0,0,0,100000,100000,0,0
1725,元禎            ,1000,1000,0,0,0,0,0,0,0,0,0,0,0,0,0,0,0
1535,中宇            ,0,1000,-1000,0,0,0,0,0,0,1000,1000,0,1000,0,0,0,0
1529,樂士            ,0,9000,-9000,0,0,0,0,0,0,9000,9000,0,9000,0,0,0,0
07977P,華新科群益01售01,0,0,0,0,0,0,0,0,0,0,0,0,0,60000,60000,0,0
08079P,宏達電國票9B售03,0,0,0,0,0,0,0,0,0,0,0,0,0,11000,11000,0,0
07019P,鴻海台新99售01  ,0,0,0,0,0,0,0,0,0,0,0,0,0,124000,124000,0,0
07020P,玉晶光台新99售02,0,0,0,0,0,0,0,0,0,0,0,0,0,1445000,1445000,0,0
07058P,台積電凱基9A售07,0,0,0,0,0,0,0,0,0,0,0,0,0,20000,20000,0,0
07037P,台積電台新99售03,0,0,0,0,0,0,0,0,0,0,0,0,0,650000,650000,0,0
06876P,台灣50兆豐9B售01,0,0,0,0,0,0,0,0,0,0,0,0,0,21000,21000,0,0
06911P,鴻海元大99售09  ,0,0,0,0,0,0,0,0,0,0,0,0,0,69000,69000,0,0
06901P,亞德客凱基98售02,0,0,0,0,0,0,0,0,0,0,0,0,0,6000,6000,0,0
06843P,鴻海元大98售11  ,0,0,0,0,0,0,0,0,0,0,0,0,0,67000,67000,0,0
06766P,玉晶光元大99售10,0,0,0,0,0,0,0,0,0,0,0,0,0,16000,16000,0,0
06767P,台積電永昌99售03,0,0,0,0,0,0,0,0,0,0,0,0,0,20000,20000,0,0
06806P,臺股指群益98售12,0,0,0,0,0,0,0,0,0,0,0,0,0,5000,5000,0,0
06797P,臺股指凱基98售07,0,0,0,0,0,0,0,0,0,0,0,0,0,10000,10000,0,0
06534P,聯發科群益98售04,0,0,0,0,0,0,0,0,0,0,0,0,0,12000,12000,0,0
06543P,鴻海元大98售08  ,0,0,0,0,0,0,0,0,0,0,0,0,0,98000,98000,0,0
06544P,鴻海元大98售09  ,0,0,0,0,0,0,0,0,0,0,0,0,0,89000,89000,0,0
06473P,鴻海元大99售03  ,0,0,0,0,0,0,0,0,0,0,0,0,0,48000,48000,0,0
06489P,台積電元富98售06,0,0,0,0,0,0,0,0,0,0,0,0,0,240000,240000,0,0
06572P,台積電永昌99售01,0,0,0,0,0,0,0,0,0,0,0,0,0,28000,28000,0,0
06557P,台積電兆豐98售02,0,0,0,0,0,0,0,0,0,0,0,0,0,100000,100000,0,0
06737P,台郡凱基98售07  ,0,0,0,0,0,0,0,0,0,0,0,0,0,31000,31000,0,0
06748P,智邦台新98售02  ,0,0,0,0,0,0,0,0,0,0,0,0,0,10000,10000,0,0
06637P,大立光凱基98售15,0,0,0,0,0,0,0,0,0,0,0,0,0,10000,10000,0,0
07238P,台灣50國票99售07,0,0,0,0,0,0,0,0,0,0,0,0,0,6000,6000,0,0
07244P,鴻海凱基9A售13  ,0,0,0,0,0,0,0,0,0,0,0,0,0,4000,4000,0,0
07267P,臺股指元大99售23,0,0,0,0,0,0,0,0,0,0,0,0,0,10000,10000,0,0
07294P,滬深2X元富9C售08,0,0,0,0,0,0,0,0,0,0,0,0,0,220000,220000,0,0
07305P,T50正2群益99售02,0,0,0,0,0,0,0,0,0,0,0,0,0,20000,20000,0,0
07316P,長榮航康和99售01,0,0,0,0,0,0,0,0,0,0,0,0,0,100000,100000,0,0
07327P,台灣50群益9A售06,0,0,0,0,0,0,0,0,0,0,0,0,0,20000,20000,0,0
07083P,台積電統一9A售06,0,0,0,0,0,0,0,0,0,0,0,0,0,20000,20000,0,0
07113P,台積電兆豐99售03,0,0,0,0,0,0,0,0,0,0,0,0,0,100000,100000,0,0
07202P,台灣50凱基9C售04,0,0,0,0,0,0,0,0,0,0,0,0,0,1000,1000,0,0
07146P,瑞昱元大99售02  ,0,0,0,0,0,0,0,0,0,0,0,0,0,10000,10000,0,0
07169P,臺股指國票99售06,0,0,0,0,0,0,0,0,0,0,0,0,0,10000,10000,0,0
07541P,國巨凱基9A售12  ,200000,0,200000,0,0,0,0,0,0,-200000,0,0,0,0,200000,-200000,0
8481,政伸            ,1000,1000,0,0,0,0,0,0,0,0,0,0,0,0,0,0,0
8443,阿瘦            ,1000,1000,0,0,0,0,0,0,0,0,0,0,0,0,0,0,0
9905,大華            ,12000,12000,0,0,0,0,0,0,0,0,0,0,0,0,0,0,0
9926,新海            ,1000,1000,0,0,0,0,0,0,0,0,0,0,0,0,0,0,0
3046,建碁            ,2000,3000,-1000,0,0,0,0,0,0,1000,1000,0,1000,0,0,0,0
4764,雙鍵            ,2000,2000,0,0,0,0,0,0,0,0,0,0,0,0,0,0,0
6115,鎰勝            ,1000,1000,0,0,0,0,0,0,0,0,0,0,0,0,0,0,0
6573,虹揚-KY         ,1000,1000,0,0,0,0,0,0,0,0,0,0,0,0,0,0,0
2302,麗正            ,1000,1000,0,0,0,0,0,0,0,0,0,0,0,0,0,0,0
3040,遠見            ,42000,42000,0,0,0,0,0,0,0,0,0,0,0,0,0,0,0
2939,凱羿-KY         ,25000,23000,2000,0,0,0,0,0,0,-2000,3000,5000,-2000,0,0,0,0
8341,日友            ,16800,17000,-200,0,0,0,0,0,0,0,0,0,0,0,0,0,-200
2834,臺企銀          ,4187748,4235420,-47672,0,0,0,0,0,0,47000,14000,1000,13000,34000,0,34000,-672
06148P,台積電元大97售17,0,0,0,0,0,0,0,0,0,-1000,0,0,0,0,1000,-1000,-1000
061759,上証反元大02購01,0,0,0,0,0,0,0,0,0,-1000,0,0,0,0,1000,-1000,-1000
062120,國巨台新9B購01  ,0,0,0,0,0,0,0,0,0,-1000,0,0,0,1000,2000,-1000,-1000
061848,國巨國票9B購07  ,0,0,0,0,0,0,0,0,0,-1000,0,0,0,0,1000,-1000,-1000
06184P,大立光元大97售06,0,0,0,0,0,0,0,0,0,-1000,0,0,0,70000,71000,-1000,-1000
061788,信邦群益9B購01  ,0,0,0,0,0,0,0,0,0,-1000,0,0,0,0,1000,-1000,-1000
060920,超眾富邦9B購01  ,0,0,0,0,0,0,0,0,0,-1000,0,0,0,413000,414000,-1000,-1000
06110P,國巨國泰98售02  ,0,0,0,0,0,0,0,0,0,-1000,0,0,0,0,1000,-1000,-1000
061120,台積電永豐9A購03,0,0,0,0,0,0,0,0,0,-1000,0,0,0,1000,2000,-1000,-1000
061255,道瓊反凱基9C購01,0,0,0,0,0,0,0,0,0,-1000,0,0,0,0,1000,-1000,-1000
061376,瑞昱永豐9A購02  ,0,0,0,0,0,0,0,0,0,-1000,0,0,0,0,1000,-1000,-1000
06135P,志超元富97售01  ,0,0,0,0,0,0,0,0,0,-1000,0,0,0,0,1000,-1000,-1000
061434,國巨麥證9A購04  ,0,0,0,0,1000,-1000,0,0,0,-1000,0,0,0,0,1000,-1000,-1000
061341,華新科元大9A購16,0,0,0,0,0,0,0,0,0,-1000,0,0,0,0,1000,-1000,-1000
061335,國巨元大9A購19  ,0,0,0,0,0,0,0,0,0,-1000,0,0,0,49000,50000,-1000,-1000
062737,聯發科國票9B購03,0,0,0,0,0,0,0,0,0,-1000,0,0,0,6000,7000,-1000,-1000
062770,臺股指凱基9B購14,0,0,0,0,0,0,0,0,0,-1000,0,0,0,2000,3000,-1000,-1000
06263P,燿華凱基97售04  ,0,0,0,0,0,0,0,0,0,-1000,0,0,0,0,1000,-1000,-1000
062519,元金2X元大9B購03,0,0,0,0,0,0,0,0,0,-1000,0,0,0,0,1000,-1000,-1000
062184,奇鋐元大9B購02  ,0,0,0,0,0,0,0,0,0,-1000,0,0,0,67000,68000,-1000,-1000
062353,亞德客元大9B購01,0,1000,-1000,0,0,0,0,0,0,0,0,0,0,191000,191000,0,-1000
062332,大立光統一9B購11,0,0,0,0,0,0,0,0,0,-1000,0,0,0,1000,2000,-1000,-1000
062426,大立光統一02購02,0,0,0,0,0,0,0,0,0,-1000,0,0,0,0,1000,-1000,-1000
062396,華通永豐9B購01  ,0,0,0,0,0,0,0,0,0,-1000,0,0,0,0,1000,-1000,-1000
063130,聯茂元大9B購02  ,0,0,0,0,0,0,0,0,0,-1000,0,0,0,14000,15000,-1000,-1000
063286,嘉澤元大9B購04  ,0,0,0,0,0,0,0,0,0,-1000,0,0,0,68000,69000,-1000,-1000
063214,康控國票9C購01  ,0,0,0,0,0,0,0,0,0,-1000,0,0,0,8000,9000,-1000,-1000
063481,緯穎元大9B購08  ,0,0,0,0,0,0,0,0,0,-1000,0,0,0,0,1000,-1000,-1000
063487,國巨國泰01購02  ,0,0,0,0,0,0,0,0,0,-1000,0,0,0,0,1000,-1000,-1000
063491,國巨富邦02購02  ,0,0,0,0,0,0,0,0,0,-1000,0,0,0,0,1000,-1000,-1000
063496,儒鴻永豐9B購01  ,0,0,0,0,0,0,0,0,0,-1000,0,0,0,0,1000,-1000,-1000
00743,國泰中國A150    ,0,0,0,0,0,0,0,0,0,-1000,0,0,0,4000,5000,-1000,-1000
051558,元金2X國泰97購01,0,0,0,0,0,0,0,0,0,-1000,0,0,0,0,1000,-1000,-1000
051159,力山元大96購01  ,0,0,0,0,0,0,0,0,0,-1000,0,0,0,38000,39000,-1000,-1000
03027X,元展24          ,0,0,0,0,0,0,0,0,0,-1000,0,0,0,0,1000,-1000,-1000
03679C,臺股指元大04牛04,0,0,0,0,0,0,0,0,0,-1000,0,0,0,0,1000,-1000,-1000
03676C,臺股指元大04牛03,0,0,0,0,0,0,0,0,0,-1000,0,0,0,0,1000,-1000,-1000
03677C,臺股指元大05牛02,0,0,0,0,0,0,0,0,0,-1000,0,0,0,2000,3000,-1000,-1000
051739,奇力新國票97購01,0,0,0,0,0,0,0,0,0,-1000,0,0,0,0,1000,-1000,-1000
053990,晶技兆豐96購01  ,0,0,0,0,0,0,0,0,0,-1000,0,0,0,0,1000,-1000,-1000
04427P,滬深2X元大97售02,0,0,0,0,0,0,0,0,0,-1000,0,0,0,0,1000,-1000,-1000
054043,漢唐元大97購01  ,0,0,0,0,0,0,0,0,0,-1000,0,0,0,19000,20000,-1000,-1000
053638,信邦永豐96購01  ,0,0,0,0,0,0,0,0,0,-1000,0,0,0,0,1000,-1000,-1000
052993,欣興台新97購01  ,0,0,0,0,0,0,0,0,0,-1000,0,0,0,1000,2000,-1000,-1000
053650,華邦電凱基98購01,0,0,0,0,0,0,0,0,0,-1000,0,0,0,0,1000,-1000,-1000
052588,玉晶光永豐98購01,0,0,0,0,0,0,0,0,0,-1000,0,0,0,0,1000,-1000,-1000
054462,旺宏凱基96購08  ,0,0,0,0,0,0,0,0,0,-1000,0,0,0,0,1000,-1000,-1000
054470,緯穎國票97購04  ,0,0,0,0,0,0,0,0,0,-1000,0,0,0,12000,13000,-1000,-1000
056637,台光電日盛9A購01,0,0,0,0,0,0,0,0,0,-1000,0,0,0,3000,4000,-1000,-1000
056668,光磊國票99購01  ,0,0,0,0,0,0,0,0,0,-1000,0,0,0,53000,54000,-1000,-1000
056685,光罩統一98購03  ,0,0,0,0,0,0,0,0,0,-1000,0,0,0,0,1000,-1000,-1000
055798,聯茂富邦98購01  ,0,0,0,0,0,0,0,0,0,-1000,0,0,0,0,1000,-1000,-1000
055193,世芯元富97購02  ,0,0,0,0,0,0,0,0,0,-1000,0,0,0,0,1000,-1000,-1000
055994,聯發科國泰99購02,0,0,0,0,0,0,0,0,0,-1000,0,0,0,0,1000,-1000,-1000
054791,泰碩群益99購02  ,0,0,0,0,0,0,0,0,0,-1000,0,0,0,134000,135000,-1000,-1000
059100,元油2X統一9C購02,0,0,0,0,0,0,0,0,0,-1000,0,0,0,153000,154000,-1000,-1000
059072,元油2X元大9C購13,0,0,0,0,0,0,0,0,0,-1000,0,0,0,0,1000,-1000,-1000
056142,超眾元大97購06  ,0,0,0,0,0,0,0,0,0,-1000,0,0,0,15000,16000,-1000,-1000
059171,祥碩凱基99購04  ,0,0,0,0,0,0,0,0,0,-1000,0,0,0,25000,26000,-1000,-1000
059196,聯發科永豐99購02,0,0,0,0,0,0,0,0,0,-1000,0,0,0,170000,171000,-1000,-1000
059257,臺股指凱基99購35,0,0,0,0,0,0,0,0,0,-1000,0,0,0,0,1000,-1000,-1000
059263,瑞昱中信01購01  ,0,0,0,0,0,0,0,0,0,-1000,0,0,0,10000,11000,-1000,-1000
05899P,臺股指凱基96售30,0,0,0,0,0,0,0,0,0,-1000,0,0,0,2000,3000,-1000,-1000
056347,GIS凱基9A購01   ,0,0,0,0,0,0,0,0,0,-1000,0,0,0,4000,5000,-1000,-1000
056295,國巨元大97購16  ,0,0,0,0,0,0,0,0,0,-1000,0,0,0,1000,2000,-1000,-1000
055873,聚陽元富97購01  ,0,0,0,0,0,0,0,0,0,-1000,0,0,0,0,1000,-1000,-1000
056776,聯茂元大99購01  ,0,0,0,0,0,0,0,0,0,-1000,0,0,0,10000,11000,-1000,-1000
05548P,臺股指元大96售02,0,0,0,0,0,0,0,0,0,-1000,0,0,0,0,1000,-1000,-1000
056205,貿聯永豐97購01  ,0,0,0,0,0,0,0,0,0,-1000,0,0,0,0,1000,-1000,-1000
056219,T50反1日盛02購01,0,0,0,0,0,0,0,0,0,-1000,0,0,0,0,1000,-1000,-1000
055349,京元電凱基97購02,0,0,0,0,0,0,0,0,0,-1000,0,0,0,0,1000,-1000,-1000
055583,國巨元大97購10  ,0,0,0,0,0,0,0,0,0,-1000,0,0,0,1000,2000,-1000,-1000
05937P,台積電凱基96售21,0,0,0,0,0,0,0,0,0,-1000,0,0,0,0,1000,-1000,-1000
058331,鴻海元富99購02  ,0,0,0,0,0,0,0,0,0,-1000,0,0,0,0,1000,-1000,-1000
058304,鴻海元大99購12  ,0,0,0,0,0,0,0,0,0,-1000,0,0,0,0,1000,-1000,-1000
058723,元石油國泰9A購01,0,0,0,0,0,0,0,0,0,-1000,0,0,0,0,1000,-1000,-1000
058703,台積電元大99購16,0,0,0,0,0,0,0,0,0,-1000,0,0,0,0,1000,-1000,-1000
059059,宏達電凱基99購03,0,0,0,0,0,0,0,0,0,-1000,0,0,0,71000,72000,-1000,-1000
057600,大立光群益99購03,0,0,0,0,0,0,0,0,0,-1000,0,0,0,0,1000,-1000,-1000
057614,華新科元富99購04,0,0,0,0,0,0,0,0,0,-1000,0,0,0,20000,21000,-1000,-1000
059789,貿聯元大9A購02  ,0,0,0,0,0,0,0,0,0,-1000,0,0,0,34000,35000,-1000,-1000
059727,大立光元大9A購01,0,0,0,0,0,0,0,0,0,-1000,0,0,0,8000,9000,-1000,-1000
059708,立積凱基9A購02  ,0,0,0,0,0,0,0,0,0,-1000,0,0,0,0,1000,-1000,-1000
059555,台灣50凱基9A購06,0,0,0,0,0,0,0,0,0,-1000,0,0,0,0,1000,-1000,-1000
05943P,欣興凱基96售03  ,0,0,0,0,0,0,0,0,0,-1000,0,0,0,0,1000,-1000,-1000
056903,大立光元大99購04,0,0,0,0,0,0,0,0,0,-1000,0,0,0,0,1000,-1000,-1000
056976,喬山群益98購01  ,0,0,0,0,0,0,0,0,0,-1000,0,0,0,0,1000,-1000,-1000
057334,技嘉國票98購02  ,0,0,0,0,0,0,0,0,0,-1000,0,0,0,7000,8000,-1000,-1000
05919P,京鼎元大96售03  ,0,0,0,0,0,0,0,0,0,-1000,0,0,0,210000,211000,-1000,-1000
05817P,可成凱基96售07  ,0,0,0,0,0,0,0,0,0,-1000,0,0,0,0,1000,-1000,-1000
05818P,大立光凱基96售14,0,0,0,0,0,0,0,0,0,-1000,0,0,0,1000,2000,-1000,-1000
058203,信邦凱基99購01  ,0,0,0,0,0,0,0,0,0,-1000,0,0,0,1000,2000,-1000,-1000
057120,茂林康和98購01  ,0,0,0,0,0,0,0,0,0,-1000,0,0,0,100000,101000,-1000,-1000
057863,美律凱基9A購01  ,0,0,0,0,0,0,0,0,0,-1000,0,0,0,45000,46000,-1000,-1000
058553,合勤控永豐99購01,0,0,0,0,0,0,0,0,0,-1000,0,0,0,0,1000,-1000,-1000
057260,微星兆豐98購01  ,0,0,0,0,0,0,0,0,0,-1000,0,0,0,40000,41000,-1000,-1000
05932P,鴻海凱基96售16  ,0,0,0,0,0,0,0,0,0,-1000,0,0,0,0,1000,-1000,-1000
057528,南亞科元大99購01,0,0,0,0,0,0,0,0,0,-1000,0,0,0,0,1000,-1000,-1000
057182,禾伸堂元大99購02,0,0,0,0,0,0,0,0,0,-1000,0,0,0,0,1000,-1000,-1000
060364,奇力新元富9A購01,0,0,0,0,0,0,0,0,0,-1000,0,0,0,94000,95000,-1000,-1000
058626,瑞昱國票9A購01  ,0,0,0,0,0,0,0,0,0,-1000,0,0,0,3000,4000,-1000,-1000
060650,奇力新中信9A購01,0,0,0,0,0,0,0,0,0,-1000,0,0,0,1000,2000,-1000,-1000
060594,國巨麥證9A購01  ,0,0,0,0,1000,-1000,0,0,0,-1000,0,0,0,0,1000,-1000,-1000
060536,祥碩麥證9A購01  ,0,0,0,0,1000,-1000,0,0,0,-1000,0,0,0,0,1000,-1000,-1000
2630,亞航            ,0,1000,-1000,0,0,0,0,0,0,0,0,0,0,0,0,0,-1000
2882B,國泰金乙特      ,0,0,0,0,0,0,0,0,0,-1000,2000,3000,-1000,0,0,0,-1000
2904,匯僑            ,3000,4000,-1000,0,0,0,0,0,0,0,0,0,0,0,0,0,-1000
2358,廷鑫            ,0,7000,-7000,0,0,0,0,0,0,6000,6000,0,6000,0,0,0,-1000
2438,翔耀            ,0,1000,-1000,0,0,0,0,0,0,0,0,0,0,0,0,0,-1000
6464,台數科          ,2000,3000,-1000,0,0,0,0,0,0,0,0,0,0,0,0,0,-1000
5538,東明-KY         ,0,0,0,0,0,0,0,1000,-1000,0,0,0,0,0,0,0,-1000
4571,鈞興-KY         ,1000,2000,-1000,0,0,0,0,0,0,0,0,0,0,0,0,0,-1000
4572,駐龍            ,14000,15000,-1000,0,0,0,0,0,0,0,0,0,0,0,0,0,-1000
3543,州巧            ,0,1000,-1000,0,0,0,0,0,0,0,0,0,0,0,0,0,-1000
8114,振樺電          ,2000,3000,-1000,0,0,0,0,0,0,0,0,0,0,0,0,0,-1000
8463,潤泰材          ,13000,14000,-1000,0,0,0,0,0,0,0,0,0,0,0,0,0,-1000
8466,美吉吉-KY       ,0,1000,-1000,0,0,0,0,0,0,0,0,0,0,0,0,0,-1000
8480,泰昇-KY         ,5000,6000,-1000,0,0,0,0,0,0,0,0,0,0,0,0,0,-1000
9912,偉聯            ,0,1000,-1000,0,0,0,0,0,0,0,0,0,0,0,0,0,-1000
9937,全國            ,0,1000,-1000,0,0,0,0,0,0,0,0,0,0,0,0,0,-1000
07548P,台灣50元大9A售12,0,0,0,0,0,0,0,0,0,-1000,0,0,0,0,1000,-1000,-1000
07517P,台積電元大9A售17,0,0,0,0,0,0,0,0,0,-1000,0,0,0,0,1000,-1000,-1000
07602P,台積電統一9A售07,0,0,0,0,0,0,0,0,0,-1000,0,0,0,0,1000,-1000,-1000
07608P,台灣50國票9C售03,0,0,0,0,0,0,0,0,0,-1000,0,0,0,0,1000,-1000,-1000
07609P,台灣50國票9C售04,0,0,0,0,0,0,0,0,0,-1000,0,0,0,0,1000,-1000,-1000
07373P,A50正2元大99售01,0,0,0,0,0,0,0,0,0,-1000,0,0,0,0,1000,-1000,-1000
07400P,國巨凱基99售20  ,0,0,0,0,0,0,0,0,0,-1000,0,0,0,0,1000,-1000,-1000
07444P,聯發科凱基9A售10,0,0,0,0,0,0,0,0,0,-1000,0,0,0,0,1000,-1000,-1000
07142P,台灣50元大01售01,0,0,0,0,0,0,0,0,0,-1000,0,0,0,0,1000,-1000,-1000
07178P,臺股指凱基99售20,0,0,0,0,0,0,0,0,0,-1000,0,0,0,0,1000,-1000,-1000
07292P,臺股指凱基99售44,0,0,0,0,0,0,0,0,0,-1000,0,0,0,63000,64000,-1000,-1000
07284P,大立光凱基99售10,0,0,0,0,0,0,0,0,0,-1000,0,0,0,7000,8000,-1000,-1000
07251P,台灣50元富01售04,0,0,0,0,0,0,0,0,0,-1000,0,0,0,0,1000,-1000,-1000
07211P,南亞科凱基99售05,0,0,0,0,0,0,0,0,0,-1000,0,0,0,0,1000,-1000,-1000
06718P,聯詠元大98售01  ,0,0,0,0,0,0,0,0,0,-1000,0,0,0,0,1000,-1000,-1000
06688P,鴻海中信02售01  ,0,0,0,0,0,0,0,0,0,-1000,0,0,0,1000,2000,-1000,-1000
06615P,鴻海元大9C售02  ,0,0,0,0,0,0,0,0,0,-1000,0,0,0,0,1000,-1000,-1000
06496P,台灣50日盛98售01,0,0,0,0,0,0,0,0,0,-1000,0,0,0,0,1000,-1000,-1000
06501P,臺股指元大9A售06,0,0,0,0,0,0,0,0,0,-1000,0,0,0,0,1000,-1000,-1000
06470P,臺股指凱基99售10,0,0,0,0,0,0,0,0,0,-1000,0,0,0,0,1000,-1000,-1000
06922P,元上證群益9C售01,0,0,0,0,0,0,0,0,0,-1000,0,0,0,0,1000,-1000,-1000
06931P,大立光元大98售20,0,0,0,0,0,0,0,0,0,-1000,0,0,0,0,1000,-1000,-1000
08038P,臺股指群益9B售11,0,0,0,0,0,0,0,0,0,-1000,0,0,0,0,1000,-1000,-1000
07991P,鴻海群益9C售02  ,0,0,0,0,0,0,0,0,0,-1000,0,0,0,0,1000,-1000,-1000
07847P,國巨群益9A售13  ,0,0,0,0,0,0,0,0,0,-1000,0,0,0,0,1000,-1000,-1000
07792P,牧德元大9A售04  ,0,0,0,0,0,0,0,0,0,-1000,0,0,0,0,1000,-1000,-1000
07702P,台積電中信9A售06,0,0,0,0,0,0,0,0,0,-1000,0,0,0,0,1000,-1000,-1000
07722P,玉晶光凱基9A售10,0,0,0,0,0,0,0,0,0,-1000,0,0,0,0,1000,-1000,-1000
2010,春源            ,113000,114000,-1000,0,0,0,0,0,0,0,0,0,0,0,0,0,-1000
2033,佳大            ,0,1000,-1000,0,0,0,0,0,0,0,0,0,0,0,0,0,-1000
08171P,嘉澤國票9C售01  ,0,0,0,0,0,0,0,0,0,-1000,0,0,0,0,1000,-1000,-1000
1468,昶和            ,1000,2000,-1000,0,0,0,0,0,0,0,0,0,0,0,0,0,-1000
1441,大東            ,0,1000,-1000,0,0,0,0,0,0,0,0,0,0,0,0,0,-1000
063293,億豐元大9B購01  ,0,0,0,0,0,0,0,0,0,-2000,0,0,0,0,2000,-2000,-2000
062994,祥碩群益9B購05  ,0,0,0,0,0,0,0,0,0,-2000,0,0,0,3000,5000,-2000,-2000
062824,國巨群益9C購03  ,0,0,0,0,0,0,0,0,0,-2000,0,0,0,0,2000,-2000,-2000
062447,華擎元大9C購01  ,0,0,0,0,0,0,0,0,0,-2000,0,0,0,2000,4000,-2000,-2000
062176,元金2X元大9B購01,0,0,0,0,0,0,0,0,0,-2000,0,0,0,0,2000,-2000,-2000
062162,世紀鋼凱基9B購03,0,0,0,0,0,0,0,0,0,-2000,0,0,0,7000,9000,-2000,-2000
062603,台化凱基9B購01  ,0,0,0,0,0,0,0,0,0,-2000,0,0,0,98000,100000,-2000,-2000
061230,臺指反元大01購04,0,0,0,0,0,0,0,0,0,-2000,0,0,0,0,2000,-2000,-2000
061160,瑞祺群益9A購01  ,0,0,0,0,0,0,0,0,0,-2000,0,0,0,11000,13000,-2000,-2000
060857,旭富富邦9B購01  ,0,0,0,0,0,0,0,0,0,-2000,0,0,0,113000,115000,-2000,-2000
060834,道瓊反國票9C購01,0,0,0,0,0,0,0,0,0,-2000,0,0,0,0,2000,-2000,-2000
062066,元黃金元大9B購01,0,0,0,0,0,0,0,0,0,-2000,0,0,0,0,2000,-2000,-2000
061760,臺指反元大01購06,0,0,0,0,0,0,0,0,0,-2000,0,0,0,0,2000,-2000,-2000
061780,國巨群益9C購01  ,0,0,0,0,0,0,0,0,0,-2000,0,0,0,24000,26000,-2000,-2000
061766,華新科元大9B購02,0,0,0,0,0,0,0,0,0,-2000,0,0,0,12000,14000,-2000,-2000
061546,大立光群益9A購05,0,0,0,0,0,0,0,0,0,-2000,0,0,0,3000,5000,-2000,-2000
054718,可成永豐97購01  ,0,0,0,0,0,0,0,0,0,-2000,0,0,0,0,2000,-2000,-2000
055813,聯發科國票98購04,0,0,0,0,0,0,0,0,0,-2000,0,0,0,14000,16000,-2000,-2000
056351,鴻海元大98購06  ,0,0,0,0,0,0,0,0,0,-2000,0,0,0,0,2000,-2000,-2000
059018,滬深2X統一9A購01,0,0,0,0,0,0,0,0,0,-2000,0,0,0,19000,21000,-2000,-2000
059015,華通元富99購02  ,0,0,0,0,0,0,0,0,0,-2000,0,0,0,11000,13000,-2000,-2000
059049,元油2X凱基9A購12,0,0,0,0,0,0,0,0,0,-2000,0,0,0,0,2000,-2000,-2000
058912,祥碩元大99購01  ,0,0,0,0,0,0,0,0,0,-2000,0,0,0,0,2000,-2000,-2000
058913,元油2X元富01購01,0,0,0,0,0,0,0,0,0,-2000,0,0,0,0,2000,-2000,-2000
059204,台灣50元大01購02,0,0,0,0,0,0,0,0,0,-2000,0,0,0,0,2000,-2000,-2000
059078,FBVIX元大99購06 ,0,0,0,0,0,0,0,0,0,-2000,0,0,0,0,2000,-2000,-2000
055973,亞德客統一97購01,0,0,0,0,0,0,0,0,0,-2000,0,0,0,8000,10000,-2000,-2000
055904,貿聯亞東99購01  ,0,0,0,0,0,0,0,0,0,-2000,0,0,0,0,2000,-2000,-2000
053643,漢唐國票97購02  ,0,0,0,0,0,0,0,0,0,-2000,0,0,0,0,2000,-2000,-2000
051865,聯發科凱基96購04,0,0,0,0,0,0,0,0,0,-2000,0,0,0,4000,6000,-2000,-2000
052927,友達元大98購02  ,0,0,0,0,0,0,0,0,0,-2000,0,0,0,0,2000,-2000,-2000
052795,健策兆豐97購01  ,0,0,0,0,0,0,0,0,0,-2000,0,0,0,101000,103000,-2000,-2000
053088,奇鋐元大98購01  ,0,0,0,0,0,0,0,0,0,-2000,0,0,0,0,2000,-2000,-2000
053320,華新科群益97購01,0,0,0,0,0,0,0,0,0,-2000,0,0,0,18000,20000,-2000,-2000
053621,臺股指群益96購07,0,0,0,0,0,0,0,0,0,-2000,0,0,0,0,2000,-2000,-2000
053628,微星兆豐96購01  ,0,0,0,0,0,0,0,0,0,-2000,0,0,0,0,2000,-2000,-2000
03674C,臺股指元富9C牛02,0,0,0,0,0,0,0,0,0,-2000,0,0,0,2000,4000,-2000,-2000
03875P,滬深2X國票05售01,0,0,0,0,0,0,0,0,0,-2000,0,0,0,0,2000,-2000,-2000
039212,台達電台新9A購01,0,0,0,0,0,0,0,0,0,-2000,0,0,0,0,2000,-2000,-2000
03029X,元展26          ,0,0,0,0,0,0,0,0,0,-2000,0,0,0,0,2000,-2000,-2000
03444B,臺股指元大9C熊02,0,0,0,0,0,0,0,0,0,-2000,0,0,0,0,2000,-2000,-2000
03424B,臺股指元大96熊26,0,0,0,0,0,0,0,0,0,-2000,0,0,0,0,2000,-2000,-2000
048270,T50反1富邦99購01,0,0,0,0,0,0,0,0,0,-2000,0,0,0,0,2000,-2000,-2000
060679,聯詠元大9A購04  ,0,0,0,0,0,0,0,0,0,-2000,0,0,0,69000,71000,-2000,-2000
058828,大毅永豐99購01  ,0,0,0,0,0,0,0,0,0,-2000,0,0,0,10000,12000,-2000,-2000
057901,大立光永豐98購04,0,0,0,0,0,0,0,0,0,-2000,0,0,0,0,2000,-2000,-2000
060368,緯穎元富9A購03  ,0,0,0,0,0,0,0,0,0,-2000,0,0,0,0,2000,-2000,-2000
060306,台肥永豐9A購01  ,0,0,0,0,0,0,0,0,0,-2000,0,0,0,10000,12000,-2000,-2000
057230,建準凱基98購02  ,0,0,0,0,0,0,0,0,0,-2000,0,0,0,10000,12000,-2000,-2000
057280,大立光元大98購15,0,0,0,0,0,0,0,0,0,-2000,0,0,0,0,2000,-2000,-2000
058445,旺宏富邦9C購01  ,0,0,0,0,0,0,0,0,0,-2000,0,0,0,13000,15000,-2000,-2000
057795,鴻海兆豐99購02  ,0,0,0,0,0,0,0,0,0,-2000,0,0,0,3000,5000,-2000,-2000
058544,FBVIX富邦9B購01 ,0,0,0,0,0,0,0,0,0,-2000,0,0,0,36000,38000,-2000,-2000
058187,泰碩永豐99購01  ,0,0,0,0,0,0,0,0,0,-2000,0,0,0,10000,12000,-2000,-2000
057308,同欣電兆豐99購01,0,0,0,0,0,0,0,0,0,-2000,0,0,0,8000,10000,-2000,-2000
05762P,昇陽半永豐96售04,0,0,0,0,0,0,0,0,0,-2000,0,0,0,0,2000,-2000,-2000
058368,奇鋐凱基9A購01  ,0,0,0,0,0,0,0,0,0,-2000,0,0,0,0,2000,-2000,-2000
060104,新日興元大99購03,0,0,0,0,0,0,0,0,0,-2000,0,0,0,69000,71000,-2000,-2000
059923,緯穎元大99購09  ,0,0,0,0,0,0,0,0,0,-2000,0,0,0,48000,50000,-2000,-2000
05970P,超眾永豐96售03  ,0,0,0,0,0,0,0,0,0,-2000,0,0,0,2000,4000,-2000,-2000
059661,大立光元大99購22,0,0,0,0,0,0,0,0,0,-2000,0,0,0,8000,10000,-2000,-2000
059662,旭富元大9C購01  ,0,0,0,0,0,0,0,0,0,-2000,0,0,0,27000,29000,-2000,-2000
059769,滬深2X群益9C購01,0,0,0,0,0,0,0,0,0,-2000,0,0,0,0,2000,-2000,-2000
059844,大立光富邦9C購04,0,0,0,0,0,0,0,0,0,-2000,0,0,0,100000,102000,-2000,-2000
058318,致茂永豐9A購01  ,0,0,0,0,0,0,0,0,0,-2000,0,0,0,64000,66000,-2000,-2000
059334,A50正2國票9A購02,0,0,0,0,0,0,0,0,0,-2000,0,0,0,0,2000,-2000,-2000
1233,天仁            ,0,2000,-2000,0,0,0,0,0,0,0,0,0,0,0,0,0,-2000
1413,宏洲            ,0,2000,-2000,0,0,0,0,0,0,0,0,0,0,0,0,0,-2000
08087P,聯發科凱基9B售12,0,0,0,0,0,0,0,0,0,-2000,0,0,0,6000,8000,-2000,-2000
08088P,義隆凱基9B售03  ,0,0,0,0,0,0,0,0,0,-2000,0,0,0,0,2000,-2000,-2000
2115,六暉-KY         ,0,2000,-2000,0,0,0,0,0,0,0,0,0,0,0,0,0,-2000
1776,展宇            ,0,2000,-2000,0,0,0,0,0,0,0,0,0,0,0,0,0,-2000
1521,大億            ,2000,4000,-2000,0,0,0,0,0,0,0,0,0,0,0,0,0,-2000
1727,中華化          ,0,2000,-2000,0,0,0,0,0,0,0,0,0,0,0,0,0,-2000
1626,艾美特-KY       ,5000,7000,-2000,0,0,0,0,0,0,0,0,0,0,0,0,0,-2000
07665P,台灣50元大9C售31,0,0,0,0,0,0,0,0,0,-2000,0,0,0,0,2000,-2000,-2000
08002P,大毅國票9B售03  ,0,0,0,0,0,0,0,0,0,-2000,0,0,0,44000,46000,-2000,-2000
07925P,台積電凱基9B售05,0,0,0,0,0,0,0,0,0,-2000,0,0,0,0,2000,-2000,-2000
07912P,玉晶光統一9B售02,0,0,0,0,0,0,0,0,0,-2000,0,0,0,0,2000,-2000,-2000
06804P,臺股指群益98售10,0,0,0,0,0,0,0,0,0,-2000,0,0,0,0,2000,-2000,-2000
06883P,聯茂群益98售03  ,0,0,0,0,0,0,0,0,0,-2000,0,0,0,0,2000,-2000,-2000
06833P,矽力群益99售01  ,0,0,0,0,0,0,0,0,0,-2000,0,0,0,0,2000,-2000,-2000
06588P,台積電元大98售11,0,0,0,0,0,0,0,0,0,-2000,0,0,0,0,2000,-2000,-2000
06592P,欣興元大98售04  ,0,0,0,0,0,0,0,0,0,-2000,0,0,0,0,2000,-2000,-2000
06691P,臺股指群益9C售05,0,0,0,0,0,0,0,0,0,-2000,0,0,0,4000,6000,-2000,-2000
06658P,台灣50富邦9C售01,0,0,0,0,0,0,0,0,0,-2000,0,0,0,0,2000,-2000,-2000
07306P,台灣50凱基9A售09,0,0,0,0,0,0,0,0,0,-2000,0,0,0,0,2000,-2000,-2000
07433P,臺股指國票9A售05,0,0,0,0,0,0,0,0,0,-2000,0,0,0,4000,6000,-2000,-2000
07545P,玉晶光凱基9A售07,0,0,0,0,0,0,0,0,0,-2000,0,0,0,0,2000,-2000,-2000
8478,東哥遊艇        ,2000,4000,-2000,0,0,0,0,0,0,0,0,0,0,0,0,0,-2000
8488,吉源-KY         ,2000,4000,-2000,0,0,0,0,0,0,0,0,0,0,0,0,0,-2000
6674,鋐寶科技        ,4000,6000,-2000,0,0,0,0,0,0,0,0,0,0,0,0,0,-2000
3494,誠研            ,0,2000,-2000,0,0,0,0,0,0,0,0,0,0,0,0,0,-2000
3296,勝德            ,0,4000,-4000,0,0,0,0,0,0,2000,3000,1000,2000,0,0,0,-2000
4557,永新-KY         ,0,2000,-2000,0,0,0,0,0,0,0,0,0,0,0,0,0,-2000
3701,大眾控          ,0,2000,-2000,0,0,0,0,0,0,0,0,0,0,0,0,0,-2000
6117,迎廣            ,1000,3000,-2000,0,0,0,0,0,0,0,0,0,0,0,0,0,-2000
6442,光聖            ,0,2000,-2000,0,0,0,0,0,0,0,0,0,0,0,0,0,-2000
6625,必應            ,0,2000,-2000,0,0,0,0,0,0,0,0,0,0,0,0,0,-2000
6243,迅杰            ,0,2000,-2000,0,0,0,0,0,0,0,0,0,0,0,0,0,-2000
2462,良得電          ,5000,7000,-2000,0,0,0,0,0,0,0,0,0,0,0,0,0,-2000
2243,宏旭-KY         ,0,2000,-2000,0,0,0,0,0,0,0,0,0,0,0,0,0,-2000
3025,星通            ,4000,6000,-2000,0,0,0,0,0,0,0,0,0,0,0,0,0,-2000
2701,萬企            ,21000,23000,-2000,0,0,0,0,0,0,0,0,0,0,0,0,0,-2000
061564,華擎國票9A購02  ,0,0,0,0,0,0,0,0,0,-3000,0,0,0,4000,7000,-3000,-3000
061513,華新科永豐9A購04,0,0,0,0,0,0,0,0,0,-3000,0,0,0,5000,8000,-3000,-3000
061441,大毅永豐9A購04  ,0,0,0,0,0,0,0,0,0,-3000,0,0,0,0,3000,-3000,-3000
061621,健策群益9A購05  ,0,0,0,0,0,0,0,0,0,-3000,0,0,0,186000,189000,-3000,-3000
061673,仁寶元大9B購01  ,0,0,0,0,0,0,0,0,0,-3000,0,0,0,265000,268000,-3000,-3000
061799,奇鋐永豐9B購01  ,0,0,0,0,0,0,0,0,0,-3000,0,0,0,0,3000,-3000,-3000
060758,台積電元大9A購19,0,0,0,0,0,0,0,0,0,-3000,0,0,0,49000,52000,-3000,-3000
061088,國巨統一9C購05  ,0,0,0,0,0,0,0,0,0,-3000,0,0,0,0,3000,-3000,-3000
06120P,大立光凱基98售05,0,0,0,0,0,0,0,0,0,-3000,0,0,0,0,3000,-3000,-3000
061298,華新科富邦01購02,0,0,0,0,0,0,0,0,0,-3000,0,0,0,0,3000,-3000,-3000
061264,全新凱基9B購01  ,0,0,0,0,0,0,0,0,0,-3000,0,0,0,2000,5000,-3000,-3000
062618,祥碩元大9B購04  ,0,0,0,0,0,0,0,0,0,-3000,0,0,0,0,3000,-3000,-3000
062393,智邦富邦9B購01  ,0,0,0,0,0,0,0,0,0,-3000,0,0,0,27000,30000,-3000,-3000
062825,聯發科群益9B購08,0,0,0,0,0,0,0,0,0,-3000,0,0,0,5000,8000,-3000,-3000
06284P,台積電國票98售03,0,0,0,0,0,0,0,0,0,-3000,0,0,0,0,3000,-3000,-3000
063329,健策國票9C購01  ,0,0,0,0,0,0,0,0,0,-3000,0,0,0,0,3000,-3000,-3000
063271,中磊兆豐9C購01  ,0,0,0,0,0,0,0,0,0,-3000,0,0,0,0,3000,-3000,-3000
063429,南電凱基01購01  ,0,0,0,0,0,0,0,0,0,-3000,0,0,0,0,3000,-3000,-3000
063435,儒鴻統一01購02  ,0,0,0,0,0,0,0,0,0,-3000,0,0,0,0,3000,-3000,-3000
063437,聚陽統一01購01  ,0,0,0,0,0,0,0,0,0,-3000,0,0,0,0,3000,-3000,-3000
04854P,鴻海國泰96售04  ,0,0,0,0,0,0,0,0,0,-3000,0,0,0,0,3000,-3000,-3000
051101,台表科元大96購02,0,0,0,0,0,0,0,0,0,-3000,0,0,0,0,3000,-3000,-3000
00763U,街口道瓊銅      ,0,0,0,0,0,0,0,0,0,-3000,0,0,0,33000,36000,-3000,-3000
00641R,富邦日本反1     ,17000,10000,7000,0,0,0,0,0,0,-10000,0,0,0,251000,261000,-10000,-3000
006203,元大MSCI台灣    ,0,1000,-1000,0,0,0,0,0,0,-2000,0,0,0,456000,458000,-2000,-3000
0051,元大中型100     ,0,0,0,0,0,0,0,0,0,-3000,0,0,0,215000,218000,-3000,-3000
00678,群益NBI生技     ,0,0,0,0,0,0,0,0,0,-3000,0,0,0,315000,318000,-3000,-3000
046476,鴻海統一96購01  ,0,0,0,0,0,0,0,0,0,-3000,0,0,0,31000,34000,-3000,-3000
051795,T50反1台新05購02,0,0,0,0,0,0,0,0,0,-3000,0,0,0,8000,11000,-3000,-3000
056682,鴻海統一98購10  ,0,0,0,0,0,0,0,0,0,-3000,0,0,0,35000,38000,-3000,-3000
056621,宏達電永豐98購01,0,0,0,0,0,0,0,0,0,-3000,0,0,0,4000,7000,-3000,-3000
056623,禾伸堂永豐98購01,0,0,0,0,0,0,0,0,0,-3000,0,0,0,7000,10000,-3000,-3000
055716,致茂元大97購01  ,0,0,0,0,0,0,0,0,0,-3000,0,0,0,65000,68000,-3000,-3000
056011,矽力中信99購01  ,0,0,0,0,0,0,0,0,0,-3000,0,0,0,0,3000,-3000,-3000
059219,旺宏元大99購12  ,0,0,0,0,0,0,0,0,0,-3000,0,0,0,7000,10000,-3000,-3000
059014,SGBR2X元富03購01,0,0,0,0,0,0,0,0,0,-3000,0,0,0,0,3000,-3000,-3000
054640,健策中信9B購01  ,0,0,0,0,0,0,0,0,0,-3000,0,0,0,363000,366000,-3000,-3000
058314,欣興富邦9B購01  ,0,0,0,0,0,0,0,0,0,-3000,0,0,0,0,3000,-3000,-3000
059782,A50正2元大9C購04,0,0,0,0,0,0,0,0,0,-3000,0,0,0,27000,30000,-3000,-3000
059538,健策凱基99購03  ,0,0,0,0,0,0,0,0,0,-3000,0,0,0,83000,86000,-3000,-3000
060221,大立光凱基9A購07,0,0,0,0,0,0,0,0,0,-3000,0,0,0,0,3000,-3000,-3000
057682,台積電日盛9A購03,0,0,0,0,0,0,0,0,0,-3000,0,0,0,0,3000,-3000,-3000
057669,嘉晶元大99購03  ,0,0,0,0,0,0,0,0,0,-3000,0,0,0,0,3000,-3000,-3000
057335,技嘉國票99購01  ,0,0,0,0,0,0,0,0,0,-3000,0,0,0,37000,40000,-3000,-3000
057365,智邦元大98購07  ,0,0,0,0,0,0,0,0,0,-3000,0,0,0,8000,11000,-3000,-3000
057834,聯發科元富02購07,0,0,0,0,0,0,0,0,0,-3000,0,0,0,0,3000,-3000,-3000
057794,T50反1兆豐99購02,0,0,0,0,0,0,0,0,0,-3000,0,0,0,7000,10000,-3000,-3000
058443,T50正2富邦01購01,0,0,0,0,0,0,0,0,0,-3000,0,0,0,0,3000,-3000,-3000
057086,立積統一9C購01  ,0,0,0,0,0,0,0,0,0,-3000,0,0,0,0,3000,-3000,-3000
057269,鈺齊兆豐98購01  ,0,0,0,0,0,0,0,0,0,-3000,0,0,0,0,3000,-3000,-3000
057240,茂林凱基9A購01  ,0,0,0,0,0,0,0,0,0,-3000,0,0,0,257000,260000,-3000,-3000
060334,群光康和9A購01  ,0,0,0,0,0,0,0,0,0,-3000,0,0,0,38000,41000,-3000,-3000
057896,嘉晶元富98購01  ,0,0,0,0,0,0,0,0,0,-3000,0,0,0,0,3000,-3000,-3000
058658,瑞儀中信99購01  ,0,0,0,0,0,0,0,0,0,-3000,0,0,0,50000,53000,-3000,-3000
058637,晶技兆豐99購01  ,0,0,0,0,0,0,0,0,0,-3000,0,0,0,206000,209000,-3000,-3000
060682,牧德元大9A購03  ,0,0,0,0,0,0,0,0,0,-3000,0,0,0,86000,89000,-3000,-3000
060539,道瓊反凱基9A購01,0,0,0,0,0,0,0,0,0,-3000,0,0,0,6000,9000,-3000,-3000
060519,S&P500中信01購01,0,0,0,0,0,0,0,0,0,-3000,0,0,0,0,3000,-3000,-3000
060449,元金2X元大9A購02,0,0,0,0,0,0,0,0,0,-3000,0,0,0,20000,23000,-3000,-3000
6579,研揚            ,0,3000,-3000,0,0,0,0,0,0,0,0,0,0,0,0,0,-3000
3054,立萬利          ,0,3000,-3000,0,0,0,0,0,0,0,0,0,0,0,0,0,-3000
3528,安馳            ,0,3000,-3000,0,0,0,0,0,0,0,0,0,0,0,0,0,-3000
9931,欣高            ,0,3000,-3000,0,0,0,0,0,0,0,0,0,0,0,0,0,-3000
9918,欣天然          ,0,3000,-3000,0,0,0,0,0,0,0,0,0,0,0,0,0,-3000
07537P,玉晶光元富9A售04,0,0,0,0,0,0,0,0,0,-3000,0,0,0,7000,10000,-3000,-3000
07283P,華新科凱基99售07,0,0,0,0,0,0,0,0,0,-3000,0,0,0,1000,4000,-3000,-3000
07104P,聯發科元富99售04,0,0,0,0,0,0,0,0,0,-3000,0,0,0,0,3000,-3000,-3000
07084P,S&P正2元富9B售02,0,0,0,0,0,0,0,0,0,-3000,0,0,0,0,3000,-3000,-3000
06888P,日月光元大98售02,0,0,0,0,0,0,0,0,0,-3000,0,0,0,15000,18000,-3000,-3000
07880P,可成群益9B售05  ,0,0,0,0,0,0,0,0,0,-3000,0,0,0,0,3000,-3000,-3000
07852P,臺股指國票9A售13,0,0,0,0,0,0,0,0,0,-3000,0,0,0,0,3000,-3000,-3000
1533,車王電          ,5000,8000,-3000,0,0,0,0,0,0,0,0,0,0,0,0,0,-3000
2028,威致            ,0,7000,-7000,0,0,0,0,0,0,4000,4000,0,4000,0,0,0,-3000
08112P,臺股指中信01售07,0,0,0,0,0,0,0,0,0,-3000,0,0,0,0,3000,-3000,-3000
08183P,聯發科永豐9B售04,0,0,0,0,0,0,0,0,0,-3000,0,0,0,0,3000,-3000,-3000
1337,再生-KY         ,18000,21000,-3000,0,0,0,0,0,0,0,0,0,0,0,0,0,-3000
3518,柏騰            ,175000,178191,-3191,0,0,0,0,0,0,0,0,0,0,0,0,0,-3191
063160,牧德富邦9C購02  ,0,0,0,0,0,0,0,0,0,-4000,0,0,0,0,4000,-4000,-4000
062864,臺股指國票9B購21,0,0,0,0,0,0,0,0,0,-4000,0,0,0,0,4000,-4000,-4000
062860,華擎國票9B購02  ,0,0,0,0,0,0,0,0,0,-4000,0,0,0,6000,10000,-4000,-4000
062441,華新科元大9C購01,0,0,0,0,0,0,0,0,0,-4000,0,0,0,0,4000,-4000,-4000
062180,瑞昱元大9B購03  ,0,0,0,0,0,0,0,0,0,-4000,0,0,0,43000,47000,-4000,-4000
062510,台積電國票01購01,0,0,0,0,0,0,0,0,0,-4000,0,0,0,1000,5000,-4000,-4000
062525,鴻海統一9C購10  ,0,0,0,0,0,0,0,0,0,-4000,0,0,0,20000,24000,-4000,-4000
062504,旭富群益9B購02  ,0,0,0,0,0,0,0,0,0,-4000,0,0,0,81000,85000,-4000,-4000
062731,力成凱基9B購02  ,0,0,0,0,0,0,0,0,0,-4000,0,0,0,32000,36000,-4000,-4000
061871,瑞昱元大9B購01  ,0,0,0,0,0,0,0,0,0,-4000,0,0,0,49000,53000,-4000,-4000
05563P,台積電元大97售07,0,0,0,0,0,0,0,0,0,-4000,0,0,0,0,4000,-4000,-4000
054738,聯發科凱基97購01,0,0,0,0,0,0,0,0,0,-4000,0,0,0,10000,14000,-4000,-4000
055409,元黃金富邦01購01,0,0,0,0,0,0,0,0,0,-4000,0,0,0,0,4000,-4000,-4000
059035,旺宏群益99購06  ,0,0,0,0,0,0,0,0,0,-4000,0,0,0,0,4000,-4000,-4000
058940,聯發科中信9A購03,0,0,0,0,0,0,0,0,0,-4000,0,0,0,7000,11000,-4000,-4000
059490,國巨國票99購09  ,0,0,0,0,0,0,0,0,0,-4000,0,0,0,0,4000,-4000,-4000
055251,華新科統一99購01,0,0,0,0,0,0,0,0,0,-4000,0,0,0,0,4000,-4000,-4000
054811,裕隆元大9A購01  ,0,0,0,0,0,0,0,0,0,-4000,0,0,0,16000,20000,-4000,-4000
055707,聯鈞永豐98購01  ,0,0,0,0,0,0,0,0,0,-4000,0,0,0,20000,24000,-4000,-4000
054378,楠梓電群益98購01,0,0,0,0,0,0,0,0,0,-4000,0,0,0,76000,80000,-4000,-4000
052133,華邦電凱基9B購01,0,0,0,0,0,0,0,0,0,-4000,0,0,0,0,4000,-4000,-4000
052948,景碩國票97購02  ,0,0,0,0,0,0,0,0,0,-4000,0,0,0,0,4000,-4000,-4000
052969,建準群益97購01  ,0,0,0,0,0,0,0,0,0,-4000,0,0,0,46000,50000,-4000,-4000
03430B,臺股指元大9B熊01,0,0,0,0,0,0,0,0,0,-4000,0,0,0,0,4000,-4000,-4000
03013X,元展13          ,0,0,0,0,0,0,0,0,0,-4000,0,0,0,0,4000,-4000,-4000
042793,台積電台新9C購01,0,0,0,0,0,0,0,0,0,-4000,0,0,0,0,4000,-4000,-4000
054298,台表科元大97購03,0,0,0,0,0,0,0,0,0,-4000,0,0,0,24000,28000,-4000,-4000
060619,玉晶光元大9A購03,0,0,0,0,0,0,0,0,0,-4000,0,0,0,10000,14000,-4000,-4000
058663,瑞儀兆豐9A購01  ,0,0,0,0,0,0,0,0,0,-4000,0,0,0,137000,141000,-4000,-4000
058593,大立光統一9B購02,0,0,0,0,0,0,0,0,0,-4000,0,0,0,0,4000,-4000,-4000
057957,嘉晶元大98購01  ,0,0,0,0,0,0,0,0,0,-4000,0,0,0,8000,12000,-4000,-4000
058482,祥碩凱基99購02  ,0,0,0,0,0,0,0,0,0,-4000,0,0,0,6000,10000,-4000,-4000
058552,欣興永豐99購01  ,0,0,0,0,0,0,0,0,0,-4000,0,0,0,0,4000,-4000,-4000
058224,世芯統一9B購02  ,0,0,0,0,0,0,0,0,0,-4000,0,0,0,0,4000,-4000,-4000
058372,欣興凱基99購03  ,0,0,0,0,0,0,0,0,0,-4000,0,0,0,1000,5000,-4000,-4000
058375,群創凱基9B購04  ,0,0,0,0,0,0,0,0,0,-4000,0,0,0,40000,44000,-4000,-4000
058411,技嘉兆豐99購01  ,0,0,0,0,0,0,0,0,0,-4000,0,0,0,0,4000,-4000,-4000
060065,大立光兆豐9B購01,0,0,0,0,0,0,0,0,0,-4000,0,0,0,1000,5000,-4000,-4000
060146,健策國票9A購03  ,0,0,0,0,0,0,0,0,0,-4000,0,0,0,107000,111000,-4000,-4000
059475,元石油群益99購02,0,0,0,0,0,0,0,0,0,-4000,0,0,0,0,4000,-4000,-4000
059532,華新科凱基9B購03,0,0,0,0,0,0,0,0,0,-4000,0,0,0,0,4000,-4000,-4000
060193,群創元富9A購01  ,0,0,0,0,0,0,0,0,0,-4000,0,0,0,92000,96000,-4000,-4000
059704,聯發科凱基9A購08,0,0,0,0,0,0,0,0,0,-4000,0,0,0,0,4000,-4000,-4000
4439,冠星-KY         ,0,4000,-4000,0,0,0,0,0,0,0,0,0,0,0,0,0,-4000
4545,銘鈺            ,6000,10000,-4000,0,0,0,0,0,0,0,0,0,0,0,0,0,-4000
6183,關貿            ,2000,6000,-4000,0,0,0,0,0,0,0,0,0,0,0,0,0,-4000
6152,百一            ,0,4000,-4000,0,0,0,0,0,0,0,0,0,0,0,0,0,-4000
6108,競國            ,40000,44000,-4000,0,0,0,0,0,0,0,0,0,0,0,0,0,-4000
2722,夏都            ,0,4000,-4000,0,0,0,0,0,0,0,0,0,0,0,0,0,-4000
2910,統領            ,1000,5000,-4000,0,0,0,0,0,0,0,0,0,0,0,0,0,-4000
2233,宇隆            ,53000,16000,37000,0,0,0,0,0,0,-41000,2000,43000,-41000,0,0,0,-4000
1338,廣華-KY         ,140000,144000,-4000,0,0,0,0,0,0,0,0,0,0,0,0,0,-4000
1432,大魯閣          ,0,4000,-4000,0,0,0,0,0,0,0,0,0,0,0,0,0,-4000
08149P,祥碩群益9B售07  ,0,0,0,0,0,0,0,0,0,-4000,0,0,0,0,4000,-4000,-4000
08144P,臺股指凱基02售03,0,0,0,0,0,0,0,0,0,-4000,0,0,0,0,4000,-4000,-4000
07687P,上銀元大9A售06  ,0,0,0,0,0,0,0,0,0,-4000,0,0,0,0,4000,-4000,-4000
07015P,國巨元大99售13  ,0,0,0,0,0,0,0,0,0,-4000,0,0,0,21000,25000,-4000,-4000
07487P,鴻海國票9A售01  ,0,0,0,0,0,0,0,0,0,-4000,0,0,0,0,4000,-4000,-4000
6666,羅麗芬-KY       ,579,5000,-4421,0,0,0,0,0,0,0,0,0,0,0,0,0,-4421
061916,元金2X凱基02購01,0,0,0,0,0,0,0,0,0,-5000,0,0,0,0,5000,-5000,-5000
061955,FANG+統一9B購01 ,0,0,0,0,0,0,0,0,0,-5000,0,0,0,0,5000,-5000,-5000
061757,T50反1元大9B購01,0,0,0,0,0,0,0,0,0,-5000,0,0,0,0,5000,-5000,-5000
061451,南電中信9A購03  ,0,0,0,0,0,0,0,0,0,-5000,0,0,0,165000,170000,-5000,-5000
061102,台積電元大9A購22,0,0,0,0,0,0,0,0,0,-5000,0,0,0,0,5000,-5000,-5000
061053,國巨群益9A購08  ,0,0,0,0,0,0,0,0,0,-5000,0,0,0,0,5000,-5000,-5000
062696,國巨元大9B購16  ,0,0,0,0,0,0,0,0,0,-5000,0,0,0,0,5000,-5000,-5000
062200,臺指反國票03購01,0,0,0,0,0,0,0,0,0,-5000,0,0,0,0,5000,-5000,-5000
062264,南六元大9B購02  ,0,0,0,0,0,0,0,0,0,-5000,0,0,0,64000,69000,-5000,-5000
062331,大立光統一9B購10,0,0,0,0,0,0,0,0,0,-5000,0,0,0,0,5000,-5000,-5000
062369,創意元大9B購01  ,0,0,0,0,0,0,0,0,0,-5000,0,0,0,0,5000,-5000,-5000
062845,微星富邦01購01  ,0,0,0,0,0,0,0,0,0,-5000,0,0,0,0,5000,-5000,-5000
062948,台積電富邦01購02,0,0,0,0,0,0,0,0,0,-5000,0,0,0,0,5000,-5000,-5000
063057,祥碩統一03購01  ,0,0,0,0,0,0,0,0,0,-5000,0,0,0,2000,7000,-5000,-5000
06339P,上銀統一97售06  ,0,0,0,0,0,0,0,0,0,-5000,0,0,0,0,5000,-5000,-5000
063400,華擎群益9B購03  ,0,0,0,0,0,0,0,0,0,-5000,0,0,0,0,5000,-5000,-5000
063470,泰鼎元大9B購03  ,0,0,0,0,0,0,0,0,0,-5000,0,0,0,0,5000,-5000,-5000
06455P,上銀統一99售03  ,0,0,0,0,0,0,0,0,0,-5000,0,0,0,0,5000,-5000,-5000
054055,全新國票99購02  ,0,0,0,0,0,0,0,0,0,-5000,0,0,0,0,5000,-5000,-5000
054097,淘帝國票97購01  ,0,0,0,0,0,0,0,0,0,-5000,0,0,0,0,5000,-5000,-5000
054175,高鐵台新97購01  ,0,0,0,0,0,0,0,0,0,-5000,0,0,0,5000,10000,-5000,-5000
054152,漢唐國泰98購02  ,0,0,0,0,0,0,0,0,0,-5000,0,0,0,0,5000,-5000,-5000
048687,旺宏群益96購01  ,0,0,0,0,0,0,0,0,0,-5000,0,0,0,0,5000,-5000,-5000
03432B,臺股指凱基98熊13,0,0,0,0,0,0,0,0,0,-5000,0,0,0,0,5000,-5000,-5000
03091X,元展85          ,0,0,0,0,0,0,0,0,0,-5000,0,0,0,0,5000,-5000,-5000
05174P,元金2X富邦9B售01,0,0,0,0,0,0,0,0,0,-5000,0,0,0,0,5000,-5000,-5000
0057,富邦摩台        ,0,0,0,0,0,0,0,0,0,-5000,0,0,0,60000,65000,-5000,-5000
006204,永豐臺灣加權    ,0,0,0,0,0,0,0,0,0,-5000,0,0,0,36000,41000,-5000,-5000
051845,世紀鋼富邦96購01,0,0,0,0,0,0,0,0,0,-5000,0,0,0,0,5000,-5000,-5000
051939,同欣電群益97購01,0,0,0,0,0,0,0,0,0,-5000,0,0,0,0,5000,-5000,-5000
054361,技嘉凱基96購01  ,0,0,0,0,0,0,0,0,0,-5000,0,0,0,0,5000,-5000,-5000
052341,泰鼎凱基96購02  ,0,0,0,0,0,0,0,0,0,-5000,0,0,0,0,5000,-5000,-5000
059054,國巨凱基99購11  ,0,0,0,0,0,0,0,0,0,-5000,0,0,0,0,5000,-5000,-5000
055395,泰鼎統一97購01  ,0,0,0,0,0,0,0,0,0,-5000,0,0,0,0,5000,-5000,-5000
055472,大立光凱基97購07,0,0,0,0,0,0,0,0,0,-5000,0,0,0,0,5000,-5000,-5000
055521,S&P反1群益01購01,0,0,0,0,0,0,0,0,0,-5000,0,0,0,0,5000,-5000,-5000
055510,GIS元大97購03   ,0,0,0,0,0,0,0,0,0,-5000,0,0,0,0,5000,-5000,-5000
055343,國巨凱基97購03  ,0,0,0,0,0,0,0,0,0,-5000,0,0,0,85000,90000,-5000,-5000
055080,正崴中信99購01  ,0,0,0,0,0,0,0,0,0,-5000,0,0,0,0,5000,-5000,-5000
056519,創意國票99購01  ,0,0,0,0,0,0,0,0,0,-5000,0,0,0,0,5000,-5000,-5000
056534,京元電凱基98購01,0,0,0,0,0,0,0,0,0,-5000,0,0,0,30000,35000,-5000,-5000
056573,華新科元大99購06,0,0,0,0,0,0,0,0,0,-5000,0,0,0,55000,60000,-5000,-5000
056375,玉晶光統一01購01,0,0,0,0,0,0,0,0,0,-5000,0,0,0,0,5000,-5000,-5000
059815,SP黃豆凱基9A購03,0,0,0,0,0,0,0,0,0,-5000,0,0,0,0,5000,-5000,-5000
060174,T50反1元富04購01,0,0,0,0,0,0,0,0,0,-5000,0,0,0,0,5000,-5000,-5000
06016P,京元電凱基96售03,0,0,0,0,0,0,0,0,0,-5000,0,0,0,5000,10000,-5000,-5000
059396,T50反1元富99購04,0,0,0,0,0,0,0,0,0,-5000,0,0,0,15000,20000,-5000,-5000
059595,華新科元大9A購03,0,0,0,0,0,0,0,0,0,-5000,0,0,0,5000,10000,-5000,-5000
058325,昇陽半永豐99購01,0,0,0,0,0,0,0,0,0,-5000,0,0,0,0,5000,-5000,-5000
056892,旺宏元大9A購02  ,0,0,0,0,0,0,0,0,0,-5000,0,0,0,0,5000,-5000,-5000
059991,超眾元大9A購02  ,0,0,0,0,0,0,0,0,0,-5000,0,0,0,24000,29000,-5000,-5000
060050,鴻海凱基9B購01  ,0,0,0,0,0,0,0,0,0,-5000,0,0,0,5000,10000,-5000,-5000
058387,國巨國票9A購03  ,0,0,0,0,0,0,0,0,0,-5000,0,0,0,4000,9000,-5000,-5000
057343,道瓊反統一9A購01,0,0,0,0,0,0,0,0,0,-5000,0,0,0,0,5000,-5000,-5000
057354,聯鈞統一99購03  ,0,0,0,0,0,0,0,0,0,-5000,0,0,0,10000,15000,-5000,-5000
057487,聯發科元大98購10,0,0,0,0,0,0,0,0,0,-5000,0,0,0,0,5000,-5000,-5000
058218,緯穎群益99購01  ,0,0,0,0,0,0,0,0,0,-5000,0,0,0,70000,75000,-5000,-5000
057994,技嘉中信98購01  ,0,0,0,0,0,0,0,0,0,-5000,0,0,0,9000,14000,-5000,-5000
058129,國巨元大99購10  ,0,0,0,0,0,0,0,0,0,-5000,0,0,0,15000,20000,-5000,-5000
058566,聯發科凱基9A購02,0,0,0,0,0,0,0,0,0,-5000,0,0,0,10000,15000,-5000,-5000
058053,上銀統一9B購01  ,0,0,0,0,0,0,0,0,0,-5000,0,0,0,372000,377000,-5000,-5000
058099,鴻海國泰9A購02  ,0,0,0,0,0,0,0,0,0,-5000,0,0,0,1648000,1653000,-5000,-5000
057861,台積電凱基98購16,0,0,0,0,0,0,0,0,0,-5000,0,0,0,0,5000,-5000,-5000
057862,智邦凱基99購01  ,0,0,0,0,0,0,0,0,0,-5000,0,0,0,0,5000,-5000,-5000
058464,矽創兆豐9A購01  ,0,0,0,0,0,0,0,0,0,-5000,0,0,0,101000,106000,-5000,-5000
058487,晶技國票9A購01  ,0,0,0,0,0,0,0,0,0,-5000,0,0,0,10000,15000,-5000,-5000
057093,臻鼎元富98購02  ,0,0,0,0,0,0,0,0,0,-5000,0,0,0,0,5000,-5000,-5000
05724P,致茂永豐96售01  ,0,0,0,0,0,0,0,0,0,-5000,0,0,0,0,5000,-5000,-5000
057127,旺宏凱基98購09  ,0,0,0,0,0,0,0,0,0,-5000,0,0,0,0,5000,-5000,-5000
057138,亞德客兆豐98購01,0,0,0,0,0,0,0,0,0,-5000,0,0,0,167000,172000,-5000,-5000
057731,華擎國泰9A購02  ,0,0,0,0,0,0,0,0,0,-5000,0,0,0,0,5000,-5000,-5000
06037P,超眾國票98售02  ,0,0,0,0,0,0,0,0,0,-5000,0,0,0,0,5000,-5000,-5000
060687,GIS元大9A購01   ,0,0,0,0,0,0,0,0,0,-5000,0,0,0,5000,10000,-5000,-5000
060524,國巨中信9A購03  ,0,0,0,0,0,0,0,0,0,-5000,0,0,0,5000,10000,-5000,-5000
060529,聯發科中信9A購04,0,0,0,0,0,0,0,0,0,-5000,0,0,0,20000,25000,-5000,-5000
5283,禾聯碩          ,12000,16000,-4000,0,0,0,0,0,0,-1000,0,0,0,0,1000,-1000,-5000
4104,佳醫            ,50000,45000,5000,0,0,0,0,0,0,-10000,0,10000,-10000,0,0,0,-5000
3550,聯穎            ,0,5000,-5000,0,0,0,0,0,0,0,0,0,0,0,0,0,-5000
3346,麗清            ,5000,10000,-5000,0,0,0,0,0,0,0,0,0,0,0,0,0,-5000
3167,大量            ,0,5000,-5000,0,0,0,0,0,0,0,0,0,0,0,0,0,-5000
2468,華經            ,2000,7000,-5000,0,0,0,0,0,0,0,0,0,0,0,0,0,-5000
2636,台驊投控        ,9000,14000,-5000,0,0,0,0,0,0,0,0,0,0,0,0,0,-5000
2849,安泰銀          ,9000,18000,-9000,0,0,0,0,0,0,4000,4000,0,4000,0,0,0,-5000
8442,威宏-KY         ,1000,4000,-3000,0,0,0,0,0,0,-2000,0,2000,-2000,0,0,0,-5000
07576P,可成元大9A售01  ,0,0,0,0,0,0,0,0,0,-5000,0,0,0,0,5000,-5000,-5000
07601P,國巨統一9A售05  ,0,0,0,0,0,0,0,0,0,-5000,0,0,0,0,5000,-5000,-5000
07079P,台積電群益99售06,0,0,0,0,0,0,0,0,0,-5000,0,0,0,0,5000,-5000,-5000
07263P,台積電元大99售37,0,0,0,0,0,0,0,0,0,-5000,0,0,0,90000,95000,-5000,-5000
07301P,臺股指元大9A售34,0,0,0,0,0,0,0,0,0,-5000,0,0,0,0,5000,-5000,-5000
07318P,鴻海凱基01售02  ,0,0,0,0,0,0,0,0,0,-5000,0,0,0,0,5000,-5000,-5000
07049P,聯發科中信99售03,0,0,0,0,0,0,0,0,0,-5000,0,0,0,0,5000,-5000,-5000
06965P,台積電台新99售02,0,0,0,0,0,0,0,0,0,-5000,0,0,0,100000,105000,-5000,-5000
06861P,台積電國票99售08,0,0,0,0,0,0,0,0,0,-5000,0,0,0,0,5000,-5000,-5000
06822P,上銀富邦99售03  ,0,0,0,0,0,0,0,0,0,-5000,0,0,0,40000,45000,-5000,-5000
06849P,欣興元大98售12  ,0,0,0,0,0,0,0,0,0,-5000,0,0,0,5000,10000,-5000,-5000
06727P,台光電元大98售05,0,0,0,0,0,0,0,0,0,-5000,0,0,0,0,5000,-5000,-5000
06527P,T50正2富邦9C售01,0,0,0,0,0,0,0,0,0,-5000,0,0,0,10000,15000,-5000,-5000
06493P,聯發科永豐98售02,0,0,0,0,0,0,0,0,0,-5000,0,0,0,0,5000,-5000,-5000
07698P,臺股指元大9A售51,0,0,0,0,0,0,0,0,0,-5000,0,0,0,0,5000,-5000,-5000
07720P,臺股指群益9A售09,0,0,0,0,0,0,0,0,0,-5000,0,0,0,1000,6000,-5000,-5000
07748P,茂林凱基9A售04  ,0,0,0,0,0,0,0,0,0,-5000,0,0,0,50000,55000,-5000,-5000
07909P,台積電統一9B售12,0,0,0,0,0,0,0,0,0,-5000,0,0,0,0,5000,-5000,-5000
07928P,國巨統一9B售09  ,0,0,0,0,0,0,0,0,0,-5000,0,0,0,0,5000,-5000,-5000
07891P,臺股指國票9B售01,0,0,0,0,0,0,0,0,0,-5000,0,0,0,4000,9000,-5000,-5000
07935P,臺股指國票9B售07,0,0,0,0,0,0,0,0,0,-5000,0,0,0,0,5000,-5000,-5000
07958P,華擎群益9B售01  ,0,0,0,0,0,0,0,0,0,-5000,0,0,0,101000,106000,-5000,-5000
1236,宏亞            ,0,5000,-5000,0,0,0,0,0,0,0,0,0,0,0,0,0,-5000
2032,新鋼            ,0,5000,-5000,0,0,0,0,0,0,0,0,0,0,0,0,0,-5000
2101,南港            ,584000,653000,-69000,0,0,0,0,0,0,64000,0,0,0,85000,21000,64000,-5000
063460,智邦元大9B購08  ,0,0,0,0,0,0,0,0,0,-6000,0,0,0,53000,59000,-6000,-6000
06342P,世芯統一98售01  ,0,0,0,0,0,0,0,0,0,-6000,0,0,0,0,6000,-6000,-6000
063279,國巨元大9C購05  ,0,0,0,0,0,0,0,0,0,-6000,0,0,0,0,6000,-6000,-6000
062227,南六統一01購02  ,0,0,0,0,0,0,0,0,0,-6000,0,0,0,113000,119000,-6000,-6000
062146,大毅國票9B購01  ,0,0,0,0,0,0,0,0,0,-6000,0,0,0,6000,12000,-6000,-6000
062727,華擎凱基9B購03  ,0,0,0,0,0,0,0,0,0,-6000,0,0,0,6000,12000,-6000,-6000
062475,道瓊反國票9B購02,0,0,0,0,0,0,0,0,0,-6000,0,0,0,0,6000,-6000,-6000
062634,玉晶光國票9B購03,0,0,0,0,0,0,0,0,0,-6000,0,0,0,0,6000,-6000,-6000
060951,元黃金群益9A購01,0,0,0,0,0,0,0,0,0,-6000,0,0,0,0,6000,-6000,-6000
060891,世芯統一9A購01  ,0,0,0,0,0,0,0,0,0,-6000,0,0,0,0,6000,-6000,-6000
061109,臻鼎元大9A購03  ,0,0,0,0,0,0,0,0,0,-6000,0,0,0,76000,82000,-6000,-6000
061226,台積電中信9A購05,0,0,0,0,0,0,0,0,0,-6000,0,0,0,0,6000,-6000,-6000
061208,聯發科元大9A購09,0,0,0,0,0,0,0,0,0,-6000,0,0,0,0,6000,-6000,-6000
061498,大立光國票9A購10,0,0,0,0,0,0,0,0,0,-6000,0,0,0,1000,7000,-6000,-6000
061614,亞德客群益9A購01,0,0,0,0,0,0,0,0,0,-6000,0,0,0,19000,25000,-6000,-6000
061625,聯茂群益9A購02  ,0,0,0,0,0,0,0,0,0,-6000,0,0,0,1000,7000,-6000,-6000
062071,華通元大9B購02  ,0,0,0,0,0,0,0,0,0,-6000,0,0,0,17000,23000,-6000,-6000
056396,祥碩永豐98購01  ,0,0,0,0,0,0,0,0,0,-6000,0,0,0,71000,77000,-6000,-6000
056520,鴻海日盛99購01  ,0,0,0,0,0,0,0,0,0,-6000,0,0,0,0,6000,-6000,-6000
056169,鴻海元富97購08  ,0,0,0,0,0,0,0,0,0,-6000,0,0,0,36000,42000,-6000,-6000
056282,S&P反1永豐97購01,0,0,0,0,0,0,0,0,0,-6000,0,0,0,0,6000,-6000,-6000
059148,百和國票9A購01  ,0,0,0,0,0,0,0,0,0,-6000,0,0,0,0,6000,-6000,-6000
055021,亞德客國泰98購01,0,0,0,0,0,0,0,0,0,-6000,0,0,0,0,6000,-6000,-6000
054346,世芯國票97購01  ,0,0,0,0,0,0,0,0,0,-6000,0,0,0,0,6000,-6000,-6000
053168,晶技群益98購01  ,0,0,0,0,0,0,0,0,0,-6000,0,0,0,0,6000,-6000,-6000
060526,台積電中信9A購02,0,0,0,0,0,0,0,0,0,-6000,0,0,0,1000,7000,-6000,-6000
06055P,華通凱基97售04  ,0,0,0,0,0,0,0,0,0,-6000,0,0,0,0,6000,-6000,-6000
060610,玉晶光凱基9B購02,0,0,0,0,0,0,0,0,0,-6000,0,0,0,5000,11000,-6000,-6000
060291,高鐵元大9A購01  ,0,0,0,0,0,0,0,0,0,-6000,0,0,0,24000,30000,-6000,-6000
057904,矽力永豐98購01  ,0,0,0,0,0,0,0,0,0,-6000,0,0,0,43000,49000,-6000,-6000
057737,國巨富邦99購02  ,0,0,0,0,0,0,0,0,0,-6000,0,0,0,0,6000,-6000,-6000
058496,文曄群益99購01  ,0,0,0,0,0,0,0,0,0,-6000,0,0,0,92000,98000,-6000,-6000
057872,旺宏元大99購06  ,0,0,0,0,0,0,0,0,0,-6000,0,0,0,44000,50000,-6000,-6000
058530,為升元富99購01  ,0,0,0,0,0,0,0,0,0,-6000,0,0,0,0,6000,-6000,-6000
058177,華新科凱基99購02,0,0,0,0,0,0,0,0,0,-6000,0,0,0,0,6000,-6000,-6000
057436,義隆國票99購02  ,0,0,0,0,0,0,0,0,0,-6000,0,0,0,58000,64000,-6000,-6000
058342,鴻海群益9A購01  ,0,0,0,0,0,0,0,0,0,-6000,0,0,0,51000,57000,-6000,-6000
060020,康控康和99購01  ,0,0,0,0,0,0,0,0,0,-6000,0,0,0,0,6000,-6000,-6000
059343,宏達電凱基99購04,0,0,0,0,0,0,0,0,0,-6000,0,0,0,5000,11000,-6000,-6000
058267,奇鋐永豐99購01  ,0,0,0,0,0,0,0,0,0,-6000,0,0,0,0,6000,-6000,-6000
057564,台積電富邦9B購03,0,0,0,0,0,0,0,0,0,-6000,0,0,0,0,6000,-6000,-6000
1762,中化生          ,1147000,898000,249000,0,0,0,0,266000,-266000,11000,11000,0,11000,0,0,0,-6000
1530,亞崴            ,0,6000,-6000,0,0,0,0,0,0,0,0,0,0,0,0,0,-6000
1446,宏和            ,6000,12000,-6000,0,0,0,0,0,0,0,0,0,0,0,0,0,-6000
08177P,金像電元大9B售02,0,0,0,0,0,0,0,0,0,-6000,0,0,0,0,6000,-6000,-6000
07752P,台灣50元大9C售33,0,0,0,0,0,0,0,0,0,-6000,0,0,0,0,6000,-6000,-6000
06506P,台郡國票99售02  ,0,0,0,0,0,0,0,0,0,-6000,0,0,0,0,6000,-6000,-6000
07578P,高鐵元大9A售02  ,0,0,0,0,0,0,0,0,0,-6000,0,0,0,0,6000,-6000,-6000
07404P,華新科凱基99售10,0,0,0,0,0,0,0,0,0,-6000,0,0,0,0,6000,-6000,-6000
8072,陞泰            ,2000,8000,-6000,0,0,0,0,0,0,0,0,0,0,0,0,0,-6000
2466,冠西電          ,0,6000,-6000,0,0,0,0,0,0,0,0,0,0,0,0,0,-6000
2443,億麗            ,0,6000,-6000,0,0,0,0,0,0,0,0,0,0,0,0,0,-6000
4999,鑫禾            ,4000,10000,-6000,0,0,0,0,0,0,0,0,0,0,0,0,0,-6000
062077,聯發科元大9B購04,0,0,0,0,0,0,0,0,0,-7000,0,0,0,0,7000,-7000,-7000
06187P,國巨統一97售05  ,0,0,0,0,0,0,0,0,0,-7000,0,0,0,0,7000,-7000,-7000
061639,晶豪科元大9A購02,0,0,0,0,0,0,0,0,0,-7000,0,0,0,287000,294000,-7000,-7000
061454,國巨凱基9A購16  ,0,0,0,0,0,0,0,0,0,-7000,0,0,0,40000,47000,-7000,-7000
061362,台塑國票9B購01  ,0,0,0,0,0,0,0,0,0,-7000,0,0,0,13000,20000,-7000,-7000
062690,華擎統一9B購01  ,0,0,0,0,0,0,0,0,0,-7000,0,0,0,38000,45000,-7000,-7000
062283,玉晶光群益01購01,0,0,0,0,0,0,0,0,0,-7000,0,0,0,25000,32000,-7000,-7000
062355,華通元大9B購03  ,0,0,0,0,0,0,0,0,0,-7000,0,0,0,45000,52000,-7000,-7000
062370,華擎元大9B購01  ,0,0,0,0,0,0,0,0,0,-7000,0,0,0,0,7000,-7000,-7000
063108,世紀鋼群益9C購01,0,0,0,0,0,0,0,0,0,-7000,0,0,0,0,7000,-7000,-7000
053771,華新元大97購01  ,0,0,0,0,0,0,0,0,0,-7000,0,0,0,0,7000,-7000,-7000
052235,聯發科國票96購02,0,0,0,0,0,0,0,0,0,-7000,0,0,0,3000,10000,-7000,-7000
00742,新光內需收益    ,0,0,0,0,0,0,0,0,0,-7000,0,0,0,126000,133000,-7000,-7000
03433B,臺股指元大9C熊01,0,0,0,0,0,0,0,0,0,-7000,0,0,0,0,7000,-7000,-7000
03447B,臺股指凱基9B熊16,0,0,0,0,0,0,0,0,0,-7000,0,0,0,3000,10000,-7000,-7000
054204,元金2X國票9B購02,0,0,0,0,0,0,0,0,0,-7000,0,0,0,0,7000,-7000,-7000
054259,健策元大97購03  ,0,0,0,0,0,0,0,0,0,-7000,0,0,0,0,7000,-7000,-7000
058936,國喬中信99購01  ,0,0,0,0,0,0,0,0,0,-7000,0,0,0,23000,30000,-7000,-7000
056488,致新元大99購01  ,0,0,0,0,0,0,0,0,0,-7000,0,0,0,170000,177000,-7000,-7000
056457,嘉澤凱基98購01  ,0,0,0,0,0,0,0,0,0,-7000,0,0,0,1000,8000,-7000,-7000
055809,T50反1國票98購02,0,0,0,0,0,0,0,0,0,-7000,0,0,0,0,7000,-7000,-7000
055645,技嘉元富97購01  ,0,0,0,0,0,0,0,0,0,-7000,0,0,0,5000,12000,-7000,-7000
056211,南港國票98購01  ,0,0,0,0,0,0,0,0,0,-7000,0,0,0,46000,53000,-7000,-7000
055443,台虹國票98購01  ,0,0,0,0,0,0,0,0,0,-7000,0,0,0,10000,17000,-7000,-7000
058773,和碩兆豐99購01  ,0,0,0,0,0,0,0,0,0,-7000,0,0,0,10000,17000,-7000,-7000
060011,臺股指群益9C購06,0,0,0,0,0,0,0,0,0,-7000,0,0,0,0,7000,-7000,-7000
058164,FBVIX凱基03購02 ,0,0,0,0,0,0,0,0,0,-7000,0,0,0,0,7000,-7000,-7000
058567,華新科凱基9A購02,0,0,0,0,0,0,0,0,0,-7000,0,0,0,0,7000,-7000,-7000
058427,大毅元富99購01  ,0,0,0,0,0,0,0,0,0,-7000,0,0,0,0,7000,-7000,-7000
057135,立積凱基98購01  ,0,0,0,0,0,0,0,0,0,-7000,0,0,0,0,7000,-7000,-7000
058654,鴻海中信03購01  ,0,0,0,0,0,0,0,0,0,-7000,0,0,0,10000,17000,-7000,-7000
6668,中揚光          ,66000,73000,-7000,0,0,0,0,0,0,0,0,0,0,0,0,0,-7000
6205,詮欣            ,0,7000,-7000,0,0,0,0,0,0,0,0,0,0,0,0,0,-7000
6216,居易            ,3000,10000,-7000,0,0,0,0,0,0,0,0,0,0,0,0,0,-7000
3416,融程電          ,5000,12000,-7000,0,0,0,0,0,0,0,0,0,0,0,0,0,-7000
3432,台端            ,0,7000,-7000,0,0,0,0,0,0,0,0,0,0,0,0,0,-7000
2460,建通            ,0,7000,-7000,0,0,0,0,0,0,0,0,0,0,0,0,0,-7000
2420,新巨            ,66000,73000,-7000,0,0,0,0,0,0,0,0,0,0,0,0,0,-7000
2506,太設            ,2000,9000,-7000,0,0,0,0,0,0,0,0,0,0,0,0,0,-7000
2530,華建            ,27000,34000,-7000,0,0,0,0,0,0,0,0,0,0,0,0,0,-7000
8070,長華*           ,0,7000,-7000,0,0,0,0,0,0,0,0,0,0,0,0,0,-7000
06513P,鴻海凱基98售10  ,0,0,0,0,0,0,0,0,0,-7000,0,0,0,1000,8000,-7000,-7000
06908P,健策國泰99售02  ,0,0,0,0,0,0,0,0,0,-7000,0,0,0,0,7000,-7000,-7000
07069P,欣興元富99售02  ,0,0,0,0,0,0,0,0,0,-7000,0,0,0,0,7000,-7000,-7000
07820P,臺股指國票9A售11,0,0,0,0,0,0,0,0,0,-7000,0,0,0,2000,9000,-7000,-7000
07930P,聯發科統一9B售06,0,0,0,0,0,0,0,0,0,-7000,0,0,0,0,7000,-7000,-7000
08156P,大立光元富9B售05,0,0,0,0,0,0,0,0,0,-7000,0,0,0,0,7000,-7000,-7000
08128P,聯發科元大9B售22,0,0,0,0,0,0,0,0,0,-7000,0,0,0,0,7000,-7000,-7000
1525,江申            ,3000,10000,-7000,0,0,0,0,0,0,0,0,0,0,0,0,0,-7000
1810,和成            ,21000,28000,-7000,0,0,0,0,0,0,0,0,0,0,0,0,0,-7000
1817,凱撒衛          ,2000,9000,-7000,0,0,0,0,0,0,0,0,0,0,0,0,0,-7000
2702,華園            ,123440,131000,-7560,0,0,0,0,0,0,0,0,0,0,0,0,0,-7560
2395,研華            ,257554,265376,-7822,0,0,0,0,0,0,0,0,1000,-1000,1000,0,1000,-7822
063053,聯發科統一01購04,0,0,0,0,0,0,0,0,0,-8000,0,0,0,0,8000,-8000,-8000
062983,緯穎元富9B購01  ,0,0,0,0,0,0,0,0,0,-8000,0,0,0,97000,105000,-8000,-8000
063248,創意元大9C購01  ,0,0,0,0,0,0,0,0,0,-8000,0,0,0,10000,18000,-8000,-8000
063304,大立光凱基01購02,0,0,0,0,0,0,0,0,0,-8000,0,0,0,0,8000,-8000,-8000
062387,健策國泰01購01  ,0,0,0,0,0,0,0,0,0,-8000,0,0,0,114000,122000,-8000,-8000
062712,晶技麥證9B購02  ,0,0,0,5000,13000,-8000,0,0,0,-8000,0,0,0,5000,13000,-8000,-8000
062637,智易國票9B購01  ,0,0,0,0,0,0,0,0,0,-8000,0,0,0,0,8000,-8000,-8000
062655,漢唐永豐9B購01  ,0,0,0,0,0,0,0,0,0,-8000,0,0,0,60000,68000,-8000,-8000
062740,致伸國票9B購01  ,0,0,0,0,0,0,0,0,0,-8000,0,0,0,0,8000,-8000,-8000
061330,T50反1元大9A購14,0,0,0,0,0,0,0,0,0,-8000,0,0,0,0,8000,-8000,-8000
060894,奇力新凱基9A購03,0,0,0,0,0,0,0,0,0,-8000,0,0,0,0,8000,-8000,-8000
060869,超眾永豐9A購02  ,0,0,0,0,0,0,0,0,0,-8000,0,0,0,72000,80000,-8000,-8000
06153P,健策元大97售04  ,0,0,0,0,0,0,0,0,0,-8000,0,0,0,0,8000,-8000,-8000
055440,矽力國票98購01  ,0,0,0,0,0,0,0,0,0,-8000,0,0,0,0,8000,-8000,-8000
055635,緯穎永豐97購01  ,0,0,0,0,0,0,0,0,0,-8000,0,0,0,17000,25000,-8000,-8000
055119,力成凱基98購01  ,0,0,0,0,0,0,0,0,0,-8000,0,0,0,42000,50000,-8000,-8000
055829,上銀元大97購06  ,0,0,0,0,0,0,0,0,0,-8000,0,0,0,9000,17000,-8000,-8000
059039,致伸群益99購01  ,0,0,0,0,0,0,0,0,0,-8000,0,0,0,0,8000,-8000,-8000
059235,鴻海凱基99購08  ,0,0,0,0,0,0,0,0,0,-8000,0,0,0,1000,9000,-8000,-8000
055171,凱美統一97購01  ,0,0,0,0,0,0,0,0,0,-8000,0,0,0,0,8000,-8000,-8000
055958,台光電元大97購02,0,0,0,0,0,0,0,0,0,-8000,0,0,0,46000,54000,-8000,-8000
054308,嘉晶凱基98購01  ,0,0,0,0,0,0,0,0,0,-8000,0,0,0,39000,47000,-8000,-8000
00683L,元大美元指數正2 ,0,0,0,0,0,0,0,0,0,-8000,0,0,0,5000,13000,-8000,-8000
00666R,富邦恒生國企反1 ,0,2000,-2000,0,0,0,0,0,0,-6000,0,0,0,103000,109000,-6000,-8000
052418,玉晶光兆豐96購01,0,0,0,0,0,0,0,0,0,-8000,0,0,0,0,8000,-8000,-8000
055732,全新元富9A購01  ,0,0,0,0,0,0,0,0,0,-8000,0,0,0,0,8000,-8000,-8000
054556,世芯凱基99購01  ,0,0,0,0,0,0,0,0,0,-8000,0,0,0,0,8000,-8000,-8000
056677,智伸科元富98購01,0,0,0,0,0,0,0,0,0,-8000,0,0,0,374000,382000,-8000,-8000
057882,華通群益9A購03  ,0,0,0,0,0,0,0,0,0,-8000,0,0,0,0,8000,-8000,-8000
057136,立積凱基98購02  ,0,0,0,0,0,0,0,0,0,-8000,0,0,0,0,8000,-8000,-8000
057172,南亞科元大98購03,0,0,0,0,0,0,0,0,0,-8000,0,0,0,60000,68000,-8000,-8000
059913,台積電元大99購44,0,0,0,0,0,0,0,0,0,-8000,0,0,0,42000,50000,-8000,-8000
057299,立積永豐98購02  ,0,0,0,0,0,0,0,0,0,-8000,0,0,0,0,8000,-8000,-8000
057323,智邦群益98購01  ,0,0,0,0,0,0,0,0,0,-8000,0,0,0,5000,13000,-8000,-8000
060160,聯陽永豐9A購01  ,0,0,0,0,0,0,0,0,0,-8000,0,0,0,4000,12000,-8000,-8000
060198,祥碩元富9A購02  ,0,0,0,0,0,0,0,0,0,-8000,0,0,0,2000,10000,-8000,-8000
2906,高林            ,24000,32000,-8000,0,0,0,0,0,0,0,0,0,0,0,0,0,-8000
3383,新世紀          ,0,8000,-8000,0,0,0,0,0,0,0,0,0,0,0,0,0,-8000
5007,三星            ,15000,23000,-8000,0,0,0,0,0,0,0,0,0,0,0,0,0,-8000
6671,三能-KY         ,0,8000,-8000,0,0,0,0,0,0,0,0,0,0,0,0,0,-8000
8222,寶一            ,0,8000,-8000,0,0,0,0,0,0,0,0,0,0,0,0,0,-8000
1617,榮星            ,0,8000,-8000,0,0,0,0,0,0,0,0,0,0,0,0,0,-8000
1234,黑松            ,0,8000,-8000,0,0,0,0,0,0,0,0,0,0,0,0,0,-8000
06648P,華邦電元大98售03,0,0,0,0,0,0,0,0,0,-8000,0,0,0,2000,10000,-8000,-8000
06631P,玉晶光群益9A售03,0,0,0,0,0,0,0,0,0,-8000,0,0,0,0,8000,-8000,-8000
07103P,南電元大99售04  ,0,0,0,0,0,0,0,0,0,-8000,0,0,0,20000,28000,-8000,-8000
07194P,聯發科元大99售25,0,0,0,0,0,0,0,0,0,-8000,0,0,0,2000,10000,-8000,-8000
061852,大立光國票9B購02,0,0,0,0,0,0,0,0,0,-9000,0,0,0,0,9000,-9000,-9000
061408,華新科國票9A購06,0,0,0,0,0,0,0,0,0,-9000,0,0,0,6000,15000,-9000,-9000
063395,金像電群益9B購02,0,0,0,0,0,0,0,0,0,-9000,0,0,0,0,9000,-9000,-9000
055671,世紀鋼群益97購01,0,0,0,0,0,0,0,0,0,-9000,0,0,0,0,9000,-9000,-9000
051375,道瓊反群益9A購01,0,0,0,0,0,0,0,0,0,-9000,0,0,0,2000,11000,-9000,-9000
03566P,臺股指日盛03售01,0,0,0,0,0,0,0,0,0,-9000,0,0,0,1000,10000,-9000,-9000
03047X,元展44          ,0,0,0,0,0,0,0,0,0,-9000,0,0,0,21000,30000,-9000,-9000
054002,GIS群益96購03   ,0,0,0,0,0,0,0,0,0,-9000,0,0,0,6000,15000,-9000,-9000
055034,建準富邦99購01  ,0,0,0,0,0,0,0,0,0,-9000,0,0,0,2000,11000,-9000,-9000
056084,漢唐統一97購03  ,0,0,0,0,0,0,0,0,0,-9000,0,0,0,3000,12000,-9000,-9000
054886,大毅統一97購01  ,0,0,0,0,0,0,0,0,0,-9000,0,0,0,16000,25000,-9000,-9000
059162,國巨凱基99購12  ,0,0,0,0,0,0,0,0,0,-9000,0,0,0,1000,10000,-9000,-9000
059114,華新科永豐99購05,0,0,0,0,0,0,0,0,0,-9000,0,0,0,10000,19000,-9000,-9000
059125,台積電第一03購02,0,0,0,0,0,0,0,0,0,-9000,0,0,0,12000,21000,-9000,-9000
056536,義隆凱基98購04  ,0,0,0,0,0,0,0,0,0,-9000,0,0,0,154000,163000,-9000,-9000
056537,冠德凱基98購01  ,0,0,0,0,0,0,0,0,0,-9000,0,0,0,42000,51000,-9000,-9000
055058,大毅永豐97購01  ,0,0,0,0,0,0,0,0,0,-9000,0,0,0,89000,98000,-9000,-9000
059805,台積電元富99購02,0,0,0,0,0,0,0,0,0,-9000,0,0,0,1000,10000,-9000,-9000
058389,聯茂國票9A購01  ,0,0,0,0,0,0,0,0,0,-9000,0,0,0,11000,20000,-9000,-9000
057004,滬深反中信9A購01,0,0,0,0,0,0,0,0,0,-9000,0,0,0,0,9000,-9000,-9000
059935,國巨永豐99購07  ,0,0,0,0,0,0,0,0,0,-9000,0,0,0,0,9000,-9000,-9000
059865,國巨凱基01購01  ,0,0,0,0,0,0,0,0,0,-9000,0,0,0,95000,104000,-9000,-9000
058122,美律國票9A購01  ,0,0,0,0,0,0,0,0,0,-9000,0,0,0,16000,25000,-9000,-9000
058579,聯發科群益99購04,0,0,0,0,0,0,0,0,0,-9000,0,0,0,0,9000,-9000,-9000
058630,日月光國票9A購01,0,0,0,0,0,0,0,0,0,-9000,0,0,0,29000,38000,-9000,-9000
060282,聚陽元大9A購01  ,0,0,0,0,0,0,0,0,0,-9000,0,0,0,2000,11000,-9000,-9000
060283,台肥元大9C購01  ,0,0,0,0,0,0,0,0,0,-9000,0,0,0,1000,10000,-9000,-9000
060692,鴻海麥證9A購01  ,0,0,0,0,9000,-9000,0,0,0,-9000,0,0,0,0,9000,-9000,-9000
07413P,國巨元大99售33  ,0,0,0,0,0,0,0,0,0,-9000,0,0,0,0,9000,-9000,-9000
06535P,可成群益99售02  ,0,0,0,0,0,0,0,0,0,-9000,0,0,0,0,9000,-9000,-9000
1419,新紡            ,4000,13000,-9000,0,0,0,0,0,0,0,0,0,0,0,0,0,-9000
1737,臺鹽            ,7000,16000,-9000,0,0,0,0,0,0,0,0,0,0,0,0,0,-9000
2012,春雨            ,0,9000,-9000,0,0,0,0,0,0,0,0,0,0,0,0,0,-9000
8499,鼎炫-KY         ,6000,15000,-9000,0,0,0,0,0,0,0,0,0,0,0,0,0,-9000
4989,榮科            ,9000,19000,-10000,0,0,0,0,0,0,1000,1000,0,1000,0,0,0,-9000
6581,鋼聯            ,2000,11000,-9000,0,0,0,0,0,0,0,0,0,0,0,0,0,-9000
063377,泰鼎永豐9B購03  ,0,0,0,0,0,0,0,0,0,-10000,0,0,0,0,10000,-10000,-10000
063452,創意統一01購01  ,0,0,0,0,0,0,0,0,0,-10000,0,0,0,0,10000,-10000,-10000
06382P,大毅元富97售02  ,0,0,0,0,0,0,0,0,0,-10000,0,0,0,0,10000,-10000,-10000
06424P,大成鋼永豐97售01,0,0,0,0,0,0,0,0,0,-10000,0,0,0,0,10000,-10000,-10000
06394P,台積電元大97售28,0,0,0,0,0,0,0,0,0,-10000,0,0,0,0,10000,-10000,-10000
063305,亞光凱基9B購01  ,0,0,0,0,0,0,0,0,0,-10000,0,0,0,0,10000,-10000,-10000
063228,聯茂群益9B購01  ,0,0,0,0,0,0,0,0,0,-10000,0,0,0,3000,13000,-10000,-10000
063234,國巨元大9C購03  ,0,0,0,0,0,0,0,0,0,-10000,0,0,0,0,10000,-10000,-10000
063241,聯發科元大9B購18,0,0,0,0,0,0,0,0,0,-10000,0,0,0,0,10000,-10000,-10000
062997,嘉晶國票9B購03  ,0,0,0,0,0,0,0,0,0,-10000,0,0,0,0,10000,-10000,-10000
062938,聯發科凱基9B購10,0,0,0,0,0,0,0,0,0,-10000,0,0,0,25000,35000,-10000,-10000
062939,奇力新凱基9B購02,0,0,0,0,0,0,0,0,0,-10000,0,0,0,0,10000,-10000,-10000
062853,大毅永豐9B購03  ,0,0,0,0,0,0,0,0,0,-10000,0,0,0,0,10000,-10000,-10000
062723,聯發科凱基9B購09,0,0,0,0,0,0,0,0,0,-10000,0,0,0,30000,40000,-10000,-10000
062795,國巨統一9B購15  ,0,0,0,0,0,0,0,0,0,-10000,0,0,0,0,10000,-10000,-10000
062783,大立光元大9C購03,0,0,0,0,0,0,0,0,0,-10000,0,0,0,0,10000,-10000,-10000
06277P,臺股指凱基97售09,0,0,0,0,0,0,0,0,0,-10000,0,0,0,1000,11000,-10000,-10000
062691,T50反1元大9B購04,0,0,0,0,0,0,0,0,0,-10000,0,0,0,0,10000,-10000,-10000
062623,元金2X國票01購01,0,0,0,0,0,0,0,0,0,-10000,0,0,0,0,10000,-10000,-10000
06256P,臺股指群益97售09,0,0,0,0,0,0,0,0,0,-10000,0,0,0,0,10000,-10000,-10000
062505,祥碩群益9B購03  ,0,0,0,0,0,0,0,0,0,-10000,0,0,0,0,10000,-10000,-10000
062534,力成統一01購01  ,0,0,0,0,0,0,0,0,0,-10000,0,0,0,0,10000,-10000,-10000
062514,玉晶光國票9C購02,0,0,0,0,0,0,0,0,0,-10000,0,0,0,0,10000,-10000,-10000
062546,新日興永豐9B購01,0,0,0,0,0,0,0,0,0,-10000,0,0,0,0,10000,-10000,-10000
062416,和大統一01購02  ,0,0,0,0,0,0,0,0,0,-10000,0,0,0,0,10000,-10000,-10000
062338,鴻海麥證9B購01  ,0,0,0,1000,10000,-9000,0,0,0,-10000,0,0,0,1000,11000,-10000,-10000
062228,南六統一02購01  ,0,0,0,0,0,0,0,0,0,-10000,0,0,0,100000,110000,-10000,-10000
062237,緯創凱基9B購01  ,0,0,0,0,0,0,0,0,0,-10000,0,0,0,10000,20000,-10000,-10000
061422,台積電元大9A購30,0,0,0,0,0,0,0,0,0,-10000,0,0,0,0,10000,-10000,-10000
061398,力成中信9A購01  ,0,0,0,0,0,0,0,0,0,-10000,0,0,0,0,10000,-10000,-10000
06133P,帆宣元富97售02  ,0,0,0,0,0,0,0,0,0,-10000,0,0,0,0,10000,-10000,-10000
061342,華新科元大9A購17,0,0,0,0,0,0,0,0,0,-10000,0,0,0,0,10000,-10000,-10000
061292,玉晶光統一01購06,0,0,0,0,0,0,0,0,0,-10000,0,0,0,0,10000,-10000,-10000
061311,元黃金凱基9A購03,0,0,0,0,0,0,0,0,0,-10000,0,0,0,0,10000,-10000,-10000
061233,國巨元大9A購17  ,0,0,0,0,0,0,0,0,0,-10000,0,0,0,0,10000,-10000,-10000
061242,玉晶光兆豐9B購02,0,0,0,0,0,0,0,0,0,-10000,0,0,0,0,10000,-10000,-10000
061075,亞德客兆豐9A購01,0,0,0,0,0,0,0,0,0,-10000,0,0,0,179000,189000,-10000,-10000
060747,聯鈞國票9A購02  ,0,0,0,0,0,0,0,0,0,-10000,0,0,0,0,10000,-10000,-10000
060793,微星永豐9A購01  ,0,0,0,0,0,0,0,0,0,-10000,0,0,0,34000,44000,-10000,-10000
060963,禾伸堂凱基9A購01,0,0,0,0,0,0,0,0,0,-10000,0,0,0,10000,20000,-10000,-10000
06096P,全新永豐97售02  ,0,0,0,0,0,0,0,0,0,-10000,0,0,0,0,10000,-10000,-10000
061072,南電凱基9B購01  ,0,0,0,0,0,0,0,0,0,-10000,0,0,0,0,10000,-10000,-10000
061846,元金2X國票9C購01,0,0,0,0,0,0,0,0,0,-10000,0,0,0,0,10000,-10000,-10000
061896,景碩永豐9B購01  ,0,0,0,0,0,0,0,0,0,-10000,0,0,0,0,10000,-10000,-10000
061906,統一中信9B購01  ,0,0,0,0,0,0,0,0,0,-10000,0,0,0,35000,45000,-10000,-10000
061952,臺股指群益9B購01,0,0,0,0,0,0,0,0,0,-10000,0,0,0,0,10000,-10000,-10000
062072,國巨元大9B購05  ,0,0,0,0,0,0,0,0,0,-10000,0,0,0,2000,12000,-10000,-10000
062056,國巨統一9C購08  ,0,0,0,0,0,0,0,0,0,-10000,0,0,0,0,10000,-10000,-10000
062095,旺宏富邦9C購03  ,0,0,0,0,0,0,0,0,0,-10000,0,0,0,0,10000,-10000,-10000
061969,大立光統一01購02,0,0,0,0,0,0,0,0,0,-10000,0,0,0,0,10000,-10000,-10000
061998,緯穎元大9B購03  ,0,0,0,0,0,0,0,0,0,-10000,0,0,0,0,10000,-10000,-10000
061545,華新科群益9A購09,0,0,0,0,0,0,0,0,0,-10000,0,0,0,10000,20000,-10000,-10000
061523,SP黃豆凱基9B購01,0,0,0,0,0,0,0,0,0,-10000,0,0,0,0,10000,-10000,-10000
061723,嘉聯益永豐9A購03,0,0,0,0,0,0,0,0,0,-10000,0,0,0,0,10000,-10000,-10000
055545,國巨凱基97購06  ,0,0,0,0,0,0,0,0,0,-10000,0,0,0,1000,11000,-10000,-10000
055411,國巨富邦9A購02  ,0,0,0,0,0,0,0,0,0,-10000,0,0,0,0,10000,-10000,-10000
055505,新唐元大97購02  ,0,0,0,0,0,0,0,0,0,-10000,0,0,0,20000,30000,-10000,-10000
055369,友訊元大97購01  ,0,0,0,0,0,0,0,0,0,-10000,0,0,0,0,10000,-10000,-10000
056515,燿華兆豐99購01  ,0,0,0,0,0,0,0,0,0,-10000,0,0,0,0,10000,-10000,-10000
056352,鴻海元大99購01  ,0,0,0,0,0,0,0,0,0,-10000,0,0,0,0,10000,-10000,-10000
056325,群創兆豐9A購01  ,0,0,0,0,0,0,0,0,0,-10000,0,0,0,0,10000,-10000,-10000
05582P,群創凱基98售06  ,0,0,0,0,0,0,0,0,0,-10000,0,0,0,0,10000,-10000,-10000
055876,美食元富9A購01  ,0,0,0,0,0,0,0,0,0,-10000,0,0,0,0,10000,-10000,-10000
056753,群創兆豐98購02  ,0,0,0,0,0,0,0,0,0,-10000,0,0,0,0,10000,-10000,-10000
056802,友達台新98購01  ,0,0,0,0,0,0,0,0,0,-10000,0,0,0,0,10000,-10000,-10000
05678P,群創群益97售01  ,0,0,0,0,0,0,0,0,0,-10000,0,0,0,0,10000,-10000,-10000
056774,和鑫元大98購01  ,0,0,0,0,0,0,0,0,0,-10000,0,0,0,0,10000,-10000,-10000
056379,玉晶光元富98購01,0,0,0,0,0,0,0,0,0,-10000,0,0,0,0,10000,-10000,-10000
059076,FBVIX元大99購04 ,0,0,0,0,0,0,0,0,0,-10000,0,0,0,0,10000,-10000,-10000
059032,元石油群益9C購03,0,0,0,0,0,0,0,0,0,-10000,0,0,0,0,10000,-10000,-10000
058932,FBVIX台新99購01 ,0,0,0,0,0,0,0,0,0,-10000,0,0,0,0,10000,-10000,-10000
054848,群創兆豐98購01  ,0,0,0,0,0,0,0,0,0,-10000,0,0,0,0,10000,-10000,-10000
054850,上海銀兆豐97購01,0,0,0,0,0,0,0,0,0,-10000,0,0,0,0,10000,-10000,-10000
054843,中環兆豐97購01  ,0,0,0,0,0,0,0,0,0,-10000,0,0,0,0,10000,-10000,-10000
054783,國巨群益98購04  ,0,0,0,0,0,0,0,0,0,-10000,0,0,0,0,10000,-10000,-10000
056129,義隆麥證97購01  ,0,0,0,0,10000,-10000,0,0,0,-10000,0,0,0,0,10000,-10000,-10000
055008,隆達元富97購01  ,0,0,0,0,0,0,0,0,0,-10000,0,0,0,0,10000,-10000,-10000
056003,智伸科永豐97購02,0,0,0,0,0,0,0,0,0,-10000,0,0,0,0,10000,-10000,-10000
055906,大立光兆豐97購03,0,0,0,0,0,0,0,0,0,-10000,0,0,0,0,10000,-10000,-10000
05588P,群創兆豐97售02  ,0,0,0,0,0,0,0,0,0,-10000,0,0,0,0,10000,-10000,-10000
055217,緯創凱基97購02  ,0,0,0,0,0,0,0,0,0,-10000,0,0,0,0,10000,-10000,-10000
055259,玉晶光統一9A購01,0,0,0,0,0,0,0,0,0,-10000,0,0,0,0,10000,-10000,-10000
053627,宏碁兆豐97購01  ,0,0,0,0,0,0,0,0,0,-10000,0,0,0,0,10000,-10000,-10000
053574,奇力新元富99購01,0,0,0,0,0,0,0,0,0,-10000,0,0,0,0,10000,-10000,-10000
053610,矽力中信98購01  ,0,0,0,0,0,0,0,0,0,-10000,0,0,0,0,10000,-10000,-10000
051193,新日興兆豐96購01,0,0,0,0,0,0,0,0,0,-10000,0,0,0,0,10000,-10000,-10000
047342,T50反1中信99購01,0,0,0,0,0,0,0,0,0,-10000,0,0,0,0,10000,-10000,-10000
046629,群創統一98購01  ,0,0,0,0,0,0,0,0,0,-10000,0,0,0,0,10000,-10000,-10000
006206,元大上證50      ,395000,0,395000,0,0,0,0,0,0,-405000,0,0,0,54000,459000,-405000,-10000
00774B,新光中國政金綠債,0,0,0,0,0,0,0,0,0,-10000,0,0,0,2000,12000,-10000,-10000
055659,百和元富97購01  ,0,0,0,0,0,0,0,0,0,-10000,0,0,0,0,10000,-10000,-10000
054440,TPK台新98購01   ,0,0,0,0,0,0,0,0,0,-10000,0,0,0,0,10000,-10000,-10000
056659,泰碩元大99購01  ,0,0,0,0,0,0,0,0,0,-10000,0,0,0,130000,140000,-10000,-10000
055785,祥碩凱基97購02  ,0,0,0,0,0,0,0,0,0,-10000,0,0,0,0,10000,-10000,-10000
055806,致新永豐97購02  ,0,0,0,0,0,0,0,0,0,-10000,0,0,0,220000,230000,-10000,-10000
052354,健策群益96購02  ,0,0,0,0,0,0,0,0,0,-10000,0,0,0,0,10000,-10000,-10000
052447,聯發科元大96購04,0,0,0,0,0,0,0,0,0,-10000,0,0,0,1000,11000,-10000,-10000
052299,T50反1台新05購03,0,0,0,0,0,0,0,0,0,-10000,0,0,0,0,10000,-10000,-10000
052307,潤泰全國泰96購01,0,0,0,0,0,0,0,0,0,-10000,0,0,0,0,10000,-10000,-10000
053494,南亞科兆豐96購02,0,0,0,0,0,0,0,0,0,-10000,0,0,0,90000,100000,-10000,-10000
053497,新光金兆豐97購01,0,0,0,0,0,0,0,0,0,-10000,0,0,0,0,10000,-10000,-10000
053461,台郡永昌99購01  ,0,0,0,0,0,0,0,0,0,-10000,0,0,0,0,10000,-10000,-10000
054335,緯穎永豐96購02  ,0,0,0,0,0,0,0,0,0,-10000,0,0,0,10000,20000,-10000,-10000
054371,台積電中信9C購01,0,0,0,0,0,0,0,0,0,-10000,0,0,0,0,10000,-10000,-10000
054408,義隆國票98購01  ,0,0,0,0,0,0,0,0,0,-10000,0,0,0,40000,50000,-10000,-10000
054383,傳奇群益97購01  ,0,0,0,0,0,0,0,0,0,-10000,0,0,0,0,10000,-10000,-10000
053706,S&P反1凱基99購01,0,0,0,0,0,0,0,0,0,-10000,0,0,0,0,10000,-10000,-10000
053894,創意群益96購01  ,0,0,0,0,0,0,0,0,0,-10000,0,0,0,20000,30000,-10000,-10000
053900,T50反1日盛99購01,0,0,0,0,0,0,0,0,0,-10000,0,0,0,0,10000,-10000,-10000
052045,瑞昱凱基96購01  ,0,0,0,0,0,0,0,0,0,-10000,0,0,0,0,10000,-10000,-10000
053107,旺宏兆豐97購01  ,0,0,0,0,0,0,0,0,0,-10000,0,0,0,0,10000,-10000,-10000
053084,國巨元大98購01  ,0,0,0,0,0,0,0,0,0,-10000,0,0,0,0,10000,-10000,-10000
053276,友達元大9C購01  ,0,0,0,0,0,0,0,0,0,-10000,0,0,0,0,10000,-10000,-10000
052739,國巨元大96購04  ,0,0,0,0,0,0,0,0,0,-10000,0,0,0,0,10000,-10000,-10000
052926,旺宏元大98購02  ,0,0,0,0,0,0,0,0,0,-10000,0,0,0,0,10000,-10000,-10000
06059P,泰碩元大97售02  ,0,0,0,0,0,0,0,0,0,-10000,0,0,0,0,10000,-10000,-10000
060578,臺股指中信9C購03,0,0,0,0,0,0,0,0,0,-10000,0,0,0,0,10000,-10000,-10000
060575,大立光中信9B購02,0,0,0,0,0,0,0,0,0,-10000,0,0,0,0,10000,-10000,-10000
060510,大立光元大9A購03,0,0,0,0,0,0,0,0,0,-10000,0,0,0,0,10000,-10000,-10000
060477,和潤元大9A購01  ,0,0,0,0,0,0,0,0,0,-10000,0,0,0,0,10000,-10000,-10000
060262,臺股指凱基9B購02,0,0,0,0,0,0,0,0,0,-10000,0,0,0,0,10000,-10000,-10000
058888,元油2X元大99購16,0,0,0,0,0,0,0,0,0,-10000,0,0,0,0,10000,-10000,-10000
060371,A50正2元富01購01,0,0,0,0,0,0,0,0,0,-10000,0,0,0,0,10000,-10000,-10000
058662,禾伸堂兆豐99購01,0,0,0,0,0,0,0,0,0,-10000,0,0,0,0,10000,-10000,-10000
058856,新光金兆豐99購01,0,0,0,0,0,0,0,0,0,-10000,0,0,0,0,10000,-10000,-10000
058017,漢唐凱基99購01  ,0,0,0,0,0,0,0,0,0,-10000,0,0,0,0,10000,-10000,-10000
05815P,台積電凱基97售06,0,0,0,0,0,0,0,0,0,-10000,0,0,0,0,10000,-10000,-10000
058163,道瓊反凱基9B購01,0,0,0,0,0,0,0,0,0,-10000,0,0,0,10000,20000,-10000,-10000
058216,TPK群益99購01   ,0,0,0,0,0,0,0,0,0,-10000,0,0,0,4000,14000,-10000,-10000
058058,大立光元富9B購02,0,0,0,0,0,0,0,0,0,-10000,0,0,0,0,10000,-10000,-10000
058084,大立光群益98購04,0,0,0,0,0,0,0,0,0,-10000,0,0,0,0,10000,-10000,-10000
057856,聯鈞國票99購03  ,0,0,0,0,0,0,0,0,0,-10000,0,0,0,0,10000,-10000,-10000
057849,南茂永豐98購02  ,0,0,0,0,0,0,0,0,0,-10000,0,0,0,0,10000,-10000,-10000
057168,旺宏元大99購03  ,0,0,0,0,0,0,0,0,0,-10000,0,0,0,0,10000,-10000,-10000
057263,可成兆豐99購01  ,0,0,0,0,0,0,0,0,0,-10000,0,0,0,10000,20000,-10000,-10000
057289,力成元大98購03  ,0,0,0,0,0,0,0,0,0,-10000,0,0,0,63000,73000,-10000,-10000
058423,臺股指麥證99購01,0,0,0,0,10000,-10000,0,0,0,-10000,0,0,0,0,10000,-10000,-10000
057796,鴻海兆豐99購03  ,0,0,0,0,0,0,0,0,0,-10000,0,0,0,0,10000,-10000,-10000
057797,大立光兆豐99購01,0,0,0,0,0,0,0,0,0,-10000,0,0,0,0,10000,-10000,-10000
058444,國巨富邦9B購01  ,0,0,0,0,0,0,0,0,0,-10000,0,0,0,0,10000,-10000,-10000
057078,國巨統一9A購02  ,0,0,0,0,0,0,0,0,0,-10000,0,0,0,0,10000,-10000,-10000
05710P,禾伸堂國票97售02,0,0,0,0,0,0,0,0,0,-10000,0,0,0,0,10000,-10000,-10000
057111,立積群益98購02  ,0,0,0,0,0,0,0,0,0,-10000,0,0,0,0,10000,-10000,-10000
059997,華航元富99購01  ,0,0,0,0,0,0,0,0,0,-10000,0,0,0,10000,20000,-10000,-10000
059973,A50正2元大99購02,0,0,0,0,0,0,0,0,0,-10000,0,0,0,0,10000,-10000,-10000
056904,大立光元大99購05,0,0,0,0,0,0,0,0,0,-10000,0,0,0,0,10000,-10000,-10000
056866,矽創群益98購03  ,0,0,0,0,0,0,0,0,0,-10000,0,0,0,0,10000,-10000,-10000
056925,群創兆豐98購03  ,0,0,0,0,0,0,0,0,0,-10000,0,0,0,0,10000,-10000,-10000
05693P,滬深2X凱基98售02,0,0,0,0,0,0,0,0,0,-10000,0,0,0,0,10000,-10000,-10000
060109,茂林元大99購05  ,0,0,0,0,0,0,0,0,0,-10000,0,0,0,9000,19000,-10000,-10000
060107,旭富元大99購03  ,0,0,0,0,0,0,0,0,0,-10000,0,0,0,33000,43000,-10000,-10000
060091,技嘉元大99購03  ,0,0,0,0,0,0,0,0,0,-10000,0,0,0,20000,30000,-10000,-10000
057681,T50反1日盛9C購01,0,0,0,0,0,0,0,0,0,-10000,0,0,0,0,10000,-10000,-10000
057657,國巨兆豐98購04  ,0,0,0,0,0,0,0,0,0,-10000,0,0,0,0,10000,-10000,-10000
058347,玉晶光群益9B購01,0,0,0,0,0,0,0,0,0,-10000,0,0,0,21000,31000,-10000,-10000
057305,南亞科兆豐98購02,0,0,0,0,0,0,0,0,0,-10000,0,0,0,0,10000,-10000,-10000
057499,奇鋐群益98購01  ,0,0,0,0,0,0,0,0,0,-10000,0,0,0,4000,14000,-10000,-10000
059762,禾伸堂永豐99購02,0,0,0,0,0,0,0,0,0,-10000,0,0,0,30000,40000,-10000,-10000
059820,南亞科凱基99購07,0,0,0,0,0,0,0,0,0,-10000,0,0,0,0,10000,-10000,-10000
059827,晶技凱基99購03  ,0,0,0,0,0,0,0,0,0,-10000,0,0,0,0,10000,-10000,-10000
059861,聯發科群益9A購01,0,0,0,0,0,0,0,0,0,-10000,0,0,0,0,10000,-10000,-10000
059707,健策凱基9A購03  ,0,0,0,0,0,0,0,0,0,-10000,0,0,0,100000,110000,-10000,-10000
059720,台積電元大99購43,0,0,0,0,0,0,0,0,0,-10000,0,0,0,0,10000,-10000,-10000
059664,立積元大9C購01  ,0,0,0,0,0,0,0,0,0,-10000,0,0,0,10000,20000,-10000,-10000
059544,創意亞東99購01  ,0,0,0,0,0,0,0,0,0,-10000,0,0,0,0,10000,-10000,-10000
059572,華新科凱基99購08,0,0,0,0,0,0,0,0,0,-10000,0,0,0,0,10000,-10000,-10000
059569,旺宏凱基99購09  ,0,0,0,0,0,0,0,0,0,-10000,0,0,0,0,10000,-10000,-10000
059528,華新科凱基99購06,0,0,0,0,0,0,0,0,0,-10000,0,0,0,0,10000,-10000,-10000
059471,華新科元大99購17,0,0,0,0,0,0,0,0,0,-10000,0,0,0,0,10000,-10000,-10000
058808,大成鋼統一9B購01,0,0,0,0,0,0,0,0,0,-10000,0,0,0,0,10000,-10000,-10000
058789,喬山元大99購02  ,0,0,0,0,0,0,0,0,0,-10000,0,0,0,0,10000,-10000,-10000
057574,中磊永豐98購01  ,0,0,0,0,0,0,0,0,0,-10000,0,0,0,10000,20000,-10000,-10000
057596,聯茂兆豐99購01  ,0,0,0,0,0,0,0,0,0,-10000,0,0,0,0,10000,-10000,-10000
059308,T50反1元大99購07,0,0,0,0,0,0,0,0,0,-10000,0,0,0,0,10000,-10000,-10000
059303,國巨兆豐99購04  ,0,0,0,0,0,0,0,0,0,-10000,0,0,0,0,10000,-10000,-10000
05929P,宏達電康和96售01,0,0,0,0,0,0,0,0,0,-10000,0,0,0,0,10000,-10000,-10000
058719,智邦元富99購01  ,0,0,0,0,0,0,0,0,0,-10000,0,0,0,0,10000,-10000,-10000
058713,國巨統一9B購02  ,0,0,0,0,0,0,0,0,0,-10000,0,0,0,30000,40000,-10000,-10000
059324,智易元大99購04  ,0,0,0,0,0,0,0,0,0,-10000,0,0,0,0,10000,-10000,-10000
058687,聯茂凱基9A購01  ,0,0,0,0,0,0,0,0,0,-10000,0,0,0,10000,20000,-10000,-10000
058287,國巨國票9A購02  ,0,0,0,0,0,0,0,0,0,-10000,0,0,0,0,10000,-10000,-10000
5533,皇鼎            ,0,10000,-10000,0,0,0,0,0,0,0,0,0,0,0,0,0,-10000
2397,友通            ,3000,13000,-10000,0,0,0,0,0,0,0,0,0,0,0,0,0,-10000
1786,科妍            ,20000,31000,-11000,0,0,0,0,0,0,1000,1000,0,1000,0,0,0,-10000
2062,橋椿            ,95000,105000,-10000,0,0,0,0,0,0,0,0,0,0,0,0,0,-10000
1615,大山            ,0,10000,-10000,0,0,0,0,0,0,0,0,0,0,0,0,0,-10000
1436,華友聯          ,0,10000,-10000,0,0,0,0,0,0,0,0,0,0,0,0,0,-10000
07934P,臺股指國票9B售06,0,0,0,0,0,0,0,0,0,-10000,0,0,0,0,10000,-10000,-10000
07965P,玉晶光群益01售02,0,0,0,0,0,0,0,0,0,-10000,0,0,0,9000,19000,-10000,-10000
07881P,台灣50凱基01售11,0,0,0,0,0,0,0,0,0,-10000,0,0,0,0,10000,-10000,-10000
07882P,台灣50凱基01售12,0,0,0,0,0,0,0,0,0,-10000,0,0,0,0,10000,-10000,-10000
08076P,國巨群益9C售05  ,0,0,0,0,0,0,0,0,0,-10000,0,0,0,0,10000,-10000,-10000
07818P,台積電國票9C售01,0,0,0,0,0,0,0,0,0,-10000,0,0,0,0,10000,-10000,-10000
07814P,華通群益9A售06  ,0,0,0,0,0,0,0,0,0,-10000,0,0,0,0,10000,-10000,-10000
07794P,智邦國票9A售03  ,0,0,0,0,0,0,0,0,0,-10000,0,0,0,5000,15000,-10000,-10000
07803P,南亞科永豐9A售02,0,0,0,0,0,0,0,0,0,-10000,0,0,0,0,10000,-10000,-10000
06521P,矽力元大98售01  ,0,0,0,0,0,0,0,0,0,-10000,0,0,0,0,10000,-10000,-10000
06551P,貿聯元大98售05  ,0,0,0,0,0,0,0,0,0,-10000,0,0,0,25000,35000,-10000,-10000
06597P,國巨富邦9A售05  ,0,0,0,0,0,0,0,0,0,-10000,0,0,0,21000,31000,-10000,-10000
06685P,鴻海國泰9A售01  ,0,0,0,0,0,0,0,0,0,-10000,0,0,0,10000,20000,-10000,-10000
06707P,臺股指台新99售04,0,0,0,0,0,0,0,0,0,-10000,0,0,0,0,10000,-10000,-10000
06709P,臺股指台新99售06,0,0,0,0,0,0,0,0,0,-10000,0,0,0,0,10000,-10000,-10000
07048P,台積電中信03售01,0,0,0,0,0,0,0,0,0,-10000,0,0,0,1000,11000,-10000,-10000
06995P,臺股指凱基99售16,0,0,0,0,0,0,0,0,0,-10000,0,0,0,0,10000,-10000,-10000
06927P,台灣50元大9B售03,0,0,0,0,0,0,0,0,0,-10000,0,0,0,0,10000,-10000,-10000
06921P,台光電凱基98售06,0,0,0,0,0,0,0,0,0,-10000,0,0,0,0,10000,-10000,-10000
06912P,台光電元大99售02,0,0,0,0,0,0,0,0,0,-10000,0,0,0,10000,20000,-10000,-10000
06887P,華新科元大98售04,0,0,0,0,0,0,0,0,0,-10000,0,0,0,0,10000,-10000,-10000
06896P,信邦中信98售01  ,0,0,0,0,0,0,0,0,0,-10000,0,0,0,0,10000,-10000,-10000
06877P,台積電兆豐98售04,0,0,0,0,0,0,0,0,0,-10000,0,0,0,610000,620000,-10000,-10000
06841P,臺股指統一9A售02,0,0,0,0,0,0,0,0,0,-10000,0,0,0,0,10000,-10000,-10000
06777P,鴻海元大99售06  ,0,0,0,0,0,0,0,0,0,-10000,0,0,0,0,10000,-10000,-10000
06788P,臺股指元大98售05,0,0,0,0,0,0,0,0,0,-10000,0,0,0,0,10000,-10000,-10000
07564P,臺股指中信01售01,0,0,0,0,0,0,0,0,0,-10000,0,0,0,0,10000,-10000,-10000
07595P,台灣50中信03售07,0,0,0,0,0,0,0,0,0,-10000,0,0,0,0,10000,-10000,-10000
07636P,鴻海國票9A售05  ,0,0,0,0,0,0,0,0,0,-10000,0,0,0,0,10000,-10000,-10000
07632P,臺股指凱基9A售14,0,0,0,0,0,0,0,0,0,-10000,0,0,0,0,10000,-10000,-10000
07193P,聯發科元大99售24,0,0,0,0,0,0,0,0,0,-10000,0,0,0,0,10000,-10000,-10000
07205P,鴻海凱基99售11  ,0,0,0,0,0,0,0,0,0,-10000,0,0,0,0,10000,-10000,-10000
07188P,臺股指台新99售11,0,0,0,0,0,0,0,0,0,-10000,0,0,0,0,10000,-10000,-10000
07143P,FBVIX元大99售02 ,0,0,0,0,0,0,0,0,0,-10000,0,0,0,0,10000,-10000,-10000
07091P,SGBR2X凱基9A售02,0,0,0,0,0,0,0,0,0,-10000,0,0,0,0,10000,-10000,-10000
07140P,台灣50日盛99售01,0,0,0,0,0,0,0,0,0,-10000,0,0,0,0,10000,-10000,-10000
07224P,鴻海元大9A售02  ,0,0,0,0,0,0,0,0,0,-10000,0,0,0,0,10000,-10000,-10000
07242P,台灣50凱基9A售03,0,0,0,0,0,0,0,0,0,-10000,0,0,0,0,10000,-10000,-10000
07247P,聯發科凱基9A售06,0,0,0,0,0,0,0,0,0,-10000,0,0,0,300000,310000,-10000,-10000
9941,裕融            ,5100,17000,-11900,0,0,0,0,0,0,1000,0,0,0,1000,0,1000,-10900
061521,亞光兆豐9A購02  ,0,0,0,0,0,0,0,0,0,-11000,0,0,0,196000,207000,-11000,-11000
061448,旺宏中信9A購02  ,0,0,0,0,0,0,0,0,0,-11000,0,0,0,15000,26000,-11000,-11000
061571,奇力新元大9A購03,0,0,0,0,0,0,0,0,0,-11000,0,0,0,41000,52000,-11000,-11000
060778,臺股指凱基9A購06,0,0,0,0,0,0,0,0,0,-11000,0,0,0,0,11000,-11000,-11000
061161,南六群益9A購01  ,0,0,0,0,0,0,0,0,0,-11000,0,0,0,0,11000,-11000,-11000
061171,大立光麥證9A購01,0,0,0,0,11000,-11000,0,0,0,-11000,0,0,0,0,11000,-11000,-11000
062556,瑞昱凱基9B購02  ,0,0,0,0,0,0,0,0,0,-11000,0,0,0,49000,60000,-11000,-11000
062767,GIS凱基9B購02   ,0,1000,-1000,0,0,0,0,0,0,-10000,0,0,0,12000,22000,-10000,-11000
063094,玉晶光國票01購03,0,0,0,0,0,0,0,0,0,-11000,0,0,0,22000,33000,-11000,-11000
063328,京元電國票9C購02,0,0,0,0,0,0,0,0,0,-11000,0,0,0,0,11000,-11000,-11000
063326,正隆國票9B購01  ,0,0,0,0,0,0,0,0,0,-11000,0,0,0,0,11000,-11000,-11000
055713,國巨元大98購09  ,0,0,0,0,0,0,0,0,0,-11000,0,0,0,2000,13000,-11000,-11000
0053,元大電子        ,0,0,0,0,0,0,0,0,0,-11000,0,0,0,2000,13000,-11000,-11000
046942,友達元大99購01  ,0,0,0,0,0,0,0,0,0,-11000,0,0,0,15000,26000,-11000,-11000
047421,聯茂富邦97購01  ,0,0,0,0,0,0,0,0,0,-11000,0,0,0,0,11000,-11000,-11000
05088P,大立光富邦99售01,0,0,0,0,0,0,0,0,0,-11000,0,0,0,3000,14000,-11000,-11000
056028,GIS群益97購02   ,0,0,0,0,0,0,0,0,0,-11000,0,0,0,0,11000,-11000,-11000
059042,世紀鋼群益99購02,0,0,0,0,0,0,0,0,0,-11000,0,0,0,0,11000,-11000,-11000
056747,致新凱基99購01  ,0,0,0,0,0,0,0,0,0,-11000,0,0,0,10000,21000,-11000,-11000
059311,元石油元大99購04,0,0,0,0,0,0,0,0,0,-11000,0,0,0,4000,15000,-11000,-11000
057611,技嘉元富98購02  ,0,0,0,0,0,0,0,0,0,-11000,0,0,0,9000,20000,-11000,-11000
059687,卜蜂永豐99購01  ,0,0,0,0,0,0,0,0,0,-11000,0,0,0,4000,15000,-11000,-11000
059822,聯發科凱基99購19,0,0,0,0,0,0,0,0,0,-11000,0,0,0,2000,13000,-11000,-11000
060077,台積電台新9B購01,0,0,0,0,0,0,0,0,0,-11000,0,0,0,10000,21000,-11000,-11000
060008,華邦電群益9A購01,0,0,0,0,0,0,0,0,0,-11000,0,0,0,483000,494000,-11000,-11000
059887,華新科國票99購02,0,0,0,0,0,0,0,0,0,-11000,0,0,0,0,11000,-11000,-11000
057278,可成元大98購06  ,0,0,0,0,0,0,0,0,0,-11000,0,0,0,80000,91000,-11000,-11000
057875,京鼎元大98購03  ,0,0,0,0,0,0,0,0,0,-11000,0,0,0,56000,67000,-11000,-11000
058119,華新亞東99購01  ,0,0,0,0,0,0,0,0,0,-11000,0,0,0,10000,21000,-11000,-11000
058631,鈺齊國票9A購01  ,0,0,0,0,0,0,0,0,0,-11000,0,0,0,29000,40000,-11000,-11000
060676,京元電元大9A購03,0,0,0,0,0,0,0,0,0,-11000,0,0,0,9000,20000,-11000,-11000
2414,精技            ,12000,23000,-11000,0,0,0,0,0,0,0,0,0,0,0,0,0,-11000
2611,志信            ,15000,26000,-11000,0,0,0,0,0,0,0,0,0,0,0,0,0,-11000
5288,豐祥-KY         ,23000,34000,-11000,0,0,0,0,0,0,0,0,0,0,0,0,0,-11000
6541,泰福-KY         ,67000,80000,-13000,0,0,0,0,0,0,2000,2000,0,2000,0,0,0,-11000
6184,大豐電          ,2000,13000,-11000,0,0,0,0,0,0,0,0,0,0,0,0,0,-11000
07255P,國巨凱基99售15  ,0,0,0,0,0,0,0,0,0,-11000,0,0,0,0,11000,-11000,-11000
07094P,華通國票9A售03  ,0,0,0,0,0,0,0,0,0,-11000,0,0,0,30000,41000,-11000,-11000
07201P,臺股指元大99售17,0,0,0,0,0,0,0,0,0,-11000,0,0,0,0,11000,-11000,-11000
06982P,義隆凱基99售02  ,0,0,0,0,0,0,0,0,0,-11000,0,0,0,80000,91000,-11000,-11000
06736P,新日興凱基98售03,0,0,0,0,0,0,0,0,0,-11000,0,0,0,0,11000,-11000,-11000
08074P,緯穎元富9B售02  ,0,0,0,0,0,0,0,0,0,-11000,0,0,0,0,11000,-11000,-11000
08018P,牧德國票9B售04  ,0,0,0,0,0,0,0,0,0,-11000,0,0,0,0,11000,-11000,-11000
08105P,景碩元大9B售01  ,0,0,0,0,0,0,0,0,0,-11000,0,0,0,15000,26000,-11000,-11000
2069,運錩            ,0,11000,-11000,0,0,0,0,0,0,0,0,0,0,0,0,0,-11000
063176,南亞科兆豐9B購01,0,0,0,0,0,0,0,0,0,-12000,0,0,0,11000,23000,-12000,-12000
06412P,南亞科日盛97售01,0,0,0,0,0,0,0,0,0,-12000,0,0,0,0,12000,-12000,-12000
06447P,上銀元大98售01  ,0,0,0,0,0,0,0,0,0,-12000,0,0,0,0,12000,-12000,-12000
063366,台表科富邦9C購02,0,0,0,0,0,0,0,0,0,-12000,0,0,0,0,12000,-12000,-12000
063360,茂林國泰9C購02  ,0,0,0,0,0,0,0,0,0,-12000,0,0,0,140000,152000,-12000,-12000
06305P,臺股指元大97售11,0,0,0,0,0,0,0,0,0,-12000,0,0,0,0,12000,-12000,-12000
062545,嘉晶永豐9B購01  ,0,0,0,0,0,0,0,0,0,-12000,0,0,0,10000,22000,-12000,-12000
062234,廣達凱基9B購01  ,0,0,0,0,0,0,0,0,0,-12000,0,0,0,268000,280000,-12000,-12000
06119P,大立光凱基98售04,0,0,0,0,0,0,0,0,0,-12000,0,0,0,0,12000,-12000,-12000
061350,牧德元大9B購03  ,0,0,0,0,0,0,0,0,0,-12000,0,0,0,0,12000,-12000,-12000
060949,祥碩中信9A購01  ,0,0,0,0,0,0,0,0,0,-12000,0,0,0,10000,22000,-12000,-12000
061574,大毅元大9B購01  ,0,0,0,0,0,0,0,0,0,-12000,0,0,0,0,12000,-12000,-12000
062135,國巨群益9B購05  ,0,0,0,0,0,0,0,0,0,-12000,0,0,0,1000,13000,-12000,-12000
061810,S&P反1群益9B購02,0,0,0,0,0,0,0,0,0,-12000,0,0,0,0,12000,-12000,-12000
056405,聯茂群益98購01  ,0,0,0,0,0,0,0,0,0,-12000,0,0,0,3000,15000,-12000,-12000
056416,華新科中信98購01,0,0,0,0,0,0,0,0,0,-12000,0,0,0,0,12000,-12000,-12000
056578,智易元大99購02  ,0,0,0,0,0,0,0,0,0,-12000,0,0,0,43000,55000,-12000,-12000
058959,南茂國票9A購01  ,0,0,0,0,0,0,0,0,0,-12000,0,0,0,0,12000,-12000,-12000
059131,國巨群益99購07  ,0,0,0,0,0,0,0,0,0,-12000,0,0,0,1000,13000,-12000,-12000
053640,上緯控永豐96購01,0,0,0,0,0,0,0,0,0,-12000,0,0,0,61000,73000,-12000,-12000
054250,漢唐元大96購04  ,0,0,0,0,0,0,0,0,0,-12000,0,0,0,37000,49000,-12000,-12000
054231,國巨群益98購03  ,0,0,0,0,0,0,0,0,0,-12000,0,0,0,15000,27000,-12000,-12000
053959,晶豪科永豐96購02,0,0,0,0,0,0,0,0,0,-12000,0,0,0,23000,35000,-12000,-12000
049842,道瓊反中信98購01,0,0,0,0,0,0,0,0,0,-12000,0,0,0,10000,22000,-12000,-12000
054540,泰鼎國票99購01  ,0,0,0,0,0,0,0,0,0,-12000,0,0,0,25000,37000,-12000,-12000
053158,茂林元大96購01  ,0,0,0,0,0,0,0,0,0,-12000,0,0,0,0,12000,-12000,-12000
060548,友達凱基9B購03  ,0,0,0,0,0,0,0,0,0,-12000,0,0,0,10000,22000,-12000,-12000
060347,大立光統一02購01,0,0,0,0,0,0,0,0,0,-12000,0,0,0,1000,13000,-12000,-12000
060300,佐登國泰9B購01  ,0,0,0,0,0,0,0,0,0,-12000,0,0,0,1000,13000,-12000,-12000
058217,新唐群益99購01  ,0,0,0,0,0,0,0,0,0,-12000,0,0,0,20000,32000,-12000,-12000
057768,華新科中信9A購01,0,0,0,0,0,0,0,0,0,-12000,0,0,0,0,12000,-12000,-12000
059871,義隆凱基99購03  ,0,0,0,0,0,0,0,0,0,-12000,0,0,0,223000,235000,-12000,-12000
060029,嘉晶永豐99購03  ,0,0,0,0,0,0,0,0,0,-12000,0,0,0,0,12000,-12000,-12000
057466,泰鼎永豐98購01  ,0,0,0,0,0,0,0,0,0,-12000,0,0,0,98000,110000,-12000,-12000
056993,GIS兆豐99購01   ,0,0,0,0,0,0,0,0,0,-12000,0,0,0,41000,53000,-12000,-12000
059705,華新科凱基9A購07,0,0,0,0,0,0,0,0,0,-12000,0,0,0,0,12000,-12000,-12000
058312,大毅國泰9B購01  ,0,0,0,0,0,0,0,0,0,-12000,0,0,0,29000,41000,-12000,-12000
08110P,臺股指中信01售05,0,0,0,0,0,0,0,0,0,-12000,0,0,0,0,12000,-12000,-12000
1435,中福            ,0,12000,-12000,0,0,0,0,0,0,0,0,0,0,0,0,0,-12000
1454,台富            ,0,12000,-12000,0,0,0,0,0,0,0,0,0,0,0,0,0,-12000
06970P,旺宏元大99售08  ,0,0,0,0,0,0,0,0,0,-12000,0,0,0,19000,31000,-12000,-12000
06862P,大立光凱基98售16,0,0,0,0,0,0,0,0,0,-12000,0,0,0,0,12000,-12000,-12000
4576,大銀微系統      ,42000,54000,-12000,0,0,0,0,0,0,0,0,0,0,0,0,0,-12000
2707,晶華            ,61000,144000,-83000,0,0,0,66000,0,66000,5000,5000,0,5000,0,0,0,-12000
2497,怡利電          ,0,12000,-12000,0,0,0,0,0,0,0,0,0,0,0,0,0,-12000
8411,福貞-KY         ,0,10000,-10000,0,0,0,0,0,0,-2000,0,2000,-2000,0,0,0,-12000
8033,雷虎            ,0,12000,-12000,0,0,0,0,0,0,0,0,0,0,0,0,0,-12000
061511,緯穎富邦9B購02  ,0,0,0,0,0,0,0,0,0,-13000,0,0,0,9000,22000,-13000,-13000
060932,南六永豐9A購02  ,0,0,0,0,0,0,0,0,0,-13000,0,0,0,119000,132000,-13000,-13000
061125,億光永豐9A購01  ,0,0,0,0,0,0,0,0,0,-13000,0,0,0,0,13000,-13000,-13000
061087,國巨統一01購04  ,0,0,0,0,0,0,0,0,0,-13000,0,0,0,31000,44000,-13000,-13000
062358,國巨元大9B購12  ,0,0,0,0,0,0,0,0,0,-13000,0,0,0,0,13000,-13000,-13000
062365,台光電元大9B購03,0,0,0,0,0,0,0,0,0,-13000,0,0,0,50000,63000,-13000,-13000
063010,國巨元大9C購02  ,0,0,0,0,0,0,0,0,0,-13000,0,0,0,0,13000,-13000,-13000
063137,瑞昱統一01購02  ,0,0,0,0,0,0,0,0,0,-13000,0,0,0,0,13000,-13000,-13000
062878,宏達電兆豐9B購01,0,0,0,0,0,0,0,0,0,-13000,0,0,0,39000,52000,-13000,-13000
063190,聯茂凱基9B購01  ,0,0,0,0,0,0,0,0,0,-13000,0,0,0,5000,18000,-13000,-13000
063327,燿華國票9C購02  ,0,0,0,0,0,0,0,0,0,-13000,0,0,0,20000,33000,-13000,-13000
054151,瑞昱國泰97購01  ,0,0,0,0,0,0,0,0,0,-13000,0,0,0,0,13000,-13000,-13000
050890,南電富邦99購01  ,0,0,0,0,0,0,0,0,0,-13000,0,0,0,0,13000,-13000,-13000
05524P,瀚宇博國票97售02,0,0,0,0,0,0,0,0,0,-13000,0,0,0,35000,48000,-13000,-13000
055229,大毅國票97購02  ,0,0,0,0,0,0,0,0,0,-13000,0,0,0,33000,46000,-13000,-13000
056380,麗豐元富98購01  ,0,0,0,0,0,0,0,0,0,-13000,0,0,0,7000,20000,-13000,-13000
056207,茂林永豐97購03  ,0,0,0,0,0,0,0,0,0,-13000,0,0,0,12000,25000,-13000,-13000
056200,大毅永豐98購01  ,0,0,0,0,0,0,0,0,0,-13000,0,0,0,10000,23000,-13000,-13000
055108,智邦凱基98購01  ,0,0,0,0,0,0,0,0,0,-13000,0,0,0,12000,25000,-13000,-13000
05755P,臺股指中信99售04,0,0,0,0,0,0,0,0,0,-13000,0,0,0,67000,80000,-13000,-13000
057625,泰鼎國泰9A購01  ,0,0,0,0,0,0,0,0,0,-13000,0,0,0,0,13000,-13000,-13000
058802,矽創元大99購02  ,0,0,0,0,0,0,0,0,0,-13000,0,0,0,46000,59000,-13000,-13000
060163,健策永豐9B購01  ,0,0,0,0,0,0,0,0,0,-13000,0,0,0,100000,113000,-13000,-13000
057376,新日興元大98購04,0,0,0,0,0,0,0,0,0,-13000,0,0,0,405000,418000,-13000,-13000
060089,台積電元大99購54,0,0,0,0,0,0,0,0,0,-13000,0,0,0,37000,50000,-13000,-13000
058132,義隆元大99購03  ,0,0,0,0,0,0,0,0,0,-13000,0,0,0,110000,123000,-13000,-13000
058601,台積電元大99購10,0,0,0,0,0,0,0,0,0,-13000,0,0,0,0,13000,-13000,-13000
058874,聯鈞國票9A購01  ,0,0,0,0,0,0,0,0,0,-13000,0,0,0,1000,14000,-13000,-13000
057958,禾伸堂元大99購05,0,0,0,0,0,0,0,0,0,-13000,0,0,0,60000,73000,-13000,-13000
058590,南電中信9A購02  ,0,0,0,0,0,0,0,0,0,-13000,0,0,0,0,13000,-13000,-13000
057925,貿聯凱基99購01  ,0,0,0,0,0,0,0,0,0,-13000,0,0,0,103000,116000,-13000,-13000
06046P,健策統一96售03  ,0,0,0,0,0,0,0,0,0,-13000,0,0,0,200000,213000,-13000,-13000
6672,騰輝電子-KY     ,214000,227000,-13000,0,0,0,0,0,0,0,0,0,0,0,0,0,-13000
2483,百容            ,1000,14000,-13000,0,0,0,0,0,0,0,0,0,0,0,0,0,-13000
2495,普安            ,7000,20000,-13000,0,0,0,0,0,0,0,0,0,0,0,0,0,-13000
2509,全坤建          ,1000,14000,-13000,0,0,0,0,0,0,0,0,0,0,0,0,0,-13000
2477,美隆電          ,2000,15000,-13000,0,0,0,0,0,0,0,0,0,0,0,0,0,-13000
3019,亞光            ,215000,281000,-66000,0,0,0,0,0,0,53000,140000,66000,74000,14000,35000,-21000,-13000
4807,日成-KY         ,1000,14000,-13000,0,0,0,0,0,0,0,0,0,0,0,0,0,-13000
3321,同泰            ,3000,16000,-13000,0,0,0,0,0,0,0,0,0,0,0,0,0,-13000
4930,燦星網          ,22000,39000,-17000,0,0,0,0,0,0,4000,5000,1000,4000,0,0,0,-13000
07034P,大立光元富99售03,0,0,0,0,0,0,0,0,0,-13000,0,0,0,0,13000,-13000,-13000
07235P,T50正2元大9C售02,0,0,0,0,0,0,0,0,0,-13000,0,0,0,0,13000,-13000,-13000
07281P,鴻海凱基99售13  ,0,0,0,0,0,0,0,0,0,-13000,0,0,0,10000,23000,-13000,-13000
1560,中砂            ,20000,33000,-13000,0,0,0,0,0,0,0,0,0,0,0,0,0,-13000
07796P,聯發科國票9A售03,0,0,0,0,0,0,0,0,0,-13000,0,0,0,0,13000,-13000,-13000
07674P,金融類元大9A售01,0,0,0,0,0,0,0,0,0,-13000,0,0,0,2000,15000,-13000,-13000
063162,國喬永豐9B購01  ,0,0,0,0,0,0,0,0,0,-14000,0,0,0,0,14000,-14000,-14000
06242P,大立光元富9A售02,0,0,0,0,0,0,0,0,0,-14000,0,0,0,0,14000,-14000,-14000
061019,大毅國票9A購01  ,0,0,0,0,0,0,0,0,0,-14000,0,0,0,7000,21000,-14000,-14000
061597,南六永豐9A購04  ,0,0,0,0,0,0,0,0,0,-14000,0,0,0,115000,129000,-14000,-14000
061656,華新科國票9A購08,0,0,0,0,0,0,0,0,0,-14000,0,0,0,0,14000,-14000,-14000
055594,華新科元大98購02,0,0,0,0,0,0,0,0,0,-14000,0,0,0,0,14000,-14000,-14000
056166,微星台新97購01  ,0,0,0,0,0,0,0,0,0,-14000,0,0,0,0,14000,-14000,-14000
056002,嘉晶永豐97購01  ,0,0,0,0,0,0,0,0,0,-14000,0,0,0,7000,21000,-14000,-14000
055012,茂林元富97購01  ,0,0,0,0,0,0,0,0,0,-14000,0,0,0,6000,20000,-14000,-14000
054923,晶技凱基98購01  ,0,0,0,0,0,0,0,0,0,-14000,0,0,0,20000,34000,-14000,-14000
00690,兆豐藍籌30      ,0,0,0,0,0,0,0,0,0,-14000,0,0,0,157000,171000,-14000,-14000
053697,臻鼎元大96購02  ,0,0,0,0,0,0,0,0,0,-14000,0,0,0,0,14000,-14000,-14000
054418,茂林元大97購01  ,0,0,0,0,0,0,0,0,0,-14000,0,0,0,0,14000,-14000,-14000
054332,世芯永豐97購01  ,0,0,0,0,0,0,0,0,0,-14000,0,0,0,54000,68000,-14000,-14000
060686,康友元大9A購02  ,0,0,0,0,0,0,0,0,0,-14000,0,0,0,66000,80000,-14000,-14000
058855,台積電兆豐99購02,0,0,0,0,0,0,0,0,0,-14000,0,0,0,597000,611000,-14000,-14000
058878,旭富國泰9B購01  ,0,0,0,0,0,0,0,0,0,-14000,0,0,0,40000,54000,-14000,-14000
056929,華新科台新98購01,0,0,0,0,0,0,0,0,0,-14000,0,0,0,8000,22000,-14000,-14000
059917,華新科元大99購19,0,0,0,0,0,0,0,0,0,-14000,0,0,0,34000,48000,-14000,-14000
059524,FBVIX凱基9A購02 ,0,0,0,0,0,0,0,0,0,-14000,0,0,0,26000,40000,-14000,-14000
057553,景碩凱基98購03  ,0,0,0,0,0,0,0,0,0,-14000,0,0,0,0,14000,-14000,-14000
07786P,南電中信9C售01  ,0,0,0,0,0,0,0,0,0,-14000,0,0,0,130000,144000,-14000,-14000
1616,億泰            ,1000,15000,-14000,0,0,0,0,0,0,0,0,0,0,0,0,0,-14000
1456,怡華            ,2000,16000,-14000,0,0,0,0,0,0,0,0,0,0,0,0,0,-14000
1219,福壽            ,0,14000,-14000,0,0,0,0,0,0,0,0,0,0,0,0,0,-14000
07423P,大立光元大99售33,0,0,0,0,0,0,0,0,0,-14000,0,0,0,1000,15000,-14000,-14000
06634P,欣興國票98售02  ,0,0,0,0,0,0,0,0,0,-14000,0,0,0,0,14000,-14000,-14000
2305,全友            ,0,14000,-14000,0,0,0,0,0,0,0,0,0,0,0,0,0,-14000
062086,瑞祺元大9B購01  ,0,0,0,0,0,0,0,0,0,-15000,0,0,0,137000,152000,-15000,-15000
060936,T50反1國票9A購09,0,0,0,0,0,0,0,0,0,-15000,0,0,0,0,15000,-15000,-15000
060912,華新科元大9A購10,0,0,0,0,0,0,0,0,0,-15000,0,0,0,5000,20000,-15000,-15000
061324,華新科凱基9C購01,0,0,0,0,0,0,0,0,0,-15000,0,0,0,110000,125000,-15000,-15000
061296,台積電國泰9C購01,0,0,0,0,0,0,0,0,0,-15000,0,0,0,5000,20000,-15000,-15000
061390,大立光群益9A購04,0,0,0,0,0,0,0,0,0,-15000,0,0,0,1000,16000,-15000,-15000
061365,國巨國票9B購05  ,0,0,0,0,0,0,0,0,0,-15000,0,0,0,6000,21000,-15000,-15000
062317,祥碩凱基9B購03  ,0,0,0,0,0,0,0,0,0,-15000,0,0,0,0,15000,-15000,-15000
06230P,亞德客永豐97售03,0,0,0,0,0,0,0,0,0,-15000,0,0,0,0,15000,-15000,-15000
062493,元金反中信9B購01,0,0,0,0,0,0,0,0,0,-15000,0,0,0,25000,40000,-15000,-15000
062605,上銀凱基9B購03  ,0,0,0,0,0,0,0,0,0,-15000,0,0,0,101000,116000,-15000,-15000
062772,T50反1元大9B購06,0,0,0,0,0,0,0,0,0,-15000,0,0,0,0,15000,-15000,-15000
062705,美食元大9B購01  ,0,0,0,0,0,0,0,0,0,-15000,0,0,0,23000,38000,-15000,-15000
063300,華通凱基9B購05  ,0,0,0,0,0,0,0,0,0,-15000,0,0,0,7000,22000,-15000,-15000
052353,高鐵群益97購01  ,0,0,0,0,0,0,0,0,0,-15000,0,0,0,0,15000,-15000,-15000
055727,矽力元大97購02  ,0,0,0,0,0,0,0,0,0,-15000,0,0,0,0,15000,-15000,-15000
056634,為升兆豐99購01  ,0,0,0,0,0,0,0,0,0,-15000,0,0,0,0,15000,-15000,-15000
051907,台積電元大97購05,0,0,0,0,0,0,0,0,0,-15000,0,0,0,0,15000,-15000,-15000
053083,中環元大99購01  ,0,0,0,0,0,0,0,0,0,-15000,0,0,0,10000,25000,-15000,-15000
051381,玉晶光群益98購01,0,0,0,0,0,0,0,0,0,-15000,0,0,0,25000,40000,-15000,-15000
054201,聯詠富邦97購02  ,0,0,0,0,0,0,0,0,0,-15000,0,0,0,0,15000,-15000,-15000
053979,健策元大98購01  ,0,0,0,0,0,0,0,0,0,-15000,0,0,0,0,15000,-15000,-15000
054965,健策元大98購04  ,0,0,0,0,0,0,0,0,0,-15000,0,0,0,10000,25000,-15000,-15000
055960,義隆元大97購01  ,0,0,0,0,0,0,0,0,0,-15000,0,0,0,335000,350000,-15000,-15000
055929,聯發科群益97購05,0,0,0,0,0,0,0,0,0,-15000,0,0,0,110000,125000,-15000,-15000
058257,聯陽國泰9B購01  ,0,0,0,0,0,0,0,0,0,-15000,0,0,0,0,15000,-15000,-15000
059159,上銀凱基99購05  ,0,0,0,0,0,0,0,0,0,-15000,0,0,0,36000,51000,-15000,-15000
056584,鴻海統一9B購01  ,0,0,0,0,0,0,0,0,0,-15000,0,0,0,1066000,1081000,-15000,-15000
054621,華新科兆豐98購01,0,0,0,0,0,0,0,0,0,-15000,0,0,0,0,15000,-15000,-15000
055377,揚明光元大98購01,0,0,0,0,0,0,0,0,0,-15000,0,0,0,50000,65000,-15000,-15000
058807,和大統一9B購01  ,0,0,0,0,0,0,0,0,0,-15000,0,0,0,0,15000,-15000,-15000
059573,健策凱基9A購02  ,0,0,0,0,0,0,0,0,0,-15000,0,0,0,91000,106000,-15000,-15000
059732,超眾元大9A購01  ,0,0,0,0,0,0,0,0,0,-15000,0,0,0,33000,48000,-15000,-15000
059649,矽力凱基99購02  ,0,0,0,0,0,0,0,0,0,-15000,0,0,0,0,15000,-15000,-15000
05980P,台積電永昌96售09,0,0,0,0,0,0,0,0,0,-15000,0,0,0,503000,518000,-15000,-15000
059864,亞德客凱基99購01,0,0,0,0,0,0,0,0,0,-15000,0,0,0,46000,61000,-15000,-15000
059979,台積電元大99購49,0,0,0,0,0,0,0,0,0,-15000,0,0,0,85000,100000,-15000,-15000
056950,亞光統一99購01  ,0,0,0,0,0,0,0,0,0,-15000,0,0,0,0,15000,-15000,-15000
057471,昇陽半永豐98購02,0,0,0,0,0,0,0,0,0,-15000,0,0,0,0,15000,-15000,-15000
057707,臺股指群益98購07,0,0,0,0,0,0,0,0,0,-15000,0,0,0,135000,150000,-15000,-15000
060237,友達元大9A購06  ,0,0,0,0,0,0,0,0,0,-15000,0,0,0,150000,165000,-15000,-15000
05793P,臺股指中信99售08,0,0,0,0,0,0,0,0,0,-15000,0,0,0,0,15000,-15000,-15000
2482,連宇            ,3000,18000,-15000,0,0,0,0,0,0,0,0,0,0,0,0,0,-15000
3002,歐格            ,0,15000,-15000,0,0,0,0,0,0,0,0,0,0,0,0,0,-15000
3149,正達            ,41000,56000,-15000,0,0,0,0,0,0,0,0,0,0,0,0,0,-15000
3164,景岳            ,4000,20000,-16000,0,0,0,0,0,0,1000,1000,0,1000,0,0,0,-15000
06624P,訊芯元大98售06  ,0,0,0,0,0,0,0,0,0,-15000,0,0,0,259000,274000,-15000,-15000
06680P,智邦元大98售06  ,0,0,0,0,0,0,0,0,0,-15000,0,0,0,0,15000,-15000,-15000
06757P,台灣50元大9B售01,0,0,0,0,0,0,0,0,0,-15000,0,0,0,0,15000,-15000,-15000
06724P,台灣50國票98售01,0,0,0,0,0,0,0,0,0,-15000,0,0,0,0,15000,-15000,-15000
06461P,玉晶光國泰9A售01,0,0,0,0,0,0,0,0,0,-15000,0,0,0,10000,25000,-15000,-15000
06835P,台灣50國票9A售01,0,0,0,0,0,0,0,0,0,-15000,0,0,0,0,15000,-15000,-15000
07414P,台積電元大99售51,0,0,0,0,0,0,0,0,0,-15000,0,0,0,0,15000,-15000,-15000
07420P,可成元大99售07  ,0,0,0,0,0,0,0,0,0,-15000,0,0,0,0,15000,-15000,-15000
07388P,臺股指群益9C售07,0,0,0,0,0,0,0,0,0,-15000,0,0,0,0,15000,-15000,-15000
07266P,大立光元大99售19,0,0,0,0,0,0,0,0,0,-15000,0,0,0,0,15000,-15000,-15000
07328P,FBVIX國泰9B售01 ,0,0,0,0,0,0,0,0,0,-15000,0,0,0,0,15000,-15000,-15000
07303P,臺股指元大9A售36,0,0,0,0,0,0,0,0,0,-15000,0,0,0,364000,379000,-15000,-15000
07206P,鴻海凱基9A售11  ,0,0,0,0,0,0,0,0,0,-15000,0,0,0,3000,18000,-15000,-15000
07150P,和碩元大99售01  ,0,0,0,0,0,0,0,0,0,-15000,0,0,0,0,15000,-15000,-15000
07172P,臺股指國票99售09,0,0,0,0,0,0,0,0,0,-15000,0,0,0,12000,27000,-15000,-15000
1442,名軒            ,6000,21000,-15000,0,0,0,0,0,0,0,0,0,0,0,0,0,-15000
1541,錩泰            ,2000,17000,-15000,0,0,0,0,0,0,0,0,0,0,0,0,0,-15000
2024,志聯            ,0,15000,-15000,0,0,0,0,0,0,0,0,0,0,0,0,0,-15000
07979P,大立光凱基9B售05,0,0,0,0,0,0,0,0,0,-15000,0,0,0,0,15000,-15000,-15000
063478,GIS元大9B購03   ,0,0,0,0,0,0,0,0,0,-16000,0,0,0,0,16000,-16000,-16000
062883,智易兆豐9C購01  ,0,0,0,0,0,0,0,0,0,-16000,0,0,0,147000,163000,-16000,-16000
062481,同欣電國票9B購01,0,0,0,0,0,0,0,0,0,-16000,0,0,0,77000,93000,-16000,-16000
062413,台光電中信9B購02,0,0,0,0,0,0,0,0,0,-16000,0,0,0,11000,27000,-16000,-16000
061177,大立光凱基9A購10,0,0,0,0,0,0,0,0,0,-16000,0,0,0,0,16000,-16000,-16000
060913,宏達電元大9A購03,0,0,0,0,0,0,0,0,0,-16000,0,0,0,17000,33000,-16000,-16000
060977,亞德客元大9A購04,0,0,0,0,0,0,0,0,0,-16000,0,0,0,128000,144000,-16000,-16000
061044,世紀鋼永豐9A購02,0,0,0,0,0,0,0,0,0,-16000,0,0,0,0,16000,-16000,-16000
061997,台郡元大9B購03  ,0,0,0,0,0,0,0,0,0,-16000,0,0,0,251000,267000,-16000,-16000
061641,玉晶光元大9A購17,0,0,0,0,0,0,0,0,0,-16000,0,0,0,5000,21000,-16000,-16000
056475,宏達電元大99購02,0,0,0,0,0,0,0,0,0,-16000,0,0,0,0,16000,-16000,-16000
056291,聯茂永豐97購03  ,0,0,0,0,0,0,0,0,0,-16000,0,0,0,0,16000,-16000,-16000
058977,SGBR2X凱基03購01,0,0,0,0,0,0,0,0,0,-16000,0,0,0,31000,47000,-16000,-16000
059030,奇力新兆豐99購03,0,0,0,0,0,0,0,0,0,-16000,0,0,0,0,16000,-16000,-16000
055215,智邦凱基98購02  ,0,0,0,0,0,0,0,0,0,-16000,0,0,0,0,16000,-16000,-16000
056132,台光電元大97購03,0,0,0,0,0,0,0,0,0,-16000,0,0,0,72000,88000,-16000,-16000
049272,世紀鋼元大96購02,0,0,0,0,0,0,0,0,0,-16000,0,0,0,0,16000,-16000,-16000
054265,GIS元大96購03   ,0,0,0,0,0,0,0,0,0,-16000,0,0,0,93000,109000,-16000,-16000
053500,新日興兆豐97購01,0,0,0,0,0,0,0,0,0,-16000,0,0,0,77000,93000,-16000,-16000
058249,緯穎元大99購04  ,0,0,0,0,0,0,0,0,0,-16000,0,0,0,24000,40000,-16000,-16000
058035,旭富永豐98購02  ,0,0,0,0,0,0,0,0,0,-16000,0,0,0,60000,76000,-16000,-16000
059767,矽力永豐99購01  ,0,0,0,0,0,0,0,0,0,-16000,0,0,0,1000,17000,-16000,-16000
059685,T50正2永豐99購02,0,0,0,0,0,0,0,0,0,-16000,0,0,0,5000,21000,-16000,-16000
07799P,南電國票9A售04  ,0,0,0,0,0,0,0,0,0,-16000,0,0,0,0,16000,-16000,-16000
07819P,旺宏國票9B售01  ,0,0,0,0,0,0,0,0,0,-16000,0,0,0,210000,226000,-16000,-16000
1733,五鼎            ,43000,61000,-18000,0,0,0,0,0,0,2000,3000,1000,2000,0,0,0,-16000
1110,東泥            ,15000,31000,-16000,0,0,0,0,0,0,0,0,0,0,0,0,0,-16000
08111P,臺股指中信01售06,0,0,0,0,0,0,0,0,0,-16000,0,0,0,10000,26000,-16000,-16000
07374P,鴻海元大99售41  ,0,0,0,0,0,0,0,0,0,-16000,0,0,0,0,16000,-16000,-16000
07067P,旺宏台新99售02  ,0,0,0,0,0,0,0,0,0,-16000,0,0,0,80000,96000,-16000,-16000
4164,承業醫          ,31000,49000,-18000,0,0,0,0,0,0,2000,4000,2000,2000,0,0,0,-16000
3682,亞太電          ,673000,689000,-16000,0,0,0,0,0,0,0,0,0,0,0,0,0,-16000
2832,台產            ,43000,59000,-16000,0,0,0,0,0,0,0,0,0,0,0,0,0,-16000
061684,T50反1群益9A購06,0,0,0,0,0,0,0,0,0,-17000,0,0,0,10000,27000,-17000,-17000
06144P,台光電永豐97售01,0,0,0,0,0,0,0,0,0,-17000,0,0,0,20000,37000,-17000,-17000
061468,神達群益9A購01  ,0,0,0,0,0,0,0,0,0,-17000,0,0,0,321000,338000,-17000,-17000
061882,矽創元大9B購01  ,0,0,0,0,0,0,0,0,0,-17000,0,0,0,149000,166000,-17000,-17000
062272,鴻海群益9B購05  ,0,0,0,0,0,0,0,0,0,-17000,0,0,0,124000,141000,-17000,-17000
063181,聚陽凱基9B購01  ,0,0,0,0,0,0,0,0,0,-17000,0,0,0,40000,57000,-17000,-17000
063203,華新科統一9C購04,0,0,0,0,0,0,0,0,0,-17000,0,0,0,74000,91000,-17000,-17000
054237,茂林群益97購01  ,0,0,0,0,0,0,0,0,0,-17000,0,0,0,0,17000,-17000,-17000
00656R,國泰中國A50反1  ,407000,1379000,-972000,0,0,0,0,0,0,955000,0,0,0,1031000,76000,955000,-17000
055230,大毅國票98購01  ,0,0,0,0,0,0,0,0,0,-17000,0,0,0,9000,26000,-17000,-17000
058972,新日興永豐9A購01,0,0,0,0,0,0,0,0,0,-17000,0,0,0,0,17000,-17000,-17000
058987,華新科凱基9B購01,0,0,0,0,0,0,0,0,0,-17000,0,0,0,0,17000,-17000,-17000
056403,茂林群益98購01  ,0,0,0,0,0,0,0,0,0,-17000,0,0,0,3000,20000,-17000,-17000
055577,晶技統一97購02  ,0,0,0,0,0,0,0,0,0,-17000,0,0,0,3000,20000,-17000,-17000
057665,技嘉元大99購01  ,0,0,0,0,0,0,0,0,0,-17000,0,0,0,28000,45000,-17000,-17000
057498,台郡元大98購04  ,0,0,0,0,0,0,0,0,0,-17000,0,0,0,10000,27000,-17000,-17000
060472,中租元大9A購02  ,0,0,0,0,0,0,0,0,0,-17000,0,0,0,31000,48000,-17000,-17000
060556,緯穎凱基9A購04  ,0,0,0,0,0,0,0,0,0,-17000,0,0,0,47000,64000,-17000,-17000
2913,農林            ,191000,210000,-19000,0,0,0,0,0,0,2000,2000,0,2000,0,0,0,-17000
4144,康聯-KY         ,80000,97000,-17000,0,0,0,0,0,0,0,1000,1000,0,0,0,0,-17000
5258,虹堡            ,2000,28000,-26000,0,0,0,0,0,0,9000,9000,0,9000,0,0,0,-17000
9908,大台北          ,1000,18000,-17000,0,0,0,0,0,0,0,0,0,0,0,0,0,-17000
06886P,旺宏元大99售07  ,0,0,0,0,0,0,0,0,0,-17000,0,0,0,16000,33000,-17000,-17000
06720P,智邦亞東99售01  ,0,0,0,0,0,0,0,0,0,-17000,0,0,0,0,17000,-17000,-17000
06693P,臺股指凱基98售01,0,0,0,0,0,0,0,0,0,-17000,0,0,0,5000,22000,-17000,-17000
06673P,大立光群益98售01,0,0,0,0,0,0,0,0,0,-17000,0,0,0,0,17000,-17000,-17000
1603,華電            ,0,17000,-17000,0,0,0,0,0,0,0,0,0,0,0,0,0,-17000
07988P,台積電台新9C售03,0,0,0,0,0,0,0,0,0,-17000,0,0,0,0,17000,-17000,-17000
07890P,南電國票9B售01  ,0,0,0,0,0,0,0,0,0,-17000,0,0,0,43000,60000,-17000,-17000
2425,承啟            ,19468,38000,-18532,0,0,0,0,0,0,1000,1000,0,1000,0,0,0,-17532
063342,台光電統一9B購02,0,0,0,0,0,0,0,0,0,-18000,0,0,0,42000,60000,-18000,-18000
063498,金像電永豐9B購02,0,0,0,0,0,0,0,0,0,-18000,0,0,0,0,18000,-18000,-18000
06236P,台積電元大97售25,0,0,0,0,0,0,0,0,0,-18000,0,0,0,50000,68000,-18000,-18000
061674,聯發科元大9A購12,0,0,0,0,0,0,0,0,0,-18000,0,0,0,0,18000,-18000,-18000
061754,晶技麥證9B購01  ,0,0,0,0,18000,-18000,0,0,0,-18000,0,0,0,0,18000,-18000,-18000
060782,道瓊指富邦9C購01,0,0,0,0,0,0,0,0,0,-18000,0,0,0,1000,19000,-18000,-18000
061105,宏達電元大9A購04,0,0,0,0,0,0,0,0,0,-18000,0,0,0,77000,95000,-18000,-18000
061345,玉晶光元大9A購14,0,0,0,0,0,0,0,0,0,-18000,0,0,0,0,18000,-18000,-18000
055861,矽力元大97購03  ,0,0,0,0,0,0,0,0,0,-18000,0,0,0,0,18000,-18000,-18000
059040,訊芯群益99購03  ,0,0,0,0,0,0,0,0,0,-18000,0,0,0,80000,98000,-18000,-18000
058986,華新科凱基9A購03,0,0,0,0,0,0,0,0,0,-18000,0,0,0,3000,21000,-18000,-18000
059282,嘉聯益永豐99購01,0,0,0,0,0,0,0,0,0,-18000,0,0,0,31000,49000,-18000,-18000
056160,智易凱基97購03  ,0,0,0,0,0,0,0,0,0,-18000,0,0,0,0,18000,-18000,-18000
055026,健和興國泰98購01,0,0,0,0,0,0,0,0,0,-18000,0,0,0,7000,25000,-18000,-18000
050983,新光金國泰97購01,0,0,0,0,0,0,0,0,0,-18000,0,0,0,0,18000,-18000,-18000
049255,旺宏元大97購02  ,0,0,0,0,0,0,0,0,0,-18000,0,0,0,0,18000,-18000,-18000
054411,光磊元大97購02  ,0,0,0,0,0,0,0,0,0,-18000,0,0,0,50000,68000,-18000,-18000
053662,矽力凱基97購01  ,0,0,0,0,0,0,0,0,0,-18000,0,0,0,11000,29000,-18000,-18000
060675,南亞科元大9A購02,0,0,0,0,0,0,0,0,0,-18000,0,0,0,67000,85000,-18000,-18000
058078,景碩國票99購01  ,0,0,0,0,0,0,0,0,0,-18000,0,0,0,20000,38000,-18000,-18000
057567,嘉聯益富邦9A購01,0,0,0,0,0,0,0,0,0,-18000,0,0,0,5000,23000,-18000,-18000
058796,可成元大99購04  ,0,0,0,0,0,0,0,0,0,-18000,0,0,0,32000,50000,-18000,-18000
059503,大立光富邦9B購04,0,0,0,0,0,0,0,0,0,-18000,0,0,0,192000,210000,-18000,-18000
3027,盛達            ,0,24000,-24000,0,0,0,0,0,0,6000,6000,0,6000,0,0,0,-18000
6215,和椿            ,48000,66000,-18000,0,0,0,0,0,0,0,0,0,0,0,0,0,-18000
3686,達能            ,0,18000,-18000,0,0,0,0,0,0,0,0,0,0,0,0,0,-18000
910322,康師傅-DR       ,0,18000,-18000,0,0,0,0,0,0,0,0,0,0,0,0,0,-18000
07905P,大立光群益9B售04,0,0,0,0,0,0,0,0,0,-18000,0,0,0,0,18000,-18000,-18000
08092P,仁寶元富9B售02  ,0,0,0,0,0,0,0,0,0,-18000,0,0,0,10000,28000,-18000,-18000
1203,味王            ,9000,27000,-18000,0,0,0,0,0,0,0,0,0,0,0,0,0,-18000
06475P,牧德永豐98售03  ,0,0,0,0,0,0,0,0,0,-18000,0,0,0,0,18000,-18000,-18000
07055P,景碩群益9A售02  ,0,0,0,0,0,0,0,0,0,-18000,0,0,0,0,18000,-18000,-18000
06972P,聯發科元大99售04,0,0,0,0,0,0,0,0,0,-18000,0,0,0,0,18000,-18000,-18000
07265P,大立光元大99售16,0,0,0,0,0,0,0,0,0,-18000,0,0,0,499000,517000,-18000,-18000
061340,義隆元大9A購01  ,0,0,0,0,0,0,0,0,0,-19000,0,0,0,98000,117000,-19000,-19000
062138,力成群益9B購01  ,0,0,0,0,0,0,0,0,0,-19000,0,0,0,108000,127000,-19000,-19000
062148,奇鋐國票9B購01  ,0,0,0,0,0,0,0,0,0,-19000,0,0,0,27000,46000,-19000,-19000
062642,帆宣國票9B購01  ,0,0,0,0,0,0,0,0,0,-19000,0,0,0,249000,268000,-19000,-19000
062736,漢唐國票9B購01  ,0,0,0,0,0,0,0,0,0,-19000,0,0,0,19000,38000,-19000,-19000
063179,群創兆豐9B購01  ,0,0,0,0,0,0,0,0,0,-19000,0,0,0,51000,70000,-19000,-19000
063039,大立光凱基9C購02,0,0,0,0,0,0,0,0,0,-19000,0,0,0,0,19000,-19000,-19000
051231,健策群益97購01  ,0,0,0,0,0,0,0,0,0,-19000,0,0,0,6000,25000,-19000,-19000
00730,富邦臺灣優質高息,34000,0,34000,0,0,0,0,0,0,-53000,0,0,0,382000,435000,-53000,-19000
055886,上銀統一97購02  ,0,0,0,0,0,0,0,0,0,-19000,0,0,0,8000,27000,-19000,-19000
056749,滬深2X兆豐99購01,0,0,0,0,0,0,0,0,0,-19000,0,0,0,0,19000,-19000,-19000
056386,TPK國泰99購01   ,0,0,0,0,0,0,0,0,0,-19000,0,0,0,12000,31000,-19000,-19000
056430,鴻海凱基98購06  ,0,0,0,0,0,0,0,0,0,-19000,0,0,0,31000,50000,-19000,-19000
056481,創意元大98購01  ,0,0,0,0,0,0,0,0,0,-19000,0,0,0,101000,120000,-19000,-19000
059642,健策凱基99購04  ,0,0,0,0,0,0,0,0,0,-19000,0,0,0,92000,111000,-19000,-19000
057650,力成元大98購04  ,0,0,0,0,0,0,0,0,0,-19000,0,0,0,62000,81000,-19000,-19000
058371,智原凱基9A購01  ,0,0,0,0,0,0,0,0,0,-19000,0,0,0,67000,86000,-19000,-19000
059976,道瓊銀元大99購01,0,0,0,0,0,0,0,0,0,-19000,0,0,0,70000,89000,-19000,-19000
058656,燿華中信99購01  ,0,0,0,0,0,0,0,0,0,-19000,0,0,0,22000,41000,-19000,-19000
07228P,台灣50群益9B售06,0,0,0,0,0,0,0,0,0,-19000,0,0,0,0,19000,-19000,-19000
06824P,台灣50國票99售02,0,0,0,0,0,0,0,0,0,-19000,0,0,0,0,19000,-19000,-19000
06550P,健策元大99售01  ,0,0,0,0,0,0,0,0,0,-19000,0,0,0,0,19000,-19000,-19000
08168P,金像電群益9B售03,0,0,0,0,0,0,0,0,0,-19000,0,0,0,0,19000,-19000,-19000
1455,集盛            ,101000,122000,-21000,0,0,0,0,0,0,2000,2000,0,2000,0,0,0,-19000
1465,偉全            ,0,19000,-19000,0,0,0,0,0,0,0,0,0,0,0,0,0,-19000
07865P,可成元大9B售02  ,0,0,0,0,0,0,0,0,0,-19000,0,0,0,0,19000,-19000,-19000
07966P,瑞祺群益9B售02  ,0,0,0,0,0,0,0,0,0,-19000,0,0,0,76000,95000,-19000,-19000
08011P,玉晶光元大9B售05,0,0,0,0,0,0,0,0,0,-19000,0,0,0,13000,32000,-19000,-19000
3712,永崴投控        ,49000,68000,-19000,0,0,0,0,0,0,0,0,0,0,0,0,0,-19000
063061,華新科元富9B購04,0,0,0,0,0,0,0,0,0,-20000,0,0,0,0,20000,-20000,-20000
063087,南六凱基9C購02  ,0,0,0,0,0,0,0,0,0,-20000,0,0,0,0,20000,-20000,-20000
062816,華新科兆豐9B購01,0,0,0,0,0,0,0,0,0,-20000,0,0,0,0,20000,-20000,-20000
063251,同欣電元大9B購04,0,0,0,0,0,0,0,0,0,-20000,0,0,0,11000,31000,-20000,-20000
063262,南六富邦9C購01  ,0,0,0,0,0,0,0,0,0,-20000,0,0,0,0,20000,-20000,-20000
06395P,台積電元大97售29,0,0,0,0,0,0,0,0,0,-20000,0,0,0,0,20000,-20000,-20000
063344,臺企銀統一9C購01,0,0,0,0,0,0,0,0,0,-20000,0,0,0,0,20000,-20000,-20000
063489,新日興國泰01購01,0,0,0,0,0,0,0,0,0,-20000,0,0,0,0,20000,-20000,-20000
062734,臺指反國票9C購03,0,0,0,0,0,0,0,0,0,-20000,0,0,0,0,20000,-20000,-20000
062754,台勝科麥證9B購01,0,0,0,70000,90000,-20000,0,0,0,-20000,0,0,0,70000,90000,-20000,-20000
062657,華新科第一9B購01,0,0,0,0,0,0,0,0,0,-20000,0,0,0,0,20000,-20000,-20000
062658,聯茂第一9B購01  ,0,0,0,0,0,0,0,0,0,-20000,0,0,0,80000,100000,-20000,-20000
062676,南六台新9B購01  ,0,0,0,0,0,0,0,0,0,-20000,0,0,0,0,20000,-20000,-20000
062474,台表科凱基9C購01,0,0,0,0,0,0,0,0,0,-20000,0,0,0,24000,44000,-20000,-20000
062560,奇鋐凱基9B購02  ,0,0,0,0,0,0,0,0,0,-20000,0,0,0,10000,30000,-20000,-20000
062172,南六永豐9B購01  ,0,0,0,0,0,0,0,0,0,-20000,0,0,0,0,20000,-20000,-20000
062261,嘉晶元大9B購02  ,0,0,0,0,0,0,0,0,0,-20000,0,0,0,1000,21000,-20000,-20000
062424,聯發科統一9C購08,0,0,0,0,0,0,0,0,0,-20000,0,0,0,0,20000,-20000,-20000
061976,國巨元大9B購01  ,0,0,0,0,0,0,0,0,0,-20000,0,0,0,0,20000,-20000,-20000
061910,台積電中信05購03,0,0,0,0,0,0,0,0,0,-20000,0,0,0,41000,61000,-20000,-20000
061937,聯發科國票9B購02,0,0,0,0,0,0,0,0,0,-20000,0,0,0,0,20000,-20000,-20000
061938,大立光國票9B購03,0,0,0,0,0,0,0,0,0,-20000,0,0,0,0,20000,-20000,-20000
061834,華新科凱基02購02,0,0,0,0,0,0,0,0,0,-20000,0,0,0,0,20000,-20000,-20000
061486,國巨兆豐9B購02  ,0,0,0,0,0,0,0,0,0,-20000,0,0,0,7000,27000,-20000,-20000
061599,元金反中信9C購01,0,0,0,0,0,0,0,0,0,-20000,0,0,0,9000,29000,-20000,-20000
061602,旺宏凱基9A購06  ,0,0,0,0,0,0,0,0,0,-20000,0,0,0,6000,26000,-20000,-20000
06142P,台虹康和97售02  ,0,0,0,0,0,0,0,0,0,-20000,0,0,0,0,20000,-20000,-20000
061078,台積電兆豐9A購01,0,0,0,0,0,0,0,0,0,-20000,0,0,0,0,20000,-20000,-20000
060751,高股息元大9B購01,0,0,0,0,0,0,0,0,0,-20000,0,0,0,0,20000,-20000,-20000
060745,京元電國票9A購01,0,0,0,0,0,0,0,0,0,-20000,0,0,0,0,20000,-20000,-20000
060879,華新科中信9A購02,0,0,0,0,0,0,0,0,0,-20000,0,0,0,0,20000,-20000,-20000
060895,華新科凱基9B購05,0,0,0,0,0,0,0,0,0,-20000,0,0,0,10000,30000,-20000,-20000
060814,健策凱基9B購01  ,0,0,0,0,0,0,0,0,0,-20000,0,0,0,62000,82000,-20000,-20000
060924,大毅永豐9A購03  ,0,0,0,0,0,0,0,0,0,-20000,0,0,0,0,20000,-20000,-20000
060925,華新科永豐9A購01,0,0,0,0,0,0,0,0,0,-20000,0,0,0,0,20000,-20000,-20000
056503,楠梓電永豐98購01,0,0,0,0,0,0,0,0,0,-20000,0,0,0,0,20000,-20000,-20000
05629P,聯發科永昌99售02,0,0,0,0,0,0,0,0,0,-20000,0,0,0,0,20000,-20000,-20000
056302,大立光元大97購17,0,0,0,0,0,0,0,0,0,-20000,0,0,0,0,20000,-20000,-20000
056441,燿華凱基98購01  ,0,0,0,0,0,0,0,0,0,-20000,0,0,0,0,20000,-20000,-20000
055575,華新科統一98購01,0,0,0,0,0,0,0,0,0,-20000,0,0,0,0,20000,-20000,-20000
054641,祥碩中信98購01  ,0,0,0,0,0,0,0,0,0,-20000,0,0,0,0,20000,-20000,-20000
054642,訊芯中信9A購01  ,0,0,0,0,0,0,0,0,0,-20000,0,0,0,0,20000,-20000,-20000
055615,宏達電國票99購02,0,0,0,0,0,0,0,0,0,-20000,0,0,0,0,20000,-20000,-20000
054744,晶相光凱基99購01,0,0,0,0,0,0,0,0,0,-20000,0,0,0,0,20000,-20000,-20000
055421,玉晶光永豐98購04,0,0,0,0,0,0,0,0,0,-20000,0,0,0,0,20000,-20000,-20000
054975,福懋科元大97購01,0,0,0,0,0,0,0,0,0,-20000,0,0,0,0,20000,-20000,-20000
056128,和大中信99購01  ,0,0,0,0,0,0,0,0,0,-20000,0,0,0,0,20000,-20000,-20000
059067,上銀國票9A購02  ,0,0,0,0,0,0,0,0,0,-20000,0,0,0,10000,30000,-20000,-20000
059262,致茂中信01購01  ,0,0,0,0,0,0,0,0,0,-20000,0,0,0,0,20000,-20000,-20000
059020,元油2X統一9B購02,0,0,0,0,0,0,0,0,0,-20000,0,0,0,0,20000,-20000,-20000
059029,旺宏兆豐99購01  ,0,0,0,0,0,0,0,0,0,-20000,0,0,0,0,20000,-20000,-20000
050485,國巨統一96購01  ,0,0,0,0,0,0,0,0,0,-20000,0,0,0,400000,420000,-20000,-20000
051510,新光金中信97購01,0,0,0,0,0,0,0,0,0,-20000,0,0,0,0,20000,-20000,-20000
045836,群創群益98購01  ,0,0,0,0,0,0,0,0,0,-20000,0,0,0,0,20000,-20000,-20000
048892,台郡元富97購01  ,0,0,0,0,0,0,0,0,0,-20000,0,0,0,10000,30000,-20000,-20000
04437P,滬深2X群益98售03,0,0,0,0,0,0,0,0,0,-20000,0,0,0,0,20000,-20000,-20000
050227,大立光中信96購01,0,0,0,0,0,0,0,0,0,-20000,0,0,0,0,20000,-20000,-20000
02001R,富邦蘋果反一N   ,0,0,0,0,0,0,0,0,0,-20000,0,0,0,5000,25000,-20000,-20000
054256,創意元大96購07  ,0,0,0,0,0,0,0,0,0,-20000,0,0,0,0,20000,-20000,-20000
054309,禾伸堂凱基98購01,0,0,0,0,0,0,0,0,0,-20000,0,0,0,0,20000,-20000,-20000
054279,揚明光群益98購01,0,0,0,0,0,0,0,0,0,-20000,0,0,0,30000,50000,-20000,-20000
053760,牧德國泰98購01  ,0,0,0,0,0,0,0,0,0,-20000,0,0,0,0,20000,-20000,-20000
053817,華新科群益97購02,0,0,0,0,0,0,0,0,0,-20000,0,0,0,0,20000,-20000,-20000
052112,滬深2X中信99購01,0,0,0,0,0,0,0,0,0,-20000,0,0,0,0,20000,-20000,-20000
053439,台積電凱基96購11,0,0,0,0,0,0,0,0,0,-20000,0,0,0,24000,44000,-20000,-20000
052202,矽力統一96購01  ,0,0,0,0,0,0,0,0,0,-20000,0,0,0,0,20000,-20000,-20000
056699,光罩國泰99購01  ,0,0,0,0,0,0,0,0,0,-20000,0,0,0,0,20000,-20000,-20000
058592,聯發科統一9C購01,0,0,0,0,0,0,0,0,0,-20000,0,0,0,0,20000,-20000,-20000
057891,華新科統一9A購01,0,0,0,0,0,0,0,0,0,-20000,0,0,0,0,20000,-20000,-20000
057913,健策日盛98購01  ,0,0,0,0,0,0,0,0,0,-20000,0,0,0,0,20000,-20000,-20000
058911,茂林元大99購04  ,0,0,0,0,0,0,0,0,0,-20000,0,0,0,2000,22000,-20000,-20000
060493,美律元富01購01  ,0,0,0,0,0,0,0,0,0,-20000,0,0,0,167000,187000,-20000,-20000
060496,滬深2X元大9A購05,0,0,0,0,0,0,0,0,0,-20000,0,0,0,0,20000,-20000,-20000
060434,台汽電永豐9A購01,0,0,0,0,0,0,0,0,0,-20000,0,0,0,20000,40000,-20000,-20000
058101,台積電富邦9C購01,0,0,0,0,0,0,0,0,0,-20000,0,0,0,0,20000,-20000,-20000
058048,群創元大9B購07  ,0,0,0,0,0,0,0,0,0,-20000,0,0,0,0,20000,-20000,-20000
058051,同欣電元大98購03,0,0,0,0,0,0,0,0,0,-20000,0,0,0,0,20000,-20000,-20000
058512,宏達電元大99購04,0,0,0,0,0,0,0,0,0,-20000,0,0,0,73000,93000,-20000,-20000
057276,全新元大99購03  ,0,0,0,0,0,0,0,0,0,-20000,0,0,0,0,20000,-20000,-20000
057286,群創元大9B購05  ,0,0,0,0,0,0,0,0,0,-20000,0,0,0,0,20000,-20000,-20000
057153,祥碩國泰99購01  ,0,0,0,0,0,0,0,0,0,-20000,0,0,0,0,20000,-20000,-20000
060026,聯發科富邦9B購05,0,0,0,0,0,0,0,0,0,-20000,0,0,0,0,20000,-20000,-20000
059929,華新科富邦9C購03,0,0,0,0,0,0,0,0,0,-20000,0,0,0,0,20000,-20000,-20000
059937,旺宏永豐99購03  ,0,0,0,0,0,0,0,0,0,-20000,0,0,0,0,20000,-20000,-20000
056940,嘉聯益元富98購01,0,0,0,0,0,0,0,0,0,-20000,0,0,0,0,20000,-20000,-20000
056928,旺宏台新98購01  ,0,0,0,0,0,0,0,0,0,-20000,0,0,0,0,20000,-20000,-20000
056920,友達兆豐98購02  ,0,0,0,0,0,0,0,0,0,-20000,0,0,0,0,20000,-20000,-20000
06009P,宏達電元富96售03,0,0,0,0,0,0,0,0,0,-20000,0,0,0,0,20000,-20000,-20000
060072,國巨元富99購04  ,0,0,0,0,0,0,0,0,0,-20000,0,0,0,60000,80000,-20000,-20000
060064,華新科兆豐99購07,0,0,0,0,0,0,0,0,0,-20000,0,0,0,0,20000,-20000,-20000
060055,宏達電凱基99購06,0,0,0,0,0,0,0,0,0,-20000,0,0,0,4000,24000,-20000,-20000
057019,台積電凱基98購14,0,0,0,0,0,0,0,0,0,-20000,0,0,0,0,20000,-20000,-20000
057461,國巨永豐98購07  ,0,0,0,0,0,0,0,0,0,-20000,0,0,0,0,20000,-20000,-20000
059669,台灣50元富9B購05,0,0,0,0,0,0,0,0,0,-20000,0,0,0,0,20000,-20000,-20000
059722,南亞科元大99購02,0,0,0,0,0,0,0,0,0,-20000,0,0,0,11000,31000,-20000,-20000
059765,嘉聯益永豐99購02,0,0,0,0,0,0,0,0,0,-20000,0,0,0,0,20000,-20000,-20000
05958P,聯發科國票97售04,0,0,0,0,0,0,0,0,0,-20000,0,0,0,0,20000,-20000,-20000
059456,智易永豐99購01  ,0,0,0,0,0,0,0,0,0,-20000,0,0,0,0,20000,-20000,-20000
059507,鴻海永豐99購03  ,0,0,0,0,0,0,0,0,0,-20000,0,0,0,0,20000,-20000,-20000
058310,大立光元大99購10,0,0,0,0,0,0,0,0,0,-20000,0,0,0,0,20000,-20000,-20000
058282,聯茂中信99購01  ,0,0,0,0,0,0,0,0,0,-20000,0,0,0,0,20000,-20000,-20000
059381,TPK亞東99購01   ,0,0,0,0,0,0,0,0,0,-20000,0,0,0,0,20000,-20000,-20000
2887F,台新戊特二      ,0,0,0,0,0,0,0,0,0,-20000,0,20000,-20000,0,0,0,-20000
2852,第一保          ,14000,34000,-20000,0,0,0,0,0,0,0,0,0,0,0,0,0,-20000
2430,燦坤            ,2000,22000,-20000,0,0,0,0,0,0,0,0,0,0,0,0,0,-20000
07673P,電子類元大9A售01,0,0,0,0,0,0,0,0,0,-20000,0,0,0,0,20000,-20000,-20000
07645P,華通元大9A售06  ,0,0,0,0,0,0,0,0,0,-20000,0,0,0,0,20000,-20000,-20000
07661P,台灣50兆豐9A售03,0,0,0,0,0,0,0,0,0,-20000,0,0,0,0,20000,-20000,-20000
08101P,超眾群益9B售02  ,0,0,0,0,0,0,0,0,0,-20000,0,0,0,8000,28000,-20000,-20000
08134P,臺股指元大9B售40,0,0,0,0,0,0,0,0,0,-20000,0,0,0,0,20000,-20000,-20000
1568,倉佑            ,0,20000,-20000,0,0,0,0,0,0,0,0,0,0,0,0,0,-20000
06556P,臺股指元大99售08,0,0,0,0,0,0,0,0,0,-20000,0,0,0,0,20000,-20000,-20000
06590P,大立光元大98售13,0,0,0,0,0,0,0,0,0,-20000,0,0,0,0,20000,-20000,-20000
06594P,立積元大98售01  ,0,0,0,0,0,0,0,0,0,-20000,0,0,0,8000,28000,-20000,-20000
06504P,麗豐國票99售02  ,0,0,0,0,0,0,0,0,0,-20000,0,0,0,0,20000,-20000,-20000
06510P,燿華永豐98售03  ,0,0,0,0,0,0,0,0,0,-20000,0,0,0,0,20000,-20000,-20000
07021P,台積電富邦9C售02,0,0,0,0,0,0,0,0,0,-20000,0,0,0,0,20000,-20000,-20000
07254P,台灣50凱基9C售06,0,0,0,0,0,0,0,0,0,-20000,0,0,0,0,20000,-20000,-20000
07387P,臺股指群益99售25,0,0,0,0,0,0,0,0,0,-20000,0,0,0,0,20000,-20000,-20000
07395P,台積電群益99售13,0,0,0,0,0,0,0,0,0,-20000,0,0,0,0,20000,-20000,-20000
07356P,臺股指國票99售24,0,0,0,0,0,0,0,0,0,-20000,0,0,0,0,20000,-20000,-20000
07619P,鴻海統一9A售03  ,0,0,0,0,0,0,0,0,0,-20000,0,0,0,80000,100000,-20000,-20000
07521P,台積電中信01售05,0,0,0,0,0,0,0,0,0,-20000,0,0,0,0,20000,-20000,-20000
2415,錩新            ,19000,39995,-20995,0,0,0,0,0,0,0,0,0,0,0,0,0,-20995
061043,百和永豐9A購01  ,0,0,0,0,0,0,0,0,0,-21000,0,0,0,314000,335000,-21000,-21000
06087P,國巨永豐97售01  ,0,0,0,0,0,0,0,0,0,-21000,0,0,0,10000,31000,-21000,-21000
061145,臻鼎中信9A購02  ,0,0,0,0,0,0,0,0,0,-21000,0,0,0,163000,184000,-21000,-21000
062044,健策凱基9B購02  ,0,0,0,0,0,0,0,0,0,-21000,0,0,0,57000,78000,-21000,-21000
062566,嘉晶中信9C購01  ,0,0,0,0,0,0,0,0,0,-21000,0,0,0,45000,66000,-21000,-21000
062636,聯鈞國票9B購01  ,0,0,0,0,0,0,0,0,0,-21000,0,0,0,1000,22000,-21000,-21000
063469,牧德元大9C購02  ,0,0,0,0,0,0,0,0,0,-21000,0,0,0,0,21000,-21000,-21000
063433,臻鼎元富9B購01  ,0,0,0,0,0,0,0,0,0,-21000,0,0,0,0,21000,-21000,-21000
062919,聯茂元大9B購01  ,0,0,0,0,0,0,0,0,0,-21000,0,0,0,6000,27000,-21000,-21000
049759,元黃金富邦9A購01,0,0,0,0,0,0,0,0,0,-21000,0,0,0,0,21000,-21000,-21000
051423,GIS國票97購01   ,0,0,0,0,0,0,0,0,0,-21000,0,0,0,28000,49000,-21000,-21000
00762,元大全球AI      ,0,0,0,0,0,0,0,0,0,-21000,0,0,0,105000,126000,-21000,-21000
00728,第一金工業30    ,0,0,0,0,0,0,0,0,0,-21000,0,0,0,215000,236000,-21000,-21000
00686R,群益臺灣加權反1 ,0,0,0,0,0,0,0,0,0,-21000,0,0,0,18000,39000,-21000,-21000
055138,大毅永豐97購02  ,0,0,0,0,0,0,0,0,0,-21000,0,0,0,1000,22000,-21000,-21000
055460,華擎永豐97購01  ,0,0,0,0,0,0,0,0,0,-21000,0,0,0,0,21000,-21000,-21000
055501,創意元大97購01  ,0,0,0,0,0,0,0,0,0,-21000,0,0,0,0,21000,-21000,-21000
055389,國巨統一98購02  ,0,0,0,0,0,0,0,0,0,-21000,0,0,0,0,21000,-21000,-21000
058706,聯鈞元大9C購01  ,0,0,0,0,0,0,0,0,0,-21000,0,0,0,0,21000,-21000,-21000
057558,致新凱基98購01  ,0,0,0,0,0,0,0,0,0,-21000,0,0,0,25000,46000,-21000,-21000
060086,鴻海元大99購42  ,0,0,0,0,0,0,0,0,0,-21000,0,0,0,13000,34000,-21000,-21000
057529,嘉晶元大99購02  ,0,0,0,0,0,0,0,0,0,-21000,0,0,0,0,21000,-21000,-21000
058175,旺宏凱基99購03  ,0,0,0,0,0,0,0,0,0,-21000,0,0,0,39000,60000,-21000,-21000
8103,瀚荃            ,0,21000,-21000,0,0,0,0,0,0,0,0,0,0,0,0,0,-21000
8374,羅昇            ,11000,32000,-21000,0,0,0,0,0,0,0,0,0,0,0,0,0,-21000
9935,慶豐富          ,120000,141000,-21000,0,0,0,0,0,0,0,0,0,0,0,0,0,-21000
06728P,全新元大98售03  ,0,0,0,0,0,0,0,0,0,-21000,0,0,0,39000,60000,-21000,-21000
1592,英瑞-KY         ,21000,42000,-21000,0,0,0,0,0,0,0,0,0,0,0,0,0,-21000
2109,華豐            ,2000,23000,-21000,0,0,0,0,0,0,0,0,0,0,0,0,0,-21000
1108,幸福            ,9000,30000,-21000,0,0,0,0,0,0,0,0,0,0,0,0,0,-21000
07756P,台灣50國票04售01,0,0,0,0,0,0,0,0,0,-21000,0,0,0,0,21000,-21000,-21000
062922,南六元大9B購03  ,0,0,0,0,0,0,0,0,0,-22000,0,0,0,71000,93000,-22000,-22000
062473,同欣電凱基9B購01,0,0,0,0,0,0,0,0,0,-22000,0,0,0,0,22000,-22000,-22000
062522,同欣電元大9B購02,0,0,0,0,0,0,0,0,0,-22000,0,0,0,38000,60000,-22000,-22000
062322,元金2X統一01購01,0,0,0,0,0,0,0,0,0,-22000,0,0,0,0,22000,-22000,-22000
062222,華新科統一9B購04,0,0,0,0,0,0,0,0,0,-22000,0,0,0,0,22000,-22000,-22000
061584,勤誠元大9A購01  ,0,0,0,0,0,0,0,0,0,-22000,0,0,0,23000,45000,-22000,-22000
060835,亞德客國票9A購01,0,0,0,0,0,0,0,0,0,-22000,0,0,0,61000,83000,-22000,-22000
055114,新日興凱基98購01,0,0,0,0,0,0,0,0,0,-22000,0,0,0,25000,47000,-22000,-22000
055820,矽力國票98購02  ,0,0,0,0,0,0,0,0,0,-22000,0,0,0,37000,59000,-22000,-22000
058920,SGBR2X元富99購06,0,0,0,0,0,0,0,0,0,-22000,0,0,0,0,22000,-22000,-22000
059089,聯發科元大99購19,0,0,0,0,0,0,0,0,0,-22000,0,0,0,0,22000,-22000,-22000
054467,隆達凱基97購01  ,0,0,0,0,0,0,0,0,0,-22000,0,0,0,50000,72000,-22000,-22000
058034,神達永豐98購02  ,0,0,0,0,0,0,0,0,0,-22000,0,0,0,78000,100000,-22000,-22000
05723P,華通永豐96售03  ,0,0,0,0,0,0,0,0,0,-22000,0,0,0,20000,42000,-22000,-22000
060484,聯發科富邦9C購02,0,0,0,0,0,0,0,0,0,-22000,0,0,0,0,22000,-22000,-22000
060502,國巨元大9A購07  ,0,0,0,0,0,0,0,0,0,-22000,0,0,0,2000,24000,-22000,-22000
058904,晶技元大99購05  ,0,0,0,0,0,0,0,0,0,-22000,0,0,0,0,22000,-22000,-22000
060320,元金2X群益02購01,0,0,0,0,0,0,0,0,0,-22000,0,0,0,0,22000,-22000,-22000
057399,滬深反群益9C購01,0,0,0,0,0,0,0,0,0,-22000,0,0,0,0,22000,-22000,-22000
058377,茂林凱基9A購03  ,0,0,0,0,0,0,0,0,0,-22000,0,0,0,108000,130000,-22000,-22000
08010P,大成鋼元大9B售01,0,0,0,0,0,0,0,0,0,-22000,0,0,0,0,22000,-22000,-22000
07997P,上銀凱基9B售04  ,0,0,0,0,0,0,0,0,0,-22000,0,0,0,10000,32000,-22000,-22000
07917P,可成永豐9B售01  ,0,0,0,0,0,0,0,0,0,-22000,0,0,0,0,22000,-22000,-22000
08090P,嘉澤統一9B售01  ,0,0,0,0,0,0,0,0,0,-22000,0,0,0,20000,42000,-22000,-22000
1472,三洋紡          ,3000,25000,-22000,0,0,0,0,0,0,0,0,0,0,0,0,0,-22000
1524,耿鼎            ,2000,24000,-22000,0,0,0,0,0,0,0,0,0,0,0,0,0,-22000
06546P,聯發科元大98售05,0,0,0,0,0,0,0,0,0,-22000,0,0,0,0,22000,-22000,-22000
06614P,祥碩永豐98售03  ,0,0,0,0,0,0,0,0,0,-22000,0,0,0,12000,34000,-22000,-22000
07016P,聯發科元大99售10,0,0,0,0,0,0,0,0,0,-22000,0,0,0,0,22000,-22000,-22000
07127P,精元元大99售01  ,0,0,0,0,0,0,0,0,0,-22000,0,0,0,0,22000,-22000,-22000
2540,愛山林          ,0,22000,-22000,0,0,0,0,0,0,0,0,0,0,0,0,0,-22000
4141,龍燈-KY         ,0,21000,-21000,0,0,0,0,0,0,-1000,0,1000,-1000,0,0,0,-22000
061023,茂林國泰9B購02  ,0,0,0,0,0,0,0,0,0,-23000,0,0,0,0,23000,-23000,-23000
061240,華新科兆豐9A購01,0,0,0,0,0,0,0,0,0,-23000,0,0,0,83000,106000,-23000,-23000
062284,華擎群益9C購03  ,0,0,0,0,0,0,0,0,0,-23000,0,0,0,0,23000,-23000,-23000
062377,力成元大9B購01  ,0,0,0,0,0,0,0,0,0,-23000,0,0,0,106000,129000,-23000,-23000
055678,上銀凱基97購02  ,0,0,0,0,0,0,0,0,0,-23000,0,0,0,0,23000,-23000,-23000
00783,富邦中証500     ,6000,1000,5000,0,0,0,0,0,0,-28000,0,0,0,845000,873000,-28000,-23000
03678C,臺股指凱基01牛02,0,0,0,0,0,0,0,0,0,-23000,0,0,0,52000,75000,-23000,-23000
054662,同欣電元大97購02,0,0,0,0,0,0,0,0,0,-23000,0,0,0,21000,44000,-23000,-23000
059787,奇力新元大9A購02,0,0,0,0,0,0,0,0,0,-23000,0,0,0,0,23000,-23000,-23000
059828,健策凱基99購05  ,0,0,0,0,0,0,0,0,0,-23000,0,0,0,83000,106000,-23000,-23000
057887,智原群益98購04  ,0,0,0,0,0,0,0,0,0,-23000,0,0,0,96000,119000,-23000,-23000
060532,欣興中信9A購01  ,0,0,0,0,0,0,0,0,0,-23000,0,0,0,52000,75000,-23000,-23000
057118,欣興日盛9A購01  ,0,0,0,0,0,0,0,0,0,-23000,0,0,0,0,23000,-23000,-23000
058212,華新科群益9A購01,0,0,0,0,0,0,0,0,0,-23000,0,0,0,35000,58000,-23000,-23000
058014,上銀凱基99購02  ,0,0,0,0,0,0,0,0,0,-23000,0,0,0,26000,49000,-23000,-23000
4720,德淵            ,8000,31000,-23000,0,0,0,0,0,0,0,0,0,0,0,0,0,-23000
4737,華廣            ,7000,30000,-23000,0,0,0,0,0,0,0,0,0,0,0,0,0,-23000
6164,華興            ,0,23000,-23000,0,0,0,0,0,0,0,0,0,0,0,0,0,-23000
5525,順天            ,4000,27000,-23000,0,0,0,0,0,0,0,0,0,0,0,0,0,-23000
07005P,台積電統一9B售05,0,0,0,0,0,0,0,0,0,-23000,0,0,0,307000,330000,-23000,-23000
06926P,可成群益9A售04  ,0,0,0,0,0,0,0,0,0,-23000,0,0,0,0,23000,-23000,-23000
06803P,臺股指群益98售09,0,0,0,0,0,0,0,0,0,-23000,0,0,0,0,23000,-23000,-23000
08069P,大立光國泰01售02,0,0,0,0,0,0,0,0,0,-23000,0,0,0,3000,26000,-23000,-23000
4763,材料-KY         ,37400,54000,-16600,0,0,0,0,0,0,-7000,3000,10000,-7000,0,0,0,-23600
062732,南六凱基9B購03  ,0,0,0,0,0,0,0,0,0,-24000,0,0,0,0,24000,-24000,-24000
062999,聯茂國票9C購01  ,0,0,0,0,0,0,0,0,0,-24000,0,0,0,19000,43000,-24000,-24000
063207,聯茂統一01購01  ,0,0,0,0,0,0,0,0,0,-24000,0,0,0,0,24000,-24000,-24000
063211,道瓊銀國票9B購01,0,0,0,0,0,0,0,0,0,-24000,0,0,0,0,24000,-24000,-24000
061066,嘉晶凱基9B購01  ,0,0,0,0,0,0,0,0,0,-24000,0,0,0,45000,69000,-24000,-24000
061035,亞光永豐9A購01  ,0,0,0,0,0,0,0,0,0,-24000,0,0,0,0,24000,-24000,-24000
060897,健策凱基9A購04  ,0,0,0,0,0,0,0,0,0,-24000,0,0,0,62000,86000,-24000,-24000
061660,禾伸堂永豐9A購01,0,0,0,0,0,0,0,0,0,-24000,0,0,0,0,24000,-24000,-24000
062136,南亞科群益9B購01,0,0,0,0,0,0,0,0,0,-24000,0,0,0,126000,150000,-24000,-24000
055426,旺宏群益99購02  ,0,0,0,0,0,0,0,0,0,-24000,0,0,0,6000,30000,-24000,-24000
059241,旺宏凱基99購07  ,0,0,0,0,0,0,0,0,0,-24000,0,0,0,4000,28000,-24000,-24000
05131P,聯詠統一97售01  ,0,0,0,0,0,0,0,0,0,-24000,0,0,0,0,24000,-24000,-24000
056665,上証2X國票99購02,0,0,0,0,0,0,0,0,0,-24000,0,0,0,0,24000,-24000,-24000
057962,超眾元大99購03  ,0,0,0,0,0,0,0,0,0,-24000,0,0,0,10000,34000,-24000,-24000
057938,台表科群益98購02,0,0,0,0,0,0,0,0,0,-24000,0,0,0,11000,35000,-24000,-24000
057421,智原凱基98購04  ,0,0,0,0,0,0,0,0,0,-24000,0,0,0,0,24000,-24000,-24000
056879,旺宏國票99購02  ,0,0,0,0,0,0,0,0,0,-24000,0,0,0,0,24000,-24000,-24000
4766,南寶            ,44000,47000,-3000,0,0,0,0,0,0,-21000,0,21000,-21000,0,0,0,-24000
2851,中再保          ,23000,47000,-24000,0,0,0,0,0,0,0,0,0,0,0,0,0,-24000
07906P,中租群益9B售02  ,0,0,0,0,0,0,0,0,0,-24000,0,0,0,0,24000,-24000,-24000
07227P,聯發科元富99售05,0,0,0,0,0,0,0,0,0,-24000,0,0,0,278000,302000,-24000,-24000
062137,華新科群益9B購04,0,0,0,0,0,0,0,0,0,-25000,0,0,0,0,25000,-25000,-25000
061809,聯發科統一9C購05,0,0,0,0,0,0,0,0,0,-25000,0,0,0,0,25000,-25000,-25000
061144,玉晶光中信9B購02,0,0,0,0,0,0,0,0,0,-25000,0,0,0,0,25000,-25000,-25000
063177,友達兆豐9B購01  ,0,0,0,0,0,0,0,0,0,-25000,0,0,0,0,25000,-25000,-25000
063475,同欣電元大9C購01,0,0,0,0,0,0,0,0,0,-25000,0,0,0,11000,36000,-25000,-25000
063041,貿聯凱基9B購01  ,0,0,0,0,0,0,0,0,0,-25000,0,0,0,92000,117000,-25000,-25000
062925,建準國票9B購01  ,0,0,0,0,0,0,0,0,0,-25000,0,0,0,25000,50000,-25000,-25000
062720,南亞科凱基9B購03,0,0,0,0,0,0,0,0,0,-25000,0,0,0,60000,85000,-25000,-25000
062706,大立光元大9B購06,0,0,0,0,0,0,0,0,0,-25000,0,0,0,0,25000,-25000,-25000
062704,大毅元大9C購01  ,0,0,0,0,0,0,0,0,0,-25000,0,0,0,0,25000,-25000,-25000
062319,南六凱基9B購02  ,0,0,0,0,0,0,0,0,0,-25000,0,0,0,40000,65000,-25000,-25000
062198,臺指反國票01購01,0,0,0,0,0,0,0,0,0,-25000,0,0,0,0,25000,-25000,-25000
053677,同欣電國泰97購01,0,0,0,0,0,0,0,0,0,-25000,0,0,0,0,25000,-25000,-25000
053694,創意元大96購03  ,0,0,0,0,0,0,0,0,0,-25000,0,0,0,0,25000,-25000,-25000
054317,昇陽半凱基98購01,0,0,0,0,0,0,0,0,0,-25000,0,0,0,0,25000,-25000,-25000
059274,國巨元大99購22  ,0,0,0,0,0,0,0,0,0,-25000,0,0,0,295000,320000,-25000,-25000
058961,台灣50兆豐9C購01,0,0,0,0,0,0,0,0,0,-25000,0,0,0,0,25000,-25000,-25000
055972,GIS元大97購04   ,0,0,0,0,0,0,0,0,0,-25000,0,0,0,201000,226000,-25000,-25000
056122,勤誠群益97購02  ,0,0,0,0,0,0,0,0,0,-25000,0,0,0,86000,111000,-25000,-25000
05466P,旺宏富邦97售01  ,0,0,0,0,0,0,0,0,0,-25000,0,0,0,0,25000,-25000,-25000
055551,致茂凱基98購01  ,0,0,0,0,0,0,0,0,0,-25000,0,0,0,0,25000,-25000,-25000
056448,全新凱基99購01  ,0,0,0,0,0,0,0,0,0,-25000,0,0,0,5000,30000,-25000,-25000
056527,大成鋼凱基98購03,0,0,0,0,0,0,0,0,0,-25000,0,0,0,0,25000,-25000,-25000
060023,T50反1國泰9A購03,0,0,0,0,0,0,0,0,0,-25000,0,0,0,33000,58000,-25000,-25000
057482,微星元大98購03  ,0,0,0,0,0,0,0,0,0,-25000,0,0,0,5000,30000,-25000,-25000
057675,同欣電元大98購02,0,0,0,0,0,0,0,0,0,-25000,0,0,0,110000,135000,-25000,-25000
059783,旺宏元大99購17  ,0,0,0,0,0,0,0,0,0,-25000,0,0,0,5000,30000,-25000,-25000
059691,大立光永豐99購02,0,0,0,0,0,0,0,0,0,-25000,0,0,0,0,25000,-25000,-25000
059635,華新科凱基9A購06,0,0,0,0,0,0,0,0,0,-25000,0,0,0,0,25000,-25000,-25000
058688,矽創凱基9A購01  ,0,0,0,0,0,0,0,0,0,-25000,0,0,0,15000,40000,-25000,-25000
058639,南電兆豐99購01  ,0,0,0,0,0,0,0,0,0,-25000,0,0,0,75000,100000,-25000,-25000
058829,華新科永豐99購04,0,0,0,0,0,0,0,0,0,-25000,0,0,0,18000,43000,-25000,-25000
060346,華新科統一01購01,0,0,0,0,0,0,0,0,0,-25000,0,0,0,33000,58000,-25000,-25000
060409,味全永豐9A購01  ,0,0,0,0,0,0,0,0,0,-25000,0,0,0,0,25000,-25000,-25000
060460,鴻海元大9A購08  ,0,0,0,0,0,0,0,0,0,-25000,0,0,0,57000,82000,-25000,-25000
060624,玉晶光元大9C購02,0,0,0,0,0,0,0,0,0,-25000,0,0,0,19000,44000,-25000,-25000
058555,矽創永豐9A購01  ,0,0,0,0,0,0,0,0,0,-25000,0,0,0,30000,55000,-25000,-25000
057779,禾伸堂群益98購02,0,0,0,0,0,0,0,0,0,-25000,0,0,0,12000,37000,-25000,-25000
057142,力成兆豐98購01  ,0,0,0,0,0,0,0,0,0,-25000,0,0,0,0,25000,-25000,-25000
07287P,全新群益9B售01  ,0,0,0,0,0,0,0,0,0,-25000,0,0,0,25000,50000,-25000,-25000
07615P,華通中信02售02  ,0,0,0,0,0,0,0,0,0,-25000,0,0,0,0,25000,-25000,-25000
08042P,臺股指群益9B售15,0,0,0,0,0,0,0,0,0,-25000,0,0,0,5000,30000,-25000,-25000
1220,台榮            ,0,25000,-25000,0,0,0,0,0,0,0,0,0,0,0,0,0,-25000
3041,揚智            ,151000,176000,-25000,0,0,0,0,0,0,0,0,0,0,0,0,0,-25000
6136,富爾特          ,13000,38000,-25000,0,0,0,0,0,0,0,0,0,0,0,0,0,-25000
6477,安集            ,15000,40000,-25000,0,0,0,0,0,0,0,0,0,0,0,0,0,-25000
9105,泰金寶-DR       ,64000,89000,-25000,0,0,0,0,0,0,0,0,0,0,0,0,0,-25000
062192,南六元大9B購01  ,0,0,0,0,0,0,0,0,0,-26000,0,0,0,8000,34000,-26000,-26000
062526,友達統一01購01  ,0,0,0,0,0,0,0,0,0,-26000,0,0,0,0,26000,-26000,-26000
061076,台達電兆豐9A購01,0,0,0,0,0,0,0,0,0,-26000,0,0,0,30000,56000,-26000,-26000
061200,道瓊反元大9A購06,0,0,0,0,0,0,0,0,0,-26000,0,0,0,0,26000,-26000,-26000
061288,大立光統一9C購01,0,0,0,0,0,0,0,0,0,-26000,0,0,0,0,26000,-26000,-26000
061836,華新科凱基05購01,0,0,0,0,0,0,0,0,0,-26000,0,0,0,0,26000,-26000,-26000
061960,國巨統一01購05  ,0,0,0,0,0,0,0,0,0,-26000,0,0,0,0,26000,-26000,-26000
055988,矽力元富97購01  ,0,0,0,0,0,0,0,0,0,-26000,0,0,0,10000,36000,-26000,-26000
055989,矽力元富9A購01  ,0,0,0,0,0,0,0,0,0,-26000,0,0,0,36000,62000,-26000,-26000
058983,旺宏凱基99購05  ,0,0,0,0,0,0,0,0,0,-26000,0,0,0,0,26000,-26000,-26000
059213,國巨元大99購19  ,0,0,0,0,0,0,0,0,0,-26000,0,0,0,25000,51000,-26000,-26000
00700,富邦恒生國企    ,0,0,0,0,0,0,0,0,0,-26000,0,0,0,80000,106000,-26000,-26000
056667,上銀國票99購01  ,0,0,0,0,0,0,0,0,0,-26000,0,0,0,0,26000,-26000,-26000
057232,京元電凱基98購02,0,0,0,0,0,0,0,0,0,-26000,0,0,0,20000,46000,-26000,-26000
057222,鴻海國票99購04  ,0,0,0,0,0,0,0,0,0,-26000,0,0,0,42000,68000,-26000,-26000
058521,日月光元大99購01,0,0,0,0,0,0,0,0,0,-26000,0,0,0,0,26000,-26000,-26000
058238,奇鋐元大99購02  ,0,0,0,0,0,0,0,0,0,-26000,0,0,0,34000,60000,-26000,-26000
058191,祥碩永豐99購01  ,0,0,0,0,0,0,0,0,0,-26000,0,0,0,9000,35000,-26000,-26000
06060P,玉晶光元大97售03,0,0,0,0,0,0,0,0,0,-26000,0,0,0,0,26000,-26000,-26000
060383,葡萄王凱基9A購01,0,0,0,0,0,0,0,0,0,-26000,0,0,0,0,26000,-26000,-26000
058881,全新永豐99購01  ,0,0,0,0,0,0,0,0,0,-26000,0,0,0,0,26000,-26000,-26000
05954P,旺宏國票97售03  ,0,0,0,0,0,0,0,0,0,-26000,0,0,0,14000,40000,-26000,-26000
3305,昇貿            ,0,26000,-26000,0,0,0,0,0,0,0,0,0,0,0,0,0,-26000
1416,廣豐            ,1000,34000,-33000,0,0,0,0,0,0,7000,7000,0,7000,0,0,0,-26000
08067P,大立光凱基9B售08,0,0,0,0,0,0,0,0,0,-26000,0,0,0,0,26000,-26000,-26000
08068P,宏達電國泰9C售01,0,0,0,0,0,0,0,0,0,-26000,0,0,0,25000,51000,-26000,-26000
07955P,大成鋼群益9B售02,0,0,0,0,0,0,0,0,0,-26000,0,0,0,0,26000,-26000,-26000
07946P,華通統一9B售02  ,0,0,0,0,0,0,0,0,0,-26000,0,0,0,0,26000,-26000,-26000
07806P,健策永豐9A售02  ,0,0,0,0,0,0,0,0,0,-26000,0,0,0,0,26000,-26000,-26000
06954P,大立光元富99售01,0,0,0,0,0,0,0,0,0,-26000,0,0,0,30000,56000,-26000,-26000
061870,智邦元大9B購02  ,0,0,0,0,0,0,0,0,0,-27000,0,0,0,50000,77000,-27000,-27000
061717,力成凱基9B購01  ,0,0,0,0,0,0,0,0,0,-27000,0,0,0,45000,72000,-27000,-27000
061489,高鐵兆豐9A購01  ,0,0,0,0,0,0,0,0,0,-27000,0,0,0,65000,92000,-27000,-27000
061450,嘉晶中信9A購01  ,0,0,0,0,0,0,0,0,0,-27000,0,0,0,15000,42000,-27000,-27000
062558,義隆凱基9B購02  ,0,0,0,0,0,0,0,0,0,-27000,0,0,0,64000,91000,-27000,-27000
062210,聯發科台新9B購01,0,0,0,0,0,0,0,0,0,-27000,0,0,0,0,27000,-27000,-27000
062460,京鼎群益9C購01  ,0,0,0,0,0,0,0,0,0,-27000,0,0,0,67000,94000,-27000,-27000
062998,泰碩國票01購01  ,0,0,0,0,0,0,0,0,0,-27000,0,0,0,2000,29000,-27000,-27000
054451,上銀亞東98購01  ,0,0,0,0,0,0,0,0,0,-27000,0,0,0,13000,40000,-27000,-27000
00634R,富邦上証反1     ,0,110000,-110000,0,0,0,0,0,0,83000,0,0,0,219000,136000,83000,-27000
054951,大毅元大97購01  ,0,0,0,0,0,0,0,0,0,-27000,0,0,0,0,27000,-27000,-27000
056356,台積電元大99購01,0,0,0,0,0,0,0,0,0,-27000,0,0,0,10000,37000,-27000,-27000
058707,泰鼎元大99購02  ,0,0,0,0,0,0,0,0,0,-27000,0,0,0,6000,33000,-27000,-27000
058738,FBVIX中信03購04 ,0,0,0,0,0,0,0,0,0,-27000,0,0,0,0,27000,-27000,-27000
059509,奇力新永豐99購02,0,0,0,0,0,0,0,0,0,-27000,0,0,0,0,27000,-27000,-27000
059984,華新科元大99購21,0,0,0,0,0,0,0,0,0,-27000,0,0,0,0,27000,-27000,-27000
059926,世紀鋼國泰9B購01,0,0,0,0,0,0,0,0,0,-27000,0,0,0,4000,31000,-27000,-27000
058019,美律凱基99購04  ,0,0,0,0,0,0,0,0,0,-27000,0,0,0,23000,50000,-27000,-27000
06051P,嘉聯益國票97售04,0,0,0,0,0,0,0,0,0,-27000,0,0,0,0,27000,-27000,-27000
058006,台郡群益98購04  ,0,0,0,0,0,0,0,0,0,-27000,0,0,0,47000,74000,-27000,-27000
057828,緯穎元大99購02  ,0,0,0,0,0,0,0,0,0,-27000,0,0,0,51000,78000,-27000,-27000
057816,欣興元大98購13  ,0,0,0,0,0,0,0,0,0,-27000,0,0,0,7000,34000,-27000,-27000
057226,上銀凱基98購06  ,0,0,0,0,0,0,0,0,0,-27000,0,0,0,24000,51000,-27000,-27000
057530,奇鋐元大99購01  ,0,0,0,0,0,0,0,0,0,-27000,0,0,0,30000,57000,-27000,-27000
07833P,大立光群益9B售02,0,0,0,0,0,0,0,0,0,-27000,0,0,0,0,27000,-27000,-27000
1414,東和            ,0,27000,-27000,0,0,0,0,0,0,0,0,0,0,0,0,0,-27000
1321,大洋            ,53000,80000,-27000,0,0,0,0,0,0,0,0,0,0,0,0,0,-27000
2617,台航            ,87000,114000,-27000,0,0,0,0,0,0,0,0,0,0,0,0,0,-27000
062405,泰鼎永豐9B購02  ,0,0,0,0,0,0,0,0,0,-28000,0,0,0,0,28000,-28000,-28000
062367,禾伸堂元大9B購02,0,0,0,0,0,0,0,0,0,-28000,0,0,0,22000,50000,-28000,-28000
061983,華新科元大9B購04,0,0,0,0,0,0,0,0,0,-28000,0,0,0,11000,39000,-28000,-28000
061427,旭富元大9A購02  ,0,0,0,0,0,0,0,0,0,-28000,0,0,0,111000,139000,-28000,-28000
061081,宏碁兆豐9A購01  ,0,0,0,0,0,0,0,0,0,-28000,0,0,0,148000,176000,-28000,-28000
060845,欣興國票9A購01  ,0,0,0,0,0,0,0,0,0,-28000,0,0,0,24000,52000,-28000,-28000
060766,世芯元大9A購02  ,0,0,0,0,0,0,0,0,0,-28000,0,0,0,1000,29000,-28000,-28000
053049,T50反1國票98購01,0,0,0,0,0,0,0,0,0,-28000,0,0,0,0,28000,-28000,-28000
06057P,大立光凱基98售01,0,0,0,0,0,0,0,0,0,-28000,0,0,0,0,28000,-28000,-28000
058018,南亞科凱基99購03,0,0,0,0,0,0,0,0,0,-28000,0,0,0,0,28000,-28000,-28000
057322,旺宏群益98購04  ,0,0,0,0,0,0,0,0,0,-28000,0,0,0,10000,38000,-28000,-28000
058294,華新科凱基9A購01,0,0,0,0,0,0,0,0,0,-28000,0,0,0,0,28000,-28000,-28000
059469,智邦元大99購03  ,0,0,0,0,0,0,0,0,0,-28000,0,0,0,10000,38000,-28000,-28000
2427,三商電          ,2000,30000,-28000,0,0,0,0,0,0,0,0,0,0,0,0,0,-28000
06936P,瑞儀元大98售01  ,0,0,0,0,0,0,0,0,0,-28000,0,0,0,0,28000,-28000,-28000
06991P,矽創群益99售01  ,0,0,0,0,0,0,0,0,0,-28000,0,0,0,12000,40000,-28000,-28000
06569P,可成永豐98售01  ,0,0,0,0,0,0,0,0,0,-28000,0,0,0,0,28000,-28000,-28000
1708,東鹼            ,22450,51000,-28550,0,0,0,0,0,0,0,0,0,0,0,0,0,-28550
061121,智邦永豐9A購02  ,0,0,0,0,0,0,0,0,0,-29000,0,0,0,26000,55000,-29000,-29000
062058,瑞昱統一01購01  ,0,0,0,0,0,0,0,0,0,-29000,0,0,0,3000,32000,-29000,-29000
061903,宏全永豐9B購01  ,0,0,0,0,0,0,0,0,0,-29000,0,0,0,39000,68000,-29000,-29000
062391,台達電富邦9C購01,0,0,0,0,0,0,0,0,0,-29000,0,0,0,0,29000,-29000,-29000
062573,大毅群益9B購03  ,0,0,0,0,0,0,0,0,0,-29000,0,0,0,0,29000,-29000,-29000
062625,華通國票9B購02  ,0,0,0,0,0,0,0,0,0,-29000,0,0,0,17000,46000,-29000,-29000
053340,建準國票97購01  ,0,0,0,0,0,0,0,0,0,-29000,0,0,0,16000,45000,-29000,-29000
054673,京鼎國泰98購01  ,0,0,0,0,0,0,0,0,0,-29000,0,0,0,36000,65000,-29000,-29000
059173,矽力凱基99購01  ,0,0,0,0,0,0,0,0,0,-29000,0,0,0,0,29000,-29000,-29000
060166,佐登永豐9A購01  ,0,0,0,0,0,0,0,0,0,-29000,0,0,0,10000,39000,-29000,-29000
058666,上証反群益01購01,0,0,0,0,0,0,0,0,0,-29000,0,0,0,0,29000,-29000,-29000
057367,技嘉元大98購02  ,0,0,0,0,0,0,0,0,0,-29000,0,0,0,4000,33000,-29000,-29000
057480,技嘉元大98購03  ,0,0,0,0,0,0,0,0,0,-29000,0,0,0,4000,33000,-29000,-29000
058356,華邦電凱基99購01,0,0,0,0,0,0,0,0,0,-29000,0,0,0,162000,191000,-29000,-29000
057714,聯發科統一98購05,0,0,0,0,0,0,0,0,0,-29000,0,0,0,0,29000,-29000,-29000
060033,臻鼎永豐99購01  ,0,0,0,0,0,0,0,0,0,-29000,0,0,0,193000,222000,-29000,-29000
060506,京元電元大9A購02,0,0,0,0,0,0,0,0,0,-29000,0,0,0,125000,154000,-29000,-29000
058479,亞光凱基9A購01  ,0,0,0,0,0,0,0,0,0,-29000,0,0,0,0,29000,-29000,-29000
07781P,高鐵凱基9A售02  ,0,0,0,0,0,0,0,0,0,-29000,0,0,0,0,29000,-29000,-29000
07871P,台積電群益9C售02,0,0,0,0,0,0,0,0,0,-29000,0,0,0,0,29000,-29000,-29000
08080P,祥碩國票9B售03  ,0,0,0,0,0,0,0,0,0,-29000,0,0,0,220000,249000,-29000,-29000
07030P,鈺齊群益99售01  ,0,0,0,0,0,0,0,0,0,-29000,0,0,0,0,29000,-29000,-29000
07422P,大立光元大99售32,0,0,0,0,0,0,0,0,0,-29000,0,0,0,4000,33000,-29000,-29000
6202,盛群            ,287000,310000,-23000,0,0,0,0,0,0,-6000,0,3000,-3000,0,3000,-3000,-29000
062641,瀚宇博國票9B購01,0,0,0,0,0,0,0,0,0,-30000,0,0,0,0,30000,-30000,-30000
063060,華新科元富9B購03,0,0,0,0,0,0,0,0,0,-30000,0,0,0,0,30000,-30000,-30000
063104,大立光群益9C購02,0,0,0,0,0,0,0,0,0,-30000,0,0,0,0,30000,-30000,-30000
063131,聯茂元大9B購03  ,0,0,0,0,0,0,0,0,0,-30000,0,0,0,85000,115000,-30000,-30000
062905,聯發科元大9B購13,0,0,0,0,0,0,0,0,0,-30000,0,0,0,1000,31000,-30000,-30000
063467,大立光元大9C購06,0,0,0,0,0,0,0,0,0,-30000,0,0,0,0,30000,-30000,-30000
06454P,緯穎元大98售04  ,0,0,0,0,0,0,0,0,0,-30000,0,0,0,206000,236000,-30000,-30000
063331,瑞儀國票9C購01  ,0,0,0,0,0,0,0,0,0,-30000,0,0,0,0,30000,-30000,-30000
062122,國巨統一02購01  ,0,0,0,0,0,0,0,0,0,-30000,0,0,0,0,30000,-30000,-30000
061537,SP黃豆群益9A購02,0,0,0,0,0,0,0,0,0,-30000,0,0,0,0,30000,-30000,-30000
061682,南電元大9B購01  ,0,0,0,0,0,0,0,0,0,-30000,0,0,0,40000,70000,-30000,-30000
061077,國巨兆豐9B購01  ,0,0,0,0,0,0,0,0,0,-30000,0,0,0,5000,35000,-30000,-30000
060979,國巨元大9A購14  ,0,0,0,0,0,0,0,0,0,-30000,0,0,0,0,30000,-30000,-30000
060999,國巨兆豐9A購01  ,0,0,0,0,0,0,0,0,0,-30000,0,0,0,7000,37000,-30000,-30000
05922P,京元電兆豐96售01,0,0,0,0,0,0,0,0,0,-30000,0,0,0,0,30000,-30000,-30000
054709,宏達電統一97購01,0,0,0,0,0,0,0,0,0,-30000,0,0,0,350000,380000,-30000,-30000
054627,義隆凱基98購01  ,0,0,0,0,0,0,0,0,0,-30000,0,0,0,127000,157000,-30000,-30000
056314,力成元大97購01  ,0,0,0,0,0,0,0,0,0,-30000,0,0,0,172000,202000,-30000,-30000
056444,南亞科凱基99購01,0,0,0,0,0,0,0,0,0,-30000,0,0,0,12000,42000,-30000,-30000
056792,訊芯群益98購01  ,0,0,0,0,0,0,0,0,0,-30000,0,0,0,0,30000,-30000,-30000
05306P,泰碩國泰97售01  ,0,0,0,0,0,0,0,0,0,-30000,0,0,0,0,30000,-30000,-30000
052998,拓凱康和96購01  ,0,0,0,0,0,0,0,0,0,-30000,0,0,0,0,30000,-30000,-30000
053735,矽力中信97購01  ,0,0,0,0,0,0,0,0,0,-30000,0,0,0,0,30000,-30000,-30000
053758,華新科國泰97購02,0,0,0,0,0,0,0,0,0,-30000,0,0,0,0,30000,-30000,-30000
052724,力成統一97購01  ,0,0,0,0,0,0,0,0,0,-30000,0,0,0,0,30000,-30000,-30000
056689,玉晶光統一9A購03,0,0,0,0,0,0,0,0,0,-30000,0,0,0,0,30000,-30000,-30000
055773,瑞昱凱基97購03  ,0,0,0,0,0,0,0,0,0,-30000,0,0,0,18000,48000,-30000,-30000
006207,FH滬深          ,0,33000,-33000,0,0,0,0,0,0,3000,0,603000,-603000,735000,129000,606000,-30000
00752,中信中國50      ,2000,2000,0,0,0,0,0,0,0,-30000,0,0,0,254000,284000,-30000,-30000
048188,臺指反元大96購05,0,0,0,0,0,0,0,0,0,-30000,0,0,0,0,30000,-30000,-30000
03446B,臺股指元大9B熊26,0,0,0,0,0,0,0,0,0,-30000,0,0,0,5000,35000,-30000,-30000
049007,玉晶光中信96購01,0,0,0,0,0,0,0,0,0,-30000,0,0,0,0,30000,-30000,-30000
053510,聯電群益97購01  ,0,0,0,0,0,0,0,0,0,-30000,0,0,0,47000,77000,-30000,-30000
050188,貿聯元大96購01  ,0,0,0,0,0,0,0,0,0,-30000,0,0,0,0,30000,-30000,-30000
059327,南茂元大99購01  ,0,0,0,0,0,0,0,0,0,-30000,0,0,0,30000,60000,-30000,-30000
057284,新日興元大98購03,0,0,0,0,0,0,0,0,0,-30000,0,0,0,38000,68000,-30000,-30000
058573,鴻海群益9A購02  ,0,0,0,0,0,0,0,0,0,-30000,0,0,0,17000,47000,-30000,-30000
058106,神達統一98購02  ,0,0,0,0,0,0,0,0,0,-30000,0,0,0,0,30000,-30000,-30000
057997,旺宏第一9C購01  ,0,0,0,0,0,0,0,0,0,-30000,0,0,0,30000,60000,-30000,-30000
057971,華新科富邦9B購02,0,0,0,0,0,0,0,0,0,-30000,0,0,0,0,30000,-30000,-30000
060649,國巨第一9A購01  ,0,0,0,0,0,0,0,0,0,-30000,0,0,0,0,30000,-30000,-30000
060696,道瓊反國泰9C購01,0,0,0,0,0,0,0,0,0,-30000,0,0,0,0,30000,-30000,-30000
060709,緯穎富邦9B購01  ,0,0,0,0,0,0,0,0,0,-30000,0,0,0,109000,139000,-30000,-30000
057883,中環群益98購01  ,0,0,0,0,0,0,0,0,0,-30000,0,0,0,30000,60000,-30000,-30000
057929,上銀群益98購02  ,0,0,0,0,0,0,0,0,0,-30000,0,0,0,57000,87000,-30000,-30000
058848,台積電群益99購07,0,0,0,0,0,0,0,0,0,-30000,0,0,0,0,30000,-30000,-30000
060340,國巨統一01購02  ,0,0,0,0,0,0,0,0,0,-30000,0,0,0,0,30000,-30000,-30000
060323,華通群益9C購01  ,0,0,0,0,0,0,0,0,0,-30000,0,0,0,0,30000,-30000,-30000
060289,京元電元大9A購01,0,0,0,0,0,0,0,0,0,-30000,0,0,0,168000,198000,-30000,-30000
060042,台積電群益99購12,0,0,0,0,0,0,0,0,0,-30000,0,0,0,40000,70000,-30000,-30000
056890,國巨元大98購11  ,0,0,0,0,0,0,0,0,0,-30000,0,0,0,20000,50000,-30000,-30000
056969,智易永豐98購01  ,0,0,0,0,0,0,0,0,0,-30000,0,0,0,0,30000,-30000,-30000
060096,聯發科元大99購43,0,0,0,0,0,0,0,0,0,-30000,0,0,0,1000,31000,-30000,-30000
060151,旺宏富邦9A購02  ,0,0,0,0,0,0,0,0,0,-30000,0,0,0,45000,75000,-30000,-30000
060133,牧德群益9B購01  ,0,0,0,0,0,0,0,0,0,-30000,0,0,0,20000,50000,-30000,-30000
056972,祥碩永豐98購02  ,0,0,0,0,0,0,0,0,0,-30000,0,0,0,0,30000,-30000,-30000
057500,神達群益98購01  ,0,0,0,0,0,0,0,0,0,-30000,0,0,0,0,30000,-30000,-30000
05739P,臺股指統一97售02,0,0,0,0,0,0,0,0,0,-30000,0,0,0,0,30000,-30000,-30000
057304,為升兆豐99購02  ,0,0,0,0,0,0,0,0,0,-30000,0,0,0,0,30000,-30000,-30000
057587,微星國票99購01  ,0,0,0,0,0,0,0,0,0,-30000,0,0,0,0,30000,-30000,-30000
057582,亞光中信9A購02  ,0,0,0,0,0,0,0,0,0,-30000,0,0,0,0,30000,-30000,-30000
059474,元石油群益99購01,0,0,0,0,0,0,0,0,0,-30000,0,0,0,0,30000,-30000,-30000
3266,昇陽            ,15000,46000,-31000,0,0,0,0,0,0,1000,2000,1000,1000,0,0,0,-30000
3052,夆典            ,8000,38000,-30000,0,0,0,0,0,0,0,0,0,0,0,0,0,-30000
8926,台汽電          ,171000,212000,-41000,0,0,0,0,0,0,11000,11000,0,11000,0,0,0,-30000
9942,茂順            ,30000,61000,-31000,0,0,0,0,0,0,1000,1000,0,1000,0,0,0,-30000
9946,三發地產        ,10000,40000,-30000,0,0,0,0,0,0,0,0,0,0,0,0,0,-30000
07377P,聯發科元大99售40,0,0,0,0,0,0,0,0,0,-30000,0,0,0,0,30000,-30000,-30000
07386P,臺股指群益99售24,0,0,0,0,0,0,0,0,0,-30000,0,0,0,0,30000,-30000,-30000
07391P,台灣50國泰02售01,0,0,0,0,0,0,0,0,0,-30000,0,0,0,0,30000,-30000,-30000
07057P,大立光康和9B售02,0,0,0,0,0,0,0,0,0,-30000,0,0,0,10000,40000,-30000,-30000
06652P,長榮航元大98售01,0,0,0,0,0,0,0,0,0,-30000,0,0,0,0,30000,-30000,-30000
07994P,臺股指群益9B售04,0,0,0,0,0,0,0,0,0,-30000,0,0,0,0,30000,-30000,-30000
07761P,智邦永豐9A售03  ,0,0,0,0,0,0,0,0,0,-30000,0,0,0,0,30000,-30000,-30000
07851P,聯發科國票9A售05,0,0,0,0,0,0,0,0,0,-30000,0,0,0,48000,78000,-30000,-30000
07751P,世紀鋼凱基9A售02,0,0,0,0,0,0,0,0,0,-30000,0,0,0,0,30000,-30000,-30000
07728P,臺股指凱基9A售20,0,0,0,0,0,0,0,0,0,-30000,0,0,0,0,30000,-30000,-30000
08147P,聯發科群益9B售10,0,0,0,0,0,0,0,0,0,-30000,0,0,0,0,30000,-30000,-30000
060909,金像電元大9B購01,0,0,0,0,0,0,0,0,0,-31000,0,0,0,123000,154000,-31000,-31000
061583,矽創元大9A購01  ,0,0,0,0,0,0,0,0,0,-31000,0,0,0,90000,121000,-31000,-31000
061867,旺宏元大9B購02  ,0,0,0,0,0,0,0,0,0,-31000,0,0,0,65000,96000,-31000,-31000
063350,台表科統一02購02,0,0,0,0,0,0,0,0,0,-31000,0,0,0,0,31000,-31000,-31000
062195,聚陽中信9C購01  ,0,0,0,0,0,0,0,0,0,-31000,0,0,0,121000,152000,-31000,-31000
056770,國產元大98購02  ,0,0,0,0,0,0,0,0,0,-31000,0,0,0,115000,146000,-31000,-31000
056281,深中小永豐97購01,0,0,0,0,0,0,0,0,0,-31000,0,0,0,87000,118000,-31000,-31000
056332,台郡國票99購01  ,0,0,0,0,0,0,0,0,0,-31000,0,0,0,70000,101000,-31000,-31000
05625P,國巨國票97售01  ,0,0,0,0,0,0,0,0,0,-31000,0,0,0,2000,33000,-31000,-31000
059194,元金2X永豐99購01,0,0,0,0,0,0,0,0,0,-31000,0,0,0,0,31000,-31000,-31000
059694,創意永豐99購03  ,0,0,0,0,0,0,0,0,0,-31000,0,0,0,0,31000,-31000,-31000
059295,大立光元富99購05,0,0,0,0,0,0,0,0,0,-31000,0,0,0,120000,151000,-31000,-31000
056820,欣興永豐98購02  ,0,0,0,0,0,0,0,0,0,-31000,0,0,0,0,31000,-31000,-31000
057501,超眾群益98購04  ,0,0,0,0,0,0,0,0,0,-31000,0,0,0,40000,71000,-31000,-31000
059985,華新科元大99購22,0,0,0,0,0,0,0,0,0,-31000,0,0,0,34000,65000,-31000,-31000
058847,國巨群益99購05  ,0,0,0,0,0,0,0,0,0,-31000,0,0,0,0,31000,-31000,-31000
060657,旺宏統一9B購05  ,0,0,0,0,0,0,0,0,0,-31000,0,0,0,0,31000,-31000,-31000
057833,聯發科元富02購06,0,0,0,0,0,0,0,0,0,-31000,0,0,0,3000,34000,-31000,-31000
1517,利奇            ,0,31000,-31000,0,0,0,0,0,0,0,0,0,0,0,0,0,-31000
07808P,超眾永豐9A售04  ,0,0,0,0,0,0,0,0,0,-31000,0,0,0,0,31000,-31000,-31000
07014P,華通元大99售04  ,0,0,0,0,0,0,0,0,0,-31000,0,0,0,20000,51000,-31000,-31000
2239,英利-KY         ,11000,43000,-32000,0,0,0,0,0,0,1000,1000,0,1000,0,0,0,-31000
062290,聯發科富邦9C購04,0,0,0,0,0,0,0,0,0,-32000,0,0,0,0,32000,-32000,-32000
063384,巨大永豐9B購04  ,0,0,0,0,0,0,0,0,0,-32000,0,0,0,21000,53000,-32000,-32000
063493,金像電富邦01購01,0,0,0,0,0,0,0,0,0,-32000,0,0,0,0,32000,-32000,-32000
063150,聯發科元富05購03,0,0,0,0,0,0,0,0,0,-32000,0,0,0,5000,37000,-32000,-32000
062037,華新凱基9B購01  ,0,0,0,0,0,0,0,0,0,-32000,0,0,0,95000,127000,-32000,-32000
061464,瑞昱群益9A購01  ,0,0,0,0,0,0,0,0,0,-32000,0,0,0,28000,60000,-32000,-32000
056014,上銀群益97購02  ,0,0,0,0,0,0,0,0,0,-32000,0,0,0,90000,122000,-32000,-32000
055305,旺宏群益99購01  ,0,0,0,0,0,0,0,0,0,-32000,0,0,0,0,32000,-32000,-32000
00688L,國泰20年美債正2 ,110000,0,110000,0,0,0,0,0,0,-142000,0,0,0,100000,242000,-142000,-32000
00663L,國泰臺灣加權正2 ,1000,3000,-2000,0,0,0,0,0,0,-30000,0,0,0,16000,46000,-30000,-32000
055755,禾伸堂兆豐97購02,0,0,0,0,0,0,0,0,0,-32000,0,0,0,6000,38000,-32000,-32000
052624,微星亞東97購01  ,0,0,0,0,0,0,0,0,0,-32000,0,0,0,0,32000,-32000,-32000
058431,國巨統一9B購01  ,0,0,0,0,0,0,0,0,0,-32000,0,0,0,80000,112000,-32000,-32000
057057,立積元大9A購01  ,0,0,0,0,0,0,0,0,0,-32000,0,0,0,0,32000,-32000,-32000
058834,GIS永豐99購01   ,0,0,0,0,0,0,0,0,0,-32000,0,0,0,34000,66000,-32000,-32000
059912,國巨元大99購28  ,0,0,0,0,0,0,0,0,0,-32000,0,0,0,3000,35000,-32000,-32000
2405,浩鑫            ,53000,85000,-32000,0,0,0,0,0,0,0,0,0,0,0,0,0,-32000
07655P,台灣50凱基01售09,0,0,0,0,0,0,0,0,0,-32000,0,0,0,0,32000,-32000,-32000
07981P,上銀群益9B售04  ,0,0,0,0,0,0,0,0,0,-32000,0,0,0,0,32000,-32000,-32000
1225,福懋油          ,1000,33000,-32000,0,0,0,0,0,0,0,0,0,0,0,0,0,-32000
061980,聯發科元大9B購01,0,0,0,0,0,0,0,0,0,-33000,0,0,0,9000,42000,-33000,-33000
061067,貿聯凱基9A購03  ,0,0,0,0,0,0,0,0,0,-33000,0,0,0,132000,165000,-33000,-33000
060816,世紀鋼凱基9C購02,0,0,0,0,0,0,0,0,0,-33000,0,0,0,146000,179000,-33000,-33000
061122,敬鵬永豐9A購01  ,0,0,0,0,0,0,0,0,0,-33000,0,0,0,5000,38000,-33000,-33000
062974,奇力新元富9B購01,0,0,0,0,0,0,0,0,0,-33000,0,0,0,0,33000,-33000,-33000
06425P,TPK永豐97售02   ,0,0,0,0,0,0,0,0,0,-33000,0,0,0,0,33000,-33000,-33000
053281,茂林元大96購02  ,0,0,0,0,0,0,0,0,0,-33000,0,0,0,0,33000,-33000,-33000
058989,茂林凱基99購02  ,0,0,0,0,0,0,0,0,0,-33000,0,0,0,15000,48000,-33000,-33000
056755,聯茂兆豐98購01  ,0,0,0,0,0,0,0,0,0,-33000,0,0,0,2000,35000,-33000,-33000
059629,友達凱基99購06  ,0,0,0,0,0,0,0,0,0,-33000,0,0,0,0,33000,-33000,-33000
057084,立積統一9B購01  ,0,0,0,0,0,0,0,0,0,-33000,0,0,0,0,33000,-33000,-33000
058091,欣興元大99購03  ,0,0,0,0,0,0,0,0,0,-33000,0,0,0,0,33000,-33000,-33000
058015,旺宏凱基99購02  ,0,0,0,0,0,0,0,0,0,-33000,0,0,0,0,33000,-33000,-33000
1539,巨庭            ,1000,34000,-33000,0,0,0,0,0,0,0,0,0,0,0,0,0,-33000
07976P,聯發科群益9C售02,0,0,0,0,0,0,0,0,0,-33000,0,0,0,121000,154000,-33000,-33000
06617P,智邦元大98售03  ,0,0,0,0,0,0,0,0,0,-33000,0,0,0,38000,71000,-33000,-33000
8104,錸寶            ,67000,101000,-34000,0,0,0,0,0,0,1000,1000,0,1000,0,0,0,-33000
063192,技嘉台新9B購01  ,0,0,0,0,0,0,0,0,0,-34000,0,0,0,136000,170000,-34000,-34000
061847,力山國票9B購01  ,0,0,0,0,0,0,0,0,0,-34000,0,0,0,42000,76000,-34000,-34000
056767,大毅元大99購01  ,0,0,0,0,0,0,0,0,0,-34000,0,0,0,10000,44000,-34000,-34000
056277,上銀富邦99購02  ,0,0,0,0,0,0,0,0,0,-34000,0,0,0,0,34000,-34000,-34000
056523,光寶科中信98購01,0,0,0,0,0,0,0,0,0,-34000,0,0,0,164000,198000,-34000,-34000
059234,台灣50凱基9C購03,0,0,0,0,0,0,0,0,0,-34000,0,0,0,0,34000,-34000,-34000
05908P,大立光元富96售05,0,0,0,0,0,0,0,0,0,-34000,0,0,0,0,34000,-34000,-34000
055225,華邦電國票99購01,0,0,0,0,0,0,0,0,0,-34000,0,0,0,0,34000,-34000,-34000
053458,聯詠國泰97購01  ,0,0,0,0,0,0,0,0,0,-34000,0,0,0,76000,110000,-34000,-34000
051266,國巨富邦99購01  ,0,7000,-7000,0,0,0,0,0,0,-27000,0,0,0,1004000,1031000,-27000,-34000
054220,國巨統一97購02  ,0,0,0,0,0,0,0,0,0,-34000,0,0,0,20000,54000,-34000,-34000
058134,信邦元大99購01  ,5000,0,5000,0,0,0,0,0,0,-39000,0,0,0,6000,45000,-39000,-34000
058473,上銀凱基9A購03  ,0,0,0,0,0,0,0,0,0,-34000,0,0,0,15000,49000,-34000,-34000
059663,旭富元大9C購02  ,0,0,0,0,0,0,0,0,0,-34000,0,0,0,3000,37000,-34000,-34000
06717P,可成元大98售09  ,0,0,0,0,0,0,0,0,0,-34000,0,0,0,0,34000,-34000,-34000
07085P,超眾元富9C售01  ,0,0,0,0,0,0,0,0,0,-34000,0,0,0,12000,46000,-34000,-34000
07081P,南電群益9A售01  ,0,0,0,0,0,0,0,0,0,-34000,0,0,0,0,34000,-34000,-34000
07913P,友達元大01售01  ,0,0,0,0,0,0,0,0,0,-34000,0,0,0,0,34000,-34000,-34000
2227,裕日車          ,2000,37000,-35000,0,0,0,0,0,0,1000,1000,0,1000,0,0,0,-34000
5534,長虹            ,146810,209000,-62190,0,0,0,0,0,0,28000,28000,0,28000,0,0,0,-34190
062009,聯發科國泰01購01,0,0,0,0,0,0,0,0,0,-35000,0,0,0,0,35000,-35000,-35000
062140,元金2X國票9B購03,0,0,0,0,0,0,0,0,0,-35000,0,0,0,5000,40000,-35000,-35000
062075,智邦元大9B購03  ,0,0,0,0,0,0,0,0,0,-35000,0,0,0,6000,41000,-35000,-35000
061476,大毅元大9A購02  ,0,0,0,0,0,0,0,0,0,-35000,0,0,0,50000,85000,-35000,-35000
061562,群創國票9B購01  ,0,0,0,0,0,0,0,0,0,-35000,0,0,0,13000,48000,-35000,-35000
061229,緯穎中信9B購01  ,0,0,0,0,0,0,0,0,0,-35000,0,0,0,9000,44000,-35000,-35000
063263,高鐵永豐9B購01  ,10000,0,10000,0,0,0,0,0,0,-45000,0,0,0,136000,181000,-45000,-35000
063461,金像電元大9B購03,0,0,0,0,0,0,0,0,0,-35000,0,0,0,0,35000,-35000,-35000
062203,燿華國票9C購01  ,0,0,0,0,0,0,0,0,0,-35000,0,0,0,133000,168000,-35000,-35000
06234P,亞德客元大97售02,0,0,0,0,0,0,0,0,0,-35000,0,0,0,0,35000,-35000,-35000
062749,元金2X中信9B購01,0,0,0,0,0,0,0,0,0,-35000,0,0,0,0,35000,-35000,-35000
042792,T50反1台新9C購01,0,0,0,0,0,0,0,0,0,-35000,0,0,0,0,35000,-35000,-35000
051728,道瓊反國票97購01,0,0,0,0,0,0,0,0,0,-35000,0,0,0,0,35000,-35000,-35000
052619,茂林國泰99購01  ,0,0,0,0,0,0,0,0,0,-35000,0,0,0,79000,114000,-35000,-35000
055181,日電貿統一97購01,0,0,0,0,0,0,0,0,0,-35000,0,0,0,0,35000,-35000,-35000
059107,南茂國泰9A購01  ,0,0,0,0,0,0,0,0,0,-35000,0,0,0,0,35000,-35000,-35000
059240,台積電凱基9A購09,0,0,0,0,0,0,0,0,0,-35000,0,0,0,0,35000,-35000,-35000
055808,世紀鋼永豐97購01,0,0,0,0,0,0,0,0,0,-35000,0,0,0,0,35000,-35000,-35000
055336,茂林兆豐98購01  ,0,0,0,0,0,0,0,0,0,-35000,0,0,0,50000,85000,-35000,-35000
055611,燿華國票98購02  ,0,0,0,0,0,0,0,0,0,-35000,0,0,0,215000,250000,-35000,-35000
058261,大立光富邦03購01,0,0,0,0,0,0,0,0,0,-35000,0,0,0,0,35000,-35000,-35000
059922,大立光元大99購25,0,0,0,0,0,0,0,0,0,-35000,0,0,0,72000,107000,-35000,-35000
05995P,T50正2中信9C售01,0,0,0,0,0,0,0,0,0,-35000,0,0,0,100000,135000,-35000,-35000
057132,華新科凱基98購05,0,0,0,0,0,0,0,0,0,-35000,0,0,0,0,35000,-35000,-35000
2528,皇普            ,1000,36000,-35000,0,0,0,0,0,0,0,0,0,0,0,0,0,-35000
2882A,國泰特          ,0,9000,-9000,0,0,0,0,0,0,-26000,0,26000,-26000,0,0,0,-35000
9188,精熙-DR         ,0,35000,-35000,0,0,0,0,0,0,0,0,0,0,0,0,0,-35000
1445,大宇            ,9000,44000,-35000,0,0,0,0,0,0,0,0,0,0,0,0,0,-35000
07861P,台灣50中信03售08,0,0,0,0,0,0,0,0,0,-35000,0,0,0,0,35000,-35000,-35000
06726P,欣興元富98售04  ,0,0,0,0,0,0,0,0,0,-35000,0,0,0,3000,38000,-35000,-35000
062251,旺宏元大9B購06  ,0,0,0,0,0,0,0,0,0,-36000,0,0,0,0,36000,-36000,-36000
062218,燿華統一01購01  ,0,0,0,0,0,0,0,0,0,-36000,0,0,0,10000,46000,-36000,-36000
063348,祥碩統一01購04  ,0,0,0,0,0,0,0,0,0,-36000,0,0,0,0,36000,-36000,-36000
063042,同欣電凱基9C購01,0,0,0,0,0,0,0,0,0,-36000,0,0,0,6000,42000,-36000,-36000
061352,茂林元大9A購04  ,0,0,0,0,0,0,0,0,0,-36000,0,0,0,0,36000,-36000,-36000
060849,力成國票9A購01  ,0,0,0,0,0,0,0,0,0,-36000,0,0,0,9000,45000,-36000,-36000
055176,大毅統一98購02  ,0,0,0,0,0,0,0,0,0,-36000,0,0,0,12000,48000,-36000,-36000
055287,日電貿元大97購01,0,0,0,0,0,0,0,0,0,-36000,0,0,0,0,36000,-36000,-36000
056023,晶豪科群益97購01,0,0,0,0,0,0,0,0,0,-36000,0,0,0,91000,127000,-36000,-36000
053337,聯電國票97購01  ,0,0,0,0,0,0,0,0,0,-36000,0,0,0,2000,38000,-36000,-36000
046628,大立光統一98購01,0,0,0,0,0,0,0,0,0,-36000,0,0,0,140000,176000,-36000,-36000
054143,茂林元大96購04  ,0,0,0,0,0,0,0,0,0,-36000,0,0,0,0,36000,-36000,-36000
057082,玉晶光統一9A購04,0,0,0,0,0,0,0,0,0,-36000,0,0,0,74000,110000,-36000,-36000
057963,緯穎元大98購08  ,0,0,0,0,0,0,0,0,0,-36000,0,0,0,49000,85000,-36000,-36000
060314,元翎永豐9A購01  ,0,0,0,0,0,0,0,0,0,-36000,0,0,0,32000,68000,-36000,-36000
060097,華新科元大99購23,0,0,0,0,0,0,0,0,0,-36000,0,0,0,0,36000,-36000,-36000
059660,華新科元大9A購04,0,0,0,0,0,0,0,0,0,-36000,0,0,0,0,36000,-36000,-36000
06734P,智邦凱基98售05  ,0,0,0,0,0,0,0,0,0,-36000,0,0,0,98000,134000,-36000,-36000
07051P,大立光中信99售02,0,0,0,0,0,0,0,0,0,-36000,0,0,0,0,36000,-36000,-36000
07729P,臺股指凱基9A售21,0,0,0,0,0,0,0,0,0,-36000,0,0,0,40000,76000,-36000,-36000
08159P,日月光元富9B售01,0,0,0,0,0,0,0,0,0,-36000,0,0,0,0,36000,-36000,-36000
2030,彰源            ,12000,48000,-36000,0,0,0,0,0,0,0,0,0,0,0,0,0,-36000
2471,資通            ,104000,141000,-37000,0,0,0,0,0,0,1000,1000,0,1000,0,0,0,-36000
6206,飛捷            ,15000,50000,-35000,0,0,0,0,0,0,-1000,0,1000,-1000,0,0,0,-36000
060872,高股息中信02購01,0,0,0,0,0,0,0,0,0,-37000,0,0,0,3000,40000,-37000,-37000
061368,南六國票9A購01  ,0,0,0,0,0,0,0,0,0,-37000,0,0,0,25000,62000,-37000,-37000
063462,金像電元大9C購01,0,0,0,0,0,0,0,0,0,-37000,0,0,0,0,37000,-37000,-37000
063500,嘉晶永豐9B購02  ,0,0,0,0,0,0,0,0,0,-37000,0,0,0,0,37000,-37000,-37000
062497,遠東新群益9B購01,0,0,0,0,0,0,0,0,0,-37000,0,0,0,91000,128000,-37000,-37000
043442,大立光台新01購01,0,0,0,0,0,0,0,0,0,-37000,0,0,0,2000,39000,-37000,-37000
045189,大立光元富98購01,0,0,0,0,0,0,0,0,0,-37000,0,0,0,0,37000,-37000,-37000
051508,元黃金中信97購01,0,0,0,0,0,0,0,0,0,-37000,0,0,0,1000,38000,-37000,-37000
055030,帆宣國泰99購02  ,0,0,0,0,0,0,0,0,0,-37000,0,0,0,333000,370000,-37000,-37000
059127,國巨中信99購04  ,0,0,0,0,0,0,0,0,0,-37000,0,0,0,29000,66000,-37000,-37000
055619,同欣電國票98購02,0,0,0,0,0,0,0,0,0,-37000,0,0,0,343000,380000,-37000,-37000
054682,東元永豐97購01  ,0,0,0,0,0,0,0,0,0,-37000,0,0,0,0,37000,-37000,-37000
056823,智伸科永豐98購01,0,0,0,0,0,0,0,0,0,-37000,0,0,0,144000,181000,-37000,-37000
059292,華新科元富9B購02,0,0,0,0,0,0,0,0,0,-37000,0,0,0,16000,53000,-37000,-37000
058076,神達凱基98購02  ,0,0,0,0,0,0,0,0,0,-37000,0,0,0,10000,47000,-37000,-37000
5515,建國            ,23000,60000,-37000,0,0,0,0,0,0,0,0,0,0,0,0,0,-37000
5285,界霖            ,3000,41000,-38000,0,0,0,0,0,0,1000,1000,0,1000,0,0,0,-37000
3591,艾笛森          ,0,39000,-39000,0,0,0,0,0,0,2000,2000,0,2000,0,0,0,-37000
1614,三洋電          ,11000,48000,-37000,0,0,0,0,0,0,0,0,0,0,0,0,0,-37000
08173P,金像電凱基9B售02,0,0,0,0,0,0,0,0,0,-37000,0,0,0,0,37000,-37000,-37000
07693P,群創元大9B售10  ,0,0,0,0,0,0,0,0,0,-37000,0,0,0,63000,100000,-37000,-37000
07943P,瑞昱元大9B售02  ,0,0,0,0,0,0,0,0,0,-37000,0,0,0,0,37000,-37000,-37000
07027P,台積電群益99售04,0,0,0,0,0,0,0,0,0,-37000,0,0,0,28000,65000,-37000,-37000
062584,鴻海統一9C購13  ,0,0,0,0,0,0,0,0,0,-38000,0,0,0,18000,56000,-38000,-38000
062155,國巨凱基9C購03  ,0,0,0,0,0,0,0,0,0,-38000,0,0,0,3000,41000,-38000,-38000
061140,華擎統一9C購01  ,0,0,0,0,0,0,0,0,0,-38000,0,0,0,48000,86000,-38000,-38000
060960,金像電凱基9B購01,10000,13000,-3000,0,0,0,0,0,0,-35000,0,0,0,217000,252000,-35000,-38000
061981,聯發科元大9B購02,0,0,0,0,0,0,0,0,0,-38000,0,0,0,6000,44000,-38000,-38000
061815,奇力新群益9B購02,0,0,0,0,0,0,0,0,0,-38000,0,0,0,0,38000,-38000,-38000
056394,晶豪科永豐98購01,0,0,0,0,0,0,0,0,0,-38000,0,0,0,12000,50000,-38000,-38000
054776,矽創國票98購01  ,0,0,0,0,0,0,0,0,0,-38000,0,0,0,0,38000,-38000,-38000
054217,台表科國票97購05,0,0,0,0,0,0,0,0,0,-38000,0,0,0,73000,111000,-38000,-38000
05579P,友達凱基98售03  ,0,0,0,0,0,0,0,0,0,-38000,0,0,0,1000,39000,-38000,-38000
056669,貿聯國票99購01  ,0,0,0,0,0,0,0,0,0,-38000,0,0,0,44000,82000,-38000,-38000
057835,華擎元富9B購01  ,0,0,0,0,0,0,0,0,0,-38000,0,0,0,105000,143000,-38000,-38000
058250,台虹元大99購01  ,0,0,0,0,0,0,0,0,0,-38000,0,0,0,82000,120000,-38000,-38000
057199,台達電元富02購01,0,0,0,0,0,0,0,0,0,-38000,0,0,0,191000,229000,-38000,-38000
057924,健策凱基98購02  ,0,0,0,0,0,0,0,0,0,-38000,0,0,0,69000,107000,-38000,-38000
05758P,光罩永豐96售02  ,0,0,0,0,0,0,0,0,0,-38000,0,0,0,0,38000,-38000,-38000
058671,旺宏群益9A購01  ,0,0,0,0,0,0,0,0,0,-38000,0,0,0,26000,64000,-38000,-38000
056989,鴻海兆豐98購02  ,0,0,0,0,0,0,0,0,0,-38000,0,0,0,62000,100000,-38000,-38000
057024,義隆凱基99購01  ,0,0,0,0,0,0,0,0,0,-38000,0,0,0,41000,79000,-38000,-38000
057696,聯電群益9A購01  ,0,0,0,0,0,0,0,0,0,-38000,0,0,0,5000,43000,-38000,-38000
07657P,技嘉凱基9A售03  ,0,0,0,0,0,0,0,0,0,-38000,0,0,0,2000,40000,-38000,-38000
07711P,世芯元大9A售07  ,0,0,0,0,0,0,0,0,0,-38000,0,0,0,32000,70000,-38000,-38000
07845P,南亞科元大9A售08,0,0,0,0,0,0,0,0,0,-38000,0,0,0,27000,65000,-38000,-38000
3055,蔚華科          ,12000,50000,-38000,0,0,0,0,0,0,0,0,0,0,0,0,0,-38000
3209,全科            ,31900,70000,-38100,0,0,0,0,0,0,0,0,0,0,0,0,0,-38100
061787,華新科群益9C購01,0,0,0,0,0,0,0,0,0,-39000,0,0,0,80000,119000,-39000,-39000
061496,華新科國票9A購07,0,0,0,0,0,0,0,0,0,-39000,0,0,0,13000,52000,-39000,-39000
063105,健策群益9C購01  ,0,0,0,0,0,0,0,0,0,-39000,0,0,0,107000,146000,-39000,-39000
054457,強茂群益96購01  ,0,0,0,0,0,0,0,0,0,-39000,0,0,0,133000,172000,-39000,-39000
058950,國巨群益99購06  ,0,0,0,0,0,0,0,0,0,-39000,0,0,0,4000,43000,-39000,-39000
055844,大毅元大98購01  ,0,0,0,0,0,0,0,0,0,-39000,0,0,0,0,39000,-39000,-39000
055437,禾伸堂中信99購01,0,0,0,0,0,0,0,0,0,-39000,0,0,0,38000,77000,-39000,-39000
058379,臺股指凱基99購14,0,0,0,0,0,0,0,0,0,-39000,0,0,0,84000,123000,-39000,-39000
058309,大毅元大99購02  ,0,0,0,0,0,0,0,0,0,-39000,0,0,0,0,39000,-39000,-39000
059728,聯鈞元大99購01  ,0,0,0,0,0,0,0,0,0,-39000,0,0,0,24000,63000,-39000,-39000
057843,晶技永豐98購02  ,0,0,0,0,0,0,0,0,0,-39000,0,0,0,5000,44000,-39000,-39000
058061,貿聯元富9B購01  ,0,0,0,0,0,0,0,0,0,-39000,0,0,0,99000,138000,-39000,-39000
07864P,可成元大9B售01  ,0,0,0,0,0,0,0,0,0,-39000,0,0,0,5000,44000,-39000,-39000
1721,三晃            ,1000,41000,-40000,0,0,0,0,0,0,1000,1000,0,1000,0,0,0,-39000
07326P,大立光元大99售23,0,0,0,0,0,0,0,0,0,-39000,0,0,0,49000,88000,-39000,-39000
07531P,大立光國泰9B售03,0,0,0,0,0,0,0,0,0,-39000,0,0,0,5000,44000,-39000,-39000
06386P,欣興永豐97售03  ,0,0,0,0,0,0,0,0,0,-40000,0,0,0,0,40000,-40000,-40000
063391,南電兆豐9C購01  ,0,0,0,0,0,0,0,0,0,-40000,0,0,0,0,40000,-40000,-40000
063323,同欣電群益9B購03,0,0,0,0,0,0,0,0,0,-40000,0,0,0,5000,45000,-40000,-40000
062438,台光電元大9B購04,0,0,0,0,0,0,0,0,0,-40000,0,0,0,32000,72000,-40000,-40000
062548,智易永豐9B購01  ,0,0,0,0,0,0,0,0,0,-40000,0,0,0,0,40000,-40000,-40000
062555,旺宏凱基9B購06  ,0,0,0,0,0,0,0,0,0,-40000,0,0,0,0,40000,-40000,-40000
062674,百和中信03購01  ,0,0,0,0,0,0,0,0,0,-40000,0,0,0,42000,82000,-40000,-40000
061445,道瓊指中信9A購01,0,0,0,0,0,0,0,0,0,-40000,0,0,0,0,40000,-40000,-40000
061609,華新科統一9C購01,0,0,0,0,0,0,0,0,0,-40000,0,0,0,30000,70000,-40000,-40000
061911,台積電中信05購04,0,0,0,0,0,0,0,0,0,-40000,0,0,0,1000,41000,-40000,-40000
061936,旺宏國票9B購03  ,0,0,0,0,0,0,0,0,0,-40000,0,0,0,0,40000,-40000,-40000
061940,世紀鋼國票9C購01,0,0,0,0,0,0,0,0,0,-40000,0,0,0,8000,48000,-40000,-40000
061270,彩晶凱基9A購02  ,0,0,0,0,0,0,0,0,0,-40000,0,0,0,20000,60000,-40000,-40000
055402,正文元富97購02  ,0,0,0,0,0,0,0,0,0,-40000,0,0,0,0,40000,-40000,-40000
055518,華新科中信99購01,0,0,0,0,0,0,0,0,0,-40000,0,0,0,0,40000,-40000,-40000
055525,國巨群益98購05  ,0,0,0,0,0,0,0,0,0,-40000,0,0,0,1000,41000,-40000,-40000
056469,國巨元大99購01  ,0,0,0,0,0,0,0,0,0,-40000,0,0,0,0,40000,-40000,-40000
05626P,景碩國票97售03  ,0,0,0,0,0,0,0,0,0,-40000,0,0,0,0,40000,-40000,-40000
052585,友達永豐97購01  ,0,0,0,0,0,0,0,0,0,-40000,0,0,0,0,40000,-40000,-40000
056680,華通統一98購04  ,0,0,0,0,0,0,0,0,0,-40000,0,0,0,0,40000,-40000,-40000
056635,亞德客日盛99購01,0,0,0,0,0,0,0,0,0,-40000,0,0,0,64000,104000,-40000,-40000
056649,智易凱基98購01  ,0,0,0,0,0,0,0,0,0,-40000,0,0,0,0,40000,-40000,-40000
056696,茂林群益98購02  ,0,0,0,0,0,0,0,0,0,-40000,0,0,0,0,40000,-40000,-40000
055741,健策元富97購01  ,0,0,0,0,0,0,0,0,0,-40000,0,0,0,390000,430000,-40000,-40000
05272P,臻鼎中信97售03  ,0,0,0,0,0,0,0,0,0,-40000,0,0,0,60000,100000,-40000,-40000
054177,牧德台新97購01  ,0,0,0,0,0,0,0,0,0,-40000,0,0,0,0,40000,-40000,-40000
050271,上緯控元大96購01,0,0,0,0,0,0,0,0,0,-40000,0,0,0,0,40000,-40000,-40000
058063,旺宏中信98購04  ,0,0,0,0,0,0,0,0,0,-40000,0,0,0,0,40000,-40000,-40000
057063,立積國泰9A購01  ,0,0,0,0,0,0,0,0,0,-40000,0,0,0,0,40000,-40000,-40000
057766,矽力凱基98購03  ,0,0,0,0,0,0,0,0,0,-40000,0,0,0,0,40000,-40000,-40000
057918,旺宏凱基99購01  ,0,0,0,0,0,0,0,0,0,-40000,0,0,0,0,40000,-40000,-40000
060293,緯創元大9A購01  ,0,0,0,0,0,0,0,0,0,-40000,0,0,0,12000,52000,-40000,-40000
060429,南六永豐9A購01  ,0,0,0,0,0,0,0,0,0,-40000,0,0,0,2000,42000,-40000,-40000
059476,道瓊指群益9C購01,0,0,0,0,0,0,0,0,0,-40000,0,0,0,0,40000,-40000,-40000
060087,鴻海元大99購43  ,0,0,0,0,0,0,0,0,0,-40000,0,0,0,12000,52000,-40000,-40000
060048,元金2X凱基99購03,0,0,0,0,0,0,0,0,0,-40000,0,0,0,50000,90000,-40000,-40000
07381P,鴻海群益99售05  ,0,0,0,0,0,0,0,0,0,-40000,0,0,0,0,40000,-40000,-40000
07430P,臺股指國票9A售02,0,0,0,0,0,0,0,0,0,-40000,0,0,0,0,40000,-40000,-40000
07432P,臺股指國票9A售04,0,0,0,0,0,0,0,0,0,-40000,0,0,0,0,40000,-40000,-40000
07442P,華航康和9A售02  ,0,0,0,0,0,0,0,0,0,-40000,0,0,0,50000,90000,-40000,-40000
07335P,臺股指國票99售20,0,0,0,0,0,0,0,0,0,-40000,0,0,0,0,40000,-40000,-40000
07189P,聯發科富邦9B售03,0,0,0,0,0,0,0,0,0,-40000,0,0,0,0,40000,-40000,-40000
06827P,臺股指國票98售03,0,0,0,0,0,0,0,0,0,-40000,0,0,0,0,40000,-40000,-40000
08141P,鴻海凱基9B售09  ,0,0,0,0,0,0,0,0,0,-40000,0,0,0,0,40000,-40000,-40000
07986P,大成鋼統一9B售02,0,0,0,0,0,0,0,0,0,-40000,0,0,0,0,40000,-40000,-40000
07859P,台灣50麥證9A售04,0,0,0,0,40000,-40000,0,0,0,-40000,0,0,0,0,40000,-40000,-40000
1313,聯成            ,154000,194788,-40788,0,0,0,0,0,0,0,0,0,0,0,0,0,-40788
061336,國巨元大9A購20  ,0,0,0,0,0,0,0,0,0,-41000,0,0,0,0,41000,-41000,-41000
061141,臻鼎統一9A購01  ,0,0,0,0,0,0,0,0,0,-41000,0,0,0,69000,110000,-41000,-41000
061892,亞德客永豐9B購01,0,0,0,0,0,0,0,0,0,-41000,0,0,0,44000,85000,-41000,-41000
062451,瀚宇博元大9B購02,0,0,0,0,0,0,0,0,0,-41000,0,0,0,164000,205000,-41000,-41000
062315,健策凱基9C購01  ,0,0,0,0,0,0,0,0,0,-41000,0,0,0,176000,217000,-41000,-41000
063365,義隆富邦01購01  ,0,0,0,0,0,0,0,0,0,-41000,0,0,0,89000,130000,-41000,-41000
03662C,FBVIX凱基03牛01 ,0,0,0,0,0,0,0,0,0,-41000,0,0,0,4000,45000,-41000,-41000
055617,TPK國票98購04   ,0,0,0,0,0,0,0,0,0,-41000,0,0,0,0,41000,-41000,-41000
060009,南亞科群益99購03,0,0,0,0,0,0,0,0,0,-41000,0,0,0,112000,153000,-41000,-41000
057044,旺宏元大98購08  ,0,0,0,0,0,0,0,0,0,-41000,0,0,0,10000,51000,-41000,-41000
059790,立積元大9C購02  ,0,0,0,0,0,0,0,0,0,-41000,0,0,0,0,41000,-41000,-41000
060533,臺股指中信9B購05,0,0,0,0,0,0,0,0,0,-41000,0,0,0,1000,42000,-41000,-41000
060243,潤泰全元大9C購02,0,0,0,0,0,0,0,0,0,-41000,0,0,0,375000,416000,-41000,-41000
058621,華通國票9A購01  ,0,0,0,0,0,0,0,0,0,-41000,0,0,0,45000,86000,-41000,-41000
057967,聯發科國泰9A購02,0,0,0,0,0,0,0,0,0,-41000,0,0,0,105000,146000,-41000,-41000
08098P,大立光凱基9B售09,0,0,0,0,0,0,0,0,0,-41000,0,0,0,0,41000,-41000,-41000
07902P,玉晶光國票01售01,0,0,0,0,0,0,0,0,0,-41000,0,0,0,78000,119000,-41000,-41000
07011P,宏達電凱基99售02,0,0,0,0,0,0,0,0,0,-41000,0,0,0,0,41000,-41000,-41000
06750P,聯發科元富02售03,0,0,0,0,0,0,0,0,0,-41000,0,0,0,0,41000,-41000,-41000
2706,第一店          ,11000,52000,-41000,0,0,0,0,0,0,0,0,0,0,0,0,0,-41000
063312,台積電群益9B購07,0,0,0,0,0,0,0,0,0,-42000,0,0,0,1000,43000,-42000,-42000
062185,禾伸堂元大9B購01,0,0,0,0,0,0,0,0,0,-42000,0,0,0,22000,64000,-42000,-42000
062275,燿華群益9B購01  ,0,0,0,0,0,0,0,0,0,-42000,0,0,0,56000,98000,-42000,-42000
062775,大成鋼元大9B購02,0,0,0,0,0,0,0,0,0,-42000,0,0,0,103000,145000,-42000,-42000
061908,台積電中信05購01,0,0,0,0,0,0,0,0,0,-42000,0,0,0,9000,51000,-42000,-42000
061561,義隆國票9A購02  ,0,0,0,0,0,0,0,0,0,-42000,0,0,0,130000,172000,-42000,-42000
061767,信邦元大9B購01  ,0,0,0,0,0,0,0,0,0,-42000,0,0,0,128000,170000,-42000,-42000
055104,台達電凱基98購01,0,0,0,0,0,0,0,0,0,-42000,0,0,0,0,42000,-42000,-42000
059146,貿聯國票9A購02  ,0,0,0,0,0,0,0,0,0,-42000,0,0,0,23000,65000,-42000,-42000
054751,GIS凱基98購01   ,0,0,0,0,0,0,0,0,0,-42000,0,0,0,0,42000,-42000,-42000
00650L,FH香港正2       ,0,171000,-171000,0,0,0,0,0,0,129000,0,0,0,681000,552000,129000,-42000
056642,旺宏凱基98購07  ,0,0,0,0,0,0,0,0,0,-42000,0,0,0,38000,80000,-42000,-42000
052561,矽創國票97購01  ,0,0,0,0,0,0,0,0,0,-42000,0,0,0,61000,103000,-42000,-42000
056986,超眾群益98購03  ,0,0,0,0,0,0,0,0,0,-42000,0,0,0,34000,76000,-42000,-42000
057364,國巨元大98購18  ,0,0,0,0,0,0,0,0,0,-42000,0,0,0,1000,43000,-42000,-42000
3694,海華            ,6000,48000,-42000,0,0,0,0,0,0,0,0,0,0,0,0,0,-42000
06600P,貿聯永豐98售01  ,0,0,0,0,0,0,0,0,0,-42000,0,0,0,166000,208000,-42000,-42000
07212P,聯發科凱基99售14,0,0,0,0,0,0,0,0,0,-42000,0,0,0,0,42000,-42000,-42000
9910,豐泰            ,969118,1038300,-69182,0,0,0,0,0,0,27000,39000,13000,26000,1000,0,1000,-42182
061720,智邦國泰9C購01  ,0,0,0,0,0,0,0,0,0,-43000,0,0,0,74000,117000,-43000,-43000
062205,奇力新國票9C購01,0,0,0,0,0,0,0,0,0,-43000,0,0,0,0,43000,-43000,-43000
063231,台泥元大9B購01  ,0,0,0,0,0,0,0,0,0,-43000,0,0,0,83000,126000,-43000,-43000
053948,大立光富邦99購04,0,0,0,0,0,0,0,0,0,-43000,0,0,0,0,43000,-43000,-43000
058767,亞德客兆豐99購01,0,0,0,0,0,0,0,0,0,-43000,0,0,0,0,43000,-43000,-43000
057976,旺宏永豐98購03  ,0,0,0,0,0,0,0,0,0,-43000,0,0,0,0,43000,-43000,-43000
058435,旺宏統一9B購02  ,0,0,0,0,0,0,0,0,0,-43000,0,0,0,0,43000,-43000,-43000
057150,貿聯國票99購02  ,0,0,0,0,0,0,0,0,0,-43000,0,0,0,0,43000,-43000,-43000
08158P,嘉澤元富9B售03  ,0,0,0,0,0,0,0,0,0,-43000,0,0,0,0,43000,-43000,-43000
2029,盛餘            ,4000,47000,-43000,0,0,0,0,0,0,0,0,0,0,0,0,0,-43000
06327P,台積電中信01售01,0,0,0,0,0,0,0,0,0,-44000,0,0,0,20000,64000,-44000,-44000
062827,神基群益9B購01  ,0,0,0,0,0,0,0,0,0,-44000,0,0,0,16000,60000,-44000,-44000
062381,上銀國泰9C購01  ,0,0,0,0,0,0,0,0,0,-44000,0,0,0,115000,159000,-44000,-44000
061391,晶技群益9A購02  ,0,0,0,0,0,0,0,0,0,-44000,0,0,0,182000,226000,-44000,-44000
060965,中租凱基9B購01  ,0,0,0,0,0,0,0,0,0,-44000,0,0,0,303000,347000,-44000,-44000
03050X,元展47          ,0,0,0,0,0,0,0,0,0,-44000,0,0,0,36000,80000,-44000,-44000
053584,友達元大9B購02  ,0,0,0,0,0,0,0,0,0,-44000,0,0,0,0,44000,-44000,-44000
00710B,FH彭博高收益債  ,0,0,0,0,0,0,0,0,0,-44000,0,0,0,134000,178000,-44000,-44000
054333,茂林永豐96購03  ,0,0,0,0,0,0,0,0,0,-44000,0,0,0,0,44000,-44000,-44000
055782,新日興凱基99購01,0,0,0,0,0,0,0,0,0,-44000,0,0,0,20000,64000,-44000,-44000
055301,台虹元大97購01  ,0,0,0,0,0,0,0,0,0,-44000,0,0,0,147000,191000,-44000,-44000
05596P,可成統一96售01  ,0,0,0,0,0,0,0,0,0,-44000,0,0,0,6000,50000,-44000,-44000
059176,臺股指凱基99購27,0,0,0,0,0,0,0,0,0,-44000,0,0,0,51000,95000,-44000,-44000
056458,日月光凱基98購02,0,0,0,0,0,0,0,0,0,-44000,0,0,0,10000,54000,-44000,-44000
057721,華擎元富98購02  ,0,0,0,0,0,0,0,0,0,-44000,0,0,0,137000,181000,-44000,-44000
057744,健策永豐98購02  ,0,0,0,0,0,0,0,0,0,-44000,0,0,0,37000,81000,-44000,-44000
057109,信邦群益98購01  ,0,0,0,0,0,0,0,0,0,-44000,0,0,0,40000,84000,-44000,-44000
060266,潤泰全國票9A購01,0,0,0,0,0,0,0,0,0,-44000,0,0,0,0,44000,-44000,-44000
060634,矽創富邦9B購01  ,0,0,0,0,0,0,0,0,0,-44000,0,0,0,20000,64000,-44000,-44000
059832,超眾康和99購01  ,0,0,0,0,0,0,0,0,0,-44000,0,0,0,74000,118000,-44000,-44000
056995,華新科日盛99購01,0,0,0,0,0,0,0,0,0,-44000,0,0,0,101000,145000,-44000,-44000
07953P,健策元大9B售07  ,0,0,0,0,0,0,0,0,0,-44000,0,0,0,6000,50000,-44000,-44000
07184P,台灣50元富01售01,0,0,0,0,0,0,0,0,0,-44000,0,0,0,0,44000,-44000,-44000
2609,陽明            ,130000,174000,-44000,0,0,0,0,0,0,0,0,0,0,0,0,0,-44000
060742,臺指反國票9B購02,0,0,0,0,0,0,0,0,0,-45000,0,0,0,0,45000,-45000,-45000
061447,鴻海中信04購02  ,0,0,0,0,0,0,0,0,0,-45000,0,0,0,45000,90000,-45000,-45000
062509,SP黃豆國票9B購03,0,0,0,0,0,0,0,0,0,-45000,0,0,0,0,45000,-45000,-45000
062927,同欣電國票9B購02,0,0,0,0,0,0,0,0,0,-45000,0,0,0,27000,72000,-45000,-45000
063378,茂林永豐9B購02  ,0,0,0,0,0,0,0,0,0,-45000,0,0,0,0,45000,-45000,-45000
05242P,群創國泰97售01  ,0,0,0,0,0,0,0,0,0,-45000,0,0,0,20000,65000,-45000,-45000
052647,晶技永豐97購01  ,0,0,0,0,0,0,0,0,0,-45000,0,0,0,13000,58000,-45000,-45000
054066,緯穎國票97購03  ,0,0,0,0,0,0,0,0,0,-45000,0,0,0,6000,51000,-45000,-45000
057374,禾伸堂元大99購03,0,0,0,0,0,0,0,0,0,-45000,0,0,0,17000,62000,-45000,-45000
059876,智易凱基99購02  ,0,0,0,0,0,0,0,0,0,-45000,0,0,0,0,45000,-45000,-45000
059348,日月光凱基99購01,0,0,0,0,0,0,0,0,0,-45000,0,0,0,0,45000,-45000,-45000
060651,瑞儀中信9B購01  ,0,0,0,0,0,0,0,0,0,-45000,0,0,0,90000,135000,-45000,-45000
057763,康控凱基99購02  ,0,0,0,0,0,0,0,0,0,-45000,0,0,0,0,45000,-45000,-45000
3702A,大聯大甲特      ,0,3000,-3000,0,0,0,0,0,0,-42000,0,42000,-42000,0,0,0,-45000
07217P,大立光凱基9A售05,0,0,0,0,0,0,0,0,0,-45000,0,0,0,60000,105000,-45000,-45000
07288P,台灣50凱基99售06,0,0,0,0,0,0,0,0,0,-45000,0,0,0,0,45000,-45000,-45000
07559P,祥碩元大9A售03  ,0,0,0,0,0,0,0,0,0,-45000,0,0,0,45000,90000,-45000,-45000
06517P,國巨凱基98售09  ,0,0,0,0,0,0,0,0,0,-45000,0,0,0,0,45000,-45000,-45000
06832P,玉晶光凱基98售03,0,0,0,0,0,0,0,0,0,-45000,0,0,0,44000,89000,-45000,-45000
06880P,鈺齊凱基98售03  ,0,0,0,0,0,0,0,0,0,-45000,0,0,0,5000,50000,-45000,-45000
07683P,宏達電凱基9A售03,0,0,0,0,0,0,0,0,0,-45000,0,0,0,10000,55000,-45000,-45000
08145P,台灣50群益9B售11,0,0,0,0,0,0,0,0,0,-45000,0,0,0,0,45000,-45000,-45000
063194,華新科台新9B購01,0,0,0,0,0,0,0,0,0,-46000,0,0,0,0,46000,-46000,-46000
062665,智易群益9B購01  ,0,0,0,0,0,0,0,0,0,-46000,0,0,0,115000,161000,-46000,-46000
061714,華新科凱基9A購15,0,0,0,0,0,0,0,0,0,-46000,0,0,0,0,46000,-46000,-46000
061358,世紀鋼元大9A購04,0,0,0,0,0,0,0,0,0,-46000,0,0,0,118000,164000,-46000,-46000
061223,T50反1中信01購01,0,0,0,0,0,0,0,0,0,-46000,0,0,0,0,46000,-46000,-46000
054523,GIS元大96購05   ,0,0,0,0,0,0,0,0,0,-46000,0,0,0,22000,68000,-46000,-46000
055090,國巨群益97購03  ,0,0,0,0,0,0,0,0,0,-46000,0,0,0,0,46000,-46000,-46000
059118,晶技永豐9A購01  ,0,0,0,0,0,0,0,0,0,-46000,0,0,0,0,46000,-46000,-46000
060267,上緯控國票9C購01,0,0,0,0,0,0,0,0,0,-46000,0,0,0,1000,47000,-46000,-46000
060305,得力永豐9A購01  ,0,0,0,0,0,0,0,0,0,-46000,0,0,0,64000,110000,-46000,-46000
05978P,麗豐永豐96售02  ,0,0,0,0,0,0,0,0,0,-46000,0,0,0,37000,83000,-46000,-46000
059907,道瓊指元大99購03,0,0,0,0,0,0,0,0,0,-46000,0,0,0,54000,100000,-46000,-46000
057370,可成元大98購07  ,0,0,0,0,0,0,0,0,0,-46000,0,0,0,22000,68000,-46000,-46000
056996,矽力日盛99購01  ,0,0,0,0,0,0,0,0,0,-46000,0,0,0,24000,70000,-46000,-46000
07768P,緯穎群益9A售02  ,0,0,0,0,0,0,0,0,0,-46000,0,0,0,0,46000,-46000,-46000
06485P,玉晶光群益9A售02,0,0,0,0,0,0,0,0,0,-46000,0,0,0,5000,51000,-46000,-46000
061354,瑞儀元大9A購01  ,0,0,0,0,0,0,0,0,0,-47000,0,0,0,20000,67000,-47000,-47000
060811,亞德客凱基9A購02,0,0,0,0,0,0,0,0,0,-47000,0,0,0,0,47000,-47000,-47000
060829,T50反1國票9A購06,0,0,0,0,0,0,0,0,0,-47000,0,0,0,13000,60000,-47000,-47000
061763,聯電元大9C購02  ,0,0,0,0,0,0,0,0,0,-47000,0,0,0,0,47000,-47000,-47000
061580,華擎元大9A購06  ,0,0,0,0,0,0,0,0,0,-47000,0,0,0,4000,51000,-47000,-47000
061912,台積電中信05購05,0,0,0,0,0,0,0,0,0,-47000,0,0,0,57000,104000,-47000,-47000
062902,智邦元大9B購07  ,0,0,0,0,0,0,0,0,0,-47000,0,0,0,4000,51000,-47000,-47000
055071,群電永豐97購01  ,0,0,0,0,0,0,0,0,0,-47000,0,0,0,155000,202000,-47000,-47000
056215,華新科國票97購03,0,0,0,0,0,0,0,0,0,-47000,0,0,0,3000,50000,-47000,-47000
056626,同欣電永豐98購01,0,0,0,0,0,0,0,0,0,-47000,0,0,0,0,47000,-47000,-47000
0055,元大MSCI金融    ,0,0,0,0,0,0,0,0,0,-47000,0,0,0,1000,48000,-47000,-47000
057381,微星國泰9A購01  ,0,0,0,0,0,0,0,0,0,-47000,0,0,0,13000,60000,-47000,-47000
059370,玉晶光元富99購02,0,0,0,0,0,0,0,0,0,-47000,0,0,0,116000,163000,-47000,-47000
058792,鴻海元大99購18  ,0,0,0,0,0,0,0,0,0,-47000,0,0,0,1000,48000,-47000,-47000
057841,茂林富邦9A購02  ,0,0,0,0,0,0,0,0,0,-47000,0,0,0,108000,155000,-47000,-47000
06868P,電子類元大99售01,0,0,0,0,0,0,0,0,0,-47000,0,0,0,3000,50000,-47000,-47000
06899P,嘉澤群益98售01  ,0,0,0,0,0,0,0,0,0,-47000,0,0,0,25000,72000,-47000,-47000
07260P,台灣50元大9A售01,0,0,0,0,0,0,0,0,0,-47000,0,0,0,30000,77000,-47000,-47000
1618,合機            ,0,47000,-47000,0,0,0,0,0,0,0,0,0,0,0,0,0,-47000
062977,健策元富9B購01  ,0,0,0,0,0,0,0,0,0,-48000,0,0,0,221000,269000,-48000,-48000
063045,國巨兆豐9C購02  ,0,0,0,0,0,0,0,0,0,-48000,0,0,0,0,48000,-48000,-48000
063318,京鼎群益9C購02  ,0,0,0,0,0,0,0,0,0,-48000,0,0,0,19000,67000,-48000,-48000
063341,燿華統一9C購01  ,0,0,0,0,0,0,0,0,0,-48000,0,0,0,0,48000,-48000,-48000
06436P,台光電國票98售04,0,0,0,0,0,0,0,0,0,-48000,0,0,0,2000,50000,-48000,-48000
062364,瑞昱元大9B購04  ,0,0,0,0,0,0,0,0,0,-48000,0,0,0,17000,65000,-48000,-48000
062089,矽創元大9B購02  ,0,0,0,0,0,0,0,0,0,-48000,0,0,0,64000,112000,-48000,-48000
061747,南亞科統一01購01,0,0,0,0,0,0,0,0,0,-48000,0,0,0,0,48000,-48000,-48000
061038,TPK永豐9A購01   ,0,0,0,0,0,0,0,0,0,-48000,0,0,0,6000,54000,-48000,-48000
061256,亞德客凱基9B購01,0,0,0,0,0,0,0,0,0,-48000,0,0,0,0,48000,-48000,-48000
055776,宏達電凱基98購02,0,0,0,0,0,0,0,0,0,-48000,0,0,0,25000,73000,-48000,-48000
054550,旺宏凱基98購02  ,0,0,0,0,0,0,0,0,0,-48000,0,0,0,105000,153000,-48000,-48000
053887,聯茂兆豐97購02  ,0,0,0,0,0,0,0,0,0,-48000,0,0,0,0,48000,-48000,-48000
055060,聯陽永豐97購01  ,0,0,0,0,0,0,0,0,0,-48000,0,0,0,20000,68000,-48000,-48000
056781,元油2X群益9B購02,0,0,0,0,0,0,0,0,0,-48000,0,0,0,0,48000,-48000,-48000
056168,鴻海元富97購07  ,0,0,0,0,0,0,0,0,0,-48000,0,0,0,50000,98000,-48000,-48000
059123,訊芯永豐99購03  ,0,0,0,0,0,0,0,0,0,-48000,0,0,0,40000,88000,-48000,-48000
054778,世紀鋼國票99購01,0,0,0,0,0,0,0,0,0,-48000,0,0,0,80000,128000,-48000,-48000
054916,聯發科凱基98購04,0,0,0,0,0,0,0,0,0,-48000,0,0,0,18000,66000,-48000,-48000
058107,全新台新99購01  ,0,0,0,0,0,0,0,0,0,-48000,0,0,0,0,48000,-48000,-48000
057810,技嘉元大98購06  ,0,0,0,0,0,0,0,0,0,-48000,0,0,0,43000,91000,-48000,-48000
057739,新日興富邦9B購01,0,0,0,0,0,0,0,0,0,-48000,0,0,0,180000,228000,-48000,-48000
058596,旺宏台新99購01  ,0,0,0,0,0,0,0,0,0,-48000,0,0,0,0,48000,-48000,-48000
057548,微星凱基99購01  ,0,0,0,0,0,0,0,0,0,-48000,0,0,0,21000,69000,-48000,-48000
057504,技嘉麥證98購01  ,0,0,0,2000,50000,-48000,0,0,0,-48000,0,0,0,2000,50000,-48000,-48000
057016,中石化凱基9B購01,0,0,0,0,0,0,0,0,0,-48000,0,0,0,10000,58000,-48000,-48000
057646,玉山金元大98購01,0,0,0,0,0,0,0,0,0,-48000,0,0,0,16000,64000,-48000,-48000
060051,台積電凱基9B購01,0,0,0,0,0,0,0,0,0,-48000,0,0,0,3000,51000,-48000,-48000
056970,TPK永豐98購01   ,0,0,0,0,0,0,0,0,0,-48000,0,0,0,0,48000,-48000,-48000
07671P,超眾元大9A售04  ,0,0,0,0,0,0,0,0,0,-48000,0,0,0,2000,50000,-48000,-48000
07365P,超眾元大99售07  ,0,0,0,0,0,0,0,0,0,-48000,0,0,0,3000,51000,-48000,-48000
5706,鳳凰            ,101000,149000,-48000,0,0,0,0,0,0,0,0,0,0,0,0,0,-48000
2539,櫻花建          ,6000,54000,-48000,0,0,0,0,0,0,0,0,0,0,0,0,0,-48000
4306,炎洲            ,176202,198000,-21798,0,0,0,0,0,0,-27000,0,27000,-27000,0,0,0,-48798
063260,信邦富邦9B購01  ,0,0,0,0,0,0,0,0,0,-49000,0,0,0,0,49000,-49000,-49000
059136,臺股指群益99購11,0,0,0,0,0,0,0,0,0,-49000,0,0,0,1000,50000,-49000,-49000
053754,英業達元富96購02,0,0,0,0,0,0,0,0,0,-49000,0,0,0,100000,149000,-49000,-49000
050894,旺宏元大96購03  ,0,0,0,0,0,0,0,0,0,-49000,0,0,0,0,49000,-49000,-49000
056857,國巨群益99購02  ,0,0,0,0,0,0,0,0,0,-49000,0,0,0,1000,50000,-49000,-49000
060043,全新群益9B購02  ,0,0,0,0,0,0,0,0,0,-49000,0,0,0,119000,168000,-49000,-49000
059291,華新科元富9B購01,0,0,0,0,0,0,0,0,0,-49000,0,0,0,7000,56000,-49000,-49000
058586,鴻海中信01購02  ,0,0,0,0,0,0,0,0,0,-49000,0,0,0,85000,134000,-49000,-49000
060667,力成凱基9A購01  ,0,0,0,0,0,0,0,0,0,-49000,0,0,0,120000,169000,-49000,-49000
060504,技嘉元大9A購02  ,0,0,0,0,0,0,0,0,0,-49000,0,0,0,5000,54000,-49000,-49000
058042,鴻海元大98購12  ,0,0,0,0,0,0,0,0,0,-49000,0,0,0,2000,51000,-49000,-49000
5203,訊連            ,19000,67000,-48000,0,0,0,0,0,0,-1000,0,0,0,0,1000,-1000,-49000
6172,互億            ,12000,53000,-41000,0,0,0,0,0,0,-8000,0,8000,-8000,0,0,0,-49000
07704P,台積電元大9A售25,0,0,0,0,0,0,0,0,0,-49000,0,0,0,0,49000,-49000,-49000
2034,允強            ,42000,91000,-49000,0,0,0,0,0,0,0,0,0,0,0,0,0,-49000
3454,晶睿            ,29000,78427,-49427,0,0,0,0,0,0,0,0,0,0,0,0,0,-49427
063294,美律麥證9B購01  ,0,0,0,0,50000,-50000,0,0,0,-50000,0,0,0,0,50000,-50000,-50000
06453P,群創元大9B售02  ,0,0,0,0,0,0,0,0,0,-50000,0,0,0,0,50000,-50000,-50000
063364,聯發科富邦01購02,0,0,0,0,0,0,0,0,0,-50000,0,0,0,0,50000,-50000,-50000
063409,GIS國票9C購02   ,0,0,0,0,0,0,0,0,0,-50000,0,0,0,0,50000,-50000,-50000
062916,智易元大9B購01  ,0,0,0,0,0,0,0,0,0,-50000,0,0,0,34000,84000,-50000,-50000
062208,旭富國票9C購01  ,0,0,0,0,0,0,0,0,0,-50000,0,0,0,0,50000,-50000,-50000
062247,國巨元大9B購07  ,0,0,0,0,0,0,0,0,0,-50000,0,0,0,0,50000,-50000,-50000
062782,聯發科元大9B購12,0,0,0,0,0,0,0,0,0,-50000,0,0,0,1000,51000,-50000,-50000
062464,T50反1凱基9C購03,0,0,0,0,0,0,0,0,0,-50000,0,0,0,0,50000,-50000,-50000
06138P,台積電中信99售01,0,0,0,0,0,0,0,0,0,-50000,0,0,0,20000,70000,-50000,-50000
061045,儒鴻第一9A購01  ,0,0,0,0,0,0,0,0,0,-50000,0,0,0,77000,127000,-50000,-50000
061062,和大凱基9A購02  ,0,0,0,0,0,0,0,0,0,-50000,0,0,0,0,50000,-50000,-50000
061635,台積電元大9A購34,0,0,0,0,0,0,0,0,0,-50000,0,0,0,0,50000,-50000,-50000
061637,華新科元大9A購22,0,0,0,0,0,0,0,0,0,-50000,0,0,0,0,50000,-50000,-50000
061812,臺指反群益9B購02,0,0,0,0,0,0,0,0,0,-50000,0,0,0,0,50000,-50000,-50000
050496,鴻海富邦96購01  ,0,0,0,0,0,0,0,0,0,-50000,0,0,0,0,50000,-50000,-50000
054061,晶技國票97購03  ,0,0,0,0,0,0,0,0,0,-50000,0,0,0,31000,81000,-50000,-50000
054075,GIS富邦97購02   ,0,0,0,0,0,0,0,0,0,-50000,0,0,0,17000,67000,-50000,-50000
051736,旺宏國票96購01  ,0,0,0,0,0,0,0,0,0,-50000,0,0,0,0,50000,-50000,-50000
049335,聯電統一97購01  ,0,0,0,0,0,0,0,0,0,-50000,0,0,0,0,50000,-50000,-50000
052702,群創國票97購03  ,0,0,0,0,0,0,0,0,0,-50000,0,0,0,0,50000,-50000,-50000
053151,華新科元大96購04,0,0,0,0,0,0,0,0,0,-50000,0,0,0,0,50000,-50000,-50000
052700,奇鋐國票97購02  ,0,0,0,0,0,0,0,0,0,-50000,0,0,0,198000,248000,-50000,-50000
055720,宏達電元大97購05,0,0,0,0,0,0,0,0,0,-50000,0,0,0,0,50000,-50000,-50000
053506,南茂兆豐97購01  ,0,0,0,0,0,0,0,0,0,-50000,0,0,0,0,50000,-50000,-50000
053481,同欣電元大97購01,0,0,0,0,0,0,0,0,0,-50000,0,0,0,0,50000,-50000,-50000
059101,康控統一9A購01  ,0,0,0,0,0,0,0,0,0,-50000,0,0,0,130000,180000,-50000,-50000
056323,旺宏兆豐98購01  ,0,0,0,0,0,0,0,0,0,-50000,0,0,0,10000,60000,-50000,-50000
056283,鴻海永豐97購03  ,0,0,0,0,0,0,0,0,0,-50000,0,0,0,0,50000,-50000,-50000
056544,貿聯凱基98購03  ,0,0,0,0,0,0,0,0,0,-50000,0,0,0,0,50000,-50000,-50000
056464,臺股指凱基99購06,0,0,0,0,0,0,0,0,0,-50000,0,0,0,0,50000,-50000,-50000
054655,貿聯麥證98購01  ,0,0,0,0,50000,-50000,0,0,0,-50000,0,0,0,0,50000,-50000,-50000
055464,聚陽凱基97購01  ,0,0,0,0,0,0,0,0,0,-50000,0,0,0,0,50000,-50000,-50000
058104,國巨統一9A購04  ,0,0,0,0,0,0,0,0,0,-50000,0,0,0,0,50000,-50000,-50000
057821,晶相光元大98購03,0,0,0,0,0,0,0,0,0,-50000,0,0,0,0,50000,-50000,-50000
057531,禾伸堂元大99購04,0,0,0,0,0,0,0,0,0,-50000,0,0,0,0,50000,-50000,-50000
060498,華通元大9A購03  ,0,0,0,0,0,0,0,0,0,-50000,0,0,0,1000,51000,-50000,-50000
06042P,華新科永豐96售04,0,0,0,0,0,0,0,0,0,-50000,0,0,0,0,50000,-50000,-50000
060673,旺宏元大9A購04  ,0,0,0,0,0,0,0,0,0,-50000,0,0,0,0,50000,-50000,-50000
060596,元黃金凱基9A購02,0,0,0,0,0,0,0,0,0,-50000,0,0,0,28000,78000,-50000,-50000
058837,SGBR2X中信9C購01,0,0,0,0,0,0,0,0,0,-50000,0,0,0,0,50000,-50000,-50000
060301,國巨富邦9C購02  ,0,0,0,0,0,0,0,0,0,-50000,0,0,0,0,50000,-50000,-50000
057623,友訊國泰99購01  ,0,0,0,0,0,0,0,0,0,-50000,0,0,0,0,50000,-50000,-50000
059055,旺宏凱基9B購02  ,0,0,0,0,0,0,0,0,0,-50000,0,0,0,0,50000,-50000,-50000
059713,滬深2X元大9C購04,0,0,0,0,0,0,0,0,0,-50000,0,0,0,0,50000,-50000,-50000
060220,華新科凱基9A購08,0,0,0,0,0,0,0,0,0,-50000,0,0,0,0,50000,-50000,-50000
06000P,GIS元大96售04   ,0,0,0,0,0,0,0,0,0,-50000,0,0,0,59000,109000,-50000,-50000
059980,台積電元大99購50,0,0,0,0,0,0,0,0,0,-50000,0,0,0,0,50000,-50000,-50000
059981,聯發科元大99購36,0,0,0,0,0,0,0,0,0,-50000,0,0,0,51000,101000,-50000,-50000
2351,順德            ,71000,71000,0,0,0,0,0,50000,-50000,0,0,0,0,0,0,0,-50000
6558,興能高          ,43000,93000,-50000,0,0,0,0,0,0,0,0,0,0,0,0,0,-50000
07895P,美律元大9B售01  ,0,0,0,0,0,0,0,0,0,-50000,0,0,0,0,50000,-50000,-50000
07533P,臺股指中信9C售04,0,0,0,0,0,0,0,0,0,-50000,0,0,0,0,50000,-50000,-50000
07629P,臺股指凱基9A售10,0,0,0,0,0,0,0,0,0,-50000,0,0,0,0,50000,-50000,-50000
07626P,台灣50凱基04售07,0,0,0,0,0,0,0,0,0,-50000,0,0,0,0,50000,-50000,-50000
07325P,台積電元大99售41,0,0,0,0,0,0,0,0,0,-50000,0,0,0,0,50000,-50000,-50000
07253P,台灣50凱基9A售05,0,0,0,0,0,0,0,0,0,-50000,0,0,0,0,50000,-50000,-50000
06846P,美律元大98售05  ,0,0,0,0,0,0,0,0,0,-50000,0,0,0,0,50000,-50000,-50000
06479P,聯發科中信99售02,0,0,0,0,0,0,0,0,0,-50000,0,0,0,0,50000,-50000,-50000
060880,中壽中信9C購01  ,0,0,0,0,0,0,0,0,0,-51000,0,0,0,300000,351000,-51000,-51000
062615,亞德客元大9B購02,0,0,0,0,0,0,0,0,0,-51000,0,0,0,103000,154000,-51000,-51000
055822,臺股指國票97購09,0,0,0,0,0,0,0,0,0,-51000,0,0,0,0,51000,-51000,-51000
056051,T50反1元大97購05,0,0,0,0,0,0,0,0,0,-51000,0,0,0,0,51000,-51000,-51000
055708,茂林永豐97購02  ,0,0,0,0,0,0,0,0,0,-51000,0,0,0,0,51000,-51000,-51000
054060,晶技國票97購02  ,0,0,0,0,0,0,0,0,0,-51000,0,0,0,0,51000,-51000,-51000
059928,道瓊銀富邦03購01,0,0,0,0,0,0,0,0,0,-51000,0,0,0,170000,221000,-51000,-51000
058770,貿聯兆豐9A購01  ,0,0,0,0,0,0,0,0,0,-51000,0,0,0,0,51000,-51000,-51000
057831,聯發科元富02購04,0,0,0,0,0,0,0,0,0,-51000,0,0,0,32000,83000,-51000,-51000
06780P,義隆元大98售02  ,0,0,0,0,0,0,0,0,0,-51000,0,0,0,0,51000,-51000,-51000
06946P,T50正2元大9C售01,0,0,0,0,0,0,0,0,0,-51000,0,0,0,30000,81000,-51000,-51000
07353P,大立光國票99售02,0,0,0,0,0,0,0,0,0,-51000,0,0,0,0,51000,-51000,-51000
07910P,台積電統一9C售07,0,0,0,0,0,0,0,0,0,-51000,0,0,0,0,51000,-51000,-51000
07878P,智邦群益9C售01  ,0,0,0,0,0,0,0,0,0,-51000,0,0,0,6000,57000,-51000,-51000
07933P,大立光富邦9C售06,0,0,0,0,0,0,0,0,0,-51000,0,0,0,0,51000,-51000,-51000
1463,強盛            ,18000,69000,-51000,0,0,0,0,0,0,0,0,0,0,0,0,0,-51000
2431,聯昌            ,12000,63000,-51000,0,0,0,0,0,0,0,0,0,0,0,0,0,-51000
5907,大洋-KY         ,18000,69000,-51000,0,0,0,0,0,0,0,0,0,0,0,0,0,-51000
062917,旭富元大9C購03  ,0,0,0,0,0,0,0,0,0,-52000,0,0,0,11000,63000,-52000,-52000
00713,元大台灣高息低波,0,0,0,0,0,0,0,0,0,-52000,0,0,0,4000,56000,-52000,-52000
00639,富邦深100       ,26000,0,26000,0,0,0,0,0,0,-78000,0,0,0,1044000,1122000,-78000,-52000
055824,臺股指國票97購11,0,0,0,0,0,0,0,0,0,-52000,0,0,0,0,52000,-52000,-52000
057877,神達元大99購01  ,0,0,0,0,0,0,0,0,0,-52000,0,0,0,73000,125000,-52000,-52000
059693,智原永豐99購01  ,0,0,0,0,0,0,0,0,0,-52000,0,0,0,35000,87000,-52000,-52000
060098,華新科元大99購24,0,0,0,0,0,0,0,0,0,-52000,0,0,0,0,52000,-52000,-52000
07122P,欣興凱基99售05  ,0,0,0,0,0,0,0,0,0,-52000,0,0,0,0,52000,-52000,-52000
06864P,健策凱基98售01  ,0,0,0,0,0,0,0,0,0,-52000,0,0,0,70000,122000,-52000,-52000
8429,金麗-KY         ,18000,70391,-52391,0,0,0,0,0,0,0,0,0,0,0,0,0,-52391
063014,技嘉元大9B購03  ,0,0,0,0,0,0,0,0,0,-53000,0,0,0,6000,59000,-53000,-53000
063142,奇力新統一9C購04,0,0,0,0,0,0,0,0,0,-53000,0,0,0,0,53000,-53000,-53000
063122,聯發科元大9B購15,0,0,0,0,0,0,0,0,0,-53000,0,0,0,1000,54000,-53000,-53000
060798,旭富永豐9A購01  ,0,0,0,0,0,0,0,0,0,-53000,0,0,0,0,53000,-53000,-53000
060959,金像電凱基9A購01,0,0,0,0,0,0,0,0,0,-53000,0,0,0,109000,162000,-53000,-53000
061126,京元電永豐9A購02,0,0,0,0,0,0,0,0,0,-53000,0,0,0,0,53000,-53000,-53000
061458,臻鼎凱基9A購02  ,0,0,0,0,0,0,0,0,0,-53000,0,0,0,21000,74000,-53000,-53000
056021,興富發群益97購01,0,0,0,0,0,0,0,0,0,-53000,0,0,0,0,53000,-53000,-53000
059153,臺股指國票99購16,0,0,0,0,0,0,0,0,0,-53000,0,0,0,2000,55000,-53000,-53000
00657,國泰日經225     ,18000,0,18000,0,0,0,0,0,0,-71000,0,0,0,136000,207000,-71000,-53000
053005,微星永豐96購01  ,0,0,0,0,0,0,0,0,0,-53000,0,0,0,4000,57000,-53000,-53000
057632,傳奇永豐98購01  ,0,0,0,0,0,0,0,0,0,-53000,0,0,0,0,53000,-53000,-53000
058820,致茂國泰9B購01  ,0,0,0,0,0,0,0,0,0,-53000,0,0,0,86000,139000,-53000,-53000
060451,中石化元大9C購02,0,0,0,0,0,0,0,0,0,-53000,0,0,0,100000,153000,-53000,-53000
4560,強信-KY         ,165000,218000,-53000,0,0,0,0,0,0,0,0,0,0,0,0,0,-53000
07215P,大立光凱基99售07,0,0,0,0,0,0,0,0,0,-53000,0,0,0,0,53000,-53000,-53000
07410P,鴻海元大99售44  ,0,0,0,0,0,0,0,0,0,-53000,0,0,0,17000,70000,-53000,-53000
07503P,禾伸堂元大9A售01,0,0,0,0,0,0,0,0,0,-53000,0,0,0,0,53000,-53000,-53000
1109,信大            ,17000,70000,-53000,0,0,0,0,0,0,0,0,0,0,0,0,0,-53000
2038,海光            ,2000,55000,-53000,0,0,0,0,0,0,0,0,0,0,0,0,0,-53000
07789P,緯穎群益9A售03  ,0,0,0,0,0,0,0,0,0,-53000,0,0,0,0,53000,-53000,-53000
061657,智原國票9A購01  ,0,0,0,0,0,0,0,0,0,-54000,0,0,0,30000,84000,-54000,-54000
061155,華新科群益9A購06,0,0,0,0,0,0,0,0,0,-54000,0,0,0,40000,94000,-54000,-54000
061169,GIS兆豐9A購01   ,0,0,0,0,0,0,0,0,0,-54000,0,0,0,165000,219000,-54000,-54000
062968,仁寶元富9B購01  ,0,0,0,0,0,0,0,0,0,-54000,0,0,0,124000,178000,-54000,-54000
062956,同欣電永豐9B購02,0,0,0,0,0,0,0,0,0,-54000,0,0,0,4000,58000,-54000,-54000
062822,力成兆豐9B購01  ,0,0,0,0,0,0,0,0,0,-54000,0,0,0,19000,73000,-54000,-54000
062271,華通群益9C購02  ,0,0,0,0,0,0,0,0,0,-54000,0,0,0,0,54000,-54000,-54000
03682C,臺股指凱基9C牛07,0,0,0,0,0,0,0,0,0,-54000,0,0,0,6000,60000,-54000,-54000
054908,群電康和97購01  ,0,0,0,0,0,0,0,0,0,-54000,0,0,0,0,54000,-54000,-54000
055430,宏達電群益97購01,0,0,0,0,0,0,0,0,0,-54000,0,0,0,62000,116000,-54000,-54000
060457,中橡元大9A購02  ,0,0,0,0,0,0,0,0,0,-54000,0,0,0,311000,365000,-54000,-54000
058297,茂林凱基9A購02  ,0,0,0,0,0,0,0,0,0,-54000,0,0,0,68000,122000,-54000,-54000
08066P,南亞科凱基9B售04,0,0,0,0,0,0,0,0,0,-54000,0,0,0,0,54000,-54000,-54000
07473P,祥碩元大9A售01  ,0,0,0,0,0,0,0,0,0,-54000,0,0,0,118000,172000,-54000,-54000
2897,王道銀行        ,41000,95000,-54000,0,0,0,0,0,0,0,0,0,0,0,0,0,-54000
062150,南六國票9B購01  ,0,0,0,0,0,0,0,0,0,-55000,0,0,0,5000,60000,-55000,-55000
062346,智邦群益9B購02  ,0,0,0,0,0,0,0,0,0,-55000,0,0,0,36000,91000,-55000,-55000
062418,台積電統一01購06,0,0,0,0,0,0,0,0,0,-55000,0,0,0,25000,80000,-55000,-55000
060841,宏達電國票9B購01,0,0,0,0,0,0,0,0,0,-55000,0,0,0,172000,227000,-55000,-55000
061477,晶豪科元大9A購01,0,0,0,0,0,0,0,0,0,-55000,0,0,0,10000,65000,-55000,-55000
061576,華新科元大9A購21,0,0,0,0,0,0,0,0,0,-55000,0,0,0,0,55000,-55000,-55000
061877,貿聯元大9B購01  ,0,0,0,0,0,0,0,0,0,-55000,0,0,0,65000,120000,-55000,-55000
055877,奇鋐元富97購01  ,0,0,0,0,0,0,0,0,0,-55000,0,0,0,43000,98000,-55000,-55000
05502P,台表科國票97售01,0,0,0,0,0,0,0,0,0,-55000,0,0,0,0,55000,-55000,-55000
054930,群電凱基98購01  ,0,0,0,0,0,0,0,0,0,-55000,0,0,0,10000,65000,-55000,-55000
055938,矽力群益97購01  ,0,0,0,0,0,0,0,0,0,-55000,0,0,0,0,55000,-55000,-55000
054158,國巨日盛99購01  ,0,0,0,0,0,0,0,0,0,-55000,0,0,0,30000,85000,-55000,-55000
056655,旺宏元大99購02  ,0,0,0,0,0,0,0,0,0,-55000,0,0,0,0,55000,-55000,-55000
056617,美律永豐98購01  ,0,0,0,0,0,0,0,0,0,-55000,0,0,0,0,55000,-55000,-55000
059636,宏達電凱基99購05,0,0,0,0,0,0,0,0,0,-55000,0,0,0,9000,64000,-55000,-55000
059869,友達凱基99購07  ,0,0,0,0,0,0,0,0,0,-55000,0,0,0,0,55000,-55000,-55000
05884P,旺宏統一96售01  ,0,0,0,0,0,0,0,0,0,-55000,0,0,0,0,55000,-55000,-55000
060295,貿聯元大9A購03  ,0,0,0,0,0,0,0,0,0,-55000,0,0,0,38000,93000,-55000,-55000
057239,貿聯凱基98購05  ,0,0,0,0,0,0,0,0,0,-55000,0,0,0,0,55000,-55000,-55000
2464,盟立            ,62000,117000,-55000,0,0,0,0,0,0,0,0,0,0,0,0,0,-55000
3530,晶相光          ,105000,203000,-98000,0,0,0,0,0,0,43000,0,0,0,47000,4000,43000,-55000
07451P,鴻海元大9B售01  ,0,0,0,0,0,0,0,0,0,-55000,0,0,0,0,55000,-55000,-55000
08062P,華擎國票9B售03  ,0,0,0,0,0,0,0,0,0,-55000,0,0,0,36000,91000,-55000,-55000
07990P,緯穎凱基9B售02  ,0,0,0,0,0,0,0,0,0,-55000,0,0,0,27000,82000,-55000,-55000
061321,華新科凱基9A購09,0,0,0,0,0,0,0,0,0,-56000,0,0,0,0,56000,-56000,-56000
061308,元金2X中信9A購01,0,0,0,0,0,0,0,0,0,-56000,0,0,0,0,56000,-56000,-56000
062392,國巨富邦02購01  ,0,0,0,0,0,0,0,0,0,-56000,0,0,0,10000,66000,-56000,-56000
062354,台達電元大9B購01,0,0,0,0,0,0,0,0,0,-56000,0,0,0,12000,68000,-56000,-56000
062373,泰鼎元大9B購01  ,0,0,0,0,0,0,0,0,0,-56000,0,0,0,23000,79000,-56000,-56000
062669,微星中信03購01  ,0,0,0,0,0,0,0,0,0,-56000,0,0,0,119000,175000,-56000,-56000
054221,華新科統一96購05,0,0,0,0,0,0,0,0,0,-56000,0,0,0,0,56000,-56000,-56000
054018,華新台新96購01  ,0,0,0,0,0,0,0,0,0,-56000,0,0,0,0,56000,-56000,-56000
057190,立積元大9A購02  ,0,0,0,0,0,0,0,0,0,-56000,0,0,0,98000,154000,-56000,-56000
060636,大毅永豐9A購02  ,0,0,0,0,0,0,0,0,0,-56000,0,0,0,0,56000,-56000,-56000
059459,訊芯永豐99購04  ,0,0,0,0,0,0,0,0,0,-56000,0,0,0,55000,111000,-56000,-56000
058320,華新科永豐99購02,0,0,0,0,0,0,0,0,0,-56000,0,0,0,4000,60000,-56000,-56000
1217,愛之味          ,90000,146000,-56000,0,0,0,0,0,0,0,0,0,0,0,0,0,-56000
1582,信錦            ,140250,208500,-68250,0,0,0,0,0,0,12000,0,0,0,12000,0,12000,-56250
062743,微星國泰01購01  ,0,0,0,0,0,0,0,0,0,-57000,0,0,0,62000,119000,-57000,-57000
062862,瑞儀國票9B購01  ,0,0,0,0,0,0,0,0,0,-57000,0,0,0,9000,66000,-57000,-57000
062973,聯發科元富05購01,0,0,0,0,0,0,0,0,0,-57000,0,0,0,26000,83000,-57000,-57000
07832P,台積電群益9A售08,0,0,0,0,0,0,0,0,0,-57000,0,0,0,0,57000,-57000,-57000
063107,矽創群益9B購01  ,0,0,0,0,0,0,0,0,0,-58000,0,0,0,54000,112000,-58000,-58000
061344,禾伸堂元大9A購02,0,0,0,0,0,0,0,0,0,-58000,0,0,0,48000,106000,-58000,-58000
056087,世芯統一97購01  ,0,0,0,0,0,0,0,0,0,-58000,0,0,0,0,58000,-58000,-58000
05658P,日月光元富96售02,0,0,0,0,0,0,0,0,0,-58000,0,0,0,52000,110000,-58000,-58000
058783,臺股指國票99購02,0,0,0,0,0,0,0,0,0,-58000,0,0,0,0,58000,-58000,-58000
059644,茂林凱基99購03  ,0,0,0,0,0,0,0,0,0,-58000,0,0,0,0,58000,-58000,-58000
059915,聯發科元大99購32,0,0,0,0,0,0,0,0,0,-58000,0,0,0,1000,59000,-58000,-58000
057662,上銀元大9A購01  ,0,0,0,0,0,0,0,0,0,-58000,0,0,0,77000,135000,-58000,-58000
057514,華新科元富99購03,0,0,0,0,0,0,0,0,0,-58000,0,0,0,24000,82000,-58000,-58000
060599,國巨凱基9C購01  ,0,0,0,0,0,0,0,0,0,-58000,0,0,0,2000,60000,-58000,-58000
060611,同欣電凱基9A購02,0,0,0,0,0,0,0,0,0,-58000,0,0,0,48000,106000,-58000,-58000
060688,世紀鋼元大9C購01,0,0,0,0,0,0,0,0,0,-58000,0,0,0,54000,112000,-58000,-58000
1903,士紙            ,19000,78000,-59000,0,0,0,0,0,0,1000,1000,0,1000,0,0,0,-58000
06545P,致茂元大98售01  ,0,0,0,0,0,0,0,0,0,-58000,0,0,0,10000,68000,-58000,-58000
06584P,欣興凱基98售03  ,0,0,0,0,0,0,0,0,0,-58000,0,0,0,0,58000,-58000,-58000
2404,漢唐            ,217000,168000,49000,0,0,0,0,77000,-77000,-30000,13000,20000,-7000,3000,26000,-23000,-58000
2612,中航            ,12000,70000,-58000,0,0,0,0,0,0,0,0,0,0,0,0,0,-58000
00662,富邦NASDAQ      ,13000,0,13000,0,0,0,0,0,0,-72000,0,180000,-180000,188000,80000,108000,-59000
060307,南港永豐9A購01  ,0,0,0,0,0,0,0,0,0,-59000,0,0,0,103000,162000,-59000,-59000
057491,美食元大98購03  ,0,0,0,0,0,0,0,0,0,-59000,0,0,0,20000,79000,-59000,-59000
057445,華通元富02購01  ,0,0,0,0,0,0,0,0,0,-59000,0,0,0,34000,93000,-59000,-59000
059952,旺宏康和99購01  ,0,0,0,0,0,0,0,0,0,-59000,0,0,0,10000,69000,-59000,-59000
060111,臻鼎元大99購04  ,0,0,0,0,0,0,0,0,0,-59000,0,0,0,12000,71000,-59000,-59000
4555,氣立            ,115000,162000,-47000,0,0,0,0,0,0,-12000,0,12000,-12000,0,0,0,-59000
06566P,華通永豐98售03  ,0,0,0,0,0,0,0,0,0,-59000,0,0,0,61000,120000,-59000,-59000
1459,聯發            ,1000,60000,-59000,0,0,0,0,0,0,0,0,0,0,0,0,0,-59000
07825P,健策國泰9B售04  ,0,0,0,0,0,0,0,0,0,-59000,0,0,0,0,59000,-59000,-59000
07805P,義隆永豐9A售02  ,0,0,0,0,0,0,0,0,0,-59000,0,0,0,16000,75000,-59000,-59000
6166,凌華            ,243500,299000,-55500,0,0,0,0,0,0,-4000,0,0,0,3000,7000,-4000,-59500
2505,國揚            ,1042025,1528000,-485975,0,0,0,0,0,0,426000,20000,0,20000,450000,44000,406000,-59975
061000,旺宏兆豐9A購02  ,0,0,0,0,0,0,0,0,0,-60000,0,0,0,0,60000,-60000,-60000
062179,旺宏元大9B購05  ,0,0,0,0,0,0,0,0,0,-60000,0,0,0,0,60000,-60000,-60000
047990,臺指反元大96購02,0,0,0,0,0,0,0,0,0,-60000,0,0,0,0,60000,-60000,-60000
054005,旺宏統一97購04  ,0,0,0,0,0,0,0,0,0,-60000,0,0,0,0,60000,-60000,-60000
054293,健策元大98購02  ,0,0,0,0,0,0,0,0,0,-60000,0,0,0,15000,75000,-60000,-60000
055795,茂林國泰98購01  ,0,0,0,0,0,0,0,0,0,-60000,0,0,0,20000,80000,-60000,-60000
054439,健策台新96購03  ,0,0,0,0,0,0,0,0,0,-60000,0,0,0,53000,113000,-60000,-60000
053014,旺宏統一97購02  ,0,0,0,0,0,0,0,0,0,-60000,0,0,0,0,60000,-60000,-60000
052694,開發金中信98購01,0,0,0,0,0,0,0,0,0,-60000,0,0,0,0,60000,-60000,-60000
052618,群創國泰98購01  ,0,0,0,0,0,0,0,0,0,-60000,0,0,0,0,60000,-60000,-60000
053749,揚明光永豐97購01,0,0,0,0,0,0,0,0,0,-60000,0,0,0,0,60000,-60000,-60000
056611,國巨永豐98購03  ,0,0,0,0,0,0,0,0,0,-60000,0,0,0,0,60000,-60000,-60000
056135,緯創元大98購01  ,0,0,0,0,0,0,0,0,0,-60000,0,0,0,4000,64000,-60000,-60000
054970,帆宣元大97購01  ,0,0,0,0,0,0,0,0,0,-60000,0,0,0,326000,386000,-60000,-60000
054996,聯陽元富97購01  ,0,0,0,0,0,0,0,0,0,-60000,0,0,0,10000,70000,-60000,-60000
054844,華邦電兆豐98購01,0,0,0,0,0,0,0,0,0,-60000,0,0,0,0,60000,-60000,-60000
055949,亞德客元大97購04,0,0,0,0,0,0,0,0,0,-60000,0,0,0,85000,145000,-60000,-60000
059878,聯茂凱基99購07  ,0,0,0,0,0,0,0,0,0,-60000,0,0,0,0,60000,-60000,-60000
057010,景碩中信98購01  ,0,0,0,0,0,0,0,0,0,-60000,0,0,0,0,60000,-60000,-60000
059637,大立光凱基01購01,0,0,0,0,0,0,0,0,0,-60000,0,0,0,0,60000,-60000,-60000
059730,晶相光元大9C購02,0,0,0,0,0,0,0,0,0,-60000,0,0,0,91000,151000,-60000,-60000
059623,聯電凱基99購02  ,0,0,0,0,0,0,0,0,0,-60000,0,0,0,0,60000,-60000,-60000
059288,旺宏元富99購03  ,0,0,0,0,0,0,0,0,0,-60000,0,0,0,0,60000,-60000,-60000
058323,泰鼎永豐9A購01  ,0,0,0,0,0,0,0,0,0,-60000,0,0,0,0,60000,-60000,-60000
05889P,群創元大98售02  ,0,0,0,0,0,0,0,0,0,-60000,0,0,0,0,60000,-60000,-60000
058450,旺宏永豐99購01  ,0,0,0,0,0,0,0,0,0,-60000,0,0,0,0,60000,-60000,-60000
058476,旺宏凱基9A購01  ,0,0,0,0,0,0,0,0,0,-60000,0,0,0,0,60000,-60000,-60000
058068,旺宏凱基98購11  ,0,0,0,0,0,0,0,0,0,-60000,0,0,0,31000,91000,-60000,-60000
058236,大立光元大99購09,0,0,0,0,0,0,0,0,0,-60000,0,0,0,0,60000,-60000,-60000
1702,南僑            ,82000,142000,-60000,0,0,0,0,0,0,0,0,0,0,0,0,0,-60000
06611P,祥碩國票98售01  ,0,0,0,0,0,0,0,0,0,-60000,0,0,0,0,60000,-60000,-60000
06904P,TPK凱基98售03   ,0,0,0,0,0,0,0,0,0,-60000,0,0,0,0,60000,-60000,-60000
07310P,大立光凱基99售12,0,0,0,0,0,0,0,0,0,-60000,0,0,0,0,60000,-60000,-60000
063146,南六統一9B購02  ,0,0,0,0,0,0,0,0,0,-61000,0,0,0,24000,85000,-61000,-61000
063372,漢翔永豐9B購01  ,0,0,0,0,0,0,0,0,0,-61000,0,0,0,0,61000,-61000,-61000
06322P,超眾統一97售04  ,0,0,0,0,0,0,0,0,0,-61000,0,0,0,2000,63000,-61000,-61000
060991,京鼎元大9A購01  ,0,0,0,0,0,0,0,0,0,-61000,0,0,0,48000,109000,-61000,-61000
061876,明泰元大9B購01  ,0,0,0,0,0,0,0,0,0,-61000,0,0,0,15000,76000,-61000,-61000
053259,卜蜂群益97購01  ,0,0,0,0,0,0,0,0,0,-61000,0,0,0,8000,69000,-61000,-61000
054319,世紀鋼凱基96購02,0,0,0,0,0,0,0,0,0,-61000,0,0,0,0,61000,-61000,-61000
058185,國巨永豐99購01  ,0,0,0,0,0,0,0,0,0,-61000,0,0,0,10000,71000,-61000,-61000
05881P,彩晶康和96售01  ,0,0,0,0,0,0,0,0,0,-61000,0,0,0,5000,66000,-61000,-61000
057683,技嘉日盛98購01  ,0,0,0,0,0,0,0,0,0,-61000,0,0,0,0,61000,-61000,-61000
057525,光磊元大99購01  ,0,0,0,0,0,0,0,0,0,-61000,0,0,0,45000,106000,-61000,-61000
057329,緯穎群益98購02  ,0,90000,-90000,0,0,0,0,0,0,29000,0,0,0,137000,108000,29000,-61000
06765P,欣興元大98售11  ,0,0,0,0,0,0,0,0,0,-61000,0,0,0,12000,73000,-61000,-61000
07685P,玉晶光凱基9B售03,0,0,0,0,0,0,0,0,0,-61000,0,0,0,0,61000,-61000,-61000
2486,一詮            ,44000,105000,-61000,0,0,0,0,0,0,0,0,0,0,0,0,0,-61000
061517,瑞祺永豐9A購03  ,0,0,0,0,0,0,0,0,0,-62000,0,0,0,77000,139000,-62000,-62000
061782,智邦群益9B購01  ,0,0,0,0,0,0,0,0,0,-62000,0,0,0,44000,106000,-62000,-62000
060890,大立光統一01購01,0,0,0,0,0,0,0,0,0,-62000,0,0,0,196000,258000,-62000,-62000
063191,台表科凱基9B購03,0,0,0,0,0,0,0,0,0,-62000,0,0,0,33000,95000,-62000,-62000
063307,同欣電凱基9B購02,0,0,0,0,0,0,0,0,0,-62000,0,0,0,3000,65000,-62000,-62000
063494,金像電富邦9B購01,15000,0,15000,0,0,0,0,0,0,-77000,0,0,0,0,77000,-77000,-62000
062366,義隆元大9B購04  ,0,0,0,0,0,0,0,0,0,-62000,0,0,0,137000,199000,-62000,-62000
062627,旺宏國票9C購01  ,0,0,0,0,0,0,0,0,0,-62000,0,0,0,0,62000,-62000,-62000
052781,瀚宇博國票97購03,0,0,0,0,0,0,0,0,0,-62000,0,0,0,38000,100000,-62000,-62000
055955,微星元大97購01  ,0,0,0,0,0,0,0,0,0,-62000,0,0,0,39000,101000,-62000,-62000
057449,華新科元富99購02,0,0,0,0,0,0,0,0,0,-62000,0,0,0,47000,109000,-62000,-62000
059302,大立光群益99購08,0,0,0,0,0,0,0,0,0,-62000,0,0,0,0,62000,-62000,-62000
060199,台郡元富9A購01  ,0,0,0,0,0,0,0,0,0,-62000,0,0,0,50000,112000,-62000,-62000
059847,喬山永豐99購01  ,0,0,0,0,0,0,0,0,0,-62000,0,0,0,42000,104000,-62000,-62000
060423,智易永豐9A購01  ,0,0,0,0,0,0,0,0,0,-62000,0,0,0,21000,83000,-62000,-62000
057176,全新元大99購02  ,0,0,0,0,0,0,0,0,0,-62000,0,0,0,0,62000,-62000,-62000
057745,泰鼎永豐99購01  ,0,0,0,0,0,0,0,0,0,-62000,0,0,0,100000,162000,-62000,-62000
057537,聯茂元大98購04  ,0,0,0,0,0,0,0,0,0,-62000,0,0,0,6000,68000,-62000,-62000
3060,銘異            ,75000,137000,-62000,0,0,0,0,0,0,0,0,0,0,0,0,0,-62000
07999P,台達電凱基9B售02,0,0,0,0,0,0,0,0,0,-62000,0,0,0,18000,80000,-62000,-62000
1340,勝悅-KY         ,13530,76000,-62470,0,0,0,0,0,0,0,0,0,0,0,0,0,-62470
063200,瑞昱統一9C購01  ,0,0,0,0,0,0,0,0,0,-63000,0,0,0,0,63000,-63000,-63000
061705,健策國票9A購06  ,0,0,0,0,0,0,0,0,0,-63000,0,0,0,53000,116000,-63000,-63000
056543,京鼎凱基98購01  ,0,0,0,0,0,0,0,0,0,-63000,0,0,0,30000,93000,-63000,-63000
056535,全新凱基99購02  ,0,0,0,0,0,0,0,0,0,-63000,0,0,0,47000,110000,-63000,-63000
060392,華擎群益9C購02  ,0,0,0,0,0,0,0,0,0,-63000,0,0,0,6000,69000,-63000,-63000
057672,茂林元大98購02  ,0,0,0,0,0,0,0,0,0,-63000,0,0,0,0,63000,-63000,-63000
1612,宏泰            ,2000,65000,-63000,0,0,0,0,0,0,0,0,0,0,0,0,0,-63000
07234P,台灣50元大9B售04,0,0,0,0,0,0,0,0,0,-63000,0,0,0,0,63000,-63000,-63000
07131P,緯穎元大99售06  ,0,0,0,0,0,0,0,0,0,-63000,0,0,0,0,63000,-63000,-63000
2444,兆勁            ,18000,81000,-63000,0,0,0,0,0,0,0,0,0,0,0,0,0,-63000
4746,台耀            ,360034,400000,-39966,0,0,0,0,0,0,-24000,17000,41000,-24000,0,0,0,-63966
061463,智邦群益9A購02  ,0,0,0,0,0,0,0,0,0,-64000,0,0,0,47000,111000,-64000,-64000
063188,TPK凱基9B購01   ,0,0,0,0,0,0,0,0,0,-64000,0,0,0,44000,108000,-64000,-64000
063281,京元電元大9B購01,0,0,0,0,0,0,0,0,0,-64000,0,0,0,6000,70000,-64000,-64000
062480,茂林國票9B購01  ,0,0,0,0,0,0,0,0,0,-64000,0,0,0,63000,127000,-64000,-64000
062461,智伸科群益9B購01,0,0,0,0,0,0,0,0,0,-64000,0,0,0,200000,264000,-64000,-64000
057296,智原永豐98購01  ,0,0,0,0,0,0,0,0,0,-64000,0,0,0,37000,101000,-64000,-64000
3703,欣陸            ,13000,77000,-64000,0,0,0,0,0,0,0,0,0,0,0,0,0,-64000
07149P,健鼎元大99售03  ,0,0,0,0,0,0,0,0,0,-64000,0,0,0,10000,74000,-64000,-64000
062273,國巨群益9C購02  ,0,0,0,0,0,0,0,0,0,-65000,0,0,0,0,65000,-65000,-65000
061764,旺宏元大9B購01  ,0,0,0,0,0,0,0,0,0,-65000,0,0,0,0,65000,-65000,-65000
055963,欣興元大97購04  ,0,0,0,0,0,0,0,0,0,-65000,0,0,0,43000,108000,-65000,-65000
053602,台虹元大96購01  ,0,0,0,0,0,0,0,0,0,-65000,0,0,0,10000,75000,-65000,-65000
060355,元金2X元富9C購01,0,0,0,0,0,0,0,0,0,-65000,0,0,0,98000,163000,-65000,-65000
058889,元油2X元大9C購05,0,0,0,0,0,0,0,0,0,-65000,0,0,0,0,65000,-65000,-65000
057955,技嘉元大98購07  ,0,0,0,0,0,0,0,0,0,-65000,0,0,0,163000,228000,-65000,-65000
058008,禾伸堂國票99購02,0,0,0,0,0,0,0,0,0,-65000,0,0,0,0,65000,-65000,-65000
06638P,鴻海統一99售02  ,0,0,0,0,0,0,0,0,0,-65000,0,0,0,0,65000,-65000,-65000
2015,豐興            ,105000,69000,36000,0,0,0,0,101000,-101000,0,0,0,0,0,0,0,-65000
07659P,中租凱基9A售02  ,0,0,0,0,0,0,0,0,0,-65000,0,0,0,0,65000,-65000,-65000
061814,聯發科群益9B購04,0,0,0,0,0,0,0,0,0,-66000,0,0,0,93000,159000,-66000,-66000
060819,國巨統一9C購04  ,0,0,0,0,0,0,0,0,0,-66000,0,0,0,106000,172000,-66000,-66000
060736,旺宏統一01購01  ,0,0,0,0,0,0,0,0,0,-66000,0,0,0,6000,72000,-66000,-66000
061021,聯電國泰9B購01  ,0,0,0,0,0,0,0,0,0,-66000,0,0,0,220000,286000,-66000,-66000
062335,茂林統一01購01  ,0,0,0,0,0,0,0,0,0,-66000,0,0,0,5000,71000,-66000,-66000
062500,國巨群益01購01  ,0,0,0,0,0,0,0,0,0,-66000,0,0,0,101000,167000,-66000,-66000
062593,健策統一9B購03  ,0,0,0,0,0,0,0,0,0,-66000,0,0,0,202000,268000,-66000,-66000
062666,和碩群益9B購01  ,0,0,0,0,0,0,0,0,0,-66000,0,0,0,0,66000,-66000,-66000
062689,華擎統一02購01  ,0,0,0,0,0,0,0,0,0,-66000,0,0,0,7000,73000,-66000,-66000
062912,新日興元大9B購01,0,0,0,0,0,0,0,0,0,-66000,0,0,0,1000,67000,-66000,-66000
059947,貿聯永豐99購03  ,0,0,0,0,0,0,0,0,0,-66000,0,0,0,32000,98000,-66000,-66000
08157P,大立光元富9B售06,0,0,0,0,0,0,0,0,0,-66000,0,0,0,0,66000,-66000,-66000
07130P,台郡元大9B售01  ,0,0,0,0,0,0,0,0,0,-66000,0,0,0,0,66000,-66000,-66000
6235,華孚            ,4000,73000,-69000,0,0,0,0,0,0,3000,3000,0,3000,0,0,0,-66000
2496,卓越            ,1000,67000,-66000,0,0,0,0,0,0,0,0,0,0,0,0,0,-66000
063351,億豐統一9B購01  ,0,0,0,0,0,0,0,0,0,-67000,0,0,0,0,67000,-67000,-67000
062169,禾伸堂永豐9B購01,0,0,0,0,0,0,0,0,0,-67000,0,0,0,0,67000,-67000,-67000
061425,華新科元大9A購19,0,0,0,0,0,0,0,0,0,-67000,0,0,0,0,67000,-67000,-67000
062116,元金2X第一9B購01,0,0,0,0,0,0,0,0,0,-67000,0,0,0,25000,92000,-67000,-67000
051614,元金2X凱基97購01,0,0,0,0,0,0,0,0,0,-67000,0,0,0,0,67000,-67000,-67000
057045,美律元大99購04  ,0,0,0,0,0,0,0,0,0,-67000,0,0,0,1000,68000,-67000,-67000
059638,大立光凱基99購11,0,0,0,0,0,0,0,0,0,-67000,0,0,0,0,67000,-67000,-67000
060156,光磊永豐9A購01  ,0,0,0,0,0,0,0,0,0,-67000,0,0,0,82000,149000,-67000,-67000
057583,啟碁中信9A購01  ,0,0,0,0,0,0,0,0,0,-67000,0,0,0,0,67000,-67000,-67000
057556,智易凱基99購01  ,0,0,0,0,0,0,0,0,0,-67000,0,0,0,132000,199000,-67000,-67000
058801,致伸元大99購01  ,0,0,0,0,0,0,0,0,0,-67000,0,0,0,74000,141000,-67000,-67000
057895,全新元富9B購01  ,0,0,0,0,0,0,0,0,0,-67000,0,0,0,0,67000,-67000,-67000
060641,聯鈞永豐9A購01  ,0,0,0,0,0,0,0,0,0,-67000,0,0,0,7000,74000,-67000,-67000
057258,中環兆豐98購01  ,0,0,0,0,0,0,0,0,0,-67000,0,0,0,0,67000,-67000,-67000
058145,聯茂元大99購03  ,0,0,0,0,0,0,0,0,0,-67000,0,0,0,51000,118000,-67000,-67000
4155,訊映            ,39000,106000,-67000,0,0,0,0,0,0,0,0,0,0,0,0,0,-67000
07467P,上銀元大9A售03  ,0,0,0,0,0,0,0,0,0,-67000,0,0,0,0,67000,-67000,-67000
06681P,致茂元大98售02  ,0,0,0,0,0,0,0,0,0,-67000,0,0,0,0,67000,-67000,-67000
08093P,英業達元富9B售02,0,0,0,0,0,0,0,0,0,-67000,0,0,0,9000,76000,-67000,-67000
07774P,台灣50群益9A售16,0,0,0,0,0,0,0,0,0,-67000,0,0,0,148000,215000,-67000,-67000
062080,奇力新元大9B購02,0,0,0,0,0,0,0,0,0,-68000,0,0,0,0,68000,-68000,-68000
061366,台勝科國票9A購01,0,0,0,0,0,0,0,0,0,-68000,0,0,0,194000,262000,-68000,-68000
061237,晶技元大9A購01  ,0,0,0,0,0,0,0,0,0,-68000,0,0,0,130000,198000,-68000,-68000
061131,崇越永豐9A購01  ,0,0,0,0,0,0,0,0,0,-68000,0,0,0,0,68000,-68000,-68000
062161,南六凱基9C購01  ,0,0,0,0,0,0,0,0,0,-68000,0,0,0,4000,72000,-68000,-68000
062751,華擎中信9C購01  ,0,0,0,0,0,0,0,0,0,-68000,0,0,0,27000,95000,-68000,-68000
054929,群電凱基97購01  ,0,0,0,0,0,0,0,0,0,-68000,0,0,0,5000,73000,-68000,-68000
059164,旺宏凱基99購06  ,0,0,0,0,0,0,0,0,0,-68000,0,0,0,16000,84000,-68000,-68000
059277,群創元大99購05  ,0,0,0,0,0,0,0,0,0,-68000,0,0,0,0,68000,-68000,-68000
056304,創意元大97購03  ,0,0,0,0,0,0,0,0,0,-68000,0,0,0,0,68000,-68000,-68000
055859,啟碁元大97購03  ,0,0,0,0,0,0,0,0,0,-68000,0,0,0,150000,218000,-68000,-68000
055393,華新科統一97購03,0,0,0,0,0,0,0,0,0,-68000,0,0,0,0,68000,-68000,-68000
057993,中環中信98購01  ,0,0,0,0,0,0,0,0,0,-68000,0,0,0,0,68000,-68000,-68000
058554,瀚宇博永豐99購01,0,0,0,0,0,0,0,0,0,-68000,0,0,0,0,68000,-68000,-68000
058520,智易元大99購03  ,0,0,0,0,0,0,0,0,0,-68000,0,0,0,94000,162000,-68000,-68000
057134,茂林凱基98購02  ,0,0,0,0,0,0,0,0,0,-68000,0,0,0,48000,116000,-68000,-68000
057930,旺宏群益99購04  ,0,0,0,0,0,0,0,0,0,-68000,0,0,0,35000,103000,-68000,-68000
058772,茂林兆豐9A購01  ,0,0,0,0,0,0,0,0,0,-68000,0,0,0,1000,69000,-68000,-68000
060226,道瓊反元大9A購01,0,0,0,0,0,0,0,0,0,-68000,0,0,0,20000,88000,-68000,-68000
058355,旺宏凱基99購04  ,0,0,0,0,0,0,0,0,0,-68000,0,0,0,0,68000,-68000,-68000
057489,奇力新元大99購06,0,0,0,0,0,0,0,0,0,-68000,0,0,0,0,68000,-68000,-68000
060061,旺宏兆豐99購02  ,0,0,0,0,0,0,0,0,0,-68000,0,0,0,0,68000,-68000,-68000
056899,可成元大98購01  ,0,0,0,0,0,0,0,0,0,-68000,0,0,0,0,68000,-68000,-68000
8422,可寧衛          ,24000,82000,-58000,0,0,0,0,0,0,-10000,0,10000,-10000,0,0,0,-68000
060981,旺宏元大9A購08  ,0,0,0,0,0,0,0,0,0,-69000,0,0,0,80000,149000,-69000,-69000
061690,旺宏群益9A購05  ,0,0,0,0,0,0,0,0,0,-69000,0,0,0,0,69000,-69000,-69000
054925,神達凱基97購01  ,0,0,0,0,0,0,0,0,0,-69000,0,0,0,25000,94000,-69000,-69000
052434,茂林國泰97購01  ,0,0,0,0,0,0,0,0,0,-69000,0,0,0,22000,91000,-69000,-69000
060113,祥碩元大9B購01  ,0,0,0,0,0,0,0,0,0,-69000,0,0,0,3000,72000,-69000,-69000
059951,台塑康和99購01  ,0,0,0,0,0,0,0,0,0,-69000,0,0,0,39000,108000,-69000,-69000
060188,華新科元富9A購03,0,0,0,0,0,0,0,0,0,-69000,0,0,0,20000,89000,-69000,-69000
059850,日電貿永豐99購01,0,0,0,0,0,0,0,0,0,-69000,0,0,0,5000,74000,-69000,-69000
057767,緯穎凱基98購06  ,0,0,0,0,0,0,0,0,0,-69000,0,0,0,31000,100000,-69000,-69000
07782P,寶成凱基9A售02  ,0,0,0,0,0,0,0,0,0,-69000,0,0,0,47000,116000,-69000,-69000
08083P,健策元大9C售05  ,0,0,0,0,0,0,0,0,0,-69000,0,0,0,0,69000,-69000,-69000
061743,祥碩凱基9B購02  ,0,0,0,0,0,0,0,0,0,-70000,0,0,0,158000,228000,-70000,-70000
061719,緯穎凱基9A購06  ,0,0,0,0,0,0,0,0,0,-70000,0,0,0,4000,74000,-70000,-70000
062085,同欣電元大9B購01,0,0,0,0,0,0,0,0,0,-70000,0,0,0,74000,144000,-70000,-70000
062113,瑞祺國票9B購01  ,0,0,0,0,0,0,0,0,0,-70000,0,0,0,60000,130000,-70000,-70000
06180P,禾伸堂群益97售01,0,0,0,0,0,0,0,0,0,-70000,0,0,0,0,70000,-70000,-70000
061931,力山國票9B購02  ,0,0,0,0,0,0,0,0,0,-70000,0,0,0,33000,103000,-70000,-70000
060887,台積電統一01購01,0,0,0,0,0,0,0,0,0,-70000,0,0,0,31000,101000,-70000,-70000
06270P,致伸凱基97售03  ,0,0,0,0,0,0,0,0,0,-70000,0,0,0,0,70000,-70000,-70000
062579,華通統一01購02  ,0,0,0,0,0,0,0,0,0,-70000,0,0,0,0,70000,-70000,-70000
062944,茂林凱基9B購02  ,0,0,0,0,0,0,0,0,0,-70000,0,0,0,0,70000,-70000,-70000
063052,國巨統一9C購10  ,0,0,0,0,0,0,0,0,0,-70000,0,0,0,0,70000,-70000,-70000
035274,華新台新97購01  ,0,0,0,0,0,0,0,0,0,-70000,0,0,0,0,70000,-70000,-70000
055032,億光富邦99購01  ,0,0,0,0,0,0,0,0,0,-70000,0,0,0,0,70000,-70000,-70000
055983,全新元富9A購02  ,0,0,0,0,0,0,0,0,0,-70000,0,0,0,0,70000,-70000,-70000
057812,友達元大9A購05  ,0,0,0,0,0,0,0,0,0,-70000,0,0,0,90000,160000,-70000,-70000
058215,貿聯群益99購02  ,0,0,0,0,0,0,0,0,0,-70000,0,0,0,17000,87000,-70000,-70000
058831,茂林永豐99購01  ,0,0,0,0,0,0,0,0,0,-70000,0,0,0,40000,110000,-70000,-70000
058649,健策永豐99購01  ,0,0,0,0,0,0,0,0,0,-70000,0,0,0,56000,126000,-70000,-70000
060194,旭富元富9A購01  ,0,0,0,0,0,0,0,0,0,-70000,0,0,0,20000,90000,-70000,-70000
060052,宏碁凱基99購01  ,0,0,0,0,0,0,0,0,0,-70000,0,0,0,40000,110000,-70000,-70000
056921,京元電兆豐98購01,0,0,0,0,0,0,0,0,0,-70000,0,0,0,0,70000,-70000,-70000
057463,華邦電永豐98購01,0,0,0,0,0,0,0,0,0,-70000,0,0,0,11000,81000,-70000,-70000
057630,茂林永豐98購01  ,0,0,0,0,0,0,0,0,0,-70000,0,0,0,0,70000,-70000,-70000
07840P,康控元大9A售02  ,0,0,0,0,0,0,0,0,0,-70000,0,0,0,60000,130000,-70000,-70000
07710P,華擎元大9A售05  ,0,0,0,0,0,0,0,0,0,-70000,0,0,0,40000,110000,-70000,-70000
3058,立德            ,6000,78000,-72000,0,0,0,0,0,0,2000,2000,0,2000,0,0,0,-70000
5434,崇越            ,76000,146000,-70000,0,0,0,0,0,0,0,0,0,0,0,0,0,-70000
063078,元金2X凱基02購03,0,0,0,0,0,0,0,0,0,-71000,0,0,0,0,71000,-71000,-71000
061773,和潤元大9B購01  ,0,0,0,0,0,0,0,0,0,-71000,0,0,0,209000,280000,-71000,-71000
053035,台表科兆豐97購01,0,0,0,0,0,0,0,0,0,-71000,0,0,0,30000,101000,-71000,-71000
057479,致茂元大98購03  ,0,0,0,0,0,0,0,0,0,-71000,0,0,0,49000,120000,-71000,-71000
057509,聯發科統一9A購03,0,0,0,0,0,0,0,0,0,-71000,0,0,0,0,71000,-71000,-71000
059921,大立光元大99購24,0,0,0,0,0,0,0,0,0,-71000,0,0,0,21000,92000,-71000,-71000
059875,信邦凱基99購02  ,0,0,0,0,0,0,0,0,0,-71000,0,0,0,13000,84000,-71000,-71000
05830P,滬深2X元富99售03,0,0,0,0,0,0,0,0,0,-71000,0,0,0,30000,101000,-71000,-71000
1707,葡萄王          ,30000,99000,-69000,0,0,0,0,0,0,-2000,0,0,0,0,2000,-2000,-71000
061182,南六凱基9A購01  ,0,0,0,0,0,0,0,0,0,-72000,0,0,0,5000,77000,-72000,-72000
061417,力成群益9A購01  ,0,0,0,0,0,0,0,0,0,-72000,0,0,0,188000,260000,-72000,-72000
055705,微星永豐97購01  ,0,0,0,0,0,0,0,0,0,-72000,0,0,0,2000,74000,-72000,-72000
0061,元大寶滬深      ,10000,113000,-103000,0,0,0,0,0,0,31000,60000,30000,30000,3000,2000,1000,-72000
056321,創意群益98購02  ,0,0,0,0,0,0,0,0,0,-72000,0,0,0,31000,103000,-72000,-72000
056526,力山凱基98購01  ,0,0,0,0,0,0,0,0,0,-72000,0,0,0,47000,119000,-72000,-72000
057154,易華電國泰99購01,0,0,0,0,0,0,0,0,0,-72000,0,0,0,4000,76000,-72000,-72000
08026P,臺股指凱基9B售12,0,0,0,0,0,0,0,0,0,-72000,0,0,0,4000,76000,-72000,-72000
061432,世紀鋼元大9A購05,0,0,0,0,0,0,0,0,0,-73000,0,0,0,4000,77000,-73000,-73000
061868,旺宏元大9B購03  ,0,0,0,0,0,0,0,0,0,-73000,0,0,0,83000,156000,-73000,-73000
062992,聯發科群益9B購09,0,0,0,0,0,0,0,0,0,-73000,0,0,0,11000,84000,-73000,-73000
062858,微星國票9B購01  ,0,0,0,0,0,0,0,0,0,-73000,0,0,0,95000,168000,-73000,-73000
055834,國巨元大97購13  ,0,0,0,0,0,0,0,0,0,-73000,0,0,0,1000,74000,-73000,-73000
056783,國巨群益99購01  ,0,0,0,0,0,0,0,0,0,-73000,0,0,0,0,73000,-73000,-73000
056141,聯茂元大97購05  ,0,0,0,0,0,0,0,0,0,-73000,0,0,0,0,73000,-73000,-73000
053609,華新中信9A購01  ,0,0,0,0,0,0,0,0,0,-73000,0,0,0,160000,233000,-73000,-73000
054166,日電貿凱基98購01,0,0,0,0,0,0,0,0,0,-73000,0,0,0,0,73000,-73000,-73000
057876,隆達元大98購01  ,0,0,0,0,0,0,0,0,0,-73000,0,0,0,22000,95000,-73000,-73000
060021,立積康和99購01  ,0,0,0,0,0,0,0,0,0,-73000,0,0,0,6000,79000,-73000,-73000
056915,上銀兆豐99購01  ,0,0,0,0,0,0,0,0,0,-73000,0,0,0,108000,181000,-73000,-73000
057523,大成鋼元大99購01,0,0,0,0,0,0,0,0,0,-73000,0,0,0,148000,221000,-73000,-73000
07676P,華新科永豐9A售02,0,0,0,0,0,0,0,0,0,-73000,0,0,0,17000,90000,-73000,-73000
3376,新日興          ,387000,971516,-584516,0,0,0,590000,0,590000,-79000,17000,52000,-35000,16000,60000,-44000,-73516
3413,京鼎            ,231050,278000,-46950,0,0,0,0,0,0,-27000,0,21000,-21000,10000,16000,-6000,-73950
062722,京元電凱基9B購02,0,0,0,0,0,0,0,0,0,-74000,0,0,0,120000,194000,-74000,-74000
062390,元黃金富邦9C購01,0,0,0,0,0,0,0,0,0,-74000,0,0,0,1000,75000,-74000,-74000
052703,貿聯國票97購01  ,0,0,0,0,0,0,0,0,0,-74000,0,0,0,0,74000,-74000,-74000
056961,凱美永豐98購01  ,0,0,0,0,0,0,0,0,0,-74000,0,0,0,0,74000,-74000,-74000
058513,宏達電元大99購05,0,0,0,0,0,0,0,0,0,-74000,0,0,0,18000,92000,-74000,-74000
2545,皇翔            ,14000,88000,-74000,0,0,0,0,0,0,0,0,0,0,0,0,0,-74000
06937P,GIS元大98售03   ,0,0,0,0,0,0,0,0,0,-74000,0,0,0,172000,246000,-74000,-74000
6452,康友-KY         ,54000,122615,-68615,0,0,0,0,0,0,-6000,0,0,0,0,6000,-6000,-74615
059004,嘉晶元大99購05  ,0,0,0,0,0,0,0,0,0,-75000,0,0,0,46000,121000,-75000,-75000
057873,義隆元大98購03  ,0,0,0,0,0,0,0,0,0,-75000,0,0,0,221000,296000,-75000,-75000
057053,立積元大98購02  ,0,0,0,0,0,0,0,0,0,-75000,0,0,0,46000,121000,-75000,-75000
060309,佳世達永豐9A購01,0,0,0,0,0,0,0,0,0,-75000,0,0,0,0,75000,-75000,-75000
06050P,玉晶光國票98售01,0,0,0,0,0,0,0,0,0,-75000,0,0,0,79000,154000,-75000,-75000
059061,晶技凱基9A購01  ,0,0,0,0,0,0,0,0,0,-75000,0,0,0,10000,85000,-75000,-75000
2538,基泰            ,44000,119000,-75000,0,0,0,0,0,0,0,0,0,0,0,0,0,-75000
07926P,上銀統一9B售02  ,0,0,0,0,0,0,0,0,0,-75000,0,0,0,0,75000,-75000,-75000
063270,喬山兆豐9C購01  ,0,0,0,0,0,0,0,0,0,-76000,0,0,0,95000,171000,-76000,-76000
060719,瀚宇博永豐9A購01,0,0,0,0,0,0,0,0,0,-76000,0,0,0,8000,84000,-76000,-76000
054872,瀚宇博群益98購01,0,0,0,0,0,0,0,0,0,-76000,0,0,0,10000,86000,-76000,-76000
056809,旺宏統一98購03  ,0,0,0,0,0,0,0,0,0,-76000,0,0,0,0,76000,-76000,-76000
056557,世紀鋼凱基98購02,0,0,0,0,0,0,0,0,0,-76000,0,0,0,0,76000,-76000,-76000
051872,矽力凱基96購01  ,0,0,0,0,0,0,0,0,0,-76000,0,0,0,1000,77000,-76000,-76000
053864,義隆元大96購01  ,0,0,0,0,0,0,0,0,0,-76000,0,0,0,51000,127000,-76000,-76000
058322,玉晶光永豐99購02,0,0,0,0,0,0,0,0,0,-76000,0,0,0,25000,101000,-76000,-76000
060209,喬山康和9A購01  ,0,0,0,0,0,0,0,0,0,-76000,0,0,0,23000,99000,-76000,-76000
07694P,超眾元大9A售05  ,0,0,0,0,0,0,0,0,0,-76000,0,0,0,10000,86000,-76000,-76000
1507,永大            ,13000,89000,-76000,0,0,0,0,0,0,0,0,0,0,0,0,0,-76000
06949P,台表科元大99售01,0,0,0,0,0,0,0,0,0,-76000,0,0,0,50000,126000,-76000,-76000
3008,大立光          ,334977,398943,-63966,0,0,0,6000,15000,-9000,-4000,4000,7000,-3000,8000,9000,-1000,-76966
061198,世紀鋼永豐9A購03,0,0,0,0,0,0,0,0,0,-77000,0,0,0,10000,87000,-77000,-77000
055295,瀚宇博元大97購02,0,0,0,0,0,0,0,0,0,-77000,0,0,0,68000,145000,-77000,-77000
060695,同欣電麥證9A購01,0,0,0,20000,97000,-77000,0,0,0,-77000,0,0,0,20000,97000,-77000,-77000
057893,亞德客元富98購03,0,0,0,0,0,0,0,0,0,-77000,0,0,0,6000,83000,-77000,-77000
07216P,大立光凱基99售08,0,0,0,0,0,0,0,0,0,-77000,0,0,0,0,77000,-77000,-77000
061215,健策元大9A購06  ,0,0,0,0,0,0,0,0,0,-78000,0,0,0,201000,279000,-78000,-78000
061212,聯鈞元大9A購04  ,0,0,0,0,0,0,0,0,0,-78000,0,0,0,68000,146000,-78000,-78000
063274,鈺齊兆豐9B購01  ,0,0,0,0,0,0,0,0,0,-78000,0,0,0,12000,90000,-78000,-78000
063023,華擎元大9B購02  ,0,0,0,0,0,0,0,0,0,-78000,0,0,0,17000,95000,-78000,-78000
063063,泰鼎元富9B購01  ,0,0,0,0,0,0,0,0,0,-78000,0,0,0,56000,134000,-78000,-78000
063151,奇鋐元富9B購01  ,0,0,0,0,0,0,0,0,0,-78000,0,0,0,154000,232000,-78000,-78000
062728,健策凱基9B購04  ,0,0,0,0,0,0,0,0,0,-78000,0,0,0,97000,175000,-78000,-78000
056133,可成元大97購05  ,0,0,0,0,0,0,0,0,0,-78000,0,0,0,31000,109000,-78000,-78000
058948,道瓊銀群益9C購01,0,0,0,0,0,0,0,0,0,-78000,0,0,0,20000,98000,-78000,-78000
056422,全新統一98購02  ,0,0,0,0,0,0,0,0,0,-78000,0,0,0,0,78000,-78000,-78000
055093,京鼎群益98購01  ,0,0,0,0,0,0,0,0,0,-78000,0,0,0,20000,98000,-78000,-78000
058846,鴻海群益99購03  ,0,0,0,0,0,0,0,0,0,-78000,0,0,0,47000,125000,-78000,-78000
058213,欣興群益99購01  ,0,0,0,0,0,0,0,0,0,-78000,0,0,0,0,78000,-78000,-78000
058797,大毅元大99購03  ,0,0,0,0,0,0,0,0,0,-78000,0,0,0,0,78000,-78000,-78000
057490,可成元大98購10  ,0,0,0,0,0,0,0,0,0,-78000,0,0,0,0,78000,-78000,-78000
08096P,大立光元富9B售04,0,0,0,0,0,0,0,0,0,-78000,0,0,0,0,78000,-78000,-78000
6414,樺漢            ,52000,127000,-75000,0,0,0,0,0,0,-3000,3000,1000,2000,0,5000,-5000,-78000
061689,國巨群益9A購12  ,0,0,0,0,0,0,0,0,0,-79000,0,0,0,1000,80000,-79000,-79000
056054,亞德客元大97購05,0,0,0,0,0,0,0,0,0,-79000,0,0,0,38000,117000,-79000,-79000
05590P,臺股指中信96售05,0,0,0,0,0,0,0,0,0,-79000,0,0,0,56000,135000,-79000,-79000
056624,景碩永豐98購01  ,0,0,0,0,0,0,0,0,0,-79000,0,0,0,46000,125000,-79000,-79000
058067,台積電第一9C購01,0,0,0,0,0,0,0,0,0,-79000,0,0,0,95000,174000,-79000,-79000
057087,台郡統一99購01  ,0,0,0,0,0,0,0,0,0,-79000,0,0,0,128000,207000,-79000,-79000
057894,華通元富02購02  ,0,0,0,0,0,0,0,0,0,-79000,0,0,0,135000,214000,-79000,-79000
910861,神州-DR         ,0,79000,-79000,0,0,0,0,0,0,0,0,0,0,0,0,0,-79000
061853,晶技國票9B購02  ,0,0,0,0,0,0,0,0,0,-80000,0,0,0,0,80000,-80000,-80000
061164,燿華兆豐9B購01  ,0,0,0,0,0,0,0,0,0,-80000,0,0,0,307000,387000,-80000,-80000
062147,大毅國票9B購02  ,0,0,0,0,0,0,0,0,0,-80000,0,0,0,39000,119000,-80000,-80000
063125,華擎元大9C購02  ,0,0,0,0,0,0,0,0,0,-80000,0,0,0,2000,82000,-80000,-80000
052546,友達中信98購01  ,0,0,0,0,0,0,0,0,0,-80000,0,0,0,20000,100000,-80000,-80000
054471,T50反1中信9C購01,0,0,0,0,0,0,0,0,0,-80000,0,0,0,100000,180000,-80000,-80000
051813,GIS凱基96購02   ,0,0,0,0,0,0,0,0,0,-80000,0,0,0,0,80000,-80000,-80000
055311,健策群益98購02  ,0,0,0,0,0,0,0,0,0,-80000,0,0,0,135000,215000,-80000,-80000
055126,嘉澤兆豐97購01  ,0,0,0,0,0,0,0,0,0,-80000,0,0,0,0,80000,-80000,-80000
054698,同欣電永豐97購01,0,0,0,0,0,0,0,0,0,-80000,0,0,0,0,80000,-80000,-80000
056268,新日興統一97購01,0,0,0,0,0,0,0,0,0,-80000,0,0,0,0,80000,-80000,-80000
060303,宏達電富邦9B購01,0,0,0,0,0,0,0,0,0,-80000,0,0,0,15000,95000,-80000,-80000
057448,致茂元富98購01  ,0,0,0,0,0,0,0,0,0,-80000,0,0,0,0,80000,-80000,-80000
059934,華通永豐99購02  ,0,0,0,0,0,0,0,0,0,-80000,0,0,0,5000,85000,-80000,-80000
056293,上銀元大97購10  ,0,0,0,0,0,0,0,0,0,-81000,0,0,0,9000,90000,-81000,-81000
055627,亞德客永豐97購02,0,0,0,0,0,0,0,0,0,-81000,0,0,0,20000,101000,-81000,-81000
060466,玉山金元大9A購01,0,0,0,0,0,0,0,0,0,-81000,0,0,0,21000,102000,-81000,-81000
05711P,茂林國票97售03  ,0,0,0,0,0,0,0,0,0,-81000,0,0,0,1000,82000,-81000,-81000
057161,亞德客元大98購02,0,0,0,0,0,0,0,0,0,-81000,0,0,0,119000,200000,-81000,-81000
057197,立積台新98購01  ,0,0,0,0,0,0,0,0,0,-81000,0,0,0,249000,330000,-81000,-81000
06265P,美律凱基97售01  ,0,0,0,0,0,0,0,0,0,-82000,0,0,0,0,82000,-82000,-82000
061339,京元電元大9A購05,0,0,0,0,0,0,0,0,0,-82000,0,0,0,16000,98000,-82000,-82000
056710,漢唐永豐98購01  ,0,0,0,0,0,0,0,0,0,-82000,0,0,0,10000,92000,-82000,-82000
057860,金寶凱基98購01  ,0,0,0,0,0,0,0,0,0,-82000,0,0,0,0,82000,-82000,-82000
059678,鴻海國泰9A購03  ,0,0,0,0,0,0,0,0,0,-82000,0,0,0,76000,158000,-82000,-82000
3622,洋華            ,13000,95000,-82000,0,0,0,0,0,0,0,0,0,0,0,0,0,-82000
2739,寒舍            ,2000,84000,-82000,0,0,0,0,0,0,0,0,0,0,0,0,0,-82000
2374,佳能            ,72000,154000,-82000,0,0,0,0,0,0,0,0,0,0,0,0,0,-82000
08118P,嘉澤元富9B售02  ,0,0,0,0,0,0,0,0,0,-82000,0,0,0,29000,111000,-82000,-82000
07922P,大立光群益9B售05,0,0,0,0,0,0,0,0,0,-82000,0,0,0,12000,94000,-82000,-82000
07385P,緯穎群益99售04  ,0,0,0,0,0,0,0,0,0,-82000,0,0,0,0,82000,-82000,-82000
06925P,致茂群益9A售02  ,0,0,0,0,0,0,0,0,0,-82000,0,0,0,0,82000,-82000,-82000
060850,康友國票9A購03  ,0,0,0,0,0,0,0,0,0,-83000,0,0,0,29000,112000,-83000,-83000
061484,華通兆豐9B購01  ,0,0,0,0,0,0,0,0,0,-83000,0,0,0,12000,95000,-83000,-83000
062780,旺宏元大01購01  ,0,0,0,0,0,0,0,0,0,-83000,0,0,0,48000,131000,-83000,-83000
062379,致新元大9B購01  ,0,0,0,0,0,0,0,0,0,-83000,0,0,0,136000,219000,-83000,-83000
062908,晶豪科元大9B購03,0,0,0,0,0,0,0,0,0,-83000,0,0,0,118000,201000,-83000,-83000
063287,嘉澤元大9B購05  ,0,0,0,0,0,0,0,0,0,-83000,0,0,0,76000,159000,-83000,-83000
063196,力成元富9B購01  ,0,0,0,0,0,0,0,0,0,-83000,0,0,0,49000,132000,-83000,-83000
055670,矽創群益98購02  ,0,0,0,0,0,0,0,0,0,-83000,0,0,0,17000,100000,-83000,-83000
054134,強茂元大96購01  ,0,0,0,0,0,0,0,0,0,-83000,0,0,0,56000,139000,-83000,-83000
059872,華新科凱基01購01,0,0,0,0,0,0,0,0,0,-83000,0,0,0,30000,113000,-83000,-83000
6533,晶心科          ,74000,165000,-91000,0,0,0,0,0,0,8000,8000,0,8000,0,0,0,-83000
063322,台郡群益9B購02  ,0,0,0,0,0,0,0,0,0,-84000,0,0,0,10000,94000,-84000,-84000
061568,國巨元大9A購25  ,0,0,0,0,0,0,0,0,0,-84000,0,0,0,5000,89000,-84000,-84000
053564,台積電富邦99購01,0,0,0,0,0,0,0,0,0,-84000,0,0,0,0,84000,-84000,-84000
055136,聯發科富邦99購06,0,0,0,0,0,0,0,0,0,-84000,0,0,0,0,84000,-84000,-84000
055519,茂林中信99購01  ,0,0,0,0,0,0,0,0,0,-84000,0,0,0,20000,104000,-84000,-84000
056821,日電貿永豐98購01,0,0,0,0,0,0,0,0,0,-84000,0,0,0,0,84000,-84000,-84000
3356,奇偶            ,18000,102000,-84000,0,0,0,0,0,0,0,0,0,0,0,0,0,-84000
07904P,聯發科群益9B售05,0,0,0,0,0,0,0,0,0,-84000,0,0,0,11000,95000,-84000,-84000
2009,第一銅          ,2000,86000,-84000,0,0,0,0,0,0,0,0,0,0,0,0,0,-84000
062074,旺宏元大9B購04  ,0,0,0,0,0,0,0,0,0,-85000,0,0,0,0,85000,-85000,-85000
061435,元金2X凱基9C購03,0,0,0,0,0,0,0,0,0,-85000,0,0,0,16000,101000,-85000,-85000
063267,台表科中信01購02,0,0,0,0,0,0,0,0,0,-85000,0,0,0,0,85000,-85000,-85000
059312,元石油元大99購05,0,0,0,0,0,0,0,0,0,-85000,0,0,0,115000,200000,-85000,-85000
058207,南茂凱基99購01  ,0,0,0,0,0,0,0,0,0,-85000,0,0,0,0,85000,-85000,-85000
058484,元金2X國票04購01,0,0,0,0,0,0,0,0,0,-85000,0,0,0,0,85000,-85000,-85000
1531,高林股          ,1000,87000,-86000,0,0,0,0,0,0,1000,1000,0,1000,0,0,0,-85000
08036P,嘉澤群益9B售03  ,0,0,0,0,0,0,0,0,0,-85000,0,0,0,25000,110000,-85000,-85000
9940,信義            ,7000,92000,-85000,0,0,0,0,0,0,0,0,0,0,0,0,0,-85000
063171,光寶科中信9B購01,0,0,0,0,0,0,0,0,0,-86000,0,0,0,0,86000,-86000,-86000
062937,旺宏凱基9B購08  ,0,0,0,0,0,0,0,0,0,-86000,0,0,0,43000,129000,-86000,-86000
062801,宏達電統一01購01,0,0,0,0,0,0,0,0,0,-86000,0,0,0,0,86000,-86000,-86000
061593,智原永豐9A購01  ,0,0,0,0,0,0,0,0,0,-86000,0,0,0,0,86000,-86000,-86000
056529,中環凱基98購01  ,0,0,0,0,0,0,0,0,0,-86000,0,0,0,0,86000,-86000,-86000
054102,百和國票97購04  ,0,0,0,0,0,0,0,0,0,-86000,0,0,0,108000,194000,-86000,-86000
060571,京元電永豐9A購01,0,0,0,0,0,0,0,0,0,-86000,0,0,0,0,86000,-86000,-86000
060339,國巨統一01購01  ,0,0,0,0,0,0,0,0,0,-86000,0,0,0,0,86000,-86000,-86000
1795,美時            ,203000,389000,-186000,0,0,0,100000,0,100000,0,0,0,0,0,0,0,-86000
062442,華新科元大9C購02,0,0,0,0,0,0,0,0,0,-87000,0,0,0,52000,139000,-87000,-87000
055804,祥碩永豐97購02  ,0,0,0,0,0,0,0,0,0,-87000,0,0,0,21000,108000,-87000,-87000
055085,大毅國票97購01  ,0,0,0,0,0,0,0,0,0,-87000,0,0,0,1000,88000,-87000,-87000
054957,興富發元大97購01,0,0,0,0,0,0,0,0,0,-87000,0,0,0,0,87000,-87000,-87000
058181,華新科國泰9B購01,0,0,0,0,0,0,0,0,0,-87000,0,0,0,10000,97000,-87000,-87000
057467,祥碩永豐98購04  ,0,0,0,0,0,0,0,0,0,-87000,0,0,0,30000,117000,-87000,-87000
062308,旺宏凱基9B購04  ,0,0,0,0,0,0,0,0,0,-88000,0,0,0,17000,105000,-88000,-88000
062701,漢唐元大9B購01  ,0,0,0,0,0,0,0,0,0,-88000,0,0,0,58000,146000,-88000,-88000
063152,健策元富9C購01  ,0,0,0,0,0,0,0,0,0,-88000,0,0,0,208000,296000,-88000,-88000
061550,聯鈞群益9A購03  ,0,0,0,0,0,0,0,0,0,-88000,0,0,0,95000,183000,-88000,-88000
061751,華通台新9B購01  ,0,0,0,0,0,0,0,0,0,-88000,0,0,0,0,88000,-88000,-88000
061837,華新科凱基05購02,0,0,0,0,0,0,0,0,0,-88000,0,0,0,0,88000,-88000,-88000
055639,上銀元富97購02  ,0,0,0,0,0,0,0,0,0,-88000,0,0,0,521000,609000,-88000,-88000
055549,旺宏凱基97購03  ,0,0,0,0,0,0,0,0,0,-88000,0,0,0,30000,118000,-88000,-88000
052488,旺宏國票96購03  ,0,0,0,0,0,0,0,0,0,-88000,0,0,0,0,88000,-88000,-88000
056614,智邦永豐98購01  ,0,0,0,0,0,0,0,0,0,-88000,0,0,0,41000,129000,-88000,-88000
053250,百和國票97購02  ,0,0,0,0,0,0,0,0,0,-88000,0,0,0,113000,201000,-88000,-88000
054178,中磊台新97購01  ,0,0,0,0,0,0,0,0,0,-88000,0,0,0,460000,548000,-88000,-88000
060017,全新康和99購01  ,0,0,0,0,0,0,0,0,0,-88000,0,0,0,0,88000,-88000,-88000
057056,立積元大99購02  ,0,0,0,0,0,0,0,0,0,-88000,0,0,0,0,88000,-88000,-88000
07035P,大立光元富99售04,0,0,0,0,0,0,0,0,0,-88000,0,0,0,0,88000,-88000,-88000
4137,麗豐-KY         ,22000,87000,-65000,0,0,0,0,0,0,-23000,10000,7000,3000,0,26000,-26000,-88000
062685,華新科統一9C購03,0,0,0,0,0,0,0,0,0,-89000,0,0,0,0,89000,-89000,-89000
057725,台達電國泰9A購01,0,0,0,0,0,0,0,0,0,-89000,0,0,0,12000,101000,-89000,-89000
2023,燁輝            ,101280,191000,-89720,0,0,0,0,0,0,0,0,0,0,0,0,0,-89720
062303,台表科中信01購01,0,0,0,0,0,0,0,0,0,-90000,0,0,0,58000,148000,-90000,-90000
062181,義隆元大9B購03  ,0,0,0,0,0,0,0,0,0,-90000,0,0,0,96000,186000,-90000,-90000
063127,TPK元大9B購02   ,0,0,0,0,0,0,0,0,0,-90000,0,0,0,12000,102000,-90000,-90000
063320,旭富群益9B購03  ,0,0,0,0,0,0,0,0,0,-90000,0,0,0,0,90000,-90000,-90000
061348,聯鈞元大9A購05  ,0,0,0,0,0,0,0,0,0,-90000,0,0,0,5000,95000,-90000,-90000
060998,華通兆豐9A購01  ,0,0,0,0,0,0,0,0,0,-90000,0,0,0,23000,113000,-90000,-90000
054185,喬山永豐96購02  ,0,0,0,0,0,0,0,0,0,-90000,0,0,0,0,90000,-90000,-90000
054063,聯茂國票97購02  ,0,0,0,0,0,0,0,0,0,-90000,0,0,0,10000,100000,-90000,-90000
051268,創意富邦97購01  ,0,0,0,0,0,0,0,0,0,-90000,0,0,0,0,90000,-90000,-90000
053486,T50反1兆豐96購01,0,0,0,0,0,0,0,0,0,-90000,0,0,0,0,90000,-90000,-90000
055923,矽力凱基98購01  ,0,0,0,0,0,0,0,0,0,-90000,0,0,0,1000,91000,-90000,-90000
057956,全新元大99購04  ,0,0,0,0,0,0,0,0,0,-90000,0,0,0,0,90000,-90000,-90000
058642,旺宏麥證9A購01  ,0,0,0,0,90000,-90000,0,0,0,-90000,0,0,0,0,90000,-90000,-90000
060625,華擎元大9A購01  ,0,0,0,0,0,0,0,0,0,-90000,0,0,0,16000,106000,-90000,-90000
059954,華新科康和99購01,0,0,0,0,0,0,0,0,0,-90000,0,0,0,20000,110000,-90000,-90000
057458,TPK富邦9A購01   ,0,0,0,0,0,0,0,0,0,-90000,0,0,0,0,90000,-90000,-90000
057527,億光元大98購01  ,0,0,0,0,0,0,0,0,0,-90000,0,0,0,10000,100000,-90000,-90000
058328,世紀鋼統一9B購01,0,0,0,0,0,0,0,0,0,-90000,0,0,0,3000,93000,-90000,-90000
1806,冠軍            ,10000,100000,-90000,0,0,0,0,0,0,0,0,0,0,0,0,0,-90000
1732,毛寶            ,35000,132000,-97000,0,0,0,0,0,0,7000,10000,3000,7000,0,0,0,-90000
07392P,台積電國泰02售01,0,0,0,0,0,0,0,0,0,-90000,0,0,0,10000,100000,-90000,-90000
07641P,上銀凱基9A售05  ,0,0,0,0,0,0,0,0,0,-90000,0,0,0,6000,96000,-90000,-90000
2705,六福            ,36000,126000,-90000,0,0,0,0,0,0,0,0,0,0,0,0,0,-90000
2905,三商            ,108000,83000,25000,0,0,0,0,0,0,-115000,0,0,0,0,115000,-115000,-90000
060931,GIS永豐9A購01   ,0,0,0,0,0,0,0,0,0,-91000,0,0,0,1000,92000,-91000,-91000
060759,南亞科元大9A購03,0,0,0,0,0,0,0,0,0,-91000,0,0,0,117000,208000,-91000,-91000
062255,聯發科元大9B購07,0,0,0,0,0,0,0,0,0,-91000,0,0,0,1000,92000,-91000,-91000
062257,聯發科元大9B購09,0,0,0,0,0,0,0,0,0,-91000,0,0,0,1000,92000,-91000,-91000
056162,祥碩凱基97購03  ,0,0,0,0,0,0,0,0,0,-91000,0,0,0,4000,95000,-91000,-91000
059187,國巨富邦9B購02  ,0,0,0,0,0,0,0,0,0,-91000,0,0,0,0,91000,-91000,-91000
055398,超眾統一97購03  ,0,0,0,0,0,0,0,0,0,-91000,0,0,0,125000,216000,-91000,-91000
060281,卜蜂元大9C購01  ,0,0,0,0,0,0,0,0,0,-91000,0,0,0,2000,93000,-91000,-91000
057225,華新凱基98購01  ,0,0,0,0,0,0,0,0,0,-91000,0,0,0,337000,428000,-91000,-91000
6168,宏齊            ,133000,224000,-91000,0,0,0,0,0,0,0,0,0,0,0,0,0,-91000
07747P,晶技凱基9A售04  ,0,0,0,0,0,0,0,0,0,-91000,0,0,0,24000,115000,-91000,-91000
07838P,泰碩元大9A售04  ,0,0,0,0,0,0,0,0,0,-91000,0,0,0,5000,96000,-91000,-91000
060735,鴻海統一9C購03  ,0,0,0,0,0,0,0,0,0,-92000,0,0,0,0,92000,-92000,-92000
060995,泰鼎元大9A購03  ,0,0,0,0,0,0,0,0,0,-92000,0,0,0,12000,104000,-92000,-92000
061966,旺宏統一01購03  ,0,0,0,0,0,0,0,0,0,-92000,0,0,0,0,92000,-92000,-92000
061734,全新中信9B購02  ,0,0,0,0,0,0,0,0,0,-92000,0,0,0,0,92000,-92000,-92000
056560,旺宏群益98購03  ,0,0,0,0,0,0,0,0,0,-92000,0,0,0,294000,386000,-92000,-92000
057446,旺宏元富02購01  ,0,0,0,0,0,0,0,0,0,-92000,0,0,0,0,92000,-92000,-92000
060126,創意永豐99購04  ,0,0,0,0,0,0,0,0,0,-92000,0,0,0,0,92000,-92000,-92000
07843P,緯穎元大9A售05  ,0,0,0,0,0,0,0,0,0,-92000,0,0,0,7000,99000,-92000,-92000
3311,閎暉            ,8000,100000,-92000,0,0,0,0,0,0,0,0,0,0,0,0,0,-92000
056946,國巨統一98購05  ,0,0,0,0,0,0,0,0,0,-93000,0,0,0,0,93000,-93000,-93000
056851,瑞儀元富98購01  ,0,0,0,0,0,0,0,0,0,-93000,0,0,0,71000,164000,-93000,-93000
9934,成霖            ,107000,200000,-93000,0,0,0,0,0,0,0,0,0,0,0,0,0,-93000
07998P,聯電凱基9C售01  ,0,0,0,0,0,0,0,0,0,-93000,0,0,0,107000,200000,-93000,-93000
1460,宏遠            ,30514,126000,-95486,0,0,0,0,0,0,2000,2000,0,2000,0,0,0,-93486
056434,國巨凱基98購03  ,0,0,0,0,0,0,0,0,0,-94000,0,0,0,41000,135000,-94000,-94000
057960,聯鈞元大98購02  ,0,0,0,0,0,0,0,0,0,-94000,0,0,0,0,94000,-94000,-94000
058625,旺宏國票9A購01  ,0,0,0,0,0,0,0,0,0,-94000,0,0,0,30000,124000,-94000,-94000
07730P,臺股指凱基9A售22,0,0,0,0,0,0,0,0,0,-94000,0,0,0,8000,102000,-94000,-94000
061984,華新科元大9B購05,0,0,0,0,0,0,0,0,0,-95000,0,0,0,0,95000,-95000,-95000
061841,晶技凱基9C購01  ,0,0,0,0,0,0,0,0,0,-95000,0,0,0,0,95000,-95000,-95000
061428,南六元大9A購01  ,0,0,0,0,0,0,0,0,0,-95000,0,0,0,68000,163000,-95000,-95000
062388,旭富國泰01購01  ,0,0,0,0,0,0,0,0,0,-95000,0,0,0,10000,105000,-95000,-95000
062486,瑞昱富邦9B購01  ,0,0,0,0,0,0,0,0,0,-95000,0,0,0,130000,225000,-95000,-95000
063208,鈺齊統一9C購01  ,0,0,0,0,0,0,0,0,0,-95000,0,0,0,346000,441000,-95000,-95000
063417,金像電凱基9B購03,0,0,0,0,0,0,0,0,0,-95000,0,0,0,0,95000,-95000,-95000
06431P,新日興元大97售05,0,0,0,0,0,0,0,0,0,-95000,0,0,0,23000,118000,-95000,-95000
063044,滬深2X兆豐9C購01,0,0,0,0,0,0,0,0,0,-95000,0,0,0,0,95000,-95000,-95000
056613,旺宏永豐98購01  ,0,0,0,0,0,0,0,0,0,-95000,0,0,0,0,95000,-95000,-95000
052413,上証反中信97購01,0,0,0,0,0,0,0,0,0,-95000,0,0,0,0,95000,-95000,-95000
053253,友達國泰97購02  ,0,0,0,0,0,0,0,0,0,-95000,0,0,0,0,95000,-95000,-95000
060245,聯陽元大9C購01  ,0,0,0,0,0,0,0,0,0,-95000,0,0,0,0,95000,-95000,-95000
060432,達方永豐9A購01  ,0,0,0,0,0,0,0,0,0,-95000,0,0,0,0,95000,-95000,-95000
058532,禾伸堂元富99購01,0,0,0,0,0,0,0,0,0,-95000,0,0,0,14000,109000,-95000,-95000
056949,義隆統一98購01  ,0,0,0,0,0,0,0,0,0,-95000,0,0,0,183000,278000,-95000,-95000
1723,中碳            ,13000,109000,-96000,0,0,0,0,0,0,1000,0,0,0,1000,0,1000,-95000
2516,新建            ,0,95000,-95000,0,0,0,0,0,0,0,0,0,0,0,0,0,-95000
062958,長榮航麥證9B購01,0,0,0,0,96000,-96000,0,0,0,-96000,0,0,0,0,96000,-96000,-96000
063488,金像電國泰01購01,0,0,0,0,0,0,0,0,0,-96000,0,0,0,0,96000,-96000,-96000
063355,超眾元富9B購01  ,0,0,0,0,0,0,0,0,0,-96000,0,0,0,145000,241000,-96000,-96000
060911,大毅元大9A購01  ,0,0,0,0,0,0,0,0,0,-96000,0,0,0,0,96000,-96000,-96000
054351,華新科國泰97購03,0,0,0,0,0,0,0,0,0,-96000,0,0,0,32000,128000,-96000,-96000
054300,華通凱基96購07  ,0,0,0,0,0,0,0,0,0,-96000,0,0,0,1000,97000,-96000,-96000
061713,華邦電凱基9A購01,0,0,0,0,0,0,0,0,0,-97000,0,0,0,104000,201000,-97000,-97000
061618,友達群益9A購04  ,0,0,0,0,0,0,0,0,0,-97000,0,0,0,65000,162000,-97000,-97000
054148,矽創元大96購03  ,0,0,0,0,0,0,0,0,0,-97000,0,0,0,22000,119000,-97000,-97000
056622,高鐵永豐98購01  ,0,0,0,0,0,0,0,0,0,-97000,0,0,0,54000,151000,-97000,-97000
060671,亞德客元大9A購03,0,0,0,0,0,0,0,0,0,-97000,0,0,0,157000,254000,-97000,-97000
063352,上銀元富9B購02  ,0,0,0,0,0,0,0,0,0,-98000,0,0,0,88000,186000,-98000,-98000
062970,智邦元富9B購01  ,0,0,0,0,0,0,0,0,0,-98000,0,0,0,60000,158000,-98000,-98000
063126,TPK元大9B購01   ,0,0,0,0,0,0,0,0,0,-98000,0,0,0,12000,110000,-98000,-98000
062268,力山群益9B購01  ,0,0,0,0,0,0,0,0,0,-98000,0,0,0,75000,173000,-98000,-98000
054205,華新國票97購02  ,0,0,0,0,0,0,0,0,0,-98000,0,0,0,40000,138000,-98000,-98000
058969,亞德客永豐99購01,0,0,0,0,0,0,0,0,0,-98000,0,0,0,56000,154000,-98000,-98000
059009,世紀鋼元大99購04,0,0,0,0,0,0,0,0,0,-98000,0,0,0,201000,299000,-98000,-98000
060254,世紀鋼元大9A購01,0,0,0,0,0,0,0,0,0,-98000,0,0,0,20000,118000,-98000,-98000
057054,立積元大98購03  ,0,0,0,0,0,0,0,0,0,-98000,0,0,0,76000,174000,-98000,-98000
057502,訊芯群益98購02  ,0,0,0,0,0,0,0,0,0,-98000,0,0,0,0,98000,-98000,-98000
1467,南緯            ,142000,240000,-98000,0,0,0,0,0,0,0,0,0,0,0,0,0,-98000
062439,聯發科元大9B購10,0,0,0,0,0,0,0,0,0,-99000,0,0,0,1000,100000,-99000,-99000
062359,旺宏元大9C購02  ,0,0,0,0,0,0,0,0,0,-99000,0,0,0,12000,111000,-99000,-99000
063026,南六元大9B購04  ,0,0,0,0,0,0,0,0,0,-99000,0,0,0,1000,100000,-99000,-99000
056762,亞德客元大98購01,0,0,0,0,0,0,0,0,0,-99000,0,0,0,49000,148000,-99000,-99000
056227,奇力新凱基98購04,0,0,0,0,0,0,0,0,0,-99000,0,0,0,0,99000,-99000,-99000
052686,華新科元大96購03,0,0,0,0,0,0,0,0,0,-99000,0,0,0,0,99000,-99000,-99000
053728,茂林凱基97購01  ,0,0,0,0,0,0,0,0,0,-99000,0,0,0,0,99000,-99000,-99000
058884,世紀鋼永豐99購02,0,0,0,0,0,0,0,0,0,-99000,0,0,0,0,99000,-99000,-99000
060635,義隆永豐9A購01  ,0,0,0,0,0,0,0,0,0,-99000,0,0,0,257000,356000,-99000,-99000
08117P,聯發科元富9B售04,0,0,0,0,0,0,0,0,0,-99000,0,0,0,0,99000,-99000,-99000
1808,潤隆            ,40000,139015,-99015,0,0,0,0,0,0,0,0,0,0,0,0,0,-99015
063009,國巨元大9B購18  ,0,0,0,0,0,0,0,0,0,-100000,0,0,0,0,100000,-100000,-100000
063135,國巨統一9B購16  ,0,0,0,0,0,0,0,0,0,-100000,0,0,0,5000,105000,-100000,-100000
063396,金像電群益9C購01,0,0,0,0,0,0,0,0,0,-100000,0,0,0,0,100000,-100000,-100000
063457,臺指反元大02購17,0,0,0,0,0,0,0,0,0,-100000,0,0,0,0,100000,-100000,-100000
062578,超眾群益9B購01  ,0,0,0,0,0,0,0,0,0,-100000,0,0,0,31000,131000,-100000,-100000
061823,勤誠群益9B購01  ,0,0,0,0,0,0,0,0,0,-100000,0,0,0,0,100000,-100000,-100000
061880,台郡元大9B購02  ,0,0,0,0,0,0,0,0,0,-100000,0,0,0,90000,190000,-100000,-100000
062069,喬山元大9B購01  ,0,0,0,0,0,0,0,0,0,-100000,0,0,0,463000,563000,-100000,-100000
061057,華新科國票9A購04,0,0,0,0,0,0,0,0,0,-100000,0,0,0,0,100000,-100000,-100000
060755,鴻海元大9A購15  ,0,0,0,0,0,0,0,0,0,-100000,0,0,0,0,100000,-100000,-100000
060892,超眾統一9C購01  ,0,0,0,0,0,0,0,0,0,-100000,0,0,0,10000,110000,-100000,-100000
053782,京元電元大98購02,0,0,0,0,0,0,0,0,0,-100000,0,0,0,0,100000,-100000,-100000
055710,亞德客元大97購03,0,0,0,0,0,0,0,0,0,-100000,0,0,0,31000,131000,-100000,-100000
054342,亞光元富99購01  ,0,0,0,0,0,0,0,0,0,-100000,0,0,0,0,100000,-100000,-100000
054478,可成中信97購01  ,0,0,0,0,0,0,0,0,0,-100000,0,0,0,0,100000,-100000,-100000
053534,微星永豐96購02  ,0,0,0,0,0,0,0,0,0,-100000,0,0,0,0,100000,-100000,-100000
050515,聯電元大96購01  ,0,0,0,0,0,0,0,0,0,-100000,0,0,0,0,100000,-100000,-100000
055556,奇力新凱基98購03,0,0,0,0,0,0,0,0,0,-100000,0,0,0,0,100000,-100000,-100000
055586,旺宏元大98購06  ,0,0,0,0,0,0,0,0,0,-100000,0,0,0,53000,153000,-100000,-100000
055827,中石化元大98購01,0,0,0,0,0,0,0,0,0,-100000,0,0,0,0,100000,-100000,-100000
058933,FBVIX台新9B購01 ,0,0,0,0,0,0,0,0,0,-100000,0,0,0,0,100000,-100000,-100000
056121,勤誠群益97購01  ,0,0,0,0,0,0,0,0,0,-100000,0,0,0,0,100000,-100000,-100000
054921,文曄凱基97購01  ,0,0,0,0,0,0,0,0,0,-100000,0,0,0,0,100000,-100000,-100000
057110,立積群益98購01  ,0,0,0,0,0,0,0,0,0,-100000,0,0,0,0,100000,-100000,-100000
057493,聯詠元大98購02  ,0,0,0,0,0,0,0,0,0,-100000,0,0,0,52000,152000,-100000,-100000
057483,微星元大98購04  ,0,0,0,0,0,0,0,0,0,-100000,0,0,0,57000,157000,-100000,-100000
057314,全新麥證98購01  ,0,0,0,0,100000,-100000,0,0,0,-100000,0,0,0,0,100000,-100000,-100000
06022P,緯穎永豐96售03  ,0,0,0,0,0,0,0,0,0,-100000,0,0,0,0,100000,-100000,-100000
07734P,台積電富邦9C售10,0,0,0,0,0,0,0,0,0,-100000,0,0,0,0,100000,-100000,-100000
07766P,美律群益9A售03  ,0,0,0,0,0,0,0,0,0,-100000,0,0,0,0,100000,-100000,-100000
08075P,聯電群益9C售01  ,0,0,0,0,0,0,0,0,0,-100000,0,0,0,0,100000,-100000,-100000
07534P,台灣50群益9A售12,0,0,0,0,0,0,0,0,0,-100000,0,0,0,0,100000,-100000,-100000
07469P,台達電元大9A售01,0,0,0,0,0,0,0,0,0,-100000,0,0,0,0,100000,-100000,-100000
07252P,台灣50凱基99售01,0,0,0,0,0,0,0,0,0,-100000,0,0,0,10000,110000,-100000,-100000
07315P,台積電台新99售06,0,0,0,0,0,0,0,0,0,-100000,0,0,0,0,100000,-100000,-100000
07117P,SGBR2X凱基9C售01,0,0,0,0,0,0,0,0,0,-100000,0,0,0,0,100000,-100000,-100000
07082P,美律元大99售06  ,0,0,0,0,0,0,0,0,0,-100000,0,0,0,0,100000,-100000,-100000
06980P,緯穎永豐99售02  ,0,0,0,0,0,0,0,0,0,-100000,0,0,0,30000,130000,-100000,-100000
06705P,臻鼎元富98售03  ,0,0,0,0,0,0,0,0,0,-100000,0,0,0,10000,110000,-100000,-100000
052941,康控兆豐97購01  ,0,0,0,0,0,0,0,0,0,-101000,0,0,0,0,101000,-101000,-101000
060084,聯電元大99購02  ,0,0,0,0,0,0,0,0,0,-101000,0,0,0,0,101000,-101000,-101000
059949,啟碁永豐99購01  ,0,0,0,0,0,0,0,0,0,-101000,0,0,0,156000,257000,-101000,-101000
057974,上銀永豐98購02  ,0,0,0,0,0,0,0,0,0,-101000,0,0,0,62000,163000,-101000,-101000
060398,立積國票9B購01  ,0,0,0,0,0,0,0,0,0,-101000,0,0,0,34000,135000,-101000,-101000
060338,鴻海統一9C購02  ,0,0,0,0,0,0,0,0,0,-101000,0,0,0,0,101000,-101000,-101000
07639P,緯穎國票9A售01  ,0,0,0,0,0,0,0,0,0,-101000,0,0,0,170000,271000,-101000,-101000
07810P,台積電統一9A售08,0,0,0,0,0,0,0,0,0,-101000,0,0,0,0,101000,-101000,-101000
063019,聯發科元大9C購01,0,0,0,0,0,0,0,0,0,-102000,0,0,0,2000,104000,-102000,-102000
055235,金寶台新98購01  ,0,0,0,0,0,0,0,0,0,-102000,0,0,0,0,102000,-102000,-102000
058577,南亞科群益99購02,0,0,0,0,0,0,0,0,0,-102000,0,0,0,37000,139000,-102000,-102000
06010P,國泰金元富96售01,0,0,0,0,0,0,0,0,0,-102000,0,0,0,0,102000,-102000,-102000
07677P,祥碩永豐9A售01  ,0,0,0,0,0,0,0,0,0,-102000,0,0,0,100000,202000,-102000,-102000
06851P,鈺齊元大98售01  ,0,0,0,0,0,0,0,0,0,-102000,0,0,0,0,102000,-102000,-102000
6416,瑞祺電通        ,202000,375000,-173000,0,0,0,104000,0,104000,-33000,39000,63000,-24000,22000,31000,-9000,-102000
9917,中保科          ,319000,422000,-103000,0,0,0,0,0,0,1000,0,0,0,1000,0,1000,-102000
063356,台表科元富02購01,0,0,0,0,0,0,0,0,0,-103000,0,0,0,12000,115000,-103000,-103000
06216P,上銀元富97售03  ,0,0,0,0,0,0,0,0,0,-103000,0,0,0,12000,115000,-103000,-103000
061275,臺股指凱基9A購25,0,0,0,0,0,0,0,0,0,-103000,0,0,0,31000,134000,-103000,-103000
061581,貿聯元大9A購05  ,0,0,0,0,0,0,0,0,0,-103000,0,0,0,97000,200000,-103000,-103000
055256,日電貿統一99購01,0,0,0,0,0,0,0,0,0,-103000,0,0,0,0,103000,-103000,-103000
055039,神達富邦99購01  ,0,0,0,0,0,0,0,0,0,-103000,0,0,0,0,103000,-103000,-103000
054343,世紀鋼元富96購02,0,0,0,0,0,0,0,0,0,-103000,0,0,0,162000,265000,-103000,-103000
055701,亞德客富邦99購01,0,0,0,0,0,0,0,0,0,-103000,0,0,0,17000,120000,-103000,-103000
053568,智伸科富邦98購01,0,0,0,0,0,0,0,0,0,-103000,0,0,0,37000,140000,-103000,-103000
057628,旺宏永豐98購02  ,0,0,0,0,0,0,0,0,0,-103000,0,0,0,0,103000,-103000,-103000
056987,南茂群益98購01  ,0,0,0,0,0,0,0,0,0,-103000,0,0,0,0,103000,-103000,-103000
058762,貿聯群益99購03  ,0,0,0,0,0,0,0,0,0,-103000,0,0,0,10000,113000,-103000,-103000
058612,健策元大99購02  ,0,0,0,0,0,0,0,0,0,-103000,0,0,0,156000,259000,-103000,-103000
060622,玉晶光元大9B購02,0,0,0,0,0,0,0,0,0,-103000,0,0,0,0,103000,-103000,-103000
058531,華通元富99購01  ,0,0,0,0,0,0,0,0,0,-103000,0,0,0,92000,195000,-103000,-103000
058559,華新科日盛99購02,0,0,0,0,0,0,0,0,0,-103000,0,0,0,0,103000,-103000,-103000
061213,群創元大9A購05  ,0,0,0,0,0,0,0,0,0,-104000,0,0,0,164000,268000,-104000,-104000
063080,裕隆凱基9B購01  ,0,0,0,0,0,0,0,0,0,-104000,0,0,0,0,104000,-104000,-104000
054912,群光凱基97購01  ,0,0,0,0,0,0,0,0,0,-104000,0,0,0,52000,156000,-104000,-104000
058353,國巨凱基99購09  ,0,0,0,0,0,0,0,0,0,-104000,0,0,0,2000,106000,-104000,-104000
1103,嘉泥            ,120000,224000,-104000,0,0,0,0,0,0,0,0,0,0,0,0,0,-104000
063022,嘉晶元大9B購04  ,0,0,0,0,0,0,0,0,0,-105000,0,0,0,42000,147000,-105000,-105000
063379,帆宣永豐9B購01  ,0,0,0,0,0,0,0,0,0,-105000,0,0,0,0,105000,-105000,-105000
062236,信邦凱基9B購01  ,0,0,0,0,0,0,0,0,0,-105000,0,0,0,0,105000,-105000,-105000
062645,國巨國泰9B購08  ,0,0,0,0,0,0,0,0,0,-105000,0,0,0,16000,121000,-105000,-105000
062129,世紀鋼統一02購01,0,0,0,0,0,0,0,0,0,-105000,0,0,0,0,105000,-105000,-105000
05923P,旺宏元富96售05  ,0,0,0,0,0,0,0,0,0,-105000,0,0,0,60000,165000,-105000,-105000
060212,華航康和9A購01  ,0,0,0,0,0,0,0,0,0,-105000,0,0,0,30000,135000,-105000,-105000
06067P,華新科康和97售01,0,0,0,0,0,0,0,0,0,-105000,0,0,0,170000,275000,-105000,-105000
058886,元石油元大9C購03,0,0,0,0,0,0,0,0,0,-105000,0,0,0,0,105000,-105000,-105000
07133P,臺股指元大9A售27,0,0,0,0,0,0,0,0,0,-105000,0,0,0,0,105000,-105000,-105000
061605,華新科凱基9A購14,0,0,0,0,0,0,0,0,0,-106000,0,0,0,11000,117000,-106000,-106000
062157,聯發科凱基9B購08,0,0,0,0,0,0,0,0,0,-106000,0,0,0,34000,140000,-106000,-106000
055091,微星群益97購01  ,0,0,0,0,0,0,0,0,0,-106000,0,0,0,0,106000,-106000,-106000
03442B,臺股指元大9A熊48,0,0,0,0,0,0,0,0,0,-106000,0,0,0,40000,146000,-106000,-106000
047410,上銀元富96購01  ,0,0,0,0,0,0,0,0,0,-106000,0,0,0,135000,241000,-106000,-106000
057404,貿聯群益99購01  ,0,0,0,0,0,0,0,0,0,-106000,0,0,0,204000,310000,-106000,-106000
06902P,聯電凱基98售02  ,0,0,0,0,0,0,0,0,0,-106000,0,0,0,100000,206000,-106000,-106000
061238,晶技元大9A購02  ,0,0,0,0,0,0,0,0,0,-107000,0,0,0,50000,157000,-107000,-107000
060714,晶技永豐9A購02  ,0,0,0,0,0,0,0,0,0,-108000,0,0,0,6000,114000,-108000,-108000
060796,世芯永豐9A購03  ,0,0,0,0,0,0,0,0,0,-108000,0,0,0,181000,289000,-108000,-108000
060794,景碩永豐9A購02  ,0,0,0,0,0,0,0,0,0,-108000,0,0,0,78000,186000,-108000,-108000
062523,世紀鋼元大9C購03,0,0,0,0,0,0,0,0,0,-108000,0,0,0,0,108000,-108000,-108000
056092,亞德客元富97購02,0,0,0,0,0,0,0,0,0,-108000,0,0,0,179000,287000,-108000,-108000
058675,康控群益9B購01  ,0,0,0,0,0,0,0,0,0,-108000,0,0,0,0,108000,-108000,-108000
060522,鴻海中信9A購03  ,0,0,0,0,0,0,0,0,0,-108000,0,0,0,0,108000,-108000,-108000
062576,華擎群益9B購02  ,0,0,0,0,0,0,0,0,0,-109000,0,0,0,30000,139000,-109000,-109000
06421P,嘉澤統一97售02  ,0,0,0,0,0,0,0,0,0,-109000,0,0,0,60000,169000,-109000,-109000
060844,大立光國票9A購07,0,0,0,0,0,0,0,0,0,-109000,0,0,0,41000,150000,-109000,-109000
056307,貿聯元大97購05  ,0,0,0,0,0,0,0,0,0,-109000,0,0,0,50000,159000,-109000,-109000
061206,旺宏元大9A購12  ,0,0,0,0,0,0,0,0,0,-110000,0,0,0,0,110000,-110000,-110000
061520,健策中信9A購01  ,0,0,0,0,0,0,0,0,0,-110000,0,0,0,452000,562000,-110000,-110000
062913,創意元大9B購02  ,0,0,0,0,0,0,0,0,0,-110000,0,0,0,14000,124000,-110000,-110000
06282P,聯鈞永豐97售02  ,0,0,0,0,0,0,0,0,0,-110000,0,0,0,0,110000,-110000,-110000
056715,瀚宇博永豐98購01,0,0,0,0,0,0,0,0,0,-110000,0,0,0,33000,143000,-110000,-110000
055263,華新科富邦9A購01,0,0,0,0,0,0,0,0,0,-110000,0,0,0,0,110000,-110000,-110000
059041,南茂群益99購02  ,0,0,0,0,0,0,0,0,0,-110000,0,0,0,0,110000,-110000,-110000
053398,和鑫中信99購01  ,0,0,0,0,0,0,0,0,0,-110000,0,0,0,0,110000,-110000,-110000
057108,潤泰全群益98購01,0,0,0,0,0,0,0,0,0,-110000,0,0,0,0,110000,-110000,-110000
060228,亞德客元大9A購01,0,0,0,0,0,0,0,0,0,-110000,0,0,0,78000,188000,-110000,-110000
059942,全新永豐99購04  ,0,0,0,0,0,0,0,0,0,-110000,0,0,0,0,110000,-110000,-110000
060046,S&P反1凱基99購02,0,0,0,0,0,0,0,0,0,-110000,0,0,0,0,110000,-110000,-110000
06525P,上証2X國泰99售01,0,0,0,0,0,0,0,0,0,-110000,0,0,0,0,110000,-110000,-110000
07258P,台灣50台新9A售01,0,0,0,0,0,0,0,0,0,-110000,0,0,0,10000,120000,-110000,-110000
08123P,台表科國票9C售01,0,0,0,0,0,0,0,0,0,-110000,0,0,0,34000,144000,-110000,-110000
08124P,臻鼎群益9B售02  ,0,0,0,0,0,0,0,0,0,-110000,0,0,0,0,110000,-110000,-110000
063012,技嘉元大9B購01  ,0,0,0,0,0,0,0,0,0,-111000,0,0,0,0,111000,-111000,-111000
061579,京鼎元大9A購02  ,0,0,0,0,0,0,0,0,0,-111000,0,0,0,76000,187000,-111000,-111000
061378,南六永豐9A購03  ,0,0,0,0,0,0,0,0,0,-111000,0,0,0,12000,123000,-111000,-111000
054558,劍麟群益99購01  ,0,0,0,0,0,0,0,0,0,-111000,0,0,0,0,111000,-111000,-111000
057379,寶成元大98購02  ,0,0,0,0,0,0,0,0,0,-111000,0,0,0,13000,124000,-111000,-111000
060546,旺宏凱基9A購02  ,0,0,0,0,0,0,0,0,0,-111000,0,0,0,0,111000,-111000,-111000
1307,三芳            ,92000,203000,-111000,0,0,0,0,0,0,0,0,0,0,0,0,0,-111000
3010,華立            ,160000,271000,-111000,0,0,0,0,0,0,0,0,0,0,0,0,0,-111000
5264,鎧勝-KY         ,256000,353124,-97124,0,0,0,0,0,0,-14000,0,0,0,2000,16000,-14000,-111124
061274,臺股指凱基9A購24,0,0,0,0,0,0,0,0,0,-112000,0,0,0,0,112000,-112000,-112000
055288,日電貿元大97購02,0,0,0,0,0,0,0,0,0,-112000,0,0,0,0,112000,-112000,-112000
056223,華邦電凱基97購04,0,0,0,0,0,0,0,0,0,-112000,0,0,0,2000,114000,-112000,-112000
057088,上銀元富98購01  ,0,0,0,0,0,0,0,0,0,-112000,0,0,0,342000,454000,-112000,-112000
057760,聯發科凱基98購18,0,0,0,0,0,0,0,0,0,-112000,0,0,0,7000,119000,-112000,-112000
057151,易華電國票99購01,0,0,0,0,0,0,0,0,0,-112000,0,0,0,40000,152000,-112000,-112000
057853,旺宏國票99購05  ,0,0,0,0,0,0,0,0,0,-112000,0,0,0,0,112000,-112000,-112000
056838,旺宏元富98購01  ,0,0,0,0,0,0,0,0,0,-112000,0,0,0,0,112000,-112000,-112000
059671,滬深2X元富99購05,0,0,0,0,0,0,0,0,0,-112000,0,0,0,40000,152000,-112000,-112000
2207,和泰車          ,168561,278000,-109439,0,0,0,0,0,0,-3000,1000,5000,-4000,1000,0,1000,-112439
062479,TPK國票9B購01   ,0,0,0,0,0,0,0,0,0,-113000,0,0,0,7000,120000,-113000,-113000
062292,旭富永豐9B購01  ,0,0,0,0,0,0,0,0,0,-113000,0,0,0,33000,146000,-113000,-113000
00693U,街口S&P黃豆     ,15000,0,15000,0,0,0,0,0,0,-128000,0,0,0,174000,302000,-128000,-113000
058518,玉晶光元大99購13,0,0,0,0,0,0,0,0,0,-113000,0,0,0,12000,125000,-113000,-113000
060246,晶相光元大9C購03,0,0,0,0,0,0,0,0,0,-113000,0,0,0,7000,120000,-113000,-113000
060946,世紀鋼國票9A購02,0,0,0,0,0,0,0,0,0,-114000,0,0,0,27000,141000,-114000,-114000
062028,晶技群益9B購01  ,0,0,0,0,0,0,0,0,0,-114000,0,0,0,0,114000,-114000,-114000
053056,同欣電國票97購01,0,0,0,0,0,0,0,0,0,-114000,0,0,0,18000,132000,-114000,-114000
056308,TPK元大97購02   ,0,0,0,0,0,0,0,0,0,-114000,0,0,0,12000,126000,-114000,-114000
059537,大立光凱基99購09,0,0,0,0,0,0,0,0,0,-114000,0,0,0,54000,168000,-114000,-114000
060214,茂林康和9A購01  ,0,0,0,0,0,0,0,0,0,-114000,0,0,0,0,114000,-114000,-114000
4108,懷特            ,8000,122000,-114000,0,0,0,0,0,0,0,0,0,0,0,0,0,-114000
2542,興富發          ,645416,856000,-210584,0,0,0,0,0,0,96000,91000,0,91000,5000,0,5000,-114584
056719,台虹永豐98購01  ,0,0,0,0,0,0,0,0,0,-115000,0,0,0,20000,135000,-115000,-115000
059097,世紀鋼元大99購05,0,0,0,0,0,0,0,0,0,-115000,0,0,0,125000,240000,-115000,-115000
056652,上証反元大9B購01,0,0,0,0,0,0,0,0,0,-115000,0,0,0,0,115000,-115000,-115000
058244,神達元大99購02  ,0,0,0,0,0,0,0,0,0,-115000,0,0,0,97000,212000,-115000,-115000
057216,聯發科群益99購01,0,0,0,0,0,0,0,0,0,-115000,0,0,0,14000,129000,-115000,-115000
07739P,緯穎永豐9A售01  ,0,0,0,0,0,0,0,0,0,-115000,0,0,0,0,115000,-115000,-115000
07491P,臺股指國票9A售09,0,0,0,0,0,0,0,0,0,-115000,0,0,0,70000,185000,-115000,-115000
060799,茂林永豐9A購01  ,0,0,0,0,0,0,0,0,0,-116000,0,0,0,61000,177000,-116000,-116000
063074,創意永豐9B購02  ,0,0,0,0,0,0,0,0,0,-116000,0,0,0,0,116000,-116000,-116000
063333,同欣電國票9C購01,0,0,0,0,0,0,0,0,0,-116000,0,0,0,1000,117000,-116000,-116000
057539,南茂元大98購02  ,0,0,0,0,0,0,0,0,0,-116000,0,0,0,96000,212000,-116000,-116000
056241,緯創群益97購01  ,0,0,0,0,0,0,0,0,0,-116000,0,0,0,37000,153000,-116000,-116000
055631,創意永豐98購01  ,0,0,0,0,0,0,0,0,0,-116000,0,0,0,0,116000,-116000,-116000
057397,茂林中信9A購01  ,0,0,0,0,0,0,0,0,0,-116000,0,0,0,50000,166000,-116000,-116000
057355,彩晶統一98購03  ,0,0,0,0,0,0,0,0,0,-116000,0,0,0,4000,120000,-116000,-116000
07836P,大成鋼元大9A售01,0,0,0,0,0,0,0,0,0,-116000,0,0,0,0,116000,-116000,-116000
058434,旺宏統一9B購01  ,0,0,0,0,0,0,0,0,0,-117000,0,0,0,0,117000,-117000,-117000
07945P,上銀國票9B售02  ,0,0,0,0,0,0,0,0,0,-117000,0,0,0,0,117000,-117000,-117000
062542,南電國泰9C購01  ,0,0,0,0,0,0,0,0,0,-118000,0,0,0,76000,194000,-118000,-118000
061373,華通富邦9A購02  ,0,0,0,0,0,0,0,0,0,-118000,0,0,0,15000,133000,-118000,-118000
054164,強茂凱基98購01  ,0,0,0,0,0,0,0,0,0,-118000,0,0,0,10000,128000,-118000,-118000
07817P,同欣電群益9A售02,0,0,0,0,0,0,0,0,0,-118000,0,0,0,0,118000,-118000,-118000
07754P,日月光元大9A售02,0,0,0,0,0,0,0,0,0,-118000,0,0,0,21000,139000,-118000,-118000
06779P,智邦元大98售12  ,0,0,0,0,0,0,0,0,0,-118000,0,0,0,0,118000,-118000,-118000
057931,正崴群益98購02  ,0,0,0,0,0,0,0,0,0,-119000,0,0,0,137000,256000,-119000,-119000
060700,華新科國泰9C購01,0,0,0,0,0,0,0,0,0,-119000,0,0,0,59000,178000,-119000,-119000
059920,宏達電元大99購07,0,0,0,0,0,0,0,0,0,-119000,0,0,0,82000,201000,-119000,-119000
060762,長榮航元大9A購02,0,0,0,0,0,0,0,0,0,-120000,0,0,0,69000,189000,-120000,-120000
061830,元金2X凱基01購01,0,0,0,0,0,0,0,0,0,-120000,0,0,0,0,120000,-120000,-120000
062425,可成統一01購01  ,0,0,0,0,0,0,0,0,0,-120000,0,0,0,75000,195000,-120000,-120000
06370P,貿聯凱基97售03  ,0,0,0,0,0,0,0,0,0,-120000,0,0,0,30000,150000,-120000,-120000
063071,華新科富邦02購01,0,0,0,0,0,0,0,0,0,-120000,0,0,0,0,120000,-120000,-120000
05052P,友達群益97售01  ,0,0,0,0,0,0,0,0,0,-120000,0,0,0,0,120000,-120000,-120000
058705,長榮航元大99購01,0,0,0,0,0,0,0,0,0,-120000,0,0,0,91000,211000,-120000,-120000
060376,瑞祺元富9A購01  ,0,0,0,0,0,0,0,0,0,-120000,0,0,0,92000,212000,-120000,-120000
058180,華新科國泰9A購01,0,0,0,0,0,0,0,0,0,-120000,0,0,0,182000,302000,-120000,-120000
05851P,力山群益97售01  ,0,0,0,0,0,0,0,0,0,-120000,0,0,0,45000,165000,-120000,-120000
06934P,聯鈞元大98售03  ,0,0,0,0,0,0,0,0,0,-120000,0,0,0,0,120000,-120000,-120000
07950P,智邦元大9B售04  ,0,0,0,0,0,0,0,0,0,-120000,0,0,0,0,120000,-120000,-120000
2474,可成            ,1467952,1390113,77839,0,0,0,18000,15000,3000,-201000,12000,114000,-102000,8000,107000,-99000,-120161
063016,微星元大9C購02  ,0,0,0,0,0,0,0,0,0,-121000,0,0,0,100000,221000,-121000,-121000
063353,上銀元富9B購03  ,0,0,0,0,0,0,0,0,0,-121000,0,0,0,58000,179000,-121000,-121000
063340,英業達統一9B購01,0,0,0,0,0,0,0,0,0,-121000,0,0,0,20000,141000,-121000,-121000
062469,旺宏凱基9B購05  ,0,0,0,0,0,0,0,0,0,-121000,0,0,0,0,121000,-121000,-121000
062577,泰鼎群益9B購01  ,0,0,0,0,0,0,0,0,0,-121000,0,0,0,45000,166000,-121000,-121000
061972,華新元大9B購01  ,0,0,0,0,0,0,0,0,0,-121000,0,0,0,795000,916000,-121000,-121000
061505,力成國票9A購03  ,0,0,0,0,0,0,0,0,0,-121000,0,0,0,9000,130000,-121000,-121000
055777,冠德凱基97購01  ,0,0,0,0,0,0,0,0,0,-121000,0,0,0,0,121000,-121000,-121000
055197,致新元富97購02  ,0,0,0,0,0,0,0,0,0,-121000,0,0,0,62000,183000,-121000,-121000
057114,台虹群益98購01  ,0,0,0,0,0,0,0,0,0,-121000,0,0,0,80000,201000,-121000,-121000
059290,全新元富99購01  ,0,0,0,0,0,0,0,0,0,-121000,0,0,0,4000,125000,-121000,-121000
08095P,大立光元富9B售03,0,0,0,0,0,0,0,0,0,-121000,0,0,0,0,121000,-121000,-121000
063369,聚陽永豐9B購01  ,0,0,0,0,0,0,0,0,0,-122000,0,0,0,1000,123000,-122000,-122000
054212,聯詠國票97購03  ,0,0,0,0,0,0,0,0,0,-122000,0,0,0,40000,162000,-122000,-122000
060172,智原台新9A購01  ,0,0,0,0,0,0,0,0,0,-122000,0,0,0,0,122000,-122000,-122000
059696,立積永豐99購03  ,0,0,0,0,0,0,0,0,0,-122000,0,0,0,20000,142000,-122000,-122000
1339,昭輝            ,38000,160000,-122000,0,0,0,0,0,0,0,0,0,0,0,0,0,-122000
057747,致新永豐98購01  ,0,0,0,0,0,0,0,0,0,-123000,0,0,0,32000,155000,-123000,-123000
08132P,南六元大9B售05  ,0,0,0,0,0,0,0,0,0,-123000,0,0,0,534000,657000,-123000,-123000
08136P,祥碩國泰01售01  ,0,0,0,0,0,0,0,0,0,-123000,0,0,0,620000,743000,-123000,-123000
062034,同欣電群益9B購01,0,0,0,0,0,0,0,0,0,-124000,0,0,0,71000,195000,-124000,-124000
061283,智邦統一9A購01  ,0,0,0,0,0,0,0,0,0,-124000,0,0,0,107000,231000,-124000,-124000
054693,神基永豐97購01  ,0,0,0,0,0,0,0,0,0,-124000,0,0,0,0,124000,-124000,-124000
055350,聯發科凱基97購02,0,0,0,0,0,0,0,0,0,-124000,0,0,0,25000,149000,-124000,-124000
060389,世紀鋼凱基9B購02,0,0,0,0,0,0,0,0,0,-124000,0,0,0,0,124000,-124000,-124000
058315,TPK富邦9C購01   ,0,0,0,0,0,0,0,0,0,-124000,0,0,0,96000,220000,-124000,-124000
07743P,智邦凱基9A售03  ,0,0,0,0,0,0,0,0,0,-124000,0,0,0,27000,151000,-124000,-124000
062126,創意統一9B購01  ,0,0,0,0,0,0,0,0,0,-125000,0,0,0,180000,305000,-125000,-125000
063354,茂林元富9B購02  ,0,0,0,0,0,0,0,0,0,-125000,0,0,0,51000,176000,-125000,-125000
054858,台肥群益97購01  ,0,0,0,0,0,0,0,0,0,-125000,0,0,0,0,125000,-125000,-125000
057003,立積國票98購01  ,0,0,0,0,0,0,0,0,0,-125000,0,0,0,35000,160000,-125000,-125000
060233,宏碁元大9A購01  ,0,0,0,0,0,0,0,0,0,-125000,0,0,0,0,125000,-125000,-125000
060605,大立光凱基9C購01,0,0,0,0,0,0,0,0,0,-125000,0,0,0,0,125000,-125000,-125000
07457P,宏達電元大9A售01,0,0,0,0,0,0,0,0,0,-125000,0,0,0,27000,152000,-125000,-125000
5608,四維航          ,52000,177000,-125000,0,0,0,0,0,0,0,0,0,0,0,0,0,-125000
063490,儒鴻富邦9C購01  ,0,0,0,0,0,0,0,0,0,-126000,0,0,0,0,126000,-126000,-126000
056075,瀚宇博元大97購03,0,0,0,0,0,0,0,0,0,-126000,0,0,0,215000,341000,-126000,-126000
058413,義隆兆豐99購01  ,0,0,0,0,0,0,0,0,0,-126000,0,0,0,58000,184000,-126000,-126000
058739,喬山中信99購01  ,0,0,0,0,0,0,0,0,0,-126000,0,0,0,413000,539000,-126000,-126000
07670P,茂林元大9A售02  ,0,0,0,0,0,0,0,0,0,-126000,0,0,0,1000,127000,-126000,-126000
07839P,嘉澤元大9A售04  ,0,0,0,0,0,0,0,0,0,-126000,0,0,0,156000,282000,-126000,-126000
058031,旺宏永豐98購04  ,0,0,0,0,0,0,0,0,0,-127000,0,0,0,0,127000,-127000,-127000
07652P,臺股指中信9A售07,0,0,0,0,0,0,0,0,0,-127000,0,0,0,45000,172000,-127000,-127000
062490,聯茂永豐9B購01  ,0,0,0,0,0,0,0,0,0,-128000,0,0,0,0,128000,-128000,-128000
061106,群創元大9B購09  ,0,0,0,0,0,0,0,0,0,-128000,0,0,0,130000,258000,-128000,-128000
060326,群光群益9A購01  ,0,0,0,0,0,0,0,0,0,-128000,0,0,0,341000,469000,-128000,-128000
059766,同欣電永豐99購03,0,0,0,0,0,0,0,0,0,-128000,0,0,0,11000,139000,-128000,-128000
061543,南亞科群益9A購01,0,0,0,0,0,0,0,0,0,-129000,0,0,0,59000,188000,-129000,-129000
061783,友達群益9B購01  ,0,0,0,0,0,0,0,0,0,-129000,0,0,0,120000,249000,-129000,-129000
062278,聯發科群益9C購01,0,0,0,0,0,0,0,0,0,-129000,0,0,0,58000,187000,-129000,-129000
058984,全新凱基9A購03  ,0,0,0,0,0,0,0,0,0,-129000,0,0,0,0,129000,-129000,-129000
05639P,欣興統一97售01  ,0,0,0,0,0,0,0,0,0,-129000,0,0,0,10000,139000,-129000,-129000
060421,華擎永豐9A購01  ,0,0,0,0,0,0,0,0,0,-129000,0,0,0,71000,200000,-129000,-129000
07741P,滬深2X凱基9B售04,0,0,0,0,0,0,0,0,0,-129000,0,0,0,2000,131000,-129000,-129000
1711,永光            ,34000,163000,-129000,0,0,0,0,0,0,0,0,0,0,0,0,0,-129000
2355,敬鵬            ,79000,209000,-130000,0,0,0,0,0,0,1000,1000,0,1000,0,0,0,-129000
062930,旺宏統一9C購02  ,0,0,0,0,0,0,0,0,0,-130000,0,0,0,0,130000,-130000,-130000
060884,超眾中信9B購01  ,0,0,0,0,0,0,0,0,0,-130000,0,0,0,70000,200000,-130000,-130000
052945,嘉晶國票97購01  ,0,0,0,0,0,0,0,0,0,-130000,0,0,0,21000,151000,-130000,-130000
060616,宏碁元大9A購02  ,0,0,0,0,0,0,0,0,0,-130000,0,0,0,0,130000,-130000,-130000
057406,茂林群益98購03  ,0,0,0,0,0,0,0,0,0,-130000,0,0,0,0,130000,-130000,-130000
07411P,國巨元大99售31  ,0,0,0,0,0,0,0,0,0,-130000,0,0,0,0,130000,-130000,-130000
07304P,臺股指元大9A售37,0,0,0,0,0,0,0,0,0,-130000,0,0,0,100000,230000,-130000,-130000
062540,茂林國泰9C購01  ,0,0,0,0,0,0,0,0,0,-131000,0,0,0,234000,365000,-131000,-131000
055014,達興元富97購01  ,0,0,0,0,0,0,0,0,0,-131000,0,0,0,0,131000,-131000,-131000
2929,淘帝-KY         ,92284,215000,-122716,0,0,0,0,0,0,-10000,0,0,0,0,10000,-10000,-132716
061693,華新科群益9B購02,0,0,0,0,0,0,0,0,0,-133000,0,0,0,20000,153000,-133000,-133000
060677,京元電元大9A購04,0,0,0,0,0,0,0,0,0,-133000,0,0,0,62000,195000,-133000,-133000
06505P,康控國票99售02  ,0,0,0,0,0,0,0,0,0,-133000,0,0,0,0,133000,-133000,-133000
08169P,台光電群益9B售04,0,0,0,0,0,0,0,0,0,-133000,0,0,0,0,133000,-133000,-133000
08045P,健策國票9B售01  ,0,0,0,0,0,0,0,0,0,-133000,0,0,0,10000,143000,-133000,-133000
061800,泰鼎永豐9B購01  ,0,0,0,0,0,0,0,0,0,-134000,0,0,0,16000,150000,-134000,-134000
061790,中租群益9B購01  ,0,0,0,0,0,0,0,0,0,-134000,0,0,0,125000,259000,-134000,-134000
060906,旺宏元大9A購07  ,0,0,0,0,0,0,0,0,0,-134000,0,0,0,1000,135000,-134000,-134000
063221,京元電群益9B購02,0,0,0,0,0,0,0,0,0,-134000,0,0,0,6000,140000,-134000,-134000
056343,高鐵凱基98購02  ,10000,0,10000,0,0,0,0,0,0,-144000,0,0,0,77000,221000,-144000,-134000
060427,聯茂永豐9A購01  ,0,0,0,0,0,0,0,0,0,-134000,0,0,0,10000,144000,-134000,-134000
058694,鈺齊國票9A購02  ,0,0,0,0,0,0,0,0,0,-134000,0,0,0,41000,175000,-134000,-134000
2020,美亞            ,36000,171000,-135000,0,0,0,0,0,0,1000,1000,0,1000,0,0,0,-134000
1734,杏輝            ,237000,371000,-134000,0,0,0,0,0,0,0,0,0,0,0,0,0,-134000
062333,嘉晶統一9C購01  ,0,0,0,0,0,0,0,0,0,-135000,0,0,0,133000,268000,-135000,-135000
060815,茂林凱基9B購01  ,0,0,0,0,0,0,0,0,0,-135000,0,0,0,10000,145000,-135000,-135000
056714,晶相光永豐98購02,0,0,0,0,0,0,0,0,0,-135000,0,0,0,0,135000,-135000,-135000
055348,旺宏凱基97購01  ,0,0,0,0,0,0,0,0,0,-135000,0,0,0,115000,250000,-135000,-135000
8028,昇陽半導體      ,218000,298000,-80000,0,0,0,0,0,0,-55000,2000,0,2000,0,57000,-57000,-135000
2354,鴻準            ,1178504,1319000,-140496,0,0,0,0,0,0,5000,1000,2000,-1000,6000,0,6000,-135496
6531,愛普            ,368000,503547,-135547,0,0,0,0,0,0,0,0,0,0,0,0,0,-135547
060942,智邦國票9A購02  ,0,0,0,0,0,0,0,0,0,-136000,0,0,0,225000,361000,-136000,-136000
062321,力成台新9B購01  ,0,0,0,0,0,0,0,0,0,-136000,0,0,0,0,136000,-136000,-136000
055704,亞德客永豐97購04,0,0,0,0,0,0,0,0,0,-136000,0,0,0,68000,204000,-136000,-136000
058616,台虹元大9A購01  ,0,0,0,0,0,0,0,0,0,-136000,0,0,0,43000,179000,-136000,-136000
056459,茂林凱基99購01  ,0,0,0,0,0,0,0,0,0,-137000,0,0,0,371000,508000,-137000,-137000
060559,世紀鋼凱基9C購01,0,0,0,0,0,0,0,0,0,-137000,0,0,0,0,137000,-137000,-137000
060503,技嘉元大9A購01  ,0,0,0,0,0,0,0,0,0,-137000,0,0,0,74000,211000,-137000,-137000
2316,楠梓電          ,119000,256630,-137630,0,0,0,0,0,0,0,0,0,0,0,0,0,-137630
07964P,大立光統一9B售12,0,0,0,0,0,0,0,0,0,-138000,0,0,0,0,138000,-138000,-138000
07667P,亞德客元大9A售05,0,0,0,0,0,0,0,0,0,-138000,0,0,0,27000,165000,-138000,-138000
06891P,緯穎富邦99售03  ,0,0,0,0,0,0,0,0,0,-138000,0,0,0,102000,240000,-138000,-138000
062759,旺宏凱基9B購07  ,0,0,0,0,0,0,0,0,0,-139000,0,0,0,33000,172000,-139000,-139000
3406,玉晶光          ,417000,435000,-18000,0,0,0,0,20000,-20000,-101000,100000,153000,-53000,16000,64000,-48000,-139000
061065,神基凱基9A購01  ,0,0,0,0,0,0,0,0,0,-140000,0,0,0,0,140000,-140000,-140000
060821,SP黃豆元大9A購02,0,0,0,0,0,0,0,0,0,-140000,0,0,0,0,140000,-140000,-140000
059198,華新科永豐99購06,0,0,0,0,0,0,0,0,0,-140000,0,0,0,20000,160000,-140000,-140000
058731,貿聯永豐99購02  ,0,0,0,0,0,0,0,0,0,-140000,0,0,0,20000,160000,-140000,-140000
057001,華邦電國票99購02,0,0,0,0,0,0,0,0,0,-140000,0,0,0,0,140000,-140000,-140000
06721P,臺股指中信9A售03,0,0,0,0,0,0,0,0,0,-140000,0,0,0,0,140000,-140000,-140000
2204,中華            ,267000,402400,-135400,0,0,0,0,0,0,-5000,10000,15000,-5000,0,0,0,-140400
062190,瀚宇博元大9B購01,0,0,0,0,0,0,0,0,0,-141000,0,0,0,37000,178000,-141000,-141000
055647,義隆元富97購01  ,0,0,0,0,0,0,0,0,0,-141000,0,0,0,79000,220000,-141000,-141000
060187,華新科元富9A購02,0,0,0,0,0,0,0,0,0,-141000,0,0,0,21000,162000,-141000,-141000
5388,中磊            ,105000,247000,-142000,0,0,0,0,0,0,1000,0,0,0,26000,25000,1000,-141000
063244,華新科元大9B購11,0,0,0,0,0,0,0,0,0,-142000,0,0,0,10000,152000,-142000,-142000
07366P,國巨康和99售02  ,0,0,0,0,0,0,0,0,0,-142000,0,0,0,675000,817000,-142000,-142000
2723,美食-KY         ,176104,642000,-465896,0,0,0,358000,0,358000,-35000,0,5000,-5000,13000,43000,-30000,-142896
06307P,聚陽元富97售02  ,0,0,0,0,0,0,0,0,0,-143000,0,0,0,0,143000,-143000,-143000
061679,健策元大9B購04  ,0,0,0,0,0,0,0,0,0,-143000,0,0,0,95000,238000,-143000,-143000
057777,可成群益9A購03  ,0,0,0,0,0,0,0,0,0,-143000,0,0,0,25000,168000,-143000,-143000
1447,力鵬            ,67000,210000,-143000,0,0,0,0,0,0,0,0,0,0,0,0,0,-143000
060982,旺宏元大9A購09  ,0,0,0,0,0,0,0,0,0,-144000,0,0,0,0,144000,-144000,-144000
061157,聯鈞群益9A購02  ,0,0,0,0,0,0,0,0,0,-144000,0,0,0,0,144000,-144000,-144000
061302,晶技永豐9A購04  ,0,0,0,0,0,0,0,0,0,-144000,0,0,0,10000,154000,-144000,-144000
054717,亞德客永豐97購01,0,0,0,0,0,0,0,0,0,-144000,0,0,0,91000,235000,-144000,-144000
056911,緯穎元大99購01  ,0,0,0,0,0,0,0,0,0,-144000,0,0,0,66000,210000,-144000,-144000
07835P,台表科群益9A售02,0,0,0,0,0,0,0,0,0,-144000,0,0,0,28000,172000,-144000,-144000
061595,智易永豐9A購02  ,0,0,0,0,0,0,0,0,0,-145000,0,0,0,29000,174000,-145000,-145000
061596,健策永豐9A購03  ,0,0,0,0,0,0,0,0,0,-145000,0,0,0,178000,323000,-145000,-145000
056232,瑞儀凱基98購01  ,0,0,0,0,0,0,0,0,0,-145000,0,0,0,65000,210000,-145000,-145000
056077,矽力元大97購07  ,0,0,0,0,0,0,0,0,0,-145000,0,0,0,3000,148000,-145000,-145000
055893,大立光統一97購07,0,0,0,0,0,0,0,0,0,-145000,0,0,0,0,145000,-145000,-145000
056922,全新兆豐99購01  ,0,0,0,0,0,0,0,0,0,-145000,0,0,0,0,145000,-145000,-145000
057730,聯鈞國泰9A購01  ,0,0,0,0,0,0,0,0,0,-145000,0,0,0,98000,243000,-145000,-145000
054947,興勤元大97購01  ,0,0,0,0,0,0,0,0,0,-146000,0,0,0,0,146000,-146000,-146000
059281,創意永豐99購02  ,0,0,0,0,0,0,0,0,0,-146000,0,0,0,86000,232000,-146000,-146000
058156,超眾統一9A購02  ,0,0,0,0,0,0,0,0,0,-146000,0,0,0,317000,463000,-146000,-146000
060288,群光元大9C購01  ,0,0,0,0,0,0,0,0,0,-146000,0,0,0,417000,563000,-146000,-146000
07580P,緯穎元大9A售03  ,0,0,0,0,0,0,0,0,0,-146000,0,0,0,0,146000,-146000,-146000
1476,儒鴻            ,665936,897000,-231064,0,0,0,154000,0,154000,-69000,86000,81000,5000,20000,94000,-74000,-146064
061490,茂林兆豐9B購01  ,0,0,0,0,0,0,0,0,0,-147000,0,0,0,3000,150000,-147000,-147000
063265,瑞祺永豐9B購01  ,0,0,0,0,0,0,0,0,0,-147000,0,0,0,105000,252000,-147000,-147000
062270,上銀群益9B購03  ,0,0,0,0,0,0,0,0,0,-147000,0,0,0,146000,293000,-147000,-147000
056492,全新國泰9A購01  ,0,0,0,0,0,0,0,0,0,-147000,0,0,0,10000,157000,-147000,-147000
057085,立積統一9B購02  ,0,0,0,0,0,0,0,0,0,-147000,0,0,0,190000,337000,-147000,-147000
08040P,臺股指群益9B售13,0,0,0,0,0,0,0,0,0,-147000,0,0,0,20000,167000,-147000,-147000
2838,聯邦銀          ,96000,243390,-147390,0,0,0,0,0,0,0,0,0,0,0,0,0,-147390
062330,可成統一9B購03  ,0,0,0,0,0,0,0,0,0,-148000,0,0,0,62000,210000,-148000,-148000
063311,喬山群益9B購01  ,0,0,0,0,0,0,0,0,0,-148000,0,0,0,0,148000,-148000,-148000
061891,力山永豐9B購01  ,0,0,0,0,0,0,0,0,0,-148000,0,0,0,45000,193000,-148000,-148000
060978,國巨元大9A購13  ,0,0,0,0,0,0,0,0,0,-148000,0,0,0,151000,299000,-148000,-148000
057249,華邦電統一9A購01,0,0,0,0,0,0,0,0,0,-148000,0,0,0,120000,268000,-148000,-148000
060612,世紀鋼凱基9A購01,0,0,0,0,0,0,0,0,0,-148000,0,0,0,0,148000,-148000,-148000
058290,南電國票9A購01  ,0,0,0,0,0,0,0,0,0,-148000,0,0,0,73000,221000,-148000,-148000
2731,雄獅            ,149000,297000,-148000,0,0,0,0,0,0,0,0,0,0,0,0,0,-148000
2022,聚亨            ,8000,95000,-87000,0,0,0,0,0,0,-61000,0,61000,-61000,0,0,0,-148000
061765,義隆元大9B購01  ,0,0,0,0,0,0,0,0,0,-149000,0,0,0,67000,216000,-149000,-149000
056094,大立光元富97購03,0,0,0,0,0,0,0,0,0,-149000,0,0,0,2000,151000,-149000,-149000
03445B,臺股指元大02熊01,0,30000,-30000,0,0,0,0,0,0,-119000,0,0,0,36000,155000,-119000,-149000
08175P,金像電統一9B售02,0,0,0,0,0,0,0,0,0,-149000,0,0,0,0,149000,-149000,-149000
3023,信邦            ,209000,319000,-110000,0,0,0,1000,5000,-4000,-35000,4000,32000,-28000,3000,10000,-7000,-149000
061731,旺宏統一9B購06  ,0,0,0,0,0,0,0,0,0,-150000,0,0,0,0,150000,-150000,-150000
060761,南亞科元大9A購05,0,0,0,0,0,0,0,0,0,-150000,0,0,0,10000,160000,-150000,-150000
06077P,GIS凱基97售02   ,0,0,0,0,0,0,0,0,0,-150000,0,0,0,0,150000,-150000,-150000
063250,同欣電元大9B購03,0,0,0,0,0,0,0,0,0,-150000,0,0,0,1000,151000,-150000,-150000
051594,和碩元大96購01  ,0,0,0,0,0,0,0,0,0,-150000,0,0,0,150000,300000,-150000,-150000
052654,友達統一97購01  ,0,0,0,0,0,0,0,0,0,-150000,0,0,0,0,150000,-150000,-150000
058996,台達電元大99購02,0,0,0,0,0,0,0,0,0,-150000,0,0,0,0,150000,-150000,-150000
055397,超眾統一97購02  ,0,0,0,0,0,0,0,0,0,-150000,0,0,0,0,150000,-150000,-150000
055603,超眾元大97購04  ,0,0,0,0,0,0,0,0,0,-150000,0,0,0,68000,218000,-150000,-150000
058047,可成元大98購11  ,0,0,0,0,0,0,0,0,0,-150000,0,0,0,0,150000,-150000,-150000
058923,華新科元富99購06,0,0,0,0,0,0,0,0,0,-151000,0,0,0,0,151000,-151000,-151000
052704,TPK國票97購01   ,0,0,0,0,0,0,0,0,0,-151000,0,0,0,30000,181000,-151000,-151000
054381,世芯群益98購01  ,0,0,0,0,0,0,0,0,0,-151000,0,0,0,109000,260000,-151000,-151000
060683,泰鼎元大9A購02  ,0,0,0,0,0,0,0,0,0,-151000,0,0,0,2000,153000,-151000,-151000
060234,凱美元大9C購01  ,0,0,0,0,0,0,0,0,0,-151000,0,0,0,51000,202000,-151000,-151000
2547,日勝生          ,82531,234000,-151469,0,0,0,0,0,0,0,0,0,0,0,0,0,-151469
061718,GIS凱基9B購01   ,0,0,0,0,0,0,0,0,0,-152000,0,0,0,525000,677000,-152000,-152000
061654,旺宏國票9A購02  ,0,0,0,0,0,0,0,0,0,-152000,0,0,0,0,152000,-152000,-152000
060552,群創凱基9B購05  ,0,0,0,0,0,0,0,0,0,-152000,0,0,0,0,152000,-152000,-152000
2406,國碩            ,210000,362000,-152000,0,0,0,0,0,0,0,0,0,0,0,0,0,-152000
063236,旺宏元大9B購07  ,0,0,0,0,0,0,0,0,0,-153000,0,0,0,34000,187000,-153000,-153000
062872,華通兆豐9C購01  ,0,0,0,0,0,0,0,0,0,-153000,0,0,0,0,153000,-153000,-153000
062606,聯電凱基9C購02  ,0,0,0,0,0,0,0,0,0,-153000,0,0,0,0,153000,-153000,-153000
055661,亞德客中信98購01,0,0,0,0,0,0,0,0,0,-153000,0,0,0,24000,177000,-153000,-153000
056139,貿聯元大97購04  ,0,0,0,0,0,0,0,0,0,-153000,0,0,0,0,153000,-153000,-153000
058190,貿聯永豐99購01  ,0,0,0,0,0,0,0,0,0,-153000,0,0,0,107000,260000,-153000,-153000
057813,京元電元大98購03,0,0,0,0,0,0,0,0,0,-153000,0,0,0,51000,204000,-153000,-153000
1731,美吾華          ,0,153000,-153000,0,0,0,0,0,0,0,0,0,0,0,0,0,-153000
061558,旺宏國票9B購02  ,0,0,0,0,0,0,0,0,0,-154000,0,0,0,0,154000,-154000,-154000
059016,晶相光元富99購03,0,0,0,0,0,0,0,0,0,-154000,0,0,0,0,154000,-154000,-154000
054943,群光元大97購01  ,0,0,0,0,0,0,0,0,0,-154000,0,0,0,269000,423000,-154000,-154000
055457,聚陽永豐97購01  ,0,0,0,0,0,0,0,0,0,-154000,0,0,0,0,154000,-154000,-154000
058498,世紀鋼群益99購01,0,0,0,0,0,0,0,0,0,-154000,0,0,0,3000,157000,-154000,-154000
2524,京城            ,29000,183000,-154000,0,0,0,0,0,0,0,0,0,0,0,0,0,-154000
4956,光鋐            ,273000,427000,-154000,0,0,0,0,0,0,0,0,0,0,0,0,0,-154000
062186,晶技元大9B購05  ,0,0,0,0,0,0,0,0,0,-155000,0,0,0,75000,230000,-155000,-155000
052342,茂林凱基96購01  ,0,0,0,0,0,0,0,0,0,-155000,0,0,0,1000,156000,-155000,-155000
059924,世紀鋼元大99購06,0,0,0,0,0,0,0,0,0,-155000,0,0,0,20000,175000,-155000,-155000
1532,勤美            ,44000,199000,-155000,0,0,0,0,0,0,0,0,0,0,0,0,0,-155000
07715P,台灣50群益9A售14,0,0,0,0,0,0,0,0,0,-155000,0,0,0,35000,190000,-155000,-155000
07300P,臺股指元大9A售33,0,0,0,0,0,0,0,0,0,-155000,0,0,0,0,155000,-155000,-155000
053496,義隆兆豐96購02  ,0,0,0,0,0,0,0,0,0,-156000,0,0,0,30000,186000,-156000,-156000
056335,微星凱基98購01  ,0,0,0,0,0,0,0,0,0,-156000,0,0,0,30000,186000,-156000,-156000
056939,康控元富98購01  ,0,0,0,0,0,0,0,0,0,-156000,0,0,0,62000,218000,-156000,-156000
057512,華邦電台新98購01,0,0,0,0,0,0,0,0,0,-156000,0,0,0,4000,160000,-156000,-156000
058142,瑞儀元大99購01  ,0,0,0,0,0,0,0,0,0,-156000,0,0,0,12000,168000,-156000,-156000
06744P,嘉聯益永豐98售03,0,0,0,0,0,0,0,0,0,-156000,0,0,0,0,156000,-156000,-156000
062877,可成兆豐9C購01  ,0,0,0,0,0,0,0,0,0,-157000,0,0,0,213000,370000,-157000,-157000
06456P,聯發科統一98售03,0,0,0,0,0,0,0,0,0,-157000,0,0,0,91000,248000,-157000,-157000
062458,全新群益9B購03  ,0,0,0,0,0,0,0,0,0,-158000,0,0,0,0,158000,-158000,-158000
061541,旺宏群益9A購03  ,0,0,0,0,0,0,0,0,0,-158000,0,0,0,7000,165000,-158000,-158000
061738,聯發科凱基9B購04,0,0,0,0,0,0,0,0,0,-158000,0,0,0,0,158000,-158000,-158000
060170,世紀鋼永豐9A購01,0,0,0,0,0,0,0,0,0,-158000,0,0,0,0,158000,-158000,-158000
06935P,神達元大98售02  ,0,0,0,0,0,0,0,0,0,-158000,0,0,0,22000,180000,-158000,-158000
006208,富邦台50        ,1000,0,1000,0,0,0,0,0,0,-160000,0,0,0,532000,692000,-160000,-159000
060468,聯鈞元大9A購02  ,0,0,0,0,0,0,0,0,0,-159000,0,0,0,0,159000,-159000,-159000
6552,易華電          ,22000,176000,-154000,0,0,0,0,0,0,-5000,1000,0,1000,2000,8000,-6000,-159000
6213,聯茂            ,761710,567000,194710,0,0,0,260000,570000,-310000,-43792,13000,110792,-97792,61000,7000,54000,-159082
2360,致茂            ,306000,470600,-164600,0,0,0,0,0,0,5000,0,2000,-2000,9000,2000,7000,-159600
061917,亞德客凱基9B購02,0,0,0,0,0,0,0,0,0,-160000,0,0,0,71000,231000,-160000,-160000
062561,瀚宇博凱基9B購01,0,0,0,0,0,0,0,0,0,-160000,0,0,0,108000,268000,-160000,-160000
063187,全新凱基9B購02  ,0,0,0,0,0,0,0,0,0,-160000,0,0,0,40000,200000,-160000,-160000
062979,茂林元富9B購01  ,0,0,0,0,0,0,0,0,0,-160000,0,0,0,134000,294000,-160000,-160000
055098,臺股指群益97購01,0,0,0,0,0,0,0,0,0,-160000,0,0,0,0,160000,-160000,-160000
058651,FBVIX中信9C購01 ,0,0,0,0,0,0,0,0,0,-160000,0,0,0,4000,164000,-160000,-160000
07658P,國泰金凱基9A售01,0,0,0,0,0,0,0,0,0,-160000,0,0,0,0,160000,-160000,-160000
07763P,嘉澤永豐9A售02  ,0,0,0,0,0,0,0,0,0,-160000,0,0,0,145000,305000,-160000,-160000
1718,中纖            ,196745,363000,-166255,0,0,0,0,0,0,6000,0,0,0,6000,0,6000,-160255
063246,嘉晶元大9C購01  ,0,0,0,0,0,0,0,0,0,-161000,0,0,0,7000,168000,-161000,-161000
061351,智伸科元大9A購01,0,0,0,0,0,0,0,0,0,-161000,0,0,0,285000,446000,-161000,-161000
059786,全新元大99購06  ,0,0,0,0,0,0,0,0,0,-161000,0,0,0,73000,234000,-161000,-161000
062252,華邦電元大9C購01,0,0,0,0,0,0,0,0,0,-162000,0,0,0,113000,275000,-162000,-162000
054710,東元元富97購01  ,0,0,0,0,0,0,0,0,0,-162000,0,0,0,94000,256000,-162000,-162000
053507,百和兆豐96購01  ,0,0,0,0,0,0,0,0,0,-162000,0,0,0,0,162000,-162000,-162000
060144,全新國票9B購01  ,0,0,0,0,0,0,0,0,0,-162000,0,0,0,20000,182000,-162000,-162000
058225,旺宏元富99購01  ,0,0,0,0,0,0,0,0,0,-162000,0,0,0,25000,187000,-162000,-162000
2393,億光            ,419000,589000,-170000,0,0,0,0,0,0,7000,0,0,0,9000,2000,7000,-163000
062266,世紀鋼元大9B購02,0,0,0,0,0,0,0,0,0,-164000,0,0,0,54000,218000,-164000,-164000
062417,鴻海統一9C購08  ,0,0,0,0,0,0,0,0,0,-164000,0,0,0,0,164000,-164000,-164000
063167,同欣電永豐9B購03,0,0,0,0,0,0,0,0,0,-164000,0,0,0,6000,170000,-164000,-164000
063346,TPK統一9C購01   ,0,0,0,0,0,0,0,0,0,-164000,0,0,0,0,164000,-164000,-164000
055746,同欣電元富97購01,0,0,0,0,0,0,0,0,0,-164000,0,0,0,10000,174000,-164000,-164000
047564,滬深2X國票99購01,0,0,0,0,0,0,0,0,0,-164000,0,0,0,270000,434000,-164000,-164000
057279,國揚元大98購01  ,0,0,0,0,0,0,0,0,0,-164000,0,0,0,0,164000,-164000,-164000
060448,道瓊反元大9A購04,0,0,0,0,0,0,0,0,0,-164000,0,0,0,0,164000,-164000,-164000
056289,合勤控永豐97購01,0,0,0,0,0,0,0,0,0,-165000,0,0,0,0,165000,-165000,-165000
059181,世紀鋼元富9C購01,0,0,0,0,0,0,0,0,0,-165000,0,0,0,302000,467000,-165000,-165000
057987,大立光元富98購02,0,0,0,0,0,0,0,0,0,-165000,0,0,0,35000,200000,-165000,-165000
6196,帆宣            ,213000,285000,-72000,0,0,0,0,0,0,-93000,0,41000,-41000,45000,97000,-52000,-165000
058813,旺宏統一9B購04  ,0,0,0,0,0,0,0,0,0,-166000,0,0,0,10000,176000,-166000,-166000
059375,道瓊反群益9C購02,0,0,0,0,0,0,0,0,0,-166000,0,0,0,70000,236000,-166000,-166000
058963,華新科兆豐99購05,0,0,0,0,0,0,0,0,0,-167000,0,0,0,5000,172000,-167000,-167000
054755,世紀鋼凱基98購01,0,0,0,0,0,0,0,0,0,-167000,0,0,0,50000,217000,-167000,-167000
056548,瀚宇博凱基98購02,0,0,0,0,0,0,0,0,0,-167000,0,0,0,13000,180000,-167000,-167000
056981,全新群益99購03  ,0,0,0,0,0,0,0,0,0,-167000,0,0,0,98000,265000,-167000,-167000
058182,日電貿國泰9A購01,0,0,0,0,0,0,0,0,0,-167000,0,0,0,63000,230000,-167000,-167000
062781,微星元大9C購01  ,0,0,0,0,0,0,0,0,0,-168000,0,0,0,70000,238000,-168000,-168000
060915,旭富元大9A購01  ,0,0,0,0,0,0,0,0,0,-168000,0,0,0,134000,302000,-168000,-168000
060388,世紀鋼凱基9B購01,0,0,0,0,0,0,0,0,0,-168000,0,0,0,32000,200000,-168000,-168000
061898,茂林永豐9B購01  ,0,0,0,0,0,0,0,0,0,-169000,0,0,0,0,169000,-169000,-169000
062646,聯發科國泰01購02,0,0,0,0,0,0,0,0,0,-169000,0,0,0,9000,178000,-169000,-169000
057533,晶相光元大98購02,0,0,0,0,0,0,0,0,0,-169000,0,0,0,0,169000,-169000,-169000
2642,宅配通          ,55000,224000,-169000,0,0,0,0,0,0,0,0,0,0,0,0,0,-169000
061241,晶技兆豐9A購01  ,0,0,0,0,0,0,0,0,0,-170000,0,0,0,143000,313000,-170000,-170000
08044P,臺股指富邦9B售03,0,0,0,0,0,0,0,0,0,-170000,0,0,0,0,170000,-170000,-170000
07506P,中租元大9A售01  ,0,0,0,0,0,0,0,0,0,-170000,0,0,0,0,170000,-170000,-170000
3563,牧德            ,58039,121483,-63444,0,0,0,0,112000,-112000,5000,24000,8000,16000,0,11000,-11000,-170444
061469,瑞祺群益9A購02  ,0,0,0,0,0,0,0,0,0,-171000,0,0,0,125000,296000,-171000,-171000
053485,矽創國票97購04  ,0,0,0,0,0,0,0,0,0,-171000,0,0,0,325000,496000,-171000,-171000
08047P,臺股指國票9B售12,0,0,0,0,0,0,0,0,0,-171000,0,0,0,0,171000,-171000,-171000
061457,TPK凱基9A購01   ,0,0,0,0,0,0,0,0,0,-172000,0,0,0,153000,325000,-172000,-172000
061430,致新元大9A購01  ,0,0,0,0,0,0,0,0,0,-172000,0,0,0,267000,439000,-172000,-172000
056267,文曄統一97購02  ,0,0,0,0,0,0,0,0,0,-172000,0,0,0,93000,265000,-172000,-172000
060122,亞德客永豐99購02,0,0,0,0,0,0,0,0,0,-172000,0,0,0,170000,342000,-172000,-172000
059360,全新永豐99購02  ,0,0,0,0,0,0,0,0,0,-172000,0,0,0,0,172000,-172000,-172000
059434,全新元大99購05  ,0,0,0,0,0,0,0,0,0,-172000,0,0,0,0,172000,-172000,-172000
07898P,國巨國泰9C售02  ,0,0,0,0,0,0,0,0,0,-172000,0,0,0,104000,276000,-172000,-172000
061772,健策元大9B購06  ,0,0,0,0,0,0,0,0,0,-173000,0,0,0,163000,336000,-173000,-173000
061971,力山元大9C購02  ,0,0,0,0,0,0,0,0,0,-173000,0,0,0,31000,204000,-173000,-173000
053856,台積電富邦98購01,0,0,0,0,0,0,0,0,0,-173000,0,0,0,0,173000,-173000,-173000
053844,GIS統一96購01   ,0,0,0,0,0,0,0,0,0,-173000,0,0,0,0,173000,-173000,-173000
062375,祥碩元大9B購03  ,0,0,0,0,0,0,0,0,0,-174000,0,0,0,0,174000,-174000,-174000
063102,旺宏群益9B購03  ,0,0,0,0,0,0,0,0,0,-174000,0,0,0,7000,181000,-174000,-174000
2615,萬海            ,143000,526000,-383000,0,0,0,204000,0,204000,5000,0,0,0,5000,0,5000,-174000
8404,百和興業-KY     ,170000,349928,-179928,0,0,0,0,0,0,5000,5000,0,5000,0,0,0,-174928
063036,聯發科凱基9B購11,0,0,0,0,0,0,0,0,0,-175000,0,0,0,0,175000,-175000,-175000
062265,南茂元大9B購01  ,0,0,0,0,0,0,0,0,0,-175000,0,0,0,97000,272000,-175000,-175000
053254,群創國泰98購02  ,0,0,0,0,0,0,0,0,0,-175000,0,0,0,0,175000,-175000,-175000
3576,聯合再生        ,358000,533000,-175000,0,0,0,0,0,0,0,0,0,0,0,0,0,-175000
5607,遠雄港          ,313000,489000,-176000,0,0,0,0,0,0,1000,1000,0,1000,0,0,0,-175000
07552P,技嘉元大9A售03  ,0,0,0,0,0,0,0,0,0,-175000,0,0,0,0,175000,-175000,-175000
00636,國泰中國A50     ,3000,0,3000,0,0,0,0,0,0,-178364,10000,0,10000,97000,285364,-188364,-175364
060865,創意永豐9A購01  ,0,0,0,0,0,0,0,0,0,-176000,0,0,0,1000,177000,-176000,-176000
048273,南電富邦97購01  ,0,0,0,0,0,0,0,0,0,-176000,0,0,0,11000,187000,-176000,-176000
053849,聯發科元富96購04,0,0,0,0,0,0,0,0,0,-176000,0,0,0,20000,196000,-176000,-176000
055940,致新群益98購01  ,0,0,0,0,0,0,0,0,0,-176000,0,0,0,52000,228000,-176000,-176000
2911,麗嬰房          ,1000,177000,-176000,0,0,0,0,0,0,0,0,0,0,0,0,0,-176000
062870,亞德客兆豐9C購01,0,0,0,0,0,0,0,0,0,-177000,0,0,0,331000,508000,-177000,-177000
056144,GIS元大98購01   ,0,0,0,0,0,0,0,0,0,-177000,0,0,0,226000,403000,-177000,-177000
059351,台虹凱基99購01  ,0,0,0,0,0,0,0,0,0,-177000,0,0,0,323000,500000,-177000,-177000
058398,中環元大99購02  ,0,0,0,0,0,0,0,0,0,-177000,0,0,0,20000,197000,-177000,-177000
061248,健策群益9A購03  ,0,0,0,0,0,0,0,0,0,-178000,0,0,0,239000,417000,-178000,-178000
061084,京元電兆豐9A購02,0,0,0,0,0,0,0,0,0,-178000,0,0,0,40000,218000,-178000,-178000
053050,華通國票97購02  ,0,0,0,0,0,0,0,0,0,-178000,0,0,0,10000,188000,-178000,-178000
058622,國巨國票99購07  ,0,0,0,0,0,0,0,0,0,-178000,0,0,0,22000,200000,-178000,-178000
07993P,寶成群益9B售01  ,0,0,0,0,0,0,0,0,0,-178000,0,0,0,5000,183000,-178000,-178000
058924,晶相光元富99購02,0,0,0,0,0,0,0,0,0,-179000,0,0,0,10000,189000,-179000,-179000
062881,緯創兆豐9C購01  ,0,0,0,0,0,0,0,0,0,-180000,0,0,0,12000,192000,-180000,-180000
055907,台虹兆豐98購01  ,0,0,0,0,0,0,0,0,0,-180000,0,0,0,0,180000,-180000,-180000
052388,旺宏群益96購05  ,0,0,0,0,0,0,0,0,0,-180000,0,0,0,21000,201000,-180000,-180000
060419,漢翔永豐9A購01  ,0,0,0,0,0,0,0,0,0,-180000,0,0,0,52000,232000,-180000,-180000
057195,南茂元大98購01  ,0,0,0,0,0,0,0,0,0,-180000,0,0,0,10000,190000,-180000,-180000
062214,金寶統一01購01  ,0,0,0,0,0,0,0,0,0,-181000,0,0,0,153000,334000,-181000,-181000
062564,矽創凱基9B購01  ,0,0,0,0,0,0,0,0,0,-181000,0,0,0,100000,281000,-181000,-181000
062020,智伸科永豐9B購01,0,0,0,0,0,0,0,0,0,-181000,0,0,0,282000,463000,-181000,-181000
058468,聯茂中信99購02  ,0,0,0,0,0,0,0,0,0,-181000,0,0,0,10000,191000,-181000,-181000
059510,華新科永豐99購07,0,0,0,0,0,0,0,0,0,-181000,0,0,0,0,181000,-181000,-181000
058766,力山兆豐99購01  ,0,0,0,0,0,0,0,0,0,-181000,0,0,0,32000,213000,-181000,-181000
07105P,大毅元富99售02  ,0,0,0,0,0,0,0,0,0,-182000,0,0,0,60000,242000,-182000,-182000
053033,智易兆豐97購01  ,0,0,0,0,0,0,0,0,0,-183000,0,0,0,15000,198000,-183000,-183000
060467,神基元大9A購01  ,0,0,0,0,0,0,0,0,0,-183000,0,0,0,77000,260000,-183000,-183000
060238,強茂元大9C購01  ,0,0,0,0,0,0,0,0,0,-183000,0,0,0,104000,287000,-183000,-183000
08004P,大毅永豐9B售02  ,0,0,0,0,0,0,0,0,0,-183000,0,0,0,60000,243000,-183000,-183000
061900,志超永豐9B購01  ,0,0,0,0,0,0,0,0,0,-184000,0,0,0,243000,427000,-184000,-184000
061708,同欣電國票9A購02,0,0,0,0,0,0,0,0,0,-184000,0,0,0,0,184000,-184000,-184000
061569,旺宏元大9A購14  ,0,0,0,0,0,0,0,0,0,-184000,0,0,0,0,184000,-184000,-184000
061036,晶技永豐9A購03  ,0,0,0,0,0,0,0,0,0,-184000,0,0,0,2000,186000,-184000,-184000
00753L,中信中國50正2   ,0,0,0,0,0,0,0,0,0,-184000,0,0,0,451000,635000,-184000,-184000
060500,鴻海元大9A購12  ,0,0,0,0,0,0,0,0,0,-184000,0,0,0,10000,194000,-184000,-184000
057580,玉山金中信9A購01,0,0,0,0,0,0,0,0,0,-185000,0,0,0,0,185000,-185000,-185000
062448,健策元大9C購04  ,0,0,0,0,0,0,0,0,0,-186000,0,0,0,200000,386000,-186000,-186000
055527,旺宏群益99購03  ,0,0,0,0,0,0,0,0,0,-186000,0,0,0,0,186000,-186000,-186000
058733,同欣電永豐99購02,0,0,0,0,0,0,0,0,0,-186000,0,0,0,50000,236000,-186000,-186000
057718,旺宏元富02購02  ,0,0,0,0,0,0,0,0,0,-186000,0,0,0,0,186000,-186000,-186000
08152P,祥碩統一9B售02  ,0,0,0,0,0,0,0,0,0,-187000,0,0,0,0,187000,-187000,-187000
07089P,臺指2X中信01售01,0,0,0,0,0,0,0,0,0,-187000,0,0,0,1000,188000,-187000,-187000
062091,世紀鋼元大9B購01,0,0,0,0,0,0,0,0,0,-188000,0,0,0,67000,255000,-188000,-188000
9914,美利達          ,363000,404000,-41000,0,0,0,150000,293000,-143000,-4000,11000,16000,-5000,1000,0,1000,-188000
058568,宏達電凱基9A購02,0,0,0,0,0,0,0,0,0,-189000,0,0,0,3000,192000,-189000,-189000
062051,上銀統一9C購02  ,0,0,0,0,0,0,0,0,0,-190000,0,0,0,172000,362000,-190000,-190000
062820,禾伸堂兆豐9B購01,0,0,0,0,0,0,0,0,0,-190000,0,0,0,123000,313000,-190000,-190000
062982,同欣電元富9B購01,0,0,0,0,0,0,0,0,0,-190000,0,0,0,70000,260000,-190000,-190000
056409,麗豐國票99購01  ,0,0,0,0,0,0,0,0,0,-190000,0,0,0,48000,238000,-190000,-190000
058457,創意永豐99購01  ,0,0,0,0,0,0,0,0,0,-190000,0,0,0,41000,231000,-190000,-190000
07588P,滬深2X國票9C售01,0,0,0,0,0,0,0,0,0,-190000,0,0,0,0,190000,-190000,-190000
06654P,欣興元大98售08  ,0,0,0,0,0,0,0,0,0,-190000,0,0,0,0,190000,-190000,-190000
056684,旺宏統一98購02  ,0,0,0,0,0,0,0,0,0,-192000,0,0,0,0,192000,-192000,-192000
4119,旭富            ,273000,382000,-109000,0,0,0,0,70000,-70000,-13000,0,0,0,6000,19000,-13000,-192000
061978,旺宏元大9C購01  ,0,0,0,0,0,0,0,0,0,-193000,0,0,0,31000,224000,-193000,-193000
06188P,大立光元富97售01,0,0,0,0,0,0,0,0,0,-193000,0,0,0,0,193000,-193000,-193000
061624,中租群益9A購01  ,0,0,0,0,0,0,0,0,0,-193000,0,0,0,46000,239000,-193000,-193000
056191,世紀鋼統一97購01,0,0,0,0,0,0,0,0,0,-193000,0,0,0,8000,201000,-193000,-193000
053117,大立光中信9A購02,0,0,0,0,0,0,0,0,0,-194000,0,0,0,6000,200000,-194000,-194000
058838,國巨中信99購03  ,0,0,0,0,0,0,0,0,0,-194000,0,0,0,101000,295000,-194000,-194000
057579,長榮航中信9A購01,0,0,0,0,0,0,0,0,0,-194000,0,0,0,84000,278000,-194000,-194000
8110,華東            ,475000,618000,-143000,0,0,0,0,0,0,-51000,2000,53000,-51000,0,0,0,-194000
062854,日電貿永豐9B購01,0,0,0,0,0,0,0,0,0,-195000,0,0,0,0,195000,-195000,-195000
062729,神達凱基9B購02  ,0,0,0,0,0,0,0,0,0,-195000,0,0,0,30000,225000,-195000,-195000
07951P,智邦元大9B售05  ,0,0,0,0,0,0,0,0,0,-196000,0,0,0,64000,260000,-196000,-196000
062682,全新統一9B購01  ,0,0,0,0,0,0,0,0,0,-197000,0,0,0,0,197000,-197000,-197000
00709,富邦歐洲        ,0,0,0,0,0,0,0,0,0,-197000,0,0,0,110000,307000,-197000,-197000
060154,堤維西永豐9A購01,0,0,0,0,0,0,0,0,0,-197000,0,0,0,0,197000,-197000,-197000
063037,聯發科凱基9C購02,0,0,0,0,0,0,0,0,0,-198000,0,0,0,10000,208000,-198000,-198000
060763,聯鈞元大9A購03  ,0,0,0,0,0,0,0,0,0,-198000,0,0,0,59000,257000,-198000,-198000
03443B,臺股指凱基9A熊27,0,80000,-80000,0,0,0,0,0,0,-118000,0,0,0,1130000,1248000,-118000,-198000
055338,GIS兆豐97購01   ,0,0,0,0,0,0,0,0,0,-198000,0,0,0,306000,504000,-198000,-198000
055127,台虹兆豐97購01  ,0,0,0,0,0,0,0,0,0,-198000,0,0,0,160000,358000,-198000,-198000
058928,國巨統一9C購01  ,0,0,0,0,0,0,0,0,0,-198000,0,0,0,20000,218000,-198000,-198000
1201,味全            ,67000,261000,-194000,0,0,0,0,0,0,-4000,0,0,0,0,4000,-4000,-198000
07218P,臺股指凱基99售31,0,0,0,0,0,0,0,0,0,-198000,0,0,0,0,198000,-198000,-198000
054154,智易國泰97購01  ,0,0,0,0,0,0,0,0,0,-199000,0,0,0,0,199000,-199000,-199000
058025,聯茂國泰99購01  ,0,0,0,0,0,0,0,0,0,-199000,0,0,0,0,199000,-199000,-199000
061634,遠東新元大9A購01,0,0,0,0,0,0,0,0,0,-200000,0,0,0,167000,367000,-200000,-200000
061865,力山元大9B購01  ,0,0,0,0,0,0,0,0,0,-200000,0,0,0,146000,346000,-200000,-200000
063476,台表科元大9C購03,0,0,0,0,0,0,0,0,0,-200000,0,0,0,20000,220000,-200000,-200000
063438,聚陽統一9C購01  ,0,0,0,0,0,0,0,0,0,-200000,0,0,0,0,200000,-200000,-200000
062436,國巨元大9B購14  ,0,0,0,0,0,0,0,0,0,-200000,0,0,0,0,200000,-200000,-200000
03604P,群創凱基98售05  ,0,0,0,0,0,0,0,0,0,-200000,0,0,0,0,200000,-200000,-200000
047673,瑞昱元富96購01  ,0,0,0,0,0,0,0,0,0,-200000,0,0,0,0,200000,-200000,-200000
054792,揚明光群益97購01,0,0,0,0,0,0,0,0,0,-200000,0,0,0,0,200000,-200000,-200000
056098,矽創元富97購02  ,0,0,0,0,0,0,0,0,0,-200000,0,0,0,0,200000,-200000,-200000
056478,晶技元大99購01  ,0,0,0,0,0,0,0,0,0,-200000,0,0,0,0,200000,-200000,-200000
058754,元油2X群益99購02,0,0,0,0,0,0,0,0,0,-200000,0,0,0,0,200000,-200000,-200000
06657P,寶成元大98售01  ,0,0,0,0,0,0,0,0,0,-200000,0,0,0,163000,363000,-200000,-200000
08140P,祥碩元大9B售07  ,0,0,0,0,0,0,0,0,0,-200000,0,0,0,0,200000,-200000,-200000
07740P,臺股指永豐9A售01,0,0,0,0,0,0,0,0,0,-200000,0,0,0,3000,203000,-200000,-200000
062163,大毅國泰01購01  ,0,0,0,0,0,0,0,0,0,-201000,0,0,0,89000,290000,-201000,-201000
059355,國巨富邦9B購03  ,0,0,0,0,0,0,0,0,0,-201000,0,0,0,0,201000,-201000,-201000
063292,致新元大9B購02  ,0,0,0,0,0,0,0,0,0,-202000,0,0,0,21000,223000,-202000,-202000
055417,健策富邦98購02  ,0,0,0,0,0,0,0,0,0,-202000,0,0,0,135000,337000,-202000,-202000
056845,揚明光元富98購01,0,0,0,0,0,0,0,0,0,-202000,0,0,0,158000,360000,-202000,-202000
06844P,智邦元大98售13  ,0,0,0,0,0,0,0,0,0,-202000,0,0,0,0,202000,-202000,-202000
07963P,智邦統一9B售01  ,0,0,0,0,0,0,0,0,0,-204000,0,0,0,28000,232000,-204000,-204000
061989,晶技元大9B購04  ,0,0,0,0,0,0,0,0,0,-205000,0,0,0,35000,240000,-205000,-205000
03857P,聯發科元富99售02,0,0,0,0,0,0,0,0,0,-205000,0,0,0,0,205000,-205000,-205000
049700,瀚宇博元大97購01,0,0,0,0,0,0,0,0,0,-206000,0,0,0,152000,358000,-206000,-206000
053502,智伸科兆豐97購01,0,0,0,0,0,0,0,0,0,-206000,0,0,0,77000,283000,-206000,-206000
06853P,華擎元富98售03  ,0,0,0,0,0,0,0,0,0,-206000,0,0,0,233000,439000,-206000,-206000
8011,台通            ,211000,417000,-206000,0,0,0,0,0,0,0,0,0,0,0,0,0,-206000
061508,南六國泰9C購02  ,0,0,0,0,0,0,0,0,0,-207000,0,0,0,110000,317000,-207000,-207000
061840,長榮航凱基9C購01,0,0,0,0,0,0,0,0,0,-208000,0,0,0,39000,247000,-208000,-208000
07080P,健策群益9A售01  ,0,0,0,0,0,0,0,0,0,-208000,0,0,0,0,208000,-208000,-208000
6153,嘉聯益          ,370000,558410,-188410,0,0,0,0,0,0,-20000,44000,20000,24000,7000,51000,-44000,-208410
055025,華新科國泰98購02,0,0,0,0,0,0,0,0,0,-209000,0,0,0,0,209000,-209000,-209000
4536,拓凱            ,128000,139000,-11000,0,0,0,0,207000,-207000,9000,0,0,0,10000,1000,9000,-209000
061319,聯發科凱基9A購16,0,0,0,0,0,0,0,0,0,-210000,0,0,0,0,210000,-210000,-210000
08160P,茂林元富9B售03  ,0,0,0,0,0,0,0,0,0,-210000,0,0,0,0,210000,-210000,-210000
061659,信邦永豐9A購01  ,0,0,0,0,0,0,0,0,0,-211000,0,0,0,146000,357000,-211000,-211000
062786,立積元大9C購03  ,0,0,0,0,0,0,0,0,0,-211000,0,0,0,0,211000,-211000,-211000
058100,聯茂國泰99購02  ,0,0,0,0,0,0,0,0,0,-211000,0,0,0,40000,251000,-211000,-211000
059183,T50反1台新03購02,0,0,0,0,0,0,0,0,0,-212000,0,0,0,20000,232000,-212000,-212000
057055,立積元大99購01  ,0,0,0,0,0,0,0,0,0,-212000,0,0,0,71000,283000,-212000,-212000
056842,全新元富98購01  ,0,0,0,0,0,0,0,0,0,-212000,0,0,0,0,212000,-212000,-212000
1227,佳格            ,194334,380000,-185666,0,0,0,0,31000,-31000,4000,1000,0,1000,3000,0,3000,-212666
061844,T50反1國票9C購02,0,0,0,0,0,0,0,0,0,-213000,0,0,0,102000,315000,-213000,-213000
056567,瀚宇博群益98購02,0,0,0,0,0,0,0,0,0,-213000,0,0,0,4000,217000,-213000,-213000
057347,國巨統一9A購03  ,0,0,0,0,0,0,0,0,0,-213000,0,0,0,222000,435000,-213000,-213000
061170,南茂兆豐9B購01  ,0,0,0,0,0,0,0,0,0,-214000,0,0,0,81000,295000,-214000,-214000
062717,華邦電凱基9C購01,0,0,0,0,0,0,0,0,0,-214000,0,0,0,70000,284000,-214000,-214000
054292,欣興元大96購06  ,0,0,0,0,0,0,0,0,0,-214000,0,0,0,0,214000,-214000,-214000
07500P,微星元大9A售01  ,0,0,0,0,0,0,0,0,0,-214000,0,0,0,45000,259000,-214000,-214000
061347,創意元大9A購02  ,0,0,0,0,0,0,0,0,0,-215000,0,0,0,40000,255000,-215000,-215000
055496,高鐵元大97購02  ,0,0,0,0,0,0,0,0,0,-216000,0,0,0,150000,366000,-216000,-216000
063444,金像電統一03購01,0,0,0,0,0,0,0,0,0,-217000,0,0,0,0,217000,-217000,-217000
063111,TPK兆豐9B購01   ,0,0,0,0,0,0,0,0,0,-217000,0,0,0,85000,302000,-217000,-217000
062142,喬山國票9B購01  ,0,0,0,0,0,0,0,0,0,-218000,0,0,0,53000,271000,-218000,-218000
06246P,茂林元富97售03  ,0,0,0,0,0,0,0,0,0,-218000,0,0,0,198000,416000,-218000,-218000
053932,華新科統一96購03,0,0,0,0,0,0,0,0,0,-218000,0,0,0,0,218000,-218000,-218000
054517,高鐵元大96購01  ,0,0,0,0,0,0,0,0,0,-218000,0,0,0,225000,443000,-218000,-218000
07889P,旭富國票9B售01  ,0,0,0,0,0,0,0,0,0,-218000,0,0,0,170000,388000,-218000,-218000
055805,矽力永豐97購01  ,0,0,0,0,0,0,0,0,0,-219000,0,0,0,4000,223000,-219000,-219000
060159,健和興永豐9A購01,0,0,0,0,0,0,0,0,0,-219000,0,0,0,12000,231000,-219000,-219000
08161P,台表科元富9B售02,0,0,0,0,0,0,0,0,0,-219000,0,0,0,0,219000,-219000,-219000
06971P,台光電元大99售03,0,0,0,0,0,0,0,0,0,-219000,0,0,0,1000,220000,-219000,-219000
061613,南六統一9C購01  ,0,0,0,0,0,0,0,0,0,-220000,0,0,0,80000,300000,-220000,-220000
051979,群創凱基97購01  ,0,0,0,0,0,0,0,0,0,-220000,0,0,0,0,220000,-220000,-220000
059695,聯鈞永豐99購02  ,0,0,0,0,0,0,0,0,0,-220000,0,0,0,0,220000,-220000,-220000
058803,世紀鋼元大99購03,0,0,0,0,0,0,0,0,0,-220000,0,0,0,64000,284000,-220000,-220000
057626,技嘉富邦9A購01  ,0,0,0,0,0,0,0,0,0,-220000,0,0,0,51000,271000,-220000,-220000
057395,旺宏中信98購03  ,0,0,0,0,0,0,0,0,0,-220000,0,0,0,0,220000,-220000,-220000
07452P,國巨元大9A售05  ,0,0,0,0,0,0,0,0,0,-220000,0,0,0,144000,364000,-220000,-220000
07421P,國泰金元大99售01,0,0,0,0,0,0,0,0,0,-220000,0,0,0,0,220000,-220000,-220000
2841,台開            ,1024000,355000,669000,0,0,0,0,0,0,-889000,1000,890000,-889000,0,0,0,-220000
062350,台表科群益9B購01,0,0,0,0,0,0,0,0,0,-221000,0,0,0,417000,638000,-221000,-221000
059452,全新永豐99購03  ,0,0,0,0,0,0,0,0,0,-221000,0,0,0,30000,251000,-221000,-221000
063402,GIS群益9B購02   ,0,0,0,0,0,0,0,0,0,-222000,0,0,0,0,222000,-222000,-222000
054894,GIS統一97購01   ,0,0,0,0,0,0,0,0,0,-222000,0,0,0,264000,486000,-222000,-222000
2820,華票            ,111000,333000,-222000,0,0,0,0,0,0,0,0,0,0,0,0,0,-222000
06801P,技嘉群益99售02  ,0,0,0,0,0,0,0,0,0,-223000,0,0,0,15000,238000,-223000,-223000
07983P,茂林群益9B售03  ,0,0,0,0,0,0,0,0,0,-223000,0,0,0,0,223000,-223000,-223000
061697,世紀鋼群益9A購03,0,0,0,0,0,0,0,0,0,-225000,0,0,0,0,225000,-225000,-225000
05207P,高股息中信97售03,0,0,0,0,0,0,0,0,0,-225000,0,0,0,0,225000,-225000,-225000
060777,茂林凱基9C購01  ,0,0,0,0,0,0,0,0,0,-226000,0,0,0,75000,301000,-226000,-226000
061293,聯茂統一9A購01  ,0,0,0,0,0,0,0,0,0,-227000,0,0,0,15000,242000,-227000,-227000
060962,義隆凱基9B購01  ,0,0,0,0,0,0,0,0,0,-228000,0,0,0,106000,334000,-228000,-228000
062596,緯穎統一01購02  ,0,0,0,0,0,0,0,0,0,-228000,0,0,0,5000,233000,-228000,-228000
057032,A50反1元大9B購01,0,0,0,0,0,0,0,0,0,-228000,0,0,0,5000,233000,-228000,-228000
059841,國巨富邦9C購01  ,0,0,0,0,0,0,0,0,0,-229000,0,0,0,41000,270000,-229000,-229000
061377,聯發科永豐9A購04,0,0,0,0,0,0,0,0,0,-230000,0,0,0,0,230000,-230000,-230000
056926,日月光兆豐98購01,0,0,0,0,0,0,0,0,0,-230000,0,0,0,0,230000,-230000,-230000
057575,世紀鋼永豐98購02,0,0,0,0,0,0,0,0,0,-231000,0,0,0,131000,362000,-231000,-231000
057202,TPK元富98購02   ,0,0,0,0,0,0,0,0,0,-231000,0,0,0,8000,239000,-231000,-231000
060157,致茂永豐9A購02  ,0,0,0,0,0,0,0,0,0,-232000,0,0,0,63000,295000,-232000,-232000
3044,健鼎            ,109000,513800,-404800,0,0,0,159000,0,159000,13000,55000,19000,36000,12000,35000,-23000,-232800
062969,旺宏元富9B購01  ,0,0,0,0,0,0,0,0,0,-235000,0,0,0,0,235000,-235000,-235000
062950,貿聯富邦01購01  ,0,0,0,0,0,0,0,0,0,-235000,0,0,0,392000,627000,-235000,-235000
3588,通嘉            ,428000,663000,-235000,0,0,0,0,0,0,0,1000,1000,0,0,0,0,-235000
06416P,大立光群益97售06,0,0,0,0,0,0,0,0,0,-236000,0,0,0,0,236000,-236000,-236000
053593,晶技元大98購01  ,0,0,0,0,0,0,0,0,0,-236000,0,0,0,113000,349000,-236000,-236000
057787,TPK國票99購01   ,0,0,0,0,0,0,0,0,0,-236000,0,0,0,10000,246000,-236000,-236000
060401,世紀鋼國票9B購01,0,0,0,0,0,0,0,0,0,-236000,0,0,0,218000,454000,-236000,-236000
07597P,臺股指中信01售02,0,0,0,0,0,0,0,0,0,-237000,0,0,0,1097000,1334000,-237000,-237000
07418P,聯發科元大99售45,0,0,0,0,0,0,0,0,0,-238000,0,0,0,0,238000,-238000,-238000
056769,國產元大98購01  ,0,0,0,0,0,0,0,0,0,-239000,0,0,0,150000,389000,-239000,-239000
057507,貿聯國票98購02  ,0,0,0,0,0,0,0,0,0,-239000,0,0,0,80000,319000,-239000,-239000
061617,微星群益9A購02  ,0,0,0,0,0,0,0,0,0,-240000,0,0,0,64000,304000,-240000,-240000
061797,聯發科永豐9B購01,0,0,0,0,0,0,0,0,0,-240000,0,0,0,0,240000,-240000,-240000
057903,聯鈞永豐99購01  ,0,0,0,0,0,0,0,0,0,-240000,0,0,0,0,240000,-240000,-240000
057798,貿聯兆豐99購01  ,0,0,0,0,0,0,0,0,0,-240000,0,0,0,104000,344000,-240000,-240000
06503P,臺股指中信9A售02,0,0,0,0,0,0,0,0,0,-240000,0,0,0,7000,247000,-240000,-240000
062591,新日興統一9C購01,0,0,0,0,0,0,0,0,0,-241000,0,0,0,0,241000,-241000,-241000
054307,高鐵凱基98購01  ,0,0,0,0,0,0,0,0,0,-241000,0,0,0,34000,275000,-241000,-241000
052167,亞泥元大96購01  ,0,0,0,0,0,0,0,0,0,-241000,0,0,0,0,241000,-241000,-241000
2534,宏盛            ,76360,318000,-241640,0,0,0,0,0,0,0,0,0,0,0,0,0,-241640
052104,英業達兆豐96購01,0,0,0,0,0,0,0,0,0,-242000,0,0,0,63000,305000,-242000,-242000
062984,致新元富9B購01  ,0,0,0,0,0,0,0,0,0,-243000,0,0,0,338000,581000,-243000,-243000
056673,中石化元富9B購01,0,0,0,0,0,0,0,0,0,-243000,0,0,0,92000,335000,-243000,-243000
057207,立積元富98購02  ,0,0,0,0,0,0,0,0,0,-243000,0,0,0,65000,308000,-243000,-243000
054169,上緯控凱基98購01,0,0,0,0,0,0,0,0,0,-244000,0,0,0,17000,261000,-244000,-244000
058909,神達元大99購03  ,0,0,0,0,0,0,0,0,0,-244000,0,0,0,151000,395000,-244000,-244000
6591,動力-KY         ,102000,350000,-248000,0,0,0,0,0,0,4000,4000,0,4000,0,0,0,-244000
062906,全新元大9B購03  ,0,0,0,0,0,0,0,0,0,-246000,0,0,0,36000,282000,-246000,-246000
061651,世紀鋼元大9C購02,0,0,0,0,0,0,0,0,0,-246000,0,0,0,5000,251000,-246000,-246000
051544,T50反1康和98購01,0,0,0,0,0,0,0,0,0,-246000,0,0,0,0,246000,-246000,-246000
2903,遠百            ,108000,322000,-214000,0,0,0,0,0,0,-32000,0,37000,-37000,5000,0,5000,-246000
062435,國巨元大9B購13  ,0,0,0,0,0,0,0,0,0,-247000,0,0,0,0,247000,-247000,-247000
062039,聯發科凱基9B購07,0,0,0,0,0,0,0,0,0,-248000,0,0,0,33000,281000,-248000,-248000
061817,高鐵群益9B購01  ,0,0,0,0,0,0,0,0,0,-249000,0,0,0,81000,330000,-249000,-249000
054725,國巨日盛97購01  ,0,0,0,0,0,0,0,0,0,-249000,0,0,0,2135000,2384000,-249000,-249000
059570,全新凱基99購04  ,0,0,0,0,0,0,0,0,0,-249000,0,0,0,0,249000,-249000,-249000
062246,力山元大9B購02  ,0,0,0,0,0,0,0,0,0,-250000,0,0,0,50000,300000,-250000,-250000
058970,鴻海永豐99購02  ,0,0,0,0,0,0,0,0,0,-250000,0,0,0,1000,251000,-250000,-250000
057252,牧德元富98購01  ,0,0,0,0,0,0,0,0,0,-250000,0,0,0,0,250000,-250000,-250000
06619P,聯發科元大98售06,0,0,0,0,0,0,0,0,0,-250000,0,0,0,386000,636000,-250000,-250000
055142,健策永豐98購01  ,0,0,0,0,0,0,0,0,0,-251000,0,0,0,143000,394000,-251000,-251000
055265,玉晶光永豐98購03,0,0,0,0,0,0,0,0,0,-252000,0,0,0,0,252000,-252000,-252000
057705,臺股指群益98購05,0,0,0,0,0,0,0,0,0,-252000,0,0,0,154000,406000,-252000,-252000
020016,統一MSCI美科技N ,0,0,0,0,0,0,0,0,0,-253000,0,0,0,47000,300000,-253000,-253000
052468,超眾統一96購02  ,0,0,0,0,0,0,0,0,0,-253000,0,0,0,334000,587000,-253000,-253000
061544,大毅群益9B購02  ,0,0,0,0,0,0,0,0,0,-254000,0,0,0,0,254000,-254000,-254000
060169,群電永豐9A購01  ,0,0,0,0,0,0,0,0,0,-254000,0,0,0,72000,326000,-254000,-254000
060630,國巨富邦9C購03  ,0,0,0,0,0,0,0,0,0,-254000,0,0,0,20000,274000,-254000,-254000
061466,創意群益9A購01  ,0,0,0,0,0,0,0,0,0,-255000,0,0,0,15000,270000,-255000,-255000
063147,東元元富9B購01  ,0,0,0,0,0,0,0,0,0,-255000,0,0,0,82000,337000,-255000,-255000
060414,中興電永豐9A購01,0,0,0,0,0,0,0,0,0,-255000,0,0,0,5000,260000,-255000,-255000
057888,貿聯群益98購02  ,0,0,0,0,0,0,0,0,0,-256000,0,0,0,10000,266000,-256000,-256000
057605,旺宏統一99購03  ,0,0,0,0,0,0,0,0,0,-256000,0,0,0,20000,276000,-256000,-256000
07170P,臺股指國票99售07,0,0,0,0,0,0,0,0,0,-256000,0,0,0,186000,442000,-256000,-256000
2401,凌陽            ,733000,1143000,-410000,0,0,0,0,0,0,154000,177000,23000,154000,0,0,0,-256000
056463,台虹凱基98購02  ,0,0,0,0,0,0,0,0,0,-258000,0,0,0,202000,460000,-258000,-258000
058721,立積元富9C購01  ,0,0,0,0,0,0,0,0,0,-258000,0,0,0,136000,394000,-258000,-258000
058908,貿聯元大99購03  ,0,0,0,0,0,0,0,0,0,-261000,0,0,0,77000,338000,-261000,-261000
062709,帆宣元大9B購01  ,0,0,0,0,0,0,0,0,0,-263000,0,0,0,369000,632000,-263000,-263000
054130,漢唐元大97購02  ,0,0,0,0,0,0,0,0,0,-263000,0,0,0,127000,390000,-263000,-263000
060420,神基永豐9A購01  ,0,0,0,0,0,0,0,0,0,-263000,0,0,0,12000,275000,-263000,-263000
056657,華邦電元大99購01,0,0,0,0,0,0,0,0,0,-264000,0,0,0,111000,375000,-264000,-264000
062835,瑞儀群益9B購01  ,0,0,0,0,0,0,0,0,0,-265000,0,0,0,101000,366000,-265000,-265000
060485,華新科富邦9C購04,0,0,0,0,0,0,0,0,0,-266000,0,0,0,0,266000,-266000,-266000
057196,茂林台新98購01  ,0,0,0,0,0,0,0,0,0,-266000,0,0,0,0,266000,-266000,-266000
061768,晶技元大9B購02  ,0,0,0,0,0,0,0,0,0,-270000,0,0,0,0,270000,-270000,-270000
05730P,臺股指凱基97售03,0,0,0,0,0,0,0,0,0,-270000,0,0,0,20000,290000,-270000,-270000
6230,超眾            ,241000,436000,-195000,0,0,0,0,0,0,-75000,0,0,0,75000,150000,-75000,-270000
061589,世紀鋼富邦9B購01,0,0,0,0,0,0,0,0,0,-271000,0,0,0,42000,313000,-271000,-271000
057727,華邦電國泰9A購01,0,0,0,0,0,0,0,0,0,-271000,0,0,0,450000,721000,-271000,-271000
054098,嘉晶國票97購04  ,0,0,0,0,0,0,0,0,0,-272000,0,0,0,0,272000,-272000,-272000
060937,T50反1國票9A購10,0,0,0,0,0,0,0,0,0,-275000,0,0,0,20000,295000,-275000,-275000
058246,帆宣元大99購01  ,0,0,0,0,0,0,0,0,0,-275000,0,0,0,415000,690000,-275000,-275000
061662,瑞儀永豐9A購02  ,0,0,0,0,0,0,0,0,0,-276000,0,0,0,13000,289000,-276000,-276000
06667P,鴻海凱基98售11  ,0,0,0,0,0,0,0,0,0,-276000,0,0,0,0,276000,-276000,-276000
056091,百和統一97購01  ,0,0,0,0,0,0,0,0,0,-277000,0,0,0,83000,360000,-277000,-277000
5876,上海商銀        ,2205403,2456431,-251028,0,0,0,0,0,0,-29000,2000,1000,1000,4000,34000,-30000,-280028
060130,瀚宇博永豐99購02,0,0,0,0,0,0,0,0,0,-281000,0,0,0,0,281000,-281000,-281000
06661P,玉晶光永豐98售05,0,0,0,0,0,0,0,0,0,-281000,0,0,0,22000,303000,-281000,-281000
058514,潤泰全元大99購01,0,0,0,0,0,0,0,0,0,-282000,0,0,0,452000,734000,-282000,-282000
07535P,上銀元富9A售03  ,0,0,0,0,0,0,0,0,0,-283000,0,0,0,50000,333000,-283000,-283000
060284,南港元大01購01  ,0,0,0,0,0,0,0,0,0,-285000,0,0,0,295000,580000,-285000,-285000
4564,元翎            ,49000,334000,-285000,0,0,0,0,0,0,0,0,0,0,0,0,0,-285000
08014P,微星凱基9B售02  ,0,0,0,0,0,0,0,0,0,-286000,0,0,0,30000,316000,-286000,-286000
063133,喬山統一01購01  ,0,0,0,0,0,0,0,0,0,-287000,0,0,0,638000,925000,-287000,-287000
062852,聯發科永豐9B購02,0,0,0,0,0,0,0,0,0,-288000,0,0,0,50000,338000,-288000,-288000
062496,矽創中信9B購01  ,0,0,0,0,0,0,0,0,0,-288000,0,0,0,78000,366000,-288000,-288000
050171,臺指反元大97購03,0,0,0,0,0,0,0,0,0,-289000,0,0,0,11000,300000,-289000,-289000
063065,聯發科麥證9C購01,0,0,0,0,290000,-290000,0,0,0,-290000,0,0,0,0,290000,-290000,-290000
058930,華新科統一9B購01,0,0,0,0,0,0,0,0,0,-290000,0,0,0,85000,375000,-290000,-290000
05628P,茂林國票97售02  ,0,0,0,0,0,0,0,0,0,-290000,0,0,0,10000,300000,-290000,-290000
055622,群創國泰99購01  ,0,0,0,0,0,0,0,0,0,-290000,0,0,0,0,290000,-290000,-290000
057989,旺宏統一99購04  ,0,0,0,0,0,0,0,0,0,-290000,0,0,0,200000,490000,-290000,-290000
056572,義隆元大99購01  ,0,0,0,0,0,0,0,0,0,-291000,0,0,0,366000,657000,-291000,-291000
060562,旺宏富邦9C購02  ,0,0,0,0,0,0,0,0,0,-293000,0,0,0,37000,330000,-293000,-293000
060030,晶相光永豐99購03,0,0,0,0,0,0,0,0,0,-293000,0,0,0,9000,302000,-293000,-293000
062809,同欣電統一9C購01,0,0,0,0,0,0,0,0,0,-295000,0,0,0,62000,357000,-295000,-295000
062035,瑞祺群益9B購01  ,0,0,0,0,0,0,0,0,0,-295000,0,0,0,295000,590000,-295000,-295000
060908,金像電元大9A購03,0,0,0,0,0,0,0,0,0,-295000,0,0,0,233000,528000,-295000,-295000
03840P,台積電統一99售02,0,0,0,0,0,0,0,0,0,-295000,0,0,0,0,295000,-295000,-295000
03681C,台灣50凱基02牛02,0,0,0,0,0,0,0,0,0,-295000,0,0,0,0,295000,-295000,-295000
060239,國揚元大9C購01  ,0,0,0,0,0,0,0,0,0,-295000,0,0,0,20000,315000,-295000,-295000
063055,創意統一9B購02  ,2000,0,2000,0,0,0,0,0,0,-298000,0,0,0,74000,372000,-298000,-296000
060242,潤泰全元大9C購01,0,0,0,0,0,0,0,0,0,-297000,0,0,0,100000,397000,-297000,-297000
056937,智原元富98購01  ,0,0,0,0,0,0,0,0,0,-298000,0,0,0,49000,347000,-298000,-298000
061658,聯茂富邦9A購03  ,0,0,0,0,0,0,0,0,0,-299000,0,0,0,0,299000,-299000,-299000
07591P,台灣50元大9A售16,0,0,0,0,0,0,0,0,0,-299000,0,0,0,0,299000,-299000,-299000
07592P,台灣50元大9A售17,0,0,0,0,0,0,0,0,0,-299000,0,0,0,0,299000,-299000,-299000
06604P,聯發科元富02售02,0,0,0,0,0,0,0,0,0,-299000,0,0,0,220000,519000,-299000,-299000
060721,瑞儀永豐9A購01  ,0,0,0,0,0,0,0,0,0,-300000,0,0,0,98000,398000,-300000,-300000
056438,旺宏凱基98購05  ,0,0,0,0,0,0,0,0,0,-300000,0,0,0,30000,330000,-300000,-300000
056196,聯茂富邦98購02  ,0,0,0,0,0,0,0,0,0,-300000,0,0,0,20000,320000,-300000,-300000
056057,華邦電元大97購05,0,0,0,0,0,0,0,0,0,-300000,0,0,0,0,300000,-300000,-300000
060380,T50反1凱基9A購08,0,0,0,0,0,0,0,0,0,-300000,0,0,0,0,300000,-300000,-300000
07022P,嘉晶永豐99售02  ,0,0,0,0,0,0,0,0,0,-300000,0,0,0,0,300000,-300000,-300000
07478P,南電康和9A售02  ,0,0,0,0,0,0,0,0,0,-300000,0,0,0,3000,303000,-300000,-300000
052885,高鐵兆豐98購01  ,0,0,0,0,0,0,0,0,0,-302000,0,0,0,10000,312000,-302000,-302000
060631,微星富邦9B購01  ,0,20000,-20000,0,0,0,0,0,0,-282000,0,0,0,20000,302000,-282000,-302000
056849,瀚宇博元富98購01,0,0,0,0,0,0,0,0,0,-303000,0,0,0,60000,363000,-303000,-303000
056846,晶相光元富98購01,0,0,0,0,0,0,0,0,0,-304000,0,0,0,0,304000,-304000,-304000
058547,世紀鋼富邦9A購01,0,0,0,0,0,0,0,0,0,-304000,0,0,0,63000,367000,-304000,-304000
07649P,金像電永豐9A售02,0,0,0,0,0,0,0,0,0,-306000,0,0,0,365000,671000,-306000,-306000
054789,高鐵群益98購01  ,0,0,0,0,0,0,0,0,0,-309000,0,0,0,149000,458000,-309000,-309000
059560,T50反1凱基99購08,0,0,0,0,0,0,0,0,0,-310000,0,0,0,0,310000,-310000,-310000
2388,威盛            ,21000,331000,-310000,0,0,0,0,0,0,0,0,0,0,0,0,0,-310000
062463,世紀鋼麥證9B購01,0,0,0,0,311000,-311000,0,0,0,-311000,0,0,0,0,311000,-311000,-311000
055174,精元統一97購01  ,0,0,0,0,0,0,0,0,0,-311000,0,0,0,252000,563000,-311000,-311000
054017,茂林永豐96購02  ,0,0,0,0,0,0,0,0,0,-311000,0,0,0,0,311000,-311000,-311000
06593P,欣興元大98售05  ,0,0,0,0,0,0,0,0,0,-311000,0,0,0,0,311000,-311000,-311000
061640,智原元大9A購01  ,0,0,0,0,0,0,0,0,0,-312000,0,0,0,197000,509000,-312000,-312000
059851,晶相光永豐99購02,0,0,0,0,0,0,0,0,0,-312000,0,0,0,0,312000,-312000,-312000
062033,瀚宇博群益9B購01,0,0,0,0,0,0,0,0,0,-314000,0,0,0,7000,321000,-314000,-314000
062684,華新科統一01購02,0,0,0,0,0,0,0,0,0,-314000,0,0,0,0,314000,-314000,-314000
062924,世紀鋼元大9C購04,0,0,0,0,0,0,0,0,0,-314000,0,0,0,238000,552000,-314000,-314000
062277,廣達群益9B購01  ,0,0,0,0,0,0,0,0,0,-315000,0,0,0,53000,368000,-315000,-315000
2855,統一證          ,128000,443000,-315000,0,0,0,0,0,0,0,0,0,0,0,0,0,-315000
058363,全新凱基9A購02  ,0,0,0,0,0,0,0,0,0,-317000,0,0,0,25000,342000,-317000,-317000
2809,京城銀          ,537000,858000,-321000,0,0,0,0,0,0,4000,0,0,0,4000,0,4000,-317000
07647P,健策國票9A售04  ,0,0,0,0,0,0,0,0,0,-318000,0,0,0,100000,418000,-318000,-318000
062836,同欣電群益9B購02,0,0,0,0,0,0,0,0,0,-319000,0,0,0,102000,421000,-319000,-319000
058966,元油2X日盛99購03,0,0,0,0,0,0,0,0,0,-319000,0,0,0,0,319000,-319000,-319000
07214P,聯發科凱基9A售04,0,0,0,0,0,0,0,0,0,-319000,0,0,0,15000,334000,-319000,-319000
060776,世芯凱基9B購01  ,0,0,0,0,0,0,0,0,0,-320000,0,0,0,117000,437000,-320000,-320000
2606,裕民            ,343000,574000,-231000,0,0,0,0,0,0,-89000,0,2000,-2000,1000,88000,-87000,-320000
062462,GIS群益9B購01   ,0,0,0,0,0,0,0,0,0,-322000,0,0,0,180000,502000,-322000,-322000
062052,華通統一01購01  ,0,0,0,0,0,0,0,0,0,-323000,0,0,0,81000,404000,-323000,-323000
07032P,聯發科統一9C售02,0,0,0,0,0,0,0,0,0,-324000,0,0,0,12000,336000,-324000,-324000
054527,國巨統一97購03  ,0,0,0,0,0,0,0,0,0,-327000,0,0,0,4000,331000,-327000,-327000
2704,國賓            ,118000,445000,-327000,0,0,0,0,0,0,0,0,0,0,0,0,0,-327000
061306,瑞祺永豐9A購02  ,0,0,0,0,0,0,0,0,0,-329000,0,0,0,37000,366000,-329000,-329000
059397,T50反1元富99購05,0,0,0,0,0,0,0,0,0,-329000,0,0,0,21000,350000,-329000,-329000
00771,元大US高息特別股,0,0,0,0,0,0,0,0,0,-329475,0,0,0,136000,465475,-329475,-329475
057074,立積永豐98購01  ,0,0,0,0,0,0,0,0,0,-330000,0,0,0,0,330000,-330000,-330000
059307,T50反1元大99購06,0,0,0,0,0,0,0,0,0,-333000,0,0,0,70000,403000,-333000,-333000
00770,國泰北美科技    ,1000,0,1000,0,0,0,0,0,0,-335000,0,0,0,271000,606000,-335000,-334000
057062,立積國泰99購01  ,0,0,0,0,0,0,0,0,0,-337000,0,0,0,77000,414000,-337000,-337000
1409,新纖            ,737000,1074000,-337000,0,0,0,0,0,0,0,0,0,0,0,0,0,-337000
055976,台積電統一99購03,0,0,0,0,0,0,0,0,0,-338000,0,0,0,200000,538000,-338000,-338000
056381,台虹元富98購01  ,0,0,0,0,0,0,0,0,0,-339000,0,0,0,449000,788000,-339000,-339000
2349,錸德            ,1002000,1342000,-340000,0,0,0,0,0,0,0,0,0,0,0,0,0,-340000
063051,仁寶統一01購01  ,0,0,0,0,0,0,0,0,0,-342000,0,0,0,125000,467000,-342000,-342000
056044,同欣電凱基97購03,0,0,0,0,0,0,0,0,0,-342000,0,0,0,0,342000,-342000,-342000
057357,超眾統一98購01  ,0,0,0,0,0,0,0,0,0,-342000,0,0,0,165000,507000,-342000,-342000
061866,力山元大9C購01  ,0,0,0,0,0,0,0,0,0,-344000,0,0,0,10000,354000,-344000,-344000
053947,義隆富邦97購01  ,0,0,0,0,0,0,0,0,0,-344000,0,0,0,285000,629000,-344000,-344000
061642,創意元大9A購04  ,0,0,0,0,0,0,0,0,0,-345000,0,0,0,85000,430000,-345000,-345000
00680L,元大美債20正2   ,10000,0,10000,0,0,0,0,0,0,-357000,20000,0,20000,4000,381000,-377000,-347000
061886,力山國泰01購01  ,0,0,0,0,0,0,0,0,0,-348000,0,0,0,301000,649000,-348000,-348000
3545,敦泰            ,311000,660900,-349900,0,0,0,0,0,0,0,0,0,0,0,0,0,-349900
063358,華擎國泰01購01  ,0,0,0,0,0,0,0,0,0,-350000,0,0,0,0,350000,-350000,-350000
054834,帆宣中信97購01  ,0,0,0,0,0,0,0,0,0,-350000,0,0,0,0,350000,-350000,-350000
058525,台虹元大99購02  ,0,0,0,0,0,0,0,0,0,-350000,0,0,0,67000,417000,-350000,-350000
059239,台積電凱基99購12,0,0,0,0,0,0,0,0,0,-352000,0,0,0,20000,372000,-352000,-352000
060896,晶技凱基9A購02  ,0,0,0,0,0,0,0,0,0,-354000,0,0,0,156000,510000,-354000,-354000
06185P,台表科元大97售05,0,0,0,0,0,0,0,0,0,-357000,0,0,0,107000,464000,-357000,-357000
2390,云辰            ,234000,592000,-358000,0,0,0,0,0,0,0,0,0,0,0,0,0,-358000
058734,康友永豐99購01  ,0,0,0,0,0,0,0,0,0,-360000,0,0,0,0,360000,-360000,-360000
057457,華邦電富邦98購01,0,0,0,0,0,0,0,0,0,-362000,0,0,0,60000,422000,-362000,-362000
060034,立積永豐99購04  ,0,0,0,0,0,0,0,0,0,-362000,0,0,0,35000,397000,-362000,-362000
057720,日電貿元富98購01,0,0,0,0,0,0,0,0,0,-362000,0,0,0,0,362000,-362000,-362000
057532,智原元大98購03  ,0,0,0,0,0,0,0,0,0,-363000,0,0,0,127000,490000,-363000,-363000
03603P,群創凱基98售04  ,0,0,0,0,0,0,0,0,0,-366000,0,0,0,0,366000,-366000,-366000
2912,統一超          ,247116,580000,-332884,0,0,0,0,80000,-80000,46000,45000,0,45000,1000,0,1000,-366884
060785,國巨富邦9B購04  ,0,0,0,0,0,0,0,0,0,-367000,0,0,0,406000,773000,-367000,-367000
061159,同欣電群益9A購01,0,0,0,0,0,0,0,0,0,-371000,0,0,0,152000,523000,-371000,-371000
062049,亞德客統一01購01,0,0,0,0,0,0,0,0,0,-371000,0,0,0,359000,730000,-371000,-371000
063269,儒鴻兆豐9C購01  ,0,0,0,0,0,0,0,0,0,-371000,0,0,0,0,371000,-371000,-371000
062360,華邦電元大9B購01,0,0,0,0,0,0,0,0,0,-371000,0,0,0,498000,869000,-371000,-371000
054369,鴻海中信9C購01  ,0,0,0,0,0,0,0,0,0,-371000,0,0,0,0,371000,-371000,-371000
3557,嘉威            ,500000,1074000,-574000,0,0,0,203000,0,203000,0,2000,2000,0,0,0,0,-371000
05431P,台光電統一97售01,0,0,0,0,0,0,0,0,0,-372000,0,0,0,60000,432000,-372000,-372000
2231,為升            ,47000,418000,-371000,0,0,0,0,0,0,-2000,1000,0,1000,1000,4000,-3000,-373000
063013,技嘉元大9B購02  ,0,0,0,0,0,0,0,0,0,-374000,0,0,0,0,374000,-374000,-374000
058054,台積電統一9C購01,0,0,0,0,0,0,0,0,0,-376000,0,0,0,148000,524000,-376000,-376000
059358,旺宏永豐99購02  ,0,0,0,0,0,0,0,0,0,-377000,0,0,0,226000,603000,-377000,-377000
058327,大毅統一9B購01  ,0,0,0,0,0,0,0,0,0,-377000,0,0,0,37000,414000,-377000,-377000
062005,旺宏國泰01購01  ,0,0,0,0,0,0,0,0,0,-378000,0,0,0,0,378000,-378000,-378000
6120,達運            ,180000,558000,-378000,0,0,0,0,0,0,0,0,0,0,0,0,0,-378000
06662P,玉晶光中信9A售01,0,0,0,0,0,0,0,0,0,-379000,0,0,0,57000,436000,-379000,-379000
062036,致新群益9B購01  ,0,0,0,0,0,0,0,0,0,-380000,0,0,0,121000,501000,-380000,-380000
062947,國巨富邦01購01  ,0,0,0,0,0,0,0,0,0,-380000,0,0,0,25000,405000,-380000,-380000
062165,聯茂國泰01購01  ,0,0,0,0,0,0,0,0,0,-380000,0,0,0,259000,639000,-380000,-380000
053492,華邦電兆豐97購01,0,0,0,0,0,0,0,0,0,-380000,0,0,0,0,380000,-380000,-380000
057475,聯電元大9A購01  ,0,0,0,0,0,0,0,0,0,-380000,0,0,0,30000,410000,-380000,-380000
06529P,貿聯富邦99售03  ,0,0,0,0,0,0,0,0,0,-380000,0,0,0,120000,500000,-380000,-380000
062344,力山群益9B購02  ,0,0,0,0,0,0,0,0,0,-384000,0,0,0,59000,443000,-384000,-384000
059932,世紀鋼富邦9A購02,0,0,0,0,0,0,0,0,0,-384000,0,0,0,50000,434000,-384000,-384000
062921,GIS元大9B購01   ,0,0,0,0,0,0,0,0,0,-385000,0,0,0,384000,769000,-385000,-385000
062057,華邦電統一01購01,0,0,0,0,0,0,0,0,0,-386000,0,0,0,357000,743000,-386000,-386000
054795,合勤控群益98購01,0,0,0,0,0,0,0,0,0,-388000,0,0,0,30000,418000,-388000,-388000
053114,聯茂兆豐97購01  ,0,0,0,0,0,0,0,0,0,-389000,0,0,0,0,389000,-389000,-389000
00642U,元大S&P石油     ,30321,0,30321,0,0,0,0,0,0,-424000,0,0,0,250000,674000,-424000,-393679
058647,華新科永豐99購03,0,0,0,0,0,0,0,0,0,-394000,0,0,0,0,394000,-394000,-394000
1444,力麗            ,648000,1042000,-394000,0,0,0,0,0,0,0,0,0,0,0,0,0,-394000
058112,神達元富98購01  ,0,0,0,0,0,0,0,0,0,-400000,0,0,0,0,400000,-400000,-400000
061942,亞德客群益9B購01,0,0,0,0,0,0,0,0,0,-401000,0,0,0,84000,485000,-401000,-401000
062407,同欣電永豐9B購01,0,0,0,0,0,0,0,0,0,-402000,0,0,0,5000,407000,-402000,-402000
057206,立積元富98購01  ,0,0,0,0,0,0,0,0,0,-402000,0,0,0,62000,464000,-402000,-402000
00717,富邦美國特別股  ,0,0,0,0,0,0,0,0,0,-402681,0,0,0,455000,857681,-402681,-402681
056545,TPK凱基98購02   ,0,0,0,0,0,0,0,0,0,-405000,0,0,0,92000,497000,-405000,-405000
060792,信錦永豐9A購01  ,0,0,0,0,0,0,0,0,0,-406000,0,0,0,0,406000,-406000,-406000
063290,GIS元大9B購02   ,0,0,0,0,0,0,0,0,0,-407000,0,0,0,125000,532000,-407000,-407000
058344,旺宏群益99購05  ,0,0,0,0,0,0,0,0,0,-408000,0,0,0,0,408000,-408000,-408000
061361,世紀鋼兆豐9A購01,0,0,0,0,0,0,0,0,0,-410000,0,0,0,0,410000,-410000,-410000
8210,勤誠            ,100000,489000,-389000,0,0,0,0,0,0,-22000,42000,57000,-15000,0,7000,-7000,-411000
062351,瑞祺群益9C購01  ,0,0,0,0,0,0,0,0,0,-413000,0,0,0,91000,504000,-413000,-413000
055744,茂林元富97購02  ,0,0,0,0,0,0,0,0,0,-414000,0,0,0,425000,839000,-414000,-414000
2340,光磊            ,158500,561000,-402500,0,0,0,0,0,0,-12000,0,0,0,11000,23000,-12000,-414500
060265,宏達電國票9A購02,0,0,0,0,0,0,0,0,0,-416000,0,0,0,27000,443000,-416000,-416000
2441,超豐            ,153000,553000,-400000,0,0,0,0,0,0,-18000,7000,25000,-18000,0,0,0,-418000
058896,中環元大99購03  ,0,0,0,0,0,0,0,0,0,-422000,0,0,0,6000,428000,-422000,-422000
2536,宏普            ,115000,538000,-423000,0,0,0,0,0,0,0,0,0,0,0,0,0,-423000
1464,得力            ,151610,591000,-439390,0,0,0,0,0,0,14000,0,0,0,15000,1000,14000,-425390
058188,華擎永豐99購01  ,0,0,0,0,0,0,0,0,0,-426000,0,0,0,65000,491000,-426000,-426000
059516,TPK永豐99購01   ,0,0,0,0,0,0,0,0,0,-426000,0,0,0,46000,472000,-426000,-426000
3661,世芯-KY         ,654000,831667,-177667,0,0,0,0,88000,-88000,-161000,13000,147000,-134000,27000,54000,-27000,-426667
061816,長榮航群益9B購02,0,0,0,0,0,0,0,0,0,-427000,0,0,0,23000,450000,-427000,-427000
056146,台虹元大98購01  ,0,0,0,0,0,0,0,0,0,-428000,0,0,0,108000,536000,-428000,-428000
4915,致伸            ,677000,1095000,-418000,0,0,0,1000,0,1000,-12000,0,11000,-11000,0,1000,-1000,-429000
060715,日電貿永豐9A購01,0,0,0,0,0,0,0,0,0,-431000,0,0,0,16000,447000,-431000,-431000
062650,南電富邦01購01  ,0,0,0,0,0,0,0,0,0,-431000,0,0,0,0,431000,-431000,-431000
056309,合勤控元大97購01,0,0,0,0,0,0,0,0,0,-431000,0,0,0,160000,591000,-431000,-431000
07719P,臺股指群益9A售08,0,0,0,0,0,0,0,0,0,-432000,0,0,0,15000,447000,-432000,-432000
06763P,技嘉元大98售05  ,0,0,0,0,0,0,0,0,0,-433000,0,0,0,156000,589000,-433000,-433000
061197,矽創永豐9A購02  ,0,0,0,0,0,0,0,0,0,-434000,0,0,0,138000,572000,-434000,-434000
057234,宏達電凱基98購05,0,0,0,0,0,0,0,0,0,-440000,0,0,0,25000,465000,-440000,-440000
061798,晶豪科永豐9B購01,0,0,0,0,0,0,0,0,0,-441000,0,0,0,59000,500000,-441000,-441000
055902,同欣電中信99購01,0,0,0,0,0,0,0,0,0,-443000,0,0,0,172000,615000,-443000,-443000
060653,全新群益9A購02  ,0,0,0,0,0,0,0,0,0,-444000,0,0,0,60000,504000,-444000,-444000
063363,鴻海富邦9B購02  ,0,0,0,0,0,0,0,0,0,-446000,0,0,0,0,446000,-446000,-446000
062408,致新永豐9B購01  ,0,0,0,0,0,0,0,0,0,-447000,0,0,0,399000,846000,-447000,-447000
057991,健策統一9C購01  ,0,0,0,0,0,0,0,0,0,-447000,0,0,0,192000,639000,-447000,-447000
063445,金像電統一9B購01,0,0,0,0,0,0,0,0,0,-452000,0,0,0,0,452000,-452000,-452000
060626,貿聯元大9A購04  ,0,0,0,0,0,0,0,0,0,-457000,0,0,0,140000,597000,-457000,-457000
058692,華邦電國票9B購01,0,0,0,0,0,0,0,0,0,-459000,0,0,0,70000,529000,-459000,-459000
055079,台光電中信97購01,0,0,0,0,0,0,0,0,0,-460000,0,0,0,60000,520000,-460000,-460000
3515,華擎            ,557000,1168000,-611000,0,0,0,785000,357000,428000,-278000,12000,326000,-314000,62000,26000,36000,-461000
2421,建準            ,625000,1102000,-477000,0,0,0,343000,0,343000,-329000,0,0,0,35000,364000,-329000,-463000
06595P,祥碩元大98售03  ,0,0,0,0,0,0,0,0,0,-464000,0,0,0,375000,839000,-464000,-464000
1303,南亞            ,2381626,2855000,-473374,0,0,0,13000,0,13000,-7000,1000,14000,-13000,6000,0,6000,-467374
07646P,世芯元大9A售04  ,0,0,0,0,0,0,0,0,0,-470000,0,0,0,69000,539000,-470000,-470000
07472P,和碩元大9A售03  ,0,0,0,0,0,0,0,0,0,-470000,0,0,0,10000,480000,-470000,-470000
3059,華晶科          ,668000,1139000,-471000,0,0,0,0,0,0,0,0,0,0,0,0,0,-471000
00738U,元大道瓊白銀    ,1000,0,1000,0,0,0,0,0,0,-474000,0,0,0,847000,1321000,-474000,-473000
06491P,台積電富邦99售02,0,0,0,0,0,0,0,0,0,-475000,0,0,0,457000,932000,-475000,-475000
054808,東元元大9A購01  ,0,0,0,0,0,0,0,0,0,-477000,0,0,0,299000,776000,-477000,-477000
063213,智伸科國票9C購01,0,0,0,0,0,0,0,0,0,-478000,0,0,0,28000,506000,-478000,-478000
057511,健策統一98購02  ,0,0,0,0,0,0,0,0,0,-478000,0,0,0,428000,906000,-478000,-478000
06273P,台表科凱基97售04,0,0,0,0,0,0,0,0,0,-482000,0,0,0,0,482000,-482000,-482000
059870,全新凱基99購05  ,0,0,0,0,0,0,0,0,0,-482000,0,0,0,46000,528000,-482000,-482000
056693,國產群益98購01  ,0,0,0,0,0,0,0,0,0,-487000,0,0,0,156000,643000,-487000,-487000
061901,柏文永豐9B購01  ,0,0,0,0,0,0,0,0,0,-488000,0,0,0,179000,667000,-488000,-488000
00638R,元大滬深300反1  ,66000,0,66000,0,0,0,0,0,0,-555000,643000,0,643000,43000,1241000,-1198000,-489000
059862,全新群益99購04  ,0,0,0,0,0,0,0,0,0,-493000,0,0,0,35000,528000,-493000,-493000
4943,康控-KY         ,174592,646000,-471408,0,0,0,0,0,0,-23000,0,0,0,22000,45000,-23000,-494408
058146,勤誠元大99購01  ,0,0,0,0,0,0,0,0,0,-498000,0,0,0,50000,548000,-498000,-498000
00648R,元大S&P500反1   ,0,60000,-60000,0,0,0,0,0,0,-439000,0,0,0,605000,1044000,-439000,-499000
062063,世紀鋼統一9C購01,0,0,0,0,0,0,0,0,0,-506000,0,0,0,12000,518000,-506000,-506000
06371P,茂林國票98售04  ,0,0,0,0,0,0,0,0,0,-508000,0,0,0,5000,513000,-508000,-508000
055579,健策統一9A購01  ,0,0,0,0,0,0,0,0,0,-508000,0,0,0,1034000,1542000,-508000,-508000
1536,和大            ,171000,555000,-384000,0,0,0,0,0,0,-124000,1000,83000,-82000,2000,44000,-42000,-508000
07407P,欣興凱基99售07  ,0,0,0,0,0,0,0,0,0,-510000,0,0,0,45000,555000,-510000,-510000
07634P,金像電元大9A售01,0,0,0,0,0,0,0,0,0,-511000,0,0,0,719000,1230000,-511000,-511000
3034,聯詠            ,810072,1360000,-549928,0,0,0,246000,97000,149000,-111000,43000,46000,-3000,4000,112000,-108000,-511928
055137,GIS富邦98購01   ,0,0,0,0,0,0,0,0,0,-512000,0,0,0,110000,622000,-512000,-512000
060817,華邦電台新9A購01,0,0,0,0,0,0,0,0,0,-513000,0,0,0,273000,786000,-513000,-513000
061137,晶技統一9B購01  ,0,0,0,0,0,0,0,0,0,-514000,0,0,0,100000,614000,-514000,-514000
062955,立積永豐9B購02  ,0,0,0,0,0,0,0,0,0,-514000,0,0,0,0,514000,-514000,-514000
2845,遠東銀          ,49469,573000,-523531,0,0,0,0,0,0,6000,0,0,0,9000,3000,6000,-517531
062610,啟碁凱基9B購01  ,0,0,0,0,0,0,0,0,0,-518000,0,0,0,1000,519000,-518000,-518000
052113,漢唐中信98購01  ,0,0,0,0,0,0,0,0,0,-521000,0,0,0,101000,622000,-521000,-521000
2027,大成鋼          ,530000,470000,60000,0,0,0,0,0,0,-582000,2000,101000,-99000,18000,501000,-483000,-522000
053676,新光金國泰98購02,0,0,0,0,0,0,0,0,0,-530000,0,0,0,0,530000,-530000,-530000
06852P,臺股指元大98售11,0,0,0,0,0,0,0,0,0,-532000,0,0,0,236000,768000,-532000,-532000
063128,智伸科元大9B購01,0,0,0,0,0,0,0,0,0,-534000,0,0,0,147000,681000,-534000,-534000
062003,國巨國泰01購01  ,0,0,0,0,0,0,0,0,0,-539000,0,0,0,263000,802000,-539000,-539000
060804,T50反1群益9A購02,0,0,0,0,0,0,0,0,0,-540000,0,0,0,0,540000,-540000,-540000
061874,義隆元大9B購02  ,0,0,0,0,0,0,0,0,0,-558000,0,0,0,222000,780000,-558000,-558000
2889,國票金          ,481630,1053000,-571370,0,0,0,0,0,0,12000,0,0,0,12000,0,12000,-559370
05692P,聯發科中信9A售02,0,0,0,0,0,0,0,0,0,-565000,0,0,0,170000,735000,-565000,-565000
062395,台表科富邦9C購01,0,15000,-15000,0,0,0,0,0,0,-551000,0,0,0,147000,698000,-551000,-566000
057940,和大國票99購01  ,0,0,0,0,0,0,0,0,0,-570000,0,0,0,59000,629000,-570000,-570000
061418,世紀鋼群益9A購02,0,0,0,0,0,0,0,0,0,-571000,0,0,0,248000,819000,-571000,-571000
1326,台化            ,1703246,2280000,-576754,0,0,0,10000,0,10000,-5000,1000,2000,-1000,4000,8000,-4000,-571754
1319,東陽            ,32000,617688,-585688,0,0,0,0,0,0,9000,27000,20000,7000,2000,0,2000,-576688
057704,台虹群益98購03  ,0,0,0,0,0,0,0,0,0,-582000,0,0,0,291000,873000,-582000,-582000
057121,立積康和98購01  ,0,0,0,0,0,0,0,0,0,-585000,0,0,0,0,585000,-585000,-585000
062896,中興電元大9B購01,0,0,0,0,0,0,0,0,0,-586000,0,0,0,65000,651000,-586000,-586000
060165,上緯控永豐9A購01,0,0,0,0,0,0,0,0,0,-588000,0,0,0,44000,632000,-588000,-588000
062348,聯發科群益9B購06,0,0,0,0,0,0,0,0,0,-589000,0,0,0,15000,604000,-589000,-589000
062597,世紀鋼統一01購01,0,0,0,0,0,0,0,0,0,-589000,0,0,0,0,589000,-589000,-589000
063272,GIS兆豐9C購01   ,0,0,0,0,0,0,0,0,0,-596000,0,0,0,20000,616000,-596000,-596000
059139,全新兆豐9A購01  ,0,0,0,0,0,0,0,0,0,-598000,0,0,0,96000,694000,-598000,-598000
055665,亞德客群益97購01,0,0,0,0,0,0,0,0,0,-600000,0,0,0,10000,610000,-600000,-600000
063367,GIS富邦9B購01   ,0,0,0,0,0,0,0,0,0,-601000,0,0,0,302000,903000,-601000,-601000
056813,聯茂統一99購01  ,0,0,0,0,0,0,0,0,0,-608000,0,0,0,40000,648000,-608000,-608000
1310,台苯            ,119000,730000,-611000,0,0,0,0,0,0,0,0,0,0,0,0,0,-611000
2392,正崴            ,491000,1113000,-622000,0,0,0,0,0,0,11000,32000,14000,18000,43000,50000,-7000,-611000
1709,和益            ,285550,909000,-623450,0,0,0,0,0,0,4000,4000,0,4000,0,0,0,-619450
063237,微星元大9B購02  ,0,0,0,0,0,0,0,0,0,-620000,0,0,0,0,620000,-620000,-620000
3016,嘉晶            ,1591000,2217925,-626925,0,0,0,0,0,0,5000,5000,14000,-9000,124000,110000,14000,-621925
063440,上銀統一01購02  ,0,0,0,0,0,0,0,0,0,-622000,0,0,0,0,622000,-622000,-622000
058605,華邦電元大99購04,0,0,0,0,0,0,0,0,0,-625000,0,0,0,88000,713000,-625000,-625000
063268,GIS中信9B購01   ,0,0,0,0,0,0,0,0,0,-633000,0,0,0,4000,637000,-633000,-633000
062663,聯發科群益9B購07,0,0,0,0,0,0,0,0,0,-636000,0,0,0,53000,689000,-636000,-636000
3532,台勝科          ,118000,642000,-524000,0,0,0,0,0,0,-112000,34000,0,34000,3000,149000,-146000,-636000
3338,泰碩            ,173000,305000,-132000,0,0,0,0,317000,-317000,-190000,2000,11000,-9000,8000,189000,-181000,-639000
038489,T50反1台新9A購01,0,0,0,0,0,0,0,0,0,-640000,0,0,0,0,640000,-640000,-640000
057740,茂林富邦9A購01  ,0,0,0,0,0,0,0,0,0,-646000,0,0,0,139000,785000,-646000,-646000
2637,慧洋-KY         ,354000,483000,-129000,0,0,0,0,0,0,-525000,4000,0,4000,0,529000,-529000,-654000
061032,金像電永豐9A購03,0,0,0,0,0,0,0,0,0,-658000,0,0,0,338000,996000,-658000,-658000
8163,達方            ,209000,883000,-674000,0,0,0,0,0,0,16000,12000,0,12000,8000,4000,4000,-658000
1789,神隆            ,749000,1321000,-572000,0,0,0,0,0,0,-86000,0,0,0,28000,114000,-86000,-658000
050842,旺宏國票97購01  ,0,0,0,0,0,0,0,0,0,-661000,0,0,0,21000,682000,-661000,-661000
1760,寶齡富錦        ,1740000,2141000,-401000,0,0,0,0,225000,-225000,-37000,83000,120000,-37000,0,0,0,-663000
063206,貿聯統一9C購02  ,0,0,0,0,0,0,0,0,0,-664000,0,0,0,73000,737000,-664000,-664000
054567,拓凱群益98購01  ,0,0,0,0,0,0,0,0,0,-670000,0,0,0,115000,785000,-670000,-670000
062487,中興電永豐9B購01,0,0,0,0,0,0,0,0,0,-674000,0,0,0,5000,679000,-674000,-674000
6456,GIS-KY          ,856000,1649000,-793000,0,0,0,45000,0,45000,71000,48000,62000,-14000,146000,61000,85000,-677000
061769,晶技元大9B購03  ,0,0,0,0,0,0,0,0,0,-678000,0,0,0,44000,722000,-678000,-678000
061786,義隆群益9B購01  ,0,0,0,0,0,0,0,0,0,-678000,0,0,0,98000,776000,-678000,-678000
062528,全新統一9C購01  ,0,0,0,0,0,0,0,0,0,-685000,0,0,0,0,685000,-685000,-685000
060164,合勤控永豐9A購01,0,0,0,0,0,0,0,0,0,-686000,0,0,0,65000,751000,-686000,-686000
061042,致新永豐9A購02  ,0,0,0,0,0,0,0,0,0,-688000,0,0,0,205000,893000,-688000,-688000
2337,旺宏            ,8764000,10357004,-1593004,0,0,0,228000,1814000,-1586000,2491000,712000,268000,444000,2143000,96000,2047000,-688004
061187,瀚宇博國泰9C購01,0,0,0,0,0,0,0,0,0,-697000,0,0,0,119000,816000,-697000,-697000
053385,聯詠元大96購02  ,0,0,0,0,0,0,0,0,0,-699000,0,0,0,0,699000,-699000,-699000
2823,中壽            ,2982742,3387000,-404258,0,0,0,0,0,0,-295000,53000,20000,33000,111000,439000,-328000,-699258
07147P,高鐵元大99售01  ,0,0,0,0,0,0,0,0,0,-703000,0,0,0,0,703000,-703000,-703000
061372,世紀鋼國泰9C購01,0,0,0,0,0,0,0,0,0,-705000,0,0,0,255000,960000,-705000,-705000
051849,旺宏中信98購01  ,0,0,0,0,0,0,0,0,0,-710000,0,0,0,34000,744000,-710000,-710000
058197,國巨中信99購02  ,0,0,0,0,0,0,0,0,0,-710000,0,0,0,0,710000,-710000,-710000
063349,台郡統一9C購01  ,0,0,0,0,0,0,0,0,0,-712000,0,0,0,91000,803000,-712000,-712000
2371,大同            ,706130,1396000,-689870,0,0,0,0,0,0,-24000,1000,36000,-35000,11000,0,11000,-713870
00670L,富邦NASDAQ正2   ,5000,438000,-433000,0,0,0,0,0,0,-284000,0,76000,-76000,872000,1080000,-208000,-717000
056674,華邦電元富98購01,0,0,0,0,0,0,0,0,0,-728000,0,0,0,123000,851000,-728000,-728000
2338,光罩            ,168000,881000,-713000,0,0,0,0,0,0,-23000,1000,0,1000,1000,25000,-24000,-736000
2104,國際中橡        ,676923,1334000,-657077,0,0,0,0,0,0,-79000,0,69000,-69000,15000,25000,-10000,-736077
1301,台塑            ,2714256,4047440,-1333184,0,0,0,538000,0,538000,47000,80000,23000,57000,8000,18000,-10000,-748184
059223,大立光元大99購14,0,0,0,0,0,0,0,0,0,-749000,0,0,0,0,749000,-749000,-749000
054347,上緯控國票96購02,0,0,0,0,0,0,0,0,0,-751000,0,0,0,75000,826000,-751000,-751000
056638,臺股指日盛98購01,0,0,0,0,0,0,0,0,0,-754000,0,0,0,475000,1229000,-754000,-754000
07899P,和大凱基9B售01  ,0,0,0,0,0,0,0,0,0,-759000,0,0,0,60000,819000,-759000,-759000
061080,華邦電兆豐9B購01,0,0,0,0,0,0,0,0,0,-761000,0,0,0,1028000,1789000,-761000,-761000
061542,旺宏群益9A購04  ,0,0,0,0,0,0,0,0,0,-770000,0,0,0,0,770000,-770000,-770000
062110,華擎國票9B購01  ,0,0,0,0,0,0,0,0,0,-771000,0,0,0,49000,820000,-771000,-771000
060698,旺宏國泰9C購01  ,0,0,0,0,0,0,0,0,0,-771000,0,0,0,78000,849000,-771000,-771000
058105,旺宏統一9A購02  ,0,0,0,0,0,0,0,0,0,-772000,0,0,0,192000,964000,-772000,-772000
054088,華新群益98購02  ,0,0,0,0,0,0,0,0,0,-774000,0,0,0,365000,1139000,-774000,-774000
6251,定穎            ,728000,1190000,-462000,0,0,0,0,292000,-292000,-25000,0,25000,-25000,0,0,0,-779000
3706,神達            ,879000,1674661,-795661,0,0,0,0,0,0,16000,142000,104000,38000,74000,96000,-22000,-779661
3017,奇鋐            ,342000,493000,-151000,0,0,0,0,315000,-315000,-319000,0,203000,-203000,61000,177000,-116000,-785000
6005,群益證          ,586860,1372960,-786100,0,0,0,0,0,0,0,0,0,0,0,0,0,-786100
1701,中化            ,289000,1087000,-798000,0,0,0,0,0,0,0,0,0,0,0,0,0,-798000
063145,台表科統一02購01,0,0,0,0,0,0,0,0,0,-799000,0,0,0,817000,1616000,-799000,-799000
2352,佳世達          ,941000,1733000,-792000,0,0,0,0,0,0,-13000,5000,24000,-19000,6000,0,6000,-805000
07210P,智邦凱基99售03  ,0,0,0,0,0,0,0,0,0,-815000,0,0,0,0,815000,-815000,-815000
2601,益航            ,497000,1313000,-816000,0,0,0,0,0,0,-5000,0,0,0,0,5000,-5000,-821000
8150,南茂            ,607411,2042000,-1434589,0,0,0,500000,0,500000,113000,0,0,0,146000,33000,113000,-821589
062062,貿聯統一01購01  ,0,0,0,0,0,0,0,0,0,-842000,0,0,0,277000,1119000,-842000,-842000
054291,高鐵元大97購01  ,0,0,0,0,0,0,0,0,0,-846000,0,0,0,87000,933000,-846000,-846000
3045,台灣大          ,1105447,1987000,-881553,0,0,0,6000,0,6000,22000,20000,0,20000,2000,0,2000,-853553
053072,國巨台新97購01  ,0,0,0,0,0,0,0,0,0,-854000,0,0,0,30000,884000,-854000,-854000
061796,興勤永豐9B購01  ,0,0,0,0,0,0,0,0,0,-883000,0,0,0,0,883000,-883000,-883000
061195,健策永豐9B購02  ,0,0,0,0,0,0,0,0,0,-888000,0,0,0,5000,893000,-888000,-888000
1229,聯華            ,317115,1222000,-904885,0,0,0,0,0,0,3000,0,0,0,3000,0,3000,-901885
059849,興勤永豐99購01  ,20000,0,20000,0,0,0,0,0,0,-939000,0,0,0,0,939000,-939000,-919000
061947,旺宏群益9B購02  ,0,0,0,0,0,0,0,0,0,-922000,0,0,0,12000,934000,-922000,-922000
2614,東森            ,237800,1161000,-923200,0,0,0,0,0,0,0,0,0,0,0,0,0,-923200
062890,祥碩群益9B購04  ,0,0,0,0,0,0,0,0,0,-934000,0,0,0,30000,964000,-934000,-934000
062761,嘉晶凱基9C購01  ,0,0,0,0,0,0,0,0,0,-935000,0,0,0,74000,1009000,-935000,-935000
063204,高鐵統一9C購01  ,0,0,0,0,0,0,0,0,0,-936000,0,0,0,169000,1105000,-936000,-936000
056420,台表科元富98購01,0,0,0,0,0,0,0,0,0,-939000,0,0,0,464000,1403000,-939000,-939000
062608,智易凱基9B購01  ,0,0,0,0,0,0,0,0,0,-941000,0,0,0,19000,960000,-941000,-941000
2408,南亞科          ,1795068,2327324,-532256,0,0,0,0,209000,-209000,-220000,275000,57000,218000,67000,505000,-438000,-961256
2812,台中銀          ,376492,1359000,-982508,0,0,0,0,0,0,19000,8000,0,8000,11000,0,11000,-963508
00715L,街口布蘭特油正2 ,0,402000,-402000,0,0,0,0,0,0,-575000,0,0,0,0,575000,-575000,-977000
060028,國揚永豐99購01  ,0,0,0,0,0,0,0,0,0,-988000,0,0,0,17000,1005000,-988000,-988000
053154,聯詠元大96購01  ,0,0,0,0,0,0,0,0,0,-998000,0,0,0,0,998000,-998000,-998000
00664R,國泰臺灣加權反1 ,0,0,0,0,0,0,0,0,0,-1024000,0,0,0,1172000,2196000,-1024000,-1024000
054546,玉晶光中信9B購01,0,0,0,0,0,0,0,0,0,-1026000,0,0,0,100000,1126000,-1026000,-1026000
059261,華邦電中信01購01,0,0,0,0,0,0,0,0,0,-1053000,0,0,0,489000,1542000,-1053000,-1053000
4904,遠傳            ,647962,1746000,-1098038,0,0,0,0,0,0,37000,48000,2000,46000,2000,11000,-9000,-1061038
058648,聯陽永豐99購01  ,0,0,0,0,0,0,0,0,0,-1094000,0,0,0,43000,1137000,-1094000,-1094000
061915,T50反1凱基02購02,0,0,0,0,0,0,0,0,0,-1103000,0,0,0,10000,1113000,-1103000,-1103000
4958,臻鼎-KY         ,1034742,2138000,-1103258,0,0,0,78000,0,78000,-86000,52000,40000,12000,27000,125000,-98000,-1111258
5880,合庫金          ,5035140,6168660,-1133520,0,0,0,0,0,0,18000,9000,1000,8000,10000,0,10000,-1115520
6505,台塑化          ,879178,2077000,-1197822,0,0,0,7000,0,7000,65000,105000,42000,63000,2000,0,2000,-1125822
057307,瀚宇博兆豐99購01,0,0,0,0,0,0,0,0,0,-1127000,0,0,0,51000,1178000,-1127000,-1127000
061370,晶技國泰9C購01  ,0,0,0,0,0,0,0,0,0,-1151000,0,0,0,48000,1199000,-1151000,-1151000
060308,劍麟永豐9A購01  ,0,0,0,0,0,0,0,0,0,-1173000,0,0,0,201000,1374000,-1173000,-1173000
060186,義隆元富9A購01  ,0,0,0,0,0,0,0,0,0,-1182000,0,0,0,164000,1346000,-1182000,-1182000
5871,中租-KY         ,725496,1852770,-1127274,0,0,0,0,0,0,-57000,0,58000,-58000,17000,16000,1000,-1184274
1216,統一            ,2479298,3691172,-1211874,0,0,0,12000,0,12000,15000,24000,10000,14000,5000,4000,1000,-1184874
00635U,元大S&P黃金     ,0,28000,-28000,0,0,0,0,0,0,-1157000,400000,0,400000,97000,1654000,-1557000,-1185000
07821P,臺股指國票9A售12,0,0,0,0,0,0,0,0,0,-1190000,0,0,0,305000,1495000,-1190000,-1190000
062550,啟碁永豐9B購01  ,0,0,0,0,0,0,0,0,0,-1198000,0,0,0,0,1198000,-1198000,-1198000
4938,和碩            ,1518768,3210000,-1691232,0,0,0,219000,234000,-15000,479000,510000,3000,507000,3000,31000,-28000,-1227232
2367,燿華            ,1094000,2031000,-937000,0,0,0,0,0,0,-305000,0,0,0,111000,416000,-305000,-1242000
062849,中興電永豐9B購02,0,0,0,0,0,0,0,0,0,-1291000,0,0,0,0,1291000,-1291000,-1291000
2456,奇力新          ,778739,1472000,-693261,0,0,0,0,611000,-611000,-3000,10000,10000,0,4000,7000,-3000,-1307261
057266,TPK兆豐98購02   ,0,0,0,0,0,0,0,0,0,-1321000,0,0,0,155000,1476000,-1321000,-1321000
1714,和桐            ,704000,2028000,-1324000,0,0,0,0,0,0,0,0,0,0,0,0,0,-1324000
00652,富邦印度        ,0,121000,-121000,0,0,0,0,0,0,-1259000,0,0,0,21000,1280000,-1259000,-1380000
063134,裕隆統一01購01  ,0,0,0,0,0,0,0,0,0,-1382000,0,0,0,0,1382000,-1382000,-1382000
058270,上緯控永豐99購01,0,0,0,0,0,0,0,0,0,-1410000,0,0,0,30000,1440000,-1410000,-1410000
1312,國喬            ,931000,2358000,-1427000,0,0,0,0,0,0,6000,6000,0,6000,0,0,0,-1421000
054713,國巨中信9B購01  ,0,0,0,0,0,0,0,0,0,-1430000,0,0,0,0,1430000,-1430000,-1430000
2890,永豐金          ,5417498,9911251,-4493753,0,0,0,3000000,0,3000000,34000,7000,1000,6000,28000,0,28000,-1459753
1101,台泥            ,4361139,6411972,-2050833,0,0,0,738000,175000,563000,-59000,108000,134000,-26000,39000,72000,-33000,-1546833
058645,康控富邦01購01  ,0,0,0,0,0,0,0,0,0,-1567000,0,0,0,40000,1607000,-1567000,-1567000
08072P,祥碩永豐9B售03  ,0,0,0,0,0,0,0,0,0,-1580000,0,0,0,10000,1590000,-1580000,-1580000
1314,中石化          ,1680000,3270050,-1590050,0,0,0,0,0,0,-4000,0,2000,-2000,17000,19000,-2000,-1594050
2412,中華電          ,1509601,3158000,-1648399,0,0,0,0,0,0,49000,54000,3000,51000,4000,6000,-2000,-1599399
2892,第一金          ,6263688,7909167,-1645479,0,0,0,0,0,0,35000,2000,3000,-1000,36000,0,36000,-1610479
2376,技嘉            ,3006000,2707000,299000,0,0,0,0,1089000,-1089000,-855000,84000,755000,-671000,32000,216000,-184000,-1645000
2801,彰銀            ,1492256,3168385,-1676129,0,0,0,0,0,0,-32000,2000,30000,-28000,6000,10000,-4000,-1708129
8112,至上            ,368000,2131000,-1763000,0,0,0,32000,0,32000,0,0,0,0,0,0,0,-1731000
2323,中環            ,1036000,2749000,-1713000,0,0,0,0,0,0,-31000,28000,8000,20000,32000,83000,-51000,-1744000
3037,欣興            ,1929000,3756000,-1827000,0,0,0,239000,0,239000,-200000,317000,425000,-108000,58000,150000,-92000,-1788000
2886,兆豐金          ,3500365,4781000,-1280635,0,0,0,0,500000,-500000,-15000,8000,3000,5000,13000,33000,-20000,-1795635
5471,松翰            ,1424000,3240000,-1816000,0,0,0,0,0,0,0,0,0,0,0,0,0,-1816000
051847,香港反中信99購01,0,0,0,0,0,0,0,0,0,-1849000,0,0,0,0,1849000,-1849000,-1849000
061483,TPK元大9A購01   ,0,0,0,0,0,0,0,0,0,-1918000,0,0,0,11000,1929000,-1918000,-1918000
2880,華南金          ,1826886,3822491,-1995605,0,0,0,0,0,0,9000,1000,0,1000,8000,0,8000,-1986605
2377,微星            ,2737435,3973000,-1235565,0,0,0,261000,771000,-510000,-289000,99000,435000,-336000,79000,32000,47000,-2034565
055538,鴻海日盛97購04  ,0,0,0,0,0,0,0,0,0,-2055000,0,0,0,0,2055000,-2055000,-2055000
058809,國巨統一9B購03  ,0,0,0,0,0,0,0,0,0,-2173000,0,0,0,35000,2208000,-2173000,-2173000
3711,日月光投控      ,7207050,9695514,-2488464,0,0,0,274000,4000,270000,11000,21000,11000,10000,5000,4000,1000,-2207464
6116,彩晶            ,898000,2614000,-1716000,0,0,0,0,0,0,-522000,0,2000,-2000,55000,575000,-520000,-2238000
2504,國產            ,1716000,4463000,-2747000,0,0,0,0,0,0,402000,0,0,0,567000,165000,402000,-2345000
058380,臺股指凱基99購15,0,0,0,0,0,0,0,0,0,-2439000,0,0,0,1200000,3639000,-2439000,-2439000
3189,景碩            ,1776000,3834000,-2058000,0,0,0,50000,300000,-250000,-187000,85000,136000,-51000,28000,164000,-136000,-2495000
057581,元大金中信9A購01,0,0,0,0,0,0,0,0,0,-2569000,0,0,0,60000,2629000,-2569000,-2569000
3042,晶技            ,1462000,4789000,-3327000,0,0,0,195000,0,195000,342000,83000,11000,72000,324000,54000,270000,-2790000
2363,矽統            ,2878000,5826000,-2948000,0,0,0,0,0,0,0,2000,2000,0,0,0,0,-2948000
1102,亞泥            ,1599370,5267000,-3667630,0,0,0,718000,11000,707000,-8000,33000,20000,13000,3000,24000,-21000,-2968630
8046,南電            ,1111021,4327000,-3215979,0,0,0,761000,497000,264000,-364000,4000,101000,-97000,62000,329000,-267000,-3315979
00676R,富邦臺灣加權反1 ,0,0,0,0,0,0,0,0,0,-3501000,0,0,0,907000,4408000,-3501000,-3501000
00708L,元大S&P黃金正2  ,0,0,0,0,0,0,0,0,0,-3625000,0,0,0,1515000,5140000,-3625000,-3625000
2887,台新金          ,5699706,9389424,-3689718,0,0,0,0,0,0,24000,1000,10000,-9000,33000,0,33000,-3665718
00669R,國泰美國道瓊反1 ,10000,140000,-130000,0,0,0,0,0,0,-4164000,0,0,0,677000,4841000,-4164000,-4294000
4133,亞諾法          ,897000,5329000,-4432000,0,0,0,0,0,0,-53000,0,53000,-53000,0,0,0,-4485000
6278,台表科          ,863000,4356000,-3493000,0,0,0,0,1448000,-1448000,435000,696000,240000,456000,106000,127000,-21000,-4506000
00653L,富邦印度正2     ,103000,1639000,-1536000,0,0,0,0,0,0,-2989000,0,0,0,3556000,6545000,-2989000,-4525000
2888,新光金          ,11214373,15299936,-4085563,0,0,0,0,0,0,-922000,3000,245000,-242000,18000,698000,-680000,-5007563
3481,群創            ,7558670,12493000,-4934330,0,0,0,28000,0,28000,-207000,58000,144000,-86000,155000,276000,-121000,-5113330
00651R,FH香港反1       ,0,119000,-119000,0,0,0,0,0,0,-5764000,0,0,0,1623000,7387000,-5764000,-5883000
2885,元大金          ,7590119,14963517,-7373398,0,0,0,0,0,0,409000,1000,2000,-1000,410000,0,410000,-6964398
01002T,土銀國泰R1      ,5868,12000,-6132,0,0,0,0,0,0,-10000000,0,10000000,-10000000,0,0,0,-10006132
2449,京元電子        ,868000,13194973,-12326973,0,0,0,0,496000,-496000,-43000,21000,60000,-39000,26000,30000,-4000,-12865973
2884,玉山金          ,5495325,18506869,-13011544,0,0,0,0,0,0,42000,1000,1000,0,48000,6000,42000,-12969544
9904,寶成            ,3036578,18977000,-15940422,0,0,0,1166000,0,1166000,-240000,74000,84000,-10000,51000,281000,-230000,-15014422
00677U,富邦VIX         ,14961000,28771000,-13810000,0,0,0,0,0,0,-25387000,3371000,10000,3361000,20200000,48948000,-28748000,-39197000
