證券代號,證券名稱,外陸資買進股數(不含外資自營商),外陸資賣出股數(不含外資自營商),外陸資買賣超股數(不含外資自營商),外資自營商買進股數,外資自營商賣出股數,外資自營商買賣超股數,投信買進股數,投信賣出股數,投信買賣超股數,自營商買賣超股數,自營商買進股數(自行買賣),自營商賣出股數(自行買賣),自營商買賣超股數(自行買賣),自營商買進股數(避險),自營商賣出股數(避險),自營商買賣超股數(避險),三大法人買賣超股數
00637L,元大滬深300正2  ,54086000,627000,53459000,0,0,0,0,0,0,68595000,0,264000,-264000,82518000,13659000,68859000,122054000
00677U,富邦VIX         ,31047000,27911000,3136000,0,0,0,0,0,0,30645000,810000,560000,250000,33562000,3167000,30395000,33781000
00633L,富邦上証正2     ,13949000,2000,13947000,0,0,0,0,0,0,11477172,0,40000,-40000,13258172,1741000,11517172,25424172
2448,晶電            ,19785000,5632000,14153000,0,0,0,3197000,0,3197000,-682000,815000,1497000,-682000,0,0,0,16668000
00852L,國泰美國道瓊正2 ,69000,0,69000,0,0,0,0,0,0,12416000,0,0,0,13277000,861000,12416000,12485000
00655L,國泰中國A50正2  ,1723000,165000,1558000,0,0,0,0,0,0,7144500,0,121000,-121000,9422500,2157000,7265500,8702500
2368,金像電          ,10227000,5690000,4537000,0,0,0,1179000,0,1179000,1873000,2715000,842000,1873000,0,0,0,7589000
2884,玉山金          ,18027012,11588287,6438725,0,0,0,500000,129000,371000,17000,13000,4000,9000,8000,0,8000,6826725
2888,新光金          ,24642046,17784000,6858046,0,0,0,0,0,0,-729000,0,202000,-202000,205000,732000,-527000,6129046
2885,元大金          ,15287164,10383224,4903940,0,0,0,0,0,0,45000,4000,6000,-2000,89000,42000,47000,4948940
053314,A50正2群益9A購01,0,0,0,0,0,0,0,0,0,4729000,0,0,0,4884000,155000,4729000,4729000
1314,中石化          ,5559992,923000,4636992,0,0,0,0,0,0,-23000,0,1000,-1000,18000,40000,-22000,4613992
00861,元大全球未來通訊,714000,0,714000,0,0,0,0,0,0,3652000,148000,0,148000,5394000,1890000,3504000,4366000
2454,聯發科          ,7837777,3438792,4398985,0,0,0,190000,68000,122000,-169000,92000,219000,-127000,24000,66000,-42000,4351985
053564,台積電富邦99購01,0,0,0,0,0,0,0,0,0,4323000,0,0,0,4323000,0,4323000,4323000
2886,兆豐金          ,8773568,5141725,3631843,0,0,0,0,0,0,450000,370000,0,370000,118000,38000,80000,4081843
3338,泰碩            ,1801000,1077000,724000,0,0,0,3175000,0,3175000,-134000,181000,588000,-407000,374000,101000,273000,3765000
051133,台積電永豐95購02,0,0,0,0,0,0,0,0,0,3405000,0,0,0,5878000,2473000,3405000,3405000
058169,國巨凱基9A購05  ,0,0,0,0,0,0,0,0,0,3322000,0,0,0,3384000,62000,3322000,3322000
00636,國泰中國A50     ,1359000,0,1359000,0,0,0,0,0,0,1727000,90000,360000,-270000,2343000,346000,1997000,3086000
056829,台積電富邦9A購01,30000,0,30000,0,0,0,0,0,0,3053000,0,0,0,3961000,908000,3053000,3083000
2345,智邦            ,4645934,2008068,2637866,0,0,0,539000,0,539000,-100000,156000,393000,-237000,252000,115000,137000,3076866
2881,富邦金          ,8141738,5065189,3076549,0,0,0,0,0,0,-69000,0,0,0,0,69000,-69000,3007549
2371,大同            ,4206000,1468000,2738000,0,0,0,0,0,0,185000,185000,0,185000,0,0,0,2923000
00639,富邦深100       ,2206000,0,2206000,0,0,0,0,0,0,606000,10000,10000,0,1611000,1005000,606000,2812000
1904,正隆            ,3390000,432000,2958000,0,0,0,0,0,0,-152000,120000,272000,-152000,0,0,0,2806000
052150,台積電富邦95購07,0,0,0,0,0,0,0,0,0,2672000,0,0,0,2672000,0,2672000,2672000
2313,華通            ,5085090,4360000,725090,0,0,0,1069000,0,1069000,790000,738000,467000,271000,688000,169000,519000,2584090
0061,元大寶滬深      ,777000,0,777000,0,0,0,0,0,0,1802000,250000,0,250000,1604000,52000,1552000,2579000
2412,中華電          ,4187080,1701600,2485480,0,0,0,35000,0,35000,3000,10000,7000,3000,0,0,0,2523480
2002,中鋼            ,6023102,3629150,2393952,0,0,0,0,0,0,33000,0,2000,-2000,42000,7000,35000,2426952
045600,道瓊指國票95購01,0,0,0,0,0,0,0,0,0,2412000,0,0,0,2422000,10000,2412000,2412000
2610,華航            ,5889000,3525000,2364000,0,0,0,0,0,0,-12000,0,12000,-12000,0,0,0,2352000
05980P,台積電永昌96售09,0,0,0,0,0,0,0,0,0,2317000,0,0,0,4405000,2088000,2317000,2317000
1909,榮成            ,4008000,1709000,2299000,0,0,0,0,380000,-380000,396000,608000,212000,396000,0,0,0,2315000
1303,南亞            ,3385536,1663850,1721686,0,0,0,0,0,0,471000,475000,4000,471000,0,0,0,2192686
047454,滬深2X群益96購03,0,0,0,0,0,0,0,0,0,2174000,0,0,0,2274000,100000,2174000,2174000
006205,富邦上証        ,2844000,20000,2824000,0,0,0,0,0,0,-692000,0,0,0,1728000,2420000,-692000,2132000
041973,台灣50中信94購01,0,0,0,0,0,0,0,0,0,2109000,0,0,0,2236000,127000,2109000,2109000
055735,宏達電元富98購01,0,0,0,0,0,0,0,0,0,2107000,0,0,0,2272000,165000,2107000,2107000
3049,和鑫            ,2210000,117000,2093000,0,0,0,0,0,0,14000,0,1000,-1000,20000,5000,15000,2107000
1101,台泥            ,3678425,3165380,513045,0,0,0,267000,0,267000,1305000,1221000,1000,1220000,126000,41000,85000,2085045
056591,S&P正2元富9A購01,0,0,0,0,0,0,0,0,0,1965000,0,0,0,2078000,113000,1965000,1965000
2006,東和鋼鐵        ,1974000,276000,1698000,0,0,0,0,0,0,180000,180000,0,180000,0,0,0,1878000
056005,臺股指永豐97購04,0,0,0,0,0,0,0,0,0,1855000,0,0,0,1855000,0,1855000,1855000
06572P,台積電永昌99售01,0,0,0,0,0,0,0,0,0,1825000,0,0,0,2484000,659000,1825000,1825000
2834,臺企銀          ,3979182,2207840,1771342,0,0,0,0,0,0,4000,0,0,0,6000,2000,4000,1775342
2883,開發金          ,7606480,5991150,1615330,0,0,0,0,0,0,34000,0,0,0,40000,6000,34000,1649330
06757P,台灣50元大9B售01,10000,0,10000,0,0,0,0,0,0,1598000,0,0,0,1697000,99000,1598000,1608000
00670L,富邦NASDAQ正2   ,3000,3000,0,0,0,0,0,0,0,1597000,341000,90000,251000,1794000,448000,1346000,1597000
049638,A50反1凱基94購01,0,0,0,0,0,0,0,0,0,1578000,0,0,0,1578000,0,1578000,1578000
052986,聯發科元大97購05,0,0,0,0,0,0,0,0,0,1550000,0,0,0,1692000,142000,1550000,1550000
2801,彰銀            ,3676958,1941450,1735508,0,0,0,0,0,0,-186000,0,0,0,72000,258000,-186000,1549508
052013,台積電永豐95購04,0,0,0,0,0,0,0,0,0,1543000,0,0,0,1769000,226000,1543000,1543000
06397P,T50反1凱基9A售03,0,0,0,0,0,0,0,0,0,1540000,0,0,0,1540000,0,1540000,1540000
054295,世芯元大96購03  ,0,0,0,0,0,0,0,0,0,1538000,0,0,0,1914000,376000,1538000,1538000
055978,大立光統一98購05,0,0,0,0,0,0,0,0,0,1534000,0,0,0,1602000,68000,1534000,1534000
06573P,台積電永昌99售02,0,0,0,0,0,0,0,0,0,1502000,0,0,0,1502000,0,1502000,1502000
056221,鴻海凱基99購01  ,0,0,0,0,0,0,0,0,0,1494000,0,0,0,1504000,10000,1494000,1494000
2633,台灣高鐵        ,2715234,1569440,1145794,0,0,0,0,0,0,321000,377000,0,377000,0,56000,-56000,1466794
6269,台郡            ,2349000,1010000,1339000,0,0,0,145000,0,145000,-61000,47000,112000,-65000,15000,11000,4000,1423000
052942,聯發科中信97購04,0,0,0,0,0,0,0,0,0,1411000,0,0,0,1461000,50000,1411000,1411000
00739,元大MSCI A股    ,0,0,0,0,0,0,0,0,0,1386000,0,0,0,1846000,460000,1386000,1386000
056192,智邦富邦98購01  ,0,0,0,0,0,0,0,0,0,1352000,0,0,0,1792000,440000,1352000,1352000
047504,滬深2X國票9A購01,0,0,0,0,0,0,0,0,0,1324000,0,0,0,1403000,79000,1324000,1324000
050785,全新國泰96購01  ,0,0,0,0,0,0,0,0,0,1319000,0,0,0,1331000,12000,1319000,1319000
052193,國巨元富95購06  ,0,0,0,0,0,0,0,0,0,1316000,0,0,0,2119000,803000,1316000,1316000
2104,國際中橡        ,1489000,179000,1310000,0,0,0,0,0,0,0,0,0,0,0,0,0,1310000
052287,臺股指中信95購12,0,0,0,0,0,0,0,0,0,1300000,0,0,0,1350000,50000,1300000,1300000
6416,瑞祺電通        ,229000,207000,22000,0,0,0,1351000,0,1351000,-84000,15000,99000,-84000,0,0,0,1289000
056918,台積電兆豐98購01,0,0,0,0,0,0,0,0,0,1288000,0,0,0,1466000,178000,1288000,1288000
051277,聯發科中信9A購01,0,0,0,0,0,0,0,0,0,1286000,0,0,0,1317000,31000,1286000,1286000
054633,臺股指凱基9A購02,0,0,0,0,0,0,0,0,0,1284000,0,0,0,1284000,0,1284000,1284000
8039,台虹            ,1822000,507000,1315000,0,0,0,0,0,0,-67000,36000,78000,-42000,12000,37000,-25000,1248000
049667,大立光國泰96購01,0,0,0,0,0,0,0,0,0,1243000,0,0,0,1450000,207000,1243000,1243000
053036,聯電凱基98購01  ,0,0,0,0,0,0,0,0,0,1238000,0,0,0,1248000,10000,1238000,1238000
4935,茂林-KY         ,885000,289000,596000,0,0,0,325000,0,325000,317000,119000,107000,12000,311000,6000,305000,1238000
049900,台積電元富94購06,0,0,0,0,0,0,0,0,0,1231000,0,0,0,1881000,650000,1231000,1231000
6213,聯茂            ,764314,504000,260314,0,0,0,1151000,0,1151000,-192000,194000,380000,-186000,79000,85000,-6000,1219314
3706,神達            ,2158000,1610000,548000,0,0,0,151000,0,151000,503000,734000,258000,476000,92000,65000,27000,1202000
050306,聯發科中信97購01,0,0,0,0,0,0,0,0,0,1190000,0,0,0,1202000,12000,1190000,1190000
00641R,富邦日本反1     ,155000,0,155000,0,0,0,0,0,0,1029000,0,0,0,1347000,318000,1029000,1184000
3037,欣興            ,19465020,20041000,-575980,0,0,0,1104000,43000,1061000,690000,815000,312000,503000,361000,174000,187000,1175020
045053,聯發科元富98購01,0,0,0,0,0,0,0,0,0,1165000,0,0,0,1749000,584000,1165000,1165000
046147,道瓊指中信96購02,0,0,0,0,0,0,0,0,0,1163000,0,0,0,1288000,125000,1163000,1163000
00631L,元大台灣50正2   ,342000,29000,313000,0,0,0,0,0,0,833000,0,0,0,1586000,753000,833000,1146000
053734,友達中信98購02  ,0,0,0,0,0,0,0,0,0,1145000,0,0,0,1215000,70000,1145000,1145000
2520,冠德            ,1640470,505000,1135470,0,0,0,0,0,0,5000,0,2000,-2000,7000,0,7000,1140470
044693,滬深2X元大94購01,0,0,0,0,0,0,0,0,0,1131000,0,0,0,1146000,15000,1131000,1131000
044717,旺宏統一94購01  ,0,0,0,0,0,0,0,0,0,1124000,0,0,0,1580000,456000,1124000,1124000
2356,英業達          ,3009000,1951716,1057284,0,0,0,0,0,0,62000,0,10000,-10000,190000,118000,72000,1119284
3702,大聯大          ,1458388,417455,1040933,0,0,0,0,0,0,70000,0,51000,-51000,121000,0,121000,1110933
054552,聯發科凱基98購03,0,0,0,0,0,0,0,0,0,1095000,0,0,0,1095000,0,1095000,1095000
045700,道瓊指中信94購01,0,0,0,0,0,0,0,0,0,1090000,0,0,0,1494000,404000,1090000,1090000
2312,金寶            ,2812000,419000,2393000,0,0,0,0,0,0,-1328000,5000,1290000,-1285000,16000,59000,-43000,1065000
2349,錸德            ,1167000,107619,1059381,0,0,0,2000,0,2000,-2000,0,2000,-2000,0,0,0,1059381
044464,滬深2X群益95購01,0,0,0,0,0,0,0,0,0,1057000,0,0,0,1296000,239000,1057000,1057000
057140,宏達電兆豐98購01,0,0,0,0,0,0,0,0,0,1052000,0,0,0,1086000,34000,1052000,1052000
00673R,元大S&P原油反1  ,0,44000,-44000,0,0,0,0,0,0,1092000,0,0,0,1515000,423000,1092000,1048000
056236,台積電群益97購06,0,0,0,0,0,0,0,0,0,1047000,0,0,0,1522000,475000,1047000,1047000
054763,宏達電國票99購01,0,0,0,0,0,0,0,0,0,1031000,0,0,0,1051000,20000,1031000,1031000
057464,大立光永豐98購02,0,0,0,0,0,0,0,0,0,1014000,0,0,0,1018000,4000,1014000,1014000
054319,世紀鋼凱基96購02,0,0,0,0,0,0,0,0,0,1007000,0,0,0,1018000,11000,1007000,1007000
5876,上海商銀        ,2972630,1955175,1017455,0,0,0,0,0,0,-11000,0,0,0,23000,34000,-11000,1006455
052687,國泰金元大96購03,0,0,0,0,0,0,0,0,0,1001000,0,0,0,1209000,208000,1001000,1001000
052786,S&P500中信96購01,0,0,0,0,0,0,0,0,0,1000000,0,0,0,1263000,263000,1000000,1000000
055641,鴻海元富97購04  ,0,0,0,0,0,0,0,0,0,991000,0,0,0,1036000,45000,991000,991000
056955,台灣50永豐98購01,0,445000,-445000,0,0,0,0,0,0,1429000,0,0,0,1959000,530000,1429000,984000
03651C,臺股指凱基97牛17,0,0,0,0,0,0,0,0,0,981000,0,0,0,1120000,139000,981000,981000
1714,和桐            ,1466000,485000,981000,0,0,0,0,0,0,0,0,0,0,0,0,0,981000
056060,宏達電元大99購01,0,0,0,0,0,0,0,0,0,971000,0,0,0,1222000,251000,971000,971000
1605,華新            ,1345162,795000,550162,0,0,0,0,0,0,416000,82000,2000,80000,382000,46000,336000,966162
058214,世芯群益9A購01  ,0,0,0,0,0,0,0,0,0,964000,0,0,0,1067000,103000,964000,964000
1789,神隆            ,1137000,324000,813000,0,0,0,0,0,0,144000,150000,6000,144000,0,0,0,957000
054980,國巨元富97購01  ,0,0,0,0,0,0,0,0,0,955000,0,0,0,1968000,1013000,955000,955000
05815P,台積電凱基97售06,0,0,0,0,0,0,0,0,0,954000,0,0,0,1350000,396000,954000,954000
1301,台塑            ,2399526,1813766,585760,0,0,0,0,15000,-15000,373000,482000,78000,404000,1000,32000,-31000,943760
056930,晶豪科台新98購01,0,0,0,0,0,0,0,0,0,943000,0,0,0,953000,10000,943000,943000
06014P,聯發科富邦97售02,0,0,0,0,0,0,0,0,0,923000,0,0,0,974000,51000,923000,923000
5469,瀚宇博          ,1636446,648000,988446,0,0,0,0,0,0,-73000,0,2000,-2000,46000,117000,-71000,915446
051367,可成富邦97購01  ,0,0,0,0,0,0,0,0,0,915000,0,0,0,1105000,190000,915000,915000
049219,聯發科國票95購01,0,0,0,0,0,0,0,0,0,913000,0,0,0,994000,81000,913000,913000
056588,聯發科統一9A購02,0,0,0,0,0,0,0,0,0,912000,0,0,0,976000,64000,912000,912000
8112,至上            ,1110000,493000,617000,0,0,0,300000,0,300000,-10000,0,10000,-10000,0,0,0,907000
0050,元大台灣50      ,2867050,200000,2667050,0,0,0,0,0,0,-1761000,221000,1185000,-964000,1012000,1809000,-797000,906050
2504,國產            ,1069000,166000,903000,0,0,0,0,0,0,3000,0,0,0,3000,0,3000,906000
06440P,台積電凱基98售07,0,0,0,0,0,0,0,0,0,905000,0,0,0,3304000,2399000,905000,905000
054509,上証反元大99購01,0,0,0,0,0,0,0,0,0,893000,0,0,0,1723000,830000,893000,893000
05755P,臺股指中信99售04,0,0,0,0,0,0,0,0,0,889000,0,0,0,998000,109000,889000,889000
049875,台積電永豐94購04,0,0,0,0,0,0,0,0,0,884000,0,0,0,1188000,304000,884000,884000
051142,臺股指永豐95購02,0,0,0,0,0,0,0,0,0,883000,0,0,0,883000,0,883000,883000
053851,鴻海國泰98購03  ,0,0,0,0,0,0,0,0,0,876000,0,0,0,942000,66000,876000,876000
2812,台中銀          ,998000,126000,872000,0,0,0,0,0,0,-1000,0,1000,-1000,0,0,0,871000
052456,滬深2X元富9B購03,0,0,0,0,0,0,0,0,0,866000,0,0,0,1120000,254000,866000,866000
051514,智邦凱基95購05  ,0,0,0,0,0,0,0,0,0,857000,0,0,0,907000,50000,857000,857000
5871,中租-KY         ,3761962,2955685,806277,0,0,0,28000,0,28000,14000,14000,0,14000,0,0,0,848277
2329,華泰            ,1497000,828000,669000,0,0,0,0,0,0,173000,0,1000,-1000,201000,27000,174000,842000
050503,聯發科凱基94購22,0,0,0,0,0,0,0,0,0,839000,0,0,0,899000,60000,839000,839000
3017,奇鋐            ,1500200,1320000,180200,0,0,0,535000,0,535000,123000,0,2000,-2000,174000,49000,125000,838200
05361P,聯發科富邦97售01,0,0,0,0,0,0,0,0,0,837000,0,0,0,937000,100000,837000,837000
3014,聯陽            ,1060000,154000,906000,0,0,0,0,0,0,-81000,20000,2000,18000,2000,101000,-99000,825000
056193,聯發科富邦99購08,0,0,0,0,0,0,0,0,0,811000,0,0,0,1341000,530000,811000,811000
050562,瑞昱元富94購02  ,0,0,0,0,0,0,0,0,0,810000,0,0,0,810000,0,810000,810000
048590,貿聯兆豐94購02  ,0,0,0,0,0,0,0,0,0,800000,0,0,0,800000,0,800000,800000
056612,台積電永豐98購01,0,0,0,0,0,0,0,0,0,798000,0,0,0,835000,37000,798000,798000
04313P,國巨元富95售03  ,0,0,0,0,0,0,0,0,0,795000,0,0,0,800000,5000,795000,795000
006207,FH滬深          ,604000,0,604000,0,0,0,0,0,0,189000,0,0,0,597000,408000,189000,793000
2499,東貝            ,792000,0,792000,0,0,0,0,0,0,0,0,0,0,0,0,0,792000
05774P,臺股指凱基99售04,0,0,0,0,0,0,0,0,0,781000,0,0,0,1260000,479000,781000,781000
055316,上銀國票98購01  ,0,0,0,0,0,0,0,0,0,775000,0,0,0,790000,15000,775000,775000
053418,旺宏永豐96購02  ,0,0,0,0,0,0,0,0,0,770000,0,0,0,1140000,370000,770000,770000
06767P,台積電永昌99售03,0,0,0,0,0,0,0,0,0,760000,0,0,0,860000,100000,760000,760000
051948,滬深2X元富9B購01,0,0,0,0,0,0,0,0,0,757000,0,0,0,767000,10000,757000,757000
050590,晶技永豐95購01  ,0,0,0,0,0,0,0,0,0,756000,0,0,0,825000,69000,756000,756000
054072,台積電富邦98購02,0,0,0,0,0,0,0,0,0,754000,0,0,0,1419000,665000,754000,754000
056545,TPK凱基98購02   ,0,0,0,0,0,0,0,0,0,745000,0,0,0,905000,160000,745000,745000
056767,大毅元大99購01  ,0,0,0,0,0,0,0,0,0,745000,0,0,0,767000,22000,745000,745000
055193,世芯元富97購02  ,0,0,0,0,0,0,0,0,0,730000,0,0,0,1883000,1153000,730000,730000
3231,緯創            ,5539530,5033379,506151,0,0,0,0,0,0,221000,0,24000,-24000,264000,19000,245000,727151
057248,台積電統一98購08,0,0,0,0,0,0,0,0,0,726000,0,0,0,781000,55000,726000,726000
056362,聯發科元大99購01,0,0,0,0,0,0,0,0,0,725000,0,0,0,861000,136000,725000,725000
053699,臺股指元大96購22,0,0,0,0,0,0,0,0,0,716000,0,0,0,716000,0,716000,716000
9958,世紀鋼          ,536000,223000,313000,0,0,0,217000,0,217000,185000,27000,26000,1000,266000,82000,184000,715000
2618,長榮航          ,4759708,4182339,577369,0,0,0,0,0,0,127000,217000,138000,79000,48000,0,48000,704369
050424,鴻海凱基96購03  ,0,0,0,0,0,0,0,0,0,701000,0,0,0,701000,0,701000,701000
056862,聯發科群益98購03,0,0,0,0,0,0,0,0,0,700000,0,0,0,885000,185000,700000,700000
00643,群益深証中小    ,165000,141000,24000,0,0,0,0,0,0,672000,0,0,0,1085000,413000,672000,696000
05400P,台積電永豐95售05,0,0,0,0,0,0,0,0,0,693000,0,0,0,858000,165000,693000,693000
048745,儒鴻元富97購02  ,0,0,0,0,0,0,0,0,0,686000,0,0,0,1015000,329000,686000,686000
9945,潤泰新          ,871058,193000,678058,0,0,0,0,0,0,-8000,1000,9000,-8000,0,0,0,670058
4142,國光生          ,2277000,1538000,739000,0,0,0,0,0,0,-74000,20000,94000,-74000,0,0,0,665000
055210,S&P正2凱基97購01,0,0,0,0,0,0,0,0,0,663000,0,0,0,663000,0,663000,663000
045213,A50正2元大95購01,0,0,0,0,0,0,0,0,0,654000,0,0,0,656000,2000,654000,654000
2489,瑞軒            ,741000,92000,649000,0,0,0,0,0,0,0,0,0,0,0,0,0,649000
052291,鴻海元富97購02  ,0,0,0,0,0,0,0,0,0,648000,0,0,0,648000,0,648000,648000
056662,臺股指元大9A購09,0,0,0,0,0,0,0,0,0,647000,0,0,0,660000,13000,647000,647000
044104,鴻海中信95購03  ,0,0,0,0,0,0,0,0,0,646000,0,0,0,646000,0,646000,646000
3596,智易            ,666800,246975,419825,0,0,0,0,0,0,221000,3000,13000,-10000,238000,7000,231000,640825
053401,臺股指中信99購01,0,5000,-5000,0,0,0,0,0,0,643000,0,0,0,672000,29000,643000,638000
6257,矽格            ,1963326,1993415,-30089,0,0,0,0,0,0,660000,452000,105000,347000,317000,4000,313000,629911
050421,鴻海凱基95購04  ,0,0,0,0,0,0,0,0,0,628000,0,0,0,1089000,461000,628000,628000
051733,中環國票96購02  ,0,0,0,0,0,0,0,0,0,627000,0,0,0,627000,0,627000,627000
2353,宏碁            ,2879776,2177000,702776,0,0,0,0,0,0,-76000,24000,11000,13000,29000,118000,-89000,626776
057602,聯茂群益98購02  ,0,0,0,0,0,0,0,0,0,625000,0,0,0,749000,124000,625000,625000
054331,世芯永豐96購03  ,0,0,0,0,0,0,0,0,0,618000,0,0,0,826000,208000,618000,618000
056994,緯穎兆豐98購02  ,0,0,0,0,0,0,0,0,0,616000,0,0,0,742000,126000,616000,616000
050400,臻鼎中信97購01  ,0,0,0,0,0,0,0,0,0,613000,0,0,0,850000,237000,613000,613000
4968,立積            ,1293000,692000,601000,0,0,0,0,0,0,11000,4000,116000,-112000,127000,4000,123000,612000
054377,臺股指中信99購09,0,0,0,0,0,0,0,0,0,611000,0,0,0,786000,175000,611000,611000
050893,鴻海元大96購03  ,0,0,0,0,0,0,0,0,0,610000,0,0,0,667000,57000,610000,610000
055048,台積電永豐97購04,0,0,0,0,0,0,0,0,0,610000,0,0,0,661000,51000,610000,610000
057428,正崴兆豐98購01  ,0,0,0,0,0,0,0,0,0,609000,0,0,0,609000,0,609000,609000
058257,聯陽國泰9B購01  ,0,0,0,0,0,0,0,0,0,609000,0,0,0,609000,0,609000,609000
048595,儒鴻國票96購01  ,0,0,0,0,0,0,0,0,0,608000,0,0,0,643000,35000,608000,608000
056661,臺股指元大9A購08,0,0,0,0,0,0,0,0,0,603000,0,0,0,608000,5000,603000,603000
048573,世紀鋼元大93購05,0,0,0,0,0,0,0,0,0,599000,0,0,0,599000,0,599000,599000
054206,鴻海國票99購01  ,0,0,0,0,0,0,0,0,0,599000,0,0,0,679000,80000,599000,599000
054891,聯鈞統一99購02  ,0,0,0,0,0,0,0,0,0,597000,0,0,0,621000,24000,597000,597000
053440,台積電凱基96購12,0,0,0,0,0,0,0,0,0,590000,0,0,0,590000,0,590000,590000
054621,華新科兆豐98購01,0,0,0,0,0,0,0,0,0,590000,0,0,0,640000,50000,590000,590000
054727,台積電日盛97購02,0,0,0,0,0,0,0,0,0,588000,0,0,0,1000000,412000,588000,588000
052913,鴻海元富96購05  ,0,0,0,0,0,0,0,0,0,587000,0,0,0,587000,0,587000,587000
056580,泰鼎元大9A購01  ,0,0,0,0,0,0,0,0,0,581000,0,0,0,885000,304000,581000,581000
058134,信邦元大99購01  ,0,0,0,0,0,0,0,0,0,579000,0,0,0,581000,2000,579000,579000
053080,力山元大96購02  ,0,0,0,0,0,0,0,0,0,578000,0,0,0,600000,22000,578000,578000
053614,台積電群益96購08,0,0,0,0,0,0,0,0,0,576000,0,0,0,576000,0,576000,576000
055300,緯穎元大98購01  ,0,0,0,0,0,0,0,0,0,572000,0,0,0,778000,206000,572000,572000
056033,T50正2凱基99購02,0,0,0,0,0,0,0,0,0,569000,0,0,0,584000,15000,569000,569000
045829,滬深2X群益95購02,0,0,0,0,0,0,0,0,0,568000,0,0,0,568000,0,568000,568000
1217,愛之味          ,740000,174000,566000,0,0,0,0,0,0,-1000,0,1000,-1000,0,0,0,565000
056650,彩晶凱基9A購01  ,0,0,0,0,0,0,0,0,0,558000,0,0,0,558000,0,558000,558000
051408,台積電國票95購03,0,0,0,0,0,0,0,0,0,558000,0,0,0,566000,8000,558000,558000
053124,聯發科凱基96購12,0,0,0,0,0,0,0,0,0,557000,0,0,0,557000,0,557000,557000
055166,台積電統一97購05,0,0,0,0,0,0,0,0,0,557000,0,0,0,589000,32000,557000,557000
00647L,元大S&P500正2   ,6000,1000,5000,0,0,0,0,0,0,551000,0,0,0,813000,262000,551000,556000
2308,台達電          ,2665688,1946210,719478,0,0,0,2000,58000,-56000,-109000,0,108000,-108000,13000,14000,-1000,554478
8271,宇瞻            ,737000,535000,202000,0,0,0,372000,0,372000,-22000,0,22000,-22000,0,0,0,552000
053971,聯發科元大97購09,0,0,0,0,0,0,0,0,0,549000,0,0,0,549000,0,549000,549000
047571,滬深2X群益99購01,0,0,0,0,0,0,0,0,0,543000,0,0,0,607000,64000,543000,543000
1227,佳格            ,816000,273855,542145,0,0,0,0,0,0,0,0,0,0,0,0,0,542145
055569,聚陽統一98購01  ,0,0,0,0,0,0,0,0,0,542000,0,0,0,555000,13000,542000,542000
056432,鴻海凱基98購08  ,0,0,0,0,0,0,0,0,0,540000,0,0,0,606000,66000,540000,540000
6669,緯穎            ,1164000,701000,463000,0,0,0,80000,25000,55000,22000,39000,64000,-25000,53000,6000,47000,540000
048666,康控統一93購01  ,0,0,0,0,0,0,0,0,0,539000,0,0,0,539000,0,539000,539000
051119,光寶科群益95購01,0,0,0,0,0,0,0,0,0,537000,0,0,0,547000,10000,537000,537000
057692,臺股指凱基98購10,0,0,0,0,0,0,0,0,0,533000,0,0,0,550000,17000,533000,533000
045873,元油2X元富98購04,0,0,0,0,0,0,0,0,0,532000,0,0,0,910000,378000,532000,532000
050724,國巨國票96購01  ,0,0,0,0,0,0,0,0,0,532000,0,0,0,641000,109000,532000,532000
2889,國票金          ,601000,69000,532000,0,0,0,0,0,0,0,0,0,0,0,0,0,532000
6531,愛普            ,663000,160000,503000,0,0,0,0,0,0,25000,30000,5000,25000,0,0,0,528000
06741P,台積電富邦98售04,0,0,0,0,0,0,0,0,0,526000,0,0,0,585000,59000,526000,526000
046154,道瓊指群益94購01,0,0,0,0,0,0,0,0,0,525000,0,0,0,555000,30000,525000,525000
055152,旺宏元大98購04  ,0,5000,-5000,0,0,0,0,0,0,530000,0,0,0,828000,298000,530000,525000
051843,聯發科富邦99購01,0,0,0,0,0,0,0,0,0,524000,0,0,0,606000,82000,524000,524000
3682,亞太電          ,615000,87000,528000,0,0,0,0,0,0,-4000,0,4000,-4000,0,0,0,524000
4906,正文            ,531000,94000,437000,0,0,0,0,0,0,85000,0,2000,-2000,87000,0,87000,522000
06225P,華新科元富97售04,0,0,0,0,0,0,0,0,0,520000,0,0,0,724000,204000,520000,520000
057191,祥碩元大98購05  ,0,0,0,0,0,0,0,0,0,518000,0,0,0,775000,257000,518000,518000
2601,益航            ,620000,102000,518000,0,0,0,0,0,0,0,0,0,0,0,0,0,518000
056464,臺股指凱基99購06,0,0,0,0,0,0,0,0,0,517000,0,0,0,572000,55000,517000,517000
2912,統一超          ,902186,386945,515241,0,0,0,0,0,0,1000,1000,0,1000,0,0,0,516241
052956,聯發科日盛96購01,0,0,0,0,0,0,0,0,0,515000,0,0,0,515000,0,515000,515000
055706,大立光永豐97購03,0,0,0,0,0,0,0,0,0,515000,0,0,0,515000,0,515000,515000
050614,聯發科元大95購04,0,0,0,0,0,0,0,0,0,511000,0,0,0,596000,85000,511000,511000
052135,聯發科凱基9B購01,0,0,0,0,0,0,0,0,0,511000,0,0,0,606000,95000,511000,511000
046241,聯發科中信94購02,0,0,0,0,0,0,0,0,0,510000,0,0,0,560000,50000,510000,510000
2014,中鴻            ,1081834,452000,629834,0,0,0,0,0,0,-120000,0,120000,-120000,0,0,0,509834
2606,裕民            ,549000,46000,503000,0,0,0,0,0,0,3000,3000,0,3000,0,0,0,506000
052785,滬深2X中信99購03,0,0,0,0,0,0,0,0,0,505000,0,0,0,505000,0,505000,505000
056782,鴻海群益98購04  ,0,0,0,0,0,0,0,0,0,504000,0,0,0,827000,323000,504000,504000
05708P,奇力新國票97售04,0,0,0,0,0,0,0,0,0,502000,0,0,0,522000,20000,502000,502000
053987,宏碁亞東96購01  ,0,0,0,0,0,0,0,0,0,501000,0,0,0,501000,0,501000,501000
051355,聯發科元大96購01,0,0,0,0,0,0,0,0,0,500000,0,0,0,500000,0,500000,500000
053953,群創台新97購01  ,0,0,0,0,0,0,0,0,0,500000,0,0,0,500000,0,500000,500000
049617,光罩群益94購03  ,0,0,0,0,0,0,0,0,0,499000,0,0,0,499000,0,499000,499000
052832,益航群益96購01  ,0,0,0,0,0,0,0,0,0,499000,0,0,0,499000,0,499000,499000
050886,台積電富邦95購04,0,0,0,0,0,0,0,0,0,499000,0,0,0,499000,0,499000,499000
06516P,國巨凱基98售08  ,0,0,0,0,0,0,0,0,0,498000,0,0,0,675000,177000,498000,498000
057282,大立光元大99購06,0,0,0,0,0,0,0,0,0,495000,0,0,0,500000,5000,495000,495000
056663,臺股指元大9A購10,0,0,0,0,0,0,0,0,0,492000,0,0,0,564000,72000,492000,492000
058224,世芯統一9B購02  ,0,0,0,0,0,0,0,0,0,492000,0,0,0,505000,13000,492000,492000
052417,聯發科兆豐9B購01,0,0,0,0,0,0,0,0,0,492000,0,0,0,558000,66000,492000,492000
05270P,台表科元大95售05,0,0,0,0,0,0,0,0,0,491000,0,0,0,491000,0,491000,491000
054346,世芯國票97購01  ,0,0,0,0,0,0,0,0,0,491000,0,0,0,531000,40000,491000,491000
055369,友訊元大97購01  ,0,0,0,0,0,0,0,0,0,491000,0,0,0,507000,16000,491000,491000
054073,群創富邦96購03  ,0,0,0,0,0,0,0,0,0,486000,0,0,0,595000,109000,486000,486000
2101,南港            ,616000,165000,451000,0,0,0,0,0,0,34000,0,0,0,34000,0,34000,485000
051618,智邦凱基95購06  ,0,0,0,0,0,0,0,0,0,484000,0,0,0,720000,236000,484000,484000
1103,嘉泥            ,543000,60000,483000,0,0,0,0,0,0,0,0,0,0,0,0,0,483000
057960,聯鈞元大98購02  ,0,0,0,0,0,0,0,0,0,476000,0,0,0,545000,69000,476000,476000
057336,聯發科國票99購01,0,0,0,0,0,0,0,0,0,476000,0,0,0,521000,45000,476000,476000
050812,台積電凱基95購01,0,0,0,0,0,0,0,0,0,476000,0,0,0,487000,11000,476000,476000
2323,中環            ,2269000,1730512,538488,0,0,0,3000,0,3000,-67000,0,102000,-102000,60000,25000,35000,474488
056990,聯發科兆豐98購01,0,0,0,0,0,0,0,0,0,471000,0,0,0,541000,70000,471000,471000
054138,晶技元大98購02  ,0,0,0,0,0,0,0,0,0,471000,0,0,0,554000,83000,471000,471000
053718,全新凱基97購02  ,0,0,0,0,0,0,0,0,0,471000,0,0,0,579000,108000,471000,471000
053443,智邦凱基97購01  ,0,0,0,0,0,0,0,0,0,470000,0,0,0,524000,54000,470000,470000
052284,日月光凱基96購01,0,0,0,0,0,0,0,0,0,470000,0,0,0,470000,0,470000,470000
054112,台積電麥證96購02,0,0,0,470000,0,470000,0,0,0,470000,0,0,0,470000,0,470000,470000
05536P,奇力新元大96售03,0,0,0,0,0,0,0,0,0,470000,0,0,0,470000,0,470000,470000
06822P,上銀富邦99售03  ,0,0,0,0,0,0,0,0,0,469000,0,0,0,486000,17000,469000,469000
048269,瀚宇博國泰95購01,0,0,0,0,0,0,0,0,0,468000,0,0,0,503000,35000,468000,468000
052738,聯電元大98購02  ,0,0,0,0,0,0,0,0,0,468000,0,0,0,647000,179000,468000,468000
2841,台開            ,655000,189000,466000,0,0,0,0,0,0,0,0,0,0,0,0,0,466000
045055,聯發科元富98購03,0,0,0,0,0,0,0,0,0,465000,0,0,0,473000,8000,465000,465000
053150,聯發科元大96購11,0,0,0,0,0,0,0,0,0,464000,0,0,0,465000,1000,464000,464000
2027,大成鋼          ,744000,539000,205000,0,0,0,0,0,0,259000,58000,0,58000,201000,0,201000,464000
6202,盛群            ,471000,645000,-174000,0,0,0,590000,0,590000,48000,50000,2000,48000,0,0,0,464000
053181,滬深2X元富99購02,0,0,0,0,0,0,0,0,0,462000,0,0,0,693000,231000,462000,462000
057317,技嘉凱基98購02  ,0,0,0,0,0,0,0,0,0,461000,0,0,0,487000,26000,461000,461000
057402,嘉晶群益98購02  ,0,0,0,0,0,0,0,0,0,458000,0,0,0,582000,124000,458000,458000
2809,京城銀          ,276000,362000,-86000,0,0,0,400000,0,400000,140000,160000,20000,140000,0,0,0,454000
050688,大立光日盛94購03,0,0,0,0,0,0,0,0,0,453000,0,0,0,772000,319000,453000,453000
054955,宏達電元大98購01,0,0,0,0,0,0,0,0,0,453000,0,0,0,541000,88000,453000,453000
055890,鴻海統一99購01  ,0,0,0,0,0,0,0,0,0,453000,0,0,0,463000,10000,453000,453000
056874,友達凱基98購08  ,0,0,0,0,0,0,0,0,0,450000,0,0,0,450000,0,450000,450000
006206,元大上證50      ,179000,0,179000,0,0,0,0,0,0,265000,0,0,0,296000,31000,265000,444000
048334,A50正2元大96購01,0,0,0,0,0,0,0,0,0,442000,0,0,0,500000,58000,442000,442000
051013,旺宏凱基95購03  ,0,0,0,0,0,0,0,0,0,440000,0,0,0,440000,0,440000,440000
055663,崇越中信97購01  ,0,0,0,0,0,0,0,0,0,440000,0,0,0,649000,209000,440000,440000
057905,臺股指永豐98購06,0,0,0,0,0,0,0,0,0,438000,0,0,0,493000,55000,438000,438000
6505,台塑化          ,1463506,631000,832506,0,0,0,208000,65000,143000,-542000,0,1000,-1000,0,541000,-541000,433506
046793,聯發科元富99購01,0,0,0,0,0,0,0,0,0,432000,0,0,0,453000,21000,432000,432000
053131,華通國票97購03  ,0,0,0,0,0,0,0,0,0,431000,0,0,0,431000,0,431000,431000
054916,聯發科凱基98購04,0,0,0,0,0,0,0,0,0,430000,0,0,0,430000,0,430000,430000
056608,力山永豐98購01  ,0,0,0,0,0,0,0,0,0,426000,0,0,0,564000,138000,426000,426000
047248,奇鋐群益95購01  ,0,0,0,0,0,0,0,0,0,425000,0,0,0,425000,0,425000,425000
051357,可成元大95購05  ,0,0,0,0,0,0,0,0,0,425000,0,0,0,425000,0,425000,425000
058138,晶相光元大9C購01,0,0,0,0,0,0,0,0,0,422000,0,0,0,617000,195000,422000,422000
049178,宏達電凱基94購02,0,0,0,0,0,0,0,0,0,420000,0,0,0,820000,400000,420000,420000
045054,聯發科元富98購02,0,0,0,0,0,0,0,0,0,419000,0,0,0,422000,3000,419000,419000
049411,大成鋼凱基94購01,0,0,0,0,0,0,0,0,0,418000,0,0,0,418000,0,418000,418000
047886,京元電富邦95購01,0,0,0,0,0,0,0,0,0,417000,0,0,0,427000,10000,417000,417000
055450,台積電元富97購01,0,0,0,0,0,0,0,0,0,416000,0,0,0,916000,500000,416000,416000
1718,中纖            ,435000,19000,416000,0,0,0,0,0,0,0,0,0,0,0,0,0,416000
047421,聯茂富邦97購01  ,0,0,0,0,0,0,0,0,0,415000,0,0,0,896000,481000,415000,415000
054508,臺股指永豐96購04,0,0,0,0,0,0,0,0,0,413000,0,0,0,413000,0,413000,413000
053071,南電群益96購01  ,0,0,0,0,0,0,0,0,0,412000,0,0,0,475000,63000,412000,412000
2342,茂矽            ,799000,386000,413000,0,0,0,0,0,0,-2000,0,2000,-2000,0,0,0,411000
050521,聯發科元大94購15,0,0,0,0,0,0,0,0,0,410000,0,0,0,450000,40000,410000,410000
054644,A50正2群益9B購01,0,0,0,0,0,0,0,0,0,410000,0,0,0,430000,20000,410000,410000
5471,松翰            ,1216000,798000,418000,0,0,0,0,0,0,-10000,0,10000,-10000,0,0,0,408000
05724P,致茂永豐96售01  ,0,0,0,0,0,0,0,0,0,407000,0,0,0,407000,0,407000,407000
2515,中工            ,512000,110000,402000,0,0,0,0,0,0,5000,0,0,0,10000,5000,5000,407000
056241,緯創群益97購01  ,0,0,0,0,0,0,0,0,0,406000,0,0,0,504000,98000,406000,406000
057472,T50正2元大9B購03,0,0,0,0,0,0,0,0,0,406000,0,0,0,423000,17000,406000,406000
051800,旺宏永豐95購02  ,0,0,0,0,0,0,0,0,0,405000,0,0,0,405000,0,405000,405000
055003,群創元富99購05  ,0,0,0,0,0,0,0,0,0,405000,0,0,0,478000,73000,405000,405000
057886,聯詠群益98購01  ,0,0,0,0,0,0,0,0,0,404000,0,0,0,458000,54000,404000,404000
056988,聚陽兆豐98購01  ,0,0,0,0,0,0,0,0,0,404000,0,0,0,444000,40000,404000,404000
054198,台積電永昌96購08,0,0,0,0,0,0,0,0,0,404000,0,0,0,425000,21000,404000,404000
057813,京元電元大98購03,0,0,0,0,0,0,0,0,0,401000,0,0,0,426000,25000,401000,401000
3042,晶技            ,1307000,1371000,-64000,0,0,0,288000,0,288000,177000,156000,82000,74000,405000,302000,103000,401000
056595,台積電元富98購04,0,0,0,0,0,0,0,0,0,400000,0,0,0,962000,562000,400000,400000
04595P,臺股指元大94售13,0,0,0,0,0,0,0,0,0,400000,0,0,0,400000,0,400000,400000
047910,全新麥證94購01  ,0,0,0,430000,30000,400000,0,0,0,400000,0,0,0,430000,30000,400000,400000
05304P,國巨國泰97售02  ,0,0,0,0,0,0,0,0,0,400000,0,0,0,400000,0,400000,400000
053006,玉晶光永豐96購03,0,0,0,0,0,0,0,0,0,399000,0,0,0,452000,53000,399000,399000
054556,世芯凱基99購01  ,0,0,0,0,0,0,0,0,0,399000,0,0,0,662000,263000,399000,399000
1402,遠東新          ,1754384,1405383,349001,0,0,0,0,0,0,49000,50000,1000,49000,11000,11000,0,398001
057884,華邦電群益98購02,0,0,0,0,0,0,0,0,0,398000,0,0,0,459000,61000,398000,398000
8016,矽創            ,681198,872000,-190802,0,0,0,371000,20000,351000,237000,24000,1000,23000,218000,4000,214000,397198
05370P,矽創元富95售01  ,0,0,0,0,0,0,0,0,0,397000,0,0,0,434000,37000,397000,397000
07480P,FBVIX凱基94售01 ,0,0,0,0,0,0,0,0,0,397000,0,0,0,564000,167000,397000,397000
056474,華新科元大99購05,0,0,0,0,0,0,0,0,0,396000,0,0,0,501000,105000,396000,396000
4119,旭富            ,715000,430000,285000,0,0,0,0,0,0,110000,34000,21000,13000,142000,45000,97000,395000
053039,聯發科凱基96購11,0,0,0,0,0,0,0,0,0,392000,0,0,0,392000,0,392000,392000
05201P,玉晶光國泰97售02,0,0,0,0,0,0,0,0,0,392000,0,0,0,433000,41000,392000,392000
2480,敦陽科          ,477000,56000,421000,0,0,0,0,0,0,-29000,1000,30000,-29000,0,0,0,392000
052239,泰鼎國票97購01  ,0,0,0,0,0,0,0,0,0,390000,0,0,0,398000,8000,390000,390000
053254,群創國泰98購02  ,0,0,0,0,0,0,0,0,0,387000,0,0,0,387000,0,387000,387000
6285,啟碁            ,547000,207000,340000,0,0,0,0,0,0,47000,0,0,0,47000,0,47000,387000
2338,光罩            ,861000,337000,524000,0,0,0,0,0,0,-138000,0,0,0,53000,191000,-138000,386000
056904,大立光元大99購05,0,0,0,0,0,0,0,0,0,385000,0,0,0,395000,10000,385000,385000
053925,群創國票98購01  ,0,0,0,0,0,0,0,0,0,385000,0,0,0,625000,240000,385000,385000
048460,盛群凱基94購01  ,0,75000,-75000,0,0,0,0,0,0,459000,0,0,0,1129000,670000,459000,384000
051033,台積電兆豐95購03,0,0,0,0,0,0,0,0,0,384000,0,0,0,384000,0,384000,384000
1440,南紡            ,436000,52000,384000,0,0,0,0,0,0,-1000,0,1000,-1000,0,0,0,383000
055588,瑞昱元大97購03  ,0,0,0,0,0,0,0,0,0,382000,0,0,0,480000,98000,382000,382000
055744,茂林元富97購02  ,0,0,0,0,0,0,0,0,0,381000,0,0,0,1140000,759000,381000,381000
053507,百和兆豐96購01  ,0,0,0,0,0,0,0,0,0,381000,0,0,0,391000,10000,381000,381000
056660,臺股指元大9A購07,0,0,0,0,0,0,0,0,0,380000,0,0,0,484000,104000,380000,380000
048826,宏達電凱基94購01,0,0,0,0,0,0,0,0,0,380000,0,0,0,430000,50000,380000,380000
052380,臺股指元大95購21,0,0,0,0,0,0,0,0,0,377000,0,0,0,377000,0,377000,377000
056505,聯發科永豐98購01,0,0,0,0,0,0,0,0,0,376000,0,0,0,535000,159000,376000,376000
052130,國巨凱基9B購01  ,0,0,0,0,0,0,0,0,0,376000,0,0,0,652000,276000,376000,376000
053339,友達國票97購02  ,0,0,0,0,0,0,0,0,0,376000,0,0,0,381000,5000,376000,376000
054724,鴻海日盛97購02  ,0,0,0,0,0,0,0,0,0,374000,0,0,0,400000,26000,374000,374000
4977,眾達-KY         ,380000,102000,278000,0,0,0,0,0,0,95000,103000,9000,94000,1000,0,1000,373000
03646C,臺股指元大95牛32,0,0,0,0,0,0,0,0,0,372000,0,0,0,382000,10000,372000,372000
8926,台汽電          ,421000,81000,340000,0,0,0,0,0,0,32000,32000,0,32000,0,0,0,372000
1707,葡萄王          ,525000,120000,405000,0,0,0,0,0,0,-34000,10000,41000,-31000,0,3000,-3000,371000
055077,臺股指永豐97購02,0,0,0,0,0,0,0,0,0,370000,0,0,0,370000,0,370000,370000
2535,達欣工          ,528000,104000,424000,0,0,0,26000,0,26000,-80000,0,80000,-80000,0,0,0,370000
056919,英業達兆豐98購01,0,0,0,0,0,0,0,0,0,369000,0,0,0,430000,61000,369000,369000
06701P,臺股指統一99售06,0,0,0,0,0,0,0,0,0,369000,0,0,0,499000,130000,369000,369000
047556,群創凱基95購01  ,0,0,0,0,0,0,0,0,0,367000,0,0,0,367000,0,367000,367000
06348P,鈺齊元富97售02  ,0,0,0,0,0,0,0,0,0,367000,0,0,0,367000,0,367000,367000
046220,滬深2X元大95購03,0,0,0,0,0,0,0,0,0,365000,0,0,0,370000,5000,365000,365000
050883,嘉聯益國泰96購01,0,0,0,0,0,0,0,0,0,365000,0,0,0,365000,0,365000,365000
053316,友達群益9A購01  ,0,0,0,0,0,0,0,0,0,364000,0,0,0,374000,10000,364000,364000
053637,強茂永豐96購01  ,0,0,0,0,0,0,0,0,0,362000,0,0,0,428000,66000,362000,362000
050984,大立光國泰97購01,0,0,0,0,0,0,0,0,0,361000,0,0,0,475000,114000,361000,361000
06177P,玉晶光元大98售07,0,0,0,0,0,0,0,0,0,360000,0,0,0,545000,185000,360000,360000
4904,遠傳            ,1779388,952005,827383,0,0,0,0,458000,-458000,-11000,0,11000,-11000,0,0,0,358383
045897,泰鼎元大93購04  ,0,0,0,0,0,0,0,0,0,358000,0,0,0,400000,42000,358000,358000
057616,聯電凱基99購01  ,0,0,0,0,0,0,0,0,0,357000,0,0,0,367000,10000,357000,357000
06072P,牧德永豐97售01  ,0,0,0,0,0,0,0,0,0,356000,0,0,0,386000,30000,356000,356000
057213,華邦電群益98購01,0,0,0,0,0,0,0,0,0,356000,0,0,0,449000,93000,356000,356000
00675L,富邦臺灣加權正2 ,42000,0,42000,0,0,0,0,0,0,314000,0,0,0,340000,26000,314000,356000
051415,晶技國票96購01  ,0,0,0,0,0,0,0,0,0,355000,0,0,0,449000,94000,355000,355000
048744,儒鴻元富97購01  ,0,0,0,0,0,0,0,0,0,354000,0,0,0,360000,6000,354000,354000
053363,旺宏國泰98購02  ,0,0,0,0,0,0,0,0,0,354000,0,0,0,424000,70000,354000,354000
06308P,國巨元富97售06  ,0,0,0,0,0,0,0,0,0,354000,0,0,0,450000,96000,354000,354000
056685,光罩統一98購03  ,40000,0,40000,0,0,0,0,0,0,313000,0,0,0,374000,61000,313000,353000
057669,嘉晶元大99購03  ,0,0,0,0,0,0,0,0,0,352000,0,0,0,450000,98000,352000,352000
052810,易華電元大96購02,0,0,0,0,0,0,0,0,0,352000,0,0,0,400000,48000,352000,352000
052885,高鐵兆豐98購01  ,0,0,0,0,0,0,0,0,0,352000,0,0,0,372000,20000,352000,352000
052653,臺股指永豐97購01,0,0,0,0,0,0,0,0,0,352000,0,0,0,352000,0,352000,352000
050101,台積電永昌96購03,0,0,0,0,0,0,0,0,0,352000,0,0,0,552000,200000,352000,352000
8081,致新            ,421000,139000,282000,0,0,0,0,0,0,70000,0,0,0,79000,9000,70000,352000
04966P,台表科元大94售04,0,0,0,0,0,0,0,0,0,351000,0,0,0,492000,141000,351000,351000
051835,百和元大95購03  ,0,0,0,0,0,0,0,0,0,350000,0,0,0,350000,0,350000,350000
054457,強茂群益96購01  ,0,0,0,0,0,0,0,0,0,350000,0,0,0,390000,40000,350000,350000
057679,臺股指元大98購09,0,0,0,0,0,0,0,0,0,349000,0,0,0,395000,46000,349000,349000
049941,臺股指元大94購24,0,0,0,0,0,0,0,0,0,349000,0,0,0,349000,0,349000,349000
054684,裕隆永豐97購01  ,0,0,0,0,0,0,0,0,0,349000,0,0,0,568000,219000,349000,349000
055445,旺宏統一99購01  ,0,0,0,0,0,0,0,0,0,348000,0,0,0,348000,0,348000,348000
057755,鴻海日盛98購01  ,0,0,0,0,0,0,0,0,0,346000,0,0,0,361000,15000,346000,346000
056306,晶相光元大98購01,0,0,0,0,0,0,0,0,0,346000,0,0,0,772000,426000,346000,346000
052927,友達元大98購02  ,0,0,0,0,0,0,0,0,0,346000,0,0,0,346000,0,346000,346000
054546,玉晶光中信9B購01,0,0,0,0,0,0,0,0,0,346000,0,0,0,381000,35000,346000,346000
048654,滬深2X元富93購05,0,0,0,0,0,0,0,0,0,345000,0,0,0,345000,0,345000,345000
053107,旺宏兆豐97購01  ,0,0,0,0,0,0,0,0,0,344000,0,0,0,344000,0,344000,344000
053650,華邦電凱基98購01,0,0,0,0,0,0,0,0,0,344000,0,0,0,345000,1000,344000,344000
048629,滬深2X元大96購04,0,0,0,0,0,0,0,0,0,341000,0,0,0,341000,0,341000,341000
053792,百和元大96購01  ,0,150000,-150000,0,0,0,0,0,0,491000,0,0,0,577000,86000,491000,341000
06877P,台積電兆豐98售04,0,0,0,0,0,0,0,0,0,341000,0,0,0,510000,169000,341000,341000
052498,台積電永豐95購06,0,0,0,0,0,0,0,0,0,340000,0,0,0,389000,49000,340000,340000
049039,富邦金兆豐94購01,0,0,0,0,0,0,0,0,0,339000,0,0,0,340000,1000,339000,339000
055308,聯發科群益97購04,0,0,0,0,0,0,0,0,0,339000,0,0,0,339000,0,339000,339000
055655,群創元富99購07  ,0,0,0,0,0,0,0,0,0,339000,0,0,0,340000,1000,339000,339000
05885P,牧德統一96售01  ,0,0,0,0,0,0,0,0,0,336000,0,0,0,456000,120000,336000,336000
050861,鴻海永豐95購01  ,0,0,0,0,0,0,0,0,0,336000,0,0,0,336000,0,336000,336000
057896,嘉晶元富98購01  ,0,0,0,0,0,0,0,0,0,333000,0,0,0,333000,0,333000,333000
048391,友訊國票94購01  ,0,0,0,0,0,0,0,0,0,333000,0,0,0,702000,369000,333000,333000
053413,台積電國票99購01,0,0,0,0,0,0,0,0,0,333000,0,0,0,515000,182000,333000,333000
052668,聯發科群益97購01,0,0,0,0,0,0,0,0,0,332000,0,0,0,332000,0,332000,332000
050077,臺股指凱基99購02,0,0,0,0,0,0,0,0,0,332000,0,0,0,419000,87000,332000,332000
048560,聯發科元大94購01,0,0,0,0,0,0,0,0,0,330000,0,0,0,330000,0,330000,330000
051683,A50正2凱基97購01,0,0,0,0,0,0,0,0,0,330000,0,0,0,330000,0,330000,330000
052032,臺股指群益95購05,0,0,0,0,0,0,0,0,0,330000,0,0,0,330000,0,330000,330000
055851,智原元大98購01  ,0,0,0,0,0,0,0,0,0,330000,0,0,0,350000,20000,330000,330000
053654,聯發科凱基98購01,0,0,0,0,0,0,0,0,0,330000,0,0,0,370000,40000,330000,330000
9907,統一實          ,346000,4000,342000,0,0,0,0,0,0,-12000,0,12000,-12000,0,0,0,330000
3041,揚智            ,712092,386000,326092,0,0,0,0,0,0,3000,14000,11000,3000,0,0,0,329092
051939,同欣電群益97購01,0,0,0,0,0,0,0,0,0,329000,0,0,0,348000,19000,329000,329000
053911,臺股指凱基96購31,0,0,0,0,0,0,0,0,0,329000,0,0,0,329000,0,329000,329000
055792,臺股指凱基97購15,0,0,0,0,0,0,0,0,0,329000,0,0,0,329000,0,329000,329000
2481,強茂            ,673000,315000,358000,0,0,0,0,0,0,-29000,60000,0,60000,12000,101000,-89000,329000
046864,和大統一97購01  ,0,0,0,0,0,0,0,0,0,327000,0,0,0,348000,21000,327000,327000
055536,嘉聯益群益99購02,0,0,0,0,0,0,0,0,0,327000,0,0,0,359000,32000,327000,327000
054577,世芯元大98購01  ,0,0,0,0,0,0,0,0,0,327000,0,0,0,546000,219000,327000,327000
054369,鴻海中信9C購01  ,0,0,0,0,0,0,0,0,0,327000,0,0,0,636000,309000,327000,327000
057757,鴻海凱基98購13  ,0,0,0,0,0,0,0,0,0,326000,0,0,0,439000,113000,326000,326000
052852,國巨元富96購02  ,0,0,0,0,0,0,0,0,0,326000,0,0,0,326000,0,326000,326000
057152,緯穎國票99購03  ,0,0,0,0,0,0,0,0,0,325000,0,0,0,387000,62000,325000,325000
051866,聯發科凱基96購05,0,0,0,0,0,0,0,0,0,325000,0,0,0,326000,1000,325000,325000
2439,美律            ,255000,173000,82000,0,0,0,0,164000,-164000,406000,360000,11000,349000,59000,2000,57000,324000
051490,世芯凱基96購01  ,0,0,0,0,0,0,0,0,0,323000,0,0,0,366000,43000,323000,323000
053153,大立光元大99購02,0,0,0,0,0,0,0,0,0,323000,0,0,0,363000,40000,323000,323000
055719,可成元大97購03  ,0,0,0,0,0,0,0,0,0,322000,0,0,0,738000,416000,322000,322000
2105,正新            ,1004524,675000,329524,0,0,0,0,0,0,-10000,0,10000,-10000,0,0,0,319524
051405,世芯永豐95購01  ,0,0,0,0,0,0,0,0,0,318000,0,0,0,1138000,820000,318000,318000
051507,彩晶元富95購01  ,0,0,0,0,0,0,0,0,0,317000,0,0,0,377000,60000,317000,317000
00668,國泰美國道瓊    ,0,0,0,0,0,0,0,0,0,315000,0,0,0,316000,1000,315000,315000
042993,葡萄王元大94購01,0,0,0,0,0,0,0,0,0,315000,0,0,0,433000,118000,315000,315000
052594,友訊群益98購01  ,0,0,0,0,0,0,0,0,0,315000,0,0,0,347000,32000,315000,315000
05005P,台表科統一95售01,0,0,0,0,0,0,0,0,0,315000,0,0,0,357000,42000,315000,315000
055107,旺宏凱基98購04  ,0,0,0,0,0,0,0,0,0,315000,0,0,0,470000,155000,315000,315000
06231P,台積電永豐97售05,0,0,0,0,0,0,0,0,0,315000,0,0,0,489000,174000,315000,315000
051429,智邦元富95購01  ,0,0,0,0,0,0,0,0,0,314000,0,0,0,331000,17000,314000,314000
051155,聯發科國泰96購01,0,0,0,0,0,0,0,0,0,313000,0,0,0,320000,7000,313000,313000
2542,興富發          ,1034000,549000,485000,0,0,0,0,90000,-90000,-82000,0,82000,-82000,0,0,0,313000
054723,鴻海日盛97購01  ,0,0,0,0,0,0,0,0,0,312000,0,0,0,312000,0,312000,312000
056960,光罩永豐98購01  ,0,0,0,0,0,0,0,0,0,311000,0,0,0,427000,116000,311000,311000
057693,臺股指凱基98購11,0,0,0,0,0,0,0,0,0,311000,0,0,0,311000,0,311000,311000
055259,玉晶光統一9A購01,0,0,0,0,0,0,0,0,0,311000,0,0,0,321000,10000,311000,311000
048677,智伸科國泰94購01,0,0,0,0,0,0,0,0,0,309000,0,0,0,309000,0,309000,309000
06205P,台積電群益97售03,0,0,0,0,0,0,0,0,0,309000,0,0,0,342000,33000,309000,309000
053052,旺宏國票97購02  ,0,0,0,0,0,0,0,0,0,308000,0,0,0,399000,91000,308000,308000
053799,矽創中信9A購01  ,0,0,0,0,0,0,0,0,0,308000,0,0,0,605000,297000,308000,308000
052107,台積電統一95購06,0,0,0,0,0,0,0,0,0,307000,0,0,0,394000,87000,307000,307000
05412P,泰碩國票95售02  ,0,0,0,0,0,0,0,0,0,307000,0,0,0,756000,449000,307000,307000
05602P,國巨元大96售06  ,100000,0,100000,0,0,0,0,0,0,207000,0,0,0,755000,548000,207000,307000
04995P,台達電凱基96售03,0,0,0,0,0,0,0,0,0,306000,0,0,0,314000,8000,306000,306000
057815,信邦元大98購01  ,0,0,0,0,0,0,0,0,0,305000,0,0,0,350000,45000,305000,305000
056797,台積電麥證98購01,0,0,0,315000,10000,305000,0,0,0,305000,0,0,0,315000,10000,305000,305000
056375,玉晶光統一01購01,0,0,0,0,0,0,0,0,0,305000,0,0,0,310000,5000,305000,305000
047898,嘉澤群益93購02  ,0,0,0,0,0,0,0,0,0,305000,0,0,0,305000,0,305000,305000
055466,台達電凱基97購03,0,0,0,0,0,0,0,0,0,305000,0,0,0,395000,90000,305000,305000
056369,彩晶元大01購01  ,0,0,0,0,0,0,0,0,0,304000,0,0,0,304000,0,304000,304000
050142,聯發科元富9A購01,0,0,0,0,0,0,0,0,0,304000,0,0,0,354000,50000,304000,304000
049933,GIS元大95購01   ,0,0,0,0,0,0,0,0,0,301000,0,0,0,311000,10000,301000,301000
051928,大立光中信96購03,0,0,0,0,0,0,0,0,0,301000,0,0,0,322000,21000,301000,301000
054338,全新統一96購01  ,0,0,0,0,0,0,0,0,0,301000,0,0,0,382000,81000,301000,301000
04954P,健策國票96售01  ,0,0,0,0,0,0,0,0,0,300000,0,0,0,300000,0,300000,300000
049371,可成元大94購04  ,0,0,0,0,0,0,0,0,0,300000,0,0,0,300000,0,300000,300000
04878P,國巨康和94售02  ,0,0,0,0,0,0,0,0,0,300000,0,0,0,300000,0,300000,300000
047483,新光金凱基99購04,0,0,0,0,0,0,0,0,0,300000,0,0,0,300000,0,300000,300000
052335,新光金日盛95購02,0,0,0,0,0,0,0,0,0,300000,0,0,0,300000,0,300000,300000
053111,緯創兆豐97購01  ,0,0,0,0,0,0,0,0,0,300000,0,0,0,340000,40000,300000,300000
054306,聯發科凱基96購23,0,0,0,0,0,0,0,0,0,300000,0,0,0,300000,0,300000,300000
055685,日月光凱基97購02,0,0,0,0,0,0,0,0,0,300000,0,0,0,300000,0,300000,300000
06237P,台積電元大97售26,0,0,0,0,0,0,0,0,0,300000,0,0,0,300000,0,300000,300000
052760,盟立群益96購01  ,0,0,0,0,0,0,0,0,0,299000,0,0,0,299000,0,299000,299000
054695,世芯永豐98購01  ,0,0,0,0,0,0,0,0,0,299000,0,0,0,320000,21000,299000,299000
056569,T50正2元大9B購02,0,0,0,0,0,0,0,0,0,298000,0,0,0,298000,0,298000,298000
047457,旺宏群益95購01  ,0,0,0,0,0,0,0,0,0,298000,0,0,0,313000,15000,298000,298000
053649,台積電凱基97購05,0,0,0,0,0,0,0,0,0,298000,0,0,0,345000,47000,298000,298000
054137,聯詠元大97購02  ,0,0,0,0,0,0,0,0,0,297000,0,0,0,336000,39000,297000,297000
3533,嘉澤            ,409644,247000,162644,0,0,0,341000,248000,93000,41000,27000,2000,25000,18000,2000,16000,296644
049670,鈺齊國泰96購01  ,0,0,0,0,0,0,0,0,0,296000,0,0,0,515000,219000,296000,296000
055852,聯鈞元大98購01  ,0,0,0,0,0,0,0,0,0,296000,0,0,0,408000,112000,296000,296000
056921,京元電兆豐98購01,0,0,0,0,0,0,0,0,0,295000,0,0,0,442000,147000,295000,295000
052614,聯電國泰97購01  ,0,0,0,0,0,0,0,0,0,295000,0,0,0,295000,0,295000,295000
054272,華通中信98購01  ,0,0,0,0,0,0,0,0,0,295000,0,0,0,295000,0,295000,295000
054372,南亞科中信96購01,0,0,0,0,0,0,0,0,0,294000,0,0,0,301000,7000,294000,294000
055350,聯發科凱基97購02,0,0,0,0,0,0,0,0,0,294000,0,0,0,304000,10000,294000,294000
06376P,上銀統一99售01  ,0,0,0,0,0,0,0,0,0,294000,0,0,0,335000,41000,294000,294000
1513,中興電          ,327000,30700,296300,0,0,0,1000,0,1000,-4000,0,4000,-4000,0,0,0,293300
053563,台積電富邦97購01,9000,0,9000,0,0,0,0,0,0,284000,0,0,0,284000,0,284000,293000
05893P,國巨兆豐96售04  ,0,0,0,0,0,0,0,0,0,290000,0,0,0,335000,45000,290000,290000
03543P,台泥中信02售01  ,0,0,0,0,0,0,0,0,0,290000,0,0,0,415000,125000,290000,290000
052383,臺股指元大95購29,0,0,0,0,0,0,0,0,0,290000,0,0,0,291000,1000,290000,290000
054726,台積電日盛97購01,0,0,0,0,0,0,0,0,0,290000,0,0,0,290000,0,290000,290000
055738,玉山金元富97購01,0,0,0,0,0,0,0,0,0,290000,0,0,0,300000,10000,290000,290000
055825,臺股指國票97購12,0,0,0,0,0,0,0,0,0,290000,0,0,0,300000,10000,290000,290000
2393,億光            ,591000,407000,184000,0,0,0,0,0,0,104000,72000,3000,69000,86000,51000,35000,288000
053969,瑞昱元大97購01  ,0,0,0,0,0,0,0,0,0,287000,0,0,0,299000,12000,287000,287000
048841,聯茂凱基94購06  ,0,0,0,0,0,0,0,0,0,286000,0,0,0,316000,30000,286000,286000
051944,智邦統一95購02  ,0,0,0,0,0,0,0,0,0,286000,0,0,0,334000,48000,286000,286000
052618,群創國泰98購01  ,0,0,0,0,0,0,0,0,0,286000,0,0,0,286000,0,286000,286000
054332,世芯永豐97購01  ,0,0,0,0,0,0,0,0,0,286000,0,0,0,288000,2000,286000,286000
2360,致茂            ,881633,599885,281748,0,0,0,150000,271000,-121000,125000,72000,5000,67000,60000,2000,58000,285748
052585,友達永豐97購01  ,0,0,0,0,0,0,0,0,0,285000,0,0,0,296000,11000,285000,285000
2478,大毅            ,608000,386000,222000,0,0,0,0,0,0,63000,33000,0,33000,31000,1000,30000,285000
06367P,台積電凱基97售14,0,0,0,0,0,0,0,0,0,285000,0,0,0,1209000,924000,285000,285000
050114,群創元大95購01  ,0,0,0,0,0,0,0,0,0,284000,0,0,0,378000,94000,284000,284000
5521,工信            ,317000,33000,284000,0,0,0,0,0,0,0,0,0,0,0,0,0,284000
054555,欣興凱基98購01  ,0,0,0,0,0,0,0,0,0,283000,0,0,0,466000,183000,283000,283000
05763P,致新永豐96售01  ,0,0,0,0,0,0,0,0,0,282000,0,0,0,282000,0,282000,282000
048575,旺宏國泰94購04  ,0,0,0,0,0,0,0,0,0,282000,0,0,0,292000,10000,282000,282000
047529,嘉晶元大94購02  ,0,0,0,0,0,0,0,0,0,282000,0,0,0,452000,170000,282000,282000
055741,健策元富97購01  ,0,0,0,0,0,0,0,0,0,281000,0,0,0,533000,252000,281000,281000
055192,世芯元富97購01  ,0,0,0,0,0,0,0,0,0,281000,0,0,0,761000,480000,281000,281000
058145,聯茂元大99購03  ,0,0,0,0,0,0,0,0,0,280000,0,0,0,388000,108000,280000,280000
056228,可成凱基97購03  ,0,0,0,0,0,0,0,0,0,280000,0,0,0,345000,65000,280000,280000
055771,台積電日盛97購04,0,0,0,0,0,0,0,0,0,280000,0,0,0,380000,100000,280000,280000
055868,臺股指元大97購07,0,0,0,0,0,0,0,0,0,280000,0,0,0,280000,0,280000,280000
053935,華通元富96購02  ,0,0,0,0,0,0,0,0,0,280000,0,0,0,280000,0,280000,280000
047628,新光金國票95購02,0,0,0,0,0,0,0,0,0,279000,0,0,0,330000,51000,279000,279000
057113,祥碩群益98購01  ,0,0,0,0,0,0,0,0,0,278000,0,0,0,533000,255000,278000,278000
053801,台積電凱基96購18,0,0,0,0,0,0,0,0,0,277000,0,0,0,277000,0,277000,277000
055662,上銀中信99購01  ,0,0,0,0,0,0,0,0,0,277000,0,0,0,297000,20000,277000,277000
046438,群創群益95購01  ,0,0,0,0,0,0,0,0,0,275000,0,0,0,339000,64000,275000,275000
044457,滬深2X國票97購01,0,0,0,0,0,0,0,0,0,275000,0,0,0,425000,150000,275000,275000
2880,華南金          ,3476740,3199798,276942,0,0,0,0,0,0,-2000,0,0,0,0,2000,-2000,274942
049159,同欣電中信96購01,0,0,0,0,0,0,0,0,0,274000,0,0,0,294000,20000,274000,274000
05049P,矽創永豐95售01  ,0,0,0,0,0,0,0,0,0,273000,0,0,0,315000,42000,273000,273000
5607,遠雄港          ,298000,25000,273000,0,0,0,0,0,0,0,0,0,0,0,0,0,273000
052844,台積電統一96購02,0,0,0,0,0,0,0,0,0,272000,0,0,0,301000,29000,272000,272000
054192,國巨中信98購01  ,0,0,0,0,0,0,0,0,0,272000,0,0,0,318000,46000,272000,272000
049871,T50反1台新9A購02,0,0,0,0,0,0,0,0,0,271000,0,0,0,281000,10000,271000,271000
056948,旺宏統一9A購01  ,0,0,0,0,0,0,0,0,0,270000,0,0,0,300000,30000,270000,270000
051771,上銀中信95購01  ,0,0,0,0,0,0,0,0,0,270000,0,0,0,381000,111000,270000,270000
052496,華通台新96購02  ,0,0,0,0,0,0,0,0,0,270000,0,0,0,280000,10000,270000,270000
054209,台積電國票97購08,0,0,0,0,0,0,0,0,0,270000,0,0,0,270000,0,270000,270000
053776,台積電元大96購19,0,0,0,0,0,0,0,0,0,270000,0,0,0,270000,0,270000,270000
055794,聯發科國泰99購01,0,0,0,0,0,0,0,0,0,270000,0,0,0,270000,0,270000,270000
048065,群創統一93購04  ,0,0,0,0,0,0,0,0,0,269000,0,0,0,269000,0,269000,269000
049986,嘉澤凱基94購02  ,0,0,0,0,0,0,0,0,0,269000,0,0,0,477000,208000,269000,269000
057249,華邦電統一9A購01,0,0,0,0,0,0,0,0,0,268000,0,0,0,355000,87000,268000,268000
055403,泰鼎元富97購01  ,0,0,0,0,0,0,0,0,0,268000,0,0,0,283000,15000,268000,268000
053522,臺股指群益99購01,0,0,0,0,0,0,0,0,0,268000,0,0,0,268000,0,268000,268000
06924P,台積電群益98售07,0,0,0,0,0,0,0,0,0,267000,0,0,0,1489000,1222000,267000,267000
049007,玉晶光中信96購01,0,0,0,0,0,0,0,0,0,266000,0,0,0,505000,239000,266000,266000
04603P,訊芯凱基94售03  ,0,0,0,0,0,0,0,0,0,265000,0,0,0,315000,50000,265000,265000
048059,欣興國泰95購01  ,0,0,0,0,0,0,0,0,0,264000,0,0,0,310000,46000,264000,264000
06800P,台灣50群益9A售02,0,0,0,0,0,0,0,0,0,263000,0,0,0,265000,2000,263000,263000
5269,祥碩            ,324000,187436,136564,0,0,0,426000,39000,387000,-261000,16000,299000,-283000,29000,7000,22000,262564
056188,晶相光統一99購01,0,0,0,0,0,0,0,0,0,262000,0,0,0,487000,225000,262000,262000
056500,大立光富邦9B購02,0,0,0,0,0,0,0,0,0,262000,0,0,0,550000,288000,262000,262000
04914P,國巨國泰95售06  ,0,0,0,0,0,0,0,0,0,262000,0,0,0,263000,1000,262000,262000
055863,緯穎元大97購05  ,0,0,0,0,0,0,0,0,0,262000,0,0,0,364000,102000,262000,262000
06837P,上銀統一9A售02  ,0,0,0,0,0,0,0,0,0,262000,0,0,0,292000,30000,262000,262000
04907P,超眾國票95售01  ,0,0,0,0,0,0,0,0,0,261000,0,0,0,261000,0,261000,261000
054314,嘉聯益凱基97購01,0,0,0,0,0,0,0,0,0,261000,0,0,0,261000,0,261000,261000
051390,京元電兆豐95購01,0,0,0,0,0,0,0,0,0,260000,0,0,0,302000,42000,260000,260000
049213,滬深2X國票94購02,0,0,0,0,0,0,0,0,0,260000,0,0,0,270000,10000,260000,260000
053846,友達元富99購02  ,0,0,0,0,0,0,0,0,0,260000,0,0,0,260000,0,260000,260000
06198P,台積電元大98售06,0,0,0,0,0,0,0,0,0,260000,0,0,0,742000,482000,260000,260000
048872,玉晶光國票94購02,0,0,0,0,0,0,0,0,0,259000,0,0,0,422000,163000,259000,259000
3038,全台            ,349000,97000,252000,0,0,0,0,0,0,7000,7000,0,7000,0,0,0,259000
057623,友訊國泰99購01  ,0,0,0,0,0,0,0,0,0,258000,0,0,0,258000,0,258000,258000
052753,電子類元大96購02,0,0,0,0,0,0,0,0,0,258000,0,0,0,258000,0,258000,258000
047541,深中小凱基94購01,0,0,0,0,0,0,0,0,0,257000,0,0,0,257000,0,257000,257000
049906,光寶科元大94購03,0,0,0,0,0,0,0,0,0,257000,0,0,0,257000,0,257000,257000
055929,聯發科群益97購05,0,0,0,0,0,0,0,0,0,257000,0,0,0,257000,0,257000,257000
00783,富邦中証500     ,100000,6000,94000,0,0,0,0,0,0,162000,0,0,0,1152000,990000,162000,256000
1712,興農            ,265000,44000,221000,0,0,0,0,0,0,35000,40000,5000,35000,0,0,0,256000
058007,南電群益98購02  ,0,0,0,0,0,0,0,0,0,255000,0,0,0,308000,53000,255000,255000
056011,矽力中信99購01  ,0,0,0,0,0,0,0,0,0,255000,0,0,0,419000,164000,255000,255000
055998,臺股指富邦99購01,0,0,0,0,0,0,0,0,0,255000,0,0,0,274000,19000,255000,255000
054467,隆達凱基97購01  ,0,0,0,0,0,0,0,0,0,255000,0,0,0,280000,25000,255000,255000
06349P,臺股指台新99售01,0,0,0,0,0,0,0,0,0,255000,0,0,0,400000,145000,255000,255000
058110,光寶科元富98購01,0,0,0,0,0,0,0,0,0,253000,0,0,0,283000,30000,253000,253000
052801,友達元大9A購01  ,0,0,0,0,0,0,0,0,0,253000,0,0,0,428000,175000,253000,253000
056082,旺宏統一99購02  ,0,0,0,0,0,0,0,0,0,253000,0,0,0,270000,17000,253000,253000
056118,聯詠群益97購03  ,0,0,0,0,0,0,0,0,0,253000,0,0,0,264000,11000,253000,253000
056376,玉晶光統一98購01,0,0,0,0,0,0,0,0,0,252000,0,0,0,321000,69000,252000,252000
056331,聯鈞國票99購01  ,0,0,0,0,0,0,0,0,0,252000,0,0,0,465000,213000,252000,252000
055457,聚陽永豐97購01  ,0,0,0,0,0,0,0,0,0,252000,0,0,0,324000,72000,252000,252000
4426,利勤            ,339000,29000,310000,0,0,0,0,0,0,-58000,0,0,0,0,58000,-58000,252000
056722,滬深反中信9B購01,0,0,0,0,0,0,0,0,0,251000,0,0,0,251000,0,251000,251000
049285,宏碁兆豐94購01  ,0,0,0,0,0,0,0,0,0,251000,0,0,0,252000,1000,251000,251000
055310,聯詠群益97購02  ,0,0,0,0,0,0,0,0,0,251000,0,0,0,281000,30000,251000,251000
06625P,華新科統一98售03,0,0,0,0,0,0,0,0,0,251000,0,0,0,251000,0,251000,251000
056681,鴻海統一98購09  ,0,0,0,0,0,0,0,0,0,250000,0,0,0,250000,0,250000,250000
04814P,健策元大96售01  ,0,0,0,0,0,0,0,0,0,250000,0,0,0,250000,0,250000,250000
054996,聯陽元富97購01  ,0,0,0,0,0,0,0,0,0,248000,0,0,0,282000,34000,248000,248000
054330,世芯永豐96購02  ,0,0,0,0,0,0,0,0,0,248000,0,0,0,410000,162000,248000,248000
1732,毛寶            ,15000,0,15000,0,0,0,0,0,0,233000,0,0,0,233000,0,233000,248000
9914,美利達          ,318000,182000,136000,0,0,0,104000,0,104000,8000,0,2000,-2000,15000,5000,10000,248000
2474,可成            ,2180664,2608383,-427719,0,0,0,504000,0,504000,170000,54000,53000,1000,193000,24000,169000,246281
048781,臺股指凱基96購01,0,0,0,0,0,0,0,0,0,246000,0,0,0,448000,202000,246000,246000
03652C,臺股指元大03牛01,0,0,0,0,0,0,0,0,0,246000,0,0,0,246000,0,246000,246000
06370P,貿聯凱基97售03  ,0,0,0,0,0,0,0,0,0,246000,0,0,0,246000,0,246000,246000
3045,台灣大          ,2402468,2114060,288408,0,0,0,0,35000,-35000,-8000,0,8000,-8000,0,0,0,245408
052975,嘉聯益群益96購01,0,0,0,0,0,0,0,0,0,245000,0,0,0,258000,13000,245000,245000
04674P,全新統一95售01  ,0,0,0,0,0,0,0,0,0,243000,0,0,0,243000,0,243000,243000
055391,光罩統一97購02  ,0,0,0,0,0,0,0,0,0,243000,0,0,0,243000,0,243000,243000
052505,友達日盛9B購02  ,0,0,0,0,0,0,0,0,0,242000,0,0,0,242000,0,242000,242000
2442,新美齊          ,287000,45000,242000,0,0,0,0,0,0,0,0,0,0,0,0,0,242000
2379,瑞昱            ,2189428,1921179,268249,0,0,0,0,0,0,-27000,3000,12000,-9000,22000,40000,-18000,241249
046159,群創群益98購04  ,0,0,0,0,0,0,0,0,0,241000,0,0,0,315000,74000,241000,241000
046905,新光金凱基99購01,0,0,0,0,0,0,0,0,0,241000,0,0,0,483000,242000,241000,241000
052961,國巨凱基97購02  ,0,0,0,0,0,0,0,0,0,241000,0,0,0,241000,0,241000,241000
056091,百和統一97購01  ,0,318000,-318000,0,0,0,0,0,0,559000,0,0,0,559000,0,559000,241000
04404P,玉晶光國票94售01,0,0,0,0,0,0,0,0,0,240000,0,0,0,260000,20000,240000,240000
053212,友達凱基99購04  ,0,0,0,0,0,0,0,0,0,240000,0,0,0,240000,0,240000,240000
052444,友訊元大95購01  ,0,0,0,0,0,0,0,0,0,240000,0,0,0,420000,180000,240000,240000
055184,群創統一98購02  ,0,0,0,0,0,0,0,0,0,240000,0,0,0,243000,3000,240000,240000
057826,祥碩元大98購08  ,0,0,0,0,0,0,0,0,0,239000,0,0,0,299000,60000,239000,239000
03416B,臺股指凱基95熊05,0,0,0,0,0,0,0,0,0,239000,0,0,0,320000,81000,239000,239000
04929P,同欣電凱基95售01,0,0,0,0,0,0,0,0,0,239000,0,0,0,239000,0,239000,239000
8105,凌巨            ,287000,49000,238000,0,0,0,0,0,0,0,0,0,0,0,0,0,238000
057746,同欣電永豐98購02,0,0,0,0,0,0,0,0,0,237000,0,0,0,351000,114000,237000,237000
050187,群創元大94購03  ,0,0,0,0,0,0,0,0,0,237000,0,0,0,324000,87000,237000,237000
056422,全新統一98購02  ,0,0,0,0,0,0,0,0,0,236000,0,0,0,236000,0,236000,236000
046375,友達凱基98購01  ,0,0,0,0,0,0,0,0,0,236000,0,0,0,238000,2000,236000,236000
055720,宏達電元大97購05,0,0,0,0,0,0,0,0,0,236000,0,0,0,335000,99000,236000,236000
053882,聯發科中信98購02,0,0,0,0,0,0,0,0,0,236000,0,0,0,236000,0,236000,236000
055247,聯發科統一98購01,0,0,0,0,0,0,0,0,0,235000,0,0,0,235000,0,235000,235000
044705,群創元大93購03  ,0,0,0,0,0,0,0,0,0,234000,0,0,0,234000,0,234000,234000
055577,晶技統一97購02  ,0,0,0,0,0,0,0,0,0,234000,0,0,0,234000,0,234000,234000
3708,上緯投控        ,300000,72000,228000,0,0,0,0,0,0,6000,0,6000,-6000,17000,5000,12000,234000
2204,中華            ,441000,207000,234000,0,0,0,0,0,0,0,0,0,0,0,0,0,234000
057385,光罩永豐99購01  ,0,0,0,0,0,0,0,0,0,233000,0,0,0,320000,87000,233000,233000
056017,台積電群益97購04,0,0,0,0,0,0,0,0,0,233000,0,0,0,618000,385000,233000,233000
053701,台積電兆豐96購05,0,0,0,0,0,0,0,0,0,232000,0,0,0,435000,203000,232000,232000
051601,群創兆豐95購02  ,0,0,0,0,0,0,0,0,0,231000,0,0,0,231000,0,231000,231000
055832,台達電元大97購02,0,0,0,0,0,0,0,0,0,231000,0,0,0,326000,95000,231000,231000
054860,台積電群益98購01,0,0,0,0,0,0,0,0,0,231000,0,0,0,356000,125000,231000,231000
044269,群創中信95購01  ,0,0,0,0,0,0,0,0,0,230000,0,0,0,709000,479000,230000,230000
052654,友達統一97購01  ,0,0,0,0,0,0,0,0,0,230000,0,0,0,230000,0,230000,230000
05487P,台表科凱基95售02,0,0,0,0,0,0,0,0,0,230000,0,0,0,480000,250000,230000,230000
056255,華新科元富97購05,0,0,0,0,0,0,0,0,0,229000,0,0,0,291000,62000,229000,229000
049406,T50反1日盛97購01,0,0,0,0,0,0,0,0,0,229000,0,0,0,649000,420000,229000,229000
052759,京元電群益96購01,0,0,0,0,0,0,0,0,0,229000,0,0,0,229000,0,229000,229000
055665,亞德客群益97購01,0,0,0,0,0,0,0,0,0,229000,0,0,0,254000,25000,229000,229000
054497,國巨永豐96購05  ,0,0,0,0,0,0,0,0,0,229000,0,0,0,430000,201000,229000,229000
058226,世芯元富99購01  ,0,0,0,0,0,0,0,0,0,227000,0,0,0,227000,0,227000,227000
052740,聯發科元大96購07,0,0,0,0,0,0,0,0,0,227000,0,0,0,233000,6000,227000,227000
052974,瀚宇博群益96購01,0,0,0,0,0,0,0,0,0,227000,0,0,0,273000,46000,227000,227000
056231,嘉聯益凱基97購02,0,0,0,0,0,0,0,0,0,226000,0,0,0,227000,1000,226000,226000
047239,瀚宇博凱基94購01,0,0,0,0,0,0,0,0,0,226000,0,0,0,226000,0,226000,226000
05583P,訊芯凱基96售01  ,0,0,0,0,0,0,0,0,0,226000,0,0,0,226000,0,226000,226000
057043,台積電元大99購02,0,0,0,0,0,0,0,0,0,225000,0,0,0,656000,431000,225000,225000
03828P,致茂中信95售01  ,0,0,0,0,0,0,0,0,0,225000,0,0,0,225000,0,225000,225000
042317,台灣50永豐96購01,0,0,0,0,0,0,0,0,0,225000,0,0,0,225000,0,225000,225000
051463,世芯國泰97購02  ,60000,0,60000,0,0,0,0,0,0,165000,0,0,0,388000,223000,165000,225000
056619,強茂永豐98購01  ,0,0,0,0,0,0,0,0,0,224000,0,0,0,265000,41000,224000,224000
05923P,旺宏元富96售05  ,0,0,0,0,0,0,0,0,0,224000,0,0,0,430000,206000,224000,224000
057393,台積電中信02購01,0,0,0,0,0,0,0,0,0,224000,0,0,0,478000,254000,224000,224000
055725,嘉聯益元大98購03,0,0,0,0,0,0,0,0,0,224000,0,0,0,300000,76000,224000,224000
047408,嘉晶統一95購01  ,0,0,0,0,0,0,0,0,0,223000,0,0,0,385000,162000,223000,223000
057649,嘉聯益元大99購04,0,0,0,0,0,0,0,0,0,222000,0,0,0,223000,1000,222000,222000
055060,聯陽永豐97購01  ,0,0,0,0,0,0,0,0,0,222000,0,0,0,237000,15000,222000,222000
06393P,台積電元大97售27,0,0,0,0,0,0,0,0,0,222000,0,0,0,230000,8000,222000,222000
046629,群創統一98購01  ,0,0,0,0,0,0,0,0,0,221000,0,0,0,310000,89000,221000,221000
052314,鴻海元大96購11  ,0,20000,-20000,0,0,0,0,0,0,241000,0,0,0,277000,36000,241000,221000
050030,嘉晶元大94購03  ,0,0,0,0,0,0,0,0,0,221000,0,0,0,250000,29000,221000,221000
2337,旺宏            ,11398000,14356647,-2958647,0,0,0,3012000,0,3012000,167000,234000,193000,41000,800000,674000,126000,220353
050508,上証2X元大97購01,0,0,0,0,0,0,0,0,0,220000,0,0,0,220000,0,220000,220000
053149,京元電元大96購02,0,0,0,0,0,0,0,0,0,220000,0,0,0,220000,0,220000,220000
053306,晶技凱基97購01  ,0,0,0,0,0,0,0,0,0,220000,0,0,0,348000,128000,220000,220000
052636,大立光凱基96購10,0,0,0,0,0,0,0,0,0,220000,0,0,0,230000,10000,220000,220000
051004,台新金中信95購02,0,0,0,0,0,0,0,0,0,220000,0,0,0,220000,0,220000,220000
054830,世芯國泰99購01  ,0,0,0,0,0,0,0,0,0,220000,0,0,0,256000,36000,220000,220000
054015,晶豪科永豐96購03,0,0,0,0,0,0,0,0,0,220000,0,0,0,375000,155000,220000,220000
057567,嘉聯益富邦9A購01,0,0,0,0,0,0,0,0,0,219000,0,0,0,237000,18000,219000,219000
053965,聯電元大98購04  ,0,0,0,0,0,0,0,0,0,218000,0,0,0,218000,0,218000,218000
055168,光罩統一98購01  ,0,0,0,0,0,0,0,0,0,218000,0,0,0,228000,10000,218000,218000
05598P,國巨元富96售03  ,0,0,0,0,0,0,0,0,0,218000,0,0,0,220000,2000,218000,218000
06870P,台灣50群益9A售03,0,0,0,0,0,0,0,0,0,218000,0,0,0,360000,142000,218000,218000
05683P,矽創元大96售01  ,0,0,0,0,0,0,0,0,0,216000,0,0,0,366000,150000,216000,216000
03644C,臺股指元大94牛28,0,0,0,0,0,0,0,0,0,216000,0,0,0,239000,23000,216000,216000
051694,A50正2中信96購03,0,0,0,0,0,0,0,0,0,216000,0,0,0,217000,1000,216000,216000
9917,中保科          ,246000,89054,156946,0,0,0,63000,0,63000,-4000,0,4000,-4000,0,0,0,215946
042433,元油2X永豐96購01,0,0,0,0,0,0,0,0,0,215000,0,0,0,400000,185000,215000,215000
048480,FB上証中信94購01,0,0,0,0,0,0,0,0,0,215000,0,0,0,295000,80000,215000,215000
052880,台積電凱基96購06,0,0,0,0,0,0,0,0,0,215000,0,0,0,365000,150000,215000,215000
049259,聯發科元大94購04,0,0,0,0,0,0,0,0,0,214000,0,0,0,214000,0,214000,214000
054275,華通群益97購03  ,0,0,0,0,0,0,0,0,0,214000,0,0,0,410000,196000,214000,214000
4915,致伸            ,725914,513000,212914,0,0,0,0,0,0,1000,0,1000,-1000,2000,0,2000,213914
057743,華擎永豐98購03  ,0,0,0,0,0,0,0,0,0,213000,0,0,0,587000,374000,213000,213000
045516,聯茂統一94購01  ,0,0,0,0,0,0,0,0,0,213000,0,0,0,332000,119000,213000,213000
04949P,致新元大94售04  ,0,0,0,0,0,0,0,0,0,213000,0,0,0,213000,0,213000,213000
054381,世芯群益98購01  ,0,0,0,0,0,0,0,0,0,212000,0,0,0,233000,21000,212000,212000
054142,致伸元大97購01  ,0,0,0,0,0,0,0,0,0,212000,0,0,0,222000,10000,212000,212000
06087P,國巨永豐97售01  ,0,0,0,0,0,0,0,0,0,211000,0,0,0,317000,106000,211000,211000
06477P,緯穎國票99售02  ,0,0,0,0,0,0,0,0,0,211000,0,0,0,213000,2000,211000,211000
057301,嘉聯益永豐98購02,0,0,0,0,0,0,0,0,0,210000,0,0,0,230000,20000,210000,210000
048861,牧德群益94購01  ,0,0,0,0,0,0,0,0,0,210000,0,0,0,210000,0,210000,210000
04834P,鴻海元大94售17  ,0,0,0,0,0,0,0,0,0,210000,0,0,0,210000,0,210000,210000
051871,同欣電凱基95購02,0,0,0,0,0,0,0,0,0,210000,0,0,0,210000,0,210000,210000
050392,群創統一96購01  ,0,0,0,0,0,0,0,0,0,210000,0,0,0,210000,0,210000,210000
06044P,同欣電永豐96售03,0,0,0,0,0,0,0,0,0,209000,0,0,0,209000,0,209000,209000
04289P,臺股指中信95售07,0,0,0,0,0,0,0,0,0,209000,0,0,0,724000,515000,209000,209000
047780,友達中信96購01  ,0,0,0,0,0,0,0,0,0,209000,0,0,0,219000,10000,209000,209000
052353,高鐵群益97購01  ,0,0,0,0,0,0,0,0,0,209000,0,0,0,327000,118000,209000,209000
06454P,緯穎元大98售04  ,0,0,0,0,0,0,0,0,0,209000,0,0,0,603000,394000,209000,209000
1519,華城            ,136000,41000,95000,0,0,0,69000,0,69000,45000,46000,1000,45000,0,0,0,209000
056835,聯電元富99購01  ,0,0,0,0,0,0,0,0,0,208000,0,0,0,312000,104000,208000,208000
048427,百和元富95購01  ,0,70000,-70000,0,0,0,0,0,0,278000,0,0,0,318000,40000,278000,208000
046208,滬深2X元富95購03,0,0,0,0,0,0,0,0,0,208000,0,0,0,208000,0,208000,208000
053331,玉晶光永豐97購02,0,0,0,0,0,0,0,0,0,208000,0,0,0,309000,101000,208000,208000
06338P,亞德客統一97售02,0,0,0,0,0,0,0,0,0,208000,0,0,0,229000,21000,208000,208000
3705,永信            ,225000,17000,208000,0,0,0,0,0,0,0,0,0,0,0,0,0,208000
057170,瑞昱元大98購01  ,0,0,0,0,0,0,0,0,0,207000,0,0,0,217000,10000,207000,207000
04808P,訊芯永豐94售02  ,0,0,0,0,0,0,0,0,0,207000,0,0,0,278000,71000,207000,207000
052895,台積電群益96購04,0,0,0,0,0,0,0,0,0,207000,0,0,0,613000,406000,207000,207000
053567,群創富邦97購01  ,0,0,0,0,0,0,0,0,0,207000,0,0,0,207000,0,207000,207000
1218,泰山            ,421000,222000,199000,0,0,0,0,0,0,8000,8000,0,8000,0,0,0,207000
051450,世芯元大95購02  ,0,0,0,0,0,0,0,0,0,206000,0,0,0,437000,231000,206000,206000
053108,南亞科兆豐96購01,0,0,0,0,0,0,0,0,0,206000,0,0,0,292000,86000,206000,206000
052546,友達中信98購01  ,0,0,0,0,0,0,0,0,0,206000,0,0,0,227000,21000,206000,206000
056395,玉晶光永豐9B購01,0,0,0,0,0,0,0,0,0,205000,0,0,0,227000,22000,205000,205000
049545,台積電群益94購09,0,0,0,0,0,0,0,0,0,205000,0,0,0,815000,610000,205000,205000
048346,智易元大95購01  ,0,0,0,0,0,0,0,0,0,205000,0,0,0,205000,0,205000,205000
054323,旺宏台新96購02  ,0,0,0,0,0,0,0,0,0,205000,0,0,0,205000,0,205000,205000
05994P,奇鋐元大96售02  ,0,0,0,0,0,0,0,0,0,204000,0,0,0,431000,227000,204000,204000
00651R,FH香港反1       ,25000,59000,-34000,0,0,0,0,0,0,238000,350000,50000,300000,495000,557000,-62000,204000
05145P,道瓊反元大98售01,0,0,0,0,0,0,0,0,0,204000,0,0,0,204000,0,204000,204000
052712,旺宏凱基96購02  ,0,0,0,0,0,0,0,0,0,204000,0,0,0,214000,10000,204000,204000
054296,世芯元大97購01  ,0,0,0,0,0,0,0,0,0,204000,0,0,0,416000,212000,204000,204000
054811,裕隆元大9A購01  ,0,0,0,0,0,0,0,0,0,204000,0,0,0,414000,210000,204000,204000
055063,玉晶光永豐99購01,0,0,0,0,0,0,0,0,0,204000,0,0,0,204000,0,204000,204000
057935,晶技群益98購02  ,0,0,0,0,0,0,0,0,0,203000,0,0,0,319000,116000,203000,203000
044879,上証2X群益93購01,0,0,0,0,0,0,0,0,0,203000,0,0,0,203000,0,203000,203000
051915,日月光元大96購01,0,0,0,0,0,0,0,0,0,203000,0,0,0,225000,22000,203000,203000
053548,旺宏凱基96購04  ,0,0,0,0,0,0,0,0,0,203000,0,0,0,203000,0,203000,203000
01004T,土銀富邦R2      ,0,0,0,0,0,0,0,0,0,202000,202000,0,202000,0,0,0,202000
052512,全新凱基96購03  ,0,0,0,0,0,0,0,0,0,202000,0,0,0,212000,10000,202000,202000
050554,百和凱基95購01  ,0,0,0,0,0,0,0,0,0,202000,0,0,0,202000,0,202000,202000
054532,強茂國泰98購01  ,0,0,0,0,0,0,0,0,0,202000,0,0,0,334000,132000,202000,202000
03645C,臺股指凱基96牛27,0,0,0,0,0,0,0,0,0,201000,0,0,0,201000,0,201000,201000
055222,臺股指凱基97購05,0,0,0,0,0,0,0,0,0,201000,0,0,0,201000,0,201000,201000
05965P,健策凱基96售05  ,0,0,0,0,0,0,0,0,0,200000,0,0,0,200000,0,200000,200000
058141,嘉聯益元大99購05,0,0,0,0,0,0,0,0,0,200000,0,0,0,201000,1000,200000,200000
056283,鴻海永豐97購03  ,0,0,0,0,0,0,0,0,0,200000,0,0,0,200000,0,200000,200000
057160,佐登永豐98購02  ,0,0,0,0,0,0,0,0,0,200000,0,0,0,200000,0,200000,200000
057275,友達元大9A購04  ,0,0,0,0,0,0,0,0,0,200000,0,0,0,200000,0,200000,200000
047264,貿聯國票93購02  ,0,0,0,0,0,0,0,0,0,200000,0,0,0,200000,0,200000,200000
04604P,華新科國票95售01,0,0,0,0,0,0,0,0,0,200000,0,0,0,200000,0,200000,200000
045782,欣興元大93購04  ,0,0,0,0,0,0,0,0,0,200000,0,0,0,200000,0,200000,200000
047559,彩晶凱基94購03  ,0,0,0,0,0,0,0,0,0,200000,0,0,0,200000,0,200000,200000
049288,聯茂兆豐95購02  ,0,0,0,0,0,0,0,0,0,200000,0,0,0,200000,0,200000,200000
051455,樺漢元大96購01  ,0,0,0,0,0,0,0,0,0,200000,0,0,0,200000,0,200000,200000
047802,滬深2X凱基95購03,0,0,0,0,0,0,0,0,0,200000,0,0,0,200000,0,200000,200000
047922,聯發科凱基94購01,0,0,0,0,0,0,0,0,0,200000,0,0,0,200000,0,200000,200000
052678,群創富邦96購01  ,0,0,0,0,0,0,0,0,0,200000,0,0,0,200000,0,200000,200000
052589,群創永豐97購01  ,0,0,0,0,0,0,0,0,0,200000,0,0,0,200000,0,200000,200000
051935,味全群益95購01  ,0,0,0,0,0,0,0,0,0,200000,0,0,0,200000,0,200000,200000
052425,華通台新95購02  ,0,0,0,0,0,0,0,0,0,200000,0,0,0,200000,0,200000,200000
050463,百和元大94購04  ,0,190000,-190000,0,0,0,0,0,0,390000,0,0,0,490000,100000,390000,200000
049911,智邦元大94購05  ,0,0,0,0,0,0,0,0,0,200000,0,0,0,200000,0,200000,200000
055951,大成鋼元大97購02,0,0,0,0,0,0,0,0,0,200000,0,0,0,200000,0,200000,200000
054659,亞光元大97購02  ,0,0,0,0,0,0,0,0,0,200000,0,0,0,200000,0,200000,200000
054711,禾伸堂元富97購01,0,0,0,0,0,0,0,0,0,200000,0,0,0,200000,0,200000,200000
053572,彩晶統一96購01  ,0,0,0,0,0,0,0,0,0,200000,0,0,0,200000,0,200000,200000
053681,臺股指富邦96購02,0,0,0,0,0,0,0,0,0,200000,0,0,0,200000,0,200000,200000
06875P,台灣50永昌9A售02,0,0,0,0,0,0,0,0,0,200000,0,0,0,204000,4000,200000,200000
058173,台積電凱基99購04,0,0,0,0,0,0,0,0,0,199000,0,0,0,995000,796000,199000,199000
047569,世紀鋼國票94購02,0,0,0,0,0,0,0,0,0,199000,0,0,0,398000,199000,199000,199000
048305,深100凱基96購01 ,0,0,0,0,0,0,0,0,0,199000,0,0,0,239000,40000,199000,199000
06149P,台積電元大97售18,0,0,0,0,0,0,0,0,0,199000,0,0,0,892000,693000,199000,199000
046480,群創元富96購01  ,0,0,0,0,0,0,0,0,0,198000,0,0,0,239000,41000,198000,198000
052359,百和永豐95購01  ,0,0,0,0,0,0,0,0,0,198000,0,0,0,268000,70000,198000,198000
054025,鴻海凱基96購17  ,0,0,0,0,0,0,0,0,0,198000,0,0,0,206000,8000,198000,198000
055534,晶技群益97購03  ,0,0,0,0,0,0,0,0,0,198000,0,0,0,300000,102000,198000,198000
054575,聯鈞元大97購01  ,0,0,0,0,0,0,0,0,0,197000,0,0,0,271000,74000,197000,197000
2426,鼎元            ,255000,39000,216000,0,0,0,0,0,0,-19000,0,19000,-19000,0,0,0,197000
2547,日勝生          ,320000,123000,197000,0,0,0,0,0,0,0,0,0,0,0,0,0,197000
05186P,鈺齊中信95售02  ,0,0,0,0,0,0,0,0,0,196000,0,0,0,376000,180000,196000,196000
052316,台積電元大96購10,0,0,0,0,0,0,0,0,0,195000,0,0,0,195000,0,195000,195000
053028,康控富邦98購01  ,0,0,0,0,0,0,0,0,0,195000,0,0,0,300000,105000,195000,195000
06180P,禾伸堂群益97售01,0,0,0,0,0,0,0,0,0,195000,0,0,0,217000,22000,195000,195000
049100,華新科國泰96購01,0,0,0,0,0,0,0,0,0,194000,0,0,0,311000,117000,194000,194000
052893,聯電群益98購01  ,0,0,0,0,0,0,0,0,0,194000,0,0,0,194000,0,194000,194000
054821,貿聯元大9A購01  ,0,0,0,0,0,0,0,0,0,194000,0,0,0,194000,0,194000,194000
054462,旺宏凱基96購08  ,0,0,0,0,0,0,0,0,0,194000,0,0,0,195000,1000,194000,194000
056445,聯發科凱基98購07,0,0,0,0,0,0,0,0,0,193000,0,0,0,210000,17000,193000,193000
049167,元油2X凱基97購03,0,0,0,0,0,0,0,0,0,193000,0,0,0,193000,0,193000,193000
046476,鴻海統一96購01  ,0,0,0,0,0,0,0,0,0,192000,0,0,0,342000,150000,192000,192000
054844,華邦電兆豐98購01,0,0,0,0,0,0,0,0,0,192000,0,0,0,192000,0,192000,192000
053610,矽力中信98購01  ,0,0,0,0,0,0,0,0,0,192000,0,0,0,537000,345000,192000,192000
055679,華通凱基99購01  ,0,0,0,0,0,0,0,0,0,192000,0,0,0,694000,502000,192000,192000
06193P,台積電元富97售04,0,0,0,0,0,0,0,0,0,192000,0,0,0,715000,523000,192000,192000
051451,世芯元大95購03  ,0,0,0,0,0,0,0,0,0,191000,0,0,0,210000,19000,191000,191000
052826,嘉聯益永豐96購01,0,0,0,0,0,0,0,0,0,191000,0,0,0,196000,5000,191000,191000
053232,友達永豐97購02  ,0,0,0,0,0,0,0,0,0,191000,0,0,0,207000,16000,191000,191000
1701,中化            ,183000,77000,106000,0,0,0,0,0,0,85000,85000,0,85000,0,0,0,191000
1582,信錦            ,225000,34000,191000,0,0,0,0,0,0,0,0,0,0,0,0,0,191000
058059,晶技元富98購01  ,0,0,0,0,0,0,0,0,0,190000,0,0,0,488000,298000,190000,190000
048112,宏達電群益93購05,0,0,0,0,0,0,0,0,0,190000,0,0,0,190000,0,190000,190000
048442,友訊凱基94購01  ,0,0,0,0,0,0,0,0,0,190000,0,0,0,629000,439000,190000,190000
049763,美食國泰96購01  ,0,0,0,0,0,0,0,0,0,190000,0,0,0,190000,0,190000,190000
053207,SP黃豆凱基96購01,0,0,0,0,0,0,0,0,0,190000,0,0,0,200000,10000,190000,190000
050655,中磊凱基96購01  ,0,0,0,0,0,0,0,0,0,190000,0,0,0,190000,0,190000,190000
052605,聯發科元大96購06,0,0,0,0,0,0,0,0,0,190000,0,0,0,190000,0,190000,190000
050416,高股息凱基96購02,0,0,0,0,0,0,0,0,0,190000,0,0,0,210000,20000,190000,190000
055496,高鐵元大97購02  ,0,0,0,0,0,0,0,0,0,190000,0,0,0,200000,10000,190000,190000
052660,京元電國票97購01,0,0,0,0,0,0,0,0,0,189000,0,0,0,264000,75000,189000,189000
053209,台積電凱基96購07,0,0,0,0,0,0,0,0,0,189000,0,0,0,189000,0,189000,189000
053154,聯詠元大96購01  ,0,0,0,0,0,0,0,0,0,189000,0,0,0,230000,41000,189000,189000
03050X,元展47          ,0,0,0,0,0,0,0,0,0,188000,0,0,0,188000,0,188000,188000
052749,日月光元大96購02,0,0,0,0,0,0,0,0,0,188000,0,0,0,237000,49000,188000,188000
3059,華晶科          ,228000,40000,188000,0,0,0,0,0,0,0,0,0,0,0,0,0,188000
057411,臺股指群益99購05,0,0,0,0,0,0,0,0,0,187000,0,0,0,224000,37000,187000,187000
056849,瀚宇博元富98購01,0,0,0,0,0,0,0,0,0,187000,0,0,0,187000,0,187000,187000
046942,友達元大99購01  ,0,0,0,0,0,0,0,0,0,187000,0,0,0,783000,596000,187000,187000
3005,神基            ,1200000,1270901,-70901,0,0,0,87000,0,87000,170000,0,1000,-1000,171000,0,171000,186099
057972,群創富邦9C購01  ,0,0,0,0,0,0,0,0,0,186000,0,0,0,214000,28000,186000,186000
04756P,大立光元富94售08,0,0,0,0,0,0,0,0,0,186000,0,0,0,231000,45000,186000,186000
055085,大毅國票97購01  ,0,0,0,0,0,0,0,0,0,186000,0,0,0,197000,11000,186000,186000
06645P,上銀元大98售05  ,0,0,0,0,0,0,0,0,0,186000,0,0,0,208000,22000,186000,186000
058269,世芯永豐9A購01  ,0,0,0,0,0,0,0,0,0,185000,0,0,0,256000,71000,185000,185000
047923,聯發科凱基94購02,0,0,0,0,0,0,0,0,0,185000,0,0,0,185000,0,185000,185000
05085P,鴻海日盛95售01  ,0,0,0,0,0,0,0,0,0,185000,0,0,0,290000,105000,185000,185000
055691,訊芯凱基97購02  ,0,0,0,0,0,0,0,0,0,185000,0,0,0,318000,133000,185000,185000
053906,宏達電凱基96購02,0,0,0,0,0,0,0,0,0,185000,0,0,0,185000,0,185000,185000
054578,世芯元大99購01  ,0,0,0,0,0,0,0,0,0,185000,0,0,0,467000,282000,185000,185000
057646,玉山金元大98購01,0,0,0,0,0,0,0,0,0,184000,0,0,0,300000,116000,184000,184000
047850,彩晶統一94購01  ,0,0,0,0,0,0,0,0,0,184000,0,0,0,184000,0,184000,184000
044950,玉晶光群益94購01,0,0,0,0,0,0,0,0,0,184000,0,0,0,236000,52000,184000,184000
050451,嘉晶元大95購01  ,0,0,0,0,0,0,0,0,0,184000,0,0,0,488000,304000,184000,184000
055818,晶相光國票97購02,0,0,0,0,0,0,0,0,0,184000,0,0,0,204000,20000,184000,184000
051462,世芯國泰97購01  ,0,0,0,0,0,0,0,0,0,183000,0,0,0,419000,236000,183000,183000
049301,致新群益95購01  ,0,0,0,0,0,0,0,0,0,183000,0,0,0,183000,0,183000,183000
053400,緯穎中信9A購01  ,0,0,0,0,0,0,0,0,0,183000,0,0,0,249000,66000,183000,183000
054923,晶技凱基98購01  ,0,0,0,0,0,0,0,0,0,183000,0,0,0,287000,104000,183000,183000
056954,聯詠富邦9A購01  ,0,0,0,0,0,0,0,0,0,182000,0,0,0,417000,235000,182000,182000
050155,華新科群益95購01,0,0,0,0,0,0,0,0,0,182000,0,0,0,205000,23000,182000,182000
053512,台積電群益96購06,0,0,0,0,0,0,0,0,0,182000,0,0,0,772000,590000,182000,182000
055902,同欣電中信99購01,0,0,0,0,0,0,0,0,0,181000,0,0,0,246000,65000,181000,181000
06322P,超眾統一97售04  ,0,0,0,0,0,0,0,0,0,181000,0,0,0,181000,0,181000,181000
056163,嘉聯益凱基98購03,0,0,0,0,0,0,0,0,0,180000,0,0,0,199000,19000,180000,180000
05925P,晶技永豐96售03  ,0,0,0,0,0,0,0,0,0,180000,0,0,0,250000,70000,180000,180000
048287,嘉晶兆豐94購01  ,0,0,0,0,0,0,0,0,0,180000,0,0,0,439000,259000,180000,180000
056086,奇力新統一98購01,0,0,0,0,0,0,0,0,0,180000,0,0,0,190000,10000,180000,180000
053736,友達麥證96購01  ,0,0,0,180000,0,180000,0,0,0,180000,0,0,0,180000,0,180000,180000
05921P,同欣電元大96售06,0,0,0,0,0,0,0,0,0,179000,0,0,0,279000,100000,179000,179000
046345,世紀鋼國票93購01,0,0,0,0,0,0,0,0,0,179000,0,0,0,398000,219000,179000,179000
06794P,臺股指凱基98售04,0,0,0,0,0,0,0,0,0,179000,0,0,0,214000,35000,179000,179000
1305,華夏            ,238000,59000,179000,0,0,0,0,0,0,0,0,0,0,0,0,0,179000
058117,元石油群益9B購02,0,0,0,0,0,0,0,0,0,178000,0,0,0,180000,2000,178000,178000
051932,康控國票96購02  ,0,0,0,0,0,0,0,0,0,178000,0,0,0,190000,12000,178000,178000
053700,臺股指元大96購23,0,0,0,0,0,0,0,0,0,178000,0,0,0,183000,5000,178000,178000
054469,同欣電凱基97購01,0,0,0,0,0,0,0,0,0,178000,0,0,0,188000,10000,178000,178000
045522,滬深2X永豐94購01,0,0,0,0,0,0,0,0,0,177000,0,0,0,190000,13000,177000,177000
046934,智邦元富96購01  ,0,0,0,0,0,0,0,0,0,177000,0,0,0,262000,85000,177000,177000
06089P,矽創永豐97售01  ,0,0,0,0,0,0,0,0,0,177000,0,0,0,184000,7000,177000,177000
058148,百和元大99購01  ,0,200000,-200000,0,0,0,0,0,0,376000,0,0,0,476000,100000,376000,176000
056589,康控統一98購01  ,0,0,0,0,0,0,0,0,0,176000,0,0,0,176000,0,176000,176000
043642,元金2X國票97購01,0,0,0,0,0,0,0,0,0,176000,0,0,0,186000,10000,176000,176000
049438,嘉晶國泰96購01  ,0,0,0,0,0,0,0,0,0,176000,0,0,0,337000,161000,176000,176000
055646,漢唐元富97購01  ,0,0,0,0,0,0,0,0,0,176000,0,0,0,214000,38000,176000,176000
055431,和鑫群益98購01  ,0,0,0,0,0,0,0,0,0,176000,0,0,0,207000,31000,176000,176000
06455P,上銀統一99售03  ,0,0,0,0,0,0,0,0,0,176000,0,0,0,176000,0,176000,176000
3653,健策            ,360000,472000,-112000,0,0,0,27000,75000,-48000,336000,182000,78000,104000,252000,20000,232000,176000
057730,聯鈞國泰9A購01  ,0,0,0,0,0,0,0,0,0,175000,0,0,0,190000,15000,175000,175000
051421,彩晶國票95購01  ,0,0,0,0,0,0,0,0,0,175000,0,0,0,175000,0,175000,175000
03438P,群創群益98售03  ,0,0,0,0,0,0,0,0,0,175000,0,0,0,175000,0,175000,175000
05160P,國巨國票96售03  ,0,0,0,0,0,0,0,0,0,175000,0,0,0,180000,5000,175000,175000
051240,台積電元大95購12,0,0,0,0,0,0,0,0,0,175000,0,0,0,208000,33000,175000,175000
052338,道瓊反凱基97購02,0,0,0,0,0,0,0,0,0,175000,0,0,0,200000,25000,175000,175000
058326,祥碩台新99購01  ,0,0,0,0,0,0,0,0,0,174000,0,0,0,210000,36000,174000,174000
052014,光罩永豐95購01  ,0,0,0,0,0,0,0,0,0,174000,0,0,0,174000,0,174000,174000
054755,世紀鋼凱基98購01,0,0,0,0,0,0,0,0,0,174000,0,0,0,716000,542000,174000,174000
05117P,瑞昱群益95售02  ,0,0,0,0,0,0,0,0,0,173000,0,0,0,173000,0,173000,173000
051907,台積電元大97購05,0,0,0,0,0,0,0,0,0,172000,0,0,0,172000,0,172000,172000
05268P,玉晶光元大98售01,0,0,0,0,0,0,0,0,0,172000,0,0,0,319000,147000,172000,172000
053601,台表科元大98購01,0,0,0,0,0,0,0,0,0,172000,0,0,0,225000,53000,172000,172000
053646,臺股指國票96購09,0,0,0,0,0,0,0,0,0,172000,0,0,0,182000,10000,172000,172000
058237,嘉晶元大99購04  ,0,0,0,0,0,0,0,0,0,171000,0,0,0,231000,60000,171000,171000
048656,大立光元富93購05,0,0,0,0,0,0,0,0,0,171000,0,0,0,171000,0,171000,171000
054872,瀚宇博群益98購01,0,0,0,0,0,0,0,0,0,171000,0,0,0,191000,20000,171000,171000
05912P,和大元大96售01  ,0,0,0,0,0,0,0,0,0,170000,0,0,0,170000,0,170000,170000
056288,健鼎永豐97購01  ,0,0,0,0,0,0,0,0,0,170000,0,0,0,238000,68000,170000,170000
044963,台積電中信96購01,0,0,0,0,0,0,0,0,0,170000,0,0,0,221000,51000,170000,170000
043231,鴻海中信95購01  ,0,0,0,0,0,0,0,0,0,170000,0,0,0,174000,4000,170000,170000
052092,貿聯元大96購02  ,0,0,0,0,0,0,0,0,0,170000,0,0,0,170000,0,170000,170000
055444,致新台新97購01  ,0,0,0,0,0,0,0,0,0,170000,0,0,0,170000,0,170000,170000
054079,鴻海中信98購02  ,0,0,0,0,0,0,0,0,0,170000,0,0,0,170000,0,170000,170000
3031,佰鴻            ,209000,40000,169000,0,0,0,0,0,0,1000,1000,0,1000,0,0,0,170000
4961,天鈺            ,179000,9000,170000,0,0,0,0,0,0,0,0,0,0,0,0,0,170000
05675P,美律群益97售01  ,0,0,0,0,0,0,0,0,0,169000,0,0,0,239000,70000,169000,169000
057176,全新元大99購02  ,0,0,0,0,0,0,0,0,0,168000,0,0,0,178000,10000,168000,168000
057546,台積電凱基02購01,0,0,0,0,0,0,0,0,0,168000,0,0,0,199000,31000,168000,168000
00865B,國泰US短期公債  ,0,0,0,0,0,0,0,0,0,168000,68000,0,68000,143000,43000,100000,168000
046773,GIS富邦94購01   ,0,0,0,0,0,0,0,0,0,168000,0,0,0,168000,0,168000,168000
054371,台積電中信9C購01,0,0,0,0,0,0,0,0,0,168000,0,0,0,298000,130000,168000,168000
055376,群創元大01購01  ,0,0,0,0,0,0,0,0,0,168000,0,0,0,317000,149000,168000,168000
05759P,智邦永豐96售02  ,0,0,0,0,0,0,0,0,0,167000,0,0,0,460000,293000,167000,167000
047925,可成凱基94購01  ,0,0,0,0,0,0,0,0,0,167000,0,0,0,245000,78000,167000,167000
05610P,國巨群益98售01  ,0,0,0,0,0,0,0,0,0,167000,0,0,0,187000,20000,167000,167000
05348P,美律元富98售01  ,0,0,0,0,0,0,0,0,0,167000,0,0,0,181000,14000,167000,167000
056223,華邦電凱基97購04,0,0,0,0,0,0,0,0,0,166000,0,0,0,166000,0,166000,166000
051012,台積電凱基95購04,0,0,0,0,0,0,0,0,0,166000,0,0,0,168000,2000,166000,166000
054850,上海銀兆豐97購01,0,0,0,0,0,0,0,0,0,166000,0,0,0,176000,10000,166000,166000
054617,超眾永豐97購01  ,0,0,0,0,0,0,0,0,0,166000,0,0,0,166000,0,166000,166000
056893,智邦元大98購02  ,0,0,0,0,0,0,0,0,0,165000,0,0,0,321000,156000,165000,165000
054220,國巨統一97購02  ,0,0,0,0,0,0,0,0,0,165000,0,0,0,185000,20000,165000,165000
053660,群創凱基98購08  ,0,0,0,0,0,0,0,0,0,165000,0,0,0,165000,0,165000,165000
055917,禾伸堂凱基98購02,0,0,0,0,0,0,0,0,0,165000,0,0,0,165000,0,165000,165000
055511,大立光兆豐97購02,0,0,0,0,0,0,0,0,0,165000,0,0,0,270000,105000,165000,165000
057022,智邦凱基98購04  ,0,0,0,0,0,0,0,0,0,164000,0,0,0,356000,192000,164000,164000
057069,台積電永豐98購02,0,0,0,0,0,0,0,0,0,164000,0,0,0,164000,0,164000,164000
053705,滬深2X凱基99購01,0,0,0,0,0,0,0,0,0,164000,0,0,0,164000,0,164000,164000
9911,櫻花            ,244000,80000,164000,0,0,0,0,0,0,0,0,0,0,0,0,0,164000
052926,旺宏元大98購02  ,0,0,0,0,0,0,0,0,0,163000,0,0,0,184000,21000,163000,163000
051623,和碩凱基96購02  ,0,0,0,0,0,0,0,0,0,163000,0,0,0,474000,311000,163000,163000
054228,貿聯元富96購03  ,0,0,0,0,0,0,0,0,0,163000,0,0,0,171000,8000,163000,163000
2548,華固            ,504000,364000,140000,0,0,0,0,0,0,23000,12000,3000,9000,14000,0,14000,163000
056550,瑞儀凱基99購01  ,0,0,0,0,0,0,0,0,0,162000,0,0,0,217000,55000,162000,162000
058094,祥碩元大98購09  ,0,0,0,0,0,0,0,0,0,162000,0,0,0,345000,183000,162000,162000
00703,台新MSCI中國    ,0,0,0,0,0,0,0,0,0,162000,0,0,0,312000,150000,162000,162000
053270,台塑元大96購01  ,0,0,0,0,0,0,0,0,0,162000,0,0,0,250000,88000,162000,162000
3504,揚明光          ,226000,64000,162000,0,0,0,0,0,0,0,0,0,0,8000,8000,0,162000
057348,台積電統一98購09,0,0,0,0,0,0,0,0,0,161000,0,0,0,240000,79000,161000,161000
057129,聯發科凱基99購03,0,0,0,0,0,0,0,0,0,160000,0,0,0,166000,6000,160000,160000
051394,奇鋐兆豐95購01  ,0,0,0,0,0,0,0,0,0,160000,0,0,0,190000,30000,160000,160000
048869,光罩國票94購01  ,0,0,0,0,0,0,0,0,0,160000,0,0,0,160000,0,160000,160000
052569,聯發科凱基96購08,0,0,0,0,0,0,0,0,0,160000,0,0,0,160000,0,160000,160000
051984,台塑元大95購01  ,0,0,0,0,0,0,0,0,0,160000,0,0,0,160000,0,160000,160000
054052,日月光元大96購06,0,0,0,0,0,0,0,0,0,160000,0,0,0,160000,0,160000,160000
053832,聯發科台新96購01,0,0,0,0,0,0,0,0,0,160000,0,0,0,160000,0,160000,160000
055276,台積電元大97購20,0,0,0,0,0,0,0,0,0,160000,0,0,0,202000,42000,160000,160000
054900,金寶康和97購01  ,0,0,0,0,0,0,0,0,0,160000,0,0,0,190000,30000,160000,160000
054957,興富發元大97購01,0,0,0,0,0,0,0,0,0,160000,0,0,0,160000,0,160000,160000
055793,臺股指凱基97購16,0,0,0,0,0,0,0,0,0,160000,0,0,0,160000,0,160000,160000
06332P,世紀鋼群益98售01,0,0,0,0,0,0,0,0,0,160000,0,0,0,181000,21000,160000,160000
047673,瑞昱元富96購01  ,0,0,0,0,0,0,0,0,0,159000,0,0,0,298000,139000,159000,159000
05097P,聯發科日盛95售01,0,0,0,0,0,0,0,0,0,159000,0,0,0,194000,35000,159000,159000
6209,今國光          ,207000,48000,159000,0,0,0,0,0,0,0,0,0,0,0,0,0,159000
057577,廣宇中信9A購01  ,0,0,0,0,0,0,0,0,0,158000,0,0,0,158000,0,158000,158000
044201,群創國票95購01  ,0,0,0,0,0,0,0,0,0,158000,0,0,0,298000,140000,158000,158000
04693P,超眾群益95售01  ,0,0,0,0,0,0,0,0,0,158000,0,0,0,163000,5000,158000,158000
053051,楠梓電國票97購01,0,0,0,0,0,0,0,0,0,158000,0,0,0,168000,10000,158000,158000
051679,百和元大95購02  ,0,0,0,0,0,0,0,0,0,158000,0,0,0,158000,0,158000,158000
054549,台積電凱基98購01,0,0,0,0,0,0,0,0,0,158000,0,0,0,158000,0,158000,158000
6005,群益證          ,426000,268000,158000,0,0,0,0,0,0,0,0,0,0,0,0,0,158000
06759P,台積電元大98售17,0,0,0,0,0,0,0,0,0,158000,0,0,0,625000,467000,158000,158000
04971P,矽力元富94售02  ,0,0,0,0,0,0,0,0,0,157000,0,0,0,158000,1000,157000,157000
05237P,為升永豐95售01  ,0,0,0,0,0,0,0,0,0,157000,0,0,0,303000,146000,157000,157000
050456,聯茂元大94購09  ,0,0,0,0,0,0,0,0,0,157000,0,0,0,169000,12000,157000,157000
055550,華邦電凱基97購03,0,0,0,0,0,0,0,0,0,157000,0,0,0,167000,10000,157000,157000
1514,亞力            ,266000,109000,157000,0,0,0,0,0,0,0,0,0,0,0,0,0,157000
055913,中信金凱基97購01,0,0,0,0,0,0,0,0,0,156000,0,0,0,156000,0,156000,156000
1229,聯華            ,237000,81000,156000,0,0,0,0,0,0,0,0,0,0,0,0,0,156000
06339P,上銀統一97售06  ,0,0,0,0,0,0,0,0,0,156000,0,0,0,156000,0,156000,156000
046383,群創凱基98購01  ,0,0,0,0,0,0,0,0,0,155000,0,0,0,155000,0,155000,155000
052343,同欣電凱基95購03,0,0,0,0,0,0,0,0,0,155000,0,0,0,175000,20000,155000,155000
053074,嘉晶永豐96購02  ,0,0,0,0,0,0,0,0,0,155000,0,0,0,290000,135000,155000,155000
052867,晶技凱基96購01  ,0,0,0,0,0,0,0,0,0,155000,0,0,0,333000,178000,155000,155000
053686,台積電元大97購08,0,0,0,0,0,0,0,0,0,155000,0,0,0,155000,0,155000,155000
053495,聯發科兆豐96購02,0,0,0,0,0,0,0,0,0,155000,0,0,0,198000,43000,155000,155000
06646P,國巨元大98售16  ,0,0,0,0,0,0,0,0,0,155000,0,0,0,301000,146000,155000,155000
056989,鴻海兆豐98購02  ,0,0,0,0,0,0,0,0,0,154000,0,0,0,191000,37000,154000,154000
053433,友達日盛99購06  ,0,0,0,0,0,0,0,0,0,154000,0,0,0,190000,36000,154000,154000
051994,瀚宇博元大96購01,0,0,0,0,0,0,0,0,0,154000,0,0,0,187000,33000,154000,154000
053501,明泰兆豐96購01  ,0,0,0,0,0,0,0,0,0,154000,0,0,0,154000,0,154000,154000
056790,彩晶群益98購03  ,0,0,0,0,0,0,0,0,0,153000,0,0,0,153000,0,153000,153000
042093,台灣50群益94購02,0,0,0,0,0,0,0,0,0,153000,0,0,0,190000,37000,153000,153000
048728,台達電麥證94購01,0,0,0,163000,10000,153000,0,0,0,153000,0,0,0,163000,10000,153000,153000
050500,台積電凱基94購36,0,0,0,0,0,0,0,0,0,153000,0,0,0,180000,27000,153000,153000
053429,彩晶永豐96購01  ,0,0,0,0,0,0,0,0,0,153000,0,0,0,153000,0,153000,153000
058336,鴻海元富99購07  ,0,0,0,0,0,0,0,0,0,152000,0,0,0,157000,5000,152000,152000
047227,華新科凱基94購01,0,0,0,0,0,0,0,0,0,152000,0,0,0,160000,8000,152000,152000
050719,世紀鋼群益96購01,0,0,0,0,0,0,0,0,0,152000,0,0,0,251000,99000,152000,152000
052684,旺宏元大98購01  ,0,0,0,0,0,0,0,0,0,152000,0,0,0,262000,110000,152000,152000
057701,嘉聯益群益98購02,0,0,0,0,0,0,0,0,0,151000,0,0,0,163000,12000,151000,151000
057257,台泥兆豐99購01  ,0,0,0,0,0,0,0,0,0,151000,0,0,0,171000,20000,151000,151000
06417P,台積電兆豐97售03,0,0,0,0,0,0,0,0,0,151000,0,0,0,296000,145000,151000,151000
056455,群創凱基9A購01  ,0,0,0,0,0,0,0,0,0,150000,0,0,0,160000,10000,150000,150000
046537,聯發科群益93購02,0,0,0,0,0,0,0,0,0,150000,0,0,0,150000,0,150000,150000
049157,矽創元大95購01  ,0,0,0,0,0,0,0,0,0,150000,0,0,0,205000,55000,150000,150000
049579,鴻海元大94購06  ,0,0,0,0,0,0,0,0,0,150000,0,0,0,150000,0,150000,150000
048503,百和元大93購02  ,0,0,0,0,0,0,0,0,0,150000,0,0,0,150000,0,150000,150000
051437,百和元富95購02  ,0,0,0,0,0,0,0,0,0,150000,0,0,0,150000,0,150000,150000
052741,聯發科元大96購08,0,0,0,0,0,0,0,0,0,150000,0,0,0,156000,6000,150000,150000
049997,聯發科永豐94購04,0,0,0,0,0,0,0,0,0,150000,0,0,0,250000,100000,150000,150000
050076,百和凱基94購02  ,0,0,0,0,0,0,0,0,0,150000,0,0,0,150000,0,150000,150000
051908,國泰金元大96購02,0,0,0,0,0,0,0,0,0,150000,0,0,0,150000,0,150000,150000
054132,聯發科元大97購10,0,0,0,0,0,0,0,0,0,150000,0,0,0,150000,0,150000,150000
056112,勤誠永豐97購02  ,0,0,0,0,0,0,0,0,0,150000,0,0,0,300000,150000,150000,150000
055659,百和元富97購01  ,0,0,0,0,0,0,0,0,0,150000,0,0,0,150000,0,150000,150000
055762,智伸科群益97購01,0,0,0,0,0,0,0,0,0,150000,0,0,0,150000,0,150000,150000
05492P,聯茂元大95售02  ,0,0,0,0,0,0,0,0,0,150000,0,0,0,313000,163000,150000,150000
055054,群光永豐97購01  ,0,0,0,0,0,0,0,0,0,150000,0,0,0,150000,0,150000,150000
06804P,臺股指群益98售10,0,0,0,0,0,0,0,0,0,150000,0,0,0,150000,0,150000,150000
057157,群創富邦98購02  ,0,0,0,0,0,0,0,0,0,149000,0,0,0,149000,0,149000,149000
057893,亞德客元富98購03,0,0,0,0,0,0,0,0,0,149000,0,0,0,199000,50000,149000,149000
057612,瑞昱元富02購01  ,0,0,0,0,0,0,0,0,0,149000,0,0,0,249000,100000,149000,149000
046385,群創凱基98購03  ,0,0,0,0,0,0,0,0,0,149000,0,0,0,250000,101000,149000,149000
046882,智易富邦97購01  ,0,0,0,0,0,0,0,0,0,149000,0,0,0,150000,1000,149000,149000
050844,大立光國票96購01,0,0,0,0,0,0,0,0,0,149000,0,0,0,150000,1000,149000,149000
055957,瑞昱元大97購06  ,0,0,0,0,0,0,0,0,0,149000,0,0,0,190000,41000,149000,149000
053632,新唐兆豐96購01  ,0,0,0,0,0,0,0,0,0,149000,0,0,0,188000,39000,149000,149000
06962P,華新科永豐99售01,0,0,0,0,0,0,0,0,0,149000,0,0,0,217000,68000,149000,149000
2354,鴻準            ,583000,518469,64531,0,0,0,84000,0,84000,0,2000,2000,0,0,0,0,148531
046855,嘉晶元大94購01  ,0,0,0,0,0,0,0,0,0,148000,0,0,0,153000,5000,148000,148000
049324,臺股指凱基94購06,0,0,0,0,0,0,0,0,0,148000,0,0,0,148000,0,148000,148000
050843,富邦金國票96購01,0,0,0,0,0,0,0,0,0,148000,0,0,0,148000,0,148000,148000
052317,台積電元大96購11,0,0,0,0,0,0,0,0,0,148000,0,0,0,148000,0,148000,148000
054233,聯發科群益96購04,0,0,0,0,0,0,0,0,0,148000,0,0,0,148000,0,148000,148000
055975,鴻海統一98購05  ,0,0,0,0,0,0,0,0,0,148000,0,0,0,183000,35000,148000,148000
06450P,聯發科元大98售03,0,0,0,0,0,0,0,0,0,148000,0,0,0,349000,201000,148000,148000
049776,全新統一95購02  ,0,0,0,0,0,0,0,0,0,147000,0,0,0,147000,0,147000,147000
044875,玉晶光統一93購01,0,0,0,0,0,0,0,0,0,147000,0,0,0,414000,267000,147000,147000
052065,臺股指國票95購12,0,0,0,0,0,0,0,0,0,147000,0,0,0,147000,0,147000,147000
052652,台虹永豐96購01  ,0,0,0,0,0,0,0,0,0,147000,0,0,0,150000,3000,147000,147000
055836,華邦電元大97購04,0,0,0,0,0,0,0,0,0,147000,0,0,0,149000,2000,147000,147000
054463,瑞昱凱基97購01  ,0,0,0,0,0,0,0,0,0,147000,0,0,0,157000,10000,147000,147000
06094P,台達電中信97售01,0,0,0,0,0,0,0,0,0,147000,0,0,0,242000,95000,147000,147000
1611,中電            ,194000,47000,147000,0,0,0,0,0,0,0,0,0,0,0,0,0,147000
057752,臺股指國票98購08,0,0,0,0,0,0,0,0,0,146000,0,0,0,150000,4000,146000,146000
050598,友達麥證94購01  ,0,0,0,146000,0,146000,0,0,0,146000,0,0,0,146000,0,146000,146000
054493,同欣電台新96購01,0,0,0,0,0,0,0,0,0,146000,0,0,0,156000,10000,146000,146000
055433,嘉聯益群益99購01,0,0,0,0,0,0,0,0,0,146000,0,0,0,201000,55000,146000,146000
06894P,鈺齊元富98售03  ,0,0,0,0,0,0,0,0,0,146000,0,0,0,164000,18000,146000,146000
057825,和碩元大98購02  ,0,0,0,0,0,0,0,0,0,145000,0,0,0,427000,282000,145000,145000
056390,台積電富邦9B購01,0,0,0,0,0,0,0,0,0,145000,0,0,0,165000,20000,145000,145000
048726,儒鴻麥證95購01  ,0,0,0,175000,30000,145000,0,0,0,145000,0,0,0,175000,30000,145000,145000
050394,大立光元富94購09,0,0,0,0,0,0,0,0,0,145000,0,0,0,145000,0,145000,145000
056044,同欣電凱基97購03,0,0,0,0,0,0,0,0,0,145000,0,0,0,149000,4000,145000,145000
053771,華新元大97購01  ,0,0,0,0,0,0,0,0,0,145000,0,0,0,145000,0,145000,145000
053797,台積電中信98購01,0,0,0,0,0,0,0,0,0,145000,0,0,0,145000,0,145000,145000
054107,上銀凱基97購01  ,0,0,0,0,0,0,0,0,0,145000,0,0,0,145000,0,145000,145000
057265,聯詠兆豐98購01  ,0,0,0,0,0,0,0,0,0,144000,0,0,0,227000,83000,144000,144000
056934,國巨元富98購04  ,0,0,0,0,0,0,0,0,0,144000,0,0,0,149000,5000,144000,144000
04168P,元金2X凱基99售01,0,0,0,0,0,0,0,0,0,144000,0,0,0,144000,0,144000,144000
050920,旺宏凱基95購01  ,0,0,0,0,0,0,0,0,0,144000,0,0,0,283000,139000,144000,144000
054961,玉晶光元大99購01,0,0,0,0,0,0,0,0,0,144000,0,0,0,228000,84000,144000,144000
2331,精英            ,185000,40000,145000,0,0,0,0,0,0,-1000,0,1000,-1000,0,0,0,144000
06111P,上銀兆豐98售01  ,0,0,0,0,0,0,0,0,0,144000,0,0,0,226000,82000,144000,144000
057389,玉晶光永豐98購06,0,0,0,0,0,0,0,0,0,143000,0,0,0,186000,43000,143000,143000
049458,SP黃豆元富96購01,0,0,0,0,0,0,0,0,0,143000,0,0,0,143000,0,143000,143000
055083,康友中信97購01  ,0,0,0,0,0,0,0,0,0,143000,0,0,0,143000,0,143000,143000
056077,矽力元大97購07  ,0,0,0,0,0,0,0,0,0,143000,0,0,0,324000,181000,143000,143000
05566P,景碩永豐96售01  ,0,0,0,0,0,0,0,0,0,143000,0,0,0,153000,10000,143000,143000
058251,百和元大99購03  ,0,190000,-190000,0,0,0,0,0,0,332000,0,0,0,472000,140000,332000,142000
050102,鴻海富邦95購04  ,0,0,0,0,0,0,0,0,0,142000,0,0,0,144000,2000,142000,142000
055801,景碩永豐97購02  ,0,0,0,0,0,0,0,0,0,142000,0,0,0,142000,0,142000,142000
054060,晶技國票97購02  ,0,0,0,0,0,0,0,0,0,142000,0,0,0,236000,94000,142000,142000
054197,台積電永昌96購07,0,0,0,0,0,0,0,0,0,142000,0,0,0,1034000,892000,142000,142000
054281,世芯群益97購01  ,0,0,0,0,0,0,0,0,0,142000,0,0,0,204000,62000,142000,142000
056531,佳世達凱基98購01,0,0,0,0,0,0,0,0,0,141000,0,0,0,141000,0,141000,141000
049108,玉晶光富邦96購02,0,0,0,0,0,0,0,0,0,141000,0,0,0,141000,0,141000,141000
048284,臺股指中信95購04,0,0,0,0,0,0,0,0,0,141000,0,0,0,245000,104000,141000,141000
053123,京元電凱基96購01,0,0,0,0,0,0,0,0,0,141000,0,0,0,141000,0,141000,141000
2511,太子            ,108000,97000,11000,0,0,0,0,0,0,130000,130000,0,130000,0,0,0,141000
056338,聯發科凱基99購01,0,0,0,0,0,0,0,0,0,140000,0,0,0,150000,10000,140000,140000
056292,統一元大97購01  ,0,0,0,0,0,0,0,0,0,140000,0,0,0,152000,12000,140000,140000
057409,台虹群益98購02  ,0,0,0,0,0,0,0,0,0,140000,0,0,0,143000,3000,140000,140000
049549,瀚宇博群益94購01,0,0,0,0,0,0,0,0,0,140000,0,0,0,151000,11000,140000,140000
049766,滬深2X元富94購02,0,0,0,0,0,0,0,0,0,140000,0,0,0,162000,22000,140000,140000
05140P,台表科國票96售01,0,0,0,0,0,0,0,0,0,140000,0,0,0,265000,125000,140000,140000
051391,聯發科兆豐95購02,0,0,0,0,0,0,0,0,0,140000,0,0,0,160000,20000,140000,140000
050081,聯發科統一94購07,0,0,0,0,0,0,0,0,0,140000,0,0,0,170000,30000,140000,140000
053863,聯發科元大96購18,0,0,0,0,0,0,0,0,0,140000,0,0,0,140000,0,140000,140000
06113P,台積電群益97售01,0,0,0,0,0,0,0,0,0,140000,0,0,0,161000,21000,140000,140000
057946,晶相光國票99購01,0,0,0,0,0,0,0,0,0,139000,0,0,0,139000,0,139000,139000
056529,中環凱基98購01  ,0,0,0,0,0,0,0,0,0,139000,0,0,0,241000,102000,139000,139000
04911P,美律元富94售02  ,0,0,0,0,0,0,0,0,0,139000,0,0,0,149000,10000,139000,139000
050061,聯發科凱基94購07,0,0,0,0,0,0,0,0,0,139000,0,0,0,226000,87000,139000,139000
051686,宏達電凱基95購04,0,0,0,0,0,0,0,0,0,139000,0,0,0,279000,140000,139000,139000
053103,瀚宇博元富96購01,0,0,0,0,0,0,0,0,0,139000,0,0,0,237000,98000,139000,139000
052770,聯茂群益96購02  ,0,0,0,0,0,0,0,0,0,139000,0,0,0,184000,45000,139000,139000
053666,臺股指凱基96購29,0,0,0,0,0,0,0,0,0,139000,0,0,0,139000,0,139000,139000
055553,聯發科凱基97購05,0,0,0,0,0,0,0,0,0,139000,0,0,0,159000,20000,139000,139000
05594P,旺宏國票96售04  ,0,0,0,0,0,0,0,0,0,139000,0,0,0,140000,1000,139000,139000
056337,聯發科凱基98購06,0,0,0,0,0,0,0,0,0,138000,0,0,0,223000,85000,138000,138000
056429,華通凱基98購02  ,0,0,0,0,0,0,0,0,0,138000,0,0,0,181000,43000,138000,138000
056922,全新兆豐99購01  ,0,0,0,0,0,0,0,0,0,138000,0,0,0,341000,203000,138000,138000
056965,全新永豐98購01  ,0,0,0,0,0,0,0,0,0,138000,0,0,0,221000,83000,138000,138000
057153,祥碩國泰99購01  ,0,0,0,0,0,0,0,0,0,138000,0,0,0,143000,5000,138000,138000
057565,可成富邦99購01  ,0,0,0,0,0,0,0,0,0,138000,0,0,0,441000,303000,138000,138000
03661C,臺股指凱基9C牛03,0,0,0,0,0,0,0,0,0,138000,0,0,0,140000,2000,138000,138000
052863,友達凱基98購02  ,0,0,0,0,0,0,0,0,0,138000,0,0,0,158000,20000,138000,138000
055687,瀚宇博凱基97購01,0,0,0,0,0,0,0,0,0,138000,0,0,0,152000,14000,138000,138000
055722,聯鈞元大97購03  ,0,0,0,0,0,0,0,0,0,138000,0,0,0,167000,29000,138000,138000
055149,國巨元大97購06  ,0,0,0,0,0,0,0,0,0,138000,0,0,0,156000,18000,138000,138000
054244,華新元大96購01  ,0,0,0,0,0,0,0,0,0,138000,0,0,0,138000,0,138000,138000
054367,鴻海中信98購03  ,0,0,0,0,0,0,0,0,0,138000,0,0,0,140000,2000,138000,138000
05760P,京鼎永豐96售02  ,0,0,0,0,0,0,0,0,0,137000,0,0,0,235000,98000,137000,137000
057512,華邦電台新98購01,0,0,0,0,0,0,0,0,0,137000,0,0,0,137000,0,137000,137000
048012,嘉晶國票94購01  ,0,0,0,0,0,0,0,0,0,137000,0,0,0,137000,0,137000,137000
052953,百和國票97購01  ,0,450000,-450000,0,0,0,0,0,0,587000,0,0,0,587000,0,587000,137000
056920,友達兆豐98購02  ,0,0,0,0,0,0,0,0,0,136000,0,0,0,136000,0,136000,136000
047897,可成群益94購01  ,0,0,0,0,0,0,0,0,0,136000,0,0,0,274000,138000,136000,136000
05263P,台積電元大96售09,0,0,0,0,0,0,0,0,0,136000,0,0,0,146000,10000,136000,136000
06467P,旺宏統一98售01  ,0,0,0,0,0,0,0,0,0,136000,0,0,0,136000,0,136000,136000
5225,東科-KY         ,196000,61000,135000,0,0,0,0,0,0,1000,1000,0,1000,0,0,0,136000
05616P,台光電永豐96售01,0,0,0,0,0,0,0,0,0,135000,0,0,0,135000,0,135000,135000
057796,鴻海兆豐99購03  ,0,0,0,0,0,0,0,0,0,135000,0,0,0,234000,99000,135000,135000
049595,麗豐元大95購01  ,0,0,0,0,0,0,0,0,0,135000,0,0,0,174000,39000,135000,135000
049798,台積電元大94購18,0,0,0,0,0,0,0,0,0,135000,0,0,0,185000,50000,135000,135000
049493,可成元大94購05  ,0,0,0,0,0,0,0,0,0,135000,0,0,0,135000,0,135000,135000
04867P,美律統一94售03  ,0,0,0,0,0,0,0,0,0,135000,0,0,0,135000,0,135000,135000
051645,光寶科永豐95購01,0,0,0,0,0,0,0,0,0,135000,0,0,0,200000,65000,135000,135000
052542,友達元富98購01  ,0,0,0,0,0,0,0,0,0,135000,0,0,0,135000,0,135000,135000
055462,華邦電日盛97購01,0,0,0,0,0,0,0,0,0,135000,0,0,0,135000,0,135000,135000
1906,寶隆            ,167000,32000,135000,0,0,0,0,0,0,0,0,0,0,0,0,0,135000
056313,聯茂元大98購01  ,0,0,0,0,0,0,0,0,0,134000,0,0,0,206000,72000,134000,134000
056451,可成凱基99購01  ,0,0,0,0,0,0,0,0,0,134000,0,0,0,215000,81000,134000,134000
057366,智邦元大98購08  ,0,0,0,0,0,0,0,0,0,134000,0,0,0,190000,56000,134000,134000
045837,群創群益98購02  ,0,0,0,0,0,0,0,0,0,134000,0,0,0,138000,4000,134000,134000
055512,聯詠兆豐97購01  ,0,0,0,0,0,0,0,0,0,134000,0,0,0,143000,9000,134000,134000
9946,三發地產        ,304000,170000,134000,0,0,0,0,0,0,0,0,0,0,0,0,0,134000
057463,華邦電永豐98購01,0,0,0,0,0,0,0,0,0,133000,0,0,0,133000,0,133000,133000
050099,台積電永昌96購01,0,0,0,0,0,0,0,0,0,133000,0,0,0,192000,59000,133000,133000
052476,台光電群益98購01,0,0,0,0,0,0,0,0,0,133000,0,0,0,186000,53000,133000,133000
053114,聯茂兆豐97購01  ,0,0,0,0,0,0,0,0,0,133000,0,0,0,641000,508000,133000,133000
054982,國巨元富97購03  ,0,0,0,0,0,0,0,0,0,133000,0,0,0,218000,85000,133000,133000
055574,美律統一97購01  ,0,0,0,0,0,0,0,0,0,133000,0,0,0,148000,15000,133000,133000
057529,嘉晶元大99購02  ,0,0,0,0,0,0,0,0,0,132000,0,0,0,152000,20000,132000,132000
051432,群創元富99購03  ,0,0,0,0,0,0,0,0,0,132000,0,0,0,132000,0,132000,132000
052814,上証2X永豐96購02,0,0,0,0,0,0,0,0,0,132000,0,0,0,710000,578000,132000,132000
053409,和碩兆豐96購02  ,0,0,0,0,0,0,0,0,0,132000,0,0,0,339000,207000,132000,132000
052709,光寶科日盛96購01,0,0,0,0,0,0,0,0,0,132000,0,0,0,182000,50000,132000,132000
054414,全新元大97購02  ,0,0,0,0,0,0,0,0,0,132000,0,0,0,158000,26000,132000,132000
2485,兆赫            ,155000,21000,134000,0,0,0,0,0,0,-2000,0,0,0,0,2000,-2000,132000
06738P,瑞昱兆豐98售02  ,0,0,0,0,0,0,0,0,0,132000,0,0,0,252000,120000,132000,132000
06058P,玉晶光凱基97售04,0,0,0,0,0,0,0,0,0,131000,0,0,0,204000,73000,131000,131000
050212,瀚宇博國票95購02,0,0,0,0,0,0,0,0,0,131000,0,0,0,131000,0,131000,131000
050867,聯鈞永豐95購01  ,0,0,0,0,0,0,0,0,0,131000,0,0,0,183000,52000,131000,131000
053465,聯電元大96購05  ,0,0,0,0,0,0,0,0,0,131000,0,0,0,302000,171000,131000,131000
050264,聯發科元大94購13,0,0,0,0,0,0,0,0,0,131000,0,0,0,211000,80000,131000,131000
055140,晶相光永豐97購01,0,0,0,0,0,0,0,0,0,131000,0,0,0,167000,36000,131000,131000
055342,鴻海凱基97購04  ,0,0,0,0,0,0,0,0,0,131000,0,0,0,131000,0,131000,131000
058017,漢唐凱基99購01  ,0,0,0,0,0,0,0,0,0,130000,0,0,0,130000,0,130000,130000
057847,聯茂永豐98購01  ,0,0,0,0,0,0,0,0,0,130000,0,0,0,185000,55000,130000,130000
057308,同欣電兆豐99購01,0,0,0,0,0,0,0,0,0,130000,0,0,0,233000,103000,130000,130000
051078,力山富邦97購01  ,0,0,0,0,0,0,0,0,0,130000,0,0,0,242000,112000,130000,130000
047696,聯發科國票94購02,0,0,0,0,0,0,0,0,0,130000,0,0,0,130000,0,130000,130000
049718,南亞科凱基94購04,0,0,0,0,0,0,0,0,0,130000,0,0,0,156000,26000,130000,130000
048924,光罩永豐94購01  ,0,0,0,0,0,0,0,0,0,130000,0,0,0,130000,0,130000,130000
045994,康控富邦94購01  ,0,0,0,0,0,0,0,0,0,130000,0,0,0,130000,0,130000,130000
048695,滬深2X國票95購03,0,0,0,0,0,0,0,0,0,130000,0,0,0,130000,0,130000,130000
044242,宏達電統一93購01,0,0,0,0,0,0,0,0,0,130000,0,0,0,130000,0,130000,130000
04420P,奇鋐永豐94售01  ,0,0,0,0,0,0,0,0,0,130000,0,0,0,130000,0,130000,130000
051700,深中小群益99購04,0,0,0,0,0,0,0,0,0,130000,0,0,0,330000,200000,130000,130000
052860,旺宏凱基96購03  ,0,0,0,0,0,0,0,0,0,130000,0,0,0,130000,0,130000,130000
054481,鎧勝中信96購01  ,0,0,0,0,0,0,0,0,0,130000,0,0,0,130000,0,130000,130000
054483,聯電台新96購01  ,0,0,0,0,0,0,0,0,0,130000,0,0,0,130000,0,130000,130000
054806,台化元大9A購01  ,0,0,0,0,0,0,0,0,0,130000,0,0,0,150000,20000,130000,130000
053651,台光電凱基98購01,0,0,0,0,0,0,0,0,0,130000,0,0,0,130000,0,130000,130000
06363P,臺股指麥證97售02,0,0,0,130000,0,130000,0,0,0,130000,0,0,0,130000,0,130000,130000
05664P,國巨凱基96售09  ,0,0,0,0,0,0,0,0,0,129000,0,0,0,149000,20000,129000,129000
054174,宏達電台新97購01,0,0,0,0,0,0,0,0,0,129000,0,0,0,129000,0,129000,129000
054750,聯茂凱基98購02  ,0,0,0,0,0,0,0,0,0,129000,0,0,0,188000,59000,129000,129000
06175P,台積電元大97售21,0,0,0,0,0,0,0,0,0,129000,0,0,0,148000,19000,129000,129000
06761P,台積電元大99售05,0,0,0,0,0,0,0,0,0,129000,0,0,0,553000,424000,129000,129000
1710,東聯            ,314000,199000,115000,0,0,0,0,0,0,14000,14000,0,14000,0,0,0,129000
9955,佳龍            ,140000,11000,129000,0,0,0,0,0,0,0,0,0,0,0,0,0,129000
056361,美律元大99購02  ,0,0,0,0,0,0,0,0,0,128000,0,0,0,128000,0,128000,128000
057082,玉晶光統一9A購04,0,0,0,0,0,0,0,0,0,128000,0,0,0,165000,37000,128000,128000
057648,和碩元大98購01  ,0,0,0,0,0,0,0,0,0,128000,0,0,0,182000,54000,128000,128000
049267,瀚宇博元大95購02,0,0,0,0,0,0,0,0,0,128000,0,0,0,130000,2000,128000,128000
052943,奇力新國票96購02,0,0,0,0,0,0,0,0,0,128000,0,0,0,129000,1000,128000,128000
053250,百和國票97購02  ,0,450000,-450000,0,0,0,0,0,0,578000,0,0,0,578000,0,578000,128000
052644,聯發科永豐96購01,0,0,0,0,0,0,0,0,0,128000,0,0,0,128000,0,128000,128000
052102,台泥兆豐96購01  ,0,0,0,0,0,0,0,0,0,128000,0,0,0,158000,30000,128000,128000
051225,台積電群益95購02,0,0,0,0,0,0,0,0,0,128000,0,0,0,414000,286000,128000,128000
06395P,台積電元大97售29,0,0,0,0,0,0,0,0,0,128000,0,0,0,340000,212000,128000,128000
5880,合庫金          ,2733344,2606275,127069,0,0,0,0,0,0,0,0,0,0,0,0,0,127069
049119,元油2X元富94購04,0,0,0,0,0,0,0,0,0,127000,0,0,0,155000,28000,127000,127000
051903,T50反1元大97購02,0,0,0,0,0,0,0,0,0,127000,0,0,0,127000,0,127000,127000
05120P,聯發科國泰97售01,0,0,0,0,0,0,0,0,0,127000,0,0,0,134000,7000,127000,127000
050386,智伸科國票94購01,0,0,0,0,0,0,0,0,0,127000,0,0,0,127000,0,127000,127000
053493,智邦兆豐97購02  ,0,0,0,0,0,0,0,0,0,127000,0,0,0,179000,52000,127000,127000
05509P,智邦元富96售02  ,0,0,0,0,0,0,0,0,0,127000,0,0,0,127000,0,127000,127000
055541,聚陽凱基98購01  ,0,0,0,0,0,0,0,0,0,127000,0,0,0,165000,38000,127000,127000
058149,百和元大99購02  ,0,100000,-100000,0,0,0,0,0,0,226000,0,0,0,276000,50000,226000,126000
05895P,奇力新群益96售03,0,0,0,0,0,0,0,0,0,126000,0,0,0,126000,0,126000,126000
056450,可成凱基98購05  ,0,0,0,0,0,0,0,0,0,126000,0,0,0,222000,96000,126000,126000
046624,彩晶凱基94購02  ,0,0,0,0,0,0,0,0,0,126000,0,0,0,205000,79000,126000,126000
04958P,和大凱基94售04  ,0,0,0,0,0,0,0,0,0,126000,0,0,0,135000,9000,126000,126000
056056,旺宏元大97購06  ,0,0,0,0,0,0,0,0,0,126000,0,0,0,218000,92000,126000,126000
056002,嘉晶永豐97購01  ,0,0,0,0,0,0,0,0,0,126000,0,0,0,136000,10000,126000,126000
054962,玉晶光元大99購02,0,0,0,0,0,0,0,0,0,126000,0,0,0,136000,10000,126000,126000
053611,聯茂麥證96購01  ,0,0,0,126000,0,126000,0,0,0,126000,0,0,0,126000,0,126000,126000
053962,聯茂永豐96購01  ,0,0,0,0,0,0,0,0,0,126000,0,0,0,318000,192000,126000,126000
053979,健策元大98購01  ,0,0,0,0,0,0,0,0,0,126000,0,0,0,302000,176000,126000,126000
4414,如興            ,289000,162000,127000,0,0,0,0,0,0,-1000,0,1000,-1000,0,0,0,126000
057631,康控永豐98購02  ,0,0,0,0,0,0,0,0,0,125000,0,0,0,170000,45000,125000,125000
052655,群創統一97購01  ,0,0,0,0,0,0,0,0,0,125000,0,0,0,145000,20000,125000,125000
054501,強茂永豐96購02  ,0,0,0,0,0,0,0,0,0,125000,0,0,0,125000,0,125000,125000
054504,聯鈞永豐96購01  ,0,0,0,0,0,0,0,0,0,125000,0,0,0,135000,10000,125000,125000
054350,美律國泰98購01  ,0,0,0,0,0,0,0,0,0,125000,0,0,0,125000,0,125000,125000
055746,同欣電元富97購01,0,0,0,0,0,0,0,0,0,125000,0,0,0,145000,20000,125000,125000
06488P,台積電元富98售05,0,0,0,0,0,0,0,0,0,125000,0,0,0,655000,530000,125000,125000
2402,毅嘉            ,234000,108000,126000,0,0,0,0,0,0,-1000,0,1000,-1000,0,0,0,125000
052922,國巨永豐96購01  ,0,0,0,0,0,0,0,0,0,124000,0,0,0,154000,30000,124000,124000
051166,可成元大95購02  ,0,0,0,0,0,0,0,0,0,124000,0,0,0,124000,0,124000,124000
055874,中環元富9A購01  ,0,0,0,0,0,0,0,0,0,124000,0,0,0,154000,30000,124000,124000
055314,華邦電中信99購01,0,0,0,0,0,0,0,0,0,124000,0,0,0,124000,0,124000,124000
054661,嘉聯益元大97購03,0,0,0,0,0,0,0,0,0,124000,0,0,0,143000,19000,124000,124000
053626,台積電兆豐96購03,0,0,0,0,0,0,0,0,0,124000,0,0,0,124000,0,124000,124000
1609,大亞            ,241000,117000,124000,0,0,0,0,0,0,0,0,0,0,0,0,0,124000
03826P,瀚宇博元大95售01,0,0,0,0,0,0,0,0,0,123000,0,0,0,289000,166000,123000,123000
052428,嘉晶永豐95購01  ,0,0,0,0,0,0,0,0,0,123000,0,0,0,180000,57000,123000,123000
055530,聯發科群益98購01,0,0,0,0,0,0,0,0,0,123000,0,0,0,173000,50000,123000,123000
06671P,台積電群益98售04,0,0,0,0,0,0,0,0,0,123000,0,0,0,137000,14000,123000,123000
6533,晶心科          ,137000,14000,123000,0,0,0,0,0,0,0,0,0,0,0,0,0,123000
046108,A50正2元大95購02,0,0,0,0,0,0,0,0,0,122000,0,0,0,122000,0,122000,122000
048793,超眾元大95購02  ,0,0,0,0,0,0,0,0,0,122000,0,0,0,122000,0,122000,122000
048839,牧德凱基95購01  ,0,0,0,0,0,0,0,0,0,122000,0,0,0,129000,7000,122000,122000
053158,茂林元大96購01  ,0,0,0,0,0,0,0,0,0,122000,0,0,0,246000,124000,122000,122000
056344,嘉晶凱基98購02  ,0,0,0,0,0,0,0,0,0,121000,0,0,0,341000,220000,121000,121000
057171,台光電元大9B購01,0,0,0,0,0,0,0,0,0,121000,0,0,0,161000,40000,121000,121000
052911,友達統一97購02  ,0,0,0,0,0,0,0,0,0,121000,0,0,0,376000,255000,121000,121000
051040,漢唐永豐95購01  ,0,0,0,0,0,0,0,0,0,121000,0,0,0,121000,0,121000,121000
055891,鴻海統一9A購01  ,0,0,0,0,0,0,0,0,0,121000,0,0,0,847000,726000,121000,121000
05376P,聯發科日盛95售04,0,0,0,0,0,0,0,0,0,121000,0,0,0,121000,0,121000,121000
3062,建漢            ,179000,57000,122000,0,0,0,0,0,0,-1000,0,1000,-1000,0,0,0,121000
058324,嘉聯益永豐9A購01,0,0,0,0,0,0,0,0,0,120000,0,0,0,126000,6000,120000,120000
047770,聯詠元大93購10  ,0,0,0,0,0,0,0,0,0,120000,0,0,0,120000,0,120000,120000
051099,台郡元大95購03  ,0,0,0,0,0,0,0,0,0,120000,0,0,0,125000,5000,120000,120000
047422,滬深2X兆豐94購02,0,0,0,0,0,0,0,0,0,120000,0,0,0,120000,0,120000,120000
047547,友達凱基99購02  ,0,0,0,0,0,0,0,0,0,120000,0,0,0,130000,10000,120000,120000
049153,大立光元大96購02,0,0,0,0,0,0,0,0,0,120000,0,0,0,158000,38000,120000,120000
048651,美利達元大96購05,0,0,0,0,0,0,0,0,0,120000,0,0,0,120000,0,120000,120000
044265,滬深2X中信95購05,0,0,0,0,0,0,0,0,0,120000,0,0,0,120000,0,120000,120000
04690P,國巨群益94售06  ,0,0,0,0,0,0,0,0,0,120000,0,0,0,120000,0,120000,120000
050822,亞光凱基95購01  ,0,0,0,0,0,0,0,0,0,120000,0,0,0,140000,20000,120000,120000
053001,力山永豐96購01  ,0,0,0,0,0,0,0,0,0,120000,0,0,0,120000,0,120000,120000
053311,同欣電凱基96購01,0,0,0,0,0,0,0,0,0,120000,0,0,0,120000,0,120000,120000
050351,華新科群益95購02,0,0,0,0,0,0,0,0,0,120000,0,0,0,151000,31000,120000,120000
1734,杏輝            ,161000,41000,120000,0,0,0,0,0,0,0,0,0,0,0,0,0,120000
00692,富邦公司治理    ,215,0,215,0,0,0,0,0,0,119000,0,0,0,1509000,1390000,119000,119215
057854,聯發科國票99購03,0,0,0,0,0,0,0,0,0,119000,0,0,0,168000,49000,119000,119000
056598,京元電元富98購01,0,0,0,0,0,0,0,0,0,119000,0,0,0,149000,30000,119000,119000
046602,新日興群益94購01,0,0,0,0,0,0,0,0,0,119000,0,0,0,160000,41000,119000,119000
055791,臺股指凱基97購14,0,0,0,0,0,0,0,0,0,119000,0,0,0,735000,616000,119000,119000
3703,欣陸            ,127000,6000,121000,0,0,0,0,0,0,-2000,0,2000,-2000,0,0,0,119000
2845,遠東銀          ,407079,284000,123079,0,0,0,0,0,0,-5000,0,5000,-5000,0,0,0,118079
056305,群創元大9A購03  ,0,0,0,0,0,0,0,0,0,118000,0,0,0,202000,84000,118000,118000
052450,嘉澤元大95購03  ,0,0,0,0,0,0,0,0,0,118000,0,0,0,118000,0,118000,118000
06655P,TPK元大98售02   ,0,0,0,0,0,0,0,0,0,118000,0,0,0,118000,0,118000,118000
058308,全新元大9B購01  ,0,0,0,0,0,0,0,0,0,117000,0,0,0,156000,39000,117000,117000
055244,國巨統一98購01  ,0,0,0,0,0,0,0,0,0,117000,0,0,0,172000,55000,117000,117000
055471,聯發科凱基97購04,0,0,0,0,0,0,0,0,0,117000,0,0,0,124000,7000,117000,117000
054623,華新科第一97購01,0,0,0,0,0,0,0,0,0,117000,0,0,0,150000,33000,117000,117000
054722,傳奇永豐97購01  ,0,0,0,0,0,0,0,0,0,117000,0,0,0,117000,0,117000,117000
054201,聯詠富邦97購02  ,0,0,0,0,0,0,0,0,0,117000,0,0,0,117000,0,117000,117000
2231,為升            ,144000,27000,117000,0,0,0,0,0,0,0,0,0,0,4000,4000,0,117000
3535,晶彩科          ,132000,15000,117000,0,0,0,0,0,0,0,0,0,0,0,0,0,117000
056909,嘉聯益元大99購03,0,0,0,0,0,0,0,0,0,116000,0,0,0,132000,16000,116000,116000
052223,聯電凱基96購02  ,0,0,0,0,0,0,0,0,0,116000,0,0,0,116000,0,116000,116000
052146,泰碩群益95購01  ,0,0,0,0,0,0,0,0,0,116000,0,0,0,177000,61000,116000,116000
054282,泰鼎群益98購02  ,0,0,0,0,0,0,0,0,0,116000,0,0,0,289000,173000,116000,116000
054517,高鐵元大96購01  ,0,0,0,0,0,0,0,0,0,116000,0,0,0,136000,20000,116000,116000
054786,全新群益99購02  ,0,0,0,0,0,0,0,0,0,116000,0,0,0,281000,165000,116000,116000
053852,南亞科國泰98購01,0,0,0,0,0,0,0,0,0,116000,0,0,0,126000,10000,116000,116000
05609P,國泰金凱基96售01,0,0,0,0,0,0,0,0,0,116000,0,0,0,116000,0,116000,116000
06553P,訊芯元大98售05  ,0,0,0,0,0,0,0,0,0,116000,0,0,0,208000,92000,116000,116000
06233P,訊芯永豐97售03  ,0,0,0,0,0,0,0,0,0,116000,0,0,0,175000,59000,116000,116000
058247,聯茂元大99購04  ,0,0,0,0,0,0,0,0,0,115000,0,0,0,136000,21000,115000,115000
057771,鴻海群益99購01  ,0,0,0,0,0,0,0,0,0,115000,0,0,0,198000,83000,115000,115000
047505,元金2X國票9B購01,0,0,0,0,0,0,0,0,0,115000,0,0,0,178000,63000,115000,115000
046962,群創中信95購03  ,0,0,0,0,0,0,0,0,0,115000,0,0,0,115000,0,115000,115000
04797P,華新科元大94售04,0,0,0,0,0,0,0,0,0,115000,0,0,0,115000,0,115000,115000
055886,上銀統一97購02  ,0,0,0,0,0,0,0,0,0,115000,0,0,0,115000,0,115000,115000
055354,宏達電凱基98購01,0,0,0,0,0,0,0,0,0,115000,0,0,0,144000,29000,115000,115000
053915,光罩國票96購02  ,0,0,0,0,0,0,0,0,0,115000,0,0,0,115000,0,115000,115000
056890,國巨元大98購11  ,0,0,0,0,0,0,0,0,0,114000,0,0,0,139000,25000,114000,114000
056495,泰鼎國泰99購01  ,0,0,0,0,0,0,0,0,0,114000,0,0,0,116000,2000,114000,114000
056562,奇力新群益98購01,0,0,0,0,0,0,0,0,0,114000,0,0,0,135000,21000,114000,114000
049700,瀚宇博元大97購01,0,0,0,0,0,0,0,0,0,114000,0,0,0,126000,12000,114000,114000
051551,新日興永豐95購01,0,0,0,0,0,0,0,0,0,114000,0,0,0,114000,0,114000,114000
06411P,晶相光永豐97售03,0,0,0,0,0,0,0,0,0,114000,0,0,0,124000,10000,114000,114000
8028,昇陽半導體      ,240000,138000,102000,0,0,0,0,0,0,12000,5000,1000,4000,9000,1000,8000,114000
057822,牧德元大9A購01  ,0,0,0,0,0,0,0,0,0,113000,0,0,0,139000,26000,113000,113000
057570,技嘉永豐98購02  ,0,0,0,0,0,0,0,0,0,113000,0,0,0,183000,70000,113000,113000
06073P,健策永豐97售01  ,0,0,0,0,0,0,0,0,0,113000,0,0,0,113000,0,113000,113000
050179,全新元大96購02  ,0,0,0,0,0,0,0,0,0,113000,0,0,0,180000,67000,113000,113000
049659,旺宏台新95購01  ,0,0,0,0,0,0,0,0,0,113000,0,0,0,113000,0,113000,113000
053361,友達元富99購01  ,0,0,0,0,0,0,0,0,0,113000,0,0,0,113000,0,113000,113000
3665,貿聯-KY         ,194000,137000,57000,0,0,0,0,82000,-82000,138000,132000,5000,127000,20000,9000,11000,113000
3060,銘異            ,359000,246000,113000,0,0,0,0,0,0,0,0,0,0,0,0,0,113000
056535,全新凱基99購02  ,0,0,0,0,0,0,0,0,0,112000,0,0,0,146000,34000,112000,112000
056707,鴻海富邦99購03  ,0,0,0,0,0,0,0,0,0,112000,0,0,0,112000,0,112000,112000
056256,聯茂元富97購03  ,0,0,0,0,0,0,0,0,0,112000,0,0,0,132000,20000,112000,112000
055216,友達凱基98購05  ,0,0,0,0,0,0,0,0,0,112000,0,0,0,272000,160000,112000,112000
055973,亞德客統一97購01,0,0,0,0,0,0,0,0,0,112000,0,0,0,168000,56000,112000,112000
6177,達麗            ,141000,29000,112000,0,0,0,0,0,0,0,0,0,0,0,0,0,112000
056381,台虹元富98購01  ,0,0,0,0,0,0,0,0,0,111000,0,0,0,274000,163000,111000,111000
056677,智伸科元富98購01,0,0,0,0,0,0,0,0,0,111000,0,0,0,111000,0,111000,111000
056647,晶技凱基98購02  ,0,0,0,0,0,0,0,0,0,111000,0,0,0,193000,82000,111000,111000
046384,群創凱基98購02  ,0,0,0,0,0,0,0,0,0,111000,0,0,0,111000,0,111000,111000
04581P,楠梓電康和94售03,0,0,0,0,0,0,0,0,0,111000,0,0,0,171000,60000,111000,111000
054985,光罩元富97購01  ,0,0,0,0,0,0,0,0,0,111000,0,0,0,228000,117000,111000,111000
053717,聯發科凱基96購17,0,0,0,0,0,0,0,0,0,111000,0,0,0,122000,11000,111000,111000
05434P,世紀鋼元富95售02,0,0,0,0,0,0,0,0,0,111000,0,0,0,111000,0,111000,111000
2428,興勤            ,231000,136000,95000,0,0,0,0,0,0,16000,0,0,0,16000,0,16000,111000
056725,鴻海國票99購03  ,0,0,0,0,0,0,0,0,0,110000,0,0,0,110000,0,110000,110000
056823,智伸科永豐98購01,0,0,0,0,0,0,0,0,0,110000,0,0,0,110000,0,110000,110000
056764,友達元大9A購03  ,0,0,0,0,0,0,0,0,0,110000,0,0,0,110000,0,110000,110000
05711P,茂林國票97售03  ,0,0,0,0,0,0,0,0,0,110000,0,0,0,145000,35000,110000,110000
044531,欣興富邦93購01  ,0,0,0,0,0,0,0,0,0,110000,0,0,0,110000,0,110000,110000
04138P,智邦國票93售02  ,0,0,0,0,0,0,0,0,0,110000,0,0,0,110000,0,110000,110000
049431,光罩國票96購01  ,0,0,0,0,0,0,0,0,0,110000,0,0,0,110000,0,110000,110000
052982,鴻海元大97購06  ,0,0,0,0,0,0,0,0,0,110000,0,0,0,210000,100000,110000,110000
050839,楠梓電國票96購01,0,0,0,0,0,0,0,0,0,110000,0,0,0,110000,0,110000,110000
051913,緯創元大96購01  ,0,0,0,0,0,0,0,0,0,110000,0,0,0,210000,100000,110000,110000
052413,上証反中信97購01,0,0,0,0,0,0,0,0,0,110000,0,0,0,120000,10000,110000,110000
051237,鴻海元大97購01  ,0,0,0,0,0,0,0,0,0,110000,0,0,0,110000,0,110000,110000
054035,聯詠麥證96購01  ,0,0,0,110000,0,110000,0,0,0,110000,0,0,0,110000,0,110000,110000
055004,群創元富99購06  ,0,0,0,0,0,0,0,0,0,110000,0,0,0,110000,0,110000,110000
056016,鴻海群益97購06  ,0,0,0,0,0,0,0,0,0,110000,0,0,0,168000,58000,110000,110000
6288,聯嘉            ,223000,103000,120000,0,0,0,0,0,0,-10000,0,10000,-10000,0,0,0,110000
3645,達邁            ,137000,27000,110000,0,0,0,0,0,0,0,0,0,0,0,0,0,110000
057211,鴻海群益98購05  ,0,0,0,0,0,0,0,0,0,109000,0,0,0,204000,95000,109000,109000
048433,聯詠國票94購01  ,0,0,0,0,0,0,0,0,0,109000,0,0,0,109000,0,109000,109000
050239,廣達凱基94購01  ,0,0,0,0,0,0,0,0,0,109000,0,0,0,134000,25000,109000,109000
050048,百和國票94購01  ,0,0,0,0,0,0,0,0,0,109000,0,0,0,109000,0,109000,109000
052089,聯發科元大96購02,0,0,0,0,0,0,0,0,0,109000,0,0,0,109000,0,109000,109000
055758,旺宏群益97購01  ,0,0,0,0,0,0,0,0,0,109000,0,0,0,149000,40000,109000,109000
054867,華航群益99購01  ,0,0,0,0,0,0,0,0,0,109000,0,0,0,163000,54000,109000,109000
6592,和潤企業        ,148000,39000,109000,0,0,0,0,0,0,0,0,0,0,0,0,0,109000
06955P,臻鼎元富99售01  ,0,0,0,0,0,0,0,0,0,109000,0,0,0,189000,80000,109000,109000
057295,可成永豐98購02  ,0,0,0,0,0,0,0,0,0,108000,0,0,0,188000,80000,108000,108000
057382,聯發科國泰9A購01,0,0,0,0,0,0,0,0,0,108000,0,0,0,314000,206000,108000,108000
048258,國泰金統一93購01,0,0,0,0,0,0,0,0,0,108000,0,0,0,108000,0,108000,108000
049778,宏達電統一94購02,0,0,0,0,0,0,0,0,0,108000,0,0,0,108000,0,108000,108000
052313,聯電元大98購01  ,0,0,0,0,0,0,0,0,0,108000,0,0,0,131000,23000,108000,108000
054866,宏盛群益98購01  ,0,0,0,0,0,0,0,0,0,108000,0,0,0,108000,0,108000,108000
057449,華新科元富99購02,0,0,0,0,0,0,0,0,0,107000,0,0,0,134000,27000,107000,107000
05674P,瑞昱群益96售02  ,0,0,0,0,0,0,0,0,0,107000,0,0,0,127000,20000,107000,107000
056882,華邦電康和98購01,0,0,0,0,0,0,0,0,0,107000,0,0,0,107000,0,107000,107000
049185,南電凱基94購03  ,0,0,0,0,0,0,0,0,0,107000,0,0,0,129000,22000,107000,107000
05035P,聯發科元大95售06,0,0,0,0,0,0,0,0,0,107000,0,0,0,250000,143000,107000,107000
050493,聯發科永昌96購01,0,0,0,0,0,0,0,0,0,107000,0,0,0,492000,385000,107000,107000
051025,晶華統一95購01  ,0,0,0,0,0,0,0,0,0,107000,0,0,0,111000,4000,107000,107000
054131,南亞科元大96購04,0,0,0,0,0,0,0,0,0,107000,0,0,0,156000,49000,107000,107000
056851,瑞儀元富98購01  ,0,0,0,0,0,0,0,0,0,106000,0,0,0,136000,30000,106000,106000
058037,台灣50元大9B購02,0,0,0,0,0,0,0,0,0,106000,0,0,0,399000,293000,106000,106000
00706L,元大S&P日圓正2  ,0,0,0,0,0,0,0,0,0,106000,0,0,0,106000,0,106000,106000
05331P,上証2X國票96售01,0,0,0,0,0,0,0,0,0,106000,0,0,0,316000,210000,106000,106000
055526,台積電群益97購02,0,0,0,0,0,0,0,0,0,106000,0,0,0,106000,0,106000,106000
3673,TPK-KY          ,272380,268000,4380,0,0,0,0,0,0,101000,42000,1000,41000,64000,4000,60000,105380
058031,旺宏永豐98購04  ,0,0,0,0,0,0,0,0,0,105000,0,0,0,117000,12000,105000,105000
05948P,茂林元大96售03  ,0,0,0,0,0,0,0,0,0,105000,0,0,0,145000,40000,105000,105000
05663P,創意元富96售04  ,0,0,0,0,0,0,0,0,0,105000,0,0,0,115000,10000,105000,105000
05655P,南亞科統一96售01,0,0,0,0,0,0,0,0,0,105000,0,0,0,155000,50000,105000,105000
056570,旺宏元大98購07  ,0,0,0,0,0,0,0,0,0,105000,0,0,0,110000,5000,105000,105000
049023,玉晶光群益96購04,0,0,0,0,0,0,0,0,0,105000,0,0,0,321000,216000,105000,105000
050732,台虹國票94購01  ,0,0,0,0,0,0,0,0,0,105000,0,0,0,105000,0,105000,105000
052563,京元電日盛96購01,0,0,0,0,0,0,0,0,0,105000,0,0,0,105000,0,105000,105000
05507P,聯茂凱基96售02  ,0,0,0,0,0,0,0,0,0,105000,0,0,0,105000,0,105000,105000
051228,聯發科群益95購03,0,0,0,0,0,0,0,0,0,104000,0,0,0,104000,0,104000,104000
050544,聯發科凱基95購02,0,0,0,0,0,0,0,0,0,104000,0,0,0,400000,296000,104000,104000
053295,奇力新中信96購01,0,0,0,0,0,0,0,0,0,104000,0,0,0,444000,340000,104000,104000
053274,旺宏元大98購03  ,0,0,0,0,0,0,0,0,0,104000,0,0,0,115000,11000,104000,104000
056069,新日興元大97購03,0,0,0,0,0,0,0,0,0,104000,0,0,0,160000,56000,104000,104000
055892,國巨統一99購01  ,0,0,0,0,0,0,0,0,0,104000,0,0,0,259000,155000,104000,104000
054688,兆赫永豐97購01  ,0,0,0,0,0,0,0,0,0,104000,0,0,0,104000,0,104000,104000
6452,康友-KY         ,113000,51000,62000,0,0,0,0,0,0,42000,0,0,0,46000,4000,42000,104000
057611,技嘉元富98購02  ,0,0,0,0,0,0,0,0,0,103000,0,0,0,180000,77000,103000,103000
00665L,富邦恒生國企正2 ,59000,17000,42000,0,0,0,0,0,0,61000,0,0,0,73000,12000,61000,103000
053027,玉晶光富邦98購01,0,0,0,0,0,0,0,0,0,103000,0,0,0,104000,1000,103000,103000
052667,漢唐群益96購01  ,0,0,0,0,0,0,0,0,0,103000,0,0,0,114000,11000,103000,103000
051784,國巨兆豐95購01  ,0,0,0,0,0,0,0,0,0,103000,0,0,0,289000,186000,103000,103000
052296,TPK國票96購01   ,0,0,0,0,0,0,0,0,0,103000,0,0,0,1600000,1497000,103000,103000
054544,統一中信97購01  ,0,0,0,0,0,0,0,0,0,103000,0,0,0,246000,143000,103000,103000
054733,鴻海凱基98購04  ,0,0,0,0,0,0,0,0,0,103000,0,0,0,103000,0,103000,103000
053714,南亞科凱基96購03,0,0,0,0,0,0,0,0,0,103000,0,0,0,123000,20000,103000,103000
053690,南亞科元大96購02,0,0,0,0,0,0,0,0,0,103000,0,0,0,122000,19000,103000,103000
055790,南電凱基97購01  ,0,0,0,0,0,0,0,0,0,103000,0,0,0,260000,157000,103000,103000
055484,華通元大97購04  ,0,0,0,0,0,0,0,0,0,103000,0,0,0,145000,42000,103000,103000
06394P,台積電元大97售28,0,0,0,0,0,0,0,0,0,103000,0,0,0,143000,40000,103000,103000
04645P,禾伸堂凱基94售03,0,0,0,0,0,0,0,0,0,102000,0,0,0,102000,0,102000,102000
052095,彩晶元大97購01  ,0,0,0,0,0,0,0,0,0,102000,0,0,0,103000,1000,102000,102000
053043,嘉晶凱基96購01  ,0,0,0,0,0,0,0,0,0,102000,0,0,0,240000,138000,102000,102000
055023,億光國泰98購01  ,0,0,0,0,0,0,0,0,0,102000,0,0,0,213000,111000,102000,102000
06155P,智邦統一97售02  ,0,0,0,0,0,0,0,0,0,102000,0,0,0,102000,0,102000,102000
06880P,鈺齊凱基98售03  ,0,0,0,0,0,0,0,0,0,102000,0,0,0,163000,61000,102000,102000
1795,美時            ,323000,221000,102000,0,0,0,0,0,0,0,0,0,0,0,0,0,102000
3321,同泰            ,104000,2000,102000,0,0,0,0,0,0,0,0,0,0,0,0,0,102000
056303,亞光元大97購04  ,0,0,0,0,0,0,0,0,0,101000,0,0,0,160000,59000,101000,101000
056982,華新科群益98購05,0,0,0,0,0,0,0,0,0,101000,0,0,0,144000,43000,101000,101000
047231,大立光凱基95購03,0,0,0,0,0,0,0,0,0,101000,0,0,0,101000,0,101000,101000
049602,南電元大95購01  ,0,0,0,0,0,0,0,0,0,101000,0,0,0,117000,16000,101000,101000
048167,旺宏永豐93購04  ,0,0,0,0,0,0,0,0,0,101000,0,0,0,101000,0,101000,101000
047629,深中小元大96購01,0,0,0,0,0,0,0,0,0,101000,0,0,0,121000,20000,101000,101000
051081,聯茂富邦96購01  ,0,0,0,0,0,0,0,0,0,101000,0,0,0,106000,5000,101000,101000
051513,台積電凱基95購13,0,0,0,0,0,0,0,0,0,101000,0,0,0,101000,0,101000,101000
053408,友達兆豐98購01  ,0,0,0,0,0,0,0,0,0,101000,0,0,0,101000,0,101000,101000
049901,瑞昱元富94購01  ,0,0,0,0,0,0,0,0,0,101000,0,0,0,200000,99000,101000,101000
054311,世芯凱基96購02  ,0,0,0,0,0,0,0,0,0,101000,0,0,0,121000,20000,101000,101000
054190,矽創永豐96購01  ,0,0,0,0,0,0,0,0,0,101000,0,0,0,103000,2000,101000,101000
056834,華新元富99購01  ,0,0,0,0,0,0,0,0,0,100000,0,0,0,160000,60000,100000,100000
056325,群創兆豐9A購01  ,0,0,0,0,0,0,0,0,0,100000,0,0,0,200000,100000,100000,100000
056291,聯茂永豐97購03  ,0,0,0,0,0,0,0,0,0,100000,0,0,0,330000,230000,100000,100000
056492,全新國泰9A購01  ,0,0,0,0,0,0,0,0,0,100000,0,0,0,100000,0,100000,100000
057678,臺股指元大98購08,0,0,0,0,0,0,0,0,0,100000,0,0,0,100000,0,100000,100000
057675,同欣電元大98購02,0,0,0,0,0,0,0,0,0,100000,0,0,0,156000,56000,100000,100000
06046P,健策統一96售03  ,0,0,0,0,0,0,0,0,0,100000,0,0,0,143000,43000,100000,100000
05996P,華新科群益96售03,0,0,0,0,0,0,0,0,0,100000,0,0,0,175000,75000,100000,100000
058265,奇力新永豐9A購01,0,0,0,0,0,0,0,0,0,100000,0,0,0,100000,0,100000,100000
058208,百和凱基99購01  ,0,100000,-100000,0,0,0,0,0,0,200000,0,0,0,250000,50000,200000,100000
051360,緯創元大95購03  ,0,0,0,0,0,0,0,0,0,100000,0,0,0,200000,100000,100000,100000
047728,嘉聯益群益93購01,0,0,0,0,0,0,0,0,0,100000,0,0,0,100000,0,100000,100000
048151,世紀鋼元富93購01,0,0,0,0,0,0,0,0,0,100000,0,0,0,299000,199000,100000,100000
048010,嘉聯益富邦97購01,0,0,0,0,0,0,0,0,0,100000,0,0,0,141000,41000,100000,100000
048215,A50正2凱基95購01,0,0,0,0,0,0,0,0,0,100000,0,0,0,150000,50000,100000,100000
049717,微星凱基94購01  ,0,0,0,0,0,0,0,0,0,100000,0,0,0,100000,0,100000,100000
048633,台達電元大94購02,0,0,0,0,0,0,0,0,0,100000,0,0,0,100000,0,100000,100000
048601,智易國票94購03  ,0,0,0,0,0,0,0,0,0,100000,0,0,0,100000,0,100000,100000
047604,智原國泰95購01  ,0,0,0,0,0,0,0,0,0,100000,0,0,0,100000,0,100000,100000
049515,同欣電凱基94購01,0,0,0,0,0,0,0,0,0,100000,0,0,0,100000,0,100000,100000
040760,T50反1凱基95購01,0,0,0,0,0,0,0,0,0,100000,0,0,0,100000,0,100000,100000
046826,統一群益94購01  ,0,0,0,0,0,0,0,0,0,100000,0,0,0,100000,0,100000,100000
040160,SP黃豆元富95購01,0,0,0,0,0,0,0,0,0,100000,0,0,0,100000,0,100000,100000
045854,貿聯富邦93購01  ,0,0,0,0,0,0,0,0,0,100000,0,0,0,100000,0,100000,100000
045683,泰鼎元大93購03  ,0,0,0,0,0,0,0,0,0,100000,0,0,0,100000,0,100000,100000
04919P,聯詠凱基94售05  ,0,0,0,0,0,0,0,0,0,100000,0,0,0,100000,0,100000,100000
049241,智邦元富94購01  ,0,0,0,0,0,0,0,0,0,100000,0,0,0,100000,0,100000,100000
049286,美律兆豐94購01  ,0,0,0,0,0,0,0,0,0,100000,0,0,0,100000,0,100000,100000
048286,滬深2X兆豐94購04,0,0,0,0,0,0,0,0,0,100000,0,0,0,100000,0,100000,100000
048354,滬深2X永豐93購03,0,0,0,0,0,0,0,0,0,100000,0,0,0,100000,0,100000,100000
049938,臺股指元大94購19,0,0,0,0,0,0,0,0,0,100000,0,0,0,100000,0,100000,100000
050065,冠德凱基94購01  ,0,0,0,0,0,0,0,0,0,100000,0,0,0,100000,0,100000,100000
050112,高鐵元大94購02  ,0,0,0,0,0,0,0,0,0,100000,0,0,0,100000,0,100000,100000
051253,緯創元大95購02  ,0,0,0,0,0,0,0,0,0,100000,0,0,0,255000,155000,100000,100000
051270,百和富邦95購01  ,0,0,0,0,0,0,0,0,0,100000,0,0,0,100000,0,100000,100000
05220P,台積電元大95售16,0,0,0,0,0,0,0,0,0,100000,0,0,0,400000,300000,100000,100000
052122,新光金國票96購01,0,0,0,0,0,0,0,0,0,100000,0,0,0,100000,0,100000,100000
051201,台積電麥證95購02,0,0,0,100000,0,100000,0,0,0,100000,0,0,0,100000,0,100000,100000
05253P,智邦凱基95售08  ,0,0,0,0,0,0,0,0,0,100000,0,0,0,300000,200000,100000,100000
052187,奇鋐群益95購03  ,0,0,0,0,0,0,0,0,0,100000,0,0,0,100000,0,100000,100000
053228,康友台新97購01  ,0,0,0,0,0,0,0,0,0,100000,0,0,0,100000,0,100000,100000
053186,健策中信9C購01  ,0,0,0,0,0,0,0,0,0,100000,0,0,0,241000,141000,100000,100000
05265P,正崴元大95售03  ,0,3000,-3000,0,0,0,0,0,0,103000,0,0,0,103000,0,103000,100000
052608,欣興元大97購01  ,0,0,0,0,0,0,0,0,0,100000,0,0,0,300000,200000,100000,100000
050649,華新科凱基96購01,0,0,0,0,0,0,0,0,0,100000,0,0,0,100000,0,100000,100000
050994,欣興元大96購03  ,0,0,0,0,0,0,0,0,0,100000,0,0,0,100000,0,100000,100000
054392,華通永豐96購05  ,0,0,0,0,0,0,0,0,0,100000,0,0,0,100000,0,100000,100000
054452,華通亞東96購01  ,0,0,0,0,0,0,0,0,0,100000,0,0,0,105000,5000,100000,100000
053624,A50正2兆豐97購02,0,0,0,0,0,0,0,0,0,100000,0,0,0,100000,0,100000,100000
053652,友達凱基98購04  ,0,0,0,0,0,0,0,0,0,100000,0,0,0,100000,0,100000,100000
053486,T50反1兆豐96購01,0,0,0,0,0,0,0,0,0,100000,0,0,0,100000,0,100000,100000
054084,旺宏統一97購05  ,0,0,0,0,0,0,0,0,0,100000,0,0,0,100000,0,100000,100000
053938,彩晶元富96購01  ,0,0,0,0,0,0,0,0,0,100000,0,0,0,100000,0,100000,100000
05511P,T50反1台新06售01,0,0,0,0,0,0,0,0,0,100000,0,0,0,100000,0,100000,100000
055124,建準兆豐97購01  ,0,0,0,0,0,0,0,0,0,100000,0,0,0,100000,0,100000,100000
05512P,華新科台新97售01,0,0,0,0,0,0,0,0,0,100000,0,0,0,100000,0,100000,100000
055472,大立光凱基97購07,0,0,0,0,0,0,0,0,0,100000,0,0,0,100000,0,100000,100000
055765,臺股指群益97購03,0,0,0,0,0,0,0,0,0,100000,0,0,0,100000,0,100000,100000
055494,華新科元大98購01,0,0,0,0,0,0,0,0,0,100000,0,0,0,100000,0,100000,100000
055556,奇力新凱基98購03,0,0,0,0,0,0,0,0,0,100000,0,0,0,100000,0,100000,100000
055677,喬山凱基97購01  ,450000,0,450000,0,0,0,0,0,0,-350000,0,0,0,100000,450000,-350000,100000
056105,智原永豐97購01  ,0,0,0,0,0,0,0,0,0,100000,0,0,0,100000,0,100000,100000
056073,智伸科元大97購01,0,0,0,0,0,0,0,0,0,100000,0,0,0,100000,0,100000,100000
4545,銘鈺            ,106000,7000,99000,0,0,0,0,0,0,1000,1000,0,1000,0,0,0,100000
06124P,超眾元大97售03  ,0,0,0,0,0,0,0,0,0,100000,0,0,0,100000,0,100000,100000
06611P,祥碩國票98售01  ,0,0,0,0,0,0,0,0,0,100000,0,0,0,100000,0,100000,100000
3023,信邦            ,372900,239888,133012,0,0,0,10000,0,10000,-44000,0,40000,-40000,0,4000,-4000,99012
058023,南電凱基98購02  ,0,0,0,0,0,0,0,0,0,99000,0,0,0,148000,49000,99000,99000
056699,光罩國泰99購01  ,0,0,0,0,0,0,0,0,0,99000,0,0,0,229000,130000,99000,99000
04568P,瑞昱兆豐94售02  ,0,0,0,0,0,0,0,0,0,99000,0,0,0,159000,60000,99000,99000
044610,A50正2兆豐93購01,0,0,0,0,0,0,0,0,0,99000,0,0,0,100000,1000,99000,99000
00714,群益道瓊美國地產,0,0,0,0,0,0,0,0,0,99000,0,0,0,111000,12000,99000,99000
00753L,中信中國50正2   ,0,0,0,0,0,0,0,0,0,99000,0,0,0,270000,171000,99000,99000
050569,英業達中信94購01,0,0,0,0,0,0,0,0,0,99000,0,0,0,199000,100000,99000,99000
050815,南亞科凱基95購01,0,0,0,0,0,0,0,0,0,99000,0,0,0,99000,0,99000,99000
051342,光寶科元大95購01,0,0,0,0,0,0,0,0,0,99000,0,0,0,99000,0,99000,99000
051215,大立光統一95購03,0,0,0,0,0,0,0,0,0,99000,0,0,0,100000,1000,99000,99000
051979,群創凱基97購01  ,0,0,0,0,0,0,0,0,0,99000,0,0,0,104000,5000,99000,99000
055547,台積電凱基97購13,0,0,0,0,0,0,0,0,0,99000,0,0,0,99000,0,99000,99000
054285,國巨元大98購02  ,0,0,0,0,0,0,0,0,0,99000,0,0,0,120000,21000,99000,99000
058113,百和元富98購01  ,0,310000,-310000,0,0,0,0,0,0,408000,0,0,0,448000,40000,408000,98000
057443,臺股指統一99購04,0,0,0,0,0,0,0,0,0,98000,0,0,0,98000,0,98000,98000
057425,臺股指凱基9C購02,0,0,0,0,0,0,0,0,0,98000,0,0,0,100000,2000,98000,98000
057405,麗豐群益98購01  ,0,0,0,0,0,0,0,0,0,98000,0,0,0,98000,0,98000,98000
057773,技嘉群益9A購02  ,0,0,0,0,0,0,0,0,0,98000,0,0,0,124000,26000,98000,98000
057688,國巨凱基99購07  ,0,0,0,0,0,0,0,0,0,98000,0,0,0,101000,3000,98000,98000
020000,富邦特選蘋果N   ,0,0,0,0,0,0,0,0,0,98000,0,0,0,104000,6000,98000,98000
03425B,臺股指元大9A熊01,0,0,0,0,0,0,0,0,0,98000,0,0,0,198000,100000,98000,98000
03827P,矽創國票94售01  ,0,0,0,0,0,0,0,0,0,98000,0,0,0,98000,0,98000,98000
03763P,聯發科元富96售01,0,0,0,0,0,0,0,0,0,98000,0,0,0,273000,175000,98000,98000
051523,牧德凱基95購02  ,0,0,0,0,0,0,0,0,0,98000,0,0,0,152000,54000,98000,98000
05255P,義隆凱基95售01  ,0,0,0,0,0,0,0,0,0,98000,0,0,0,98000,0,98000,98000
052198,鴻海統一95購10  ,0,0,0,0,0,0,0,0,0,98000,0,0,0,98000,0,98000,98000
05009P,大立光元富95售06,0,0,0,0,0,0,0,0,0,98000,0,0,0,98000,0,98000,98000
053315,漢唐群益96購02  ,0,0,0,0,0,0,0,0,0,98000,0,0,0,98000,0,98000,98000
052996,聯電康和96購01  ,0,0,0,0,0,0,0,0,0,98000,0,0,0,98000,0,98000,98000
054278,晶技群益97購02  ,0,0,0,0,0,0,0,0,0,98000,0,0,0,293000,195000,98000,98000
054320,國喬台新96購01  ,0,0,0,0,0,0,0,0,0,98000,0,0,0,151000,53000,98000,98000
054859,鴻海群益97購02  ,0,0,0,0,0,0,0,0,0,98000,0,0,0,98000,0,98000,98000
053860,台積電元大98購03,0,0,0,0,0,0,0,0,0,98000,0,0,0,98000,0,98000,98000
055533,大立光群益97購03,0,0,0,0,0,0,0,0,0,98000,0,0,0,98000,0,98000,98000
055688,力成凱基98購02  ,0,0,0,0,0,0,0,0,0,98000,0,0,0,112000,14000,98000,98000
06641P,智邦兆豐99售01  ,0,0,0,0,0,0,0,0,0,98000,0,0,0,111000,13000,98000,98000
06680P,智邦元大98售06  ,0,0,0,0,0,0,0,0,0,98000,0,0,0,126000,28000,98000,98000
2537,聯上發          ,358000,258000,100000,0,0,0,0,0,0,-2000,0,2000,-2000,0,0,0,98000
057883,中環群益98購01  ,0,0,0,0,0,0,0,0,0,97000,0,0,0,330000,233000,97000,97000
053019,禾伸堂元富96購01,0,0,0,0,0,0,0,0,0,97000,0,0,0,148000,51000,97000,97000
050422,鴻海凱基96購01  ,0,0,0,0,0,0,0,0,0,97000,0,0,0,101000,4000,97000,97000
052293,泰碩國票95購03  ,45000,40000,5000,0,0,0,0,0,0,92000,0,0,0,311000,219000,92000,97000
052377,景碩元大96購02  ,0,0,0,0,0,0,0,0,0,97000,0,0,0,184000,87000,97000,97000
052453,崇越元大95購01  ,0,0,0,0,0,0,0,0,0,97000,0,0,0,98000,1000,97000,97000
051594,和碩元大96購01  ,0,0,0,0,0,0,0,0,0,97000,0,0,0,129000,32000,97000,97000
055595,宏達電元大98購02,0,0,0,0,0,0,0,0,0,97000,0,0,0,133000,36000,97000,97000
055499,大立光元大98購05,0,0,0,0,0,0,0,0,0,97000,0,0,0,111000,14000,97000,97000
055214,聯電凱基97購02  ,0,0,0,0,0,0,0,0,0,97000,0,0,0,135000,38000,97000,97000
2609,陽明            ,153000,56000,97000,0,0,0,0,0,0,0,0,0,0,0,0,0,97000
06633P,國巨國票99售01  ,0,0,0,0,0,0,0,0,0,97000,0,0,0,113000,16000,97000,97000
06196P,元上證元大97售01,0,0,0,0,0,0,0,0,0,97000,0,0,0,125000,28000,97000,97000
06378P,國巨統一97售08  ,0,0,0,0,0,0,0,0,0,97000,0,0,0,102000,5000,97000,97000
05975P,國巨日盛99售02  ,0,0,0,0,0,0,0,0,0,96000,0,0,0,136000,40000,96000,96000
056387,智伸科國泰99購01,0,0,0,0,0,0,0,0,0,96000,0,0,0,131000,35000,96000,96000
05288P,寶成元富95售02  ,0,0,0,0,0,0,0,0,0,96000,0,0,0,122000,26000,96000,96000
056084,漢唐統一97購03  ,0,0,0,0,0,0,0,0,0,96000,0,0,0,96000,0,96000,96000
054354,技嘉富邦97購01  ,0,0,0,0,0,0,0,0,0,96000,0,0,0,100000,4000,96000,96000
6582,申豐            ,120000,21000,99000,0,0,0,0,0,0,-3000,0,3000,-3000,0,0,0,96000
056485,同欣電元大98購01,0,0,0,0,0,0,0,0,0,95000,0,0,0,102000,7000,95000,95000
057351,奇力新統一98購02,0,0,0,0,0,0,0,0,0,95000,0,0,0,148000,53000,95000,95000
057759,聯發科凱基98購17,0,0,0,0,0,0,0,0,0,95000,0,0,0,153000,58000,95000,95000
051365,瀚宇博國泰97購01,0,0,0,0,0,0,0,0,0,95000,0,0,0,135000,40000,95000,95000
048735,美利達麥證95購01,0,0,0,115000,20000,95000,0,0,0,95000,0,0,0,115000,20000,95000,95000
04198P,滬深2X群益95售04,0,0,0,0,0,0,0,0,0,95000,0,0,0,121000,26000,95000,95000
03419B,臺股指元富99熊03,0,0,0,0,0,0,0,0,0,95000,0,0,0,100000,5000,95000,95000
00830,國泰費城半導體  ,334000,20000,314000,0,0,0,0,0,0,-219000,0,0,0,329000,548000,-219000,95000
047495,新日興元富96購01,0,0,0,0,0,0,0,0,0,95000,0,0,0,95000,0,95000,95000
053082,聯電元大98購03  ,0,0,0,0,0,0,0,0,0,95000,0,0,0,131000,36000,95000,95000
051066,台積電國票96購02,0,0,0,0,0,0,0,0,0,95000,0,0,0,121000,26000,95000,95000
052113,漢唐中信98購01  ,0,0,0,0,0,0,0,0,0,95000,0,0,0,95000,0,95000,95000
052421,元油反國票9B購01,0,0,0,0,0,0,0,0,0,95000,0,0,0,95000,0,95000,95000
054387,台積電統一98購02,0,0,0,0,0,0,0,0,0,95000,0,0,0,95000,0,95000,95000
1308,亞聚            ,116000,20000,96000,0,0,0,0,0,0,-1000,0,1000,-1000,0,0,0,95000
05694P,台積電凱基96售09,0,0,0,0,0,0,0,0,0,94000,0,0,0,307000,213000,94000,94000
05701P,彩晶凱基96售01  ,0,0,0,0,0,0,0,0,0,94000,0,0,0,194000,100000,94000,94000
056548,瀚宇博凱基98購02,0,0,0,0,0,0,0,0,0,94000,0,0,0,294000,200000,94000,94000
056277,上銀富邦99購02  ,0,0,0,0,0,0,0,0,0,94000,0,0,0,251000,157000,94000,94000
047493,旺宏元富96購01  ,0,0,0,0,0,0,0,0,0,94000,0,0,0,95000,1000,94000,94000
047460,富邦金群益95購01,0,0,0,0,0,0,0,0,0,94000,0,0,0,160000,66000,94000,94000
043641,深中小國票94購01,0,0,0,0,0,0,0,0,0,94000,0,0,0,124000,30000,94000,94000
046981,智伸科兆豐94購01,0,0,0,0,0,0,0,0,0,94000,0,0,0,94000,0,94000,94000
050082,聯發科統一94購08,0,0,0,0,0,0,0,0,0,94000,0,0,0,94000,0,94000,94000
051220,大立光元富95購08,0,0,0,0,0,0,0,0,0,94000,0,0,0,100000,6000,94000,94000
054180,亞泥康和96購01  ,0,0,0,0,0,0,0,0,0,94000,0,0,0,94000,0,94000,94000
053857,宏達電富邦97購02,0,0,0,0,0,0,0,0,0,94000,0,0,0,114000,20000,94000,94000
06864P,健策凱基98售01  ,0,0,0,0,0,0,0,0,0,94000,0,0,0,214000,120000,94000,94000
2314,台揚            ,114000,14000,100000,0,0,0,0,0,0,-6000,0,6000,-6000,0,0,0,94000
056684,旺宏統一98購02  ,0,0,0,0,0,0,0,0,0,93000,0,0,0,179000,86000,93000,93000
056881,台灣50康和9A購01,0,0,0,0,0,0,0,0,0,93000,0,0,0,117000,24000,93000,93000
00635U,元大S&P黃金     ,0,0,0,0,0,0,0,0,0,93000,113000,0,113000,340000,360000,-20000,93000
047548,友達凱基99購03  ,0,0,0,0,0,0,0,0,0,93000,0,0,0,133000,40000,93000,93000
050363,臺指反元大98購04,0,0,0,0,0,0,0,0,0,93000,0,0,0,299000,206000,93000,93000
052364,全新國票95購02  ,0,0,0,0,0,0,0,0,0,93000,0,0,0,169000,76000,93000,93000
050890,南電富邦99購01  ,0,0,0,0,0,0,0,0,0,93000,0,0,0,345000,252000,93000,93000
053281,茂林元大96購02  ,0,0,0,0,0,0,0,0,0,93000,0,0,0,271000,178000,93000,93000
054326,宏達電台新97購02,0,0,0,0,0,0,0,0,0,93000,0,0,0,93000,0,93000,93000
054384,瀚宇博群益96購02,0,0,0,0,0,0,0,0,0,93000,0,0,0,217000,124000,93000,93000
2034,允強            ,101000,8000,93000,0,0,0,0,0,0,0,0,0,0,0,0,0,93000
5519,隆大            ,162000,69144,92856,0,0,0,0,0,0,0,0,0,0,0,0,0,92856
056894,佳世達元大99購01,0,0,0,0,0,0,0,0,0,92000,0,0,0,92000,0,92000,92000
050309,亞泥兆豐94購01  ,0,0,0,0,0,0,0,0,0,92000,0,0,0,95000,3000,92000,92000
055875,光罩元富97購02  ,0,0,0,0,0,0,0,0,0,92000,0,0,0,124000,32000,92000,92000
046356,智伸科群益93購01,0,0,0,0,0,0,0,0,0,91000,0,0,0,91000,0,91000,91000
04463P,可成元富94售03  ,0,0,0,0,0,0,0,0,0,91000,0,0,0,91000,0,91000,91000
048154,旺宏兆豐94購01  ,0,0,0,0,0,0,0,0,0,91000,0,0,0,110000,19000,91000,91000
053068,智伸科群益96購01,0,0,0,0,0,0,0,0,0,91000,0,0,0,91000,0,91000,91000
055985,聯鈞元富97購01  ,0,0,0,0,0,0,0,0,0,91000,0,0,0,91000,0,91000,91000
054628,可成凱基98購01  ,0,0,0,0,0,0,0,0,0,91000,0,0,0,197000,106000,91000,91000
053602,台虹元大96購01  ,0,0,0,0,0,0,0,0,0,91000,0,0,0,199000,108000,91000,91000
06956P,國巨日盛99售04  ,0,0,0,0,0,0,0,0,0,91000,0,0,0,111000,20000,91000,91000
057138,亞德客兆豐98購01,0,0,0,0,0,0,0,0,0,90000,0,0,0,115000,25000,90000,90000
056719,台虹永豐98購01  ,0,0,0,0,0,0,0,0,0,90000,0,0,0,90000,0,90000,90000
057756,瑞昱日盛99購01  ,0,0,0,0,0,0,0,0,0,90000,0,0,0,185000,95000,90000,90000
05889P,群創元大98售02  ,0,0,0,0,0,0,0,0,0,90000,0,0,0,90000,0,90000,90000
047972,康控富邦95購01  ,0,0,0,0,0,0,0,0,0,90000,0,0,0,90000,0,90000,90000
048836,牧德凱基94購03  ,0,0,0,0,0,0,0,0,0,90000,0,0,0,91000,1000,90000,90000
048852,旺宏群益96購02  ,0,0,0,0,0,0,0,0,0,90000,0,0,0,260000,170000,90000,90000
049721,晶技凱基94購02  ,0,0,0,0,0,0,0,0,0,90000,0,0,0,307000,217000,90000,90000
044407,聯茂凱基93購01  ,0,0,0,0,0,0,0,0,0,90000,0,0,0,90000,0,90000,90000
046858,群創元大94購02  ,0,0,0,0,0,0,0,0,0,90000,0,0,0,410000,320000,90000,90000
045984,亞光麥證93購02  ,0,0,0,90000,0,90000,0,0,0,90000,0,0,0,90000,0,90000,90000
045021,臺股指中信94購02,0,0,0,0,0,0,0,0,0,90000,0,0,0,100000,10000,90000,90000
045280,儒鴻富邦94購01  ,0,0,0,0,0,0,0,0,0,90000,0,0,0,90000,0,90000,90000
048663,聯發科統一96購01,0,0,0,0,0,0,0,0,0,90000,0,0,0,90000,0,90000,90000
053301,華通凱基96購04  ,0,0,0,0,0,0,0,0,0,90000,0,0,0,200000,110000,90000,90000
054537,南亞科亞東97購01,0,0,0,0,0,0,0,0,0,90000,0,0,0,120000,30000,90000,90000
054745,智易凱基97購01  ,0,0,0,0,0,0,0,0,0,90000,0,0,0,100000,10000,90000,90000
056035,鴻海凱基97購06  ,0,0,0,0,0,0,0,0,0,90000,0,0,0,124000,34000,90000,90000
056009,奇力新中信98購03,0,0,0,0,0,0,0,0,0,90000,0,0,0,100000,10000,90000,90000
055454,華邦電元富97購02,0,0,0,0,0,0,0,0,0,90000,0,0,0,100000,10000,90000,90000
06940P,旺宏永豐98售05  ,0,0,0,0,0,0,0,0,0,90000,0,0,0,95000,5000,90000,90000
6552,易華電          ,116000,25000,91000,0,0,0,0,0,0,-1000,0,0,0,0,1000,-1000,90000
057384,台灣50永豐99購02,0,0,0,0,0,0,0,0,0,89000,0,0,0,524000,435000,89000,89000
056293,上銀元大97購10  ,0,0,0,0,0,0,0,0,0,89000,0,0,0,102000,13000,89000,89000
048937,玉晶光永豐95購01,0,0,0,0,0,0,0,0,0,89000,0,0,0,638000,549000,89000,89000
049773,臺股指元富94購02,0,0,0,0,0,0,0,0,0,89000,0,0,0,89000,0,89000,89000
051428,玉晶光統一96購01,0,0,0,0,0,0,0,0,0,89000,0,0,0,122000,33000,89000,89000
051227,技嘉群益97購01  ,0,0,0,0,0,0,0,0,0,89000,0,0,0,129000,40000,89000,89000
055301,台虹元大97購01  ,0,0,0,0,0,0,0,0,0,89000,0,0,0,132000,43000,89000,89000
056111,力成永豐97購01  ,0,0,0,0,0,0,0,0,0,89000,0,0,0,90000,1000,89000,89000
05612P,台積電元大96售13,0,0,0,0,0,0,0,0,0,89000,0,0,0,202000,113000,89000,89000
055776,宏達電凱基98購02,0,0,0,0,0,0,0,0,0,89000,0,0,0,113000,24000,89000,89000
054419,嘉聯益元大98購02,0,0,0,0,0,0,0,0,0,89000,0,0,0,132000,43000,89000,89000
054429,中石化台新97購01,0,0,0,0,0,0,0,0,0,89000,0,0,0,100000,11000,89000,89000
056657,華邦電元大99購01,0,0,0,0,0,0,0,0,0,88000,0,0,0,88000,0,88000,88000
049413,台達電凱基94購06,0,0,0,0,0,0,0,0,0,88000,0,0,0,88000,0,88000,88000
052053,泰鼎凱基96購01  ,0,0,0,0,0,0,0,0,0,88000,0,0,0,176000,88000,88000,88000
051682,元黃金凱基97購01,0,0,0,0,0,0,0,0,0,88000,0,0,0,94000,6000,88000,88000
053245,全新國票97購01  ,0,0,0,0,0,0,0,0,0,88000,0,0,0,138000,50000,88000,88000
054061,晶技國票97購03  ,0,0,0,0,0,0,0,0,0,88000,0,0,0,175000,87000,88000,88000
055090,國巨群益97購03  ,0,0,0,0,0,0,0,0,0,88000,0,0,0,90000,2000,88000,88000
1626,艾美特-KY       ,101000,13000,88000,0,0,0,0,0,0,0,0,0,0,0,0,0,88000
06246P,茂林元富97售03  ,0,0,0,0,0,0,0,0,0,88000,0,0,0,271000,183000,88000,88000
05905P,晶技統一97售01  ,0,0,0,0,0,0,0,0,0,87000,0,0,0,102000,15000,87000,87000
053458,聯詠國泰97購01  ,0,0,0,0,0,0,0,0,0,87000,0,0,0,112000,25000,87000,87000
052945,嘉晶國票97購01  ,0,0,0,0,0,0,0,0,0,87000,0,0,0,97000,10000,87000,87000
051153,鴻海國泰97購02  ,0,0,0,0,0,0,0,0,0,87000,0,0,0,90000,3000,87000,87000
054683,川湖永豐97購01  ,0,0,0,0,0,0,0,0,0,87000,0,0,0,87000,0,87000,87000
3035,智原            ,954000,851000,103000,0,0,0,0,30000,-30000,14000,8000,0,8000,10000,4000,6000,87000
057442,玉晶光統一98購03,0,0,0,0,0,0,0,0,0,86000,0,0,0,241000,155000,86000,86000
057533,晶相光元大98購02,0,0,0,0,0,0,0,0,0,86000,0,0,0,161000,75000,86000,86000
056547,臻鼎凱基99購01  ,0,0,0,0,0,0,0,0,0,86000,0,0,0,86000,0,86000,86000
056802,友達台新98購01  ,0,0,0,0,0,0,0,0,0,86000,0,0,0,86000,0,86000,86000
057048,新日興元大98購01,0,0,0,0,0,0,0,0,0,86000,0,0,0,106000,20000,86000,86000
047491,旺宏統一94購03  ,0,0,0,0,0,0,0,0,0,86000,0,0,0,192000,106000,86000,86000
051895,聯茂元富95購02  ,0,0,0,0,0,0,0,0,0,86000,0,0,0,95000,9000,86000,86000
053089,貿聯元大97購02  ,0,0,0,0,0,0,0,0,0,86000,0,0,0,86000,0,86000,86000
053599,崇越元大96購01  ,0,0,0,0,0,0,0,0,0,86000,0,0,0,100000,14000,86000,86000
055027,牧德國泰99購01  ,0,0,0,0,0,0,0,0,0,86000,0,0,0,141000,55000,86000,86000
055238,茂林台新97購01  ,0,0,0,0,0,0,0,0,0,86000,0,0,0,97000,11000,86000,86000
055694,光罩國票98購01  ,0,0,0,0,0,0,0,0,0,86000,0,0,0,146000,60000,86000,86000
055614,華新科國票97購02,0,0,0,0,0,0,0,0,0,86000,0,0,0,456000,370000,86000,86000
057006,國巨中信98購03  ,0,0,0,0,0,0,0,0,0,85000,0,0,0,150000,65000,85000,85000
056359,旺宏元大9A購01  ,0,0,0,0,0,0,0,0,0,85000,0,0,0,106000,21000,85000,85000
057664,台積電元大9A購03,0,0,0,0,0,0,0,0,0,85000,0,0,0,577000,492000,85000,85000
057791,可成統一99購01  ,0,0,0,0,0,0,0,0,0,85000,0,0,0,163000,78000,85000,85000
05850P,台積電兆豐96售06,0,0,0,0,0,0,0,0,0,85000,0,0,0,139000,54000,85000,85000
06021P,世紀鋼元富96售03,0,0,0,0,0,0,0,0,0,85000,0,0,0,95000,10000,85000,85000
04837P,華新科元大94售05,0,0,0,0,0,0,0,0,0,85000,0,0,0,101000,16000,85000,85000
042752,台灣50元大96購03,0,0,0,0,0,0,0,0,0,85000,0,0,0,133000,48000,85000,85000
048755,志超元富96購01  ,0,0,0,0,0,0,0,0,0,85000,0,0,0,85000,0,85000,85000
05111P,台積電統一95售04,0,0,0,0,0,0,0,0,0,85000,0,0,0,184000,99000,85000,85000
04805P,創意元富94售01  ,0,0,0,0,0,0,0,0,0,85000,0,0,0,125000,40000,85000,85000
053452,臺股指凱基97購01,0,0,0,0,0,0,0,0,0,85000,0,0,0,85000,0,85000,85000
053384,聯發科元大96購13,0,0,0,0,0,0,0,0,0,85000,0,0,0,85000,0,85000,85000
050992,台積電元大97購01,0,0,0,0,0,0,0,0,0,85000,0,0,0,85000,0,85000,85000
054562,亞光群益98購01  ,0,0,0,0,0,0,0,0,0,85000,0,0,0,115000,30000,85000,85000
054441,力成台新96購01  ,0,0,0,0,0,0,0,0,0,85000,0,0,0,85000,0,85000,85000
054294,世芯元大96購02  ,0,0,0,0,0,0,0,0,0,85000,0,0,0,303000,218000,85000,85000
4994,傳奇            ,91000,11000,80000,0,0,0,0,0,0,5000,0,0,0,5000,0,5000,85000
6668,中揚光          ,107000,16000,91000,0,0,0,0,0,0,-6000,2000,8000,-6000,0,0,0,85000
06031P,新光金兆豐96售02,0,0,0,0,0,0,0,0,0,84000,0,0,0,134000,50000,84000,84000
058033,景碩永豐98購02  ,0,0,0,0,0,0,0,0,0,84000,0,0,0,84000,0,84000,84000
057998,玉晶光麥證9A購01,0,0,0,85000,1000,84000,0,0,0,84000,0,0,0,85000,1000,84000,84000
056979,微星群益98購01  ,0,0,0,0,0,0,0,0,0,84000,0,0,0,106000,22000,84000,84000
056768,宏達電元大99購03,0,0,0,0,0,0,0,0,0,84000,0,0,0,147000,63000,84000,84000
049528,台積電中信94購01,0,0,0,0,0,0,0,0,0,84000,0,0,0,194000,110000,84000,84000
049873,華新科台新94購02,0,0,0,0,0,0,0,0,0,84000,0,0,0,94000,10000,84000,84000
052602,聯電元大97購01  ,0,0,0,0,0,0,0,0,0,84000,0,0,0,84000,0,84000,84000
05275P,國巨凱基95售05  ,0,0,0,0,0,0,0,0,0,84000,0,0,0,239000,155000,84000,84000
052894,國巨群益96購03  ,0,0,0,0,0,0,0,0,0,84000,0,0,0,175000,91000,84000,84000
052200,台光電統一95購02,0,0,0,0,0,0,0,0,0,84000,0,0,0,84000,0,84000,84000
050460,GIS元大95購03   ,0,0,0,0,0,0,0,0,0,84000,0,0,0,84000,0,84000,84000
054818,奇力新元大97購05,0,0,0,0,0,0,0,0,0,84000,0,0,0,165000,81000,84000,84000
055127,台虹兆豐97購01  ,0,0,0,0,0,0,0,0,0,84000,0,0,0,104000,20000,84000,84000
9105,泰金寶-DR       ,345000,261000,84000,0,0,0,0,0,0,0,0,0,0,0,0,0,84000
06714P,台積電元大98售15,0,0,0,0,0,0,0,0,0,84000,0,0,0,99000,15000,84000,84000
05654P,台光電統一96售01,0,0,0,0,0,0,0,0,0,83000,0,0,0,83000,0,83000,83000
047637,旺宏元大94購03  ,0,0,0,0,0,0,0,0,0,83000,0,0,0,265000,182000,83000,83000
052446,聯發科元大96購03,0,0,0,0,0,0,0,0,0,83000,0,0,0,103000,20000,83000,83000
051827,智邦元大95購04  ,0,0,0,0,0,0,0,0,0,83000,0,0,0,605000,522000,83000,83000
053125,宏達電凱基96購01,0,0,0,0,0,0,0,0,0,83000,0,0,0,112000,29000,83000,83000
050922,南亞科凱基95購02,0,0,0,0,0,0,0,0,0,83000,0,0,0,177000,94000,83000,83000
055157,晶豪科元大97購01,0,0,0,0,0,0,0,0,0,83000,0,0,0,583000,500000,83000,83000
054128,台積電元大97購10,0,0,0,0,0,0,0,0,0,83000,0,0,0,83000,0,83000,83000
06691P,臺股指群益9C售05,0,0,0,0,0,0,0,0,0,83000,0,0,0,100000,17000,83000,83000
3033,威健            ,86000,3000,83000,0,0,0,0,0,0,0,0,0,0,0,0,0,83000
056983,大立光群益99購02,0,0,0,0,0,0,0,0,0,82000,0,0,0,82000,0,82000,82000
056986,超眾群益98購03  ,0,0,0,0,0,0,0,0,0,82000,0,0,0,186000,104000,82000,82000
057703,矽力群益98購01  ,0,0,0,0,0,0,0,0,0,82000,0,0,0,415000,333000,82000,82000
049490,京元電元大95購02,0,0,0,0,0,0,0,0,0,82000,0,0,0,92000,10000,82000,82000
050951,緯創群益96購01  ,0,0,0,0,0,0,0,0,0,82000,0,0,0,82000,0,82000,82000
051284,上銀統一95購02  ,0,0,0,0,0,0,0,0,0,82000,0,0,0,100000,18000,82000,82000
055312,台虹群益99購01  ,0,0,0,0,0,0,0,0,0,82000,0,0,0,85000,3000,82000,82000
3028,增你強          ,82000,0,82000,0,0,0,0,0,0,0,0,0,0,0,0,0,82000
6166,凌華            ,109000,27000,82000,0,0,0,0,0,0,0,0,0,0,0,0,0,82000
057925,貿聯凱基99購01  ,0,0,0,0,0,0,0,0,0,81000,0,0,0,81000,0,81000,81000
058153,景碩統一9B購01  ,0,0,0,0,0,0,0,0,0,81000,0,0,0,83000,2000,81000,81000
057353,玉晶光統一99購01,0,0,0,0,0,0,0,0,0,81000,0,0,0,183000,102000,81000,81000
05649P,矽創國票97售03  ,0,0,0,0,0,0,0,0,0,81000,0,0,0,110000,29000,81000,81000
056410,康控國票99購01  ,0,0,0,0,0,0,0,0,0,81000,0,0,0,81000,0,81000,81000
056155,嘉晶凱基97購01  ,0,0,0,0,0,0,0,0,0,81000,0,0,0,172000,91000,81000,81000
04843P,致新元大94售02  ,0,0,0,0,0,0,0,0,0,81000,0,0,0,81000,0,81000,81000
049380,欣興元大94購04  ,0,0,0,0,0,0,0,0,0,81000,0,0,0,111000,30000,81000,81000
04787P,台積電永昌96售04,0,0,0,0,0,0,0,0,0,81000,0,0,0,874000,793000,81000,81000
050219,台積電元富95購03,0,0,0,0,0,0,0,0,0,81000,0,0,0,101000,20000,81000,81000
04371P,臺股指凱基94售01,0,0,0,0,0,0,0,0,0,81000,0,0,0,100000,19000,81000,81000
04412P,欣興元富94售01  ,0,0,0,0,0,0,0,0,0,81000,0,0,0,141000,60000,81000,81000
050467,力成中信94購01  ,0,0,0,0,0,0,0,0,0,81000,0,0,0,105000,24000,81000,81000
052041,鴻海日盛95購02  ,0,0,0,0,0,0,0,0,0,81000,0,0,0,81000,0,81000,81000
052658,友達元富9C購01  ,0,0,0,0,0,0,0,0,0,81000,0,0,0,81000,0,81000,81000
055070,聯茂永豐97購01  ,0,0,0,0,0,0,0,0,0,81000,0,0,0,118000,37000,81000,81000
055915,大立光凱基98購07,0,0,0,0,0,0,0,0,0,81000,0,0,0,81000,0,81000,81000
055858,聯茂元大97購03  ,0,0,0,0,0,0,0,0,0,81000,0,0,0,272000,191000,81000,81000
2423,固緯            ,91000,10000,81000,0,0,0,0,0,0,0,0,0,0,0,0,0,81000
056316,訊芯元大98購03  ,0,0,0,0,0,0,0,0,0,80000,0,0,0,80000,0,80000,80000
056710,漢唐永豐98購01  ,0,0,0,0,0,0,0,0,0,80000,0,0,0,80000,0,80000,80000
056765,友達元大9B購05  ,0,0,0,0,0,0,0,0,0,80000,0,0,0,340000,260000,80000,80000
05687P,臺股指元大96售12,0,0,0,0,0,0,0,0,0,80000,0,0,0,80000,0,80000,80000
04397P,玉晶光群益95售03,0,0,0,0,0,0,0,0,0,80000,0,0,0,80000,0,80000,80000
05144P,美律永豐95售02  ,0,0,0,0,0,0,0,0,0,80000,0,0,0,80000,0,80000,80000
051354,聯發科元大95購09,0,0,0,0,0,0,0,0,0,80000,0,0,0,230000,150000,80000,80000
047999,聯發科元大93購22,0,0,0,0,0,0,0,0,0,80000,0,0,0,80000,0,80000,80000
049641,台達電凱基94購08,0,0,0,0,0,0,0,0,0,80000,0,0,0,80000,0,80000,80000
052856,滬深2X凱基98購01,0,0,0,0,0,0,0,0,0,80000,0,0,0,80000,0,80000,80000
051941,樺漢群益95購02  ,0,0,0,0,0,0,0,0,0,80000,0,0,0,80000,0,80000,80000
050281,台積電日盛94購03,0,0,0,0,0,0,0,0,0,80000,0,0,0,123000,43000,80000,80000
055038,華航富邦99購01  ,0,0,0,0,0,0,0,0,0,80000,0,0,0,130000,50000,80000,80000
055040,台虹富邦99購01  ,0,0,0,0,0,0,0,0,0,80000,0,0,0,80000,0,80000,80000
054162,光罩凱基98購01  ,0,0,0,0,0,0,0,0,0,80000,0,0,0,157000,77000,80000,80000
053749,揚明光永豐97購01,0,0,0,0,0,0,0,0,0,80000,0,0,0,150000,70000,80000,80000
06958P,FBVIX凱基9C售02 ,0,0,0,0,0,0,0,0,0,80000,0,0,0,100000,20000,80000,80000
06331P,南亞科群益97售04,0,0,0,0,0,0,0,0,0,80000,0,0,0,82000,2000,80000,80000
3437,榮創            ,161000,81000,80000,0,0,0,0,0,0,0,0,0,0,0,0,0,80000
056689,玉晶光統一9A購03,0,0,0,0,0,0,0,0,0,79000,0,0,0,99000,20000,79000,79000
048805,瀚宇博富邦95購01,0,0,0,0,0,0,0,0,0,79000,0,0,0,100000,21000,79000,79000
00766L,台新MSCI中國正2 ,0,0,0,0,0,0,0,0,0,79000,0,0,0,275000,196000,79000,79000
051751,聯茂富邦95購01  ,0,0,0,0,0,0,0,0,0,79000,0,0,0,279000,200000,79000,79000
053374,台達電元大96購03,0,0,0,0,0,0,0,0,0,79000,0,0,0,79000,0,79000,79000
053980,泰鼎元大97購02  ,0,0,0,0,0,0,0,0,0,79000,0,0,0,137000,58000,79000,79000
06159P,牧德元富97售02  ,0,0,0,0,0,0,0,0,0,79000,0,0,0,79000,0,79000,79000
06618P,智邦元大98售04  ,0,0,0,0,0,0,0,0,0,79000,0,0,0,129000,50000,79000,79000
06961P,台積電凱基99售05,0,0,0,0,0,0,0,0,0,79000,0,0,0,85000,6000,79000,79000
057061,華擎國泰9A購01  ,0,0,0,0,0,0,0,0,0,78000,0,0,0,130000,52000,78000,78000
057307,瀚宇博兆豐99購01,0,0,0,0,0,0,0,0,0,78000,0,0,0,118000,40000,78000,78000
057572,明泰永豐98購01  ,0,0,0,0,0,0,0,0,0,78000,0,0,0,78000,0,78000,78000
046291,友達統一94購01  ,0,0,0,0,0,0,0,0,0,78000,0,0,0,88000,10000,78000,78000
053343,宏達電國票97購02,0,0,0,0,0,0,0,0,0,78000,0,0,0,108000,30000,78000,78000
050660,欣興元大96購02  ,0,0,0,0,0,0,0,0,0,78000,0,0,0,78000,0,78000,78000
05426P,聯發科凱基95售12,0,0,0,0,0,0,0,0,0,78000,0,0,0,78000,0,78000,78000
05420P,大立光國泰97售03,0,0,0,0,0,0,0,0,0,78000,0,0,0,78000,0,78000,78000
055419,國巨永豐97購03  ,0,0,0,0,0,0,0,0,0,78000,0,0,0,78000,0,78000,78000
055628,旺宏永豐97購01  ,0,0,0,0,0,0,0,0,0,78000,0,0,0,78000,0,78000,78000
2375,凱美            ,311000,233000,78000,0,0,0,0,0,0,0,0,0,0,0,0,0,78000
2340,光磊            ,187000,125000,62000,0,0,0,0,0,0,16000,6000,31000,-25000,53000,12000,41000,78000
6214,精誠            ,186000,108000,78000,0,0,0,0,0,0,0,0,0,0,0,0,0,78000
058170,國巨凱基9A購06  ,0,0,0,0,0,0,0,0,0,77000,0,0,0,77000,0,77000,77000
05955P,台光電國票97售02,0,0,0,0,0,0,0,0,0,77000,0,0,0,77000,0,77000,77000
057214,瑞昱群益98購01  ,0,0,0,0,0,0,0,0,0,77000,0,0,0,146000,69000,77000,77000
057038,元油2X元大9B購06,0,0,0,0,0,0,0,0,0,77000,0,0,0,85000,8000,77000,77000
056850,彩晶元富99購01  ,0,0,0,0,0,0,0,0,0,77000,0,0,0,77000,0,77000,77000
056525,T50反1凱基99購06,0,0,0,0,0,0,0,0,0,77000,0,0,0,77000,0,77000,77000
046293,聯發科統一94購01,0,0,0,0,0,0,0,0,0,77000,0,0,0,82000,5000,77000,77000
051487,健策凱基96購03  ,0,0,0,0,0,0,0,0,0,77000,0,0,0,350000,273000,77000,77000
051358,台新金元大95購01,0,0,0,0,0,0,0,0,0,77000,0,0,0,77000,0,77000,77000
051052,台積電群益95購01,0,0,0,0,0,0,0,0,0,77000,0,0,0,141000,64000,77000,77000
051327,元油2X永豐95購02,0,0,0,0,0,0,0,0,0,77000,0,0,0,100000,23000,77000,77000
051019,大立光凱基95購08,0,0,0,0,0,0,0,0,0,77000,0,0,0,77000,0,77000,77000
053113,瀚宇博兆豐97購01,0,0,0,0,0,0,0,0,0,77000,0,0,0,77000,0,77000,77000
052521,友達元大9B購01  ,0,0,0,0,0,0,0,0,0,77000,0,0,0,301000,224000,77000,77000
052024,臺股指永豐95購04,0,0,0,0,0,0,0,0,0,77000,0,0,0,77000,0,77000,77000
055535,緯創群益98購01  ,0,0,0,0,0,0,0,0,0,77000,0,0,0,110000,33000,77000,77000
055882,嘉聯益元富97購01,0,0,0,0,0,0,0,0,0,77000,0,0,0,107000,30000,77000,77000
055206,台虹中信97購01  ,0,0,0,0,0,0,0,0,0,77000,0,0,0,292000,215000,77000,77000
055258,玉晶光統一97購03,0,0,0,0,0,0,0,0,0,77000,0,0,0,366000,289000,77000,77000
054654,全新麥證99購01  ,0,0,0,97000,20000,77000,0,0,0,77000,0,0,0,97000,20000,77000,77000
054127,台積電元大96購21,0,0,0,0,0,0,0,0,0,77000,0,0,0,225000,148000,77000,77000
056810,群創統一9A購01  ,0,0,0,0,0,0,0,0,0,76000,0,0,0,76000,0,76000,76000
058119,華新亞東99購01  ,0,0,0,0,0,0,0,0,0,76000,0,0,0,80000,4000,76000,76000
057552,禾伸堂凱基98購05,0,0,0,0,0,0,0,0,0,76000,0,0,0,77000,1000,76000,76000
051505,台積電元富95購05,0,0,0,0,0,0,0,0,0,76000,0,0,0,76000,0,76000,76000
045535,A50正2群益94購01,0,0,0,0,0,0,0,0,0,76000,0,0,0,86000,10000,76000,76000
052463,聯電統一96購01  ,0,0,0,0,0,0,0,0,0,76000,0,0,0,76000,0,76000,76000
052677,景碩富邦97購01  ,0,0,0,0,0,0,0,0,0,76000,0,0,0,96000,20000,76000,76000
054009,欣興元富96購03  ,0,0,0,0,0,0,0,0,0,76000,0,0,0,319000,243000,76000,76000
053593,晶技元大98購01  ,0,0,0,0,0,0,0,0,0,76000,0,0,0,217000,141000,76000,76000
055076,福懋科永豐97購01,0,0,0,0,0,0,0,0,0,76000,0,0,0,97000,21000,76000,76000
055668,欣興群益97購01  ,0,0,0,0,0,0,0,0,0,76000,0,0,0,227000,151000,76000,76000
055767,臺股指群益97購05,0,0,0,0,0,0,0,0,0,76000,0,0,0,76000,0,76000,76000
5234,達興材料        ,100000,22000,78000,0,0,0,0,0,0,-2000,0,2000,-2000,0,0,0,76000
2103,台橡            ,179000,103000,76000,0,0,0,0,0,0,0,0,0,0,0,0,0,76000
1589,永冠-KY         ,137000,89000,48000,0,0,0,0,0,0,28000,32000,4000,28000,0,0,0,76000
056951,牧德統一99購01  ,0,0,0,0,0,0,0,0,0,75000,0,0,0,85000,10000,75000,75000
046492,旺宏富邦94購02  ,0,0,0,0,0,0,0,0,0,75000,0,0,0,86000,11000,75000,75000
051482,玉晶光凱基96購01,0,0,0,0,0,0,0,0,0,75000,0,0,0,210000,135000,75000,75000
051363,矽創元大95購03  ,0,0,0,0,0,0,0,0,0,75000,0,0,0,86000,11000,75000,75000
051396,健鼎兆豐95購01  ,0,0,0,0,0,0,0,0,0,75000,0,0,0,75000,0,75000,75000
048898,晶相光國泰96購01,0,0,0,0,0,0,0,0,0,75000,0,0,0,196000,121000,75000,75000
053130,聯發科麥證96購01,0,0,0,75000,0,75000,0,0,0,75000,0,0,0,75000,0,75000,75000
052179,康友元大95購03  ,0,0,0,0,0,0,0,0,0,75000,0,0,0,86000,11000,75000,75000
05251P,喬山台新95售02  ,0,0,0,0,0,0,0,0,0,75000,0,0,0,75000,0,75000,75000
055835,華邦電元大97購03,0,0,0,0,0,0,0,0,0,75000,0,0,0,75000,0,75000,75000
054584,貿聯元富97購01  ,0,0,0,0,0,0,0,0,0,75000,0,0,0,275000,200000,75000,75000
06627P,華新科元富99售01,0,0,0,0,0,0,0,0,0,75000,0,0,0,75000,0,75000,75000
06419P,國巨統一97售09  ,0,0,0,0,0,0,0,0,0,75000,0,0,0,85000,10000,75000,75000
6165,捷泰            ,111000,36000,75000,0,0,0,0,0,0,0,0,0,0,0,0,0,75000
057957,嘉晶元大98購01  ,0,0,0,0,0,0,0,0,0,74000,0,0,0,108000,34000,74000,74000
048832,玉晶光凱基95購02,0,0,0,0,0,0,0,0,0,74000,0,0,0,80000,6000,74000,74000
048328,滬深2X永昌94購01,0,0,0,0,0,0,0,0,0,74000,0,0,0,74000,0,74000,74000
045189,大立光元富98購01,0,0,0,0,0,0,0,0,0,74000,0,0,0,426000,352000,74000,74000
042994,葡萄王元大94購02,0,0,0,0,0,0,0,0,0,74000,0,0,0,107000,33000,74000,74000
052532,台積電國泰96購07,0,0,0,0,0,0,0,0,0,74000,0,0,0,79000,5000,74000,74000
051849,旺宏中信98購01  ,0,0,0,0,0,0,0,0,0,74000,0,0,0,75000,1000,74000,74000
050115,群創元大96購01  ,0,0,0,0,0,0,0,0,0,74000,0,0,0,107000,33000,74000,74000
050975,楠梓電統一95購01,0,0,0,0,0,0,0,0,0,74000,0,0,0,74000,0,74000,74000
054803,味全元大9A購01  ,0,0,0,0,0,0,0,0,0,74000,0,0,0,74000,0,74000,74000
053706,S&P反1凱基99購01,0,0,0,0,0,0,0,0,0,74000,0,0,0,80000,6000,74000,74000
054098,嘉晶國票97購04  ,0,0,0,0,0,0,0,0,0,74000,0,0,0,74000,0,74000,74000
055315,晶技麥證97購01  ,0,0,0,119000,45000,74000,0,0,0,74000,0,0,0,119000,45000,74000,74000
06368P,台積電凱基97售15,0,0,0,0,0,0,0,0,0,74000,0,0,0,80000,6000,74000,74000
1808,潤隆            ,89000,19000,70000,0,0,0,0,0,0,4000,4000,0,4000,0,0,0,74000
2365,昆盈            ,121000,45000,76000,0,0,0,0,0,0,-2000,0,2000,-2000,0,0,0,74000
058152,聯發科統一9B購02,0,0,0,0,0,0,0,0,0,73000,0,0,0,73000,0,73000,73000
05920P,力成元大96售04  ,0,0,0,0,0,0,0,0,0,73000,0,0,0,100000,27000,73000,73000
06049P,創意亞東97售01  ,0,0,0,0,0,0,0,0,0,73000,0,0,0,73000,0,73000,73000
056561,台光電群益98購02,0,0,0,0,0,0,0,0,0,73000,0,0,0,109000,36000,73000,73000
049312,亞光凱基94購02  ,0,0,0,0,0,0,0,0,0,73000,0,0,0,83000,10000,73000,73000
04953P,台積電群益94售13,0,0,0,0,0,0,0,0,0,73000,0,0,0,356000,283000,73000,73000
050764,鴻海元大94購27  ,0,0,0,0,0,0,0,0,0,73000,0,0,0,80000,7000,73000,73000
052813,T50正2永豐96購01,0,0,0,0,0,0,0,0,0,73000,0,0,0,93000,20000,73000,73000
052820,宏達電永豐96購01,0,0,0,0,0,0,0,0,0,73000,0,0,0,73000,0,73000,73000
052057,臺股指凱基95購15,0,0,0,0,0,0,0,0,0,73000,0,0,0,77000,4000,73000,73000
052149,電子類群益95購01,0,0,0,0,0,0,0,0,0,73000,0,0,0,73000,0,73000,73000
051911,大立光元大98購02,0,0,0,0,0,0,0,0,0,73000,0,0,0,90000,17000,73000,73000
055293,晶相光元大97購01,0,0,0,0,0,0,0,0,0,73000,0,0,0,116000,43000,73000,73000
056137,聯鈞元大9A購01  ,0,0,0,0,0,0,0,0,0,73000,0,0,0,149000,76000,73000,73000
053774,台達電元大96購04,0,0,0,0,0,0,0,0,0,73000,0,0,0,73000,0,73000,73000
2328,廣宇            ,185000,89000,96000,0,0,0,0,0,0,-23000,0,3000,-3000,0,20000,-20000,73000
1460,宏遠            ,98000,25000,73000,0,0,0,0,0,0,0,0,0,0,0,0,0,73000
06683P,訊芯元大98售07  ,0,0,0,0,0,0,0,0,0,73000,0,0,0,390000,317000,73000,73000
056938,泰碩元富98購01  ,0,0,0,0,0,0,0,0,0,72000,0,0,0,284000,212000,72000,72000
056940,嘉聯益元富98購01,0,0,0,0,0,0,0,0,0,72000,0,0,0,72000,0,72000,72000
057698,奇力新群益98購02,0,0,0,0,0,0,0,0,0,72000,0,0,0,116000,44000,72000,72000
045298,旺宏元大94購01  ,0,0,0,0,0,0,0,0,0,72000,0,0,0,74000,2000,72000,72000
053115,滬深2X中信97購01,0,0,0,0,0,0,0,0,0,72000,0,0,0,72000,0,72000,72000
053096,康控統一96購01  ,0,0,0,0,0,0,0,0,0,72000,0,0,0,72000,0,72000,72000
053128,瀚宇博凱基96購01,0,0,0,0,0,0,0,0,0,72000,0,0,0,117000,45000,72000,72000
050921,旺宏凱基95購02  ,0,0,0,0,0,0,0,0,0,72000,0,0,0,90000,18000,72000,72000
054743,聯鈞凱基99購01  ,0,0,0,0,0,0,0,0,0,72000,0,0,0,525000,453000,72000,72000
054240,訊芯群益96購03  ,0,0,0,0,0,0,0,0,0,72000,0,0,0,98000,26000,72000,72000
055554,聯發科凱基97購06,0,0,0,0,0,0,0,0,0,72000,0,0,0,88000,16000,72000,72000
055357,欣興凱基97購04  ,0,0,0,0,0,0,0,0,0,72000,0,0,0,144000,72000,72000,72000
06172P,台虹永豐97售02  ,0,0,0,0,0,0,0,0,0,72000,0,0,0,165000,93000,72000,72000
1730,花仙子          ,91000,19000,72000,0,0,0,0,0,0,0,0,0,0,0,0,0,72000
5522,遠雄            ,124000,102000,22000,0,0,0,0,0,0,50000,50000,0,50000,0,0,0,72000
056453,禾伸堂凱基99購02,0,0,0,0,0,0,0,0,0,71000,0,0,0,77000,6000,71000,71000
046486,樺漢國泰94購01  ,0,0,0,0,0,0,0,0,0,71000,0,0,0,81000,10000,71000,71000
048619,台表科凱基93購07,0,0,0,0,0,0,0,0,0,71000,0,0,0,71000,0,71000,71000
053069,同欣電群益98購01,0,0,0,0,0,0,0,0,0,71000,0,0,0,116000,45000,71000,71000
052020,聯茂永豐95購02  ,0,0,0,0,0,0,0,0,0,71000,0,0,0,379000,308000,71000,71000
051877,嘉聯益國票97購02,0,0,0,0,0,0,0,0,0,71000,0,0,0,71000,0,71000,71000
055368,台積電元大97購24,0,0,0,0,0,0,0,0,0,71000,0,0,0,269000,198000,71000,71000
054380,世芯群益97購02  ,0,0,0,0,0,0,0,0,0,71000,0,0,0,86000,15000,71000,71000
6415,矽力-KY         ,447000,334000,113000,0,0,0,3000,70000,-67000,25000,2000,0,2000,24000,1000,23000,71000
06330P,南亞科群益97售03,0,0,0,0,0,0,0,0,0,71000,0,0,0,80000,9000,71000,71000
056340,可成凱基98購04  ,0,0,0,0,0,0,0,0,0,70000,0,0,0,214000,144000,70000,70000
056263,友訊統一99購01  ,0,0,0,0,0,0,0,0,0,70000,0,0,0,70000,0,70000,70000
056970,TPK永豐98購01   ,0,0,0,0,0,0,0,0,0,70000,0,0,0,70000,0,70000,70000
056998,麗豐康和98購01  ,0,0,0,0,0,0,0,0,0,70000,0,0,0,70000,0,70000,70000
05685P,臺股指元大96售10,0,0,0,0,0,0,0,0,0,70000,0,0,0,150000,80000,70000,70000
057561,大立光兆豐98購02,0,0,0,0,0,0,0,0,0,70000,0,0,0,70000,0,70000,70000
058140,臻鼎元大99購02  ,0,0,0,0,0,0,0,0,0,70000,0,0,0,70000,0,70000,70000
058102,楠梓電永豐98購04,0,0,0,0,0,0,0,0,0,70000,0,0,0,70000,0,70000,70000
04932P,香港2X中信96售01,0,0,0,0,0,0,0,0,0,70000,0,0,0,70000,0,70000,70000
051485,玉晶光凱基97購02,0,0,0,0,0,0,0,0,0,70000,0,0,0,253000,183000,70000,70000
050213,華新科台新94購03,0,0,0,0,0,0,0,0,0,70000,0,0,0,94000,24000,70000,70000
049692,可成元大94購07  ,0,0,0,0,0,0,0,0,0,70000,0,0,0,70000,0,70000,70000
049644,台積電凱基94購21,0,0,0,0,0,0,0,0,0,70000,0,0,0,70000,0,70000,70000
047967,南亞科國泰95購01,0,0,0,0,0,0,0,0,0,70000,0,0,0,148000,78000,70000,70000
045331,旺宏群益94購01  ,0,0,0,0,0,0,0,0,0,70000,0,0,0,100000,30000,70000,70000
045567,滬深2X富邦93購01,0,0,0,0,0,0,0,0,0,70000,0,0,0,120000,50000,70000,70000
045906,鴻海中信94購01  ,0,0,0,0,0,0,0,0,0,70000,0,0,0,70000,0,70000,70000
045869,滬深2X元富95購01,0,0,0,0,0,0,0,0,0,70000,0,0,0,100000,30000,70000,70000
042927,道瓊反中信94購01,0,0,0,0,0,0,0,0,0,70000,0,0,0,100000,30000,70000,70000
052011,欣興中信96購01  ,0,0,0,0,0,0,0,0,0,70000,0,0,0,110000,40000,70000,70000
049940,臺股指元大94購21,0,0,0,0,0,0,0,0,0,70000,0,0,0,70000,0,70000,70000
050497,臺指反凱基96購02,0,0,0,0,0,0,0,0,0,70000,0,0,0,70000,0,70000,70000
052381,臺股指元大95購22,0,0,0,0,0,0,0,0,0,70000,0,0,0,70000,0,70000,70000
050388,鴻海統一94購09  ,0,0,0,0,0,0,0,0,0,70000,0,0,0,70000,0,70000,70000
052481,利勤群益95購01  ,0,0,0,0,0,0,0,0,0,70000,0,0,0,70000,0,70000,70000
052959,聯電凱基97購01  ,0,0,0,0,0,0,0,0,0,70000,0,0,0,70000,0,70000,70000
052818,智邦永豐96購01  ,0,0,0,0,0,0,0,0,0,70000,0,0,0,185000,115000,70000,70000
053215,禾伸堂凱基96購01,0,0,0,0,0,0,0,0,0,70000,0,0,0,77000,7000,70000,70000
050537,鴻海凱基95購05  ,0,0,0,0,0,0,0,0,0,70000,0,0,0,74000,4000,70000,70000
054232,台積電群益96購12,0,0,0,0,0,0,0,0,0,70000,0,0,0,209000,139000,70000,70000
054569,GIS群益98購01   ,0,0,0,0,0,0,0,0,0,70000,0,0,0,70000,0,70000,70000
054639,台新金中信99購01,0,0,0,0,0,0,0,0,0,70000,0,0,0,70000,0,70000,70000
053766,友達富邦97購01  ,0,0,0,0,0,0,0,0,0,70000,0,0,0,72000,2000,70000,70000
053494,南亞科兆豐96購02,0,0,0,0,0,0,0,0,0,70000,0,0,0,80000,10000,70000,70000
054145,嘉聯益元大98購01,0,0,0,0,0,0,0,0,0,70000,0,0,0,80000,10000,70000,70000
054151,瑞昱國泰97購01  ,0,0,0,0,0,0,0,0,0,70000,0,0,0,80000,10000,70000,70000
054011,旺宏永豐96購05  ,0,0,0,0,0,0,0,0,0,70000,0,0,0,70000,0,70000,70000
055358,臻鼎凱基97購01  ,0,0,0,0,0,0,0,0,0,70000,0,0,0,70000,0,70000,70000
055275,台積電元大97購19,0,0,0,0,0,0,0,0,0,70000,0,0,0,110000,40000,70000,70000
055224,鴻海國票99購02  ,0,0,0,0,0,0,0,0,0,70000,0,0,0,80000,10000,70000,70000
055055,精元永豐97購01  ,0,0,0,0,0,0,0,0,0,70000,0,0,0,70000,0,70000,70000
055183,聯鈞統一97購01  ,0,0,0,0,0,0,0,0,0,70000,0,0,0,70000,0,70000,70000
055516,上銀中信97購01  ,0,0,0,0,0,0,0,0,0,70000,0,0,0,70000,0,70000,70000
055517,國巨中信97購03  ,0,0,0,0,0,0,0,0,0,70000,0,0,0,110000,40000,70000,70000
055950,華新元大97購02  ,0,0,0,0,0,0,0,0,0,70000,0,0,0,79000,9000,70000,70000
06570P,大立光永豐98售01,0,0,0,0,0,0,0,0,0,70000,0,0,0,70000,0,70000,70000
1455,集盛            ,121000,51000,70000,0,0,0,0,0,0,0,0,0,0,0,0,0,70000
1304,台聚            ,252000,481000,-229000,0,0,0,0,0,0,299000,299000,0,299000,0,0,0,70000
2405,浩鑫            ,124000,54000,70000,0,0,0,0,0,0,0,0,0,0,0,0,0,70000
4976,佳凌            ,127000,54000,73000,0,0,0,0,0,0,-3000,0,3000,-3000,0,0,0,70000
05783P,嘉澤元富96售01  ,0,0,0,0,0,0,0,0,0,69000,0,0,0,112000,43000,69000,69000
056864,新日興群益99購01,0,0,0,0,0,0,0,0,0,69000,0,0,0,92000,23000,69000,69000
056430,鴻海凱基98購06  ,0,0,0,0,0,0,0,0,0,69000,0,0,0,383000,314000,69000,69000
049680,臺股指國票94購13,0,0,0,0,0,0,0,0,0,69000,0,0,0,69000,0,69000,69000
052882,南電凱基96購02  ,0,0,0,0,0,0,0,0,0,69000,0,0,0,802000,733000,69000,69000
055876,美食元富9A購01  ,0,0,0,0,0,0,0,0,0,69000,0,0,0,82000,13000,69000,69000
055106,台積電凱基98購05,0,0,0,0,0,0,0,0,0,69000,0,0,0,73000,4000,69000,69000
054624,台積電凱基98購03,0,0,0,0,0,0,0,0,0,69000,0,0,0,99000,30000,69000,69000
4564,元翎            ,97000,77000,20000,0,0,0,0,0,0,49000,0,0,0,49000,0,49000,69000
3312,弘憶股          ,83000,14000,69000,0,0,0,0,0,0,0,0,0,0,0,0,0,69000
8110,華東            ,159000,74000,85000,0,0,0,0,0,0,-16000,0,16000,-16000,0,0,0,69000
06414P,矽力凱基97售03  ,0,0,0,0,0,0,0,0,0,69000,0,0,0,86000,17000,69000,69000
00752,中信中國50      ,0,0,0,0,0,0,0,0,0,68990,0,0,0,551000,482010,68990,68990
056373,上銀統一99購02  ,0,0,0,0,0,0,0,0,0,68000,0,0,0,68000,0,68000,68000
056339,聯發科凱基99購02,0,0,0,0,0,0,0,0,0,68000,0,0,0,68000,0,68000,68000
056153,華新科凱基97購02,0,0,0,0,0,0,0,0,0,68000,0,0,0,68000,0,68000,68000
056554,GIS凱基99購01   ,0,0,0,0,0,0,0,0,0,68000,0,0,0,68000,0,68000,68000
056733,國巨凱基98購10  ,0,0,0,0,0,0,0,0,0,68000,0,0,0,68000,0,68000,68000
057355,彩晶統一98購03  ,0,0,0,0,0,0,0,0,0,68000,0,0,0,68000,0,68000,68000
057070,美律永豐98購02  ,0,0,0,0,0,0,0,0,0,68000,0,0,0,68000,0,68000,68000
057899,台積電永豐98購04,0,0,0,0,0,0,0,0,0,68000,0,0,0,68000,0,68000,68000
057758,鴻海凱基99購03  ,0,0,0,0,0,0,0,0,0,68000,0,0,0,70000,2000,68000,68000
05744P,台表科元大96售04,0,0,0,0,0,0,0,0,0,68000,0,0,0,71000,3000,68000,68000
050238,瑞昱凱基94購05  ,0,0,0,0,0,0,0,0,0,68000,0,0,0,68000,0,68000,68000
051085,鴻海元大95購03  ,0,0,0,0,0,0,0,0,0,68000,0,0,0,70000,2000,68000,68000
047844,台虹元大93購02  ,0,0,0,0,0,0,0,0,0,68000,0,0,0,158000,90000,68000,68000
048248,聯發科兆豐95購01,0,0,0,0,0,0,0,0,0,68000,0,0,0,138000,70000,68000,68000
048026,瑞昱凱基94購01  ,0,0,0,0,0,0,0,0,0,68000,0,0,0,68000,0,68000,68000
049420,日電貿凱基94購01,0,0,0,0,0,0,0,0,0,68000,0,0,0,78000,10000,68000,68000
049547,新光金群益94購01,0,0,0,0,0,0,0,0,0,68000,0,0,0,105000,37000,68000,68000
052874,超眾凱基96購01  ,0,0,0,0,0,0,0,0,0,68000,0,0,0,68000,0,68000,68000
052854,聯詠日盛96購01  ,0,0,0,0,0,0,0,0,0,68000,0,0,0,69000,1000,68000,68000
050927,聯詠凱基95購01  ,0,0,0,0,0,0,0,0,0,68000,0,0,0,68000,0,68000,68000
050673,旺宏富邦96購02  ,0,0,0,0,0,0,0,0,0,68000,0,0,0,98000,30000,68000,68000
050695,台積電凱基94購40,0,0,0,0,0,0,0,0,0,68000,0,0,0,68000,0,68000,68000
052277,台達電凱基97購01,0,0,0,0,0,0,0,0,0,68000,0,0,0,68000,0,68000,68000
050515,聯電元大96購01  ,0,0,0,0,0,0,0,0,0,68000,0,0,0,68000,0,68000,68000
054586,健鼎國泰99購01  ,0,0,0,0,0,0,0,0,0,68000,0,0,0,108000,40000,68000,68000
053636,全新永豐96購02  ,0,0,0,0,0,0,0,0,0,68000,0,0,0,68000,0,68000,68000
055074,台虹永豐97購01  ,0,0,0,0,0,0,0,0,0,68000,0,0,0,81000,13000,68000,68000
055488,華邦電元大98購01,0,0,0,0,0,0,0,0,0,68000,0,0,0,75000,7000,68000,68000
055956,瑞昱元大97購05  ,0,0,0,0,0,0,0,0,0,68000,0,0,0,98000,30000,68000,68000
055590,聯發科元大98購02,0,0,0,0,0,0,0,0,0,68000,0,0,0,167000,99000,68000,68000
055777,冠德凱基97購01  ,0,0,0,0,0,0,0,0,0,68000,0,0,0,68000,0,68000,68000
06847P,奇力新元大98售05,0,0,0,0,0,0,0,0,0,68000,0,0,0,82000,14000,68000,68000
057950,T50正2元大9B購04,0,0,0,0,0,0,0,0,0,67000,0,0,0,77000,10000,67000,67000
057108,潤泰全群益98購01,0,0,0,0,0,0,0,0,0,67000,0,0,0,120000,53000,67000,67000
05653P,華邦電統一96售02,0,0,0,0,0,0,0,0,0,67000,0,0,0,93000,26000,67000,67000
056457,嘉澤凱基98購01  ,0,0,0,0,0,0,0,0,0,67000,0,0,0,192000,125000,67000,67000
045517,元油2X元富98購01,0,0,0,0,0,0,0,0,0,67000,0,0,0,200000,133000,67000,67000
052043,瑞昱日盛95購01  ,0,0,0,0,0,0,0,0,0,67000,0,0,0,116000,49000,67000,67000
051684,瑞昱凱基95購02  ,0,0,0,0,0,0,0,0,0,67000,0,0,0,77000,10000,67000,67000
054047,富邦金元大97購01,0,0,0,0,0,0,0,0,0,67000,0,0,0,100000,33000,67000,67000
054159,T50正2凱基99購01,0,0,0,0,0,0,0,0,0,67000,0,0,0,70000,3000,67000,67000
054337,智邦統一96購01  ,0,0,0,0,0,0,0,0,0,67000,0,0,0,80000,13000,67000,67000
06716P,台積電元大9A售02,0,0,0,0,0,0,0,0,0,67000,0,0,0,71000,4000,67000,67000
06142P,台虹康和97售02  ,0,0,0,0,0,0,0,0,0,67000,0,0,0,118000,51000,67000,67000
06925P,致茂群益9A售02  ,0,0,0,0,0,0,0,0,0,67000,0,0,0,67000,0,67000,67000
3557,嘉威            ,113000,46000,67000,0,0,0,0,0,0,0,0,0,0,0,0,0,67000
4164,承業醫          ,71000,4000,67000,0,0,0,0,0,0,0,0,0,0,0,0,0,67000
6112,聚碩            ,73000,5000,68000,0,0,0,0,0,0,-1000,0,1000,-1000,0,0,0,67000
056579,麗豐元大99購01  ,0,0,0,0,0,0,0,0,0,66000,0,0,0,68000,2000,66000,66000
056229,可成凱基97購04  ,0,0,0,0,0,0,0,0,0,66000,0,0,0,188000,122000,66000,66000
056900,可成元大98購02  ,0,0,0,0,0,0,0,0,0,66000,0,0,0,113000,47000,66000,66000
057831,聯發科元富02購04,0,0,0,0,0,0,0,0,0,66000,0,0,0,72000,6000,66000,66000
057856,聯鈞國票99購03  ,0,0,0,0,0,0,0,0,0,66000,0,0,0,115000,49000,66000,66000
048653,巨大元大96購02  ,0,0,0,0,0,0,0,0,0,66000,0,0,0,356000,290000,66000,66000
049240,華通元富94購01  ,0,0,0,0,0,0,0,0,0,66000,0,0,0,66000,0,66000,66000
03643C,臺股指元富99牛04,0,0,0,0,0,0,0,0,0,66000,0,0,0,68000,2000,66000,66000
047004,台積電統一99購01,0,0,0,0,0,0,0,0,0,66000,0,0,0,67000,1000,66000,66000
048857,晶豪科群益94購01,0,0,0,0,0,0,0,0,0,66000,0,0,0,140000,74000,66000,66000
048070,聯發科元富99購03,0,0,0,0,0,0,0,0,0,66000,0,0,0,66000,0,66000,66000
049616,卜蜂群益94購01  ,0,0,0,0,0,0,0,0,0,66000,0,0,0,66000,0,66000,66000
050191,和碩元大94購02  ,0,0,0,0,0,0,0,0,0,66000,0,0,0,86000,20000,66000,66000
051826,智邦元大95購03  ,0,0,0,0,0,0,0,0,0,66000,0,0,0,144000,78000,66000,66000
05245P,台積電元大95售18,0,0,0,0,0,0,0,0,0,66000,0,0,0,974000,908000,66000,66000
051055,友達群益98購01  ,0,0,0,0,0,0,0,0,0,66000,0,0,0,66000,0,66000,66000
053288,臺股指元大96購16,0,0,0,0,0,0,0,0,0,66000,0,0,0,66000,0,66000,66000
053406,國巨兆豐96購02  ,0,0,0,0,0,0,0,0,0,66000,0,0,0,120000,54000,66000,66000
053407,台積電兆豐96購02,0,0,0,0,0,0,0,0,0,66000,0,0,0,68000,2000,66000,66000
054772,康控國票98購02  ,0,0,0,0,0,0,0,0,0,66000,0,0,0,118000,52000,66000,66000
055967,臻鼎元大97購01  ,0,0,0,0,0,0,0,0,0,66000,0,0,0,135000,69000,66000,66000
055843,美律元大97購02  ,0,0,0,0,0,0,0,0,0,66000,0,0,0,66000,0,66000,66000
06589P,台積電元大98售12,0,0,0,0,0,0,0,0,0,66000,0,0,0,66000,0,66000,66000
057735,台灣50富邦9C購02,0,0,0,0,0,0,0,0,0,65000,0,0,0,235000,170000,65000,65000
057807,友訊元大98購02  ,0,0,0,0,0,0,0,0,0,65000,0,0,0,65000,0,65000,65000
057560,華新科兆豐99購01,0,0,0,0,0,0,0,0,0,65000,0,0,0,70000,5000,65000,65000
056424,泰碩統一98購01  ,0,0,0,0,0,0,0,0,0,65000,0,0,0,156000,91000,65000,65000
051473,台積電凱基95購10,0,0,0,0,0,0,0,0,0,65000,0,0,0,84000,19000,65000,65000
048758,美利達元富96購02,0,0,0,0,0,0,0,0,0,65000,0,0,0,141000,76000,65000,65000
049308,台達電凱基94購04,0,0,0,0,0,0,0,0,0,65000,0,0,0,119000,54000,65000,65000
049076,佳世達凱基94購01,0,0,0,0,0,0,0,0,0,65000,0,0,0,65000,0,65000,65000
053381,友達元大9A購02  ,0,0,0,0,0,0,0,0,0,65000,0,0,0,65000,0,65000,65000
050897,嘉晶元大95購03  ,0,0,0,0,0,0,0,0,0,65000,0,0,0,65000,0,65000,65000
052451,旭富元大95購02  ,0,0,0,0,0,0,0,0,0,65000,0,0,0,258000,193000,65000,65000
050350,全新群益94購04  ,0,0,0,0,0,0,0,0,0,65000,0,0,0,221000,156000,65000,65000
051779,大立光群益95購02,0,0,0,0,0,0,0,0,0,65000,0,0,0,140000,75000,65000,65000
051584,可成元大95購08  ,0,0,0,0,0,0,0,0,0,65000,0,0,0,65000,0,65000,65000
051156,鴻海富邦97購01  ,0,0,0,0,0,0,0,0,0,65000,0,0,0,75000,10000,65000,65000
054288,華邦電元大96購05,0,0,0,0,0,0,0,0,0,65000,0,0,0,126000,61000,65000,65000
054258,牧德元大97購01  ,0,0,0,0,0,0,0,0,0,65000,0,0,0,80000,15000,65000,65000
06647P,台積電元大98售13,0,0,0,0,0,0,0,0,0,65000,0,0,0,155000,90000,65000,65000
1717,長興            ,141000,86000,55000,0,0,0,0,0,0,10000,10000,0,10000,0,0,0,65000
4725,信昌化          ,87000,22000,65000,0,0,0,0,0,0,0,0,0,0,0,0,0,65000
057749,華新科國票99購01,0,0,0,0,0,0,0,0,0,64000,0,0,0,84000,20000,64000,64000
049102,智伸科國泰96購01,0,0,0,0,0,0,0,0,0,64000,0,0,0,64000,0,64000,64000
049866,景碩兆豐94購01  ,0,0,0,0,0,0,0,0,0,64000,0,0,0,64000,0,64000,64000
051978,泰碩凱基96購01  ,0,0,0,0,0,0,0,0,0,64000,0,0,0,166000,102000,64000,64000
051643,瑞昱康和95購01  ,0,0,0,0,0,0,0,0,0,64000,0,0,0,185000,121000,64000,64000
051736,旺宏國票96購01  ,0,0,0,0,0,0,0,0,0,64000,0,0,0,65000,1000,64000,64000
051741,可成國票97購01  ,0,0,0,0,0,0,0,0,0,64000,0,0,0,144000,80000,64000,64000
052657,友達元富96購01  ,0,0,0,0,0,0,0,0,0,64000,0,0,0,64000,0,64000,64000
053446,欣興凱基96購02  ,0,0,0,0,0,0,0,0,0,64000,0,0,0,74000,10000,64000,64000
052883,百和亞東97購01  ,0,0,0,0,0,0,0,0,0,64000,0,0,0,100000,36000,64000,64000
053003,國巨永豐96購02  ,0,0,0,0,0,0,0,0,0,64000,0,0,0,74000,10000,64000,64000
054425,聯發科富邦99購03,0,0,0,0,0,0,0,0,0,64000,0,0,0,621000,557000,64000,64000
053896,麗豐群益97購01  ,0,0,0,0,0,0,0,0,0,64000,0,0,0,64000,0,64000,64000
054912,群光凱基97購01  ,0,0,0,0,0,0,0,0,0,64000,0,0,0,64000,0,64000,64000
06933P,禾伸堂元大98售03,0,0,0,0,0,0,0,0,0,64000,0,0,0,81000,17000,64000,64000
5434,崇越            ,216320,158000,58320,0,0,0,0,0,0,5000,5000,2000,3000,2000,0,2000,63320
056947,國巨統一9A購01  ,0,0,0,0,0,0,0,0,0,63000,0,0,0,63000,0,63000,63000
048243,儒鴻兆豐94購01  ,0,0,0,0,0,0,0,0,0,63000,0,0,0,63000,0,63000,63000
04436P,聯發科中信96售02,0,0,0,0,0,0,0,0,0,63000,0,0,0,103000,40000,63000,63000
047196,上銀統一97購01  ,0,0,0,0,0,0,0,0,0,63000,0,0,0,311000,248000,63000,63000
03253P,台灣50國泰03售02,0,0,0,0,0,0,0,0,0,63000,0,0,0,270000,207000,63000,63000
05104P,智邦台新95售02  ,0,0,0,0,0,0,0,0,0,63000,0,0,0,63000,0,63000,63000
052555,漢唐國票97購01  ,0,0,0,0,0,0,0,0,0,63000,0,0,0,83000,20000,63000,63000
05193P,台郡台新95售01  ,0,0,0,0,0,0,0,0,0,63000,0,0,0,63000,0,63000,63000
05514P,康舒永豐96售01  ,0,0,0,0,0,0,0,0,0,63000,0,0,0,113000,50000,63000,63000
05590P,臺股指中信96售05,0,0,0,0,0,0,0,0,0,63000,0,0,0,70000,7000,63000,63000
054032,上銀中信96購01  ,0,0,0,0,0,0,0,0,0,63000,0,0,0,63000,0,63000,63000
053739,A50正2國票9A購01,0,0,0,0,0,0,0,0,0,63000,0,0,0,63000,0,63000,63000
6670,復盛應用        ,150000,97000,53000,0,0,0,0,0,0,10000,10000,0,10000,0,0,0,63000
06091P,華新科統一97售01,0,0,0,0,0,0,0,0,0,63000,0,0,0,65000,2000,63000,63000
06407P,創意元富97售02  ,0,0,0,0,0,0,0,0,0,63000,0,0,0,110000,47000,63000,63000
06263P,燿華凱基97售04  ,0,0,0,0,0,0,0,0,0,63000,0,0,0,73000,10000,63000,63000
057225,華新凱基98購01  ,0,0,0,0,0,0,0,0,0,62000,0,0,0,150000,88000,62000,62000
056586,光罩統一98購02  ,0,0,0,0,0,0,0,0,0,62000,0,0,0,66000,4000,62000,62000
057941,聯電國票99購01  ,0,0,0,0,0,0,0,0,0,62000,0,0,0,67000,5000,62000,62000
044105,聯詠中信95購01  ,0,0,0,0,0,0,0,0,0,62000,0,0,0,62000,0,62000,62000
04781P,欣興凱基94售06  ,0,0,0,0,0,0,0,0,0,62000,0,0,0,81000,19000,62000,62000
047676,臺股指元富99購01,0,0,0,0,0,0,0,0,0,62000,0,0,0,62000,0,62000,62000
049593,群創元大9A購01  ,0,0,0,0,0,0,0,0,0,62000,0,0,0,152000,90000,62000,62000
04974P,聯發科凱基96售02,0,0,0,0,0,0,0,0,0,62000,0,0,0,82000,20000,62000,62000
051703,台積電群益95購04,0,0,0,0,0,0,0,0,0,62000,0,0,0,222000,160000,62000,62000
049956,國巨統一94購05  ,0,0,0,0,0,0,0,0,0,62000,0,0,0,119000,57000,62000,62000
052297,旭富國票96購01  ,0,0,0,0,0,0,0,0,0,62000,0,0,0,295000,233000,62000,62000
050702,崇越凱基94購01  ,0,0,0,0,0,0,0,0,0,62000,0,0,0,107000,45000,62000,62000
050522,聯發科元大95購03,0,0,0,0,0,0,0,0,0,62000,0,0,0,408000,346000,62000,62000
054352,世芯國泰98購01  ,0,0,0,0,0,0,0,0,0,62000,0,0,0,127000,65000,62000,62000
055812,台積電國票99購02,0,0,0,0,0,0,0,0,0,62000,0,0,0,169000,107000,62000,62000
06470P,臺股指凱基99售10,0,0,0,0,0,0,0,0,0,62000,0,0,0,170000,108000,62000,62000
06677P,牧德國票98售02  ,0,0,0,0,0,0,0,0,0,62000,0,0,0,62000,0,62000,62000
1439,中和            ,83000,21000,62000,0,0,0,0,0,0,0,0,0,0,0,0,0,62000
2441,超豐            ,295000,232000,63000,0,0,0,0,0,0,-1000,0,1000,-1000,0,0,0,62000
6525,捷敏-KY         ,66000,4000,62000,0,0,0,0,0,0,0,0,0,0,0,0,0,62000
8463,潤泰材          ,135000,100000,35000,0,0,0,0,0,0,27000,30000,3000,27000,0,0,0,62000
056567,瀚宇博群益98購02,0,0,0,0,0,0,0,0,0,61000,0,0,0,141000,80000,61000,61000
056225,聯發科凱基97購09,0,0,0,0,0,0,0,0,0,61000,0,0,0,68000,7000,61000,61000
057128,台光電凱基98購03,0,0,0,0,0,0,0,0,0,61000,0,0,0,68000,7000,61000,61000
049775,旺宏統一95購02  ,0,0,0,0,0,0,0,0,0,61000,0,0,0,126000,65000,61000,61000
048057,宏達電國泰94購02,0,0,0,0,0,0,0,0,0,61000,0,0,0,61000,0,61000,61000
052227,瑞昱凱基95購05  ,0,0,0,0,0,0,0,0,0,61000,0,0,0,80000,19000,61000,61000
051918,聯茂元大95購01  ,0,0,0,0,0,0,0,0,0,61000,0,0,0,96000,35000,61000,61000
050315,和碩兆豐95購01  ,0,0,0,0,0,0,0,0,0,61000,0,0,0,101000,40000,61000,61000
052085,聯電元大95購01  ,0,0,0,0,0,0,0,0,0,61000,0,0,0,111000,50000,61000,61000
055578,群創統一98購03  ,0,0,0,0,0,0,0,0,0,61000,0,0,0,61000,0,61000,61000
055942,臺股指群益9C購01,0,0,0,0,0,0,0,0,0,61000,0,0,0,61000,0,61000,61000
4540,全球傳動        ,103000,42000,61000,0,0,0,0,0,0,0,0,0,0,0,0,0,61000
06248P,國巨統一97售07  ,0,0,0,0,0,0,0,0,0,61000,0,0,0,68000,7000,61000,61000
06244P,智易元富97售02  ,0,0,0,0,0,0,0,0,0,61000,0,0,0,61000,0,61000,61000
056575,禾伸堂元大99購01,0,0,0,0,0,0,0,0,0,60000,0,0,0,160000,100000,60000,60000
057562,奇鋐兆豐98購01  ,0,0,0,0,0,0,0,0,0,60000,0,0,0,230000,170000,60000,60000
058105,旺宏統一9A購02  ,0,0,0,0,0,0,0,0,0,60000,0,0,0,117000,57000,60000,60000
058155,牧德統一9A購01  ,0,0,0,0,0,0,0,0,0,60000,0,0,0,65000,5000,60000,60000
05984P,台積電統一98售01,0,0,0,0,0,0,0,0,0,60000,0,0,0,80000,20000,60000,60000
048142,聯電統一93購01  ,0,0,0,0,0,0,0,0,0,60000,0,0,0,60000,0,60000,60000
049633,臺股指群益94購06,0,0,0,0,0,0,0,0,0,60000,0,0,0,70000,10000,60000,60000
048242,統一兆豐93購01  ,0,0,0,0,0,0,0,0,0,60000,0,0,0,60000,0,60000,60000
048260,鴻海元富93購06  ,0,0,0,0,0,0,0,0,0,60000,0,0,0,60000,0,60000,60000
051494,中環兆豐95購01  ,0,0,0,0,0,0,0,0,0,60000,0,0,0,60000,0,60000,60000
049653,緯穎凱基94購03  ,0,0,0,0,0,0,0,0,0,60000,0,0,0,60000,0,60000,60000
049842,道瓊反中信98購01,0,0,0,0,0,0,0,0,0,60000,0,0,0,60000,0,60000,60000
049309,台達電凱基94購05,0,0,0,0,0,0,0,0,0,60000,0,0,0,60000,0,60000,60000
049335,聯電統一97購01  ,0,0,0,0,0,0,0,0,0,60000,0,0,0,60000,0,60000,60000
048778,聯茂凱基94購04  ,0,0,0,0,0,0,0,0,0,60000,0,0,0,60000,0,60000,60000
048928,華新科永豐94購02,0,0,0,0,0,0,0,0,0,60000,0,0,0,60000,0,60000,60000
00730,富邦臺灣優質高息,0,0,0,0,0,0,0,0,0,60000,0,0,0,458000,398000,60000,60000
041824,元油2X國票96購01,0,0,0,0,0,0,0,0,0,60000,0,0,0,60000,0,60000,60000
046479,群創元富94購01  ,0,0,0,0,0,0,0,0,0,60000,0,0,0,85000,25000,60000,60000
046134,致新國泰93購02  ,0,0,0,0,0,0,0,0,0,60000,0,0,0,60000,0,60000,60000
045016,創意元大94購01  ,0,0,0,0,0,0,0,0,0,60000,0,0,0,60000,0,60000,60000
047431,儒鴻元大93購06  ,0,0,0,0,0,0,0,0,0,60000,0,0,0,60000,0,60000,60000
051968,勤誠永豐95購01  ,0,0,0,0,0,0,0,0,0,60000,0,0,0,100000,40000,60000,60000
052064,臺股指國票95購11,0,0,0,0,0,0,0,0,0,60000,0,0,0,60000,0,60000,60000
052123,泰碩國票95購01  ,0,0,0,0,0,0,0,0,0,60000,0,0,0,191000,131000,60000,60000
05033P,T50反1元大98售01,0,0,0,0,0,0,0,0,0,60000,0,0,0,60000,0,60000,60000
051805,元黃金凱基97購02,0,0,0,0,0,0,0,0,0,60000,0,0,0,77000,17000,60000,60000
051651,易華電永豐95購01,0,0,0,0,0,0,0,0,0,60000,0,0,0,60000,0,60000,60000
050499,台達電凱基94購11,0,0,0,0,0,0,0,0,0,60000,0,0,0,60000,0,60000,60000
052763,晶技群益97購01  ,0,0,0,0,0,0,0,0,0,60000,0,0,0,111000,51000,60000,60000
053053,京元電國票97購02,0,0,0,0,0,0,0,0,0,60000,0,0,0,60000,0,60000,60000
053116,華新科中信96購01,0,0,0,0,0,0,0,0,0,60000,0,0,0,90000,30000,60000,60000
052871,群創凱基98購07  ,0,0,0,0,0,0,0,0,0,60000,0,0,0,75000,15000,60000,60000
053233,大立光永豐96購01,0,0,0,0,0,0,0,0,0,60000,0,0,0,60000,0,60000,60000
055943,瑞昱麥證97購01  ,0,0,0,70000,10000,60000,0,0,0,60000,0,0,0,70000,10000,60000,60000
05500P,臺股指中信96售04,0,0,0,0,0,0,0,0,0,60000,0,0,0,70000,10000,60000,60000
054978,堤維西元富97購01,0,0,0,0,0,0,0,0,0,60000,0,0,0,60000,0,60000,60000
055323,貿聯國票98購01  ,0,0,0,0,0,0,0,0,0,60000,0,0,0,65000,5000,60000,60000
054607,台積電永豐97購03,0,0,0,0,0,0,0,0,0,60000,0,0,0,61000,1000,60000,60000
053634,劍麟永豐96購01  ,0,0,0,0,0,0,0,0,0,60000,0,0,0,60000,0,60000,60000
053594,京鼎元大96購02  ,0,0,0,0,0,0,0,0,0,60000,0,0,0,60000,0,60000,60000
053570,京元電統一96購01,0,0,0,0,0,0,0,0,0,60000,0,0,0,60000,0,60000,60000
054007,貿聯統一96購01  ,0,0,0,0,0,0,0,0,0,60000,0,0,0,108000,48000,60000,60000
06369P,台積電凱基97售16,0,0,0,0,0,0,0,0,0,60000,0,0,0,190000,130000,60000,60000
6183,關貿            ,67000,10000,57000,0,0,0,0,0,0,3000,3000,0,3000,0,0,0,60000
6189,豐藝            ,57000,3000,54000,0,0,0,0,0,0,6000,6000,0,6000,0,0,0,60000
2317,鴻海            ,16973417,16790145,183272,0,0,0,185000,0,185000,-309000,329000,447000,-118000,482000,673000,-191000,59272
058217,新唐群益99購01  ,0,0,0,0,0,0,0,0,0,59000,0,0,0,70000,11000,59000,59000
057557,聯茂凱基99購04  ,0,0,0,0,0,0,0,0,0,59000,0,0,0,147000,88000,59000,59000
057410,南電群益98購01  ,0,0,0,0,0,0,0,0,0,59000,0,0,0,102000,43000,59000,59000
056572,義隆元大99購01  ,0,0,0,0,0,0,0,0,0,59000,0,0,0,76000,17000,59000,59000
057341,技嘉台新98購01  ,0,0,0,0,0,0,0,0,0,59000,0,0,0,106000,47000,59000,59000
04453P,聯發科富邦94售04,0,0,0,0,0,0,0,0,0,59000,0,0,0,138000,79000,59000,59000
048850,聯電群益96購01  ,0,0,0,0,0,0,0,0,0,59000,0,0,0,70000,11000,59000,59000
048880,昇陽半國票94購01,0,0,0,0,0,0,0,0,0,59000,0,0,0,59000,0,59000,59000
047576,技嘉群益94購01  ,0,0,0,0,0,0,0,0,0,59000,0,0,0,111000,52000,59000,59000
053259,卜蜂群益97購01  ,0,0,0,0,0,0,0,0,0,59000,0,0,0,59000,0,59000,59000
050454,嘉澤元大94購04  ,0,0,0,0,0,0,0,0,0,59000,0,0,0,61000,2000,59000,59000
052424,泰碩國票97購01  ,0,0,0,0,0,0,0,0,0,59000,0,0,0,228000,169000,59000,59000
050343,鴻海元富94購01  ,0,0,0,0,0,0,0,0,0,59000,0,0,0,83000,24000,59000,59000
053864,義隆元大96購01  ,0,0,0,0,0,0,0,0,0,59000,0,0,0,147000,88000,59000,59000
053488,中石化兆豐97購01,0,0,0,0,0,0,0,0,0,59000,0,0,0,120000,61000,59000,59000
053480,祥碩元大96購02  ,0,0,0,0,0,0,0,0,0,59000,0,0,0,75000,16000,59000,59000
055429,華新科群益99購01,0,0,0,0,0,0,0,0,0,59000,0,0,0,100000,41000,59000,59000
055857,嘉聯益元大97購04,0,0,0,0,0,0,0,0,0,59000,0,0,0,60000,1000,59000,59000
056083,億光統一97購03  ,0,0,0,0,0,0,0,0,0,59000,0,0,0,116000,57000,59000,59000
056110,嘉聯益永豐97購02,0,0,0,0,0,0,0,0,0,59000,0,0,0,110000,51000,59000,59000
055831,台達電元大97購01,0,0,0,0,0,0,0,0,0,59000,0,0,0,96000,37000,59000,59000
06735P,奇力新凱基98售07,0,0,0,0,0,0,0,0,0,59000,0,0,0,103000,44000,59000,59000
4763,材料-KY         ,65000,3000,62000,0,0,0,0,0,0,-3000,0,3000,-3000,0,0,0,59000
4766,南寶            ,88000,29000,59000,0,0,0,0,0,0,0,0,0,0,0,0,0,59000
057198,智伸科統一9B購01,0,0,0,0,0,0,0,0,0,58000,0,0,0,58000,0,58000,58000
056444,南亞科凱基99購01,0,0,0,0,0,0,0,0,0,58000,0,0,0,72000,14000,58000,58000
056585,台積電統一9A購01,0,0,0,0,0,0,0,0,0,58000,0,0,0,75000,17000,58000,58000
056611,國巨永豐98購03  ,0,0,0,0,0,0,0,0,0,58000,0,0,0,68000,10000,58000,58000
056419,欣興元富98購02  ,0,0,0,0,0,0,0,0,0,58000,0,0,0,168000,110000,58000,58000
057507,貿聯國票98購02  ,0,0,0,0,0,0,0,0,0,58000,0,0,0,58000,0,58000,58000
058204,世芯凱基9A購01  ,0,0,0,0,0,0,0,0,0,58000,0,0,0,86000,28000,58000,58000
058046,國巨元大9A購01  ,0,0,0,0,0,0,0,0,0,58000,0,0,0,73000,15000,58000,58000
04862P,台積電元大94售26,0,0,0,0,0,0,0,0,0,58000,0,0,0,58000,0,58000,58000
051083,A50正2元大98購01,0,0,0,0,0,0,0,0,0,58000,0,0,0,70000,12000,58000,58000
046066,長榮航凱基94購01,0,0,0,0,0,0,0,0,0,58000,0,0,0,78000,20000,58000,58000
048691,智伸科群益94購01,0,0,0,0,0,0,0,0,0,58000,0,0,0,58000,0,58000,58000
053014,旺宏統一97購02  ,0,0,0,0,0,0,0,0,0,58000,0,0,0,58000,0,58000,58000
052647,晶技永豐97購01  ,0,0,0,0,0,0,0,0,0,58000,0,0,0,122000,64000,58000,58000
055359,超眾凱基97購01  ,0,0,0,0,0,0,0,0,0,58000,0,0,0,68000,10000,58000,58000
054582,致新元大97購01  ,0,0,0,0,0,0,0,0,0,58000,0,0,0,68000,10000,58000,58000
054819,裕民元大9A購01  ,0,0,0,0,0,0,0,0,0,58000,0,0,0,68000,10000,58000,58000
6558,興能高          ,82000,22000,60000,0,0,0,0,5000,-5000,3000,3000,0,3000,0,0,0,58000
06568P,國巨永豐98售05  ,0,0,0,0,0,0,0,0,0,58000,0,0,0,58000,0,58000,58000
06449P,台積電元大98售09,0,0,0,0,0,0,0,0,0,58000,0,0,0,88000,30000,58000,58000
06283P,祥碩永豐97售01  ,0,0,0,0,0,0,0,0,0,58000,0,0,0,160000,102000,58000,58000
06310P,精元元富97售02  ,0,0,0,0,0,0,0,0,0,58000,0,0,0,80000,22000,58000,58000
06145P,華新科永豐97售02,0,0,0,0,0,0,0,0,0,58000,0,0,0,108000,50000,58000,58000
2461,光群雷          ,102000,44000,58000,0,0,0,0,0,0,0,0,0,0,0,0,0,58000
1437,勤益控          ,58000,0,58000,0,0,0,0,0,0,0,0,0,0,0,0,0,58000
056442,瑞昱凱基98購02  ,0,0,0,0,0,0,0,0,0,57000,0,0,0,134000,77000,57000,57000
056159,牧德凱基99購01  ,0,0,0,0,0,0,0,0,0,57000,0,0,0,68000,11000,57000,57000
056584,鴻海統一9B購01  ,0,0,0,0,0,0,0,0,0,57000,0,0,0,66000,9000,57000,57000
057076,緯穎永豐98購01  ,0,0,0,0,0,0,0,0,0,57000,0,0,0,68000,11000,57000,57000
045337,滬深2X凱基95購01,0,0,0,0,0,0,0,0,0,57000,0,0,0,57000,0,57000,57000
04203P,超眾元大93售04  ,0,0,0,0,0,0,0,0,0,57000,0,0,0,57000,0,57000,57000
04685P,訊芯元大94售02  ,0,0,0,0,0,0,0,0,0,57000,0,0,0,101000,44000,57000,57000
051486,玉晶光凱基97購03,0,0,0,0,0,0,0,0,0,57000,0,0,0,62000,5000,57000,57000
051491,貿聯凱基95購01  ,0,0,0,0,0,0,0,0,0,57000,0,0,0,57000,0,57000,57000
049361,華通元大94購02  ,0,0,0,0,0,0,0,0,0,57000,0,0,0,100000,43000,57000,57000
052891,台泥群益96購01  ,0,0,0,0,0,0,0,0,0,57000,0,0,0,68000,11000,57000,57000
052104,英業達兆豐96購01,0,0,0,0,0,0,0,0,0,57000,0,0,0,77000,20000,57000,57000
055150,台積電元大98購04,0,0,0,0,0,0,0,0,0,57000,0,0,0,101000,44000,57000,57000
055844,大毅元大98購01  ,0,0,0,0,0,0,0,0,0,57000,0,0,0,123000,66000,57000,57000
5531,鄉林            ,129000,72000,57000,0,0,0,0,0,0,0,0,0,0,0,0,0,57000
3008,大立光          ,261200,181296,79904,0,0,0,0,14000,-14000,-9000,5000,7000,-2000,1000,8000,-7000,56904
05883P,致伸永豐96售03  ,0,0,0,0,0,0,0,0,0,56000,0,0,0,56000,0,56000,56000
057916,國巨凱基98購13  ,0,0,0,0,0,0,0,0,0,56000,0,0,0,71000,15000,56000,56000
049563,華新統一95購01  ,0,0,0,0,0,0,0,0,0,56000,0,0,0,59000,3000,56000,56000
049820,世紀鋼元大96購03,0,0,0,0,0,0,0,0,0,56000,0,0,0,61000,5000,56000,56000
047049,聯發科國票94購01,0,0,0,0,0,0,0,0,0,56000,0,0,0,490000,434000,56000,56000
00681R,元大美債20反1   ,0,0,0,0,0,0,0,0,0,56000,0,0,0,56000,0,56000,56000
046205,明基材凱基93購01,0,0,0,0,0,0,0,0,0,56000,0,0,0,56000,0,56000,56000
051591,玉晶光元大97購01,0,0,0,0,0,0,0,0,0,56000,0,0,0,98000,42000,56000,56000
052279,旺宏凱基95購07  ,0,0,0,0,0,0,0,0,0,56000,0,0,0,68000,12000,56000,56000
052909,上銀統一96購01  ,0,0,0,0,0,0,0,0,0,56000,0,0,0,112000,56000,56000,56000
052948,景碩國票97購02  ,0,0,0,0,0,0,0,0,0,56000,0,0,0,73000,17000,56000,56000
05278P,台郡元富95售02  ,0,0,0,0,0,0,0,0,0,56000,0,0,0,61000,5000,56000,56000
056116,義隆群益97購02  ,0,0,0,0,0,0,0,0,0,56000,0,0,0,227000,171000,56000,56000
05402P,台郡永豐95售02  ,0,0,0,0,0,0,0,0,0,56000,0,0,0,56000,0,56000,56000
2399,映泰            ,140000,84000,56000,0,0,0,0,0,0,0,0,0,0,0,0,0,56000
2903,遠百            ,399314,344000,55314,0,0,0,0,0,0,0,0,0,0,0,0,0,55314
057403,亞光群益98購04  ,0,0,0,0,0,0,0,0,0,55000,0,0,0,120000,65000,55000,55000
058222,玉晶光統一9B購01,0,0,0,0,0,0,0,0,0,55000,0,0,0,55000,0,55000,55000
057306,玉晶光兆豐99購01,0,0,0,0,0,0,0,0,0,55000,0,0,0,89000,34000,55000,55000
05656P,台表科統一96售01,0,0,0,0,0,0,0,0,0,55000,0,0,0,75000,20000,55000,55000
056723,國巨中信9A購01  ,0,0,0,0,0,0,0,0,0,55000,0,0,0,55000,0,55000,55000
056674,華邦電元富98購01,0,0,0,0,0,0,0,0,0,55000,0,0,0,89000,34000,55000,55000
056346,聯茂凱基99購02  ,0,0,0,0,0,0,0,0,0,55000,0,0,0,492000,437000,55000,55000
03560P,台積電兆豐03售10,0,0,0,0,0,0,0,0,0,55000,0,0,0,68000,13000,55000,55000
04363P,儒鴻元富94售01  ,0,0,0,0,0,0,0,0,0,55000,0,0,0,55000,0,55000,55000
04243P,大立光永昌93售08,0,0,0,0,0,0,0,0,0,55000,0,0,0,55000,0,55000,55000
048436,聯茂日盛93購01  ,0,0,0,0,0,0,0,0,0,55000,0,0,0,160000,105000,55000,55000
049387,緯穎元大94購03  ,0,0,0,0,0,0,0,0,0,55000,0,0,0,55000,0,55000,55000
050252,聯發科國泰95購01,0,0,0,0,0,0,0,0,0,55000,0,0,0,57000,2000,55000,55000
047969,台達電富邦97購01,0,0,0,0,0,0,0,0,0,55000,0,0,0,55000,0,55000,55000
050955,達方群益97購01  ,0,0,0,0,0,0,0,0,0,55000,0,0,0,65000,10000,55000,55000
05100P,智邦凱基95售02  ,0,0,0,0,0,0,0,0,0,55000,0,0,0,55000,0,55000,55000
049922,禾伸堂元大95購01,0,0,0,0,0,0,0,0,0,55000,0,0,0,56000,1000,55000,55000
050092,鴻海永豐94購04  ,0,0,0,0,0,0,0,0,0,55000,0,0,0,55000,0,55000,55000
051638,聯茂國票96購01  ,0,0,0,0,0,0,0,0,0,55000,0,0,0,61000,6000,55000,55000
051869,康控凱基96購01  ,0,0,0,0,0,0,0,0,0,55000,0,0,0,65000,10000,55000,55000
051168,訊連元大95購02  ,0,0,0,0,0,0,0,0,0,55000,0,0,0,55000,0,55000,55000
050313,大立光兆豐94購05,0,0,0,0,0,0,0,0,0,55000,0,0,0,60000,5000,55000,55000
054106,元油反凱基9C購01,0,0,0,0,0,0,0,0,0,55000,0,0,0,55000,0,55000,55000
054848,群創兆豐98購01  ,0,0,0,0,0,0,0,0,0,55000,0,0,0,55000,0,55000,55000
05457P,鴻海凱基95售20  ,0,0,0,0,0,0,0,0,0,55000,0,0,0,157000,102000,55000,55000
054528,台光電統一96購02,0,0,0,0,0,0,0,0,0,55000,0,0,0,55000,0,55000,55000
054336,台積電統一96購11,0,0,0,0,0,0,0,0,0,55000,0,0,0,315000,260000,55000,55000
056023,晶豪科群益97購01,0,0,0,0,0,0,0,0,0,55000,0,0,0,262000,207000,55000,55000
055747,康舒元富97購01  ,0,0,0,0,0,0,0,0,0,55000,0,0,0,55000,0,55000,55000
05544P,台表科元富96售01,0,0,0,0,0,0,0,0,0,55000,0,0,0,108000,53000,55000,55000
06893P,致新元富98售02  ,0,0,0,0,0,0,0,0,0,55000,0,0,0,60000,5000,55000,55000
06103P,漢唐凱基97售02  ,0,0,0,0,0,0,0,0,0,55000,0,0,0,55000,0,55000,55000
06658P,台灣50富邦9C售01,0,0,0,0,0,0,0,0,0,55000,0,0,0,126000,71000,55000,55000
3050,鈺德            ,77000,22000,55000,0,0,0,0,0,0,0,0,0,0,0,0,0,55000
6504,南六            ,103000,48000,55000,0,0,0,0,0,0,0,0,0,0,0,0,0,55000
057030,滬深反元大9B購01,0,0,0,0,0,0,0,0,0,54000,0,0,0,55000,1000,54000,54000
057981,臻鼎永豐98購01  ,0,0,0,0,0,0,0,0,0,54000,0,0,0,136000,82000,54000,54000
057594,宏達電兆豐99購01,0,0,0,0,0,0,0,0,0,54000,0,0,0,60000,6000,54000,54000
057817,景碩元大98購01  ,0,0,0,0,0,0,0,0,0,54000,0,0,0,86000,32000,54000,54000
006208,富邦台50        ,1000,2000,-1000,0,0,0,0,0,0,55000,0,0,0,568000,513000,55000,54000
046148,友達中信94購01  ,0,0,0,0,0,0,0,0,0,54000,0,0,0,54000,0,54000,54000
04915P,鴻海永昌96售02  ,0,0,0,0,0,0,0,0,0,54000,0,0,0,67000,13000,54000,54000
051562,玉晶光國泰97購05,0,0,0,0,0,0,0,0,0,54000,0,0,0,207000,153000,54000,54000
050535,台表科群益94購02,0,0,0,0,0,0,0,0,0,54000,0,0,0,54000,0,54000,54000
050813,旺宏凱基96購01  ,0,0,0,0,0,0,0,0,0,54000,0,0,0,55000,1000,54000,54000
052861,台光電凱基96購03,0,0,0,0,0,0,0,0,0,54000,0,0,0,120000,66000,54000,54000
052849,可成統一97購01  ,0,0,0,0,0,0,0,0,0,54000,0,0,0,230000,176000,54000,54000
053024,國巨富邦97購02  ,0,0,0,0,0,0,0,0,0,54000,0,0,0,74000,20000,54000,54000
055144,T50反1元大97購03,0,0,0,0,0,0,0,0,0,54000,0,0,0,203000,149000,54000,54000
055154,聯發科元大98購01,0,0,0,0,0,0,0,0,0,54000,0,0,0,164000,110000,54000,54000
056096,超眾元富9A購01  ,0,0,0,0,0,0,0,0,0,54000,0,0,0,95000,41000,54000,54000
055839,瑞昱元大97購04  ,0,0,0,0,0,0,0,0,0,54000,0,0,0,78000,24000,54000,54000
055933,欣興群益98購02  ,0,0,0,0,0,0,0,0,0,54000,0,0,0,160000,106000,54000,54000
054253,宏達電元大97購03,0,0,0,0,0,0,0,0,0,54000,0,0,0,84000,30000,54000,54000
053876,可成永昌98購01  ,0,0,0,0,0,0,0,0,0,54000,0,0,0,454000,400000,54000,54000
06613P,華新科富邦9A售03,0,0,0,0,0,0,0,0,0,54000,0,0,0,149000,95000,54000,54000
1711,永光            ,57000,3000,54000,0,0,0,0,0,0,0,0,0,0,0,0,0,54000
2206,三陽工業        ,130000,76000,54000,0,0,0,0,0,0,0,0,0,0,0,0,0,54000
057227,台積電凱基98購15,0,0,0,0,0,0,0,0,0,53000,0,0,0,53000,0,53000,53000
057179,可成元大98購04  ,0,0,0,0,0,0,0,0,0,53000,0,0,0,223000,170000,53000,53000
052722,群創統一97購02  ,0,0,0,0,0,0,0,0,0,53000,0,0,0,60000,7000,53000,53000
05247P,上銀群益95售01  ,0,0,0,0,0,0,0,0,0,53000,0,0,0,53000,0,53000,53000
05416P,喬山永豐95售04  ,0,1000,-1000,0,0,0,0,0,0,54000,0,0,0,74000,20000,54000,53000
053509,華新群益98購01  ,0,0,0,0,0,0,0,0,0,53000,0,0,0,53000,0,53000,53000
053573,臺股指統一99購01,0,0,0,0,0,0,0,0,0,53000,0,0,0,57000,4000,53000,53000
054349,同欣電國票97購02,0,0,0,0,0,0,0,0,0,53000,0,0,0,53000,0,53000,53000
054533,泰碩國泰98購01  ,0,0,0,0,0,0,0,0,0,53000,0,0,0,261000,208000,53000,53000
054798,超眾群益97購01  ,0,0,0,0,0,0,0,0,0,53000,0,0,0,64000,11000,53000,53000
055503,健策元大98購05  ,0,0,0,0,0,0,0,0,0,53000,0,0,0,395000,342000,53000,53000
055432,臻鼎群益97購02  ,0,0,0,0,0,0,0,0,0,53000,0,0,0,183000,130000,53000,53000
2453,凌群            ,58000,5000,53000,0,0,0,0,0,0,0,0,0,0,0,0,0,53000
2501,國建            ,100000,47000,53000,0,0,0,0,0,0,0,0,0,0,0,0,0,53000
06242P,大立光元富9A售02,0,0,0,0,0,0,0,0,0,53000,0,0,0,87000,34000,53000,53000
06389P,聯發科兆豐97售01,0,0,0,0,0,0,0,0,0,53000,0,0,0,63000,10000,53000,53000
8104,錸寶            ,85000,32000,53000,0,0,0,0,0,0,0,0,0,0,0,0,0,53000
2347,聯強            ,2381000,2427145,-46145,0,0,0,0,0,0,99000,0,6000,-6000,105000,0,105000,52855
00850,元大臺灣ESG永續 ,0,4500,-4500,0,0,0,0,0,0,57000,0,0,0,539000,482000,57000,52500
05804P,美律永豐96售01  ,0,0,0,0,0,0,0,0,0,52000,0,0,0,52000,0,52000,52000
05957P,友達國票97售04  ,0,0,0,0,0,0,0,0,0,52000,0,0,0,200000,148000,52000,52000
049255,旺宏元大97購02  ,0,0,0,0,0,0,0,0,0,52000,0,0,0,52000,0,52000,52000
044965,大立光中信95購01,0,0,0,0,0,0,0,0,0,52000,0,0,0,57000,5000,52000,52000
047674,群創元富96購02  ,0,0,0,0,0,0,0,0,0,52000,0,0,0,52000,0,52000,52000
05134P,鴻海凱基96售06  ,0,0,0,0,0,0,0,0,0,52000,0,0,0,154000,102000,52000,52000
050972,台虹永豐95購01  ,0,0,0,0,0,0,0,0,0,52000,0,0,0,67000,15000,52000,52000
053472,漢唐元大96購02  ,0,0,0,0,0,0,0,0,0,52000,0,0,0,52000,0,52000,52000
054918,華新科凱基98購02,0,0,0,0,0,0,0,0,0,52000,0,0,0,371000,319000,52000,52000
055661,亞德客中信98購01,0,0,0,0,0,0,0,0,0,52000,0,0,0,52000,0,52000,52000
053719,可成凱基96購08  ,0,0,0,0,0,0,0,0,0,52000,0,0,0,80000,28000,52000,52000
2505,國揚            ,117000,67000,50000,0,0,0,0,0,0,2000,2000,0,2000,0,0,0,52000
1225,福懋油          ,64000,12000,52000,0,0,0,0,0,0,0,0,0,0,0,0,0,52000
06358P,力成中信97售02  ,0,0,0,0,0,0,0,0,0,52000,0,0,0,152000,100000,52000,52000
057416,T50反1凱基9C購01,0,0,0,0,0,0,0,0,0,51000,0,0,0,55000,4000,51000,51000
056941,台郡元富9B購01  ,0,0,0,0,0,0,0,0,0,51000,0,0,0,97000,46000,51000,51000
056848,泰鼎元富98購01  ,0,0,0,0,0,0,0,0,0,51000,0,0,0,290000,239000,51000,51000
047917,台積電凱基94購01,0,0,0,0,0,0,0,0,0,51000,0,0,0,51000,0,51000,51000
049004,聯發科中信96購01,0,0,0,0,0,0,0,0,0,51000,0,0,0,61000,10000,51000,51000
048888,牧德元富94購02  ,0,0,0,0,0,0,0,0,0,51000,0,0,0,61000,10000,51000,51000
048675,台達電國泰94購02,0,0,0,0,0,0,0,0,0,51000,0,0,0,51000,0,51000,51000
04383P,泰鼎國泰95售01  ,0,0,0,0,0,0,0,0,0,51000,0,0,0,170000,119000,51000,51000
046937,聯電元大99購01  ,0,0,0,0,0,0,0,0,0,51000,0,0,0,82000,31000,51000,51000
053139,滬深2X永豐98購01,0,0,0,0,0,0,0,0,0,51000,0,0,0,51000,0,51000,51000
052994,群創台新99購01  ,0,0,0,0,0,0,0,0,0,51000,0,0,0,61000,10000,51000,51000
050988,廣達富邦95購01  ,0,0,0,0,0,0,0,0,0,51000,0,0,0,64000,13000,51000,51000
053910,嘉聯益凱基98購01,0,0,0,0,0,0,0,0,0,51000,0,0,0,51000,0,51000,51000
054426,國泰金富邦97購02,0,0,0,0,0,0,0,0,0,51000,0,0,0,51000,0,51000,51000
055082,台郡中信97購01  ,0,0,0,0,0,0,0,0,0,51000,0,0,0,95000,44000,51000,51000
2488,漢平            ,70000,19000,51000,0,0,0,0,0,0,0,0,0,0,0,0,0,51000
2108,南帝            ,101000,50000,51000,0,0,0,0,0,0,0,0,0,0,0,0,0,51000
056817,國巨永豐98購04  ,0,0,0,0,0,0,0,0,0,50000,0,0,0,50000,0,50000,50000
056795,鴻海麥證98購01  ,0,0,0,70000,20000,50000,0,0,0,50000,0,0,0,70000,20000,50000,50000
056936,禾伸堂元富98購01,0,0,0,0,0,0,0,0,0,50000,0,0,0,100000,50000,50000,50000
056691,元油2X群益9B購01,0,0,0,0,0,0,0,0,0,50000,0,0,0,60000,10000,50000,50000
056541,智原凱基98購03  ,0,0,0,0,0,0,0,0,0,50000,0,0,0,50000,0,50000,50000
057457,華邦電富邦98購01,0,0,0,0,0,0,0,0,0,50000,0,0,0,60000,10000,50000,50000
057440,台積電統一98購10,0,0,0,0,0,0,0,0,0,50000,0,0,0,60000,10000,50000,50000
057495,牧德元大99購04  ,0,0,0,0,0,0,0,0,0,50000,0,0,0,69000,19000,50000,50000
057812,友達元大9A購05  ,0,0,0,0,0,0,0,0,0,50000,0,0,0,50000,0,50000,50000
057858,T50正2康和98購01,0,0,0,0,0,0,0,0,0,50000,0,0,0,50000,0,50000,50000
058025,聯茂國泰99購01  ,0,0,0,0,0,0,0,0,0,50000,0,0,0,50000,0,50000,50000
058166,鴻海凱基9A購01  ,0,0,0,0,0,0,0,0,0,50000,0,0,0,54000,4000,50000,50000
047206,元金2X國泰94購01,0,0,0,0,0,0,0,0,0,50000,0,0,0,50000,0,50000,50000
047156,群創國票94購01  ,0,0,0,0,0,0,0,0,0,50000,0,0,0,50000,0,50000,50000
04228P,貿聯永豐93售03  ,0,0,0,0,0,0,0,0,0,50000,0,0,0,50000,0,50000,50000
041427,滬深2X國票93購01,0,0,0,0,0,0,0,0,0,50000,0,0,0,100000,50000,50000,50000
04014P,聯發科元大93售18,0,0,0,0,0,0,0,0,0,50000,0,0,0,50000,0,50000,50000
03576P,台灣50元富06售01,0,0,0,0,0,0,0,0,0,50000,0,0,0,370000,320000,50000,50000
0055,元大MSCI金融    ,1000,1000,0,0,0,0,0,0,0,50000,0,0,0,50000,0,50000,50000
049283,滬深2X中信95購10,0,0,0,0,0,0,0,0,0,50000,0,0,0,50000,0,50000,50000
049294,南亞科群益94購01,0,0,0,0,0,0,0,0,0,50000,0,0,0,50000,0,50000,50000
049228,台塑富邦94購01  ,0,0,0,0,0,0,0,0,0,50000,0,0,0,70000,20000,50000,50000
049164,滬深2X日盛94購01,0,0,0,0,0,0,0,0,0,50000,0,0,0,50000,0,50000,50000
049166,元油2X凱基97購02,0,0,0,0,0,0,0,0,0,50000,0,0,0,60000,10000,50000,50000
049147,美律元大94購02  ,0,0,0,0,0,0,0,0,0,50000,0,0,0,50000,0,50000,50000
047469,華通中信93購01  ,0,0,0,0,0,0,0,0,0,50000,0,0,0,50000,0,50000,50000
045308,泰鼎元大93購02  ,0,0,0,0,0,0,0,0,0,50000,0,0,0,50000,0,50000,50000
048834,牧德凱基94購01  ,0,0,0,0,0,0,0,0,0,50000,0,0,0,58000,8000,50000,50000
049104,元油2X富邦97購02,0,0,0,0,0,0,0,0,0,50000,0,0,0,50000,0,50000,50000
04856P,光磊元富94售01  ,0,0,0,0,0,0,0,0,0,50000,0,0,0,50000,0,50000,50000
048564,智易元大94購01  ,0,0,0,0,0,0,0,0,0,50000,0,0,0,50000,0,50000,50000
049516,光罩國票94購02  ,0,0,0,0,0,0,0,0,0,50000,0,0,0,50000,0,50000,50000
047678,景碩台新93購01  ,0,0,0,0,0,0,0,0,0,50000,0,0,0,50000,0,50000,50000
047766,聯發科元大93購19,0,0,0,0,0,0,0,0,0,50000,0,0,0,50000,0,50000,50000
047993,鑽全元大96購01  ,0,0,0,0,0,0,0,0,0,50000,0,0,0,50000,0,50000,50000
047995,台達電元大96購01,0,0,0,0,0,0,0,0,0,50000,0,0,0,50000,0,50000,50000
050255,GIS富邦95購01   ,0,0,0,0,0,0,0,0,0,50000,0,0,0,50000,0,50000,50000
05024P,華通國票96售01  ,0,0,0,0,0,0,0,0,0,50000,0,0,0,50000,0,50000,50000
051515,聯發科凱基95購10,0,0,0,0,0,0,0,0,0,50000,0,0,0,50000,0,50000,50000
051527,台郡凱基95購03  ,0,0,0,0,0,0,0,0,0,50000,0,0,0,50000,0,50000,50000
051461,聯詠國泰96購01  ,0,0,0,0,0,0,0,0,0,50000,0,0,0,50000,0,50000,50000
050765,鴻海元大96購02  ,0,0,0,0,0,0,0,0,0,50000,0,0,0,489000,439000,50000,50000
050766,燿華元大96購02  ,0,0,0,0,0,0,0,0,0,50000,0,0,0,50000,0,50000,50000
050736,台積電康和94購01,0,0,0,0,0,0,0,0,0,50000,0,0,0,50000,0,50000,50000
050526,貿聯元大95購01  ,0,0,0,0,0,0,0,0,0,50000,0,0,0,60000,10000,50000,50000
050559,聯發科統一94購10,0,0,0,0,0,0,0,0,0,50000,0,0,0,130000,80000,50000,50000
052726,鴻海元富96購03  ,0,0,0,0,0,0,0,0,0,50000,0,0,0,300000,250000,50000,50000
05260P,和碩元富95售02  ,0,0,0,0,0,0,0,0,0,50000,0,0,0,50000,0,50000,50000
050674,瑞昱富邦94購02  ,0,0,0,0,0,0,0,0,0,50000,0,0,0,50000,0,50000,50000
050631,矽創亞東94購01  ,0,0,0,0,0,0,0,0,0,50000,0,0,0,50000,0,50000,50000
052897,緯創群益96購03  ,0,0,0,0,0,0,0,0,0,50000,0,0,0,61000,11000,50000,50000
050391,大立光統一94購07,0,0,0,0,0,0,0,0,0,50000,0,0,0,50000,0,50000,50000
052355,為升永豐95購02  ,0,0,0,0,0,0,0,0,0,50000,0,0,0,60000,10000,50000,50000
050098,嘉聯益國泰95購02,0,0,0,0,0,0,0,0,0,50000,0,0,0,50000,0,50000,50000
050063,聯發科凱基94購09,0,0,0,0,0,0,0,0,0,50000,0,0,0,50000,0,50000,50000
049996,元油2X永豐94購05,0,0,0,0,0,0,0,0,0,50000,0,0,0,150000,100000,50000,50000
050446,鴻海元大94購22  ,0,0,0,0,0,0,0,0,0,50000,0,0,0,50000,0,50000,50000
050149,東元群益94購01  ,0,0,0,0,0,0,0,0,0,50000,0,0,0,50000,0,50000,50000
051545,裕隆康和95購01  ,0,0,0,0,0,0,0,0,0,50000,0,0,0,50000,0,50000,50000
051671,和鑫元大96購02  ,0,0,0,0,0,0,0,0,0,50000,0,0,0,50000,0,50000,50000
052543,聯詠元富95購01  ,0,0,0,0,0,0,0,0,0,50000,0,0,0,50000,0,50000,50000
052531,台積電國泰96購06,0,0,0,0,0,0,0,0,0,50000,0,0,0,50000,0,50000,50000
051850,臻鼎中信96購01  ,0,0,0,0,0,0,0,0,0,50000,0,0,0,100000,50000,50000,50000
051853,京元電亞東95購01,0,0,0,0,0,0,0,0,0,50000,0,0,0,50000,0,50000,50000
050329,超眾永豐94購03  ,0,0,0,0,0,0,0,0,0,50000,0,0,0,50000,0,50000,50000
050341,光寶科元富94購01,0,0,0,0,0,0,0,0,0,50000,0,0,0,60000,10000,50000,50000
052103,台積電兆豐95購06,0,0,0,0,0,0,0,0,0,50000,0,0,0,50000,0,50000,50000
052059,臺股指凱基95購17,0,0,0,0,0,0,0,0,0,50000,0,0,0,50000,0,50000,50000
052022,南電永豐95購03  ,0,0,0,0,0,0,0,0,0,50000,0,0,0,250000,200000,50000,50000
055072,康友永豐97購02  ,0,0,0,0,0,0,0,0,0,50000,0,0,0,50000,0,50000,50000
054986,藍天元富97購01  ,0,0,0,0,0,0,0,0,0,50000,0,0,0,50000,0,50000,50000
054987,凱美元富97購01  ,0,0,0,0,0,0,0,0,0,50000,0,0,0,50000,0,50000,50000
055422,康控永豐97購01  ,0,0,0,0,0,0,0,0,0,50000,0,0,0,70000,20000,50000,50000
055373,聯詠元大97購03  ,0,0,0,0,0,0,0,0,0,50000,0,0,0,100000,50000,50000,50000
055212,和大凱基97購02  ,0,0,0,0,0,0,0,0,0,50000,0,0,0,50000,0,50000,50000
055678,上銀凱基97購02  ,0,0,0,0,0,0,0,0,0,50000,0,0,0,50000,0,50000,50000
05558P,鴻海麥證96售01  ,0,0,0,134000,10000,124000,0,0,0,50000,0,0,0,134000,84000,50000,50000
055717,聯發科元大97購19,0,0,0,0,0,0,0,0,0,50000,0,0,0,50000,0,50000,50000
056102,億光永豐97購02  ,0,0,0,0,0,0,0,0,0,50000,0,0,0,50000,0,50000,50000
056028,GIS群益97購02   ,0,0,0,0,0,0,0,0,0,50000,0,0,0,70000,20000,50000,50000
054357,可成兆豐97購02  ,0,0,0,0,0,0,0,0,0,50000,0,0,0,50000,0,50000,50000
054199,大立光永昌96購07,0,0,0,0,0,0,0,0,0,50000,0,0,0,50000,0,50000,50000
054720,禾伸堂永豐97購01,0,0,0,0,0,0,0,0,0,50000,0,0,0,50000,0,50000,50000
054635,台達電中信98購01,0,0,0,0,0,0,0,0,0,50000,0,0,0,50000,0,50000,50000
053934,A50正2元富96購02,0,0,0,0,0,0,0,0,0,50000,0,0,0,50000,0,50000,50000
054023,和大康和96購01  ,0,0,0,0,0,0,0,0,0,50000,0,0,0,100000,50000,50000,50000
053709,台達電凱基96購04,0,0,0,0,0,0,0,0,0,50000,0,0,0,50000,0,50000,50000
2458,義隆            ,544000,1350000,-806000,0,0,0,709000,0,709000,147000,142000,24000,118000,61000,32000,29000,50000
2882A,國泰特          ,0,0,0,0,0,0,0,0,0,50000,50000,0,50000,0,0,0,50000
06306P,臺股指元大97售12,0,0,0,0,0,0,0,0,0,50000,0,0,0,60000,10000,50000,50000
06190P,玉晶光永豐97售05,0,0,0,0,0,0,0,0,0,50000,0,0,0,115000,65000,50000,50000
06601P,臺股指永豐98售04,0,0,0,0,0,0,0,0,0,50000,0,0,0,50000,0,50000,50000
06856P,台灣50永豐99售03,0,0,0,0,0,0,0,0,0,50000,0,0,0,65000,15000,50000,50000
3454,晶睿            ,84000,34499,49501,0,0,0,0,0,0,0,0,0,0,0,0,0,49501
058253,臺股指元大9A購17,0,0,0,0,0,0,0,0,0,49000,0,0,0,60000,11000,49000,49000
058258,世芯國泰9A購01  ,0,0,0,0,0,0,0,0,0,49000,0,0,0,428000,379000,49000,49000
05800P,台積電兆豐96售04,0,0,0,0,0,0,0,0,0,49000,0,0,0,53000,4000,49000,49000
057461,國巨永豐98購07  ,0,0,0,0,0,0,0,0,0,49000,0,0,0,134000,85000,49000,49000
056440,智邦凱基98購03  ,0,0,0,0,0,0,0,0,0,49000,0,0,0,108000,59000,49000,49000
056173,廣達元富97購01  ,0,0,0,0,0,0,0,0,0,49000,0,0,0,90000,41000,49000,49000
051373,華新亞東95購01  ,0,0,0,0,0,0,0,0,0,49000,0,0,0,50000,1000,49000,49000
050236,旺宏凱基94購06  ,0,0,0,0,0,0,0,0,0,49000,0,0,0,358000,309000,49000,49000
048762,寶齡凱基94購01  ,0,0,0,0,0,0,0,0,0,49000,0,0,0,501000,452000,49000,49000
044382,嘉聯益群益94購01,0,0,0,0,0,0,0,0,0,49000,0,0,0,59000,10000,49000,49000
052920,景碩台新96購02  ,0,0,0,0,0,0,0,0,0,49000,0,0,0,54000,5000,49000,49000
05283P,健鼎元大95售04  ,0,0,0,0,0,0,0,0,0,49000,0,0,0,63000,14000,49000,49000
052858,華通凱基97購02  ,0,0,0,0,0,0,0,0,0,49000,0,0,0,50000,1000,49000,49000
053231,奇力新康和96購01,0,0,0,0,0,0,0,0,0,49000,0,0,0,49000,0,49000,49000
050939,健鼎國票96購01  ,0,0,0,0,0,0,0,0,0,49000,0,0,0,89000,40000,49000,49000
053562,玉晶光國泰98購02,0,0,0,0,0,0,0,0,0,49000,0,0,0,468000,419000,49000,49000
054029,瀚宇博凱基96購02,0,0,0,0,0,0,0,0,0,49000,0,0,0,79000,30000,49000,49000
054783,國巨群益98購04  ,0,0,0,0,0,0,0,0,0,49000,0,0,0,163000,114000,49000,49000
054318,台虹凱基98購01  ,0,0,0,0,0,0,0,0,0,49000,0,0,0,108000,59000,49000,49000
055571,鴻海統一97購03  ,0,0,0,0,0,0,0,0,0,49000,0,0,0,49000,0,49000,49000
3030,德律            ,70000,21000,49000,0,0,0,0,0,0,0,0,0,0,0,0,0,49000
06673P,大立光群益98售01,0,0,0,0,0,0,0,0,0,49000,0,0,0,105000,56000,49000,49000
06727P,台光電元大98售05,0,0,0,0,0,0,0,0,0,49000,0,0,0,49000,0,49000,49000
06227P,大立光群益97售04,0,0,0,0,0,0,0,0,0,49000,0,0,0,64000,15000,49000,49000
1309,台達化          ,74000,25000,49000,0,0,0,0,0,0,0,0,0,0,0,0,0,49000
056264,聯發科統一98購02,0,0,0,0,0,0,0,0,0,48000,0,0,0,96000,48000,48000,48000
056475,宏達電元大99購02,0,0,0,0,0,0,0,0,0,48000,0,0,0,129000,81000,48000,48000
056738,國巨凱基9A購02  ,0,0,0,0,0,0,0,0,0,48000,0,0,0,69000,21000,48000,48000
056997,台灣50康和9A購02,0,0,0,0,0,0,0,0,0,48000,0,0,0,48000,0,48000,48000
056859,台積電群益98購02,0,0,0,0,0,0,0,0,0,48000,0,0,0,906000,858000,48000,48000
057116,鴻海日盛9A購01  ,0,0,0,0,0,0,0,0,0,48000,0,0,0,48000,0,48000,48000
057908,國泰金亞東99購01,0,0,0,0,0,0,0,0,0,48000,0,0,0,48000,0,48000,48000
058174,台積電凱基9A購05,0,0,0,0,0,0,0,0,0,48000,0,0,0,179000,131000,48000,48000
04621P,楠梓電統一94售02,0,0,0,0,0,0,0,0,0,48000,0,0,0,48000,0,48000,48000
045504,群創凱基94購01  ,0,0,0,0,0,0,0,0,0,48000,0,0,0,48000,0,48000,48000
051062,超眾群益95購02  ,0,0,0,0,0,0,0,0,0,48000,0,0,0,75000,27000,48000,48000
053180,同欣電統一96購01,0,0,0,0,0,0,0,0,0,48000,0,0,0,48000,0,48000,48000
053177,華邦電統一96購01,0,0,0,0,0,0,0,0,0,48000,0,0,0,50000,2000,48000,48000
052829,上銀群益96購01  ,0,0,0,0,0,0,0,0,0,48000,0,0,0,103000,55000,48000,48000
051729,華新國票96購01  ,0,0,0,0,0,0,0,0,0,48000,0,0,0,48000,0,48000,48000
055566,台表科凱基97購03,0,0,0,0,0,0,0,0,0,48000,0,0,0,68000,20000,48000,48000
055753,貿聯第一98購01  ,0,0,0,0,0,0,0,0,0,48000,0,0,0,58000,10000,48000,48000
056007,上銀中信97購02  ,0,0,0,0,0,0,0,0,0,48000,0,0,0,98000,50000,48000,48000
055994,聯發科國泰99購02,0,0,0,0,0,0,0,0,0,48000,0,0,0,135000,87000,48000,48000
056090,康舒統一97購01  ,0,0,0,0,0,0,0,0,0,48000,0,0,0,48000,0,48000,48000
055974,上銀統一97購05  ,0,0,0,0,0,0,0,0,0,48000,0,0,0,96000,48000,48000,48000
055393,華新科統一97購03,0,0,0,0,0,0,0,0,0,48000,0,0,0,48000,0,48000,48000
054960,新日興元大97購02,0,0,0,0,0,0,0,0,0,48000,0,0,0,58000,10000,48000,48000
054630,聯鈞凱基98購01  ,0,0,0,0,0,0,0,0,0,48000,0,0,0,189000,141000,48000,48000
05468P,鴻海元大96售14  ,0,0,0,0,0,0,0,0,0,48000,0,0,0,358000,310000,48000,48000
053643,漢唐國票97購02  ,0,55000,-55000,0,0,0,0,0,0,103000,0,0,0,103000,0,103000,48000
053661,嘉澤凱基97購01  ,0,0,0,0,0,0,0,0,0,48000,0,0,0,170000,122000,48000,48000
1720,生達            ,119000,71000,48000,0,0,0,0,0,0,0,0,0,0,0,0,0,48000
1527,鑽全            ,164000,116000,48000,0,0,0,0,0,0,0,0,0,0,0,0,0,48000
058144,聯茂元大99購02  ,0,0,0,0,0,0,0,0,0,47000,0,0,0,60000,13000,47000,47000
058004,大立光群益98購03,0,0,0,0,0,0,0,0,0,47000,0,0,0,50000,3000,47000,47000
05982P,漢唐國票96售03  ,0,0,0,0,0,0,0,0,0,47000,0,0,0,47000,0,47000,47000
05924P,超眾元富96售04  ,0,0,0,0,0,0,0,0,0,47000,0,0,0,117000,70000,47000,47000
06023P,超眾國票96售03  ,0,0,0,0,0,0,0,0,0,47000,0,0,0,64000,17000,47000,47000
057761,聯發科凱基99購04,0,0,0,0,0,0,0,0,0,47000,0,0,0,84000,37000,47000,47000
057145,上銀國票98購03  ,0,0,0,0,0,0,0,0,0,47000,0,0,0,47000,0,47000,47000
056977,國巨群益9A購01  ,0,0,0,0,0,0,0,0,0,47000,0,0,0,198000,151000,47000,47000
046914,友達台新96購01  ,0,0,0,0,0,0,0,0,0,47000,0,0,0,52000,5000,47000,47000
04721P,正崴凱基94售02  ,0,0,0,0,0,0,0,0,0,47000,0,0,0,47000,0,47000,47000
048402,聯茂兆豐95購01  ,0,0,0,0,0,0,0,0,0,47000,0,0,0,47000,0,47000,47000
051127,同欣電群益95購01,0,0,0,0,0,0,0,0,0,47000,0,0,0,151000,104000,47000,47000
052077,可成元富98購02  ,0,0,0,0,0,0,0,0,0,47000,0,0,0,57000,10000,47000,47000
051942,寶成群益95購01  ,0,0,0,0,0,0,0,0,0,47000,0,0,0,47000,0,47000,47000
051938,旭富群益95購01  ,0,0,0,0,0,0,0,0,0,47000,0,0,0,143000,96000,47000,47000
053012,國巨統一96購03  ,0,0,0,0,0,0,0,0,0,47000,0,0,0,47000,0,47000,47000
053269,同欣電群益96購01,0,0,0,0,0,0,0,0,0,47000,0,0,0,136000,89000,47000,47000
05276P,GIS永豐95售02   ,0,0,0,0,0,0,0,0,0,47000,0,0,0,47000,0,47000,47000
05055P,台表科群益95售01,0,0,0,0,0,0,0,0,0,47000,0,0,0,47000,0,47000,47000
053491,鴻海兆豐97購02  ,0,0,0,0,0,0,0,0,0,47000,0,0,0,47000,0,47000,47000
055965,泰鼎元大97購03  ,0,0,0,0,0,0,0,0,0,47000,0,0,0,158000,111000,47000,47000
05569P,漢唐統一97售01  ,0,0,0,0,0,0,0,0,0,47000,0,0,0,47000,0,47000,47000
055764,臺股指群益97購02,0,0,0,0,0,0,0,0,0,47000,0,0,0,47000,0,47000,47000
06179P,國巨群益97售04  ,0,0,0,0,0,0,0,0,0,47000,0,0,0,82000,35000,47000,47000
06245P,健策元富97售03  ,0,0,0,0,0,0,0,0,0,47000,0,0,0,50000,3000,47000,47000
06534P,聯發科群益98售04,0,0,0,0,0,0,0,0,0,47000,0,0,0,53000,6000,47000,47000
3588,通嘉            ,63000,16000,47000,0,0,0,0,0,0,0,0,0,0,0,0,0,47000
057091,華新科元富9A購01,0,0,0,0,0,0,0,0,0,46000,0,0,0,101000,55000,46000,46000
056239,宏達電群益98購01,0,0,0,0,0,0,0,0,0,46000,0,0,0,92000,46000,46000,46000
056198,台光電永豐97購02,0,0,0,0,0,0,0,0,0,46000,0,0,0,76000,30000,46000,46000
057776,京元電群益98購02,0,0,0,0,0,0,0,0,0,46000,0,0,0,56000,10000,46000,46000
057956,全新元大99購04  ,0,0,0,0,0,0,0,0,0,46000,0,0,0,63000,17000,46000,46000
057475,聯電元大9A購01  ,0,0,0,0,0,0,0,0,0,46000,0,0,0,231000,185000,46000,46000
058109,台灣50元富9B購01,0,0,0,0,0,0,0,0,0,46000,0,0,0,66000,20000,46000,46000
047625,友達國票94購01  ,0,0,0,0,0,0,0,0,0,46000,0,0,0,46000,0,46000,46000
047636,台達電元大93購03,0,0,0,0,0,0,0,0,0,46000,0,0,0,46000,0,46000,46000
049347,群創統一95購01  ,0,0,0,0,0,0,0,0,0,46000,0,0,0,46000,0,46000,46000
04462P,全新元富96售01  ,0,0,0,0,0,0,0,0,0,46000,0,0,0,46000,0,46000,46000
03026X,元展23          ,0,0,0,0,0,0,0,0,0,46000,0,0,0,46000,0,46000,46000
046240,中鋼中信94購01  ,0,0,0,0,0,0,0,0,0,46000,0,0,0,84000,38000,46000,46000
052597,茂林群益96購01  ,0,0,0,0,0,0,0,0,0,46000,0,0,0,430000,384000,46000,46000
053307,泰碩凱基97購01  ,0,0,0,0,0,0,0,0,0,46000,0,0,0,322000,276000,46000,46000
055613,全新國票98購01  ,0,0,0,0,0,0,0,0,0,46000,0,0,0,87000,41000,46000,46000
054884,友達統一99購01  ,0,0,0,0,0,0,0,0,0,46000,0,0,0,60000,14000,46000,46000
055416,欣興富邦98購01  ,0,0,0,0,0,0,0,0,0,46000,0,0,0,100000,54000,46000,46000
3583,辛耘            ,64000,18000,46000,0,0,0,0,0,0,0,0,0,0,0,0,0,46000
06475P,牧德永豐98售03  ,0,0,0,0,0,0,0,0,0,46000,0,0,0,46000,0,46000,46000
06398P,禾伸堂凱基97售02,0,0,0,0,0,0,0,0,0,46000,0,0,0,46000,0,46000,46000
058021,牧德凱基98購02  ,0,0,0,0,0,0,0,0,0,45000,0,0,0,61000,16000,45000,45000
057979,華新科永豐98購03,0,0,0,0,0,0,0,0,0,45000,0,0,0,70000,25000,45000,45000
058029,台灣50永豐9A購01,0,0,0,0,0,0,0,0,0,45000,0,0,0,45000,0,45000,45000
056671,台灣50元富9A購01,0,340000,-340000,0,0,0,0,0,0,385000,0,0,0,516000,131000,385000,45000
057106,美律群益98購03  ,0,0,0,0,0,0,0,0,0,45000,0,0,0,53000,8000,45000,45000
057271,國巨元大98購17  ,0,0,0,0,0,0,0,0,0,45000,0,0,0,45000,0,45000,45000
057315,台灣50康和9A購03,0,0,0,0,0,0,0,0,0,45000,0,0,0,45000,0,45000,45000
056854,友達中信9A購01  ,0,0,0,0,0,0,0,0,0,45000,0,0,0,45000,0,45000,45000
00728,第一金工業30    ,0,0,0,0,0,0,0,0,0,45000,0,0,0,650000,605000,45000,45000
042997,新光鋼元大94購01,0,0,0,0,0,0,0,0,0,45000,0,0,0,45000,0,45000,45000
046869,聯發科統一95購01,0,0,0,0,0,0,0,0,0,45000,0,0,0,73000,28000,45000,45000
048923,國巨永豐94購02  ,0,0,0,0,0,0,0,0,0,45000,0,0,0,53000,8000,45000,45000
047687,元金2X富邦96購01,0,0,0,0,0,0,0,0,0,45000,0,0,0,45000,0,45000,45000
052683,鴻海元大97購03  ,0,0,0,0,0,0,0,0,0,45000,0,0,0,45000,0,45000,45000
051858,上銀凱基95購01  ,0,0,0,0,0,0,0,0,0,45000,0,0,0,108000,63000,45000,45000
051634,大立光國票96購03,0,0,0,0,0,0,0,0,0,45000,0,0,0,45000,0,45000,45000
050436,大立光凱基94購18,0,0,0,0,0,0,0,0,0,45000,0,0,0,45000,0,45000,45000
055283,聯發科元大97購16,0,0,0,0,0,0,0,0,0,45000,0,0,0,227000,182000,45000,45000
055355,大立光凱基97購05,0,0,0,0,0,0,0,0,0,45000,0,0,0,45000,0,45000,45000
055593,華新科元大97購10,0,0,0,0,0,0,0,0,0,45000,0,0,0,95000,50000,45000,45000
055704,亞德客永豐97購04,0,0,0,0,0,0,0,0,0,45000,0,0,0,50000,5000,45000,45000
056125,旺宏國票98購02  ,0,0,0,0,0,0,0,0,0,45000,0,0,0,86000,41000,45000,45000
053635,技嘉永豐96購01  ,0,0,0,0,0,0,0,0,0,45000,0,0,0,147000,102000,45000,45000
053580,國巨元大96購10  ,0,0,0,0,0,0,0,0,0,45000,0,0,0,269000,224000,45000,45000
05390P,康友群益95售04  ,0,0,0,0,0,0,0,0,0,45000,0,0,0,45000,0,45000,45000
06385P,聯發科永豐97售02,0,0,0,0,0,0,0,0,0,45000,0,0,0,55000,10000,45000,45000
06833P,矽力群益99售01  ,0,0,0,0,0,0,0,0,0,45000,0,0,0,147000,102000,45000,45000
9906,欣巴巴          ,52000,7000,45000,0,0,0,0,0,0,0,0,0,0,0,0,0,45000
058028,國巨富邦99購04  ,0,0,0,0,0,0,0,0,0,44000,0,0,0,44000,0,44000,44000
058122,美律國票9A購01  ,0,0,0,0,0,0,0,0,0,44000,0,0,0,74000,30000,44000,44000
05747P,漢唐群益96售03  ,0,0,0,0,0,0,0,0,0,44000,0,0,0,44000,0,44000,44000
057414,華新科日盛9A購01,0,0,0,0,0,0,0,0,0,44000,0,0,0,84000,40000,44000,44000
047675,群創元富96購03  ,0,0,0,0,0,0,0,0,0,44000,0,0,0,44000,0,44000,44000
051136,可成永豐95購02  ,0,0,0,0,0,0,0,0,0,44000,0,0,0,48000,4000,44000,44000
050177,聯發科元大94購11,0,0,0,0,0,0,0,0,0,44000,0,0,0,45000,1000,44000,44000
04293P,滬深2X元大96售02,0,0,0,0,0,0,0,0,0,44000,0,0,0,106000,62000,44000,44000
052131,台積電凱基96購01,0,0,0,0,0,0,0,0,0,44000,0,0,0,45000,1000,44000,44000
052579,亞泥元富96購01  ,0,0,0,0,0,0,0,0,0,44000,0,0,0,64000,20000,44000,44000
054095,同欣電群益98購03,0,0,0,0,0,0,0,0,0,44000,0,0,0,88000,44000,44000,44000
06841P,臺股指統一9A售02,0,0,0,0,0,0,0,0,0,44000,0,0,0,50000,6000,44000,44000
06230P,亞德客永豐97售03,0,0,0,0,0,0,0,0,0,44000,0,0,0,44000,0,44000,44000
06939P,國巨永豐98售09  ,0,0,0,0,0,0,0,0,0,44000,0,0,0,60000,16000,44000,44000
2472,立隆電          ,70000,16000,54000,0,0,0,0,0,0,-10000,0,10000,-10000,0,0,0,44000
1434,福懋            ,348076,305000,43076,0,0,0,0,0,0,0,0,0,0,0,0,0,43076
05820P,臺股指凱基96售17,0,0,0,0,0,0,0,0,0,43000,0,0,0,43000,0,43000,43000
056839,台光電元富98購02,0,0,0,0,0,0,0,0,0,43000,0,0,0,50000,7000,43000,43000
057167,台積電元大99購03,0,0,0,0,0,0,0,0,0,43000,0,0,0,68000,25000,43000,43000
049027,智易群益94購02  ,0,0,0,0,0,0,0,0,0,43000,0,0,0,43000,0,43000,43000
049410,統一凱基94購02  ,0,0,0,0,0,0,0,0,0,43000,0,0,0,43000,0,43000,43000
050780,台表科元大96購01,0,0,0,0,0,0,0,0,0,43000,0,0,0,50000,7000,43000,43000
053224,矽力凱基96購02  ,0,0,0,0,0,0,0,0,0,43000,0,0,0,92000,49000,43000,43000
053164,台光電群益96購02,0,0,0,0,0,0,0,0,0,43000,0,0,0,55000,12000,43000,43000
052901,台達電國票97購01,0,0,0,0,0,0,0,0,0,43000,0,0,0,43000,0,43000,43000
051888,國巨元富95購05  ,0,0,0,0,0,0,0,0,0,43000,0,0,0,45000,2000,43000,43000
05008P,大立光元富95售05,0,0,0,0,0,0,0,0,0,43000,0,0,0,43000,0,43000,43000
052416,滬深2X兆豐96購02,0,0,0,0,0,0,0,0,0,43000,0,0,0,43000,0,43000,43000
054594,國巨麥證97購01  ,0,0,0,142000,99000,43000,0,0,0,43000,0,0,0,142000,99000,43000,43000
055250,華新科統一97購02,0,0,0,0,0,0,0,0,0,43000,0,0,0,78000,35000,43000,43000
06597P,國巨富邦9A售05  ,0,0,0,0,0,0,0,0,0,43000,0,0,0,176000,133000,43000,43000
6443,元晶            ,57000,14000,43000,0,0,0,0,0,0,0,0,0,0,0,0,0,43000
057276,全新元大99購03  ,0,0,0,0,0,0,0,0,0,42000,0,0,0,121000,79000,42000,42000
057223,富邦金日盛99購01,0,0,0,0,0,0,0,0,0,42000,0,0,0,53000,11000,42000,42000
056469,國巨元大99購01  ,0,0,0,0,0,0,0,0,0,42000,0,0,0,135000,93000,42000,42000
056566,臻鼎群益98購01  ,0,0,0,0,0,0,0,0,0,42000,0,0,0,150000,108000,42000,42000
056252,聯發科兆豐97購03,0,0,0,0,0,0,0,0,0,42000,0,0,0,42000,0,42000,42000
05642P,玉晶光兆豐97售02,0,0,0,0,0,0,0,0,0,42000,0,0,0,92000,50000,42000,42000
049837,臺股指凱基96購02,0,0,0,0,0,0,0,0,0,42000,0,0,0,42000,0,42000,42000
04811P,上銀元大94售02  ,0,0,0,0,0,0,0,0,0,42000,0,0,0,42000,0,42000,42000
045882,滬深2X元大95購01,0,0,0,0,0,0,0,0,0,42000,0,0,0,42000,0,42000,42000
050168,緯創富邦95購01  ,0,0,0,0,0,0,0,0,0,42000,0,0,0,42000,0,42000,42000
052787,國巨中信96購02  ,0,0,0,0,0,0,0,0,0,42000,0,0,0,72000,30000,42000,42000
052963,智邦凱基96購02  ,0,0,0,0,0,0,0,0,0,42000,0,0,0,239000,197000,42000,42000
052978,貿聯麥證97購01  ,0,0,0,42000,0,42000,0,0,0,42000,0,0,0,42000,0,42000,42000
054952,大毅元大97購02  ,0,0,0,0,0,0,0,0,0,42000,0,0,0,63000,21000,42000,42000
055159,玉晶光元大98購05,0,0,0,0,0,0,0,0,0,42000,0,0,0,42000,0,42000,42000
05476P,聯發科群益95售06,0,0,0,0,0,0,0,0,0,42000,0,0,0,63000,21000,42000,42000
9940,信義            ,88000,46000,42000,0,0,0,0,0,0,0,0,0,0,0,0,0,42000
06169P,華新科元富97售02,0,0,0,0,0,0,0,0,0,42000,0,0,0,83000,41000,42000,42000
06872P,亞德客元富98售04,0,0,0,0,0,0,0,0,0,42000,0,0,0,62000,20000,42000,42000
056394,晶豪科永豐98購01,0,0,0,0,0,0,0,0,0,41000,0,0,0,41000,0,41000,41000
056251,聯發科兆豐97購02,0,0,0,0,0,0,0,0,0,41000,0,0,0,41000,0,41000,41000
057287,彩晶元大9C購03  ,0,0,0,0,0,0,0,0,0,41000,0,0,0,41000,0,41000,41000
058176,聯發科凱基99購05,0,0,0,0,0,0,0,0,0,41000,0,0,0,41000,0,41000,41000
05811P,臺股指國票96售04,0,0,0,0,0,0,0,0,0,41000,0,0,0,165000,124000,41000,41000
05768P,台積電凱基96售15,0,0,0,0,0,0,0,0,0,41000,0,0,0,239000,198000,41000,41000
049293,友訊群益95購01  ,0,0,0,0,0,0,0,0,0,41000,0,0,0,71000,30000,41000,41000
049622,聯詠群益94購02  ,0,0,0,0,0,0,0,0,0,41000,0,0,0,51000,10000,41000,41000
049457,彩晶統一94購02  ,0,0,0,0,0,0,0,0,0,41000,0,0,0,96000,55000,41000,41000
053094,聯電統一97購02  ,0,0,0,0,0,0,0,0,0,41000,0,0,0,81000,40000,41000,41000
052550,鴻海國票97購02  ,0,0,0,0,0,0,0,0,0,41000,0,0,0,190000,149000,41000,41000
051560,玉晶光國泰97購03,0,0,0,0,0,0,0,0,0,41000,0,0,0,273000,232000,41000,41000
053865,欣興元大97購02  ,0,0,0,0,0,0,0,0,0,41000,0,0,0,156000,115000,41000,41000
053922,亞光國票96購01  ,0,0,0,0,0,0,0,0,0,41000,0,0,0,71000,30000,41000,41000
053619,和碩群益96購01  ,0,0,0,0,0,0,0,0,0,41000,0,0,0,52000,11000,41000,41000
053516,茂林群益96購05  ,0,0,0,0,0,0,0,0,0,41000,0,0,0,310000,269000,41000,41000
055117,臻鼎凱基98購02  ,0,0,0,0,0,0,0,0,0,41000,0,0,0,81000,40000,41000,41000
054858,台肥群益97購01  ,0,0,0,0,0,0,0,0,0,41000,0,0,0,190000,149000,41000,41000
055255,欣興統一97購02  ,0,0,0,0,0,0,0,0,0,41000,0,0,0,120000,79000,41000,41000
055295,瀚宇博元大97購02,0,0,0,0,0,0,0,0,0,41000,0,0,0,67000,26000,41000,41000
055879,神達元富97購01  ,0,0,0,0,0,0,0,0,0,41000,0,0,0,78000,37000,41000,41000
055586,旺宏元大98購06  ,0,0,0,0,0,0,0,0,0,41000,0,0,0,51000,10000,41000,41000
1109,信大            ,92000,51000,41000,0,0,0,0,0,0,0,0,0,0,0,0,0,41000
06249P,億光統一97售02  ,0,0,0,0,0,0,0,0,0,41000,0,0,0,41000,0,41000,41000
06469P,臺股指凱基99售09,0,0,0,0,0,0,0,0,0,41000,0,0,0,193000,152000,41000,41000
057792,群創統一99購01  ,0,0,0,0,0,0,0,0,0,40000,0,0,0,40000,0,40000,40000
057314,全新麥證98購01  ,0,0,0,70000,30000,40000,0,0,0,40000,0,0,0,70000,30000,40000,40000
057104,康友中信99購01  ,0,0,0,0,0,0,0,0,0,40000,0,0,0,40000,0,40000,40000
056873,友達凱基98購07  ,0,0,0,0,0,0,0,0,0,40000,0,0,0,40000,0,40000,40000
05702P,矽創凱基96售02  ,0,0,0,0,0,0,0,0,0,40000,0,0,0,50000,10000,40000,40000
056407,嘉晶國票99購01  ,0,0,0,0,0,0,0,0,0,40000,0,0,0,73000,33000,40000,40000
056501,貿聯富邦99購01  ,0,0,0,0,0,0,0,0,0,40000,0,0,0,40000,0,40000,40000
049424,中石化兆豐94購01,0,0,0,0,0,0,0,0,0,40000,0,0,0,50000,10000,40000,40000
049762,華邦電國泰95購01,0,0,0,0,0,0,0,0,0,40000,0,0,0,40000,0,40000,40000
048736,台達電統一94購01,0,0,0,0,0,0,0,0,0,40000,0,0,0,40000,0,40000,40000
048263,台積電元富95購01,0,0,0,0,0,0,0,0,0,40000,0,0,0,40000,0,40000,40000
047726,友達群益94購02  ,0,0,0,0,0,0,0,0,0,40000,0,0,0,51000,11000,40000,40000
047940,台光電國票93購01,0,0,0,0,0,0,0,0,0,40000,0,0,0,40000,0,40000,40000
047822,臺股指凱基93購16,0,0,0,0,0,0,0,0,0,40000,0,0,0,40000,0,40000,40000
047828,華新元大93購03  ,0,0,0,0,0,0,0,0,0,40000,0,0,0,40000,0,40000,40000
047809,瑞昱凱基93購08  ,0,0,0,0,0,0,0,0,0,40000,0,0,0,60000,20000,40000,40000
051116,可成麥證95購01  ,0,0,0,40000,0,40000,0,0,0,40000,0,0,0,40000,0,40000,40000
051113,聯電元富95購01  ,0,0,0,0,0,0,0,0,0,40000,0,0,0,50000,10000,40000,40000
048696,台達電國票96購01,0,0,0,0,0,0,0,0,0,40000,0,0,0,40000,0,40000,40000
047482,新光金凱基99購03,0,0,0,0,0,0,0,0,0,40000,0,0,0,40000,0,40000,40000
045733,瑞昱國票93購01  ,0,0,0,0,0,0,0,0,0,40000,0,0,0,50000,10000,40000,40000
046257,A50正2國票94購01,0,0,0,0,0,0,0,0,0,40000,0,0,0,40000,0,40000,40000
044763,瀚宇博凱基93購01,0,0,0,0,0,0,0,0,0,40000,0,0,0,50000,10000,40000,40000
04382P,美律國泰95售01  ,0,0,0,0,0,0,0,0,0,40000,0,0,0,40000,0,40000,40000
043938,華邦電兆豐93購01,0,0,0,0,0,0,0,0,0,40000,0,0,0,40000,0,40000,40000
03085P,台積電元大01售34,0,0,0,0,0,0,0,0,0,40000,0,0,0,40000,0,40000,40000
046813,聯電凱基96購01  ,0,0,0,0,0,0,0,0,0,40000,0,0,0,50000,10000,40000,40000
03945P,欣興群益94售01  ,0,0,0,0,0,0,0,0,0,40000,0,0,0,40000,0,40000,40000
03824P,燿華元大94售01  ,0,0,0,0,0,0,0,0,0,40000,0,0,0,40000,0,40000,40000
04707P,喬山元大94售01  ,0,0,0,0,0,0,0,0,0,40000,0,0,0,58000,18000,40000,40000
044299,南電凱基93購02  ,0,0,0,0,0,0,0,0,0,40000,0,0,0,50000,10000,40000,40000
051677,達方元大95購01  ,0,0,0,0,0,0,0,0,0,40000,0,0,0,52000,12000,40000,40000
052504,鴻海日盛95購03  ,0,0,0,0,0,0,0,0,0,40000,0,0,0,40000,0,40000,40000
052090,聯發科元大97購03,0,0,0,0,0,0,0,0,0,40000,0,0,0,40000,0,40000,40000
050151,台積電群益94購12,0,0,0,0,0,0,0,0,0,40000,0,0,0,43000,3000,40000,40000
050110,京元電元大94購03,0,0,0,0,0,0,0,0,0,40000,0,0,0,40000,0,40000,40000
049937,臺股指元大94購18,0,0,0,0,0,0,0,0,0,40000,0,0,0,40000,0,40000,40000
052262,華新亞東95購02  ,0,0,0,0,0,0,0,0,0,40000,0,0,0,88000,48000,40000,40000
053117,大立光中信9A購02,0,0,0,0,0,0,0,0,0,40000,0,0,0,40000,0,40000,40000
053118,大立光中信9C購01,0,0,0,0,0,0,0,0,0,40000,0,0,0,60000,20000,40000,40000
053048,同欣電麥證96購01,0,0,0,50000,10000,40000,0,0,0,40000,0,0,0,50000,10000,40000,40000
052833,康控群益96購01  ,0,0,0,0,0,0,0,0,0,40000,0,0,0,248000,208000,40000,40000
052924,旺宏永豐96購01  ,0,0,0,0,0,0,0,0,0,40000,0,0,0,40000,0,40000,40000
053252,華邦電國泰98購01,0,0,0,0,0,0,0,0,0,40000,0,0,0,52000,12000,40000,40000
053278,禾伸堂元大96購01,0,0,0,0,0,0,0,0,0,40000,0,0,0,50000,10000,40000,40000
050755,和大元富94購01  ,0,0,0,0,0,0,0,0,0,40000,0,0,0,50000,10000,40000,40000
050525,嘉晶元大95購02  ,0,0,0,0,0,0,0,0,0,40000,0,0,0,114000,74000,40000,40000
050942,S&P正2群益95購01,0,10000,-10000,0,0,0,0,0,0,50000,0,0,0,51000,1000,50000,40000
050978,鴻海元富95購03  ,0,0,0,0,0,0,0,0,0,40000,0,0,0,40000,0,40000,40000
051310,台達電麥證95購01,0,0,0,40000,0,40000,0,0,0,40000,0,0,0,40000,0,40000,40000
055585,國巨元大98購08  ,0,0,0,0,0,0,0,0,0,40000,0,0,0,40000,0,40000,40000
055609,旺宏國票99購01  ,0,0,0,0,0,0,0,0,0,40000,0,0,0,40000,0,40000,40000
055737,開發金元富97購01,0,0,0,0,0,0,0,0,0,40000,0,0,0,40000,0,40000,40000
055884,臺股指元富97購01,0,0,0,0,0,0,0,0,0,40000,0,0,0,40000,0,40000,40000
055866,臺股指元大97購03,0,0,0,0,0,0,0,0,0,40000,0,0,0,40000,0,40000,40000
054943,群光元大97購01  ,0,0,0,0,0,0,0,0,0,40000,0,0,0,100000,60000,40000,40000
05495P,大立光統一95售07,0,0,0,0,0,0,0,0,0,40000,0,0,0,60000,20000,40000,40000
055160,玉晶光元大99購03,0,0,0,0,0,0,0,0,0,40000,0,0,0,511000,471000,40000,40000
053532,台積電永豐96購03,0,0,0,0,0,0,0,0,0,40000,0,0,0,40000,0,40000,40000
053645,臺股指國票96購08,0,0,0,0,0,0,0,0,0,40000,0,0,0,70000,30000,40000,40000
054764,亞光國票98購01  ,0,0,0,0,0,0,0,0,0,40000,0,0,0,40000,0,40000,40000
054708,華通統一97購02  ,0,0,0,0,0,0,0,0,0,40000,0,0,0,40000,0,40000,40000
054824,同欣電元大97購04,0,0,0,0,0,0,0,0,0,40000,0,0,0,53000,13000,40000,40000
054291,高鐵元大97購01  ,0,0,0,0,0,0,0,0,0,40000,0,0,0,100000,60000,40000,40000
054222,大立光統一98購03,0,0,0,0,0,0,0,0,0,40000,0,0,0,40000,0,40000,40000
054248,燿華元大97購02  ,0,0,0,0,0,0,0,0,0,40000,0,0,0,168000,128000,40000,40000
054418,茂林元大97購01  ,0,0,0,0,0,0,0,0,0,40000,0,0,0,187000,147000,40000,40000
06483P,聯發科凱基98售10,0,0,0,0,0,0,0,0,0,40000,0,0,0,40000,0,40000,40000
06702P,智邦元富98售01  ,0,0,0,0,0,0,0,0,0,40000,0,0,0,45000,5000,40000,40000
06273P,台表科凱基97售04,0,0,0,0,0,0,0,0,0,40000,0,0,0,90000,50000,40000,40000
06216P,上銀元富97售03  ,0,0,0,0,0,0,0,0,0,40000,0,0,0,40000,0,40000,40000
1104,環泥            ,93000,53000,40000,0,0,0,0,0,0,0,0,0,0,0,0,0,40000
06943P,致茂元富98售03  ,0,0,0,0,0,0,0,0,0,40000,0,0,0,50000,10000,40000,40000
1902,台紙            ,175000,135000,40000,0,0,0,0,0,0,0,0,0,0,0,0,0,40000
1592,英瑞-KY         ,46000,7000,39000,0,0,0,0,0,0,1000,1000,0,1000,0,0,0,40000
056343,高鐵凱基98購02  ,0,0,0,0,0,0,0,0,0,39000,0,0,0,107000,68000,39000,39000
057733,嘉聯益國泰99購01,0,0,0,0,0,0,0,0,0,39000,0,0,0,39000,0,39000,39000
05849P,臺股指元大96售25,0,0,0,0,0,0,0,0,0,39000,0,0,0,43000,4000,39000,39000
047245,聯發科群益94購03,0,0,0,0,0,0,0,0,0,39000,0,0,0,139000,100000,39000,39000
00743,國泰中國A150    ,20000,41000,-21000,0,0,0,0,0,0,60000,0,0,0,80000,20000,60000,39000
046650,台表科國泰94購01,0,0,0,0,0,0,0,0,0,39000,0,0,0,39000,0,39000,39000
046570,旺宏國泰94購01  ,0,0,0,0,0,0,0,0,0,39000,0,0,0,58000,19000,39000,39000
051464,彩晶國泰96購01  ,0,0,0,0,0,0,0,0,0,39000,0,0,0,51000,12000,39000,39000
048630,南亞元大93購01  ,0,0,0,0,0,0,0,0,0,39000,0,0,0,39000,0,39000,39000
050950,健鼎群益96購01  ,0,0,0,0,0,0,0,0,0,39000,0,0,0,40000,1000,39000,39000
050983,新光金國泰97購01,0,0,0,0,0,0,0,0,0,39000,0,0,0,39000,0,39000,39000
050740,旺宏永豐94購03  ,0,0,0,0,0,0,0,0,0,39000,0,0,0,39000,0,39000,39000
053282,彩晶元大9C購01  ,0,0,0,0,0,0,0,0,0,39000,0,0,0,39000,0,39000,39000
049899,台積電元富94購05,0,0,0,0,0,0,0,0,0,39000,0,0,0,39000,0,39000,39000
052114,華固中信95購01  ,0,0,0,0,0,0,0,0,0,39000,0,0,0,40000,1000,39000,39000
052530,台郡元大96購04  ,0,0,0,0,0,0,0,0,0,39000,0,0,0,114000,75000,39000,39000
054874,帆宣群益99購02  ,0,0,0,0,0,0,0,0,0,39000,0,0,0,50000,11000,39000,39000
055211,A50反1凱基9A購01,0,0,0,0,0,0,0,0,0,39000,0,0,0,214000,175000,39000,39000
2436,偉詮電          ,74000,35000,39000,0,0,0,0,0,0,0,0,0,0,0,0,0,39000
06434P,超眾群益98售02  ,0,0,0,0,0,0,0,0,0,39000,0,0,0,65000,26000,39000,39000
06748P,智邦台新98售02  ,0,0,0,0,0,0,0,0,0,39000,0,0,0,54000,15000,39000,39000
3380,明泰            ,265438,112000,153438,0,0,0,0,0,0,-115000,0,55000,-55000,0,60000,-60000,38438
05886P,華通元富96售01  ,0,0,0,0,0,0,0,0,0,38000,0,0,0,94000,56000,38000,38000
05871P,全新凱基96售04  ,0,0,0,0,0,0,0,0,0,38000,0,0,0,39000,1000,38000,38000
058052,南電元大98購02  ,0,0,0,0,0,0,0,0,0,38000,0,0,0,63000,25000,38000,38000
058248,聯茂元大99購05  ,0,0,0,0,0,0,0,0,0,38000,0,0,0,92000,54000,38000,38000
057872,旺宏元大99購06  ,0,0,0,0,0,0,0,0,0,38000,0,0,0,82000,44000,38000,38000
057593,聯發科兆豐98購03,0,0,0,0,0,0,0,0,0,38000,0,0,0,38000,0,38000,38000
056350,上銀元大98購02  ,0,0,0,0,0,0,0,0,0,38000,0,0,0,42000,4000,38000,38000
056421,鴻海統一98購08  ,0,0,0,0,0,0,0,0,0,38000,0,0,0,38000,0,38000,38000
05672P,鴻海群益96售03  ,0,0,0,0,0,0,0,0,0,38000,0,0,0,53000,15000,38000,38000
049486,旺宏元大94購08  ,0,0,0,0,0,0,0,0,0,38000,0,0,0,40000,2000,38000,38000
049343,華新科統一94購03,0,0,0,0,0,0,0,0,0,38000,0,0,0,53000,15000,38000,38000
051389,台達電兆豐95購01,0,0,0,0,0,0,0,0,0,38000,0,0,0,38000,0,38000,38000
047741,鴻海統一93購06  ,0,0,0,0,0,0,0,0,0,38000,0,0,0,114000,76000,38000,38000
051738,全新國票96購02  ,0,0,0,0,0,0,0,0,0,38000,0,0,0,60000,22000,38000,38000
050144,宏達電台新95購01,0,0,0,0,0,0,0,0,0,38000,0,0,0,38000,0,38000,38000
050393,樺漢統一94購01  ,0,0,0,0,0,0,0,0,0,38000,0,0,0,38000,0,38000,38000
052478,大立光群益95購05,0,0,0,0,0,0,0,0,0,38000,0,0,0,52000,14000,38000,38000
052494,百和中信95購02  ,0,0,0,0,0,0,0,0,0,38000,0,0,0,38000,0,38000,38000
053344,嘉晶國票97購02  ,0,0,0,0,0,0,0,0,0,38000,0,0,0,110000,72000,38000,38000
052781,瀚宇博國票97購03,0,0,0,0,0,0,0,0,0,38000,0,0,0,38000,0,38000,38000
055290,玉晶光元大98購08,0,0,0,0,0,0,0,0,0,38000,0,0,0,38000,0,38000,38000
054967,神達元大97購01  ,0,0,0,0,0,0,0,0,0,38000,0,0,0,48000,10000,38000,38000
053597,牧德元大99購01  ,0,0,0,0,0,0,0,0,0,38000,0,0,0,43000,5000,38000,38000
053913,華新國票97購01  ,0,0,0,0,0,0,0,0,0,38000,0,0,0,38000,0,38000,38000
053996,晶相光群益97購01,0,0,0,0,0,0,0,0,0,38000,0,0,0,974000,936000,38000,38000
054169,上緯控凱基98購01,0,0,0,0,0,0,0,0,0,38000,0,0,0,80000,42000,38000,38000
054018,華新台新96購01  ,0,0,0,0,0,0,0,0,0,38000,0,0,0,38000,0,38000,38000
056732,國巨凱基98購07  ,0,0,0,0,0,0,0,0,0,37000,0,0,0,68000,31000,37000,37000
056558,台達電群益98購01,0,0,0,0,0,0,0,0,0,37000,0,0,0,144000,107000,37000,37000
057347,國巨統一9A購03  ,0,0,0,0,0,0,0,0,0,37000,0,0,0,41000,4000,37000,37000
049615,香港2X群益98購01,0,0,0,0,0,0,0,0,0,37000,0,0,0,97000,60000,37000,37000
049341,旺宏統一95購01  ,0,0,0,0,0,0,0,0,0,37000,0,0,0,100000,63000,37000,37000
04880P,GIS永豐94售02   ,0,0,0,0,0,0,0,0,0,37000,0,0,0,37000,0,37000,37000
042929,台積電中信95購02,0,0,0,0,0,0,0,0,0,37000,0,0,0,47000,10000,37000,37000
047046,台積電國票94購01,0,0,0,0,0,0,0,0,0,37000,0,0,0,42000,5000,37000,37000
04003P,麗豐凱基94售03  ,0,0,0,0,0,0,0,0,0,37000,0,0,0,37000,0,37000,37000
051065,台積電國票96購01,0,0,0,0,0,0,0,0,0,37000,0,0,0,45000,8000,37000,37000
052580,高鐵元富96購01  ,0,0,0,0,0,0,0,0,0,37000,0,0,0,57000,20000,37000,37000
053330,燿華永豐96購03  ,0,0,0,0,0,0,0,0,0,37000,0,0,0,37000,0,37000,37000
053464,喬山元大96購01  ,450000,0,450000,0,0,0,0,0,0,-413000,0,0,0,45000,458000,-413000,37000
052491,泰碩國票99購01  ,0,0,0,0,0,0,0,0,0,37000,0,0,0,115000,78000,37000,37000
052159,瑞昱永豐95購01  ,0,0,0,0,0,0,0,0,0,37000,0,0,0,97000,60000,37000,37000
04999P,南電永豐95售01  ,0,0,0,0,0,0,0,0,0,37000,0,0,0,63000,26000,37000,37000
053600,同欣電元大96購04,0,0,0,0,0,0,0,0,0,37000,0,0,0,67000,30000,37000,37000
053778,旺宏元大97購03  ,0,0,0,0,0,0,0,0,0,37000,0,0,0,184000,147000,37000,37000
054360,智邦凱基96購03  ,0,0,0,0,0,0,0,0,0,37000,0,0,0,94000,57000,37000,37000
054477,聯發科中信9C購02,0,0,0,0,0,0,0,0,0,37000,0,0,0,157000,120000,37000,37000
054925,神達凱基97購01  ,0,0,0,0,0,0,0,0,0,37000,0,0,0,50000,13000,37000,37000
05525P,奇力新群益96售02,0,0,0,0,0,0,0,0,0,37000,0,0,0,50000,13000,37000,37000
4942,嘉彰            ,86000,36000,50000,0,0,0,0,0,0,-13000,0,13000,-13000,0,0,0,37000
06630P,國巨群益98售08  ,0,0,0,0,0,0,0,0,0,37000,0,0,0,65000,28000,37000,37000
1201,味全            ,291484,255000,36484,0,0,0,0,0,0,0,0,0,0,0,0,0,36484
057222,鴻海國票99購04  ,0,0,0,0,0,0,0,0,0,36000,0,0,0,36000,0,36000,36000
056721,台灣50永昌9A購01,0,0,0,0,0,0,0,0,0,36000,0,0,0,40000,4000,36000,36000
057980,聯詠永豐98購01  ,0,0,0,0,0,0,0,0,0,36000,0,0,0,56000,20000,36000,36000
03636C,元油2X元富04牛01,0,0,0,0,0,0,0,0,0,36000,0,0,0,40000,4000,36000,36000
00735,國泰臺韓科技    ,8000,0,8000,0,0,0,0,0,0,28000,0,0,0,130000,102000,28000,36000
00685L,群益臺灣加權正2 ,0,0,0,0,0,0,0,0,0,36000,0,0,0,39000,3000,36000,36000
04748P,臺股指元大94售23,0,0,0,0,0,0,0,0,0,36000,0,0,0,36000,0,36000,36000
046275,台表科凱基94購01,0,0,0,0,0,0,0,0,0,36000,0,0,0,54000,18000,36000,36000
049848,聯發科群益94購06,0,0,0,0,0,0,0,0,0,36000,0,0,0,116000,80000,36000,36000
052549,喬山國票97購01  ,0,0,0,0,0,0,0,0,0,36000,0,0,0,100000,64000,36000,36000
052126,群創國票97購01  ,0,0,0,0,0,0,0,0,0,36000,0,0,0,51000,15000,36000,36000
052669,群創群益98購06  ,0,0,0,0,0,0,0,0,0,36000,0,0,0,96000,60000,36000,36000
050797,聯發科中信99購01,0,0,0,0,0,0,0,0,0,36000,0,0,0,39000,3000,36000,36000
050895,聯發科元大97購01,0,0,0,0,0,0,0,0,0,36000,0,0,0,52000,16000,36000,36000
054862,群光群益97購01  ,0,0,0,0,0,0,0,0,0,36000,0,0,0,36000,0,36000,36000
053642,瀚宇博永豐96購01,0,0,0,0,0,0,0,0,0,36000,0,0,0,55000,19000,36000,36000
053862,南亞科元大97購02,0,0,0,0,0,0,0,0,0,36000,0,0,0,36000,0,36000,36000
06373P,聯發科元大97售22,0,0,0,0,0,0,0,0,0,36000,0,0,0,754000,718000,36000,36000
4746,台耀            ,145000,110075,34925,0,0,0,0,0,0,1000,5000,4000,1000,0,0,0,35925
057685,台灣50凱基9C購01,0,0,0,0,0,0,0,0,0,35000,0,0,0,66000,31000,35000,35000
057454,上銀國泰99購02  ,0,0,0,0,0,0,0,0,0,35000,0,0,0,35000,0,35000,35000
057839,台積電富邦9A購02,0,0,0,0,0,0,0,0,0,35000,0,0,0,50000,15000,35000,35000
056502,A50正2永豐98購01,0,0,0,0,0,0,0,0,0,35000,0,0,0,196000,161000,35000,35000
056207,茂林永豐97購03  ,0,0,0,0,0,0,0,0,0,35000,0,0,0,35000,0,35000,35000
056146,台虹元大98購01  ,0,0,0,0,0,0,0,0,0,35000,0,0,0,61000,26000,35000,35000
057192,力成元大98購01  ,0,0,0,0,0,0,0,0,0,35000,0,0,0,35000,0,35000,35000
056824,元石油富邦9B購01,0,0,0,0,0,0,0,0,0,35000,0,0,0,50000,15000,35000,35000
048495,南亞科元大93購04,0,0,0,0,0,0,0,0,0,35000,0,0,0,35000,0,35000,35000
049716,台積電凱基94購24,0,0,0,0,0,0,0,0,0,35000,0,0,0,45000,10000,35000,35000
048153,台積電兆豐94購01,0,0,0,0,0,0,0,0,0,35000,0,0,0,85000,50000,35000,35000
051404,牧德永豐96購01  ,0,0,0,0,0,0,0,0,0,35000,0,0,0,41000,6000,35000,35000
043513,台灣50元大96購05,0,0,0,0,0,0,0,0,0,35000,0,0,0,40000,5000,35000,35000
03629C,元油2X元富98牛06,0,0,0,0,0,0,0,0,0,35000,0,0,0,35000,0,35000,35000
044364,超眾中信94購01  ,0,0,0,0,0,0,0,0,0,35000,0,0,0,35000,0,35000,35000
052642,滬深2X永豐96購03,0,0,0,0,0,0,0,0,0,35000,0,0,0,45000,10000,35000,35000
052577,台積電統一96購01,0,0,0,0,0,0,0,0,0,35000,0,0,0,35000,0,35000,35000
050692,鴻海凱基96購04  ,0,0,0,0,0,0,0,0,0,35000,0,0,0,38000,3000,35000,35000
053460,緯穎國泰97購01  ,0,0,0,0,0,0,0,0,0,35000,0,0,0,45000,10000,35000,35000
053251,世紀鋼國票97購02,0,0,0,0,0,0,0,0,0,35000,0,0,0,35000,0,35000,35000
052845,旺宏統一97購01  ,0,0,0,0,0,0,0,0,0,35000,0,0,0,35000,0,35000,35000
052806,玉晶光元大98購04,0,0,0,0,0,0,0,0,0,35000,0,0,0,209000,174000,35000,35000
053120,復盛中信9A購01  ,0,0,0,0,0,0,0,0,0,35000,0,0,0,75000,40000,35000,35000
053013,台積電統一97購01,0,0,0,0,0,0,0,0,0,35000,0,0,0,39000,4000,35000,35000
052109,可成元富95購01  ,0,0,0,0,0,0,0,0,0,35000,0,0,0,35000,0,35000,35000
051624,智邦麥證95購02  ,0,0,0,103000,25000,78000,0,0,0,35000,0,0,0,103000,68000,35000,35000
050035,聯茂元大94購07  ,0,0,0,0,0,0,0,0,0,35000,0,0,0,35000,0,35000,35000
049883,台表科永豐94購02,0,0,0,0,0,0,0,0,0,35000,0,0,0,35000,0,35000,35000
051778,全新群益95購01  ,0,0,0,0,0,0,0,0,0,35000,0,0,0,35000,0,35000,35000
053949,康控富邦9A購01  ,0,0,0,0,0,0,0,0,0,35000,0,0,0,39000,4000,35000,35000
054527,國巨統一97購03  ,0,0,0,0,0,0,0,0,0,35000,0,0,0,35000,0,35000,35000
054558,劍麟群益99購01  ,0,0,0,0,0,0,0,0,0,35000,0,0,0,85000,50000,35000,35000
055542,亞德客凱基97購01,0,0,0,0,0,0,0,0,0,35000,0,0,0,35000,0,35000,35000
6283,淳安            ,51000,21000,30000,0,0,0,0,0,0,5000,5000,0,5000,0,0,0,35000
6412,群電            ,313000,274000,39000,0,0,0,0,0,0,-4000,0,3000,-3000,0,1000,-1000,35000
06323P,台郡統一97售01  ,0,0,0,0,0,0,0,0,0,35000,0,0,0,150000,115000,35000,35000
06524P,臺股指麥證98售02,0,0,0,50000,15000,35000,0,0,0,35000,0,0,0,50000,15000,35000,35000
1731,美吾華          ,76000,41000,35000,0,0,0,0,0,0,0,0,0,0,0,0,0,35000
1457,宜進            ,38000,3000,35000,0,0,0,0,0,0,0,0,0,0,0,0,0,35000
05707P,中磊永豐96售01  ,0,0,0,0,0,0,0,0,0,34000,0,0,0,34000,0,34000,34000
05721P,全新群益98售02  ,0,0,0,0,0,0,0,0,0,34000,0,0,0,34000,0,34000,34000
056715,瀚宇博永豐98購01,0,0,0,0,0,0,0,0,0,34000,0,0,0,90000,56000,34000,34000
056617,美律永豐98購01  ,0,0,0,0,0,0,0,0,0,34000,0,0,0,34000,0,34000,34000
057809,英業達元大98購01,0,0,0,0,0,0,0,0,0,34000,0,0,0,34000,0,34000,34000
057413,臺股指群益9C購04,0,0,0,0,0,0,0,0,0,34000,0,0,0,34000,0,34000,34000
057493,聯詠元大98購02  ,0,0,0,0,0,0,0,0,0,34000,0,0,0,80000,46000,34000,34000
058286,道瓊指國票9B購01,0,0,0,0,0,0,0,0,0,34000,0,0,0,51000,17000,34000,34000
058184,鴻海永豐99購01  ,0,0,0,0,0,0,0,0,0,34000,0,0,0,35000,1000,34000,34000
058220,世芯國票9A購01  ,10000,15000,-5000,0,0,0,0,0,0,39000,0,0,0,54000,15000,39000,34000
05861P,瀚宇博永豐96售02,0,0,0,0,0,0,0,0,0,34000,0,0,0,129000,95000,34000,34000
06068P,玉晶光康和97售01,0,0,0,0,0,0,0,0,0,34000,0,0,0,56000,22000,34000,34000
048549,滬深2X元大96購03,0,0,0,0,0,0,0,0,0,34000,0,0,0,34000,0,34000,34000
048462,南電凱基93購06  ,0,0,0,0,0,0,0,0,0,34000,0,0,0,34000,0,34000,34000
055260,晶相光統一98購01,0,0,0,0,0,0,0,0,0,34000,0,0,0,81000,47000,34000,34000
054804,南亞元大9A購01  ,0,0,0,0,0,0,0,0,0,34000,0,0,0,60000,26000,34000,34000
053990,晶技兆豐96購01  ,0,0,0,0,0,0,0,0,0,34000,0,0,0,154000,120000,34000,34000
05371P,臺股指中信95售10,0,0,0,0,0,0,0,0,0,34000,0,0,0,34000,0,34000,34000
1532,勤美            ,55000,21000,34000,0,0,0,0,0,0,0,0,0,0,0,0,0,34000
1702,南僑            ,50000,16000,34000,0,0,0,0,0,0,0,0,0,0,0,0,0,34000
2419,仲琦            ,86000,52000,34000,0,0,0,0,0,0,0,0,0,0,0,0,0,34000
3047,訊舟            ,99000,65000,34000,0,0,0,0,0,0,0,0,0,0,0,0,0,34000
2882,國泰金          ,4684334,4727695,-43361,0,0,0,0,0,0,77000,0,0,0,98000,21000,77000,33639
058130,瑞昱元大99購01  ,0,0,0,0,0,0,0,0,0,33000,0,0,0,79000,46000,33000,33000
057894,華通元富02購02  ,0,0,0,0,0,0,0,0,0,33000,0,0,0,45000,12000,33000,33000
057059,易華電元大99購01,0,0,0,0,0,0,0,0,0,33000,0,0,0,52000,19000,33000,33000
051472,台積電凱基95購09,0,0,0,0,0,0,0,0,0,33000,0,0,0,435000,402000,33000,33000
03896P,長榮航凱基95售01,0,0,0,0,0,0,0,0,0,33000,0,0,0,158000,125000,33000,33000
049173,鴻海凱基94購15  ,0,0,0,0,0,0,0,0,0,33000,0,0,0,45000,12000,33000,33000
052519,旺宏元大95購05  ,0,0,0,0,0,0,0,0,0,33000,0,0,0,259000,226000,33000,33000
050964,晶技永豐95購02  ,0,0,0,0,0,0,0,0,0,33000,0,0,0,33000,0,33000,33000
053759,晶相光國泰98購01,0,0,0,0,0,0,0,0,0,33000,0,0,0,557000,524000,33000,33000
054090,瑞昱群益97購01  ,0,0,0,0,0,0,0,0,0,33000,0,0,0,43000,10000,33000,33000
055409,元黃金富邦01購01,0,0,0,0,0,0,0,0,0,33000,0,0,0,80000,47000,33000,33000
2881A,富邦特          ,0,5000,-5000,0,0,0,0,0,0,38000,38000,0,38000,0,0,0,33000
1604,聲寶            ,135000,102000,33000,0,0,0,0,0,0,0,0,0,0,0,0,0,33000
06590P,大立光元大98售13,0,0,0,0,0,0,0,0,0,33000,0,0,0,33000,0,33000,33000
06359P,上銀群益97售03  ,0,0,0,0,0,0,0,0,0,33000,0,0,0,43000,10000,33000,33000
06364P,鴻海凱基97售08  ,0,0,0,0,0,0,0,0,0,33000,0,0,0,103000,70000,33000,33000
06240P,奇力新元富97售03,0,0,0,0,0,0,0,0,0,33000,0,0,0,73000,40000,33000,33000
6197,佳必琪          ,67000,34000,33000,0,0,0,0,0,0,0,0,0,0,0,0,0,33000
056856,華通群益9A購01  ,0,0,0,0,0,0,0,0,0,32000,0,0,0,141000,109000,32000,32000
058106,神達統一98購02  ,0,0,0,0,0,0,0,0,0,32000,0,0,0,63000,31000,32000,32000
058068,旺宏凱基98購11  ,0,0,0,0,0,0,0,0,0,32000,0,0,0,49000,17000,32000,32000
058079,鴻海群益98購08  ,0,0,0,0,0,0,0,0,0,32000,0,0,0,52000,20000,32000,32000
04927P,大立光凱基95售06,0,0,0,0,0,0,0,0,0,32000,0,0,0,73000,41000,32000,32000
00654R,富邦印度反1     ,20000,0,20000,0,0,0,0,0,0,12000,0,0,0,12000,0,12000,32000
050207,百和群益95購01  ,0,0,0,0,0,0,0,0,0,32000,0,0,0,32000,0,32000,32000
049608,旺宏兆豐94購02  ,0,0,0,0,0,0,0,0,0,32000,0,0,0,87000,55000,32000,32000
049799,旺宏元大96購01  ,0,0,0,0,0,0,0,0,0,32000,0,0,0,210000,178000,32000,32000
049052,台積電永豐94購02,0,0,0,0,0,0,0,0,0,32000,0,0,0,38000,6000,32000,32000
050553,緯穎凱基94購06  ,0,0,0,0,0,0,0,0,0,32000,0,0,0,36000,4000,32000,32000
052596,群創群益98購05  ,0,0,0,0,0,0,0,0,0,32000,0,0,0,57000,25000,32000,32000
05323P,瑞昱凱基96售02  ,0,0,0,0,0,0,0,0,0,32000,0,0,0,37000,5000,32000,32000
051691,台表科凱基95購01,0,0,0,0,0,0,0,0,0,32000,0,0,0,72000,40000,32000,32000
052186,宏達電群益95購04,0,0,0,0,0,0,0,0,0,32000,0,0,0,71000,39000,32000,32000
05248P,矽創群益96售01  ,0,0,0,0,0,0,0,0,0,32000,0,0,0,88000,56000,32000,32000
054863,億光群益97購01  ,0,0,0,0,0,0,0,0,0,32000,0,0,0,54000,22000,32000,32000
055850,聯詠元大97購06  ,0,0,0,0,0,0,0,0,0,32000,0,0,0,32000,0,32000,32000
054134,強茂元大96購01  ,0,0,0,0,0,0,0,0,0,32000,0,0,0,316000,284000,32000,32000
053704,國巨群益96購06  ,0,0,0,0,0,0,0,0,0,32000,0,0,0,114000,82000,32000,32000
053604,臺股指元大96購21,0,0,0,0,0,0,0,0,0,32000,0,0,0,32000,0,32000,32000
054710,東元元富97購01  ,0,0,0,0,0,0,0,0,0,32000,0,0,0,33000,1000,32000,32000
054699,復盛永豐97購01  ,0,0,0,0,0,0,0,0,0,32000,0,0,0,150000,118000,32000,32000
054373,富邦金中信97購01,0,0,0,0,0,0,0,0,0,32000,0,0,0,32000,0,32000,32000
05430P,台積電統一95售07,0,0,0,0,0,0,0,0,0,32000,0,0,0,32000,0,32000,32000
5258,虹堡            ,40000,8000,32000,0,0,0,0,0,0,0,0,0,0,0,0,0,32000
06844P,智邦元大98售13  ,0,0,0,0,0,0,0,0,0,32000,0,0,0,32000,0,32000,32000
1435,中福            ,33000,1000,32000,0,0,0,0,0,0,0,0,0,0,0,0,0,32000
05963P,貿聯國票97售02  ,0,0,0,0,0,0,0,0,0,31000,0,0,0,49000,18000,31000,31000
057853,旺宏國票99購05  ,0,0,0,0,0,0,0,0,0,31000,0,0,0,31000,0,31000,31000
057535,泰鼎元大99購01  ,0,0,0,0,0,0,0,0,0,31000,0,0,0,102000,71000,31000,31000
057541,台灣50康和9A購04,0,0,0,0,0,0,0,0,0,31000,0,0,0,105000,74000,31000,31000
05677P,玉晶光群益98售03,0,0,0,0,0,0,0,0,0,31000,0,0,0,31000,0,31000,31000
056526,力山凱基98購01  ,0,0,0,0,0,0,0,0,0,31000,0,0,0,134000,103000,31000,31000
056448,全新凱基99購01  ,0,0,0,0,0,0,0,0,0,31000,0,0,0,187000,156000,31000,31000
049583,台積電元大95購04,0,0,0,0,0,0,0,0,0,31000,0,0,0,156000,125000,31000,31000
049527,國巨中信95購01  ,0,0,0,0,0,0,0,0,0,31000,0,0,0,43000,12000,31000,31000
041991,元油2X國票98購01,0,0,0,0,0,0,0,0,0,31000,0,0,0,190000,159000,31000,31000
049128,滬深2X元大97購03,0,0,0,0,0,0,0,0,0,31000,0,0,0,31000,0,31000,31000
051242,台積電元大96購06,0,0,0,0,0,0,0,0,0,31000,0,0,0,31000,0,31000,31000
050024,旺宏元大94購09  ,0,0,0,0,0,0,0,0,0,31000,0,0,0,64000,33000,31000,31000
053467,鴻海元大96購20  ,0,0,0,0,0,0,0,0,0,31000,0,0,0,31000,0,31000,31000
053025,燿華富邦98購02  ,0,0,0,0,0,0,0,0,0,31000,0,0,0,211000,180000,31000,31000
052938,華新科兆豐96購01,0,0,0,0,0,0,0,0,0,31000,0,0,0,71000,40000,31000,31000
053742,創意國票97購01  ,0,0,0,0,0,0,0,0,0,31000,0,0,0,31000,0,31000,31000
055872,亞泥元富97購01  ,0,0,0,0,0,0,0,0,0,31000,0,0,0,52000,21000,31000,31000
055989,矽力元富9A購01  ,0,0,0,0,0,0,0,0,0,31000,0,0,0,175000,144000,31000,31000
054870,新日興群益98購01,0,0,0,0,0,0,0,0,0,31000,0,0,0,181000,150000,31000,31000
054931,緯穎凱基98購01  ,0,0,0,0,0,0,0,0,0,31000,0,0,0,243000,212000,31000,31000
055181,日電貿統一97購01,0,0,0,0,0,0,0,0,0,31000,0,0,0,31000,0,31000,31000
055049,智邦永豐97購01  ,0,0,0,0,0,0,0,0,0,31000,0,0,0,99000,68000,31000,31000
06581P,南亞科凱基98售04,0,0,0,0,0,0,0,0,0,31000,0,0,0,31000,0,31000,31000
06133P,帆宣元富97售02  ,0,0,0,0,0,0,0,0,0,31000,0,0,0,31000,0,31000,31000
6184,大豐電          ,33000,2000,31000,0,0,0,0,0,0,0,0,0,0,0,0,0,31000
056164,聯茂凱基98購03  ,0,0,0,0,0,0,0,0,0,30000,0,0,0,30000,0,30000,30000
05619P,創意元富96售02  ,0,0,0,0,0,0,0,0,0,30000,0,0,0,40000,10000,30000,30000
056203,興富發永豐97購01,0,0,0,0,0,0,0,0,0,30000,0,0,0,30000,0,30000,30000
056504,國巨永豐98購02  ,0,0,0,0,0,0,0,0,0,30000,0,0,0,67000,37000,30000,30000
056472,美律元大99購03  ,0,0,0,0,0,0,0,0,0,30000,0,0,0,30000,0,30000,30000
056635,亞德客日盛99購01,0,0,0,0,0,0,0,0,0,30000,0,0,0,30000,0,30000,30000
05667P,旺宏台新96售01  ,0,0,0,0,0,0,0,0,0,30000,0,0,0,30000,0,30000,30000
056869,國巨日盛99購03  ,0,0,0,0,0,0,0,0,0,30000,0,0,0,40000,10000,30000,30000
057230,建準凱基98購02  ,0,0,0,0,0,0,0,0,0,30000,0,0,0,30000,0,30000,30000
057103,禾伸堂中信9A購01,0,0,0,0,0,0,0,0,0,30000,0,0,0,68000,38000,30000,30000
05715P,創意元富96售05  ,0,0,0,0,0,0,0,0,0,30000,0,0,0,50000,20000,30000,30000
057672,茂林元大98購02  ,0,0,0,0,0,0,0,0,0,30000,0,0,0,173000,143000,30000,30000
057621,崇越凱基98購01  ,0,0,0,0,0,0,0,0,0,30000,0,0,0,30000,0,30000,30000
057617,國巨凱基99購06  ,0,0,0,0,0,0,0,0,0,30000,0,0,0,30000,0,30000,30000
05769P,台積電凱基96售16,0,0,0,0,0,0,0,0,0,30000,0,0,0,90000,60000,30000,30000
057722,臺股指元富98購01,0,0,0,0,0,0,0,0,0,30000,0,0,0,30000,0,30000,30000
05988P,光磊元富96售02  ,0,0,0,0,0,0,0,0,0,30000,0,0,0,30000,0,30000,30000
06038P,國泰金台新96售01,0,0,0,0,0,0,0,0,0,30000,0,0,0,30000,0,30000,30000
058301,元油2X元大99購10,0,0,0,0,0,0,0,0,0,30000,0,0,0,30000,0,30000,30000
058302,元油2X元大99購11,0,0,0,0,0,0,0,0,0,30000,0,0,0,30000,0,30000,30000
058063,旺宏中信98購04  ,0,0,0,0,0,0,0,0,0,30000,0,0,0,40000,10000,30000,30000
058099,鴻海國泰9A購02  ,0,0,0,0,0,0,0,0,0,30000,0,0,0,50000,20000,30000,30000
049237,元油2X元富96購07,0,0,0,0,0,0,0,0,0,30000,0,0,0,30000,0,30000,30000
049287,可成兆豐95購01  ,0,0,0,0,0,0,0,0,0,30000,0,0,0,30000,0,30000,30000
048332,台積電富邦94購02,0,0,0,0,0,0,0,0,0,30000,0,0,0,30000,0,30000,30000
047543,鴻海凱基94購09  ,0,0,0,0,0,0,0,0,0,30000,0,0,0,30000,0,30000,30000
045643,臻鼎凱基93購01  ,0,0,0,0,0,0,0,0,0,30000,0,0,0,30000,0,30000,30000
045957,技嘉凱基93購03  ,0,0,0,0,0,0,0,0,0,30000,0,0,0,40000,10000,30000,30000
04104P,臺股指國票93售11,0,0,0,0,0,0,0,0,0,30000,0,0,0,30000,0,30000,30000
04234P,華通群益94售02  ,0,0,0,0,0,0,0,0,0,30000,0,0,0,30000,0,30000,30000
044402,景碩凱基93購01  ,0,0,0,0,0,0,0,0,0,30000,0,0,0,30000,0,30000,30000
044305,瀚宇博兆豐93購01,0,0,0,0,0,0,0,0,0,30000,0,0,0,30000,0,30000,30000
04723P,美律凱基94售06  ,0,0,0,0,0,0,0,0,0,30000,0,0,0,30000,0,30000,30000
044478,友達統一93購01  ,0,0,0,0,0,0,0,0,0,30000,0,0,0,40000,10000,30000,30000
044516,景碩凱基93購02  ,0,0,0,0,0,0,0,0,0,30000,0,0,0,30000,0,30000,30000
043907,鴻海凱基93購01  ,0,0,0,0,0,0,0,0,0,30000,0,0,0,30000,0,30000,30000
043344,可成富邦93購01  ,0,0,0,0,0,0,0,0,0,30000,0,0,0,30000,0,30000,30000
03431B,元油2X凱基9B熊03,0,0,0,0,0,0,0,0,0,30000,0,0,0,30000,0,30000,30000
03417B,臺股指凱基95熊19,0,0,0,0,0,0,0,0,0,30000,0,0,0,30000,0,30000,30000
049790,滬深2X元大97購04,0,0,0,0,0,0,0,0,0,30000,0,0,0,30000,0,30000,30000
049846,台泥群益94購01  ,0,0,0,0,0,0,0,0,0,30000,0,0,0,40000,10000,30000,30000
048777,瀚宇博凱基94購02,0,0,0,0,0,0,0,0,0,30000,0,0,0,190000,160000,30000,30000
048837,牧德凱基94購04  ,0,0,0,0,0,0,0,0,0,30000,0,0,0,30000,0,30000,30000
048894,光罩國泰94購01  ,0,0,0,0,0,0,0,0,0,30000,0,0,0,30000,0,30000,30000
048231,台表科凱基93購06,0,0,0,0,0,0,0,0,0,30000,0,0,0,30000,0,30000,30000
048019,GIS麥證94購01   ,0,0,0,30000,0,30000,0,0,0,30000,0,0,0,30000,0,30000,30000
04802P,國巨凱基94售07  ,0,0,0,0,0,0,0,0,0,30000,0,0,0,30000,0,30000,30000
047703,台積電凱基93購19,0,0,0,0,0,0,0,0,0,30000,0,0,0,30000,0,30000,30000
050224,台泥中信94購01  ,0,0,0,0,0,0,0,0,0,30000,0,0,0,30000,0,30000,30000
049675,台光電國票95購01,0,0,0,0,0,0,0,0,0,30000,0,0,0,30000,0,30000,30000
05137P,華新科凱基96售03,0,0,0,0,0,0,0,0,0,30000,0,0,0,30000,0,30000,30000
052816,上銀永豐96購01  ,0,0,0,0,0,0,0,0,0,30000,0,0,0,30000,0,30000,30000
052817,楠梓電永豐96購02,0,0,0,0,0,0,0,0,0,30000,0,0,0,30000,0,30000,30000
052839,上海銀國泰97購01,0,0,0,0,0,0,0,0,0,30000,0,0,0,30000,0,30000,30000
052869,新日興凱基96購01,0,0,0,0,0,0,0,0,0,30000,0,0,0,92000,62000,30000,30000
053383,京元電元大97購01,0,0,0,0,0,0,0,0,0,30000,0,0,0,114000,84000,30000,30000
053222,聯茂凱基96購03  ,0,0,0,0,0,0,0,0,0,30000,0,0,0,98000,68000,30000,30000
053220,瀚宇博凱基98購01,0,0,0,0,0,0,0,0,0,30000,0,0,0,30000,0,30000,30000
053285,臺股指元大96購08,0,0,0,0,0,0,0,0,0,30000,0,0,0,30000,0,30000,30000
053179,大立光統一96購04,0,0,0,0,0,0,0,0,0,30000,0,0,0,90000,60000,30000,30000
053210,華邦電凱基97購02,0,0,0,0,0,0,0,0,0,30000,0,0,0,30000,0,30000,30000
051334,宏達電永豐95購01,0,0,0,0,0,0,0,0,0,30000,0,0,0,117000,87000,30000,30000
052755,滬深2X群益9A購01,0,0,0,0,0,0,0,0,0,30000,0,0,0,30000,0,30000,30000
052703,貿聯國票97購01  ,0,0,0,0,0,0,0,0,0,30000,0,0,0,30000,0,30000,30000
050561,上証2X元富97購01,0,0,0,0,0,0,0,0,0,30000,0,0,0,30000,0,30000,30000
050540,台積電凱基94購38,0,0,0,0,0,0,0,0,0,30000,0,0,0,131000,101000,30000,30000
05087P,GIS國泰96售01   ,0,0,0,0,0,0,0,0,0,30000,0,0,0,30000,0,30000,30000
050585,矽格國票94購01  ,0,0,0,0,0,0,0,0,0,30000,0,0,0,30000,0,30000,30000
050916,聯茂中信95購01  ,0,0,0,0,0,0,0,0,0,30000,0,0,0,30000,0,30000,30000
050909,華夏中信95購01  ,0,0,0,0,0,0,0,0,0,30000,0,0,0,30000,0,30000,30000
049914,瑞昱元大94購06  ,0,0,0,0,0,0,0,0,0,30000,0,0,0,30000,0,30000,30000
049915,瑞昱元大94購07  ,0,0,0,0,0,0,0,0,0,30000,0,0,0,30000,0,30000,30000
049985,華擎凱基94購01  ,0,0,0,0,0,0,0,0,0,30000,0,0,0,50000,20000,30000,30000
050517,台積電元大94購27,0,0,0,0,0,0,0,0,0,30000,0,0,0,41000,11000,30000,30000
050709,嘉聯益第一96購01,0,0,0,0,0,0,0,0,0,30000,0,0,0,30000,0,30000,30000
050489,聯詠元富94購01  ,0,0,0,0,0,0,0,0,0,30000,0,0,0,40000,10000,30000,30000
050402,緯穎中信96購01  ,0,0,0,0,0,0,0,0,0,30000,0,0,0,176000,146000,30000,30000
052406,力成凱基95購03  ,0,0,0,0,0,0,0,0,0,30000,0,0,0,40000,10000,30000,30000
052181,南茂元大95購05  ,0,0,0,0,0,0,0,0,0,30000,0,0,0,30000,0,30000,30000
052233,台郡凱基96購01  ,0,0,0,0,0,0,0,0,0,30000,0,0,0,85000,55000,30000,30000
052360,FB上証國票96購01,0,0,0,0,0,0,0,0,0,30000,0,0,0,30000,0,30000,30000
052368,力成國票96購01  ,0,0,0,0,0,0,0,0,0,30000,0,0,0,60000,30000,30000,30000
052310,聯電富邦95購01  ,0,0,0,0,0,0,0,0,0,30000,0,0,0,30000,0,30000,30000
051666,旺宏元大96購05  ,0,0,0,0,0,0,0,0,0,30000,0,0,0,30000,0,30000,30000
051564,和碩國泰96購01  ,0,0,0,0,0,0,0,0,0,30000,0,0,0,58000,28000,30000,30000
052534,貿聯國泰96購02  ,0,0,0,0,0,0,0,0,0,30000,0,0,0,40000,10000,30000,30000
052536,聯茂國泰97購01  ,0,0,0,0,0,0,0,0,0,30000,0,0,0,50000,20000,30000,30000
051865,聯發科凱基96購04,0,0,0,0,0,0,0,0,0,30000,0,0,0,30000,0,30000,30000
051833,昇陽半元大96購01,0,0,0,0,0,0,0,0,0,30000,0,0,0,50000,20000,30000,30000
051744,嘉聯益國票97購01,0,0,0,0,0,0,0,0,0,30000,0,0,0,30000,0,30000,30000
052026,漢唐群益95購01  ,0,0,0,0,0,0,0,0,0,30000,0,0,0,30000,0,30000,30000
05121P,創意國泰96售01  ,0,0,0,0,0,0,0,0,0,30000,0,0,0,157000,127000,30000,30000
051182,旺宏永豐95購01  ,0,0,0,0,0,0,0,0,0,30000,0,0,0,60000,30000,30000,30000
055035,興勤富邦98購01  ,0,0,0,0,0,0,0,0,0,30000,0,0,0,40000,10000,30000,30000
055194,昇陽半元富97購01,0,0,0,0,0,0,0,0,0,30000,0,0,0,30000,0,30000,30000
054883,億光統一97購01  ,0,0,0,0,0,0,0,0,0,30000,0,0,0,50000,20000,30000,30000
054976,上証2X元富9A購01,0,0,0,0,0,0,0,0,0,30000,0,0,0,30000,0,30000,30000
055257,景碩統一97購01  ,0,0,0,0,0,0,0,0,0,30000,0,0,0,48000,18000,30000,30000
055240,京元電元富97購01,0,0,0,0,0,0,0,0,0,30000,0,0,0,40000,10000,30000,30000
055237,晶豪科台新97購01,0,0,0,0,0,0,0,0,0,30000,0,0,0,30000,0,30000,30000
056025,嘉晶群益97購01  ,0,0,0,0,0,0,0,0,0,30000,0,0,0,79000,49000,30000,30000
055527,旺宏群益99購03  ,0,0,0,0,0,0,0,0,0,30000,0,0,0,52000,22000,30000,30000
055615,宏達電國票99購02,0,0,0,0,0,0,0,0,0,30000,0,0,0,45000,15000,30000,30000
055639,上銀元富97購02  ,0,0,0,0,0,0,0,0,0,30000,0,0,0,30000,0,30000,30000
053767,臻鼎富邦97購02  ,0,0,0,0,0,0,0,0,0,30000,0,0,0,30000,0,30000,30000
053782,京元電元大98購02,0,0,0,0,0,0,0,0,0,30000,0,0,0,30000,0,30000,30000
053670,台積電統一96購09,0,0,0,0,0,0,0,0,0,30000,0,0,0,30000,0,30000,30000
053582,英業達元大97購01,0,0,0,0,0,0,0,0,0,30000,0,0,0,30000,0,30000,30000
053575,聯詠元富96購01  ,0,0,0,0,0,0,0,0,0,30000,0,0,0,50000,20000,30000,30000
053568,智伸科富邦98購01,0,0,0,0,0,0,0,0,0,30000,0,0,0,30000,0,30000,30000
053621,臺股指群益96購07,0,0,0,0,0,0,0,0,0,30000,0,0,0,50000,20000,30000,30000
053523,T50反1中信9A購01,0,0,0,0,0,0,0,0,0,30000,0,0,0,70000,40000,30000,30000
053914,國巨國票96購08  ,0,0,0,0,0,0,0,0,0,30000,0,0,0,30000,0,30000,30000
054273,宏達電中信98購01,0,0,0,0,0,0,0,0,0,30000,0,0,0,30000,0,30000,30000
054351,華新科國泰97購03,0,0,0,0,0,0,0,0,0,30000,0,0,0,50000,20000,30000,30000
054407,美律國票97購02  ,0,0,0,0,0,0,0,0,0,30000,0,0,0,30000,0,30000,30000
054445,技嘉兆豐96購01  ,0,0,0,0,0,0,0,0,0,30000,0,0,0,30000,0,30000,30000
054748,正文凱基98購01  ,0,0,0,0,0,0,0,0,0,30000,0,0,0,50000,20000,30000,30000
054538,台光電國票98購01,0,0,0,0,0,0,0,0,0,30000,0,0,0,30000,0,30000,30000
054598,鴻海台新98購01  ,0,0,0,0,0,0,0,0,0,30000,0,0,0,30000,0,30000,30000
6226,光鼎            ,43000,13000,30000,0,0,0,0,0,0,0,0,0,0,0,0,0,30000
3003,健和興          ,60000,29000,31000,0,0,0,0,0,0,-1000,0,0,0,1000,2000,-1000,30000
9927,泰銘            ,37000,7000,30000,0,0,0,0,0,0,0,0,0,0,0,0,0,30000
9939,宏全            ,173000,164000,9000,0,0,0,0,0,0,21000,0,0,0,21000,0,21000,30000
9942,茂順            ,54000,24000,30000,0,0,0,0,0,0,0,0,0,0,0,0,0,30000
06107P,美律群益98售02  ,0,0,0,0,0,0,0,0,0,30000,0,0,0,30000,0,30000,30000
06219P,國巨元富97售05  ,0,0,0,0,0,0,0,0,0,30000,0,0,0,299000,269000,30000,30000
06650P,聯發科元大98售09,0,0,0,0,0,0,0,0,0,30000,0,0,0,30000,0,30000,30000
06457P,玉晶光統一98售02,0,0,0,0,0,0,0,0,0,30000,0,0,0,45000,15000,30000,30000
06764P,聯發科元大98售11,0,0,0,0,0,0,0,0,0,30000,0,0,0,30000,0,30000,30000
06688P,鴻海中信02售01  ,0,0,0,0,0,0,0,0,0,30000,0,0,0,30000,0,30000,30000
2617,台航            ,120000,90000,30000,0,0,0,0,0,0,0,0,0,0,0,0,0,30000
057148,玉晶光國票99購04,0,0,0,0,0,0,0,0,0,29000,0,0,0,35000,6000,29000,29000
056915,上銀兆豐99購01  ,0,0,0,0,0,0,0,0,0,29000,0,0,0,29000,0,29000,29000
056418,台光電元富98購01,0,0,0,0,0,0,0,0,0,29000,0,0,0,43000,14000,29000,29000
048704,台表科國票95購01,0,0,0,0,0,0,0,0,0,29000,0,0,0,270000,241000,29000,29000
042281,元油2X富邦96購02,0,0,0,0,0,0,0,0,0,29000,0,0,0,30000,1000,29000,29000
03656C,臺股指凱基99牛12,0,0,0,0,0,0,0,0,0,29000,0,0,0,47000,18000,29000,29000
045736,台積電群益94購01,0,0,0,0,0,0,0,0,0,29000,0,0,0,29000,0,29000,29000
044996,嘉晶國泰95購01  ,0,0,0,0,0,0,0,0,0,29000,0,0,0,79000,50000,29000,29000
05188P,可成凱基95售09  ,0,0,0,0,0,0,0,0,0,29000,0,0,0,29000,0,29000,29000
051723,嘉澤永豐95購01  ,0,0,0,0,0,0,0,0,0,29000,0,0,0,30000,1000,29000,29000
051647,華新科永豐95購02,0,0,0,0,0,0,0,0,0,29000,0,0,0,59000,30000,29000,29000
050130,華新科凱基94購09,0,0,0,0,0,0,0,0,0,29000,0,0,0,124000,95000,29000,29000
050075,南電凱基94購04  ,0,0,0,0,0,0,0,0,0,29000,0,0,0,112000,83000,29000,29000
050570,聯發科中信97購02,0,0,0,0,0,0,0,0,0,29000,0,0,0,30000,1000,29000,29000
052640,台表科凱基97購01,0,0,0,0,0,0,0,0,0,29000,0,0,0,30000,1000,29000,29000
054136,亞光元大96購04  ,0,0,0,0,0,0,0,0,0,29000,0,0,0,42000,13000,29000,29000
053677,同欣電國泰97購01,0,0,0,0,0,0,0,0,0,29000,0,0,0,61000,32000,29000,29000
05369P,可成元富95售04  ,0,0,0,0,0,0,0,0,0,29000,0,0,0,37000,8000,29000,29000
055907,台虹兆豐98購01  ,0,0,0,0,0,0,0,0,0,29000,0,0,0,29000,0,29000,29000
055849,聯詠元大97購05  ,0,0,0,0,0,0,0,0,0,29000,0,0,0,29000,0,29000,29000
2495,普安            ,31000,2000,29000,0,0,0,0,0,0,0,0,0,0,0,0,0,29000
1786,科妍            ,44000,12000,32000,0,0,0,0,0,0,-3000,0,3000,-3000,0,0,0,29000
06663P,鴻海兆豐98售03  ,0,0,0,0,0,0,0,0,0,29000,0,0,0,71000,42000,29000,29000
06743P,創意永豐98售03  ,0,0,0,0,0,0,0,0,0,29000,0,0,0,39000,10000,29000,29000
6641,基士德-KY       ,30000,1000,29000,0,0,0,0,0,0,0,0,0,0,0,0,0,29000
3013,晟銘電          ,29000,1000,28000,0,0,0,0,0,0,1000,1000,0,1000,0,0,0,29000
3563,牧德            ,35000,31000,4000,0,0,0,20000,0,20000,5000,0,0,0,11000,6000,5000,29000
1340,勝悅-KY         ,29000,110,28890,0,0,0,0,0,0,0,0,0,0,0,0,0,28890
056219,T50反1日盛02購01,0,0,0,0,0,0,0,0,0,28000,0,0,0,85000,57000,28000,28000
06071P,大立光永豐97售01,0,0,0,0,0,0,0,0,0,28000,0,0,0,28000,0,28000,28000
057789,上銀統一9A購01  ,0,0,0,0,0,0,0,0,0,28000,0,0,0,48000,20000,28000,28000
057571,泰碩永豐98購01  ,0,0,0,0,0,0,0,0,0,28000,0,0,0,48000,20000,28000,28000
05758P,光罩永豐96售02  ,0,0,0,0,0,0,0,0,0,28000,0,0,0,75000,47000,28000,28000
057511,健策統一98購02  ,0,0,0,0,0,0,0,0,0,28000,0,0,0,28000,0,28000,28000
057438,禾伸堂國票99購01,0,0,0,0,0,0,0,0,0,28000,0,0,0,38000,10000,28000,28000
03951P,新光金凱基95售01,0,0,0,0,0,0,0,0,0,28000,0,0,0,28000,0,28000,28000
044639,京元電元富94購01,0,0,0,0,0,0,0,0,0,28000,0,0,0,113000,85000,28000,28000
044255,群創元大93購01  ,0,0,0,0,0,0,0,0,0,28000,0,0,0,28000,0,28000,28000
048960,矽格康和94購01  ,0,0,0,0,0,0,0,0,0,28000,0,0,0,34000,6000,28000,28000
049024,玉晶光群益97購01,0,0,0,0,0,0,0,0,0,28000,0,0,0,50000,22000,28000,28000
048627,T50反1元大96購02,0,0,0,0,0,0,0,0,0,28000,0,0,0,28000,0,28000,28000
051101,台表科元大96購02,0,0,0,0,0,0,0,0,0,28000,0,0,0,121000,93000,28000,28000
047688,亞德客富邦95購01,0,0,0,0,0,0,0,0,0,28000,0,0,0,38000,10000,28000,28000
048177,臺指反富邦99購01,0,0,0,0,0,0,0,0,0,28000,0,0,0,30000,2000,28000,28000
053351,A50正2兆豐97購01,0,0,0,0,0,0,0,0,0,28000,0,0,0,100000,72000,28000,28000
053378,台積電元大98購02,0,0,0,0,0,0,0,0,0,28000,0,0,0,28000,0,28000,28000
051745,玉晶光國泰97購06,0,0,0,0,0,0,0,0,0,28000,0,0,0,74000,46000,28000,28000
051937,廣達群益95購01  ,0,0,0,0,0,0,0,0,0,28000,0,0,0,50000,22000,28000,28000
056018,旺宏群益97購02  ,0,0,0,0,0,0,0,0,0,28000,0,0,0,44000,16000,28000,28000
055464,聚陽凱基97購01  ,0,0,0,0,0,0,0,0,0,28000,0,0,0,41000,13000,28000,28000
055006,晶相光元富9A購01,0,0,0,0,0,0,0,0,0,28000,0,0,0,170000,142000,28000,28000
054926,神達凱基98購01  ,0,0,0,0,0,0,0,0,0,28000,0,0,0,34000,6000,28000,28000
053748,燿華永豐96購04  ,0,0,0,0,0,0,0,0,0,28000,0,0,0,55000,27000,28000,28000
053535,宏達電永豐96購02,0,0,0,0,0,0,0,0,0,28000,0,0,0,63000,35000,28000,28000
06899P,嘉澤群益98售01  ,0,0,0,0,0,0,0,0,0,28000,0,0,0,30000,2000,28000,28000
06174P,國巨元大97售07  ,0,0,0,0,0,0,0,0,0,28000,0,0,0,225000,197000,28000,28000
06131P,京鼎元富97售02  ,0,0,0,0,0,0,0,0,0,28000,0,0,0,58000,30000,28000,28000
3010,華立            ,50000,22000,28000,0,0,0,0,0,0,0,0,0,0,0,0,0,28000
058082,美律群益98購05  ,0,0,0,0,0,0,0,0,0,27000,0,0,0,32000,5000,27000,27000
057971,華新科富邦9B購02,0,0,0,0,0,0,0,0,0,27000,0,0,0,27000,0,27000,27000
057064,華新科富邦9B購01,0,0,0,0,0,0,0,0,0,27000,0,0,0,179000,152000,27000,27000
056800,臺股指麥證98購01,0,0,0,27000,0,27000,0,0,0,27000,0,0,0,27000,0,27000,27000
057158,義隆永豐99購01  ,0,0,0,0,0,0,0,0,0,27000,0,0,0,284000,257000,27000,27000
05725P,嘉聯益永豐96售02,0,0,0,0,0,0,0,0,0,27000,0,0,0,62000,35000,27000,27000
00733,富邦臺灣中小    ,0,0,0,0,0,0,0,0,0,27000,0,0,0,227000,200000,27000,27000
049892,國巨富邦96購01  ,0,0,0,0,0,0,0,0,0,27000,0,0,0,34000,7000,27000,27000
052567,台積電凱基96購05,0,0,0,0,0,0,0,0,0,27000,0,0,0,37000,10000,27000,27000
050778,瑞儀元大96購01  ,0,0,0,0,0,0,0,0,0,27000,0,0,0,499000,472000,27000,27000
050758,聯發科元富9B購01,0,0,0,0,0,0,0,0,0,27000,0,0,0,27000,0,27000,27000
053552,華新科凱基96購08,0,0,0,0,0,0,0,0,0,27000,0,0,0,75000,48000,27000,27000
054579,聯茂元大97購01  ,0,0,0,0,0,0,0,0,0,27000,0,0,0,27000,0,27000,27000
054999,玉晶光元富97購03,0,0,0,0,0,0,0,0,0,27000,0,0,0,34000,7000,27000,27000
055524,鴻海群益98購01  ,0,0,0,0,0,0,0,0,0,27000,0,0,0,429000,402000,27000,27000
055803,鎧勝永豐97購01  ,0,0,0,0,0,0,0,0,0,27000,0,0,0,27000,0,27000,27000
3356,奇偶            ,52000,25000,27000,0,0,0,0,0,0,0,0,0,0,0,0,0,27000
06201P,可成元大97售01  ,0,0,0,0,0,0,0,0,0,27000,0,0,0,160000,133000,27000,27000
06420P,大立光統一98售06,0,0,0,0,0,0,0,0,0,27000,0,0,0,31000,4000,27000,27000
06337P,祥碩元大97售05  ,0,0,0,0,0,0,0,0,0,27000,0,0,0,217000,190000,27000,27000
1737,臺鹽            ,30000,3000,27000,0,0,0,0,0,0,0,0,0,0,0,0,0,27000
2704,國賓            ,62000,35000,27000,0,0,0,0,0,0,0,0,0,0,0,0,0,27000
057079,台積電統一9A購02,0,0,0,0,0,0,0,0,0,26000,0,0,0,30000,4000,26000,26000
056384,玉晶光國泰9A購02,0,0,0,0,0,0,0,0,0,26000,0,0,0,76000,50000,26000,26000
058058,大立光元富9B購02,0,0,0,0,0,0,0,0,0,26000,0,0,0,73000,47000,26000,26000
058151,台積電統一9A購04,0,0,0,0,0,0,0,0,0,26000,0,0,0,271000,245000,26000,26000
00731,FH富時高息低波  ,0,0,0,0,0,0,0,0,0,26000,0,0,0,48000,22000,26000,26000
00663L,國泰臺灣加權正2 ,0,0,0,0,0,0,0,0,0,26000,0,0,0,30000,4000,26000,26000
046370,全新麥證93購01  ,0,0,0,26000,0,26000,0,0,0,26000,0,0,0,26000,0,26000,26000
049310,台積電凱基94購15,0,0,0,0,0,0,0,0,0,26000,0,0,0,26000,0,26000,26000
050612,台積電元大95購06,0,0,0,0,0,0,0,0,0,26000,0,0,0,26000,0,26000,26000
053137,旺宏富邦98購01  ,0,0,0,0,0,0,0,0,0,26000,0,0,0,50000,24000,26000,26000
051291,聯詠統一95購01  ,0,0,0,0,0,0,0,0,0,26000,0,0,0,83000,57000,26000,26000
052270,力成日盛95購01  ,0,0,0,0,0,0,0,0,0,26000,0,0,0,48000,22000,26000,26000
052447,聯發科元大96購04,0,0,0,0,0,0,0,0,0,26000,0,0,0,51000,25000,26000,26000
052037,全新國泰96購02  ,0,0,0,0,0,0,0,0,0,26000,0,0,0,38000,12000,26000,26000
050263,旺宏元大94購10  ,0,0,0,0,0,0,0,0,0,26000,0,0,0,54000,28000,26000,26000
055544,鴻海凱基97購05  ,0,0,0,0,0,0,0,0,0,26000,0,0,0,316000,290000,26000,26000
054698,同欣電永豐97購01,0,0,0,0,0,0,0,0,0,26000,0,0,0,26000,0,26000,26000
1447,力鵬            ,154000,128000,26000,0,0,0,0,0,0,0,0,0,0,0,0,0,26000
06220P,廣宇元富97售02  ,0,0,0,0,0,0,0,0,0,26000,0,0,0,26000,0,26000,26000
06587P,國巨元大98售13  ,0,0,0,0,0,0,0,0,0,26000,0,0,0,343000,317000,26000,26000
6115,鎰勝            ,66000,40000,26000,0,0,0,0,0,0,0,0,0,0,0,0,0,26000
8033,雷虎            ,26000,0,26000,0,0,0,0,0,0,0,0,0,0,0,0,0,26000
06016P,京元電凱基96售03,0,0,0,0,0,0,0,0,0,25000,0,0,0,50000,25000,25000,25000
057459,臺股指富邦99購03,0,0,0,0,0,0,0,0,0,25000,0,0,0,25000,0,25000,25000
057524,旺宏元大99購04  ,0,0,0,0,0,0,0,0,0,25000,0,0,0,35000,10000,25000,25000
057476,國巨元大98購19  ,0,0,0,0,0,0,0,0,0,25000,0,0,0,35000,10000,25000,25000
05762P,昇陽半永豐96售04,0,0,0,0,0,0,0,0,0,25000,0,0,0,78000,53000,25000,25000
057808,旺宏元大99購05  ,0,0,0,0,0,0,0,0,0,25000,0,0,0,25000,0,25000,25000
056405,聯茂群益98購01  ,0,0,0,0,0,0,0,0,0,25000,0,0,0,67000,42000,25000,25000
056237,智邦群益97購02  ,0,0,0,0,0,0,0,0,0,25000,0,0,0,230000,205000,25000,25000
056270,群創統一98購04  ,0,0,0,0,0,0,0,0,0,25000,0,0,0,130000,105000,25000,25000
056651,聯茂凱基98購04  ,0,0,0,0,0,0,0,0,0,25000,0,0,0,45000,20000,25000,25000
056506,晶豪科永豐98購02,0,0,0,0,0,0,0,0,0,25000,0,0,0,139000,114000,25000,25000
057194,南電元大98購01  ,0,0,0,0,0,0,0,0,0,25000,0,0,0,37000,12000,25000,25000
057255,聯發科麥證98購02,0,0,0,271000,246000,25000,0,0,0,25000,0,0,0,271000,246000,25000,25000
057354,聯鈞統一99購03  ,0,0,0,0,0,0,0,0,0,25000,0,0,0,35000,10000,25000,25000
049040,亞光兆豐95購01  ,0,0,0,0,0,0,0,0,0,25000,0,0,0,50000,25000,25000,25000
048225,全新凱基93購03  ,0,0,0,0,0,0,0,0,0,25000,0,0,0,25000,0,25000,25000
049601,矽創元大95購02  ,0,0,0,0,0,0,0,0,0,25000,0,0,0,75000,50000,25000,25000
051072,強茂國票95購02  ,0,0,0,0,0,0,0,0,0,25000,0,0,0,190000,165000,25000,25000
051483,玉晶光凱基96購02,0,0,0,0,0,0,0,0,0,25000,0,0,0,144000,119000,25000,25000
048276,旺宏永豐94購01  ,0,0,0,0,0,0,0,0,0,25000,0,0,0,50000,25000,25000,25000
048380,T50反1國票94購02,0,0,0,0,0,0,0,0,0,25000,0,0,0,25000,0,25000,25000
047298,聯茂元富96購01  ,0,0,0,0,0,0,0,0,0,25000,0,0,0,41000,16000,25000,25000
00690,兆豐藍籌30      ,0,0,0,0,0,0,0,0,0,25000,0,0,0,175000,150000,25000,25000
052156,滬深2X永豐95購03,0,0,0,0,0,0,0,0,0,25000,0,0,0,50000,25000,25000,25000
052076,可成元富98購01  ,0,0,0,0,0,0,0,0,0,25000,0,0,0,106000,81000,25000,25000
05119P,聯發科國泰96售02,0,0,0,0,0,0,0,0,0,25000,0,0,0,60000,35000,25000,25000
050316,上証2X國票98購01,0,0,0,0,0,0,0,0,0,25000,0,0,0,25000,0,25000,25000
052378,矽力元大96購01  ,0,0,0,0,0,0,0,0,0,25000,0,0,0,25000,0,25000,25000
050378,上証2X群益98購02,0,0,0,0,0,0,0,0,0,25000,0,0,0,225000,200000,25000,25000
052242,台達電台新96購01,0,0,0,0,0,0,0,0,0,25000,0,0,0,70000,45000,25000,25000
050455,貿聯元大94購02  ,0,0,0,0,0,0,0,0,0,25000,0,0,0,25000,0,25000,25000
049917,華新科元大94購02,0,0,0,0,0,0,0,0,0,25000,0,0,0,25000,0,25000,25000
053185,友達中信99購01  ,0,0,0,0,0,0,0,0,0,25000,0,0,0,25000,0,25000,25000
053248,智伸科國票97購01,0,0,0,0,0,0,0,0,0,25000,0,0,0,25000,0,25000,25000
053456,大立光元富96購04,0,0,0,0,0,0,0,0,0,25000,0,0,0,57000,32000,25000,25000
053439,台積電凱基96購11,0,0,0,0,0,0,0,0,0,25000,0,0,0,35000,10000,25000,25000
052780,玉晶光國票96購04,0,0,0,0,0,0,0,0,0,25000,0,0,0,25000,0,25000,25000
050530,台表科元大95購04,0,0,0,0,0,0,0,0,0,25000,0,0,0,32000,7000,25000,25000
05068P,鴻海統一95售06  ,0,0,0,0,0,0,0,0,0,25000,0,0,0,75000,50000,25000,25000
054386,鴻海統一98購03  ,0,0,0,0,0,0,0,0,0,25000,0,0,0,25000,0,25000,25000
054215,創意國票97購02  ,0,0,0,0,0,0,0,0,0,25000,0,0,0,25000,0,25000,25000
054193,鴻海麥證96購02  ,0,0,0,30000,5000,25000,0,0,0,25000,0,0,0,30000,5000,25000,25000
053685,台積電元大96購18,0,0,0,0,0,0,0,0,0,25000,0,0,0,25000,0,25000,25000
055779,國泰金凱基97購02,0,0,0,0,0,0,0,0,0,25000,0,0,0,30000,5000,25000,25000
055963,欣興元大97購04  ,0,0,0,0,0,0,0,0,0,25000,0,0,0,93000,68000,25000,25000
055032,億光富邦99購01  ,0,0,0,0,0,0,0,0,0,25000,0,0,0,110000,85000,25000,25000
055401,亞光元富9A購01  ,0,0,0,0,0,0,0,0,0,25000,0,0,0,60000,35000,25000,25000
055379,牧德元大97購03  ,0,0,0,0,0,0,0,0,0,25000,0,0,0,25000,0,25000,25000
055243,國巨統一97購04  ,0,0,0,0,0,0,0,0,0,25000,0,0,0,25000,0,25000,25000
06600P,貿聯永豐98售01  ,0,0,0,0,0,0,0,0,0,25000,0,0,0,25000,0,25000,25000
06857P,超眾永豐98售02  ,0,0,0,0,0,0,0,0,0,25000,0,0,0,49000,24000,25000,25000
06412P,南亞科日盛97售01,0,0,0,0,0,0,0,0,0,25000,0,0,0,25000,0,25000,25000
1452,宏益            ,45000,20000,25000,0,0,0,0,0,0,0,0,0,0,0,0,0,25000
1802,台玻            ,88000,63000,25000,0,0,0,0,0,0,0,0,0,0,0,0,0,25000
1708,東鹼            ,26000,1000,25000,0,0,0,0,0,0,0,0,0,0,0,0,0,25000
056632,鴻海永昌98購01  ,0,0,0,0,0,0,0,0,0,24000,0,0,0,144000,120000,24000,24000
056172,鴻海元富97購11  ,0,0,0,0,0,0,0,0,0,24000,0,0,0,64000,40000,24000,24000
056142,超眾元大97購06  ,0,0,0,0,0,0,0,0,0,24000,0,0,0,28000,4000,24000,24000
04456P,日月光統一94售01,0,0,0,0,0,0,0,0,0,24000,0,0,0,24000,0,24000,24000
050808,台達電凱基96購02,0,0,0,0,0,0,0,0,0,24000,0,0,0,130000,106000,24000,24000
053029,國巨第一96購01  ,0,0,0,0,0,0,0,0,0,24000,0,0,0,152000,128000,24000,24000
052553,技嘉國票96購01  ,0,0,0,0,0,0,0,0,0,24000,0,0,0,24000,0,24000,24000
055337,超眾兆豐98購01  ,0,0,0,0,0,0,0,0,0,24000,0,0,0,50000,26000,24000,24000
055202,神達群益97購01  ,0,0,0,0,0,0,0,0,0,24000,0,0,0,58000,34000,24000,24000
055005,晶相光元富97購01,0,0,0,0,0,0,0,0,0,24000,0,0,0,105000,81000,24000,24000
05589P,大立光中信9A售01,0,0,0,0,0,0,0,0,0,24000,0,0,0,133000,109000,24000,24000
053722,新光金凱基9C購01,0,0,0,0,0,0,0,0,0,24000,0,0,0,36000,12000,24000,24000
054065,樺漢國票97購01  ,0,0,0,0,0,0,0,0,0,24000,0,0,0,30000,6000,24000,24000
053927,牧德國票97購01  ,0,0,0,0,0,0,0,0,0,24000,0,0,0,42000,18000,24000,24000
1464,得力            ,72000,48000,24000,0,0,0,0,0,0,0,0,0,0,0,0,0,24000
1473,台南            ,132000,108000,24000,0,0,0,0,0,0,0,0,0,0,0,0,0,24000
06170P,禾伸堂元富97售02,0,0,0,0,0,0,0,0,0,24000,0,0,0,36000,12000,24000,24000
06114P,台積電統一97售03,0,0,0,0,0,0,0,0,0,24000,0,0,0,24000,0,24000,24000
06689P,鴻海中信9C售02  ,0,0,0,0,0,0,0,0,0,24000,0,0,0,57000,33000,24000,24000
8497,格威傳媒        ,27000,3000,24000,0,0,0,0,0,0,0,0,0,0,0,0,0,24000
3419,譁裕            ,39000,14000,25000,0,0,0,0,0,0,-1000,0,1000,-1000,0,0,0,24000
056352,鴻海元大99購01  ,0,0,0,0,0,0,0,0,0,23000,0,0,0,78000,55000,23000,23000
056672,元油2X元富98購10,0,0,0,0,0,0,0,0,0,23000,0,0,0,50000,27000,23000,23000
05645P,聯發科凱基96售13,0,0,0,0,0,0,0,0,0,23000,0,0,0,23000,0,23000,23000
057264,新光金兆豐98購01,0,0,0,0,0,0,0,0,0,23000,0,0,0,23000,0,23000,23000
056905,欣興元大98購03  ,0,0,0,0,0,0,0,0,0,23000,0,0,0,81000,58000,23000,23000
020008,元大特股高息N   ,0,0,0,0,0,0,0,0,0,23000,200000,0,200000,25000,202000,-177000,23000
01007T,兆豐國泰R2      ,23000,0,23000,0,0,0,0,0,0,0,0,0,0,0,0,0,23000
00662,富邦NASDAQ      ,41000,0,41000,0,0,0,0,0,0,-18000,0,0,0,135000,153000,-18000,23000
04334P,中石化康和93售01,0,0,0,0,0,0,0,0,0,23000,0,0,0,23000,0,23000,23000
049260,華新科元大96購01,0,0,0,0,0,0,0,0,0,23000,0,0,0,54000,31000,23000,23000
051418,智易國票97購01  ,0,0,0,0,0,0,0,0,0,23000,0,0,0,24000,1000,23000,23000
04782P,智伸科統一96售01,0,0,0,0,0,0,0,0,0,23000,0,0,0,33000,10000,23000,23000
047893,嘉聯益兆豐94購01,0,0,0,0,0,0,0,0,0,23000,0,0,0,25000,2000,23000,23000
051539,瀚宇博國票97購01,0,0,0,0,0,0,0,0,0,23000,0,0,0,66000,43000,23000,23000
051218,聯發科元富9B購02,0,0,0,0,0,0,0,0,0,23000,0,0,0,23000,0,23000,23000
052341,泰鼎凱基96購02  ,0,0,0,0,0,0,0,0,0,23000,0,0,0,53000,30000,23000,23000
050395,大立光元富94購10,0,0,0,0,0,0,0,0,0,23000,0,0,0,23000,0,23000,23000
052955,國巨日盛96購01  ,0,0,0,0,0,0,0,0,0,23000,0,0,0,23000,0,23000,23000
050996,隆達元大95購01  ,0,0,0,0,0,0,0,0,0,23000,0,0,0,50000,27000,23000,23000
054083,智伸科元富96購01,0,0,0,0,0,0,0,0,0,23000,0,0,0,23000,0,23000,23000
053720,宏達電凱基97購01,0,0,0,0,0,0,0,0,0,23000,0,0,0,102000,79000,23000,23000
053665,臺股指凱基96購26,0,0,0,0,0,0,0,0,0,23000,0,0,0,23000,0,23000,23000
054208,台積電國票97購07,0,0,0,0,0,0,0,0,0,23000,0,0,0,51000,28000,23000,23000
054250,漢唐元大96購04  ,0,0,0,0,0,0,0,0,0,23000,0,0,0,23000,0,23000,23000
055880,神達元富97購02  ,0,0,0,0,0,0,0,0,0,23000,0,0,0,70000,47000,23000,23000
054946,億光元大97購01  ,0,0,0,0,0,0,0,0,0,23000,0,0,0,58000,35000,23000,23000
055460,華擎永豐97購01  ,0,0,0,0,0,0,0,0,0,23000,0,0,0,23000,0,23000,23000
3004,豐達科          ,27000,4000,23000,0,0,0,0,0,0,0,0,0,0,0,0,0,23000
5515,建國            ,24000,1000,23000,0,0,0,0,0,0,0,0,0,0,0,0,0,23000
4952,凌通            ,23000,0,23000,0,0,0,0,0,0,0,0,0,0,0,0,0,23000
056793,臺股指群益98購03,0,0,0,0,0,0,0,0,0,22000,0,0,0,82000,60000,22000,22000
056985,智原群益98購03  ,0,0,0,0,0,0,0,0,0,22000,0,0,0,22000,0,22000,22000
057017,和大凱基98購01  ,0,0,0,0,0,0,0,0,0,22000,0,0,0,25000,3000,22000,22000
057232,京元電凱基98購02,0,0,0,0,0,0,0,0,0,22000,0,0,0,22000,0,22000,22000
057159,晶技永豐98購01  ,0,0,0,0,0,0,0,0,0,22000,0,0,0,64000,42000,22000,22000
057089,奇力新元富98購01,0,0,0,0,0,0,0,0,0,22000,0,0,0,50000,28000,22000,22000
056659,泰碩元大99購01  ,0,0,0,0,0,0,0,0,0,22000,0,0,0,204000,182000,22000,22000
056360,智邦元大98購01  ,0,0,0,0,0,0,0,0,0,22000,0,0,0,133000,111000,22000,22000
056311,泰鼎元大98購01  ,0,0,0,0,0,0,0,0,0,22000,0,0,0,173000,151000,22000,22000
056209,超眾永豐97購02  ,0,0,0,0,0,0,0,0,0,22000,0,0,0,22000,0,22000,22000
05977P,旺宏永豐96售06  ,0,0,0,0,0,0,0,0,0,22000,0,0,0,76000,54000,22000,22000
051364,鴻海國泰97購03  ,0,0,0,0,0,0,0,0,0,22000,0,0,0,22000,0,22000,22000
049044,和碩兆豐94購01  ,0,0,0,0,0,0,0,0,0,22000,0,0,0,62000,40000,22000,22000
049292,鴻海群益94購04  ,0,0,0,0,0,0,0,0,0,22000,0,0,0,22000,0,22000,22000
043784,鴻海凱基94購01  ,0,0,0,0,0,0,0,0,0,22000,0,0,0,22000,0,22000,22000
04358P,TPK永豐94售01   ,0,0,0,0,0,0,0,0,0,22000,0,0,0,22000,0,22000,22000
040508,上証2X國泰93購01,0,0,0,0,0,0,0,0,0,22000,0,0,0,22000,0,22000,22000
03635C,滬深2X元富99牛01,0,0,0,0,0,0,0,0,0,22000,0,0,0,101000,79000,22000,22000
051799,台積電永豐96購01,0,0,0,0,0,0,0,0,0,22000,0,0,0,25000,3000,22000,22000
052489,義隆國票96購02  ,0,0,0,0,0,0,0,0,0,22000,0,0,0,72000,50000,22000,22000
052067,中磊兆豐96購01  ,0,0,0,0,0,0,0,0,0,22000,0,0,0,112000,90000,22000,22000
051636,嘉晶國票95購02  ,0,0,0,0,0,0,0,0,0,22000,0,0,0,22000,0,22000,22000
051752,緯穎富邦96購01  ,0,0,0,0,0,0,0,0,0,22000,0,0,0,23000,1000,22000,22000
051712,嘉聯益群益95購01,0,0,0,0,0,0,0,0,0,22000,0,0,0,22000,0,22000,22000
05573P,仁寶元富96售02  ,0,0,0,0,0,0,0,0,0,22000,0,0,0,42000,20000,22000,22000
055557,華新科凱基97購01,0,0,0,0,0,0,0,0,0,22000,0,0,0,68000,46000,22000,22000
054400,健策永豐96購02  ,0,0,0,0,0,0,0,0,0,22000,0,0,0,175000,153000,22000,22000
05463P,創意國票96售04  ,0,0,0,0,0,0,0,0,0,22000,0,0,0,22000,0,22000,22000
054664,台表科元大97購04,0,0,0,0,0,0,0,0,0,22000,0,0,0,22000,0,22000,22000
5285,界霖            ,32000,10000,22000,0,0,0,0,0,0,0,0,0,0,0,0,0,22000
6216,居易            ,22000,0,22000,0,0,0,0,0,0,0,0,0,0,0,0,0,22000
3518,柏騰            ,46000,24000,22000,0,0,0,0,0,0,0,0,0,0,0,0,0,22000
3622,洋華            ,46000,22000,24000,0,0,0,0,0,0,-2000,0,2000,-2000,0,0,0,22000
06754P,台積電永豐98售03,0,0,0,0,0,0,0,0,0,22000,0,0,0,22000,0,22000,22000
06495P,華新科亞東9A售01,0,0,0,0,0,0,0,0,0,22000,0,0,0,22000,0,22000,22000
06487P,聯發科統一99售02,0,0,0,0,0,0,0,0,0,22000,0,0,0,202000,180000,22000,22000
06361P,聯發科群益97售06,0,0,0,0,0,0,0,0,0,22000,0,0,0,60000,38000,22000,22000
06356P,啟碁永豐97售01  ,0,0,0,0,0,0,0,0,0,22000,0,0,0,22000,0,22000,22000
06878P,台灣50日盛9B售01,0,0,0,0,0,0,0,0,0,22000,0,0,0,25000,3000,22000,22000
2527,宏璟            ,21000,5000,16000,0,0,0,0,0,0,6000,8000,2000,6000,0,0,0,22000
2707,晶華            ,35000,11084,23916,0,0,0,0,0,0,-2000,0,0,0,0,2000,-2000,21916
05919P,京鼎元大96售03  ,0,0,0,0,0,0,0,0,0,21000,0,0,0,69000,48000,21000,21000
057778,大立光群益98購02,0,0,0,0,0,0,0,0,0,21000,0,0,0,21000,0,21000,21000
057538,緯穎元大98購07  ,0,0,0,0,0,0,0,0,0,21000,0,0,0,53000,32000,21000,21000
057208,上海銀元富98購01,0,0,0,0,0,0,0,0,0,21000,0,0,0,77000,56000,21000,21000
056866,矽創群益98購03  ,0,0,0,0,0,0,0,0,0,21000,0,0,0,256000,235000,21000,21000
0054,元大台商50      ,0,0,0,0,0,0,0,0,0,21000,0,0,0,21000,0,21000,21000
01002T,土銀國泰R1      ,21000,0,21000,0,0,0,0,0,0,0,0,0,0,0,0,0,21000
051104,鈺齊元大96購01  ,0,0,0,0,0,0,0,0,0,21000,0,0,0,67000,46000,21000,21000
050857,義隆台新95購01  ,0,0,0,0,0,0,0,0,0,21000,0,0,0,133000,112000,21000,21000
05056P,訊芯群益95售01  ,0,0,0,0,0,0,0,0,0,21000,0,0,0,21000,0,21000,21000
050728,新日興國票94購01,0,0,0,0,0,0,0,0,0,21000,0,0,0,21000,0,21000,21000
051029,緯創元富95購01  ,0,0,0,0,0,0,0,0,0,21000,0,0,0,51000,30000,21000,21000
05273P,國巨群益95售02  ,0,0,0,0,0,0,0,0,0,21000,0,0,0,31000,10000,21000,21000
053377,台積電元大98購01,0,0,0,0,0,0,0,0,0,21000,0,0,0,28000,7000,21000,21000
053243,楠梓電國票97購02,0,0,0,0,0,0,0,0,0,21000,0,0,0,21000,0,21000,21000
054263,聯茂元大96購02  ,0,0,0,0,0,0,0,0,0,21000,0,0,0,37000,16000,21000,21000
054184,A50正2永豐96購01,0,0,0,0,0,0,0,0,0,21000,0,0,0,21000,0,21000,21000
054280,牧德群益98購01  ,0,0,0,0,0,0,0,0,0,21000,0,0,0,41000,20000,21000,21000
056114,台達電群益97購02,0,0,0,0,0,0,0,0,0,21000,0,0,0,21000,0,21000,21000
08897P,國巨群益01售10  ,0,0,0,0,0,0,0,0,0,21000,0,0,0,60000,39000,21000,21000
06406P,可成元富97售04  ,0,0,0,0,0,0,0,0,0,21000,0,0,0,39000,18000,21000,21000
06109P,華新科群益97售05,0,0,0,0,0,0,0,0,0,21000,0,0,0,71000,50000,21000,21000
06222P,致茂元富97售02  ,0,0,0,0,0,0,0,0,0,21000,0,0,0,31000,10000,21000,21000
3530,晶相光          ,117000,118000,-1000,0,0,0,0,0,0,22000,2000,0,2000,71000,51000,20000,21000
4532,瑞智            ,42000,21000,21000,0,0,0,0,0,0,0,0,0,0,0,0,0,21000
910322,康師傅-DR       ,21000,0,21000,0,0,0,0,0,0,0,0,0,0,0,0,0,21000
056878,元油2X國票99購02,0,0,0,0,0,0,0,0,0,20000,0,0,0,20000,0,20000,20000
056789,和碩群益98購01  ,0,0,0,0,0,0,0,0,0,20000,0,0,0,60000,40000,20000,20000
056806,元油2X統一98購02,0,0,0,0,0,0,0,0,0,20000,0,0,0,40000,20000,20000,20000
056813,聯茂統一99購01  ,0,0,0,0,0,0,0,0,0,20000,0,0,0,20000,0,20000,20000
056761,元油2X元大98購07,0,0,0,0,0,0,0,0,0,20000,0,0,0,20000,0,20000,20000
057013,聯發科麥證98購01,0,0,0,75000,55000,20000,0,0,0,20000,0,0,0,75000,55000,20000,20000
056913,臺股指元大99購05,0,0,0,0,0,0,0,0,0,20000,0,0,0,20000,0,20000,20000
057067,元油2X永豐9B購01,0,0,0,0,0,0,0,0,0,20000,0,0,0,20000,0,20000,20000
05732P,臺股指統一96售02,0,0,0,0,0,0,0,0,0,20000,0,0,0,20000,0,20000,20000
056213,建準國票98購02  ,0,0,0,0,0,0,0,0,0,20000,0,0,0,30000,10000,20000,20000
056169,鴻海元富97購08  ,0,0,0,0,0,0,0,0,0,20000,0,0,0,41000,21000,20000,20000
056220,上証2X凱基99購01,0,0,0,0,0,0,0,0,0,20000,0,0,0,20000,0,20000,20000
056250,瑞昱兆豐97購02  ,0,0,0,0,0,0,0,0,0,20000,0,0,0,20000,0,20000,20000
056315,同欣電元大97購05,0,0,0,0,0,0,0,0,0,20000,0,0,0,63000,43000,20000,20000
056413,上証反中信9A購01,0,0,0,0,0,0,0,0,0,20000,0,0,0,60000,40000,20000,20000
056621,宏達電永豐98購01,0,0,0,0,0,0,0,0,0,20000,0,0,0,41000,21000,20000,20000
056673,中石化元富9B購01,0,0,0,0,0,0,0,0,0,20000,0,0,0,20000,0,20000,20000
05647P,聯發科國票97售02,0,0,0,0,0,0,0,0,0,20000,0,0,0,56000,36000,20000,20000
056534,京元電凱基98購01,0,0,0,0,0,0,0,0,0,20000,0,0,0,39000,19000,20000,20000
056568,台表科群益98購01,0,0,0,0,0,0,0,0,0,20000,0,0,0,20000,0,20000,20000
057386,聯發科永豐98購04,0,0,0,0,0,0,0,0,0,20000,0,0,0,50000,30000,20000,20000
057942,可成國票99購02  ,0,0,0,0,0,0,0,0,0,20000,0,0,0,30000,10000,20000,20000
058239,景碩元大99購03  ,0,0,0,0,0,0,0,0,0,20000,0,0,0,41000,21000,20000,20000
058054,台積電統一9C購01,0,0,0,0,0,0,0,0,0,20000,0,0,0,20000,0,20000,20000
057986,華新科元富99購05,0,0,0,0,0,0,0,0,0,20000,0,0,0,57000,37000,20000,20000
058100,聯茂國泰99購02  ,0,0,0,0,0,0,0,0,0,20000,0,0,0,20000,0,20000,20000
058087,鴻海元大98購15  ,0,0,0,0,0,0,0,0,0,20000,0,0,0,72000,52000,20000,20000
051351,台積電元大95購15,0,0,0,0,0,0,0,0,0,20000,0,0,0,20000,0,20000,20000
050253,百和國泰96購01  ,0,410000,-410000,0,0,0,0,0,0,430000,0,0,0,430000,0,430000,20000
050229,鴻海麥證94購02  ,0,0,0,32000,10000,22000,0,0,0,20000,0,0,0,32000,12000,20000,20000
050197,矽格元大94購04  ,0,0,0,0,0,0,0,0,0,20000,0,0,0,47000,27000,20000,20000
051368,國泰金富邦97購01,0,0,0,0,0,0,0,0,0,20000,0,0,0,20000,0,20000,20000
051481,聯詠凱基95購02  ,0,0,0,0,0,0,0,0,0,20000,0,0,0,25000,5000,20000,20000
047927,宏達電凱基93購03,0,0,0,0,0,0,0,0,0,20000,0,0,0,20000,0,20000,20000
047804,鴻海凱基93購26  ,0,0,0,0,0,0,0,0,0,20000,0,0,0,199000,179000,20000,20000
047702,鴻海凱基94購13  ,0,0,0,0,0,0,0,0,0,20000,0,0,0,20000,0,20000,20000
049591,開發金元大98購01,0,0,0,0,0,0,0,0,0,20000,0,0,0,20000,0,20000,20000
048236,A50正2國票97購02,0,0,0,0,0,0,0,0,0,20000,0,0,0,20000,0,20000,20000
048186,元黃金元大96購01,0,0,0,0,0,0,0,0,0,20000,0,0,0,20000,0,20000,20000
048195,聯發科元大93購23,0,0,0,0,0,0,0,0,0,20000,0,0,0,20000,0,20000,20000
048091,漢唐凱基93購03  ,0,0,0,0,0,0,0,0,0,20000,0,0,0,20000,0,20000,20000
048147,元油反元富95購01,0,0,0,0,0,0,0,0,0,20000,0,0,0,20000,0,20000,20000
048105,滬深2X群益99購02,0,0,0,0,0,0,0,0,0,20000,0,0,0,30000,10000,20000,20000
048097,聯詠凱基93購07  ,0,0,0,0,0,0,0,0,0,20000,0,0,0,20000,0,20000,20000
049072,台積電凱基94購08,0,0,0,0,0,0,0,0,0,20000,0,0,0,20000,0,20000,20000
049087,晶相光凱基94購02,0,0,0,0,0,0,0,0,0,20000,0,0,0,20000,0,20000,20000
04931P,臻鼎元富94售09  ,0,0,0,0,0,0,0,0,0,20000,0,0,0,30000,10000,20000,20000
049337,台達電統一94購03,0,0,0,0,0,0,0,0,0,20000,0,0,0,20000,0,20000,20000
049338,台達電統一94購04,0,0,0,0,0,0,0,0,0,20000,0,0,0,20000,0,20000,20000
048889,牧德元富94購03  ,0,0,0,0,0,0,0,0,0,20000,0,0,0,30000,10000,20000,20000
048873,玉晶光國票95購02,0,0,0,0,0,0,0,0,0,20000,0,0,0,47000,27000,20000,20000
048864,昇陽半群益94購01,0,0,0,0,0,0,0,0,0,20000,0,0,0,20000,0,20000,20000
048714,巨大康和94購01  ,0,0,0,0,0,0,0,0,0,20000,0,0,0,20000,0,20000,20000
049401,可成群益94購04  ,0,0,0,0,0,0,0,0,0,20000,0,0,0,20000,0,20000,20000
049449,宏碁統一94購01  ,0,0,0,0,0,0,0,0,0,20000,0,0,0,20000,0,20000,20000
049472,楠梓電永豐95購01,0,0,0,0,0,0,0,0,0,20000,0,0,0,20000,0,20000,20000
049760,滬深2X國泰95購02,0,0,0,0,0,0,0,0,0,20000,0,0,0,20000,0,20000,20000
048418,瑞昱統一93購04  ,0,0,0,0,0,0,0,0,0,20000,0,0,0,20000,0,20000,20000
048496,南亞科元大93購05,0,0,0,0,0,0,0,0,0,20000,0,0,0,20000,0,20000,20000
00661,元大日經225     ,0,0,0,0,0,0,0,0,0,20000,0,0,0,20000,0,20000,20000
043599,宏達電元大93購03,0,0,0,0,0,0,0,0,0,20000,0,0,0,20000,0,20000,20000
043580,大立光元富94購01,0,0,0,0,0,0,0,0,0,20000,0,0,0,20000,0,20000,20000
04379P,大立光元大94售06,0,0,0,0,0,0,0,0,0,20000,0,0,0,20000,0,20000,20000
03371P,聯電元大02售07  ,0,0,0,0,0,0,0,0,0,20000,0,0,0,20000,0,20000,20000
03501P,奇鋐國票03售02  ,0,0,0,0,0,0,0,0,0,20000,0,0,0,20000,0,20000,20000
044221,群創凱基93購03  ,0,0,0,0,0,0,0,0,0,20000,0,0,0,20000,0,20000,20000
044011,鴻海凱基93購03  ,0,0,0,0,0,0,0,0,0,20000,0,0,0,24000,4000,20000,20000
03959P,義隆元富96售01  ,0,0,0,0,0,0,0,0,0,20000,0,0,0,20000,0,20000,20000
04221P,大立光兆豐93售05,0,0,0,0,0,0,0,0,0,20000,0,0,0,20000,0,20000,20000
042516,健策凱基93購01  ,0,0,0,0,0,0,0,0,0,20000,0,0,0,20000,0,20000,20000
042556,台灣50中信96購04,0,0,0,0,0,0,0,0,0,20000,0,0,0,27000,7000,20000,20000
04260P,亞德客群益93售01,0,0,0,0,0,0,0,0,0,20000,0,0,0,20000,0,20000,20000
044673,上銀凱基93購04  ,0,0,0,0,0,0,0,0,0,20000,0,0,0,30000,10000,20000,20000
047212,宏達電富邦97購01,0,0,0,0,0,0,0,0,0,20000,0,0,0,21000,1000,20000,20000
047187,亞光元大94購01  ,0,0,0,0,0,0,0,0,0,20000,0,0,0,20000,0,20000,20000
047166,台達電康和93購01,0,0,0,0,0,0,0,0,0,20000,0,0,0,20000,0,20000,20000
044408,聯茂凱基93購02  ,0,0,0,0,0,0,0,0,0,20000,0,0,0,20000,0,20000,20000
047051,可成國票94購01  ,0,0,0,0,0,0,0,0,0,20000,0,0,0,50000,30000,20000,20000
044377,南茂兆豐93購01  ,0,0,0,0,0,0,0,0,0,20000,0,0,0,20000,0,20000,20000
048642,聯發科元大94購02,0,0,0,0,0,0,0,0,0,20000,0,0,0,30000,10000,20000,20000
049289,樺漢兆豐94購01  ,0,0,0,0,0,0,0,0,0,20000,0,0,0,20000,0,20000,20000
049262,大立光元大94購09,0,0,0,0,0,0,0,0,0,20000,0,0,0,20000,0,20000,20000
048650,台表科元大93購05,0,0,0,0,0,0,0,0,0,20000,0,0,0,30000,10000,20000,20000
049138,台積電元大94購05,0,0,0,0,0,0,0,0,0,20000,0,0,0,50000,30000,20000,20000
048388,華通國票94購01  ,0,0,0,0,0,0,0,0,0,20000,0,0,0,20000,0,20000,20000
046538,大立光群益93購06,0,0,0,0,0,0,0,0,0,20000,0,0,0,20000,0,20000,20000
046572,貿聯國泰94購01  ,0,0,0,0,0,0,0,0,0,20000,0,0,0,20000,0,20000,20000
046630,京元電元富95購03,0,0,0,0,0,0,0,0,0,20000,0,0,0,30000,10000,20000,20000
047490,元油反統一93購01,0,0,0,0,0,0,0,0,0,20000,0,0,0,20000,0,20000,20000
04474P,聯發科元大94售03,0,0,0,0,0,0,0,0,0,20000,0,0,0,20000,0,20000,20000
047405,香港2X統一96購01,0,0,0,0,0,0,0,0,0,20000,0,0,0,28000,8000,20000,20000
047350,華新科凱基94購02,0,0,0,0,0,0,0,0,0,20000,0,0,0,20000,0,20000,20000
045694,智邦兆豐93購05  ,0,0,0,0,0,0,0,0,0,20000,0,0,0,20000,0,20000,20000
045626,上銀凱基93購05  ,0,0,0,0,0,0,0,0,0,20000,0,0,0,30000,10000,20000,20000
046389,百和凱基93購04  ,0,0,0,0,0,0,0,0,0,20000,0,0,0,20000,0,20000,20000
053242,聯電國票96購04  ,0,0,0,0,0,0,0,0,0,20000,0,0,0,40000,20000,20000,20000
053190,聯發科統一99購01,0,0,0,0,0,0,0,0,0,20000,0,0,0,20000,0,20000,20000
053428,中磊永豐96購02  ,0,0,0,0,0,0,0,0,0,20000,0,0,0,69000,49000,20000,20000
052855,群創日盛99購01  ,0,0,0,0,0,0,0,0,0,20000,0,0,0,20000,0,20000,20000
052838,新唐國泰98購01  ,0,0,0,0,0,0,0,0,0,20000,0,0,0,30000,10000,20000,20000
052705,超眾國票97購01  ,0,0,0,0,0,0,0,0,0,20000,0,0,0,20000,0,20000,20000
052751,臺股指元大96購05,0,0,0,0,0,0,0,0,0,20000,0,0,0,20000,0,20000,20000
052768,泰鼎群益96購01  ,0,0,0,0,0,0,0,0,0,20000,0,0,0,103000,83000,20000,20000
052616,鴻海國泰98購02  ,0,0,0,0,0,0,0,0,0,20000,0,0,0,20000,0,20000,20000
052617,景碩國泰98購01  ,0,0,0,0,0,0,0,0,0,20000,0,0,0,40000,20000,20000,20000
050670,牧德永豐94購03  ,0,0,0,0,0,0,0,0,0,20000,0,0,0,26000,6000,20000,20000
052592,華通群益98購01  ,0,0,0,0,0,0,0,0,0,20000,0,0,0,20000,0,20000,20000
05064P,台積電元大95售10,0,0,0,0,0,0,0,0,0,20000,0,0,0,20000,0,20000,20000
050977,聯發科統一95購02,0,0,0,0,0,0,0,0,0,20000,0,0,0,20000,0,20000,20000
050611,鴻海元大95購02  ,0,0,0,0,0,0,0,0,0,20000,0,0,0,20000,0,20000,20000
050937,可成國票96購02  ,0,0,0,0,0,0,0,0,0,20000,0,0,0,20000,0,20000,20000
050811,國巨凱基95購02  ,0,0,0,0,0,0,0,0,0,20000,0,0,0,44000,24000,20000,20000
050769,聯發科元大94購17,0,0,0,0,0,0,0,0,0,20000,0,0,0,60000,40000,20000,20000
050787,致伸國泰96購01  ,0,0,0,0,0,0,0,0,0,20000,0,0,0,20000,0,20000,20000
050538,鴻海凱基95購06  ,0,0,0,0,0,0,0,0,0,20000,0,0,0,20000,0,20000,20000
052539,華邦電統一95購01,0,0,0,0,0,0,0,0,0,20000,0,0,0,20000,0,20000,20000
05159P,聯發科永豐95售04,0,0,0,0,0,0,0,0,0,20000,0,0,0,20000,0,20000,20000
051567,台積電富邦95購06,0,0,0,0,0,0,0,0,0,20000,0,0,0,20000,0,20000,20000
051696,新日興中信96購01,0,0,0,0,0,0,0,0,0,20000,0,0,0,21000,1000,20000,20000
052071,臺股指兆豐95購01,0,0,0,0,0,0,0,0,0,20000,0,0,0,20000,0,20000,20000
052108,鴻海元富95購11  ,0,0,0,0,0,0,0,0,0,20000,0,0,0,20000,0,20000,20000
052125,群創國票95購02  ,0,0,0,0,0,0,0,0,0,20000,0,0,0,20000,0,20000,20000
051178,大立光凱基95購10,0,0,0,0,0,0,0,0,0,20000,0,0,0,40000,20000,20000,20000
051951,聯發科元富95購02,0,0,0,0,0,0,0,0,0,20000,0,0,0,90000,70000,20000,20000
050332,鴻海國泰96購05  ,0,0,0,0,0,0,0,0,0,20000,0,0,0,22000,2000,20000,20000
052488,旺宏國票96購03  ,0,0,0,0,0,0,0,0,0,20000,0,0,0,30000,10000,20000,20000
050420,鴻海凱基95購03  ,0,0,0,0,0,0,0,0,0,20000,0,0,0,20000,0,20000,20000
052398,瑞昱凱基95購06  ,0,0,0,0,0,0,0,0,0,20000,0,0,0,20000,0,20000,20000
052414,聯電麥證95購01  ,0,0,0,20000,0,20000,0,0,0,20000,0,0,0,20000,0,20000,20000
052430,泰碩永豐95購02  ,0,0,0,0,0,0,0,0,0,20000,0,0,0,20000,0,20000,20000
052292,緯穎元富95購02  ,0,0,0,0,0,0,0,0,0,20000,0,0,0,20000,0,20000,20000
052209,深中小元大95購02,0,0,0,0,0,0,0,0,0,20000,0,0,0,20000,0,20000,20000
049902,大立光元富94購05,0,0,0,0,0,0,0,0,0,20000,0,0,0,20000,0,20000,20000
049988,貿聯凱基94購02  ,0,0,0,0,0,0,0,0,0,20000,0,0,0,20000,0,20000,20000
050120,GIS元大95購02   ,0,0,0,0,0,0,0,0,0,20000,0,0,0,20000,0,20000,20000
050479,上証2X國票95購02,0,0,0,0,0,0,0,0,0,20000,0,0,0,30000,10000,20000,20000
051786,A50正2國票95購02,0,0,0,0,0,0,0,0,0,20000,0,0,0,20000,0,20000,20000
051241,台積電元大95購13,0,0,0,0,0,0,0,0,0,20000,0,0,0,20000,0,20000,20000
051252,健鼎元大95購01  ,0,0,0,0,0,0,0,0,0,20000,0,0,0,190000,170000,20000,20000
055999,電子類富邦99購01,0,0,0,0,0,0,0,0,0,20000,0,0,0,20000,0,20000,20000
056067,智原元大97購01  ,0,0,0,0,0,0,0,0,0,20000,0,0,0,20000,0,20000,20000
055864,臺股指元大97購01,0,0,0,0,0,0,0,0,0,20000,0,0,0,20000,0,20000,20000
055616,智原國票97購03  ,0,0,0,0,0,0,0,0,0,20000,0,0,0,20000,0,20000,20000
055673,旺宏日盛97購01  ,0,0,0,0,0,0,0,0,0,20000,0,0,0,20000,0,20000,20000
055664,和大群益98購02  ,0,0,0,0,0,0,0,0,0,20000,0,0,0,60000,40000,20000,20000
055656,新唐元富97購01  ,0,0,0,0,0,0,0,0,0,20000,0,0,0,20000,0,20000,20000
055652,聯詠元富01購01  ,0,0,0,0,0,0,0,0,0,20000,0,0,0,20000,0,20000,20000
055775,友達凱基9A購01  ,0,0,0,0,0,0,0,0,0,20000,0,0,0,20000,0,20000,20000
055797,華通富邦98購01  ,0,0,0,0,0,0,0,0,0,20000,0,0,0,20000,0,20000,20000
055807,勤誠永豐97購01  ,0,0,0,0,0,0,0,0,0,20000,0,0,0,20000,0,20000,20000
055498,大立光元大97購07,0,0,0,0,0,0,0,0,0,20000,0,0,0,21000,1000,20000,20000
055361,樺漢凱基97購01  ,0,0,0,0,0,0,0,0,0,20000,0,0,0,80000,60000,20000,20000
055424,聚陽群益98購01  ,0,0,0,0,0,0,0,0,0,20000,0,0,0,50000,30000,20000,20000
055320,建準國票98購01  ,0,0,0,0,0,0,0,0,0,20000,0,0,0,20000,0,20000,20000
055321,大立光國票98購02,0,0,0,0,0,0,0,0,0,20000,0,0,0,20000,0,20000,20000
054963,牧德元大97購02  ,0,0,0,0,0,0,0,0,0,20000,0,0,0,23000,3000,20000,20000
054886,大毅統一97購01  ,0,0,0,0,0,0,0,0,0,20000,0,0,0,20000,0,20000,20000
055185,晶相光統一97購01,0,0,0,0,0,0,0,0,0,20000,0,0,0,20000,0,20000,20000
055156,華新科元大99購02,0,0,0,0,0,0,0,0,0,20000,0,0,0,20000,0,20000,20000
055097,福懋科群益97購01,0,0,0,0,0,0,0,0,0,20000,0,0,0,77000,57000,20000,20000
054310,牧德凱基98購01  ,0,0,0,0,0,0,0,0,0,20000,0,0,0,26000,6000,20000,20000
054217,台表科國票97購05,0,0,0,0,0,0,0,0,0,20000,0,0,0,65000,45000,20000,20000
054261,智伸科元大96購03,0,0,0,0,0,0,0,0,0,20000,0,0,0,20000,0,20000,20000
054238,聯茂群益96購04  ,0,0,0,0,0,0,0,0,0,20000,0,0,0,20000,0,20000,20000
054236,貿聯群益96購01  ,0,0,0,0,0,0,0,0,0,20000,0,0,0,20000,0,20000,20000
054225,華新元富96購01  ,0,0,0,0,0,0,0,0,0,20000,0,0,0,20000,0,20000,20000
054229,超眾元富96購05  ,0,0,0,0,0,0,0,0,0,20000,0,0,0,30000,10000,20000,20000
054403,同欣電永豐96購02,0,0,0,0,0,0,0,0,0,20000,0,0,0,20000,0,20000,20000
054432,台積電台新96購05,0,0,0,0,0,0,0,0,0,20000,0,0,0,20000,0,20000,20000
054615,牧德永豐98購01  ,0,0,0,0,0,0,0,0,0,20000,0,0,0,20000,0,20000,20000
053740,元油反國票99購01,0,0,0,0,0,0,0,0,0,20000,0,0,0,20000,0,20000,20000
053530,聯發科康和96購01,0,0,0,0,0,0,0,0,0,20000,0,0,0,20000,0,20000,20000
053492,華邦電兆豐97購01,0,0,0,0,0,0,0,0,0,20000,0,0,0,20000,0,20000,20000
053627,宏碁兆豐97購01  ,0,0,0,0,0,0,0,0,0,20000,0,0,0,20000,0,20000,20000
053609,華新中信9A購01  ,0,0,0,0,0,0,0,0,0,20000,0,0,0,20000,0,20000,20000
054080,微星中信98購01  ,0,0,0,0,0,0,0,0,0,20000,0,0,0,20000,0,20000,20000
054153,宏達電國泰97購01,0,0,0,0,0,0,0,0,0,20000,0,0,0,269000,249000,20000,20000
054108,台積電凱基96購22,0,0,0,0,0,0,0,0,0,20000,0,0,0,20000,0,20000,20000
054094,創意群益96購02  ,0,0,0,0,0,0,0,0,0,20000,0,0,0,20000,0,20000,20000
054110,群創凱基98購09  ,0,0,0,0,0,0,0,0,0,20000,0,0,0,70000,50000,20000,20000
06194P,台積電元富97售05,0,0,0,0,0,0,0,0,0,20000,0,0,0,323000,303000,20000,20000
06141P,大立光日盛97售01,0,0,0,0,0,0,0,0,0,20000,0,0,0,20000,0,20000,20000
06433P,大立光群益99售01,0,0,0,0,0,0,0,0,0,20000,0,0,0,20000,0,20000,20000
06320P,上銀統一97售04  ,0,0,0,0,0,0,0,0,0,20000,0,0,0,20000,0,20000,20000
06261P,上銀凱基97售03  ,0,0,0,0,0,0,0,0,0,20000,0,0,0,20000,0,20000,20000
06676P,華新科國票98售03,0,0,0,0,0,0,0,0,0,20000,0,0,0,58000,38000,20000,20000
06881P,國巨群益98售10  ,0,0,0,0,0,0,0,0,0,20000,0,0,0,41000,21000,20000,20000
1423,利華            ,20000,0,20000,0,0,0,0,0,0,0,0,0,0,0,0,0,20000
2486,一詮            ,29000,3000,26000,0,0,0,0,0,0,-6000,0,6000,-6000,0,0,0,20000
6271,同欣電          ,308000,111300,196700,0,0,0,348000,114000,234000,-411000,20000,403000,-383000,4000,32000,-28000,19700
058230,國巨元大99購11  ,0,0,0,0,0,0,0,0,0,19000,0,0,0,20000,1000,19000,19000
05840P,臺股指富邦96售07,0,0,0,0,0,0,0,0,0,19000,0,0,0,20000,1000,19000,19000
057478,智邦元大99購01  ,0,0,0,0,0,0,0,0,0,19000,0,0,0,201000,182000,19000,19000
056523,光寶科中信98購01,0,0,0,0,0,0,0,0,0,19000,0,0,0,52000,33000,19000,19000
056460,同欣電凱基99購01,0,0,0,0,0,0,0,0,0,19000,0,0,0,19000,0,19000,19000
056491,南亞科國泰99購01,0,0,0,0,0,0,0,0,0,19000,0,0,0,19000,0,19000,19000
056655,旺宏元大99購02  ,0,0,0,0,0,0,0,0,0,19000,0,0,0,35000,16000,19000,19000
057321,台泥群益98購01  ,0,0,0,0,0,0,0,0,0,19000,0,0,0,53000,34000,19000,19000
057252,牧德元富98購01  ,0,0,0,0,0,0,0,0,0,19000,0,0,0,166000,147000,19000,19000
057289,力成元大98購03  ,0,0,0,0,0,0,0,0,0,19000,0,0,0,69000,50000,19000,19000
057041,國巨元大99購04  ,0,0,0,0,0,0,0,0,0,19000,0,0,0,104000,85000,19000,19000
04585P,楠梓電永豐94售02,0,0,0,0,0,0,0,0,0,19000,0,0,0,19000,0,19000,19000
046903,友達凱基99購01  ,0,0,0,0,0,0,0,0,0,19000,0,0,0,84000,65000,19000,19000
04724P,可成凱基94售08  ,0,0,0,0,0,0,0,0,0,19000,0,0,0,19000,0,19000,19000
0051,元大中型100     ,0,0,0,0,0,0,0,0,0,19000,0,0,0,19000,0,19000,19000
048610,華新科凱基94購04,0,0,0,0,0,0,0,0,0,19000,0,0,0,20000,1000,19000,19000
048742,瀚宇博統一94購01,0,0,0,0,0,0,0,0,0,19000,0,0,0,20000,1000,19000,19000
048754,瀚宇博元富97購01,0,0,0,0,0,0,0,0,0,19000,0,0,0,28000,9000,19000,19000
048939,華擎永豐94購01  ,0,0,0,0,0,0,0,0,0,19000,0,0,0,29000,10000,19000,19000
051382,玉晶光群益98購02,0,0,0,0,0,0,0,0,0,19000,0,0,0,69000,50000,19000,19000
051399,玉晶光台新96購01,0,0,0,0,0,0,0,0,0,19000,0,0,0,32000,13000,19000,19000
052325,高股息中信99購01,0,0,0,0,0,0,0,0,0,19000,0,0,0,27000,8000,19000,19000
052036,臺股指群益95購09,0,0,0,0,0,0,0,0,0,19000,0,0,0,19000,0,19000,19000
051959,台郡台新95購03  ,0,0,0,0,0,0,0,0,0,19000,0,0,0,20000,1000,19000,19000
051971,元金2X凱基97購02,0,0,0,0,0,0,0,0,0,19000,0,0,0,33000,14000,19000,19000
051722,玉晶光永豐97購01,0,0,0,0,0,0,0,0,0,19000,0,0,0,20000,1000,19000,19000
050576,南亞科國票95購01,0,0,0,0,0,0,0,0,0,19000,0,0,0,20000,1000,19000,19000
050779,超眾元大96購03  ,0,0,0,0,0,0,0,0,0,19000,0,0,0,19000,0,19000,19000
053077,同欣電永豐96購01,0,0,0,0,0,0,0,0,0,19000,0,0,0,19000,0,19000,19000
053450,同欣電凱基96購02,0,0,0,0,0,0,0,0,0,19000,0,0,0,19000,0,19000,19000
053192,創意統一96購01  ,0,0,0,0,0,0,0,0,0,19000,0,0,0,39000,20000,19000,19000
054649,聯茂群益97購01  ,0,0,0,0,0,0,0,0,0,19000,0,0,0,33000,14000,19000,19000
054802,高股息元大97購01,0,0,0,0,0,0,0,0,0,19000,0,0,0,70000,51000,19000,19000
055026,健和興國泰98購01,0,0,0,0,0,0,0,0,0,19000,0,0,0,19000,0,19000,19000
055284,全新元大99購01  ,0,0,0,0,0,0,0,0,0,19000,0,0,0,52000,33000,19000,19000
05556P,全新國票96售04  ,0,0,0,0,0,0,0,0,0,19000,0,0,0,36000,17000,19000,19000
056061,國泰金元大97購02,0,0,0,0,0,0,0,0,0,19000,0,0,0,19000,0,19000,19000
4737,華廣            ,47000,28000,19000,0,0,0,0,0,0,0,0,0,0,0,0,0,19000
3305,昇貿            ,26000,7000,19000,0,0,0,0,0,0,0,0,0,0,0,0,0,19000
2459,敦吉            ,20000,1000,19000,0,0,0,0,0,0,0,0,0,0,0,0,0,19000
06859P,元金2X中信9C售01,0,0,0,0,0,0,0,0,0,19000,0,0,0,20000,1000,19000,19000
06528P,台積電富邦99售03,0,0,0,0,0,0,0,0,0,19000,0,0,0,21000,2000,19000,19000
056908,牧德元大99購03  ,0,0,0,0,0,0,0,0,0,18000,0,0,0,46000,28000,18000,18000
057304,為升兆豐99購02  ,0,0,0,0,0,0,0,0,0,18000,0,0,0,20000,2000,18000,18000
057379,寶成元大98購02  ,0,0,0,0,0,0,0,0,0,18000,0,0,0,18000,0,18000,18000
057077,國巨統一98購06  ,0,0,0,0,0,0,0,0,0,18000,0,0,0,28000,10000,18000,18000
056284,台積電永豐97購06,0,0,0,0,0,0,0,0,0,18000,0,0,0,32000,14000,18000,18000
057394,台積電中信9C購02,0,0,0,0,0,0,0,0,0,18000,0,0,0,18000,0,18000,18000
057763,康控凱基99購02  ,0,0,0,0,0,0,0,0,0,18000,0,0,0,34000,16000,18000,18000
058240,景碩元大99購04  ,0,0,0,0,0,0,0,0,0,18000,0,0,0,18000,0,18000,18000
058250,台虹元大99購01  ,0,0,0,0,0,0,0,0,0,18000,0,0,0,20000,2000,18000,18000
047860,臺股指國票93購15,0,0,0,0,0,0,0,0,0,18000,0,0,0,36000,18000,18000,18000
049003,智邦中信95購01  ,0,0,0,0,0,0,0,0,0,18000,0,0,0,18000,0,18000,18000
049849,欣興群益94購04  ,0,0,0,0,0,0,0,0,0,18000,0,0,0,18000,0,18000,18000
04388P,滬深2X凱基95售05,0,0,0,0,0,0,0,0,0,18000,0,0,0,18000,0,18000,18000
047222,鴻海凱基94購04  ,0,0,0,0,0,0,0,0,0,18000,0,0,0,48000,30000,18000,18000
04256P,美律國票93售03  ,0,0,0,0,0,0,0,0,0,18000,0,0,0,18000,0,18000,18000
049273,臺股指元大94購08,0,0,0,0,0,0,0,0,0,18000,0,0,0,18000,0,18000,18000
053194,緯穎統一99購01  ,0,0,0,0,0,0,0,0,0,18000,0,0,0,58000,40000,18000,18000
053280,群創元大9C購01  ,0,0,0,0,0,0,0,0,0,18000,0,0,0,131000,113000,18000,18000
052979,上銀元大96購02  ,0,0,0,0,0,0,0,0,0,18000,0,0,0,58000,40000,18000,18000
05065P,燿華元大96售03  ,0,0,0,0,0,0,0,0,0,18000,0,0,0,67000,49000,18000,18000
05069P,鴻海統一96售03  ,0,0,0,0,0,0,0,0,0,18000,0,0,0,18000,0,18000,18000
052689,玉晶光元大98購03,0,0,0,0,0,0,0,0,0,18000,0,0,0,18000,0,18000,18000
051740,可成國票96購04  ,0,0,0,0,0,0,0,0,0,18000,0,0,0,38000,20000,18000,18000
051575,國巨元大96購03  ,0,0,0,0,0,0,0,0,0,18000,0,0,0,76000,58000,18000,18000
051988,台光電元大95購01,0,0,0,0,0,0,0,0,0,18000,0,0,0,35000,17000,18000,18000
052177,京鼎元大95購02  ,0,0,0,0,0,0,0,0,0,18000,0,0,0,18000,0,18000,18000
050481,泰鼎國票96購01  ,0,0,0,0,0,0,0,0,0,18000,0,0,0,27000,9000,18000,18000
056057,華邦電元大97購05,0,0,0,0,0,0,0,0,0,18000,0,0,0,20000,2000,18000,18000
055443,台虹國票98購01  ,0,0,0,0,0,0,0,0,0,18000,0,0,0,48000,30000,18000,18000
054942,凱美元大97購02  ,0,0,0,0,0,0,0,0,0,18000,0,0,0,18000,0,18000,18000
054807,台化元大9A購02  ,0,0,0,0,0,0,0,0,0,18000,0,0,0,18000,0,18000,18000
054461,台積電凱基97購09,0,0,0,0,0,0,0,0,0,18000,0,0,0,18000,0,18000,18000
054473,鴻海中信96購02  ,0,0,0,0,0,0,0,0,0,18000,0,0,0,20000,2000,18000,18000
05417P,燿華永豐95售07  ,0,0,0,0,0,0,0,0,0,18000,0,0,0,30000,12000,18000,18000
054276,國巨群益96購07  ,0,0,0,0,0,0,0,0,0,18000,0,0,0,35000,17000,18000,18000
054042,華泰元大96購01  ,0,0,0,0,0,0,0,0,0,18000,0,0,0,68000,50000,18000,18000
053549,南亞科凱基96購02,0,0,0,0,0,0,0,0,0,18000,0,0,0,90000,72000,18000,18000
06720P,智邦亞東99售01  ,0,0,0,0,0,0,0,0,0,18000,0,0,0,18000,0,18000,18000
2468,華經            ,26000,7000,19000,0,0,0,0,0,0,-1000,1000,2000,-1000,0,0,0,18000
2611,志信            ,24000,6000,18000,0,0,0,0,0,0,0,0,0,0,0,0,0,18000
2849,安泰銀          ,28000,10000,18000,0,0,0,0,0,0,0,0,0,0,0,0,0,18000
1315,達新            ,81000,63000,18000,0,0,0,0,0,0,0,0,0,0,0,0,0,18000
1522,堤維西          ,65000,47000,18000,0,0,0,0,0,0,0,0,0,0,0,0,0,18000
6541,泰福-KY         ,98000,78000,20000,0,0,0,0,0,0,-2000,0,2000,-2000,0,0,0,18000
058256,臺股指元大9A購20,0,0,0,0,0,0,0,0,0,17000,0,0,0,20000,3000,17000,17000
05777P,台積電統一96售04,0,0,0,0,0,0,0,0,0,17000,0,0,0,17000,0,17000,17000
057658,玉晶光兆豐99購02,0,0,0,0,0,0,0,0,0,17000,0,0,0,126000,109000,17000,17000
056222,台積電凱基9A購01,0,0,0,0,0,0,0,0,0,17000,0,0,0,21000,4000,17000,17000
056665,上証2X國票99購02,0,0,0,0,0,0,0,0,0,17000,0,0,0,19000,2000,17000,17000
05720P,可成中信98售01  ,0,0,0,0,0,0,0,0,0,17000,0,0,0,17000,0,17000,17000
04750P,臺股指元大94售26,0,0,0,0,0,0,0,0,0,17000,0,0,0,17000,0,17000,17000
049049,玉晶光康和94購02,0,0,0,0,0,0,0,0,0,17000,0,0,0,62000,45000,17000,17000
051430,瑞昱元富95購02  ,0,0,0,0,0,0,0,0,0,17000,0,0,0,258000,241000,17000,17000
049679,臺股指國票94購12,0,0,0,0,0,0,0,0,0,17000,0,0,0,25000,8000,17000,17000
052437,聯發科富邦99購02,0,0,0,0,0,0,0,0,0,17000,0,0,0,17000,0,17000,17000
052499,合勤控永豐95購01,0,0,0,0,0,0,0,0,0,17000,0,0,0,17000,0,17000,17000
052772,台虹群益96購01  ,0,0,0,0,0,0,0,0,0,17000,0,0,0,92000,75000,17000,17000
053289,臺股指元大96購17,0,0,0,0,0,0,0,0,0,17000,0,0,0,17000,0,17000,17000
053241,元油反國票9A購01,0,0,0,0,0,0,0,0,0,17000,0,0,0,17000,0,17000,17000
053204,旺宏麥證96購01  ,0,0,0,27000,10000,17000,0,0,0,17000,0,0,0,27000,10000,17000,17000
053353,玉晶光兆豐97購03,0,0,0,0,0,0,0,0,0,17000,0,0,0,37000,20000,17000,17000
053502,智伸科兆豐97購01,0,0,0,0,0,0,0,0,0,17000,0,0,0,20000,3000,17000,17000
054071,泰鼎國泰97購02  ,0,0,0,0,0,0,0,0,0,17000,0,0,0,17000,0,17000,17000
054308,嘉晶凱基98購01  ,0,0,0,0,0,0,0,0,0,17000,0,0,0,162000,145000,17000,17000
054417,牧德元大96購01  ,0,0,0,0,0,0,0,0,0,17000,0,0,0,17000,0,17000,17000
056130,新日興麥證97購01,0,0,0,17000,0,17000,0,0,0,17000,0,0,0,17000,0,17000,17000
055865,臺股指元大97購02,0,0,0,0,0,0,0,0,0,17000,0,0,0,20000,3000,17000,17000
6168,宏齊            ,59000,42000,17000,0,0,0,0,0,0,0,0,0,0,0,0,0,17000
2816,旺旺保          ,27000,10000,17000,0,0,0,0,0,0,0,0,0,0,0,0,0,17000
2414,精技            ,19000,2000,17000,0,0,0,0,0,0,0,0,0,0,0,0,0,17000
2406,國碩            ,367000,350000,17000,0,0,0,0,0,0,0,0,0,0,0,0,0,17000
06747P,大立光群益99售04,0,0,0,0,0,0,0,0,0,17000,0,0,0,30000,13000,17000,17000
06588P,台積電元大98售11,0,0,0,0,0,0,0,0,0,17000,0,0,0,17000,0,17000,17000
06569P,可成永豐98售01  ,0,0,0,0,0,0,0,0,0,17000,0,0,0,17000,0,17000,17000
06552P,茂林元大99售02  ,0,0,0,0,0,0,0,0,0,17000,0,0,0,43000,26000,17000,17000
06391P,上銀中信97售03  ,0,0,0,0,0,0,0,0,0,17000,0,0,0,17000,0,17000,17000
056775,康控元大99購01  ,0,0,0,0,0,0,0,0,0,16000,0,0,0,72000,56000,16000,16000
056642,旺宏凱基98購07  ,0,0,0,0,0,0,0,0,0,16000,0,0,0,46000,30000,16000,16000
056257,聯茂元富97購04  ,0,0,0,0,0,0,0,0,0,16000,0,0,0,60000,44000,16000,16000
056425,聯發科日盛9A購01,0,0,0,0,0,0,0,0,0,16000,0,0,0,46000,30000,16000,16000
057823,神達元大98購01  ,0,0,0,0,0,0,0,0,0,16000,0,0,0,52000,36000,16000,16000
058273,同欣電永豐99購01,0,0,0,0,0,0,0,0,0,16000,0,0,0,16000,0,16000,16000
058175,旺宏凱基99購03  ,0,0,0,0,0,0,0,0,0,16000,0,0,0,20000,4000,16000,16000
051400,國巨永豐95購01  ,0,0,0,0,0,0,0,0,0,16000,0,0,0,80000,64000,16000,16000
051380,禾伸堂群益95購01,0,0,0,0,0,0,0,0,0,16000,0,0,0,167000,151000,16000,16000
047701,鴻海凱基94購12  ,0,0,0,0,0,0,0,0,0,16000,0,0,0,28000,12000,16000,16000
047724,智邦群益93購03  ,0,0,0,0,0,0,0,0,0,16000,0,0,0,16000,0,16000,16000
048256,鴻海統一93購08  ,0,0,0,0,0,0,0,0,0,16000,0,0,0,56000,40000,16000,16000
049795,華通元大96購02  ,0,0,0,0,0,0,0,0,0,16000,0,0,0,41000,25000,16000,16000
04584P,楠梓電永豐94售01,0,0,0,0,0,0,0,0,0,16000,0,0,0,22000,6000,16000,16000
045365,智邦兆豐93購04  ,0,0,0,0,0,0,0,0,0,16000,0,0,0,17000,1000,16000,16000
04058P,臺股指群益93售12,0,0,0,0,0,0,0,0,0,16000,0,0,0,24000,8000,16000,16000
044530,台積電富邦94購01,0,0,0,0,0,0,0,0,0,16000,0,0,0,16000,0,16000,16000
044285,鴻海凱基93購06  ,0,0,0,0,0,0,0,0,0,16000,0,0,0,16000,0,16000,16000
04366P,全新元富95售01  ,0,0,0,0,0,0,0,0,0,16000,0,0,0,16000,0,16000,16000
00660,元大歐洲50      ,0,0,0,0,0,0,0,0,0,16000,0,0,0,22000,6000,16000,16000
00700,富邦恒生國企    ,0,0,0,0,0,0,0,0,0,16000,0,0,0,116000,100000,16000,16000
052962,台積電凱基97購03,0,0,0,0,0,0,0,0,0,16000,0,0,0,16000,0,16000,16000
052967,智邦群益96購01  ,0,0,0,0,0,0,0,0,0,16000,0,0,0,276000,260000,16000,16000
053034,上海銀兆豐96購01,0,0,0,0,0,0,0,0,0,16000,0,0,0,16000,0,16000,16000
053086,宏達電元大97購01,0,0,0,0,0,0,0,0,0,16000,0,0,0,155000,139000,16000,16000
052707,景碩台新96購01  ,0,0,0,0,0,0,0,0,0,16000,0,0,0,30000,14000,16000,16000
051311,瑞昱麥證95購01  ,0,0,0,236000,220000,16000,0,0,0,16000,0,0,0,236000,220000,16000,16000
050056,國巨凱基94購04  ,0,0,0,0,0,0,0,0,0,16000,0,0,0,52000,36000,16000,16000
055555,全新凱基9A購01  ,0,0,0,0,0,0,0,0,0,16000,0,0,0,16000,0,16000,16000
055684,京鼎凱基97購01  ,0,0,0,0,0,0,0,0,0,16000,0,0,0,16000,0,16000,16000
054265,GIS元大96購03   ,0,0,0,0,0,0,0,0,0,16000,0,0,0,16000,0,16000,16000
05471P,聯電統一95售01  ,0,0,0,0,0,0,0,0,0,16000,0,0,0,16000,0,16000,16000
053916,漢唐國票97購04  ,0,0,0,0,0,0,0,0,0,16000,0,0,0,36000,20000,16000,16000
053521,緯穎群益96購02  ,0,0,0,0,0,0,0,0,0,16000,0,0,0,90000,74000,16000,16000
06157P,聯鈞統一97售02  ,0,0,0,0,0,0,0,0,0,16000,0,0,0,163000,147000,16000,16000
2362,藍天            ,71000,54000,17000,0,0,0,0,0,0,-1000,0,1000,-1000,0,0,0,16000
06974P,臺股指元大9A售12,0,0,0,0,0,0,0,0,0,16000,0,0,0,31000,15000,16000,16000
6172,互億            ,18000,2000,16000,0,0,0,0,0,0,0,0,0,0,0,0,0,16000
4989,榮科            ,27000,11000,16000,0,0,0,0,0,0,0,1000,1000,0,0,0,0,16000
4148,全宇生技-KY     ,21000,4000,17000,0,0,0,0,0,0,-1000,0,1000,-1000,0,0,0,16000
6477,安集            ,31000,15000,16000,0,0,0,0,0,0,0,0,0,0,0,0,0,16000
058254,臺股指元大9A購18,0,0,0,0,0,0,0,0,0,15000,0,0,0,15000,0,15000,15000
05843P,台積電元大96售16,0,0,0,0,0,0,0,0,0,15000,0,0,0,15000,0,15000,15000
057647,欣興元大98購10  ,0,0,0,0,0,0,0,0,0,15000,0,0,0,23000,8000,15000,15000
057564,台積電富邦9B購03,0,0,0,0,0,0,0,0,0,15000,0,0,0,15000,0,15000,15000
057586,台積電國票99購06,0,0,0,0,0,0,0,0,0,15000,0,0,0,93000,78000,15000,15000
057417,國巨凱基9A購03  ,0,0,0,0,0,0,0,0,0,15000,0,0,0,215000,200000,15000,15000
05751P,台積電中信96售05,0,0,0,0,0,0,0,0,0,15000,0,0,0,15000,0,15000,15000
056226,聯發科凱基97購10,0,0,0,0,0,0,0,0,0,15000,0,0,0,15000,0,15000,15000
056743,貿聯凱基98購04  ,0,0,0,0,0,0,0,0,0,15000,0,0,0,142000,127000,15000,15000
056573,華新科元大99購06,0,0,0,0,0,0,0,0,0,15000,0,0,0,15000,0,15000,15000
057261,瑞昱兆豐98購01  ,0,0,0,0,0,0,0,0,0,15000,0,0,0,95000,80000,15000,15000
047097,旺宏國泰94購03  ,0,0,0,0,0,0,0,0,0,15000,0,0,0,15000,0,15000,15000
042387,台積電永昌93購02,0,0,0,0,0,0,0,0,0,15000,0,0,0,17000,2000,15000,15000
04536P,長榮航統一94售01,0,0,0,0,0,0,0,0,0,15000,0,0,0,15000,0,15000,15000
045208,力成國泰94購01  ,0,0,0,0,0,0,0,0,0,15000,0,0,0,15000,0,15000,15000
045447,鴻海國泰94購02  ,0,0,0,0,0,0,0,0,0,15000,0,0,0,15000,0,15000,15000
045115,玉晶光永豐94購01,0,0,0,0,0,0,0,0,0,15000,0,0,0,55000,40000,15000,15000
047303,寶滬深元大96購01,0,0,0,0,0,0,0,0,0,15000,0,0,0,15000,0,15000,15000
044909,玉晶光凱基93購02,0,0,0,0,0,0,0,0,0,15000,0,0,0,30000,15000,15000,15000
046485,群創國泰93購02  ,0,0,0,0,0,0,0,0,0,15000,0,0,0,15000,0,15000,15000
048370,可成統一93購04  ,0,0,0,0,0,0,0,0,0,15000,0,0,0,15000,0,15000,15000
048333,大立光富邦95購01,0,0,0,0,0,0,0,0,0,15000,0,0,0,15000,0,15000,15000
04832P,為升元大94售09  ,0,0,0,0,0,0,0,0,0,15000,0,0,0,15000,0,15000,15000
049246,大成鋼元大94購02,0,0,0,0,0,0,0,0,0,15000,0,0,0,15000,0,15000,15000
048553,光磊元大93購03  ,0,0,0,0,0,0,0,0,0,15000,0,0,0,15000,0,15000,15000
049480,同欣電永豐94購01,0,0,0,0,0,0,0,0,0,15000,0,0,0,15000,0,15000,15000
049714,國巨凱基94購02  ,0,0,0,0,0,0,0,0,0,15000,0,0,0,35000,20000,15000,15000
048814,上銀凱基94購01  ,0,0,0,0,0,0,0,0,0,15000,0,0,0,15000,0,15000,15000
04819P,嘉澤永豐94售01  ,0,0,0,0,0,0,0,0,0,15000,0,0,0,15000,0,15000,15000
047774,台表科元大95購01,0,0,0,0,0,0,0,0,0,15000,0,0,0,25000,10000,15000,15000
047806,旺宏凱基93購05  ,0,0,0,0,0,0,0,0,0,15000,0,0,0,15000,0,15000,15000
050111,全新元大95購02  ,0,0,0,0,0,0,0,0,0,15000,0,0,0,15000,0,15000,15000
05007P,旺宏元富95售01  ,0,0,0,0,0,0,0,0,0,15000,0,0,0,15000,0,15000,15000
049982,嘉晶凱基94購01  ,0,0,0,0,0,0,0,0,0,15000,0,0,0,23000,8000,15000,15000
050439,新日興凱基94購01,0,0,0,0,0,0,0,0,0,15000,0,0,0,15000,0,15000,15000
052433,滬深2X國泰96購02,0,0,0,0,0,0,0,0,0,15000,0,0,0,15000,0,15000,15000
05157P,全新台新96售01  ,0,0,0,0,0,0,0,0,0,15000,0,0,0,15000,0,15000,15000
051596,超眾元大95購05  ,0,0,0,0,0,0,0,0,0,15000,0,0,0,15000,0,15000,15000
05026P,貿聯群益95售01  ,0,0,0,0,0,0,0,0,0,15000,0,0,0,15000,0,15000,15000
052031,臺股指群益95購04,0,0,0,0,0,0,0,0,0,15000,0,0,0,15000,0,15000,15000
052063,臺股指國票95購10,0,0,0,0,0,0,0,0,0,15000,0,0,0,20000,5000,15000,15000
051163,鴻海元大95購04  ,0,0,0,0,0,0,0,0,0,15000,0,0,0,15000,0,15000,15000
05286P,矽力統一95售02  ,0,0,0,0,0,0,0,0,0,15000,0,0,0,15000,0,15000,15000
052848,聯發科統一96購03,0,0,0,0,0,0,0,0,0,15000,0,0,0,20000,5000,15000,15000
052947,晶技國票97購01  ,0,0,0,0,0,0,0,0,0,15000,0,0,0,41000,26000,15000,15000
053327,彩晶台新97購01  ,0,0,0,0,0,0,0,0,0,15000,0,0,0,15000,0,15000,15000
053227,晶技台新96購01  ,0,0,0,0,0,0,0,0,0,15000,0,0,0,15000,0,15000,15000
053236,群創永豐97購02  ,0,0,0,0,0,0,0,0,0,15000,0,0,0,15000,0,15000,15000
05327P,臺股指凱基95售11,0,0,0,0,0,0,0,0,0,15000,0,0,0,15000,0,15000,15000
053273,國巨元大96購08  ,0,0,0,0,0,0,0,0,0,15000,0,0,0,45000,30000,15000,15000
053132,國巨國票97購02  ,0,0,0,0,0,0,0,0,0,15000,0,0,0,25000,10000,15000,15000
053165,大立光群益96購03,0,0,0,0,0,0,0,0,0,15000,0,0,0,15000,0,15000,15000
053159,同欣電元大96購02,0,0,0,0,0,0,0,0,0,15000,0,0,0,15000,0,15000,15000
053559,台積電國泰98購01,0,0,0,0,0,0,0,0,0,15000,0,0,0,35000,20000,15000,15000
05378P,台積電凱基96售02,0,0,0,0,0,0,0,0,0,15000,0,0,0,15000,0,15000,15000
054165,亞光凱基96購02  ,0,0,0,0,0,0,0,0,0,15000,0,0,0,60000,45000,15000,15000
054290,奇力新元大96購05,0,0,0,0,0,0,0,0,0,15000,0,0,0,15000,0,15000,15000
05440P,緯穎國票96售02  ,0,0,0,0,0,0,0,0,0,15000,0,0,0,30000,15000,15000,15000
055697,牧德國票98購01  ,0,0,0,0,0,0,0,0,0,15000,0,0,0,37000,22000,15000,15000
055681,奇鋐凱基98購03  ,0,0,0,0,0,0,0,0,0,15000,0,0,0,65000,50000,15000,15000
056089,同欣電統一98購01,0,0,0,0,0,0,0,0,0,15000,0,0,0,15000,0,15000,15000
056048,同欣電兆豐97購01,0,0,0,0,0,0,0,0,0,15000,0,0,0,15000,0,15000,15000
056008,全新中信9B購01  ,0,0,0,0,0,0,0,0,0,15000,0,0,0,121000,106000,15000,15000
054908,群電康和97購01  ,0,0,0,0,0,0,0,0,0,15000,0,0,0,18000,3000,15000,15000
055008,隆達元富97購01  ,0,0,0,0,0,0,0,0,0,15000,0,0,0,220000,205000,15000,15000
8341,日友            ,25000,10000,15000,0,0,0,0,0,0,0,0,0,0,0,0,0,15000
3149,正達            ,20000,5000,15000,0,0,0,0,0,0,0,0,0,0,0,0,0,15000
4551,智伸科          ,70000,16000,54000,0,0,0,25000,0,25000,-64000,2000,54000,-52000,1000,13000,-12000,15000
1526,日馳            ,18000,3000,15000,0,0,0,0,0,0,0,0,0,0,0,0,0,15000
2010,春源            ,41000,26000,15000,0,0,0,0,0,0,0,0,0,0,0,0,0,15000
06408P,聯茂元富97售02  ,0,0,0,0,0,0,0,0,0,15000,0,0,0,120000,105000,15000,15000
06605P,玉晶光元富98售03,0,0,0,0,0,0,0,0,0,15000,0,0,0,15000,0,15000,15000
06514P,國巨凱基98售05  ,0,0,0,0,0,0,0,0,0,15000,0,0,0,15000,0,15000,15000
06832P,玉晶光凱基98售03,0,0,0,0,0,0,0,0,0,15000,0,0,0,35000,20000,15000,15000
05718P,國巨元大96售09  ,170000,0,170000,0,0,0,0,0,0,-156000,0,0,0,247000,403000,-156000,14000
056847,佐登元富98購01  ,0,0,0,0,0,0,0,0,0,14000,0,0,0,14000,0,14000,14000
056914,臺股指元大99購09,0,0,0,0,0,0,0,0,0,14000,0,0,0,14000,0,14000,14000
056984,嘉晶群益98購01  ,0,0,0,0,0,0,0,0,0,14000,0,0,0,281000,267000,14000,14000
056503,楠梓電永豐98購01,0,0,0,0,0,0,0,0,0,14000,0,0,0,14000,0,14000,14000
056695,景碩群益99購01  ,0,0,0,0,0,0,0,0,0,14000,0,0,0,14000,0,14000,14000
056366,玉晶光元大99購04,0,0,0,0,0,0,0,0,0,14000,0,0,0,19000,5000,14000,14000
05741P,聯發科元大96售14,0,0,0,0,0,0,0,0,0,14000,0,0,0,389000,375000,14000,14000
05757P,旺宏永豐96售03  ,0,0,0,0,0,0,0,0,0,14000,0,0,0,27000,13000,14000,14000
057859,神達康和98購01  ,0,0,0,0,0,0,0,0,0,14000,0,0,0,14000,0,14000,14000
05911P,南亞科永豐96售03,0,0,0,0,0,0,0,0,0,14000,0,0,0,14000,0,14000,14000
05935P,台積電凱基96售19,0,0,0,0,0,0,0,0,0,14000,0,0,0,20000,6000,14000,14000
06004P,奇力新永豐96售02,0,0,0,0,0,0,0,0,0,14000,0,0,0,14000,0,14000,14000
058083,聯發科群益98購08,0,0,0,0,0,0,0,0,0,14000,0,0,0,112000,98000,14000,14000
058078,景碩國票99購01  ,0,0,0,0,0,0,0,0,0,14000,0,0,0,14000,0,14000,14000
00702,國泰標普低波高息,0,0,0,0,0,0,0,0,0,14000,0,0,0,126000,112000,14000,14000
042724,群創群益93購01  ,0,0,0,0,0,0,0,0,0,14000,0,0,0,15000,1000,14000,14000
053283,同欣電元大96購03,0,0,0,0,0,0,0,0,0,14000,0,0,0,20000,6000,14000,14000
053358,晶技統一98購01  ,0,0,0,0,0,0,0,0,0,14000,0,0,0,24000,10000,14000,14000
053104,台表科元富96購02,0,0,0,0,0,0,0,0,0,14000,0,0,0,14000,0,14000,14000
05067P,欣興兆豐96售02  ,0,0,0,0,0,0,0,0,0,14000,0,0,0,14000,0,14000,14000
052650,台郡永豐96購01  ,0,0,0,0,0,0,0,0,0,14000,0,0,0,20000,6000,14000,14000
050904,臺股指元大95購11,0,0,0,0,0,0,0,0,0,14000,0,0,0,14000,0,14000,14000
052069,聯茂兆豐96購01  ,0,0,0,0,0,0,0,0,0,14000,0,0,0,271000,257000,14000,14000
051758,瑞昱元大95購01  ,0,0,0,0,0,0,0,0,0,14000,0,0,0,45000,31000,14000,14000
055926,國巨群益98購06  ,0,0,0,0,0,0,0,0,0,14000,0,0,0,18000,4000,14000,14000
055576,嘉晶統一98購01  ,0,0,0,0,0,0,0,0,0,14000,0,0,0,14000,0,14000,14000
054398,牧德永豐96購03  ,0,0,0,0,0,0,0,0,0,14000,0,0,0,15000,1000,14000,14000
054177,牧德台新97購01  ,0,0,0,0,0,0,0,0,0,14000,0,0,0,108000,94000,14000,14000
054843,中環兆豐97購01  ,0,0,0,0,0,0,0,0,0,14000,0,0,0,32000,18000,14000,14000
054559,台光電群益99購01,0,0,0,0,0,0,0,0,0,14000,0,0,0,63000,49000,14000,14000
054171,台郡凱基97購01  ,0,0,0,0,0,0,0,0,0,14000,0,0,0,14000,0,14000,14000
053587,京元電元大98購01,0,0,0,0,0,0,0,0,0,14000,0,0,0,44000,30000,14000,14000
2030,彰源            ,31000,17000,14000,0,0,0,0,0,0,0,0,0,0,0,0,0,14000
2023,燁輝            ,148000,134000,14000,0,0,0,0,0,0,0,0,0,0,0,0,0,14000
2397,友通            ,16000,17000,-1000,0,0,0,0,0,0,15000,15000,0,15000,0,0,0,14000
2702,華園            ,17000,3000,14000,0,0,0,0,0,0,0,0,0,0,0,0,0,14000
2605,新興            ,70000,56000,14000,0,0,0,0,0,0,0,0,0,0,0,0,0,14000
2457,飛宏            ,30000,12000,18000,0,0,0,0,0,0,-4000,0,4000,-4000,0,0,0,14000
06863P,欣興凱基98售05  ,0,0,0,0,0,0,0,0,0,14000,0,0,0,114000,100000,14000,14000
06926P,可成群益9A售04  ,0,0,0,0,0,0,0,0,0,14000,0,0,0,14000,0,14000,14000
4104,佳醫            ,22000,3000,19000,0,0,0,0,0,0,-5000,0,5000,-5000,0,0,0,14000
2404,漢唐            ,91312,102000,-10688,0,0,0,6000,0,6000,18000,0,0,0,28000,10000,18000,13312
2915,潤泰全          ,459062,530000,-70938,0,0,0,0,0,0,84000,0,0,0,86000,2000,84000,13062
058203,信邦凱基99購01  ,0,0,0,0,0,0,0,0,0,13000,0,0,0,50000,37000,13000,13000
05845P,大立光元大96售06,0,0,0,0,0,0,0,0,0,13000,0,0,0,414000,401000,13000,13000
05632P,大立光群益96售02,0,0,0,0,0,0,0,0,0,13000,0,0,0,20000,7000,13000,13000
056260,鴻海統一98購07  ,0,0,0,0,0,0,0,0,0,13000,0,0,0,13000,0,13000,13000
056656,華邦電元大98購02,0,0,0,0,0,0,0,0,0,13000,0,0,0,24000,11000,13000,13000
056456,群創凱基9B購01  ,0,0,0,0,0,0,0,0,0,13000,0,0,0,13000,0,13000,13000
057259,台積電兆豐98購03,0,0,0,0,0,0,0,0,0,13000,0,0,0,226000,213000,13000,13000
047274,華新科永豐93購02,0,0,0,0,0,0,0,0,0,13000,0,0,0,13000,0,13000,13000
047494,華邦電元富96購01,0,0,0,0,0,0,0,0,0,13000,0,0,0,23000,10000,13000,13000
04630P,嘉聯益元大95售02,0,0,0,0,0,0,0,0,0,13000,0,0,0,13000,0,13000,13000
04784P,超眾元富94售01  ,0,0,0,0,0,0,0,0,0,13000,0,0,0,106000,93000,13000,13000
04894P,世紀鋼元大94售02,0,0,0,0,0,0,0,0,0,13000,0,0,0,88000,75000,13000,13000
049582,台積電元大95購03,0,0,0,0,0,0,0,0,0,13000,0,0,0,284000,271000,13000,13000
049877,南亞科永豐94購01,0,0,0,0,0,0,0,0,0,13000,0,0,0,14000,1000,13000,13000
050337,南電國泰95購01  ,0,0,0,0,0,0,0,0,0,13000,0,0,0,40000,27000,13000,13000
052396,台積電凱基97購01,0,0,0,0,0,0,0,0,0,13000,0,0,0,13000,0,13000,13000
050059,旺宏凱基94購03  ,0,0,0,0,0,0,0,0,0,13000,0,0,0,471000,458000,13000,13000
053438,玉晶光麥證97購02,0,0,0,24000,11000,13000,0,0,0,13000,0,0,0,24000,11000,13000,13000
05362P,可成富邦97售02  ,0,0,0,0,0,0,0,0,0,13000,0,0,0,13000,0,13000,13000
05349P,可成元富98售03  ,0,0,0,0,0,0,0,0,0,13000,0,0,0,13000,0,13000,13000
053791,同欣電元大96購05,0,0,0,0,0,0,0,0,0,13000,0,0,0,268000,255000,13000,13000
05374P,台積電國票96售07,0,0,0,0,0,0,0,0,0,13000,0,0,0,99000,86000,13000,13000
054034,景碩中信96購01  ,0,0,0,0,0,0,0,0,0,13000,0,0,0,298000,285000,13000,13000
05453P,智邦群益95售03  ,0,0,0,0,0,0,0,0,0,13000,0,0,0,13000,0,13000,13000
054460,和大凱基97購01  ,0,0,0,0,0,0,0,0,0,13000,0,0,0,13000,0,13000,13000
05552P,聯詠群益96售01  ,0,0,0,0,0,0,0,0,0,13000,0,0,0,20000,7000,13000,13000
055002,群創元富99購04  ,0,0,0,0,0,0,0,0,0,13000,0,0,0,58000,45000,13000,13000
054972,聯茂元大97購02  ,0,0,0,0,0,0,0,0,0,13000,0,0,0,13000,0,13000,13000
055141,牧德永豐98購02  ,0,0,0,0,0,0,0,0,0,13000,0,0,0,16000,3000,13000,13000
2348,海悅            ,32000,16000,16000,0,0,0,0,0,0,-3000,0,3000,-3000,0,0,0,13000
06912P,台光電元大99售02,0,0,0,0,0,0,0,0,0,13000,0,0,0,25000,12000,13000,13000
1339,昭輝            ,31000,18000,13000,0,0,0,0,0,0,0,0,0,0,0,0,0,13000
06692P,瑞昱凱基98售03  ,0,0,0,0,0,0,0,0,0,13000,0,0,0,19000,6000,13000,13000
6456,GIS-KY          ,230346,200000,30346,0,0,0,0,0,0,-18000,1000,1000,0,7000,25000,-18000,12346
057364,國巨元大98購18  ,0,0,0,0,0,0,0,0,0,12000,0,0,0,12000,0,12000,12000
057349,聯發科統一98購04,0,0,0,0,0,0,0,0,0,12000,0,0,0,28000,16000,12000,12000
057326,景碩群益99購02  ,0,0,0,0,0,0,0,0,0,12000,0,0,0,12000,0,12000,12000
056891,國巨元大99購03  ,0,0,0,0,0,0,0,0,0,12000,0,0,0,12000,0,12000,12000
056295,國巨元大97購16  ,0,0,0,0,0,0,0,0,0,12000,0,0,0,62000,50000,12000,12000
056268,新日興統一97購01,0,0,0,0,0,0,0,0,0,12000,0,0,0,68000,56000,12000,12000
056171,鴻海元富97購10  ,0,0,0,0,0,0,0,0,0,12000,0,0,0,27000,15000,12000,12000
05637P,聯電元大96售04  ,0,0,0,0,0,0,0,0,0,12000,0,0,0,50000,38000,12000,12000
05891P,聯發科中信98售03,0,0,0,0,0,0,0,0,0,12000,0,0,0,100000,88000,12000,12000
06005P,晶豪科永豐96售04,0,0,0,0,0,0,0,0,0,12000,0,0,0,12000,0,12000,12000
05987P,健策統一96售02  ,0,0,0,0,0,0,0,0,0,12000,0,0,0,18000,6000,12000,12000
058228,為升元大99購01  ,0,0,0,0,0,0,0,0,0,12000,0,0,0,23000,11000,12000,12000
05801P,正崴兆豐96售01  ,0,0,0,0,0,0,0,0,0,12000,0,0,0,12000,0,12000,12000
057833,聯發科元富02購06,0,0,0,0,0,0,0,0,0,12000,0,0,0,12000,0,12000,12000
05761P,嘉澤永豐96售01  ,0,0,0,0,0,0,0,0,0,12000,0,0,0,42000,30000,12000,12000
048417,國巨統一94購01  ,0,0,0,0,0,0,0,0,0,12000,0,0,0,12000,0,12000,12000
049423,臺股指凱基95購02,0,0,0,0,0,0,0,0,0,12000,0,0,0,12000,0,12000,12000
048920,川湖永豐94購01  ,0,0,0,0,0,0,0,0,0,12000,0,0,0,12000,0,12000,12000
048835,牧德凱基94購02  ,0,0,0,0,0,0,0,0,0,12000,0,0,0,12000,0,12000,12000
048702,正文國票95購01  ,0,0,0,0,0,0,0,0,0,12000,0,0,0,22000,10000,12000,12000
049369,義隆元大95購01  ,0,0,0,0,0,0,0,0,0,12000,0,0,0,12000,0,12000,12000
049372,華新科元大95購04,0,0,0,0,0,0,0,0,0,12000,0,0,0,47000,35000,12000,12000
049315,上緯控凱基94購03,0,0,0,0,0,0,0,0,0,12000,0,0,0,12000,0,12000,12000
049036,燿華兆豐95購01  ,0,0,0,0,0,0,0,0,0,12000,0,0,0,12000,0,12000,12000
049635,臺股指群益94購08,0,0,0,0,0,0,0,0,0,12000,0,0,0,13000,1000,12000,12000
048135,瀚宇博國票94購01,0,0,0,0,0,0,0,0,0,12000,0,0,0,12000,0,12000,12000
051388,大立光麥證95購03,0,0,0,12000,0,12000,0,0,0,12000,0,0,0,12000,0,12000,12000
050173,旺宏元大96購02  ,0,0,0,0,0,0,0,0,0,12000,0,0,0,140000,128000,12000,12000
04537P,新光金統一94售01,0,0,0,0,0,0,0,0,0,12000,0,0,0,12000,0,12000,12000
047487,南電凱基94購01  ,0,0,0,0,0,0,0,0,0,12000,0,0,0,13000,1000,12000,12000
046792,京元電元富96購01,0,0,0,0,0,0,0,0,0,12000,0,0,0,12000,0,12000,12000
00711B,FH彭博新興債    ,0,0,0,0,0,0,0,0,0,12000,0,0,0,123000,111000,12000,12000
044129,群創凱基93購02  ,0,0,0,0,0,0,0,0,0,12000,0,0,0,22000,10000,12000,12000
05336P,臺股指國票95售05,0,0,0,0,0,0,0,0,0,12000,0,0,0,22000,10000,12000,12000
053056,同欣電國票97購01,0,0,0,0,0,0,0,0,0,12000,0,0,0,12000,0,12000,12000
050093,國巨永豐94購05  ,0,0,0,0,0,0,0,0,0,12000,0,0,0,52000,40000,12000,12000
049970,康控國票95購03  ,0,0,0,0,0,0,0,0,0,12000,0,0,0,12000,0,12000,12000
050507,聯詠凱基94購06  ,0,0,0,0,0,0,0,0,0,12000,0,0,0,12000,0,12000,12000
052101,滬深2X兆豐96購01,0,0,0,0,0,0,0,0,0,12000,0,0,0,12000,0,12000,12000
055438,鴻海國票98購01  ,0,0,0,0,0,0,0,0,0,12000,0,0,0,124000,112000,12000,12000
055227,聯發科國票98購02,0,0,0,0,0,0,0,0,0,12000,0,0,0,22000,10000,12000,12000
05521P,創意永豐96售01  ,0,0,0,0,0,0,0,0,0,12000,0,0,0,12000,0,12000,12000
055953,上銀元大97購09  ,0,0,0,0,0,0,0,0,0,12000,0,0,0,28000,16000,12000,12000
055970,聯茂元大97購04  ,0,0,0,0,0,0,0,0,0,12000,0,0,0,59000,47000,12000,12000
054043,漢唐元大97購01  ,0,0,0,0,0,0,0,0,0,12000,0,0,0,12000,0,12000,12000
054069,亞光國泰98購01  ,0,0,0,0,0,0,0,0,0,12000,0,0,0,80000,68000,12000,12000
05414P,台表科國票96售02,0,0,0,0,0,0,0,0,0,12000,0,0,0,132000,120000,12000,12000
053873,力成元大96購03  ,0,0,0,0,0,0,0,0,0,12000,0,0,0,35000,23000,12000,12000
053662,矽力凱基97購01  ,0,0,0,0,0,0,0,0,0,12000,0,0,0,12000,0,12000,12000
8367,建新國際        ,13000,2000,11000,0,0,0,0,0,0,1000,1000,0,1000,0,0,0,12000
4566,時碩工業        ,17000,5000,12000,0,0,0,0,0,0,0,0,0,0,0,0,0,12000
06425P,TPK永豐97售02   ,0,0,0,0,0,0,0,0,0,12000,0,0,0,22000,10000,12000,12000
06438P,玉晶光國票99售02,0,0,0,0,0,0,0,0,0,12000,0,0,0,12000,0,12000,12000
06447P,上銀元大98售01  ,0,0,0,0,0,0,0,0,0,12000,0,0,0,12000,0,12000,12000
06299P,可成元大97售04  ,0,0,0,0,0,0,0,0,0,12000,0,0,0,103000,91000,12000,12000
06923P,鴻海群益98售09  ,0,0,0,0,0,0,0,0,0,12000,0,0,0,27000,15000,12000,12000
2850,新產            ,28000,16000,12000,0,0,0,0,0,0,0,0,0,0,0,0,0,12000
4720,德淵            ,3000,2000,1000,0,0,0,0,0,0,10350,21000,10650,10350,0,0,0,11350
057659,台表科兆豐98購01,0,0,0,0,0,0,0,0,0,11000,0,0,0,48000,37000,11000,11000
057790,台積電統一99購04,0,0,0,0,0,0,0,0,0,11000,0,0,0,11000,0,11000,11000
057696,聯電群益9A購01  ,0,0,0,0,0,0,0,0,0,11000,0,0,0,33000,22000,11000,11000
05979P,華新科中信96售02,0,0,0,0,0,0,0,0,0,11000,0,0,0,261000,250000,11000,11000
05914P,友達元大96售04  ,0,0,0,0,0,0,0,0,0,11000,0,0,0,11000,0,11000,11000
06066P,群創台新98售01  ,0,0,0,0,0,0,0,0,0,11000,0,0,0,12000,1000,11000,11000
056404,嘉聯益群益9A購01,0,0,0,0,0,0,0,0,0,11000,0,0,0,11000,0,11000,11000
056168,鴻海元富97購07  ,0,0,0,0,0,0,0,0,0,11000,0,0,0,51000,40000,11000,11000
056463,台虹凱基98購02  ,0,0,0,0,0,0,0,0,0,11000,0,0,0,14000,3000,11000,11000
05658P,日月光元富96售02,0,0,0,0,0,0,0,0,0,11000,0,0,0,62000,51000,11000,11000
057356,彩晶統一98購04  ,0,0,0,0,0,0,0,0,0,11000,0,0,0,83000,72000,11000,11000
044003,聯發科兆豐93購01,0,0,0,0,0,0,0,0,0,11000,0,0,0,11000,0,11000,11000
04376P,漢唐元大94售04  ,0,0,0,0,0,0,0,0,0,11000,0,0,0,11000,0,11000,11000
042068,台灣50富邦93購02,0,0,0,0,0,0,0,0,0,11000,0,0,0,11000,0,11000,11000
046961,大立光中信95購02,0,0,0,0,0,0,0,0,0,11000,0,0,0,11000,0,11000,11000
049297,日電貿群益95購01,0,0,0,0,0,0,0,0,0,11000,0,0,0,20000,9000,11000,11000
045401,大立光兆豐93購01,0,0,0,0,0,0,0,0,0,11000,0,0,0,11000,0,11000,11000
04517P,宏達電群益95售01,0,0,0,0,0,0,0,0,0,11000,0,0,0,11000,0,11000,11000
045106,玉晶光群益95購01,0,0,0,0,0,0,0,0,0,11000,0,0,0,34000,23000,11000,11000
047293,全新元富93購03  ,0,0,0,0,0,0,0,0,0,11000,0,0,0,11000,0,11000,11000
04597P,為升凱基94售02  ,0,0,0,0,0,0,0,0,0,11000,0,0,0,20000,9000,11000,11000
045627,聯電凱基93購03  ,0,0,0,0,0,0,0,0,0,11000,0,0,0,11000,0,11000,11000
051352,南亞科元大95購02,0,0,0,0,0,0,0,0,0,11000,0,0,0,22000,11000,11000,11000
048128,超眾元大95購01  ,0,0,0,0,0,0,0,0,0,11000,0,0,0,11000,0,11000,11000
049634,臺股指群益94購07,0,0,0,0,0,0,0,0,0,11000,0,0,0,11000,0,11000,11000
047737,義隆麥證94購01  ,0,0,0,61000,50000,11000,0,0,0,11000,0,0,0,61000,50000,11000,11000
048843,台郡凱基94購01  ,0,0,0,0,0,0,0,0,0,11000,0,0,0,11000,0,11000,11000
048569,台虹元大93購03  ,0,0,0,0,0,0,0,0,0,11000,0,0,0,11000,0,11000,11000
05029P,鴻海元富95售04  ,0,0,0,0,0,0,0,0,0,11000,0,0,0,42000,31000,11000,11000
05182P,嘉晶統一95售03  ,0,0,0,0,0,0,0,0,0,11000,0,0,0,11000,0,11000,11000
051662,大立光永昌96購03,0,0,0,0,0,0,0,0,0,11000,0,0,0,11000,0,11000,11000
052970,美律群益96購01  ,0,0,0,0,0,0,0,0,0,11000,0,0,0,22000,11000,11000,11000
053342,全新國票99購01  ,0,0,0,0,0,0,0,0,0,11000,0,0,0,87000,76000,11000,11000
053352,義隆兆豐96購01  ,0,0,0,0,0,0,0,0,0,11000,0,0,0,30000,19000,11000,11000
053323,群創群益98購07  ,0,0,0,0,0,0,0,0,0,11000,0,0,0,22000,11000,11000,11000
053294,聯發科中信9C購01,0,0,0,0,0,0,0,0,0,11000,0,0,0,12000,1000,11000,11000
053262,華邦電群益96購02,0,0,0,0,0,0,0,0,0,11000,0,0,0,11000,0,11000,11000
050911,光磊中信98購01  ,0,0,0,0,0,0,0,0,0,11000,0,0,0,11000,0,11000,11000
050979,鴻海元富96購02  ,0,0,0,0,0,0,0,0,0,11000,0,0,0,22000,11000,11000,11000
050650,大立光凱基96購01,0,0,0,0,0,0,0,0,0,11000,0,0,0,11000,0,11000,11000
053811,國巨群益98購02  ,0,0,0,0,0,0,0,0,0,11000,0,0,0,11000,0,11000,11000
053550,聯發科凱基96購15,0,0,0,0,0,0,0,0,0,11000,0,0,0,16000,5000,11000,11000
054158,國巨日盛99購01  ,0,0,0,0,0,0,0,0,0,11000,0,0,0,11000,0,11000,11000
054216,聯茂國票97購03  ,0,0,0,0,0,0,0,0,0,11000,0,0,0,63000,52000,11000,11000
054634,FB上証中信99購01,0,0,0,0,0,0,0,0,0,11000,0,0,0,11000,0,11000,11000
054784,順德群益9A購01  ,0,0,0,0,0,0,0,0,0,11000,0,0,0,11000,0,11000,11000
054780,中石化群益99購01,0,0,0,0,0,0,0,0,0,11000,0,0,0,11000,0,11000,11000
054793,牧德群益9A購01  ,0,0,0,0,0,0,0,0,0,11000,0,0,0,37000,26000,11000,11000
056076,超眾元大97購05  ,0,0,0,0,0,0,0,0,0,11000,0,0,0,11000,0,11000,11000
05607P,華通日盛96售01  ,0,0,0,0,0,0,0,0,0,11000,0,0,0,11000,0,11000,11000
056115,奇力新群益97購06,0,0,0,0,0,0,0,0,0,11000,0,0,0,39000,28000,11000,11000
055489,瑞昱元大97購02  ,0,0,0,0,0,0,0,0,0,11000,0,0,0,39000,28000,11000,11000
055092,開發金群益9B購01,0,0,0,0,0,0,0,0,0,11000,0,0,0,11000,0,11000,11000
055000,玉晶光元富97購04,0,0,0,0,0,0,0,0,0,11000,0,0,0,34000,23000,11000,11000
3346,麗清            ,16000,5000,11000,0,0,0,0,0,0,0,0,0,0,0,0,0,11000
8482,商億-KY         ,126000,115000,11000,0,0,0,0,0,0,0,0,0,0,0,0,0,11000
2467,志聖            ,107000,96000,11000,0,0,0,0,0,0,0,0,0,0,0,0,0,11000
2305,全友            ,13000,2000,11000,0,0,0,0,0,0,0,0,0,0,0,0,0,11000
1316,上曜            ,29000,18000,11000,0,0,0,0,0,0,0,0,0,0,0,0,0,11000
1323,永裕            ,13000,2000,11000,0,0,0,0,0,0,0,0,0,0,0,0,0,11000
06390P,美律國票97售03  ,0,0,0,0,0,0,0,0,0,11000,0,0,0,11000,0,11000,11000
06801P,技嘉群益99售02  ,0,0,0,0,0,0,0,0,0,11000,0,0,0,11000,0,11000,11000
057320,玉晶光凱基98購01,0,0,0,0,0,0,0,0,0,10000,0,0,0,23000,13000,10000,10000
057183,玉晶光元大99購07,0,0,0,0,0,0,0,0,0,10000,0,0,0,141000,131000,10000,10000
057154,易華電國泰99購01,0,0,0,0,0,0,0,0,0,10000,0,0,0,20000,10000,10000,10000
057151,易華電國票99購01,0,0,0,0,0,0,0,0,0,10000,0,0,0,20000,10000,10000,10000
056763,國巨元大99購02  ,0,0,0,0,0,0,0,0,0,10000,0,0,0,46000,36000,10000,10000
057023,美律凱基99購02  ,0,0,0,0,0,0,0,0,0,10000,0,0,0,10000,0,10000,10000
057012,康控中信98購01  ,0,0,0,0,0,0,0,0,0,10000,0,0,0,10000,0,10000,10000
056587,聯發科統一9A購01,0,0,0,0,0,0,0,0,0,10000,0,0,0,10000,0,10000,10000
056499,鴻海富邦98購02  ,0,0,0,0,0,0,0,0,0,10000,0,0,0,20000,10000,10000,10000
056664,上証反中信9B購01,0,0,0,0,0,0,0,0,0,10000,0,0,0,30000,20000,10000,10000
056212,台光電國票98購03,0,0,0,0,0,0,0,0,0,10000,0,0,0,10000,0,10000,10000
056196,聯茂富邦98購02  ,0,0,0,0,0,0,0,0,0,10000,0,0,0,10000,0,10000,10000
056406,建準國票99購01  ,0,0,0,0,0,0,0,0,0,10000,0,0,0,10000,0,10000,10000
056380,麗豐元富98購01  ,0,0,0,0,0,0,0,0,0,10000,0,0,0,10000,0,10000,10000
056308,TPK元大97購02   ,0,0,0,0,0,0,0,0,0,10000,0,0,0,10000,0,10000,10000
056298,億光元大97購02  ,0,0,0,0,0,0,0,0,0,10000,0,0,0,10000,0,10000,10000
06027P,鴻海台新96售04  ,0,0,0,0,0,0,0,0,0,10000,0,0,0,10000,0,10000,10000
058044,鴻海元大99購07  ,0,0,0,0,0,0,0,0,0,10000,0,0,0,72000,62000,10000,10000
058223,世芯統一9B購01  ,0,0,0,0,0,0,0,0,0,10000,0,0,0,79000,69000,10000,10000
057706,臺股指群益98購06,0,0,0,0,0,0,0,0,0,10000,0,0,0,10000,0,10000,10000
057736,鴻海富邦99購04  ,0,0,0,0,0,0,0,0,0,10000,0,0,0,10000,0,10000,10000
057741,超眾富邦98購01  ,0,0,0,0,0,0,0,0,0,10000,0,0,0,10000,0,10000,10000
057725,台達電國泰9A購01,0,0,0,0,0,0,0,0,0,10000,0,0,0,20000,10000,10000,10000
057728,瑞昱國泰99購01  ,0,0,0,0,0,0,0,0,0,10000,0,0,0,20000,10000,10000,10000
057745,泰鼎永豐99購01  ,0,0,0,0,0,0,0,0,0,10000,0,0,0,10000,0,10000,10000
057821,晶相光元大98購03,0,0,0,0,0,0,0,0,0,10000,0,0,0,142000,132000,10000,10000
057804,為升元大98購01  ,0,0,0,0,0,0,0,0,0,10000,0,0,0,10000,0,10000,10000
057863,美律凱基9A購01  ,0,0,0,0,0,0,0,0,0,10000,0,0,0,10000,0,10000,10000
057879,電子類元大99購02,0,0,0,0,0,0,0,0,0,10000,0,0,0,10000,0,10000,10000
057958,禾伸堂元大99購05,0,0,0,0,0,0,0,0,0,10000,0,0,0,27000,17000,10000,10000
057671,群創元大9B購06  ,0,0,0,0,0,0,0,0,0,10000,0,0,0,52000,42000,10000,10000
057640,台積電元大98購16,0,0,0,0,0,0,0,0,0,10000,0,0,0,19000,9000,10000,10000
057460,楠梓電永豐98購03,0,0,0,0,0,0,0,0,0,10000,0,0,0,10000,0,10000,10000
048490,寶成富邦93購01  ,0,0,0,0,0,0,0,0,0,10000,0,0,0,10000,0,10000,10000
048416,台達電統一93購02,0,0,0,0,0,0,0,0,0,10000,0,0,0,20000,10000,10000,10000
048410,和碩群益93購01  ,0,0,0,0,0,0,0,0,0,10000,0,0,0,50000,40000,10000,10000
048428,滬深2X國票93購05,0,0,0,0,0,0,0,0,0,10000,0,0,0,10000,0,10000,10000
048465,南電台新93購01  ,0,0,0,0,0,0,0,0,0,10000,0,0,0,10000,0,10000,10000
049869,訊芯兆豐94購01  ,0,0,0,0,0,0,0,0,0,10000,0,0,0,10000,0,10000,10000
049857,緯穎群益94購03  ,0,0,0,0,0,0,0,0,0,10000,0,0,0,29000,19000,10000,10000
049858,百和群益94購05  ,0,0,0,0,0,0,0,0,0,10000,0,0,0,10000,0,10000,10000
049825,台積電凱基94購26,20000,0,20000,0,0,0,0,0,0,-10000,0,0,0,10000,20000,-10000,10000
049810,欣興元大95購03  ,0,0,0,0,0,0,0,0,0,10000,0,0,0,10000,0,10000,10000
049751,牧德永豐95購01  ,0,0,0,0,0,0,0,0,0,10000,0,0,0,10000,0,10000,10000
04938P,亞德客國票95售01,0,0,0,0,0,0,0,0,0,10000,0,0,0,10000,0,10000,10000
049398,微星群益94購02  ,0,0,0,0,0,0,0,0,0,10000,0,0,0,30000,20000,10000,10000
049469,元金2X永豐94購01,0,0,0,0,0,0,0,0,0,10000,0,0,0,10000,0,10000,10000
049440,T50反1統一94購04,0,0,0,0,0,0,0,0,0,10000,0,0,0,100000,90000,10000,10000
048611,宏達電凱基93購04,0,0,0,0,0,0,0,0,0,10000,0,0,0,27000,17000,10000,10000
048614,欣興凱基93購05  ,0,0,0,0,0,0,0,0,0,10000,0,0,0,10000,0,10000,10000
048607,上銀凱基93購11  ,0,0,0,0,0,0,0,0,0,10000,0,0,0,10000,0,10000,10000
049589,奇力新元大95購02,0,0,0,0,0,0,0,0,0,10000,0,0,0,10000,0,10000,10000
049525,華新科兆豐94購01,0,0,0,0,0,0,0,0,0,10000,0,0,0,30000,20000,10000,10000
04948P,瑞儀元大94售03  ,0,0,0,0,0,0,0,0,0,10000,0,0,0,10000,0,10000,10000
049507,和大凱基94購01  ,0,0,0,0,0,0,0,0,0,10000,0,0,0,10000,0,10000,10000
049508,上銀凱基94購04  ,0,0,0,0,0,0,0,0,0,10000,0,0,0,10000,0,10000,10000
049511,奇力新凱基94購03,0,0,0,0,0,0,0,0,0,10000,0,0,0,10000,0,10000,10000
047596,元油反元富97購01,0,0,0,0,0,0,0,0,0,10000,0,0,0,10000,0,10000,10000
047599,大立光統一93購08,0,0,0,0,0,0,0,0,0,10000,0,0,0,10000,0,10000,10000
048875,晶相光國票94購01,0,0,0,0,0,0,0,0,0,10000,0,0,0,30000,20000,10000,10000
048911,玉晶光富邦96購01,0,0,0,0,0,0,0,0,0,10000,0,0,0,10000,0,10000,10000
048912,牧德富邦94購01  ,0,0,0,0,0,0,0,0,0,10000,0,0,0,10000,0,10000,10000
048746,台達電元富94購01,0,0,0,0,0,0,0,0,0,10000,0,0,0,20000,10000,10000,10000
049101,聯詠國泰95購01  ,0,0,0,0,0,0,0,0,0,10000,0,0,0,10000,0,10000,10000
049014,台達電群益94購02,0,0,0,0,0,0,0,0,0,10000,0,0,0,30000,20000,10000,10000
049322,志超凱基94購02  ,0,0,0,0,0,0,0,0,0,10000,0,0,0,10000,0,10000,10000
049359,台達電元大94購06,0,0,0,0,0,0,0,0,0,10000,0,0,0,10000,0,10000,10000
049388,南電元大94購05  ,0,0,0,0,0,0,0,0,0,10000,0,0,0,10000,0,10000,10000
047743,亞德客元富93購01,0,0,0,0,0,0,0,0,0,10000,0,0,0,10000,0,10000,10000
047748,漢唐元富93購02  ,0,0,0,0,0,0,0,0,0,10000,0,0,0,10000,0,10000,10000
047716,晶技凱基93購03  ,0,0,0,0,0,0,0,0,0,10000,0,0,0,10000,0,10000,10000
047650,矽力元大93購01  ,0,0,0,0,0,0,0,0,0,10000,0,0,0,10000,0,10000,10000
047837,嘉晶元大93購01  ,0,0,0,0,0,0,0,0,0,10000,0,0,0,10000,0,10000,10000
047794,臺股指群益93購05,0,0,0,0,0,0,0,0,0,10000,0,0,0,10000,0,10000,10000
047799,技嘉兆豐93購01  ,0,0,0,0,0,0,0,0,0,10000,0,0,0,10000,0,10000,10000
047903,滬深2X元大96購01,0,0,0,0,0,0,0,0,0,10000,0,0,0,10000,0,10000,10000
047949,燿華台新93購01  ,0,0,0,0,0,0,0,0,0,10000,0,0,0,10000,0,10000,10000
047971,南亞科富邦95購01,0,0,0,0,0,0,0,0,0,10000,0,0,0,10000,0,10000,10000
04817P,創意國票95售02  ,0,0,0,0,0,0,0,0,0,10000,0,0,0,20000,10000,10000,10000
048110,京元電群益94購01,0,0,0,0,0,0,0,0,0,10000,0,0,0,10000,0,10000,10000
048098,嘉澤凱基93購04  ,0,0,0,0,0,0,0,0,0,10000,0,0,0,10000,0,10000,10000
048118,百和群益94購03  ,0,0,0,0,0,0,0,0,0,10000,0,0,0,10000,0,10000,10000
048073,南電元富93購02  ,0,0,0,0,0,0,0,0,0,10000,0,0,0,10000,0,10000,10000
048076,亞光第一94購01  ,0,0,0,0,0,0,0,0,0,10000,0,0,0,10000,0,10000,10000
048035,聯詠凱基93購06  ,0,0,0,0,0,0,0,0,0,10000,0,0,0,10000,0,10000,10000
048040,百和凱基93購07  ,0,0,0,0,0,0,0,0,0,10000,0,0,0,10000,0,10000,10000
051138,訊連永豐95購01  ,0,0,0,0,0,0,0,0,0,10000,0,0,0,10000,0,10000,10000
051121,裕民群益97購01  ,0,0,0,0,0,0,0,0,0,10000,0,0,0,10000,0,10000,10000
051124,創意群益95購01  ,0,0,0,0,0,0,0,0,0,10000,0,0,0,10000,0,10000,10000
050237,智邦凱基94購03  ,0,0,0,0,0,0,0,0,0,10000,0,0,0,25000,15000,10000,10000
051440,鴻海元大95購12  ,0,0,0,0,0,0,0,0,0,10000,0,0,0,10000,0,10000,10000
05138P,嘉聯益凱基96售02,0,0,0,0,0,0,0,0,0,10000,0,0,0,10000,0,10000,10000
051378,奇力新群益95購01,0,0,0,0,0,0,0,0,0,10000,0,0,0,10000,0,10000,10000
051534,景碩國票97購01  ,0,0,0,0,0,0,0,0,0,10000,0,0,0,10000,0,10000,10000
051501,康友群益95購02  ,0,0,0,0,0,0,0,0,0,10000,0,0,0,96000,86000,10000,10000
045743,台郡群益93購01  ,0,0,0,0,0,0,0,0,0,10000,0,0,0,10000,0,10000,10000
045500,聯發科凱基93購04,0,0,0,0,0,0,0,0,0,10000,0,0,0,20000,10000,10000,10000
045824,嘉聯益凱基93購02,0,0,0,0,0,0,0,0,0,10000,0,0,0,10000,0,10000,10000
045818,鴻海凱基93購10  ,0,0,0,0,0,0,0,0,0,10000,0,0,0,10000,0,10000,10000
045760,鴻海統一93購02  ,0,0,0,0,0,0,0,0,0,10000,0,0,0,10000,0,10000,10000
045866,南茂統一94購01  ,0,0,0,0,0,0,0,0,0,10000,0,0,0,10000,0,10000,10000
04598P,光罩凱基94售03  ,0,0,0,0,0,0,0,0,0,10000,0,0,0,16000,6000,10000,10000
04590P,元石油元大97售01,0,0,0,0,0,0,0,0,0,10000,0,0,0,10000,0,10000,10000
046290,儒鴻統一93購01  ,0,0,0,0,0,0,0,0,0,10000,0,0,0,10000,0,10000,10000
046344,超眾國票94購01  ,0,0,0,0,0,0,0,0,0,10000,0,0,0,10000,0,10000,10000
046460,聯鈞凱基93購02  ,0,0,0,0,0,0,0,0,0,10000,0,0,0,30000,20000,10000,10000
046379,奇力新凱基93購03,0,0,0,0,0,0,0,0,0,10000,0,0,0,10000,0,10000,10000
047288,台郡統一93購01  ,0,0,0,0,0,0,0,0,0,10000,0,0,0,10000,0,10000,10000
047316,大立光元大94購01,0,0,0,0,0,0,0,0,0,10000,0,0,0,10000,0,10000,10000
047343,台達電中信95購01,0,0,0,0,0,0,0,0,0,10000,0,0,0,10000,0,10000,10000
047344,亞德客凱基93購02,0,0,0,0,0,0,0,0,0,10000,0,0,0,10000,0,10000,10000
047395,聯茂元大94購01  ,0,0,0,0,0,0,0,0,0,10000,0,0,0,56000,46000,10000,10000
047389,義隆元大94購01  ,0,0,0,0,0,0,0,0,0,10000,0,0,0,10000,0,10000,10000
047410,上銀元富96購01  ,0,0,0,0,0,0,0,0,0,10000,0,0,0,10000,0,10000,10000
044966,台表科中信94購01,0,0,0,0,0,0,0,0,0,10000,0,0,0,10000,0,10000,10000
047434,台積電元大93購21,0,0,0,0,0,0,0,0,0,10000,0,0,0,10000,0,10000,10000
045220,漢唐元大94購01  ,0,0,0,0,0,0,0,0,0,10000,0,0,0,10000,0,10000,10000
045435,鴻海統一94購01  ,0,0,0,0,0,0,0,0,0,10000,0,0,0,10000,0,10000,10000
04543P,鴻海富邦95售03  ,0,0,0,0,0,0,0,0,0,10000,0,0,0,10000,0,10000,10000
048641,美律元大94購01  ,0,0,0,0,0,0,0,0,0,10000,0,0,0,20000,10000,10000,10000
049271,百和元大94購01  ,0,0,0,0,0,0,0,0,0,10000,0,0,0,10000,0,10000,10000
04925P,和碩元大94售03  ,0,0,0,0,0,0,0,0,0,10000,0,0,0,10000,0,10000,10000
048678,統一富邦93購01  ,0,0,0,0,0,0,0,0,0,10000,0,0,0,60000,50000,10000,10000
049234,可成統一94購02  ,0,0,0,0,0,0,0,0,0,10000,0,0,0,10000,0,10000,10000
049126,玉晶光元富94購02,0,0,0,0,0,0,0,0,0,10000,0,0,0,10000,0,10000,10000
049148,全新元大95購01  ,0,0,0,0,0,0,0,0,0,10000,0,0,0,10000,0,10000,10000
047481,可成凱基93購08  ,0,0,0,0,0,0,0,0,0,10000,0,0,0,10000,0,10000,10000
047476,鴻海凱基94購08  ,0,0,0,0,0,0,0,0,0,10000,0,0,0,37000,27000,10000,10000
046697,麗豐凱基94購01  ,0,0,0,0,0,0,0,0,0,10000,0,0,0,10000,0,10000,10000
046491,滬深2X富邦95購02,0,0,0,0,0,0,0,0,0,10000,0,0,0,20000,10000,10000,10000
046493,緯創富邦93購01  ,0,0,0,0,0,0,0,0,0,10000,0,0,0,10000,0,10000,10000
048326,滬深2X國泰94購03,0,0,0,0,0,0,0,0,0,10000,0,0,0,10000,0,10000,10000
047550,聯發科凱基93購13,0,0,0,0,0,0,0,0,0,10000,0,0,0,10000,0,10000,10000
047558,臻鼎凱基93購06  ,0,0,0,0,0,0,0,0,0,10000,0,0,0,24000,14000,10000,10000
047013,超眾元富96購01  ,0,0,0,0,0,0,0,0,0,10000,0,0,0,10000,0,10000,10000
044302,智邦兆豐93購02  ,0,0,0,0,0,0,0,0,0,10000,0,0,0,10000,0,10000,10000
044354,奇鋐元大93購02  ,0,0,0,0,0,0,0,0,0,10000,0,0,0,10000,0,10000,10000
044475,國巨元富95購02  ,0,0,0,0,0,0,0,0,0,10000,0,0,0,10000,0,10000,10000
044680,華新科凱基93購06,0,0,0,0,0,0,0,0,0,10000,0,0,0,10000,0,10000,10000
047074,大立光兆豐94購02,0,0,0,0,0,0,0,0,0,10000,0,0,0,210000,200000,10000,10000
04241P,欣興國泰95售02  ,0,0,0,0,0,0,0,0,0,10000,0,0,0,105000,95000,10000,10000
042326,元油2X國票94購01,0,0,0,0,0,0,0,0,0,10000,0,0,0,80000,70000,10000,10000
03903P,美律永豐93售01  ,0,0,0,0,0,0,0,0,0,10000,0,0,0,10000,0,10000,10000
043909,台光電凱基93購01,0,0,0,0,0,0,0,0,0,10000,0,0,0,10000,0,10000,10000
043912,華新科凱基93購01,0,0,0,0,0,0,0,0,0,10000,0,0,0,20000,10000,10000,10000
043750,美律元大93購01  ,0,0,0,0,0,0,0,0,0,10000,0,0,0,10000,0,10000,10000
043537,智伸科兆豐93購01,0,0,0,0,0,0,0,0,0,10000,0,0,0,10000,0,10000,10000
043396,世紀鋼元大93購01,0,0,0,0,0,0,0,0,0,10000,0,0,0,10000,0,10000,10000
042801,達邁元大93購01  ,0,0,0,0,0,0,0,0,0,10000,0,0,0,10000,0,10000,10000
044010,華通凱基93購01  ,0,0,0,0,0,0,0,0,0,10000,0,0,0,11000,1000,10000,10000
044190,聯詠富邦93購01  ,0,0,0,0,0,0,0,0,0,10000,0,0,0,10000,0,10000,10000
044124,燿華凱基93購01  ,0,0,0,0,0,0,0,0,0,10000,0,0,0,50000,40000,10000,10000
03038X,元展35          ,0,0,0,0,0,0,0,0,0,10000,0,0,0,10000,0,10000,10000
00763U,街口道瓊銅      ,0,0,0,0,0,0,0,0,0,10000,0,0,0,10000,0,10000,10000
051344,鴻海元大95購08  ,0,0,0,0,0,0,0,0,0,10000,0,0,0,10000,0,10000,10000
051313,緯創麥證95購02  ,0,0,0,40000,30000,10000,0,0,0,10000,0,0,0,40000,30000,10000,10000
051049,亞德客群益95購01,0,0,0,0,0,0,0,0,0,10000,0,0,0,15000,5000,10000,10000
052568,漢唐凱基96購02  ,0,0,0,0,0,0,0,0,0,10000,0,0,0,10000,0,10000,10000
052620,上証2X富邦97購02,0,0,0,0,0,0,0,0,0,10000,0,0,0,10000,0,10000,10000
052679,致伸富邦98購01  ,0,0,0,0,0,0,0,0,0,10000,0,0,0,10000,0,10000,10000
052696,玉晶光麥證97購01,0,0,0,65000,55000,10000,0,0,0,10000,0,0,0,65000,55000,10000,10000
052699,友達國票97購01  ,0,0,0,0,0,0,0,0,0,10000,0,0,0,10000,0,10000,10000
052711,滬深2X凱基97購01,0,0,0,0,0,0,0,0,0,10000,0,0,0,10000,0,10000,10000
052774,京元電亞東96購01,0,0,0,0,0,0,0,0,0,10000,0,0,0,10000,0,10000,10000
050961,美律永豐95購01  ,0,0,0,0,0,0,0,0,0,10000,0,0,0,10000,0,10000,10000
050947,聯發科群益95購01,0,0,0,0,0,0,0,0,0,10000,0,0,0,50000,40000,10000,10000
050887,台積電富邦95購05,0,0,0,0,0,0,0,0,0,10000,0,0,0,11000,1000,10000,10000
050771,華新科元大94購06,0,0,0,0,0,0,0,0,0,10000,0,0,0,10000,0,10000,10000
050805,光寶科日盛95購01,0,0,0,0,0,0,0,0,0,10000,0,0,0,10000,0,10000,10000
050721,台泥國票94購01  ,0,0,0,0,0,0,0,0,0,10000,0,0,0,10000,0,10000,10000
050572,大立光中信97購01,0,0,0,0,0,0,0,0,0,10000,0,0,0,10000,0,10000,10000
05130P,聯發科統一95售03,0,0,0,0,0,0,0,0,0,10000,0,0,0,10000,0,10000,10000
053277,大立光元大96購04,0,0,0,0,0,0,0,0,0,10000,0,0,0,20000,10000,10000,10000
053198,亞德客日盛96購01,0,0,0,0,0,0,0,0,0,10000,0,0,0,20000,10000,10000,10000
053211,漢唐凱基96購03  ,0,0,0,0,0,0,0,0,0,10000,0,0,0,10000,0,10000,10000
053345,欣興國票97購02  ,0,0,0,0,0,0,0,0,0,10000,0,0,0,83000,73000,10000,10000
053442,光罩凱基96購01  ,0,0,0,0,0,0,0,0,0,10000,0,0,0,10000,0,10000,10000
053466,華通元大98購01  ,0,0,0,0,0,0,0,0,0,10000,0,0,0,10000,0,10000,10000
053385,聯詠元大96購02  ,0,0,0,0,0,0,0,0,0,10000,0,0,0,10000,0,10000,10000
052980,上銀元大96購03  ,0,0,0,0,0,0,0,0,0,10000,0,0,0,60000,50000,10000,10000
05303P,華通國泰97售01  ,0,0,0,0,0,0,0,0,0,10000,0,0,0,10000,0,10000,10000
053004,燿華永豐96購01  ,0,0,0,0,0,0,0,0,0,10000,0,0,0,10000,0,10000,10000
053073,技嘉康和96購01  ,0,0,0,0,0,0,0,0,0,10000,0,0,0,30000,20000,10000,10000
05310P,智原永豐95售04  ,0,0,0,0,0,0,0,0,0,10000,0,0,0,10000,0,10000,10000
052899,和大國票97購01  ,0,0,0,0,0,0,0,0,0,10000,0,0,0,30000,20000,10000,10000
052910,鴻海統一96購10  ,0,0,0,0,0,0,0,0,0,10000,0,0,0,10000,0,10000,10000
052878,台虹凱基96購01  ,0,0,0,0,0,0,0,0,0,10000,0,0,0,14000,4000,10000,10000
051801,牧德永豐95購04  ,0,0,0,0,0,0,0,0,0,10000,0,0,0,38000,28000,10000,10000
051816,臺股指凱基95購07,0,0,0,0,0,0,0,0,0,10000,0,0,0,10000,0,10000,10000
051824,華通元大95購07  ,0,0,0,0,0,0,0,0,0,10000,0,0,0,10000,0,10000,10000
05155P,聯發科兆豐95售03,0,0,0,0,0,0,0,0,0,10000,0,0,0,10000,0,10000,10000
051839,和鑫國泰96購01  ,0,0,0,0,0,0,0,0,0,10000,0,0,0,10000,0,10000,10000
051868,貿聯凱基96購01  ,0,0,0,0,0,0,0,0,0,10000,0,0,0,10000,0,10000,10000
052540,華新科統一95購03,0,0,0,0,0,0,0,0,0,10000,0,0,0,10000,0,10000,10000
052526,智伸科元大96購02,0,0,0,0,0,0,0,0,0,10000,0,0,0,10000,0,10000,10000
052527,泰鼎元大96購02  ,0,0,0,0,0,0,0,0,0,10000,0,0,0,70000,60000,10000,10000
051748,超眾國泰96購01  ,0,0,0,0,0,0,0,0,0,10000,0,0,0,10000,0,10000,10000
050327,泰鼎永豐94購03  ,0,0,0,0,0,0,0,0,0,10000,0,0,0,20000,10000,10000,10000
050339,鴻海統一94購06  ,0,0,0,0,0,0,0,0,0,10000,0,0,0,10000,0,10000,10000
051191,可成兆豐96購01  ,0,0,0,0,0,0,0,0,0,10000,0,0,0,10000,0,10000,10000
051943,台積電麥證95購03,0,0,0,10000,0,10000,0,0,0,10000,0,0,0,10000,0,10000,10000
051894,嘉聯益元富95購03,0,0,0,0,0,0,0,0,0,10000,0,0,0,10000,0,10000,10000
051207,聯茂麥證95購01  ,0,0,0,40000,30000,10000,0,0,0,10000,0,0,0,40000,30000,10000,10000
051912,健鼎元大96購01  ,0,0,0,0,0,0,0,0,0,10000,0,0,0,10000,0,10000,10000
05189P,新光金凱基97售02,0,0,0,0,0,0,0,0,0,10000,0,0,0,10000,0,10000,10000
051897,台光電國泰97購01,0,0,0,0,0,0,0,0,0,10000,0,0,0,10000,0,10000,10000
05204P,TPK元大95售03   ,0,0,0,0,0,0,0,0,0,10000,0,0,0,24000,14000,10000,10000
052140,鈺齊凱基95購02  ,0,0,0,0,0,0,0,0,0,10000,0,0,0,10000,0,10000,10000
052128,聯發科日盛95購03,0,0,0,0,0,0,0,0,0,10000,0,0,0,10000,0,10000,10000
05208P,TPK中信95售01   ,0,0,0,0,0,0,0,0,0,10000,0,0,0,10000,0,10000,10000
051997,康友元大95購02  ,0,0,0,0,0,0,0,0,0,10000,0,0,0,17000,7000,10000,10000
051982,深中小元大95購01,0,0,0,0,0,0,0,0,0,10000,0,0,0,10000,0,10000,10000
051243,微星元大95購01  ,0,0,0,0,0,0,0,0,0,10000,0,0,0,25000,15000,10000,10000
051294,鴻海元富95購06  ,0,0,0,0,0,0,0,0,0,10000,0,0,0,10000,0,10000,10000
050429,漢唐凱基94購04  ,0,0,0,0,0,0,0,0,0,10000,0,0,0,10000,0,10000,10000
051781,緯穎群益96購01  ,0,0,0,0,0,0,0,0,0,10000,0,0,0,25000,15000,10000,10000
052384,臺股指元大95購30,0,0,0,0,0,0,0,0,0,10000,0,0,0,10000,0,10000,10000
052435,滬深2X富邦96購05,0,0,0,0,0,0,0,0,0,10000,0,0,0,30000,20000,10000,10000
050409,華通永豐94購01  ,0,0,0,0,0,0,0,0,0,10000,0,0,0,10000,0,10000,10000
051766,泰鼎元大95購02  ,0,0,0,0,0,0,0,0,0,10000,0,0,0,10000,0,10000,10000
050362,深中小元大94購04,0,0,0,0,0,0,0,0,0,10000,0,0,0,10000,0,10000,10000
050356,緯穎群益94購05  ,0,0,0,0,0,0,0,0,0,10000,0,0,0,40000,30000,10000,10000
052174,聯發科元大95購13,0,0,0,0,0,0,0,0,0,10000,0,0,0,10000,0,10000,10000
052170,台積電元大95購20,0,0,0,0,0,0,0,0,0,10000,0,0,0,10000,0,10000,10000
054989,精元元富97購01  ,0,0,0,0,0,0,0,0,0,10000,0,0,0,10000,0,10000,10000
054990,凌陽元富97購01  ,0,0,0,0,0,0,0,0,0,10000,0,0,0,10000,0,10000,10000
054977,SP黃豆元富9B購01,0,0,0,0,0,0,0,0,0,10000,0,0,0,10000,0,10000,10000
054911,敬鵬凱基97購01  ,0,0,0,0,0,0,0,0,0,10000,0,0,0,10000,0,10000,10000
054929,群電凱基97購01  ,0,0,0,0,0,0,0,0,0,10000,0,0,0,10000,0,10000,10000
054889,京鼎統一99購01  ,0,0,0,0,0,0,0,0,0,10000,0,0,0,10000,0,10000,10000
054906,神達康和97購01  ,0,0,0,0,0,0,0,0,0,10000,0,0,0,10000,0,10000,10000
054875,群電群益97購01  ,0,0,0,0,0,0,0,0,0,10000,0,0,0,10000,0,10000,10000
055033,漢唐富邦98購01  ,0,0,0,0,0,0,0,0,0,10000,0,0,0,80000,70000,10000,10000
055151,台積電元大98購05,0,0,0,0,0,0,0,0,0,10000,0,0,0,193000,183000,10000,10000
055179,大立光統一97購04,0,0,0,0,0,0,0,0,0,10000,0,0,0,10000,0,10000,10000
055483,和大元大97購03  ,0,0,0,0,0,0,0,0,0,10000,0,0,0,10000,0,10000,10000
05547P,群創元大96售03  ,0,0,0,0,0,0,0,0,0,10000,0,0,0,43000,33000,10000,10000
055362,GIS凱基97購03   ,0,0,0,0,0,0,0,0,0,10000,0,0,0,10000,0,10000,10000
055374,明泰元大97購01  ,0,0,0,0,0,0,0,0,0,10000,0,0,0,10000,0,10000,10000
055223,和大國票98購01  ,0,0,0,0,0,0,0,0,0,10000,0,0,0,10000,0,10000,10000
055271,鴻海元大98購03  ,0,0,0,0,0,0,0,0,0,10000,0,0,0,22000,12000,10000,10000
056126,台郡國票98購02  ,0,0,0,0,0,0,0,0,0,10000,0,0,0,10000,0,10000,10000
056128,和大中信99購01  ,0,0,0,0,0,0,0,0,0,10000,0,0,0,60000,50000,10000,10000
055855,牧德元大99購02  ,0,0,0,0,0,0,0,0,0,10000,0,0,0,20000,10000,10000,10000
055521,S&P反1群益01購01,0,0,0,0,0,0,0,0,0,10000,0,0,0,10000,0,10000,10000
055548,旺宏凱基97購02  ,0,0,0,0,0,0,0,0,0,10000,0,0,0,20000,10000,10000,10000
055538,鴻海日盛97購04  ,0,0,0,0,0,0,0,0,0,10000,0,0,0,65000,55000,10000,10000
05553P,智原群益96售01  ,0,0,0,0,0,0,0,0,0,10000,0,0,0,10000,0,10000,10000
05567P,致伸群益96售01  ,0,0,0,0,0,0,0,0,0,10000,0,0,0,10000,0,10000,10000
055640,鴻海元富97購03  ,0,0,0,0,0,0,0,0,0,10000,0,0,0,10000,0,10000,10000
055723,康控元大97購04  ,0,0,0,0,0,0,0,0,0,10000,0,0,0,10000,0,10000,10000
055721,聯詠元大97購04  ,0,0,0,0,0,0,0,0,0,10000,0,0,0,20000,10000,10000,10000
055761,創意群益97購01  ,0,0,0,0,0,0,0,0,0,10000,0,0,0,10000,0,10000,10000
054779,台塑群益98購01  ,0,0,0,0,0,0,0,0,0,10000,0,0,0,10000,0,10000,10000
05479P,華新科台新96售01,0,0,0,0,0,0,0,0,0,10000,0,0,0,70000,60000,10000,10000
054817,聯發科元大97購13,0,0,0,0,0,0,0,0,0,10000,0,0,0,15000,5000,10000,10000
054715,中橡康和97購01  ,0,0,0,0,0,0,0,0,0,10000,0,0,0,10000,0,10000,10000
054735,漢唐凱基98購01  ,0,0,0,0,0,0,0,0,0,10000,0,0,0,10000,0,10000,10000
054736,南亞科凱基98購01,0,0,0,0,0,0,0,0,0,10000,0,0,0,10000,0,10000,10000
054740,強茂凱基99購01  ,0,0,0,0,0,0,0,0,0,10000,0,0,0,10000,0,10000,10000
054758,南亞國票9A購01  ,0,0,0,0,0,0,0,0,0,10000,0,0,0,42000,32000,10000,10000
054759,台化國票98購01  ,0,0,0,0,0,0,0,0,0,10000,0,0,0,10000,0,10000,10000
054655,貿聯麥證98購01  ,0,0,0,10000,0,10000,0,0,0,10000,0,0,0,10000,0,10000,10000
054656,深中小元大97購01,0,0,0,0,0,0,0,0,0,10000,0,0,0,10000,0,10000,10000
05466P,旺宏富邦97售01  ,0,0,0,0,0,0,0,0,0,10000,0,0,0,110000,100000,10000,10000
054553,宏達電凱基99購01,0,0,0,0,0,0,0,0,0,10000,0,0,0,224000,214000,10000,10000
054566,貿聯群益97購02  ,0,0,0,0,0,0,0,0,0,10000,0,0,0,10000,0,10000,10000
054585,禾伸堂國泰99購01,0,0,0,0,0,0,0,0,0,10000,0,0,0,45000,35000,10000,10000
054245,鴻海元大96購23  ,0,0,0,0,0,0,0,0,0,10000,0,0,0,10000,0,10000,10000
054247,華邦電元大96購04,0,0,0,0,0,0,0,0,0,10000,0,0,0,10000,0,10000,10000
054255,亞光元大96購05  ,0,0,0,0,0,0,0,0,0,10000,0,0,0,10000,0,10000,10000
05433P,智原元富95售02  ,0,0,0,0,0,0,0,0,0,10000,0,0,0,10000,0,10000,10000
054175,高鐵台新97購01  ,0,0,0,0,0,0,0,0,0,10000,0,0,0,10000,0,10000,10000
054096,佳世達國票97購01,0,0,0,0,0,0,0,0,0,10000,0,0,0,20000,10000,10000,10000
054070,創意國泰96購02  ,0,0,0,0,0,0,0,0,0,10000,0,0,0,10000,0,10000,10000
053881,南亞科中信97購01,0,0,0,0,0,0,0,0,0,10000,0,0,0,10000,0,10000,10000
053891,欣興群益98購01  ,0,0,0,0,0,0,0,0,0,10000,0,0,0,10000,0,10000,10000
053858,台達電元大96購05,0,0,0,0,0,0,0,0,0,10000,0,0,0,10000,0,10000,10000
053828,貿聯麥證96購01  ,0,0,0,10000,0,10000,0,0,0,10000,0,0,0,10000,0,10000,10000
053831,台積電台新97購02,0,0,0,0,0,0,0,0,0,10000,0,0,0,10000,0,10000,10000
053930,S&P反1統一98購01,0,0,0,0,0,0,0,0,0,10000,0,0,0,10000,0,10000,10000
053554,欣興凱基97購02  ,0,0,0,0,0,0,0,0,0,10000,0,0,0,10000,0,10000,10000
053555,日月光凱基97購01,0,0,0,0,0,0,0,0,0,10000,0,0,0,10000,0,10000,10000
053477,大立光元大97購03,0,0,0,0,0,0,0,0,0,10000,0,0,0,60000,50000,10000,10000
053647,臺股指國票96購10,0,0,0,0,0,0,0,0,0,10000,0,0,0,20000,10000,10000,10000
053788,泰鼎元大97購01  ,0,0,0,0,0,0,0,0,0,10000,0,0,0,10000,0,10000,10000
053790,嘉聯益元大99購02,0,0,0,0,0,0,0,0,0,10000,0,0,0,10000,0,10000,10000
053713,漢唐凱基96購04  ,0,0,0,0,0,0,0,0,0,10000,0,0,0,10000,0,10000,10000
053703,緯穎兆豐96購01  ,0,0,0,0,0,0,0,0,0,10000,0,0,0,10000,0,10000,10000
06753P,智邦富邦98售03  ,0,0,0,0,0,0,0,0,0,10000,0,0,0,10000,0,10000,10000
06639P,訊芯元富98售04  ,0,0,0,0,0,0,0,0,0,10000,0,0,0,10000,0,10000,10000
06305P,臺股指元大97售11,0,0,0,0,0,0,0,0,0,10000,0,0,0,13000,3000,10000,10000
06156P,大立光統一97售05,0,0,0,0,0,0,0,0,0,10000,0,0,0,10000,0,10000,10000
06132P,正文元富97售01  ,0,0,0,0,0,0,0,0,0,10000,0,0,0,10000,0,10000,10000
06130P,玉晶光元富97售07,0,0,0,0,0,0,0,0,0,10000,0,0,0,10000,0,10000,10000
06192P,高股息中信98售01,0,0,0,0,0,0,0,0,0,10000,0,0,0,20000,10000,10000,10000
06214P,國巨國票98售04  ,0,0,0,0,0,0,0,0,0,10000,0,0,0,97000,87000,10000,10000
1449,佳和            ,219000,213000,6000,0,0,0,0,0,0,4000,4000,0,4000,0,0,0,10000
1467,南緯            ,10000,0,10000,0,0,0,0,0,0,0,0,0,0,0,0,0,10000
06980P,緯穎永豐99售02  ,0,0,0,0,0,0,0,0,0,10000,0,0,0,10000,0,10000,10000
2358,廷鑫            ,14000,4000,10000,0,0,0,0,0,0,0,0,0,0,0,0,0,10000
2538,基泰            ,85000,74000,11000,0,0,0,0,0,0,-1000,0,1000,-1000,0,0,0,10000
2731,雄獅            ,7000,17000,-10000,0,0,0,0,0,0,20000,20000,0,20000,0,0,0,10000
2897,王道銀行        ,32000,22000,10000,0,0,0,0,0,0,0,0,0,0,0,0,0,10000
2882B,國泰金乙特      ,9000,0,9000,0,0,0,0,0,0,1000,1000,0,1000,0,0,0,10000
4916,事欣科          ,40000,30000,10000,0,0,0,0,0,0,0,0,0,0,0,0,0,10000
5706,鳳凰            ,12000,2000,10000,0,0,0,0,0,0,0,0,0,0,0,0,0,10000
057903,聯鈞永豐99購01  ,0,0,0,0,0,0,0,0,0,9000,0,0,0,9000,0,9000,9000
05812P,臺股指國票96售05,0,0,0,0,0,0,0,0,0,9000,0,0,0,10000,1000,9000,9000
05950P,台積電國票97售04,0,0,0,0,0,0,0,0,0,9000,0,0,0,35000,26000,9000,9000
05951P,台積電國票97售05,0,0,0,0,0,0,0,0,0,9000,0,0,0,11000,2000,9000,9000
056980,建準群益98購02  ,0,0,0,0,0,0,0,0,0,9000,0,0,0,111000,102000,9000,9000
056976,喬山群益98購01  ,450000,0,450000,0,0,0,0,0,0,-441000,0,0,0,20000,461000,-441000,9000
057305,南亞科兆豐98購02,0,0,0,0,0,0,0,0,0,9000,0,0,0,26000,17000,9000,9000
03619C,臺股指元大95牛02,0,0,0,0,0,0,0,0,0,9000,0,0,0,10000,1000,9000,9000
041916,大立光中信93購01,0,0,0,0,0,0,0,0,0,9000,0,0,0,10000,1000,9000,9000
049118,元油2X元富94購03,0,0,0,0,0,0,0,0,0,9000,0,0,0,16000,7000,9000,9000
045749,智邦富邦93購01  ,0,0,0,0,0,0,0,0,0,9000,0,0,0,9000,0,9000,9000
051448,聯詠元大95購02  ,0,0,0,0,0,0,0,0,0,9000,0,0,0,9000,0,9000,9000
04967P,台表科永豐94售04,0,0,0,0,0,0,0,0,0,9000,0,0,0,9000,0,9000,9000
048149,泰鼎元富95購01  ,0,0,0,0,0,0,0,0,0,9000,0,0,0,19000,10000,9000,9000
049598,超眾元大95購03  ,0,0,0,0,0,0,0,0,0,9000,0,0,0,10000,1000,9000,9000
04934P,鴻海中信94售05  ,0,0,0,0,0,0,0,0,0,9000,0,0,0,10000,1000,9000,9000
049086,晶相光凱基94購01,0,0,0,0,0,0,0,0,0,9000,0,0,0,9000,0,9000,9000
049561,道瓊銀統一96購01,0,0,0,0,0,0,0,0,0,9000,0,0,0,9000,0,9000,9000
048471,旭富永豐93購01  ,0,0,0,0,0,0,0,0,0,9000,0,0,0,10000,1000,9000,9000
050347,上証2X群益98購01,0,0,0,0,0,0,0,0,0,9000,0,0,0,9000,0,9000,9000
050158,上海銀群益96購01,0,0,0,0,0,0,0,0,0,9000,0,0,0,11000,2000,9000,9000
050437,聯詠凱基94購04  ,0,0,0,0,0,0,0,0,0,9000,0,0,0,9000,0,9000,9000
049946,智邦兆豐95購01  ,0,0,0,0,0,0,0,0,0,9000,0,0,0,10000,1000,9000,9000
052099,臺股指富邦95購02,0,0,0,0,0,0,0,0,0,9000,0,0,0,24000,15000,9000,9000
052056,緯穎凱基95購04  ,0,0,0,0,0,0,0,0,0,9000,0,0,0,12000,3000,9000,9000
053097,超眾統一96購03  ,0,0,0,0,0,0,0,0,0,9000,0,0,0,9000,0,9000,9000
053064,國巨群益96購04  ,0,0,0,0,0,0,0,0,0,9000,0,0,0,17000,8000,9000,9000
053379,南亞科元大96購01,0,0,0,0,0,0,0,0,0,9000,0,0,0,57000,48000,9000,9000
053256,上銀富邦98購01  ,0,0,0,0,0,0,0,0,0,9000,0,0,0,46000,37000,9000,9000
05081P,京鼎永豐95售01  ,0,0,0,0,0,0,0,0,0,9000,0,0,0,52000,43000,9000,9000
052783,台郡國票97購01  ,0,0,0,0,0,0,0,0,0,9000,0,0,0,10000,1000,9000,9000
05368P,可成元富95售03  ,0,0,0,0,0,0,0,0,0,9000,0,0,0,16000,7000,9000,9000
054049,亞光元大96購03  ,0,0,0,0,0,0,0,0,0,9000,0,0,0,20000,11000,9000,9000
054008,大立光元富96購06,0,0,0,0,0,0,0,0,0,9000,0,0,0,9000,0,9000,9000
054693,神基永豐97購01  ,0,0,0,0,0,0,0,0,0,9000,0,0,0,213000,204000,9000,9000
054795,合勤控群益98購01,0,0,0,0,0,0,0,0,0,9000,0,0,0,30000,21000,9000,9000
055642,廣宇元富97購01  ,0,0,0,0,0,0,0,0,0,9000,0,0,0,23000,14000,9000,9000
055425,聚陽群益99購01  ,0,0,0,0,0,0,0,0,0,9000,0,0,0,51000,42000,9000,9000
4560,強信-KY         ,46000,37000,9000,0,0,0,0,0,0,0,0,0,0,0,0,0,9000
2413,環科            ,13000,4000,9000,0,0,0,0,0,0,0,0,0,0,0,0,0,9000
06559P,玉晶光元富98售02,0,0,0,0,0,0,0,0,0,9000,0,0,0,9000,0,9000,9000
06668P,祥碩凱基98售02  ,0,0,0,0,0,0,0,0,0,9000,0,0,0,12000,3000,9000,9000
057273,智邦元大98購05  ,0,0,0,0,0,0,0,0,0,8000,0,0,0,89000,81000,8000,8000
056910,超眾元大99購02  ,0,0,0,0,0,0,0,0,0,8000,0,0,0,8000,0,8000,8000
057000,亞德客國票99購01,0,0,0,0,0,0,0,0,0,8000,0,0,0,38000,30000,8000,8000
056742,玉晶光凱基9A購01,0,0,0,0,0,0,0,0,0,8000,0,0,0,497000,489000,8000,8000
056821,日電貿永豐98購01,0,0,0,0,0,0,0,0,0,8000,0,0,0,25000,17000,8000,8000
056906,玉晶光元大9B購01,0,0,0,0,0,0,0,0,0,8000,0,0,0,46000,38000,8000,8000
05629P,聯發科永昌99售02,0,0,0,0,0,0,0,0,0,8000,0,0,0,93000,85000,8000,8000
05630P,大立光永昌96售06,0,0,0,0,0,0,0,0,0,8000,0,0,0,58000,50000,8000,8000
056357,台積電元大9A購01,0,0,0,0,0,0,0,0,0,8000,0,0,0,206000,198000,8000,8000
056230,可成凱基98購03  ,0,0,0,0,0,0,0,0,0,8000,0,0,0,101000,93000,8000,8000
056615,燿華永豐98購02  ,0,0,0,0,0,0,0,0,0,8000,0,0,0,78000,70000,8000,8000
056609,楠梓電永豐98購02,0,0,0,0,0,0,0,0,0,8000,0,0,0,10000,2000,8000,8000
056675,聯發科元富02購01,0,0,0,0,0,0,0,0,0,8000,0,0,0,8000,0,8000,8000
05936P,台積電凱基96售20,0,0,0,0,0,0,0,0,0,8000,0,0,0,46000,38000,8000,8000
058096,南電元大98購04  ,0,0,0,0,0,0,0,0,0,8000,0,0,0,18000,10000,8000,8000
058235,大立光元大99購08,0,0,0,0,0,0,0,0,0,8000,0,0,0,9000,1000,8000,8000
058164,FBVIX凱基03購02 ,0,0,0,0,0,0,0,0,0,8000,0,0,0,12000,4000,8000,8000
058165,FBVIX凱基9C購01 ,0,0,0,0,0,0,0,0,0,8000,0,0,0,15000,7000,8000,8000
057869,大立光凱基99購01,0,0,0,0,0,0,0,0,0,8000,0,0,0,8000,0,8000,8000
057751,神達國票99購02  ,0,0,0,0,0,0,0,0,0,8000,0,0,0,13000,5000,8000,8000
057515,智原元富98購02  ,0,0,0,0,0,0,0,0,0,8000,0,0,0,20000,12000,8000,8000
057545,國巨凱基99購05  ,0,0,0,0,0,0,0,0,0,8000,0,0,0,8000,0,8000,8000
048522,A50正2元富95購02,0,0,0,0,0,0,0,0,0,8000,0,0,0,8000,0,8000,8000
049587,美律元大95購01  ,0,0,0,0,0,0,0,0,0,8000,0,0,0,8000,0,8000,8000
048994,南電元大94購03  ,0,0,0,0,0,0,0,0,0,8000,0,0,0,8000,0,8000,8000
047797,臺股指群益93購08,0,0,0,0,0,0,0,0,0,8000,0,0,0,23000,15000,8000,8000
050175,台光電元大94購08,0,0,0,0,0,0,0,0,0,8000,0,0,0,26000,18000,8000,8000
051424,緯穎國票97購01  ,0,0,0,0,0,0,0,0,0,8000,0,0,0,8000,0,8000,8000
051471,國巨凱基97購01  ,0,0,0,0,0,0,0,0,0,8000,0,0,0,48000,40000,8000,8000
045295,台積電元大93購02,0,0,0,0,0,0,0,0,0,8000,0,0,0,8000,0,8000,8000
045089,中磊元大94購01  ,0,0,0,0,0,0,0,0,0,8000,0,0,0,8000,0,8000,8000
044683,聯鈞凱基93購01  ,0,0,0,0,0,0,0,0,0,8000,0,0,0,32000,24000,8000,8000
052607,大立光元大96購03,0,0,0,0,0,0,0,0,0,8000,0,0,0,21000,13000,8000,8000
050566,高股息中信97購02,0,0,0,0,0,0,0,0,0,8000,0,0,0,11000,3000,8000,8000
050982,台積電國泰96購04,0,0,0,0,0,0,0,0,0,8000,0,0,0,8000,0,8000,8000
050993,聯發科元大95購05,0,0,0,0,0,0,0,0,0,8000,0,0,0,8000,0,8000,8000
053474,聯發科元大97購06,0,0,0,0,0,0,0,0,0,8000,0,0,0,110000,102000,8000,8000
053084,國巨元大98購01  ,0,0,0,0,0,0,0,0,0,8000,0,0,0,16000,8000,8000,8000
051221,嘉聯益元富95購01,0,0,0,0,0,0,0,0,0,8000,0,0,0,8000,0,8000,8000
05025P,聯發科群益95售02,0,0,0,0,0,0,0,0,0,8000,0,0,0,10000,2000,8000,8000
05252P,華通凱基95售01  ,0,0,0,0,0,0,0,0,0,8000,0,0,0,13000,5000,8000,8000
051550,日電貿永豐95購01,0,0,0,0,0,0,0,0,0,8000,0,0,0,30000,22000,8000,8000
049921,大立光元大94購16,0,0,0,0,0,0,0,0,0,8000,0,0,0,8000,0,8000,8000
050121,南電元大95購02  ,0,0,0,0,0,0,0,0,0,8000,0,0,0,104000,96000,8000,8000
052244,廣達康和95購01  ,0,0,0,0,0,0,0,0,0,8000,0,0,0,8000,0,8000,8000
055492,華新科元大97購08,0,0,0,0,0,0,0,0,0,8000,0,0,0,98000,90000,8000,8000
055309,冠德群益97購01  ,0,0,0,0,0,0,0,0,0,8000,0,0,0,8000,0,8000,8000
055188,亞翔統一97購01  ,0,0,0,0,0,0,0,0,0,8000,0,0,0,38000,30000,8000,8000
054890,聯鈞統一99購01  ,0,0,0,0,0,0,0,0,0,8000,0,0,0,55000,47000,8000,8000
054725,國巨日盛97購01  ,0,0,0,0,0,0,0,0,0,8000,0,0,0,10000,2000,8000,8000
05458P,台積電凱基97售02,0,0,0,0,0,0,0,0,0,8000,0,0,0,104000,96000,8000,8000
054252,奇力新元大96購04,0,0,0,0,0,0,0,0,0,8000,0,0,0,8000,0,8000,8000
054005,旺宏統一97購04  ,0,0,0,0,0,0,0,0,0,8000,0,0,0,98000,90000,8000,8000
054118,國巨永豐96購04  ,0,0,0,0,0,0,0,0,0,8000,0,0,0,44000,36000,8000,8000
053848,聯發科元富96購03,0,0,0,0,0,0,0,0,0,8000,0,0,0,8000,0,8000,8000
053725,晶相光凱基96購01,0,0,0,0,0,0,0,0,0,8000,0,0,0,51000,43000,8000,8000
053638,信邦永豐96購01  ,0,0,0,0,0,0,0,0,0,8000,0,0,0,38000,30000,8000,8000
06232P,智易永豐97售01  ,0,0,0,0,0,0,0,0,0,8000,0,0,0,13000,5000,8000,8000
06268P,聯詠凱基97售02  ,0,0,0,0,0,0,0,0,0,8000,0,0,0,18000,10000,8000,8000
1442,名軒            ,14000,8000,6000,0,0,0,0,0,0,2000,2000,0,2000,0,0,0,8000
1325,恆大            ,249000,222000,27000,0,0,0,0,0,0,-19000,0,19000,-19000,0,0,0,8000
4572,駐龍            ,8000,0,8000,0,0,0,0,0,0,0,0,0,0,0,0,0,8000
3011,今皓            ,8000,0,8000,0,0,0,0,0,0,0,0,0,0,0,0,0,8000
4438,廣越            ,15000,2000,13000,0,0,0,0,0,0,-5000,0,0,0,0,5000,-5000,8000
3494,誠研            ,8000,0,8000,0,0,0,0,0,0,0,0,0,0,0,0,0,8000
9943,好樂迪          ,13000,5000,8000,0,0,0,0,0,0,0,0,0,0,0,0,0,8000
05745P,富邦金兆豐96售02,0,0,0,0,0,0,0,0,0,7000,0,0,0,7000,0,7000,7000
057802,卜蜂元大98購01  ,0,0,0,0,0,0,0,0,0,7000,0,0,0,11000,4000,7000,7000
05791P,臺股指中信99售06,0,0,0,0,0,0,0,0,0,7000,0,0,0,30000,23000,7000,7000
06077P,GIS凱基97售02   ,0,0,0,0,0,0,0,0,0,7000,0,0,0,21000,14000,7000,7000
05868P,台積電凱基96售17,0,0,0,0,0,0,0,0,0,7000,0,0,0,7000,0,7000,7000
05859P,台表科國票97售04,0,0,0,0,0,0,0,0,0,7000,0,0,0,7000,0,7000,7000
056833,和大元富9B購01  ,0,0,0,0,0,0,0,0,0,7000,0,0,0,47000,40000,7000,7000
056772,欣興元大99購01  ,0,0,0,0,0,0,0,0,0,7000,0,0,0,68000,61000,7000,7000
057294,台灣50永豐99購01,0,0,0,0,0,0,0,0,0,7000,0,0,0,17000,10000,7000,7000
03637C,臺股指凱基94牛18,0,0,0,0,0,0,0,0,0,7000,0,0,0,7000,0,7000,7000
035277,景碩台新97購01  ,0,0,0,0,0,0,0,0,0,7000,0,0,0,7000,0,7000,7000
00713,元大台灣高息低波,0,0,0,0,0,0,0,0,0,7000,0,0,0,7000,0,7000,7000
045287,元油2X元大95購01,0,0,0,0,0,0,0,0,0,7000,0,0,0,7000,0,7000,7000
051459,臺股指元大95購19,0,0,0,0,0,0,0,0,0,7000,0,0,0,7000,0,7000,7000
049632,臺股指群益94購05,0,0,0,0,0,0,0,0,0,7000,0,0,0,7000,0,7000,7000
050405,新光金麥證94購01,0,0,0,7000,0,7000,0,0,0,7000,0,0,0,7000,0,7000,7000
050003,景碩永豐94購01  ,0,0,0,0,0,0,0,0,0,7000,0,0,0,133000,126000,7000,7000
050431,聯發科凱基94購18,0,0,0,0,0,0,0,0,0,7000,0,0,0,176000,169000,7000,7000
051570,和碩富邦97購01  ,0,0,0,0,0,0,0,0,0,7000,0,0,0,160000,153000,7000,7000
051657,台郡元富98購01  ,0,0,0,0,0,0,0,0,0,7000,0,0,0,47000,40000,7000,7000
053102,祥碩元富96購01  ,0,0,0,0,0,0,0,0,0,7000,0,0,0,7000,0,7000,7000
053026,奇力新富邦98購01,0,0,0,0,0,0,0,0,0,7000,0,0,0,15000,8000,7000,7000
05314P,臺股指群益95售13,0,0,0,0,0,0,0,0,0,7000,0,0,0,7000,0,7000,7000
051001,緯穎元大96購02  ,0,0,0,0,0,0,0,0,0,7000,0,0,0,139000,132000,7000,7000
052688,新日興元大96購01,0,0,0,0,0,0,0,0,0,7000,0,0,0,33000,26000,7000,7000
053617,宏達電群益96購02,0,0,0,0,0,0,0,0,0,7000,0,0,0,113000,106000,7000,7000
053712,台光電凱基96購04,0,0,0,0,0,0,0,0,0,7000,0,0,0,87000,80000,7000,7000
054028,臻鼎凱基96購03  ,0,0,0,0,0,0,0,0,0,7000,0,0,0,7000,0,7000,7000
054590,嘉聯益國泰98購01,0,0,0,0,0,0,0,0,0,7000,0,0,0,40000,33000,7000,7000
055649,華新科元富97購03,0,0,0,0,0,0,0,0,0,7000,0,0,0,109000,102000,7000,7000
05565P,鎧勝元大96售01  ,0,0,0,0,0,0,0,0,0,7000,0,0,0,7000,0,7000,7000
055900,瀚宇博中信97購01,0,0,0,0,0,0,0,0,0,7000,0,0,0,8000,1000,7000,7000
055912,宏達電凱基98購03,0,0,0,0,0,0,0,0,0,7000,0,0,0,33000,26000,7000,7000
8404,百和興業-KY     ,21000,14000,7000,0,0,0,0,0,0,0,0,0,0,0,0,0,7000
4144,康聯-KY         ,7000,0,7000,0,0,0,0,0,0,0,0,0,0,0,0,0,7000
4576,大銀微系統      ,7000,0,7000,0,0,0,0,0,0,0,0,0,0,0,0,0,7000
4552,力達-KY         ,17000,10000,7000,0,0,0,0,0,0,0,0,0,0,0,0,0,7000
1446,宏和            ,21000,14000,7000,0,0,0,0,0,0,0,0,0,0,0,0,0,7000
1528,恩德            ,10000,1000,9000,0,0,0,0,0,0,-2000,0,2000,-2000,0,0,0,7000
1540,喬福            ,8000,1000,7000,0,0,0,0,0,0,0,0,0,0,0,0,0,7000
1760,寶齡富錦        ,47000,39000,8000,0,0,0,0,0,0,-1000,0,0,0,0,1000,-1000,7000
06954P,大立光元富99售01,0,0,0,0,0,0,0,0,0,7000,0,0,0,7000,0,7000,7000
06913P,聯發科元大98售14,0,0,0,0,0,0,0,0,0,7000,0,0,0,7000,0,7000,7000
2007,燁興            ,8000,1000,7000,0,0,0,0,0,0,0,0,0,0,0,0,0,7000
2466,冠西電          ,9000,2000,7000,0,0,0,0,0,0,0,0,0,0,0,0,0,7000
06188P,大立光元富97售01,0,0,0,0,0,0,0,0,0,7000,0,0,0,7000,0,7000,7000
06104P,大立光凱基97售04,0,0,0,0,0,0,0,0,0,7000,0,0,0,10000,3000,7000,7000
06545P,致茂元大98售01  ,0,0,0,0,0,0,0,0,0,7000,0,0,0,7000,0,7000,7000
8464,億豐            ,339618,226560,113058,0,0,0,0,148000,-148000,41000,41000,0,41000,0,0,0,6058
056744,麗豐凱基9A購01  ,0,0,0,0,0,0,0,0,0,6000,0,0,0,6000,0,6000,6000
056468,鴻海元大98購07  ,0,0,0,0,0,0,0,0,0,6000,0,0,0,103000,97000,6000,6000
056581,超眾元大99購01  ,0,0,0,0,0,0,0,0,0,6000,0,0,0,6000,0,6000,6000
056275,國巨國泰98購04  ,0,0,0,0,0,0,0,0,0,6000,0,0,0,6000,0,6000,6000
056365,欣興元大98購01  ,0,0,0,0,0,0,0,0,0,6000,0,0,0,159000,153000,6000,6000
06050P,玉晶光國票98售01,0,0,0,0,0,0,0,0,0,6000,0,0,0,41000,35000,6000,6000
058092,牧德元大98購02  ,0,0,0,0,0,0,0,0,0,6000,0,0,0,181000,175000,6000,6000
057844,新日興永豐99購01,0,0,0,0,0,0,0,0,0,6000,0,0,0,6000,0,6000,6000
057772,台積電群益99購01,0,0,0,0,0,0,0,0,0,6000,0,0,0,458000,452000,6000,6000
057732,牧德國泰9A購01  ,0,0,0,0,0,0,0,0,0,6000,0,0,0,84000,78000,6000,6000
057723,臺股指元富98購02,0,0,0,0,0,0,0,0,0,6000,0,0,0,6000,0,6000,6000
057694,臺股指凱基98購12,0,0,0,0,0,0,0,0,0,6000,0,0,0,6000,0,6000,6000
048130,美利達元大96購01,0,0,0,0,0,0,0,0,0,6000,0,0,0,179000,173000,6000,6000
048037,台表科凱基93購05,0,0,0,0,0,0,0,0,0,6000,0,0,0,16000,10000,6000,6000
047773,超眾元大96購01  ,0,0,0,0,0,0,0,0,0,6000,0,0,0,6000,0,6000,6000
051466,玉晶光富邦97購01,0,0,0,0,0,0,0,0,0,6000,0,0,0,10000,4000,6000,6000
051434,中磊元富95購02  ,0,0,0,0,0,0,0,0,0,6000,0,0,0,36000,30000,6000,6000
051361,泰鼎元大95購01  ,0,0,0,0,0,0,0,0,0,6000,0,0,0,8000,2000,6000,6000
048731,創意麥證94購01  ,0,0,0,6000,0,6000,0,0,0,6000,0,0,0,6000,0,6000,6000
048897,日電貿國泰95購01,0,0,0,0,0,0,0,0,0,6000,0,0,0,6000,0,6000,6000
049811,聯鈞元大94購01  ,0,0,0,0,0,0,0,0,0,6000,0,0,0,6000,0,6000,6000
046685,世紀鋼群益93購02,0,0,0,0,0,0,0,0,0,6000,0,0,0,36000,30000,6000,6000
046771,聯發科國泰94購02,0,0,0,0,0,0,0,0,0,6000,0,0,0,15000,9000,6000,6000
047513,嘉晶國票93購03  ,0,0,0,0,0,0,0,0,0,6000,0,0,0,6000,0,6000,6000
04267P,康控元富93售04  ,0,0,0,0,0,0,0,0,0,6000,0,0,0,6000,0,6000,6000
00689R,國泰20年美債反1 ,0,0,0,0,0,0,0,0,0,6000,0,0,0,109000,103000,6000,6000
04310P,京元電統一93售03,0,0,0,0,0,0,0,0,0,6000,0,0,0,6000,0,6000,6000
04312P,聯茂統一93售02  ,0,0,0,0,0,0,0,0,0,6000,0,0,0,6000,0,6000,6000
039212,台達電台新9A購01,0,0,0,0,0,0,0,0,0,6000,0,0,0,7000,1000,6000,6000
042116,元油2X國票97購01,0,0,0,0,0,0,0,0,0,6000,0,0,0,11000,5000,6000,6000
04264P,宏碁統一93售01  ,0,0,0,0,0,0,0,0,0,6000,0,0,0,6000,0,6000,6000
04687P,全新凱基94售02  ,0,0,0,0,0,0,0,0,0,6000,0,0,0,6000,0,6000,6000
04703P,樺漢統一95售01  ,0,0,0,0,0,0,0,0,0,6000,0,0,0,45000,39000,6000,6000
050684,台郡元富94購02  ,0,0,0,0,0,0,0,0,0,6000,0,0,0,16000,10000,6000,6000
050892,聯電元大96購02  ,0,0,0,0,0,0,0,0,0,6000,0,0,0,6000,0,6000,6000
053065,大立光群益96購01,0,0,0,0,0,0,0,0,0,6000,0,0,0,6000,0,6000,6000
051672,玉晶光元大96購03,0,0,0,0,0,0,0,0,0,6000,0,0,0,6000,0,6000,6000
051639,康友國票96購02  ,0,0,0,0,0,0,0,0,0,6000,0,0,0,6000,0,6000,6000
052145,京元電群益95購02,0,0,0,0,0,0,0,0,0,6000,0,0,0,6000,0,6000,6000
050468,矽格中信94購01  ,0,0,0,0,0,0,0,0,0,6000,0,0,0,6000,0,6000,6000
049909,國巨元大95購01  ,0,0,0,0,0,0,0,0,0,6000,0,0,0,30000,24000,6000,6000
052405,聯茂凱基95購01  ,0,0,0,0,0,0,0,0,0,6000,0,0,0,134000,128000,6000,6000
054974,台表科元大98購02,0,0,0,0,0,0,0,0,0,6000,0,0,0,6000,0,6000,6000
054975,福懋科元大97購01,0,0,0,0,0,0,0,0,0,6000,0,0,0,152000,146000,6000,6000
055112,晶豪科凱基98購01,0,0,0,0,0,0,0,0,0,6000,0,0,0,61000,55000,6000,6000
055313,南電群益97購01  ,0,0,0,0,0,0,0,0,0,6000,0,0,0,26000,20000,6000,6000
055339,緯穎兆豐98購01  ,0,0,0,0,0,0,0,0,0,6000,0,0,0,8000,2000,6000,6000
054322,國巨台新96購02  ,0,0,0,0,0,0,0,0,0,6000,0,0,0,13000,7000,6000,6000
05431P,台光電統一97售01,0,0,0,0,0,0,0,0,0,6000,0,0,0,6000,0,6000,6000
054266,緯穎元大96購07  ,0,0,0,0,0,0,0,0,0,6000,0,0,0,138000,132000,6000,6000
054375,貿聯中信99購01  ,0,0,0,0,0,0,0,0,0,6000,0,0,0,56000,50000,6000,6000
05393P,鴻海統一95售14  ,0,0,0,0,0,0,0,0,0,6000,0,0,0,6000,0,6000,6000
6281,全國電          ,9000,3000,6000,0,0,0,0,0,0,0,0,0,0,0,0,0,6000
3025,星通            ,11000,5000,6000,0,0,0,0,0,0,0,0,0,0,0,0,0,6000
06669P,緯穎凱基98售05  ,0,0,0,0,0,0,0,0,0,6000,0,0,0,17000,11000,6000,6000
06681P,致茂元大98售02  ,0,0,0,0,0,0,0,0,0,6000,0,0,0,6000,0,6000,6000
06706P,智原台新98售02  ,0,0,0,0,0,0,0,0,0,6000,0,0,0,6000,0,6000,6000
2455,全新            ,292000,528000,-236000,0,0,0,172000,0,172000,70000,28000,5000,23000,66000,19000,47000,6000
06906P,國巨國泰99售01  ,0,0,0,0,0,0,0,0,0,6000,0,0,0,6000,0,6000,6000
1220,台榮            ,0,0,0,0,0,0,0,0,0,6000,6000,0,6000,0,0,0,6000
1533,車王電          ,15000,6000,9000,0,0,0,0,0,0,-3000,0,3000,-3000,0,0,0,6000
057695,S&P反1群益9B購01,0,0,0,0,0,0,0,0,0,5000,0,0,0,5000,0,5000,5000
057901,大立光永豐98購04,0,0,0,0,0,0,0,0,0,5000,0,0,0,10000,5000,5000,5000
05796P,臺股指群益96售10,0,0,0,0,0,0,0,0,0,5000,0,0,0,5000,0,5000,5000
057392,福懋科永豐98購01,0,0,0,0,0,0,0,0,0,5000,0,0,0,5000,0,5000,5000
057582,亞光中信9A購02  ,0,0,0,0,0,0,0,0,0,5000,0,0,0,5000,0,5000,5000
057604,鴻海統一9C購01  ,0,0,0,0,0,0,0,0,0,5000,0,0,0,10000,5000,5000,5000
058085,景碩群益9A購01  ,0,0,0,0,0,0,0,0,0,5000,0,0,0,5000,0,5000,5000
058129,國巨元大99購10  ,0,0,0,0,0,0,0,0,0,5000,0,0,0,25000,20000,5000,5000
058266,宏達電永豐99購01,0,0,0,0,0,0,0,0,0,5000,0,0,0,27000,22000,5000,5000
06061P,訊芯統一97售01  ,0,0,0,0,0,0,0,0,0,5000,0,0,0,28000,23000,5000,5000
05908P,大立光元富96售05,0,0,0,0,0,0,0,0,0,5000,0,0,0,5000,0,5000,5000
05960P,欣興統一96售01  ,0,0,0,0,0,0,0,0,0,5000,0,0,0,5000,0,5000,5000
05844P,旺宏元大96售07  ,0,0,0,0,0,0,0,0,0,5000,0,0,0,151000,146000,5000,5000
056433,鴻海凱基98購09  ,0,0,0,0,0,0,0,0,0,5000,0,0,0,49000,44000,5000,5000
056296,旺宏元大97購07  ,0,0,0,0,0,0,0,0,0,5000,0,0,0,25000,20000,5000,5000
056294,上銀元大97購11  ,0,0,0,0,0,0,0,0,0,5000,0,0,0,8000,3000,5000,5000
056564,亞光群益98購02  ,0,0,0,0,0,0,0,0,0,5000,0,0,0,5000,0,5000,5000
057291,國巨國泰9A購01  ,0,0,0,0,0,0,0,0,0,5000,0,0,0,13000,8000,5000,5000
057381,微星國泰9A購01  ,0,0,0,0,0,0,0,0,0,5000,0,0,0,70000,65000,5000,5000
057163,上銀元大98購04  ,0,0,0,0,0,0,0,0,0,5000,0,0,0,24000,19000,5000,5000
056907,群創元大9C購04  ,0,0,0,0,0,0,0,0,0,5000,0,0,0,5000,0,5000,5000
056889,元油2X元大99購07,0,0,0,0,0,0,0,0,0,5000,0,0,0,5000,0,5000,5000
046946,益航元大94購01  ,0,0,0,0,0,0,0,0,0,5000,0,0,0,5000,0,5000,5000
047242,上銀群益93購04  ,0,0,0,0,0,0,0,0,0,5000,0,0,0,5000,0,5000,5000
046870,大立光統一95購01,0,0,0,0,0,0,0,0,0,5000,0,0,0,26000,21000,5000,5000
03720P,元油2X富邦95售01,0,0,0,0,0,0,0,0,0,5000,0,0,0,5000,0,5000,5000
04398P,致伸群益94售02  ,0,0,0,0,0,0,0,0,0,5000,0,0,0,5000,0,5000,5000
04266P,華新科元富93售02,0,0,0,0,0,0,0,0,0,5000,0,0,0,5000,0,5000,5000
047446,TPK元大94購01   ,0,0,0,0,0,0,0,0,0,5000,0,0,0,5000,0,5000,5000
048697,華新科國票94購06,0,0,0,0,0,0,0,0,0,5000,0,0,0,42000,37000,5000,5000
048658,鴻海統一93購09  ,0,0,0,0,0,0,0,0,0,5000,0,0,0,19000,14000,5000,5000
049268,聯茂元大94購03  ,0,0,0,0,0,0,0,0,0,5000,0,0,0,20000,15000,5000,5000
047437,旺宏元大94購02  ,0,0,0,0,0,0,0,0,0,5000,0,0,0,5000,0,5000,5000
047319,晶技元大93購02  ,0,0,0,0,0,0,0,0,0,5000,0,0,0,5000,0,5000,5000
045568,上証2X元大95購01,0,0,0,0,0,0,0,0,0,5000,0,0,0,5000,0,5000,5000
045996,南電富邦94購01  ,0,0,0,0,0,0,0,0,0,5000,0,0,0,10000,5000,5000,5000
04599P,南亞科凱基94售03,0,0,0,0,0,0,0,0,0,5000,0,0,0,170000,165000,5000,5000
04985P,景碩永豐94售02  ,0,0,0,0,0,0,0,0,0,5000,0,0,0,5000,0,5000,5000
049845,台積電麥證94購01,0,0,0,40000,35000,5000,0,0,0,5000,0,0,0,40000,35000,5000,5000
047603,瑞昱國泰94購01  ,0,0,0,0,0,0,0,0,0,5000,0,0,0,5000,0,5000,5000
049500,聯茂元大94購04  ,0,0,0,0,0,0,0,0,0,5000,0,0,0,50000,45000,5000,5000
049441,T50反1統一94購05,0,0,0,0,0,0,0,0,0,5000,0,0,0,5000,0,5000,5000
049408,旺宏日盛94購01  ,0,0,0,0,0,0,0,0,0,5000,0,0,0,5000,0,5000,5000
04888P,臺股指凱基95售03,0,0,0,0,0,0,0,0,0,5000,0,0,0,40000,35000,5000,5000
04885P,大立光凱基94售19,0,0,0,0,0,0,0,0,0,5000,0,0,0,5000,0,5000,5000
049704,羅麗芬元大95購01,0,0,0,0,0,0,0,0,0,5000,0,0,0,5000,0,5000,5000
051402,玉晶光永豐95購04,0,0,0,0,0,0,0,0,0,5000,0,0,0,66000,61000,5000,5000
051449,玉晶光元大96購01,0,0,0,0,0,0,0,0,0,5000,0,0,0,5000,0,5000,5000
051084,華通元大95購06  ,0,0,0,0,0,0,0,0,0,5000,0,0,0,15000,10000,5000,5000
047646,貿聯元大94購01  ,0,0,0,0,0,0,0,0,0,5000,0,0,0,5000,0,5000,5000
047962,T50反1中信96購02,0,0,0,0,0,0,0,0,0,5000,0,0,0,70000,65000,5000,5000
050353,華擎群益95購01  ,0,0,0,0,0,0,0,0,0,5000,0,0,0,20000,15000,5000,5000
052168,鴻海元大96購10  ,0,0,0,0,0,0,0,0,0,5000,0,0,0,5000,0,5000,5000
052163,康舒永豐95購02  ,0,0,0,0,0,0,0,0,0,5000,0,0,0,5000,0,5000,5000
052180,緯穎元大96購05  ,0,0,0,0,0,0,0,0,0,5000,0,0,0,24000,19000,5000,5000
052205,台積電中信95購09,0,0,0,0,0,0,0,0,0,5000,0,0,0,5000,0,5000,5000
052350,鴻海統一96購06  ,0,0,0,0,0,0,0,0,0,5000,0,0,0,5000,0,5000,5000
052311,台積電富邦95購09,0,0,0,0,0,0,0,0,0,5000,0,0,0,5000,0,5000,5000
052318,友達元大98購01  ,0,0,0,0,0,0,0,0,0,5000,0,0,0,5000,0,5000,5000
04988P,楠梓電元大94售01,0,0,0,0,0,0,0,0,0,5000,0,0,0,15000,10000,5000,5000
050022,鴻海元大94購11  ,0,0,0,0,0,0,0,0,0,5000,0,0,0,6000,1000,5000,5000
051309,卜蜂麥證95購01  ,0,0,0,5000,0,5000,0,0,0,5000,0,0,0,5000,0,5000,5000
051251,信邦元大95購01  ,0,0,0,0,0,0,0,0,0,5000,0,0,0,5000,0,5000,5000
050318,景碩國票94購02  ,0,0,0,0,0,0,0,0,0,5000,0,0,0,5000,0,5000,5000
050288,台積電凱基94購32,0,0,0,0,0,0,0,0,0,5000,0,0,0,5000,0,5000,5000
052522,聯發科元大96購05,0,0,0,0,0,0,0,0,0,5000,0,0,0,5000,0,5000,5000
051717,祥碩康和95購01  ,0,0,0,0,0,0,0,0,0,5000,0,0,0,5000,0,5000,5000
053109,聯發科兆豐96購01,0,0,0,0,0,0,0,0,0,5000,0,0,0,5000,0,5000,5000
052997,國巨康和96購01  ,0,0,0,0,0,0,0,0,0,5000,0,0,0,5000,0,5000,5000
052965,廣宇群益97購01  ,0,0,0,0,0,0,0,0,0,5000,0,0,0,5000,0,5000,5000
052859,國巨凱基96購07  ,0,0,0,0,0,0,0,0,0,5000,0,0,0,139000,134000,5000,5000
053138,華邦電富邦96購01,0,0,0,0,0,0,0,0,0,5000,0,0,0,5000,0,5000,5000
053183,大立光元富96購03,0,0,0,0,0,0,0,0,0,5000,0,0,0,5000,0,5000,5000
053257,華通富邦97購01  ,0,0,0,0,0,0,0,0,0,5000,0,0,0,5000,0,5000,5000
053292,美律中信98購01  ,0,0,0,0,0,0,0,0,0,5000,0,0,0,12000,7000,5000,5000
053386,聯詠元大96購03  ,0,0,0,0,0,0,0,0,0,5000,0,0,0,10000,5000,5000,5000
050896,華新科元大96購02,0,0,0,0,0,0,0,0,0,5000,0,0,0,5000,0,5000,5000
050870,旭富永豐95購01  ,0,0,0,0,0,0,0,0,0,5000,0,0,0,117000,112000,5000,5000
05090P,國巨元大95售05  ,0,0,0,0,0,0,0,0,0,5000,0,0,0,220000,215000,5000,5000
050936,國巨國票95購04  ,0,0,0,0,0,0,0,0,0,5000,0,0,0,5000,0,5000,5000
050930,矽格凱基95購01  ,0,0,0,0,0,0,0,0,0,5000,0,0,0,5000,0,5000,5000
051007,台光電麥證95購01,0,0,0,35000,30000,5000,0,0,0,5000,0,0,0,35000,30000,5000,5000
050782,台積電國泰96購03,0,0,0,0,0,0,0,0,0,5000,0,0,0,5000,0,5000,5000
050720,上証2X國票94購02,0,0,0,0,0,0,0,0,0,5000,0,0,0,5000,0,5000,5000
051322,國泰金國票96購01,0,0,0,0,0,0,0,0,0,5000,0,0,0,10000,5000,5000,5000
050613,台光電元大94購09,0,0,0,0,0,0,0,0,0,5000,0,0,0,5000,0,5000,5000
052662,華新科國票97購01,0,0,0,0,0,0,0,0,0,5000,0,0,0,20000,15000,5000,5000
053939,台表科元富96購03,0,0,0,0,0,0,0,0,0,5000,0,0,0,5000,0,5000,5000
053998,泰鼎群益98購01  ,0,0,0,0,0,0,0,0,0,5000,0,0,0,81000,76000,5000,5000
054058,晶豪科國票98購01,0,0,0,0,0,0,0,0,0,5000,0,0,0,5000,0,5000,5000
054119,燿華永豐96購05  ,0,0,0,0,0,0,0,0,0,5000,0,0,0,5000,0,5000,5000
054130,漢唐元大97購02  ,0,0,0,0,0,0,0,0,0,5000,0,0,0,10000,5000,5000,5000
054167,揚明光凱基98購01,0,0,0,0,0,0,0,0,0,5000,0,0,0,5000,0,5000,5000
053814,美律群益97購02  ,0,0,0,0,0,0,0,0,0,5000,0,0,0,5000,0,5000,5000
053551,可成凱基96購05  ,0,0,0,0,0,0,0,0,0,5000,0,0,0,110000,105000,5000,5000
054359,南亞科日盛96購02,0,0,0,0,0,0,0,0,0,5000,0,0,0,5000,0,5000,5000
054287,台積電元大97購11,0,0,0,0,0,0,0,0,0,5000,0,0,0,5000,0,5000,5000
054224,亞光統一98購01  ,0,0,0,0,0,0,0,0,0,5000,0,0,0,5000,0,5000,5000
054191,香港2X中信98購01,0,0,0,0,0,0,0,0,0,5000,0,0,0,15000,10000,5000,5000
055349,京元電凱基97購02,0,0,0,0,0,0,0,0,0,5000,0,0,0,75000,70000,5000,5000
055304,瑞昱第一98購01  ,0,0,0,0,0,0,0,0,0,5000,0,0,0,5000,0,5000,5000
055278,旺宏元大98購05  ,0,0,0,0,0,0,0,0,0,5000,0,0,0,5000,0,5000,5000
055285,華新科元大99購03,0,0,0,0,0,0,0,0,0,5000,0,0,0,5000,0,5000,5000
055418,華通永豐97購01  ,0,0,0,0,0,0,0,0,0,5000,0,0,0,5000,0,5000,5000
055385,昇陽半元大98購01,0,0,0,0,0,0,0,0,0,5000,0,0,0,5000,0,5000,5000
055204,宏達電中信99購01,0,0,0,0,0,0,0,0,0,5000,0,0,0,10000,5000,5000,5000
055172,凱美統一97購02  ,0,0,0,0,0,0,0,0,0,5000,0,0,0,25000,20000,5000,5000
055922,台郡凱基98購03  ,0,0,0,0,0,0,0,0,0,5000,0,0,0,11000,6000,5000,5000
055968,祥碩元大97購04  ,0,0,0,0,0,0,0,0,0,5000,0,0,0,44000,39000,5000,5000
055887,上銀統一97購03  ,0,0,0,0,0,0,0,0,0,5000,0,0,0,5000,0,5000,5000
055651,富邦金元富97購01,0,0,0,0,0,0,0,0,0,5000,0,0,0,25000,20000,5000,5000
055611,燿華國票98購02  ,0,0,0,0,0,0,0,0,0,5000,0,0,0,5000,0,5000,5000
055760,新日興群益98購02,0,0,0,0,0,0,0,0,0,5000,0,0,0,101000,96000,5000,5000
055707,聯鈞永豐98購01  ,0,0,0,0,0,0,0,0,0,5000,0,0,0,27000,22000,5000,5000
06957P,FBVIX凱基01售01 ,0,0,0,0,0,0,0,0,0,5000,0,0,0,5000,0,5000,5000
08703P,華碩凱基01售02  ,0,0,0,0,0,0,0,0,0,5000,0,0,0,13000,8000,5000,5000
2482,連宇            ,22000,7000,15000,0,0,0,0,0,0,-10000,0,10000,-10000,0,0,0,5000
2748,雲品            ,12000,2000,10000,0,0,0,0,5000,-5000,0,0,0,0,0,0,0,5000
2031,新光鋼          ,59000,54000,5000,0,0,0,0,0,0,0,0,0,0,0,0,0,5000
2444,兆勁            ,25000,21000,4000,0,0,0,0,0,0,1000,1000,0,1000,0,0,0,5000
2388,威盛            ,81000,75000,6000,0,0,0,0,0,0,-1000,0,1000,-1000,0,0,0,5000
06771P,台灣50中信02售01,0,0,0,0,0,0,0,0,0,5000,0,0,0,9000,4000,5000,5000
06823P,台灣50永豐98售02,0,0,0,0,0,0,0,0,0,5000,0,0,0,10000,5000,5000,5000
06845P,億光元大98售02  ,0,0,0,0,0,0,0,0,0,5000,0,0,0,16000,11000,5000,5000
06278P,臺股指凱基97售10,0,0,0,0,0,0,0,0,0,5000,0,0,0,5000,0,5000,5000
06285P,台積電國票98售04,0,0,0,0,0,0,0,0,0,5000,0,0,0,15000,10000,5000,5000
4190,佐登-KY         ,70000,58000,12000,0,0,0,0,0,0,-7000,1000,1000,0,2000,9000,-7000,5000
4108,懷特            ,12000,7000,5000,0,0,0,0,0,0,0,0,0,0,0,0,0,5000
4739,康普            ,28000,16000,12000,0,0,0,0,0,0,-7000,0,7000,-7000,0,0,0,5000
6152,百一            ,9000,4000,5000,0,0,0,0,0,0,0,0,0,0,0,0,0,5000
8454,富邦媒          ,15010,25000,-9990,0,0,0,15000,2000,13000,1000,1000,0,1000,0,0,0,4010
057127,旺宏凱基98購09  ,0,0,0,0,0,0,0,0,0,4000,0,0,0,4000,0,4000,4000
057309,南茂兆豐99購01  ,0,0,0,0,0,0,0,0,0,4000,0,0,0,227000,223000,4000,4000
058010,帆宣國票98購01  ,0,0,0,0,0,0,0,0,0,4000,0,0,0,15000,11000,4000,4000
047765,瑞昱元大93購12  ,0,0,0,0,0,0,0,0,0,4000,0,0,0,4000,0,4000,4000
047768,大立光元大95購01,0,0,0,0,0,0,0,0,0,4000,0,0,0,4000,0,4000,4000
048871,晶豪科國票94購01,0,0,0,0,0,0,0,0,0,4000,0,0,0,36000,32000,4000,4000
048944,茂林永豐94購01  ,0,0,0,0,0,0,0,0,0,4000,0,0,0,28000,24000,4000,4000
048802,聯發科富邦94購03,0,0,0,0,0,0,0,0,0,4000,0,0,0,4000,0,4000,4000
048591,台郡兆豐94購01  ,0,0,0,0,0,0,0,0,0,4000,0,0,0,4000,0,4000,4000
049492,聯發科元大95購02,0,0,0,0,0,0,0,0,0,4000,0,0,0,59000,55000,4000,4000
049770,康控元富95購01  ,0,0,0,0,0,0,0,0,0,4000,0,0,0,4000,0,4000,4000
047336,臺股指元大93購31,0,0,0,0,0,0,0,0,0,4000,0,0,0,12000,8000,4000,4000
044645,元金2X群益93購01,0,0,0,0,0,0,0,0,0,4000,0,0,0,5000,1000,4000,4000
049269,超眾元大96購02  ,0,0,0,0,0,0,0,0,0,4000,0,0,0,29000,25000,4000,4000
048672,日電貿永豐93購02,0,0,0,0,0,0,0,0,0,4000,0,0,0,4000,0,4000,4000
048383,元金2X國票99購01,0,0,0,0,0,0,0,0,0,4000,0,0,0,4000,0,4000,4000
0053,元大電子        ,0,0,0,0,0,0,0,0,0,4000,0,0,0,4000,0,4000,4000
03602C,臺股指元大93牛01,0,0,0,0,0,0,0,0,0,4000,0,0,0,4000,0,4000,4000
036628,統一台新99購01  ,0,0,0,0,0,0,0,0,0,4000,0,0,0,4000,0,4000,4000
03935P,可成富邦95售01  ,0,0,0,0,0,0,0,0,0,4000,0,0,0,4000,0,4000,4000
046968,台積電群益94購03,0,0,0,0,0,0,0,0,0,4000,0,0,0,14000,10000,4000,4000
052762,欣興群益96購01  ,0,0,0,0,0,0,0,0,0,4000,0,0,0,4000,0,4000,4000
050681,南亞科元富94購01,0,0,0,0,0,0,0,0,0,4000,0,0,0,43000,39000,4000,4000
050661,景碩元大94購02  ,0,0,0,0,0,0,0,0,0,4000,0,0,0,5000,1000,4000,4000
050671,超眾永豐94購04  ,0,0,0,0,0,0,0,0,0,4000,0,0,0,4000,0,4000,4000
050865,欣興永豐95購01  ,0,0,0,0,0,0,0,0,0,4000,0,0,0,4000,0,4000,4000
050980,欣興元富95購02  ,0,0,0,0,0,0,0,0,0,4000,0,0,0,8000,4000,4000,4000
050604,上証2X永昌94購01,0,0,0,0,0,0,0,0,0,4000,0,0,0,11000,7000,4000,4000
052890,FB上証群益9B購01,0,0,0,0,0,0,0,0,0,4000,0,0,0,14000,10000,4000,4000
052988,智易元大96購02  ,0,0,0,0,0,0,0,0,0,4000,0,0,0,9000,5000,4000,4000
053000,臺股指康和96購02,0,0,0,0,0,0,0,0,0,4000,0,0,0,4000,0,4000,4000
051561,玉晶光國泰97購04,0,0,0,0,0,0,0,0,0,4000,0,0,0,4000,0,4000,4000
050333,鴻海國泰96購06  ,0,0,0,0,0,0,0,0,0,4000,0,0,0,38000,34000,4000,4000
051203,微星麥證95購01  ,0,0,0,4000,0,4000,0,0,0,4000,0,0,0,4000,0,4000,4000
050483,樺漢國票94購01  ,0,0,0,0,0,0,0,0,0,4000,0,0,0,10000,6000,4000,4000
050009,昇陽半永豐94購02,0,0,0,0,0,0,0,0,0,4000,0,0,0,4000,0,4000,4000
05006P,華通元富95售01  ,0,0,0,0,0,0,0,0,0,4000,0,0,0,14000,10000,4000,4000
049948,聯發科麥證94購01,0,0,0,4000,0,4000,0,0,0,4000,0,0,0,4000,0,4000,4000
052211,台積電元大95購22,0,0,0,0,0,0,0,0,0,4000,0,0,0,4000,0,4000,4000
052197,台郡元富95購03  ,0,0,0,0,0,0,0,0,0,4000,0,0,0,5000,1000,4000,4000
055813,聯發科國票98購04,0,0,0,0,0,0,0,0,0,4000,0,0,0,4000,0,4000,4000
055675,亞德客凱基97購02,0,0,0,0,0,0,0,0,0,4000,0,0,0,4000,0,4000,4000
055910,瑞昱凱基98購01  ,0,0,0,0,0,0,0,0,0,4000,0,0,0,15000,11000,4000,4000
05439P,聯發科國票95售06,0,0,0,0,0,0,0,0,0,4000,0,0,0,49000,45000,4000,4000
054382,康控群益96購03  ,0,0,0,0,0,0,0,0,0,4000,0,0,0,86000,82000,4000,4000
054567,拓凱群益98購01  ,0,0,0,0,0,0,0,0,0,4000,0,0,0,4000,0,4000,4000
054541,康控國票98購01  ,0,0,0,0,0,0,0,0,0,4000,0,0,0,16000,12000,4000,4000
054820,新日興元大97購01,0,0,0,0,0,0,0,0,0,4000,0,0,0,4000,0,4000,4000
054854,台積電麥證97購01,0,0,0,30000,26000,4000,0,0,0,4000,0,0,0,30000,26000,4000,4000
053588,聯發科元大97購07,0,0,0,0,0,0,0,0,0,4000,0,0,0,14000,10000,4000,4000
054172,易華電凱基98購01,0,0,0,0,0,0,0,0,0,4000,0,0,0,10000,6000,4000,4000
053866,景碩元大97購02  ,0,0,0,0,0,0,0,0,0,4000,0,0,0,24000,20000,4000,4000
053820,大立光群益96購05,0,0,0,0,0,0,0,0,0,4000,0,0,0,4000,0,4000,4000
8374,羅昇            ,5000,1000,4000,0,0,0,0,0,0,0,0,0,0,0,0,0,4000
3024,憶聲            ,10000,6000,4000,0,0,0,0,0,0,0,0,0,0,0,0,0,4000
06762P,智邦元大98售11  ,0,0,0,0,0,0,0,0,0,4000,0,0,0,49000,45000,4000,4000
06610P,台積電凱基9A售03,0,0,0,0,0,0,0,0,0,4000,0,0,0,50000,46000,4000,4000
06574P,大立光永昌99售01,0,0,0,0,0,0,0,0,0,4000,0,0,0,4000,0,4000,4000
06583P,可成凱基98售07  ,0,0,0,0,0,0,0,0,0,4000,0,0,0,4000,0,4000,4000
2390,云辰            ,158000,154000,4000,0,0,0,0,0,0,0,0,0,0,0,0,0,4000
2013,中鋼構          ,8000,4000,4000,0,0,0,0,0,0,0,0,0,0,0,0,0,4000
1231,聯華食          ,17000,13000,4000,0,0,0,0,0,0,0,0,0,0,0,0,0,4000
06904P,TPK凱基98售03   ,0,0,0,0,0,0,0,0,0,4000,0,0,0,17000,13000,4000,4000
06898P,FBVIX群益9C售03 ,0,0,0,0,0,0,0,0,0,4000,0,0,0,4000,0,4000,4000
1583,程泰            ,8000,4000,4000,0,0,0,0,0,0,0,0,0,0,0,0,0,4000
058013,SP黃豆凱基9A購01,0,0,0,0,0,0,0,0,0,3000,0,0,0,3000,0,3000,3000
058030,國巨永豐98購08  ,0,0,0,0,0,0,0,0,0,3000,0,0,0,3000,0,3000,3000
058073,大立光凱基99購04,0,0,0,0,0,0,0,0,0,3000,0,0,0,3000,0,3000,3000
058255,臺股指元大9A購19,0,0,0,0,0,0,0,0,0,3000,0,0,0,5000,2000,3000,3000
06008P,燿華統一96售04  ,0,0,0,0,0,0,0,0,0,3000,0,0,0,19000,16000,3000,3000
057506,聯鈞國票99購02  ,0,0,0,0,0,0,0,0,0,3000,0,0,0,155000,152000,3000,3000
057496,佐登元大98購02  ,0,0,0,0,0,0,0,0,0,3000,0,0,0,3000,0,3000,3000
057943,可成國票99購03  ,0,0,0,0,0,0,0,0,0,3000,0,0,0,41000,38000,3000,3000
057929,上銀群益98購02  ,0,0,0,0,0,0,0,0,0,3000,0,0,0,56000,53000,3000,3000
05731P,創意統一96售03  ,0,0,0,0,0,0,0,0,0,3000,0,0,0,13000,10000,3000,3000
05727P,新光金日盛96售02,0,0,0,0,0,0,0,0,0,3000,0,0,0,34000,31000,3000,3000
057272,台積電元大98購14,0,0,0,0,0,0,0,0,0,3000,0,0,0,28000,25000,3000,3000
056780,元油2X群益9A購03,0,0,0,0,0,0,0,0,0,3000,0,0,0,3000,0,3000,3000
056791,嘉聯益群益98購01,0,0,0,0,0,0,0,0,0,3000,0,0,0,89000,86000,3000,3000
056479,玉晶光元大99購05,0,0,0,0,0,0,0,0,0,3000,0,0,0,42000,39000,3000,3000
056636,台積電日盛9A購01,0,0,0,0,0,0,0,0,0,3000,0,0,0,3000,0,3000,3000
056441,燿華凱基98購01  ,0,0,0,0,0,0,0,0,0,3000,0,0,0,73000,70000,3000,3000
047098,大毅國泰94購01  ,0,0,0,0,0,0,0,0,0,3000,0,0,0,3000,0,3000,3000
044643,滬深2X群益96購01,0,0,0,0,0,0,0,0,0,3000,0,0,0,3000,0,3000,3000
044514,亞光凱基93購02  ,0,0,0,0,0,0,0,0,0,3000,0,0,0,3000,0,3000,3000
04451P,可成凱基94售04  ,0,0,0,0,0,0,0,0,0,3000,0,0,0,3000,0,3000,3000
042501,台灣50凱基96購06,0,0,0,0,0,0,0,0,0,3000,0,0,0,4000,1000,3000,3000
03612C,臺股指元大95牛01,0,0,0,0,0,0,0,0,0,3000,0,0,0,3000,0,3000,3000
006203,元大MSCI台灣    ,1000,0,1000,0,0,0,0,0,0,2000,0,0,0,2000,0,2000,3000
03033X,元展30          ,0,0,0,0,0,0,0,0,0,3000,0,0,0,3000,0,3000,3000
048386,華新國票94購01  ,0,0,0,0,0,0,0,0,0,3000,0,0,0,3000,0,3000,3000
049266,和碩元大94購01  ,0,0,0,0,0,0,0,0,0,3000,0,0,0,24000,21000,3000,3000
04839P,大立光元大94售17,0,0,0,0,0,0,0,0,0,3000,0,0,0,3000,0,3000,3000
044846,旺宏統一93購01  ,0,0,0,0,0,0,0,0,0,3000,0,0,0,3000,0,3000,3000
047419,聯發科富邦95購01,0,0,0,0,0,0,0,0,0,3000,0,0,0,13000,10000,3000,3000
045462,美律元大93購04  ,0,0,0,0,0,0,0,0,0,3000,0,0,0,3000,0,3000,3000
04596P,臺股指元大94售14,0,0,0,0,0,0,0,0,0,3000,0,0,0,3000,0,3000,3000
04976P,中磊凱基94售01  ,0,0,0,0,0,0,0,0,0,3000,0,0,0,3000,0,3000,3000
049817,南電元大94購07  ,0,0,0,0,0,0,0,0,0,3000,0,0,0,3000,0,3000,3000
048412,台勝科亞東93購01,0,0,0,0,0,0,0,0,0,3000,0,0,0,6000,3000,3000,3000
049477,泰鼎永豐94購01  ,0,0,0,0,0,0,0,0,0,3000,0,0,0,3000,0,3000,3000
049585,旺宏元大95購02  ,0,0,0,0,0,0,0,0,0,3000,0,0,0,15000,12000,3000,3000
048616,智伸科凱基93購07,0,0,0,0,0,0,0,0,0,3000,0,0,0,3000,0,3000,3000
04872P,高股息中信94售01,0,0,0,0,0,0,0,0,0,3000,0,0,0,3000,0,3000,3000
048870,義隆國票96購01  ,0,0,0,0,0,0,0,0,0,3000,0,0,0,5000,2000,3000,3000
049707,華通麥證94購02  ,0,0,0,3000,0,3000,0,0,0,3000,0,0,0,3000,0,3000,3000
04783P,貿聯元富94售01  ,0,0,0,0,0,0,0,0,0,3000,0,0,0,13000,10000,3000,3000
048052,力成中信93購01  ,0,0,0,0,0,0,0,0,0,3000,0,0,0,16000,13000,3000,3000
048217,亞德客凱基93購06,0,0,0,0,0,0,0,0,0,3000,0,0,0,3000,0,3000,3000
051470,玉晶光日盛95購01,0,0,0,0,0,0,0,0,0,3000,0,0,0,3000,0,3000,3000
051495,玉晶光第一95購02,0,0,0,0,0,0,0,0,0,3000,0,0,0,46000,43000,3000,3000
052241,台郡國票96購01  ,0,0,0,0,0,0,0,0,0,3000,0,0,0,3000,0,3000,3000
049908,鴻海元大94購08  ,0,0,0,0,0,0,0,0,0,3000,0,0,0,9000,6000,3000,3000
052148,康友群益95購03  ,0,0,0,0,0,0,0,0,0,3000,0,0,0,59000,56000,3000,3000
052132,旺宏凱基9B購01  ,0,0,0,0,0,0,0,0,0,3000,0,0,0,95000,92000,3000,3000
052002,滬深2X國泰96購01,0,0,0,0,0,0,0,0,0,3000,0,0,0,3000,0,3000,3000
050260,鴻海元大94購15  ,0,0,0,0,0,0,0,0,0,3000,0,0,0,139000,136000,3000,3000
051755,台積電元大96購08,0,0,0,0,0,0,0,0,0,3000,0,0,0,73000,70000,3000,3000
051840,康友國泰97購02  ,0,0,0,0,0,0,0,0,0,3000,0,0,0,123000,120000,3000,3000
053018,旺宏元富96購02  ,0,0,0,0,0,0,0,0,0,3000,0,0,0,101000,98000,3000,3000
053412,台達電國票97購02,0,0,0,0,0,0,0,0,0,3000,0,0,0,18000,15000,3000,3000
05340P,臺股指國票95售08,0,0,0,0,0,0,0,0,0,3000,0,0,0,3000,0,3000,3000
053324,康舒群益96購01  ,0,0,0,0,0,0,0,0,0,3000,0,0,0,3000,0,3000,3000
053182,大立光元富96購02,0,0,0,0,0,0,0,0,0,3000,0,0,0,3000,0,3000,3000
050985,易華電國泰96購02,0,0,0,0,0,0,0,0,0,3000,0,0,0,3000,0,3000,3000
05054P,臻鼎群益95售02  ,0,0,0,0,0,0,0,0,0,3000,0,0,0,10000,7000,3000,3000
050729,聯鈞國票94購01  ,0,0,0,0,0,0,0,0,0,3000,0,0,0,3000,0,3000,3000
052587,景碩永豐97購01  ,0,0,0,0,0,0,0,0,0,3000,0,0,0,3000,0,3000,3000
054547,鴻海凱基98購02  ,0,0,0,0,0,0,0,0,0,3000,0,0,0,5000,2000,3000,3000
054356,可成兆豐97購01  ,0,0,0,0,0,0,0,0,0,3000,0,0,0,127000,124000,3000,3000
054448,矽力兆豐96購01  ,0,0,0,0,0,0,0,0,0,3000,0,0,0,3000,0,3000,3000
054474,鴻海中信96購03  ,0,0,0,0,0,0,0,0,0,3000,0,0,0,10000,7000,3000,3000
05449P,臺股指元大95售26,0,0,0,0,0,0,0,0,0,3000,0,0,0,13000,10000,3000,3000
055856,新唐元大97購03  ,0,0,0,0,0,0,0,0,0,3000,0,0,0,3000,0,3000,3000
055934,景碩群益98購03  ,0,0,0,0,0,0,0,0,0,3000,0,0,0,3000,0,3000,3000
056000,佳世達永豐97購01,0,0,0,0,0,0,0,0,0,3000,0,0,0,55000,52000,3000,3000
055591,全新元大98購01  ,0,0,0,0,0,0,0,0,0,3000,0,0,0,51000,48000,3000,3000
055754,和大兆豐97購01  ,0,0,0,0,0,0,0,0,0,3000,0,0,0,3000,0,3000,3000
055189,台虹統一97購01  ,0,0,0,0,0,0,0,0,0,3000,0,0,0,3000,0,3000,3000
054893,帆宣統一99購01  ,0,0,0,0,0,0,0,0,0,3000,0,0,0,3000,0,3000,3000
055395,泰鼎統一97購01  ,0,0,0,0,0,0,0,0,0,3000,0,0,0,3000,0,3000,3000
055513,旺宏亞東98購01  ,0,0,0,0,0,0,0,0,0,3000,0,0,0,3000,0,3000,3000
055296,康舒元大97購02  ,0,0,0,0,0,0,0,0,0,3000,0,0,0,3000,0,3000,3000
1524,耿鼎            ,5000,2000,3000,0,0,0,0,0,0,0,0,0,0,0,0,0,3000
1338,廣華-KY         ,21000,18000,3000,0,0,0,0,0,0,0,0,0,0,0,0,0,3000
06887P,華新科元大98售04,0,0,0,0,0,0,0,0,0,3000,0,0,0,23000,20000,3000,3000
06919P,臺股指日盛98售02,0,0,0,0,0,0,0,0,0,3000,0,0,0,323000,320000,3000,3000
06960P,國巨凱基99售08  ,0,0,0,0,0,0,0,0,0,3000,0,0,0,3000,0,3000,3000
2923,鼎固-KY         ,4000,0,4000,0,0,0,0,0,0,-1000,0,1000,-1000,0,0,0,3000
2491,吉祥全          ,0,0,0,0,0,0,0,0,0,3000,3000,0,3000,0,0,0,3000
2460,建通            ,2000,0,2000,0,0,0,0,0,0,1000,2000,1000,1000,0,0,0,3000
06499P,臺股指元大9A售04,0,0,0,0,0,0,0,0,0,3000,0,0,0,5000,2000,3000,3000
06704P,玉晶光元富98售05,0,0,0,0,0,0,0,0,0,3000,0,0,0,13000,10000,3000,3000
06122P,亞光元大98售01  ,0,0,0,0,0,0,0,0,0,3000,0,0,0,5000,2000,3000,3000
06129P,玉晶光元富97售06,0,0,0,0,0,0,0,0,0,3000,0,0,0,7000,4000,3000,3000
3002,歐格            ,5000,2000,3000,0,0,0,0,0,0,0,0,0,0,0,0,0,3000
3296,勝德            ,1000,0,1000,0,0,0,0,0,0,2000,2000,0,2000,0,0,0,3000
3094,聯傑            ,57000,54000,3000,0,0,0,0,0,0,0,0,0,0,0,0,0,3000
3416,融程電          ,3000,0,3000,0,0,0,0,0,0,0,0,0,0,0,0,0,3000
3593,力銘            ,3000,0,3000,0,0,0,0,0,0,0,0,0,0,0,0,0,3000
5525,順天            ,13000,10000,3000,0,0,0,0,0,0,0,0,0,0,0,0,0,3000
8462,柏文            ,9000,6000,3000,0,0,0,0,0,0,0,0,0,0,0,0,0,3000
8222,寶一            ,4000,1000,3000,0,0,0,0,0,0,0,0,0,0,0,0,0,3000
8499,鼎炫-KY         ,10000,7000,3000,0,0,0,0,0,0,0,0,0,0,0,0,0,3000
2207,和泰車          ,166520,163735,2785,0,0,0,0,0,0,0,0,0,0,0,0,0,2785
056426,上証2X凱基9A購01,0,0,0,0,0,0,0,0,0,2000,0,0,0,2000,0,2000,2000
056401,國巨群益98購07  ,0,0,0,0,0,0,0,0,0,2000,0,0,0,20000,18000,2000,2000
056183,南亞科統一97購02,0,0,0,0,0,0,0,0,0,2000,0,0,0,79000,77000,2000,2000
056604,鴻海富邦9A購01  ,0,0,0,0,0,0,0,0,0,2000,0,0,0,40000,38000,2000,2000
056870,全新日盛9A購01  ,0,0,0,0,0,0,0,0,0,2000,0,0,0,179000,177000,2000,2000
057028,台郡凱基99購02  ,0,0,0,0,0,0,0,0,0,2000,0,0,0,2000,0,2000,2000
057352,大立光統一9A購02,0,0,0,0,0,0,0,0,0,2000,0,0,0,50000,48000,2000,2000
057166,國巨元大99購06  ,0,0,0,0,0,0,0,0,0,2000,0,0,0,6000,4000,2000,2000
057923,晶豪科凱基98購02,0,0,0,0,0,0,0,0,0,2000,0,0,0,54000,52000,2000,2000
05754P,臺股指中信99售03,0,0,0,0,0,0,0,0,0,2000,0,0,0,2000,0,2000,2000
057627,和大永豐98購01  ,0,0,0,0,0,0,0,0,0,2000,0,0,0,2000,0,2000,2000
057657,國巨兆豐98購04  ,0,0,0,0,0,0,0,0,0,2000,0,0,0,45000,43000,2000,2000
05971P,世紀鋼永豐96售04,0,0,0,0,0,0,0,0,0,2000,0,0,0,2000,0,2000,2000
058288,南亞科國票9A購01,0,0,0,0,0,0,0,0,0,2000,0,0,0,2000,0,2000,2000
058135,景碩元大99購01  ,0,0,0,0,0,0,0,0,0,2000,0,0,0,28000,26000,2000,2000
051458,臺股指元大95購18,0,0,0,0,0,0,0,0,0,2000,0,0,0,2000,0,2000,2000
050259,鴻海元大94購14  ,0,0,0,0,0,0,0,0,0,2000,0,0,0,6000,4000,2000,2000
048054,鴻海國泰95購01  ,0,0,0,0,0,0,0,0,0,2000,0,0,0,4000,2000,2000,2000
047870,嘉澤永豐93購02  ,0,0,0,0,0,0,0,0,0,2000,0,0,0,2000,0,2000,2000
047783,聯茂國泰94購02  ,0,0,0,0,0,0,0,0,0,2000,0,0,0,2000,0,2000,2000
047953,台積電永豐93購04,0,0,0,0,0,0,0,0,0,2000,0,0,0,2000,0,2000,2000
048985,茂林元大94購01  ,0,0,0,0,0,0,0,0,0,2000,0,0,0,2000,0,2000,2000
048759,巨大元富96購01  ,0,0,0,0,0,0,0,0,0,2000,0,0,0,12000,10000,2000,2000
04861P,中磊群益94售02  ,0,0,0,0,0,0,0,0,0,2000,0,0,0,2000,0,2000,2000
048594,泰鼎群益93購02  ,0,0,0,0,0,0,0,0,0,2000,0,0,0,2000,0,2000,2000
048552,鴻海元大94購03  ,0,0,0,0,0,0,0,0,0,2000,0,0,0,12000,10000,2000,2000
045669,華通元大93購02  ,0,0,0,0,0,0,0,0,0,2000,0,0,0,2000,0,2000,2000
045566,南寶國泰93購01  ,0,0,0,0,0,0,0,0,0,2000,0,0,0,2000,0,2000,2000
046465,GIS凱基95購01   ,0,0,0,0,0,0,0,0,0,2000,0,0,0,2000,0,2000,2000
045456,鴻海元大93購04  ,0,0,0,0,0,0,0,0,0,2000,0,0,0,2000,0,2000,2000
047444,晶技元大93購03  ,0,0,0,0,0,0,0,0,0,2000,0,0,0,2000,0,2000,2000
047360,鴻海群益95購02  ,0,0,0,0,0,0,0,0,0,2000,0,0,0,2000,0,2000,2000
044961,聯電中信94購01  ,0,0,0,0,0,0,0,0,0,2000,0,0,0,32000,30000,2000,2000
049272,世紀鋼元大96購02,0,0,0,0,0,0,0,0,0,2000,0,0,0,2000,0,2000,2000
049277,臺股指元大94購12,0,0,0,0,0,0,0,0,0,2000,0,0,0,2000,0,2000,2000
048661,瑞昱統一93購05  ,0,0,0,0,0,0,0,0,0,2000,0,0,0,2000,0,2000,2000
048378,貿聯元富93購01  ,0,0,0,0,0,0,0,0,0,2000,0,0,0,2000,0,2000,2000
048327,緯穎國泰94購01  ,0,0,0,0,0,0,0,0,0,2000,0,0,0,2000,0,2000,2000
00684R,元大美元指數反1 ,0,0,0,0,0,0,0,0,0,2000,0,0,0,2000,0,2000,2000
00674R,元大S&P黃金反1  ,0,0,0,0,0,0,0,0,0,2000,0,0,0,8000,6000,2000,2000
042793,台積電台新9C購01,0,0,0,0,0,0,0,0,0,2000,0,0,0,2000,0,2000,2000
04137P,元油反國票97售01,0,0,0,0,0,0,0,0,0,2000,0,0,0,2000,0,2000,2000
039550,滬深反凱基94購01,0,0,0,0,0,0,0,0,0,2000,0,0,0,2000,0,2000,2000
03649C,T50反1凱基99牛05,0,0,0,0,0,0,0,0,0,2000,0,0,0,2000,0,2000,2000
04439P,聯發科群益94售04,0,0,0,0,0,0,0,0,0,2000,0,0,0,30000,28000,2000,2000
051765,健鼎元大95購03  ,0,0,0,0,0,0,0,0,0,2000,0,0,0,2000,0,2000,2000
050578,聯發科國票95購03,0,0,0,0,0,0,0,0,0,2000,0,0,0,145000,143000,2000,2000
050834,啟碁凱基95購01  ,0,0,0,0,0,0,0,0,0,2000,0,0,0,3000,1000,2000,2000
050846,緯創國票96購01  ,0,0,0,0,0,0,0,0,0,2000,0,0,0,12000,10000,2000,2000
051032,南電元富95購01  ,0,0,0,0,0,0,0,0,0,2000,0,0,0,2000,0,2000,2000
051041,大立光永豐95購01,0,0,0,0,0,0,0,0,0,2000,0,0,0,2000,0,2000,2000
050919,台積電凱基95購03,0,0,0,0,0,0,0,0,0,2000,0,0,0,272000,270000,2000,2000
053169,貿聯群益97購01  ,0,0,0,0,0,0,0,0,0,2000,0,0,0,7000,5000,2000,2000
05328P,臺股指凱基95售12,0,0,0,0,0,0,0,0,0,2000,0,0,0,2000,0,2000,2000
053375,鴻海元大96購18  ,0,0,0,0,0,0,0,0,0,2000,0,0,0,2000,0,2000,2000
053372,元油反元大98購01,0,0,0,0,0,0,0,0,0,2000,0,0,0,2000,0,2000,2000
051860,為升凱基95購01  ,0,0,0,0,0,0,0,0,0,2000,0,0,0,2000,0,2000,2000
051753,華通元大96購03  ,0,0,0,0,0,0,0,0,0,2000,0,0,0,2000,0,2000,2000
05174P,元金2X富邦9B售01,0,0,0,0,0,0,0,0,0,2000,0,0,0,2000,0,2000,2000
051715,和碩台新95購01  ,0,0,0,0,0,0,0,0,0,2000,0,0,0,2000,0,2000,2000
051664,鴻海元大96購07  ,0,0,0,0,0,0,0,0,0,2000,0,0,0,2000,0,2000,2000
051676,康舒元大95購01  ,0,0,0,0,0,0,0,0,0,2000,0,0,0,2000,0,2000,2000
052001,寶成元大95購02  ,0,0,0,0,0,0,0,0,0,2000,0,0,0,8000,6000,2000,2000
052157,東元永豐95購01  ,0,0,0,0,0,0,0,0,0,2000,0,0,0,2000,0,2000,2000
051946,健策統一98購01  ,0,0,0,0,0,0,0,0,0,2000,0,0,0,219000,217000,2000,2000
050021,鴻海元大94購10  ,0,0,0,0,0,0,0,0,0,2000,0,0,0,3000,1000,2000,2000
050040,鴻海中信94購04  ,0,0,0,0,0,0,0,0,0,2000,0,0,0,2000,0,2000,2000
052201,超眾統一96購01  ,0,0,0,0,0,0,0,0,0,2000,0,0,0,2000,0,2000,2000
052467,嘉聯益統一96購01,0,0,0,0,0,0,0,0,0,2000,0,0,0,2000,0,2000,2000
055253,大立光統一97購06,0,0,0,0,0,0,0,0,0,2000,0,0,0,50000,48000,2000,2000
055486,國巨元大98購06  ,0,0,0,0,0,0,0,0,0,2000,0,0,0,17000,15000,2000,2000
055470,南亞科凱基97購01,0,0,0,0,0,0,0,0,0,2000,0,0,0,80000,78000,2000,2000
055407,祥碩國泰98購01  ,0,0,0,0,0,0,0,0,0,2000,0,0,0,6000,4000,2000,2000
054919,興富發凱基97購01,0,0,0,0,0,0,0,0,0,2000,0,0,0,70000,68000,2000,2000
055058,大毅永豐97購01  ,0,0,0,0,0,0,0,0,0,2000,0,0,0,4000,2000,2000,2000
055671,世紀鋼群益97購01,0,0,0,0,0,0,0,0,0,2000,0,0,0,51000,49000,2000,2000
055625,亞光富邦98購01  ,0,0,0,0,0,0,0,0,0,2000,0,0,0,2000,0,2000,2000
056039,宏達電凱基97購02,0,0,0,0,0,0,0,0,0,2000,0,0,0,32000,30000,2000,2000
056071,創意元大97購02  ,0,0,0,0,0,0,0,0,0,2000,0,0,0,2000,0,2000,2000
054551,聯發科凱基98購02,0,0,0,0,0,0,0,0,0,2000,0,0,0,22000,20000,2000,2000
05455P,聯詠日盛95售01  ,0,0,0,0,0,0,0,0,0,2000,0,0,0,2000,0,2000,2000
054614,玉晶光永豐97購03,0,0,0,0,0,0,0,0,0,2000,0,0,0,94000,92000,2000,2000
054833,京鼎中信97購01  ,0,0,0,0,0,0,0,0,0,2000,0,0,0,2000,0,2000,2000
054796,康普群益98購01  ,0,0,0,0,0,0,0,0,0,2000,0,0,0,2000,0,2000,2000
054809,大成鋼元大97購01,0,0,0,0,0,0,0,0,0,2000,0,0,0,2000,0,2000,2000
054078,鴻海中信98購01  ,0,0,0,0,0,0,0,0,0,2000,0,0,0,2000,0,2000,2000
053623,臺股指群益96購09,0,0,0,0,0,0,0,0,0,2000,0,0,0,2000,0,2000,2000
053478,京鼎元大96購01  ,0,0,0,0,0,0,0,0,0,2000,0,0,0,2000,0,2000,2000
053752,超眾永豐96購02  ,0,0,0,0,0,0,0,0,0,2000,0,0,0,2000,0,2000,2000
053698,中磊元大96購02  ,0,0,0,0,0,0,0,0,0,2000,0,0,0,15000,13000,2000,2000
2022,聚亨            ,4000,2000,2000,0,0,0,0,0,0,0,0,0,0,0,0,0,2000
2002A,中鋼特          ,0,0,0,0,0,0,0,0,0,2000,2000,0,2000,0,0,0,2000
2597,潤弘            ,8000,1000,7000,0,0,0,0,0,0,-5000,0,5000,-5000,0,0,0,2000
2908,特力            ,8000,6000,2000,0,0,0,0,0,0,0,0,0,0,0,0,0,2000
2636,台驊投控        ,4000,2000,2000,0,0,0,0,0,0,0,0,0,0,0,0,0,2000
06869P,金融類元大99售01,0,0,0,0,0,0,0,0,0,2000,0,0,0,20000,18000,2000,2000
1726,永記            ,2000,0,2000,0,0,0,0,0,0,0,0,0,0,0,0,0,2000
06128P,玉晶光元富97售05,0,0,0,0,0,0,0,0,0,2000,0,0,0,10000,8000,2000,2000
06371P,茂林國票98售04  ,0,0,0,0,0,0,0,0,0,2000,0,0,0,74000,72000,2000,2000
06428P,國巨元大97售17  ,0,0,0,0,0,0,0,0,0,2000,0,0,0,287000,285000,2000,2000
06734P,智邦凱基98售05  ,0,0,0,0,0,0,0,0,0,2000,0,0,0,42000,40000,2000,2000
06749P,技嘉元富98售03  ,0,0,0,0,0,0,0,0,0,2000,0,0,0,40000,38000,2000,2000
06779P,智邦元大98售12  ,0,0,0,0,0,0,0,0,0,2000,0,0,0,2000,0,2000,2000
06543P,鴻海元大98售08  ,0,0,0,0,0,0,0,0,0,2000,0,0,0,3000,1000,2000,2000
06529P,貿聯富邦99售03  ,0,0,0,0,0,0,0,0,0,2000,0,0,0,2000,0,2000,2000
06505P,康控國票99售02  ,0,0,0,0,0,0,0,0,0,2000,0,0,0,3000,1000,2000,2000
06637P,大立光凱基98售15,0,0,0,0,0,0,0,0,0,2000,0,0,0,3000,1000,2000,2000
8466,美吉吉-KY       ,2000,0,2000,0,0,0,0,0,0,0,0,0,0,0,0,0,2000
9941A,裕融甲特        ,0,0,0,0,0,0,0,0,0,2000,2000,0,2000,0,0,0,2000
8011,台通            ,20000,14000,6000,0,0,0,0,0,0,-4000,0,4000,-4000,0,0,0,2000
6666,羅麗芬-KY       ,2000,0,2000,0,0,0,0,0,0,0,0,0,0,1000,1000,0,2000
4999,鑫禾            ,3000,1000,2000,0,0,0,0,0,0,0,0,0,0,0,0,0,2000
5007,三星            ,3000,1000,2000,0,0,0,0,0,0,0,0,0,0,0,0,0,2000
4439,冠星-KY         ,2000,0,2000,0,0,0,0,0,0,0,0,0,0,0,0,0,2000
3311,閎暉            ,28000,24000,4000,0,0,0,0,0,0,-2000,0,2000,-2000,0,0,0,2000
058064,華邦電亞東99購01,0,0,0,0,0,0,0,0,0,1000,0,0,0,1000,0,1000,1000
058043,鴻海元大98購13  ,0,0,0,0,0,0,0,0,0,1000,0,0,0,53000,52000,1000,1000
057987,大立光元富98購02,0,0,0,0,0,0,0,0,0,1000,0,0,0,39000,38000,1000,1000
058276,道瓊指中信9C購01,0,0,0,0,0,0,0,0,0,1000,0,0,0,2000,1000,1000,1000
058219,台灣50國票9A購02,0,0,0,0,0,0,0,0,0,1000,0,0,0,121000,120000,1000,1000
058213,欣興群益99購01  ,0,0,0,0,0,0,0,0,0,1000,0,0,0,33000,32000,1000,1000
05880P,創意康和96售01  ,0,0,0,0,0,0,0,0,0,1000,0,0,0,1000,0,1000,1000
05896P,宏達電群益96售03,0,0,0,0,0,0,0,0,0,1000,0,0,0,11000,10000,1000,1000
058323,泰鼎永豐9A購01  ,0,0,0,0,0,0,0,0,0,1000,0,0,0,1000,0,1000,1000
057494,玉晶光元大99購09,0,0,0,0,0,0,0,0,0,1000,0,0,0,35000,34000,1000,1000
057450,國泰金元富98購01,0,0,0,0,0,0,0,0,0,1000,0,0,0,11000,10000,1000,1000
057933,聯發科群益98購06,0,0,0,0,0,0,0,0,0,1000,0,0,0,115000,114000,1000,1000
057949,南電國票99購01  ,0,0,0,0,0,0,0,0,0,1000,0,0,0,82000,81000,1000,1000
057962,超眾元大99購03  ,0,0,0,0,0,0,0,0,0,1000,0,0,0,6000,5000,1000,1000
057080,華新科統一99購02,0,0,0,0,0,0,0,0,0,1000,0,0,0,113000,112000,1000,1000
057044,旺宏元大98購08  ,0,0,0,0,0,0,0,0,0,1000,0,0,0,1000,0,1000,1000
057065,牧德富邦99購01  ,0,0,0,0,0,0,0,0,0,1000,0,0,0,1000,0,1000,1000
057060,緯穎元大98購05  ,0,0,0,0,0,0,0,0,0,1000,0,0,0,27000,26000,1000,1000
056794,上銀麥證98購01  ,0,0,0,1000,0,1000,0,0,0,1000,0,0,0,1000,0,1000,1000
056644,宏達電凱基98購04,0,0,0,0,0,0,0,0,0,1000,0,0,0,141000,140000,1000,1000
056497,GIS國泰99購01   ,0,0,0,0,0,0,0,0,0,1000,0,0,0,1000,0,1000,1000
056538,國泰金凱基98購01,0,0,0,0,0,0,0,0,0,1000,0,0,0,1000,0,1000,1000
056539,新光金凱基9A購01,0,0,0,0,0,0,0,0,0,1000,0,0,0,1000,0,1000,1000
056147,鴻海日盛97購05  ,0,0,0,0,0,0,0,0,0,1000,0,0,0,1000,0,1000,1000
056233,超眾凱基97購02  ,0,0,0,0,0,0,0,0,0,1000,0,0,0,1000,0,1000,1000
056383,上銀國泰99購01  ,0,0,0,0,0,0,0,0,0,1000,0,0,0,11000,10000,1000,1000
047191,同欣電元大93購02,0,0,0,0,0,0,0,0,0,1000,0,0,0,1000,0,1000,1000
04177P,富邦金元大94售01,0,0,0,0,0,0,0,0,0,1000,0,0,0,1000,0,1000,1000
04261P,大立光群益93售12,0,0,0,0,0,0,0,0,0,1000,0,0,0,1000,0,1000,1000
042928,台積電中信95購01,0,0,0,0,0,0,0,0,0,1000,0,0,0,1000,0,1000,1000
042930,大立光中信94購01,0,0,0,0,0,0,0,0,0,1000,0,0,0,1000,0,1000,1000
04399P,樺漢群益94售01  ,0,0,0,0,0,0,0,0,0,1000,0,0,0,1000,0,1000,1000
03307P,臺股指中信05售02,0,0,0,0,0,0,0,0,0,1000,0,0,0,1000,0,1000,1000
03029X,元展26          ,0,0,0,0,0,0,0,0,0,1000,0,0,0,1000,0,1000,1000
03021P,玉晶光群益02售25,0,0,0,0,0,0,0,0,0,1000,0,0,0,1000,0,1000,1000
048319,嘉晶凱基93購04  ,0,0,0,0,0,0,0,0,0,1000,0,0,0,1000,0,1000,1000
047572,深中小群益95購01,0,0,0,0,0,0,0,0,0,1000,0,0,0,60000,59000,1000,1000
046600,鴻海群益94購01  ,0,0,0,0,0,0,0,0,0,1000,0,0,0,33000,32000,1000,1000
04654P,臺股指凱基94售13,0,0,0,0,0,0,0,0,0,1000,0,0,0,221000,220000,1000,1000
048682,奇力新富邦96購01,0,0,0,0,0,0,0,0,0,1000,0,0,0,1000,0,1000,1000
049274,臺股指元大94購09,0,0,0,0,0,0,0,0,0,1000,0,0,0,3000,2000,1000,1000
049175,台積電凱基94購12,0,0,0,0,0,0,0,0,0,1000,0,0,0,1000,0,1000,1000
049146,南亞科元大94購02,0,0,0,0,0,0,0,0,0,1000,0,0,0,1000,0,1000,1000
047311,台積電元大93購19,0,0,0,0,0,0,0,0,0,1000,0,0,0,31000,30000,1000,1000
047383,鴻海元大95購01  ,0,0,0,0,0,0,0,0,0,1000,0,0,0,69000,68000,1000,1000
047384,台積電元大93購20,0,0,0,0,0,0,0,0,0,1000,0,0,0,1000,0,1000,1000
045438,台郡統一94購01  ,0,0,0,0,0,0,0,0,0,1000,0,0,0,1000,0,1000,1000
04518P,高鐵群益95售01  ,0,0,0,0,0,0,0,0,0,1000,0,0,0,1000,0,1000,1000
04633P,旺宏群益96售04  ,0,0,0,0,0,0,0,0,0,1000,0,0,0,51000,50000,1000,1000
04610P,世紀鋼永豐94售03,0,0,0,0,0,0,0,0,0,1000,0,0,0,1000,0,1000,1000
048632,大成鋼元大93購02,0,0,0,0,0,0,0,0,0,1000,0,0,0,1000,0,1000,1000
049554,禾伸堂富邦96購01,0,0,0,0,0,0,0,0,0,1000,0,0,0,1000,0,1000,1000
049534,華擎永豐94購02  ,0,0,0,0,0,0,0,0,0,1000,0,0,0,1000,0,1000,1000
049485,台積電元大96購03,0,0,0,0,0,0,0,0,0,1000,0,0,0,124000,123000,1000,1000
048769,聯鈞凱基94購01  ,0,0,0,0,0,0,0,0,0,1000,0,0,0,11000,10000,1000,1000
048747,華通元富97購01  ,0,0,0,0,0,0,0,0,0,1000,0,0,0,100000,99000,1000,1000
048773,貿聯凱基94購01  ,0,0,0,0,0,0,0,0,0,1000,0,0,0,10000,9000,1000,1000
048825,華新科凱基94購05,0,0,0,0,0,0,0,0,0,1000,0,0,0,1000,0,1000,1000
048867,台積電兆豐95購01,0,0,0,0,0,0,0,0,0,1000,0,0,0,1000,0,1000,1000
048979,晶相光元大94購03,0,0,0,0,0,0,0,0,0,1000,0,0,0,21000,20000,1000,1000
049009,南亞科麥證94購01,0,0,0,1000,0,1000,0,0,0,1000,0,0,0,1000,0,1000,1000
049107,緯創富邦94購01  ,0,0,0,0,0,0,0,0,0,1000,0,0,0,1000,0,1000,1000
049385,茂林元大94購03  ,0,0,0,0,0,0,0,0,0,1000,0,0,0,1000,0,1000,1000
047977,南電亞東93購03  ,0,0,0,0,0,0,0,0,0,1000,0,0,0,2000,1000,1000,1000
047848,可成統一93購01  ,0,0,0,0,0,0,0,0,0,1000,0,0,0,1000,0,1000,1000
047685,嘉聯益國泰95購01,0,0,0,0,0,0,0,0,0,1000,0,0,0,1000,0,1000,1000
047633,力山元大94購01  ,0,0,0,0,0,0,0,0,0,1000,0,0,0,1000,0,1000,1000
04813P,智邦元大94售07  ,0,0,0,0,0,0,0,0,0,1000,0,0,0,1000,0,1000,1000
050246,大立光凱基94購13,0,0,0,0,0,0,0,0,0,1000,0,0,0,1000,0,1000,1000
049677,臺股指國票94購10,0,0,0,0,0,0,0,0,0,1000,0,0,0,1000,0,1000,1000
051426,道瓊反統一95購02,0,0,0,0,0,0,0,0,0,1000,0,0,0,1000,0,1000,1000
051406,泰鼎永豐96購01  ,0,0,0,0,0,0,0,0,0,1000,0,0,0,21000,20000,1000,1000
05238P,禾伸堂永豐95售01,0,0,0,0,0,0,0,0,0,1000,0,0,0,1000,0,1000,1000
052490,禾伸堂國票95購01,0,0,0,0,0,0,0,0,0,1000,0,0,0,21000,20000,1000,1000
052229,奇力新凱基96購01,0,0,0,0,0,0,0,0,0,1000,0,0,0,1000,0,1000,1000
049903,大立光元富94購06,0,0,0,0,0,0,0,0,0,1000,0,0,0,1000,0,1000,1000
050150,國巨群益95購01  ,0,0,0,0,0,0,0,0,0,1000,0,0,0,21000,20000,1000,1000
051287,台積電統一95購05,0,0,0,0,0,0,0,0,0,1000,0,0,0,1000,0,1000,1000
051266,國巨富邦99購01  ,0,0,0,0,0,0,0,0,0,1000,0,0,0,88000,87000,1000,1000
051906,國巨元大95購09  ,0,0,0,0,0,0,0,0,0,1000,0,0,0,1000,0,1000,1000
050335,正崴國泰96購01  ,0,0,0,0,0,0,0,0,0,1000,0,0,0,1000,0,1000,1000
051192,緯創兆豐96購01  ,0,0,0,0,0,0,0,0,0,1000,0,0,0,1000,0,1000,1000
05114P,臺股指元富95售02,0,0,0,0,0,0,0,0,0,1000,0,0,0,1000,0,1000,1000
052136,瑞儀凱基95購01  ,0,0,0,0,0,0,0,0,0,1000,0,0,0,1000,0,1000,1000
051576,台積電元大97購02,0,0,0,0,0,0,0,0,0,1000,0,0,0,1000,0,1000,1000
051705,富邦金群益97購01,0,0,0,0,0,0,0,0,0,1000,0,0,0,1000,0,1000,1000
050270,景碩元大94購01  ,0,0,0,0,0,0,0,0,0,1000,0,0,0,6000,5000,1000,1000
053333,新唐永豐96購01  ,0,0,0,0,0,0,0,0,0,1000,0,0,0,1000,0,1000,1000
053468,鴻海元大98購01  ,0,0,0,0,0,0,0,0,0,1000,0,0,0,18000,17000,1000,1000
053449,超眾凱基98購01  ,0,0,0,0,0,0,0,0,0,1000,0,0,0,11000,10000,1000,1000
053291,旺宏中信9A購01  ,0,0,0,0,0,0,0,0,0,1000,0,0,0,204000,203000,1000,1000
053263,華邦電群益96購03,0,0,0,0,0,0,0,0,0,1000,0,0,0,1000,0,1000,1000
053151,華新科元大96購04,0,0,0,0,0,0,0,0,0,1000,0,0,0,1000,0,1000,1000
053017,世紀鋼統一96購02,0,0,0,0,0,0,0,0,0,1000,0,0,0,1000,0,1000,1000
052998,拓凱康和96購01  ,0,0,0,0,0,0,0,0,0,1000,0,0,0,1000,0,1000,1000
052999,臺股指康和96購01,0,0,0,0,0,0,0,0,0,1000,0,0,0,1000,0,1000,1000
052969,建準群益97購01  ,0,0,0,0,0,0,0,0,0,1000,0,0,0,11000,10000,1000,1000
053119,日月光中信97購01,0,0,0,0,0,0,0,0,0,1000,0,0,0,1000,0,1000,1000
050829,臻鼎凱基96購01  ,0,0,0,0,0,0,0,0,0,1000,0,0,0,1000,0,1000,1000
050653,聯鈞凱基96購01  ,0,0,0,0,0,0,0,0,0,1000,0,0,0,8000,7000,1000,1000
050646,美律凱基96購01  ,0,0,0,0,0,0,0,0,0,1000,0,0,0,1000,0,1000,1000
051054,正崴群益95購01  ,0,0,0,0,0,0,0,0,0,1000,0,0,0,1000,0,1000,1000
051064,鴻海國票95購01  ,0,0,0,0,0,0,0,0,0,1000,0,0,0,21000,20000,1000,1000
053688,燿華元大96購05  ,0,0,0,0,0,0,0,0,0,1000,0,0,0,31000,30000,1000,1000
053764,A50正2富邦99購01,0,0,0,0,0,0,0,0,0,1000,0,0,0,1000,0,1000,1000
053520,康友群益96購01  ,0,0,0,0,0,0,0,0,0,1000,0,0,0,1000,0,1000,1000
053574,奇力新元富99購01,0,0,0,0,0,0,0,0,0,1000,0,0,0,61000,60000,1000,1000
054166,日電貿凱基98購01,0,0,0,0,0,0,0,0,0,1000,0,0,0,1000,0,1000,1000
053974,大立光元大96購10,0,0,0,0,0,0,0,0,0,1000,0,0,0,1000,0,1000,1000
054768,泰碩國票99購02  ,0,0,0,0,0,0,0,0,0,1000,0,0,0,188000,187000,1000,1000
054610,聯發科永豐97購01,0,0,0,0,0,0,0,0,0,1000,0,0,0,1000,0,1000,1000
05451P,臺股指元大95售28,0,0,0,0,0,0,0,0,0,1000,0,0,0,1000,0,1000,1000
054383,傳奇群益97購01  ,0,0,0,0,0,0,0,0,0,1000,0,0,0,32000,31000,1000,1000
054219,楠梓電統一97購01,0,0,0,0,0,0,0,0,0,1000,0,0,0,1000,0,1000,1000
05421P,鴻海元大96售12  ,0,0,0,0,0,0,0,0,0,1000,0,0,0,227000,226000,1000,1000
054286,台積電元大96購22,0,0,0,0,0,0,0,0,0,1000,0,0,0,1000,0,1000,1000
056092,亞德客元富97購02,0,0,0,0,0,0,0,0,0,1000,0,0,0,30000,29000,1000,1000
056100,楠梓電永豐97購02,0,0,0,0,0,0,0,0,0,1000,0,0,0,11000,10000,1000,1000
055889,鴻海統一97購05  ,0,0,0,0,0,0,0,0,0,1000,0,0,0,1000,0,1000,1000
055658,南電元富97購01  ,0,0,0,0,0,0,0,0,0,1000,0,0,0,23000,22000,1000,1000
05572P,群創統一96售02  ,0,0,0,0,0,0,0,0,0,1000,0,0,0,1000,0,1000,1000
055823,臺股指國票97購10,0,0,0,0,0,0,0,0,0,1000,0,0,0,1000,0,1000,1000
055798,聯茂富邦98購01  ,0,0,0,0,0,0,0,0,0,1000,0,0,0,1000,0,1000,1000
055768,臺股指群益97購06,0,0,0,0,0,0,0,0,0,1000,0,0,0,1000,0,1000,1000
055786,彩晶凱基99購02  ,0,0,0,0,0,0,0,0,0,1000,0,0,0,1000,0,1000,1000
055456,上銀富邦99購01  ,0,0,0,0,0,0,0,0,0,1000,0,0,0,4000,3000,1000,1000
05548P,臺股指元大96售02,0,0,0,0,0,0,0,0,0,1000,0,0,0,1000,0,1000,1000
3209,全科            ,5000,4000,1000,0,0,0,0,0,0,0,0,0,0,0,0,0,1000
3027,盛達            ,4000,3000,1000,0,0,0,0,0,0,0,1000,1000,0,0,0,0,1000
3694,海華            ,6000,5000,1000,0,0,0,0,0,0,0,0,0,0,0,0,0,1000
4755,三福化          ,1000,0,1000,0,0,0,0,0,0,0,1000,1000,0,0,0,0,1000
4764,雙鍵            ,1000,0,1000,0,0,0,0,0,0,0,0,0,0,0,0,0,1000
4912,聯德控股-KY     ,2000,1000,1000,0,0,0,0,0,0,0,0,0,0,0,0,0,1000
6405,悅城            ,3000,2000,1000,0,0,0,0,0,0,0,0,0,0,0,0,0,1000
9931,欣高            ,1000,0,1000,0,0,0,0,0,0,0,0,0,0,0,0,0,1000
8478,東哥遊艇        ,4000,4000,0,0,0,0,0,0,0,1000,1000,0,1000,0,0,0,1000
8940,新天地          ,0,0,0,0,0,0,0,0,0,1000,1000,0,1000,0,0,0,1000
911616,杜康-DR         ,3000,2000,1000,0,0,0,0,0,0,0,0,0,0,0,0,0,1000
9902,台火            ,4000,3000,1000,0,0,0,0,0,0,0,0,0,0,0,0,0,1000
06836P,玉晶光國票99售06,0,0,0,0,0,0,0,0,0,1000,0,0,0,1000,0,1000,1000
06146P,S&P反1元大97售03,0,0,0,0,0,0,0,0,0,1000,0,0,0,1000,0,1000,1000
06243P,亞光元富97售01  ,0,0,0,0,0,0,0,0,0,1000,0,0,0,1000,0,1000,1000
1735,日勝化          ,1000,0,1000,0,0,0,0,0,0,0,0,0,0,0,0,0,1000
1773,勝一            ,47000,46000,1000,0,0,0,0,0,0,0,0,0,0,0,0,0,1000
1535,中宇            ,1000,0,1000,0,0,0,0,0,0,0,0,0,0,0,0,0,1000
1614,三洋電          ,5000,4000,1000,0,0,0,0,0,0,0,0,0,0,0,0,0,1000
1603,華電            ,1000,0,1000,0,0,0,0,0,0,0,0,0,0,0,0,0,1000
1454,台富            ,1000,0,1000,0,0,0,0,0,0,0,0,0,0,0,0,0,1000
1419,新紡            ,1000,0,1000,0,0,0,0,0,0,0,0,0,0,0,0,0,1000
1466,聚隆            ,1000,0,1000,0,0,0,0,0,0,0,0,0,0,0,0,0,1000
1474,弘裕            ,3000,2000,1000,0,0,0,0,0,0,0,0,0,0,0,0,0,1000
06865P,亞德客元大98售04,0,0,0,0,0,0,0,0,0,1000,0,0,0,6000,5000,1000,1000
06986P,台積電台新9A售01,0,0,0,0,0,0,0,0,0,1000,0,0,0,1000,0,1000,1000
1232,大統益          ,4000,3000,1000,0,0,0,0,0,0,0,0,0,0,0,0,0,1000
1234,黑松            ,3000,2000,1000,0,0,0,0,0,0,0,0,0,0,0,0,0,1000
1108,幸福            ,5000,4000,1000,0,0,0,0,0,0,0,0,0,0,0,0,0,1000
2911,麗嬰房          ,2000,1000,1000,0,0,0,0,0,0,0,0,0,0,0,0,0,1000
2528,皇普            ,3000,2000,1000,0,0,0,0,0,0,0,0,0,0,0,0,0,1000
2516,新建            ,3000,1000,2000,0,0,0,0,0,0,-1000,0,1000,-1000,0,0,0,1000
2012,春雨            ,1000,0,1000,0,0,0,0,0,0,0,0,0,0,0,0,0,1000
2038,海光            ,2000,1000,1000,0,0,0,0,0,0,0,0,0,0,0,0,0,1000
2059,川湖            ,47000,68000,-21000,0,0,0,22000,0,22000,0,0,0,0,0,0,0,1000
2302,麗正            ,1000,0,1000,0,0,0,0,0,0,0,0,0,0,0,0,0,1000
2243,宏旭-KY         ,1000,0,1000,0,0,0,0,0,0,0,0,0,0,0,0,0,1000
2373,震旦行          ,1000,0,1000,0,0,0,0,0,0,0,0,0,0,0,0,0,1000
008201,BP上證50        ,0,0,0,0,0,0,0,0,0,100,0,0,0,100,0,100,100
056411,緯穎國票99購01  ,0,0,0,0,0,0,0,0,0,0,0,0,0,10000,10000,0,0
05641P,貿聯元富96售02  ,0,0,0,0,0,0,0,0,0,0,0,0,0,10000,10000,0,0
056351,鴻海元大98購06  ,0,0,0,0,0,0,0,0,0,0,0,0,0,88000,88000,0,0
056354,國巨元大98購10  ,0,0,0,0,0,0,0,0,0,0,0,0,0,30000,30000,0,0
056310,神達元大97購02  ,0,0,0,0,0,0,0,0,0,0,0,0,0,39000,39000,0,0
056158,新日興凱基98購02,0,0,0,0,0,0,0,0,0,0,0,0,0,44000,44000,0,0
056182,台光電統一97購03,0,0,0,0,0,0,0,0,0,0,0,0,0,70000,70000,0,0
056206,泰鼎永豐97購01  ,0,0,0,0,0,0,0,0,0,0,0,0,0,10000,10000,0,0
056512,易華電永豐98購01,0,0,0,0,0,0,0,0,0,0,0,0,0,10000,10000,0,0
056627,訊芯永豐98購01  ,0,0,0,0,0,0,0,0,0,0,0,0,0,68000,68000,0,0
056731,國巨凱基98購04  ,0,0,0,0,0,0,0,0,0,0,0,0,0,68000,68000,0,0
056736,國巨凱基99購03  ,0,0,0,0,0,0,0,0,0,0,0,0,0,68000,68000,0,0
056680,華通統一98購04  ,0,0,0,0,0,0,0,0,0,0,0,0,0,3000,3000,0,0
056703,群創國泰9A購01  ,0,0,0,0,0,0,0,0,0,0,0,0,0,10000,10000,0,0
056766,義隆元大98購01  ,0,0,0,0,0,0,0,0,0,0,0,0,0,83000,83000,0,0
05697P,友達凱基96售01  ,0,0,0,0,0,0,0,0,0,0,0,0,0,32000,32000,0,0
057088,上銀元富98購01  ,0,0,0,0,0,0,0,0,0,0,0,0,0,30000,30000,0,0
057162,上銀元大98購03  ,0,0,0,0,0,0,0,0,0,0,0,0,0,48000,48000,0,0
05719P,可成元大96售03  ,0,0,0,0,0,0,0,0,0,0,0,0,0,41000,41000,0,0
057313,聯發科麥證99購01,0,0,0,50000,50000,0,0,0,0,0,0,0,0,50000,50000,0,0
057954,宏碁元大99購01  ,0,0,0,0,0,0,0,0,0,0,0,0,0,15000,15000,0,0
057877,神達元大99購01  ,0,0,0,0,0,0,0,0,0,0,0,0,0,21000,21000,0,0
057848,台表科永豐98購02,0,0,0,0,0,0,0,0,0,0,0,0,0,68000,68000,0,0
057727,華邦電國泰9A購01,0,0,0,0,0,0,0,0,0,0,0,0,0,12000,12000,0,0
057803,上銀元大98購08  ,0,0,0,0,0,0,0,0,0,0,0,0,0,2000,2000,0,0
057451,大立光元富9B購01,0,0,0,0,0,0,0,0,0,0,0,0,0,7000,7000,0,0
057523,大成鋼元大99購01,0,0,0,0,0,0,0,0,0,0,0,0,0,90000,90000,0,0
057537,聯茂元大98購04  ,0,0,0,0,0,0,0,0,0,0,0,0,0,62000,62000,0,0
057607,旺宏台新98購02  ,0,0,0,0,0,0,0,0,0,0,0,0,0,5000,5000,0,0
057598,鴻海群益98購07  ,0,0,0,0,0,0,0,0,0,0,0,0,0,145000,145000,0,0
058335,鴻海元富99購06  ,0,0,0,0,0,0,0,0,0,0,0,0,0,20000,20000,0,0
058397,大成鋼元大99購02,0,0,0,0,0,0,0,0,0,0,0,0,0,156000,156000,0,0
058400,聯發科元大99購09,0,0,0,0,0,0,0,0,0,0,0,0,0,139000,139000,0,0
058402,欣興元大99購04  ,0,0,0,0,0,0,0,0,0,0,0,0,0,45000,45000,0,0
058343,台積電群益99購02,0,0,0,0,0,0,0,0,0,0,0,0,0,274000,274000,0,0
058344,旺宏群益99購05  ,0,0,0,0,0,0,0,0,0,0,0,0,0,13000,13000,0,0
058345,台光電群益99購03,0,0,0,0,0,0,0,0,0,0,0,0,0,10000,10000,0,0
05902P,華通國票96售02  ,0,0,0,0,0,0,0,0,0,0,0,0,0,10000,10000,0,0
05874P,台積電群益96售10,0,0,0,0,0,0,0,0,0,0,0,0,0,19000,19000,0,0
058450,旺宏永豐99購01  ,0,0,0,0,0,0,0,0,0,0,0,0,0,10000,10000,0,0
05846P,大立光元大96售07,0,0,0,0,0,0,0,0,0,0,0,0,0,351000,351000,0,0
058458,牧德永豐9A購01  ,0,0,0,0,0,0,0,0,0,0,0,0,0,3000,3000,0,0
05865P,大立光元大96售09,0,0,0,0,0,0,0,0,0,0,0,0,0,90000,90000,0,0
05918P,大立光元大96售11,0,0,0,0,0,0,0,0,0,0,0,0,0,100000,100000,0,0
05937P,台積電凱基96售21,0,0,0,0,0,0,0,0,0,0,0,0,0,10000,10000,0,0
05933P,鴻海凱基97售03  ,0,0,0,0,0,0,0,0,0,0,0,0,0,3000,3000,0,0
06017P,亞光凱基96售04  ,0,0,0,0,0,0,0,0,0,0,0,0,0,44000,44000,0,0
05997P,嘉聯益群益96售02,0,0,0,0,0,0,0,0,0,0,0,0,0,46000,46000,0,0
06011P,貿聯元富96售04  ,0,0,0,0,0,0,0,0,0,0,0,0,0,10000,10000,0,0
06067P,華新科康和97售01,0,0,0,0,0,0,0,0,0,0,0,0,0,20000,20000,0,0
06051P,嘉聯益國票97售04,0,0,0,0,0,0,0,0,0,0,0,0,0,10000,10000,0,0
058216,TPK群益99購01   ,0,0,0,0,0,0,0,0,0,0,0,0,0,10000,10000,0,0
058205,神達凱基9B購01  ,0,0,0,0,0,0,0,0,0,0,0,0,0,8000,8000,0,0
058167,鴻海凱基9A購03  ,0,0,0,0,0,0,0,0,0,0,0,0,0,35000,35000,0,0
058181,華新科國泰9B購01,0,0,0,0,0,0,0,0,0,0,0,0,0,10000,10000,0,0
058296,明泰凱基99購01  ,0,0,0,0,0,0,0,0,0,0,0,0,0,24000,24000,0,0
058246,帆宣元大99購01  ,0,0,0,0,0,0,0,0,0,0,0,0,0,29000,29000,0,0
058244,神達元大99購02  ,0,0,0,0,0,0,0,0,0,0,0,0,0,26000,26000,0,0
058048,群創元大9B購07  ,0,0,0,0,0,0,0,0,0,0,0,0,0,43000,43000,0,0
058051,同欣電元大98購03,0,0,0,0,0,0,0,0,0,0,0,0,0,8000,8000,0,0
058042,鴻海元大98購12  ,0,0,0,0,0,0,0,0,0,0,0,0,0,57000,57000,0,0
058071,大立光凱基98購19,0,0,0,0,0,0,0,0,0,0,0,0,0,3000,3000,0,0
058084,大立光群益98購04,0,0,0,0,0,0,0,0,0,0,0,0,0,10000,10000,0,0
058086,鴻海元大98購14  ,0,0,0,0,0,0,0,0,0,0,0,0,0,60000,60000,0,0
058097,台灣50國泰99購01,0,0,0,0,0,0,0,0,0,0,0,0,0,60000,60000,0,0
00774B,新光中國政金綠債,0,0,0,0,0,0,0,0,0,0,0,0,0,2000,2000,0,0
00775B,新光投等債15+   ,0,0,0,0,0,0,0,0,0,0,0,0,0,2000,2000,0,0
00776,新光ICE美國權值 ,0,0,0,0,0,0,0,0,0,0,0,0,0,1000,1000,0,0
00707R,元大S&P日圓反1  ,0,0,0,0,0,0,0,0,0,0,0,0,0,1000,1000,0,0
00732,國泰RMB短期報酬 ,0,0,0,0,0,0,0,0,0,0,0,0,0,98000,98000,0,0
00736,國泰新興市場    ,0,0,0,0,0,0,0,0,0,0,0,0,0,101000,101000,0,0
00767,FH美國金融股    ,0,0,0,0,0,0,0,0,0,0,0,0,0,7000,7000,0,0
00657K,國泰日經225+U   ,0,0,0,0,0,0,0,0,0,0,0,0,0,100,100,0,0
00650L,FH香港正2       ,0,0,0,0,0,0,0,0,0,0,0,0,0,351000,351000,0,0
00666R,富邦恒生國企反1 ,0,0,0,0,0,0,0,0,0,0,0,0,0,81000,81000,0,0
00668K,國泰美國道瓊+U  ,0,0,0,0,0,0,0,0,0,0,0,0,0,100,100,0,0
00625K,富邦上証+R      ,0,0,0,0,0,0,0,0,0,0,0,0,0,50000,50000,0,0
00636K,國泰中國A50+U   ,0,0,0,0,0,0,0,0,0,0,0,0,0,100,100,0,0
04402P,TPK兆豐95售01   ,0,0,0,0,0,0,0,0,0,0,0,0,0,100000,100000,0,0
03603P,群創凱基98售04  ,0,0,0,0,0,0,0,0,0,0,0,0,0,21000,21000,0,0
03420B,臺股指元大95熊31,0,0,0,0,0,0,0,0,0,0,0,0,0,193000,193000,0,0
04384P,上証2X中信96售01,0,0,0,0,0,0,0,0,0,0,0,0,0,30000,30000,0,0
043757,欣興元大93購01  ,0,0,0,0,0,0,0,0,0,0,0,0,0,1000,1000,0,0
04344P,台達電國泰94售01,0,0,0,0,0,0,0,0,0,0,0,0,0,49000,49000,0,0
04259P,滬深2X群益93售03,0,0,0,0,0,0,0,0,0,0,0,0,0,10000,10000,0,0
046865,鴻海統一95購01  ,0,0,0,0,0,0,0,0,0,0,0,0,0,2000,2000,0,0
04117P,聯發科元大93售21,0,0,0,0,0,0,0,0,0,0,0,0,0,5000,5000,0,0
04083P,欣興統一94售01  ,0,0,0,0,0,0,0,0,0,0,0,0,0,6000,6000,0,0
04188P,康控元富93售03  ,0,0,0,0,0,0,0,0,0,0,0,0,0,12000,12000,0,0
03647P,京元電元富95售02,0,0,0,0,0,0,0,0,0,0,0,0,0,40000,40000,0,0
03956P,欣興統一93售02  ,0,0,0,0,0,0,0,0,0,0,0,0,0,50000,50000,0,0
03926P,麗豐元大93售02  ,0,0,0,0,0,0,0,0,0,0,0,0,0,19000,19000,0,0
03960P,新日興元富96售02,0,0,0,0,0,0,0,0,0,0,0,0,0,20000,20000,0,0
047179,台積電元大93購17,0,0,0,0,0,0,0,0,0,0,0,0,0,90000,90000,0,0
04726P,TPK凱基94售04   ,0,0,0,0,0,0,0,0,0,0,0,0,0,10000,10000,0,0
044249,T50反1中信94購01,0,0,0,0,0,0,0,0,0,0,0,0,0,20000,20000,0,0
047014,元油反元大99購01,0,0,0,0,0,0,0,0,0,0,0,0,0,1000,1000,0,0
046927,上銀富邦95購01  ,0,0,0,0,0,0,0,0,0,0,0,0,0,2000,2000,0,0
046896,臻鼎群益94購01  ,0,0,0,0,0,0,0,0,0,0,0,0,0,36000,36000,0,0
046200,上海銀凱基93購01,0,0,0,0,0,0,0,0,0,0,0,0,0,10000,10000,0,0
04631P,臺股指中信95售08,0,0,0,0,0,0,0,0,0,0,0,0,0,12000,12000,0,0
046450,鴻海凱基93購12  ,0,0,0,0,0,0,0,0,0,0,0,0,0,10000,10000,0,0
045537,華新群益94購01  ,0,0,0,0,0,0,0,0,0,0,0,0,0,22000,22000,0,0
04592P,台積電元大94售10,0,0,0,0,0,0,0,0,0,0,0,0,0,400000,400000,0,0
045443,群創元富98購01  ,0,0,0,0,0,0,0,0,0,0,0,0,0,10000,10000,0,0
045479,T50反1中信95購01,0,0,0,0,0,0,0,0,0,0,0,0,0,20000,20000,0,0
047376,南電國票94購01  ,0,0,0,0,0,0,0,0,0,0,0,0,0,50000,50000,0,0
047335,臺股指元大93購30,0,0,0,0,0,0,0,0,0,0,0,0,0,60000,60000,0,0
049149,華新科元大95購03,0,0,0,0,0,0,0,0,0,0,0,0,0,10000,10000,0,0
049156,緯穎元大96購01  ,0,0,0,0,0,0,0,0,0,0,0,0,0,13000,13000,0,0
049170,亞德客凱基94購01,0,0,0,0,0,0,0,0,0,0,0,0,0,9000,9000,0,0
049222,和碩國票94購01  ,0,0,0,0,0,0,0,0,0,0,0,0,0,10000,10000,0,0
049230,台達電富邦96購01,0,0,0,0,0,0,0,0,0,0,0,0,0,98000,98000,0,0
049270,台表科元大95購02,0,0,0,0,0,0,0,0,0,0,0,0,0,10000,10000,0,0
049291,華通群益94購04  ,0,0,0,0,0,0,0,0,0,0,0,0,0,35000,35000,0,0
047514,亞光國票94購01  ,0,0,0,0,0,0,0,0,0,0,0,0,0,110000,110000,0,0
047546,瑞昱凱基93購06  ,0,0,0,0,0,0,0,0,0,0,0,0,0,10000,10000,0,0
048283,亞德客中信94購01,0,0,0,0,0,0,0,0,0,0,0,0,0,20000,20000,0,0
04833P,鴻海元大94售16  ,0,0,0,0,0,0,0,0,0,0,0,0,0,3000,3000,0,0
048320,聯詠凱基93購08  ,0,0,0,0,0,0,0,0,0,0,0,0,0,10000,10000,0,0
048397,TPK國票94購02   ,0,0,0,0,0,0,0,0,0,0,0,0,0,20000,20000,0,0
04835P,鴻海元大94售18  ,0,0,0,0,0,0,0,0,0,0,0,0,0,9000,9000,0,0
051438,喬山元大95購03  ,450000,0,450000,0,0,0,0,0,0,-450000,0,0,0,0,450000,-450000,0
05135P,鴻海凱基96售07  ,0,0,0,0,0,0,0,0,0,0,0,0,0,33000,33000,0,0
051377,鴻海群益95購07  ,0,0,0,0,0,0,0,0,0,0,0,0,0,10000,10000,0,0
05146P,鴻海元大95售10  ,0,0,0,0,0,0,0,0,0,0,0,0,0,157000,157000,0,0
05147P,鴻海元大95售11  ,0,0,0,0,0,0,0,0,0,0,0,0,0,144000,144000,0,0
05151P,台光電群益95售02,0,0,0,0,0,0,0,0,0,0,0,0,0,12000,12000,0,0
051529,東元國票96購01  ,0,0,0,0,0,0,0,0,0,0,0,0,0,10000,10000,0,0
05152P,玉晶光群益96售05,0,0,0,0,0,0,0,0,0,0,0,0,0,10000,10000,0,0
049688,台光電元大94購04,0,0,0,0,0,0,0,0,0,0,0,0,0,17000,17000,0,0
050180,華新科元大95購08,0,0,0,0,0,0,0,0,0,0,0,0,0,69000,69000,0,0
049695,新光金元大9A購01,0,0,0,0,0,0,0,0,0,0,0,0,0,1000,1000,0,0
050198,緯穎元大94購09  ,0,0,0,0,0,0,0,0,0,0,0,0,0,1000,1000,0,0
050254,大立光富邦96購02,0,0,0,0,0,0,0,0,0,0,0,0,0,3000,3000,0,0
051126,訊連群益95購01  ,0,0,0,0,0,0,0,0,0,0,0,0,0,30000,30000,0,0
051106,華通統一95購02  ,0,0,0,0,0,0,0,0,0,0,0,0,0,100000,100000,0,0
048121,亞德客元大93購05,0,0,0,0,0,0,0,0,0,0,0,0,0,4000,4000,0,0
048051,大立光中信94購03,0,0,0,0,0,0,0,0,0,0,0,0,0,20000,20000,0,0
048094,大立光凱基93購31,0,0,0,0,0,0,0,0,0,0,0,0,0,80000,80000,0,0
048027,京元電凱基93購03,0,0,0,0,0,0,0,0,0,0,0,0,0,20000,20000,0,0
047994,亞德客元大93購03,0,0,0,0,0,0,0,0,0,0,0,0,0,5000,5000,0,0
048220,鴻海凱基93購35  ,0,0,0,0,0,0,0,0,0,0,0,0,0,1000,1000,0,0
048221,鴻海凱基95購01  ,0,0,0,0,0,0,0,0,0,0,0,0,0,26000,26000,0,0
048196,聯發科元大93購24,0,0,0,0,0,0,0,0,0,0,0,0,0,990000,990000,0,0
049614,聯茂中信94購01  ,0,0,0,0,0,0,0,0,0,0,0,0,0,10000,10000,0,0
047635,華新元大93購01  ,0,0,0,0,0,0,0,0,0,0,0,0,0,14000,14000,0,0
049600,緯穎元大95購02  ,0,0,0,0,0,0,0,0,0,0,0,0,0,1000,1000,0,0
047609,奇力新第一93購01,0,0,0,0,0,0,0,0,0,0,0,0,0,10000,10000,0,0
04767P,台積電國泰95售04,0,0,0,0,0,0,0,0,0,0,0,0,0,163000,163000,0,0
047772,泰鼎元大93購05  ,0,0,0,0,0,0,0,0,0,0,0,0,0,1000,1000,0,0
047761,亞德客元大93購02,0,0,0,0,0,0,0,0,0,0,0,0,0,5000,5000,0,0
047829,旺宏元大93購06  ,0,0,0,0,0,0,0,0,0,0,0,0,0,1000,1000,0,0
04792P,智邦元大94售06  ,0,0,0,0,0,0,0,0,0,0,0,0,0,9000,9000,0,0
049366,聯發科元大94購05,0,0,0,0,0,0,0,0,0,0,0,0,0,300000,300000,0,0
049713,鴻海凱基94購17  ,0,0,0,0,0,0,0,0,0,0,0,0,0,46000,46000,0,0
049345,富邦金統一94購02,0,0,0,0,0,0,0,0,0,0,0,0,0,10000,10000,0,0
049022,聯詠群益94購01  ,0,0,0,0,0,0,0,0,0,0,0,0,0,10000,10000,0,0
049034,台達電兆豐94購01,0,0,0,0,0,0,0,0,0,0,0,0,0,94000,94000,0,0
049026,晶相光群益94購01,0,0,0,0,0,0,0,0,0,0,0,0,0,41000,41000,0,0
048980,嘉澤元大94購02  ,0,0,0,0,0,0,0,0,0,0,0,0,0,24000,24000,0,0
048981,牧德元大94購01  ,0,0,0,0,0,0,0,0,0,0,0,0,0,6000,6000,0,0
048983,牧德元大95購01  ,0,0,0,0,0,0,0,0,0,0,0,0,0,13000,13000,0,0
048998,玉晶光國票95購03,0,0,0,0,0,0,0,0,0,0,0,0,0,78000,78000,0,0
048988,聯茂元大94購02  ,0,0,0,0,0,0,0,0,0,0,0,0,0,27000,27000,0,0
048865,世紀鋼群益94購01,0,0,0,0,0,0,0,0,0,0,0,0,0,499000,499000,0,0
048813,元黃金凱基94購01,0,0,0,0,0,0,0,0,0,0,0,0,0,1000,1000,0,0
04882P,鴻海凱基94售19  ,0,0,0,0,0,0,0,0,0,0,0,0,0,13000,13000,0,0
048831,玉晶光凱基95購01,0,0,0,0,0,0,0,0,0,0,0,0,0,2000,2000,0,0
048789,大立光元大95購04,0,0,0,0,0,0,0,0,0,0,0,0,0,100000,100000,0,0
048752,廣越元富95購01  ,0,0,0,0,0,0,0,0,0,0,0,0,0,10000,10000,0,0
049487,智邦元大94購03  ,0,0,0,0,0,0,0,0,0,0,0,0,0,1000,1000,0,0
048635,鴻海元大94購04  ,0,0,0,0,0,0,0,0,0,0,0,0,0,64000,64000,0,0
048636,鴻海元大94購05  ,0,0,0,0,0,0,0,0,0,0,0,0,0,30000,30000,0,0
048593,華新科群益93購04,0,0,0,0,0,0,0,0,0,0,0,0,0,20000,20000,0,0
048583,智原富邦98購01  ,0,0,0,0,0,0,0,0,0,0,0,0,0,1000,1000,0,0
049397,台達電群益94購03,0,0,0,0,0,0,0,0,0,0,0,0,0,10000,10000,0,0
049432,聯詠國票95購01  ,0,0,0,0,0,0,0,0,0,0,0,0,0,20000,20000,0,0
049445,遠東新統一94購01,0,0,0,0,0,0,0,0,0,0,0,0,0,50000,50000,0,0
048557,瑞昱元大94購01  ,0,0,0,0,0,0,0,0,0,0,0,0,0,10000,10000,0,0
048432,全新國票95購01  ,0,0,0,0,0,0,0,0,0,0,0,0,0,60000,60000,0,0
04841P,群創元大94售04  ,0,0,0,0,0,0,0,0,0,0,0,0,0,63000,63000,0,0
048435,致新國票93購01  ,0,0,0,0,0,0,0,0,0,0,0,0,0,60000,60000,0,0
04987P,昇陽半永豐94售04,0,0,0,0,0,0,0,0,0,0,0,0,0,61000,61000,0,0
049744,亞德客永豐94購01,0,0,0,0,0,0,0,0,0,0,0,0,0,48000,48000,0,0
050634,華新科群益96購01,0,0,0,0,0,0,0,0,0,0,0,0,0,20000,20000,0,0
051343,鴻海元大95購07  ,0,0,0,0,0,0,0,0,0,0,0,0,0,10000,10000,0,0
051332,奇力新永豐95購01,0,0,0,0,0,0,0,0,0,0,0,0,0,50000,50000,0,0
050694,國巨凱基96購03  ,0,0,0,0,0,0,0,0,0,0,0,0,0,7000,7000,0,0
052778,智原國票97購01  ,0,0,0,0,0,0,0,0,0,0,0,0,0,40000,40000,0,0
052628,樺漢中信96購01  ,0,0,0,0,0,0,0,0,0,0,0,0,0,6000,6000,0,0
05264P,微星元大95售02  ,0,0,0,0,0,0,0,0,0,0,0,0,0,12000,12000,0,0
050767,京元電元大96購01,0,0,0,0,0,0,0,0,0,0,0,0,0,210000,210000,0,0
050727,華新科國票94購09,0,0,0,0,0,0,0,0,0,0,0,0,0,4000,4000,0,0
050809,鴻海凱基95購08  ,0,0,0,0,0,0,0,0,0,0,0,0,0,41000,41000,0,0
050931,上証2X國票95購03,0,0,0,0,0,0,0,0,0,0,0,0,0,10000,10000,0,0
050932,台塑國票96購01  ,0,0,0,0,0,0,0,0,0,0,0,0,0,38000,38000,0,0
05092P,全新元大95售03  ,0,0,0,0,0,0,0,0,0,0,0,0,0,8000,8000,0,0
050609,鴻海元大94購23  ,0,0,0,0,0,0,0,0,0,0,0,0,0,45000,45000,0,0
05060P,台達電富邦97售02,0,0,0,0,0,0,0,0,0,0,0,0,0,97000,97000,0,0
05058P,燿華國票97售01  ,0,0,0,0,0,0,0,0,0,0,0,0,0,10000,10000,0,0
050891,喬山元大95購01  ,450000,0,450000,0,0,0,0,0,0,-450000,0,0,0,0,450000,-450000,0
05099P,台積電凱基95售06,0,0,0,0,0,0,0,0,0,0,0,0,0,70000,70000,0,0
051011,國巨凱基95購03  ,0,0,0,0,0,0,0,0,0,0,0,0,0,52000,52000,0,0
05098P,鴻海凱基95售15  ,0,0,0,0,0,0,0,0,0,0,0,0,0,50000,50000,0,0
050962,聯發科永豐95購02,0,0,0,0,0,0,0,0,0,0,0,0,0,998000,998000,0,0
053095,台光電統一98購01,0,0,0,0,0,0,0,0,0,0,0,0,0,48000,48000,0,0
053091,同欣電元大96購01,0,0,0,0,0,0,0,0,0,0,0,0,0,7000,7000,0,0
053060,大立光永昌96購05,0,0,0,0,0,0,0,0,0,0,0,0,0,12000,12000,0,0
053055,聯詠國票97購01  ,0,0,0,0,0,0,0,0,0,0,0,0,0,23000,23000,0,0
052984,漢唐元大96購01  ,0,0,0,0,0,0,0,0,0,0,0,0,0,24000,24000,0,0
052906,緯創國票97購01  ,0,0,0,0,0,0,0,0,0,0,0,0,0,5000,5000,0,0
052866,大立光凱基96購12,0,0,0,0,0,0,0,0,0,0,0,0,0,3000,3000,0,0
052834,彩晶群益96購01  ,0,0,0,0,0,0,0,0,0,0,0,0,0,8000,8000,0,0
053152,大立光元大99購01,0,0,0,0,0,0,0,0,0,0,0,0,0,11000,11000,0,0
053189,聯發科統一96購05,0,0,0,0,0,0,0,0,0,0,0,0,0,48000,48000,0,0
053454,創意統一96購02  ,0,0,0,0,0,0,0,0,0,0,0,0,0,20000,20000,0,0
053417,上銀永豐96購02  ,0,0,0,0,0,0,0,0,0,0,0,0,0,135000,135000,0,0
053389,彩晶元大98購01  ,0,0,0,0,0,0,0,0,0,0,0,0,0,40000,40000,0,0
053299,台泥凱基96購01  ,0,0,0,0,0,0,0,0,0,0,0,0,0,10000,10000,0,0
053312,緯穎凱基96購02  ,0,0,0,0,0,0,0,0,0,0,0,0,0,28000,28000,0,0
053376,鴻海元大96購19  ,0,0,0,0,0,0,0,0,0,0,0,0,0,1000,1000,0,0
053382,友達元大9C購02  ,0,0,0,0,0,0,0,0,0,0,0,0,0,10000,10000,0,0
050262,台積電元大94購21,0,0,0,0,0,0,0,0,0,0,0,0,0,10000,10000,0,0
051756,台積電元大97購04,0,0,0,0,0,0,0,0,0,0,0,0,0,5000,5000,0,0
051737,瑞昱國票96購01  ,0,0,0,0,0,0,0,0,0,0,0,0,0,40000,40000,0,0
051856,亞德客凱基95購01,0,0,0,0,0,0,0,0,0,0,0,0,0,4000,4000,0,0
051831,緯穎元大96購04  ,0,0,0,0,0,0,0,0,0,0,0,0,0,3000,3000,0,0
052541,大立光統一95購06,0,0,0,0,0,0,0,0,0,0,0,0,0,6000,6000,0,0
051828,微星元大95購03  ,0,0,0,0,0,0,0,0,0,0,0,0,0,17000,17000,0,0
051572,上銀元大95購01  ,0,0,0,0,0,0,0,0,0,0,0,0,0,11000,11000,0,0
051580,宏碁元大95購02  ,0,0,0,0,0,0,0,0,0,0,0,0,0,67000,67000,0,0
051553,牧德永豐96購02  ,0,0,0,0,0,0,0,0,0,0,0,0,0,80000,80000,0,0
05168P,鴻海元大95售14  ,0,0,0,0,0,0,0,0,0,0,0,0,0,8000,8000,0,0
052078,大立光元富95購10,0,0,0,0,0,0,0,0,0,0,0,0,0,41000,41000,0,0
052000,鈺齊元大95購03  ,0,0,0,0,0,0,0,0,0,0,0,0,0,20000,20000,0,0
052096,力成元大95購01  ,0,0,0,0,0,0,0,0,0,0,0,0,0,10000,10000,0,0
052035,臺股指群益95購08,0,0,0,0,0,0,0,0,0,0,0,0,0,10000,10000,0,0
051150,宏達電凱基95購02,0,0,0,0,0,0,0,0,0,0,0,0,0,17000,17000,0,0
051161,喬山元大95購02  ,450000,0,450000,0,0,0,0,0,0,-450000,0,0,0,0,450000,-450000,0
050304,台光電中信94購01,0,0,0,0,0,0,0,0,0,0,0,0,0,100000,100000,0,0
051940,康舒群益95購01  ,0,0,0,0,0,0,0,0,0,0,0,0,0,98000,98000,0,0
05070P,鴻海統一96售04  ,0,0,0,0,0,0,0,0,0,0,0,0,0,16000,16000,0,0
050516,華通元大95購05  ,0,0,0,0,0,0,0,0,0,0,0,0,0,3000,3000,0,0
050161,鴻海國泰96購03  ,0,0,0,0,0,0,0,0,0,0,0,0,0,2000,2000,0,0
050426,國巨凱基94購14  ,0,0,0,0,0,0,0,0,0,0,0,0,0,8000,8000,0,0
049907,鴻海元大94購07  ,0,0,0,0,0,0,0,0,0,0,0,0,0,6000,6000,0,0
050039,鴻海中信94購03  ,0,0,0,0,0,0,0,0,0,0,0,0,0,20000,20000,0,0
050126,國巨凱基94購08  ,0,0,0,0,0,0,0,0,0,0,0,0,0,11000,11000,0,0
05222P,致伸凱基95售02  ,0,0,0,0,0,0,0,0,0,0,0,0,0,10000,10000,0,0
052228,聯發科凱基96購06,0,0,0,0,0,0,0,0,0,0,0,0,0,10000,10000,0,0
052249,大成鋼永豐95購01,0,0,0,0,0,0,0,0,0,0,0,0,0,10000,10000,0,0
052260,為升富邦97購02  ,0,0,0,0,0,0,0,0,0,0,0,0,0,10000,10000,0,0
052274,大立光群益95購03,0,0,0,0,0,0,0,0,0,0,0,0,0,25000,25000,0,0
052278,國巨凱基95購06  ,0,0,0,0,0,0,0,0,0,0,0,0,0,21000,21000,0,0
052171,台積電元大95購21,0,0,0,0,0,0,0,0,0,0,0,0,0,46000,46000,0,0
052281,全新凱基97購01  ,0,0,0,0,0,0,0,0,0,0,0,0,0,10000,10000,0,0
052290,鴻海元富97購01  ,0,0,0,0,0,0,0,0,0,0,0,0,0,10000,10000,0,0
052349,鴻海統一95購15  ,0,0,0,0,0,0,0,0,0,0,0,0,0,48000,48000,0,0
05039P,鴻海凱基95售10  ,0,0,0,0,0,0,0,0,0,0,0,0,0,31000,31000,0,0
050419,鴻海凱基95購02  ,0,0,0,0,0,0,0,0,0,0,0,0,0,4000,4000,0,0
050381,鴻海兆豐94購01  ,0,0,0,0,0,0,0,0,0,0,0,0,0,10000,10000,0,0
050366,鴻海元大94購19  ,0,0,0,0,0,0,0,0,0,0,0,0,0,16000,16000,0,0
050370,台積電元大94購24,0,0,0,0,0,0,0,0,0,0,0,0,0,210000,210000,0,0
050371,台積電元大94購25,0,0,0,0,0,0,0,0,0,0,0,0,0,105000,105000,0,0
052375,奇力新元大96購02,0,0,0,0,0,0,0,0,0,0,0,0,0,2000,2000,0,0
05244P,台積電元大95售17,0,0,0,0,0,0,0,0,0,0,0,0,0,900000,900000,0,0
05243P,鴻海元大95售19  ,0,0,0,0,0,0,0,0,0,0,0,0,0,118000,118000,0,0
055375,京鼎元大97購03  ,0,0,0,0,0,0,0,0,0,0,0,0,0,57000,57000,0,0
055248,可成統一97購02  ,0,0,0,0,0,0,0,0,0,0,0,0,0,38000,38000,0,0
055270,上銀元大97購03  ,0,0,0,0,0,0,0,0,0,0,0,0,0,62000,62000,0,0
055302,達方元大97購01  ,0,0,0,0,0,0,0,0,0,0,0,0,0,44000,44000,0,0
055356,大立光凱基97購06,0,0,0,0,0,0,0,0,0,0,0,0,0,10000,10000,0,0
055351,聯發科凱基97購03,0,0,0,0,0,0,0,0,0,0,0,0,0,78000,78000,0,0
055329,百和國票98購01  ,0,0,0,0,0,0,0,0,0,0,0,0,0,200000,200000,0,0
055138,大毅永豐97購02  ,0,0,0,0,0,0,0,0,0,0,0,0,0,10000,10000,0,0
05510P,燿華元富96售01  ,0,0,0,0,0,0,0,0,0,0,0,0,0,10000,10000,0,0
054936,鴻海元大97購10  ,0,0,0,0,0,0,0,0,0,0,0,0,0,27000,27000,0,0
054939,台積電元大97購15,0,0,0,0,0,0,0,0,0,0,0,0,0,100000,100000,0,0
055830,上銀元大97購07  ,0,0,0,0,0,0,0,0,0,0,0,0,0,22000,22000,0,0
055828,上銀元大97購05  ,0,0,0,0,0,0,0,0,0,0,0,0,0,43000,43000,0,0
055724,祥碩元大97購03  ,0,0,0,0,0,0,0,0,0,0,0,0,0,28000,28000,0,0
055759,技嘉群益98購02  ,0,0,0,0,0,0,0,0,0,0,0,0,0,63000,63000,0,0
055713,國巨元大98購09  ,0,0,0,0,0,0,0,0,0,0,0,0,0,30000,30000,0,0
055627,亞德客永豐97購02,0,0,0,0,0,0,0,0,0,0,0,0,0,9000,9000,0,0
055629,華新科永豐97購04,0,0,0,0,0,0,0,0,0,0,0,0,0,2000,2000,0,0
055573,國巨統一97購06  ,0,0,0,0,0,0,0,0,0,0,0,0,0,50000,50000,0,0
055545,國巨凱基97購06  ,0,0,0,0,0,0,0,0,0,0,0,0,0,10000,10000,0,0
055525,國巨群益98購05  ,0,0,0,0,0,0,0,0,0,0,0,0,0,2000,2000,0,0
05587P,鴻海凱基96售12  ,0,0,0,0,0,0,0,0,0,0,0,0,0,30000,30000,0,0
055842,建準元大98購01  ,0,0,0,0,0,0,0,0,0,0,0,0,0,100000,100000,0,0
055845,大立光元大97購08,0,0,0,0,0,0,0,0,0,0,0,0,0,12000,12000,0,0
055834,國巨元大97購13  ,0,0,0,0,0,0,0,0,0,0,0,0,0,43000,43000,0,0
055867,臺股指元大97購05,0,0,0,0,0,0,0,0,0,0,0,0,0,10000,10000,0,0
055952,上銀元大97購08  ,0,0,0,0,0,0,0,0,0,0,0,0,0,9000,9000,0,0
056062,大立光元大97購12,0,0,0,0,0,0,0,0,0,0,0,0,0,12000,12000,0,0
056063,大立光元大97購13,0,0,0,0,0,0,0,0,0,0,0,0,0,12000,12000,0,0
056049,奇力新國票98購01,0,0,0,0,0,0,0,0,0,0,0,0,0,30000,30000,0,0
056053,和大元大97購05  ,0,0,0,0,0,0,0,0,0,0,0,0,0,10000,10000,0,0
05599P,欣興台新96售01  ,0,0,0,0,0,0,0,0,0,0,0,0,0,10000,10000,0,0
054196,台光電國泰97購02,0,0,0,0,0,0,0,0,0,0,0,0,0,10000,10000,0,0
054178,中磊台新97購01  ,0,0,0,0,0,0,0,0,0,0,0,0,0,11000,11000,0,0
054243,國喬元大96購01  ,0,0,0,0,0,0,0,0,0,0,0,0,0,68000,68000,0,0
05435P,鴻海群益95售12  ,0,0,0,0,0,0,0,0,0,0,0,0,0,40000,40000,0,0
054378,楠梓電群益98購01,0,0,0,0,0,0,0,0,0,0,0,0,0,12000,12000,0,0
054363,世芯凱基97購01  ,0,0,0,0,0,0,0,0,0,0,0,0,0,60000,60000,0,0
054447,國泰金兆豐96購01,0,0,0,0,0,0,0,0,0,0,0,0,0,38000,38000,0,0
054435,華新科台新97購02,0,0,0,0,0,0,0,0,0,0,0,0,0,20000,20000,0,0
05454P,奇鋐群益95售04  ,0,0,0,0,0,0,0,0,0,0,0,0,0,1000,1000,0,0
054716,緯穎康和97購01  ,0,0,0,0,0,0,0,0,0,0,0,0,0,10000,10000,0,0
054717,亞德客永豐97購01,0,0,0,0,0,0,0,0,0,0,0,0,0,9000,9000,0,0
054813,鴻海元大97購09  ,0,0,0,0,0,0,0,0,0,0,0,0,0,310000,310000,0,0
054841,亞德客兆豐97購01,0,0,0,0,0,0,0,0,0,0,0,0,0,20000,20000,0,0
053957,瑞昱永豐96購01  ,0,0,0,0,0,0,0,0,0,0,0,0,0,68000,68000,0,0
053941,國巨國泰96購05  ,0,0,0,0,0,0,0,0,0,0,0,0,0,10000,10000,0,0
053946,全新富邦97購02  ,0,0,0,0,0,0,0,0,0,0,0,0,0,45000,45000,0,0
053843,訊芯統一96購01  ,0,0,0,0,0,0,0,0,0,0,0,0,0,48000,48000,0,0
053859,台積電元大97購09,0,0,0,0,0,0,0,0,0,0,0,0,0,150000,150000,0,0
053854,聯茂國泰97購02  ,0,0,0,0,0,0,0,0,0,0,0,0,0,10000,10000,0,0
053885,全新兆豐96購01  ,0,0,0,0,0,0,0,0,0,0,0,0,0,105000,105000,0,0
053883,大立光中信98購02,0,0,0,0,0,0,0,0,0,0,0,0,0,100000,100000,0,0
054152,漢唐國泰98購02  ,0,0,0,0,0,0,0,0,0,0,0,0,0,6000,6000,0,0
05413P,台郡國票96售02  ,0,0,0,0,0,0,0,0,0,0,0,0,0,25000,25000,0,0
054123,易華電永豐96購03,0,0,0,0,0,0,0,0,0,0,0,0,0,10000,10000,0,0
054092,大立光群益97購01,0,0,0,0,0,0,0,0,0,0,0,0,0,2000,2000,0,0
054041,鴻海元大96購22  ,0,0,0,0,0,0,0,0,0,0,0,0,0,1000,1000,0,0
054003,鴻海統一96購13  ,0,0,0,0,0,0,0,0,0,0,0,0,0,48000,48000,0,0
053589,宏達電元大97購02,0,0,0,0,0,0,0,0,0,0,0,0,0,30000,30000,0,0
053639,禾伸堂永豐96購01,0,0,0,0,0,0,0,0,0,0,0,0,0,10000,10000,0,0
053481,同欣電元大97購01,0,0,0,0,0,0,0,0,0,0,0,0,0,5000,5000,0,0
053760,牧德國泰98購01  ,0,0,0,0,0,0,0,0,0,0,0,0,0,28000,28000,0,0
05377P,鴻海凱基95售18  ,0,0,0,0,0,0,0,0,0,0,0,0,0,20000,20000,0,0
053773,上銀元大96購04  ,0,0,0,0,0,0,0,0,0,0,0,0,0,20000,20000,0,0
053676,新光金國泰98購02,0,0,0,0,0,0,0,0,0,0,0,0,0,3000,3000,0,0
2227,裕日車          ,11000,11000,0,0,0,0,0,0,0,0,0,0,0,0,0,0,0
2471,資通            ,2000,2000,0,0,0,0,0,0,0,0,0,0,0,0,0,0,0
2642,宅配通          ,17000,17000,0,0,0,0,0,0,0,0,0,0,0,0,0,0,0
1101B,台泥乙特        ,0,0,0,0,0,0,0,0,0,0,1000,1000,0,0,0,0,0
1203,味王            ,1000,1000,0,0,0,0,0,0,0,0,0,0,0,0,0,0,0
08539P,元油2X國票99售01,0,0,0,0,0,0,0,0,0,0,0,0,0,10000,10000,0,0
06885P,國巨國票99售06  ,0,0,0,0,0,0,0,0,0,0,0,0,0,1000,1000,0,0
06930P,台積電元大98售19,0,0,0,0,0,0,0,0,0,0,0,0,0,50000,50000,0,0
06937P,GIS元大98售03   ,0,0,0,0,0,0,0,0,0,0,0,0,0,24000,24000,0,0
1472,三洋紡          ,2000,2000,0,0,0,0,0,0,0,0,0,0,0,0,0,0,0
1436,華友聯          ,5000,5000,0,0,0,0,0,0,0,0,0,0,0,0,0,0,0
1445,大宇            ,1000,1000,0,0,0,0,0,0,0,0,0,0,0,0,0,0,0
1410,南染            ,1000,1000,0,0,0,0,0,0,0,0,0,0,0,0,0,0,0
1414,東和            ,1000,1000,0,0,0,0,0,0,0,0,0,0,0,0,0,0,0
1541,錩泰            ,1000,1000,0,0,0,0,0,0,0,0,0,0,0,0,0,0,0
1809,中釉            ,41000,42000,-1000,0,0,0,0,0,0,1000,1000,0,1000,0,0,0,0
1805,寶徠            ,0,0,0,0,0,0,0,0,0,0,1000,1000,0,0,0,0,0
1721,三晃            ,2000,2000,0,0,0,0,0,0,0,0,0,0,0,0,0,0,0
06184P,大立光元大97售06,0,0,0,0,0,0,0,0,0,0,0,0,0,301000,301000,0,0
06171P,台積電統一97售06,0,0,0,0,0,0,0,0,0,0,0,0,0,20000,20000,0,0
06144P,台光電永豐97售01,0,0,0,0,0,0,0,0,0,0,0,0,0,25000,25000,0,0
06167P,欣興國票97售05  ,0,0,0,0,0,0,0,0,0,0,0,0,0,7000,7000,0,0
06098P,T50反1日盛97售02,0,0,0,0,0,0,0,0,0,0,0,0,0,845000,845000,0,0
06095P,燿華永豐97售01  ,0,0,0,0,0,0,0,0,0,0,0,0,0,24000,24000,0,0
06430P,大立光元大97售16,0,0,0,0,0,0,0,0,0,0,0,0,0,2000,2000,0,0
06445P,大立光凱基98售09,0,0,0,0,0,0,0,0,0,0,0,0,0,33000,33000,0,0
06311P,嘉聯益元富97售02,0,0,0,0,0,0,0,0,0,0,0,0,0,20000,20000,0,0
06313P,訊芯元富97售01  ,0,0,0,0,0,0,0,0,0,0,0,0,0,94000,94000,0,0
06360P,台積電群益97售05,0,0,0,0,0,0,0,0,0,0,0,0,0,8000,8000,0,0
06352P,臺股指富邦99售02,0,0,0,0,0,0,0,0,0,0,0,0,0,10000,10000,0,0
06854P,鴻海富邦99售05  ,0,0,0,0,0,0,0,0,0,0,0,0,0,15000,15000,0,0
06803P,臺股指群益98售09,0,0,0,0,0,0,0,0,0,0,0,0,0,40000,40000,0,0
06789P,鴻海凱基98售12  ,0,0,0,0,0,0,0,0,0,0,0,0,0,16000,16000,0,0
06793P,臺股指凱基98售03,0,0,0,0,0,0,0,0,0,0,0,0,0,1000,1000,0,0
06740P,台灣50國泰9A售02,0,0,0,0,0,0,0,0,0,0,0,0,0,10000,10000,0,0
06679P,旺宏元大98售09  ,0,0,0,0,0,0,0,0,0,0,0,0,0,52000,52000,0,0
06661P,玉晶光永豐98售05,0,0,0,0,0,0,0,0,0,0,0,0,0,50000,50000,0,0
06638P,鴻海統一99售02  ,0,0,0,0,0,0,0,0,0,0,0,0,0,16000,16000,0,0
06651P,華新科元大99售09,0,0,0,0,0,0,0,0,0,0,0,0,0,20000,20000,0,0
06598P,奇力新永豐98售02,0,0,0,0,0,0,0,0,0,0,0,0,0,24000,24000,0,0
06544P,鴻海元大98售09  ,0,0,0,0,0,0,0,0,0,0,0,0,0,172000,172000,0,0
9944,新麗            ,55000,54000,1000,0,0,0,0,0,0,-1000,0,1000,-1000,0,0,0,0
6715,嘉基            ,30000,27000,3000,0,0,0,0,0,0,-3000,0,3000,-3000,0,0,0,0
6671,三能-KY         ,2000,2000,0,0,0,0,0,0,0,0,0,0,0,0,0,0,0
4807,日成-KY         ,3000,3000,0,0,0,0,0,0,0,0,0,0,0,0,0,0,0
3528,安馳            ,4000,4000,0,0,0,0,0,0,0,0,0,0,0,0,0,0,0
3164,景岳            ,1000,1000,0,0,0,0,0,0,0,0,0,0,0,0,0,0,0
3257,虹冠電          ,6000,6000,0,0,0,0,0,0,0,0,0,0,0,0,0,0,0
3266,昇陽            ,1000,1000,0,0,0,0,0,0,0,0,0,0,0,0,0,0,0
3046,建碁            ,1000,1000,0,0,0,0,0,0,0,0,0,0,0,0,0,0,0
1416,廣豐            ,3000,3142,-142,0,0,0,0,0,0,0,0,0,0,0,0,0,-142
058115,台光電中信99購01,0,0,0,0,0,0,0,0,0,-1000,0,0,0,84000,85000,-1000,-1000
05945P,聯詠中信96售01  ,0,0,0,0,0,0,0,0,0,-1000,0,0,0,0,1000,-1000,-1000
058438,大立光統一9B購01,0,0,0,0,0,0,0,0,0,-1000,0,0,0,0,1000,-1000,-1000
058427,大毅元富99購01  ,0,0,0,0,0,0,0,0,0,-1000,0,0,0,0,1000,-1000,-1000
058401,華航元大9A購01  ,0,0,0,0,0,0,0,0,0,-1000,0,0,0,0,1000,-1000,-1000
057682,台積電日盛9A購03,0,0,0,0,0,0,0,0,0,-1000,0,0,0,10000,11000,-1000,-1000
057624,新日興國泰99購01,0,0,0,0,0,0,0,0,0,-1000,0,0,0,6000,7000,-1000,-1000
057638,上銀元大99購01  ,0,0,0,0,0,0,0,0,0,-1000,0,0,0,80000,81000,-1000,-1000
05794P,華邦電群益96售04,0,0,0,0,0,0,0,0,0,-1000,0,0,0,10000,11000,-1000,-1000
05723P,華通永豐96售03  ,0,0,0,0,0,0,0,0,0,-1000,0,0,0,9000,10000,-1000,-1000
057199,台達電元富02購01,0,0,0,0,0,0,0,0,0,-1000,0,0,0,59000,60000,-1000,-1000
057193,力成元大98購02  ,0,0,0,0,0,0,0,0,0,-1000,0,0,0,30000,31000,-1000,-1000
057031,滬深反元大9B購02,0,0,0,0,0,0,0,0,0,-1000,0,0,0,0,1000,-1000,-1000
056779,元油2X群益9A購02,0,0,0,0,0,0,0,0,0,-1000,0,0,0,0,1000,-1000,-1000
056739,美律凱基98購04  ,0,0,0,0,0,0,0,0,0,-1000,0,0,0,0,1000,-1000,-1000
056342,中工凱基98購01  ,0,0,0,0,0,0,0,0,0,-1000,0,0,0,0,1000,-1000,-1000
056349,道瓊銀元大9B購01,0,0,0,0,0,0,0,0,0,-1000,0,0,0,0,1000,-1000,-1000
056363,華新科元大99購04,0,0,0,0,0,0,0,0,0,-1000,0,0,0,1000,2000,-1000,-1000
049800,瑞昱元大94購05  ,0,0,0,0,0,0,0,0,0,-1000,0,0,0,99000,100000,-1000,-1000
049427,瑞昱兆豐94購01  ,0,0,0,0,0,0,0,0,0,-1000,0,0,0,0,1000,-1000,-1000
048771,嘉澤凱基94購01  ,0,0,0,0,0,0,0,0,0,-1000,0,0,0,0,1000,-1000,-1000
048855,華新科群益94購02,0,0,0,0,0,0,0,0,0,-1000,0,0,0,20000,21000,-1000,-1000
049113,大立光統一94購06,0,0,0,0,0,0,0,0,0,-1000,0,0,0,0,1000,-1000,-1000
047895,台積電群益94購04,0,0,0,0,0,0,0,0,0,-1000,0,0,0,1000,2000,-1000,-1000
047782,燿華國泰95購01  ,0,0,0,0,0,0,0,0,0,-1000,0,0,0,1000,2000,-1000,-1000
04778P,可成凱基94售10  ,0,0,0,0,0,0,0,0,0,-1000,0,0,0,0,1000,-1000,-1000
047659,大立光麥證93購01,0,0,0,0,1000,-1000,0,0,0,-1000,0,0,0,0,1000,-1000,-1000
049597,泰鼎元大96購01  ,0,0,0,0,0,0,0,0,0,-1000,0,0,0,8000,9000,-1000,-1000
048168,致茂永豐93購02  ,0,0,0,0,0,0,0,0,0,-1000,0,0,0,0,1000,-1000,-1000
050205,牧德群益94購02  ,0,0,0,0,0,0,0,0,0,-1000,0,0,0,0,1000,-1000,-1000
049691,可成元大94購06  ,0,0,0,0,0,0,0,0,0,-1000,0,0,0,10000,11000,-1000,-1000
051497,中磊亞東96購01  ,0,0,0,0,0,0,0,0,0,-1000,0,0,0,0,1000,-1000,-1000
046483,華通國泰93購01  ,0,0,0,0,0,0,0,0,0,-1000,0,0,0,0,1000,-1000,-1000
049250,華通元大95購04  ,0,0,0,0,0,0,0,0,0,-1000,0,0,0,7000,8000,-1000,-1000
04547P,高鐵元大94售01  ,0,0,0,0,0,0,0,0,0,-1000,0,0,0,0,1000,-1000,-1000
045963,新光金凱基93購01,0,0,0,0,0,0,0,0,0,-1000,0,0,0,0,1000,-1000,-1000
045754,大立光國泰94購03,0,0,0,0,0,0,0,0,0,-1000,0,0,0,0,1000,-1000,-1000
045630,技嘉凱基93購02  ,0,0,0,0,0,0,0,0,0,-1000,0,0,0,11000,12000,-1000,-1000
046061,中石化凱基98購01,0,0,0,0,0,0,0,0,0,-1000,0,0,0,0,1000,-1000,-1000
047073,大立光兆豐94購01,0,0,0,0,0,0,0,0,0,-1000,0,0,0,0,1000,-1000,-1000
044468,台積電群益93購01,0,0,0,0,0,0,0,0,0,-1000,0,0,0,0,1000,-1000,-1000
047162,華通台新93購02  ,0,0,0,0,0,0,0,0,0,-1000,0,0,0,0,1000,-1000,-1000
046804,群創元大94購01  ,0,0,0,0,0,0,0,0,0,-1000,0,0,0,0,1000,-1000,-1000
043889,台表科元大93購01,0,0,0,0,0,0,0,0,0,-1000,0,0,0,0,1000,-1000,-1000
035275,台積電台新97購01,0,0,0,0,0,0,0,0,0,-1000,0,0,0,16000,17000,-1000,-1000
044088,國巨元富95購01  ,0,0,0,0,0,0,0,0,0,-1000,0,0,0,0,1000,-1000,-1000
0057,富邦摩台        ,0,0,0,0,0,0,0,0,0,-1000,0,0,0,20000,21000,-1000,-1000
00709,富邦歐洲        ,0,0,0,0,0,0,0,0,0,-1000,0,0,0,100000,101000,-1000,-1000
042692,台灣50凱基96購09,0,0,0,0,0,0,0,0,0,-1000,0,0,0,0,1000,-1000,-1000
052441,亞泥元大95購01  ,0,0,0,0,0,0,0,0,0,-1000,0,0,0,100000,101000,-1000,-1000
051773,元大金中信95購02,0,0,0,0,0,0,0,0,0,-1000,0,0,0,0,1000,-1000,-1000
052178,台郡元大96購03  ,0,0,0,0,0,0,0,0,0,-1000,0,0,0,0,1000,-1000,-1000
050046,矽力兆豐94購01  ,0,0,0,0,0,0,0,0,0,-1000,0,0,0,0,1000,-1000,-1000
051261,鴻海永昌96購05  ,0,0,0,0,0,0,0,0,0,-1000,0,0,0,0,1000,-1000,-1000
051934,緯穎國票96購01  ,0,0,0,0,0,0,0,0,0,-1000,0,0,0,8000,9000,-1000,-1000
051905,道瓊銀元大95購01,0,0,0,0,0,0,0,0,0,-1000,0,0,0,0,1000,-1000,-1000
051188,鴻海兆豐95購01  ,0,0,0,0,0,0,0,0,0,-1000,0,0,0,0,1000,-1000,-1000
050308,矽創中信97購01  ,0,0,0,0,0,0,0,0,0,-1000,0,0,0,0,1000,-1000,-1000
052045,瑞昱凱基96購01  ,0,0,0,0,0,0,0,0,0,-1000,0,0,0,0,1000,-1000,-1000
052087,鴻海元大96購09  ,0,0,0,0,0,0,0,0,0,-1000,0,0,0,0,1000,-1000,-1000
051673,玉晶光元大96購04,0,0,0,0,0,0,0,0,0,-1000,0,0,0,84000,85000,-1000,-1000
051693,華新科統一95購02,0,0,0,0,0,0,0,0,0,-1000,0,0,0,36000,37000,-1000,-1000
051537,牧德國票96購01  ,0,0,0,0,0,0,0,0,0,-1000,0,0,0,3000,4000,-1000,-1000
051542,南茂國票96購01  ,0,0,0,0,0,0,0,0,0,-1000,0,0,0,20000,21000,-1000,-1000
051590,玉晶光元大96購02,0,0,0,0,0,0,0,0,0,-1000,0,0,0,139000,140000,-1000,-1000
051603,深中小群益99購03,0,0,0,0,0,0,0,0,0,-1000,0,0,0,10000,11000,-1000,-1000
052528,茂林元大95購05  ,0,0,0,0,0,0,0,0,0,-1000,0,0,0,57000,58000,-1000,-1000
051711,臻鼎群益95購03  ,0,0,0,0,0,0,0,0,0,-1000,0,0,0,0,1000,-1000,-1000
051732,華通國票97購01  ,0,0,0,0,0,0,0,0,0,-1000,0,0,0,50000,51000,-1000,-1000
05172P,臺股指元大95售16,0,0,0,0,0,0,0,0,0,-1000,0,0,0,0,1000,-1000,-1000
053320,華新科群益97購01,0,0,0,0,0,0,0,0,0,-1000,0,0,0,0,1000,-1000,-1000
053423,亞光永豐96購01  ,0,0,0,0,0,0,0,0,0,-1000,0,0,0,59000,60000,-1000,-1000
053221,彩晶凱基98購01  ,0,0,0,0,0,0,0,0,0,-1000,0,0,0,84000,85000,-1000,-1000
05280P,華通元大95售08  ,0,0,0,0,0,0,0,0,0,-1000,0,0,0,55000,56000,-1000,-1000
052865,大立光凱基96購11,0,0,0,0,0,0,0,0,0,-1000,0,0,0,0,1000,-1000,-1000
053083,中環元大99購01  ,0,0,0,0,0,0,0,0,0,-1000,0,0,0,0,1000,-1000,-1000
050954,樺漢群益95購01  ,0,0,0,0,0,0,0,0,0,-1000,0,0,0,0,1000,-1000,-1000
050742,新日興永豐94購01,0,0,0,0,0,0,0,0,0,-1000,0,0,0,0,1000,-1000,-1000
050854,世紀鋼國票97購01,0,0,0,0,0,0,0,0,0,-1000,0,0,0,0,1000,-1000,-1000
052744,聯詠元大97購01  ,0,0,0,0,0,0,0,0,0,-1000,0,0,0,0,1000,-1000,-1000
052572,群創凱基99購01  ,0,0,0,0,0,0,0,0,0,-1000,0,0,0,4000,5000,-1000,-1000
053684,台積電元大96購17,0,0,0,0,0,0,0,0,0,-1000,0,0,0,49000,50000,-1000,-1000
053656,可成凱基96購06  ,0,0,0,0,0,0,0,0,0,-1000,0,0,0,95000,96000,-1000,-1000
053696,日月光元大96購05,0,0,0,0,0,0,0,0,0,-1000,0,0,0,0,1000,-1000,-1000
053807,T50反1群益96購02,0,0,0,0,0,0,0,0,0,-1000,0,0,0,0,1000,-1000,-1000
053754,英業達元富96購02,0,0,0,0,0,0,0,0,0,-1000,0,0,0,91000,92000,-1000,-1000
053475,華新科元大96購05,0,0,0,0,0,0,0,0,0,-1000,0,0,0,4000,5000,-1000,-1000
053644,台表科國票97購03,0,0,0,0,0,0,0,0,0,-1000,0,0,0,14000,15000,-1000,-1000
054103,T50反1凱基99購04,0,0,0,0,0,0,0,0,0,-1000,0,0,0,0,1000,-1000,-1000
053912,T50反1國票97購02,0,0,0,0,0,0,0,0,0,-1000,0,0,0,10000,11000,-1000,-1000
053988,友達亞東96購01  ,0,0,0,0,0,0,0,0,0,-1000,0,0,0,0,1000,-1000,-1000
054729,聯發科日盛97購02,0,0,0,0,0,0,0,0,0,-1000,0,0,0,0,1000,-1000,-1000
054682,東元永豐97購01  ,0,0,0,0,0,0,0,0,0,-1000,0,0,0,0,1000,-1000,-1000
054647,禾伸堂群益99購01,0,0,0,0,0,0,0,0,0,-1000,0,0,0,0,1000,-1000,-1000
05443P,宏達電元大95售05,0,0,0,0,0,0,0,0,0,-1000,0,0,0,0,1000,-1000,-1000
054368,鴻海中信9A購02  ,0,0,0,0,0,0,0,0,0,-1000,0,0,0,0,1000,-1000,-1000
054355,上海銀富邦98購01,0,0,0,0,0,0,0,0,0,-1000,0,0,0,2000,3000,-1000,-1000
054391,宏達電元富96購04,0,0,0,0,0,0,0,0,0,-1000,0,0,0,12000,13000,-1000,-1000
054345,世芯國票96購02  ,0,0,0,0,0,0,0,0,0,-1000,0,0,0,115000,116000,-1000,-1000
055869,臺股指元大97購08,0,0,0,0,0,0,0,0,0,-1000,0,0,0,0,1000,-1000,-1000
05585P,臺股指凱基96售14,0,0,0,0,0,0,0,0,0,-1000,0,0,0,1000,2000,-1000,-1000
055827,中石化元大98購01,0,0,0,0,0,0,0,0,0,-1000,0,0,0,0,1000,-1000,-1000
054954,華新科元大97購06,0,0,0,0,0,0,0,0,0,-1000,0,0,0,0,1000,-1000,-1000
055103,南港凱基97購01  ,0,0,0,0,0,0,0,0,0,-1000,0,0,0,0,1000,-1000,-1000
055346,國巨凱基98購02  ,0,0,0,0,0,0,0,0,0,-1000,0,0,0,114000,115000,-1000,-1000
055261,帆宣統一98購01  ,0,0,0,0,0,0,0,0,0,-1000,0,0,0,0,1000,-1000,-1000
055230,大毅國票98購01  ,0,0,0,0,0,0,0,0,0,-1000,0,0,0,7000,8000,-1000,-1000
055233,康友國票98購01  ,0,0,0,0,0,0,0,0,0,-1000,0,0,0,0,1000,-1000,-1000
055228,聯發科國票98購03,0,0,0,0,0,0,0,0,0,-1000,0,0,0,45000,46000,-1000,-1000
055365,華通元大97購03  ,0,0,0,0,0,0,0,0,0,-1000,0,0,0,45000,46000,-1000,-1000
055366,國巨元大98購05  ,0,0,0,0,0,0,0,0,0,-1000,0,0,0,0,1000,-1000,-1000
055415,禾伸堂富邦9B購01,0,0,0,0,0,0,0,0,0,-1000,0,0,0,0,1000,-1000,-1000
055448,健策統一97購02  ,0,0,0,0,0,0,0,0,0,-1000,0,0,0,10000,11000,-1000,-1000
1432,大魯閣          ,0,1000,-1000,0,0,0,0,0,0,0,0,0,0,0,0,0,-1000
1441,大東            ,1000,3000,-2000,0,0,0,0,0,0,1000,1000,0,1000,0,0,0,-1000
1465,偉全            ,0,0,0,0,0,0,0,0,0,-1000,0,1000,-1000,0,0,0,-1000
1456,怡華            ,0,1000,-1000,0,0,0,0,0,0,0,0,0,0,0,0,0,-1000
1529,樂士            ,0,1000,-1000,0,0,0,0,0,0,0,0,0,0,0,0,0,-1000
1727,中華化          ,0,1000,-1000,0,0,0,0,0,0,0,0,0,0,0,0,0,-1000
1776,展宇            ,0,1000,-1000,0,0,0,0,0,0,0,0,0,0,0,0,0,-1000
1615,大山            ,13000,14000,-1000,0,0,0,0,0,0,0,0,0,0,0,0,0,-1000
06886P,旺宏元大99售07  ,0,0,0,0,0,0,0,0,0,-1000,0,0,0,2000,3000,-1000,-1000
08663P,台灣50元大96售01,0,0,0,0,0,0,0,0,0,-1000,0,0,0,0,1000,-1000,-1000
1235,興泰            ,0,1000,-1000,0,0,0,0,0,0,0,0,0,0,0,0,0,-1000
1236,宏亞            ,0,1000,-1000,0,0,0,0,0,0,0,0,0,0,0,0,0,-1000
1110,東泥            ,2000,4000,-2000,0,0,0,0,0,0,1000,1000,0,1000,0,0,0,-1000
2851,中再保          ,23000,24000,-1000,0,0,0,0,0,0,0,0,0,0,0,0,0,-1000
2904,匯僑            ,0,0,0,0,0,0,0,0,0,-1000,0,1000,-1000,0,0,0,-1000
2465,麗臺            ,0,1000,-1000,0,0,0,0,0,0,0,0,0,0,0,0,0,-1000
2493,揚博            ,2000,3000,-1000,0,0,0,0,0,0,0,0,0,0,0,0,0,-1000
2497,怡利電          ,1000,1000,0,0,0,0,0,0,0,-1000,0,1000,-1000,0,0,0,-1000
2539,櫻花建          ,0,1000,-1000,0,0,0,0,0,0,0,0,0,0,0,0,0,-1000
2613,中櫃            ,0,1000,-1000,0,0,0,0,0,0,0,0,0,0,0,0,0,-1000
2032,新鋼            ,0,1000,-1000,0,0,0,0,0,0,0,0,0,0,0,0,0,-1000
2440,太空梭          ,0,0,0,0,0,0,0,0,0,-1000,0,1000,-1000,0,0,0,-1000
2430,燦坤            ,0,1000,-1000,0,0,0,0,0,0,0,0,0,0,0,0,0,-1000
2427,三商電          ,0,1000,-1000,0,0,0,0,0,0,0,0,0,0,0,0,0,-1000
2415,錩新            ,0,0,0,0,0,0,0,0,0,-1000,0,1000,-1000,0,0,0,-1000
06486P,麗豐元大98售02  ,0,0,0,0,0,0,0,0,0,-1000,0,0,0,52000,53000,-1000,-1000
06595P,祥碩元大98售03  ,0,0,0,0,0,0,0,0,0,-1000,0,0,0,2000,3000,-1000,-1000
06644P,亞德客元大98售03,0,0,0,0,0,0,0,0,0,-1000,0,0,0,0,1000,-1000,-1000
06666P,台積電日盛9A售02,0,0,0,0,0,0,0,0,0,-1000,0,0,0,125000,126000,-1000,-1000
06694P,臺股指凱基99售13,0,0,0,0,0,0,0,0,0,-1000,0,0,0,0,1000,-1000,-1000
06690P,玉晶光群益9A售05,0,0,0,0,0,0,0,0,0,-1000,0,0,0,22000,23000,-1000,-1000
06707P,臺股指台新99售04,0,0,0,0,0,0,0,0,0,-1000,0,0,0,0,1000,-1000,-1000
06446P,大立光凱基98售10,0,0,0,0,0,0,0,0,0,-1000,0,0,0,0,1000,-1000,-1000
06090P,旺宏統一97售06  ,0,0,0,0,0,0,0,0,0,-1000,0,0,0,0,1000,-1000,-1000
06101P,聯發科日盛97售03,0,0,0,0,0,0,0,0,0,-1000,0,0,0,1000,2000,-1000,-1000
06163P,聯詠群益97售01  ,0,0,0,0,0,0,0,0,0,-1000,0,0,0,10000,11000,-1000,-1000
3550,聯穎            ,0,0,0,0,0,0,0,0,0,-1000,1000,2000,-1000,0,0,0,-1000
4306,炎洲            ,40000,41000,-1000,0,0,0,0,0,0,0,0,0,0,0,0,0,-1000
4555,氣立            ,0,1000,-1000,0,0,0,0,0,0,0,0,0,0,0,0,0,-1000
4557,永新-KY         ,0,1000,-1000,0,0,0,0,0,0,0,0,0,0,0,0,0,-1000
4562,穎漢            ,0,1000,-1000,0,0,0,0,0,0,0,0,0,0,0,0,0,-1000
5264,鎧勝-KY         ,83000,80000,3000,0,0,0,0,0,0,-4000,0,1000,-1000,0,3000,-3000,-1000
6243,迅杰            ,0,1000,-1000,0,0,0,0,0,0,0,0,0,0,0,0,0,-1000
6215,和椿            ,0,0,0,0,0,0,0,0,0,-1000,0,1000,-1000,0,0,0,-1000
6164,華興            ,0,1000,-1000,0,0,0,0,0,0,0,0,0,0,0,0,0,-1000
6573,虹揚-KY         ,2000,3000,-1000,0,0,0,0,0,0,0,0,0,0,0,0,0,-1000
6431,光麗-KY         ,0,1000,-1000,0,0,0,0,0,0,0,0,0,0,0,0,0,-1000
9912,偉聯            ,0,1000,-1000,0,0,0,0,0,0,0,0,0,0,0,0,0,-1000
912000,晨訊科-DR       ,0,1000,-1000,0,0,0,0,0,0,0,0,0,0,0,0,0,-1000
8411,福貞-KY         ,1000,2000,-1000,0,0,0,0,0,0,0,0,0,0,0,0,0,-1000
05636P,國巨永豐96售03  ,0,0,0,0,0,0,0,0,0,-2000,0,0,0,0,2000,-2000,-2000
056400,道瓊反群益9C購01,0,0,0,0,0,0,0,0,0,-2000,0,0,0,30000,32000,-2000,-2000
056382,道瓊反國泰9A購01,0,0,0,0,0,0,0,0,0,-2000,0,0,0,0,2000,-2000,-2000
056634,為升兆豐99購01  ,0,0,0,0,0,0,0,0,0,-2000,0,0,0,0,2000,-2000,-2000
056750,元油2X兆豐9A購01,0,0,0,0,0,0,0,0,0,-2000,0,0,0,0,2000,-2000,-2000
057015,元油2X凱基9B購04,0,0,0,0,0,0,0,0,0,-2000,0,0,0,0,2000,-2000,-2000
056959,鴻海永豐98購03  ,0,0,0,0,0,0,0,0,0,-2000,0,0,0,18000,20000,-2000,-2000
057122,元油2X凱基9B購05,0,0,0,0,0,0,0,0,0,-2000,0,0,0,0,2000,-2000,-2000
057795,鴻海兆豐99購02  ,0,0,0,0,0,0,0,0,0,-2000,0,0,0,6000,8000,-2000,-2000
05779P,台積電統一96售06,0,0,0,0,0,0,0,0,0,-2000,0,0,0,0,2000,-2000,-2000
057739,新日興富邦9B購01,0,0,0,0,0,0,0,0,0,-2000,0,0,0,298000,300000,-2000,-2000
057484,南亞科元大98購06,0,0,0,0,0,0,0,0,0,-2000,0,0,0,0,2000,-2000,-2000
058410,國巨兆豐99購03  ,0,0,0,0,0,0,0,0,0,-2000,0,0,0,0,2000,-2000,-2000
058392,元油2X元大99購12,0,0,0,0,0,0,0,0,0,-2000,0,0,0,0,2000,-2000,-2000
058327,大毅統一9B購01  ,0,0,0,0,0,0,0,0,0,-2000,0,0,0,0,2000,-2000,-2000
05882P,華新科永豐96售01,0,0,0,0,0,0,0,0,0,-2000,0,0,0,0,2000,-2000,-2000
05904P,大立光統一96售07,0,0,0,0,0,0,0,0,0,-2000,0,0,0,0,2000,-2000,-2000
05907P,聯發科元富96售05,0,0,0,0,0,0,0,0,0,-2000,0,0,0,0,2000,-2000,-2000
05926P,智易永豐96售02  ,0,0,0,0,0,0,0,0,0,-2000,0,0,0,0,2000,-2000,-2000
05969P,台積電台新96售04,0,0,0,0,0,0,0,0,0,-2000,0,0,0,0,2000,-2000,-2000
05985P,燿華統一96售03  ,0,0,0,0,0,0,0,0,0,-2000,0,0,0,0,2000,-2000,-2000
06079P,燿華群益98售02  ,0,0,0,0,0,0,0,0,0,-2000,0,0,0,32000,34000,-2000,-2000
05993P,國巨元大96售13  ,0,0,0,0,0,0,0,0,0,-2000,0,0,0,0,2000,-2000,-2000
058133,華新科元大9A購02,0,0,0,0,0,0,0,0,0,-2000,0,0,0,0,2000,-2000,-2000
058101,台積電富邦9C購01,0,0,0,0,0,0,0,0,0,-2000,0,0,0,0,2000,-2000,-2000
05808P,臺股指國票96售01,0,0,0,0,0,0,0,0,0,-2000,0,0,0,2000,4000,-2000,-2000
03022X,富展01          ,0,0,0,0,0,0,0,0,0,-2000,0,0,0,0,2000,-2000,-2000
03414B,臺股指凱基99熊01,0,0,0,0,0,0,0,0,0,-2000,0,0,0,825000,827000,-2000,-2000
04378P,大立光元大94售05,0,0,0,0,0,0,0,0,0,-2000,0,0,0,0,2000,-2000,-2000
03885P,華新科統一96售01,0,0,0,0,0,0,0,0,0,-2000,0,0,0,0,2000,-2000,-2000
03655C,元油2X凱基02牛01,0,0,0,0,0,0,0,0,0,-2000,0,0,0,0,2000,-2000,-2000
047224,台光電凱基94購01,0,0,0,0,0,0,0,0,0,-2000,0,0,0,0,2000,-2000,-2000
044615,聯茂兆豐93購01  ,0,0,0,0,0,0,0,0,0,-2000,0,0,0,0,2000,-2000,-2000
046949,群創元大99購01  ,0,0,0,0,0,0,0,0,0,-2000,0,0,0,42000,44000,-2000,-2000
046047,臺股指元大93購17,0,0,0,0,0,0,0,0,0,-2000,0,0,0,0,2000,-2000,-2000
045907,鴻海中信94購02  ,0,0,0,0,0,0,0,0,0,-2000,0,0,0,108000,110000,-2000,-2000
04727P,臺股指凱基96售03,0,0,0,0,0,0,0,0,0,-2000,0,0,0,0,2000,-2000,-2000
047292,台光電元富96購01,0,0,0,0,0,0,0,0,0,-2000,0,0,0,0,2000,-2000,-2000
049139,台積電元大94購06,0,0,0,0,0,0,0,0,0,-2000,0,0,0,14000,16000,-2000,-2000
04868P,可成統一94售03  ,0,0,0,0,0,0,0,0,0,-2000,0,0,0,45000,47000,-2000,-2000
046740,大立光群益95購01,0,0,0,0,0,0,0,0,0,-2000,0,0,0,12000,14000,-2000,-2000
051532,潤泰全國票96購01,0,0,0,0,0,0,0,0,0,-2000,0,0,0,40000,42000,-2000,-2000
051512,超眾麥證95購01  ,0,0,0,18000,20000,-2000,0,0,0,-2000,0,0,0,18000,20000,-2000,-2000
051401,華新科永豐95購01,0,0,0,0,0,0,0,0,0,-2000,0,0,0,58000,60000,-2000,-2000
049697,群創元大98購01  ,0,0,0,0,0,0,0,0,0,-2000,0,0,0,7000,9000,-2000,-2000
049654,臺股指凱基94購15,0,0,0,0,0,0,0,0,0,-2000,0,0,0,0,2000,-2000,-2000
050220,台積電元富96購01,0,0,0,0,0,0,0,0,0,-2000,0,0,0,3000,5000,-2000,-2000
048081,元油反凱基96購01,0,0,0,0,0,0,0,0,0,-2000,0,0,0,0,2000,-2000,-2000
048085,鴻海凱基93購32  ,0,0,0,0,0,0,0,0,0,-2000,0,0,0,200000,202000,-2000,-2000
04906P,欣興國票95售01  ,0,0,0,0,0,0,0,0,0,-2000,0,0,0,0,2000,-2000,-2000
048990,台表科元大94購01,0,0,0,0,0,0,0,0,0,-2000,0,0,0,0,2000,-2000,-2000
048878,康控國票95購02  ,0,0,0,0,0,0,0,0,0,-2000,0,0,0,20000,22000,-2000,-2000
048919,堤維西永豐94購01,0,0,0,0,0,0,0,0,0,-2000,0,0,0,0,2000,-2000,-2000
049544,台積電群益94購08,0,0,0,0,0,0,0,0,0,-2000,0,0,0,0,2000,-2000,-2000
049855,台表科群益94購01,0,0,0,0,0,0,0,0,0,-2000,0,0,0,18000,20000,-2000,-2000
048422,瑞昱元富96購02  ,0,0,0,0,0,0,0,0,0,-2000,0,0,0,0,2000,-2000,-2000
050642,和大凱基94購03  ,0,0,0,0,0,0,0,0,0,-2000,0,0,0,0,2000,-2000,-2000
052748,群創元大9A購02  ,0,0,0,0,0,0,0,0,0,-2000,0,0,0,0,2000,-2000,-2000
052600,力山元大97購01  ,0,0,0,0,0,0,0,0,0,-2000,0,0,0,0,2000,-2000,-2000
050974,大成鋼統一95購01,0,0,0,0,0,0,0,0,0,-2000,0,0,0,5000,7000,-2000,-2000
050946,瑞昱群益95購01  ,0,0,0,0,0,0,0,0,0,-2000,0,0,0,64000,66000,-2000,-2000
050917,瀚宇博兆豐96購01,0,0,0,0,0,0,0,0,0,-2000,0,0,0,0,2000,-2000,-2000
050900,台郡元大95購02  ,0,0,0,0,0,0,0,0,0,-2000,0,0,0,0,2000,-2000,-2000
052977,奇力新麥證97購01,0,0,0,45000,47000,-2000,0,0,0,-2000,0,0,0,45000,47000,-2000,-2000
052914,奇力新元富96購01,0,0,0,0,0,0,0,0,0,-2000,0,0,0,65000,67000,-2000,-2000
053337,聯電國票97購01  ,0,0,0,0,0,0,0,0,0,-2000,0,0,0,30000,32000,-2000,-2000
053360,上証2X元富96購01,0,0,0,0,0,0,0,0,0,-2000,0,0,0,0,2000,-2000,-2000
051844,宏達電富邦96購01,0,0,0,0,0,0,0,0,0,-2000,0,0,0,3000,5000,-2000,-2000
051637,嘉聯益國票96購01,0,0,0,0,0,0,0,0,0,-2000,0,0,0,44000,46000,-2000,-2000
052516,臺股指凱基95購20,0,0,0,0,0,0,0,0,0,-2000,0,0,0,178000,180000,-2000,-2000
052110,可成元富95購02  ,0,0,0,0,0,0,0,0,0,-2000,0,0,0,0,2000,-2000,-2000
052086,鴻海元大96購08  ,0,0,0,0,0,0,0,0,0,-2000,0,0,0,0,2000,-2000,-2000
050007,貿聯永豐94購01  ,0,0,0,0,0,0,0,0,0,-2000,0,0,0,0,2000,-2000,-2000
049967,華新科國票94購07,0,0,0,0,0,0,0,0,0,-2000,0,0,0,130000,132000,-2000,-2000
052352,力成元富95購01  ,0,0,0,0,0,0,0,0,0,-2000,0,0,0,28000,30000,-2000,-2000
055352,奇力新凱基97購01,0,0,0,0,0,0,0,0,0,-2000,0,0,0,0,2000,-2000,-2000
05502P,台表科國票97售01,0,0,0,0,0,0,0,0,0,-2000,0,0,0,0,2000,-2000,-2000
055833,華通元大98購05  ,0,0,0,0,0,0,0,0,0,-2000,0,0,0,110000,112000,-2000,-2000
055919,景碩凱基98購02  ,0,0,0,0,0,0,0,0,0,-2000,0,0,0,10000,12000,-2000,-2000
056075,瀚宇博元大97購03,0,0,0,0,0,0,0,0,0,-2000,0,0,0,196000,198000,-2000,-2000
054470,緯穎國票97購04  ,0,0,0,0,0,0,0,0,0,-2000,0,0,0,6000,8000,-2000,-2000
054516,國巨元大97購02  ,0,0,0,0,0,0,0,0,0,-2000,0,0,0,16000,18000,-2000,-2000
054760,台化國票9A購01  ,0,0,0,0,0,0,0,0,0,-2000,0,0,0,0,2000,-2000,-2000
05478P,智伸科國票96售02,0,0,0,0,0,0,0,0,0,-2000,0,0,0,2000,4000,-2000,-2000
054782,國巨群益97購01  ,0,0,0,0,0,0,0,0,0,-2000,0,0,0,114000,116000,-2000,-2000
053989,奇力新兆豐97購01,0,0,0,0,0,0,0,0,0,-2000,0,0,0,0,2000,-2000,-2000
053933,大立光統一96購06,0,0,0,0,0,0,0,0,0,-2000,0,0,0,0,2000,-2000,-2000
053853,康控國泰97購02  ,0,0,0,0,0,0,0,0,0,-2000,0,0,0,10000,12000,-2000,-2000
05381P,聯詠群益95售02  ,0,0,0,0,0,0,0,0,0,-2000,0,0,0,6000,8000,-2000,-2000
8473,山林水          ,0,2000,-2000,0,0,0,0,0,0,0,0,0,0,0,0,0,-2000
9930,中聯資源        ,4000,5000,-1000,0,0,0,0,0,0,-1000,0,1000,-1000,0,0,0,-2000
6625,必應            ,0,2000,-2000,0,0,0,0,0,0,0,0,0,0,0,0,0,-2000
6192,巨路            ,16000,19000,-3000,0,0,0,0,0,0,1000,1000,0,1000,0,0,0,-2000
6201,亞弘電          ,0,0,0,0,0,0,0,0,0,-2000,0,2000,-2000,0,0,0,-2000
5608,四維航          ,7000,9000,-2000,0,0,0,0,0,0,0,0,0,0,0,0,0,-2000
6117,迎廣            ,4000,6000,-2000,0,0,0,0,0,0,0,0,0,0,0,0,0,-2000
4927,泰鼎-KY         ,689000,705000,-16000,0,0,0,30000,0,30000,-16000,191000,217000,-26000,51000,41000,10000,-2000
3032,偉訓            ,0,5000,-5000,0,0,0,0,0,0,3000,3000,0,3000,0,0,0,-2000
06158P,玉晶光元富97售08,0,0,0,0,0,0,0,0,0,-2000,0,0,0,78000,80000,-2000,-2000
06160P,台達電群益97售01,0,0,0,0,0,0,0,0,0,-2000,0,0,0,4000,6000,-2000,-2000
06085P,義隆台新97售01  ,0,0,0,0,0,0,0,0,0,-2000,0,0,0,0,2000,-2000,-2000
06381P,臺股指統一98售03,0,0,0,0,0,0,0,0,0,-2000,0,0,0,0,2000,-2000,-2000
06350P,臺股指台新99售02,0,0,0,0,0,0,0,0,0,-2000,0,0,0,0,2000,-2000,-2000
06672P,聯發科群益98售05,0,0,0,0,0,0,0,0,0,-2000,0,0,0,0,2000,-2000,-2000
06580P,元油2X凱基9A售06,0,0,0,0,0,0,0,0,0,-2000,0,0,0,0,2000,-2000,-2000
2429,銘旺科          ,0,2000,-2000,0,0,0,0,0,0,0,0,0,0,0,0,0,-2000
2431,聯昌            ,7000,9000,-2000,0,0,0,0,0,0,0,0,0,0,0,0,0,-2000
2109,華豐            ,0,2000,-2000,0,0,0,0,0,0,0,3000,3000,0,0,0,0,-2000
2612,中航            ,23000,23000,0,0,0,0,0,0,0,-2000,0,2000,-2000,0,0,0,-2000
2545,皇翔            ,26000,28000,-2000,0,0,0,0,0,0,0,0,0,0,0,0,0,-2000
2701,萬企            ,0,1000,-1000,0,0,0,0,0,0,-1000,0,1000,-1000,0,0,0,-2000
1219,福壽            ,24000,23000,1000,0,0,0,0,0,0,-3000,0,3000,-3000,0,0,0,-2000
1307,三芳            ,3000,5000,-2000,0,0,0,0,0,0,0,0,0,0,0,0,0,-2000
06966P,健策台新9A售02  ,0,0,0,0,0,0,0,0,0,-2000,0,0,0,0,2000,-2000,-2000
1616,億泰            ,0,2000,-2000,0,0,0,0,0,0,0,0,0,0,0,0,0,-2000
1903,士紙            ,0,2000,-2000,0,0,0,0,0,0,0,0,0,0,0,0,0,-2000
1762,中化生          ,192000,192000,0,0,0,0,0,0,0,-2000,0,2000,-2000,0,0,0,-2000
1319,東陽            ,181512,183000,-1488,0,0,0,0,0,0,-1000,0,1000,-1000,0,0,0,-2488
05884P,旺宏統一96售01  ,0,0,0,0,0,0,0,0,0,-3000,0,0,0,20000,23000,-3000,-3000
058432,台積電統一9B購03,0,0,0,0,0,0,0,0,0,-3000,0,0,0,0,3000,-3000,-3000
057633,緯穎永豐98購02  ,0,0,0,0,0,0,0,0,0,-3000,0,0,0,3000,6000,-3000,-3000
05756P,臺股指中信99售05,0,0,0,0,0,0,0,0,0,-3000,0,0,0,2000,5000,-3000,-3000
05771P,大立光凱基96售13,0,0,0,0,0,0,0,0,0,-3000,0,0,0,0,3000,-3000,-3000
057709,電子類群益98購01,0,0,0,0,0,0,0,0,0,-3000,0,0,0,0,3000,-3000,-3000
057102,亞光中信9A購01  ,0,0,0,0,0,0,0,0,0,-3000,0,0,0,0,3000,-3000,-3000
057260,微星兆豐98購01  ,0,0,0,0,0,0,0,0,0,-3000,0,0,0,64000,67000,-3000,-3000
057362,元油2X元大98購12,0,0,0,0,0,0,0,0,0,-3000,0,0,0,0,3000,-3000,-3000
05682P,大立光元大98售03,0,0,0,0,0,0,0,0,0,-3000,0,0,0,263000,266000,-3000,-3000
05639P,欣興統一97售01  ,0,0,0,0,0,0,0,0,0,-3000,0,0,0,0,3000,-3000,-3000
056446,聯發科凱基98購08,0,0,0,0,0,0,0,0,0,-3000,0,0,0,228000,231000,-3000,-3000
056170,鴻海元富97購09  ,0,0,0,0,0,0,0,0,0,-3000,0,0,0,42000,45000,-3000,-3000
056154,宏達電凱基97購03,0,0,0,0,0,0,0,0,0,-3000,0,0,0,39000,42000,-3000,-3000
056240,嘉晶群益97購02  ,0,0,0,0,0,0,0,0,0,-3000,0,0,0,41000,44000,-3000,-3000
049840,亞光亞東94購01  ,0,0,0,0,0,0,0,0,0,-3000,0,0,0,0,3000,-3000,-3000
049606,可成第一94購01  ,0,0,0,0,0,0,0,0,0,-3000,0,0,0,0,3000,-3000,-3000
04779P,大立光凱基94售10,0,0,0,0,0,0,0,0,0,-3000,0,0,0,0,3000,-3000,-3000
051135,建準永豐95購01  ,0,0,0,0,0,0,0,0,0,-3000,0,0,0,0,3000,-3000,-3000
051381,玉晶光群益98購01,0,0,0,0,0,0,0,0,0,-3000,0,0,0,78000,81000,-3000,-3000
051503,玉晶光統一97購01,0,0,0,0,0,0,0,0,0,-3000,0,0,0,18000,21000,-3000,-3000
048399,祥碩國票94購01  ,0,0,0,0,0,0,0,0,0,-3000,0,0,0,0,3000,-3000,-3000
047420,全新富邦97購01  ,0,0,0,0,0,0,0,0,0,-3000,0,0,0,0,3000,-3000,-3000
04539P,力山永豐94售02  ,0,0,0,0,0,0,0,0,0,-3000,0,0,0,0,3000,-3000,-3000
045664,元油2X元富96購01,0,0,0,0,0,0,0,0,0,-3000,0,0,0,0,3000,-3000,-3000
047058,聯茂國票94購01  ,0,0,0,0,0,0,0,0,0,-3000,0,0,0,6000,9000,-3000,-3000
03964P,國巨永豐93售03  ,0,0,0,0,0,0,0,0,0,-3000,0,0,0,0,3000,-3000,-3000
04047P,華邦電元大94售03,0,0,0,0,0,0,0,0,0,-3000,0,0,0,3000,6000,-3000,-3000
04290P,滬深2X富邦96售03,0,0,0,0,0,0,0,0,0,-3000,0,0,0,0,3000,-3000,-3000
03094X,大立光元大68展08,0,0,0,0,0,0,0,0,0,-3000,0,0,0,0,3000,-3000,-3000
020011,統一微波高息20N ,0,0,0,0,0,0,0,0,0,-3000,0,0,0,2000,5000,-3000,-3000
049955,崇越群益95購01  ,0,0,0,0,0,0,0,0,0,-3000,0,0,0,5000,8000,-3000,-3000
049894,嘉聯益富邦98購01,0,0,0,0,0,0,0,0,0,-3000,0,0,0,17000,20000,-3000,-3000
050014,國巨富邦98購01  ,0,0,0,0,0,0,0,0,0,-3000,0,0,0,0,3000,-3000,-3000
050023,國巨元大94購12  ,0,0,0,0,0,0,0,0,0,-3000,0,0,0,1000,4000,-3000,-3000
051239,國巨元大96購02  ,0,0,0,0,0,0,0,0,0,-3000,0,0,0,7000,10000,-3000,-3000
051247,可成元大95購04  ,0,0,0,0,0,0,0,0,0,-3000,0,0,0,0,3000,-3000,-3000
050459,台表科元大94購03,0,0,0,0,0,0,0,0,0,-3000,0,0,0,25000,28000,-3000,-3000
051996,康友元大95購01  ,0,0,0,0,0,0,0,0,0,-3000,0,0,0,4000,7000,-3000,-3000
05212P,台積電國票96售04,0,0,0,0,0,0,0,0,0,-3000,0,0,0,146000,149000,-3000,-3000
052070,GIS兆豐95購03   ,0,0,0,0,0,0,0,0,0,-3000,0,0,0,10000,13000,-3000,-3000
050330,南電永豐94購01  ,0,0,0,0,0,0,0,0,0,-3000,0,0,0,0,3000,-3000,-3000
051923,聯發科日盛95購02,0,0,0,0,0,0,0,0,0,-3000,0,0,0,0,3000,-3000,-3000
051930,國泰金兆豐97購01,0,0,0,0,0,0,0,0,0,-3000,0,0,0,0,3000,-3000,-3000
051734,台積電國票95購04,0,0,0,0,0,0,0,0,0,-3000,0,0,0,10000,13000,-3000,-3000
053141,景碩永豐96購02  ,0,0,0,0,0,0,0,0,0,-3000,0,0,0,0,3000,-3000,-3000
051021,啟碁凱基95購02  ,0,0,0,0,0,0,0,0,0,-3000,0,0,0,0,3000,-3000,-3000
050825,嘉澤凱基95購01  ,0,0,0,0,0,0,0,0,0,-3000,0,0,0,68000,71000,-3000,-3000
05062P,大立光富邦98售03,0,0,0,0,0,0,0,0,0,-3000,0,0,0,10000,13000,-3000,-3000
053659,智原凱基97購01  ,0,0,0,0,0,0,0,0,0,-3000,0,0,0,0,3000,-3000,-3000
053524,聯電中信97購02  ,0,0,0,0,0,0,0,0,0,-3000,0,0,0,48000,51000,-3000,-3000
054455,楠梓電群益98購02,0,0,0,0,0,0,0,0,0,-3000,0,0,0,4000,7000,-3000,-3000
054434,友達台新96購03  ,0,0,0,0,0,0,0,0,0,-3000,0,0,0,0,3000,-3000,-3000
054401,康普永豐96購01  ,0,0,0,0,0,0,0,0,0,-3000,0,0,0,0,3000,-3000,-3000
056015,華通群益99購01  ,0,0,0,0,0,0,0,0,0,-3000,0,0,0,15000,18000,-3000,-3000
055816,新日興國票98購01,0,0,0,0,0,0,0,0,0,-3000,0,0,0,0,3000,-3000,-3000
055726,台表科元大98購03,0,0,0,0,0,0,0,0,0,-3000,0,0,0,0,3000,-3000,-3000
054940,台積電元大97購16,0,0,0,0,0,0,0,0,0,-3000,0,0,0,50000,53000,-3000,-3000
055288,日電貿元大97購02,0,0,0,0,0,0,0,0,0,-3000,0,0,0,0,3000,-3000,-3000
055245,凱美統一99購01  ,0,0,0,0,0,0,0,0,0,-3000,0,0,0,0,3000,-3000,-3000
2936,客思達-KY       ,0,3000,-3000,0,0,0,0,0,0,0,0,0,0,0,0,0,-3000
2496,卓越            ,0,3000,-3000,0,0,0,0,0,0,0,0,0,0,0,0,0,-3000
2020,美亞            ,0,3000,-3000,0,0,0,0,0,0,0,0,0,0,0,0,0,-3000
06648P,華邦電元大98售03,0,0,0,0,0,0,0,0,0,-3000,0,0,0,0,3000,-3000,-3000
06623P,立積元大98售04  ,0,0,0,0,0,0,0,0,0,-3000,0,0,0,63000,66000,-3000,-3000
06503P,臺股指中信9A售02,0,0,0,0,0,0,0,0,0,-3000,0,0,0,97000,100000,-3000,-3000
06745P,台積電群益98售05,0,0,0,0,0,0,0,0,0,-3000,0,0,0,44000,47000,-3000,-3000
06399P,台表科凱基97售05,0,0,0,0,0,0,0,0,0,-3000,0,0,0,0,3000,-3000,-3000
06415P,台積電群益97售07,0,0,0,0,0,0,0,0,0,-3000,0,0,0,21000,24000,-3000,-3000
06176P,台積電元大97售22,0,0,0,0,0,0,0,0,0,-3000,0,0,0,0,3000,-3000,-3000
06223P,漢唐元富97售02  ,0,0,0,0,0,0,0,0,0,-3000,0,0,0,0,3000,-3000,-3000
4722,國精化          ,1000,4000,-3000,0,0,0,0,0,0,0,0,0,0,0,0,0,-3000
6139,亞翔            ,67000,70000,-3000,0,0,0,0,0,0,0,0,0,0,0,0,0,-3000
6674,鋐寶科技        ,1000,1000,0,0,0,0,0,0,0,-3000,0,3000,-3000,0,0,0,-3000
056185,全新統一98購01  ,0,0,0,0,0,0,0,0,0,-4000,0,0,0,198000,202000,-4000,-4000
056745,聯茂凱基99購03  ,0,0,0,0,0,0,0,0,0,-4000,0,0,0,4000,8000,-4000,-4000
056726,友達日盛9A購01  ,0,0,0,0,0,0,0,0,0,-4000,0,0,0,6000,10000,-4000,-4000
056841,友達元富98購03  ,0,0,0,0,0,0,0,0,0,-4000,0,0,0,199000,203000,-4000,-4000
056752,國巨兆豐98購02  ,0,0,0,0,0,0,0,0,0,-4000,0,0,0,11000,15000,-4000,-4000
056815,元油2X永豐98購05,0,0,0,0,0,0,0,0,0,-4000,0,0,0,0,4000,-4000,-4000
056939,康控元富98購01  ,0,0,0,0,0,0,0,0,0,-4000,0,0,0,67000,71000,-4000,-4000
057046,奇力新元大99購03,0,0,0,0,0,0,0,0,0,-4000,0,0,0,25000,29000,-4000,-4000
057331,台積電國票99購04,0,0,0,0,0,0,0,0,0,-4000,0,0,0,27000,31000,-4000,-4000
058272,超眾永豐9A購01  ,0,0,0,0,0,0,0,0,0,-4000,0,0,0,0,4000,-4000,-4000
00657,國泰日經225     ,0,0,0,0,0,0,0,0,0,-4000,0,0,0,101000,105000,-4000,-4000
04422P,玉晶光永豐94售03,0,0,0,0,0,0,0,0,0,-4000,0,0,0,156000,160000,-4000,-4000
04411P,智易統一96售01  ,0,0,0,0,0,0,0,0,0,-4000,0,0,0,0,4000,-4000,-4000
03663C,臺股指元大04牛01,0,0,0,0,0,0,0,0,0,-4000,0,0,0,0,4000,-4000,-4000
047301,啟碁國泰94購01  ,0,0,0,0,0,0,0,0,0,-4000,0,0,0,0,4000,-4000,-4000
044764,聯茂凱基93購03  ,0,0,0,0,0,0,0,0,0,-4000,0,0,0,26000,30000,-4000,-4000
051384,康友群益95購01  ,0,0,0,0,0,0,0,0,0,-4000,0,0,0,52000,56000,-4000,-4000
048847,A50群益98購01   ,0,0,0,0,0,0,0,0,0,-4000,0,0,0,11000,15000,-4000,-4000
049006,和鑫中信94購01  ,0,0,0,0,0,0,0,0,0,-4000,0,0,0,0,4000,-4000,-4000
048989,矽格元大94購02  ,0,0,0,0,0,0,0,0,0,-4000,0,0,0,19000,23000,-4000,-4000
049300,南電群益94購01  ,0,0,0,0,0,0,0,0,0,-4000,0,0,0,11000,15000,-4000,-4000
052622,貿聯兆豐97購01  ,0,0,0,0,0,0,0,0,0,-4000,0,0,0,0,4000,-4000,-4000
050841,國巨國票96購02  ,0,0,0,0,0,0,0,0,0,-4000,0,0,0,50000,54000,-4000,-4000
05073P,臺股指中信95售09,0,0,0,0,0,0,0,0,0,-4000,0,0,0,0,4000,-4000,-4000
050748,道瓊銀統一94購04,0,0,0,0,0,0,0,0,0,-4000,0,0,0,0,4000,-4000,-4000
050902,南電元大96購01  ,0,0,0,0,0,0,0,0,0,-4000,0,0,0,24000,28000,-4000,-4000
053148,華邦電元大96購01,0,0,0,0,0,0,0,0,0,-4000,0,0,0,176000,180000,-4000,-4000
052802,華新科元大97購02,0,0,0,0,0,0,0,0,0,-4000,0,0,0,0,4000,-4000,-4000
053121,上証2X凱基9C購01,0,0,0,0,0,0,0,0,0,-4000,0,0,0,1000,5000,-4000,-4000
051616,鴻海凱基96購08  ,0,0,0,0,0,0,0,0,0,-4000,0,0,0,16000,20000,-4000,-4000
052133,華邦電凱基9B購01,0,0,0,0,0,0,0,0,0,-4000,0,0,0,37000,41000,-4000,-4000
051970,元黃金凱基98購01,0,0,0,0,0,0,0,0,0,-4000,0,0,0,0,4000,-4000,-4000
051258,鈺齊國泰97購01  ,0,0,0,0,0,0,0,0,0,-4000,0,0,0,44000,48000,-4000,-4000
05228P,大立光元富95售09,0,0,0,0,0,0,0,0,0,-4000,0,0,0,0,4000,-4000,-4000
05230P,京元電群益95售01,0,0,0,0,0,0,0,0,0,-4000,0,0,0,4000,8000,-4000,-4000
052399,台光電凱基95購03,0,0,0,0,0,0,0,0,0,-4000,0,0,0,4000,8000,-4000,-4000
055340,華新科日盛97購01,0,0,0,0,0,0,0,0,0,-4000,0,0,0,6000,10000,-4000,-4000
054991,南亞科元富97購01,0,0,0,0,0,0,0,0,0,-4000,0,0,0,42000,46000,-4000,-4000
055014,達興元富97購01  ,0,0,0,0,0,0,0,0,0,-4000,0,0,0,0,4000,-4000,-4000
055046,上銀永豐97購01  ,0,0,0,0,0,0,0,0,0,-4000,0,0,0,0,4000,-4000,-4000
055065,神達永豐97購01  ,0,0,0,0,0,0,0,0,0,-4000,0,0,0,31000,35000,-4000,-4000
055829,上銀元大97購06  ,0,0,0,0,0,0,0,0,0,-4000,0,0,0,15000,19000,-4000,-4000
054514,道瓊銀元大98購01,0,0,0,0,0,0,0,0,0,-4000,0,0,0,0,4000,-4000,-4000
05481P,鴻海凱基95售21  ,0,0,0,0,0,0,0,0,0,-4000,0,0,0,0,4000,-4000,-4000
05359P,嘉澤元大95售02  ,0,0,0,0,0,0,0,0,0,-4000,0,0,0,23000,27000,-4000,-4000
8103,瀚荃            ,0,4000,-4000,0,0,0,0,0,0,0,0,0,0,0,0,0,-4000
9925,新保            ,12000,16000,-4000,0,0,0,0,0,0,0,0,0,0,0,0,0,-4000
5534,長虹            ,186000,190000,-4000,0,0,0,0,0,0,0,0,0,0,0,0,0,-4000
4930,燦星網          ,0,4000,-4000,0,0,0,0,0,0,0,0,0,0,0,0,0,-4000
3057,喬鼎            ,1000,5000,-4000,0,0,0,0,0,0,0,0,0,0,0,0,0,-4000
06206P,台積電凱基97售11,0,0,0,0,0,0,0,0,0,-4000,0,0,0,133000,137000,-4000,-4000
06173P,華通元大97售02  ,0,0,0,0,0,0,0,0,0,-4000,0,0,0,0,4000,-4000,-4000
06377P,華通統一97售04  ,0,0,0,0,0,0,0,0,0,-4000,0,0,0,0,4000,-4000,-4000
06812P,台灣50元富9C售01,0,0,0,0,0,0,0,0,0,-4000,0,0,0,56000,60000,-4000,-4000
06838P,台積電統一99售05,0,0,0,0,0,0,0,0,0,-4000,0,0,0,16000,20000,-4000,-4000
2024,志聯            ,0,4000,-4000,0,0,0,0,0,0,0,0,0,0,0,0,0,-4000
2433,互盛電          ,0,4000,-4000,0,0,0,0,0,0,0,0,0,0,0,0,0,-4000
2838A,聯邦銀甲特      ,0,0,0,0,0,0,0,0,0,-4000,6000,10000,-4000,0,0,0,-4000
2852,第一保          ,0,4000,-4000,0,0,0,0,0,0,0,0,0,0,0,0,0,-4000
1783,和康生          ,0,4000,-4000,0,0,0,0,0,0,0,0,0,0,0,0,0,-4000
1256,鮮活果汁-KY     ,7000,11000,-4000,0,0,0,0,0,0,0,0,0,0,0,0,0,-4000
06908P,健策國泰99售02  ,0,0,0,0,0,0,0,0,0,-4000,0,0,0,64000,68000,-4000,-4000
058238,奇鋐元大99購02  ,0,0,0,0,0,0,0,0,0,-5000,0,0,0,124000,129000,-5000,-5000
05817P,可成凱基96售07  ,0,0,0,0,0,0,0,0,0,-5000,0,0,0,8000,13000,-5000,-5000
058150,中502X統一9B購01,0,0,0,0,0,0,0,0,0,-5000,0,0,0,0,5000,-5000,-5000
058156,超眾統一9A購02  ,0,0,0,0,0,0,0,0,0,-5000,0,0,0,70000,75000,-5000,-5000
058053,上銀統一9B購01  ,0,0,0,0,0,0,0,0,0,-5000,0,0,0,10000,15000,-5000,-5000
05855P,滬深2X中信9C售01,0,0,0,0,0,0,0,0,0,-5000,0,0,0,0,5000,-5000,-5000
06083P,華通統一98售02  ,0,0,0,0,0,0,0,0,0,-5000,0,0,0,0,5000,-5000,-5000
05974P,國巨富邦97售03  ,0,0,0,0,0,0,0,0,0,-5000,0,0,0,8000,13000,-5000,-5000
057686,中50凱基99購01  ,0,0,0,0,0,0,0,0,0,-5000,0,0,0,0,5000,-5000,-5000
057676,臺股指元大98購06,0,0,0,0,0,0,0,0,0,-5000,0,0,0,5000,10000,-5000,-5000
057662,上銀元大9A購01  ,0,0,0,0,0,0,0,0,0,-5000,0,0,0,41000,46000,-5000,-5000
057470,易華電永豐98購02,0,0,0,0,0,0,0,0,0,-5000,0,0,0,20000,25000,-5000,-5000
057426,元油2X兆豐9B購01,0,0,0,0,0,0,0,0,0,-5000,0,0,0,0,5000,-5000,-5000
057390,台表科永豐98購01,0,0,0,0,0,0,0,0,0,-5000,0,0,0,0,5000,-5000,-5000
057117,開發金日盛9B購01,0,0,0,0,0,0,0,0,0,-5000,0,0,0,163000,168000,-5000,-5000
057188,佐登元大98購01  ,0,0,0,0,0,0,0,0,0,-5000,0,0,0,0,5000,-5000,-5000
057047,華新科元大99購07,0,0,0,0,0,0,0,0,0,-5000,0,0,0,15000,20000,-5000,-5000
057026,長榮航凱基98購01,0,0,0,0,0,0,0,0,0,-5000,0,0,0,222000,227000,-5000,-5000
056917,國巨兆豐98購03  ,0,0,0,0,0,0,0,0,0,-5000,0,0,0,0,5000,-5000,-5000
056966,嘉晶永豐98購01  ,0,0,0,0,0,0,0,0,0,-5000,0,0,0,2000,7000,-5000,-5000
056483,TPK元大98購01   ,0,0,0,0,0,0,0,0,0,-5000,0,0,0,0,5000,-5000,-5000
05623P,台積電中信96售03,0,0,0,0,0,0,0,0,0,-5000,0,0,0,0,5000,-5000,-5000
05643P,大立光中信98售01,0,0,0,0,0,0,0,0,0,-5000,0,0,0,0,5000,-5000,-5000
056389,鴻海富邦99購01  ,0,0,0,0,0,0,0,0,0,-5000,0,0,0,0,5000,-5000,-5000
05634P,玉晶光台新97售01,0,0,0,0,0,0,0,0,0,-5000,0,0,0,0,5000,-5000,-5000
05635P,健策台新96售02  ,0,0,0,0,0,0,0,0,0,-5000,0,0,0,0,5000,-5000,-5000
049319,GIS凱基94購03   ,0,0,0,0,0,0,0,0,0,-5000,0,0,0,0,5000,-5000,-5000
049357,微星富邦94購01  ,0,0,0,0,0,0,0,0,0,-5000,0,0,0,20000,25000,-5000,-5000
049386,嘉聯益元大95購01,0,0,0,0,0,0,0,0,0,-5000,0,0,0,20000,25000,-5000,-5000
049381,欣興元大94購05  ,0,0,0,0,0,0,0,0,0,-5000,0,0,0,5000,10000,-5000,-5000
048866,滬深2X兆豐95購01,0,0,0,0,0,0,0,0,0,-5000,0,0,0,0,5000,-5000,-5000
048895,光罩國泰95購01  ,0,0,0,0,0,0,0,0,0,-5000,0,0,0,31000,36000,-5000,-5000
049806,臺企銀元大94購01,0,0,0,0,0,0,0,0,0,-5000,0,0,0,0,5000,-5000,-5000
049759,元黃金富邦9A購01,0,0,0,0,0,0,0,0,0,-5000,0,0,0,65000,70000,-5000,-5000
04854P,鴻海國泰96售04  ,0,0,0,0,0,0,0,0,0,-5000,0,0,0,410000,415000,-5000,-5000
049552,鴻海國泰96購01  ,0,0,0,0,0,0,0,0,0,-5000,0,0,0,2000,7000,-5000,-5000
051082,上証2X元大98購01,0,0,0,0,0,0,0,0,0,-5000,0,0,0,0,5000,-5000,-5000
051086,鴻海元大96購04  ,0,0,0,0,0,0,0,0,0,-5000,0,0,0,135000,140000,-5000,-5000
050196,嘉聯益元大97購01,0,0,0,0,0,0,0,0,0,-5000,0,0,0,0,5000,-5000,-5000
05019P,喬山中信95售01  ,0,0,0,0,0,0,0,0,0,-5000,0,0,0,40000,45000,-5000,-5000
047879,台積電中信93購04,0,0,0,0,0,0,0,0,0,-5000,0,0,0,10000,15000,-5000,-5000
049596,智伸科元大95購01,0,0,0,0,0,0,0,0,0,-5000,0,0,0,0,5000,-5000,-5000
047417,台塑富邦97購01  ,0,0,0,0,0,0,0,0,0,-5000,0,0,0,0,5000,-5000,-5000
044987,宏達電統一94購01,0,0,0,0,0,0,0,0,0,-5000,0,0,0,0,5000,-5000,-5000
04618P,電子類群益94售02,0,0,0,0,0,0,0,0,0,-5000,0,0,0,0,5000,-5000,-5000
047466,新光金國泰95購01,0,0,0,0,0,0,0,0,0,-5000,0,0,0,45000,50000,-5000,-5000
04869P,鴻海元富95售02  ,0,0,0,0,0,0,0,0,0,-5000,0,0,0,0,5000,-5000,-5000
048664,華新科統一94購01,0,0,0,0,0,0,0,0,0,-5000,0,0,0,1000,6000,-5000,-5000
03995P,滬深2X國泰95售01,0,0,0,0,0,0,0,0,0,-5000,0,0,0,0,5000,-5000,-5000
03607P,滬深2X富邦95售01,0,0,0,0,0,0,0,0,0,-5000,0,0,0,0,5000,-5000,-5000
043735,元金2X元大94購01,0,0,0,0,0,0,0,0,0,-5000,0,0,0,1000,6000,-5000,-5000
04322P,可成元大94售01  ,0,0,0,0,0,0,0,0,0,-5000,0,0,0,98000,103000,-5000,-5000
04274P,滬深2X凱基94售01,0,0,0,0,0,0,0,0,0,-5000,0,0,0,0,5000,-5000,-5000
052333,嘉聯益兆豐96購01,0,0,0,0,0,0,0,0,0,-5000,0,0,0,0,5000,-5000,-5000
052214,智伸科元大96購01,0,0,0,0,0,0,0,0,0,-5000,0,0,0,0,5000,-5000,-5000
050444,卜蜂元大94購03  ,0,0,0,0,0,0,0,0,0,-5000,0,0,0,0,5000,-5000,-5000
052083,S&P反1元大97購02,0,0,0,0,0,0,0,0,0,-5000,0,0,0,0,5000,-5000,-5000
052094,瀚宇博元大96購02,0,0,0,0,0,0,0,0,0,-5000,0,0,0,0,5000,-5000,-5000
05213P,台積電國票96售05,0,0,0,0,0,0,0,0,0,-5000,0,0,0,6000,11000,-5000,-5000
052054,台表科凱基96購01,0,0,0,0,0,0,0,0,0,-5000,0,0,0,0,5000,-5000,-5000
051893,瀚宇博元富95購01,0,0,0,0,0,0,0,0,0,-5000,0,0,0,0,5000,-5000,-5000
05113P,臺股指元富95售01,0,0,0,0,0,0,0,0,0,-5000,0,0,0,0,5000,-5000,-5000
051582,聯發科元大97購02,0,0,0,0,0,0,0,0,0,-5000,0,0,0,5000,10000,-5000,-5000
051804,新光金日盛95購01,0,0,0,0,0,0,0,0,0,-5000,0,0,0,0,5000,-5000,-5000
05171P,臺股指元大95售15,0,0,0,0,0,0,0,0,0,-5000,0,0,0,15000,20000,-5000,-5000
05170P,世芯元大95售01  ,0,0,0,0,0,0,0,0,0,-5000,0,0,0,110000,115000,-5000,-5000
053020,貿聯元富96購01  ,0,0,0,0,0,0,0,0,0,-5000,0,0,0,5000,10000,-5000,-5000
052799,上銀元大96購01  ,0,0,0,0,0,0,0,0,0,-5000,0,0,0,15000,20000,-5000,-5000
052944,宏達電國票97購01,0,0,0,0,0,0,0,0,0,-5000,0,0,0,150000,155000,-5000,-5000
053349,台郡國票97購02  ,0,0,0,0,0,0,0,0,0,-5000,0,0,0,35000,40000,-5000,-5000
053411,深中小國票9B購01,0,0,0,0,0,0,0,0,0,-5000,0,0,0,15000,20000,-5000,-5000
053414,臻鼎國票97購01  ,0,0,0,0,0,0,0,0,0,-5000,0,0,0,30000,35000,-5000,-5000
050743,京鼎永豐94購02  ,0,0,0,0,0,0,0,0,0,-5000,0,0,0,20000,25000,-5000,-5000
050799,嘉聯益中信98購01,0,0,0,0,0,0,0,0,0,-5000,0,0,0,0,5000,-5000,-5000
050801,元金2X群益98購01,0,0,0,0,0,0,0,0,0,-5000,0,0,0,0,5000,-5000,-5000
050804,和大日盛95購01  ,0,0,0,0,0,0,0,0,0,-5000,0,0,0,0,5000,-5000,-5000
050814,微星凱基95購01  ,0,0,0,0,0,0,0,0,0,-5000,0,0,0,0,5000,-5000,-5000
051798,國巨永豐95購03  ,0,0,0,0,0,0,0,0,0,-5000,0,0,0,10000,15000,-5000,-5000
052615,鴻海國泰98購01  ,0,0,0,0,0,0,0,0,0,-5000,0,0,0,0,5000,-5000,-5000
052734,台表科國泰98購02,0,0,0,0,0,0,0,0,0,-5000,0,0,0,5000,10000,-5000,-5000
05103P,臺股指凱基96售10,0,0,0,0,0,0,0,0,0,-5000,0,0,0,0,5000,-5000,-5000
052591,康友永豐97購01  ,0,0,0,0,0,0,0,0,0,-5000,0,0,0,15000,20000,-5000,-5000
052593,台積電群益96購02,0,0,0,0,0,0,0,0,0,-5000,0,0,0,103000,108000,-5000,-5000
05375P,健策國票96售02  ,0,0,0,0,0,0,0,0,0,-5000,0,0,0,0,5000,-5000,-5000
053894,創意群益96購01  ,0,0,0,0,0,0,0,0,0,-5000,0,0,0,6000,11000,-5000,-5000
053918,美律國票97購01  ,0,0,0,0,0,0,0,0,0,-5000,0,0,0,0,5000,-5000,-5000
054565,玉晶光群益99購02,0,0,0,0,0,0,0,0,0,-5000,0,0,0,53000,58000,-5000,-5000
054511,香港反元大98購01,0,0,0,0,0,0,0,0,0,-5000,0,0,0,0,5000,-5000,-5000
054513,元金2X元大96購01,0,0,0,0,0,0,0,0,0,-5000,0,0,0,5000,10000,-5000,-5000
05445P,聯詠元大95售05  ,0,0,0,0,0,0,0,0,0,-5000,0,0,0,10000,15000,-5000,-5000
054471,T50反1中信9C購01,0,0,0,0,0,0,0,0,0,-5000,0,0,0,0,5000,-5000,-5000
054264,超眾元大97購02  ,0,0,0,0,0,0,0,0,0,-5000,0,0,0,18000,23000,-5000,-5000
05575P,玉晶光元富96售01,0,0,0,0,0,0,0,0,0,-5000,0,0,0,90000,95000,-5000,-5000
055618,麗豐國票98購01  ,0,0,0,0,0,0,0,0,0,-5000,0,0,0,0,5000,-5000,-5000
056064,大立光元大97購14,0,0,0,0,0,0,0,0,0,-5000,0,0,0,12000,17000,-5000,-5000
056059,美律元大98購02  ,0,0,0,0,0,0,0,0,0,-5000,0,0,0,10000,15000,-5000,-5000
056099,上銀永豐97購02  ,0,0,0,0,0,0,0,0,0,-5000,0,0,0,160000,165000,-5000,-5000
055911,可成凱基98購02  ,0,0,0,0,0,0,0,0,0,-5000,0,0,0,18000,23000,-5000,-5000
055078,亞泥中信98購01  ,0,0,0,0,0,0,0,0,0,-5000,0,0,0,0,5000,-5000,-5000
055084,國巨第一97購01  ,0,0,0,0,0,0,0,0,0,-5000,0,0,0,15000,20000,-5000,-5000
055174,精元統一97購01  ,0,0,0,0,0,0,0,0,0,-5000,0,0,0,0,5000,-5000,-5000
054917,聯發科凱基98購05,0,0,0,0,0,0,0,0,0,-5000,0,0,0,0,5000,-5000,-5000
055485,國巨元大97購09  ,0,0,0,0,0,0,0,0,0,-5000,0,0,0,0,5000,-5000,-5000
06970P,旺宏元大99售08  ,0,0,0,0,0,0,0,0,0,-5000,0,0,0,22000,27000,-5000,-5000
06977P,臺股指元大9A售15,0,0,0,0,0,0,0,0,0,-5000,0,0,0,0,5000,-5000,-5000
06951P,台積電統一9B售02,0,0,0,0,0,0,0,0,0,-5000,0,0,0,0,5000,-5000,-5000
1506,正道            ,0,5000,-5000,0,0,0,0,0,0,0,1000,1000,0,0,0,0,-5000
2462,良得電          ,2000,7000,-5000,0,0,0,0,0,0,0,0,0,0,0,0,0,-5000
2233,宇隆            ,69000,40000,29000,0,0,0,0,34000,-34000,0,0,0,0,0,0,0,-5000
06819P,臺股指元富98售08,0,0,0,0,0,0,0,0,0,-5000,0,0,0,0,5000,-5000,-5000
06787P,臺股指元大98售04,0,0,0,0,0,0,0,0,0,-5000,0,0,0,0,5000,-5000,-5000
06500P,臺股指元大9A售05,0,0,0,0,0,0,0,0,0,-5000,0,0,0,10000,15000,-5000,-5000
06536P,臺股指群益98售04,0,0,0,0,0,0,0,0,0,-5000,0,0,0,0,5000,-5000,-5000
06560P,台積電統一98售07,0,0,0,0,0,0,0,0,0,-5000,0,0,0,0,5000,-5000,-5000
06554P,臺股指元大99售06,0,0,0,0,0,0,0,0,0,-5000,0,0,0,0,5000,-5000,-5000
06474P,鴻海富邦98售03  ,0,0,0,0,0,0,0,0,0,-5000,0,0,0,3000,8000,-5000,-5000
06586P,鴻海元大9C售01  ,0,0,0,0,0,0,0,0,0,-5000,0,0,0,0,5000,-5000,-5000
06388P,鴻海兆豐97售04  ,0,0,0,0,0,0,0,0,0,-5000,0,0,0,41000,46000,-5000,-5000
06274P,臺股指凱基97售06,0,0,0,0,0,0,0,0,0,-5000,0,0,0,0,5000,-5000,-5000
06260P,臺股指群益97售13,0,0,0,0,0,0,0,0,0,-5000,0,0,0,0,5000,-5000,-5000
3022,威強電          ,18000,23000,-5000,0,0,0,0,0,0,0,0,0,0,0,0,0,-5000
5288,豐祥-KY         ,4000,9000,-5000,0,0,0,0,0,0,0,0,0,0,0,0,0,-5000
9924,福興            ,33000,33000,0,0,0,0,0,0,0,-5000,0,5000,-5000,0,0,0,-5000
6449,鈺邦            ,19000,16000,3000,0,0,0,0,0,0,-8000,3000,11000,-8000,0,0,0,-5000
056496,康控國泰99購01  ,0,0,0,0,0,0,0,0,0,-6000,0,0,0,31000,37000,-6000,-6000
056668,光磊國票99購01  ,0,0,0,0,0,0,0,0,0,-6000,0,0,0,0,6000,-6000,-6000
056616,台光電永豐98購01,0,0,0,0,0,0,0,0,0,-6000,0,0,0,75000,81000,-6000,-6000
057045,美律元大99購04  ,0,0,0,0,0,0,0,0,0,-6000,0,0,0,0,6000,-6000,-6000
056825,深中小富邦9B購01,0,0,0,0,0,0,0,0,0,-6000,0,0,0,4000,10000,-6000,-6000
05717P,鴻海元大97售07  ,0,0,0,0,0,0,0,0,0,-6000,0,0,0,31000,37000,-6000,-6000
057312,美律麥證98購01  ,0,0,0,24000,30000,-6000,0,0,0,-6000,0,0,0,24000,30000,-6000,-6000
057630,茂林永豐98購01  ,0,0,0,0,0,0,0,0,0,-6000,0,0,0,0,6000,-6000,-6000
057549,台光電凱基98購05,0,0,0,0,0,0,0,0,0,-6000,0,0,0,0,6000,-6000,-6000
057832,聯發科元富02購05,0,0,0,0,0,0,0,0,0,-6000,0,0,0,0,6000,-6000,-6000
06020P,燿華元富96售04  ,0,0,0,0,0,0,0,0,0,-6000,0,0,0,26000,32000,-6000,-6000
05853P,欣興群益96售05  ,0,0,0,0,0,0,0,0,0,-6000,0,0,0,200000,206000,-6000,-6000
05860P,旺宏康和96售01  ,0,0,0,0,0,0,0,0,0,-6000,0,0,0,14000,20000,-6000,-6000
058459,南電永豐99購01  ,0,0,0,0,0,0,0,0,0,-6000,0,0,0,0,6000,-6000,-6000
058306,聯發科元大99購07,0,0,0,0,0,0,0,0,0,-6000,0,0,0,223000,229000,-6000,-6000
058426,旺宏元富99購02  ,0,0,0,0,0,0,0,0,0,-6000,0,0,0,0,6000,-6000,-6000
058233,聯發科元大99購06,0,0,0,0,0,0,0,0,0,-6000,0,0,0,191000,197000,-6000,-6000
048683,日月光富邦93購01,0,0,0,0,0,0,0,0,0,-6000,0,0,0,10000,16000,-6000,-6000
049231,鴻海富邦95購02  ,0,0,0,0,0,0,0,0,0,-6000,0,0,0,0,6000,-6000,-6000
046064,中工凱基94購01  ,0,0,0,0,0,0,0,0,0,-6000,0,0,0,0,6000,-6000,-6000
04638P,臺股指群益94售13,0,0,0,0,0,0,0,0,0,-6000,0,0,0,0,6000,-6000,-6000
04499P,滬深2X統一94售03,0,0,0,0,0,0,0,0,0,-6000,0,0,0,0,6000,-6000,-6000
04511P,臺股指元大94售06,0,0,0,0,0,0,0,0,0,-6000,0,0,0,0,6000,-6000,-6000
045376,友訊元大93購01  ,0,0,0,0,0,0,0,0,0,-6000,0,0,0,0,6000,-6000,-6000
050202,建準群益95購01  ,0,0,0,0,0,0,0,0,0,-6000,0,0,0,0,6000,-6000,-6000
051093,聯詠元大95購01  ,0,0,0,0,0,0,0,0,0,-6000,0,0,0,0,6000,-6000,-6000
051120,南亞科群益95購01,0,0,0,0,0,0,0,0,0,-6000,0,0,0,87000,93000,-6000,-6000
051347,國巨元大95購06  ,0,0,0,0,0,0,0,0,0,-6000,0,0,0,0,6000,-6000,-6000
051420,康控國票95購05  ,0,0,0,0,0,0,0,0,0,-6000,0,0,0,0,6000,-6000,-6000
049567,鴻海統一94購05  ,0,0,0,0,0,0,0,0,0,-6000,0,0,0,0,6000,-6000,-6000
048584,欣興富邦95購01  ,0,0,0,0,0,0,0,0,0,-6000,0,0,0,100000,106000,-6000,-6000
049725,台郡國票94購03  ,0,0,0,0,0,0,0,0,0,-6000,0,0,0,0,6000,-6000,-6000
050648,全新凱基96購01  ,0,0,0,0,0,0,0,0,0,-6000,0,0,0,0,6000,-6000,-6000
052665,緯穎國票96購03  ,0,0,0,0,0,0,0,0,0,-6000,0,0,0,0,6000,-6000,-6000
050575,南亞科國票94購01,0,0,0,0,0,0,0,0,0,-6000,0,0,0,0,6000,-6000,-6000
05333P,臺股指國票95售02,0,0,0,0,0,0,0,0,0,-6000,0,0,0,0,6000,-6000,-6000
053129,緯穎凱基96購01  ,0,0,0,0,0,0,0,0,0,-6000,0,0,0,74000,80000,-6000,-6000
053175,矽力群益96購01  ,0,0,0,0,0,0,0,0,0,-6000,0,0,0,0,6000,-6000,-6000
053081,上銀元大97購02  ,0,0,0,0,0,0,0,0,0,-6000,0,0,0,22000,28000,-6000,-6000
051536,玉晶光國票97購01,0,0,0,0,0,0,0,0,0,-6000,0,0,0,140000,146000,-6000,-6000
051146,旺宏凱基95購04  ,0,0,0,0,0,0,0,0,0,-6000,0,0,0,88000,94000,-6000,-6000
052061,樺漢國票96購01  ,0,0,0,0,0,0,0,0,0,-6000,0,0,0,0,6000,-6000,-6000
052038,國巨永昌96購01  ,0,0,0,0,0,0,0,0,0,-6000,0,0,0,0,6000,-6000,-6000
050113,欣興元大95購05  ,0,0,0,0,0,0,0,0,0,-6000,0,0,0,0,6000,-6000,-6000
049896,聯發科統一94購06,0,0,0,0,0,0,0,0,0,-6000,0,0,0,50000,56000,-6000,-6000
052276,力成群益96購01  ,0,0,0,0,0,0,0,0,0,-6000,0,0,0,0,6000,-6000,-6000
05219P,鴻海元大95售17  ,0,0,0,0,0,0,0,0,0,-6000,0,0,0,286000,292000,-6000,-6000
055382,台郡元大99購01  ,0,0,0,0,0,0,0,0,0,-6000,0,0,0,0,6000,-6000,-6000
055331,國巨兆豐99購01  ,0,0,0,0,0,0,0,0,0,-6000,0,0,0,2000,8000,-6000,-6000
055592,奇力新元大97購07,0,0,0,0,0,0,0,0,0,-6000,0,0,0,4000,10000,-6000,-6000
054185,喬山永豐96購02  ,450000,0,450000,0,0,0,0,0,0,-456000,0,0,0,0,456000,-456000,-6000
05469P,台積電元大95售24,0,0,0,0,0,0,0,0,0,-6000,0,0,0,662000,668000,-6000,-6000
053895,智易群益96購02  ,0,0,0,0,0,0,0,0,0,-6000,0,0,0,0,6000,-6000,-6000
053908,貿聯凱基98購01  ,0,0,0,0,0,0,0,0,0,-6000,0,0,0,4000,10000,-6000,-6000
054111,緯穎凱基97購01  ,0,0,0,0,0,0,0,0,0,-6000,0,0,0,10000,16000,-6000,-6000
054016,嘉晶永豐96購04  ,0,0,0,0,0,0,0,0,0,-6000,0,0,0,75000,81000,-6000,-6000
8114,振樺電          ,3000,9000,-6000,0,0,0,0,0,0,0,0,0,0,0,0,0,-6000
5283,禾聯碩          ,0,5000,-5000,0,0,0,0,0,0,-1000,0,1000,-1000,0,0,0,-6000
4956,光鋐            ,6000,9000,-3000,0,0,0,0,0,0,-3000,0,3000,-3000,0,0,0,-6000
3052,夆典            ,43000,49000,-6000,0,0,0,0,0,0,0,0,0,0,0,0,0,-6000
3167,大量            ,1000,8000,-7000,0,0,0,0,0,0,1000,1000,0,1000,0,0,0,-6000
3617,碩天            ,24000,29000,-5000,0,0,0,0,0,0,-1000,0,1000,-1000,0,0,0,-6000
06138P,台積電中信99售01,0,0,0,0,0,0,0,0,0,-6000,0,0,0,0,6000,-6000,-6000
06549P,大立光元大98售11,0,0,0,0,0,0,0,0,0,-6000,0,0,0,0,6000,-6000,-6000
06829P,臺股指國票98售05,0,0,0,0,0,0,0,0,0,-6000,0,0,0,0,6000,-6000,-6000
06730P,祥碩元大98售07  ,0,0,0,0,0,0,0,0,0,-6000,0,0,0,0,6000,-6000,-6000
2029,盛餘            ,1000,7000,-6000,0,0,0,0,0,0,0,0,0,0,0,0,0,-6000
2739,寒舍            ,0,6000,-6000,0,0,0,0,0,0,0,0,0,0,0,0,0,-6000
1521,大億            ,0,6000,-6000,0,0,0,0,0,0,0,0,0,0,0,0,0,-6000
058348,台表科群益99購01,0,0,0,0,0,0,0,0,0,-7000,0,0,0,0,7000,-7000,-7000
06000P,GIS元大96售04   ,0,0,0,0,0,0,0,0,0,-7000,0,0,0,24000,31000,-7000,-7000
06026P,華通台新97售01  ,0,0,0,0,0,0,0,0,0,-7000,0,0,0,5000,12000,-7000,-7000
05947P,大成鋼元大96售03,0,0,0,0,0,0,0,0,0,-7000,0,0,0,3000,10000,-7000,-7000
05958P,聯發科國票97售04,0,0,0,0,0,0,0,0,0,-7000,0,0,0,0,7000,-7000,-7000
05913P,國巨元大96售11  ,0,0,0,0,0,0,0,0,0,-7000,0,0,0,158000,165000,-7000,-7000
057948,嘉聯益國票99購02,0,0,0,0,0,0,0,0,0,-7000,0,0,0,10000,17000,-7000,-7000
057917,台積電凱基98購17,0,0,0,0,0,0,0,0,0,-7000,0,0,0,0,7000,-7000,-7000
05781P,臺股指統一99售02,0,0,0,0,0,0,0,0,0,-7000,0,0,0,0,7000,-7000,-7000
057766,矽力凱基98購03  ,0,0,0,0,0,0,0,0,0,-7000,0,0,0,0,7000,-7000,-7000
05739P,臺股指統一97售02,0,0,0,0,0,0,0,0,0,-7000,0,0,0,0,7000,-7000,-7000
057498,台郡元大98購04  ,0,0,0,0,0,0,0,0,0,-7000,0,0,0,0,7000,-7000,-7000
057098,新光金台新98購01,0,0,0,0,0,0,0,0,0,-7000,0,0,0,0,7000,-7000,-7000
056618,京元電永豐98購01,0,0,0,0,0,0,0,0,0,-7000,0,0,0,198000,205000,-7000,-7000
05644P,大立光中信9A售03,0,0,0,0,0,0,0,0,0,-7000,0,0,0,5000,12000,-7000,-7000
049016,國巨群益94購02  ,0,0,0,0,0,0,0,0,0,-7000,0,0,0,0,7000,-7000,-7000
048701,健策國票95購01  ,0,0,0,0,0,0,0,0,0,-7000,0,0,0,0,7000,-7000,-7000
048811,鴻海日盛94購01  ,0,0,0,0,0,0,0,0,0,-7000,0,0,0,29000,36000,-7000,-7000
049488,智邦元大95購01  ,0,0,0,0,0,0,0,0,0,-7000,0,0,0,3000,10000,-7000,-7000
051435,聯茂元富95購01  ,0,0,0,0,0,0,0,0,0,-7000,0,0,0,86000,93000,-7000,-7000
051370,聯詠富邦97購01  ,0,0,0,0,0,0,0,0,0,-7000,0,0,0,3000,10000,-7000,-7000
04479P,同欣電中信96售02,0,0,0,0,0,0,0,0,0,-7000,0,0,0,0,7000,-7000,-7000
04276P,聯發科凱基93售33,0,0,0,0,0,0,0,0,0,-7000,0,0,0,10000,17000,-7000,-7000
04327P,台積電國泰95售01,0,0,0,0,0,0,0,0,0,-7000,0,0,0,13000,20000,-7000,-7000
03432B,臺股指凱基98熊13,0,0,0,0,0,0,0,0,0,-7000,0,0,0,0,7000,-7000,-7000
044526,訊芯凱基93購02  ,0,0,0,0,0,0,0,0,0,-7000,0,0,0,19000,26000,-7000,-7000
047214,啟碁富邦97購01  ,0,0,0,0,0,0,0,0,0,-7000,0,0,0,0,7000,-7000,-7000
04994P,大成鋼凱基95售01,0,0,0,0,0,0,0,0,0,-7000,0,0,0,13000,20000,-7000,-7000
051667,光磊元大96購02  ,0,0,0,0,0,0,0,0,0,-7000,0,0,0,3000,10000,-7000,-7000
05086P,鴻海凱基95售13  ,0,0,0,0,0,0,0,0,0,-7000,0,0,0,32000,39000,-7000,-7000
050717,京鼎群益96購01  ,0,0,0,0,0,0,0,0,0,-7000,0,0,0,3000,10000,-7000,-7000
051000,台郡元大96購01  ,0,0,0,0,0,0,0,0,0,-7000,0,0,0,27000,34000,-7000,-7000
052672,世紀鋼群益96購02,0,0,0,0,0,0,0,0,0,-7000,0,0,0,91000,98000,-7000,-7000
052675,新光金國泰98購01,0,0,0,0,0,0,0,0,0,-7000,0,0,0,4000,11000,-7000,-7000
051058,景碩群益96購01  ,0,0,0,0,0,0,0,0,0,-7000,0,0,0,11000,18000,-7000,-7000
050669,嘉晶永豐96購01  ,0,0,0,0,0,0,0,0,0,-7000,0,0,0,0,7000,-7000,-7000
053819,大立光群益96購04,0,0,0,0,0,0,0,0,0,-7000,0,0,0,56000,63000,-7000,-7000
053658,亞光凱基96購01  ,0,0,0,0,0,0,0,0,0,-7000,0,0,0,48000,55000,-7000,-7000
053612,T50反1群益96購01,0,0,0,0,0,0,0,0,0,-7000,0,0,0,0,7000,-7000,-7000
05350P,可成元富98售04  ,0,0,0,0,0,0,0,0,0,-7000,0,0,0,0,7000,-7000,-7000
054557,臻鼎凱基98購01  ,0,0,0,0,0,0,0,0,0,-7000,0,0,0,0,7000,-7000,-7000
05442P,鴻海元大96售13  ,0,0,0,0,0,0,0,0,0,-7000,0,0,0,249000,256000,-7000,-7000
054364,智伸科凱基96購01,0,0,0,0,0,0,0,0,0,-7000,0,0,0,72000,79000,-7000,-7000
05562P,鴻海元大96售16  ,0,0,0,0,0,0,0,0,0,-7000,0,0,0,60000,67000,-7000,-7000
055711,上銀元大97購04  ,0,0,0,0,0,0,0,0,0,-7000,0,0,0,42000,49000,-7000,-7000
055773,瑞昱凱基97購03  ,0,0,0,0,0,0,0,0,0,-7000,0,0,0,122000,129000,-7000,-7000
056088,台郡統一97購02  ,0,0,0,0,0,0,0,0,0,-7000,0,0,0,29000,36000,-7000,-7000
056120,聯茂群益97購02  ,0,0,0,0,0,0,0,0,0,-7000,0,0,0,19000,26000,-7000,-7000
2477,美隆電          ,20000,27000,-7000,0,0,0,0,0,0,0,0,0,0,0,0,0,-7000
2351,順德            ,107000,14000,93000,0,0,0,0,100000,-100000,0,0,0,0,0,0,0,-7000
06654P,欣興元大98售08  ,0,0,0,0,0,0,0,0,0,-7000,0,0,0,7000,14000,-7000,-7000
06151P,華新科元大97售07,0,0,0,0,0,0,0,0,0,-7000,0,0,0,232000,239000,-7000,-7000
06284P,台積電國票98售03,0,0,0,0,0,0,0,0,0,-7000,0,0,0,0,7000,-7000,-7000
06342P,世芯統一98售01  ,0,0,0,0,0,0,0,0,0,-7000,0,0,0,0,7000,-7000,-7000
06421P,嘉澤統一97售02  ,0,0,0,0,0,0,0,0,0,-7000,0,0,0,69000,76000,-7000,-7000
3501,維熹            ,10000,17000,-7000,0,0,0,0,0,0,0,0,0,0,0,0,0,-7000
3712,永崴投控        ,13000,20000,-7000,0,0,0,0,0,0,0,0,0,0,0,0,0,-7000
6235,華孚            ,9000,16000,-7000,0,0,0,0,0,0,0,0,0,0,0,0,0,-7000
056329,上銀國票98購02  ,0,0,0,0,0,0,0,0,0,-8000,0,0,0,0,8000,-8000,-8000
056246,祥碩群益97購01  ,0,0,0,0,0,0,0,0,0,-8000,0,0,0,203000,211000,-8000,-8000
057073,康控永豐98購01  ,0,0,0,0,0,0,0,0,0,-8000,0,0,0,176000,184000,-8000,-8000
057124,為升凱基98購02  ,0,0,0,0,0,0,0,0,0,-8000,0,0,0,2000,10000,-8000,-8000
057165,國巨元大99購05  ,0,0,0,0,0,0,0,0,0,-8000,0,0,0,47000,55000,-8000,-8000
057370,可成元大98購07  ,0,0,0,0,0,0,0,0,0,-8000,0,0,0,77000,85000,-8000,-8000
056826,A50正2富邦9B購02,0,0,0,0,0,0,0,0,0,-8000,0,0,0,2000,10000,-8000,-8000
056771,嘉晶元大99購01  ,0,0,0,0,0,0,0,0,0,-8000,0,0,0,54000,62000,-8000,-8000
057388,奇鋐永豐98購02  ,0,0,0,0,0,0,0,0,0,-8000,0,0,0,142000,150000,-8000,-8000
057814,聯發科元大98購12,0,0,0,0,0,0,0,0,0,-8000,0,0,0,328000,336000,-8000,-8000
057834,聯發科元富02購07,0,0,0,0,0,0,0,0,0,-8000,0,0,0,0,8000,-8000,-8000
057892,上証2X元富02購01,0,0,0,0,0,0,0,0,0,-8000,0,0,0,0,8000,-8000,-8000
058142,瑞儀元大99購01  ,0,0,0,0,0,0,0,0,0,-8000,0,0,0,10000,18000,-8000,-8000
03642C,臺股指元大94牛27,0,0,0,0,0,0,0,0,0,-8000,0,0,0,1000,9000,-8000,-8000
00757,統一FANG+       ,0,0,0,0,0,0,0,0,0,-8000,0,0,0,212000,220000,-8000,-8000
045414,康控群益94購02  ,0,0,0,0,0,0,0,0,0,-8000,0,0,0,10000,18000,-8000,-8000
049198,聯鈞永豐94購01  ,0,0,0,0,0,0,0,0,0,-8000,0,0,0,0,8000,-8000,-8000
046528,聯詠中信94購01  ,0,0,0,0,0,0,0,0,0,-8000,0,0,0,12000,20000,-8000,-8000
051521,大立光凱基96購07,0,0,0,0,0,0,0,0,0,-8000,0,0,0,77000,85000,-8000,-8000
049843,康友中信95購01  ,0,0,0,0,0,0,0,0,0,-8000,0,0,0,28000,36000,-8000,-8000
048933,晶豪科永豐94購01,0,0,0,0,0,0,0,0,0,-8000,0,0,0,20000,28000,-8000,-8000
051017,聯發科凱基95購04,0,0,0,0,0,0,0,0,0,-8000,0,0,0,425000,433000,-8000,-8000
050842,旺宏國票97購01  ,0,0,0,0,0,0,0,0,0,-8000,0,0,0,63000,71000,-8000,-8000
052939,富邦金兆豐96購01,0,0,0,0,0,0,0,0,0,-8000,0,0,0,4000,12000,-8000,-8000
052934,中磊元大96購01  ,0,0,0,0,0,0,0,0,0,-8000,0,0,0,63000,71000,-8000,-8000
052884,台積電兆豐96購01,0,0,0,0,0,0,0,0,0,-8000,0,0,0,57000,65000,-8000,-8000
051879,健策台新96購01  ,0,0,0,0,0,0,0,0,0,-8000,0,0,0,9000,17000,-8000,-8000
052047,建準凱基96購01  ,0,0,0,0,0,0,0,0,0,-8000,0,0,0,0,8000,-8000,-8000
049923,智原元大95購02  ,0,0,0,0,0,0,0,0,0,-8000,0,0,0,0,8000,-8000,-8000
050445,鴻海元大94購21  ,0,0,0,0,0,0,0,0,0,-8000,0,0,0,323000,331000,-8000,-8000
051780,矽力群益95購01  ,0,0,0,0,0,0,0,0,0,-8000,0,0,0,20000,28000,-8000,-8000
05125P,鴻海群益95售06  ,0,0,0,0,0,0,0,0,0,-8000,0,0,0,10000,18000,-8000,-8000
052345,矽力凱基95購01  ,0,0,0,0,0,0,0,0,0,-8000,0,0,0,0,8000,-8000,-8000
05231P,GIS群益95售03   ,0,0,0,0,0,0,0,0,0,-8000,0,0,0,5000,13000,-8000,-8000
052388,旺宏群益96購05  ,0,0,0,0,0,0,0,0,0,-8000,0,0,0,88000,96000,-8000,-8000
056093,大毅元富97購01  ,0,0,0,0,0,0,0,0,0,-8000,0,0,0,20000,28000,-8000,-8000
055932,玉山金群益99購01,0,0,0,0,0,0,0,0,0,-8000,0,0,0,36000,44000,-8000,-8000
055619,同欣電國票98購02,0,0,0,0,0,0,0,0,0,-8000,0,0,0,2000,10000,-8000,-8000
055552,瑞昱凱基97購02  ,0,0,0,0,0,0,0,0,0,-8000,0,0,0,5000,13000,-8000,-8000
055367,台積電元大97購23,0,0,0,0,0,0,0,0,0,-8000,0,0,0,54000,62000,-8000,-8000
055428,友達群益9C購01  ,0,0,0,0,0,0,0,0,0,-8000,0,0,0,0,8000,-8000,-8000
054924,景碩凱基98購01  ,0,0,0,0,0,0,0,0,0,-8000,0,0,0,108000,116000,-8000,-8000
055191,牧德元富97購01  ,0,0,0,0,0,0,0,0,0,-8000,0,0,0,0,8000,-8000,-8000
05459P,聯詠凱基95售03  ,0,0,0,0,0,0,0,0,0,-8000,0,0,0,0,8000,-8000,-8000
05461P,台積電亞東97售01,0,0,0,0,0,0,0,0,0,-8000,0,0,0,0,8000,-8000,-8000
054775,復盛國票98購01  ,0,0,0,0,0,0,0,0,0,-8000,0,0,0,2000,10000,-8000,-8000
053618,新唐群益96購01  ,0,0,0,0,0,0,0,0,0,-8000,0,0,0,0,8000,-8000,-8000
053697,臻鼎元大96購02  ,0,0,0,0,0,0,0,0,0,-8000,0,0,0,12000,20000,-8000,-8000
053729,聯茂凱基96購05  ,0,0,0,0,0,0,0,0,0,-8000,0,0,0,32000,40000,-8000,-8000
053809,上銀群益96購02  ,0,0,0,0,0,0,0,0,0,-8000,0,0,0,67000,75000,-8000,-8000
6108,競國            ,46000,54000,-8000,0,0,0,0,0,0,0,0,0,0,0,0,0,-8000
8201,無敵            ,0,5000,-5000,0,0,0,0,0,0,-3000,0,3000,-3000,0,0,0,-8000
06436P,台光電國票98售04,0,0,0,0,0,0,0,0,0,-8000,0,0,0,1000,9000,-8000,-8000
06329P,大立光兆豐97售04,0,0,0,0,0,0,0,0,0,-8000,0,0,0,0,8000,-8000,-8000
06147P,國巨元大97售05  ,0,0,0,0,0,0,0,0,0,-8000,0,0,0,200000,208000,-8000,-8000
06213P,大立光元大98售07,0,0,0,0,0,0,0,0,0,-8000,0,0,0,445000,453000,-8000,-8000
06725P,聯電元富98售01  ,0,0,0,0,0,0,0,0,0,-8000,0,0,0,12000,20000,-8000,-8000
06708P,臺股指台新99售05,0,0,0,0,0,0,0,0,0,-8000,0,0,0,0,8000,-8000,-8000
06810P,國巨統一99售03  ,0,0,0,0,0,0,0,0,0,-8000,0,0,0,5000,13000,-8000,-8000
06840P,臺股指統一98售04,0,0,0,0,0,0,0,0,0,-8000,0,0,0,2000,10000,-8000,-8000
06776P,鴻海元大99售05  ,0,0,0,0,0,0,0,0,0,-8000,0,0,0,50000,58000,-8000,-8000
06566P,華通永豐98售03  ,0,0,0,0,0,0,0,0,0,-8000,0,0,0,12000,20000,-8000,-8000
06619P,聯發科元大98售06,0,0,0,0,0,0,0,0,0,-8000,0,0,0,28000,36000,-8000,-8000
07001P,國巨元大99售12  ,0,0,0,0,0,0,0,0,0,-8000,0,0,0,0,8000,-8000,-8000
1537,廣隆            ,10000,13204,-3204,0,0,0,0,0,0,-5000,0,5000,-5000,0,0,0,-8204
05806P,宏達電永豐96售03,0,0,0,0,0,0,0,0,0,-9000,0,0,0,15000,24000,-9000,-9000
058299,同欣電凱基9A購01,0,0,0,0,0,0,0,0,0,-9000,0,0,0,0,9000,-9000,-9000
05959P,聯發科國票98售01,0,0,0,0,0,0,0,0,0,-9000,0,0,0,0,9000,-9000,-9000
06010P,國泰金元富96售01,0,0,0,0,0,0,0,0,0,-9000,0,0,0,15000,24000,-9000,-9000
058321,大立光永豐99購01,0,0,0,0,0,0,0,0,0,-9000,0,0,0,0,9000,-9000,-9000
05873P,華通群益97售02  ,0,0,0,0,0,0,0,0,0,-9000,0,0,0,0,9000,-9000,-9000
057528,南亞科元大99購01,0,0,0,0,0,0,0,0,0,-9000,0,0,0,15000,24000,-9000,-9000
057500,神達群益98購01  ,0,0,0,0,0,0,0,0,0,-9000,0,0,0,0,9000,-9000,-9000
057595,健鼎兆豐98購01  ,0,0,0,0,0,0,0,0,0,-9000,0,0,0,1000,10000,-9000,-9000
05679P,台表科群益96售05,0,0,0,0,0,0,0,0,0,-9000,0,0,0,0,9000,-9000,-9000
056412,上証2X中信9A購02,0,0,0,0,0,0,0,0,0,-9000,0,0,0,9000,18000,-9000,-9000
048568,緯穎元大93購06  ,0,0,0,0,0,0,0,0,0,-9000,0,0,0,0,9000,-9000,-9000
051366,康友國泰97購01  ,0,0,0,0,0,0,0,0,0,-9000,0,0,0,121000,130000,-9000,-9000
048056,全新國泰94購02  ,0,0,0,0,0,0,0,0,0,-9000,0,0,0,100000,109000,-9000,-9000
04652P,臺股指凱基94售11,0,0,0,0,0,0,0,0,0,-9000,0,0,0,1000,10000,-9000,-9000
045087,玉晶光元大95購01,0,0,0,0,0,0,0,0,0,-9000,0,0,0,10000,19000,-9000,-9000
00688L,國泰20年美債正2 ,0,0,0,0,0,0,0,0,0,-9000,0,0,0,101000,110000,-9000,-9000
04311P,奇力新統一95售01,0,0,0,0,0,0,0,0,0,-9000,0,0,0,11000,20000,-9000,-9000
041990,A50正2國票97購01,0,0,0,0,0,0,0,0,0,-9000,0,0,0,1000,10000,-9000,-9000
047160,台郡國票94購01  ,0,0,0,0,0,0,0,0,0,-9000,0,0,0,1000,10000,-9000,-9000
044578,緯創凱基93購02  ,0,0,0,0,0,0,0,0,0,-9000,0,0,0,1000,10000,-9000,-9000
052485,深中小國票96購01,0,0,0,0,0,0,0,0,0,-9000,0,0,0,0,9000,-9000,-9000
050415,力成永豐94購01  ,0,0,0,0,0,0,0,0,0,-9000,0,0,0,27000,36000,-9000,-9000
051257,光寶科國泰96購01,0,0,0,0,0,0,0,0,0,-9000,0,0,0,30000,39000,-9000,-9000
051822,和碩元富95購01  ,0,0,0,0,0,0,0,0,0,-9000,0,0,0,11000,20000,-9000,-9000
052828,滬深2X群益9A購02,0,0,0,0,0,0,0,0,0,-9000,0,0,0,31000,40000,-9000,-9000
052981,鴻海元大97購05  ,0,0,0,0,0,0,0,0,0,-9000,0,0,0,1000,10000,-9000,-9000
053258,上証2X群益9A購03,0,0,0,0,0,0,0,0,0,-9000,0,0,0,61000,70000,-9000,-9000
052698,深中小國票99購01,0,0,0,0,0,0,0,0,0,-9000,0,0,0,1000,10000,-9000,-9000
053777,台積電元大96購20,0,0,0,0,0,0,0,0,0,-9000,0,0,0,57000,66000,-9000,-9000
053784,奇力新元大97購02,0,0,0,0,0,0,0,0,0,-9000,0,0,0,0,9000,-9000,-9000
054053,聯茂元大96購01  ,0,0,0,0,0,0,0,0,0,-9000,0,0,0,7000,16000,-9000,-9000
05384P,大立光永豐95售02,0,0,0,0,0,0,0,0,0,-9000,0,0,0,0,9000,-9000,-9000
053921,嘉晶國票97購03  ,0,0,0,0,0,0,0,0,0,-9000,0,0,0,111000,120000,-9000,-9000
05517P,臻鼎元大96售01  ,0,0,0,0,0,0,0,0,0,-9000,0,0,0,0,9000,-9000,-9000
055126,嘉澤兆豐97購01  ,0,0,0,0,0,0,0,0,0,-9000,0,0,0,0,9000,-9000,-9000
055091,微星群益97購01  ,0,0,0,0,0,0,0,0,0,-9000,0,0,0,89000,98000,-9000,-9000
055378,晶相光元大97購02,0,0,0,0,0,0,0,0,0,-9000,0,0,0,458000,467000,-9000,-9000
055467,國巨凱基97購05  ,0,0,0,0,0,0,0,0,0,-9000,0,0,0,16000,25000,-9000,-9000
055262,台虹國泰98購01  ,0,0,0,0,0,0,0,0,0,-9000,0,0,0,1000,10000,-9000,-9000
05570P,聯發科統一96售04,0,0,0,0,0,0,0,0,0,-9000,0,0,0,0,9000,-9000,-9000
1817,凱撒衛          ,9000,18000,-9000,0,0,0,0,0,0,0,0,0,0,0,0,0,-9000
2727,王品            ,68000,77000,-9000,0,0,0,0,0,0,0,0,0,0,0,0,0,-9000
06578P,華新科國票98售02,0,0,0,0,0,0,0,0,0,-9000,0,0,0,1000,10000,-9000,-9000
4536,拓凱            ,11000,20000,-9000,0,0,0,0,0,0,0,0,0,0,0,0,0,-9000
3607,谷崧            ,19000,27000,-8000,0,0,0,0,0,0,-1000,0,1000,-1000,0,0,0,-9000
056302,大立光元大97購17,0,0,0,0,0,0,0,0,0,-10000,0,0,0,0,10000,-10000,-10000
056276,同欣電國泰98購01,0,0,0,0,0,0,0,0,0,-10000,0,0,0,20000,30000,-10000,-10000
056150,台光電凱基98購02,0,0,0,0,0,0,0,0,0,-10000,0,0,0,0,10000,-10000,-10000
056175,可成元富97購03  ,0,0,0,0,0,0,0,0,0,-10000,0,0,0,10000,20000,-10000,-10000
056510,正文永豐98購02  ,0,0,0,0,0,0,0,0,0,-10000,0,0,0,44000,54000,-10000,-10000
056518,美律國票99購01  ,0,0,0,0,0,0,0,0,0,-10000,0,0,0,10000,20000,-10000,-10000
056629,昇陽半永豐98購01,0,0,0,0,0,0,0,0,0,-10000,0,0,0,0,10000,-10000,-10000
056734,國巨凱基99購01  ,0,0,0,0,0,0,0,0,0,-10000,0,0,0,68000,78000,-10000,-10000
056705,超眾國泰99購01  ,0,0,0,0,0,0,0,0,0,-10000,0,0,0,0,10000,-10000,-10000
056693,國產群益98購01  ,0,0,0,0,0,0,0,0,0,-10000,0,0,0,0,10000,-10000,-10000
056787,健鼎群益98購01  ,0,0,0,0,0,0,0,0,0,-10000,0,0,0,32000,42000,-10000,-10000
056846,晶相光元富98購01,0,0,0,0,0,0,0,0,0,-10000,0,0,0,22000,32000,-10000,-10000
056879,旺宏國票99購02  ,0,0,0,0,0,0,0,0,0,-10000,0,0,0,0,10000,-10000,-10000
057018,亞德客凱基98購01,0,0,0,0,0,0,0,0,0,-10000,0,0,0,10000,20000,-10000,-10000
057376,新日興元大98購04,0,0,0,0,0,0,0,0,0,-10000,0,0,0,50000,60000,-10000,-10000
057075,嘉聯益永豐98購01,0,0,0,0,0,0,0,0,0,-10000,0,0,0,10000,20000,-10000,-10000
057608,南亞科台新98購01,0,0,0,0,0,0,0,0,0,-10000,0,0,0,38000,48000,-10000,-10000
057639,國巨元大99購07  ,0,0,0,0,0,0,0,0,0,-10000,0,0,0,0,10000,-10000,-10000
057530,奇鋐元大99購01  ,0,0,0,0,0,0,0,0,0,-10000,0,0,0,100000,110000,-10000,-10000
05746P,台積電群益96售07,0,0,0,0,0,0,0,0,0,-10000,0,0,0,11000,21000,-10000,-10000
057422,欣興凱基98購04  ,0,0,0,0,0,0,0,0,0,-10000,0,0,0,69000,79000,-10000,-10000
05742P,可成元大96售04  ,0,0,0,0,0,0,0,0,0,-10000,0,0,0,51000,61000,-10000,-10000
057433,上銀國票98購04  ,0,0,0,0,0,0,0,0,0,-10000,0,0,0,0,10000,-10000,-10000
057873,義隆元大98購03  ,0,0,0,0,0,0,0,0,0,-10000,0,0,0,19000,29000,-10000,-10000
057857,牧德國票99購01  ,0,0,0,0,0,0,0,0,0,-10000,0,0,0,0,10000,-10000,-10000
05785P,臺股指元大96售19,0,0,0,0,0,0,0,0,0,-10000,0,0,0,0,10000,-10000,-10000
057963,緯穎元大98購08  ,0,0,0,0,0,0,0,0,0,-10000,0,0,0,11000,21000,-10000,-10000
057768,華新科中信9A購01,0,0,0,0,0,0,0,0,0,-10000,0,0,0,6000,16000,-10000,-10000
057788,嘉聯益國票99購01,0,0,0,0,0,0,0,0,0,-10000,0,0,0,54000,64000,-10000,-10000
057784,台積電國票9B購01,0,0,0,0,0,0,0,0,0,-10000,0,0,0,16000,26000,-10000,-10000
057708,臺股指群益98購08,0,0,0,0,0,0,0,0,0,-10000,0,0,0,0,10000,-10000,-10000
05899P,臺股指凱基96售30,0,0,0,0,0,0,0,0,0,-10000,0,0,0,0,10000,-10000,-10000
05878P,創意群益98售01  ,0,0,0,0,0,0,0,0,0,-10000,0,0,0,10000,20000,-10000,-10000
058435,旺宏統一9B購02  ,0,0,0,0,0,0,0,0,0,-10000,0,0,0,0,10000,-10000,-10000
058303,華通元大99購03  ,0,0,0,0,0,0,0,0,0,-10000,0,0,0,27000,37000,-10000,-10000
058304,鴻海元大99購12  ,0,0,0,0,0,0,0,0,0,-10000,0,0,0,66000,76000,-10000,-10000
058342,鴻海群益9A購01  ,0,0,0,0,0,0,0,0,0,-10000,0,0,0,53000,63000,-10000,-10000
058355,旺宏凱基99購04  ,0,0,0,0,0,0,0,0,0,-10000,0,0,0,0,10000,-10000,-10000
058356,華邦電凱基99購01,0,0,0,0,0,0,0,0,0,-10000,0,0,0,0,10000,-10000,-10000
058359,瑞昱凱基99購01  ,0,0,0,0,0,0,0,0,0,-10000,0,0,0,0,10000,-10000,-10000
058365,奇力新凱基9A購01,0,0,0,0,0,0,0,0,0,-10000,0,0,0,0,10000,-10000,-10000
058377,茂林凱基9A購03  ,0,0,0,0,0,0,0,0,0,-10000,0,0,0,0,10000,-10000,-10000
058424,滬深2X元富99購04,0,0,0,0,0,0,0,0,0,-10000,0,0,0,0,10000,-10000,-10000
058414,大立光兆豐99購02,0,0,0,0,0,0,0,0,0,-10000,0,0,0,0,10000,-10000,-10000
06002P,華通康和96售01  ,0,0,0,0,0,0,0,0,0,-10000,0,0,0,0,10000,-10000,-10000
06033P,可成凱基96售09  ,0,0,0,0,0,0,0,0,0,-10000,0,0,0,0,10000,-10000,-10000
06057P,大立光凱基98售01,0,0,0,0,0,0,0,0,0,-10000,0,0,0,0,10000,-10000,-10000
06069P,台積電永豐97售01,0,0,0,0,0,0,0,0,0,-10000,0,0,0,20000,30000,-10000,-10000
05962P,大立光群益96售07,0,0,0,0,0,0,0,0,0,-10000,0,0,0,2000,12000,-10000,-10000
05983P,聯詠國票96售02  ,0,0,0,0,0,0,0,0,0,-10000,0,0,0,10000,20000,-10000,-10000
05942P,奇力新凱基96售04,0,0,0,0,0,0,0,0,0,-10000,0,0,0,0,10000,-10000,-10000
05828P,台積電統一97售02,0,0,0,0,0,0,0,0,0,-10000,0,0,0,0,10000,-10000,-10000
058280,SGBR2X中信99購01,0,0,0,0,0,0,0,0,0,-10000,0,0,0,0,10000,-10000,-10000
058267,奇鋐永豐99購01  ,0,0,0,0,0,0,0,0,0,-10000,0,0,0,30000,40000,-10000,-10000
058234,華新科元大99購12,0,0,0,0,0,0,0,0,0,-10000,0,0,0,0,10000,-10000,-10000
058236,大立光元大99購09,0,0,0,0,0,0,0,0,0,-10000,0,0,0,0,10000,-10000,-10000
058196,台塑中信99購01  ,0,0,0,0,0,0,0,0,0,-10000,0,0,0,0,10000,-10000,-10000
058183,國巨富邦9A購06  ,0,0,0,0,0,0,0,0,0,-10000,0,0,0,5000,15000,-10000,-10000
058192,訊芯永豐99購01  ,0,0,0,0,0,0,0,0,0,-10000,0,0,0,0,10000,-10000,-10000
058202,鴻海凱基9A購04  ,0,0,0,0,0,0,0,0,0,-10000,0,0,0,0,10000,-10000,-10000
058091,欣興元大99購03  ,0,0,0,0,0,0,0,0,0,-10000,0,0,0,20000,30000,-10000,-10000
058127,FBVIX元大9C購01 ,0,0,0,0,0,0,0,0,0,-10000,0,0,0,15000,25000,-10000,-10000
058027,鴻海富邦98購04  ,0,0,0,0,0,0,0,0,0,-10000,0,0,0,0,10000,-10000,-10000
057995,華新科中信98購02,0,0,0,0,0,0,0,0,0,-10000,0,0,0,0,10000,-10000,-10000
058008,禾伸堂國票99購02,0,0,0,0,0,0,0,0,0,-10000,0,0,0,0,10000,-10000,-10000
044507,燿華凱基93購03  ,0,0,0,0,0,0,0,0,0,-10000,0,0,0,30000,40000,-10000,-10000
047277,晶技永豐93購01  ,0,0,0,0,0,0,0,0,0,-10000,0,0,0,0,10000,-10000,-10000
047105,和大元大94購01  ,0,0,0,0,0,0,0,0,0,-10000,0,0,0,0,10000,-10000,-10000
047127,臻鼎中信95購01  ,0,0,0,0,0,0,0,0,0,-10000,0,0,0,97000,107000,-10000,-10000
044396,燿華凱基93購02  ,0,0,0,0,0,0,0,0,0,-10000,0,0,0,20000,30000,-10000,-10000
044264,大立光富邦93購03,0,0,0,0,0,0,0,0,0,-10000,0,0,0,0,10000,-10000,-10000
044282,上銀凱基93購03  ,0,0,0,0,0,0,0,0,0,-10000,0,0,0,0,10000,-10000,-10000
046877,燿華國泰94購01  ,0,0,0,0,0,0,0,0,0,-10000,0,0,0,10000,20000,-10000,-10000
03777P,華通中信95售01  ,0,0,0,0,0,0,0,0,0,-10000,0,0,0,0,10000,-10000,-10000
03909P,奇鋐元大93售04  ,0,0,0,0,0,0,0,0,0,-10000,0,0,0,0,10000,-10000,-10000
042904,金寶元大94購02  ,0,0,0,0,0,0,0,0,0,-10000,0,0,0,0,10000,-10000,-10000
042796,永冠元大93購01  ,0,0,0,0,0,0,0,0,0,-10000,0,0,0,0,10000,-10000,-10000
04350P,欣興國票94售01  ,0,0,0,0,0,0,0,0,0,-10000,0,0,0,10000,20000,-10000,-10000
043944,欣興兆豐93購02  ,0,0,0,0,0,0,0,0,0,-10000,0,0,0,0,10000,-10000,-10000
03492P,創意元大02售03  ,0,0,0,0,0,0,0,0,0,-10000,0,0,0,0,10000,-10000,-10000
03567P,可成凱基02售06  ,0,0,0,0,0,0,0,0,0,-10000,0,0,0,0,10000,-10000,-10000
044126,奇力新凱基93購01,0,0,0,0,0,0,0,0,0,-10000,0,0,0,0,10000,-10000,-10000
044049,元金2X元大94購03,0,0,0,0,0,0,0,0,0,-10000,0,0,0,0,10000,-10000,-10000
03242P,聯電統一02售04  ,0,0,0,0,0,0,0,0,0,-10000,0,0,0,0,10000,-10000,-10000
03252P,台積電台新02售01,0,0,0,0,0,0,0,0,0,-10000,0,0,0,0,10000,-10000,-10000
04265P,滬深2X元富93售04,0,0,0,0,0,0,0,0,0,-10000,0,0,0,0,10000,-10000,-10000
045071,奇力新元大94購01,0,0,0,0,0,0,0,0,0,-10000,0,0,0,0,10000,-10000,-10000
04505P,佳世達元富96售03,0,0,0,0,0,0,0,0,0,-10000,0,0,0,0,10000,-10000,-10000
045470,康控元大94購03  ,0,0,0,0,0,0,0,0,0,-10000,0,0,0,0,10000,-10000,-10000
04526P,美律凱基94售03  ,0,0,0,0,0,0,0,0,0,-10000,0,0,0,0,10000,-10000,-10000
047393,景碩元大93購02  ,0,0,0,0,0,0,0,0,0,-10000,0,0,0,0,10000,-10000,-10000
04737P,正崴永豐94售02  ,0,0,0,0,0,0,0,0,0,-10000,0,0,0,0,10000,-10000,-10000
047345,鴻海凱基94購06  ,0,0,0,0,0,0,0,0,0,-10000,0,0,0,0,10000,-10000,-10000
047354,訊芯凱基94購01  ,0,0,0,0,0,0,0,0,0,-10000,0,0,0,0,10000,-10000,-10000
046268,嘉晶凱基93購02  ,0,0,0,0,0,0,0,0,0,-10000,0,0,0,0,10000,-10000,-10000
046217,康友富邦94購01  ,0,0,0,0,0,0,0,0,0,-10000,0,0,0,8000,18000,-10000,-10000
045547,滬深2X國票95購01,0,0,0,0,0,0,0,0,0,-10000,0,0,0,0,10000,-10000,-10000
04651P,臺股指凱基94售10,0,0,0,0,0,0,0,0,0,-10000,0,0,0,0,10000,-10000,-10000
048371,華固統一93購02  ,0,0,0,0,0,0,0,0,0,-10000,0,0,0,0,10000,-10000,-10000
04828P,聯發科凱基94售15,0,0,0,0,0,0,0,0,0,-10000,0,0,0,57000,67000,-10000,-10000
049199,茂林永豐95購01  ,0,0,0,0,0,0,0,0,0,-10000,0,0,0,0,10000,-10000,-10000
049229,台化富邦94購01  ,0,0,0,0,0,0,0,0,0,-10000,0,0,0,20000,30000,-10000,-10000
049249,台達電元大94購05,0,0,0,0,0,0,0,0,0,-10000,0,0,0,0,10000,-10000,-10000
049242,佳世達元富96購01,0,0,0,0,0,0,0,0,0,-10000,0,0,0,0,10000,-10000,-10000
049245,和鑫元富95購01  ,0,0,0,0,0,0,0,0,0,-10000,0,0,0,0,10000,-10000,-10000
04913P,聯詠元富94售02  ,0,0,0,0,0,0,0,0,0,-10000,0,0,0,0,10000,-10000,-10000
049132,大成鋼元大94購01,0,0,0,0,0,0,0,0,0,-10000,0,0,0,0,10000,-10000,-10000
048699,嘉晶國票95購01  ,0,0,0,0,0,0,0,0,0,-10000,0,0,0,0,10000,-10000,-10000
048670,華新科永豐93購03,0,0,0,0,0,0,0,0,0,-10000,0,0,0,12000,22000,-10000,-10000
049290,元油2X群益94購02,0,0,0,0,0,0,0,0,0,-10000,0,0,0,0,10000,-10000,-10000
049258,美律元大94購03  ,0,0,0,0,0,0,0,0,0,-10000,0,0,0,0,10000,-10000,-10000
04807P,聯茂元富94售01  ,0,0,0,0,0,0,0,0,0,-10000,0,0,0,32000,42000,-10000,-10000
048003,旭富元大93購01  ,0,0,0,0,0,0,0,0,0,-10000,0,0,0,0,10000,-10000,-10000
04801P,矽力元大94售02  ,0,0,0,0,0,0,0,0,0,-10000,0,0,0,50000,60000,-10000,-10000
048033,大立光凱基93購28,0,0,0,0,0,0,0,0,0,-10000,0,0,0,40000,50000,-10000,-10000
048144,華固統一93購01  ,0,0,0,0,0,0,0,0,0,-10000,0,0,0,0,10000,-10000,-10000
048150,矽力元富93購01  ,0,0,0,0,0,0,0,0,0,-10000,0,0,0,10000,20000,-10000,-10000
048214,滬深2X凱基96購03,0,0,0,0,0,0,0,0,0,-10000,0,0,0,0,10000,-10000,-10000
048240,嘉聯益國票94購03,0,0,0,0,0,0,0,0,0,-10000,0,0,0,20000,30000,-10000,-10000
047670,矽力永豐93購01  ,0,0,0,0,0,0,0,0,0,-10000,0,0,0,0,10000,-10000,-10000
04774P,金融類元大94售02,0,0,0,0,0,0,0,0,0,-10000,0,0,0,0,10000,-10000,-10000
047987,力成群益93購01  ,0,0,0,0,0,0,0,0,0,-10000,0,0,0,10000,20000,-10000,-10000
051383,京鼎群益96購02  ,0,0,0,0,0,0,0,0,0,-10000,0,0,0,0,10000,-10000,-10000
051436,訊芯元富95購01  ,0,0,0,0,0,0,0,0,0,-10000,0,0,0,0,10000,-10000,-10000
051416,創意國票96購02  ,0,0,0,0,0,0,0,0,0,-10000,0,0,0,0,10000,-10000,-10000
051417,揚明光國票96購01,0,0,0,0,0,0,0,0,0,-10000,0,0,0,0,10000,-10000,-10000
051519,國泰金凱基95購02,10000,0,10000,0,0,0,0,0,0,-20000,0,0,0,5000,25000,-20000,-10000
051526,超眾凱基95購02  ,0,0,0,0,0,0,0,0,0,-10000,0,0,0,0,10000,-10000,-10000
051345,鴻海元大95購09  ,0,0,0,0,0,0,0,0,0,-10000,0,0,0,0,10000,-10000,-10000
050199,南電元大94購09  ,0,0,0,0,0,0,0,0,0,-10000,0,0,0,5000,15000,-10000,-10000
050216,奇力新永豐94購04,0,0,0,0,0,0,0,0,0,-10000,0,0,0,0,10000,-10000,-10000
050227,大立光中信96購01,0,0,0,0,0,0,0,0,0,-10000,0,0,0,0,10000,-10000,-10000
050234,國巨凱基94購10  ,0,0,0,0,0,0,0,0,0,-10000,0,0,0,16000,26000,-10000,-10000
048548,緯穎永豐93購02  ,0,0,0,0,0,0,0,0,0,-10000,0,0,0,20000,30000,-10000,-10000
048488,大立光富邦93購05,0,0,0,0,0,0,0,0,0,-10000,0,0,0,0,10000,-10000,-10000
048404,大立光群益93購11,0,0,0,0,0,0,0,0,0,-10000,0,0,0,0,10000,-10000,-10000
048439,上銀凱基93購09  ,0,0,0,0,0,0,0,0,0,-10000,0,0,0,0,10000,-10000,-10000
048450,聯詠凱基93購09  ,0,0,0,0,0,0,0,0,0,-10000,0,0,0,10000,20000,-10000,-10000
049803,華新科元大95購07,0,0,0,0,0,0,0,0,0,-10000,0,0,0,23000,33000,-10000,-10000
049772,臺股指元富94購01,0,0,0,0,0,0,0,0,0,-10000,0,0,0,0,10000,-10000,-10000
049777,華新科統一94購06,0,0,0,0,0,0,0,0,0,-10000,0,0,0,0,10000,-10000,-10000
049503,矽創元大94購01  ,0,0,0,0,0,0,0,0,0,-10000,0,0,0,0,10000,-10000,-10000
049560,香港反統一95購01,0,0,0,0,0,0,0,0,0,-10000,0,0,0,0,10000,-10000,-10000
04860P,鴻海群益94售07  ,0,0,0,0,0,0,0,0,0,-10000,0,0,0,0,10000,-10000,-10000
049414,台積電凱基94購18,0,0,0,0,0,0,0,0,0,-10000,0,0,0,0,10000,-10000,-10000
04896P,上証2X中信95售01,0,0,0,0,0,0,0,0,0,-10000,0,0,0,10000,20000,-10000,-10000
048910,和鑫富邦98購01  ,0,0,0,0,0,0,0,0,0,-10000,0,0,0,0,10000,-10000,-10000
048918,上証2X永豐94購01,0,0,0,0,0,0,0,0,0,-10000,0,0,0,0,10000,-10000,-10000
048926,燿華永豐95購01  ,0,0,0,0,0,0,0,0,0,-10000,0,0,0,0,10000,-10000,-10000
048876,牧德國票95購02  ,0,0,0,0,0,0,0,0,0,-10000,0,0,0,0,10000,-10000,-10000
048851,台達電群益94購01,0,0,0,0,0,0,0,0,0,-10000,0,0,0,0,10000,-10000,-10000
048804,和碩富邦94購01  ,0,0,0,0,0,0,0,0,0,-10000,0,0,0,10000,20000,-10000,-10000
048729,鴻海麥證94購01  ,0,0,0,0,10000,-10000,0,0,0,-10000,0,0,0,0,10000,-10000,-10000
048719,亞光永豐94購01  ,0,0,0,0,0,0,0,0,0,-10000,0,0,0,0,10000,-10000,-10000
049078,瑞昱凱基94購02  ,0,0,0,0,0,0,0,0,0,-10000,0,0,0,0,10000,-10000,-10000
049109,嘉澤富邦95購01  ,0,0,0,0,0,0,0,0,0,-10000,0,0,0,0,10000,-10000,-10000
049090,茂林凱基94購01  ,0,0,0,0,0,0,0,0,0,-10000,0,0,0,0,10000,-10000,-10000
049708,滬深2X凱基94購02,0,0,0,0,0,0,0,0,0,-10000,0,0,0,0,10000,-10000,-10000
049367,全新元大96購01  ,0,0,0,0,0,0,0,0,0,-10000,0,0,0,0,10000,-10000,-10000
049374,大立光元大94購12,0,0,0,0,0,0,0,0,0,-10000,0,0,0,0,10000,-10000,-10000
049353,茂林永豐94購03  ,0,0,0,0,0,0,0,0,0,-10000,0,0,0,0,10000,-10000,-10000
052730,華新科國泰98購01,0,0,0,0,0,0,0,0,0,-10000,0,0,0,0,10000,-10000,-10000
052673,T50反1國泰97購01,0,0,0,0,0,0,0,0,0,-10000,0,0,0,0,10000,-10000,-10000
052604,建準元大97購01  ,0,0,0,0,0,0,0,0,0,-10000,0,0,0,0,10000,-10000,-10000
052610,貿聯元大97購01  ,0,0,0,0,0,0,0,0,0,-10000,0,0,0,20000,30000,-10000,-10000
050697,冠德凱基96購01  ,0,0,0,0,0,0,0,0,0,-10000,0,0,0,0,10000,-10000,-10000
050704,復盛凱基94購03  ,0,0,0,0,0,0,0,0,0,-10000,0,0,0,0,10000,-10000,-10000
051053,台光電群益95購01,0,0,0,0,0,0,0,0,0,-10000,0,0,0,22000,32000,-10000,-10000
051328,力山永豐95購01  ,0,0,0,0,0,0,0,0,0,-10000,0,0,0,0,10000,-10000,-10000
05132P,鴻海元富95售07  ,0,0,0,0,0,0,0,0,0,-10000,0,0,0,0,10000,-10000,-10000
050633,義隆群益96購02  ,0,0,0,0,0,0,0,0,0,-10000,0,0,0,56000,66000,-10000,-10000
050831,超眾凱基95購01  ,0,0,0,0,0,0,0,0,0,-10000,0,0,0,0,10000,-10000,-10000
050518,台積電元大94購28,0,0,0,0,0,0,0,0,0,-10000,0,0,0,0,10000,-10000,-10000
050552,禾伸堂凱基94購05,0,0,0,0,0,0,0,0,0,-10000,0,0,0,0,10000,-10000,-10000
050725,光磊國票96購01  ,0,0,0,0,0,0,0,0,0,-10000,0,0,0,0,10000,-10000,-10000
051010,美律日盛95購01  ,0,0,0,0,0,0,0,0,0,-10000,0,0,0,0,10000,-10000,-10000
051008,大立光麥證95購01,0,0,0,3000,10000,-7000,0,0,0,-10000,0,0,0,3000,13000,-10000,-10000
050968,超眾永豐95購01  ,0,0,0,0,0,0,0,0,0,-10000,0,0,0,0,10000,-10000,-10000
050600,瑞儀國泰95購01  ,0,0,0,0,0,0,0,0,0,-10000,0,0,0,0,10000,-10000,-10000
05325P,臺股指凱基95售09,0,0,0,0,0,0,0,0,0,-10000,0,0,0,0,10000,-10000,-10000
053178,南亞科統一98購01,0,0,0,0,0,0,0,0,0,-10000,0,0,0,25000,35000,-10000,-10000
05312P,臺股指群益95售11,0,0,0,0,0,0,0,0,0,-10000,0,0,0,0,10000,-10000,-10000
053341,聯發科國票97購03,0,0,0,0,0,0,0,0,0,-10000,0,0,0,100000,110000,-10000,-10000
053297,鎧勝中信98購01  ,0,0,0,0,0,0,0,0,0,-10000,0,0,0,0,10000,-10000,-10000
053298,SP黃豆凱基99購01,0,0,0,0,0,0,0,0,0,-10000,0,0,0,0,10000,-10000,-10000
053350,台表科國票97購02,0,0,0,0,0,0,0,0,0,-10000,0,0,0,5000,15000,-10000,-10000
05335P,臺股指國票95售04,0,0,0,0,0,0,0,0,0,-10000,0,0,0,0,10000,-10000,-10000
05338P,臺股指國票95售07,0,0,0,0,0,0,0,0,0,-10000,0,0,0,0,10000,-10000,-10000
05299P,旺宏元大95售04  ,0,0,0,0,0,0,0,0,0,-10000,0,0,0,0,10000,-10000,-10000
053038,華邦電凱基97購01,0,0,0,0,0,0,0,0,0,-10000,0,0,0,0,10000,-10000,-10000
053085,華新科元大97購04,0,0,0,0,0,0,0,0,0,-10000,0,0,0,14000,24000,-10000,-10000
053099,正崴元富96購01  ,0,0,0,0,0,0,0,0,0,-10000,0,0,0,0,10000,-10000,-10000
052830,台光電群益96購01,0,0,0,0,0,0,0,0,0,-10000,0,0,0,40000,50000,-10000,-10000
052789,台積電麥證96購01,0,0,0,10000,20000,-10000,0,0,0,-10000,0,0,0,10000,20000,-10000,-10000
052807,貿聯元大98購01  ,0,0,0,0,0,0,0,0,0,-10000,0,0,0,0,10000,-10000,-10000
052917,大立光富邦99購02,0,0,0,0,0,0,0,0,0,-10000,0,0,0,81000,91000,-10000,-10000
052950,超眾國票98購01  ,0,0,0,0,0,0,0,0,0,-10000,0,0,0,10000,20000,-10000,-10000
052510,聯發科凱基95購13,0,0,0,0,0,0,0,0,0,-10000,0,0,0,0,10000,-10000,-10000
051681,日月光兆豐95購01,0,0,0,0,0,0,0,0,0,-10000,0,0,0,0,10000,-10000,-10000
051702,鴻海群益95購08  ,0,0,0,0,0,0,0,0,0,-10000,0,0,0,0,10000,-10000,-10000
051714,健鼎台新95購01  ,0,0,0,0,0,0,0,0,0,-10000,0,0,0,0,10000,-10000,-10000
051743,揚明光國票96購02,0,0,0,0,0,0,0,0,0,-10000,0,0,0,0,10000,-10000,-10000
050274,GIS元大94購05   ,0,0,0,0,0,0,0,0,0,-10000,0,0,0,140000,150000,-10000,-10000
051854,鴻海麥證95購04  ,0,0,0,0,10000,-10000,0,0,0,-10000,0,0,0,0,10000,-10000,-10000
051855,道瓊反凱基97購01,0,0,0,0,0,0,0,0,0,-10000,0,0,0,0,10000,-10000,-10000
052560,康舒國票97購01  ,0,0,0,0,0,0,0,0,0,-10000,0,0,0,0,10000,-10000,-10000
050320,台表科國票94購01,0,0,0,0,0,0,0,0,0,-10000,0,0,0,0,10000,-10000,-10000
05030P,台積電元富95售04,0,0,0,0,0,0,0,0,0,-10000,0,0,0,0,10000,-10000,-10000
051206,大立光麥證95購02,0,0,0,0,10000,-10000,0,0,0,-10000,0,0,0,0,10000,-10000,-10000
051947,矽力統一95購01  ,0,0,0,0,0,0,0,0,0,-10000,0,0,0,0,10000,-10000,-10000
050711,TPK中信94購01   ,0,0,0,0,0,0,0,0,0,-10000,0,0,0,0,10000,-10000,-10000
051297,台積電凱基95購07,0,0,0,0,0,0,0,0,0,-10000,0,0,0,0,10000,-10000,-10000
05043P,佳世達元富95售01,0,0,0,0,0,0,0,0,0,-10000,0,0,0,0,10000,-10000,-10000
049947,S&P反1中信97購01,0,0,0,0,0,0,0,0,0,-10000,0,0,0,0,10000,-10000,-10000
049935,南電元大94購08  ,0,0,0,0,0,0,0,0,0,-10000,0,0,0,0,10000,-10000,-10000
049991,臺股指凱基96購04,0,0,0,0,0,0,0,0,0,-10000,0,0,0,0,10000,-10000,-10000
050408,臻鼎台新94購02  ,0,0,0,0,0,0,0,0,0,-10000,0,0,0,0,10000,-10000,-10000
050396,欣興元富94購02  ,0,0,0,0,0,0,0,0,0,-10000,0,0,0,0,10000,-10000,-10000
050348,鴻海群益94購06  ,0,0,0,0,0,0,0,0,0,-10000,0,0,0,65000,75000,-10000,-10000
052393,康友群益95購05  ,0,0,0,0,0,0,0,0,0,-10000,0,0,0,50000,60000,-10000,-10000
052400,聯詠凱基97購01  ,0,0,0,0,0,0,0,0,0,-10000,0,0,0,0,10000,-10000,-10000
052445,南亞科元大95購05,0,0,0,0,0,0,0,0,0,-10000,0,0,0,70000,80000,-10000,-10000
052312,美律富邦96購02  ,0,0,0,0,0,0,0,0,0,-10000,0,0,0,0,10000,-10000,-10000
052323,矽力元大95購04  ,0,0,0,0,0,0,0,0,0,-10000,0,0,0,0,10000,-10000,-10000
052202,矽力統一96購01  ,0,0,0,0,0,0,0,0,0,-10000,0,0,0,0,10000,-10000,-10000
05207P,高股息中信97售03,0,0,0,0,0,0,0,0,0,-10000,0,0,0,0,10000,-10000,-10000
05226P,智邦統一95售01  ,0,0,0,0,0,0,0,0,0,-10000,0,0,0,0,10000,-10000,-10000
05574P,英業達元富96售01,0,0,0,0,0,0,0,0,0,-10000,0,0,0,0,10000,-10000,-10000
055819,晶相光國票98購01,0,0,0,0,0,0,0,0,0,-10000,0,0,0,0,10000,-10000,-10000
055802,新日興永豐97購01,0,0,0,0,0,0,0,0,0,-10000,0,0,0,0,10000,-10000,-10000
055522,道瓊反群益01購01,0,0,0,0,0,0,0,0,0,-10000,0,0,0,0,10000,-10000,-10000
055621,國巨國泰98購03  ,0,0,0,0,0,0,0,0,0,-10000,0,0,0,0,10000,-10000,-10000
055633,牧德永豐97購02  ,0,0,0,0,0,0,0,0,0,-10000,0,0,0,0,10000,-10000,-10000
055969,彩晶元大99購02  ,0,0,0,0,0,0,0,0,0,-10000,0,0,0,20000,30000,-10000,-10000
055914,大立光凱基97購13,0,0,0,0,0,0,0,0,0,-10000,0,0,0,0,10000,-10000,-10000
055908,GIS日盛97購01   ,0,0,0,0,0,0,0,0,0,-10000,0,0,0,0,10000,-10000,-10000
05606P,TPK國票97售02   ,0,0,0,0,0,0,0,0,0,-10000,0,0,0,10000,20000,-10000,-10000
056051,T50反1元大97購05,0,0,0,0,0,0,0,0,0,-10000,0,0,0,0,10000,-10000,-10000
05601P,鴻海元大97售04  ,0,0,0,0,0,0,0,0,0,-10000,0,0,0,203000,213000,-10000,-10000
05526P,茂林群益96售03  ,0,0,0,0,0,0,0,0,0,-10000,0,0,0,11000,21000,-10000,-10000
055469,台光電凱基97購01,0,0,0,0,0,0,0,0,0,-10000,0,0,0,0,10000,-10000,-10000
055437,禾伸堂中信99購01,0,0,0,0,0,0,0,0,0,-10000,0,0,0,0,10000,-10000,-10000
055480,元上證元大97購02,0,0,0,0,0,0,0,0,0,-10000,0,0,0,18000,28000,-10000,-10000
055476,台郡凱基97購02  ,0,0,0,0,0,0,0,0,0,-10000,0,0,0,0,10000,-10000,-10000
055490,台光電元大97購01,0,0,0,0,0,0,0,0,0,-10000,0,0,0,0,10000,-10000,-10000
055487,國巨元大98購07  ,0,0,0,0,0,0,0,0,0,-10000,0,0,0,0,10000,-10000,-10000
055390,國巨統一98購03  ,0,0,0,0,0,0,0,0,0,-10000,0,0,0,3000,13000,-10000,-10000
05540P,亞德客凱基96售01,0,0,0,0,0,0,0,0,0,-10000,0,0,0,30000,40000,-10000,-10000
05539P,鎧勝永豐96售01  ,0,0,0,0,0,0,0,0,0,-10000,0,0,0,0,10000,-10000,-10000
055402,正文元富97購02  ,0,0,0,0,0,0,0,0,0,-10000,0,0,0,30000,40000,-10000,-10000
055075,南電永豐97購01  ,0,0,0,0,0,0,0,0,0,-10000,0,0,0,53000,63000,-10000,-10000
055178,晶豪科統一97購01,0,0,0,0,0,0,0,0,0,-10000,0,0,0,30000,40000,-10000,-10000
055173,瑞昱統一97購01  ,0,0,0,0,0,0,0,0,0,-10000,0,0,0,10000,20000,-10000,-10000
054920,智原凱基98購01  ,0,0,0,0,0,0,0,0,0,-10000,0,0,0,10000,20000,-10000,-10000
054927,帆宣凱基97購01  ,0,0,0,0,0,0,0,0,0,-10000,0,0,0,0,10000,-10000,-10000
054934,金寶元大97購01  ,0,0,0,0,0,0,0,0,0,-10000,0,0,0,0,10000,-10000,-10000
055022,精元國泰99購01  ,0,0,0,0,0,0,0,0,0,-10000,0,0,0,20000,30000,-10000,-10000
055001,京鼎元富97購01  ,0,0,0,0,0,0,0,0,0,-10000,0,0,0,0,10000,-10000,-10000
054949,奇力新元大98購01,0,0,0,0,0,0,0,0,0,-10000,0,0,0,95000,105000,-10000,-10000
054950,奇力新元大98購02,0,0,0,0,0,0,0,0,0,-10000,0,0,0,0,10000,-10000,-10000
053837,貿聯永豐96購02  ,0,0,0,0,0,0,0,0,0,-10000,0,0,0,0,10000,-10000,-10000
053829,力成麥證96購01  ,0,0,0,20000,30000,-10000,0,0,0,-10000,0,0,0,20000,30000,-10000,-10000
053901,T50反1凱基99購03,0,0,0,0,0,0,0,0,0,-10000,0,0,0,0,10000,-10000,-10000
053872,臻鼎元大96購04  ,0,0,0,0,0,0,0,0,0,-10000,0,0,0,0,10000,-10000,-10000
053886,亞光兆豐96購01  ,0,0,0,0,0,0,0,0,0,-10000,0,0,0,0,10000,-10000,-10000
05388P,南亞科元大95售04,0,0,0,0,0,0,0,0,0,-10000,0,0,0,0,10000,-10000,-10000
054062,TPK國票96購02   ,0,0,0,0,0,0,0,0,0,-10000,0,0,0,60000,70000,-10000,-10000
054037,T50反1元大96購09,0,0,0,0,0,0,0,0,0,-10000,0,0,0,0,10000,-10000,-10000
054026,台積電凱基97購08,0,0,0,0,0,0,0,0,0,-10000,0,0,0,0,10000,-10000,-10000
054089,台積電群益96購11,0,0,0,0,0,0,0,0,0,-10000,0,0,0,1000,11000,-10000,-10000
054099,TPK國票98購01   ,0,0,0,0,0,0,0,0,0,-10000,0,0,0,0,10000,-10000,-10000
05379P,可成凱基95售11  ,0,0,0,0,0,0,0,0,0,-10000,0,0,0,0,10000,-10000,-10000
053772,大成鋼元大96購02,0,0,0,0,0,0,0,0,0,-10000,0,0,0,0,10000,-10000,-10000
053655,全新凱基98購02  ,0,0,0,0,0,0,0,0,0,-10000,0,0,0,10000,20000,-10000,-10000
053691,聯發科元大96購16,0,0,0,0,0,0,0,0,0,-10000,0,0,0,0,10000,-10000,-10000
05356P,臺股指元富95售10,0,0,0,0,0,0,0,0,0,-10000,490000,0,490000,240000,740000,-500000,-10000
053498,大立光兆豐96購03,0,0,0,0,0,0,0,0,0,-10000,0,0,0,0,10000,-10000,-10000
053489,上銀兆豐97購01  ,0,0,0,0,0,0,0,0,0,-10000,0,0,0,0,10000,-10000,-10000
053534,微星永豐96購02  ,0,0,0,0,0,0,0,0,0,-10000,0,0,0,0,10000,-10000,-10000
054741,亞光凱基99購01  ,0,0,0,0,0,0,0,0,0,-10000,0,0,0,32000,42000,-10000,-10000
05470P,康控元大95售05  ,0,0,0,0,0,0,0,0,0,-10000,0,0,0,13000,23000,-10000,-10000
054787,華新科群益97購04,0,0,0,0,0,0,0,0,0,-10000,0,0,0,0,10000,-10000,-10000
05462P,美律亞東97售01  ,0,0,0,0,0,0,0,0,0,-10000,0,0,0,0,10000,-10000,-10000
054612,慧洋永豐97購01  ,0,0,0,0,0,0,0,0,0,-10000,0,0,0,0,10000,-10000,-10000
054690,新興永豐97購01  ,0,0,0,0,0,0,0,0,0,-10000,0,0,0,0,10000,-10000,-10000
054540,泰鼎國票99購01  ,0,0,0,0,0,0,0,0,0,-10000,0,0,0,0,10000,-10000,-10000
054366,和大中信98購01  ,0,0,0,0,0,0,0,0,0,-10000,0,0,0,60000,70000,-10000,-10000
054396,日電貿永豐96購02,0,0,0,0,0,0,0,0,0,-10000,0,0,0,0,10000,-10000,-10000
054440,TPK台新98購01   ,0,0,0,0,0,0,0,0,0,-10000,0,0,0,0,10000,-10000,-10000
05447P,臺股指元大95售24,0,0,0,0,0,0,0,0,0,-10000,0,0,0,0,10000,-10000,-10000
054195,亞泥國泰98購01  ,0,0,0,0,0,0,0,0,0,-10000,0,0,0,10000,20000,-10000,-10000
054340,大成鋼元富96購01,0,0,0,0,0,0,0,0,0,-10000,0,0,0,0,10000,-10000,-10000
054274,智易中信96購02  ,0,0,0,0,0,0,0,0,0,-10000,0,0,0,0,10000,-10000,-10000
8131,福懋科          ,120000,120000,0,0,0,0,0,0,0,-10000,0,1000,-1000,0,9000,-9000,-10000
06585P,鴻海元大99售04  ,0,0,0,0,0,0,0,0,0,-10000,0,0,0,0,10000,-10000,-10000
06616P,國巨元大98售15  ,0,0,0,0,0,0,0,0,0,-10000,0,0,0,157000,167000,-10000,-10000
06538P,國巨凱基98售11  ,0,0,0,0,0,0,0,0,0,-10000,0,0,0,0,10000,-10000,-10000
06502P,A50中信98售01   ,0,0,0,0,0,0,0,0,0,-10000,0,0,0,0,10000,-10000,-10000
06480P,上銀凱基98售04  ,0,0,0,0,0,0,0,0,0,-10000,0,0,0,0,10000,-10000,-10000
06751P,旺宏凱基98售10  ,0,0,0,0,0,0,0,0,0,-10000,0,0,0,100000,110000,-10000,-10000
06703P,新日興元富98售02,0,0,0,0,0,0,0,0,0,-10000,0,0,0,50000,60000,-10000,-10000
06699P,台積電統一98售11,0,0,0,0,0,0,0,0,0,-10000,0,0,0,0,10000,-10000,-10000
06746P,聯發科群益99售02,0,0,0,0,0,0,0,0,0,-10000,0,0,0,0,10000,-10000,-10000
06675P,國巨國票99售02  ,0,0,0,0,0,0,0,0,0,-10000,0,0,0,16000,26000,-10000,-10000
06662P,玉晶光中信9A售01,0,0,0,0,0,0,0,0,0,-10000,0,0,0,0,10000,-10000,-10000
06685P,鴻海國泰9A售01  ,0,0,0,0,0,0,0,0,0,-10000,0,0,0,0,10000,-10000,-10000
06686P,麗豐永豐98售02  ,0,0,0,0,0,0,0,0,0,-10000,0,0,0,28000,38000,-10000,-10000
06143P,鴻海永豐97售02  ,0,0,0,0,0,0,0,0,0,-10000,0,0,0,0,10000,-10000,-10000
06161P,聯發科群益97售03,0,0,0,0,0,0,0,0,0,-10000,0,0,0,10000,20000,-10000,-10000
06336P,鴻海元大98售05  ,0,0,0,0,0,0,0,0,0,-10000,0,0,0,0,10000,-10000,-10000
06340P,鴻海統一98售06  ,0,0,0,0,0,0,0,0,0,-10000,0,0,0,0,10000,-10000,-10000
06341P,大立光統一97售08,0,0,0,0,0,0,0,0,0,-10000,0,0,0,0,10000,-10000,-10000
06383P,聯茂元富97售01  ,0,0,0,0,0,0,0,0,0,-10000,0,0,0,30000,40000,-10000,-10000
2028,威致            ,0,12000,-12000,0,0,0,0,0,0,2000,2000,0,2000,0,0,0,-10000
06862P,大立光凱基98售16,0,0,0,0,0,0,0,0,0,-10000,0,0,0,0,10000,-10000,-10000
057900,南亞科永豐98購01,0,0,0,0,0,0,0,0,0,-11000,0,0,0,201000,212000,-11000,-11000
057614,華新科元富99購04,0,0,0,0,0,0,0,0,0,-11000,0,0,0,10000,21000,-11000,-11000
05730P,臺股指凱基97售03,0,0,0,0,0,0,0,0,0,-11000,0,0,0,50000,61000,-11000,-11000
057322,旺宏群益98購04  ,0,0,0,0,0,0,0,0,0,-11000,0,0,0,0,11000,-11000,-11000
048859,玉晶光群益96購02,0,0,0,0,0,0,0,0,0,-11000,0,0,0,32000,43000,-11000,-11000
049828,華新科凱基94購06,0,0,0,0,0,0,0,0,0,-11000,0,0,0,78000,89000,-11000,-11000
048425,聯茂元富96購02  ,0,0,0,0,0,0,0,0,0,-11000,0,0,0,0,11000,-11000,-11000
050193,臻鼎元大94購02  ,0,0,0,0,0,0,0,0,0,-11000,0,0,0,0,11000,-11000,-11000
048161,旺宏麥證94購01  ,0,0,0,20000,31000,-11000,0,0,0,-11000,0,0,0,20000,31000,-11000,-11000
04864P,欣興元大94售10  ,0,0,0,0,0,0,0,0,0,-11000,0,0,0,0,11000,-11000,-11000
04826P,華新科麥證95售01,0,0,0,50000,61000,-11000,0,0,0,-11000,0,0,0,50000,61000,-11000,-11000
04614P,光罩群益94售02  ,0,0,0,0,0,0,0,0,0,-11000,0,0,0,0,11000,-11000,-11000
04626P,聯發科元大94售07,0,0,0,0,0,0,0,0,0,-11000,0,0,0,0,11000,-11000,-11000
052482,茂林群益95購01  ,0,0,0,0,0,0,0,0,0,-11000,0,0,0,40000,51000,-11000,-11000
050406,台積電台新95購02,0,0,0,0,0,0,0,0,0,-11000,0,0,0,9000,20000,-11000,-11000
05192P,玉晶光台新96售02,0,0,0,0,0,0,0,0,0,-11000,0,0,0,0,11000,-11000,-11000
052552,智邦國票97購01  ,0,0,0,0,0,0,0,0,0,-11000,0,0,0,13000,24000,-11000,-11000
051861,鴻海凱基98購01  ,0,0,0,0,0,0,0,0,0,-11000,0,0,0,6000,17000,-11000,-11000
051735,台積電國票96購06,0,0,0,0,0,0,0,0,0,-11000,0,0,0,27000,38000,-11000,-11000
05250P,臻鼎國票96售01  ,0,0,0,0,0,0,0,0,0,-11000,0,0,0,9000,20000,-11000,-11000
053188,旺宏統一97購03  ,0,0,0,0,0,0,0,0,0,-11000,0,0,0,121000,132000,-11000,-11000
050594,康友永豐94購01  ,0,0,0,0,0,0,0,0,0,-11000,0,0,0,0,11000,-11000,-11000
050620,和碩元大94購04  ,0,0,0,0,0,0,0,0,0,-11000,0,0,0,5000,16000,-11000,-11000
052586,晶豪科永豐96購01,0,0,0,0,0,0,0,0,0,-11000,0,0,0,37000,48000,-11000,-11000
05269P,臻鼎元大95售05  ,0,0,0,0,0,0,0,0,0,-11000,0,0,0,0,11000,-11000,-11000
054230,上銀群益96購03  ,0,0,0,0,0,0,0,0,0,-11000,0,0,0,62000,73000,-11000,-11000
054519,禾伸堂元大97購02,0,0,0,0,0,0,0,0,0,-11000,0,0,0,0,11000,-11000,-11000
054589,聯鈞國泰99購01  ,0,0,0,0,0,0,0,0,0,-11000,0,0,0,29000,40000,-11000,-11000
054676,牧德台新98購01  ,0,0,0,0,0,0,0,0,0,-11000,0,0,0,29000,40000,-11000,-11000
054799,超眾群益98購01  ,0,0,0,0,0,0,0,0,0,-11000,0,0,0,0,11000,-11000,-11000
053631,欣興兆豐97購01  ,0,0,0,0,0,0,0,0,0,-11000,0,0,0,1000,12000,-11000,-11000
054101,茂林國票97購04  ,0,0,0,0,0,0,0,0,0,-11000,0,0,0,23000,34000,-11000,-11000
054066,緯穎國票97購03  ,0,0,0,0,0,0,0,0,0,-11000,0,0,0,0,11000,-11000,-11000
053893,京鼎群益97購02  ,0,0,0,0,0,0,0,0,0,-11000,0,0,0,0,11000,-11000,-11000
053898,康友群益97購01  ,0,0,0,0,0,0,0,0,0,-11000,0,0,0,46000,57000,-11000,-11000
053936,旺宏元富96購04  ,0,0,0,0,0,0,0,0,0,-11000,0,0,0,0,11000,-11000,-11000
055021,亞德客國泰98購01,0,0,0,0,0,0,0,0,0,-11000,0,0,0,15000,26000,-11000,-11000
055190,華新科元富97購01,0,0,0,0,0,0,0,0,0,-11000,0,0,0,134000,145000,-11000,-11000
055053,瑞昱永豐97購01  ,0,0,0,0,0,0,0,0,0,-11000,0,0,0,0,11000,-11000,-11000
055093,京鼎群益98購01  ,0,0,0,0,0,0,0,0,0,-11000,0,0,0,0,11000,-11000,-11000
055094,智易群益98購01  ,0,0,0,0,0,0,0,0,0,-11000,0,0,0,0,11000,-11000,-11000
055507,樺漢元大98購02  ,0,0,0,0,0,0,0,0,0,-11000,0,0,0,92000,103000,-11000,-11000
055333,晶豪科兆豐97購01,0,0,0,0,0,0,0,0,0,-11000,0,0,0,86000,97000,-11000,-11000
055306,燿華群益97購01  ,0,0,0,0,0,0,0,0,0,-11000,0,0,0,0,11000,-11000,-11000
056119,欣興群益97購02  ,0,0,0,0,0,0,0,0,0,-11000,0,0,0,19000,30000,-11000,-11000
055925,上銀群益97購01  ,0,0,0,0,0,0,0,0,0,-11000,0,0,0,22000,33000,-11000,-11000
055935,創意群益97購02  ,0,0,0,0,0,0,0,0,0,-11000,0,0,0,0,11000,-11000,-11000
055598,欣興元大97購03  ,0,0,0,0,0,0,0,0,0,-11000,0,0,0,133000,144000,-11000,-11000
055529,華邦電群益97購02,0,0,0,0,0,0,0,0,0,-11000,0,0,0,0,11000,-11000,-11000
055537,康友群益97購03  ,0,0,0,0,0,0,0,0,0,-11000,0,0,0,45000,56000,-11000,-11000
05571P,大立光統一96售03,0,0,0,0,0,0,0,0,0,-11000,0,0,0,39000,50000,-11000,-11000
2705,六福            ,0,11000,-11000,0,0,0,0,0,0,0,0,0,0,0,0,0,-11000
06409P,康友元富97售03  ,0,0,0,0,0,0,0,0,0,-11000,0,0,0,9000,20000,-11000,-11000
06152P,玉晶光元大98售06,0,0,0,0,0,0,0,0,0,-11000,0,0,0,55000,66000,-11000,-11000
06711P,臺股指台新99售08,0,0,0,0,0,0,0,0,0,-11000,0,0,0,4000,15000,-11000,-11000
5907,大洋-KY         ,38000,49000,-11000,0,0,0,0,0,0,0,0,0,0,0,0,0,-11000
6409,旭隼            ,231000,241000,-10000,0,0,0,0,0,0,-1000,0,1000,-1000,0,0,0,-11000
057235,亞光凱基98購04  ,0,0,0,0,0,0,0,0,0,-12000,0,0,0,47000,59000,-12000,-12000
057197,立積台新98購01  ,0,0,0,0,0,0,0,0,0,-12000,0,0,0,156000,168000,-12000,-12000
056865,樺漢群益98購01  ,0,0,0,0,0,0,0,0,0,-12000,0,0,0,108000,120000,-12000,-12000
05681P,大立光元大96售05,0,0,0,0,0,0,0,0,0,-12000,0,0,0,0,12000,-12000,-12000
056480,京鼎元大98購02  ,0,0,0,0,0,0,0,0,0,-12000,0,0,0,0,12000,-12000,-12000
057636,上銀元大98購06  ,0,0,0,0,0,0,0,0,0,-12000,0,0,0,21000,33000,-12000,-12000
057654,A50正2中信98購01,0,0,0,0,0,0,0,0,0,-12000,0,0,0,0,12000,-12000,-12000
057687,中502X凱基98購01,0,0,0,0,0,0,0,0,0,-12000,0,0,0,0,12000,-12000,-12000
057609,友訊元富98購01  ,0,0,0,0,0,0,0,0,0,-12000,0,0,0,128000,140000,-12000,-12000
057603,樺漢群益98購02  ,0,0,0,0,0,0,0,0,0,-12000,0,0,0,98000,110000,-12000,-12000
057597,華通群益9A購02  ,0,0,0,0,0,0,0,0,0,-12000,0,0,0,27000,39000,-12000,-12000
057452,新日興元富98購01,0,0,0,0,0,0,0,0,0,-12000,0,0,0,57000,69000,-12000,-12000
057514,華新科元富99購03,0,0,0,0,0,0,0,0,0,-12000,0,0,0,3000,15000,-12000,-12000
05750P,臺股指群益99售04,0,0,0,0,0,0,0,0,0,-12000,0,0,0,0,12000,-12000,-12000
05793P,臺股指中信99售08,0,0,0,0,0,0,0,0,0,-12000,0,0,0,10000,22000,-12000,-12000
05915P,聯發科元大96售19,0,0,0,0,0,0,0,0,0,-12000,0,0,0,0,12000,-12000,-12000
058417,國巨麥證99購01  ,0,0,0,0,12000,-12000,0,0,0,-12000,0,0,0,0,12000,-12000,-12000
058403,玉晶光元大99購12,0,0,0,0,0,0,0,0,0,-12000,0,0,0,8000,20000,-12000,-12000
058378,南電凱基99購01  ,0,0,0,0,0,0,0,0,0,-12000,0,0,0,0,12000,-12000,-12000
05903P,聯發科統一96售09,0,0,0,0,0,0,0,0,0,-12000,0,0,0,0,12000,-12000,-12000
05875P,旺宏群益98售01  ,0,0,0,0,0,0,0,0,0,-12000,0,0,0,16000,28000,-12000,-12000
045870,元油2X元富96購02,0,0,0,0,0,0,0,0,0,-12000,0,0,0,0,12000,-12000,-12000
04730P,臺股指中信96售02,0,0,0,0,0,0,0,0,0,-12000,0,0,0,182000,194000,-12000,-12000
044850,南亞科統一94購01,0,0,0,0,0,0,0,0,0,-12000,0,0,0,48000,60000,-12000,-12000
04514P,元石油中信97售01,0,0,0,0,0,0,0,0,0,-12000,0,0,0,0,12000,-12000,-12000
049130,臺指反元大98購01,0,0,0,0,0,0,0,0,0,-12000,0,0,0,0,12000,-12000,-12000
042792,T50反1台新9C購01,0,0,0,0,0,0,0,0,0,-12000,0,0,0,0,12000,-12000,-12000
050189,旭富元大94購01  ,0,0,0,0,0,0,0,0,0,-12000,0,0,0,0,12000,-12000,-12000
049735,台光電群益94購03,0,0,0,0,0,0,0,0,0,-12000,0,0,0,10000,22000,-12000,-12000
048900,精成科國泰95購01,0,0,0,0,0,0,0,0,0,-12000,0,0,0,68000,80000,-12000,-12000
048968,可成元大94購02  ,0,0,0,0,0,0,0,0,0,-12000,0,0,0,3000,15000,-12000,-12000
048757,美利達元富96購01,0,0,0,0,0,0,0,0,0,-12000,0,0,0,112000,124000,-12000,-12000
053195,玉晶光元富96購02,0,0,0,0,0,0,0,0,0,-12000,0,0,0,4000,16000,-12000,-12000
053171,中磊群益96購01  ,0,0,0,0,0,0,0,0,0,-12000,0,0,0,115000,127000,-12000,-12000
053142,緯穎永豐96購01  ,0,0,0,0,0,0,0,0,0,-12000,0,0,0,70000,82000,-12000,-12000
053276,友達元大9C購01  ,0,0,0,0,0,0,0,0,0,-12000,0,0,0,123000,135000,-12000,-12000
053459,康控國泰97購01  ,0,0,0,0,0,0,0,0,0,-12000,0,0,0,35000,47000,-12000,-12000
053021,國巨國泰97購04  ,0,0,0,0,0,0,0,0,0,-12000,0,0,0,0,12000,-12000,-12000
05234P,美食康和95售01  ,0,0,0,0,0,0,0,0,0,-12000,0,0,0,0,12000,-12000,-12000
05559P,臺股指麥證96售01,0,0,0,10000,22000,-12000,0,0,0,-12000,0,0,0,10000,22000,-12000,-12000
055135,聯發科富邦99購05,0,0,0,0,0,0,0,0,0,-12000,0,0,0,10000,22000,-12000,-12000
05497P,聯詠統一96售01  ,0,0,0,0,0,0,0,0,0,-12000,0,0,0,14000,26000,-12000,-12000
053743,康控國票97購02  ,0,0,0,0,0,0,0,0,0,-12000,0,0,0,0,12000,-12000,-12000
054823,祥碩元大97購02  ,0,0,0,0,0,0,0,0,0,-12000,0,0,0,24000,36000,-12000,-12000
054530,台光電國泰97購03,0,0,0,0,0,0,0,0,0,-12000,0,0,0,0,12000,-12000,-12000
6277,宏正            ,17000,29000,-12000,0,0,0,0,0,0,0,0,0,0,0,0,0,-12000
6579,研揚            ,1000,13000,-12000,0,0,0,0,0,0,0,0,0,0,0,0,0,-12000
06796P,臺股指凱基98售06,0,0,0,0,0,0,0,0,0,-12000,0,0,0,15000,27000,-12000,-12000
06839P,玉晶光統一9A售05,0,0,0,0,0,0,0,0,0,-12000,0,0,0,11000,23000,-12000,-12000
06557P,台積電兆豐98售02,0,0,0,0,0,0,0,0,0,-12000,0,0,0,32000,44000,-12000,-12000
2425,承啟            ,71000,83000,-12000,0,0,0,0,0,0,0,0,0,0,0,0,0,-12000
058131,義隆元大99購02  ,0,0,0,0,0,0,0,0,0,-13000,0,0,0,80000,93000,-13000,-13000
05827P,台積電統一96售10,0,0,0,0,0,0,0,0,0,-13000,0,0,0,7000,20000,-13000,-13000
057959,欣興元大98購14  ,0,0,0,0,0,0,0,0,0,-13000,0,0,0,50000,63000,-13000,-13000
05795P,華邦電群益96售05,0,0,0,0,0,0,0,0,0,-13000,0,0,0,12000,25000,-13000,-13000
057945,京鼎國票99購03  ,0,0,0,0,0,0,0,0,0,-13000,0,0,0,13000,26000,-13000,-13000
057599,技嘉群益9A購01  ,0,0,0,0,0,0,0,0,0,-13000,0,0,0,11000,24000,-13000,-13000
056730,元油2X凱基9A購04,0,0,0,0,0,0,0,0,0,-13000,0,0,0,0,13000,-13000,-13000
05615P,臺股指康和96售04,0,0,0,0,0,0,0,0,0,-13000,0,0,0,0,13000,-13000,-13000
056439,華邦電凱基98購02,0,0,0,0,0,0,0,0,0,-13000,0,0,0,145000,158000,-13000,-13000
05704P,矽力群益96售04  ,0,0,0,0,0,0,0,0,0,-13000,0,0,0,0,13000,-13000,-13000
057155,元油2X富邦9B購02,0,0,0,0,0,0,0,0,0,-13000,0,0,0,0,13000,-13000,-13000
048892,台郡元富97購01  ,0,0,0,0,0,0,0,0,0,-13000,0,0,0,0,13000,-13000,-13000
049370,可成元大94購03  ,0,0,0,0,0,0,0,0,0,-13000,0,0,0,85000,98000,-13000,-13000
049747,嘉晶永豐94購02  ,0,0,0,0,0,0,0,0,0,-13000,0,0,0,0,13000,-13000,-13000
049785,華新科兆豐95購01,0,0,0,0,0,0,0,0,0,-13000,0,0,0,1000,14000,-13000,-13000
048476,同欣電永豐93購01,0,0,0,0,0,0,0,0,0,-13000,0,0,0,24000,37000,-13000,-13000
04551P,台表科元大94售02,0,0,0,0,0,0,0,0,0,-13000,0,0,0,17000,30000,-13000,-13000
052369,矽力國票96購02  ,0,0,0,0,0,0,0,0,0,-13000,0,0,0,3000,16000,-13000,-13000
052224,楠梓電凱基97購01,0,0,0,0,0,0,0,0,0,-13000,0,0,0,2000,15000,-13000,-13000
05046P,台光電永豐95售02,0,0,0,0,0,0,0,0,0,-13000,0,0,0,2000,15000,-13000,-13000
051802,同欣電永豐95購02,0,0,0,0,0,0,0,0,0,-13000,0,0,0,24000,37000,-13000,-13000
052060,旺宏國票96購02  ,0,0,0,0,0,0,0,0,0,-13000,0,0,0,97000,110000,-13000,-13000
053366,樺漢國泰98購01  ,0,0,0,0,0,0,0,0,0,-13000,0,0,0,0,13000,-13000,-13000
052784,緯穎國票97購02  ,0,0,0,0,0,0,0,0,0,-13000,0,0,0,10000,23000,-13000,-13000
052627,中壽中信98購01  ,0,0,0,0,0,0,0,0,0,-13000,0,0,0,0,13000,-13000,-13000
052633,國巨凱基96購05  ,0,0,0,0,0,0,0,0,0,-13000,0,0,0,71000,84000,-13000,-13000
054574,美律元大99購01  ,0,0,0,0,0,0,0,0,0,-13000,0,0,0,122000,135000,-13000,-13000
054778,世紀鋼國票99購01,0,0,0,0,0,0,0,0,0,-13000,0,0,0,69000,82000,-13000,-13000
054515,華通元大98購02  ,0,0,0,0,0,0,0,0,0,-13000,0,0,0,17000,30000,-13000,-13000
053738,群創麥證96購01  ,0,0,0,10000,23000,-13000,0,0,0,-13000,0,0,0,10000,23000,-13000,-13000
053897,台郡群益96購01  ,0,0,0,0,0,0,0,0,0,-13000,0,0,0,11000,24000,-13000,-13000
055108,智邦凱基98購01  ,0,0,0,0,0,0,0,0,0,-13000,0,0,0,68000,81000,-13000,-13000
055051,藍天永豐97購01  ,0,0,0,0,0,0,0,0,0,-13000,0,0,0,0,13000,-13000,-13000
055508,矽力元大97購01  ,0,0,0,0,0,0,0,0,0,-13000,0,0,0,0,13000,-13000,-13000
055447,華新科統一97購04,0,0,0,0,0,0,0,0,0,-13000,0,0,0,0,13000,-13000,-13000
055371,正崴元大97購02  ,0,0,0,0,0,0,0,0,0,-13000,0,0,0,10000,23000,-13000,-13000
055648,可成元富97購01  ,0,0,0,0,0,0,0,0,0,-13000,0,0,0,144000,157000,-13000,-13000
2530,華建            ,7000,20000,-13000,0,0,0,0,0,0,0,0,0,0,0,0,0,-13000
06882P,聯發科群益98售07,0,0,0,0,0,0,0,0,0,-13000,0,0,0,0,13000,-13000,-13000
06920P,台灣50凱基9A售01,0,0,0,0,0,0,0,0,0,-13000,0,0,0,14000,27000,-13000,-13000
06424P,大成鋼永豐97售01,0,0,0,0,0,0,0,0,0,-13000,0,0,0,37000,50000,-13000,-13000
06416P,大立光群益97售06,0,0,0,0,0,0,0,0,0,-13000,0,0,0,0,13000,-13000,-13000
9941,裕融            ,14568,28000,-13432,0,0,0,0,0,0,0,0,0,0,0,0,0,-13432
057144,南電兆豐98購01  ,0,0,0,0,0,0,0,0,0,-14000,0,0,0,0,14000,-14000,-14000
057258,中環兆豐98購01  ,0,0,0,0,0,0,0,0,0,-14000,0,0,0,232000,246000,-14000,-14000
056838,旺宏元富98購01  ,0,0,0,0,0,0,0,0,0,-14000,0,0,0,84000,98000,-14000,-14000
056391,大立光富邦9C購01,0,0,0,0,0,0,0,0,0,-14000,0,0,0,96000,110000,-14000,-14000
05749P,臺股指群益99售03,0,0,0,0,0,0,0,0,0,-14000,0,0,0,41000,55000,-14000,-14000
057885,台光電群益98購04,0,0,0,0,0,0,0,0,0,-14000,0,0,0,56000,70000,-14000,-14000
058040,FBVIX元大98購01 ,0,0,0,0,0,0,0,0,0,-14000,0,0,0,11000,25000,-14000,-14000
058429,欣興元富99購01  ,0,0,0,0,0,0,0,0,0,-14000,0,0,0,0,14000,-14000,-14000
03180P,台灣50元大01售39,0,0,0,0,0,0,0,0,0,-14000,0,0,0,1000,15000,-14000,-14000
049835,緯穎凱基94購05  ,0,0,0,0,0,0,0,0,0,-14000,0,0,0,6000,20000,-14000,-14000
05107P,鴻海兆豐96售02  ,0,0,0,0,0,0,0,0,0,-14000,0,0,0,46000,60000,-14000,-14000
051067,台積電國票96購03,0,0,0,0,0,0,0,0,0,-14000,0,0,0,51000,65000,-14000,-14000
052121,全新國票96購03  ,0,0,0,0,0,0,0,0,0,-14000,0,0,0,12000,26000,-14000,-14000
05027P,南電群益95售01  ,0,0,0,0,0,0,0,0,0,-14000,0,0,0,67000,81000,-14000,-14000
050425,國巨凱基94購12  ,0,0,0,0,0,0,0,0,0,-14000,0,0,0,30000,44000,-14000,-14000
055400,緯穎統一97購01  ,0,0,0,0,0,0,0,0,0,-14000,0,0,0,56000,70000,-14000,-14000
055482,聚陽元大97購02  ,0,0,0,0,0,0,0,0,0,-14000,0,0,0,18000,32000,-14000,-14000
055028,佐登國泰98購01  ,0,0,0,0,0,0,0,0,0,-14000,0,0,0,41000,55000,-14000,-14000
054951,大毅元大97購01  ,0,0,0,0,0,0,0,0,0,-14000,0,0,0,0,14000,-14000,-14000
053942,超眾國泰96購02  ,0,0,0,0,0,0,0,0,0,-14000,0,0,0,1000,15000,-14000,-14000
054133,奇力新元大97購04,0,0,0,0,0,0,0,0,0,-14000,0,0,0,0,14000,-14000,-14000
054822,祥碩元大97購01  ,0,0,0,0,0,0,0,0,0,-14000,0,0,0,23000,37000,-14000,-14000
054666,強茂元富97購01  ,0,0,0,0,0,0,0,0,0,-14000,0,0,0,20000,34000,-14000,-14000
054640,健策中信9B購01  ,0,0,0,0,0,0,0,0,0,-14000,0,0,0,28000,42000,-14000,-14000
4571,鈞興-KY         ,0,0,0,0,0,0,0,0,0,-14000,0,14000,-14000,0,0,0,-14000
3021,鴻名            ,0,2000,-2000,0,0,0,0,0,0,-12000,0,12000,-12000,0,0,0,-14000
06432P,上銀群益98售01  ,0,0,0,0,0,0,0,0,0,-14000,0,0,0,33000,47000,-14000,-14000
06165P,臺股指凱基9A售03,0,0,0,0,0,0,0,0,0,-14000,0,0,0,0,14000,-14000,-14000
06558P,旺宏元富98售02  ,0,0,0,0,0,0,0,0,0,-14000,0,0,0,4000,18000,-14000,-14000
2607,榮運            ,84000,98000,-14000,0,0,0,0,0,0,0,0,0,0,0,0,0,-14000
2228,劍麟            ,50000,71000,-21000,0,0,0,0,0,0,7000,7000,0,7000,0,0,0,-14000
06024P,台郡國票97售05  ,0,0,0,0,0,0,0,0,0,-15000,0,0,0,38000,53000,-15000,-15000
06022P,緯穎永豐96售03  ,0,0,0,0,0,0,0,0,0,-15000,0,0,0,65000,80000,-15000,-15000
057975,台積電永豐98購05,0,0,0,0,0,0,0,0,0,-15000,0,0,0,0,15000,-15000,-15000
058212,華新科群益9A購01,0,0,0,0,0,0,0,0,0,-15000,0,0,0,0,15000,-15000,-15000
057717,友訊元富98購02  ,0,0,0,0,0,0,0,0,0,-15000,0,0,0,87000,102000,-15000,-15000
057786,聯發科國票98購05,0,0,0,0,0,0,0,0,0,-15000,0,0,0,2000,17000,-15000,-15000
057592,美律兆豐99購01  ,0,0,0,0,0,0,0,0,0,-15000,0,0,0,100000,115000,-15000,-15000
057673,臻鼎元大98購01  ,0,0,0,0,0,0,0,0,0,-15000,0,0,0,15000,30000,-15000,-15000
056416,華新科中信98購01,0,0,0,0,0,0,0,0,0,-15000,0,0,0,10000,25000,-15000,-15000
056333,台積電日盛9B購01,0,0,0,0,0,0,0,0,0,-15000,0,0,0,60000,75000,-15000,-15000
056355,台積電元大98購08,0,0,0,0,0,0,0,0,0,-15000,0,0,0,18000,33000,-15000,-15000
056508,揚明光永豐98購01,0,0,0,0,0,0,0,0,0,-15000,0,0,0,0,15000,-15000,-15000
057034,道瓊反元大9B購01,0,0,0,0,0,0,0,0,0,-15000,0,0,0,0,15000,-15000,-15000
056935,華新科元富98購02,0,0,0,0,0,0,0,0,0,-15000,0,0,0,85000,100000,-15000,-15000
05108P,欣興中信95售02  ,0,0,0,0,0,0,0,0,0,-15000,0,0,0,55000,70000,-15000,-15000
051130,百和群益96購01  ,0,0,0,0,0,0,0,0,0,-15000,0,0,0,0,15000,-15000,-15000
051403,玉晶光永豐95購05,0,0,0,0,0,0,0,0,0,-15000,0,0,0,1000,16000,-15000,-15000
048562,宏達電元大95購01,0,0,0,0,0,0,0,0,0,-15000,0,0,0,33000,48000,-15000,-15000
048438,台表科麥證94購01,0,0,0,15000,30000,-15000,0,0,0,-15000,0,0,0,15000,30000,-15000,-15000
049499,康控元大96購01  ,0,0,0,0,0,0,0,0,0,-15000,0,0,0,0,15000,-15000,-15000
048975,玉晶光元大94購03,0,0,0,0,0,0,0,0,0,-15000,0,0,0,0,15000,-15000,-15000
048908,慧洋富邦95購01  ,0,0,0,0,0,0,0,0,0,-15000,0,0,0,0,15000,-15000,-15000
03088P,大立光元大01售17,0,0,0,0,0,0,0,0,0,-15000,0,0,0,0,15000,-15000,-15000
04380P,欣興元大94售02  ,0,0,0,0,0,0,0,0,0,-15000,0,0,0,0,15000,-15000,-15000
00683L,元大美元指數正2 ,0,0,0,0,0,0,0,0,0,-15000,0,0,0,2000,17000,-15000,-15000
04025P,宏達電國泰94售01,0,0,0,0,0,0,0,0,0,-15000,0,0,0,0,15000,-15000,-15000
045162,玉晶光國泰94購04,0,0,0,0,0,0,0,0,0,-15000,0,0,0,0,15000,-15000,-15000
050443,復盛凱基94購02  ,0,0,0,0,0,0,0,0,0,-15000,0,0,0,30000,45000,-15000,-15000
050166,彩晶國泰95購01  ,0,0,0,0,0,0,0,0,0,-15000,0,0,0,0,15000,-15000,-15000
052410,智邦亞東96購01  ,0,0,0,0,0,0,0,0,0,-15000,0,0,0,0,15000,-15000,-15000
050334,鴻海國泰96購07  ,0,0,0,0,0,0,0,0,0,-15000,0,0,0,10000,25000,-15000,-15000
051848,元金2X中信98購02,0,0,0,0,0,0,0,0,0,-15000,0,0,0,0,15000,-15000,-15000
051057,信邦群益95購01  ,0,0,0,0,0,0,0,0,0,-15000,0,0,0,0,15000,-15000,-15000
050615,奇力新元大95購03,0,0,0,0,0,0,0,0,0,-15000,0,0,0,0,15000,-15000,-15000
052731,宏達電國泰98購01,0,0,0,0,0,0,0,0,0,-15000,0,0,0,65000,80000,-15000,-15000
053354,康控兆豐97購02  ,0,0,0,0,0,0,0,0,0,-15000,0,0,0,85000,100000,-15000,-15000
053145,元黃金元大96購02,0,0,0,0,0,0,0,0,0,-15000,0,0,0,5000,20000,-15000,-15000
053059,聯發科永昌99購01,0,0,0,0,0,0,0,0,0,-15000,0,0,0,53000,68000,-15000,-15000
054502,泰碩永豐96購01  ,0,0,0,0,0,0,0,0,0,-15000,0,0,0,0,15000,-15000,-15000
054210,台光電國票97購03,0,0,0,0,0,0,0,0,0,-15000,0,0,0,0,15000,-15000,-15000
054342,亞光元富99購01  ,0,0,0,0,0,0,0,0,0,-15000,0,0,0,0,15000,-15000,-15000
054170,泰鼎凱基98購01  ,0,0,0,0,0,0,0,0,0,-15000,0,0,0,10000,25000,-15000,-15000
054031,中鋼中信98購01  ,0,0,0,0,0,0,0,0,0,-15000,0,0,0,55000,70000,-15000,-15000
053964,上銀元大96購05  ,0,0,0,0,0,0,0,0,0,-15000,0,0,0,18000,33000,-15000,-15000
053810,台達電群益96購01,0,0,0,0,0,0,0,0,0,-15000,0,0,0,27000,42000,-15000,-15000
053798,台積電中信98購02,0,0,0,0,0,0,0,0,0,-15000,0,0,0,10000,25000,-15000,-15000
054966,貿聯元大98購02  ,0,0,0,0,0,0,0,0,0,-15000,0,0,0,0,15000,-15000,-15000
054865,可成群益97購01  ,0,0,0,0,0,0,0,0,0,-15000,0,0,0,216000,231000,-15000,-15000
055139,欣興永豐97購01  ,0,0,0,0,0,0,0,0,0,-15000,0,0,0,70000,85000,-15000,-15000
055229,大毅國票97購02  ,0,0,0,0,0,0,0,0,0,-15000,0,0,0,7000,22000,-15000,-15000
055904,貿聯亞東99購01  ,0,0,0,0,0,0,0,0,0,-15000,0,0,0,0,15000,-15000,-15000
056021,興富發群益97購01,0,0,0,0,0,0,0,0,0,-15000,0,0,0,15000,30000,-15000,-15000
06876P,台灣50兆豐9B售01,0,0,0,0,0,0,0,0,0,-15000,499000,0,499000,0,514000,-514000,-15000
06959P,鴻海凱基9A售02  ,0,0,0,0,0,0,0,0,0,-15000,0,0,0,0,15000,-15000,-15000
06527P,T50正2富邦9C售01,0,0,0,0,0,0,0,0,0,-15000,0,0,0,0,15000,-15000,-15000
06805P,臺股指群益98售11,0,0,0,0,0,0,0,0,0,-15000,0,0,0,10000,25000,-15000,-15000
06831P,臺股指國票98售07,0,0,0,0,0,0,0,0,0,-15000,0,0,0,0,15000,-15000,-15000
06276P,臺股指凱基97售08,0,0,0,0,0,0,0,0,0,-15000,0,0,0,0,15000,-15000,-15000
8101,華冠            ,1000,16000,-15000,0,0,0,0,0,0,0,0,0,0,0,0,0,-15000
057328,京鼎群益99購02  ,0,0,0,0,0,0,0,0,0,-16000,0,0,0,0,16000,-16000,-16000
057311,玉晶光日盛9A購01,0,0,0,0,0,0,0,0,0,-16000,0,0,0,126000,142000,-16000,-16000
057337,聯發科國票99購02,0,0,0,0,0,0,0,0,0,-16000,0,0,0,16000,32000,-16000,-16000
057109,信邦群益98購01  ,0,0,0,0,0,0,0,0,0,-16000,0,0,0,175000,191000,-16000,-16000
05743P,創意元大96售01  ,0,0,0,0,0,0,0,0,0,-16000,0,0,0,0,16000,-16000,-16000
058089,聯發科元大98購15,0,0,0,0,0,0,0,0,0,-16000,0,0,0,200000,216000,-16000,-16000
058407,滬深2X兆豐9A購01,0,0,0,0,0,0,0,0,0,-16000,0,0,0,0,16000,-16000,-16000
04706P,力山元大95售01  ,0,0,0,0,0,0,0,0,0,-16000,0,0,0,0,16000,-16000,-16000
04461P,燿華元富94售01  ,0,0,0,0,0,0,0,0,0,-16000,0,0,0,6000,22000,-16000,-16000
04315P,台光電國票93售04,0,0,0,0,0,0,0,0,0,-16000,0,0,0,0,16000,-16000,-16000
049451,富邦金統一94購03,0,0,0,0,0,0,0,0,0,-16000,0,0,0,0,16000,-16000,-16000
048261,鴻海元富95購01  ,0,0,0,0,0,0,0,0,0,-16000,0,0,0,76000,92000,-16000,-16000
047734,欣興兆豐94購02  ,0,0,0,0,0,0,0,0,0,-16000,0,0,0,153000,169000,-16000,-16000
052892,大成鋼群益96購01,0,0,0,0,0,0,0,0,0,-16000,0,0,0,15000,31000,-16000,-16000
050665,南電台新94購01  ,0,0,0,0,0,0,0,0,0,-16000,0,0,0,102000,118000,-16000,-16000
052058,臺股指凱基95購16,0,0,0,0,0,0,0,0,0,-16000,0,0,0,195000,211000,-16000,-16000
052386,鴻海群益96購02  ,0,0,0,0,0,0,0,0,0,-16000,0,0,0,159000,175000,-16000,-16000
052387,台積電群益95購08,0,0,0,0,0,0,0,0,0,-16000,0,0,0,452000,468000,-16000,-16000
051298,智邦凱基95購03  ,0,0,0,0,0,0,0,0,0,-16000,0,0,0,0,16000,-16000,-16000
051286,國巨統一97購01  ,0,0,0,0,0,0,0,0,0,-16000,0,0,0,0,16000,-16000,-16000
055274,華泰元大97購02  ,2000,0,2000,0,0,0,0,0,0,-18000,0,0,0,153000,171000,-18000,-16000
054971,帆宣元大97購02  ,0,0,0,0,0,0,0,0,0,-16000,0,0,0,0,16000,-16000,-16000
054998,玉晶光元富97購02,0,0,0,0,0,0,0,0,0,-16000,0,0,0,35000,51000,-16000,-16000
053745,康友國票97購01  ,0,0,0,0,0,0,0,0,0,-16000,0,0,0,0,16000,-16000,-16000
053615,光罩群益96購01  ,0,0,0,0,0,0,0,0,0,-16000,0,0,0,10000,26000,-16000,-16000
053511,鴻海群益96購04  ,0,0,0,0,0,0,0,0,0,-16000,0,0,0,116000,132000,-16000,-16000
05409P,京元電元富95售05,0,0,0,0,0,0,0,0,0,-16000,0,0,0,0,16000,-16000,-16000
054297,台郡元大98購01  ,0,0,0,0,0,0,0,0,0,-16000,0,0,0,1000,17000,-16000,-16000
6136,富爾特          ,5000,21000,-16000,0,0,0,0,0,0,0,0,0,0,0,0,0,-16000
06842P,臺股指統一9A售03,0,0,0,0,0,0,0,0,0,-16000,0,0,0,0,16000,-16000,-16000
06485P,玉晶光群益9A售02,0,0,0,0,0,0,0,0,0,-16000,0,0,0,8000,24000,-16000,-16000
2062,橋椿            ,6000,22000,-16000,0,0,0,0,0,0,0,0,0,0,0,0,0,-16000
057363,華通元大99購02  ,0,0,0,0,0,0,0,0,0,-17000,0,0,0,131000,148000,-17000,-17000
057218,可成群益99購03  ,0,0,0,0,0,0,0,0,0,-17000,0,0,0,121000,138000,-17000,-17000
057066,緯穎富邦99購01  ,0,0,0,0,0,0,0,0,0,-17000,0,0,0,62000,79000,-17000,-17000
049584,台積電元大96購04,0,0,0,0,0,0,0,0,0,-17000,0,0,0,54000,71000,-17000,-17000
01003T,兆豐新光R1      ,1000,18000,-17000,0,0,0,0,0,0,0,0,0,0,0,0,0,-17000
00866,新光Shiller CAPE,0,0,0,0,0,0,0,0,0,-17000,0,0,0,26000,43000,-17000,-17000
04997P,燿華台新95售02  ,0,0,0,0,0,0,0,0,0,-17000,0,0,0,0,17000,-17000,-17000
052010,兆豐金中信95購01,0,0,0,0,0,0,0,0,0,-17000,0,0,0,33000,50000,-17000,-17000
050587,緯穎國票94購02  ,0,0,0,0,0,0,0,0,0,-17000,0,0,0,18000,35000,-17000,-17000
052788,開發金中信98購02,0,0,0,0,0,0,0,0,0,-17000,0,0,0,28000,45000,-17000,-17000
054299,南電元大96購03  ,0,0,0,0,0,0,0,0,0,-17000,0,0,0,4000,21000,-17000,-17000
054365,遠東新中信96購01,0,0,0,0,0,0,0,0,0,-17000,0,0,0,13000,30000,-17000,-17000
053847,美律元富96購02  ,0,0,0,0,0,0,0,0,0,-17000,0,0,0,18000,35000,-17000,-17000
053487,台泥兆豐97購01  ,0,0,0,0,0,0,0,0,0,-17000,0,0,0,18000,35000,-17000,-17000
055287,日電貿元大97購01,0,0,0,0,0,0,0,0,0,-17000,0,0,0,10000,27000,-17000,-17000
056135,緯創元大98購01  ,0,0,0,0,0,0,0,0,0,-17000,0,0,0,8000,25000,-17000,-17000
2836,高雄銀          ,83000,84000,-1000,0,0,0,0,0,0,-16000,0,16000,-16000,0,0,0,-17000
1413,宏洲            ,0,17000,-17000,0,0,0,0,0,0,0,0,0,0,0,0,0,-17000
06539P,聯發科凱基98售12,0,0,0,0,0,0,0,0,0,-17000,0,0,0,180000,197000,-17000,-17000
06312P,樺漢元富97售02  ,0,0,0,0,0,0,0,0,0,-17000,0,0,0,25000,42000,-17000,-17000
06372P,聯發科元大97售21,0,0,0,0,0,0,0,0,0,-17000,0,0,0,215000,232000,-17000,-17000
06203P,奇力新中信98售02,0,0,0,0,0,0,0,0,0,-17000,0,0,0,12000,29000,-17000,-17000
6224,聚鼎            ,22000,39000,-17000,0,0,0,0,0,0,0,0,0,0,0,0,0,-17000
3679,新至陞          ,28000,36000,-8000,0,0,0,0,0,0,-9000,0,9000,-9000,0,0,0,-17000
6591,動力-KY         ,32000,49000,-17000,0,0,0,0,0,0,0,0,0,0,0,0,0,-17000
2395,研華            ,485578,505956,-20378,0,0,0,0,0,0,3000,5000,2000,3000,0,0,0,-17378
057250,大立光統一98購08,0,0,0,0,0,0,0,0,0,-18000,0,0,0,0,18000,-18000,-18000
056540,聯詠凱基98購02  ,0,0,0,0,0,0,0,0,0,-18000,0,0,0,49000,67000,-18000,-18000
056565,欣興群益98購03  ,0,0,0,0,0,0,0,0,0,-18000,0,0,0,292000,310000,-18000,-18000
056356,台積電元大99購01,0,0,0,0,0,0,0,0,0,-18000,0,0,0,402000,420000,-18000,-18000
06032P,健策群益97售03  ,0,0,0,0,0,0,0,0,0,-18000,0,0,0,3000,21000,-18000,-18000
057996,臻鼎中信98購01  ,0,0,0,0,0,0,0,0,0,-18000,0,0,0,97000,115000,-18000,-18000
058201,華通凱基9A購01  ,0,0,0,0,0,0,0,0,0,-18000,0,0,0,0,18000,-18000,-18000
058157,華通台新99購01  ,0,0,0,0,0,0,0,0,0,-18000,0,0,0,0,18000,-18000,-18000
057456,道瓊銀富邦9C購01,0,0,0,0,0,0,0,0,0,-18000,0,0,0,6000,24000,-18000,-18000
057487,聯發科元大98購10,0,0,0,0,0,0,0,0,0,-18000,0,0,0,662000,680000,-18000,-18000
057840,健策富邦99購01  ,0,0,0,0,0,0,0,0,0,-18000,0,0,0,25000,43000,-18000,-18000
047109,華邦電元大94購01,0,0,0,0,0,0,0,0,0,-18000,0,0,0,0,18000,-18000,-18000
04692P,大立光群益94售06,0,0,0,0,0,0,0,0,0,-18000,0,0,0,14000,32000,-18000,-18000
045001,旺宏富邦94購01  ,0,0,0,0,0,0,0,0,0,-18000,0,0,0,5000,23000,-18000,-18000
045975,祥碩凱基93購04  ,0,0,0,0,0,0,0,0,0,-18000,0,0,0,0,18000,-18000,-18000
048273,南電富邦97購01  ,0,0,0,0,0,0,0,0,0,-18000,0,0,0,75000,93000,-18000,-18000
048068,南亞科元富95購01,0,0,0,0,0,0,0,0,0,-18000,0,0,0,63000,81000,-18000,-18000
052932,正文元大97購01  ,0,0,0,0,0,0,0,0,0,-18000,0,0,0,0,18000,-18000,-18000
053045,國巨中信97購01  ,0,0,0,0,0,0,0,0,0,-18000,0,0,0,49000,67000,-18000,-18000
051193,新日興兆豐96購01,0,0,0,0,0,0,0,0,0,-18000,0,0,0,10000,28000,-18000,-18000
055549,旺宏凱基97購03  ,0,0,0,0,0,0,0,0,0,-18000,0,0,0,0,18000,-18000,-18000
055506,台郡元大99購02  ,0,0,0,0,0,0,0,0,0,-18000,0,0,0,0,18000,-18000,-18000
05549P,臺股指元大96售03,0,0,0,0,0,0,0,0,0,-18000,0,0,0,0,18000,-18000,-18000
053905,華新科凱基96購10,0,0,0,0,0,0,0,0,0,-18000,0,0,0,22000,40000,-18000,-18000
054074,健策富邦98購01  ,0,0,0,0,0,0,0,0,0,-18000,0,0,0,2000,20000,-18000,-18000
2832,台產            ,6000,24000,-18000,0,0,0,0,0,0,0,0,0,0,0,0,0,-18000
2616,山隆            ,1000,19000,-18000,0,0,0,0,0,0,0,0,0,0,0,0,0,-18000
08749P,鴻海台新01售02  ,0,0,0,0,0,0,0,0,0,-18000,0,0,0,2000,20000,-18000,-18000
06215P,康控永豐97售02  ,0,0,0,0,0,0,0,0,0,-18000,0,0,0,20000,38000,-18000,-18000
06724P,台灣50國票98售01,0,0,0,0,0,0,0,0,0,-18000,0,0,0,0,18000,-18000,-18000
057497,祥碩元大98購06  ,0,0,0,0,0,0,0,0,0,-19000,0,0,0,75000,94000,-19000,-19000
057401,晶豪科群益99購01,0,0,0,0,0,0,0,0,0,-19000,0,0,0,162000,181000,-19000,-19000
058062,上銀中信98購01  ,0,0,0,0,0,0,0,0,0,-19000,0,0,0,0,19000,-19000,-19000
058309,大毅元大99購02  ,0,0,0,0,0,0,0,0,0,-19000,0,0,0,0,19000,-19000,-19000
056713,華擎永豐98購01  ,0,0,0,0,0,0,0,0,0,-19000,0,0,0,6000,25000,-19000,-19000
056626,同欣電永豐98購01,0,0,0,0,0,0,0,0,0,-19000,0,0,0,0,19000,-19000,-19000
057233,聯發科凱基98購14,0,0,0,0,0,0,0,0,0,-19000,0,0,0,87000,106000,-19000,-19000
057296,智原永豐98購01  ,0,0,0,0,0,0,0,0,0,-19000,0,0,0,0,19000,-19000,-19000
057346,鴻海統一98購13  ,0,0,0,0,0,0,0,0,0,-19000,0,0,0,1000,20000,-19000,-19000
057086,立積統一9C購01  ,0,0,0,0,0,0,0,0,0,-19000,0,0,0,0,19000,-19000,-19000
057039,元油2X元大9B購07,0,0,0,0,0,0,0,0,0,-19000,0,0,0,10000,29000,-19000,-19000
051131,玉山金台新95購01,0,0,0,0,0,0,0,0,0,-19000,0,0,0,1000,20000,-19000,-19000
049761,亞德客國泰95購03,0,0,0,0,0,0,0,0,0,-19000,0,0,0,11000,30000,-19000,-19000
045161,玉晶光國泰94購03,0,0,0,0,0,0,0,0,0,-19000,0,0,0,30000,49000,-19000,-19000
047035,華邦電群益94購02,0,0,0,0,0,0,0,0,0,-19000,0,0,0,280000,299000,-19000,-19000
047213,新日興富邦97購01,0,0,0,0,0,0,0,0,0,-19000,0,0,0,1000,20000,-19000,-19000
00851,台新全球AI      ,0,0,0,0,0,0,0,0,0,-19000,0,0,0,24000,43000,-19000,-19000
051829,玉晶光元大98購02,0,0,0,0,0,0,0,0,0,-19000,0,0,0,15000,34000,-19000,-19000
052515,矽力凱基95購02  ,0,0,0,0,0,0,0,0,0,-19000,0,0,0,0,19000,-19000,-19000
052427,上証2X永豐96購01,0,0,0,0,0,0,0,0,0,-19000,0,0,0,20000,39000,-19000,-19000
052208,力成麥證95購01  ,0,0,0,30000,49000,-19000,0,0,0,-19000,0,0,0,30000,49000,-19000,-19000
052990,超眾元大97購01  ,0,0,0,0,0,0,0,0,0,-19000,0,0,0,11000,30000,-19000,-19000
052976,台表科群益96購03,0,0,0,0,0,0,0,0,0,-19000,0,0,0,11000,30000,-19000,-19000
052821,晶技永豐96購01  ,0,0,0,0,0,0,0,0,0,-19000,0,0,0,11000,30000,-19000,-19000
053451,致新凱基96購02  ,0,0,0,0,0,0,0,0,0,-19000,0,0,0,0,19000,-19000,-19000
053758,華新科國泰97購02,0,0,0,0,0,0,0,0,0,-19000,0,0,0,0,19000,-19000,-19000
054410,國巨元大96購14  ,0,0,0,0,0,0,0,0,0,-19000,0,0,0,70000,89000,-19000,-19000
054652,裕隆麥證97購01  ,0,0,0,61000,80000,-19000,0,0,0,-19000,0,0,0,61000,80000,-19000,-19000
054973,台郡元大98購02  ,0,0,0,0,0,0,0,0,0,-19000,0,0,0,3000,22000,-19000,-19000
055623,貿聯國泰99購01  ,0,0,0,0,0,0,0,0,0,-19000,0,0,0,51000,70000,-19000,-19000
055811,國巨國票98購05  ,0,0,0,0,0,0,0,0,0,-19000,0,0,0,23000,42000,-19000,-19000
06291P,臺股指國票97售05,0,0,0,0,0,0,0,0,0,-19000,0,0,0,0,19000,-19000,-19000
06988P,鴻海元富99售09  ,0,0,0,0,0,0,0,0,0,-19000,0,0,0,0,19000,-19000,-19000
06935P,神達元大98售02  ,0,0,0,0,0,0,0,0,0,-19000,0,0,0,2000,21000,-19000,-19000
1568,倉佑            ,3000,22000,-19000,0,0,0,0,0,0,0,0,0,0,0,0,0,-19000
2820,華票            ,182000,201848,-19848,0,0,0,0,0,0,0,0,0,0,0,0,0,-19848
056911,緯穎元大99購01  ,0,0,0,0,0,0,0,0,0,-20000,0,0,0,32000,52000,-20000,-20000
056845,揚明光元富98購01,0,0,0,0,0,0,0,0,0,-20000,0,0,0,0,20000,-20000,-20000
057090,奇力新元富98購02,0,0,0,0,0,0,0,0,0,-20000,0,0,0,0,20000,-20000,-20000
05710P,禾伸堂國票97售02,0,0,0,0,0,0,0,0,0,-20000,0,0,0,0,20000,-20000,-20000
057202,TPK元富98購02   ,0,0,0,0,0,0,0,0,0,-20000,0,0,0,0,20000,-20000,-20000
057185,群創元大98購06  ,0,0,0,0,0,0,0,0,0,-20000,0,0,0,0,20000,-20000,-20000
057267,康控兆豐99購01  ,0,0,0,0,0,0,0,0,0,-20000,0,0,0,20000,40000,-20000,-20000
056624,景碩永豐98購01  ,0,0,0,0,0,0,0,0,0,-20000,0,0,0,0,20000,-20000,-20000
056716,康舒永豐98購01  ,0,0,0,0,0,0,0,0,0,-20000,0,0,0,0,20000,-20000,-20000
056724,臻鼎中信9A購01  ,0,0,0,0,0,0,0,0,0,-20000,0,0,0,10000,30000,-20000,-20000
056527,大成鋼凱基98購03,0,0,0,0,0,0,0,0,0,-20000,0,0,0,0,20000,-20000,-20000
056494,緯創國泰99購01  ,0,0,0,0,0,0,0,0,0,-20000,0,0,0,20000,40000,-20000,-20000
056484,聯茂元大98購02  ,0,0,0,0,0,0,0,0,0,-20000,0,0,0,23000,43000,-20000,-20000
056388,勤誠國泰99購01  ,0,0,0,0,0,0,0,0,0,-20000,0,0,0,20000,40000,-20000,-20000
056204,嘉澤永豐97購01  ,0,0,0,0,0,0,0,0,0,-20000,0,0,0,20000,40000,-20000,-20000
056279,新日興富邦99購01,0,0,0,0,0,0,0,0,0,-20000,0,0,0,20000,40000,-20000,-20000
056281,深中小永豐97購01,0,0,0,0,0,0,0,0,0,-20000,0,0,0,0,20000,-20000,-20000
058325,昇陽半永豐99購01,0,0,0,0,0,0,0,0,0,-20000,0,0,0,0,20000,-20000,-20000
058447,玉晶光富邦9A購02,0,0,0,0,0,0,0,0,0,-20000,0,0,0,0,20000,-20000,-20000
05887P,友達元富99售03  ,0,0,0,0,0,0,0,0,0,-20000,0,0,0,0,20000,-20000,-20000
06009P,宏達電元富96售03,0,0,0,0,0,0,0,0,0,-20000,0,0,0,20000,40000,-20000,-20000
057994,技嘉中信98購01  ,0,0,0,0,0,0,0,0,0,-20000,0,0,0,0,20000,-20000,-20000
058264,瑞昱永豐99購01  ,0,0,0,0,0,0,0,0,0,-20000,0,0,0,48000,68000,-20000,-20000
057396,健鼎中信99購01  ,0,0,0,0,0,0,0,0,0,-20000,0,0,0,30000,50000,-20000,-20000
057424,訊芯凱基98購04  ,0,0,0,0,0,0,0,0,0,-20000,0,0,0,0,20000,-20000,-20000
057482,微星元大98購03  ,0,0,0,0,0,0,0,0,0,-20000,0,0,0,9000,29000,-20000,-20000
057668,華新科元大9A購01,0,0,0,0,0,0,0,0,0,-20000,0,0,0,10000,30000,-20000,-20000
05764P,世紀鋼永豐96售03,0,0,0,0,0,0,0,0,0,-20000,0,0,0,0,20000,-20000,-20000
057666,奇力新元大9A購01,0,0,0,0,0,0,0,0,0,-20000,0,0,0,0,20000,-20000,-20000
057644,奇力新元大98購04,0,0,0,0,0,0,0,0,0,-20000,0,0,0,0,20000,-20000,-20000
057590,元油2X兆豐98購02,0,0,0,0,0,0,0,0,0,-20000,0,0,0,0,20000,-20000,-20000
057860,金寶凱基98購01  ,0,0,0,0,0,0,0,0,0,-20000,0,0,0,0,20000,-20000,-20000
057968,可成國泰9A購01  ,0,0,0,0,0,0,0,0,0,-20000,0,0,0,64000,84000,-20000,-20000
057787,TPK國票99購01   ,0,0,0,0,0,0,0,0,0,-20000,0,0,0,10000,30000,-20000,-20000
05782P,聯詠元富96售02  ,0,0,0,0,0,0,0,0,0,-20000,0,0,0,0,20000,-20000,-20000
042942,永冠國票94購01  ,0,0,0,0,0,0,0,0,0,-20000,0,0,0,0,20000,-20000,-20000
046893,華新科群益94購01,0,0,0,0,0,0,0,0,0,-20000,0,0,0,0,20000,-20000,-20000
04430P,晶相光元大94售04,0,0,0,0,0,0,0,0,0,-20000,0,0,0,0,20000,-20000,-20000
03810P,大立光富邦98售01,0,0,0,0,0,0,0,0,0,-20000,0,0,0,0,20000,-20000,-20000
04220P,聯發科兆豐93售04,0,0,0,0,0,0,0,0,0,-20000,0,0,0,0,20000,-20000,-20000
04742P,瑞昱統一94售01  ,0,0,0,0,0,0,0,0,0,-20000,0,0,0,10000,30000,-20000,-20000
044694,道瓊反元大94購02,0,0,0,0,0,0,0,0,0,-20000,0,0,0,0,20000,-20000,-20000
047342,T50反1中信99購01,0,0,0,0,0,0,0,0,0,-20000,0,0,0,0,20000,-20000,-20000
046341,A50正2國票93購01,0,0,0,0,0,0,0,0,0,-20000,0,0,0,0,20000,-20000,-20000
046180,裕隆凱基93購01  ,0,0,0,0,0,0,0,0,0,-20000,0,0,0,0,20000,-20000,-20000
046185,正崴凱基93購02  ,0,0,0,0,0,0,0,0,0,-20000,0,0,0,20000,40000,-20000,-20000
048303,A50凱基96購01   ,0,0,0,0,0,0,0,0,0,-20000,0,0,0,0,20000,-20000,-20000
04754P,宏達電元富94售02,0,0,0,0,0,0,0,0,0,-20000,0,0,0,23000,43000,-20000,-20000
047545,智邦凱基93購05  ,0,0,0,0,0,0,0,0,0,-20000,0,0,0,0,20000,-20000,-20000
049137,華通元大95購02  ,0,0,0,0,0,0,0,0,0,-20000,0,0,0,74000,94000,-20000,-20000
048665,欣興統一93購07  ,0,0,0,0,0,0,0,0,0,-20000,0,0,0,0,20000,-20000,-20000
04926P,聯發科凱基95售03,0,0,0,0,0,0,0,0,0,-20000,0,0,0,0,20000,-20000,-20000
049765,上証2X元富94購01,0,0,0,0,0,0,0,0,0,-20000,0,0,0,0,20000,-20000,-20000
049571,華固統一94購02  ,0,0,0,0,0,0,0,0,0,-20000,0,0,0,0,20000,-20000,-20000
04946P,華通元大94售04  ,0,0,0,0,0,0,0,0,0,-20000,0,0,0,0,20000,-20000,-20000
048622,南電凱基93購07  ,0,0,0,0,0,0,0,0,0,-20000,0,0,0,20000,40000,-20000,-20000
048586,美利達富邦93購01,0,0,0,0,0,0,0,0,0,-20000,0,0,0,0,20000,-20000,-20000
048901,矽格國泰95購01  ,0,0,0,0,0,0,0,0,0,-20000,0,0,0,0,20000,-20000,-20000
048945,訊連永豐94購01  ,0,0,0,0,0,0,0,0,0,-20000,0,0,0,5000,25000,-20000,-20000
048941,牧德永豐94購02  ,0,0,0,0,0,0,0,0,0,-20000,0,0,0,10000,30000,-20000,-20000
04887P,臺股指凱基94售21,0,0,0,0,0,0,0,0,0,-20000,0,0,0,0,20000,-20000,-20000
048710,奇力新台新94購01,0,0,0,0,0,0,0,0,0,-20000,0,0,0,0,20000,-20000,-20000
049041,和鑫兆豐94購01  ,0,0,0,0,0,0,0,0,0,-20000,0,0,0,0,20000,-20000,-20000
049091,訊連凱基94購01  ,0,0,0,0,0,0,0,0,0,-20000,0,0,0,10000,30000,-20000,-20000
049048,玉晶光台新94購01,0,0,0,0,0,0,0,0,0,-20000,0,0,0,0,20000,-20000,-20000
049715,華泰凱基94購02  ,0,0,0,0,0,0,0,0,0,-20000,0,0,0,0,20000,-20000,-20000
049728,正崴中信94購01  ,0,0,0,0,0,0,0,0,0,-20000,0,0,0,0,20000,-20000,-20000
04972P,緯穎元富94售03  ,0,0,0,0,0,0,0,0,0,-20000,0,0,0,0,20000,-20000,-20000
051137,聯詠永豐95購01  ,0,0,0,0,0,0,0,0,0,-20000,0,0,0,0,20000,-20000,-20000
05109P,臺股指麥證95售01,0,0,0,0,20000,-20000,0,0,0,-20000,0,0,0,0,20000,-20000,-20000
051073,同欣電國票96購01,0,0,0,0,0,0,0,0,0,-20000,0,0,0,40000,60000,-20000,-20000
051422,超眾國票96購01  ,0,0,0,0,0,0,0,0,0,-20000,0,0,0,0,20000,-20000,-20000
051500,聯茂群益95購01  ,0,0,0,0,0,0,0,0,0,-20000,0,0,0,89000,109000,-20000,-20000
04806P,臻鼎元富94售06  ,0,0,0,0,0,0,0,0,0,-20000,0,0,0,0,20000,-20000,-20000
048061,鴻海統一95購03  ,0,0,0,0,0,0,0,0,0,-20000,0,0,0,128000,148000,-20000,-20000
048259,新日興統一93購01,0,0,0,0,0,0,0,0,0,-20000,0,0,0,0,20000,-20000,-20000
049612,香港反中信96購01,0,0,0,0,0,0,0,0,0,-20000,0,0,0,30000,50000,-20000,-20000
049618,美律群益94購03  ,0,0,0,0,0,0,0,0,0,-20000,0,0,0,10000,30000,-20000,-20000
048234,美利達凱基93購03,0,0,0,0,0,0,0,0,0,-20000,0,0,0,0,20000,-20000,-20000
048210,鴻海日盛93購01  ,0,0,0,0,0,0,0,0,0,-20000,0,0,0,0,20000,-20000,-20000
048159,聯詠兆豐93購03  ,0,0,0,0,0,0,0,0,0,-20000,0,0,0,0,20000,-20000,-20000
047704,智邦凱基93購06  ,0,0,0,0,0,0,0,0,0,-20000,0,0,0,10000,30000,-20000,-20000
04765P,宏達電永豐94售02,0,0,0,0,0,0,0,0,0,-20000,0,0,0,0,20000,-20000,-20000
049590,華新科元大94購01,0,0,0,0,0,0,0,0,0,-20000,0,0,0,0,20000,-20000,-20000
053359,矽力統一96購02  ,0,0,0,0,0,0,0,0,0,-20000,0,0,0,0,20000,-20000,-20000
053367,元油反富邦97購01,0,0,0,0,0,0,0,0,0,-20000,0,0,0,0,20000,-20000,-20000
053133,華邦電國票97購01,0,0,0,0,0,0,0,0,0,-20000,0,0,0,0,20000,-20000,-20000
053267,華新科群益96購02,0,0,0,0,0,0,0,0,0,-20000,0,0,0,0,20000,-20000,-20000
053206,聯發科麥證96購02,0,0,0,30000,50000,-20000,0,0,0,-20000,0,0,0,30000,50000,-20000,-20000
05282P,可成元大95售09  ,0,0,0,0,0,0,0,0,0,-20000,0,0,0,0,20000,-20000,-20000
052925,日電貿永豐96購01,0,0,0,0,0,0,0,0,0,-20000,0,0,0,2000,22000,-20000,-20000
053002,鴻海永豐96購01  ,0,0,0,0,0,0,0,0,0,-20000,0,0,0,0,20000,-20000,-20000
051027,楠梓電元富95購01,0,0,0,0,0,0,0,0,0,-20000,0,0,0,13000,33000,-20000,-20000
051030,康友元富95購01  ,0,0,0,0,0,0,0,0,0,-20000,0,0,0,8000,28000,-20000,-20000
050757,聯發科元富94購03,0,0,0,0,0,0,0,0,0,-20000,0,0,0,40000,60000,-20000,-20000
050680,上銀元富94購01  ,0,0,0,0,0,0,0,0,0,-20000,0,0,0,280000,300000,-20000,-20000
052565,上銀凱基96購01  ,0,0,0,0,0,0,0,0,0,-20000,0,0,0,8000,28000,-20000,-20000
050628,美律中信94購02  ,0,0,0,0,0,0,0,0,0,-20000,0,0,0,0,20000,-20000,-20000
051319,光磊國票96購02  ,0,0,0,0,0,0,0,0,0,-20000,0,0,0,0,20000,-20000,-20000
052601,大成鋼元大96購01,0,0,0,0,0,0,0,0,0,-20000,0,0,0,106000,126000,-20000,-20000
052191,超眾群益96購01  ,0,0,0,0,0,0,0,0,0,-20000,0,0,0,5000,25000,-20000,-20000
052164,啟碁永豐95購01  ,0,0,0,0,0,0,0,0,0,-20000,0,0,0,0,20000,-20000,-20000
052361,大成鋼國票96購01,0,0,0,0,0,0,0,0,0,-20000,0,0,0,0,20000,-20000,-20000
052362,瑞昱國票96購02  ,0,0,0,0,0,0,0,0,0,-20000,0,0,0,0,20000,-20000,-20000
052344,台表科凱基98購01,0,0,0,0,0,0,0,0,0,-20000,0,0,0,0,20000,-20000,-20000
052320,緯創元大95購05  ,0,0,0,0,0,0,0,0,0,-20000,0,0,0,3000,23000,-20000,-20000
052294,創意國票96購03  ,0,0,0,0,0,0,0,0,0,-20000,0,0,0,0,20000,-20000,-20000
050389,鴻海統一95購04  ,0,0,0,0,0,0,0,0,0,-20000,0,0,0,0,20000,-20000,-20000
049931,矽力元大94購01  ,0,0,0,0,0,0,0,0,0,-20000,0,0,0,0,20000,-20000,-20000
051293,鴻海元富95購05  ,0,0,0,0,0,0,0,0,0,-20000,0,0,0,80000,100000,-20000,-20000
05128P,聯發科中信97售03,0,0,0,0,0,0,0,0,0,-20000,0,0,0,10000,30000,-20000,-20000
050514,聯電元大94購01  ,0,0,0,0,0,0,0,0,0,-20000,0,0,0,0,20000,-20000,-20000
051245,南亞科元大95購01,0,0,0,0,0,0,0,0,0,-20000,0,0,0,37000,57000,-20000,-20000
05122P,鴻海永昌96售06  ,0,0,0,0,0,0,0,0,0,-20000,0,0,0,97000,117000,-20000,-20000
051692,深中小統一95購01,0,0,0,0,0,0,0,0,0,-20000,0,0,0,0,20000,-20000,-20000
051699,世紀鋼麥證95購01,0,0,0,0,20000,-20000,0,0,0,-20000,0,0,0,0,20000,-20000,-20000
051622,和碩凱基96購01  ,0,0,0,0,0,0,0,0,0,-20000,0,0,0,0,20000,-20000,-20000
05163P,聯發科統一96售02,0,0,0,0,0,0,0,0,0,-20000,0,0,0,7000,27000,-20000,-20000
051595,康控元大95購04  ,0,0,0,0,0,0,0,0,0,-20000,0,0,0,0,20000,-20000,-20000
051147,南亞科凱基95購05,0,0,0,0,0,0,0,0,0,-20000,0,0,0,0,20000,-20000,-20000
050340,鴻海統一94購07  ,0,0,0,0,0,0,0,0,0,-20000,0,0,0,110000,130000,-20000,-20000
050322,世紀鋼國票95購01,0,0,0,0,0,0,0,0,0,-20000,0,0,0,0,20000,-20000,-20000
052124,京鼎國票95購01  ,0,0,0,0,0,0,0,0,0,-20000,0,0,0,0,20000,-20000,-20000
05578P,鴻海凱基96售11  ,0,0,0,0,0,0,0,0,0,-20000,0,0,0,172000,192000,-20000,-20000
055638,上銀元富97購01  ,0,0,0,0,0,0,0,0,0,-20000,0,0,0,26000,46000,-20000,-20000
055650,華新科元富98購01,0,0,0,0,0,0,0,0,0,-20000,0,0,0,40000,60000,-20000,-20000
055680,美律凱基99購01  ,0,0,0,0,0,0,0,0,0,-20000,0,0,0,0,20000,-20000,-20000
056072,群創元大97購01  ,0,0,0,0,0,0,0,0,0,-20000,0,0,0,100000,120000,-20000,-20000
05596P,可成統一96售01  ,0,0,0,0,0,0,0,0,0,-20000,0,0,0,0,20000,-20000,-20000
055976,台積電統一99購03,0,0,0,0,0,0,0,0,0,-20000,0,0,0,15000,35000,-20000,-20000
054897,信錦康和97購01  ,0,0,0,0,0,0,0,0,0,-20000,0,0,0,0,20000,-20000,-20000
055163,訊芯元大98購01  ,0,0,0,0,0,0,0,0,0,-20000,0,0,0,30000,50000,-20000,-20000
055491,奇力新元大98購03,0,0,0,0,0,0,0,0,0,-20000,0,0,0,0,20000,-20000,-20000
055463,國喬凱基97購01  ,0,0,0,0,0,0,0,0,0,-20000,0,0,0,60000,80000,-20000,-20000
055412,旺宏富邦99購01  ,0,0,0,0,0,0,0,0,0,-20000,0,0,0,0,20000,-20000,-20000
054588,玉晶光國泰99購02,0,0,0,0,0,0,0,0,0,-20000,0,0,0,31000,51000,-20000,-20000
054536,宏達電富邦97購03,0,0,0,0,0,0,0,0,0,-20000,0,0,0,30000,50000,-20000,-20000
054548,鴻海凱基98購03  ,0,0,0,0,0,0,0,0,0,-20000,0,0,0,85000,105000,-20000,-20000
054836,勤誠中信97購01  ,0,0,0,0,0,0,0,0,0,-20000,0,0,0,0,20000,-20000,-20000
054389,為升元富96購02  ,0,0,0,0,0,0,0,0,0,-20000,0,0,0,0,20000,-20000,-20000
054465,亞光凱基97購01  ,0,0,0,0,0,0,0,0,0,-20000,0,0,0,0,20000,-20000,-20000
054488,禾伸堂台新96購01,0,0,0,0,0,0,0,0,0,-20000,0,0,0,0,20000,-20000,-20000
05448P,臺股指元大95售25,0,0,0,0,0,0,0,0,0,-20000,0,0,0,0,20000,-20000,-20000
054491,瀚宇博台新96購02,0,0,0,0,0,0,0,0,0,-20000,0,0,0,0,20000,-20000,-20000
054449,中環第一96購01  ,0,0,0,0,0,0,0,0,0,-20000,0,0,0,0,20000,-20000,-20000
054428,禾伸堂富邦98購01,0,0,0,0,0,0,0,0,0,-20000,0,0,0,0,20000,-20000,-20000
054341,燿華元富96購03  ,0,0,0,0,0,0,0,0,0,-20000,0,0,0,10000,30000,-20000,-20000
05380P,鴻海群益95售11  ,0,0,0,0,0,0,0,0,0,-20000,0,0,0,0,20000,-20000,-20000
053808,大成鋼群益97購01,0,0,0,0,0,0,0,0,0,-20000,0,0,0,0,20000,-20000,-20000
05367P,鴻海元富95售13  ,0,0,0,0,0,0,0,0,0,-20000,0,0,0,30000,50000,-20000,-20000
05366P,鴻海元富95售12  ,0,0,0,0,0,0,0,0,0,-20000,0,0,0,110000,130000,-20000,-20000
053628,微星兆豐96購01  ,0,0,0,0,0,0,0,0,0,-20000,0,0,0,0,20000,-20000,-20000
054001,康友群益96購02  ,0,0,0,0,0,0,0,0,0,-20000,0,0,0,52000,72000,-20000,-20000
05382P,電子類群益95售02,0,0,0,0,0,0,0,0,0,-20000,0,0,0,0,20000,-20000,-20000
053826,光磊麥證97購01  ,0,0,0,0,20000,-20000,0,0,0,-20000,0,0,0,0,20000,-20000,-20000
1713,國化            ,0,19000,-19000,0,0,0,0,0,0,-1000,0,1000,-1000,0,0,0,-20000
06989P,鴻海元富99售10  ,0,0,0,0,0,0,0,0,0,-20000,0,0,0,0,20000,-20000,-20000
08484P,台灣50中信96售01,0,0,0,0,0,0,0,0,0,-20000,0,0,0,0,20000,-20000,-20000
08671P,友訊國票01售01  ,0,0,0,0,0,0,0,0,0,-20000,0,0,0,0,20000,-20000,-20000
06987P,鴻海元富99售08  ,0,0,0,0,0,0,0,0,0,-20000,0,0,0,0,20000,-20000,-20000
06309P,光罩元富97售03  ,0,0,0,0,0,0,0,0,0,-20000,0,0,0,208000,228000,-20000,-20000
06448P,華通元大99售01  ,0,0,0,0,0,0,0,0,0,-20000,0,0,0,0,20000,-20000,-20000
06456P,聯發科統一98售03,0,0,0,0,0,0,0,0,0,-20000,0,0,0,0,20000,-20000,-20000
06218P,鴻海元富97售06  ,0,0,0,0,0,0,0,0,0,-20000,0,0,0,0,20000,-20000,-20000
06166P,大立光國票98售01,0,0,0,0,0,0,0,0,0,-20000,0,0,0,0,20000,-20000,-20000
06096P,全新永豐97售02  ,0,0,0,0,0,0,0,0,0,-20000,0,0,0,30000,50000,-20000,-20000
06105P,國巨國票98售02  ,0,0,0,0,0,0,0,0,0,-20000,0,0,0,44000,64000,-20000,-20000
06667P,鴻海凱基98售11  ,0,0,0,0,0,0,0,0,0,-20000,0,0,0,3000,23000,-20000,-20000
06758P,鴻海元大98售10  ,0,0,0,0,0,0,0,0,0,-20000,0,0,0,21000,41000,-20000,-20000
06631P,玉晶光群益9A售03,0,0,0,0,0,0,0,0,0,-20000,0,0,0,0,20000,-20000,-20000
06606P,訊芯元富98售02  ,0,0,0,0,0,0,0,0,0,-20000,0,0,0,40000,60000,-20000,-20000
9934,成霖            ,44000,64000,-20000,0,0,0,0,0,0,0,0,0,0,0,0,0,-20000
8480,泰昇-KY         ,19000,39000,-20000,0,0,0,0,0,0,0,0,0,0,0,0,0,-20000
3040,遠見            ,1000,22000,-21000,0,0,0,0,0,0,1000,1000,0,1000,0,0,0,-20000
5533,皇鼎            ,2000,23000,-21000,0,0,0,0,0,0,1000,2000,1000,1000,0,0,0,-20000
1417,嘉裕            ,30000,50067,-20067,0,0,0,0,0,0,0,0,0,0,0,0,0,-20067
6128,上福            ,2000,22616,-20616,0,0,0,0,0,0,0,0,0,0,0,0,0,-20616
05978P,麗豐永豐96售02  ,0,0,0,0,0,0,0,0,0,-21000,0,0,0,19000,40000,-21000,-21000
056272,嘉澤統一99購01  ,0,0,0,0,0,0,0,0,0,-21000,0,0,0,39000,60000,-21000,-21000
05648P,康控國票97售01  ,0,0,0,0,0,0,0,0,0,-21000,0,0,0,0,21000,-21000,-21000
056828,國巨富邦9A購03  ,0,0,0,0,0,0,0,0,0,-21000,0,0,0,45000,66000,-21000,-21000
048792,瑞儀元大94購01  ,0,0,0,0,0,0,0,0,0,-21000,0,0,0,0,21000,-21000,-21000
049120,元油2X元富94購05,0,0,0,0,0,0,0,0,0,-21000,0,0,0,0,21000,-21000,-21000
04732P,聯茂群益94售01  ,0,0,0,0,0,0,0,0,0,-21000,0,0,0,0,21000,-21000,-21000
047140,滬深2X兆豐94購01,0,0,0,0,0,0,0,0,0,-21000,0,0,0,0,21000,-21000,-21000
01010T,京城樂富R1      ,0,1000,-1000,0,0,0,0,0,0,-20000,0,20000,-20000,0,0,0,-21000
050064,華新科凱基94購08,0,0,0,0,0,0,0,0,0,-21000,0,0,0,90000,111000,-21000,-21000
05176P,台積電凱基95售11,0,0,0,0,0,0,0,0,0,-21000,0,0,0,50000,71000,-21000,-21000
052213,富邦金元大95購01,0,0,0,0,0,0,0,0,0,-21000,0,0,0,0,21000,-21000,-21000
050786,健策國泰96購01  ,0,0,0,0,0,0,0,0,0,-21000,0,0,0,11000,32000,-21000,-21000
050875,訊芯永豐95購01  ,0,0,0,0,0,0,0,0,0,-21000,0,0,0,0,21000,-21000,-21000
053049,T50反1國票98購01,0,0,0,0,0,0,0,0,0,-21000,0,0,0,0,21000,-21000,-21000
053427,鎧勝永豐96購02  ,0,0,0,0,0,0,0,0,0,-21000,0,0,0,0,21000,-21000,-21000
054082,楠梓電元富96購01,0,0,0,0,0,0,0,0,0,-21000,0,0,0,40000,61000,-21000,-21000
054064,台郡國票97購04  ,0,0,0,0,0,0,0,0,0,-21000,0,0,0,0,21000,-21000,-21000
054122,康友永豐96購01  ,0,0,0,0,0,0,0,0,0,-21000,0,0,0,0,21000,-21000,-21000
053780,南亞科元大96購03,0,0,0,0,0,0,0,0,0,-21000,0,0,0,33000,54000,-21000,-21000
054761,台光電國票98購02,0,0,0,0,0,0,0,0,0,-21000,0,0,0,79000,100000,-21000,-21000
054561,奇力新群益97購03,0,0,0,0,0,0,0,0,0,-21000,0,0,0,0,21000,-21000,-21000
054571,楠梓電元大99購01,0,0,0,0,0,0,0,0,0,-21000,0,0,0,20000,41000,-21000,-21000
05516P,台積電元大96售12,0,0,0,0,0,0,0,0,0,-21000,0,0,0,0,21000,-21000,-21000
055944,日月光麥證97購01,0,0,0,30000,51000,-21000,0,0,0,-21000,0,0,0,30000,51000,-21000,-21000
055787,聯茂凱基99購01  ,0,0,0,0,0,0,0,0,0,-21000,0,0,0,56000,77000,-21000,-21000
06897P,FBVIX群益01售01 ,0,0,0,0,0,0,0,0,0,-21000,0,0,0,0,21000,-21000,-21000
06834P,訊芯群益99售02  ,0,0,0,0,0,0,0,0,0,-21000,0,0,0,114000,135000,-21000,-21000
06719P,台灣50群益9A售01,0,0,0,0,0,0,0,0,0,-21000,0,0,0,0,21000,-21000,-21000
06239P,奇力新元大97售08,0,0,0,0,0,0,0,0,0,-21000,0,0,0,0,21000,-21000,-21000
06431P,新日興元大97售05,0,0,0,0,0,0,0,0,0,-21000,0,0,0,29000,50000,-21000,-21000
056454,欣興凱基98購02  ,0,0,0,0,0,0,0,0,0,-22000,0,0,0,0,22000,-22000,-22000
056737,國巨凱基9A購01  ,0,0,0,0,0,0,0,0,0,-22000,0,0,0,68000,90000,-22000,-22000
05673P,台積電群益96售05,0,0,0,0,0,0,0,0,0,-22000,0,0,0,0,22000,-22000,-22000
05857P,旺宏中信98售02  ,0,0,0,0,0,0,0,0,0,-22000,0,0,0,63000,85000,-22000,-22000
058312,大毅國泰9B購01  ,0,0,0,0,0,0,0,0,0,-22000,0,0,0,10000,32000,-22000,-22000
058232,聯發科元大99購05,0,0,0,0,0,0,0,0,0,-22000,0,0,0,154000,176000,-22000,-22000
058182,日電貿國泰9A購01,0,0,0,0,0,0,0,0,0,-22000,0,0,0,10000,32000,-22000,-22000
057974,上銀永豐98購02  ,0,0,0,0,0,0,0,0,0,-22000,0,0,0,68000,90000,-22000,-22000
057762,全新凱基99購03  ,0,0,0,0,0,0,0,0,0,-22000,0,0,0,38000,60000,-22000,-22000
057837,康控國泰99購02  ,0,0,0,0,0,0,0,0,0,-22000,0,0,0,20000,42000,-22000,-22000
057619,玉晶光凱基98購02,0,0,0,0,0,0,0,0,0,-22000,0,0,0,1000,23000,-22000,-22000
048379,台郡元富96購01  ,0,0,0,0,0,0,0,0,0,-22000,0,0,0,10000,32000,-22000,-22000
048844,訊芯凱基94購02  ,0,0,0,0,0,0,0,0,0,-22000,0,0,0,0,22000,-22000,-22000
048603,中磊國票94購02  ,0,0,0,0,0,0,0,0,0,-22000,0,0,0,0,22000,-22000,-22000
049517,台光電國票94購02,0,0,0,0,0,0,0,0,0,-22000,0,0,0,0,22000,-22000,-22000
049862,南亞科兆豐94購01,0,0,0,0,0,0,0,0,0,-22000,0,0,0,0,22000,-22000,-22000
048484,大立光國泰95購02,0,0,0,0,0,0,0,0,0,-22000,0,0,0,6000,28000,-22000,-22000
048028,聯發科凱基93購25,0,0,0,0,0,0,0,0,0,-22000,0,0,0,5000,27000,-22000,-22000
049668,大立光國泰96購02,0,0,0,0,0,0,0,0,0,-22000,0,0,0,222000,244000,-22000,-22000
052896,宏達電群益96購01,0,0,0,0,0,0,0,0,0,-22000,0,0,0,153000,175000,-22000,-22000
052843,鴻海統一96購09  ,0,0,0,0,0,0,0,0,0,-22000,0,0,0,0,22000,-22000,-22000
050595,緯穎永豐94購03  ,0,0,0,0,0,0,0,0,0,-22000,0,0,0,24000,46000,-22000,-22000
052391,瑞儀群益95購01  ,0,0,0,0,0,0,0,0,0,-22000,0,0,0,0,22000,-22000,-22000
051957,旺宏台新95購02  ,0,0,0,0,0,0,0,0,0,-22000,0,0,0,106000,128000,-22000,-22000
052523,奇力新元大97購01,0,0,0,0,0,0,0,0,0,-22000,0,0,0,15000,37000,-22000,-22000
051707,欣興群益95購02  ,0,0,0,0,0,0,0,0,0,-22000,0,0,0,18000,40000,-22000,-22000
055734,奇力新元富97購02,0,0,0,0,0,0,0,0,0,-22000,0,0,0,0,22000,-22000,-22000
05557P,S&P500中信96售02,0,0,0,0,0,0,0,0,0,-22000,0,0,0,19000,41000,-22000,-22000
055029,帆宣國泰99購01  ,0,0,0,0,0,0,0,0,0,-22000,0,0,0,50000,72000,-22000,-22000
054568,訊芯群益97購01  ,0,0,0,0,0,0,0,0,0,-22000,0,0,0,0,22000,-22000,-22000
054749,聯茂凱基98購01  ,0,0,0,0,0,0,0,0,0,-22000,0,0,0,8000,30000,-22000,-22000
053678,南亞科富邦97購01,0,0,0,0,0,0,0,0,0,-22000,0,0,0,0,22000,-22000,-22000
054109,南亞科凱基96購05,0,0,0,0,0,0,0,0,0,-22000,0,0,0,68000,90000,-22000,-22000
053824,樺漢群益96購02  ,0,0,0,0,0,0,0,0,0,-22000,0,0,0,0,22000,-22000,-22000
053966,旺宏元大96購08  ,0,0,0,0,0,0,0,0,0,-22000,0,0,0,537000,559000,-22000,-22000
053940,康友元富96購01  ,0,0,0,0,0,0,0,0,0,-22000,0,0,0,15000,37000,-22000,-22000
06621P,欣興元大98售06  ,0,0,0,0,0,0,0,0,0,-22000,0,0,0,0,22000,-22000,-22000
06892P,聯鈞元富98售01  ,0,0,0,0,0,0,0,0,0,-22000,0,0,0,10000,32000,-22000,-22000
1503,士電            ,4000,17000,-13000,0,0,0,0,0,0,-9000,0,9000,-9000,0,0,0,-22000
2939,凱羿-KY         ,10000,32000,-22000,0,0,0,0,0,0,0,0,0,0,0,0,0,-22000
2546,根基            ,6000,28000,-22000,0,0,0,0,0,0,0,0,0,0,0,0,0,-22000
057748,華通國票98購04  ,0,0,0,0,0,0,0,0,0,-23000,0,0,0,0,23000,-23000,-23000
058295,欣興凱基99購02  ,0,0,0,0,0,0,0,0,0,-23000,0,0,0,2000,25000,-23000,-23000
056622,高鐵永豐98購01  ,0,0,0,0,0,0,0,0,0,-23000,0,0,0,45000,68000,-23000,-23000
05626P,景碩國票97售03  ,0,0,0,0,0,0,0,0,0,-23000,0,0,0,0,23000,-23000,-23000
057234,宏達電凱基98購05,0,0,0,0,0,0,0,0,0,-23000,0,0,0,47000,70000,-23000,-23000
057240,茂林凱基9A購01  ,0,0,0,0,0,0,0,0,0,-23000,0,0,0,184000,207000,-23000,-23000
057212,台積電群益98購03,0,0,0,0,0,0,0,0,0,-23000,0,0,0,445000,468000,-23000,-23000
051088,台積電元大95購09,0,0,0,0,0,0,0,0,0,-23000,0,0,0,17000,40000,-23000,-23000
04855P,上証2X元富94售02,0,0,0,0,0,0,0,0,0,-23000,0,0,0,0,23000,-23000,-23000
0052,富邦科技        ,0,0,0,0,0,0,0,0,0,-23000,0,0,0,105000,128000,-23000,-23000
047250,日月光群益94購01,0,0,0,0,0,0,0,0,0,-23000,0,0,0,60000,83000,-23000,-23000
051927,國巨中信96購01  ,0,0,0,0,0,0,0,0,0,-23000,0,0,0,62000,85000,-23000,-23000
051774,聯茂中信96購01  ,0,0,0,0,0,0,0,0,0,-23000,0,0,0,61000,84000,-23000,-23000
052275,日月光群益95購01,0,0,0,0,0,0,0,0,0,-23000,0,0,0,0,23000,-23000,-23000
052282,宏達電凱基95購05,0,0,0,0,0,0,0,0,0,-23000,0,0,0,32000,55000,-23000,-23000
052321,華擎元大95購01  ,0,0,0,0,0,0,0,0,0,-23000,0,0,0,12000,35000,-23000,-23000
050682,南亞科元富94購02,0,0,0,0,0,0,0,0,0,-23000,0,0,0,42000,65000,-23000,-23000
053279,景碩元大97購01  ,0,0,0,0,0,0,0,0,0,-23000,0,0,0,30000,53000,-23000,-23000
053923,亞光國票97購01  ,0,0,0,0,0,0,0,0,0,-23000,0,0,0,22000,45000,-23000,-23000
053823,茂林群益96購06  ,0,0,0,0,0,0,0,0,0,-23000,0,0,0,0,23000,-23000,-23000
054161,友訊凱基98購01  ,0,0,0,0,0,0,0,0,0,-23000,0,0,0,12000,35000,-23000,-23000
053540,健策永豐96購01  ,0,0,0,0,0,0,0,0,0,-23000,0,0,0,77000,100000,-23000,-23000
054235,欣興群益96購06  ,0,0,0,0,0,0,0,0,0,-23000,0,0,0,125000,148000,-23000,-23000
054444,緯穎台新97購01  ,0,0,0,0,0,0,0,0,0,-23000,0,0,0,0,23000,-23000,-23000
054933,南港元大97購01  ,0,0,0,0,0,0,0,0,0,-23000,0,0,0,42000,65000,-23000,-23000
055249,大毅統一99購01  ,0,0,0,0,0,0,0,0,0,-23000,0,0,0,67000,90000,-23000,-23000
055733,奇力新元富97購01,0,0,0,0,0,0,0,0,0,-23000,0,0,0,30000,53000,-23000,-23000
055727,矽力元大97購02  ,0,0,0,0,0,0,0,0,0,-23000,0,0,0,0,23000,-23000,-23000
055955,微星元大97購01  ,0,0,0,0,0,0,0,0,0,-23000,0,0,0,39000,62000,-23000,-23000
056038,可成凱基97購01  ,0,0,0,0,0,0,0,0,0,-23000,0,0,0,73000,96000,-23000,-23000
2374,佳能            ,1000,24000,-23000,0,0,0,0,0,0,0,0,0,0,0,0,0,-23000
06643P,大立光兆豐98售01,0,0,0,0,0,0,0,0,0,-23000,0,0,0,0,23000,-23000,-23000
06304P,臺股指元大97售10,0,0,0,0,0,0,0,0,0,-23000,0,0,0,7000,30000,-23000,-23000
6155,鈞寶            ,22000,45000,-23000,0,0,0,0,0,0,0,0,0,0,0,0,0,-23000
057181,亞光元大98購02  ,0,0,0,0,0,0,0,0,0,-24000,0,0,0,11000,35000,-24000,-24000
057375,欣興元大98購09  ,0,0,0,0,0,0,0,0,0,-24000,0,0,0,87000,111000,-24000,-24000
056262,台積電統一98購04,0,0,0,0,0,0,0,0,0,-24000,0,0,0,24000,48000,-24000,-24000
056194,聯發科富邦9B購01,0,0,0,0,0,0,0,0,0,-24000,0,0,0,204000,228000,-24000,-24000
056385,創意國泰99購01  ,0,0,0,0,0,0,0,0,0,-24000,0,0,0,35000,59000,-24000,-24000
056386,TPK國泰99購01   ,0,0,0,0,0,0,0,0,0,-24000,0,0,0,0,24000,-24000,-24000
056687,元大金統一98購01,0,0,0,0,0,0,0,0,0,-24000,0,0,0,142000,166000,-24000,-24000
056493,晶技國泰99購01  ,0,0,0,0,0,0,0,0,0,-24000,0,0,0,11000,35000,-24000,-24000
056574,亞光元大99購03  ,0,0,0,0,0,0,0,0,0,-24000,0,0,0,10000,34000,-24000,-24000
058198,瑞昱亞東99購01  ,0,0,0,0,0,0,0,0,0,-24000,0,0,0,0,24000,-24000,-24000
057504,技嘉麥證98購01  ,0,0,0,30000,57000,-27000,0,0,0,-24000,0,0,0,33000,57000,-24000,-24000
047141,宏達電兆豐94購01,0,0,0,0,0,0,0,0,0,-24000,0,0,0,0,24000,-24000,-24000
048698,宏達電國票95購01,0,0,0,0,0,0,0,0,0,-24000,0,0,0,220000,244000,-24000,-24000
04471P,華通元大95售03  ,0,0,0,0,0,0,0,0,0,-24000,0,0,0,1000,25000,-24000,-24000
049327,台郡元富94購01  ,0,0,0,0,0,0,0,0,0,-24000,0,0,0,4000,28000,-24000,-24000
048162,矽力麥證93購01  ,0,0,0,13000,37000,-24000,0,0,0,-24000,0,0,0,13000,37000,-24000,-24000
04772P,欣興元大94售08  ,0,0,0,0,0,0,0,0,0,-24000,0,0,0,0,24000,-24000,-24000
053174,同欣電群益98購02,0,0,0,0,0,0,0,0,0,-24000,0,0,0,13000,37000,-24000,-24000
053112,中磊兆豐97購01  ,0,0,0,0,0,0,0,0,0,-24000,0,0,0,10000,34000,-24000,-24000
052991,台積電台新96購01,0,0,0,0,0,0,0,0,0,-24000,0,0,0,0,24000,-24000,-24000
051009,緯創麥證95購01  ,0,0,0,0,24000,-24000,0,0,0,-24000,0,0,0,0,24000,-24000,-24000
050745,茂林永豐94購06  ,0,0,0,0,0,0,0,0,0,-24000,0,0,0,0,24000,-24000,-24000
050543,聯發科凱基95購01,0,0,0,0,0,0,0,0,0,-24000,0,0,0,107000,131000,-24000,-24000
050384,嘉澤國票94購02  ,0,0,0,0,0,0,0,0,0,-24000,0,0,0,10000,34000,-24000,-24000
051231,健策群益97購01  ,0,0,0,0,0,0,0,0,0,-24000,0,0,0,68000,92000,-24000,-24000
051226,英業達群益95購01,0,0,0,0,0,0,0,0,0,-24000,0,0,0,0,24000,-24000,-24000
051989,華固元大95購02  ,0,0,0,0,0,0,0,0,0,-24000,0,0,0,10000,34000,-24000,-24000
05524P,瀚宇博國票97售02,0,0,0,0,0,0,0,0,0,-24000,0,0,0,31000,55000,-24000,-24000
055372,宏達電元大97購04,0,0,0,0,0,0,0,0,0,-24000,0,0,0,144000,168000,-24000,-24000
054408,義隆國票98購01  ,0,0,0,0,0,0,0,0,0,-24000,0,0,0,10000,34000,-24000,-24000
05428P,滬深2X統一95售01,0,0,0,0,0,0,0,0,0,-24000,0,0,0,0,24000,-24000,-24000
054837,欣興第一97購01  ,0,0,0,0,0,0,0,0,0,-24000,0,0,0,0,24000,-24000,-24000
5243,乙盛-KY         ,62000,85000,-23000,0,0,0,0,0,0,-1000,0,1000,-1000,0,0,0,-24000
8070,長華*           ,4000,28000,-24000,0,0,0,0,0,0,0,0,0,0,0,0,0,-24000
06795P,臺股指凱基98售05,0,0,0,0,0,0,0,0,0,-24000,0,0,0,5000,29000,-24000,-24000
1723,中碳            ,44000,75000,-31000,0,0,0,0,0,0,7000,7000,0,7000,0,0,0,-24000
057520,元油2X元大98購15,0,0,0,0,0,0,0,0,0,-25000,0,0,0,0,25000,-25000,-25000
057580,玉山金中信9A購01,0,0,0,0,0,0,0,0,0,-25000,0,0,0,5000,30000,-25000,-25000
05773P,臺股指凱基99售03,0,0,0,0,0,0,0,0,0,-25000,0,0,0,1000,26000,-25000,-25000
057828,緯穎元大99購02  ,0,0,0,0,0,0,0,0,0,-25000,0,0,0,0,25000,-25000,-25000
058330,鴻海元富99購01  ,0,0,0,0,0,0,0,0,0,-25000,0,0,0,0,25000,-25000,-25000
058354,台積電凱基9A購06,0,0,0,0,0,0,0,0,0,-25000,0,0,0,0,25000,-25000,-25000
058444,國巨富邦9B購01  ,0,0,0,0,0,0,0,0,0,-25000,0,0,0,0,25000,-25000,-25000
056633,鴻海永昌98購02  ,0,0,0,0,0,0,0,0,0,-25000,0,0,0,56000,81000,-25000,-25000
056431,鴻海凱基98購07  ,0,0,0,0,0,0,0,0,0,-25000,0,0,0,2000,27000,-25000,-25000
057378,康友元大98購02  ,0,0,0,0,0,0,0,0,0,-25000,0,0,0,64000,89000,-25000,-25000
057279,國揚元大98購01  ,0,0,0,0,0,0,0,0,0,-25000,0,0,0,0,25000,-25000,-25000
057010,景碩中信98購01  ,0,0,0,0,0,0,0,0,0,-25000,0,0,0,25000,50000,-25000,-25000
04909P,鴻海統一94售10  ,0,0,0,0,0,0,0,0,0,-25000,0,0,0,0,25000,-25000,-25000
04893P,創意元大94售03  ,0,0,0,0,0,0,0,0,0,-25000,0,0,0,0,25000,-25000,-25000
048732,台勝科麥證95購01,0,0,0,5000,30000,-25000,0,0,0,-25000,0,0,0,5000,30000,-25000,-25000
044853,亞光國泰93購01  ,0,0,0,0,0,0,0,0,0,-25000,0,0,0,26000,51000,-25000,-25000
00770,國泰北美科技    ,0,9000,-9000,0,0,0,0,0,0,-16000,0,0,0,5000,21000,-16000,-25000
051900,臻鼎富邦95購01  ,0,0,0,0,0,0,0,0,0,-25000,0,0,0,0,25000,-25000,-25000
050296,亞光凱基94購03  ,0,0,0,0,0,0,0,0,0,-25000,0,0,0,72000,97000,-25000,-25000
051175,國巨凱基95購04  ,0,0,0,0,0,0,0,0,0,-25000,0,0,0,17000,42000,-25000,-25000
051886,道瓊反統一95購03,0,0,0,0,0,0,0,0,0,-25000,0,0,0,0,25000,-25000,-25000
050383,超眾兆豐95購01  ,0,0,0,0,0,0,0,0,0,-25000,0,0,0,0,25000,-25000,-25000
052443,台積電元大95購23,0,0,0,0,0,0,0,0,0,-25000,0,0,0,75000,100000,-25000,-25000
051014,智邦凱基95購01  ,0,0,0,0,0,0,0,0,0,-25000,0,0,0,0,25000,-25000,-25000
053090,新唐元大96購01  ,0,0,0,0,0,0,0,0,0,-25000,0,0,0,45000,70000,-25000,-25000
053335,易華電永豐96購01,0,0,0,0,0,0,0,0,0,-25000,0,0,0,0,25000,-25000,-25000
054825,康友元大97購01  ,0,0,0,0,0,0,0,0,0,-25000,0,0,0,68000,93000,-25000,-25000
054362,亞光凱基96購03  ,0,0,0,0,0,0,0,0,0,-25000,0,0,0,0,25000,-25000,-25000
053518,聯茂群益96購03  ,0,0,0,0,0,0,0,0,0,-25000,0,0,0,22000,47000,-25000,-25000
053948,大立光富邦99購04,0,0,0,0,0,0,0,0,0,-25000,0,0,0,55000,80000,-25000,-25000
055439,台表科國票98購02,0,0,0,0,0,0,0,0,0,-25000,0,0,0,10000,35000,-25000,-25000
054958,亞光元大97購03  ,0,0,0,0,0,0,0,0,0,-25000,0,0,0,0,25000,-25000,-25000
055167,友訊統一97購01  ,0,0,0,0,0,0,0,0,0,-25000,0,0,0,25000,50000,-25000,-25000
06934P,聯鈞元大98售03  ,0,0,0,0,0,0,0,0,0,-25000,0,0,0,0,25000,-25000,-25000
06911P,鴻海元大99售09  ,0,0,0,0,0,0,0,0,0,-25000,0,0,0,0,25000,-25000,-25000
1313,聯成            ,93000,113000,-20000,0,0,0,0,0,0,-5000,0,5000,-5000,0,0,0,-25000
2484,希華            ,15000,40000,-25000,0,0,0,0,0,0,0,0,0,0,0,0,0,-25000
06731P,聯茂元大98售05  ,0,0,0,0,0,0,0,0,0,-25000,0,0,0,73000,98000,-25000,-25000
06615P,鴻海元大9C售02  ,0,0,0,0,0,0,0,0,0,-25000,0,0,0,5000,30000,-25000,-25000
06301P,臺股指元大97售04,0,0,0,0,0,0,0,0,0,-25000,0,0,0,12000,37000,-25000,-25000
06195P,台積電元富97售06,0,0,0,0,0,0,0,0,0,-25000,0,0,0,22000,47000,-25000,-25000
5906,台南-KY         ,3000,28000,-25000,0,0,0,0,0,0,0,0,0,0,0,0,0,-25000
4137,麗豐-KY         ,67000,90000,-23000,0,0,0,0,0,0,-2000,0,0,0,0,2000,-2000,-25000
056836,國巨元富98購01  ,0,0,0,0,0,0,0,0,0,-26000,0,0,0,86000,112000,-26000,-26000
056875,亞光凱基98購03  ,0,0,0,0,0,0,0,0,0,-26000,0,0,0,96000,122000,-26000,-26000
057335,技嘉國票99購01  ,0,0,0,0,0,0,0,0,0,-26000,0,0,0,20000,46000,-26000,-26000
056678,力成元富98購01  ,0,0,0,0,0,0,0,0,0,-26000,0,0,0,34000,60000,-26000,-26000
056582,易華電元大98購01,0,0,0,0,0,0,0,0,0,-26000,0,0,0,1000,27000,-26000,-26000
05652P,臻鼎群益96售01  ,0,0,0,0,0,0,0,0,0,-26000,0,0,0,10000,36000,-26000,-26000
058307,聯發科元大99購08,0,0,0,0,0,0,0,0,0,-26000,0,0,0,255000,281000,-26000,-26000
06001P,樺漢台新96售01  ,0,0,0,0,0,0,0,0,0,-26000,0,0,0,0,26000,-26000,-26000
058185,國巨永豐99購01  ,0,0,0,0,0,0,0,0,0,-26000,0,0,0,30000,56000,-26000,-26000
058103,台積電永豐98購06,0,0,0,0,0,0,0,0,0,-26000,0,0,0,37000,63000,-26000,-26000
057973,神達富邦9A購01  ,0,0,0,0,0,0,0,0,0,-26000,0,0,0,99000,125000,-26000,-26000
05772P,景碩凱基96售02  ,0,0,0,0,0,0,0,0,0,-26000,0,0,0,63000,89000,-26000,-26000
047145,鴻海群益95購01  ,0,0,0,0,0,0,0,0,0,-26000,0,0,0,33000,59000,-26000,-26000
049172,鴻海凱基94購14  ,0,0,0,0,0,0,0,0,0,-26000,0,0,0,32000,58000,-26000,-26000
048394,正崴國票94購01  ,0,0,0,0,0,0,0,0,0,-26000,0,0,0,0,26000,-26000,-26000
048733,台勝科麥證95購02,0,0,0,28000,54000,-26000,0,0,0,-26000,0,0,0,28000,54000,-26000,-26000
049518,宏達電國票95購02,0,0,0,0,0,0,0,0,0,-26000,0,0,0,304000,330000,-26000,-26000
051489,世芯凱基95購01  ,0,0,0,0,0,0,0,0,0,-26000,0,0,0,169000,195000,-26000,-26000
053304,可成凱基96購03  ,0,0,0,0,0,0,0,0,0,-26000,0,0,0,0,26000,-26000,-26000
05297P,臻鼎凱基95售04  ,0,0,0,0,0,0,0,0,0,-26000,0,0,0,0,26000,-26000,-26000
050519,旺宏元大95購03  ,0,0,0,0,0,0,0,0,0,-26000,0,0,0,128000,154000,-26000,-26000
051069,智邦國票96購01  ,0,0,0,0,0,0,0,0,0,-26000,0,0,0,10000,36000,-26000,-26000
050058,國巨凱基94購06  ,0,0,0,0,0,0,0,0,0,-26000,0,0,0,25000,51000,-26000,-26000
055186,正文統一97購01  ,0,0,0,0,0,0,0,0,0,-26000,0,0,0,0,26000,-26000,-26000
055345,國巨凱基98購01  ,0,0,0,0,0,0,0,0,0,-26000,0,0,0,341000,367000,-26000,-26000
055983,全新元富9A購02  ,0,0,0,0,0,0,0,0,0,-26000,0,0,0,36000,62000,-26000,-26000
055894,欣興統一97購03  ,0,0,0,0,0,0,0,0,0,-26000,0,0,0,0,26000,-26000,-26000
055584,國巨元大97購11  ,0,0,0,0,0,0,0,0,0,-26000,0,0,0,4000,30000,-26000,-26000
054139,揚明光元大96購01,0,0,0,0,0,0,0,0,0,-26000,0,0,0,0,26000,-26000,-26000
053558,訊芯凱基96購02  ,0,0,0,0,0,0,0,0,0,-26000,0,0,0,0,26000,-26000,-26000
05358P,大立光元大95售09,0,0,0,0,0,0,0,0,0,-26000,0,0,0,0,26000,-26000,-26000
054805,台苯元大9A購01  ,0,0,0,0,0,0,0,0,0,-26000,0,0,0,0,26000,-26000,-26000
06602P,國巨統一99售02  ,0,0,0,0,0,0,0,0,0,-26000,0,0,0,5000,31000,-26000,-26000
06518P,奇力新兆豐99售01,0,0,0,0,0,0,0,0,0,-26000,0,0,0,2000,28000,-26000,-26000
06510P,燿華永豐98售03  ,0,0,0,0,0,0,0,0,0,-26000,0,0,0,0,26000,-26000,-26000
06915P,晶技元富98售02  ,0,0,0,0,0,0,0,0,0,-26000,0,0,0,34000,60000,-26000,-26000
057915,台泥凱基98購01  ,0,0,0,0,0,0,0,0,0,-27000,0,0,0,68000,95000,-27000,-27000
057902,嘉晶永豐98購02  ,0,0,0,0,0,0,0,0,0,-27000,0,0,0,43000,70000,-27000,-27000
057423,台郡凱基98購06  ,0,0,0,0,0,0,0,0,0,-27000,0,0,0,161000,188000,-27000,-27000
058194,勤誠永豐99購01  ,0,0,0,0,0,0,0,0,0,-27000,0,0,0,0,27000,-27000,-27000
058259,訊連國泰9B購01  ,0,0,0,0,0,0,0,0,0,-27000,0,0,0,0,27000,-27000,-27000
058333,鴻海元富99購04  ,0,0,0,0,0,0,0,0,0,-27000,0,0,0,17000,44000,-27000,-27000
057278,可成元大98購06  ,0,0,0,0,0,0,0,0,0,-27000,0,0,0,148000,175000,-27000,-27000
056842,全新元富98購01  ,0,0,0,0,0,0,0,0,0,-27000,0,0,0,32000,59000,-27000,-27000
057025,華新科凱基98購04,0,0,0,0,0,0,0,0,0,-27000,0,0,0,93000,120000,-27000,-27000
056958,喬山永豐98購01  ,450000,0,450000,0,0,0,0,0,0,-477000,0,0,0,0,477000,-477000,-27000
051484,玉晶光凱基97購01,0,0,0,0,0,0,0,0,0,-27000,0,0,0,74000,101000,-27000,-27000
049690,義隆元大95購02  ,0,0,0,0,0,0,0,0,0,-27000,0,0,0,53000,80000,-27000,-27000
04877P,聯發科麥證94售04,0,0,0,3000,30000,-27000,0,0,0,-27000,0,0,0,3000,30000,-27000,-27000
049220,聯發科國票95購02,0,0,0,0,0,0,0,0,0,-27000,0,0,0,30000,57000,-27000,-27000
048644,華固元大93購01  ,0,0,0,0,0,0,0,0,0,-27000,0,0,0,0,27000,-27000,-27000
04637P,臺股指群益94售12,0,0,0,0,0,0,0,0,0,-27000,0,0,0,0,27000,-27000,-27000
046944,奇力新元大96購01,0,0,0,0,0,0,0,0,0,-27000,0,0,0,31000,58000,-27000,-27000
049927,健策元大94購02  ,0,0,0,0,0,0,0,0,0,-27000,0,0,0,3000,30000,-27000,-27000
052231,景碩凱基96購01  ,0,0,0,0,0,0,0,0,0,-27000,0,0,0,68000,95000,-27000,-27000
052805,晶技元大97購01  ,0,0,0,0,0,0,0,0,0,-27000,0,0,0,486000,513000,-27000,-27000
054812,鴻海元大97購08  ,0,0,0,0,0,0,0,0,0,-27000,0,0,0,193000,220000,-27000,-27000
054262,瀚宇博元大96購03,0,0,0,0,0,0,0,0,0,-27000,0,0,0,255000,282000,-27000,-27000
05418P,瑞昱永豐95售02  ,0,0,0,0,0,0,0,0,0,-27000,0,0,0,0,27000,-27000,-27000
055562,欣興凱基97購06  ,0,0,0,0,0,0,0,0,0,-27000,0,0,0,0,27000,-27000,-27000
055645,技嘉元富97購01  ,0,0,0,0,0,0,0,0,0,-27000,0,0,0,11000,38000,-27000,-27000
055019,福懋科元富97購01,0,0,0,0,0,0,0,0,0,-27000,0,0,0,38000,65000,-27000,-27000
2524,京城            ,21000,48000,-27000,0,0,0,0,0,0,0,0,0,0,0,0,0,-27000
06204P,鴻海群益97售04  ,0,0,0,0,0,0,0,0,0,-27000,0,0,0,93000,120000,-27000,-27000
06382P,大毅元富97售02  ,0,0,0,0,0,0,0,0,0,-27000,0,0,0,163000,190000,-27000,-27000
3015,全漢            ,1000,28000,-27000,0,0,0,0,0,0,0,0,0,0,0,0,0,-27000
9136,巨騰-DR         ,1000,28000,-27000,0,0,0,0,0,0,0,0,0,0,0,0,0,-27000
056993,GIS兆豐99購01   ,0,0,0,0,0,0,0,0,0,-28000,0,0,0,0,28000,-28000,-28000
057245,福懋科台新98購01,0,0,0,0,0,0,0,0,0,-28000,0,0,0,0,28000,-28000,-28000
057357,超眾統一98購01  ,0,0,0,0,0,0,0,0,0,-28000,0,0,0,0,28000,-28000,-28000
056368,祥碩元大98購02  ,0,0,0,0,0,0,0,0,0,-28000,0,0,0,77000,105000,-28000,-28000
056211,南港國票98購01  ,0,0,0,0,0,0,0,0,0,-28000,0,0,0,0,28000,-28000,-28000
056214,義隆國票99購01  ,0,0,0,0,0,0,0,0,0,-28000,0,0,0,74000,102000,-28000,-28000
058334,鴻海元富99購05  ,0,0,0,0,0,0,0,0,0,-28000,0,0,0,1000,29000,-28000,-28000
05961P,鴻海群益97售01  ,0,0,0,0,0,0,0,0,0,-28000,0,0,0,74000,102000,-28000,-28000
058190,貿聯永豐99購01  ,0,0,0,0,0,0,0,0,0,-28000,0,0,0,32000,60000,-28000,-28000
057555,玉晶光凱基9A購02,0,0,0,0,0,0,0,0,0,-28000,0,0,0,32000,60000,-28000,-28000
048874,玉晶光國票96購01,0,0,0,0,0,0,0,0,0,-28000,0,0,0,70000,98000,-28000,-28000
048102,矽力凱基94購01  ,0,0,0,0,0,0,0,0,0,-28000,0,0,0,2000,30000,-28000,-28000
052933,祥碩元大96購01  ,0,0,0,0,0,0,0,0,0,-28000,0,0,0,14000,42000,-28000,-28000
053356,聯發科統一96購07,0,0,0,0,0,0,0,0,0,-28000,0,0,0,58000,86000,-28000,-28000
050995,貿聯元大95購02  ,0,0,0,0,0,0,0,0,0,-28000,0,0,0,0,28000,-28000,-28000
052173,廣達元大95購02  ,0,0,0,0,0,0,0,0,0,-28000,0,0,0,50000,78000,-28000,-28000
051788,奇力新國票97購02,0,0,0,0,0,0,0,0,0,-28000,0,0,0,11000,39000,-28000,-28000
055125,智原兆豐97購01  ,0,0,0,0,0,0,0,0,0,-28000,0,0,0,72000,100000,-28000,-28000
055030,帆宣國泰99購02  ,0,0,0,0,0,0,0,0,0,-28000,0,0,0,91000,119000,-28000,-28000
055449,超眾統一9A購01  ,0,0,0,0,0,0,0,0,0,-28000,0,0,0,0,28000,-28000,-28000
056066,奇鋐元大98購02  ,0,0,0,0,0,0,0,0,0,-28000,0,0,0,162000,190000,-28000,-28000
054420,緯穎元大96購08  ,0,0,0,0,0,0,0,0,0,-28000,0,0,0,172000,200000,-28000,-28000
053590,新光金元大9A購02,0,0,0,0,0,0,0,0,0,-28000,0,0,0,2000,30000,-28000,-28000
053505,瑞儀兆豐97購01  ,0,0,0,0,0,0,0,0,0,-28000,0,0,0,0,28000,-28000,-28000
053737,華新科麥證96購01,0,0,0,20000,48000,-28000,0,0,0,-28000,0,0,0,20000,48000,-28000,-28000
053735,矽力中信97購01  ,0,0,0,0,0,0,0,0,0,-28000,0,0,0,20000,48000,-28000,-28000
06387P,緯穎永豐97售02  ,0,0,0,0,0,0,0,0,0,-28000,0,0,0,12000,40000,-28000,-28000
06303P,臺股指元大97售09,0,0,0,0,0,0,0,0,0,-28000,0,0,0,10000,38000,-28000,-28000
06084P,宏達電元富97售02,0,0,0,0,0,0,0,0,0,-28000,0,0,0,38000,66000,-28000,-28000
06739P,聯詠兆豐98售02  ,0,0,0,0,0,0,0,0,0,-28000,0,0,0,0,28000,-28000,-28000
2706,第一店          ,3000,31000,-28000,0,0,0,0,0,0,0,0,0,0,0,0,0,-28000
057444,台泥元富98購01  ,0,0,0,0,0,0,0,0,0,-29000,0,0,0,50000,79000,-29000,-29000
057445,華通元富02購01  ,0,0,0,0,0,0,0,0,0,-29000,0,0,0,0,29000,-29000,-29000
057508,康控國票99購03  ,0,0,0,0,0,0,0,0,0,-29000,0,0,0,0,29000,-29000,-29000
057806,國巨元大98購20  ,0,0,0,0,0,0,0,0,0,-29000,0,0,0,25000,54000,-29000,-29000
057093,臻鼎元富98購02  ,0,0,0,0,0,0,0,0,0,-29000,0,0,0,24000,53000,-29000,-29000
056749,滬深2X兆豐99購01,0,0,0,0,0,0,0,0,0,-29000,0,0,0,230000,259000,-29000,-29000
04898P,瑞儀中信95售01  ,0,0,0,0,0,0,0,0,0,-29000,0,0,0,15000,44000,-29000,-29000
047406,香港反統一94購01,0,0,0,0,0,0,0,0,0,-29000,0,0,0,81000,110000,-29000,-29000
051264,道瓊反富邦97購01,0,0,0,0,0,0,0,0,0,-29000,0,0,0,1000,30000,-29000,-29000
050049,華通群益96購01  ,0,0,0,0,0,0,0,0,0,-29000,0,0,0,122000,151000,-29000,-29000
052477,美律群益98購01  ,0,0,0,0,0,0,0,0,0,-29000,0,0,0,82000,111000,-29000,-29000
050404,元大金麥證94購01,0,0,0,21000,50000,-29000,0,0,0,-29000,0,0,0,21000,50000,-29000,-29000
051931,美律國票96購02  ,0,0,0,0,0,0,0,0,0,-29000,0,0,0,19000,48000,-29000,-29000
051995,矽力元大95購03  ,0,0,0,0,0,0,0,0,0,-29000,0,0,0,12000,41000,-29000,-29000
050647,聯發科凱基96購01,0,0,0,0,0,0,0,0,0,-29000,0,0,0,48000,77000,-29000,-29000
053184,世紀鋼元富96購01,0,0,0,0,0,0,0,0,0,-29000,0,0,0,760000,789000,-29000,-29000
053834,卜蜂永豐96購01  ,0,0,0,0,0,0,0,0,0,-29000,0,0,0,71000,100000,-29000,-29000
05441P,華通元大95售09  ,0,0,0,0,0,0,0,0,0,-29000,0,0,0,6000,35000,-29000,-29000
054767,日電貿國票98購01,0,0,0,0,0,0,0,0,0,-29000,0,0,0,11000,40000,-29000,-29000
056043,力成凱基97購01  ,0,0,0,0,0,0,0,0,0,-29000,0,0,0,64000,93000,-29000,-29000
055796,南電國泰98購01  ,0,0,0,0,0,0,0,0,0,-29000,0,0,0,16000,45000,-29000,-29000
055096,緯穎群益97購01  ,0,0,0,0,0,0,0,0,0,-29000,0,0,0,123000,152000,-29000,-29000
2881B,富邦金乙特      ,0,0,0,0,0,0,0,0,0,-29000,2000,31000,-29000,0,0,0,-29000
06468P,華新科統一98售02,0,0,0,0,0,0,0,0,0,-29000,0,0,0,70000,99000,-29000,-29000
06136P,華新科國泰99售02,0,0,0,0,0,0,0,0,0,-29000,0,0,0,513000,542000,-29000,-29000
6605,帝寶            ,35000,64000,-29000,0,0,0,0,0,0,0,0,0,0,0,0,0,-29000
05686P,臺股指元大96售11,0,0,0,0,0,0,0,0,0,-30000,0,0,0,0,30000,-30000,-30000
057042,台積電元大98購10,0,0,0,0,0,0,0,0,0,-30000,0,0,0,329000,359000,-30000,-30000
056924,亞光兆豐98購01  ,0,0,0,0,0,0,0,0,0,-30000,0,0,0,50000,80000,-30000,-30000
056946,國巨統一98購05  ,0,0,0,0,0,0,0,0,0,-30000,0,0,0,0,30000,-30000,-30000
057210,T50反1群益98購01,0,0,0,0,0,0,0,0,0,-30000,0,0,0,0,30000,-30000,-30000
057316,國巨凱基99購04  ,0,0,0,0,0,0,0,0,0,-30000,0,0,0,0,30000,-30000,-30000
057302,福懋科中信98購01,0,0,0,0,0,0,0,0,0,-30000,0,0,0,0,30000,-30000,-30000
056249,鴻海兆豐97購05  ,0,0,0,0,0,0,0,0,0,-30000,0,0,0,0,30000,-30000,-30000
056563,華新科群益98購04,0,0,0,0,0,0,0,0,0,-30000,0,0,0,0,30000,-30000,-30000
056740,大立光凱基98購13,0,0,0,0,0,0,0,0,0,-30000,0,0,0,10000,40000,-30000,-30000
057934,華新科群益98購07,0,0,0,0,0,0,0,0,0,-30000,0,0,0,13000,43000,-30000,-30000
057501,超眾群益98購04  ,0,0,0,0,0,0,0,0,0,-30000,0,0,0,0,30000,-30000,-30000
057473,T50反1元大98購08,0,0,0,0,0,0,0,0,0,-30000,0,0,0,0,30000,-30000,-30000
057605,旺宏統一99購03  ,0,0,0,0,0,0,0,0,0,-30000,0,0,0,10000,40000,-30000,-30000
057642,南亞科元大98購07,0,0,0,0,0,0,0,0,0,-30000,0,0,0,8000,38000,-30000,-30000
05813P,臺股指國票96售06,0,0,0,0,0,0,0,0,0,-30000,0,0,0,0,30000,-30000,-30000
058011,台虹國票99購01  ,0,0,0,0,0,0,0,0,0,-30000,0,0,0,5000,35000,-30000,-30000
058006,台郡群益98購04  ,0,0,0,0,0,0,0,0,0,-30000,0,0,0,11000,41000,-30000,-30000
058045,鴻海元大99購08  ,0,0,0,0,0,0,0,0,0,-30000,0,0,0,26000,56000,-30000,-30000
05966P,矽力凱基96售03  ,0,0,0,0,0,0,0,0,0,-30000,0,0,0,30000,60000,-30000,-30000
058339,康友元富99購02  ,0,0,0,0,0,0,0,0,0,-30000,0,0,0,9000,39000,-30000,-30000
05836P,臺股指元富96售08,0,0,0,0,0,0,0,0,0,-30000,0,0,0,4000,34000,-30000,-30000
058372,欣興凱基99購03  ,0,0,0,0,0,0,0,0,0,-30000,0,0,0,0,30000,-30000,-30000
04527P,大立光凱基94售04,0,0,0,0,0,0,0,0,0,-30000,0,0,0,0,30000,-30000,-30000
045797,健策中信93購01  ,0,0,0,0,0,0,0,0,0,-30000,0,0,0,10000,40000,-30000,-30000
04559P,華通凱基94售03  ,0,0,0,0,0,0,0,0,0,-30000,0,0,0,10000,40000,-30000,-30000
048668,奇力新永豐93購04,0,0,0,0,0,0,0,0,0,-30000,0,0,0,0,30000,-30000,-30000
046770,聯發科國泰94購01,0,0,0,0,0,0,0,0,0,-30000,0,0,0,20000,50000,-30000,-30000
047169,滬深2X永豐95購01,0,0,0,0,0,0,0,0,0,-30000,0,0,0,0,30000,-30000,-30000
04028P,燿華凱基94售02  ,0,0,0,0,0,0,0,0,0,-30000,0,0,0,60000,90000,-30000,-30000
03415B,臺股指元大93熊49,0,0,0,0,0,0,0,0,0,-30000,0,0,0,0,30000,-30000,-30000
048987,崇越元大94購01  ,0,0,0,0,0,0,0,0,0,-30000,0,0,0,0,30000,-30000,-30000
04902P,國巨台新94售04  ,0,0,0,0,0,0,0,0,0,-30000,0,0,0,0,30000,-30000,-30000
04901P,臺股指麥證94售02,0,0,0,0,30000,-30000,0,0,0,-30000,0,0,0,0,30000,-30000,-30000
049344,華固統一94購01  ,0,0,0,0,0,0,0,0,0,-30000,0,0,0,0,30000,-30000,-30000
049331,元石油統一94購01,0,0,0,0,0,0,0,0,0,-30000,0,0,0,0,30000,-30000,-30000
048972,晶豪科元大94購01,0,0,0,0,0,0,0,0,0,-30000,0,0,0,0,30000,-30000,-30000
048973,禾伸堂元大94購01,0,0,0,0,0,0,0,0,0,-30000,0,0,0,0,30000,-30000,-30000
049489,美律元大94購05  ,0,0,0,0,0,0,0,0,0,-30000,0,0,0,0,30000,-30000,-30000
048500,樺漢元大93購03  ,0,0,0,0,0,0,0,0,0,-30000,0,0,0,73000,103000,-30000,-30000
048139,南電國票94購02  ,0,0,0,0,0,0,0,0,0,-30000,0,0,0,0,30000,-30000,-30000
048190,道瓊反元大96購02,0,0,0,0,0,0,0,0,0,-30000,0,0,0,0,30000,-30000,-30000
048227,亞光凱基93購05  ,0,0,0,0,0,0,0,0,0,-30000,0,0,0,0,30000,-30000,-30000
049613,華通中信94購01  ,0,0,0,0,0,0,0,0,0,-30000,0,0,0,56000,86000,-30000,-30000
047730,矽力群益93購02  ,0,0,0,0,0,0,0,0,0,-30000,0,0,0,0,30000,-30000,-30000
047711,華新科凱基94購03,0,0,0,0,0,0,0,0,0,-30000,0,0,0,14000,44000,-30000,-30000
047975,緯創兆豐93購01  ,0,0,0,0,0,0,0,0,0,-30000,0,0,0,10000,40000,-30000,-30000
047825,道瓊反元大96購01,0,0,0,0,0,0,0,0,0,-30000,0,0,0,0,30000,-30000,-30000
050204,華新科群益94購05,0,0,0,0,0,0,0,0,0,-30000,0,0,0,10000,40000,-30000,-30000
051076,緯創國泰96購01  ,0,0,0,0,0,0,0,0,0,-30000,0,0,0,0,30000,-30000,-30000
051102,訊芯元大96購01  ,0,0,0,0,0,0,0,0,0,-30000,0,0,0,0,30000,-30000,-30000
051433,中磊元富95購01  ,0,0,0,0,0,0,0,0,0,-30000,0,0,0,20000,50000,-30000,-30000
052796,和碩兆豐96購01  ,0,0,0,0,0,0,0,0,0,-30000,0,0,0,148000,178000,-30000,-30000
053087,冠德元大96購02  ,0,0,0,0,0,0,0,0,0,-30000,0,0,0,0,30000,-30000,-30000
053088,奇鋐元大98購01  ,0,0,0,0,0,0,0,0,0,-30000,0,0,0,170000,200000,-30000,-30000
053093,緯穎元大96購06  ,0,0,0,0,0,0,0,0,0,-30000,0,0,0,179000,209000,-30000,-30000
050659,宏達電元大96購01,0,0,0,0,0,0,0,0,0,-30000,0,0,0,0,30000,-30000,-30000
052590,祥碩永豐96購01  ,0,0,0,0,0,0,0,0,0,-30000,0,0,0,6000,36000,-30000,-30000
05259P,臺股指凱基96售12,0,0,0,0,0,0,0,0,0,-30000,0,0,0,0,30000,-30000,-30000
052737,滬深2X元大96購06,0,0,0,0,0,0,0,0,0,-30000,0,0,0,0,30000,-30000,-30000
050855,華通台新95購01  ,0,0,0,0,0,0,0,0,0,-30000,0,0,0,0,30000,-30000,-30000
050548,華固凱基95購01  ,0,0,0,0,0,0,0,0,0,-30000,0,0,0,0,30000,-30000,-30000
050753,百和統一94購01  ,0,0,0,0,0,0,0,0,0,-30000,0,0,0,51000,81000,-30000,-30000
052080,康友元富98購02  ,0,0,0,0,0,0,0,0,0,-30000,0,0,0,0,30000,-30000,-30000
051164,鴻海元大95購05  ,0,0,0,0,0,0,0,0,0,-30000,0,0,0,0,30000,-30000,-30000
051145,台積電凱基95購05,0,0,0,0,0,0,0,0,0,-30000,0,0,0,0,30000,-30000,-30000
051864,聯發科凱基96購03,0,0,0,0,0,0,0,0,0,-30000,0,0,0,0,30000,-30000,-30000
051845,世紀鋼富邦96購01,0,0,0,0,0,0,0,0,0,-30000,0,0,0,30000,60000,-30000,-30000
051836,華通國泰95購02  ,0,0,0,0,0,0,0,0,0,-30000,0,0,0,0,30000,-30000,-30000
051579,宏碁元大95購01  ,0,0,0,0,0,0,0,0,0,-30000,0,0,0,4000,34000,-30000,-30000
052373,鴻海元大95購22  ,0,0,0,0,0,0,0,0,0,-30000,0,0,0,10000,40000,-30000,-30000
05240P,玉晶光永豐96售01,0,0,0,0,0,0,0,0,0,-30000,0,0,0,0,30000,-30000,-30000
052217,台光電日盛95購01,0,0,0,0,0,0,0,0,0,-30000,0,0,0,10000,40000,-30000,-30000
052367,聯茂國票96購02  ,0,0,0,0,0,0,0,0,0,-30000,0,0,0,10000,40000,-30000,-30000
049998,奇力新永豐94購03,0,0,0,0,0,0,0,0,0,-30000,0,0,0,0,30000,-30000,-30000
049934,緯穎元大94購08  ,0,0,0,0,0,0,0,0,0,-30000,0,0,0,33000,63000,-30000,-30000
049966,旺宏國票95購02  ,0,0,0,0,0,0,0,0,0,-30000,0,0,0,130000,160000,-30000,-30000
049904,矽力元富94購01  ,0,0,0,0,0,0,0,0,0,-30000,0,0,0,20000,50000,-30000,-30000
051271,華新科群益95購04,0,0,0,0,0,0,0,0,0,-30000,0,0,0,0,30000,-30000,-30000
050170,臺指反元大97購02,0,0,0,0,0,0,0,0,0,-30000,0,0,0,0,30000,-30000,-30000
05012P,台積電元大95售07,0,0,0,0,0,0,0,0,0,-30000,0,0,0,10000,40000,-30000,-30000
054881,光罩統一97購01  ,0,0,0,0,0,0,0,0,0,-30000,0,0,0,0,30000,-30000,-30000
055389,國巨統一98購02  ,0,0,0,0,0,0,0,0,0,-30000,0,0,0,58000,88000,-30000,-30000
055405,華泰國泰98購01  ,0,0,0,0,0,0,0,0,0,-30000,0,0,0,0,30000,-30000,-30000
055436,晶豪科中信99購01,0,0,0,0,0,0,0,0,0,-30000,0,0,0,0,30000,-30000,-30000
05523P,聯發科國票96售04,0,0,0,0,0,0,0,0,0,-30000,0,0,0,0,30000,-30000,-30000
055806,致新永豐97購02  ,0,0,0,0,0,0,0,0,0,-30000,0,0,0,54000,84000,-30000,-30000
056013,T50反1群益97購01,0,0,0,0,0,0,0,0,0,-30000,0,0,0,0,30000,-30000,-30000
055883,樺漢元富97購01  ,0,0,0,0,0,0,0,0,0,-30000,0,0,0,0,30000,-30000,-30000
05584P,臺股指凱基96售13,0,0,0,0,0,0,0,0,0,-30000,0,0,0,0,30000,-30000,-30000
054573,漢唐元大98購01  ,0,0,0,0,0,0,0,0,0,-30000,0,0,0,10000,40000,-30000,-30000
054479,緯創中信98購01  ,0,0,0,0,0,0,0,0,0,-30000,0,0,0,0,30000,-30000,-30000
054270,寶滬深中信98購01,0,0,0,0,0,0,0,0,0,-30000,0,0,0,0,30000,-30000,-30000
053975,大立光元大98購04,0,0,0,0,0,0,0,0,0,-30000,0,0,0,0,30000,-30000,-30000
05365P,臺股指富邦95售05,0,0,0,0,0,0,0,0,0,-30000,0,0,0,50000,80000,-30000,-30000
8429,金麗-KY         ,43000,73000,-30000,0,0,0,0,0,0,0,0,0,0,0,0,0,-30000
4106,雃博            ,18000,48000,-30000,0,0,0,0,0,0,0,0,0,0,0,0,0,-30000
06212P,華新科元大97售11,0,0,0,0,0,0,0,0,0,-30000,0,0,0,119000,149000,-30000,-30000
06384P,訊芯元富97售03  ,0,0,0,0,0,0,0,0,0,-30000,0,0,0,10000,40000,-30000,-30000
06481P,台積電凱基98售12,0,0,0,0,0,0,0,0,0,-30000,0,0,0,0,30000,-30000,-30000
06541P,元油2X國票9A售02,0,0,0,0,0,0,0,0,0,-30000,0,0,0,0,30000,-30000,-30000
06577P,聯發科日盛9A售02,0,0,0,0,0,0,0,0,0,-30000,0,0,0,10000,40000,-30000,-30000
06698P,玉晶光國票99售05,0,0,0,0,0,0,0,0,0,-30000,0,0,0,90000,120000,-30000,-30000
06936P,瑞儀元大98售01  ,0,0,0,0,0,0,0,0,0,-30000,0,0,0,0,30000,-30000,-30000
1476,儒鴻            ,241424,289000,-47576,0,0,0,0,0,0,17000,18000,2000,16000,2000,1000,1000,-30576
06030P,友達兆豐96售02  ,0,0,0,0,0,0,0,0,0,-31000,0,0,0,0,31000,-31000,-31000
058290,南電國票9A購01  ,0,0,0,0,0,0,0,0,0,-31000,0,0,0,0,31000,-31000,-31000
057637,上銀元大98購07  ,0,0,0,0,0,0,0,0,0,-31000,0,0,0,19000,50000,-31000,-31000
057542,上銀凱基99購01  ,0,0,0,0,0,0,0,0,0,-31000,0,0,0,10000,41000,-31000,-31000
057718,旺宏元富02購02  ,0,0,0,0,0,0,0,0,0,-31000,0,0,0,0,31000,-31000,-31000
056473,奇力新元大99購02,0,0,0,0,0,0,0,0,0,-31000,0,0,0,0,31000,-31000,-31000
056964,聯發科永豐98購03,0,0,0,0,0,0,0,0,0,-31000,0,0,0,48000,79000,-31000,-31000
056820,欣興永豐98購02  ,0,0,0,0,0,0,0,0,0,-31000,0,0,0,22000,53000,-31000,-31000
03627P,大立光兆豐93售03,0,0,0,0,0,0,0,0,0,-31000,0,0,0,0,31000,-31000,-31000
044016,義隆凱基93購01  ,0,0,0,0,0,0,0,0,0,-31000,0,0,0,0,31000,-31000,-31000
00645,富邦日本        ,0,0,0,0,0,0,0,0,0,-31000,0,0,0,60000,91000,-31000,-31000
04653P,臺股指凱基94售12,0,0,0,0,0,0,0,0,0,-31000,0,0,0,0,31000,-31000,-31000
049141,旺宏元大95購01  ,0,0,0,0,0,0,0,0,0,-31000,0,0,0,47000,78000,-31000,-31000
046348,嘉澤兆豐93購01  ,0,0,0,0,0,0,0,0,0,-31000,0,0,0,0,31000,-31000,-31000
051289,大立光統一96購01,0,0,0,0,0,0,0,0,0,-31000,0,0,0,21000,52000,-31000,-31000
051290,大立光統一96購02,0,0,0,0,0,0,0,0,0,-31000,0,0,0,0,31000,-31000,-31000
05169P,玉晶光元大95售03,0,0,0,0,0,0,0,0,0,-31000,0,0,0,60000,91000,-31000,-31000
05249P,臻鼎國票95售01  ,0,0,0,0,0,0,0,0,0,-31000,0,0,0,10000,41000,-31000,-31000
051725,緯穎永豐95購02  ,0,0,0,0,0,0,0,0,0,-31000,0,0,0,10000,41000,-31000,-31000
051195,台郡中信95購01  ,0,0,0,0,0,0,0,0,0,-31000,0,0,0,0,31000,-31000,-31000
050832,力成凱基95購01  ,0,0,0,0,0,0,0,0,0,-31000,0,0,0,1000,32000,-31000,-31000
050952,健策群益96購01  ,0,0,0,0,0,0,0,0,0,-31000,0,0,0,38000,69000,-31000,-31000
052690,台表科元大97購01,0,0,0,0,0,0,0,0,0,-31000,0,0,0,25000,56000,-31000,-31000
05452P,亞德客群益95售02,0,0,0,0,0,0,0,0,0,-31000,0,0,0,11000,42000,-31000,-31000
055923,矽力凱基98購01  ,0,0,0,0,0,0,0,0,0,-31000,0,0,0,0,31000,-31000,-31000
055426,旺宏群益99購02  ,0,0,0,0,0,0,0,0,0,-31000,0,0,0,73000,104000,-31000,-31000
2464,盟立            ,69000,100000,-31000,0,0,0,0,0,0,0,0,0,0,0,0,0,-31000
06777P,鴻海元大99售06  ,0,0,0,0,0,0,0,0,0,-31000,0,0,0,95000,126000,-31000,-31000
06460P,亞德客元富98售02,0,0,0,0,0,0,0,0,0,-31000,0,0,0,30000,61000,-31000,-31000
06247P,同欣電元富97售02,0,0,0,0,0,0,0,0,0,-31000,0,0,0,55000,86000,-31000,-31000
6024,群益期          ,4000,35000,-31000,0,0,0,0,0,0,0,0,0,0,0,0,0,-31000
9908,大台北          ,5000,36000,-31000,0,0,0,0,0,0,0,0,0,0,0,0,0,-31000
056776,聯茂元大99購01  ,0,0,0,0,0,0,0,0,0,-32000,0,0,0,21000,53000,-32000,-32000
056871,新日興日盛99購01,0,0,0,0,0,0,0,0,0,-32000,0,0,0,115000,147000,-32000,-32000
056895,技嘉元大98購01  ,0,0,0,0,0,0,0,0,0,-32000,0,0,0,58000,90000,-32000,-32000
057062,立積國泰99購01  ,0,0,0,0,0,0,0,0,0,-32000,0,0,0,260000,292000,-32000,-32000
057938,台表科群益98購02,0,0,0,0,0,0,0,0,0,-32000,0,0,0,178000,210000,-32000,-32000
05786P,臺股指永昌96售03,0,0,0,0,0,0,0,0,0,-32000,318000,0,318000,0,350000,-350000,-32000
057861,台積電凱基98購16,0,0,0,0,0,0,0,0,0,-32000,0,0,0,129000,161000,-32000,-32000
06059P,泰碩元大97售02  ,0,0,0,0,0,0,0,0,0,-32000,0,0,0,78000,110000,-32000,-32000
058453,可成永豐99購01  ,0,0,0,0,0,0,0,0,0,-32000,0,0,0,0,32000,-32000,-32000
046164,健策兆豐93購03  ,0,0,0,0,0,0,0,0,0,-32000,0,0,0,0,32000,-32000,-32000
04668P,臺股指國票94售07,0,0,0,0,0,0,0,0,0,-32000,0,0,0,0,32000,-32000,-32000
047880,聯發科國泰94購03,0,0,0,0,0,0,0,0,0,-32000,0,0,0,88000,120000,-32000,-32000
049015,鴻海群益94購03  ,0,0,0,0,0,0,0,0,0,-32000,0,0,0,3000,35000,-32000,-32000
052782,超眾國票96購02  ,0,0,0,0,0,0,0,0,0,-32000,0,0,0,0,32000,-32000,-32000
050715,台積電群益96購01,0,0,0,0,0,0,0,0,0,-32000,0,0,0,747000,779000,-32000,-32000
055327,致新國票98購01  ,0,0,0,0,0,0,0,0,0,-32000,0,0,0,58000,90000,-32000,-32000
055604,訊芯元大98購02  ,0,0,0,0,0,0,0,0,0,-32000,0,0,0,0,32000,-32000,-32000
055660,台光電兆豐97購01,0,0,0,0,0,0,0,0,0,-32000,0,0,0,48000,80000,-32000,-32000
054495,滬深2X永豐97購02,0,0,0,0,0,0,0,0,0,-32000,0,0,0,0,32000,-32000,-32000
054405,樺漢康和96購01  ,0,0,0,0,0,0,0,0,0,-32000,0,0,0,0,32000,-32000,-32000
053561,玉晶光國泰98購01,0,0,0,0,0,0,0,0,0,-32000,0,0,0,379000,411000,-32000,-32000
053640,上緯控永豐96購01,0,0,0,0,0,0,0,0,0,-32000,0,0,0,198000,230000,-32000,-32000
06366P,鴻海凱基97售10  ,0,0,0,0,0,0,0,0,0,-32000,0,0,0,132000,164000,-32000,-32000
06241P,大立光元富9A售01,0,0,0,0,0,0,0,0,0,-32000,0,0,0,8000,40000,-32000,-32000
1463,強盛            ,0,32000,-32000,0,0,0,0,0,0,0,0,0,0,0,0,0,-32000
1558,伸興            ,11000,42000,-31000,0,0,0,0,0,0,-1000,0,1000,-1000,0,0,0,-32000
06928P,鴻海元大99售10  ,0,0,0,0,0,0,0,0,0,-32000,0,0,0,50000,82000,-32000,-32000
06942P,台灣50台新02售01,0,0,0,0,0,0,0,0,0,-32000,0,0,0,0,32000,-32000,-32000
058268,泰碩永豐9A購01  ,0,0,0,0,0,0,0,0,0,-33000,0,0,0,49000,82000,-33000,-33000
058016,智邦凱基98購06  ,0,0,0,0,0,0,0,0,0,-33000,0,0,0,45000,78000,-33000,-33000
058088,鴻海元大9A購01  ,0,0,0,0,0,0,0,0,0,-33000,0,0,0,30000,63000,-33000,-33000
057866,玉山金凱基98購01,0,0,0,0,0,0,0,0,0,-33000,0,0,0,0,33000,-33000,-33000
057775,南亞科群益98購02,0,0,0,0,0,0,0,0,0,-33000,0,0,0,30000,63000,-33000,-33000
057783,台積電國票9A購01,0,0,0,0,0,0,0,0,0,-33000,0,0,0,55000,88000,-33000,-33000
057488,聯發科元大99購02,0,0,0,0,0,0,0,0,0,-33000,0,0,0,164000,197000,-33000,-33000
057404,貿聯群益99購01  ,0,0,0,0,0,0,0,0,0,-33000,0,0,0,0,33000,-33000,-33000
056774,和鑫元大98購01  ,0,0,0,0,0,0,0,0,0,-33000,0,0,0,35000,68000,-33000,-33000
057241,超眾凱基99購02  ,0,0,0,0,0,0,0,0,0,-33000,0,0,0,0,33000,-33000,-33000
057175,美律元大98購03  ,0,0,0,0,0,0,0,0,0,-33000,0,0,0,98000,131000,-33000,-33000
056248,康友群益97購04  ,0,0,0,0,0,0,0,0,0,-33000,0,0,0,25000,58000,-33000,-33000
056393,精元永豐98購01  ,0,0,0,0,0,0,0,0,0,-33000,0,0,0,0,33000,-33000,-33000
056420,台表科元富98購01,0,0,0,0,0,0,0,0,0,-33000,0,0,0,17000,50000,-33000,-33000
049734,瑞昱群益94購02  ,0,0,0,0,0,0,0,0,0,-33000,0,0,0,0,33000,-33000,-33000
04838P,宏達電元大95售02,0,0,0,0,0,0,0,0,0,-33000,0,0,0,0,33000,-33000,-33000
048652,巨大元大96購01  ,0,0,0,0,0,0,0,0,0,-33000,0,0,0,86000,119000,-33000,-33000
049296,義隆群益96購01  ,0,0,0,0,0,0,0,0,0,-33000,0,0,0,0,33000,-33000,-33000
052840,友達富邦96購01  ,0,0,0,0,0,0,0,0,0,-33000,0,0,0,0,33000,-33000,-33000
052870,玉晶光凱基96購03,0,0,0,0,0,0,0,0,0,-33000,0,0,0,314000,347000,-33000,-33000
053155,晶技元大97購02  ,0,0,0,0,0,0,0,0,0,-33000,0,0,0,473000,506000,-33000,-33000
051924,聯茂日盛95購01  ,0,0,0,0,0,0,0,0,0,-33000,0,0,0,387000,420000,-33000,-33000
051213,華新科統一95購01,0,0,0,0,0,0,0,0,0,-33000,0,0,0,42000,75000,-33000,-33000
054774,同欣電國票98購01,0,0,0,0,0,0,0,0,0,-33000,0,0,0,220000,253000,-33000,-33000
055605,緯穎元大97購02  ,0,0,0,0,0,0,0,0,0,-33000,0,0,0,347000,380000,-33000,-33000
055781,聯詠凱基98購01  ,0,0,0,0,0,0,0,0,0,-33000,0,0,0,68000,101000,-33000,-33000
055859,啟碁元大97購03  ,0,0,0,0,0,0,0,0,0,-33000,0,0,0,1000,34000,-33000,-33000
055148,鴻海元大98購02  ,0,0,0,0,0,0,0,0,0,-33000,0,0,0,63000,96000,-33000,-33000
2420,新巨            ,11000,44000,-33000,0,0,0,0,0,0,0,0,0,0,0,0,0,-33000
06092P,嘉聯益統一97售01,0,0,0,0,0,0,0,0,0,-33000,0,0,0,10000,43000,-33000,-33000
06609P,元油2X凱基9B售06,0,0,0,0,0,0,0,0,0,-33000,0,0,0,50000,83000,-33000,-33000
06744P,嘉聯益永豐98售03,0,0,0,0,0,0,0,0,0,-33000,0,0,0,0,33000,-33000,-33000
3591,艾笛森          ,2000,33000,-31000,0,0,0,0,0,0,-2000,0,2000,-2000,0,0,0,-33000
2906,高林            ,0,33000,-33000,0,0,0,0,0,0,0,0,0,0,0,0,0,-33000
056353,鴻海元大99購02  ,0,0,0,0,0,0,0,0,0,-34000,0,0,0,68000,102000,-34000,-34000
056528,為升凱基98購01  ,0,0,0,0,0,0,0,0,0,-34000,0,0,0,30000,64000,-34000,-34000
056669,貿聯國票99購01  ,0,0,0,0,0,0,0,0,0,-34000,0,0,0,16000,50000,-34000,-34000
056978,技嘉群益99購01  ,0,0,0,0,0,0,0,0,0,-34000,0,0,0,21000,55000,-34000,-34000
057526,智邦元大98購10  ,0,0,0,0,0,0,0,0,0,-34000,0,0,0,88000,122000,-34000,-34000
057601,中磊群益98購01  ,0,0,0,0,0,0,0,0,0,-34000,0,0,0,27000,61000,-34000,-34000
057576,南亞科第一9C購01,0,0,0,0,0,0,0,0,0,-34000,0,0,0,0,34000,-34000,-34000
045795,瀚宇博兆豐94購01,0,0,0,0,0,0,0,0,0,-34000,0,0,0,301000,335000,-34000,-34000
045293,鴻海元大94購01  ,0,0,0,0,0,0,0,0,0,-34000,0,0,0,158000,192000,-34000,-34000
049538,元油2X群益98購01,0,0,0,0,0,0,0,0,0,-34000,0,0,0,0,34000,-34000,-34000
049042,玉晶光兆豐95購01,0,0,0,0,0,0,0,0,0,-34000,0,0,0,130000,164000,-34000,-34000
049302,聯茂日盛94購01  ,0,0,0,0,0,0,0,0,0,-34000,0,0,0,71000,105000,-34000,-34000
051412,奇力新國票96購01,0,0,0,0,0,0,0,0,0,-34000,0,0,0,13000,47000,-34000,-34000
05239P,欣興永豐95售03  ,0,0,0,0,0,0,0,0,0,-34000,0,0,0,165000,199000,-34000,-34000
053230,達方台新97購01  ,0,0,0,0,0,0,0,0,0,-34000,0,0,0,0,34000,-34000,-34000
055335,健策兆豐98購01  ,0,0,0,0,0,0,0,0,0,-34000,0,0,0,0,34000,-34000,-34000
056020,義隆群益97購01  ,0,0,0,0,0,0,0,0,0,-34000,0,0,0,0,34000,-34000,-34000
056085,聯發科統一97購01,0,0,0,0,0,0,0,0,0,-34000,0,0,0,0,34000,-34000,-34000
055596,新光金元大9B購02,0,0,0,0,0,0,0,0,0,-34000,0,0,0,0,34000,-34000,-34000
054677,智易台新98購02  ,0,0,0,0,0,0,0,0,0,-34000,0,0,0,40000,74000,-34000,-34000
6142,友勁            ,0,34000,-34000,0,0,0,0,0,0,0,0,0,0,0,0,0,-34000
8249,菱光            ,12000,45000,-33000,0,0,0,0,0,0,-1000,0,1000,-1000,0,0,0,-34000
06594P,立積元大98售01  ,0,0,0,0,0,0,0,0,0,-34000,0,0,0,107000,141000,-34000,-34000
06269P,群創凱基98售10  ,0,0,0,0,0,0,0,0,0,-34000,0,0,0,0,34000,-34000,-34000
1806,冠軍            ,9000,43000,-34000,0,0,0,0,0,0,0,0,0,0,0,0,0,-34000
057691,健策凱基99購01  ,0,0,0,0,0,0,0,0,0,-35000,0,0,0,0,35000,-35000,-35000
057928,鈺齊凱基98購02  ,0,0,0,0,0,0,0,0,0,-35000,0,0,0,23000,58000,-35000,-35000
05863P,滬深2X元大96售09,0,0,0,0,0,0,0,0,0,-35000,0,0,0,30000,65000,-35000,-35000
06053P,緯穎國票97售05  ,0,0,0,0,0,0,0,0,0,-35000,0,0,0,250000,285000,-35000,-35000
057149,京鼎國票99購02  ,0,0,0,0,0,0,0,0,0,-35000,0,0,0,0,35000,-35000,-35000
056414,國巨中信98購02  ,0,0,0,0,0,0,0,0,0,-35000,0,0,0,50000,85000,-35000,-35000
04669P,臺股指國票94售08,0,0,0,0,0,0,0,0,0,-35000,0,0,0,0,35000,-35000,-35000
00686R,群益臺灣加權反1 ,0,0,0,0,0,0,0,0,0,-35000,0,0,0,27000,62000,-35000,-35000
044270,群創中信95購02  ,0,0,0,0,0,0,0,0,0,-35000,0,0,0,6000,41000,-35000,-35000
053463,可成富邦98購01  ,0,0,0,0,0,0,0,0,0,-35000,0,0,0,80000,115000,-35000,-35000
050918,南亞科日盛95購01,0,0,0,0,0,0,0,0,0,-35000,0,0,0,20000,55000,-35000,-35000
052721,友達統一96購01  ,0,0,0,0,0,0,0,0,0,-35000,0,0,0,345000,380000,-35000,-35000
050358,致新群益94購01  ,0,0,0,0,0,0,0,0,0,-35000,0,0,0,0,35000,-35000,-35000
05194P,玉晶光康和95售01,0,0,0,0,0,0,0,0,0,-35000,0,0,0,0,35000,-35000,-35000
055101,台肥凱基97購01  ,0,0,0,0,0,0,0,0,0,-35000,0,0,0,0,35000,-35000,-35000
1810,和成            ,14000,46000,-32000,0,0,0,0,0,0,-3000,0,3000,-3000,0,0,0,-35000
1612,宏泰            ,6000,41000,-35000,0,0,0,0,0,0,0,0,0,0,0,0,0,-35000
06907P,華新科國泰99售05,0,0,0,0,0,0,0,0,0,-35000,0,0,0,20000,55000,-35000,-35000
2634,漢翔            ,178000,213000,-35000,0,0,0,0,0,0,0,0,0,0,0,0,0,-35000
06634P,欣興國票98售02  ,0,0,0,0,0,0,0,0,0,-35000,0,0,0,0,35000,-35000,-35000
06713P,臺股指富邦99售04,0,0,0,0,0,0,0,0,0,-35000,0,0,0,0,35000,-35000,-35000
06697P,台積電國票99售05,0,0,0,0,0,0,0,0,0,-35000,0,0,0,239000,274000,-35000,-35000
910861,神州-DR         ,0,35000,-35000,0,0,0,0,0,0,0,0,0,0,0,0,0,-35000
056571,燿華元大98購02  ,0,0,0,0,0,0,0,0,0,-36000,0,0,0,71000,107000,-36000,-36000
057377,康控元大99購02  ,0,0,0,0,0,0,0,0,0,-36000,0,0,0,61000,97000,-36000,-36000
05953P,台積電國票98售02,0,0,0,0,0,0,0,0,0,-36000,0,0,0,5000,41000,-36000,-36000
058451,智邦永豐9A購01  ,0,0,0,0,0,0,0,0,0,-36000,0,0,0,28000,64000,-36000,-36000
058406,聯茂元大99購06  ,0,0,0,0,0,0,0,0,0,-36000,0,0,0,35000,71000,-36000,-36000
058332,鴻海元富99購03  ,0,0,0,0,0,0,0,0,0,-36000,0,0,0,942000,978000,-36000,-36000
058177,華新科凱基99購02,0,0,0,0,0,0,0,0,0,-36000,0,0,0,0,36000,-36000,-36000
049257,南亞科元大94購03,0,0,0,0,0,0,0,0,0,-36000,0,0,0,33000,69000,-36000,-36000
049678,臺股指國票94購11,0,0,0,0,0,0,0,0,0,-36000,0,0,0,14000,50000,-36000,-36000
049058,茂林永豐94購02  ,0,0,0,0,0,0,0,0,0,-36000,0,0,0,0,36000,-36000,-36000
048600,嘉澤國票94購01  ,0,0,0,0,0,0,0,0,0,-36000,0,0,0,10000,46000,-36000,-36000
048525,華通國票94購02  ,0,0,0,0,0,0,0,0,0,-36000,0,0,0,0,36000,-36000,-36000
051902,T50反1元大97購01,0,0,0,0,0,0,0,0,0,-36000,0,0,0,0,36000,-36000,-36000
052298,易華電國票96購01,0,0,0,0,0,0,0,0,0,-36000,0,0,0,0,36000,-36000,-36000
052237,嘉澤國票96購02  ,0,0,0,0,0,0,0,0,0,-36000,0,0,0,10000,46000,-36000,-36000
050079,元油2X統一94購06,0,0,0,0,0,0,0,0,0,-36000,0,0,0,0,36000,-36000,-36000
053346,群創國票97購04  ,0,0,0,0,0,0,0,0,0,-36000,0,0,0,0,36000,-36000,-36000
052949,智易國票97購02  ,0,0,0,0,0,0,0,0,0,-36000,0,0,0,0,36000,-36000,-36000
052907,嘉澤國票97購01  ,0,0,0,0,0,0,0,0,0,-36000,0,0,0,53000,89000,-36000,-36000
053041,可成凱基96購02  ,0,0,0,0,0,0,0,0,0,-36000,0,0,0,0,36000,-36000,-36000
055338,GIS兆豐97購01   ,0,0,0,0,0,0,0,0,0,-36000,0,0,0,0,36000,-36000,-36000
055808,世紀鋼永豐97購01,0,0,0,0,0,0,0,0,0,-36000,0,0,0,162000,198000,-36000,-36000
054437,欣興台新97購02  ,0,0,0,0,0,0,0,0,0,-36000,0,0,0,0,36000,-36000,-36000
054344,景碩國票97購04  ,0,0,0,0,0,0,0,0,0,-36000,0,0,0,0,36000,-36000,-36000
054179,上海銀台新97購01,0,0,0,0,0,0,0,0,0,-36000,0,0,0,0,36000,-36000,-36000
054056,華新科國票96購02,0,0,0,0,0,0,0,0,0,-36000,0,0,0,0,36000,-36000,-36000
3515,華擎            ,333000,421000,-88000,0,0,0,0,0,0,52000,109000,93000,16000,50000,14000,36000,-36000
06765P,欣興元大98售11  ,0,0,0,0,0,0,0,0,0,-36000,0,0,0,3000,39000,-36000,-36000
06532P,友達元富98售04  ,0,0,0,0,0,0,0,0,0,-36000,0,0,0,5000,41000,-36000,-36000
1536,和大            ,390000,419000,-29000,0,0,0,0,0,0,-7000,0,5000,-5000,4000,6000,-2000,-36000
1451,年興            ,10000,46370,-36370,0,0,0,0,0,0,0,0,0,0,0,0,0,-36370
058090,聯發科元大98購16,0,0,0,0,0,0,0,0,0,-37000,0,0,0,374000,411000,-37000,-37000
06062P,宏達電元富97售01,0,0,0,0,0,0,0,0,0,-37000,0,0,0,20000,57000,-37000,-37000
057779,禾伸堂群益98購02,0,0,0,0,0,0,0,0,0,-37000,0,0,0,61000,98000,-37000,-37000
057667,可成元大99購01  ,0,0,0,0,0,0,0,0,0,-37000,0,0,0,53000,90000,-37000,-37000
057126,台積電凱基99購03,0,0,0,0,0,0,0,0,0,-37000,0,0,0,0,37000,-37000,-37000
057130,全新凱基98購03  ,0,0,0,0,0,0,0,0,0,-37000,0,0,0,41000,78000,-37000,-37000
051074,矽力國票96購01  ,0,0,0,0,0,0,0,0,0,-37000,0,0,0,1000,38000,-37000,-37000
04963P,鴻海元大94售25  ,0,0,0,0,0,0,0,0,0,-37000,0,0,0,3000,40000,-37000,-37000
048203,矽力元大93購02  ,0,0,0,0,0,0,0,0,0,-37000,0,0,0,0,37000,-37000,-37000
03639C,元油2X元大9B牛01,0,0,0,0,0,0,0,0,0,-37000,0,0,0,30000,67000,-37000,-37000
03162P,泰碩元大01售02  ,0,0,0,0,0,0,0,0,0,-37000,0,0,0,1000,38000,-37000,-37000
052972,義隆群益96購04  ,0,0,0,0,0,0,0,0,0,-37000,0,0,0,16000,53000,-37000,-37000
052888,台表科中信9A購01,0,0,0,0,0,0,0,0,0,-37000,0,0,0,0,37000,-37000,-37000
053196,康控元富96購01  ,0,0,0,0,0,0,0,0,0,-37000,0,0,0,30000,67000,-37000,-37000
052701,群創國票96購01  ,0,0,0,0,0,0,0,0,0,-37000,0,0,0,33000,70000,-37000,-37000
050880,大立光元富95購03,0,0,0,0,0,0,0,0,0,-37000,0,0,0,77000,114000,-37000,-37000
050005,京鼎永豐94購01  ,0,0,0,0,0,0,0,0,0,-37000,0,0,0,0,37000,-37000,-37000
050010,鈺齊永豐94購01  ,0,0,0,0,0,0,0,0,0,-37000,0,0,0,23000,60000,-37000,-37000
05218P,大立光永昌96售04,0,0,0,0,0,0,0,0,0,-37000,0,0,0,311000,348000,-37000,-37000
05037P,華新科元大95售09,0,0,0,0,0,0,0,0,0,-37000,0,0,0,50000,87000,-37000,-37000
054315,訊芯凱基98購01  ,0,0,0,0,0,0,0,0,0,-37000,0,0,0,68000,105000,-37000,-37000
06853P,華擎元富98售03  ,0,0,0,0,0,0,0,0,0,-37000,0,0,0,58000,95000,-37000,-37000
06809P,電子類群益98售03,0,0,0,0,0,0,0,0,0,-37000,0,0,0,0,37000,-37000,-37000
06280P,臺股指凱基97售12,0,0,0,0,0,0,0,0,0,-37000,0,0,0,17000,54000,-37000,-37000
06354P,大立光永豐97售04,0,0,0,0,0,0,0,0,0,-37000,0,0,0,0,37000,-37000,-37000
06102P,智邦凱基97售03  ,0,0,0,0,0,0,0,0,0,-37000,0,0,0,53000,90000,-37000,-37000
1598,岱宇            ,14000,25115,-11115,0,0,0,0,0,0,-26000,0,26000,-26000,0,0,0,-37115
056145,緯穎元大98購03  ,0,0,0,0,0,0,0,0,0,-38000,0,0,0,129000,167000,-38000,-38000
057670,欣興元大99購02  ,0,0,0,0,0,0,0,0,0,-38000,0,0,0,86000,124000,-38000,-38000
057767,緯穎凱基98購06  ,0,0,0,0,0,0,0,0,0,-38000,0,0,0,90000,128000,-38000,-38000
058120,台灣50國票99購03,0,0,0,0,0,0,0,0,0,-38000,0,0,0,119000,157000,-38000,-38000
00678,群益NBI生技     ,0,0,0,0,0,0,0,0,0,-38000,0,0,0,517000,555000,-38000,-38000
04751P,智邦兆豐95售02  ,0,0,0,0,0,0,0,0,0,-38000,0,0,0,40000,78000,-38000,-38000
048158,大立光兆豐95購01,0,0,0,0,0,0,0,0,0,-38000,0,0,0,0,38000,-38000,-38000
04965P,日月光元大94售02,0,0,0,0,0,0,0,0,0,-38000,0,0,0,20000,58000,-38000,-38000
048598,瑞昱國票93購03  ,0,0,0,0,0,0,0,0,0,-38000,0,0,0,0,38000,-38000,-38000
052457,日月光元富95購01,0,0,0,0,0,0,0,0,0,-38000,0,0,0,40000,78000,-38000,-38000
050470,智邦台新94購01  ,0,0,0,0,0,0,0,0,0,-38000,0,0,0,0,38000,-38000,-38000
052152,創意富邦98購01  ,0,0,0,0,0,0,0,0,0,-38000,0,0,0,102000,140000,-38000,-38000
051577,台積電元大97購03,0,0,0,0,0,0,0,0,0,-38000,0,0,0,2000,40000,-38000,-38000
051619,智邦凱基95購07  ,0,0,0,0,0,0,0,0,0,-38000,0,0,0,60000,98000,-38000,-38000
051633,可成國票96購03  ,0,0,0,0,0,0,0,0,0,-38000,0,0,0,50000,88000,-38000,-38000
052556,聯發科國票97購01,0,0,0,0,0,0,0,0,0,-38000,0,0,0,30000,68000,-38000,-38000
050735,亞光台新94購01  ,0,0,0,0,0,0,0,0,0,-38000,0,0,0,0,38000,-38000,-38000
05084P,嘉聯益永豐95售02,0,0,0,0,0,0,0,0,0,-38000,0,0,0,0,38000,-38000,-38000
050580,強茂國票95購01  ,0,0,0,0,0,0,0,0,0,-38000,0,0,0,0,38000,-38000,-38000
052666,瑞昱群益96購01  ,0,0,0,0,0,0,0,0,0,-38000,0,0,0,22000,60000,-38000,-38000
053405,台達電兆豐96購01,0,0,0,0,0,0,0,0,0,-38000,0,0,0,0,38000,-38000,-38000
054214,京鼎國票97購02  ,0,0,0,0,0,0,0,0,0,-38000,0,0,0,0,38000,-38000,-38000
054430,上銀台新96購02  ,0,0,0,0,0,0,0,0,0,-38000,0,0,0,0,38000,-38000,-38000
054482,大成鋼台新96購01,0,0,0,0,0,0,0,0,0,-38000,0,0,0,0,38000,-38000,-38000
054522,康友元大96購07  ,0,0,0,0,0,0,0,0,0,-38000,0,0,0,24000,62000,-38000,-38000
054702,智邦第一97購01  ,0,0,0,0,0,0,0,0,0,-38000,0,0,0,182000,220000,-38000,-38000
05485P,旺宏凱基95售08  ,0,0,0,0,0,0,0,0,0,-38000,0,0,0,0,38000,-38000,-38000
055235,金寶台新98購01  ,0,0,0,0,0,0,0,0,0,-38000,0,0,0,0,38000,-38000,-38000
054903,億光康和97購02  ,0,0,0,0,0,0,0,0,0,-38000,0,0,0,0,38000,-38000,-38000
06867P,訊芯元大98售08  ,0,0,0,0,0,0,0,0,0,-38000,0,0,0,132000,170000,-38000,-38000
06148P,台積電元大97售17,0,0,0,0,0,0,0,0,0,-38000,0,0,0,482000,520000,-38000,-38000
3056,總太            ,116000,153000,-37000,0,0,0,0,0,0,-1000,0,1000,-1000,0,0,0,-38000
05956P,漢唐國票96售02  ,0,0,0,0,0,0,0,0,0,-39000,0,0,0,31000,70000,-39000,-39000
057516,和鑫元富98購01  ,0,0,0,0,0,0,0,0,0,-39000,0,0,0,47000,86000,-39000,-39000
056811,健策統一9B購01  ,0,0,0,0,0,0,0,0,0,-39000,0,0,0,200000,239000,-39000,-39000
047871,健策永豐93購02  ,0,0,0,0,0,0,0,0,0,-39000,0,0,0,10000,49000,-39000,-39000
053264,南亞科群益96購01,0,0,0,0,0,0,0,0,0,-39000,0,0,0,33000,72000,-39000,-39000
051718,上証2X永豐95購01,0,0,0,0,0,0,0,0,0,-39000,0,0,0,428000,467000,-39000,-39000
052029,矽力群益95購02  ,0,0,0,0,0,0,0,0,0,-39000,0,0,0,0,39000,-39000,-39000
050325,台積電永豐94購05,0,0,0,0,0,0,0,0,0,-39000,0,0,0,41000,80000,-39000,-39000
04991P,台表科元大94售05,0,0,0,0,0,0,0,0,0,-39000,0,0,0,0,39000,-39000,-39000
055326,緯穎國票97購06  ,0,0,0,0,0,0,0,0,0,-39000,0,0,0,0,39000,-39000,-39000
055763,鎧勝群益97購01  ,0,0,0,0,0,0,0,0,0,-39000,0,0,0,61000,100000,-39000,-39000
054478,可成中信97購01  ,0,0,0,0,0,0,0,0,0,-39000,0,0,0,68000,107000,-39000,-39000
9905,大華            ,11000,50000,-39000,0,0,0,0,0,0,0,0,0,0,0,0,0,-39000
6672,騰輝電子-KY     ,69000,108000,-39000,0,0,0,0,0,0,0,0,0,0,0,0,0,-39000
06705P,臻鼎元富98售03  ,0,0,0,0,0,0,0,0,0,-39000,0,0,0,54000,93000,-39000,-39000
2476,鉅祥            ,21000,60000,-39000,0,0,0,0,0,0,0,0,0,0,0,0,0,-39000
05676P,欣興群益96售04  ,0,0,0,0,0,0,0,0,0,-40000,0,0,0,0,40000,-40000,-40000
056837,國巨元富98購02  ,0,0,0,0,0,0,0,0,0,-40000,0,0,0,16000,56000,-40000,-40000
057094,祥碩元富98購01  ,0,0,0,0,0,0,0,0,0,-40000,0,0,0,224000,264000,-40000,-40000
05614P,臺股指康和96售03,0,0,0,0,0,0,0,0,0,-40000,0,0,0,0,40000,-40000,-40000
056623,禾伸堂永豐98購01,0,0,0,0,0,0,0,0,0,-40000,0,0,0,14000,54000,-40000,-40000
056596,光磊元富98購01  ,0,0,0,0,0,0,0,0,0,-40000,0,0,0,10000,50000,-40000,-40000
057490,可成元大98購10  ,0,0,0,0,0,0,0,0,0,-40000,0,0,0,9000,49000,-40000,-40000
057408,台郡群益98購01  ,0,0,0,0,0,0,0,0,0,-40000,0,0,0,121000,161000,-40000,-40000
057569,光磊永豐98購03  ,0,0,0,0,0,0,0,0,0,-40000,0,0,0,0,40000,-40000,-40000
057793,群創統一99購02  ,0,0,0,0,0,0,0,0,0,-40000,0,0,0,0,40000,-40000,-40000
057724,亞德客國泰99購01,0,0,0,0,0,0,0,0,0,-40000,0,0,0,8000,48000,-40000,-40000
05839P,臺股指富邦96售06,0,0,0,0,0,0,0,0,0,-40000,0,0,0,0,40000,-40000,-40000
05900P,臺股指凱基99售05,0,0,0,0,0,0,0,0,0,-40000,0,0,0,10000,50000,-40000,-40000
057997,旺宏第一9C購01  ,0,0,0,0,0,0,0,0,0,-40000,0,0,0,0,40000,-40000,-40000
05798P,臺股指群益96售12,0,0,0,0,0,0,0,0,0,-40000,0,0,0,0,40000,-40000,-40000
05805P,義隆永豐96售02  ,0,0,0,0,0,0,0,0,0,-40000,0,0,0,10000,50000,-40000,-40000
058293,光寶科凱基9A購01,0,0,0,0,0,0,0,0,0,-40000,0,0,0,34000,74000,-40000,-40000
058241,景碩元大99購05  ,0,0,0,0,0,0,0,0,0,-40000,0,0,0,60000,100000,-40000,-40000
047989,深中小元大96購02,0,0,0,0,0,0,0,0,0,-40000,0,0,0,10000,50000,-40000,-40000
048058,大立光國泰95購01,0,0,0,0,0,0,0,0,0,-40000,0,0,0,0,40000,-40000,-40000
049619,宏達電群益95購02,0,0,0,0,0,0,0,0,0,-40000,0,0,0,0,40000,-40000,-40000
051452,貿聯元大95購04  ,0,0,0,0,0,0,0,0,0,-40000,0,0,0,0,40000,-40000,-40000
049573,長榮航統一95購01,0,0,0,0,0,0,0,0,0,-40000,0,0,0,0,40000,-40000,-40000
048475,台郡永豐93購02  ,0,0,0,0,0,0,0,0,0,-40000,0,0,0,0,40000,-40000,-40000
049833,正文凱基94購05  ,0,0,0,0,0,0,0,0,0,-40000,0,0,0,60000,100000,-40000,-40000
049050,崇越康和94購01  ,0,0,0,0,0,0,0,0,0,-40000,0,0,0,10000,50000,-40000,-40000
049732,國巨群益94購05  ,0,0,0,0,0,0,0,0,0,-40000,0,0,0,0,40000,-40000,-40000
046574,泰鼎國泰94購01  ,0,0,0,0,0,0,0,0,0,-40000,0,0,0,40000,80000,-40000,-40000
048274,矽力台新93購01  ,0,0,0,0,0,0,0,0,0,-40000,0,0,0,0,40000,-40000,-40000
049143,智邦元大94購02  ,0,0,0,0,0,0,0,0,0,-40000,0,0,0,10000,50000,-40000,-40000
04489P,大立光凱基94售03,0,0,0,0,0,0,0,0,0,-40000,0,0,0,0,40000,-40000,-40000
046216,滬深2X富邦93購02,0,0,0,0,0,0,0,0,0,-40000,0,0,0,0,40000,-40000,-40000
03660C,元油2X富邦02牛04,0,0,0,0,0,0,0,0,0,-40000,0,0,0,3000,43000,-40000,-40000
050713,矽格麥證94購01  ,0,0,0,0,40000,-40000,0,0,0,-40000,0,0,0,0,40000,-40000,-40000
051233,力成群益97購01  ,0,0,0,0,0,0,0,0,0,-40000,0,0,0,0,40000,-40000,-40000
052328,台表科中信99購01,0,0,0,0,0,0,0,0,0,-40000,0,0,0,25000,65000,-40000,-40000
052331,漢唐亞東97購01  ,0,0,0,0,0,0,0,0,0,-40000,0,0,0,0,40000,-40000,-40000
052212,可成元大95購11  ,0,0,0,0,0,0,0,0,0,-40000,0,0,0,121000,161000,-40000,-40000
05209P,鴻海凱基96售09  ,0,0,0,0,0,0,0,0,0,-40000,0,0,0,30000,70000,-40000,-40000
051862,旺宏凱基95購05  ,0,0,0,0,0,0,0,0,0,-40000,0,0,0,25000,65000,-40000,-40000
051559,宏達電國泰96購01,0,0,0,0,0,0,0,0,0,-40000,0,0,0,41000,81000,-40000,-40000
053205,台光電麥證96購01,0,0,0,70000,110000,-40000,0,0,0,-40000,0,0,0,70000,110000,-40000,-40000
053197,超眾元富96購02  ,0,0,0,0,0,0,0,0,0,-40000,0,0,0,0,40000,-40000,-40000
052905,潤泰全國票97購01,0,0,0,0,0,0,0,0,0,-40000,0,0,0,0,40000,-40000,-40000
052794,群創兆豐97購01  ,0,0,0,0,0,0,0,0,0,-40000,0,0,0,60000,100000,-40000,-40000
052983,國巨元大96購07  ,0,0,0,0,0,0,0,0,0,-40000,0,0,0,16000,56000,-40000,-40000
053092,台表科元大97購02,0,0,0,0,0,0,0,0,0,-40000,0,0,0,20000,60000,-40000,-40000
053106,鴻海兆豐98購01  ,0,0,0,0,0,0,0,0,0,-40000,0,0,0,0,40000,-40000,-40000
051050,鴻海群益95購03  ,0,0,0,0,0,0,0,0,0,-40000,0,0,0,10000,50000,-40000,-40000
050901,樺漢元大95購02  ,0,0,0,0,0,0,0,0,0,-40000,0,0,0,0,40000,-40000,-40000
050944,智邦群益95購01  ,0,0,0,0,0,0,0,0,0,-40000,0,0,0,0,40000,-40000,-40000
054404,新日興康和96購01,0,0,0,0,0,0,0,0,0,-40000,0,0,0,6000,46000,-40000,-40000
054194,國巨麥證96購02  ,0,0,0,40000,80000,-40000,0,0,0,-40000,0,0,0,40000,80000,-40000,-40000
054680,華新科康和97購02,0,0,0,0,0,0,0,0,0,-40000,0,0,0,25000,65000,-40000,-40000
054650,南亞麥證97購01  ,0,0,0,0,40000,-40000,0,0,0,-40000,0,0,0,0,40000,-40000,-40000
054102,百和國票97購04  ,0,450000,-450000,0,0,0,0,0,0,410000,0,0,0,480000,70000,410000,-40000
053890,華新科群益98購01,0,0,0,0,0,0,0,0,0,-40000,0,0,0,0,40000,-40000,-40000
053663,臺股指凱基96購24,0,0,0,0,0,0,0,0,0,-40000,0,0,0,0,40000,-40000,-40000
053813,友達群益9A購03  ,0,0,0,0,0,0,0,0,0,-40000,0,0,0,10000,50000,-40000,-40000
055770,欣興麥證97購01  ,0,0,0,0,40000,-40000,0,0,0,-40000,0,0,0,0,40000,-40000,-40000
055696,華新科國票98購01,0,0,0,0,0,0,0,0,0,-40000,0,0,0,205000,245000,-40000,-40000
055653,聯詠元富01購02  ,0,0,0,0,0,0,0,0,0,-40000,0,0,0,0,40000,-40000,-40000
056068,欣興元大97購05  ,0,0,0,0,0,0,0,0,0,-40000,0,0,0,49000,89000,-40000,-40000
05535P,台積電元大97售06,0,0,0,0,0,0,0,0,0,-40000,0,0,0,1178000,1218000,-40000,-40000
055406,大毅國泰99購01  ,0,0,0,0,0,0,0,0,0,-40000,0,0,0,21000,61000,-40000,-40000
055398,超眾統一97購03  ,0,0,0,0,0,0,0,0,0,-40000,0,0,0,10000,50000,-40000,-40000
055461,TPK永豐97購01   ,0,0,0,0,0,0,0,0,0,-40000,0,0,0,10000,50000,-40000,-40000
055025,華新科國泰98購02,0,0,0,0,0,0,0,0,0,-40000,0,0,0,0,40000,-40000,-40000
055155,奇力新元大99購01,0,0,0,0,0,0,0,0,0,-40000,0,0,0,0,40000,-40000,-40000
06824P,台灣50國票99售02,0,0,0,0,0,0,0,0,0,-40000,0,0,0,22000,62000,-40000,-40000
3669,圓展            ,89000,129000,-40000,0,0,0,0,0,0,0,0,0,0,0,0,0,-40000
057753,臺股指國票98購09,0,0,0,0,0,0,0,0,0,-41000,0,0,0,2000,43000,-41000,-41000
057446,旺宏元富02購01  ,0,0,0,0,0,0,0,0,0,-41000,0,0,0,0,41000,-41000,-41000
056379,玉晶光元富98購01,0,0,0,0,0,0,0,0,0,-41000,0,0,0,30000,71000,-41000,-41000
057169,微星元大98購01  ,0,0,0,0,0,0,0,0,0,-41000,0,0,0,3000,44000,-41000,-41000
04142P,元油反凱基99售01,0,0,0,0,0,0,0,0,0,-41000,0,0,0,209000,250000,-41000,-41000
049099,華新科國泰95購02,0,0,0,0,0,0,0,0,0,-41000,0,0,0,74000,115000,-41000,-41000
051409,美律國票96購01  ,0,0,0,0,0,0,0,0,0,-41000,0,0,0,4000,45000,-41000,-41000
049605,旺宏第一94購01  ,0,0,0,0,0,0,0,0,0,-41000,0,0,0,0,41000,-41000,-41000
048192,華通元大96購01  ,0,0,0,0,0,0,0,0,0,-41000,0,0,0,66000,107000,-41000,-41000
052694,開發金中信98購01,0,0,0,0,0,0,0,0,0,-41000,0,0,0,0,41000,-41000,-41000
052745,欣興元大96購04  ,0,4000,-4000,0,0,0,0,0,0,-37000,0,0,0,8000,45000,-37000,-41000
052777,燿華國票98購01  ,0,0,0,0,0,0,0,0,0,-41000,0,0,0,0,41000,-41000,-41000
051578,智邦元大96購01  ,0,0,0,0,0,0,0,0,0,-41000,0,0,0,92000,133000,-41000,-41000
050280,國巨日盛94購01  ,0,0,0,0,0,0,0,0,0,-41000,0,0,0,71000,112000,-41000,-41000
051899,欣興國泰97購01  ,0,0,0,0,0,0,0,0,0,-41000,0,0,0,39000,80000,-41000,-41000
055104,台達電凱基98購01,0,0,0,0,0,0,0,0,0,-41000,0,0,0,101000,142000,-41000,-41000
055056,億光永豐97購01  ,0,0,0,0,0,0,0,0,0,-41000,0,0,0,0,41000,-41000,-41000
054993,南亞科元富97購03,0,0,0,0,0,0,0,0,0,-41000,0,0,0,0,41000,-41000,-41000
056095,臻鼎元富9A購01  ,0,0,0,0,0,0,0,0,0,-41000,0,0,0,20000,61000,-41000,-41000
053513,義隆群益96購05  ,0,0,0,0,0,0,0,0,0,-41000,0,0,0,0,41000,-41000,-41000
054672,華新科國泰99購01,0,0,0,0,0,0,0,0,0,-41000,0,0,0,16000,57000,-41000,-41000
054776,矽創國票98購01  ,0,0,0,0,0,0,0,0,0,-41000,0,0,0,40000,81000,-41000,-41000
06403P,鴻海元富97售15  ,0,0,0,0,0,0,0,0,0,-41000,0,0,0,37000,78000,-41000,-41000
2009,第一銅          ,3000,44000,-41000,0,0,0,0,0,0,0,0,0,0,0,0,0,-41000
05713P,大立光統一96售05,0,0,0,0,0,0,0,0,0,-42000,0,0,0,0,42000,-42000,-42000
057201,華擎元富98購01  ,0,0,0,0,0,0,0,0,0,-42000,0,0,0,125000,167000,-42000,-42000
057323,智邦群益98購01  ,0,0,0,0,0,0,0,0,0,-42000,0,0,0,134000,176000,-42000,-42000
056507,創意永豐98購02  ,0,0,0,0,0,0,0,0,0,-42000,0,0,0,0,42000,-42000,-42000
057641,旺宏元大98購10  ,0,0,0,0,0,0,0,0,0,-42000,0,0,0,284000,326000,-42000,-42000
057738,旺宏富邦9A購01  ,0,0,0,0,0,0,0,0,0,-42000,0,0,0,54000,96000,-42000,-42000
057964,緯穎元大99購03  ,0,0,0,0,0,0,0,0,0,-42000,0,0,0,0,42000,-42000,-42000
058405,訊連元大99購02  ,0,0,0,0,0,0,0,0,0,-42000,0,0,0,67000,109000,-42000,-42000
05972P,瑞昱元大96售01  ,0,0,0,0,0,0,0,0,0,-42000,0,0,0,2000,44000,-42000,-42000
050006,華擎永豐94購03  ,0,0,0,0,0,0,0,0,0,-42000,0,0,0,0,42000,-42000,-42000
052713,智邦凱基96購01  ,0,0,0,0,0,0,0,0,0,-42000,0,0,0,149000,191000,-42000,-42000
050601,台表科國泰96購01,0,0,0,0,0,0,0,0,0,-42000,0,0,0,72000,114000,-42000,-42000
050833,台郡凱基95購01  ,0,0,0,0,0,0,0,0,0,-42000,0,0,0,27000,69000,-42000,-42000
054828,正崴國泰99購01  ,0,0,0,0,0,0,0,0,0,-42000,0,0,0,0,42000,-42000,-42000
053672,嘉澤元富96購02  ,0,0,0,0,0,0,0,0,0,-42000,0,0,0,60000,102000,-42000,-42000
1608,華榮            ,12000,54000,-42000,0,0,0,0,0,0,0,0,0,0,0,0,0,-42000
058415,祥碩兆豐99購01  ,0,0,0,0,0,0,0,0,0,-43000,0,0,0,0,43000,-43000,-43000
05862P,大立光國泰98售01,0,0,0,0,0,0,0,0,0,-43000,0,0,0,370000,413000,-43000,-43000
058172,國巨凱基9B購02  ,0,0,0,0,0,0,0,0,0,-43000,0,0,0,7000,50000,-43000,-43000
058124,玉晶光國票9A購01,0,0,0,0,0,0,0,0,0,-43000,0,0,0,7000,50000,-43000,-43000
057852,國巨國票99購05  ,0,0,0,0,0,0,0,0,0,-43000,0,0,0,41000,84000,-43000,-43000
057878,台郡元大99購04  ,0,0,0,0,0,0,0,0,0,-43000,0,0,0,36000,79000,-43000,-43000
057400,全新群益9A購01  ,0,0,0,0,0,0,0,0,0,-43000,0,0,0,78000,121000,-43000,-43000
057510,泰碩統一98購02  ,0,0,0,0,0,0,0,0,0,-43000,0,0,0,94000,137000,-43000,-43000
056470,旺宏元大99購01  ,0,0,0,0,0,0,0,0,0,-43000,0,0,0,98000,141000,-43000,-43000
05640P,旺宏元富96售03  ,0,0,0,0,0,0,0,0,0,-43000,0,0,0,0,43000,-43000,-43000
056269,新日興統一98購01,0,0,0,0,0,0,0,0,0,-43000,0,0,0,0,43000,-43000,-43000
056896,南亞科元大98購01,0,0,0,0,0,0,0,0,0,-43000,0,0,0,15000,58000,-43000,-43000
056892,旺宏元大9A購02  ,0,0,0,0,0,0,0,0,0,-43000,0,0,0,134000,177000,-43000,-43000
048133,臻鼎國票94購01  ,0,0,0,0,0,0,0,0,0,-43000,0,0,0,10000,53000,-43000,-43000
048794,易華電元大97購01,0,0,0,0,0,0,0,0,0,-43000,0,0,0,0,43000,-43000,-43000
048443,旺宏凱基93購08  ,0,0,0,0,0,0,0,0,0,-43000,0,0,0,0,43000,-43000,-43000
03039X,元展36          ,0,0,0,0,0,0,0,0,0,-43000,0,0,0,0,43000,-43000,-43000
051339,智易永豐95購02  ,0,0,0,0,0,0,0,0,0,-43000,0,0,0,0,43000,-43000,-43000
050433,華新科凱基94購11,0,0,0,0,0,0,0,0,0,-43000,0,0,0,31000,74000,-43000,-43000
053689,台光電元大96購01,0,0,0,0,0,0,0,0,0,-43000,0,0,0,7000,50000,-43000,-43000
055745,臻鼎元富97購01  ,0,0,0,0,0,0,0,0,0,-43000,0,0,0,50000,93000,-43000,-43000
055068,亞翔永豐97購01  ,0,0,0,0,0,0,0,0,0,-43000,0,0,0,0,43000,-43000,-43000
06327P,台積電中信01售01,0,0,0,0,0,0,0,0,0,-43000,0,0,0,0,43000,-43000,-43000
06294P,臺股指國票97售08,0,0,0,0,0,0,0,0,0,-43000,0,0,0,0,43000,-43000,-43000
057178,可成元大98購03  ,0,0,0,0,0,0,0,0,0,-44000,0,0,0,0,44000,-44000,-44000
057156,元油2X富邦9C購01,0,0,0,0,0,0,0,0,0,-44000,0,0,0,71000,115000,-44000,-44000
056643,奇力新凱基99購01,0,0,0,0,0,0,0,0,0,-44000,0,0,0,0,44000,-44000,-44000
057466,泰鼎永豐98購01  ,0,0,0,0,0,0,0,0,0,-44000,0,0,0,16000,60000,-44000,-44000
057713,美律統一99購01  ,0,0,0,0,0,0,0,0,0,-44000,0,0,0,140000,184000,-44000,-44000
05894P,友達群益98售02  ,0,0,0,0,0,0,0,0,0,-44000,0,0,0,0,44000,-44000,-44000
05897P,國巨凱基96售12  ,0,0,0,0,0,0,0,0,0,-44000,0,0,0,29000,73000,-44000,-44000
04731P,臺股指中信96售03,0,0,0,0,0,0,0,0,0,-44000,0,0,0,8000,52000,-44000,-44000
048351,旺宏台新94購02  ,0,0,0,0,0,0,0,0,0,-44000,0,0,0,0,44000,-44000,-44000
049529,華新科中信95購01,0,0,0,0,0,0,0,0,0,-44000,0,0,0,160000,204000,-44000,-44000
051105,台光電國票96購01,0,0,0,0,0,0,0,0,0,-44000,0,0,0,16000,60000,-44000,-44000
051112,台郡統一95購01  ,0,0,0,0,0,0,0,0,0,-44000,0,0,0,17000,61000,-44000,-44000
050491,旺宏國泰96購01  ,0,0,0,0,0,0,0,0,0,-44000,0,0,0,154000,198000,-44000,-44000
051157,華新科富邦98購01,0,0,0,0,0,0,0,0,0,-44000,0,0,0,153000,197000,-44000,-44000
05091P,台積電元大95售11,0,0,0,0,0,0,0,0,0,-44000,0,0,0,1345000,1389000,-44000,-44000
052836,旺宏國泰98購01  ,0,0,0,0,0,0,0,0,0,-44000,0,0,0,84000,128000,-44000,-44000
055305,旺宏群益99購01  ,0,0,0,0,0,0,0,0,0,-44000,0,0,0,26000,70000,-44000,-44000
055820,矽力國票98購02  ,0,0,0,0,0,0,0,0,0,-44000,0,0,0,45000,89000,-44000,-44000
053779,台光電元大96購02,0,0,0,0,0,0,0,0,0,-44000,0,0,0,1000,45000,-44000,-44000
06307P,聚陽元富97售02  ,0,0,0,0,0,0,0,0,0,-44000,0,0,0,104000,148000,-44000,-44000
06120P,大立光凱基98售05,0,0,0,0,0,0,0,0,0,-44000,0,0,0,0,44000,-44000,-44000
06813P,友訊元富98售03  ,0,0,0,0,0,0,0,0,0,-44000,0,0,0,70000,114000,-44000,-44000
06802P,緯穎群益98售03  ,0,0,0,0,0,0,0,0,0,-44000,0,0,0,26000,70000,-44000,-44000
06509P,鴻海群益98售03  ,0,0,0,0,0,0,0,0,0,-44000,0,0,0,5000,49000,-44000,-44000
06593P,欣興元大98售05  ,0,0,0,0,0,0,0,0,0,-44000,0,0,0,93000,137000,-44000,-44000
06895P,台灣50統一9A售01,0,0,0,0,0,0,0,0,0,-44000,0,0,0,30000,74000,-44000,-44000
08674P,嘉晶元富07售02  ,0,0,0,0,0,0,0,0,0,-44000,0,0,0,0,44000,-44000,-44000
058399,美律元大99購05  ,0,0,0,0,0,0,0,0,0,-45000,0,0,0,0,45000,-45000,-45000
058107,全新台新99購01  ,0,0,0,0,0,0,0,0,0,-45000,0,0,0,0,45000,-45000,-45000
058275,S&P500中信9B購01,0,0,0,0,0,0,0,0,0,-45000,0,0,0,0,45000,-45000,-45000
057712,南亞科統一9A購01,0,0,0,0,0,0,0,0,0,-45000,0,0,0,10000,55000,-45000,-45000
057887,智原群益98購04  ,0,0,0,0,0,0,0,0,0,-45000,0,0,0,99000,144000,-45000,-45000
057527,億光元大98購01  ,0,0,0,0,0,0,0,0,0,-45000,0,0,0,25000,70000,-45000,-45000
057371,可成元大98購08  ,0,0,0,0,0,0,0,0,0,-45000,0,0,0,28000,73000,-45000,-45000
056798,華新科麥證98購01,0,0,0,35000,80000,-45000,0,0,0,-45000,0,0,0,35000,80000,-45000,-45000
056937,智原元富98購01  ,0,0,0,0,0,0,0,0,0,-45000,0,0,0,10000,55000,-45000,-45000
056923,奇力新兆豐99購02,0,0,0,0,0,0,0,0,0,-45000,0,0,0,0,45000,-45000,-45000
05149P,緯穎國泰96售01  ,0,0,0,0,0,0,0,0,0,-45000,0,0,0,0,45000,-45000,-45000
04785P,鴻海永豐94售03  ,0,0,0,0,0,0,0,0,0,-45000,0,0,0,28000,73000,-45000,-45000
053162,緯穎元大97購01  ,0,0,0,0,0,0,0,0,0,-45000,0,0,0,152000,197000,-45000,-45000
050690,台達電凱基96購01,0,0,0,0,0,0,0,0,0,-45000,0,0,0,69000,114000,-45000,-45000
050693,鴻海凱基96購05  ,0,0,0,0,0,0,0,0,0,-45000,0,0,0,10000,55000,-45000,-45000
050687,上銀日盛94購01  ,0,0,0,0,0,0,0,0,0,-45000,0,0,0,140000,185000,-45000,-45000
05031P,台光電元富95售01,0,0,0,0,0,0,0,0,0,-45000,0,0,0,0,45000,-45000,-45000
051914,健策元大96購06  ,0,0,0,0,0,0,0,0,0,-45000,0,0,0,30000,75000,-45000,-45000
051742,欣興國票96購01  ,0,0,0,0,0,0,0,0,0,-45000,0,0,0,20000,65000,-45000,-45000
053506,南茂兆豐97購01  ,0,0,0,0,0,0,0,0,0,-45000,0,0,0,0,45000,-45000,-45000
054545,奇力新中信98購01,0,0,0,0,0,0,0,0,0,-45000,0,0,0,10000,55000,-45000,-45000
054353,世紀鋼國泰98購01,0,0,0,0,0,0,0,0,0,-45000,0,0,0,5000,50000,-45000,-45000
055728,緯穎元大97購03  ,0,0,0,0,0,0,0,0,0,-45000,0,0,0,54000,99000,-45000,-45000
056080,世紀鋼元大97購03,0,0,0,0,0,0,0,0,0,-45000,0,0,0,5000,50000,-45000,-45000
055430,宏達電群益97購01,0,0,0,0,0,0,0,0,0,-45000,0,0,0,91000,136000,-45000,-45000
055011,元翎元富97購01  ,0,0,0,0,0,0,0,0,0,-45000,0,0,0,0,45000,-45000,-45000
057004,滬深反中信9A購01,0,0,0,0,0,0,0,0,0,-46000,0,0,0,0,46000,-46000,-46000
056200,大毅永豐98購01  ,0,0,0,0,0,0,0,0,0,-46000,0,0,0,60000,106000,-46000,-46000
056367,祥碩元大98購01  ,0,0,0,0,0,0,0,0,0,-46000,0,0,0,21000,67000,-46000,-46000
057483,微星元大98購04  ,0,0,0,0,0,0,0,0,0,-46000,0,0,0,85000,131000,-46000,-46000
057871,國巨元大99購09  ,0,0,0,0,0,0,0,0,0,-46000,0,0,0,0,46000,-46000,-46000
058328,世紀鋼統一9B購01,0,0,0,0,0,0,0,0,0,-46000,0,0,0,0,46000,-46000,-46000
048176,美利達國泰94購01,0,0,0,0,0,0,0,0,0,-46000,0,0,0,18000,64000,-46000,-46000
048977,晶相光元大94購01,0,0,0,0,0,0,0,0,0,-46000,0,0,0,15000,61000,-46000,-46000
051668,智邦元大95購02  ,0,0,0,0,0,0,0,0,0,-46000,0,0,0,284000,330000,-46000,-46000
052006,康友富邦98購01  ,0,0,0,0,0,0,0,0,0,-46000,0,0,0,100000,146000,-46000,-46000
052431,茂林永豐95購03  ,0,0,0,0,0,0,0,0,0,-46000,0,0,0,24000,70000,-46000,-46000
052769,達興群益96購01  ,0,0,0,0,0,0,0,0,0,-46000,0,0,0,61000,107000,-46000,-46000
050784,美律國泰96購01  ,0,0,0,0,0,0,0,0,0,-46000,0,0,0,110000,156000,-46000,-46000
052937,國巨兆豐97購01  ,0,0,0,0,0,0,0,0,0,-46000,0,0,0,210000,256000,-46000,-46000
054899,南港康和97購01  ,0,0,0,0,0,0,0,0,0,-46000,0,0,0,0,46000,-46000,-46000
055501,創意元大97購01  ,0,0,0,0,0,0,0,0,0,-46000,0,0,0,5000,51000,-46000,-46000
056097,訊芯元富97購02  ,0,0,0,0,0,0,0,0,0,-46000,0,0,0,0,46000,-46000,-46000
055931,冠德群益97購02  ,0,0,0,0,0,0,0,0,0,-46000,0,0,0,200000,246000,-46000,-46000
055774,台光電凱基97購02,0,0,0,0,0,0,0,0,0,-46000,0,0,0,120000,166000,-46000,-46000
055612,台光電國票97購04,0,0,0,0,0,0,0,0,0,-46000,0,0,0,14000,60000,-46000,-46000
06723P,台灣50麥證99售01,0,0,0,8000,54000,-46000,0,0,0,-46000,0,0,0,8000,54000,-46000,-46000
05847P,大立光元大96售08,0,0,0,0,0,0,0,0,0,-47000,0,0,0,4000,51000,-47000,-47000
05842P,台積電元大96售15,0,0,0,0,0,0,0,0,0,-47000,0,0,0,263000,310000,-47000,-47000
058074,欣興凱基99購01  ,0,0,0,0,0,0,0,0,0,-47000,0,0,0,140000,187000,-47000,-47000
057645,華新科元大99購11,0,0,0,0,0,0,0,0,0,-47000,0,0,0,0,47000,-47000,-47000
057677,臺股指元大98購07,0,0,0,0,0,0,0,0,0,-47000,0,0,0,13000,60000,-47000,-47000
057550,聯發科凱基02購01,0,0,0,0,0,0,0,0,0,-47000,0,0,0,4000,51000,-47000,-47000
05620P,大立光富邦9B售01,0,0,0,0,0,0,0,0,0,-47000,0,0,0,42000,89000,-47000,-47000
056686,可成統一98購01  ,0,0,0,0,0,0,0,0,0,-47000,0,0,0,48000,95000,-47000,-47000
05696P,南亞科凱基96售01,0,0,0,0,0,0,0,0,0,-47000,0,0,0,0,47000,-47000,-47000
048634,華通元大94購01  ,0,0,0,0,0,0,0,0,0,-47000,0,0,0,165000,212000,-47000,-47000
047763,旺宏元大94購04  ,0,0,0,0,0,0,0,0,0,-47000,0,0,0,120000,167000,-47000,-47000
045428,彩晶凱基94購01  ,0,0,0,0,0,0,0,0,0,-47000,0,0,0,10000,57000,-47000,-47000
050792,可成富邦96購01  ,0,0,0,0,0,0,0,0,0,-47000,0,0,0,217000,264000,-47000,-47000
052661,奇力新國票97購03,0,0,0,0,0,0,0,0,0,-47000,0,0,0,18000,65000,-47000,-47000
051338,揚明光永豐95購02,0,0,0,0,0,0,0,0,0,-47000,0,0,0,158000,205000,-47000,-47000
050616,潤泰全元大94購01,0,0,0,0,0,0,0,0,0,-47000,0,0,0,0,47000,-47000,-47000
052016,神基永豐95購01  ,0,0,0,0,0,0,0,0,0,-47000,0,0,0,21000,68000,-47000,-47000
052535,日月光國泰96購01,0,0,0,0,0,0,0,0,0,-47000,0,0,0,1000,48000,-47000,-47000
055657,超眾元富97購02  ,0,0,0,0,0,0,0,0,0,-47000,0,0,0,0,47000,-47000,-47000
055568,緯穎凱基97購02  ,0,0,0,0,0,0,0,0,0,-47000,0,0,0,20000,67000,-47000,-47000
055695,大毅國票98購03  ,0,0,0,0,0,0,0,0,0,-47000,0,0,0,12000,59000,-47000,-47000
05608P,聯發科凱基96售10,0,0,0,0,0,0,0,0,0,-47000,0,0,0,68000,115000,-47000,-47000
055322,欣興國票97購06  ,0,0,0,0,0,0,0,0,0,-47000,0,0,0,16000,63000,-47000,-47000
055281,台光電元大98購03,0,0,0,0,0,0,0,0,0,-47000,0,0,0,0,47000,-47000,-47000
054781,台化群益99購01  ,0,0,0,0,0,0,0,0,0,-47000,0,0,0,43000,90000,-47000,-47000
053528,南電中信9A購01  ,0,0,0,0,0,0,0,0,0,-47000,0,0,0,71000,118000,-47000,-47000
05387P,鴻海元大95售21  ,0,0,0,0,0,0,0,0,0,-47000,0,0,0,69000,116000,-47000,-47000
054020,技嘉台新97購01  ,0,0,0,0,0,0,0,0,0,-47000,0,0,0,47000,94000,-47000,-47000
06207P,聯發科凱基97售07,0,0,0,0,0,0,0,0,0,-47000,0,0,0,50000,97000,-47000,-47000
056974,臻鼎永昌9C購01  ,0,0,0,0,0,0,0,0,0,-48000,0,0,0,0,48000,-48000,-48000
057058,祥碩元大98購04  ,0,0,0,0,0,0,0,0,0,-48000,0,0,0,196000,244000,-48000,-48000
057123,上銀凱基98購05  ,0,0,0,0,0,0,0,0,0,-48000,0,0,0,20000,68000,-48000,-48000
056514,訊芯亞東99購01  ,0,0,0,0,0,0,0,0,0,-48000,0,0,0,0,48000,-48000,-48000
057655,奇力新中信98購05,0,0,0,0,0,0,0,0,0,-48000,0,0,0,0,48000,-48000,-48000
057441,奇力新統一98購03,0,0,0,0,0,0,0,0,0,-48000,0,0,0,0,48000,-48000,-48000
057967,聯發科國泰9A購02,0,0,0,0,0,0,0,0,0,-48000,0,0,0,18000,66000,-48000,-48000
058081,技嘉群益9A購03  ,0,0,0,0,0,0,0,0,0,-48000,0,0,0,70000,118000,-48000,-48000
058412,聯發科兆豐99購01,0,0,0,0,0,0,0,0,0,-48000,0,0,0,0,48000,-48000,-48000
05917P,宏達電元大96售02,0,0,0,0,0,0,0,0,0,-48000,0,0,0,50000,98000,-48000,-48000
048197,義隆元大93購04  ,0,0,0,0,0,0,0,0,0,-48000,0,0,0,5000,53000,-48000,-48000
051346,仁寶元大95購01  ,0,0,0,0,0,0,0,0,0,-48000,0,0,0,20000,68000,-48000,-48000
051094,健策元大96購03  ,0,0,0,0,0,0,0,0,0,-48000,0,0,0,35000,83000,-48000,-48000
048936,玉晶光永豐94購05,0,0,0,0,0,0,0,0,0,-48000,0,0,0,10000,58000,-48000,-48000
052342,茂林凱基96購01  ,0,0,0,0,0,0,0,0,0,-48000,0,0,0,20000,68000,-48000,-48000
049957,智邦統一94購01  ,0,0,0,0,0,0,0,0,0,-48000,0,0,0,0,48000,-48000,-48000
050915,健策中信98購01  ,0,0,0,0,0,0,0,0,0,-48000,0,0,0,251000,299000,-48000,-48000
051005,緯創中信95購02  ,0,0,0,0,0,0,0,0,0,-48000,0,0,0,0,48000,-48000,-48000
051026,健策統一96購01  ,0,0,0,0,0,0,0,0,0,-48000,0,0,0,0,48000,-48000,-48000
053219,祥碩凱基96購01  ,0,0,0,0,0,0,0,0,0,-48000,0,0,0,228000,276000,-48000,-48000
053455,台光電元富96購02,0,0,0,0,0,0,0,0,0,-48000,0,0,0,435000,483000,-48000,-48000
054301,楠梓電凱基98購01,0,0,0,0,0,0,0,0,0,-48000,0,0,0,4000,52000,-48000,-48000
055217,緯創凱基97購02  ,0,0,0,0,0,0,0,0,0,-48000,0,0,0,41000,89000,-48000,-48000
055885,大成鋼統一97購02,0,0,0,0,0,0,0,0,0,-48000,0,0,0,0,48000,-48000,-48000
055732,全新元富9A購01  ,0,0,0,0,0,0,0,0,0,-48000,0,0,0,26000,74000,-48000,-48000
06209P,旺宏統一97售07  ,0,0,0,0,0,0,0,0,0,-48000,0,0,0,2000,50000,-48000,-48000
06614P,祥碩永豐98售03  ,0,0,0,0,0,0,0,0,0,-48000,0,0,0,8000,56000,-48000,-48000
05929P,宏達電康和96售01,0,0,0,0,0,0,0,0,0,-49000,0,0,0,10000,59000,-49000,-49000
05922P,京元電兆豐96售01,0,0,0,0,0,0,0,0,0,-49000,0,0,0,0,49000,-49000,-49000
057947,和碩國票99購01  ,30000,0,30000,0,0,0,0,0,0,-79000,0,0,0,7000,86000,-79000,-49000
057944,新日興國票99購02,0,0,0,0,0,0,0,0,0,-49000,0,0,0,15000,64000,-49000,-49000
056161,康控凱基98購02  ,0,0,0,0,0,0,0,0,0,-49000,0,0,0,105000,154000,-49000,-49000
056995,華新科日盛99購01,0,0,0,0,0,0,0,0,0,-49000,0,0,0,10000,59000,-49000,-49000
056816,華通永豐98購02  ,0,0,0,0,0,0,0,0,0,-49000,0,0,0,5000,54000,-49000,-49000
048602,上緯控國票96購01,0,0,0,0,0,0,0,0,0,-49000,0,0,0,0,49000,-49000,-49000
050188,貿聯元大96購01  ,0,0,0,0,0,0,0,0,0,-49000,0,0,0,1000,50000,-49000,-49000
05020P,廣達中信95售01  ,0,0,0,0,0,0,0,0,0,-49000,0,0,0,15000,64000,-49000,-49000
04556P,大成鋼群益94售02,0,0,0,0,0,0,0,0,0,-49000,0,0,0,0,49000,-49000,-49000
045572,元油2X元大98購01,0,0,0,0,0,0,0,0,0,-49000,0,0,0,71000,120000,-49000,-49000
046628,大立光統一98購01,0,0,0,0,0,0,0,0,0,-49000,0,0,0,0,49000,-49000,-49000
05305P,華新科國泰97售01,0,0,0,0,0,0,0,0,0,-49000,0,0,0,161000,210000,-49000,-49000
05258P,臺股指凱基96售11,0,0,0,0,0,0,0,0,0,-49000,0,0,0,0,49000,-49000,-49000
052576,聯茂凱基96購01  ,0,0,0,0,0,0,0,0,0,-49000,0,0,0,106000,155000,-49000,-49000
05267P,欣興元大95售08  ,0,0,0,0,0,0,0,0,0,-49000,0,0,0,77000,126000,-49000,-49000
051234,南電群益95購02  ,0,0,0,0,0,0,0,0,0,-49000,0,0,0,35000,84000,-49000,-49000
051249,潤泰全元大95購01,0,0,0,0,0,0,0,0,0,-49000,0,0,0,276000,325000,-49000,-49000
051875,聯發科兆豐95購04,0,0,0,0,0,0,0,0,0,-49000,0,0,0,10000,59000,-49000,-49000
051872,矽力凱基96購01  ,0,0,0,0,0,0,0,0,0,-49000,0,0,0,0,49000,-49000,-49000
055531,華新科群益98購03,0,0,0,0,0,0,0,0,0,-49000,0,0,0,22000,71000,-49000,-49000
054992,南亞科元富97購02,0,0,0,0,0,0,0,0,0,-49000,0,0,0,1000,50000,-49000,-49000
055113,大立光凱基98購06,0,0,0,0,0,0,0,0,0,-49000,0,0,0,41000,90000,-49000,-49000
054466,欣興凱基97購03  ,0,0,0,0,0,0,0,0,0,-49000,0,0,0,0,49000,-49000,-49000
053629,玉山金兆豐96購01,0,0,0,0,0,0,0,0,0,-49000,0,0,0,0,49000,-49000,-49000
06235P,國巨元大97售12  ,50000,0,50000,0,0,0,0,0,0,-99000,0,0,0,280000,379000,-99000,-49000
06150P,奇力新元大97售06,0,0,0,0,0,0,0,0,0,-49000,0,0,0,26000,75000,-49000,-49000
2536,宏普            ,26000,75000,-49000,0,0,0,0,0,0,0,0,0,0,0,0,0,-49000
2929,淘帝-KY         ,125000,174000,-49000,0,0,0,0,0,0,0,0,0,0,0,0,0,-49000
9910,豐泰            ,346000,395050,-49050,0,0,0,0,0,0,0,0,0,0,0,0,0,-49050
056868,奇力新麥證98購01,0,0,0,0,50000,-50000,0,0,0,-50000,0,0,0,0,50000,-50000,-50000
056968,揚明光永豐98購02,0,0,0,0,0,0,0,0,0,-50000,0,0,0,0,50000,-50000,-50000
057132,華新科凱基98購05,0,0,0,0,0,0,0,0,0,-50000,0,0,0,0,50000,-50000,-50000
057164,國巨元大98購14  ,0,0,0,0,0,0,0,0,0,-50000,0,0,0,0,50000,-50000,-50000
057180,華新科元大99購08,0,0,0,0,0,0,0,0,0,-50000,0,0,0,86000,136000,-50000,-50000
056278,全新富邦98購02  ,0,0,0,0,0,0,0,0,0,-50000,0,0,0,55000,105000,-50000,-50000
056285,可成永豐97購02  ,0,0,0,0,0,0,0,0,0,-50000,0,0,0,5000,55000,-50000,-50000
056326,TPK兆豐98購01   ,0,0,0,0,0,0,0,0,0,-50000,0,0,0,0,50000,-50000,-50000
056694,欣興群益98購04  ,0,0,0,0,0,0,0,0,0,-50000,0,0,0,60000,110000,-50000,-50000
057600,大立光群益99購03,0,0,0,0,0,0,0,0,0,-50000,0,0,0,13000,63000,-50000,-50000
05992P,華通元大96售05  ,0,0,0,0,0,0,0,0,0,-50000,0,0,0,0,50000,-50000,-50000
046599,S&P反1群益93購01,0,0,0,0,0,0,0,0,0,-50000,0,0,0,0,50000,-50000,-50000
048272,新光金富邦98購01,0,0,0,0,0,0,0,0,0,-50000,0,0,0,0,50000,-50000,-50000
046155,道瓊反群益94購01,0,0,0,0,0,0,0,0,0,-50000,0,0,0,0,50000,-50000,-50000
046380,神基凱基93購01  ,0,0,0,0,0,0,0,0,0,-50000,0,0,0,0,50000,-50000,-50000
045371,元石油元大95購01,0,0,0,0,0,0,0,0,0,-50000,0,0,0,0,50000,-50000,-50000
043040,永冠元富94購01  ,0,0,0,0,0,0,0,0,0,-50000,0,0,0,0,50000,-50000,-50000
04107P,元黃金中信94售01,0,0,0,0,0,0,0,0,0,-50000,0,0,0,0,50000,-50000,-50000
04172P,大立光凱基93售34,0,0,0,0,0,0,0,0,0,-50000,0,0,0,0,50000,-50000,-50000
03671P,大立光凱基95售02,0,0,0,0,0,0,0,0,0,-50000,0,0,0,0,50000,-50000,-50000
047137,健策凱基94購01  ,0,0,0,0,0,0,0,0,0,-50000,0,0,0,0,50000,-50000,-50000
050174,技嘉元大94購01  ,0,0,0,0,0,0,0,0,0,-50000,0,0,0,0,50000,-50000,-50000
04964P,鴻海元大94售26  ,0,0,0,0,0,0,0,0,0,-50000,0,0,0,3000,53000,-50000,-50000
051115,華通麥證96購01  ,0,0,0,0,50000,-50000,0,0,0,-50000,0,0,0,0,50000,-50000,-50000
051410,京元電國票96購01,0,0,0,0,0,0,0,0,0,-50000,0,0,0,178000,228000,-50000,-50000
048043,滬深2X永豐94購03,0,0,0,0,0,0,0,0,0,-50000,0,0,0,0,50000,-50000,-50000
047950,滬深2X永豐94購02,0,0,0,0,0,0,0,0,0,-50000,0,0,0,0,50000,-50000,-50000
04863P,技嘉元大94售02  ,0,0,0,0,0,0,0,0,0,-50000,0,0,0,0,50000,-50000,-50000
04842P,群創元大96售02  ,0,0,0,0,0,0,0,0,0,-50000,0,0,0,0,50000,-50000,-50000
049346,新光金統一95購01,0,0,0,0,0,0,0,0,0,-50000,0,0,0,0,50000,-50000,-50000
051881,上証2X永豐95購02,0,0,0,0,0,0,0,0,0,-50000,0,0,0,0,50000,-50000,-50000
051747,貿聯國泰96購01  ,0,0,0,0,0,0,0,0,0,-50000,0,0,0,0,50000,-50000,-50000
051834,南電元大96購02  ,0,0,0,0,0,0,0,0,0,-50000,0,0,0,10000,60000,-50000,-50000
051604,喬山群益95購01  ,0,0,0,0,0,0,0,0,0,-50000,0,0,0,0,50000,-50000,-50000
051972,廣達凱基95購02  ,0,0,0,0,0,0,0,0,0,-50000,0,0,0,0,50000,-50000,-50000
051189,鴻海兆豐96購01  ,0,0,0,0,0,0,0,0,0,-50000,0,0,0,0,50000,-50000,-50000
050512,台泥元大94購01  ,0,0,0,0,0,0,0,0,0,-50000,0,0,0,14000,64000,-50000,-50000
051303,奇鋐凱基95購01  ,0,0,0,0,0,0,0,0,0,-50000,0,0,0,0,50000,-50000,-50000
050442,復盛凱基94購01  ,0,0,0,0,0,0,0,0,0,-50000,0,0,0,50000,100000,-50000,-50000
050129,聯發科凱基94購11,0,0,0,0,0,0,0,0,0,-50000,0,0,0,0,50000,-50000,-50000
05016P,臺股指元大95售07,0,0,0,0,0,0,0,0,0,-50000,0,0,0,0,50000,-50000,-50000
05221P,玉晶光元大95售04,0,0,0,0,0,0,0,0,0,-50000,0,0,0,10000,60000,-50000,-50000
052422,聯電國票96購03  ,0,0,0,0,0,0,0,0,0,-50000,0,0,0,10000,60000,-50000,-50000
052631,T50反1凱基98購02,0,0,0,0,0,0,0,0,0,-50000,0,0,0,0,50000,-50000,-50000
052727,仁寶元富96購01  ,0,0,0,0,0,0,0,0,0,-50000,0,0,0,10000,60000,-50000,-50000
050636,上証2X國票94購01,0,0,0,0,0,0,0,0,0,-50000,0,0,0,0,50000,-50000,-50000
053067,牧德群益96購01  ,0,0,0,0,0,0,0,0,0,-50000,0,0,0,0,50000,-50000,-50000
05300P,健策元大95售02  ,0,0,0,0,0,0,0,0,0,-50000,0,0,0,0,50000,-50000,-50000
053022,欣興國泰98購01  ,0,0,0,0,0,0,0,0,0,-50000,0,0,0,59000,109000,-50000,-50000
053355,超眾兆豐97購01  ,0,0,0,0,0,0,0,0,0,-50000,0,0,0,0,50000,-50000,-50000
053244,光磊國票97購01  ,0,0,0,0,0,0,0,0,0,-50000,0,0,0,0,50000,-50000,-50000
053483,嘉澤第一96購01  ,0,0,0,0,0,0,0,0,0,-50000,0,0,0,10000,60000,-50000,-50000
053781,友達元大9B購03  ,0,0,0,0,0,0,0,0,0,-50000,0,0,0,0,50000,-50000,-50000
053673,超眾元富96購03  ,0,0,0,0,0,0,0,0,0,-50000,0,0,0,0,50000,-50000,-50000
054164,強茂凱基98購01  ,0,0,0,0,0,0,0,0,0,-50000,0,0,0,10000,60000,-50000,-50000
05383P,鴻海富邦95售06  ,0,0,0,0,0,0,0,0,0,-50000,0,0,0,50000,100000,-50000,-50000
053961,揚明光永豐96購04,0,0,0,0,0,0,0,0,0,-50000,0,0,0,0,50000,-50000,-50000
054472,道瓊反中信9A購01,0,0,0,0,0,0,0,0,0,-50000,0,0,0,10000,60000,-50000,-50000
054792,揚明光群益97購01,0,0,0,0,0,0,0,0,0,-50000,0,0,0,0,50000,-50000,-50000
054790,禾伸堂群益98購01,0,0,0,0,0,0,0,0,0,-50000,0,0,0,0,50000,-50000,-50000
054814,台積電元大97購13,0,0,0,0,0,0,0,0,0,-50000,0,0,0,50000,100000,-50000,-50000
054542,台表科國票98購01,0,0,0,0,0,0,0,0,0,-50000,0,0,0,0,50000,-50000,-50000
055170,光磊統一97購01  ,0,0,0,0,0,0,0,0,0,-50000,0,0,0,50000,100000,-50000,-50000
054988,凱美元富97購02  ,0,0,0,0,0,0,0,0,0,-50000,0,0,0,0,50000,-50000,-50000
054877,百和群益98購01  ,0,20000,-20000,0,0,0,0,0,0,-30000,0,0,0,62000,92000,-30000,-50000
055502,群創元大9C購03  ,0,0,0,0,0,0,0,0,0,-50000,0,0,0,0,50000,-50000,-50000
055743,TPK元富98購01   ,0,0,0,0,0,0,0,0,0,-50000,0,0,0,0,50000,-50000,-50000
055918,和鑫凱基97購01  ,0,0,0,0,0,0,0,0,0,-50000,0,0,0,0,50000,-50000,-50000
05605P,嘉聯益元大97售02,0,0,0,0,0,0,0,0,0,-50000,0,0,0,0,50000,-50000,-50000
06125P,楠梓電元富99售01,0,0,0,0,0,0,0,0,0,-50000,0,0,0,10000,60000,-50000,-50000
06238P,台積電元大98售07,0,0,0,0,0,0,0,0,0,-50000,0,0,0,300000,350000,-50000,-50000
06182P,群創兆豐97售03  ,0,0,0,0,0,0,0,0,0,-50000,0,0,0,0,50000,-50000,-50000
06642P,可成兆豐98售01  ,0,0,0,0,0,0,0,0,0,-50000,0,0,0,20000,70000,-50000,-50000
06664P,聯發科兆豐98售02,0,0,0,0,0,0,0,0,0,-50000,0,0,0,32000,82000,-50000,-50000
06670P,鴻海群益98售06  ,0,0,0,0,0,0,0,0,0,-50000,0,0,0,0,50000,-50000,-50000
06788P,臺股指元大98售05,0,0,0,0,0,0,0,0,0,-50000,0,0,0,0,50000,-50000,-50000
057548,微星凱基99購01  ,0,0,0,0,0,0,0,0,0,-51000,0,0,0,89000,140000,-51000,-51000
057716,神達統一98購01  ,0,0,0,0,0,0,0,0,0,-51000,0,0,0,80000,131000,-51000,-51000
056532,技嘉凱基98購01  ,0,0,0,0,0,0,0,0,0,-51000,0,0,0,137000,188000,-51000,-51000
057310,聯發科日盛99購01,0,0,0,0,0,0,0,0,0,-51000,0,0,0,44000,95000,-51000,-51000
057057,立積元大9A購01  ,0,0,0,0,0,0,0,0,0,-51000,0,0,0,3000,54000,-51000,-51000
04628P,欣興元大95售01  ,0,0,0,0,0,0,0,0,0,-51000,0,0,0,0,51000,-51000,-51000
053441,旺宏凱基98購01  ,0,0,0,0,0,0,0,0,0,-51000,0,0,0,104000,155000,-51000,-51000
050957,T50反1台新05購01,0,0,0,0,0,0,0,0,0,-51000,0,0,0,674000,725000,-51000,-51000
050866,景碩永豐95購01  ,0,0,0,0,0,0,0,0,0,-51000,0,0,0,151000,202000,-51000,-51000
051283,亞德客統一95購01,0,0,0,0,0,0,0,0,0,-51000,0,0,0,91000,142000,-51000,-51000
055992,智原台新97購02  ,0,0,0,0,0,0,0,0,0,-51000,0,0,0,0,51000,-51000,-51000
055740,智易元富97購01  ,0,0,0,0,0,0,0,0,0,-51000,0,0,0,0,51000,-51000,-51000
055703,緯穎富邦98購01  ,0,0,0,0,0,0,0,0,0,-51000,0,0,0,129000,180000,-51000,-51000
054846,瑞昱兆豐97購01  ,0,0,0,0,0,0,0,0,0,-51000,0,0,0,9000,60000,-51000,-51000
053889,致茂群益97購01  ,0,0,0,0,0,0,0,0,0,-51000,0,0,0,0,51000,-51000,-51000
1516,川飛            ,7000,58000,-51000,0,0,0,0,0,0,0,0,0,0,0,0,0,-51000
6491,晶碩            ,27000,68000,-41000,0,0,0,0,10000,-10000,0,0,0,0,0,0,0,-51000
057096,緯穎元富98購01  ,0,0,0,0,0,0,0,0,0,-52000,0,0,0,50000,102000,-52000,-52000
056557,世紀鋼凱基98購02,0,0,0,0,0,0,0,0,0,-52000,0,0,0,7000,59000,-52000,-52000
056477,欣興元大98購02  ,0,0,0,0,0,0,0,0,0,-52000,0,0,0,45000,97000,-52000,-52000
056299,友達元大9B購04  ,0,0,0,0,0,0,0,0,0,-52000,0,0,0,0,52000,-52000,-52000
057810,技嘉元大98購06  ,0,0,0,0,0,0,0,0,0,-52000,0,0,0,102000,154000,-52000,-52000
057503,世紀鋼群益98購02,0,0,0,0,0,0,0,0,0,-52000,0,0,0,32000,84000,-52000,-52000
06060P,玉晶光元大97售03,0,0,0,0,0,0,0,0,0,-52000,0,0,0,0,52000,-52000,-52000
06013P,世芯國泰97售03  ,0,0,0,0,0,0,0,0,0,-52000,0,0,0,265000,317000,-52000,-52000
05814P,臺股指國票96售07,0,0,0,0,0,0,0,0,0,-52000,0,0,0,20000,72000,-52000,-52000
04506P,旺宏元大94售06  ,0,0,0,0,0,0,0,0,0,-52000,0,0,0,0,52000,-52000,-52000
047151,台積電國票94購02,0,0,0,0,0,0,0,0,0,-52000,0,0,0,193000,245000,-52000,-52000
00710B,FH彭博高收益債  ,0,0,0,0,0,0,0,0,0,-52000,0,0,0,91000,143000,-52000,-52000
048233,南電凱基93購05  ,0,0,0,0,0,0,0,0,0,-52000,0,0,0,68000,120000,-52000,-52000
050231,聯發科麥證94購03,0,0,0,21000,73000,-52000,0,0,0,-52000,0,0,0,21000,73000,-52000,-52000
05015P,臺股指元大95售06,0,0,0,0,0,0,0,0,0,-52000,0,0,0,0,52000,-52000,-52000
050346,康友元富94購03  ,0,0,0,0,0,0,0,0,0,-52000,0,0,0,5000,57000,-52000,-52000
052207,台郡中信95購02  ,0,0,0,0,0,0,0,0,0,-52000,0,0,0,18000,70000,-52000,-52000
052558,新唐國票97購01  ,0,0,0,0,0,0,0,0,0,-52000,0,0,0,0,52000,-52000,-52000
050948,華固群益95購01  ,0,0,0,0,0,0,0,0,0,-52000,0,0,0,0,52000,-52000,-52000
054312,TPK凱基98購01   ,0,0,0,0,0,0,0,0,0,-52000,0,0,0,0,52000,-52000,-52000
055718,可成元大97購02  ,0,0,0,0,0,0,0,0,0,-52000,0,0,0,447000,499000,-52000,-52000
054965,健策元大98購04  ,0,0,0,0,0,0,0,0,0,-52000,0,0,0,54000,106000,-52000,-52000
054979,南港元富97購01  ,0,0,0,0,0,0,0,0,0,-52000,0,0,0,48000,100000,-52000,-52000
6698,旭暉應材        ,18000,4000,14000,0,0,0,0,66000,-66000,0,0,0,0,0,0,0,-52000
5215,科嘉-KY         ,92000,44000,48000,0,0,0,0,99000,-99000,-1000,0,1000,-1000,0,0,0,-52000
06873P,嘉晶元富98售02  ,0,0,0,0,0,0,0,0,0,-52000,0,0,0,29000,81000,-52000,-52000
05825P,臺股指凱基96售22,0,0,0,0,0,0,0,0,0,-53000,0,0,0,27000,80000,-53000,-53000
058245,訊連元大99購01  ,0,0,0,0,0,0,0,0,0,-53000,0,0,0,0,53000,-53000,-53000
057781,國巨國票99購04  ,0,0,0,0,0,0,0,0,0,-53000,0,0,0,51000,104000,-53000,-53000
056178,嘉澤元富97購02  ,0,0,0,0,0,0,0,0,0,-53000,0,0,0,11000,64000,-53000,-53000
056459,茂林凱基99購01  ,0,0,0,0,0,0,0,0,0,-53000,0,0,0,0,53000,-53000,-53000
057334,技嘉國票98購02  ,0,0,0,0,0,0,0,0,0,-53000,0,0,0,0,53000,-53000,-53000
049847,旺宏群益94購04  ,0,0,0,0,0,0,0,0,0,-53000,0,0,0,56000,109000,-53000,-53000
048577,GIS國泰94購01   ,0,0,0,0,0,0,0,0,0,-53000,0,0,0,0,53000,-53000,-53000
046862,台郡元大94購01  ,0,0,0,0,0,0,0,0,0,-53000,0,0,0,0,53000,-53000,-53000
050716,可成群益96購01  ,0,0,0,0,0,0,0,0,0,-53000,0,0,0,66000,119000,-53000,-53000
055384,緯穎元大98購02  ,0,0,0,0,0,0,0,0,0,-53000,0,0,0,39000,92000,-53000,-53000
056010,力成中信97購01  ,0,0,0,0,0,0,0,0,0,-53000,0,0,0,108000,161000,-53000,-53000
054826,復盛元大9A購01  ,0,0,0,0,0,0,0,0,0,-53000,0,0,0,0,53000,-53000,-53000
053928,智易國票97購03  ,0,0,0,0,0,0,0,0,0,-53000,0,0,0,0,53000,-53000,-53000
1709,和益            ,119000,172000,-53000,0,0,0,0,0,0,0,0,0,0,0,0,0,-53000
06608P,立積群益99售02  ,0,0,0,0,0,0,0,0,0,-53000,0,0,0,40000,93000,-53000,-53000
4526,東台            ,8000,60000,-52000,0,0,0,0,0,0,-1000,0,1000,-1000,0,0,0,-53000
057221,華通國票98購03  ,0,0,0,0,0,0,0,0,0,-54000,0,0,0,0,54000,-54000,-54000
056452,亞光凱基98購02  ,0,0,0,0,0,0,0,0,0,-54000,0,0,0,50000,104000,-54000,-54000
057731,華擎國泰9A購02  ,0,0,0,0,0,0,0,0,0,-54000,0,0,0,66000,120000,-54000,-54000
057643,聯發科元大99購03,0,0,0,0,0,0,0,0,0,-54000,0,0,0,247000,301000,-54000,-54000
058298,聯茂凱基99購05  ,0,0,0,0,0,0,0,0,0,-54000,0,0,0,1000,55000,-54000,-54000
04164P,滬深2X元富93售03,0,0,0,0,0,0,0,0,0,-54000,0,0,0,0,54000,-54000,-54000
04427P,滬深2X元大97售02,0,0,0,0,0,0,0,0,0,-54000,0,0,0,15000,69000,-54000,-54000
049212,T50反1國票94購04,0,0,0,0,0,0,0,0,0,-54000,0,0,0,1000,55000,-54000,-54000
048453,嘉澤凱基93購05  ,0,0,0,0,0,0,0,0,0,-54000,0,0,0,40000,94000,-54000,-54000
050230,聯發科麥證94購02,0,0,0,6000,60000,-54000,0,0,0,-54000,0,0,0,6000,60000,-54000,-54000
047626,全新國票94購01  ,0,0,0,0,0,0,0,0,0,-54000,0,0,0,32000,86000,-54000,-54000
050783,旺宏國泰96購02  ,0,0,0,0,0,0,0,0,0,-54000,0,0,0,119000,173000,-54000,-54000
052693,微星中信96購01  ,0,0,0,0,0,0,0,0,0,-54000,0,0,0,0,54000,-54000,-54000
053319,可成群益96購04  ,0,0,0,0,0,0,0,0,0,-54000,0,0,0,117000,171000,-54000,-54000
053203,智易日盛96購01  ,0,0,0,0,0,0,0,0,0,-54000,0,0,0,0,54000,-54000,-54000
051593,和碩元大95購01  ,0,0,0,0,0,0,0,0,0,-54000,0,0,0,1000,55000,-54000,-54000
051543,鈺齊國票96購01  ,0,0,0,0,0,0,0,0,0,-54000,0,0,0,0,54000,-54000,-54000
049893,日月光富邦98購01,0,0,0,0,0,0,0,0,0,-54000,0,0,0,10000,64000,-54000,-54000
053937,光磊元富96購01  ,0,0,0,0,0,0,0,0,0,-54000,0,0,0,0,54000,-54000,-54000
053519,力成群益96購02  ,0,0,0,0,0,0,0,0,0,-54000,0,0,0,7000,61000,-54000,-54000
054757,南亞國票98購01  ,0,0,0,0,0,0,0,0,0,-54000,0,0,0,4000,58000,-54000,-54000
056113,新日興兆豐98購01,0,0,0,0,0,0,0,0,0,-54000,0,0,0,130000,184000,-54000,-54000
055392,凱美統一97購03  ,0,0,0,0,0,0,0,0,0,-54000,0,0,0,0,54000,-54000,-54000
055514,亞光麥證97購01  ,0,0,0,50000,104000,-54000,0,0,0,-54000,0,0,0,50000,104000,-54000,-54000
055039,神達富邦99購01  ,0,0,0,0,0,0,0,0,0,-54000,0,0,0,3000,57000,-54000,-54000
06200P,聯發科元大97售18,0,0,0,0,0,0,0,0,0,-54000,0,0,0,15000,69000,-54000,-54000
058206,祥碩凱基99購01  ,0,0,0,0,0,0,0,0,0,-55000,0,0,0,20000,75000,-55000,-55000
058108,台郡台新99購01  ,0,0,0,0,0,0,0,0,0,-55000,0,0,0,0,55000,-55000,-55000
056658,美食元大98購01  ,0,0,0,0,0,0,0,0,0,-55000,0,0,0,15000,70000,-55000,-55000
057242,台郡凱基98購05  ,0,0,0,0,0,0,0,0,0,-55000,0,0,0,5000,60000,-55000,-55000
057330,台積電國票99購03,0,0,0,0,0,0,0,0,0,-55000,0,0,0,25000,80000,-55000,-55000
04809P,台光電群益94售04,0,0,0,0,0,0,0,0,0,-55000,0,0,0,0,55000,-55000,-55000
04939P,國巨國票95售03  ,0,0,0,0,0,0,0,0,0,-55000,0,0,0,60000,115000,-55000,-55000
049020,可成群益94購02  ,0,0,0,0,0,0,0,0,0,-55000,0,0,0,1000,56000,-55000,-55000
04747P,臺股指元大94售22,0,0,0,0,0,0,0,0,0,-55000,0,0,0,36000,91000,-55000,-55000
050397,力成元富94購01  ,0,0,0,0,0,0,0,0,0,-55000,0,0,0,40000,95000,-55000,-55000
052957,T50反1凱基99購01,0,0,0,0,0,0,0,0,0,-55000,0,0,0,0,55000,-55000,-55000
056065,奇鋐元大97購01  ,0,0,0,0,0,0,0,0,0,-55000,0,0,0,65000,120000,-55000,-55000
055575,華新科統一98購01,0,0,0,0,0,0,0,0,0,-55000,0,0,0,48000,103000,-55000,-55000
054730,上証2X凱基98購02,0,0,0,0,0,0,0,0,0,-55000,0,0,0,25000,80000,-55000,-55000
054632,緯穎凱基9A購01  ,0,0,0,0,0,0,0,0,0,-55000,0,0,0,131000,186000,-55000,-55000
053616,奇力新群益97購01,0,0,0,0,0,0,0,0,0,-55000,0,0,0,30000,85000,-55000,-55000
053993,旺宏群益98購02  ,0,0,0,0,0,0,0,0,0,-55000,0,0,0,151000,206000,-55000,-55000
053855,康友國泰98購01  ,0,0,0,0,0,0,0,0,0,-55000,0,0,0,93000,148000,-55000,-55000
06868P,電子類元大99售01,0,0,0,0,0,0,0,0,0,-55000,0,0,0,0,55000,-55000,-55000
06944P,健鼎元富98售02  ,0,0,0,0,0,0,0,0,0,-55000,0,0,0,20000,75000,-55000,-55000
056179,康友元富97購02  ,0,0,0,0,0,0,0,0,0,-56000,0,0,0,159000,215000,-56000,-56000
056273,祥碩統一97購02  ,0,0,0,0,0,0,0,0,0,-56000,0,0,0,10000,66000,-56000,-56000
057589,超眾國票9A購01  ,0,0,0,0,0,0,0,0,0,-56000,0,0,0,0,56000,-56000,-56000
03993P,滬深2X中信94售03,0,0,0,0,0,0,0,0,0,-56000,0,0,0,2000,58000,-56000,-56000
048707,南電國票95購01  ,0,0,0,0,0,0,0,0,0,-56000,0,0,0,0,56000,-56000,-56000
049625,智易群益95購01  ,0,0,0,0,0,0,0,0,0,-56000,0,0,0,20000,76000,-56000,-56000
053235,智原永豐96購01  ,0,0,0,0,0,0,0,0,0,-56000,0,0,0,0,56000,-56000,-56000
053275,燿華元大97購01  ,0,0,0,0,0,0,0,0,0,-56000,0,0,0,104000,160000,-56000,-56000
052581,訊芯元富98購01  ,0,0,0,0,0,0,0,0,0,-56000,0,0,0,0,56000,-56000,-56000
050933,南亞國票95購01  ,0,0,0,0,0,0,0,0,0,-56000,0,0,0,30000,86000,-56000,-56000
050044,聯詠兆豐94購02  ,0,0,0,0,0,0,0,0,0,-56000,0,0,0,94000,150000,-56000,-56000
054714,和鑫台新98購01  ,0,0,0,0,0,0,0,0,0,-56000,0,0,0,10000,66000,-56000,-56000
055440,矽力國票98購01  ,0,0,0,0,0,0,0,0,0,-56000,0,0,0,5000,61000,-56000,-56000
05807P,泰鼎永豐96售03  ,0,0,0,0,0,0,0,0,0,-57000,0,0,0,11000,68000,-57000,-57000
058034,神達永豐98購02  ,0,0,0,0,0,0,0,0,0,-57000,0,0,0,113000,170000,-57000,-57000
058218,緯穎群益99購01  ,0,0,0,0,0,0,0,0,0,-57000,0,0,0,145000,202000,-57000,-57000
056688,聯詠統一98購01  ,0,0,0,0,0,0,0,0,0,-57000,0,0,0,20000,77000,-57000,-57000
057297,新日興永豐98購01,0,0,0,0,0,0,0,0,0,-57000,0,0,0,0,57000,-57000,-57000
057277,可成元大98購05  ,0,0,0,0,0,0,0,0,0,-57000,0,0,0,0,57000,-57000,-57000
057139,華新科兆豐98購02,0,0,0,0,0,0,0,0,0,-57000,0,0,0,36000,93000,-57000,-57000
051281,健策兆豐96購01  ,0,0,0,0,0,0,0,0,0,-57000,0,0,0,10000,67000,-57000,-57000
052429,禾伸堂永豐95購02,0,0,0,0,0,0,0,0,0,-57000,0,0,0,0,57000,-57000,-57000
05246P,南電元大95售04  ,0,0,0,0,0,0,0,0,0,-57000,0,0,0,89000,146000,-57000,-57000
050876,復盛永豐95購01  ,0,0,0,0,0,0,0,0,0,-57000,0,0,0,12000,69000,-57000,-57000
054076,義隆第一96購01  ,0,0,0,0,0,0,0,0,0,-57000,0,0,0,0,57000,-57000,-57000
4133,亞諾法          ,56000,113000,-57000,0,0,0,0,0,0,0,0,0,0,0,0,0,-57000
057303,喬山兆豐99購01  ,0,0,0,0,0,0,0,0,0,-58000,0,0,0,105000,163000,-58000,-58000
056844,欣興元富98購03  ,0,0,0,0,0,0,0,0,0,-58000,0,0,0,78000,136000,-58000,-58000
058112,神達元富98購01  ,0,0,0,0,0,0,0,0,0,-58000,0,0,0,10000,68000,-58000,-58000
057629,泰碩永豐98購02  ,0,0,0,0,0,0,0,0,0,-58000,0,0,0,66000,124000,-58000,-58000
057427,華通兆豐99購01  ,0,0,0,0,0,0,0,0,0,-58000,0,0,0,41000,99000,-58000,-58000
057930,旺宏群益99購04  ,0,0,0,0,0,0,0,0,0,-58000,0,0,0,158000,216000,-58000,-58000
057895,全新元富9B購01  ,0,0,0,0,0,0,0,0,0,-58000,0,0,0,22000,80000,-58000,-58000
048713,美利達康和94購01,0,0,0,0,0,0,0,0,0,-58000,0,0,0,0,58000,-58000,-58000
049055,聯詠永豐94購01  ,0,0,0,0,0,0,0,0,0,-58000,0,0,0,0,58000,-58000,-58000
047296,日月光元富96購01,0,0,0,0,0,0,0,0,0,-58000,0,0,0,30000,88000,-58000,-58000
04571P,華新科國泰95售03,0,0,0,0,0,0,0,0,0,-58000,0,0,0,42000,100000,-58000,-58000
052685,技嘉元大96購01  ,0,0,0,0,0,0,0,0,0,-58000,0,0,0,192000,250000,-58000,-58000
052921,大成鋼永豐96購01,0,0,0,0,0,0,0,0,0,-58000,0,0,0,0,58000,-58000,-58000
052374,瑞昱元大95購02  ,0,0,0,0,0,0,0,0,0,-58000,0,0,0,3000,61000,-58000,-58000
049897,華新科統一94購07,0,0,0,0,0,0,0,0,0,-58000,0,0,0,41000,99000,-58000,-58000
052028,健策群益95購02  ,0,0,0,0,0,0,0,0,0,-58000,0,0,0,58000,116000,-58000,-58000
055289,泰碩元大98購01  ,0,0,0,0,0,0,0,0,0,-58000,0,0,0,313000,371000,-58000,-58000
055564,茂林凱基98購01  ,0,0,0,0,0,0,0,0,0,-58000,0,0,0,0,58000,-58000,-58000
06542P,台光電國票98售05,0,0,0,0,0,0,0,0,0,-58000,0,0,0,0,58000,-58000,-58000
06479P,聯發科中信99售02,0,0,0,0,0,0,0,0,0,-58000,0,0,0,2000,60000,-58000,-58000
06721P,臺股指中信9A售03,0,0,0,0,0,0,0,0,0,-58000,0,0,0,5000,63000,-58000,-58000
6230,超眾            ,152962,237000,-84038,0,0,0,36000,9000,27000,-1000,8000,22000,-14000,16000,3000,13000,-58038
058009,智易國票99購01  ,0,0,0,0,0,0,0,0,0,-59000,0,0,0,0,59000,-59000,-59000
058209,臺股指凱基01購01,0,0,0,0,0,0,0,0,0,-59000,0,0,0,0,59000,-59000,-59000
058249,緯穎元大99購04  ,0,0,0,0,0,0,0,0,0,-59000,0,0,0,12000,71000,-59000,-59000
05851P,力山群益97售01  ,0,0,0,0,0,0,0,0,0,-59000,0,0,0,6000,65000,-59000,-59000
05877P,大立光群益96售06,0,0,0,0,0,0,0,0,0,-59000,0,0,0,52000,111000,-59000,-59000
056967,奇鋐永豐98購01  ,0,0,0,0,0,0,0,0,0,-59000,0,0,0,108000,167000,-59000,-59000
057224,和碩日盛9A購01  ,0,0,0,0,0,0,0,0,0,-59000,0,0,0,206000,265000,-59000,-59000
049224,致新國票95購01  ,0,0,0,0,0,0,0,0,0,-59000,0,0,0,1000,60000,-59000,-59000
049524,可成兆豐95購02  ,0,0,0,0,0,0,0,0,0,-59000,0,0,0,0,59000,-59000,-59000
052483,超眾群益95購03  ,0,0,0,0,0,0,0,0,0,-59000,0,0,0,21000,80000,-59000,-59000
052831,華固群益96購01  ,0,0,0,0,0,0,0,0,0,-59000,0,0,0,0,59000,-59000,-59000
052724,力成統一97購01  ,0,0,0,0,0,0,0,0,0,-59000,0,0,0,10000,69000,-59000,-59000
055814,晶豪科國票97購02,0,0,0,0,0,0,0,0,0,-59000,0,0,0,26000,85000,-59000,-59000
053510,聯電群益97購01  ,0,0,0,0,0,0,0,0,0,-59000,0,0,0,1000,60000,-59000,-59000
054535,旺宏富邦97購02  ,0,0,0,0,0,0,0,0,0,-59000,0,0,0,10000,69000,-59000,-59000
054458,復盛群益96購01  ,0,0,0,0,0,0,0,0,0,-59000,0,0,0,32000,91000,-59000,-59000
06282P,聯鈞永豐97售02  ,0,0,0,0,0,0,0,0,0,-59000,0,0,0,40000,99000,-59000,-59000
2608,嘉里大榮        ,10000,68000,-58000,0,0,0,0,0,0,-1000,0,1000,-1000,0,0,0,-59000
056867,華通麥證98購01  ,0,0,0,20000,81000,-61000,0,0,0,-60000,0,0,0,21000,81000,-60000,-60000
056807,元油2X統一9B購01,0,0,0,0,0,0,0,0,0,-60000,0,0,0,0,60000,-60000,-60000
056323,旺宏兆豐98購01  ,0,0,0,0,0,0,0,0,0,-60000,0,0,0,0,60000,-60000,-60000
05852P,嘉晶群益96售01  ,0,0,0,0,0,0,0,0,0,-60000,0,0,0,0,60000,-60000,-60000
058381,元石油中信9C購01,0,0,0,0,0,0,0,0,0,-60000,0,0,0,0,60000,-60000,-60000
058193,緯穎永豐99購01  ,0,0,0,0,0,0,0,0,0,-60000,0,0,0,13000,73000,-60000,-60000
057588,南亞科國票99購01,0,0,0,0,0,0,0,0,0,-60000,0,0,0,0,60000,-60000,-60000
057547,技嘉凱基99購01  ,0,0,0,0,0,0,0,0,0,-60000,0,0,0,0,60000,-60000,-60000
049448,光磊統一94購01  ,0,0,0,0,0,0,0,0,0,-60000,0,0,0,20000,80000,-60000,-60000
048606,聯發科日盛93購02,0,0,0,0,0,0,0,0,0,-60000,0,0,0,200000,260000,-60000,-60000
049789,世紀鋼兆豐94購01,0,0,0,0,0,0,0,0,0,-60000,0,0,0,0,60000,-60000,-60000
049082,晶豪科凱基94購01,0,0,0,0,0,0,0,0,0,-60000,0,0,0,0,60000,-60000,-60000
047722,南電凱基94購02  ,0,0,0,0,0,0,0,0,0,-60000,0,0,0,24000,84000,-60000,-60000
049136,華通元大95購01  ,0,0,0,0,0,0,0,0,0,-60000,0,0,0,26000,86000,-60000,-60000
04476P,玉晶光元大94售05,0,0,0,0,0,0,0,0,0,-60000,0,0,0,0,60000,-60000,-60000
04699P,臺股指元富94售05,0,0,0,0,0,0,0,0,0,-60000,0,0,0,0,60000,-60000,-60000
044465,元油2X群益97購01,0,0,0,0,0,0,0,0,0,-60000,0,0,0,10000,70000,-60000,-60000
050940,嘉澤國票95購01  ,0,0,0,0,0,0,0,0,0,-60000,0,0,0,0,60000,-60000,-60000
050856,智邦台新95購01  ,0,0,0,0,0,0,0,0,0,-60000,0,0,0,0,60000,-60000,-60000
052903,致茂國票97購01  ,0,0,0,0,0,0,0,0,0,-60000,0,0,0,10000,70000,-60000,-60000
053047,寶成中信97購01  ,0,0,0,0,0,0,0,0,0,-60000,0,0,0,0,60000,-60000,-60000
05318P,臺股指永昌95售03,0,0,0,0,0,0,0,0,0,-60000,480000,0,480000,0,540000,-540000,-60000
053135,信邦國票96購01  ,0,0,0,0,0,0,0,0,0,-60000,0,0,0,10000,70000,-60000,-60000
053391,嘉聯益元大99購01,0,0,0,0,0,0,0,0,0,-60000,0,0,0,0,60000,-60000,-60000
051776,上証2X群益99購01,0,0,0,0,0,0,0,0,0,-60000,0,0,0,0,60000,-60000,-60000
05241P,鴻海國泰97售04  ,0,0,0,0,0,0,0,0,0,-60000,0,0,0,0,60000,-60000,-60000
05203P,華新科元大95售10,0,0,0,0,0,0,0,0,0,-60000,0,0,0,0,60000,-60000,-60000
050292,可成凱基94購11  ,0,0,0,0,0,0,0,0,0,-60000,0,0,0,0,60000,-60000,-60000
054675,美律台新98購01  ,0,0,0,0,0,0,0,0,0,-60000,0,0,0,0,60000,-60000,-60000
054642,訊芯中信9A購01  ,0,0,0,0,0,0,0,0,0,-60000,0,0,0,0,60000,-60000,-60000
05472P,國巨統一96售02  ,200000,0,200000,0,0,0,0,0,0,-260000,0,0,0,40000,300000,-260000,-60000
055736,宏達電元富99購01,0,0,0,0,0,0,0,0,0,-60000,0,0,0,40000,100000,-60000,-60000
056050,晶技國票98購01  ,0,0,0,0,0,0,0,0,0,-60000,0,0,0,108000,168000,-60000,-60000
056131,鴻海元大97購12  ,0,0,0,0,0,0,0,0,0,-60000,0,0,0,5000,65000,-60000,-60000
055873,聚陽元富97購01  ,0,0,0,0,0,0,0,0,0,-60000,0,0,0,188000,248000,-60000,-60000
055089,金寶群益98購01  ,0,0,0,0,0,0,0,0,0,-60000,0,0,0,10000,70000,-60000,-60000
055198,奇力新第一97購01,0,0,0,0,0,0,0,0,0,-60000,0,0,0,0,60000,-60000,-60000
2015,豐興            ,166000,226000,-60000,0,0,0,0,0,0,0,0,0,0,0,0,0,-60000
06998P,S&P正2中信9B售01,0,0,0,0,0,0,0,0,0,-60000,0,0,0,0,60000,-60000,-60000
06459P,亞德客元富98售01,0,0,0,0,0,0,0,0,0,-60000,0,0,0,34000,94000,-60000,-60000
06561P,台灣50國泰9A售01,0,0,0,0,0,0,0,0,0,-60000,0,0,0,0,60000,-60000,-60000
3605,宏致            ,108000,168000,-60000,0,0,0,0,0,0,0,0,0,0,0,0,0,-60000
3229,晟鈦            ,0,60000,-60000,0,0,0,0,0,0,0,0,0,0,0,0,0,-60000
057513,智邦台新98購01  ,0,0,0,0,0,0,0,0,0,-61000,0,0,0,165000,226000,-61000,-61000
057940,和大國票99購01  ,0,0,0,0,0,0,0,0,0,-61000,0,0,0,19000,80000,-61000,-61000
058261,大立光富邦03購01,0,0,0,0,0,0,0,0,0,-61000,0,0,0,0,61000,-61000,-61000
06063P,玉晶光元富97售01,0,0,0,0,0,0,0,0,0,-61000,0,0,0,69000,130000,-61000,-61000
05981P,可成永昌98售02  ,0,0,0,0,0,0,0,0,0,-61000,0,0,0,88000,149000,-61000,-61000
056157,聯詠凱基97購03  ,0,0,0,0,0,0,0,0,0,-61000,0,0,0,119000,180000,-61000,-61000
048527,鴻海國票94購02  ,0,0,0,0,0,0,0,0,0,-61000,0,0,0,91000,152000,-61000,-61000
051160,亞德客元大95購02,0,0,0,0,0,0,0,0,0,-61000,0,0,0,7000,68000,-61000,-61000
051654,致新永豐95購01  ,0,0,0,0,0,0,0,0,0,-61000,0,0,0,0,61000,-61000,-61000
051825,中環元大95購01  ,0,0,0,0,0,0,0,0,0,-61000,0,0,0,200000,261000,-61000,-61000
050128,旺宏凱基94購04  ,0,0,0,0,0,0,0,0,0,-61000,0,0,0,149000,210000,-61000,-61000
052681,T50反1元大98購02,0,0,0,0,0,0,0,0,0,-61000,0,0,0,10000,71000,-61000,-61000
054910,信錦凱基97購01  ,0,0,0,0,0,0,0,0,0,-61000,0,0,0,0,61000,-61000,-61000
055690,矽力凱基97購02  ,0,0,0,0,0,0,0,0,0,-61000,0,0,0,0,61000,-61000,-61000
055579,健策統一9A購01  ,0,0,0,0,0,0,0,0,0,-61000,0,0,0,204000,265000,-61000,-61000
054067,百和國票97購03  ,0,110000,-110000,0,0,0,0,0,0,49000,0,0,0,159000,110000,49000,-61000
06640P,國巨兆豐99售02  ,0,0,0,0,0,0,0,0,0,-61000,0,0,0,32000,93000,-61000,-61000
06843P,鴻海元大98售11  ,0,0,0,0,0,0,0,0,0,-61000,0,0,0,0,61000,-61000,-61000
06108P,奇力新群益97售05,0,0,0,0,0,0,0,0,0,-61000,0,0,0,70000,131000,-61000,-61000
00712,FH富時不動產    ,262,422000,-421738,0,0,0,0,0,0,360000,0,0,0,444000,84000,360000,-61738
05684P,臺股指元大96售09,0,0,0,0,0,0,0,0,0,-62000,0,0,0,10000,72000,-62000,-62000
056950,亞光統一99購01  ,0,0,0,0,0,0,0,0,0,-62000,0,0,0,7000,69000,-62000,-62000
057189,康控元大98購02  ,0,0,0,0,0,0,0,0,0,-62000,0,0,0,26000,88000,-62000,-62000
057862,智邦凱基99購01  ,0,0,0,0,0,0,0,0,0,-62000,0,0,0,261000,323000,-62000,-62000
057615,元油2X凱基98購02,0,0,0,0,0,0,0,0,0,-62000,0,0,0,50000,112000,-62000,-62000
047689,瑞昱富邦97購01  ,0,0,0,0,0,0,0,0,0,-62000,0,0,0,140000,202000,-62000,-62000
050565,矽格元富94購01  ,0,0,0,0,0,0,0,0,0,-62000,0,0,0,82000,144000,-62000,-62000
052864,奇力新凱基96購02,0,0,0,0,0,0,0,0,0,-62000,0,0,0,0,62000,-62000,-62000
051926,聯電中信97購01  ,0,0,0,0,0,0,0,0,0,-62000,0,0,0,48000,110000,-62000,-62000
052142,滬深2X群益99購04,0,0,0,0,0,0,0,0,0,-62000,0,0,0,115000,177000,-62000,-62000
054081,聯電元富96購01  ,0,0,0,0,0,0,0,0,0,-62000,0,0,0,35000,97000,-62000,-62000
06296P,燿華元大98售01  ,0,0,0,0,0,0,0,0,0,-62000,0,0,0,16000,78000,-62000,-62000
1733,五鼎            ,13000,78000,-65000,0,0,0,0,0,0,3000,3000,0,3000,0,0,0,-62000
057575,世紀鋼永豐98購02,0,0,0,0,0,0,0,0,0,-63000,0,0,0,20000,83000,-63000,-63000
056943,華通統一99購01  ,0,0,0,0,0,0,0,0,0,-63000,0,0,0,0,63000,-63000,-63000
056843,冠德元富98購01  ,0,0,0,0,0,0,0,0,0,-63000,0,0,0,160000,223000,-63000,-63000
050243,華新科凱基94購10,0,0,0,0,0,0,0,0,0,-63000,0,0,0,235000,298000,-63000,-63000
04857P,美律元富94售01  ,0,0,0,0,0,0,0,0,0,-63000,0,0,0,60000,123000,-63000,-63000
04185P,欣興統一93售05  ,0,0,0,0,0,0,0,0,0,-63000,0,0,0,19000,82000,-63000,-63000
052468,超眾統一96購02  ,0,0,0,0,0,0,0,0,0,-63000,0,0,0,0,63000,-63000,-63000
054059,欣興國票97購03  ,0,0,0,0,0,0,0,0,0,-63000,0,0,0,5000,68000,-63000,-63000
054831,緯穎國泰98購01  ,0,0,0,0,0,0,0,0,0,-63000,0,0,0,94000,157000,-63000,-63000
055712,金寶元大97購02  ,0,0,0,0,0,0,0,0,0,-63000,0,0,0,11000,74000,-63000,-63000
056106,晶相光永豐97購02,0,0,0,0,0,0,0,0,0,-63000,0,0,0,218000,281000,-63000,-63000
06461P,玉晶光國泰9A售01,0,0,0,0,0,0,0,0,0,-63000,0,0,0,14000,77000,-63000,-63000
057266,TPK兆豐98購02   ,0,0,0,0,0,0,0,0,0,-64000,0,0,0,20000,84000,-64000,-64000
057288,聯茂元大98購03  ,0,0,0,0,0,0,0,0,0,-64000,0,0,0,23000,87000,-64000,-64000
056318,鴻海群益98購02  ,0,0,0,0,0,0,0,0,0,-64000,0,0,0,73000,137000,-64000,-64000
057587,微星國票99購01  ,0,0,0,0,0,0,0,0,0,-64000,0,0,0,0,64000,-64000,-64000
047930,嘉澤凱基93購03  ,0,0,0,0,0,0,0,0,0,-64000,0,0,0,30000,94000,-64000,-64000
051015,南亞科凱基95購04,0,0,0,0,0,0,0,0,0,-64000,0,0,0,76000,140000,-64000,-64000
055602,康控元大97購03  ,0,0,0,0,0,0,0,0,0,-64000,0,0,0,46000,110000,-64000,-64000
055647,義隆元富97購01  ,0,0,0,0,0,0,0,0,0,-64000,0,0,0,0,64000,-64000,-64000
055205,京鼎中信99購01  ,0,0,0,0,0,0,0,0,0,-64000,0,0,0,0,64000,-64000,-64000
055277,旺宏元大97購04  ,0,0,0,0,0,0,0,0,0,-64000,0,0,0,13000,77000,-64000,-64000
054304,台積電凱基96購23,0,0,0,0,0,0,0,0,0,-64000,0,0,0,4000,68000,-64000,-64000
053825,南電群益96購02  ,0,0,0,0,0,0,0,0,0,-64000,0,0,0,70000,134000,-64000,-64000
06197P,國巨元大97售08  ,0,0,0,0,0,0,0,0,0,-64000,0,0,0,330000,394000,-64000,-64000
06208P,台郡凱基97售03  ,0,0,0,0,0,0,0,0,0,-64000,0,0,0,41000,105000,-64000,-64000
6206,飛捷            ,4000,68000,-64000,0,0,0,0,0,0,0,0,0,0,0,0,0,-64000
057620,康控凱基99購01  ,0,0,0,0,0,0,0,0,0,-65000,0,0,0,573000,638000,-65000,-65000
05659P,A50正2中信97售01,0,0,0,0,0,0,0,0,0,-65000,0,0,0,0,65000,-65000,-65000
057146,技嘉國票98購01  ,0,0,0,0,0,0,0,0,0,-65000,0,0,0,40000,105000,-65000,-65000
057029,緯穎凱基98購04  ,0,0,0,0,0,0,0,0,0,-65000,0,0,0,1000,66000,-65000,-65000
048533,景碩國票94購01  ,0,0,0,0,0,0,0,0,0,-65000,0,0,0,5000,70000,-65000,-65000
049804,華固元大94購01  ,0,0,0,0,0,0,0,0,0,-65000,0,0,0,21000,86000,-65000,-65000
03996P,旺宏國泰95售01  ,0,0,0,0,0,0,0,0,0,-65000,0,0,0,0,65000,-65000,-65000
04454P,大立光富邦98售02,0,0,0,0,0,0,0,0,0,-65000,0,0,0,5000,70000,-65000,-65000
05178P,大立光凱基96售05,0,0,0,0,0,0,0,0,0,-65000,0,0,0,300000,365000,-65000,-65000
053066,欣興群益96購02  ,0,0,0,0,0,0,0,0,0,-65000,0,0,0,19000,84000,-65000,-65000
053338,台光電國票97購01,0,0,0,0,0,0,0,0,0,-65000,0,0,0,10000,75000,-65000,-65000
05337P,臺股指國票95售06,0,0,0,0,0,0,0,0,0,-65000,0,0,0,0,65000,-65000,-65000
054154,智易國泰97購01  ,0,0,0,0,0,0,0,0,0,-65000,0,0,0,50000,115000,-65000,-65000
055282,聯發科元大97購15,0,0,0,0,0,0,0,0,0,-65000,0,0,0,130000,195000,-65000,-65000
055343,國巨凱基97購03  ,0,0,0,0,0,0,0,0,0,-65000,0,0,0,5000,70000,-65000,-65000
055114,新日興凱基98購01,0,0,0,0,0,0,0,0,0,-65000,0,0,0,67000,132000,-65000,-65000
06321P,台積電統一98售03,0,0,0,0,0,0,0,0,0,-65000,0,0,0,0,65000,-65000,-65000
1531,高林股          ,0,65000,-65000,0,0,0,0,0,0,0,0,0,0,0,0,0,-65000
057283,欣興元大98購07  ,0,0,0,0,0,0,0,0,0,-66000,0,0,0,25000,91000,-66000,-66000
057340,玉晶光元富98購04,0,0,0,0,0,0,0,0,0,-66000,0,0,0,71000,137000,-66000,-66000
056735,國巨凱基99購02  ,0,0,0,0,0,0,0,0,0,-66000,0,0,0,2000,68000,-66000,-66000
057874,可成元大99購02  ,0,0,0,0,0,0,0,0,0,-66000,0,0,0,180000,246000,-66000,-66000
058022,樺漢凱基99購02  ,0,0,0,0,0,0,0,0,0,-66000,0,0,0,0,66000,-66000,-66000
058121,國巨國票9A購01  ,0,0,0,0,0,0,0,0,0,-66000,0,0,0,100000,166000,-66000,-66000
048798,華新科國泰95購01,0,0,0,0,0,0,0,0,0,-66000,0,0,0,30000,96000,-66000,-66000
047833,全新元大94購02  ,0,0,0,0,0,0,0,0,0,-66000,0,0,0,0,66000,-66000,-66000
052747,京鼎元大97購01  ,0,0,0,0,0,0,0,0,0,-66000,0,0,0,0,66000,-66000,-66000
050686,欣興兆豐96購01  ,0,0,0,0,0,0,0,0,0,-66000,0,0,0,18000,84000,-66000,-66000
051685,台光電凱基95購01,0,0,0,0,0,0,0,0,0,-66000,0,0,0,100000,166000,-66000,-66000
051598,瑞昱兆豐95購01  ,0,0,0,0,0,0,0,0,0,-66000,0,0,0,29000,95000,-66000,-66000
056101,光磊永豐98購01  ,0,0,0,0,0,0,0,0,0,-66000,0,0,0,0,66000,-66000,-66000
056140,康控元大98購01  ,0,0,0,0,0,0,0,0,0,-66000,0,0,0,55000,121000,-66000,-66000
06126P,凌陽元富97售02  ,0,0,0,0,0,0,0,0,0,-66000,0,0,0,14000,80000,-66000,-66000
06498P,臺股指元大9A售03,0,0,0,0,0,0,0,0,0,-66000,0,0,0,155000,221000,-66000,-66000
06599P,宏達電永豐98售02,0,0,0,0,0,0,0,0,0,-66000,0,0,0,0,66000,-66000,-66000
058270,上緯控永豐99購01,0,0,0,0,0,0,0,0,0,-67000,0,0,0,100000,167000,-67000,-67000
05991P,聯茂群益96售05  ,0,0,0,0,0,0,0,0,0,-67000,0,0,0,10000,77000,-67000,-67000
056327,樺漢兆豐98購01  ,0,0,0,0,0,0,0,0,0,-67000,0,0,0,10000,77000,-67000,-67000
049694,華新科元大95購06,0,0,0,0,0,0,0,0,0,-67000,0,0,0,15000,82000,-67000,-67000
047404,香港2X統一94購01,0,0,0,0,0,0,0,0,0,-67000,0,0,0,0,67000,-67000,-67000
045618,元油2X永豐98購01,0,0,0,0,0,0,0,0,0,-67000,0,0,0,75000,142000,-67000,-67000
050632,國巨群益94購07  ,0,0,0,0,0,0,0,0,0,-67000,0,0,0,16000,83000,-67000,-67000
050810,鴻海凱基95購09  ,0,0,0,0,0,0,0,0,0,-67000,0,0,0,1000,68000,-67000,-67000
053744,台郡國票97購03  ,0,0,0,0,0,0,0,0,0,-67000,0,0,0,25000,92000,-67000,-67000
054456,華泰群益99購01  ,0,0,0,0,0,0,0,0,0,-67000,0,0,0,0,67000,-67000,-67000
054442,啟碁台新96購01  ,0,0,0,0,0,0,0,0,0,-67000,0,0,0,0,67000,-67000,-67000
056370,台郡元大98購03  ,0,0,0,0,0,0,0,0,0,-68000,0,0,0,7000,75000,-68000,-68000
056396,祥碩永豐98購01  ,0,0,0,0,0,0,0,0,0,-68000,0,0,0,164000,232000,-68000,-68000
056287,亞光永豐97購02  ,0,0,0,0,0,0,0,0,0,-68000,0,0,0,12000,80000,-68000,-68000
056227,奇力新凱基98購04,0,0,0,0,0,0,0,0,0,-68000,0,0,0,0,68000,-68000,-68000
056714,晶相光永豐98購02,0,0,0,0,0,0,0,0,0,-68000,0,0,0,59000,127000,-68000,-68000
056610,鴻海永豐98購01  ,0,0,0,0,0,0,0,0,0,-68000,0,0,0,3000,71000,-68000,-68000
057236,聯詠凱基98購03  ,0,0,0,0,0,0,0,0,0,-68000,0,0,0,0,68000,-68000,-68000
056899,可成元大98購01  ,0,0,0,0,0,0,0,0,0,-68000,0,0,0,13000,81000,-68000,-68000
058018,南亞科凱基99購03,0,0,0,0,0,0,0,0,0,-68000,0,0,0,0,68000,-68000,-68000
057985,華通元富02購03  ,0,0,0,0,0,0,0,0,0,-68000,0,0,0,0,68000,-68000,-68000
057419,奇力新凱基98購06,0,0,0,0,0,0,0,0,0,-68000,0,0,0,0,68000,-68000,-68000
045173,A50正2國票95購01,0,0,0,0,0,0,0,0,0,-68000,0,0,0,2000,70000,-68000,-68000
047542,華通凱基94購02  ,0,0,0,0,0,0,0,0,0,-68000,0,0,0,0,68000,-68000,-68000
049375,大立光元大94購13,0,0,0,0,0,0,0,0,0,-68000,0,0,0,0,68000,-68000,-68000
048509,上証反凱基99購02,0,0,0,0,0,0,0,0,0,-68000,0,0,0,0,68000,-68000,-68000
051031,康友元富95購02  ,0,0,0,0,0,0,0,0,0,-68000,0,0,0,20000,88000,-68000,-68000
051024,南亞科統一95購01,0,0,0,0,0,0,0,0,0,-68000,0,0,0,0,68000,-68000,-68000
051340,健策永豐95購03  ,0,0,0,0,0,0,0,0,0,-68000,0,0,0,0,68000,-68000,-68000
052715,可成凱基96購01  ,0,0,0,0,0,0,0,0,0,-68000,0,0,0,0,68000,-68000,-68000
053422,可成永豐96購01  ,0,0,0,0,0,0,0,0,0,-68000,0,0,0,0,68000,-68000,-68000
053037,國巨凱基96購08  ,0,0,0,0,0,0,0,0,0,-68000,0,0,0,25000,93000,-68000,-68000
051675,瑞儀元大96購02  ,0,0,0,0,0,0,0,0,0,-68000,0,0,0,0,68000,-68000,-68000
052511,聯發科凱基95購14,0,0,0,0,0,0,0,0,0,-68000,0,0,0,0,68000,-68000,-68000
050127,台積電凱基94購31,0,0,0,0,0,0,0,0,0,-68000,0,0,0,0,68000,-68000,-68000
049977,瑞昱凱基94購03  ,0,0,0,0,0,0,0,0,0,-68000,0,0,0,0,68000,-68000,-68000
051250,大立光元大98購01,0,0,0,0,0,0,0,0,0,-68000,0,0,0,0,68000,-68000,-68000
054520,健鼎元大96購02  ,0,0,0,0,0,0,0,0,0,-68000,0,0,0,34000,102000,-68000,-68000
054143,茂林元大96購04  ,0,0,0,0,0,0,0,0,0,-68000,0,0,0,89000,157000,-68000,-68000
053994,微星群益96購01  ,0,0,0,0,0,0,0,0,0,-68000,0,0,0,0,68000,-68000,-68000
056133,可成元大97購05  ,0,0,0,0,0,0,0,0,0,-68000,0,0,0,130000,198000,-68000,-68000
055961,國泰金元大97購01,0,0,0,0,0,0,0,0,0,-68000,0,0,0,0,68000,-68000,-68000
055109,正崴凱基98購01  ,0,0,0,0,0,0,0,0,0,-68000,0,0,0,0,68000,-68000,-68000
055143,臻鼎永豐97購01  ,0,0,0,0,0,0,0,0,0,-68000,0,0,0,0,68000,-68000,-68000
055347,台積電凱基97購10,0,0,0,0,0,0,0,0,0,-68000,0,0,0,0,68000,-68000,-68000
055197,致新元富97購02  ,0,0,0,0,0,0,0,0,0,-68000,0,0,0,80000,148000,-68000,-68000
055475,臻鼎凱基97購02  ,0,0,0,0,0,0,0,0,0,-68000,0,0,0,43000,111000,-68000,-68000
057918,旺宏凱基99購01  ,0,0,0,0,0,0,0,0,0,-69000,0,0,0,1000,70000,-69000,-69000
056641,華通凱基98購03  ,0,0,0,0,0,0,0,0,0,-69000,0,0,0,10000,79000,-69000,-69000
056271,嘉澤統一97購01  ,0,0,0,0,0,0,0,0,0,-69000,0,0,0,10000,79000,-69000,-69000
049434,茂林國票95購01  ,0,0,0,0,0,0,0,0,0,-69000,0,0,0,0,69000,-69000,-69000
049114,玉晶光統一94購02,0,0,0,0,0,0,0,0,0,-69000,0,0,0,462000,531000,-69000,-69000
049152,大立光元大95購06,0,0,0,0,0,0,0,0,0,-69000,0,0,0,24000,93000,-69000,-69000
053005,微星永豐96購01  ,0,0,0,0,0,0,0,0,0,-69000,0,0,0,0,69000,-69000,-69000
055142,健策永豐98購01  ,0,0,0,0,0,0,0,0,0,-69000,0,0,0,0,69000,-69000,-69000
055962,晶豪科元大97購02,0,0,0,0,0,0,0,0,0,-69000,0,0,0,0,69000,-69000,-69000
056087,世芯統一97購01  ,0,0,0,0,0,0,0,0,0,-69000,0,0,0,265000,334000,-69000,-69000
054140,智易元大97購03  ,0,0,0,0,0,0,0,0,0,-69000,0,0,0,0,69000,-69000,-69000
054055,全新國票99購02  ,0,0,0,0,0,0,0,0,0,-69000,0,0,0,50000,119000,-69000,-69000
053669,台積電統一96購08,0,0,0,0,0,0,0,0,0,-69000,0,0,0,10000,79000,-69000,-69000
053536,明泰永豐96購01  ,0,0,0,0,0,0,0,0,0,-69000,0,0,0,0,69000,-69000,-69000
056364,亞光元大99購02  ,0,0,0,0,0,0,0,0,0,-70000,0,0,0,30000,100000,-70000,-70000
056599,臻鼎元富98購01  ,0,0,0,0,0,0,0,0,0,-70000,0,0,0,30000,100000,-70000,-70000
056706,元油2X富邦9B購01,0,0,0,0,0,0,0,0,0,-70000,0,0,0,30000,100000,-70000,-70000
057063,立積國泰9A購01  ,0,0,0,0,0,0,0,0,0,-70000,0,0,0,61000,131000,-70000,-70000
057284,新日興元大98購03,0,0,0,0,0,0,0,0,0,-70000,0,0,0,50000,120000,-70000,-70000
057141,嘉聯益兆豐99購01,0,0,0,0,0,0,0,0,0,-70000,0,0,0,0,70000,-70000,-70000
057838,台郡國泰99購01  ,0,0,0,0,0,0,0,0,0,-70000,0,0,0,16000,86000,-70000,-70000
057715,聯發科統一99購03,0,0,0,0,0,0,0,0,0,-70000,0,0,0,0,70000,-70000,-70000
057480,技嘉元大98購03  ,0,0,0,0,0,0,0,0,0,-70000,0,0,0,12000,82000,-70000,-70000
057477,智邦元大98購09  ,0,0,0,0,0,0,0,0,0,-70000,0,0,0,51000,121000,-70000,-70000
057471,昇陽半永豐98購02,0,0,0,0,0,0,0,0,0,-70000,0,0,0,0,70000,-70000,-70000
058039,元石油元大98購03,0,0,0,0,0,0,0,0,0,-70000,0,0,0,0,70000,-70000,-70000
058242,玉晶光元大9A購01,0,0,0,0,0,0,0,0,0,-70000,0,0,0,0,70000,-70000,-70000
058445,旺宏富邦9C購01  ,0,0,0,0,0,0,0,0,0,-70000,0,0,0,0,70000,-70000,-70000
04664P,臺股指國票94售03,0,0,0,0,0,0,0,0,0,-70000,0,0,0,0,70000,-70000,-70000
04738P,揚明光永豐94售03,0,0,0,0,0,0,0,0,0,-70000,0,0,0,0,70000,-70000,-70000
046939,燿華元大96購01  ,0,0,0,0,0,0,0,0,0,-70000,0,0,0,47000,117000,-70000,-70000
04897P,喬山中信94售01  ,0,0,0,0,0,0,0,0,0,-70000,0,0,0,0,70000,-70000,-70000
048860,玉晶光群益96購03,0,0,0,0,0,0,0,0,0,-70000,0,0,0,93000,163000,-70000,-70000
051097,嘉聯益元大96購02,0,0,0,0,0,0,0,0,0,-70000,0,0,0,100000,170000,-70000,-70000
048268,長榮航中信95購01,0,0,0,0,0,0,0,0,0,-70000,0,0,0,0,70000,-70000,-70000
048181,A50正2群益95購01,0,0,0,0,0,0,0,0,0,-70000,0,0,0,0,70000,-70000,-70000
053044,南茂凱基96購02  ,0,0,0,0,0,0,0,0,0,-70000,0,0,0,30000,100000,-70000,-70000
05291P,鴻海凱基95售16  ,0,0,0,0,0,0,0,0,0,-70000,0,0,0,30000,100000,-70000,-70000
053163,上証2X群益9A購02,0,0,0,0,0,0,0,0,0,-70000,0,0,0,0,70000,-70000,-70000
053293,聯發科中信9B購01,0,0,0,0,0,0,0,0,0,-70000,0,0,0,18000,88000,-70000,-70000
050637,欣興國票94購02  ,0,0,0,0,0,0,0,0,0,-70000,0,0,0,0,70000,-70000,-70000
050726,可成國票96購01  ,0,0,0,0,0,0,0,0,0,-70000,0,0,0,0,70000,-70000,-70000
050464,華通國泰95購01  ,0,0,0,0,0,0,0,0,0,-70000,0,0,0,0,70000,-70000,-70000
049919,美食元大94購03  ,0,0,0,0,0,0,0,0,0,-70000,0,0,0,0,70000,-70000,-70000
050261,國巨元大95購04  ,0,0,0,0,0,0,0,0,0,-70000,0,0,0,76000,146000,-70000,-70000
051969,世紀鋼永豐95購01,0,0,0,0,0,0,0,0,0,-70000,0,0,0,52000,122000,-70000,-70000
054021,義隆台新96購01  ,0,0,0,0,0,0,0,0,0,-70000,0,0,0,25000,95000,-70000,-70000
053984,康友元大96購05  ,0,0,0,0,0,0,0,0,0,-70000,0,0,0,15000,85000,-70000,-70000
054587,玉晶光國泰99購01,0,0,0,0,0,0,0,0,0,-70000,0,0,0,64000,134000,-70000,-70000
054658,道瓊銀元大9A購01,0,0,0,0,0,0,0,0,0,-70000,0,0,0,0,70000,-70000,-70000
056109,彩晶永豐98購01  ,0,0,0,0,0,0,0,0,0,-70000,0,0,0,27000,97000,-70000,-70000
056040,亞光凱基98購01  ,0,0,0,0,0,0,0,0,0,-70000,0,0,0,0,70000,-70000,-70000
055927,南亞科群益97購01,0,0,0,0,0,0,0,0,0,-70000,0,0,0,0,70000,-70000,-70000
055132,台虹康和97購01  ,0,0,0,0,0,0,0,0,0,-70000,0,0,0,39000,109000,-70000,-70000
055452,台積電元富97購03,0,0,0,0,0,0,0,0,0,-70000,0,0,0,30000,100000,-70000,-70000
055435,佳世達中信99購01,0,0,0,0,0,0,0,0,0,-70000,0,0,0,48000,118000,-70000,-70000
06715P,台積電元大99售04,0,0,0,0,0,0,0,0,0,-70000,0,0,0,876000,946000,-70000,-70000
06950P,鴻海統一9B售02  ,0,0,0,0,0,0,0,0,0,-70000,0,0,0,3000,73000,-70000,-70000
05930P,景碩康和96售01  ,0,0,0,0,0,0,0,0,0,-71000,0,0,0,0,71000,-71000,-71000
057984,聯發科台新98購01,0,0,0,0,0,0,0,0,0,-71000,0,0,0,0,71000,-71000,-71000
057924,健策凱基98購02  ,0,0,0,0,0,0,0,0,0,-71000,0,0,0,0,71000,-71000,-71000
057007,奇力新中信98購04,0,0,0,0,0,0,0,0,0,-71000,0,0,0,0,71000,-71000,-71000
056931,智原台新98購01  ,0,0,0,0,0,0,0,0,0,-71000,0,0,0,0,71000,-71000,-71000
056152,可成凱基97購02  ,0,0,0,0,0,0,0,0,0,-71000,0,0,0,13000,84000,-71000,-71000
050214,嘉晶台新94購01  ,0,0,0,0,0,0,0,0,0,-71000,0,0,0,50000,121000,-71000,-71000
04940P,台積電國票95售02,0,0,0,0,0,0,0,0,0,-71000,0,0,0,50000,121000,-71000,-71000
046906,新光金凱基99購02,0,0,0,0,0,0,0,0,0,-71000,0,0,0,0,71000,-71000,-71000
047295,欣興元富96購02  ,0,0,0,0,0,0,0,0,0,-71000,0,0,0,0,71000,-71000,-71000
050836,緯穎凱基95購01  ,0,0,0,0,0,0,0,0,0,-71000,0,0,0,35000,106000,-71000,-71000
055232,泰碩國票98購01  ,0,0,0,0,0,0,0,0,0,-71000,0,0,0,193000,264000,-71000,-71000
055837,致茂元大97購02  ,0,0,0,0,0,0,0,0,0,-71000,0,0,0,0,71000,-71000,-71000
054694,聯鈞永豐97購01  ,0,0,0,0,0,0,0,0,0,-71000,0,0,0,46000,117000,-71000,-71000
054406,旺宏國票98購01  ,0,0,0,0,0,0,0,0,0,-71000,0,0,0,57000,128000,-71000,-71000
054068,華通國泰96購02  ,0,0,0,0,0,0,0,0,0,-71000,0,0,0,25000,96000,-71000,-71000
06217P,鴻海元富97售05  ,0,0,0,0,0,0,0,0,0,-71000,0,0,0,20000,91000,-71000,-71000
056324,南亞科兆豐98購01,0,0,0,0,0,0,0,0,0,-72000,0,0,0,5000,77000,-72000,-72000
056769,國產元大98購01  ,0,0,0,0,0,0,0,0,0,-72000,0,0,0,0,72000,-72000,-72000
057136,立積凱基98購02  ,0,0,0,0,0,0,0,0,0,-72000,0,0,0,127000,199000,-72000,-72000
057333,智邦國票99購01  ,0,0,0,0,0,0,0,0,0,-72000,0,0,0,134000,206000,-72000,-72000
057397,茂林中信9A購01  ,0,0,0,0,0,0,0,0,0,-72000,0,0,0,50000,122000,-72000,-72000
057674,台郡元大99購03  ,0,0,0,0,0,0,0,0,0,-72000,0,0,0,149000,221000,-72000,-72000
058211,國巨群益9A購02  ,0,0,0,0,0,0,0,0,0,-72000,0,0,0,10000,82000,-72000,-72000
058314,欣興富邦9B購01  ,0,0,0,0,0,0,0,0,0,-72000,0,0,0,3000,75000,-72000,-72000
052733,台郡國泰97購01  ,0,0,0,0,0,0,0,0,0,-72000,0,0,0,110000,182000,-72000,-72000
051789,嘉澤國票96購01  ,0,0,0,0,0,0,0,0,0,-72000,0,0,0,0,72000,-72000,-72000
054234,可成群益96購05  ,0,0,0,0,0,0,0,0,0,-72000,0,0,0,42000,114000,-72000,-72000
055519,茂林中信99購01  ,0,0,0,0,0,0,0,0,0,-72000,0,0,0,20000,92000,-72000,-72000
055716,致茂元大97購01  ,0,0,0,0,0,0,0,0,0,-72000,0,0,0,5000,77000,-72000,-72000
055739,健鼎元富97購01  ,0,0,0,0,0,0,0,0,0,-72000,0,0,0,73000,145000,-72000,-72000
5305,敦南            ,43000,28000,15000,0,0,0,0,87000,-87000,0,0,0,0,0,0,0,-72000
046298,聯發科富邦94購01,0,0,0,0,0,0,0,0,0,-73000,0,0,0,308000,381000,-73000,-73000
050441,和碩凱基94購01  ,0,0,0,0,0,0,0,0,0,-73000,0,0,0,224000,297000,-73000,-73000
050495,大立光永昌96購01,0,0,0,0,0,0,0,0,0,-73000,0,0,0,505000,578000,-73000,-73000
049913,微星元大94購01  ,0,0,0,0,0,0,0,0,0,-73000,0,0,0,10000,83000,-73000,-73000
052501,茂林永豐95購04  ,0,0,0,0,0,0,0,0,0,-73000,0,0,0,1000,74000,-73000,-73000
051555,聯茂永豐95購01  ,0,0,0,0,0,0,0,0,0,-73000,0,0,0,60000,133000,-73000,-73000
052621,台郡富邦97購01  ,0,0,0,0,0,0,0,0,0,-73000,0,0,0,106000,179000,-73000,-73000
055635,緯穎永豐97購01  ,0,0,0,0,0,0,0,0,0,-73000,0,0,0,40000,113000,-73000,-73000
056134,可成元大97購06  ,0,0,0,0,0,0,0,0,0,-73000,0,0,0,183000,256000,-73000,-73000
055215,智邦凱基98購02  ,0,0,0,0,0,0,0,0,0,-73000,0,0,0,62000,135000,-73000,-73000
055515,聚陽中信9A購01  ,0,0,0,0,0,0,0,0,0,-73000,0,0,0,190000,263000,-73000,-73000
054454,滬深2X群益96購04,0,0,0,0,0,0,0,0,0,-73000,0,0,0,47000,120000,-73000,-73000
06653P,美食元大98售02  ,0,0,0,0,0,0,0,0,0,-73000,0,0,0,5000,78000,-73000,-73000
4943,康控-KY         ,290202,391000,-100798,0,0,0,0,0,0,27000,30000,1000,29000,21000,23000,-2000,-73798
05946P,和碩中信96售01  ,0,0,0,0,0,0,0,0,0,-74000,0,0,0,0,74000,-74000,-74000
058289,奇鋐國票9A購01  ,0,0,0,0,0,0,0,0,0,-74000,0,0,0,0,74000,-74000,-74000
058111,健鼎元富98購01  ,0,0,0,0,0,0,0,0,0,-74000,0,0,0,24000,98000,-74000,-74000
057536,康控元大99購03  ,0,0,0,0,0,0,0,0,0,-74000,0,0,0,43000,117000,-74000,-74000
057770,亞德客群益98購01,0,0,0,0,0,0,0,0,0,-74000,0,0,0,29000,103000,-74000,-74000
05625P,國巨國票97售01  ,0,0,0,0,0,0,0,0,0,-74000,0,0,0,59000,133000,-74000,-74000
045750,鈺齊富邦94購01  ,0,0,0,0,0,0,0,0,0,-74000,0,0,0,10000,84000,-74000,-74000
048315,聯發科凱基93購32,0,0,0,0,0,0,0,0,0,-74000,0,0,0,10000,84000,-74000,-74000
049031,矽格群益94購01  ,0,0,0,0,0,0,0,0,0,-74000,0,0,0,11000,85000,-74000,-74000
051535,新日興國票96購01,0,0,0,0,0,0,0,0,0,-74000,0,0,0,6000,80000,-74000,-74000
050627,華通中信94購02  ,0,0,0,0,0,0,0,0,0,-74000,0,0,0,35000,109000,-74000,-74000
050881,大立光元富95購04,0,0,0,0,0,0,0,0,0,-74000,0,0,0,7000,81000,-74000,-74000
054300,華通凱基96購07  ,0,0,0,0,0,0,0,0,0,-74000,0,0,0,0,74000,-74000,-74000
054670,康友元富97購01  ,0,0,0,0,0,0,0,0,0,-74000,0,0,0,6000,80000,-74000,-74000
053985,矽創元大96購02  ,0,0,0,0,0,0,0,0,0,-74000,0,0,0,233000,307000,-74000,-74000
055324,TPK國票98購03   ,0,0,0,0,0,0,0,0,0,-74000,0,0,0,0,74000,-74000,-74000
055699,康控國票97購04  ,0,0,0,0,0,0,0,0,0,-74000,0,0,0,10000,84000,-74000,-74000
06927P,台灣50元大9B售03,0,0,0,0,0,0,0,0,0,-74000,0,0,0,25000,99000,-74000,-74000
5388,中磊            ,559212,636000,-76788,0,0,0,0,0,0,2000,0,0,0,7000,5000,2000,-74788
056519,創意國票99購01  ,0,0,0,0,0,0,0,0,0,-75000,0,0,0,0,75000,-75000,-75000
057293,力成國泰99購01  ,0,0,0,0,0,0,0,0,0,-75000,0,0,0,0,75000,-75000,-75000
056880,緯穎國票98購02  ,0,0,0,0,0,0,0,0,0,-75000,0,0,0,0,75000,-75000,-75000
057734,訊芯國泰9A購01  ,0,0,0,0,0,0,0,0,0,-75000,0,0,0,0,75000,-75000,-75000
057843,晶技永豐98購02  ,0,0,0,0,0,0,0,0,0,-75000,0,0,0,22000,97000,-75000,-75000
058283,世紀鋼中信99購01,0,0,0,0,0,0,0,0,0,-75000,0,0,0,0,75000,-75000,-75000
058337,日月光元富99購01,0,0,0,0,0,0,0,0,0,-75000,0,0,0,0,75000,-75000,-75000
05906P,國巨元富96售05  ,0,0,0,0,0,0,0,0,0,-75000,0,0,0,25000,100000,-75000,-75000
048938,玉晶光永豐95購02,0,0,0,0,0,0,0,0,0,-75000,0,0,0,11000,86000,-75000,-75000
046703,瑞昱元富95購01  ,0,0,0,0,0,0,0,0,0,-75000,0,0,0,8000,83000,-75000,-75000
049233,聯發科統一94購04,0,0,0,0,0,0,0,0,0,-75000,0,0,0,126000,201000,-75000,-75000
04586P,光罩永豐94售02  ,0,0,0,0,0,0,0,0,0,-75000,0,0,0,0,75000,-75000,-75000
051042,中磊永豐95購01  ,0,0,0,0,0,0,0,0,0,-75000,0,0,0,0,75000,-75000,-75000
050791,聯發科富邦96購01,0,0,0,0,0,0,0,0,0,-75000,0,0,0,23000,98000,-75000,-75000
050703,矽格凱基94購02  ,0,0,0,0,0,0,0,0,0,-75000,0,0,0,0,75000,-75000,-75000
052570,華新科凱基96購06,0,0,0,0,0,0,0,0,0,-75000,0,0,0,3000,78000,-75000,-75000
050377,華通第一94購01  ,0,0,0,0,0,0,0,0,0,-75000,0,0,0,3000,78000,-75000,-75000
055729,金寶元富99購01  ,0,0,0,0,0,0,0,0,0,-75000,0,0,0,17000,92000,-75000,-75000
05534P,元油反元大96售06,0,0,0,0,0,0,0,0,0,-75000,0,0,0,0,75000,-75000,-75000
055451,台積電元富97購02,0,0,0,0,0,0,0,0,0,-75000,0,0,0,70000,145000,-75000,-75000
054156,聯電亞東98購01  ,0,0,0,0,0,0,0,0,0,-75000,0,0,0,20000,95000,-75000,-75000
05364P,臺股指富邦95售04,0,0,0,0,0,0,0,0,0,-75000,0,0,0,30000,105000,-75000,-75000
053812,台積電群益96購09,0,0,0,0,0,0,0,0,0,-75000,0,0,0,25000,100000,-75000,-75000
054627,義隆凱基98購01  ,0,0,0,0,0,0,0,0,0,-75000,0,0,0,1000,76000,-75000,-75000
054347,上緯控國票96購02,0,0,0,0,0,0,0,0,0,-75000,0,0,0,30000,105000,-75000,-75000
054464,奇力新凱基98購02,0,0,0,0,0,0,0,0,0,-75000,0,0,0,5000,80000,-75000,-75000
06007P,世芯永豐96售01  ,0,0,0,0,0,0,0,0,0,-76000,0,0,0,97000,173000,-76000,-76000
057927,勤誠凱基98購01  ,0,0,0,0,0,0,0,0,0,-76000,0,0,0,6000,82000,-76000,-76000
057785,智邦國票99購02  ,0,0,0,0,0,0,0,0,0,-76000,0,0,0,0,76000,-76000,-76000
057430,富邦金兆豐98購01,0,0,0,0,0,0,0,0,0,-76000,0,0,0,0,76000,-76000,-76000
057583,啟碁中信9A購01  ,0,0,0,0,0,0,0,0,0,-76000,0,0,0,0,76000,-76000,-76000
057056,立積元大99購02  ,0,0,0,0,0,0,0,0,0,-76000,0,0,0,11000,87000,-76000,-76000
057251,泰鼎統一98購02  ,0,0,0,0,0,0,0,0,0,-76000,0,0,0,0,76000,-76000,-76000
049123,可成元富94購01  ,0,0,0,0,0,0,0,0,0,-76000,0,0,0,10000,86000,-76000,-76000
048237,致茂國票94購01  ,0,0,0,0,0,0,0,0,0,-76000,0,0,0,0,76000,-76000,-76000
049636,上証反凱基9A購01,0,0,0,0,0,0,0,0,0,-76000,0,0,0,45000,121000,-76000,-76000
052319,可成元大95購12  ,0,0,0,0,0,0,0,0,0,-76000,0,0,0,313000,389000,-76000,-76000
050036,矽格元大94購03  ,0,0,0,0,0,0,0,0,0,-76000,0,0,0,164000,240000,-76000,-76000
051315,同欣電麥證95購01,0,0,0,4000,80000,-76000,0,0,0,-76000,0,0,0,4000,80000,-76000,-76000
054744,晶相光凱基99購01,0,0,0,0,0,0,0,0,0,-76000,0,0,0,48000,124000,-76000,-76000
053671,可成統一96購03  ,0,0,0,0,0,0,0,0,0,-76000,0,0,0,94000,170000,-76000,-76000
053880,智邦中信96購01  ,0,0,0,0,0,0,0,0,0,-76000,0,0,0,36000,112000,-76000,-76000
054922,文曄凱基98購01  ,0,0,0,0,0,0,0,0,0,-76000,0,0,0,8000,84000,-76000,-76000
055666,鴻海群益97購05  ,0,0,0,0,0,0,0,0,0,-76000,0,0,0,22000,98000,-76000,-76000
055981,臺股指統一97購03,0,0,0,0,0,0,0,0,0,-76000,0,0,0,8000,84000,-76000,-76000
06451P,聯發科元大98售04,0,0,0,0,0,0,0,0,0,-76000,0,0,0,0,76000,-76000,-76000
057105,致茂群益9A購01  ,0,0,0,0,0,0,0,0,0,-77000,0,0,0,78000,155000,-77000,-77000
057084,立積統一9B購01  ,0,0,0,0,0,0,0,0,0,-77000,0,0,0,7000,84000,-77000,-77000
056784,南亞科群益98購01,0,0,0,0,0,0,0,0,0,-77000,0,0,0,22000,99000,-77000,-77000
056435,台積電凱基98購09,0,0,0,0,0,0,0,0,0,-77000,0,0,0,33000,110000,-77000,-77000
057656,大成鋼兆豐98購01,0,0,0,0,0,0,0,0,0,-77000,0,0,0,0,77000,-77000,-77000
058449,台積電永豐99購01,0,0,0,0,0,0,0,0,0,-77000,0,0,0,0,77000,-77000,-77000
04646P,TPK凱基94售03   ,0,0,0,0,0,0,0,0,0,-77000,0,0,0,0,77000,-77000,-77000
05287P,鴻海元富95售09  ,0,0,0,0,0,0,0,0,0,-77000,0,0,0,60000,137000,-77000,-77000
056055,國巨元大97購15  ,0,0,0,0,0,0,0,0,0,-77000,0,0,0,10000,87000,-77000,-77000
056034,華通凱基98購01  ,0,0,0,0,0,0,0,0,0,-77000,0,0,0,16000,93000,-77000,-77000
054259,健策元大97購03  ,0,0,0,0,0,0,0,0,0,-77000,0,0,0,56000,133000,-77000,-77000
06617P,智邦元大98售03  ,0,0,0,0,0,0,0,0,0,-77000,0,0,0,230000,307000,-77000,-77000
07005P,台積電統一9B售05,0,0,0,0,0,0,0,0,0,-77000,0,0,0,0,77000,-77000,-77000
5203,訊連            ,295000,175000,120000,0,0,0,0,101000,-101000,-96000,10000,109000,-99000,7000,4000,3000,-77000
058225,旺宏元富99購01  ,0,0,0,0,0,0,0,0,0,-78000,0,0,0,21000,99000,-78000,-78000
057481,技嘉元大98購04  ,0,0,0,0,0,0,0,0,0,-78000,0,0,0,78000,156000,-78000,-78000
057499,奇鋐群益98購01  ,0,0,0,0,0,0,0,0,0,-78000,0,0,0,117000,195000,-78000,-78000
057846,神達永豐98購01  ,0,0,0,0,0,0,0,0,0,-78000,0,0,0,76000,154000,-78000,-78000
056758,元石油元大98購02,0,0,0,0,0,0,0,0,0,-78000,0,0,0,2000,80000,-78000,-78000
04793P,台光電元大94售07,0,0,0,0,0,0,0,0,0,-78000,0,0,0,0,78000,-78000,-78000
051474,智邦凱基95購04  ,0,0,0,0,0,0,0,0,0,-78000,0,0,0,20000,98000,-78000,-78000
049681,旺宏統一94購04  ,0,0,0,0,0,0,0,0,0,-78000,0,0,0,2000,80000,-78000,-78000
049870,南電兆豐94購01  ,0,0,0,0,0,0,0,0,0,-78000,0,0,0,131000,209000,-78000,-78000
053009,大成鋼統一96購02,0,0,0,0,0,0,0,0,0,-78000,0,0,0,0,78000,-78000,-78000
050945,致茂群益95購01  ,0,0,0,0,0,0,0,0,0,-78000,0,0,0,0,78000,-78000,-78000
052195,健策元富95購01  ,0,0,0,0,0,0,0,0,0,-78000,0,0,0,40000,118000,-78000,-78000
054231,國巨群益98購03  ,0,0,0,0,0,0,0,0,0,-78000,0,0,0,21000,99000,-78000,-78000
054801,康友群益97購02  ,0,0,0,0,0,0,0,0,0,-78000,0,0,0,61000,139000,-78000,-78000
054550,旺宏凱基98購02  ,0,0,0,0,0,0,0,0,0,-78000,0,0,0,0,78000,-78000,-78000
056024,大立光群益97購05,0,0,0,0,0,0,0,0,0,-78000,0,0,0,20000,98000,-78000,-78000
055960,義隆元大97購01  ,0,0,0,0,0,0,0,0,0,-78000,0,0,0,15000,93000,-78000,-78000
054948,聯發科元大97購14,0,0,0,0,0,0,0,0,0,-78000,0,0,0,2000,80000,-78000,-78000
055045,台肥永豐97購01  ,0,0,0,0,0,0,0,0,0,-78000,0,0,0,0,78000,-78000,-78000
055377,揚明光元大98購01,0,0,0,0,0,0,0,0,0,-78000,0,0,0,0,78000,-78000,-78000
06884P,台郡群益98售03  ,0,0,0,0,0,0,0,0,0,-78000,0,0,0,23000,101000,-78000,-78000
1337,再生-KY         ,18000,96000,-78000,0,0,0,0,0,0,0,0,0,0,0,0,0,-78000
06458P,玉晶光統一9A售02,0,0,0,0,0,0,0,0,0,-78000,0,0,0,22000,100000,-78000,-78000
057003,立積國票98購01  ,0,0,0,0,0,0,0,0,0,-79000,0,0,0,0,79000,-79000,-79000
056972,祥碩永豐98購02  ,0,0,0,0,0,0,0,0,0,-79000,0,0,0,322000,401000,-79000,-79000
056141,聯茂元大97購05  ,0,0,0,0,0,0,0,0,0,-79000,0,0,0,56000,135000,-79000,-79000
057864,奇力新凱基99購03,0,0,0,0,0,0,0,0,0,-79000,0,0,0,25000,104000,-79000,-79000
057990,美律統一99購02  ,0,0,0,0,0,0,0,0,0,-79000,0,0,0,111000,190000,-79000,-79000
049738,神基群益94購01  ,0,0,0,0,0,0,0,0,0,-79000,0,0,0,64000,143000,-79000,-79000
049542,鴻海群益94購05  ,0,0,0,0,0,0,0,0,0,-79000,0,0,0,0,79000,-79000,-79000
049117,矽格統一96購01  ,0,0,0,0,0,0,0,0,0,-79000,0,0,0,20000,99000,-79000,-79000
045086,玉晶光元大94購02,0,0,0,0,0,0,0,0,0,-79000,0,0,0,11000,90000,-79000,-79000
051769,矽力元大95購01  ,0,0,0,0,0,0,0,0,0,-79000,0,0,0,2000,81000,-79000,-79000
049885,緯穎永豐94購01  ,0,0,0,0,0,0,0,0,0,-79000,0,0,0,4000,83000,-79000,-79000
051248,華固元大95購01  ,0,0,0,0,0,0,0,0,0,-79000,0,0,0,0,79000,-79000,-79000
050486,可成元富94購05  ,0,0,0,0,0,0,0,0,0,-79000,0,0,0,10000,89000,-79000,-79000
052987,華新科元大99購01,0,0,0,0,0,0,0,0,0,-79000,0,0,0,20000,99000,-79000,-79000
055610,光磊國票98購01  ,0,0,0,0,0,0,0,0,0,-79000,0,0,0,0,79000,-79000,-79000
053887,聯茂兆豐97購02  ,0,0,0,0,0,0,0,0,0,-79000,0,0,0,40000,119000,-79000,-79000
053976,亞光元大96購02  ,0,0,0,0,0,0,0,0,0,-79000,0,0,0,21000,100000,-79000,-79000
053802,南亞科凱基96購04,0,0,0,0,0,0,0,0,0,-79000,0,0,0,1000,80000,-79000,-79000
2107,厚生            ,134000,213000,-79000,0,0,0,0,0,0,0,0,0,0,0,0,0,-79000
058188,華擎永豐99購01  ,0,0,0,0,0,0,0,0,0,-80000,0,0,0,100000,180000,-80000,-80000
057910,華新科兆豐99購02,0,0,0,0,0,0,0,0,0,-80000,0,0,0,5000,85000,-80000,-80000
057479,致茂元大98購03  ,0,0,0,0,0,0,0,0,0,-80000,0,0,0,0,80000,-80000,-80000
057367,技嘉元大98購02  ,0,0,0,0,0,0,0,0,0,-80000,0,0,0,20000,100000,-80000,-80000
048279,聯鈞永豐93購01  ,0,0,0,0,0,0,0,0,0,-80000,0,0,0,21000,101000,-80000,-80000
03421B,臺股指元大99熊01,0,0,0,0,0,0,0,0,0,-80000,0,0,0,0,80000,-80000,-80000
049306,元油2X凱基96購01,0,0,0,0,0,0,0,0,0,-80000,0,0,0,0,80000,-80000,-80000
05298P,上銀元大95售03  ,0,0,0,0,0,0,0,0,0,-80000,0,0,0,0,80000,-80000,-80000
053436,聯茂日盛96購01  ,0,0,0,0,0,0,0,0,0,-80000,0,0,0,94000,174000,-80000,-80000
050588,矽創國票95購01  ,0,0,0,0,0,0,0,0,0,-80000,0,0,0,0,80000,-80000,-80000
050991,元油2X元大96購04,0,0,0,0,0,0,0,0,0,-80000,0,0,0,337000,417000,-80000,-80000
050524,宏達電元大95購04,0,0,0,0,0,0,0,0,0,-80000,0,0,0,20000,100000,-80000,-80000
051056,華新科群益95購03,0,0,0,0,0,0,0,0,0,-80000,0,0,0,0,80000,-80000,-80000
050164,揚明光國泰95購01,0,0,0,0,0,0,0,0,0,-80000,0,0,0,0,80000,-80000,-80000
05211P,國巨國票96售05  ,0,0,0,0,0,0,0,0,0,-80000,0,0,0,0,80000,-80000,-80000
050307,欣興中信95購01  ,0,0,0,0,0,0,0,0,0,-80000,0,0,0,0,80000,-80000,-80000
053724,聯詠凱基96購04  ,0,0,0,0,0,0,0,0,0,-80000,0,0,0,68000,148000,-80000,-80000
053482,矽力元大96購03  ,0,0,0,0,0,0,0,0,0,-80000,0,0,0,0,80000,-80000,-80000
054006,智易統一97購01  ,0,0,0,0,0,0,0,0,0,-80000,0,0,0,40000,120000,-80000,-80000
055363,緯穎凱基98購03  ,0,0,0,0,0,0,0,0,0,-80000,0,0,0,102000,182000,-80000,-80000
055344,國巨凱基97購04  ,0,0,0,0,0,0,0,0,0,-80000,0,0,0,0,80000,-80000,-80000
055241,T50反1統一99購01,0,0,0,0,0,0,0,0,0,-80000,0,0,0,0,80000,-80000,-80000
055153,台光電元大98購02,0,0,0,0,0,0,0,0,0,-80000,0,0,0,74000,154000,-80000,-80000
054880,華泰統一97購01  ,0,0,0,0,0,0,0,0,0,-80000,0,0,0,0,80000,-80000,-80000
057174,南亞科元大98購05,0,0,0,0,0,0,0,0,0,-81000,0,0,0,3000,84000,-81000,-81000
057391,樺漢永豐98購01  ,0,0,0,0,0,0,0,0,0,-81000,0,0,0,2000,83000,-81000,-81000
057876,隆達元大98購01  ,0,0,0,0,0,0,0,0,0,-81000,0,0,0,0,81000,-81000,-81000
058132,義隆元大99購03  ,0,0,0,0,0,0,0,0,0,-81000,0,0,0,10000,91000,-81000,-81000
058311,緯穎元大99購05  ,0,0,0,0,0,0,0,0,0,-81000,0,0,0,74000,155000,-81000,-81000
05488P,臺股指凱基95售21,0,0,0,0,0,0,0,0,0,-81000,0,0,0,0,81000,-81000,-81000
055427,技嘉群益98購01  ,0,0,0,0,0,0,0,0,0,-81000,0,0,0,99000,180000,-81000,-81000
055620,樺漢國票98購01  ,0,0,0,0,0,0,0,0,0,-81000,0,0,0,0,81000,-81000,-81000
055672,國巨日盛97購02  ,0,0,0,0,0,0,0,0,0,-81000,0,0,0,65000,146000,-81000,-81000
056121,勤誠群益97購01  ,0,0,0,0,0,0,0,0,0,-81000,0,0,0,0,81000,-81000,-81000
054213,欣興國票97購04  ,0,0,0,0,0,0,0,0,0,-81000,0,0,0,0,81000,-81000,-81000
06620P,聯發科元大98售07,0,0,0,0,0,0,0,0,0,-81000,0,0,0,0,81000,-81000,-81000
06139P,台積電中信99售02,0,0,0,0,0,0,0,0,0,-81000,0,0,0,0,81000,-81000,-81000
057415,和碩日盛98購01  ,0,0,0,0,0,0,0,0,0,-82000,0,0,0,318000,400000,-82000,-82000
057462,光磊永豐98購02  ,0,0,0,0,0,0,0,0,0,-82000,0,0,0,0,82000,-82000,-82000
056290,正文永豐98購01  ,0,0,0,0,0,0,0,0,0,-82000,0,0,0,27000,109000,-82000,-82000
056345,嘉聯益凱基99購01,0,0,0,0,0,0,0,0,0,-82000,0,0,0,35000,117000,-82000,-82000
049437,可成國泰96購01  ,0,0,0,0,0,0,0,0,0,-82000,0,0,0,20000,102000,-82000,-82000
047557,麗豐凱基94購02  ,0,0,0,0,0,0,0,0,0,-82000,0,0,0,0,82000,-82000,-82000
051608,新日興群益96購01,0,0,0,0,0,0,0,0,0,-82000,0,0,0,0,82000,-82000,-82000
051641,矽創國票96購01  ,0,0,0,0,0,0,0,0,0,-82000,0,0,0,30000,112000,-82000,-82000
056107,智易永豐97購02  ,0,0,0,0,0,0,0,0,0,-82000,0,0,0,0,82000,-82000,-82000
2102,泰豐            ,49000,131000,-82000,0,0,0,0,0,0,0,0,0,0,0,0,0,-82000
056245,嘉澤群益97購01  ,0,0,0,0,0,0,0,0,0,-83000,0,0,0,21000,104000,-83000,-83000
057200,技嘉元富98購01  ,0,0,0,0,0,0,0,0,0,-83000,0,0,0,156000,239000,-83000,-83000
057774,台光電群益99購02,0,0,0,0,0,0,0,0,0,-83000,0,0,0,139000,222000,-83000,-83000
057805,華通元大98購06  ,0,0,0,0,0,0,0,0,0,-83000,0,0,0,83000,166000,-83000,-83000
05165P,欣興元富95售03  ,0,0,0,0,0,0,0,0,0,-83000,0,0,0,67000,150000,-83000,-83000
051260,鴻海永昌96購04  ,0,0,0,0,0,0,0,0,0,-83000,0,0,0,1000,84000,-83000,-83000
055708,茂林永豐97購02  ,0,0,0,0,0,0,0,0,0,-83000,0,0,0,0,83000,-83000,-83000
055692,緯穎凱基97購03  ,0,0,0,0,0,0,0,0,0,-83000,0,0,0,30000,113000,-83000,-83000
055381,茂林元大97購02  ,0,0,0,0,0,0,0,0,0,-83000,0,0,0,84000,167000,-83000,-83000
054902,億光康和97購01  ,0,0,0,0,0,0,0,0,0,-83000,0,0,0,0,83000,-83000,-83000
2888A,新光金甲特      ,0,0,0,0,0,0,0,0,0,-83000,0,83000,-83000,0,0,0,-83000
05856P,A50正2中信99售01,0,0,0,0,0,0,0,0,0,-84000,0,0,0,10000,94000,-84000,-84000
056756,T50反1元大98購06,0,0,0,0,0,0,0,0,0,-84000,0,0,0,74000,158000,-84000,-84000
056827,元油2X富邦02購01,0,0,0,0,0,0,0,0,0,-84000,0,0,0,3000,87000,-84000,-84000
056190,昇陽半統一97購01,0,0,0,0,0,0,0,0,0,-84000,0,0,0,28000,112000,-84000,-84000
056307,貿聯元大97購05  ,0,0,0,0,0,0,0,0,0,-84000,0,0,0,66000,150000,-84000,-84000
056428,台達電凱基99購01,0,0,0,0,0,0,0,0,0,-84000,0,0,0,75000,159000,-84000,-84000
044567,華通凱基93購03  ,0,0,0,0,0,0,0,0,0,-84000,0,0,0,0,84000,-84000,-84000
049745,國巨永豐94購04  ,0,0,0,0,0,0,0,0,0,-84000,0,0,0,97000,181000,-84000,-84000
051701,華通群益97購01  ,0,0,0,0,0,0,0,0,0,-84000,0,0,0,98000,182000,-84000,-84000
051950,旺宏元富95購02  ,0,0,0,0,0,0,0,0,0,-84000,0,0,0,17000,101000,-84000,-84000
052663,奇鋐國票97購01  ,0,0,0,0,0,0,0,0,0,-84000,0,0,0,60000,144000,-84000,-84000
054057,晶豪科國票97購01,0,0,0,0,0,0,0,0,0,-84000,0,0,0,0,84000,-84000,-84000
053591,大立光元大99購03,0,0,0,0,0,0,0,0,0,-84000,0,0,0,26000,110000,-84000,-84000
06328P,台積電中信01售02,0,0,0,0,0,0,0,0,0,-84000,0,0,0,4000,88000,-84000,-84000
4155,訊映            ,132000,203000,-71000,0,0,0,0,0,0,-13000,12000,25000,-13000,0,0,0,-84000
057204,利勤元富98購01  ,0,0,0,0,0,0,0,0,0,-85000,0,0,0,30000,115000,-85000,-85000
05858P,矽力中信96售01  ,0,0,0,0,0,0,0,0,0,-85000,0,0,0,70000,155000,-85000,-85000
058305,華邦電元大99購02,0,0,0,0,0,0,0,0,0,-85000,0,0,0,9000,94000,-85000,-85000
048588,世紀鋼中信94購01,0,0,0,0,0,0,0,0,0,-85000,0,0,0,0,85000,-85000,-85000
048179,臻鼎富邦97購01  ,0,0,0,0,0,0,0,0,0,-85000,0,0,0,15000,100000,-85000,-85000
048137,力成國票93購01  ,0,0,0,0,0,0,0,0,0,-85000,0,0,0,0,85000,-85000,-85000
053134,南亞科國票97購01,0,0,0,0,0,0,0,0,0,-85000,0,0,0,59000,144000,-85000,-85000
052923,台積電永豐96購02,0,0,0,0,0,0,0,0,0,-85000,0,0,0,137000,222000,-85000,-85000
052068,瑞儀兆豐96購01  ,0,0,0,0,0,0,0,0,0,-85000,0,0,0,15000,100000,-85000,-85000
051919,台郡元大96購02  ,0,0,0,0,0,0,0,0,0,-85000,0,0,0,0,85000,-85000,-85000
055297,啟碁元大97購01  ,0,0,0,0,0,0,0,0,0,-85000,0,0,0,0,85000,-85000,-85000
055821,勤誠國票98購01  ,0,0,0,0,0,0,0,0,0,-85000,0,0,0,25000,110000,-85000,-85000
056127,致新國票98購02  ,0,0,0,0,0,0,0,0,0,-85000,0,0,0,31000,116000,-85000,-85000
055980,祥碩統一98購01  ,0,0,0,0,0,0,0,0,0,-85000,0,0,0,122000,207000,-85000,-85000
06375P,矽力元大97售06  ,0,0,0,0,0,0,0,0,0,-85000,0,0,0,140000,225000,-85000,-85000
06607P,友達台新98售02  ,0,0,0,0,0,0,0,0,0,-85000,0,0,0,0,85000,-85000,-85000
06835P,台灣50國票9A售01,0,0,0,0,0,0,0,0,0,-85000,0,0,0,336000,421000,-85000,-85000
057418,台光電凱基98購04,0,0,0,0,0,0,0,0,0,-86000,0,0,0,0,86000,-86000,-86000
057300,訊連永豐98購01  ,0,0,0,0,0,0,0,0,0,-86000,0,0,0,19000,105000,-86000,-86000
057268,臻鼎兆豐99購01  ,0,0,0,0,0,0,0,0,0,-86000,0,0,0,52000,138000,-86000,-86000
056530,旺宏凱基98購06  ,0,0,0,0,0,0,0,0,0,-86000,0,0,0,0,86000,-86000,-86000
049459,全新元富95購02  ,0,0,0,0,0,0,0,0,0,-86000,0,0,0,50000,136000,-86000,-86000
05028P,康控永豐95售02  ,0,0,0,0,0,0,0,0,0,-86000,0,0,0,7000,93000,-86000,-86000
052941,康控兆豐97購01  ,0,0,0,0,0,0,0,0,0,-86000,0,0,0,15000,101000,-86000,-86000
052886,世紀鋼兆豐96購01,0,0,0,0,0,0,0,0,0,-86000,0,0,0,0,86000,-86000,-86000
050928,日月光凱基95購01,0,0,0,0,0,0,0,0,0,-86000,0,0,0,134000,220000,-86000,-86000
055971,矽力元大97購05  ,0,0,0,0,0,0,0,0,0,-86000,0,0,0,0,86000,-86000,-86000
05531P,臺股指群益96售04,0,0,0,0,0,0,0,0,0,-86000,0,0,0,43000,129000,-86000,-86000
054878,和大統一97購02  ,0,0,0,0,0,0,0,0,0,-86000,0,0,0,2000,88000,-86000,-86000
053553,聯詠凱基96購03  ,0,0,0,0,0,0,0,0,0,-86000,0,0,0,0,86000,-86000,-86000
054000,訊芯群益96購02  ,0,0,0,0,0,0,0,0,0,-86000,0,0,0,50000,136000,-86000,-86000
05450P,臺股指元大95售27,0,0,0,0,0,0,0,0,0,-86000,0,0,0,50000,136000,-86000,-86000
2905,三商            ,22000,108000,-86000,0,0,0,0,0,0,0,0,0,0,0,0,0,-86000
056577,玉晶光元大99購06,0,0,0,0,0,0,0,0,0,-87000,0,0,0,13000,100000,-87000,-87000
057318,台光電凱基9A購01,0,0,0,0,0,0,0,0,0,-87000,0,0,0,20000,107000,-87000,-87000
056861,美律群益99購01  ,0,0,0,0,0,0,0,0,0,-87000,0,0,0,43000,130000,-87000,-87000
04691P,智邦群益94售02  ,0,0,0,0,0,0,0,0,0,-87000,0,0,0,14000,101000,-87000,-87000
04696P,亞德客國泰95售02,0,0,0,0,0,0,0,0,0,-87000,0,0,0,58000,145000,-87000,-87000
052308,大立光國泰97購02,0,0,0,0,0,0,0,0,0,-87000,0,0,0,20000,107000,-87000,-87000
054938,國巨元大97購04  ,0,0,0,0,0,0,0,0,0,-87000,0,0,0,18000,105000,-87000,-87000
056054,亞德客元大97購05,0,0,0,0,0,0,0,0,0,-87000,0,0,0,5000,92000,-87000,-87000
057578,可成中信99購01  ,0,0,0,0,0,0,0,0,0,-88000,0,0,0,110000,198000,-88000,-88000
057719,欣興元富02購01  ,0,0,0,0,0,0,0,0,0,-88000,0,0,0,0,88000,-88000,-88000
057931,正崴群益98購02  ,0,0,0,0,0,0,0,0,0,-88000,0,0,0,33000,121000,-88000,-88000
047194,世紀鋼元大96購01,0,0,0,0,0,0,0,0,0,-88000,0,0,0,130000,218000,-88000,-88000
049836,矽創凱基94購02  ,0,0,0,0,0,0,0,0,0,-88000,0,0,0,0,88000,-88000,-88000
04768P,大立光國泰96售03,0,0,0,0,0,0,0,0,0,-88000,0,0,0,62000,150000,-88000,-88000
051317,亞德客國票96購01,0,0,0,0,0,0,0,0,0,-88000,0,0,0,18000,106000,-88000,-88000
050624,鈺齊元大94購01  ,0,0,0,0,0,0,0,0,0,-88000,0,0,0,47000,135000,-88000,-88000
050662,智易元大96購01  ,0,0,0,0,0,0,0,0,0,-88000,0,0,0,0,88000,-88000,-88000
056070,新日興元大97購04,0,0,0,0,0,0,0,0,0,-88000,0,0,0,70000,158000,-88000,-88000
055878,泰碩元富97購02  ,0,0,0,0,0,0,0,0,0,-88000,0,0,0,110000,198000,-88000,-88000
054914,億光凱基98購01  ,0,0,0,0,0,0,0,0,0,-88000,0,0,0,52000,140000,-88000,-88000
054896,聯茂日盛97購01  ,0,0,0,0,0,0,0,0,0,-88000,0,0,0,26000,114000,-88000,-88000
054376,聯茂中信97購01  ,0,0,0,0,0,0,0,0,0,-88000,0,0,0,61000,149000,-88000,-88000
054849,日月光兆豐97購01,0,0,0,0,0,0,0,0,0,-88000,0,0,0,3000,91000,-88000,-88000
06550P,健策元大99售01  ,0,0,0,0,0,0,0,0,0,-88000,0,0,0,15000,103000,-88000,-88000
057824,日月光元大98購01,0,0,0,0,0,0,0,0,0,-89000,0,0,0,39000,128000,-89000,-89000
058231,技嘉元大99購02  ,0,0,0,0,0,0,0,0,0,-89000,0,0,0,40000,129000,-89000,-89000
057216,聯發科群益99購01,0,0,0,0,0,0,0,0,0,-89000,0,0,0,77000,166000,-89000,-89000
056676,國產元富98購01  ,0,0,0,0,0,0,0,0,0,-89000,0,0,0,41000,130000,-89000,-89000
047618,義隆凱基94購02  ,0,0,0,0,0,0,0,0,0,-89000,0,0,0,0,89000,-89000,-89000
051089,旺宏元大96購04  ,0,0,0,0,0,0,0,0,0,-89000,0,0,0,37000,126000,-89000,-89000
048786,瑞昱元大94購02  ,0,0,0,0,0,0,0,0,0,-89000,0,0,0,0,89000,-89000,-89000
053176,矽力群益96購02  ,0,0,0,0,0,0,0,0,0,-89000,0,0,0,4000,93000,-89000,-89000
051229,亞光群益95購01  ,0,0,0,0,0,0,0,0,0,-89000,0,0,0,11000,100000,-89000,-89000
051916,和碩元大95購02  ,0,0,0,0,0,0,0,0,0,-89000,0,0,0,10000,99000,-89000,-89000
054606,台積電永豐97購02,0,0,0,0,0,0,0,0,0,-89000,0,0,0,111000,200000,-89000,-89000
053728,茂林凱基97購01  ,0,0,0,0,0,0,0,0,0,-89000,0,0,0,0,89000,-89000,-89000
05532P,臺股指群益96售05,0,0,0,0,0,0,0,0,0,-89000,0,0,0,0,89000,-89000,-89000
055458,燿華永豐98購01  ,0,0,0,0,0,0,0,0,0,-89000,0,0,0,0,89000,-89000,-89000
055565,祥碩凱基97購01  ,0,0,0,0,0,0,0,0,0,-89000,0,0,0,157000,246000,-89000,-89000
06427P,鴻海元大97售13  ,0,0,0,0,0,0,0,0,0,-89000,0,0,0,75000,164000,-89000,-89000
4919,新唐            ,123000,199000,-76000,0,0,0,0,0,0,-13000,0,0,0,6000,19000,-13000,-89000
056524,欣興中信98購02  ,0,0,0,0,0,0,0,0,0,-90000,0,0,0,0,90000,-90000,-90000
056482,貿聯元大99購01  ,0,0,0,0,0,0,0,0,0,-90000,0,0,0,0,90000,-90000,-90000
056235,鴻海群益97購07  ,0,0,0,0,0,0,0,0,0,-90000,0,0,0,30000,120000,-90000,-90000
056818,正崴永豐98購01  ,0,0,0,0,0,0,0,0,0,-90000,0,0,0,10000,100000,-90000,-90000
057016,中石化凱基9B購01,0,0,0,0,0,0,0,0,0,-90000,0,0,0,10000,100000,-90000,-90000
05898P,旺宏凱基96售06  ,0,0,0,0,0,0,0,0,0,-90000,0,0,0,40000,130000,-90000,-90000
05944P,富邦金中信96售01,0,0,0,0,0,0,0,0,0,-90000,0,0,0,26000,116000,-90000,-90000
057906,福懋科中信99購01,0,0,0,0,0,0,0,0,0,-90000,0,0,0,0,90000,-90000,-90000
048499,達運元大96購01  ,0,0,0,0,0,0,0,0,0,-90000,0,0,0,20000,110000,-90000,-90000
048576,義隆國泰95購01  ,0,0,0,0,0,0,0,0,0,-90000,0,0,0,56000,146000,-90000,-90000
04771P,友達元大96售02  ,0,0,0,0,0,0,0,0,0,-90000,0,0,0,0,90000,-90000,-90000
04421P,玉晶光永豐94售02,0,0,0,0,0,0,0,0,0,-90000,0,0,0,0,90000,-90000,-90000
04831P,聯詠富邦96售01  ,0,0,0,0,0,0,0,0,0,-90000,0,0,0,0,90000,-90000,-90000
04745P,祥碩元大94售04  ,0,0,0,0,0,0,0,0,0,-90000,0,0,0,70000,160000,-90000,-90000
049165,元油2X凱基97購01,0,0,0,0,0,0,0,0,0,-90000,0,0,0,30000,120000,-90000,-90000
045861,智邦統一93購02  ,0,0,0,0,0,0,0,0,0,-90000,0,0,0,22000,112000,-90000,-90000
050282,T50反1凱基97購01,0,0,0,0,0,0,0,0,0,-90000,0,0,0,100000,190000,-90000,-90000
052055,緯穎凱基95購03  ,0,0,0,0,0,0,0,0,0,-90000,0,0,0,93000,183000,-90000,-90000
051728,道瓊反國票97購01,0,0,0,0,0,0,0,0,0,-90000,0,0,0,0,90000,-90000,-90000
051863,技嘉凱基95購01  ,0,0,0,0,0,0,0,0,0,-90000,0,0,0,60000,150000,-90000,-90000
050477,矽力永豐94購01  ,0,0,0,0,0,0,0,0,0,-90000,0,0,0,109000,199000,-90000,-90000
050097,可成國泰96購02  ,0,0,0,0,0,0,0,0,0,-90000,0,0,0,19000,109000,-90000,-90000
053432,世紀鋼永豐96購02,0,0,0,0,0,0,0,0,0,-90000,0,0,0,48000,138000,-90000,-90000
053415,聯茂國票97購01  ,0,0,0,0,0,0,0,0,0,-90000,0,0,0,17000,107000,-90000,-90000
050976,台光電統一95購01,0,0,0,0,0,0,0,0,0,-90000,0,0,0,58000,148000,-90000,-90000
055319,國巨國票98購03  ,0,0,0,0,0,0,0,0,0,-90000,0,0,0,10000,100000,-90000,-90000
05489P,臺股指凱基95售22,0,0,0,0,0,0,0,0,0,-90000,0,0,0,0,90000,-90000,-90000
055122,國巨兆豐98購01  ,0,0,0,0,0,0,0,0,0,-90000,0,0,0,12000,102000,-90000,-90000
053560,漢唐國泰98購01  ,0,0,0,0,0,0,0,0,0,-90000,0,0,0,10000,100000,-90000,-90000
053945,國巨富邦98購02  ,0,0,0,0,0,0,0,0,0,-90000,0,0,0,478000,568000,-90000,-90000
054289,聯發科元大97購11,0,0,0,0,0,0,0,0,0,-90000,0,0,0,60000,150000,-90000,-90000
1736,喬山            ,130816,313000,-182184,0,0,0,0,0,0,92000,0,0,0,96000,4000,92000,-90184
05788P,臺股指永昌96售05,0,0,0,0,0,0,0,0,0,-91000,439000,0,439000,0,530000,-530000,-91000
05787P,臺股指永昌96售04,0,0,0,0,0,0,0,0,0,-91000,459000,20000,439000,0,530000,-530000,-91000
057747,致新永豐98購01  ,0,0,0,0,0,0,0,0,0,-91000,0,0,0,118000,209000,-91000,-91000
058187,泰碩永豐99購01  ,0,0,0,0,0,0,0,0,0,-91000,0,0,0,47000,138000,-91000,-91000
057161,亞德客元大98購02,0,0,0,0,0,0,0,0,0,-91000,0,0,0,14000,105000,-91000,-91000
05668P,滬深2X永豐96售04,0,0,0,0,0,0,0,0,0,-91000,0,0,0,16000,107000,-91000,-91000
049235,元油2X元富96購05,0,0,0,0,0,0,0,0,0,-91000,0,0,0,110000,201000,-91000,-91000
04189P,台積電兆豐94售02,0,0,0,0,0,0,0,0,0,-91000,0,0,0,0,91000,-91000,-91000
049307,上銀凱基94購03  ,0,0,0,0,0,0,0,0,0,-91000,0,0,0,25000,116000,-91000,-91000
050529,矽格元大94購05  ,0,0,0,0,0,0,0,0,0,-91000,0,0,0,119000,210000,-91000,-91000
052702,群創國票97購03  ,0,0,0,0,0,0,0,0,0,-91000,0,0,0,9000,100000,-91000,-91000
05011P,南電國泰96售01  ,0,0,0,0,0,0,0,0,0,-91000,0,0,0,274000,365000,-91000,-91000
052147,上緯控群益95購01,0,0,0,0,0,0,0,0,0,-91000,0,0,0,0,91000,-91000,-91000
051170,南電元大95購03  ,0,0,0,0,0,0,0,0,0,-91000,0,0,0,149000,240000,-91000,-91000
054335,緯穎永豐96購02  ,0,0,0,0,0,0,0,0,0,-91000,0,0,0,199000,290000,-91000,-91000
054534,台積電富邦98購03,0,0,0,0,0,0,0,0,0,-91000,0,0,0,49000,140000,-91000,-91000
054146,康友元大96購06  ,0,0,0,0,0,0,0,0,0,-91000,0,0,0,64000,155000,-91000,-91000
2451,創見            ,71000,212000,-141000,0,0,0,0,0,0,50000,0,2000,-2000,52000,0,52000,-91000
056637,台光電日盛9A購01,0,0,0,0,0,0,0,0,0,-92000,0,0,0,177000,269000,-92000,-92000
058313,台積電富邦9B購04,0,0,0,0,0,0,0,0,0,-92000,0,0,0,3000,95000,-92000,-92000
05780P,台積電統一96售07,0,0,0,0,0,0,0,0,0,-92000,0,0,0,50000,142000,-92000,-92000
051139,康友永豐95購01  ,0,0,0,0,0,0,0,0,0,-92000,0,0,0,0,92000,-92000,-92000
051653,南電永豐95購02  ,0,0,0,0,0,0,0,0,0,-92000,0,0,0,130000,222000,-92000,-92000
050100,台積電永昌96購02,0,0,0,0,0,0,0,0,0,-92000,0,0,0,114000,206000,-92000,-92000
052598,滬深2X元大96購05,0,0,0,0,0,0,0,0,0,-92000,0,0,0,0,92000,-92000,-92000
053284,樺漢元大97購01  ,0,0,0,0,0,0,0,0,0,-92000,0,0,0,0,92000,-92000,-92000
053268,日月光群益96購01,0,0,0,0,0,0,0,0,0,-92000,0,0,0,25000,117000,-92000,-92000
054051,貿聯元大97購03  ,0,0,0,0,0,0,0,0,0,-92000,0,0,0,36000,128000,-92000,-92000
053687,智邦元大96購02  ,0,0,0,0,0,0,0,0,0,-92000,0,0,0,58000,150000,-92000,-92000
054701,宏全永豐97購01  ,0,0,0,0,0,0,0,0,0,-92000,0,0,0,0,92000,-92000,-92000
06127P,泰碩元富97售01  ,0,0,0,0,0,0,0,0,0,-92000,0,0,0,96000,188000,-92000,-92000
06491P,台積電富邦99售02,0,0,0,0,0,0,0,0,0,-92000,0,0,0,10000,102000,-92000,-92000
3048,益登            ,61000,153000,-92000,0,0,0,0,0,0,0,0,0,0,0,0,0,-92000
00771,元大US高息特別股,0,0,0,0,0,0,0,0,0,-92192,0,0,0,10000,102192,-92192,-92192
058271,訊連永豐99購01  ,0,0,0,0,0,0,0,0,0,-93000,0,0,0,0,93000,-93000,-93000
058047,可成元大98購11  ,0,0,0,0,0,0,0,0,0,-93000,0,0,0,72000,165000,-93000,-93000
056855,祥碩中信98購02  ,0,0,0,0,0,0,0,0,0,-93000,0,0,0,23000,116000,-93000,-93000
052452,茂林元大95購03  ,0,0,0,0,0,0,0,0,0,-93000,0,0,0,99000,192000,-93000,-93000
052432,康友永豐95購04  ,0,0,0,0,0,0,0,0,0,-93000,0,0,0,41000,134000,-93000,-93000
051749,矽力國泰97購01  ,0,0,0,0,0,0,0,0,0,-93000,0,0,0,93000,186000,-93000,-93000
05199P,訊芯永豐95售02  ,0,0,0,0,0,0,0,0,0,-93000,0,0,0,176000,269000,-93000,-93000
054827,宏全元大9A購01  ,0,0,0,0,0,0,0,0,0,-93000,0,0,0,0,93000,-93000,-93000
055146,華通元大98購04  ,0,0,0,0,0,0,0,0,0,-93000,0,0,0,3000,96000,-93000,-93000
2106,建大            ,136000,229000,-93000,0,0,0,0,0,0,0,0,0,0,0,0,0,-93000
056860,正崴群益98購01  ,0,0,0,0,0,0,0,0,0,-94000,0,0,0,0,94000,-94000,-94000
056897,南亞科元大98購02,0,0,0,0,0,0,0,0,0,-94000,0,0,0,3000,97000,-94000,-94000
058191,祥碩永豐99購01  ,0,0,0,0,0,0,0,0,0,-94000,0,0,0,277000,371000,-94000,-94000
049154,玉晶光元大95購02,0,0,0,0,0,0,0,0,0,-94000,0,0,0,54000,148000,-94000,-94000
048676,和鑫國泰94購02  ,0,0,0,0,0,0,0,0,0,-94000,0,0,0,16000,110000,-94000,-94000
047536,正崴日盛93購01  ,0,0,0,0,0,0,0,0,0,-94000,0,0,0,0,94000,-94000,-94000
048905,旺宏富邦96購01  ,0,0,0,0,0,0,0,0,0,-94000,0,0,0,310000,404000,-94000,-94000
06624P,訊芯元大98售06  ,0,0,0,0,0,0,0,0,0,-94000,0,0,0,86000,180000,-94000,-94000
06790P,台積電凱基9A售04,0,0,0,0,0,0,0,0,0,-94000,0,0,0,56000,150000,-94000,-94000
3018,同開            ,17302,112000,-94698,0,0,0,0,0,0,0,0,0,0,0,0,0,-94698
057818,泰碩元大9A購01  ,0,0,0,0,0,0,0,0,0,-95000,0,0,0,100000,195000,-95000,-95000
057697,國巨群益98購09  ,0,0,0,0,0,0,0,0,0,-95000,0,0,0,0,95000,-95000,-95000
05651P,大立光元大97售02,0,0,0,0,0,0,0,0,0,-95000,0,0,0,100000,195000,-95000,-95000
056408,奇鋐國票99購01  ,0,0,0,0,0,0,0,0,0,-95000,0,0,0,5000,100000,-95000,-95000
049436,義隆國泰96購02  ,0,0,0,0,0,0,0,0,0,-95000,0,0,0,20000,115000,-95000,-95000
05330P,臺股指凱基95售14,0,0,0,0,0,0,0,0,0,-95000,0,0,0,0,95000,-95000,-95000
050750,上銀統一94購02  ,0,0,0,0,0,0,0,0,0,-95000,0,0,0,150000,245000,-95000,-95000
054753,復盛凱基98購01  ,0,0,0,0,0,0,0,0,0,-95000,0,0,0,2000,97000,-95000,-95000
054570,易華電群益98購01,0,0,0,0,0,0,0,0,0,-95000,0,0,0,11000,106000,-95000,-95000
06855P,聯發科富邦9A售01,0,0,0,0,0,0,0,0,0,-95000,0,0,0,484000,579000,-95000,-95000
2208,台船            ,13000,108000,-95000,0,0,0,0,0,0,0,0,0,0,0,0,0,-95000
056300,聯發科元大97購23,0,0,0,0,0,0,0,0,0,-96000,0,0,0,526000,622000,-96000,-96000
056513,臻鼎亞東99購01  ,0,0,0,0,0,0,0,0,0,-96000,0,0,0,52000,148000,-96000,-96000
057365,智邦元大98購07  ,0,0,0,0,0,0,0,0,0,-96000,0,0,0,34000,130000,-96000,-96000
053054,禾伸堂國票97購01,0,0,0,0,0,0,0,0,0,-96000,0,0,0,26000,122000,-96000,-96000
051974,華新科凱基96購05,0,0,0,0,0,0,0,0,0,-96000,0,0,0,24000,120000,-96000,-96000
054851,樺漢兆豐97購01  ,0,0,0,0,0,0,0,0,0,-96000,0,0,0,0,96000,-96000,-96000
053755,亞光元富96購01  ,0,0,0,0,0,0,0,0,0,-96000,0,0,0,8000,104000,-96000,-96000
054017,茂林永豐96購02  ,0,0,0,0,0,0,0,0,0,-96000,0,0,0,30000,126000,-96000,-96000
055587,智邦元大97購02  ,0,0,0,0,0,0,0,0,0,-96000,0,0,0,103000,199000,-96000,-96000
056751,和大兆豐98購01  ,0,0,0,0,0,0,0,0,0,-97000,0,0,0,3000,100000,-97000,-97000
056443,南亞科凱基98購03,0,0,0,0,0,0,0,0,0,-97000,0,0,0,6000,103000,-97000,-97000
056162,祥碩凱基97購03  ,0,0,0,0,0,0,0,0,0,-97000,0,0,0,76000,173000,-97000,-97000
056177,嘉澤元富97購01  ,0,0,0,0,0,0,0,0,0,-97000,0,0,0,0,97000,-97000,-97000
058080,台積電群益98購06,0,0,0,0,0,0,0,0,0,-97000,0,0,0,317000,414000,-97000,-97000
04820P,聯茂永豐94售02  ,0,0,0,0,0,0,0,0,0,-97000,0,0,0,10000,107000,-97000,-97000
050312,大立光兆豐94購04,0,0,0,0,0,0,0,0,0,-97000,0,0,0,0,97000,-97000,-97000
049890,嘉澤國泰95購01  ,0,0,0,0,0,0,0,0,0,-97000,0,0,0,10000,107000,-97000,-97000
05597P,鴻海元富96售06  ,0,0,0,0,0,0,0,0,0,-97000,0,0,0,10000,107000,-97000,-97000
055977,南亞科統一97購01,0,0,0,0,0,0,0,0,0,-97000,0,0,0,0,97000,-97000,-97000
057737,國巨富邦99購02  ,100000,0,100000,0,0,0,0,0,0,-198000,0,0,0,114000,312000,-198000,-98000
056720,世紀鋼永豐98購01,0,0,0,0,0,0,0,0,0,-98000,0,0,0,50000,148000,-98000,-98000
056858,國巨群益99購03  ,0,0,0,0,0,0,0,0,0,-98000,0,0,0,0,98000,-98000,-98000
048700,和鑫國票95購01  ,0,0,0,0,0,0,0,0,0,-98000,0,0,0,0,98000,-98000,-98000
047355,世紀鋼凱基94購01,0,0,0,0,0,0,0,0,0,-98000,0,0,0,495000,593000,-98000,-98000
053322,京鼎群益97購01  ,0,0,0,0,0,0,0,0,0,-98000,0,0,0,0,98000,-98000,-98000
055700,緯穎國泰98購02  ,0,0,0,0,0,0,0,0,0,-98000,0,0,0,22000,120000,-98000,-98000
054797,臻鼎群益97購01  ,0,0,0,0,0,0,0,0,0,-98000,0,0,0,0,98000,-98000,-98000
054648,智原群益98購01  ,0,0,0,0,0,0,0,0,0,-98000,0,0,0,22000,120000,-98000,-98000
056762,亞德客元大98購01,0,0,0,0,0,0,0,0,0,-99000,0,0,0,33000,132000,-99000,-99000
057114,台虹群益98購01  ,0,0,0,0,0,0,0,0,0,-99000,0,0,0,39000,138000,-99000,-99000
05646P,聯發科國票96售05,0,0,0,0,0,0,0,0,0,-99000,0,0,0,0,99000,-99000,-99000
056449,義隆凱基98購03  ,0,0,0,0,0,0,0,0,0,-99000,0,0,0,341000,440000,-99000,-99000
03765P,大立光元富96售01,0,0,0,0,0,0,0,0,0,-99000,0,0,0,1000,100000,-99000,-99000
050581,美食國票94購02  ,0,0,0,0,0,0,0,0,0,-99000,0,0,0,0,99000,-99000,-99000
050484,世紀鋼國票95購02,0,0,0,0,0,0,0,0,0,-99000,0,0,0,0,99000,-99000,-99000
052286,力成凱基95購02  ,0,0,0,0,0,0,0,0,0,-99000,0,0,0,3000,102000,-99000,-99000
053888,和大群益97購01  ,0,0,0,0,0,0,0,0,0,-99000,0,0,0,60000,159000,-99000,-99000
053496,義隆兆豐96購02  ,0,0,0,0,0,0,0,0,0,-99000,0,0,0,82000,181000,-99000,-99000
055710,亞德客元大97購03,0,0,0,0,0,0,0,0,0,-99000,0,0,0,145000,244000,-99000,-99000
055742,健策元富97購02  ,0,0,0,0,0,0,0,0,0,-99000,0,0,0,0,99000,-99000,-99000
055009,合勤控元富97購01,0,0,0,0,0,0,0,0,0,-99000,0,0,0,0,99000,-99000,-99000
057168,旺宏元大99購03  ,0,0,0,0,0,0,0,0,0,-100000,0,0,0,0,100000,-100000,-100000
05714P,群創統一97售03  ,0,0,0,0,0,0,0,0,0,-100000,0,0,0,0,100000,-100000,-100000
057372,華新科元大99購10,0,0,0,0,0,0,0,0,0,-100000,0,0,0,10000,110000,-100000,-100000
057325,可成群益9A購01  ,0,0,0,0,0,0,0,0,0,-100000,0,0,0,32000,132000,-100000,-100000
057292,國巨國泰9B購01  ,0,0,0,0,0,0,0,0,0,-100000,0,0,0,70000,170000,-100000,-100000
05689P,滬深2X中信97售02,0,0,0,0,0,0,0,0,0,-100000,0,0,0,0,100000,-100000,-100000
056927,T50反1台新02購01,0,0,0,0,0,0,0,0,0,-100000,0,0,0,0,100000,-100000,-100000
05692P,聯發科中信9A售02,0,0,0,0,0,0,0,0,0,-100000,0,0,0,0,100000,-100000,-100000
057830,T50反1台新02購02,0,0,0,0,0,0,0,0,0,-100000,0,0,0,0,100000,-100000,-100000
05784P,臺股指元大96售18,0,0,0,0,0,0,0,0,0,-100000,0,0,0,0,100000,-100000,-100000
057921,可成凱基98購09  ,0,0,0,0,0,0,0,0,0,-100000,0,0,0,0,100000,-100000,-100000
057581,元大金中信9A購01,0,0,0,0,0,0,0,0,0,-100000,0,0,0,0,100000,-100000,-100000
057665,技嘉元大99購01  ,0,0,0,0,0,0,0,0,0,-100000,0,0,0,7000,107000,-100000,-100000
057398,台郡中信99購01  ,0,0,0,0,0,0,0,0,0,-100000,0,0,0,160000,260000,-100000,-100000
058274,世紀鋼永豐99購01,0,0,0,0,0,0,0,0,0,-100000,0,0,0,0,100000,-100000,-100000
058358,技嘉凱基9A購01  ,0,0,0,0,0,0,0,0,0,-100000,0,0,0,0,100000,-100000,-100000
05890P,彩晶元大99售01  ,0,0,0,0,0,0,0,0,0,-100000,0,0,0,0,100000,-100000,-100000
03657C,T50反1元大99牛01,0,0,0,0,0,0,0,0,0,-100000,0,0,0,0,100000,-100000,-100000
04711P,台光電元大94售05,0,0,0,0,0,0,0,0,0,-100000,0,0,0,0,100000,-100000,-100000
046999,康控富邦99購01  ,0,0,0,0,0,0,0,0,0,-100000,0,0,0,0,100000,-100000,-100000
044340,TPK統一93購01   ,0,0,0,0,0,0,0,0,0,-100000,0,0,0,0,100000,-100000,-100000
03267P,台灣50元大02售06,0,0,0,0,0,0,0,0,0,-100000,0,0,0,30000,130000,-100000,-100000
03429B,臺股指元富97熊07,0,0,0,0,0,0,0,0,0,-100000,0,0,0,0,100000,-100000,-100000
04348P,燿華國票94售01  ,0,0,0,0,0,0,0,0,0,-100000,0,0,0,0,100000,-100000,-100000
04741P,台積電統一94售10,0,0,0,0,0,0,0,0,0,-100000,0,0,0,0,100000,-100000,-100000
045685,康控元大95購01  ,0,0,0,0,0,0,0,0,0,-100000,0,0,0,0,100000,-100000,-100000
049281,嘉聯益國票95購01,0,0,0,0,0,0,0,0,0,-100000,0,0,0,0,100000,-100000,-100000
049145,南亞科元大94購01,0,0,0,0,0,0,0,0,0,-100000,0,0,0,0,100000,-100000,-100000
048331,臺指反富邦97購01,0,0,0,0,0,0,0,0,0,-100000,0,0,0,0,100000,-100000,-100000
051456,鈺齊元大95購01  ,0,0,0,0,0,0,0,0,0,-100000,0,0,0,0,100000,-100000,-100000
051467,GIS富邦96購01   ,0,0,0,0,0,0,0,0,0,-100000,0,0,0,0,100000,-100000,-100000
051522,玉晶光凱基95購05,0,0,0,0,0,0,0,0,0,-100000,0,0,0,14000,114000,-100000,-100000
049814,超眾元大95購04  ,0,0,0,0,0,0,0,0,0,-100000,0,0,0,0,100000,-100000,-100000
048890,傳奇元富97購01  ,0,0,0,0,0,0,0,0,0,-100000,0,0,0,0,100000,-100000,-100000
048821,光磊凱基95購01  ,0,0,0,0,0,0,0,0,0,-100000,0,0,0,0,100000,-100000,-100000
049355,元油2X富邦96購04,0,0,0,0,0,0,0,0,0,-100000,0,0,0,0,100000,-100000,-100000
049731,A50正2群益94購02,0,0,0,0,0,0,0,0,0,-100000,0,0,0,0,100000,-100000,-100000
052327,聯詠中信95購03  ,0,0,0,0,0,0,0,0,0,-100000,0,0,0,0,100000,-100000,-100000
052372,台泥元大95購02  ,0,0,0,0,0,0,0,0,0,-100000,0,0,0,0,100000,-100000,-100000
051787,燿華國票96購02  ,0,0,0,0,0,0,0,0,0,-100000,0,0,0,0,100000,-100000,-100000
05123P,鴻海永昌96售07  ,0,0,0,0,0,0,0,0,0,-100000,0,0,0,503000,603000,-100000,-100000
049926,智易元大95購02  ,0,0,0,0,0,0,0,0,0,-100000,0,0,0,0,100000,-100000,-100000
049949,燿華群益96購01  ,0,0,0,0,0,0,0,0,0,-100000,0,0,0,0,100000,-100000,-100000
051141,鈺齊永豐95購01  ,0,0,0,0,0,0,0,0,0,-100000,0,0,0,0,100000,-100000,-100000
051640,GIS國票96購03   ,0,0,0,0,0,0,0,0,0,-100000,0,0,0,30000,130000,-100000,-100000
051795,T50反1台新05購02,0,0,0,0,0,0,0,0,0,-100000,0,0,0,0,100000,-100000,-100000
050618,緯創元大95購01  ,0,0,0,0,0,0,0,0,0,-100000,0,0,0,0,100000,-100000,-100000
051071,聯發科國票96購01,0,0,0,0,0,0,0,0,0,-100000,0,0,0,0,100000,-100000,-100000
05274P,嘉聯益亞東95售01,0,0,0,0,0,0,0,0,0,-100000,0,0,0,0,100000,-100000,-100000
052765,新日興群益97購01,0,0,0,0,0,0,0,0,0,-100000,0,0,0,159000,259000,-100000,-100000
052779,欣興國票97購01  ,0,0,0,0,0,0,0,0,0,-100000,0,0,0,0,100000,-100000,-100000
053457,旺宏國泰98購03  ,0,0,0,0,0,0,0,0,0,-100000,0,0,0,31000,131000,-100000,-100000
052935,康友元大96購03  ,0,0,0,0,0,0,0,0,0,-100000,0,0,0,14000,114000,-100000,-100000
054882,台光電統一97購02,0,0,0,0,0,0,0,0,0,-100000,0,0,0,0,100000,-100000,-100000
054861,智邦群益97購01  ,0,0,0,0,0,0,0,0,0,-100000,0,0,0,157000,257000,-100000,-100000
054915,興勤凱基97購01  ,0,0,0,0,0,0,0,0,0,-100000,0,0,0,0,100000,-100000,-100000
05522P,友達元富96售02  ,0,0,0,0,0,0,0,0,0,-100000,0,0,0,0,100000,-100000,-100000
055757,大成鋼群益99購01,0,0,0,0,0,0,0,0,0,-100000,0,0,0,0,100000,-100000,-100000
05577P,上銀凱基96售02  ,0,0,0,0,0,0,0,0,0,-100000,0,0,0,0,100000,-100000,-100000
05595P,友達統一96售02  ,0,0,0,0,0,0,0,0,0,-100000,0,0,0,0,100000,-100000,-100000
055840,南亞科元大97購03,0,0,0,0,0,0,0,0,0,-100000,0,0,0,1000,101000,-100000,-100000
056012,勤誠中信99購01  ,0,0,0,0,0,0,0,0,0,-100000,0,0,0,0,100000,-100000,-100000
053622,臺股指群益96購08,0,0,0,0,0,0,0,0,0,-100000,0,0,0,0,100000,-100000,-100000
053871,臻鼎元大96購03  ,0,0,0,0,0,0,0,0,0,-100000,0,0,0,0,100000,-100000,-100000
054653,聯發科麥證97購02,0,0,0,0,100000,-100000,0,0,0,-100000,0,0,0,0,100000,-100000,-100000
05474P,智邦亞東95售01  ,0,0,0,0,0,0,0,0,0,-100000,0,0,0,0,100000,-100000,-100000
054706,TPK亞東97購01   ,0,0,0,0,0,0,0,0,0,-100000,0,0,0,0,100000,-100000,-100000
054329,華新科永豐96購02,0,0,0,0,0,0,0,0,0,-100000,0,0,0,0,100000,-100000,-100000
054325,奇力新台新97購03,0,0,0,0,0,0,0,0,0,-100000,0,0,0,0,100000,-100000,-100000
054279,揚明光群益98購01,0,0,0,0,0,0,0,0,0,-100000,0,0,0,0,100000,-100000,-100000
054202,樺漢富邦97購01  ,0,0,0,0,0,0,0,0,0,-100000,0,0,0,0,100000,-100000,-100000
06902P,聯電凱基98售02  ,0,0,0,0,0,0,0,0,0,-100000,0,0,0,21000,121000,-100000,-100000
08795P,聯發科凱基01售11,0,0,0,0,0,0,0,0,0,-100000,0,0,0,0,100000,-100000,-100000
06453P,群創元大9B售02  ,0,0,0,0,0,0,0,0,0,-100000,0,0,0,0,100000,-100000,-100000
058146,勤誠元大99購01  ,0,0,0,0,0,0,0,0,0,-101000,0,0,0,0,101000,-101000,-101000
058036,南電永豐98購01  ,0,0,0,0,0,0,0,0,0,-101000,0,0,0,26000,127000,-101000,-101000
057663,國巨元大99購08  ,0,0,0,0,0,0,0,0,0,-101000,0,0,0,22000,123000,-101000,-101000
05705P,上証2X永豐96售03,0,0,0,0,0,0,0,0,0,-101000,0,0,0,11000,112000,-101000,-101000
056792,訊芯群益98購01  ,0,0,0,0,0,0,0,0,0,-101000,0,0,0,0,101000,-101000,-101000
057207,立積元富98購02  ,0,0,0,0,0,0,0,0,0,-101000,0,0,0,14000,115000,-101000,-101000
057068,國巨永豐98購06  ,0,0,0,0,0,0,0,0,0,-101000,0,0,0,20000,121000,-101000,-101000
049498,茂林元大95購01  ,0,0,0,0,0,0,0,0,0,-101000,0,0,0,30000,131000,-101000,-101000
051945,智邦統一95購03  ,0,0,0,0,0,0,0,0,0,-101000,0,0,0,384000,485000,-101000,-101000
052230,大立光凱基96購09,0,0,0,0,0,0,0,0,0,-101000,0,0,0,5000,106000,-101000,-101000
055841,南亞科元大97購04,0,0,0,0,0,0,0,0,0,-101000,0,0,0,4000,105000,-101000,-101000
055477,同欣電凱基98購01,0,0,0,0,0,0,0,0,0,-101000,0,0,0,23000,124000,-101000,-101000
055176,大毅統一98購02  ,0,0,0,0,0,0,0,0,0,-101000,0,0,0,0,101000,-101000,-101000
06093P,華通元富97售03  ,0,0,0,0,0,0,0,0,0,-101000,0,0,0,55000,156000,-101000,-101000
06737P,台郡凱基98售07  ,0,0,0,0,0,0,0,0,0,-101000,0,0,0,29000,130000,-101000,-101000
08218P,滬深2X凱基96售01,0,0,0,0,0,0,0,0,0,-101000,0,0,0,0,101000,-101000,-101000
057083,立積統一98購01  ,0,0,0,0,0,0,0,0,0,-102000,0,0,0,0,102000,-102000,-102000
056788,日月光群益98購01,0,0,0,0,0,0,0,0,0,-102000,0,0,0,33000,135000,-102000,-102000
056335,微星凱基98購01  ,0,0,0,0,0,0,0,0,0,-102000,0,0,0,62000,164000,-102000,-102000
056336,南亞科凱基98購02,0,0,0,0,0,0,0,0,0,-102000,0,0,0,6000,108000,-102000,-102000
049478,祥碩永豐94購02  ,0,0,0,0,0,0,0,0,0,-102000,0,0,0,55000,157000,-102000,-102000
041528,國泰金中信93購01,0,0,0,0,0,0,0,0,0,-102000,0,0,0,30000,132000,-102000,-102000
050083,旺宏元富94購01  ,0,0,0,0,0,0,0,0,0,-102000,0,0,0,89000,191000,-102000,-102000
051962,晶相光永豐95購02,0,0,0,0,0,0,0,0,0,-102000,0,0,0,46000,148000,-102000,-102000
053265,南亞科群益96購02,0,0,0,0,0,0,0,0,0,-102000,0,0,0,101000,203000,-102000,-102000
055341,台達電凱基97購02,0,0,0,0,0,0,0,0,0,-102000,0,0,0,30000,132000,-102000,-102000
054022,南亞康和96購01  ,0,0,0,0,0,0,0,0,0,-102000,0,0,0,0,102000,-102000,-102000
053625,國巨兆豐96購03  ,0,0,0,0,0,0,0,0,0,-102000,0,0,0,153000,255000,-102000,-102000
06471P,臺股指凱基99售11,0,0,0,0,0,0,0,0,0,-102000,0,0,0,86000,188000,-102000,-102000
9935,慶豐富          ,157000,340000,-183000,0,0,0,0,0,0,81000,81000,0,81000,0,0,0,-102000
9802,鈺齊-KY         ,402562,856000,-453438,0,0,0,189000,0,189000,162000,0,3000,-3000,220000,55000,165000,-102438
056341,宏達電凱基9A購01,0,0,0,0,0,0,0,0,0,-103000,0,0,0,43000,146000,-103000,-103000
056971,麗豐永豐98購01  ,0,0,0,0,0,0,0,0,0,-103000,0,0,0,69000,172000,-103000,-103000
053199,旺宏日盛96購01  ,0,0,0,0,0,0,0,0,0,-103000,0,0,0,10000,113000,-103000,-103000
053445,可成凱基96購04  ,0,0,0,0,0,0,0,0,0,-103000,0,0,0,118000,221000,-103000,-103000
052912,日月光統一96購01,0,0,0,0,0,0,0,0,0,-103000,0,0,0,60000,163000,-103000,-103000
05307P,光寶科中信95售01,0,0,0,0,0,0,0,0,0,-103000,0,0,0,0,103000,-103000,-103000
052606,聯發科元大97購04,0,0,0,0,0,0,0,0,0,-103000,0,0,0,180000,283000,-103000,-103000
050708,臺股指凱基96購06,0,0,0,0,0,0,0,0,0,-103000,0,0,0,160000,263000,-103000,-103000
06674P,祥碩群益98售02  ,0,0,0,0,0,0,0,0,0,-103000,0,0,0,38000,141000,-103000,-103000
06879P,長榮航凱基98售02,0,0,0,0,0,0,0,0,0,-103000,0,0,0,0,103000,-103000,-103000
056536,義隆凱基98購04  ,0,0,0,0,0,0,0,0,0,-104000,0,0,0,61000,165000,-104000,-104000
057726,華通國泰9A購01  ,0,0,0,0,0,0,0,0,0,-104000,0,0,0,21000,125000,-104000,-104000
058396,力山元大99購01  ,0,0,0,0,0,0,0,0,0,-104000,0,0,0,0,104000,-104000,-104000
049017,旺宏群益96購03  ,0,0,0,0,0,0,0,0,0,-104000,0,0,0,162000,266000,-104000,-104000
051372,樺漢富邦96購01  ,0,0,0,0,0,0,0,0,0,-104000,0,0,0,0,104000,-104000,-104000
051117,臺指反群益95購02,0,0,0,0,0,0,0,0,0,-104000,0,0,0,0,104000,-104000,-104000
051990,泰碩元大95購01  ,0,0,0,0,0,0,0,0,0,-104000,0,0,0,10000,114000,-104000,-104000
052559,茂林國票97購01  ,0,0,0,0,0,0,0,0,0,-104000,0,0,0,22000,126000,-104000,-104000
054913,億光凱基97購01  ,0,0,0,0,0,0,0,0,0,-104000,0,0,0,83000,187000,-104000,-104000
06665P,欣興兆豐99售01  ,0,0,0,0,0,0,0,0,0,-104000,0,0,0,0,104000,-104000,-104000
05928P,華邦電康和96售01,0,0,0,0,0,0,0,0,0,-105000,0,0,0,0,105000,-105000,-105000
057911,國巨日盛98購01  ,0,0,0,0,0,0,0,0,0,-105000,0,0,0,16000,121000,-105000,-105000
057683,技嘉日盛98購01  ,0,0,0,0,0,0,0,0,0,-105000,0,0,0,0,105000,-105000,-105000
057399,滬深反群益9C購01,0,0,0,0,0,0,0,0,0,-105000,0,0,0,0,105000,-105000,-105000
047616,鴻海凱基94購10  ,0,0,0,0,0,0,0,0,0,-105000,0,0,0,0,105000,-105000,-105000
04876P,台光電中信94售02,0,0,0,0,0,0,0,0,0,-105000,0,0,0,0,105000,-105000,-105000
03428B,臺股指凱基97熊18,0,0,0,0,0,0,0,0,0,-105000,0,0,0,0,105000,-105000,-105000
048270,T50反1富邦99購01,0,0,0,0,0,0,0,0,0,-105000,0,0,0,0,105000,-105000,-105000
050279,彩晶第一94購01  ,0,0,0,0,0,0,0,0,0,-105000,0,0,0,0,105000,-105000,-105000
052507,日月光日盛95購02,0,0,0,0,0,0,0,0,0,-105000,0,0,0,0,105000,-105000,-105000
052514,嘉澤凱基96購01  ,0,0,0,0,0,0,0,0,0,-105000,0,0,0,0,105000,-105000,-105000
050432,聯發科凱基94購19,0,0,0,0,0,0,0,0,0,-105000,0,0,0,0,105000,-105000,-105000
052285,康控凱基95購02  ,0,0,0,0,0,0,0,0,0,-105000,0,0,0,0,105000,-105000,-105000
052761,可成群益96購02  ,0,0,0,0,0,0,0,0,0,-105000,0,0,0,123000,228000,-105000,-105000
053079,世紀鋼永豐96購01,0,0,0,0,0,0,0,0,0,-105000,0,0,0,0,105000,-105000,-105000
053033,智易兆豐97購01  ,0,0,0,0,0,0,0,0,0,-105000,0,0,0,0,105000,-105000,-105000
05284P,鴻海兆豐95售04  ,0,0,0,0,0,0,0,0,0,-105000,0,0,0,0,105000,-105000,-105000
053218,TPK凱基96購01   ,0,0,0,0,0,0,0,0,0,-105000,0,0,0,0,105000,-105000,-105000
056014,上銀群益97購02  ,0,0,0,0,0,0,0,0,0,-105000,0,0,0,27000,132000,-105000,-105000
053726,TPK凱基96購02   ,0,0,0,0,0,0,0,0,0,-105000,0,0,0,0,105000,-105000,-105000
06929P,鴻海元大99售11  ,0,0,0,0,0,0,0,0,0,-105000,0,0,0,0,105000,-105000,-105000
057976,旺宏永豐98購03  ,0,0,0,0,0,0,0,0,0,-106000,0,0,0,68000,174000,-106000,-106000
057243,樺漢凱基99購01  ,0,0,0,0,0,0,0,0,0,-106000,0,0,0,0,106000,-106000,-106000
046568,臻鼎元富95購01  ,0,0,0,0,0,0,0,0,0,-106000,0,0,0,181000,287000,-106000,-106000
049124,可成元富94購02  ,0,0,0,0,0,0,0,0,0,-106000,0,0,0,20000,126000,-106000,-106000
052929,可成元大96購02  ,0,0,0,0,0,0,0,0,0,-106000,0,0,0,47000,153000,-106000,-106000
052052,嘉澤凱基95購02  ,0,0,0,0,0,0,0,0,0,-106000,0,0,0,0,106000,-106000,-106000
053757,聯發科國泰96購04,0,0,0,0,0,0,0,0,0,-106000,0,0,0,0,106000,-106000,-106000
054173,奇力新台新97購02,0,0,0,0,0,0,0,0,0,-106000,0,0,0,0,106000,-106000,-106000
054739,義隆凱基98購02  ,0,0,0,0,0,0,0,0,0,-106000,0,0,0,20000,126000,-106000,-106000
054788,華新科群益98購02,0,0,0,0,0,0,0,0,0,-106000,0,0,0,22000,128000,-106000,-106000
054539,欣興國票98購01  ,0,0,0,0,0,0,0,0,0,-106000,0,0,0,0,106000,-106000,-106000
056124,華通國票98購02  ,0,0,0,0,0,0,0,0,0,-106000,0,0,0,0,106000,-106000,-106000
055013,訊連元富97購01  ,0,0,0,0,0,0,0,0,0,-106000,0,0,0,70000,176000,-106000,-106000
06110P,國巨國泰98售02  ,0,0,0,0,0,0,0,0,0,-106000,0,0,0,24000,130000,-106000,-106000
3443,創意            ,102000,68000,34000,0,0,0,0,138000,-138000,-2000,0,0,0,4000,6000,-2000,-106000
056760,元油2X元大98購06,0,0,0,0,0,0,0,0,0,-107000,0,0,0,0,107000,-107000,-107000
056560,旺宏群益98購03  ,0,0,0,0,0,0,0,0,0,-107000,0,0,0,141000,248000,-107000,-107000
046884,元油反群益95購01,0,0,0,0,0,0,0,0,0,-107000,0,0,0,10000,117000,-107000,-107000
052042,台積電日盛95購02,0,0,0,0,0,0,0,0,0,-107000,0,0,0,657000,764000,-107000,-107000
05332P,臺股指國票95售01,0,0,0,0,0,0,0,0,0,-107000,0,0,0,0,107000,-107000,-107000
050760,矽力元富94購03  ,0,0,0,0,0,0,0,0,0,-107000,0,0,0,25000,132000,-107000,-107000
054583,玉晶光統一97購02,0,0,0,0,0,0,0,0,0,-107000,0,0,0,0,107000,-107000,-107000
053836,亞光永豐96購02  ,0,0,0,0,0,0,0,0,0,-107000,0,0,0,0,107000,-107000,-107000
053870,正文元大96購01  ,0,0,0,0,0,0,0,0,0,-107000,0,0,0,0,107000,-107000,-107000
053596,嘉澤元大96購01  ,0,0,0,0,0,0,0,0,0,-107000,0,0,0,62000,169000,-107000,-107000
056717,康友永豐98購01  ,0,0,0,0,0,0,0,0,0,-108000,0,0,0,18000,126000,-108000,-108000
056266,開發金統一9A購01,0,0,0,0,0,0,0,0,0,-108000,0,0,0,0,108000,-108000,-108000
057329,緯穎群益98購02  ,0,0,0,0,0,0,0,0,0,-108000,0,0,0,100000,208000,-108000,-108000
057206,立積元富98購01  ,0,0,0,0,0,0,0,0,0,-108000,0,0,0,0,108000,-108000,-108000
06006P,欣興永豐96售04  ,0,0,0,0,0,0,0,0,0,-108000,0,0,0,67000,175000,-108000,-108000
057551,華新科凱基98購06,0,0,0,0,0,0,0,0,0,-108000,0,0,0,30000,138000,-108000,-108000
049588,聯發科元大94購06,0,0,0,0,0,0,0,0,0,-108000,0,0,0,0,108000,-108000,-108000
049696,欣興元大95購02  ,0,0,0,0,0,0,0,0,0,-108000,0,0,0,22000,130000,-108000,-108000
051999,勤誠元大95購01  ,0,0,0,0,0,0,0,0,0,-108000,0,0,0,12000,120000,-108000,-108000
052005,矽力國泰97購02  ,0,0,0,0,0,0,0,0,0,-108000,0,0,0,65000,173000,-108000,-108000
053566,大立光富邦99購03,0,0,0,0,0,0,0,0,0,-108000,0,0,0,0,108000,-108000,-108000
054277,亞光群益97購01  ,0,0,0,0,0,0,0,0,0,-108000,0,0,0,0,108000,-108000,-108000
06265P,美律凱基97售01  ,0,0,0,0,0,0,0,0,0,-108000,0,0,0,26000,134000,-108000,-108000
05949P,台積電國票96售09,0,0,0,0,0,0,0,0,0,-109000,0,0,0,101000,210000,-109000,-109000
056949,義隆統一98購01  ,0,0,0,0,0,0,0,0,0,-109000,0,0,0,40000,149000,-109000,-109000
048281,矽力永豐93購02  ,0,0,0,0,0,0,0,0,0,-109000,0,0,0,30000,139000,-109000,-109000
055119,力成凱基98購01  ,0,0,0,0,0,0,0,0,0,-109000,0,0,0,3000,112000,-109000,-109000
057177,奇力新元大99購04,0,0,0,0,0,0,0,0,0,-110000,0,0,0,0,110000,-110000,-110000
05628P,茂林國票97售02  ,0,0,0,0,0,0,0,0,0,-110000,0,0,0,40000,150000,-110000,-110000
056486,樺漢元大98購04  ,0,0,0,0,0,0,0,0,0,-110000,0,0,0,50000,160000,-110000,-110000
05999P,世芯元大96售01  ,0,0,0,0,0,0,0,0,0,-110000,0,0,0,187000,297000,-110000,-110000
058455,玉晶光永豐99購03,0,0,0,0,0,0,0,0,0,-110000,0,0,0,0,110000,-110000,-110000
057610,致茂元富98購02  ,0,0,0,0,0,0,0,0,0,-110000,0,0,0,0,110000,-110000,-110000
057969,緯穎國泰99購01  ,0,0,0,0,0,0,0,0,0,-110000,0,0,0,130000,240000,-110000,-110000
057836,南亞科國泰9A購01,0,0,0,0,0,0,0,0,0,-110000,0,0,0,0,110000,-110000,-110000
057816,欣興元大98購13  ,0,0,0,0,0,0,0,0,0,-110000,0,0,0,21000,131000,-110000,-110000
050283,T50反1凱基9A購01,0,0,0,0,0,0,0,0,0,-110000,0,0,0,20000,130000,-110000,-110000
051761,富邦金元大96購01,0,0,0,0,0,0,0,0,0,-110000,0,0,0,0,110000,-110000,-110000
05034P,台積電元大95售08,0,0,0,0,0,0,0,0,0,-110000,0,0,0,89000,199000,-110000,-110000
050817,可成凱基95購01  ,0,0,0,0,0,0,0,0,0,-110000,0,0,0,42000,152000,-110000,-110000
051039,台表科康和95購01,0,0,0,0,0,0,0,0,0,-110000,0,0,0,0,110000,-110000,-110000
051316,T50反1國票95購02,0,0,0,0,0,0,0,0,0,-110000,0,0,0,50000,160000,-110000,-110000
055958,台光電元大97購02,0,0,0,0,0,0,0,0,0,-110000,0,0,0,13000,123000,-110000,-110000
054737,京元電凱基99購01,0,0,0,0,0,0,0,0,0,-110000,0,0,0,0,110000,-110000,-110000
06164P,臺股指凱基97售04,0,0,0,0,0,0,0,0,0,-110000,0,0,0,0,110000,-110000,-110000
06183P,大立光元大97售05,0,0,0,0,0,0,0,0,0,-110000,0,0,0,0,110000,-110000,-110000
057458,TPK富邦9A購01   ,0,0,0,0,0,0,0,0,0,-111000,0,0,0,25000,136000,-111000,-111000
058320,華新科永豐99購02,0,0,0,0,0,0,0,0,0,-111000,0,0,0,0,111000,-111000,-111000
043442,大立光台新01購01,0,0,0,0,0,0,0,0,0,-111000,0,0,0,6000,117000,-111000,-111000
053229,南電台新97購01  ,0,0,0,0,0,0,0,0,0,-111000,0,0,0,22000,133000,-111000,-111000
049880,健策永豐94購02  ,0,0,0,0,0,0,0,0,0,-111000,0,0,0,10000,121000,-111000,-111000
051614,元金2X凱基97購01,0,0,0,0,0,0,0,0,0,-111000,0,0,0,0,111000,-111000,-111000
051158,嘉晶富邦96購01  ,0,0,0,0,0,0,0,0,0,-111000,0,0,0,90000,201000,-111000,-111000
054600,中壽台新97購01  ,0,0,0,0,0,0,0,0,0,-111000,0,0,0,10000,121000,-111000,-111000
055928,南亞科群益97購02,0,0,0,0,0,0,0,0,0,-111000,0,0,0,19000,130000,-111000,-111000
056004,南電永豐97購02  ,0,0,0,0,0,0,0,0,0,-111000,0,0,0,60000,171000,-111000,-111000
054937,國巨元大97購03  ,0,0,0,0,0,0,0,0,0,-111000,0,0,0,120000,231000,-111000,-111000
058215,貿聯群益99購02  ,0,0,0,0,0,0,0,0,0,-112000,0,0,0,10000,122000,-112000,-112000
056942,昇陽半元富98購01,0,0,0,0,0,0,0,0,0,-112000,0,0,0,14000,126000,-112000,-112000
047144,華通群益94購01  ,0,0,0,0,0,0,0,0,0,-112000,0,0,0,17000,129000,-112000,-112000
048483,可成國泰95購01  ,0,0,0,0,0,0,0,0,0,-112000,0,0,0,85000,197000,-112000,-112000
048848,滬深2X群益98購02,0,0,0,0,0,0,0,0,0,-112000,0,0,0,182000,294000,-112000,-112000
049950,南亞科群益94購02,0,0,0,0,0,0,0,0,0,-112000,0,0,0,2000,114000,-112000,-112000
052719,致新凱基96購01  ,0,0,0,0,0,0,0,0,0,-112000,0,0,0,15000,127000,-112000,-112000
055234,昇陽半國票98購02,0,0,0,0,0,0,0,0,0,-112000,0,0,0,13000,125000,-112000,-112000
055785,祥碩凱基97購02  ,0,0,0,0,0,0,0,0,0,-112000,0,0,0,71000,183000,-112000,-112000
06189P,華新科永豐97售03,0,0,0,0,0,0,0,0,0,-112000,0,0,0,101000,213000,-112000,-112000
06506P,台郡國票99售02  ,0,0,0,0,0,0,0,0,0,-112000,0,0,0,0,112000,-112000,-112000
9919,康那香          ,716000,827000,-111000,0,0,0,0,0,0,-1000,0,1000,-1000,0,0,0,-112000
056709,華通永豐98購01  ,0,0,0,0,0,0,0,0,0,-113000,0,0,0,60000,173000,-113000,-113000
056702,欣興國泰9A購01  ,0,0,0,0,0,0,0,0,0,-113000,0,0,0,64000,177000,-113000,-113000
058227,台灣50元大9C購01,0,0,0,0,0,0,0,0,0,-113000,0,0,0,176000,289000,-113000,-113000
06028P,智邦台新97售01  ,0,0,0,0,0,0,0,0,0,-113000,0,0,0,0,113000,-113000,-113000
057406,茂林群益98購03  ,0,0,0,0,0,0,0,0,0,-113000,0,0,0,69000,182000,-113000,-113000
050251,樺漢凱基94購02  ,0,0,0,0,0,0,0,0,0,-113000,0,0,0,20000,133000,-113000,-113000
055546,台積電凱基97購12,0,0,0,0,0,0,0,0,0,-113000,0,0,0,5000,118000,-113000,-113000
05604P,聯發科元大96售10,0,0,0,0,0,0,0,0,0,-113000,0,0,0,250000,363000,-113000,-113000
055220,緯穎凱基98購02  ,0,0,0,0,0,0,0,0,0,-113000,0,0,0,122000,235000,-113000,-113000
055332,奇力新兆豐98購01,0,0,0,0,0,0,0,0,0,-113000,0,0,0,32000,145000,-113000,-113000
056437,台積電凱基98購11,0,0,0,0,0,0,0,0,0,-114000,0,0,0,16000,130000,-114000,-114000
057049,新日興元大98購02,0,0,0,0,0,0,0,0,0,-114000,0,0,0,73000,187000,-114000,-114000
056783,國巨群益99購01  ,0,0,0,0,0,0,0,0,0,-114000,0,0,0,16000,130000,-114000,-114000
056778,元石油群益9B購01,0,0,0,0,0,0,0,0,0,-114000,0,0,0,90000,204000,-114000,-114000
049872,聯發科台新94購03,0,0,0,0,0,0,0,0,0,-114000,0,0,0,0,114000,-114000,-114000
04977P,力成凱基96售01  ,0,0,0,0,0,0,0,0,0,-114000,0,0,0,0,114000,-114000,-114000
050290,南亞科凱基94購06,0,0,0,0,0,0,0,0,0,-114000,0,0,0,121000,235000,-114000,-114000
055474,欣興凱基97購05  ,0,0,0,0,0,0,0,0,0,-114000,0,0,0,221000,335000,-114000,-114000
05456P,鴻海凱基95售19  ,0,0,0,0,0,0,0,0,0,-114000,0,0,0,7000,121000,-114000,-114000
056812,泰鼎統一98購01  ,0,0,0,0,0,0,0,0,0,-115000,0,0,0,0,115000,-115000,-115000
057991,健策統一9C購01  ,0,0,0,0,0,0,0,0,0,-115000,0,0,0,106000,221000,-115000,-115000
051425,昇陽半國票97購01,0,0,0,0,0,0,0,0,0,-115000,0,0,0,0,115000,-115000,-115000
04794P,友達元大96售03  ,0,0,0,0,0,0,0,0,0,-115000,0,0,0,0,115000,-115000,-115000
048049,滬深反中信96購01,0,0,0,0,0,0,0,0,0,-115000,0,0,0,0,115000,-115000,-115000
052072,健策統一95購02  ,0,0,0,0,0,0,0,0,0,-115000,0,0,0,74000,189000,-115000,-115000
052254,康友永豐95購03  ,0,0,0,0,0,0,0,0,0,-115000,0,0,0,48000,163000,-115000,-115000
054810,中橡元大9A購01  ,0,0,0,0,0,0,0,0,0,-115000,0,0,0,26000,141000,-115000,-115000
053539,智易永豐96購01  ,0,0,0,0,0,0,0,0,0,-115000,0,0,0,0,115000,-115000,-115000
053592,亞光元大96購01  ,0,0,0,0,0,0,0,0,0,-115000,0,0,0,0,115000,-115000,-115000
054997,文曄元富97購01  ,0,0,0,0,0,0,0,0,0,-115000,0,0,0,51000,166000,-115000,-115000
06564P,國巨富邦9A售04  ,0,0,0,0,0,0,0,0,0,-115000,0,0,0,165000,280000,-115000,-115000
057912,美律日盛99購01  ,0,0,0,0,0,0,0,0,0,-116000,0,0,0,100000,216000,-116000,-116000
056551,台郡凱基98購04  ,0,0,0,0,0,0,0,0,0,-116000,0,0,0,0,116000,-116000,-116000
04871P,力成元富94售02  ,0,0,0,0,0,0,0,0,0,-116000,0,0,0,6000,122000,-116000,-116000
050789,矽創國泰96購01  ,0,0,0,0,0,0,0,0,0,-116000,0,0,0,18000,134000,-116000,-116000
053545,上銀凱基96購03  ,0,0,0,0,0,0,0,0,0,-116000,0,0,0,20000,136000,-116000,-116000
053707,A50正2凱基99購02,0,0,0,0,0,0,0,0,0,-116000,0,0,0,20000,136000,-116000,-116000
054450,聯茂第一96購01  ,0,0,0,0,0,0,0,0,0,-116000,0,0,0,50000,166000,-116000,-116000
06405P,億光元富97售02  ,0,0,0,0,0,0,0,0,0,-116000,0,0,0,14000,130000,-116000,-116000
056242,緯創群益9A購01  ,0,0,0,0,0,0,0,0,0,-117000,0,0,0,20000,137000,-117000,-117000
057835,華擎元富9B購01  ,0,0,0,0,0,0,0,0,0,-117000,0,0,0,97000,214000,-117000,-117000
049491,聯發科元大95購01,0,0,0,0,0,0,0,0,0,-117000,0,0,0,523000,640000,-117000,-117000
054085,華新科統一96購04,0,0,0,0,0,0,0,0,0,-117000,0,0,0,349000,466000,-117000,-117000
06846P,美律元大98售05  ,0,0,0,0,0,0,0,0,0,-117000,0,0,0,15000,132000,-117000,-117000
044247,道瓊反元富97購01,0,0,0,0,0,0,0,0,0,-118000,0,0,0,6000,124000,-118000,-118000
046191,新光金凱基98購01,0,0,0,0,0,0,0,0,0,-118000,0,0,0,5000,123000,-118000,-118000
052766,玉晶光群益9A購01,0,0,0,0,0,0,0,0,0,-118000,0,0,0,58000,176000,-118000,-118000
054038,T50反1元大98購04,0,0,0,0,0,0,0,0,0,-118000,0,0,0,77000,195000,-118000,-118000
056646,奇鋐凱基99購02  ,0,0,0,0,0,0,0,0,0,-119000,0,0,0,101000,220000,-119000,-119000
049316,茂林凱基94購02  ,0,0,0,0,0,0,0,0,0,-119000,0,0,0,0,119000,-119000,-119000
050417,喬山凱基94購01  ,450000,0,450000,0,0,0,0,0,0,-569000,0,0,0,0,569000,-569000,-119000
052561,矽創國票97購01  ,0,0,0,0,0,0,0,0,0,-119000,0,0,0,34000,153000,-119000,-119000
053761,健策國泰98購01  ,0,0,0,0,0,0,0,0,0,-119000,0,0,0,722000,841000,-119000,-119000
054293,健策元大98購02  ,0,0,0,0,0,0,0,0,0,-119000,0,0,0,150000,269000,-119000,-119000
054665,華通元富97購02  ,0,0,0,0,0,0,0,0,0,-119000,0,0,0,316000,435000,-119000,-119000
055714,智邦元大97購03  ,0,0,0,0,0,0,0,0,0,-119000,0,0,0,162000,281000,-119000,-119000
8021,尖點            ,165000,284000,-119000,0,0,0,0,0,0,0,0,0,0,0,0,0,-119000
056488,致新元大99購01  ,0,0,0,0,0,0,0,0,0,-120000,0,0,0,0,120000,-120000,-120000
056517,茂林兆豐99購01  ,0,0,0,0,0,0,0,0,0,-120000,0,0,0,10000,130000,-120000,-120000
057955,技嘉元大98購07  ,0,0,0,0,0,0,0,0,0,-120000,0,0,0,16000,136000,-120000,-120000
057819,新日興元大99購01,0,0,0,0,0,0,0,0,0,-120000,0,0,0,0,120000,-120000,-120000
048782,亞泥元大94購01  ,0,0,0,0,0,0,0,0,0,-120000,0,0,0,0,120000,-120000,-120000
049599,樺漢元大95購01  ,0,0,0,0,0,0,0,0,0,-120000,0,0,0,69000,189000,-120000,-120000
052079,康友元富98購01  ,0,0,0,0,0,0,0,0,0,-120000,0,0,0,9000,129000,-120000,-120000
05289P,鴻海永豐95售05  ,0,0,0,0,0,0,0,0,0,-120000,0,0,0,48000,168000,-120000,-120000
055709,深中小元大97購03,0,0,0,0,0,0,0,0,0,-120000,0,0,0,10000,130000,-120000,-120000
055949,亞德客元大97購04,0,0,0,0,0,0,0,0,0,-120000,0,0,0,14000,134000,-120000,-120000
05543P,鴻海元富96售04  ,0,0,0,0,0,0,0,0,0,-120000,0,0,0,13000,133000,-120000,-120000
053861,台光電元大98購01,0,0,0,0,0,0,0,0,0,-120000,0,0,0,14000,134000,-120000,-120000
053977,新日興元大96購03,0,0,0,0,0,0,0,0,0,-120000,0,0,0,7000,127000,-120000,-120000
057937,神達群益98購02  ,0,0,0,0,0,0,0,0,0,-121000,0,0,0,0,121000,-121000,-121000
057554,新日興凱基99購02,0,0,0,0,0,0,0,0,0,-121000,0,0,0,1000,122000,-121000,-121000
058026,上銀富邦9A購01  ,0,0,0,0,0,0,0,0,0,-121000,0,0,0,37000,158000,-121000,-121000
056926,日月光兆豐98購01,0,0,0,0,0,0,0,0,0,-121000,0,0,0,40000,161000,-121000,-121000
057173,南亞科元大98購04,0,0,0,0,0,0,0,0,0,-121000,0,0,0,0,121000,-121000,-121000
048109,旺宏群益94購02  ,0,0,0,0,0,0,0,0,0,-121000,0,0,0,16000,137000,-121000,-121000
052134,智邦凱基95購09  ,0,0,0,0,0,0,0,0,0,-121000,0,0,0,144000,265000,-121000,-121000
050505,可成凱基94購12  ,0,0,0,0,0,0,0,0,0,-121000,0,0,0,0,121000,-121000,-121000
053746,彰銀康和96購01  ,0,0,0,0,0,0,0,0,0,-121000,0,0,0,0,121000,-121000,-121000
054718,可成永豐97購01  ,0,0,0,0,0,0,0,0,0,-121000,0,0,0,74000,195000,-121000,-121000
8261,富鼎            ,22000,143000,-121000,0,0,0,0,0,0,0,0,0,0,0,0,0,-121000
06476P,臺股指永豐98售01,0,0,0,0,0,0,0,0,0,-121000,0,0,0,0,121000,-121000,-121000
057092,健策元富98購01  ,0,0,0,0,0,0,0,0,0,-122000,0,0,0,23000,145000,-122000,-122000
056961,凱美永豐98購01  ,0,0,0,0,0,0,0,0,0,-122000,0,0,0,0,122000,-122000,-122000
052307,潤泰全國泰96購01,0,0,0,0,0,0,0,0,0,-122000,0,0,0,0,122000,-122000,-122000
053437,啟碁日盛96購01  ,0,0,0,0,0,0,0,0,0,-122000,0,0,0,0,122000,-122000,-122000
055805,矽力永豐97購01  ,0,0,0,0,0,0,0,0,0,-122000,0,0,0,45000,167000,-122000,-122000
058061,貿聯元富9B購01  ,0,0,0,0,0,0,0,0,0,-123000,0,0,0,47000,170000,-123000,-123000
057651,矽力元大98購03  ,0,0,0,0,0,0,0,0,0,-123000,0,0,0,22000,145000,-123000,-123000
050357,南電群益94購02  ,0,0,0,0,0,0,0,0,0,-123000,0,0,0,0,123000,-123000,-123000
055582,亞德客元大97購01,0,0,0,0,0,0,0,0,0,-123000,0,0,0,8000,131000,-123000,-123000
055881,康控元富97購01  ,0,0,0,0,0,0,0,0,0,-123000,0,0,0,457000,580000,-123000,-123000
055299,康友元大97購02  ,0,0,0,0,0,0,0,0,0,-123000,0,0,0,3000,126000,-123000,-123000
057842,緯穎富邦99購02  ,0,0,0,0,0,0,0,0,0,-124000,0,0,0,102000,226000,-124000,-124000
05854P,華新科凱基96售09,0,0,0,0,0,0,0,0,0,-124000,0,0,0,39000,163000,-124000,-124000
057011,日月光中信99購01,0,0,0,0,0,0,0,0,0,-124000,0,0,0,6000,130000,-124000,-124000
052322,力成元大96購01  ,0,0,0,0,0,0,0,0,0,-124000,0,0,0,20000,144000,-124000,-124000
05089P,亞德客元大95售01,0,0,0,0,0,0,0,0,0,-124000,0,0,0,0,124000,-124000,-124000
055129,鈺齊兆豐97購01  ,0,0,0,0,0,0,0,0,0,-124000,0,0,0,86000,210000,-124000,-124000
055788,緯穎凱基97購04  ,0,0,0,0,0,0,0,0,0,-124000,0,0,0,20000,144000,-124000,-124000
054510,S&P反1元大98購01,0,0,0,0,0,0,0,0,0,-124000,0,0,0,143000,267000,-124000,-124000
053850,嘉澤元富96購03  ,0,0,0,0,0,0,0,0,0,-124000,0,0,0,40000,164000,-124000,-124000
053884,緯穎第一96購01  ,0,0,0,0,0,0,0,0,0,-124000,0,0,0,10000,134000,-124000,-124000
054091,晶豪科群益96購01,0,0,0,0,0,0,0,0,0,-124000,0,0,0,11000,135000,-124000,-124000
1444,力麗            ,92000,216000,-124000,0,0,0,0,0,0,0,0,0,0,0,0,0,-124000
056991,牧德兆豐98購01  ,0,0,0,0,0,0,0,0,0,-125000,0,0,0,9000,134000,-125000,-125000
056808,台積電統一98購06,0,0,0,0,0,0,0,0,0,-125000,0,0,0,0,125000,-125000,-125000
057182,禾伸堂元大99購02,0,0,0,0,0,0,0,0,0,-125000,0,0,0,2000,127000,-125000,-125000
056711,亞光永豐98購01  ,0,0,0,0,0,0,0,0,0,-125000,0,0,0,1000,126000,-125000,-125000
05830P,滬深2X元富99售03,0,0,0,0,0,0,0,0,0,-125000,0,0,0,114000,239000,-125000,-125000
058282,聯茂中信99購01  ,0,0,0,0,0,0,0,0,0,-125000,0,0,0,0,125000,-125000,-125000
058186,聯發科永豐99購01,0,0,0,0,0,0,0,0,0,-125000,0,0,0,132000,257000,-125000,-125000
057811,南亞科元大98購08,0,0,0,0,0,0,0,0,0,-125000,0,0,0,15000,140000,-125000,-125000
04908P,南電國票95售03  ,0,0,0,0,0,0,0,0,0,-125000,0,0,0,0,125000,-125000,-125000
045871,元油2X元富96購03,0,0,0,0,0,0,0,0,0,-125000,0,0,0,9000,134000,-125000,-125000
05262P,台積電元大95售19,0,0,0,0,0,0,0,0,0,-125000,0,0,0,0,125000,-125000,-125000
053839,華通統一96購01  ,0,0,0,0,0,0,0,0,0,-125000,0,0,0,0,125000,-125000,-125000
055810,T50反1國票99購01,0,0,0,0,0,0,0,0,0,-125000,0,0,0,0,125000,-125000,-125000
05593P,鴻海國票97售03  ,0,0,0,0,0,0,0,0,0,-125000,0,0,0,75000,200000,-125000,-125000
055979,聯鈞統一97購03  ,0,0,0,0,0,0,0,0,0,-125000,0,0,0,285000,410000,-125000,-125000
055079,台光電中信97購01,0,0,0,0,0,0,0,0,0,-125000,0,0,0,110000,235000,-125000,-125000
055399,超眾統一99購01  ,0,0,0,0,0,0,0,0,0,-125000,0,0,0,20000,145000,-125000,-125000
06695P,群創兆豐98售04  ,0,0,0,0,0,0,0,0,0,-125000,0,0,0,1000,126000,-125000,-125000
057704,台虹群益98購03  ,0,0,0,0,0,0,0,0,0,-126000,0,0,0,147000,273000,-126000,-126000
057932,美律群益98購04  ,0,0,0,0,0,0,0,0,0,-126000,0,0,0,43000,169000,-126000,-126000
056700,華新科國泰99購03,0,0,0,0,0,0,0,0,0,-126000,0,0,0,521000,647000,-126000,-126000
04672P,台積電統一94售09,0,0,0,0,0,0,0,0,0,-126000,0,0,0,24000,150000,-126000,-126000
051439,川湖元大95購01  ,0,0,0,0,0,0,0,0,0,-126000,0,0,0,83000,209000,-126000,-126000
051075,智邦國泰97購01  ,0,0,0,0,0,0,0,0,0,-126000,0,0,0,19000,145000,-126000,-126000
050848,日月光國票95購01,0,0,0,0,0,0,0,0,0,-126000,0,0,0,190000,316000,-126000,-126000
051772,玉山金中信95購01,0,0,0,0,0,0,0,0,0,-126000,0,0,0,1000,127000,-126000,-126000
051600,新日興兆豐96購02,0,0,0,0,0,0,0,0,0,-126000,0,0,0,1000,127000,-126000,-126000
054981,國巨元富97購02  ,0,0,0,0,0,0,0,0,0,-126000,0,0,0,130000,256000,-126000,-126000
056312,茂林元大98購01  ,0,0,0,0,0,0,0,0,0,-127000,0,0,0,108000,235000,-127000,-127000
057253,高股息中信99購02,0,0,0,0,0,0,0,0,0,-127000,0,0,0,3000,130000,-127000,-127000
047966,華通國泰94購01  ,0,0,0,0,0,0,0,0,0,-127000,0,0,0,0,127000,-127000,-127000
051568,智邦富邦95購01  ,0,0,0,0,0,0,0,0,0,-127000,0,0,0,28000,155000,-127000,-127000
052326,滬深反中信99購01,0,0,0,0,0,0,0,0,0,-127000,0,0,0,0,127000,-127000,-127000
052700,奇鋐國票97購02  ,0,0,0,0,0,0,0,0,0,-127000,0,0,0,0,127000,-127000,-127000
050657,宏達電麥證94購01,0,0,0,83000,210000,-127000,0,0,0,-127000,0,0,0,83000,210000,-127000,-127000
053444,奇力新凱基96購03,0,0,0,0,0,0,0,0,0,-127000,0,0,0,39000,166000,-127000,-127000
055715,智邦元大97購04  ,0,0,0,0,0,0,0,0,0,-127000,0,0,0,64000,191000,-127000,-127000
06386P,欣興永豐97售03  ,0,0,0,0,0,0,0,0,0,-127000,0,0,0,52000,179000,-127000,-127000
6414,樺漢            ,66000,159000,-93000,0,0,0,0,0,0,-34000,12000,60000,-48000,16000,2000,14000,-127000
05621P,聯電中信96售01  ,0,0,0,0,0,0,0,0,0,-128000,0,0,0,40000,168000,-128000,-128000
058118,瑞昱群益99購01  ,0,0,0,0,0,0,0,0,0,-128000,0,0,0,34000,162000,-128000,-128000
048349,美利達元大96購02,0,0,0,0,0,0,0,0,0,-128000,0,0,0,146000,274000,-128000,-128000
050852,矽創國票95購02  ,0,0,0,0,0,0,0,0,0,-128000,0,0,0,0,128000,-128000,-128000
050899,旭富元大95購01  ,0,0,0,0,0,0,0,0,0,-128000,0,0,0,296000,424000,-128000,-128000
050301,矽創凱基94購03  ,0,0,0,0,0,0,0,0,0,-128000,0,0,0,10000,138000,-128000,-128000
055200,和大群益98購01  ,0,0,0,0,0,0,0,0,0,-128000,0,0,0,38000,166000,-128000,-128000
054257,揚明光元大96購02,0,0,0,0,0,0,0,0,0,-128000,0,0,0,0,128000,-128000,-128000
054572,國巨元大98購03  ,0,0,0,0,0,0,0,0,0,-128000,0,0,0,111000,239000,-128000,-128000
06684P,緯穎元大98售06  ,0,0,0,0,0,0,0,0,0,-128000,0,0,0,22000,150000,-128000,-128000
1517,利奇            ,9000,137000,-128000,0,0,0,0,0,0,0,0,0,0,0,0,0,-128000
06080P,景碩群益98售02  ,0,0,0,0,0,0,0,0,0,-129000,0,0,0,11000,140000,-129000,-129000
057436,義隆國票99購02  ,0,0,0,0,0,0,0,0,0,-129000,0,0,0,0,129000,-129000,-129000
05660P,玉晶光第一96售01,0,0,0,0,0,0,0,0,0,-129000,0,0,0,6000,135000,-129000,-129000
051985,智邦元大95購05  ,0,0,0,0,0,0,0,0,0,-129000,0,0,0,72000,201000,-129000,-129000
052226,旺宏凱基95購06  ,0,0,0,0,0,0,0,0,0,-129000,0,0,0,0,129000,-129000,-129000
052936,華通兆豐98購01  ,0,0,0,0,0,0,0,0,0,-129000,0,0,0,373000,502000,-129000,-129000
052966,光磊群益96購01  ,0,0,0,0,0,0,0,0,0,-129000,0,0,0,0,129000,-129000,-129000
053485,矽創國票97購04  ,0,0,0,0,0,0,0,0,0,-129000,0,0,0,0,129000,-129000,-129000
053517,崇越群益97購01  ,0,0,0,0,0,0,0,0,0,-129000,0,0,0,10000,139000,-129000,-129000
06496P,台灣50日盛98售01,0,0,0,0,0,0,0,0,0,-129000,0,0,0,175000,304000,-129000,-129000
057327,玉晶光群益9A購04,0,0,0,0,0,0,0,0,0,-130000,0,0,0,30000,160000,-130000,-130000
05695P,台積電凱基96售10,0,0,0,0,0,0,0,0,0,-130000,0,0,0,0,130000,-130000,-130000
057684,聯茂日盛99購01  ,0,0,0,0,0,0,0,0,0,-130000,0,0,0,10000,140000,-130000,-130000
047219,美律麥證94購01  ,0,0,0,20000,150000,-130000,0,0,0,-130000,0,0,0,20000,150000,-130000,-130000
03831P,臺股指中信95售02,0,0,0,0,0,0,0,0,0,-130000,0,0,0,0,130000,-130000,-130000
050240,聯發科凱基94購13,0,0,0,0,0,0,0,0,0,-130000,0,0,0,268000,398000,-130000,-130000
052841,群創富邦96購02  ,0,0,0,0,0,0,0,0,0,-130000,0,0,0,46000,176000,-130000,-130000
051063,台郡群益95購01  ,0,0,0,0,0,0,0,0,0,-130000,0,0,0,10000,140000,-130000,-130000
049980,奇力新凱基94購04,0,0,0,0,0,0,0,0,0,-130000,0,0,0,0,130000,-130000,-130000
052115,T50反1國票95購03,0,0,0,0,0,0,0,0,0,-130000,0,0,0,0,130000,-130000,-130000
054370,台積電中信9A購01,0,0,0,0,0,0,0,0,0,-130000,0,0,0,12000,142000,-130000,-130000
06181P,國巨中信97售02  ,0,0,0,0,0,0,0,0,0,-130000,0,0,0,0,130000,-130000,-130000
06883P,聯茂群益98售03  ,0,0,0,0,0,0,0,0,0,-130000,0,0,0,14000,144000,-130000,-130000
05888P,友達元大97售01  ,0,0,0,0,0,0,0,0,0,-131000,0,0,0,2000,133000,-131000,-131000
057107,華新科群益98購06,0,0,0,0,0,0,0,0,0,-131000,0,0,0,1000,132000,-131000,-131000
05631P,國巨富邦9A售01  ,0,0,0,0,0,0,0,0,0,-131000,0,0,0,0,131000,-131000,-131000
046645,技嘉國泰94購01  ,0,0,0,0,0,0,0,0,0,-131000,0,0,0,51000,182000,-131000,-131000
054046,義隆元大96購02  ,0,0,0,0,0,0,0,0,0,-131000,0,0,0,235000,366000,-131000,-131000
055860,啟碁元大97購04  ,0,0,0,0,0,0,0,0,0,-131000,0,0,0,220000,351000,-131000,-131000
056165,矽力凱基98購02  ,0,0,0,0,0,0,0,0,0,-132000,0,0,0,65000,197000,-132000,-132000
057052,華擎元大98購01  ,0,0,0,0,0,0,0,0,0,-132000,0,0,0,61000,193000,-132000,-132000
057897,華通富邦99購01  ,0,0,0,0,0,0,0,0,0,-132000,0,0,0,0,132000,-132000,-132000
06492P,上銀永豐98售01  ,0,0,0,0,0,0,0,0,0,-132000,0,0,0,92000,224000,-132000,-132000
056602,嘉澤國泰99購01  ,0,0,0,0,0,0,0,0,0,-133000,0,0,0,18000,151000,-133000,-133000
05321P,鴻海凱基95售17  ,0,0,0,0,0,0,0,0,0,-133000,0,0,0,78000,211000,-133000,-133000
057465,智易永豐98購02  ,0,0,0,0,0,0,0,0,0,-134000,0,0,0,0,134000,-134000,-134000
047202,欣興元富96購01  ,0,0,0,0,0,0,0,0,0,-134000,0,0,0,6000,140000,-134000,-134000
047033,日月光中信95購01,0,0,0,0,0,0,0,0,0,-134000,0,0,0,0,134000,-134000,-134000
050226,華新科中信94購01,0,0,0,0,0,0,0,0,0,-134000,0,0,0,14000,148000,-134000,-134000
04852P,臻鼎永豐94售02  ,0,0,0,0,0,0,0,0,0,-134000,0,0,0,0,134000,-134000,-134000
052066,華邦電兆豐96購01,0,0,0,0,0,0,0,0,0,-134000,0,0,0,268000,402000,-134000,-134000
051841,南茂國泰96購01  ,0,0,0,0,0,0,0,0,0,-134000,0,0,0,10000,144000,-134000,-134000
055442,矽創國票98購02  ,0,0,0,0,0,0,0,0,0,-134000,0,0,0,0,134000,-134000,-134000
05789P,臺股指永昌96售06,0,0,0,0,0,0,0,0,0,-135000,395000,0,395000,0,530000,-530000,-135000
057919,技嘉凱基98購03  ,0,0,0,0,0,0,0,0,0,-135000,0,0,0,90000,225000,-135000,-135000
06042P,華新科永豐96售04,0,0,0,0,0,0,0,0,0,-135000,0,0,0,278000,413000,-135000,-135000
052851,滬深2X元富96購02,0,0,0,0,0,0,0,0,0,-135000,0,0,0,284000,419000,-135000,-135000
052574,茂林凱基96購02  ,0,0,0,0,0,0,0,0,0,-135000,0,0,0,3000,138000,-135000,-135000
055631,創意永豐98購01  ,0,0,0,0,0,0,0,0,0,-135000,0,0,0,21000,156000,-135000,-135000
054518,亞光元大97購01  ,0,0,0,0,0,0,0,0,0,-135000,0,0,0,200000,335000,-135000,-135000
054560,全新群益98購03  ,0,0,0,0,0,0,0,0,0,-135000,0,0,0,49000,184000,-135000,-135000
054603,智易台新98購01  ,0,0,0,0,0,0,0,0,0,-135000,0,0,0,20000,155000,-135000,-135000
058116,正崴中信99購02  ,0,0,0,0,0,0,0,0,0,-136000,0,0,0,0,136000,-136000,-136000
056297,台光電元大97購04,0,0,0,0,0,0,0,0,0,-136000,0,0,0,6000,142000,-136000,-136000
057203,麗豐元富98購02  ,0,0,0,0,0,0,0,0,0,-136000,0,0,0,19000,155000,-136000,-136000
047285,鴻海統一95購02  ,0,0,0,0,0,0,0,0,0,-136000,0,0,0,72000,208000,-136000,-136000
05083P,麗豐永豐95售02  ,0,0,0,0,0,0,0,0,0,-136000,0,0,0,52000,188000,-136000,-136000
052003,泰碩國泰97購02  ,0,0,0,0,0,0,0,0,0,-136000,0,0,0,489000,625000,-136000,-136000
054303,國巨凱基96購15  ,0,0,0,0,0,0,0,0,0,-136000,0,0,0,96000,232000,-136000,-136000
055877,奇鋐元富97購01  ,0,0,0,0,0,0,0,0,0,-136000,0,0,0,0,136000,-136000,-136000
056785,可成群益99購01  ,0,0,0,0,0,0,0,0,0,-137000,0,0,0,85000,222000,-137000,-137000
058147,鈺齊元大99購01  ,0,0,0,0,0,0,0,0,0,-137000,0,0,0,119000,256000,-137000,-137000
057953,聚陽元大98購01  ,0,0,0,0,0,0,0,0,0,-137000,0,0,0,95000,232000,-137000,-137000
057455,景碩國泰99購01  ,0,0,0,0,0,0,0,0,0,-137000,0,0,0,0,137000,-137000,-137000
057606,健策統一98購03  ,0,0,0,0,0,0,0,0,0,-137000,0,0,0,0,137000,-137000,-137000
055478,訊芯凱基97購01  ,0,0,0,0,0,0,0,0,0,-137000,0,0,0,0,137000,-137000,-137000
055272,國巨元大98購04  ,0,0,0,0,0,0,0,0,0,-137000,0,0,0,2000,139000,-137000,-137000
4141,龍燈-KY         ,37000,174887,-137887,0,0,0,0,0,0,0,0,0,0,0,0,0,-137887
048350,世紀鋼元大95購01,0,0,0,0,0,0,0,0,0,-138000,0,0,0,1000,139000,-138000,-138000
049463,華新科富邦97購01,0,0,0,0,0,0,0,0,0,-138000,0,0,0,64000,202000,-138000,-138000
051224,華通群益96購03  ,0,0,0,0,0,0,0,0,0,-138000,0,0,0,16000,154000,-138000,-138000
055394,健策統一97購01  ,0,0,0,0,0,0,0,0,0,-138000,0,0,0,142000,280000,-138000,-138000
055964,正文元大97購02  ,0,0,0,0,0,0,0,0,0,-138000,0,0,0,0,138000,-138000,-138000
053641,正文永豐96購01  ,0,0,0,0,0,0,0,0,0,-138000,0,0,0,27000,165000,-138000,-138000
057882,華通群益9A購03  ,0,0,0,0,0,0,0,0,0,-139000,0,0,0,121000,260000,-139000,-139000
058158,台積電台新99購01,0,0,0,0,0,0,0,0,0,-139000,0,0,0,11000,150000,-139000,-139000
06047P,聯發科富邦99售04,0,0,0,0,0,0,0,0,0,-139000,0,0,0,50000,189000,-139000,-139000
048249,嘉澤兆豐94購01  ,0,0,0,0,0,0,0,0,0,-139000,0,0,0,0,139000,-139000,-139000
050116,嘉澤元大94購03  ,0,0,0,0,0,0,0,0,0,-139000,0,0,0,63000,202000,-139000,-139000
052371,元金2X元大95購01,0,0,0,0,0,0,0,0,0,-139000,0,0,0,211000,350000,-139000,-139000
052764,景碩群益98購01  ,0,0,0,0,0,0,0,0,0,-139000,0,0,0,11000,150000,-139000,-139000
054249,技嘉元大96購03  ,0,0,0,0,0,0,0,0,0,-139000,0,0,0,16000,155000,-139000,-139000
054829,亞光國泰99購01  ,0,0,0,0,0,0,0,0,0,-139000,0,0,0,1000,140000,-139000,-139000
055606,矽創元大97購01  ,0,0,0,0,0,0,0,0,0,-139000,0,0,0,382000,521000,-139000,-139000
055420,欣興永豐98購01  ,0,0,0,0,0,0,0,0,0,-139000,0,0,0,55000,194000,-139000,-139000
06576P,台光電群益98售03,0,0,0,0,0,0,0,0,0,-139000,0,0,0,37000,176000,-139000,-139000
056436,台積電凱基98購10,0,0,0,0,0,0,0,0,0,-140000,0,0,0,69000,209000,-140000,-140000
050223,聯茂元富94購02  ,0,0,0,0,0,0,0,0,0,-140000,0,0,0,30000,170000,-140000,-140000
047582,滬深2X永豐95購02,0,0,0,0,0,0,0,0,0,-140000,0,0,0,0,140000,-140000,-140000
049539,元油2X群益9A購01,0,0,0,0,0,0,0,0,0,-140000,0,0,0,0,140000,-140000,-140000
047123,中石化中信95購01,0,0,0,0,0,0,0,0,0,-140000,0,0,0,0,140000,-140000,-140000
05317P,臺股指永昌95售02,0,0,0,0,0,0,0,0,0,-140000,270000,0,270000,130000,540000,-410000,-140000
052402,健策凱基97購01  ,0,0,0,0,0,0,0,0,0,-140000,0,0,0,236000,376000,-140000,-140000
050055,道瓊反凱基95購01,0,0,0,0,0,0,0,0,0,-140000,0,0,0,20000,160000,-140000,-140000
056537,冠德凱基98購01  ,0,0,0,0,0,0,0,0,0,-141000,0,0,0,0,141000,-141000,-141000
049298,矽格群益95購01  ,0,0,0,0,0,0,0,0,0,-141000,0,0,0,46000,187000,-141000,-141000
053983,樺漢元大97購02  ,0,0,0,0,0,0,0,0,0,-141000,0,0,0,110000,251000,-141000,-141000
06785P,臺股指元大98售02,0,0,0,0,0,0,0,0,0,-141000,0,0,0,0,141000,-141000,-141000
3576,聯合再生        ,78000,10000,68000,0,0,0,0,0,0,-209000,0,209000,-209000,0,0,0,-141000
05315P,鴻海永昌96售08  ,0,0,0,0,0,0,0,0,0,-142000,0,0,0,86000,228000,-142000,-142000
054629,華新科凱基98購01,0,0,0,0,0,0,0,0,0,-142000,0,0,0,287000,429000,-142000,-142000
054581,訊芯元大97購02  ,0,0,0,0,0,0,0,0,0,-142000,0,0,0,0,142000,-142000,-142000
055669,緯穎群益97購02  ,0,0,0,0,0,0,0,0,0,-142000,0,0,0,158000,300000,-142000,-142000
6120,達運            ,550000,690000,-140000,0,0,0,0,0,0,-2000,0,2000,-2000,0,0,0,-142000
8163,達方            ,145000,282633,-137633,0,0,0,0,0,0,-5000,0,5000,-5000,0,0,0,-142633
056197,友訊永豐97購01  ,0,0,0,0,0,0,0,0,0,-143000,0,0,0,20000,163000,-143000,-143000
058315,TPK富邦9C購01   ,0,0,0,0,0,0,0,0,0,-143000,0,0,0,0,143000,-143000,-143000
048498,嘉澤元大94購01  ,0,0,0,0,0,0,0,0,0,-143000,0,0,0,16000,159000,-143000,-143000
052194,旺宏元富95購04  ,0,0,0,0,0,0,0,0,0,-143000,0,0,0,15000,158000,-143000,-143000
054580,樺漢元大98購01  ,0,0,0,0,0,0,0,0,0,-143000,0,0,0,0,143000,-143000,-143000
2855,統一證          ,125000,268000,-143000,0,0,0,0,0,0,0,0,0,0,0,0,0,-143000
057613,瑞昱元富02購02  ,0,0,0,0,0,0,0,0,0,-144000,0,0,0,87000,231000,-144000,-144000
00701,國泰股利精選30  ,0,0,0,0,0,0,0,0,0,-144000,0,0,0,343000,487000,-144000,-144000
051954,矽力元富95購04  ,0,0,0,0,0,0,0,0,0,-144000,0,0,0,15000,159000,-144000,-144000
055563,智易凱基97購02  ,0,0,0,0,0,0,0,0,0,-144000,0,0,0,6000,150000,-144000,-144000
056465,臺股指凱基99購07,0,0,0,0,0,0,0,0,0,-145000,0,0,0,15000,160000,-145000,-145000
057118,欣興日盛9A購01  ,0,0,0,0,0,0,0,0,0,-145000,0,0,0,60000,205000,-145000,-145000
00646,元大S&P500      ,0,105000,-105000,0,0,0,0,0,0,-40000,836000,55000,781000,412000,1233000,-821000,-145000
051488,健策凱基96購04  ,0,0,0,0,0,0,0,0,0,-145000,0,0,0,94000,239000,-145000,-145000
052324,康友元大96購02  ,0,0,0,0,0,0,0,0,0,-145000,0,0,0,75000,220000,-145000,-145000
054087,矽創亞東96購01  ,0,0,0,0,0,0,0,0,0,-145000,0,0,0,0,145000,-145000,-145000
06355P,聯茂永豐97售02  ,0,0,0,0,0,0,0,0,0,-145000,0,0,0,50000,195000,-145000,-145000
05753P,臺股指中信99售02,0,0,0,0,0,0,0,0,0,-146000,0,0,0,0,146000,-146000,-146000
06099P,鴻海日盛97售03  ,0,0,0,0,0,0,0,0,0,-146000,0,0,0,0,146000,-146000,-146000
056509,晶相光永豐98購01,0,0,0,0,0,0,0,0,0,-148000,0,0,0,46000,194000,-148000,-148000
056576,晶技元大99購02  ,0,0,0,0,0,0,0,0,0,-148000,0,0,0,120000,268000,-148000,-148000
051098,矽格元大95購01  ,0,0,0,0,0,0,0,0,0,-148000,0,0,0,108000,256000,-148000,-148000
052385,滬深2X群益99購05,0,0,0,0,0,0,0,0,0,-148000,0,0,0,59000,207000,-148000,-148000
054148,矽創元大96購03  ,0,0,0,0,0,0,0,0,0,-148000,0,0,0,54000,202000,-148000,-148000
054791,泰碩群益99購02  ,0,0,0,0,0,0,0,0,0,-148000,0,0,0,374000,522000,-148000,-148000
054412,智邦元大96購03  ,0,0,0,0,0,0,0,0,0,-148000,0,0,0,125000,273000,-148000,-148000
055991,鈺齊元富97購01  ,0,0,0,0,0,0,0,0,0,-148000,0,0,0,0,148000,-148000,-148000
055164,矽創元大98購01  ,0,0,0,0,0,0,0,0,0,-148000,0,0,0,382000,530000,-148000,-148000
04821P,臺股指永豐94售01,0,0,0,0,0,0,0,0,0,-149000,0,0,0,0,149000,-149000,-149000
03832P,臺股指中信95售03,0,0,0,0,0,0,0,0,0,-149000,0,0,0,466000,615000,-149000,-149000
050496,鴻海富邦96購01  ,0,0,0,0,0,0,0,0,0,-149000,0,0,0,51000,200000,-149000,-149000
051823,矽力元富95購02  ,0,0,0,0,0,0,0,0,0,-149000,0,0,0,5000,154000,-149000,-149000
055286,晶技元大98購03  ,0,0,0,0,0,0,0,0,0,-149000,0,0,0,211000,360000,-149000,-149000
055265,玉晶光永豐98購03,0,250000,-250000,0,0,0,0,0,0,101000,0,0,0,621000,520000,101000,-149000
055896,南電統一97購02  ,0,0,0,0,0,0,0,0,0,-149000,0,0,0,69000,218000,-149000,-149000
055570,華通統一98購03  ,0,0,0,0,0,0,0,0,0,-149000,0,0,0,10000,159000,-149000,-149000
1459,聯發            ,3000,151000,-148000,0,0,0,0,0,0,-1000,0,1000,-1000,0,0,0,-149000
1216,統一            ,6223158,6320451,-97293,0,0,0,0,0,0,-52000,23000,72000,-49000,5000,8000,-3000,-149293
056286,奇鋐永豐97購01  ,0,0,0,0,0,0,0,0,0,-150000,0,0,0,0,150000,-150000,-150000
057368,微星元大98購02  ,0,0,0,0,0,0,0,0,0,-150000,0,0,0,10000,160000,-150000,-150000
057632,傳奇永豐98購01  ,0,0,0,0,0,0,0,0,0,-150000,0,0,0,0,150000,-150000,-150000
05837P,臺股指富邦96售04,0,0,0,0,0,0,0,0,0,-150000,0,0,0,0,150000,-150000,-150000
05939P,聯發科凱基96售20,0,0,0,0,0,0,0,0,0,-150000,0,0,0,0,150000,-150000,-150000
04391P,玉晶光凱基95售03,0,0,0,0,0,0,0,0,0,-150000,0,0,0,0,150000,-150000,-150000
044809,道瓊反國票93購01,0,0,0,0,0,0,0,0,0,-150000,0,0,0,0,150000,-150000,-150000
047974,新光金兆豐93購01,0,0,0,0,0,0,0,0,0,-150000,0,0,0,0,150000,-150000,-150000
050228,中磊中信96購01  ,0,0,0,0,0,0,0,0,0,-150000,0,0,0,0,150000,-150000,-150000
05198P,牧德永豐95售02  ,0,0,0,0,0,0,0,0,0,-150000,0,0,0,0,150000,-150000,-150000
04998P,京元電永豐95售01,0,0,0,0,0,0,0,0,0,-150000,0,0,0,0,150000,-150000,-150000
049962,台光電元富94購01,0,0,0,0,0,0,0,0,0,-150000,0,0,0,0,150000,-150000,-150000
052339,光寶科凱基95購01,0,0,0,0,0,0,0,0,0,-150000,0,0,0,0,150000,-150000,-150000
055523,道瓊銀群益9A購01,0,0,0,0,0,0,0,0,0,-150000,0,0,0,0,150000,-150000,-150000
056047,台積電兆豐97購02,0,0,0,0,0,0,0,0,0,-150000,0,0,0,40000,190000,-150000,-150000
055298,啟碁元大97購02  ,0,0,0,0,0,0,0,0,0,-150000,0,0,0,29000,179000,-150000,-150000
055307,瑞昱群益97購02  ,0,0,0,0,0,0,0,0,0,-150000,0,0,0,117000,267000,-150000,-150000
056770,國產元大98購02  ,0,0,0,0,0,0,0,0,0,-151000,0,0,0,0,151000,-151000,-151000
04287P,A50正2中信96售01,0,0,0,0,0,0,0,0,0,-151000,0,0,0,6000,157000,-151000,-151000
044637,滬深2X元富94購01,0,0,0,0,0,0,0,0,0,-151000,0,0,0,0,151000,-151000,-151000
050773,京鼎元大94購02  ,0,0,0,0,0,0,0,0,0,-151000,0,0,0,0,151000,-151000,-151000
055360,台表科凱基97購02,0,0,0,0,0,0,0,0,0,-151000,0,0,0,17000,168000,-151000,-151000
055161,貿聯元大98購03  ,0,0,0,0,0,0,0,0,0,-151000,0,0,0,20000,171000,-151000,-151000
06900P,FBVIX國票12售01 ,0,0,0,0,0,0,0,0,0,-151000,0,0,0,10000,161000,-151000,-151000
2614,東森            ,161000,312000,-151000,0,0,0,0,0,0,0,0,0,0,0,0,0,-151000
05990P,台積電群益96售13,0,0,0,0,0,0,0,0,0,-152000,0,0,0,0,152000,-152000,-152000
057689,南亞科凱基99購02,0,0,0,0,0,0,0,0,0,-152000,0,0,0,0,152000,-152000,-152000
052595,奇力新群益96購01,0,0,0,0,0,0,0,0,0,-152000,0,0,0,18000,170000,-152000,-152000
06034P,世芯凱基96售03  ,0,0,0,0,0,0,0,0,0,-153000,0,0,0,4000,157000,-153000,-153000
04250P,嘉晶統一95售02  ,0,0,0,0,0,0,0,0,0,-153000,0,0,0,13000,166000,-153000,-153000
046717,世紀鋼國泰94購01,0,0,0,0,0,0,0,0,0,-153000,0,0,0,0,153000,-153000,-153000
04950P,上証2X中信96售02,0,0,0,0,0,0,0,0,0,-153000,0,0,0,120000,273000,-153000,-153000
048703,康控國票95購01  ,0,0,0,0,0,0,0,0,0,-153000,0,0,0,0,153000,-153000,-153000
050291,聯發科凱基94購16,0,0,0,0,0,0,0,0,0,-153000,0,0,0,0,153000,-153000,-153000
053869,嘉澤元大96購02  ,0,0,0,0,0,0,0,0,0,-153000,0,0,0,72000,225000,-153000,-153000
05688P,臺股指元大96售13,0,0,0,0,0,0,0,0,0,-154000,0,0,0,0,154000,-154000,-154000
05116P,台積電群益95售03,0,0,0,0,0,0,0,0,0,-154000,0,0,0,0,154000,-154000,-154000
052075,旺宏元富95購03  ,0,0,0,0,0,0,0,0,0,-154000,0,0,0,2000,156000,-154000,-154000
05427P,聯發科凱基96售07,0,0,0,0,0,0,0,0,0,-154000,0,0,0,74000,228000,-154000,-154000
054563,泰碩群益99購01  ,0,0,0,0,0,0,0,0,0,-154000,0,0,0,368000,522000,-154000,-154000
055468,智邦凱基97購04  ,0,0,0,0,0,0,0,0,0,-154000,0,0,0,16000,170000,-154000,-154000
2401,凌陽            ,350000,483000,-133000,0,0,0,0,0,0,-21000,16000,37000,-21000,0,0,0,-154000
1507,永大            ,44000,198000,-154000,0,0,0,0,0,0,0,0,0,0,0,0,0,-154000
06070P,漢唐永豐97售01  ,0,0,0,0,0,0,0,0,0,-155000,0,0,0,48000,203000,-155000,-155000
049264,奇鋐元大95購01  ,0,0,0,0,0,0,0,0,0,-155000,0,0,0,10000,165000,-155000,-155000
052637,欣興凱基97購01  ,0,0,0,0,0,0,0,0,0,-155000,0,0,0,350000,505000,-155000,-155000
053402,A50正2群益9A購02,0,0,0,0,0,0,0,0,0,-155000,0,0,0,20000,175000,-155000,-155000
052795,健策兆豐97購01  ,0,0,0,0,0,0,0,0,0,-155000,0,0,0,0,155000,-155000,-155000
053075,欣興永豐96購01  ,0,0,0,0,0,0,0,0,0,-155000,0,0,0,0,155000,-155000,-155000
054671,國巨國泰98購01  ,0,0,0,0,0,0,0,0,0,-155000,0,0,0,0,155000,-155000,-155000
06766P,玉晶光元大99售10,0,0,0,0,0,0,0,0,0,-155000,0,0,0,45000,200000,-155000,-155000
045101,玉晶光中信94購01,0,0,0,0,0,0,0,0,0,-156000,0,0,0,214000,370000,-156000,-156000
051704,智邦群益95購02  ,0,0,0,0,0,0,0,0,0,-156000,0,0,0,71000,227000,-156000,-156000
057579,長榮航中信9A購01,0,0,0,0,0,0,0,0,0,-157000,0,0,0,139000,296000,-157000,-157000
057205,元翎元富98購01  ,0,0,0,0,0,0,0,0,0,-157000,0,0,0,78000,235000,-157000,-157000
056238,聯發科群益98購02,0,0,0,0,0,0,0,0,0,-157000,0,0,0,66000,223000,-157000,-157000
051524,貿聯凱基95購02  ,0,0,0,0,0,0,0,0,0,-157000,0,0,0,116000,273000,-157000,-157000
047926,可成凱基94購02  ,0,0,0,0,0,0,0,0,0,-157000,0,0,0,0,157000,-157000,-157000
052271,力成日盛95購02  ,0,0,0,0,0,0,0,0,0,-157000,0,0,0,11000,168000,-157000,-157000
053900,T50反1日盛99購01,0,0,0,0,0,0,0,0,0,-157000,0,0,0,200000,357000,-157000,-157000
8422,可寧衛          ,37000,194000,-157000,0,0,0,0,0,0,0,0,0,0,0,0,0,-157000
057324,億光群益98購01  ,0,0,0,0,0,0,0,0,0,-158000,0,0,0,0,158000,-158000,-158000
048429,旺宏國票94購02  ,0,0,0,0,0,0,0,0,0,-158000,0,0,0,40000,198000,-158000,-158000
053030,南亞科第一96購01,0,0,0,0,0,0,0,0,0,-158000,0,0,0,0,158000,-158000,-158000
8996,高力            ,52000,239000,-187000,0,0,0,0,42000,-42000,71000,71000,0,71000,0,0,0,-158000
06938P,南電元大98售03  ,0,0,0,0,0,0,0,0,0,-158000,0,0,0,33000,191000,-158000,-158000
056945,鴻海統一98購12  ,0,0,0,0,0,0,0,0,0,-159000,0,0,0,133000,292000,-159000,-159000
056578,智易元大99購02  ,0,0,0,0,0,0,0,0,0,-159000,0,0,0,80000,239000,-159000,-159000
057407,超眾群益99購01  ,0,0,0,0,0,0,0,0,0,-159000,0,0,0,5000,164000,-159000,-159000
04890P,台積電元大95售05,0,0,0,0,0,0,0,0,0,-159000,0,0,0,0,159000,-159000,-159000
044988,玉晶光統一95購01,0,0,0,0,0,0,0,0,0,-159000,0,0,0,91000,250000,-159000,-159000
052575,茂林凱基96購04  ,0,0,0,0,0,0,0,0,0,-159000,0,0,0,0,159000,-159000,-159000
054024,中鋼康和96購01  ,0,0,0,0,0,0,0,0,0,-159000,0,0,0,70000,229000,-159000,-159000
057922,華新科凱基99購01,0,0,0,0,0,0,0,0,0,-160000,0,0,0,123000,283000,-160000,-160000
056461,樺漢凱基98購02  ,0,0,0,0,0,0,0,0,0,-160000,0,0,0,278000,438000,-160000,-160000
056371,樺漢元大98購03  ,0,0,0,0,0,0,0,0,0,-160000,0,0,0,10000,170000,-160000,-160000
051003,中環中信97購01  ,0,0,0,0,0,0,0,0,0,-160000,0,0,0,0,160000,-160000,-160000
050959,元金2X永豐95購02,0,0,0,0,0,0,0,0,0,-160000,0,0,0,0,160000,-160000,-160000
053271,喬山元大97購01  ,450000,0,450000,0,0,0,0,0,0,-610000,0,0,0,20000,630000,-610000,-160000
054853,TPK國票98購02   ,0,0,0,0,0,0,0,0,0,-160000,0,0,0,0,160000,-160000,-160000
3019,亞光            ,172000,397000,-225000,0,0,0,0,0,0,65000,94000,30000,64000,9000,8000,1000,-160000
057888,貿聯群益98購02  ,0,0,0,0,0,0,0,0,0,-161000,0,0,0,21000,182000,-161000,-161000
058012,鈺齊國票99購01  ,0,0,0,0,0,0,0,0,0,-161000,0,0,0,14000,175000,-161000,-161000
055938,矽力群益97購01  ,0,0,0,0,0,0,0,0,0,-161000,0,0,0,110000,271000,-161000,-161000
06921P,台光電凱基98售06,0,0,0,0,0,0,0,0,0,-161000,0,0,0,25000,186000,-161000,-161000
057750,神達國票99購01  ,0,0,0,0,0,0,0,0,0,-162000,0,0,0,60000,222000,-162000,-162000
056328,訊芯兆豐98購01  ,0,0,0,0,0,0,0,0,0,-162000,0,0,0,0,162000,-162000,-162000
056863,義隆群益98購01  ,0,0,0,0,0,0,0,0,0,-162000,0,0,0,65000,227000,-162000,-162000
056857,國巨群益99購02  ,0,0,0,0,0,0,0,0,0,-162000,0,0,0,25000,187000,-162000,-162000
053395,致茂中信96購01  ,0,0,0,0,0,0,0,0,0,-162000,0,0,0,0,162000,-162000,-162000
051602,南茂兆豐96購01  ,0,0,0,0,0,0,0,0,0,-162000,0,0,0,0,162000,-162000,-162000
055861,矽力元大97購03  ,0,0,0,0,0,0,0,0,0,-162000,0,0,0,98000,260000,-162000,-162000
051359,中信金元大95購01,0,0,0,0,0,0,0,0,0,-163000,0,0,0,419000,582000,-163000,-163000
055997,矽創國泰99購01  ,0,0,0,0,0,0,0,0,0,-163000,0,0,0,20000,183000,-163000,-163000
05722P,玉晶光國票97售03,0,0,0,0,0,0,0,0,0,-164000,0,0,0,90000,254000,-164000,-164000
058281,奇力新中信99購01,0,0,0,0,0,0,0,0,0,-164000,0,0,0,109000,273000,-164000,-164000
053063,力山群益98購01  ,0,0,0,0,0,0,0,0,0,-164000,0,0,0,13000,177000,-164000,-164000
054316,矽創凱基97購01  ,0,0,0,0,0,0,0,0,0,-164000,0,0,0,120000,284000,-164000,-164000
06298P,聯發科元大97售20,0,0,0,0,0,0,0,0,0,-164000,0,0,0,15000,179000,-164000,-164000
3055,蔚華科          ,66000,230000,-164000,0,0,0,0,0,0,0,0,0,0,0,0,0,-164000
057798,貿聯兆豐99購01  ,0,0,0,0,0,0,0,0,0,-165000,0,0,0,74000,239000,-165000,-165000
057437,可成國票99購01  ,0,0,0,0,0,0,0,0,0,-165000,0,0,0,54000,219000,-165000,-165000
053387,緯創元大97購01  ,0,0,0,0,0,0,0,0,0,-165000,0,0,0,30000,195000,-165000,-165000
051299,致茂凱基95購01  ,0,0,0,0,0,0,0,0,0,-165000,0,0,0,40000,205000,-165000,-165000
054507,鈺齊永豐96購01  ,0,0,0,0,0,0,0,0,0,-165000,0,0,0,0,165000,-165000,-165000
053982,臻鼎元大96購05  ,0,0,0,0,0,0,0,0,0,-165000,0,0,0,0,165000,-165000,-165000
055311,健策群益98購02  ,0,0,0,0,0,0,0,0,0,-165000,0,0,0,21000,186000,-165000,-165000
057244,鈺齊凱基99購01  ,0,0,0,0,0,0,0,0,0,-166000,0,0,0,40000,206000,-166000,-166000
047784,元油反富邦94購03,0,0,0,0,0,0,0,0,0,-166000,0,0,0,0,166000,-166000,-166000
05568P,台積電統一96售03,0,0,0,0,0,0,0,0,0,-166000,0,0,0,0,166000,-166000,-166000
056697,緯穎群益98購01  ,0,0,0,0,0,0,0,0,0,-167000,0,0,0,101000,268000,-167000,-167000
057978,聯發科永豐98購05,0,0,0,0,0,0,0,0,0,-167000,0,0,0,168000,335000,-167000,-167000
051846,S&P反1中信96購02,0,0,0,0,0,0,0,0,0,-167000,0,0,0,10000,177000,-167000,-167000
055280,智邦元大97購01  ,0,0,0,0,0,0,0,0,0,-167000,0,0,0,50000,217000,-167000,-167000
055455,健策國泰98購02  ,0,0,0,0,0,0,0,0,0,-167000,0,0,0,35000,202000,-167000,-167000
055509,訊芯元大97購03  ,0,0,0,0,0,0,0,0,0,-167000,0,0,0,25000,192000,-167000,-167000
056653,元石油元大98購01,0,0,0,0,0,0,0,0,0,-168000,0,0,0,0,168000,-168000,-168000
057239,貿聯凱基98購05  ,0,0,0,0,0,0,0,0,0,-168000,0,0,0,0,168000,-168000,-168000
00652,富邦印度        ,10000,166000,-156000,0,0,0,0,0,0,-12000,0,0,0,0,12000,-12000,-168000
052206,燿華中信95購02  ,0,0,0,0,0,0,0,0,0,-168000,0,0,0,19000,187000,-168000,-168000
053070,訊芯群益96購01  ,0,0,0,0,0,0,0,0,0,-168000,0,0,0,71000,239000,-168000,-168000
06791P,聯發科凱基98售16,0,0,0,0,0,0,0,0,0,-168000,0,0,0,50000,218000,-168000,-168000
06603P,立積統一99售01  ,0,0,0,0,0,0,0,0,0,-168000,0,0,0,0,168000,-168000,-168000
057700,新日興群益9A購01,0,0,0,0,0,0,0,0,0,-169000,0,0,0,0,169000,-169000,-169000
047681,滬深反中信95購01,0,0,0,0,0,0,0,0,0,-169000,0,0,0,719000,888000,-169000,-169000
05622P,台積電中信96售02,0,0,0,0,0,0,0,0,0,-170000,0,0,0,30000,200000,-170000,-170000
056289,合勤控永豐97購01,0,0,0,0,0,0,0,0,0,-170000,0,0,0,0,170000,-170000,-170000
051446,中壽元大96購01  ,0,0,0,0,0,0,0,0,0,-170000,0,0,0,73000,243000,-170000,-170000
053255,貿聯國泰97購01  ,0,0,0,0,0,0,0,0,0,-170000,0,0,0,10000,180000,-170000,-170000
050759,貿聯元富94購02  ,0,0,0,0,0,0,0,0,0,-170000,0,0,0,0,170000,-170000,-170000
050271,上緯控元大96購01,0,0,0,0,0,0,0,0,0,-170000,0,0,0,30000,200000,-170000,-170000
05153P,台表科群益96售01,0,0,0,0,0,0,0,0,0,-170000,0,0,0,0,170000,-170000,-170000
051904,深100元大95購01 ,0,0,0,0,0,0,0,0,0,-170000,0,0,0,1000,171000,-170000,-170000
055239,帆宣台新97購01  ,0,0,0,0,0,0,0,0,0,-170000,0,0,0,35000,205000,-170000,-170000
1905,華紙            ,38000,206000,-168000,0,0,0,0,0,0,-2000,0,2000,-2000,0,0,0,-170000
050368,國巨元大94購14  ,0,0,0,0,0,0,0,0,0,-171000,0,0,0,37000,208000,-171000,-171000
050494,可成永昌96購01  ,0,0,0,0,0,0,0,0,0,-171000,0,0,0,48000,219000,-171000,-171000
05542P,滬深2X元富96售01,0,0,0,0,0,0,0,0,0,-172000,0,0,0,10000,182000,-172000,-172000
056208,崇越永豐97購01  ,0,0,0,0,0,0,0,0,0,-173000,0,0,0,0,173000,-173000,-173000
051077,台郡國泰96購02  ,0,0,0,0,0,0,0,0,0,-173000,0,0,0,21000,194000,-173000,-173000
047027,新光金元大95購01,0,0,0,0,0,0,0,0,0,-173000,0,0,0,4000,177000,-173000,-173000
052464,大立光統一95購05,0,0,0,0,0,0,0,0,0,-173000,0,0,0,15000,188000,-173000,-173000
052184,台光電群益95購03,0,0,0,0,0,0,0,0,0,-173000,0,0,0,59000,232000,-173000,-173000
055434,樺漢群益97購01  ,0,0,0,0,0,0,0,0,0,-173000,0,0,0,0,173000,-173000,-173000
054188,欣興永豐96購03  ,0,0,0,0,0,0,0,0,0,-173000,0,0,0,83000,256000,-173000,-173000
9921,巨大            ,347000,439000,-92000,0,0,0,27000,108000,-81000,0,0,0,0,0,0,0,-173000
056597,宏碁元富98購01  ,0,0,0,0,0,0,0,0,0,-174000,0,0,0,91000,265000,-174000,-174000
052434,茂林國泰97購01  ,0,0,0,0,0,0,0,0,0,-174000,0,0,0,17000,191000,-174000,-174000
051202,智邦麥證95購01  ,0,0,0,30000,204000,-174000,0,0,0,-174000,0,0,0,30000,204000,-174000,-174000
053157,日月光元大96購03,0,0,0,0,0,0,0,0,0,-174000,0,0,0,72000,246000,-174000,-174000
053753,啟碁永豐96購01  ,0,0,0,0,0,0,0,0,0,-174000,0,0,0,7000,181000,-174000,-174000
055561,奇鋐凱基97購01  ,0,0,0,0,0,0,0,0,0,-174000,0,0,0,0,174000,-174000,-174000
06229P,欣興凱基97售07  ,0,0,0,0,0,0,0,0,0,-174000,0,0,0,168000,342000,-174000,-174000
057195,南茂元大98購01  ,0,0,0,0,0,0,0,0,0,-175000,0,0,0,196000,371000,-175000,-175000
057072,日月光永豐98購01,0,0,0,0,0,0,0,0,0,-175000,0,0,0,68000,243000,-175000,-175000
057574,中磊永豐98購01  ,0,0,0,0,0,0,0,0,0,-175000,0,0,0,0,175000,-175000,-175000
050700,健策凱基96購01  ,0,0,0,0,0,0,0,0,0,-175000,0,0,0,0,175000,-175000,-175000
055804,祥碩永豐97購02  ,0,0,0,0,0,0,0,0,0,-175000,0,0,0,35000,210000,-175000,-175000
056030,華通日盛97購01  ,0,0,0,0,0,0,0,0,0,-175000,0,0,0,0,175000,-175000,-175000
06463P,大立光富邦9A售01,0,0,0,0,0,0,0,0,0,-175000,0,0,0,0,175000,-175000,-175000
2355,敬鵬            ,109000,283165,-174165,0,0,0,0,0,0,-1000,0,1000,-1000,0,0,0,-175165
056458,日月光凱基98購02,0,0,0,0,0,0,0,0,0,-176000,0,0,0,80000,256000,-176000,-176000
8210,勤誠            ,230000,434000,-204000,0,0,0,15000,0,15000,13000,0,1000,-1000,19000,5000,14000,-176000
052676,聯發科永昌98購01,0,0,0,0,0,0,0,0,0,-177000,0,0,0,345000,522000,-177000,-177000
05491P,茂林元大95售04  ,0,0,0,0,0,0,0,0,0,-177000,0,0,0,52000,229000,-177000,-177000
053904,漢唐凱基97購01  ,0,0,0,0,0,0,0,0,0,-177000,0,0,0,20000,197000,-177000,-177000
056962,技嘉永豐98購01  ,0,0,0,0,0,0,0,0,0,-178000,0,0,0,112000,290000,-178000,-178000
057777,可成群益9A購03  ,0,0,0,0,0,0,0,0,0,-178000,0,0,0,206000,384000,-178000,-178000
04889P,華通元大94售03  ,0,0,0,0,0,0,0,0,0,-178000,0,0,0,12000,190000,-178000,-178000
048561,可成元大93購13  ,0,0,0,0,0,0,0,0,0,-178000,0,0,0,0,178000,-178000,-178000
053973,晶豪科元大96購01,0,0,0,0,0,0,0,0,0,-178000,0,0,0,53000,231000,-178000,-178000
054704,玉晶光第一97購01,0,0,0,0,0,0,0,0,0,-178000,0,0,0,41000,219000,-178000,-178000
05538P,玉晶光國票97售02,0,0,0,0,0,0,0,0,0,-178000,0,0,0,0,178000,-178000,-178000
055838,致茂元大97購03  ,0,0,0,0,0,0,0,0,0,-178000,0,0,0,15000,193000,-178000,-178000
05712P,友達統一97售03  ,0,0,0,0,0,0,0,0,0,-179000,0,0,0,35000,214000,-179000,-179000
05665P,台積電凱基96售08,0,0,0,0,0,0,0,0,0,-179000,0,0,0,101000,280000,-179000,-179000
00737,國泰AI+Robo     ,0,75000,-75000,0,0,0,0,0,0,-104000,0,0,0,0,104000,-104000,-179000
053313,世紀鋼凱基96購01,0,0,0,0,0,0,0,0,0,-179000,0,0,0,12000,191000,-179000,-179000
055115,日月光凱基98購01,0,0,0,0,0,0,0,0,0,-179000,0,0,0,0,179000,-179000,-179000
06507P,台表科國票99售01,0,0,0,0,0,0,0,0,0,-179000,0,0,0,10000,189000,-179000,-179000
056462,訊芯凱基98購03  ,0,0,0,0,0,0,0,0,0,-180000,0,0,0,0,180000,-180000,-180000
057845,晶相光永豐98購03,0,0,0,0,0,0,0,0,0,-180000,0,0,0,112000,292000,-180000,-180000
01009T,王道圓滿R1      ,0,0,0,0,0,0,0,0,0,-180000,0,180000,-180000,0,0,0,-180000
03418B,臺股指元大95熊20,0,0,0,0,0,0,0,0,0,-180000,0,0,0,0,180000,-180000,-180000
04658P,臺股指永昌94售02,0,0,0,0,0,0,0,0,0,-180000,0,0,0,330000,510000,-180000,-180000
050761,華通元大94購05  ,0,0,0,0,0,0,0,0,0,-180000,0,0,0,48000,228000,-180000,-180000
055986,祥碩元富97購01  ,0,0,0,0,0,0,0,0,0,-180000,0,0,0,116000,296000,-180000,-180000
055826,中石化元大97購01,0,0,0,0,0,0,0,0,0,-180000,0,0,0,20000,200000,-180000,-180000
057890,滬深反統一98購01,0,0,0,0,0,0,0,0,0,-181000,0,0,0,0,181000,-181000,-181000
05490P,鴻海元大95售23  ,0,0,0,0,0,0,0,0,0,-181000,0,0,0,226000,407000,-181000,-181000
057009,信邦中信99購01  ,0,0,0,0,0,0,0,0,0,-182000,0,0,0,118000,300000,-182000,-182000
053380,南亞科元大97購01,0,0,0,0,0,0,0,0,0,-182000,0,0,0,31000,213000,-182000,-182000
051847,香港反中信99購01,0,0,0,0,0,0,0,0,0,-182000,0,0,0,8000,190000,-182000,-182000
054374,信邦中信96購01  ,0,0,0,0,0,0,0,0,0,-182000,0,0,0,3000,185000,-182000,-182000
053787,健策元大97購02  ,0,0,0,0,0,0,0,0,0,-182000,0,0,0,198000,380000,-182000,-182000
044805,旭富凱基93購01  ,0,0,0,0,0,0,0,0,0,-183000,0,0,0,10000,193000,-183000,-183000
054525,奇鋐元富96購01  ,0,0,0,0,0,0,0,0,0,-183000,0,0,0,22000,205000,-183000,-183000
057909,台光電兆豐98購01,0,0,0,0,0,0,0,0,0,-184000,0,0,0,22000,206000,-184000,-184000
05748P,臺股指群益99售02,0,0,0,0,0,0,0,0,0,-184000,0,0,0,5000,189000,-184000,-184000
053424,欣興永豐96購02  ,0,0,0,0,0,0,0,0,0,-184000,0,0,0,51000,235000,-184000,-184000
054637,智邦中信98購01  ,0,0,0,0,0,0,0,0,0,-184000,0,0,0,20000,204000,-184000,-184000
06726P,欣興元富98售04  ,0,0,0,0,0,0,0,0,0,-184000,0,0,0,117000,301000,-184000,-184000
057566,欣興富邦99購01  ,0,0,0,0,0,0,0,0,0,-185000,0,0,0,24000,209000,-185000,-185000
057121,立積康和98購01  ,0,0,0,0,0,0,0,0,0,-185000,0,0,0,5000,190000,-185000,-185000
045660,欣興富邦93購03  ,0,0,0,0,0,0,0,0,0,-185000,0,0,0,15000,200000,-185000,-185000
04607P,A50中信94售01   ,0,0,0,0,0,0,0,0,0,-185000,0,0,0,15000,200000,-185000,-185000
049736,宏達電群益95購03,0,0,0,0,0,0,0,0,0,-185000,0,0,0,15000,200000,-185000,-185000
048962,宏全康和94購01  ,0,0,0,0,0,0,0,0,0,-185000,0,0,0,0,185000,-185000,-185000
050218,世紀鋼統一94購02,0,0,0,0,0,0,0,0,0,-185000,0,0,0,53000,238000,-185000,-185000
051621,欣興凱基95購02  ,0,0,0,0,0,0,0,0,0,-185000,0,0,0,0,185000,-185000,-185000
054254,晶豪科元大96購02,0,0,0,0,0,0,0,0,0,-185000,0,0,0,82000,267000,-185000,-185000
055601,茂林元大97購03  ,0,0,0,0,0,0,0,0,0,-185000,0,0,0,45000,230000,-185000,-185000
06696P,台灣50國票99售01,0,0,0,0,0,0,0,0,0,-185000,0,0,0,4000,189000,-185000,-185000
2867,三商壽          ,97000,282000,-185000,0,0,0,0,0,0,0,0,0,0,0,0,0,-185000
8150,南茂            ,2617620,3192000,-574380,0,0,0,0,0,0,389000,0,1000,-1000,435000,45000,390000,-185380
048687,旺宏群益96購01  ,0,0,0,0,0,0,0,0,0,-186000,0,0,0,30000,216000,-186000,-186000
055644,致茂元富97購01  ,0,0,0,0,0,0,0,0,0,-186000,0,0,0,5000,191000,-186000,-186000
058243,華擎元大99購01  ,0,0,0,0,0,0,0,0,0,-187000,0,0,0,207000,394000,-187000,-187000
056074,茂林元大97購04  ,0,0,0,0,0,0,0,0,0,-187000,0,0,0,174000,361000,-187000,-187000
053899,矽創群益96購02  ,0,0,0,0,0,0,0,0,0,-187000,0,0,0,121000,308000,-187000,-187000
06211P,鴻海元大98售04  ,0,0,0,0,0,0,0,0,0,-187000,0,0,0,18000,205000,-187000,-187000
057502,訊芯群益98購02  ,0,0,0,0,0,0,0,0,0,-188000,0,0,0,11000,199000,-188000,-188000
056374,聯發科統一9B購01,0,0,0,0,0,0,0,0,0,-188000,0,0,0,58000,246000,-188000,-188000
051687,大立光凱基95購12,0,0,0,0,0,0,0,0,0,-188000,0,0,0,160000,348000,-188000,-188000
051961,泰碩永豐95購01  ,0,0,0,0,0,0,0,0,0,-188000,0,0,0,25000,213000,-188000,-188000
06778P,台積電元大99售06,0,0,0,0,0,0,0,0,0,-188000,0,0,0,343000,531000,-188000,-188000
057380,技嘉國泰9A購01  ,0,0,0,0,0,0,0,0,0,-189000,0,0,0,213000,402000,-189000,-189000
057020,台積電凱基99購02,0,0,0,0,0,0,0,0,0,-189000,0,0,0,110000,299000,-189000,-189000
057447,智邦元富02購01  ,0,0,0,0,0,0,0,0,0,-189000,0,0,0,213000,402000,-189000,-189000
053302,國巨凱基96購10  ,0,0,0,0,0,0,0,0,0,-189000,0,0,0,31000,220000,-189000,-189000
056777,矽力元大98購02  ,0,0,0,0,0,0,0,0,0,-190000,0,0,0,10000,200000,-190000,-190000
03497P,金像電凱基02售06,0,0,0,0,0,0,0,0,0,-190000,0,0,0,0,190000,-190000,-190000
051096,日月光元大95購01,0,0,0,0,0,0,0,0,0,-190000,0,0,0,10000,200000,-190000,-190000
051109,美律統一95購02  ,0,0,0,0,0,0,0,0,0,-190000,0,0,0,10000,200000,-190000,-190000
05257P,欣興凱基95售04  ,0,0,0,0,0,0,0,0,0,-190000,0,0,0,123000,313000,-190000,-190000
050705,南電凱基96購01  ,0,0,0,0,0,0,0,0,0,-190000,0,0,0,171000,361000,-190000,-190000
053967,華邦電元大96購03,0,0,0,0,0,0,0,0,0,-190000,0,0,0,10000,200000,-190000,-190000
054361,技嘉凱基96購01  ,0,0,0,0,0,0,0,0,0,-190000,0,0,0,199000,389000,-190000,-190000
05603P,聯發科元大96售09,0,0,0,0,0,0,0,0,0,-190000,0,0,0,306000,496000,-190000,-190000
055580,南茂統一97購01  ,0,0,0,0,0,0,0,0,0,-190000,0,0,0,70000,260000,-190000,-190000
055187,彩晶統一98購01  ,0,0,0,0,0,0,0,0,0,-190000,0,0,0,10000,200000,-190000,-190000
051830,健策元大97購01  ,0,0,0,0,0,0,0,0,0,-191000,0,0,0,155000,346000,-191000,-191000
054641,祥碩中信98購01  ,0,0,0,0,0,0,0,0,0,-191000,0,0,0,46000,237000,-191000,-191000
048655,A50正2元富96購01,0,0,0,0,0,0,0,0,0,-192000,0,0,0,5000,197000,-192000,-192000
051953,矽力元富95購03  ,0,0,0,0,0,0,0,0,0,-192000,0,0,0,156000,348000,-192000,-192000
057760,聯發科凱基98購18,0,0,0,0,0,0,0,0,0,-193000,0,0,0,160000,353000,-193000,-193000
051991,泰碩元大95購02  ,0,0,0,0,0,0,0,0,0,-193000,0,0,0,39000,232000,-193000,-193000
054700,致新永豐97購01  ,0,0,0,0,0,0,0,0,0,-193000,0,0,0,80000,273000,-193000,-193000
055095,啟碁群益98購01  ,0,0,0,0,0,0,0,0,0,-193000,0,0,0,1000,194000,-193000,-193000
055386,致新元大97購02  ,0,0,0,0,0,0,0,0,0,-193000,0,0,0,199000,392000,-193000,-193000
06797P,臺股指凱基98售07,0,0,0,0,0,0,0,0,0,-193000,0,0,0,0,193000,-193000,-193000
057625,泰鼎國泰9A購01  ,0,0,0,0,0,0,0,0,0,-194000,0,0,0,174000,368000,-194000,-194000
056933,國巨元富98購03  ,0,0,0,0,0,0,0,0,0,-194000,0,0,0,9000,203000,-194000,-194000
056476,智原元大98購02  ,0,0,0,0,0,0,0,0,0,-194000,0,0,0,20000,214000,-194000,-194000
054126,和大元大96購02  ,0,0,0,0,0,0,0,0,0,-194000,0,0,0,6000,200000,-194000,-194000
056232,瑞儀凱基98購01  ,0,0,0,0,0,0,0,0,0,-195000,0,0,0,5000,200000,-195000,-195000
058038,滬深反元大98購01,0,0,0,0,0,0,0,0,0,-195000,0,0,0,0,195000,-195000,-195000
054506,矽格永豐96購01  ,0,0,0,0,0,0,0,0,0,-195000,0,0,0,65000,260000,-195000,-195000
055676,亞德客凱基97購03,0,0,0,0,0,0,0,0,0,-195000,0,0,0,51000,246000,-195000,-195000
056267,文曄統一97購02  ,0,0,0,0,0,0,0,0,0,-196000,0,0,0,0,196000,-196000,-196000
056773,晶技元大99購03  ,0,0,0,0,0,0,0,0,0,-196000,0,0,0,205000,401000,-196000,-196000
051020,健策凱基96購02  ,0,0,0,0,0,0,0,0,0,-196000,0,0,0,31000,227000,-196000,-196000
054643,上証2X群益9B購01,0,0,0,0,0,0,0,0,0,-196000,0,0,0,1000,197000,-196000,-196000
053710,華通凱基96購05  ,0,0,0,0,0,0,0,0,0,-196000,0,0,0,0,196000,-196000,-196000
046573,上緯控國泰94購01,0,0,0,0,0,0,0,0,0,-197000,0,0,0,60000,257000,-197000,-197000
055693,南茂凱基97購01  ,0,0,0,0,0,0,0,0,0,-197000,0,0,0,37000,234000,-197000,-197000
06106P,國巨群益97售02  ,0,0,0,0,0,0,0,0,0,-197000,0,0,0,26000,223000,-197000,-197000
2723,美食-KY         ,132000,325000,-193000,0,0,0,0,0,0,-4000,0,4000,-4000,3000,3000,0,-197000
057055,立積元大99購01  ,0,0,0,0,0,0,0,0,0,-198000,0,0,0,36000,234000,-198000,-198000
057702,同欣電群益99購01,0,0,0,0,0,0,0,0,0,-198000,0,0,0,144000,342000,-198000,-198000
053404,致新群益96購01  ,0,0,0,0,0,0,0,0,0,-198000,0,0,0,175000,373000,-198000,-198000
049056,玉晶光永豐95購03,0,0,0,0,0,0,0,0,0,-199000,0,0,0,1000,200000,-199000,-199000
050031,嘉澤元大95購01  ,0,0,0,0,0,0,0,0,0,-199000,0,0,0,132000,331000,-199000,-199000
055809,T50反1國票98購02,0,0,0,0,0,0,0,0,0,-199000,0,0,0,0,199000,-199000,-199000
055387,世紀鋼元大97購01,0,0,0,0,0,0,0,0,0,-199000,0,0,0,66000,265000,-199000,-199000
053917,友達國票97購03  ,0,0,0,0,0,0,0,0,0,-199000,0,0,0,0,199000,-199000,-199000
05740P,宏達電元富96售01,0,0,0,0,0,0,0,0,0,-200000,0,0,0,0,200000,-200000,-200000
057505,健策麥證98購01  ,0,0,0,30000,230000,-200000,0,0,0,-200000,0,0,0,30000,230000,-200000,-200000
056516,晶豪科兆豐98購01,0,0,0,0,0,0,0,0,0,-200000,0,0,0,98000,298000,-200000,-200000
048400,矽創國票93購01  ,0,0,0,0,0,0,0,0,0,-200000,0,0,0,0,200000,-200000,-200000
04945P,鴻海永豐94售06  ,0,0,0,0,0,0,0,0,0,-200000,0,0,0,0,200000,-200000,-200000
04760P,旺宏凱基94售02  ,0,0,0,0,0,0,0,0,0,-200000,0,0,0,0,200000,-200000,-200000
04810P,亞德客元大94售01,0,0,0,0,0,0,0,0,0,-200000,0,0,0,0,200000,-200000,-200000
049121,元油2X元富94購06,0,0,0,0,0,0,0,0,0,-200000,0,0,0,0,200000,-200000,-200000
04552P,南電元大94售06  ,0,0,0,0,0,0,0,0,0,-200000,0,0,0,0,200000,-200000,-200000
051268,創意富邦97購01  ,0,0,0,0,0,0,0,0,0,-200000,0,0,0,0,200000,-200000,-200000
052448,新光金元大96購03,0,0,0,0,0,0,0,0,0,-200000,0,0,0,0,200000,-200000,-200000
053308,智易凱基96購02  ,0,0,0,0,0,0,0,0,0,-200000,0,0,0,0,200000,-200000,-200000
050536,亞泥凱基95購01  ,0,0,0,0,0,0,0,0,0,-200000,0,0,0,0,200000,-200000,-200000
050691,楠梓電凱基96購01,0,0,0,0,0,0,0,0,0,-200000,0,0,0,100000,300000,-200000,-200000
053981,康控元大96購05  ,0,0,0,0,0,0,0,0,0,-200000,0,0,0,0,200000,-200000,-200000
054141,TPK元大96購02   ,0,0,0,0,0,0,0,0,0,-200000,0,0,0,0,200000,-200000,-200000
054576,健策元大98購03  ,0,0,0,0,0,0,0,0,0,-200000,0,0,0,36000,236000,-200000,-200000
055784,TPK凱基97購02   ,0,0,0,0,0,0,0,0,0,-200000,0,0,0,0,200000,-200000,-200000
056078,勤誠元大97購01  ,0,0,0,0,0,0,0,0,0,-200000,0,0,0,0,200000,-200000,-200000
056079,世紀鋼元大97購02,0,0,0,0,0,0,0,0,0,-200000,0,0,0,54000,254000,-200000,-200000
055906,大立光兆豐97購03,0,0,0,0,0,0,0,0,0,-200000,0,0,0,0,200000,-200000,-200000
04744P,臻鼎元富94售04  ,0,0,0,0,0,0,0,0,0,-201000,0,0,0,0,201000,-201000,-201000
050923,南亞科凱基95購03,0,0,0,0,0,0,0,0,0,-201000,0,0,0,141000,342000,-201000,-201000
2913,農林            ,404000,645000,-241000,0,0,0,0,0,0,40000,40000,0,40000,0,0,0,-201000
055988,矽力元富97購01  ,0,0,0,0,0,0,0,0,0,-202000,0,0,0,37000,239000,-202000,-202000
054668,傳奇元富97購03  ,0,0,0,0,0,0,0,0,0,-202000,0,0,0,0,202000,-202000,-202000
2421,建準            ,183000,374000,-191000,0,0,0,0,0,0,-11000,0,0,0,0,11000,-11000,-202000
051659,力山國泰97購01  ,0,0,0,0,0,0,0,0,0,-203000,0,0,0,0,203000,-203000,-203000
056184,南亞科統一97購03,0,0,0,0,0,0,0,0,0,-204000,0,0,0,0,204000,-204000,-204000
057469,康友永豐98購02  ,0,0,0,0,0,0,0,0,0,-204000,0,0,0,0,204000,-204000,-204000
057539,南茂元大98購02  ,0,0,0,0,0,0,0,0,0,-204000,0,0,0,0,204000,-204000,-204000
046011,欣興元富95購01  ,0,0,0,0,0,0,0,0,0,-204000,0,0,0,22000,226000,-204000,-204000
055017,緯穎元富97購01  ,0,0,0,0,0,0,0,0,0,-204000,0,0,0,10000,214000,-204000,-204000
057634,道瓊反元大99購01,0,0,0,0,0,0,0,0,0,-205000,0,0,0,0,205000,-205000,-205000
049189,訊芯康和94購01  ,0,0,0,0,0,0,0,0,0,-205000,0,0,0,106000,311000,-205000,-205000
051397,聯茂兆豐95購03  ,0,0,0,0,0,0,0,0,0,-206000,0,0,0,35000,241000,-206000,-206000
048810,玉晶光第一94購01,0,0,0,0,0,0,0,0,0,-207000,0,0,0,40000,247000,-207000,-207000
00680L,元大美債20正2   ,0,0,0,0,0,0,0,0,0,-208000,0,0,0,2000,210000,-208000,-208000
052566,國巨凱基96購04  ,0,0,0,0,0,0,0,0,0,-208000,0,0,0,94000,302000,-208000,-208000
052968,燿華群益98購01  ,0,0,0,0,0,0,0,0,0,-208000,0,0,0,39000,247000,-208000,-208000
06922P,元上證群益9C售01,0,0,0,0,0,0,0,0,0,-208000,0,0,0,0,208000,-208000,-208000
057298,旭富永豐98購01  ,0,0,0,0,0,0,0,0,0,-209000,0,0,0,308000,517000,-209000,-209000
057134,茂林凱基98購02  ,0,0,0,0,0,0,0,0,0,-209000,0,0,0,14000,223000,-209000,-209000
048373,A50正2元富95購01,0,0,0,0,0,0,0,0,0,-209000,0,0,0,0,209000,-209000,-209000
050744,健策永豐94購04  ,0,0,0,0,0,0,0,0,0,-209000,0,0,0,24000,233000,-209000,-209000
053695,智易元大97購02  ,0,0,0,0,0,0,0,0,0,-209000,0,0,0,7000,216000,-209000,-209000
058005,茂林群益98購04  ,0,0,0,0,0,0,0,0,0,-210000,0,0,0,2000,212000,-210000,-210000
052167,亞泥元大96購01  ,0,0,0,0,0,0,0,0,0,-210000,0,0,0,150000,360000,-210000,-210000
054944,精元元大97購01  ,0,0,0,0,0,0,0,0,0,-210000,0,0,0,0,210000,-210000,-210000
055388,華通統一97購03  ,0,0,0,0,0,0,0,0,0,-210000,0,0,0,0,210000,-210000,-210000
055909,大成鋼凱基98購02,0,0,0,0,0,0,0,0,0,-210000,0,0,0,0,210000,-210000,-210000
05943P,欣興凱基96售03  ,0,0,0,0,0,0,0,0,0,-211000,0,0,0,231000,442000,-211000,-211000
057468,台郡永豐98購01  ,0,0,0,0,0,0,0,0,0,-211000,0,0,0,2000,213000,-211000,-211000
03430B,臺股指元大9B熊01,0,0,0,0,0,0,0,0,0,-211000,0,0,0,7000,218000,-211000,-211000
048571,美利達元大96購03,0,0,0,0,0,0,0,0,0,-211000,0,0,0,1000,212000,-211000,-211000
047814,宏達電凱基93購02,0,0,0,0,0,0,0,0,0,-211000,0,0,0,0,211000,-211000,-211000
051611,鈺齊群益95購02  ,0,0,0,0,0,0,0,0,0,-211000,0,0,0,0,211000,-211000,-211000
051873,緯穎凱基95購02  ,0,0,0,0,0,0,0,0,0,-211000,0,0,0,85000,296000,-211000,-211000
052004,泰碩國泰97購03  ,0,0,0,0,0,0,0,0,0,-211000,0,0,0,281000,492000,-211000,-211000
057097,致新元富98購01  ,0,0,0,0,0,0,0,0,0,-212000,0,0,0,20000,232000,-212000,-212000
04230P,臺股指中信95售06,0,0,0,0,0,0,0,0,0,-212000,0,0,0,287000,499000,-212000,-212000
051573,鴻海元大95購15  ,0,0,0,0,0,0,0,0,0,-212000,0,0,0,0,212000,-212000,-212000
04993P,上銀兆豐96售01  ,0,0,0,0,0,0,0,0,0,-212000,0,0,0,30000,242000,-212000,-212000
054120,奇力新永豐96購01,0,0,0,0,0,0,0,0,0,-212000,0,0,0,36000,248000,-212000,-212000
06100P,台積電日盛97售03,0,0,0,0,0,0,0,0,0,-212000,0,0,0,613000,825000,-212000,-212000
052506,日月光日盛95購01,0,0,0,0,0,0,0,0,0,-213000,0,0,0,0,213000,-213000,-213000
053919,可成國票97購02  ,0,0,0,0,0,0,0,0,0,-213000,0,0,0,128000,341000,-213000,-213000
055219,啟碁凱基98購01  ,0,0,0,0,0,0,0,0,0,-213000,0,0,0,0,213000,-213000,-213000
058055,華擎統一9A購01  ,0,0,0,0,0,0,0,0,0,-214000,0,0,0,58000,272000,-214000,-214000
053557,聯茂凱基96購04  ,0,0,0,0,0,0,0,0,0,-214000,0,0,0,6000,220000,-214000,-214000
06134P,緯穎元富97售03  ,0,0,0,0,0,0,0,0,0,-214000,0,0,0,102000,316000,-214000,-214000
3406,玉晶光          ,897000,1551000,-654000,0,0,0,401000,0,401000,39000,129000,109000,20000,53000,34000,19000,-214000
050823,信邦凱基95購01  ,0,0,0,0,0,0,0,0,0,-215000,0,0,0,272000,487000,-215000,-215000
055689,台郡凱基99購01  ,0,0,0,0,0,0,0,0,0,-215000,0,0,0,11000,226000,-215000,-215000
055446,奇力新統一9A購01,0,0,0,0,0,0,0,0,0,-216000,0,0,0,81000,297000,-216000,-216000
053997,健策群益97購02  ,0,0,0,0,0,0,0,0,0,-216000,0,0,0,52000,268000,-216000,-216000
057596,聯茂兆豐99購01  ,0,0,0,0,0,0,0,0,0,-217000,0,0,0,262000,479000,-217000,-217000
057699,可成群益9A購02  ,0,0,0,0,0,0,0,0,0,-217000,0,0,0,146000,363000,-217000,-217000
051870,台郡凱基95購04  ,0,0,0,0,0,0,0,0,0,-217000,0,0,0,0,217000,-217000,-217000
053986,矽創第一96購01  ,0,0,0,0,0,0,0,0,0,-217000,0,0,0,0,217000,-217000,-217000
05564P,玉晶光元大97售02,0,0,0,0,0,0,0,0,0,-217000,0,0,0,46000,263000,-217000,-217000
054800,訊芯群益99購01  ,0,0,0,0,0,0,0,0,0,-218000,0,0,0,0,218000,-218000,-218000
06772P,國巨中信99售01  ,0,0,0,0,0,0,0,0,0,-218000,0,0,0,7000,225000,-218000,-218000
1321,大洋            ,18000,236000,-218000,0,0,0,0,0,0,0,0,0,0,0,0,0,-218000
057448,致茂元富98購01  ,0,0,0,0,0,0,0,0,0,-219000,0,0,0,20000,239000,-219000,-219000
056467,上証2X元大98購02,0,0,0,0,0,0,0,0,0,-219000,0,0,0,188000,407000,-219000,-219000
049726,道瓊反中信96購01,0,0,0,0,0,0,0,0,0,-219000,0,0,0,80000,299000,-219000,-219000
051670,欣興元大95購06  ,0,0,0,0,0,0,0,0,0,-219000,0,0,0,62000,281000,-219000,-219000
054564,玉晶光群益99購01,0,0,0,0,0,0,0,0,0,-219000,0,0,0,143000,362000,-219000,-219000
053731,矽創凱基96購03  ,0,0,0,0,0,0,0,0,0,-219000,0,0,0,55000,274000,-219000,-219000
06153P,健策元大97售04  ,0,0,0,0,0,0,0,0,0,-219000,0,0,0,144000,363000,-219000,-219000
056247,台郡群益97購01  ,0,0,0,0,0,0,0,0,0,-220000,0,0,0,89000,309000,-220000,-220000
049642,鴻海凱基94購16  ,0,0,0,0,0,0,0,0,0,-220000,0,0,0,0,220000,-220000,-220000
051842,大成鋼富邦97購01,0,0,0,0,0,0,0,0,0,-220000,0,0,0,100000,320000,-220000,-220000
054014,宏達電永豐96購04,0,0,0,0,0,0,0,0,0,-220000,0,0,0,0,220000,-220000,-220000
054424,大成鋼富邦97購02,0,0,0,0,0,0,0,0,0,-220000,0,0,0,0,220000,-220000,-220000
06866P,聯發科元大98售13,0,0,0,0,0,0,0,0,0,-220000,0,0,0,0,220000,-220000,-220000
048247,聯發科兆豐93購03,0,0,0,0,0,0,0,0,0,-221000,0,0,0,0,221000,-221000,-221000
051068,台積電國票97購01,30000,0,30000,0,0,0,0,0,0,-251000,0,0,0,179000,430000,-251000,-221000
051592,健策元大96購05  ,0,0,0,0,0,0,0,0,0,-222000,0,0,0,69000,291000,-222000,-222000
050374,上緯控元大95購01,0,0,0,0,0,0,0,0,0,-222000,0,0,0,0,222000,-222000,-222000
055195,昇陽半元富97購02,0,0,0,0,0,0,0,0,0,-222000,0,0,0,0,222000,-222000,-222000
07003P,聯發科兆豐99售02,0,0,0,0,0,0,0,0,0,-222000,0,0,0,0,222000,-222000,-222000
06760P,台積電元大98售18,0,0,0,0,0,0,0,0,0,-222000,0,0,0,553000,775000,-222000,-222000
057764,台表科凱基9A購01,0,0,0,0,0,0,0,0,0,-223000,0,0,0,40000,263000,-223000,-223000
1560,中砂            ,23000,246000,-223000,0,0,0,0,0,0,0,0,0,0,0,0,0,-223000
4967,十銓            ,1045000,1319000,-274000,0,0,0,0,0,0,51000,55000,4000,51000,0,0,0,-223000
056166,微星台新97購01  ,0,0,0,0,0,0,0,0,0,-224000,0,0,0,0,224000,-224000,-224000
057053,立積元大98購02  ,0,0,0,0,0,0,0,0,0,-225000,0,0,0,4000,229000,-225000,-225000
050869,健策永豐95購01  ,0,0,0,0,0,0,0,0,0,-225000,0,0,0,27000,252000,-225000,-225000
054385,矽創群益98購01  ,0,0,0,0,0,0,0,0,0,-225000,0,0,0,381000,606000,-225000,-225000
053951,T50反1台新06購02,0,0,0,0,0,0,0,0,0,-225000,0,0,0,0,225000,-225000,-225000
06441P,台積電凱基98售08,0,0,0,0,0,0,0,0,0,-225000,0,0,0,218000,443000,-225000,-225000
051028,台光電元富95購02,0,0,0,0,0,0,0,0,0,-226000,0,0,0,90000,316000,-226000,-226000
05013P,台積電元大96售05,0,0,0,0,0,0,0,0,0,-226000,0,0,0,100000,326000,-226000,-226000
056139,貿聯元大97購04  ,0,0,0,0,0,0,0,0,0,-226000,0,0,0,0,226000,-226000,-226000
056698,T50反1國泰9A購01,0,0,0,0,0,0,0,0,0,-227000,0,0,0,38000,265000,-227000,-227000
052790,智邦兆豐97購01  ,0,0,0,0,0,0,0,0,0,-227000,0,0,0,43000,270000,-227000,-227000
2385,群光            ,627254,896740,-269486,0,0,0,0,0,0,42000,5000,1000,4000,42000,4000,38000,-227486
055789,台虹凱基97購01  ,0,0,0,0,0,0,0,0,0,-228000,0,0,0,48000,276000,-228000,-228000
055800,欣興永豐97購02  ,0,0,0,0,0,0,0,0,0,-228000,0,0,0,80000,308000,-228000,-228000
055221,矽創凱基97購02  ,0,0,0,0,0,0,0,0,0,-228000,0,0,0,178000,406000,-228000,-228000
051511,鈺齊中信97購01  ,0,0,0,0,0,0,0,0,0,-229000,0,0,0,0,229000,-229000,-229000
03751P,旺宏富邦95售01  ,0,0,0,0,0,0,0,0,0,-229000,0,0,0,1000,230000,-229000,-229000
054343,世紀鋼元富96購02,0,0,0,0,0,0,0,0,0,-229000,0,0,0,20000,249000,-229000,-229000
06154P,超眾元大98售01  ,0,0,0,0,0,0,0,0,0,-229000,0,0,0,141000,370000,-229000,-229000
05823P,臺股指凱基96售20,0,0,0,0,0,0,0,0,0,-230000,0,0,0,4000,234000,-230000,-230000
048829,欣興凱基94購02  ,0,0,0,0,0,0,0,0,0,-230000,0,0,0,70000,300000,-230000,-230000
054771,茂林國票98購02  ,0,0,0,0,0,0,0,0,0,-230000,0,0,0,16000,246000,-230000,-230000
04979P,臺股指凱基96售07,0,0,0,0,0,0,0,0,0,-231000,0,0,0,90000,321000,-231000,-231000
053394,鴻海中信9A購01  ,0,0,0,0,0,0,0,0,0,-231000,0,0,0,0,231000,-231000,-231000
057024,義隆凱基99購01  ,0,0,0,0,0,0,0,0,0,-232000,0,0,0,0,232000,-232000,-232000
054879,大成鋼統一97購01,0,0,0,0,0,0,0,0,0,-232000,0,0,0,0,232000,-232000,-232000
06326P,鴻海中信01售01  ,0,0,0,0,0,0,0,0,0,-232000,0,0,0,20000,252000,-232000,-232000
056916,台達電兆豐98購02,0,0,0,0,0,0,0,0,0,-233000,0,0,0,97000,330000,-233000,-233000
057660,訊芯兆豐98購02  ,0,0,0,0,0,0,0,0,0,-233000,0,0,0,0,233000,-233000,-233000
054333,茂林永豐96購03  ,0,0,0,0,0,0,0,0,0,-234000,0,0,0,0,234000,-234000,-234000
057142,力成兆豐98購01  ,0,0,0,0,0,0,0,0,0,-235000,0,0,0,381000,616000,-235000,-235000
056515,燿華兆豐99購01  ,0,0,0,0,0,0,0,0,0,-235000,0,0,0,76000,311000,-235000,-235000
053032,國巨兆豐97購02  ,0,0,0,0,0,0,0,0,0,-235000,0,0,0,85000,320000,-235000,-235000
05477P,華新科群益95售06,0,0,0,0,0,0,0,0,0,-235000,0,0,0,15000,250000,-235000,-235000
06521P,矽力元大98售01  ,0,0,0,0,0,0,0,0,0,-235000,0,0,0,13000,248000,-235000,-235000
052952,矽創國票97購02  ,0,0,0,0,0,0,0,0,0,-236000,0,0,0,55000,291000,-236000,-236000
06858P,道瓊指中信9B售01,0,0,0,0,0,0,0,0,0,-236000,0,0,0,11000,247000,-236000,-236000
06660P,大立光富邦9B售03,0,0,0,0,0,0,0,0,0,-236000,0,0,0,0,236000,-236000,-236000
056594,台積電元富98購03,0,0,0,0,0,0,0,0,0,-237000,0,0,0,581000,818000,-237000,-237000
053630,奇鋐兆豐97購01  ,0,0,0,0,0,0,0,0,0,-237000,0,0,0,15000,252000,-237000,-237000
056593,台積電元富98購02,0,0,0,0,0,0,0,0,0,-238000,0,0,0,355000,593000,-238000,-238000
051479,兆豐金凱基95購01,0,0,0,0,0,0,0,0,0,-238000,0,0,0,10000,248000,-238000,-238000
049669,訊芯國泰95購01  ,0,0,0,0,0,0,0,0,0,-238000,0,0,0,0,238000,-238000,-238000
050641,上証反凱基96購01,0,0,0,0,0,0,0,0,0,-238000,0,0,0,0,238000,-238000,-238000
054984,華泰元富97購01  ,0,0,0,0,0,0,0,0,0,-238000,0,0,0,20000,258000,-238000,-238000
055207,致新中信99購01  ,0,0,0,0,0,0,0,0,0,-238000,0,0,0,0,238000,-238000,-238000
3058,立德            ,9000,247000,-238000,0,0,0,0,0,0,0,0,0,0,0,0,0,-238000
057780,台郡群益98購02  ,0,0,0,0,0,0,0,0,0,-239000,0,0,0,16000,255000,-239000,-239000
047584,元金2X永豐95購01,0,0,0,0,0,0,0,0,0,-240000,0,0,0,40000,280000,-240000,-240000
054888,泰碩統一97購01  ,0,0,0,0,0,0,0,0,0,-240000,0,0,0,379000,619000,-240000,-240000
06078P,臺股指凱基9A售01,0,0,0,0,0,0,0,0,0,-241000,0,0,0,42000,283000,-241000,-241000
03413B,臺股指凱基94熊19,0,0,0,0,0,0,0,0,0,-241000,0,0,0,639000,880000,-241000,-241000
055196,致新元富97購01  ,0,0,0,0,0,0,0,0,0,-241000,0,0,0,56000,297000,-241000,-241000
8213,志超            ,43000,284000,-241000,0,0,0,0,0,0,0,0,0,0,0,0,0,-241000
06811P,聯發科統一98售06,0,0,0,0,0,0,0,0,0,-241000,0,0,0,1000,242000,-241000,-241000
2615,萬海            ,339578,578000,-238422,0,0,0,0,0,0,-3000,0,3000,-3000,0,0,0,-241422
056546,致伸凱基98購01  ,0,0,0,0,0,0,0,0,0,-242000,0,0,0,2000,244000,-242000,-242000
056174,億光元富97購01  ,0,0,0,0,0,0,0,0,0,-242000,0,0,0,300000,542000,-242000,-242000
051777,聯發科群益95購04,0,0,0,0,0,0,0,0,0,-242000,0,0,0,23000,265000,-242000,-242000
054121,奇鋐永豐96購02  ,0,0,0,0,0,0,0,0,0,-242000,0,0,0,0,242000,-242000,-242000
6239,力成            ,2294958,2711659,-416701,0,0,0,0,0,0,174000,162000,1000,161000,23000,10000,13000,-242701
05703P,矽力群益96售03  ,0,0,0,0,0,0,0,0,0,-243000,0,0,0,240000,483000,-243000,-243000
048506,華通群益94購03  ,0,0,0,0,0,0,0,0,0,-243000,0,0,0,8000,251000,-243000,-243000
053357,可成統一96購02  ,0,0,0,0,0,0,0,0,0,-243000,0,0,0,933000,1176000,-243000,-243000
054117,宏全康和96購01  ,0,0,0,0,0,0,0,0,0,-243000,0,0,0,0,243000,-243000,-243000
06199P,聯發科元大97售17,0,0,0,0,0,0,0,0,0,-243000,0,0,0,20000,263000,-243000,-243000
056549,嘉聯益凱基98購04,0,0,0,0,0,0,0,0,0,-244000,0,0,0,113000,357000,-244000,-244000
049720,欣興凱基94購05  ,0,0,0,0,0,0,0,0,0,-244000,0,0,0,6000,250000,-244000,-244000
052084,台泥元大95購01  ,0,0,0,0,0,0,0,0,0,-244000,0,0,0,16000,260000,-244000,-244000
06635P,聯發科凱基98售15,0,0,0,0,0,0,0,0,0,-244000,0,0,0,90000,334000,-244000,-244000
056215,華新科國票97購03,0,0,0,0,0,0,0,0,0,-245000,0,0,0,41000,286000,-245000,-245000
057799,世紀鋼兆豐98購01,0,0,0,0,0,0,0,0,0,-245000,0,0,0,29000,274000,-245000,-245000
050233,香港2X凱基96購01,0,0,0,0,0,0,0,0,0,-245000,0,0,0,25000,270000,-245000,-245000
050971,緯穎永豐95購01  ,0,0,0,0,0,0,0,0,0,-245000,0,0,0,150000,395000,-245000,-245000
055905,可成兆豐97購03  ,0,0,0,0,0,0,0,0,0,-245000,0,0,0,102000,347000,-245000,-245000
053126,健策凱基97購02  ,0,0,0,0,0,0,0,0,0,-246000,0,0,0,0,246000,-246000,-246000
053959,晶豪科永豐96購02,0,0,0,0,0,0,0,0,0,-246000,0,0,0,0,246000,-246000,-246000
4958,臻鼎-KY         ,2553000,3045317,-492317,0,0,0,215000,0,215000,31000,113000,92000,21000,17000,7000,10000,-246317
048842,矽格凱基94購01  ,0,0,0,0,0,0,0,0,0,-247000,0,0,0,119000,366000,-247000,-247000
049974,聯發科日盛94購02,0,0,0,0,0,0,0,0,0,-247000,0,0,0,0,247000,-247000,-247000
057891,華新科統一9A購01,0,0,0,0,0,0,0,0,0,-248000,0,0,0,139000,387000,-248000,-248000
05670P,台積電國票98售01,0,0,0,0,0,0,0,0,0,-248000,0,0,0,50000,298000,-248000,-248000
057054,立積元大98購03  ,0,0,0,0,0,0,0,0,0,-248000,0,0,0,15000,263000,-248000,-248000
048572,美利達元大96購04,0,0,0,0,0,0,0,0,0,-248000,0,0,0,88000,336000,-248000,-248000
056123,鈺齊群益97購01  ,0,0,0,0,0,0,0,0,0,-248000,0,0,0,0,248000,-248000,-248000
3532,台勝科          ,591506,887000,-295494,0,0,0,45000,0,45000,2000,50000,92000,-42000,48000,4000,44000,-248494
057827,康友元大98購03  ,0,0,0,0,0,0,0,0,0,-249000,0,0,0,43000,292000,-249000,-249000
049150,新光金元大96購01,0,0,0,0,0,0,0,0,0,-249000,0,0,0,0,249000,-249000,-249000
055123,億光兆豐97購01  ,0,0,0,0,0,0,0,0,0,-249000,0,0,0,70000,319000,-249000,-249000
05790P,臺股指永昌96售07,0,0,0,0,0,0,0,0,0,-250000,280000,0,280000,0,530000,-530000,-250000
056026,智易群益97購01  ,0,0,0,0,0,0,0,0,0,-250000,0,0,0,100000,350000,-250000,-250000
05444P,大立光元大95售10,0,0,0,0,0,0,0,0,0,-250000,0,0,0,0,250000,-250000,-250000
08163P,T50正2中信95售01,0,0,0,0,0,0,0,0,0,-250000,0,0,0,0,250000,-250000,-250000
06901P,亞德客凱基98售02,0,0,0,0,0,0,0,0,0,-250000,0,0,0,0,250000,-250000,-250000
052216,康友元大96購01  ,0,0,0,0,0,0,0,0,0,-252000,0,0,0,64000,316000,-252000,-252000
052846,智邦統一97購01  ,0,0,0,0,0,0,0,0,0,-252000,0,0,0,28000,280000,-252000,-252000
052750,臺股指元大96購04,0,0,0,0,0,0,0,0,0,-252000,0,0,0,63000,315000,-252000,-252000
058075,貿聯凱基99購02  ,0,0,0,0,0,0,0,0,0,-253000,0,0,0,154000,407000,-253000,-253000
056555,矽創凱基98購01  ,0,0,0,0,0,0,0,0,0,-253000,0,0,0,83000,336000,-253000,-253000
050774,健策元大96購02  ,0,0,0,0,0,0,0,0,0,-253000,0,0,0,45000,298000,-253000,-253000
056614,智邦永豐98購01  ,0,0,0,0,0,0,0,0,0,-254000,0,0,0,184000,438000,-254000,-254000
05436P,台積電群益95售07,0,0,0,0,0,0,0,0,0,-254000,0,0,0,75000,329000,-254000,-254000
053770,元金2X元大98購01,0,0,0,0,0,0,0,0,0,-254000,0,0,0,12000,266000,-254000,-254000
052754,上証2X群益9A購01,0,0,0,0,0,0,0,0,0,-255000,0,0,0,1000,256000,-255000,-255000
056542,緯創凱基98購01  ,0,0,0,0,0,0,0,0,0,-256000,0,0,0,36000,292000,-256000,-256000
052674,智邦國泰98購01  ,0,0,0,0,0,0,0,0,0,-256000,0,0,0,291000,547000,-256000,-256000
05527P,聯茂群益96售01  ,0,0,0,0,0,0,0,0,0,-256000,0,0,0,10000,266000,-256000,-256000
057532,智原元大98購03  ,0,0,0,0,0,0,0,0,0,-257000,0,0,0,26000,283000,-257000,-257000
053950,緯穎富邦97購02  ,0,0,0,0,0,0,0,0,0,-259000,0,0,0,130000,389000,-259000,-259000
057078,國巨統一9A購02  ,0,0,0,0,0,0,0,0,0,-260000,0,0,0,288000,548000,-260000,-260000
049236,元油2X元富96購06,0,0,0,0,0,0,0,0,0,-260000,0,0,0,70000,330000,-260000,-260000
054246,國巨元大96購12  ,0,25000,-25000,0,0,0,0,0,0,-235000,0,0,0,34000,269000,-235000,-260000
055364,矽創凱基97購03  ,0,0,0,0,0,0,0,0,0,-260000,0,0,0,0,260000,-260000,-260000
055024,興勤國泰98購01  ,0,0,0,0,0,0,0,0,0,-260000,0,0,0,75000,335000,-260000,-260000
1210,大成            ,301000,145000,156000,0,0,0,0,416000,-416000,0,0,0,0,0,0,0,-260000
058098,T50反1國泰9A購02,0,0,0,0,0,0,0,0,0,-261000,0,0,0,0,261000,-261000,-261000
05699P,茂林凱基96售05  ,0,0,0,0,0,0,0,0,0,-262000,0,0,0,0,262000,-262000,-262000
050480,健策國票95購04  ,0,0,0,0,0,0,0,0,0,-262000,0,0,0,1000,263000,-262000,-262000
056696,茂林群益98購02  ,0,0,0,0,0,0,0,0,0,-263000,0,0,0,78000,341000,-263000,-263000
057936,健策群益99購01  ,0,0,0,0,0,0,0,0,0,-263000,0,0,0,37000,300000,-263000,-263000
052877,矽創凱基96購01  ,0,0,0,0,0,0,0,0,0,-263000,0,0,0,0,263000,-263000,-263000
052822,泰碩永豐97購01  ,0,0,0,0,0,0,0,0,0,-263000,0,0,0,228000,491000,-263000,-263000
055180,文曄統一97購01  ,0,0,0,0,0,0,0,0,0,-263000,0,0,0,22000,285000,-263000,-263000
06525P,上証2X國泰99售01,0,0,0,0,0,0,0,0,0,-263000,0,0,0,0,263000,-263000,-263000
058160,奇鋐元富99購01  ,0,0,0,0,0,0,0,0,0,-265000,0,0,0,50000,315000,-265000,-265000
052243,致茂康和95購01  ,0,0,0,0,0,0,0,0,0,-265000,0,0,0,0,265000,-265000,-265000
06799P,臺股指凱基98售09,0,0,0,0,0,0,0,0,0,-265000,0,0,0,0,265000,-265000,-265000
06347P,祥碩元富97售02  ,0,0,0,0,0,0,0,0,0,-265000,0,0,0,12000,277000,-265000,-265000
048723,世紀鋼永豐94購02,0,0,0,0,0,0,0,0,0,-266000,0,0,0,0,266000,-266000,-266000
055782,新日興凱基99購01,0,0,0,0,0,0,0,0,0,-266000,0,0,0,120000,386000,-266000,-266000
053167,欣興群益96購03  ,0,0,0,0,0,0,0,0,0,-267000,0,0,0,33000,300000,-267000,-267000
054348,康控國票97購03  ,0,0,0,0,0,0,0,0,0,-267000,0,0,0,46000,313000,-267000,-267000
06346P,聯鈞元富97售02  ,0,0,0,0,0,0,0,0,0,-267000,0,0,0,10000,277000,-267000,-267000
052508,矽力日盛95購02  ,0,0,0,0,0,0,0,0,0,-268000,0,0,0,31000,299000,-268000,-268000
053296,貿聯中信98購01  ,0,0,0,0,0,0,0,0,0,-270000,0,0,0,30000,300000,-270000,-270000
054794,貿聯群益98購01  ,0,0,0,0,0,0,0,0,0,-270000,0,0,0,30000,300000,-270000,-270000
056553,啟碁凱基98購02  ,0,0,0,0,0,0,0,0,0,-272000,0,0,0,1000,273000,-272000,-272000
04434P,玉晶光國票96售02,0,0,0,0,0,0,0,0,0,-272000,0,0,0,298000,570000,-272000,-272000
054268,健策第一96購01  ,0,0,0,0,0,0,0,0,0,-272000,0,0,0,0,272000,-272000,-272000
2344,華邦電          ,5188186,5338000,-149814,0,0,0,150000,0,150000,-273000,4000,224000,-220000,138000,191000,-53000,-272814
056996,矽力日盛99購01  ,0,0,0,0,0,0,0,0,0,-273000,0,0,0,3000,276000,-273000,-273000
049703,訊芯元大95購01  ,0,0,0,0,0,0,0,0,0,-273000,0,0,0,0,273000,-273000,-273000
053525,台積電中信96購04,0,0,0,0,0,0,0,0,0,-273000,0,0,0,69000,342000,-273000,-273000
054667,神基元富97購01  ,0,0,0,0,0,0,0,0,0,-275000,0,0,0,76000,351000,-275000,-275000
055520,矽力中信97購02  ,0,0,0,0,0,0,0,0,0,-275000,0,0,0,176000,451000,-275000,-275000
057970,國巨富邦99購03  ,0,0,0,0,0,0,0,0,0,-276000,0,0,0,10000,286000,-276000,-276000
05173P,臺股指元大95售17,0,0,0,0,0,0,0,0,0,-276000,0,0,0,0,276000,-276000,-276000
054864,聯發科群益97購02,0,0,0,0,0,0,0,0,0,-278000,0,0,0,76000,354000,-278000,-278000
2392,正崴            ,383044,639000,-255956,0,0,0,0,0,0,-23000,0,2000,-2000,7000,28000,-21000,-278956
053392,致新元大96購01  ,0,0,0,0,0,0,0,0,0,-279000,0,0,0,25000,304000,-279000,-279000
06540P,聯發科凱基98售13,0,0,0,0,0,0,0,0,0,-279000,0,0,0,11000,290000,-279000,-279000
2534,宏盛            ,175000,454600,-279600,0,0,0,0,0,0,0,0,0,0,0,0,0,-279600
056590,樺漢統一9A購01  ,0,0,0,0,0,0,0,0,0,-280000,0,0,0,0,280000,-280000,-280000
051493,台郡凱基95購02  ,0,0,0,0,0,0,0,0,0,-280000,0,0,0,107000,387000,-280000,-280000
044817,可成兆豐93購01  ,0,0,0,0,0,0,0,0,0,-280000,0,0,0,130000,410000,-280000,-280000
056191,世紀鋼統一97購01,0,0,0,0,0,0,0,0,0,-281000,0,0,0,90000,371000,-281000,-281000
052742,可成元大96購01  ,0,0,0,0,0,0,0,0,0,-281000,0,0,0,186000,467000,-281000,-281000
3545,敦泰            ,1365000,1694730,-329730,0,0,0,0,0,0,48000,50000,2000,48000,0,0,0,-281730
058060,貿聯元富98購01  ,0,0,0,0,0,0,0,0,0,-282000,0,0,0,32000,314000,-282000,-282000
051739,奇力新國票97購01,0,0,0,0,0,0,0,0,0,-284000,0,0,0,210000,494000,-284000,-284000
051688,大立光凱基97購02,0,0,0,0,0,0,0,0,0,-284000,0,0,0,105000,389000,-284000,-284000
051385,矽創群益95購01  ,0,0,0,0,0,0,0,0,0,-285000,0,0,0,22000,307000,-285000,-285000
6191,精成科          ,181000,481000,-300000,0,0,0,0,0,0,15000,11000,1000,10000,14000,9000,5000,-285000
3006,晶豪科          ,200346,490000,-289654,0,0,0,0,0,0,4000,8000,26000,-18000,202000,180000,22000,-285654
056378,欣興元富98購01  ,0,0,0,0,0,0,0,0,0,-286000,0,0,0,76000,362000,-286000,-286000
056606,華新科富邦9A購02,0,0,0,0,0,0,0,0,0,-286000,0,0,0,15000,301000,-286000,-286000
055209,勤誠康和97購01  ,0,0,0,0,0,0,0,0,0,-286000,0,0,0,128000,414000,-286000,-286000
05505P,聯發科凱基96售09,0,0,0,0,0,0,0,0,0,-287000,0,0,0,6000,293000,-287000,-287000
050882,華泰國泰96購01  ,0,0,0,0,0,0,0,0,0,-288000,0,0,0,0,288000,-288000,-288000
052619,茂林國泰99購01  ,0,0,0,0,0,0,0,0,0,-289000,0,0,0,106000,395000,-289000,-289000
054226,燿華元富96購02  ,0,0,0,0,0,0,0,0,0,-289000,0,0,0,10000,299000,-289000,-289000
05411P,台積電國票96售08,0,0,0,0,0,0,0,0,0,-289000,0,0,0,38000,327000,-289000,-289000
3413,京鼎            ,175000,273000,-98000,0,0,0,0,187000,-187000,-4000,6000,2000,4000,3000,11000,-8000,-289000
04796P,聯發科元大94售10,0,0,0,0,0,0,0,0,0,-291000,0,0,0,0,291000,-291000,-291000
03875P,滬深2X國票05售01,0,0,0,0,0,0,0,0,0,-291000,0,0,0,0,291000,-291000,-291000
056592,台積電元富98購01,0,0,0,0,0,0,0,0,0,-292000,0,0,0,1034000,1326000,-292000,-292000
058318,致茂永豐9A購01  ,0,0,0,0,0,0,0,0,0,-292000,0,0,0,0,292000,-292000,-292000
052172,致茂元大95購01  ,0,0,0,0,0,0,0,0,0,-292000,0,0,0,1000,293000,-292000,-292000
055133,致新康和97購01  ,0,0,0,0,0,0,0,0,0,-292000,0,0,0,0,292000,-292000,-292000
056786,亞光群益98購03  ,0,0,0,0,0,0,0,0,0,-293000,0,0,0,7000,300000,-293000,-293000
054969,亞翔元大97購01  ,0,0,0,0,0,0,0,0,0,-294000,0,0,0,0,294000,-294000,-294000
057988,鈺齊元富98購02  ,0,0,0,0,0,0,0,0,0,-295000,0,0,0,67000,362000,-295000,-295000
051269,康友富邦97購01  ,0,0,0,0,0,0,0,0,0,-295000,0,0,0,0,295000,-295000,-295000
051891,智邦元富95購04  ,0,0,0,0,0,0,0,0,0,-295000,0,0,0,14000,309000,-295000,-295000
055871,群創台新97購02  ,0,0,0,0,0,0,0,0,0,-295000,0,0,0,0,295000,-295000,-295000
056552,台表科凱基99購01,0,0,0,0,0,0,0,0,0,-296000,0,0,0,80000,376000,-296000,-296000
05669P,嘉晶永豐96售03  ,0,0,0,0,0,0,0,0,0,-297000,0,0,0,60000,357000,-297000,-297000
056218,億光中信98購01  ,0,0,0,0,0,0,0,0,0,-297000,0,0,0,0,297000,-297000,-297000
00640L,富邦日本正2     ,0,0,0,0,0,0,0,0,0,-297000,0,0,0,456000,753000,-297000,-297000
048649,瀚宇博元大93購05,0,0,0,0,0,0,0,0,0,-298000,0,0,0,0,298000,-298000,-298000
051023,S&P反1統一95購02,0,0,0,0,0,0,0,0,0,-298000,0,0,0,0,298000,-298000,-298000
055421,玉晶光永豐98購04,0,0,0,0,0,0,0,0,0,-298000,0,0,0,248000,546000,-298000,-298000
8046,南電            ,1319362,2848000,-1528638,0,0,0,1067000,0,1067000,163000,231000,176000,55000,207000,99000,108000,-298638
046020,滬深2X元大95購02,0,0,0,0,0,0,0,0,0,-299000,0,0,0,0,299000,-299000,-299000
053168,晶技群益98購01  ,0,0,0,0,0,0,0,0,0,-299000,0,0,0,335000,634000,-299000,-299000
050105,力山元大95購02  ,0,0,0,0,0,0,0,0,0,-299000,0,0,0,2000,301000,-299000,-299000
056144,GIS元大98購01   ,0,0,0,0,0,0,0,0,0,-300000,0,0,0,100000,400000,-300000,-300000
058329,S&P正2元富01購01,0,0,0,0,0,0,0,0,0,-300000,0,0,0,0,300000,-300000,-300000
05867P,友達兆豐97售02  ,0,0,0,0,0,0,0,0,0,-300000,0,0,0,0,300000,-300000,-300000
048143,聯發科統一94購03,0,0,0,0,0,0,0,0,0,-300000,0,0,0,75000,375000,-300000,-300000
055269,和大元大97購02  ,0,0,0,0,0,0,0,0,0,-300000,0,0,0,0,300000,-300000,-300000
055667,致茂群益98購01  ,0,0,0,0,0,0,0,0,0,-300000,0,0,0,10000,310000,-300000,-300000
3026,禾伸堂          ,158750,193000,-34250,0,0,0,0,206000,-206000,-60000,0,50000,-50000,10000,20000,-10000,-300250
03686P,大立光統一98售02,0,0,0,0,0,0,0,0,0,-301000,0,0,0,111000,412000,-301000,-301000
053902,S&P反1凱基97購01,0,0,0,0,0,0,0,0,0,-301000,0,0,0,0,301000,-301000,-301000
057262,友達兆豐98購03  ,0,0,0,0,0,0,0,0,0,-302000,0,0,0,320000,622000,-302000,-302000
052746,泰碩元大97購01  ,0,0,0,0,0,0,0,0,0,-302000,0,0,0,98000,400000,-302000,-302000
055698,茂林國票98購03  ,0,0,0,0,0,0,0,0,0,-302000,0,0,0,20000,322000,-302000,-302000
056601,鈺齊元富98購01  ,0,0,0,0,0,0,0,0,0,-303000,0,0,0,85000,388000,-303000,-303000
06750P,聯發科元富02售03,0,0,0,0,0,0,0,0,0,-303000,0,0,0,10000,313000,-303000,-303000
056423,奇鋐統一98購01  ,0,0,0,0,0,0,0,0,0,-304000,0,0,0,21000,325000,-304000,-304000
06286P,世芯國票97售02  ,0,0,0,0,0,0,0,0,0,-304000,0,0,0,127000,431000,-304000,-304000
06604P,聯發科元富02售02,2000,0,2000,0,0,0,0,0,0,-307000,0,0,0,5000,312000,-307000,-305000
4960,誠美材          ,0,305000,-305000,0,0,0,0,0,0,0,0,0,0,0,0,0,-305000
057914,日月光日盛9A購01,0,0,0,0,0,0,0,0,0,-306000,0,0,0,13000,319000,-306000,-306000
053098,國巨元富96購04  ,0,0,0,0,0,0,0,0,0,-306000,0,0,0,145000,451000,-306000,-306000
05154P,台積電兆豐95售05,0,0,0,0,0,0,0,0,0,-306000,0,0,0,7000,313000,-306000,-306000
05650P,台積電富邦96售01,0,0,0,0,0,0,0,0,0,-307000,0,0,0,0,307000,-307000,-307000
045768,大立光元富95購02,0,0,0,0,0,0,0,0,0,-307000,0,0,0,60000,367000,-307000,-307000
050319,康控國票95購04  ,0,0,0,0,0,0,0,0,0,-307000,0,0,0,0,307000,-307000,-307000
04435P,台積電中信95售07,0,0,0,0,0,0,0,0,0,-309000,0,0,0,0,309000,-309000,-309000
055018,緯穎元富97購02  ,0,0,0,0,0,0,0,0,0,-309000,0,0,0,409000,718000,-309000,-309000
05480P,滬深2X凱基96售05,0,0,0,0,0,0,0,0,0,-309000,0,0,0,60000,369000,-309000,-309000
04159P,滬深2X中信95售08,0,0,0,0,0,0,0,0,0,-310000,0,0,0,0,310000,-310000,-310000
050752,美律統一94購05  ,0,0,0,0,0,0,0,0,0,-310000,0,0,0,30000,340000,-310000,-310000
054040,中石化元大9C購01,0,0,0,0,0,0,0,0,0,-310000,0,0,0,200000,510000,-310000,-310000
05693P,滬深2X凱基98售02,0,0,0,0,0,0,0,0,0,-312000,0,0,0,40000,352000,-312000,-312000
049325,智邦元富94購02  ,0,0,0,0,0,0,0,0,0,-313000,0,0,0,5000,318000,-313000,-313000
049299,矽創群益94購01  ,0,0,0,0,0,0,0,0,0,-313000,0,0,0,11000,324000,-313000,-313000
051149,可成凱基95購04  ,0,0,0,0,0,0,0,0,0,-313000,0,0,0,50000,363000,-313000,-313000
057453,矽創元富98購01  ,0,0,0,0,0,0,0,0,0,-314000,0,0,0,115000,429000,-314000,-314000
05041P,大立光凱基95售09,0,0,0,0,0,0,0,0,0,-314000,0,0,0,205000,519000,-314000,-314000
06012P,世芯國票96售01  ,0,0,0,0,0,0,0,0,0,-315000,0,0,0,92000,407000,-315000,-315000
04935P,鴻海中信96售01  ,0,0,0,0,0,0,0,0,0,-315000,0,0,0,0,315000,-315000,-315000
051095,貿聯元大95購03  ,0,0,0,0,0,0,0,0,0,-315000,0,0,0,47000,362000,-315000,-315000
054204,元金2X國票9B購02,0,0,0,0,0,0,0,0,0,-315000,0,0,0,140000,455000,-315000,-315000
055783,群創凱基99購03  ,0,0,0,0,0,0,0,0,0,-315000,0,0,0,2000,317000,-315000,-315000
3029,零壹            ,21000,337000,-316000,0,0,0,0,0,0,1000,1000,0,1000,0,0,0,-315000
056402,智易群益98購02  ,0,0,0,0,0,0,0,0,0,-316000,0,0,0,13000,329000,-316000,-316000
052185,奇力新群益95購03,0,0,0,0,0,0,0,0,0,-316000,0,0,0,14000,330000,-316000,-316000
06140P,華新科群益97售06,0,0,0,0,0,0,0,0,0,-316000,0,0,0,69000,385000,-316000,-316000
058035,旭富永豐98購02  ,0,0,0,0,0,0,0,0,0,-317000,0,0,0,242000,559000,-317000,-317000
05766P,A50正2凱基99售01,0,0,0,0,0,0,0,0,0,-317000,0,0,0,30000,347000,-317000,-317000
052919,鈺齊富邦98購01  ,0,0,0,0,0,0,0,0,0,-317000,0,0,0,13000,330000,-317000,-317000
054608,致茂永豐97購01  ,0,0,0,0,0,0,0,0,0,-319000,0,0,0,0,319000,-319000,-319000
05835P,臺股指元富96售07,0,0,0,0,0,0,0,0,0,-320000,0,0,0,20000,340000,-320000,-320000
051650,矽力永豐95購01  ,0,0,0,0,0,0,0,0,0,-321000,0,0,0,0,321000,-321000,-321000
06118P,上証2X凱基98售03,0,0,0,0,0,0,0,0,0,-321000,0,0,0,0,321000,-321000,-321000
057135,立積凱基98購01  ,0,0,0,0,0,0,0,0,0,-322000,0,0,0,135000,457000,-322000,-322000
05989P,健策元富96售01  ,0,0,0,0,0,0,0,0,0,-323000,0,0,0,97000,420000,-323000,-323000
3704,合勤控          ,330000,667000,-337000,0,0,0,0,0,0,14000,17000,1000,16000,0,2000,-2000,-323000
057558,致新凱基98購01  ,0,0,0,0,0,0,0,0,0,-324000,0,0,0,10000,334000,-324000,-324000
055380,智易元大98購02  ,0,0,0,0,0,0,0,0,0,-324000,0,0,0,0,324000,-324000,-324000
057559,可成兆豐99購02  ,0,0,0,0,0,0,0,0,0,-325000,0,0,0,30000,355000,-325000,-325000
057849,南茂永豐98購02  ,0,0,0,0,0,0,0,0,0,-325000,0,0,0,0,325000,-325000,-325000
055318,華通國票98購01  ,0,0,0,0,0,0,0,0,0,-325000,0,0,0,0,325000,-325000,-325000
05729P,臺股指凱基97售02,0,0,0,0,0,0,0,0,0,-326000,0,0,0,31000,357000,-326000,-326000
056487,康友元大98購01  ,0,0,0,0,0,0,0,0,0,-326000,0,0,0,19000,345000,-326000,-326000
057085,立積統一9B購02  ,0,0,0,0,0,0,0,0,0,-327000,0,0,0,61000,388000,-327000,-327000
055493,華新科元大97購09,0,0,0,0,0,0,0,0,0,-328000,0,0,0,262000,590000,-328000,-328000
055041,致新富邦97購01  ,0,0,0,0,0,0,0,0,0,-330000,0,0,0,0,330000,-330000,-330000
055120,南港兆豐97購01  ,0,0,0,0,0,0,0,0,0,-332000,0,0,0,20000,352000,-332000,-332000
057721,華擎元富98購02  ,0,0,0,0,0,0,0,0,0,-333000,0,0,0,57000,390000,-333000,-333000
049646,旺宏凱基94購01  ,0,0,0,0,0,0,0,0,0,-335000,0,0,0,0,335000,-335000,-335000
052902,鴻海國票97購04  ,0,0,0,0,0,0,0,0,0,-335000,0,0,0,165000,500000,-335000,-335000
055772,致茂凱基97購01  ,0,0,0,0,0,0,0,0,0,-335000,0,0,0,0,335000,-335000,-335000
051642,鈺齊台新95購01  ,0,0,0,0,0,0,0,0,0,-336000,0,0,0,0,336000,-336000,-336000
055862,矽力元大97購04  ,0,0,0,0,0,0,0,0,0,-336000,0,0,0,12000,348000,-336000,-336000
054395,華新科永豐96購03,0,0,0,0,0,0,0,0,0,-336000,0,0,0,418000,754000,-336000,-336000
052309,健策國泰97購01  ,0,0,0,0,0,0,0,0,0,-337000,0,0,0,98000,435000,-337000,-337000
052695,台表科中信98購01,0,0,0,0,0,0,0,0,0,-337000,0,0,0,13000,350000,-337000,-337000
052484,矽創群益95購02  ,0,0,0,0,0,0,0,0,0,-339000,0,0,0,0,339000,-339000,-339000
1215,卜蜂            ,139000,468000,-329000,0,0,0,0,0,0,-10000,0,8000,-8000,0,2000,-2000,-339000
052354,健策群益96購02  ,0,0,0,0,0,0,0,0,0,-340000,0,0,0,48000,388000,-340000,-340000
053062,緯穎富邦97購01  ,0,0,0,0,0,0,0,0,0,-340000,0,0,0,30000,370000,-340000,-340000
054770,健策國票98購01  ,0,0,0,0,0,0,0,0,0,-340000,0,0,0,132000,472000,-340000,-340000
06752P,訊芯凱基98售05  ,0,0,0,0,0,0,0,0,0,-340000,0,0,0,472000,812000,-340000,-340000
051506,台積電元富95購06,0,0,0,0,0,0,0,0,0,-341000,0,0,0,1058000,1399000,-341000,-341000
054689,華新科永豐97購01,0,0,0,0,0,0,0,0,0,-341000,0,0,0,323000,664000,-341000,-341000
056399,上証2X群益9C購01,0,0,0,0,0,0,0,0,0,-342000,0,0,0,23000,365000,-342000,-342000
050062,聯發科凱基94購08,0,0,0,0,0,0,0,0,0,-342000,0,0,0,88000,430000,-342000,-342000
05580P,美律凱基96售03  ,0,0,0,0,0,0,0,0,0,-342000,0,0,0,92000,434000,-342000,-342000
1590,亞德客-KY       ,823487,1241000,-417513,0,0,0,91000,4000,87000,-12000,3000,19000,-16000,7000,3000,4000,-342513
055131,茂林康和97購01  ,0,0,0,0,0,0,0,0,0,-343000,0,0,0,10000,353000,-343000,-343000
052776,力山國票97購01  ,0,0,0,0,0,0,0,0,0,-344000,0,0,0,20000,364000,-344000,-344000
053410,啟碁兆豐96購01  ,0,0,0,0,0,0,0,0,0,-345000,0,0,0,0,345000,-345000,-345000
058076,神達凱基98購02  ,0,0,0,0,0,0,0,0,0,-346000,0,0,0,16000,362000,-346000,-346000
055273,華泰元大97購01  ,0,0,0,0,0,0,0,0,0,-346000,0,0,0,5000,351000,-346000,-346000
06490P,鴻海富邦99售02  ,0,0,0,0,0,0,0,0,0,-346000,0,0,0,108000,454000,-346000,-346000
6282,康舒            ,110000,457000,-347000,0,0,0,0,0,0,0,2000,4000,-2000,8000,6000,2000,-347000
057556,智易凱基99購01  ,0,0,0,0,0,0,0,0,0,-348000,0,0,0,55000,403000,-348000,-348000
055417,健策富邦98購02  ,0,0,0,0,0,0,0,0,0,-348000,0,0,0,31000,379000,-348000,-348000
1907,永豐餘          ,396000,624000,-228000,0,0,0,0,0,0,-120000,100000,220000,-120000,0,0,0,-348000
051128,台表科群益95購02,0,0,0,0,0,0,0,0,0,-349000,0,0,0,11000,360000,-349000,-349000
052629,訊芯中信99購01  ,0,0,0,0,0,0,0,0,0,-349000,0,0,0,1000,350000,-349000,-349000
051890,智邦元富95購03  ,0,0,0,0,0,0,0,0,0,-349000,0,0,0,0,349000,-349000,-349000
1409,新纖            ,438000,787000,-349000,0,0,0,0,0,0,0,0,0,0,0,0,0,-349000
06302P,臺股指元大97售06,0,0,0,0,0,0,0,0,0,-349000,0,0,0,0,349000,-349000,-349000
04763P,臺股指凱基96售05,0,0,0,0,0,0,0,0,0,-350000,0,0,0,0,350000,-350000,-350000
051655,欣興元富95購04  ,0,0,0,0,0,0,0,0,0,-350000,0,0,0,0,350000,-350000,-350000
053266,全新群益98購01  ,0,0,0,0,0,0,0,0,0,-350000,0,0,0,12000,362000,-350000,-350000
053473,聯發科元大96購15,0,0,0,0,0,0,0,0,0,-351000,0,0,0,0,351000,-351000,-351000
050956,鈺齊群益95購01  ,0,0,0,0,0,0,0,0,0,-351000,0,0,0,0,351000,-351000,-351000
055701,亞德客富邦99購01,0,0,0,0,0,0,0,0,0,-351000,0,0,0,30000,381000,-351000,-351000
050934,喬山國票96購01  ,0,0,0,0,0,0,0,0,0,-352000,0,0,0,38000,390000,-352000,-352000
3698,隆達            ,311000,408000,-97000,0,0,0,0,0,0,-255000,0,255000,-255000,0,0,0,-352000
057190,立積元大9A購02  ,0,0,0,0,0,0,0,0,0,-353000,0,0,0,44000,397000,-353000,-353000
056747,致新凱基99購01  ,0,0,0,0,0,0,0,0,0,-354000,0,0,0,14000,368000,-354000,-354000
050894,旺宏元大96購03  ,0,0,0,0,0,0,0,0,0,-354000,0,0,0,79000,433000,-354000,-354000
9938,百和            ,187000,432000,-245000,0,0,0,0,9000,-9000,-100000,8000,20000,-12000,11000,99000,-88000,-354000
056852,矽格元富98購01  ,0,0,0,0,0,0,0,0,0,-355000,0,0,0,64000,419000,-355000,-355000
057534,旭富元大98購01  ,0,0,0,0,0,0,0,0,0,-355000,0,0,0,124000,479000,-355000,-355000
049888,智邦國泰96購01  ,0,0,0,0,0,0,0,0,0,-355000,0,0,0,81000,436000,-355000,-355000
05180P,玉晶光凱基95售04,0,0,0,0,0,0,0,0,0,-356000,0,0,0,0,356000,-356000,-356000
06162P,大立光群益97售02,0,0,0,0,0,0,0,0,0,-356000,0,0,0,0,356000,-356000,-356000
057299,立積永豐98購02  ,0,0,0,0,0,0,0,0,0,-357000,0,0,0,50000,407000,-357000,-357000
041527,T50反1中信96購01,0,0,0,0,0,0,0,0,0,-357000,0,0,0,94000,451000,-357000,-357000
053995,奇力新群益97購02,0,0,0,0,0,0,0,0,0,-357000,0,0,0,266000,623000,-357000,-357000
04049P,大立光元大95售02,0,0,0,0,0,0,0,0,0,-358000,0,0,0,275000,633000,-358000,-358000
057095,祥碩元富98購02  ,0,0,0,0,0,0,0,0,0,-359000,0,0,0,149000,508000,-359000,-359000
055007,晶相光元富9A購02,0,0,0,0,0,0,0,0,0,-359000,0,0,0,190000,549000,-359000,-359000
00762,元大全球AI      ,0,0,0,0,0,0,0,0,0,-360000,15000,0,15000,41000,416000,-375000,-360000
057231,美律凱基98購05  ,0,0,0,0,0,0,0,0,0,-361000,0,0,0,0,361000,-361000,-361000
056098,矽創元富97購02  ,0,0,0,0,0,0,0,0,0,-361000,0,0,0,40000,401000,-361000,-361000
05638P,國巨統一96售04  ,0,0,0,0,0,0,0,0,0,-362000,0,0,0,700000,1062000,-362000,-362000
050913,全新中信97購01  ,0,0,0,0,0,0,0,0,0,-362000,0,0,0,50000,412000,-362000,-362000
06860P,台灣50兆豐98售01,0,0,0,0,0,0,0,0,0,-363000,0,0,0,0,363000,-363000,-363000
056160,智易凱基97購03  ,0,0,0,0,0,0,0,0,0,-364000,0,0,0,0,364000,-364000,-364000
05124P,華新科富邦97售02,0,0,0,0,0,0,0,0,0,-365000,0,0,0,50000,415000,-365000,-365000
05579P,友達凱基98售03  ,0,0,0,0,0,0,0,0,0,-367000,0,0,0,0,367000,-367000,-367000
054964,智易元大99購01  ,0,0,0,0,0,0,0,0,0,-367000,0,0,0,0,367000,-367000,-367000
051272,嘉晶群益95購01  ,0,0,0,0,0,0,0,0,0,-369000,0,0,0,95000,464000,-369000,-369000
054427,潤泰全富邦97購01,0,0,0,0,0,0,0,0,0,-370000,0,0,0,150000,520000,-370000,-370000
052819,義隆永豐96購01  ,0,0,0,0,0,0,0,0,0,-373000,0,0,0,122000,495000,-373000,-373000
9933,中鼎            ,511000,884000,-373000,0,0,0,0,0,0,0,0,0,0,0,0,0,-373000
00693U,街口S&P黃豆     ,325000,1000,324000,0,0,0,0,0,0,-698000,0,0,0,289000,987000,-698000,-374000
04294P,台積電元大95售01,0,0,0,0,0,0,0,0,0,-374000,0,0,0,1000,375000,-374000,-374000
051114,鈺齊中信95購01  ,0,0,0,0,0,0,0,0,0,-374000,0,0,0,23000,397000,-374000,-374000
054835,致新中信97購01  ,0,0,0,0,0,0,0,0,0,-377000,0,0,0,0,377000,-377000,-377000
055294,智易元大98購01  ,0,0,0,0,0,0,0,0,0,-377000,0,0,0,11000,388000,-377000,-377000
05680P,聯發科元大96售12,0,0,0,0,0,0,0,0,0,-378000,0,0,0,0,378000,-378000,-378000
04983P,臺股指康和94售03,0,0,0,0,0,0,0,0,0,-379000,0,0,0,1000,380000,-379000,-379000
057782,台積電國票99購07,10000,0,10000,0,0,0,0,0,0,-390000,0,0,0,1149000,1539000,-390000,-380000
06185P,台表科元大97售05,0,0,0,0,0,0,0,0,0,-380000,0,0,0,15000,395000,-380000,-380000
05079P,可成永豐95售01  ,0,0,0,0,0,0,0,0,0,-382000,0,0,0,18000,400000,-382000,-382000
056953,智邦富邦98購02  ,0,0,0,0,0,0,0,0,0,-384000,0,0,0,0,384000,-384000,-384000
056649,智易凱基98購01  ,0,0,0,0,0,0,0,0,0,-384000,0,0,0,191000,575000,-384000,-384000
052670,茂林群益96購02  ,0,0,0,0,0,0,0,0,0,-385000,0,0,0,14000,399000,-385000,-385000
05306P,泰碩國泰97售01  ,0,0,0,0,0,0,0,0,0,-385000,0,0,0,130000,515000,-385000,-385000
055201,興勤群益98購01  ,0,0,0,0,0,0,0,0,0,-385000,0,0,0,0,385000,-385000,-385000
054390,智邦元富96購03  ,0,0,0,0,0,0,0,0,0,-386000,0,0,0,30000,416000,-386000,-386000
049889,欣興國泰96購01  ,0,0,0,0,0,0,0,0,0,-388000,0,0,0,21000,409000,-388000,-388000
053947,義隆富邦97購01  ,0,0,0,0,0,0,0,0,0,-388000,0,0,0,6000,394000,-388000,-388000
043958,臻鼎元富94購01  ,0,0,0,0,0,0,0,0,0,-390000,0,0,0,430000,820000,-390000,-390000
03399P,欣興中信02售03  ,0,0,0,0,0,0,0,0,0,-390000,0,0,0,0,390000,-390000,-390000
053926,晶相光國票97購01,0,0,0,0,0,0,0,0,0,-390000,0,0,0,77000,467000,-390000,-390000
057517,矽創元富98購02  ,0,0,0,0,0,0,0,0,0,-391000,0,0,0,0,391000,-391000,-391000
055795,茂林國泰98購01  ,0,0,0,0,0,0,0,0,0,-391000,0,0,0,33000,424000,-391000,-391000
055996,矽力國泰99購01  ,0,0,0,0,0,0,0,0,0,-392000,0,0,0,208000,600000,-392000,-392000
056052,T50反1元大97購06,0,0,0,0,0,0,0,0,0,-392000,0,0,0,0,392000,-392000,-392000
050714,深中小群益98購01,0,0,0,0,0,0,0,0,0,-393000,0,0,0,866000,1259000,-393000,-393000
050603,致新國泰96購01  ,0,0,0,0,0,0,0,0,0,-394000,0,0,0,262000,656000,-394000,-394000
03899P,滬深2X群益95售03,0,0,0,0,0,0,0,0,0,-395000,0,0,0,0,395000,-395000,-395000
050104,元石油元大97購02,0,0,0,0,0,0,0,0,0,-395000,0,0,0,100000,495000,-395000,-395000
054921,文曄凱基97購01  ,0,0,0,0,0,0,0,0,0,-395000,0,0,0,40000,435000,-395000,-395000
055102,上銀凱基98購01  ,0,0,0,0,0,0,0,0,0,-396000,0,0,0,0,396000,-396000,-396000
047973,華通兆豐94購01  ,0,0,0,0,0,0,0,0,0,-397000,0,0,0,0,397000,-397000,-397000
051305,訊連凱基96購01  ,0,0,0,0,0,0,0,0,0,-397000,0,0,0,121000,518000,-397000,-397000
047161,世紀鋼國票94購01,0,0,0,0,0,0,0,0,0,-398000,0,0,0,0,398000,-398000,-398000
057074,立積永豐98購01  ,0,0,0,0,0,0,0,0,0,-399000,0,0,0,27000,426000,-399000,-399000
03857P,聯發科元富99售02,0,0,0,0,0,0,0,0,0,-400000,0,0,0,0,400000,-400000,-400000
03428P,台積電元大02售28,0,0,0,0,0,0,0,0,0,-400000,0,0,0,0,400000,-400000,-400000
04636P,臺股指群益94售11,0,0,0,0,0,0,0,0,0,-400000,0,0,0,0,400000,-400000,-400000
054439,健策台新96購03  ,0,0,0,0,0,0,0,0,0,-400000,0,0,0,0,400000,-400000,-400000
057467,祥碩永豐98購04  ,0,0,0,0,0,0,0,0,0,-401000,0,0,0,64000,465000,-401000,-401000
044964,旺宏中信94購01  ,0,0,0,0,0,0,0,0,0,-403000,0,0,0,52000,455000,-403000,-403000
055990,矽創元富97購01  ,0,0,0,0,0,0,0,0,0,-403000,0,0,0,136000,539000,-403000,-403000
052269,T50反1日盛9B購01,0,0,0,0,0,0,0,0,0,-404000,0,0,0,0,404000,-404000,-404000
05826P,臺股指凱基96售23,0,0,0,0,0,0,0,0,0,-405000,0,0,0,0,405000,-405000,-405000
051187,晶相光永豐95購01,0,0,0,0,0,0,0,0,0,-405000,0,0,0,15000,420000,-405000,-405000
052420,道瓊反國票9B購01,0,0,0,0,0,0,0,0,0,-406000,0,0,0,25000,431000,-406000,-406000
055930,可成群益98購01  ,0,0,0,0,0,0,0,0,0,-407000,0,0,0,200000,607000,-407000,-407000
05618P,聯發科元富96售02,0,0,0,0,0,0,0,0,0,-408000,0,0,0,99000,507000,-408000,-408000
048935,玉晶光永豐94購04,0,0,0,0,0,0,0,0,0,-408000,0,0,0,2000,410000,-408000,-408000
056403,茂林群益98購01  ,0,0,0,0,0,0,0,0,0,-409000,0,0,0,93000,502000,-409000,-409000
05235P,健鼎康和95售02  ,0,0,0,0,0,0,0,0,0,-409000,0,0,0,1000,410000,-409000,-409000
047694,SP黃豆國票9B購01,0,0,0,0,0,0,0,0,0,-410000,0,0,0,0,410000,-410000,-410000
054358,矽創兆豐96購01  ,0,0,0,0,0,0,0,0,0,-410000,0,0,0,38000,448000,-410000,-410000
055292,聯鈞元大97購02  ,0,0,0,0,0,0,0,0,0,-411000,0,0,0,84000,495000,-411000,-411000
03638C,T50反1元大94牛03,0,0,0,0,0,0,0,0,0,-412000,0,0,0,100000,512000,-412000,-412000
053765,智邦富邦96購01  ,0,0,0,0,0,0,0,0,0,-412000,0,0,0,160000,572000,-412000,-412000
056692,燿華群益98購03  ,0,0,0,0,0,0,0,0,0,-418000,0,0,0,0,418000,-418000,-418000
056969,智易永豐98購01  ,0,0,0,0,0,0,0,0,0,-418000,0,0,0,0,418000,-418000,-418000
050853,南電國票96購01  ,0,0,0,0,0,0,0,0,0,-419000,0,0,0,740000,1159000,-419000,-419000
050172,臺指反元大98購02,0,0,0,0,0,0,0,0,0,-421000,0,0,0,153000,574000,-421000,-421000
05550P,臺股指元大96售07,0,0,0,0,0,0,0,0,0,-422000,0,0,0,65000,487000,-422000,-422000
057939,鈺齊群益98購02  ,0,0,0,0,0,0,0,0,0,-423000,0,0,0,324000,747000,-423000,-423000
04373P,滬深2X元大97售01,0,0,0,0,0,0,0,0,0,-423000,0,0,0,54000,477000,-423000,-423000
055670,矽創群益98購02  ,0,0,0,0,0,0,0,0,0,-425000,0,0,0,107000,532000,-425000,-425000
055683,晶技凱基99購01  ,0,0,0,0,0,0,0,0,0,-425000,0,0,0,316000,741000,-425000,-425000
050617,神基元大94購01  ,0,0,0,0,0,0,0,0,0,-427000,0,0,0,205000,632000,-427000,-427000
052809,訊芯元大97購01  ,0,0,0,0,0,0,0,0,0,-428000,0,0,0,30000,458000,-428000,-428000
055317,金寶國票98購01  ,0,0,0,0,0,0,0,0,0,-428000,0,0,0,40000,468000,-428000,-428000
058050,台郡元大99購05  ,0,0,0,0,0,0,0,0,0,-429000,0,0,0,28000,457000,-429000,-429000
06123P,玉晶光元大97售04,0,0,0,0,0,0,0,0,0,-430000,0,0,0,72000,502000,-430000,-430000
053693,欣興元大96購05  ,0,0,0,0,0,0,0,0,0,-431000,0,0,0,20000,451000,-431000,-431000
058189,嘉澤永豐99購01  ,0,0,0,0,0,0,0,0,0,-432000,0,0,0,0,432000,-432000,-432000
05767P,國巨凱基96售11  ,0,0,0,0,0,0,0,0,0,-434000,0,0,0,8000,442000,-434000,-434000
2387,精元            ,323000,260000,63000,0,0,0,0,500000,-500000,3000,1000,0,1000,3000,1000,2000,-434000
050579,聯發科國票95購04,0,0,0,0,0,0,0,0,0,-436000,0,0,0,20000,456000,-436000,-436000
055336,茂林兆豐98購01  ,0,0,0,0,0,0,0,0,0,-438000,0,0,0,28000,466000,-438000,-438000
057740,茂林富邦9A購01  ,0,0,0,0,0,0,0,0,0,-440000,0,0,0,0,440000,-440000,-440000
00676R,富邦臺灣加權反1 ,0,104000,-104000,0,0,0,0,0,0,-336000,0,0,0,281000,617000,-336000,-440000
03314P,台積電元大02售16,0,0,0,0,0,0,0,0,0,-441000,0,0,0,100000,541000,-441000,-441000
052091,緯創元大95購04  ,0,0,0,0,0,0,0,0,0,-441000,0,0,0,10000,451000,-441000,-441000
049226,元石油富邦95購01,0,0,0,0,0,0,0,0,0,-442000,0,0,0,230000,672000,-442000,-442000
048193,旺宏元大94購05  ,0,0,0,0,0,0,0,0,0,-443000,0,0,0,124000,567000,-443000,-443000
051222,世紀鋼元富95購01,0,0,0,0,0,0,0,0,0,-444000,0,0,0,23000,467000,-444000,-444000
05347P,滬深2X元富9B售02,0,0,0,0,0,0,0,0,0,-444000,0,0,0,48000,492000,-444000,-444000
057027,祥碩凱基98購01  ,0,0,0,0,0,0,0,0,0,-445000,0,0,0,90000,535000,-445000,-445000
055551,致茂凱基98購01  ,0,0,0,0,0,0,0,0,0,-446000,0,0,0,67000,513000,-446000,-446000
054292,欣興元大96購06  ,0,0,0,0,0,0,0,0,0,-447000,0,0,0,132000,579000,-447000,-447000
056210,矽創永豐97購02  ,0,0,0,0,0,0,0,0,0,-448000,0,0,0,117000,565000,-448000,-448000
057143,台郡兆豐98購01  ,0,0,0,0,0,0,0,0,0,-449000,0,0,0,191000,640000,-449000,-449000
058159,健策台新9A購01  ,0,0,0,0,0,0,0,0,0,-449000,0,0,0,0,449000,-449000,-449000
043656,上証反元大94購01,0,0,0,0,0,0,0,0,0,-450000,0,0,0,0,450000,-450000,-450000
050685,緯穎元富94購02  ,0,0,0,0,0,0,0,0,0,-450000,0,0,0,116000,566000,-450000,-450000
053816,聯發科群益96購02,0,0,0,0,0,0,0,0,0,-450000,0,0,0,50000,500000,-450000,-450000
06652P,長榮航元大98售01,0,0,0,0,0,0,0,0,0,-450000,0,0,0,15000,465000,-450000,-450000
06228P,亞德客凱基97售04,0,0,0,0,0,0,0,0,0,-451000,0,0,0,73000,524000,-451000,-451000
057137,鈺齊凱基98購01  ,0,0,0,0,0,0,0,0,0,-454000,0,0,0,0,454000,-454000,-454000
05229P,台積電群益95售05,0,0,0,0,0,0,0,0,0,-454000,0,0,0,650000,1104000,-454000,-454000
06081P,深中小元大97售02,0,0,0,0,0,0,0,0,0,-455000,0,0,0,300000,755000,-455000,-455000
055263,華新科富邦9A購01,0,0,0,0,0,0,0,0,0,-455000,0,0,0,262000,717000,-455000,-455000
055128,致新兆豐97購01  ,0,0,0,0,0,0,0,0,0,-456000,0,0,0,161000,617000,-456000,-456000
055624,聯發科富邦99購07,0,0,0,0,0,0,0,0,0,-458000,0,0,0,0,458000,-458000,-458000
3450,聯鈞            ,666000,2004000,-1338000,0,0,0,856000,0,856000,22000,35000,15000,20000,91000,89000,2000,-460000
057961,茂林元大9A購01  ,0,0,0,0,0,0,0,0,0,-461000,0,0,0,635000,1096000,-461000,-461000
05551P,電子類元大96售01,0,0,0,0,0,0,0,0,0,-461000,0,0,0,53000,514000,-461000,-461000
058338,康友元富99購01  ,0,0,0,0,0,0,0,0,0,-464000,0,0,0,10000,474000,-464000,-464000
053170,茂林群益96購04  ,0,0,0,0,0,0,0,0,0,-464000,0,0,0,132000,596000,-464000,-464000
06687P,A50正2中信9A售01,0,0,0,0,0,0,0,0,0,-465000,0,0,0,0,465000,-465000,-465000
056805,元石油統一9B購01,0,0,0,0,0,0,0,0,0,-467000,0,0,0,0,467000,-467000,-467000
055012,茂林元富97購01  ,0,0,0,0,0,0,0,0,0,-469000,0,0,0,98000,567000,-469000,-469000
047875,南電永豐93購02  ,0,0,0,0,0,0,0,0,0,-471000,0,0,0,0,471000,-471000,-471000
053537,玉晶光永豐98購02,0,0,0,0,0,0,0,0,0,-471000,0,0,0,337000,808000,-471000,-471000
051977,泰碩凱基95購01  ,0,0,0,0,0,0,0,0,0,-473000,0,0,0,124000,597000,-473000,-473000
2316,楠梓電          ,287000,675000,-388000,0,0,0,0,0,0,-86000,0,0,0,25000,111000,-86000,-474000
2201,裕隆            ,820894,1230000,-409106,0,0,0,0,0,0,-65000,0,0,0,30000,95000,-65000,-474106
04912P,可成元富94售06  ,0,0,0,0,0,0,0,0,0,-475000,0,0,0,44000,519000,-475000,-475000
053173,矽格群益97購01  ,0,0,0,0,0,0,0,0,0,-475000,0,0,0,39000,514000,-475000,-475000
050344,鴻海元富96購01  ,0,0,0,0,0,0,0,0,0,-478000,0,0,0,115000,593000,-478000,-478000
2049,上銀            ,353488,737000,-383512,0,0,0,15000,72000,-57000,-38000,16000,38000,-22000,30000,46000,-16000,-478512
04288P,台積電中信95售06,0,0,0,0,0,0,0,0,0,-479000,0,0,0,20000,499000,-479000,-479000
044429,元金2X元大94購04,0,0,0,0,0,0,0,0,0,-480000,0,0,0,31000,511000,-480000,-480000
05261P,鴻海元大95售20  ,0,0,0,0,0,0,0,0,0,-481000,0,0,0,644000,1125000,-481000,-481000
057913,健策日盛98購01  ,0,0,0,0,0,0,0,0,0,-484000,0,0,0,71000,555000,-484000,-484000
2359,所羅門          ,76000,562000,-486000,0,0,0,0,0,0,0,0,0,0,0,0,0,-486000
6451,訊芯-KY         ,353000,187000,166000,0,0,0,0,695000,-695000,42000,3000,3000,0,54000,12000,42000,-487000
2637,慧洋-KY         ,171478,661000,-489522,0,0,0,0,0,0,1000,0,0,0,1000,0,1000,-488522
056605,台積電富邦9B購02,0,0,0,0,0,0,0,0,0,-489000,0,0,0,292000,781000,-489000,-489000
048178,上銀富邦95購02  ,0,0,0,0,0,0,0,0,0,-490000,0,0,0,4000,494000,-490000,-490000
049864,聯發科兆豐94購01,0,0,0,0,0,0,0,0,0,-491000,0,0,0,214000,705000,-491000,-491000
054845,智邦兆豐98購01  ,0,0,0,0,0,0,0,0,0,-492000,0,0,0,178000,670000,-492000,-492000
047418,智邦富邦97購01  ,0,0,0,0,0,0,0,0,0,-498000,0,0,0,559000,1057000,-498000,-498000
057035,元油2X元大9B購03,0,0,0,0,0,0,0,0,0,-499000,0,0,0,0,499000,-499000,-499000
04708P,國巨元大94售11  ,0,0,0,0,0,0,0,0,0,-499000,0,0,0,0,499000,-499000,-499000
052192,SP黃豆元富95購04,0,0,0,0,0,0,0,0,0,-499000,0,0,0,3000,502000,-499000,-499000
05405P,大立光群益95售04,0,0,0,0,0,0,0,0,0,-499000,0,0,0,0,499000,-499000,-499000
049537,元石油群益97購01,0,0,0,0,0,0,0,0,0,-501000,0,0,0,10000,511000,-501000,-501000
2367,燿華            ,1664722,2257000,-592278,0,0,0,0,0,0,88000,0,1000,-1000,109000,20000,89000,-504278
052238,智易國票96購01  ,0,0,0,0,0,0,0,0,0,-505000,0,0,0,0,505000,-505000,-505000
2838,聯邦銀          ,72000,577000,-505000,0,0,0,0,0,0,0,0,0,0,0,0,0,-505000
055328,鈺齊國票98購01  ,0,0,0,0,0,0,0,0,0,-507000,0,0,0,110000,617000,-507000,-507000
058200,世芯康和99購01  ,0,0,0,0,0,0,0,0,0,-509000,0,0,0,7000,516000,-509000,-509000
056498,A50正2富邦9B購01,0,0,0,0,0,0,0,0,0,-510000,0,0,0,0,510000,-510000,-510000
052985,美律元大96購02  ,0,0,0,0,0,0,0,0,0,-510000,0,0,0,0,510000,-510000,-510000
053370,上証2X元大97購03,0,0,0,0,0,0,0,0,0,-513000,0,0,0,4000,517000,-513000,-513000
047047,旺宏國票95購01  ,0,0,0,0,0,0,0,0,0,-515000,0,0,0,23000,538000,-515000,-515000
057263,可成兆豐99購01  ,0,0,0,0,0,0,0,0,0,-516000,0,0,0,486000,1002000,-516000,-516000
057120,茂林康和98購01  ,0,0,0,0,0,0,0,0,0,-518000,0,0,0,0,518000,-518000,-518000
2377,微星            ,1072000,1324765,-252765,0,0,0,0,280000,-280000,14000,2000,39000,-37000,53000,2000,51000,-518765
04553P,S&P正2中信95售01,0,0,0,0,0,0,0,0,0,-521000,0,0,0,0,521000,-521000,-521000
049522,華通兆豐94購02  ,0,0,0,0,0,0,0,0,0,-521000,0,0,0,0,521000,-521000,-521000
049706,世紀鋼元大95購02,0,0,0,0,0,0,0,0,0,-521000,0,0,0,0,521000,-521000,-521000
057112,立積群益99購01  ,0,0,0,0,0,0,0,0,0,-523000,0,0,0,30000,553000,-523000,-523000
050807,群臺反凱基95購01,0,0,0,0,0,0,0,0,0,-523000,0,0,0,0,523000,-523000,-523000
04875P,台積電中信94售04,0,0,0,0,0,0,0,0,0,-524000,0,0,0,0,524000,-524000,-524000
05995P,T50正2中信9C售01,0,0,0,0,0,0,0,0,0,-526000,0,0,0,113000,639000,-526000,-526000
06971P,台光電元大99售03,0,0,0,0,0,0,0,0,0,-526000,0,0,0,0,526000,-526000,-526000
058322,玉晶光永豐99購02,0,0,0,0,0,0,0,0,0,-528000,0,0,0,7000,535000,-528000,-528000
057215,友達群益98購03  ,0,0,0,0,0,0,0,0,0,-528000,0,0,0,101000,629000,-528000,-528000
053318,全新群益99購01  ,0,0,0,0,0,0,0,0,0,-528000,0,0,0,131000,659000,-528000,-528000
047379,元油2X元大96購03,0,0,0,0,0,0,0,0,0,-530000,0,0,0,0,530000,-530000,-530000
051983,道瓊反元大95購01,0,0,0,0,0,0,0,0,0,-530000,0,0,0,30000,560000,-530000,-530000
06916P,聯鈞元富98售02  ,0,0,0,0,0,0,0,0,0,-534000,0,0,0,15000,549000,-534000,-534000
056392,玉晶光富邦9C購01,0,0,0,0,0,0,0,0,0,-536000,0,0,0,0,536000,-536000,-536000
2456,奇力新          ,877342,1323000,-445658,0,0,0,0,280000,-280000,187000,91000,65000,26000,166000,5000,161000,-538658
056670,樺漢國票99購01  ,0,0,0,0,0,0,0,0,0,-540000,0,0,0,4000,544000,-540000,-540000
055940,致新群益98購01  ,0,0,0,0,0,0,0,0,0,-540000,0,0,0,50000,590000,-540000,-540000
056992,祥碩兆豐98購01  ,0,0,0,0,0,0,0,0,0,-541000,0,0,0,3000,544000,-541000,-541000
057889,致新群益99購01  ,0,0,0,0,0,0,0,0,0,-541000,0,0,0,24000,565000,-541000,-541000
056652,上証反元大9B購01,0,0,0,0,0,0,0,0,0,-543000,0,0,0,46000,589000,-543000,-543000
051889,智邦元富95購02  ,0,0,0,0,0,0,0,0,0,-543000,0,0,0,150000,693000,-543000,-543000
054868,國泰金群益9A購01,0,0,0,0,0,0,0,0,0,-543000,0,0,0,486000,1029000,-543000,-543000
056704,健策國泰99購01  ,0,0,0,0,0,0,0,0,0,-547000,0,0,0,448000,995000,-547000,-547000
057540,緯穎日盛99購01  ,0,0,0,0,0,0,0,0,0,-547000,0,0,0,10000,557000,-547000,-547000
05934P,國巨凱基96售13  ,0,0,0,0,0,0,0,0,0,-547000,0,0,0,40000,587000,-547000,-547000
050124,元金2X凱基95購01,0,0,0,0,0,0,0,0,0,-549000,0,0,0,80000,629000,-549000,-549000
06300P,緯穎元大97售04  ,0,0,0,0,0,0,0,0,0,-549000,0,0,0,16000,565000,-549000,-549000
06426P,T50正2元大9B售01,0,0,0,0,0,0,0,0,0,-551000,0,0,0,0,551000,-551000,-551000
06295P,國巨元大97售14  ,0,0,0,0,0,0,0,0,0,-555000,0,0,0,390000,945000,-555000,-555000
06851P,鈺齊元大98售01  ,0,0,0,0,0,0,0,0,0,-555000,0,0,0,83000,638000,-555000,-555000
2369,菱生            ,98000,659000,-561000,0,0,0,0,0,0,0,0,0,0,0,0,0,-561000
053708,道瓊反凱基98購01,0,0,0,0,0,0,0,0,0,-564000,0,0,0,0,564000,-564000,-564000
1504,東元            ,1076000,1641000,-565000,0,0,0,0,0,0,0,0,0,0,0,0,0,-565000
057220,鈺齊群益98購01  ,0,0,0,0,0,0,0,0,0,-569000,0,0,0,161000,730000,-569000,-569000
052815,滬深2X永豐97購01,0,0,0,0,0,0,0,0,0,-570000,0,0,0,52000,622000,-570000,-570000
054932,台肥元大97購01  ,0,0,0,0,0,0,0,0,0,-570000,0,0,0,143000,713000,-570000,-570000
05901P,臺股指凱基9C售01,0,0,0,0,0,0,0,0,0,-572000,0,0,0,71000,643000,-572000,-572000
05363P,臺股指富邦95售03,0,0,0,0,0,0,0,0,0,-575000,0,0,0,0,575000,-575000,-575000
3044,健鼎            ,218000,1032659,-814659,0,0,0,0,0,0,239000,238000,7000,231000,13000,5000,8000,-575659
053978,創意元大96購05  ,0,0,0,0,0,0,0,0,0,-580000,0,0,0,0,580000,-580000,-580000
055966,茂林元大99購01  ,0,0,0,0,0,0,0,0,0,-583000,0,0,0,98000,681000,-583000,-583000
047885,元金2X富邦99購01,0,0,0,0,0,0,0,0,0,-585000,0,0,0,62000,647000,-585000,-585000
058154,泰碩統一9A購01  ,0,0,0,0,0,0,0,0,0,-590000,0,0,0,173000,763000,-590000,-590000
05698P,群創凱基96售01  ,0,0,0,0,0,0,0,0,0,-590000,0,0,0,110000,700000,-590000,-590000
056987,南茂群益98購01  ,0,0,0,0,0,0,0,0,0,-591000,0,0,0,109000,700000,-591000,-591000
05770P,聯發科凱基96售16,0,0,0,0,0,0,0,0,0,-591000,0,0,0,0,591000,-591000,-591000
3090,日電貿          ,77000,569000,-492000,0,0,0,0,100000,-100000,-1000,0,0,0,2000,3000,-1000,-593000
056180,南茂元富97購01  ,0,0,0,0,0,0,0,0,0,-600000,0,0,0,0,600000,-600000,-600000
049227,元油2X富邦96購03,0,0,0,0,0,0,0,0,0,-600000,0,0,0,0,600000,-600000,-600000
06649P,聯發科元大98售08,0,0,0,0,0,0,0,0,0,-601000,0,0,0,317000,918000,-601000,-601000
057269,鈺齊兆豐98購01  ,0,0,0,0,0,0,0,0,0,-603000,0,0,0,82000,685000,-603000,-603000
055303,鈺齊元大97購01  ,0,0,0,0,0,0,0,0,0,-605000,0,0,0,440000,1045000,-605000,-605000
6141,柏承            ,253000,859000,-606000,0,0,0,0,0,0,0,0,0,0,0,0,0,-606000
051259,鴻海永昌96購03  ,0,0,0,0,0,0,0,0,0,-613000,0,0,0,2258000,2871000,-613000,-613000
056398,南茂永豐98購01  ,0,0,0,0,0,0,0,0,0,-616000,0,0,0,113000,729000,-616000,-616000
4934,太極            ,182000,800000,-618000,0,0,0,0,0,0,0,0,0,0,0,0,0,-618000
2408,南亞科          ,6155134,6339654,-184520,0,0,0,58000,985000,-927000,490000,329000,2000,327000,207000,44000,163000,-621520
054113,奇力新台新97購01,0,0,0,0,0,0,0,0,0,-622000,0,0,0,10000,632000,-622000,-622000
6196,帆宣            ,97000,457000,-360000,0,0,0,0,153000,-153000,-111000,5000,141000,-136000,26000,1000,25000,-624000
2492,華新科          ,1562726,1822000,-259274,0,0,0,0,588000,-588000,222000,319000,206000,113000,165000,56000,109000,-625274
055924,深中小群益9B購01,0,0,0,0,0,0,0,0,0,-627000,0,0,0,723000,1350000,-627000,-627000
057820,華擎元大98購02  ,0,0,0,0,0,0,0,0,0,-630000,0,0,0,239000,869000,-630000,-630000
057518,世紀鋼元富98購01,0,0,0,0,0,0,0,0,0,-630000,0,0,0,286000,916000,-630000,-630000
051730,為升國票96購02  ,0,0,0,0,0,0,0,0,0,-630000,0,0,0,0,630000,-630000,-630000
052116,T50反1國票97購01,0,0,0,0,0,0,0,0,0,-636000,0,0,0,0,636000,-636000,-636000
057071,華擎永豐98購02  ,0,0,0,0,0,0,0,0,0,-639000,0,0,0,34000,673000,-639000,-639000
056478,晶技元大99購01  ,0,0,0,0,0,0,0,0,0,-640000,0,0,0,236000,876000,-640000,-640000
1722,台肥            ,701000,1361235,-660235,0,0,0,0,0,0,19000,12000,0,12000,7000,0,7000,-641235
2449,京元電子        ,2027547,2731483,-703936,0,0,0,160000,0,160000,-109000,9000,58000,-49000,120000,180000,-60000,-652936
057383,玉晶光富邦9A購01,0,0,0,0,0,0,0,0,0,-659000,0,0,0,0,659000,-659000,-659000
04437P,滬深2X群益98售03,0,0,0,0,0,0,0,0,0,-659000,0,0,0,15000,674000,-659000,-659000
046680,上証反群益95購01,0,0,0,0,0,0,0,0,0,-662000,0,0,0,41000,703000,-662000,-662000
6706,惠特            ,67000,538441,-471441,0,0,0,0,200000,-200000,6000,12000,6000,6000,0,0,0,-665441
3376,新日興          ,671000,1500000,-829000,0,0,0,138000,0,138000,23000,39000,25000,14000,23000,14000,9000,-668000
053373,台泥元大96購01  ,0,0,0,0,0,0,0,0,0,-672000,0,0,0,27000,699000,-672000,-672000
050133,鈺齊凱基94購01  ,0,0,0,0,0,0,0,0,0,-676000,0,0,0,0,676000,-676000,-676000
00717,富邦美國特別股  ,0,0,0,0,0,0,0,0,0,-680280,0,0,0,429000,1109280,-680280,-680280
05397P,大立光凱基96售08,0,0,0,0,0,0,0,0,0,-682000,0,0,0,0,682000,-682000,-682000
1326,台化            ,2673456,3480665,-807209,0,0,0,0,0,0,119000,122000,40000,82000,37000,0,37000,-688209
048271,可成富邦95購02  ,0,0,0,0,0,0,0,0,0,-690000,0,0,0,0,690000,-690000,-690000
06410P,祥碩統一97售01  ,0,0,0,0,0,0,0,0,0,-713000,0,0,0,111000,824000,-713000,-713000
2357,華碩            ,622964,1351000,-728036,0,0,0,0,0,0,14000,0,2000,-2000,16000,0,16000,-714036
058207,南茂凱基99購01  ,0,0,0,0,0,0,0,0,0,-723000,0,0,0,193000,916000,-723000,-723000
1312,國喬            ,126282,664418,-538136,0,0,0,0,182000,-182000,-15000,0,0,0,10000,25000,-15000,-735136
054237,茂林群益97購01  ,0,0,0,0,0,0,0,0,0,-748000,0,0,0,274000,1022000,-748000,-748000
054713,國巨中信9B購01  ,0,0,0,0,0,0,0,0,0,-751000,0,0,0,1283000,2034000,-751000,-751000
2363,矽統            ,309000,1043000,-734000,0,0,0,0,0,0,-22000,0,22000,-22000,0,0,0,-756000
054129,技嘉元大96購02  ,0,0,0,0,0,0,0,0,0,-759000,0,0,0,91000,850000,-759000,-759000
046797,T50反1元大96購01,0,0,0,0,0,0,0,0,0,-764000,0,0,0,0,764000,-764000,-764000
057111,立積群益98購02  ,0,0,0,0,0,0,0,0,0,-769000,0,0,0,22000,791000,-769000,-769000
2450,神腦            ,8000,778000,-770000,0,0,0,0,0,0,-2000,0,2000,-2000,0,0,0,-772000
3016,嘉晶            ,598000,1296000,-698000,0,0,0,0,0,0,-79000,141000,11000,130000,103000,312000,-209000,-777000
057429,華新科兆豐98購03,0,0,0,0,0,0,0,0,0,-781000,0,0,0,18000,799000,-781000,-781000
00738U,元大道瓊白銀    ,2000,0,2000,0,0,0,0,0,0,-783000,0,0,0,164000,947000,-783000,-781000
00671R,富邦NASDAQ反1   ,0,0,0,0,0,0,0,0,0,-793000,0,0,0,607000,1400000,-793000,-793000
056628,矽創永豐98購01  ,0,0,0,0,0,0,0,0,0,-797000,0,0,0,79000,876000,-797000,-797000
057904,矽力永豐98購01  ,0,0,0,0,0,0,0,0,0,-818000,0,0,0,0,818000,-818000,-818000
3034,聯詠            ,1580556,2409910,-829354,0,0,0,10000,0,10000,-14000,18000,14000,4000,20000,38000,-18000,-833354
8215,明基材          ,65000,907000,-842000,0,0,0,0,0,0,4000,5000,1000,4000,0,0,0,-838000
6176,瑞儀            ,486900,1410115,-923215,0,0,0,0,0,0,75000,35000,5000,30000,46000,1000,45000,-848215
00653L,富邦印度正2     ,105000,817000,-712000,0,0,0,0,0,0,-137000,0,0,0,180000,317000,-137000,-849000
056981,全新群益99購03  ,0,0,0,0,0,0,0,0,0,-850000,0,0,0,162000,1012000,-850000,-850000
3189,景碩            ,477000,1299000,-822000,0,0,0,25000,0,25000,-64000,41000,77000,-36000,32000,60000,-28000,-861000
1515,力山            ,369750,1214000,-844250,0,0,0,0,0,0,-27000,0,0,0,6000,33000,-27000,-871250
03427P,聯電元大02售11  ,0,0,0,0,0,0,0,0,0,-876000,0,0,0,200000,1076000,-876000,-876000
054459,鈺齊群益96購01  ,0,0,0,0,0,0,0,0,0,-876000,0,0,0,0,876000,-876000,-876000
00648R,元大S&P500反1   ,0,0,0,0,0,0,0,0,0,-880000,0,0,0,44000,924000,-880000,-880000
055099,可成日盛97購01  ,0,0,0,0,0,0,0,0,0,-890000,0,0,0,151000,1041000,-890000,-890000
06821P,臺股指元富98售10,0,0,0,0,0,0,0,0,0,-893000,0,0,0,41000,934000,-893000,-893000
06508P,台灣50統一98售01,0,0,0,0,0,0,0,0,0,-897000,0,0,0,50000,947000,-897000,-897000
2376,技嘉            ,851000,2511000,-1660000,0,0,0,330000,0,330000,429000,266000,1000,265000,228000,64000,164000,-901000
053470,華邦電元大96購02,0,0,0,0,0,0,0,0,0,-931000,0,0,0,1218000,2149000,-931000,-931000
056754,智易兆豐99購01  ,0,0,0,0,0,0,0,0,0,-932000,0,0,0,10000,942000,-932000,-932000
055370,旺宏元大97購05  ,0,0,0,0,0,0,0,0,0,-952000,0,0,0,0,952000,-952000,-952000
06374P,台表科元大97售06,0,0,0,0,0,0,0,0,0,-954000,0,0,0,0,954000,-954000,-954000
057434,國巨國票99購03  ,0,0,0,0,0,0,0,0,0,-968000,0,0,0,383000,1351000,-968000,-968000
057841,茂林富邦9A購02  ,0,0,0,0,0,0,0,0,0,-969000,0,0,0,0,969000,-969000,-969000
06949P,台表科元大99售01,0,0,0,0,0,0,0,0,0,-973000,0,0,0,13000,986000,-973000,-973000
054756,世紀鋼凱基99購01,0,0,0,0,0,0,0,0,0,-978000,0,0,0,230000,1208000,-978000,-978000
053577,上証2X元大96購02,0,0,0,0,0,0,0,0,0,-983000,0,0,0,0,983000,-983000,-983000
044864,道瓊反國票96購01,0,0,0,0,0,0,0,0,0,-1012000,0,0,0,0,1012000,-1012000,-1012000
6116,彩晶            ,995000,1927000,-932000,0,0,0,0,0,0,-94000,2000,19000,-17000,155000,232000,-77000,-1026000
6153,嘉聯益          ,673564,1424000,-750436,0,0,0,0,0,0,-283000,76000,140000,-64000,15000,234000,-219000,-1033436
057855,晶技國票99購01  ,0,0,0,0,0,0,0,0,0,-1035000,0,0,0,86000,1121000,-1035000,-1035000
042953,鴻海台新01購01  ,0,0,0,0,0,0,0,0,0,-1041000,0,0,0,27000,1068000,-1041000,-1041000
3661,世芯-KY         ,510000,1423000,-913000,0,0,0,18000,90000,-72000,-78000,170000,44000,126000,59000,263000,-204000,-1063000
058195,鈺齊永豐99購01  ,0,0,0,0,0,0,0,0,0,-1068000,0,0,0,21000,1089000,-1068000,-1068000
06513P,鴻海凱基98售10  ,0,0,0,0,0,0,0,0,0,-1079000,0,0,0,16000,1095000,-1079000,-1079000
03412P,滬深2X群益98售01,0,0,0,0,0,0,0,0,0,-1087000,0,0,0,0,1087000,-1087000,-1087000
6251,定穎            ,509000,1460000,-951000,0,0,0,0,0,0,-137000,153000,290000,-137000,0,0,0,-1088000
2417,圓剛            ,584000,1703000,-1119000,0,0,0,0,0,0,20000,20000,0,20000,0,0,0,-1099000
04433P,上証2X國票95售01,0,0,0,0,0,0,0,0,0,-1111000,0,0,0,679000,1790000,-1111000,-1111000
3036,文曄            ,1180000,2297818,-1117818,0,0,0,0,0,0,1000,31000,56000,-25000,39000,13000,26000,-1116818
00656R,國泰中國A50反1  ,0,1179000,-1179000,0,0,0,0,0,0,47000,0,0,0,915000,868000,47000,-1132000
08637P,台灣50中信96售03,0,0,0,0,0,0,0,0,0,-1132000,0,0,0,730000,1862000,-1132000,-1132000
047595,元石油元富97購01,0,0,0,0,0,0,0,0,0,-1170000,0,0,0,0,1170000,-1170000,-1170000
1477,聚陽            ,248000,1438000,-1190000,0,0,0,0,0,0,19000,49000,24000,25000,19000,25000,-6000,-1171000
055993,致茂國泰99購01  ,0,0,0,0,0,0,0,0,0,-1175000,0,0,0,5000,1180000,-1175000,-1175000
052798,滬深2X元大96購07,0,0,0,0,0,0,0,0,0,-1177000,0,0,0,111000,1288000,-1177000,-1177000
03840P,台積電統一99售02,0,0,0,0,0,0,0,0,0,-1181000,0,0,0,1298000,2479000,-1181000,-1181000
9904,寶成            ,1851966,2969235,-1117269,0,0,0,0,0,0,-80000,0,80000,-80000,0,0,0,-1197269
06335P,台積電麥證97售02,0,0,0,0,1230000,-1230000,0,0,0,-1230000,0,0,0,0,1230000,-1230000,-1230000
2327,國巨            ,1559785,2895820,-1336035,0,0,0,13000,490000,-477000,546000,434000,107000,327000,312000,93000,219000,-1267035
1310,台苯            ,474000,1745000,-1271000,0,0,0,0,0,0,0,0,0,0,0,0,0,-1271000
05515P,台積電群益96售03,0,0,0,0,0,0,0,0,0,-1272000,0,0,0,23000,1295000,-1272000,-1272000
057110,立積群益98購01  ,0,0,0,0,0,0,0,0,0,-1295000,0,0,0,81000,1376000,-1295000,-1295000
04023P,臺股指元富99售02,0,0,0,0,0,0,0,0,0,-1306000,0,0,0,82000,1388000,-1306000,-1306000
2498,宏達電          ,2252318,3054000,-801682,0,0,0,0,0,0,-506000,42000,58000,-16000,40000,530000,-490000,-1307682
2383,台光電          ,477392,1966000,-1488608,0,0,0,129000,0,129000,21000,63000,28000,35000,16000,30000,-14000,-1338608
050123,群臺反凱基96購01,0,0,0,0,0,0,0,0,0,-1350000,0,0,0,200000,1550000,-1350000,-1350000
054685,國巨永豐97購02  ,0,0,0,0,0,0,0,0,0,-1384000,0,0,0,1850000,3234000,-1384000,-1384000
2603,長榮            ,6771082,8263000,-1491918,0,0,0,0,0,0,78000,108000,25000,83000,0,5000,-5000,-1413918
043538,元石油國票97購01,0,0,0,0,0,0,0,0,0,-1417000,0,0,0,0,1417000,-1417000,-1417000
058388,健策國票9A購01  ,0,0,0,0,0,0,0,0,0,-1425000,0,0,0,0,1425000,-1425000,-1425000
057563,旭富國泰9A購01  ,0,0,0,0,0,0,0,0,0,-1438000,0,0,0,920000,2358000,-1438000,-1438000
053371,滬深2X元大99購01,0,0,0,0,0,0,0,0,0,-1439000,0,0,0,46000,1485000,-1439000,-1439000
04980P,臺股指凱基96售08,0,0,0,0,0,0,0,0,0,-1488000,0,0,0,1272000,2760000,-1488000,-1488000
054593,滬深2X永昌9A購01,0,0,0,0,0,0,0,0,0,-1500000,0,0,0,100000,1600000,-1500000,-1500000
053657,元大金凱基96購01,0,0,0,0,0,0,0,0,0,-1510000,0,0,0,0,1510000,-1510000,-1510000
2352,佳世達          ,99528,1573000,-1473472,0,0,0,0,0,0,-89000,0,6000,-6000,0,83000,-83000,-1562472
00664R,國泰臺灣加權反1 ,0,0,0,0,0,0,0,0,0,-1660000,0,0,0,355000,2015000,-1660000,-1660000
1102,亞泥            ,1795551,3606720,-1811169,0,0,0,0,0,0,151000,12000,10000,2000,154000,5000,149000,-1660169
2891,中信金          ,20328710,22025376,-1696666,0,0,0,0,0,0,0,0,0,0,0,0,0,-1696666
052900,大成鋼國票97購01,0,0,0,0,0,0,0,0,0,-1702000,0,0,0,0,1702000,-1702000,-1702000
051276,SGBR2X中信97購01,0,0,0,0,0,0,0,0,0,-1841000,0,0,0,0,1841000,-1841000,-1841000
4938,和碩            ,2711388,4729695,-2018307,0,0,0,0,0,0,149000,83000,14000,69000,179000,99000,80000,-1869307
2382,廣達            ,2973104,5089739,-2116635,0,0,0,141000,0,141000,66000,175000,168000,7000,59000,0,59000,-1909635
052370,滬深2X元大95購04,0,0,0,0,0,0,0,0,0,-1914000,0,0,0,60000,1974000,-1914000,-1914000
05545P,台表科國泰98售01,0,0,0,0,0,0,0,0,0,-1950000,0,0,0,176000,2126000,-1950000,-1950000
052517,滬深2X元大95購05,0,0,0,0,0,0,0,0,0,-1981000,0,0,0,0,1981000,-1981000,-1981000
04930P,國巨統一94售08  ,0,0,0,0,0,0,0,0,0,-2011000,0,0,0,1198000,3209000,-2011000,-2011000
049389,元石油中信97購02,0,0,0,0,0,0,0,0,0,-2040000,0,0,0,600000,2640000,-2040000,-2040000
2332,友訊            ,462000,1907000,-1445000,0,0,0,0,0,0,-919000,0,853000,-853000,18000,84000,-66000,-2364000
6278,台表科          ,820890,2364000,-1543110,0,0,0,0,1002000,-1002000,-117000,45000,10000,35000,32000,184000,-152000,-2662110
00708L,元大S&P黃金正2  ,252000,50000,202000,0,0,0,0,0,0,-2949000,0,0,0,458000,3407000,-2949000,-2747000
2892,第一金          ,1424700,4468610,-3043910,0,0,0,0,0,0,193000,195000,0,195000,0,2000,-2000,-2850910
3711,日月光投控      ,3360399,6095955,-2735556,0,0,0,90000,0,90000,-541000,56000,88000,-32000,34000,543000,-509000,-3186556
2514,龍邦            ,190000,3426000,-3236000,0,0,0,0,0,0,-9000,7000,16000,-9000,0,0,0,-3245000
2887,台新金          ,2005082,5579938,-3574856,0,0,0,0,0,0,-4000,0,0,0,0,4000,-4000,-3578856
03033P,微星國票03售01  ,0,0,0,0,0,0,0,0,0,-3832000,0,0,0,0,3832000,-3832000,-3832000
2890,永豐金          ,4122184,8865606,-4743422,0,0,0,0,0,0,-6000,0,0,0,0,6000,-6000,-4749422
055518,華新科中信99購01,0,0,0,0,0,0,0,0,0,-5003000,0,0,0,450000,5453000,-5003000,-5003000
2324,仁寶            ,4046872,9624339,-5577467,0,0,0,0,0,0,220000,9000,3000,6000,214000,0,214000,-5357467
00669R,國泰美國道瓊反1 ,0,0,0,0,0,0,0,0,0,-5387000,0,0,0,569000,5956000,-5387000,-5387000
0056,元大高股息      ,6000,0,6000,0,0,0,0,300000,-300000,-5429000,50000,1300000,-1250000,180000,4359000,-4179000,-5723000
2823,中壽            ,3597052,9550000,-5952948,0,0,0,0,0,0,27000,0,0,0,35000,8000,27000,-5925948
2301,光寶科          ,1077025,7309650,-6232625,0,0,0,0,0,0,-23000,0,57000,-57000,79000,45000,34000,-6255625
00634R,富邦上証反1     ,163000,6826000,-6663000,0,0,0,0,0,0,-192000,300000,0,300000,1904000,2396000,-492000,-6855000
2330,台積電          ,16719121,24143581,-7424460,0,0,0,41000,185000,-144000,-746000,494000,1007000,-513000,284000,517000,-233000,-8314460
00638R,元大滬深300反1  ,0,3306000,-3306000,0,0,0,0,0,0,-5057000,200000,610000,-410000,294000,4941000,-4647000,-8363000
00672L,元大S&P原油正2  ,127000,5789000,-5662000,0,0,0,0,0,0,-7854000,0,0,0,3087000,10941000,-7854000,-13516000
2409,友達            ,16031786,30998000,-14966214,0,0,0,0,0,0,-1294000,40000,409000,-369000,320000,1245000,-925000,-16260214
2303,聯電            ,27694724,44855030,-17160306,0,0,0,0,255000,-255000,904000,1168000,60000,1108000,0,204000,-204000,-16511306
3481,群創            ,15564567,32542000,-16977433,0,0,0,0,0,0,-2751000,253000,399000,-146000,212000,2817000,-2605000,-19728433
00715L,街口布蘭特油正2 ,1000,2042000,-2041000,0,0,0,0,0,0,-22610000,0,0,0,95000,22705000,-22610000,-24651000
00642U,元大S&P石油     ,28000,435000,-407000,0,0,0,0,0,0,-46383000,35000,0,35000,1064000,47482000,-46418000,-46790000
00632R,元大台灣50反1   ,600000,3020000,-2420000,0,0,0,0,0,0,-50592000,3700000,8342000,-4642000,2589000,48539000,-45950000,-53012000
