證券代號,證券名稱,外陸資買進股數(不含外資自營商),外陸資賣出股數(不含外資自營商),外陸資買賣超股數(不含外資自營商),外資自營商買進股數,外資自營商賣出股數,外資自營商買賣超股數,投信買進股數,投信賣出股數,投信買賣超股數,自營商買賣超股數,自營商買進股數(自行買賣),自營商賣出股數(自行買賣),自營商買賣超股數(自行買賣),自營商買進股數(避險),自營商賣出股數(避險),自營商買賣超股數(避險),三大法人買賣超股數
2353,宏碁            ,18324031,6179000,12145031,0,0,0,0,0,0,644000,255000,178000,77000,604000,37000,567000,12789031
00677U,富邦VIX         ,105593000,70639000,34954000,0,0,0,0,0,0,-24157000,6895000,2400000,4495000,29705000,58357000,-28652000,10797000
00875,國泰網路資安    ,14000,3000,11000,0,0,0,0,0,0,10212000,0,0,0,14394000,4182000,10212000,10223000
2887,台新金          ,15511915,8748925,6762990,0,0,0,0,0,0,-103000,0,87000,-87000,4000,20000,-16000,6659990
2884,玉山金          ,17648514,12136971,5511543,0,0,0,0,0,0,-75000,17000,73000,-56000,26000,45000,-19000,5436543
2886,兆豐金          ,17155111,12920300,4234811,0,0,0,0,127000,-127000,62000,22000,25000,-3000,65000,0,65000,4169811
2880,華南金          ,12012039,7924661,4087378,0,0,0,0,0,0,4000,12000,10000,2000,2000,0,2000,4091378
2891,中信金          ,32342972,30800640,1542332,0,0,0,2369000,0,2369000,61000,82000,25000,57000,4000,0,4000,3972332
2892,第一金          ,16591689,12886000,3705689,0,0,0,0,0,0,104000,110000,8000,102000,2000,0,2000,3809689
5880,合庫金          ,13268231,9744757,3523474,0,0,0,0,0,0,-11000,10000,21000,-11000,0,0,0,3512474
2303,聯電            ,28633508,25818000,2815508,0,0,0,6000,0,6000,440000,451000,41000,410000,80000,50000,30000,3261508
006205,富邦上証        ,2175000,8000,2167000,0,0,0,0,0,0,767000,40000,40000,0,2281000,1514000,767000,2934000
2323,中環            ,3811000,659000,3152000,0,0,0,0,2000,-2000,-261000,5000,275000,-270000,35000,26000,9000,2889000
00636,國泰中國A50     ,1151000,88000,1063000,0,0,0,0,0,0,1732847,80000,0,80000,1803000,150153,1652847,2795847
047990,臺指反元大96購02,0,0,0,0,0,0,0,0,0,2795000,0,0,0,2796000,1000,2795000,2795000
3231,緯創            ,9905410,7323000,2582410,0,0,0,0,0,0,-13000,34000,10000,24000,75000,112000,-37000,2569410
054369,鴻海中信9C購01  ,0,0,0,0,0,0,0,0,0,2507000,0,0,0,2507000,0,2507000,2507000
054786,全新群益99購02  ,0,0,0,0,0,0,0,0,0,2500000,0,0,0,2500000,0,2500000,2500000
2367,燿華            ,4013000,1631240,2381760,0,0,0,0,0,0,84000,0,0,0,102000,18000,84000,2465760
1314,中石化          ,5332000,2974450,2357550,0,0,0,0,0,0,28000,103000,75000,28000,0,0,0,2385550
053675,臺股指元富96購02,0,0,0,0,0,0,0,0,0,1946000,0,0,0,1946000,0,1946000,1946000
3017,奇鋐            ,2461000,326000,2135000,0,0,0,0,0,0,-279000,26000,326000,-300000,40000,19000,21000,1856000
054871,明泰群益98購01  ,0,0,0,0,0,0,0,0,0,1780000,0,0,0,1780000,0,1780000,1780000
00861,元大全球未來通訊,117000,0,117000,0,0,0,0,0,0,1657000,0,0,0,2817000,1160000,1657000,1774000
044104,鴻海中信95購03  ,0,0,0,0,0,0,0,0,0,1723000,0,0,0,1723000,0,1723000,1723000
07255P,國巨凱基99售15  ,0,0,0,0,0,0,0,0,0,1717000,0,0,0,1717000,0,1717000,1717000
1904,正隆            ,2126000,380000,1746000,0,0,0,0,0,0,-88000,0,88000,-88000,0,0,0,1658000
00673R,元大S&P原油反1  ,73000,73000,0,0,0,0,0,0,0,1625000,0,0,0,3373000,1748000,1625000,1625000
4906,正文            ,1827000,230000,1597000,0,0,0,0,0,0,11000,0,29000,-29000,111000,71000,40000,1608000
00643,群益深証中小    ,1135000,246000,889000,0,0,0,0,0,0,612000,10000,10000,0,719000,107000,612000,1501000
2332,友訊            ,2055000,583000,1472000,0,0,0,0,0,0,13000,4000,6000,-2000,25000,10000,15000,1485000
00708L,元大S&P黃金正2  ,0,19000,-19000,0,0,0,0,0,0,1472000,0,0,0,5468000,3996000,1472000,1453000
04786P,鴻海永昌96售01  ,0,0,0,0,0,0,0,0,0,1433000,0,0,0,1433000,0,1433000,1433000
047470,聯發科中信94購03,0,0,0,0,0,0,0,0,0,1351000,0,0,0,1351000,0,1351000,1351000
2324,仁寶            ,8143107,6788070,1355037,0,0,0,2000,0,2000,-10000,45000,197000,-152000,149000,7000,142000,1347037
1303,南亞            ,6400727,5010920,1389807,0,0,0,0,0,0,-109000,41000,150000,-109000,0,0,0,1280807
059307,T50反1元大99購06,0,0,0,0,0,0,0,0,0,1247000,0,0,0,2090000,843000,1247000,1247000
00653L,富邦印度正2     ,480000,8000,472000,0,0,0,0,0,0,773150,0,0,0,1525000,751850,773150,1245150
3665,貿聯-KY         ,1311000,370141,940859,0,0,0,270000,0,270000,-18000,0,39000,-39000,23000,2000,21000,1192859
6153,嘉聯益          ,1647000,536420,1110580,0,0,0,0,0,0,33000,45000,14000,31000,6000,4000,2000,1143580
3049,和鑫            ,2156000,1016000,1140000,0,0,0,0,0,0,-3000,0,2000,-2000,0,1000,-1000,1137000
2338,光罩            ,1523000,406000,1117000,0,0,0,0,0,0,20000,2000,0,2000,30000,12000,18000,1137000
2448,晶電            ,2496000,1368000,1128000,0,0,0,10000,0,10000,-7000,6000,9000,-3000,8000,12000,-4000,1131000
2356,英業達          ,5362667,4310000,1052667,0,0,0,0,0,0,69000,66000,15000,51000,100000,82000,18000,1121667
052959,聯電凱基97購01  ,0,0,0,0,0,0,0,0,0,1100000,0,0,0,1100000,0,1100000,1100000
3042,晶技            ,1509000,606000,903000,0,0,0,65000,0,65000,73000,27000,10000,17000,68000,12000,56000,1041000
057287,彩晶元大9C購03  ,0,0,0,0,0,0,0,0,0,1038000,0,0,0,1088000,50000,1038000,1038000
049007,玉晶光中信96購01,0,0,0,0,0,0,0,0,0,1030000,0,0,0,1030000,0,1030000,1030000
8150,南茂            ,1745000,736199,1008801,0,0,0,0,0,0,4000,2000,1000,1000,15000,12000,3000,1012801
07164P,臺股指群益99售15,0,0,0,0,0,0,0,0,0,1005000,0,0,0,1035000,30000,1005000,1005000
07150P,和碩元大99售01  ,0,0,0,0,0,0,0,0,0,999000,0,0,0,999000,0,999000,999000
049216,華邦電國票95購01,0,0,0,0,0,0,0,0,0,998000,0,0,0,998000,0,998000,998000
04391P,玉晶光凱基95售03,0,0,0,0,0,0,0,0,0,984000,0,0,0,984000,0,984000,984000
1101,台泥            ,4280429,4194735,85694,0,0,0,801000,0,801000,92000,52000,16000,36000,63000,7000,56000,978694
1301,台塑            ,4765749,4104000,661749,0,0,0,600000,0,600000,-286000,18000,308000,-290000,4000,0,4000,975749
6505,台塑化          ,2903585,1912000,991585,0,0,0,0,0,0,-42000,5000,47000,-42000,0,0,0,949585
07163P,臺股指群益99售14,0,0,0,0,0,0,0,0,0,947000,0,0,0,993000,46000,947000,947000
2882,國泰金          ,8440316,7244188,1196128,0,0,0,0,0,0,-257000,0,164000,-164000,20000,113000,-93000,939128
056403,茂林群益98購01  ,0,0,0,0,0,0,0,0,0,922000,0,0,0,922000,0,922000,922000
2492,華新科          ,2759105,1394600,1364505,0,0,0,4000,573000,-569000,102000,27000,19000,8000,124000,30000,94000,897505
058933,FBVIX台新9B購01 ,0,0,0,0,0,0,0,0,0,895000,0,0,0,900000,5000,895000,895000
00638R,元大滬深300反1  ,111000,193000,-82000,0,0,0,0,0,0,975000,0,0,0,1365000,390000,975000,893000
07208P,台積電凱基99售14,0,0,0,0,0,0,0,0,0,891000,0,0,0,891000,0,891000,891000
6278,台表科          ,2292000,1272000,1020000,0,0,0,180000,292000,-112000,-19000,0,12000,-12000,5000,12000,-7000,889000
00634R,富邦上証反1     ,294000,14000,280000,0,0,0,0,0,0,604000,0,0,0,741000,137000,604000,884000
059524,FBVIX凱基9A購02 ,0,0,0,0,0,0,0,0,0,870000,0,0,0,1300000,430000,870000,870000
054756,世紀鋼凱基99購01,0,0,0,0,0,0,0,0,0,867000,0,0,0,1127000,260000,867000,867000
2031,新光鋼          ,1006000,138000,868000,0,0,0,0,0,0,-12000,4000,16000,-12000,0,0,0,856000
3016,嘉晶            ,1338000,587000,751000,0,0,0,0,0,0,84000,0,2000,-2000,95000,9000,86000,835000
2542,興富發          ,1517000,652000,865000,0,0,0,0,0,0,-34000,40000,74000,-34000,0,0,0,831000
2439,美律            ,1192000,354064,837936,0,0,0,0,0,0,-19000,2000,20000,-18000,20000,21000,-1000,818936
3035,智原            ,1133000,322000,811000,0,0,0,0,0,0,3000,6000,3000,3000,0,0,0,814000
2345,智邦            ,2044659,1552000,492659,0,0,0,300000,0,300000,7000,18000,14000,4000,33000,30000,3000,799659
07146P,瑞昱元大99售02  ,0,0,0,0,0,0,0,0,0,799000,0,0,0,799000,0,799000,799000
2377,微星            ,1189267,1801000,-611733,0,0,0,1336000,0,1336000,73000,58000,1000,57000,28000,12000,16000,797267
059171,祥碩凱基99購04  ,0,0,0,0,0,0,0,0,0,795000,0,0,0,805000,10000,795000,795000
2534,宏盛            ,1035000,246840,788160,0,0,0,0,0,0,5000,8000,3000,5000,0,0,0,793160
059259,FBVIX中信03購06 ,0,0,0,0,0,0,0,0,0,778000,0,0,0,1519000,741000,778000,778000
2014,中鴻            ,1162000,386000,776000,0,0,0,0,0,0,0,0,0,0,0,0,0,776000
2515,中工            ,1191000,408000,783000,0,0,0,0,0,0,-7000,0,9000,-9000,2000,0,2000,776000
6166,凌華            ,918320,187000,731320,0,0,0,0,0,0,8000,0,1000,-1000,9000,0,9000,739320
1305,華夏            ,1021000,303007,717993,0,0,0,0,0,0,4000,39000,35000,4000,0,0,0,721993
07319P,台積電凱基01售02,0,0,0,0,0,0,0,0,0,720000,0,0,0,1221000,501000,720000,720000
2505,國揚            ,614978,249000,365978,0,0,0,0,0,0,350000,335000,0,335000,15000,0,15000,715978
07315P,台積電台新99售06,0,0,0,0,0,0,0,0,0,700000,0,0,0,720000,20000,700000,700000
2504,國產            ,1161000,213000,948000,0,0,0,0,0,0,-255000,0,250000,-250000,0,5000,-5000,693000
07245P,台積電凱基99售16,0,0,0,0,0,0,0,0,0,673000,0,0,0,1036000,363000,673000,673000
2867,三商壽          ,1348000,673731,674269,0,0,0,0,0,0,-3000,0,3000,-3000,0,0,0,671269
2456,奇力新          ,1434000,540556,893444,0,0,0,0,200000,-200000,-31000,2000,10000,-8000,8000,31000,-23000,662444
4968,立積            ,1037000,437000,600000,0,0,0,0,0,0,60000,0,0,0,60000,0,60000,660000
6239,力成            ,2589337,2125410,463927,0,0,0,174000,0,174000,19000,18000,2000,16000,6000,3000,3000,656927
07309P,聯發科凱基99售18,0,0,0,0,0,0,0,0,0,656000,0,0,0,661000,5000,656000,656000
059246,奇力新凱基9A購02,0,0,0,0,0,0,0,0,0,650000,0,0,0,650000,0,650000,650000
03242P,聯電統一02售04  ,0,0,0,0,0,0,0,0,0,650000,0,0,0,650000,0,650000,650000
1229,聯華            ,905000,250412,654588,0,0,0,0,0,0,-10000,0,10000,-10000,0,0,0,644588
048187,臺指反元大96購04,0,0,0,0,0,0,0,0,0,633000,0,0,0,633000,0,633000,633000
05600P,玉晶光台新96售04,0,0,0,0,0,0,0,0,0,627000,0,0,0,851000,224000,627000,627000
8112,至上            ,1068000,440000,628000,0,0,0,0,0,0,-1000,0,1000,-1000,0,0,0,627000
2889,國票金          ,1196000,537156,658844,0,0,0,0,0,0,-32460,0,32460,-32460,0,0,0,626384
054970,帆宣元大97購01  ,0,0,0,0,0,0,0,0,0,620000,0,0,0,660000,40000,620000,620000
059370,玉晶光元富99購02,0,0,0,0,0,0,0,0,0,618000,0,0,0,1013000,395000,618000,618000
055417,健策富邦98購02  ,0,0,0,0,0,0,0,0,0,610000,0,0,0,610000,0,610000,610000
06869P,金融類元大99售01,0,0,0,0,0,0,0,0,0,594000,0,0,0,609000,15000,594000,594000
06766P,玉晶光元大99售10,0,0,0,0,0,0,0,0,0,594000,0,0,0,887000,293000,594000,594000
07264P,台積電元大99售38,0,0,0,0,0,0,0,0,0,582000,0,0,0,582000,0,582000,582000
2838,聯邦銀          ,815000,228050,586950,0,0,0,0,0,0,-6000,0,6000,-6000,0,0,0,580950
4927,泰鼎-KY         ,899000,270000,629000,0,0,0,1000,45000,-44000,-8000,0,9000,-9000,11000,10000,1000,577000
2603,長榮            ,5327000,5950000,-623000,0,0,0,1325000,100000,1225000,-25000,4000,6000,-2000,5000,28000,-23000,577000
059294,宏達電元富9B購02,0,0,0,0,0,0,0,0,0,570000,0,0,0,570000,0,570000,570000
047355,世紀鋼凱基94購01,0,0,0,0,0,0,0,0,0,568000,0,0,0,568000,0,568000,568000
3056,總太            ,788000,215000,573000,0,0,0,0,0,0,-12000,0,12000,-12000,0,0,0,561000
1103,嘉泥            ,695000,72000,623000,0,0,0,0,0,0,-72000,0,72000,-72000,0,0,0,551000
057880,金融類元大99購02,0,0,0,0,0,0,0,0,0,550000,0,0,0,550000,0,550000,550000
048633,台達電元大94購02,0,0,0,0,0,0,0,0,0,550000,0,0,0,590000,40000,550000,550000
056829,台積電富邦9A購01,0,0,0,0,0,0,0,0,0,550000,0,0,0,585000,35000,550000,550000
056016,鴻海群益97購06  ,0,0,0,0,0,0,0,0,0,545000,0,0,0,545000,0,545000,545000
07265P,大立光元大99售16,0,0,0,0,0,0,0,0,0,544000,0,0,0,600000,56000,544000,544000
00662,富邦NASDAQ      ,5000,5000,0,0,0,0,0,0,0,539000,0,0,0,619000,80000,539000,539000
055496,高鐵元大97購02  ,0,0,0,0,0,0,0,0,0,523000,0,0,0,700000,177000,523000,523000
00670L,富邦NASDAQ正2   ,80000,120000,-40000,0,0,0,0,0,0,556000,0,0,0,2828000,2272000,556000,516000
07263P,台積電元大99售37,0,0,0,0,0,0,0,0,0,511000,0,0,0,551000,40000,511000,511000
2845,遠東銀          ,1326000,803155,522845,0,0,0,0,0,0,-13000,0,13000,-13000,0,0,0,509845
2308,台達電          ,3420924,2896170,524754,0,0,0,2000,24000,-22000,7000,28000,18000,10000,8000,11000,-3000,509754
00678,群益NBI生技     ,482000,0,482000,0,0,0,0,0,0,24500,0,0,0,34000,9500,24500,506500
2342,茂矽            ,815000,312000,503000,0,0,0,0,0,0,0,0,0,0,0,0,0,503000
042953,鴻海台新01購01  ,0,0,0,0,0,0,0,0,0,501000,0,0,0,501000,0,501000,501000
041832,T50反1統一94購01,0,0,0,0,0,0,0,0,0,499000,0,0,0,499000,0,499000,499000
051234,南電群益95購02  ,0,0,0,0,0,0,0,0,0,499000,0,0,0,499000,0,499000,499000
04374P,深中小元大94售03,0,0,0,0,0,0,0,0,0,498000,0,0,0,498000,0,498000,498000
049491,聯發科元大95購01,0,0,0,0,0,0,0,0,0,495000,0,0,0,495000,0,495000,495000
5521,工信            ,616000,125000,491000,0,0,0,0,0,0,0,0,0,0,0,0,0,491000
3450,聯鈞            ,859000,366000,493000,0,0,0,0,0,0,-3000,28000,29000,-1000,6000,8000,-2000,490000
051107,鴻海統一95購05  ,0,0,0,0,0,0,0,0,0,490000,0,0,0,490000,0,490000,490000
059401,牧德元富99購01  ,0,0,0,0,0,0,0,0,0,487000,0,0,0,797000,310000,487000,487000
9938,百和            ,569000,602000,-33000,0,0,0,600000,0,600000,-82000,6000,90000,-84000,2000,0,2000,485000
1701,中化            ,688000,169000,519000,0,0,0,0,0,0,-39000,0,39000,-39000,0,0,0,480000
3033,威健            ,519000,41000,478000,0,0,0,0,0,0,0,0,0,0,0,0,0,478000
00652,富邦印度        ,437000,0,437000,0,0,0,0,0,0,41000,0,0,0,421000,380000,41000,478000
05359P,嘉澤元大95售02  ,0,0,0,0,0,0,0,0,0,478000,0,0,0,478000,0,478000,478000
058501,S&P正2元大99購01,0,0,0,0,0,0,0,0,0,476000,0,0,0,476000,0,476000,476000
8215,明基材          ,655000,184000,471000,0,0,0,0,0,0,0,0,0,0,0,0,0,471000
058380,臺股指凱基99購15,0,0,0,0,0,0,0,0,0,464000,0,0,0,464000,0,464000,464000
2601,益航            ,539000,77000,462000,0,0,0,0,0,0,0,0,0,0,0,0,0,462000
3189,景碩            ,1290000,1086000,204000,0,0,0,157000,0,157000,88000,116000,33000,83000,7000,2000,5000,449000
059343,宏達電凱基99購04,0,0,0,0,0,0,0,0,0,449000,0,0,0,593000,144000,449000,449000
058483,道瓊指國票9A購01,0,0,0,0,0,0,0,0,0,437000,0,0,0,437000,0,437000,437000
3380,明泰            ,662000,106000,556000,0,0,0,0,0,0,-123000,110000,162000,-52000,0,71000,-71000,433000
1736,喬山            ,512000,336000,176000,0,0,0,0,0,0,256000,246000,0,246000,18000,8000,10000,432000
051222,世紀鋼元富95購01,0,0,0,0,0,0,0,0,0,426000,0,0,0,426000,0,426000,426000
3704,合勤控          ,590000,158000,432000,0,0,0,0,0,0,-12000,0,0,0,10000,22000,-12000,420000
056757,T50反1元大98購07,0,0,0,0,0,0,0,0,0,418000,0,0,0,450000,32000,418000,418000
04794P,友達元大96售03  ,0,0,0,0,0,0,0,0,0,413000,0,0,0,413000,0,413000,413000
1718,中纖            ,769000,357739,411261,0,0,0,0,0,0,1689,0,0,0,2000,311,1689,412950
5469,瀚宇博          ,726000,332000,394000,0,0,0,0,0,0,11000,0,0,0,30000,19000,11000,405000
06025P,臺股指元大99售02,0,0,0,0,0,0,0,0,0,402000,0,0,0,994000,592000,402000,402000
053167,欣興群益96購03  ,0,0,0,0,0,0,0,0,0,400000,0,0,0,400000,0,400000,400000
054240,訊芯群益96購03  ,0,0,0,0,0,0,0,0,0,400000,0,0,0,400000,0,400000,400000
056571,燿華元大98購02  ,0,0,0,0,0,0,0,0,0,399000,0,0,0,400000,1000,399000,399000
05192P,玉晶光台新96售02,0,0,0,0,0,0,0,0,0,399000,0,0,0,412000,13000,399000,399000
047569,世紀鋼國票94購02,0,0,0,0,0,0,0,0,0,398000,0,0,0,398000,0,398000,398000
047161,世紀鋼國票94購01,0,0,0,0,0,0,0,0,0,398000,0,0,0,398000,0,398000,398000
00701,國泰股利精選30  ,24000,0,24000,0,0,0,0,0,0,370800,0,0,0,896000,525200,370800,394800
03677C,臺股指元大05牛02,0,0,0,0,0,0,0,0,0,391000,0,0,0,413000,22000,391000,391000
3706,神達            ,1544000,1092273,451727,0,0,0,0,0,0,-61000,1000,50000,-49000,8000,20000,-12000,390727
049408,旺宏日盛94購01  ,0,0,0,0,0,0,0,0,0,390000,0,0,0,390000,0,390000,390000
2404,漢唐            ,518000,174000,344000,0,0,0,0,0,0,44000,31000,0,31000,14000,1000,13000,388000
3596,智易            ,650000,253000,397000,0,0,0,0,0,0,-15000,0,11000,-11000,8000,12000,-4000,382000
1201,味全            ,518000,111000,407000,0,0,0,0,0,0,-26000,0,31000,-31000,15000,10000,5000,381000
9919,康那香          ,1082000,704000,378000,0,0,0,0,0,0,0,0,0,0,0,0,0,378000
2615,萬海            ,693000,313924,379076,0,0,0,0,0,0,-2000,0,2000,-2000,0,0,0,377076
4915,致伸            ,859000,513000,346000,0,0,0,0,0,0,31000,32000,1000,31000,0,0,0,377000
07292P,臺股指凱基99售44,0,0,0,0,0,0,0,0,0,373000,0,0,0,1558000,1185000,373000,373000
059566,台積電凱基9A購11,0,0,0,0,0,0,0,0,0,365000,0,0,0,647000,282000,365000,365000
055976,台積電統一99購03,0,0,0,0,0,0,0,0,0,364000,0,0,0,365000,1000,364000,364000
1402,遠東新          ,4938320,5040000,-101680,0,0,0,560000,0,560000,-97000,70000,167000,-97000,0,0,0,361320
4977,眾達-KY         ,609000,293000,316000,0,0,0,55000,0,55000,-14000,3000,17000,-14000,1000,1000,0,357000
3515,華擎            ,556000,302000,254000,0,0,0,49000,0,49000,52000,3000,3000,0,59000,7000,52000,355000
059293,宏達電元富9B購01,0,0,0,0,0,0,0,0,0,353000,0,0,0,360000,7000,353000,353000
1789,神隆            ,691000,331000,360000,0,0,0,0,0,0,-8000,0,8000,-8000,0,0,0,352000
050870,旭富永豐95購01  ,0,0,0,0,0,0,0,0,0,351000,0,0,0,351000,0,351000,351000
057342,玉晶光台新98購01,0,0,0,0,0,0,0,0,0,350000,0,0,0,360000,10000,350000,350000
07172P,臺股指國票99售09,0,0,0,0,0,0,0,0,0,345000,0,0,0,428000,83000,345000,345000
05634P,玉晶光台新97售01,0,0,0,0,0,0,0,0,0,340000,0,0,0,341000,1000,340000,340000
055850,聯詠元大97購06  ,0,0,0,0,0,0,0,0,0,339000,0,0,0,339000,0,339000,339000
056919,英業達兆豐98購01,0,0,0,0,0,0,0,0,0,333000,0,0,0,333000,0,333000,333000
2841,台開            ,595000,265000,330000,0,0,0,0,0,0,-3000,0,3000,-3000,0,0,0,327000
2897,王道銀行        ,549000,223000,326000,0,0,0,0,0,0,-6000,0,6000,-6000,0,0,0,320000
050665,南電台新94購01  ,0,0,0,0,0,0,0,0,0,320000,0,0,0,320000,0,320000,320000
059065,南電凱基9A購01  ,0,0,0,0,0,0,0,0,0,315000,0,0,0,440000,125000,315000,315000
2352,佳世達          ,1187000,844000,343000,0,0,0,0,0,0,-29000,0,34000,-34000,5000,0,5000,314000
1310,台苯            ,495000,184000,311000,0,0,0,0,0,0,0,0,0,0,0,0,0,311000
3019,亞光            ,725000,358000,367000,0,0,0,0,90000,-90000,33000,39000,17000,22000,21000,10000,11000,310000
05528P,臺股指群益96售01,0,0,0,0,0,0,0,0,0,310000,0,0,0,412000,102000,310000,310000
2204,中華            ,405000,96000,309000,0,0,0,0,0,0,-1000,0,1000,-1000,0,0,0,308000
052354,健策群益96購02  ,0,0,0,0,0,0,0,0,0,308000,0,0,0,308000,0,308000,308000
059341,台積電凱基99購15,0,0,0,0,0,0,0,0,0,307000,0,0,0,307000,0,307000,307000
2369,菱生            ,509000,208000,301000,0,0,0,0,0,0,0,0,0,0,0,0,0,301000
058665,台灣50群益9B購02,0,0,0,0,0,0,0,0,0,300000,0,0,0,300000,0,300000,300000
056961,凱美永豐98購01  ,0,0,0,0,0,0,0,0,0,300000,0,0,0,350000,50000,300000,300000
050108,鴻海元大94購13  ,0,0,0,0,0,0,0,0,0,300000,0,0,0,300000,0,300000,300000
8039,台虹            ,514000,208000,306000,0,0,0,0,0,0,-6000,4000,7000,-3000,1000,4000,-3000,300000
045869,滬深2X元富95購01,0,0,0,0,0,0,0,0,0,297000,0,0,0,297000,0,297000,297000
05446P,緯穎元大95售04  ,0,0,0,0,0,0,0,0,0,297000,0,0,0,370000,73000,297000,297000
6196,帆宣            ,411000,116000,295000,0,0,0,0,0,0,0,0,0,0,0,0,0,295000
020012,富邦行動通訊N   ,0,0,0,0,0,0,0,0,0,294000,0,0,0,368000,74000,294000,294000
1308,亞聚            ,450000,159000,291000,0,0,0,0,0,0,2000,2000,0,2000,0,0,0,293000
2836,高雄銀          ,539000,246000,293000,0,0,0,0,0,0,0,0,0,0,0,0,0,293000
06123P,玉晶光元大97售04,0,0,0,0,0,0,0,0,0,292000,0,0,0,305000,13000,292000,292000
057427,華通兆豐99購01  ,0,0,0,0,0,0,0,0,0,290000,0,0,0,290000,0,290000,290000
3443,創意            ,437019,170000,267019,0,0,0,18000,0,18000,4000,13000,12000,1000,3000,0,3000,289019
07276P,臺股指群益99售19,0,0,0,0,0,0,0,0,0,286000,0,0,0,904000,618000,286000,286000
07126P,台積電元大99售23,0,0,0,0,0,0,0,0,0,286000,0,0,0,286000,0,286000,286000
3698,隆達            ,432000,144000,288000,0,0,0,0,0,0,-4000,40000,56000,-16000,12000,0,12000,284000
00647L,元大S&P500正2   ,64000,64000,0,0,0,0,0,0,0,284000,0,0,0,2299000,2015000,284000,284000
2382,廣達            ,3981500,3705000,276500,0,0,0,1000,78000,-77000,84000,109000,42000,67000,34000,17000,17000,283500
049393,世紀鋼第一94購01,0,0,0,0,0,0,0,0,0,280000,0,0,0,280000,0,280000,280000
056749,滬深2X兆豐99購01,0,0,0,0,0,0,0,0,0,280000,0,0,0,290000,10000,280000,280000
059387,華通凱基9A購03  ,0,30000,-30000,0,0,0,0,0,0,307000,0,0,0,330000,23000,307000,277000
3705,永信            ,368000,75000,293000,0,0,0,0,0,0,-17000,0,17000,-17000,0,0,0,276000
3038,全台            ,614000,339000,275000,0,0,0,0,0,0,0,0,0,0,0,0,0,275000
3062,建漢            ,373000,100000,273000,0,0,0,0,0,0,0,0,0,0,0,0,0,273000
2349,錸德            ,531000,258092,272908,0,0,0,0,0,0,0,0,0,0,0,0,0,272908
6452,康友-KY         ,370000,90752,279248,0,0,0,0,0,0,-8795,0,5795,-5795,1000,4000,-3000,270453
058297,茂林凱基9A購02  ,0,0,0,0,0,0,0,0,0,268000,0,0,0,268000,0,268000,268000
2501,國建            ,497000,228300,268700,0,0,0,0,0,0,-2000,0,2000,-2000,0,0,0,266700
9802,鈺齊-KY         ,411000,300000,111000,0,0,0,150000,0,150000,4000,0,3000,-3000,8000,1000,7000,265000
07306P,台灣50凱基9A售09,0,0,0,0,0,0,0,0,0,261000,0,0,0,290000,29000,261000,261000
044974,鴻海國票94購01  ,0,0,0,0,0,0,0,0,0,260000,0,0,0,260000,0,260000,260000
6285,啟碁            ,744000,469608,274392,0,0,0,0,0,0,-16000,20000,36000,-16000,1000,1000,0,258392
00640L,富邦日本正2     ,0,0,0,0,0,0,0,0,0,258000,0,0,0,736000,478000,258000,258000
9939,宏全            ,396000,138000,258000,0,0,0,8000,0,8000,-8000,1000,10000,-9000,1000,0,1000,258000
07312P,台灣50元大99售10,0,0,0,0,0,0,0,0,0,256000,0,0,0,387000,131000,256000,256000
03650C,T50反1元大98牛05,0,0,0,0,0,0,0,0,0,251000,0,0,0,256000,5000,251000,251000
8081,致新            ,380000,180000,200000,0,0,0,66000,0,66000,-16000,1000,1000,0,1000,17000,-16000,250000
2809,京城銀          ,1357000,835000,522000,0,0,0,0,288000,-288000,15000,17000,2000,15000,0,0,0,249000
051403,玉晶光永豐95購05,0,0,0,0,0,0,0,0,0,249000,0,0,0,283000,34000,249000,249000
054101,茂林國票97購04  ,0,0,0,0,0,0,0,0,0,246000,0,0,0,246000,0,246000,246000
052597,茂林群益96購01  ,0,0,0,0,0,0,0,0,0,246000,0,0,0,246000,0,246000,246000
07305P,T50正2群益99售02,0,0,0,0,0,0,0,0,0,245000,0,0,0,405000,160000,245000,245000
059254,台表科凱基9A購02,0,0,0,0,0,0,0,0,0,242000,0,0,0,242000,0,242000,242000
055666,鴻海群益97購05  ,0,0,0,0,0,0,0,0,0,242000,0,0,0,242000,0,242000,242000
5388,中磊            ,348000,111000,237000,0,0,0,0,0,0,3000,3000,0,3000,1000,1000,0,240000
2392,正崴            ,566000,369000,197000,0,0,0,0,0,0,42000,35000,0,35000,7000,0,7000,239000
3661,世芯-KY         ,822000,610000,212000,0,0,0,0,0,0,26000,0,0,0,38000,12000,26000,238000
3023,信邦            ,787000,539223,247777,0,0,0,8000,0,8000,-20000,0,15000,-15000,0,5000,-5000,235777
07165P,臺股指群益99售16,0,0,0,0,0,0,0,0,0,234000,0,0,0,237000,3000,234000,234000
050714,深中小群益98購01,0,0,0,0,0,0,0,0,0,234000,0,0,0,266000,32000,234000,234000
6592,和潤企業        ,316000,82000,234000,0,0,0,0,0,0,0,0,0,0,0,0,0,234000
057546,台積電凱基02購01,0,0,0,0,0,0,0,0,0,233000,0,0,0,233000,0,233000,233000
04863P,技嘉元大94售02  ,0,0,0,0,0,0,0,0,0,232000,0,0,0,232000,0,232000,232000
055079,台光電中信97購01,0,0,0,0,0,0,0,0,0,230000,0,0,0,230000,0,230000,230000
8028,昇陽半導體      ,563000,322000,241000,0,0,0,0,0,0,-11000,0,10000,-10000,1000,2000,-1000,230000
07314P,T50正2元大9C售03,0,0,0,0,0,0,0,0,0,229000,0,0,0,250000,21000,229000,229000
05038P,牧德元大95售03  ,0,0,0,0,0,0,0,0,0,229000,0,0,0,239000,10000,229000,229000
03435B,臺股指凱基99熊29,0,0,0,0,0,0,0,0,0,228000,0,0,0,269000,41000,228000,228000
06212P,華新科元大97售11,0,0,0,0,0,0,0,0,0,225000,0,0,0,231000,6000,225000,225000
052890,FB上証群益9B購01,0,0,0,0,0,0,0,0,0,225000,0,0,0,225000,0,225000,225000
1215,卜蜂            ,390000,600000,-210000,0,0,0,293000,0,293000,141000,0,0,0,141000,0,141000,224000
059181,世紀鋼元富9C購01,0,0,0,0,0,0,0,0,0,221000,0,0,0,221000,0,221000,221000
06738P,瑞昱兆豐98售02  ,0,0,0,0,0,0,0,0,0,221000,0,0,0,221000,0,221000,221000
05299P,旺宏元大95售04  ,0,0,0,0,0,0,0,0,0,220000,0,0,0,222000,2000,220000,220000
054943,群光元大97購01  ,0,0,0,0,0,0,0,0,0,220000,0,0,0,378000,158000,220000,220000
059397,T50反1元富99購05,0,0,0,0,0,0,0,0,0,218000,0,0,0,668000,450000,218000,218000
059558,T50正2凱基9C購03,0,0,0,0,0,0,0,0,0,217000,0,0,0,252000,35000,217000,217000
057813,京元電元大98購03,0,0,0,0,0,0,0,0,0,217000,0,0,0,471000,254000,217000,217000
058383,道瓊指中信9C購02,0,0,0,0,0,0,0,0,0,216000,0,0,0,216000,0,216000,216000
07174P,臺股指國票99售11,0,0,0,0,0,0,0,0,0,215000,0,0,0,313000,98000,215000,215000
2455,全新            ,713000,469500,243500,0,0,0,0,0,0,-30000,60000,90000,-30000,12000,12000,0,213500
059011,臺股指元大9A購30,0,0,0,0,0,0,0,0,0,213000,0,0,0,229000,16000,213000,213000
049130,臺指反元大98購01,0,0,0,0,0,0,0,0,0,212000,0,0,0,212000,0,212000,212000
2314,台揚            ,331000,121000,210000,0,0,0,0,0,0,1000,0,0,0,6000,5000,1000,211000
04316P,華新科國票94售05,0,0,0,0,0,0,0,0,0,210000,0,0,0,452000,242000,210000,210000
053036,聯電凱基98購01  ,0,0,0,0,0,0,0,0,0,210000,0,0,0,210000,0,210000,210000
2316,楠梓電          ,538000,311000,227000,0,0,0,0,0,0,-18000,0,45000,-45000,27000,0,27000,209000
048788,華新科元大95購02,0,0,0,0,0,0,0,0,0,209000,0,0,0,209000,0,209000,209000
1513,中興電          ,303000,185000,118000,0,0,0,0,0,0,90000,121000,31000,90000,0,0,0,208000
059051,和大凱基9A購01  ,0,0,0,0,0,0,0,0,0,208000,0,0,0,824000,616000,208000,208000
058970,鴻海永豐99購02  ,0,0,0,0,0,0,0,0,0,208000,0,0,0,258000,50000,208000,208000
059416,T50反1元大99購08,0,0,0,0,0,0,0,0,0,207000,0,0,0,250000,43000,207000,207000
1515,力山            ,651000,447000,204000,0,0,0,0,0,0,0,0,0,0,0,0,0,204000
07277P,臺股指群益99售20,0,0,0,0,0,0,0,0,0,204000,0,0,0,210000,6000,204000,204000
048527,鴻海國票94購02  ,0,0,0,0,0,0,0,0,0,204000,0,0,0,204000,0,204000,204000
04604P,華新科國票95售01,0,0,0,0,0,0,0,0,0,204000,0,0,0,243000,39000,204000,204000
06847P,奇力新元大98售05,0,0,0,0,0,0,0,0,0,200000,0,0,0,200000,0,200000,200000
050910,楠梓電中信95購01,0,0,0,0,0,0,0,0,0,200000,0,0,0,200000,0,200000,200000
050230,聯發科麥證94購02,0,0,0,200000,0,200000,0,0,0,200000,0,0,0,200000,0,200000,200000
049780,智易統一94購02  ,0,0,0,0,0,0,0,0,0,200000,0,0,0,200000,0,200000,200000
053165,大立光群益96購03,0,0,0,0,0,0,0,0,0,200000,0,0,0,200000,0,200000,200000
053457,旺宏國泰98購03  ,0,0,0,0,0,0,0,0,0,200000,0,0,0,200000,0,200000,200000
054450,聯茂第一96購01  ,0,0,0,0,0,0,0,0,0,200000,0,0,0,200000,0,200000,200000
054320,國喬台新96購01  ,0,0,0,0,0,0,0,0,0,200000,0,0,0,200000,0,200000,200000
056774,和鑫元大98購01  ,0,0,0,0,0,0,0,0,0,200000,0,0,0,250000,50000,200000,200000
07224P,鴻海元大9A售02  ,0,0,0,0,0,0,0,0,0,199000,0,0,0,209000,10000,199000,199000
1733,五鼎            ,232000,32000,200000,0,0,0,0,0,0,-1000,1000,2000,-1000,0,0,0,199000
3006,晶豪科          ,425000,228000,197000,0,0,0,0,0,0,2000,13000,9000,4000,0,2000,-2000,199000
3535,晶彩科          ,263000,64000,199000,0,0,0,0,0,0,0,0,0,0,0,0,0,199000
051001,緯穎元大96購02  ,0,0,0,0,0,0,0,0,0,199000,0,0,0,199000,0,199000,199000
058613,茂林元大99購03  ,0,0,0,0,0,0,0,0,0,198000,0,0,0,500000,302000,198000,198000
059395,T50反1元富99購03,0,0,0,0,0,0,0,0,0,197000,0,0,0,1556000,1359000,197000,197000
058245,訊連元大99購01  ,0,0,0,0,0,0,0,0,0,194000,0,0,0,200000,6000,194000,194000
057467,祥碩永豐98購04  ,0,0,0,0,0,0,0,0,0,193000,0,0,0,193000,0,193000,193000
052453,崇越元大95購01  ,0,0,0,0,0,0,0,0,0,192000,0,0,0,649000,457000,192000,192000
3530,晶相光          ,412000,220000,192000,0,0,0,0,0,0,-1000,0,0,0,0,1000,-1000,191000
054072,台積電富邦98購02,0,0,0,0,0,0,0,0,0,191000,0,0,0,191000,0,191000,191000
051463,世芯國泰97購02  ,0,0,0,0,0,0,0,0,0,191000,0,0,0,191000,0,191000,191000
2535,達欣工          ,147000,77000,70000,0,0,0,0,0,0,120000,120000,0,120000,0,0,0,190000
6456,GIS-KY          ,442000,254000,188000,0,0,0,0,0,0,2000,1000,1000,0,4000,2000,2000,190000
3041,揚智            ,416000,206000,210000,0,0,0,0,0,0,-22000,0,22000,-22000,0,0,0,188000
059663,旭富元大9C購02  ,0,0,0,0,0,0,0,0,0,187000,0,0,0,412000,225000,187000,187000
05194P,玉晶光康和95售01,0,0,0,0,0,0,0,0,0,187000,0,0,0,232000,45000,187000,187000
07317P,T50正2凱基9B售02,0,0,0,0,0,0,0,0,0,186000,0,0,0,288000,102000,186000,186000
053851,鴻海國泰98購03  ,0,0,0,0,0,0,0,0,0,186000,0,0,0,196000,10000,186000,186000
1210,大成            ,699000,526693,172307,0,0,0,0,0,0,12550,0,11450,-11450,24000,0,24000,184857
2606,裕民            ,317000,133000,184000,0,0,0,0,0,0,0,0,0,0,0,0,0,184000
051721,玉晶光永豐96購02,0,0,0,0,0,0,0,0,0,184000,0,0,0,398000,214000,184000,184000
00851,台新全球AI      ,0,0,0,0,0,0,0,0,0,184000,0,0,0,215000,31000,184000,184000
03647C,T50反1元富99牛02,0,0,0,0,0,0,0,0,0,183000,0,0,0,203000,20000,183000,183000
1795,美時            ,238000,49000,189000,0,0,0,0,7000,-7000,0,2000,2000,0,0,0,0,182000
057563,旭富國泰9A購01  ,0,0,0,0,0,0,0,0,0,181000,0,0,0,181000,0,181000,181000
8105,凌巨            ,322000,141000,181000,0,0,0,0,0,0,0,0,0,0,0,0,0,181000
1522,堤維西          ,327000,147000,180000,0,0,0,0,0,0,0,0,0,0,0,0,0,180000
07260P,台灣50元大9A售01,0,0,0,0,0,0,0,0,0,180000,0,0,0,292000,112000,180000,180000
049008,傳奇中信95購01  ,0,0,0,0,0,0,0,0,0,180000,0,0,0,180000,0,180000,180000
03935P,可成富邦95售01  ,0,0,0,0,0,0,0,0,0,180000,0,0,0,190000,10000,180000,180000
6288,聯嘉            ,446000,262000,184000,0,0,0,0,0,0,-4000,3000,7000,-4000,0,0,0,180000
6552,易華電          ,296000,116000,180000,0,0,0,0,0,0,0,0,0,0,0,0,0,180000
3533,嘉澤            ,230000,118171,111829,0,0,0,58000,0,58000,10000,11000,7000,4000,6000,0,6000,179829
1730,花仙子          ,222000,36000,186000,0,0,0,0,0,0,-7000,0,7000,-7000,0,0,0,179000
2328,廣宇            ,571000,393000,178000,0,0,0,0,0,0,1000,2000,1000,1000,0,0,0,179000
6116,彩晶            ,2915000,2688000,227000,0,0,0,0,0,0,-49000,10000,12000,-2000,3000,50000,-47000,178000
053860,台積電元大98購03,0,0,0,0,0,0,0,0,0,177000,0,0,0,177000,0,177000,177000
053145,元黃金元大96購02,0,0,0,0,0,0,0,0,0,175000,0,0,0,175000,0,175000,175000
1907,永豐餘          ,468000,297000,171000,0,0,0,0,0,0,2000,2000,0,2000,0,0,0,173000
2329,華泰            ,498000,325000,173000,0,0,0,0,0,0,-2000,0,1000,-1000,0,1000,-1000,171000
05921P,同欣電元大96售06,0,0,0,0,0,0,0,0,0,168000,0,0,0,215000,47000,168000,168000
06866P,聯發科元大98售13,0,0,0,0,0,0,0,0,0,168000,0,0,0,168000,0,168000,168000
059426,鴻海元大99購31  ,0,0,0,0,0,0,0,0,0,168000,0,0,0,206000,38000,168000,168000
052231,景碩凱基96購01  ,0,0,0,0,0,0,0,0,0,168000,0,0,0,168000,0,168000,168000
059529,華新科凱基9A購04,0,0,0,0,0,0,0,0,0,167000,0,0,0,291000,124000,167000,167000
04925P,和碩元大94售03  ,0,0,0,0,0,0,0,0,0,167000,0,0,0,181000,14000,167000,167000
058147,鈺齊元大99購01  ,0,0,0,0,0,0,0,0,0,166000,0,0,0,166000,0,166000,166000
1217,愛之味          ,302000,124000,178000,0,0,0,0,0,0,-12000,0,12000,-12000,0,0,0,166000
058996,台達電元大99購02,0,0,0,0,0,0,0,0,0,165000,0,0,0,190000,25000,165000,165000
3605,宏致            ,209000,45000,164000,0,0,0,0,0,0,0,0,0,0,0,0,0,164000
05581P,華新科凱基96售07,0,0,0,0,0,0,0,0,0,164000,0,0,0,164000,0,164000,164000
07257P,臺股指凱基99售37,0,0,0,0,0,0,0,0,0,163000,0,0,0,380000,217000,163000,163000
051927,國巨中信96購01  ,0,0,0,0,0,0,0,0,0,163000,0,0,0,163000,0,163000,163000
6531,愛普            ,599000,440000,159000,0,0,0,0,0,0,4000,4000,0,4000,0,0,0,163000
058149,百和元大99購02  ,0,0,0,0,0,0,0,0,0,162000,0,0,0,162000,0,162000,162000
053597,牧德元大99購01  ,0,0,0,0,0,0,0,0,0,162000,0,0,0,190000,28000,162000,162000
053413,台積電國票99購01,0,0,0,0,0,0,0,0,0,161000,0,0,0,161000,0,161000,161000
2461,光群雷          ,180000,20000,160000,0,0,0,0,0,0,0,0,0,0,0,0,0,160000
051798,國巨永豐95購03  ,0,0,0,0,0,0,0,0,0,160000,0,0,0,160000,0,160000,160000
04373P,滬深2X元大97售01,0,0,0,0,0,0,0,0,0,160000,0,0,0,160000,0,160000,160000
07324P,台積電元大99售40,0,0,0,0,0,0,0,0,0,159000,0,0,0,625000,466000,159000,159000
056693,國產群益98購01  ,0,0,0,0,0,0,0,0,0,158000,0,0,0,158000,0,158000,158000
054215,創意國票97購02  ,0,0,0,0,0,0,0,0,0,158000,0,0,0,183000,25000,158000,158000
07074P,FBVIX凱基9A售01 ,0,0,0,0,0,0,0,0,0,157000,0,0,0,157000,0,157000,157000
6214,精誠            ,172000,48000,124000,0,0,0,0,0,0,32000,35000,3000,32000,0,0,0,156000
059160,華通凱基99購03  ,0,0,0,0,0,0,0,0,0,155000,0,0,0,176000,21000,155000,155000
03674C,臺股指元富9C牛02,0,0,0,0,0,0,0,0,0,155000,0,0,0,155000,0,155000,155000
07158P,FBVIX國泰9C售01 ,0,0,0,0,0,0,0,0,0,154000,0,0,0,177000,23000,154000,154000
059438,群創元大99購06  ,0,0,0,0,0,0,0,0,0,154000,0,0,0,304000,150000,154000,154000
059676,台積電台新99購05,0,0,0,0,0,0,0,0,0,154000,0,0,0,207000,53000,154000,154000
056061,國泰金元大97購02,0,0,0,0,0,0,0,0,0,154000,0,0,0,175000,21000,154000,154000
3673,TPK-KY          ,861000,731000,130000,0,0,0,0,0,0,23000,18000,4000,14000,9000,0,9000,153000
050685,緯穎元富94購02  ,0,0,0,0,0,0,0,0,0,152000,0,0,0,152000,0,152000,152000
07282P,聯發科凱基99售17,0,0,0,0,0,0,0,0,0,151000,0,0,0,493000,342000,151000,151000
056017,台積電群益97購04,0,0,0,0,0,0,0,0,0,151000,0,0,0,151000,0,151000,151000
057851,鴻海國票99購06  ,0,0,0,0,0,0,0,0,0,150000,0,0,0,150000,0,150000,150000
052169,鴻海元大97購02  ,0,0,0,0,0,0,0,0,0,150000,0,0,0,150000,0,150000,150000
051919,台郡元大96購02  ,0,0,0,0,0,0,0,0,0,150000,0,0,0,150000,0,150000,150000
045795,瀚宇博兆豐94購01,0,0,0,0,0,0,0,0,0,150000,0,0,0,150000,0,150000,150000
057691,健策凱基99購01  ,0,0,0,0,0,0,0,0,0,150000,0,0,0,150000,0,150000,150000
057230,建準凱基98購02  ,0,0,0,0,0,0,0,0,0,149000,0,0,0,185000,36000,149000,149000
4943,康控-KY         ,559000,403000,156000,0,0,0,0,0,0,-7000,2000,39000,-37000,34000,4000,30000,149000
1218,泰山            ,267247,111000,156247,0,0,0,0,0,0,-8000,0,8000,-8000,0,0,0,148247
2484,希華            ,215000,66000,149000,0,0,0,0,0,0,-1000,0,1000,-1000,0,0,0,148000
07281P,鴻海凱基99售13  ,0,0,0,0,0,0,0,0,0,145000,0,0,0,273000,128000,145000,145000
07119P,台積電凱基9A售08,0,0,0,0,0,0,0,0,0,145000,0,0,0,145000,0,145000,145000
04197P,台積電亞東94售01,0,0,0,0,0,0,0,0,0,145000,0,0,0,145000,0,145000,145000
6668,中揚光          ,225000,79000,146000,0,0,0,0,0,0,-1000,0,1000,-1000,0,0,0,145000
4934,太極            ,332000,188000,144000,0,0,0,0,0,0,0,0,0,0,0,0,0,144000
06901P,亞德客凱基98售02,0,0,0,0,0,0,0,0,0,142000,0,0,0,162000,20000,142000,142000
059177,臺股指凱基99購28,0,0,0,0,0,0,0,0,0,142000,0,0,0,142000,0,142000,142000
059255,臺股指凱基99購33,0,0,0,0,0,0,0,0,0,142000,0,0,0,152000,10000,142000,142000
059308,T50反1元大99購07,0,0,0,0,0,0,0,0,0,142000,0,0,0,178000,36000,142000,142000
04894P,世紀鋼元大94售02,0,0,0,0,0,0,0,0,0,141000,0,0,0,141000,0,141000,141000
03737P,臺股指中信95售01,0,0,0,0,0,0,0,0,0,141000,0,0,0,141000,0,141000,141000
9917,中保科          ,170000,33000,137000,0,0,0,0,0,0,4000,4000,0,4000,0,0,0,141000
07325P,台積電元大99售41,0,0,0,0,0,0,0,0,0,140000,0,0,0,362000,222000,140000,140000
050759,貿聯元富94購02  ,0,0,0,0,0,0,0,0,0,140000,0,0,0,140000,0,140000,140000
050441,和碩凱基94購01  ,0,0,0,0,0,0,0,0,0,139000,0,0,0,161000,22000,139000,139000
055538,鴻海日盛97購04  ,0,0,0,0,0,0,0,0,0,138000,0,0,0,208000,70000,138000,138000
2027,大成鋼          ,1430000,1348443,81557,0,0,0,0,0,0,56000,6000,0,6000,84000,34000,50000,137557
2481,強茂            ,718000,538700,179300,0,0,0,0,0,0,-42000,0,51000,-51000,9000,0,9000,137300
2405,浩鑫            ,212000,75000,137000,0,0,0,0,0,0,0,0,0,0,0,0,0,137000
052191,超眾群益96購01  ,0,0,0,0,0,0,0,0,0,137000,0,0,0,137000,0,137000,137000
06177P,玉晶光元大98售07,0,0,0,0,0,0,0,0,0,136000,0,0,0,203000,67000,136000,136000
051249,潤泰全元大95購01,0,0,0,0,0,0,0,0,0,136000,0,0,0,136000,0,136000,136000
07293P,臺股指凱基99售45,0,0,0,0,0,0,0,0,0,134000,0,0,0,722000,588000,134000,134000
07026P,超眾凱基99售03  ,0,0,0,0,0,0,0,0,0,133000,0,0,0,245000,112000,133000,133000
057272,台積電元大98購14,0,0,0,0,0,0,0,0,0,133000,0,0,0,134000,1000,133000,133000
049702,台表科元大95購03,0,0,0,0,0,0,0,0,0,133000,0,0,0,133000,0,133000,133000
06802P,緯穎群益98售03  ,0,0,0,0,0,0,0,0,0,132000,0,0,0,132000,0,132000,132000
07266P,大立光元大99售19,0,0,0,0,0,0,0,0,0,132000,0,0,0,753000,621000,132000,132000
2485,兆赫            ,183000,36000,147000,0,0,0,0,0,0,-16000,0,0,0,6000,22000,-16000,131000
059649,矽力凱基99購02  ,0,0,0,0,0,0,0,0,0,131000,0,0,0,136000,5000,131000,131000
059277,群創元大99購05  ,0,0,0,0,0,0,0,0,0,131000,0,0,0,136000,5000,131000,131000
6120,達運            ,359000,226000,133000,0,0,0,0,0,0,-2000,0,2000,-2000,0,0,0,131000
050613,台光電元大94購09,0,0,0,0,0,0,0,0,0,130000,0,0,0,130000,0,130000,130000
050922,南亞科凱基95購02,0,0,0,0,0,0,0,0,0,130000,0,0,0,130000,0,130000,130000
04776P,聯發科凱基94售06,0,0,0,0,0,0,0,0,0,130000,0,0,0,412000,282000,130000,130000
054347,上緯控國票96購02,0,0,0,0,0,0,0,0,0,130000,0,0,0,160000,30000,130000,130000
03619C,臺股指元大95牛02,0,0,0,0,0,0,0,0,0,127000,0,0,0,215000,88000,127000,127000
00665L,富邦恒生國企正2 ,74000,11000,63000,0,0,0,0,0,0,64000,0,0,0,102000,38000,64000,127000
051902,T50反1元大97購01,0,0,0,0,0,0,0,0,0,126000,0,0,0,150000,24000,126000,126000
053710,華通凱基96購05  ,0,0,0,0,0,0,0,0,0,126000,0,0,0,146000,20000,126000,126000
054180,亞泥康和96購01  ,0,0,0,0,0,0,0,0,0,126000,0,0,0,133000,7000,126000,126000
06593P,欣興元大98售05  ,0,0,0,0,0,0,0,0,0,126000,0,0,0,183000,57000,126000,126000
6197,佳必琪          ,237750,89000,148750,0,0,0,0,0,0,-23000,0,23000,-23000,0,0,0,125750
2006,東和鋼鐵        ,481000,357000,124000,0,0,0,0,0,0,1000,2000,1000,1000,0,0,0,125000
9933,中鼎            ,534000,411000,123000,0,0,0,0,0,0,2000,3000,1000,2000,0,0,0,125000
06650P,聯發科元大98售09,0,0,0,0,0,0,0,0,0,124000,0,0,0,124000,0,124000,124000
06983P,台積電國泰9A售02,0,0,0,0,0,0,0,0,0,123000,0,0,0,123000,0,123000,123000
055373,聯詠元大97購03  ,0,0,0,0,0,0,0,0,0,123000,0,0,0,123000,0,123000,123000
00757,統一FANG+       ,0,0,0,0,0,0,0,0,0,123000,0,0,0,325000,202000,123000,123000
07233P,台灣50元大99售04,0,0,0,0,0,0,0,0,0,121000,0,0,0,432000,311000,121000,121000
055772,致茂凱基97購01  ,0,0,0,0,0,0,0,0,0,120000,0,0,0,120000,0,120000,120000
056616,台光電永豐98購01,0,0,0,0,0,0,0,0,0,120000,0,0,0,130000,10000,120000,120000
054197,台積電永昌96購07,0,0,0,0,0,0,0,0,0,119000,0,0,0,119000,0,119000,119000
057431,京鼎兆豐98購02  ,0,0,0,0,0,0,0,0,0,118000,0,0,0,118000,0,118000,118000
059650,緯穎凱基99購04  ,0,0,0,0,0,0,0,0,0,117000,0,0,0,260000,143000,117000,117000
4164,承業醫          ,156000,38000,118000,0,0,0,0,0,0,-2000,1000,3000,-2000,0,0,0,116000
3048,益登            ,274000,159000,115000,0,0,0,0,0,0,-1000,2000,3000,-1000,0,0,0,114000
03050X,元展47          ,0,0,0,0,0,0,0,0,0,114000,0,0,0,114000,0,114000,114000
050514,聯電元大94購01  ,0,0,0,0,0,0,0,0,0,114000,0,0,0,114000,0,114000,114000
058992,上証反元大99購02,0,0,0,0,0,0,0,0,0,113000,0,0,0,158000,45000,113000,113000
07310P,大立光凱基99售12,0,0,0,0,0,0,0,0,0,113000,0,0,0,119000,6000,113000,113000
05017P,臺股指元大95售08,0,0,0,0,0,0,0,0,0,113000,0,0,0,113000,0,113000,113000
05817P,可成凱基96售07  ,0,0,0,0,0,0,0,0,0,112000,0,0,0,127000,15000,112000,112000
06654P,欣興元大98售08  ,0,0,0,0,0,0,0,0,0,112000,0,0,0,137000,25000,112000,112000
2548,華固            ,290000,180000,110000,0,0,0,0,0,0,1000,1000,0,1000,0,0,0,111000
3149,正達            ,120000,10000,110000,0,0,0,0,0,0,0,0,0,0,0,0,0,110000
057265,聯詠兆豐98購01  ,0,0,0,0,0,0,0,0,0,110000,0,0,0,110000,0,110000,110000
055407,祥碩國泰98購01  ,0,0,0,0,0,0,0,0,0,110000,0,0,0,127000,17000,110000,110000
052685,技嘉元大96購01  ,0,0,0,0,0,0,0,0,0,110000,0,0,0,120000,10000,110000,110000
050587,緯穎國票94購02  ,0,0,0,0,0,0,0,0,0,110000,0,0,0,110000,0,110000,110000
052041,鴻海日盛95購02  ,0,0,0,0,0,0,0,0,0,110000,0,0,0,110000,0,110000,110000
044049,元金2X元大94購03,0,0,0,0,0,0,0,0,0,110000,0,0,0,110000,0,110000,110000
04890P,台積電元大95售05,0,0,0,0,0,0,0,0,0,110000,0,0,0,110000,0,110000,110000
07283P,華新科凱基99售07,0,0,0,0,0,0,0,0,0,109000,0,0,0,133000,24000,109000,109000
07173P,臺股指國票99售10,0,0,0,0,0,0,0,0,0,109000,0,0,0,112000,3000,109000,109000
057986,華新科元富99購05,0,0,0,0,0,0,0,0,0,108000,0,0,0,108000,0,108000,108000
04915P,鴻海永昌96售02  ,0,0,0,0,0,0,0,0,0,108000,0,0,0,108000,0,108000,108000
050218,世紀鋼統一94購02,0,0,0,0,0,0,0,0,0,108000,0,0,0,108000,0,108000,108000
3413,京鼎            ,258000,153050,104950,0,0,0,0,0,0,3000,0,0,0,5000,2000,3000,107950
059007,南電元大99購05  ,0,0,0,0,0,0,0,0,0,107000,0,0,0,306000,199000,107000,107000
04552P,南電元大94售06  ,0,0,0,0,0,0,0,0,0,107000,0,0,0,127000,20000,107000,107000
058021,牧德凱基98購02  ,0,0,0,0,0,0,0,0,0,106000,0,0,0,116000,10000,106000,106000
057507,貿聯國票98購02  ,0,0,0,0,0,0,0,0,0,106000,0,0,0,133000,27000,106000,106000
03657C,T50反1元大99牛01,0,0,0,0,0,0,0,0,0,106000,0,0,0,251000,145000,106000,106000
057071,華擎永豐98購02  ,0,0,0,0,0,0,0,0,0,106000,0,0,0,106000,0,106000,106000
058644,元黃金富邦03購01,0,0,0,0,0,0,0,0,0,105000,0,0,0,105000,0,105000,105000
06150P,奇力新元大97售06,0,0,0,0,0,0,0,0,0,105000,0,0,0,208000,103000,105000,105000
052167,亞泥元大96購01  ,0,0,0,0,0,0,0,0,0,105000,0,0,0,105000,0,105000,105000
05360P,健策元大95售03  ,0,0,0,0,0,0,0,0,0,105000,0,0,0,105000,0,105000,105000
05912P,和大元大96售01  ,0,0,0,0,0,0,0,0,0,105000,0,0,0,137000,32000,105000,105000
9914,美利達          ,651000,1049000,-398000,0,0,0,502000,0,502000,1000,1000,0,1000,0,0,0,105000
6112,聚碩            ,149000,44000,105000,0,0,0,0,0,0,0,0,0,0,0,0,0,105000
051684,瑞昱凱基95購02  ,0,0,0,0,0,0,0,0,0,104000,0,0,0,155000,51000,104000,104000
4137,麗豐-KY         ,174000,83000,91000,0,0,0,1000,0,1000,11000,0,0,0,11000,0,11000,103000
2480,敦陽科          ,137000,33000,104000,0,0,0,0,0,0,-1000,1000,2000,-1000,0,0,0,103000
05851P,力山群益97售01  ,0,0,0,0,0,0,0,0,0,103000,0,0,0,108000,5000,103000,103000
058526,鈺齊元大99購02  ,0,0,0,0,0,0,0,0,0,102000,0,0,0,102000,0,102000,102000
07131P,緯穎元大99售06  ,0,0,0,0,0,0,0,0,0,102000,0,0,0,335000,233000,102000,102000
07134P,臺股指元大9A售28,0,0,0,0,0,0,0,0,0,102000,0,0,0,660000,558000,102000,102000
07234P,台灣50元大9B售04,0,0,0,0,0,0,0,0,0,102000,0,0,0,102000,0,102000,102000
3029,零壹            ,208000,104000,104000,0,0,0,0,0,0,-2000,10000,12000,-2000,0,0,0,102000
2642,宅配通          ,112000,10000,102000,0,0,0,0,0,0,0,0,0,0,0,0,0,102000
00714,群益道瓊美國地產,0,0,0,0,0,0,0,0,0,102000,0,0,0,114000,12000,102000,102000
058406,聯茂元大99購06  ,0,0,0,0,0,0,0,0,0,101000,0,0,0,101000,0,101000,101000
057493,聯詠元大98購02  ,0,0,0,0,0,0,0,0,0,101000,0,0,0,101000,0,101000,101000
1902,台紙            ,255000,154000,101000,0,0,0,0,0,0,0,0,0,0,0,0,0,101000
056754,智易兆豐99購01  ,0,0,0,0,0,0,0,0,0,101000,0,0,0,101000,0,101000,101000
054932,台肥元大97購01  ,0,0,0,0,0,0,0,0,0,101000,0,0,0,101000,0,101000,101000
8271,宇瞻            ,332000,231000,101000,0,0,0,0,0,0,0,0,0,0,0,0,0,101000
057404,貿聯群益99購01  ,0,0,0,0,0,0,0,0,0,100000,0,0,0,100000,0,100000,100000
057307,瀚宇博兆豐99購01,0,0,0,0,0,0,0,0,0,100000,0,0,0,100000,0,100000,100000
058521,日月光元大99購01,0,0,0,0,0,0,0,0,0,100000,0,0,0,100000,0,100000,100000
058507,美律元大9A購01  ,0,0,0,0,0,0,0,0,0,100000,0,0,0,100000,0,100000,100000
057839,台積電富邦9A購02,0,0,0,0,0,0,0,0,0,100000,0,0,0,100000,0,100000,100000
057886,聯詠群益98購01  ,0,0,0,0,0,0,0,0,0,100000,0,0,0,100000,0,100000,100000
07225P,台積電元大99售33,0,0,0,0,0,0,0,0,0,100000,0,0,0,100000,0,100000,100000
058270,上緯控永豐99購01,0,0,0,0,0,0,0,0,0,100000,0,0,0,110000,10000,100000,100000
055024,興勤國泰98購01  ,0,0,0,0,0,0,0,0,0,100000,0,0,0,100000,0,100000,100000
056694,欣興群益98購04  ,0,0,0,0,0,0,0,0,0,100000,0,0,0,100000,0,100000,100000
053033,智易兆豐97購01  ,0,0,0,0,0,0,0,0,0,100000,0,0,0,100000,0,100000,100000
052936,華通兆豐98購01  ,0,0,0,0,0,0,0,0,0,100000,0,0,0,100000,0,100000,100000
052798,滬深2X元大96購07,0,0,0,0,0,0,0,0,0,100000,0,0,0,100000,0,100000,100000
057703,矽力群益98購01  ,0,0,0,0,0,0,0,0,0,100000,0,0,0,100000,0,100000,100000
057824,日月光元大98購01,0,0,0,0,0,0,0,0,0,100000,0,0,0,100000,0,100000,100000
048186,元黃金元大96購01,0,0,0,0,0,0,0,0,0,100000,0,0,0,100000,0,100000,100000
047514,亞光國票94購01  ,0,0,0,0,0,0,0,0,0,100000,0,0,0,100000,0,100000,100000
051483,玉晶光凱基96購02,0,0,0,0,0,0,0,0,0,100000,0,0,0,105000,5000,100000,100000
048872,玉晶光國票94購02,0,0,0,0,0,0,0,0,0,100000,0,0,0,100000,0,100000,100000
04476P,玉晶光元大94售05,0,0,0,0,0,0,0,0,0,100000,0,0,0,100000,0,100000,100000
042326,元油2X國票94購01,0,0,0,0,0,0,0,0,0,100000,0,0,0,100000,0,100000,100000
043231,鴻海中信95購01  ,0,0,0,0,0,0,0,0,0,100000,0,0,0,100000,0,100000,100000
04327P,台積電國泰95售01,0,0,0,0,0,0,0,0,0,100000,0,0,0,100000,0,100000,100000
050266,兆豐金元大94購01,0,0,0,0,0,0,0,0,0,100000,0,0,0,100000,0,100000,100000
050322,世紀鋼國票95購01,0,0,0,0,0,0,0,0,0,100000,0,0,0,100000,0,100000,100000
049967,華新科國票94購07,0,0,0,0,0,0,0,0,0,100000,0,0,0,100000,0,100000,100000
050609,鴻海元大94購23  ,0,0,0,0,0,0,0,0,0,100000,0,0,0,100000,0,100000,100000
2913,農林            ,214000,113000,101000,0,0,0,0,0,0,-2000,0,2000,-2000,0,0,0,99000
06885P,國巨國票99售06  ,0,0,0,0,0,0,0,0,0,99000,0,0,0,99000,0,99000,99000
1709,和益            ,146000,22000,124000,0,0,0,0,0,0,-25000,0,25000,-25000,0,0,0,99000
055166,台積電統一97購05,0,0,0,0,0,0,0,0,0,99000,0,0,0,99000,0,99000,99000
052605,聯發科元大96購06,0,0,0,0,0,0,0,0,0,99000,0,0,0,99000,0,99000,99000
2851,中再保          ,160000,62000,98000,0,0,0,0,0,0,0,0,0,0,0,0,0,98000
2428,興勤            ,155000,56000,99000,0,0,0,0,0,0,-1000,0,0,0,1000,2000,-1000,98000
055196,致新元富97購01  ,0,0,0,0,0,0,0,0,0,98000,0,0,0,98000,0,98000,98000
055667,致茂群益98購01  ,0,0,0,0,0,0,0,0,0,98000,0,0,0,98000,0,98000,98000
055653,聯詠元富01購02  ,0,0,0,0,0,0,0,0,0,98000,0,0,0,98000,0,98000,98000
06762P,智邦元大98售11  ,0,0,0,0,0,0,0,0,0,98000,0,0,0,118000,20000,98000,98000
6451,訊芯-KY         ,428000,328000,100000,0,0,0,0,0,0,-2000,3000,6000,-3000,4000,3000,1000,98000
2499,東貝            ,172000,75000,97000,0,0,0,0,0,0,0,0,0,0,0,0,0,97000
3026,禾伸堂          ,371000,252000,119000,0,0,0,0,0,0,-22000,4000,1000,3000,6000,31000,-25000,97000
04878P,國巨康和94售02  ,0,0,0,0,0,0,0,0,0,97000,0,0,0,137000,40000,97000,97000
2609,陽明            ,278000,181227,96773,0,0,0,0,0,0,0,0,0,0,0,0,0,96773
07235P,T50正2元大9C售02,0,0,0,0,0,0,0,0,0,96000,0,0,0,113000,17000,96000,96000
03669C,滬深2X元富09牛01,0,0,0,0,0,0,0,0,0,96000,0,0,0,167000,71000,96000,96000
06552P,茂林元大99售02  ,0,0,0,0,0,0,0,0,0,96000,0,0,0,100000,4000,96000,96000
08506P,台灣50中信96售02,0,0,0,0,0,0,0,0,0,95000,0,0,0,95000,0,95000,95000
052575,茂林凱基96購04  ,0,0,0,0,0,0,0,0,0,95000,0,0,0,95000,0,95000,95000
07329P,台灣50群益9A售07,0,0,0,0,0,0,0,0,0,94000,0,0,0,94000,0,94000,94000
07330P,台灣50群益9A售08,0,0,0,0,0,0,0,0,0,93000,0,0,0,101000,8000,93000,93000
059404,鴻海台新99購03  ,0,0,0,0,0,0,0,0,0,93000,0,0,0,157000,64000,93000,93000
058745,元金2X凱基9C購02,0,0,0,0,0,0,0,0,0,93000,0,0,0,93000,0,93000,93000
055954,南港元大97購02  ,0,0,0,0,0,0,0,0,0,93000,0,0,0,181000,88000,93000,93000
053777,台積電元大96購20,0,0,0,0,0,0,0,0,0,93000,0,0,0,93000,0,93000,93000
4564,元翎            ,173000,81000,92000,0,0,0,0,0,0,0,0,0,0,0,0,0,92000
06867P,訊芯元大98售08  ,0,0,0,0,0,0,0,0,0,92000,0,0,0,92000,0,92000,92000
2340,光磊            ,338000,270000,68000,0,0,0,0,0,0,24000,25000,3000,22000,4000,2000,2000,92000
057137,鈺齊凱基98購01  ,0,0,0,0,0,0,0,0,0,92000,0,0,0,92000,0,92000,92000
055971,矽力元大97購05  ,0,0,0,0,0,0,0,0,0,92000,0,0,0,92000,0,92000,92000
059081,和大元大99購01  ,0,0,0,0,0,0,0,0,0,92000,0,0,0,92000,0,92000,92000
059350,樺漢凱基9A購01  ,0,0,0,0,0,0,0,0,0,91000,0,0,0,91000,0,91000,91000
055746,同欣電元富97購01,0,0,0,0,0,0,0,0,0,91000,0,0,0,287000,196000,91000,91000
050384,嘉澤國票94購02  ,0,0,0,0,0,0,0,0,0,91000,0,0,0,91000,0,91000,91000
6706,惠特            ,122000,25000,97000,0,0,0,0,20000,-20000,14000,22000,8000,14000,0,0,0,91000
2228,劍麟            ,151000,56000,95000,0,0,0,0,0,0,-5000,0,5000,-5000,0,0,0,90000
04550P,超眾元大94售01  ,0,0,0,0,0,0,0,0,0,90000,0,0,0,100000,10000,90000,90000
055429,華新科群益99購01,0,0,0,0,0,0,0,0,0,90000,0,0,0,90000,0,90000,90000
05522P,友達元富96售02  ,0,0,0,0,0,0,0,0,0,90000,0,0,0,90000,0,90000,90000
059077,FBVIX元大99購05 ,0,0,0,0,0,0,0,0,0,90000,0,0,0,90000,0,90000,90000
07241P,台灣50國票9A售05,0,0,0,0,0,0,0,0,0,89000,0,0,0,313000,224000,89000,89000
059209,華通元大99購08  ,0,0,0,0,0,0,0,0,0,89000,0,0,0,90000,1000,89000,89000
057132,華新科凱基98購05,0,0,0,0,0,0,0,0,0,89000,0,0,0,97000,8000,89000,89000
055652,聯詠元富01購01  ,0,0,0,0,0,0,0,0,0,88000,0,0,0,98000,10000,88000,88000
055163,訊芯元大98購01  ,0,0,0,0,0,0,0,0,0,87000,0,0,0,88000,1000,87000,87000
05266P,華新科元大95售11,0,0,0,0,0,0,0,0,0,87000,0,0,0,87000,0,87000,87000
050686,欣興兆豐96購01  ,0,0,0,0,0,0,0,0,0,87000,0,0,0,97000,10000,87000,87000
4961,天鈺            ,153000,67000,86000,0,0,0,0,0,0,0,0,0,0,0,0,0,86000
04845P,台積電凱基94售33,0,0,0,0,0,0,0,0,0,86000,0,0,0,101000,15000,86000,86000
052886,世紀鋼兆豐96購01,0,0,0,0,0,0,0,0,0,86000,0,0,0,101000,15000,86000,86000
053559,台積電國泰98購01,0,0,0,0,0,0,0,0,0,86000,0,0,0,96000,10000,86000,86000
055720,宏達電元大97購05,0,0,0,0,0,0,0,0,0,86000,0,0,0,100000,14000,86000,86000
059417,上証反元大9C購01,0,0,0,0,0,0,0,0,0,85000,0,0,0,100000,15000,85000,85000
06189P,華新科永豐97售03,0,0,0,0,0,0,0,0,0,85000,0,0,0,85000,0,85000,85000
06929P,鴻海元大99售11  ,0,0,0,0,0,0,0,0,0,85000,0,0,0,120000,35000,85000,85000
05089P,亞德客元大95售01,0,0,0,0,0,0,0,0,0,85000,0,0,0,98000,13000,85000,85000
03799P,京元電元大94售01,0,0,0,0,0,0,0,0,0,85000,0,0,0,85000,0,85000,85000
07162P,臺股指群益99售13,0,0,0,0,0,0,0,0,0,84000,0,0,0,198000,114000,84000,84000
2538,基泰            ,115000,31000,84000,0,0,0,0,0,0,0,0,0,0,0,0,0,84000
2850,新產            ,152000,118000,34000,0,0,0,0,0,0,50000,50000,0,50000,0,0,0,84000
056083,億光統一97購03  ,0,0,0,0,0,0,0,0,0,84000,0,0,0,84000,0,84000,84000
06228P,亞德客凱基97售04,0,0,0,0,0,0,0,0,0,83000,0,0,0,83000,0,83000,83000
1731,美吾華          ,88000,5000,83000,0,0,0,0,0,0,0,0,0,0,0,0,0,83000
05440P,緯穎國票96售02  ,0,0,0,0,0,0,0,0,0,83000,0,0,0,84000,1000,83000,83000
059373,滬深2X群益01購03,0,0,0,0,0,0,0,0,0,82000,0,0,0,83000,1000,82000,82000
06779P,智邦元大98售12  ,0,0,0,0,0,0,0,0,0,82000,0,0,0,109000,27000,82000,82000
053875,GIS元大97購01   ,0,0,0,0,0,0,0,0,0,82000,0,0,0,482000,400000,82000,82000
6416,瑞祺電通        ,249000,158000,91000,0,0,0,0,0,0,-9000,18000,27000,-9000,0,0,0,82000
6189,豐藝            ,103000,9000,94000,0,0,0,0,0,0,-12000,0,12000,-12000,0,0,0,82000
04344P,台達電國泰94售01,0,0,0,0,0,0,0,0,0,81000,0,0,0,100000,19000,81000,81000
051466,玉晶光富邦97購01,0,0,0,0,0,0,0,0,0,81000,0,0,0,81000,0,81000,81000
6672,騰輝電子-KY     ,128000,47000,81000,0,0,0,0,0,0,0,0,0,0,0,0,0,81000
06448P,華通元大99售01  ,0,0,0,0,0,0,0,0,0,80000,0,0,0,81000,1000,80000,80000
059410,滬深2X國票9A購04,0,0,0,0,0,0,0,0,0,80000,0,0,0,80000,0,80000,80000
06904P,TPK凱基98售03   ,0,0,0,0,0,0,0,0,0,80000,0,0,0,80000,0,80000,80000
052016,神基永豐95購01  ,0,0,0,0,0,0,0,0,0,80000,0,0,0,80000,0,80000,80000
057749,華新科國票99購01,0,0,0,0,0,0,0,0,0,80000,0,0,0,80000,0,80000,80000
056417,欣興中信98購01  ,0,0,0,0,0,0,0,0,0,80000,0,0,0,80000,0,80000,80000
053465,聯電元大96購05  ,0,0,0,0,0,0,0,0,0,80000,0,0,0,280000,200000,80000,80000
5607,遠雄港          ,121000,41000,80000,0,0,0,0,0,0,0,0,0,0,0,0,0,80000
057298,旭富永豐98購01  ,0,0,0,0,0,0,0,0,0,79000,0,0,0,79000,0,79000,79000
00762,元大全球AI      ,1000,0,1000,0,0,0,0,0,0,78000,0,0,0,94000,16000,78000,79000
00668,國泰美國道瓊    ,1000,8000,-7000,0,0,0,0,0,0,86000,0,0,0,233000,147000,86000,79000
1104,環泥            ,237000,159000,78000,0,0,0,0,0,0,0,0,0,0,0,0,0,78000
2545,皇翔            ,129000,31000,98000,0,0,0,0,0,0,-20000,0,20000,-20000,0,0,0,78000
2471,資通            ,78000,0,78000,0,0,0,0,0,0,0,0,0,0,0,0,0,78000
04636P,臺股指群益94售11,0,0,0,0,0,0,0,0,0,78000,0,0,0,78000,0,78000,78000
04788P,台積電永昌96售05,0,0,0,0,0,0,0,0,0,78000,0,0,0,78000,0,78000,78000
9103,美德醫療-DR     ,101000,23000,78000,0,0,0,0,0,0,0,0,0,0,0,0,0,78000
8341,日友            ,126000,48935,77065,0,0,0,0,0,0,0,0,0,0,0,0,0,77065
058201,華通凱基9A購01  ,0,0,0,0,0,0,0,0,0,77000,0,0,0,77000,0,77000,77000
1439,中和            ,86000,9000,77000,0,0,0,0,0,0,0,0,0,0,0,0,0,77000
1707,葡萄王          ,302000,135000,167000,0,0,0,12000,157000,-145000,55000,64000,9000,55000,0,0,0,77000
052313,聯電元大98購01  ,0,0,0,0,0,0,0,0,0,77000,0,0,0,83000,6000,77000,77000
05452P,亞德客群益95售02,0,0,0,0,0,0,0,0,0,77000,0,0,0,87000,10000,77000,77000
6226,光鼎            ,125000,48000,77000,0,0,0,0,0,0,0,0,0,0,0,0,0,77000
1708,東鹼            ,81000,18000,63000,0,0,0,0,0,0,13000,14000,1000,13000,0,0,0,76000
2832,台產            ,141000,65000,76000,0,0,0,0,0,0,0,0,0,0,0,0,0,76000
059565,國巨凱基99購16  ,0,0,0,0,0,0,0,0,0,76000,0,0,0,100000,24000,76000,76000
1737,臺鹽            ,111000,36000,75000,0,0,0,0,0,0,0,0,0,0,0,0,0,75000
1592,英瑞-KY         ,87000,12000,75000,0,0,0,0,0,0,0,0,0,0,0,0,0,75000
05479P,華新科台新96售01,0,0,0,0,0,0,0,0,0,75000,0,0,0,325000,250000,75000,75000
057798,貿聯兆豐99購01  ,0,0,0,0,0,0,0,0,0,75000,0,0,0,78000,3000,75000,75000
06544P,鴻海元大98售09  ,0,0,0,0,0,0,0,0,0,75000,0,0,0,177000,102000,75000,75000
06668P,祥碩凱基98售02  ,0,0,0,0,0,0,0,0,0,75000,0,0,0,100000,25000,75000,75000
056139,貿聯元大97購04  ,0,0,0,0,0,0,0,0,0,75000,0,0,0,86000,11000,75000,75000
04854P,鴻海國泰96售04  ,0,0,0,0,0,0,0,0,0,75000,0,0,0,75000,0,75000,75000
050784,美律國泰96購01  ,0,0,0,0,0,0,0,0,0,75000,0,0,0,75000,0,75000,75000
050101,台積電永昌96購03,0,0,0,0,0,0,0,0,0,75000,0,0,0,75000,0,75000,75000
048874,玉晶光國票96購01,0,0,0,0,0,0,0,0,0,75000,0,0,0,75000,0,75000,75000
07272P,台灣50元大9C售05,0,0,0,0,0,0,0,0,0,74000,0,0,0,75000,1000,74000,74000
03433B,臺股指元大9C熊01,0,0,0,0,0,0,0,0,0,74000,0,0,0,183000,109000,74000,74000
059473,T50反1群益99購03,0,0,0,0,0,0,0,0,0,73000,0,0,0,158000,85000,73000,73000
058749,康控凱基99購03  ,0,0,0,0,0,0,0,0,0,73000,0,0,0,73000,0,73000,73000
06022P,緯穎永豐96售03  ,0,0,0,0,0,0,0,0,0,73000,0,0,0,73000,0,73000,73000
047885,元金2X富邦99購01,0,0,0,0,0,0,0,0,0,73000,0,0,0,73000,0,73000,73000
055703,緯穎富邦98購01  ,0,0,0,0,0,0,0,0,0,73000,0,0,0,73000,0,73000,73000
8163,達方            ,295000,236000,59000,0,0,0,0,0,0,14000,12000,0,12000,4000,2000,2000,73000
1457,宜進            ,105000,37000,68000,0,0,0,0,0,0,4000,6000,2000,4000,0,0,0,72000
07339P,滬深2X凱基9A售03,0,0,0,0,0,0,0,0,0,72000,0,0,0,100000,28000,72000,72000
07230P,滬深2X群益01售02,0,0,0,0,0,0,0,0,0,72000,0,0,0,102000,30000,72000,72000
4725,信昌化          ,171000,99000,72000,0,0,0,0,0,0,0,0,0,0,0,0,0,72000
055575,華新科統一98購01,0,0,0,0,0,0,0,0,0,72000,0,0,0,72000,0,72000,72000
056092,亞德客元富97購02,0,0,0,0,0,0,0,0,0,72000,0,0,0,72000,0,72000,72000
2375,凱美            ,488000,399000,89000,0,0,0,0,0,0,-18000,0,0,0,1000,19000,-18000,71000
057961,茂林元大9A購01  ,0,0,0,0,0,0,0,0,0,71000,0,0,0,71000,0,71000,71000
06780P,義隆元大98售02  ,0,0,0,0,0,0,0,0,0,71000,0,0,0,218000,147000,71000,71000
1444,力麗            ,296000,225000,71000,0,0,0,0,0,0,0,0,0,0,0,0,0,71000
9907,統一實          ,261000,189000,72000,0,0,0,0,0,0,-1000,0,1000,-1000,0,0,0,71000
1612,宏泰            ,75000,4000,71000,0,0,0,0,0,0,-1000,0,1000,-1000,0,0,0,70000
1316,上曜            ,130000,59000,71000,0,0,0,0,0,0,-1000,0,1000,-1000,0,0,0,70000
06021P,世紀鋼元富96售03,0,0,0,0,0,0,0,0,0,70000,0,0,0,70000,0,70000,70000
1734,杏輝            ,96000,22000,74000,0,0,0,0,0,0,-4000,0,4000,-4000,0,0,0,70000
056165,矽力凱基98購02  ,0,0,0,0,0,0,0,0,0,70000,0,0,0,70000,0,70000,70000
052221,東元凱基95購01  ,0,0,0,0,0,0,0,0,0,70000,0,0,0,70000,0,70000,70000
053890,華新科群益98購01,0,0,0,0,0,0,0,0,0,70000,0,0,0,70000,0,70000,70000
050457,力成元大94購01  ,0,0,0,0,0,0,0,0,0,70000,0,0,0,70000,0,70000,70000
057763,康控凱基99購02  ,0,0,0,0,0,0,0,0,0,70000,0,0,0,70000,0,70000,70000
054875,群電群益97購01  ,0,0,0,0,0,0,0,0,0,70000,0,0,0,70000,0,70000,70000
054908,群電康和97購01  ,0,0,0,0,0,0,0,0,0,70000,0,0,0,70000,0,70000,70000
053477,大立光元大97購03,0,0,0,0,0,0,0,0,0,70000,0,0,0,70000,0,70000,70000
054567,拓凱群益98購01  ,0,0,0,0,0,0,0,0,0,70000,0,0,0,70000,0,70000,70000
3034,聯詠            ,2175684,2071389,104295,0,0,0,1000,27000,-26000,-9000,0,14000,-14000,18000,13000,5000,69295
056769,國產元大98購01  ,0,0,0,0,0,0,0,0,0,69000,0,0,0,69000,0,69000,69000
04696P,亞德客國泰95售02,0,0,0,0,0,0,0,0,0,69000,0,0,0,69000,0,69000,69000
058986,華新科凱基9A購03,0,0,0,0,0,0,0,0,0,68000,0,0,0,68000,0,68000,68000
059358,旺宏永豐99購02  ,0,0,0,0,0,0,0,0,0,68000,0,0,0,68000,0,68000,68000
059274,國巨元大99購22  ,0,0,0,0,0,0,0,0,0,68000,0,0,0,73000,5000,68000,68000
057920,奇力新凱基98購08,0,0,0,0,0,0,0,0,0,68000,0,0,0,68000,0,68000,68000
057841,茂林富邦9A購02  ,0,0,0,0,0,0,0,0,0,68000,0,0,0,68000,0,68000,68000
00680L,元大美債20正2   ,0,0,0,0,0,0,0,0,0,68000,0,0,0,96000,28000,68000,68000
050515,聯電元大96購01  ,0,0,0,0,0,0,0,0,0,68000,0,0,0,68000,0,68000,68000
050892,聯電元大96購02  ,0,0,0,0,0,0,0,0,0,68000,0,0,0,88000,20000,68000,68000
055674,南港康和97購02  ,0,0,0,0,0,0,0,0,0,68000,0,0,0,68000,0,68000,68000
056529,中環凱基98購01  ,0,0,0,0,0,0,0,0,0,68000,0,0,0,72000,4000,68000,68000
052601,大成鋼元大96購01,0,0,0,0,0,0,0,0,0,68000,0,0,0,68000,0,68000,68000
056656,華邦電元大98購02,0,0,0,0,0,0,0,0,0,67000,0,0,0,75000,8000,67000,67000
6177,達麗            ,79000,12000,67000,0,0,0,0,0,0,0,0,0,0,0,0,0,67000
6024,群益期          ,75900,9000,66900,0,0,0,0,0,0,0,0,0,0,0,0,0,66900
059008,鈺齊元大99購03  ,0,0,0,0,0,0,0,0,0,66000,0,0,0,88000,22000,66000,66000
055475,臻鼎凱基97購02  ,0,0,0,0,0,0,0,0,0,66000,0,0,0,138000,72000,66000,66000
051807,瑞昱凱基95購03  ,0,0,0,0,0,0,0,0,0,66000,0,0,0,151000,85000,66000,66000
050306,聯發科中信97購01,0,0,0,0,0,0,0,0,0,66000,0,0,0,66000,0,66000,66000
6491,晶碩            ,127000,56000,71000,0,0,0,0,0,0,-5000,0,5000,-5000,0,0,0,66000
2727,王品            ,97000,30000,67000,0,0,0,0,0,0,-2000,0,2000,-2000,0,0,0,65000
057972,群創富邦9C購01  ,0,0,0,0,0,0,0,0,0,65000,0,0,0,81000,16000,65000,65000
053948,大立光富邦99購04,0,0,0,0,0,0,0,0,0,65000,0,0,0,65000,0,65000,65000
056639,國產康和98購01  ,0,0,0,0,0,0,0,0,0,65000,0,0,0,69000,4000,65000,65000
054299,南電元大96購03  ,0,0,0,0,0,0,0,0,0,65000,0,0,0,125000,60000,65000,65000
6209,今國光          ,125000,60000,65000,0,0,0,0,0,0,0,0,0,0,0,0,0,65000
9941,裕融            ,222000,157000,65000,0,0,0,0,0,0,0,0,0,0,0,0,0,65000
1464,得力            ,240000,174354,65646,0,0,0,0,0,0,-1000,0,1000,-1000,0,0,0,64646
07223P,鴻海元大99售29  ,0,0,0,0,0,0,0,0,0,64000,0,0,0,363000,299000,64000,64000
055648,可成元富97購01  ,0,0,0,0,0,0,0,0,0,64000,0,0,0,191000,127000,64000,64000
058492,華通群益9B購01  ,0,0,0,0,0,0,0,0,0,63000,0,0,0,98000,35000,63000,63000
2402,毅嘉            ,192000,129000,63000,0,0,0,0,0,0,0,0,0,0,0,0,0,63000
05551P,電子類元大96售01,0,0,0,0,0,0,0,0,0,63000,0,0,0,68000,5000,63000,63000
055803,鎧勝永豐97購01  ,0,0,0,0,0,0,0,0,0,63000,0,0,0,63000,0,63000,63000
06656P,GIS元大98售02   ,0,0,0,0,0,0,0,0,0,63000,0,0,0,63000,0,63000,63000
054363,世芯凱基97購01  ,0,0,0,0,0,0,0,0,0,63000,0,0,0,68000,5000,63000,63000
053383,京元電元大97購01,0,0,0,0,0,0,0,0,0,63000,0,0,0,63000,0,63000,63000
053062,緯穎富邦97購01  ,0,0,0,0,0,0,0,0,0,63000,0,0,0,73000,10000,63000,63000
5534,長虹            ,138000,68000,70000,0,0,0,0,0,0,-7000,1000,8000,-7000,0,0,0,63000
4426,利勤            ,205000,131000,74000,0,0,0,0,0,0,-12000,0,12000,-12000,0,0,0,62000
059367,台灣50元富01購03,0,0,0,0,0,0,0,0,0,62000,0,0,0,66000,4000,62000,62000
057105,致茂群益9A購01  ,0,0,0,0,0,0,0,0,0,62000,0,0,0,98000,36000,62000,62000
00656R,國泰中國A50反1  ,0,306000,-306000,0,0,0,0,0,0,368000,272000,0,272000,155000,59000,96000,62000
058833,台表科永豐99購01,0,0,0,0,0,0,0,0,0,61000,0,0,0,62000,1000,61000,61000
07214P,聯發科凱基9A售04,0,0,0,0,0,0,0,0,0,61000,0,0,0,61000,0,61000,61000
07274P,上証2X群益01售01,0,0,0,0,0,0,0,0,0,61000,0,0,0,66000,5000,61000,61000
00650L,FH香港正2       ,13000,6000,7000,0,0,0,0,0,0,54000,0,0,0,144000,90000,54000,61000
020008,元大特股高息N   ,0,0,0,0,0,0,0,0,0,61000,0,0,0,78000,17000,61000,61000
056011,矽力中信99購01  ,0,0,0,0,0,0,0,0,0,61000,0,0,0,61000,0,61000,61000
053561,玉晶光國泰98購01,0,0,0,0,0,0,0,0,0,61000,0,0,0,61000,0,61000,61000
055863,緯穎元大97購05  ,0,0,0,0,0,0,0,0,0,61000,0,0,0,61000,0,61000,61000
2207,和泰車          ,615695,556000,59695,0,0,0,0,0,0,1000,2000,1000,1000,0,0,0,60695
057302,福懋科中信98購01,0,0,0,0,0,0,0,0,0,60000,0,0,0,60000,0,60000,60000
057936,健策群益99購01  ,0,0,0,0,0,0,0,0,0,60000,0,0,0,60000,0,60000,60000
07076P,鴻海凱基9A售08  ,0,0,0,0,0,0,0,0,0,60000,0,0,0,60000,0,60000,60000
058912,祥碩元大99購01  ,0,0,0,0,0,0,0,0,0,60000,0,0,0,64000,4000,60000,60000
054742,京鼎凱基99購01  ,0,0,0,0,0,0,0,0,0,60000,0,0,0,60000,0,60000,60000
056219,T50反1日盛02購01,0,0,0,0,0,0,0,0,0,60000,0,0,0,60000,0,60000,60000
05218P,大立光永昌96售04,0,0,0,0,0,0,0,0,0,60000,0,0,0,60000,0,60000,60000
049820,世紀鋼元大96購03,0,0,0,0,0,0,0,0,0,60000,0,0,0,212000,152000,60000,60000
051322,國泰金國票96購01,0,0,0,0,0,0,0,0,0,60000,0,0,0,60000,0,60000,60000
059179,祥碩元富99購01  ,0,0,0,0,0,0,0,0,0,59000,0,0,0,288000,229000,59000,59000
051254,健策元大96購04  ,0,0,0,0,0,0,0,0,0,59000,0,0,0,59000,0,59000,59000
5215,科嘉-KY         ,125000,69000,56000,0,0,0,7000,0,7000,-4000,0,4000,-4000,0,0,0,59000
00686R,群益臺灣加權反1 ,0,0,0,0,0,0,0,0,0,58000,0,0,0,563000,505000,58000,58000
053889,致茂群益97購01  ,0,0,0,0,0,0,0,0,0,58000,0,0,0,98000,40000,58000,58000
06034P,世芯凱基96售03  ,0,0,0,0,0,0,0,0,0,57000,0,0,0,57000,0,57000,57000
058932,FBVIX台新99購01 ,0,0,0,0,0,0,0,0,0,57000,0,0,0,96000,39000,57000,57000
059062,群創凱基99購05  ,0,0,0,0,0,0,0,0,0,57000,0,0,0,57000,0,57000,57000
06219P,國巨元富97售05  ,0,0,0,0,0,0,0,0,0,57000,0,0,0,57000,0,57000,57000
07261P,台灣50元大9A售04,0,0,0,0,0,0,0,0,0,57000,0,0,0,57000,0,57000,57000
6183,關貿            ,58000,1000,57000,0,0,0,0,0,0,0,0,0,0,0,0,0,57000
2536,宏普            ,120000,62000,58000,0,0,0,0,0,0,-2000,3000,5000,-2000,0,0,0,56000
056379,玉晶光元富98購01,0,0,0,0,0,0,0,0,0,56000,0,0,0,56000,0,56000,56000
054300,華通凱基96購07  ,0,0,0,0,0,0,0,0,0,56000,0,0,0,68000,12000,56000,56000
06595P,祥碩元大98售03  ,0,0,0,0,0,0,0,0,0,56000,0,0,0,80000,24000,56000,56000
9955,佳龍            ,92000,36000,56000,0,0,0,0,0,0,0,0,0,0,0,0,0,56000
07271P,台灣50元大9C售04,0,0,0,0,0,0,0,0,0,55000,0,0,0,60000,5000,55000,55000
06447P,上銀元大98售01  ,0,0,0,0,0,0,0,0,0,55000,0,0,0,87000,32000,55000,55000
059234,台灣50凱基9C購03,0,0,0,0,0,0,0,0,0,55000,0,0,0,55000,0,55000,55000
057299,立積永豐98購02  ,0,0,0,0,0,0,0,0,0,55000,0,0,0,70000,15000,55000,55000
058459,南電永豐99購01  ,0,0,0,0,0,0,0,0,0,55000,0,0,0,61000,6000,55000,55000
055637,亞德客元富97購01,0,0,0,0,0,0,0,0,0,55000,0,0,0,55000,0,55000,55000
053739,A50正2國票9A購01,0,0,0,0,0,0,0,0,0,55000,0,0,0,55000,0,55000,55000
03421B,臺股指元大99熊01,0,0,0,0,0,0,0,0,0,55000,0,0,0,66000,11000,55000,55000
6251,定穎            ,1097000,1092000,5000,0,0,0,0,0,0,50000,93000,43000,50000,0,0,0,55000
4104,佳醫            ,67696,13000,54696,0,0,0,0,0,0,0,0,0,0,0,0,0,54696
1451,年興            ,109425,55000,54425,0,0,0,0,0,0,0,0,0,0,0,0,0,54425
1514,亞力            ,230000,173000,57000,0,0,0,0,0,0,-3000,0,3000,-3000,0,0,0,54000
07118P,台積電凱基99售09,0,0,0,0,0,0,0,0,0,54000,0,0,0,104000,50000,54000,54000
058524,超眾元大99購04  ,0,0,0,0,0,0,0,0,0,54000,0,0,0,58000,4000,54000,54000
059034,華通群益9B購02  ,0,0,0,0,0,0,0,0,0,54000,0,0,0,54000,0,54000,54000
055197,致新元富97購02  ,0,0,0,0,0,0,0,0,0,54000,0,0,0,54000,0,54000,54000
053305,聯詠凱基96購02  ,0,0,0,0,0,0,0,0,0,54000,0,0,0,54000,0,54000,54000
059036,可成群益9B購03  ,0,0,0,0,0,0,0,0,0,53000,0,0,0,106000,53000,53000,53000
058663,瑞儀兆豐9A購01  ,0,0,0,0,0,0,0,0,0,53000,0,0,0,85000,32000,53000,53000
059268,鎧勝中信01購01  ,0,0,0,0,0,0,0,0,0,53000,0,0,0,53000,0,53000,53000
06851P,鈺齊元大98售01  ,0,0,0,0,0,0,0,0,0,53000,0,0,0,53000,0,53000,53000
059170,康控凱基9B購01  ,0,0,0,0,0,0,0,0,0,53000,0,0,0,53000,0,53000,53000
057840,健策富邦99購01  ,0,0,0,0,0,0,0,0,0,53000,0,0,0,53000,0,53000,53000
055701,亞德客富邦99購01,0,0,0,0,0,0,0,0,0,53000,0,0,0,53000,0,53000,53000
055844,大毅元大98購01  ,0,0,0,0,0,0,0,0,0,53000,0,0,0,77000,24000,53000,53000
055994,聯發科國泰99購02,0,0,0,0,0,0,0,0,0,53000,0,0,0,53000,0,53000,53000
00713,元大台灣高息低波,45000,4000,41000,0,0,0,0,0,0,12000,0,0,0,19000,7000,12000,53000
051321,建準國票96購01  ,0,0,0,0,0,0,0,0,0,53000,0,0,0,53000,0,53000,53000
051429,智邦元富95購01  ,0,0,0,0,0,0,0,0,0,53000,0,0,0,53000,0,53000,53000
048431,瑞昱國票94購01  ,0,0,0,0,0,0,0,0,0,53000,0,0,0,53000,0,53000,53000
6139,亞翔            ,148000,87000,61000,0,0,0,0,0,0,-8000,0,8000,-8000,0,0,0,53000
2383,台光電          ,492000,393030,98970,0,0,0,0,0,0,-46000,32000,70000,-38000,8000,16000,-8000,52970
058078,景碩國票99購01  ,0,0,0,0,0,0,0,0,0,52000,0,0,0,157000,105000,52000,52000
07098P,台積電元大99售18,0,0,0,0,0,0,0,0,0,52000,0,0,0,52000,0,52000,52000
07273P,台灣50群益99售03,0,0,0,0,0,0,0,0,0,52000,0,0,0,63000,11000,52000,52000
059319,台光電元大99購04,0,0,0,0,0,0,0,0,0,52000,0,0,0,144000,92000,52000,52000
3312,弘憶股          ,109000,57000,52000,0,0,0,0,0,0,0,0,0,0,0,0,0,52000
00770,國泰北美科技    ,9000,0,9000,0,0,0,0,0,0,43000,0,0,0,54000,11000,43000,52000
9940,信義            ,129849,76913,52936,0,0,0,0,0,0,-1000,0,1000,-1000,0,0,0,51936
3090,日電貿          ,766000,709000,57000,0,0,0,0,0,0,-6000,0,7000,-7000,1000,0,1000,51000
06496P,台灣50日盛98售01,0,0,0,0,0,0,0,0,0,51000,0,0,0,73000,22000,51000,51000
059450,和大永豐99購01  ,0,0,0,0,0,0,0,0,0,51000,0,0,0,198000,147000,51000,51000
059214,國巨元大99購20  ,0,0,0,0,0,0,0,0,0,51000,0,0,0,54000,3000,51000,51000
058603,台積電元大99購12,0,0,0,0,0,0,0,0,0,51000,0,0,0,51000,0,51000,51000
1809,中釉            ,114000,63000,51000,0,0,0,0,0,0,0,0,0,0,0,0,0,51000
057455,景碩國泰99購01  ,0,0,0,0,0,0,0,0,0,51000,0,0,0,51000,0,51000,51000
046159,群創群益98購04  ,0,0,0,0,0,0,0,0,0,51000,0,0,0,51000,0,51000,51000
048533,景碩國票94購01  ,0,0,0,0,0,0,0,0,0,51000,0,0,0,77000,26000,51000,51000
050169,臺指反元大97購01,0,0,0,0,0,0,0,0,0,51000,0,0,0,135000,84000,51000,51000
04947P,聯詠元大94售05  ,0,0,0,0,0,0,0,0,0,51000,0,0,0,51000,0,51000,51000
053804,富邦金凱基96購01,0,0,0,0,0,0,0,0,0,51000,0,0,0,163000,112000,51000,51000
053340,建準國票97購01  ,0,0,0,0,0,0,0,0,0,51000,0,0,0,51000,0,51000,51000
2301,光寶科          ,4369953,4375061,-5108,0,0,0,1000,0,1000,55000,52000,39000,13000,42000,0,42000,50892
2360,致茂            ,605563,336000,269563,0,0,0,0,245000,-245000,26000,32000,24000,8000,19000,1000,18000,50563
057422,欣興凱基98購04  ,0,0,0,0,0,0,0,0,0,50000,0,0,0,50000,0,50000,50000
058636,亞光兆豐9A購01  ,0,0,0,0,0,0,0,0,0,50000,0,0,0,50000,0,50000,50000
057656,大成鋼兆豐98購01,0,0,0,0,0,0,0,0,0,50000,0,0,0,50000,0,50000,50000
05920P,力成元大96售04  ,0,0,0,0,0,0,0,0,0,50000,0,0,0,50000,0,50000,50000
06053P,緯穎國票97售05  ,0,0,0,0,0,0,0,0,0,50000,0,0,0,50000,0,50000,50000
07322P,鴻海元大99售33  ,0,0,0,0,0,0,0,0,0,50000,0,0,0,60000,10000,50000,50000
1442,名軒            ,74000,24000,50000,0,0,0,0,0,0,0,0,0,0,0,0,0,50000
058159,健策台新9A購01  ,0,0,0,0,0,0,0,0,0,50000,0,0,0,50000,0,50000,50000
058142,瑞儀元大99購01  ,0,0,0,0,0,0,0,0,0,50000,0,0,0,100000,50000,50000,50000
058404,貿聯元大99購02  ,0,0,0,0,0,0,0,0,0,50000,0,0,0,90000,40000,50000,50000
058339,康友元富99購02  ,0,0,0,0,0,0,0,0,0,50000,0,0,0,50000,0,50000,50000
059361,玉晶光永豐99購04,0,0,0,0,0,0,0,0,0,50000,0,0,0,50000,0,50000,50000
059753,貿聯群益99購06  ,0,0,0,0,0,0,0,0,0,50000,0,0,0,50000,0,50000,50000
059536,新光金凱基99購05,0,0,0,0,0,0,0,0,0,50000,0,0,0,103000,53000,50000,50000
059538,健策凱基99購03  ,0,0,0,0,0,0,0,0,0,50000,0,0,0,146000,96000,50000,50000
053404,致新群益96購01  ,0,0,0,0,0,0,0,0,0,50000,0,0,0,50000,0,50000,50000
053503,臻鼎兆豐97購01  ,0,0,0,0,0,0,0,0,0,50000,0,0,0,70000,20000,50000,50000
053123,京元電凱基96購01,0,0,0,0,0,0,0,0,0,50000,0,0,0,50000,0,50000,50000
05291P,鴻海凱基95售16  ,0,0,0,0,0,0,0,0,0,50000,0,0,0,50000,0,50000,50000
056637,台光電日盛9A購01,0,0,0,0,0,0,0,0,0,50000,0,0,0,50000,0,50000,50000
056583,昇陽半元大98購02,0,0,0,0,0,0,0,0,0,50000,0,0,0,50000,0,50000,50000
054930,群電凱基98購01  ,0,0,0,0,0,0,0,0,0,50000,0,0,0,50000,0,50000,50000
052528,茂林元大95購05  ,0,0,0,0,0,0,0,0,0,50000,0,0,0,50000,0,50000,50000
05641P,貿聯元富96售02  ,0,0,0,0,0,0,0,0,0,50000,0,0,0,50000,0,50000,50000
056897,南亞科元大98購02,0,0,0,0,0,0,0,0,0,50000,0,0,0,150000,100000,50000,50000
055972,GIS元大97購04   ,0,0,0,0,0,0,0,0,0,50000,0,0,0,50000,0,50000,50000
055192,世芯元富97購01  ,0,0,0,0,0,0,0,0,0,50000,0,0,0,50000,0,50000,50000
05536P,奇力新元大96售03,0,0,0,0,0,0,0,0,0,50000,0,0,0,50000,0,50000,50000
053686,台積電元大97購08,0,0,0,0,0,0,0,0,0,50000,0,0,0,50000,0,50000,50000
048870,義隆國票96購01  ,0,0,0,0,0,0,0,0,0,50000,0,0,0,50000,0,50000,50000
053653,京元電凱基96購02,0,0,0,0,0,0,0,0,0,50000,0,0,0,50000,0,50000,50000
056199,美律永豐97購01  ,0,0,0,0,0,0,0,0,0,50000,0,0,0,50000,0,50000,50000
048685,T50反1第一94購01,0,0,0,0,0,0,0,0,0,50000,0,0,0,50000,0,50000,50000
048698,宏達電國票95購01,0,0,0,0,0,0,0,0,0,50000,0,0,0,50000,0,50000,50000
051953,矽力元富95購03  ,0,0,0,0,0,0,0,0,0,50000,0,0,0,50000,0,50000,50000
050702,崇越凱基94購01  ,0,0,0,0,0,0,0,0,0,50000,0,0,0,50000,0,50000,50000
045836,群創群益98購01  ,0,0,0,0,0,0,0,0,0,50000,0,0,0,50000,0,50000,50000
044429,元金2X元大94購04,0,0,0,0,0,0,0,0,0,50000,0,0,0,50000,0,50000,50000
051570,和碩富邦97購01  ,0,0,0,0,0,0,0,0,0,50000,0,0,0,50000,0,50000,50000
04637P,臺股指群益94售12,0,0,0,0,0,0,0,0,0,50000,0,0,0,51000,1000,50000,50000
03425B,臺股指元大9A熊01,0,0,0,0,0,0,0,0,0,50000,0,0,0,50000,0,50000,50000
03638C,T50反1元大94牛03,0,0,0,0,0,0,0,0,0,50000,0,0,0,228000,178000,50000,50000
06418P,T50反1統一9A售02,0,0,0,0,0,0,0,0,0,49000,0,0,0,49000,0,49000,49000
058905,京鼎元大99購01  ,0,0,0,0,0,0,0,0,0,49000,0,0,0,50000,1000,49000,49000
058391,T50反1元大99購02,0,0,0,0,0,0,0,0,0,49000,0,0,0,101000,52000,49000,49000
06790P,台積電凱基9A售04,0,0,0,0,0,0,0,0,0,49000,0,0,0,49000,0,49000,49000
06891P,緯穎富邦99售03  ,0,0,0,0,0,0,0,0,0,49000,0,0,0,54000,5000,49000,49000
057564,台積電富邦9B購03,0,0,0,0,0,0,0,0,0,49000,0,0,0,49000,0,49000,49000
05138P,嘉聯益凱基96售02,0,0,0,0,0,0,0,0,0,49000,0,0,0,49000,0,49000,49000
059283,康友永豐99購02  ,0,0,0,0,0,0,0,0,0,48000,0,0,0,48000,0,48000,48000
057325,可成群益9A購01  ,0,0,0,0,0,0,0,0,0,48000,0,0,0,98000,50000,48000,48000
06972P,聯發科元大99售04,0,0,0,0,0,0,0,0,0,48000,0,0,0,55000,7000,48000,48000
057893,亞德客元富98購03,0,0,0,0,0,0,0,0,0,48000,0,0,0,48000,0,48000,48000
2911,麗嬰房          ,49000,1000,48000,0,0,0,0,0,0,0,0,0,0,0,0,0,48000
3712,永崴投控        ,72000,22000,50000,0,0,0,0,0,0,-2000,0,2000,-2000,0,0,0,48000
058989,茂林凱基99購02  ,0,0,0,0,0,0,0,0,0,48000,0,0,0,48000,0,48000,48000
050851,羅麗芬國票96購01,0,0,0,0,0,0,0,0,0,48000,0,0,0,48000,0,48000,48000
05396P,台郡元大95售05  ,0,0,0,0,0,0,0,0,0,48000,0,0,0,61000,13000,48000,48000
055387,世紀鋼元大97購01,0,0,0,0,0,0,0,0,0,48000,0,0,0,173000,125000,48000,48000
055557,華新科凱基97購01,0,0,0,0,0,0,0,0,0,48000,0,0,0,48000,0,48000,48000
053244,光磊國票97購01  ,0,0,0,0,0,0,0,0,0,48000,0,0,0,50000,2000,48000,48000
5608,四維航          ,56000,8000,48000,0,0,0,0,0,0,0,0,0,0,0,0,0,48000
058876,南電國票9A購02  ,0,0,0,0,0,0,0,0,0,47000,0,0,0,47000,0,47000,47000
058227,台灣50元大9C購01,0,0,0,0,0,0,0,0,0,47000,0,0,0,47000,0,47000,47000
06644P,亞德客元大98售03,0,0,0,0,0,0,0,0,0,47000,0,0,0,55000,8000,47000,47000
050725,光磊國票96購01  ,0,0,0,0,0,0,0,0,0,47000,0,0,0,50000,3000,47000,47000
050547,華新科凱基95購01,0,0,0,0,0,0,0,0,0,47000,0,0,0,47000,0,47000,47000
05939P,聯發科凱基96售20,0,0,0,0,0,0,0,0,0,46000,0,0,0,46000,0,46000,46000
2472,立隆電          ,114000,61000,53000,0,0,0,0,0,0,-7000,4000,11000,-7000,0,0,0,46000
06954P,大立光元富99售01,0,0,0,0,0,0,0,0,0,46000,0,0,0,54000,8000,46000,46000
1810,和成            ,114000,68000,46000,0,0,0,0,0,0,0,0,0,0,0,0,0,46000
05930P,景碩康和96售01  ,0,0,0,0,0,0,0,0,0,46000,0,0,0,46000,0,46000,46000
058475,台積電凱基99購06,0,0,0,0,0,0,0,0,0,46000,0,0,0,46000,0,46000,46000
07239P,台灣50國票9A售04,0,0,0,0,0,0,0,0,0,46000,0,0,0,64000,18000,46000,46000
8429,金麗-KY         ,62000,16000,46000,0,0,0,0,0,0,0,0,0,0,0,0,0,46000
2605,新興            ,531000,484240,46760,0,0,0,0,0,0,-1000,17000,26000,-9000,8000,0,8000,45760
1460,宏遠            ,57665,12000,45665,0,0,0,0,0,0,0,0,0,0,0,0,0,45665
058522,聯茂元大99購07  ,0,0,0,0,0,0,0,0,0,45000,0,0,0,45000,0,45000,45000
1906,寶隆            ,69000,19000,50000,0,0,0,0,0,0,-5000,0,5000,-5000,0,0,0,45000
1762,中化生          ,166000,121000,45000,0,0,0,0,0,0,0,0,0,0,0,0,0,45000
1702,南僑            ,95000,50000,45000,0,0,0,0,0,0,0,0,0,0,0,0,0,45000
2406,國碩            ,156000,111000,45000,0,0,0,0,0,0,0,0,0,0,0,0,0,45000
058264,瑞昱永豐99購01  ,0,0,0,0,0,0,0,0,0,45000,0,0,0,119000,74000,45000,45000
4540,全球傳動        ,155000,110000,45000,0,0,0,0,0,0,0,0,0,0,0,0,0,45000
059033,元油2X群益9C購05,0,0,0,0,0,0,0,0,0,45000,0,0,0,45000,0,45000,45000
06242P,大立光元富9A售02,0,0,0,0,0,0,0,0,0,45000,0,0,0,48000,3000,45000,45000
053701,台積電兆豐96購05,0,0,0,0,0,0,0,0,0,45000,0,0,0,55000,10000,45000,45000
051451,世芯元大95購03  ,0,0,0,0,0,0,0,0,0,45000,0,0,0,45000,0,45000,45000
047046,台積電國票94購01,0,0,0,0,0,0,0,0,0,45000,0,0,0,45000,0,45000,45000
04708P,國巨元大94售11  ,0,0,0,0,0,0,0,0,0,45000,0,0,0,45000,0,45000,45000
00737,國泰AI+Robo     ,11000,11000,0,0,0,0,0,0,0,45000,0,0,0,45000,0,45000,45000
059825,嘉晶凱基99購02  ,0,0,0,0,0,0,0,0,0,45000,0,0,0,67000,22000,45000,45000
055658,南電元富97購01  ,0,0,0,0,0,0,0,0,0,45000,0,0,0,45000,0,45000,45000
056906,玉晶光元大9B購01,0,0,0,0,0,0,0,0,0,45000,0,0,0,45000,0,45000,45000
6142,友勁            ,12000,0,12000,0,0,0,0,0,0,33000,33000,0,33000,0,0,0,45000
059437,京鼎元大99購02  ,0,0,0,0,0,0,0,0,0,44000,0,0,0,44000,0,44000,44000
058127,FBVIX元大9C購01 ,0,0,0,0,0,0,0,0,0,44000,0,0,0,84000,40000,44000,44000
2527,宏璟            ,76000,31000,45000,0,0,0,0,0,0,-1000,0,1000,-1000,0,0,0,44000
2399,映泰            ,78000,33000,45000,0,0,0,0,0,0,-1000,0,1000,-1000,0,0,0,44000
07303P,臺股指元大9A售36,0,0,0,0,0,0,0,0,0,44000,0,0,0,252000,208000,44000,44000
057873,義隆元大98購03  ,0,0,0,0,0,0,0,0,0,44000,0,0,0,102000,58000,44000,44000
056041,禾伸堂凱基98購03,0,0,0,0,0,0,0,0,0,44000,0,0,0,50000,6000,44000,44000
07129P,華新科元大99售14,0,0,0,0,0,0,0,0,0,43000,0,0,0,66000,23000,43000,43000
057429,華新科兆豐98購03,0,0,0,0,0,0,0,0,0,43000,0,0,0,53000,10000,43000,43000
058052,南電元大98購02  ,0,0,0,0,0,0,0,0,0,43000,0,0,0,45000,2000,43000,43000
06524P,臺股指麥證98售02,0,0,0,43000,0,43000,0,0,0,43000,0,0,0,43000,0,43000,43000
059552,台灣50凱基99購04,0,0,0,0,0,0,0,0,0,43000,0,0,0,43000,0,43000,43000
5243,乙盛-KY         ,153000,110000,43000,0,0,0,0,0,0,0,0,0,0,0,0,0,43000
8101,華冠            ,55000,12000,43000,0,0,0,0,0,0,0,0,0,0,0,0,0,43000
06254P,臺股指群益97售07,0,0,0,0,0,0,0,0,0,42000,0,0,0,73000,31000,42000,42000
1808,潤隆            ,124000,87000,37000,0,0,0,0,0,0,5000,5000,0,5000,0,0,0,42000
07014P,華通元大99售04  ,0,0,0,0,0,0,0,0,0,42000,0,0,0,65000,23000,42000,42000
1503,士電            ,56000,13000,43000,0,0,0,0,0,0,-1000,0,1000,-1000,0,0,0,42000
04839P,大立光元大94售17,0,0,0,0,0,0,0,0,0,42000,0,0,0,95000,53000,42000,42000
046934,智邦元富96購01  ,0,0,0,0,0,0,0,0,0,42000,0,0,0,42000,0,42000,42000
07062P,台積電元大99售15,0,0,0,0,0,0,0,0,0,41000,0,0,0,41000,0,41000,41000
059158,S&P正2凱基99購01,0,0,0,0,0,0,0,0,0,41000,0,0,0,41000,0,41000,41000
058598,T50反1元大99購04,0,0,0,0,0,0,0,0,0,41000,0,0,0,50000,9000,41000,41000
05972P,瑞昱元大96售01  ,0,0,0,0,0,0,0,0,0,41000,0,0,0,61000,20000,41000,41000
05602P,國巨元大96售06  ,0,0,0,0,0,0,0,0,0,41000,0,0,0,41000,0,41000,41000
6669,緯穎            ,343672,274000,69672,0,0,0,30000,51000,-21000,-8000,0,0,0,3000,11000,-8000,40672
059400,滬深2X元富9C購04,0,0,0,0,0,0,0,0,0,40000,0,0,0,324000,284000,40000,40000
2852,第一保          ,106000,66000,40000,0,0,0,0,0,0,0,0,0,0,0,0,0,40000
057579,長榮航中信9A購01,0,0,0,0,0,0,0,0,0,40000,0,0,0,40000,0,40000,40000
07138P,台灣50群益9B售04,0,0,0,0,0,0,0,0,0,40000,0,0,0,40000,0,40000,40000
07112P,聯發科群益99售05,0,0,0,0,0,0,0,0,0,40000,0,0,0,45000,5000,40000,40000
06955P,臻鼎元富99售01  ,0,0,0,0,0,0,0,0,0,40000,0,0,0,44000,4000,40000,40000
053727,麗豐凱基97購01  ,0,0,0,0,0,0,0,0,0,40000,0,0,0,40000,0,40000,40000
053827,漢唐麥證9A購01  ,0,0,0,40000,0,40000,0,0,0,40000,0,0,0,40000,0,40000,40000
057139,華新科兆豐98購02,0,0,0,0,0,0,0,0,0,40000,0,0,0,40000,0,40000,40000
05412P,泰碩國票95售02  ,0,0,0,0,0,0,0,0,0,40000,0,0,0,40000,0,40000,40000
056098,矽創元富97購02  ,0,0,0,0,0,0,0,0,0,40000,0,0,0,40000,0,40000,40000
052080,康友元富98購02  ,0,0,0,0,0,0,0,0,0,40000,0,0,0,40000,0,40000,40000
051995,矽力元大95購03  ,0,0,0,0,0,0,0,0,0,40000,0,0,0,40000,0,40000,40000
051799,台積電永豐96購01,0,0,0,0,0,0,0,0,0,40000,0,0,0,40000,0,40000,40000
051324,康友國票96購01  ,0,0,0,0,0,0,0,0,0,40000,0,0,0,40000,0,40000,40000
05171P,臺股指元大95售15,0,0,0,0,0,0,0,0,0,40000,0,0,0,40000,0,40000,40000
04346P,大立光兆豐95售02,0,0,0,0,0,0,0,0,0,40000,0,0,0,40000,0,40000,40000
04380P,欣興元大94售02  ,0,0,0,0,0,0,0,0,0,40000,0,0,0,60000,20000,40000,40000
03999P,鴻海凱基94售11  ,0,0,0,0,0,0,0,0,0,40000,0,0,0,40000,0,40000,40000
056849,瀚宇博元富98購01,0,0,0,0,0,0,0,0,0,40000,0,0,0,40000,0,40000,40000
056851,瑞儀元富98購01  ,0,0,0,0,0,0,0,0,0,40000,0,0,0,40000,0,40000,40000
055832,台達電元大97購02,0,0,0,0,0,0,0,0,0,40000,0,0,0,40000,0,40000,40000
055566,台表科凱基97購03,0,0,0,0,0,0,0,0,0,40000,0,0,0,40000,0,40000,40000
055377,揚明光元大98購01,0,0,0,0,0,0,0,0,0,40000,0,0,0,100000,60000,40000,40000
053507,百和兆豐96購01  ,0,0,0,0,0,0,0,0,0,40000,0,0,0,40000,0,40000,40000
053205,台光電麥證96購01,0,0,0,10000,120000,-110000,0,0,0,40000,0,0,0,160000,120000,40000,40000
056658,美食元大98購01  ,0,0,0,0,0,0,0,0,0,40000,0,0,0,40000,0,40000,40000
056535,全新凱基99購02  ,0,0,0,0,0,0,0,0,0,40000,0,0,0,50000,10000,40000,40000
052672,世紀鋼群益96購02,0,0,0,0,0,0,0,0,0,40000,0,0,0,60000,20000,40000,40000
054346,世芯國票97購01  ,0,0,0,0,0,0,0,0,0,40000,0,0,0,40000,0,40000,40000
054403,同欣電永豐96購02,0,0,0,0,0,0,0,0,0,40000,0,0,0,40000,0,40000,40000
056211,南港國票98購01  ,0,0,0,0,0,0,0,0,0,40000,0,0,0,278000,238000,40000,40000
056306,晶相光元大98購01,0,0,0,0,0,0,0,0,0,40000,0,0,0,40000,0,40000,40000
9905,大華            ,62000,22000,40000,0,0,0,0,0,0,0,0,0,0,0,0,0,40000
2401,凌陽            ,261000,192000,69000,0,0,0,0,0,0,-30000,0,30000,-30000,0,0,0,39000
2608,嘉里大榮        ,83000,43000,40000,0,0,0,0,0,0,-1000,0,1000,-1000,0,0,0,39000
059044,聯電日盛99購02  ,0,0,0,0,0,0,0,0,0,39000,0,0,0,40000,1000,39000,39000
045767,大立光元富95購01,0,0,0,0,0,0,0,0,0,39000,0,0,0,39000,0,39000,39000
053834,卜蜂永豐96購01  ,0,0,0,0,0,0,0,0,0,39000,0,0,0,39000,0,39000,39000
8926,台汽電          ,240000,200000,40000,0,0,0,0,0,0,-1000,0,1000,-1000,0,0,0,39000
6533,晶心科          ,111000,72000,39000,0,0,0,0,0,0,0,0,0,0,0,0,0,39000
06431P,新日興元大97售05,0,0,0,0,0,0,0,0,0,38000,0,0,0,43000,5000,38000,38000
3356,奇偶            ,58000,20000,38000,0,0,0,0,0,0,0,0,0,0,0,0,0,38000
3437,榮創            ,129000,91000,38000,0,0,0,0,0,0,0,0,0,0,0,0,0,38000
07268P,臺股指元大99售24,0,0,0,0,0,0,0,0,0,38000,0,0,0,55000,17000,38000,38000
058672,可成群益9B購02  ,0,0,0,0,0,0,0,0,0,38000,0,0,0,98000,60000,38000,38000
07057P,大立光康和9B售02,0,0,0,0,0,0,0,0,0,38000,0,0,0,56000,18000,38000,38000
059189,國泰金富邦9B購01,0,0,0,0,0,0,0,0,0,38000,0,0,0,38000,0,38000,38000
051366,康友國泰97購01  ,0,0,0,0,0,0,0,0,0,38000,0,0,0,38000,0,38000,38000
053337,聯電國票97購01  ,0,0,0,0,0,0,0,0,0,38000,0,0,0,38000,0,38000,38000
07294P,滬深2X元富9C售08,0,0,0,0,0,0,0,0,0,37000,0,0,0,338000,301000,37000,37000
059003,中壽元大99購01  ,0,0,0,0,0,0,0,0,0,37000,0,0,0,48000,11000,37000,37000
058746,華通凱基9A購02  ,0,0,0,0,0,0,0,0,0,37000,0,0,0,37000,0,37000,37000
06684P,緯穎元大98售06  ,0,0,0,0,0,0,0,0,0,37000,0,0,0,297000,260000,37000,37000
051623,和碩凱基96購02  ,0,0,0,0,0,0,0,0,0,37000,0,0,0,37000,0,37000,37000
2426,鼎元            ,107000,70000,37000,0,0,0,0,0,0,-1000,0,1000,-1000,0,0,0,36000
4155,訊映            ,57000,21000,36000,0,0,0,0,0,0,0,0,0,0,0,0,0,36000
2062,橋椿            ,48000,12000,36000,0,0,0,0,0,0,0,0,0,0,0,0,0,36000
1714,和桐            ,475000,440000,35000,0,0,0,0,0,0,1000,2000,1000,1000,0,0,0,36000
2348,海悅            ,50000,14000,36000,0,0,0,0,0,0,0,0,0,0,0,0,0,36000
046813,聯電凱基96購01  ,0,0,0,0,0,0,0,0,0,36000,0,0,0,48000,12000,36000,36000
05064P,台積電元大95售10,0,0,0,0,0,0,0,0,0,36000,0,0,0,36000,0,36000,36000
04974P,聯發科凱基96售02,0,0,0,0,0,0,0,0,0,36000,0,0,0,54000,18000,36000,36000
06556P,臺股指元大99售08,0,0,0,0,0,0,0,0,0,36000,0,0,0,36000,0,36000,36000
06845P,億光元大98售02  ,0,0,0,0,0,0,0,0,0,35000,0,0,0,35000,0,35000,35000
3653,健策            ,690000,856000,-166000,0,0,0,693000,529000,164000,37000,2000,8000,-6000,63000,20000,43000,35000
2414,精技            ,76000,40000,36000,0,0,0,0,0,0,-1000,0,1000,-1000,0,0,0,35000
059326,康友元大99購01  ,0,0,0,0,0,0,0,0,0,35000,0,0,0,67000,32000,35000,35000
06649P,聯發科元大98售08,0,0,0,0,0,0,0,0,0,35000,0,0,0,35000,0,35000,35000
059145,創意國票99購02  ,0,0,0,0,0,0,0,0,0,35000,0,0,0,38000,3000,35000,35000
055476,台郡凱基97購02  ,0,0,0,0,0,0,0,0,0,35000,0,0,0,53000,18000,35000,35000
055748,GIS元富97購01   ,0,0,0,0,0,0,0,0,0,35000,0,0,0,35000,0,35000,35000
055966,茂林元大99購01  ,0,0,0,0,0,0,0,0,0,35000,0,0,0,35000,0,35000,35000
05295P,緯創凱基95售01  ,0,0,0,0,0,0,0,0,0,35000,0,0,0,35000,0,35000,35000
05638P,國巨統一96售04  ,0,0,0,0,0,0,0,0,0,35000,0,0,0,35000,0,35000,35000
056406,建準國票99購01  ,0,0,0,0,0,0,0,0,0,35000,0,0,0,35000,0,35000,35000
04875P,台積電中信94售04,0,0,0,0,0,0,0,0,0,35000,0,0,0,35000,0,35000,35000
057059,易華電元大99購01,0,0,0,0,0,0,0,0,0,35000,0,0,0,35000,0,35000,35000
03658C,T50反1元大9A牛02,1000,0,1000,0,0,0,0,0,0,34000,0,0,0,37000,3000,34000,35000
5203,訊連            ,145000,90000,55000,0,0,0,0,0,0,-20000,0,20000,-20000,0,0,0,35000
6155,鈞寶            ,81000,48000,33000,0,0,0,0,0,0,2000,2000,0,2000,0,0,0,35000
058788,喬山元大99購01  ,0,0,0,0,0,0,0,0,0,34000,0,0,0,34000,0,34000,34000
059012,臺股指元大9A購31,0,0,0,0,0,0,0,0,0,34000,0,0,0,40000,6000,34000,34000
059559,T50反1凱基99購07,0,0,0,0,0,0,0,0,0,34000,0,0,0,1184000,1150000,34000,34000
059669,台灣50元富9B購05,0,0,0,0,0,0,0,0,0,34000,0,0,0,97000,63000,34000,34000
06495P,華新科亞東9A售01,0,0,0,0,0,0,0,0,0,34000,0,0,0,34000,0,34000,34000
4108,懷特            ,36000,2000,34000,0,0,0,0,0,0,0,0,0,0,0,0,0,34000
07327P,台灣50群益9A售06,0,0,0,0,0,0,0,0,0,34000,0,0,0,146000,112000,34000,34000
1321,大洋            ,57000,23000,34000,0,0,0,0,0,0,0,0,0,0,0,0,0,34000
07340P,鴻海凱基99售15  ,0,0,0,0,0,0,0,0,0,34000,0,0,0,53000,19000,34000,34000
057201,華擎元富98購01  ,0,0,0,0,0,0,0,0,0,34000,0,0,0,56000,22000,34000,34000
057420,美食凱基98購01  ,0,0,0,0,0,0,0,0,0,34000,0,0,0,48000,14000,34000,34000
04618P,電子類群益94售02,0,0,0,0,0,0,0,0,0,34000,0,0,0,34000,0,34000,34000
056437,台積電凱基98購11,0,0,0,0,0,0,0,0,0,34000,0,0,0,34000,0,34000,34000
05292P,台積電凱基95售16,0,0,0,0,0,0,0,0,0,34000,0,0,0,34000,0,34000,34000
053463,可成富邦98購01  ,0,0,0,0,0,0,0,0,0,34000,0,0,0,34000,0,34000,34000
054846,瑞昱兆豐97購01  ,0,0,0,0,0,0,0,0,0,34000,0,0,0,35000,1000,34000,34000
05558P,鴻海麥證96售01  ,0,0,0,34000,0,34000,0,0,0,34000,0,0,0,34000,0,34000,34000
06765P,欣興元大98售11  ,0,0,0,0,0,0,0,0,0,34000,0,0,0,39000,5000,34000,34000
5533,皇鼎            ,36000,2000,34000,0,0,0,0,0,0,0,0,0,0,0,0,0,34000
06864P,健策凱基98售01  ,0,0,0,0,0,0,0,0,0,33000,0,0,0,33000,0,33000,33000
07135P,臺股指元大9A售29,0,0,0,0,0,0,0,0,0,33000,0,0,0,33000,0,33000,33000
2546,根基            ,46000,13000,33000,0,0,0,0,0,0,0,0,0,0,0,0,0,33000
045054,聯發科元富98購02,0,0,0,0,0,0,0,0,0,33000,0,0,0,33000,0,33000,33000
00703,台新MSCI中國    ,1000,0,1000,0,0,0,0,0,0,32000,0,0,0,400000,368000,32000,33000
052406,力成凱基95購03  ,0,0,0,0,0,0,0,0,0,33000,0,0,0,107000,74000,33000,33000
04865P,台積電亞東95售01,0,0,0,0,0,0,0,0,0,33000,0,0,0,33000,0,33000,33000
5519,隆大            ,91000,49000,42000,0,0,0,0,0,0,-9000,0,9000,-9000,0,0,0,33000
9943,好樂迪          ,69000,32000,37000,0,0,0,0,0,0,-4000,0,4000,-4000,0,0,0,33000
3711,日月光投控      ,9012617,8893854,118763,0,0,0,2000,0,2000,-88000,41000,127000,-86000,34000,36000,-2000,32763
2855,統一證          ,685000,652660,32340,0,0,0,0,0,0,0,0,0,0,0,0,0,32340
2908,特力            ,59000,27000,32000,0,0,0,0,0,0,0,0,0,0,0,0,0,32000
4576,大銀微系統      ,42000,10000,32000,0,0,0,0,0,0,0,0,0,0,0,0,0,32000
058999,台積電元大99購24,0,0,0,0,0,0,0,0,0,32000,0,0,0,32000,0,32000,32000
059495,台灣50元富9C購02,0,0,0,0,0,0,0,0,0,32000,0,0,0,47000,15000,32000,32000
058691,友訊國票9A購01  ,0,0,0,0,0,0,0,0,0,32000,0,0,0,43000,11000,32000,32000
054046,義隆元大96購02  ,0,0,0,0,0,0,0,0,0,32000,0,0,0,85000,53000,32000,32000
059097,世紀鋼元大99購05,0,0,0,0,0,0,0,0,0,32000,0,0,0,38000,6000,32000,32000
054463,瑞昱凱基97購01  ,0,0,0,0,0,0,0,0,0,32000,0,0,0,32000,0,32000,32000
07218P,臺股指凱基99售31,0,0,0,0,0,0,0,0,0,31000,0,0,0,40000,9000,31000,31000
1604,聲寶            ,152000,121000,31000,0,0,0,0,0,0,0,0,0,0,0,0,0,31000
07318P,鴻海凱基01售02  ,0,0,0,0,0,0,0,0,0,31000,0,0,0,48000,17000,31000,31000
059327,南茂元大99購01  ,0,0,0,0,0,0,0,0,0,31000,0,0,0,50000,19000,31000,31000
06429P,大立光元大97售15,0,0,0,0,0,0,0,0,0,31000,0,0,0,42000,11000,31000,31000
3583,辛耘            ,63000,32000,31000,0,0,0,0,0,0,0,0,0,0,0,0,0,31000
3014,聯陽            ,271000,239000,32000,0,0,0,0,0,0,-1000,0,1000,-1000,0,0,0,31000
3015,全漢            ,70000,32000,38000,0,0,0,0,0,0,-7000,0,7000,-7000,0,0,0,31000
056494,緯創國泰99購01  ,0,0,0,0,0,0,0,0,0,31000,0,0,0,31000,0,31000,31000
06608P,立積群益99售02  ,0,0,0,0,0,0,0,0,0,31000,0,0,0,31000,0,31000,31000
051864,聯發科凱基96購03,0,0,0,0,0,0,0,0,0,31000,0,0,0,31000,0,31000,31000
020000,富邦特選蘋果N   ,0,0,0,0,0,0,0,0,0,31000,0,0,0,35000,4000,31000,31000
5515,建國            ,47000,13000,34000,0,0,0,0,0,0,-3000,0,3000,-3000,0,0,0,31000
2528,皇普            ,35000,4000,31000,0,0,0,0,0,0,-1000,2000,3000,-1000,0,0,0,30000
058329,S&P正2元富01購01,0,0,0,0,0,0,0,0,0,30000,0,0,0,30000,0,30000,30000
058131,義隆元大99購02  ,0,0,0,0,0,0,0,0,0,30000,0,0,0,122000,92000,30000,30000
06336P,鴻海元大98售05  ,0,0,0,0,0,0,0,0,0,30000,0,0,0,30000,0,30000,30000
06183P,大立光元大97售05,0,0,0,0,0,0,0,0,0,30000,0,0,0,30000,0,30000,30000
058950,國巨群益99購06  ,0,0,0,0,0,0,0,0,0,30000,0,0,0,250000,220000,30000,30000
059168,奇力新凱基99購05,0,0,0,0,0,0,0,0,0,30000,0,0,0,30000,0,30000,30000
057850,上銀兆豐99購02  ,0,0,0,0,0,0,0,0,0,30000,0,0,0,40000,10000,30000,30000
06925P,致茂群益9A售02  ,0,0,0,0,0,0,0,0,0,30000,0,0,0,30000,0,30000,30000
058707,泰鼎元大99購02  ,0,0,0,0,0,0,0,0,0,30000,0,0,0,35000,5000,30000,30000
058653,光寶科中信9A購01,0,0,0,0,0,0,0,0,0,30000,0,0,0,30000,0,30000,30000
057597,華通群益9A購02  ,0,0,0,0,0,0,0,0,0,30000,0,0,0,30000,0,30000,30000
057259,台積電兆豐98購03,0,0,0,0,0,0,0,0,0,30000,0,0,0,30000,0,30000,30000
048026,瑞昱凱基94購01  ,0,0,0,0,0,0,0,0,0,30000,0,0,0,40000,10000,30000,30000
04810P,亞德客元大94售01,0,0,0,0,0,0,0,0,0,30000,0,0,0,30000,0,30000,30000
051113,聯電元富95購01  ,0,0,0,0,0,0,0,0,0,30000,0,0,0,30000,0,30000,30000
051405,世芯永豐95購01  ,0,0,0,0,0,0,0,0,0,30000,0,0,0,30000,0,30000,30000
049235,元油2X元富96購05,30000,0,30000,0,0,0,0,0,0,0,0,0,0,0,0,0,30000
049433,健策國票95購03  ,0,0,0,0,0,0,0,0,0,30000,0,0,0,30000,0,30000,30000
048695,滬深2X國票95購03,0,0,0,0,0,0,0,0,0,30000,0,0,0,30000,0,30000,30000
04835P,鴻海元大94售18  ,0,0,0,0,0,0,0,0,0,30000,0,0,0,30000,0,30000,30000
05063P,聯電元大96售03  ,0,0,0,0,0,0,0,0,0,30000,0,0,0,30000,0,30000,30000
050223,聯茂元富94購02  ,0,0,0,0,0,0,0,0,0,30000,0,0,0,30000,0,30000,30000
056197,友訊永豐97購01  ,0,0,0,0,0,0,0,0,0,30000,0,0,0,30000,0,30000,30000
056087,世芯統一97購01  ,0,0,0,0,0,0,0,0,0,30000,0,0,0,30000,0,30000,30000
06618P,智邦元大98售04  ,0,0,0,0,0,0,0,0,0,30000,0,0,0,47000,17000,30000,30000
06645P,上銀元大98售05  ,0,0,0,0,0,0,0,0,0,30000,0,0,0,30000,0,30000,30000
059119,華擎永豐99購02  ,0,0,0,0,0,0,0,0,0,30000,0,0,0,30000,0,30000,30000
05549P,臺股指元大96售03,0,0,0,0,0,0,0,0,0,30000,0,0,0,30000,0,30000,30000
055336,茂林兆豐98購01  ,0,0,0,0,0,0,0,0,0,30000,0,0,0,30000,0,30000,30000
055931,冠德群益97購02  ,0,0,0,0,0,0,0,0,0,30000,0,0,0,30000,0,30000,30000
052787,國巨中信96購02  ,0,0,0,0,0,0,0,0,0,30000,0,0,0,30000,0,30000,30000
054630,聯鈞凱基98購01  ,0,0,0,0,0,0,0,0,0,30000,0,0,0,30000,0,30000,30000
054311,世芯凱基96購02  ,0,0,0,0,0,0,0,0,0,30000,0,0,0,30000,0,30000,30000
054237,茂林群益97購01  ,0,0,0,0,0,0,0,0,0,30000,0,0,0,30000,0,30000,30000
056288,健鼎永豐97購01  ,0,0,0,0,0,0,0,0,0,30000,0,0,0,80000,50000,30000,30000
054912,群光凱基97購01  ,0,0,0,0,0,0,0,0,0,30000,0,0,0,35000,5000,30000,30000
054739,義隆凱基98購02  ,0,0,0,0,0,0,0,0,0,30000,0,0,0,30000,0,30000,30000
054726,台積電日盛97購01,0,0,0,0,0,0,0,0,0,30000,0,0,0,30000,0,30000,30000
056592,台積電元富98購01,0,0,0,0,0,0,0,0,0,30000,0,0,0,30000,0,30000,30000
8499,鼎炫-KY         ,36000,6000,30000,0,0,0,0,0,0,0,0,0,0,0,0,0,30000
2362,藍天            ,263000,237000,26000,0,0,0,0,0,0,3000,4000,1000,3000,0,0,0,29000
06857P,超眾永豐98售02  ,0,0,0,0,0,0,0,0,0,29000,0,0,0,29000,0,29000,29000
06849P,欣興元大98售12  ,0,0,0,0,0,0,0,0,0,29000,0,0,0,41000,12000,29000,29000
057863,美律凱基9A購01  ,0,0,0,0,0,0,0,0,0,29000,0,0,0,29000,0,29000,29000
07220P,台灣50中信03售05,0,0,0,0,0,0,0,0,0,29000,0,0,0,33000,4000,29000,29000
1315,達新            ,89000,60000,29000,0,0,0,0,0,0,0,0,0,0,0,0,0,29000
06197P,國巨元大97售08  ,0,0,0,0,0,0,0,0,0,29000,0,0,0,29000,0,29000,29000
058369,亞光凱基99購02  ,0,0,0,0,0,0,0,0,0,29000,0,0,0,77000,48000,29000,29000
3708,上緯投控        ,61000,32000,29000,0,0,0,0,0,0,0,0,0,0,0,0,0,29000
4720,德淵            ,29000,0,29000,0,0,0,0,0,0,0,0,0,0,0,0,0,29000
056722,滬深反中信9B購01,0,0,0,0,0,0,0,0,0,29000,0,0,0,29000,0,29000,29000
053003,國巨永豐96購02  ,0,0,0,0,0,0,0,0,0,29000,0,0,0,30000,1000,29000,29000
057810,技嘉元大98購06  ,0,0,0,0,0,0,0,0,0,29000,0,0,0,30000,1000,29000,29000
054137,聯詠元大97購02  ,0,0,0,0,0,0,0,0,0,29000,0,0,0,29000,0,29000,29000
054026,台積電凱基97購08,0,0,0,0,0,0,0,0,0,29000,0,0,0,29000,0,29000,29000
04975P,華新科凱基96售02,0,0,0,0,0,0,0,0,0,29000,0,0,0,29000,0,29000,29000
048627,T50反1元大96購02,0,0,0,0,0,0,0,0,0,29000,0,0,0,29000,0,29000,29000
04607P,A50中信94售01   ,0,0,0,0,0,0,0,0,0,29000,0,0,0,29000,0,29000,29000
6715,嘉基            ,35000,6000,29000,0,0,0,0,0,0,0,0,0,0,0,0,0,29000
6477,安集            ,36000,7000,29000,0,0,0,0,0,0,0,0,0,0,0,0,0,29000
1231,聯華食          ,113000,85460,27540,0,0,0,0,0,0,1000,1000,0,1000,0,0,0,28540
4737,華廣            ,35000,7000,28000,0,0,0,0,0,0,0,0,0,0,0,0,0,28000
3164,景岳            ,36000,7000,29000,0,0,0,0,0,0,-1000,0,1000,-1000,0,0,0,28000
06323P,台郡統一97售01  ,0,0,0,0,0,0,0,0,0,28000,0,0,0,28000,0,28000,28000
05234P,美食康和95售01  ,0,0,0,0,0,0,0,0,0,28000,0,0,0,30000,2000,28000,28000
06751P,旺宏凱基98售10  ,0,0,0,0,0,0,0,0,0,28000,0,0,0,28000,0,28000,28000
052986,聯發科元大97購05,0,0,0,0,0,0,0,0,0,28000,0,0,0,28000,0,28000,28000
053276,友達元大9C購01  ,0,0,0,0,0,0,0,0,0,28000,0,0,0,28000,0,28000,28000
052647,晶技永豐97購01  ,0,0,0,0,0,0,0,0,0,28000,0,0,0,55000,27000,28000,28000
052482,茂林群益95購01  ,0,0,0,0,0,0,0,0,0,28000,0,0,0,28000,0,28000,28000
2820,華票            ,433000,404000,29000,0,0,0,0,0,0,-2000,1000,3000,-2000,0,0,0,27000
4989,榮科            ,30000,3000,27000,0,0,0,0,0,0,0,0,0,0,0,0,0,27000
3645,達邁            ,62000,35000,27000,0,0,0,0,0,0,0,0,0,0,0,0,0,27000
3703,欣陸            ,497000,425000,72000,0,0,0,0,0,0,-45000,0,45000,-45000,0,0,0,27000
1467,南緯            ,29000,2000,27000,0,0,0,0,0,0,0,0,0,0,0,0,0,27000
07285P,上証2X群益01售02,0,0,0,0,0,0,0,0,0,27000,0,0,0,27000,0,27000,27000
052674,智邦國泰98購01  ,0,0,0,0,0,0,0,0,0,27000,0,0,0,27000,0,27000,27000
057064,華新科富邦9B購01,0,0,0,0,0,0,0,0,0,27000,0,0,0,37000,10000,27000,27000
05101P,大立光凱基95售11,0,0,0,0,0,0,0,0,0,27000,0,0,0,27000,0,27000,27000
6670,復盛應用        ,518000,191000,327000,0,0,0,0,300000,-300000,0,0,0,0,0,0,0,27000
07160P,台灣50中信03售04,0,0,0,0,0,0,0,0,0,26000,0,0,0,46000,20000,26000,26000
3588,通嘉            ,46000,20000,26000,0,0,0,0,0,0,0,0,0,0,0,0,0,26000
2816,旺旺保          ,45000,16000,29000,0,0,0,0,0,0,-3000,0,3000,-3000,0,0,0,26000
06204P,鴻海群益97售04  ,0,0,0,0,0,0,0,0,0,26000,0,0,0,26000,0,26000,26000
045055,聯發科元富98購03,0,0,0,0,0,0,0,0,0,26000,0,0,0,26000,0,26000,26000
04923P,GIS凱基94售06   ,0,0,0,0,0,0,0,0,0,26000,0,0,0,26000,0,26000,26000
00645,富邦日本        ,0,0,0,0,0,0,0,0,0,26000,0,0,0,86000,60000,26000,26000
054556,世芯凱基99購01  ,0,0,0,0,0,0,0,0,0,26000,0,0,0,26000,0,26000,26000
053050,華通國票97購02  ,0,0,0,0,0,0,0,0,0,26000,0,0,0,64000,38000,26000,26000
06674P,祥碩群益98售02  ,0,0,0,0,0,0,0,0,0,26000,0,0,0,26000,0,26000,26000
06081P,深中小元大97售02,0,0,0,0,0,0,0,0,0,25000,0,0,0,25000,0,25000,25000
06399P,台表科凱基97售05,0,0,0,0,0,0,0,0,0,25000,0,0,0,25000,0,25000,25000
2882B,國泰金乙特      ,0,1000,-1000,0,0,0,0,0,0,26000,33000,7000,26000,0,0,0,25000
2520,冠德            ,214000,218000,-4000,0,0,0,3000,0,3000,26000,30000,5000,25000,1000,0,1000,25000
2468,華經            ,28000,3000,25000,0,0,0,0,0,0,0,0,0,0,0,0,0,25000
057881,SP黃豆群益9A購01,0,0,0,0,0,0,0,0,0,25000,0,0,0,40000,15000,25000,25000
06808P,電子類群益98售02,0,0,0,0,0,0,0,0,0,25000,0,0,0,25000,0,25000,25000
07068P,欣興台新99售01  ,0,0,0,0,0,0,0,0,0,25000,0,0,0,25000,0,25000,25000
2305,全友            ,25000,0,25000,0,0,0,0,0,0,0,0,0,0,0,0,0,25000
2017,官田鋼          ,25000,0,25000,0,0,0,0,0,0,0,0,0,0,0,0,0,25000
2397,友通            ,32000,7000,25000,0,0,0,0,0,0,0,0,0,0,0,0,0,25000
057662,上銀元大9A購01  ,0,0,0,0,0,0,0,0,0,25000,0,0,0,25000,0,25000,25000
058439,玉晶光統一01購02,0,0,0,0,0,0,0,0,0,25000,0,0,0,25000,0,25000,25000
06705P,臻鼎元富98售03  ,0,0,0,0,0,0,0,0,0,25000,0,0,0,25000,0,25000,25000
06572P,台積電永昌99售01,0,0,0,0,0,0,0,0,0,25000,0,0,0,30000,5000,25000,25000
057825,和碩元大98購02  ,0,0,0,0,0,0,0,0,0,25000,0,0,0,25000,0,25000,25000
059834,友達國泰9B購01  ,0,0,0,0,0,0,0,0,0,25000,0,0,0,33000,8000,25000,25000
05642P,玉晶光兆豐97售02,0,0,0,0,0,0,0,0,0,25000,0,0,0,35000,10000,25000,25000
04775P,台積電凱基94售29,0,0,0,0,0,0,0,0,0,25000,0,0,0,80000,55000,25000,25000
051829,玉晶光元大98購02,0,0,0,0,0,0,0,0,0,25000,0,0,0,25000,0,25000,25000
8021,尖點            ,58000,16000,42000,0,0,0,0,0,0,-17000,0,17000,-17000,0,0,0,25000
058077,超眾凱基98購02  ,0,0,0,0,0,0,0,0,0,24000,0,0,0,24000,0,24000,24000
1225,福懋油          ,21000,0,21000,0,0,0,0,0,0,3000,3000,0,3000,0,0,0,24000
06521P,矽力元大98售01  ,0,0,0,0,0,0,0,0,0,24000,0,0,0,24000,0,24000,24000
07259P,滬深2X國票01售01,0,0,0,0,0,0,0,0,0,24000,0,0,0,25000,1000,24000,24000
059550,台灣50日盛99購02,0,0,0,0,0,0,0,0,0,24000,0,0,0,25000,1000,24000,24000
056153,華新科凱基97購02,0,0,0,0,0,0,0,0,0,24000,0,0,0,30000,6000,24000,24000
049293,友訊群益95購01  ,0,0,0,0,0,0,0,0,0,24000,0,0,0,24000,0,24000,24000
04126P,滬深2X國票95售02,0,0,0,0,0,0,0,0,0,24000,0,0,0,85000,61000,24000,24000
052681,T50反1元大98購02,0,0,0,0,0,0,0,0,0,24000,0,0,0,149000,125000,24000,24000
059848,智邦永豐99購01  ,0,0,0,0,0,0,0,0,0,24000,0,0,0,28000,4000,24000,24000
055779,國泰金凱基97購02,0,0,0,0,0,0,0,0,0,24000,0,0,0,71000,47000,24000,24000
6443,元晶            ,121000,97000,24000,0,0,0,0,0,0,0,0,0,0,0,0,0,24000
6165,捷泰            ,41000,17000,24000,0,0,0,0,0,0,0,0,0,0,0,0,0,24000
2433,互盛電          ,47000,23000,24000,0,0,0,0,0,0,-1000,0,1000,-1000,0,0,0,23000
2723,美食-KY         ,188000,165000,23000,0,0,0,0,0,0,0,0,0,0,0,0,0,23000
05766P,A50正2凱基99售01,0,0,0,0,0,0,0,0,0,23000,0,0,0,23000,0,23000,23000
059278,群創元大9A購04  ,0,0,0,0,0,0,0,0,0,23000,0,0,0,23000,0,23000,23000
055735,宏達電元富98購01,0,0,0,0,0,0,0,0,0,23000,0,0,0,23000,0,23000,23000
055687,瀚宇博凱基97購01,0,0,0,0,0,0,0,0,0,23000,0,0,0,30000,7000,23000,23000
053027,玉晶光富邦98購01,0,0,0,0,0,0,0,0,0,23000,0,0,0,23000,0,23000,23000
04634P,臺股指群益94售09,0,0,0,0,0,0,0,0,0,23000,0,0,0,58000,35000,23000,23000
045479,T50反1中信95購01,0,0,0,0,0,0,0,0,0,23000,0,0,0,23000,0,23000,23000
048166,滬深2X永豐96購02,0,0,0,0,0,0,0,0,0,23000,0,0,0,68000,45000,23000,23000
03662C,FBVIX凱基03牛01 ,0,0,0,0,0,0,0,0,0,23000,0,0,0,57000,34000,23000,23000
05180P,玉晶光凱基95售04,0,0,0,0,0,0,0,0,0,23000,0,0,0,23000,0,23000,23000
048850,聯電群益96購01  ,0,0,0,0,0,0,0,0,0,23000,0,0,0,73000,50000,23000,23000
8462,柏文            ,55000,32000,23000,0,0,0,0,0,0,0,0,0,0,0,0,0,23000
5531,鄉林            ,183480,160589,22891,0,0,0,0,0,0,0,0,0,0,0,0,0,22891
4746,台耀            ,103000,57000,46000,0,0,0,0,0,0,-24000,3000,27000,-24000,0,0,0,22000
058247,聯茂元大99購04  ,0,0,0,0,0,0,0,0,0,22000,0,0,0,88000,66000,22000,22000
059332,台灣50國票9A購07,0,0,0,0,0,0,0,0,0,22000,0,0,0,55000,33000,22000,22000
059063,康控凱基99購04  ,0,0,0,0,0,0,0,0,0,22000,0,0,0,22000,0,22000,22000
052003,泰碩國泰97購02  ,0,0,0,0,0,0,0,0,0,22000,0,0,0,22000,0,22000,22000
049064,T50反1凱基96購03,0,0,0,0,0,0,0,0,0,22000,0,0,0,66000,44000,22000,22000
055216,友達凱基98購05  ,0,0,0,0,0,0,0,0,0,22000,0,0,0,52000,30000,22000,22000
06651P,華新科元大99售09,0,0,0,0,0,0,0,0,0,22000,0,0,0,22000,0,22000,22000
06084P,宏達電元富97售02,0,0,0,0,0,0,0,0,0,21000,0,0,0,21000,0,21000,21000
06234P,亞德客元大97售02,0,0,0,0,0,0,0,0,0,21000,0,0,0,91000,70000,21000,21000
059037,宏達電群益99購02,0,0,0,0,0,0,0,0,0,21000,0,0,0,21000,0,21000,21000
058419,聯發科麥證99購02,0,0,0,21000,0,21000,0,0,0,21000,0,0,0,21000,0,21000,21000
4560,強信-KY         ,44000,23000,21000,0,0,0,0,0,0,0,0,0,0,0,0,0,21000
059252,聯詠凱基99購03  ,0,0,0,0,0,0,0,0,0,21000,0,0,0,68000,47000,21000,21000
058504,台積電元大99購07,0,0,0,0,0,0,0,0,0,21000,0,0,0,21000,0,21000,21000
057576,南亞科第一9C購01,0,0,0,0,0,0,0,0,0,21000,0,0,0,21000,0,21000,21000
05990P,台積電群益96售13,0,0,0,0,0,0,0,0,0,21000,0,0,0,44000,23000,21000,21000
07159P,台積電永豐99售04,0,0,0,0,0,0,0,0,0,21000,0,0,0,21000,0,21000,21000
07226P,貿聯富邦9B售01  ,0,0,0,0,0,0,0,0,0,21000,0,0,0,21000,0,21000,21000
054780,中石化群益99購01,0,0,0,0,0,0,0,0,0,21000,0,0,0,21000,0,21000,21000
04546P,台積電元大94售09,0,0,0,0,0,0,0,0,0,21000,0,0,0,21000,0,21000,21000
04041P,大立光統一94售03,0,0,0,0,0,0,0,0,0,21000,0,0,0,21000,0,21000,21000
04234P,華通群益94售02  ,0,0,0,0,0,0,0,0,0,21000,0,0,0,21000,0,21000,21000
050527,嘉聯益元大96購01,0,0,0,0,0,0,0,0,0,21000,0,0,0,21000,0,21000,21000
6230,超眾            ,372000,351005,20995,0,0,0,0,0,0,0,0,0,0,11000,11000,0,20995
06861P,台積電國票99售08,0,0,0,0,0,0,0,0,0,20000,0,0,0,20000,0,20000,20000
06917P,聯電亞東99售01  ,0,0,0,0,0,0,0,0,0,20000,0,0,0,20000,0,20000,20000
06935P,神達元大98售02  ,0,0,0,0,0,0,0,0,0,20000,0,0,0,20000,0,20000,20000
06906P,國巨國泰99售01  ,0,0,0,0,0,0,0,0,0,20000,0,0,0,20000,0,20000,20000
1338,廣華-KY         ,80000,58000,22000,0,0,0,0,0,0,-2000,0,2000,-2000,0,0,0,20000
1410,南染            ,20000,0,20000,0,0,0,0,0,0,0,0,0,0,0,0,0,20000
1526,日馳            ,48000,28000,20000,0,0,0,0,0,0,0,0,0,0,0,0,0,20000
057494,玉晶光元大99購09,0,0,0,0,0,0,0,0,0,20000,0,0,0,20000,0,20000,20000
057672,茂林元大98購02  ,0,0,0,0,0,0,0,0,0,20000,0,0,0,20000,0,20000,20000
07238P,台灣50國票99售07,0,0,0,0,0,0,0,0,0,20000,0,0,0,30000,10000,20000,20000
058638,矽力兆豐99購01  ,0,0,0,0,0,0,0,0,0,20000,0,0,0,30000,10000,20000,20000
057240,茂林凱基9A購01  ,0,0,0,0,0,0,0,0,0,20000,0,0,0,20000,0,20000,20000
057442,玉晶光統一98購03,0,0,0,0,0,0,0,0,0,20000,0,0,0,20000,0,20000,20000
057370,可成元大98購07  ,0,0,0,0,0,0,0,0,0,20000,0,0,0,27000,7000,20000,20000
2849,安泰銀          ,32000,12000,20000,0,0,0,0,0,0,0,0,0,0,0,0,0,20000
3209,全科            ,76000,56000,20000,0,0,0,0,0,0,0,0,0,0,0,0,0,20000
3047,訊舟            ,126000,106000,20000,0,0,0,0,0,0,0,0,0,0,0,0,0,20000
058410,國巨兆豐99購03  ,0,0,0,0,0,0,0,0,0,20000,0,0,0,20000,0,20000,20000
2413,環科            ,37000,11000,26000,0,0,0,0,0,0,-6000,0,6000,-6000,0,0,0,20000
058274,世紀鋼永豐99購01,0,0,0,0,0,0,0,0,0,20000,0,0,0,20000,0,20000,20000
058265,奇力新永豐9A購01,0,0,0,0,0,0,0,0,0,20000,0,0,0,20000,0,20000,20000
058240,景碩元大99購04  ,0,0,0,0,0,0,0,0,0,20000,0,0,0,20000,0,20000,20000
058875,台表科國票9A購02,0,0,0,0,0,0,0,0,0,20000,0,0,0,20000,0,20000,20000
06138P,台積電中信99售01,0,0,0,0,0,0,0,0,0,20000,0,0,0,20000,0,20000,20000
06092P,嘉聯益統一97售01,0,0,0,0,0,0,0,0,0,20000,0,0,0,20000,0,20000,20000
059508,聯發科永豐99購03,0,0,0,0,0,0,0,0,0,20000,0,0,0,20000,0,20000,20000
059329,台灣50國票99購09,0,0,0,0,0,0,0,0,0,20000,0,0,0,22000,2000,20000,20000
059620,聯發科日盛99購02,0,0,0,0,0,0,0,0,0,20000,0,0,0,22000,2000,20000,20000
07258P,台灣50台新9A售01,0,0,0,0,0,0,0,0,0,20000,0,0,0,25000,5000,20000,20000
06483P,聯發科凱基98售10,0,0,0,0,0,0,0,0,0,20000,0,0,0,30000,10000,20000,20000
050526,貿聯元大95購01  ,0,0,0,0,0,0,0,0,0,20000,0,0,0,20000,0,20000,20000
049583,台積電元大95購04,0,0,0,0,0,0,0,0,0,20000,0,0,0,20000,0,20000,20000
05004P,健策統一95售01  ,0,0,0,0,0,0,0,0,0,20000,0,0,0,20000,0,20000,20000
052053,泰鼎凱基96購01  ,0,0,0,0,0,0,0,0,0,20000,0,0,0,90000,70000,20000,20000
048832,玉晶光凱基95購02,0,0,0,0,0,0,0,0,0,20000,0,0,0,140000,120000,20000,20000
048572,美利達元大96購04,0,0,0,0,0,0,0,0,0,20000,0,0,0,20000,0,20000,20000
051911,大立光元大98購02,20000,0,20000,0,0,0,0,0,0,0,0,0,0,0,0,0,20000
053977,新日興元大96購03,0,0,0,0,0,0,0,0,0,20000,0,0,0,20000,0,20000,20000
05232P,緯穎群益95售01  ,0,0,0,0,0,0,0,0,0,20000,0,0,0,20000,0,20000,20000
053633,臺股指兆豐96購01,0,0,0,0,0,0,0,0,0,20000,0,0,0,20000,0,20000,20000
053733,華邦電中信98購01,0,0,0,0,0,0,0,0,0,20000,0,0,0,20000,0,20000,20000
04517P,宏達電群益95售01,0,0,0,0,0,0,0,0,0,20000,0,0,0,20000,0,20000,20000
04927P,大立光凱基95售06,0,0,0,0,0,0,0,0,0,20000,0,0,0,20000,0,20000,20000
049154,玉晶光元大95購02,0,0,0,0,0,0,0,0,0,20000,0,0,0,20000,0,20000,20000
048332,台積電富邦94購02,0,0,0,0,0,0,0,0,0,20000,0,0,0,20000,0,20000,20000
04827P,國巨凱基94售09  ,0,0,0,0,0,0,0,0,0,20000,0,0,0,20000,0,20000,20000
03648C,T50反1元大96牛07,0,0,0,0,0,0,0,0,0,20000,0,0,0,75000,55000,20000,20000
04818P,華新科永豐94售03,0,0,0,0,0,0,0,0,0,20000,0,0,0,20000,0,20000,20000
04808P,訊芯永豐94售02  ,0,0,0,0,0,0,0,0,0,20000,0,0,0,20000,0,20000,20000
04795P,聯發科元大94售09,0,0,0,0,0,0,0,0,0,20000,0,0,0,20000,0,20000,20000
04759P,台積電凱基94售27,0,0,0,0,0,0,0,0,0,20000,0,0,0,20000,0,20000,20000
053248,智伸科國票97購01,0,0,0,0,0,0,0,0,0,20000,0,0,0,20000,0,20000,20000
053306,晶技凱基97購01  ,0,0,0,0,0,0,0,0,0,20000,0,0,0,20000,0,20000,20000
053298,SP黃豆凱基99購01,0,0,0,0,0,0,0,0,0,20000,0,0,0,20000,0,20000,20000
053322,京鼎群益97購01  ,0,0,0,0,0,0,0,0,0,20000,0,0,0,20000,0,20000,20000
05260P,和碩元富95售02  ,0,0,0,0,0,0,0,0,0,20000,0,0,0,20000,0,20000,20000
052743,華新科元大97購01,0,0,0,0,0,0,0,0,0,20000,0,0,0,20000,0,20000,20000
052800,國巨元大96購05  ,0,0,0,0,0,0,0,0,0,20000,0,0,0,20000,0,20000,20000
052808,矽力元大96購02  ,0,0,0,0,0,0,0,0,0,20000,0,0,0,20000,0,20000,20000
05656P,台表科統一96售01,0,0,0,0,0,0,0,0,0,20000,0,0,0,20000,0,20000,20000
05450P,臺股指元大95售27,0,0,0,0,0,0,0,0,0,20000,0,0,0,20000,0,20000,20000
056314,力成元大97購01  ,0,0,0,0,0,0,0,0,0,20000,0,0,0,21000,1000,20000,20000
054244,華新元大96購01  ,0,0,0,0,0,0,0,0,0,20000,0,0,0,20000,0,20000,20000
056390,台積電富邦9B購01,0,0,0,0,0,0,0,0,0,20000,0,0,0,20000,0,20000,20000
057730,聯鈞國泰9A購01  ,0,0,0,0,0,0,0,0,0,20000,0,0,0,20000,0,20000,20000
05507P,聯茂凱基96售02  ,0,0,0,0,0,0,0,0,0,20000,0,0,0,20000,0,20000,20000
055479,GIS凱基97購04   ,0,0,0,0,0,0,0,0,0,20000,0,0,0,20000,0,20000,20000
055780,禾伸堂凱基99購01,0,0,0,0,0,0,0,0,0,20000,0,0,0,20000,0,20000,20000
055782,新日興凱基99購01,0,0,0,0,0,0,0,0,0,20000,0,0,0,20000,0,20000,20000
05683P,矽創元大96售01  ,0,0,0,0,0,0,0,0,0,20000,0,0,0,130000,110000,20000,20000
055996,矽力國泰99購01  ,0,0,0,0,0,0,0,0,0,20000,0,0,0,20000,0,20000,20000
057693,臺股指凱基98購11,0,0,0,0,0,0,0,0,0,20000,0,0,0,20000,0,20000,20000
8046,南電            ,2141000,3204000,-1063000,0,0,0,1150000,0,1150000,-67000,59000,140000,-81000,66000,52000,14000,20000
06459P,亞德客元富98售01,0,0,0,0,0,0,0,0,0,19000,0,0,0,19000,0,19000,19000
059539,緯穎凱基99購03  ,0,0,0,0,0,0,0,0,0,19000,0,0,0,21000,2000,19000,19000
06206P,台積電凱基97售11,0,0,0,0,0,0,0,0,0,19000,0,0,0,19000,0,19000,19000
058848,台積電群益99購07,0,0,0,0,0,0,0,0,0,19000,0,0,0,29000,10000,19000,19000
058129,國巨元大99購10  ,0,0,0,0,0,0,0,0,0,19000,0,0,0,19000,0,19000,19000
058278,FBVIX中信03購02 ,0,0,0,0,0,0,0,0,0,19000,0,0,0,19000,0,19000,19000
2453,凌群            ,205000,180000,25000,0,0,0,0,0,0,-6000,0,6000,-6000,0,0,0,19000
4190,佐登-KY         ,201000,93000,108000,0,0,0,0,83000,-83000,-6000,2000,7000,-5000,0,1000,-1000,19000
06921P,台光電凱基98售06,0,0,0,0,0,0,0,0,0,19000,0,0,0,19000,0,19000,19000
06855P,聯發科富邦9A售01,0,0,0,0,0,0,0,0,0,19000,0,0,0,19000,0,19000,19000
07133P,臺股指元大9A售27,0,0,0,0,0,0,0,0,0,19000,0,0,0,19000,0,19000,19000
053500,新日興兆豐97購01,0,0,0,0,0,0,0,0,0,19000,0,0,0,34000,15000,19000,19000
05316P,台積電永昌96售06,0,0,0,0,0,0,0,0,0,19000,0,0,0,19000,0,19000,19000
006207,FH滬深          ,43000,2000,41000,0,0,0,0,0,0,-22000,0,0,0,103000,125000,-22000,19000
053784,奇力新元大97購02,0,0,0,0,0,0,0,0,0,19000,0,0,0,34000,15000,19000,19000
05612P,台積電元大96售13,0,0,0,0,0,0,0,0,0,19000,0,0,0,19000,0,19000,19000
8249,菱光            ,44000,25000,19000,0,0,0,0,0,0,0,0,0,0,0,0,0,19000
1340,勝悅-KY         ,25000,7000,18000,0,0,0,0,0,0,0,0,0,0,0,0,0,18000
1232,大統益          ,41000,23000,18000,0,0,0,0,0,0,0,0,0,0,0,0,0,18000
06059P,泰碩元大97售02  ,0,0,0,0,0,0,0,0,0,18000,0,0,0,18000,0,18000,18000
4106,雃博            ,176000,148000,28000,0,0,0,0,0,0,-10000,0,10000,-10000,0,0,0,18000
4919,新唐            ,116000,98000,18000,0,0,0,0,0,0,0,0,0,0,0,0,0,18000
3050,鈺德            ,31000,13000,18000,0,0,0,0,0,0,0,0,0,0,0,0,0,18000
059064,緯穎凱基99購02  ,0,0,0,0,0,0,0,0,0,18000,0,0,0,20000,2000,18000,18000
059621,T50正2凱基9C購04,0,0,0,0,0,0,0,0,0,18000,0,0,0,18000,0,18000,18000
04787P,台積電永昌96售04,0,0,0,0,0,0,0,0,0,18000,0,0,0,21000,3000,18000,18000
04379P,大立光元大94售06,0,0,0,0,0,0,0,0,0,18000,0,0,0,20000,2000,18000,18000
054669,凌華元富97購01  ,0,0,0,0,0,0,0,0,0,18000,0,0,0,20000,2000,18000,18000
052805,晶技元大97購01  ,0,0,0,0,0,0,0,0,0,18000,0,0,0,18000,0,18000,18000
05576P,群創日盛99售02  ,0,0,0,0,0,0,0,0,0,18000,0,0,0,20000,2000,18000,18000
055367,台積電元大97購23,0,0,0,0,0,0,0,0,0,18000,0,0,0,18000,0,18000,18000
057796,鴻海兆豐99購03  ,0,0,0,0,0,0,0,0,0,18000,0,0,0,28000,10000,18000,18000
06586P,鴻海元大9C售01  ,0,0,0,0,0,0,0,0,0,18000,0,0,0,167000,149000,18000,18000
2357,華碩            ,1170954,1155500,15454,0,0,0,1000,9000,-8000,10000,6000,5000,1000,9000,0,9000,17454
2915,潤泰全          ,417120,460000,-42880,0,0,0,0,0,0,60000,2000,2000,0,76000,16000,60000,17120
058094,祥碩元大98購09  ,0,0,0,0,0,0,0,0,0,17000,0,0,0,17000,0,17000,17000
1437,勤益控          ,39000,21000,18000,0,0,0,0,0,0,-1000,0,1000,-1000,0,0,0,17000
07139P,元油2X群益9C售06,0,0,0,0,0,0,0,0,0,17000,0,0,0,17000,0,17000,17000
07075P,FBVIX凱基9C售04 ,0,0,0,0,0,0,0,0,0,17000,0,0,0,17000,0,17000,17000
06679P,旺宏元大98售09  ,0,0,0,0,0,0,0,0,0,17000,0,0,0,17000,0,17000,17000
057795,鴻海兆豐99購02  ,0,0,0,0,0,0,0,0,0,17000,0,0,0,17000,0,17000,17000
05434P,世紀鋼元富95售02,0,0,0,0,0,0,0,0,0,17000,0,0,0,17000,0,17000,17000
054868,國泰金群益9A購01,0,0,0,0,0,0,0,0,0,17000,0,0,0,17000,0,17000,17000
03763P,聯發科元富96售01,0,0,0,0,0,0,0,0,0,17000,0,0,0,17000,0,17000,17000
049255,旺宏元大97購02  ,0,0,0,0,0,0,0,0,0,17000,0,0,0,29000,12000,17000,17000
056137,聯鈞元大9A購01  ,0,0,0,0,0,0,0,0,0,17000,0,0,0,17000,0,17000,17000
00771,元大US高息特別股,0,0,0,0,0,0,0,0,0,16818,0,0,0,26818,10000,16818,16818
1227,佳格            ,538000,561260,-23260,0,0,0,0,0,0,40000,41000,1000,40000,0,0,0,16740
1219,福壽            ,17000,0,17000,0,0,0,0,0,0,-1000,0,1000,-1000,0,0,0,16000
06056P,台積電凱基98售02,0,0,0,0,0,0,0,0,0,16000,0,0,0,16000,0,16000,16000
06976P,臺股指元大9A售14,0,0,0,0,0,0,0,0,0,16000,0,0,0,16000,0,16000,16000
06872P,亞德客元富98售04,0,0,0,0,0,0,0,0,0,16000,0,0,0,16000,0,16000,16000
058561,T50反1凱基9A購05,0,0,0,0,0,0,0,0,0,16000,0,0,0,16000,0,16000,16000
2702,華園            ,25000,9000,16000,0,0,0,0,0,0,0,0,0,0,0,0,0,16000
06460P,亞德客元富98售02,0,0,0,0,0,0,0,0,0,16000,0,0,0,16000,0,16000,16000
06486P,麗豐元大98售02  ,0,0,0,0,0,0,0,0,0,16000,0,0,0,18000,2000,16000,16000
052185,奇力新群益95購03,0,0,0,0,0,0,0,0,0,16000,0,0,0,16000,0,16000,16000
050786,健策國泰96購01  ,0,0,0,0,0,0,0,0,0,16000,0,0,0,16000,0,16000,16000
048748,國巨元富96購01  ,0,0,0,0,0,0,0,0,0,16000,0,0,0,16000,0,16000,16000
052781,瀚宇博國票97購03,0,0,0,0,0,0,0,0,0,16000,0,0,0,21000,5000,16000,16000
06624P,訊芯元大98售06  ,0,0,0,0,0,0,0,0,0,16000,0,0,0,16000,0,16000,16000
05535P,台積電元大97售06,0,0,0,0,0,0,0,0,0,16000,0,0,0,16000,0,16000,16000
055493,華新科元大97購09,0,0,0,0,0,0,0,0,0,16000,0,0,0,16000,0,16000,16000
8261,富鼎            ,68000,53000,15000,0,0,0,0,0,0,1000,2000,1000,1000,0,0,0,16000
6582,申豐            ,107000,88000,19000,0,0,0,0,0,0,-3000,10000,13000,-3000,0,0,0,16000
5285,界霖            ,33000,17000,16000,0,0,0,0,0,0,0,0,0,0,0,0,0,16000
6128,上福            ,19000,2000,17000,0,0,0,0,0,0,-1000,0,1000,-1000,0,0,0,16000
2477,美隆電          ,19610,4000,15610,0,0,0,0,0,0,0,0,0,0,0,0,0,15610
1319,東陽            ,435129,816000,-380871,0,0,0,382000,0,382000,14000,16000,2000,14000,0,0,0,15129
059218,台積電元大99購31,0,0,0,0,0,0,0,0,0,15000,0,0,0,16000,1000,15000,15000
07113P,台積電兆豐99售03,0,0,0,0,0,0,0,0,0,15000,0,0,0,25000,10000,15000,15000
057862,智邦凱基99購01  ,0,0,0,0,0,0,0,0,0,15000,0,0,0,15000,0,15000,15000
059157,元石油凱基9C購01,0,0,0,0,0,0,0,0,0,15000,0,0,0,15000,0,15000,15000
058528,世紀鋼元大99購02,0,0,0,0,0,0,0,0,0,15000,0,0,0,15000,0,15000,15000
058041,FBVIX元大98購02 ,0,0,0,0,0,0,0,0,0,15000,0,0,0,15000,0,15000,15000
4438,廣越            ,34000,15000,19000,0,0,0,0,0,0,-4000,0,4000,-4000,0,0,0,15000
3419,譁裕            ,35000,20000,15000,0,0,0,0,0,0,0,0,0,0,0,0,0,15000
3504,揚明光          ,18000,3000,15000,0,0,0,0,0,0,0,0,0,0,0,0,0,15000
06387P,緯穎永豐97售02  ,0,0,0,0,0,0,0,0,0,15000,0,0,0,15000,0,15000,15000
06332P,世紀鋼群益98售01,0,0,0,0,0,0,0,0,0,15000,0,0,0,21000,6000,15000,15000
059368,T50正2元富99購02,0,0,0,0,0,0,0,0,0,15000,0,0,0,24000,9000,15000,15000
06125P,楠梓電元富99售01,0,0,0,0,0,0,0,0,0,15000,0,0,0,15000,0,15000,15000
06284P,台積電國票98售03,0,0,0,0,0,0,0,0,0,15000,0,0,0,15000,0,15000,15000
058758,台積電群益99購05,0,0,0,0,0,0,0,0,0,15000,0,0,0,15000,0,15000,15000
059032,元石油群益9C購03,0,0,0,0,0,0,0,0,0,15000,0,0,0,15000,0,15000,15000
055096,緯穎群益97購01  ,0,0,0,0,0,0,0,0,0,15000,0,0,0,15000,0,15000,15000
055804,祥碩永豐97購02  ,0,0,0,0,0,0,0,0,0,15000,0,0,0,15000,0,15000,15000
057766,矽力凱基98購03  ,0,0,0,0,0,0,0,0,0,15000,0,0,0,15000,0,15000,15000
057742,喬山永豐98購02  ,0,0,0,0,0,0,0,0,0,15000,0,0,0,25000,10000,15000,15000
059078,FBVIX元大99購06 ,0,0,0,0,0,0,0,0,0,15000,0,0,0,17000,2000,15000,15000
054547,鴻海凱基98購02  ,0,0,0,0,0,0,0,0,0,15000,0,0,0,48000,33000,15000,15000
056312,茂林元大98購01  ,0,0,0,0,0,0,0,0,0,15000,0,0,0,15000,0,15000,15000
056732,國巨凱基98購07  ,0,0,0,0,0,0,0,0,0,15000,0,0,0,15000,0,15000,15000
054965,健策元大98購04  ,0,0,0,0,0,0,0,0,0,15000,0,0,0,16000,1000,15000,15000
053118,大立光中信9C購01,0,0,0,0,0,0,0,0,0,15000,0,0,0,15000,0,15000,15000
04834P,鴻海元大94售17  ,0,0,0,0,0,0,0,0,0,15000,0,0,0,15000,0,15000,15000
050710,元黃金中信96購01,0,0,0,0,0,0,0,0,0,15000,0,0,0,15000,0,15000,15000
050484,世紀鋼國票95購02,0,0,0,0,0,0,0,0,0,15000,0,0,0,15000,0,15000,15000
053888,和大群益97購01  ,0,0,0,0,0,0,0,0,0,15000,0,0,0,15000,0,15000,15000
054028,臻鼎凱基96購03  ,0,0,0,0,0,0,0,0,0,15000,0,0,0,15000,0,15000,15000
00775B,新光投等債15+   ,0,0,0,0,0,0,0,0,0,15000,0,0,0,17000,2000,15000,15000
047099,華通富邦94購01  ,0,0,0,0,0,0,0,0,0,15000,0,0,0,15000,0,15000,15000
03439B,臺股指元大99熊29,20000,0,20000,0,0,0,0,0,0,-5000,0,0,0,82000,87000,-5000,15000
042501,台灣50凱基96購06,0,0,0,0,0,0,0,0,0,15000,0,0,0,15000,0,15000,15000
6202,盛群            ,207000,190000,17000,0,0,0,0,0,0,-2000,0,2000,-2000,0,0,0,15000
6184,大豐電          ,18000,3000,15000,0,0,0,0,0,0,0,0,0,0,0,0,0,15000
5525,順天            ,23000,8000,15000,0,0,0,0,0,0,0,0,0,0,0,0,0,15000
6605,帝寶            ,46000,31000,15000,0,0,0,0,0,0,0,0,0,0,0,0,0,15000
058878,旭富國泰9B購01  ,0,0,0,0,0,0,0,0,0,14000,0,0,0,14000,0,14000,14000
059475,元石油群益99購02,0,0,0,0,0,0,0,0,0,14000,0,0,0,47000,33000,14000,14000
06394P,台積電元大97售28,0,0,0,0,0,0,0,0,0,14000,0,0,0,14000,0,14000,14000
4763,材料-KY         ,55000,38000,17000,0,0,0,0,0,0,-3000,0,3000,-3000,0,0,0,14000
2425,承啟            ,49000,35000,14000,0,0,0,0,0,0,0,0,0,0,0,0,0,14000
057639,國巨元大99購07  ,0,0,0,0,0,0,0,0,0,14000,0,0,0,14000,0,14000,14000
2007,燁興            ,14000,0,14000,0,0,0,0,0,0,0,0,0,0,0,0,0,14000
07105P,大毅元富99售02  ,0,0,0,0,0,0,0,0,0,14000,0,0,0,24000,10000,14000,14000
07278P,台灣50元富9C售03,0,0,0,0,0,0,0,0,0,14000,0,0,0,15000,1000,14000,14000
049292,鴻海群益94購04  ,0,0,0,0,0,0,0,0,0,14000,0,0,0,14000,0,14000,14000
049387,緯穎元大94購03  ,0,0,0,0,0,0,0,0,0,14000,0,0,0,109000,95000,14000,14000
049129,S&P反1元大97購01,0,0,0,0,0,0,0,0,0,14000,0,0,0,14000,0,14000,14000
00710B,FH彭博高收益債  ,0,0,0,0,0,0,0,0,0,14000,0,0,0,140000,126000,14000,14000
00681R,元大美債20反1   ,0,0,0,0,0,0,0,0,0,14000,0,0,0,63000,49000,14000,14000
057143,台郡兆豐98購01  ,0,0,0,0,0,0,0,0,0,14000,0,0,0,15000,1000,14000,14000
052234,GIS凱基97購01   ,0,0,0,0,0,0,0,0,0,14000,0,0,0,14000,0,14000,14000
05023P,和碩凱基95售01  ,0,0,0,0,0,0,0,0,0,14000,0,0,0,14000,0,14000,14000
050171,臺指反元大97購03,0,0,0,0,0,0,0,0,0,14000,0,0,0,25000,11000,14000,14000
050854,世紀鋼國票97購01,0,0,0,0,0,0,0,0,0,14000,0,0,0,14000,0,14000,14000
050809,鴻海凱基95購08  ,0,0,0,0,0,0,0,0,0,14000,0,0,0,44000,30000,14000,14000
051903,T50反1元大97購02,0,0,0,0,0,0,0,0,0,14000,0,0,0,30000,16000,14000,14000
056368,祥碩元大98購02  ,0,0,0,0,0,0,0,0,0,14000,0,0,0,14000,0,14000,14000
05451P,臺股指元大95售28,0,0,0,0,0,0,0,0,0,14000,0,0,0,14000,0,14000,14000
052790,智邦兆豐97購01  ,0,0,0,0,0,0,0,0,0,14000,0,0,0,67000,53000,14000,14000
6168,宏齊            ,41000,27000,14000,0,0,0,0,0,0,0,0,0,0,0,0,0,14000
1717,長興            ,143000,128414,14586,0,0,0,0,0,0,-1000,2000,3000,-1000,0,0,0,13586
2344,華邦電          ,6023063,6031000,-7937,0,0,0,0,0,0,21000,252000,201000,51000,68000,98000,-30000,13063
2374,佳能            ,19000,6000,13000,0,0,0,0,0,0,0,0,0,0,0,0,0,13000
057478,智邦元大99購01  ,0,0,0,0,0,0,0,0,0,13000,0,0,0,13000,0,13000,13000
058519,嘉澤元大99購01  ,0,0,0,0,0,0,0,0,0,13000,0,0,0,35000,22000,13000,13000
058609,玉山金元大99購01,0,0,0,0,0,0,0,0,0,13000,0,0,0,13000,0,13000,13000
05861P,瀚宇博永豐96售02,0,0,0,0,0,0,0,0,0,13000,0,0,0,13000,0,13000,13000
08674P,嘉晶元富07售02  ,0,0,0,0,0,0,0,0,0,13000,0,0,0,13000,0,13000,13000
06970P,旺宏元大99售08  ,0,0,0,0,0,0,0,0,0,13000,0,0,0,13000,0,13000,13000
058407,滬深2X兆豐9A購01,0,0,0,0,0,0,0,0,0,13000,0,0,0,13000,0,13000,13000
06497P,大立光凱基98售11,0,0,0,0,0,0,0,0,0,13000,0,0,0,13000,0,13000,13000
3032,偉訓            ,16000,3000,13000,0,0,0,0,0,0,0,0,0,0,0,0,0,13000
06382P,大毅元富97售02  ,0,0,0,0,0,0,0,0,0,13000,0,0,0,13000,0,13000,13000
059742,富邦金元富99購01,0,0,0,0,0,0,0,0,0,13000,0,0,0,31000,18000,13000,13000
059626,台積電凱基01購01,0,0,0,0,0,0,0,0,0,13000,0,0,0,325000,312000,13000,13000
06160P,台達電群益97售01,0,0,0,0,0,0,0,0,0,13000,0,0,0,25000,12000,13000,13000
06223P,漢唐元富97售02  ,0,0,0,0,0,0,0,0,0,13000,0,0,0,13000,0,13000,13000
05262P,台積電元大95售19,0,0,0,0,0,0,0,0,0,13000,0,0,0,13000,0,13000,13000
052664,麗豐國票96購02  ,0,0,0,0,0,0,0,0,0,13000,0,0,0,13000,0,13000,13000
056362,聯發科元大99購01,0,0,0,0,0,0,0,0,0,13000,0,0,0,13000,0,13000,13000
05491P,茂林元大95售04  ,0,0,0,0,0,0,0,0,0,13000,0,0,0,13000,0,13000,13000
054747,麗豐凱基98購01  ,0,0,0,0,0,0,0,0,0,13000,0,0,0,62000,49000,13000,13000
06619P,聯發科元大98售06,0,0,0,0,0,0,0,0,0,13000,0,0,0,13000,0,13000,13000
049982,嘉晶凱基94購01  ,0,0,0,0,0,0,0,0,0,13000,0,0,0,18000,5000,13000,13000
056133,可成元大97購05  ,0,0,0,0,0,0,0,0,0,13000,0,0,0,32000,19000,13000,13000
057027,祥碩凱基98購01  ,0,0,0,0,0,0,0,0,0,13000,0,0,0,13000,0,13000,13000
03437B,臺股指元富9C熊01,0,0,0,0,0,0,0,0,0,13000,0,0,0,15000,2000,13000,13000
03960P,新日興元富96售02,0,0,0,0,0,0,0,0,0,13000,0,0,0,13000,0,13000,13000
051283,亞德客統一95購01,0,0,0,0,0,0,0,0,0,13000,0,0,0,13000,0,13000,13000
8463,潤泰材          ,36000,23000,13000,0,0,0,0,0,0,0,0,0,0,0,0,0,13000
9937,全國            ,13000,0,13000,0,0,0,0,0,0,0,0,0,0,0,0,0,13000
059517,茂林永豐99購02  ,0,0,0,0,0,0,0,0,0,12000,0,0,0,51000,39000,12000,12000
059569,旺宏凱基99購09  ,0,0,0,0,0,0,0,0,0,12000,0,0,0,36000,24000,12000,12000
06374P,台表科元大97售06,0,0,0,0,0,0,0,0,0,12000,0,0,0,13000,1000,12000,12000
059458,鎧勝永豐99購01  ,0,0,0,0,0,0,0,0,0,12000,0,0,0,43000,31000,12000,12000
059454,亞光永豐99購01  ,0,0,0,0,0,0,0,0,0,12000,0,0,0,12000,0,12000,12000
059439,健策元大9B購01  ,0,0,0,0,0,0,0,0,0,12000,0,0,0,15000,3000,12000,12000
2516,新建            ,30000,11000,19000,0,0,0,0,0,0,-7000,0,7000,-7000,0,0,0,12000
07142P,台灣50元大01售01,0,0,0,0,0,0,0,0,0,12000,0,0,0,12000,0,12000,12000
1537,廣隆            ,36000,24000,12000,0,0,0,0,0,0,0,0,0,0,0,0,0,12000
057498,台郡元大98購04  ,0,0,0,0,0,0,0,0,0,12000,0,0,0,12000,0,12000,12000
057532,智原元大98購03  ,0,0,0,0,0,0,0,0,0,12000,0,0,0,12000,0,12000,12000
1806,冠軍            ,15000,3000,12000,0,0,0,0,0,0,0,0,0,0,0,0,0,12000
049108,玉晶光富邦96購02,0,0,0,0,0,0,0,0,0,12000,0,0,0,12000,0,12000,12000
01002T,土銀國泰R1      ,12000,0,12000,0,0,0,0,0,0,0,0,0,0,0,0,0,12000
05397P,大立光凱基96售08,0,0,0,0,0,0,0,0,0,12000,0,0,0,12000,0,12000,12000
050492,漢唐國泰96購01  ,0,0,0,0,0,0,0,0,0,12000,0,0,0,12000,0,12000,12000
06615P,鴻海元大9C售02  ,0,0,0,0,0,0,0,0,0,12000,0,0,0,17000,5000,12000,12000
06653P,美食元大98售02  ,0,0,0,0,0,0,0,0,0,12000,0,0,0,12000,0,12000,12000
06669P,緯穎凱基98售05  ,0,0,0,0,0,0,0,0,0,12000,0,0,0,12000,0,12000,12000
056914,臺股指元大99購09,0,0,0,0,0,0,0,0,0,12000,0,0,0,26000,14000,12000,12000
055353,華新科凱基98購03,0,0,0,0,0,0,0,0,0,12000,0,0,0,12000,0,12000,12000
055419,國巨永豐97購03  ,0,0,0,0,0,0,0,0,0,12000,0,0,0,12000,0,12000,12000
055615,宏達電國票99購02,0,0,0,0,0,0,0,0,0,12000,0,0,0,12000,0,12000,12000
053186,健策中信9C購01  ,0,0,0,0,0,0,0,0,0,12000,0,0,0,12000,0,12000,12000
053377,台積電元大98購01,0,0,0,0,0,0,0,0,0,12000,0,0,0,12000,0,12000,12000
6108,競國            ,133000,120000,13000,0,0,0,0,0,0,-1000,0,1000,-1000,0,0,0,12000
6641,基士德-KY       ,13000,1000,12000,0,0,0,0,0,0,0,0,0,0,0,0,0,12000
6581,鋼聯            ,13000,1000,12000,0,0,0,0,0,0,0,0,0,0,0,0,0,12000
6216,居易            ,18000,1000,17000,0,0,0,0,0,0,-5000,0,5000,-5000,0,0,0,12000
1618,合機            ,11000,0,11000,0,0,0,0,0,0,0,0,0,0,0,0,0,11000
2013,中鋼構          ,50000,30000,20000,0,0,0,0,0,0,-9000,2000,11000,-9000,0,0,0,11000
057671,群創元大9B購06  ,0,0,0,0,0,0,0,0,0,11000,0,0,0,206000,195000,11000,11000
059242,南亞科凱基99購06,0,0,0,0,0,0,0,0,0,11000,0,0,0,11000,0,11000,11000
058684,健策凱基99購02  ,0,0,0,0,0,0,0,0,0,11000,0,0,0,11000,0,11000,11000
08663P,台灣50元大96售01,0,20000,-20000,0,0,0,0,0,0,31000,0,0,0,31000,0,31000,11000
07222P,台灣50元大01售04,0,0,0,0,0,0,0,0,0,11000,0,0,0,11000,0,11000,11000
07202P,台灣50凱基9C售04,0,0,0,0,0,0,0,0,0,11000,0,0,0,14000,3000,11000,11000
06950P,鴻海統一9B售02  ,0,0,0,0,0,0,0,0,0,11000,0,0,0,11000,0,11000,11000
06951P,台積電統一9B售02,0,0,0,0,0,0,0,0,0,11000,0,0,0,11000,0,11000,11000
058177,華新科凱基99購02,0,0,0,0,0,0,0,0,0,11000,0,0,0,68000,57000,11000,11000
2939,凱羿-KY         ,17000,6000,11000,0,0,0,0,0,0,0,0,0,0,0,0,0,11000
2891C,中信金丙特      ,0,0,0,0,0,0,0,0,0,11000,11000,0,11000,0,0,0,11000
2706,第一店          ,11000,0,11000,0,0,0,0,0,0,0,0,0,0,0,0,0,11000
06188P,大立光元富97售01,0,0,0,0,0,0,0,0,0,11000,0,0,0,11000,0,11000,11000
07244P,鴻海凱基9A售13  ,0,0,0,0,0,0,0,0,0,11000,0,0,0,12000,1000,11000,11000
059321,欣興元大99購07  ,0,0,0,0,0,0,0,0,0,11000,0,0,0,49000,38000,11000,11000
059056,技嘉凱基99購02  ,0,0,0,0,0,0,0,0,0,11000,0,0,0,11000,0,11000,11000
05298P,上銀元大95售03  ,0,0,0,0,0,0,0,0,0,11000,0,0,0,11000,0,11000,11000
056668,光磊國票99購01  ,0,0,0,0,0,0,0,0,0,11000,0,0,0,12000,1000,11000,11000
054259,健策元大97購03  ,0,0,0,0,0,0,0,0,0,11000,0,0,0,11000,0,11000,11000
054682,東元永豐97購01  ,0,0,0,0,0,0,0,0,0,11000,0,0,0,11000,0,11000,11000
052594,友訊群益98購01  ,0,0,0,0,0,0,0,0,0,11000,0,0,0,11000,0,11000,11000
055369,友訊元大97購01  ,0,0,0,0,0,0,0,0,0,11000,0,0,0,25000,14000,11000,11000
05524P,瀚宇博國票97售02,0,0,0,0,0,0,0,0,0,11000,0,0,0,11000,0,11000,11000
056789,和碩群益98購01  ,0,0,0,0,0,0,0,0,0,11000,0,0,0,11000,0,11000,11000
055980,祥碩統一98購01  ,0,0,0,0,0,0,0,0,0,11000,0,0,0,11000,0,11000,11000
06658P,台灣50富邦9C售01,0,0,0,0,0,0,0,0,0,11000,0,0,0,11000,0,11000,11000
048732,台勝科麥證95購01,0,0,0,18000,7000,11000,0,0,0,11000,0,0,0,18000,7000,11000,11000
048871,晶豪科國票94購01,0,0,0,0,0,0,0,0,0,11000,0,0,0,11000,0,11000,11000
047303,寶滬深元大96購01,0,0,0,0,0,0,0,0,0,11000,0,0,0,11000,0,11000,11000
051381,玉晶光群益98購01,0,0,0,0,0,0,0,0,0,11000,0,0,0,13000,2000,11000,11000
051452,貿聯元大95購04  ,0,0,0,0,0,0,0,0,0,11000,0,0,0,11000,0,11000,11000
6136,富爾特          ,22000,10000,12000,0,0,0,0,0,0,-1000,0,1000,-1000,0,0,0,11000
5305,敦南            ,46000,37000,9000,0,0,0,0,0,0,2000,0,0,0,2000,0,2000,11000
00633L,富邦上証正2     ,2229000,922000,1307000,0,0,0,0,0,0,-1296300,0,204000,-204000,7185000,8277300,-1092300,10700
058751,南茂凱基9A購01  ,0,0,0,0,0,0,0,0,0,10000,0,0,0,10000,0,10000,10000
058766,力山兆豐99購01  ,0,0,0,0,0,0,0,0,0,10000,0,0,0,10000,0,10000,10000
059320,華新科元大99購15,0,0,0,0,0,0,0,0,0,10000,0,0,0,18000,8000,10000,10000
059355,國巨富邦9B購03  ,0,0,0,0,0,0,0,0,0,10000,0,0,0,10000,0,10000,10000
06240P,奇力新元富97售03,0,0,0,0,0,0,0,0,0,10000,0,0,0,10000,0,10000,10000
06124P,超眾元大97售03  ,0,0,0,0,0,0,0,0,0,10000,0,0,0,10000,0,10000,10000
059479,國巨群益99購10  ,0,0,0,0,0,0,0,0,0,10000,0,0,0,10000,0,10000,10000
05947P,大成鋼元大96售03,0,0,0,0,0,0,0,0,0,10000,0,0,0,45000,35000,10000,10000
059486,A50正2兆豐9A購01,0,0,0,0,0,0,0,0,0,10000,0,0,0,10000,0,10000,10000
059737,T50反1元富99購08,0,0,0,0,0,0,0,0,0,10000,0,0,0,10000,0,10000,10000
05974P,國巨富邦97售03  ,0,0,0,0,0,0,0,0,0,10000,0,0,0,10000,0,10000,10000
059604,臺股指元大9A購41,0,0,0,0,0,0,0,0,0,10000,0,0,0,20000,10000,10000,10000
05966P,矽力凱基96售03  ,0,0,0,0,0,0,0,0,0,10000,0,0,0,10000,0,10000,10000
2904,匯僑            ,10000,0,10000,0,0,0,0,0,0,0,0,0,0,0,0,0,10000
058209,臺股指凱基01購01,0,0,0,0,0,0,0,0,0,10000,0,0,0,10000,0,10000,10000
058173,台積電凱基99購04,0,0,0,0,0,0,0,0,0,10000,0,0,0,11000,1000,10000,10000
05840P,臺股指富邦96售07,0,0,0,0,0,0,0,0,0,10000,0,0,0,10000,0,10000,10000
058303,華通元大99購03  ,0,0,0,0,0,0,0,0,0,10000,0,0,0,10000,0,10000,10000
058357,智邦凱基99購02  ,0,0,0,0,0,0,0,0,0,10000,0,0,0,10000,0,10000,10000
06974P,臺股指元大9A售12,0,0,0,0,0,0,0,0,0,10000,0,0,0,10000,0,10000,10000
06993P,鴻海凱基99售05  ,0,0,0,0,0,0,0,0,0,10000,0,0,0,10000,0,10000,10000
07124P,台積電元大99售21,0,0,0,0,0,0,0,0,0,10000,0,0,0,10000,0,10000,10000
06873P,嘉晶元富98售02  ,0,0,0,0,0,0,0,0,0,10000,0,0,0,10000,0,10000,10000
06848P,聯詠元大98售04  ,0,0,0,0,0,0,0,0,0,10000,0,0,0,40000,30000,10000,10000
07215P,大立光凱基99售07,0,0,0,0,0,0,0,0,0,10000,0,0,0,10000,0,10000,10000
2101,南港            ,663000,655000,8000,0,0,0,0,0,0,2000,0,4000,-4000,12000,6000,6000,10000
057912,美律日盛99購01  ,0,0,0,0,0,0,0,0,0,10000,0,0,0,10000,0,10000,10000
057917,台積電凱基98購17,0,0,0,0,0,0,0,0,0,10000,0,0,0,10000,0,10000,10000
057869,大立光凱基99購01,0,0,0,0,0,0,0,0,0,10000,0,0,0,10000,0,10000,10000
057827,康友元大98購03  ,0,0,0,0,0,0,0,0,0,10000,0,0,0,10000,0,10000,10000
06064P,台積電台新98售01,0,0,0,0,0,0,0,0,0,10000,0,0,0,10000,0,10000,10000
059257,臺股指凱基99購35,0,0,0,0,0,0,0,0,0,10000,0,0,0,10000,0,10000,10000
059238,台積電凱基99購11,0,0,0,0,0,0,0,0,0,10000,0,0,0,10000,0,10000,10000
057976,旺宏永豐98購03  ,0,0,0,0,0,0,0,0,0,10000,0,0,0,20000,10000,10000,10000
057487,聯發科元大98購10,0,0,0,0,0,0,0,0,0,10000,0,0,0,10000,0,10000,10000
057536,康控元大99購03  ,0,0,0,0,0,0,0,0,0,10000,0,0,0,10000,0,10000,10000
057592,美律兆豐99購01  ,0,0,0,0,0,0,0,0,0,10000,0,0,0,10000,0,10000,10000
057479,致茂元大98購03  ,0,0,0,0,0,0,0,0,0,10000,0,0,0,20000,10000,10000,10000
057402,嘉晶群益98購02  ,0,0,0,0,0,0,0,0,0,10000,0,0,0,10000,0,10000,10000
057199,台達電元富02購01,0,0,0,0,0,0,0,0,0,10000,0,0,0,10000,0,10000,10000
057224,和碩日盛9A購01  ,0,0,0,0,0,0,0,0,0,10000,0,0,0,10000,0,10000,10000
046645,技嘉國泰94購01  ,0,0,0,0,0,0,0,0,0,10000,0,0,0,10000,0,10000,10000
046703,瑞昱元富95購01  ,0,0,0,0,0,0,0,0,0,10000,0,0,0,10000,0,10000,10000
00865B,國泰US短期公債  ,0,0,0,0,0,0,0,0,0,10000,0,0,0,10000,0,10000,10000
047832,漢唐元大94購03  ,0,0,0,0,0,0,0,0,0,10000,0,0,0,10000,0,10000,10000
051488,健策凱基96購04  ,0,0,0,0,0,0,0,0,0,10000,0,0,0,10000,0,10000,10000
051382,玉晶光群益98購02,0,0,0,0,0,0,0,0,0,10000,0,0,0,10000,0,10000,10000
048273,南電富邦97購01  ,0,0,0,0,0,0,0,0,0,10000,0,0,0,10000,0,10000,10000
051682,元黃金凱基97購01,0,0,0,0,0,0,0,0,0,10000,0,0,0,10000,0,10000,10000
04891P,友達元大94售01  ,0,0,0,0,0,0,0,0,0,10000,0,0,0,10000,0,10000,10000
049004,聯發科中信96購01,0,0,0,0,0,0,0,0,0,10000,0,0,0,10000,0,10000,10000
050988,廣達富邦95購01  ,0,0,0,0,0,0,0,0,0,10000,0,0,0,10000,0,10000,10000
04518P,高鐵群益95售01  ,0,0,0,0,0,0,0,0,0,10000,0,0,0,10000,0,10000,10000
04623P,台積電元大94售13,0,0,0,0,0,0,0,0,0,10000,0,0,0,10000,0,10000,10000
04381P,世紀鋼元大94售01,0,0,0,0,0,0,0,0,0,10000,0,0,0,10000,0,10000,10000
04400P,台積電兆豐95售02,0,0,0,0,0,0,0,0,0,10000,0,0,0,10000,0,10000,10000
04435P,台積電中信95售07,0,0,0,0,0,0,0,0,0,10000,0,0,0,10000,0,10000,10000
052086,鴻海元大96購08  ,0,0,0,0,0,0,0,0,0,10000,0,0,0,10000,0,10000,10000
052172,致茂元大95購01  ,0,0,0,0,0,0,0,0,0,10000,0,0,0,10000,0,10000,10000
052239,泰鼎國票97購01  ,0,0,0,0,0,0,0,0,0,10000,0,0,0,10000,0,10000,10000
052279,旺宏凱基95購07  ,0,0,0,0,0,0,0,0,0,10000,0,0,0,10000,0,10000,10000
052341,泰鼎凱基96購02  ,0,0,0,0,0,0,0,0,0,10000,0,0,0,10000,0,10000,10000
052418,玉晶光兆豐96購01,0,0,0,0,0,0,0,0,0,10000,0,0,0,10000,0,10000,10000
052437,聯發科富邦99購02,0,0,0,0,0,0,0,0,0,10000,0,0,0,10000,0,10000,10000
052323,矽力元大95購04  ,0,0,0,0,0,0,0,0,0,10000,0,0,0,10000,0,10000,10000
052367,聯茂國票96購02  ,0,0,0,0,0,0,0,0,0,10000,0,0,0,10000,0,10000,10000
056008,全新中信9B購01  ,0,0,0,0,0,0,0,0,0,10000,0,0,0,10000,0,10000,10000
056047,台積電兆豐97購02,0,0,0,0,0,0,0,0,0,10000,0,0,0,80000,70000,10000,10000
053973,晶豪科元大96購01,0,0,0,0,0,0,0,0,0,10000,0,0,0,10000,0,10000,10000
054117,宏全康和96購01  ,0,0,0,0,0,0,0,0,0,10000,0,0,0,10000,0,10000,10000
05617P,大立光統一97售02,0,0,0,0,0,0,0,0,0,10000,0,0,0,10000,0,10000,10000
056994,緯穎兆豐98購02  ,0,0,0,0,0,0,0,0,0,10000,0,0,0,10000,0,10000,10000
056113,新日興兆豐98購01,0,0,0,0,0,0,0,0,0,10000,0,0,0,10000,0,10000,10000
05614P,臺股指康和96售03,0,0,0,0,0,0,0,0,0,10000,0,0,0,140000,130000,10000,10000
04877P,聯發科麥證94售04,0,0,0,10000,0,10000,0,0,0,10000,0,0,0,10000,0,10000,10000
048442,友訊凱基94購01  ,0,0,0,0,0,0,0,0,0,10000,0,0,0,10000,0,10000,10000
05201P,玉晶光國泰97售02,0,0,0,0,0,0,0,0,0,10000,0,0,0,10000,0,10000,10000
051847,香港反中信99購01,0,0,0,0,0,0,0,0,0,10000,0,0,0,10000,0,10000,10000
050818,華新科凱基95購02,0,0,0,0,0,0,0,0,0,10000,0,0,0,10000,0,10000,10000
050774,健策元大96購02  ,0,0,0,0,0,0,0,0,0,10000,0,0,0,10000,0,10000,10000
050436,大立光凱基94購18,0,0,0,0,0,0,0,0,0,10000,0,0,0,10000,0,10000,10000
050553,緯穎凱基94購06  ,0,0,0,0,0,0,0,0,0,10000,0,0,0,10000,0,10000,10000
050295,大立光凱基94購16,0,0,0,0,0,0,0,0,0,10000,0,0,0,10000,0,10000,10000
050191,和碩元大94購02  ,0,0,0,0,0,0,0,0,0,10000,0,0,0,10000,0,10000,10000
049986,嘉澤凱基94購02  ,0,0,0,0,0,0,0,0,0,10000,0,0,0,10000,0,10000,10000
050174,技嘉元大94購01  ,0,0,0,0,0,0,0,0,0,10000,0,0,0,10000,0,10000,10000
05013P,台積電元大96售05,0,0,0,0,0,0,0,0,0,10000,0,0,0,10000,0,10000,10000
049478,祥碩永豐94購02  ,0,0,0,0,0,0,0,0,0,10000,0,0,0,10000,0,10000,10000
06682P,玉晶光元大99售08,0,0,0,0,0,0,0,0,0,10000,0,0,0,10000,0,10000,10000
06725P,聯電元富98售01  ,0,0,0,0,0,0,0,0,0,10000,0,0,0,20000,10000,10000,10000
06582P,可成凱基98售06  ,0,0,0,0,0,0,0,0,0,10000,0,0,0,10000,0,10000,10000
06585P,鴻海元大99售04  ,0,0,0,0,0,0,0,0,0,10000,0,0,0,10000,0,10000,10000
06697P,台積電國票99售05,0,0,0,0,0,0,0,0,0,10000,0,0,0,10000,0,10000,10000
06739P,聯詠兆豐98售02  ,0,0,0,0,0,0,0,0,0,10000,0,0,0,40000,30000,10000,10000
06742P,可成富邦99售02  ,0,0,0,0,0,0,0,0,0,10000,0,0,0,10000,0,10000,10000
057807,友訊元大98購02  ,0,0,0,0,0,0,0,0,0,10000,0,0,0,10000,0,10000,10000
05580P,美律凱基96售03  ,0,0,0,0,0,0,0,0,0,10000,0,0,0,10000,0,10000,10000
05598P,國巨元富96售03  ,0,0,0,0,0,0,0,0,0,10000,0,0,0,10000,0,10000,10000
056004,南電永豐97購02  ,0,0,0,0,0,0,0,0,0,10000,0,0,0,10000,0,10000,10000
056858,國巨群益99購03  ,0,0,0,0,0,0,0,0,0,10000,0,0,0,10000,0,10000,10000
055150,台積電元大98購04,0,0,0,0,0,0,0,0,0,10000,0,0,0,10000,0,10000,10000
055402,正文元富97購02  ,0,0,0,0,0,0,0,0,0,10000,0,0,0,10000,0,10000,10000
055409,元黃金富邦01購01,0,0,0,0,0,0,0,0,0,10000,0,0,0,10000,0,10000,10000
055288,日電貿元大97購02,0,0,0,0,0,0,0,0,0,10000,0,0,0,10000,0,10000,10000
055451,台積電元富97購02,0,0,0,0,0,0,0,0,0,10000,0,0,0,10000,0,10000,10000
055568,緯穎凱基97購02  ,0,0,0,0,0,0,0,0,0,10000,0,0,0,10000,0,10000,10000
052619,茂林國泰99購01  ,0,0,0,0,0,0,0,0,0,10000,0,0,0,10000,0,10000,10000
052690,台表科元大97購01,0,0,0,0,0,0,0,0,0,10000,0,0,0,10000,0,10000,10000
05467P,聯電元大95售02  ,0,0,0,0,0,0,0,0,0,10000,0,0,0,10000,0,10000,10000
056397,彩晶永豐99購01  ,0,0,0,0,0,0,0,0,0,10000,0,0,0,10000,0,10000,10000
05461P,台積電亞東97售01,0,0,0,0,0,0,0,0,0,10000,0,0,0,10000,0,10000,10000
054632,緯穎凱基9A購01  ,0,0,0,0,0,0,0,0,0,10000,0,0,0,10000,0,10000,10000
054358,矽創兆豐96購01  ,0,0,0,0,0,0,0,0,0,10000,0,0,0,10000,0,10000,10000
054295,世芯元大96購03  ,0,0,0,0,0,0,0,0,0,10000,0,0,0,15000,5000,10000,10000
054213,欣興國票97購04  ,0,0,0,0,0,0,0,0,0,10000,0,0,0,10000,0,10000,10000
056352,鴻海元大99購01  ,0,0,0,0,0,0,0,0,0,10000,0,0,0,15000,5000,10000,10000
056382,道瓊反國泰9A購01,0,0,0,0,0,0,0,0,0,10000,0,0,0,10000,0,10000,10000
056233,超眾凱基97購02  ,0,0,0,0,0,0,0,0,0,10000,0,0,0,10000,0,10000,10000
056635,亞德客日盛99購01,0,0,0,0,0,0,0,0,0,10000,0,0,0,10000,0,10000,10000
056720,世紀鋼永豐98購01,0,0,0,0,0,0,0,0,0,10000,0,0,0,210000,200000,10000,10000
054820,新日興元大97購01,0,0,0,0,0,0,0,0,0,10000,0,0,0,10000,0,10000,10000
05484P,台積電凱基95售18,0,0,0,0,0,0,0,0,0,10000,0,0,0,10000,0,10000,10000
054758,南亞國票9A購01  ,0,0,0,0,0,0,0,0,0,10000,0,0,0,10000,0,10000,10000
053592,亞光元大96購01  ,0,0,0,0,0,0,0,0,0,10000,0,0,0,10000,0,10000,10000
052903,致茂國票97購01  ,0,0,0,0,0,0,0,0,0,10000,0,0,0,10000,0,10000,10000
053149,京元電元大96購02,0,0,0,0,0,0,0,0,0,10000,0,0,0,10000,0,10000,10000
053122,美律凱基98購01  ,0,0,0,0,0,0,0,0,0,10000,0,0,0,10000,0,10000,10000
053114,聯茂兆豐97購01  ,0,0,0,0,0,0,0,0,0,10000,0,0,0,10000,0,10000,10000
05307P,光寶科中信95售01,0,0,0,0,0,0,0,0,0,10000,0,0,0,10000,0,10000,10000
053307,泰碩凱基97購01  ,0,0,0,0,0,0,0,0,0,10000,0,0,0,10000,0,10000,10000
053259,卜蜂群益97購01  ,0,0,0,0,0,0,0,0,0,10000,0,0,0,20000,10000,10000,10000
8367,建新國際        ,9000,0,9000,0,0,0,0,0,0,1000,1000,0,1000,0,0,0,10000
057153,祥碩國泰99購01  ,0,0,0,0,0,0,0,0,0,9000,0,0,0,9000,0,9000,9000
057392,福懋科永豐98購01,0,0,0,0,0,0,0,0,0,9000,0,0,0,9000,0,9000,9000
2032,新鋼            ,9000,0,9000,0,0,0,0,0,0,0,0,0,0,0,0,0,9000
1721,三晃            ,25000,15000,10000,0,0,0,0,0,0,-1000,0,1000,-1000,0,0,0,9000
2227,裕日車          ,48000,41000,7000,0,0,0,0,0,0,2000,3000,1000,2000,0,0,0,9000
057577,廣宇中信9A購01  ,0,0,0,0,0,0,0,0,0,9000,0,0,0,9000,0,9000,9000
057503,世紀鋼群益98購02,0,0,0,0,0,0,0,0,0,9000,0,0,0,11000,2000,9000,9000
07323P,鴻海元大99售34  ,0,0,0,0,0,0,0,0,0,9000,0,0,0,9000,0,9000,9000
1108,幸福            ,10000,1000,9000,0,0,0,0,0,0,0,0,0,0,0,0,0,9000
1337,再生-KY         ,20000,8000,12000,0,0,0,0,0,0,-3000,0,3000,-3000,0,0,0,9000
06839P,玉晶光統一9A售05,0,0,0,0,0,0,0,0,0,9000,0,0,0,9000,0,9000,9000
07064P,臺股指元大9A售25,0,0,0,0,0,0,0,0,0,9000,0,0,0,10000,1000,9000,9000
058401,華航元大9A購01  ,0,0,0,0,0,0,0,0,0,9000,0,0,0,10000,1000,9000,9000
058312,大毅國泰9B購01  ,0,0,0,0,0,0,0,0,0,9000,0,0,0,9000,0,9000,9000
2539,櫻花建          ,31000,6000,25000,0,0,0,0,0,0,-16000,0,0,0,0,16000,-16000,9000
3013,晟銘電          ,43000,33000,10000,0,0,0,0,0,0,-1000,0,1000,-1000,0,0,0,9000
3018,同開            ,36000,27000,9000,0,0,0,0,0,0,0,0,0,0,0,0,0,9000
2705,六福            ,12000,3000,9000,0,0,0,0,0,0,0,0,0,0,0,0,0,9000
2701,萬企            ,11000,2000,9000,0,0,0,0,0,0,0,0,0,0,0,0,0,9000
2882A,國泰特          ,3000,0,3000,0,0,0,0,0,0,6000,6000,0,6000,0,0,0,9000
4532,瑞智            ,104000,95000,9000,0,0,0,0,0,0,0,0,0,0,0,0,0,9000
3501,維熹            ,33000,24000,9000,0,0,0,0,0,0,0,0,0,0,0,0,0,9000
3591,艾笛森          ,11000,2000,9000,0,0,0,0,0,0,0,0,0,0,0,0,0,9000
059695,聯鈞永豐99購02  ,0,0,0,0,0,0,0,0,0,9000,0,0,0,11000,2000,9000,9000
06115P,台積電統一97售04,0,0,0,0,0,0,0,0,0,9000,0,0,0,9000,0,9000,9000
059040,訊芯群益99購03  ,0,0,0,0,0,0,0,0,0,9000,0,0,0,9000,0,9000,9000
058944,元石油群益9C購02,0,0,0,0,0,0,0,0,0,9000,0,0,0,54000,45000,9000,9000
053443,智邦凱基97購01  ,0,0,0,0,0,0,0,0,0,9000,0,0,0,9000,0,9000,9000
055645,技嘉元富97購01  ,0,0,0,0,0,0,0,0,0,9000,0,0,0,9000,0,9000,9000
05520P,聯詠凱基96售01  ,0,0,0,0,0,0,0,0,0,9000,0,0,0,9000,0,9000,9000
059090,台新金元大99購01,0,0,0,0,0,0,0,0,0,9000,0,0,0,9000,0,9000,9000
057822,牧德元大9A購01  ,0,0,0,0,0,0,0,0,0,9000,0,0,0,10000,1000,9000,9000
04980P,臺股指凱基96售08,0,0,0,0,0,0,0,0,0,9000,0,0,0,9000,0,9000,9000
050179,全新元大96購02  ,0,0,0,0,0,0,0,0,0,9000,0,0,0,9000,0,9000,9000
050252,聯發科國泰95購01,0,0,0,0,0,0,0,0,0,9000,0,0,0,9000,0,9000,9000
050836,緯穎凱基95購01  ,0,0,0,0,0,0,0,0,0,9000,0,0,0,10000,1000,9000,9000
056157,聯詠凱基97購03  ,0,0,0,0,0,0,0,0,0,9000,0,0,0,49000,40000,9000,9000
053947,義隆富邦97購01  ,0,0,0,0,0,0,0,0,0,9000,0,0,0,12000,3000,9000,9000
04441P,台積電台新95售01,0,0,0,0,0,0,0,0,0,9000,0,0,0,9000,0,9000,9000
044475,國巨元富95購02  ,0,0,0,0,0,0,0,0,0,9000,0,0,0,9000,0,9000,9000
04892P,聯發科元大94售14,0,0,0,0,0,0,0,0,0,9000,0,0,0,9000,0,9000,9000
048947,凌華永豐94購01  ,0,0,0,0,0,0,0,0,0,9000,0,0,0,12000,3000,9000,9000
05161P,華新科國票96售01,0,0,0,0,0,0,0,0,0,9000,0,0,0,22000,13000,9000,9000
047194,世紀鋼元大96購01,0,0,0,0,0,0,0,0,0,9000,0,0,0,9000,0,9000,9000
046928,奇鋐富邦97購01  ,0,0,0,0,0,0,0,0,0,9000,0,0,0,9000,0,9000,9000
03497P,金像電凱基02售06,0,0,0,0,0,0,0,0,0,9000,0,0,0,10000,1000,9000,9000
0055,元大MSCI金融    ,1000,1000,0,0,0,0,0,0,0,9000,0,0,0,9000,0,9000,9000
9930,中聯資源        ,29000,18000,11000,0,0,0,0,0,0,-2000,0,2000,-2000,0,0,0,9000
6504,南六            ,83000,74000,9000,0,0,0,0,0,0,0,0,0,0,0,0,0,9000
6277,宏正            ,30000,21000,9000,0,0,0,0,0,0,0,0,0,0,0,0,0,9000
058846,鴻海群益99購03  ,0,0,0,0,0,0,0,0,0,8000,0,0,0,8000,0,8000,8000
058802,矽創元大99購02  ,0,0,0,0,0,0,0,0,0,8000,0,0,0,8000,0,8000,8000
3550,聯穎            ,8000,0,8000,0,0,0,0,0,0,0,0,0,0,0,0,0,8000
4555,氣立            ,12000,4000,8000,0,0,0,0,0,0,0,0,0,0,0,0,0,8000
4912,聯德控股-KY     ,17000,10000,7000,0,0,0,0,0,0,1000,1000,0,1000,0,0,0,8000
2838A,聯邦銀甲特      ,0,0,0,0,0,0,0,0,0,8000,8000,0,8000,0,0,0,8000
3021,鴻名            ,7000,0,7000,0,0,0,0,0,0,1000,1000,0,1000,0,0,0,8000
2460,建通            ,8000,0,8000,0,0,0,0,0,0,0,0,0,0,0,0,0,8000
058204,世芯凱基9A購01  ,0,0,0,0,0,0,0,0,0,8000,0,0,0,8000,0,8000,8000
07267P,臺股指元大99售23,0,0,0,0,0,0,0,0,0,8000,0,0,0,20000,12000,8000,8000
06525P,上証2X國泰99售01,0,0,0,0,0,0,0,0,0,8000,0,0,0,8000,0,8000,8000
1517,利奇            ,15000,0,15000,0,0,0,0,0,0,-7000,0,7000,-7000,0,0,0,8000
06007P,世芯永豐96售01  ,0,0,0,0,0,0,0,0,0,8000,0,0,0,8000,0,8000,8000
058480,新日興凱基9A購01,0,0,0,0,0,0,0,0,0,8000,0,0,0,8000,0,8000,8000
058664,百和兆豐99購01  ,0,0,0,0,0,0,0,0,0,8000,0,0,0,8000,0,8000,8000
2010,春源            ,58000,50000,8000,0,0,0,0,0,0,0,0,0,0,0,0,0,8000
046791,台郡統一96購01  ,0,0,0,0,0,0,0,0,0,8000,0,0,0,8000,0,8000,8000
01003T,兆豐新光R1      ,8000,0,8000,0,0,0,0,0,0,0,0,0,0,0,0,0,8000
00731,FH富時高息低波  ,0,0,0,0,0,0,0,0,0,8000,0,0,0,350000,342000,8000,8000
04717P,和大凱基94售02  ,0,0,0,0,0,0,0,0,0,8000,0,0,0,8000,0,8000,8000
051746,玉晶光國泰97購07,0,0,0,0,0,0,0,0,0,8000,0,0,0,8000,0,8000,8000
04595P,臺股指元大94售13,0,0,0,0,0,0,0,0,0,8000,0,0,0,8000,0,8000,8000
054111,緯穎凱基97購01  ,0,0,0,0,0,0,0,0,0,8000,0,0,0,12000,4000,8000,8000
056998,麗豐康和98購01  ,0,0,0,0,0,0,0,0,0,8000,0,0,0,20000,12000,8000,8000
05381P,聯詠群益95售02  ,0,0,0,0,0,0,0,0,0,8000,0,0,0,10000,2000,8000,8000
050899,旭富元大95購01  ,0,0,0,0,0,0,0,0,0,8000,0,0,0,83000,75000,8000,8000
050779,超眾元大96購03  ,0,0,0,0,0,0,0,0,0,8000,0,0,0,8000,0,8000,8000
06557P,台積電兆豐98售02,0,0,0,0,0,0,0,0,0,8000,0,0,0,8000,0,8000,8000
053219,祥碩凱基96購01  ,0,0,0,0,0,0,0,0,0,8000,0,0,0,8000,0,8000,8000
054735,漢唐凱基98購01  ,0,0,0,0,0,0,0,0,0,8000,0,0,0,8000,0,8000,8000
056733,國巨凱基98購10  ,0,0,0,0,0,0,0,0,0,8000,0,0,0,8000,0,8000,8000
6449,鈺邦            ,35000,27000,8000,0,0,0,0,0,0,0,0,0,0,0,0,0,8000
6164,華興            ,8000,0,8000,0,0,0,0,0,0,0,0,0,0,0,0,0,8000
6414,樺漢            ,15000,5115,9885,0,0,0,0,40000,-40000,38000,48000,14000,34000,4000,0,4000,7885
2069,運錩            ,7000,0,7000,0,0,0,0,0,0,0,0,0,0,0,0,0,7000
057164,國巨元大98購14  ,0,0,0,0,0,0,0,0,0,7000,0,0,0,7000,0,7000,7000
058097,台灣50國泰99購01,0,0,0,0,0,0,0,0,0,7000,0,0,0,7000,0,7000,7000
06016P,京元電凱基96售03,0,0,0,0,0,0,0,0,0,7000,0,0,0,28000,21000,7000,7000
1615,大山            ,7000,0,7000,0,0,0,0,0,0,0,0,0,0,0,0,0,7000
1568,倉佑            ,9000,2000,7000,0,0,0,0,0,0,0,0,0,0,0,0,0,7000
07082P,美律元大99售06  ,0,0,0,0,0,0,0,0,0,7000,0,0,0,22000,15000,7000,7000
07236P,台灣50國票99售05,0,0,0,0,0,0,0,0,0,7000,0,0,0,7000,0,7000,7000
07192P,聯發科元大99售23,0,0,0,0,0,0,0,0,0,7000,0,0,0,7000,0,7000,7000
07201P,臺股指元大99售17,0,0,0,0,0,0,0,0,0,7000,0,0,0,8000,1000,7000,7000
2497,怡利電          ,8000,1000,7000,0,0,0,0,0,0,0,0,0,0,0,0,0,7000
4545,銘鈺            ,10000,3000,7000,0,0,0,0,0,0,0,0,0,0,0,0,0,7000
058997,鴻海元大99購21  ,0,0,0,0,0,0,0,0,0,7000,0,0,0,7000,0,7000,7000
06421P,嘉澤統一97售02  ,0,0,0,0,0,0,0,0,0,7000,0,0,0,17000,10000,7000,7000
06450P,聯發科元大98售03,0,0,0,0,0,0,0,0,0,7000,0,0,0,7000,0,7000,7000
05956P,漢唐國票96售02  ,0,0,0,0,0,0,0,0,0,7000,0,0,0,13000,6000,7000,7000
059578,智邦元富99購02  ,0,0,0,0,0,0,0,0,0,7000,0,0,0,110000,103000,7000,7000
054963,牧德元大97購02  ,0,0,0,0,0,0,0,0,0,7000,0,0,0,7000,0,7000,7000
05660P,玉晶光第一96售01,0,0,0,0,0,0,0,0,0,7000,0,0,0,7000,0,7000,7000
053272,鴻海元大96購17  ,0,0,0,0,0,0,0,0,0,7000,0,0,0,7000,0,7000,7000
055713,國巨元大98購09  ,0,0,0,0,0,0,0,0,0,7000,0,0,0,7000,0,7000,7000
055993,致茂國泰99購01  ,0,0,0,0,0,0,0,0,0,7000,0,0,0,7000,0,7000,7000
056073,智伸科元大97購01,0,0,0,0,0,0,0,0,0,7000,0,0,0,7000,0,7000,7000
053998,泰鼎群益98購01  ,0,0,0,0,0,0,0,0,0,7000,0,0,0,7000,0,7000,7000
051299,致茂凱基95購01  ,0,0,0,0,0,0,0,0,0,7000,0,0,0,10000,3000,7000,7000
051672,玉晶光元大96購03,0,0,0,0,0,0,0,0,0,7000,0,0,0,7000,0,7000,7000
04713P,創意元大95售01  ,0,0,0,0,0,0,0,0,0,7000,0,0,0,10000,3000,7000,7000
00730,富邦臺灣優質高息,0,0,0,0,0,0,0,0,0,7000,0,0,0,680000,673000,7000,7000
0052,富邦科技        ,3000,2000,1000,0,0,0,0,0,0,6000,0,0,0,111000,105000,6000,7000
03016P,滬深2X群益01售09,0,0,0,0,0,0,0,0,0,7000,0,0,0,7000,0,7000,7000
8114,振樺電          ,46000,39000,7000,0,0,0,0,0,0,0,0,0,0,0,0,0,7000
059671,滬深2X元富99購05,0,0,0,0,0,0,0,0,0,6000,0,0,0,21000,15000,6000,6000
059631,京元電凱基99購02,0,0,0,0,0,0,0,0,0,6000,0,0,0,36000,30000,6000,6000
06396P,新日興康和97售01,0,0,0,0,0,0,0,0,0,6000,0,0,0,16000,10000,6000,6000
059013,臺股指元大9A購32,0,0,0,0,0,0,0,0,0,6000,0,0,0,6000,0,6000,6000
058945,S&P正2群益9C購01,0,0,0,0,0,0,0,0,0,6000,0,0,0,6000,0,6000,6000
058961,台灣50兆豐9C購01,0,0,0,0,0,0,0,0,0,6000,0,0,0,16000,10000,6000,6000
058717,南電台新99購02  ,0,0,0,0,0,0,0,0,0,6000,0,0,0,6000,0,6000,6000
06118P,上証2X凱基98售03,0,0,0,0,0,0,0,0,0,6000,0,0,0,6000,0,6000,6000
06122P,亞光元大98售01  ,0,0,0,0,0,0,0,0,0,6000,0,0,0,6000,0,6000,6000
06214P,國巨國票98售04  ,0,0,0,0,0,0,0,0,0,6000,0,0,0,6000,0,6000,6000
4566,時碩工業        ,16000,10000,6000,0,0,0,0,0,0,0,0,0,0,0,0,0,6000
4148,全宇生技-KY     ,7000,1000,6000,0,0,0,0,0,0,0,0,0,0,0,0,0,6000
3454,晶睿            ,25000,19000,6000,0,0,0,0,0,0,0,0,0,0,0,0,0,6000
3004,豐達科          ,51000,45000,6000,0,0,0,0,0,0,0,0,0,0,0,0,0,6000
3060,銘異            ,64000,54000,10000,0,0,0,0,0,0,-4000,0,4000,-4000,0,0,0,6000
2462,良得電          ,8000,2000,6000,0,0,0,0,0,0,0,0,0,0,0,0,0,6000
2423,固緯            ,40000,32000,8000,0,0,0,0,0,0,-2000,0,2000,-2000,0,0,0,6000
2429,銘旺科          ,9000,3000,6000,0,0,0,0,0,0,0,0,0,0,0,0,0,6000
06535P,可成群益99售02  ,0,0,0,0,0,0,0,0,0,6000,0,0,0,6000,0,6000,6000
07209P,台積電凱基9A售10,0,0,0,0,0,0,0,0,0,6000,0,0,0,6000,0,6000,6000
07217P,大立光凱基9A售05,0,0,0,0,0,0,0,0,0,6000,0,0,0,6000,0,6000,6000
057903,聯鈞永豐99購01  ,0,0,0,0,0,0,0,0,0,6000,0,0,0,6000,0,6000,6000
06971P,台光電元大99售03,0,0,0,0,0,0,0,0,0,6000,0,0,0,77000,71000,6000,6000
06886P,旺宏元大99售07  ,0,0,0,0,0,0,0,0,0,6000,0,0,0,11000,5000,6000,6000
07328P,FBVIX國泰9B售01 ,0,0,0,0,0,0,0,0,0,6000,0,0,0,69000,63000,6000,6000
057637,上銀元大98購07  ,0,0,0,0,0,0,0,0,0,6000,0,0,0,6000,0,6000,6000
058451,智邦永豐9A購01  ,0,0,0,0,0,0,0,0,0,6000,0,0,0,6000,0,6000,6000
057300,訊連永豐98購01  ,0,0,0,0,0,0,0,0,0,6000,0,0,0,6000,0,6000,6000
05741P,聯發科元大96售14,0,0,0,0,0,0,0,0,0,6000,0,0,0,6000,0,6000,6000
020011,統一微波高息20N ,0,0,0,0,0,0,0,0,0,6000,0,0,0,6000,0,6000,6000
0053,元大電子        ,0,0,0,0,0,0,0,0,0,6000,0,0,0,8000,2000,6000,6000
00736,國泰新興市場    ,0,0,0,0,0,0,0,0,0,6000,0,0,0,111000,105000,6000,6000
03675C,臺股指元大04牛02,0,0,0,0,0,0,0,0,0,6000,0,0,0,25000,19000,6000,6000
046275,台表科凱基94購01,0,0,0,0,0,0,0,0,0,6000,0,0,0,6000,0,6000,6000
04432P,昇陽半元大94售04,0,0,0,0,0,0,0,0,0,6000,0,0,0,9000,3000,6000,6000
055989,矽力元富9A購01  ,0,0,0,0,0,0,0,0,0,6000,0,0,0,6000,0,6000,6000
05682P,大立光元大98售03,0,0,0,0,0,0,0,0,0,6000,0,0,0,6000,0,6000,6000
06546P,聯發科元大98售05,0,0,0,0,0,0,0,0,0,6000,0,0,0,6000,0,6000,6000
06716P,台積電元大9A售02,0,0,0,0,0,0,0,0,0,6000,0,0,0,6000,0,6000,6000
056745,聯茂凱基99購03  ,0,0,0,0,0,0,0,0,0,6000,0,0,0,6000,0,6000,6000
054996,聯陽元富97購01  ,0,0,0,0,0,0,0,0,0,6000,0,0,0,6000,0,6000,6000
054763,宏達電國票99購01,0,0,0,0,0,0,0,0,0,6000,0,0,0,6000,0,6000,6000
053599,崇越元大96購01  ,0,0,0,0,0,0,0,0,0,6000,0,0,0,76000,70000,6000,6000
054870,新日興群益98購01,0,0,0,0,0,0,0,0,0,6000,0,0,0,6000,0,6000,6000
054823,祥碩元大97購02  ,0,0,0,0,0,0,0,0,0,6000,0,0,0,11000,5000,6000,6000
054683,川湖永豐97購01  ,0,0,0,0,0,0,0,0,0,6000,0,0,0,6000,0,6000,6000
054563,泰碩群益99購01  ,0,0,0,0,0,0,0,0,0,6000,0,0,0,6000,0,6000,6000
052553,技嘉國票96購01  ,0,0,0,0,0,0,0,0,0,6000,0,0,0,6000,0,6000,6000
05261P,鴻海元大95售20  ,0,0,0,0,0,0,0,0,0,6000,0,0,0,6000,0,6000,6000
052736,T50反1元大96購05,0,0,0,0,0,0,0,0,0,6000,0,0,0,6000,0,6000,6000
8411,福貞-KY         ,7000,1000,6000,0,0,0,0,0,0,0,0,0,0,0,0,0,6000
6215,和椿            ,9000,3000,6000,0,0,0,0,0,0,0,0,0,0,0,0,0,6000
6243,迅杰            ,6000,0,6000,0,0,0,0,0,0,0,0,0,0,0,0,0,6000
6172,互億            ,10000,5000,5000,0,0,0,0,0,0,1000,1000,0,1000,0,0,0,6000
05719P,可成元大96售03  ,0,0,0,0,0,0,0,0,0,5000,0,0,0,54000,49000,5000,5000
05722P,玉晶光國票97售03,0,0,0,0,0,0,0,0,0,5000,0,0,0,5000,0,5000,5000
059305,台灣50元大99購02,0,0,0,0,0,0,0,0,0,5000,0,0,0,5000,0,5000,5000
059291,華新科元富9B購01,0,0,0,0,0,0,0,0,0,5000,0,0,0,5000,0,5000,5000
058709,臺股指元大9A購22,0,0,0,0,0,0,0,0,0,5000,0,0,0,15000,10000,5000,5000
057629,泰碩永豐98購02  ,0,0,0,0,0,0,0,0,0,5000,0,0,0,5000,0,5000,5000
057646,玉山金元大98購01,0,0,0,0,0,0,0,0,0,5000,0,0,0,5000,0,5000,5000
058119,華新亞東99購01  ,0,0,0,0,0,0,0,0,0,5000,0,0,0,5000,0,5000,5000
058085,景碩群益9A購01  ,0,0,0,0,0,0,0,0,0,5000,0,0,0,5000,0,5000,5000
058050,台郡元大99購05  ,0,0,0,0,0,0,0,0,0,5000,0,0,0,5000,0,5000,5000
05994P,奇鋐元大96售02  ,0,0,0,0,0,0,0,0,0,5000,0,0,0,155000,150000,5000,5000
059237,鴻海凱基9A購10  ,0,0,0,0,0,0,0,0,0,5000,0,0,0,81000,76000,5000,5000
05919P,京鼎元大96售03  ,0,0,0,0,0,0,0,0,0,5000,0,0,0,42000,37000,5000,5000
06937P,GIS元大98售03   ,0,0,0,0,0,0,0,0,0,5000,0,0,0,5000,0,5000,5000
06949P,台表科元大99售01,0,0,0,0,0,0,0,0,0,5000,0,0,0,5000,0,5000,5000
06781P,大立光元大98售19,0,0,0,0,0,0,0,0,0,5000,0,0,0,7000,2000,5000,5000
06953P,景碩統一9A售01  ,0,0,0,0,0,0,0,0,0,5000,0,0,0,5000,0,5000,5000
06987P,鴻海元富99售08  ,0,0,0,0,0,0,0,0,0,5000,0,0,0,5000,0,5000,5000
07065P,臺股指元大9A售26,0,0,0,0,0,0,0,0,0,5000,0,0,0,5000,0,5000,5000
07051P,大立光中信99售02,0,0,0,0,0,0,0,0,0,5000,0,0,0,5000,0,5000,5000
07100P,華航元大99售01  ,0,0,0,0,0,0,0,0,0,5000,0,0,0,41000,36000,5000,5000
057919,技嘉凱基98購03  ,0,0,0,0,0,0,0,0,0,5000,0,0,0,5000,0,5000,5000
07228P,台灣50群益9B售06,0,0,0,0,0,0,0,0,0,5000,0,0,0,5000,0,5000,5000
07210P,智邦凱基99售03  ,0,0,0,0,0,0,0,0,0,5000,0,0,0,5000,0,5000,5000
07212P,聯發科凱基99售14,0,0,0,0,0,0,0,0,0,5000,0,0,0,5000,0,5000,5000
058128,FBVIX元大9C購02 ,0,0,0,0,0,0,0,0,0,5000,0,0,0,24000,19000,5000,5000
058389,聯茂國票9A購01  ,0,0,0,0,0,0,0,0,0,5000,0,0,0,5000,0,5000,5000
058340,高股息群益99購01,0,0,0,0,0,0,0,0,0,5000,0,0,0,5000,0,5000,5000
2597,潤弘            ,14000,8000,6000,0,0,0,0,0,0,-1000,0,1000,-1000,0,0,0,5000
3057,喬鼎            ,6000,1000,5000,0,0,0,0,0,0,0,0,0,0,0,0,0,5000
3025,星通            ,7000,2000,5000,0,0,0,0,0,0,0,0,0,0,0,0,0,5000
3031,佰鴻            ,102000,75000,27000,0,0,0,0,0,0,-22000,0,22000,-22000,0,0,0,5000
3027,盛達            ,5000,0,5000,0,0,0,0,0,0,0,0,0,0,0,0,0,5000
3607,谷崧            ,32000,27000,5000,0,0,0,0,0,0,0,0,0,0,0,0,0,5000
3679,新至陞          ,19000,14000,5000,0,0,0,0,0,0,0,0,0,0,0,0,0,5000
4557,永新-KY         ,6000,1000,5000,0,0,0,0,0,0,0,0,0,0,0,0,0,5000
06198P,台積電元大98售06,0,0,0,0,0,0,0,0,0,5000,0,0,0,5000,0,5000,5000
06185P,台表科元大97售05,0,0,0,0,0,0,0,0,0,5000,0,0,0,5000,0,5000,5000
058770,貿聯兆豐9A購01  ,0,0,0,0,0,0,0,0,0,5000,0,0,0,5000,0,5000,5000
058793,鴻海元大99購19  ,0,0,0,0,0,0,0,0,0,5000,0,0,0,18000,13000,5000,5000
058968,T50正2永豐99購01,0,0,0,0,0,0,0,0,0,5000,0,0,0,5000,0,5000,5000
059038,健策群益9A購02  ,0,0,0,0,0,0,0,0,0,5000,0,0,0,5000,0,5000,5000
06304P,臺股指元大97售10,0,0,0,0,0,0,0,0,0,5000,0,0,0,5000,0,5000,5000
059730,晶相光元大9C購02,0,0,0,0,0,0,0,0,0,5000,0,0,0,10000,5000,5000,5000
05976P,國巨凱基96售14  ,0,0,0,0,0,0,0,0,0,5000,0,0,0,5000,0,5000,5000
05962P,大立光群益96售07,0,0,0,0,0,0,0,0,0,5000,0,0,0,5000,0,5000,5000
059580,大立光元富99購07,0,0,0,0,0,0,0,0,0,5000,0,0,0,10000,5000,5000,5000
052688,新日興元大96購01,0,0,0,0,0,0,0,0,0,5000,0,0,0,5000,0,5000,5000
052689,玉晶光元大98購03,0,0,0,0,0,0,0,0,0,5000,0,0,0,5000,0,5000,5000
05654P,台光電統一96售01,0,0,0,0,0,0,0,0,0,5000,0,0,0,5000,0,5000,5000
056472,美律元大99購03  ,0,0,0,0,0,0,0,0,0,5000,0,0,0,5000,0,5000,5000
05462P,美律亞東97售01  ,0,0,0,0,0,0,0,0,0,5000,0,0,0,5000,0,5000,5000
054332,世芯永豐97購01  ,0,0,0,0,0,0,0,0,0,5000,0,0,0,5000,0,5000,5000
054262,瀚宇博元大96購03,0,0,0,0,0,0,0,0,0,5000,0,0,0,5000,0,5000,5000
056346,聯茂凱基99購02  ,0,0,0,0,0,0,0,0,0,5000,0,0,0,5000,0,5000,5000
053564,台積電富邦99購01,5000,0,5000,0,0,0,0,0,0,0,0,0,0,0,0,0,5000
056681,鴻海統一98購09  ,0,0,0,0,0,0,0,0,0,5000,0,0,0,14000,9000,5000,5000
053300,大成鋼凱基96購02,0,0,0,0,0,0,0,0,0,5000,0,0,0,50000,45000,5000,5000
053229,南電台新97購01  ,0,0,0,0,0,0,0,0,0,5000,0,0,0,15000,10000,5000,5000
053318,全新群益99購01  ,0,0,0,0,0,0,0,0,0,5000,0,0,0,5000,0,5000,5000
053553,聯詠凱基96購03  ,0,0,0,0,0,0,0,0,0,5000,0,0,0,50000,45000,5000,5000
053557,聯茂凱基96購04  ,0,0,0,0,0,0,0,0,0,5000,0,0,0,6000,1000,5000,5000
053144,上証2X元大96購01,0,0,0,0,0,0,0,0,0,5000,0,0,0,5000,0,5000,5000
052893,聯電群益98購01  ,0,0,0,0,0,0,0,0,0,5000,0,0,0,69000,64000,5000,5000
053005,微星永豐96購01  ,0,0,0,0,0,0,0,0,0,5000,0,0,0,5000,0,5000,5000
06655P,TPK元大98售02   ,0,0,0,0,0,0,0,0,0,5000,0,0,0,15000,10000,5000,5000
06550P,健策元大99售01  ,0,0,0,0,0,0,0,0,0,5000,0,0,0,30000,25000,5000,5000
059118,晶技永豐9A購01  ,0,0,0,0,0,0,0,0,0,5000,0,0,0,6000,1000,5000,5000
059148,百和國票9A購01  ,0,0,0,0,0,0,0,0,0,5000,0,0,0,5000,0,5000,5000
056811,健策統一9B購01  ,0,0,0,0,0,0,0,0,0,5000,0,0,0,5000,0,5000,5000
055724,祥碩元大97購03  ,0,0,0,0,0,0,0,0,0,5000,0,0,0,38000,33000,5000,5000
055562,欣興凱基97購06  ,0,0,0,0,0,0,0,0,0,5000,0,0,0,5000,0,5000,5000
055503,健策元大98購05  ,0,0,0,0,0,0,0,0,0,5000,0,0,0,35000,30000,5000,5000
055458,燿華永豐98購01  ,0,0,0,0,0,0,0,0,0,5000,0,0,0,5000,0,5000,5000
04455P,台積電統一94售07,0,0,0,0,0,0,0,0,0,5000,0,0,0,5000,0,5000,5000
040160,SP黃豆元富95購01,0,0,0,0,0,0,0,0,0,5000,0,0,0,5000,0,5000,5000
04229P,臺股指中信95售05,0,0,0,0,0,0,0,0,0,5000,0,0,0,5000,0,5000,5000
042752,台灣50元大96購03,0,0,0,0,0,0,0,0,0,5000,0,0,0,5000,0,5000,5000
045842,T50反1台新98購01,0,0,0,0,0,0,0,0,0,5000,0,0,0,5000,0,5000,5000
051668,智邦元大95購02  ,0,0,0,0,0,0,0,0,0,5000,0,0,0,5000,0,5000,5000
049267,瀚宇博元大95購02,0,0,0,0,0,0,0,0,0,5000,0,0,0,5000,0,5000,5000
049269,超眾元大96購02  ,0,0,0,0,0,0,0,0,0,5000,0,0,0,5000,0,5000,5000
049252,國巨元大96購01  ,0,0,0,0,0,0,0,0,0,5000,0,0,0,5000,0,5000,5000
049463,華新科富邦97購01,0,0,0,0,0,0,0,0,0,5000,0,0,0,5000,0,5000,5000
04935P,鴻海中信96售01  ,0,0,0,0,0,0,0,0,0,5000,0,0,0,5000,0,5000,5000
051500,聯茂群益95購01  ,0,0,0,0,0,0,0,0,0,5000,0,0,0,5000,0,5000,5000
051540,力成國票95購01  ,0,0,0,0,0,0,0,0,0,5000,0,0,0,5000,0,5000,5000
04821P,臺股指永豐94售01,0,0,0,0,0,0,0,0,0,5000,0,0,0,5000,0,5000,5000
051390,京元電兆豐95購01,0,0,0,0,0,0,0,0,0,5000,0,0,0,100000,95000,5000,5000
051399,玉晶光台新96購01,0,0,0,0,0,0,0,0,0,5000,0,0,0,5000,0,5000,5000
048189,臺指反元大96購06,0,0,0,0,0,0,0,0,0,5000,0,0,0,5000,0,5000,5000
04693P,超眾群益95售01  ,0,0,0,0,0,0,0,0,0,5000,0,0,0,25000,20000,5000,5000
04769P,高股息元大94售01,0,0,0,0,0,0,0,0,0,5000,0,0,0,5000,0,5000,5000
04771P,友達元大96售02  ,0,0,0,0,0,0,0,0,0,5000,0,0,0,5000,0,5000,5000
00684R,元大美元指數反1 ,0,0,0,0,0,0,0,0,0,5000,0,0,0,6000,1000,5000,5000
03009X,元展09          ,0,0,0,0,0,0,0,0,0,5000,0,0,0,10000,5000,5000,5000
046628,大立光統一98購01,0,0,0,0,0,0,0,0,0,5000,0,0,0,10000,5000,5000,5000
05409P,京元電元富95售05,0,0,0,0,0,0,0,0,0,5000,0,0,0,5000,0,5000,5000
054154,智易國泰97購01  ,0,0,0,0,0,0,0,0,0,5000,0,0,0,5000,0,5000,5000
057040,國巨元大98購12  ,0,0,0,0,0,0,0,0,0,5000,0,0,0,5000,0,5000,5000
057049,新日興元大98購02,0,0,0,0,0,0,0,0,0,5000,0,0,0,5000,0,5000,5000
057063,立積國泰9A購01  ,0,0,0,0,0,0,0,0,0,5000,0,0,0,5000,0,5000,5000
056966,嘉晶永豐98購01  ,0,0,0,0,0,0,0,0,0,5000,0,0,0,5000,0,5000,5000
056989,鴻海兆豐98購02  ,0,0,0,0,0,0,0,0,0,5000,0,0,0,5000,0,5000,5000
053707,A50正2凱基99購02,0,0,0,0,0,0,0,0,0,5000,0,0,0,5000,0,5000,5000
05230P,京元電群益95售01,0,0,0,0,0,0,0,0,0,5000,0,0,0,5000,0,5000,5000
052385,滬深2X群益99購05,0,0,0,0,0,0,0,0,0,5000,0,0,0,5000,0,5000,5000
053683,上証2X元大96購03,0,0,0,0,0,0,0,0,0,5000,0,0,0,5000,0,5000,5000
052474,T50反1群益95購04,0,0,0,0,0,0,0,0,0,5000,0,0,0,5000,0,5000,5000
052293,泰碩國票95購03  ,0,0,0,0,0,0,0,0,0,5000,0,0,0,5000,0,5000,5000
051805,元黃金凱基97購02,0,0,0,0,0,0,0,0,0,5000,0,0,0,5000,0,5000,5000
051808,美律凱基96購02  ,0,0,0,0,0,0,0,0,0,5000,0,0,0,5000,0,5000,5000
05096P,台積電日盛95售01,0,0,0,0,0,0,0,0,0,5000,0,0,0,5000,0,5000,5000
050188,貿聯元大96購01  ,0,0,0,0,0,0,0,0,0,5000,0,0,0,5000,0,5000,5000
05029P,鴻海元富95售04  ,0,0,0,0,0,0,0,0,0,5000,0,0,0,5000,0,5000,5000
050150,國巨群益95購01  ,0,0,0,0,0,0,0,0,0,5000,0,0,0,5000,0,5000,5000
04955P,大立光日盛94售02,0,0,0,0,0,0,0,0,0,5000,0,0,0,5000,0,5000,5000
059535,玉山金凱基99購01,0,0,0,0,0,0,0,0,0,4000,0,0,0,35000,31000,4000,4000
059635,華新科凱基9A購06,0,0,0,0,0,0,0,0,0,4000,0,0,0,10000,6000,4000,4000
06439P,上銀凱基98售02  ,0,0,0,0,0,0,0,0,0,4000,0,0,0,4000,0,4000,4000
058720,旭富元富99購01  ,0,0,0,0,0,0,0,0,0,4000,0,0,0,4000,0,4000,4000
05934P,國巨凱基96售13  ,0,0,0,0,0,0,0,0,0,4000,0,0,0,4000,0,4000,4000
4552,力達-KY         ,12000,8000,4000,0,0,0,0,0,0,0,0,0,0,0,0,0,4000
3528,安馳            ,4000,0,4000,0,0,0,0,0,0,0,0,0,0,0,0,0,4000
3024,憶聲            ,13000,9000,4000,0,0,0,0,0,0,0,0,0,0,0,0,0,4000
058415,祥碩兆豐99購01  ,0,0,0,0,0,0,0,0,0,4000,0,0,0,4000,0,4000,4000
07196P,大立光元大99售13,0,0,0,0,0,0,0,0,0,4000,0,0,0,4000,0,4000,4000
07073P,臺股指中信9B售02,0,0,0,0,0,0,0,0,0,4000,0,0,0,4000,0,4000,4000
07012P,智邦群益9A售01  ,0,0,0,0,0,0,0,0,0,4000,0,0,0,6000,2000,4000,4000
06832P,玉晶光凱基98售03,0,0,0,0,0,0,0,0,0,4000,0,0,0,4000,0,4000,4000
1587,吉茂            ,4000,0,4000,0,0,0,0,0,0,0,0,0,0,0,0,0,4000
1436,華友聯          ,4000,0,4000,0,0,0,0,0,0,0,0,0,0,0,0,0,4000
1453,大將            ,4000,0,4000,0,0,0,0,0,0,0,0,0,0,0,0,0,4000
1339,昭輝            ,46000,42000,4000,0,0,0,0,0,0,0,0,0,0,0,0,0,4000
1312A,國喬特          ,0,0,0,0,0,0,0,0,0,4000,4000,0,4000,0,0,0,4000
057612,瑞昱元富02購01  ,0,0,0,0,0,0,0,0,0,4000,0,0,0,4000,0,4000,4000
05755P,臺股指中信99售04,0,0,0,0,0,0,0,0,0,4000,0,0,0,4000,0,4000,4000
058630,日月光國票9A購01,0,0,0,0,0,0,0,0,0,4000,0,0,0,4000,0,4000,4000
057266,TPK兆豐98購02   ,0,0,0,0,0,0,0,0,0,4000,0,0,0,4000,0,4000,4000
2115,六暉-KY         ,4000,0,4000,0,0,0,0,0,0,0,0,0,0,0,0,0,4000
049856,緯穎群益94購02  ,0,0,0,0,0,0,0,0,0,4000,0,0,0,4000,0,4000,4000
050212,瀚宇博國票95購02,0,0,0,0,0,0,0,0,0,4000,0,0,0,8000,4000,4000,4000
050320,台表科國票94購01,0,0,0,0,0,0,0,0,0,4000,0,0,0,83000,79000,4000,4000
050525,嘉晶元大95購02  ,0,0,0,0,0,0,0,0,0,4000,0,0,0,4000,0,4000,4000
050807,群臺反凱基95購01,0,0,0,0,0,0,0,0,0,4000,0,0,0,4000,0,4000,4000
052421,元油反國票9B購01,0,0,0,0,0,0,0,0,0,4000,0,0,0,4000,0,4000,4000
052353,高鐵群益97購01  ,0,0,0,0,0,0,0,0,0,4000,0,0,0,4000,0,4000,4000
05603P,聯發科元大96售09,0,0,0,0,0,0,0,0,0,4000,0,0,0,4000,0,4000,4000
05388P,南亞科元大95售04,0,0,0,0,0,0,0,0,0,4000,0,0,0,104000,100000,4000,4000
053970,聯發科元大97購08,0,0,0,0,0,0,0,0,0,4000,0,0,0,10000,6000,4000,4000
057123,上銀凱基98購05  ,0,0,0,0,0,0,0,0,0,4000,0,0,0,49000,45000,4000,4000
046797,T50反1元大96購01,0,0,0,0,0,0,0,0,0,4000,0,0,0,17000,13000,4000,4000
006204,永豐臺灣加權    ,0,0,0,0,0,0,0,0,0,4000,0,0,0,5000,1000,4000,4000
047383,鴻海元大95購01  ,0,0,0,0,0,0,0,0,0,4000,0,0,0,4000,0,4000,4000
03604P,群創凱基98售05  ,0,0,0,0,0,0,0,0,0,4000,0,0,0,4000,0,4000,4000
05150P,玉晶光第一95售01,0,0,0,0,0,0,0,0,0,4000,0,0,0,4000,0,4000,4000
05154P,台積電兆豐95售05,0,0,0,0,0,0,0,0,0,4000,0,0,0,4000,0,4000,4000
04534P,臻鼎元富94售03  ,0,0,0,0,0,0,0,0,0,4000,0,0,0,4000,0,4000,4000
04368P,台積電凱基94售02,0,0,0,0,0,0,0,0,0,4000,0,0,0,4000,0,4000,4000
05548P,臺股指元大96售02,0,0,0,0,0,0,0,0,0,4000,0,0,0,4000,0,4000,4000
055565,祥碩凱基97購01  ,0,0,0,0,0,0,0,0,0,4000,0,0,0,4000,0,4000,4000
055364,矽創凱基97購03  ,0,0,0,0,0,0,0,0,0,4000,0,0,0,4000,0,4000,4000
056916,台達電兆豐98購02,0,0,0,0,0,0,0,0,0,4000,0,0,0,26000,22000,4000,4000
055790,南電凱基97購01  ,0,0,0,0,0,0,0,0,0,4000,0,0,0,4000,0,4000,4000
055951,大成鋼元大97購02,0,0,0,0,0,0,0,0,0,4000,0,0,0,5000,1000,4000,4000
06621P,欣興元大98售06  ,0,0,0,0,0,0,0,0,0,4000,0,0,0,4000,0,4000,4000
06718P,聯詠元大98售01  ,0,0,0,0,0,0,0,0,0,4000,0,0,0,24000,20000,4000,4000
052940,玉晶光兆豐97購01,0,0,0,0,0,0,0,0,0,4000,0,0,0,4000,0,4000,4000
053518,聯茂群益96購03  ,0,0,0,0,0,0,0,0,0,4000,0,0,0,4000,0,4000,4000
056628,矽創永豐98購01  ,0,0,0,0,0,0,0,0,0,4000,0,0,0,4000,0,4000,4000
054171,台郡凱基97購01  ,0,0,0,0,0,0,0,0,0,4000,0,0,0,4000,0,4000,4000
054302,鴻海凱基96購18  ,0,0,0,0,0,0,0,0,0,4000,0,0,0,87000,83000,4000,4000
056549,嘉聯益凱基98購04,0,0,0,0,0,0,0,0,0,4000,0,0,0,4000,0,4000,4000
052483,超眾群益95購03  ,0,0,0,0,0,0,0,0,0,4000,0,0,0,4000,0,4000,4000
052488,旺宏國票96購03  ,0,0,0,0,0,0,0,0,0,4000,0,0,0,4000,0,4000,4000
052671,祥碩群益96購01  ,0,0,0,0,0,0,0,0,0,4000,0,0,0,4000,0,4000,4000
052590,祥碩永豐96購01  ,0,0,0,0,0,0,0,0,0,4000,0,0,0,4000,0,4000,4000
6152,百一            ,4000,0,4000,0,0,0,0,0,0,0,0,0,0,0,0,0,4000
5225,東科-KY         ,44000,36000,8000,0,0,0,0,0,0,-4000,0,4000,-4000,0,0,0,4000
5234,達興材料        ,43000,39000,4000,0,0,0,0,0,0,0,0,0,0,0,0,0,4000
8454,富邦媒          ,50000,77000,-27000,0,0,0,40000,0,40000,-9000,0,9000,-9000,0,0,0,4000
8466,美吉吉-KY       ,4000,0,4000,0,0,0,0,0,0,0,0,0,0,0,0,0,4000
9906,欣巴巴          ,5000,1000,4000,0,0,0,0,0,0,0,0,0,0,0,0,0,4000
057263,可成兆豐99購01  ,0,0,0,0,0,0,0,0,0,3000,0,0,0,3000,0,3000,3000
05717P,鴻海元大97售07  ,0,0,0,0,0,0,0,0,0,3000,0,0,0,103000,100000,3000,3000
05746P,台積電群益96售07,0,0,0,0,0,0,0,0,0,3000,0,0,0,3000,0,3000,3000
058551,義隆永豐99購03  ,0,0,0,0,0,0,0,0,0,3000,0,0,0,33000,30000,3000,3000
1203,味王            ,16000,13000,3000,0,0,0,0,0,0,0,0,0,0,0,0,0,3000
1446,宏和            ,9000,5000,4000,0,0,0,0,0,0,-1000,0,1000,-1000,0,0,0,3000
1525,江申            ,4000,0,4000,0,0,0,0,1000,-1000,0,0,0,0,0,0,0,3000
059195,國巨永豐99購04  ,0,0,0,0,0,0,0,0,0,3000,0,0,0,3000,0,3000,3000
06804P,臺股指群益98售10,0,0,0,0,0,0,0,0,0,3000,0,0,0,3000,0,3000,3000
07078P,鴻海群益99售02  ,0,0,0,0,0,0,0,0,0,3000,0,0,0,3000,0,3000,3000
07101P,台郡元大99售06  ,0,0,0,0,0,0,0,0,0,3000,0,0,0,3000,0,3000,3000
07106P,國巨統一9B售05  ,0,0,0,0,0,0,0,0,0,3000,0,0,0,3000,0,3000,3000
07032P,聯發科統一9C售02,0,0,0,0,0,0,0,0,0,3000,0,0,0,3000,0,3000,3000
058403,玉晶光元大99購12,0,0,0,0,0,0,0,0,0,3000,0,0,0,3000,0,3000,3000
2415,錩新            ,3000,0,3000,0,0,0,0,0,0,0,0,0,0,0,0,0,3000
058322,玉晶光永豐99購02,0,0,0,0,0,0,0,0,0,3000,0,0,0,3000,0,3000,3000
06514P,國巨凱基98售05  ,0,0,0,0,0,0,0,0,0,3000,0,0,0,3000,0,3000,3000
2617,台航            ,105000,102000,3000,0,0,0,0,0,0,0,0,0,0,0,0,0,3000
2611,志信            ,3000,0,3000,0,0,0,0,0,0,0,0,0,0,0,0,0,3000
3686,達能            ,3000,0,3000,0,0,0,0,0,0,0,0,0,0,0,0,0,3000
4581,光隆精密-KY     ,3000,0,3000,0,0,0,0,0,0,0,0,0,0,0,0,0,3000
059330,台灣50國票99購10,0,0,0,0,0,0,0,0,0,3000,0,0,0,14000,11000,3000,3000
07251P,台灣50元富01售04,0,0,0,0,0,0,0,0,0,3000,0,0,0,3000,0,3000,3000
06247P,同欣電元富97售02,0,0,0,0,0,0,0,0,0,3000,0,0,0,19000,16000,3000,3000
058727,嘉晶富邦9A購01  ,0,0,0,0,0,0,0,0,0,3000,0,0,0,3000,0,3000,3000
058815,華新科台新99購03,0,0,0,0,0,0,0,0,0,3000,0,0,0,3000,0,3000,3000
058919,SGBR2X元富99購05,0,0,0,0,0,0,0,0,0,3000,0,0,0,10000,7000,3000,3000
059735,T50反1元富99購06,0,0,0,0,0,0,0,0,0,3000,0,0,0,5000,2000,3000,3000
059572,華新科凱基99購08,0,0,0,0,0,0,0,0,0,3000,0,0,0,10000,7000,3000,3000
052724,力成統一97購01  ,0,0,0,0,0,0,0,0,0,3000,0,0,0,3000,0,3000,3000
052795,健策兆豐97購01  ,0,0,0,0,0,0,0,0,0,3000,0,0,0,3000,0,3000,3000
056577,玉晶光元大99購06,0,0,0,0,0,0,0,0,0,3000,0,0,0,3000,0,3000,3000
05426P,聯發科凱基95售12,0,0,0,0,0,0,0,0,0,3000,0,0,0,3000,0,3000,3000
056333,台積電日盛9B購01,0,0,0,0,0,0,0,0,0,3000,0,0,0,13000,10000,3000,3000
056659,泰碩元大99購01  ,0,0,0,0,0,0,0,0,0,3000,0,0,0,3000,0,3000,3000
06569P,可成永豐98售01  ,0,0,0,0,0,0,0,0,0,3000,0,0,0,3000,0,3000,3000
06760P,台積電元大98售18,0,0,0,0,0,0,0,0,0,3000,0,0,0,6000,3000,3000,3000
06763P,技嘉元大98售05  ,0,0,0,0,0,0,0,0,0,3000,0,0,0,3000,0,3000,3000
059142,道瓊指國票9B購02,0,0,0,0,0,0,0,0,0,3000,0,0,0,10000,7000,3000,3000
059076,FBVIX元大99購04 ,0,0,0,0,0,0,0,0,0,3000,0,0,0,3000,0,3000,3000
05771P,大立光凱基96售13,0,0,0,0,0,0,0,0,0,3000,0,0,0,3000,0,3000,3000
055965,泰鼎元大97購03  ,0,0,0,0,0,0,0,0,0,3000,0,0,0,3000,0,3000,3000
055740,智易元富97購01  ,0,0,0,0,0,0,0,0,0,3000,0,0,0,3000,0,3000,3000
056912,臺股指元大99購04,0,0,0,0,0,0,0,0,0,3000,0,0,0,3000,0,3000,3000
05511P,T50反1台新06售01,0,0,0,0,0,0,0,0,0,3000,0,0,0,3000,0,3000,3000
055460,華擎永豐97購01  ,0,0,0,0,0,0,0,0,0,3000,0,0,0,3000,0,3000,3000
05563P,台積電元大97售07,0,0,0,0,0,0,0,0,0,3000,0,0,0,3000,0,3000,3000
04273P,上証反凱基99售01,0,0,0,0,0,0,0,0,0,3000,0,0,0,3000,0,3000,3000
03595P,聯發科凱基02售11,0,0,0,0,0,0,0,0,0,3000,0,0,0,3000,0,3000,3000
045087,玉晶光元大95購01,0,0,0,0,0,0,0,0,0,3000,0,0,0,3000,0,3000,3000
051081,聯茂富邦96購01  ,0,0,0,0,0,0,0,0,0,3000,0,0,0,3000,0,3000,3000
04928P,大立光凱基95售07,0,0,0,0,0,0,0,0,0,3000,0,0,0,3000,0,3000,3000
05173P,臺股指元大95售17,0,0,0,0,0,0,0,0,0,3000,0,0,0,3000,0,3000,3000
049065,T50反1凱基96購04,0,0,0,0,0,0,0,0,0,3000,0,0,0,3000,0,3000,3000
048976,華擎元大94購01  ,0,0,0,0,0,0,0,0,0,3000,0,0,0,3000,0,3000,3000
049030,凌華群益94購01  ,0,0,0,0,0,0,0,0,0,3000,0,0,0,6000,3000,3000,3000
03618C,高股息凱基95牛01,0,0,0,0,0,0,0,0,0,3000,0,0,0,3000,0,3000,3000
036630,玉山金台新99購01,0,0,0,0,0,0,0,0,0,3000,0,0,0,3000,0,3000,3000
03438P,群創群益98售03  ,0,0,0,0,0,0,0,0,0,3000,0,0,0,3000,0,3000,3000
048070,聯發科元富99購03,0,0,0,0,0,0,0,0,0,3000,0,0,0,3000,0,3000,3000
04796P,聯發科元大94售10,0,0,0,0,0,0,0,0,0,3000,0,0,0,3000,0,3000,3000
04798P,牧德元大95售02  ,0,0,0,0,0,0,0,0,0,3000,0,0,0,3000,0,3000,3000
0054,元大台商50      ,0,0,0,0,0,0,0,0,0,3000,0,0,0,4000,1000,3000,3000
00728,第一金工業30    ,0,0,0,0,0,0,0,0,0,3000,0,0,0,642000,639000,3000,3000
053942,超眾國泰96購02  ,0,0,0,0,0,0,0,0,0,3000,0,0,0,3000,0,3000,3000
057029,緯穎凱基98購04  ,0,0,0,0,0,0,0,0,0,3000,0,0,0,3000,0,3000,3000
056065,奇鋐元大97購01  ,0,0,0,0,0,0,0,0,0,3000,0,0,0,5000,2000,3000,3000
053825,南電群益96購02  ,0,0,0,0,0,0,0,0,0,3000,0,0,0,3000,0,3000,3000
050695,台積電凱基94購40,0,0,0,0,0,0,0,0,0,3000,0,0,0,54000,51000,3000,3000
04843P,致新元大94售02  ,0,0,0,0,0,0,0,0,0,3000,0,0,0,3000,0,3000,3000
04842P,群創元大96售02  ,0,0,0,0,0,0,0,0,0,3000,0,0,0,3000,0,3000,3000
050645,台積電凱基94購39,0,0,0,0,0,0,0,0,0,3000,0,0,0,54000,51000,3000,3000
050250,台郡凱基94購03  ,0,0,0,0,0,0,0,0,0,3000,0,0,0,49000,46000,3000,3000
049864,聯發科兆豐94購01,0,0,0,0,0,0,0,0,0,3000,0,0,0,3000,0,3000,3000
049904,矽力元富94購01  ,0,0,0,0,0,0,0,0,0,3000,0,0,0,3000,0,3000,3000
050100,台積電永昌96購02,0,0,0,0,0,0,0,0,0,3000,0,0,0,3000,0,3000,3000
049600,緯穎元大95購02  ,0,0,0,0,0,0,0,0,0,3000,0,0,0,3000,0,3000,3000
049628,臺股指群益94購01,0,0,0,0,0,0,0,0,0,3000,0,0,0,3000,0,3000,3000
9908,大台北          ,26000,23000,3000,0,0,0,0,0,0,0,0,0,0,0,0,0,3000
9931,欣高            ,5000,2000,3000,0,0,0,0,0,0,0,0,0,0,0,0,0,3000
8072,陞泰            ,3000,0,3000,0,0,0,0,0,0,0,0,0,0,0,0,0,3000
6201,亞弘電          ,4000,0,4000,0,0,0,0,0,0,-1000,0,1000,-1000,0,0,0,3000
6281,全國電          ,14000,11000,3000,0,0,0,0,0,0,0,1000,1000,0,0,0,0,3000
6257,矽格            ,553000,644888,-91888,0,0,0,97000,0,97000,-3000,51000,36000,15000,0,18000,-18000,2112
059733,緯穎元大99購08  ,0,0,0,0,0,0,0,0,0,2000,0,0,0,3000,1000,2000,2000
059743,開發金元富99購01,0,0,0,0,0,0,0,0,0,2000,0,0,0,2000,0,2000,2000
059709,上証2X元大9C購01,0,0,0,0,0,0,0,0,0,2000,0,0,0,4000,2000,2000,2000
059715,A50正2元大9C購02,0,0,0,0,0,0,0,0,0,2000,0,0,0,2000,0,2000,2000
06490P,鴻海富邦99售02  ,0,0,0,0,0,0,0,0,0,2000,0,0,0,2000,0,2000,2000
06492P,上銀永豐98售01  ,0,0,0,0,0,0,0,0,0,2000,0,0,0,2000,0,2000,2000
06365P,鴻海凱基97售09  ,0,0,0,0,0,0,0,0,0,2000,0,0,0,2000,0,2000,2000
06328P,台積電中信01售02,0,0,0,0,0,0,0,0,0,2000,0,0,0,2000,0,2000,2000
05872P,大立光凱基96售15,0,0,0,0,0,0,0,0,0,2000,0,0,0,2000,0,2000,2000
058733,同欣電永豐99購02,0,0,0,0,0,0,0,0,0,2000,0,0,0,2000,0,2000,2000
058773,和碩兆豐99購01  ,0,0,0,0,0,0,0,0,0,2000,0,0,0,2000,0,2000,2000
06139P,台積電中信99售02,0,0,0,0,0,0,0,0,0,2000,0,0,0,2000,0,2000,2000
05948P,茂林元大96售03  ,0,0,0,0,0,0,0,0,0,2000,0,0,0,7000,5000,2000,2000
07252P,台灣50凱基99售01,0,0,0,0,0,0,0,0,0,2000,0,0,0,2000,0,2000,2000
4764,雙鍵            ,2000,0,2000,0,0,0,0,0,0,0,0,0,0,0,0,0,2000
4956,光鋐            ,14000,12000,2000,0,0,0,0,0,0,0,0,0,0,0,0,0,2000
3311,閎暉            ,3000,1000,2000,0,0,0,0,0,0,0,0,0,0,0,0,0,2000
2936,客思達-KY       ,2000,0,2000,0,0,0,0,0,0,0,0,0,0,0,0,0,2000
059431,旺宏元大99購14  ,0,0,0,0,0,0,0,0,0,2000,0,0,0,5000,3000,2000,2000
058330,鴻海元富99購01  ,0,0,0,0,0,0,0,0,0,2000,0,0,0,2000,0,2000,2000
058359,瑞昱凱基99購01  ,0,0,0,0,0,0,0,0,0,2000,0,0,0,2000,0,2000,2000
07025P,玉晶光凱基99售01,0,0,0,0,0,0,0,0,0,2000,0,0,0,2000,0,2000,2000
06962P,華新科永豐99售01,0,0,0,0,0,0,0,0,0,2000,0,0,0,2000,0,2000,2000
07099P,台積電元大99售19,0,0,0,0,0,0,0,0,0,2000,0,0,0,2000,0,2000,2000
06784P,臺股指元大98售01,0,0,0,0,0,0,0,0,0,2000,0,0,0,2000,0,2000,2000
07176P,臺股指凱基99售18,0,0,0,0,0,0,0,0,0,2000,0,0,0,2000,0,2000,2000
05792P,臺股指中信99售07,0,0,0,0,0,0,0,0,0,2000,0,0,0,2000,0,2000,2000
057882,華通群益9A購03  ,0,0,0,0,0,0,0,0,0,2000,0,0,0,2000,0,2000,2000
1524,耿鼎            ,3000,1000,2000,0,0,0,0,0,0,0,0,0,0,0,0,0,2000
1101B,台泥乙特        ,0,0,0,0,0,0,0,0,0,2000,4000,2000,2000,0,0,0,2000
058545,義隆富邦9C購01  ,0,0,0,0,0,0,0,0,0,2000,0,0,0,2000,0,2000,2000
058520,智易元大99購03  ,0,0,0,0,0,0,0,0,0,2000,0,0,0,4000,2000,2000,2000
057499,奇鋐群益98購01  ,0,0,0,0,0,0,0,0,0,2000,0,0,0,2000,0,2000,2000
05758P,光罩永豐96售02  ,0,0,0,0,0,0,0,0,0,2000,0,0,0,2000,0,2000,2000
059239,台積電凱基99購12,0,0,0,0,0,0,0,0,0,2000,0,0,0,2000,0,2000,2000
058023,南電凱基98購02  ,0,0,0,0,0,0,0,0,0,2000,0,0,0,2000,0,2000,2000
057410,南電群益98購01  ,0,0,0,0,0,0,0,0,0,2000,0,0,0,2000,0,2000,2000
05718P,國巨元大96售09  ,0,0,0,0,0,0,0,0,0,2000,0,0,0,2000,0,2000,2000
057242,台郡凱基98購05  ,0,0,0,0,0,0,0,0,0,2000,0,0,0,2000,0,2000,2000
057251,泰鼎統一98購02  ,0,0,0,0,0,0,0,0,0,2000,0,0,0,2000,0,2000,2000
2038,海光            ,12000,0,12000,0,0,0,0,0,0,-10000,0,10000,-10000,0,0,0,2000
2029,盛餘            ,13000,11000,2000,0,0,0,0,0,0,0,0,0,0,0,0,0,2000
050142,聯發科元富9A購01,0,0,0,0,0,0,0,0,0,2000,0,0,0,2000,0,2000,2000
049885,緯穎永豐94購01  ,0,0,0,0,0,0,0,0,0,2000,0,0,0,2000,0,2000,2000
050006,華擎永豐94購03  ,0,0,0,0,0,0,0,0,0,2000,0,0,0,2000,0,2000,2000
048790,大立光元大95購05,0,0,0,0,0,0,0,0,0,2000,0,0,0,2000,0,2000,2000
048637,鴻海元大96購01  ,0,0,0,0,0,0,0,0,0,2000,0,0,0,2000,0,2000,2000
050651,大立光凱基96購02,0,0,0,0,0,0,0,0,0,2000,0,0,0,9000,7000,2000,2000
05094P,大立光元大95售07,0,0,0,0,0,0,0,0,0,2000,0,0,0,2000,0,2000,2000
051961,泰碩永豐95購01  ,0,0,0,0,0,0,0,0,0,2000,0,0,0,2000,0,2000,2000
053790,嘉聯益元大99購02,0,0,0,0,0,0,0,0,0,2000,0,0,0,2000,0,2000,2000
053769,香港反元大99購01,0,0,0,0,0,0,0,0,0,2000,0,0,0,2000,0,2000,2000
053687,智邦元大96購02  ,0,0,0,0,0,0,0,0,0,2000,0,0,0,2000,0,2000,2000
00733,富邦臺灣中小    ,0,0,0,0,0,0,0,0,0,2000,0,0,0,216000,214000,2000,2000
00763U,街口道瓊銅      ,0,0,0,0,0,0,0,0,0,2000,0,0,0,2000,0,2000,2000
00866,新光Shiller CAPE,0,0,0,0,0,0,0,0,0,2000,0,0,0,28000,26000,2000,2000
03417B,臺股指凱基95熊19,0,0,0,0,0,0,0,0,0,2000,0,0,0,2000,0,2000,2000
04888P,臺股指凱基95售03,0,0,0,0,0,0,0,0,0,2000,0,0,0,2000,0,2000,2000
04912P,可成元富94售06  ,0,0,0,0,0,0,0,0,0,2000,0,0,0,2000,0,2000,2000
049221,健策國票95購02  ,0,0,0,0,0,0,0,0,0,2000,0,0,0,2000,0,2000,2000
049260,華新科元大96購01,0,0,0,0,0,0,0,0,0,2000,0,0,0,2000,0,2000,2000
048270,T50反1富邦99購01,0,0,0,0,0,0,0,0,0,2000,0,0,0,2000,0,2000,2000
05142P,華新科台新95售01,0,0,0,0,0,0,0,0,0,2000,0,0,0,2000,0,2000,2000
04543P,鴻海富邦95售03  ,0,0,0,0,0,0,0,0,0,2000,0,0,0,2000,0,2000,2000
04544P,欣興富邦96售02  ,0,0,0,0,0,0,0,0,0,2000,0,0,0,2000,0,2000,2000
04616P,臺股指群益95售02,0,0,0,0,0,0,0,0,0,2000,0,0,0,117000,115000,2000,2000
040760,T50反1凱基95購01,0,0,0,0,0,0,0,0,0,2000,0,0,0,2000,0,2000,2000
04431P,牧德元大94售03  ,0,0,0,0,0,0,0,0,0,2000,0,0,0,2000,0,2000,2000
044927,聯詠國泰94購01  ,0,0,0,0,0,0,0,0,0,2000,0,0,0,2000,0,2000,2000
055090,國巨群益97購03  ,0,0,0,0,0,0,0,0,0,2000,0,0,0,2000,0,2000,2000
055211,A50反1凱基9A購01,0,0,0,0,0,0,0,0,0,2000,0,0,0,2000,0,2000,2000
055986,祥碩元富97購01  ,0,0,0,0,0,0,0,0,0,2000,0,0,0,2000,0,2000,2000
05577P,上銀凱基96售02  ,0,0,0,0,0,0,0,0,0,2000,0,0,0,2000,0,2000,2000
06759P,台積電元大98售17,0,0,0,0,0,0,0,0,0,2000,0,0,0,2000,0,2000,2000
06687P,A50正2中信9A售01,0,0,0,0,0,0,0,0,0,2000,0,0,0,2000,0,2000,2000
06641P,智邦兆豐99售01  ,0,0,0,0,0,0,0,0,0,2000,0,0,0,11000,9000,2000,2000
06646P,國巨元大98售16  ,0,0,0,0,0,0,0,0,0,2000,0,0,0,2000,0,2000,2000
056713,華擎永豐98購01  ,0,0,0,0,0,0,0,0,0,2000,0,0,0,2000,0,2000,2000
053560,漢唐國泰98購01  ,0,0,0,0,0,0,0,0,0,2000,0,0,0,2000,0,2000,2000
05331P,上証2X國票96售01,0,0,0,0,0,0,0,0,0,2000,0,0,0,2000,0,2000,2000
053281,茂林元大96購02  ,0,0,0,0,0,0,0,0,0,2000,0,0,0,2000,0,2000,2000
054184,A50正2永豐96購01,0,0,0,0,0,0,0,0,0,2000,0,0,0,2000,0,2000,2000
05420P,大立光國泰97售03,0,0,0,0,0,0,0,0,0,2000,0,0,0,2000,0,2000,2000
054293,健策元大98購02  ,0,0,0,0,0,0,0,0,0,2000,0,0,0,2000,0,2000,2000
054589,聯鈞國泰99購01  ,0,0,0,0,0,0,0,0,0,2000,0,0,0,2000,0,2000,2000
056489,S&P反1國泰9A購01,0,0,0,0,0,0,0,0,0,2000,0,0,0,2000,0,2000,2000
05649P,矽創國票97售03  ,0,0,0,0,0,0,0,0,0,2000,0,0,0,4000,2000,2000,2000
05465P,台表科永豐95售03,0,0,0,0,0,0,0,0,0,2000,0,0,0,2000,0,2000,2000
05283P,健鼎元大95售04  ,0,0,0,0,0,0,0,0,0,2000,0,0,0,2000,0,2000,2000
052588,玉晶光永豐98購01,0,0,0,0,0,0,0,0,0,2000,0,0,0,2000,0,2000,2000
6674,鋐寶科技        ,3000,1000,2000,0,0,0,0,0,0,0,0,0,0,0,0,0,2000
6579,研揚            ,5000,3000,2000,0,0,0,0,0,0,0,0,0,0,0,0,0,2000
5007,三星            ,12000,10000,2000,0,0,0,0,0,0,0,0,0,0,0,0,0,2000
9942,茂順            ,19000,16000,3000,0,0,0,0,0,0,-1000,0,1000,-1000,0,0,0,2000
910861,神州-DR         ,2000,0,2000,0,0,0,0,0,0,0,0,0,0,0,0,0,2000
2002A,中鋼特          ,0,0,0,0,0,0,0,0,0,1000,3000,2000,1000,0,0,0,1000
1724,台硝            ,1000,0,1000,0,0,0,0,0,0,0,0,0,0,0,0,0,1000
1725,元禎            ,1000,0,1000,0,0,0,0,0,0,0,0,0,0,0,0,0,1000
2236,百達-KY         ,0,0,0,0,0,0,0,0,0,1000,1000,0,1000,0,0,0,1000
057197,立積台新98購01  ,0,0,0,0,0,0,0,0,0,1000,0,0,0,1000,0,1000,1000
057267,康控兆豐99購01  ,0,0,0,0,0,0,0,0,0,1000,0,0,0,1000,0,1000,1000
057190,立積元大9A購02  ,0,0,0,0,0,0,0,0,0,1000,0,0,0,1000,0,1000,1000
057192,力成元大98購01  ,0,0,0,0,0,0,0,0,0,1000,0,0,0,1000,0,1000,1000
057179,可成元大98購04  ,0,0,0,0,0,0,0,0,0,1000,0,0,0,6000,5000,1000,1000
057368,微星元大98購02  ,0,0,0,0,0,0,0,0,0,1000,0,0,0,1000,0,1000,1000
057357,超眾統一98購01  ,0,0,0,0,0,0,0,0,0,1000,0,0,0,1000,0,1000,1000
05800P,台積電兆豐96售04,0,0,0,0,0,0,0,0,0,1000,0,0,0,1000,0,1000,1000
058051,同欣電元大98購03,0,0,0,0,0,0,0,0,0,1000,0,0,0,61000,60000,1000,1000
05759P,智邦永豐96售02  ,0,0,0,0,0,0,0,0,0,1000,0,0,0,11000,10000,1000,1000
057634,道瓊反元大99購01,0,0,0,0,0,0,0,0,0,1000,0,0,0,1000,0,1000,1000
057567,嘉聯益富邦9A購01,0,0,0,0,0,0,0,0,0,1000,0,0,0,1000,0,1000,1000
058592,聯發科統一9C購01,0,0,0,0,0,0,0,0,0,1000,0,0,0,1000,0,1000,1000
058593,大立光統一9B購02,0,0,0,0,0,0,0,0,0,1000,0,0,0,1000,0,1000,1000
058651,FBVIX中信9C購01 ,0,0,0,0,0,0,0,0,0,1000,0,0,0,1000,0,1000,1000
059275,可成元大99購05  ,0,0,0,0,0,0,0,0,0,1000,0,0,0,25000,24000,1000,1000
059253,康控凱基9B購02  ,0,0,0,0,0,0,0,0,0,1000,0,0,0,11000,10000,1000,1000
1521,大億            ,12000,11000,1000,0,0,0,0,0,0,0,0,0,0,0,0,0,1000
1454,台富            ,1000,0,1000,0,0,0,0,0,0,0,0,0,0,0,0,0,1000
06013P,世芯國泰97售03  ,0,0,0,0,0,0,0,0,0,1000,0,0,0,1000,0,1000,1000
06031P,新光金兆豐96售02,0,0,0,0,0,0,0,0,0,1000,0,0,0,1000,0,1000,1000
06060P,玉晶光元大97售03,0,0,0,0,0,0,0,0,0,1000,0,0,0,1000,0,1000,1000
06062P,宏達電元富97售01,0,0,0,0,0,0,0,0,0,1000,0,0,0,1000,0,1000,1000
05787P,臺股指永昌96售04,0,0,0,0,0,0,0,0,0,1000,0,0,0,1000,0,1000,1000
05790P,臺股指永昌96售07,0,0,0,0,0,0,0,0,0,1000,0,0,0,1000,0,1000,1000
05789P,臺股指永昌96售06,0,0,0,0,0,0,0,0,0,1000,0,0,0,1000,0,1000,1000
07216P,大立光凱基99售08,0,0,0,0,0,0,0,0,0,1000,0,0,0,1000,0,1000,1000
07219P,臺股指凱基99售32,0,0,0,0,0,0,0,0,0,1000,0,0,0,11000,10000,1000,1000
07157P,臺股指元富99售12,0,0,0,0,0,0,0,0,0,1000,0,0,0,1000,0,1000,1000
06865P,亞德客元大98售04,0,0,0,0,0,0,0,0,0,1000,0,0,0,1000,0,1000,1000
06944P,健鼎元富98售02  ,0,0,0,0,0,0,0,0,0,1000,0,0,0,1000,0,1000,1000
06934P,聯鈞元大98售03  ,0,0,0,0,0,0,0,0,0,1000,0,0,0,6000,5000,1000,1000
06913P,聯發科元大98售14,0,0,0,0,0,0,0,0,0,1000,0,0,0,1000,0,1000,1000
06895P,台灣50統一9A售01,0,0,0,0,0,0,0,0,0,1000,0,0,0,1000,0,1000,1000
06878P,台灣50日盛9B售01,0,0,0,0,0,0,0,0,0,1000,0,0,0,4000,3000,1000,1000
07086P,力成元富9C售01  ,0,0,0,0,0,0,0,0,0,1000,0,0,0,1000,0,1000,1000
07088P,訊芯永豐99售02  ,0,0,0,0,0,0,0,0,0,1000,0,0,0,1000,0,1000,1000
06973P,臺股指元大9A售11,0,0,0,0,0,0,0,0,0,1000,0,0,0,1000,0,1000,1000
06978P,聯發科富邦9B售02,0,0,0,0,0,0,0,0,0,1000,0,0,0,1000,0,1000,1000
06992P,玉晶光日盛9B售01,0,0,0,0,0,0,0,0,0,1000,0,0,0,1000,0,1000,1000
07001P,國巨元大99售12  ,0,0,0,0,0,0,0,0,0,1000,0,0,0,1000,0,1000,1000
07005P,台積電統一9B售05,0,0,0,0,0,0,0,0,0,1000,0,0,0,1000,0,1000,1000
058425,S&P正2元富01購02,0,0,0,0,0,0,0,0,0,1000,0,0,0,1000,0,1000,1000
2483,百容            ,1000,0,1000,0,0,0,0,0,0,0,0,0,0,0,0,0,1000
2465,麗臺            ,1000,0,1000,0,0,0,0,0,0,0,0,0,0,0,0,0,1000
3002,歐格            ,2000,1000,1000,0,0,0,0,0,0,0,0,0,0,0,0,0,1000
3167,大量            ,6000,3000,3000,0,0,0,0,0,0,-2000,0,2000,-2000,0,0,0,1000
3296,勝德            ,1000,0,1000,0,0,0,0,0,0,0,0,0,0,0,0,0,1000
2901,欣欣            ,1000,0,1000,0,0,0,0,0,0,0,0,0,0,0,0,0,1000
3694,海華            ,3000,2000,1000,0,0,0,0,0,0,0,0,0,0,0,0,0,1000
4439,冠星-KY         ,1000,0,1000,0,0,0,0,0,0,0,0,0,0,0,0,0,1000
07250P,台灣50永豐99售07,0,0,0,0,0,0,0,0,0,1000,0,0,0,1000,0,1000,1000
059472,T50正2群益99購01,0,0,0,0,0,0,0,0,0,1000,0,0,0,1000,0,1000,1000
059494,國巨國票9C購01  ,0,0,0,0,0,0,0,0,0,1000,0,0,0,2000,1000,1000,1000
059476,道瓊指群益9C購01,0,0,0,0,0,0,0,0,0,1000,0,0,0,1000,0,1000,1000
06130P,玉晶光元富97售07,0,0,0,0,0,0,0,0,0,1000,0,0,0,1000,0,1000,1000
06134P,緯穎元富97售03  ,0,0,0,0,0,0,0,0,0,1000,0,0,0,1000,0,1000,1000
058705,長榮航元大99購01,0,0,0,0,0,0,0,0,0,1000,0,0,0,21000,20000,1000,1000
058830,健策永豐99購02  ,0,0,0,0,0,0,0,0,0,1000,0,0,0,1000,0,1000,1000
058943,元石油群益9C購01,0,0,0,0,0,0,0,0,0,1000,0,0,0,1000,0,1000,1000
059029,旺宏兆豐99購01  ,0,0,0,0,0,0,0,0,0,1000,0,0,0,112000,111000,1000,1000
06327P,台積電中信01售01,0,0,0,0,0,0,0,0,0,1000,0,0,0,1000,0,1000,1000
06305P,臺股指元大97售11,0,0,0,0,0,0,0,0,0,1000,0,0,0,1000,0,1000,1000
06314P,GIS元富97售02   ,0,0,0,0,0,0,0,0,0,1000,0,0,0,1000,0,1000,1000
05980P,台積電永昌96售09,0,0,0,0,0,0,0,0,0,1000,0,0,0,4000,3000,1000,1000
06412P,南亞科日盛97售01,0,0,0,0,0,0,0,0,0,1000,0,0,0,1000,0,1000,1000
06434P,超眾群益98售02  ,0,0,0,0,0,0,0,0,0,1000,0,0,0,1000,0,1000,1000
06451P,聯發科元大98售04,0,0,0,0,0,0,0,0,0,1000,0,0,0,1000,0,1000,1000
059718,國巨元大9A購04  ,0,0,0,0,0,0,0,0,0,1000,0,0,0,1000,0,1000,1000
05263P,台積電元大96售09,0,0,0,0,0,0,0,0,0,1000,0,0,0,1000,0,1000,1000
05265P,正崴元大95售03  ,0,0,0,0,0,0,0,0,0,1000,0,0,0,1000,0,1000,1000
05281P,南亞科元大95售03,0,0,0,0,0,0,0,0,0,1000,0,0,0,1000,0,1000,1000
056435,台積電凱基98購09,0,0,0,0,0,0,0,0,0,1000,0,0,0,11000,10000,1000,1000
056423,奇鋐統一98購01  ,0,0,0,0,0,0,0,0,0,1000,0,0,0,1000,0,1000,1000
056471,台光電元大99購01,0,0,0,0,0,0,0,0,0,1000,0,0,0,1000,0,1000,1000
056576,晶技元大99購02  ,0,0,0,0,0,0,0,0,0,1000,0,0,0,1000,0,1000,1000
05427P,聯發科凱基96售07,0,0,0,0,0,0,0,0,0,1000,0,0,0,1000,0,1000,1000
054462,旺宏凱基96購08  ,0,0,0,0,0,0,0,0,0,1000,0,0,0,1000,0,1000,1000
05418P,瑞昱永豐95售02  ,0,0,0,0,0,0,0,0,0,1000,0,0,0,1000,0,1000,1000
05631P,國巨富邦9A售01  ,0,0,0,0,0,0,0,0,0,1000,0,0,0,1000,0,1000,1000
053562,玉晶光國泰98購02,0,0,0,0,0,0,0,0,0,1000,0,0,0,1000,0,1000,1000
053528,南電中信9A購01  ,0,0,0,0,0,0,0,0,0,1000,0,0,0,1000,0,1000,1000
053535,宏達電永豐96購02,0,0,0,0,0,0,0,0,0,1000,0,0,0,1000,0,1000,1000
05305P,華新科國泰97售01,0,0,0,0,0,0,0,0,0,1000,0,0,0,1000,0,1000,1000
056721,台灣50永昌9A購01,0,0,0,0,0,0,0,0,0,1000,0,0,0,1000,0,1000,1000
054944,精元元大97購01  ,0,0,0,0,0,0,0,0,0,1000,0,0,0,1000,0,1000,1000
056661,臺股指元大9A購08,0,0,0,0,0,0,0,0,0,1000,0,0,0,1000,0,1000,1000
056697,緯穎群益98購01  ,0,0,0,0,0,0,0,0,0,1000,0,0,0,1000,0,1000,1000
054831,緯穎國泰98購01  ,0,0,0,0,0,0,0,0,0,1000,0,0,0,1000,0,1000,1000
06573P,台積電永昌99售02,0,0,0,0,0,0,0,0,0,1000,0,0,0,1000,0,1000,1000
06578P,華新科國票98售02,0,0,0,0,0,0,0,0,0,1000,0,0,0,1000,0,1000,1000
06581P,南亞科凱基98售04,0,0,0,0,0,0,0,0,0,1000,0,0,0,1000,0,1000,1000
06622P,牧德元大98售01  ,0,0,0,0,0,0,0,0,0,1000,0,0,0,1000,0,1000,1000
057724,亞德客國泰99購01,0,0,0,0,0,0,0,0,0,1000,0,0,0,1000,0,1000,1000
057725,台達電國泰9A購01,0,0,0,0,0,0,0,0,0,1000,0,0,0,1000,0,1000,1000
055788,緯穎凱基97購04  ,0,0,0,0,0,0,0,0,0,1000,0,0,0,1000,0,1000,1000
055744,茂林元富97購02  ,0,0,0,0,0,0,0,0,0,1000,0,0,0,1000,0,1000,1000
055760,新日興群益98購02,0,0,0,0,0,0,0,0,0,1000,0,0,0,1000,0,1000,1000
05589P,大立光中信9A售01,0,0,0,0,0,0,0,0,0,1000,0,0,0,1000,0,1000,1000
056768,宏達電元大99購03,0,0,0,0,0,0,0,0,0,1000,0,0,0,1000,0,1000,1000
05680P,聯發科元大96售12,0,0,0,0,0,0,0,0,0,1000,0,0,0,1000,0,1000,1000
05768P,台積電凱基96售15,0,0,0,0,0,0,0,0,0,1000,0,0,0,1000,0,1000,1000
05516P,台積電元大96售12,0,0,0,0,0,0,0,0,0,1000,0,0,0,1000,0,1000,1000
055162,新唐元大97購01  ,0,0,0,0,0,0,0,0,0,1000,0,0,0,1000,0,1000,1000
055286,晶技元大98購03  ,0,0,0,0,0,0,0,0,0,1000,0,0,0,1000,0,1000,1000
05565P,鎧勝元大96售01  ,0,0,0,0,0,0,0,0,0,1000,0,0,0,3000,2000,1000,1000
055665,亞德客群益97購01,0,0,0,0,0,0,0,0,0,1000,0,0,0,1000,0,1000,1000
055564,茂林凱基98購01  ,0,0,0,0,0,0,0,0,0,1000,0,0,0,1000,0,1000,1000
04287P,A50正2中信96售01,0,0,0,0,0,0,0,0,0,1000,0,0,0,1000,0,1000,1000
04023P,臺股指元富99售02,1000,0,1000,0,0,0,0,0,0,0,0,0,0,0,0,0,1000
04340P,易華電元大94售02,0,0,0,0,0,0,0,0,0,1000,0,0,0,1000,0,1000,1000
042556,台灣50中信96購04,0,0,0,0,0,0,0,0,0,1000,0,0,0,1000,0,1000,1000
04592P,台積電元大94售10,0,0,0,0,0,0,0,0,0,1000,0,0,0,1000,0,1000,1000
04551P,台表科元大94售02,0,0,0,0,0,0,0,0,0,1000,0,0,0,1000,0,1000,1000
04632P,台積電群益94售11,0,0,0,0,0,0,0,0,0,1000,0,0,0,1000,0,1000,1000
051032,南電元富95購01  ,0,0,0,0,0,0,0,0,0,1000,0,0,0,1000,0,1000,1000
051049,亞德客群益95購01,0,0,0,0,0,0,0,0,0,1000,0,0,0,1000,0,1000,1000
05109P,臺股指麥證95售01,0,0,0,1000,0,1000,0,0,0,1000,0,0,0,1000,0,1000,1000
051462,世芯國泰97購01  ,0,0,0,0,0,0,0,0,0,1000,0,0,0,1000,0,1000,1000
051536,玉晶光國票97購01,0,0,0,0,0,0,0,0,0,1000,0,0,0,1000,0,1000,1000
04943P,臻鼎康和94售01  ,0,0,0,0,0,0,0,0,0,1000,0,0,0,1000,0,1000,1000
03426B,臺股指元大95熊33,0,0,0,0,0,0,0,0,0,1000,0,0,0,1000,0,1000,1000
048049,滬深反中信96購01,0,0,0,0,0,0,0,0,0,1000,0,0,0,1000,0,1000,1000
03025X,元展22          ,0,0,0,0,0,0,0,0,0,1000,0,0,0,1000,0,1000,1000
035276,南亞科台新97購01,0,0,0,0,0,0,0,0,0,1000,0,0,0,2000,1000,1000,1000
03567P,可成凱基02售06  ,0,0,0,0,0,0,0,0,0,1000,0,0,0,1000,0,1000,1000
04761P,可成凱基94售09  ,0,0,0,0,0,0,0,0,0,1000,0,0,0,1000,0,1000,1000
047630,元油反元大96購02,0,0,0,0,0,0,0,0,0,1000,0,0,0,1000,0,1000,1000
047406,香港反統一94購01,0,0,0,0,0,0,0,0,0,1000,0,0,0,1000,0,1000,1000
04743P,台積電元富94售07,0,0,0,0,0,0,0,0,0,1000,0,0,0,1000,0,1000,1000
04750P,臺股指元大94售26,0,0,0,0,0,0,0,0,0,1000,0,0,0,1000,0,1000,1000
04714P,上海銀元大94售01,0,0,0,0,0,0,0,0,0,1000,0,0,0,1000,0,1000,1000
047193,南電元大94購02  ,0,0,0,0,0,0,0,0,0,1000,0,0,0,21000,20000,1000,1000
04730P,臺股指中信96售02,0,0,0,0,0,0,0,0,0,1000,0,0,0,1000,0,1000,1000
047014,元油反元大99購01,0,0,0,0,0,0,0,0,0,1000,0,0,0,1000,0,1000,1000
047096,元油反國泰96購01,0,0,0,0,0,0,0,0,0,1000,0,0,0,1000,0,1000,1000
04705P,臺股指統一95售02,0,0,0,0,0,0,0,0,0,1000,0,0,0,1000,0,1000,1000
04707P,喬山元大94售01  ,0,0,0,0,0,0,0,0,0,1000,0,0,0,2000,1000,1000,1000
00742,新光內需收益    ,1000,0,1000,0,0,0,0,0,0,0,0,0,0,0,0,0,1000
0051,元大中型100     ,0,0,0,0,0,0,0,0,0,1000,0,0,0,6000,5000,1000,1000
04639P,臺股指群益94售14,0,0,0,0,0,0,0,0,0,1000,0,0,0,1000,0,1000,1000
00657,國泰日經225     ,0,0,0,0,0,0,0,0,0,1000,0,0,0,102000,101000,1000,1000
053759,晶相光國泰98購01,0,0,0,0,0,0,0,0,0,1000,0,0,0,1000,0,1000,1000
05606P,TPK國票97售02   ,0,0,0,0,0,0,0,0,0,1000,0,0,0,1000,0,1000,1000
056074,茂林元大97購04  ,0,0,0,0,0,0,0,0,0,1000,0,0,0,1000,0,1000,1000
056076,超眾元大97購05  ,0,0,0,0,0,0,0,0,0,1000,0,0,0,1000,0,1000,1000
052378,矽力元大96購01  ,0,0,0,0,0,0,0,0,0,1000,0,0,0,1000,0,1000,1000
053632,新唐兆豐96購01  ,0,0,0,0,0,0,0,0,0,1000,0,0,0,1000,0,1000,1000
052282,宏達電凱基95購05,0,0,0,0,0,0,0,0,0,1000,0,0,0,1000,0,1000,1000
05215P,台積電台新95售03,0,0,0,0,0,0,0,0,0,1000,0,0,0,1000,0,1000,1000
056173,廣達元富97購01  ,0,0,0,0,0,0,0,0,0,1000,0,0,0,1000,0,1000,1000
056193,聯發科富邦99購08,0,0,0,0,0,0,0,0,0,1000,0,0,0,31000,30000,1000,1000
054133,奇力新元大97購04,0,0,0,0,0,0,0,0,0,1000,0,0,0,1000,0,1000,1000
054020,技嘉台新97購01  ,0,0,0,0,0,0,0,0,0,1000,0,0,0,1000,0,1000,1000
054039,元油反元大96購08,0,0,0,0,0,0,0,0,0,1000,0,0,0,1000,0,1000,1000
050765,鴻海元大96購02  ,0,0,0,0,0,0,0,0,0,1000,0,0,0,1000,0,1000,1000
048628,T50反1元大96購03,0,0,0,0,0,0,0,0,0,1000,0,0,0,1000,0,1000,1000
04840P,大立光元大94售18,0,0,0,0,0,0,0,0,0,1000,0,0,0,3000,2000,1000,1000
051938,旭富群益95購01  ,0,0,0,0,0,0,0,0,0,1000,0,0,0,1000,0,1000,1000
04993P,上銀兆豐96售01  ,0,0,0,0,0,0,0,0,0,1000,0,0,0,1000,0,1000,1000
049908,鴻海元大94購08  ,0,0,0,0,0,0,0,0,0,1000,0,0,0,1000,0,1000,1000
05014P,臺股指元大95售05,0,0,0,0,0,0,0,0,0,1000,0,0,0,1000,0,1000,1000
050057,國巨凱基94購05  ,0,0,0,0,0,0,0,0,0,1000,0,0,0,1000,0,1000,1000
050330,南電永豐94購01  ,0,0,0,0,0,0,0,0,0,1000,0,0,0,1000,0,1000,1000
050690,台達電凱基96購01,0,0,0,0,0,0,0,0,0,1000,0,0,0,1000,0,1000,1000
8442,威宏-KY         ,1000,0,1000,0,0,0,0,0,0,0,0,0,0,0,0,0,1000
6671,三能-KY         ,3000,2000,1000,0,0,0,0,0,0,0,0,0,0,0,0,0,1000
2105,正新            ,2513728,2415000,98728,0,0,0,0,0,0,-98000,4000,4000,0,0,98000,-98000,728
2009,第一銅          ,3000,3000,0,0,0,0,0,0,0,0,0,0,0,0,0,0,0
057365,智邦元大98購07  ,0,0,0,0,0,0,0,0,0,0,0,0,0,4000,4000,0,0
057477,智邦元大98購09  ,0,0,0,0,0,0,0,0,0,0,0,0,0,4000,4000,0,0
057167,台積電元大99購03,0,0,0,0,0,0,0,0,0,0,0,0,0,1000,1000,0,0
05844P,旺宏元大96售07  ,0,0,0,0,0,0,0,0,0,0,0,0,0,27000,27000,0,0
058462,台積電兆豐99購01,0,0,0,0,0,0,0,0,0,0,0,0,0,10000,10000,0,0
058471,台積電日盛9C購01,0,0,0,0,0,0,0,0,0,0,0,0,0,1000,1000,0,0
058493,台積電群益9A購01,0,0,0,0,0,0,0,0,0,0,0,0,0,1000,1000,0,0
058502,鴻海元大99購13  ,0,0,0,0,0,0,0,0,0,0,0,0,0,15000,15000,0,0
058503,鴻海元大99購14  ,0,0,0,0,0,0,0,0,0,0,0,0,0,22000,22000,0,0
05850P,台積電兆豐96售06,0,0,0,0,0,0,0,0,0,0,0,0,0,8000,8000,0,0
058633,台灣50兆豐99購01,0,0,0,0,0,0,0,0,0,0,0,0,0,10000,10000,0,0
058610,欣興元大99購05  ,0,0,0,0,0,0,0,0,0,0,0,0,0,1000,1000,0,0
058611,欣興元大99購06  ,0,0,0,0,0,0,0,0,0,0,0,0,0,1000,1000,0,0
058700,鴻海元大99購15  ,0,0,0,0,0,0,0,0,0,0,0,0,0,11000,11000,0,0
058575,智邦群益99購01  ,0,0,0,0,0,0,0,0,0,0,0,0,0,4000,4000,0,0
057513,智邦台新98購01  ,0,0,0,0,0,0,0,0,0,0,0,0,0,10000,10000,0,0
057667,可成元大99購01  ,0,0,0,0,0,0,0,0,0,0,0,0,0,7000,7000,0,0
058066,可成亞東99購01  ,0,0,0,0,0,0,0,0,0,0,0,0,0,10000,10000,0,0
058113,百和元富98購01  ,0,0,0,0,0,0,0,0,0,0,0,0,0,60000,60000,0,0
058099,鴻海國泰9A購02  ,0,0,0,0,0,0,0,0,0,0,0,0,0,2000,2000,0,0
058091,欣興元大99購03  ,0,0,0,0,0,0,0,0,0,0,0,0,0,1000,1000,0,0
05802P,臺股指兆豐96售02,0,0,0,0,0,0,0,0,0,0,0,0,0,9000,9000,0,0
058042,鴻海元大98購12  ,0,0,0,0,0,0,0,0,0,0,0,0,0,12000,12000,0,0
058043,鴻海元大98購13  ,0,0,0,0,0,0,0,0,0,0,0,0,0,105000,105000,0,0
057973,神達富邦9A購01  ,0,0,0,0,0,0,0,0,0,0,0,0,0,130000,130000,0,0
07043P,國巨元大99售14  ,0,0,0,0,0,0,0,0,0,0,0,0,0,200000,200000,0,0
07038P,華新科台新99售01,0,0,0,0,0,0,0,0,0,0,0,0,0,330000,330000,0,0
06911P,鴻海元大99售09  ,0,0,0,0,0,0,0,0,0,0,0,0,0,35000,35000,0,0
06928P,鴻海元大99售10  ,0,0,0,0,0,0,0,0,0,0,0,0,0,15000,15000,0,0
06942P,台灣50台新02售01,0,0,0,0,0,0,0,0,0,0,0,1000,-1000,1000,0,1000,0
06876P,台灣50兆豐9B售01,0,0,0,0,0,0,0,0,0,0,0,1000,-1000,10000,9000,1000,0
06860P,台灣50兆豐98售01,0,0,0,0,0,0,0,0,0,0,0,0,0,8000,8000,0,0
06783P,亞光元大98售03  ,0,0,0,0,0,0,0,0,0,0,0,0,0,40000,40000,0,0
06843P,鴻海元大98售11  ,0,0,0,0,0,0,0,0,0,0,0,0,0,30000,30000,0,0
07140P,台灣50日盛99售01,0,0,0,0,0,0,0,0,0,0,0,0,0,20000,20000,0,0
07197P,臺股指元大99售13,0,0,0,0,0,0,0,0,0,0,0,0,0,15000,15000,0,0
057910,華新科兆豐99購02,0,0,0,0,0,0,0,0,0,0,0,0,0,10000,10000,0,0
057856,聯鈞國票99購03  ,0,0,0,0,0,0,0,0,0,0,0,0,0,1000,1000,0,0
059942,全新永豐99購04  ,0,0,0,0,0,0,0,0,0,0,0,0,0,4000,4000,0,0
059919,宏達電元大99購06,0,0,0,0,0,0,0,0,0,0,0,0,0,8000,8000,0,0
059199,欣興永豐99購02  ,0,0,0,0,0,0,0,0,0,0,0,0,0,6000,6000,0,0
059228,臺股指元大99購21,0,0,0,0,0,0,0,0,0,0,0,0,0,1000,1000,0,0
1466,聚隆            ,1000,1000,0,0,0,0,0,0,0,0,0,0,0,0,0,0,0
059716,鴻海元大99購35  ,0,0,0,0,0,0,0,0,0,0,0,0,0,21000,21000,0,0
059728,聯鈞元大99購01  ,0,0,0,0,0,0,0,0,0,0,0,0,0,10000,10000,0,0
059732,超眾元大9A購01  ,0,0,0,0,0,0,0,0,0,0,0,0,0,5000,5000,0,0
05973P,聯詠元大96售06  ,0,0,0,0,0,0,0,0,0,0,0,0,0,30000,30000,0,0
059765,嘉聯益永豐99購02,0,0,0,0,0,0,0,0,0,0,0,0,0,1000,1000,0,0
06473P,鴻海元大99售03  ,0,0,0,0,0,0,0,0,0,0,0,0,0,35000,35000,0,0
06303P,臺股指元大97售09,0,0,0,0,0,0,0,0,0,0,0,0,0,1000,1000,0,0
059560,T50反1凱基99購08,0,0,0,0,0,0,0,0,0,0,0,0,0,395000,395000,0,0
059542,聯發科亞東99購01,0,0,0,0,0,0,0,0,0,0,0,0,0,40000,40000,0,0
059611,台積電永豐99購05,0,0,0,0,0,0,0,0,0,0,0,0,0,21000,21000,0,0
059634,可成凱基99購07  ,0,0,0,0,0,0,0,0,0,0,0,0,0,19000,19000,0,0
058998,鴻海元大99購22  ,0,0,0,0,0,0,0,0,0,0,0,0,0,18000,18000,0,0
058980,鴻海凱基99購06  ,0,0,0,0,0,0,0,0,0,0,0,0,0,67000,67000,0,0
058938,台積電中信01購03,0,0,0,0,0,0,0,0,0,0,0,0,0,1000,1000,0,0
058791,鴻海元大99購17  ,0,0,0,0,0,0,0,0,0,0,0,0,0,5000,5000,0,0
058792,鴻海元大99購18  ,0,0,0,0,0,0,0,0,0,0,0,0,0,17000,17000,0,0
059489,上証2X國票9A購01,0,0,0,0,0,0,0,0,0,0,0,0,0,6000,6000,0,0
059505,上証2X永豐99購02,0,0,0,0,0,0,0,0,0,0,0,0,0,5000,5000,0,0
059331,台灣50國票9A購06,0,0,0,0,0,0,0,0,0,0,0,0,0,38000,38000,0,0
059328,台灣50國票99購08,0,0,0,0,0,0,0,0,0,0,0,0,0,38000,38000,0,0
059315,鴻海元大99購30  ,0,0,0,0,0,0,0,0,0,0,0,0,0,1000,1000,0,0
059340,鴻海凱基9A購12  ,0,0,0,0,0,0,0,0,0,0,0,0,0,15000,15000,0,0
059347,京鼎凱基99購02  ,0,0,0,0,0,0,0,0,0,0,0,0,0,40000,40000,0,0
06086P,台積電康和97售01,0,0,0,0,0,0,0,0,0,0,0,0,0,400000,400000,0,0
2488,漢平            ,13000,13000,0,0,0,0,0,0,0,0,0,0,0,0,0,0,0
2509,全坤建          ,3000,3000,0,0,0,0,0,0,0,0,0,0,0,0,0,0,0
058354,台積電凱基9A購06,0,0,0,0,0,0,0,0,0,0,0,0,0,1000,1000,0,0
058378,南電凱基99購01  ,0,0,0,0,0,0,0,0,0,0,0,0,0,26000,26000,0,0
058248,聯茂元大99購05  ,0,0,0,0,0,0,0,0,0,0,0,0,0,3000,3000,0,0
058244,神達元大99購02  ,0,0,0,0,0,0,0,0,0,0,0,0,0,5000,5000,0,0
06501P,臺股指元大9A售06,0,0,0,0,0,0,0,0,0,0,0,0,0,5000,5000,0,0
06543P,鴻海元大98售08  ,0,0,0,0,0,0,0,0,0,0,0,0,0,35000,35000,0,0
058223,世芯統一9B購01  ,0,0,0,0,0,0,0,0,0,0,0,0,0,30000,30000,0,0
050648,全新凱基96購01  ,0,0,0,0,0,0,0,0,0,0,0,0,0,21000,21000,0,0
05058P,燿華國票97售01  ,0,0,0,0,0,0,0,0,0,0,0,0,0,20000,20000,0,0
050536,亞泥凱基95購01  ,0,0,0,0,0,0,0,0,0,0,0,0,0,10000,10000,0,0
05036P,義隆元大95售03  ,0,0,0,0,0,0,0,0,0,0,0,0,0,388000,388000,0,0
050414,泰鼎永豐94購04  ,0,0,0,0,0,0,0,0,0,0,0,0,0,10000,10000,0,0
050420,鴻海凱基95購03  ,0,0,0,0,0,0,0,0,0,0,0,0,0,87000,87000,0,0
04995P,台達電凱基96售03,0,0,0,0,0,0,0,0,0,0,0,0,0,10000,10000,0,0
049947,S&P反1中信97購01,0,0,0,0,0,0,0,0,0,0,0,0,0,3000,3000,0,0
049931,矽力元大94購01  ,0,0,0,0,0,0,0,0,0,0,0,0,0,150000,150000,0,0
049584,台積電元大96購04,0,0,0,0,0,0,0,0,0,0,0,0,0,1000,1000,0,0
049587,美律元大95購01  ,0,0,0,0,0,0,0,0,0,0,0,0,0,200000,200000,0,0
049485,台積電元大96購03,0,0,0,0,0,0,0,0,0,0,0,0,0,1000,1000,0,0
049751,牧德永豐95購01  ,0,0,0,0,0,0,0,0,0,0,0,0,0,15000,15000,0,0
04965P,日月光元大94售02,0,0,0,0,0,0,0,0,0,0,0,0,0,10000,10000,0,0
049675,台光電國票95購01,0,0,0,0,0,0,0,0,0,0,0,0,0,38000,38000,0,0
052056,緯穎凱基95購04  ,0,0,0,0,0,0,0,0,0,0,0,0,0,10000,10000,0,0
052071,臺股指兆豐95購01,0,0,0,0,0,0,0,0,0,0,0,0,0,10000,10000,0,0
04857P,美律元富94售01  ,0,0,0,0,0,0,0,0,0,0,0,0,0,20000,20000,0,0
048760,S&P反1凱基94購01,0,0,0,0,0,0,0,0,0,0,0,0,0,6000,6000,0,0
050904,臺股指元大95購11,0,0,0,0,0,0,0,0,0,0,0,0,0,2000,2000,0,0
05080P,亞光永豐95售02  ,0,0,0,0,0,0,0,0,0,0,0,0,0,10000,10000,0,0
051873,緯穎凱基95購02  ,0,0,0,0,0,0,0,0,0,0,0,0,0,10000,10000,0,0
05095P,景碩元大95售01  ,0,0,0,0,0,0,0,0,0,0,0,0,0,4000,4000,0,0
050973,S&P反1統一95購01,0,0,0,0,0,0,0,0,0,0,0,0,0,2000,2000,0,0
05097P,聯發科日盛95售01,0,0,0,0,0,0,0,0,0,0,0,0,0,120000,120000,0,0
053950,緯穎富邦97購02  ,0,0,0,0,0,0,0,0,0,0,0,0,0,12000,12000,0,0
057000,亞德客國票99購01,0,0,0,0,0,0,0,0,0,0,0,0,0,5000,5000,0,0
057097,致新元富98購01  ,0,0,0,0,0,0,0,0,0,0,0,0,0,20000,20000,0,0
052443,台積電元大95購23,0,0,0,0,0,0,0,0,0,0,0,0,0,1000,1000,0,0
052374,瑞昱元大95購02  ,0,0,0,0,0,0,0,0,0,0,0,0,0,57000,57000,0,0
056079,世紀鋼元大97購02,0,0,0,0,0,0,0,0,0,0,0,0,0,100000,100000,0,0
053866,景碩元大97購02  ,0,0,0,0,0,0,0,0,0,0,0,0,0,50000,50000,0,0
05601P,鴻海元大97售04  ,0,0,0,0,0,0,0,0,0,0,0,0,0,35000,35000,0,0
053780,南亞科元大96購03,0,0,0,0,0,0,0,0,0,0,0,0,0,100000,100000,0,0
053719,可成凱基96購08  ,0,0,0,0,0,0,0,0,0,0,0,0,0,2000,2000,0,0
053755,亞光元富96購01  ,0,0,0,0,0,0,0,0,0,0,0,0,0,2000,2000,0,0
00657K,國泰日經225+U   ,0,0,0,0,0,0,0,0,0,0,0,0,0,100,100,0,0
00668K,國泰美國道瓊+U  ,0,0,0,0,0,0,0,0,0,0,0,0,0,100,100,0,0
00666R,富邦恒生國企反1 ,0,0,0,0,0,0,0,0,0,0,0,0,0,2000,2000,0,0
00625K,富邦上証+R      ,0,0,0,0,0,0,0,0,0,0,0,0,0,50000,50000,0,0
00732,國泰RMB短期報酬 ,0,0,0,0,0,0,0,0,0,0,0,0,0,100000,100000,0,0
00776,新光ICE美國權值 ,0,0,0,0,0,0,0,0,0,0,0,0,0,1000,1000,0,0
00774B,新光中國政金綠債,0,0,0,0,0,0,0,0,0,0,0,0,0,2000,2000,0,0
00706L,元大S&P日圓正2  ,0,0,0,0,0,0,0,0,0,0,0,0,0,16000,16000,0,0
00691R,兆豐藍籌30反1   ,0,0,0,0,0,0,0,0,0,0,0,0,0,1000,1000,0,0
00700,富邦恒生國企    ,0,0,0,0,0,0,0,0,0,0,0,0,0,103000,103000,0,0
047722,南電凱基94購02  ,0,0,0,0,0,0,0,0,0,0,0,0,0,42000,42000,0,0
04768P,大立光國泰96售03,0,0,0,0,0,0,0,0,0,0,0,0,0,3000,3000,0,0
047968,南電國泰94購01  ,0,0,0,0,0,0,0,0,0,0,0,0,0,4000,4000,0,0
03413B,臺股指凱基94熊19,0,0,0,0,0,0,0,0,0,0,0,0,0,11000,11000,0,0
049156,緯穎元大96購01  ,0,0,0,0,0,0,0,0,0,0,0,0,0,3000,3000,0,0
04917P,台積電凱基94售37,0,0,0,0,0,0,0,0,0,0,0,0,0,1000,1000,0,0
049126,玉晶光元富94購02,0,0,0,0,0,0,0,0,0,0,0,0,0,3000,3000,0,0
051596,超眾元大95購05  ,0,0,0,0,0,0,0,0,0,0,0,0,0,20000,20000,0,0
051433,中磊元富95購01  ,0,0,0,0,0,0,0,0,0,0,0,0,0,10000,10000,0,0
051428,玉晶光統一96購01,0,0,0,0,0,0,0,0,0,0,0,0,0,1000,1000,0,0
045657,T50反1國泰94購01,0,0,0,0,0,0,0,0,0,0,0,0,0,10000,10000,0,0
04508P,臺股指元大94售03,0,0,0,0,0,0,0,0,0,0,0,0,0,450000,450000,0,0
04581P,楠梓電康和94售03,0,0,0,0,0,0,0,0,0,0,0,0,0,100000,100000,0,0
044988,玉晶光統一95購01,0,0,0,0,0,0,0,0,0,0,0,0,0,2000,2000,0,0
055604,訊芯元大98購02  ,0,0,0,0,0,0,0,0,0,0,0,0,0,40000,40000,0,0
055291,京鼎元大97購02  ,0,0,0,0,0,0,0,0,0,0,0,0,0,70000,70000,0,0
055386,致新元大97購02  ,0,0,0,0,0,0,0,0,0,0,0,0,0,10000,10000,0,0
055075,南電永豐97購01  ,0,0,0,0,0,0,0,0,0,0,0,0,0,10000,10000,0,0
055122,國巨兆豐98購01  ,0,0,0,0,0,0,0,0,0,0,0,0,0,10000,10000,0,0
055099,可成日盛97購01  ,0,0,0,0,0,0,0,0,0,0,0,0,0,80000,80000,0,0
056900,可成元大98購02  ,0,0,0,0,0,0,0,0,0,0,0,0,0,2000,2000,0,0
055911,可成凱基98購02  ,0,0,0,0,0,0,0,0,0,0,0,0,0,9000,9000,0,0
055963,欣興元大97購04  ,0,0,0,0,0,0,0,0,0,0,0,0,0,1000,1000,0,0
055838,致茂元大97購03  ,0,0,0,0,0,0,0,0,0,0,0,0,0,30000,30000,0,0
057736,鴻海富邦99購04  ,0,0,0,0,0,0,0,0,0,0,0,0,0,54000,54000,0,0
057755,鴻海日盛98購01  ,0,0,0,0,0,0,0,0,0,0,0,0,0,420000,420000,0,0
057772,台積電群益99購01,0,0,0,0,0,0,0,0,0,0,0,0,0,1000,1000,0,0
059114,華新科永豐99購05,0,0,0,0,0,0,0,0,0,0,0,0,0,2000,2000,0,0
059085,鴻海元大99購25  ,0,0,0,0,0,0,0,0,0,0,0,0,0,14000,14000,0,0
059851,晶相光永豐99購02,0,0,0,0,0,0,0,0,0,0,0,0,0,54000,54000,0,0
059867,華邦電凱基99購02,0,0,0,0,0,0,0,0,0,0,0,0,0,25000,25000,0,0
059884,鴻海國票99購09  ,0,0,0,0,0,0,0,0,0,0,0,0,0,36000,36000,0,0
059885,台積電國票99購12,0,0,0,0,0,0,0,0,0,0,0,0,0,12000,12000,0,0
059886,可成國票99購04  ,0,0,0,0,0,0,0,0,0,0,0,0,0,3000,3000,0,0
06592P,欣興元大98售04  ,0,0,0,0,0,0,0,0,0,0,0,0,0,10000,10000,0,0
06547P,大立光元大98售09,0,0,0,0,0,0,0,0,0,0,0,0,0,3000,3000,0,0
06753P,智邦富邦98售03  ,0,0,0,0,0,0,0,0,0,0,0,0,0,10000,10000,0,0
06758P,鴻海元大98售10  ,0,0,0,0,0,0,0,0,0,0,0,0,0,55000,55000,0,0
06729P,聯詠元大98售03  ,0,0,0,0,0,0,0,0,0,0,0,0,0,20000,20000,0,0
06773P,台灣50兆豐9A售01,0,0,0,0,0,0,0,0,0,0,0,1000,-1000,10000,9000,1000,0
06776P,鴻海元大99售05  ,0,0,0,0,0,0,0,0,0,0,0,0,0,35000,35000,0,0
06777P,鴻海元大99售06  ,0,0,0,0,0,0,0,0,0,0,0,0,0,35000,35000,0,0
054755,世紀鋼凱基98購01,0,0,0,0,0,0,0,0,0,0,0,0,0,110000,110000,0,0
054738,聯發科凱基97購01,0,0,0,0,0,0,0,0,0,0,0,0,0,48000,48000,0,0
05472P,國巨統一96售02  ,0,0,0,0,0,0,0,0,0,0,0,0,0,20000,20000,0,0
053082,聯電元大98購03  ,0,0,0,0,0,0,0,0,0,0,0,0,0,10000,10000,0,0
053091,同欣電元大96購01,0,0,0,0,0,0,0,0,0,0,0,0,0,10000,10000,0,0
053129,緯穎凱基96購01  ,0,0,0,0,0,0,0,0,0,0,0,0,0,8000,8000,0,0
05318P,臺股指永昌95售03,0,0,0,0,0,0,0,0,0,0,0,10000,-10000,10000,0,10000,0
053171,中磊群益96購01  ,0,0,0,0,0,0,0,0,0,0,0,0,0,39000,39000,0,0
053175,矽力群益96購01  ,0,0,0,0,0,0,0,0,0,0,0,0,0,14000,14000,0,0
05341P,臺股指兆豐95售02,0,0,0,0,0,0,0,0,0,0,0,0,0,9000,9000,0,0
053287,臺股指元大96購15,0,0,0,0,0,0,0,0,0,0,0,0,0,2000,2000,0,0
056351,鴻海元大98購06  ,0,0,0,0,0,0,0,0,0,0,0,0,0,4000,4000,0,0
056364,亞光元大99購02  ,0,0,0,0,0,0,0,0,0,0,0,0,0,10000,10000,0,0
054169,上緯控凱基98購01,0,0,0,0,0,0,0,0,0,0,0,0,0,2000,2000,0,0
05442P,鴻海元大96售13  ,0,0,0,0,0,0,0,0,0,0,0,0,0,5000,5000,0,0
054420,緯穎元大96購08  ,0,0,0,0,0,0,0,0,0,0,0,0,0,39000,39000,0,0
054378,楠梓電群益98購01,0,0,0,0,0,0,0,0,0,0,0,0,0,40000,40000,0,0
05437P,聯詠永豐95售02  ,0,0,0,0,0,0,0,0,0,0,0,0,0,10000,10000,0,0
054291,高鐵元大97購01  ,0,0,0,0,0,0,0,0,0,0,0,0,0,100000,100000,0,0
054235,欣興群益96購06  ,0,0,0,0,0,0,0,0,0,0,0,0,0,6000,6000,0,0
054301,楠梓電凱基98購01,0,0,0,0,0,0,0,0,0,0,0,0,0,50000,50000,0,0
05468P,鴻海元大96售14  ,0,0,0,0,0,0,0,0,0,0,0,0,0,35000,35000,0,0
054678,麗豐台新98購02  ,0,0,0,0,0,0,0,0,0,0,0,0,0,50000,50000,0,0
05453P,智邦群益95售03  ,0,0,0,0,0,0,0,0,0,0,0,0,0,2000,2000,0,0
052811,玉晶光台新96購03,0,0,0,0,0,0,0,0,0,0,0,0,0,10000,10000,0,0
052789,台積電麥證96購01,0,0,0,1000,0,1000,0,0,0,0,0,0,0,1000,1000,0,0
052696,玉晶光麥證97購01,0,0,0,16000,0,16000,0,0,0,0,0,0,0,16000,16000,0,0
052643,華通永豐96購02  ,3000,0,3000,0,0,0,0,0,0,-3000,0,0,0,0,3000,-3000,0
052625,南電亞東97購01  ,0,0,0,0,0,0,0,0,0,0,0,0,0,20000,20000,0,0
6666,羅麗芬-KY       ,4000,4000,0,0,0,0,0,0,0,0,0,0,0,0,0,0,0
6205,詮欣            ,1000,0,1000,0,0,0,0,0,0,-1000,0,1000,-1000,0,0,0,0
8473,山林水          ,6000,3000,3000,0,0,0,0,0,0,-3000,0,3000,-3000,0,0,0,0
9924,福興            ,52000,63000,-11000,0,0,0,0,0,0,11000,11000,0,11000,0,0,0,0
00636K,國泰中國A50+U   ,0,0,0,0,0,0,0,0,0,-200,0,0,0,100,300,-200,-200
6192,巨路            ,46500,47000,-500,0,0,0,0,0,0,0,0,0,0,0,0,0,-500
058187,泰碩永豐99購01  ,0,0,0,0,0,0,0,0,0,-1000,0,0,0,27000,28000,-1000,-1000
06500P,臺股指元大9A售05,0,0,0,0,0,0,0,0,0,-1000,0,0,0,0,1000,-1000,-1000
07270P,台灣50元大01售09,0,0,0,0,0,0,0,0,0,-1000,0,0,0,5000,6000,-1000,-1000
059398,滬深2X元富9C購02,0,0,0,0,0,0,0,0,0,-1000,0,0,0,0,1000,-1000,-1000
059433,聯發科元大99購27,0,0,0,0,0,0,0,0,0,-1000,0,0,0,0,1000,-1000,-1000
059434,全新元大99購05  ,0,0,0,0,0,0,0,0,0,-1000,0,0,0,5000,6000,-1000,-1000
058402,欣興元大99購04  ,0,0,0,0,0,0,0,0,0,-1000,0,0,0,1000,2000,-1000,-1000
058335,鴻海元富99購06  ,0,0,0,0,0,0,0,0,0,-1000,0,0,0,0,1000,-1000,-1000
2530,華建            ,1000,2000,-1000,0,0,0,0,0,0,0,0,0,0,0,0,0,-1000
2482,連宇            ,0,1000,-1000,0,0,0,0,0,0,0,0,0,0,0,0,0,-1000
4562,穎漢            ,0,1000,-1000,0,0,0,0,0,0,0,0,0,0,0,0,0,-1000
4739,康普            ,18000,15000,3000,0,0,0,0,0,0,-4000,0,4000,-4000,0,0,0,-1000
3494,誠研            ,0,1000,-1000,0,0,0,0,0,0,0,0,0,0,0,0,0,-1000
2739,寒舍            ,0,1000,-1000,0,0,0,0,0,0,0,0,0,0,0,0,0,-1000
3305,昇貿            ,10000,11000,-1000,0,0,0,0,0,0,0,0,0,0,0,0,0,-1000
3229,晟鈦            ,0,1000,-1000,0,0,0,0,0,0,0,0,0,0,0,0,0,-1000
3094,聯傑            ,12000,13000,-1000,0,0,0,0,0,0,0,0,0,0,0,0,0,-1000
3054,立萬利          ,1000,2000,-1000,0,0,0,0,0,0,0,0,0,0,0,0,0,-1000
059366,台積電台新99購04,0,0,0,0,0,0,0,0,0,-1000,0,0,0,0,1000,-1000,-1000
059349,台郡凱基99購04  ,0,0,0,0,0,0,0,0,0,-1000,0,0,0,0,1000,-1000,-1000
059317,台積電元大99購34,0,0,0,0,0,0,0,0,0,-1000,0,0,0,1000,2000,-1000,-1000
07247P,聯發科凱基9A售06,0,0,0,0,0,0,0,0,0,-1000,0,0,0,0,1000,-1000,-1000
059335,台灣50凱基03購02,0,0,0,0,0,0,0,0,0,-1000,0,0,0,0,1000,-1000,-1000
059325,超眾元大99購05  ,0,0,0,0,0,0,0,0,0,-1000,0,0,0,1000,2000,-1000,-1000
059496,T50正2元富99購03,0,0,0,0,0,0,0,0,0,-1000,0,0,0,0,1000,-1000,-1000
059501,可成元富99購01  ,0,0,0,0,0,0,0,0,0,-1000,0,0,0,10000,11000,-1000,-1000
06274P,臺股指凱基97售06,0,0,0,0,0,0,0,0,0,-1000,0,0,0,0,1000,-1000,-1000
06283P,祥碩永豐97售01  ,0,0,0,0,0,0,0,0,0,-1000,0,0,0,0,1000,-1000,-1000
06201P,可成元大97售01  ,0,0,0,0,0,0,0,0,0,-1000,0,0,0,1000,2000,-1000,-1000
058744,FBVIX凱基9C購03 ,0,0,0,0,0,0,0,0,0,-1000,0,0,0,0,1000,-1000,-1000
058729,國巨永豐99購03  ,0,0,0,0,0,0,0,0,0,-1000,0,0,0,0,1000,-1000,-1000
059595,華新科元大9A購03,0,0,0,0,0,0,0,0,0,-1000,0,0,0,0,1000,-1000,-1000
06306P,臺股指元大97售12,0,0,0,0,0,0,0,0,0,-1000,0,0,0,1000,2000,-1000,-1000
06480P,上銀凱基98售04  ,0,0,0,0,0,0,0,0,0,-1000,0,0,0,0,1000,-1000,-1000
06417P,台積電兆豐97售03,0,0,0,0,0,0,0,0,0,-1000,0,0,0,0,1000,-1000,-1000
06408P,聯茂元富97售02  ,0,0,0,0,0,0,0,0,0,-1000,0,0,0,0,1000,-1000,-1000
06371P,茂林國票98售04  ,0,0,0,0,0,0,0,0,0,-1000,0,0,0,9000,10000,-1000,-1000
059768,上証2X群益9C購02,0,0,0,0,0,0,0,0,0,-1000,0,0,0,0,1000,-1000,-1000
059747,台達電台新99購01,0,0,0,0,0,0,0,0,0,-1000,0,0,0,0,1000,-1000,-1000
059751,華通群益9B購03  ,0,0,0,0,0,0,0,0,0,-1000,0,0,0,70000,71000,-1000,-1000
059744,禾伸堂元富99購02,0,0,0,0,0,0,0,0,0,-1000,0,0,0,0,1000,-1000,-1000
059719,台積電元大99購42,0,0,0,0,0,0,0,0,0,-1000,0,0,0,6000,7000,-1000,-1000
1455,集盛            ,135000,135000,0,0,0,0,0,0,0,-1000,0,1000,-1000,0,0,0,-1000
1539,巨庭            ,0,1000,-1000,0,0,0,0,0,0,0,0,0,0,0,0,0,-1000
1533,車王電          ,11000,12000,-1000,0,0,0,0,0,0,0,0,0,0,0,0,0,-1000
07338P,滬深2X凱基99售02,0,0,0,0,0,0,0,0,0,-1000,0,0,0,0,1000,-1000,-1000
059225,臺股指元大99購18,0,0,0,0,0,0,0,0,0,-1000,0,0,0,0,1000,-1000,-1000
059943,信邦永豐99購01  ,0,0,0,0,0,0,0,0,0,-1000,0,0,0,0,1000,-1000,-1000
057828,緯穎元大99購02  ,0,0,0,0,0,0,0,0,0,-1000,0,0,0,0,1000,-1000,-1000
06785P,臺股指元大98售02,0,0,0,0,0,0,0,0,0,-1000,0,0,0,0,1000,-1000,-1000
06801P,技嘉群益99售02  ,0,0,0,0,0,0,0,0,0,-1000,0,0,0,1000,2000,-1000,-1000
06883P,聯茂群益98售03  ,0,0,0,0,0,0,0,0,0,-1000,0,0,0,4000,5000,-1000,-1000
07039P,南電台新99售01  ,0,0,0,0,0,0,0,0,0,-1000,0,0,0,0,1000,-1000,-1000
07081P,南電群益9A售01  ,0,0,0,0,0,0,0,0,0,-1000,0,0,0,0,1000,-1000,-1000
07054P,華新科兆豐99售04,0,0,0,0,0,0,0,0,0,-1000,0,0,0,0,1000,-1000,-1000
057975,台積電永豐98購05,0,0,0,0,0,0,0,0,0,-1000,0,0,0,0,1000,-1000,-1000
058027,鴻海富邦98購04  ,0,0,0,0,0,0,0,0,0,-1000,0,0,0,54000,55000,-1000,-1000
058010,帆宣國票98購01  ,0,0,0,0,0,0,0,0,0,-1000,0,0,0,1000,2000,-1000,-1000
058101,台積電富邦9C購01,0,0,0,0,0,0,0,0,0,-1000,0,0,0,0,1000,-1000,-1000
057523,大成鋼元大99購01,0,0,0,0,0,0,0,0,0,-1000,0,0,0,0,1000,-1000,-1000
058549,藍天永豐99購01  ,0,0,0,0,0,0,0,0,0,-1000,0,0,0,0,1000,-1000,-1000
058587,台積電中信9C購03,0,0,0,0,0,0,0,0,0,-1000,0,0,0,0,1000,-1000,-1000
058532,禾伸堂元富99購01,0,0,0,0,0,0,0,0,0,-1000,0,0,0,0,1000,-1000,-1000
05929P,宏達電康和96售01,0,0,0,0,0,0,0,0,0,-1000,0,0,0,0,1000,-1000,-1000
059256,臺股指凱基99購34,0,0,0,0,0,0,0,0,0,-1000,0,0,0,0,1000,-1000,-1000
059260,國巨中信99購05  ,0,0,0,0,0,0,0,0,0,-1000,0,0,0,0,1000,-1000,-1000
057393,台積電中信02購01,0,0,0,0,0,0,0,0,0,-1000,0,0,0,0,1000,-1000,-1000
057407,超眾群益99購01  ,0,0,0,0,0,0,0,0,0,-1000,0,0,0,0,1000,-1000,-1000
2239,英利-KY         ,4000,3000,1000,0,0,0,0,0,0,-2000,0,2000,-2000,0,0,0,-1000
0057,富邦摩台        ,0,0,0,0,0,0,0,0,0,-1000,0,0,0,22000,23000,-1000,-1000
020015,統一MSCI美低波N ,0,0,0,0,0,0,0,0,0,-1000,0,0,0,0,1000,-1000,-1000
020016,統一MSCI美科技N ,0,0,0,0,0,0,0,0,0,-1000,0,0,0,0,1000,-1000,-1000
00753L,中信中國50正2   ,0,0,0,0,0,0,0,0,0,-1000,0,0,0,211000,212000,-1000,-1000
03039X,元展36          ,0,0,0,0,0,0,0,0,0,-1000,0,0,0,1000,2000,-1000,-1000
03026X,元展23          ,0,0,0,0,0,0,0,0,0,-1000,0,0,0,0,1000,-1000,-1000
04813P,智邦元大94售07  ,0,0,0,0,0,0,0,0,0,-1000,0,0,0,0,1000,-1000,-1000
03676C,臺股指元大04牛03,0,0,0,0,0,0,0,0,0,-1000,0,0,0,1000,2000,-1000,-1000
04784P,超眾元富94售01  ,0,0,0,0,0,0,0,0,0,-1000,0,0,0,0,1000,-1000,-1000
04774P,金融類元大94售02,0,0,0,0,0,0,0,0,0,-1000,0,0,0,4000,5000,-1000,-1000
04695P,正崴康和94售01  ,0,0,0,0,0,0,0,0,0,-1000,0,0,0,0,1000,-1000,-1000
047439,漢唐元大95購01  ,0,0,0,0,0,0,0,0,0,-1000,0,0,0,0,1000,-1000,-1000
04376P,漢唐元大94售04  ,0,0,0,0,0,0,0,0,0,-1000,0,0,0,0,1000,-1000,-1000
042793,台積電台新9C購01,0,0,0,0,0,0,0,0,0,-1000,0,0,0,0,1000,-1000,-1000
03959P,義隆元富96售01  ,0,0,0,0,0,0,0,0,0,-1000,0,0,0,2000,3000,-1000,-1000
050992,台積電元大97購01,0,0,0,0,0,0,0,0,0,-1000,0,0,0,0,1000,-1000,-1000
050998,訊連元大95購01  ,0,0,0,0,0,0,0,0,0,-1000,0,0,0,0,1000,-1000,-1000
05140P,台表科國票96售01,0,0,0,0,0,0,0,0,0,-1000,0,0,0,1000,2000,-1000,-1000
04929P,同欣電凱基95售01,0,0,0,0,0,0,0,0,0,-1000,0,0,0,0,1000,-1000,-1000
053861,台光電元大98購01,0,0,0,0,0,0,0,0,0,-1000,0,0,0,10000,11000,-1000,-1000
05608P,聯發科凱基96售10,0,0,0,0,0,0,0,0,0,-1000,0,0,0,0,1000,-1000,-1000
05228P,大立光元富95售09,0,0,0,0,0,0,0,0,0,-1000,0,0,0,0,1000,-1000,-1000
052454,力成元大95購02  ,0,0,0,0,0,0,0,0,0,-1000,0,0,0,0,1000,-1000,-1000
052151,義隆富邦96購01  ,0,0,0,0,0,0,0,0,0,-1000,0,0,0,0,1000,-1000,-1000
057118,欣興日盛9A購01  ,0,0,0,0,0,0,0,0,0,-1000,0,0,0,0,1000,-1000,-1000
057062,立積國泰99購01  ,0,0,0,0,0,0,0,0,0,-1000,0,0,0,0,1000,-1000,-1000
053962,聯茂永豐96購01  ,0,0,0,0,0,0,0,0,0,-1000,0,0,0,0,1000,-1000,-1000
054037,T50反1元大96購09,0,0,0,0,0,0,0,0,0,-1000,0,0,0,0,1000,-1000,-1000
054076,義隆第一96購01  ,0,0,0,0,0,0,0,0,0,-1000,0,0,0,2000,3000,-1000,-1000
048785,台積電元大96購01,0,0,0,0,0,0,0,0,0,-1000,0,0,0,0,1000,-1000,-1000
050031,嘉澤元大95購01  ,0,0,0,0,0,0,0,0,0,-1000,0,0,0,0,1000,-1000,-1000
050099,台積電永昌96購01,0,0,0,0,0,0,0,0,0,-1000,0,0,0,0,1000,-1000,-1000
050184,信邦元大94購01  ,0,0,0,0,0,0,0,0,0,-1000,0,0,0,0,1000,-1000,-1000
052865,大立光凱基96購11,0,0,0,0,0,0,0,0,0,-1000,0,0,0,0,1000,-1000,-1000
056426,上証2X凱基9A購01,0,0,0,0,0,0,0,0,0,-1000,0,0,0,0,1000,-1000,-1000
054371,台積電中信9C購01,0,0,0,0,0,0,0,0,0,-1000,0,0,0,0,1000,-1000,-1000
054210,台光電國票97購03,0,0,0,0,0,0,0,0,0,-1000,0,0,0,38000,39000,-1000,-1000
054211,奇鋐國票97購03  ,0,0,0,0,0,0,0,0,0,-1000,0,0,0,0,1000,-1000,-1000
054198,台積電永昌96購08,0,0,0,0,0,0,0,0,0,-1000,0,0,0,0,1000,-1000,-1000
056212,台光電國票98購03,0,0,0,0,0,0,0,0,0,-1000,0,0,0,0,1000,-1000,-1000
053499,禾伸堂兆豐96購01,0,0,0,0,0,0,0,0,0,-1000,0,0,0,0,1000,-1000,-1000
054821,貿聯元大9A購01  ,0,0,0,0,0,0,0,0,0,-1000,0,0,0,0,1000,-1000,-1000
054808,東元元大9A購01  ,0,0,0,0,0,0,0,0,0,-1000,0,0,0,0,1000,-1000,-1000
054843,中環兆豐97購01  ,0,0,0,0,0,0,0,0,0,-1000,0,0,0,0,1000,-1000,-1000
056657,華邦電元大99購01,0,0,0,0,0,0,0,0,0,-1000,0,0,0,0,1000,-1000,-1000
059859,國巨群益9A購03  ,0,0,0,0,0,0,0,0,0,-1000,0,0,0,0,1000,-1000,-1000
059860,台積電群益9A購02,0,0,0,0,0,0,0,0,0,-1000,0,0,0,9000,10000,-1000,-1000
059141,臺股指兆豐99購01,0,0,0,0,0,0,0,0,0,-1000,0,0,0,0,1000,-1000,-1000
059131,國巨群益99購07  ,0,0,0,0,0,0,0,0,0,-1000,0,0,0,0,1000,-1000,-1000
059813,滬深2X凱基9B購01,0,0,0,0,0,0,0,0,0,-1000,0,0,0,0,1000,-1000,-1000
059075,FBVIX元大99購01 ,0,0,0,0,0,0,0,0,0,-1000,0,0,0,0,1000,-1000,-1000
057784,台積電國票9B購01,0,0,0,0,0,0,0,0,0,-1000,0,0,0,0,1000,-1000,-1000
057717,友訊元富98購02  ,0,0,0,0,0,0,0,0,0,-1000,0,0,0,0,1000,-1000,-1000
055808,世紀鋼永豐97購01,0,0,0,0,0,0,0,0,0,-1000,0,0,0,141000,142000,-1000,-1000
055982,T50反1元富97購01,0,0,0,0,0,0,0,0,0,-1000,0,0,0,0,1000,-1000,-1000
055855,牧德元大99購02  ,0,0,0,0,0,0,0,0,0,-1000,0,0,0,0,1000,-1000,-1000
055877,奇鋐元富97購01  ,0,0,0,0,0,0,0,0,0,-1000,0,0,0,0,1000,-1000,-1000
055862,矽力元大97購04  ,0,0,0,0,0,0,0,0,0,-1000,0,0,0,0,1000,-1000,-1000
056911,緯穎元大99購01  ,0,0,0,0,0,0,0,0,0,-1000,0,0,0,0,1000,-1000,-1000
056003,智伸科永豐97購02,0,0,0,0,0,0,0,0,0,-1000,0,0,0,0,1000,-1000,-1000
055070,聯茂永豐97購01  ,0,0,0,0,0,0,0,0,0,-1000,0,0,0,0,1000,-1000,-1000
055370,旺宏元大97購05  ,0,0,0,0,0,0,0,0,0,-1000,0,0,0,0,1000,-1000,-1000
055365,華通元大97購03  ,0,0,0,0,0,0,0,0,0,-1000,0,0,0,0,1000,-1000,-1000
055716,致茂元大97購01  ,0,0,0,0,0,0,0,0,0,-1000,0,0,0,10000,11000,-1000,-1000
055671,世紀鋼群益97購01,0,0,0,0,0,0,0,0,0,-1000,0,0,0,0,1000,-1000,-1000
055443,台虹國票98購01  ,0,0,0,0,0,0,0,0,0,-1000,0,0,0,0,1000,-1000,-1000
055489,瑞昱元大97購02  ,0,0,0,0,0,0,0,0,0,-1000,0,0,0,0,1000,-1000,-1000
6117,迎廣            ,0,0,0,0,0,0,0,0,0,-1000,0,1000,-1000,0,0,0,-1000
5906,台南-KY         ,0,1000,-1000,0,0,0,0,0,0,0,0,0,0,0,0,0,-1000
6573,虹揚-KY         ,2000,3000,-1000,0,0,0,0,0,0,0,0,0,0,0,0,0,-1000
6464,台數科          ,0,1000,-1000,0,0,0,0,0,0,0,0,0,0,0,0,0,-1000
9926,新海            ,0,0,0,0,0,0,0,0,0,-1000,0,1000,-1000,0,0,0,-1000
8478,東哥遊艇        ,4000,1000,3000,0,0,0,0,0,0,-4000,0,4000,-4000,0,0,0,-1000
00709,富邦歐洲        ,0,2044,-2044,0,0,0,0,0,0,1000,0,0,0,101000,100000,1000,-1044
1727,中華化          ,0,2000,-2000,0,0,0,0,0,0,0,0,0,0,0,0,0,-2000
057388,奇鋐永豐98購02  ,0,0,0,0,0,0,0,0,0,-2000,0,0,0,0,2000,-2000,-2000
057169,微星元大98購01  ,0,0,0,0,0,0,0,0,0,-2000,0,0,0,0,2000,-2000,-2000
057158,義隆永豐99購01  ,0,0,0,0,0,0,0,0,0,-2000,0,0,0,0,2000,-2000,-2000
058682,聯發科凱基99購07,0,0,0,0,0,0,0,0,0,-2000,0,0,0,0,2000,-2000,-2000
058111,健鼎元富98購01  ,0,0,0,0,0,0,0,0,0,-2000,0,0,0,10000,12000,-2000,-2000
058055,華擎統一9A購01  ,0,0,0,0,0,0,0,0,0,-2000,0,0,0,0,2000,-2000,-2000
058015,旺宏凱基99購02  ,0,0,0,0,0,0,0,0,0,-2000,0,0,0,1000,3000,-2000,-2000
06960P,國巨凱基99售08  ,0,0,0,0,0,0,0,0,0,-2000,0,0,0,0,2000,-2000,-2000
06926P,可成群益9A售04  ,0,0,0,0,0,0,0,0,0,-2000,0,0,0,0,2000,-2000,-2000
06786P,臺股指元大98售03,0,0,0,0,0,0,0,0,0,-2000,0,0,0,0,2000,-2000,-2000
07161P,臺股指群益99售12,0,0,0,0,0,0,0,0,0,-2000,0,0,0,59000,61000,-2000,-2000
059229,臺股指元大99購22,0,0,0,0,0,0,0,0,0,-2000,0,0,0,10000,12000,-2000,-2000
05922P,京元電兆豐96售01,0,0,0,0,0,0,0,0,0,-2000,0,0,0,12000,14000,-2000,-2000
07353P,大立光國票99售02,0,0,0,0,0,0,0,0,0,-2000,0,0,0,0,2000,-2000,-2000
1110,東泥            ,0,2000,-2000,0,0,0,0,0,0,0,0,0,0,0,0,0,-2000
1233,天仁            ,6000,8000,-2000,0,0,0,0,0,0,0,0,0,0,0,0,0,-2000
1309,台達化          ,209000,207000,2000,0,0,0,0,0,0,-4000,0,4000,-4000,0,0,0,-2000
1603,華電            ,2000,3000,-1000,0,0,0,0,0,0,-1000,0,1000,-1000,0,0,0,-2000
1459,聯發            ,0,2000,-2000,0,0,0,0,0,0,0,0,0,0,0,0,0,-2000
1414,東和            ,6000,8000,-2000,0,0,0,0,0,0,0,0,0,0,0,0,0,-2000
1416,廣豐            ,0,2000,-2000,0,0,0,0,0,0,0,0,0,0,0,0,0,-2000
059705,華新科凱基9A購07,0,0,0,0,0,0,0,0,0,-2000,0,0,0,0,2000,-2000,-2000
059683,康控富邦9C購01  ,0,0,0,0,0,0,0,0,0,-2000,0,0,0,0,2000,-2000,-2000
059782,A50正2元大9C購04,0,0,0,0,0,0,0,0,0,-2000,0,0,0,0,2000,-2000,-2000
059756,奇力新富邦9C購01,0,0,0,0,0,0,0,0,0,-2000,0,0,0,0,2000,-2000,-2000
06301P,臺股指元大97售04,0,0,0,0,0,0,0,0,0,-2000,0,0,0,2000,4000,-2000,-2000
059642,健策凱基99購04  ,0,0,0,0,0,0,0,0,0,-2000,0,0,0,24000,26000,-2000,-2000
059658,國巨元大9A購03  ,0,0,0,0,0,0,0,0,0,-2000,0,0,0,0,2000,-2000,-2000
058832,立積永豐99購01  ,0,0,0,0,0,0,0,0,0,-2000,0,0,0,0,2000,-2000,-2000
058873,美律國票9A購02  ,0,0,0,0,0,0,0,0,0,-2000,0,0,0,0,2000,-2000,-2000
058964,群創兆豐99購01  ,0,0,0,0,0,0,0,0,0,-2000,0,0,0,0,2000,-2000,-2000
059053,鴻海凱基99購07  ,0,0,0,0,0,0,0,0,0,-2000,0,0,0,70000,72000,-2000,-2000
06103P,漢唐凱基97售02  ,0,0,0,0,0,0,0,0,0,-2000,0,0,0,0,2000,-2000,-2000
059471,華新科元大99購17,0,0,0,0,0,0,0,0,0,-2000,0,0,0,0,2000,-2000,-2000
06072P,牧德永豐97售01  ,0,0,0,0,0,0,0,0,0,-2000,0,0,0,0,2000,-2000,-2000
3416,融程電          ,0,2000,-2000,0,0,0,0,0,0,0,0,0,0,0,0,0,-2000
058309,大毅元大99購02  ,0,0,0,0,0,0,0,0,0,-2000,0,0,0,0,2000,-2000,-2000
059430,台積電元大99購36,0,0,0,0,0,0,0,0,0,-2000,0,0,0,1000,3000,-2000,-2000
058255,臺股指元大9A購19,0,0,0,0,0,0,0,0,0,-2000,0,0,0,0,2000,-2000,-2000
058138,晶相光元大9C購01,0,0,0,0,0,0,0,0,0,-2000,0,0,0,0,2000,-2000,-2000
058242,玉晶光元大9A購01,0,0,0,0,0,0,0,0,0,-2000,0,0,0,0,2000,-2000,-2000
00702,國泰標普低波高息,0,0,0,0,0,0,0,0,0,-2000,0,0,0,16000,18000,-2000,-2000
00735,國泰臺韓科技    ,0,0,0,0,0,0,0,0,0,-2000,0,0,0,102000,104000,-2000,-2000
00661,元大日經225     ,0,0,0,0,0,0,0,0,0,-2000,0,0,0,0,2000,-2000,-2000
046906,新光金凱基99購02,0,0,0,0,0,0,0,0,0,-2000,0,0,0,128000,130000,-2000,-2000
03434B,臺股指元大99熊10,0,0,0,0,0,0,0,0,0,-2000,0,0,0,231000,233000,-2000,-2000
051749,矽力國泰97購01  ,0,0,0,0,0,0,0,0,0,-2000,0,0,0,0,2000,-2000,-2000
048345,緯創元大94購01  ,0,0,0,0,0,0,0,0,0,-2000,0,0,0,0,2000,-2000,-2000
051599,健鼎兆豐95購02  ,0,0,0,0,0,0,0,0,0,-2000,0,0,0,0,2000,-2000,-2000
051699,世紀鋼麥證95購01,0,0,0,3000,5000,-2000,0,0,0,-2000,0,0,0,3000,5000,-2000,-2000
039212,台達電台新9A購01,0,0,0,0,0,0,0,0,0,-2000,0,0,0,0,2000,-2000,-2000
04378P,大立光元大94售05,0,0,0,0,0,0,0,0,0,-2000,0,0,0,0,2000,-2000,-2000
044963,台積電中信96購01,0,0,0,0,0,0,0,0,0,-2000,0,0,0,0,2000,-2000,-2000
050620,和碩元大94購04  ,0,0,0,0,0,0,0,0,0,-2000,0,0,0,0,2000,-2000,-2000
04949P,致新元大94售04  ,0,0,0,0,0,0,0,0,0,-2000,0,0,0,11000,13000,-2000,-2000
048382,T50反1國票96購01,0,0,0,0,0,0,0,0,0,-2000,0,0,0,0,2000,-2000,-2000
054105,元油反凱基9A購01,0,0,0,0,0,0,0,0,0,-2000,0,0,0,0,2000,-2000,-2000
053980,泰鼎元大97購02  ,0,0,0,0,0,0,0,0,0,-2000,0,0,0,0,2000,-2000,-2000
057150,貿聯國票99購02  ,0,0,0,0,0,0,0,0,0,-2000,0,0,0,3000,5000,-2000,-2000
055433,嘉聯益群益99購01,0,0,0,0,0,0,0,0,0,-2000,0,0,0,0,2000,-2000,-2000
055334,禾伸堂兆豐97購01,0,0,0,0,0,0,0,0,0,-2000,0,0,0,0,2000,-2000,-2000
056936,禾伸堂元富98購01,0,0,0,0,0,0,0,0,0,-2000,0,0,0,0,2000,-2000,-2000
055755,禾伸堂兆豐97購02,0,0,0,0,0,0,0,0,0,-2000,0,0,0,0,2000,-2000,-2000
057799,世紀鋼兆豐98購01,0,0,0,0,0,0,0,0,0,-2000,0,0,0,0,2000,-2000,-2000
059084,鴻海元大99購24  ,0,0,0,0,0,0,0,0,0,-2000,0,0,0,0,2000,-2000,-2000
059899,上証2X元大9C購04,0,0,0,0,0,0,0,0,0,-2000,0,0,0,0,2000,-2000,-2000
06549P,大立光元大98售11,0,0,0,0,0,0,0,0,0,-2000,0,0,0,0,2000,-2000,-2000
06545P,致茂元大98售01  ,0,0,0,0,0,0,0,0,0,-2000,0,0,0,0,2000,-2000,-2000
06662P,玉晶光中信9A售01,0,0,0,0,0,0,0,0,0,-2000,0,0,0,0,2000,-2000,-2000
06673P,大立光群益98售01,0,0,0,0,0,0,0,0,0,-2000,0,0,0,2000,4000,-2000,-2000
054966,貿聯元大98購02  ,0,0,0,0,0,0,0,0,0,-2000,0,0,0,0,2000,-2000,-2000
054845,智邦兆豐98購01  ,0,0,0,0,0,0,0,0,0,-2000,0,0,0,0,2000,-2000,-2000
054887,大毅統一98購01  ,0,0,0,0,0,0,0,0,0,-2000,0,0,0,0,2000,-2000,-2000
054707,聯茂亞東97購01  ,0,0,0,0,0,0,0,0,0,-2000,0,0,0,10000,12000,-2000,-2000
053249,致伸國票97購02  ,0,0,0,0,0,0,0,0,0,-2000,0,0,0,0,2000,-2000,-2000
053391,嘉聯益元大99購01,0,0,0,0,0,0,0,0,0,-2000,0,0,0,0,2000,-2000,-2000
053041,可成凱基96購02  ,0,0,0,0,0,0,0,0,0,-2000,0,0,0,0,2000,-2000,-2000
052979,上銀元大96購02  ,0,0,0,0,0,0,0,0,0,-2000,0,0,0,0,2000,-2000,-2000
056298,億光元大97購02  ,0,0,0,0,0,0,0,0,0,-2000,0,0,0,0,2000,-2000,-2000
056311,泰鼎元大98購01  ,0,0,0,0,0,0,0,0,0,-2000,0,0,0,0,2000,-2000,-2000
056358,友訊元大99購01  ,0,0,0,0,0,0,0,0,0,-2000,0,0,0,0,2000,-2000,-2000
056380,麗豐元富98購01  ,0,0,0,0,0,0,0,0,0,-2000,0,0,0,126000,128000,-2000,-2000
054584,貿聯元富97購01  ,0,0,0,0,0,0,0,0,0,-2000,0,0,0,0,2000,-2000,-2000
056459,茂林凱基99購01  ,0,0,0,0,0,0,0,0,0,-2000,0,0,0,3000,5000,-2000,-2000
056511,超眾永豐98購01  ,0,0,0,0,0,0,0,0,0,-2000,0,0,0,0,2000,-2000,-2000
910322,康師傅-DR       ,0,2000,-2000,0,0,0,0,0,0,0,0,0,0,0,0,0,-2000
9918,欣天然          ,0,2000,-2000,0,0,0,0,0,0,0,0,0,0,0,0,0,-2000
6591,動力-KY         ,67000,49000,18000,0,0,0,0,0,0,-20000,0,20000,-20000,0,0,0,-2000
2208,台船            ,176000,178376,-2376,0,0,0,0,0,0,0,0,0,0,0,0,0,-2376
3055,蔚華科          ,3,3000,-2997,0,0,0,0,0,0,0,0,0,0,0,0,0,-2997
2636,台驊投控        ,25000,26000,-1000,0,0,0,0,0,0,-2000,0,2000,-2000,0,0,0,-3000
059459,訊芯永豐99購04  ,0,0,0,0,0,0,0,0,0,-3000,0,0,0,0,3000,-3000,-3000
2420,新巨            ,43000,46000,-3000,0,0,0,0,0,0,0,0,0,0,0,0,0,-3000
059377,台積電群益99購09,0,0,0,0,0,0,0,0,0,-3000,0,0,0,0,3000,-3000,-3000
059351,台虹凱基99購01  ,0,0,0,0,0,0,0,0,0,-3000,0,0,0,0,3000,-3000,-3000
059316,國巨元大99購23  ,0,0,0,0,0,0,0,0,0,-3000,0,0,0,7000,10000,-3000,-3000
059483,臺股指群益99購17,0,0,0,0,0,0,0,0,0,-3000,0,0,0,0,3000,-3000,-3000
058949,上銀群益99購02  ,0,0,0,0,0,0,0,0,0,-3000,0,0,0,0,3000,-3000,-3000
058916,SGBR2X元富99購02,0,0,0,0,0,0,0,0,0,-3000,0,0,0,15000,18000,-3000,-3000
058761,欣興群益99購02  ,0,0,0,0,0,0,0,0,0,-3000,0,0,0,7000,10000,-3000,-3000
059616,滬深2X群益01購04,0,0,0,0,0,0,0,0,0,-3000,0,0,0,0,3000,-3000,-3000
059774,臺股指群益99購21,0,0,0,0,0,0,0,0,0,-3000,0,0,0,0,3000,-3000,-3000
059776,台灣50元大9C購17,0,0,0,0,0,0,0,0,0,-3000,0,0,0,0,3000,-3000,-3000
059749,台灣50群益9A購04,0,0,0,0,0,0,0,0,0,-3000,0,0,0,0,3000,-3000,-3000
059721,旺宏元大99購16  ,0,0,0,0,0,0,0,0,0,-3000,0,0,0,0,3000,-3000,-3000
057188,佐登元大98購01  ,0,0,0,0,0,0,0,0,0,-3000,0,0,0,0,3000,-3000,-3000
057258,中環兆豐98購01  ,0,0,0,0,0,0,0,0,0,-3000,0,0,0,0,3000,-3000,-3000
059270,台灣50元大01購03,0,0,0,0,0,0,0,0,0,-3000,0,0,0,0,3000,-3000,-3000
1441,大東            ,0,3000,-3000,0,0,0,0,0,0,0,0,0,0,0,0,0,-3000
1323,永裕            ,16000,19000,-3000,0,0,0,0,0,0,0,0,0,0,0,0,0,-3000
07363P,大立光元大99售26,0,0,0,0,0,0,0,0,0,-3000,0,0,0,0,3000,-3000,-3000
059233,台灣50凱基9C購02,0,0,0,0,0,0,0,0,0,-3000,0,0,0,0,3000,-3000,-3000
059938,凱美永豐99購01  ,0,0,0,0,0,0,0,0,0,-3000,0,0,0,0,3000,-3000,-3000
07170P,臺股指國票99售07,0,0,0,0,0,0,0,0,0,-3000,0,0,0,0,3000,-3000,-3000
057847,聯茂永豐98購01  ,0,0,0,0,0,0,0,0,0,-3000,0,0,0,0,3000,-3000,-3000
06936P,瑞儀元大98售01  ,0,0,0,0,0,0,0,0,0,-3000,0,0,0,2000,5000,-3000,-3000
06958P,FBVIX凱基9C售02 ,0,0,0,0,0,0,0,0,0,-3000,0,0,0,0,3000,-3000,-3000
07094P,華通國票9A售03  ,0,0,0,0,0,0,0,0,0,-3000,0,0,0,0,3000,-3000,-3000
056536,義隆凱基98購04  ,0,0,0,0,0,0,0,0,0,-3000,0,0,0,22000,25000,-3000,-3000
05267P,欣興元大95售08  ,0,0,0,0,0,0,0,0,0,-3000,0,0,0,1000,4000,-3000,-3000
05466P,旺宏富邦97售01  ,0,0,0,0,0,0,0,0,0,-3000,0,0,0,0,3000,-3000,-3000
054807,台化元大9A購02  ,0,0,0,0,0,0,0,0,0,-3000,0,0,0,0,3000,-3000,-3000
054822,祥碩元大97購01  ,0,0,0,0,0,0,0,0,0,-3000,0,0,0,12000,15000,-3000,-3000
054977,SP黃豆元富9B購01,0,0,0,0,0,0,0,0,0,-3000,0,0,0,0,3000,-3000,-3000
056588,聯發科統一9A購02,0,0,0,0,0,0,0,0,0,-3000,0,0,0,47000,50000,-3000,-3000
059138,台積電兆豐99購04,0,0,0,0,0,0,0,0,0,-3000,0,0,0,0,3000,-3000,-3000
059147,矽創國票99購01  ,0,0,0,0,0,0,0,0,0,-3000,0,0,0,2000,5000,-3000,-3000
055753,貿聯第一98購01  ,0,0,0,0,0,0,0,0,0,-3000,0,0,0,0,3000,-3000,-3000
055848,大立光元大97購11,0,0,0,0,0,0,0,0,0,-3000,0,0,0,0,3000,-3000,-3000
056910,超眾元大99購02  ,0,0,0,0,0,0,0,0,0,-3000,0,0,0,0,3000,-3000,-3000
055351,聯發科凱基97購03,0,0,0,0,0,0,0,0,0,-3000,0,0,0,0,3000,-3000,-3000
044530,台積電富邦94購01,0,0,0,0,0,0,0,0,0,-3000,0,0,0,0,3000,-3000,-3000
04377P,大立光元大94售04,0,0,0,0,0,0,0,0,0,-3000,0,0,0,0,3000,-3000,-3000
051100,同欣電元大95購01,0,0,0,0,0,0,0,0,0,-3000,0,0,0,0,3000,-3000,-3000
051544,T50反1康和98購01,0,0,0,0,0,0,0,0,0,-3000,0,0,0,0,3000,-3000,-3000
048349,美利達元大96購02,0,0,0,0,0,0,0,0,0,-3000,0,0,0,0,3000,-3000,-3000
035275,台積電台新97購01,0,0,0,0,0,0,0,0,0,-3000,0,0,0,0,3000,-3000,-3000
03033X,元展30          ,0,0,0,0,0,0,0,0,0,-3000,0,0,0,0,3000,-3000,-3000
03416B,臺股指凱基95熊05,0,0,0,0,0,0,0,0,0,-3000,0,0,0,44000,47000,-3000,-3000
006203,元大MSCI台灣    ,1000,0,1000,0,0,0,0,0,0,-4000,0,0,0,2000,6000,-4000,-3000
01004T,土銀富邦R2      ,0,3000,-3000,0,0,0,0,0,0,0,0,0,0,0,0,0,-3000
00707R,元大S&P日圓反1  ,0,0,0,0,0,0,0,0,0,-3000,0,0,0,0,3000,-3000,-3000
00688L,國泰20年美債正2 ,0,0,0,0,0,0,0,0,0,-3000,0,0,0,106000,109000,-3000,-3000
6224,聚鼎            ,47000,55000,-8000,0,0,0,0,0,0,5000,5000,0,5000,0,0,0,-3000
8104,錸寶            ,21000,19000,2000,0,0,0,0,0,0,-5000,0,5000,-5000,0,0,0,-3000
2457,飛宏            ,100000,103649,-3649,0,0,0,0,0,0,0,0,0,0,0,0,0,-3649
058262,大立光富邦9C購02,0,0,0,0,0,0,0,0,0,-4000,0,0,0,0,4000,-4000,-4000
059462,台灣50元大9C購06,0,0,0,0,0,0,0,0,0,-4000,0,0,0,0,4000,-4000,-4000
2613,中櫃            ,0,2000,-2000,0,0,0,0,0,0,-2000,0,2000,-2000,0,0,0,-4000
2634,漢翔            ,327000,330000,-3000,0,0,0,0,0,0,-1000,0,1000,-1000,0,0,0,-4000
2881B,富邦金乙特      ,0,0,0,0,0,0,0,0,0,-4000,14000,18000,-4000,0,0,0,-4000
3622,洋華            ,21000,25000,-4000,0,0,0,0,0,0,0,0,0,0,0,0,0,-4000
4306,炎洲            ,98000,99000,-1000,0,0,0,0,0,0,-3000,3000,6000,-3000,0,0,0,-4000
059627,旺宏凱基99購10  ,0,0,0,0,0,0,0,0,0,-4000,0,0,0,0,4000,-4000,-4000
059636,宏達電凱基99購05,0,0,0,0,0,0,0,0,0,-4000,0,0,0,0,4000,-4000,-4000
059653,台灣50元大99購08,0,0,0,0,0,0,0,0,0,-4000,0,0,0,0,4000,-4000,-4000
058803,世紀鋼元大99購03,0,0,0,0,0,0,0,0,0,-4000,0,0,0,59000,63000,-4000,-4000
06896P,信邦中信98售01  ,0,0,0,0,0,0,0,0,0,-4000,0,0,0,0,4000,-4000,-4000
06890P,金融類元大98售02,0,0,0,0,0,0,0,0,0,-4000,0,0,0,0,4000,-4000,-4000
07194P,聯發科元大99售25,0,0,0,0,0,0,0,0,0,-4000,0,0,0,9000,13000,-4000,-4000
059946,健策永豐99購05  ,0,0,0,0,0,0,0,0,0,-4000,0,0,0,0,4000,-4000,-4000
06014P,聯發科富邦97售02,0,0,0,0,0,0,0,0,0,-4000,0,0,0,0,4000,-4000,-4000
1435,中福            ,1000,5000,-4000,0,0,0,0,0,0,0,0,0,0,0,0,0,-4000
059250,大立光凱基99購06,0,0,0,0,0,0,0,0,0,-4000,0,0,0,7000,11000,-4000,-4000
058669,上銀群益99購01  ,0,0,0,0,0,0,0,0,0,-4000,0,0,0,0,4000,-4000,-4000
057491,美食元大98購03  ,0,0,0,0,0,0,0,0,0,-4000,0,0,0,1000,5000,-4000,-4000
057557,聯茂凱基99購04  ,0,0,0,0,0,0,0,0,0,-4000,0,0,0,0,4000,-4000,-4000
057241,超眾凱基99購02  ,0,0,0,0,0,0,0,0,0,-4000,0,0,0,0,4000,-4000,-4000
2109,華豐            ,2000,6000,-4000,0,0,0,0,0,0,0,0,0,0,0,0,0,-4000
2012,春雨            ,0,4000,-4000,0,0,0,0,0,0,0,0,0,0,0,0,0,-4000
00711B,FH彭博新興債    ,0,0,0,0,0,0,0,0,0,-4000,0,0,0,101000,105000,-4000,-4000
054129,技嘉元大96購02  ,0,0,0,0,0,0,0,0,0,-4000,0,0,0,4000,8000,-4000,-4000
054104,T50反1凱基9A購02,0,0,0,0,0,0,0,0,0,-4000,0,0,0,0,4000,-4000,-4000
057054,立積元大98購03  ,0,0,0,0,0,0,0,0,0,-4000,0,0,0,9000,13000,-4000,-4000
051784,國巨兆豐95購01  ,0,0,0,0,0,0,0,0,0,-4000,0,0,0,0,4000,-4000,-4000
05188P,可成凱基95售09  ,0,0,0,0,0,0,0,0,0,-4000,0,0,0,10000,14000,-4000,-4000
050897,嘉晶元大95購03  ,0,0,0,0,0,0,0,0,0,-4000,0,0,0,0,4000,-4000,-4000
050275,緯穎元大94購10  ,0,0,0,0,0,0,0,0,0,-4000,0,0,0,0,4000,-4000,-4000
05552P,聯詠群益96售01  ,0,0,0,0,0,0,0,0,0,-4000,0,0,0,6000,10000,-4000,-4000
056818,正崴永豐98購01  ,0,0,0,0,0,0,0,0,0,-4000,0,0,0,0,4000,-4000,-4000
06683P,訊芯元大98售07  ,0,0,0,0,0,0,0,0,0,-4000,0,0,0,0,4000,-4000,-4000
06617P,智邦元大98售03  ,0,0,0,0,0,0,0,0,0,-4000,0,0,0,10000,14000,-4000,-4000
054766,智原國票98購01  ,0,0,0,0,0,0,0,0,0,-4000,0,0,0,0,4000,-4000,-4000
053628,微星兆豐96購01  ,0,0,0,0,0,0,0,0,0,-4000,0,0,0,2000,6000,-4000,-4000
052946,智原國票97購02  ,0,0,0,0,0,0,0,0,0,-4000,0,0,0,0,4000,-4000,-4000
053330,燿華永豐96購03  ,0,0,0,0,0,0,0,0,0,-4000,0,0,0,0,4000,-4000,-4000
052492,易華電國票96購02,0,0,0,0,0,0,0,0,0,-4000,0,0,0,0,4000,-4000,-4000
9911,櫻花            ,207000,213000,-6000,0,0,0,0,0,0,2000,3000,1000,2000,0,0,0,-4000
9902,台火            ,16000,19000,-3000,0,0,0,0,0,0,-1000,0,1000,-1000,0,0,0,-4000
6698,旭暉應材        ,29000,9000,20000,0,0,0,0,0,0,-24000,0,24000,-24000,0,0,0,-4000
6133,金橋            ,0,4000,-4000,0,0,0,0,0,0,0,0,0,0,0,0,0,-4000
3257,虹冠電          ,6769,11000,-4231,0,0,0,0,0,0,0,0,0,0,0,0,0,-4231
6409,旭隼            ,73000,75252,-2252,0,0,0,2000,0,2000,-4000,0,4000,-4000,0,0,0,-4252
2612,中航            ,44530,49000,-4470,0,0,0,0,0,0,0,0,0,0,0,0,0,-4470
059446,臺股指元大99購27,0,0,0,0,0,0,0,0,0,-5000,0,0,0,0,5000,-5000,-5000
059464,台灣50元大9C購08,0,0,0,0,0,0,0,0,0,-5000,0,0,0,0,5000,-5000,-5000
058213,欣興群益99購01  ,0,0,0,0,0,0,0,0,0,-5000,0,0,0,5000,10000,-5000,-5000
058305,華邦電元大99購02,0,0,0,0,0,0,0,0,0,-5000,0,0,0,0,5000,-5000,-5000
058414,大立光兆豐99購02,0,0,0,0,0,0,0,0,0,-5000,0,0,0,0,5000,-5000,-5000
2466,冠西電          ,2000,7000,-5000,0,0,0,0,0,0,0,0,0,0,0,0,0,-5000
058820,致茂國泰9B購01  ,0,0,0,0,0,0,0,0,0,-5000,0,0,0,0,5000,-5000,-5000
058906,晶相光元大99購01,0,0,0,0,0,0,0,0,0,-5000,0,0,0,0,5000,-5000,-5000
058742,鴻海康和99購01  ,0,0,0,0,0,0,0,0,0,-5000,0,0,0,0,5000,-5000,-5000
058931,玉晶光統一9C購01,0,0,0,0,0,0,0,0,0,-5000,0,0,0,6000,11000,-5000,-5000
06270P,致伸凱基97售03  ,0,0,0,0,0,0,0,0,0,-5000,0,0,0,0,5000,-5000,-5000
059491,國巨國票9A購05  ,0,0,0,0,0,0,0,0,0,-5000,0,0,0,0,5000,-5000,-5000
059659,旺宏元大9A購03  ,0,0,0,0,0,0,0,0,0,-5000,0,0,0,4000,9000,-5000,-5000
059513,揚明光永豐99購01,0,0,0,0,0,0,0,0,0,-5000,0,0,0,0,5000,-5000,-5000
059720,台積電元大99購43,0,0,0,0,0,0,0,0,0,-5000,0,0,0,0,5000,-5000,-5000
059700,鴻海凱基9A購16  ,0,0,0,0,0,0,0,0,0,-5000,0,0,0,66000,71000,-5000,-5000
059761,國巨永豐99購06  ,0,0,0,0,0,0,0,0,0,-5000,0,0,0,0,5000,-5000,-5000
07262P,台灣50元大9B售05,0,0,0,0,0,0,0,0,0,-5000,0,0,0,0,5000,-5000,-5000
1726,永記            ,6000,11000,-5000,0,0,0,0,0,0,0,0,0,0,0,0,0,-5000
2373,震旦行          ,15000,20000,-5000,0,0,0,0,0,0,0,0,0,0,0,0,0,-5000
057270,遠東新元大98購01,0,0,0,0,0,0,0,0,0,-5000,0,0,0,0,5000,-5000,-5000
057371,可成元大98購08  ,0,0,0,0,0,0,0,0,0,-5000,0,0,0,3000,8000,-5000,-5000
057375,欣興元大98購09  ,0,0,0,0,0,0,0,0,0,-5000,0,0,0,1000,6000,-5000,-5000
057490,可成元大98購10  ,0,0,0,0,0,0,0,0,0,-5000,0,0,0,0,5000,-5000,-5000
057526,智邦元大98購10  ,0,0,0,0,0,0,0,0,0,-5000,0,0,0,31000,36000,-5000,-5000
06067P,華新科康和97售01,0,0,0,0,0,0,0,0,0,-5000,0,0,0,15000,20000,-5000,-5000
058040,FBVIX元大98購01 ,0,0,0,0,0,0,0,0,0,-5000,0,0,0,0,5000,-5000,-5000
058622,國巨國票99購07  ,0,0,0,0,0,0,0,0,0,-5000,0,0,0,0,5000,-5000,-5000
058581,大立光群益99購05,0,0,0,0,0,0,0,0,0,-5000,0,0,0,0,5000,-5000,-5000
058452,義隆永豐99購02  ,0,0,0,0,0,0,0,0,0,-5000,0,0,0,0,5000,-5000,-5000
1558,伸興            ,17000,16000,1000,0,0,0,0,0,0,-6000,0,6000,-6000,0,0,0,-5000
1528,恩德            ,1000,6000,-5000,0,0,0,0,0,0,0,0,0,0,0,0,0,-5000
07351P,鴻海國票99售08  ,0,0,0,0,0,0,0,0,0,-5000,0,0,0,0,5000,-5000,-5000
059955,美食康和99購01  ,0,0,0,0,0,0,0,0,0,-5000,0,0,0,0,5000,-5000,-5000
059936,台積電永豐99購06,0,0,0,0,0,0,0,0,0,-5000,0,0,0,0,5000,-5000,-5000
07302P,臺股指元大9A售35,0,0,0,0,0,0,0,0,0,-5000,0,0,0,3000,8000,-5000,-5000
1234,黑松            ,9000,14000,-5000,0,0,0,0,0,0,0,0,0,0,0,0,0,-5000
1235,興泰            ,0,5000,-5000,0,0,0,0,0,0,0,0,0,0,0,0,0,-5000
057872,旺宏元大99購06  ,0,0,0,0,0,0,0,0,0,-5000,0,0,0,0,5000,-5000,-5000
06903P,技嘉凱基98售04  ,0,0,0,0,0,0,0,0,0,-5000,0,0,0,0,5000,-5000,-5000
07077P,緯穎凱基99售01  ,0,0,0,0,0,0,0,0,0,-5000,0,0,0,5000,10000,-5000,-5000
07046P,大立光富邦9C售03,0,0,0,0,0,0,0,0,0,-5000,0,0,0,10000,15000,-5000,-5000
052682,上銀元大97購01  ,0,0,0,0,0,0,0,0,0,-5000,0,0,0,0,5000,-5000,-5000
052777,燿華國票98購01  ,0,0,0,0,0,0,0,0,0,-5000,0,0,0,3000,8000,-5000,-5000
05464P,華通康和95售02  ,0,0,0,0,0,0,0,0,0,-5000,0,0,0,45000,50000,-5000,-5000
054520,健鼎元大96購02  ,0,0,0,0,0,0,0,0,0,-5000,0,0,0,0,5000,-5000,-5000
054517,高鐵元大96購01  ,0,0,0,0,0,0,0,0,0,-5000,0,0,0,100000,105000,-5000,-5000
056365,欣興元大98購01  ,0,0,0,0,0,0,0,0,0,-5000,0,0,0,31000,36000,-5000,-5000
05297P,臻鼎凱基95售04  ,0,0,0,0,0,0,0,0,0,-5000,0,0,0,0,5000,-5000,-5000
052969,建準群益97購01  ,0,0,0,0,0,0,0,0,0,-5000,0,0,0,0,5000,-5000,-5000
054842,台達電兆豐98購01,0,0,0,0,0,0,0,0,0,-5000,0,0,0,75000,80000,-5000,-5000
05474P,智邦亞東95售01  ,0,0,0,0,0,0,0,0,0,-5000,0,0,0,0,5000,-5000,-5000
056598,京元電元富98購01,0,0,0,0,0,0,0,0,0,-5000,0,0,0,0,5000,-5000,-5000
056618,京元電永豐98購01,0,0,0,0,0,0,0,0,0,-5000,0,0,0,0,5000,-5000,-5000
06614P,祥碩永豐98售03  ,0,0,0,0,0,0,0,0,0,-5000,0,0,0,0,5000,-5000,-5000
06597P,國巨富邦9A售05  ,0,0,0,0,0,0,0,0,0,-5000,0,0,0,0,5000,-5000,-5000
059820,南亞科凱基99購07,0,0,0,0,0,0,0,0,0,-5000,0,0,0,0,5000,-5000,-5000
059869,友達凱基99購07  ,0,0,0,0,0,0,0,0,0,-5000,0,0,0,0,5000,-5000,-5000
059850,日電貿永豐99購01,0,0,0,0,0,0,0,0,0,-5000,0,0,0,10000,15000,-5000,-5000
059837,健策國泰9B購01  ,0,0,0,0,0,0,0,0,0,-5000,0,0,0,0,5000,-5000,-5000
059838,茂林國泰9B購01  ,0,0,0,0,0,0,0,0,0,-5000,0,0,0,25000,30000,-5000,-5000
059091,中信金元大99購01,0,0,0,0,0,0,0,0,0,-5000,0,0,0,0,5000,-5000,-5000
059092,聯陽元大99購01  ,0,0,0,0,0,0,0,0,0,-5000,0,0,0,0,5000,-5000,-5000
057776,京元電群益98購02,0,0,0,0,0,0,0,0,0,-5000,0,0,0,0,5000,-5000,-5000
057740,茂林富邦9A購01  ,0,0,0,0,0,0,0,0,0,-5000,0,0,0,5000,10000,-5000,-5000
056890,國巨元大98購11  ,0,0,0,0,0,0,0,0,0,-5000,0,0,0,0,5000,-5000,-5000
055949,亞德客元大97購04,0,0,0,0,0,0,0,0,0,-5000,0,0,0,0,5000,-5000,-5000
055798,聯茂富邦98購01  ,0,0,0,0,0,0,0,0,0,-5000,0,0,0,0,5000,-5000,-5000
05583P,訊芯凱基96售01  ,0,0,0,0,0,0,0,0,0,-5000,0,0,0,0,5000,-5000,-5000
055605,緯穎元大97購02  ,0,0,0,0,0,0,0,0,0,-5000,0,0,0,0,5000,-5000,-5000
055383,GIS元大97購02   ,0,0,0,0,0,0,0,0,0,-5000,0,0,0,0,5000,-5000,-5000
050424,鴻海凱基96購03  ,0,0,0,0,0,0,0,0,0,-5000,0,0,0,0,5000,-5000,-5000
049497,茂林元大94購04  ,0,0,0,0,0,0,0,0,0,-5000,0,0,0,15000,20000,-5000,-5000
05076P,深中小群益99售02,0,0,0,0,0,0,0,0,0,-5000,0,0,0,0,5000,-5000,-5000
057056,立積元大99購02  ,0,0,0,0,0,0,0,0,0,-5000,0,0,0,0,5000,-5000,-5000
057057,立積元大9A購01  ,0,0,0,0,0,0,0,0,0,-5000,0,0,0,0,5000,-5000,-5000
056987,南茂群益98購01  ,0,0,0,0,0,0,0,0,0,-5000,0,0,0,5000,10000,-5000,-5000
056198,台光電永豐97購02,0,0,0,0,0,0,0,0,0,-5000,0,0,0,0,5000,-5000,-5000
056203,興富發永豐97購01,0,0,0,0,0,0,0,0,0,-5000,0,0,0,0,5000,-5000,-5000
05394P,聯詠中信95售02  ,0,0,0,0,0,0,0,0,0,-5000,0,0,0,0,5000,-5000,-5000
053703,緯穎兆豐96購01  ,0,0,0,0,0,0,0,0,0,-5000,0,0,0,0,5000,-5000,-5000
053800,華通凱基97購03  ,0,0,0,0,0,0,0,0,0,-5000,0,0,0,102000,107000,-5000,-5000
03049X,元展46          ,0,0,0,0,0,0,0,0,0,-5000,0,0,0,0,5000,-5000,-5000
03498P,矽創凱基02售02  ,0,5000,-5000,0,0,0,0,0,0,0,0,0,0,0,0,0,-5000
047970,鴻海富邦95購01  ,0,0,0,0,0,0,0,0,0,-5000,0,0,0,52000,57000,-5000,-5000
04799P,健策元大94售03  ,0,0,0,0,0,0,0,0,0,-5000,0,0,0,10000,15000,-5000,-5000
04824P,亞泥中信94售02  ,0,0,0,0,0,0,0,0,0,-5000,0,0,0,0,5000,-5000,-5000
04831P,聯詠富邦96售01  ,0,0,0,0,0,0,0,0,0,-5000,0,0,0,0,5000,-5000,-5000
04898P,瑞儀中信95售01  ,0,0,0,0,0,0,0,0,0,-5000,0,0,0,0,5000,-5000,-5000
049442,滬深2X統一99購01,0,0,0,0,0,0,0,0,0,-5000,0,0,0,0,5000,-5000,-5000
051075,智邦國泰97購01  ,0,0,0,0,0,0,0,0,0,-5000,0,0,0,0,5000,-5000,-5000
8210,勤誠            ,207000,211000,-4000,0,0,0,5000,0,5000,-6000,0,8000,-8000,6000,4000,2000,-5000
06923P,鴻海群益98售09  ,0,0,0,0,0,0,0,0,0,-6000,0,0,0,0,6000,-6000,-6000
057870,大立光凱基99購02,0,0,0,0,0,0,0,0,0,-6000,0,0,0,0,6000,-6000,-6000
059197,可成永豐99購02  ,0,0,0,0,0,0,0,0,0,-6000,0,0,0,9000,15000,-6000,-6000
1614,三洋電          ,0,6000,-6000,0,0,0,0,0,0,0,0,0,0,0,0,0,-6000
059258,台灣50群益99購01,0,0,0,0,0,0,0,0,0,-6000,0,0,0,0,6000,-6000,-6000
057670,欣興元大99購02  ,0,0,0,0,0,0,0,0,0,-6000,0,0,0,1000,7000,-6000,-6000
057664,台積電元大9A購03,0,6000,-6000,0,0,0,0,0,0,0,0,0,0,0,0,0,-6000
05743P,創意元大96售01  ,0,0,0,0,0,0,0,0,0,-6000,0,0,0,0,6000,-6000,-6000
2358,廷鑫            ,6000,12000,-6000,0,0,0,0,0,0,0,0,0,0,0,0,0,-6000
059783,旺宏元大99購17  ,0,0,0,0,0,0,0,0,0,-6000,0,0,0,0,6000,-6000,-6000
06200P,聯發科元大97售18,0,0,0,0,0,0,0,0,0,-6000,0,0,0,0,6000,-6000,-6000
058957,貿聯國票9A購01  ,0,0,0,0,0,0,0,0,0,-6000,0,0,0,0,6000,-6000,-6000
059035,旺宏群益99購06  ,0,0,0,0,0,0,0,0,0,-6000,0,0,0,0,6000,-6000,-6000
058864,欣興凱基99購04  ,0,0,0,0,0,0,0,0,0,-6000,0,0,0,0,6000,-6000,-6000
058799,晶技元大99購04  ,0,0,0,0,0,0,0,0,0,-6000,0,0,0,0,6000,-6000,-6000
2443,億麗            ,0,6000,-6000,0,0,0,0,0,0,0,0,0,0,0,0,0,-6000
058342,鴻海群益9A購01  ,0,0,0,0,0,0,0,0,0,-6000,0,0,0,0,6000,-6000,-6000
058166,鴻海凱基9A購01  ,0,0,0,0,0,0,0,0,0,-6000,0,0,0,56000,62000,-6000,-6000
06518P,奇力新兆豐99售01,0,0,0,0,0,0,0,0,0,-6000,0,0,0,0,6000,-6000,-6000
03060X,元展55          ,0,0,0,0,0,0,0,0,0,-6000,0,0,0,0,6000,-6000,-6000
056175,可成元富97購03  ,0,0,0,0,0,0,0,0,0,-6000,0,0,0,0,6000,-6000,-6000
055382,台郡元大99購01  ,0,0,0,0,0,0,0,0,0,-6000,0,0,0,0,6000,-6000,-6000
056776,聯茂元大99購01  ,0,0,0,0,0,0,0,0,0,-6000,0,0,0,10000,16000,-6000,-6000
059120,致伸永豐99購01  ,0,0,0,0,0,0,0,0,0,-6000,0,0,0,0,6000,-6000,-6000
056231,嘉聯益凱基97購02,0,0,0,0,0,0,0,0,0,-6000,0,0,0,45000,51000,-6000,-6000
052860,旺宏凱基96購03  ,0,0,0,0,0,0,0,0,0,-6000,0,0,0,0,6000,-6000,-6000
056573,華新科元大99購06,0,0,0,0,0,0,0,0,0,-6000,0,0,0,0,6000,-6000,-6000
8480,泰昇-KY         ,350000,356000,-6000,0,0,0,0,0,0,0,0,0,0,0,0,0,-6000
4999,鑫禾            ,6000,11000,-5000,0,0,0,0,0,0,-1000,0,1000,-1000,0,0,0,-6000
5283,禾聯碩          ,11000,19000,-8000,0,0,0,0,0,0,2000,0,5000,-5000,7000,0,7000,-6000
058315,TPK富邦9C購01   ,0,0,0,0,0,0,0,0,0,-7000,0,0,0,0,7000,-7000,-7000
058907,健策元大99購04  ,0,0,0,0,0,0,0,0,0,-7000,0,0,0,0,7000,-7000,-7000
059748,聯發科台新99購03,0,0,0,0,0,0,0,0,0,-7000,0,0,0,10000,17000,-7000,-7000
059601,臺股指元大9A購38,0,0,0,0,0,0,0,0,0,-7000,0,0,0,0,7000,-7000,-7000
1535,中宇            ,6000,13000,-7000,0,0,0,0,0,0,0,0,0,0,0,0,0,-7000
07326P,大立光元大99售23,0,0,0,0,0,0,0,0,0,-7000,0,0,0,312000,319000,-7000,-7000
07232P,台灣50元大01售07,0,0,0,0,0,0,0,0,0,-7000,0,0,0,0,7000,-7000,-7000
06888P,日月光元大98售02,0,0,0,0,0,0,0,0,0,-7000,0,0,0,52000,59000,-7000,-7000
056484,聯茂元大98購02  ,0,0,0,0,0,0,0,0,0,-7000,0,0,0,0,7000,-7000,-7000
054249,技嘉元大96購03  ,0,0,0,0,0,0,0,0,0,-7000,0,0,0,0,7000,-7000,-7000
052927,友達元大98購02  ,0,0,0,0,0,0,0,0,0,-7000,0,0,0,0,7000,-7000,-7000
057819,新日興元大99購01,0,0,0,0,0,0,0,0,0,-7000,0,0,0,2000,9000,-7000,-7000
06734P,智邦凱基98售05  ,0,0,0,0,0,0,0,0,0,-7000,0,0,0,5000,12000,-7000,-7000
056905,欣興元大98購03  ,0,0,0,0,0,0,0,0,0,-7000,0,0,0,1000,8000,-7000,-7000
055643,宏碁元富97購01  ,0,0,0,0,0,0,0,0,0,-7000,0,0,0,13000,20000,-7000,-7000
052180,緯穎元大96購05  ,0,0,0,0,0,0,0,0,0,-7000,0,0,0,0,7000,-7000,-7000
048681,漢唐富邦96購01  ,0,0,0,0,0,0,0,0,0,-7000,0,0,0,0,7000,-7000,-7000
050351,華新科群益95購02,0,0,0,0,0,0,0,0,0,-7000,0,0,0,50000,57000,-7000,-7000
03022X,富展01          ,0,0,0,0,0,0,0,0,0,-7000,0,0,0,0,7000,-7000,-7000
051424,緯穎國票97購01  ,0,0,0,0,0,0,0,0,0,-7000,0,0,0,0,7000,-7000,-7000
6405,悅城            ,1000,0,1000,0,0,0,0,0,0,-8000,0,8000,-8000,0,0,0,-7000
8497,格威傳媒        ,8000,15000,-7000,0,0,0,0,0,0,0,0,0,0,0,0,0,-7000
8222,寶一            ,3000,5000,-2000,0,0,0,0,0,0,-5000,0,5000,-5000,0,0,0,-7000
06975P,臺股指元大9A售13,0,0,0,0,0,0,0,0,0,-8000,0,0,0,1503000,1511000,-8000,-8000
057673,臻鼎元大98購01  ,0,0,0,0,0,0,0,0,0,-8000,0,0,0,0,8000,-8000,-8000
059596,大立光元大99購20,0,0,0,0,0,0,0,0,0,-8000,0,0,0,0,8000,-8000,-8000
059610,上銀永豐99購02  ,0,0,0,0,0,0,0,0,0,-8000,0,0,0,0,8000,-8000,-8000
059675,大立光元富99購08,0,0,0,0,0,0,0,0,0,-8000,0,0,0,11000,19000,-8000,-8000
059540,新光金日盛99購01,0,0,0,0,0,0,0,0,0,-8000,0,0,0,7000,15000,-8000,-8000
059684,台灣50永豐99購09,0,0,0,0,0,0,0,0,0,-8000,0,0,0,0,8000,-8000,-8000
059710,上証2X元大9C購02,0,0,0,0,0,0,0,0,0,-8000,0,0,0,2000,10000,-8000,-8000
058768,南港兆豐99購01  ,0,0,0,0,0,0,0,0,0,-8000,0,0,0,2000,10000,-8000,-8000
058917,SGBR2X元富99購03,0,0,0,0,0,0,0,0,0,-8000,0,0,0,2000,10000,-8000,-8000
2467,志聖            ,75000,83000,-8000,0,0,0,0,0,0,0,0,0,0,0,0,0,-8000
058145,聯茂元大99購03  ,0,0,0,0,0,0,0,0,0,-8000,0,0,0,0,8000,-8000,-8000
2704,國賓            ,12000,20000,-8000,0,0,0,0,0,0,0,0,0,0,0,0,0,-8000
4722,國精化          ,16000,24000,-8000,0,0,0,0,0,0,0,0,0,0,0,0,0,-8000
4572,駐龍            ,4000,12000,-8000,0,0,0,0,0,0,0,0,0,0,0,0,0,-8000
051361,泰鼎元大95購01  ,0,0,0,0,0,0,0,0,0,-8000,0,0,0,20000,28000,-8000,-8000
00682U,元大美元指數    ,0,0,0,0,0,0,0,0,0,-8000,0,0,0,1000,9000,-8000,-8000
03013X,元展13          ,0,0,0,0,0,0,0,0,0,-8000,0,0,0,2000,10000,-8000,-8000
049927,健策元大94購02  ,0,0,0,0,0,0,0,0,0,-8000,0,0,0,158000,166000,-8000,-8000
054103,T50反1凱基99購04,0,0,0,0,0,0,0,0,0,-8000,0,0,0,0,8000,-8000,-8000
05401P,聯茂永豐95售03  ,0,0,0,0,0,0,0,0,0,-8000,0,0,0,0,8000,-8000,-8000
055675,亞德客凱基97購02,0,0,0,0,0,0,0,0,0,-8000,0,0,0,0,8000,-8000,-8000
055354,宏達電凱基98購01,0,0,0,0,0,0,0,0,0,-8000,0,0,0,0,8000,-8000,-8000
056893,智邦元大98購02  ,0,0,0,0,0,0,0,0,0,-8000,0,0,0,4000,12000,-8000,-8000
055715,智邦元大97購04  ,0,0,0,0,0,0,0,0,0,-8000,0,0,0,5000,13000,-8000,-8000
059140,大立光兆豐9A購02,0,0,0,0,0,0,0,0,0,-8000,0,0,0,2000,10000,-8000,-8000
052907,嘉澤國票97購01  ,0,0,0,0,0,0,0,0,0,-8000,0,0,0,0,8000,-8000,-8000
056744,麗豐凱基9A購01  ,0,0,0,0,0,0,0,0,0,-8000,0,0,0,0,8000,-8000,-8000
05470P,康控元大95售05  ,0,0,0,0,0,0,0,0,0,-8000,0,0,0,0,8000,-8000,-8000
059518,康控永豐99購01  ,0,0,0,0,0,0,0,0,0,-9000,0,0,0,9000,18000,-9000,-9000
059594,奇力新元大9B購01,0,0,0,0,0,0,0,0,0,-9000,0,0,0,0,9000,-9000,-9000
059599,健策元大9B購02  ,0,0,0,0,0,0,0,0,0,-9000,0,0,0,15000,24000,-9000,-9000
057651,矽力元大98購03  ,0,0,0,0,0,0,0,0,0,-9000,0,0,0,0,9000,-9000,-9000
058599,T50反1元大99購05,0,0,0,0,0,0,0,0,0,-9000,0,0,0,0,9000,-9000,-9000
058616,台虹元大9A購01  ,0,0,0,0,0,0,0,0,0,-9000,0,0,0,1000,10000,-9000,-9000
058697,亞德客元大99購01,0,0,0,0,0,0,0,0,0,-9000,0,0,0,1000,10000,-9000,-9000
1783,和康生          ,12000,14000,-2000,0,0,0,0,0,0,-7000,0,7000,-7000,0,0,0,-9000
057173,南亞科元大98購04,0,0,0,0,0,0,0,0,0,-9000,0,0,0,0,9000,-9000,-9000
07221P,臺股指中信9B售04,0,0,0,0,0,0,0,0,0,-9000,0,0,0,0,9000,-9000,-9000
057901,大立光永豐98購04,0,0,0,0,0,0,0,0,0,-9000,0,0,0,0,9000,-9000,-9000
1312,國喬            ,593000,599000,-6000,0,0,0,0,0,0,-3000,2000,1000,1000,0,4000,-4000,-9000
053045,國巨中信97購01  ,0,0,0,0,0,0,0,0,0,-9000,0,0,0,1000,10000,-9000,-9000
052714,義隆凱基96購02  ,0,0,0,0,0,0,0,0,0,-9000,0,0,0,0,9000,-9000,-9000
059126,臺指反中信9B購01,0,0,0,0,0,0,0,0,0,-9000,0,0,0,25000,34000,-9000,-9000
055240,京元電元富97購01,0,0,0,0,0,0,0,0,0,-9000,0,0,0,0,9000,-9000,-9000
055572,鴻海統一98購04  ,0,0,0,0,0,0,0,0,0,-9000,0,0,0,0,9000,-9000,-9000
054029,瀚宇博凱基96購02,0,0,0,0,0,0,0,0,0,-9000,0,0,0,5000,14000,-9000,-9000
056145,緯穎元大98購03  ,0,0,0,0,0,0,0,0,0,-9000,0,0,0,0,9000,-9000,-9000
056135,緯創元大98購01  ,0,0,0,0,0,0,0,0,0,-9000,0,0,0,11000,20000,-9000,-9000
00651R,FH香港反1       ,22000,1000,21000,0,0,0,0,0,0,-30000,0,0,0,158000,188000,-30000,-9000
03094X,大立光元大68展08,0,0,0,0,0,0,0,0,0,-9000,0,0,0,1000,10000,-9000,-9000
051605,奇力新群益95購02,0,0,0,0,0,0,0,0,0,-9000,0,0,0,1000,10000,-9000,-9000
051158,嘉晶富邦96購01  ,0,0,0,0,0,0,0,0,0,-9000,0,0,0,0,9000,-9000,-9000
051160,亞德客元大95購02,0,0,0,0,0,0,0,0,0,-9000,0,0,0,1000,10000,-9000,-9000
07354P,臺股指國票99售22,0,0,0,0,0,0,0,0,0,-10000,0,0,0,0,10000,-10000,-10000
07335P,臺股指國票99售20,0,0,0,0,0,0,0,0,0,-10000,0,0,0,0,10000,-10000,-10000
08749P,鴻海台新01售02  ,0,0,0,0,0,0,0,0,0,-10000,0,0,0,0,10000,-10000,-10000
059227,臺股指元大99購20,0,0,0,0,0,0,0,0,0,-10000,0,0,0,0,10000,-10000,-10000
059917,華新科元大99購19,0,0,0,0,0,0,0,0,0,-10000,0,0,0,0,10000,-10000,-10000
059921,大立光元大99購24,0,0,0,0,0,0,0,0,0,-10000,0,0,0,0,10000,-10000,-10000
059915,聯發科元大99購32,0,0,0,0,0,0,0,0,0,-10000,0,0,0,0,10000,-10000,-10000
059956,玉山金康和99購01,0,0,0,0,0,0,0,0,0,-10000,0,0,0,20000,30000,-10000,-10000
059957,中信金康和99購01,0,0,0,0,0,0,0,0,0,-10000,0,0,0,0,10000,-10000,-10000
06010P,國泰金元富96售01,0,0,0,0,0,0,0,0,0,-10000,0,0,0,6000,16000,-10000,-10000
057876,隆達元大98購01  ,0,0,0,0,0,0,0,0,0,-10000,0,0,0,0,10000,-10000,-10000
06980P,緯穎永豐99售02  ,0,0,0,0,0,0,0,0,0,-10000,0,0,0,0,10000,-10000,-10000
07071P,立積元富99售01  ,0,0,0,0,0,0,0,0,0,-10000,0,0,0,0,10000,-10000,-10000
07114P,旺宏兆豐9A售01  ,0,0,0,0,0,0,0,0,0,-10000,0,0,0,6000,16000,-10000,-10000
057262,友達兆豐98購03  ,0,0,0,0,0,0,0,0,0,-10000,0,0,0,0,10000,-10000,-10000
057470,易華電永豐98購02,0,0,0,0,0,0,0,0,0,-10000,0,0,0,0,10000,-10000,-10000
057428,正崴兆豐98購01  ,0,0,0,0,0,0,0,0,0,-10000,0,0,0,0,10000,-10000,-10000
057448,致茂元富98購01  ,0,0,0,0,0,0,0,0,0,-10000,0,0,0,201000,211000,-10000,-10000
057286,群創元大9B購05  ,0,0,0,0,0,0,0,0,0,-10000,0,0,0,21000,31000,-10000,-10000
057304,為升兆豐99購02  ,0,0,0,0,0,0,0,0,0,-10000,0,0,0,0,10000,-10000,-10000
057311,玉晶光日盛9A購01,0,0,0,0,0,0,0,0,0,-10000,0,0,0,0,10000,-10000,-10000
057312,美律麥證98購01  ,0,0,0,0,10000,-10000,0,0,0,-10000,0,0,0,0,10000,-10000,-10000
05869P,旺宏凱基96售05  ,0,0,0,0,0,0,0,0,0,-10000,0,0,0,0,10000,-10000,-10000
058604,華邦電元大99購03,0,0,0,0,0,0,0,0,0,-10000,0,0,0,0,10000,-10000,-10000
059271,台灣50元大01購05,0,0,0,0,0,0,0,0,0,-10000,0,0,0,0,10000,-10000,-10000
059272,台灣50元大99購01,0,0,0,0,0,0,0,0,0,-10000,0,0,0,2000,12000,-10000,-10000
059263,瑞昱中信01購01  ,0,0,0,0,0,0,0,0,0,-10000,0,0,0,0,10000,-10000,-10000
058473,上銀凱基9A購03  ,0,0,0,0,0,0,0,0,0,-10000,0,0,0,0,10000,-10000,-10000
057674,台郡元大99購03  ,0,0,0,0,0,0,0,0,0,-10000,0,0,0,0,10000,-10000,-10000
057657,國巨兆豐98購04  ,0,0,0,0,0,0,0,0,0,-10000,0,0,0,0,10000,-10000,-10000
057658,玉晶光兆豐99購02,0,0,0,0,0,0,0,0,0,-10000,0,0,0,0,10000,-10000,-10000
05764P,世紀鋼永豐96售03,0,0,0,0,0,0,0,0,0,-10000,0,0,0,0,10000,-10000,-10000
058064,華邦電亞東99購01,0,0,0,0,0,0,0,0,0,-10000,0,0,0,0,10000,-10000,-10000
07242P,台灣50凱基9A售03,0,0,0,0,0,0,0,0,0,-10000,0,0,0,129000,139000,-10000,-10000
059598,欣興元大99購08  ,0,0,0,0,0,0,0,0,0,-10000,0,0,0,9000,19000,-10000,-10000
059664,立積元大9C購01  ,0,0,0,0,0,0,0,0,0,-10000,0,0,0,34000,44000,-10000,-10000
059643,日月光凱基99購02,0,0,0,0,0,0,0,0,0,-10000,0,0,0,1000,11000,-10000,-10000
059644,茂林凱基99購03  ,0,0,0,0,0,0,0,0,0,-10000,0,0,0,0,10000,-10000,-10000
059682,可成富邦9A購01  ,0,0,0,0,0,0,0,0,0,-10000,0,0,0,0,10000,-10000,-10000
059025,台灣50台新9B購02,0,0,0,0,0,0,0,0,0,-10000,0,0,0,0,10000,-10000,-10000
058775,台積電國票9A購02,0,0,0,0,0,0,0,0,0,-10000,0,0,0,12000,22000,-10000,-10000
058723,元石油國泰9A購01,0,0,0,0,0,0,0,0,0,-10000,0,0,0,700000,710000,-10000,-10000
058855,台積電兆豐99購02,0,0,0,0,0,0,0,0,0,-10000,0,0,0,1000,11000,-10000,-10000
06145P,華新科永豐97售02,0,0,0,0,0,0,0,0,0,-10000,0,0,0,0,10000,-10000,-10000
059502,台灣50台新9B購04,0,0,0,0,0,0,0,0,0,-10000,0,0,0,0,10000,-10000,-10000
06296P,燿華元大98售01  ,0,0,0,0,0,0,0,0,0,-10000,0,0,0,10000,20000,-10000,-10000
3702A,大聯大甲特      ,0,8000,-8000,0,0,0,0,0,0,-2000,0,2000,-2000,0,0,0,-10000
05943P,欣興凱基96售03  ,0,0,0,0,0,0,0,0,0,-10000,0,0,0,0,10000,-10000,-10000
051280,台積電兆豐95購04,0,0,0,0,0,0,0,0,0,-10000,0,0,0,0,10000,-10000,-10000
051188,鴻海兆豐95購01  ,0,0,0,0,0,0,0,0,0,-10000,0,0,0,0,10000,-10000,-10000
051189,鴻海兆豐96購01  ,0,0,0,0,0,0,0,0,0,-10000,0,0,0,0,10000,-10000,-10000
04630P,嘉聯益元大95售02,0,0,0,0,0,0,0,0,0,-10000,0,0,0,0,10000,-10000,-10000
045572,元油2X元大98購01,0,0,0,0,0,0,0,0,0,-10000,0,0,0,0,10000,-10000,-10000
04471P,華通元大95售03  ,0,0,0,0,0,0,0,0,0,-10000,0,0,0,0,10000,-10000,-10000
04496P,國巨國泰96售02  ,0,0,0,0,0,0,0,0,0,-10000,0,0,0,0,10000,-10000,-10000
04189P,台積電兆豐94售02,0,0,0,0,0,0,0,0,0,-10000,0,0,0,0,10000,-10000,-10000
041534,T50反1凱基96購01,0,0,0,0,0,0,0,0,0,-10000,0,0,0,0,10000,-10000,-10000
051601,群創兆豐95購02  ,0,0,0,0,0,0,0,0,0,-10000,0,0,0,0,10000,-10000,-10000
05152P,玉晶光群益96售05,0,0,0,0,0,0,0,0,0,-10000,0,0,0,0,10000,-10000,-10000
05149P,緯穎國泰96售01  ,0,0,0,0,0,0,0,0,0,-10000,0,0,0,0,10000,-10000,-10000
051393,新光金兆豐96購01,0,0,0,0,0,0,0,0,0,-10000,0,0,0,0,10000,-10000,-10000
049477,泰鼎永豐94購01  ,0,0,0,0,0,0,0,0,0,-10000,0,0,0,0,10000,-10000,-10000
049141,旺宏元大95購01  ,0,0,0,0,0,0,0,0,0,-10000,0,0,0,0,10000,-10000,-10000
051717,祥碩康和95購01  ,0,0,0,0,0,0,0,0,0,-10000,0,0,0,0,10000,-10000,-10000
048153,台積電兆豐94購01,0,0,0,0,0,0,0,0,0,-10000,0,0,0,0,10000,-10000,-10000
048158,大立光兆豐95購01,0,0,0,0,0,0,0,0,0,-10000,0,0,0,0,10000,-10000,-10000
03740P,奇鋐群益94售01  ,0,0,0,0,0,0,0,0,0,-10000,0,0,0,0,10000,-10000,-10000
04783P,貿聯元富94售01  ,0,0,0,0,0,0,0,0,0,-10000,0,0,0,0,10000,-10000,-10000
047733,友達兆豐95購01  ,0,0,0,0,0,0,0,0,0,-10000,0,0,0,0,10000,-10000,-10000
047652,滬深2X兆豐94購03,0,0,0,0,0,0,0,0,0,-10000,0,0,0,0,10000,-10000,-10000
047024,奇力新元大95購01,0,0,0,0,0,0,0,0,0,-10000,0,0,0,0,10000,-10000,-10000
00690,兆豐藍籌30      ,0,0,0,0,0,0,0,0,0,-10000,0,0,0,161000,171000,-10000,-10000
056988,聚陽兆豐98購01  ,0,0,0,0,0,0,0,0,0,-10000,0,0,0,0,10000,-10000,-10000
056993,GIS兆豐99購01   ,0,0,0,0,0,0,0,0,0,-10000,0,0,0,0,10000,-10000,-10000
053965,聯電元大98購04  ,0,0,0,0,0,0,0,0,0,-10000,0,0,0,0,10000,-10000,-10000
057142,力成兆豐98購01  ,0,0,0,0,0,0,0,0,0,-10000,0,0,0,0,10000,-10000,-10000
054143,茂林元大96購04  ,0,0,0,0,0,0,0,0,0,-10000,0,0,0,0,10000,-10000,-10000
054147,GIS元大96購02   ,0,0,0,0,0,0,0,0,0,-10000,0,0,0,0,10000,-10000,-10000
052103,台積電兆豐95購06,0,0,0,0,0,0,0,0,0,-10000,0,0,0,0,10000,-10000,-10000
052261,台泥第一95購01  ,0,0,0,0,0,0,0,0,0,-10000,0,0,0,0,10000,-10000,-10000
052331,漢唐亞東97購01  ,0,0,0,0,0,0,0,0,0,-10000,0,0,0,0,10000,-10000,-10000
053846,友達元富99購02  ,0,0,0,0,0,0,0,0,0,-10000,0,0,0,0,10000,-10000,-10000
053748,燿華永豐96購04  ,0,0,0,0,0,0,0,0,0,-10000,0,0,0,0,10000,-10000,-10000
056036,鴻海凱基97購07  ,0,0,0,0,0,0,0,0,0,-10000,0,0,0,88000,98000,-10000,-10000
056038,可成凱基97購01  ,0,0,0,0,0,0,0,0,0,-10000,0,0,0,0,10000,-10000,-10000
049656,臺股指凱基94購17,0,0,0,0,0,0,0,0,0,-10000,0,0,0,0,10000,-10000,-10000
049816,緯穎元大94購07  ,0,0,0,0,0,0,0,0,0,-10000,0,0,0,0,10000,-10000,-10000
049955,崇越群益95購01  ,0,0,0,0,0,0,0,0,0,-10000,0,0,0,0,10000,-10000,-10000
05011P,南電國泰96售01  ,0,0,0,0,0,0,0,0,0,-10000,0,0,0,0,10000,-10000,-10000
049784,台積電兆豐94購05,0,0,0,0,0,0,0,0,0,-10000,0,0,0,0,10000,-10000,-10000
050381,鴻海兆豐94購01  ,0,0,0,0,0,0,0,0,0,-10000,0,0,0,0,10000,-10000,-10000
050311,上銀兆豐95購01  ,0,0,0,0,0,0,0,0,0,-10000,0,0,0,0,10000,-10000,-10000
050189,旭富元大94購01  ,0,0,0,0,0,0,0,0,0,-10000,0,0,0,65000,75000,-10000,-10000
048589,國巨兆豐96購01  ,0,0,0,0,0,0,0,0,0,-10000,0,0,0,0,10000,-10000,-10000
048867,台積電兆豐95購01,0,0,0,0,0,0,0,0,0,-10000,0,0,0,0,10000,-10000,-10000
04838P,宏達電元大95售02,0,0,0,0,0,0,0,0,0,-10000,0,0,0,15000,25000,-10000,-10000
05204P,TPK元大95售03   ,0,0,0,0,0,0,0,0,0,-10000,0,0,0,0,10000,-10000,-10000
051999,勤誠元大95購01  ,0,0,0,0,0,0,0,0,0,-10000,0,0,0,0,10000,-10000,-10000
050722,聯電國票96購01  ,0,0,0,0,0,0,0,0,0,-10000,0,0,0,0,10000,-10000,-10000
051904,深100元大95購01 ,0,0,0,0,0,0,0,0,0,-10000,0,0,0,0,10000,-10000,-10000
051987,廣達元大95購01  ,0,0,0,0,0,0,0,0,0,-10000,0,0,0,0,10000,-10000,-10000
055719,可成元大97購03  ,0,0,0,0,0,0,0,0,0,-10000,0,0,0,0,10000,-10000,-10000
055710,亞德客元大97購03,0,0,0,0,0,0,0,0,0,-10000,0,0,0,0,10000,-10000,-10000
055121,鴻海兆豐97購03  ,0,0,0,0,0,0,0,0,0,-10000,0,0,0,0,10000,-10000,-10000
055376,群創元大01購01  ,0,0,0,0,0,0,0,0,0,-10000,0,0,0,0,10000,-10000,-10000
055754,和大兆豐97購01  ,0,0,0,0,0,0,0,0,0,-10000,0,0,0,0,10000,-10000,-10000
055833,華通元大98購05  ,0,0,0,0,0,0,0,0,0,-10000,0,0,0,0,10000,-10000,-10000
055813,聯發科國票98購04,0,0,0,0,0,0,0,0,0,-10000,0,0,0,0,10000,-10000,-10000
055893,大立光統一97購07,0,0,0,0,0,0,0,0,0,-10000,0,0,0,0,10000,-10000,-10000
056925,群創兆豐98購03  ,0,0,0,0,0,0,0,0,0,-10000,0,0,0,0,10000,-10000,-10000
057797,大立光兆豐99購01,0,0,0,0,0,0,0,0,0,-10000,0,0,0,0,10000,-10000,-10000
057811,南亞科元大98購08,0,0,0,0,0,0,0,0,0,-10000,0,0,0,0,10000,-10000,-10000
059817,華通凱基99購05  ,0,0,0,0,0,0,0,0,0,-10000,0,0,0,0,10000,-10000,-10000
059150,臺股指國票99購13,0,0,0,0,0,0,0,0,0,-10000,0,0,0,0,10000,-10000,-10000
06623P,立積元大98售04  ,0,0,0,0,0,0,0,0,0,-10000,0,0,0,0,10000,-10000,-10000
059897,T50反1元大99購14,0,0,0,0,0,0,0,0,0,-10000,0,0,0,0,10000,-10000,-10000
052797,樺漢兆豐96購01  ,0,0,0,0,0,0,0,0,0,-10000,0,0,0,0,10000,-10000,-10000
052791,友達兆豐97購01  ,0,0,0,0,0,0,0,0,0,-10000,0,0,0,0,10000,-10000,-10000
052794,群創兆豐97購01  ,0,0,0,0,0,0,0,0,0,-10000,0,0,0,0,10000,-10000,-10000
052612,康舒元大97購01  ,0,0,0,0,0,0,0,0,0,-10000,0,0,0,0,10000,-10000,-10000
056485,同欣電元大98購01,0,0,0,0,0,0,0,0,0,-10000,0,0,0,0,10000,-10000,-10000
056481,創意元大98購01  ,0,0,0,0,0,0,0,0,0,-10000,0,0,0,0,10000,-10000,-10000
052513,大立光凱基95購13,0,0,0,0,0,0,0,0,0,-10000,0,0,0,0,10000,-10000,-10000
05255P,義隆凱基95售01  ,0,0,0,0,0,0,0,0,0,-10000,0,0,0,0,10000,-10000,-10000
054261,智伸科元大96購03,0,0,0,0,0,0,0,0,0,-10000,0,0,0,0,10000,-10000,-10000
054231,國巨群益98購03  ,0,0,0,0,0,0,0,0,0,-10000,0,0,0,0,10000,-10000,-10000
056280,上証2X永豐98購01,0,0,0,0,0,0,0,0,0,-10000,0,0,0,0,10000,-10000,-10000
056325,群創兆豐9A購01  ,0,0,0,0,0,0,0,0,0,-10000,0,0,0,0,10000,-10000,-10000
054621,華新科兆豐98購01,0,0,0,0,0,0,0,0,0,-10000,0,0,0,0,10000,-10000,-10000
054623,華新科第一97購01,0,0,0,0,0,0,0,0,0,-10000,0,0,0,0,10000,-10000,-10000
053034,上海銀兆豐96購01,0,0,0,0,0,0,0,0,0,-10000,0,0,0,0,10000,-10000,-10000
052980,上銀元大96購03  ,0,0,0,0,0,0,0,0,0,-10000,0,0,0,0,10000,-10000,-10000
052989,麗豐元大98購01  ,0,0,0,0,0,0,0,0,0,-10000,0,0,0,440000,450000,-10000,-10000
053194,緯穎統一99購01  ,0,0,0,0,0,0,0,0,0,-10000,0,0,0,0,10000,-10000,-10000
053409,和碩兆豐96購02  ,0,0,0,0,0,0,0,0,0,-10000,0,0,0,0,10000,-10000,-10000
053355,超眾兆豐97購01  ,0,0,0,0,0,0,0,0,0,-10000,0,0,0,0,10000,-10000,-10000
053288,臺股指元大96購16,0,0,0,0,0,0,0,0,0,-10000,0,0,0,0,10000,-10000,-10000
053497,新光金兆豐97購01,0,0,0,0,0,0,0,0,0,-10000,0,0,0,0,10000,-10000,-10000
053495,聯發科兆豐96購02,0,0,0,0,0,0,0,0,0,-10000,0,0,0,0,10000,-10000,-10000
053438,玉晶光麥證97購02,0,0,0,0,10000,-10000,0,0,0,-10000,0,0,0,0,10000,-10000,-10000
053473,聯發科元大96購15,0,0,0,0,0,0,0,0,0,-10000,0,0,0,0,10000,-10000,-10000
053510,聯電群益97購01  ,0,0,0,0,0,0,0,0,0,-10000,0,0,0,0,10000,-10000,-10000
053629,玉山金兆豐96購01,0,0,0,0,0,0,0,0,0,-10000,0,0,0,0,10000,-10000,-10000
054799,超眾群益98購01  ,0,0,0,0,0,0,0,0,0,-10000,0,0,0,0,10000,-10000,-10000
054806,台化元大9A購01  ,0,0,0,0,0,0,0,0,0,-10000,0,0,0,0,10000,-10000,-10000
054848,群創兆豐98購01  ,0,0,0,0,0,0,0,0,0,-10000,0,0,0,0,10000,-10000,-10000
054851,樺漢兆豐97購01  ,0,0,0,0,0,0,0,0,0,-10000,0,0,0,0,10000,-10000,-10000
056753,群創兆豐98購02  ,0,0,0,0,0,0,0,0,0,-10000,0,0,0,0,10000,-10000,-10000
056740,大立光凱基98購13,0,0,0,0,0,0,0,0,0,-10000,0,0,0,0,10000,-10000,-10000
056584,鴻海統一9B購01  ,0,0,0,0,0,0,0,0,0,-10000,0,0,0,0,10000,-10000,-10000
9925,新保            ,44000,54000,-10000,0,0,0,0,0,0,0,0,0,0,0,0,0,-10000
058167,鴻海凱基9A購03  ,0,0,0,0,0,0,0,0,0,-11000,0,0,0,74000,85000,-11000,-11000
2486,一詮            ,81000,91000,-10000,0,0,0,0,0,0,-1000,0,1000,-1000,0,0,0,-11000
059057,聯發科凱基99購10,0,0,0,0,0,0,0,0,0,-11000,0,0,0,0,11000,-11000,-11000
059009,世紀鋼元大99購04,0,0,0,0,0,0,0,0,0,-11000,0,0,0,0,11000,-11000,-11000
058951,南電群益99購01  ,0,0,0,0,0,0,0,0,0,-11000,0,0,0,9000,20000,-11000,-11000
059725,聯發科元大99購31,0,0,0,0,0,0,0,0,0,-11000,0,0,0,6000,17000,-11000,-11000
059657,華通元大99購09  ,0,0,0,0,0,0,0,0,0,-11000,0,0,0,81000,92000,-11000,-11000
059544,創意亞東99購01  ,0,0,0,0,0,0,0,0,0,-11000,0,0,0,6000,17000,-11000,-11000
059586,上銀元大9A購02  ,0,0,0,0,0,0,0,0,0,-11000,0,0,0,0,11000,-11000,-11000
058650,台虹永豐9A購01  ,0,0,0,0,0,0,0,0,0,-11000,0,0,0,0,11000,-11000,-11000
057165,國巨元大99購05  ,0,0,0,0,0,0,0,0,0,-11000,0,0,0,0,11000,-11000,-11000
057878,台郡元大99購04  ,0,0,0,0,0,0,0,0,0,-11000,0,0,0,0,11000,-11000,-11000
07190P,臺股指富邦9C售02,0,0,0,0,0,0,0,0,0,-11000,0,0,0,0,11000,-11000,-11000
06728P,全新元大98售03  ,0,0,0,0,0,0,0,0,0,-11000,0,0,0,19000,30000,-11000,-11000
059893,台積電台新9A購02,0,0,0,0,0,0,0,0,0,-11000,0,0,0,0,11000,-11000,-11000
05527P,聯茂群益96售01  ,0,0,0,0,0,0,0,0,0,-11000,0,0,0,0,11000,-11000,-11000
051789,嘉澤國票96購01  ,0,0,0,0,0,0,0,0,0,-11000,0,0,0,0,11000,-11000,-11000
050730,復盛國票94購01  ,0,0,0,0,0,0,0,0,0,-11000,0,0,0,0,11000,-11000,-11000
052400,聯詠凱基97購01  ,0,0,0,0,0,0,0,0,0,-11000,0,0,0,0,11000,-11000,-11000
046630,京元電元富95購03,0,0,0,0,0,0,0,0,0,-11000,0,0,0,0,11000,-11000,-11000
04519P,國泰金群益94售01,0,0,0,0,0,0,0,0,0,-11000,0,0,0,0,11000,-11000,-11000
04591P,上銀元大94售01  ,0,0,0,0,0,0,0,0,0,-11000,0,0,0,0,11000,-11000,-11000
6525,捷敏-KY         ,36000,47000,-11000,0,0,0,0,0,0,0,0,0,0,0,0,0,-11000
05999P,世芯元大96售01  ,0,0,0,0,0,0,0,0,0,-12000,0,0,0,8000,20000,-12000,-12000
059211,鴻海元大99購27  ,0,0,0,0,0,0,0,0,0,-12000,0,0,0,0,12000,-12000,-12000
07295P,滬深2X元富9C售09,0,0,0,0,0,0,0,0,0,-12000,0,0,0,53000,65000,-12000,-12000
07350P,台灣50國票99售11,0,0,0,0,0,0,0,0,0,-12000,0,0,0,0,12000,-12000,-12000
1532,勤美            ,34000,46000,-12000,0,0,0,0,0,0,0,0,0,0,0,0,0,-12000
1474,弘裕            ,13000,25000,-12000,0,0,0,0,0,0,0,0,0,0,0,0,0,-12000
057184,群創元大98購05  ,0,0,0,0,0,0,0,0,0,-12000,0,0,0,0,12000,-12000,-12000
1773,勝一            ,16000,28000,-12000,0,0,0,0,0,0,0,0,0,0,0,0,0,-12000
058514,潤泰全元大99購01,0,0,0,0,0,0,0,0,0,-12000,0,0,0,3000,15000,-12000,-12000
05849P,臺股指元大96售25,0,0,0,0,0,0,0,0,0,-12000,0,0,0,0,12000,-12000,-12000
059579,聯發科元富99購06,0,0,0,0,0,0,0,0,0,-12000,0,0,0,0,12000,-12000,-12000
059685,T50正2永豐99購02,0,0,0,0,0,0,0,0,0,-12000,0,0,0,39000,51000,-12000,-12000
059376,國巨群益99購09  ,0,0,0,0,0,0,0,0,0,-12000,0,0,0,417000,429000,-12000,-12000
4144,康聯-KY         ,25000,29000,-4000,0,0,0,0,0,0,-8000,0,8000,-8000,0,0,0,-12000
3518,柏騰            ,49000,61000,-12000,0,0,0,0,0,0,0,0,0,0,0,0,0,-12000
4536,拓凱            ,34000,46000,-12000,0,0,0,0,0,0,0,0,0,0,0,0,0,-12000
04922P,日月光凱基94售02,0,0,0,0,0,0,0,0,0,-12000,0,0,0,10000,22000,-12000,-12000
00685L,群益臺灣加權正2 ,0,0,0,0,0,0,0,0,0,-12000,0,0,0,17000,29000,-12000,-12000
00739,元大MSCI A股    ,122000,5000,117000,0,0,0,0,0,0,-129000,0,0,0,12000,141000,-129000,-12000
047402,T50反1統一94購03,0,0,0,0,0,0,0,0,0,-12000,0,0,0,0,12000,-12000,-12000
05050P,華通群益96售02  ,0,0,0,0,0,0,0,0,0,-12000,0,0,0,5000,17000,-12000,-12000
05529P,臺股指群益96售02,0,0,0,0,0,0,0,0,0,-12000,0,0,0,0,12000,-12000,-12000
055040,台虹富邦99購01  ,0,0,0,0,0,0,0,0,0,-12000,0,0,0,0,12000,-12000,-12000
056711,亞光永豐98購01  ,0,0,0,0,0,0,0,0,0,-12000,0,0,0,0,12000,-12000,-12000
054917,聯發科凱基98購05,0,0,0,0,0,0,0,0,0,-12000,0,0,0,0,12000,-12000,-12000
05423P,聯電亞東95售02  ,0,0,0,0,0,0,0,0,0,-12000,0,0,0,0,12000,-12000,-12000
052561,矽創國票97購01  ,0,0,0,0,0,0,0,0,0,-12000,0,0,0,0,12000,-12000,-12000
052703,貿聯國票97購01  ,0,0,0,0,0,0,0,0,0,-12000,0,0,0,5000,17000,-12000,-12000
4994,傳奇            ,3000,16000,-13000,0,0,0,0,0,0,1000,1000,0,1000,0,0,0,-12000
058397,大成鋼元大99購02,0,0,0,0,0,0,0,0,0,-13000,0,0,0,0,13000,-13000,-13000
058130,瑞昱元大99購01  ,0,0,0,0,0,0,0,0,0,-13000,0,0,0,0,13000,-13000,-13000
059339,上銀凱基99購06  ,0,0,0,0,0,0,0,0,0,-13000,0,0,0,0,13000,-13000,-13000
059323,新日興元大99購02,0,0,0,0,0,0,0,0,0,-13000,0,0,0,31000,44000,-13000,-13000
059785,美律元大9A購03  ,0,0,0,0,0,0,0,0,0,-13000,0,0,0,11000,24000,-13000,-13000
059583,台灣50元大01購10,0,0,0,0,0,0,0,0,0,-13000,0,0,0,0,13000,-13000,-13000
059618,台積電日盛99購01,0,0,0,0,0,0,0,0,0,-13000,0,0,0,411000,424000,-13000,-13000
058547,世紀鋼富邦9A購01,0,0,0,0,0,0,0,0,0,-13000,0,0,0,0,13000,-13000,-13000
07237P,台灣50國票99售06,0,0,0,0,0,0,0,0,0,-13000,0,0,0,0,13000,-13000,-13000
057421,智原凱基98購04  ,0,0,0,0,0,0,0,0,0,-13000,0,0,0,0,13000,-13000,-13000
057466,泰鼎永豐98購01  ,0,0,0,0,0,0,0,0,0,-13000,0,0,0,0,13000,-13000,-13000
07304P,臺股指元大9A售37,0,0,0,0,0,0,0,0,0,-13000,0,0,0,258000,271000,-13000,-13000
059226,臺股指元大99購19,0,0,0,0,0,0,0,0,0,-13000,0,0,0,0,13000,-13000,-13000
05443P,宏達電元大95售05,0,0,0,0,0,0,0,0,0,-13000,0,0,0,97000,110000,-13000,-13000
05492P,聯茂元大95售02  ,0,0,0,0,0,0,0,0,0,-13000,0,0,0,0,13000,-13000,-13000
055289,泰碩元大98購01  ,0,0,0,0,0,0,0,0,0,-13000,0,0,0,0,13000,-13000,-13000
051828,微星元大95購03  ,0,0,0,0,0,0,0,0,0,-13000,0,0,0,0,13000,-13000,-13000
051908,國泰金元大96購02,0,0,0,0,0,0,0,0,0,-13000,0,0,0,0,13000,-13000,-13000
054053,聯茂元大96購01  ,0,0,0,0,0,0,0,0,0,-13000,0,0,0,0,13000,-13000,-13000
051362,台郡元大95購04  ,0,0,0,0,0,0,0,0,0,-13000,0,0,0,29000,42000,-13000,-13000
6283,淳安            ,12000,25000,-13000,0,0,0,0,0,0,0,0,0,0,0,0,0,-13000
059203,勤誠永豐99購02  ,0,0,0,0,0,0,0,0,0,-14000,0,0,0,0,14000,-14000,-14000
1463,強盛            ,13000,27000,-14000,0,0,0,0,0,0,0,0,0,0,0,0,0,-14000
1109,信大            ,42000,56000,-14000,0,0,0,0,0,0,0,0,0,0,0,0,0,-14000
06844P,智邦元大98售13  ,0,0,0,0,0,0,0,0,0,-14000,0,0,0,40000,54000,-14000,-14000
057172,南亞科元大98購03,0,0,0,0,0,0,0,0,0,-14000,0,0,0,110000,124000,-14000,-14000
1786,科妍            ,45000,59000,-14000,0,0,0,0,0,0,0,2000,2000,0,0,0,0,-14000
1817,凱撒衛          ,5000,19000,-14000,0,0,0,0,0,0,0,0,0,0,0,0,0,-14000
2388,威盛            ,132000,145000,-13000,0,0,0,0,1000,-1000,0,0,0,0,0,0,0,-14000
059240,台積電凱基9A購09,0,0,0,0,0,0,0,0,0,-14000,0,0,0,11000,25000,-14000,-14000
058993,滬深反元大9C購01,0,0,0,0,0,0,0,0,0,-14000,0,0,0,3000,17000,-14000,-14000
3346,麗清            ,33000,37000,-4000,0,0,0,0,0,0,-10000,0,10000,-10000,0,0,0,-14000
049501,台郡元大95購01  ,0,0,0,0,0,0,0,0,0,-14000,0,0,0,0,14000,-14000,-14000
055067,禾聯碩永豐97購01,0,0,0,0,0,0,0,0,0,-14000,0,0,0,0,14000,-14000,-14000
055983,全新元富9A購02  ,0,0,0,0,0,0,0,0,0,-14000,0,0,0,0,14000,-14000,-14000
059895,T50反1元大99購12,0,0,0,0,0,0,0,0,0,-14000,0,0,0,0,14000,-14000,-14000
059841,國巨富邦9C購01  ,0,0,0,0,0,0,0,0,0,-14000,0,0,0,0,14000,-14000,-14000
06717P,可成元大98售09  ,0,0,0,0,0,0,0,0,0,-14000,0,0,0,2000,16000,-14000,-14000
06648P,華邦電元大98售03,0,0,0,0,0,0,0,0,0,-14000,0,0,0,36000,50000,-14000,-14000
054751,GIS凱基98購01   ,0,0,0,0,0,0,0,0,0,-14000,0,0,0,26000,40000,-14000,-14000
2107,厚生            ,221330,236000,-14670,0,0,0,0,0,0,0,0,0,0,0,0,0,-14670
9910,豐泰            ,561147,576000,-14853,0,0,0,0,0,0,0,3000,3000,0,0,0,0,-14853
1626,艾美特-KY       ,13000,28000,-15000,0,0,0,0,0,0,0,0,0,0,0,0,0,-15000
057288,聯茂元大98購03  ,0,0,0,0,0,0,0,0,0,-15000,0,0,0,0,15000,-15000,-15000
058017,漢唐凱基99購01  ,0,0,0,0,0,0,0,0,0,-15000,0,0,0,15000,30000,-15000,-15000
058022,樺漢凱基99購02  ,0,0,0,0,0,0,0,0,0,-15000,0,0,0,0,15000,-15000,-15000
057647,欣興元大98購10  ,0,0,0,0,0,0,0,0,0,-15000,0,0,0,0,15000,-15000,-15000
1449,佳和            ,16000,31000,-15000,0,0,0,0,0,0,0,0,0,0,0,0,0,-15000
2731,雄獅            ,22000,37000,-15000,0,0,0,0,0,0,0,0,0,0,0,0,0,-15000
059427,國巨元大99購24  ,0,0,0,0,0,0,0,0,0,-15000,0,0,0,0,15000,-15000,-15000
2431,聯昌            ,6000,20000,-14000,0,0,0,0,0,0,-1000,0,1000,-1000,0,0,0,-15000
059042,世紀鋼群益99購02,0,0,0,0,0,0,0,0,0,-15000,0,0,0,0,15000,-15000,-15000
059622,上銀凱基99購10  ,0,0,0,0,0,0,0,0,0,-15000,0,0,0,40000,55000,-15000,-15000
059757,上証2X永豐99購03,0,0,0,0,0,0,0,0,0,-15000,0,0,0,0,15000,-15000,-15000
059754,訊芯群益9A購01  ,0,0,0,0,0,0,0,0,0,-15000,0,0,0,0,15000,-15000,-15000
053398,和鑫中信99購01  ,0,0,0,0,0,0,0,0,0,-15000,0,0,0,0,15000,-15000,-15000
056208,崇越永豐97購01  ,0,0,0,0,0,0,0,0,0,-15000,0,0,0,25000,40000,-15000,-15000
06681P,致茂元大98售02  ,0,0,0,0,0,0,0,0,0,-15000,0,0,0,0,15000,-15000,-15000
06748P,智邦台新98售02  ,0,0,0,0,0,0,0,0,0,-15000,0,0,0,15000,30000,-15000,-15000
059824,大立光凱基99購13,0,0,0,0,0,0,0,0,0,-15000,0,0,0,0,15000,-15000,-15000
059137,電子類群益99購01,0,0,0,0,0,0,0,0,0,-15000,0,0,0,0,15000,-15000,-15000
056895,技嘉元大98購01  ,0,0,0,0,0,0,0,0,0,-15000,0,0,0,1000,16000,-15000,-15000
055245,凱美統一99購01  ,0,0,0,0,0,0,0,0,0,-15000,0,0,0,5000,20000,-15000,-15000
055508,矽力元大97購01  ,0,0,0,0,0,0,0,0,0,-15000,0,0,0,25000,40000,-15000,-15000
057116,鴻海日盛9A購01  ,0,0,0,0,0,0,0,0,0,-15000,0,0,0,445000,460000,-15000,-15000
052307,潤泰全國泰96購01,0,0,0,0,0,0,0,0,0,-15000,0,0,0,0,15000,-15000,-15000
04569P,聯詠兆豐94售01  ,0,0,0,0,0,0,0,0,0,-15000,0,0,0,0,15000,-15000,-15000
00766L,台新MSCI中國正2 ,0,0,0,0,0,0,0,0,0,-15000,0,0,0,120000,135000,-15000,-15000
8374,羅昇            ,11000,26000,-15000,0,0,0,0,0,0,0,0,0,0,0,0,0,-15000
8482,商億-KY         ,6000,21000,-15000,0,0,0,0,0,0,0,0,0,0,0,0,0,-15000
059764,健策永豐99購04  ,0,0,0,0,0,0,0,0,0,-16000,0,0,0,35000,51000,-16000,-16000
059723,美律元大9A購02  ,0,0,0,0,0,0,0,0,0,-16000,0,0,0,0,16000,-16000,-16000
059670,T50正2元富99購04,0,0,0,0,0,0,0,0,0,-16000,0,0,0,0,16000,-16000,-16000
059570,全新凱基99購04  ,0,0,0,0,0,0,0,0,0,-16000,0,0,0,0,16000,-16000,-16000
059031,元石油中信03購01,0,0,0,0,0,0,0,0,0,-16000,0,0,0,25000,41000,-16000,-16000
06255P,臺股指群益97售08,0,0,0,0,0,0,0,0,0,-16000,0,0,0,0,16000,-16000,-16000
2459,敦吉            ,18000,34000,-16000,0,0,0,0,0,0,0,0,0,0,0,0,0,-16000
059440,康控元大9B購01  ,0,0,0,0,0,0,0,0,0,-16000,0,0,0,33000,49000,-16000,-16000
059466,國巨元大99購26  ,0,0,0,0,0,0,0,0,0,-16000,0,0,0,3000,19000,-16000,-16000
059461,鈺齊永豐99購03  ,0,0,0,0,0,0,0,0,0,-16000,0,0,0,54000,70000,-16000,-16000
2748,雲品            ,8000,16000,-8000,0,0,0,0,0,0,-8000,0,8000,-8000,0,0,0,-16000
2616,山隆            ,12000,28000,-16000,0,0,0,0,0,0,0,0,0,0,0,0,0,-16000
4952,凌通            ,16000,32000,-16000,0,0,0,0,0,0,0,0,0,0,0,0,0,-16000
1507,永大            ,14000,29000,-15000,0,0,0,0,0,0,-1000,0,1000,-1000,0,0,0,-16000
08966P,臺指反元大04售07,0,0,0,0,0,0,0,0,0,-16000,0,0,0,24000,40000,-16000,-16000
057648,和碩元大98購01  ,0,0,0,0,0,0,0,0,0,-16000,0,0,0,8000,24000,-16000,-16000
058081,技嘉群益9A購03  ,0,0,0,0,0,0,0,0,0,-16000,0,0,0,0,16000,-16000,-16000
059243,聯發科凱基99購12,0,0,0,0,0,0,0,0,0,-16000,0,0,0,0,16000,-16000,-16000
058580,華新科群益99購02,0,0,0,0,0,0,0,0,0,-16000,0,0,0,0,16000,-16000,-16000
059249,大立光凱基99購05,0,0,0,0,0,0,0,0,0,-16000,0,0,0,0,16000,-16000,-16000
057481,技嘉元大98購04  ,0,0,0,0,0,0,0,0,0,-16000,0,0,0,0,16000,-16000,-16000
04177P,富邦金元大94售01,0,0,0,0,0,0,0,0,0,-16000,0,0,0,0,16000,-16000,-16000
053729,聯茂凱基96購05  ,0,0,0,0,0,0,0,0,0,-16000,0,0,0,0,16000,-16000,-16000
052076,可成元富98購01  ,0,0,0,0,0,0,0,0,0,-16000,0,0,0,14000,30000,-16000,-16000
055964,正文元大97購02  ,0,0,0,0,0,0,0,0,0,-16000,0,0,0,0,16000,-16000,-16000
059121,瑞儀永豐99購01  ,0,0,0,0,0,0,0,0,0,-16000,0,0,0,0,16000,-16000,-16000
059107,南茂國泰9A購01  ,0,0,0,0,0,0,0,0,0,-16000,0,0,0,10000,26000,-16000,-16000
056715,瀚宇博永豐98購01,0,0,0,0,0,0,0,0,0,-16000,0,0,0,0,16000,-16000,-16000
057413,臺股指群益9C購04,0,0,0,0,0,0,0,0,0,-17000,0,0,0,0,17000,-17000,-17000
057243,樺漢凱基99購01  ,0,0,0,0,0,0,0,0,0,-17000,0,0,0,0,17000,-17000,-17000
2359,所羅門          ,37000,54000,-17000,0,0,0,0,0,0,0,0,0,0,0,0,0,-17000
058716,華新科台新99購02,0,0,0,0,0,0,0,0,0,-17000,0,0,0,0,17000,-17000,-17000
059223,大立光元大99購14,0,0,0,0,0,0,0,0,0,-17000,0,0,0,0,17000,-17000,-17000
057832,聯發科元富02購05,0,0,0,0,0,0,0,0,0,-17000,0,0,0,1000,18000,-17000,-17000
4133,亞諾法          ,325000,342000,-17000,0,0,0,0,0,0,0,0,0,0,0,0,0,-17000
059388,國巨凱基99購13  ,0,0,0,0,0,0,0,0,0,-17000,0,0,0,0,17000,-17000,-17000
059474,元石油群益99購01,0,0,0,0,0,0,0,0,0,-17000,0,0,0,263000,280000,-17000,-17000
059666,台表科元大9B購01,0,0,0,0,0,0,0,0,0,-17000,0,0,0,5000,22000,-17000,-17000
059674,玉山金元富99購02,0,0,0,0,0,0,0,0,0,-17000,0,0,0,0,17000,-17000,-17000
055215,智邦凱基98購02  ,0,0,0,0,0,0,0,0,0,-17000,0,0,0,0,17000,-17000,-17000
00743,國泰中國A150    ,0,0,0,0,0,0,0,0,0,-17000,0,0,0,1000,18000,-17000,-17000
00660,元大歐洲50      ,0,0,0,0,0,0,0,0,0,-17000,0,0,0,8000,25000,-17000,-17000
059641,群創凱基99購06  ,0,0,0,0,0,0,0,0,0,-18000,0,0,0,19000,37000,-18000,-18000
059639,大立光凱基9A購06,0,0,0,0,0,0,0,0,0,-18000,0,0,0,0,18000,-18000,-18000
059571,奇力新凱基99購06,0,0,0,0,0,0,0,0,0,-18000,0,0,0,10000,28000,-18000,-18000
059703,旺宏凱基99購11  ,0,0,0,0,0,0,0,0,0,-18000,0,0,0,0,18000,-18000,-18000
07248P,可成凱基99售06  ,0,0,0,0,0,0,0,0,0,-18000,0,0,0,9000,27000,-18000,-18000
2707,晶華            ,82000,89000,-7000,0,0,0,0,0,0,-11000,0,11000,-11000,0,0,0,-18000
059232,台灣50凱基03購01,0,0,0,0,0,0,0,0,0,-18000,0,0,0,6000,24000,-18000,-18000
07298P,台灣50元大9C售12,0,0,0,0,0,0,0,0,0,-18000,0,0,0,3000,21000,-18000,-18000
07355P,臺股指國票99售23,0,0,0,0,0,0,0,0,0,-18000,0,0,0,0,18000,-18000,-18000
1473,台南            ,14000,32000,-18000,0,0,0,0,0,0,0,0,0,0,0,0,0,-18000
2302,麗正            ,0,18000,-18000,0,0,0,0,0,0,0,0,0,0,0,0,0,-18000
053728,茂林凱基97購01  ,0,0,0,0,0,0,0,0,0,-18000,0,0,0,0,18000,-18000,-18000
053706,S&P反1凱基99購01,0,0,0,0,0,0,0,0,0,-18000,0,0,0,34000,52000,-18000,-18000
053786,新日興元大96購02,0,0,0,0,0,0,0,0,0,-18000,0,0,0,0,18000,-18000,-18000
056051,T50反1元大97購05,0,0,0,0,0,0,0,0,0,-18000,0,0,0,0,18000,-18000,-18000
057119,微星康和98購01  ,0,0,0,0,0,0,0,0,0,-18000,0,0,0,68000,86000,-18000,-18000
057075,嘉聯益永豐98購01,0,0,0,0,0,0,0,0,0,-18000,0,0,0,0,18000,-18000,-18000
055127,台虹兆豐97購01  ,0,0,0,0,0,0,0,0,0,-18000,0,0,0,0,18000,-18000,-18000
059146,貿聯國票9A購02  ,0,0,0,0,0,0,0,0,0,-18000,0,0,0,40000,58000,-18000,-18000
055032,億光富邦99購01  ,0,0,0,0,0,0,0,0,0,-18000,0,0,0,0,18000,-18000,-18000
053482,矽力元大96購03  ,0,0,0,0,0,0,0,0,0,-18000,0,0,0,0,18000,-18000,-18000
8033,雷虎            ,0,18000,-18000,0,0,0,0,0,0,0,0,0,0,0,0,0,-18000
8070,長華*           ,40000,49000,-9000,0,0,0,0,0,0,-9000,0,9000,-9000,0,0,0,-18000
057301,嘉聯益永豐98購02,0,0,0,0,0,0,0,0,0,-19000,0,0,0,0,19000,-19000,-19000
057534,旭富元大98購01  ,0,0,0,0,0,0,0,0,0,-19000,0,0,0,19000,38000,-19000,-19000
3059,華晶科          ,73000,92000,-19000,0,0,0,0,0,0,0,0,0,0,0,0,0,-19000
059389,國巨凱基99購14  ,0,0,0,0,0,0,0,0,0,-19000,0,0,0,112000,131000,-19000,-19000
059722,南亞科元大99購02,0,0,0,0,0,0,0,0,0,-19000,0,0,0,0,19000,-19000,-19000
06454P,緯穎元大98售04  ,0,0,0,0,0,0,0,0,0,-19000,0,0,0,280000,299000,-19000,-19000
059829,超眾凱基99購05  ,0,0,0,0,0,0,0,0,0,-19000,0,0,0,1000,20000,-19000,-19000
057770,亞德客群益98購01,0,0,0,0,0,0,0,0,0,-19000,0,0,0,161000,180000,-19000,-19000
055525,國巨群益98購05  ,0,0,0,0,0,0,0,0,0,-19000,0,0,0,0,19000,-19000,-19000
055912,宏達電凱基98購03,0,0,0,0,0,0,0,0,0,-19000,0,0,0,1000,20000,-19000,-19000
050451,嘉晶元大95購01  ,0,0,0,0,0,0,0,0,0,-19000,0,0,0,0,19000,-19000,-19000
051251,信邦元大95購01  ,0,0,0,0,0,0,0,0,0,-19000,0,0,0,0,19000,-19000,-19000
5706,鳳凰            ,14000,31000,-17000,0,0,0,0,0,0,-2000,0,2000,-2000,0,0,0,-19000
6115,鎰勝            ,6000,25000,-19000,0,0,0,0,0,0,0,0,0,0,0,0,0,-19000
9944,新麗            ,107000,126000,-19000,0,0,0,0,0,0,0,0,0,0,0,0,0,-19000
06366P,鴻海凱基97售10  ,0,0,0,0,0,0,0,0,0,-20000,0,0,0,0,20000,-20000,-20000
059808,創意元富99購01  ,0,0,0,0,0,0,0,0,0,-20000,0,0,0,0,20000,-20000,-20000
059551,T50正2康和99購02,0,0,0,0,0,0,0,0,0,-20000,0,0,0,0,20000,-20000,-20000
059384,上証2X凱基9B購01,0,0,0,0,0,0,0,0,0,-20000,0,0,0,0,20000,-20000,-20000
06196P,元上證元大97售01,0,0,0,0,0,0,0,0,0,-20000,0,0,0,80000,100000,-20000,-20000
058966,元油2X日盛99購03,0,0,0,0,0,0,0,0,0,-20000,0,0,0,10000,30000,-20000,-20000
05882P,華新科永豐96售01,0,0,0,0,0,0,0,0,0,-20000,0,0,0,2000,22000,-20000,-20000
058736,鈺齊永豐99購02  ,0,0,0,0,0,0,0,0,0,-20000,0,0,0,0,20000,-20000,-20000
06516P,國巨凱基98售08  ,0,0,0,0,0,0,0,0,0,-20000,0,0,0,0,20000,-20000,-20000
058146,勤誠元大99購01  ,0,0,0,0,0,0,0,0,0,-20000,0,0,0,0,20000,-20000,-20000
058148,百和元大99購01  ,0,0,0,0,0,0,0,0,0,-20000,0,0,0,0,20000,-20000,-20000
2495,普安            ,33000,53000,-20000,0,0,0,0,0,0,0,0,0,0,0,0,0,-20000
2496,卓越            ,0,20000,-20000,0,0,0,0,0,0,0,0,0,0,0,0,0,-20000
4930,燦星網          ,9000,21000,-12000,0,0,0,0,0,0,-8000,0,8000,-8000,0,0,0,-20000
057575,世紀鋼永豐98購02,0,0,0,0,0,0,0,0,0,-20000,0,0,0,0,20000,-20000,-20000
059949,啟碁永豐99購01  ,0,0,0,0,0,0,0,0,0,-20000,0,0,0,0,20000,-20000,-20000
059933,台灣50永豐99購11,0,0,0,0,0,0,0,0,0,-20000,0,0,0,0,20000,-20000,-20000
057914,日月光日盛9A購01,0,0,0,0,0,0,0,0,0,-20000,0,0,0,0,20000,-20000,-20000
06922P,元上證群益9C售01,0,0,0,0,0,0,0,0,0,-20000,0,0,0,20000,40000,-20000,-20000
05104P,智邦台新95售02  ,0,0,0,0,0,0,0,0,0,-20000,0,0,0,0,20000,-20000,-20000
042929,台積電中信95購02,0,0,0,0,0,0,0,0,0,-20000,0,0,0,0,20000,-20000,-20000
048339,友達元大95購01  ,0,0,0,0,0,0,0,0,0,-20000,0,0,0,0,20000,-20000,-20000
051450,世芯元大95購02  ,0,0,0,0,0,0,0,0,0,-20000,0,0,0,0,20000,-20000,-20000
051630,力山國票96購01  ,0,0,0,0,0,0,0,0,0,-20000,0,0,0,0,20000,-20000,-20000
049270,台表科元大95購02,0,0,0,0,0,0,0,0,0,-20000,0,0,0,0,20000,-20000,-20000
049090,茂林凱基94購01  ,0,0,0,0,0,0,0,0,0,-20000,0,0,0,10000,30000,-20000,-20000
047911,晶技麥證94購01  ,0,0,0,0,20000,-20000,0,0,0,-20000,0,0,0,0,20000,-20000,-20000
049498,茂林元大95購01  ,0,0,0,0,0,0,0,0,0,-20000,0,0,0,10000,30000,-20000,-20000
049705,緯穎元大94購05  ,0,0,0,0,0,0,0,0,0,-20000,0,0,0,0,20000,-20000,-20000
05205P,緯穎元大95售03  ,0,0,0,0,0,0,0,0,0,-20000,0,0,0,0,20000,-20000,-20000
048859,玉晶光群益96購02,0,0,0,0,0,0,0,0,0,-20000,0,0,0,0,20000,-20000,-20000
051800,旺宏永豐95購02  ,0,0,0,0,0,0,0,0,0,-20000,0,0,0,0,20000,-20000,-20000
052381,臺股指元大95購22,0,0,0,0,0,0,0,0,0,-20000,0,0,0,0,20000,-20000,-20000
052272,T50反1群益95購03,0,0,0,0,0,0,0,0,0,-20000,0,0,0,0,20000,-20000,-20000
052288,敦南統一95購01  ,0,0,0,0,0,0,0,0,0,-20000,0,0,0,0,20000,-20000,-20000
052220,T50反1凱基98購01,0,0,0,0,0,0,0,0,0,-20000,0,0,0,0,20000,-20000,-20000
052223,聯電凱基96購02  ,0,0,0,0,0,0,0,0,0,-20000,0,0,0,0,20000,-20000,-20000
055856,新唐元大97購03  ,0,0,0,0,0,0,0,0,0,-20000,0,0,0,25000,45000,-20000,-20000
055834,國巨元大97購13  ,0,0,0,0,0,0,0,0,0,-20000,0,0,0,0,20000,-20000,-20000
055776,宏達電凱基98購02,0,0,0,0,0,0,0,0,0,-20000,0,0,0,40000,60000,-20000,-20000
056819,奇力新永豐98購01,0,0,0,0,0,0,0,0,0,-20000,0,0,0,0,20000,-20000,-20000
055559,大立光凱基97購09,0,0,0,0,0,0,0,0,0,-20000,0,0,0,0,20000,-20000,-20000
055263,華新科富邦9A購01,0,0,0,0,0,0,0,0,0,-20000,0,0,0,0,20000,-20000,-20000
055380,智易元大98購02  ,0,0,0,0,0,0,0,0,0,-20000,0,0,0,0,20000,-20000,-20000
053424,欣興永豐96購02  ,0,0,0,0,0,0,0,0,0,-20000,0,0,0,0,20000,-20000,-20000
056607,貿聯富邦99購02  ,0,0,0,0,0,0,0,0,0,-20000,0,0,0,0,20000,-20000,-20000
056636,台積電日盛9A購01,0,0,0,0,0,0,0,0,0,-20000,0,0,0,300000,320000,-20000,-20000
054263,聯茂元大96購02  ,0,0,0,0,0,0,0,0,0,-20000,0,0,0,0,20000,-20000,-20000
054679,台積電康和99購01,0,0,0,0,0,0,0,0,0,-20000,0,0,0,0,20000,-20000,-20000
054578,世芯元大99購01  ,0,0,0,0,0,0,0,0,0,-20000,0,0,0,0,20000,-20000,-20000
052624,微星亞東97購01  ,0,0,0,0,0,0,0,0,0,-20000,0,0,0,0,20000,-20000,-20000
05280P,華通元大95售08  ,0,0,0,0,0,0,0,0,0,-20000,0,0,0,0,20000,-20000,-20000
056520,鴻海日盛99購01  ,0,0,0,0,0,0,0,0,0,-20000,0,0,0,0,20000,-20000,-20000
056410,康控國票99購01  ,0,0,0,0,0,0,0,0,0,-20000,0,0,0,10000,30000,-20000,-20000
6191,精成科          ,182000,199000,-17000,0,0,0,0,0,0,-3000,0,2000,-2000,0,1000,-1000,-20000
06850P,聯茂元大98售06  ,0,0,0,0,0,0,0,0,0,-21000,0,0,0,0,21000,-21000,-21000
06868P,電子類元大99售01,0,0,0,0,0,0,0,0,0,-21000,0,0,0,36000,57000,-21000,-21000
1325,恆大            ,317000,338000,-21000,0,0,0,0,0,0,0,0,0,0,0,0,0,-21000
058626,瑞昱國票9A購01  ,0,0,0,0,0,0,0,0,0,-21000,0,0,0,0,21000,-21000,-21000
059470,華新科元大99購16,0,0,0,0,0,0,0,0,0,-21000,0,0,0,0,21000,-21000,-21000
059451,國巨永豐99購05  ,0,0,0,0,0,0,0,0,0,-21000,0,0,0,0,21000,-21000,-21000
059369,滬深2X元富9C購01,0,0,0,0,0,0,0,0,0,-21000,0,0,0,25000,46000,-21000,-21000
059553,台灣50凱基99購05,0,0,0,0,0,0,0,0,0,-21000,0,0,0,1000,22000,-21000,-21000
056377,智伸科統一9A購01,0,0,0,0,0,0,0,0,0,-21000,0,0,0,0,21000,-21000,-21000
054715,中橡康和97購01  ,0,0,0,0,0,0,0,0,0,-21000,0,0,0,0,21000,-21000,-21000
055909,大成鋼凱基98購02,0,0,0,0,0,0,0,0,0,-21000,0,0,0,0,21000,-21000,-21000
059864,亞德客凱基99購01,0,0,0,0,0,0,0,0,0,-21000,0,0,0,0,21000,-21000,-21000
047564,滬深2X國票99購01,0,0,0,0,0,0,0,0,0,-21000,0,0,0,32000,53000,-21000,-21000
035277,景碩台新97購01  ,0,0,0,0,0,0,0,0,0,-21000,0,0,0,10000,31000,-21000,-21000
059612,奇鋐永豐99購02  ,0,0,0,0,0,0,0,0,0,-22000,0,0,0,0,22000,-22000,-22000
06470P,臺股指凱基99售10,0,0,0,0,0,0,0,0,0,-22000,0,0,0,0,22000,-22000,-22000
058829,華新科永豐99購04,0,0,0,0,0,0,0,0,0,-22000,0,0,0,0,22000,-22000,-22000
059014,SGBR2X元富03購01,0,0,0,0,0,0,0,0,0,-22000,0,0,0,5000,27000,-22000,-22000
2430,燦坤            ,43000,64000,-21000,0,0,0,0,0,0,-1000,0,1000,-1000,0,0,0,-22000
4526,東台            ,20000,42000,-22000,0,0,0,0,0,0,0,0,0,0,0,0,0,-22000
057366,智邦元大98購08  ,0,0,0,0,0,0,0,0,0,-22000,0,0,0,0,22000,-22000,-22000
2114,鑫永銓          ,12000,34000,-22000,0,0,0,0,0,0,0,0,0,0,0,0,0,-22000
1722,台肥            ,899000,926000,-27000,0,0,0,0,0,0,5000,5000,0,5000,0,0,0,-22000
07366P,國巨康和99售02  ,0,0,0,0,0,0,0,0,0,-22000,0,0,0,0,22000,-22000,-22000
1452,宏益            ,31000,53000,-22000,0,0,0,0,0,0,0,0,0,0,0,0,0,-22000
07123P,鴻海元大99售23  ,0,0,0,0,0,0,0,0,0,-22000,0,0,0,20000,42000,-22000,-22000
048576,義隆國泰95購01  ,0,0,0,0,0,0,0,0,0,-22000,0,0,0,14000,36000,-22000,-22000
050694,國巨凱基96購03  ,0,0,0,0,0,0,0,0,0,-22000,0,0,0,38000,60000,-22000,-22000
059843,華新科富邦9B購03,0,0,0,0,0,0,0,0,0,-22000,0,0,0,0,22000,-22000,-22000
06548P,大立光元大98售10,0,0,0,0,0,0,0,0,0,-22000,0,0,0,0,22000,-22000,-22000
055830,上銀元大97購07  ,0,0,0,0,0,0,0,0,0,-22000,0,0,0,0,22000,-22000,-22000
055506,台郡元大99購02  ,0,0,0,0,0,0,0,0,0,-22000,0,0,0,0,22000,-22000,-22000
053309,泰鼎凱基96購03  ,0,0,0,0,0,0,0,0,0,-22000,0,0,0,0,22000,-22000,-22000
052933,祥碩元大96購01  ,0,0,0,0,0,0,0,0,0,-22000,0,0,0,0,22000,-22000,-22000
056551,台郡凱基98購04  ,0,0,0,0,0,0,0,0,0,-22000,0,0,0,23000,45000,-22000,-22000
06058P,玉晶光凱基97售04,0,0,0,0,0,0,0,0,0,-23000,0,0,0,0,23000,-23000,-23000
057171,台光電元大9B購01,0,0,0,0,0,0,0,0,0,-23000,0,0,0,0,23000,-23000,-23000
059485,台灣50兆豐99購02,0,0,0,0,0,0,0,0,0,-23000,0,0,0,281000,304000,-23000,-23000
07256P,臺股指凱基99售36,0,0,0,0,0,0,0,0,0,-23000,0,0,0,143000,166000,-23000,-23000
059589,國巨元大9A購02  ,0,0,0,0,0,0,0,0,0,-23000,0,0,0,1000,24000,-23000,-23000
056902,大立光元大98購12,0,0,0,0,0,0,0,0,0,-23000,0,0,0,0,23000,-23000,-23000
050318,景碩國票94購02  ,0,0,0,0,0,0,0,0,0,-23000,0,0,0,0,23000,-23000,-23000
056077,矽力元大97購07  ,0,0,0,0,0,0,0,0,0,-23000,0,0,0,10000,33000,-23000,-23000
057045,美律元大99購04  ,0,0,0,0,0,0,0,0,0,-23000,0,0,0,0,23000,-23000,-23000
053954,貿聯康和96購01  ,0,0,0,0,0,0,0,0,0,-23000,0,0,0,0,23000,-23000,-23000
058400,聯發科元大99購09,0,0,0,0,0,0,0,0,0,-24000,0,0,0,1000,25000,-24000,-24000
057473,T50反1元大98購08,0,0,0,0,0,0,0,0,0,-24000,0,0,0,15000,39000,-24000,-24000
2020,美亞            ,19000,43000,-24000,0,0,0,0,0,0,0,0,0,0,0,0,0,-24000
058618,南電元大99購02  ,0,0,0,0,0,0,0,0,0,-24000,0,0,0,31000,55000,-24000,-24000
059951,台塑康和99購01  ,0,0,0,0,0,0,0,0,0,-24000,0,0,0,0,24000,-24000,-24000
1519,華城            ,134000,71000,63000,0,0,0,0,100000,-100000,13000,13000,0,13000,0,0,0,-24000
07103P,南電元大99售04  ,0,0,0,0,0,0,0,0,0,-24000,0,0,0,25000,49000,-24000,-24000
046961,大立光中信95購02,0,0,0,0,0,0,0,0,0,-24000,0,0,0,0,24000,-24000,-24000
055732,全新元富9A購01  ,0,0,0,0,0,0,0,0,0,-24000,0,0,0,0,24000,-24000,-24000
055617,TPK國票98購04   ,0,0,0,0,0,0,0,0,0,-24000,0,0,0,0,24000,-24000,-24000
056617,美律永豐98購01  ,0,0,0,0,0,0,0,0,0,-24000,0,0,0,5000,29000,-24000,-24000
06853P,華擎元富98售03  ,1000,0,1000,0,0,0,0,0,0,-26000,0,0,0,12000,38000,-26000,-25000
059248,華新科凱基99購04,0,0,0,0,0,0,0,0,0,-25000,0,0,0,0,25000,-25000,-25000
1732,毛寶            ,103000,126000,-23000,0,0,0,0,0,0,-2000,0,2000,-2000,0,0,0,-25000
057468,台郡永豐98購01  ,0,0,0,0,0,0,0,0,0,-25000,0,0,0,0,25000,-25000,-25000
2450,神腦            ,18000,42000,-24000,0,0,0,0,0,0,-1000,0,1000,-1000,0,0,0,-25000
058194,勤誠永豐99購01  ,0,0,0,0,0,0,0,0,0,-25000,0,0,0,10000,35000,-25000,-25000
059548,台積電群益99購10,0,0,0,0,0,0,0,0,0,-25000,0,0,0,0,25000,-25000,-25000
059512,晶豪科永豐99購02,0,0,0,0,0,0,0,0,0,-25000,0,0,0,0,25000,-25000,-25000
059660,華新科元大9A購04,0,0,0,0,0,0,0,0,0,-25000,0,0,0,0,25000,-25000,-25000
059318,旺宏元大99購13  ,0,0,0,0,0,0,0,0,0,-25000,0,0,0,20000,45000,-25000,-25000
056651,聯茂凱基98購04  ,0,0,0,0,0,0,0,0,0,-25000,0,0,0,0,25000,-25000,-25000
052990,超眾元大97購01  ,0,0,0,0,0,0,0,0,0,-25000,0,0,0,0,25000,-25000,-25000
053211,漢唐凱基96購03  ,0,0,0,0,0,0,0,0,0,-25000,0,0,0,0,25000,-25000,-25000
056557,世紀鋼凱基98購02,0,0,0,0,0,0,0,0,0,-25000,0,0,0,0,25000,-25000,-25000
056223,華邦電凱基97購04,0,0,0,0,0,0,0,0,0,-25000,0,0,0,50000,75000,-25000,-25000
059840,鴻海富邦9A購02  ,0,0,0,0,0,0,0,0,0,-25000,0,0,0,47000,72000,-25000,-25000
059826,欣興凱基99購06  ,0,0,0,0,0,0,0,0,0,-25000,0,0,0,0,25000,-25000,-25000
048985,茂林元大94購01  ,0,0,0,0,0,0,0,0,0,-25000,0,0,0,20000,45000,-25000,-25000
051722,玉晶光永豐97購01,1000,0,1000,0,0,0,0,0,0,-26000,0,0,0,182000,208000,-26000,-25000
04452P,超眾國泰95售01  ,0,0,0,0,0,0,0,0,0,-25000,0,0,0,10000,35000,-25000,-25000
056116,義隆群益97購02  ,0,0,0,0,0,0,0,0,0,-25000,0,0,0,6000,31000,-25000,-25000
056103,聯發科永豐97購03,0,0,0,0,0,0,0,0,0,-25000,0,0,0,0,25000,-25000,-25000
049934,緯穎元大94購08  ,0,0,0,0,0,0,0,0,0,-25000,0,0,0,22000,47000,-25000,-25000
048388,華通國票94購01  ,0,0,0,0,0,0,0,0,0,-25000,0,0,0,0,25000,-25000,-25000
6415,矽力-KY         ,80000,103000,-23000,0,0,0,0,0,0,-2000,1000,0,1000,0,3000,-3000,-25000
059382,台灣50凱基99購02,0,0,0,0,0,0,0,0,0,-26000,0,0,0,0,26000,-26000,-26000
06074P,台積電凱基98售04,0,0,0,0,0,0,0,0,0,-26000,0,0,0,105000,131000,-26000,-26000
058834,GIS永豐99購01   ,0,0,0,0,0,0,0,0,0,-26000,0,0,0,0,26000,-26000,-26000
3617,碩天            ,77000,98000,-21000,0,0,0,0,0,0,-5000,0,5000,-5000,0,0,0,-26000
07011P,宏達電凱基99售02,0,0,0,0,0,0,0,0,0,-26000,0,0,0,10000,36000,-26000,-26000
048793,超眾元大95購02  ,0,0,0,0,0,0,0,0,0,-26000,0,0,0,0,26000,-26000,-26000
053718,全新凱基97購02  ,0,0,0,0,0,0,0,0,0,-26000,0,0,0,12000,38000,-26000,-26000
054952,大毅元大97購02  ,0,0,0,0,0,0,0,0,0,-26000,0,0,0,2000,28000,-26000,-26000
057967,聯發科國泰9A購02,0,0,0,0,0,0,0,0,0,-27000,0,0,0,18000,45000,-27000,-27000
059161,鴻海凱基9A購09  ,0,0,0,0,0,0,0,0,0,-27000,0,0,0,114000,141000,-27000,-27000
059201,祥碩永豐99購02  ,0,0,0,0,0,0,0,0,0,-27000,0,0,0,0,27000,-27000,-27000
057465,智易永豐98購02  ,0,0,0,0,0,0,0,0,0,-27000,0,0,0,0,27000,-27000,-27000
057680,臺股指元大98購10,0,0,0,0,0,0,0,0,0,-27000,0,0,0,0,27000,-27000,-27000
06515P,國巨凱基98售06  ,0,0,0,0,0,0,0,0,0,-27000,0,0,0,3000,30000,-27000,-27000
058272,超眾永豐9A購01  ,0,0,0,0,0,0,0,0,0,-27000,0,0,0,0,27000,-27000,-27000
2464,盟立            ,66000,93000,-27000,0,0,0,0,0,0,0,0,0,0,0,0,0,-27000
06163P,聯詠群益97售01  ,0,0,0,0,0,0,0,0,0,-27000,0,0,0,3000,30000,-27000,-27000
059796,台積電國票99購10,0,0,0,0,0,0,0,0,0,-27000,0,0,0,11000,38000,-27000,-27000
053198,亞德客日盛96購01,0,0,0,0,0,0,0,0,0,-27000,0,0,0,0,27000,-27000,-27000
059113,群光永豐99購01  ,0,0,0,0,0,0,0,0,0,-27000,0,0,0,0,27000,-27000,-27000
056820,欣興永豐98購02  ,0,0,0,0,0,0,0,0,0,-27000,0,0,0,14000,41000,-27000,-27000
8103,瀚荃            ,10000,22000,-12000,0,0,0,0,0,0,-15000,0,15000,-15000,0,0,0,-27000
2905,三商            ,0,27707,-27707,0,0,0,0,0,0,0,0,0,0,0,0,0,-27707
1598,岱宇            ,13000,30936,-17936,0,0,0,0,0,0,-10000,0,10000,-10000,0,0,0,-27936
058570,臻鼎凱基9A購01  ,0,0,0,0,0,0,0,0,0,-28000,0,0,0,153000,181000,-28000,-28000
059414,台灣50元大9A購02,0,0,0,0,0,0,0,0,0,-28000,0,0,0,0,28000,-28000,-28000
055849,聯詠元大97購05  ,0,0,0,0,0,0,0,0,0,-28000,0,0,0,2000,30000,-28000,-28000
055686,致伸凱基97購02  ,0,0,0,0,0,0,0,0,0,-28000,0,0,0,0,28000,-28000,-28000
056269,新日興統一98購01,0,0,0,0,0,0,0,0,0,-28000,0,0,0,0,28000,-28000,-28000
059428,國巨元大99購25  ,0,0,0,0,0,0,0,0,0,-29000,0,0,0,15000,44000,-29000,-29000
059469,智邦元大99購03  ,0,0,0,0,0,0,0,0,0,-29000,0,0,0,0,29000,-29000,-29000
058143,瑞儀元大99購02  ,0,0,0,0,0,0,0,0,0,-29000,0,0,0,22000,51000,-29000,-29000
2607,榮運            ,41000,70000,-29000,0,0,0,0,0,0,0,0,0,0,0,0,0,-29000
058821,泰鼎國泰9B購01  ,0,0,0,0,0,0,0,0,0,-29000,0,0,0,0,29000,-29000,-29000
07275P,FBVIX群益99售02 ,0,0,0,0,0,0,0,0,0,-29000,0,0,0,0,29000,-29000,-29000
07148P,富邦金元大99售01,0,0,0,0,0,0,0,0,0,-29000,0,0,0,113000,142000,-29000,-29000
059849,興勤永豐99購01  ,0,0,0,0,0,0,0,0,0,-29000,0,0,0,0,29000,-29000,-29000
052321,華擎元大95購01  ,0,0,0,0,0,0,0,0,0,-29000,0,0,0,7000,36000,-29000,-29000
050227,大立光中信96購01,0,0,0,0,0,0,0,0,0,-29000,0,0,0,0,29000,-29000,-29000
07149P,健鼎元大99售03  ,0,0,0,0,0,0,0,0,0,-30000,0,0,0,10000,40000,-30000,-30000
07128P,大毅元大99售04  ,0,0,0,0,0,0,0,0,0,-30000,0,0,0,70000,100000,-30000,-30000
06049P,創意亞東97售01  ,0,0,0,0,0,0,0,0,0,-30000,0,0,0,0,30000,-30000,-30000
059187,國巨富邦9B購02  ,0,0,0,0,0,0,0,0,0,-30000,0,0,0,0,30000,-30000,-30000
059236,鴻海凱基99購09  ,0,0,0,0,0,0,0,0,0,-30000,0,0,0,8000,38000,-30000,-30000
058597,瑞昱台新99購01  ,0,0,0,0,0,0,0,0,0,-30000,0,0,0,0,30000,-30000,-30000
058515,健鼎元大99購01  ,0,0,0,0,0,0,0,0,0,-30000,0,0,0,0,30000,-30000,-30000
057681,T50反1日盛9C購01,0,0,0,0,0,0,0,0,0,-30000,0,0,0,0,30000,-30000,-30000
058031,旺宏永豐98購04  ,0,0,0,0,0,0,0,0,0,-30000,0,0,0,0,30000,-30000,-30000
057675,同欣電元大98購02,0,0,0,0,0,0,0,0,0,-30000,0,0,0,20000,50000,-30000,-30000
057415,和碩日盛98購01  ,0,0,0,0,0,0,0,0,0,-30000,0,0,0,0,30000,-30000,-30000
057222,鴻海國票99購04  ,0,0,0,0,0,0,0,0,0,-30000,0,0,0,108000,138000,-30000,-30000
058772,茂林兆豐9A購01  ,0,0,0,0,0,0,0,0,0,-30000,0,0,0,0,30000,-30000,-30000
06142P,台虹康和97售02  ,0,0,0,0,0,0,0,0,0,-30000,0,0,0,47000,77000,-30000,-30000
059506,滬深2X永豐99購04,0,0,0,0,0,0,0,0,0,-30000,0,0,0,0,30000,-30000,-30000
059740,瑞昱元富99購02  ,0,0,0,0,0,0,0,0,0,-30000,0,0,0,5000,35000,-30000,-30000
059543,可成亞東99購02  ,0,0,0,0,0,0,0,0,0,-30000,0,0,0,0,30000,-30000,-30000
059591,台積電元大9A購04,0,0,0,0,0,0,0,0,0,-30000,0,0,0,0,30000,-30000,-30000
059403,T50反1台新03購03,0,0,0,0,0,0,0,0,0,-30000,0,0,0,0,30000,-30000,-30000
049706,世紀鋼元大95購02,0,0,0,0,0,0,0,0,0,-30000,0,0,0,0,30000,-30000,-30000
049559,香港反統一94購02,0,0,0,0,0,0,0,0,0,-30000,0,0,0,0,30000,-30000,-30000
048733,台勝科麥證95購02,0,0,0,0,30000,-30000,0,0,0,-30000,0,0,0,0,30000,-30000,-30000
051989,華固元大95購02  ,0,0,0,0,0,0,0,0,0,-30000,0,0,0,0,30000,-30000,-30000
052174,聯發科元大95購13,0,0,0,0,0,0,0,0,0,-30000,0,0,0,0,30000,-30000,-30000
056170,鴻海元富97購09  ,0,0,0,0,0,0,0,0,0,-30000,0,0,0,0,30000,-30000,-30000
057058,祥碩元大98購04  ,0,0,0,0,0,0,0,0,0,-30000,0,0,0,0,30000,-30000,-30000
054045,奇力新元大97購03,0,0,0,0,0,0,0,0,0,-30000,0,0,0,0,30000,-30000,-30000
04899P,力成中信94售02  ,0,0,0,0,0,0,0,0,0,-30000,0,0,0,0,30000,-30000,-30000
049385,茂林元大94購03  ,0,0,0,0,0,0,0,0,0,-30000,0,0,0,20000,50000,-30000,-30000
051603,深中小群益99購03,0,0,0,0,0,0,0,0,0,-30000,0,0,0,0,30000,-30000,-30000
047854,滬深2X國票96購02,0,0,0,0,0,0,0,0,0,-30000,0,0,0,0,30000,-30000,-30000
059854,台表科永豐99購03,0,0,0,0,0,0,0,0,0,-30000,0,0,0,0,30000,-30000,-30000
059879,GIS凱基99購03   ,0,0,0,0,0,0,0,0,0,-30000,0,0,0,0,30000,-30000,-30000
057721,華擎元富98購02  ,0,0,0,0,0,0,0,0,0,-30000,0,0,0,0,30000,-30000,-30000
06730P,祥碩元大98售07  ,0,0,0,0,0,0,0,0,0,-30000,0,0,0,0,30000,-30000,-30000
055137,GIS富邦98購01   ,0,0,0,0,0,0,0,0,0,-30000,0,0,0,0,30000,-30000,-30000
055157,晶豪科元大97購01,0,0,0,0,0,0,0,0,0,-30000,0,0,0,0,30000,-30000,-30000
05596P,可成統一96售01  ,0,0,0,0,0,0,0,0,0,-30000,0,0,0,0,30000,-30000,-30000
05574P,英業達元富96售01,0,0,0,0,0,0,0,0,0,-30000,0,0,0,0,30000,-30000,-30000
05579P,友達凱基98售03  ,0,0,0,0,0,0,0,0,0,-30000,0,0,0,0,30000,-30000,-30000
056772,欣興元大99購01  ,0,0,0,0,0,0,0,0,0,-30000,0,0,0,1000,31000,-30000,-30000
056864,新日興群益99購01,0,0,0,0,0,0,0,0,0,-30000,0,0,0,0,30000,-30000,-30000
056297,台光電元大97購04,0,0,0,0,0,0,0,0,0,-30000,0,0,0,0,30000,-30000,-30000
056350,上銀元大98購02  ,0,0,0,0,0,0,0,0,0,-30000,0,0,0,0,30000,-30000,-30000
054292,欣興元大96購06  ,0,0,0,0,0,0,0,0,0,-30000,0,0,0,0,30000,-30000,-30000
054398,牧德永豐96購03  ,0,0,0,0,0,0,0,0,0,-30000,0,0,0,0,30000,-30000,-30000
05282P,可成元大95售09  ,0,0,0,0,0,0,0,0,0,-30000,0,0,0,0,30000,-30000,-30000
05300P,健策元大95售02  ,0,0,0,0,0,0,0,0,0,-30000,0,0,0,20000,50000,-30000,-30000
054933,南港元大97購01  ,0,0,0,0,0,0,0,0,0,-30000,0,0,0,0,30000,-30000,-30000
05669P,嘉晶永豐96售03  ,0,0,0,0,0,0,0,0,0,-30000,0,0,0,0,30000,-30000,-30000
053621,臺股指群益96購07,0,0,0,0,0,0,0,0,0,-30000,0,0,0,0,30000,-30000,-30000
054896,聯茂日盛97購01  ,0,0,0,0,0,0,0,0,0,-30000,0,0,0,0,30000,-30000,-30000
059577,旺宏元富99購04  ,0,0,0,0,0,0,0,0,0,-31000,0,0,0,0,31000,-31000,-31000
058994,道瓊指元大99購01,0,0,0,0,0,0,0,0,0,-31000,0,0,0,0,31000,-31000,-31000
057474,T50反1元大98購09,0,0,0,0,0,0,0,0,0,-31000,0,0,0,5000,36000,-31000,-31000
058606,聯發科元大99購13,0,0,0,0,0,0,0,0,0,-31000,0,0,0,0,31000,-31000,-31000
056580,泰鼎元大9A購01  ,0,0,0,0,0,0,0,0,0,-31000,0,0,0,0,31000,-31000,-31000
054343,世紀鋼元富96購02,0,0,0,0,0,0,0,0,0,-31000,0,0,0,37000,68000,-31000,-31000
056308,TPK元大97購02   ,0,0,0,0,0,0,0,0,0,-31000,0,0,0,0,31000,-31000,-31000
056762,亞德客元大98購01,0,0,0,0,0,0,0,0,0,-31000,0,0,0,0,31000,-31000,-31000
055297,啟碁元大97購01  ,0,0,0,0,0,0,0,0,0,-31000,0,0,0,0,31000,-31000,-31000
06736P,新日興凱基98售03,0,0,0,0,0,0,0,0,0,-31000,0,0,0,25000,56000,-31000,-31000
057760,聯發科凱基98購18,0,0,0,0,0,0,0,0,0,-31000,0,0,0,1000,32000,-31000,-31000
059877,康控凱基99購05  ,0,0,0,0,0,0,0,0,0,-31000,0,0,0,0,31000,-31000,-31000
051831,緯穎元大96購04  ,0,0,0,0,0,0,0,0,0,-31000,0,0,0,0,31000,-31000,-31000
059916,聯發科元大99購33,0,0,0,0,0,0,0,0,0,-32000,0,0,0,0,32000,-32000,-32000
057964,緯穎元大99購03  ,0,0,0,0,0,0,0,0,0,-32000,0,0,0,0,32000,-32000,-32000
06982P,義隆凱基99售02  ,0,0,0,0,0,0,0,0,0,-32000,0,0,0,0,32000,-32000,-32000
059324,智易元大99購04  ,0,0,0,0,0,0,0,0,0,-32000,0,0,0,80000,112000,-32000,-32000
059798,臺股指國票99購21,0,0,0,0,0,0,0,0,0,-32000,0,0,0,1000,33000,-32000,-32000
046942,友達元大99購01  ,0,0,0,0,0,0,0,0,0,-32000,0,0,0,101000,133000,-32000,-32000
03428B,臺股指凱基97熊18,0,0,0,0,0,0,0,0,0,-32000,0,0,0,0,32000,-32000,-32000
055731,美律元富97購01  ,0,0,0,0,0,0,0,0,0,-32000,0,0,0,0,32000,-32000,-32000
6541,泰福-KY         ,50000,82000,-32000,0,0,0,0,0,0,0,0,0,0,0,0,0,-32000
3052,夆典            ,149000,182000,-33000,0,0,0,0,0,0,0,0,0,0,0,0,0,-33000
057915,台泥凱基98購01  ,0,0,0,0,0,0,0,0,0,-33000,0,0,0,0,33000,-33000,-33000
1447,力鵬            ,18000,51000,-33000,0,0,0,0,0,0,0,0,0,0,0,0,0,-33000
058568,宏達電凱基9A購02,0,0,0,0,0,0,0,0,0,-33000,0,0,0,0,33000,-33000,-33000
059296,大立光元富99購06,0,0,0,0,0,0,0,0,0,-33000,0,0,0,42000,75000,-33000,-33000
05720P,可成中信98售01  ,0,0,0,0,0,0,0,0,0,-33000,0,0,0,0,33000,-33000,-33000
057278,可成元大98購06  ,0,0,0,0,0,0,0,0,0,-33000,0,0,0,2000,35000,-33000,-33000
057268,臻鼎兆豐99購01  ,0,0,0,0,0,0,0,0,0,-33000,0,0,0,0,33000,-33000,-33000
057194,南電元大98購01  ,0,0,0,0,0,0,0,0,0,-33000,0,0,0,3000,36000,-33000,-33000
055404,超眾元富97購01  ,0,0,0,0,0,0,0,0,0,-33000,0,0,0,25000,58000,-33000,-33000
04797P,華新科元大94售04,90000,85000,5000,0,0,0,0,0,0,-38000,0,0,0,85000,123000,-38000,-33000
04977P,力成凱基96售01  ,0,0,0,0,0,0,0,0,0,-33000,0,0,0,0,33000,-33000,-33000
2331,精英            ,96000,129000,-33000,0,0,0,0,0,0,-1000,1000,8000,-7000,6000,0,6000,-34000
059300,國巨群益99購08  ,0,0,0,0,0,0,0,0,0,-34000,0,0,0,0,34000,-34000,-34000
1611,中電            ,63000,97000,-34000,0,0,0,0,0,0,0,0,0,0,0,0,0,-34000
07313P,台灣50元大99售11,0,0,0,0,0,0,0,0,0,-34000,0,0,0,10000,44000,-34000,-34000
3028,增你強          ,48000,80000,-32000,0,0,0,0,0,0,-2000,0,2000,-2000,0,0,0,-34000
4571,鈞興-KY         ,3000,8000,-5000,0,0,0,0,0,0,-29000,0,29000,-29000,0,0,0,-34000
059429,台積電元大99購35,0,0,0,0,0,0,0,0,0,-34000,0,0,0,10000,44000,-34000,-34000
2436,偉詮電          ,70000,103000,-33000,0,0,0,0,0,0,-1000,0,1000,-1000,0,0,0,-34000
059337,台灣50凱基9C購05,0,0,0,0,0,0,0,0,0,-34000,0,0,0,0,34000,-34000,-34000
054063,聯茂國票97購02  ,0,0,0,0,0,0,0,0,0,-34000,0,0,0,4000,38000,-34000,-34000
055714,智邦元大97購03  ,0,0,0,0,0,0,0,0,0,-34000,0,0,0,8000,42000,-34000,-34000
055627,亞德客永豐97購02,0,0,0,0,0,0,0,0,0,-34000,0,0,0,25000,59000,-34000,-34000
2354,鴻準            ,1060322,1089013,-28691,0,0,0,0,0,0,-6000,4000,10000,-6000,0,0,0,-34691
057186,群創元大99購04  ,0,0,0,0,0,0,0,0,0,-35000,0,0,0,0,35000,-35000,-35000
057547,技嘉凱基99購01  ,0,0,0,0,0,0,0,0,0,-35000,0,0,0,83000,118000,-35000,-35000
058093,神達元大9A購01  ,0,0,0,0,0,0,0,0,0,-35000,0,0,0,0,35000,-35000,-35000
059224,大立光元大99購15,0,0,0,0,0,0,0,0,0,-35000,0,0,0,0,35000,-35000,-35000
059363,超眾永豐99購02  ,0,0,0,0,0,0,0,0,0,-35000,0,0,0,5000,40000,-35000,-35000
059492,國巨國票9A購06  ,0,0,0,0,0,0,0,0,0,-35000,0,0,0,10000,45000,-35000,-35000
059755,宏達電國泰9A購01,0,0,0,0,0,0,0,0,0,-35000,0,0,0,0,35000,-35000,-35000
059563,鴻海凱基9A購14  ,0,0,0,0,0,0,0,0,0,-35000,0,0,0,70000,105000,-35000,-35000
059628,智邦凱基99購04  ,0,0,0,0,0,0,0,0,0,-35000,0,0,0,0,35000,-35000,-35000
058284,滬深反群益01購01,0,0,0,0,0,0,0,0,0,-35000,0,0,0,10000,45000,-35000,-35000
2614,東森            ,294000,329000,-35000,0,0,0,0,0,0,0,0,0,0,0,0,0,-35000
059881,臺股指凱基99購46,0,0,0,0,0,0,0,0,0,-35000,0,0,0,0,35000,-35000,-35000
052756,國巨群益96購02  ,0,0,0,0,0,0,0,0,0,-35000,0,0,0,0,35000,-35000,-35000
050588,矽創國票95購01  ,0,0,0,0,0,0,0,0,0,-35000,0,0,0,0,35000,-35000,-35000
050502,聯發科凱基94購21,0,0,0,0,0,0,0,0,0,-35000,0,0,0,10000,45000,-35000,-35000
046384,群創凱基98購02  ,0,0,0,0,0,0,0,0,0,-35000,0,0,0,28000,63000,-35000,-35000
006206,元大上證50      ,17000,53000,-36000,0,0,0,0,0,0,1000,0,0,0,2000,1000,1000,-35000
9927,泰銘            ,27000,61000,-34000,0,0,0,0,0,0,-1000,0,1000,-1000,0,0,0,-35000
059456,智易永豐99購01  ,0,0,0,0,0,0,0,0,0,-36000,0,0,0,0,36000,-36000,-36000
059525,上銀凱基99購08  ,0,0,0,0,0,0,0,0,0,-36000,0,0,0,11000,47000,-36000,-36000
059944,欣興永豐99購03  ,0,0,0,0,0,0,0,0,0,-36000,0,0,0,6000,42000,-36000,-36000
057895,全新元富9B購01  ,0,0,0,0,0,0,0,0,0,-36000,0,0,0,0,36000,-36000,-36000
059276,可成元大99購06  ,0,0,0,0,0,0,0,0,0,-36000,0,0,0,42000,78000,-36000,-36000
056475,宏達電元大99購02,0,0,0,0,0,0,0,0,0,-36000,0,0,0,0,36000,-36000,-36000
053158,茂林元大96購01  ,0,0,0,0,0,0,0,0,0,-36000,0,0,0,0,36000,-36000,-36000
06594P,立積元大98售01  ,0,0,0,0,0,0,0,0,0,-36000,0,0,0,13000,49000,-36000,-36000
055381,茂林元大97購02  ,0,0,0,0,0,0,0,0,0,-36000,0,0,0,1000,37000,-36000,-36000
056899,可成元大98購01  ,0,0,0,0,0,0,0,0,0,-36000,0,0,0,0,36000,-36000,-36000
059306,台灣50元大99購03,0,0,0,0,0,0,0,0,0,-37000,0,0,0,0,37000,-37000,-37000
057228,友達凱基9B購01  ,0,0,0,0,0,0,0,0,0,-37000,0,0,0,38000,75000,-37000,-37000
07246P,旺宏凱基99售08  ,0,0,0,0,0,0,0,0,0,-37000,0,0,0,30000,67000,-37000,-37000
059415,台灣50元大9A購03,0,0,0,0,0,0,0,0,0,-37000,0,0,0,70000,107000,-37000,-37000
059835,聯發科國泰9B購01,0,0,0,0,0,0,0,0,0,-37000,0,0,0,3000,40000,-37000,-37000
056620,華新科永豐98購02,0,0,0,0,0,0,0,0,0,-37000,0,0,0,17000,54000,-37000,-37000
047196,上銀統一97購01  ,0,0,0,0,0,0,0,0,0,-37000,0,0,0,0,37000,-37000,-37000
059413,台灣50元大99購05,0,0,0,0,0,0,0,0,0,-38000,0,0,0,0,38000,-38000,-38000
2421,建準            ,781000,819000,-38000,0,0,0,0,0,0,0,0,0,0,0,0,0,-38000
2906,高林            ,11000,49000,-38000,0,0,0,0,0,0,0,0,0,0,0,0,0,-38000
059059,宏達電凱基99購03,0,0,0,0,0,0,0,0,0,-38000,0,0,0,0,38000,-38000,-38000
057436,義隆國票99購02  ,0,0,0,0,0,0,0,0,0,-38000,0,0,0,0,38000,-38000,-38000
059314,上銀元大99購03  ,0,0,0,0,0,0,0,0,0,-38000,0,0,0,363000,401000,-38000,-38000
058470,台灣50日盛9B購02,0,0,0,0,0,0,0,0,0,-38000,0,0,0,22000,60000,-38000,-38000
057587,微星國票99購01  ,0,0,0,0,0,0,0,0,0,-38000,0,0,0,0,38000,-38000,-38000
07287P,全新群益9B售01  ,0,0,0,0,0,0,0,0,0,-38000,0,0,0,0,38000,-38000,-38000
1220,台榮            ,0,38000,-38000,0,0,0,0,0,0,0,0,0,0,0,0,0,-38000
050210,華新科國票94購08,0,0,0,0,0,0,0,0,0,-38000,0,0,0,0,38000,-38000,-38000
054064,台郡國票97購04  ,0,0,0,0,0,0,0,0,0,-38000,0,0,0,0,38000,-38000,-38000
053929,正文國票97購01  ,0,0,0,0,0,0,0,0,0,-38000,0,0,0,0,38000,-38000,-38000
057147,新日興國票99購01,0,0,0,0,0,0,0,0,0,-38000,0,0,0,0,38000,-38000,-38000
056518,美律國票99購01  ,0,0,0,0,0,0,0,0,0,-38000,0,0,0,0,38000,-38000,-38000
056408,奇鋐國票99購01  ,0,0,0,0,0,0,0,0,0,-38000,0,0,0,0,38000,-38000,-38000
056214,義隆國票99購01  ,0,0,0,0,0,0,0,0,0,-38000,0,0,0,0,38000,-38000,-38000
054216,聯茂國票97購03  ,0,0,0,0,0,0,0,0,0,-38000,0,0,0,0,38000,-38000,-38000
054538,台光電國票98購01,0,0,0,0,0,0,0,0,0,-38000,0,0,0,0,38000,-38000,-38000
8131,福懋科          ,81000,130000,-49000,0,0,0,0,0,0,11000,12000,1000,11000,0,0,0,-38000
1417,嘉裕            ,21000,60000,-39000,0,0,0,0,0,0,0,0,0,0,0,0,0,-39000
1540,喬福            ,10000,39000,-29000,0,0,0,0,0,0,-10000,0,10000,-10000,0,0,0,-39000
059947,貿聯永豐99購03  ,0,0,0,0,0,0,0,0,0,-39000,0,0,0,0,39000,-39000,-39000
059345,禾伸堂凱基99購03,0,0,0,0,0,0,0,0,0,-39000,0,0,0,0,39000,-39000,-39000
058345,台光電群益99購03,0,0,0,0,0,0,0,0,0,-39000,0,0,0,1000,40000,-39000,-39000
050846,緯創國票96購01  ,0,0,0,0,0,0,0,0,0,-39000,0,0,0,12000,51000,-39000,-39000
2476,鉅祥            ,12000,52000,-40000,0,0,0,0,0,0,0,0,0,0,0,0,0,-40000
058937,仁寶中信99購01  ,0,0,0,0,0,0,0,0,0,-40000,0,0,0,0,40000,-40000,-40000
059531,華新科凱基9B購02,0,0,0,0,0,0,0,0,0,-40000,0,0,0,0,40000,-40000,-40000
059673,玉山金元富99購01,0,0,0,0,0,0,0,0,0,-40000,0,0,0,1000,41000,-40000,-40000
059934,華通永豐99購02  ,0,0,0,0,0,0,0,0,0,-40000,0,0,0,85000,125000,-40000,-40000
06019P,緯穎凱基96售03  ,0,0,0,0,0,0,0,0,0,-40000,0,0,0,0,40000,-40000,-40000
07348P,滬深2X凱基9A售04,0,0,0,0,0,0,0,0,0,-40000,0,0,0,0,40000,-40000,-40000
058096,南電元大98購04  ,0,0,0,0,0,0,0,0,0,-40000,0,0,0,12000,52000,-40000,-40000
058054,台積電統一9C購01,0,0,0,0,0,0,0,0,0,-40000,0,0,0,1000,41000,-40000,-40000
058086,鴻海元大98購14  ,0,0,0,0,0,0,0,0,0,-40000,0,0,0,213000,253000,-40000,-40000
058572,百和凱基9A購01  ,0,0,0,0,0,0,0,0,0,-40000,0,0,0,0,40000,-40000,-40000
058558,鴻海日盛9A購02  ,0,0,0,0,0,0,0,0,0,-40000,0,0,0,475000,515000,-40000,-40000
058698,華通元大99購05  ,0,0,0,0,0,0,0,0,0,-40000,0,0,0,0,40000,-40000,-40000
057430,富邦金兆豐98購01,0,0,0,0,0,0,0,0,0,-40000,0,0,0,0,40000,-40000,-40000
057260,微星兆豐98購01  ,0,0,0,0,0,0,0,0,0,-40000,0,0,0,0,40000,-40000,-40000
051885,易華電永豐95購02,0,0,0,0,0,0,0,0,0,-40000,0,0,0,0,40000,-40000,-40000
050626,A50正2中信96購02,0,0,0,0,0,0,0,0,0,-40000,0,0,0,0,40000,-40000,-40000
050035,聯茂元大94購07  ,0,0,0,0,0,0,0,0,0,-40000,0,0,0,0,40000,-40000,-40000
057120,茂林康和98購01  ,0,0,0,0,0,0,0,0,0,-40000,0,0,0,0,40000,-40000,-40000
057070,美律永豐98購02  ,0,0,0,0,0,0,0,0,0,-40000,0,0,0,0,40000,-40000,-40000
056160,智易凱基97購03  ,0,0,0,0,0,0,0,0,0,-40000,0,0,0,0,40000,-40000,-40000
052117,鴻海國票96購03  ,0,0,0,0,0,0,0,0,0,-40000,0,0,0,0,40000,-40000,-40000
03432B,臺股指凱基98熊13,0,0,0,0,0,0,0,0,0,-40000,0,0,0,0,40000,-40000,-40000
051644,聯茂康和95購01  ,0,0,0,0,0,0,0,0,0,-40000,0,0,0,0,40000,-40000,-40000
04507P,台光電元大94售03,0,0,0,0,0,0,0,0,0,-40000,0,0,0,10000,50000,-40000,-40000
056561,台光電群益98購02,0,0,0,0,0,0,0,0,0,-40000,0,0,0,0,40000,-40000,-40000
052489,義隆國票96購02  ,0,0,0,0,0,0,0,0,0,-40000,0,0,0,10000,50000,-40000,-40000
053630,奇鋐兆豐97購01  ,0,0,0,0,0,0,0,0,0,-40000,0,0,0,0,40000,-40000,-40000
05288P,寶成元富95售02  ,0,0,0,0,0,0,0,0,0,-40000,0,0,0,0,40000,-40000,-40000
055132,台虹康和97購01  ,0,0,0,0,0,0,0,0,0,-40000,0,0,0,0,40000,-40000,-40000
055098,臺股指群益97購01,0,0,0,0,0,0,0,0,0,-40000,0,0,0,20000,60000,-40000,-40000
1905,華紙            ,200000,241000,-41000,0,0,0,0,0,0,0,0,0,0,0,0,0,-41000
058464,矽創兆豐9A購01  ,0,0,0,0,0,0,0,0,0,-41000,0,0,0,70000,111000,-41000,-41000
1589,永冠-KY         ,28000,70000,-42000,0,0,0,0,0,0,1000,1000,0,1000,0,0,0,-41000
059188,京元電富邦9B購01,0,0,0,0,0,0,0,0,0,-41000,0,0,0,1000,42000,-41000,-41000
1256,鮮活果汁-KY     ,6000,6000,0,0,0,0,0,41000,-41000,0,0,0,0,0,0,0,-41000
059069,臺指反元大9C購01,0,0,0,0,0,0,0,0,0,-41000,0,0,0,5000,46000,-41000,-41000
4976,佳凌            ,48000,89000,-41000,0,0,0,0,0,0,0,0,0,0,0,0,0,-41000
06551P,貿聯元大98售05  ,0,0,0,0,0,0,0,0,0,-41000,0,0,0,1000,42000,-41000,-41000
056523,光寶科中信98購01,0,0,0,0,0,0,0,0,0,-41000,0,0,0,9000,50000,-41000,-41000
047825,道瓊反元大96購01,0,0,0,0,0,0,0,0,0,-41000,0,0,0,0,41000,-41000,-41000
00689R,國泰20年美債反1 ,0,0,0,0,0,0,0,0,0,-41000,0,0,0,100000,141000,-41000,-41000
053979,健策元大98購01  ,0,0,0,0,0,0,0,0,0,-41000,0,0,0,0,41000,-41000,-41000
059678,鴻海國泰9A購03  ,0,0,0,0,0,0,0,0,0,-42000,0,0,0,8000,50000,-42000,-42000
07169P,臺股指國票99售06,0,0,0,0,0,0,0,0,0,-42000,0,0,0,0,42000,-42000,-42000
050383,超眾兆豐95購01  ,0,0,0,0,0,0,0,0,0,-42000,0,0,0,0,42000,-42000,-42000
052020,聯茂永豐95購02  ,0,0,0,0,0,0,0,0,0,-42000,0,0,0,12000,54000,-42000,-42000
03430B,臺股指元大9B熊01,0,0,0,0,0,0,0,0,0,-42000,0,0,0,1000,43000,-42000,-42000
056449,義隆凱基98購03  ,0,0,0,0,0,0,0,0,0,-42000,0,0,0,7000,49000,-42000,-42000
053223,台郡凱基96購02  ,0,0,0,0,0,0,0,0,0,-42000,0,0,0,7000,49000,-42000,-42000
9136,巨騰-DR         ,0,42000,-42000,0,0,0,0,0,0,0,0,0,0,0,0,0,-42000
6235,華孚            ,23000,64000,-41000,0,0,0,0,0,0,-1000,0,1000,-1000,0,0,0,-42000
1102,亞泥            ,3643938,4113577,-469639,0,0,0,562000,0,562000,-135000,34000,200000,-166000,63000,32000,31000,-42639
059930,健策富邦9B購01  ,0,0,0,0,0,0,0,0,0,-43000,0,0,0,10000,53000,-43000,-43000
1307,三芳            ,30000,73000,-43000,0,0,0,0,0,0,0,0,0,0,0,0,0,-43000
059290,全新元富99購01  ,0,0,0,0,0,0,0,0,0,-43000,0,0,0,6000,49000,-43000,-43000
057524,旺宏元大99購04  ,0,0,0,0,0,0,0,0,0,-43000,0,0,0,0,43000,-43000,-43000
4141,龍燈-KY         ,6000,49000,-43000,0,0,0,0,0,0,0,0,0,0,0,0,0,-43000
2417,圓剛            ,218000,261000,-43000,0,0,0,0,0,0,0,0,0,0,0,0,0,-43000
059882,臺股指凱基9C購06,0,0,0,0,0,0,0,0,0,-43000,0,0,0,0,43000,-43000,-43000
04712P,國泰金元大94售01,0,0,0,0,0,0,0,0,0,-43000,0,0,0,56000,99000,-43000,-43000
059603,臺股指元大9A購40,0,0,0,0,0,0,0,0,0,-44000,0,0,0,0,44000,-44000,-44000
06068P,玉晶光康和97售01,0,0,0,0,0,0,0,0,0,-44000,0,0,0,22000,66000,-44000,-44000
07349P,大立光凱基99售16,0,0,0,0,0,0,0,0,0,-44000,0,0,0,0,44000,-44000,-44000
051641,矽創國票96購01  ,0,0,0,0,0,0,0,0,0,-44000,0,0,0,41000,85000,-44000,-44000
055330,上銀兆豐98購02  ,0,0,0,0,0,0,0,0,0,-44000,0,0,0,0,44000,-44000,-44000
055563,智易凱基97購02  ,0,0,0,0,0,0,0,0,0,-44000,0,0,0,0,44000,-44000,-44000
056767,大毅元大99購01  ,0,0,0,0,0,0,0,0,0,-44000,0,0,0,0,44000,-44000,-44000
054919,興富發凱基97購01,0,0,0,0,0,0,0,0,0,-44000,0,0,0,0,44000,-44000,-44000
054266,緯穎元大96購07  ,0,0,0,0,0,0,0,0,0,-44000,0,0,0,85000,129000,-44000,-44000
059231,華通國票9A購04  ,0,0,0,0,0,0,0,0,0,-45000,0,0,0,0,45000,-45000,-45000
05805P,義隆永豐96售02  ,0,0,0,0,0,0,0,0,0,-45000,0,0,0,5000,50000,-45000,-45000
1710,東聯            ,309000,313000,-4000,0,0,0,0,0,0,-41000,0,41000,-41000,0,0,0,-45000
059537,大立光凱基99購09,0,0,0,0,0,0,0,0,0,-45000,0,0,0,14000,59000,-45000,-45000
058124,玉晶光國票9A購01,0,0,0,0,0,0,0,0,0,-45000,0,0,0,0,45000,-45000,-45000
2881A,富邦特          ,65000,0,65000,0,0,0,0,0,0,-110000,0,110000,-110000,0,0,0,-45000
055217,緯創凱基97購02  ,0,0,0,0,0,0,0,0,0,-45000,0,0,0,0,45000,-45000,-45000
059811,高股息凱基99購02,0,0,0,0,0,0,0,0,0,-45000,0,0,0,32000,77000,-45000,-45000
05116P,台積電群益95售03,0,0,0,0,0,0,0,0,0,-45000,0,0,0,30000,75000,-45000,-45000
04578P,微星富邦96售01  ,0,0,0,0,0,0,0,0,0,-45000,0,0,0,0,45000,-45000,-45000
050641,上証反凱基96購01,0,0,0,0,0,0,0,0,0,-45000,0,0,0,0,45000,-45000,-45000
052160,美律永豐95購03  ,0,0,0,0,0,0,0,0,0,-45000,0,0,0,0,45000,-45000,-45000
053849,聯發科元富96購04,0,0,0,0,0,0,0,0,0,-45000,0,0,0,0,45000,-45000,-45000
059514,嘉澤永豐99購02  ,0,0,0,0,0,0,0,0,0,-46000,0,0,0,36000,82000,-46000,-46000
059625,國巨凱基99購17  ,0,0,0,0,0,0,0,0,0,-46000,0,0,0,30000,76000,-46000,-46000
059334,A50正2國票9A購02,0,0,0,0,0,0,0,0,0,-46000,0,0,0,9000,55000,-46000,-46000
058847,國巨群益99購05  ,0,0,0,0,0,0,0,0,0,-46000,0,0,0,0,46000,-46000,-46000
059135,臺股指群益99購10,0,0,0,0,0,0,0,0,0,-46000,0,0,0,172000,218000,-46000,-46000
055995,華擎國泰99購01  ,0,0,0,0,0,0,0,0,0,-46000,0,0,0,10000,56000,-46000,-46000
5288,豐祥-KY         ,41000,87000,-46000,0,0,0,0,0,0,0,0,0,0,0,0,0,-46000
058910,泰鼎元大99購03  ,0,0,0,0,0,0,0,0,0,-47000,0,0,0,10000,57000,-47000,-47000
07301P,臺股指元大9A售34,0,0,0,0,0,0,0,0,0,-47000,0,0,0,131000,178000,-47000,-47000
1527,鑽全            ,205000,252000,-47000,0,0,0,0,0,0,0,0,0,0,0,0,0,-47000
07171P,臺股指國票99售08,0,0,0,0,0,0,0,0,0,-47000,0,0,0,13000,60000,-47000,-47000
5907,大洋-KY         ,44000,91000,-47000,0,0,0,0,0,0,0,0,0,0,0,0,0,-47000
059159,上銀凱基99購05  ,0,0,0,0,0,0,0,0,0,-48000,0,0,0,85000,133000,-48000,-48000
1560,中砂            ,56000,133000,-77000,0,0,0,0,0,0,29000,31000,2000,29000,0,0,0,-48000
05852P,嘉晶群益96售01  ,0,0,0,0,0,0,0,0,0,-48000,0,0,0,30000,78000,-48000,-48000
059629,友達凱基99購06  ,0,0,0,0,0,0,0,0,0,-48000,0,0,0,66000,114000,-48000,-48000
059632,聯發科凱基01購01,0,0,0,0,0,0,0,0,0,-48000,0,0,0,0,48000,-48000,-48000
059714,A50正2元大9C購01,0,0,0,0,0,0,0,0,0,-48000,0,0,0,0,48000,-48000,-48000
05546P,全新元大97售01  ,0,0,0,0,0,0,0,0,0,-48000,0,0,0,60000,108000,-48000,-48000
055702,美律富邦98購01  ,0,0,0,0,0,0,0,0,0,-48000,0,0,0,0,48000,-48000,-48000
05424P,台達電亞東96售02,0,0,0,0,0,0,0,0,0,-48000,0,0,0,0,48000,-48000,-48000
052819,義隆永豐96購01  ,0,0,0,0,0,0,0,0,0,-48000,0,0,0,0,48000,-48000,-48000
056615,燿華永豐98購02  ,0,0,0,0,0,0,0,0,0,-48000,0,0,0,99000,147000,-48000,-48000
057017,和大凱基98購01  ,0,0,0,0,0,0,0,0,0,-48000,0,0,0,41000,89000,-48000,-48000
5434,崇越            ,394000,433390,-39390,0,0,0,0,0,0,-9000,1000,14000,-13000,4000,0,4000,-48390
059680,台積電國泰9A購03,0,0,0,0,0,0,0,0,0,-49000,0,0,0,161000,210000,-49000,-49000
059515,牧德永豐99購01  ,0,0,0,0,0,0,0,0,0,-49000,0,0,0,59000,108000,-49000,-49000
058508,聯發科元大99購11,0,0,0,0,0,0,0,0,0,-49000,0,0,0,7000,56000,-49000,-49000
052159,瑞昱永豐95購01  ,0,0,0,0,0,0,0,0,0,-49000,0,0,0,0,49000,-49000,-49000
053539,智易永豐96購01  ,0,0,0,0,0,0,0,0,0,-49000,0,0,0,0,49000,-49000,-49000
056534,京元電凱基98購01,0,0,0,0,0,0,0,0,0,-49000,0,0,0,1000,50000,-49000,-49000
059828,健策凱基99購05  ,0,0,0,0,0,0,0,0,0,-49000,0,0,0,0,49000,-49000,-49000
9935,慶豐富          ,0,49000,-49000,0,0,0,0,0,0,0,0,0,0,0,0,0,-49000
058019,美律凱基99購04  ,0,0,0,0,0,0,0,0,0,-50000,0,0,0,20000,70000,-50000,-50000
057573,京鼎永豐98購02  ,0,0,0,0,0,0,0,0,0,-50000,0,0,0,0,50000,-50000,-50000
057284,新日興元大98購03,0,0,0,0,0,0,0,0,0,-50000,0,0,0,0,50000,-50000,-50000
057462,光磊永豐98購02  ,0,0,0,0,0,0,0,0,0,-50000,0,0,0,0,50000,-50000,-50000
057367,技嘉元大98購02  ,0,0,0,0,0,0,0,0,0,-50000,0,0,0,0,50000,-50000,-50000
059156,台灣50凱基01購03,0,0,0,0,0,0,0,0,0,-50000,0,0,0,0,50000,-50000,-50000
07207P,台積電凱基99售13,0,0,0,0,0,0,0,0,0,-50000,0,0,0,20000,70000,-50000,-50000
059568,台積電凱基9A購13,0,0,0,0,0,0,0,0,0,-50000,0,0,0,50000,100000,-50000,-50000
059697,上証2X凱基9A購03,0,0,0,0,0,0,0,0,0,-50000,0,0,0,2000,52000,-50000,-50000
058234,華新科元大99購12,0,0,0,0,0,0,0,0,0,-50000,0,0,0,0,50000,-50000,-50000
059453,奇力新永豐99購01,0,0,0,0,0,0,0,0,0,-50000,0,0,0,4000,54000,-50000,-50000
057758,鴻海凱基99購03  ,0,0,0,0,0,0,0,0,0,-50000,0,0,0,70000,120000,-50000,-50000
057826,祥碩元大98購08  ,0,0,0,0,0,0,0,0,0,-50000,0,0,0,274000,324000,-50000,-50000
055357,欣興凱基97購04  ,0,0,0,0,0,0,0,0,0,-50000,0,0,0,0,50000,-50000,-50000
055300,緯穎元大98購01  ,0,0,0,0,0,0,0,0,0,-50000,0,0,0,0,50000,-50000,-50000
056870,全新日盛9A購01  ,0,0,0,0,0,0,0,0,0,-50000,0,0,0,0,50000,-50000,-50000
057690,美律凱基99購03  ,0,0,0,0,0,0,0,0,0,-50000,0,0,0,0,50000,-50000,-50000
055733,奇力新元富97購01,0,0,0,0,0,0,0,0,0,-50000,0,0,0,0,50000,-50000,-50000
053361,友達元富99購01  ,0,0,0,0,0,0,0,0,0,-50000,0,0,0,100000,150000,-50000,-50000
053364,友達國泰98購01  ,0,0,0,0,0,0,0,0,0,-50000,0,0,0,0,50000,-50000,-50000
054699,復盛永豐97購01  ,0,0,0,0,0,0,0,0,0,-50000,0,0,0,0,50000,-50000,-50000
052085,聯電元大95購01  ,0,0,0,0,0,0,0,0,0,-50000,0,0,0,0,50000,-50000,-50000
053638,信邦永豐96購01  ,0,0,0,0,0,0,0,0,0,-50000,0,0,0,0,50000,-50000,-50000
057055,立積元大99購01  ,0,0,0,0,0,0,0,0,0,-50000,0,0,0,0,50000,-50000,-50000
056169,鴻海元富97購08  ,0,0,0,0,0,0,0,0,0,-50000,0,0,0,0,50000,-50000,-50000
053940,康友元富96購01  ,0,0,0,0,0,0,0,0,0,-50000,0,0,0,0,50000,-50000,-50000
050634,華新科群益96購01,0,0,0,0,0,0,0,0,0,-50000,0,0,0,0,50000,-50000,-50000
050036,矽格元大94購03  ,0,0,0,0,0,0,0,0,0,-50000,0,0,0,0,50000,-50000,-50000
052066,華邦電兆豐96購01,0,0,0,0,0,0,0,0,0,-50000,0,0,0,0,50000,-50000,-50000
050903,臺股指元大95購10,0,0,0,0,0,0,0,0,0,-50000,0,0,0,0,50000,-50000,-50000
05124P,華新科富邦97售02,0,0,0,0,0,0,0,0,0,-50000,0,0,0,0,50000,-50000,-50000
044864,道瓊反國票96購01,0,0,0,0,0,0,0,0,0,-50000,0,0,0,0,50000,-50000,-50000
058014,上銀凱基99購02  ,0,0,0,0,0,0,0,0,0,-51000,0,0,0,76000,127000,-51000,-51000
048007,明基材元大96購01,0,0,0,0,0,0,0,0,0,-51000,0,0,0,5000,56000,-51000,-51000
048801,漢唐富邦96購02  ,0,0,0,0,0,0,0,0,0,-51000,0,0,0,0,51000,-51000,-51000
057001,華邦電國票99購02,0,0,0,0,0,0,0,0,0,-51000,0,0,0,38000,89000,-51000,-51000
053627,宏碁兆豐97購01  ,0,0,0,0,0,0,0,0,0,-51000,0,0,0,177000,228000,-51000,-51000
052511,聯發科凱基95購14,0,0,0,0,0,0,0,0,0,-51000,0,0,0,64000,115000,-51000,-51000
057746,同欣電永豐98購02,0,0,0,0,0,0,0,0,0,-51000,0,0,0,64000,115000,-51000,-51000
059876,智易凱基99購02  ,0,0,0,0,0,0,0,0,0,-51000,0,0,0,0,51000,-51000,-51000
2929,淘帝-KY         ,214000,260795,-46795,0,0,0,0,0,0,-5000,0,5000,-5000,0,0,0,-51795
057562,奇鋐兆豐98購01  ,0,0,0,0,0,0,0,0,0,-52000,0,0,0,0,52000,-52000,-52000
057457,華邦電富邦98購01,0,0,0,0,0,0,0,0,0,-52000,0,0,0,200000,252000,-52000,-52000
055955,微星元大97購01  ,0,0,0,0,0,0,0,0,0,-52000,0,0,0,0,52000,-52000,-52000
055631,創意永豐98購01  ,0,0,0,0,0,0,0,0,0,-52000,0,0,0,0,52000,-52000,-52000
052738,聯電元大98購02  ,0,0,0,0,0,0,0,0,0,-52000,0,0,0,308000,360000,-52000,-52000
056597,宏碁元富98購01  ,0,0,0,0,0,0,0,0,0,-52000,0,0,0,1000,53000,-52000,-52000
050246,大立光凱基94購13,0,0,0,0,0,0,0,0,0,-52000,0,0,0,10000,62000,-52000,-52000
03670C,元油2X元富99牛01,0,0,0,0,0,0,0,0,0,-52000,0,0,0,0,52000,-52000,-52000
059527,聯發科凱基99購16,0,0,0,0,0,0,0,0,0,-53000,0,0,0,50000,103000,-53000,-53000
059507,鴻海永豐99購03  ,0,0,0,0,0,0,0,0,0,-53000,0,0,0,41000,94000,-53000,-53000
053582,英業達元大97購01,0,0,0,0,0,0,0,0,0,-53000,0,0,0,0,53000,-53000,-53000
052687,國泰金元大96購03,0,0,0,0,0,0,0,0,0,-53000,0,0,0,10000,63000,-53000,-53000
058516,健鼎元大99購02  ,0,0,0,0,0,0,0,0,0,-54000,0,0,0,0,54000,-54000,-54000
07316P,長榮航康和99售01,0,0,0,0,0,0,0,0,0,-54000,0,0,0,135000,189000,-54000,-54000
054928,帆宣凱基98購01  ,0,0,0,0,0,0,0,0,0,-54000,0,0,0,26000,80000,-54000,-54000
056107,智易永豐97購02  ,0,0,0,0,0,0,0,0,0,-54000,0,0,0,0,54000,-54000,-54000
8011,台通            ,42000,96000,-54000,0,0,0,0,0,0,0,0,0,0,0,0,0,-54000
06902P,聯電凱基98售02  ,0,0,0,0,0,0,0,0,0,-55000,0,0,0,0,55000,-55000,-55000
059510,華新科永豐99購07,0,0,0,0,0,0,0,0,0,-55000,0,0,0,0,55000,-55000,-55000
059805,台積電元富99購02,0,0,0,0,0,0,0,0,0,-55000,0,0,0,0,55000,-55000,-55000
059405,台灣50國票01購01,0,0,0,0,0,0,0,0,0,-55000,0,0,0,1000,56000,-55000,-55000
054161,友訊凱基98購01  ,0,0,0,0,0,0,0,0,0,-55000,0,0,0,0,55000,-55000,-55000
055349,京元電凱基97購02,0,0,0,0,0,0,0,0,0,-55000,0,0,0,0,55000,-55000,-55000
1434,福懋            ,878000,952000,-74000,0,0,0,0,0,0,18000,18000,0,18000,0,0,0,-56000
2059,川湖            ,88000,99000,-11000,0,0,0,0,41000,-41000,-4000,0,2000,-2000,0,2000,-2000,-56000
055968,祥碩元大97購04  ,0,0,0,0,0,0,0,0,0,-56000,0,0,0,0,56000,-56000,-56000
057809,英業達元大98購01,0,0,0,0,0,0,0,0,0,-56000,0,0,0,0,56000,-56000,-56000
054417,牧德元大96購01  ,0,0,0,0,0,0,0,0,0,-56000,0,0,0,0,56000,-56000,-56000
052572,群創凱基99購01  ,0,0,0,0,0,0,0,0,0,-56000,0,0,0,24000,80000,-56000,-56000
053101,創意元富96購03  ,0,0,0,0,0,0,0,0,0,-56000,0,0,0,0,56000,-56000,-56000
052963,智邦凱基96購02  ,0,0,0,0,0,0,0,0,0,-56000,0,0,0,32000,88000,-56000,-56000
056141,聯茂元大97購05  ,0,0,0,0,0,0,0,0,0,-56000,0,0,0,2000,58000,-56000,-56000
00752,中信中國50      ,12000,12000,0,0,0,0,0,0,0,-56000,0,0,0,628000,684000,-56000,-56000
051608,新日興群益96購01,0,0,0,0,0,0,0,0,0,-56000,0,0,0,0,56000,-56000,-56000
057530,奇鋐元大99購01  ,0,0,0,0,0,0,0,0,0,-57000,0,0,0,0,57000,-57000,-57000
057601,中磊群益98購01  ,0,0,0,0,0,0,0,0,0,-57000,0,0,0,0,57000,-57000,-57000
059070,道瓊指元大99購02,10000,0,10000,0,0,0,0,0,0,-67000,0,0,0,31000,98000,-67000,-57000
053489,上銀兆豐97購01  ,0,0,0,0,0,0,0,0,0,-57000,0,0,0,0,57000,-57000,-57000
2023,燁輝            ,75000,132373,-57373,0,0,0,0,0,0,0,0,0,0,0,0,0,-57373
059219,旺宏元大99購12  ,0,0,0,0,0,0,0,0,0,-58000,0,0,0,0,58000,-58000,-58000
059576,臺股指凱基99購42,0,0,0,0,0,0,0,0,0,-58000,0,0,0,1000,59000,-58000,-58000
054972,聯茂元大97購02  ,0,0,0,0,0,0,0,0,0,-58000,0,0,0,20000,78000,-58000,-58000
057815,信邦元大98購01  ,0,0,0,0,0,0,0,0,0,-58000,0,0,0,0,58000,-58000,-58000
053955,華通永豐96購04  ,0,0,0,0,0,0,0,0,0,-58000,0,0,0,0,58000,-58000,-58000
050831,超眾凱基95購01  ,0,0,0,0,0,0,0,0,0,-58000,0,0,0,10000,68000,-58000,-58000
059608,聯發科富邦9B購04,0,0,0,0,0,0,0,0,0,-59000,0,0,0,0,59000,-59000,-59000
06023P,超眾國票96售03  ,0,0,0,0,0,0,0,0,0,-59000,0,0,0,0,59000,-59000,-59000
2419,仲琦            ,167000,205044,-38044,0,0,0,0,0,0,-21000,0,21000,-21000,0,0,0,-59044
059467,旺宏元大99購15  ,0,0,0,0,0,0,0,0,0,-60000,0,0,0,2000,62000,-60000,-60000
059588,鴻海元大99購32  ,0,0,0,0,0,0,0,0,0,-60000,0,0,0,16000,76000,-60000,-60000
059809,貿聯元富99購01  ,0,0,0,0,0,0,0,0,0,-60000,0,0,0,0,60000,-60000,-60000
06905P,上証2X國泰99售02,0,0,0,0,0,0,0,0,0,-60000,0,0,0,0,60000,-60000,-60000
056206,泰鼎永豐97購01  ,0,0,0,0,0,0,0,0,0,-60000,0,0,0,0,60000,-60000,-60000
053915,光罩國票96購02  ,0,0,0,0,0,0,0,0,0,-60000,0,0,0,50000,110000,-60000,-60000
05591P,義隆群益96售03  ,0,0,0,0,0,0,0,0,0,-60000,0,0,0,0,60000,-60000,-60000
055324,TPK國票98購03   ,0,0,0,0,0,0,0,0,0,-60000,0,0,0,0,60000,-60000,-60000
055497,開發金元大97購01,0,0,0,0,0,0,0,0,0,-60000,0,0,0,55000,115000,-60000,-60000
05350P,可成元富98售04  ,0,0,0,0,0,0,0,0,0,-60000,0,0,0,0,60000,-60000,-60000
05301P,矽力元大95售02  ,0,0,0,0,0,0,0,0,0,-60000,0,0,0,20000,80000,-60000,-60000
053020,貿聯元富96購01  ,0,0,0,0,0,0,0,0,0,-60000,0,0,0,0,60000,-60000,-60000
3682,亞太電          ,201000,261232,-60232,0,0,0,0,0,0,0,0,0,0,0,0,0,-60232
1590,亞德客-KY       ,1138496,1223000,-84504,0,0,0,4000,90000,-86000,110000,74000,3000,71000,48000,9000,39000,-60504
059931,緯穎富邦9A購01  ,0,0,0,0,0,0,0,0,0,-61000,0,0,0,0,61000,-61000,-61000
056367,祥碩元大98購01  ,0,0,0,0,0,0,0,0,0,-61000,0,0,0,5000,66000,-61000,-61000
052294,創意國票96購03  ,0,0,0,0,0,0,0,0,0,-61000,0,0,0,0,61000,-61000,-61000
050658,台郡麥證96購01  ,0,0,0,0,61000,-61000,0,0,0,-61000,0,0,0,0,61000,-61000,-61000
042315,T50反1台新96購01,0,0,0,0,0,0,0,0,0,-61000,0,0,0,0,61000,-61000,-61000
059908,元金2X元大99購01,0,0,0,0,0,0,0,0,0,-62000,0,0,0,0,62000,-62000,-62000
1720,生達            ,196000,258000,-62000,0,0,0,0,0,0,0,0,0,0,0,0,0,-62000
2365,昆盈            ,34000,95000,-61000,0,0,0,0,0,0,-1000,0,1000,-1000,0,0,0,-62000
058140,臻鼎元大99購02  ,0,0,0,0,0,0,0,0,0,-62000,0,0,0,20000,82000,-62000,-62000
053593,晶技元大98購01  ,0,0,0,0,0,0,0,0,0,-62000,0,0,0,0,62000,-62000,-62000
059503,大立光富邦9B購04,0,0,0,0,0,0,0,0,0,-63000,0,0,0,0,63000,-63000,-63000
2393,億光            ,954000,1017000,-63000,0,0,0,0,0,0,0,4000,4000,0,5000,5000,0,-63000
9934,成霖            ,67000,130000,-63000,0,0,0,0,0,0,0,0,0,0,0,0,0,-63000
057174,南亞科元大98購05,0,0,0,0,0,0,0,0,0,-64000,0,0,0,0,64000,-64000,-64000
057539,南茂元大98購02  ,0,0,0,0,0,0,0,0,0,-64000,0,0,0,71000,135000,-64000,-64000
058337,日月光元富99購01,0,0,0,0,0,0,0,0,0,-64000,0,0,0,15000,79000,-64000,-64000
3532,台勝科          ,285000,316000,-31000,0,0,0,0,150000,-150000,117000,99000,9000,90000,27000,0,27000,-64000
057533,晶相光元大98購02,0,0,0,0,0,0,0,0,0,-65000,0,0,0,0,65000,-65000,-65000
054819,裕民元大9A購01  ,0,0,0,0,0,0,0,0,0,-65000,0,0,0,60000,125000,-65000,-65000
056838,旺宏元富98購01  ,0,0,0,0,0,0,0,0,0,-65000,0,0,0,0,65000,-65000,-65000
059852,康控永豐99購02  ,0,0,0,0,0,0,0,0,0,-65000,0,0,0,0,65000,-65000,-65000
057980,聯詠永豐98購01  ,0,0,0,0,0,0,0,0,0,-66000,0,0,0,0,66000,-66000,-66000
2015,豐興            ,236000,302000,-66000,0,0,0,0,0,0,0,1000,1000,0,0,0,0,-66000
06836P,玉晶光國票99售06,0,0,0,0,0,0,0,0,0,-66000,0,0,0,0,66000,-66000,-66000
2444,兆勁            ,29000,95000,-66000,0,0,0,0,0,0,0,0,0,0,0,0,0,-66000
058144,聯茂元大99購02  ,0,0,0,0,0,0,0,0,0,-66000,0,0,0,0,66000,-66000,-66000
059144,嘉晶國票9A購02  ,0,0,0,0,0,0,0,0,0,-66000,0,0,0,10000,76000,-66000,-66000
056622,高鐵永豐98購01  ,0,0,0,0,0,0,0,0,0,-66000,0,0,0,0,66000,-66000,-66000
053349,台郡國票97購02  ,0,0,0,0,0,0,0,0,0,-66000,0,0,0,5000,71000,-66000,-66000
2030,彰源            ,23000,90000,-67000,0,0,0,0,0,0,0,0,0,0,0,0,0,-67000
056582,易華電元大98購01,0,0,0,0,0,0,0,0,0,-67000,0,0,0,30000,97000,-67000,-67000
2022,聚亨            ,48000,116000,-68000,0,0,0,0,0,0,0,0,0,0,0,0,0,-68000
2351,順德            ,113000,130000,-17000,0,0,0,0,50000,-50000,-1000,0,1000,-1000,0,0,0,-68000
057202,TPK元富98購02   ,0,0,0,0,0,0,0,0,0,-68000,0,0,0,0,68000,-68000,-68000
05744P,台表科元大96售04,0,0,0,0,0,0,0,0,0,-68000,0,0,0,20000,88000,-68000,-68000
058047,可成元大98購11  ,0,0,0,0,0,0,0,0,0,-68000,0,0,0,0,68000,-68000,-68000
058069,美律凱基99購05  ,0,0,0,0,0,0,0,0,0,-68000,0,0,0,0,68000,-68000,-68000
059285,台灣50元富01購02,0,0,0,0,0,0,0,0,0,-68000,0,0,0,0,68000,-68000,-68000
057926,帆宣凱基98購02  ,0,0,0,0,0,0,0,0,0,-68000,0,0,0,12000,80000,-68000,-68000
059058,可成凱基9B購01  ,0,0,0,0,0,0,0,0,0,-68000,0,0,0,0,68000,-68000,-68000
059519,台郡永豐99購01  ,0,0,0,0,0,0,0,0,0,-68000,0,0,0,0,68000,-68000,-68000
053127,貿聯凱基97購01  ,0,0,0,0,0,0,0,0,0,-68000,0,0,0,0,68000,-68000,-68000
056260,鴻海統一98購07  ,0,0,0,0,0,0,0,0,0,-68000,0,0,0,0,68000,-68000,-68000
051643,瑞昱康和95購01  ,0,0,0,0,0,0,0,0,0,-68000,0,0,0,0,68000,-68000,-68000
056958,喬山永豐98購01  ,0,0,0,0,0,0,0,0,0,-68000,0,0,0,0,68000,-68000,-68000
8422,可寧衛          ,92000,170000,-78000,0,0,0,0,0,0,10000,10000,0,10000,0,0,0,-68000
058983,旺宏凱基99購05  ,0,0,0,0,0,0,0,0,0,-69000,0,0,0,31000,100000,-69000,-69000
058132,義隆元大99購03  ,0,0,0,0,0,0,0,0,0,-69000,0,0,0,520000,589000,-69000,-69000
4916,事欣科          ,75000,144000,-69000,0,0,0,0,0,0,0,0,0,0,0,0,0,-69000
07290P,台灣50凱基9A售08,0,0,0,0,0,0,0,0,0,-69000,0,0,0,21000,90000,-69000,-69000
05573P,仁寶元富96售02  ,0,0,0,0,0,0,0,0,0,-69000,0,0,0,8000,77000,-69000,-69000
8404,百和興業-KY     ,67000,136000,-69000,0,0,0,0,0,0,0,0,0,0,0,0,0,-69000
05807P,泰鼎永豐96售03  ,0,0,0,0,0,0,0,0,0,-70000,0,0,0,0,70000,-70000,-70000
4414,如興            ,235000,305000,-70000,0,0,0,0,0,0,0,0,0,0,0,0,0,-70000
058215,貿聯群益99購02  ,0,0,0,0,0,0,0,0,0,-70000,0,0,0,0,70000,-70000,-70000
059338,滬深2X凱基9C購02,0,0,0,0,0,0,0,0,0,-70000,0,0,0,0,70000,-70000,-70000
057696,聯電群益9A購01  ,0,0,0,0,0,0,0,0,0,-70000,0,0,0,20000,90000,-70000,-70000
055579,健策統一9A購01  ,0,0,0,0,0,0,0,0,0,-70000,0,0,0,0,70000,-70000,-70000
059095,訊芯元大99購01  ,0,0,0,0,0,0,0,0,0,-70000,0,0,0,170000,240000,-70000,-70000
06720P,智邦亞東99售01  ,0,0,0,0,0,0,0,0,0,-70000,0,0,0,0,70000,-70000,-70000
052658,友達元富9C購01  ,0,0,0,0,0,0,0,0,0,-70000,0,0,0,0,70000,-70000,-70000
056689,玉晶光統一9A購03,0,0,0,0,0,0,0,0,0,-70000,0,0,0,0,70000,-70000,-70000
052362,瑞昱國票96購02  ,0,0,0,0,0,0,0,0,0,-70000,0,0,0,0,70000,-70000,-70000
050500,台積電凱基94購36,0,0,0,0,0,0,0,0,0,-70000,0,0,0,0,70000,-70000,-70000
048001,中工元大96購01  ,0,0,0,0,0,0,0,0,0,-70000,0,0,0,0,70000,-70000,-70000
07291P,臺股指凱基99售43,0,0,0,0,0,0,0,0,0,-71000,0,0,0,271000,342000,-71000,-71000
06035P,同欣電凱基96售03,0,0,0,0,0,0,0,0,0,-71000,0,0,0,0,71000,-71000,-71000
054745,智易凱基97購01  ,0,0,0,0,0,0,0,0,0,-71000,0,0,0,50000,121000,-71000,-71000
056495,泰鼎國泰99購01  ,0,0,0,0,0,0,0,0,0,-71000,0,0,0,0,71000,-71000,-71000
1440,南紡            ,270000,341000,-71000,0,0,0,0,0,0,-1000,0,1000,-1000,0,0,0,-72000
059605,臺股指元大9A購42,0,0,0,0,0,0,0,0,0,-72000,0,0,0,24000,96000,-72000,-72000
3030,德律            ,84000,156000,-72000,0,0,0,0,0,0,0,0,0,0,0,0,0,-72000
3022,威強電          ,15000,87240,-72240,0,0,0,0,0,0,0,0,0,0,0,0,0,-72240
059745,欣興元富99購04  ,0,0,0,0,0,0,0,0,0,-73000,0,0,0,4000,77000,-73000,-73000
059342,聯發科凱基9A購05,0,0,0,0,0,0,0,0,0,-73000,0,0,0,0,73000,-73000,-73000
059055,旺宏凱基9B購02  ,0,0,0,0,0,0,0,0,0,-73000,0,0,0,0,73000,-73000,-73000
056256,聯茂元富97購03  ,0,0,0,0,0,0,0,0,0,-73000,0,0,0,0,73000,-73000,-73000
03414B,臺股指凱基99熊01,0,0,0,0,0,0,0,0,0,-73000,0,0,0,4000,77000,-73000,-73000
059807,大立光元富99購09,0,0,0,0,0,0,0,0,0,-74000,0,0,0,0,74000,-74000,-74000
059633,聯發科凱基9A購07,0,0,0,0,0,0,0,0,0,-74000,0,0,0,0,74000,-74000,-74000
058074,欣興凱基99購01  ,0,0,0,0,0,0,0,0,0,-74000,0,0,0,0,74000,-74000,-74000
0061,元大寶滬深      ,9000,13000,-4000,0,0,0,0,0,0,-70000,0,60000,-60000,62000,72000,-10000,-74000
049272,世紀鋼元大96購02,0,0,0,0,0,0,0,0,0,-74000,0,0,0,109000,183000,-74000,-74000
057024,義隆凱基99購01  ,0,0,0,0,0,0,0,0,0,-74000,0,0,0,1000,75000,-74000,-74000
2034,允強            ,115000,189900,-74900,0,0,0,0,0,0,0,0,0,0,0,0,0,-74900
1313,聯成            ,405000,480000,-75000,0,0,0,0,0,0,0,0,0,0,0,0,0,-75000
059204,台灣50元大01購02,0,0,0,0,0,0,0,0,0,-75000,0,0,0,123000,198000,-75000,-75000
059665,嘉聯益元大99購06,0,0,0,0,0,0,0,0,0,-75000,0,0,0,0,75000,-75000,-75000
3010,華立            ,56000,131000,-75000,0,0,0,0,0,0,0,0,0,0,0,0,0,-75000
059386,上銀凱基99購07  ,0,0,0,0,0,0,0,0,0,-75000,0,0,0,113000,188000,-75000,-75000
059463,台灣50元大9C購07,0,0,0,0,0,0,0,0,0,-75000,0,0,0,0,75000,-75000,-75000
057805,華通元大98購06  ,0,0,0,0,0,0,0,0,0,-75000,0,0,0,67000,142000,-75000,-75000
056842,全新元富98購01  ,0,0,0,0,0,0,0,0,0,-75000,0,0,0,0,75000,-75000,-75000
9105,泰金寶-DR       ,134000,209000,-75000,0,0,0,0,0,0,0,0,0,0,0,0,0,-75000
058358,技嘉凱基9A購01  ,0,0,0,0,0,0,0,0,0,-76000,0,0,0,126000,202000,-76000,-76000
058924,晶相光元富99購02,0,0,0,0,0,0,0,0,0,-76000,0,0,0,0,76000,-76000,-76000
07280P,FBVIX凱基99售01 ,0,0,0,0,0,0,0,0,0,-76000,0,0,0,101000,177000,-76000,-76000
059299,欣興元富99購03  ,0,0,0,0,0,0,0,0,0,-76000,0,0,0,0,76000,-76000,-76000
054426,國泰金富邦97購02,0,0,0,0,0,0,0,0,0,-76000,0,0,0,0,76000,-76000,-76000
056643,奇力新凱基99購01,0,0,0,0,0,0,0,0,0,-76000,0,0,0,0,76000,-76000,-76000
053480,祥碩元大96購02  ,0,0,0,0,0,0,0,0,0,-76000,0,0,0,3000,79000,-76000,-76000
1802,台玻            ,215000,228000,-13000,0,0,0,0,0,0,-64000,0,64000,-64000,0,0,0,-77000
059383,台灣50凱基99購03,0,0,0,0,0,0,0,0,0,-77000,0,0,0,0,77000,-77000,-77000
050580,強茂國票95購01  ,0,0,0,0,0,0,0,0,0,-77000,0,0,0,0,77000,-77000,-77000
058841,深中小群益01購01,0,0,0,0,0,0,0,0,0,-78000,0,0,0,0,78000,-78000,-78000
056600,聯茂元富98購01  ,0,0,0,0,0,0,0,0,0,-78000,0,0,0,10000,88000,-78000,-78000
056709,華通永豐98購01  ,0,0,0,0,0,0,0,0,0,-78000,0,0,0,68000,146000,-78000,-78000
055470,南亞科凱基97購01,0,0,0,0,0,0,0,0,0,-78000,0,0,0,0,78000,-78000,-78000
6206,飛捷            ,165000,242000,-77000,0,0,0,0,0,0,-1000,1000,2000,-1000,0,0,0,-78000
059637,大立光凱基01購01,0,0,0,0,0,0,0,0,0,-79000,0,0,0,25000,104000,-79000,-79000
059393,臺股指凱基99購39,0,0,0,0,0,0,0,0,0,-79000,0,0,0,20000,99000,-79000,-79000
4766,南寶            ,37000,116000,-79000,0,0,0,0,0,0,0,0,0,0,0,0,0,-79000
057211,鴻海群益98購05  ,0,0,0,0,0,0,0,0,0,-79000,0,0,0,61000,140000,-79000,-79000
07344P,鴻海富邦9A售03  ,0,0,0,0,0,0,0,0,0,-79000,0,0,0,6000,85000,-79000,-79000
057894,華通元富02購02  ,0,0,0,0,0,0,0,0,0,-79000,0,0,0,1000,80000,-79000,-79000
040761,T50反1凱基95購02,0,0,0,0,0,0,0,0,0,-79000,0,0,0,9000,88000,-79000,-79000
057896,嘉晶元富98購01  ,0,0,0,0,0,0,0,0,0,-80000,0,0,0,0,80000,-80000,-80000
1760,寶齡富錦        ,115000,198000,-83000,0,0,0,0,0,0,3000,10000,7000,3000,0,0,0,-80000
059298,大立光元富9C購02,0,0,0,0,0,0,0,0,0,-80000,0,0,0,153000,233000,-80000,-80000
058135,景碩元大99購01  ,0,0,0,0,0,0,0,0,0,-80000,0,0,0,0,80000,-80000,-80000
058969,亞德客永豐99購01,0,0,0,0,0,0,0,0,0,-80000,0,0,0,33000,113000,-80000,-80000
046944,奇力新元大96購01,0,0,0,0,0,0,0,0,0,-80000,0,0,0,0,80000,-80000,-80000
051880,健策康和95購01  ,0,0,0,0,0,0,0,0,0,-80000,0,0,0,0,80000,-80000,-80000
054057,晶豪科國票97購01,0,0,0,0,0,0,0,0,0,-80000,0,0,0,0,80000,-80000,-80000
053935,華通元富96購02  ,0,0,0,0,0,0,0,0,0,-80000,0,0,0,0,80000,-80000,-80000
056876,群創凱基98購11  ,0,0,0,0,0,0,0,0,0,-80000,0,0,0,0,80000,-80000,-80000
053308,智易凱基96購02  ,0,0,0,0,0,0,0,0,0,-80000,0,0,0,0,80000,-80000,-80000
056271,嘉澤統一97購01  ,0,0,0,0,0,0,0,0,0,-80000,0,0,0,0,80000,-80000,-80000
059509,奇力新永豐99購02,0,0,0,0,0,0,0,0,0,-81000,0,0,0,0,81000,-81000,-81000
059574,台表科凱基99購02,0,0,0,0,0,0,0,0,0,-81000,0,0,0,153000,234000,-81000,-81000
059295,大立光元富99購05,0,0,0,0,0,0,0,0,0,-81000,0,0,0,37000,118000,-81000,-81000
1609,大亞            ,535000,616000,-81000,0,0,0,0,0,0,0,0,0,0,0,0,0,-81000
057720,日電貿元富98購01,0,0,0,0,0,0,0,0,0,-81000,0,0,0,0,81000,-81000,-81000
059814,SP黃豆凱基9A購02,0,0,0,0,0,0,0,0,0,-81000,0,0,0,0,81000,-81000,-81000
052049,緯創凱基97購01  ,0,0,0,0,0,0,0,0,0,-81000,0,0,0,0,81000,-81000,-81000
00663L,國泰臺灣加權正2 ,0,36000,-36000,0,0,0,0,0,0,-45000,0,0,0,352000,397000,-45000,-81000
059198,華新科永豐99購06,0,0,0,0,0,0,0,0,0,-82000,0,0,0,0,82000,-82000,-82000
2233,宇隆            ,14000,96000,-82000,0,0,0,0,0,0,0,0,0,0,0,0,0,-82000
051413,富邦金國票96購02,0,0,0,0,0,0,0,0,0,-82000,0,0,0,4000,86000,-82000,-82000
051991,泰碩元大95購02  ,0,0,0,0,0,0,0,0,0,-82000,0,0,0,0,82000,-82000,-82000
059149,臺股指國票99購12,0,0,0,0,0,0,0,0,0,-82000,0,0,0,20000,102000,-82000,-82000
059533,富邦金凱基99購01,0,0,0,0,0,0,0,0,0,-83000,0,0,0,323000,406000,-83000,-83000
056578,智易元大99購02  ,0,0,0,0,0,0,0,0,0,-83000,0,0,0,44000,127000,-83000,-83000
056292,統一元大97購01  ,0,0,0,0,0,0,0,0,0,-84000,0,0,0,0,84000,-84000,-84000
056705,超眾國泰99購01  ,0,0,0,0,0,0,0,0,0,-84000,0,0,0,0,84000,-84000,-84000
04792P,智邦元大94售06  ,0,0,0,0,0,0,0,0,0,-84000,0,0,0,0,84000,-84000,-84000
059590,台積電元大99購39,0,0,0,0,0,0,0,0,0,-85000,0,0,0,1000,86000,-85000,-85000
059681,華新科國泰9B購02,0,0,0,0,0,0,0,0,0,-85000,0,0,0,0,85000,-85000,-85000
1465,偉全            ,7000,92000,-85000,0,0,0,0,0,0,0,0,0,0,0,0,0,-85000
054163,燿華凱基97購02  ,0,0,0,0,0,0,0,0,0,-85000,0,0,0,0,85000,-85000,-85000
059516,TPK永豐99購01   ,0,0,0,0,0,0,0,0,0,-86000,0,0,0,15000,101000,-86000,-86000
054697,凌華永豐97購01  ,0,0,0,0,0,0,0,0,0,-86000,0,0,0,30000,116000,-86000,-86000
04837P,華新科元大94售05,0,0,0,0,0,0,0,0,0,-86000,0,0,0,70000,156000,-86000,-86000
5522,遠雄            ,139000,158000,-19000,0,0,0,0,0,0,-67000,3000,70000,-67000,0,0,0,-86000
059662,旭富元大9C購01  ,0,0,0,0,0,0,0,0,0,-87000,0,0,0,102000,189000,-87000,-87000
059630,美律凱基99購07  ,0,0,0,0,0,0,0,0,0,-87000,0,0,0,0,87000,-87000,-87000
057918,旺宏凱基99購01  ,0,0,0,0,0,0,0,0,0,-88000,0,0,0,0,88000,-88000,-88000
058647,華新科永豐99購03,0,0,0,0,0,0,0,0,0,-88000,0,0,0,0,88000,-88000,-88000
053502,智伸科兆豐97購01,0,0,0,0,0,0,0,0,0,-88000,0,0,0,210000,298000,-88000,-88000
05279P,上銀元大95售02  ,0,0,0,0,0,0,0,0,0,-88000,0,0,0,148000,236000,-88000,-88000
1723,中碳            ,76000,171000,-95000,0,0,0,0,0,0,6000,6000,0,6000,0,0,0,-89000
059746,聯鈞元富99購03  ,0,0,0,0,0,0,0,0,0,-89000,0,0,0,0,89000,-89000,-89000
059083,華通元大99購07  ,0,0,0,0,0,0,0,0,0,-89000,0,0,0,0,89000,-89000,-89000
00738U,元大道瓊白銀    ,868000,801000,67000,0,0,0,0,0,0,-156000,0,0,0,1881000,2037000,-156000,-89000
1711,永光            ,98000,187500,-89500,0,0,0,0,0,0,0,0,0,0,0,0,0,-89500
058013,SP黃豆凱基9A購01,0,0,0,0,0,0,0,0,0,-90000,0,0,0,650000,740000,-90000,-90000
057568,友訊永豐99購01  ,0,0,0,0,0,0,0,0,0,-90000,0,0,0,0,90000,-90000,-90000
06352P,臺股指富邦99售02,0,0,0,0,0,0,0,0,0,-90000,0,0,0,0,90000,-90000,-90000
051371,超眾富邦95購01  ,0,0,0,0,0,0,0,0,0,-90000,0,0,0,0,90000,-90000,-90000
051619,智邦凱基95購07  ,0,0,0,0,0,0,0,0,0,-90000,0,0,0,0,90000,-90000,-90000
057028,台郡凱基99購02  ,0,0,0,0,0,0,0,0,0,-90000,0,0,0,0,90000,-90000,-90000
056168,鴻海元富97購07  ,0,0,0,0,0,0,0,0,0,-90000,0,0,0,10000,100000,-90000,-90000
054177,牧德台新97購01  ,0,0,0,0,0,0,0,0,0,-90000,0,0,0,20000,110000,-90000,-90000
054716,緯穎康和97購01  ,0,0,0,0,0,0,0,0,0,-90000,0,0,0,106000,196000,-90000,-90000
054803,味全元大9A購01  ,0,0,0,0,0,0,0,0,0,-90000,0,0,0,210000,300000,-90000,-90000
056533,友達凱基9A購02  ,0,0,0,0,0,0,0,0,0,-91000,0,0,0,16000,107000,-91000,-91000
059165,南亞科凱基99購04,0,0,0,0,0,0,0,0,0,-92000,0,0,0,3000,95000,-92000,-92000
054731,S&P反1凱基98購01,0,0,0,0,0,0,0,0,0,-92000,0,0,0,10000,102000,-92000,-92000
053584,友達元大9B購02  ,0,0,0,0,0,0,0,0,0,-92000,0,0,0,10000,102000,-92000,-92000
056913,臺股指元大99購05,0,0,0,0,0,0,0,0,0,-92000,0,0,0,0,92000,-92000,-92000
2474,可成            ,1836899,1743826,93073,0,0,0,0,200000,-200000,14000,22000,6000,16000,9000,11000,-2000,-92927
059581,日月光元富99購02,0,0,0,0,0,0,0,0,0,-93000,0,0,0,207000,300000,-93000,-93000
059573,健策凱基9A購02  ,0,0,0,0,0,0,0,0,0,-93000,0,0,0,32000,125000,-93000,-93000
2231,為升            ,7000,100000,-93000,0,0,0,0,0,0,0,6000,0,6000,12000,18000,-6000,-93000
05917P,宏達電元大96售02,0,0,0,0,0,0,0,0,0,-94000,0,0,0,1000,95000,-94000,-94000
2524,京城            ,53000,149000,-96000,0,0,0,0,0,0,2000,2000,0,2000,0,0,0,-94000
054304,台積電凱基96購23,0,0,0,0,0,0,0,0,0,-94000,0,0,0,3000,97000,-94000,-94000
059521,南電永豐99購03  ,0,0,0,0,0,0,0,0,0,-95000,0,0,0,26000,121000,-95000,-95000
059945,嘉澤永豐99購03  ,0,0,0,0,0,0,0,0,0,-95000,0,0,0,31000,126000,-95000,-95000
059264,台光電中信99購02,0,0,0,0,0,0,0,0,0,-95000,0,0,0,48000,143000,-95000,-95000
052705,超眾國票97購01  ,0,0,0,0,0,0,0,0,0,-95000,0,0,0,0,95000,-95000,-95000
056142,超眾元大97購06  ,0,0,0,0,0,0,0,0,0,-95000,0,0,0,10000,105000,-95000,-95000
04116P,京元電元大94售02,0,0,0,0,0,0,0,0,0,-95000,0,0,0,185000,280000,-95000,-95000
059607,台積電富邦9C購04,0,0,0,0,0,0,0,0,0,-96000,0,0,0,0,96000,-96000,-96000
2514,龍邦            ,45000,130000,-85000,0,0,0,0,0,0,-11000,0,11000,-11000,0,0,0,-96000
059412,臺股指國票99購18,0,0,0,0,0,0,0,0,0,-96000,0,0,0,0,96000,-96000,-96000
5269,祥碩            ,242000,406052,-164052,0,0,0,90000,15000,75000,-7000,2000,8000,-6000,4000,5000,-1000,-96052
2912,統一超          ,1029737,1134400,-104663,0,0,0,5000,0,5000,2000,3000,1000,2000,0,0,0,-97663
6269,台郡            ,786000,502761,283239,0,0,0,0,317000,-317000,-64000,15000,80000,-65000,3000,2000,1000,-97761
059390,華新科凱基99購05,0,0,0,0,0,0,0,0,0,-98000,0,0,0,68000,166000,-98000,-98000
057203,麗豐元富98購02  ,0,0,0,0,0,0,0,0,0,-98000,0,0,0,75000,173000,-98000,-98000
057178,可成元大98購03  ,0,0,0,0,0,0,0,0,0,-98000,0,0,0,2000,100000,-98000,-98000
059948,正文永豐99購01  ,0,0,0,0,0,0,0,0,0,-98000,0,0,0,0,98000,-98000,-98000
2102,泰豐            ,290000,392000,-102000,0,0,0,0,0,0,4000,4000,0,4000,0,0,0,-98000
052246,超眾康和95購01  ,0,0,0,0,0,0,0,0,0,-98000,0,0,0,192000,290000,-98000,-98000
2511,太子            ,262000,360649,-98649,0,0,0,0,0,0,0,0,0,0,0,0,0,-98649
059457,立積永豐99購02  ,0,0,0,0,0,0,0,0,0,-99000,0,0,0,10000,109000,-99000,-99000
9946,三發地產        ,7000,121000,-114000,0,0,0,0,0,0,15000,15000,0,15000,0,0,0,-99000
059322,晶技元大99購06  ,0,0,0,0,0,0,0,0,0,-100000,0,0,0,2000,102000,-100000,-100000
058977,SGBR2X凱基03購01,0,0,0,0,0,0,0,0,0,-100000,0,0,0,0,100000,-100000,-100000
058789,喬山元大99購02  ,0,0,0,0,0,0,0,0,0,-100000,0,0,0,0,100000,-100000,-100000
07300P,臺股指元大9A售33,0,0,0,0,0,0,0,0,0,-100000,0,0,0,175000,275000,-100000,-100000
059900,上証反元大99購03,0,0,0,0,0,0,0,0,0,-100000,0,0,0,0,100000,-100000,-100000
057275,友達元大9A購04  ,0,0,0,0,0,0,0,0,0,-100000,0,0,0,0,100000,-100000,-100000
057486,美律元大98購04  ,0,0,0,0,0,0,0,0,0,-100000,0,0,0,0,100000,-100000,-100000
051949,鴻海元富95購08  ,0,0,0,0,0,0,0,0,0,-100000,0,0,0,0,100000,-100000,-100000
051226,英業達群益95購01,0,0,0,0,0,0,0,0,0,-100000,0,0,0,0,100000,-100000,-100000
047123,中石化中信95購01,0,0,0,0,0,0,0,0,0,-100000,0,0,0,0,100000,-100000,-100000
03555P,聯電元大02售24  ,0,100000,-100000,0,0,0,0,0,0,0,0,0,0,0,0,0,-100000
052849,可成統一97購01  ,0,0,0,0,0,0,0,0,0,-100000,0,0,0,0,100000,-100000,-100000
052544,牧德元富95購01  ,0,0,0,0,0,0,0,0,0,-100000,0,0,0,0,100000,-100000,-100000
056515,燿華兆豐99購01  ,0,0,0,0,0,0,0,0,0,-100000,0,0,0,50000,150000,-100000,-100000
054160,華泰凱基98購01  ,0,0,0,0,0,0,0,0,0,-100000,0,0,0,0,100000,-100000,-100000
059816,聯電凱基99購03  ,0,0,0,0,0,0,0,0,0,-100000,0,0,0,0,100000,-100000,-100000
059873,華新科凱基99購09,0,0,0,0,0,0,0,0,0,-100000,0,0,0,0,100000,-100000,-100000
2637,慧洋-KY         ,438000,521745,-83745,0,0,0,0,0,0,-17000,30000,47000,-17000,0,0,0,-100745
058796,可成元大99購04  ,0,0,0,0,0,0,0,0,0,-101000,0,0,0,0,101000,-101000,-101000
2355,敬鵬            ,252000,350000,-98000,0,0,0,0,0,0,-3000,2000,3000,-1000,0,2000,-2000,-101000
059297,大立光元富9C購01,0,0,0,0,0,0,0,0,0,-101000,0,0,0,40000,141000,-101000,-101000
059172,台郡凱基99購03  ,0,0,0,0,0,0,0,0,0,-101000,0,0,0,7000,108000,-101000,-101000
056846,晶相光元富98購01,0,0,0,0,0,0,0,0,0,-101000,0,0,0,0,101000,-101000,-101000
6558,興能高          ,0,101000,-101000,0,0,0,0,0,0,0,0,0,0,0,0,0,-101000
07288P,台灣50凱基99售06,0,0,0,0,0,0,0,0,0,-102000,0,0,0,104000,206000,-102000,-102000
059689,南亞科永豐99購02,0,0,0,0,0,0,0,0,0,-103000,0,0,0,11000,114000,-103000,-103000
056856,華通群益9A購01  ,0,0,0,0,0,0,0,0,0,-103000,0,0,0,11000,114000,-103000,-103000
059541,T50正2康和99購01,0,0,0,0,0,0,0,0,0,-104000,0,0,0,1000,105000,-104000,-104000
058975,台灣50凱基01購02,0,0,0,0,0,0,0,0,0,-104000,0,0,0,16000,120000,-104000,-104000
07311P,台灣50元大99售09,0,0,0,0,0,0,0,0,0,-104000,0,0,0,68000,172000,-104000,-104000
1531,高林股          ,0,102000,-102000,0,0,0,0,0,0,-2000,3000,5000,-2000,0,0,0,-104000
055933,欣興群益98購02  ,0,0,0,0,0,0,0,0,0,-104000,0,0,0,5000,109000,-104000,-104000
059301,華新科群益99購04,0,0,0,0,0,0,0,0,0,-105000,0,0,0,0,105000,-105000,-105000
057195,南茂元大98購01  ,0,0,0,0,0,0,0,0,0,-105000,0,0,0,98000,203000,-105000,-105000
058763,和碩群益99購01  ,0,0,0,0,0,0,0,0,0,-105000,0,0,0,0,105000,-105000,-105000
2537,聯上發          ,255000,360000,-105000,0,0,0,0,0,0,0,0,0,0,0,0,0,-105000
054710,東元元富97購01  ,0,0,0,0,0,0,0,0,0,-105000,0,0,0,0,105000,-105000,-105000
059528,華新科凱基99購06,0,0,0,0,0,0,0,0,0,-106000,0,0,0,0,106000,-106000,-106000
049199,茂林永豐95購01  ,0,0,0,0,0,0,0,0,0,-106000,0,0,0,0,106000,-106000,-106000
059648,台表科凱基99購03,0,0,0,0,0,0,0,0,0,-107000,0,0,0,0,107000,-107000,-107000
057061,華擎國泰9A購01  ,0,0,0,0,0,0,0,0,0,-107000,0,0,0,45000,152000,-107000,-107000
056572,義隆元大99購01  ,0,0,0,0,0,0,0,0,0,-107000,0,0,0,0,107000,-107000,-107000
058333,鴻海元富99購04  ,0,0,0,0,0,0,0,0,0,-108000,0,0,0,10000,118000,-108000,-108000
059460,GIS永豐99購02   ,0,0,0,0,0,0,0,0,0,-108000,0,0,0,17000,125000,-108000,-108000
056517,茂林兆豐99購01  ,0,0,0,0,0,0,0,0,0,-108000,0,0,0,30000,138000,-108000,-108000
059093,旭富元大99購01  ,0,0,0,0,0,0,0,0,0,-108000,0,0,0,3000,111000,-108000,-108000
058334,鴻海元富99購05  ,0,0,0,0,0,0,0,0,0,-109000,0,0,0,0,109000,-109000,-109000
058555,矽創永豐9A購01  ,0,0,0,0,0,0,0,0,0,-109000,0,0,0,0,109000,-109000,-109000
1608,華榮            ,40000,150000,-110000,0,0,0,0,0,0,0,0,0,0,0,0,0,-110000
058427,大毅元富99購01  ,0,0,0,0,0,0,0,0,0,-110000,0,0,0,0,110000,-110000,-110000
059562,上銀凱基99購09  ,0,0,0,0,0,0,0,0,0,-110000,0,0,0,14000,124000,-110000,-110000
06392P,T50反1元大9A售01,0,0,0,0,0,0,0,0,0,-110000,0,0,0,0,110000,-110000,-110000
054252,奇力新元大96購04,0,0,0,0,0,0,0,0,0,-110000,0,0,0,80000,190000,-110000,-110000
050503,聯發科凱基94購22,0,0,0,0,0,0,0,0,0,-110000,0,0,0,45000,155000,-110000,-110000
050116,嘉澤元大94購03  ,0,0,0,0,0,0,0,0,0,-110000,0,0,0,10000,120000,-110000,-110000
045685,康控元大95購01  ,0,0,0,0,0,0,0,0,0,-110000,0,0,0,0,110000,-110000,-110000
058565,鴻海凱基9A購07  ,0,0,0,0,0,0,0,0,0,-111000,0,0,0,46000,157000,-111000,-111000
057093,臻鼎元富98購02  ,0,0,0,0,0,0,0,0,0,-111000,0,0,0,0,111000,-111000,-111000
058670,鴻海群益9A購03  ,0,0,0,0,0,0,0,0,0,-112000,0,0,0,0,112000,-112000,-112000
057614,華新科元富99購04,0,0,0,0,0,0,0,0,0,-112000,0,0,0,0,112000,-112000,-112000
06889P,臺股指元大98售13,0,0,0,0,0,0,0,0,0,-112000,0,0,0,3000,115000,-112000,-112000
059207,臺指反元大9C購02,0,0,0,0,0,0,0,0,0,-113000,0,0,0,185000,298000,-113000,-113000
059694,創意永豐99購03  ,0,0,0,0,0,0,0,0,0,-113000,0,0,0,20000,133000,-113000,-113000
058722,台郡元富99購01  ,0,0,0,0,0,0,0,0,0,-113000,0,0,0,4000,117000,-113000,-113000
058973,麗豐永豐99購01  ,0,0,0,0,0,0,0,0,0,-113000,0,0,0,20000,133000,-113000,-113000
052052,嘉澤凱基95購02  ,0,0,0,0,0,0,0,0,0,-113000,0,0,0,93000,206000,-113000,-113000
058801,致伸元大99購01  ,0,0,0,0,0,0,0,0,0,-114000,0,0,0,55000,169000,-114000,-114000
058238,奇鋐元大99購02  ,0,0,0,0,0,0,0,0,0,-114000,0,0,0,0,114000,-114000,-114000
057572,明泰永豐98購01  ,0,0,0,0,0,0,0,0,0,-114000,0,0,0,0,114000,-114000,-114000
052822,泰碩永豐97購01  ,0,0,0,0,0,0,0,0,0,-114000,0,0,0,62000,176000,-114000,-114000
059878,聯茂凱基99購07  ,0,0,0,0,0,0,0,0,0,-114000,0,0,0,37000,151000,-114000,-114000
058901,美律元大99購07  ,0,0,0,0,0,0,0,0,0,-115000,0,0,0,56000,171000,-115000,-115000
049630,臺股指群益94購03,0,0,0,0,0,0,0,0,0,-115000,0,0,0,0,115000,-115000,-115000
6141,柏承            ,563000,690000,-127000,0,0,0,0,0,0,12000,12000,0,12000,0,0,0,-115000
058070,華新科凱基98購07,0,0,0,0,0,0,0,0,0,-116000,0,0,0,68000,184000,-116000,-116000
07147P,高鐵元大99售01  ,0,0,0,0,0,0,0,0,0,-117000,0,0,0,5000,122000,-117000,-117000
058413,義隆兆豐99購01  ,0,0,0,0,0,0,0,0,0,-117000,0,0,0,13000,130000,-117000,-117000
056224,聯發科凱基97購08,0,0,0,0,0,0,0,0,0,-118000,0,0,0,0,118000,-118000,-118000
057925,貿聯凱基99購01  ,0,0,0,0,0,0,0,0,0,-119000,0,0,0,85000,204000,-119000,-119000
058726,宏達電富邦9A購01,0,0,0,0,0,0,0,0,0,-120000,0,0,0,0,120000,-120000,-120000
056378,欣興元富98購01  ,0,0,0,0,0,0,0,0,0,-120000,0,0,0,0,120000,-120000,-120000
059887,華新科國票99購02,0,0,0,0,0,0,0,0,0,-120000,0,0,0,0,120000,-120000,-120000
056177,嘉澤元富97購01  ,0,0,0,0,0,0,0,0,0,-120000,0,0,0,0,120000,-120000,-120000
03980P,群創凱基95售02  ,0,0,0,0,0,0,0,0,0,-120000,0,0,0,2000,122000,-120000,-120000
3036,文曄            ,114000,114979,-979,0,0,0,0,0,0,-120000,0,120000,-120000,0,0,0,-120979
058190,貿聯永豐99購01  ,0,0,0,0,0,0,0,0,0,-121000,0,0,0,0,121000,-121000,-121000
053818,富邦金群益98購01,0,0,0,0,0,0,0,0,0,-121000,0,0,0,0,121000,-121000,-121000
056921,京元電兆豐98購01,0,0,0,0,0,0,0,0,0,-121000,0,0,0,13000,134000,-121000,-121000
059493,國巨國票9B購01  ,0,0,0,0,0,0,0,0,0,-122000,0,0,0,5000,127000,-122000,-122000
052939,富邦金兆豐96購01,0,0,0,0,0,0,0,0,0,-122000,0,0,0,0,122000,-122000,-122000
07342P,大立光凱基99售14,0,0,0,0,0,0,0,0,0,-124000,0,0,0,183000,307000,-124000,-124000
057731,華擎國泰9A購02  ,0,0,0,0,0,0,0,0,0,-124000,0,0,0,100000,224000,-124000,-124000
06680P,智邦元大98售06  ,0,0,0,0,0,0,0,0,0,-124000,0,0,0,90000,214000,-124000,-124000
4119,旭富            ,944000,1092000,-148000,0,0,0,88000,86000,2000,21000,0,30000,-30000,68000,17000,51000,-125000
052692,滬深2X中信99購02,0,0,0,0,0,0,0,0,0,-125000,0,0,0,0,125000,-125000,-125000
056054,亞德客元大97購05,0,0,0,0,0,0,0,0,0,-125000,0,0,0,0,125000,-125000,-125000
1582,信錦            ,94000,225750,-131750,0,0,0,0,0,0,5000,7000,2000,5000,0,0,0,-126750
058972,新日興永豐9A購01,0,0,0,0,0,0,0,0,0,-127000,0,0,0,26000,153000,-127000,-127000
056926,日月光兆豐98購01,0,0,0,0,0,0,0,0,0,-127000,0,0,0,34000,161000,-127000,-127000
2206,三陽工業        ,75000,202000,-127000,0,0,0,0,0,0,-1000,0,1000,-1000,0,0,0,-128000
053496,義隆兆豐96購02  ,0,0,0,0,0,0,0,0,0,-128000,0,0,0,10000,138000,-128000,-128000
057108,潤泰全群益98購01,0,0,0,0,0,0,0,0,0,-128000,0,0,0,0,128000,-128000,-128000
05059P,大立光國票96售02,0,0,0,0,0,0,0,0,0,-128000,0,0,0,0,128000,-128000,-128000
052192,SP黃豆元富95購04,0,0,0,0,0,0,0,0,0,-129000,0,0,0,0,129000,-129000,-129000
2493,揚博            ,38000,166106,-128106,0,0,0,0,0,0,-1000,0,1000,-1000,0,0,0,-129106
057252,牧德元富98購01  ,0,0,0,0,0,0,0,0,0,-130000,0,0,0,0,130000,-130000,-130000
051600,新日興兆豐96購02,0,0,0,0,0,0,0,0,0,-130000,0,0,0,0,130000,-130000,-130000
03253P,台灣50國泰03售02,0,0,0,0,0,0,0,0,0,-130000,0,0,0,0,130000,-130000,-130000
054205,華新國票97購02  ,0,0,0,0,0,0,0,0,0,-130000,0,0,0,0,130000,-130000,-130000
07243P,台灣50凱基9A售04,0,0,0,0,0,0,0,0,0,-131000,0,0,0,420000,551000,-131000,-131000
057125,國巨凱基98購12  ,0,0,0,0,0,0,0,0,0,-131000,0,0,0,0,131000,-131000,-131000
056178,嘉澤元富97購02  ,0,0,0,0,0,0,0,0,0,-132000,0,0,0,30000,162000,-132000,-132000
056000,佳世達永豐97購01,0,0,0,0,0,0,0,0,0,-133000,0,0,0,0,133000,-133000,-133000
8016,矽創            ,359000,373000,-14000,0,0,0,0,122000,-122000,2000,0,5000,-5000,7000,0,7000,-134000
056441,燿華凱基98購01  ,0,0,0,0,0,0,0,0,0,-135000,0,0,0,49000,184000,-135000,-135000
047476,鴻海凱基94購08  ,0,0,0,0,0,0,0,0,0,-135000,0,0,0,0,135000,-135000,-135000
059265,美律中信01購01  ,0,0,0,0,0,0,0,0,0,-136000,0,0,0,0,136000,-136000,-136000
07362P,聯發科元大99售35,0,0,0,0,0,0,0,0,0,-136000,0,0,0,0,136000,-136000,-136000
059800,T50反1元富99購09,0,0,0,0,0,0,0,0,0,-136000,0,0,0,30000,166000,-136000,-136000
053347,茂林國票98購01  ,0,0,0,0,0,0,0,0,0,-136000,0,0,0,0,136000,-136000,-136000
07337P,台灣50凱基99售09,0,0,0,0,0,0,0,0,0,-137000,0,0,0,0,137000,-137000,-137000
2442,新美齊          ,372000,509000,-137000,0,0,0,0,0,0,-1000,0,1000,-1000,0,0,0,-138000
058762,貿聯群益99購03  ,0,0,0,0,0,0,0,0,0,-140000,0,0,0,0,140000,-140000,-140000
07289P,台灣50凱基99售07,0,0,0,0,0,0,0,0,0,-140000,0,0,0,31000,171000,-140000,-140000
056477,欣興元大98購02  ,0,0,0,0,0,0,0,0,0,-140000,0,0,0,16000,156000,-140000,-140000
03064X,元展59          ,0,0,0,0,0,0,0,0,0,-140000,0,0,0,0,140000,-140000,-140000
052232,貿聯凱基96購02  ,0,0,0,0,0,0,0,0,0,-140000,0,0,0,0,140000,-140000,-140000
2547,日勝生          ,286000,425480,-139480,0,0,0,0,0,0,-1000,0,1000,-1000,0,0,0,-140480
059766,同欣電永豐99購03,0,0,0,0,0,0,0,0,0,-141000,0,0,0,0,141000,-141000,-141000
057383,玉晶光富邦9A購01,0,0,0,0,0,0,0,0,0,-142000,0,0,0,91000,233000,-142000,-142000
057320,玉晶光凱基98購01,0,0,0,0,0,0,0,0,0,-143000,0,0,0,192000,335000,-143000,-143000
07334P,臺股指國票99售19,0,0,0,0,0,0,0,0,0,-143000,0,0,0,39000,182000,-143000,-143000
049597,泰鼎元大96購01  ,0,0,0,0,0,0,0,0,0,-143000,0,0,0,0,143000,-143000,-143000
050121,南電元大95購02  ,0,0,0,0,0,0,0,0,0,-143000,0,0,0,81000,224000,-143000,-143000
052077,可成元富98購02  ,0,0,0,0,0,0,0,0,0,-143000,0,0,0,11000,154000,-143000,-143000
059371,聯鈞元富99購02  ,0,0,0,0,0,0,0,0,0,-144000,0,0,0,58000,202000,-144000,-144000
051458,臺股指元大95購18,0,0,0,0,0,0,0,0,0,-144000,0,0,0,0,144000,-144000,-144000
058850,華新科群益99購03,0,0,0,0,0,0,0,0,0,-145000,0,0,0,0,145000,-145000,-145000
057626,技嘉富邦9A購01  ,0,0,0,0,0,0,0,0,0,-145000,0,0,0,110000,255000,-145000,-145000
051700,深中小群益99購04,0,0,0,0,0,0,0,0,0,-146000,0,0,0,0,146000,-146000,-146000
058839,瑞儀中信99購02  ,0,0,0,0,0,0,0,0,0,-149000,0,0,0,20000,169000,-149000,-149000
059640,聯詠凱基99購04  ,0,0,0,0,0,0,0,0,0,-149000,0,0,0,53000,202000,-149000,-149000
058795,可成元大99購03  ,0,0,0,0,0,0,0,0,0,-150000,0,0,0,0,150000,-150000,-150000
049811,聯鈞元大94購01  ,0,0,0,0,0,0,0,0,0,-150000,0,0,0,0,150000,-150000,-150000
056488,致新元大99購01  ,0,0,0,0,0,0,0,0,0,-150000,0,0,0,0,150000,-150000,-150000
052764,景碩群益98購01  ,0,0,0,0,0,0,0,0,0,-150000,0,0,0,0,150000,-150000,-150000
056771,嘉晶元大99購01  ,0,0,0,0,0,0,0,0,0,-150000,0,0,0,15000,165000,-150000,-150000
059152,臺股指國票99購15,0,0,0,0,0,0,0,0,0,-150000,0,0,0,0,150000,-150000,-150000
9921,巨大            ,587164,737892,-150728,0,0,0,0,0,0,0,1000,1000,0,0,0,0,-150728
059500,鴻海元富99購11  ,0,0,0,0,0,0,0,0,0,-153000,0,0,0,102000,255000,-153000,-153000
058160,奇鋐元富99購01  ,0,0,0,0,0,0,0,0,0,-153000,0,0,0,5000,158000,-153000,-153000
057820,華擎元大98購02  ,0,0,0,0,0,0,0,0,0,-153000,0,0,0,84000,237000,-153000,-153000
2108,南帝            ,255000,406102,-151102,0,0,0,0,0,0,-2000,0,2000,-2000,0,0,0,-153102
059411,臺股指國票99購17,0,0,0,0,0,0,0,0,0,-154000,0,0,0,52000,206000,-154000,-154000
5471,松翰            ,360000,514000,-154000,0,0,0,0,0,0,0,0,0,0,0,0,0,-154000
059575,臺股指凱基99購41,0,0,0,0,0,0,0,0,0,-155000,0,0,0,93000,248000,-155000,-155000
054525,奇鋐元富96購01  ,0,0,0,0,0,0,0,0,0,-155000,0,0,0,25000,180000,-155000,-155000
1476,儒鴻            ,322043,494000,-171957,0,0,0,25000,0,25000,-9000,3000,4000,-1000,0,8000,-8000,-155957
058531,華通元富99購01  ,0,0,0,0,0,0,0,0,0,-157000,0,0,0,0,157000,-157000,-157000
3338,泰碩            ,604000,823000,-219000,0,0,0,169000,0,169000,-107000,0,132000,-132000,35000,10000,25000,-157000
059647,超眾凱基99購04  ,0,0,0,0,0,0,0,0,0,-158000,0,0,0,101000,259000,-158000,-158000
059706,嘉晶凱基99購01  ,0,0,0,0,0,0,0,0,0,-159000,0,0,0,12000,171000,-159000,-159000
054579,聯茂元大97購01  ,0,0,0,0,0,0,0,0,0,-159000,0,0,0,29000,188000,-159000,-159000
00717,富邦美國特別股  ,0,0,0,0,0,0,0,0,0,-159000,0,0,0,524000,683000,-159000,-159000
058725,美律富邦9A購01  ,0,0,0,0,0,0,0,0,0,-160000,0,0,0,0,160000,-160000,-160000
059907,道瓊指元大99購03,0,0,0,0,0,0,0,0,0,-160000,0,0,0,0,160000,-160000,-160000
059180,祥碩元富9A購01  ,0,0,0,0,0,0,0,0,0,-160000,0,0,0,223000,383000,-160000,-160000
04383P,泰鼎國泰95售01  ,0,0,0,0,0,0,0,0,0,-160000,0,0,0,0,160000,-160000,-160000
057940,和大國票99購01  ,0,0,0,0,0,0,0,0,0,-161000,0,0,0,507000,668000,-161000,-161000
059436,大立光元大99購18,0,0,0,0,0,0,0,0,0,-161000,0,0,0,11000,172000,-161000,-161000
049602,南電元大95購01  ,0,0,0,0,0,0,0,0,0,-161000,0,0,0,0,161000,-161000,-161000
059136,臺股指群益99購11,0,0,0,0,0,0,0,0,0,-161000,0,0,0,19000,180000,-161000,-161000
8213,志超            ,172000,324000,-152000,0,0,0,0,0,0,-9000,0,8000,-8000,0,1000,-1000,-161000
06657P,寶成元大98售01  ,0,0,0,0,0,0,0,0,0,-162000,0,0,0,15000,177000,-162000,-162000
059441,祥碩元大99購02  ,0,0,0,0,0,0,0,0,0,-163000,0,0,0,0,163000,-163000,-163000
3005,神基            ,628000,458000,170000,0,0,0,0,77000,-77000,-257000,0,281000,-281000,35000,11000,24000,-164000
057189,康控元大98購02  ,0,0,0,0,0,0,0,0,0,-164000,0,0,0,50000,214000,-164000,-164000
057955,技嘉元大98購07  ,0,0,0,0,0,0,0,0,0,-165000,0,0,0,5000,170000,-165000,-165000
054690,新興永豐97購01  ,0,0,0,0,0,0,0,0,0,-165000,0,0,0,0,165000,-165000,-165000
048873,玉晶光國票95購02,0,0,0,0,0,0,0,0,0,-165000,0,0,0,0,165000,-165000,-165000
059442,祥碩元大99購03  ,0,0,0,0,0,0,0,0,0,-167000,0,0,0,0,167000,-167000,-167000
058730,玉晶光永豐9A購01,0,0,0,0,0,0,0,0,0,-167000,0,0,0,110000,277000,-167000,-167000
055924,深中小群益9B購01,0,0,0,0,0,0,0,0,0,-167000,0,0,0,30000,197000,-167000,-167000
059235,鴻海凱基99購08  ,0,0,0,0,0,0,0,0,0,-168000,0,0,0,57000,225000,-168000,-168000
059132,臺股指群益99購07,0,0,0,0,0,0,0,0,0,-168000,0,0,0,16000,184000,-168000,-168000
056418,台光電元富98購01,0,0,0,0,0,0,0,0,0,-168000,0,0,0,2000,170000,-168000,-168000
1409,新纖            ,184000,352000,-168000,0,0,0,0,0,0,-1000,0,1000,-1000,0,0,0,-169000
05306P,泰碩國泰97售01  ,0,0,0,0,0,0,0,0,0,-169000,0,0,0,0,169000,-169000,-169000
5264,鎧勝-KY         ,551000,678375,-127375,0,0,0,0,0,0,-42000,0,35000,-35000,0,7000,-7000,-169375
057888,貿聯群益98購02  ,0,0,0,0,0,0,0,0,0,-170000,0,0,0,0,170000,-170000,-170000
052885,高鐵兆豐98購01  ,0,0,0,0,0,0,0,0,0,-170000,0,0,0,132000,302000,-170000,-170000
059815,SP黃豆凱基9A購03,0,0,0,0,0,0,0,0,0,-170000,0,0,0,0,170000,-170000,-170000
051705,富邦金群益97購01,0,0,0,0,0,0,0,0,0,-170000,0,0,0,0,170000,-170000,-170000
1304,台聚            ,567000,737037,-170037,0,0,0,0,0,0,0,0,0,0,0,0,0,-170037
059133,臺股指群益99購08,0,0,0,0,0,0,0,0,0,-171000,0,0,0,141000,312000,-171000,-171000
3003,健和興          ,251000,427000,-176000,0,0,0,0,0,0,4000,28000,24000,4000,0,0,0,-172000
053864,義隆元大96購01  ,0,0,0,0,0,0,0,0,0,-172000,0,0,0,0,172000,-172000,-172000
8110,華東            ,77000,249000,-172000,0,0,0,0,0,0,0,16000,16000,0,0,0,0,-172000
059468,智邦元大99購02  ,0,0,0,0,0,0,0,0,0,-173000,0,0,0,28000,201000,-173000,-173000
2498,宏達電          ,1215000,1142354,72646,0,0,0,0,0,0,-246000,50000,8000,42000,24000,312000,-288000,-173354
057609,友訊元富98購01  ,0,0,0,0,0,0,0,0,0,-174000,0,0,0,43000,217000,-174000,-174000
059123,訊芯永豐99購03  ,0,0,0,0,0,0,0,0,0,-175000,0,0,0,0,175000,-175000,-175000
055512,聯詠兆豐97購01  ,0,0,0,0,0,0,0,0,0,-175000,0,0,0,103000,278000,-175000,-175000
058708,臺股指元大9A購21,0,0,0,0,0,0,0,0,0,-176000,0,0,0,0,176000,-176000,-176000
054502,泰碩永豐96購01  ,0,0,0,0,0,0,0,0,0,-176000,0,0,0,10000,186000,-176000,-176000
053083,中環元大99購01  ,0,0,0,0,0,0,0,0,0,-176000,0,0,0,0,176000,-176000,-176000
054036,T50反1元大96購08,0,0,0,0,0,0,0,0,0,-177000,0,0,0,0,177000,-177000,-177000
058985,可成凱基99購03  ,0,0,0,0,0,0,0,0,0,-180000,0,0,0,0,180000,-180000,-180000
056915,上銀兆豐99購01  ,0,0,0,0,0,0,0,0,0,-180000,0,0,0,0,180000,-180000,-180000
057812,友達元大9A購05  ,0,0,0,0,0,0,0,0,0,-180000,0,0,0,0,180000,-180000,-180000
059567,台積電凱基9A購12,0,0,0,0,0,0,0,0,0,-181000,0,0,0,17000,198000,-181000,-181000
046937,聯電元大99購01  ,0,0,0,0,0,0,0,0,0,-182000,0,0,0,31000,213000,-182000,-182000
00783,富邦中証500     ,0,223000,-223000,0,0,0,0,0,0,39000,0,0,0,1044000,1005000,39000,-184000
059082,華通元大99購06  ,0,0,0,0,0,0,0,0,0,-184000,0,0,0,0,184000,-184000,-184000
2395,研華            ,449169,707000,-257831,0,0,0,72000,0,72000,1000,1000,0,1000,0,0,0,-184831
06038P,國泰金台新96售01,0,0,0,0,0,0,0,0,0,-185000,0,0,0,2000,187000,-185000,-185000
057818,泰碩元大9A購01  ,0,0,0,0,0,0,0,0,0,-185000,0,0,0,95000,280000,-185000,-185000
4935,茂林-KY         ,653000,1372000,-719000,0,0,0,447000,0,447000,86000,12000,11000,1000,102000,17000,85000,-186000
05609P,國泰金凱基96售01,0,0,0,0,0,0,0,0,0,-186000,0,0,0,20000,206000,-186000,-186000
2489,瑞軒            ,221000,403000,-182000,0,0,0,0,0,0,-5000,0,5000,-5000,0,0,0,-187000
059844,大立光富邦9C購04,0,0,0,0,0,0,0,0,0,-188000,0,0,0,0,188000,-188000,-188000
054253,宏達電元大97購03,0,0,0,0,0,0,0,0,0,-188000,0,0,0,0,188000,-188000,-188000
050941,T50反1群益95購01,0,0,0,0,0,0,0,0,0,-189000,0,0,0,0,189000,-189000,-189000
058456,京鼎永豐99購01  ,0,0,0,0,0,0,0,0,0,-190000,0,0,0,175000,365000,-190000,-190000
4942,嘉彰            ,75000,267000,-192000,0,0,0,0,0,0,1000,1000,0,1000,0,0,0,-191000
048707,南電國票95購01  ,0,0,0,0,0,0,0,0,0,-191000,0,0,0,0,191000,-191000,-191000
03440B,臺股指元大9B熊02,19000,0,19000,0,0,0,0,0,0,-210000,0,0,0,75000,285000,-210000,-191000
057239,貿聯凱基98購05  ,0,0,0,0,0,0,0,0,0,-193000,0,0,0,63000,256000,-193000,-193000
058497,新日興群益9B購01,25000,0,25000,0,0,0,0,0,0,-219000,0,0,0,0,219000,-219000,-194000
051271,華新科群益95購04,0,0,0,0,0,0,0,0,0,-195000,0,0,0,0,195000,-195000,-195000
057707,臺股指群益98購07,0,0,0,0,0,0,0,0,0,-195000,0,0,0,10000,205000,-195000,-195000
2106,建大            ,149000,352260,-203260,0,0,0,0,0,0,7000,8000,1000,7000,0,0,0,-196260
059711,滬深2X元大9C購02,0,0,0,0,0,0,0,0,0,-197000,0,0,0,0,197000,-197000,-197000
058243,華擎元大99購01  ,0,0,0,0,0,0,0,0,0,-198000,0,0,0,427000,625000,-198000,-198000
049690,義隆元大95購02  ,0,0,0,0,0,0,0,0,0,-198000,0,0,0,30000,228000,-198000,-198000
3008,大立光          ,335578,527722,-192144,0,0,0,1000,2000,-1000,-5000,5000,4000,1000,3000,9000,-6000,-198144
6412,群電            ,81000,405000,-324000,0,0,0,0,0,0,125000,130000,3000,127000,0,2000,-2000,-199000
059005,嘉晶元大99購06  ,0,0,0,0,0,0,0,0,0,-200000,0,0,0,170000,370000,-200000,-200000
052188,欣興群益95購03  ,0,0,0,0,0,0,0,0,0,-200000,0,0,0,0,200000,-200000,-200000
059143,國巨國票9A購04  ,0,0,0,0,0,0,0,0,0,-200000,0,0,0,13000,213000,-200000,-200000
059804,台積電元富99購01,0,0,0,0,0,0,0,0,0,-202000,0,0,0,60000,262000,-202000,-202000
059102,聯鈞元富99購01  ,0,0,0,0,0,0,0,0,0,-202000,0,0,0,25000,227000,-202000,-202000
059385,滬深2X凱基9C購03,0,0,0,0,0,0,0,0,0,-203000,0,0,0,10000,213000,-203000,-203000
07361P,聯發科元大99售34,0,0,0,0,0,0,0,0,0,-203000,0,0,0,0,203000,-203000,-203000
6271,同欣電          ,628000,496000,132000,0,0,0,66000,403000,-337000,2000,7000,1000,6000,0,4000,-4000,-203000
5258,虹堡            ,46000,241000,-195000,0,0,0,0,0,0,-10000,0,10000,-10000,0,0,0,-205000
2347,聯強            ,1657737,1919450,-261713,0,0,0,0,0,0,56000,0,6000,-6000,62000,0,62000,-205713
059606,上銀富邦9B購02  ,0,0,0,0,0,0,0,0,0,-207000,0,0,0,43000,250000,-207000,-207000
056766,義隆元大98購01  ,0,0,0,0,0,0,0,0,0,-207000,0,0,0,5000,212000,-207000,-207000
6282,康舒            ,323000,450000,-127000,0,0,0,0,0,0,-80000,0,56000,-56000,0,24000,-24000,-207000
059202,禾聯碩永豐99購01,0,0,0,0,0,0,0,0,0,-208000,0,0,0,0,208000,-208000,-208000
056104,義隆永豐97購01  ,0,0,0,0,0,0,0,0,0,-208000,0,0,0,7000,215000,-208000,-208000
6213,聯茂            ,852000,1022000,-170000,0,0,0,65000,0,65000,-103000,13000,127000,-114000,17000,6000,11000,-208000
059455,玉晶光永豐99購05,0,0,0,0,0,0,0,0,0,-209000,0,0,0,93000,302000,-209000,-209000
058399,美律元大99購05  ,0,0,0,0,0,0,0,0,0,-210000,0,0,0,67000,277000,-210000,-210000
059619,台積電日盛9A購04,0,0,0,0,0,0,0,0,0,-210000,0,0,0,446000,656000,-210000,-210000
059795,鴻海國票99購07  ,0,0,0,0,0,0,0,0,0,-210000,0,0,0,63000,273000,-210000,-210000
057689,南亞科凱基99購02,0,0,0,0,0,0,0,0,0,-210000,0,0,0,5000,215000,-210000,-210000
059741,聯發科元富99購07,0,0,0,0,0,0,0,0,0,-211000,0,0,0,11000,222000,-211000,-211000
049629,臺股指群益94購02,0,0,0,0,0,0,0,0,0,-211000,0,0,0,50000,261000,-211000,-211000
058728,SP黃豆永豐99購01,0,0,0,0,0,0,0,0,0,-212000,0,0,0,0,212000,-212000,-212000
05742P,可成元大96售04  ,0,0,0,0,0,0,0,0,0,-215000,0,0,0,1000,216000,-215000,-215000
055584,國巨元大97購11  ,0,0,0,0,0,0,0,0,0,-215000,0,0,0,0,215000,-215000,-215000
053782,京元電元大98購02,0,0,0,0,0,0,0,0,0,-216000,0,0,0,46000,262000,-216000,-216000
048847,A50群益98購01   ,0,0,0,0,0,0,0,0,0,-218000,0,0,0,72000,290000,-218000,-218000
059080,亞泥元大99購01  ,0,0,0,0,0,0,0,0,0,-218000,0,0,0,0,218000,-218000,-218000
057835,華擎元富9B購01  ,8000,0,8000,0,0,0,0,0,0,-228000,0,0,0,352000,580000,-228000,-220000
058203,信邦凱基99購01  ,0,0,0,0,0,0,0,0,0,-220000,0,0,0,0,220000,-220000,-220000
07341P,台積電凱基99售18,0,0,0,0,0,0,0,0,0,-223000,0,0,0,434000,657000,-223000,-223000
059771,台積電群益99購11,0,0,0,0,0,0,0,0,0,-227000,0,0,0,4000,231000,-227000,-227000
07102P,南電元大99售03  ,0,0,0,0,0,0,0,0,0,-229000,0,0,0,1000,230000,-229000,-229000
3037,欣興            ,7226000,5613903,1612097,0,0,0,50000,2610000,-2560000,717000,782000,176000,606000,159000,48000,111000,-230903
059134,臺股指群益99購09,0,0,0,0,0,0,0,0,0,-231000,0,0,0,34000,265000,-231000,-231000
00639,富邦深100       ,102000,47000,55000,0,0,0,0,0,0,-287000,0,0,0,856000,1143000,-287000,-232000
06300P,緯穎元大97售04  ,0,0,0,0,0,0,0,0,0,-233000,0,0,0,27000,260000,-233000,-233000
053694,創意元大96購03  ,0,0,0,0,0,0,0,0,0,-233000,0,0,0,0,233000,-233000,-233000
057817,景碩元大98購01  ,0,0,0,0,0,0,0,0,0,-236000,0,0,0,0,236000,-236000,-236000
058721,立積元富9C購01  ,0,0,0,0,0,0,0,0,0,-238000,0,0,0,20000,258000,-238000,-238000
059587,華通元大9A購01  ,0,0,0,0,0,0,0,0,0,-240000,0,0,0,107000,347000,-240000,-240000
057175,美律元大98購03  ,0,0,0,0,0,0,0,0,0,-240000,0,0,0,0,240000,-240000,-240000
00646,元大S&P500      ,120000,15000,105000,0,0,0,0,0,0,-345000,7000,0,7000,538000,890000,-352000,-240000
057316,國巨凱基99購04  ,0,0,0,0,0,0,0,0,0,-242000,0,0,0,0,242000,-242000,-242000
058578,聯發科群益99購03,0,0,0,0,0,0,0,0,0,-243000,0,0,0,220000,463000,-243000,-243000
00654R,富邦印度反1     ,0,0,0,0,0,0,0,0,0,-244000,0,0,0,43000,287000,-244000,-244000
06969P,上銀元大99售02  ,0,0,0,0,0,0,0,0,0,-246000,0,0,0,29000,275000,-246000,-246000
2458,義隆            ,1231000,1936600,-705600,0,0,0,475000,0,475000,-22000,1000,0,1000,25000,48000,-23000,-252600
059691,大立光永豐99購02,0,0,0,0,0,0,0,0,0,-253000,0,0,0,0,253000,-253000,-253000
057987,大立光元富98購02,0,0,0,0,0,0,0,0,0,-253000,0,0,0,34000,287000,-253000,-253000
056823,智伸科永豐98購01,0,0,0,0,0,0,0,0,0,-254000,0,0,0,21000,275000,-254000,-254000
059729,群創元大9C購05  ,0,0,0,0,0,0,0,0,0,-256000,0,0,0,20000,276000,-256000,-256000
058510,全新元大9B購02  ,0,0,0,0,0,0,0,0,0,-258000,0,0,0,0,258000,-258000,-258000
059687,卜蜂永豐99購01  ,0,0,0,0,0,0,0,0,0,-259000,0,0,0,5000,264000,-259000,-259000
053900,T50反1日盛99購01,0,0,0,0,0,0,0,0,0,-259000,0,0,0,0,259000,-259000,-259000
3406,玉晶光          ,1132000,1379000,-247000,0,0,0,0,33000,-33000,20000,34000,59000,-25000,82000,37000,45000,-260000
2390,云辰            ,340000,601000,-261000,0,0,0,0,0,0,1000,1000,0,1000,0,0,0,-260000
00683L,元大美元指數正2 ,0,0,0,0,0,0,0,0,0,-260000,0,0,0,0,260000,-260000,-260000
059534,國泰金凱基99購01,0,0,0,0,0,0,0,0,0,-261000,0,0,0,20000,281000,-261000,-261000
05711P,茂林國票97售03  ,0,0,0,0,0,0,0,0,0,-261000,0,0,0,4000,265000,-261000,-261000
3669,圓展            ,180000,424000,-244000,0,0,0,0,0,0,-20000,0,20000,-20000,0,0,0,-264000
054533,泰碩國泰98購01  ,0,0,0,0,0,0,0,0,0,-267000,0,0,0,139000,406000,-267000,-267000
00674R,元大S&P黃金反1  ,0,0,0,0,0,0,0,0,0,-269000,0,0,0,31000,300000,-269000,-269000
06347P,祥碩元富97售02  ,0,0,0,0,0,0,0,0,0,-270000,0,0,0,0,270000,-270000,-270000
059845,欣興富邦9A購02  ,0,0,0,0,0,0,0,0,0,-270000,0,0,0,11000,281000,-270000,-270000
058241,景碩元大99購05  ,0,0,0,0,0,0,0,0,0,-271000,0,0,0,156000,427000,-271000,-271000
1712,興農            ,459000,716000,-257000,0,0,0,0,0,0,-15000,0,15000,-15000,0,0,0,-272000
3545,敦泰            ,1041000,1294000,-253000,0,0,0,0,0,0,-20000,0,20000,-20000,0,0,0,-273000
059739,華通元富99購04  ,0,0,0,0,0,0,0,0,0,-273000,0,0,0,2000,275000,-273000,-273000
059346,新日興凱基99購03,0,0,0,0,0,0,0,0,0,-273000,0,0,0,60000,333000,-273000,-273000
8996,高力            ,668000,710000,-42000,0,0,0,0,0,0,-233000,0,233000,-233000,0,0,0,-275000
056872,旺宏凱基98購08  ,0,0,0,0,0,0,0,0,0,-276000,0,0,0,2000,278000,-276000,-276000
057953,聚陽元大98購01  ,0,0,0,0,0,0,0,0,0,-280000,0,0,0,0,280000,-280000,-280000
057283,欣興元大98購07  ,0,0,0,0,0,0,0,0,0,-281000,0,0,0,10000,291000,-281000,-281000
059704,聯發科凱基9A購08,0,0,0,0,0,0,0,0,0,-282000,0,0,0,22000,304000,-282000,-282000
05264P,微星元大95售02  ,0,0,0,0,0,0,0,0,0,-282000,0,0,0,125000,407000,-282000,-282000
057074,立積永豐98購01  ,0,0,0,0,0,0,0,0,0,-282000,0,0,0,20000,302000,-282000,-282000
03436B,臺股指元富99熊13,0,0,0,0,0,0,0,0,0,-285000,0,0,0,25000,310000,-285000,-285000
006208,富邦台50        ,6000,0,6000,0,0,0,0,0,0,-295000,0,0,0,303000,598000,-295000,-289000
058896,中環元大99購03  ,0,0,0,0,0,0,0,0,0,-290000,0,0,0,105000,395000,-290000,-290000
058231,技嘉元大99購02  ,0,0,0,0,0,0,0,0,0,-290000,0,0,0,0,290000,-290000,-290000
07284P,大立光凱基99售10,0,0,0,0,0,0,0,0,0,-290000,0,0,0,645000,935000,-290000,-290000
056289,合勤控永豐97購01,0,0,0,0,0,0,0,0,0,-290000,0,0,0,10000,300000,-290000,-290000
058283,世紀鋼中信99購01,0,0,0,0,0,0,0,0,0,-292000,0,0,0,65000,357000,-292000,-292000
059191,茂林富邦9B購01  ,0,0,0,0,0,0,0,0,0,-293000,0,0,0,27000,320000,-293000,-293000
05395P,旺宏元大96售06  ,0,0,0,0,0,0,0,0,0,-294000,0,0,0,0,294000,-294000,-294000
07084P,S&P正2元富9B售02,0,0,0,0,0,0,0,0,0,-295000,0,0,0,10000,305000,-295000,-295000
059103,旭富元富99購03  ,0,0,0,0,0,0,0,0,0,-295000,0,0,0,255000,550000,-295000,-295000
057303,喬山兆豐99購01  ,0,0,0,0,0,0,0,0,0,-297000,0,0,0,0,297000,-297000,-297000
059922,大立光元大99購25,0,0,0,0,0,0,0,0,0,-298000,0,0,0,0,298000,-298000,-298000
057483,微星元大98購04  ,0,0,0,0,0,0,0,0,0,-299000,0,0,0,30000,329000,-299000,-299000
059688,燿華永豐99購01  ,0,0,0,0,0,0,0,0,0,-305000,0,0,0,53000,358000,-305000,-305000
056677,智伸科元富98購01,0,0,0,0,0,0,0,0,0,-306000,0,0,0,5000,311000,-306000,-306000
2903,遠百            ,308000,592005,-284005,0,0,0,0,0,0,-23000,0,23000,-23000,0,0,0,-307005
3563,牧德            ,76000,288000,-212000,0,0,0,0,105000,-105000,8000,3000,3000,0,14000,6000,8000,-309000
2881,富邦金          ,7736794,7825000,-88206,0,0,0,0,260000,-260000,39000,27000,0,27000,12000,0,12000,-309206
057966,金融類元大98購01,0,0,0,0,0,0,0,0,0,-310000,0,0,0,0,310000,-310000,-310000
050117,麗豐元大96購02  ,0,0,0,0,0,0,0,0,0,-310000,0,0,0,120000,430000,-310000,-310000
049349,國巨康和94購01  ,0,0,0,0,0,0,0,0,0,-310000,0,0,0,11000,321000,-310000,-310000
059624,鴻海凱基01購01  ,0,0,0,0,0,0,0,0,0,-313000,0,0,0,69000,382000,-313000,-313000
057619,玉晶光凱基98購02,0,0,0,0,0,0,0,0,0,-314000,0,0,0,170000,484000,-314000,-314000
057954,宏碁元大99購01  ,0,0,0,0,0,0,0,0,0,-315000,0,0,0,722000,1037000,-315000,-315000
059564,鴻海凱基9A購15  ,0,0,0,0,0,0,0,0,0,-317000,0,0,0,80000,397000,-317000,-317000
051356,全新元大96購04  ,0,0,0,0,0,0,0,0,0,-319000,0,0,0,0,319000,-319000,-319000
056196,聯茂富邦98購02  ,0,0,0,0,0,0,0,0,0,-322000,0,0,0,20000,342000,-322000,-322000
059928,道瓊銀富邦03購01,0,0,0,0,0,0,0,0,0,-324000,0,0,0,0,324000,-324000,-324000
055131,茂林康和97購01  ,0,0,0,0,0,0,0,0,0,-326000,0,0,0,38000,364000,-326000,-326000
056479,玉晶光元大99購05,0,0,0,0,0,0,0,0,0,-327000,0,0,0,223000,550000,-327000,-327000
07108P,FBVIX台新99售02 ,0,0,0,0,0,0,0,0,0,-328000,0,0,0,50000,378000,-328000,-328000
00675L,富邦臺灣加權正2 ,1000,1000,0,0,0,0,0,0,0,-328000,0,0,0,802000,1130000,-328000,-328000
059752,國巨群益9B購01  ,0,0,0,0,0,0,0,0,0,-330000,0,0,0,0,330000,-330000,-330000
058200,世芯康和99購01  ,0,0,0,0,0,0,0,0,0,-330000,0,0,0,111000,441000,-330000,-330000
4551,智伸科          ,352000,631000,-279000,0,0,0,117000,150000,-33000,-25000,27000,63000,-36000,14000,3000,11000,-337000
1326,台化            ,3698523,4034000,-335477,0,0,0,0,0,0,-2000,26000,42000,-16000,20000,6000,14000,-337477
052931,麗豐元大97購01  ,0,0,0,0,0,0,0,0,0,-338000,0,0,0,0,338000,-338000,-338000
3044,健鼎            ,781000,1153000,-372000,0,0,0,0,0,0,32000,37000,6000,31000,2000,1000,1000,-340000
048392,宏碁國票94購01  ,0,0,0,0,0,0,0,0,0,-341000,0,0,0,0,341000,-341000,-341000
059004,嘉晶元大99購05  ,0,0,0,0,0,0,0,0,0,-344000,0,0,0,63000,407000,-344000,-344000
058233,聯發科元大99購06,0,0,0,0,0,0,0,0,0,-350000,0,0,0,10000,360000,-350000,-350000
051346,仁寶元大95購01  ,0,0,0,0,0,0,0,0,0,-350000,0,0,0,10000,360000,-350000,-350000
058904,晶技元大99購05  ,0,0,0,0,0,0,0,0,0,-356000,0,0,0,0,356000,-356000,-356000
059645,祥碩凱基99購05  ,0,0,0,0,0,0,0,0,0,-356000,0,0,0,517000,873000,-356000,-356000
053746,彰銀康和96購01  ,0,0,0,0,0,0,0,0,0,-357000,0,0,0,10000,367000,-357000,-357000
8464,億豐            ,538067,643000,-104933,0,0,0,0,226000,-226000,-27000,0,27000,-27000,0,0,0,-357933
051653,南電永豐95購02  ,0,0,0,0,0,0,0,0,0,-363000,0,0,0,0,363000,-363000,-363000
6005,群益證          ,863000,1228220,-365220,0,0,0,0,0,0,0,0,0,0,0,0,0,-365220
058170,國巨凱基9A購06  ,0,0,0,0,0,0,0,0,0,-370000,0,0,0,0,370000,-370000,-370000
059287,華通元富99購03  ,0,0,0,0,0,0,0,0,0,-376000,0,0,0,0,376000,-376000,-376000
054271,中石化中信99購01,0,0,0,0,0,0,0,0,0,-376000,0,0,0,0,376000,-376000,-376000
059789,貿聯元大9A購02  ,0,0,0,0,0,0,0,0,0,-378000,0,0,0,0,378000,-378000,-378000
056938,泰碩元富98購01  ,0,0,0,0,0,0,0,0,0,-387000,0,0,0,1000,388000,-387000,-387000
048350,世紀鋼元大95購01,0,0,0,0,0,0,0,0,0,-387000,0,0,0,3000,390000,-387000,-387000
059006,樺漢元大99購01  ,0,0,0,0,0,0,0,0,0,-389000,0,0,0,0,389000,-389000,-389000
06852P,臺股指元大98售11,0,0,0,0,0,0,0,0,0,-389000,0,0,0,229000,618000,-389000,-389000
059655,T50反1元大99購10,0,0,0,0,0,0,0,0,0,-390000,0,0,0,10000,400000,-390000,-390000
059375,道瓊反群益9C購02,0,0,0,0,0,0,0,0,0,-393000,0,0,0,0,393000,-393000,-393000
2478,大毅            ,833000,1222000,-389000,0,0,0,0,0,0,-6000,0,0,0,6000,12000,-6000,-395000
051094,健策元大96購03  ,0,0,0,0,0,0,0,0,0,-395000,0,0,0,1000,396000,-395000,-395000
055842,建準元大98購01  ,0,0,0,0,0,0,0,0,0,-395000,0,0,0,0,395000,-395000,-395000
06933P,禾伸堂元大98售03,0,0,0,0,0,0,0,0,0,-397000,0,0,0,0,397000,-397000,-397000
00692,富邦公司治理    ,15000,14000,1000,0,0,0,0,0,0,-398000,0,0,0,1926000,2324000,-398000,-397000
2451,創見            ,224000,654720,-430720,0,0,0,0,0,0,31000,3000,0,3000,28000,0,28000,-399720
058959,南茂國票9A購01  ,0,0,0,0,0,0,0,0,0,-400000,0,0,0,0,400000,-400000,-400000
051058,景碩群益96購01  ,0,0,0,0,0,0,0,0,0,-400000,0,0,0,0,400000,-400000,-400000
057475,聯電元大9A購01  ,0,0,0,0,0,0,0,0,0,-404000,0,0,0,62000,466000,-404000,-404000
051918,聯茂元大95購01  ,0,0,0,0,0,0,0,0,0,-408000,0,0,0,1000,409000,-408000,-408000
05170P,世芯元大95售01  ,0,0,0,0,0,0,0,0,0,-410000,0,0,0,400000,810000,-410000,-410000
053073,技嘉康和96購01  ,0,0,0,0,0,0,0,0,0,-413000,0,0,0,40000,453000,-413000,-413000
059696,立積永豐99購03  ,0,0,0,0,0,0,0,0,0,-415000,0,0,0,0,415000,-415000,-415000
058955,台積電國票9A購04,0,0,0,0,0,0,0,0,0,-416000,0,0,0,84000,500000,-416000,-416000
00635U,元大S&P黃金     ,384000,0,384000,0,0,0,0,0,0,-800000,0,0,0,120000,920000,-800000,-416000
2441,超豐            ,261000,660000,-399000,0,0,0,0,0,0,-19000,0,19000,-19000,0,0,0,-418000
2387,精元            ,834000,1352000,-518000,0,0,0,0,0,0,94000,0,0,0,94000,0,94000,-424000
059731,康控元大99購04  ,0,0,0,0,0,0,0,0,0,-434000,0,0,0,31000,465000,-434000,-434000
07010P,T50正2凱基9C售01,0,0,0,0,0,0,0,0,0,-446000,0,0,0,8000,454000,-446000,-446000
057606,健策統一98購03  ,0,0,0,0,0,0,0,0,0,-450000,0,0,0,0,450000,-450000,-450000
049700,瀚宇博元大97購01,0,0,0,0,0,0,0,0,0,-453000,0,0,0,9000,462000,-453000,-453000
052895,台積電群益96購04,0,0,0,0,0,0,0,0,0,-454000,0,0,0,170000,624000,-454000,-454000
053352,義隆兆豐96購01  ,0,0,0,0,0,0,0,0,0,-460000,0,0,0,0,460000,-460000,-460000
07352P,台積電國票99售11,0,0,0,0,0,0,0,0,0,-468000,0,0,0,0,468000,-468000,-468000
058911,茂林元大99購04  ,0,0,0,0,0,0,0,0,0,-468000,0,0,0,155000,623000,-468000,-468000
00850,元大臺灣ESG永續 ,2000,56000,-54000,0,0,0,0,0,0,-418000,0,0,0,339000,757000,-418000,-472000
06337P,祥碩元大97售05  ,0,0,0,0,0,0,0,0,0,-473000,0,0,0,0,473000,-473000,-473000
056579,麗豐元大99購01  ,0,0,0,0,0,0,0,0,0,-474000,0,0,0,7000,481000,-474000,-474000
051809,義隆凱基96購01  ,0,0,0,0,0,0,0,0,0,-475000,0,0,0,20000,495000,-475000,-475000
059230,滬深2X國票9B購02,0,0,0,0,0,0,0,0,0,-479000,0,0,0,32000,511000,-479000,-479000
058137,玉晶光元大99購11,0,0,0,0,0,0,0,0,0,-481000,0,0,0,30000,511000,-481000,-481000
057206,立積元富98購01  ,0,0,0,0,0,0,0,0,0,-492000,0,0,0,126000,618000,-492000,-492000
2379,瑞昱            ,2235613,3047266,-811653,0,0,0,309000,0,309000,10000,14000,10000,4000,8000,2000,6000,-492653
03438B,臺股指元大96熊27,0,0,0,0,0,0,0,0,0,-495000,0,0,0,606000,1101000,-495000,-495000
049285,宏碁兆豐94購01  ,0,0,0,0,0,0,0,0,0,-500000,0,0,0,0,500000,-500000,-500000
052093,麗豐元大96購04  ,0,0,0,0,0,0,0,0,0,-500000,0,0,0,0,500000,-500000,-500000
059702,台積電凱基9A購14,0,0,0,0,0,0,0,0,0,-504000,0,0,0,1000,505000,-504000,-504000
058237,嘉晶元大99購04  ,0,0,0,0,0,0,0,0,0,-510000,0,0,0,41000,551000,-510000,-510000
054109,南亞科凱基96購05,0,0,0,0,0,0,0,0,0,-511000,0,0,0,58000,569000,-511000,-511000
3376,新日興          ,1205000,1090000,115000,0,0,0,52000,784000,-732000,100000,125000,34000,91000,13000,4000,9000,-517000
059646,聯茂凱基99購06  ,0,0,0,0,0,0,0,0,0,-518000,0,0,0,68000,586000,-518000,-518000
056939,康控元富98購01  ,0,0,0,0,0,0,0,0,0,-519000,0,0,0,13000,532000,-519000,-519000
052451,旭富元大95購02  ,0,0,0,0,0,0,0,0,0,-523000,0,0,0,7000,530000,-523000,-523000
07279P,台灣50台新99售02,0,0,0,0,0,0,0,0,0,-528000,0,0,0,0,528000,-528000,-528000
054427,潤泰全富邦97購01,0,0,0,0,0,0,0,0,0,-533000,0,0,0,0,533000,-533000,-533000
1536,和大            ,698000,954255,-256255,0,0,0,0,80000,-80000,-198000,4000,246000,-242000,60000,16000,44000,-534255
059822,聯發科凱基99購19,0,0,0,0,0,0,0,0,0,-546000,0,0,0,0,546000,-546000,-546000
050444,卜蜂元大94購03  ,0,0,0,0,0,0,0,0,0,-551000,0,0,0,84000,635000,-551000,-551000
07130P,台郡元大9B售01  ,0,0,0,0,0,0,0,0,0,-566000,0,0,0,31000,597000,-566000,-566000
08865P,欣興元大01售02  ,0,0,0,0,0,0,0,0,0,-570000,0,0,0,0,570000,-570000,-570000
059127,國巨中信99購04  ,0,0,0,0,0,0,0,0,0,-573000,0,0,0,10000,583000,-573000,-573000
057985,華通元富02購03  ,0,0,0,0,0,0,0,0,0,-597000,0,0,0,0,597000,-597000,-597000
059790,立積元大9C購02  ,0,0,0,0,0,0,0,0,0,-601000,0,0,0,8000,609000,-601000,-601000
052775,滬深2X國票99購02,0,0,0,0,0,0,0,0,0,-602000,0,0,0,0,602000,-602000,-602000
052198,鴻海統一95購10  ,0,0,0,0,0,0,0,0,0,-607000,0,0,0,0,607000,-607000,-607000
3702,大聯大          ,1452184,2177840,-725656,0,0,0,0,0,0,108000,48000,5000,43000,67000,2000,65000,-617656
058750,緯穎凱基9A購03  ,0,0,0,0,0,0,0,0,0,-620000,0,0,0,37000,657000,-620000,-620000
059863,和大凱基99購01  ,0,0,0,0,0,0,0,0,0,-621000,0,0,0,0,621000,-621000,-621000
00712,FH富時不動產    ,237000,70000,167000,0,0,0,0,0,0,-802000,0,0,0,414000,1216000,-802000,-635000
9945,潤泰新          ,566000,1237000,-671000,0,0,0,0,0,0,27000,58000,12000,46000,6000,25000,-19000,-644000
053207,SP黃豆凱基96購01,0,0,0,0,0,0,0,0,0,-651000,0,0,0,0,651000,-651000,-651000
059273,臺指反元大9C購03,0,0,0,0,0,0,0,0,0,-657000,0,0,0,91000,748000,-657000,-657000
2312,金寶            ,350000,1017000,-667000,0,0,0,0,0,0,-1000,3000,4000,-1000,0,0,0,-668000
00830,國泰費城半導體  ,43000,390000,-347000,0,0,0,0,0,0,-322000,0,0,0,544000,866000,-322000,-669000
2412,中華電          ,3793896,4456000,-662104,0,0,0,9000,0,9000,-16000,8000,24000,-16000,0,0,0,-669104
055827,中石化元大98購01,0,0,0,0,0,0,0,0,0,-671000,0,0,0,45000,716000,-671000,-671000
048422,瑞昱元富96購02  ,0,0,0,0,0,0,0,0,0,-682000,0,0,0,0,682000,-682000,-682000
2327,國巨            ,2304008,2740963,-436955,0,0,0,0,329000,-329000,57000,95000,60000,35000,76000,54000,22000,-708955
5876,上海商銀        ,3846047,4558000,-711953,0,0,0,0,0,0,-10000,22000,31000,-9000,0,1000,-1000,-721953
058908,貿聯元大99購03  ,0,0,0,0,0,0,0,0,0,-726000,0,0,0,253000,979000,-726000,-726000
058920,SGBR2X元富99購06,0,0,0,0,0,0,0,0,0,-739000,0,0,0,110000,849000,-739000,-739000
049595,麗豐元大95購01  ,0,0,0,0,0,0,0,0,0,-753000,0,0,0,0,753000,-753000,-753000
1504,東元            ,973000,1727469,-754469,0,0,0,0,0,0,1000,12000,11000,1000,0,0,0,-753469
00655L,國泰中國A50正2  ,7000,32000,-25000,0,0,0,0,0,0,-761425,0,0,0,8027000,8788425,-761425,-786425
2363,矽統            ,428000,1236000,-808000,0,0,0,0,0,0,10000,13000,3000,10000,0,0,0,-798000
057802,卜蜂元大98購01  ,0,0,0,0,0,0,0,0,0,-798000,0,0,0,61000,859000,-798000,-798000
055961,國泰金元大97購01,0,0,0,0,0,0,0,0,0,-800000,0,0,0,900000,1700000,-800000,-800000
059654,T50反1元大99購09,0,0,0,0,0,0,0,0,0,-814000,0,0,0,165000,979000,-814000,-814000
4142,國光生          ,1270000,2019000,-749000,0,0,0,0,0,0,-78000,0,78000,-78000,0,0,0,-827000
3045,台灣大          ,2635047,3567000,-931953,0,0,0,1000,9000,-8000,54000,58000,4000,54000,0,0,0,-885953
2633,台灣高鐵        ,2962366,3895000,-932634,0,0,0,0,0,0,36000,63000,7000,56000,18000,38000,-20000,-896634
059526,鴻海凱基99購12  ,0,0,0,0,0,0,0,0,0,-915000,0,0,0,75000,990000,-915000,-915000
059396,T50反1元富99購04,0,0,0,0,0,0,0,0,0,-916000,0,0,0,1281000,2197000,-916000,-916000
1477,聚陽            ,582000,1470595,-888595,0,0,0,0,0,0,-29000,0,28000,-28000,0,1000,-1000,-917595
2049,上銀            ,1295357,1901090,-605733,0,0,0,0,275000,-275000,-39000,25000,48000,-23000,18000,34000,-16000,-919733
059128,友達中信99購02  ,0,0,0,0,0,0,0,0,0,-943000,0,0,0,165000,1108000,-943000,-943000
5871,中租-KY         ,2230435,3154760,-924325,0,0,0,0,0,0,-24000,7000,3000,4000,6000,34000,-28000,-948325
059359,精元永豐99購01  ,0,0,0,0,0,0,0,0,0,-959000,0,0,0,9000,968000,-959000,-959000
059151,臺股指國票99購14,0,0,0,0,0,0,0,0,0,-969000,0,0,0,64000,1033000,-969000,-969000
059842,台積電富邦9C購05,0,0,0,0,0,0,0,0,0,-971000,0,0,0,0,971000,-971000,-971000
059763,華擎永豐99購03  ,0,0,0,0,0,0,0,0,0,-985000,0,0,0,6000,991000,-985000,-985000
059819,台積電凱基99購17,0,0,0,0,0,0,0,0,0,-999000,0,0,0,0,999000,-999000,-999000
9958,世紀鋼          ,393000,1256000,-863000,0,0,0,12000,0,12000,-157000,0,0,0,13000,170000,-157000,-1008000
2385,群光            ,1350000,2378200,-1028200,0,0,0,0,7969,-7969,27000,0,1000,-1000,28000,0,28000,-1009169
059286,S&P正2元富01購03,0,0,0,0,0,0,0,0,0,-1012000,0,0,0,57000,1069000,-1012000,-1012000
053631,欣興兆豐97購01  ,0,0,0,0,0,0,0,0,0,-1016000,0,0,0,0,1016000,-1016000,-1016000
2371,大同            ,2104579,2945000,-840421,0,0,0,0,0,0,-184000,4000,0,4000,0,188000,-188000,-1024421
059153,臺股指國票99購16,0,0,0,0,0,0,0,0,0,-1069000,0,0,0,7000,1076000,-1069000,-1069000
059679,國巨國泰9B購03  ,0,0,0,0,0,0,0,0,0,-1072000,0,0,0,0,1072000,-1072000,-1072000
057207,立積元富98購02  ,0,0,0,0,0,0,0,0,0,-1101000,0,0,0,50000,1151000,-1101000,-1101000
1909,榮成            ,1141000,1301006,-160006,0,0,0,0,800000,-800000,-151000,5000,152000,-147000,0,4000,-4000,-1111006
2883,開發金          ,11392110,12522000,-1129890,0,0,0,0,0,0,12000,34000,12000,22000,0,10000,-10000,-1117890
6176,瑞儀            ,1095000,2384713,-1289713,0,0,0,70000,0,70000,101000,106000,26000,80000,24000,3000,21000,-1118713
9904,寶成            ,5136815,6181672,-1044857,0,0,0,0,0,0,-92000,5000,85000,-80000,0,12000,-12000,-1136857
2103,台橡            ,381000,1521000,-1140000,0,0,0,0,0,0,-1000,0,1000,-1000,0,0,0,-1141000
051580,宏碁元大95購02  ,0,0,0,0,0,0,0,0,0,-1212000,0,0,0,0,1212000,-1212000,-1212000
059656,T50反1元大99購11,0,0,0,0,0,0,0,0,0,-1246000,0,0,0,345000,1591000,-1246000,-1246000
4904,遠傳            ,2183250,3450000,-1266750,0,0,0,1000,0,1000,19000,28000,9000,19000,0,0,0,-1246750
2454,聯發科          ,4881153,5997789,-1116636,0,0,0,73000,41000,32000,-202000,66000,90000,-24000,68000,246000,-178000,-1286636
03033P,微星國票03售01  ,0,0,0,0,0,0,0,0,0,-1288000,0,0,0,0,1288000,-1288000,-1288000
053514,麗豐群益96購01  ,0,0,0,0,0,0,0,0,0,-1300000,0,0,0,0,1300000,-1300000,-1300000
1605,華新            ,2860000,4398000,-1538000,0,0,0,0,0,0,116000,4000,90000,-86000,212000,10000,202000,-1422000
2888,新光金          ,16615702,17914710,-1299008,0,0,0,0,0,0,-137060,8000,444060,-436060,351000,52000,299000,-1436068
00641R,富邦日本反1     ,18000,17000,1000,0,0,0,0,0,0,-1524000,0,0,0,367000,1891000,-1524000,-1523000
2104,國際中橡        ,953000,2479174,-1526174,0,0,0,0,0,0,-1000,0,1000,-1000,0,0,0,-1527174
038489,T50反1台新9A購01,1000,0,1000,0,0,0,0,0,0,-1540000,0,0,0,0,1540000,-1540000,-1539000
2801,彰銀            ,6054538,6446580,-392042,0,0,0,0,0,0,-1249000,9000,0,9000,42000,1300000,-1258000,-1641042
4967,十銓            ,280000,1924000,-1644000,0,0,0,0,0,0,0,0,0,0,0,0,0,-1644000
2376,技嘉            ,2238000,4767000,-2529000,0,0,0,834000,25000,809000,-21000,0,27000,-27000,78000,72000,6000,-1741000
2812,台中銀          ,2319000,4114186,-1795186,0,0,0,0,0,0,-4000,0,4000,-4000,0,0,0,-1799186
2610,華航            ,6286250,8074000,-1787750,0,0,0,0,0,0,-90000,0,5000,-5000,0,85000,-85000,-1877750
2890,永豐金          ,9542372,11573182,-2030810,0,0,0,0,0,0,123000,165000,38000,127000,2000,6000,-4000,-1907810
050343,鴻海元富94購01  ,0,0,0,0,0,0,0,0,0,-1962000,0,0,0,11000,1973000,-1962000,-1962000
00664R,國泰臺灣加權反1 ,0,248000,-248000,0,0,0,0,0,0,-1791000,90000,0,90000,3044000,4925000,-1881000,-2039000
2449,京元電子        ,1729000,3710750,-1981750,0,0,0,0,0,0,-111000,102000,68000,34000,78000,223000,-145000,-2092750
1216,統一            ,7041355,9011492,-1970137,0,0,0,0,0,0,-196000,49000,236000,-187000,4000,13000,-9000,-2166137
4958,臻鼎-KY         ,1568158,3426460,-1858302,0,0,0,0,423000,-423000,115000,189000,72000,117000,0,2000,-2000,-2166302
00693U,街口S&P黃豆     ,0,0,0,0,0,0,0,0,0,-2247000,0,0,0,80000,2327000,-2247000,-2247000
059865,國巨凱基01購01  ,0,0,0,0,0,0,0,0,0,-2286000,0,0,0,0,2286000,-2286000,-2286000
050170,臺指反元大97購02,0,0,0,0,0,0,0,0,0,-2381000,0,0,0,165000,2546000,-2381000,-2381000
2408,南亞科          ,7134466,7731041,-596575,0,0,0,131000,2009000,-1878000,72000,243000,223000,20000,78000,26000,52000,-2402575
0056,元大高股息      ,202000,188000,14000,0,0,0,0,0,0,-2532000,0,200000,-200000,3242000,5574000,-2332000,-2518000
4938,和碩            ,4887666,7346000,-2458334,0,0,0,76000,0,76000,-209000,30000,278000,-248000,77000,38000,39000,-2591334
3576,聯合再生        ,548000,3161434,-2613434,0,0,0,0,0,0,0,0,0,0,0,0,0,-2613434
2834,臺企銀          ,9371385,12265744,-2894359,0,0,0,0,0,0,-12000,143000,67000,76000,2000,90000,-88000,-2906359
00672L,元大S&P原油正2  ,33000,2756000,-2723000,0,0,0,0,0,0,-237000,0,0,0,1310000,1547000,-237000,-2960000
2313,華通            ,4587000,9193000,-4606000,0,0,0,698000,0,698000,910000,835000,402000,433000,714000,237000,477000,-2998000
0050,元大台灣50      ,633000,1075150,-442150,0,0,0,114000,0,114000,-2741000,57000,815000,-758000,2853000,4836000,-1983000,-3069150
2002,中鋼            ,8490316,11343896,-2853580,0,0,0,0,320000,-320000,12000,22000,4000,18000,0,6000,-6000,-3161580
00631L,元大台灣50正2   ,766000,835000,-69000,0,0,0,0,0,0,-3242000,0,0,0,7305000,10547000,-3242000,-3311000
00642U,元大S&P石油     ,20000,2165000,-2145000,0,0,0,0,0,0,-1658000,0,130000,-130000,1031000,2559000,-1528000,-3803000
00676R,富邦臺灣加權反1 ,1000,6000,-5000,0,0,0,0,0,0,-4415000,0,0,0,1979000,6394000,-4415000,-4420000
00637L,元大滬深300正2  ,2318000,3868000,-1550000,0,0,0,0,0,0,-2941000,0,518000,-518000,37857000,40280000,-2423000,-4491000
2618,長榮航          ,7891076,12262504,-4371428,0,0,0,0,0,0,-349253,71000,270253,-199253,213000,363000,-150000,-4720681
2885,元大金          ,9662922,14971361,-5308439,0,0,0,0,0,0,14000,14000,0,14000,0,0,0,-5294439
2823,中壽            ,4886499,12564000,-7677501,0,0,0,0,0,0,104000,86000,44000,42000,62000,0,62000,-7573501
2337,旺宏            ,7024000,11416256,-4392256,0,0,0,0,3722000,-3722000,-211000,115000,191000,-76000,110000,245000,-135000,-8325256
2368,金像電          ,7194000,19623000,-12429000,0,0,0,4097000,0,4097000,-121000,1352000,1473000,-121000,0,0,0,-8453000
2317,鴻海            ,11898252,20682737,-8784485,0,0,0,7000,150000,-143000,-393000,69000,640000,-571000,907000,729000,178000,-9320485
2330,台積電          ,22695311,34619442,-11924131,0,0,0,184000,915000,-731000,-11996,329000,229000,100000,1002000,1113996,-111996,-12667127
00852L,國泰美國道瓊正2 ,794000,20000,774000,0,0,0,0,0,0,-13502000,0,0,0,8225000,21727000,-13502000,-12728000
00671R,富邦NASDAQ反1   ,0,0,0,0,0,0,0,0,0,-15758000,0,0,0,559000,16317000,-15758000,-15758000
00648R,元大S&P500反1   ,222000,31000,191000,0,0,0,0,0,0,-19642000,0,0,0,540000,20182000,-19642000,-19451000
00669R,國泰美國道瓊反1 ,119000,87000,32000,0,0,0,0,0,0,-23104000,0,0,0,1931000,25035000,-23104000,-23072000
00715L,街口布蘭特油正2 ,29000,2676000,-2647000,0,0,0,0,0,0,-22811000,0,0,0,526000,23337000,-22811000,-25458000
2409,友達            ,17915934,44639000,-26723066,0,0,0,5000,0,5000,-913000,254000,1141000,-887000,91000,117000,-26000,-27631066
3481,群創            ,16035437,48529273,-32493836,0,0,0,0,0,0,-333000,666000,840000,-174000,1000,160000,-159000,-32826836
00632R,元大台灣50反1   ,6110000,5650000,460000,0,0,0,0,0,0,-90882000,2095000,1784000,311000,45592000,136785000,-91193000,-90422000
