證券代號,證券名稱,外陸資買進股數(不含外資自營商),外陸資賣出股數(不含外資自營商),外陸資買賣超股數(不含外資自營商),外資自營商買進股數,外資自營商賣出股數,外資自營商買賣超股數,投信買進股數,投信賣出股數,投信買賣超股數,自營商買賣超股數,自營商買進股數(自行買賣),自營商賣出股數(自行買賣),自營商買賣超股數(自行買賣),自營商買進股數(避險),自營商賣出股數(避險),自營商買賣超股數(避險),三大法人買賣超股數
00677U,富邦VIX         ,138732000,18054000,120678000,0,0,0,0,0,0,134362000,2400000,0,2400000,134223000,2261000,131962000,255040000
00632R,元大台灣50反1   ,32271000,1702000,30569000,0,0,0,0,0,0,68773000,3086000,17430000,-14344000,98499000,15382000,83117000,99342000
00648R,元大S&P500反1   ,30000,0,30000,0,0,0,0,0,0,11395000,0,0,0,13004000,1609000,11395000,11425000
00669R,國泰美國道瓊反1 ,0,0,0,0,0,0,0,0,0,8730000,0,0,0,9414000,684000,8730000,8730000
1714,和桐            ,8435001,929000,7506001,0,0,0,0,0,0,20000,34000,14000,20000,0,0,0,7526001
2368,金像電          ,5248001,1312000,3936001,0,0,0,1110000,0,1110000,567000,981000,414000,567000,0,0,0,5613001
1605,華新            ,4395001,2019927,2375074,0,0,0,8000,0,8000,3070000,354000,542000,-188000,3274000,16000,3258000,5453074
6116,彩晶            ,7735000,3699000,4036000,0,0,0,0,0,0,1312000,220000,50000,170000,1599000,457000,1142000,5348000
2027,大成鋼          ,4115000,535000,3580000,0,0,0,0,0,0,1619000,120000,10000,110000,1630000,121000,1509000,5199000
3706,神達            ,4798000,1434000,3364000,0,0,0,1022000,0,1022000,603000,307000,213000,94000,542000,33000,509000,4989000
006205,富邦上証        ,4387000,28000,4359000,0,0,0,0,500000,-500000,1006950,110000,110000,0,2547000,1540050,1006950,4865950
2498,宏達電          ,4320601,1067000,3253601,0,0,0,0,0,0,1100000,244000,111000,133000,1077000,110000,967000,4353601
00671R,富邦NASDAQ反1   ,189000,13000,176000,0,0,0,0,0,0,4138000,0,0,0,4409000,271000,4138000,4314000
1314,中石化          ,7703001,3638000,4065001,0,0,0,8000,0,8000,219000,183000,45000,138000,154000,73000,81000,4292001
2337,旺宏            ,34051001,29191413,4859588,0,0,0,57000,605000,-548000,-298000,393000,410000,-17000,664000,945000,-281000,4013588
2313,華通            ,5175001,2289000,2886001,0,0,0,44000,0,44000,903000,446000,211000,235000,756000,88000,668000,3833001
2448,晶電            ,9297001,8670000,627001,0,0,0,0,1546000,-1546000,4718000,4314000,406000,3908000,810000,0,810000,3799001
2504,國產            ,4295001,708000,3587001,0,0,0,0,0,0,135000,16000,0,16000,123000,4000,119000,3722001
08637P,台灣50中信96售03,0,0,0,0,0,0,0,0,0,3607000,0,0,0,5496000,1889000,3607000,3607000
00673R,元大S&P原油反1  ,3039000,2708000,331000,0,0,0,0,0,0,3250000,0,0,0,9417000,6167000,3250000,3581000
055145,T50反1元大97購04,0,0,0,0,0,0,0,0,0,3530000,0,0,0,3540000,10000,3530000,3530000
00634R,富邦上証反1     ,1544000,0,1544000,0,0,0,0,0,0,1967000,0,0,0,3981000,2014000,1967000,3511000
00664R,國泰臺灣加權反1 ,0,0,0,0,0,0,0,0,0,3326000,0,0,0,4970000,1644000,3326000,3326000
9958,世紀鋼          ,2478000,458000,2020000,0,0,0,0,0,0,1081000,97000,0,97000,1129000,145000,984000,3101000
2454,聯發科          ,7533556,4597589,2935967,0,0,0,46000,32000,14000,-38000,170000,274000,-104000,154000,88000,66000,2911967
03033P,微星國票03售01  ,0,0,0,0,0,0,0,0,0,2857000,0,0,0,6872000,4015000,2857000,2857000
3016,嘉晶            ,2928000,1092000,1836000,0,0,0,0,0,0,993000,40000,18000,22000,998000,27000,971000,2829000
6251,定穎            ,2887000,498000,2389000,0,0,0,100000,0,100000,325000,325000,0,325000,0,0,0,2814000
2610,華航            ,7893000,5391000,2502000,0,0,0,38000,4000,34000,185000,185000,0,185000,0,0,0,2721000
055144,T50反1元大97購03,0,0,0,0,0,0,0,0,0,2694000,0,0,0,2724000,30000,2694000,2694000
04289P,臺股指中信95售07,0,0,0,0,0,0,0,0,0,2680000,0,0,0,3527000,847000,2680000,2680000
2367,燿華            ,3583001,1208000,2375001,0,0,0,0,0,0,278000,2000,0,2000,307000,31000,276000,2653001
8039,台虹            ,2943000,515000,2428000,0,0,0,0,0,0,87000,39000,38000,1000,183000,97000,86000,2515000
00638R,元大滬深300反1  ,3247000,165000,3082000,0,0,0,0,0,0,-588000,230000,610000,-380000,1133000,1341000,-208000,2494000
3049,和鑫            ,3272001,831000,2441001,0,0,0,0,0,0,13000,0,0,0,25000,12000,13000,2454001
056757,T50反1元大98購07,0,0,0,0,0,0,0,0,0,2416000,0,0,0,2416000,0,2416000,2416000
00676R,富邦臺灣加權反1 ,182000,0,182000,0,0,0,0,0,0,2136000,0,0,0,3570000,1434000,2136000,2318000
3450,聯鈞            ,2258000,1001000,1257000,0,0,0,275000,0,275000,722000,61000,13000,48000,727000,53000,674000,2254000
00680L,元大美債20正2   ,0,0,0,0,0,0,0,0,0,2185000,0,0,0,2294000,109000,2185000,2185000
2371,大同            ,4139264,2116000,2023264,0,0,0,0,0,0,147000,154000,7000,147000,0,0,0,2170264
057473,T50反1元大98購08,0,0,0,0,0,0,0,0,0,2127000,0,0,0,2127000,0,2127000,2127000
2888,新光金          ,26611276,28110923,-1499647,0,0,0,364000,0,364000,3219000,505000,109000,396000,3289000,466000,2823000,2083353
052681,T50反1元大98購02,0,0,0,0,0,0,0,0,0,2072000,0,0,0,2102000,30000,2072000,2072000
048382,T50反1國票96購01,0,0,0,0,0,0,0,0,0,1996000,0,0,0,1996000,0,1996000,1996000
056756,T50反1元大98購06,0,0,0,0,0,0,0,0,0,1992000,0,0,0,1992000,0,1992000,1992000
057474,T50反1元大98購09,0,0,0,0,0,0,0,0,0,1931000,0,0,0,1931000,0,1931000,1931000
05545P,台表科國泰98售01,0,0,0,0,0,0,0,0,0,1865000,0,0,0,2053000,188000,1865000,1865000
2201,裕隆            ,2261000,1439000,822000,0,0,0,1000000,0,1000000,26000,48000,0,48000,169000,191000,-22000,1848000
056698,T50反1國泰9A購01,0,0,0,0,0,0,0,0,0,1826000,0,0,0,2397000,571000,1826000,1826000
054036,T50反1元大96購08,0,0,0,0,0,0,0,0,0,1819000,0,0,0,1819000,0,1819000,1819000
2614,東森            ,1857001,182000,1675001,0,0,0,0,0,0,22000,28000,6000,22000,0,0,0,1697001
4967,十銓            ,2285000,620000,1665000,0,0,0,0,0,0,4000,19000,15000,4000,0,0,0,1669000
050172,臺指反元大98購02,0,0,0,0,0,0,0,0,0,1663000,0,0,0,1708000,45000,1663000,1663000
2393,億光            ,2417000,918000,1499000,0,0,0,4000,0,4000,160000,34000,14000,20000,166000,26000,140000,1663000
052400,聯詠凱基97購01  ,0,0,0,0,0,0,0,0,0,1612000,0,0,0,1615000,3000,1612000,1612000
08679P,台灣50元大01售15,0,0,0,0,0,0,0,0,0,1611000,0,0,0,1611000,0,1611000,1611000
3042,晶技            ,2641501,2810000,-168499,0,0,0,244000,0,244000,1512000,451000,443000,8000,1779000,275000,1504000,1587501
050363,臺指反元大98購04,0,0,0,0,0,0,0,0,0,1559000,0,0,0,1604000,45000,1559000,1559000
052804,淘帝元大96購01  ,0,0,0,0,0,0,0,0,0,1554000,0,0,0,2053000,499000,1554000,1554000
2535,達欣工          ,1776001,185000,1591001,0,0,0,7000,0,7000,-74000,16000,90000,-74000,0,0,0,1524001
2349,錸德            ,1794001,236000,1558001,0,0,0,13000,50000,-37000,0,0,0,0,0,0,0,1521001
054038,T50反1元大98購04,0,0,0,0,0,0,0,0,0,1520000,0,0,0,1520000,0,1520000,1520000
3035,智原            ,1986001,645000,1341001,0,0,0,42000,0,42000,128000,72000,13000,59000,71000,2000,69000,1511001
03643C,臺股指元富99牛04,0,0,0,0,0,0,0,0,0,1481000,0,0,0,1580000,99000,1481000,1481000
1513,中興電          ,1518001,278000,1240001,0,0,0,7000,0,7000,217000,229000,12000,217000,0,0,0,1464001
3682,亞太電          ,2111998,648000,1463998,0,0,0,0,0,0,0,0,0,0,0,0,0,1463998
6153,嘉聯益          ,1754000,847000,907000,0,0,0,0,0,0,525000,286000,48000,238000,292000,5000,287000,1432000
050725,光磊國票96購01  ,0,0,0,0,0,0,0,0,0,1369000,0,0,0,1379000,10000,1369000,1369000
2867,三商壽          ,2030000,765000,1265000,0,0,0,0,0,0,104000,104000,0,104000,0,0,0,1369000
08674P,嘉晶元富07售02  ,0,0,0,0,0,0,0,0,0,1358000,0,0,0,1358000,0,1358000,1358000
2312,金寶            ,3046001,1260000,1786001,0,0,0,0,0,0,-452000,42000,3000,39000,144000,635000,-491000,1334001
2478,大毅            ,2479001,1402250,1076751,0,0,0,0,0,0,231000,100000,18000,82000,197000,48000,149000,1307751
2515,中工            ,1912001,763000,1149001,0,0,0,0,0,0,156000,155000,4000,151000,28000,23000,5000,1305001
052635,奇力新凱基98購01,0,0,0,0,0,0,0,0,0,1299000,0,0,0,1462000,163000,1299000,1299000
2353,宏碁            ,5900289,4682287,1218002,0,0,0,27000,0,27000,44000,214000,263000,-49000,163000,70000,93000,1289002
045546,T50反1國票93購02,0,0,0,0,0,0,0,0,0,1275000,0,0,0,1275000,0,1275000,1275000
05277P,深中小統一95售02,0,0,0,0,0,0,0,0,0,1273000,0,0,0,1273000,0,1273000,1273000
05449P,臺股指元大95售26,0,0,0,0,0,0,0,0,0,1256000,0,0,0,1290000,34000,1256000,1256000
1718,中纖            ,1658001,442000,1216001,0,0,0,0,0,0,0,0,0,0,0,0,0,1216001
1789,神隆            ,1411000,211000,1200000,0,0,0,0,0,0,6000,20000,14000,6000,0,0,0,1206000
050282,T50反1凱基97購01,0,0,0,0,0,0,0,0,0,1189000,0,0,0,1631000,442000,1189000,1189000
053244,光磊國票97購01  ,0,0,0,0,0,0,0,0,0,1189000,0,0,0,1229000,40000,1189000,1189000
06735P,奇力新凱基98售07,0,0,0,0,0,0,0,0,0,1185000,0,0,0,1185000,0,1185000,1185000
6239,力成            ,3414099,2362483,1051616,0,0,0,102000,0,102000,28000,45000,84000,-39000,97000,30000,67000,1181616
040760,T50反1凱基95購01,0,0,0,0,0,0,0,0,0,1167000,0,0,0,1297000,130000,1167000,1167000
2338,光罩            ,1963000,922000,1041000,0,0,0,0,0,0,109000,71000,51000,20000,131000,42000,89000,1150000
3376,新日興          ,2338000,601000,1737000,0,0,0,15000,437000,-422000,-181000,106000,493000,-387000,221000,15000,206000,1134000
2412,中華電          ,6010931,5292315,718616,0,0,0,77000,0,77000,327000,274000,12000,262000,65000,0,65000,1122616
054037,T50反1元大96購09,0,0,0,0,0,0,0,0,0,1116000,0,0,0,1116000,0,1116000,1116000
04980P,臺股指凱基96售08,0,0,0,0,0,0,0,0,0,1110000,0,0,0,2270000,1160000,1110000,1110000
1909,榮成            ,5707001,6500000,-792999,0,0,0,1087000,0,1087000,807000,879000,72000,807000,0,0,0,1101001
08422P,玉晶光群益02售03,0,0,0,0,0,0,0,0,0,1098000,0,0,0,1098000,0,1098000,1098000
3189,景碩            ,1778000,1462000,316000,0,0,0,500000,0,500000,279000,161000,72000,89000,224000,34000,190000,1095000
04496P,國巨國泰96售02  ,0,0,0,0,0,0,0,0,0,1088000,0,0,0,1088000,0,1088000,1088000
1609,大亞            ,1398001,313000,1085001,0,0,0,2000,0,2000,0,0,0,0,0,0,0,1087001
3545,敦泰            ,2187000,1160000,1027000,0,0,0,0,0,0,58000,58000,0,58000,0,0,0,1085000
057190,立積元大9A購02  ,0,0,0,0,0,0,0,0,0,1076000,0,0,0,1107000,31000,1076000,1076000
1904,正隆            ,1417001,1820000,-402999,0,0,0,1500000,60000,1440000,37000,50000,13000,37000,0,0,0,1074001
057563,旭富國泰9A購01  ,0,0,0,0,0,0,0,0,0,1073000,0,0,0,1189000,116000,1073000,1073000
050973,S&P反1統一95購01,0,0,0,0,0,0,0,0,0,1060000,0,0,0,1060000,0,1060000,1060000
2101,南港            ,1548000,523000,1025000,0,0,0,0,0,0,28000,18000,0,18000,44000,34000,10000,1053000
4968,立積            ,1427000,433000,994000,0,0,0,2000,0,2000,42000,34000,13000,21000,96000,75000,21000,1038000
06227P,大立光群益97售04,0,0,0,0,0,0,0,0,0,1036000,0,0,0,1036000,0,1036000,1036000
05688P,臺股指元大96售13,0,0,0,0,0,0,0,0,0,1034000,0,0,0,1145000,111000,1034000,1034000
056052,T50反1元大97購06,0,0,0,0,0,0,0,0,0,1032000,0,0,0,1032000,0,1032000,1032000
042942,永冠國票94購01  ,0,0,0,0,0,0,0,0,0,1016000,0,0,0,1016000,0,1016000,1016000
055924,深中小群益9B購01,0,0,0,0,0,0,0,0,0,1012000,0,0,0,1217000,205000,1012000,1012000
03543P,台泥中信02售01  ,0,0,0,0,0,0,0,0,0,1010000,0,0,0,1110000,100000,1010000,1010000
05174P,元金2X富邦9B售01,0,0,0,0,0,0,0,0,0,1006000,0,0,0,1133000,127000,1006000,1006000
054411,光磊元大97購02  ,0,0,0,0,0,0,0,0,0,999000,0,0,0,999000,0,999000,999000
048503,百和元大93購02  ,0,0,0,0,0,0,0,0,0,998000,0,0,0,998000,0,998000,998000
08663P,台灣50元大96售01,0,0,0,0,0,0,0,0,0,996000,0,0,0,996000,0,996000,996000
3576,聯合再生        ,1750000,754625,995375,0,0,0,0,0,0,0,0,0,0,0,0,0,995375
05011P,南電國泰96售01  ,0,0,0,0,0,0,0,0,0,990000,0,0,0,1048000,58000,990000,990000
8926,台汽電          ,1260000,242000,1018000,0,0,0,2000,0,2000,-32000,20000,52000,-32000,0,0,0,988000
050614,聯發科元大95購04,0,0,0,0,0,0,0,0,0,980000,0,0,0,1350000,370000,980000,980000
051667,光磊元大96購02  ,0,0,0,0,0,0,0,0,0,968000,0,0,0,983000,15000,968000,968000
049212,T50反1國票94購04,0,0,0,0,0,0,0,0,0,958000,0,0,0,978000,20000,958000,958000
08714P,華碩元富01售03  ,0,0,0,0,0,0,0,0,0,951000,0,0,0,951000,0,951000,951000
3014,聯陽            ,1252001,271000,981001,0,0,0,0,0,0,-31000,38000,44000,-6000,5000,30000,-25000,950001
055614,華新科國票97購02,0,0,0,0,0,0,0,0,0,950000,0,0,0,1870000,920000,950000,950000
1707,葡萄王          ,1045001,104000,941001,0,0,0,110000,0,110000,-113000,7000,120000,-113000,0,0,0,938001
4958,臻鼎-KY         ,3192000,2352117,839883,0,0,0,4000,30000,-26000,124000,163000,98000,65000,71000,12000,59000,937883
3006,晶豪科          ,979001,315000,664001,0,0,0,0,0,0,261000,17000,2000,15000,282000,36000,246000,925001
04935P,鴻海中信96售01  ,0,0,0,0,0,0,0,0,0,924000,0,0,0,959000,35000,924000,924000
05180P,玉晶光凱基95售04,0,0,0,0,0,0,0,0,0,908000,0,0,0,1032000,124000,908000,908000
3036,文曄            ,1594001,484000,1110001,0,0,0,2000,280000,-278000,72000,85000,108000,-23000,172000,77000,95000,904001
042903,金寶元大94購01  ,0,0,0,0,0,0,0,0,0,904000,0,0,0,972000,68000,904000,904000
042676,臺指反元大93購01,0,0,0,0,0,0,0,0,0,898000,0,0,0,898000,0,898000,898000
2601,益航            ,1012001,194000,818001,0,0,0,0,0,0,78000,37000,0,37000,41000,0,41000,896001
2915,潤泰全          ,1265000,928002,336998,0,0,0,0,0,0,555000,22000,9000,13000,549000,7000,542000,891998
8046,南電            ,2017000,3959000,-1942000,0,0,0,1348000,0,1348000,1480000,352000,147000,205000,1426000,151000,1275000,886000
06757P,台灣50元大9B售01,0,0,0,0,0,0,0,0,0,884000,0,0,0,968000,84000,884000,884000
2505,國揚            ,1064000,191000,873000,0,0,0,0,0,0,-46000,8000,0,8000,0,54000,-54000,827000
1907,永豐餘          ,2081000,1168000,913000,0,0,0,0,0,0,-93000,44000,137000,-93000,0,0,0,820000
03657C,T50反1元大99牛01,0,0,0,0,0,0,0,0,0,800000,0,0,0,820000,20000,800000,800000
06152P,玉晶光元大98售06,0,0,0,0,0,0,0,0,0,800000,0,0,0,1110000,310000,800000,800000
042752,台灣50元大96購03,0,0,0,0,0,0,0,0,0,798000,0,0,0,1012000,214000,798000,798000
2369,菱生            ,1229001,454000,775001,0,0,0,0,0,0,18000,19000,1000,18000,0,0,0,793001
1514,亞力            ,901001,103000,798001,0,0,0,6000,0,6000,-17000,6000,0,6000,0,23000,-23000,787001
2603,長榮            ,4628748,4173000,455748,0,0,0,263000,0,263000,62000,149000,0,149000,0,87000,-87000,780748
1227,佳格            ,1929000,1157000,772000,0,0,0,0,0,0,7000,7000,0,7000,0,0,0,779000
048821,光磊凱基95購01  ,0,0,0,0,0,0,0,0,0,768000,0,0,0,805000,37000,768000,768000
8131,福懋科          ,793000,103000,690000,0,0,0,1000,0,1000,70000,16000,15000,1000,74000,5000,69000,761000
8215,明基材          ,1089000,379000,710000,0,0,0,0,0,0,51000,55000,4000,51000,0,0,0,761000
00651R,FH香港反1       ,143000,0,143000,0,0,0,0,0,0,615000,0,0,0,940000,325000,615000,758000
049576,元油2X元大94購06,0,0,0,0,0,0,0,0,0,755000,0,0,0,756000,1000,755000,755000
5522,遠雄            ,1201000,668000,533000,0,0,0,0,0,0,219000,219000,0,219000,0,0,0,752000
08484P,台灣50中信96售01,0,0,0,0,0,0,0,0,0,743000,0,0,0,763000,20000,743000,743000
03412P,滬深2X群益98售01,0,0,0,0,0,0,0,0,0,740000,0,0,0,813000,73000,740000,740000
2456,奇力新          ,2237105,1616000,621105,0,0,0,50000,159000,-109000,224000,117000,124000,-7000,277000,46000,231000,736105
046793,聯發科元富99購01,0,0,0,0,0,0,0,0,0,736000,0,0,0,1275000,539000,736000,736000
06508P,台灣50統一98售01,0,0,0,0,0,0,0,0,0,736000,0,0,0,930000,194000,736000,736000
05018P,臺股指元大95售09,0,0,0,0,0,0,0,0,0,735000,0,0,0,735000,0,735000,735000
6257,矽格            ,1687000,1190172,496828,0,0,0,0,0,0,238000,126000,110000,16000,235000,13000,222000,734828
05774P,臺股指凱基99售04,0,0,0,0,0,0,0,0,0,734000,0,0,0,1681000,947000,734000,734000
00656R,國泰中國A50反1  ,0,5000,-5000,0,0,0,0,0,0,739000,0,0,0,969000,230000,739000,734000
05049P,矽創永豐95售01  ,0,0,0,0,0,0,0,0,0,721000,0,0,0,761000,40000,721000,721000
1905,華紙            ,1194000,485000,709000,0,0,0,0,0,0,7000,7000,0,7000,0,0,0,716000
050142,聯發科元富9A購01,0,0,0,0,0,0,0,0,0,715000,0,0,0,823000,108000,715000,715000
048391,友訊國票94購01  ,0,0,0,0,0,0,0,0,0,712000,0,0,0,947000,235000,712000,712000
057525,光磊元大99購01  ,0,0,0,0,0,0,0,0,0,709000,0,0,0,781000,72000,709000,709000
06235P,國巨元大97售12  ,0,0,0,0,0,0,0,0,0,703000,0,0,0,881000,178000,703000,703000
054934,金寶元大97購01  ,0,0,0,0,0,0,0,0,0,698000,0,0,0,829000,131000,698000,698000
056181,百和元富97購02  ,0,0,0,0,0,0,0,0,0,697000,0,0,0,752000,55000,697000,697000
05405P,大立光群益95售04,0,0,0,0,0,0,0,0,0,696000,0,0,0,716000,20000,696000,696000
4414,如興            ,933000,260000,673000,0,0,0,0,0,0,19000,24000,5000,19000,0,0,0,692000
2387,精元            ,897000,214000,683000,0,0,0,0,0,0,6000,3000,0,3000,21000,18000,3000,689000
1722,台肥            ,1503001,847000,656001,0,0,0,7000,0,7000,25000,25000,0,25000,0,0,0,688001
4943,康控-KY         ,984000,414000,570000,0,0,0,0,0,0,118000,9000,14000,-5000,138000,15000,123000,688000
03966P,台積電國票93售06,0,0,0,0,0,0,0,0,0,686000,0,0,0,686000,0,686000,686000
9938,百和            ,2382000,1685000,697000,0,0,0,0,238000,-238000,226000,52000,72000,-20000,250000,4000,246000,685000
2481,強茂            ,1034000,393000,641000,0,0,0,0,0,0,43000,16000,0,16000,66000,39000,27000,684000
2401,凌陽            ,719001,90000,629001,0,0,0,0,0,0,45000,68000,0,68000,0,23000,-23000,674001
5203,訊連            ,697000,240000,457000,0,0,0,150000,0,150000,62000,82000,31000,51000,45000,34000,11000,669000
04747P,臺股指元大94售22,0,0,0,0,0,0,0,0,0,666000,0,0,0,728000,62000,666000,666000
052986,聯發科元大97購05,0,0,0,0,0,0,0,0,0,663000,0,0,0,931000,268000,663000,663000
2421,建準            ,1267000,725000,542000,0,0,0,0,0,0,121000,0,0,0,127000,6000,121000,663000
04618P,電子類群益94售02,0,0,0,0,0,0,0,0,0,661000,0,0,0,666000,5000,661000,661000
6670,復盛應用        ,1011255,352000,659255,0,0,0,0,5000,-5000,6000,0,0,0,6000,0,6000,660255
8028,昇陽半導體      ,767000,232000,535000,0,0,0,32000,0,32000,93000,9000,20000,-11000,113000,9000,104000,660000
043349,T50反1國票93購01,0,0,0,0,0,0,0,0,0,651000,0,0,0,651000,0,651000,651000
3380,明泰            ,664000,275000,389000,0,0,0,0,0,0,261000,286000,167000,119000,142000,0,142000,650000
08795P,聯發科凱基01售11,0,0,0,0,0,0,0,0,0,650000,0,0,0,850000,200000,650000,650000
3704,合勤控          ,816000,169000,647000,0,0,0,0,0,0,0,0,0,0,0,0,0,647000
00739,元大MSCI A股    ,330000,0,330000,0,0,0,0,0,0,311000,0,0,0,504000,193000,311000,641000
053951,T50反1台新06購02,0,0,0,0,0,0,0,0,0,640000,0,0,0,642000,2000,640000,640000
04168P,元金2X凱基99售01,0,0,0,0,0,0,0,0,0,639000,0,0,0,644000,5000,639000,639000
048627,T50反1元大96購02,0,0,0,0,0,0,0,0,0,635000,0,0,0,635000,0,635000,635000
3056,總太            ,916000,287000,629000,0,0,0,0,0,0,4000,8000,4000,4000,0,0,0,633000
050899,旭富元大95購01  ,0,0,0,0,0,0,0,0,0,631000,0,0,0,681000,50000,631000,631000
045517,元油2X元富98購01,0,0,0,0,0,0,0,0,0,629000,0,0,0,1400000,771000,629000,629000
06490P,鴻海富邦99售02  ,0,0,0,0,0,0,0,0,0,623000,0,0,0,711000,88000,623000,623000
05322P,台積電凱基95售17,0,0,0,0,0,0,0,0,0,620000,0,0,0,620000,0,620000,620000
6269,台郡            ,1767000,1501041,265959,0,0,0,229000,1000,228000,125000,114000,67000,47000,92000,14000,78000,618959
00674R,元大S&P黃金反1  ,0,0,0,0,0,0,0,0,0,616000,0,0,0,616000,0,616000,616000
6271,同欣電          ,700000,369000,331000,0,0,0,246000,0,246000,26000,99000,86000,13000,32000,19000,13000,603000
06046P,健策統一96售03  ,0,0,0,0,0,0,0,0,0,600000,0,0,0,771000,171000,600000,600000
2606,裕民            ,778000,337000,441000,0,0,0,6000,0,6000,152000,153000,0,153000,0,1000,-1000,599000
0061,元大寶滬深      ,257000,15000,242000,0,0,0,0,0,0,354000,310000,0,310000,135000,91000,44000,596000
1305,華夏            ,892000,306000,586000,0,0,0,0,0,0,9000,9000,0,9000,0,0,0,595000
4142,國光生          ,1955000,1366000,589000,0,0,0,0,0,0,6000,6000,0,6000,0,0,0,595000
04995P,台達電凱基96售03,0,0,0,0,0,0,0,0,0,593000,0,0,0,650000,57000,593000,593000
05638P,國巨統一96售04  ,0,0,0,0,0,0,0,0,0,587000,0,0,0,3529000,2942000,587000,587000
05686P,臺股指元大96售11,0,0,0,0,0,0,0,0,0,584000,0,0,0,584000,0,584000,584000
05403P,台積電富邦95售08,0,0,0,0,0,0,0,0,0,580000,0,0,0,880000,300000,580000,580000
06658P,台灣50富邦9C售01,0,0,0,0,0,0,0,0,0,580000,0,0,0,964000,384000,580000,580000
00636,國泰中國A50     ,272000,0,272000,0,0,0,0,0,0,306003,0,0,0,615000,308997,306003,578003
2332,友訊            ,870001,394000,476001,0,0,0,0,0,0,102000,183000,99000,84000,190000,172000,18000,578001
00693U,街口S&P黃豆     ,374000,0,374000,0,0,0,0,0,0,199000,0,0,0,426000,227000,199000,573000
2390,云辰            ,805000,246000,559000,0,0,0,0,0,0,5000,45000,40000,5000,0,0,0,564000
6214,精誠            ,875000,398000,477000,0,0,0,0,0,0,87000,93000,6000,87000,0,0,0,564000
9945,潤泰新          ,1243000,759000,484000,0,0,0,0,0,0,80000,32000,32000,0,80000,0,80000,564000
8105,凌巨            ,819000,256000,563000,0,0,0,0,0,0,0,64000,64000,0,0,0,0,563000
2352,佳世達          ,2074001,1590000,484001,0,0,0,5000,0,5000,73000,95000,22000,73000,18000,18000,0,562001
6213,聯茂            ,1400000,1371249,28751,0,0,0,546000,995000,-449000,981000,775000,192000,583000,426000,28000,398000,560751
06190P,玉晶光永豐97售05,0,0,0,0,0,0,0,0,0,559000,0,0,0,572000,13000,559000,559000
050170,臺指反元大97購02,0,0,0,0,0,0,0,0,0,554000,0,0,0,554000,0,554000,554000
06089P,矽創永豐97售01  ,0,0,0,0,0,0,0,0,0,554000,0,0,0,784000,230000,554000,554000
054667,神基元富97購01  ,0,0,0,0,0,0,0,0,0,551000,0,0,0,749000,198000,551000,551000
051440,鴻海元大95購12  ,0,0,0,0,0,0,0,0,0,550000,0,0,0,550000,0,550000,550000
05763P,致新永豐96售01  ,0,0,0,0,0,0,0,0,0,549000,0,0,0,549000,0,549000,549000
06193P,台積電元富97售04,0,0,0,0,0,0,0,0,0,549000,0,0,0,555000,6000,549000,549000
06118P,上証2X凱基98售03,0,0,0,0,0,0,0,0,0,543000,0,0,0,628000,85000,543000,543000
05201P,玉晶光國泰97售02,0,0,0,0,0,0,0,0,0,542000,0,0,0,590000,48000,542000,542000
054979,南港元富97購01  ,0,0,0,0,0,0,0,0,0,540000,0,0,0,672000,132000,540000,540000
4906,正文            ,617000,296000,321000,0,0,0,0,0,0,217000,28000,24000,4000,257000,44000,213000,538000
057298,旭富永豐98購01  ,0,0,0,0,0,0,0,0,0,537000,0,0,0,574000,37000,537000,537000
05660P,玉晶光第一96售01,0,0,0,0,0,0,0,0,0,535000,0,0,0,620000,85000,535000,535000
3005,神基            ,731000,1358000,-627000,0,0,0,368000,0,368000,791000,35000,7000,28000,773000,10000,763000,532000
2363,矽統            ,638001,141000,497001,0,0,0,0,0,0,34000,55000,21000,34000,0,0,0,531001
054689,華新科永豐97購01,0,0,0,0,0,0,0,0,0,526000,0,0,0,757000,231000,526000,526000
046241,聯發科中信94購02,0,0,0,0,0,0,0,0,0,522000,0,0,0,522000,0,522000,522000
04243P,大立光永昌93售08,0,0,0,0,0,0,0,0,0,522000,0,0,0,522000,0,522000,522000
05431P,台光電統一97售01,0,0,0,0,0,0,0,0,0,520000,0,0,0,520000,0,520000,520000
047983,宏達電群益93購04,0,0,0,0,0,0,0,0,0,519000,0,0,0,519000,0,519000,519000
3698,隆達            ,628000,186000,442000,0,0,0,0,0,0,76000,91000,5000,86000,0,10000,-10000,518000
048270,T50反1富邦99購01,0,0,0,0,0,0,0,0,0,517000,0,0,0,520000,3000,517000,517000
3605,宏致            ,558000,64000,494000,0,0,0,0,2000,-2000,20000,20000,0,20000,0,0,0,512000
1217,愛之味          ,710001,208000,502001,0,0,0,0,0,0,9000,9000,0,9000,0,0,0,511001
04953P,台積電群益94售13,0,0,0,0,0,0,0,0,0,507000,0,0,0,643000,136000,507000,507000
055868,臺股指元大97購07,0,0,0,0,0,0,0,0,0,505000,0,0,0,505000,0,505000,505000
3665,貿聯-KY         ,1443000,803017,639983,0,0,0,19000,95000,-76000,-59000,14000,87000,-73000,40000,26000,14000,504983
03253P,台灣50國泰03售02,0,0,0,0,0,0,0,0,0,504000,0,0,0,539000,35000,504000,504000
04894P,世紀鋼元大94售02,0,0,0,0,0,0,0,0,0,503000,0,0,0,583000,80000,503000,503000
06211P,鴻海元大98售04  ,0,0,0,0,0,0,0,0,0,502000,0,0,0,522000,20000,502000,502000
04880P,GIS永豐94售02   ,0,0,0,0,0,0,0,0,0,499000,0,0,0,499000,0,499000,499000
04702P,臺股指元富94售08,0,0,0,0,0,0,0,0,0,498000,0,0,0,523000,25000,498000,498000
050708,臺股指凱基96購06,0,0,0,0,0,0,0,0,0,498000,0,0,0,503000,5000,498000,498000
04707P,喬山元大94售01  ,0,0,0,0,0,0,0,0,0,495000,0,0,0,500000,5000,495000,495000
051023,S&P反1統一95購02,0,0,0,0,0,0,0,0,0,494000,0,0,0,499000,5000,494000,494000
045662,華邦電統一94購02,0,0,0,0,0,0,0,0,0,493000,0,0,0,499000,6000,493000,493000
03808P,旺宏國泰94售02  ,0,0,0,0,0,0,0,0,0,490000,0,0,0,490000,0,490000,490000
05140P,台表科國票96售01,0,0,0,0,0,0,0,0,0,490000,0,0,0,495000,5000,490000,490000
049290,元油2X群益94購02,0,0,0,0,0,0,0,0,0,488000,0,0,0,499000,11000,488000,488000
056101,光磊永豐98購01  ,0,0,0,0,0,0,0,0,0,487000,0,0,0,524000,37000,487000,487000
04619P,華新統一94售02  ,0,0,0,0,0,0,0,0,0,486000,0,0,0,486000,0,486000,486000
051426,道瓊反統一95購02,0,0,0,0,0,0,0,0,0,486000,0,0,0,486000,0,486000,486000
05118P,超眾元大96售04  ,0,0,0,0,0,0,0,0,0,486000,0,0,0,519000,33000,486000,486000
1710,東聯            ,764000,320000,444000,0,0,0,7000,0,7000,35000,35000,0,35000,0,0,0,486000
054684,裕隆永豐97購01  ,0,7000,-7000,0,0,0,0,0,0,488000,0,0,0,1163000,675000,488000,481000
054456,華泰群益99購01  ,0,0,0,0,0,0,0,0,0,480000,0,0,0,480000,0,480000,480000
5469,瀚宇博          ,1601000,1213000,388000,0,0,0,0,0,0,92000,23000,0,23000,104000,35000,69000,480000
044974,鴻海國票94購01  ,0,0,0,0,0,0,0,0,0,479000,0,0,0,479000,0,479000,479000
3041,揚智            ,717001,239000,478001,0,0,0,0,0,0,0,0,0,0,0,0,0,478001
2331,精英            ,513000,83000,430000,0,0,0,0,0,0,48000,63000,15000,48000,0,0,0,478000
051451,世芯元大95購03  ,0,0,0,0,0,0,0,0,0,469000,0,0,0,491000,22000,469000,469000
05450P,臺股指元大95售27,0,0,0,0,0,0,0,0,0,469000,0,0,0,489000,20000,469000,469000
4977,眾達-KY         ,524000,94000,430000,0,0,0,0,0,0,39000,42000,3000,39000,0,0,0,469000
3338,泰碩            ,828000,712010,115990,0,0,0,38000,0,38000,315000,284000,51000,233000,152000,70000,82000,468990
04974P,聯發科凱基96售02,0,0,0,0,0,0,0,0,0,467000,0,0,0,502000,35000,467000,467000
057462,光磊永豐98購02  ,0,0,0,0,0,0,0,0,0,466000,0,0,0,582000,116000,466000,466000
052771,GIS群益96購01   ,0,0,0,0,0,0,0,0,0,462000,0,0,0,480000,18000,462000,462000
03890P,聯詠國泰94售02  ,0,0,0,0,0,0,0,0,0,460000,0,0,0,460000,0,460000,460000
048685,T50反1第一94購01,0,0,0,0,0,0,0,0,0,460000,0,0,0,460000,0,460000,460000
050055,道瓊反凱基95購01,0,0,0,0,0,0,0,0,0,460000,0,0,0,500000,40000,460000,460000
050396,欣興元富94購02  ,0,0,0,0,0,0,0,0,0,460000,0,0,0,460000,0,460000,460000
049000,元油2X中信95購02,0,0,0,0,0,0,0,0,0,455000,0,0,0,475000,20000,455000,455000
049739,大立光群益94購05,0,0,0,0,0,0,0,0,0,455000,0,0,0,455000,0,455000,455000
8016,矽創            ,906000,836000,70000,0,0,0,347000,0,347000,38000,4000,0,4000,41000,7000,34000,455000
06426P,T50正2元大9B售01,0,0,0,0,0,0,0,0,0,455000,0,0,0,455000,0,455000,455000
05551P,電子類元大96售01,0,0,0,0,0,0,0,0,0,453000,0,0,0,568000,115000,453000,453000
8110,華東            ,696000,283000,413000,0,0,0,0,9000,-9000,49000,77000,28000,49000,0,0,0,453000
3034,聯詠            ,3331425,3082067,249358,0,0,0,122000,3000,119000,84000,17000,143000,-126000,242000,32000,210000,452358
055982,T50反1元富97購01,0,0,0,0,0,0,0,0,0,451000,0,0,0,453000,2000,451000,451000
042719,臺指反群益93購01,0,0,0,0,0,0,0,0,0,451000,0,0,0,451000,0,451000,451000
1515,力山            ,672000,206000,466000,0,0,0,0,0,0,-15000,5000,0,5000,3000,23000,-20000,451000
05028P,康控永豐95售02  ,0,0,0,0,0,0,0,0,0,442000,0,0,0,462000,20000,442000,442000
04672P,台積電統一94售09,0,0,0,0,0,0,0,0,0,441000,0,0,0,522000,81000,441000,441000
052736,T50反1元大96購05,0,0,0,0,0,0,0,0,0,441000,0,0,0,1494000,1053000,441000,441000
052744,聯詠元大97購01  ,0,0,0,0,0,0,0,0,0,440000,0,0,0,739000,299000,440000,440000
2605,新興            ,743001,300000,443001,0,0,0,0,0,0,-4000,0,4000,-4000,0,0,0,439001
1701,中化            ,444001,61000,383001,0,0,0,10000,0,10000,44000,44000,0,44000,0,0,0,437001
05163P,聯發科統一96售02,0,0,0,0,0,0,0,0,0,435000,0,0,0,466000,31000,435000,435000
044533,S&P反1中信94購02,0,0,0,0,0,0,0,0,0,435000,0,0,0,435000,0,435000,435000
050990,T50反1元大95購01,0,0,0,0,0,0,0,0,0,435000,0,0,0,435000,0,435000,435000
2006,東和鋼鐵        ,1189000,800000,389000,0,0,0,2000,0,2000,42000,46000,4000,42000,0,0,0,433000
00706L,元大S&P日圓正2  ,0,0,0,0,0,0,0,0,0,432000,0,0,0,483000,51000,432000,432000
05510P,燿華元富96售01  ,0,0,0,0,0,0,0,0,0,432000,0,0,0,438000,6000,432000,432000
2439,美律            ,648000,445000,203000,0,0,0,1000,0,1000,228000,55000,50000,5000,240000,17000,223000,432000
04808P,訊芯永豐94售02  ,0,0,0,0,0,0,0,0,0,431000,0,0,0,431000,0,431000,431000
04506P,旺宏元大94售06  ,0,0,0,0,0,0,0,0,0,428000,0,0,0,430000,2000,428000,428000
1218,泰山            ,690001,265000,425001,0,0,0,0,0,0,0,0,0,0,0,0,0,425001
049797,台積電元大94購17,0,0,0,0,0,0,0,0,0,425000,0,0,0,568000,143000,425000,425000
3062,建漢            ,756001,363000,393001,0,0,0,0,0,0,31000,35000,4000,31000,0,0,0,424001
05000P,臺股指永豐95售01,0,0,0,0,0,0,0,0,0,421000,0,0,0,502000,81000,421000,421000
04364P,台積電元富94售03,0,0,0,0,0,0,0,0,0,418000,0,0,0,418000,0,418000,418000
6668,中揚光          ,459000,37000,422000,0,0,0,0,0,0,-4000,0,4000,-4000,0,0,0,418000
056197,友訊永豐97購01  ,0,0,0,0,0,0,0,0,0,417000,0,0,0,448000,31000,417000,417000
056428,台達電凱基99購01,0,0,0,0,0,0,0,0,0,415000,0,0,0,524000,109000,415000,415000
054810,中橡元大9A購01  ,0,0,0,0,0,0,0,0,0,413000,0,0,0,438000,25000,413000,413000
045393,寶齡國泰93購01  ,0,0,0,0,0,0,0,0,0,410000,0,0,0,410000,0,410000,410000
045657,T50反1國泰94購01,0,0,0,0,0,0,0,0,0,410000,0,0,0,535000,125000,410000,410000
04391P,玉晶光凱基95售03,0,0,0,0,0,0,0,0,0,409000,0,0,0,410000,1000,409000,409000
08671P,友訊國票01售01  ,0,0,0,0,0,0,0,0,0,405000,0,0,0,425000,20000,405000,405000
03177P,國巨群益01售12  ,0,0,0,0,0,0,0,0,0,404000,0,0,0,404000,0,404000,404000
04511P,臺股指元大94售06,0,0,0,0,0,0,0,0,0,403000,0,0,0,463000,60000,403000,403000
055412,旺宏富邦99購01  ,0,0,0,0,0,0,0,0,0,403000,0,0,0,405000,2000,403000,403000
054067,百和國票97購03  ,0,0,0,0,0,0,0,0,0,403000,0,0,0,1022000,619000,403000,403000
04687P,全新凱基94售02  ,0,0,0,0,0,0,0,0,0,402000,0,0,0,402000,0,402000,402000
050613,台光電元大94購09,0,0,0,0,0,0,0,0,0,401000,0,0,0,401000,0,401000,401000
049763,美食國泰96購01  ,0,0,0,0,0,0,0,0,0,400000,0,0,0,400000,0,400000,400000
052658,友達元富9C購01  ,0,0,0,0,0,0,0,0,0,400000,0,0,0,470000,70000,400000,400000
053762,T50反1富邦97購01,0,0,0,0,0,0,0,0,0,400000,0,0,0,400000,0,400000,400000
05485P,旺宏凱基95售08  ,0,0,0,0,0,0,0,0,0,400000,0,0,0,410000,10000,400000,400000
2103,台橡            ,642000,276000,366000,0,0,0,0,0,0,34000,34000,0,34000,0,0,0,400000
047694,SP黃豆國票9B購01,0,0,0,0,0,0,0,0,0,399000,0,0,0,400000,1000,399000,399000
04507P,台光電元大94售03,0,0,0,0,0,0,0,0,0,399000,0,0,0,499000,100000,399000,399000
05921P,同欣電元大96售06,0,0,0,0,0,0,0,0,0,399000,0,0,0,461000,62000,399000,399000
4935,茂林-KY         ,519575,372000,147575,0,0,0,261000,40000,221000,29000,44000,96000,-52000,90000,9000,81000,397575
6558,興能高          ,522000,106000,416000,0,0,0,0,19000,-19000,0,0,0,0,0,0,0,397000
9105,泰金寶-DR       ,596000,199000,397000,0,0,0,0,0,0,0,0,0,0,0,0,0,397000
051476,聯發科凱基95購09,0,0,0,0,0,0,0,0,0,396000,0,0,0,396000,0,396000,396000
1582,信錦            ,589001,207000,382001,0,0,0,0,0,0,13000,13000,0,13000,0,0,0,395001
06201P,可成元大97售01  ,0,0,0,0,0,0,0,0,0,394000,0,0,0,534000,140000,394000,394000
06796P,臺股指凱基98售06,0,0,0,0,0,0,0,0,0,394000,0,0,0,580000,186000,394000,394000
05282P,可成元大95售09  ,0,0,0,0,0,0,0,0,0,393000,0,0,0,813000,420000,393000,393000
05110P,上銀統一95售01  ,0,0,0,0,0,0,0,0,0,393000,0,0,0,405000,12000,393000,393000
052664,麗豐國票96購02  ,0,0,0,0,0,0,0,0,0,390000,0,0,0,390000,0,390000,390000
05616P,台光電永豐96售01,0,0,0,0,0,0,0,0,0,387000,0,0,0,407000,20000,387000,387000
052135,聯發科凱基9B購01,0,0,0,0,0,0,0,0,0,387000,0,0,0,953000,566000,387000,387000
03857P,聯發科元富99售02,0,0,0,0,0,0,0,0,0,385000,0,0,0,467000,82000,385000,385000
8996,高力            ,695000,282000,413000,0,0,0,0,0,0,-30000,51000,81000,-30000,0,0,0,383000
06625P,華新科統一98售03,0,0,0,0,0,0,0,0,0,380000,0,0,0,393000,13000,380000,380000
03427P,聯電元大02售11  ,0,0,0,0,0,0,0,0,0,379000,0,0,0,499000,120000,379000,379000
05724P,致茂永豐96售01  ,0,0,0,0,0,0,0,0,0,377000,0,0,0,401000,24000,377000,377000
057055,立積元大99購01  ,0,0,0,0,0,0,0,0,0,375000,0,0,0,386000,11000,375000,375000
04821P,臺股指永豐94售01,0,0,0,0,0,0,0,0,0,375000,0,0,0,702000,327000,375000,375000
05476P,聯發科群益95售06,0,0,0,0,0,0,0,0,0,375000,0,0,0,375000,0,375000,375000
06599P,宏達電永豐98售02,0,0,0,0,0,0,0,0,0,375000,0,0,0,377000,2000,375000,375000
05862P,大立光國泰98售01,0,0,0,0,0,0,0,0,0,374000,0,0,0,1075000,701000,374000,374000
1536,和大            ,469000,237000,232000,0,0,0,144000,40000,104000,38000,16000,19000,-3000,50000,9000,41000,374000
06613P,華新科富邦9A售03,0,0,0,0,0,0,0,0,0,373000,0,0,0,597000,224000,373000,373000
054331,世芯永豐96購03  ,0,0,0,0,0,0,0,0,0,371000,0,0,0,660000,289000,371000,371000
04084P,台表科統一93售01,0,0,0,0,0,0,0,0,0,370000,0,0,0,370000,0,370000,370000
052675,新光金國泰98購01,0,0,0,0,0,0,0,0,0,369000,0,0,0,406000,37000,369000,369000
048628,T50反1元大96購03,0,0,0,0,0,0,0,0,0,367000,0,0,0,367000,0,367000,367000
2929,淘帝-KY         ,485001,110000,375001,0,0,0,0,0,0,-9000,0,0,0,0,9000,-9000,366001
056660,臺股指元大9A購07,0,0,0,0,0,0,0,0,0,366000,0,0,0,396000,30000,366000,366000
051210,S&P反1統一97購01,0,0,0,0,0,0,0,0,0,366000,0,0,0,366000,0,366000,366000
06123P,玉晶光元大97售04,0,0,0,0,0,0,0,0,0,366000,0,0,0,480000,114000,366000,366000
055873,聚陽元富97購01  ,0,0,0,0,0,0,0,0,0,365000,0,0,0,415000,50000,365000,365000
057054,立積元大98購03  ,0,0,0,0,0,0,0,0,0,365000,0,0,0,384000,19000,365000,365000
03242P,聯電統一02售04  ,0,0,0,0,0,0,0,0,0,365000,0,0,0,365000,0,365000,365000
06012P,世芯國票96售01  ,0,0,0,0,0,0,0,0,0,365000,0,0,0,466000,101000,365000,365000
06646P,國巨元大98售16  ,0,0,0,0,0,0,0,0,0,365000,0,0,0,535000,170000,365000,365000
2316,楠梓電          ,969001,572000,397001,0,0,0,0,0,0,-34000,43000,127000,-84000,107000,57000,50000,363001
06072P,牧德永豐97售01  ,0,0,0,0,0,0,0,0,0,363000,0,0,0,405000,42000,363000,363000
05034P,台積電元大95售08,0,0,0,0,0,0,0,0,0,362000,0,0,0,475000,113000,362000,362000
2451,創見            ,676000,737719,-61719,0,0,0,2000,0,2000,421000,8000,0,8000,414000,1000,413000,361281
1229,聯華            ,1078000,747000,331000,0,0,0,5000,1000,4000,26000,26000,0,26000,0,0,0,361000
04327P,台積電國泰95售01,0,0,0,0,0,0,0,0,0,360000,0,0,0,490000,130000,360000,360000
045618,元油2X永豐98購01,0,0,0,0,0,0,0,0,0,359000,0,0,0,695000,336000,359000,359000
2014,中鴻            ,1148000,872000,276000,0,0,0,0,0,0,81000,89000,8000,81000,0,0,0,357000
06880P,鈺齊凱基98售03  ,0,0,0,0,0,0,0,0,0,356000,0,0,0,818000,462000,356000,356000
057488,聯發科元大99購02,0,0,0,0,0,0,0,0,0,354000,0,0,0,697000,343000,354000,354000
06837P,上銀統一9A售02  ,0,0,0,0,0,0,0,0,0,353000,0,0,0,403000,50000,353000,353000
08852P,台灣50台新01售01,0,0,0,0,0,0,0,0,0,352000,0,0,0,352000,0,352000,352000
1455,集盛            ,458000,121000,337000,0,0,0,0,0,0,15000,15000,0,15000,0,0,0,352000
03181P,台灣50元大01售40,0,0,0,0,0,0,0,0,0,351000,0,0,0,401000,50000,351000,351000
03629C,元油2X元富98牛06,0,0,0,0,0,0,0,0,0,350000,0,0,0,350000,0,350000,350000
00686R,群益臺灣加權反1 ,0,0,0,0,0,0,0,0,0,350000,0,0,0,612000,262000,350000,350000
3535,晶彩科          ,385000,35000,350000,0,0,0,0,0,0,0,4000,4000,0,0,0,0,350000
043961,道瓊反國泰94購01,0,0,0,0,0,0,0,0,0,348000,0,0,0,348000,0,348000,348000
06596P,元油2X富邦02售03,0,0,0,0,0,0,0,0,0,348000,0,0,0,448000,100000,348000,348000
06185P,台表科元大97售05,1000,0,1000,0,0,0,0,0,0,347000,0,0,0,379000,32000,347000,348000
06295P,國巨元大97售14  ,0,0,0,0,0,0,0,0,0,348000,0,0,0,548000,200000,348000,348000
2426,鼎元            ,481001,138000,343001,0,0,0,0,0,0,4000,4000,0,4000,0,0,0,347001
2538,基泰            ,390000,81000,309000,0,0,0,0,0,0,35000,35000,0,35000,0,0,0,344000
06347P,祥碩元富97售02  ,10000,0,10000,0,0,0,0,0,0,334000,0,0,0,476000,142000,334000,344000
4961,天鈺            ,356000,29000,327000,0,0,0,0,0,0,16000,17000,1000,16000,0,0,0,343000
057153,祥碩國泰99購01  ,0,0,0,0,0,0,0,0,0,339000,0,0,0,457000,118000,339000,339000
1308,亞聚            ,405001,83000,322001,0,0,0,0,0,0,14000,19000,5000,14000,0,0,0,336001
3029,零壹            ,450001,127000,323001,0,0,0,0,8000,-8000,20000,20000,0,20000,0,0,0,335001
04940P,台積電國票95售02,0,0,0,0,0,0,0,0,0,335000,0,0,0,335000,0,335000,335000
06240P,奇力新元富97售03,0,0,0,0,0,0,0,0,0,335000,0,0,0,387000,52000,335000,335000
05863P,滬深2X元大96售09,0,0,0,0,0,0,0,0,0,335000,0,0,0,339000,4000,335000,335000
052233,台郡凱基96購01  ,0,0,0,0,0,0,0,0,0,334000,0,0,0,349000,15000,334000,334000
04956P,臺股指日盛94售02,0,0,0,0,0,0,0,0,0,334000,0,0,0,334000,0,334000,334000
06326P,鴻海中信01售01  ,0,0,0,0,0,0,0,0,0,333000,0,0,0,424000,91000,333000,333000
057569,光磊永豐98購03  ,0,0,0,0,0,0,0,0,0,332000,0,0,0,384000,52000,332000,332000
04742P,瑞昱統一94售01  ,0,0,0,0,0,0,0,0,0,330000,0,0,0,334000,4000,330000,330000
042927,道瓊反中信94購01,0,0,0,0,0,0,0,0,0,329000,0,0,0,330000,1000,329000,329000
055012,茂林元富97購01  ,0,0,0,0,0,0,0,0,0,329000,0,0,0,558000,229000,329000,329000
06378P,國巨統一97售08  ,0,0,0,0,0,0,0,0,0,328000,0,0,0,332000,4000,328000,328000
05767P,國巨凱基96售11  ,0,0,0,0,0,0,0,0,0,327000,0,0,0,429000,102000,327000,327000
054556,世芯凱基99購01  ,0,0,0,0,0,0,0,0,0,327000,0,0,0,502000,175000,327000,327000
048813,元黃金凱基94購01,0,0,0,0,0,0,0,0,0,325000,0,0,0,559000,234000,325000,325000
05151P,台光電群益95售02,0,0,0,0,0,0,0,0,0,325000,0,0,0,352000,27000,325000,325000
6592,和潤企業        ,349000,24000,325000,0,0,0,0,0,0,0,0,0,0,0,0,0,325000
050659,宏達電元大96購01,0,0,0,0,0,0,0,0,0,324000,0,0,0,400000,76000,324000,324000
05749P,臺股指群益99售03,0,0,0,0,0,0,0,0,0,323000,0,0,0,430000,107000,323000,323000
05712P,友達統一97售03  ,0,0,0,0,0,0,0,0,0,323000,0,0,0,333000,10000,323000,323000
05321P,鴻海凱基95售17  ,0,0,0,0,0,0,0,0,0,323000,0,0,0,353000,30000,323000,323000
06229P,欣興凱基97售07  ,0,0,0,0,0,0,0,0,0,323000,0,0,0,371000,48000,323000,323000
2329,華泰            ,1163001,685000,478001,0,0,0,0,0,0,-156000,6000,60000,-54000,67000,169000,-102000,322001
4927,泰鼎-KY         ,1046000,588000,458000,0,0,0,0,0,0,-136000,92000,11000,81000,62000,279000,-217000,322000
05426P,聯發科凱基95售12,0,0,0,0,0,0,0,0,0,321000,0,0,0,329000,8000,321000,321000
6191,精成科          ,953000,687000,266000,0,0,0,0,0,0,55000,35000,2000,33000,23000,1000,22000,321000
04263P,南電群益93售03  ,0,0,0,0,0,0,0,0,0,320000,0,0,0,320000,0,320000,320000
05131P,聯詠統一97售01  ,0,0,0,0,0,0,0,0,0,320000,0,0,0,330000,10000,320000,320000
06134P,緯穎元富97售03  ,0,0,0,0,0,0,0,0,0,320000,0,0,0,330000,10000,320000,320000
06476P,臺股指永豐98售01,0,0,0,0,0,0,0,0,0,318000,0,0,0,478000,160000,318000,318000
1519,華城            ,510000,153000,357000,0,0,0,0,50000,-50000,11000,11000,0,11000,0,0,0,318000
6120,達運            ,573000,259000,314000,0,0,0,0,0,0,2000,2000,0,2000,0,0,0,316000
06090P,旺宏統一97售06  ,0,0,0,0,0,0,0,0,0,315000,0,0,0,438000,123000,315000,315000
5521,工信            ,555000,281000,274000,0,0,0,0,0,0,39000,44000,5000,39000,0,0,0,313000
05224P,華通統一95售03  ,0,0,0,0,0,0,0,0,0,312000,0,0,0,312000,0,312000,312000
055013,訊連元富97購01  ,0,0,0,0,0,0,0,0,0,312000,0,0,0,415000,103000,312000,312000
044965,大立光中信95購01,0,0,0,0,0,0,0,0,0,311000,0,0,0,320000,9000,311000,311000
054963,牧德元大97購02  ,0,0,0,0,0,0,0,0,0,311000,0,0,0,491000,180000,311000,311000
06752P,訊芯凱基98售05  ,0,0,0,0,0,0,0,0,0,311000,0,0,0,411000,100000,311000,311000
04267P,康控元富93售04  ,0,0,0,0,0,0,0,0,0,310000,0,0,0,310000,0,310000,310000
05527P,聯茂群益96售01  ,0,0,0,0,0,0,0,0,0,310000,0,0,0,310000,0,310000,310000
042994,葡萄王元大94購02,0,0,0,0,0,0,0,0,0,309000,0,0,0,344000,35000,309000,309000
056812,泰鼎統一98購01  ,0,0,0,0,0,0,0,0,0,308000,0,0,0,323000,15000,308000,308000
04228P,貿聯永豐93售03  ,0,0,0,0,0,0,0,0,0,308000,0,0,0,308000,0,308000,308000
6452,康友-KY         ,411000,138000,273000,0,0,0,0,0,0,35000,2000,15000,-13000,84000,36000,48000,308000
05013P,台積電元大96售05,0,0,0,0,0,0,0,0,0,307000,0,0,0,419000,112000,307000,307000
06364P,鴻海凱基97售08  ,0,0,0,0,0,0,0,0,0,307000,0,0,0,562000,255000,307000,307000
04950P,上証2X中信96售02,0,0,0,0,0,0,0,0,0,306000,0,0,0,308000,2000,306000,306000
06851P,鈺齊元大98售01  ,0,0,0,0,0,0,0,0,0,306000,0,0,0,546000,240000,306000,306000
04756P,大立光元富94售08,0,0,0,0,0,0,0,0,0,305000,0,0,0,416000,111000,305000,305000
1444,力麗            ,640000,362000,278000,0,0,0,0,0,0,27000,27000,0,27000,0,0,0,305000
05154P,台積電兆豐95售05,0,0,0,0,0,0,0,0,0,304000,0,0,0,308000,4000,304000,304000
2548,華固            ,1022000,877000,145000,0,0,0,0,0,0,159000,164000,0,164000,0,5000,-5000,304000
3596,智易            ,858000,625854,232146,0,0,0,0,0,0,71000,25000,22000,3000,78000,10000,68000,303146
052547,光磊兆豐96購01  ,0,0,0,0,0,0,0,0,0,302000,0,0,0,303000,1000,302000,302000
053251,世紀鋼國票97購02,0,0,0,0,0,0,0,0,0,301000,0,0,0,465000,164000,301000,301000
05783P,嘉澤元富96售01  ,0,0,0,0,0,0,0,0,0,300000,0,0,0,345000,45000,300000,300000
05156P,群創兆豐95售01  ,0,0,0,0,0,0,0,0,0,300000,0,0,0,300000,0,300000,300000
047690,美律富邦97購01  ,0,0,0,0,0,0,0,0,0,300000,0,0,0,300000,0,300000,300000
04395P,台積電群益94售06,0,0,0,0,0,0,0,0,0,300000,0,0,0,300000,0,300000,300000
049370,可成元大94購03  ,0,0,0,0,0,0,0,0,0,300000,0,0,0,300000,0,300000,300000
06843P,鴻海元大98售11  ,0,0,0,0,0,0,0,0,0,300000,0,0,0,300000,0,300000,300000
06741P,台積電富邦98售04,0,0,0,0,0,0,0,0,0,300000,0,0,0,300000,0,300000,300000
05698P,群創凱基96售01  ,0,0,0,0,0,0,0,0,0,299000,0,0,0,499000,200000,299000,299000
055581,和大元大97購04  ,0,0,0,0,0,0,0,0,0,299000,0,0,0,299000,0,299000,299000
2031,新光鋼          ,460001,178000,282001,0,0,0,0,0,0,16000,44000,28000,16000,0,0,0,298001
056646,奇鋐凱基99購02  ,0,0,0,0,0,0,0,0,0,298000,0,0,0,333000,35000,298000,298000
04868P,可成統一94售03  ,0,0,0,0,0,0,0,0,0,298000,0,0,0,298000,0,298000,298000
057080,華新科統一99購02,0,0,0,0,0,0,0,0,0,295000,0,0,0,440000,145000,295000,295000
06215P,康控永豐97售02  ,0,0,0,0,0,0,0,0,0,295000,0,0,0,305000,10000,295000,295000
056505,聯發科永豐98購01,0,0,0,0,0,0,0,0,0,294000,0,0,0,517000,223000,294000,294000
05119P,聯發科國泰96售02,0,0,0,0,0,0,0,0,0,294000,0,0,0,365000,71000,294000,294000
053065,大立光群益96購01,0,0,0,0,0,0,0,0,0,294000,0,0,0,299000,5000,294000,294000
05155P,聯發科兆豐95售03,0,0,0,0,0,0,0,0,0,293000,0,0,0,293000,0,293000,293000
6706,惠特            ,654000,93373,560627,0,0,0,20000,289000,-269000,0,0,0,0,0,0,0,291627
2457,飛宏            ,362001,70000,292001,0,0,0,0,0,0,-1000,5000,6000,-1000,0,0,0,291001
04784P,超眾元富94售01  ,0,0,0,0,0,0,0,0,0,291000,0,0,0,423000,132000,291000,291000
06822P,上銀富邦99售03  ,0,0,0,0,0,0,0,0,0,289000,0,0,0,299000,10000,289000,289000
2108,南帝            ,576000,292000,284000,0,0,0,0,4300,-4300,9000,13000,4000,9000,0,0,0,288700
056675,聯發科元富02購01,0,0,0,0,0,0,0,0,0,288000,0,0,0,296000,8000,288000,288000
2905,三商            ,576000,300000,276000,0,0,0,0,0,0,12000,12000,0,12000,0,0,0,288000
6451,訊芯-KY         ,472000,114000,358000,0,0,0,0,125000,-125000,54000,3000,6000,-3000,60000,3000,57000,287000
05805P,義隆永豐96售02  ,0,0,0,0,0,0,0,0,0,287000,0,0,0,287000,0,287000,287000
057534,旭富元大98購01  ,0,0,0,0,0,0,0,0,0,286000,0,0,0,286000,0,286000,286000
05275P,國巨凱基95售05  ,0,0,0,0,0,0,0,0,0,286000,0,0,0,526000,240000,286000,286000
04682P,臺股指統一96售01,0,0,0,0,0,0,0,0,0,285000,0,0,0,285000,0,285000,285000
044280,T50反1凱基94購02,0,0,0,0,0,0,0,0,0,285000,0,0,0,285000,0,285000,285000
05261P,鴻海元大95售20  ,0,0,0,0,0,0,0,0,0,283000,0,0,0,905000,622000,283000,283000
03387P,台積電凱基03售11,0,0,0,0,0,0,0,0,0,281000,0,0,0,441000,160000,281000,281000
054509,上証反元大99購01,0,0,0,0,0,0,0,0,0,281000,0,0,0,335000,54000,281000,281000
2723,美食-KY         ,500000,227000,273000,0,0,0,1000,0,1000,7000,2000,0,2000,20000,15000,5000,281000
055638,上銀元富97購01  ,0,0,0,0,0,0,0,0,0,280000,0,0,0,404000,124000,280000,280000
05942P,奇力新凱基96售04,0,0,0,0,0,0,0,0,0,280000,0,0,0,310000,30000,280000,280000
06832P,玉晶光凱基98售03,0,0,0,0,0,0,0,0,0,280000,0,0,0,303000,23000,280000,280000
05740P,宏達電元富96售01,0,0,0,0,0,0,0,0,0,279000,0,0,0,300000,21000,279000,279000
6288,聯嘉            ,434000,161000,273000,0,0,0,0,0,0,5000,5000,0,5000,0,0,0,278000
06738P,瑞昱兆豐98售02  ,0,0,0,0,0,0,0,0,0,276000,0,0,0,328000,52000,276000,276000
2314,台揚            ,345001,67000,278001,0,0,0,0,0,0,-3000,1000,4000,-3000,0,0,0,275001
05490P,鴻海元大95售23  ,0,0,0,0,0,0,0,0,0,275000,0,0,0,285000,10000,275000,275000
05764P,世紀鋼永豐96售03,0,0,0,0,0,0,0,0,0,274000,0,0,0,314000,40000,274000,274000
053048,同欣電麥證96購01,0,0,0,274000,0,274000,0,0,0,274000,0,0,0,274000,0,274000,274000
06100P,台積電日盛97售03,0,0,0,0,0,0,0,0,0,274000,0,0,0,274000,0,274000,274000
05007P,旺宏元富95售01  ,0,0,0,0,0,0,0,0,0,273000,0,0,0,283000,10000,273000,273000
049826,光磊凱基94購02  ,0,0,0,0,0,0,0,0,0,273000,0,0,0,273000,0,273000,273000
056946,國巨統一98購05  ,0,0,0,0,0,0,0,0,0,272000,0,0,0,285000,13000,272000,272000
03413B,臺股指凱基94熊19,0,0,0,0,0,0,0,0,0,272000,0,0,0,1652000,1380000,272000,272000
048553,光磊元大93購03  ,0,0,0,0,0,0,0,0,0,272000,0,0,0,272000,0,272000,272000
06173P,華通元大97售02  ,0,0,0,0,0,0,0,0,0,272000,0,0,0,310000,38000,272000,272000
6552,易華電          ,313000,64000,249000,0,0,0,0,0,0,22000,9000,2000,7000,16000,1000,15000,271000
04583P,滬深2X永豐94售06,0,0,0,0,0,0,0,0,0,270000,0,0,0,270000,0,270000,270000
045871,元油2X元富96購03,0,0,0,0,0,0,0,0,0,270000,0,0,0,975000,705000,270000,270000
047202,欣興元富96購01  ,0,0,0,0,0,0,0,0,0,269000,0,0,0,298000,29000,269000,269000
06800P,台灣50群益9A售02,0,0,0,0,0,0,0,0,0,269000,0,0,0,404000,135000,269000,269000
05079P,可成永豐95售01  ,0,0,0,0,0,0,0,0,0,268000,0,0,0,268000,0,268000,268000
052375,奇力新元大96購02,0,0,0,0,0,0,0,0,0,268000,0,0,0,450000,182000,268000,268000
1795,美時            ,374000,93000,281000,0,0,0,0,0,0,-13000,1000,14000,-13000,0,0,0,268000
3023,信邦            ,596001,358000,238001,0,0,0,2000,0,2000,26000,19000,5000,14000,13000,1000,12000,266001
05564P,玉晶光元大97售02,0,0,0,0,0,0,0,0,0,265000,0,0,0,629000,364000,265000,265000
03751P,旺宏富邦95售01  ,0,0,0,0,0,0,0,0,0,265000,0,0,0,290000,25000,265000,265000
06155P,智邦統一97售02  ,0,0,0,0,0,0,0,0,0,265000,0,0,0,265000,0,265000,265000
2375,凱美            ,587000,392000,195000,0,0,0,0,0,0,69000,0,0,0,69000,0,69000,264000
04250P,嘉晶統一95售02  ,0,0,0,0,0,0,0,0,0,263000,0,0,0,273000,10000,263000,263000
8112,至上            ,686000,450000,236000,0,0,0,8000,0,8000,19000,19000,0,19000,0,0,0,263000
056279,新日興富邦99購01,0,0,0,0,0,0,0,0,0,262000,0,0,0,355000,93000,262000,262000
04764P,台光電台新94售01,0,0,0,0,0,0,0,0,0,262000,0,0,0,262000,0,262000,262000
06450P,聯發科元大98售03,0,0,0,0,0,0,0,0,0,261000,0,0,0,442000,181000,261000,261000
2405,浩鑫            ,358001,98000,260001,0,0,0,0,0,0,0,3000,3000,0,0,0,0,260001
052605,聯發科元大96購06,0,0,0,0,0,0,0,0,0,260000,0,0,0,260000,0,260000,260000
4766,南寶            ,327000,68000,259000,0,0,0,0,0,0,1000,1000,0,1000,0,0,0,260000
06624P,訊芯元大98售06  ,0,0,0,0,0,0,0,0,0,260000,0,0,0,260000,0,260000,260000
6278,台表科          ,2722372,2316648,405724,0,0,0,100000,180000,-80000,-66000,103000,200000,-97000,81000,50000,31000,259724
006207,FH滬深          ,743000,61000,682000,0,0,0,0,0,0,-423000,0,20000,-20000,363000,766000,-403000,259000
056377,智伸科統一9A購01,0,0,0,0,0,0,0,0,0,258000,0,0,0,268000,10000,258000,258000
06492P,上銀永豐98售01  ,0,0,0,0,0,0,0,0,0,258000,0,0,0,258000,0,258000,258000
04007P,國巨國票93售03  ,0,0,0,0,0,0,0,0,0,257000,0,0,0,257000,0,257000,257000
1201,味全            ,414000,134000,280000,0,0,0,0,0,0,-23000,0,6000,-6000,5000,22000,-17000,257000
054864,聯發科群益97購02,0,0,0,0,0,0,0,0,0,256000,0,0,0,256000,0,256000,256000
06036P,台表科凱基96售04,0,0,0,0,0,0,0,0,0,256000,0,0,0,341000,85000,256000,256000
2633,台灣高鐵        ,3531597,3533911,-2314,0,0,0,38000,0,38000,220000,260000,87000,173000,62000,15000,47000,255686
04768P,大立光國泰96售03,0,0,0,0,0,0,0,0,0,254000,0,0,0,295000,41000,254000,254000
3653,健策            ,697478,481000,216478,0,0,0,15000,250000,-235000,272000,72000,24000,48000,280000,56000,224000,253478
3033,威健            ,301001,48000,253001,0,0,0,0,0,0,0,0,0,0,0,0,0,253001
054197,台積電永昌96購07,0,0,0,0,0,0,0,0,0,253000,0,0,0,2901000,2648000,253000,253000
05895P,奇力新群益96售03,0,0,0,0,0,0,0,0,0,253000,0,0,0,330000,77000,253000,253000
057094,祥碩元富98購01  ,0,0,0,0,0,0,0,0,0,252000,0,0,0,330000,78000,252000,252000
06669P,緯穎凱基98售05  ,0,0,0,0,0,0,0,0,0,252000,0,0,0,252000,0,252000,252000
051597,T50反1中信99購02,0,0,0,0,0,0,0,0,0,251000,0,0,0,258000,7000,251000,251000
8271,宇瞻            ,459000,237000,222000,0,0,0,0,0,0,29000,29000,0,29000,0,0,0,251000
3026,禾伸堂          ,1068001,816000,252001,0,0,0,0,0,0,-2000,44000,3000,41000,30000,73000,-43000,250001
049054,禾伸堂永豐94購01,0,0,0,0,0,0,0,0,0,250000,0,0,0,300000,50000,250000,250000
04939P,國巨國票95售03  ,0,0,0,0,0,0,0,0,0,250000,0,0,0,270000,20000,250000,250000
05383P,鴻海富邦95售06  ,0,0,0,0,0,0,0,0,0,250000,0,0,0,250000,0,250000,250000
05311P,臺股指群益95售10,0,0,0,0,0,0,0,0,0,250000,0,0,0,250000,0,250000,250000
05981P,可成永昌98售02  ,0,0,0,0,0,0,0,0,0,250000,0,0,0,394000,144000,250000,250000
056192,智邦富邦98購01  ,0,0,0,0,0,0,0,0,0,248000,0,0,0,400000,152000,248000,248000
053371,滬深2X元大99購01,0,0,0,0,0,0,0,0,0,248000,0,0,0,251000,3000,248000,248000
04782P,智伸科統一96售01,0,0,0,0,0,0,0,0,0,246000,0,0,0,275000,29000,246000,246000
03828P,致茂中信95售01  ,0,0,0,0,0,0,0,0,0,246000,0,0,0,377000,131000,246000,246000
052957,T50反1凱基99購01,0,0,0,0,0,0,0,0,0,246000,0,0,0,246000,0,246000,246000
06083P,華通統一98售02  ,0,0,0,0,0,0,0,0,0,246000,0,0,0,246000,0,246000,246000
2820,華票            ,761000,573000,188000,0,0,0,0,0,0,58000,58000,0,58000,0,0,0,246000
3060,銘異            ,452001,210000,242001,0,0,0,0,0,0,3000,6000,3000,3000,0,0,0,245001
05665P,台積電凱基96售08,0,0,0,0,0,0,0,0,0,245000,0,0,0,255000,10000,245000,245000
05714P,群創統一97售03  ,0,0,0,0,0,0,0,0,0,244000,0,0,0,264000,20000,244000,244000
04402P,TPK兆豐95售01   ,0,0,0,0,0,0,0,0,0,244000,0,0,0,244000,0,244000,244000
054616,智伸科永豐97購01,0,0,0,0,0,0,0,0,0,244000,0,0,0,244000,0,244000,244000
6443,元晶            ,305000,61000,244000,0,0,0,0,0,0,0,0,0,0,0,0,0,244000
06136P,華新科國泰99售02,0,0,0,0,0,0,0,0,0,244000,0,0,0,462000,218000,244000,244000
06323P,台郡統一97售01  ,0,0,0,0,0,0,0,0,0,244000,0,0,0,290000,46000,244000,244000
05742P,可成元大96售04  ,0,0,0,0,0,0,0,0,0,243000,0,0,0,557000,314000,243000,243000
05111P,台積電統一95售04,0,0,0,0,0,0,0,0,0,242000,0,0,0,268000,26000,242000,242000
053293,聯發科中信9B購01,0,0,0,0,0,0,0,0,0,242000,0,0,0,264000,22000,242000,242000
9934,成霖            ,353000,117000,236000,0,0,0,0,0,0,6000,17000,11000,6000,0,0,0,242000
1309,台達化          ,310000,94000,216000,0,0,0,0,0,0,26000,26000,0,26000,0,0,0,242000
048880,昇陽半國票94購01,0,0,0,0,0,0,0,0,0,240000,0,0,0,240000,0,240000,240000
04978P,台表科凱基94售02,0,0,0,0,0,0,0,0,0,240000,0,0,0,270000,30000,240000,240000
053487,台泥兆豐97購01  ,0,0,0,0,0,0,0,0,0,240000,0,0,0,240000,0,240000,240000
05924P,超眾元富96售04  ,0,0,0,0,0,0,0,0,0,239000,0,0,0,272000,33000,239000,239000
2428,興勤            ,295000,65000,230000,0,0,0,0,0,0,7000,7000,3000,4000,4000,1000,3000,237000
2419,仲琦            ,297001,61000,236001,0,0,0,0,0,0,0,0,0,0,0,0,0,236001
057064,華新科富邦9B購01,0,0,0,0,0,0,0,0,0,236000,0,0,0,353000,117000,236000,236000
06115P,台積電統一97售04,0,0,0,0,0,0,0,0,0,236000,0,0,0,236000,0,236000,236000
057030,滬深反元大9B購01,0,0,0,0,0,0,0,0,0,235000,0,0,0,250000,15000,235000,235000
6285,啟碁            ,506000,294000,212000,0,0,0,6000,0,6000,17000,20000,34000,-14000,31000,0,31000,235000
2208,台船            ,337000,125000,212000,0,0,0,0,0,0,22000,26000,4000,22000,0,0,0,234000
04610P,世紀鋼永豐94售03,0,0,0,0,0,0,0,0,0,233000,0,0,0,233000,0,233000,233000
05199P,訊芯永豐95售02  ,0,0,0,0,0,0,0,0,0,233000,0,0,0,234000,1000,233000,233000
2536,宏普            ,294000,67000,227000,0,0,0,0,0,0,6000,6000,0,6000,0,0,0,233000
6141,柏承            ,314000,94000,220000,0,0,0,0,0,0,13000,14000,1000,13000,0,0,0,233000
6177,達麗            ,260000,27000,233000,0,0,0,0,0,0,0,0,0,0,0,0,0,233000
2102,泰豐            ,333001,135000,198001,0,0,0,0,0,0,33000,33000,0,33000,0,0,0,231001
048509,上証反凱基99購02,0,0,0,0,0,0,0,0,0,231000,0,0,0,251000,20000,231000,231000
05124P,華新科富邦97售02,0,0,0,0,0,0,0,0,0,231000,0,0,0,231000,0,231000,231000
6196,帆宣            ,469000,271000,198000,0,0,0,0,0,0,33000,20000,15000,5000,41000,13000,28000,231000
06332P,世紀鋼群益98售01,0,0,0,0,0,0,0,0,0,231000,0,0,0,260000,29000,231000,231000
03428P,台積電元大02售28,0,0,0,0,0,0,0,0,0,230000,0,0,0,300000,70000,230000,230000
2399,映泰            ,385000,162000,223000,0,0,0,0,0,0,7000,7000,0,7000,0,0,0,230000
048936,玉晶光永豐94購05,0,0,0,0,0,0,0,0,0,229000,0,0,0,249000,20000,229000,229000
051187,晶相光永豐95購01,0,0,0,0,0,0,0,0,0,229000,0,0,0,230000,1000,229000,229000
5305,敦南            ,295000,66000,229000,0,0,0,0,0,0,0,0,0,0,0,0,0,229000
05790P,臺股指永昌96售07,0,0,0,0,0,0,0,0,0,229000,229000,0,229000,0,0,0,229000
3047,訊舟            ,304001,81000,223001,0,0,0,0,0,0,5000,5000,0,5000,0,0,0,228001
050641,上証反凱基96購01,0,0,0,0,0,0,0,0,0,228000,0,0,0,228000,0,228000,228000
03415B,臺股指元大93熊49,0,0,0,0,0,0,0,0,0,227000,0,0,0,227000,0,227000,227000
04411P,智易統一96售01  ,0,0,0,0,0,0,0,0,0,226000,0,0,0,226000,0,226000,226000
6456,GIS-KY          ,752000,590000,162000,0,0,0,0,0,0,64000,11000,0,11000,68000,15000,53000,226000
1460,宏遠            ,222000,9000,213000,0,0,0,0,0,0,13000,15000,2000,13000,0,0,0,226000
04886P,臺股指凱基94售20,0,0,0,0,0,0,0,0,0,225000,0,0,0,225000,0,225000,225000
8101,華冠            ,252000,27000,225000,0,0,0,0,0,0,0,0,0,0,0,0,0,225000
05642P,玉晶光兆豐97售02,0,0,0,0,0,0,0,0,0,224000,0,0,0,330000,106000,224000,224000
056466,臺股指凱基99購08,0,0,0,0,0,0,0,0,0,224000,0,0,0,224000,0,224000,224000
055840,南亞科元大97購03,0,0,0,0,0,0,0,0,0,224000,0,0,0,281000,57000,224000,224000
04043P,復盛元富93售02  ,0,0,0,0,0,0,0,0,0,224000,0,0,0,224000,0,224000,224000
047406,香港反統一94購01,0,0,0,0,0,0,0,0,0,224000,0,0,0,224000,0,224000,224000
04654P,臺股指凱基94售13,0,0,0,0,0,0,0,0,0,224000,0,0,0,224000,0,224000,224000
8210,勤誠            ,694000,475000,219000,0,0,0,0,0,0,5000,10000,4000,6000,9000,10000,-1000,224000
6533,晶心科          ,301000,79000,222000,0,0,0,0,0,0,2000,2000,0,2000,0,0,0,224000
06648P,華邦電元大98售03,0,0,0,0,0,0,0,0,0,224000,0,0,0,224000,0,224000,224000
2545,皇翔            ,246000,26000,220000,0,0,0,5000,0,5000,-2000,1000,3000,-2000,0,0,0,223000
05699P,茂林凱基96售05  ,0,0,0,0,0,0,0,0,0,222000,0,0,0,222000,0,222000,222000
05041P,大立光凱基95售09,0,0,0,0,0,0,0,0,0,222000,0,0,0,532000,310000,222000,222000
1902,台紙            ,757000,545000,212000,0,0,0,0,0,0,9000,9000,0,9000,0,0,0,221000
5471,松翰            ,670000,445000,225000,0,0,0,0,4000,-4000,0,4000,4000,0,0,0,0,221000
05904P,大立光統一96售07,0,0,0,0,0,0,0,0,0,221000,0,0,0,230000,9000,221000,221000
056077,矽力元大97購07  ,0,0,0,0,0,0,0,0,0,220000,0,0,0,220000,0,220000,220000
04655P,臺股指凱基94售14,0,0,0,0,0,0,0,0,0,220000,0,0,0,260000,40000,220000,220000
047216,欣興第一93購01  ,0,0,0,0,0,0,0,0,0,220000,0,0,0,220000,0,220000,220000
06203P,奇力新中信98售02,0,0,0,0,0,0,0,0,0,220000,0,0,0,242000,22000,220000,220000
2406,國碩            ,449001,230000,219001,0,0,0,0,0,0,0,0,0,0,0,0,0,219001
05685P,臺股指元大96售10,0,0,0,0,0,0,0,0,0,219000,0,0,0,299000,80000,219000,219000
05496P,聯詠統一95售04  ,0,0,0,0,0,0,0,0,0,219000,0,0,0,219000,0,219000,219000
4919,新唐            ,330000,133000,197000,0,0,0,1000,0,1000,21000,2000,0,2000,29000,10000,19000,219000
06205P,台積電群益97售03,0,0,0,0,0,0,0,0,0,219000,0,0,0,319000,100000,219000,219000
2383,台光電          ,1735050,1472000,263050,0,0,0,9000,188000,-179000,134000,94000,50000,44000,101000,11000,90000,218050
2485,兆赫            ,341001,128000,213001,0,0,0,0,0,0,5000,11000,6000,5000,0,0,0,218001
048935,玉晶光永豐94購04,0,0,0,0,0,0,0,0,0,218000,0,0,0,218000,0,218000,218000
06197P,國巨元大97售08  ,0,0,0,0,0,0,0,0,0,218000,0,0,0,318000,100000,218000,218000
06045P,臺股指永豐96售03,0,0,0,0,0,0,0,0,0,218000,0,0,0,218000,0,218000,218000
044683,聯鈞凱基93購01  ,0,0,0,0,0,0,0,0,0,217000,0,0,0,475000,258000,217000,217000
03636C,元油2X元富04牛01,0,0,0,0,0,0,0,0,0,217000,0,0,0,454000,237000,217000,217000
3518,柏騰            ,360000,140000,220000,0,0,0,0,0,0,-3000,7000,10000,-3000,0,0,0,217000
05120P,聯發科國泰97售01,0,0,0,0,0,0,0,0,0,216000,0,0,0,271000,55000,216000,216000
6209,今國光          ,251000,37000,214000,0,0,0,0,0,0,2000,3000,1000,2000,0,0,0,216000
06320P,上銀統一97售04  ,0,0,0,0,0,0,0,0,0,216000,0,0,0,216000,0,216000,216000
055867,臺股指元大97購05,0,0,0,0,0,0,0,0,0,215000,0,0,0,265000,50000,215000,215000
055522,道瓊反群益01購01,0,0,0,0,0,0,0,0,0,215000,0,0,0,217000,2000,215000,215000
04876P,台光電中信94售02,0,0,0,0,0,0,0,0,0,215000,0,0,0,225000,10000,215000,215000
053457,旺宏國泰98購03  ,0,0,0,0,0,0,0,0,0,215000,0,0,0,270000,55000,215000,215000
06298P,聯發科元大97售20,0,0,0,0,0,0,0,0,0,215000,0,0,0,265000,50000,215000,215000
06189P,華新科永豐97售03,0,0,0,0,0,0,0,0,0,215000,0,0,0,248000,33000,215000,215000
06418P,T50反1統一9A售02,0,0,0,0,0,0,0,0,0,215000,0,0,0,215000,0,215000,215000
2461,光群雷          ,295001,99000,196001,0,0,0,0,0,0,18000,18000,0,18000,0,0,0,214001
05453P,智邦群益95售03  ,0,0,0,0,0,0,0,0,0,214000,0,0,0,214000,0,214000,214000
05971P,世紀鋼永豐96售04,0,0,0,0,0,0,0,0,0,214000,0,0,0,226000,12000,214000,214000
04454P,大立光富邦98售02,0,0,0,0,0,0,0,0,0,213000,0,0,0,283000,70000,213000,213000
06058P,玉晶光凱基97售04,0,0,0,0,0,0,0,0,0,213000,0,0,0,298000,85000,213000,213000
8404,百和興業-KY     ,256000,41000,215000,0,0,0,0,0,0,-2000,4000,6000,-2000,0,0,0,213000
9914,美利達          ,622000,143000,479000,0,0,0,0,278000,-278000,11000,15000,4000,11000,0,0,0,212000
06091P,華新科統一97售01,0,0,0,0,0,0,0,0,0,211000,0,0,0,238000,27000,211000,211000
06467P,旺宏統一98售01  ,0,0,0,0,0,0,0,0,0,211000,0,0,0,221000,10000,211000,211000
3312,弘憶股          ,248001,38000,210001,0,0,0,0,0,0,0,0,0,0,0,0,0,210001
045994,康控富邦94購01  ,0,0,0,0,0,0,0,0,0,210000,0,0,0,230000,20000,210000,210000
04954P,健策國票96售01  ,0,0,0,0,0,0,0,0,0,210000,0,0,0,210000,0,210000,210000
06598P,奇力新永豐98售02,0,0,0,0,0,0,0,0,0,210000,0,0,0,215000,5000,210000,210000
05893P,國巨兆豐96售04  ,0,0,0,0,0,0,0,0,0,210000,0,0,0,210000,0,210000,210000
055681,奇鋐凱基98購03  ,0,0,0,0,0,0,0,0,0,209000,0,0,0,219000,10000,209000,209000
06137P,玉晶光永豐97售04,0,0,0,0,0,0,0,0,0,209000,0,0,0,209000,0,209000,209000
05072P,聯電元富95售02  ,0,0,0,0,0,0,0,0,0,208000,0,0,0,218000,10000,208000,208000
051863,技嘉凱基95購01  ,0,0,0,0,0,0,0,0,0,207000,0,0,0,337000,130000,207000,207000
05123P,鴻海永昌96售07  ,0,0,0,0,0,0,0,0,0,207000,0,0,0,217000,10000,207000,207000
8021,尖點            ,346000,162000,184000,0,0,0,0,0,0,23000,23000,0,23000,0,0,0,207000
4426,利勤            ,260000,52000,208000,0,0,0,0,0,0,-1200,1000,2000,-1000,0,200,-200,206800
055712,金寶元大97購02  ,0,0,0,0,0,0,0,0,0,206000,0,0,0,271000,65000,206000,206000
055877,奇鋐元富97購01  ,0,0,0,0,0,0,0,0,0,205000,0,0,0,205000,0,205000,205000
056361,美律元大99購02  ,0,0,0,0,0,0,0,0,0,205000,0,0,0,215000,10000,205000,205000
05683P,矽創元大96售01  ,1000,0,1000,0,0,0,0,0,0,204000,0,0,0,341000,137000,204000,205000
06150P,奇力新元大97售06,0,0,0,0,0,0,0,0,0,205000,0,0,0,219000,14000,205000,205000
051405,世芯永豐95購01  ,0,0,0,0,0,0,0,0,0,204000,0,0,0,377000,173000,204000,204000
06144P,台光電永豐97售01,0,0,0,0,0,0,0,0,0,204000,0,0,0,204000,0,204000,204000
06073P,健策永豐97售01  ,0,0,0,0,0,0,0,0,0,204000,0,0,0,280000,76000,204000,204000
06597P,國巨富邦9A售05  ,0,0,0,0,0,0,0,0,0,204000,0,0,0,361000,157000,204000,204000
06339P,上銀統一97售06  ,0,0,0,0,0,0,0,0,0,204000,0,0,0,208000,4000,204000,204000
5264,鎧勝-KY         ,469000,276000,193000,0,0,0,0,0,0,10668,11000,0,11000,0,332,-332,203668
3048,益登            ,218001,35000,183001,0,0,0,0,0,0,19000,19000,0,19000,0,0,0,202001
05226P,智邦統一95售01  ,0,0,0,0,0,0,0,0,0,202000,0,0,0,202000,0,202000,202000
05456P,鴻海凱基95售19  ,0,0,0,0,0,0,0,0,0,202000,0,0,0,204000,2000,202000,202000
1589,永冠-KY         ,201000,94000,107000,0,0,0,0,0,0,95000,87000,1000,86000,10000,1000,9000,202000
06610P,台積電凱基9A售03,0,0,0,0,0,0,0,0,0,202000,0,0,0,202000,0,202000,202000
04891P,友達元大94售01  ,0,0,0,0,0,0,0,0,0,201000,0,0,0,202000,1000,201000,201000
03875P,滬深2X國票05售01,0,0,0,0,0,0,0,0,0,201000,0,0,0,217000,16000,201000,201000
2359,所羅門          ,294000,109000,185000,0,0,0,0,0,0,16000,16000,0,16000,0,0,0,201000
3557,嘉威            ,230000,29000,201000,0,0,0,0,0,0,0,0,0,0,0,0,0,201000
2360,致茂            ,872000,682771,189229,0,0,0,39000,48000,-9000,20000,74000,50000,24000,1000,5000,-4000,200229
03947P,新光金國泰94售01,0,0,0,0,0,0,0,0,0,200000,0,0,0,200000,0,200000,200000
04890P,台積電元大95售05,0,0,0,0,0,0,0,0,0,200000,0,0,0,230000,30000,200000,200000
047620,貿聯凱基93購01  ,0,0,0,0,0,0,0,0,0,200000,0,0,0,200000,0,200000,200000
04600P,可成凱基94售07  ,0,0,0,0,0,0,0,0,0,200000,0,0,0,240000,40000,200000,200000
04455P,台積電統一94售07,0,0,0,0,0,0,0,0,0,200000,0,0,0,200000,0,200000,200000
04219P,鴻海兆豐93售02  ,0,0,0,0,0,0,0,0,0,200000,0,0,0,200000,0,200000,200000
047516,深中小第一93購01,0,0,0,0,0,0,0,0,0,200000,0,0,0,200000,0,200000,200000
047530,智伸科元大93購04,0,0,0,0,0,0,0,0,0,200000,0,0,0,200000,0,200000,200000
051171,T50反1第一95購01,0,0,0,0,0,0,0,0,0,200000,0,0,0,200000,0,200000,200000
05273P,國巨群益95售02  ,0,0,0,0,0,0,0,0,0,200000,0,0,0,210000,10000,200000,200000
052391,瑞儀群益95購01  ,0,0,0,0,0,0,0,0,0,200000,0,0,0,200000,0,200000,200000
04960P,大立光凱基96售04,0,0,0,0,0,0,0,0,0,200000,0,0,0,200000,0,200000,200000
049685,T50反1元大94購01,0,0,0,0,0,0,0,0,0,200000,0,0,0,200000,0,200000,200000
050261,國巨元大95購04  ,0,0,0,0,0,0,0,0,0,200000,0,0,0,388000,188000,200000,200000
049479,矽格永豐94購01  ,0,0,0,0,0,0,0,0,0,200000,0,0,0,200000,0,200000,200000
054429,中石化台新97購01,0,0,0,0,0,0,0,0,0,200000,0,0,0,200000,0,200000,200000
054289,聯發科元大97購11,0,0,0,0,0,0,0,0,0,200000,0,0,0,200000,0,200000,200000
055329,百和國票98購01  ,0,0,0,0,0,0,0,0,0,200000,0,0,0,300000,100000,200000,200000
053572,彩晶統一96購01  ,0,0,0,0,0,0,0,0,0,200000,0,0,0,200000,0,200000,200000
05361P,聯發科富邦97售01,0,0,0,0,0,0,0,0,0,200000,0,0,0,200000,0,200000,200000
053692,聯詠元大96購04  ,0,0,0,0,0,0,0,0,0,200000,0,0,0,200000,0,200000,200000
2023,燁輝            ,329000,175000,154000,0,0,0,0,0,0,46000,46000,0,46000,0,0,0,200000
6416,瑞祺電通        ,329000,126000,203000,0,0,0,0,0,0,-3000,1000,0,1000,0,4000,-4000,200000
06687P,A50正2中信9A售01,0,0,0,0,0,0,0,0,0,200000,0,0,0,200000,0,200000,200000
06491P,台積電富邦99售02,0,0,0,0,0,0,0,0,0,200000,0,0,0,233000,33000,200000,200000
058067,台積電第一9C購01,0,0,0,0,0,0,0,0,0,200000,0,0,0,200000,0,200000,200000
058094,祥碩元大98購09  ,0,0,0,0,0,0,0,0,0,200000,0,0,0,207000,7000,200000,200000
2499,東貝            ,334001,136000,198001,0,0,0,0,0,0,1000,1000,0,1000,0,0,0,199001
057317,技嘉凱基98購02  ,0,0,0,0,0,0,0,0,0,199000,0,0,0,200000,1000,199000,199000
049125,禾伸堂元富94購01,0,0,0,0,0,0,0,0,0,199000,0,0,0,220000,21000,199000,199000
1439,中和            ,222000,27000,195000,0,0,0,0,0,0,4000,4000,0,4000,0,0,0,199000
06719P,台灣50群益9A售01,0,0,0,0,0,0,0,0,0,199000,0,0,0,200000,1000,199000,199000
04512P,臺股指元大94售07,0,0,0,0,0,0,0,0,0,198000,0,0,0,198000,0,198000,198000
052091,緯創元大95購04  ,0,0,0,0,0,0,0,0,0,198000,0,0,0,503000,305000,198000,198000
053009,大成鋼統一96購02,0,0,0,0,0,0,0,0,0,198000,0,0,0,334000,136000,198000,198000
055170,光磊統一97購01  ,0,0,0,0,0,0,0,0,0,198000,0,0,0,248000,50000,198000,198000
06356P,啟碁永豐97售01  ,0,0,0,0,0,0,0,0,0,198000,0,0,0,198000,0,198000,198000
4725,信昌化          ,226000,29000,197000,0,0,0,0,0,0,1000,1000,0,1000,0,0,0,198000
03874P,臺股指群益95售01,0,0,0,0,0,0,0,0,0,197000,0,0,0,197000,0,197000,197000
052648,茂林永豐96購01  ,0,0,0,0,0,0,0,0,0,197000,0,0,0,210000,13000,197000,197000
6024,群益期          ,221000,24000,197000,0,0,0,0,0,0,0,0,0,0,0,0,0,197000
06256P,臺股指群益97售09,0,0,0,0,0,0,0,0,0,197000,0,0,0,197000,0,197000,197000
058038,滬深反元大98購01,0,0,0,0,0,0,0,0,0,197000,0,0,0,197000,0,197000,197000
051265,鴻海富邦96購04  ,0,0,0,0,0,0,0,0,0,196000,0,0,0,196000,0,196000,196000
050785,全新國泰96購01  ,0,0,0,0,0,0,0,0,0,196000,0,0,0,500000,304000,196000,196000
052058,臺股指凱基95購16,0,0,0,0,0,0,0,0,0,196000,0,0,0,212000,16000,196000,196000
054525,奇鋐元富96購01  ,0,0,0,0,0,0,0,0,0,196000,0,0,0,216000,20000,196000,196000
057417,國巨凱基9A購03  ,0,0,0,0,0,0,0,0,0,195000,0,0,0,456000,261000,195000,195000
048787,義隆元大94購02  ,0,0,0,0,0,0,0,0,0,195000,0,0,0,195000,0,195000,195000
051676,康舒元大95購01  ,0,0,0,0,0,0,0,0,0,195000,0,0,0,200000,5000,195000,195000
054305,光磊凱基98購01  ,0,0,0,0,0,0,0,0,0,195000,0,0,0,299000,104000,195000,195000
06157P,聯鈞統一97售02  ,0,0,0,0,0,0,0,0,0,195000,0,0,0,249000,54000,195000,195000
06793P,臺股指凱基98售03,0,0,0,0,0,0,0,0,0,195000,0,0,0,195000,0,195000,195000
055718,可成元大97購02  ,0,0,0,0,0,0,0,0,0,194000,0,0,0,362000,168000,194000,194000
05117P,瑞昱群益95售02  ,0,0,0,0,0,0,0,0,0,194000,0,0,0,204000,10000,194000,194000
2204,中華            ,678000,499720,178280,0,0,0,2000,0,2000,13000,13000,0,13000,0,0,0,193280
057413,臺股指群益9C購04,0,0,0,0,0,0,0,0,0,193000,0,0,0,193000,0,193000,193000
049570,華新科統一94購04,0,0,0,0,0,0,0,0,0,192000,0,0,0,193000,1000,192000,192000
3031,佰鴻            ,254000,62000,192000,0,0,0,0,0,0,0,0,0,0,0,0,0,192000
06274P,臺股指凱基97售06,0,0,0,0,0,0,0,0,0,192000,0,0,0,192000,0,192000,192000
06374P,台表科元大97售06,0,0,0,0,0,0,0,0,0,192000,0,0,0,204000,12000,192000,192000
05884P,旺宏統一96售01  ,0,0,0,0,0,0,0,0,0,192000,0,0,0,252000,60000,192000,192000
05509P,智邦元富96售02  ,0,0,0,0,0,0,0,0,0,191000,0,0,0,203000,12000,191000,191000
4540,全球傳動        ,227000,36000,191000,0,0,0,0,0,0,0,0,0,0,0,0,0,191000
057497,祥碩元大98購06  ,0,0,0,0,0,0,0,0,0,190000,0,0,0,205000,15000,190000,190000
048271,可成富邦95購02  ,0,0,0,0,0,0,0,0,0,190000,0,0,0,200000,10000,190000,190000
03958P,嘉聯益統一93售01,0,0,0,0,0,0,0,0,0,190000,0,0,0,190000,0,190000,190000
054416,禾伸堂元大97購01,0,0,0,0,0,0,0,0,0,190000,0,0,0,200000,10000,190000,190000
5434,崇越            ,473839,292500,181339,0,0,0,0,0,0,8000,9000,0,9000,6000,7000,-1000,189339
05096P,台積電日盛95售01,0,0,0,0,0,0,0,0,0,189000,0,0,0,220000,31000,189000,189000
054344,景碩國票97購04  ,0,0,0,0,0,0,0,0,0,189000,0,0,0,251000,62000,189000,189000
3504,揚明光          ,226000,79000,147000,0,0,0,1000,0,1000,40000,6000,0,6000,35000,1000,34000,188000
06008P,燿華統一96售04  ,0,0,0,0,0,0,0,0,0,188000,0,0,0,188000,0,188000,188000
2520,冠德            ,967001,784000,183001,0,0,0,0,0,0,4000,28000,4000,24000,0,20000,-20000,187001
052115,T50反1國票95購03,0,0,0,0,0,0,0,0,0,187000,0,0,0,202000,15000,187000,187000
05430P,台積電統一95售07,0,0,0,0,0,0,0,0,0,187000,0,0,0,197000,10000,187000,187000
054457,強茂群益96購01  ,0,0,0,0,0,0,0,0,0,187000,0,0,0,208000,21000,187000,187000
06310P,精元元富97售02  ,0,0,0,0,0,0,0,0,0,187000,0,0,0,202000,15000,187000,187000
04998P,京元電永豐95售01,0,0,0,0,0,0,0,0,0,186000,0,0,0,186000,0,186000,186000
052508,矽力日盛95購02  ,0,0,0,0,0,0,0,0,0,186000,0,0,0,369000,183000,186000,186000
05289P,鴻海永豐95售05  ,0,0,0,0,0,0,0,0,0,186000,0,0,0,301000,115000,186000,186000
06177P,玉晶光元大98售07,0,0,0,0,0,0,0,0,0,186000,0,0,0,257000,71000,186000,186000
06088P,建準永豐97售01  ,0,0,0,0,0,0,0,0,0,186000,0,0,0,196000,10000,186000,186000
05592P,可成群益96售03  ,0,0,0,0,0,0,0,0,0,185000,0,0,0,236000,51000,185000,185000
056341,宏達電凱基9A購01,0,0,0,0,0,0,0,0,0,185000,0,0,0,275000,90000,185000,185000
04551P,台表科元大94售02,0,0,0,0,0,0,0,0,0,185000,0,0,0,200000,15000,185000,185000
06739P,聯詠兆豐98售02  ,0,0,0,0,0,0,0,0,0,185000,0,0,0,235000,50000,185000,185000
055362,GIS凱基97購03   ,0,0,0,0,0,0,0,0,0,184000,0,0,0,303000,119000,184000,184000
05719P,可成元大96售03  ,0,0,0,0,0,0,0,0,0,183000,0,0,0,275000,92000,183000,183000
04491P,光磊康和94售01  ,0,0,0,0,0,0,0,0,0,183000,0,0,0,193000,10000,183000,183000
049078,瑞昱凱基94購02  ,0,0,0,0,0,0,0,0,0,183000,0,0,0,243000,60000,183000,183000
06505P,康控國票99售02  ,0,0,0,0,0,0,0,0,0,183000,0,0,0,234000,51000,183000,183000
06133P,帆宣元富97售02  ,0,0,0,0,0,0,0,0,0,183000,0,0,0,257000,74000,183000,183000
2882A,國泰特          ,74000,0,74000,0,0,0,0,0,0,109000,114000,5000,109000,0,0,0,183000
3003,健和興          ,324000,137000,187000,0,0,0,0,0,0,-4000,9000,14000,-5000,2000,1000,1000,183000
2436,偉詮電          ,185001,17000,168001,0,0,0,0,0,0,14000,14000,0,14000,0,0,0,182001
052464,大立光統一95購05,0,0,0,0,0,0,0,0,0,182000,0,0,0,319000,137000,182000,182000
6282,康舒            ,1108000,1139000,-31000,0,0,0,0,0,0,213000,42000,6000,36000,186000,9000,177000,182000
06063P,玉晶光元富97售01,0,0,0,0,0,0,0,0,0,182000,0,0,0,401000,219000,182000,182000
03876P,台積電國票93售04,0,0,0,0,0,0,0,0,0,181000,0,0,0,181000,0,181000,181000
05091P,台積電元大95售11,0,0,0,0,0,0,0,0,0,181000,0,0,0,1711000,1530000,181000,181000
06180P,禾伸堂群益97售01,0,0,0,0,0,0,0,0,0,181000,0,0,0,197000,16000,181000,181000
052363,廣達國票96購01  ,0,0,0,0,0,0,0,0,0,180000,0,0,0,250000,70000,180000,180000
05497P,聯詠統一96售01  ,0,0,0,0,0,0,0,0,0,180000,0,0,0,180000,0,180000,180000
05325P,臺股指凱基95售09,0,0,0,0,0,0,0,0,0,180000,0,0,0,180000,0,180000,180000
054165,亞光凱基96購02  ,0,0,0,0,0,0,0,0,0,180000,0,0,0,180000,0,180000,180000
06214P,國巨國票98售04  ,0,0,0,0,0,0,0,0,0,180000,0,0,0,180000,0,180000,180000
06653P,美食元大98售02  ,0,0,0,0,0,0,0,0,0,180000,0,0,0,249000,69000,180000,180000
055975,鴻海統一98購05  ,0,0,0,0,0,0,0,0,0,179000,0,0,0,219000,40000,179000,179000
046011,欣興元富95購01  ,0,0,0,0,0,0,0,0,0,179000,0,0,0,239000,60000,179000,179000
05115P,T50反1群益95售02,0,0,0,0,0,0,0,0,0,179000,0,0,0,179000,0,179000,179000
06414P,矽力凱基97售03  ,0,0,0,0,0,0,0,0,0,179000,0,0,0,192000,13000,179000,179000
06331P,南亞科群益97售04,0,0,0,0,0,0,0,0,0,179000,0,0,0,186000,7000,179000,179000
048889,牧德元富94購03  ,0,0,0,0,0,0,0,0,0,178000,0,0,0,300000,122000,178000,178000
04294P,台積電元大95售01,0,0,0,0,0,0,0,0,0,178000,0,0,0,475000,297000,178000,178000
06030P,友達兆豐96售02  ,0,0,0,0,0,0,0,0,0,178000,0,0,0,178000,0,178000,178000
05621P,聯電中信96售01  ,0,0,0,0,0,0,0,0,0,177000,0,0,0,212000,35000,177000,177000
048452,緯創凱基93購04  ,0,0,0,0,0,0,0,0,0,177000,0,0,0,177000,0,177000,177000
051749,矽力國泰97購01  ,0,0,0,0,0,0,0,0,0,177000,0,0,0,454000,277000,177000,177000
05283P,健鼎元大95售04  ,0,0,0,0,0,0,0,0,0,177000,0,0,0,177000,0,177000,177000
052057,臺股指凱基95購15,0,0,0,0,0,0,0,0,0,177000,0,0,0,180000,3000,177000,177000
06387P,緯穎永豐97售02  ,0,0,0,0,0,0,0,0,0,177000,0,0,0,177000,0,177000,177000
1319,東陽            ,711633,526000,185633,0,0,0,0,43000,-43000,34000,39000,4000,35000,0,1000,-1000,176633
2049,上銀            ,1058326,960826,97500,0,0,0,0,0,0,79000,86000,42000,44000,49000,14000,35000,176500
051138,訊連永豐95購01  ,0,0,0,0,0,0,0,0,0,176000,0,0,0,252000,76000,176000,176000
06513P,鴻海凱基98售10  ,0,0,0,0,0,0,0,0,0,176000,0,0,0,192000,16000,176000,176000
04581P,楠梓電康和94售03,0,0,0,0,0,0,0,0,0,175000,0,0,0,175000,0,175000,175000
05928P,華邦電康和96售01,0,0,0,0,0,0,0,0,0,175000,0,0,0,175000,0,175000,175000
1457,宜進            ,241000,66000,175000,0,0,0,0,0,0,0,0,0,0,0,0,0,175000
054350,美律國泰98購01  ,0,0,0,0,0,0,0,0,0,174000,0,0,0,174000,0,174000,174000
05009P,大立光元富95售06,0,0,0,0,0,0,0,0,0,173000,0,0,0,185000,12000,173000,173000
053187,國巨統一96購05  ,0,0,0,0,0,0,0,0,0,173000,0,0,0,287000,114000,173000,173000
053469,光磊元大97購01  ,0,0,0,0,0,0,0,0,0,173000,0,0,0,180000,7000,173000,173000
3010,華立            ,283000,119000,164000,0,0,0,3000,0,3000,6000,6000,0,6000,0,0,0,173000
055503,健策元大98購05  ,0,0,0,0,0,0,0,0,0,172000,0,0,0,295000,123000,172000,172000
045537,華新群益94購01  ,0,0,0,0,0,0,0,0,0,172000,0,0,0,370000,198000,172000,172000
05078P,義隆永豐95售01  ,0,0,0,0,0,0,0,0,0,172000,0,0,0,172000,0,172000,172000
052123,泰碩國票95購01  ,0,0,0,0,0,0,0,0,0,172000,0,0,0,172000,0,172000,172000
08995P,台灣50群益01售12,0,0,0,0,0,0,0,0,0,172000,0,0,0,172000,0,172000,172000
05654P,台光電統一96售01,0,0,0,0,0,0,0,0,0,171000,0,0,0,234000,63000,171000,171000
04014P,聯發科元大93售18,0,0,0,0,0,0,0,0,0,171000,0,0,0,271000,100000,171000,171000
04786P,鴻海永昌96售01  ,0,0,0,0,0,0,0,0,0,171000,0,0,0,396000,225000,171000,171000
06053P,緯穎國票97售05  ,0,0,0,0,0,0,0,0,0,171000,0,0,0,401000,230000,171000,171000
3209,全科            ,179001,23000,156001,0,0,0,6000,0,6000,8000,8000,0,8000,0,0,0,170001
047541,深中小凱基94購01,0,0,0,0,0,0,0,0,0,170000,0,0,0,190000,20000,170000,170000
05214P,台積電國票97售02,0,0,0,0,0,0,0,0,0,170000,0,0,0,170000,0,170000,170000
051083,A50正2元大98購01,0,0,0,0,0,0,0,0,0,170000,0,0,0,170000,0,170000,170000
05722P,玉晶光國票97售03,0,0,0,0,0,0,0,0,0,169000,0,0,0,358000,189000,169000,169000
06475P,牧德永豐98售03  ,0,0,0,0,0,0,0,0,0,169000,0,0,0,210000,41000,169000,169000
05701P,彩晶凱基96售01  ,0,0,0,0,0,0,0,0,0,168000,0,0,0,268000,100000,168000,168000
04082P,智邦統一93售03  ,0,0,0,0,0,0,0,0,0,168000,0,0,0,168000,0,168000,168000
052296,TPK國票96購01   ,0,0,0,0,0,0,0,0,0,168000,0,0,0,1568000,1400000,168000,168000
053969,瑞昱元大97購01  ,0,0,0,0,0,0,0,0,0,168000,0,0,0,336000,168000,168000,168000
054514,道瓊銀元大98購01,0,0,0,0,0,0,0,0,0,168000,0,0,0,178000,10000,168000,168000
054956,宏盛元大97購01  ,0,0,0,0,0,0,0,0,0,168000,0,0,0,168000,0,168000,168000
3533,嘉澤            ,447270,378200,69070,0,0,0,173000,0,173000,-75000,41000,134000,-93000,20000,2000,18000,167070
048364,臺股指永豐93購04,0,0,0,0,0,0,0,0,0,167000,0,0,0,418000,251000,167000,167000
05259P,臺股指凱基96售12,0,0,0,0,0,0,0,0,0,167000,0,0,0,192000,25000,167000,167000
055416,欣興富邦98購01  ,0,0,0,0,0,0,0,0,0,167000,0,0,0,238000,71000,167000,167000
06576P,台光電群益98售03,0,0,0,0,0,0,0,0,0,167000,0,0,0,227000,60000,167000,167000
056932,T50反1元富98購01,0,0,0,0,0,0,0,0,0,166000,0,0,0,166000,0,166000,166000
05583P,訊芯凱基96售01  ,0,0,0,0,0,0,0,0,0,166000,0,0,0,216000,50000,166000,166000
06421P,嘉澤統一97售02  ,0,0,0,0,0,0,0,0,0,166000,0,0,0,196000,30000,166000,166000
3712,永崴投控        ,172000,11000,161000,0,0,0,0,0,0,5000,5000,0,5000,0,0,0,166000
6582,申豐            ,191000,25000,166000,0,0,0,0,0,0,-1000,0,1000,-1000,0,0,0,165000
05655P,南亞科統一96售01,0,0,0,0,0,0,0,0,0,164000,0,0,0,198000,34000,164000,164000
05613P,臻鼎台新96售01  ,0,0,0,0,0,0,0,0,0,164000,0,0,0,239000,75000,164000,164000
05682P,大立光元大98售03,0,0,0,0,0,0,0,0,0,164000,0,0,0,164000,0,164000,164000
049092,聯茂凱基94購07  ,0,0,0,0,0,0,0,0,0,164000,0,0,0,220000,56000,164000,164000
040215,上証反凱基95購01,0,0,0,0,0,0,0,0,0,164000,0,0,0,254000,90000,164000,164000
051149,可成凱基95購04  ,0,0,0,0,0,0,0,0,0,164000,0,0,0,226000,62000,164000,164000
051450,世芯元大95購02  ,0,0,0,0,0,0,0,0,0,164000,0,0,0,208000,44000,164000,164000
1709,和益            ,504000,339000,165000,0,0,0,0,0,0,-1000,0,1000,-1000,0,0,0,164000
06376P,上銀統一99售01  ,0,0,0,0,0,0,0,0,0,164000,0,0,0,164000,0,164000,164000
06601P,臺股指永豐98售04,0,0,0,0,0,0,0,0,0,164000,0,0,0,200000,36000,164000,164000
06122P,亞光元大98售01  ,0,0,0,0,0,0,0,0,0,164000,0,0,0,168000,4000,164000,164000
3024,憶聲            ,226001,73000,153001,0,0,0,0,0,0,10000,12000,2000,10000,0,0,0,163001
057069,台積電永豐98購02,0,0,0,0,0,0,0,0,0,163000,0,0,0,225000,62000,163000,163000
056362,聯發科元大99購01,0,0,0,0,0,0,0,0,0,162000,0,0,0,395000,233000,162000,162000
051598,瑞昱兆豐95購01  ,0,0,0,0,0,0,0,0,0,162000,0,0,0,518000,356000,162000,162000
05204P,TPK元大95售03   ,0,0,0,0,0,0,0,0,0,162000,0,0,0,182000,20000,162000,162000
06013P,世芯國泰97售03  ,0,0,0,0,0,0,0,0,0,162000,0,0,0,333000,171000,162000,162000
04905P,國巨國票94售04  ,0,0,0,0,0,0,0,0,0,161000,0,0,0,161000,0,161000,161000
03896P,長榮航凱基95售01,0,0,0,0,0,0,0,0,0,161000,0,0,0,177000,16000,161000,161000
04601P,大立光凱基94售07,0,0,0,0,0,0,0,0,0,161000,0,0,0,161000,0,161000,161000
05491P,茂林元大95售04  ,0,0,0,0,0,0,0,0,0,161000,0,0,0,282000,121000,161000,161000
054348,康控國票97購03  ,0,0,0,0,0,0,0,0,0,161000,0,0,0,358000,197000,161000,161000
054294,世芯元大96購02  ,0,0,0,0,0,0,0,0,0,161000,0,0,0,358000,197000,161000,161000
06195P,台積電元富97售06,0,0,0,0,0,0,0,0,0,161000,0,0,0,184000,23000,161000,161000
1464,得力            ,282000,125000,157000,0,0,0,0,0,0,4000,5000,1000,4000,0,0,0,161000
056610,鴻海永豐98購01  ,0,0,0,0,0,0,0,0,0,160000,0,0,0,182000,22000,160000,160000
03064X,元展59          ,0,0,0,0,0,0,0,0,0,160000,0,0,0,160000,0,160000,160000
05363P,臺股指富邦95售03,0,0,0,0,0,0,0,0,0,160000,0,0,0,160000,0,160000,160000
06113P,台積電群益97售01,0,0,0,0,0,0,0,0,0,160000,0,0,0,160000,0,160000,160000
05839P,臺股指富邦96售06,0,0,0,0,0,0,0,0,0,160000,0,0,0,160000,0,160000,160000
055445,旺宏統一99購01  ,0,0,0,0,0,0,0,0,0,159000,0,0,0,268000,109000,159000,159000
06286P,世芯國票97售02  ,0,0,0,0,0,0,0,0,0,159000,0,0,0,161000,2000,159000,159000
3705,永信            ,219000,65000,154000,0,0,0,0,0,0,5000,5000,0,5000,0,0,0,159000
04439P,聯發科群益94售04,0,0,0,0,0,0,0,0,0,158000,0,0,0,170000,12000,158000,158000
4564,元翎            ,234000,89000,145000,0,0,0,0,0,0,13000,0,0,0,13000,0,13000,158000
06148P,台積電元大97售17,0,0,0,0,0,0,0,0,0,158000,0,0,0,168000,10000,158000,158000
3059,華晶科          ,324001,170000,154001,0,0,0,0,0,0,3000,8000,5000,3000,0,0,0,157001
050974,大成鋼統一95購01,0,0,0,0,0,0,0,0,0,157000,0,0,0,257000,100000,157000,157000
05786P,臺股指永昌96售03,0,0,0,0,0,0,0,0,0,157000,122000,5000,117000,50000,10000,40000,157000
04693P,超眾群益95售01  ,0,0,0,0,0,0,0,0,0,156000,0,0,0,173000,17000,156000,156000
5608,四維航          ,170000,14000,156000,0,0,0,0,0,0,0,0,0,0,0,0,0,156000
05555P,健策群益98售01  ,0,0,0,0,0,0,0,0,0,155000,0,0,0,155000,0,155000,155000
05711P,茂林國票97售03  ,0,0,0,0,0,0,0,0,0,155000,0,0,0,155000,0,155000,155000
05741P,聯發科元大96售14,0,0,0,0,0,0,0,0,0,155000,0,0,0,397000,242000,155000,155000
057737,國巨富邦99購02  ,200000,0,200000,0,0,0,0,0,0,-45000,0,0,0,667000,712000,-45000,155000
04851P,創意永豐94售02  ,0,0,0,0,0,0,0,0,0,155000,0,0,0,155000,0,155000,155000
048562,宏達電元大95購01,0,0,0,0,0,0,0,0,0,155000,0,0,0,328000,173000,155000,155000
052526,智伸科元大96購02,0,0,0,0,0,0,0,0,0,155000,0,0,0,155000,0,155000,155000
049638,A50反1凱基94購01,0,0,0,0,0,0,0,0,0,155000,0,0,0,210000,55000,155000,155000
05787P,臺股指永昌96售04,0,0,0,0,0,0,0,0,0,155000,129000,0,129000,36000,10000,26000,155000
06223P,漢唐元富97售02  ,0,0,0,0,0,0,0,0,0,155000,0,0,0,206000,51000,155000,155000
056573,華新科元大99購06,0,0,0,0,0,0,0,0,0,154000,0,0,0,205000,51000,154000,154000
05441P,華通元大95售09  ,0,0,0,0,0,0,0,0,0,154000,0,0,0,154000,0,154000,154000
1442,名軒            ,218000,62000,156000,0,0,0,0,0,0,-2000,10000,12000,-2000,0,0,0,154000
05744P,台表科元大96售04,0,0,0,0,0,0,0,0,0,153000,0,0,0,163000,10000,153000,153000
05062P,大立光富邦98售03,0,0,0,0,0,0,0,0,0,153000,0,0,0,156000,3000,153000,153000
052849,可成統一97購01  ,0,0,0,0,0,0,0,0,0,153000,0,0,0,198000,45000,153000,153000
2607,榮運            ,641000,512000,129000,0,0,0,0,0,0,24000,24000,0,24000,0,0,0,153000
05684P,臺股指元大96售09,0,0,0,0,0,0,0,0,0,152000,0,0,0,595000,443000,152000,152000
04629P,康控元大94售05  ,0,0,0,0,0,0,0,0,0,152000,0,0,0,316000,164000,152000,152000
052451,旭富元大95購02  ,0,0,0,0,0,0,0,0,0,152000,0,0,0,259000,107000,152000,152000
053610,矽力中信98購01  ,0,0,0,0,0,0,0,0,0,152000,0,0,0,328000,176000,152000,152000
06314P,GIS元富97售02   ,0,0,0,0,0,0,0,0,0,152000,0,0,0,158000,6000,152000,152000
04453P,聯發科富邦94售04,0,0,0,0,0,0,0,0,0,151000,0,0,0,450000,299000,151000,151000
04599P,南亞科凱基94售03,0,0,0,0,0,0,0,0,0,151000,0,0,0,173000,22000,151000,151000
04164P,滬深2X元富93售03,0,0,0,0,0,0,0,0,0,151000,0,0,0,183000,32000,151000,151000
06834P,訊芯群益99售02  ,0,0,0,0,0,0,0,0,0,151000,0,0,0,161000,10000,151000,151000
06108P,奇力新群益97售05,0,0,0,0,0,0,0,0,0,151000,0,0,0,181000,30000,151000,151000
056462,訊芯凱基98購03  ,0,0,0,0,0,0,0,0,0,150000,0,0,0,460000,310000,150000,150000
03950P,聯發科中信93售03,0,0,0,0,0,0,0,0,0,150000,0,0,0,150000,0,150000,150000
044463,全新兆豐93購01  ,0,0,0,0,0,0,0,0,0,150000,0,0,0,150000,0,150000,150000
043656,上証反元大94購01,0,0,0,0,0,0,0,0,0,150000,0,0,0,400000,250000,150000,150000
047032,台虹元大93購01  ,0,0,0,0,0,0,0,0,0,150000,0,0,0,150000,0,150000,150000
04706P,力山元大95售01  ,0,0,0,0,0,0,0,0,0,150000,0,0,0,150000,0,150000,150000
050018,高股息元大94購02,0,0,0,0,0,0,0,0,0,150000,0,0,0,150000,0,150000,150000
051245,南亞科元大95購01,0,0,0,0,0,0,0,0,0,150000,0,0,0,198000,48000,150000,150000
05126P,牧德群益95售01  ,0,0,0,0,0,0,0,0,0,150000,0,0,0,150000,0,150000,150000
050360,T50反1元大94購06,0,0,0,0,0,0,0,0,0,150000,0,0,0,150000,0,150000,150000
052212,可成元大95購11  ,0,0,0,0,0,0,0,0,0,150000,0,0,0,150000,0,150000,150000
055062,文曄永豐97購01  ,0,0,0,0,0,0,0,0,0,150000,0,0,0,150000,0,150000,150000
05934P,國巨凱基96售13  ,0,0,0,0,0,0,0,0,0,150000,0,0,0,509000,359000,150000,150000
06550P,健策元大99售01  ,0,0,0,0,0,0,0,0,0,150000,0,0,0,243000,93000,150000,150000
4763,材料-KY         ,155000,2000,153000,0,0,0,0,0,0,-3000,1000,3000,-2000,0,1000,-1000,150000
04919P,聯詠凱基94售05  ,0,0,0,0,0,0,0,0,0,149000,0,0,0,249000,100000,149000,149000
06675P,國巨國票99售02  ,0,0,0,0,0,0,0,0,0,149000,0,0,0,168000,19000,149000,149000
05591P,義隆群益96售03  ,0,0,0,0,0,0,0,0,0,148000,0,0,0,148000,0,148000,148000
06682P,玉晶光元大99售08,0,0,0,0,0,0,0,0,0,148000,0,0,0,154000,6000,148000,148000
05938P,旺宏凱基96售07  ,0,0,0,0,0,0,0,0,0,148000,0,0,0,153000,5000,148000,148000
3018,同開            ,180000,29000,151000,0,0,0,0,0,0,-3000,0,3000,-3000,0,0,0,148000
3090,日電貿          ,478001,342000,136001,0,0,0,0,0,0,11000,2000,1000,1000,27000,17000,10000,147001
056739,美律凱基98購04  ,0,0,0,0,0,0,0,0,0,147000,0,0,0,157000,10000,147000,147000
047319,晶技元大93購02  ,0,0,0,0,0,0,0,0,0,147000,0,0,0,148000,1000,147000,147000
04386P,大立光日盛94售01,0,0,0,0,0,0,0,0,0,147000,0,0,0,167000,20000,147000,147000
049319,GIS凱基94購03   ,0,0,0,0,0,0,0,0,0,147000,0,0,0,229000,82000,147000,147000
3708,上緯投控        ,164000,52000,112000,0,0,0,1000,0,1000,34000,5000,0,5000,33000,4000,29000,147000
06011P,貿聯元富96售04  ,0,0,0,0,0,0,0,0,0,147000,0,0,0,157000,10000,147000,147000
05847P,大立光元大96售08,0,0,0,0,0,0,0,0,0,147000,0,0,0,175000,28000,147000,147000
06457P,玉晶光統一98售02,0,0,0,0,0,0,0,0,0,147000,0,0,0,180000,33000,147000,147000
6415,矽力-KY         ,517481,386621,130860,0,0,0,10000,22000,-12000,28000,3000,0,3000,31000,6000,25000,146860
9802,鈺齊-KY         ,1153803,651000,502803,0,0,0,0,411000,-411000,55000,6000,0,6000,75000,26000,49000,146803
056967,奇鋐永豐98購01  ,0,0,0,0,0,0,0,0,0,146000,0,0,0,146000,0,146000,146000
057425,臺股指凱基9C購02,0,0,0,0,0,0,0,0,0,146000,0,0,0,146000,0,146000,146000
044426,欣興國泰93購02  ,0,0,0,0,0,0,0,0,0,146000,0,0,0,148000,2000,146000,146000
046240,中鋼中信94購01  ,0,0,0,0,0,0,0,0,0,146000,0,0,0,214000,68000,146000,146000
04946P,華通元大94售04  ,0,0,0,0,0,0,0,0,0,146000,0,0,0,146000,0,146000,146000
06209P,旺宏統一97售07  ,0,0,0,0,0,0,0,0,0,146000,0,0,0,171000,25000,146000,146000
06640P,國巨兆豐99售02  ,0,0,0,0,0,0,0,0,0,146000,0,0,0,250000,104000,146000,146000
05844P,旺宏元大96售07  ,1000,0,1000,0,0,0,0,0,0,145000,0,0,0,228000,83000,145000,146000
057544,鴻海凱基02購01  ,0,0,0,0,0,0,0,0,0,145000,0,0,0,167000,22000,145000,145000
055809,T50反1國票98購02,0,0,0,0,0,0,0,0,0,145000,0,0,0,176000,31000,145000,145000
04748P,臺股指元大94售23,0,0,0,0,0,0,0,0,0,145000,0,0,0,165000,20000,145000,145000
052516,臺股指凱基95購20,0,0,0,0,0,0,0,0,0,145000,0,0,0,218000,73000,145000,145000
055192,世芯元富97購01  ,0,0,0,0,0,0,0,0,0,145000,0,0,0,195000,50000,145000,145000
053736,友達麥證96購01  ,0,0,0,245000,100000,145000,0,0,0,145000,0,0,0,245000,100000,145000,145000
06328P,台積電中信01售02,0,0,0,0,0,0,0,0,0,145000,0,0,0,286000,141000,145000,145000
3530,晶相光          ,286000,218000,68000,0,0,0,0,0,0,77000,0,0,0,89000,12000,77000,145000
3094,聯傑            ,238001,85000,153001,0,0,0,0,0,0,-9000,0,9000,-9000,0,0,0,144001
056943,華通統一99購01  ,0,0,0,0,0,0,0,0,0,144000,0,0,0,144000,0,144000,144000
048471,旭富永豐93購01  ,0,0,0,0,0,0,0,0,0,144000,0,0,0,144000,0,144000,144000
6184,大豐電          ,154000,10000,144000,0,0,0,0,0,0,0,0,0,0,0,0,0,144000
4976,佳凌            ,201000,60000,141000,0,0,0,0,0,0,3000,3000,0,3000,0,0,0,144000
2642,宅配通          ,166000,22000,144000,0,0,0,0,0,0,0,0,0,0,0,0,0,144000
06269P,群創凱基98售10  ,0,0,0,0,0,0,0,0,0,144000,0,0,0,144000,0,144000,144000
06140P,華新科群益97售06,0,0,0,0,0,0,0,0,0,144000,0,0,0,144000,0,144000,144000
04503P,元油2X元富98售09,0,0,0,0,0,0,0,0,0,143000,0,0,0,323000,180000,143000,143000
04117P,聯發科元大93售21,0,0,0,0,0,0,0,0,0,143000,0,0,0,147000,4000,143000,143000
050522,聯發科元大95購03,0,0,0,0,0,0,0,0,0,143000,0,0,0,663000,520000,143000,143000
055278,旺宏元大98購05  ,0,0,0,0,0,0,0,0,0,143000,0,0,0,160000,17000,143000,143000
1339,昭輝            ,164000,22000,142000,0,0,0,0,0,0,1000,1000,0,1000,0,0,0,143000
4934,太極            ,755000,614000,141000,0,0,0,0,0,0,2000,2000,0,2000,0,0,0,143000
052680,T50反1元大96購04,0,0,0,0,0,0,0,0,0,142000,0,0,0,142000,0,142000,142000
052866,大立光凱基96購12,0,0,0,0,0,0,0,0,0,142000,0,0,0,157000,15000,142000,142000
053285,臺股指元大96購08,0,0,0,0,0,0,0,0,0,142000,0,0,0,180000,38000,142000,142000
04489P,大立光凱基94售03,0,0,0,0,0,0,0,0,0,141000,0,0,0,191000,50000,141000,141000
048641,美律元大94購01  ,0,0,0,0,0,0,0,0,0,141000,0,0,0,141000,0,141000,141000
052638,緯創凱基96購02  ,0,0,0,0,0,0,0,0,0,141000,0,0,0,141000,0,141000,141000
3607,谷崧            ,172000,30000,142000,0,0,0,0,0,0,-1000,0,1000,-1000,0,0,0,141000
06542P,台光電國票98售05,0,0,0,0,0,0,0,0,0,141000,0,0,0,148000,7000,141000,141000
056848,泰鼎元富98購01  ,0,0,0,0,0,0,0,0,0,140000,0,0,0,274000,134000,140000,140000
03999P,鴻海凱基94售11  ,0,0,0,0,0,0,0,0,0,140000,0,0,0,150000,10000,140000,140000
05006P,華通元富95售01  ,0,0,0,0,0,0,0,0,0,140000,0,0,0,153000,13000,140000,140000
052341,泰鼎凱基96購02  ,0,0,0,0,0,0,0,0,0,140000,0,0,0,144000,4000,140000,140000
055189,台虹統一97購01  ,0,0,0,0,0,0,0,0,0,140000,0,0,0,150000,10000,140000,140000
06933P,禾伸堂元大98售03,0,0,0,0,0,0,0,0,0,140000,0,0,0,201000,61000,140000,140000
04559P,華通凱基94售03  ,0,0,0,0,0,0,0,0,0,139000,0,0,0,149000,10000,139000,139000
04504P,台積電元富94售04,0,0,0,0,0,0,0,0,0,139000,0,0,0,139000,0,139000,139000
04373P,滬深2X元大97售01,0,0,0,0,0,0,0,0,0,139000,0,0,0,157000,18000,139000,139000
052053,泰鼎凱基96購01  ,0,0,0,0,0,0,0,0,0,139000,0,0,0,190000,51000,139000,139000
1721,三晃            ,147000,0,147000,0,0,0,0,0,0,-8000,4000,12000,-8000,0,0,0,139000
6115,鎰勝            ,194000,55000,139000,0,0,0,0,0,0,0,0,0,0,0,0,0,139000
06455P,上銀統一99售03  ,0,0,0,0,0,0,0,0,0,139000,0,0,0,139000,0,139000,139000
06509P,鴻海群益98售03  ,0,0,0,0,0,0,0,0,0,139000,0,0,0,139000,0,139000,139000
05843P,台積電元大96售16,0,0,0,0,0,0,0,0,0,139000,0,0,0,140000,1000,139000,139000
03497P,金像電凱基02售06,0,0,0,0,0,0,0,0,0,138000,0,0,0,343000,205000,138000,138000
01004T,土銀富邦R2      ,88000,0,88000,0,0,0,0,0,0,50000,50000,0,50000,0,0,0,138000
051075,智邦國泰97購01  ,0,0,0,0,0,0,0,0,0,138000,0,0,0,262000,124000,138000,138000
05521P,創意永豐96售01  ,0,0,0,0,0,0,0,0,0,138000,0,0,0,138000,0,138000,138000
055403,泰鼎元富97購01  ,0,0,0,0,0,0,0,0,0,138000,0,0,0,201000,63000,138000,138000
05887P,友達元富99售03  ,0,0,0,0,0,0,0,0,0,138000,0,0,0,138000,0,138000,138000
06412P,南亞科日盛97售01,0,0,0,0,0,0,0,0,0,138000,0,0,0,140000,2000,138000,138000
06348P,鈺齊元富97售02  ,0,0,0,0,0,0,0,0,0,138000,0,0,0,139000,1000,138000,138000
1449,佳和            ,144001,7000,137001,0,0,0,0,0,0,0,0,0,0,0,0,0,137001
03388P,元油2X元富98售02,0,0,0,0,0,0,0,0,0,137000,0,0,0,160000,23000,137000,137000
04541P,智易永豐94售03  ,0,0,0,0,0,0,0,0,0,137000,0,0,0,137000,0,137000,137000
8261,富鼎            ,188000,51000,137000,0,0,0,0,0,0,0,0,0,0,0,0,0,137000
057119,微星康和98購01  ,0,0,0,0,0,0,0,0,0,136000,0,0,0,136000,0,136000,136000
05648P,康控國票97售01  ,0,0,0,0,0,0,0,0,0,136000,0,0,0,236000,100000,136000,136000
056210,矽創永豐97購02  ,0,0,0,0,0,0,0,0,0,136000,0,0,0,136000,0,136000,136000
049144,瑞昱元大94購03  ,0,0,0,0,0,0,0,0,0,136000,0,0,0,136000,0,136000,136000
051619,智邦凱基95購07  ,0,0,0,0,0,0,0,0,0,136000,0,0,0,136000,0,136000,136000
050431,聯發科凱基94購18,0,0,0,0,0,0,0,0,0,136000,0,0,0,136000,0,136000,136000
050618,緯創元大95購01  ,0,0,0,0,0,0,0,0,0,136000,0,0,0,186000,50000,136000,136000
8011,台通            ,164000,36000,128000,0,0,0,0,0,0,8000,10000,2000,8000,0,0,0,136000
06389P,聯發科兆豐97售01,0,0,0,0,0,0,0,0,0,136000,0,0,0,136000,0,136000,136000
06839P,玉晶光統一9A售05,0,0,0,0,0,0,0,0,0,136000,0,0,0,153000,17000,136000,136000
1773,勝一            ,160868,26000,134868,0,0,0,0,0,0,1000,1000,0,1000,0,0,0,135868
05650P,台積電富邦96售01,0,0,0,0,0,0,0,0,0,135000,0,0,0,245000,110000,135000,135000
056720,世紀鋼永豐98購01,0,0,0,0,0,0,0,0,0,135000,0,0,0,641000,506000,135000,135000
05160P,國巨國票96售03  ,0,0,0,0,0,0,0,0,0,135000,0,0,0,135000,0,135000,135000
048973,禾伸堂元大94購01,0,0,0,0,0,0,0,0,0,135000,0,0,0,193000,58000,135000,135000
042902,光寶科元大94購01,0,0,0,0,0,0,0,0,0,135000,0,0,0,135000,0,135000,135000
05076P,深中小群益99售02,0,0,0,0,0,0,0,0,0,135000,0,0,0,135000,0,135000,135000
2836,高雄銀          ,245000,139000,106000,0,0,0,0,0,0,29000,36000,7000,29000,0,0,0,135000
06694P,臺股指凱基99售13,0,0,0,0,0,0,0,0,0,135000,0,0,0,370000,235000,135000,135000
06241P,大立光元富9A售01,0,0,0,0,0,0,0,0,0,135000,0,0,0,148000,13000,135000,135000
05760P,京鼎永豐96售02  ,0,0,0,0,0,0,0,0,0,134000,0,0,0,134000,0,134000,134000
04482P,臺股指日盛94售01,0,0,0,0,0,0,0,0,0,134000,0,0,0,134000,0,134000,134000
049922,禾伸堂元大95購01,0,0,0,0,0,0,0,0,0,134000,0,0,0,174000,40000,134000,134000
052420,道瓊反國票9B購01,0,0,0,0,0,0,0,0,0,134000,0,0,0,138000,4000,134000,134000
06856P,台灣50永豐99售03,0,0,0,0,0,0,0,0,0,134000,0,0,0,184000,50000,134000,134000
3050,鈺德            ,186001,62000,124001,0,0,0,0,0,0,9000,9000,0,9000,0,0,0,133001
056596,光磊元富98購01  ,0,0,0,0,0,0,0,0,0,133000,0,0,0,203000,70000,133000,133000
051092,禾伸堂元大95購02,0,0,0,0,0,0,0,0,0,133000,0,0,0,150000,17000,133000,133000
050444,卜蜂元大94購03  ,0,0,0,0,0,0,0,0,0,133000,0,0,0,139000,6000,133000,133000
06208P,台郡凱基97售03  ,0,0,0,0,0,0,0,0,0,133000,0,0,0,133000,0,133000,133000
06338P,亞德客統一97售02,0,0,0,0,0,0,0,0,0,133000,0,0,0,136000,3000,133000,133000
2374,佳能            ,151001,39000,112001,0,0,0,0,0,0,20000,20000,0,20000,0,0,0,132001
1452,宏益            ,142001,13000,129001,0,0,0,0,0,0,3000,3000,0,3000,0,0,0,132001
05176P,台積電凱基95售11,0,0,0,0,0,0,0,0,0,132000,0,0,0,312000,180000,132000,132000
05171P,臺股指元大95售15,0,0,0,0,0,0,0,0,0,132000,0,0,0,170000,38000,132000,132000
05023P,和碩凱基95售01  ,0,0,0,0,0,0,0,0,0,132000,0,0,0,132000,0,132000,132000
05084P,嘉聯益永豐95售02,0,0,0,0,0,0,0,0,0,132000,0,0,0,137000,5000,132000,132000
06506P,台郡國票99售02  ,0,0,0,0,0,0,0,0,0,132000,0,0,0,172000,40000,132000,132000
05838P,臺股指富邦96售05,0,0,0,0,0,0,0,0,0,132000,0,0,0,132000,0,132000,132000
05789P,臺股指永昌96售06,0,0,0,0,0,0,0,0,0,132000,132000,0,132000,0,0,0,132000
05596P,可成統一96售01  ,0,0,0,0,0,0,0,0,0,131000,0,0,0,156000,25000,131000,131000
05231P,GIS群益95售03   ,0,0,0,0,0,0,0,0,0,131000,0,0,0,139000,8000,131000,131000
053937,光磊元富96購01  ,0,0,0,0,0,0,0,0,0,131000,0,0,0,148000,17000,131000,131000
06093P,華通元富97售03  ,0,0,0,0,0,0,0,0,0,131000,0,0,0,137000,6000,131000,131000
06436P,台光電國票98售04,0,0,0,0,0,0,0,0,0,131000,0,0,0,139000,8000,131000,131000
06766P,玉晶光元大99售10,0,0,0,0,0,0,0,0,0,131000,0,0,0,250000,119000,131000,131000
06630P,國巨群益98售08  ,0,0,0,0,0,0,0,0,0,131000,0,0,0,136000,5000,131000,131000
057467,祥碩永豐98購04  ,0,0,0,0,0,0,0,0,0,130000,0,0,0,173000,43000,130000,130000
05393P,鴻海統一95售14  ,0,0,0,0,0,0,0,0,0,130000,0,0,0,130000,0,130000,130000
053304,可成凱基96購03  ,0,0,0,0,0,0,0,0,0,130000,0,0,0,136000,6000,130000,130000
054258,牧德元大97購01  ,0,0,0,0,0,0,0,0,0,130000,0,0,0,182000,52000,130000,130000
08525P,台灣50凱基96售02,0,0,0,0,0,0,0,0,0,130000,0,0,0,130000,0,130000,130000
3413,京鼎            ,400000,214000,186000,0,0,0,5000,0,5000,-61000,7000,85000,-78000,31000,14000,17000,130000
1304,台聚            ,791001,538000,253001,0,0,0,0,101000,-101000,-23000,17000,40000,-23000,0,0,0,129001
1702,南僑            ,226001,107000,119001,0,0,0,0,2000,-2000,12000,12000,0,12000,0,0,0,129001
04414P,牧德元富94售04  ,0,0,0,0,0,0,0,0,0,129000,0,0,0,130000,1000,129000,129000
050243,華新科凱基94購10,0,0,0,0,0,0,0,0,0,129000,0,0,0,324000,195000,129000,129000
052929,可成元大96購02  ,0,0,0,0,0,0,0,0,0,129000,0,0,0,197000,68000,129000,129000
2472,立隆電          ,160000,45000,115000,0,0,0,0,0,0,14000,30000,16000,14000,0,0,0,129000
1337,再生-KY         ,230001,109000,121001,0,0,0,0,0,0,7000,7000,0,7000,0,0,0,128001
05595P,友達統一96售02  ,0,0,0,0,0,0,0,0,0,128000,0,0,0,233000,105000,128000,128000
03147P,台灣50群益03售02,0,0,0,0,0,0,0,0,0,128000,0,0,0,128000,0,128000,128000
9939,宏全            ,364000,262000,102000,0,0,0,0,0,0,26000,48000,16000,32000,0,6000,-6000,128000
06131P,京鼎元富97售02  ,0,0,0,0,0,0,0,0,0,128000,0,0,0,156000,28000,128000,128000
06031P,新光金兆豐96售02,0,0,0,0,0,0,0,0,0,128000,0,0,0,128000,0,128000,128000
056017,台積電群益97購04,0,0,0,0,0,0,0,0,0,127000,0,0,0,1421000,1294000,127000,127000
3030,德律            ,234000,116000,118000,0,0,0,3000,0,3000,6000,9000,3000,6000,0,0,0,127000
056024,大立光群益97購05,0,0,0,0,0,0,0,0,0,126000,0,0,0,150000,24000,126000,126000
04770P,鴻海元大94售09  ,0,0,0,0,0,0,0,0,0,126000,0,0,0,366000,240000,126000,126000
06170P,禾伸堂元富97售02,0,0,0,0,0,0,0,0,0,126000,0,0,0,337000,211000,126000,126000
04022P,群創元富96售04  ,0,0,0,0,0,0,0,0,0,125000,0,0,0,125000,0,125000,125000
040761,T50反1凱基95購02,0,0,0,0,0,0,0,0,0,125000,0,0,0,125000,0,125000,125000
044805,旭富凱基93購01  ,0,0,0,0,0,0,0,0,0,125000,0,0,0,125000,0,125000,125000
052067,中磊兆豐96購01  ,0,0,0,0,0,0,0,0,0,125000,0,0,0,240000,115000,125000,125000
05827P,台積電統一96售10,0,0,0,0,0,0,0,0,0,125000,0,0,0,125000,0,125000,125000
6449,鈺邦            ,171000,46000,125000,0,0,0,0,0,0,0,1000,1000,0,0,0,0,125000
08602P,台灣50凱基96售04,0,0,0,0,0,0,0,0,0,125000,0,0,0,125000,0,125000,125000
1590,亞德客-KY       ,795781,714204,81577,0,0,0,67000,48000,19000,24000,6000,8000,-2000,28000,2000,26000,124577
2467,志聖            ,174001,54000,120001,0,0,0,0,0,0,4000,4000,0,4000,0,0,0,124001
047630,元油反元大96購02,0,0,0,0,0,0,0,0,0,124000,0,0,0,152000,28000,124000,124000
053746,彰銀康和96購01  ,0,0,0,0,0,0,0,0,0,124000,0,0,0,124000,0,124000,124000
05988P,光磊元富96售02  ,0,0,0,0,0,0,0,0,0,124000,0,0,0,140000,16000,124000,124000
2547,日勝生          ,590001,498000,92001,0,0,0,0,0,0,31000,36000,5000,31000,0,0,0,123001
056431,鴻海凱基98購07  ,0,0,0,0,0,0,0,0,0,123000,0,0,0,163000,40000,123000,123000
04025P,宏達電國泰94售01,0,0,0,0,0,0,0,0,0,123000,0,0,0,144000,21000,123000,123000
051718,上証2X永豐95購01,0,0,0,0,0,0,0,0,0,123000,0,0,0,333000,210000,123000,123000
053884,緯穎第一96購01  ,0,0,0,0,0,0,0,0,0,123000,0,0,0,130000,7000,123000,123000
053319,可成群益96購04  ,0,0,0,0,0,0,0,0,0,123000,0,0,0,123000,0,123000,123000
6226,光鼎            ,155000,32000,123000,0,0,0,0,0,0,0,0,0,0,0,0,0,123000
8497,格威傳媒        ,123000,0,123000,0,0,0,0,0,0,0,0,0,0,0,0,0,123000
4155,訊映            ,181000,61000,120000,0,0,0,0,1000,-1000,4000,4000,0,4000,0,0,0,123000
06233P,訊芯永豐97售03  ,0,0,0,0,0,0,0,0,0,123000,0,0,0,123000,0,123000,123000
04912P,可成元富94售06  ,0,0,0,0,0,0,0,0,0,122000,0,0,0,143000,21000,122000,122000
04929P,同欣電凱基95售01,0,0,0,0,0,0,0,0,0,122000,0,0,0,122000,0,122000,122000
052269,T50反1日盛9B購01,0,0,0,0,0,0,0,0,0,122000,0,0,0,1388000,1266000,122000,122000
052922,國巨永豐96購01  ,0,0,0,0,0,0,0,0,0,122000,0,0,0,237000,115000,122000,122000
06304P,臺股指元大97售10,0,0,0,0,0,0,0,0,0,122000,0,0,0,123000,1000,122000,122000
05641P,貿聯元富96售02  ,0,0,0,0,0,0,0,0,0,121000,0,0,0,122000,1000,121000,121000
055994,聯發科國泰99購02,0,0,0,0,0,0,0,0,0,121000,0,0,0,232000,111000,121000,121000
04428P,台光電元大94售02,0,0,0,0,0,0,0,0,0,121000,0,0,0,122000,1000,121000,121000
051514,智邦凱基95購05  ,0,0,0,0,0,0,0,0,0,121000,0,0,0,121000,0,121000,121000
052200,台光電統一95購02,0,0,0,0,0,0,0,0,0,121000,0,0,0,121000,0,121000,121000
053761,健策國泰98購01  ,0,0,0,0,0,0,0,0,0,121000,0,0,0,1317000,1196000,121000,121000
055285,華新科元大99購03,0,0,0,0,0,0,0,0,0,121000,0,0,0,121000,0,121000,121000
055104,台達電凱基98購01,0,0,0,0,0,0,0,0,0,121000,0,0,0,131000,10000,121000,121000
06419P,國巨統一97售09  ,0,0,0,0,0,0,0,0,0,121000,0,0,0,151000,30000,121000,121000
06569P,可成永豐98售01  ,0,0,0,0,0,0,0,0,0,121000,0,0,0,121000,0,121000,121000
06705P,臻鼎元富98售03  ,0,0,0,0,0,0,0,0,0,121000,0,0,0,122000,1000,121000,121000
06010P,國泰金元富96售01,0,0,0,0,0,0,0,0,0,121000,0,0,0,178000,57000,121000,121000
1321,大洋            ,147000,32000,115000,0,0,0,0,0,0,6000,8000,2000,6000,0,0,0,121000
056817,國巨永豐98購04  ,0,0,0,0,0,0,0,0,0,120000,0,0,0,200000,80000,120000,120000
047674,群創元富96購02  ,0,0,0,0,0,0,0,0,0,120000,0,0,0,150000,30000,120000,120000
04490P,聯發科台新94售02,0,0,0,0,0,0,0,0,0,120000,0,0,0,120000,0,120000,120000
050372,全新元大96購03  ,0,0,0,0,0,0,0,0,0,120000,0,0,0,120000,0,120000,120000
052683,鴻海元大97購03  ,0,0,0,0,0,0,0,0,0,120000,0,0,0,120000,0,120000,120000
053798,台積電中信98購02,0,0,0,0,0,0,0,0,0,120000,0,0,0,130000,10000,120000,120000
8163,達方            ,438000,334000,104000,0,0,0,1000,0,1000,15000,57000,12000,45000,3000,33000,-30000,120000
05996P,華新科群益96售03,0,0,0,0,0,0,0,0,0,120000,0,0,0,123000,3000,120000,120000
06057P,大立光凱基98售01,0,0,0,0,0,0,0,0,0,120000,0,0,0,135000,15000,120000,120000
06518P,奇力新兆豐99售01,0,0,0,0,0,0,0,0,0,120000,0,0,0,120000,0,120000,120000
06468P,華新科統一98售02,0,0,0,0,0,0,0,0,0,120000,0,0,0,135000,15000,120000,120000
048049,滬深反中信96購01,0,0,0,0,0,0,0,0,0,119000,0,0,0,251000,132000,119000,119000
047161,世紀鋼國票94購01,0,0,0,0,0,0,0,0,0,119000,0,0,0,119000,0,119000,119000
052550,鴻海國票97購02  ,0,0,0,0,0,0,0,0,0,119000,0,0,0,492000,373000,119000,119000
050417,喬山凱基94購01  ,0,0,0,0,0,0,0,0,0,119000,0,0,0,119000,0,119000,119000
3437,榮創            ,211000,92000,119000,0,0,0,0,0,0,0,0,0,0,0,0,0,119000
1313,聯成            ,367000,273000,94000,0,0,0,0,0,0,25000,25000,0,25000,0,0,0,119000
057531,禾伸堂元大99購04,0,0,0,0,0,0,0,0,0,118000,0,0,0,128000,10000,118000,118000
056590,樺漢統一9A購01  ,0,0,0,0,0,0,0,0,0,118000,0,0,0,118000,0,118000,118000
05669P,嘉晶永豐96售03  ,0,0,0,0,0,0,0,0,0,118000,0,0,0,210000,92000,118000,118000
048642,聯發科元大94購02,0,0,0,0,0,0,0,0,0,118000,0,0,0,138000,20000,118000,118000
054608,致茂永豐97購01  ,0,0,0,0,0,0,0,0,0,118000,0,0,0,205000,87000,118000,118000
06686P,麗豐永豐98售02  ,0,0,0,0,0,0,0,0,0,118000,0,0,0,118000,0,118000,118000
05955P,台光電國票97售02,0,0,0,0,0,0,0,0,0,118000,0,0,0,138000,20000,118000,118000
05649P,矽創國票97售03  ,0,0,0,0,0,0,0,0,0,117000,0,0,0,117000,0,117000,117000
2328,廣宇            ,392001,318000,74001,0,0,0,0,5000,-5000,47000,47000,0,47000,0,0,0,116001
057416,T50反1凱基9C購01,0,0,0,0,0,0,0,0,0,116000,0,0,0,120000,4000,116000,116000
05782P,聯詠元富96售02  ,0,0,0,0,0,0,0,0,0,116000,0,0,0,156000,40000,116000,116000
051622,和碩凱基96購01  ,0,0,0,0,0,0,0,0,0,116000,0,0,0,136000,20000,116000,116000
04421P,玉晶光永豐94售02,0,0,0,0,0,0,0,0,0,116000,0,0,0,180000,64000,116000,116000
04963P,鴻海元大94售25  ,0,0,0,0,0,0,0,0,0,116000,0,0,0,358000,242000,116000,116000
054732,台化凱基98購01  ,0,0,0,0,0,0,0,0,0,116000,0,0,0,136000,20000,116000,116000
053424,欣興永豐96購02  ,0,0,0,0,0,0,0,0,0,116000,0,0,0,124000,8000,116000,116000
05920P,力成元大96售04  ,0,0,0,0,0,0,0,0,0,116000,0,0,0,116000,0,116000,116000
05723P,華通永豐96售03  ,0,0,0,0,0,0,0,0,0,115000,0,0,0,115000,0,115000,115000
056117,宏達電群益97購02,0,0,0,0,0,0,0,0,0,115000,0,0,0,244000,129000,115000,115000
03832P,臺股指中信95售03,0,0,0,0,0,0,0,0,0,115000,0,0,0,180000,65000,115000,115000
04492P,元油2X永豐94售03,0,0,0,0,0,0,0,0,0,115000,0,0,0,115000,0,115000,115000
049141,旺宏元大95購01  ,0,0,0,0,0,0,0,0,0,115000,0,0,0,125000,10000,115000,115000
048848,滬深2X群益98購02,0,0,0,0,0,0,0,0,0,115000,0,0,0,157000,42000,115000,115000
048286,滬深2X兆豐94購04,0,0,0,0,0,0,0,0,0,115000,0,0,0,120000,5000,115000,115000
046404,友達元大93購02  ,0,0,0,0,0,0,0,0,0,115000,0,0,0,115000,0,115000,115000
04626P,聯發科元大94售07,0,0,0,0,0,0,0,0,0,115000,0,0,0,264000,149000,115000,115000
05219P,鴻海元大95售17  ,0,0,0,0,0,0,0,0,0,115000,0,0,0,375000,260000,115000,115000
05039P,鴻海凱基95售10  ,0,0,0,0,0,0,0,0,0,115000,0,0,0,204000,89000,115000,115000
05068P,鴻海統一95售06  ,0,0,0,0,0,0,0,0,0,115000,0,0,0,115000,0,115000,115000
05375P,健策國票96售02  ,0,0,0,0,0,0,0,0,0,115000,0,0,0,285000,170000,115000,115000
05819P,臺股指凱基96售16,0,0,0,0,0,0,0,0,0,115000,0,0,0,115000,0,115000,115000
06504P,麗豐國票99售02  ,0,0,0,0,0,0,0,0,0,115000,0,0,0,115000,0,115000,115000
06232P,智易永豐97售01  ,0,0,0,0,0,0,0,0,0,115000,0,0,0,115000,0,115000,115000
2233,宇隆            ,139001,22000,117001,0,0,0,0,0,0,-3000,3000,6000,-3000,0,0,0,114001
04856P,光磊元富94售01  ,0,0,0,0,0,0,0,0,0,114000,0,0,0,114000,0,114000,114000
046155,道瓊反群益94購01,0,0,0,0,0,0,0,0,0,114000,0,0,0,114000,0,114000,114000
053960,晶技永豐96購02  ,0,0,0,0,0,0,0,0,0,114000,0,0,0,114000,0,114000,114000
055419,國巨永豐97購03  ,0,0,0,0,0,0,0,0,0,114000,0,0,0,114000,0,114000,114000
06216P,上銀元富97售03  ,0,0,0,0,0,0,0,0,0,114000,0,0,0,164000,50000,114000,114000
05886P,華通元富96售01  ,0,0,0,0,0,0,0,0,0,114000,0,0,0,124000,10000,114000,114000
06163P,聯詠群益97售01  ,0,0,0,0,0,0,0,0,0,114000,0,0,0,114000,0,114000,114000
04586P,光罩永豐94售02  ,0,0,0,0,0,0,0,0,0,113000,0,0,0,150000,37000,113000,113000
048305,深100凱基96購01 ,0,0,0,0,0,0,0,0,0,113000,0,0,0,131000,18000,113000,113000
048249,嘉澤兆豐94購01  ,0,0,0,0,0,0,0,0,0,113000,0,0,0,135000,22000,113000,113000
04738P,揚明光永豐94售03,0,0,0,0,0,0,0,0,0,113000,0,0,0,116000,3000,113000,113000
05252P,華通凱基95售01  ,0,0,0,0,0,0,0,0,0,113000,0,0,0,156000,43000,113000,113000
05514P,康舒永豐96售01  ,0,0,0,0,0,0,0,0,0,113000,0,0,0,113000,0,113000,113000
06487P,聯發科統一99售02,0,0,0,0,0,0,0,0,0,113000,0,0,0,113000,0,113000,113000
06406P,可成元富97售04  ,0,0,0,0,0,0,0,0,0,113000,0,0,0,121000,8000,113000,113000
2351,順德            ,161000,58000,103000,0,0,0,0,0,0,10000,12000,0,12000,0,2000,-2000,113000
6139,亞翔            ,186000,75000,111000,0,0,0,0,0,0,2000,0,0,0,2000,0,2000,113000
05766P,A50正2凱基99售01,0,0,0,0,0,0,0,0,0,112000,0,0,0,211000,99000,112000,112000
04101P,臺股指國票93售08,0,0,0,0,0,0,0,0,0,112000,3000,0,3000,109000,0,109000,112000
006206,元大上證50      ,62000,15000,47000,0,0,0,0,0,0,65000,0,0,0,85000,20000,65000,112000
05040P,聯發科凱基95售05,0,0,0,0,0,0,0,0,0,112000,0,0,0,147000,35000,112000,112000
05499P,聯詠元富95售02  ,0,0,0,0,0,0,0,0,0,112000,0,0,0,112000,0,112000,112000
054816,聯發科元大97購12,0,0,0,0,0,0,0,0,0,112000,0,0,0,112000,0,112000,112000
4190,佐登-KY         ,181000,57000,124000,0,0,0,0,0,0,-12000,3000,10000,-7000,0,5000,-5000,112000
2228,劍麟            ,220000,108000,112000,0,0,0,0,0,0,0,1000,0,1000,0,1000,-1000,112000
06077P,GIS凱基97售02   ,0,0,0,0,0,0,0,0,0,112000,0,0,0,112000,0,112000,112000
05922P,京元電兆豐96售01,0,0,0,0,0,0,0,0,0,112000,0,0,0,112000,0,112000,112000
05794P,華邦電群益96售04,0,0,0,0,0,0,0,0,0,112000,0,0,0,130000,18000,112000,112000
04085P,欣興元富93售01  ,0,0,0,0,0,0,0,0,0,111000,0,0,0,111000,0,111000,111000
04617P,臺股指群益95售03,0,0,0,0,0,0,0,0,0,111000,0,0,0,111000,0,111000,111000
049113,大立光統一94購06,0,0,0,0,0,0,0,0,0,111000,0,0,0,111000,0,111000,111000
04751P,智邦兆豐95售02  ,0,0,0,0,0,0,0,0,0,111000,0,0,0,121000,10000,111000,111000
05170P,世芯元大95售01  ,0,0,0,0,0,0,0,0,0,111000,0,0,0,495000,384000,111000,111000
050137,臺指反國票96購01,0,0,0,0,0,0,0,0,0,111000,0,0,0,113000,2000,111000,111000
054379,光磊群益98購01  ,0,0,0,0,0,0,0,0,0,111000,0,0,0,111000,0,111000,111000
055140,晶相光永豐97購01,0,0,0,0,0,0,0,0,0,111000,0,0,0,219000,108000,111000,111000
05416P,喬山永豐95售04  ,1000,0,1000,0,0,0,0,0,0,110000,0,0,0,151000,41000,110000,111000
053550,聯發科凱基96購15,0,0,0,0,0,0,0,0,0,111000,0,0,0,115000,4000,111000,111000
05914P,友達元大96售04  ,0,0,0,0,0,0,0,0,0,111000,0,0,0,111000,0,111000,111000
3419,譁裕            ,205000,96000,109000,0,0,0,0,0,0,2000,2000,0,2000,0,0,0,111000
2939,凱羿-KY         ,150000,39000,111000,0,0,0,0,0,0,0,0,0,0,0,0,0,111000
9941,裕融            ,201000,97000,104000,0,0,0,1000,300,700,6000,6000,0,6000,0,0,0,110700
05770P,聯發科凱基96售16,0,0,0,0,0,0,0,0,0,110000,0,0,0,110000,0,110000,110000
05695P,台積電凱基96售10,0,0,0,0,0,0,0,0,0,110000,0,0,0,110000,0,110000,110000
056901,華新科元大98購03,0,0,0,0,0,0,0,0,0,110000,0,0,0,110000,0,110000,110000
047944,中石化元富96購01,0,0,0,0,0,0,0,0,0,110000,0,0,0,110000,0,110000,110000
04282P,微星永豐93售02  ,0,0,0,0,0,0,0,0,0,110000,0,0,0,110000,0,110000,110000
047680,上証反中信96購01,0,0,0,0,0,0,0,0,0,110000,0,0,0,115000,5000,110000,110000
050013,淘帝國泰95購01  ,0,0,0,0,0,0,0,0,0,110000,0,0,0,110000,0,110000,110000
051983,道瓊反元大95購01,0,0,0,0,0,0,0,0,0,110000,0,0,0,562000,452000,110000,110000
051455,樺漢元大96購01  ,0,0,0,0,0,0,0,0,0,110000,0,0,0,110000,0,110000,110000
05418P,瑞昱永豐95售02  ,0,0,0,0,0,0,0,0,0,110000,0,0,0,119000,9000,110000,110000
05411P,台積電國票96售08,0,0,0,0,0,0,0,0,0,110000,0,0,0,110000,0,110000,110000
05500P,臺股指中信96售04,0,0,0,0,0,0,0,0,0,110000,0,0,0,110000,0,110000,110000
054807,台化元大9A購02  ,0,0,0,0,0,0,0,0,0,110000,0,0,0,110000,0,110000,110000
054791,泰碩群益99購02  ,0,0,0,0,0,0,0,0,0,110000,0,0,0,384000,274000,110000,110000
5258,虹堡            ,152000,42000,110000,0,0,0,0,0,0,0,10000,10000,0,0,0,0,110000
08801P,聯發科元大01售13,0,0,0,0,0,0,0,0,0,110000,0,0,0,110000,0,110000,110000
1720,生達            ,151000,45000,106000,0,0,0,0,0,0,4000,5000,1000,4000,0,0,0,110000
06033P,可成凱基96售09  ,0,0,0,0,0,0,0,0,0,110000,0,0,0,250000,140000,110000,110000
06145P,華新科永豐97售02,0,0,0,0,0,0,0,0,0,110000,0,0,0,110000,0,110000,110000
06499P,臺股指元大9A售04,0,0,0,0,0,0,0,0,0,110000,0,0,0,117000,7000,110000,110000
048959,凌華康和94購01  ,0,0,0,0,0,0,0,0,0,109000,0,0,0,109000,0,109000,109000
04703P,樺漢統一95售01  ,0,0,0,0,0,0,0,0,0,109000,0,0,0,109000,0,109000,109000
05052P,友達群益97售01  ,0,0,0,0,0,0,0,0,0,109000,0,0,0,110000,1000,109000,109000
05002P,台積電統一95售03,0,0,0,0,0,0,0,0,0,109000,0,0,0,109000,0,109000,109000
049891,T50反1富邦94購02,0,0,0,0,0,0,0,0,0,109000,0,0,0,653000,544000,109000,109000
053983,樺漢元大97購02  ,0,0,0,0,0,0,0,0,0,109000,0,0,0,274000,165000,109000,109000
06811P,聯發科統一98售06,0,0,0,0,0,0,0,0,0,109000,0,0,0,109000,0,109000,109000
06151P,華新科元大97售07,0,0,0,0,0,0,0,0,0,109000,0,0,0,155000,46000,109000,109000
6525,捷敏-KY         ,132000,28000,104000,0,0,0,0,0,0,5000,5000,0,5000,0,0,0,109000
048937,玉晶光永豐95購01,0,0,0,0,0,0,0,0,0,108000,0,0,0,303000,195000,108000,108000
6283,淳安            ,156000,47000,109000,0,0,0,0,0,0,-1000,3000,4000,-1000,0,0,0,108000
4994,傳奇            ,125000,20000,105000,0,0,0,0,0,0,3000,4000,0,4000,0,1000,-1000,108000
06147P,國巨元大97售05  ,0,0,0,0,0,0,0,0,0,108000,0,0,0,160000,52000,108000,108000
06111P,上銀兆豐98售01  ,0,0,0,0,0,0,0,0,0,108000,0,0,0,108000,0,108000,108000
06748P,智邦台新98售02  ,0,0,0,0,0,0,0,0,0,108000,0,0,0,108000,0,108000,108000
06198P,台積電元大98售06,0,0,0,0,0,0,0,0,0,108000,0,0,0,478000,370000,108000,108000
057740,茂林富邦9A購01  ,0,0,0,0,0,0,0,0,0,107000,0,0,0,150000,43000,107000,107000
04809P,台光電群益94售04,0,0,0,0,0,0,0,0,0,107000,0,0,0,107000,0,107000,107000
048762,寶齡凱基94購01  ,0,0,0,0,0,0,0,0,0,107000,0,0,0,107000,0,107000,107000
052749,日月光元大96購02,0,0,0,0,0,0,0,0,0,107000,0,0,0,107000,0,107000,107000
05369P,可成元富95售04  ,0,0,0,0,0,0,0,0,0,107000,0,0,0,177000,70000,107000,107000
05437P,聯詠永豐95售02  ,0,0,0,0,0,0,0,0,0,107000,0,0,0,107000,0,107000,107000
06494P,鴻海永昌98售03  ,0,0,0,0,0,0,0,0,0,107000,0,0,0,107000,0,107000,107000
05851P,力山群益97售01  ,0,0,0,0,0,0,0,0,0,107000,0,0,0,112000,5000,107000,107000
05725P,嘉聯益永豐96售02,0,0,0,0,0,0,0,0,0,106000,0,0,0,106000,0,106000,106000
055971,矽力元大97購05  ,0,0,0,0,0,0,0,0,0,106000,0,0,0,106000,0,106000,106000
056542,緯創凱基98購01  ,0,0,0,0,0,0,0,0,0,106000,0,0,0,144000,38000,106000,106000
05248P,矽創群益96售01  ,0,0,0,0,0,0,0,0,0,106000,0,0,0,116000,10000,106000,106000
051311,瑞昱麥證95購01  ,0,0,0,405000,299000,106000,0,0,0,106000,0,0,0,405000,299000,106000,106000
06311P,嘉聯益元富97售02,0,0,0,0,0,0,0,0,0,106000,0,0,0,143000,37000,106000,106000
5285,界霖            ,128000,25000,103000,0,0,0,0,0,0,3000,9000,6000,3000,0,0,0,106000
05571P,大立光統一96售03,0,0,0,0,0,0,0,0,0,105000,0,0,0,105000,0,105000,105000
051659,力山國泰97購01  ,0,0,0,0,0,0,0,0,0,105000,0,0,0,105000,0,105000,105000
048346,智易元大95購01  ,0,0,0,0,0,0,0,0,0,105000,0,0,0,106000,1000,105000,105000
04910P,台積電統一94售12,0,0,0,0,0,0,0,0,0,105000,0,0,0,105000,0,105000,105000
046770,聯發科國泰94購01,0,0,0,0,0,0,0,0,0,105000,0,0,0,120000,15000,105000,105000
04767P,台積電國泰95售04,0,0,0,0,0,0,0,0,0,105000,0,0,0,105000,0,105000,105000
00654R,富邦印度反1     ,28000,1000,27000,0,0,0,0,0,0,78000,0,0,0,78000,0,78000,105000
03935P,可成富邦95售01  ,0,0,0,0,0,0,0,0,0,105000,0,0,0,105000,0,105000,105000
04163P,可成統一93售03  ,0,0,0,0,0,0,0,0,0,105000,0,0,0,105000,0,105000,105000
052477,美律群益98購01  ,0,0,0,0,0,0,0,0,0,105000,0,0,0,105000,0,105000,105000
05030P,台積電元富95售04,0,0,0,0,0,0,0,0,0,105000,0,0,0,105000,0,105000,105000
050240,聯發科凱基94購13,0,0,0,0,0,0,0,0,0,105000,0,0,0,202000,97000,105000,105000
054693,神基永豐97購01  ,0,0,0,0,0,0,0,0,0,105000,0,0,0,184000,79000,105000,105000
06028P,智邦台新97售01  ,0,0,0,0,0,0,0,0,0,105000,0,0,0,105000,0,105000,105000
052324,康友元大96購02  ,0,0,0,0,0,0,0,0,0,104000,0,0,0,143000,39000,104000,104000
06066P,群創台新98售01  ,0,0,0,0,0,0,0,0,0,104000,0,0,0,106000,2000,104000,104000
058035,旭富永豐98購02  ,0,0,0,0,0,0,0,0,0,104000,0,0,0,109000,5000,104000,104000
06411P,晶相光永豐97售03,0,0,0,0,0,0,0,0,0,104000,0,0,0,104000,0,104000,104000
06744P,嘉聯益永豐98售03,0,0,0,0,0,0,0,0,0,104000,0,0,0,104000,0,104000,104000
06593P,欣興元大98售05  ,0,0,0,0,0,0,0,0,0,104000,0,0,0,107000,3000,104000,104000
9955,佳龍            ,200000,99000,101000,0,0,0,0,0,0,3000,5000,2000,3000,0,0,0,104000
055506,台郡元大99購02  ,0,0,0,0,0,0,0,0,0,103000,0,0,0,103000,0,103000,103000
05547P,群創元大96售03  ,0,0,0,0,0,0,0,0,0,103000,0,0,0,110000,7000,103000,103000
05601P,鴻海元大97售04  ,0,0,0,0,0,0,0,0,0,103000,0,0,0,269000,166000,103000,103000
055818,晶相光國票97購02,0,0,0,0,0,0,0,0,0,103000,0,0,0,147000,44000,103000,103000
04711P,台光電元大94售05,0,0,0,0,0,0,0,0,0,103000,0,0,0,103000,0,103000,103000
049448,光磊統一94購01  ,0,0,0,0,0,0,0,0,0,103000,0,0,0,163000,60000,103000,103000
05237P,為升永豐95售01  ,0,0,0,0,0,0,0,0,0,103000,0,0,0,192000,89000,103000,103000
049668,大立光國泰96購02,0,0,0,0,0,0,0,0,0,103000,0,0,0,160000,57000,103000,103000
055244,國巨統一98購01  ,0,0,0,0,0,0,0,0,0,103000,0,0,0,159000,56000,103000,103000
053910,嘉聯益凱基98購01,0,0,0,0,0,0,0,0,0,103000,0,0,0,163000,60000,103000,103000
6168,宏齊            ,169000,60000,109000,0,0,0,0,0,0,-6000,1000,7000,-6000,0,0,0,103000
4137,麗豐-KY         ,204000,103000,101000,0,0,0,0,0,0,2000,2000,0,2000,1000,1000,0,103000
047844,台虹元大93購02  ,0,0,0,0,0,0,0,0,0,102000,0,0,0,112000,10000,102000,102000
051439,川湖元大95購01  ,0,0,0,0,0,0,0,0,0,102000,0,0,0,200000,98000,102000,102000
05046P,台光電永豐95售02,0,0,0,0,0,0,0,0,0,102000,0,0,0,104000,2000,102000,102000
05109P,臺股指麥證95售01,0,0,0,105000,3000,102000,0,0,0,102000,0,0,0,105000,3000,102000,102000
054640,健策中信9B購01  ,0,0,0,0,0,0,0,0,0,102000,0,0,0,237000,135000,102000,102000
3669,圓展            ,202000,106000,96000,0,0,0,0,0,0,6000,7000,1000,6000,0,0,0,102000
9940,信義            ,162000,74000,88000,0,0,0,0,0,0,14000,14000,0,14000,0,0,0,102000
1440,南紡            ,623000,563000,60000,0,0,0,0,0,0,42000,42000,0,42000,0,0,0,102000
06621P,欣興元大98售06  ,0,0,0,0,0,0,0,0,0,102000,0,0,0,102000,0,102000,102000
06715P,台積電元大99售04,0,0,0,0,0,0,0,0,0,102000,0,0,0,483000,381000,102000,102000
06372P,聯發科元大97售21,0,0,0,0,0,0,0,0,0,102000,0,0,0,122000,20000,102000,102000
06061P,訊芯統一97售01  ,0,0,0,0,0,0,0,0,0,102000,0,0,0,102000,0,102000,102000
3356,奇偶            ,143001,45000,98001,0,0,0,0,0,0,3000,7000,4000,3000,0,0,0,101001
047576,技嘉群益94購01  ,0,0,0,0,0,0,0,0,0,101000,0,0,0,191000,90000,101000,101000
045086,玉晶光元大94購02,0,0,0,0,0,0,0,0,0,101000,0,0,0,101000,0,101000,101000
05083P,麗豐永豐95售02  ,0,0,0,0,0,0,0,0,0,101000,0,0,0,101000,0,101000,101000
04983P,臺股指康和94售03,0,0,0,0,0,0,0,0,0,101000,0,0,0,101000,0,101000,101000
04984P,臺股指康和94售04,0,0,0,0,0,0,0,0,0,101000,0,0,0,101000,0,101000,101000
05245P,台積電元大95售18,0,0,0,0,0,0,0,0,0,101000,0,0,0,1249000,1148000,101000,101000
05031P,台光電元富95售01,0,0,0,0,0,0,0,0,0,101000,0,0,0,221000,120000,101000,101000
053924,京鼎國票97購01  ,0,0,0,0,0,0,0,0,0,101000,0,0,0,104000,3000,101000,101000
053032,國巨兆豐97購02  ,0,0,0,0,0,0,0,0,0,101000,0,0,0,127000,26000,101000,101000
06035P,同欣電凱基96售03,0,0,0,0,0,0,0,0,0,101000,0,0,0,101000,0,101000,101000
05897P,國巨凱基96售12  ,0,0,0,0,0,0,0,0,0,101000,0,0,0,233000,132000,101000,101000
06428P,國巨元大97售17  ,0,0,0,0,0,0,0,0,0,101000,0,0,0,117000,16000,101000,101000
06330P,南亞科群益97售03,0,0,0,0,0,0,0,0,0,101000,0,0,0,111000,10000,101000,101000
06849P,欣興元大98售12  ,0,0,0,0,0,0,0,0,0,101000,0,0,0,121000,20000,101000,101000
05589P,大立光中信9A售01,0,0,0,0,0,0,0,0,0,100000,0,0,0,100000,0,100000,100000
056111,力成永豐97購01  ,0,0,0,0,0,0,0,0,0,100000,0,0,0,107000,7000,100000,100000
056065,奇鋐元大97購01  ,0,0,0,0,0,0,0,0,0,100000,0,0,0,100000,0,100000,100000
05572P,群創統一96售02  ,0,0,0,0,0,0,0,0,0,100000,0,0,0,101000,1000,100000,100000
056400,道瓊反群益9C購01,0,0,0,0,0,0,0,0,0,100000,0,0,0,100000,0,100000,100000
056304,創意元大97購03  ,0,0,0,0,0,0,0,0,0,100000,0,0,0,100000,0,100000,100000
057565,可成富邦99購01  ,0,0,0,0,0,0,0,0,0,100000,0,0,0,100000,0,100000,100000
045088,康控元大94購02  ,0,0,0,0,0,0,0,0,0,100000,0,0,0,100000,0,100000,100000
04605P,台積電兆豐94售03,0,0,0,0,0,0,0,0,0,100000,0,0,0,100000,0,100000,100000
047624,台達電國票93購01,0,0,0,0,0,0,0,0,0,100000,0,0,0,100000,0,100000,100000
047642,宏達電元大93購08,0,0,0,0,0,0,0,0,0,100000,0,0,0,100000,0,100000,100000
048956,美食康和94購01  ,0,0,0,0,0,0,0,0,0,100000,0,0,0,100000,0,100000,100000
04293P,滬深2X元大96售02,0,0,0,0,0,0,0,0,0,100000,0,0,0,105000,5000,100000,100000
048857,晶豪科群益94購01,0,0,0,0,0,0,0,0,0,100000,0,0,0,100000,0,100000,100000
04006P,滬深2X國票9B售01,0,0,0,0,0,0,0,0,0,100000,0,0,0,100000,0,100000,100000
03305P,台達電台新02售01,0,0,0,0,0,0,0,0,0,100000,0,0,0,100000,0,100000,100000
047771,緯創元大93購01  ,0,0,0,0,0,0,0,0,0,100000,0,0,0,100000,0,100000,100000
046967,元油反群益93購01,0,0,0,0,0,0,0,0,0,100000,0,0,0,100000,0,100000,100000
047129,T50反1凱基93購01,0,0,0,0,0,0,0,0,0,100000,0,0,0,100000,0,100000,100000
04724P,可成凱基94售08  ,0,0,0,0,0,0,0,0,0,100000,0,0,0,100000,0,100000,100000
047309,鴻海元大93購13  ,0,0,0,0,0,0,0,0,0,100000,0,0,0,100000,0,100000,100000
050182,淘帝元大94購01  ,0,0,0,0,0,0,0,0,0,100000,0,0,0,100000,0,100000,100000
052454,力成元大95購02  ,0,0,0,0,0,0,0,0,0,100000,0,0,0,140000,40000,100000,100000
050019,T50反1元大94購04,0,0,0,0,0,0,0,0,0,100000,0,0,0,100000,0,100000,100000
052611,力成元大96購02  ,0,0,0,0,0,0,0,0,0,100000,0,0,0,100000,0,100000,100000
050769,聯發科元大94購17,0,0,0,0,0,0,0,0,0,100000,0,0,0,100000,0,100000,100000
051315,同欣電麥證95購01,0,0,0,100000,0,100000,0,0,0,100000,0,0,0,100000,0,100000,100000
05136P,台積電凱基95售08,0,0,0,0,0,0,0,0,0,100000,0,0,0,100000,0,100000,100000
05301P,矽力元大95售02  ,0,0,0,0,0,0,0,0,0,100000,0,0,0,100000,0,100000,100000
054604,麗豐台新98購01  ,0,0,0,0,0,0,0,0,0,100000,0,0,0,100000,0,100000,100000
054626,建準凱基98購01  ,0,0,0,0,0,0,0,0,0,100000,0,0,0,100000,0,100000,100000
054471,T50反1中信9C購01,0,0,0,0,0,0,0,0,0,100000,0,0,0,100000,0,100000,100000
055154,聯發科元大98購01,0,0,0,0,0,0,0,0,0,100000,0,0,0,110000,10000,100000,100000
06743P,創意永豐98售03  ,0,0,0,0,0,0,0,0,0,100000,0,0,0,106000,6000,100000,100000
06574P,大立光永昌99售01,0,0,0,0,0,0,0,0,0,100000,0,0,0,400000,300000,100000,100000
06308P,國巨元富97售06  ,0,0,0,0,0,0,0,0,0,100000,0,0,0,104000,4000,100000,100000
06398P,禾伸堂凱基97售02,0,0,0,0,0,0,0,0,0,100000,0,0,0,106000,6000,100000,100000
05923P,旺宏元富96售05  ,0,0,0,0,0,0,0,0,0,100000,0,0,0,150000,50000,100000,100000
05957P,友達國票97售04  ,0,0,0,0,0,0,0,0,0,100000,0,0,0,100000,0,100000,100000
06086P,台積電康和97售01,0,0,0,0,0,0,0,0,0,100000,0,0,0,100000,0,100000,100000
05834P,臺股指元富96售06,0,0,0,0,0,0,0,0,0,100000,0,0,0,100000,0,100000,100000
3702A,大聯大甲特      ,0,51000,-51000,0,0,0,0,0,0,151000,151000,0,151000,0,0,0,100000
1540,喬福            ,109000,9000,100000,0,0,0,0,0,0,0,0,0,0,0,0,0,100000
08818P,台灣50凱基01售18,100000,0,100000,0,0,0,0,0,0,0,0,0,0,0,0,0,100000
08897P,國巨群益01售10  ,0,0,0,0,0,0,0,0,0,100000,0,0,0,300000,200000,100000,100000
2013,中鋼構          ,148000,48000,100000,0,0,0,0,0,0,0,0,0,0,0,0,0,100000
2702,華園            ,108000,12000,96000,0,0,0,0,0,0,4000,4000,0,4000,0,0,0,100000
05618P,聯發科元富96售02,0,0,0,0,0,0,0,0,0,99000,0,0,0,146000,47000,99000,99000
047277,晶技永豐93購01  ,0,0,0,0,0,0,0,0,0,99000,0,0,0,99000,0,99000,99000
047115,可成元大93購06  ,0,0,0,0,0,0,0,0,0,99000,0,0,0,99000,0,99000,99000
048500,樺漢元大93購03  ,0,0,0,0,0,0,0,0,0,99000,0,0,0,136000,37000,99000,99000
04987P,昇陽半永豐94售04,0,0,0,0,0,0,0,0,0,99000,0,0,0,99000,0,99000,99000
050034,智伸科元大94購01,0,0,0,0,0,0,0,0,0,99000,0,0,0,99000,0,99000,99000
055421,玉晶光永豐98購04,0,0,0,0,0,0,0,0,0,99000,0,0,0,251000,152000,99000,99000
054495,滬深2X永豐97購02,0,0,0,0,0,0,0,0,0,99000,0,0,0,99000,0,99000,99000
08164P,滬深2X中信95售04,0,0,0,0,0,0,0,0,0,99000,0,0,0,109000,10000,99000,99000
6152,百一            ,103000,4000,99000,0,0,0,0,0,0,0,0,0,0,0,0,0,99000
3588,通嘉            ,136000,36000,100000,0,0,0,0,1000,-1000,0,0,0,0,0,0,0,99000
06386P,欣興永豐97售03  ,0,0,0,0,0,0,0,0,0,99000,0,0,0,139000,40000,99000,99000
05630P,大立光永昌96售06,0,0,0,0,0,0,0,0,0,98000,0,0,0,268000,170000,98000,98000
057647,欣興元大98購10  ,0,0,0,0,0,0,0,0,0,98000,0,0,0,106000,8000,98000,98000
057843,晶技永豐98購02  ,0,0,0,0,0,0,0,0,0,98000,0,0,0,152000,54000,98000,98000
056838,旺宏元富98購01  ,0,0,0,0,0,0,0,0,0,98000,0,0,0,98000,0,98000,98000
05676P,欣興群益96售04  ,0,0,0,0,0,0,0,0,0,98000,0,0,0,128000,30000,98000,98000
052767,智伸科群益98購01,0,0,0,0,0,0,0,0,0,98000,0,0,0,98000,0,98000,98000
049596,智伸科元大95購01,0,0,0,0,0,0,0,0,0,98000,0,0,0,98000,0,98000,98000
054537,南亞科亞東97購01,0,0,0,0,0,0,0,0,0,98000,0,0,0,190000,92000,98000,98000
054227,宏達電元富96購02,0,0,0,0,0,0,0,0,0,98000,0,0,0,98000,0,98000,98000
055348,旺宏凱基97購01  ,0,0,0,0,0,0,0,0,0,98000,0,0,0,98000,0,98000,98000
06294P,臺股指國票97售08,0,0,0,0,0,0,0,0,0,98000,0,0,0,105000,7000,98000,98000
06282P,聯鈞永豐97售02  ,0,0,0,0,0,0,0,0,0,98000,0,0,0,153000,55000,98000,98000
06004P,奇力新永豐96售02,0,0,0,0,0,0,0,0,0,98000,0,0,0,138000,40000,98000,98000
4164,承業醫          ,121000,37000,84000,0,0,0,0,0,0,14000,19000,5000,14000,0,0,0,98000
1733,五鼎            ,107001,22000,85001,0,0,0,0,0,0,12000,17000,5000,12000,0,0,0,97001
057278,可成元大98購06  ,0,0,0,0,0,0,0,0,0,97000,0,0,0,150000,53000,97000,97000
05743P,創意元大96售01  ,0,0,0,0,0,0,0,0,0,97000,0,0,0,97000,0,97000,97000
056242,緯創群益9A購01  ,0,0,0,0,0,0,0,0,0,97000,0,0,0,110000,13000,97000,97000
04265P,滬深2X元富93售04,0,0,0,0,0,0,0,0,0,97000,0,0,0,102000,5000,97000,97000
050252,聯發科國泰95購01,0,0,0,0,0,0,0,0,0,97000,0,0,0,285000,188000,97000,97000
055331,國巨兆豐99購01  ,0,0,0,0,0,0,0,0,0,97000,0,0,0,213000,116000,97000,97000
2611,志信            ,99000,2000,97000,0,0,0,0,0,0,0,0,0,0,0,0,0,97000
06377P,華通統一97售04  ,0,0,0,0,0,0,0,0,0,97000,0,0,0,102000,5000,97000,97000
4915,致伸            ,1384000,1289503,94497,0,0,0,4000,17000,-13000,15000,4000,0,4000,15000,4000,11000,96497
056525,T50反1凱基99購06,0,0,0,0,0,0,0,0,0,96000,0,0,0,96000,0,96000,96000
045298,旺宏元大94購01  ,0,0,0,0,0,0,0,0,0,96000,0,0,0,98000,2000,96000,96000
052216,康友元大96購01  ,0,0,0,0,0,0,0,0,0,96000,0,0,0,156000,60000,96000,96000
05218P,大立光永昌96售04,0,0,0,0,0,0,0,0,0,96000,0,0,0,842000,746000,96000,96000
050913,全新中信97購01  ,0,0,0,0,0,0,0,0,0,96000,0,0,0,350000,254000,96000,96000
055315,晶技麥證97購01  ,0,0,0,96000,0,96000,0,0,0,96000,0,0,0,96000,0,96000,96000
054632,緯穎凱基9A購01  ,0,0,0,0,0,0,0,0,0,96000,0,0,0,100000,4000,96000,96000
4108,懷特            ,99000,3000,96000,0,0,0,0,0,0,0,1000,1000,0,0,0,0,96000
6672,騰輝電子-KY     ,164000,45000,119000,0,0,0,0,0,0,-23000,2000,25000,-23000,0,0,0,96000
056224,聯發科凱基97購08,0,0,0,0,0,0,0,0,0,95000,0,0,0,95000,0,95000,95000
055636,元油反元富97購02,0,0,0,0,0,0,0,0,0,95000,0,0,0,100000,5000,95000,95000
050307,欣興中信95購01  ,0,0,0,0,0,0,0,0,0,95000,0,0,0,95000,0,95000,95000
049386,嘉聯益元大95購01,0,0,0,0,0,0,0,0,0,95000,0,0,0,95000,0,95000,95000
049493,可成元大94購05  ,0,0,0,0,0,0,0,0,0,95000,0,0,0,125000,30000,95000,95000
054954,華新科元大97購06,0,0,0,0,0,0,0,0,0,95000,0,0,0,95000,0,95000,95000
053708,道瓊反凱基98購01,0,0,0,0,0,0,0,0,0,95000,0,0,0,109000,14000,95000,95000
9924,福興            ,143000,57000,86000,0,0,0,0,0,0,9000,9000,0,9000,0,0,0,95000
3617,碩天            ,124000,30000,94000,0,0,0,0,0,0,1000,1000,0,1000,0,0,0,95000
2305,全友            ,96000,3000,93000,0,0,0,0,0,0,2000,2000,0,2000,0,0,0,95000
06461P,玉晶光國泰9A售01,0,0,0,0,0,0,0,0,0,95000,0,0,0,155000,60000,95000,95000
06249P,億光統一97售02  ,0,0,0,0,0,0,0,0,0,95000,0,0,0,95000,0,95000,95000
06759P,台積電元大98售17,0,0,0,0,0,0,0,0,0,95000,0,0,0,200000,105000,95000,95000
06870P,台灣50群益9A售03,0,0,0,0,0,0,0,0,0,95000,0,0,0,379000,284000,95000,95000
05883P,致伸永豐96售03  ,0,0,0,0,0,0,0,0,0,95000,0,0,0,95000,0,95000,95000
2832,台產            ,115001,33000,82001,0,0,0,0,0,0,12000,12000,0,12000,0,0,0,94001
05640P,旺宏元富96售03  ,0,0,0,0,0,0,0,0,0,94000,0,0,0,94000,0,94000,94000
05762P,昇陽半永豐96售04,0,0,0,0,0,0,0,0,0,94000,0,0,0,139000,45000,94000,94000
057096,緯穎元富98購01  ,0,0,0,0,0,0,0,0,0,94000,0,0,0,114000,20000,94000,94000
05546P,全新元大97售01  ,0,0,0,0,0,0,0,0,0,94000,0,0,0,94000,0,94000,94000
06904P,TPK凱基98售03   ,0,0,0,0,0,0,0,0,0,94000,0,0,0,120000,26000,94000,94000
4720,德淵            ,186000,110000,76000,0,0,0,0,0,0,18000,102000,84000,18000,0,0,0,94000
058037,台灣50元大9B購02,0,0,0,0,0,0,0,0,0,94000,0,0,0,414000,320000,94000,94000
047529,嘉晶元大94購02  ,0,0,0,0,0,0,0,0,0,93000,0,0,0,584000,491000,93000,93000
049740,禾伸堂群益94購01,0,0,0,0,0,0,0,0,0,93000,0,0,0,172000,79000,93000,93000
053857,宏達電富邦97購02,0,0,0,0,0,0,0,0,0,93000,0,0,0,114000,21000,93000,93000
05918P,大立光元大96售11,0,0,0,0,0,0,0,0,0,93000,0,0,0,93000,0,93000,93000
05987P,健策統一96售02  ,0,0,0,0,0,0,0,0,0,93000,0,0,0,103000,10000,93000,93000
1436,華友聯          ,102000,9000,93000,0,0,0,0,0,0,0,0,0,0,0,0,0,93000
2030,彰源            ,176001,80000,96001,0,0,0,0,9000,-9000,5000,6000,1000,5000,0,0,0,92001
055837,致茂元大97購02  ,0,0,0,0,0,0,0,0,0,92000,0,0,0,92000,0,92000,92000
048002,景碩元大93購04  ,0,0,0,0,0,0,0,0,0,92000,0,0,0,100000,8000,92000,92000
04532P,臺股指凱基94售04,0,0,0,0,0,0,0,0,0,92000,0,0,0,102000,10000,92000,92000
04193P,智原永豐93售01  ,0,0,0,0,0,0,0,0,0,92000,0,0,0,92000,0,92000,92000
05233P,台郡台新95售02  ,0,0,0,0,0,0,0,0,0,92000,0,0,0,92000,0,92000,92000
052319,可成元大95購12  ,0,0,0,0,0,0,0,0,0,92000,0,0,0,221000,129000,92000,92000
055467,國巨凱基97購05  ,0,0,0,0,0,0,0,0,0,92000,0,0,0,166000,74000,92000,92000
05538P,玉晶光國票97售02,0,0,0,0,0,0,0,0,0,92000,0,0,0,115000,23000,92000,92000
054627,義隆凱基98購01  ,0,0,0,0,0,0,0,0,0,92000,0,0,0,252000,160000,92000,92000
05570P,聯發科統一96售04,0,0,0,0,0,0,0,0,0,91000,0,0,0,102000,11000,91000,91000
03765P,大立光元富96售01,0,0,0,0,0,0,0,0,0,91000,0,0,0,115000,24000,91000,91000
046703,瑞昱元富95購01  ,0,0,0,0,0,0,0,0,0,91000,0,0,0,100000,9000,91000,91000
051253,緯創元大95購02  ,0,0,0,0,0,0,0,0,0,91000,0,0,0,97000,6000,91000,91000
05094P,大立光元大95售07,0,0,0,0,0,0,0,0,0,91000,0,0,0,91000,0,91000,91000
05482P,鴻海凱基95售22  ,0,0,0,0,0,0,0,0,0,91000,0,0,0,91000,0,91000,91000
053630,奇鋐兆豐97購01  ,0,0,0,0,0,0,0,0,0,91000,0,0,0,178000,87000,91000,91000
06379P,群創統一97售05  ,0,0,0,0,0,0,0,0,0,91000,0,0,0,111000,20000,91000,91000
1409,新纖            ,1522000,1452906,69094,0,0,0,0,31000,-31000,52000,52000,0,52000,0,0,0,90094
2488,漢平            ,113001,24000,89001,0,0,0,0,1000,-1000,2000,2000,0,2000,0,0,0,90001
056305,群創元大9A購03  ,0,0,0,0,0,0,0,0,0,90000,0,0,0,434000,344000,90000,90000
056300,聯發科元大97購23,0,0,0,0,0,0,0,0,0,90000,0,0,0,624000,534000,90000,90000
056262,台積電統一98購04,0,0,0,0,0,0,0,0,0,90000,0,0,0,298000,208000,90000,90000
056136,京鼎元大98購01  ,0,0,0,0,0,0,0,0,0,90000,0,0,0,90000,0,90000,90000
056658,美食元大98購01  ,0,0,0,0,0,0,0,0,0,90000,0,0,0,155000,65000,90000,90000
057148,玉晶光國票99購04,0,0,0,0,0,0,0,0,0,90000,0,0,0,132000,42000,90000,90000
057022,智邦凱基98購04  ,0,0,0,0,0,0,0,0,0,90000,0,0,0,225000,135000,90000,90000
056961,凱美永豐98購01  ,0,0,0,0,0,0,0,0,0,90000,0,0,0,90000,0,90000,90000
057687,中502X凱基98購01,0,0,0,0,0,0,0,0,0,90000,0,0,0,100000,10000,90000,90000
03959P,義隆元富96售01  ,0,0,0,0,0,0,0,0,0,90000,0,0,0,194000,104000,90000,90000
051033,台積電兆豐95購03,0,0,0,0,0,0,0,0,0,90000,0,0,0,270000,180000,90000,90000
052740,聯發科元大96購07,0,0,0,0,0,0,0,0,0,90000,0,0,0,210000,120000,90000,90000
049612,香港反中信96購01,0,0,0,0,0,0,0,0,0,90000,0,0,0,90000,0,90000,90000
053510,聯電群益97購01  ,0,0,0,0,0,0,0,0,0,90000,0,0,0,197000,107000,90000,90000
054752,易華電凱基97購02,0,0,0,0,0,0,0,0,0,90000,0,0,0,90000,0,90000,90000
054362,亞光凱基96購03  ,0,0,0,0,0,0,0,0,0,90000,0,0,0,90000,0,90000,90000
055283,聯發科元大97購16,0,0,0,0,0,0,0,0,0,90000,0,0,0,260000,170000,90000,90000
08890P,為升元大01售04  ,0,0,0,0,0,0,0,0,0,90000,0,0,0,90000,0,90000,90000
06464P,台光電亞東99售01,0,0,0,0,0,0,0,0,0,90000,0,0,0,90000,0,90000,90000
06582P,可成凱基98售06  ,0,0,0,0,0,0,0,0,0,90000,0,0,0,270000,180000,90000,90000
05960P,欣興統一96售01  ,0,0,0,0,0,0,0,0,0,90000,0,0,0,90000,0,90000,90000
05694P,台積電凱基96售09,0,0,0,0,0,0,0,0,0,89000,0,0,0,354000,265000,89000,89000
04914P,國巨國泰95售06  ,0,0,0,0,0,0,0,0,0,89000,0,0,0,1216000,1127000,89000,89000
04867P,美律統一94售03  ,0,0,0,0,0,0,0,0,0,89000,0,0,0,110000,21000,89000,89000
05001P,華通統一95售01  ,0,0,0,0,0,0,0,0,0,89000,0,0,0,89000,0,89000,89000
051375,道瓊反群益9A購01,0,0,0,0,0,0,0,0,0,89000,0,0,0,91000,2000,89000,89000
055341,台達電凱基97購02,0,0,0,0,0,0,0,0,0,89000,0,0,0,107000,18000,89000,89000
05297P,臻鼎凱基95售04  ,0,0,0,0,0,0,0,0,0,89000,0,0,0,89000,0,89000,89000
06247P,同欣電元富97售02,0,0,0,0,0,0,0,0,0,89000,0,0,0,111000,22000,89000,89000
4989,榮科            ,95000,6000,89000,0,0,0,0,0,0,0,3000,3000,0,0,0,0,89000
055762,智伸科群益97購01,0,0,0,0,0,0,0,0,0,88000,0,0,0,98000,10000,88000,88000
04854P,鴻海國泰96售04  ,0,0,0,0,0,0,0,0,0,88000,0,0,0,124000,36000,88000,88000
044574,潤泰全凱基93購01,0,0,0,0,0,0,0,0,0,88000,0,0,0,88000,0,88000,88000
052182,鴻海群益96購01  ,0,0,0,0,0,0,0,0,0,88000,0,0,0,88000,0,88000,88000
05065P,燿華元大96售03  ,0,0,0,0,0,0,0,0,0,88000,0,0,0,158000,70000,88000,88000
053522,臺股指群益99購01,0,0,0,0,0,0,0,0,0,88000,0,0,0,140000,52000,88000,88000
054698,同欣電永豐97購01,0,0,0,0,0,0,0,0,0,88000,0,0,0,100000,12000,88000,88000
2849,安泰銀          ,90000,2000,88000,0,0,0,0,0,0,0,0,0,0,0,0,0,88000
2427,三商電          ,86000,0,86000,0,0,0,0,0,0,2000,2000,0,2000,0,0,0,88000
056499,鴻海富邦98購02  ,0,0,0,0,0,0,0,0,0,87000,0,0,0,98000,11000,87000,87000
04464P,可成元富94售04  ,0,0,0,0,0,0,0,0,0,87000,0,0,0,87000,0,87000,87000
04214P,美利達凱基93售04,0,0,0,0,0,0,0,0,0,87000,0,0,0,87000,0,87000,87000
04710P,台積電元大94售16,0,0,0,0,0,0,0,0,0,87000,0,0,0,130000,43000,87000,87000
05234P,美食康和95售01  ,0,0,0,0,0,0,0,0,0,87000,0,0,0,200000,113000,87000,87000
055424,聚陽群益98購01  ,0,0,0,0,0,0,0,0,0,87000,0,0,0,88000,1000,87000,87000
053982,臻鼎元大96購05  ,0,0,0,0,0,0,0,0,0,87000,0,0,0,87000,0,87000,87000
05607P,華通日盛96售01  ,0,0,0,0,0,0,0,0,0,86000,0,0,0,86000,0,86000,86000
05679P,台表科群益96售05,0,0,0,0,0,0,0,0,0,86000,0,0,0,120000,34000,86000,86000
046715,美律國泰94購01  ,0,0,0,0,0,0,0,0,0,86000,0,0,0,86000,0,86000,86000
048555,技嘉元大93購02  ,0,0,0,0,0,0,0,0,0,86000,0,0,0,97000,11000,86000,86000
00688L,國泰20年美債正2 ,0,0,0,0,0,0,0,0,0,86000,0,0,0,201000,115000,86000,86000
051858,上銀凱基95購01  ,0,0,0,0,0,0,0,0,0,86000,0,0,0,171000,85000,86000,86000
05320P,華通凱基96售03  ,0,0,0,0,0,0,0,0,0,86000,0,0,0,125000,39000,86000,86000
06883P,聯茂群益98售03  ,0,0,0,0,0,0,0,0,0,86000,0,0,0,96000,10000,86000,86000
05608P,聯發科凱基96售10,0,0,0,0,0,0,0,0,0,85000,0,0,0,130000,45000,85000,85000
04432P,昇陽半元大94售04,0,0,0,0,0,0,0,0,0,85000,0,0,0,85000,0,85000,85000
04210P,鴻海凱基93售36  ,0,0,0,0,0,0,0,0,0,85000,0,0,0,85000,0,85000,85000
048755,志超元富96購01  ,0,0,0,0,0,0,0,0,0,85000,0,0,0,85000,0,85000,85000
049913,微星元大94購01  ,0,0,0,0,0,0,0,0,0,85000,0,0,0,146000,61000,85000,85000
050076,百和凱基94購02  ,0,0,0,0,0,0,0,0,0,85000,0,0,0,100000,15000,85000,85000
053279,景碩元大97購01  ,0,0,0,0,0,0,0,0,0,85000,0,0,0,85000,0,85000,85000
05530P,臺股指群益96售03,0,0,0,0,0,0,0,0,0,85000,0,0,0,85000,0,85000,85000
054722,傳奇永豐97購01  ,0,0,0,0,0,0,0,0,0,85000,0,0,0,85000,0,85000,85000
1786,科妍            ,87000,6000,81000,0,0,0,0,0,0,4000,12000,8000,4000,0,0,0,85000
6541,泰福-KY         ,175000,92000,83000,0,0,0,0,0,0,2000,2000,0,2000,0,0,0,85000
051866,聯發科凱基96購05,0,0,0,0,0,0,0,0,0,84000,0,0,0,132000,48000,84000,84000
054614,玉晶光永豐97購03,0,0,0,0,0,0,0,0,0,84000,0,0,0,271000,187000,84000,84000
6165,捷泰            ,116000,32000,84000,0,0,0,0,0,0,0,0,0,0,0,0,0,84000
2015,豐興            ,208000,136000,72000,0,0,0,0,0,0,12000,13000,1000,12000,0,0,0,84000
2816,旺旺保          ,139000,66000,73000,0,0,0,0,0,0,11000,11000,0,11000,0,0,0,84000
06810P,國巨統一99售03  ,0,0,0,0,0,0,0,0,0,84000,0,0,0,173000,89000,84000,84000
06823P,台灣50永豐98售02,0,0,0,0,0,0,0,0,0,84000,0,0,0,254000,170000,84000,84000
1611,中電            ,214001,127000,87001,0,0,0,0,0,0,-4000,0,4000,-4000,0,0,0,83001
057641,旺宏元大98購10  ,0,0,0,0,0,0,0,0,0,83000,0,0,0,83000,0,83000,83000
04417P,光罩國泰95售02  ,0,0,0,0,0,0,0,0,0,83000,0,0,0,83000,0,83000,83000
047637,旺宏元大94購03  ,0,0,0,0,0,0,0,0,0,83000,0,0,0,93000,10000,83000,83000
052616,鴻海國泰98購02  ,0,0,0,0,0,0,0,0,0,83000,0,0,0,410000,327000,83000,83000
052824,揚明光永豐96購02,0,0,0,0,0,0,0,0,0,83000,0,0,0,83000,0,83000,83000
052441,亞泥元大95購01  ,0,0,0,0,0,0,0,0,0,83000,0,0,0,325000,242000,83000,83000
054386,鴻海統一98購03  ,0,0,0,0,0,0,0,0,0,83000,0,0,0,123000,40000,83000,83000
055397,超眾統一97購02  ,0,0,0,0,0,0,0,0,0,83000,0,0,0,83000,0,83000,83000
053752,超眾永豐96購02  ,0,0,0,0,0,0,0,0,0,83000,0,0,0,83000,0,83000,83000
2881A,富邦特          ,0,16000,-16000,0,0,0,0,0,0,99000,107000,8000,99000,0,0,0,83000
06650P,聯發科元大98售09,0,0,0,0,0,0,0,0,0,83000,0,0,0,101000,18000,83000,83000
06202P,大立光元大98售06,0,0,0,0,0,0,0,0,0,83000,0,0,0,83000,0,83000,83000
048947,凌華永豐94購01  ,0,0,0,0,0,0,0,0,0,82000,0,0,0,82000,0,82000,82000
04575P,新日興統一94售02,0,0,0,0,0,0,0,0,0,82000,0,0,0,218000,136000,82000,82000
020000,富邦特選蘋果N   ,0,0,0,0,0,0,0,0,0,82000,0,0,0,174000,92000,82000,82000
03444P,道瓊銀群益02售04,0,0,0,0,0,0,0,0,0,82000,0,0,0,82000,0,82000,82000
04688P,大立光凱基94售09,0,0,0,0,0,0,0,0,0,82000,0,0,0,82000,0,82000,82000
05145P,道瓊反元大98售01,0,0,0,0,0,0,0,0,0,82000,0,0,0,293000,211000,82000,82000
055464,聚陽凱基97購01  ,0,0,0,0,0,0,0,0,0,82000,0,0,0,132000,50000,82000,82000
06420P,大立光統一98售06,0,0,0,0,0,0,0,0,0,82000,0,0,0,91000,9000,82000,82000
06048P,大立光富邦96售05,0,0,0,0,0,0,0,0,0,82000,0,0,0,82000,0,82000,82000
06095P,燿華永豐97售01  ,0,0,0,0,0,0,0,0,0,82000,0,0,0,94000,12000,82000,82000
2511,太子            ,175000,134000,41000,0,0,0,0,0,0,41000,41000,0,41000,0,0,0,82000
2020,美亞            ,114000,32000,82000,0,0,0,0,0,0,0,0,0,0,0,0,0,82000
1315,達新            ,194000,117000,77000,0,0,0,0,0,0,5000,6000,1000,5000,0,0,0,82000
4739,康普            ,112000,30000,82000,0,0,0,0,0,0,0,0,0,0,0,0,0,82000
8341,日友            ,327000,249000,78000,0,0,0,0,0,0,4000,5000,1000,4000,0,0,0,82000
1316,上曜            ,126001,47000,79001,0,0,0,0,0,0,2000,2000,0,2000,0,0,0,81001
1435,中福            ,85001,4000,81001,0,0,0,0,0,0,0,0,0,0,0,0,0,81001
048154,旺宏兆豐94購01  ,0,0,0,0,0,0,0,0,0,81000,0,0,0,236000,155000,81000,81000
051890,智邦元富95購03  ,0,0,0,0,0,0,0,0,0,81000,0,0,0,101000,20000,81000,81000
04426P,佳世達康和94售02,0,0,0,0,0,0,0,0,0,81000,0,0,0,81000,0,81000,81000
04555P,元油2X群益95售01,0,0,0,0,0,0,0,0,0,81000,0,0,0,81000,0,81000,81000
04915P,鴻海永昌96售02  ,0,0,0,0,0,0,0,0,0,81000,0,0,0,131000,50000,81000,81000
050685,緯穎元富94購02  ,0,0,0,0,0,0,0,0,0,81000,0,0,0,159000,78000,81000,81000
050378,上証2X群益98購02,0,0,0,0,0,0,0,0,0,81000,0,0,0,130000,49000,81000,81000
050945,致茂群益95購01  ,0,0,0,0,0,0,0,0,0,81000,0,0,0,181000,100000,81000,81000
05285P,同欣電群益95售02,0,0,0,0,0,0,0,0,0,81000,0,0,0,81000,0,81000,81000
9902,台火            ,86000,13000,73000,0,0,0,0,0,0,8000,8000,0,8000,0,0,0,81000
05778P,台積電統一96售05,0,0,0,0,0,0,0,0,0,80000,0,0,0,80000,0,80000,80000
056531,佳世達凱基98購01,0,0,0,0,0,0,0,0,0,80000,0,0,0,155000,75000,80000,80000
03428B,臺股指凱基97熊18,0,0,0,0,0,0,0,0,0,80000,0,0,0,80000,0,80000,80000
04457P,同欣電統一94售01,0,0,0,0,0,0,0,0,0,80000,0,0,0,100000,20000,80000,80000
051699,世紀鋼麥證95購01,0,0,0,100000,20000,80000,0,0,0,80000,0,0,0,100000,20000,80000,80000
05173P,臺股指元大95售17,0,0,0,0,0,0,0,0,0,80000,0,0,0,84000,4000,80000,80000
047997,南亞科元大93購03,0,0,0,0,0,0,0,0,0,80000,0,0,0,80000,0,80000,80000
047887,智原富邦97購01  ,0,0,0,0,0,0,0,0,0,80000,0,0,0,80000,0,80000,80000
050674,瑞昱富邦94購02  ,0,0,0,0,0,0,0,0,0,80000,0,0,0,130000,50000,80000,80000
050187,群創元大94購03  ,0,0,0,0,0,0,0,0,0,80000,0,0,0,315000,235000,80000,80000
053045,國巨中信97購01  ,0,0,0,0,0,0,0,0,0,80000,0,0,0,256000,176000,80000,80000
05323P,瑞昱凱基96售02  ,0,0,0,0,0,0,0,0,0,80000,0,0,0,151000,71000,80000,80000
05377P,鴻海凱基95售18  ,0,0,0,0,0,0,0,0,0,80000,0,0,0,80000,0,80000,80000
05388P,南亞科元大95售04,0,0,0,0,0,0,0,0,0,80000,0,0,0,90000,10000,80000,80000
054971,帆宣元大97購02  ,0,0,0,0,0,0,0,0,0,80000,0,0,0,105000,25000,80000,80000
054903,億光康和97購02  ,0,0,0,0,0,0,0,0,0,80000,0,0,0,80000,0,80000,80000
054519,禾伸堂元大97購02,0,0,0,0,0,0,0,0,0,80000,0,0,0,80000,0,80000,80000
054757,南亞國票98購01  ,0,0,0,0,0,0,0,0,0,80000,0,0,0,80000,0,80000,80000
4566,時碩工業        ,89000,14000,75000,0,0,0,0,0,0,5000,6000,1000,5000,0,0,0,80000
1103,嘉泥            ,873000,618000,255000,0,0,0,0,0,0,-175000,19000,194000,-175000,0,0,0,80000
06905P,上証2X國泰99售02,0,0,0,0,0,0,0,0,0,80000,0,0,0,100000,20000,80000,80000
06167P,欣興國票97售05  ,0,0,0,0,0,0,0,0,0,80000,0,0,0,80000,0,80000,80000
06665P,欣興兆豐99售01  ,0,0,0,0,0,0,0,0,0,80000,0,0,0,110000,30000,80000,80000
06629P,台灣50第一98售01,0,0,0,0,0,0,0,0,0,80000,0,0,0,80000,0,80000,80000
06551P,貿聯元大98售05  ,0,0,0,0,0,0,0,0,0,80000,0,0,0,81000,1000,80000,80000
06761P,台積電元大99售05,0,0,0,0,0,0,0,0,0,80000,0,0,0,425000,345000,80000,80000
05639P,欣興統一97售01  ,0,0,0,0,0,0,0,0,0,79000,0,0,0,89000,10000,79000,79000
048339,友達元大95購01  ,0,0,0,0,0,0,0,0,0,79000,0,0,0,90000,11000,79000,79000
03417B,臺股指凱基95熊19,0,0,0,0,0,0,0,0,0,79000,0,0,0,90000,11000,79000,79000
05032P,台積電國泰96售05,0,0,0,0,0,0,0,0,0,79000,0,0,0,91000,12000,79000,79000
049803,華新科元大95購07,0,0,0,0,0,0,0,0,0,79000,0,0,0,88000,9000,79000,79000
049240,華通元富94購01  ,0,0,0,0,0,0,0,0,0,79000,0,0,0,80000,1000,79000,79000
049691,可成元大94購06  ,0,0,0,0,0,0,0,0,0,79000,0,0,0,124000,45000,79000,79000
052606,聯發科元大97購04,0,0,0,0,0,0,0,0,0,79000,0,0,0,130000,51000,79000,79000
050808,台達電凱基96購02,0,0,0,0,0,0,0,0,0,79000,0,0,0,79000,0,79000,79000
055160,玉晶光元大99購03,0,0,0,0,0,0,0,0,0,79000,0,0,0,195000,116000,79000,79000
05417P,燿華永豐95售07  ,0,0,0,0,0,0,0,0,0,79000,0,0,0,79000,0,79000,79000
054180,亞泥康和96購01  ,0,0,0,0,0,0,0,0,0,79000,0,0,0,79000,0,79000,79000
6224,聚鼎            ,94000,17000,77000,0,0,0,0,0,0,2000,3000,1000,2000,0,0,0,79000
1626,艾美特-KY       ,214000,135739,78261,0,0,0,0,0,0,0,0,0,0,0,0,0,78261
055562,欣興凱基97購06  ,0,0,0,0,0,0,0,0,0,78000,0,0,0,78000,0,78000,78000
056965,全新永豐98購01  ,0,0,0,0,0,0,0,0,0,78000,0,0,0,80000,2000,78000,78000
05710P,禾伸堂國票97售02,0,0,0,0,0,0,0,0,0,78000,0,0,0,88000,10000,78000,78000
048998,玉晶光國票95購03,0,0,0,0,0,0,0,0,0,78000,0,0,0,219000,141000,78000,78000
051995,矽力元大95購03  ,0,0,0,0,0,0,0,0,0,78000,0,0,0,108000,30000,78000,78000
050411,聯發科永豐94購05,0,0,0,0,0,0,0,0,0,78000,0,0,0,78000,0,78000,78000
053862,南亞科元大97購02,0,0,0,0,0,0,0,0,0,78000,0,0,0,78000,0,78000,78000
05284P,鴻海兆豐95售04  ,0,0,0,0,0,0,0,0,0,78000,0,0,0,94000,16000,78000,78000
2444,兆勁            ,86000,7000,79000,0,0,0,0,0,0,-1000,0,1000,-1000,0,0,0,78000
06129P,玉晶光元富97售06,0,0,0,0,0,0,0,0,0,78000,0,0,0,188000,110000,78000,78000
057265,聯詠兆豐98購01  ,0,0,0,0,0,0,0,0,0,77000,0,0,0,395000,318000,77000,77000
05761P,嘉澤永豐96售01  ,0,0,0,0,0,0,0,0,0,77000,0,0,0,82000,5000,77000,77000
055728,緯穎元大97購03  ,0,0,0,0,0,0,0,0,0,77000,0,0,0,121000,44000,77000,77000
05658P,日月光元富96售02,0,0,0,0,0,0,0,0,0,77000,0,0,0,81000,4000,77000,77000
03267P,台灣50元大02售06,0,0,0,0,0,0,0,0,0,77000,0,0,0,197000,120000,77000,77000
04857P,美律元富94售01  ,0,0,0,0,0,0,0,0,0,77000,0,0,0,82000,5000,77000,77000
051545,裕隆康和95購01  ,0,0,0,0,0,0,0,0,0,77000,0,0,0,117000,40000,77000,77000
050201,光磊群益94購01  ,0,0,0,0,0,0,0,0,0,77000,0,0,0,77000,0,77000,77000
049255,旺宏元大97購02  ,0,0,0,0,0,0,0,0,0,77000,0,0,0,80000,3000,77000,77000
051082,上証2X元大98購01,0,0,0,0,0,0,0,0,0,77000,0,0,0,77000,0,77000,77000
050971,緯穎永豐95購01  ,0,0,0,0,0,0,0,0,0,77000,0,0,0,112000,35000,77000,77000
05471P,聯電統一95售01  ,0,0,0,0,0,0,0,0,0,77000,0,0,0,105000,28000,77000,77000
054726,台積電日盛97購01,0,0,0,0,0,0,0,0,0,77000,0,0,0,97000,20000,77000,77000
05926P,智易永豐96售02  ,0,0,0,0,0,0,0,0,0,77000,0,0,0,77000,0,77000,77000
06162P,大立光群益97售02,0,0,0,0,0,0,0,0,0,77000,0,0,0,77000,0,77000,77000
06179P,國巨群益97售04  ,0,0,0,0,0,0,0,0,0,77000,0,0,0,77000,0,77000,77000
06335P,台積電麥證97售02,0,0,0,77000,0,77000,0,0,0,77000,0,0,0,77000,0,77000,77000
1592,英瑞-KY         ,98000,21000,77000,0,0,0,0,0,0,0,0,0,0,0,0,0,77000
6412,群電            ,428000,353000,75000,0,0,0,1000,0,1000,1000,2000,0,2000,0,1000,-1000,77000
4545,銘鈺            ,124000,52000,72000,0,0,0,0,0,0,5000,13000,8000,5000,0,0,0,77000
2365,昆盈            ,109001,57000,52001,0,0,0,0,0,0,24000,24000,0,24000,0,0,0,76001
057562,奇鋐兆豐98購01  ,0,0,0,0,0,0,0,0,0,76000,0,0,0,252000,176000,76000,76000
056945,鴻海統一98購12  ,0,0,0,0,0,0,0,0,0,76000,0,0,0,227000,151000,76000,76000
047572,深中小群益95購01,0,0,0,0,0,0,0,0,0,76000,0,0,0,98000,22000,76000,76000
051109,美律統一95購02  ,0,0,0,0,0,0,0,0,0,76000,0,0,0,101000,25000,76000,76000
052934,中磊元大96購01  ,0,0,0,0,0,0,0,0,0,76000,0,0,0,183000,107000,76000,76000
2388,威盛            ,362000,294000,68000,0,0,0,4000,0,4000,4000,8000,4000,4000,0,0,0,76000
05891P,聯發科中信98售03,0,0,0,0,0,0,0,0,0,76000,0,0,0,130000,54000,76000,76000
06110P,國巨國泰98售02  ,0,0,0,0,0,0,0,0,0,76000,0,0,0,212000,136000,76000,76000
056057,華邦電元大97購05,0,0,0,0,0,0,0,0,0,75000,0,0,0,75000,0,75000,75000
049820,世紀鋼元大96購03,0,0,0,0,0,0,0,0,0,75000,0,0,0,105000,30000,75000,75000
049343,華新科統一94購03,0,0,0,0,0,0,0,0,0,75000,0,0,0,150000,75000,75000,75000
053127,貿聯凱基97購01  ,0,0,0,0,0,0,0,0,0,75000,0,0,0,78000,3000,75000,75000
06149P,台積電元大97售18,0,0,0,0,0,0,0,0,0,75000,0,0,0,435000,360000,75000,75000
058040,FBVIX元大98購01 ,0,0,0,0,0,0,0,0,0,75000,0,0,0,96000,21000,75000,75000
2414,精技            ,118000,45000,73000,0,0,0,0,0,0,2000,3000,1000,2000,0,0,0,75000
1615,大山            ,81000,6000,75000,0,0,0,0,0,0,0,1000,1000,0,0,0,0,75000
9917,中保科          ,375000,320000,55000,0,0,0,3000,0,3000,17000,17000,0,17000,0,0,0,75000
05582P,群創凱基98售06  ,0,0,0,0,0,0,0,0,0,74000,0,0,0,110000,36000,74000,74000
057047,華新科元大99購07,0,0,0,0,0,0,0,0,0,74000,0,0,0,74000,0,74000,74000
04451P,可成凱基94售04  ,0,0,0,0,0,0,0,0,0,74000,0,0,0,127000,53000,74000,74000
048337,致茂元大93購04  ,0,0,0,0,0,0,0,0,0,74000,0,0,0,74000,0,74000,74000
04781P,欣興凱基94售06  ,0,0,0,0,0,0,0,0,0,74000,0,0,0,100000,26000,74000,74000
048189,臺指反元大96購06,0,0,0,0,0,0,0,0,0,74000,0,0,0,75000,1000,74000,74000
047283,世紀鋼永豐93購02,0,0,0,0,0,0,0,0,0,74000,0,0,0,99000,25000,74000,74000
05519P,上証2X凱基98售01,0,0,0,0,0,0,0,0,0,74000,0,0,0,75000,1000,74000,74000
055017,緯穎元富97購01  ,0,0,0,0,0,0,0,0,0,74000,0,0,0,108000,34000,74000,74000
9942,茂順            ,104000,31000,73000,0,0,0,0,0,0,1000,1000,0,1000,0,0,0,74000
05973P,聯詠元大96售06  ,0,0,0,0,0,0,0,0,0,74000,0,0,0,80000,6000,74000,74000
06751P,旺宏凱基98售10  ,0,0,0,0,0,0,0,0,0,74000,0,0,0,224000,150000,74000,74000
06642P,可成兆豐98售01  ,0,0,0,0,0,0,0,0,0,74000,0,0,0,74000,0,74000,74000
05585P,臺股指凱基96售14,0,0,0,0,0,0,0,0,0,73000,0,0,0,83000,10000,73000,73000
056263,友訊統一99購01  ,0,0,0,0,0,0,0,0,0,73000,0,0,0,162000,89000,73000,73000
051735,台積電國票96購06,0,0,0,0,0,0,0,0,0,73000,0,0,0,416000,343000,73000,73000
04427P,滬深2X元大97售02,0,0,0,0,0,0,0,0,0,73000,0,0,0,83000,10000,73000,73000
050870,旭富永豐95購01  ,0,0,0,0,0,0,0,0,0,73000,0,0,0,73000,0,73000,73000
05098P,鴻海凱基95售15  ,0,0,0,0,0,0,0,0,0,73000,0,0,0,73000,0,73000,73000
05515P,台積電群益96售03,0,0,0,0,0,0,0,0,0,73000,0,0,0,113000,40000,73000,73000
053589,宏達電元大97購02,0,0,0,0,0,0,0,0,0,73000,0,0,0,142000,69000,73000,73000
06740P,台灣50國泰9A售02,0,0,0,0,0,0,0,0,0,73000,0,0,0,130000,57000,73000,73000
06486P,麗豐元大98售02  ,0,0,0,0,0,0,0,0,0,73000,0,0,0,73000,0,73000,73000
06354P,大立光永豐97售04,0,0,0,0,0,0,0,0,0,73000,0,0,0,86000,13000,73000,73000
06009P,宏達電元富96售03,0,0,0,0,0,0,0,0,0,73000,0,0,0,73000,0,73000,73000
05880P,創意康和96售01  ,0,0,0,0,0,0,0,0,0,73000,0,0,0,75000,2000,73000,73000
8033,雷虎            ,85000,12000,73000,0,0,0,0,0,0,0,0,0,0,0,0,0,73000
3167,大量            ,107000,39000,68000,0,0,0,0,0,0,5000,5000,0,5000,0,0,0,73000
3015,全漢            ,99000,27000,72000,0,0,0,0,0,0,1000,1000,0,1000,0,0,0,73000
2443,億麗            ,73001,1000,72001,0,0,0,0,0,0,0,0,0,0,0,0,0,72001
055843,美律元大97購02  ,0,0,0,0,0,0,0,0,0,72000,0,0,0,72000,0,72000,72000
057630,茂林永豐98購01  ,0,0,0,0,0,0,0,0,0,72000,0,0,0,72000,0,72000,72000
057668,華新科元大9A購01,0,0,0,0,0,0,0,0,0,72000,0,0,0,95000,23000,72000,72000
04843P,致新元大94售02  ,0,0,0,0,0,0,0,0,0,72000,0,0,0,72000,0,72000,72000
048631,遠東新元大93購01,0,0,0,0,0,0,0,0,0,72000,0,0,0,72000,0,72000,72000
04731P,臺股指中信96售03,0,0,0,0,0,0,0,0,0,72000,0,0,0,107000,35000,72000,72000
05100P,智邦凱基95售02  ,0,0,0,0,0,0,0,0,0,72000,0,0,0,100000,28000,72000,72000
050035,聯茂元大94購07  ,0,0,0,0,0,0,0,0,0,72000,0,0,0,112000,40000,72000,72000
049410,統一凱基94購02  ,0,0,0,0,0,0,0,0,0,72000,0,0,0,72000,0,72000,72000
050218,世紀鋼統一94購02,0,0,0,0,0,0,0,0,0,72000,0,0,0,293000,221000,72000,72000
05143P,臻鼎台新95售01  ,0,0,0,0,0,0,0,0,0,72000,0,0,0,72000,0,72000,72000
052926,旺宏元大98購02  ,0,0,0,0,0,0,0,0,0,72000,0,0,0,247000,175000,72000,72000
053425,京鼎永豐96購01  ,0,0,0,0,0,0,0,0,0,72000,0,0,0,72000,0,72000,72000
054997,文曄元富97購01  ,0,0,0,0,0,0,0,0,0,72000,0,0,0,202000,130000,72000,72000
2707,晶華            ,122000,55000,67000,0,0,0,0,0,0,5000,2000,0,2000,4000,1000,3000,72000
05989P,健策元富96售01  ,0,0,0,0,0,0,0,0,0,72000,0,0,0,132000,60000,72000,72000
05580P,美律凱基96售03  ,0,0,0,0,0,0,0,0,0,71000,0,0,0,184000,113000,71000,71000
05590P,臺股指中信96售05,0,0,0,0,0,0,0,0,0,71000,0,0,0,151000,80000,71000,71000
056286,奇鋐永豐97購01  ,0,0,0,0,0,0,0,0,0,71000,0,0,0,71000,0,71000,71000
056619,強茂永豐98購01  ,0,0,0,0,0,0,0,0,0,71000,0,0,0,106000,35000,71000,71000
045400,康友富邦93購01  ,0,0,0,0,0,0,0,0,0,71000,0,0,0,71000,0,71000,71000
043970,為升富邦94購01  ,0,0,0,0,0,0,0,0,0,71000,0,0,0,71000,0,71000,71000
051089,旺宏元大96購04  ,0,0,0,0,0,0,0,0,0,71000,0,0,0,81000,10000,71000,71000
049900,台積電元富94購06,0,0,0,0,0,0,0,0,0,71000,0,0,0,218000,147000,71000,71000
058041,FBVIX元大98購02 ,0,0,0,0,0,0,0,0,0,71000,0,0,0,73000,2000,71000,71000
056249,鴻海兆豐97購05  ,0,0,0,0,0,0,0,0,0,70000,0,0,0,70000,0,70000,70000
057679,臺股指元大98購09,0,0,0,0,0,0,0,0,0,70000,0,0,0,70000,0,70000,70000
057191,祥碩元大98購05  ,0,0,0,0,0,0,0,0,0,70000,0,0,0,111000,41000,70000,70000
04287P,A50正2中信96售01,0,0,0,0,0,0,0,0,0,70000,0,0,0,70000,0,70000,70000
046180,裕隆凱基93購01  ,0,0,0,0,0,0,0,0,0,70000,0,0,0,70000,0,70000,70000
04060P,臺股指群益93售14,0,0,0,0,0,0,0,0,0,70000,0,0,0,70000,0,70000,70000
04852P,臻鼎永豐94售02  ,0,0,0,0,0,0,0,0,0,70000,0,0,0,70000,0,70000,70000
05164P,南亞科元富95售04,0,0,0,0,0,0,0,0,0,70000,0,0,0,70000,0,70000,70000
051579,宏碁元大95購01  ,0,0,0,0,0,0,0,0,0,70000,0,0,0,78000,8000,70000,70000
051360,緯創元大95購03  ,0,0,0,0,0,0,0,0,0,70000,0,0,0,81000,11000,70000,70000
051290,大立光統一96購02,0,0,0,0,0,0,0,0,0,70000,0,0,0,70000,0,70000,70000
05104P,智邦台新95售02  ,0,0,0,0,0,0,0,0,0,70000,0,0,0,71000,1000,70000,70000
05015P,臺股指元大95售06,0,0,0,0,0,0,0,0,0,70000,0,0,0,162000,92000,70000,70000
052692,滬深2X中信99購02,0,0,0,0,0,0,0,0,0,70000,0,0,0,70000,0,70000,70000
051463,世芯國泰97購02  ,15000,0,15000,0,0,0,0,0,0,55000,0,0,0,174000,119000,55000,70000
051951,聯發科元富95購02,0,0,0,0,0,0,0,0,0,70000,0,0,0,280000,210000,70000,70000
049192,元油2X永豐96購02,0,0,0,0,0,0,0,0,0,70000,0,0,0,70000,0,70000,70000
049445,遠東新統一94購01,0,0,0,0,0,0,0,0,0,70000,0,0,0,100000,30000,70000,70000
055044,信錦永豐97購01  ,0,0,0,0,0,0,0,0,0,70000,0,0,0,70000,0,70000,70000
055067,禾聯碩永豐97購01,0,0,0,0,0,0,0,0,0,70000,0,0,0,70000,0,70000,70000
054828,正崴國泰99購01  ,0,0,0,0,0,0,0,0,0,70000,0,0,0,70000,0,70000,70000
054233,聯發科群益96購04,0,0,0,0,0,0,0,0,0,70000,0,0,0,70000,0,70000,70000
052921,大成鋼永豐96購01,0,0,0,0,0,0,0,0,0,70000,0,0,0,70000,0,70000,70000
053156,緯創元大96購02  ,0,0,0,0,0,0,0,0,0,70000,0,0,0,70000,0,70000,70000
05304P,國巨國泰97售02  ,0,0,0,0,0,0,0,0,0,70000,0,0,0,95000,25000,70000,70000
054117,宏全康和96購01  ,0,0,0,0,0,0,0,0,0,70000,0,0,0,70000,0,70000,70000
054015,晶豪科永豐96購03,0,0,0,0,0,0,0,0,0,70000,0,0,0,90000,20000,70000,70000
05788P,臺股指永昌96售05,0,0,0,0,0,0,0,0,0,70000,70000,0,70000,0,0,0,70000
06733P,鴻海凱基99售02  ,0,0,0,0,0,0,0,0,0,70000,0,0,0,70000,0,70000,70000
06857P,超眾永豐98售02  ,0,0,0,0,0,0,0,0,0,70000,0,0,0,100000,30000,70000,70000
06517P,國巨凱基98售09  ,0,0,0,0,0,0,0,0,0,70000,0,0,0,100000,30000,70000,70000
4576,大銀微系統      ,72000,2000,70000,0,0,0,0,0,0,0,0,0,0,0,0,0,70000
8462,柏文            ,103000,29000,74000,0,0,0,0,5000,-5000,1000,0,0,0,1000,0,1000,70000
6183,關貿            ,189000,140807,48193,0,0,0,0,0,0,21000,21000,0,21000,0,0,0,69193
2471,資通            ,67001,1000,66001,0,0,0,0,0,0,3000,3000,0,3000,0,0,0,69001
05687P,臺股指元大96售12,0,0,0,0,0,0,0,0,0,69000,0,0,0,70000,1000,69000,69000
057852,國巨國票99購05  ,0,0,0,0,0,0,0,0,0,69000,0,0,0,156000,87000,69000,69000
057568,友訊永豐99購01  ,0,0,0,0,0,0,0,0,0,69000,0,0,0,138000,69000,69000,69000
04536P,長榮航統一94售01,0,0,0,0,0,0,0,0,0,69000,0,0,0,82000,13000,69000,69000
04932P,香港2X中信96售01,0,0,0,0,0,0,0,0,0,69000,0,0,0,120000,51000,69000,69000
052172,致茂元大95購01  ,0,0,0,0,0,0,0,0,0,69000,0,0,0,124000,55000,69000,69000
052527,泰鼎元大96購02  ,0,0,0,0,0,0,0,0,0,69000,0,0,0,371000,302000,69000,69000
05368P,可成元富95售03  ,0,0,0,0,0,0,0,0,0,69000,0,0,0,90000,21000,69000,69000
054563,泰碩群益99購01  ,0,0,0,0,0,0,0,0,0,69000,0,0,0,261000,192000,69000,69000
6698,旭暉應材        ,78000,5000,73000,0,0,0,0,4000,-4000,0,0,0,0,0,0,0,69000
06463P,大立光富邦9A售01,0,0,0,0,0,0,0,0,0,69000,0,0,0,100000,31000,69000,69000
057742,喬山永豐98購02  ,0,0,0,0,0,0,0,0,0,68000,0,0,0,128000,60000,68000,68000
05675P,美律群益97售01  ,0,0,0,0,0,0,0,0,0,68000,0,0,0,88000,20000,68000,68000
057233,聯發科凱基98購14,0,0,0,0,0,0,0,0,0,68000,0,0,0,77000,9000,68000,68000
056308,TPK元大97購02   ,0,0,0,0,0,0,0,0,0,68000,0,0,0,68000,0,68000,68000
056337,聯發科凱基98購06,0,0,0,0,0,0,0,0,0,68000,0,0,0,68000,0,68000,68000
056447,聯發科凱基98購09,0,0,0,0,0,0,0,0,0,68000,0,0,0,68000,0,68000,68000
055721,聯詠元大97購04  ,0,0,0,0,0,0,0,0,0,68000,0,0,0,68000,0,68000,68000
055627,亞德客永豐97購02,0,0,0,0,0,0,0,0,0,68000,0,0,0,88000,20000,68000,68000
055628,旺宏永豐97購01  ,0,0,0,0,0,0,0,0,0,68000,0,0,0,88000,20000,68000,68000
055491,奇力新元大98購03,0,0,0,0,0,0,0,0,0,68000,0,0,0,81000,13000,68000,68000
048967,凌陽元大95購01  ,0,0,0,0,0,0,0,0,0,68000,0,0,0,68000,0,68000,68000
049082,晶豪科凱基94購01,0,0,0,0,0,0,0,0,0,68000,0,0,0,68000,0,68000,68000
052455,樺漢元大96購03  ,0,0,0,0,0,0,0,0,0,68000,0,0,0,68000,0,68000,68000
050970,康舒永豐95購01  ,0,0,0,0,0,0,0,0,0,68000,0,0,0,68000,0,68000,68000
050033,日月光元大94購01,0,0,0,0,0,0,0,0,0,68000,0,0,0,68000,0,68000,68000
051090,光磊元大96購01  ,0,0,0,0,0,0,0,0,0,68000,0,0,0,68000,0,68000,68000
051474,智邦凱基95購04  ,0,0,0,0,0,0,0,0,0,68000,0,0,0,68000,0,68000,68000
052018,京鼎永豐95購02  ,0,0,0,0,0,0,0,0,0,68000,0,0,0,68000,0,68000,68000
049693,可成元大94購08  ,0,0,0,0,0,0,0,0,0,68000,0,0,0,68000,0,68000,68000
049802,可成元大94購10  ,0,0,0,0,0,0,0,0,0,68000,0,0,0,68000,0,68000,68000
05027P,南電群益95售01  ,0,0,0,0,0,0,0,0,0,68000,0,0,0,68000,0,68000,68000
054523,GIS元大96購05   ,0,0,0,0,0,0,0,0,0,68000,0,0,0,68000,0,68000,68000
055458,燿華永豐98購01  ,0,0,0,0,0,0,0,0,0,68000,0,0,0,68000,0,68000,68000
055410,元油反富邦9A購01,0,0,0,0,0,0,0,0,0,68000,0,0,0,68000,0,68000,68000
055282,聯發科元大97購15,0,0,0,0,0,0,0,0,0,68000,0,0,0,68000,0,68000,68000
055350,聯發科凱基97購02,0,0,0,0,0,0,0,0,0,68000,0,0,0,68000,0,68000,68000
055351,聯發科凱基97購03,0,0,0,0,0,0,0,0,0,68000,0,0,0,68000,0,68000,68000
053981,康控元大96購05  ,0,0,0,0,0,0,0,0,0,68000,0,0,0,68000,0,68000,68000
053095,台光電統一98購01,0,0,0,0,0,0,0,0,0,68000,0,0,0,68000,0,68000,68000
053284,樺漢元大97購01  ,0,0,0,0,0,0,0,0,0,68000,0,0,0,68000,0,68000,68000
053299,台泥凱基96購01  ,0,0,0,0,0,0,0,0,0,68000,0,0,0,78000,10000,68000,68000
053330,燿華永豐96購03  ,0,0,0,0,0,0,0,0,0,68000,0,0,0,68000,0,68000,68000
06371P,茂林國票98售04  ,0,0,0,0,0,0,0,0,0,68000,0,0,0,84000,16000,68000,68000
06303P,臺股指元大97售09,0,0,0,0,0,0,0,0,0,68000,0,0,0,78000,10000,68000,68000
06228P,亞德客凱基97售04,0,0,0,0,0,0,0,0,0,68000,0,0,0,68000,0,68000,68000
05949P,台積電國票96售09,0,0,0,0,0,0,0,0,0,68000,0,0,0,158000,90000,68000,68000
06156P,大立光統一97售05,0,0,0,0,0,0,0,0,0,68000,0,0,0,68000,0,68000,68000
6591,動力-KY         ,119000,47000,72000,0,0,0,0,0,0,-4000,1000,5000,-4000,0,0,0,68000
2429,銘旺科          ,73000,5000,68000,0,0,0,0,0,0,0,0,0,0,0,0,0,68000
2425,承啟            ,137000,69000,68000,0,0,0,0,0,0,0,0,0,0,0,0,0,68000
06901P,亞德客凱基98售02,0,0,0,0,0,0,0,0,0,68000,0,0,0,80000,12000,68000,68000
2455,全新            ,510001,576150,-66149,0,0,0,0,0,0,134000,66000,33000,33000,111000,10000,101000,67851
056461,樺漢凱基98購02  ,0,0,0,0,0,0,0,0,0,67000,0,0,0,70000,3000,67000,67000
057061,華擎國泰9A購01  ,0,0,0,0,0,0,0,0,0,67000,0,0,0,151000,84000,67000,67000
049138,台積電元大94購05,0,0,0,0,0,0,0,0,0,67000,0,0,0,206000,139000,67000,67000
6142,友勁            ,34000,16000,18000,0,0,0,0,0,0,49000,49000,0,49000,0,0,0,67000
3011,今皓            ,66000,0,66000,0,0,0,0,0,0,1000,1000,0,1000,0,0,0,67000
06087P,國巨永豐97售01  ,0,0,0,0,0,0,0,0,0,67000,0,0,0,196000,129000,67000,67000
06702P,智邦元富98售01  ,0,0,0,0,0,0,0,0,0,67000,0,0,0,71000,4000,67000,67000
1708,東鹼            ,87001,21000,66001,0,0,0,0,0,0,0,0,0,0,0,0,0,66001
056569,T50正2元大9B購02,0,0,0,0,0,0,0,0,0,66000,0,0,0,70000,4000,66000,66000
055913,中信金凱基97購01,0,0,0,0,0,0,0,0,0,66000,0,0,0,136000,70000,66000,66000
04952P,台光電亞東94售01,0,0,0,0,0,0,0,0,0,66000,0,0,0,66000,0,66000,66000
049277,臺股指元大94購12,0,0,0,0,0,0,0,0,0,66000,0,0,0,83000,17000,66000,66000
05520P,聯詠凱基96售01  ,0,0,0,0,0,0,0,0,0,66000,0,0,0,66000,0,66000,66000
2850,新產            ,214000,159000,55000,0,0,0,0,0,0,11000,11000,0,11000,0,0,0,66000
06245P,健策元富97售03  ,0,0,0,0,0,0,0,0,0,66000,0,0,0,91000,25000,66000,66000
06001P,樺漢台新96售01  ,0,0,0,0,0,0,0,0,0,66000,0,0,0,66000,0,66000,66000
05869P,旺宏凱基96售05  ,0,0,0,0,0,0,0,0,0,66000,0,0,0,162000,96000,66000,66000
05860P,旺宏康和96售01  ,0,0,0,0,0,0,0,0,0,66000,0,0,0,81000,15000,66000,66000
055949,亞德客元大97購04,0,0,0,0,0,0,0,0,0,65000,0,0,0,107000,42000,65000,65000
056820,欣興永豐98購02  ,0,0,0,0,0,0,0,0,0,65000,0,0,0,124000,59000,65000,65000
057696,聯電群益9A購01  ,0,0,0,0,0,0,0,0,0,65000,0,0,0,65000,0,65000,65000
057530,奇鋐元大99購01  ,0,0,0,0,0,0,0,0,0,65000,0,0,0,65000,0,65000,65000
047610,致伸第一93購01  ,0,0,0,0,0,0,0,0,0,65000,0,0,0,65000,0,65000,65000
04879P,康控永豐94售02  ,0,0,0,0,0,0,0,0,0,65000,0,0,0,65000,0,65000,65000
051468,智邦日盛95購01  ,0,0,0,0,0,0,0,0,0,65000,0,0,0,65000,0,65000,65000
055312,台虹群益99購01  ,0,0,0,0,0,0,0,0,0,65000,0,0,0,359000,294000,65000,65000
054361,技嘉凱基96購01  ,0,0,0,0,0,0,0,0,0,65000,0,0,0,211000,146000,65000,65000
05954P,旺宏國票97售03  ,0,0,0,0,0,0,0,0,0,65000,0,0,0,65000,0,65000,65000
06024P,台郡國票97售05  ,0,0,0,0,0,0,0,0,0,65000,0,0,0,80000,15000,65000,65000
06313P,訊芯元富97售01  ,0,0,0,0,0,0,0,0,0,65000,0,0,0,181000,116000,65000,65000
06663P,鴻海兆豐98售03  ,0,0,0,0,0,0,0,0,0,65000,0,0,0,70000,5000,65000,65000
2612,中航            ,155000,93000,62000,0,0,0,0,0,0,3000,5000,2000,3000,0,0,0,65000
1808,潤隆            ,105000,40000,65000,0,0,0,0,0,0,0,0,0,0,0,0,0,65000
1447,力鵬            ,197000,152000,45000,0,0,0,0,0,0,20000,20000,0,20000,0,0,0,65000
1474,弘裕            ,59000,0,59000,0,0,0,0,0,0,6000,6000,0,6000,0,0,0,65000
6155,鈞寶            ,191000,126000,65000,0,0,0,0,0,0,0,0,0,0,0,0,0,65000
057297,新日興永豐98購01,0,0,0,0,0,0,0,0,0,64000,0,0,0,174000,110000,64000,64000
04831P,聯詠富邦96售01  ,0,0,0,0,0,0,0,0,0,64000,0,0,0,64000,0,64000,64000
047048,華邦電國票93購02,0,0,0,0,0,0,0,0,0,64000,0,0,0,64000,0,64000,64000
04882P,鴻海凱基94售19  ,0,0,0,0,0,0,0,0,0,64000,0,0,0,92000,28000,64000,64000
06312P,樺漢元富97售02  ,0,0,0,0,0,0,0,0,0,64000,0,0,0,64000,0,64000,64000
057057,立積元大9A購01  ,0,0,0,0,0,0,0,0,0,63000,0,0,0,107000,44000,63000,63000
03425B,臺股指元大9A熊01,0,0,0,0,0,0,0,0,0,63000,0,0,0,145000,82000,63000,63000
03639C,元油2X元大9B牛01,0,0,0,0,0,0,0,0,0,63000,0,0,0,83000,20000,63000,63000
04806P,臻鼎元富94售06  ,0,0,0,0,0,0,0,0,0,63000,0,0,0,63000,0,63000,63000
04849P,GIS中信94售01   ,0,0,0,0,0,0,0,0,0,63000,0,0,0,63000,0,63000,63000
054803,味全元大9A購01  ,0,0,0,0,0,0,0,0,0,63000,0,0,0,68000,5000,63000,63000
054943,群光元大97購01  ,0,0,0,0,0,0,0,0,0,63000,0,0,0,200000,137000,63000,63000
05316P,台積電永昌96售06,0,0,0,0,0,0,0,0,0,63000,0,0,0,198000,135000,63000,63000
06222P,致茂元富97售02  ,0,0,0,0,0,0,0,0,0,63000,0,0,0,112000,49000,63000,63000
06416P,大立光群益97售06,0,0,0,0,0,0,0,0,0,63000,0,0,0,92000,29000,63000,63000
2841,台開            ,719001,722000,-2999,0,0,0,0,0,0,65000,65000,0,65000,0,0,0,62001
2402,毅嘉            ,259001,241000,18001,0,0,0,0,0,0,44000,44000,0,44000,0,0,0,62001
056766,義隆元大98購01  ,0,0,0,0,0,0,0,0,0,62000,0,0,0,62000,0,62000,62000
056933,國巨元富98購03  ,0,0,0,0,0,0,0,0,0,62000,0,0,0,117000,55000,62000,62000
055838,致茂元大97購03  ,0,0,0,0,0,0,0,0,0,62000,0,0,0,103000,41000,62000,62000
00639,富邦深100       ,315000,52000,263000,0,0,0,0,0,0,-201000,90000,90000,0,1159000,1360000,-201000,62000
052530,台郡元大96購04  ,0,0,0,0,0,0,0,0,0,62000,0,0,0,87000,25000,62000,62000
053523,T50反1中信9A購01,0,0,0,0,0,0,0,0,0,62000,0,0,0,65000,3000,62000,62000
053474,聯發科元大97購06,0,0,0,0,0,0,0,0,0,62000,0,0,0,130000,68000,62000,62000
06466P,台積電統一9B售01,0,0,0,0,0,0,0,0,0,62000,0,0,0,63000,1000,62000,62000
06243P,亞光元富97售01  ,0,0,0,0,0,0,0,0,0,62000,0,0,0,63000,1000,62000,62000
06749P,技嘉元富98售03  ,0,0,0,0,0,0,0,0,0,62000,0,0,0,103000,41000,62000,62000
05553P,智原群益96售01  ,0,0,0,0,0,0,0,0,0,61000,0,0,0,61000,0,61000,61000
00711B,FH彭博新興債    ,0,1000,-1000,0,0,0,0,0,0,62000,0,0,0,162000,100000,62000,61000
04313P,國巨元富95售03  ,0,0,0,0,0,0,0,0,0,61000,0,0,0,350000,289000,61000,61000
05086P,鴻海凱基95售13  ,0,0,0,0,0,0,0,0,0,61000,0,0,0,86000,25000,61000,61000
050901,樺漢元大95購02  ,0,0,0,0,0,0,0,0,0,61000,0,0,0,152000,91000,61000,61000
050716,可成群益96購01  ,0,0,0,0,0,0,0,0,0,61000,0,0,0,98000,37000,61000,61000
05239P,欣興永豐95售03  ,0,0,0,0,0,0,0,0,0,61000,0,0,0,61000,0,61000,61000
053167,欣興群益96購03  ,0,0,0,0,0,0,0,0,0,61000,0,0,0,63000,2000,61000,61000
054053,聯茂元大96購01  ,0,0,0,0,0,0,0,0,0,61000,0,0,0,68000,7000,61000,61000
054662,同欣電元大97購02,0,0,0,0,0,0,0,0,0,61000,0,0,0,61000,0,61000,61000
06611P,祥碩國票98售01  ,0,0,0,0,0,0,0,0,0,61000,0,0,0,61000,0,61000,61000
06581P,南亞科凱基98售04,0,0,0,0,0,0,0,0,0,61000,0,0,0,61000,0,61000,61000
06565P,元油2X永豐9A售01,0,0,0,0,0,0,0,0,0,61000,11000,0,11000,50000,0,50000,61000
06021P,世紀鋼元富96售03,0,0,0,0,0,0,0,0,0,61000,0,0,0,76000,15000,61000,61000
05889P,群創元大98售02  ,0,0,0,0,0,0,0,0,0,61000,0,0,0,61000,0,61000,61000
06894P,鈺齊元富98售03  ,0,0,0,0,0,0,0,0,0,61000,0,0,0,61000,0,61000,61000
4552,力達-KY         ,82000,21000,61000,0,0,0,0,0,0,0,0,0,0,0,0,0,61000
6197,佳必琪          ,87000,42000,45000,0,0,0,4000,0,4000,12000,12000,0,12000,0,0,0,61000
1760,寶齡富錦        ,96001,32000,64001,0,0,0,0,0,0,-4000,4000,0,4000,0,8000,-8000,60001
055736,宏達電元富99購01,0,0,0,0,0,0,0,0,0,60000,0,0,0,339000,279000,60000,60000
057147,新日興國票99購01,0,0,0,0,0,0,0,0,0,60000,0,0,0,78000,18000,60000,60000
057823,神達元大98購01  ,0,0,0,0,0,0,0,0,0,60000,0,0,0,417000,357000,60000,60000
04315P,台光電國票93售04,0,0,0,0,0,0,0,0,0,60000,0,0,0,60000,0,60000,60000
04584P,楠梓電永豐94售01,0,0,0,0,0,0,0,0,0,60000,0,0,0,70000,10000,60000,60000
04823P,台積電元富94售09,0,0,0,0,0,0,0,0,0,60000,0,0,0,60000,0,60000,60000
048260,鴻海元富93購06  ,0,0,0,0,0,0,0,0,0,60000,0,0,0,60000,0,60000,60000
051903,T50反1元大97購02,0,0,0,0,0,0,0,0,0,60000,0,0,0,60000,0,60000,60000
051630,力山國票96購01  ,0,0,0,0,0,0,0,0,0,60000,0,0,0,60000,0,60000,60000
047268,嘉聯益台新93購01,0,0,0,0,0,0,0,0,0,60000,0,0,0,60000,0,60000,60000
050455,貿聯元大94購02  ,0,0,0,0,0,0,0,0,0,60000,0,0,0,110000,50000,60000,60000
04979P,臺股指凱基96售07,0,0,0,0,0,0,0,0,0,60000,0,0,0,105000,45000,60000,60000
05090P,國巨元大95售05  ,0,0,0,0,0,0,0,0,0,60000,0,0,0,190000,130000,60000,60000
051073,同欣電國票96購01,0,0,0,0,0,0,0,0,0,60000,0,0,0,65000,5000,60000,60000
051478,宏達電凱基95購03,0,0,0,0,0,0,0,0,0,60000,0,0,0,60000,0,60000,60000
049848,聯發科群益94購06,0,0,0,0,0,0,0,0,0,60000,0,0,0,60000,0,60000,60000
052403,麗豐凱基96購01  ,0,0,0,0,0,0,0,0,0,60000,0,0,0,60000,0,60000,60000
050151,台積電群益94購12,0,0,0,0,0,0,0,0,0,60000,0,0,0,80000,20000,60000,60000
05255P,義隆凱基95售01  ,0,0,0,0,0,0,0,0,0,60000,0,0,0,70000,10000,60000,60000
05436P,台積電群益95售07,0,0,0,0,0,0,0,0,0,60000,0,0,0,170000,110000,60000,60000
055035,興勤富邦98購01  ,0,0,0,0,0,0,0,0,0,60000,0,0,0,60000,0,60000,60000
05399P,GIS國票95售03   ,0,0,0,0,0,0,0,0,0,60000,0,0,0,60000,0,60000,60000
053972,華新科元大96購06,0,0,0,0,0,0,0,0,0,60000,0,0,0,100000,40000,60000,60000
053665,臺股指凱基96購26,0,0,0,0,0,0,0,0,0,60000,0,0,0,60000,0,60000,60000
05352P,臺股指元富95售06,0,0,0,0,0,0,0,0,0,60000,0,0,0,240000,180000,60000,60000
2608,嘉里大榮        ,178000,125000,53000,0,0,0,0,0,0,7000,7000,0,7000,0,0,0,60000
5234,達興材料        ,102000,41000,61000,0,0,0,0,0,0,-1000,0,0,0,0,1000,-1000,60000
05877P,大立光群益96售06,0,0,0,0,0,0,0,0,0,60000,0,0,0,73000,13000,60000,60000
05978P,麗豐永豐96售02  ,0,0,0,0,0,0,0,0,0,60000,0,0,0,80000,20000,60000,60000
06082P,華通統一98售01  ,0,0,0,0,0,0,0,0,0,60000,0,0,0,60000,0,60000,60000
06532P,友達元富98售04  ,0,0,0,0,0,0,0,0,0,60000,0,0,0,60000,0,60000,60000
06627P,華新科元富99售01,0,0,0,0,0,0,0,0,0,60000,0,0,0,120000,60000,60000,60000
06393P,台積電元大97售27,0,0,0,0,0,0,0,0,0,60000,0,0,0,60000,0,60000,60000
056819,奇力新永豐98購01,0,0,0,0,0,0,0,0,0,59000,0,0,0,69000,10000,59000,59000
051661,華新科永昌96購01,0,0,0,0,0,0,0,0,0,59000,0,0,0,59000,0,59000,59000
051690,超眾凱基95購03  ,0,0,0,0,0,0,0,0,0,59000,0,0,0,59000,0,59000,59000
050894,旺宏元大96購03  ,0,0,0,0,0,0,0,0,0,59000,0,0,0,105000,46000,59000,59000
049973,T50反1日盛9A購01,0,0,0,0,0,0,0,0,0,59000,0,0,0,449000,390000,59000,59000
051938,旭富群益95購01  ,0,0,0,0,0,0,0,0,0,59000,0,0,0,69000,10000,59000,59000
052173,廣達元大95購02  ,0,0,0,0,0,0,0,0,0,59000,0,0,0,143000,84000,59000,59000
052966,光磊群益96購01  ,0,0,0,0,0,0,0,0,0,59000,0,0,0,59000,0,59000,59000
054683,川湖永豐97購01  ,0,0,0,0,0,0,0,0,0,59000,0,0,0,65000,6000,59000,59000
06434P,超眾群益98售02  ,0,0,0,0,0,0,0,0,0,59000,0,0,0,79000,20000,59000,59000
06238P,台積電元大98售07,0,0,0,0,0,0,0,0,0,59000,0,0,0,224000,165000,59000,59000
06539P,聯發科凱基98售12,0,0,0,0,0,0,0,0,0,59000,0,0,0,179000,120000,59000,59000
06791P,聯發科凱基98售16,0,0,0,0,0,0,0,0,0,59000,0,0,0,109000,50000,59000,59000
06106P,國巨群益97售02  ,0,0,0,0,0,0,0,0,0,59000,0,0,0,213000,154000,59000,59000
3321,同泰            ,79000,21000,58000,0,0,0,0,0,0,1000,1000,0,1000,0,0,0,59000
2413,環科            ,102000,44000,58000,0,0,0,0,0,0,1000,12000,11000,1000,0,0,0,59000
1522,堤維西          ,197000,135000,62000,0,0,0,0,3000,-3000,0,0,0,0,0,0,0,59000
1338,廣華-KY         ,84000,31000,53000,0,0,0,0,0,0,6000,6000,0,6000,0,0,0,59000
057690,美律凱基99購03  ,0,0,0,0,0,0,0,0,0,58000,0,0,0,68000,10000,58000,58000
055471,聯發科凱基97購04,0,0,0,0,0,0,0,0,0,58000,0,0,0,68000,10000,58000,58000
04997P,燿華台新95售02  ,0,0,0,0,0,0,0,0,0,58000,0,0,0,58000,0,58000,58000
050081,聯發科統一94購07,0,0,0,0,0,0,0,0,0,58000,0,0,0,205000,147000,58000,58000
054959,禾伸堂元大98購01,0,0,0,0,0,0,0,0,0,58000,0,0,0,68000,10000,58000,58000
05528P,臺股指群益96售01,0,0,0,0,0,0,0,0,0,58000,0,0,0,60000,2000,58000,58000
053778,旺宏元大97購03  ,0,0,0,0,0,0,0,0,0,58000,0,0,0,305000,247000,58000,58000
2362,藍天            ,319000,307000,12000,0,0,0,0,0,0,46000,24000,0,24000,22000,0,22000,58000
4916,事欣科          ,79000,29000,50000,0,0,0,0,0,0,8000,9000,1000,8000,0,0,0,58000
05821P,臺股指凱基96售18,0,0,0,0,0,0,0,0,0,58000,0,0,0,58000,0,58000,58000
3443,創意            ,471000,295100,175900,0,0,0,1000,187000,-186000,68000,45000,16000,29000,44000,5000,39000,57900
1734,杏輝            ,150001,93000,57001,0,0,0,0,0,0,0,8000,8000,0,0,0,0,57001
050493,聯發科永昌96購01,0,0,0,0,0,0,0,0,0,57000,0,0,0,257000,200000,57000,57000
1446,宏和            ,95000,46000,49000,0,0,0,0,0,0,8000,8000,0,8000,0,0,0,57000
5215,科嘉-KY         ,211000,48000,163000,0,0,0,0,110000,-110000,4000,4000,0,4000,0,0,0,57000
06813P,友訊元富98售03  ,0,0,0,0,0,0,0,0,0,57000,0,0,0,57000,0,57000,57000
06529P,貿聯富邦99售03  ,0,0,0,0,0,0,0,0,0,57000,0,0,0,85000,28000,57000,57000
3028,增你強          ,111001,55000,56001,0,0,0,0,0,0,0,0,0,0,0,0,0,56001
2486,一詮            ,164001,113000,51001,0,0,0,0,0,0,5000,5000,0,5000,0,0,0,56001
056584,鴻海統一9B購01  ,0,0,0,0,0,0,0,0,0,56000,0,0,0,161000,105000,56000,56000
056585,台積電統一9A購01,0,0,0,0,0,0,0,0,0,56000,0,0,0,111000,55000,56000,56000
057103,禾伸堂中信9A購01,0,0,0,0,0,0,0,0,0,56000,0,0,0,203000,147000,56000,56000
057251,泰鼎統一98購02  ,0,0,0,0,0,0,0,0,0,56000,0,0,0,61000,5000,56000,56000
049694,華新科元大95購06,0,0,0,0,0,0,0,0,0,56000,0,0,0,70000,14000,56000,56000
05281P,南亞科元大95售03,0,0,0,0,0,0,0,0,0,56000,0,0,0,56000,0,56000,56000
04994P,大成鋼凱基95售01,0,0,0,0,0,0,0,0,0,56000,0,0,0,56000,0,56000,56000
054118,國巨永豐96購04  ,0,0,0,0,0,0,0,0,0,56000,0,0,0,72000,16000,56000,56000
05464P,華通康和95售02  ,0,0,0,0,0,0,0,0,0,56000,0,0,0,56000,0,56000,56000
054472,道瓊反中信9A購01,0,0,0,0,0,0,0,0,0,56000,0,0,0,76000,20000,56000,56000
06307P,聚陽元富97售02  ,0,0,0,0,0,0,0,0,0,56000,0,0,0,151000,95000,56000,56000
06062P,宏達電元富97售01,0,0,0,0,0,0,0,0,0,56000,0,0,0,63000,7000,56000,56000
05907P,聯發科元富96售05,0,0,0,0,0,0,0,0,0,56000,0,0,0,56000,0,56000,56000
2206,三陽工業        ,315001,290000,25001,0,0,0,7000,0,7000,23000,23000,0,23000,0,0,0,55001
3027,盛達            ,57001,4000,53001,0,0,0,0,0,0,2000,2000,0,2000,0,0,0,55001
057619,玉晶光凱基98購02,0,0,0,0,0,0,0,0,0,55000,0,0,0,68000,13000,55000,55000
055765,臺股指群益97購03,0,0,0,0,0,0,0,0,0,55000,0,0,0,55000,0,55000,55000
04671P,華通統一94售01  ,0,0,0,0,0,0,0,0,0,55000,0,0,0,55000,0,55000,55000
049738,神基群益94購01  ,0,0,0,0,0,0,0,0,0,55000,0,0,0,55000,0,55000,55000
050325,台積電永豐94購05,0,0,0,0,0,0,0,0,0,55000,0,0,0,55000,0,55000,55000
050361,T50反1元大94購07,0,0,0,0,0,0,0,0,0,55000,0,0,0,55000,0,55000,55000
054262,瀚宇博元大96購03,0,0,0,0,0,0,0,0,0,55000,0,0,0,101000,46000,55000,55000
054720,禾伸堂永豐97購01,0,0,0,0,0,0,0,0,0,55000,0,0,0,55000,0,55000,55000
054188,欣興永豐96購03  ,0,0,0,0,0,0,0,0,0,55000,0,0,0,75000,20000,55000,55000
054200,美律富邦97購02  ,0,0,0,0,0,0,0,0,0,55000,0,0,0,55000,0,55000,55000
4956,光鋐            ,116000,61000,55000,0,0,0,0,0,0,0,0,0,0,0,0,0,55000
6108,競國            ,140000,79000,61000,0,0,0,0,6000,-6000,0,0,0,0,0,0,0,55000
8481,政伸            ,60000,5000,55000,0,0,0,0,0,0,0,0,0,0,0,0,0,55000
8429,金麗-KY         ,114000,69000,45000,0,0,0,0,0,0,10000,10000,0,10000,0,0,0,55000
1783,和康生          ,64000,12000,52000,0,0,0,0,0,0,3000,4000,1000,3000,0,0,0,55000
08625P,台灣50凱基96售05,0,0,0,0,0,0,0,0,0,55000,0,0,0,55000,0,55000,55000
05896P,宏達電群益96售03,0,0,0,0,0,0,0,0,0,55000,0,0,0,70000,15000,55000,55000
06079P,燿華群益98售02  ,0,0,0,0,0,0,0,0,0,55000,0,0,0,55000,0,55000,55000
06263P,燿華凱基97售04  ,0,0,0,0,0,0,0,0,0,55000,0,0,0,87000,32000,55000,55000
06783P,亞光元大98售03  ,0,0,0,0,0,0,0,0,0,55000,0,0,0,107000,52000,55000,55000
05667P,旺宏台新96售01  ,0,0,0,0,0,0,0,0,0,54000,0,0,0,57000,3000,54000,54000
057243,樺漢凱基99購01  ,0,0,0,0,0,0,0,0,0,54000,0,0,0,70000,16000,54000,54000
046999,康控富邦99購01  ,0,0,0,0,0,0,0,0,0,54000,0,0,0,499000,445000,54000,54000
04744P,臻鼎元富94售04  ,0,0,0,0,0,0,0,0,0,54000,0,0,0,54000,0,54000,54000
05158P,華通永豐95售01  ,0,0,0,0,0,0,0,0,0,54000,0,0,0,54000,0,54000,54000
04452P,超眾國泰95售01  ,0,0,0,0,0,0,0,0,0,54000,0,0,0,54000,0,54000,54000
04003P,麗豐凱基94售03  ,0,0,0,0,0,0,0,0,0,54000,0,0,0,54000,0,54000,54000
05141P,華通台新96售01  ,0,0,0,0,0,0,0,0,0,54000,0,0,0,54000,0,54000,54000
053309,泰鼎凱基96購03  ,0,0,0,0,0,0,0,0,0,54000,0,0,0,56000,2000,54000,54000
05489P,臺股指凱基95售22,0,0,0,0,0,0,0,0,0,54000,0,0,0,54000,0,54000,54000
06204P,鴻海群益97售04  ,0,0,0,0,0,0,0,0,0,54000,0,0,0,74000,20000,54000,54000
06169P,華新科元富97售02,0,0,0,0,0,0,0,0,0,54000,0,0,0,158000,104000,54000,54000
05997P,嘉聯益群益96售02,0,0,0,0,0,0,0,0,0,54000,0,0,0,144000,90000,54000,54000
1340,勝悅-KY         ,83000,36000,47000,0,0,0,0,0,0,7000,7000,0,7000,0,0,0,54000
3013,晟銘電          ,90000,40000,50000,0,0,0,0,0,0,4000,4000,0,4000,0,0,0,54000
057270,遠東新元大98購01,0,0,0,0,0,0,0,0,0,53000,0,0,0,53000,0,53000,53000
057125,國巨凱基98購12  ,0,0,0,0,0,0,0,0,0,53000,0,0,0,68000,15000,53000,53000
057658,玉晶光兆豐99購02,0,0,0,0,0,0,0,0,0,53000,0,0,0,73000,20000,53000,53000
057466,泰鼎永豐98購01  ,0,0,0,0,0,0,0,0,0,53000,0,0,0,175000,122000,53000,53000
056523,光寶科中信98購01,0,0,0,0,0,0,0,0,0,53000,0,0,0,537000,484000,53000,53000
056340,可成凱基98購04  ,0,0,0,0,0,0,0,0,0,53000,0,0,0,109000,56000,53000,53000
03243P,台積電統一02售08,0,0,0,0,0,0,0,0,0,53000,0,0,0,53000,0,53000,53000
020008,元大特股高息N   ,0,0,0,0,0,0,0,0,0,53000,0,0,0,76000,23000,53000,53000
03638C,T50反1元大94牛03,0,0,0,0,0,0,0,0,0,53000,0,0,0,210000,157000,53000,53000
045478,世紀鋼元大93購02,0,0,0,0,0,0,0,0,0,53000,0,0,0,53000,0,53000,53000
04824P,亞泥中信94售02  ,0,0,0,0,0,0,0,0,0,53000,0,0,0,53000,0,53000,53000
046884,元油反群益95購01,0,0,0,0,0,0,0,0,0,53000,0,0,0,53000,0,53000,53000
04792P,智邦元大94售06  ,0,0,0,0,0,0,0,0,0,53000,0,0,0,53000,0,53000,53000
049112,可成統一94購01  ,0,0,0,0,0,0,0,0,0,53000,0,0,0,53000,0,53000,53000
050559,聯發科統一94購10,0,0,0,0,0,0,0,0,0,53000,0,0,0,53000,0,53000,53000
05148P,臻鼎元大95售01  ,0,0,0,0,0,0,0,0,0,53000,0,0,0,53000,0,53000,53000
050743,京鼎永豐94購02  ,0,0,0,0,0,0,0,0,0,53000,0,0,0,63000,10000,53000,53000
05433P,智原元富95售02  ,0,0,0,0,0,0,0,0,0,53000,0,0,0,53000,0,53000,53000
6230,超眾            ,254000,77000,177000,0,0,0,64000,0,64000,-188000,19000,230000,-211000,41000,18000,23000,53000
06213P,大立光元大98售07,0,0,0,0,0,0,0,0,0,53000,0,0,0,75000,22000,53000,53000
3305,昇貿            ,74001,26000,48001,0,0,0,0,0,0,4000,5000,1000,4000,0,0,0,52001
056038,可成凱基97購01  ,0,0,0,0,0,0,0,0,0,52000,0,0,0,68000,16000,52000,52000
046944,奇力新元大96購01,0,0,0,0,0,0,0,0,0,52000,0,0,0,70000,18000,52000,52000
03842P,鴻海元富93售02  ,0,0,0,0,0,0,0,0,0,52000,0,0,0,52000,0,52000,52000
04348P,燿華國票94售01  ,0,0,0,0,0,0,0,0,0,52000,0,0,0,52000,0,52000,52000
04889P,華通元大94售03  ,0,0,0,0,0,0,0,0,0,52000,0,0,0,200000,148000,52000,52000
052568,漢唐凱基96購02  ,0,0,0,0,0,0,0,0,0,52000,0,0,0,52000,0,52000,52000
04931P,臻鼎元富94售09  ,0,0,0,0,0,0,0,0,0,52000,0,0,0,72000,20000,52000,52000
052985,美律元大96購02  ,0,0,0,0,0,0,0,0,0,52000,0,0,0,102000,50000,52000,52000
05374P,台積電國票96售07,0,0,0,0,0,0,0,0,0,52000,0,0,0,52000,0,52000,52000
053698,中磊元大96購02  ,0,0,0,0,0,0,0,0,0,52000,0,0,0,68000,16000,52000,52000
05358P,大立光元大95售09,0,0,0,0,0,0,0,0,0,52000,0,0,0,52000,0,52000,52000
3454,晶睿            ,90000,39000,51000,0,0,0,0,0,0,1000,1000,0,1000,0,0,0,52000
8249,菱光            ,76000,23000,53000,0,0,0,0,0,0,-1000,0,1000,-1000,0,0,0,52000
06453P,群創元大9B售02  ,0,0,0,0,0,0,0,0,0,52000,0,0,0,52000,0,52000,52000
06020P,燿華元富96售04  ,0,0,0,0,0,0,0,0,0,52000,0,0,0,52000,0,52000,52000
3257,虹冠電          ,50001,10000,40001,0,0,0,0,0,0,11000,11000,0,11000,0,0,0,51001
05603P,聯發科元大96售09,0,0,0,0,0,0,0,0,0,51000,0,0,0,77000,26000,51000,51000
055855,牧德元大99購02  ,0,0,0,0,0,0,0,0,0,51000,0,0,0,151000,100000,51000,51000
056306,晶相光元大98購01,0,0,0,0,0,0,0,0,0,51000,0,0,0,201000,150000,51000,51000
057374,禾伸堂元大99購03,0,0,0,0,0,0,0,0,0,51000,0,0,0,266000,215000,51000,51000
04061P,臺股指群益93售15,0,0,0,0,0,0,0,0,0,51000,0,0,0,51000,0,51000,51000
04965P,日月光元大94售02,0,0,0,0,0,0,0,0,0,51000,0,0,0,51000,0,51000,51000
050091,喬山永豐94購02  ,0,0,0,0,0,0,0,0,0,51000,0,0,0,61000,10000,51000,51000
6189,豐藝            ,95000,45000,50000,0,0,0,0,0,0,1000,1000,0,1000,0,0,0,51000
2453,凌群            ,118000,67000,51000,0,0,0,0,0,0,0,0,0,0,0,0,0,51000
05910P,力山永豐96售02  ,0,0,0,0,0,0,0,0,0,51000,0,0,0,51000,0,51000,51000
06383P,聯茂元富97售01  ,0,0,0,0,0,0,0,0,0,51000,0,0,0,131000,80000,51000,51000
06273P,台表科凱基97售04,0,0,0,0,0,0,0,0,0,51000,0,0,0,51000,0,51000,51000
06564P,國巨富邦9A售04  ,0,0,0,0,0,0,0,0,0,51000,0,0,0,126000,75000,51000,51000
2705,六福            ,87001,37000,50001,0,0,0,0,0,0,0,0,0,0,0,0,0,50001
057479,致茂元大98購03  ,0,0,0,0,0,0,0,0,0,50000,0,0,0,50000,0,50000,50000
057524,旺宏元大99購04  ,0,115000,-115000,0,0,0,0,0,0,165000,0,0,0,215000,50000,165000,50000
057538,緯穎元大98購07  ,0,0,0,0,0,0,0,0,0,50000,0,0,0,50000,0,50000,50000
057539,南茂元大98購02  ,0,0,0,0,0,0,0,0,0,50000,0,0,0,50000,0,50000,50000
057264,新光金兆豐98購01,0,0,0,0,0,0,0,0,0,50000,0,0,0,50000,0,50000,50000
057273,智邦元大98購05  ,0,0,0,0,0,0,0,0,0,50000,0,0,0,91000,41000,50000,50000
057283,欣興元大98購07  ,0,0,0,0,0,0,0,0,0,50000,0,0,0,56000,6000,50000,50000
05588P,群創兆豐97售02  ,0,0,0,0,0,0,0,0,0,50000,0,0,0,50000,0,50000,50000
05609P,國泰金凱基96售01,0,0,0,0,0,0,0,0,0,50000,0,0,0,155000,105000,50000,50000
055716,致茂元大97購01  ,0,0,0,0,0,0,0,0,0,50000,0,0,0,50000,0,50000,50000
055644,致茂元富97購01  ,0,0,0,0,0,0,0,0,0,50000,0,0,0,50000,0,50000,50000
055611,燿華國票98購02  ,0,0,0,0,0,0,0,0,0,50000,0,0,0,50000,0,50000,50000
055605,緯穎元大97購02  ,0,0,0,0,0,0,0,0,0,50000,0,0,0,133000,83000,50000,50000
04076P,臺股指凱基93售12,0,0,0,0,0,0,0,0,0,50000,0,0,0,50000,0,50000,50000
04008P,京元電國票93售01,0,0,0,0,0,0,0,0,0,50000,0,0,0,50000,0,50000,50000
04028P,燿華凱基94售02  ,0,0,0,0,0,0,0,0,0,50000,0,0,0,110000,60000,50000,50000
045376,友訊元大93購01  ,0,0,0,0,0,0,0,0,0,50000,0,0,0,50000,0,50000,50000
04165P,南亞科元富95售03,0,0,0,0,0,0,0,0,0,50000,0,0,0,50000,0,50000,50000
049142,智邦元大94購01  ,0,0,0,0,0,0,0,0,0,50000,0,0,0,50000,0,50000,50000
04372P,臺股指凱基94售02,0,0,0,0,0,0,0,0,0,50000,0,0,0,1252000,1202000,50000,50000
043590,旺宏元大93購01  ,0,0,0,0,0,0,0,0,0,50000,0,0,0,50000,0,50000,50000
04616P,臺股指群益95售02,0,0,0,0,0,0,0,0,0,50000,0,0,0,50000,0,50000,50000
047365,隆達群益93購01  ,0,0,0,0,0,0,0,0,0,50000,0,0,0,50000,0,50000,50000
048554,燿華元大93購06  ,0,0,0,0,0,0,0,0,0,50000,0,0,0,50000,0,50000,50000
048495,南亞科元大93購04,0,0,0,0,0,0,0,0,0,50000,0,0,0,50000,0,50000,50000
051912,健鼎元大96購01  ,0,0,0,0,0,0,0,0,0,50000,0,0,0,70000,20000,50000,50000
050122,臺指反凱基96購01,0,0,0,0,0,0,0,0,0,50000,0,0,0,50000,0,50000,50000
050957,T50反1台新05購01,0,0,0,0,0,0,0,0,0,50000,0,0,0,150000,100000,50000,50000
052832,益航群益96購01  ,0,0,0,0,0,0,0,0,0,50000,0,0,0,380000,330000,50000,50000
052436,正崴富邦95購01  ,0,0,0,0,0,0,0,0,0,50000,0,0,0,50000,0,50000,50000
052281,全新凱基97購01  ,0,0,0,0,0,0,0,0,0,50000,0,0,0,70000,20000,50000,50000
051316,T50反1國票95購02,0,0,0,0,0,0,0,0,0,50000,0,0,0,200000,150000,50000,50000
051341,訊連永豐95購02  ,0,0,0,0,0,0,0,0,0,50000,0,0,0,50000,0,50000,50000
051252,健鼎元大95購01  ,0,0,0,0,0,0,0,0,0,50000,0,0,0,100000,50000,50000,50000
051460,S&P反1國泰97購01,0,0,0,0,0,0,0,0,0,50000,0,0,0,60000,10000,50000,50000
051401,華新科永豐95購01,0,0,0,0,0,0,0,0,0,50000,0,0,0,125000,75000,50000,50000
050533,致新元大94購03  ,0,0,0,0,0,0,0,0,0,50000,0,0,0,50000,0,50000,50000
049609,全新兆豐95購01  ,0,0,0,0,0,0,0,0,0,50000,0,0,0,50000,0,50000,50000
049554,禾伸堂富邦96購01,0,0,0,0,0,0,0,0,0,50000,0,0,0,61000,11000,50000,50000
05357P,臺股指元富95售11,0,0,0,0,0,0,0,0,0,50000,0,0,0,50000,0,50000,50000
05414P,台表科國票96售02,0,0,0,0,0,0,0,0,0,50000,0,0,0,85000,35000,50000,50000
05394P,聯詠中信95售02  ,0,0,0,0,0,0,0,0,0,50000,0,0,0,50000,0,50000,50000
053999,台表科群益96購06,0,0,0,0,0,0,0,0,0,50000,0,0,0,50000,0,50000,50000
052958,T50反1凱基99購02,0,0,0,0,0,0,0,0,0,50000,0,0,0,50000,0,50000,50000
053035,台表科兆豐97購01,0,0,0,0,0,0,0,0,0,50000,0,0,0,50000,0,50000,50000
05349P,可成元富98售03  ,0,0,0,0,0,0,0,0,0,50000,0,0,0,60000,10000,50000,50000
053482,矽力元大96購03  ,0,0,0,0,0,0,0,0,0,50000,0,0,0,50000,0,50000,50000
054668,傳奇元富97購03  ,0,0,0,0,0,0,0,0,0,50000,0,0,0,50000,0,50000,50000
055241,T50反1統一99購01,0,0,0,0,0,0,0,0,0,50000,0,0,0,100000,50000,50000,50000
055211,A50反1凱基9A購01,0,0,0,0,0,0,0,0,0,50000,0,0,0,58000,8000,50000,50000
055232,泰碩國票98購01  ,0,0,0,0,0,0,0,0,0,50000,0,0,0,60000,10000,50000,50000
06893P,致新元富98售02  ,0,0,0,0,0,0,0,0,0,50000,0,0,0,50000,0,50000,50000
1727,中華化          ,50000,0,50000,0,0,0,0,0,0,0,0,0,0,0,0,0,50000
4952,凌通            ,76000,26000,50000,0,0,0,0,0,0,0,0,0,0,0,0,0,50000
8499,鼎炫-KY         ,60000,17000,43000,0,0,0,0,0,0,7000,7000,0,7000,0,0,0,50000
06566P,華通永豐98售03  ,0,0,0,0,0,0,0,0,0,50000,0,0,0,166000,116000,50000,50000
06635P,聯發科凱基98售15,0,0,0,0,0,0,0,0,0,50000,0,0,0,68000,18000,50000,50000
06639P,訊芯元富98售04  ,0,0,0,0,0,0,0,0,0,50000,0,0,0,50000,0,50000,50000
06817P,臺股指元富98售06,0,0,0,0,0,0,0,0,0,50000,0,0,0,50000,0,50000,50000
06242P,大立光元富9A售02,0,0,0,0,0,0,0,0,0,50000,0,0,0,60000,10000,50000,50000
06384P,訊芯元富97售03  ,0,0,0,0,0,0,0,0,0,50000,0,0,0,50000,0,50000,50000
055617,TPK國票98購04   ,0,0,0,0,0,0,0,0,0,49000,0,0,0,49000,0,49000,49000
055640,鴻海元富97購03  ,0,0,0,0,0,0,0,0,0,49000,0,0,0,49000,0,49000,49000
056648,牧德凱基99購02  ,0,0,0,0,0,0,0,0,0,49000,0,0,0,50000,1000,49000,49000
056626,同欣電永豐98購01,0,0,0,0,0,0,0,0,0,49000,0,0,0,49000,0,49000,49000
05674P,瑞昱群益96售02  ,0,0,0,0,0,0,0,0,0,49000,0,0,0,49000,0,49000,49000
057394,台積電中信9C購02,0,0,0,0,0,0,0,0,0,49000,0,0,0,59000,10000,49000,49000
051916,和碩元大95購02  ,0,0,0,0,0,0,0,0,0,49000,0,0,0,200000,151000,49000,49000
051678,鈺齊元大95購02  ,0,0,0,0,0,0,0,0,0,49000,0,0,0,54000,5000,49000,49000
050312,大立光兆豐94購04,0,0,0,0,0,0,0,0,0,49000,0,0,0,70000,21000,49000,49000
051487,健策凱基96購03  ,0,0,0,0,0,0,0,0,0,49000,0,0,0,177000,128000,49000,49000
049877,南亞科永豐94購01,0,0,0,0,0,0,0,0,0,49000,0,0,0,49000,0,49000,49000
052667,漢唐群益96購01  ,0,0,0,0,0,0,0,0,0,49000,0,0,0,120000,71000,49000,49000
055074,台虹永豐97購01  ,0,0,0,0,0,0,0,0,0,49000,0,0,0,83000,34000,49000,49000
055102,上銀凱基98購01  ,0,0,0,0,0,0,0,0,0,49000,0,0,0,141000,92000,49000,49000
06458P,玉晶光統一9A售02,0,0,0,0,0,0,0,0,0,49000,0,0,0,239000,190000,49000,49000
06441P,台積電凱基98售08,0,0,0,0,0,0,0,0,0,49000,0,0,0,230000,181000,49000,49000
06026P,華通台新97售01  ,0,0,0,0,0,0,0,0,0,49000,0,0,0,49000,0,49000,49000
06034P,世芯凱基96售03  ,0,0,0,0,0,0,0,0,0,49000,0,0,0,62000,13000,49000,49000
06097P,茂林永豐97售01  ,0,0,0,0,0,0,0,0,0,49000,0,0,0,61000,12000,49000,49000
05841P,華通元大96售04  ,0,0,0,0,0,0,0,0,0,49000,0,0,0,49000,0,49000,49000
058046,國巨元大9A購01  ,0,0,0,0,0,0,0,0,0,49000,0,0,0,109000,60000,49000,49000
8104,錸寶            ,61000,13000,48000,0,0,0,0,0,0,1000,1000,0,1000,0,0,0,49000
3021,鴻名            ,51000,4000,47000,0,0,0,0,0,0,2000,2000,0,2000,0,0,0,49000
2431,聯昌            ,77001,38000,39001,0,0,0,0,0,0,9000,11000,2000,9000,0,0,0,48001
057082,玉晶光統一9A購04,0,0,0,0,0,0,0,0,0,48000,0,0,0,48000,0,48000,48000
057020,台積電凱基99購02,0,0,0,0,0,0,0,0,0,48000,0,0,0,50000,2000,48000,48000
056683,台積電統一98購05,0,0,0,0,0,0,0,0,0,48000,0,0,0,48000,0,48000,48000
056338,聯發科凱基99購01,0,0,0,0,0,0,0,0,0,48000,0,0,0,68000,20000,48000,48000
056264,聯發科統一98購02,0,0,0,0,0,0,0,0,0,48000,0,0,0,48000,0,48000,48000
056261,台積電統一97購07,0,0,0,0,0,0,0,0,0,48000,0,0,0,48000,0,48000,48000
04837P,華新科元大94售05,0,0,0,0,0,0,0,0,0,48000,0,0,0,48000,0,48000,48000
048070,聯發科元富99購03,0,0,0,0,0,0,0,0,0,48000,0,0,0,137000,89000,48000,48000
036804,國巨元富93購01  ,0,0,0,0,0,0,0,0,0,48000,0,0,0,48000,0,48000,48000
052262,華新亞東95購02  ,0,0,0,0,0,0,0,0,0,48000,0,0,0,48000,0,48000,48000
049914,瑞昱元大94購06  ,0,0,0,0,0,0,0,0,0,48000,0,0,0,78000,30000,48000,48000
05495P,大立光統一95售07,0,0,0,0,0,0,0,0,0,48000,0,0,0,72000,24000,48000,48000
055212,和大凱基97購02  ,0,0,0,0,0,0,0,0,0,48000,0,0,0,100000,52000,48000,48000
054413,台光電元大96購03,0,0,0,0,0,0,0,0,0,48000,0,0,0,50000,2000,48000,48000
053463,可成富邦98購01  ,0,0,0,0,0,0,0,0,0,48000,0,0,0,187000,139000,48000,48000
053157,日月光元大96購03,0,0,0,0,0,0,0,0,0,48000,0,0,0,68000,20000,48000,48000
054012,廣達永豐96購01  ,0,0,0,0,0,0,0,0,0,48000,0,0,0,148000,100000,48000,48000
054087,矽創亞東96購01  ,0,0,0,0,0,0,0,0,0,48000,0,0,0,48000,0,48000,48000
053866,景碩元大97購02  ,0,0,0,0,0,0,0,0,0,48000,0,0,0,48000,0,48000,48000
2420,新巨            ,147000,100000,47000,0,0,0,0,0,0,1000,1000,0,1000,0,0,0,48000
2034,允強            ,189000,142000,47000,0,0,0,0,0,0,1000,1000,0,1000,0,0,0,48000
1906,寶隆            ,200000,147000,53000,0,0,0,0,0,0,-5000,1000,6000,-5000,0,0,0,48000
3002,歐格            ,51000,1000,50000,0,0,0,0,0,0,-2000,0,2000,-2000,0,0,0,48000
4560,強信-KY         ,116000,68000,48000,0,0,0,0,0,0,0,0,0,0,0,0,0,48000
4722,國精化          ,62000,16000,46000,0,0,0,0,0,0,2000,2000,0,2000,0,0,0,48000
05806P,宏達電永豐96售03,0,0,0,0,0,0,0,0,0,48000,0,0,0,48000,0,48000,48000
06265P,美律凱基97售01  ,0,0,0,0,0,0,0,0,0,48000,0,0,0,48000,0,48000,48000
06305P,臺股指元大97售11,0,0,0,0,0,0,0,0,0,48000,0,0,0,54000,6000,48000,48000
06194P,台積電元富97售05,0,0,0,0,0,0,0,0,0,48000,0,0,0,50000,2000,48000,48000
06723P,台灣50麥證99售01,0,0,0,74000,26000,48000,0,0,0,48000,0,0,0,74000,26000,48000,48000
06620P,聯發科元大98售07,0,0,0,0,0,0,0,0,0,48000,0,0,0,148000,100000,48000,48000
06614P,祥碩永豐98售03  ,0,0,0,0,0,0,0,0,0,48000,0,0,0,69000,21000,48000,48000
1528,恩德            ,100001,53000,47001,0,0,0,0,0,0,0,0,0,0,0,0,0,47001
056142,超眾元大97購06  ,0,0,0,0,0,0,0,0,0,47000,0,0,0,51000,4000,47000,47000
05612P,台積電元大96售13,0,0,0,0,0,0,0,0,0,47000,0,0,0,51000,4000,47000,47000
056504,國巨永豐98購02  ,0,0,0,0,0,0,0,0,0,47000,0,0,0,60000,13000,47000,47000
04848P,康控凱基94售02  ,0,0,0,0,0,0,0,0,0,47000,0,0,0,47000,0,47000,47000
049599,樺漢元大95購01  ,0,0,0,0,0,0,0,0,0,47000,0,0,0,47000,0,47000,47000
05420P,大立光國泰97售03,0,0,0,0,0,0,0,0,0,47000,0,0,0,77000,30000,47000,47000
053386,聯詠元大96購03  ,0,0,0,0,0,0,0,0,0,47000,0,0,0,94000,47000,47000,47000
053245,全新國票97購01  ,0,0,0,0,0,0,0,0,0,47000,0,0,0,67000,20000,47000,47000
053189,聯發科統一96購05,0,0,0,0,0,0,0,0,0,47000,0,0,0,48000,1000,47000,47000
054333,茂林永豐96購03  ,0,0,0,0,0,0,0,0,0,47000,0,0,0,68000,21000,47000,47000
055117,臻鼎凱基98購02  ,0,0,0,0,0,0,0,0,0,47000,0,0,0,79000,32000,47000,47000
06881P,國巨群益98售10  ,0,0,0,0,0,0,0,0,0,47000,0,0,0,47000,0,47000,47000
3679,新至陞          ,65000,13000,52000,0,0,0,0,0,0,-5000,2000,7000,-5000,0,0,0,47000
5907,大洋-KY         ,157000,113000,44000,0,0,0,0,0,0,3000,7000,4000,3000,0,0,0,47000
06680P,智邦元大98售06  ,0,0,0,0,0,0,0,0,0,47000,0,0,0,79000,32000,47000,47000
06780P,義隆元大98售02  ,0,0,0,0,0,0,0,0,0,47000,0,0,0,52000,5000,47000,47000
2911,麗嬰房          ,95001,55000,40001,0,0,0,0,0,0,6000,6000,0,6000,0,0,0,46001
056140,康控元大98購01  ,0,0,0,0,0,0,0,0,0,46000,0,0,0,309000,263000,46000,46000
057008,華新科中信99購02,0,0,0,0,0,0,0,0,0,46000,0,0,0,87000,41000,46000,46000
057649,嘉聯益元大99購04,0,0,0,0,0,0,0,0,0,46000,0,0,0,73000,27000,46000,46000
04861P,中磊群益94售02  ,0,0,0,0,0,0,0,0,0,46000,0,0,0,46000,0,46000,46000
00865B,國泰US短期公債  ,0,0,0,0,0,0,0,0,0,46000,46000,0,46000,0,0,0,46000
00709,富邦歐洲        ,0,0,0,0,0,0,0,0,0,46000,0,0,0,148000,102000,46000,46000
049585,旺宏元大95購02  ,0,0,0,0,0,0,0,0,0,46000,0,0,0,70000,24000,46000,46000
050322,世紀鋼國票95購01,0,0,0,0,0,0,0,0,0,46000,0,0,0,46000,0,46000,46000
049800,瑞昱元大94購05  ,0,0,0,0,0,0,0,0,0,46000,0,0,0,78000,32000,46000,46000
051178,大立光凱基95購10,0,0,0,0,0,0,0,0,0,46000,0,0,0,188000,142000,46000,46000
052706,台虹國票97購01  ,0,0,0,0,0,0,0,0,0,46000,0,0,0,140000,94000,46000,46000
053865,欣興元大97購02  ,0,0,0,0,0,0,0,0,0,46000,0,0,0,84000,38000,46000,46000
8367,建新國際        ,45000,2000,43000,0,0,0,0,0,0,3000,3000,0,3000,0,0,0,46000
1413,宏洲            ,46000,0,46000,0,0,0,0,0,0,0,0,0,0,0,0,0,46000
1731,美吾華          ,111000,67000,44000,0,0,0,0,0,0,2000,12000,10000,2000,0,0,0,46000
06497P,大立光凱基98售11,0,0,0,0,0,0,0,0,0,46000,0,0,0,50000,4000,46000,46000
06510P,燿華永豐98售03  ,0,0,0,0,0,0,0,0,0,46000,0,0,0,62000,16000,46000,46000
06358P,力成中信97售02  ,0,0,0,0,0,0,0,0,0,46000,0,0,0,164000,118000,46000,46000
05919P,京鼎元大96售03  ,0,0,0,0,0,0,0,0,0,46000,0,0,0,120000,74000,46000,46000
05979P,華新科中信96售02,0,0,0,0,0,0,0,0,0,46000,0,0,0,346000,300000,46000,46000
057481,技嘉元大98購04  ,0,0,0,0,0,0,0,0,0,45000,0,0,0,91000,46000,45000,45000
055731,美律元富97購01  ,0,0,0,0,0,0,0,0,0,45000,0,0,0,65000,20000,45000,45000
056106,晶相光永豐97購02,0,0,0,0,0,0,0,0,0,45000,0,0,0,45000,0,45000,45000
056086,奇力新統一98購01,0,0,0,0,0,0,0,0,0,45000,0,0,0,68000,23000,45000,45000
05584P,臺股指凱基96售13,0,0,0,0,0,0,0,0,0,45000,0,0,0,45000,0,45000,45000
00641R,富邦日本反1     ,144000,0,144000,0,0,0,0,0,0,-99000,0,0,0,877000,976000,-99000,45000
04542P,致伸永豐94售01  ,0,0,0,0,0,0,0,0,0,45000,0,0,0,45000,0,45000,45000
04259P,滬深2X群益93售03,0,0,0,0,0,0,0,0,0,45000,0,0,0,45000,0,45000,45000
048315,聯發科凱基93購32,0,0,0,0,0,0,0,0,0,45000,0,0,0,45000,0,45000,45000
051584,可成元大95購08  ,0,0,0,0,0,0,0,0,0,45000,0,0,0,76000,31000,45000,45000
052412,上証2X中信98購01,0,0,0,0,0,0,0,0,0,45000,0,0,0,70000,25000,45000,45000
049842,道瓊反中信98購01,0,0,0,0,0,0,0,0,0,45000,0,0,0,65000,20000,45000,45000
052308,大立光國泰97購02,0,0,0,0,0,0,0,0,0,45000,0,0,0,52000,7000,45000,45000
04949P,致新元大94售04  ,0,0,0,0,0,0,0,0,0,45000,0,0,0,45000,0,45000,45000
051993,和碩元大95購03  ,0,0,0,0,0,0,0,0,0,45000,0,0,0,60000,15000,45000,45000
055138,大毅永豐97購02  ,0,0,0,0,0,0,0,0,0,45000,0,0,0,79000,34000,45000,45000
05983P,聯詠國票96售02  ,0,0,0,0,0,0,0,0,0,45000,0,0,0,155000,110000,45000,45000
06417P,台積電兆豐97售03,0,0,0,0,0,0,0,0,0,45000,0,0,0,170000,125000,45000,45000
06410P,祥碩統一97售01  ,0,0,0,0,0,0,0,0,0,45000,0,0,0,65000,20000,45000,45000
06734P,智邦凱基98售05  ,0,0,0,0,0,0,0,0,0,45000,0,0,0,45000,0,45000,45000
06558P,旺宏元富98售02  ,0,0,0,0,0,0,0,0,0,45000,0,0,0,45000,0,45000,45000
1473,台南            ,130000,89000,41000,0,0,0,0,0,0,4000,6000,2000,4000,0,0,0,45000
2731,雄獅            ,66000,21000,45000,0,0,0,0,0,0,0,0,0,0,0,0,0,45000
8114,振樺電          ,66000,15000,51000,0,0,0,0,6000,-6000,0,0,0,0,0,0,0,45000
6715,嘉基            ,87000,42000,45000,0,0,0,0,0,0,0,0,0,0,0,0,0,45000
3055,蔚華科          ,103000,58000,45000,0,0,0,0,0,0,0,0,0,0,0,0,0,45000
055725,嘉聯益元大98購03,0,0,0,0,0,0,0,0,0,44000,0,0,0,250000,206000,44000,44000
056978,技嘉群益99購01  ,0,0,0,0,0,0,0,0,0,44000,0,0,0,87000,43000,44000,44000
051647,華新科永豐95購02,0,0,0,0,0,0,0,0,0,44000,0,0,0,74000,30000,44000,44000
047990,臺指反元大96購02,0,0,0,0,0,0,0,0,0,44000,0,0,0,44000,0,44000,44000
04652P,臺股指凱基94售11,0,0,0,0,0,0,0,0,0,44000,0,0,0,44000,0,44000,44000
042388,大立光永昌93購02,0,0,0,0,0,0,0,0,0,44000,0,0,0,44000,0,44000,44000
04410P,大立光統一94售05,0,0,0,0,0,0,0,0,0,44000,0,0,0,44000,0,44000,44000
03799P,京元電元大94售01,0,0,0,0,0,0,0,0,0,44000,0,0,0,44000,0,44000,44000
052685,技嘉元大96購01  ,0,0,0,0,0,0,0,0,0,44000,0,0,0,170000,126000,44000,44000
054834,帆宣中信97購01  ,0,0,0,0,0,0,0,0,0,44000,0,0,0,94000,50000,44000,44000
054852,奇鋐國票98購01  ,0,0,0,0,0,0,0,0,0,44000,0,0,0,50000,6000,44000,44000
053814,美律群益97購02  ,0,0,0,0,0,0,0,0,0,44000,0,0,0,44000,0,44000,44000
053714,南亞科凱基96購03,0,0,0,0,0,0,0,0,0,44000,0,0,0,80000,36000,44000,44000
054129,技嘉元大96購02  ,0,0,0,0,0,0,0,0,0,44000,0,0,0,307000,263000,44000,44000
8454,富邦媒          ,191000,150000,41000,0,0,0,1000,0,1000,2000,2000,0,2000,0,0,0,44000
1526,日馳            ,64000,23000,41000,0,0,0,0,0,0,3000,4000,1000,3000,0,0,0,44000
06606P,訊芯元富98售02  ,0,0,0,0,0,0,0,0,0,44000,0,0,0,50000,6000,44000,44000
2484,希華            ,122001,79000,43001,0,0,0,0,0,0,0,0,0,0,0,0,0,43001
05566P,景碩永豐96售01  ,0,0,0,0,0,0,0,0,0,43000,0,0,0,61000,18000,43000,43000
056677,智伸科元富98購01,0,0,0,0,0,0,0,0,0,43000,0,0,0,83000,40000,43000,43000
036805,國巨元富93購02  ,0,0,0,0,0,0,0,0,0,43000,0,0,0,53000,10000,43000,43000
048989,矽格元大94購02  ,0,0,0,0,0,0,0,0,0,43000,0,0,0,60000,17000,43000,43000
04630P,嘉聯益元大95售02,0,0,0,0,0,0,0,0,0,43000,0,0,0,163000,120000,43000,43000
048670,華新科永豐93購03,0,0,0,0,0,0,0,0,0,43000,0,0,0,86000,43000,43000,43000
05107P,鴻海兆豐96售02  ,0,0,0,0,0,0,0,0,0,43000,0,0,0,43000,0,43000,43000
051467,GIS富邦96購01   ,0,0,0,0,0,0,0,0,0,43000,0,0,0,43000,0,43000,43000
050391,大立光統一94購07,0,0,0,0,0,0,0,0,0,43000,0,0,0,43000,0,43000,43000
054232,台積電群益96購12,0,0,0,0,0,0,0,0,0,43000,0,0,0,73000,30000,43000,43000
8482,商億-KY         ,221000,178000,43000,0,0,0,0,0,0,0,0,0,0,0,0,0,43000
06230P,亞德客永豐97售03,0,0,0,0,0,0,0,0,0,43000,0,0,0,43000,0,43000,43000
05977P,旺宏永豐96售06  ,0,0,0,0,0,0,0,0,0,43000,0,0,0,91000,48000,43000,43000
057053,立積元大98購02  ,0,0,0,0,0,0,0,0,0,42000,0,0,0,82000,40000,42000,42000
05718P,國巨元大96售09  ,0,0,0,0,0,0,0,0,0,42000,0,0,0,140000,98000,42000,42000
05061P,鴻海富邦96售03  ,0,0,0,0,0,0,0,0,0,42000,0,0,0,44000,2000,42000,42000
05427P,聯發科凱基96售07,0,0,0,0,0,0,0,0,0,42000,0,0,0,52000,10000,42000,42000
054381,世芯群益98購01  ,0,0,0,0,0,0,0,0,0,42000,0,0,0,70000,28000,42000,42000
054855,得力群益98購01  ,0,0,0,0,0,0,0,0,0,42000,0,0,0,52000,10000,42000,42000
055108,智邦凱基98購01  ,0,0,0,0,0,0,0,0,0,42000,0,0,0,136000,94000,42000,42000
05409P,京元電元富95售05,0,0,0,0,0,0,0,0,0,42000,0,0,0,42000,0,42000,42000
053266,全新群益98購01  ,0,0,0,0,0,0,0,0,0,42000,0,0,0,125000,83000,42000,42000
06159P,牧德元富97售02  ,0,0,0,0,0,0,0,0,0,42000,0,0,0,62000,20000,42000,42000
06043P,創意永豐96售06  ,0,0,0,0,0,0,0,0,0,42000,0,0,0,42000,0,42000,42000
06080P,景碩群益98售02  ,0,0,0,0,0,0,0,0,0,42000,0,0,0,79000,37000,42000,42000
05849P,臺股指元大96售25,0,0,0,0,0,0,0,0,0,42000,0,0,0,44000,2000,42000,42000
06220P,廣宇元富97售02  ,0,0,0,0,0,0,0,0,0,42000,0,0,0,52000,10000,42000,42000
06451P,聯發科元大98售04,0,0,0,0,0,0,0,0,0,42000,0,0,0,42000,0,42000,42000
2477,美隆電          ,49000,10000,39000,0,0,0,0,0,0,3000,3000,0,3000,0,0,0,42000
2748,雲品            ,45000,3000,42000,0,0,0,0,0,0,0,0,0,0,0,0,0,42000
2489,瑞軒            ,735001,748000,-12999,0,0,0,0,0,0,54000,54000,0,54000,0,0,0,41001
056628,矽創永豐98購01  ,0,0,0,0,0,0,0,0,0,41000,0,0,0,125000,84000,41000,41000
055546,台積電凱基97購12,0,0,0,0,0,0,0,0,0,41000,0,0,0,68000,27000,41000,41000
047629,深中小元大96購01,0,0,0,0,0,0,0,0,0,41000,0,0,0,41000,0,41000,41000
04198P,滬深2X群益95售04,0,0,0,0,0,0,0,0,0,41000,0,0,0,53000,12000,41000,41000
05081P,京鼎永豐95售01  ,0,0,0,0,0,0,0,0,0,41000,0,0,0,41000,0,41000,41000
049936,柏文元大94購02  ,0,0,0,0,0,0,0,0,0,41000,0,0,0,100000,59000,41000,41000
05268P,玉晶光元大98售01,0,0,0,0,0,0,0,0,0,41000,0,0,0,834000,793000,41000,41000
05269P,臻鼎元大95售05  ,0,1000,-1000,0,0,0,0,0,0,42000,0,0,0,70000,28000,42000,41000
050082,聯發科統一94購08,0,0,0,0,0,0,0,0,0,41000,0,0,0,49000,8000,41000,41000
053197,超眾元富96購02  ,0,0,0,0,0,0,0,0,0,41000,0,0,0,127000,86000,41000,41000
055043,中砂永豐97購01  ,0,0,0,0,0,0,0,0,0,41000,0,0,0,41000,0,41000,41000
054370,台積電中信9A購01,0,0,0,0,0,0,0,0,0,41000,0,0,0,129000,88000,41000,41000
06912P,台光電元大99售02,0,0,0,0,0,0,0,0,0,41000,0,0,0,41000,0,41000,41000
3583,辛耘            ,109000,68000,41000,0,0,0,0,0,0,0,0,0,0,0,0,0,41000
5288,豐祥-KY         ,67000,28000,39000,0,0,0,0,0,0,2000,2000,0,2000,0,0,0,41000
06456P,聯發科統一98售03,0,0,0,0,0,0,0,0,0,41000,0,0,0,81000,40000,41000,41000
06296P,燿華元大98售01  ,0,0,0,0,0,0,0,0,0,41000,0,0,0,43000,2000,41000,41000
06268P,聯詠凱基97售02  ,0,0,0,0,0,0,0,0,0,41000,0,0,0,53000,12000,41000,41000
05990P,台積電群益96售13,0,0,0,0,0,0,0,0,0,41000,0,0,0,353000,312000,41000,41000
05888P,友達元大97售01  ,0,0,0,0,0,0,0,0,0,41000,0,0,0,51000,10000,41000,41000
05586P,臺股指凱基96售15,0,0,0,0,0,0,0,0,0,40000,0,0,0,50000,10000,40000,40000
056102,億光永豐97購02  ,0,0,0,0,0,0,0,0,0,40000,0,0,0,40000,0,40000,40000
05647P,聯發科國票97售02,0,0,0,0,0,0,0,0,0,40000,0,0,0,117000,77000,40000,40000
05619P,創意元富96售02  ,0,0,0,0,0,0,0,0,0,40000,0,0,0,40000,0,40000,40000
057175,美律元大98購03  ,0,0,0,0,0,0,0,0,0,40000,0,0,0,40000,0,40000,40000
057436,義隆國票99購02  ,0,0,0,0,0,0,0,0,0,40000,0,0,0,40000,0,40000,40000
04188P,康控元富93售03  ,0,0,0,0,0,0,0,0,0,40000,0,0,0,40000,0,40000,40000
044124,燿華凱基93購01  ,0,0,0,0,0,0,0,0,0,40000,0,0,0,40000,0,40000,40000
04110P,臺股指富邦93售03,0,0,0,0,0,0,0,0,0,40000,0,0,0,40000,0,40000,40000
03064P,台灣50群益01售14,0,0,0,0,0,0,0,0,0,40000,0,0,0,140000,100000,40000,40000
03418P,大毅群益02售03  ,0,0,0,0,0,0,0,0,0,40000,0,0,0,40000,0,40000,40000
04244P,可成元大93售12  ,0,0,0,0,0,0,0,0,0,40000,0,0,0,40000,0,40000,40000
04252P,台達電元富93售02,0,0,0,0,0,0,0,0,0,40000,0,0,0,40000,0,40000,40000
04515P,元油2X群益97售02,0,0,0,0,0,0,0,0,0,40000,0,0,0,50000,10000,40000,40000
044531,欣興富邦93購01  ,0,0,0,0,0,0,0,0,0,40000,0,0,0,40000,0,40000,40000
04435P,台積電中信95售07,0,0,0,0,0,0,0,0,0,40000,0,0,0,40000,0,40000,40000
04461P,燿華元富94售01  ,0,0,0,0,0,0,0,0,0,40000,0,0,0,40000,0,40000,40000
045947,欣興兆豐93購04  ,0,0,0,0,0,0,0,0,0,40000,0,0,0,40000,0,40000,40000
048372,美利達統一93購01,0,0,0,0,0,0,0,0,0,40000,0,0,0,40000,0,40000,40000
048438,台表科麥證94購01,0,0,0,40000,0,40000,0,0,0,40000,0,0,0,40000,0,40000,40000
04633P,旺宏群益96售04  ,0,0,0,0,0,0,0,0,0,40000,0,0,0,125000,85000,40000,40000
04807P,聯茂元富94售01  ,0,0,0,0,0,0,0,0,0,40000,0,0,0,52000,12000,40000,40000
048194,華邦電元大94購04,0,0,0,0,0,0,0,0,0,40000,0,0,0,40000,0,40000,40000
04789P,台積電富邦95售03,0,0,0,0,0,0,0,0,0,40000,0,0,0,40000,0,40000,40000
046608,超眾兆豐93購02  ,0,0,0,0,0,0,0,0,0,40000,0,0,0,40000,0,40000,40000
047313,華新科元大93購08,0,0,0,0,0,0,0,0,0,40000,0,0,0,40000,0,40000,40000
050169,臺指反元大97購01,0,0,0,0,0,0,0,0,0,40000,0,0,0,40000,0,40000,40000
050050,國泰金群益94購02,0,0,0,0,0,0,0,0,0,40000,0,0,0,40000,0,40000,40000
052422,聯電國票96購03  ,0,0,0,0,0,0,0,0,0,40000,0,0,0,50000,10000,40000,40000
049947,S&P反1中信97購01,0,0,0,0,0,0,0,0,0,40000,0,0,0,40000,0,40000,40000
051050,鴻海群益95購03  ,0,0,0,0,0,0,0,0,0,40000,0,0,0,50000,10000,40000,40000
049498,茂林元大95購01  ,0,0,0,0,0,0,0,0,0,40000,0,0,0,97000,57000,40000,40000
04962P,易華電凱基96售01,0,0,0,0,0,0,0,0,0,40000,0,0,0,40000,0,40000,40000
051830,健策元大97購01  ,0,0,0,0,0,0,0,0,0,40000,0,0,0,58000,18000,40000,40000
05053P,新日興群益95售01,0,0,0,0,0,0,0,0,0,40000,0,0,0,40000,0,40000,40000
052389,聯發科群益95購05,0,0,0,0,0,0,0,0,0,40000,0,0,0,40000,0,40000,40000
051459,臺股指元大95購19,0,0,0,0,0,0,0,0,0,40000,0,0,0,60000,20000,40000,40000
054573,漢唐元大98購01  ,0,0,0,0,0,0,0,0,0,40000,0,0,0,120000,80000,40000,40000
053159,同欣電元大96購02,0,0,0,0,0,0,0,0,0,40000,0,0,0,60000,20000,40000,40000
052977,奇力新麥證97購01,0,0,0,65000,25000,40000,0,0,0,40000,0,0,0,65000,25000,40000,40000
054092,大立光群益97購01,0,0,0,0,0,0,0,0,0,40000,0,0,0,40000,0,40000,40000
05911P,南亞科永豐96售03,0,0,0,0,0,0,0,0,0,40000,0,0,0,40000,0,40000,40000
06006P,欣興永豐96售04  ,0,0,0,0,0,0,0,0,0,40000,0,0,0,40000,0,40000,40000
06017P,亞光凱基96售04  ,0,0,0,0,0,0,0,0,0,40000,0,0,0,80000,40000,40000,40000
057958,禾伸堂元大99購05,0,0,0,0,0,0,0,0,0,40000,0,0,0,50000,10000,40000,40000
06237P,台積電元大97售26,0,0,0,0,0,0,0,0,0,40000,0,0,0,207000,167000,40000,40000
06493P,聯發科永豐98售02,0,0,0,0,0,0,0,0,0,40000,0,0,0,40000,0,40000,40000
06729P,聯詠元大98售03  ,0,0,0,0,0,0,0,0,0,40000,0,0,0,40000,0,40000,40000
06819P,臺股指元富98售08,0,0,0,0,0,0,0,0,0,40000,0,0,0,40000,0,40000,40000
06907P,華新科國泰99售05,0,0,0,0,0,0,0,0,0,40000,0,0,0,40000,0,40000,40000
06882P,聯發科群益98售07,0,0,0,0,0,0,0,0,0,40000,0,0,0,50000,10000,40000,40000
3149,正達            ,123001,84000,39001,0,0,0,0,0,0,0,0,0,0,0,0,0,39001
055746,同欣電元富97購01,0,0,0,0,0,0,0,0,0,39000,0,0,0,87000,48000,39000,39000
04585P,楠梓電永豐94售02,0,0,0,0,0,0,0,0,0,39000,0,0,0,39000,0,39000,39000
050463,百和元大94購04  ,0,0,0,0,0,0,0,0,0,39000,0,0,0,213000,174000,39000,39000
050740,旺宏永豐94購03  ,0,0,0,0,0,0,0,0,0,39000,0,0,0,107000,68000,39000,39000
050906,臺股指元大95購13,0,0,0,0,0,0,0,0,0,39000,0,0,0,39000,0,39000,39000
05129P,鴻海兆豐95售02  ,0,0,0,0,0,0,0,0,0,39000,0,0,0,39000,0,39000,39000
051268,創意富邦97購01  ,0,0,0,0,0,0,0,0,0,39000,0,0,0,328000,289000,39000,39000
05462P,美律亞東97售01  ,0,0,0,0,0,0,0,0,0,39000,0,0,0,39000,0,39000,39000
05470P,康控元大95售05  ,0,0,0,0,0,0,0,0,0,39000,0,0,0,91000,52000,39000,39000
054528,台光電統一96購02,0,0,0,0,0,0,0,0,0,39000,0,0,0,39000,0,39000,39000
055023,億光國泰98購01  ,0,0,0,0,0,0,0,0,0,39000,0,0,0,180000,141000,39000,39000
055179,大立光統一97購04,0,0,0,0,0,0,0,0,0,39000,0,0,0,110000,71000,39000,39000
055349,京元電凱基97購02,0,0,0,0,0,0,0,0,0,39000,0,0,0,90000,51000,39000,39000
055468,智邦凱基97購04  ,0,0,0,0,0,0,0,0,0,39000,0,0,0,68000,29000,39000,39000
5531,鄉林            ,191000,168000,23000,0,0,0,0,0,0,16000,16000,0,16000,0,0,0,39000
9927,泰銘            ,52000,18000,34000,0,0,0,0,0,0,5000,5000,0,5000,0,0,0,39000
055698,茂林國票98購03  ,0,0,0,0,0,0,0,0,0,38000,0,0,0,38000,0,38000,38000
055530,聯發科群益98購01,0,0,0,0,0,0,0,0,0,38000,0,0,0,98000,60000,38000,38000
056623,禾伸堂永豐98購01,0,0,0,0,0,0,0,0,0,38000,0,0,0,79000,41000,38000,38000
057351,奇力新統一98購02,0,0,0,0,0,0,0,0,0,38000,0,0,0,148000,110000,38000,38000
057579,長榮航中信9A購01,0,0,0,0,0,0,0,0,0,38000,0,0,0,78000,40000,38000,38000
035274,華新台新97購01  ,0,0,0,0,0,0,0,0,0,38000,0,0,0,38000,0,38000,38000
052313,聯電元大98購01  ,0,0,0,0,0,0,0,0,0,38000,0,0,0,95000,57000,38000,38000
050456,聯茂元大94購09  ,0,0,0,0,0,0,0,0,0,38000,0,0,0,51000,13000,38000,38000
049692,可成元大94購07  ,0,0,0,0,0,0,0,0,0,38000,0,0,0,68000,30000,38000,38000
05536P,奇力新元大96售03,0,0,0,0,0,0,0,0,0,38000,0,0,0,90000,52000,38000,38000
055302,達方元大97購01  ,0,0,0,0,0,0,0,0,0,38000,0,0,0,57000,19000,38000,38000
054178,中磊台新97購01  ,0,0,0,0,0,0,0,0,0,38000,0,0,0,38000,0,38000,38000
053858,台達電元大96購05,0,0,0,0,0,0,0,0,0,38000,0,0,0,38000,0,38000,38000
053337,聯電國票97購01  ,0,0,0,0,0,0,0,0,0,38000,0,0,0,76000,38000,38000,38000
3550,聯穎            ,38000,0,38000,0,0,0,0,0,0,0,0,0,0,0,0,0,38000
2468,華經            ,43000,2000,41000,0,0,0,0,0,0,-3000,0,3000,-3000,0,0,0,38000
2358,廷鑫            ,45000,6000,39000,0,0,0,0,0,0,-1000,0,1000,-1000,0,0,0,38000
06703P,新日興元富98售02,0,0,0,0,0,0,0,0,0,38000,0,0,0,70000,32000,38000,38000
06737P,台郡凱基98售07  ,0,0,0,0,0,0,0,0,0,38000,0,0,0,172000,134000,38000,38000
06677P,牧德國票98售02  ,0,0,0,0,0,0,0,0,0,38000,0,0,0,38000,0,38000,38000
06403P,鴻海元富97售15  ,0,0,0,0,0,0,0,0,0,38000,0,0,0,90000,52000,38000,38000
06318P,臺股指元富97售05,0,0,0,0,0,0,0,0,0,38000,0,0,0,38000,0,38000,38000
06060P,玉晶光元大97售03,0,0,0,0,0,0,0,0,0,38000,0,0,0,288000,250000,38000,38000
05909P,康友元富96售02  ,0,0,0,0,0,0,0,0,0,38000,0,0,0,58000,20000,38000,38000
056395,玉晶光永豐9B購01,0,0,0,0,0,0,0,0,0,37000,0,0,0,69000,32000,37000,37000
04162P,南亞科統一94售02,0,0,0,0,0,0,0,0,0,37000,0,0,0,37000,0,37000,37000
04778P,可成凱基94售10  ,0,0,0,0,0,0,0,0,0,37000,0,0,0,40000,3000,37000,37000
04862P,台積電元大94售26,0,0,0,0,0,0,0,0,0,37000,0,0,0,39000,2000,37000,37000
051991,泰碩元大95購02  ,0,0,0,0,0,0,0,0,0,37000,0,0,0,102000,65000,37000,37000
04959P,可成凱基94售14  ,0,0,0,0,0,0,0,0,0,37000,0,0,0,127000,90000,37000,37000
049875,台積電永豐94購04,0,0,0,0,0,0,0,0,0,37000,0,0,0,452000,415000,37000,37000
052663,奇鋐國票97購01  ,0,0,0,0,0,0,0,0,0,37000,0,0,0,50000,13000,37000,37000
05014P,臺股指元大95售05,0,0,0,0,0,0,0,0,0,37000,0,0,0,59000,22000,37000,37000
05288P,寶成元富95售02  ,0,0,0,0,0,0,0,0,0,37000,0,0,0,73000,36000,37000,37000
053591,大立光元大99購03,0,0,0,0,0,0,0,0,0,37000,0,0,0,50000,13000,37000,37000
06119P,大立光凱基98售04,0,0,0,0,0,0,0,0,0,37000,0,0,0,37000,0,37000,37000
06226P,聯發科麥證97售03,0,0,0,47000,10000,37000,0,0,0,37000,0,0,0,47000,10000,37000,37000
06407P,創意元富97售02  ,0,0,0,0,0,0,0,0,0,37000,0,0,0,37000,0,37000,37000
08539P,元油2X國票99售01,0,0,0,0,0,0,0,0,0,37000,0,0,0,157000,120000,37000,37000
3004,豐達科          ,48000,41000,7000,0,0,0,29000,0,29000,1000,1000,0,1000,0,0,0,37000
4999,鑫禾            ,54000,17000,37000,0,0,0,0,0,0,0,0,0,0,0,0,0,37000
6216,居易            ,37000,0,37000,0,0,0,0,0,0,0,0,0,0,0,0,0,37000
05637P,聯電元大96售04  ,0,0,0,0,0,0,0,0,0,36000,0,0,0,59000,23000,36000,36000
05653P,華邦電統一96售02,0,0,0,0,0,0,0,0,0,36000,0,0,0,137000,101000,36000,36000
057343,道瓊反統一9A購01,0,0,0,0,0,0,0,0,0,36000,0,0,0,36000,0,36000,36000
03583P,微星元大02售03  ,0,0,0,0,0,0,0,0,0,36000,0,0,0,36000,0,36000,36000
05127P,鴻海亞東96售01  ,0,0,0,0,0,0,0,0,0,36000,0,0,0,36000,0,36000,36000
050544,聯發科凱基95購02,0,0,0,0,0,0,0,0,0,36000,0,0,0,136000,100000,36000,36000
05360P,健策元大95售03  ,0,0,0,0,0,0,0,0,0,36000,0,0,0,36000,0,36000,36000
05376P,聯發科日盛95售04,0,0,0,0,0,0,0,0,0,36000,0,0,0,41000,5000,36000,36000
053791,同欣電元大96購05,0,0,0,0,0,0,0,0,0,36000,0,0,0,46000,10000,36000,36000
053481,同欣電元大97購01,0,0,0,0,0,0,0,0,0,36000,0,0,0,81000,45000,36000,36000
055243,國巨統一97購04  ,0,0,0,0,0,0,0,0,0,36000,0,0,0,100000,64000,36000,36000
054435,華新科台新97購02,0,0,0,0,0,0,0,0,0,36000,0,0,0,105000,69000,36000,36000
6243,迅杰            ,41000,5000,36000,0,0,0,0,0,0,0,0,0,0,0,0,0,36000
2897,王道銀行        ,222000,250000,-28000,0,0,0,6000,0,6000,58000,70000,12000,58000,0,0,0,36000
1806,冠軍            ,45000,15000,30000,0,0,0,0,0,0,6000,6000,0,6000,0,0,0,36000
056652,上証反元大9B購01,0,0,0,0,0,0,0,0,0,35000,0,0,0,35000,0,35000,35000
056353,鴻海元大99購02  ,0,0,0,0,0,0,0,0,0,35000,0,0,0,113000,78000,35000,35000
056239,宏達電群益98購01,0,0,0,0,0,0,0,0,0,35000,0,0,0,132000,97000,35000,35000
055786,彩晶凱基99購02  ,0,0,0,0,0,0,0,0,0,35000,0,0,0,40000,5000,35000,35000
040160,SP黃豆元富95購01,0,0,0,0,0,0,0,0,0,35000,0,0,0,95000,60000,35000,35000
03671P,大立光凱基95售02,0,0,0,0,0,0,0,0,0,35000,0,0,0,35000,0,35000,35000
03824P,燿華元大94售01  ,0,0,0,0,0,0,0,0,0,35000,0,0,0,35000,0,35000,35000
04647P,上海銀凱基94售04,0,0,0,0,0,0,0,0,0,35000,0,0,0,35000,0,35000,35000
05178P,大立光凱基96售05,0,0,0,0,0,0,0,0,0,35000,0,0,0,235000,200000,35000,35000
049616,卜蜂群益94購01  ,0,0,0,0,0,0,0,0,0,35000,0,0,0,35000,0,35000,35000
05051P,鴻海群益95售05  ,0,0,0,0,0,0,0,0,0,35000,0,0,0,35000,0,35000,35000
051810,欣興凱基95購03  ,0,0,0,0,0,0,0,0,0,35000,0,0,0,35000,0,35000,35000
050327,泰鼎永豐94購03  ,0,0,0,0,0,0,0,0,0,35000,0,0,0,82000,47000,35000,35000
05020P,廣達中信95售01  ,0,0,0,0,0,0,0,0,0,35000,0,0,0,55000,20000,35000,35000
052684,旺宏元大98購01  ,0,0,0,0,0,0,0,0,0,35000,0,0,0,263000,228000,35000,35000
054908,群電康和97購01  ,0,0,0,0,0,0,0,0,0,35000,0,0,0,45000,10000,35000,35000
052878,台虹凱基96購01  ,0,0,0,0,0,0,0,0,0,35000,0,0,0,80000,45000,35000,35000
053643,漢唐國票97購02  ,0,0,0,0,0,0,0,0,0,35000,0,0,0,83000,48000,35000,35000
054132,聯發科元大97購10,0,0,0,0,0,0,0,0,0,35000,0,0,0,40000,5000,35000,35000
054047,富邦金元大97購01,0,0,0,0,0,0,0,0,0,35000,0,0,0,40000,5000,35000,35000
06258P,臺股指群益97售11,0,0,0,0,0,0,0,0,0,35000,0,0,0,35000,0,35000,35000
06543P,鴻海元大98售08  ,0,0,0,0,0,0,0,0,0,35000,0,0,0,39000,4000,35000,35000
06772P,國巨中信99售01  ,0,0,0,0,0,0,0,0,0,35000,0,0,0,35000,0,35000,35000
06018P,康控凱基96售03  ,0,0,0,0,0,0,0,0,0,35000,0,0,0,54000,19000,35000,35000
06005P,晶豪科永豐96售04,0,0,0,0,0,0,0,0,0,35000,0,0,0,35000,0,35000,35000
05808P,臺股指國票96售01,0,0,0,0,0,0,0,0,0,35000,0,0,0,36000,1000,35000,35000
056121,勤誠群益97購01  ,0,0,0,0,0,0,0,0,0,34000,0,0,0,34000,0,34000,34000
056325,群創兆豐9A購01  ,0,0,0,0,0,0,0,0,0,34000,0,0,0,50000,16000,34000,34000
057056,立積元大99購02  ,0,0,0,0,0,0,0,0,0,34000,0,0,0,112000,78000,34000,34000
045500,聯發科凱基93購04,0,0,0,0,0,0,0,0,0,34000,0,0,0,34000,0,34000,34000
05209P,鴻海凱基96售09  ,0,0,0,0,0,0,0,0,0,34000,0,0,0,280000,246000,34000,34000
054058,晶豪科國票98購01,0,0,0,0,0,0,0,0,0,34000,0,0,0,34000,0,34000,34000
05526P,茂林群益96售03  ,0,0,0,0,0,0,0,0,0,34000,0,0,0,34000,0,34000,34000
05902P,華通國票96售02  ,0,0,0,0,0,0,0,0,0,34000,0,0,0,34000,0,34000,34000
06754P,台積電永豐98售03,0,0,0,0,0,0,0,0,0,34000,0,0,0,34000,0,34000,34000
06726P,欣興元富98售04  ,0,0,0,0,0,0,0,0,0,34000,0,0,0,34000,0,34000,34000
06560P,台積電統一98售07,0,0,0,0,0,0,0,0,0,34000,0,0,0,68000,34000,34000,34000
06605P,玉晶光元富98售03,0,0,0,0,0,0,0,0,0,34000,0,0,0,54000,20000,34000,34000
06914P,南茂元大98售03  ,0,0,0,0,0,0,0,0,0,34000,0,0,0,34000,0,34000,34000
3416,融程電          ,35000,1000,34000,0,0,0,0,0,0,0,0,0,0,0,0,0,34000
3406,玉晶光          ,1504000,2093015,-589015,0,0,0,430000,143000,287000,336000,561000,327000,234000,124000,22000,102000,33985
00678,群益NBI生技     ,0,0,0,0,0,0,0,0,0,33500,0,0,0,884000,850500,33500,33500
3025,星通            ,41001,10000,31001,0,0,0,0,0,0,2000,2000,0,2000,0,0,0,33001
05705P,上証2X永豐96售03,0,0,0,0,0,0,0,0,0,33000,0,0,0,50000,17000,33000,33000
05715P,創意元富96售05  ,0,0,0,0,0,0,0,0,0,33000,0,0,0,33000,0,33000,33000
057618,台光電凱基99購01,0,0,0,0,0,0,0,0,0,33000,0,0,0,33000,0,33000,33000
045308,泰鼎元大93購02  ,0,0,0,0,0,0,0,0,0,33000,0,0,0,33000,0,33000,33000
04385P,可成日盛94售01  ,0,0,0,0,0,0,0,0,0,33000,0,0,0,33000,0,33000,33000
051826,智邦元大95購03  ,0,0,0,0,0,0,0,0,0,33000,0,0,0,103000,70000,33000,33000
05042P,GIS凱基95售03   ,0,0,0,0,0,0,0,0,0,33000,0,0,0,43000,10000,33000,33000
050601,台表科國泰96購01,0,0,0,0,0,0,0,0,0,33000,0,0,0,47000,14000,33000,33000
051155,聯發科國泰96購01,0,0,0,0,0,0,0,0,0,33000,0,0,0,283000,250000,33000,33000
055420,欣興永豐98購01  ,0,0,0,0,0,0,0,0,0,33000,0,0,0,156000,123000,33000,33000
054929,群電凱基97購01  ,0,0,0,0,0,0,0,0,0,33000,0,0,0,53000,20000,33000,33000
054417,牧德元大96購01  ,0,0,0,0,0,0,0,0,0,33000,0,0,0,105000,72000,33000,33000
054520,健鼎元大96購02  ,0,0,0,0,0,0,0,0,0,33000,0,0,0,82000,49000,33000,33000
6235,華孚            ,97000,65000,32000,0,0,0,0,0,0,1000,1000,0,1000,0,0,0,33000
6442,光聖            ,33000,0,33000,0,0,0,0,0,0,0,0,0,0,0,0,0,33000
06884P,台郡群益98售03  ,0,0,0,0,0,0,0,0,0,33000,0,0,0,139000,106000,33000,33000
06125P,楠梓電元富99售01,0,0,0,0,0,0,0,0,0,33000,0,0,0,148000,115000,33000,33000
05853P,欣興群益96售05  ,0,0,0,0,0,0,0,0,0,33000,0,0,0,33000,0,33000,33000
1506,正道            ,51001,18000,33001,0,0,0,0,0,0,-1000,0,1000,-1000,0,0,0,32001
056401,國巨群益98購07  ,0,0,0,0,0,0,0,0,0,32000,0,0,0,98000,66000,32000,32000
05652P,臻鼎群益96售01  ,0,0,0,0,0,0,0,0,0,32000,0,0,0,49000,17000,32000,32000
04520P,欣興群益94售02  ,0,0,0,0,0,0,0,0,0,32000,0,0,0,32000,0,32000,32000
050905,臺股指元大95購12,0,0,0,0,0,0,0,0,0,32000,0,0,0,32000,0,32000,32000
04921P,TPK凱基94售05   ,0,0,0,0,0,0,0,0,0,32000,0,0,0,32000,0,32000,32000
054585,禾伸堂國泰99購01,0,0,0,0,0,0,0,0,0,32000,0,0,0,130000,98000,32000,32000
055040,台虹富邦99購01  ,0,0,0,0,0,0,0,0,0,32000,0,0,0,82000,50000,32000,32000
053930,S&P反1統一98購01,0,0,0,0,0,0,0,0,0,32000,0,0,0,32000,0,32000,32000
1323,永裕            ,62000,31000,31000,0,0,0,0,0,0,1000,2000,1000,1000,0,0,0,32000
2423,固緯            ,102000,60000,42000,0,0,0,0,5000,-5000,-5000,1000,6000,-5000,0,0,0,32000
2482,連宇            ,38000,8000,30000,0,0,0,0,0,0,2000,2000,0,2000,0,0,0,32000
2491,吉祥全          ,31000,0,31000,0,0,0,0,0,0,1000,1000,0,1000,0,0,0,32000
3694,海華            ,68000,29000,39000,0,0,0,0,0,0,-7000,0,7000,-7000,0,0,0,32000
05878P,創意群益98售01  ,0,0,0,0,0,0,0,0,0,32000,0,0,0,37000,5000,32000,32000
06664P,聯發科兆豐98售02,0,0,0,0,0,0,0,0,0,32000,0,0,0,32000,0,32000,32000
06789P,鴻海凱基98售12  ,0,0,0,0,0,0,0,0,0,32000,0,0,0,32000,0,32000,32000
06878P,台灣50日盛9B售01,0,0,0,0,0,0,0,0,0,32000,0,0,0,50000,18000,32000,32000
06277P,臺股指凱基97售09,0,0,0,0,0,0,0,0,0,32000,0,0,0,223000,191000,32000,32000
2380,虹光            ,31001,0,31001,0,0,0,0,0,0,0,0,0,0,0,0,0,31001
05662P,景碩元富96售01  ,0,0,0,0,0,0,0,0,0,31000,0,0,0,31000,0,31000,31000
055650,華新科元富98購01,0,0,0,0,0,0,0,0,0,31000,0,0,0,91000,60000,31000,31000
057632,傳奇永豐98購01  ,0,0,0,0,0,0,0,0,0,31000,0,0,0,58000,27000,31000,31000
043992,康控元大93購02  ,0,0,0,0,0,0,0,0,0,31000,0,0,0,31000,0,31000,31000
044809,道瓊反國票93購01,0,0,0,0,0,0,0,0,0,31000,0,0,0,36000,5000,31000,31000
04470P,為升元大94售01  ,0,0,0,0,0,0,0,0,0,31000,0,0,0,55000,24000,31000,31000
047292,台光電元富96購01,0,0,0,0,0,0,0,0,0,31000,0,0,0,31000,0,31000,31000
04639P,臺股指群益94售14,0,0,0,0,0,0,0,0,0,31000,0,0,0,31000,0,31000,31000
04871P,力成元富94售02  ,0,0,0,0,0,0,0,0,0,31000,0,0,0,51000,20000,31000,31000
04920P,智易凱基94售05  ,0,0,0,0,0,0,0,0,0,31000,0,0,0,89000,58000,31000,31000
04970P,中環元富94售02  ,0,0,0,0,0,0,0,0,0,31000,0,0,0,31000,0,31000,31000
05276P,GIS永豐95售02   ,0,0,0,0,0,0,0,0,0,31000,0,0,0,31000,0,31000,31000
054109,南亞科凱基96購05,0,0,0,0,0,0,0,0,0,31000,0,0,0,31000,0,31000,31000
053802,南亞科凱基96購04,0,0,0,0,0,0,0,0,0,31000,0,0,0,68000,37000,31000,31000
05465P,台表科永豐95售03,0,0,0,0,0,0,0,0,0,31000,0,0,0,131000,100000,31000,31000
06903P,技嘉凱基98售04  ,0,0,0,0,0,0,0,0,0,31000,0,0,0,43000,12000,31000,31000
1432,大魯閣          ,32000,1000,31000,0,0,0,0,0,0,0,0,0,0,0,0,0,31000
4144,康聯-KY         ,47000,16000,31000,0,0,0,0,0,0,0,0,0,0,0,0,0,31000
06452P,大立光元大98售08,0,0,0,0,0,0,0,0,0,31000,0,0,0,31000,0,31000,31000
06760P,台積電元大98售18,0,0,0,0,0,0,0,0,0,31000,0,0,0,498000,467000,31000,31000
05899P,臺股指凱基96售30,0,0,0,0,0,0,0,0,0,31000,0,0,0,31000,0,31000,31000
06138P,台積電中信99售01,0,0,0,0,0,0,0,0,0,31000,0,0,0,36000,5000,31000,31000
05861P,瀚宇博永豐96售02,0,0,0,0,0,0,0,0,0,31000,0,0,0,36000,5000,31000,31000
057651,矽力元大98購03  ,0,0,0,0,0,0,0,0,0,30000,0,0,0,30000,0,30000,30000
057652,欣興永昌9C購01  ,0,0,0,0,0,0,0,0,0,30000,0,0,0,33000,3000,30000,30000
057678,臺股指元大98購08,0,0,0,0,0,0,0,0,0,30000,0,0,0,30000,0,30000,30000
057214,瑞昱群益98購01  ,0,0,0,0,0,0,0,0,0,30000,0,0,0,91000,61000,30000,30000
057279,國揚元大98購01  ,0,0,0,0,0,0,0,0,0,30000,0,0,0,30000,0,30000,30000
05692P,聯發科中信9A售02,0,0,0,0,0,0,0,0,0,30000,0,0,0,30000,0,30000,30000
056947,國巨統一9A購01  ,0,0,0,0,0,0,0,0,0,30000,0,0,0,30000,0,30000,30000
056880,緯穎國票98購02  ,0,0,0,0,0,0,0,0,0,30000,0,0,0,30000,0,30000,30000
056823,智伸科永豐98購01,0,0,0,0,0,0,0,0,0,30000,0,0,0,36000,6000,30000,30000
055830,上銀元大97購07  ,0,0,0,0,0,0,0,0,0,30000,0,0,0,56000,26000,30000,30000
05657P,樺漢統一97售01  ,0,0,0,0,0,0,0,0,0,30000,0,0,0,30000,0,30000,30000
056583,昇陽半元大98購02,0,0,0,0,0,0,0,0,0,30000,0,0,0,30000,0,30000,30000
048365,T50反1統一93購09,0,0,0,0,0,0,0,0,0,30000,0,0,0,30000,0,30000,30000
047510,奇力新國票94購01,0,0,0,0,0,0,0,0,0,30000,0,0,0,30000,0,30000,30000
051633,可成國票96購03  ,0,0,0,0,0,0,0,0,0,30000,0,0,0,30000,0,30000,30000
051729,華新國票96購01  ,0,0,0,0,0,0,0,0,0,30000,0,0,0,30000,0,30000,30000
051760,奇力新元大95購04,0,0,0,0,0,0,0,0,0,30000,0,0,0,30000,0,30000,30000
051914,健策元大96購06  ,0,0,0,0,0,0,0,0,0,30000,0,0,0,48000,18000,30000,30000
046344,超眾國票94購01  ,0,0,0,0,0,0,0,0,0,30000,0,0,0,30000,0,30000,30000
048027,京元電凱基93購03,0,0,0,0,0,0,0,0,0,30000,0,0,0,30000,0,30000,30000
047784,元油反富邦94購03,0,0,0,0,0,0,0,0,0,30000,0,0,0,35000,5000,30000,30000
047480,全新凱基93購01  ,0,0,0,0,0,0,0,0,0,30000,0,0,0,30000,0,30000,30000
047503,T50反1國票93購03,0,0,0,0,0,0,0,0,0,30000,0,0,0,30000,0,30000,30000
047095,聯詠麥證93購01  ,0,0,0,30000,0,30000,0,0,0,30000,0,0,0,30000,0,30000,30000
046493,緯創富邦93購01  ,0,0,0,0,0,0,0,0,0,30000,0,0,0,30000,0,30000,30000
04460P,元油2X元富96售04,0,0,0,0,0,0,0,0,0,30000,0,0,0,30000,0,30000,30000
044853,亞光國泰93購01  ,0,0,0,0,0,0,0,0,0,30000,0,0,0,30000,0,30000,30000
045866,南茂統一94購01  ,0,0,0,0,0,0,0,0,0,30000,0,0,0,40000,10000,30000,30000
04384P,上証2X中信96售01,0,0,0,0,0,0,0,0,0,30000,0,0,0,65000,35000,30000,30000
047591,訊芯永豐93購02  ,0,0,0,0,0,0,0,0,0,30000,0,0,0,30000,0,30000,30000
048955,慧洋康和94購01  ,0,0,0,0,0,0,0,0,0,30000,0,0,0,30000,0,30000,30000
04189P,台積電兆豐94售02,0,0,0,0,0,0,0,0,0,30000,0,0,0,30000,0,30000,30000
03860P,群創元富97售01  ,0,0,0,0,0,0,0,0,0,30000,0,0,0,50000,20000,30000,30000
044340,TPK統一93購01   ,0,0,0,0,0,0,0,0,0,30000,0,0,0,30000,0,30000,30000
04413P,玉晶光元富94售01,0,0,0,0,0,0,0,0,0,30000,0,0,0,30000,0,30000,30000
051351,台積電元大95購15,0,0,0,0,0,0,0,0,0,30000,0,0,0,30000,0,30000,30000
05106P,鴻海永豐95售02  ,0,0,0,0,0,0,0,0,0,30000,0,0,0,36000,6000,30000,30000
05213P,台積電國票96售05,0,0,0,0,0,0,0,0,0,30000,0,0,0,30000,0,30000,30000
052061,樺漢國票96購01  ,0,0,0,0,0,0,0,0,0,30000,0,0,0,30000,0,30000,30000
052362,瑞昱國票96購02  ,0,0,0,0,0,0,0,0,0,30000,0,0,0,30000,0,30000,30000
05055P,台表科群益95售01,0,0,0,0,0,0,0,0,0,30000,0,0,0,51000,21000,30000,30000
049505,臺股指元大94購16,0,0,0,0,0,0,0,0,0,30000,0,0,0,30000,0,30000,30000
049488,智邦元大95購01  ,0,0,0,0,0,0,0,0,0,30000,0,0,0,30000,0,30000,30000
049372,華新科元大95購04,0,0,0,0,0,0,0,0,0,30000,0,0,0,125000,95000,30000,30000
049424,中石化兆豐94購01,0,0,0,0,0,0,0,0,0,30000,0,0,0,190000,160000,30000,30000
054845,智邦兆豐98購01  ,0,0,0,0,0,0,0,0,0,30000,0,0,0,70000,40000,30000,30000
054867,華航群益99購01  ,0,0,0,0,0,0,0,0,0,30000,0,0,0,41000,11000,30000,30000
054762,奇力新國票99購01,0,0,0,0,0,0,0,0,0,30000,0,0,0,30000,0,30000,30000
05440P,緯穎國票96售02  ,0,0,0,0,0,0,0,0,0,30000,0,0,0,30000,0,30000,30000
054391,宏達電元富96購04,0,0,0,0,0,0,0,0,0,30000,0,0,0,70000,40000,30000,30000
054364,智伸科凱基96購01,0,0,0,0,0,0,0,0,0,30000,0,0,0,87000,57000,30000,30000
054270,寶滬深中信98購01,0,0,0,0,0,0,0,0,0,30000,0,0,0,50000,20000,30000,30000
055005,晶相光元富97購01,0,0,0,0,0,0,0,0,0,30000,0,0,0,40000,10000,30000,30000
05508P,華通統一97售01  ,0,0,0,0,0,0,0,0,0,30000,0,0,0,30000,0,30000,30000
055308,聯發科群益97購04,0,0,0,0,0,0,0,0,0,30000,0,0,0,40000,10000,30000,30000
05381P,聯詠群益95售02  ,0,0,0,0,0,0,0,0,0,30000,0,0,0,30000,0,30000,30000
053556,康控凱基97購02  ,0,0,0,0,0,0,0,0,0,30000,0,0,0,30000,0,30000,30000
054093,智原群益97購01  ,0,0,0,0,0,0,0,0,0,30000,0,0,0,30000,0,30000,30000
054171,台郡凱基97購01  ,0,0,0,0,0,0,0,0,0,30000,0,0,0,32000,2000,30000,30000
054024,中鋼康和96購01  ,0,0,0,0,0,0,0,0,0,30000,0,0,0,100000,70000,30000,30000
052845,旺宏統一97購01  ,0,0,0,0,0,0,0,0,0,30000,0,0,0,218000,188000,30000,30000
05291P,鴻海凱基95售16  ,0,0,0,0,0,0,0,0,0,30000,0,0,0,38000,8000,30000,30000
053110,大立光兆豐97購01,0,0,0,0,0,0,0,0,0,30000,0,0,0,40000,10000,30000,30000
05305P,華新科國泰97售01,0,0,0,0,0,0,0,0,0,30000,0,0,0,100000,70000,30000,30000
05326P,臺股指凱基95售10,0,0,0,0,0,0,0,0,0,30000,0,0,0,30000,0,30000,30000
06135P,志超元富97售01  ,0,0,0,0,0,0,0,0,0,30000,0,0,0,30000,0,30000,30000
06698P,玉晶光國票99售05,0,0,0,0,0,0,0,0,0,30000,0,0,0,130000,100000,30000,30000
06676P,華新科國票98售03,0,0,0,0,0,0,0,0,0,30000,0,0,0,40000,10000,30000,30000
06588P,台積電元大98售11,0,0,0,0,0,0,0,0,0,30000,0,0,0,30000,0,30000,30000
06540P,聯發科凱基98售13,0,0,0,0,0,0,0,0,0,30000,0,0,0,34000,4000,30000,30000
06460P,亞德客元富98售02,0,0,0,0,0,0,0,0,0,30000,0,0,0,30000,0,30000,30000
06498P,臺股指元大9A售03,0,0,0,0,0,0,0,0,0,30000,0,0,0,66000,36000,30000,30000
06409P,康友元富97售03  ,0,0,0,0,0,0,0,0,0,30000,0,0,0,30000,0,30000,30000
06341P,大立光統一97售08,0,0,0,0,0,0,0,0,0,30000,0,0,0,30000,0,30000,30000
06218P,鴻海元富97售06  ,0,0,0,0,0,0,0,0,0,30000,0,0,0,30000,0,30000,30000
6166,凌華            ,234000,189000,45000,0,0,0,0,0,0,-15000,0,0,0,0,15000,-15000,30000
1256,鮮活果汁-KY     ,40000,10000,30000,0,0,0,0,0,0,0,0,0,0,0,0,0,30000
1220,台榮            ,32000,6000,26000,0,0,0,0,0,0,4000,4000,0,4000,0,0,0,30000
2462,良得電          ,51000,21000,30000,0,0,0,0,0,0,0,0,0,0,0,0,0,30000
2851,中再保          ,108000,96000,12000,0,0,0,0,0,0,18000,18000,0,18000,0,0,0,30000
3008,大立光          ,476990,459760,17230,0,0,0,7000,16262,-9262,22000,14000,3000,11000,16000,5000,11000,29968
1598,岱宇            ,69000,42603,26397,0,0,0,0,0,0,3000,3000,0,3000,0,0,0,29397
2340,光磊            ,702001,324000,378001,0,0,0,0,0,0,-349000,49000,6000,43000,27000,419000,-392000,29001
05663P,創意元富96售04  ,0,0,0,0,0,0,0,0,0,29000,0,0,0,29000,0,29000,29000
057440,台積電統一98購10,0,0,0,0,0,0,0,0,0,29000,0,0,0,149000,120000,29000,29000
048883,玉晶光統一94購01,0,0,0,0,0,0,0,0,0,29000,0,0,0,29000,0,29000,29000
049393,世紀鋼第一94購01,0,0,0,0,0,0,0,0,0,29000,0,0,0,173000,144000,29000,29000
050353,華擎群益95購01  ,0,0,0,0,0,0,0,0,0,29000,0,0,0,29000,0,29000,29000
05070P,鴻海統一96售04  ,0,0,0,0,0,0,0,0,0,29000,0,0,0,61000,32000,29000,29000
049911,智邦元大94購05  ,0,0,0,0,0,0,0,0,0,29000,0,0,0,29000,0,29000,29000
05421P,鴻海元大96售12  ,0,0,0,0,0,0,0,0,0,29000,0,0,0,199000,170000,29000,29000
053742,創意國票97購01  ,0,0,0,0,0,0,0,0,0,29000,0,0,0,103000,74000,29000,29000
05517P,臻鼎元大96售01  ,0,0,0,0,0,0,0,0,0,29000,0,0,0,29000,0,29000,29000
055054,群光永豐97購01  ,0,0,0,0,0,0,0,0,0,29000,0,0,0,29000,0,29000,29000
3032,偉訓            ,61000,33000,28000,0,0,0,0,0,0,1000,6000,5000,1000,0,0,0,29000
5515,建國            ,26000,2000,24000,0,0,0,0,0,0,5000,5000,0,5000,0,0,0,29000
4737,華廣            ,44000,18000,26000,0,0,0,0,0,0,3000,3000,0,3000,0,0,0,29000
6666,羅麗芬-KY       ,36000,7000,29000,0,0,0,0,0,0,0,0,0,0,0,0,0,29000
8466,美吉吉-KY       ,29000,1000,28000,0,0,0,0,0,0,1000,2000,1000,1000,0,0,0,29000
06447P,上銀元大98售01  ,0,0,0,0,0,0,0,0,0,29000,0,0,0,29000,0,29000,29000
06670P,鴻海群益98售06  ,0,0,0,0,0,0,0,0,0,29000,0,0,0,29000,0,29000,29000
057657,國巨兆豐98購04  ,0,0,0,0,0,0,0,0,0,28000,0,0,0,178000,150000,28000,28000
05697P,友達凱基96售01  ,0,0,0,0,0,0,0,0,0,28000,0,0,0,28000,0,28000,28000
057044,旺宏元大98購08  ,0,0,0,0,0,0,0,0,0,28000,0,0,0,68000,40000,28000,28000
055764,臺股指群益97購02,0,0,0,0,0,0,0,0,0,28000,0,0,0,28000,0,28000,28000
046061,中石化凱基98購01,0,0,0,0,0,0,0,0,0,28000,0,0,0,30000,2000,28000,28000
045996,南電富邦94購01  ,0,0,0,0,0,0,0,0,0,28000,0,0,0,63000,35000,28000,28000
044950,玉晶光群益94購01,0,0,0,0,0,0,0,0,0,28000,0,0,0,170000,142000,28000,28000
03827P,矽創國票94售01  ,0,0,0,0,0,0,0,0,0,28000,0,0,0,28000,0,28000,28000
03020X,元展20          ,0,0,0,0,0,0,0,0,0,28000,0,0,0,28000,0,28000,28000
04716P,中石化凱基94售01,0,0,0,0,0,0,0,0,0,28000,0,0,0,28000,0,28000,28000
051166,可成元大95購02  ,0,0,0,0,0,0,0,0,0,28000,0,0,0,68000,40000,28000,28000
052777,燿華國票98購01  ,0,0,0,0,0,0,0,0,0,28000,0,0,0,38000,10000,28000,28000
049246,大成鋼元大94購02,0,0,0,0,0,0,0,0,0,28000,0,0,0,48000,20000,28000,28000
051400,國巨永豐95購01  ,0,0,0,0,0,0,0,0,0,28000,0,0,0,110000,82000,28000,28000
054478,可成中信97購01  ,0,0,0,0,0,0,0,0,0,28000,0,0,0,50000,22000,28000,28000
054660,禾伸堂元大97購03,0,0,0,0,0,0,0,0,0,28000,0,0,0,68000,40000,28000,28000
054065,樺漢國票97購01  ,0,0,0,0,0,0,0,0,0,28000,0,0,0,28000,0,28000,28000
053889,致茂群益97購01  ,0,0,0,0,0,0,0,0,0,28000,0,0,0,123000,95000,28000,28000
053349,台郡國票97購02  ,0,0,0,0,0,0,0,0,0,28000,0,0,0,88000,60000,28000,28000
053412,台達電國票97購02,0,0,0,0,0,0,0,0,0,28000,0,0,0,54000,26000,28000,28000
06014P,聯發科富邦97售02,0,0,0,0,0,0,0,0,0,28000,0,0,0,28000,0,28000,28000
6405,悅城            ,28000,2000,26000,0,0,0,0,0,0,2000,2000,0,2000,0,0,0,28000
4942,嘉彰            ,87000,58000,29000,0,0,0,0,2000,-2000,1000,1000,0,1000,0,0,0,28000
2704,國賓            ,75000,47000,28000,0,0,0,0,0,0,0,0,0,0,0,0,0,28000
2465,麗臺            ,28001,1000,27001,0,0,0,0,0,0,0,0,0,0,0,0,0,27001
3052,夆典            ,141001,131000,10001,0,0,0,0,0,0,17000,19000,2000,17000,0,0,0,27001
056394,晶豪科永豐98購01,0,0,0,0,0,0,0,0,0,27000,0,0,0,27000,0,27000,27000
056833,和大元富9B購01  ,0,0,0,0,0,0,0,0,0,27000,0,0,0,61000,34000,27000,27000
057817,景碩元大98購01  ,0,0,0,0,0,0,0,0,0,27000,0,0,0,149000,122000,27000,27000
00645,富邦日本        ,0,0,0,0,0,0,0,0,0,27000,0,0,0,99000,72000,27000,27000
04157P,鎧勝永豐93售02  ,0,0,0,0,0,0,0,0,0,27000,0,0,0,27000,0,27000,27000
047686,元油反富邦94購02,0,0,0,0,0,0,0,0,0,27000,0,0,0,37000,10000,27000,27000
05056P,訊芯群益95售01  ,0,0,0,0,0,0,0,0,0,27000,0,0,0,27000,0,27000,27000
050367,鴻海元大94購20  ,0,0,0,0,0,0,0,0,0,27000,0,0,0,157000,130000,27000,27000
052528,茂林元大95購05  ,0,0,0,0,0,0,0,0,0,27000,0,0,0,44000,17000,27000,27000
054621,華新科兆豐98購01,0,0,0,0,0,0,0,0,0,27000,0,0,0,455000,428000,27000,27000
054225,華新元富96購01  ,0,0,0,0,0,0,0,0,0,27000,0,0,0,37000,10000,27000,27000
055007,晶相光元富9A購02,0,0,0,0,0,0,0,0,0,27000,0,0,0,95000,68000,27000,27000
5706,鳳凰            ,49000,23000,26000,0,0,0,0,0,0,1000,1000,0,1000,0,0,0,27000
2528,皇普            ,40000,16000,24000,0,0,0,0,0,0,3000,4000,1000,3000,0,0,0,27000
05963P,貿聯國票97售02  ,0,0,0,0,0,0,0,0,0,27000,0,0,0,27000,0,27000,27000
05873P,華通群益97售02  ,0,0,0,0,0,0,0,0,0,27000,0,0,0,27000,0,27000,27000
05859P,台表科國票97售04,0,0,0,0,0,0,0,0,0,27000,0,0,0,27000,0,27000,27000
05804P,美律永豐96售01  ,0,0,0,0,0,0,0,0,0,27000,0,0,0,37000,10000,27000,27000
058051,同欣電元大98購03,0,0,0,0,0,0,0,0,0,27000,0,0,0,61000,34000,27000,27000
06846P,美律元大98售05  ,0,0,0,0,0,0,0,0,0,27000,0,0,0,27000,0,27000,27000
057699,可成群益9A購02  ,0,0,0,0,0,0,0,0,0,26000,0,0,0,68000,42000,26000,26000
04732P,聯茂群益94售01  ,0,0,0,0,0,0,0,0,0,26000,0,0,0,31000,5000,26000,26000
04692P,大立光群益94售06,0,0,0,0,0,0,0,0,0,26000,0,0,0,41000,15000,26000,26000
04805P,創意元富94售01  ,0,0,0,0,0,0,0,0,0,26000,0,0,0,26000,0,26000,26000
04835P,鴻海元大94售18  ,0,0,0,0,0,0,0,0,0,26000,0,0,0,26000,0,26000,26000
052404,臻鼎凱基95購05  ,0,0,0,0,0,0,0,0,0,26000,0,0,0,26000,0,26000,26000
052745,欣興元大96購04  ,0,0,0,0,0,0,0,0,0,26000,0,0,0,32000,6000,26000,26000
050031,嘉澤元大95購01  ,0,0,0,0,0,0,0,0,0,26000,0,0,0,58000,32000,26000,26000
050024,旺宏元大94購09  ,0,0,0,0,0,0,0,0,0,26000,0,0,0,100000,74000,26000,26000
05022P,智易凱基95售01  ,0,0,0,0,0,0,0,0,0,26000,0,0,0,30000,4000,26000,26000
049808,聯詠元大94購03  ,0,0,0,0,0,0,0,0,0,26000,0,0,0,50000,24000,26000,26000
055437,禾伸堂中信99購01,0,0,0,0,0,0,0,0,0,26000,0,0,0,100000,74000,26000,26000
05445P,聯詠元大95售05  ,0,0,0,0,0,0,0,0,0,26000,0,0,0,36000,10000,26000,26000
054663,同欣電元大97購03,0,0,0,0,0,0,0,0,0,26000,0,0,0,30000,4000,26000,26000
053178,南亞科統一98購01,0,0,0,0,0,0,0,0,0,26000,0,0,0,110000,84000,26000,26000
052959,聯電凱基97購01  ,0,0,0,0,0,0,0,0,0,26000,0,0,0,150000,124000,26000,26000
06448P,華通元大99售01  ,0,0,0,0,0,0,0,0,0,26000,0,0,0,29000,3000,26000,26000
06388P,鴻海兆豐97售04  ,0,0,0,0,0,0,0,0,0,26000,0,0,0,26000,0,26000,26000
06084P,宏達電元富97售02,0,0,0,0,0,0,0,0,0,26000,0,0,0,181000,155000,26000,26000
8442,威宏-KY         ,25000,0,25000,0,0,0,0,0,0,1000,1000,0,1000,0,0,0,26000
2636,台驊投控        ,86001,35000,51001,0,0,0,0,29000,-29000,3000,4000,1000,3000,0,0,0,25001
2024,志聯            ,26001,1000,25001,0,0,0,0,0,0,0,1000,1000,0,0,0,0,25001
057806,國巨元大98購20  ,0,0,0,0,0,0,0,0,0,25000,0,0,0,325000,300000,25000,25000
057858,T50正2康和98購01,0,0,0,0,0,0,0,0,0,25000,0,0,0,25000,0,25000,25000
05739P,臺股指統一97售02,0,0,0,0,0,0,0,0,0,25000,0,0,0,25000,0,25000,25000
056836,國巨元富98購01  ,0,0,0,0,0,0,0,0,0,25000,0,0,0,133000,108000,25000,25000
056884,元油2X元大99購02,0,0,0,0,0,0,0,0,0,25000,0,0,0,25000,0,25000,25000
057026,長榮航凱基98購01,0,0,0,0,0,0,0,0,0,25000,0,0,0,60000,35000,25000,25000
056321,創意群益98購02  ,0,0,0,0,0,0,0,0,0,25000,0,0,0,31000,6000,25000,25000
056148,臺股指日盛97購03,0,0,0,0,0,0,0,0,0,25000,0,0,0,25000,0,25000,25000
05617P,大立光統一97售02,0,0,0,0,0,0,0,0,0,25000,0,0,0,25000,0,25000,25000
05569P,漢唐統一97售01  ,0,0,0,0,0,0,0,0,0,25000,0,0,0,194000,169000,25000,25000
04669P,臺股指國票94售08,0,0,0,0,0,0,0,0,0,25000,0,0,0,25000,0,25000,25000
048972,晶豪科元大94購01,0,0,0,0,0,0,0,0,0,25000,0,0,0,30000,5000,25000,25000
042916,佐登元大94購01  ,0,0,0,0,0,0,0,0,0,25000,0,0,0,25000,0,25000,25000
045749,智邦富邦93購01  ,0,0,0,0,0,0,0,0,0,25000,0,0,0,25000,0,25000,25000
03162P,泰碩元大01售02  ,0,0,0,0,0,0,0,0,0,25000,0,0,0,26000,1000,25000,25000
04032P,聯茂凱基94售02  ,0,0,0,0,0,0,0,0,0,25000,0,0,0,25000,0,25000,25000
04086P,臺股指元富93售04,0,0,0,0,0,0,0,0,0,25000,0,0,0,25000,0,25000,25000
04047P,華邦電元大94售03,0,0,0,0,0,0,0,0,0,25000,0,0,0,25000,0,25000,25000
050423,鴻海凱基96購02  ,0,0,0,0,0,0,0,0,0,25000,0,0,0,25000,0,25000,25000
051973,華新科凱基96購04,0,0,0,0,0,0,0,0,0,25000,0,0,0,55000,30000,25000,25000
051865,聯發科凱基96購04,0,0,0,0,0,0,0,0,0,25000,0,0,0,25000,0,25000,25000
049997,聯發科永豐94購04,0,0,0,0,0,0,0,0,0,25000,0,0,0,65000,40000,25000,25000
052702,群創國票97購03  ,0,0,0,0,0,0,0,0,0,25000,0,0,0,102000,77000,25000,25000
052876,GIS凱基96購03   ,0,0,0,0,0,0,0,0,0,25000,0,0,0,43000,18000,25000,25000
053114,聯茂兆豐97購01  ,0,0,0,0,0,0,0,0,0,25000,0,0,0,332000,307000,25000,25000
05370P,矽創元富95售01  ,0,0,0,0,0,0,0,0,0,25000,0,0,0,61000,36000,25000,25000
054634,FB上証中信99購01,0,0,0,0,0,0,0,0,0,25000,0,0,0,30000,5000,25000,25000
055155,奇力新元大99購01,0,0,0,0,0,0,0,0,0,25000,0,0,0,110000,85000,25000,25000
1441,大東            ,34000,8000,26000,0,0,0,0,0,0,-1000,0,1000,-1000,0,0,0,25000
4438,廣越            ,43000,20000,23000,0,0,0,0,0,0,2000,2000,0,2000,0,0,0,25000
3591,艾笛森          ,60000,35000,25000,0,0,0,0,0,0,0,0,0,0,0,0,0,25000
056348,S&P反1元大9A購01,0,0,0,0,0,0,0,0,0,24000,0,0,0,62000,38000,24000,24000
057609,友訊元富98購01  ,0,0,0,0,0,0,0,0,0,24000,0,0,0,130000,106000,24000,24000
04102P,臺股指國票93售09,0,0,0,0,0,0,0,0,0,24000,0,0,0,24000,0,24000,24000
01007T,兆豐國泰R2      ,24000,0,24000,0,0,0,0,0,0,0,0,0,0,0,0,0,24000
04120P,智邦凱基93售09  ,0,0,0,0,0,0,0,0,0,24000,0,0,0,30000,6000,24000,24000
044512,奇力新凱基93購02,0,0,0,0,0,0,0,0,0,24000,0,0,0,40000,16000,24000,24000
051637,嘉聯益國票96購01,0,0,0,0,0,0,0,0,0,24000,0,0,0,24000,0,24000,24000
052661,奇力新國票97購03,0,0,0,0,0,0,0,0,0,24000,0,0,0,43000,19000,24000,24000
051105,台光電國票96購01,0,0,0,0,0,0,0,0,0,24000,0,0,0,30000,6000,24000,24000
04988P,楠梓電元大94售01,0,0,0,0,0,0,0,0,0,24000,0,0,0,24000,0,24000,24000
050704,復盛凱基94購03  ,0,0,0,0,0,0,0,0,0,24000,0,0,0,60000,36000,24000,24000
055018,緯穎元富97購02  ,0,0,0,0,0,0,0,0,0,24000,0,0,0,107000,83000,24000,24000
054932,台肥元大97購01  ,0,0,0,0,0,0,0,0,0,24000,0,0,0,324000,300000,24000,24000
055389,國巨統一98購02  ,0,0,0,0,0,0,0,0,0,24000,0,0,0,48000,24000,24000,24000
055295,瀚宇博元大97購02,0,0,0,0,0,0,0,0,0,24000,0,0,0,98000,74000,24000,24000
054697,凌華永豐97購01  ,0,0,0,0,0,0,0,0,0,24000,0,0,0,24000,0,24000,24000
054040,中石化元大9C購01,0,0,0,0,0,0,0,0,0,24000,0,0,0,80000,56000,24000,24000
054185,喬山永豐96購02  ,0,0,0,0,0,0,0,0,0,24000,0,0,0,49000,25000,24000,24000
4912,聯德控股-KY     ,30000,7000,23000,0,0,0,0,0,0,1000,1000,0,1000,0,0,0,24000
4572,駐龍            ,26000,2000,24000,0,0,0,0,0,0,0,0,0,0,0,0,0,24000
6215,和椿            ,17000,2000,15000,0,0,0,0,0,0,9000,9000,0,9000,0,0,0,24000
6573,虹揚-KY         ,30000,8000,22000,0,0,0,0,0,0,2000,4000,2000,2000,0,0,0,24000
1109,信大            ,135000,108000,27000,0,0,0,0,0,0,-3000,0,3000,-3000,0,0,0,24000
2239,英利-KY         ,25000,1000,24000,0,0,0,0,0,0,0,0,0,0,0,0,0,24000
06300P,緯穎元大97售04  ,0,0,0,0,0,0,0,0,0,24000,0,0,0,25000,1000,24000,24000
06867P,訊芯元大98售08  ,0,0,0,0,0,0,0,0,0,24000,0,0,0,24000,0,24000,24000
06559P,玉晶光元富98售02,0,0,0,0,0,0,0,0,0,24000,0,0,0,36000,12000,24000,24000
057717,友訊元富98購02  ,0,0,0,0,0,0,0,0,0,23000,0,0,0,103000,80000,23000,23000
05746P,台積電群益96售07,0,0,0,0,0,0,0,0,0,23000,0,0,0,45000,22000,23000,23000
05629P,聯發科永昌99售02,0,0,0,0,0,0,0,0,0,23000,0,0,0,48000,25000,23000,23000
055711,上銀元大97購04  ,0,0,0,0,0,0,0,0,0,23000,0,0,0,138000,115000,23000,23000
056095,臻鼎元富9A購01  ,0,0,0,0,0,0,0,0,0,23000,0,0,0,140000,117000,23000,23000
04892P,聯發科元大94售14,0,0,0,0,0,0,0,0,0,23000,0,0,0,23000,0,23000,23000
049477,泰鼎永豐94購01  ,0,0,0,0,0,0,0,0,0,23000,0,0,0,28000,5000,23000,23000
049525,華新科兆豐94購01,0,0,0,0,0,0,0,0,0,23000,0,0,0,30000,7000,23000,23000
052347,GIS凱基95購05   ,0,0,0,0,0,0,0,0,0,23000,0,0,0,26000,3000,23000,23000
051168,訊連元大95購02  ,0,0,0,0,0,0,0,0,0,23000,0,0,0,39000,16000,23000,23000
049917,華新科元大94購02,0,0,0,0,0,0,0,0,0,23000,0,0,0,23000,0,23000,23000
051000,台郡元大96購01  ,0,0,0,0,0,0,0,0,0,23000,0,0,0,50000,27000,23000,23000
053029,國巨第一96購01  ,0,0,0,0,0,0,0,0,0,23000,0,0,0,105000,82000,23000,23000
052919,鈺齊富邦98購01  ,0,0,0,0,0,0,0,0,0,23000,0,0,0,34000,11000,23000,23000
054798,超眾群益97購01  ,0,0,0,0,0,0,0,0,0,23000,0,0,0,250000,227000,23000,23000
05444P,大立光元大95售10,0,0,0,0,0,0,0,0,0,23000,0,0,0,73000,50000,23000,23000
054919,興富發凱基97購01,0,0,0,0,0,0,0,0,0,23000,0,0,0,60000,37000,23000,23000
06568P,國巨永豐98售05  ,0,0,0,0,0,0,0,0,0,23000,0,0,0,29000,6000,23000,23000
058003,FBVIX群益9C購02 ,0,0,0,0,0,0,0,0,0,23000,0,0,0,63000,40000,23000,23000
1776,展宇            ,25000,2000,23000,0,0,0,0,0,0,0,1000,1000,0,0,0,0,23000
6192,巨路            ,77000,53000,24000,0,0,0,0,0,0,-1000,0,1000,-1000,0,0,0,23000
3058,立德            ,22000,3000,19000,0,0,0,0,0,0,4000,4000,0,4000,0,0,0,23000
00743,國泰中國A150    ,0,25000,-25000,0,0,0,0,0,0,47076,0,0,0,56000,8924,47076,22076
056018,旺宏群益97購02  ,0,0,0,0,0,0,0,0,0,22000,0,0,0,33000,11000,22000,22000
056661,臺股指元大9A購08,0,0,0,0,0,0,0,0,0,22000,0,0,0,22000,0,22000,22000
056563,華新科群益98購04,0,0,0,0,0,0,0,0,0,22000,0,0,0,62000,40000,22000,22000
05706P,TPK永豐96售02   ,0,0,0,0,0,0,0,0,0,22000,0,0,0,22000,0,22000,22000
056777,矽力元大98購02  ,0,0,0,0,0,0,0,0,0,22000,0,0,0,75000,53000,22000,22000
04546P,台積電元大94售09,0,0,0,0,0,0,0,0,0,22000,0,0,0,22000,0,22000,22000
044439,南電元大93購01  ,0,0,0,0,0,0,0,0,0,22000,0,0,0,22000,0,22000,22000
046020,滬深2X元大95購02,0,0,0,0,0,0,0,0,0,22000,0,0,0,22000,0,22000,22000
042556,台灣50中信96購04,0,0,0,0,0,0,0,0,0,22000,0,0,0,90000,68000,22000,22000
04624P,台積電元大94售14,0,0,0,0,0,0,0,0,0,22000,0,0,0,22000,0,22000,22000
051877,嘉聯益國票97購02,0,0,0,0,0,0,0,0,0,22000,0,0,0,22000,0,22000,22000
050003,景碩永豐94購01  ,0,0,0,0,0,0,0,0,0,22000,0,0,0,170000,148000,22000,22000
049950,南亞科群益94購02,0,0,0,0,0,0,0,0,0,22000,0,0,0,22000,0,22000,22000
051945,智邦統一95購03  ,0,0,0,0,0,0,0,0,0,22000,0,0,0,70000,48000,22000,22000
051846,S&P反1中信96購02,0,0,0,0,0,0,0,0,0,22000,0,0,0,22000,0,22000,22000
04961P,貿聯凱基94售03  ,0,0,0,0,0,0,0,0,0,22000,0,0,0,175000,153000,22000,22000
054927,帆宣凱基97購01  ,0,0,0,0,0,0,0,0,0,22000,0,0,0,32000,10000,22000,22000
055359,超眾凱基97購01  ,0,0,0,0,0,0,0,0,0,22000,0,0,0,22000,0,22000,22000
05452P,亞德客群益95售02,0,0,0,0,0,0,0,0,0,22000,0,0,0,22000,0,22000,22000
05458P,台積電凱基97售02,0,0,0,0,0,0,0,0,0,22000,0,0,0,45000,23000,22000,22000
052891,台泥群益96購01  ,0,0,0,0,0,0,0,0,0,22000,0,0,0,32000,10000,22000,22000
05344P,臺股指統一95售04,0,0,0,0,0,0,0,0,0,22000,0,0,0,31000,9000,22000,22000
053687,智邦元大96購02  ,0,0,0,0,0,0,0,0,0,22000,0,0,0,216000,194000,22000,22000
9905,大華            ,40000,26000,14000,0,0,0,0,0,0,8000,8000,0,8000,0,0,0,22000
8070,長華*           ,61000,15000,46000,0,0,0,0,0,0,-24000,6000,30000,-24000,0,0,0,22000
05894P,友達群益98售02  ,0,0,0,0,0,0,0,0,0,22000,0,0,0,22000,0,22000,22000
056985,智原群益98購03  ,0,0,0,0,0,0,0,0,0,21000,0,0,0,21000,0,21000,21000
05720P,可成中信98售01  ,0,0,0,0,0,0,0,0,0,21000,0,0,0,71000,50000,21000,21000
056089,同欣電統一98購01,0,0,0,0,0,0,0,0,0,21000,0,0,0,129000,108000,21000,21000
047040,台勝科群益93購01,0,0,0,0,0,0,0,0,0,21000,0,0,0,21000,0,21000,21000
048028,聯發科凱基93購25,0,0,0,0,0,0,0,0,0,21000,0,0,0,21000,0,21000,21000
04634P,臺股指群益94售09,0,0,0,0,0,0,0,0,0,21000,0,0,0,21000,0,21000,21000
04514P,元石油中信97售01,0,0,0,0,0,0,0,0,0,21000,0,0,0,153000,132000,21000,21000
04593P,台積電元大94售11,0,0,0,0,0,0,0,0,0,21000,0,0,0,31000,10000,21000,21000
04213P,台光電凱基93售11,0,0,0,0,0,0,0,0,0,21000,0,0,0,21000,0,21000,21000
04194P,欣興永豐93售05  ,0,0,0,0,0,0,0,0,0,21000,0,0,0,21000,0,21000,21000
03567P,可成凱基02售06  ,0,0,0,0,0,0,0,0,0,21000,0,0,0,21000,0,21000,21000
050238,瑞昱凱基94購05  ,0,0,0,0,0,0,0,0,0,21000,0,0,0,21000,0,21000,21000
052316,台積電元大96購10,0,0,0,0,0,0,0,0,0,21000,0,0,0,80000,59000,21000,21000
04999P,南電永豐95售01  ,0,0,0,0,0,0,0,0,0,21000,0,0,0,43000,22000,21000,21000
053792,百和元大96購01  ,0,0,0,0,0,0,0,0,0,21000,0,0,0,331000,310000,21000,21000
054044,京元電元大96購03,0,0,0,0,0,0,0,0,0,21000,0,0,0,21000,0,21000,21000
052987,華新科元大99購01,0,0,0,0,0,0,0,0,0,21000,0,0,0,22000,1000,21000,21000
054799,超眾群益98購01  ,0,0,0,0,0,0,0,0,0,21000,0,0,0,21000,0,21000,21000
05532P,臺股指群益96售05,0,0,0,0,0,0,0,0,0,21000,0,0,0,21000,0,21000,21000
054925,神達凱基97購01  ,0,0,0,0,0,0,0,0,0,21000,0,0,0,139000,118000,21000,21000
055174,精元統一97購01  ,0,0,0,0,0,0,0,0,0,21000,0,0,0,120000,99000,21000,21000
055214,聯電凱基97購02  ,0,0,0,0,0,0,0,0,0,21000,0,0,0,549000,528000,21000,21000
06132P,正文元富97售01  ,0,0,0,0,0,0,0,0,0,21000,0,0,0,41000,20000,21000,21000
05791P,臺股指中信99售06,0,0,0,0,0,0,0,0,0,21000,0,0,0,51000,30000,21000,21000
06864P,健策凱基98售01  ,0,0,0,0,0,0,0,0,0,21000,0,0,0,26000,5000,21000,21000
06316P,臺股指元富97售03,0,0,0,0,0,0,0,0,0,21000,0,0,0,31000,10000,21000,21000
06459P,亞德客元富98售01,0,0,0,0,0,0,0,0,0,21000,0,0,0,22000,1000,21000,21000
9930,中聯資源        ,40000,27000,13000,0,0,0,0,0,0,8000,8000,0,8000,0,0,0,21000
4106,雃博            ,41000,20000,21000,0,0,0,0,0,0,0,0,0,0,0,0,0,21000
1805,寶徠            ,23000,2000,21000,0,0,0,0,0,0,0,0,0,0,0,0,0,21000
1503,士電            ,32000,11000,21000,0,0,0,0,0,0,0,0,0,0,0,0,0,21000
08218P,滬深2X凱基96售01,0,0,0,0,0,0,0,0,0,21000,0,0,0,26000,5000,21000,21000
2442,新美齊          ,278000,266000,12000,0,0,0,1000,0,1000,8000,14000,6000,8000,0,0,0,21000
1517,利奇            ,14002,0,14002,0,0,0,0,0,0,6000,8000,2000,6000,0,0,0,20002
056098,矽創元富97購02  ,0,0,0,0,0,0,0,0,0,20000,0,0,0,40000,20000,20000,20000
05610P,國巨群益98售01  ,0,0,0,0,0,0,0,0,0,20000,0,0,0,20000,0,20000,20000
055630,聯詠永豐97購02  ,0,0,0,0,0,0,0,0,0,20000,0,0,0,20000,0,20000,20000
055590,聯發科元大98購02,0,0,0,0,0,0,0,0,0,20000,0,0,0,270000,250000,20000,20000
056438,旺宏凱基98購05  ,0,0,0,0,0,0,0,0,0,20000,0,0,0,30000,10000,20000,20000
05664P,國巨凱基96售09  ,0,0,0,0,0,0,0,0,0,20000,0,0,0,42000,22000,20000,20000
056700,華新科國泰99購03,0,0,0,0,0,0,0,0,0,20000,0,0,0,20000,0,20000,20000
05627P,致伸國票97售01  ,0,0,0,0,0,0,0,0,0,20000,0,0,0,20000,0,20000,20000
056392,玉晶光富邦9C購01,0,0,0,0,0,0,0,0,0,20000,0,0,0,40000,20000,20000,20000
05611P,康控群益96售02  ,0,0,0,0,0,0,0,0,0,20000,0,0,0,20000,0,20000,20000
056226,聯發科凱基97購10,0,0,0,0,0,0,0,0,0,20000,0,0,0,20000,0,20000,20000
05704P,矽力群益96售04  ,0,0,0,0,0,0,0,0,0,20000,0,0,0,20000,0,20000,20000
05707P,中磊永豐96售01  ,0,0,0,0,0,0,0,0,0,20000,0,0,0,30000,10000,20000,20000
05689P,滬深2X中信97售02,0,0,0,0,0,0,0,0,0,20000,0,0,0,20000,0,20000,20000
056868,奇力新麥證98購01,0,0,0,30000,10000,20000,0,0,0,20000,0,0,0,30000,10000,20000,20000
05748P,臺股指群益99售02,0,0,0,0,0,0,0,0,0,20000,0,0,0,175000,155000,20000,20000
057526,智邦元大98購10  ,0,0,0,0,0,0,0,0,0,20000,0,0,0,58000,38000,20000,20000
057347,國巨統一9A購03  ,0,0,0,0,0,0,0,0,0,20000,0,0,0,50000,30000,20000,20000
05733P,臺股指統一96售03,0,0,0,0,0,0,0,0,0,20000,0,0,0,20000,0,20000,20000
057746,同欣電永豐98購02,0,0,0,0,0,0,0,0,0,20000,0,0,0,20000,0,20000,20000
057777,可成群益9A購03  ,0,0,0,0,0,0,0,0,0,20000,0,0,0,20000,0,20000,20000
03332P,台積電元大02售17,0,0,0,0,0,0,0,0,0,20000,0,0,0,20000,0,20000,20000
04103P,臺股指國票93售10,0,0,0,0,0,0,0,0,0,20000,0,0,0,20000,0,20000,20000
03202P,聯電凱基01售03  ,0,0,0,0,0,0,0,0,0,20000,0,0,0,20000,0,20000,20000
04083P,欣興統一94售01  ,0,0,0,0,0,0,0,0,0,20000,0,0,0,20000,0,20000,20000
04196P,東陽中信93售02  ,0,0,0,0,0,0,0,0,0,20000,0,0,0,20000,0,20000,20000
04159P,滬深2X中信95售08,0,0,0,0,0,0,0,0,0,20000,0,0,0,20000,0,20000,20000
03953P,易華電凱基94售01,0,0,0,0,0,0,0,0,0,20000,0,0,0,20000,0,20000,20000
03939P,康控元大95售02  ,0,0,0,0,0,0,0,0,0,20000,0,0,0,20000,0,20000,20000
045785,揚明光元大93購04,0,0,0,0,0,0,0,0,0,20000,0,0,0,20000,0,20000,20000
04549P,茂林元大94售02  ,0,0,0,0,0,0,0,0,0,20000,0,0,0,20000,0,20000,20000
04558P,瑞昱日盛94售01  ,0,0,0,0,0,0,0,0,0,20000,0,0,0,90000,70000,20000,20000
04463P,可成元富94售03  ,0,0,0,0,0,0,0,0,0,20000,0,0,0,31000,11000,20000,20000
04475P,欣興元大94售03  ,0,0,0,0,0,0,0,0,0,20000,0,0,0,20000,0,20000,20000
045149,聯發科凱基93購02,0,0,0,0,0,0,0,0,0,20000,0,0,0,20000,0,20000,20000
046182,燿華凱基93購04  ,0,0,0,0,0,0,0,0,0,20000,0,0,0,20000,0,20000,20000
04248P,臺股指永豐93售03,0,0,0,0,0,0,0,0,0,20000,0,0,0,191000,171000,20000,20000
04760P,旺宏凱基94售02  ,0,0,0,0,0,0,0,0,0,20000,0,0,0,45000,25000,20000,20000
043958,臻鼎元富94購01  ,0,0,0,0,0,0,0,0,0,20000,0,0,0,638000,618000,20000,20000
046356,智伸科群益93購01,0,0,0,0,0,0,0,0,0,20000,0,0,0,20000,0,20000,20000
04817P,創意國票95售02  ,0,0,0,0,0,0,0,0,0,20000,0,0,0,20000,0,20000,20000
048133,臻鼎國票94購01  ,0,0,0,0,0,0,0,0,0,20000,0,0,0,20000,0,20000,20000
047703,台積電凱基93購19,0,0,0,0,0,0,0,0,0,20000,0,0,0,20000,0,20000,20000
047704,智邦凱基93購06  ,0,0,0,0,0,0,0,0,0,20000,0,0,0,20000,0,20000,20000
047806,旺宏凱基93購05  ,0,0,0,0,0,0,0,0,0,20000,0,0,0,20000,0,20000,20000
047916,台積電凱基93購22,0,0,0,0,0,0,0,0,0,20000,0,0,0,20000,0,20000,20000
046989,可成凱基93購03  ,0,0,0,0,0,0,0,0,0,20000,0,0,0,20000,0,20000,20000
047090,緯創元富93購01  ,0,0,0,0,0,0,0,0,0,20000,0,0,0,20000,0,20000,20000
046791,台郡統一96購01  ,0,0,0,0,0,0,0,0,0,20000,0,0,0,20000,0,20000,20000
04685P,訊芯元大94售02  ,0,0,0,0,0,0,0,0,0,20000,0,0,0,20000,0,20000,20000
04735P,聯茂兆豐94售01  ,0,0,0,0,0,0,0,0,0,20000,0,0,0,40000,20000,20000,20000
051886,道瓊反統一95購03,0,0,0,0,0,0,0,0,0,20000,0,0,0,24000,4000,20000,20000
04875P,台積電中信94售04,0,0,0,0,0,0,0,0,0,20000,0,0,0,100000,80000,20000,20000
051544,T50反1康和98購01,0,0,0,0,0,0,0,0,0,20000,0,0,0,20000,0,20000,20000
051582,聯發科元大97購02,0,0,0,0,0,0,0,0,0,20000,0,0,0,247000,227000,20000,20000
047545,智邦凱基93購05  ,0,0,0,0,0,0,0,0,0,20000,0,0,0,20000,0,20000,20000
048630,南亞元大93購01  ,0,0,0,0,0,0,0,0,0,20000,0,0,0,20000,0,20000,20000
04860P,鴻海群益94售07  ,0,0,0,0,0,0,0,0,0,20000,0,0,0,20000,0,20000,20000
04855P,上証2X元富94售02,0,0,0,0,0,0,0,0,0,20000,0,0,0,120000,100000,20000,20000
051788,奇力新國票97購02,0,0,0,0,0,0,0,0,0,20000,0,0,0,38000,18000,20000,20000
050956,鈺齊群益95購01  ,0,0,0,0,0,0,0,0,0,20000,0,0,0,20000,0,20000,20000
050173,旺宏元大96購02  ,0,0,0,0,0,0,0,0,0,20000,0,0,0,60000,40000,20000,20000
050061,聯發科凱基94購07,0,0,0,0,0,0,0,0,0,20000,0,0,0,20000,0,20000,20000
050073,傳奇凱基94購02  ,0,0,0,0,0,0,0,0,0,20000,0,0,0,40000,20000,20000,20000
052426,國巨台新96購01  ,0,0,0,0,0,0,0,0,0,20000,0,0,0,20000,0,20000,20000
05232P,緯穎群益95售01  ,0,0,0,0,0,0,0,0,0,20000,0,0,0,20000,0,20000,20000
052321,華擎元大95購01  ,0,0,0,0,0,0,0,0,0,20000,0,0,0,20000,0,20000,20000
049834,康控凱基94購01  ,0,0,0,0,0,0,0,0,0,20000,0,0,0,20000,0,20000,20000
050818,華新科凱基95購02,0,0,0,0,0,0,0,0,0,20000,0,0,0,50000,30000,20000,20000
051135,建準永豐95購01  ,0,0,0,0,0,0,0,0,0,20000,0,0,0,60000,40000,20000,20000
051494,中環兆豐95購01  ,0,0,0,0,0,0,0,0,0,20000,0,0,0,20000,0,20000,20000
049989,臻鼎凱基94購02  ,0,0,0,0,0,0,0,0,0,20000,0,0,0,20000,0,20000,20000
050175,台光電元大94購08,0,0,0,0,0,0,0,0,0,20000,0,0,0,30000,10000,20000,20000
052181,南茂元大95購05  ,0,0,0,0,0,0,0,0,0,20000,0,0,0,20000,0,20000,20000
049646,旺宏凱基94購01  ,0,0,0,0,0,0,0,0,0,20000,0,0,0,20000,0,20000,20000
049198,聯鈞永豐94購01  ,0,0,0,0,0,0,0,0,0,20000,0,0,0,20000,0,20000,20000
052176,景碩元大96購01  ,0,0,0,0,0,0,0,0,0,20000,0,0,0,20000,0,20000,20000
052122,新光金國票96購01,0,0,0,0,0,0,0,0,0,20000,0,0,0,200000,180000,20000,20000
04955P,大立光日盛94售02,0,0,0,0,0,0,0,0,0,20000,0,0,0,20000,0,20000,20000
055066,佐登永豐97購01  ,0,0,0,0,0,0,0,0,0,20000,0,0,0,30000,10000,20000,20000
054902,億光康和97購01  ,0,0,0,0,0,0,0,0,0,20000,0,0,0,20000,0,20000,20000
054950,奇力新元大98購02,0,0,0,0,0,0,0,0,0,20000,0,0,0,68000,48000,20000,20000
055277,旺宏元大97購04  ,0,0,0,0,0,0,0,0,0,20000,0,0,0,80000,60000,20000,20000
05523P,聯發科國票96售04,0,0,0,0,0,0,0,0,0,20000,0,0,0,20000,0,20000,20000
054625,旺宏凱基98購03  ,0,0,0,0,0,0,0,0,0,20000,0,0,0,40000,20000,20000,20000
054715,中橡康和97購01  ,0,0,0,0,0,0,0,0,0,20000,0,0,0,20000,0,20000,20000
054669,凌華元富97購01  ,0,0,0,0,0,0,0,0,0,20000,0,0,0,20000,0,20000,20000
054481,鎧勝中信96購01  ,0,0,0,0,0,0,0,0,0,20000,0,0,0,70000,50000,20000,20000
052988,智易元大96購02  ,0,0,0,0,0,0,0,0,0,20000,0,0,0,20000,0,20000,20000
053002,鴻海永豐96購01  ,0,0,0,0,0,0,0,0,0,20000,0,0,0,35000,15000,20000,20000
052890,FB上証群益9B購01,0,0,0,0,0,0,0,0,0,20000,0,0,0,20000,0,20000,20000
05287P,鴻海元富95售09  ,0,0,0,0,0,0,0,0,0,20000,0,0,0,27000,7000,20000,20000
05348P,美律元富98售01  ,0,0,0,0,0,0,0,0,0,20000,0,0,0,20000,0,20000,20000
053456,大立光元富96購04,0,0,0,0,0,0,0,0,0,20000,0,0,0,50000,30000,20000,20000
053350,台表科國票97購02,0,0,0,0,0,0,0,0,0,20000,0,0,0,20000,0,20000,20000
053312,緯穎凱基96購02  ,0,0,0,0,0,0,0,0,0,20000,0,0,0,25000,5000,20000,20000
053275,燿華元大97購01  ,0,0,0,0,0,0,0,0,0,20000,0,0,0,20000,0,20000,20000
053932,華新科統一96購03,0,0,0,0,0,0,0,0,0,20000,0,0,0,20000,0,20000,20000
053546,台積電凱基96購13,0,0,0,0,0,0,0,0,0,20000,0,0,0,50000,30000,20000,20000
1467,南緯            ,75000,60000,15000,0,0,0,0,0,0,5000,5000,0,5000,0,0,0,20000
1817,凱撒衛          ,41000,23000,18000,0,0,0,0,0,0,2000,2000,0,2000,0,0,0,20000
06916P,聯鈞元富98售02  ,0,0,0,0,0,0,0,0,0,20000,0,0,0,29000,9000,20000,20000
2243,宏旭-KY         ,21000,1000,20000,0,0,0,0,0,0,0,0,0,0,0,0,0,20000
2906,高林            ,18000,3000,15000,0,0,0,0,0,0,5000,5000,0,5000,0,0,0,20000
6491,晶碩            ,37000,6000,31000,0,0,0,0,12000,-12000,1000,1000,0,1000,0,0,0,20000
6605,帝寶            ,20000,3000,17000,0,0,0,0,0,0,3000,3000,0,3000,0,0,0,20000
06359P,上銀群益97售03  ,0,0,0,0,0,0,0,0,0,20000,0,0,0,20000,0,20000,20000
06333P,臺股指群益9C售02,0,0,0,0,0,0,0,0,0,20000,0,0,0,20000,0,20000,20000
06234P,亞德客元大97售02,0,0,0,0,0,0,0,0,0,20000,0,0,0,20000,0,20000,20000
06860P,台灣50兆豐98售01,0,0,0,0,0,0,0,0,0,20000,0,0,0,20000,0,20000,20000
06862P,大立光凱基98售16,0,0,0,0,0,0,0,0,0,20000,0,0,0,20000,0,20000,20000
06844P,智邦元大98售13  ,0,0,0,0,0,0,0,0,0,20000,0,0,0,23000,3000,20000,20000
06695P,群創兆豐98售04  ,0,0,0,0,0,0,0,0,0,20000,0,0,0,90000,70000,20000,20000
06764P,聯發科元大98售11,0,0,0,0,0,0,0,0,0,20000,0,0,0,30000,10000,20000,20000
06671P,台積電群益98售04,0,0,0,0,0,0,0,0,0,20000,0,0,0,45000,25000,20000,20000
06634P,欣興國票98售02  ,0,0,0,0,0,0,0,0,0,20000,0,0,0,20000,0,20000,20000
05840P,臺股指富邦96售07,0,0,0,0,0,0,0,0,0,20000,0,0,0,20000,0,20000,20000
06107P,美律群益98售02  ,0,0,0,0,0,0,0,0,0,20000,0,0,0,20000,0,20000,20000
06052P,台郡國票97售06  ,0,0,0,0,0,0,0,0,0,20000,0,0,0,43000,23000,20000,20000
05961P,鴻海群益97售01  ,0,0,0,0,0,0,0,0,0,20000,0,0,0,20000,0,20000,20000
05992P,華通元大96售05  ,0,0,0,0,0,0,0,0,0,20000,0,0,0,20000,0,20000,20000
2546,根基            ,56001,37000,19001,0,0,0,0,0,0,0,0,0,0,0,0,0,19001
057107,華新科群益98購06,0,0,0,0,0,0,0,0,0,19000,0,0,0,51000,32000,19000,19000
056073,智伸科元大97購01,0,0,0,0,0,0,0,0,0,19000,0,0,0,66000,47000,19000,19000
05186P,鈺齊中信95售02  ,0,0,0,0,0,0,0,0,0,19000,0,0,0,31000,12000,19000,19000
051873,緯穎凱基95購02  ,0,0,0,0,0,0,0,0,0,19000,0,0,0,35000,16000,19000,19000
03826P,瀚宇博元大95售01,0,0,0,0,0,0,0,0,0,19000,0,0,0,19000,0,19000,19000
00753L,中信中國50正2   ,0,0,0,0,0,0,0,0,0,19000,0,0,0,169000,150000,19000,19000
051406,泰鼎永豐96購01  ,0,0,0,0,0,0,0,0,0,19000,0,0,0,35000,16000,19000,19000
05026P,貿聯群益95售01  ,0,0,0,0,0,0,0,0,0,19000,0,0,0,36000,17000,19000,19000
049247,光寶科元大94購02,0,0,0,0,0,0,0,0,0,19000,0,0,0,35000,16000,19000,19000
049268,聯茂元大94購03  ,0,0,0,0,0,0,0,0,0,19000,0,0,0,25000,6000,19000,19000
049331,元石油統一94購01,0,0,0,0,0,0,0,0,0,19000,0,0,0,27000,8000,19000,19000
049896,聯發科統一94購06,0,0,0,0,0,0,0,0,0,19000,0,0,0,50000,31000,19000,19000
05092P,全新元大95售03  ,0,0,0,0,0,0,0,0,0,19000,0,0,0,25000,6000,19000,19000
054042,華泰元大96購01  ,0,0,0,0,0,0,0,0,0,19000,0,0,0,19000,0,19000,19000
054322,國巨台新96購02  ,0,0,0,0,0,0,0,0,0,19000,0,0,0,19000,0,19000,19000
054771,茂林國票98購02  ,0,0,0,0,0,0,0,0,0,19000,0,0,0,19000,0,19000,19000
054761,台光電國票98購02,0,0,0,0,0,0,0,0,0,19000,0,0,0,99000,80000,19000,19000
055337,超眾兆豐98購01  ,0,0,0,0,0,0,0,0,0,19000,0,0,0,51000,32000,19000,19000
055386,致新元大97購02  ,0,0,0,0,0,0,0,0,0,19000,0,0,0,100000,81000,19000,19000
2501,國建            ,216000,225000,-9000,0,0,0,0,0,0,28000,29000,1000,28000,0,0,0,19000
1312A,國喬特          ,0,0,0,0,0,0,0,0,0,19000,19000,0,19000,0,0,0,19000
6641,基士德-KY       ,20000,1000,19000,0,0,0,0,0,0,0,0,0,0,0,0,0,19000
6477,安集            ,61000,42000,19000,0,0,0,0,0,0,0,0,0,0,0,0,0,19000
05999P,世芯元大96售01  ,0,0,0,0,0,0,0,0,0,19000,0,0,0,223000,204000,19000,19000
05890P,彩晶元大99售01  ,0,0,0,0,0,0,0,0,0,19000,0,0,0,19000,0,19000,19000
05881P,彩晶康和96售01  ,0,0,0,0,0,0,0,0,0,19000,0,0,0,19000,0,19000,19000
06071P,大立光永豐97售01,0,0,0,0,0,0,0,0,0,19000,0,0,0,29000,10000,19000,19000
06101P,聯發科日盛97售03,0,0,0,0,0,0,0,0,0,19000,0,0,0,20000,1000,19000,19000
06139P,台積電中信99售02,0,0,0,0,0,0,0,0,0,19000,0,0,0,80000,61000,19000,19000
06678P,大立光統一99售01,0,0,0,0,0,0,0,0,0,19000,0,0,0,20000,1000,19000,19000
06547P,大立光元大98售09,0,0,0,0,0,0,0,0,0,19000,0,0,0,19000,0,19000,19000
06469P,臺股指凱基99售09,0,0,0,0,0,0,0,0,0,19000,0,0,0,194000,175000,19000,19000
03955P,華通統一93售04  ,0,0,0,0,0,0,0,0,0,18000,0,0,0,18000,0,18000,18000
03026X,元展23          ,0,0,0,0,0,0,0,0,0,18000,0,0,0,18000,0,18000,18000
048985,茂林元大94購01  ,0,0,0,0,0,0,0,0,0,18000,0,0,0,20000,2000,18000,18000
05189P,新光金凱基97售02,0,0,0,0,0,0,0,0,0,18000,0,0,0,33000,15000,18000,18000
051580,宏碁元大95購02  ,0,0,0,0,0,0,0,0,0,18000,0,0,0,92000,74000,18000,18000
04841P,群創元大94售04  ,0,0,0,0,0,0,0,0,0,18000,0,0,0,18000,0,18000,18000
046717,世紀鋼國泰94購01,0,0,0,0,0,0,0,0,0,18000,0,0,0,73000,55000,18000,18000
04628P,欣興元大95售01  ,0,0,0,0,0,0,0,0,0,18000,0,0,0,18000,0,18000,18000
049854,超眾群益94購02  ,0,0,0,0,0,0,0,0,0,18000,0,0,0,18000,0,18000,18000
050620,和碩元大94購04  ,0,0,0,0,0,0,0,0,0,18000,0,0,0,23000,5000,18000,18000
049191,元油2X永豐95購01,0,0,0,0,0,0,0,0,0,18000,0,0,0,20000,2000,18000,18000
052196,TPK元富95購01   ,0,0,0,0,0,0,0,0,0,18000,0,0,0,18000,0,18000,18000
054359,南亞科日盛96購02,0,0,0,0,0,0,0,0,0,18000,0,0,0,20000,2000,18000,18000
05447P,臺股指元大95售24,0,0,0,0,0,0,0,0,0,18000,0,0,0,18000,0,18000,18000
054057,晶豪科國票97購01,0,0,0,0,0,0,0,0,0,18000,0,0,0,38000,20000,18000,18000
053976,亞光元大96購02  ,0,0,0,0,0,0,0,0,0,18000,0,0,0,27000,9000,18000,18000
053744,台郡國票97購03  ,0,0,0,0,0,0,0,0,0,18000,0,0,0,59000,41000,18000,18000
053841,美律統一96購01  ,0,0,0,0,0,0,0,0,0,18000,0,0,0,70000,52000,18000,18000
05309P,康友中信95售03  ,0,0,0,0,0,0,0,0,0,18000,0,0,0,52000,34000,18000,18000
06641P,智邦兆豐99售01  ,0,0,0,0,0,0,0,0,0,18000,0,0,0,31000,13000,18000,18000
06732P,台灣50日盛9A售01,0,0,0,0,0,0,0,0,0,18000,0,0,0,40000,22000,18000,18000
06116P,臺股指日盛97售01,0,0,0,0,0,0,0,0,0,18000,0,0,0,18000,0,18000,18000
06050P,玉晶光國票98售01,0,0,0,0,0,0,0,0,0,18000,0,0,0,25000,7000,18000,18000
9941A,裕融甲特        ,0,0,0,0,0,0,0,0,0,18000,18000,0,18000,0,0,0,18000
6112,聚碩            ,80000,65683,14317,0,0,0,0,0,0,3000,3000,0,3000,0,0,0,17317
3057,喬鼎            ,95001,78000,17001,0,0,0,0,0,0,0,0,0,0,0,0,0,17001
1414,東和            ,22001,5000,17001,0,0,0,0,0,0,0,0,0,0,0,0,0,17001
1423,利華            ,15001,0,15001,0,0,0,0,0,0,2000,2000,0,2000,0,0,0,17001
056278,全新富邦98購02  ,0,0,0,0,0,0,0,0,0,17000,0,0,0,49000,32000,17000,17000
05631P,國巨富邦9A售01  ,0,0,0,0,0,0,0,0,0,17000,0,0,0,124000,107000,17000,17000
056575,禾伸堂元大99購01,0,0,0,0,0,0,0,0,0,17000,0,0,0,58000,41000,17000,17000
057041,國巨元大99購04  ,0,0,0,0,0,0,0,0,0,17000,0,0,0,31000,14000,17000,17000
057223,富邦金日盛99購01,0,0,0,0,0,0,0,0,0,17000,0,0,0,100000,83000,17000,17000
05785P,臺股指元大96售19,0,0,0,0,0,0,0,0,0,17000,0,0,0,17000,0,17000,17000
04815P,致伸元大94售04  ,0,0,0,0,0,0,0,0,0,17000,0,0,0,17000,0,17000,17000
047287,貿聯統一95購01  ,0,0,0,0,0,0,0,0,0,17000,0,0,0,67000,50000,17000,17000
043585,道瓊反元大94購01,0,0,0,0,0,0,0,0,0,17000,0,0,0,17000,0,17000,17000
049221,健策國票95購02  ,0,0,0,0,0,0,0,0,0,17000,0,0,0,17000,0,17000,17000
050513,亞泥元大94購02  ,0,0,0,0,0,0,0,0,0,17000,0,0,0,23000,6000,17000,17000
049487,智邦元大94購03  ,0,0,0,0,0,0,0,0,0,17000,0,0,0,68000,51000,17000,17000
05493P,華新科富邦99售02,0,0,0,0,0,0,0,0,0,17000,0,0,0,66000,49000,17000,17000
06114P,台積電統一97售03,0,0,0,0,0,0,0,0,0,17000,0,0,0,17000,0,17000,17000
06662P,玉晶光中信9A售01,0,0,0,0,0,0,0,0,0,17000,0,0,0,26000,9000,17000,17000
06600P,貿聯永豐98售01  ,0,0,0,0,0,0,0,0,0,17000,0,0,0,32000,15000,17000,17000
1416,廣豐            ,17001,0,17001,0,0,0,0,0,0,-1000,0,1000,-1000,0,0,0,16001
056408,奇鋐國票99購01  ,0,0,0,0,0,0,0,0,0,16000,0,0,0,39000,23000,16000,16000
05594P,旺宏國票96售04  ,0,0,0,0,0,0,0,0,0,16000,0,0,0,96000,80000,16000,16000
055934,景碩群益98購03  ,0,0,0,0,0,0,0,0,0,16000,0,0,0,46000,30000,16000,16000
00735,國泰臺韓科技    ,32000,3000,29000,0,0,0,0,0,0,-13000,0,0,0,109000,122000,-13000,16000
046804,群創元大94購01  ,0,0,0,0,0,0,0,0,0,16000,0,0,0,16000,0,16000,16000
04793P,台光電元大94售07,0,0,0,0,0,0,0,0,0,16000,0,0,0,16000,0,16000,16000
05152P,玉晶光群益96售05,0,0,0,0,0,0,0,0,0,16000,0,0,0,16000,0,16000,16000
05035P,聯發科元大95售06,0,0,0,0,0,0,0,0,0,16000,0,0,0,950000,934000,16000,16000
049681,旺宏統一94購04  ,0,0,0,0,0,0,0,0,0,16000,0,0,0,176000,160000,16000,16000
049635,臺股指群益94購08,0,0,0,0,0,0,0,0,0,16000,0,0,0,16000,0,16000,16000
055001,京鼎元富97購01  ,0,0,0,0,0,0,0,0,0,16000,0,0,0,148000,132000,16000,16000
055272,國巨元大98購04  ,0,0,0,0,0,0,0,0,0,16000,0,0,0,35000,19000,16000,16000
054264,超眾元大97購02  ,0,0,0,0,0,0,0,0,0,16000,0,0,0,26000,10000,16000,16000
05466P,旺宏富邦97售01  ,0,0,0,0,0,0,0,0,0,16000,0,0,0,369000,353000,16000,16000
052927,友達元大98購02  ,0,0,0,0,0,0,0,0,0,16000,0,0,0,224000,208000,16000,16000
053234,奇鋐永豐96購01  ,0,0,0,0,0,0,0,0,0,16000,0,0,0,16000,0,16000,16000
053335,易華電永豐96購01,0,0,0,0,0,0,0,0,0,16000,0,0,0,36000,20000,16000,16000
054083,智伸科元富96購01,0,0,0,0,0,0,0,0,0,16000,0,0,0,23000,7000,16000,16000
1516,川飛            ,15000,1000,14000,0,0,0,0,0,0,2000,2000,0,2000,0,0,0,16000
2496,卓越            ,17000,1000,16000,0,0,0,0,0,0,0,0,0,0,0,0,0,16000
2373,震旦行          ,29000,13000,16000,0,0,0,0,0,0,0,0,0,0,0,0,0,16000
5906,台南-KY         ,20000,4000,16000,0,0,0,0,0,0,0,0,0,0,0,0,0,16000
6172,互億            ,19000,4000,15000,0,0,0,0,0,0,1000,1000,0,1000,0,0,0,16000
06000P,GIS元大96售04   ,0,0,0,0,0,0,0,0,0,16000,0,0,0,16000,0,16000,16000
6414,樺漢            ,212000,201873,10127,0,0,0,0,0,0,5000,87000,89000,-2000,13000,6000,7000,15127
055820,矽力國票98購02  ,0,0,0,0,0,0,0,0,0,15000,0,0,0,27000,12000,15000,15000
055513,旺宏亞東98購01  ,0,0,0,0,0,0,0,0,0,15000,0,0,0,15000,0,15000,15000
05633P,台表科群益96售04,0,0,0,0,0,0,0,0,0,15000,0,0,0,23000,8000,15000,15000
057614,華新科元富99購04,0,0,0,0,0,0,0,0,0,15000,0,0,0,35000,20000,15000,15000
057237,群創凱基9B購02  ,0,0,0,0,0,0,0,0,0,15000,0,0,0,15000,0,15000,15000
056714,晶相光永豐98購02,0,0,0,0,0,0,0,0,0,15000,0,0,0,45000,30000,15000,15000
051677,達方元大95購01  ,0,0,0,0,0,0,0,0,0,15000,0,0,0,49000,34000,15000,15000
051740,可成國票96購04  ,0,0,0,0,0,0,0,0,0,15000,0,0,0,15000,0,15000,15000
048119,臺指反元大96購03,0,0,0,0,0,0,0,0,0,15000,0,0,0,15000,0,15000,15000
048190,道瓊反元大96購02,0,0,0,0,0,0,0,0,0,15000,0,0,0,15000,0,15000,15000
046716,欣興國泰93購03  ,0,0,0,0,0,0,0,0,0,15000,0,0,0,37000,22000,15000,15000
047013,超眾元富96購01  ,0,0,0,0,0,0,0,0,0,15000,0,0,0,45000,30000,15000,15000
046928,奇鋐富邦97購01  ,0,0,0,0,0,0,0,0,0,15000,0,0,0,15000,0,15000,15000
0052,富邦科技        ,6000,3000,3000,0,0,0,0,0,0,12000,0,0,0,124000,112000,12000,15000
03088P,大立光元大01售17,0,0,0,0,0,0,0,0,0,15000,0,0,0,20000,5000,15000,15000
045288,元油2X元大95購02,0,0,0,0,0,0,0,0,0,15000,0,0,0,15000,0,15000,15000
044183,S&P反1國泰93購01,0,0,0,0,0,0,0,0,0,15000,0,0,0,15000,0,15000,15000
049130,臺指反元大98購01,0,0,0,0,0,0,0,0,0,15000,0,0,0,15000,0,15000,15000
045150,聯發科凱基93購03,0,0,0,0,0,0,0,0,0,15000,0,0,0,15000,0,15000,15000
04501P,元油2X元富98售07,0,0,0,0,0,0,0,0,0,15000,75000,0,75000,30000,90000,-60000,15000
05212P,台積電國票96售04,0,0,0,0,0,0,0,0,0,15000,0,0,0,106000,91000,15000,15000
050283,T50反1凱基9A購01,0,0,0,0,0,0,0,0,0,15000,0,0,0,30000,15000,15000,15000
05025P,聯發科群益95售02,0,0,0,0,0,0,0,0,0,15000,0,0,0,20000,5000,15000,15000
051941,樺漢群益95購02  ,0,0,0,0,0,0,0,0,0,15000,0,0,0,109000,94000,15000,15000
050579,聯發科國票95購04,0,0,0,0,0,0,0,0,0,15000,0,0,0,40000,25000,15000,15000
050580,強茂國票95購01  ,0,0,0,0,0,0,0,0,0,15000,0,0,0,15000,0,15000,15000
04938P,亞德客國票95售01,0,0,0,0,0,0,0,0,0,15000,0,0,0,20000,5000,15000,15000
050850,訊連國票96購01  ,0,0,0,0,0,0,0,0,0,15000,0,0,0,20000,5000,15000,15000
051357,可成元大95購05  ,0,0,0,0,0,0,0,0,0,15000,0,0,0,20000,5000,15000,15000
051395,聯詠兆豐95購01  ,0,0,0,0,0,0,0,0,0,15000,0,0,0,15000,0,15000,15000
05250P,臻鼎國票96售01  ,0,0,0,0,0,0,0,0,0,15000,0,0,0,20000,5000,15000,15000
05280P,華通元大95售08  ,0,0,0,0,0,0,0,0,0,15000,0,0,0,63000,48000,15000,15000
053599,崇越元大96購01  ,0,0,0,0,0,0,0,0,0,15000,0,0,0,15000,0,15000,15000
053693,欣興元大96購05  ,0,0,0,0,0,0,0,0,0,15000,0,0,0,36000,21000,15000,15000
053015,緯創統一96購01  ,0,0,0,0,0,0,0,0,0,15000,0,0,0,15000,0,15000,15000
054311,世芯凱基96購02  ,0,0,0,0,0,0,0,0,0,15000,0,0,0,33000,18000,15000,15000
055222,臺股指凱基97購05,0,0,0,0,0,0,0,0,0,15000,0,0,0,15000,0,15000,15000
054953,華新科元大97購05,0,0,0,0,0,0,0,0,0,15000,0,0,0,25000,10000,15000,15000
05516P,台積電元大96售12,0,0,0,0,0,0,0,0,0,15000,0,0,0,34000,19000,15000,15000
6581,鋼聯            ,16000,3000,13000,0,0,0,0,0,0,2000,4000,2000,2000,0,0,0,15000
8103,瀚荃            ,38000,23000,15000,0,0,0,0,0,0,0,2000,2000,0,0,0,0,15000
6133,金橋            ,11000,0,11000,0,0,0,0,0,0,4000,4000,0,4000,0,0,0,15000
5484,慧友            ,14000,0,14000,0,0,0,0,0,0,1000,1000,0,1000,0,0,0,15000
3046,建碁            ,17000,2000,15000,0,0,0,0,0,0,0,1000,1000,0,0,0,0,15000
1730,花仙子          ,92000,77000,15000,0,0,0,0,0,0,0,0,0,0,0,0,0,15000
06886P,旺宏元大99售07  ,0,0,0,0,0,0,0,0,0,15000,0,0,0,19000,4000,15000,15000
05972P,瑞昱元大96售01  ,0,0,0,0,0,0,0,0,0,15000,0,0,0,78000,63000,15000,15000
06126P,凌陽元富97售02  ,0,0,0,0,0,0,0,0,0,15000,0,0,0,30000,15000,15000,15000
06587P,國巨元大98售13  ,0,0,0,0,0,0,0,0,0,15000,0,0,0,135000,120000,15000,15000
06533P,上証2X中信9B售01,0,0,0,0,0,0,0,0,0,15000,0,0,0,15000,0,15000,15000
06514P,國巨凱基98售05  ,0,0,0,0,0,0,0,0,0,15000,0,0,0,15000,0,15000,15000
06704P,玉晶光元富98售05,0,0,0,0,0,0,0,0,0,15000,0,0,0,43000,28000,15000,15000
06709P,臺股指台新99售06,0,0,0,0,0,0,0,0,0,15000,0,0,0,15000,0,15000,15000
06345P,臺股指統一9A售01,0,0,0,0,0,0,0,0,0,15000,0,0,0,15000,0,15000,15000
06224P,可成元富97售02  ,0,0,0,0,0,0,0,0,0,15000,0,0,0,15000,0,15000,15000
2616,山隆            ,89001,77000,12001,0,0,0,0,0,0,2000,2000,0,2000,0,0,0,14001
057090,奇力新元富98購02,0,0,0,0,0,0,0,0,0,14000,0,0,0,30000,16000,14000,14000
057335,技嘉國票99購01  ,0,0,0,0,0,0,0,0,0,14000,0,0,0,14000,0,14000,14000
05731P,創意統一96售03  ,0,0,0,0,0,0,0,0,0,14000,0,0,0,26000,12000,14000,14000
055943,瑞昱麥證97購01  ,0,0,0,40000,26000,14000,0,0,0,14000,0,0,0,40000,26000,14000,14000
056051,T50反1元大97購05,0,0,0,0,0,0,0,0,0,14000,0,0,0,84000,70000,14000,14000
04234P,華通群益94售02  ,0,0,0,0,0,0,0,0,0,14000,0,0,0,14000,0,14000,14000
04691P,智邦群益94售02  ,0,0,0,0,0,0,0,0,0,14000,0,0,0,28000,14000,14000,14000
051666,旺宏元大96購05  ,0,0,0,0,0,0,0,0,0,14000,0,0,0,98000,84000,14000,14000
048333,大立光富邦95購01,0,0,0,0,0,0,0,0,0,14000,0,0,0,45000,31000,14000,14000
05122P,鴻海永昌96售06  ,0,0,0,0,0,0,0,0,0,14000,0,0,0,323000,309000,14000,14000
051091,聯發科元大95購07,0,0,0,0,0,0,0,0,0,14000,0,0,0,14000,0,14000,14000
052159,瑞昱永豐95購01  ,0,0,0,0,0,0,0,0,0,14000,0,0,0,36000,22000,14000,14000
049193,元油2X永豐97購01,0,0,0,0,0,0,0,0,0,14000,0,0,0,14000,0,14000,14000
055385,昇陽半元大98購01,0,0,0,0,0,0,0,0,0,14000,0,0,0,120000,106000,14000,14000
052920,景碩台新96購02  ,0,0,0,0,0,0,0,0,0,14000,0,0,0,78000,64000,14000,14000
054121,奇鋐永豐96購02  ,0,0,0,0,0,0,0,0,0,14000,0,0,0,14000,0,14000,14000
054027,欣興凱基96購04  ,0,0,0,0,0,0,0,0,0,14000,0,0,0,24000,10000,14000,14000
06895P,台灣50統一9A售01,0,0,0,0,0,0,0,0,0,14000,0,0,0,34000,20000,14000,14000
1614,三洋電          ,32000,18000,14000,0,0,0,0,0,0,0,0,0,0,0,0,0,14000
2891C,中信金丙特      ,0,0,0,0,0,0,0,0,0,14000,14000,0,14000,0,0,0,14000
4807,日成-KY         ,21000,7000,14000,0,0,0,0,0,0,0,0,0,0,0,0,0,14000
06283P,祥碩永豐97售01  ,0,0,0,0,0,0,0,0,0,14000,0,0,0,16000,2000,14000,14000
06437P,玉晶光國票99售01,0,0,0,0,0,0,0,0,0,14000,0,0,0,33000,19000,14000,14000
06871P,元油2X群益98售04,0,0,0,0,0,0,0,0,0,14000,0,0,0,204000,190000,14000,14000
06124P,超眾元大97售03  ,0,0,0,0,0,0,0,0,0,14000,0,0,0,38000,24000,14000,14000
06092P,嘉聯益統一97售01,0,0,0,0,0,0,0,0,0,14000,0,0,0,14000,0,14000,14000
05947P,大成鋼元大96售03,0,0,0,0,0,0,0,0,0,14000,0,0,0,20000,6000,14000,14000
058002,FBVIX群益9C購01 ,0,0,0,0,0,0,0,0,0,14000,0,0,0,20000,6000,14000,14000
055527,旺宏群益99購03  ,0,0,0,0,0,0,0,0,0,13000,0,0,0,53000,40000,13000,13000
056135,緯創元大98購01  ,0,0,0,0,0,0,0,0,0,13000,0,0,0,106000,93000,13000,13000
051576,台積電元大97購02,0,0,0,0,0,0,0,0,0,13000,0,0,0,13000,0,13000,13000
051572,上銀元大95購01  ,0,0,0,0,0,0,0,0,0,13000,0,0,0,61000,48000,13000,13000
047075,群創兆豐93購01  ,0,0,0,0,0,0,0,0,0,13000,0,0,0,52000,39000,13000,13000
04261P,大立光群益93售12,0,0,0,0,0,0,0,0,0,13000,0,0,0,13000,0,13000,13000
04272P,元上證凱基94售01,0,0,0,0,0,0,0,0,0,13000,0,0,0,300000,287000,13000,13000
04358P,TPK永豐94售01   ,0,0,0,0,0,0,0,0,0,13000,0,0,0,13000,0,13000,13000
045736,台積電群益94購01,0,0,0,0,0,0,0,0,0,13000,0,0,0,30000,17000,13000,13000
052248,元油反永豐95購01,0,0,0,0,0,0,0,0,0,13000,0,0,0,13000,0,13000,13000
050829,臻鼎凱基96購01  ,0,0,0,0,0,0,0,0,0,13000,0,0,0,13000,0,13000,13000
05264P,微星元大95售02  ,0,0,0,0,0,0,0,0,0,13000,0,0,0,23000,10000,13000,13000
05387P,鴻海元大95售21  ,0,0,0,0,0,0,0,0,0,13000,0,0,0,25000,12000,13000,13000
052861,台光電凱基96購03,0,0,0,0,0,0,0,0,0,13000,0,0,0,29000,16000,13000,13000
05332P,臺股指國票95售01,0,0,0,0,0,0,0,0,0,13000,0,0,0,20000,7000,13000,13000
055369,友訊元大97購01  ,0,0,0,0,0,0,0,0,0,13000,0,0,0,83000,70000,13000,13000
055096,緯穎群益97購01  ,0,0,0,0,0,0,0,0,0,13000,0,0,0,36000,23000,13000,13000
055141,牧德永豐98購02  ,0,0,0,0,0,0,0,0,0,13000,0,0,0,82000,69000,13000,13000
054296,世芯元大97購01  ,0,0,0,0,0,0,0,0,0,13000,0,0,0,59000,46000,13000,13000
05439P,聯發科國票95售06,0,0,0,0,0,0,0,0,0,13000,0,0,0,48000,35000,13000,13000
05837P,臺股指富邦96售04,0,0,0,0,0,0,0,0,0,13000,0,0,0,13000,0,13000,13000
05943P,欣興凱基96售03  ,0,0,0,0,0,0,0,0,0,13000,0,0,0,41000,28000,13000,13000
06654P,欣興元大98售08  ,0,0,0,0,0,0,0,0,0,13000,0,0,0,18000,5000,13000,13000
5283,禾聯碩          ,45000,35000,10000,0,0,0,0,0,0,3000,4000,0,4000,0,1000,-1000,13000
6128,上福            ,18000,5000,13000,0,0,0,0,0,0,0,0,0,0,0,0,0,13000
9935,慶豐富          ,334000,357000,-23000,0,0,0,0,0,0,36000,37000,1000,36000,0,0,0,13000
1466,聚隆            ,17000,5000,12000,0,0,0,0,0,0,1000,3000,2000,1000,0,0,0,13000
06919P,臺股指日盛98售02,0,0,0,0,0,0,0,0,0,13000,0,0,0,3013000,3000000,13000,13000
2038,海光            ,23000,10000,13000,0,0,0,0,0,0,0,0,0,0,0,0,0,13000
056124,華通國票98購02  ,0,0,0,0,0,0,0,0,0,12000,0,0,0,12000,0,12000,12000
055549,旺宏凱基97購03  ,0,0,0,0,0,0,0,0,0,12000,0,0,0,32000,20000,12000,12000
055635,緯穎永豐97購01  ,0,0,0,0,0,0,0,0,0,12000,0,0,0,12000,0,12000,12000
055654,景碩元富97購01  ,0,0,0,0,0,0,0,0,0,12000,0,0,0,13000,1000,12000,12000
056074,茂林元大97購04  ,0,0,0,0,0,0,0,0,0,12000,0,0,0,26000,14000,12000,12000
05757P,旺宏永豐96售03  ,0,0,0,0,0,0,0,0,0,12000,0,0,0,12000,0,12000,12000
057487,聯發科元大98購10,0,0,0,0,0,0,0,0,0,12000,0,0,0,497000,485000,12000,12000
057031,滬深反元大9B購02,0,0,0,0,0,0,0,0,0,12000,0,0,0,212000,200000,12000,12000
05726P,易華電永豐96售02,0,0,0,0,0,0,0,0,0,12000,0,0,0,12000,0,12000,12000
05680P,聯發科元大96售12,0,0,0,0,0,0,0,0,0,12000,0,0,0,17000,5000,12000,12000
04537P,新光金統一94售01,0,0,0,0,0,0,0,0,0,12000,0,0,0,12000,0,12000,12000
03085P,台積電元大01售34,0,0,0,0,0,0,0,0,0,12000,0,0,0,12000,0,12000,12000
00684R,元大美元指數反1 ,0,0,0,0,0,0,0,0,0,12000,0,0,0,12000,0,12000,12000
04366P,全新元富95售01  ,0,0,0,0,0,0,0,0,0,12000,0,0,0,12000,0,12000,12000
04913P,聯詠元富94售02  ,0,0,0,0,0,0,0,0,0,12000,0,0,0,20000,8000,12000,12000
049149,華新科元大95購03,0,0,0,0,0,0,0,0,0,12000,0,0,0,13000,1000,12000,12000
04646P,TPK凱基94售03   ,0,0,0,0,0,0,0,0,0,12000,0,0,0,12000,0,12000,12000
05157P,全新台新96售01  ,0,0,0,0,0,0,0,0,0,12000,0,0,0,12000,0,12000,12000
048345,緯創元大94購01  ,0,0,0,0,0,0,0,0,0,12000,0,0,0,26000,14000,12000,12000
04838P,宏達電元大95售02,0,0,0,0,0,0,0,0,0,12000,0,0,0,15000,3000,12000,12000
052592,華通群益98購01  ,0,0,0,0,0,0,0,0,0,12000,0,0,0,35000,23000,12000,12000
049869,訊芯兆豐94購01  ,0,0,0,0,0,0,0,0,0,12000,0,0,0,12000,0,12000,12000
052303,聯發科永豐95購05,0,0,0,0,0,0,0,0,0,12000,0,0,0,12000,0,12000,12000
05144P,美律永豐95售02  ,0,0,0,0,0,0,0,0,0,12000,0,0,0,14000,2000,12000,12000
050189,旭富元大94購01  ,0,0,0,0,0,0,0,0,0,12000,0,0,0,24000,12000,12000,12000
050633,義隆群益96購02  ,0,0,0,0,0,0,0,0,0,12000,0,0,0,22000,10000,12000,12000
054759,台化國票98購01  ,0,0,0,0,0,0,0,0,0,12000,0,0,0,60000,48000,12000,12000
054906,神達康和97購01  ,0,0,0,0,0,0,0,0,0,12000,0,0,0,18000,6000,12000,12000
055379,牧德元大97購03  ,0,0,0,0,0,0,0,0,0,12000,0,0,0,22000,10000,12000,12000
055425,聚陽群益99購01  ,0,0,0,0,0,0,0,0,0,12000,0,0,0,32000,20000,12000,12000
05310P,智原永豐95售04  ,0,0,0,0,0,0,0,0,0,12000,0,0,0,12000,0,12000,12000
053787,健策元大97購02  ,0,0,0,0,0,0,0,0,0,12000,0,0,0,118000,106000,12000,12000
053544,華新凱基96購01  ,0,0,0,0,0,0,0,0,0,12000,0,0,0,22000,10000,12000,12000
06892P,聯鈞元富98售01  ,0,0,0,0,0,0,0,0,0,12000,0,0,0,20000,8000,12000,12000
1603,華電            ,14000,2000,12000,0,0,0,0,0,0,0,0,0,0,0,0,0,12000
1539,巨庭            ,11000,0,11000,0,0,0,0,0,0,1000,1000,0,1000,0,0,0,12000
1723,中碳            ,203000,191000,12000,0,0,0,0,0,0,0,0,0,0,0,0,0,12000
9943,好樂迪          ,94000,85000,9000,0,0,0,0,0,0,3000,3000,0,3000,0,0,0,12000
6201,亞弘電          ,9000,0,9000,0,0,0,0,0,0,3000,3000,0,3000,0,0,0,12000
6164,華興            ,12000,0,12000,0,0,0,0,0,0,0,0,0,0,0,0,0,12000
4930,燦星網          ,12000,2000,10000,0,0,0,0,0,0,2000,2000,0,2000,0,0,0,12000
3296,勝德            ,11000,2000,9000,0,0,0,0,0,0,3000,3000,0,3000,0,0,0,12000
06802P,緯穎群益98售03  ,0,0,0,0,0,0,0,0,0,12000,0,0,0,34000,22000,12000,12000
06697P,台積電國票99售05,0,0,0,0,0,0,0,0,0,12000,0,0,0,17000,5000,12000,12000
05865P,大立光元大96售09,0,0,0,0,0,0,0,0,0,12000,0,0,0,12000,0,12000,12000
056906,玉晶光元大9B購01,0,0,0,0,0,0,0,0,0,11000,0,0,0,69000,58000,11000,11000
056971,麗豐永豐98購01  ,0,0,0,0,0,0,0,0,0,11000,0,0,0,70000,59000,11000,11000
057219,群創群益98購10  ,0,0,0,0,0,0,0,0,0,11000,0,0,0,11000,0,11000,11000
057633,緯穎永豐98購02  ,0,0,0,0,0,0,0,0,0,11000,0,0,0,70000,59000,11000,11000
057770,亞德客群益98購01,0,0,0,0,0,0,0,0,0,11000,0,0,0,22000,11000,11000,11000
05567P,致伸群益96售01  ,0,0,0,0,0,0,0,0,0,11000,0,0,0,11000,0,11000,11000
055507,樺漢元大98購02  ,0,0,0,0,0,0,0,0,0,11000,0,0,0,166000,155000,11000,11000
056119,欣興群益97購02  ,0,0,0,0,0,0,0,0,0,11000,0,0,0,20000,9000,11000,11000
056227,奇力新凱基98購04,0,0,0,0,0,0,0,0,0,11000,0,0,0,11000,0,11000,11000
056211,南港國票98購01  ,0,0,0,0,0,0,0,0,0,11000,0,0,0,41000,30000,11000,11000
056695,景碩群益99購01  ,0,0,0,0,0,0,0,0,0,11000,0,0,0,31000,20000,11000,11000
048387,台達電國票94購01,0,0,0,0,0,0,0,0,0,11000,0,0,0,24000,13000,11000,11000
048735,美利達麥證95購01,0,0,0,11000,0,11000,0,0,0,11000,0,0,0,11000,0,11000,11000
04813P,智邦元大94售07  ,0,0,0,0,0,0,0,0,0,11000,0,0,0,11000,0,11000,11000
04901P,臺股指麥證94售02,0,0,0,11000,0,11000,0,0,0,11000,0,0,0,11000,0,11000,11000
047049,聯發科國票94購01,0,0,0,0,0,0,0,0,0,11000,0,0,0,11000,0,11000,11000
046606,世紀鋼群益93購01,0,0,0,0,0,0,0,0,0,11000,0,0,0,13000,2000,11000,11000
047191,同欣電元大93購02,0,0,0,0,0,0,0,0,0,11000,0,0,0,11000,0,11000,11000
04371P,臺股指凱基94售01,0,0,0,0,0,0,0,0,0,11000,0,0,0,15000,4000,11000,11000
04233P,儒鴻兆豐93售01  ,0,0,0,0,0,0,0,0,0,11000,0,0,0,121000,110000,11000,11000
03595P,聯發科凱基02售11,0,0,0,0,0,0,0,0,0,11000,0,0,0,11000,0,11000,11000
04556P,大成鋼群益94售02,0,0,0,0,0,0,0,0,0,11000,0,0,0,11000,0,11000,11000
04146P,可成凱基93售14  ,0,0,0,0,0,0,0,0,0,11000,0,0,0,11000,0,11000,11000
049388,南電元大94購05  ,0,0,0,0,0,0,0,0,0,11000,0,0,0,21000,10000,11000,11000
049734,瑞昱群益94購02  ,0,0,0,0,0,0,0,0,0,11000,0,0,0,11000,0,11000,11000
05222P,致伸凱基95售02  ,0,0,0,0,0,0,0,0,0,11000,0,0,0,21000,10000,11000,11000
052109,可成元富95購01  ,0,0,0,0,0,0,0,0,0,11000,0,0,0,21000,10000,11000,11000
052000,鈺齊元大95購03  ,0,0,0,0,0,0,0,0,0,11000,0,0,0,11000,0,11000,11000
05077P,智易群益95售02  ,0,0,0,0,0,0,0,0,0,11000,0,0,0,11000,0,11000,11000
050951,緯創群益96購01  ,0,0,0,0,0,0,0,0,0,11000,0,0,0,22000,11000,11000,11000
052806,玉晶光元大98購04,0,0,0,0,0,0,0,0,0,11000,0,0,0,142000,131000,11000,11000
054170,泰鼎凱基98購01  ,0,0,0,0,0,0,0,0,0,11000,0,0,0,31000,20000,11000,11000
053063,力山群益98購01  ,0,0,0,0,0,0,0,0,0,11000,0,0,0,11000,0,11000,11000
053416,光磊台新97購01  ,0,0,0,0,0,0,0,0,0,11000,0,0,0,11000,0,11000,11000
053384,聯發科元大96購13,0,0,0,0,0,0,0,0,0,11000,0,0,0,36000,25000,11000,11000
055399,超眾統一99購01  ,0,0,0,0,0,0,0,0,0,11000,0,0,0,31000,20000,11000,11000
055237,晶豪科台新97購01,0,0,0,0,0,0,0,0,0,11000,0,0,0,76000,65000,11000,11000
05529P,臺股指群益96售02,0,0,0,0,0,0,0,0,0,11000,0,0,0,11000,0,11000,11000
055305,旺宏群益99購01  ,0,0,0,0,0,0,0,0,0,11000,0,0,0,11000,0,11000,11000
05478P,智伸科國票96售02,0,0,0,0,0,0,0,0,0,11000,0,0,0,11000,0,11000,11000
05970P,超眾永豐96售03  ,0,0,0,0,0,0,0,0,0,11000,0,0,0,11000,0,11000,11000
06064P,台積電台新98售01,0,0,0,0,0,0,0,0,0,11000,0,0,0,11000,0,11000,11000
06032P,健策群益97售03  ,0,0,0,0,0,0,0,0,0,11000,0,0,0,21000,10000,11000,11000
058043,鴻海元大98購13  ,0,0,0,0,0,0,0,0,0,11000,0,0,0,78000,67000,11000,11000
058010,帆宣國票98購01  ,0,0,0,0,0,0,0,0,0,11000,0,0,0,11000,0,11000,11000
06706P,智原台新98售02  ,0,0,0,0,0,0,0,0,0,11000,0,0,0,29000,18000,11000,11000
06762P,智邦元大98售11  ,0,0,0,0,0,0,0,0,0,11000,0,0,0,21000,10000,11000,11000
06824P,台灣50國票99售02,0,0,0,0,0,0,0,0,0,11000,0,0,0,101000,90000,11000,11000
06522P,元油2X群益9B售03,0,0,0,0,0,0,0,0,0,11000,0,0,0,11000,0,11000,11000
06575P,大立光永昌99售02,0,0,0,0,0,0,0,0,0,11000,0,0,0,11000,0,11000,11000
06381P,臺股指統一98售03,0,0,0,0,0,0,0,0,0,11000,0,0,0,13000,2000,11000,11000
3494,誠研            ,11000,0,11000,0,0,0,0,0,0,0,0,0,0,0,0,0,11000
2891B,中信金乙特      ,0,0,0,0,0,0,0,0,0,11000,11000,0,11000,0,0,0,11000
1541,錩泰            ,14000,5000,9000,0,0,0,0,0,0,2000,4000,2000,2000,0,0,0,11000
06859P,元金2X中信9C售01,0,0,0,0,0,0,0,0,0,11000,0,0,0,11000,0,11000,11000
2838A,聯邦銀甲特      ,0,0,0,0,0,0,0,0,0,11000,21000,10000,11000,0,0,0,11000
3311,閎暉            ,39001,33000,6001,0,0,0,0,0,0,4000,6000,2000,4000,0,0,0,10001
05666P,聯發科凱基96售14,0,0,0,0,0,0,0,0,0,10000,0,0,0,10000,0,10000,10000
056654,元油2X元大98購02,0,0,0,0,0,0,0,0,0,10000,0,0,0,10000,0,10000,10000
05659P,A50正2中信97售01,0,0,0,0,0,0,0,0,0,10000,0,0,0,15000,5000,10000,10000
056455,群創凱基9A購01  ,0,0,0,0,0,0,0,0,0,10000,0,0,0,10000,0,10000,10000
056479,玉晶光元大99購05,0,0,0,0,0,0,0,0,0,10000,0,0,0,29000,19000,10000,10000
056530,旺宏凱基98購06  ,0,0,0,0,0,0,0,0,0,10000,0,0,0,30000,20000,10000,10000
05623P,台積電中信96售03,0,0,0,0,0,0,0,0,0,10000,0,0,0,20000,10000,10000,10000
05626P,景碩國票97售03  ,0,0,0,0,0,0,0,0,0,10000,0,0,0,10000,0,10000,10000
056259,T50反1統一9A購01,0,0,0,0,0,0,0,0,0,10000,0,0,0,10000,0,10000,10000
055485,國巨元大97購09  ,0,0,0,0,0,0,0,0,0,10000,0,0,0,72000,62000,10000,10000
055770,欣興麥證97購01  ,0,0,0,20000,10000,10000,0,0,0,10000,0,0,0,20000,10000,10000,10000
05606P,TPK國票97售02   ,0,0,0,0,0,0,0,0,0,10000,0,0,0,10000,0,10000,10000
05597P,鴻海元富96售06  ,0,0,0,0,0,0,0,0,0,10000,0,0,0,11000,1000,10000,10000
055933,欣興群益98購02  ,0,0,0,0,0,0,0,0,0,10000,0,0,0,29000,19000,10000,10000
055883,樺漢元富97購01  ,0,0,0,0,0,0,0,0,0,10000,0,0,0,20000,10000,10000,10000
057634,道瓊反元大99購01,0,0,0,0,0,0,0,0,0,10000,0,0,0,10000,0,10000,10000
057517,矽創元富98購02  ,0,0,0,0,0,0,0,0,0,10000,0,0,0,20000,10000,10000,10000
057550,聯發科凱基02購01,0,0,0,0,0,0,0,0,0,10000,0,0,0,10000,0,10000,10000
057306,玉晶光兆豐99購01,0,0,0,0,0,0,0,0,0,10000,0,0,0,10000,0,10000,10000
05734P,臺股指統一96售04,0,0,0,0,0,0,0,0,0,10000,0,0,0,10000,0,10000,10000
057339,群創國票99購02  ,0,0,0,0,0,0,0,0,0,10000,0,0,0,10000,0,10000,10000
057368,微星元大98購02  ,0,0,0,0,0,0,0,0,0,10000,0,0,0,25000,15000,10000,10000
057422,欣興凱基98購04  ,0,0,0,0,0,0,0,0,0,10000,0,0,0,10000,0,10000,10000
057232,京元電凱基98購02,0,0,0,0,0,0,0,0,0,10000,0,0,0,40000,30000,10000,10000
057032,A50反1元大9B購01,0,0,0,0,0,0,0,0,0,10000,0,0,0,10000,0,10000,10000
057098,新光金台新98購01,0,0,0,0,0,0,0,0,0,10000,0,0,0,10000,0,10000,10000
056923,奇力新兆豐99購02,0,0,0,0,0,0,0,0,0,10000,0,0,0,70000,60000,10000,10000
056731,國巨凱基98購04  ,0,0,0,0,0,0,0,0,0,10000,0,0,0,20000,10000,10000,10000
056772,欣興元大99購01  ,0,0,0,0,0,0,0,0,0,10000,0,0,0,130000,120000,10000,10000
056764,友達元大9A購03  ,0,0,0,0,0,0,0,0,0,10000,0,0,0,23000,13000,10000,10000
03647P,京元電元富95售02,0,0,0,0,0,0,0,0,0,10000,0,0,0,10000,0,10000,10000
03945P,欣興群益94售01  ,0,0,0,0,0,0,0,0,0,10000,0,0,0,10000,0,10000,10000
03925P,大立光群益93售08,0,0,0,0,0,0,0,0,0,10000,0,0,0,10000,0,10000,10000
04138P,智邦國票93售02  ,0,0,0,0,0,0,0,0,0,10000,0,0,0,10000,0,10000,10000
04208P,臺股指元大93售48,0,0,0,0,0,0,0,0,0,10000,0,0,0,810000,800000,10000,10000
03501P,奇鋐國票03售02  ,0,0,0,0,0,0,0,0,0,10000,0,0,0,10000,0,10000,10000
03544P,鴻海群益02售07  ,0,0,0,0,0,0,0,0,0,10000,0,0,0,10000,0,10000,10000
03316P,欣興群益02售02  ,0,0,0,0,0,0,0,0,0,10000,0,0,0,10000,0,10000,10000
03276P,聯發科台新02售01,0,0,0,0,0,0,0,0,0,10000,0,0,0,10000,0,10000,10000
04104P,臺股指國票93售11,0,0,0,0,0,0,0,0,0,10000,0,0,0,10000,0,10000,10000
040744,滬深2X國票94購01,0,0,0,0,0,0,0,0,0,10000,0,0,0,10000,0,10000,10000
04218P,正文國票93售03  ,0,0,0,0,0,0,0,0,0,10000,0,0,0,10000,0,10000,10000
04276P,聯發科凱基93售33,0,0,0,0,0,0,0,0,0,10000,0,0,0,20000,10000,10000,10000
04598P,光罩凱基94售03  ,0,0,0,0,0,0,0,0,0,10000,0,0,0,50000,40000,10000,10000
045073,可成元大93購01  ,0,0,0,0,0,0,0,0,0,10000,0,0,0,12000,2000,10000,10000
044814,華邦電兆豐93購02,0,0,0,0,0,0,0,0,0,10000,0,0,0,10000,0,10000,10000
04310P,京元電統一93售03,0,0,0,0,0,0,0,0,0,10000,0,0,0,10000,0,10000,10000
04296P,技嘉元大93售01  ,0,0,0,0,0,0,0,0,0,10000,0,0,0,10000,0,10000,10000
04885P,大立光凱基94售19,0,0,0,0,0,0,0,0,0,10000,0,0,0,10000,0,10000,10000
04347P,全新群益94售01  ,0,0,0,0,0,0,0,0,0,10000,0,0,0,10000,0,10000,10000
04312P,聯茂統一93售02  ,0,0,0,0,0,0,0,0,0,10000,0,0,0,10000,0,10000,10000
049132,大成鋼元大94購01,0,0,0,0,0,0,0,0,0,10000,0,0,0,10000,0,10000,10000
049136,華通元大95購01  ,0,0,0,0,0,0,0,0,0,10000,0,0,0,19000,9000,10000,10000
048962,宏全康和94購01  ,0,0,0,0,0,0,0,0,0,10000,0,0,0,10000,0,10000,10000
047197,美律統一94購01  ,0,0,0,0,0,0,0,0,0,10000,0,0,0,10000,0,10000,10000
047219,美律麥證94購01  ,0,0,0,30000,20000,10000,0,0,0,10000,0,0,0,30000,20000,10000,10000
047342,T50反1中信99購01,0,0,0,0,0,0,0,0,0,10000,0,0,0,10000,0,10000,10000
046597,可成亞東93購01  ,0,0,0,0,0,0,0,0,0,10000,0,0,0,10000,0,10000,10000
046771,聯發科國泰94購02,0,0,0,0,0,0,0,0,0,10000,0,0,0,10000,0,10000,10000
046914,友達台新96購01  ,0,0,0,0,0,0,0,0,0,10000,0,0,0,10000,0,10000,10000
047055,旭富國票93購01  ,0,0,0,0,0,0,0,0,0,10000,0,0,0,10000,0,10000,10000
047030,日月光元大93購02,0,0,0,0,0,0,0,0,0,10000,0,0,0,10000,0,10000,10000
046980,智邦兆豐94購01  ,0,0,0,0,0,0,0,0,0,10000,0,0,0,30000,20000,10000,10000
047813,華新科凱基93購07,0,0,0,0,0,0,0,0,0,10000,0,0,0,10000,0,10000,10000
047928,禾伸堂凱基93購04,0,0,0,0,0,0,0,0,0,10000,0,0,0,10000,0,10000,10000
047939,亞德客國票93購02,0,0,0,0,0,0,0,0,0,10000,0,0,0,10000,0,10000,10000
047915,鴻海凱基93購27  ,0,0,0,0,0,0,0,0,0,10000,0,0,0,10000,0,10000,10000
048003,旭富元大93購01  ,0,0,0,0,0,0,0,0,0,10000,0,0,0,10000,0,10000,10000
048021,滬深反凱基93購02,0,0,0,0,0,0,0,0,0,10000,0,0,0,10000,0,10000,10000
048752,廣越元富95購01  ,0,0,0,0,0,0,0,0,0,10000,0,0,0,20000,10000,10000,10000
048634,華通元大94購01  ,0,0,0,0,0,0,0,0,0,10000,0,0,0,20000,10000,10000,10000
048590,貿聯兆豐94購02  ,0,0,0,0,0,0,0,0,0,10000,0,0,0,20000,10000,10000,10000
048381,T50反1國票94購03,0,0,0,0,0,0,0,0,0,10000,0,0,0,10000,0,10000,10000
048324,訊芯凱基93購03  ,0,0,0,0,0,0,0,0,0,10000,0,0,0,20000,10000,10000,10000
048467,南電康和93購01  ,0,0,0,0,0,0,0,0,0,10000,0,0,0,10000,0,10000,10000
048431,瑞昱國票94購01  ,0,0,0,0,0,0,0,0,0,10000,0,0,0,10000,0,10000,10000
048397,TPK國票94購02   ,0,0,0,0,0,0,0,0,0,10000,0,0,0,30000,20000,10000,10000
048402,聯茂兆豐95購01  ,0,0,0,0,0,0,0,0,0,10000,0,0,0,10000,0,10000,10000
048243,儒鴻兆豐94購01  ,0,0,0,0,0,0,0,0,0,10000,0,0,0,15000,5000,10000,10000
048254,深中小統一93購01,0,0,0,0,0,0,0,0,0,10000,0,0,0,20000,10000,10000,10000
051526,超眾凱基95購02  ,0,0,0,0,0,0,0,0,0,10000,0,0,0,84000,74000,10000,10000
051931,美律國票96購02  ,0,0,0,0,0,0,0,0,0,10000,0,0,0,10000,0,10000,10000
048797,美律國泰95購02  ,0,0,0,0,0,0,0,0,0,10000,0,0,0,40000,30000,10000,10000
048792,瑞儀元大94購01  ,0,0,0,0,0,0,0,0,0,10000,0,0,0,10000,0,10000,10000
052705,超眾國票97購01  ,0,0,0,0,0,0,0,0,0,10000,0,0,0,10000,0,10000,10000
05249P,臻鼎國票95售01  ,0,0,0,0,0,0,0,0,0,10000,0,0,0,10000,0,10000,10000
052662,華新科國票97購01,0,0,0,0,0,0,0,0,0,10000,0,0,0,10000,0,10000,10000
052669,群創群益98購06  ,0,0,0,0,0,0,0,0,0,10000,0,0,0,160000,150000,10000,10000
050949,亞光群益96購01  ,0,0,0,0,0,0,0,0,0,10000,0,0,0,21000,11000,10000,10000
050941,T50反1群益95購01,0,0,0,0,0,0,0,0,0,10000,0,0,0,210000,200000,10000,10000
050028,華新科元大94購03,0,0,0,0,0,0,0,0,0,10000,0,0,0,10000,0,10000,10000
050117,麗豐元大96購02  ,0,0,0,0,0,0,0,0,0,10000,0,0,0,10000,0,10000,10000
050965,揚明光永豐96購01,0,0,0,0,0,0,0,0,0,10000,0,0,0,10000,0,10000,10000
050144,宏達電台新95購01,0,0,0,0,0,0,0,0,0,10000,0,0,0,10000,0,10000,10000
050988,廣達富邦95購01  ,0,0,0,0,0,0,0,0,0,10000,0,0,0,113000,103000,10000,10000
051029,緯創元富95購01  ,0,0,0,0,0,0,0,0,0,10000,0,0,0,60000,50000,10000,10000
05074P,鴻海麥證95售01  ,0,0,0,10000,0,10000,0,0,0,10000,0,0,0,10000,0,10000,10000
050752,美律統一94購05  ,0,0,0,0,0,0,0,0,0,10000,0,0,0,35000,25000,10000,10000
052261,台泥第一95購01  ,0,0,0,0,0,0,0,0,0,10000,0,0,0,10000,0,10000,10000
04986P,茂林永豐94售05  ,0,0,0,0,0,0,0,0,0,10000,0,0,0,10000,0,10000,10000
049835,緯穎凱基94購05  ,0,0,0,0,0,0,0,0,0,10000,0,0,0,10000,0,10000,10000
05085P,鴻海日盛95售01  ,0,0,0,0,0,0,0,0,0,10000,0,0,0,290000,280000,10000,10000
051053,台光電群益95購01,0,0,0,0,0,0,0,0,0,10000,0,0,0,14000,4000,10000,10000
05108P,欣興中信95售02  ,0,0,0,0,0,0,0,0,0,10000,0,0,0,100000,90000,10000,10000
051251,信邦元大95購01  ,0,0,0,0,0,0,0,0,0,10000,0,0,0,10000,0,10000,10000
05133P,臺股指日盛95售01,0,0,0,0,0,0,0,0,0,10000,0,0,0,10000,0,10000,10000
051300,台光電凱基96購02,0,0,0,0,0,0,0,0,0,10000,0,0,0,10000,0,10000,10000
05128P,聯發科中信97售03,0,0,0,0,0,0,0,0,0,10000,0,0,0,10000,0,10000,10000
052063,臺股指國票95購10,0,0,0,0,0,0,0,0,0,10000,0,0,0,15000,5000,10000,10000
052116,T50反1國票97購01,0,0,0,0,0,0,0,0,0,10000,0,0,0,10000,0,10000,10000
052083,S&P反1元大97購02,0,0,0,0,0,0,0,0,0,10000,0,0,0,10000,0,10000,10000
052228,聯發科凱基96購06,0,0,0,0,0,0,0,0,0,10000,0,0,0,20000,10000,10000,10000
049187,義隆台新94購01  ,0,0,0,0,0,0,0,0,0,10000,0,0,0,10000,0,10000,10000
049188,可成台新94購01  ,0,0,0,0,0,0,0,0,0,10000,0,0,0,10000,0,10000,10000
050545,奇力新凱基95購01,0,0,0,0,0,0,0,0,0,10000,0,0,0,20000,10000,10000,10000
052345,矽力凱基95購01  ,0,0,0,0,0,0,0,0,0,10000,0,0,0,10000,0,10000,10000
052346,訊芯凱基95購01  ,0,0,0,0,0,0,0,0,0,10000,0,0,0,10000,0,10000,10000
050516,華通元大95購05  ,0,0,0,0,0,0,0,0,0,10000,0,0,0,12000,2000,10000,10000
05183P,台積電元富95售07,0,0,0,0,0,0,0,0,0,10000,0,0,0,10000,0,10000,10000
051933,嘉聯益國票97購03,0,0,0,0,0,0,0,0,0,10000,0,0,0,30000,20000,10000,10000
049472,楠梓電永豐95購01,0,0,0,0,0,0,0,0,0,10000,0,0,0,30000,20000,10000,10000
049769,和鑫元富96購01  ,0,0,0,0,0,0,0,0,0,10000,0,0,0,10000,0,10000,10000
049382,牧德元大94購04  ,0,0,0,0,0,0,0,0,0,10000,0,0,0,10000,0,10000,10000
049324,臺股指凱基94購06,0,0,0,0,0,0,0,0,0,10000,0,0,0,10000,0,10000,10000
049333,深中小統一94購03,0,0,0,0,0,0,0,0,0,10000,0,0,0,10000,0,10000,10000
049335,聯電統一97購01  ,0,0,0,0,0,0,0,0,0,10000,0,0,0,10000,0,10000,10000
049269,超眾元大96購02  ,0,0,0,0,0,0,0,0,0,10000,0,0,0,10000,0,10000,10000
050644,國巨凱基96購01  ,0,0,0,0,0,0,0,0,0,10000,0,0,0,10000,0,10000,10000
050702,崇越凱基94購01  ,0,0,0,0,0,0,0,0,0,10000,0,0,0,10000,0,10000,10000
050199,南電元大94購09  ,0,0,0,0,0,0,0,0,0,10000,0,0,0,162000,152000,10000,10000
050236,旺宏凱基94購06  ,0,0,0,0,0,0,0,0,0,10000,0,0,0,10000,0,10000,10000
05024P,華通國票96售01  ,0,0,0,0,0,0,0,0,0,10000,0,0,0,30000,20000,10000,10000
050292,可成凱基94購11  ,0,0,0,0,0,0,0,0,0,10000,0,0,0,68000,58000,10000,10000
051470,玉晶光日盛95購01,0,0,0,0,0,0,0,0,0,10000,0,0,0,12000,2000,10000,10000
054815,台積電元大97購14,0,0,0,0,0,0,0,0,0,10000,0,0,0,10000,0,10000,10000
054672,華新科國泰99購01,0,0,0,0,0,0,0,0,0,10000,0,0,0,20000,10000,10000,10000
054712,上証2X中信98購02,0,0,0,0,0,0,0,0,0,10000,0,0,0,10000,0,10000,10000
054557,臻鼎凱基98購01  ,0,0,0,0,0,0,0,0,0,10000,0,0,0,10000,0,10000,10000
054536,宏達電富邦97購03,0,0,0,0,0,0,0,0,0,10000,0,0,0,10000,0,10000,10000
054555,欣興凱基98購01  ,0,0,0,0,0,0,0,0,0,10000,0,0,0,178000,168000,10000,10000
05432P,國巨元富95售07  ,0,0,0,0,0,0,0,0,0,10000,0,0,0,50000,40000,10000,10000
055340,華新科日盛97購01,10000,0,10000,0,0,0,0,0,0,0,0,0,0,0,0,0,10000
055357,欣興凱基97購04  ,0,0,0,0,0,0,0,0,0,10000,0,0,0,10000,0,10000,10000
055347,台積電凱基97購10,0,0,0,0,0,0,0,0,0,10000,0,0,0,70000,60000,10000,10000
05524P,瀚宇博國票97售02,0,0,0,0,0,0,0,0,0,10000,0,0,0,10000,0,10000,10000
055371,正崴元大97購02  ,0,0,0,0,0,0,0,0,0,10000,0,0,0,20000,10000,10000,10000
055363,緯穎凱基98購03  ,0,0,0,0,0,0,0,0,0,10000,0,0,0,20000,10000,10000,10000
054909,福懋科康和97購01,0,0,0,0,0,0,0,0,0,10000,0,0,0,10000,0,10000,10000
054901,群光康和97購01  ,0,0,0,0,0,0,0,0,0,10000,0,0,0,10000,0,10000,10000
05506P,茂林凱基96售03  ,0,0,0,0,0,0,0,0,0,10000,0,0,0,10000,0,10000,10000
053460,緯穎國泰97購01  ,0,0,0,0,0,0,0,0,0,10000,0,0,0,10000,0,10000,10000
05333P,臺股指國票95售02,0,0,0,0,0,0,0,0,0,10000,0,0,0,15000,5000,10000,10000
05324P,臺股指凱基95售08,0,0,0,0,0,0,0,0,0,10000,0,0,0,10000,0,10000,10000
053085,華新科元大97購04,0,0,0,0,0,0,0,0,0,10000,0,0,0,10000,0,10000,10000
053061,GIS富邦97購01   ,0,0,0,0,0,0,0,0,0,10000,0,0,0,10000,0,10000,10000
053135,信邦國票96購01  ,0,0,0,0,0,0,0,0,0,10000,0,0,0,10000,0,10000,10000
053138,華邦電富邦96購01,0,0,0,0,0,0,0,0,0,10000,0,0,0,30000,20000,10000,10000
05286P,矽力統一95售02  ,0,0,0,0,0,0,0,0,0,10000,0,0,0,25000,15000,10000,10000
052901,台達電國票97購01,0,0,0,0,0,0,0,0,0,10000,0,0,0,49000,39000,10000,10000
052998,拓凱康和96購01  ,0,0,0,0,0,0,0,0,0,10000,0,0,0,10000,0,10000,10000
052938,華新科兆豐96購01,0,0,0,0,0,0,0,0,0,10000,0,0,0,20000,10000,10000,10000
054189,貿聯永豐96購03  ,0,0,0,0,0,0,0,0,0,10000,0,0,0,10000,0,10000,10000
054022,南亞康和96購01  ,0,0,0,0,0,0,0,0,0,10000,0,0,0,10000,0,10000,10000
05398P,康控國票96售03  ,0,0,0,0,0,0,0,0,0,10000,0,0,0,20000,10000,10000,10000
053609,華新中信9A購01  ,0,0,0,0,0,0,0,0,0,10000,0,0,0,10000,0,10000,10000
053622,臺股指群益96購08,0,0,0,0,0,0,0,0,0,10000,0,0,0,10000,0,10000,10000
053847,美律元富96購02  ,0,0,0,0,0,0,0,0,0,10000,0,0,0,20000,10000,10000,10000
053804,富邦金凱基96購01,0,0,0,0,0,0,0,0,0,10000,0,0,0,10000,0,10000,10000
053808,大成鋼群益97購01,0,0,0,0,0,0,0,0,0,10000,0,0,0,32000,22000,10000,10000
3346,麗清            ,32000,22000,10000,0,0,0,0,0,0,0,1000,1000,0,0,0,0,10000
3229,晟鈦            ,10000,0,10000,0,0,0,0,0,0,0,0,0,0,0,0,0,10000
4439,冠星-KY         ,10000,0,10000,0,0,0,0,0,0,0,0,0,0,0,0,0,10000
06908P,健策國泰99售02  ,0,0,0,0,0,0,0,0,0,10000,0,0,0,239000,229000,10000,10000
06928P,鴻海元大99售10  ,0,0,0,0,0,0,0,0,0,10000,0,0,0,11000,1000,10000,10000
1454,台富            ,17000,7000,10000,0,0,0,0,0,0,0,0,0,0,0,0,0,10000
06353P,電子類富邦99售02,0,0,0,0,0,0,0,0,0,10000,0,0,0,12000,2000,10000,10000
06431P,新日興元大97售05,0,0,0,0,0,0,0,0,0,10000,0,0,0,15000,5000,10000,10000
06432P,上銀群益98售01  ,0,0,0,0,0,0,0,0,0,10000,0,0,0,20000,10000,10000,10000
06239P,奇力新元大97售08,0,0,0,0,0,0,0,0,0,10000,0,0,0,10000,0,10000,10000
06301P,臺股指元大97售04,0,0,0,0,0,0,0,0,0,10000,0,0,0,10000,0,10000,10000
06171P,台積電統一97售06,0,0,0,0,0,0,0,0,0,10000,0,0,0,10000,0,10000,10000
06182P,群創兆豐97售03  ,0,0,0,0,0,0,0,0,0,10000,0,0,0,10000,0,10000,10000
06549P,大立光元大98售11,0,0,0,0,0,0,0,0,0,10000,0,0,0,10000,0,10000,10000
06647P,台積電元大98售13,0,0,0,0,0,0,0,0,0,10000,0,0,0,14000,4000,10000,10000
06626P,大立光統一9A售01,0,0,0,0,0,0,0,0,0,10000,0,0,0,10000,0,10000,10000
06612P,元油2X富邦9B售03,0,0,0,0,0,0,0,0,0,10000,0,0,0,260000,250000,10000,10000
06801P,技嘉群益99售02  ,0,0,0,0,0,0,0,0,0,10000,0,0,0,10000,0,10000,10000
06798P,臺股指凱基98售08,0,0,0,0,0,0,0,0,0,10000,0,0,0,10000,0,10000,10000
06688P,鴻海中信02售01  ,0,0,0,0,0,0,0,0,0,10000,0,0,0,11000,1000,10000,10000
05848P,臺股指元大96售24,0,0,0,0,0,0,0,0,0,10000,0,0,0,13000,3000,10000,10000
06037P,超眾國票98售02  ,0,0,0,0,0,0,0,0,0,10000,0,0,0,10000,0,10000,10000
06023P,超眾國票96售03  ,0,0,0,0,0,0,0,0,0,10000,0,0,0,10000,0,10000,10000
06051P,嘉聯益國票97售04,0,0,0,0,0,0,0,0,0,10000,0,0,0,30000,20000,10000,10000
05948P,茂林元大96售03  ,0,0,0,0,0,0,0,0,0,10000,0,0,0,128000,118000,10000,10000
05870P,聯發科凱基96售19,0,0,0,0,0,0,0,0,0,10000,0,0,0,10000,0,10000,10000
05874P,台積電群益96售10,0,0,0,0,0,0,0,0,0,10000,0,0,0,10000,0,10000,10000
05875P,旺宏群益98售01  ,0,0,0,0,0,0,0,0,0,10000,0,0,0,20000,10000,10000,10000
05906P,國巨元富96售05  ,0,0,0,0,0,0,0,0,0,10000,0,0,0,10000,0,10000,10000
05939P,聯發科凱基96售20,0,0,0,0,0,0,0,0,0,10000,0,0,0,10000,0,10000,10000
4104,佳醫            ,121073,115934,5139,0,0,0,4000,0,4000,0,0,0,0,0,0,0,9139
05700P,臻鼎凱基96售02  ,0,0,0,0,0,0,0,0,0,9000,0,0,0,12000,3000,9000,9000
057327,玉晶光群益9A購04,0,0,0,0,0,0,0,0,0,9000,0,0,0,56000,47000,9000,9000
057551,華新科凱基98購06,0,0,0,0,0,0,0,0,0,9000,0,0,0,20000,11000,9000,9000
055755,禾伸堂兆豐97購02,0,0,0,0,0,0,0,0,0,9000,0,0,0,9000,0,9000,9000
055709,深中小元大97購03,0,0,0,0,0,0,0,0,0,9000,0,0,0,10000,1000,9000,9000
055487,國巨元大98購07  ,0,0,0,0,0,0,0,0,0,9000,0,0,0,110000,101000,9000,9000
056204,嘉澤永豐97購01  ,0,0,0,0,0,0,0,0,0,9000,0,0,0,20000,11000,9000,9000
056171,鴻海元富97購10  ,0,0,0,0,0,0,0,0,0,9000,0,0,0,84000,75000,9000,9000
051899,欣興國泰97購01  ,0,0,0,0,0,0,0,0,0,9000,0,0,0,24000,15000,9000,9000
051665,台積電元大96購07,0,0,0,0,0,0,0,0,0,9000,0,0,0,10000,1000,9000,9000
051752,緯穎富邦96購01  ,0,0,0,0,0,0,0,0,0,9000,0,0,0,16000,7000,9000,9000
048403,聯發科群益93購10,0,0,0,0,0,0,0,0,0,9000,0,0,0,9000,0,9000,9000
048024,鴻海凱基93購29  ,0,0,0,0,0,0,0,0,0,9000,0,0,0,9000,0,9000,9000
047988,志超群益93購02  ,0,0,0,0,0,0,0,0,0,9000,0,0,0,10000,1000,9000,9000
047301,啟碁國泰94購01  ,0,0,0,0,0,0,0,0,0,9000,0,0,0,9000,0,9000,9000
050333,鴻海國泰96購06  ,0,0,0,0,0,0,0,0,0,9000,0,0,0,138000,129000,9000,9000
049352,泰鼎永豐95購01  ,0,0,0,0,0,0,0,0,0,9000,0,0,0,12000,3000,9000,9000
049364,燿華元大94購02  ,0,0,0,0,0,0,0,0,0,9000,0,0,0,9000,0,9000,9000
05221P,玉晶光元大95售04,0,0,0,0,0,0,0,0,0,9000,0,0,0,11000,2000,9000,9000
05208P,TPK中信95售01   ,0,0,0,0,0,0,0,0,0,9000,0,0,0,9000,0,9000,9000
05206P,南茂元大95售01  ,0,0,0,0,0,0,0,0,0,9000,0,0,0,9000,0,9000,9000
049837,臺股指凱基96購02,0,0,0,0,0,0,0,0,0,9000,0,0,0,10000,1000,9000,9000
052622,貿聯兆豐97購01  ,0,0,0,0,0,0,0,0,0,9000,0,0,0,210000,201000,9000,9000
050094,T50反1國泰95購01,0,0,0,0,0,0,0,0,0,9000,0,0,0,9000,0,9000,9000
053142,緯穎永豐96購01  ,0,0,0,0,0,0,0,0,0,9000,0,0,0,19000,10000,9000,9000
053363,旺宏國泰98購02  ,0,0,0,0,0,0,0,0,0,9000,0,0,0,19000,10000,9000,9000
05442P,鴻海元大96售13  ,0,0,0,0,0,0,0,0,0,9000,0,0,0,93000,84000,9000,9000
054468,台郡凱基98購01  ,0,0,0,0,0,0,0,0,0,9000,0,0,0,10000,1000,9000,9000
05467P,聯電元大95售02  ,0,0,0,0,0,0,0,0,0,9000,0,0,0,9000,0,9000,9000
9906,欣巴巴          ,11000,1000,10000,0,0,0,0,0,0,-1000,0,1000,-1000,0,0,0,9000
8480,泰昇-KY         ,20000,11000,9000,0,0,0,0,0,0,0,0,0,0,0,0,0,9000
1465,偉全            ,9000,0,9000,0,0,0,0,0,0,0,0,0,0,0,0,0,9000
1234,黑松            ,23000,21000,2000,0,0,0,0,0,0,7000,10000,3000,7000,0,0,0,9000
2739,寒舍            ,9000,0,9000,0,0,0,0,0,0,0,0,0,0,0,0,0,9000
2613,中櫃            ,6000,1000,5000,0,0,0,0,0,0,4000,4000,0,4000,0,0,0,9000
2506,太設            ,1000,4000,-3000,0,0,0,0,0,0,12000,12000,0,12000,0,0,0,9000
05945P,聯詠中信96售01  ,0,0,0,0,0,0,0,0,0,9000,0,0,0,10000,1000,9000,9000
05985P,燿華統一96售03  ,0,0,0,0,0,0,0,0,0,9000,0,0,0,11000,2000,9000,9000
05998P,台積電元大97售12,0,0,0,0,0,0,0,0,0,9000,0,0,0,9000,0,9000,9000
06763P,技嘉元大98售05  ,0,0,0,0,0,0,0,0,0,9000,0,0,0,9000,0,9000,9000
06779P,智邦元大98售12  ,0,0,0,0,0,0,0,0,0,9000,0,0,0,9000,0,9000,9000
06821P,臺股指元富98售10,0,0,0,0,0,0,0,0,0,9000,0,0,0,94000,85000,9000,9000
06545P,致茂元大98售01  ,0,0,0,0,0,0,0,0,0,9000,0,0,0,12000,3000,9000,9000
06188P,大立光元富97售01,0,0,0,0,0,0,0,0,0,9000,0,0,0,14000,5000,9000,9000
2109,華豐            ,157001,152000,5001,0,0,0,0,0,0,3000,4000,1000,3000,0,0,0,8001
1524,耿鼎            ,10001,5000,5001,0,0,0,0,0,0,3000,3000,0,3000,0,0,0,8001
056502,A50正2永豐98購01,0,0,0,0,0,0,0,0,0,8000,0,0,0,22000,14000,8000,8000
056681,鴻海統一98購09  ,0,0,0,0,0,0,0,0,0,8000,0,0,0,8000,0,8000,8000
055739,健鼎元富97購01  ,0,0,0,0,0,0,0,0,0,8000,0,0,0,95000,87000,8000,8000
055773,瑞昱凱基97購03  ,0,0,0,0,0,0,0,0,0,8000,0,0,0,15000,7000,8000,8000
055692,緯穎凱基97購03  ,0,0,0,0,0,0,0,0,0,8000,0,0,0,11000,3000,8000,8000
057448,致茂元富98購01  ,0,0,0,0,0,0,0,0,0,8000,0,0,0,68000,60000,8000,8000
047895,台積電群益94購04,0,0,0,0,0,0,0,0,0,8000,0,0,0,59000,51000,8000,8000
04832P,為升元大94售09  ,0,0,0,0,0,0,0,0,0,8000,0,0,0,8000,0,8000,8000
04864P,欣興元大94售10  ,0,0,0,0,0,0,0,0,0,8000,0,0,0,8000,0,8000,8000
051766,泰鼎元大95購02  ,0,0,0,0,0,0,0,0,0,8000,0,0,0,8000,0,8000,8000
04325P,創意元大93售06  ,0,0,0,0,0,0,0,0,0,8000,0,0,0,8000,0,8000,8000
043324,緯穎統一93購01  ,0,0,0,0,0,0,0,0,0,8000,0,0,0,8000,0,8000,8000
04450P,京元電凱基94售01,0,0,0,0,0,0,0,0,0,8000,0,0,0,10000,2000,8000,8000
037536,道瓊反元富93購01,0,0,0,0,0,0,0,0,0,8000,0,0,0,8000,0,8000,8000
045228,泰鼎元大93購01  ,0,0,0,0,0,0,0,0,0,8000,0,0,0,8000,0,8000,8000
04517P,宏達電群益95售01,0,0,0,0,0,0,0,0,0,8000,0,0,0,23000,15000,8000,8000
050158,上海銀群益96購01,0,0,0,0,0,0,0,0,0,8000,0,0,0,11000,3000,8000,8000
050014,國巨富邦98購01  ,0,0,0,0,0,0,0,0,0,8000,0,0,0,14000,6000,8000,8000
052627,中壽中信98購01  ,0,0,0,0,0,0,0,0,0,8000,0,0,0,18000,10000,8000,8000
051009,緯創麥證95購01  ,0,0,0,8000,0,8000,0,0,0,8000,0,0,0,8000,0,8000,8000
051368,國泰金富邦97購01,0,0,0,0,0,0,0,0,0,8000,0,0,0,8000,0,8000,8000
050896,華新科元大96購02,0,0,0,0,0,0,0,0,0,8000,0,0,0,10000,2000,8000,8000
051834,南電元大96購02  ,0,0,0,0,0,0,0,0,0,8000,0,0,0,11000,3000,8000,8000
050414,泰鼎永豐94購04  ,0,0,0,0,0,0,0,0,0,8000,0,0,0,8000,0,8000,8000
05435P,鴻海群益95售12  ,0,0,0,0,0,0,0,0,0,8000,0,0,0,8000,0,8000,8000
055072,康友永豐97購02  ,0,0,0,0,0,0,0,0,0,8000,0,0,0,8000,0,8000,8000
05513P,玉山金台新96售01,0,0,0,0,0,0,0,0,0,8000,0,0,0,8000,0,8000,8000
055384,緯穎元大98購02  ,0,0,0,0,0,0,0,0,0,8000,0,0,0,8000,0,8000,8000
053230,達方台新97購01  ,0,0,0,0,0,0,0,0,0,8000,0,0,0,76000,68000,8000,8000
053162,緯穎元大97購01  ,0,0,0,0,0,0,0,0,0,8000,0,0,0,8000,0,8000,8000
053861,台光電元大98購01,0,0,0,0,0,0,0,0,0,8000,0,0,0,13000,5000,8000,8000
054059,欣興國票97購03  ,0,0,0,0,0,0,0,0,0,8000,0,0,0,10000,2000,8000,8000
1459,聯發            ,8000,0,8000,0,0,0,0,0,0,0,0,0,0,0,0,0,8000
1410,南染            ,8000,0,8000,0,0,0,0,0,0,0,0,0,0,0,0,0,8000
06939P,國巨永豐98售09  ,0,0,0,0,0,0,0,0,0,8000,0,0,0,16000,8000,8000,8000
2433,互盛電          ,28000,20000,8000,0,0,0,0,0,0,0,0,0,0,0,0,0,8000
2497,怡利電          ,8000,1000,7000,0,0,0,0,0,0,1000,1000,0,1000,0,0,0,8000
8940,新天地          ,7000,0,7000,0,0,0,0,0,0,1000,1000,0,1000,0,0,0,8000
3164,景岳            ,57000,41000,16000,0,0,0,0,0,0,-8000,3000,11000,-8000,0,0,0,8000
3501,維熹            ,61000,51000,10000,0,0,0,0,2000,-2000,0,0,0,0,0,0,0,8000
3593,力銘            ,8000,0,8000,0,0,0,0,0,0,0,0,0,0,0,0,0,8000
3563,牧德            ,303000,177000,126000,0,0,0,0,161000,-161000,43000,0,0,0,55000,12000,43000,8000
06616P,國巨元大98售15  ,0,0,0,0,0,0,0,0,0,8000,0,0,0,53000,45000,8000,8000
06853P,華擎元富98售03  ,0,0,0,0,0,0,0,0,0,8000,0,0,0,28000,20000,8000,8000
06054P,臺股指中信9A售01,0,0,0,0,0,0,0,0,0,8000,0,0,0,10000,2000,8000,8000
06143P,鴻海永豐97售02  ,0,0,0,0,0,0,0,0,0,8000,0,0,0,20000,12000,8000,8000
05857P,旺宏中信98售02  ,0,0,0,0,0,0,0,0,0,8000,0,0,0,23000,15000,8000,8000
05810P,臺股指國票96售03,0,0,0,0,0,0,0,0,0,8000,0,0,0,8000,0,8000,8000
057880,金融類元大99購02,0,0,0,0,0,0,0,0,0,8000,0,0,0,8000,0,8000,8000
057325,可成群益9A購01  ,0,0,0,0,0,0,0,0,0,7000,0,0,0,45000,38000,7000,7000
05732P,臺股指統一96售02,0,0,0,0,0,0,0,0,0,7000,0,0,0,7000,0,7000,7000
057566,欣興富邦99購01  ,0,0,0,0,0,0,0,0,0,7000,0,0,0,30000,23000,7000,7000
057501,超眾群益98購04  ,0,0,0,0,0,0,0,0,0,7000,0,0,0,35000,28000,7000,7000
057242,台郡凱基98購05  ,0,0,0,0,0,0,0,0,0,7000,0,0,0,7000,0,7000,7000
056784,南亞科群益98購01,0,0,0,0,0,0,0,0,0,7000,0,0,0,41000,34000,7000,7000
055500,京鼎元大97購04  ,0,0,0,0,0,0,0,0,0,7000,0,0,0,50000,43000,7000,7000
055907,台虹兆豐98購01  ,0,0,0,0,0,0,0,0,0,7000,0,0,0,182000,175000,7000,7000
055953,上銀元大97購09  ,0,0,0,0,0,0,0,0,0,7000,0,0,0,81000,74000,7000,7000
055810,T50反1國票99購01,0,0,0,0,0,0,0,0,0,7000,0,0,0,7000,0,7000,7000
056055,國巨元大97購15  ,0,0,0,0,0,0,0,0,0,7000,0,0,0,32000,25000,7000,7000
056276,同欣電國泰98購01,0,0,0,0,0,0,0,0,0,7000,0,0,0,98000,91000,7000,7000
044290,群創凱基93購05  ,0,0,0,0,0,0,0,0,0,7000,0,0,0,7000,0,7000,7000
01002T,土銀國泰R1      ,7000,0,7000,0,0,0,0,0,0,0,0,0,0,0,0,0,7000
00666R,富邦恒生國企反1 ,1000,0,1000,0,0,0,0,0,0,6000,0,0,0,86000,80000,6000,7000
04380P,欣興元大94售02  ,0,0,0,0,0,0,0,0,0,7000,0,0,0,32000,25000,7000,7000
048928,華新科永豐94購02,0,0,0,0,0,0,0,0,0,7000,0,0,0,81000,74000,7000,7000
047942,華新科國票94購04,0,0,0,0,0,0,0,0,0,7000,0,0,0,10000,3000,7000,7000
04948P,瑞儀元大94售03  ,0,0,0,0,0,0,0,0,0,7000,0,0,0,7000,0,7000,7000
05093P,可成元大95售03  ,0,0,0,0,0,0,0,0,0,7000,0,0,0,8000,1000,7000,7000
05121P,創意國泰96售01  ,0,0,0,0,0,0,0,0,0,7000,0,0,0,12000,5000,7000,7000
051164,鴻海元大95購05  ,0,0,0,0,0,0,0,0,0,7000,0,0,0,7000,0,7000,7000
050876,復盛永豐95購01  ,0,0,0,0,0,0,0,0,0,7000,0,0,0,64000,57000,7000,7000
052424,泰碩國票97購01  ,0,0,0,0,0,0,0,0,0,7000,0,0,0,10000,3000,7000,7000
052772,台虹群益96購01  ,0,0,0,0,0,0,0,0,0,7000,0,0,0,199000,192000,7000,7000
053944,亞泥富邦97購01  ,0,0,0,0,0,0,0,0,0,7000,0,0,0,20000,13000,7000,7000
053165,大立光群益96購03,0,0,0,0,0,0,0,0,0,7000,0,0,0,25000,18000,7000,7000
053452,臺股指凱基97購01,0,0,0,0,0,0,0,0,0,7000,0,0,0,7000,0,7000,7000
054234,可成群益96購05  ,0,0,0,0,0,0,0,0,0,7000,0,0,0,33000,26000,7000,7000
054654,全新麥證99購01  ,0,0,0,30000,23000,7000,0,0,0,7000,0,0,0,30000,23000,7000,7000
05793P,臺股指中信99售08,0,0,0,0,0,0,0,0,0,7000,0,0,0,7000,0,7000,7000
05871P,全新凱基96售04  ,0,0,0,0,0,0,0,0,0,7000,0,0,0,7000,0,7000,7000
06187P,國巨統一97售05  ,0,0,0,0,0,0,0,0,0,7000,0,0,0,186000,179000,7000,7000
06161P,聯發科群益97售03,0,0,0,0,0,0,0,0,0,7000,0,0,0,10000,3000,7000,7000
2887E,台新戊特        ,0,0,0,0,0,0,0,0,0,7000,7000,0,7000,0,0,0,7000
5284,jpp-KY          ,7000,0,7000,0,0,0,0,0,0,0,0,0,0,0,0,0,7000
8467,波力-KY         ,6000,0,6000,0,0,0,0,0,0,1000,1000,0,1000,0,0,0,7000
2597,潤弘            ,9000,4000,5000,0,0,0,0,0,0,2000,2000,0,2000,0,0,0,7000
1307,三芳            ,9000,16000,-7000,0,0,0,0,0,0,14000,14000,0,14000,0,0,0,7000
1537,廣隆            ,79000,73000,6000,0,0,0,0,0,0,1000,1000,0,1000,0,0,0,7000
1618,合機            ,29000,32000,-3000,0,0,0,0,0,0,10000,12000,2000,10000,0,0,0,7000
1726,永記            ,7000,3000,4000,0,0,0,0,0,0,3000,3000,0,3000,0,0,0,7000
056220,上証2X凱基99購01,0,0,0,0,0,0,0,0,0,6000,0,0,0,6000,0,6000,6000
056425,聯發科日盛9A購01,0,0,0,0,0,0,0,0,0,6000,0,0,0,23000,17000,6000,6000
055984,大立光元富97購02,0,0,0,0,0,0,0,0,0,6000,0,0,0,6000,0,6000,6000
055863,緯穎元大97購05  ,0,0,0,0,0,0,0,0,0,6000,0,0,0,317000,311000,6000,6000
05562P,鴻海元大96售16  ,0,0,0,0,0,0,0,0,0,6000,0,0,0,16000,10000,6000,6000
056715,瀚宇博永豐98購01,0,0,0,0,0,0,0,0,0,6000,0,0,0,146000,140000,6000,6000
057068,國巨永豐98購06  ,0,0,0,0,0,0,0,0,0,6000,0,0,0,10000,4000,6000,6000
048125,和鑫元大96購01  ,0,0,0,0,0,0,0,0,0,6000,0,0,0,6000,0,6000,6000
047177,上銀元大93購05  ,0,0,0,0,0,0,0,0,0,6000,0,0,0,6000,0,6000,6000
04670P,臺股指國票94售09,0,0,0,0,0,0,0,0,0,6000,0,0,0,350000,344000,6000,6000
04878P,國巨康和94售02  ,0,0,0,0,0,0,0,0,0,6000,0,0,0,6000,0,6000,6000
048778,聯茂凱基94購04  ,0,0,0,0,0,0,0,0,0,6000,0,0,0,119000,113000,6000,6000
04338P,亞光元大93售04  ,0,0,0,0,0,0,0,0,0,6000,0,0,0,6000,0,6000,6000
04270P,台光電國票93售03,0,0,0,0,0,0,0,0,0,6000,0,0,0,6000,0,6000,6000
04256P,美律國票93售03  ,0,0,0,0,0,0,0,0,0,6000,0,0,0,6000,0,6000,6000
036084,台灣50台新98購01,0,0,0,0,0,0,0,0,0,6000,0,0,0,6000,0,6000,6000
04403P,景碩國票95售01  ,0,0,0,0,0,0,0,0,0,6000,0,0,0,46000,40000,6000,6000
051361,泰鼎元大95購01  ,0,0,0,0,0,0,0,0,0,6000,0,0,0,11000,5000,6000,6000
049491,聯發科元大95購01,0,0,0,0,0,0,0,0,0,6000,0,0,0,466000,460000,6000,6000
05066P,康控元大95售03  ,0,0,0,0,0,0,0,0,0,6000,0,0,0,6000,0,6000,6000
052374,瑞昱元大95購02  ,0,0,0,0,0,0,0,0,0,6000,0,0,0,57000,51000,6000,6000
051438,喬山元大95購03  ,0,0,0,0,0,0,0,0,0,6000,0,0,0,75000,69000,6000,6000
05207P,高股息中信97售03,0,0,0,0,0,0,0,0,0,6000,0,0,0,6000,0,6000,6000
05223P,臻鼎凱基95售02  ,0,0,0,0,0,0,0,0,0,6000,0,0,0,6000,0,6000,6000
05220P,台積電元大95售16,0,0,0,0,0,0,0,0,0,6000,0,0,0,6000,0,6000,6000
05469P,台積電元大95售24,0,0,0,0,0,0,0,0,0,6000,0,0,0,606000,600000,6000,6000
054281,世芯群益97購01  ,0,0,0,0,0,0,0,0,0,6000,0,0,0,178000,172000,6000,6000
05502P,台表科國票97售01,0,0,0,0,0,0,0,0,0,6000,0,0,0,11000,5000,6000,6000
053399,創意中信96購01  ,0,0,0,0,0,0,0,0,0,6000,0,0,0,6000,0,6000,6000
053788,泰鼎元大97購01  ,0,0,0,0,0,0,0,0,0,6000,0,0,0,14000,8000,6000,6000
1587,吉茂            ,8000,2000,6000,0,0,0,0,0,0,0,1000,1000,0,0,0,0,6000
1507,永大            ,67000,61000,6000,0,0,0,0,0,0,0,0,0,0,0,0,0,6000
1456,怡華            ,7000,0,7000,0,0,0,0,0,0,-1000,2000,3000,-1000,0,0,0,6000
1463,強盛            ,35000,29000,6000,0,0,0,0,0,0,0,0,0,0,0,0,0,6000
06932P,大立光元大98售21,0,0,0,0,0,0,0,0,0,6000,0,0,0,6000,0,6000,6000
06885P,國巨國票99售06  ,0,0,0,0,0,0,0,0,0,6000,0,0,0,7000,1000,6000,6000
2460,建通            ,4000,3000,1000,0,0,0,0,0,0,5000,9000,4000,5000,0,0,0,6000
2002A,中鋼特          ,0,0,0,0,0,0,0,0,0,6000,8000,2000,6000,0,0,0,6000
8072,陞泰            ,7000,0,7000,0,0,0,0,0,0,-1000,0,1000,-1000,0,0,0,6000
4148,全宇生技-KY     ,12000,6000,6000,0,0,0,0,0,0,0,2000,2000,0,0,0,0,6000
3528,安馳            ,10000,4000,6000,0,0,0,0,0,0,0,0,0,0,0,0,0,6000
06184P,大立光元大97售06,0,0,0,0,0,0,0,0,0,6000,0,0,0,10000,4000,6000,6000
06255P,臺股指群益97售08,0,0,0,0,0,0,0,0,0,6000,0,0,0,11000,5000,6000,6000
06368P,台積電凱基97售15,0,0,0,0,0,0,0,0,0,6000,0,0,0,6000,0,6000,6000
06777P,鴻海元大99售06  ,0,0,0,0,0,0,0,0,0,6000,0,0,0,105000,99000,6000,6000
06753P,智邦富邦98售03  ,0,0,0,0,0,0,0,0,0,6000,0,0,0,12000,6000,6000,6000
06651P,華新科元大99售09,0,0,0,0,0,0,0,0,0,6000,0,0,0,15000,9000,6000,6000
06666P,台積電日盛9A售02,0,0,0,0,0,0,0,0,0,6000,0,0,0,131000,125000,6000,6000
06645P,上銀元大98售05  ,0,0,0,0,0,0,0,0,0,6000,0,0,0,114000,108000,6000,6000
06602P,國巨統一99售02  ,0,0,0,0,0,0,0,0,0,6000,0,0,0,39000,33000,6000,6000
05950P,台積電國票97售04,0,0,0,0,0,0,0,0,0,6000,0,0,0,6000,0,6000,6000
058008,禾伸堂國票99購02,0,0,0,0,0,0,0,0,0,6000,0,0,0,22000,16000,6000,6000
4532,瑞智            ,145000,146850,-1850,0,0,0,0,0,0,7000,7000,0,7000,0,0,0,5150
057083,立積統一98購01  ,0,0,0,0,0,0,0,0,0,5000,0,0,0,272000,267000,5000,5000
05717P,鴻海元大97售07  ,0,0,0,0,0,0,0,0,0,5000,0,0,0,5000,0,5000,5000
05691P,聯發科中信98售01,0,0,0,0,0,0,0,0,0,5000,0,0,0,10000,5000,5000,5000
056904,大立光元大99購05,0,0,0,0,0,0,0,0,0,5000,0,0,0,5000,0,5000,5000
05750P,臺股指群益99售04,0,0,0,0,0,0,0,0,0,5000,0,0,0,5000,0,5000,5000
057478,智邦元大99購01  ,0,0,0,0,0,0,0,0,0,5000,0,0,0,168000,163000,5000,5000
057703,矽力群益98購01  ,0,0,0,0,0,0,0,0,0,5000,0,0,0,54000,49000,5000,5000
055621,國巨國泰98購03  ,0,0,0,0,0,0,0,0,0,5000,0,0,0,18000,13000,5000,5000
055603,超眾元大97購04  ,0,0,0,0,0,0,0,0,0,5000,0,0,0,5000,0,5000,5000
055661,亞德客中信98購01,0,0,0,0,0,0,0,0,0,5000,0,0,0,5000,0,5000,5000
055829,上銀元大97購06  ,0,0,0,0,0,0,0,0,0,5000,0,0,0,66000,61000,5000,5000
055936,彩晶群益98購02  ,0,0,0,0,0,0,0,0,0,5000,0,0,0,5000,0,5000,5000
056691,元油2X群益9B購01,0,0,0,0,0,0,0,0,0,5000,0,0,0,92000,87000,5000,5000
05625P,國巨國票97售01  ,0,0,0,0,0,0,0,0,0,5000,0,0,0,25000,20000,5000,5000
04554P,可成中信94售01  ,0,0,0,0,0,0,0,0,0,5000,0,0,0,30000,25000,5000,5000
04518P,高鐵群益95售01  ,0,0,0,0,0,0,0,0,0,5000,0,0,0,5000,0,5000,5000
03648C,T50反1元大96牛07,0,0,0,0,0,0,0,0,0,5000,0,0,0,5000,0,5000,5000
03892P,元油2X中信95售01,0,0,0,0,0,0,0,0,0,5000,90000,0,90000,25000,110000,-85000,5000
03553P,可成元富08售03  ,0,0,0,0,0,0,0,0,0,5000,0,0,0,5000,0,5000,5000
03257P,聯電永豐02售01  ,0,0,0,0,0,0,0,0,0,5000,0,0,0,5000,0,5000,5000
0051,元大中型100     ,3000,4000,-1000,0,0,0,0,0,0,6000,0,0,0,14000,8000,6000,5000
00625K,富邦上証+R      ,0,0,0,0,0,0,0,0,0,5000,0,0,0,58000,53000,5000,5000
04241P,欣興國泰95售02  ,0,0,0,0,0,0,0,0,0,5000,0,0,0,86000,81000,5000,5000
04622P,臺股指統一94售01,0,0,0,0,0,0,0,0,0,5000,0,0,0,5000,0,5000,5000
04607P,A50中信94售01   ,0,0,0,0,0,0,0,0,0,5000,0,0,0,20000,15000,5000,5000
04611P,元油2X群益98售02,0,0,0,0,0,0,0,0,0,5000,10000,0,10000,5000,10000,-5000,5000
044364,超眾中信94購01  ,0,0,0,0,0,0,0,0,0,5000,0,0,0,5000,0,5000,5000
04592P,台積電元大94售10,0,0,0,0,0,0,0,0,0,5000,0,0,0,111000,106000,5000,5000
04394P,臻鼎凱基94售01  ,0,0,0,0,0,0,0,0,0,5000,0,0,0,5000,0,5000,5000
049143,智邦元大94購02  ,0,0,0,0,0,0,0,0,0,5000,0,0,0,50000,45000,5000,5000
04877P,聯發科麥證94售04,0,0,0,15000,10000,5000,0,0,0,5000,0,0,0,15000,10000,5000,5000
04874P,高股息中信97售01,0,0,0,0,0,0,0,0,0,5000,0,0,0,5000,0,5000,5000
04847P,聯發科凱基94售17,0,0,0,0,0,0,0,0,0,5000,0,0,0,5000,0,5000,5000
04842P,群創元大96售02  ,0,0,0,0,0,0,0,0,0,5000,0,0,0,5000,0,5000,5000
048443,旺宏凱基93購08  ,0,0,0,0,0,0,0,0,0,5000,0,0,0,5000,0,5000,5000
048211,大立光日盛93購01,0,0,0,0,0,0,0,0,0,5000,0,0,0,5000,0,5000,5000
048206,臺股指元大93購40,0,0,0,0,0,0,0,0,0,5000,0,0,0,697000,692000,5000,5000
047086,群創統一93購03  ,0,0,0,0,0,0,0,0,0,5000,0,0,0,5000,0,5000,5000
04750P,臺股指元大94售26,0,0,0,0,0,0,0,0,0,5000,0,0,0,5000,0,5000,5000
048140,T50反1統一93購05,0,0,0,0,0,0,0,0,0,5000,0,0,0,5000,0,5000,5000
046390,旺宏統一94購02  ,0,0,0,0,0,0,0,0,0,5000,0,0,0,15000,10000,5000,5000
04909P,鴻海統一94售10  ,0,0,0,0,0,0,0,0,0,5000,0,0,0,21000,16000,5000,5000
052155,百和台新95購01  ,0,0,0,0,0,0,0,0,0,5000,0,0,0,5000,0,5000,5000
052068,瑞儀兆豐96購01  ,0,0,0,0,0,0,0,0,0,5000,0,0,0,15000,10000,5000,5000
052078,大立光元富95購10,0,0,0,0,0,0,0,0,0,5000,0,0,0,15000,10000,5000,5000
052040,臺股指永昌95購01,0,0,0,0,0,0,0,0,0,5000,0,0,0,5000,0,5000,5000
05200P,臺股指永豐95售03,0,0,0,0,0,0,0,0,0,5000,0,0,0,5000,0,5000,5000
051453,智伸科元大95購02,0,0,0,0,0,0,0,0,0,5000,0,0,0,5000,0,5000,5000
049597,泰鼎元大96購01  ,0,0,0,0,0,0,0,0,0,5000,0,0,0,7000,2000,5000,5000
050726,可成國票96購01  ,0,0,0,0,0,0,0,0,0,5000,0,0,0,5000,0,5000,5000
050190,麗豐元大95購02  ,0,0,0,0,0,0,0,0,0,5000,0,0,0,5000,0,5000,5000
051471,國巨凱基97購01  ,0,0,0,0,0,0,0,0,0,5000,0,0,0,5000,0,5000,5000
05146P,鴻海元大95售10  ,0,0,0,0,0,0,0,0,0,5000,0,0,0,65000,60000,5000,5000
05043P,佳世達元富95售01,0,0,0,0,0,0,0,0,0,5000,0,0,0,5000,0,5000,5000
050577,美律國票94購03  ,0,0,0,0,0,0,0,0,0,5000,0,0,0,5000,0,5000,5000
049980,奇力新凱基94購04,0,0,0,0,0,0,0,0,0,5000,0,0,0,11000,6000,5000,5000
051242,台積電元大96購06,0,0,0,0,0,0,0,0,0,5000,0,0,0,30000,25000,5000,5000
051233,力成群益97購01  ,0,0,0,0,0,0,0,0,0,5000,0,0,0,55000,50000,5000,5000
051309,卜蜂麥證95購01  ,0,0,0,5000,0,5000,0,0,0,5000,0,0,0,5000,0,5000,5000
052333,嘉聯益兆豐96購01,0,0,0,0,0,0,0,0,0,5000,0,0,0,10000,5000,5000,5000
052540,華新科統一95購03,0,0,0,0,0,0,0,0,0,5000,0,0,0,5000,0,5000,5000
05150P,玉晶光第一95售01,0,0,0,0,0,0,0,0,0,5000,0,0,0,5000,0,5000,5000
05406P,台光電凱基95售02,0,0,0,0,0,0,0,0,0,5000,0,0,0,5000,0,5000,5000
054221,華新科統一96購05,0,0,0,0,0,0,0,0,0,5000,0,0,0,5000,0,5000,5000
054161,友訊凱基98購01  ,0,0,0,0,0,0,0,0,0,5000,0,0,0,7000,2000,5000,5000
053447,京鼎凱基96購03  ,0,0,0,0,0,0,0,0,0,5000,0,0,0,5000,0,5000,5000
053314,A50正2群益9A購01,0,0,0,0,0,0,0,0,0,5000,0,0,0,10000,5000,5000,5000
053290,元油反中信97購01,0,0,0,0,0,0,0,0,0,5000,0,0,0,30000,25000,5000,5000
053049,T50反1國票98購01,0,0,0,0,0,0,0,0,0,5000,0,0,0,5000,0,5000,5000
053081,上銀元大97購02  ,0,0,0,0,0,0,0,0,0,5000,0,0,0,61000,56000,5000,5000
052984,漢唐元大96購01  ,0,0,0,0,0,0,0,0,0,5000,0,0,0,28000,23000,5000,5000
052906,緯創國票97購01  ,0,0,0,0,0,0,0,0,0,5000,0,0,0,45000,40000,5000,5000
054973,台郡元大98購02  ,0,0,0,0,0,0,0,0,0,5000,0,0,0,5000,0,5000,5000
055156,華新科元大99購02,0,0,0,0,0,0,0,0,0,5000,0,0,0,5000,0,5000,5000
054223,大立光統一98購04,0,0,0,0,0,0,0,0,0,5000,0,0,0,5000,0,5000,5000
05451P,臺股指元大95售28,0,0,0,0,0,0,0,0,0,5000,0,0,0,5000,0,5000,5000
054809,大成鋼元大97購01,0,0,0,0,0,0,0,0,0,5000,0,0,0,11000,6000,5000,5000
054744,晶相光凱基99購01,0,0,0,0,0,0,0,0,0,5000,0,0,0,115000,110000,5000,5000
4562,穎漢            ,6000,1000,5000,0,0,0,0,0,0,0,0,0,0,0,0,0,5000
4557,永新-KY         ,5000,0,5000,0,0,0,0,0,0,0,0,0,0,0,0,0,5000
2897A,王道銀甲特      ,0,0,0,0,0,0,0,0,0,5000,5000,0,5000,0,0,0,5000
2923,鼎固-KY         ,9000,4000,5000,0,0,0,0,0,0,0,0,0,0,0,0,0,5000
3054,立萬利          ,3000,2000,1000,0,0,0,0,0,0,4000,4000,0,4000,0,0,0,5000
2397,友通            ,14000,8000,6000,0,0,0,0,0,0,-1000,1000,2000,-1000,0,0,0,5000
2348,海悅            ,52000,52000,0,0,0,0,0,0,0,5000,5000,0,5000,0,0,0,5000
2483,百容            ,11000,6000,5000,0,0,0,0,0,0,0,0,0,0,0,0,0,5000
058005,茂林群益98購04  ,0,0,0,0,0,0,0,0,0,5000,0,0,0,63000,58000,5000,5000
05798P,臺股指群益96售12,0,0,0,0,0,0,0,0,0,5000,0,0,0,5000,0,5000,5000
057963,緯穎元大98購08  ,0,0,0,0,0,0,0,0,0,5000,0,0,0,7000,2000,5000,5000
058056,FBVIX元富98購01 ,0,0,0,0,0,0,0,0,0,5000,0,0,0,5000,0,5000,5000
05855P,滬深2X中信9C售01,0,0,0,0,0,0,0,0,0,5000,0,0,0,5000,0,5000,5000
05820P,臺股指凱基96售17,0,0,0,0,0,0,0,0,0,5000,0,0,0,5000,0,5000,5000
05951P,台積電國票97售05,0,0,0,0,0,0,0,0,0,5000,0,0,0,5000,0,5000,5000
06049P,創意亞東97售01  ,0,0,0,0,0,0,0,0,0,5000,0,0,0,7000,2000,5000,5000
06069P,台積電永豐97售01,0,0,0,0,0,0,0,0,0,5000,0,0,0,5000,0,5000,5000
06076P,大立光凱基98售03,0,0,0,0,0,0,0,0,0,5000,0,0,0,11000,6000,5000,5000
06538P,國巨凱基98售11  ,0,0,0,0,0,0,0,0,0,5000,0,0,0,16000,11000,5000,5000
06544P,鴻海元大98售09  ,0,0,0,0,0,0,0,0,0,5000,0,0,0,226000,221000,5000,5000
06778P,台積電元大99售06,0,0,0,0,0,0,0,0,0,5000,0,0,0,502000,497000,5000,5000
06771P,台灣50中信02售01,0,0,0,0,0,0,0,0,0,5000,0,0,0,75000,70000,5000,5000
06399P,台表科凱基97售05,0,0,0,0,0,0,0,0,0,5000,0,0,0,9000,4000,5000,5000
06438P,玉晶光國票99售02,0,0,0,0,0,0,0,0,0,5000,0,0,0,5000,0,5000,5000
06281P,臺股指凱基97售13,0,0,0,0,0,0,0,0,0,5000,0,0,0,5000,0,5000,5000
056365,欣興元大98購01  ,0,0,0,0,0,0,0,0,0,4000,0,0,0,19000,15000,4000,4000
05565P,鎧勝元大96售01  ,0,0,0,0,0,0,0,0,0,4000,0,0,0,4000,0,4000,4000
05775P,台積電國泰98售02,0,0,0,0,0,0,0,0,0,4000,0,0,0,7000,3000,4000,4000
05776P,鴻海統一98售02  ,0,0,0,0,0,0,0,0,0,4000,0,0,0,4000,0,4000,4000
056776,聯茂元大99購01  ,0,0,0,0,0,0,0,0,0,4000,0,0,0,43000,39000,4000,4000
057291,國巨國泰9A購01  ,0,0,0,0,0,0,0,0,0,4000,0,0,0,27000,23000,4000,4000
04911P,美律元富94售02  ,0,0,0,0,0,0,0,0,0,4000,0,0,0,10000,6000,4000,4000
047434,台積電元大93購21,0,0,0,0,0,0,0,0,0,4000,0,0,0,44000,40000,4000,4000
04709P,台積電元大94售15,0,0,0,0,0,0,0,0,0,4000,0,0,0,4000,0,4000,4000
046831,大立光群益94購01,0,0,0,0,0,0,0,0,0,4000,0,0,0,4000,0,4000,4000
048766,禾伸堂凱基94購01,0,0,0,0,0,0,0,0,0,4000,0,0,0,10000,6000,4000,4000
051774,聯茂中信96購01  ,0,0,0,0,0,0,0,0,0,4000,0,0,0,198000,194000,4000,4000
051744,嘉聯益國票97購01,0,0,0,0,0,0,0,0,0,4000,0,0,0,10000,6000,4000,4000
051695,元金2X中信98購01,0,0,0,0,0,0,0,0,0,4000,0,0,0,4000,0,4000,4000
051671,和鑫元大96購02  ,0,0,0,0,0,0,0,0,0,4000,0,0,0,4000,0,4000,4000
051618,智邦凱基95購06  ,0,0,0,0,0,0,0,0,0,4000,0,0,0,164000,160000,4000,4000
047556,群創凱基95購01  ,0,0,0,0,0,0,0,0,0,4000,0,0,0,109000,105000,4000,4000
04288P,台積電中信95售06,0,0,0,0,0,0,0,0,0,4000,0,0,0,4000,0,4000,4000
046066,長榮航凱基94購01,0,0,0,0,0,0,0,0,0,4000,0,0,0,24000,20000,4000,4000
04612P,上銀群益94售01  ,0,0,0,0,0,0,0,0,0,4000,0,0,0,4000,0,4000,4000
04505P,佳世達元富96售03,0,0,0,0,0,0,0,0,0,4000,0,0,0,4000,0,4000,4000
006204,永豐臺灣加權    ,0,0,0,0,0,0,0,0,0,4000,0,0,0,5000,1000,4000,4000
03607P,滬深2X富邦95售01,0,0,0,0,0,0,0,0,0,4000,0,0,0,5000,1000,4000,4000
04098P,臺股指國票93售05,0,0,0,0,0,0,0,0,0,4000,0,0,0,4000,0,4000,4000
03027P,玉晶光元大01售09,0,0,0,0,0,0,0,0,0,4000,0,0,0,4000,0,4000,4000
052799,上銀元大96購01  ,0,0,0,0,0,0,0,0,0,4000,0,0,0,62000,58000,4000,4000
049811,聯鈞元大94購01  ,0,0,0,0,0,0,0,0,0,4000,0,0,0,5000,1000,4000,4000
050786,健策國泰96購01  ,0,0,0,0,0,0,0,0,0,4000,0,0,0,10000,6000,4000,4000
050854,世紀鋼國票97購01,0,0,0,0,0,0,0,0,0,4000,0,0,0,46000,42000,4000,4000
04996P,台積電凱基95售02,0,0,0,0,0,0,0,0,0,4000,0,0,0,4000,0,4000,4000
04934P,鴻海中信94售05  ,0,0,0,0,0,0,0,0,0,4000,0,0,0,4000,0,4000,4000
049276,臺股指元大94購11,0,0,0,0,0,0,0,0,0,4000,0,0,0,4000,0,4000,4000
05067P,欣興兆豐96售02  ,0,0,0,0,0,0,0,0,0,4000,0,0,0,4000,0,4000,4000
054725,國巨日盛97購01  ,0,0,0,0,0,0,0,0,0,4000,0,0,0,4000,0,4000,4000
05488P,臺股指凱基95售21,0,0,0,0,0,0,0,0,0,4000,0,0,0,4000,0,4000,4000
054299,南電元大96購03  ,0,0,0,0,0,0,0,0,0,4000,0,0,0,4000,0,4000,4000
05429P,鴻海統一95售16  ,0,0,0,0,0,0,0,0,0,4000,0,0,0,4000,0,4000,4000
054967,神達元大97購01  ,0,0,0,0,0,0,0,0,0,4000,0,0,0,37000,33000,4000,4000
054951,大毅元大97購01  ,0,0,0,0,0,0,0,0,0,4000,0,0,0,118000,114000,4000,4000
055346,國巨凱基98購02  ,0,0,0,0,0,0,0,0,0,4000,0,0,0,492000,488000,4000,4000
053001,力山永豐96購01  ,0,0,0,0,0,0,0,0,0,4000,0,0,0,4000,0,4000,4000
053931,楠梓電統一96購01,0,0,0,0,0,0,0,0,0,4000,0,0,0,4000,0,4000,4000
053846,友達元富99購02  ,0,0,0,0,0,0,0,0,0,4000,0,0,0,15000,11000,4000,4000
06275P,臺股指凱基97售07,0,0,0,0,0,0,0,0,0,4000,0,0,0,4000,0,4000,4000
06836P,玉晶光國票99售06,0,0,0,0,0,0,0,0,0,4000,0,0,0,8000,4000,4000,4000
06750P,聯發科元富02售03,0,0,0,0,0,0,0,0,0,4000,0,0,0,35000,31000,4000,4000
06681P,致茂元大98售02  ,0,0,0,0,0,0,0,0,0,4000,0,0,0,4000,0,4000,4000
06720P,智邦亞東99售01  ,0,0,0,0,0,0,0,0,0,4000,0,0,0,4000,0,4000,4000
06553P,訊芯元大98售05  ,0,0,0,0,0,0,0,0,0,4000,0,0,0,54000,50000,4000,4000
06584P,欣興凱基98售03  ,0,0,0,0,0,0,0,0,0,4000,0,0,0,21000,17000,4000,4000
06160P,台達電群益97售01,0,0,0,0,0,0,0,0,0,4000,0,0,0,20000,16000,4000,4000
06164P,臺股指凱基97售04,0,0,0,0,0,0,0,0,0,4000,0,0,0,192000,188000,4000,4000
05959P,聯發科國票98售01,0,0,0,0,0,0,0,0,0,4000,0,0,0,6000,2000,4000,4000
05898P,旺宏凱基96售06  ,0,0,0,0,0,0,0,0,0,4000,0,0,0,30000,26000,4000,4000
05814P,臺股指國票96售07,0,0,0,0,0,0,0,0,0,4000,0,0,0,6000,2000,4000,4000
05846P,大立光元大96售07,0,0,0,0,0,0,0,0,0,4000,0,0,0,10000,6000,4000,4000
2115,六暉-KY         ,4000,0,4000,0,0,0,0,0,0,0,0,0,0,0,0,0,4000
1713,國化            ,14000,10000,4000,0,0,0,0,0,0,0,0,0,0,0,0,0,4000
4755,三福化          ,3000,0,3000,0,0,0,0,0,0,1000,1000,0,1000,0,0,0,4000
9931,欣高            ,4000,0,4000,0,0,0,0,0,0,0,0,0,0,0,0,0,4000
3038,全台            ,281001,280000,1001,0,0,0,0,0,0,2000,2000,0,2000,0,0,0,3001
057086,立積統一9C購01  ,0,0,0,0,0,0,0,0,0,3000,0,0,0,3000,0,3000,3000
05713P,大立光統一96售05,0,0,0,0,0,0,0,0,0,3000,0,0,0,3000,0,3000,3000
056807,元油2X統一9B購01,0,0,0,0,0,0,0,0,0,3000,0,0,0,23000,20000,3000,3000
05745P,富邦金兆豐96售02,0,0,0,0,0,0,0,0,0,3000,0,0,0,21000,18000,3000,3000
057555,玉晶光凱基9A購02,0,0,0,0,0,0,0,0,0,3000,0,0,0,5000,2000,3000,3000
057412,臺股指群益99購06,0,0,0,0,0,0,0,0,0,3000,0,0,0,3000,0,3000,3000
055637,亞德客元富97購01,0,0,0,0,0,0,0,0,0,3000,0,0,0,3000,0,3000,3000
056198,台光電永豐97購02,0,0,0,0,0,0,0,0,0,3000,0,0,0,15000,12000,3000,3000
056651,聯茂凱基98購04  ,0,0,0,0,0,0,0,0,0,3000,0,0,0,24000,21000,3000,3000
056606,華新科富邦9A購02,0,0,0,0,0,0,0,0,0,3000,0,0,0,13000,10000,3000,3000
00728,第一金工業30    ,0,0,0,0,0,0,0,0,0,3000,0,0,0,735000,732000,3000,3000
04121P,宏碁凱基93售02  ,0,0,0,0,0,0,0,0,0,3000,0,0,0,3000,0,3000,3000
03904P,啟碁統一93售01  ,0,0,0,0,0,0,0,0,0,3000,0,0,0,3000,0,3000,3000
045220,漢唐元大94購01  ,0,0,0,0,0,0,0,0,0,3000,0,0,0,3000,0,3000,3000
045168,欣興中信93購02  ,0,0,0,0,0,0,0,0,0,3000,0,0,0,3000,0,3000,3000
04148P,GIS凱基93售05   ,0,0,0,0,0,0,0,0,0,3000,0,0,0,3000,0,3000,3000
04154P,南亞科永豐93售02,0,0,0,0,0,0,0,0,0,3000,0,0,0,3000,0,3000,3000
044242,宏達電統一93購01,0,0,0,0,0,0,0,0,0,3000,0,0,0,4000,1000,3000,3000
04264P,宏碁統一93售01  ,0,0,0,0,0,0,0,0,0,3000,0,0,0,3000,0,3000,3000
04472P,中環元大94售01  ,0,0,0,0,0,0,0,0,0,3000,0,0,0,3000,0,3000,3000
043990,智易元大93購01  ,0,0,0,0,0,0,0,0,0,3000,0,0,0,3000,0,3000,3000
04343P,啟碁永豐93售02  ,0,0,0,0,0,0,0,0,0,3000,0,0,0,3000,0,3000,3000
048858,大立光群益94購03,0,0,0,0,0,0,0,0,0,3000,0,0,0,3000,0,3000,3000
049009,南亞科麥證94購01,0,0,0,5000,2000,3000,0,0,0,3000,0,0,0,5000,2000,3000,3000
05165P,欣興元富95售03  ,0,0,0,0,0,0,0,0,0,3000,0,0,0,8000,5000,3000,3000
048794,易華電元大97購01,0,0,0,0,0,0,0,0,0,3000,0,0,0,3000,0,3000,3000
048795,復盛元大94購01  ,0,0,0,0,0,0,0,0,0,3000,0,0,0,3000,0,3000,3000
051585,美食元大95購01  ,0,0,0,0,0,0,0,0,0,3000,0,0,0,3000,0,3000,3000
051568,智邦富邦95購01  ,0,0,0,0,0,0,0,0,0,3000,0,0,0,3000,0,3000,3000
047517,元油反元大96購01,0,0,0,0,0,0,0,0,0,3000,0,0,0,3000,0,3000,3000
048599,和鑫國票96購01  ,0,0,0,0,0,0,0,0,0,3000,0,0,0,3000,0,3000,3000
04658P,臺股指永昌94售02,0,0,0,0,0,0,0,0,0,3000,0,0,0,3000,0,3000,3000
046538,大立光群益93購06,0,0,0,0,0,0,0,0,0,3000,0,0,0,3000,0,3000,3000
047399,華通康和93購01  ,0,0,0,0,0,0,0,0,0,3000,0,0,0,3000,0,3000,3000
04695P,正崴康和94售01  ,0,0,0,0,0,0,0,0,0,3000,0,0,0,3000,0,3000,3000
049026,晶相光群益94購01,0,0,0,0,0,0,0,0,0,3000,0,0,0,3000,0,3000,3000
047708,聯發科凱基93購17,0,0,0,0,0,0,0,0,0,3000,0,0,0,3000,0,3000,3000
04814P,健策元大96售01  ,0,0,0,0,0,0,0,0,0,3000,0,0,0,3000,0,3000,3000
050694,國巨凱基96購03  ,0,0,0,0,0,0,0,0,0,3000,0,0,0,6000,3000,3000,3000
04925P,和碩元大94售03  ,0,0,0,0,0,0,0,0,0,3000,0,0,0,73000,70000,3000,3000
049400,可成群益94購03  ,0,0,0,0,0,0,0,0,0,3000,0,0,0,3000,0,3000,3000
049418,大立光凱基94購05,0,0,0,0,0,0,0,0,0,3000,0,0,0,3000,0,3000,3000
050604,上証2X永昌94購01,0,0,0,0,0,0,0,0,0,3000,0,0,0,3000,0,3000,3000
050609,鴻海元大94購23  ,0,0,0,0,0,0,0,0,0,3000,0,0,0,144000,141000,3000,3000
049591,開發金元大98購01,0,0,0,0,0,0,0,0,0,3000,0,0,0,8000,5000,3000,3000
050472,和大永豐94購01  ,0,0,0,0,0,0,0,0,0,3000,0,0,0,3000,0,3000,3000
051950,旺宏元富95購02  ,0,0,0,0,0,0,0,0,0,3000,0,0,0,20000,17000,3000,3000
05054P,臻鼎群益95售02  ,0,0,0,0,0,0,0,0,0,3000,0,0,0,3000,0,3000,3000
051996,康友元大95購01  ,0,0,0,0,0,0,0,0,0,3000,0,0,0,10000,7000,3000,3000
049962,台光電元富94購01,0,0,0,0,0,0,0,0,0,3000,0,0,0,3000,0,3000,3000
051332,奇力新永豐95購01,0,0,0,0,0,0,0,0,0,3000,0,0,0,35000,32000,3000,3000
05087P,GIS國泰96售01   ,0,0,0,0,0,0,0,0,0,3000,0,0,0,3000,0,3000,3000
052541,大立光統一95購06,0,0,0,0,0,0,0,0,0,3000,0,0,0,6000,3000,3000,3000
05095P,景碩元大95售01  ,0,0,0,0,0,0,0,0,0,3000,0,0,0,3000,0,3000,3000
053772,大成鋼元大96購02,0,0,0,0,0,0,0,0,0,3000,0,0,0,21000,18000,3000,3000
053908,貿聯凱基98購01  ,0,0,0,0,0,0,0,0,0,3000,0,0,0,3000,0,3000,3000
054186,高鐵永豐96購01  ,0,0,0,0,0,0,0,0,0,3000,0,0,0,3000,0,3000,3000
05408P,臺股指中信95售13,0,0,0,0,0,0,0,0,0,3000,0,0,0,3000,0,3000,3000
053017,世紀鋼統一96購02,0,0,0,0,0,0,0,0,0,3000,0,0,0,7000,4000,3000,3000
055268,和大元大97購01  ,10000,0,10000,0,0,0,0,0,0,-7000,0,0,0,3000,10000,-7000,3000
05503P,智邦日盛96售01  ,0,0,0,0,0,0,0,0,0,3000,0,0,0,3000,0,3000,3000
054448,矽力兆豐96購01  ,0,0,0,0,0,0,0,0,0,3000,0,0,0,3000,0,3000,3000
05455P,聯詠日盛95售01  ,0,0,0,0,0,0,0,0,0,3000,0,0,0,3000,0,3000,3000
05438P,康控永豐95售05  ,0,0,0,0,0,0,0,0,0,3000,0,0,0,3000,0,3000,3000
3432,台端            ,6000,1000,5000,0,0,0,0,0,0,-2000,0,2000,-2000,0,0,0,3000
6431,光麗-KY         ,4000,1000,3000,0,0,0,0,0,0,0,0,0,0,0,0,0,3000
1219,福壽            ,32000,29000,3000,0,0,0,0,0,0,0,0,0,0,0,0,0,3000
2062,橋椿            ,21000,21000,0,0,0,0,0,0,0,3000,4000,1000,3000,0,0,0,3000
2466,冠西電          ,4000,2000,2000,0,0,0,0,0,0,1000,1000,0,1000,0,0,0,3000
05817P,可成凱基96售07  ,0,0,0,0,0,0,0,0,0,3000,0,0,0,21000,18000,3000,3000
05792P,臺股指中信99售07,0,0,0,0,0,0,0,0,0,3000,0,0,0,3000,0,3000,3000
057865,富邦金凱基98購01,0,0,0,0,0,0,0,0,0,3000,0,0,0,3000,0,3000,3000
06765P,欣興元大98售11  ,0,0,0,0,0,0,0,0,0,3000,0,0,0,3000,0,3000,3000
06352P,臺股指富邦99售02,0,0,0,0,0,0,0,0,0,3000,0,0,0,3000,0,3000,3000
06340P,鴻海統一98售06  ,0,0,0,0,0,0,0,0,0,3000,0,0,0,3000,0,3000,3000
2530,華建            ,4001,2000,2001,0,0,0,0,0,0,0,0,0,0,0,0,0,2001
2107,厚生            ,170001,173000,-2999,0,0,0,0,0,0,5000,6000,1000,5000,0,0,0,2001
1903,士紙            ,3001,1000,2001,0,0,0,0,0,0,0,0,0,0,0,0,0,2001
056614,智邦永豐98購01  ,0,0,0,0,0,0,0,0,0,2000,0,0,0,90000,88000,2000,2000
056624,景碩永豐98購01  ,0,0,0,0,0,0,0,0,0,2000,0,0,0,2000,0,2000,2000
056374,聯發科統一9B購01,0,0,0,0,0,0,0,0,0,2000,0,0,0,58000,56000,2000,2000
05559P,臺股指麥證96售01,0,0,0,2000,0,2000,0,0,0,2000,0,0,0,2000,0,2000,2000
055700,緯穎國泰98購02  ,0,0,0,0,0,0,0,0,0,2000,0,0,0,6000,4000,2000,2000
05575P,玉晶光元富96售01,0,0,0,0,0,0,0,0,0,2000,0,0,0,16000,14000,2000,2000
055866,臺股指元大97購03,0,0,0,0,0,0,0,0,0,2000,0,0,0,2000,0,2000,2000
056029,國巨麥證98購01  ,0,0,0,2000,0,2000,0,0,0,2000,0,0,0,2000,0,2000,2000
05736P,臺股指統一96售06,0,0,0,0,0,0,0,0,0,2000,0,0,0,2000,0,2000,2000
057386,聯發科永豐98購04,0,0,0,0,0,0,0,0,0,2000,0,0,0,52000,50000,2000,2000
057494,玉晶光元大99購09,0,0,0,0,0,0,0,0,0,2000,0,0,0,8000,6000,2000,2000
05779P,台積電統一96售06,0,0,0,0,0,0,0,0,0,2000,0,0,0,2000,0,2000,2000
05784P,臺股指元大96售18,0,0,0,0,0,0,0,0,0,2000,0,0,0,2000,0,2000,2000
057694,臺股指凱基98購12,0,0,0,0,0,0,0,0,0,2000,0,0,0,2000,0,2000,2000
05771P,大立光凱基96售13,0,0,0,0,0,0,0,0,0,2000,0,0,0,6000,4000,2000,2000
056747,致新凱基99購01  ,0,0,0,0,0,0,0,0,0,2000,0,0,0,10000,8000,2000,2000
057028,台郡凱基99購02  ,0,0,0,0,0,0,0,0,0,2000,0,0,0,2000,0,2000,2000
057006,國巨中信98購03  ,0,0,0,0,0,0,0,0,0,2000,0,0,0,14000,12000,2000,2000
057182,禾伸堂元大99購02,0,0,0,0,0,0,0,0,0,2000,0,0,0,217000,215000,2000,2000
04906P,欣興國票95售01  ,0,0,0,0,0,0,0,0,0,2000,0,0,0,2000,0,2000,2000
047121,訊芯元大93購03  ,0,0,0,0,0,0,0,0,0,2000,0,0,0,2000,0,2000,2000
04728P,美律亞東94售02  ,0,0,0,0,0,0,0,0,0,2000,0,0,0,2000,0,2000,2000
04726P,TPK凱基94售04   ,0,0,0,0,0,0,0,0,0,2000,0,0,0,2000,0,2000,2000
046576,S&P反1富邦93購01,0,0,0,0,0,0,0,0,0,2000,0,0,0,2000,0,2000,2000
047098,大毅國泰94購01  ,0,0,0,0,0,0,0,0,0,2000,0,0,0,2000,0,2000,2000
04674P,全新統一95售01  ,0,0,0,0,0,0,0,0,0,2000,0,0,0,2000,0,2000,2000
04684P,欣興元大94售07  ,0,0,0,0,0,0,0,0,0,2000,0,0,0,2000,0,2000,2000
047540,技嘉麥證93購01  ,0,0,0,2000,0,2000,0,0,0,2000,0,0,0,2000,0,2000,2000
048784,台積電元大94購04,0,0,0,0,0,0,0,0,0,2000,0,0,0,4000,2000,2000,2000
051704,智邦群益95購02  ,0,0,0,0,0,0,0,0,0,2000,0,0,0,95000,93000,2000,2000
048981,牧德元大94購01  ,0,0,0,0,0,0,0,0,0,2000,0,0,0,13000,11000,2000,2000
047675,群創元富96購03  ,0,0,0,0,0,0,0,0,0,2000,0,0,0,52000,50000,2000,2000
04765P,宏達電永豐94售02,0,0,0,0,0,0,0,0,0,2000,0,0,0,2000,0,2000,2000
04333P,儒鴻凱基93售06  ,0,0,0,0,0,0,0,0,0,2000,0,0,0,2000,0,2000,2000
04329P,TPK群益93售04   ,0,0,0,0,0,0,0,0,0,2000,0,0,0,2000,0,2000,2000
04284P,瀚宇博永豐93售01,0,0,0,0,0,0,0,0,0,2000,0,0,0,2000,0,2000,2000
04399P,樺漢群益94售01  ,0,0,0,0,0,0,0,0,0,2000,0,0,0,2000,0,2000,2000
04367P,滬深2X凱基95售04,0,0,0,0,0,0,0,0,0,2000,0,0,0,2000,0,2000,2000
04462P,全新元富96售01  ,0,0,0,0,0,0,0,0,0,2000,0,0,0,2000,0,2000,2000
042502,上銀凱基93購01  ,0,0,0,0,0,0,0,0,0,2000,0,0,0,12000,10000,2000,2000
04247P,宏達電永豐93售02,0,0,0,0,0,0,0,0,0,2000,0,0,0,2000,0,2000,2000
04429P,和鑫元大94售01  ,0,0,0,0,0,0,0,0,0,2000,0,0,0,2000,0,2000,2000
04578P,微星富邦96售01  ,0,0,0,0,0,0,0,0,0,2000,0,0,0,2000,0,2000,2000
04566P,GIS凱基94售04   ,0,0,0,0,0,0,0,0,0,2000,0,0,0,2000,0,2000,2000
04201P,智原群益93售01  ,0,0,0,0,0,0,0,0,0,2000,0,0,0,2000,0,2000,2000
04528P,智原凱基94售01  ,0,0,0,0,0,0,0,0,0,2000,0,0,0,2000,0,2000,2000
03893P,為升凱基93售03  ,0,0,0,0,0,0,0,0,0,2000,0,0,0,2000,0,2000,2000
03009X,元展09          ,0,0,0,0,0,0,0,0,0,2000,0,0,0,2000,0,2000,2000
00783,富邦中証500     ,40000,6000,34000,0,0,0,0,0,0,-32000,0,0,0,834000,866000,-32000,2000
00775B,新光投等債15+   ,0,0,0,0,0,0,0,0,0,2000,0,0,0,4000,2000,2000,2000
04033P,啟碁凱基93售04  ,0,0,0,0,0,0,0,0,0,2000,0,0,0,2000,0,2000,2000
03351P,台積電麥證02售07,0,0,0,0,0,0,0,0,0,2000,0,0,0,7000,5000,2000,2000
050079,元油2X統一94購06,0,0,0,0,0,0,0,0,0,2000,0,0,0,2000,0,2000,2000
051001,緯穎元大96購02  ,0,0,0,0,0,0,0,0,0,2000,0,0,0,9000,7000,2000,2000
052587,景碩永豐97購01  ,0,0,0,0,0,0,0,0,0,2000,0,0,0,3000,1000,2000,2000
05265P,正崴元大95售03  ,2000,0,2000,0,0,0,0,0,0,0,0,0,0,2000,2000,0,2000
052746,泰碩元大97購01  ,0,0,0,0,0,0,0,0,0,2000,0,0,0,2000,0,2000,2000
05274P,嘉聯益亞東95售01,0,0,0,0,0,0,0,0,0,2000,0,0,0,17000,15000,2000,2000
051041,大立光永豐95購01,0,0,0,0,0,0,0,0,0,2000,0,0,0,142000,140000,2000,2000
051211,道瓊反統一95購01,0,0,0,0,0,0,0,0,0,2000,0,0,0,2000,0,2000,2000
04990P,臻鼎元大94售04  ,0,0,0,0,0,0,0,0,0,2000,0,0,0,2000,0,2000,2000
051362,台郡元大95購04  ,0,0,0,0,0,0,0,0,0,2000,0,0,0,2000,0,2000,2000
05138P,嘉聯益凱基96售02,0,0,0,0,0,0,0,0,0,2000,0,0,0,12000,10000,2000,2000
049906,光寶科元大94購03,0,0,0,0,0,0,0,0,0,2000,0,0,0,2000,0,2000,2000
052201,超眾統一96購01  ,0,0,0,0,0,0,0,0,0,2000,0,0,0,2000,0,2000,2000
05197P,智原永豐95售02  ,0,2000,-2000,0,0,0,0,0,0,4000,0,0,0,4000,0,4000,2000
050514,聯電元大94購01  ,0,0,0,0,0,0,0,0,0,2000,0,0,0,2000,0,2000,2000
04947P,聯詠元大94售05  ,0,0,0,0,0,0,0,0,0,2000,0,0,0,2000,0,2000,2000
04923P,GIS凱基94售06   ,0,0,0,0,0,0,0,0,0,2000,0,0,0,2000,0,2000,2000
049303,S&P反1凱基94購02,0,0,0,0,0,0,0,0,0,2000,0,0,0,2000,0,2000,2000
055219,啟碁凱基98購01  ,0,0,0,0,0,0,0,0,0,2000,0,0,0,10000,8000,2000,2000
05522P,友達元富96售02  ,0,0,0,0,0,0,0,0,0,2000,0,0,0,2000,0,2000,2000
055290,玉晶光元大98購08,0,0,0,0,0,0,0,0,0,2000,0,0,0,2000,0,2000,2000
055395,泰鼎統一97購01  ,0,0,0,0,0,0,0,0,0,2000,0,0,0,2000,0,2000,2000
052955,國巨日盛96購01  ,0,0,0,0,0,0,0,0,0,2000,0,0,0,38000,36000,2000,2000
053201,美律日盛96購01  ,0,0,0,0,0,0,0,0,0,2000,0,0,0,2000,0,2000,2000
054218,S&P反1統一98購02,0,0,0,0,0,0,0,0,0,2000,0,0,0,2000,0,2000,2000
05390P,康友群益95售04  ,0,0,0,0,0,0,0,0,0,2000,0,0,0,2000,0,2000,2000
05379P,可成凱基95售11  ,0,0,0,0,0,0,0,0,0,2000,0,0,0,22000,20000,2000,2000
053631,欣興兆豐97購01  ,0,0,0,0,0,0,0,0,0,2000,0,0,0,2000,0,2000,2000
1617,榮星            ,2000,0,2000,0,0,0,0,0,0,0,0,0,0,0,0,0,2000
1445,大宇            ,2000,0,2000,0,0,0,0,0,0,0,0,0,0,0,0,0,2000
1233,天仁            ,0,0,0,0,0,0,0,0,0,2000,2000,0,2000,0,0,0,2000
2033,佳大            ,2000,0,2000,0,0,0,0,0,0,0,0,0,0,0,0,0,2000
2882B,國泰金乙特      ,0,0,0,0,0,0,0,0,0,2000,2000,0,2000,0,0,0,2000
6655,科定            ,2000,0,2000,0,0,0,0,0,0,0,0,0,0,0,0,0,2000
6277,宏正            ,41000,37000,4000,0,0,0,0,2000,-2000,0,0,0,0,0,0,0,2000
8222,寶一            ,8000,6000,2000,0,0,0,0,0,0,0,0,0,0,0,0,0,2000
8411,福貞-KY         ,2000,5000,-3000,0,0,0,0,0,0,5000,7000,2000,5000,0,0,0,2000
9136,巨騰-DR         ,7000,5000,2000,0,0,0,0,0,0,0,0,0,0,0,0,0,2000
9912,偉聯            ,2000,0,2000,0,0,0,0,0,0,0,0,0,0,0,0,0,2000
4764,雙鍵            ,5000,3000,2000,0,0,0,0,0,0,0,0,0,0,0,0,0,2000
4536,拓凱            ,64000,52000,12000,0,0,0,0,0,0,-10000,0,10000,-10000,0,0,0,2000
5243,乙盛-KY         ,94000,101000,-7000,0,0,0,0,0,0,9000,9000,0,9000,0,0,0,2000
06424P,大成鋼永豐97售01,0,0,0,0,0,0,0,0,0,2000,0,0,0,12000,10000,2000,2000
06425P,TPK永豐97售02   ,0,0,0,0,0,0,0,0,0,2000,0,0,0,22000,20000,2000,2000
06319P,臺股指元富97售06,0,0,0,0,0,0,0,0,0,2000,0,0,0,2000,0,2000,2000
06725P,聯電元富98售01  ,0,0,0,0,0,0,0,0,0,2000,0,0,0,38000,36000,2000,2000
06736P,新日興凱基98售03,0,0,0,0,0,0,0,0,0,2000,0,0,0,2000,0,2000,2000
06561P,台灣50國泰9A售01,0,0,0,0,0,0,0,0,0,2000,0,0,0,32000,30000,2000,2000
06632P,創意群益98售03  ,0,0,0,0,0,0,0,0,0,2000,0,0,0,2000,0,2000,2000
057979,華新科永豐98購03,0,0,0,0,0,0,0,0,0,2000,0,0,0,2000,0,2000,2000
05828P,台積電統一97售02,0,0,0,0,0,0,0,0,0,2000,0,0,0,3000,1000,2000,2000
05932P,鴻海凱基96售16  ,0,0,0,0,0,0,0,0,0,2000,0,0,0,2000,0,2000,2000
05976P,國巨凱基96售14  ,0,0,0,0,0,0,0,0,0,2000,0,0,0,2000,0,2000,2000
05991P,聯茂群益96售05  ,0,0,0,0,0,0,0,0,0,2000,0,0,0,22000,20000,2000,2000
06096P,全新永豐97售02  ,0,0,0,0,0,0,0,0,0,2000,0,0,0,23000,21000,2000,2000
06109P,華新科群益97售05,0,0,0,0,0,0,0,0,0,2000,0,0,0,82000,80000,2000,2000
06041P,全新永豐96售03  ,0,0,0,0,0,0,0,0,0,2000,0,0,0,2000,0,2000,2000
06029P,聯發科台新96售02,0,0,0,0,0,0,0,0,0,2000,0,0,0,2000,0,2000,2000
056889,元油2X元大99購07,0,0,0,0,0,0,0,0,0,1000,0,0,0,110000,109000,1000,1000
056989,鴻海兆豐98購02  ,0,0,0,0,0,0,0,0,0,1000,0,0,0,11000,10000,1000,1000
057604,鴻海統一9C購01  ,0,0,0,0,0,0,0,0,0,1000,0,0,0,1000,0,1000,1000
057599,技嘉群益9A購01  ,0,0,0,0,0,0,0,0,0,1000,0,0,0,20000,19000,1000,1000
057472,T50正2元大9B購03,0,0,0,0,0,0,0,0,0,1000,0,0,0,1000,0,1000,1000
057580,玉山金中信9A購01,0,0,0,0,0,0,0,0,0,1000,0,0,0,4000,3000,1000,1000
056096,超眾元富9A購01  ,0,0,0,0,0,0,0,0,0,1000,0,0,0,35000,34000,1000,1000
055947,元油反元大98購03,0,0,0,0,0,0,0,0,0,1000,0,0,0,1000,0,1000,1000
055922,台郡凱基98購03  ,0,0,0,0,0,0,0,0,0,1000,0,0,0,110000,109000,1000,1000
05563P,台積電元大97售07,0,0,0,0,0,0,0,0,0,1000,0,0,0,36000,35000,1000,1000
055541,聚陽凱基98購01  ,0,0,0,0,0,0,0,0,0,1000,0,0,0,1000,0,1000,1000
056412,上証2X中信9A購02,0,0,0,0,0,0,0,0,0,1000,0,0,0,6000,5000,1000,1000
056131,鴻海元大97購12  ,0,0,0,0,0,0,0,0,0,1000,0,0,0,17000,16000,1000,1000
056559,華通群益98購02  ,0,0,0,0,0,0,0,0,0,1000,0,0,0,1000,0,1000,1000
03375P,玉晶光元大02售07,0,0,0,0,0,0,0,0,0,1000,0,0,0,11000,10000,1000,1000
03557P,欣興元大02售17  ,0,0,0,0,0,0,0,0,0,1000,0,0,0,1000,0,1000,1000
03481P,欣興群益02售08  ,0,0,0,0,0,0,0,0,0,1000,0,0,0,1000,0,1000,1000
04018P,亞光永豐93售01  ,0,0,0,0,0,0,0,0,0,1000,0,0,0,9000,8000,1000,1000
03102P,臺股指凱基03售08,0,0,0,0,0,0,0,0,0,1000,0,0,0,1000,0,1000,1000
00703,台新MSCI中國    ,0,0,0,0,0,0,0,0,0,1000,0,0,0,21000,20000,1000,1000
00682U,元大美元指數    ,0,0,0,0,0,0,0,0,0,1000,0,0,0,41000,40000,1000,1000
03881P,易華電永豐93售02,0,0,0,0,0,0,0,0,0,1000,0,0,0,1000,0,1000,1000
04132P,瑞昱群益93售04  ,0,0,0,0,0,0,0,0,0,1000,0,0,0,1000,0,1000,1000
04136P,智邦元大93售09  ,0,0,0,0,0,0,0,0,0,1000,0,0,0,1000,0,1000,1000
03821P,上海銀統一95售01,0,0,0,0,0,0,0,0,0,1000,0,0,0,1000,0,1000,1000
04200P,奇力新群益93售07,0,0,0,0,0,0,0,0,0,1000,0,0,0,1000,0,1000,1000
045280,儒鴻富邦94購01  ,0,0,0,0,0,0,0,0,0,1000,0,0,0,21000,20000,1000,1000
045417,華新凱基93購01  ,0,0,0,0,0,0,0,0,0,1000,0,0,0,1000,0,1000,1000
045793,台積電兆豐93購03,0,0,0,0,0,0,0,0,0,1000,0,0,0,1000,0,1000,1000
04418P,燿華永豐94售01  ,0,0,0,0,0,0,0,0,0,1000,0,0,0,1000,0,1000,1000
04225P,台積電元富94售02,0,0,0,0,0,0,0,0,0,1000,0,0,0,1000,0,1000,1000
042239,大立光永昌93購01,0,0,0,0,0,0,0,0,0,1000,0,0,0,1000,0,1000,1000
04273P,上証反凱基99售01,0,0,0,0,0,0,0,0,0,1000,0,0,0,1000,0,1000,1000
045122,臺股指元大93購08,0,0,0,0,0,0,0,0,0,1000,0,0,0,1000,0,1000,1000
04456P,日月光統一94售01,0,0,0,0,0,0,0,0,0,1000,0,0,0,1000,0,1000,1000
04459P,元油2X元富94售08,0,0,0,0,0,0,0,0,0,1000,0,0,0,291000,290000,1000,1000
04474P,聯發科元大94售03,0,0,0,0,0,0,0,0,0,1000,0,0,0,1000,0,1000,1000
044513,義隆凱基93購02  ,0,0,0,0,0,0,0,0,0,1000,0,0,0,1000,0,1000,1000
04602P,聯詠凱基94售02  ,0,0,0,0,0,0,0,0,0,1000,0,0,0,1000,0,1000,1000
04603P,訊芯凱基94售03  ,0,0,0,0,0,0,0,0,0,1000,0,0,0,1000,0,1000,1000
04484P,台積電凱基94售09,0,0,0,0,0,0,0,0,0,1000,0,0,0,1000,0,1000,1000
043719,國巨統一93購02  ,0,0,0,0,0,0,0,0,0,1000,0,0,0,1000,0,1000,1000
043660,華新科元大93購01,0,0,0,0,0,0,0,0,0,1000,0,0,0,1000,0,1000,1000
04378P,大立光元大94售05,0,0,0,0,0,0,0,0,0,1000,0,0,0,1000,0,1000,1000
04398P,致伸群益94售02  ,0,0,0,0,0,0,0,0,0,1000,0,0,0,1000,0,1000,1000
04311P,奇力新統一95售01,0,0,0,0,0,0,0,0,0,1000,0,0,0,11000,10000,1000,1000
04324P,新光金元大94售01,0,0,0,0,0,0,0,0,0,1000,0,0,0,1000,0,1000,1000
048869,光罩國票94購01  ,0,0,0,0,0,0,0,0,0,1000,0,0,0,1000,0,1000,1000
04759P,台積電凱基94售27,0,0,0,0,0,0,0,0,0,1000,0,0,0,1000,0,1000,1000
048978,晶相光元大94購02,0,0,0,0,0,0,0,0,0,1000,0,0,0,1000,0,1000,1000
048979,晶相光元大94購03,0,0,0,0,0,0,0,0,0,1000,0,0,0,1000,0,1000,1000
049129,S&P反1元大97購01,0,0,0,0,0,0,0,0,0,1000,0,0,0,1000,0,1000,1000
048965,佳世達元大94購01,0,0,0,0,0,0,0,0,0,1000,0,0,0,1000,0,1000,1000
04893P,創意元大94售03  ,0,0,0,0,0,0,0,0,0,1000,0,0,0,1000,0,1000,1000
048786,瑞昱元大94購02  ,0,0,0,0,0,0,0,0,0,1000,0,0,0,1000,0,1000,1000
048412,台勝科亞東93購01,0,0,0,0,0,0,0,0,0,1000,0,0,0,4000,3000,1000,1000
048569,台虹元大93購03  ,0,0,0,0,0,0,0,0,0,1000,0,0,0,4000,3000,1000,1000
048556,技嘉元大93購03  ,0,0,0,0,0,0,0,0,0,1000,0,0,0,1000,0,1000,1000
04853P,易華電永豐94售03,0,0,0,0,0,0,0,0,0,1000,0,0,0,1000,0,1000,1000
04680P,臺股指統一94售05,0,0,0,0,0,0,0,0,0,1000,20000,0,20000,181000,200000,-19000,1000
04678P,臺股指統一94售03,0,0,0,0,0,0,0,0,0,1000,0,0,0,1000,0,1000,1000
046599,S&P反1群益93購01,0,0,0,0,0,0,0,0,0,1000,0,0,0,1000,0,1000,1000
046486,樺漢國泰94購01  ,0,0,0,0,0,0,0,0,0,1000,0,0,0,1000,0,1000,1000
047078,上海銀兆豐93購01,0,0,0,0,0,0,0,0,0,1000,0,0,0,1000,0,1000,1000
04713P,創意元大95售01  ,0,0,0,0,0,0,0,0,0,1000,0,0,0,1000,0,1000,1000
047128,新日興日盛93購01,0,0,0,0,0,0,0,0,0,1000,0,0,0,1000,0,1000,1000
047356,貿聯兆豐94購01  ,0,0,0,0,0,0,0,0,0,1000,0,0,0,2000,1000,1000,1000
047360,鴻海群益95購02  ,0,0,0,0,0,0,0,0,0,1000,0,0,0,31000,30000,1000,1000
04734P,上海銀兆豐94售02,0,0,0,0,0,0,0,0,0,1000,0,0,0,1000,0,1000,1000
047429,聯茂亞東93購01  ,0,0,0,0,0,0,0,0,0,1000,0,0,0,1000,0,1000,1000
047904,臺指反元大96購01,0,0,0,0,0,0,0,0,0,1000,0,0,0,1000,0,1000,1000
04769P,高股息元大94售01,0,0,0,0,0,0,0,0,0,1000,0,0,0,1000,0,1000,1000
047789,景碩群益93購01  ,0,0,0,0,0,0,0,0,0,1000,0,0,0,1000,0,1000,1000
04903P,全新永豐94售05  ,0,0,0,0,0,0,0,0,0,1000,0,0,0,1000,0,1000,1000
04644P,全新凱基94售01  ,0,0,0,0,0,0,0,0,0,1000,0,0,0,1000,0,1000,1000
049435,S&P反1國泰96購01,0,0,0,0,0,0,0,0,0,1000,0,0,0,1000,0,1000,1000
04944P,元油2X永豐94售06,0,0,0,0,0,0,0,0,0,1000,0,0,0,1000,0,1000,1000
049480,同欣電永豐94購01,0,0,0,0,0,0,0,0,0,1000,0,0,0,11000,10000,1000,1000
049544,台積電群益94購08,0,0,0,0,0,0,0,0,0,1000,0,0,0,85000,84000,1000,1000
04971P,矽力元富94售02  ,0,0,0,0,0,0,0,0,0,1000,0,0,0,1000,0,1000,1000
04977P,力成凱基96售01  ,0,0,0,0,0,0,0,0,0,1000,0,0,0,1000,0,1000,1000
05063P,聯電元大96售03  ,0,0,0,0,0,0,0,0,0,1000,0,0,0,1000,0,1000,1000
050420,鴻海凱基95購03  ,0,0,0,0,0,0,0,0,0,1000,0,0,0,1000,0,1000,1000
050298,智伸科凱基94購02,0,0,0,0,0,0,0,0,0,1000,0,0,0,1000,0,1000,1000
050386,智伸科國票94購01,0,0,0,0,0,0,0,0,0,1000,0,0,0,1000,0,1000,1000
051829,玉晶光元大98購02,0,0,0,0,0,0,0,0,0,1000,0,0,0,114000,113000,1000,1000
05139P,臺股指凱基95售06,0,0,0,0,0,0,0,0,0,1000,0,0,0,1000,0,1000,1000
052185,奇力新群益95購03,0,0,0,0,0,0,0,0,0,1000,0,0,0,21000,20000,1000,1000
049156,緯穎元大96購01  ,0,0,0,0,0,0,0,0,0,1000,0,0,0,1000,0,1000,1000
04922P,日月光凱基94售02,0,0,0,0,0,0,0,0,0,1000,0,0,0,1000,0,1000,1000
049654,臺股指凱基94購15,0,0,0,0,0,0,0,0,0,1000,0,0,0,1000,0,1000,1000
050892,聯電元大96購02  ,0,0,0,0,0,0,0,0,0,1000,0,0,0,1000,0,1000,1000
050841,國巨國票96購02  ,0,0,0,0,0,0,0,0,0,1000,0,0,0,1000,0,1000,1000
050847,創意國票96購01  ,0,0,0,0,0,0,0,0,0,1000,0,0,0,1000,0,1000,1000
050787,致伸國泰96購01  ,0,0,0,0,0,0,0,0,0,1000,0,0,0,10000,9000,1000,1000
050793,大立光富邦96購03,0,0,0,0,0,0,0,0,0,1000,0,0,0,1000,0,1000,1000
050749,道瓊銀統一96購03,0,0,0,0,0,0,0,0,0,1000,0,0,0,1000,0,1000,1000
05244P,台積電元大95售17,0,0,0,0,0,0,0,0,0,1000,0,0,0,1000000,999000,1000,1000
05257P,欣興凱基95售04  ,0,0,0,0,0,0,0,0,0,1000,0,0,0,50000,49000,1000,1000
050011,S&P反1國泰95購01,0,0,0,0,0,0,0,0,0,1000,0,0,0,1000,0,1000,1000
050023,國巨元大94購12  ,0,0,0,0,0,0,0,0,0,1000,0,0,0,33000,32000,1000,1000
053623,臺股指群益96購09,0,0,0,0,0,0,0,0,0,1000,0,0,0,1000,0,1000,1000
053703,緯穎兆豐96購01  ,0,0,0,0,0,0,0,0,0,1000,0,0,0,1000,0,1000,1000
053844,GIS統一96購01   ,0,0,0,0,0,0,0,0,0,1000,0,0,0,49000,48000,1000,1000
053826,光磊麥證97購01  ,0,0,0,11000,10000,1000,0,0,0,1000,0,0,0,11000,10000,1000,1000
053941,國巨國泰96購05  ,0,0,0,0,0,0,0,0,0,1000,0,0,0,1000,0,1000,1000
05401P,聯茂永豐95售03  ,0,0,0,0,0,0,0,0,0,1000,0,0,0,1000,0,1000,1000
054076,義隆第一96購01  ,0,0,0,0,0,0,0,0,0,1000,0,0,0,2000,1000,1000,1000
053276,友達元大9C購01  ,0,0,0,0,0,0,0,0,0,1000,0,0,0,1000,0,1000,1000
053021,國巨國泰97購04  ,0,0,0,0,0,0,0,0,0,1000,0,0,0,1000,0,1000,1000
052881,康控凱基97購01  ,0,0,0,0,0,0,0,0,0,1000,0,0,0,30000,29000,1000,1000
053087,冠德元大96購02  ,0,0,0,0,0,0,0,0,0,1000,0,0,0,1000,0,1000,1000
053163,上証2X群益9A購02,0,0,0,0,0,0,0,0,0,1000,0,0,0,1000,0,1000,1000
055299,康友元大97購02  ,0,0,0,0,0,0,0,0,0,1000,0,0,0,103000,102000,1000,1000
05535P,台積電元大97售06,0,0,0,0,0,0,0,0,0,1000,0,0,0,408000,407000,1000,1000
054287,台積電元大97購11,0,0,0,0,0,0,0,0,0,1000,0,0,0,12000,11000,1000,1000
05425P,華邦電亞東96售02,0,0,0,0,0,0,0,0,0,1000,0,0,0,1000,0,1000,1000
05481P,鴻海凱基95售21  ,0,0,0,0,0,0,0,0,0,1000,0,0,0,3000,2000,1000,1000
06044P,同欣電永豐96售03,0,0,0,0,0,0,0,0,0,1000,0,0,0,1000,0,1000,1000
06055P,華通凱基97售04  ,0,0,0,0,0,0,0,0,0,1000,0,0,0,1000,0,1000,1000
06085P,義隆台新97售01  ,0,0,0,0,0,0,0,0,0,1000,0,0,0,1000,0,1000,1000
05986P,大立光統一97售03,0,0,0,0,0,0,0,0,0,1000,0,0,0,1000,0,1000,1000
06016P,京元電凱基96售03,0,0,0,0,0,0,0,0,0,1000,0,0,0,1000,0,1000,1000
05964P,華通凱基96售06  ,0,0,0,0,0,0,0,0,0,1000,0,0,0,80000,79000,1000,1000
05892P,大立光中信98售03,0,0,0,0,0,0,0,0,0,1000,0,0,0,11000,10000,1000,1000
05925P,晶技永豐96售03  ,0,0,0,0,0,0,0,0,0,1000,0,0,0,26000,25000,1000,1000
05912P,和大元大96售01  ,0,0,0,0,0,0,0,0,0,1000,0,0,0,1000,0,1000,1000
05842P,台積電元大96售15,0,0,0,0,0,0,0,0,0,1000,0,0,0,260000,259000,1000,1000
058068,旺宏凱基98購11  ,0,0,0,0,0,0,0,0,0,1000,0,0,0,1000,0,1000,1000
05807P,泰鼎永豐96售03  ,0,0,0,0,0,0,0,0,0,1000,0,0,0,94000,93000,1000,1000
06628P,訊芯元富98售03  ,0,0,0,0,0,0,0,0,0,1000,0,0,0,1000,0,1000,1000
06570P,大立光永豐98售01,0,0,0,0,0,0,0,0,0,1000,0,0,0,12000,11000,1000,1000
06577P,聯發科日盛9A售02,0,0,0,0,0,0,0,0,0,1000,0,0,0,31000,30000,1000,1000
06586P,鴻海元大9C售01  ,0,0,0,0,0,0,0,0,0,1000,0,0,0,1000,0,1000,1000
06537P,華通凱基98售04  ,0,0,0,0,0,0,0,0,0,1000,0,0,0,1000,0,1000,1000
06770P,台灣50第一9C售01,0,0,0,0,0,0,0,0,0,1000,0,0,0,1000,0,1000,1000
06838P,台積電統一99售05,0,0,0,0,0,0,0,0,0,1000,0,0,0,2000,1000,1000,1000
06868P,電子類元大99售01,0,0,0,0,0,0,0,0,0,1000,0,0,0,7000,6000,1000,1000
06327P,台積電中信01售01,0,0,0,0,0,0,0,0,0,1000,0,0,0,71000,70000,1000,1000
06285P,台積電國票98售04,0,0,0,0,0,0,0,0,0,1000,0,0,0,7000,6000,1000,1000
06270P,致伸凱基97售03  ,0,0,0,0,0,0,0,0,0,1000,0,0,0,1000,0,1000,1000
06176P,台積電元大97售22,0,0,0,0,0,0,0,0,0,1000,0,0,0,1000,0,1000,1000
06178P,大立光第一99售01,0,0,0,0,0,0,0,0,0,1000,0,0,0,1000,0,1000,1000
06462P,鴻海富邦98售01  ,0,0,0,0,0,0,0,0,0,1000,0,0,0,1000,0,1000,1000
06484P,聯發科凱基98售11,0,0,0,0,0,0,0,0,0,1000,0,0,0,1000,0,1000,1000
2936,客思達-KY       ,1000,0,1000,0,0,0,0,0,0,0,0,0,0,0,0,0,1000
2901,欣欣            ,0,0,0,0,0,0,0,0,0,1000,1000,0,1000,0,0,0,1000
2904,匯僑            ,10000,7000,3000,0,0,0,0,0,0,-2000,1000,3000,-2000,0,0,0,1000
9918,欣天然          ,1000,0,1000,0,0,0,0,0,0,0,0,0,0,0,0,0,1000
2459,敦吉            ,111000,110000,1000,0,0,0,0,0,0,0,0,0,0,0,0,0,1000
2017,官田鋼          ,0,1000,-1000,0,0,0,0,0,0,2000,2000,0,2000,0,0,0,1000
2302,麗正            ,1000,0,1000,0,0,0,0,0,0,0,0,0,0,0,0,0,1000
06940P,旺宏永豐98售05  ,0,0,0,0,0,0,0,0,0,1000,0,0,0,101000,100000,1000,1000
1472,三洋紡          ,0,1000,-1000,0,0,0,0,0,0,2000,2000,0,2000,0,0,0,1000
1525,江申            ,1000,1000,0,0,0,0,0,0,0,1000,1000,0,1000,0,0,0,1000
1530,亞崴            ,2000,1000,1000,0,0,0,0,0,0,0,0,0,0,0,0,0,1000
1724,台硝            ,0,0,0,0,0,0,0,0,0,1000,1000,0,1000,0,0,0,1000
1203,味王            ,1119,2000,-881,0,0,0,0,0,0,1000,1000,0,1000,0,0,0,119
00657K,國泰日經225+U   ,0,0,0,0,0,0,0,0,0,100,0,0,0,100,0,100,100
1538,正峰新          ,1,0,1,0,0,0,0,0,0,0,0,0,0,0,0,0,1
1512,瑞利            ,1,0,1,0,0,0,0,0,0,0,0,0,0,0,0,0,1
1418,東華            ,1,0,1,0,0,0,0,0,0,0,0,0,0,0,0,0,1
1471,首利            ,1,0,1,0,0,0,0,0,0,0,0,0,0,0,0,0,1
2025,千興            ,1,0,1,0,0,0,0,0,0,0,0,0,0,0,0,0,1
2364,倫飛            ,1,0,1,0,0,0,0,0,0,0,0,0,0,0,0,0,1
3043,科風            ,1,0,1,0,0,0,0,0,0,0,0,0,0,0,0,0,1
3051,力特            ,1,0,1,0,0,0,0,0,0,0,0,0,0,0,0,0,1
056541,智原凱基98購03  ,0,0,0,0,0,0,0,0,0,0,0,0,0,150000,150000,0,0
05645P,聯發科凱基96售13,0,0,0,0,0,0,0,0,0,0,0,0,0,35000,35000,0,0
056483,TPK元大98購01   ,0,0,0,0,0,0,0,0,0,0,0,0,0,50000,50000,0,0
056686,可成統一98購01  ,0,0,0,0,0,0,0,0,0,0,0,0,0,48000,48000,0,0
056132,台光電元大97購03,0,0,0,0,0,0,0,0,0,0,0,0,0,4000,4000,0,0
056129,義隆麥證97購01  ,0,0,0,10000,10000,0,0,0,0,0,0,0,0,10000,10000,0,0
056134,可成元大97購06  ,0,0,0,0,0,0,0,0,0,0,0,0,0,50000,50000,0,0
056186,智原統一97購01  ,0,0,0,0,0,0,0,0,0,0,0,0,0,10000,10000,0,0
056248,康友群益97購04  ,0,0,0,0,0,0,0,0,0,0,0,0,0,10000,10000,0,0
056351,鴻海元大98購06  ,0,0,0,0,0,0,0,0,0,0,0,0,0,64000,64000,0,0
056352,鴻海元大99購01  ,0,0,0,0,0,0,0,0,0,0,0,0,0,59000,59000,0,0
056343,高鐵凱基98購02  ,0,0,0,0,0,0,0,0,0,0,0,0,0,68000,68000,0,0
055519,茂林中信99購01  ,0,0,0,0,0,0,0,0,0,0,0,0,0,110000,110000,0,0
055476,台郡凱基97購02  ,0,0,0,0,0,0,0,0,0,0,0,0,0,10000,10000,0,0
055598,欣興元大97購03  ,0,0,0,0,0,0,0,0,0,0,0,0,0,3000,3000,0,0
055584,國巨元大97購11  ,0,0,0,0,0,0,0,0,0,0,0,0,0,120000,120000,0,0
055693,南茂凱基97購01  ,0,0,0,0,0,0,0,0,0,0,0,0,0,178000,178000,0,0
055675,亞德客凱基97購02,0,0,0,0,0,0,0,0,0,0,0,0,0,20000,20000,0,0
055677,喬山凱基97購01  ,0,0,0,0,0,0,0,0,0,0,0,0,0,20000,20000,0,0
055719,可成元大97購03  ,0,0,0,0,0,0,0,0,0,0,0,0,0,18000,18000,0,0
055950,華新元大97購02  ,0,0,0,0,0,0,0,0,0,0,0,0,0,23000,23000,0,0
05587P,鴻海凱基96售12  ,0,0,0,0,0,0,0,0,0,0,0,0,0,10000,10000,0,0
05578P,鴻海凱基96售11  ,0,0,0,0,0,0,0,0,0,0,0,0,0,14000,14000,0,0
056112,勤誠永豐97購02  ,0,0,0,0,0,0,0,0,0,0,0,0,0,148000,148000,0,0
056062,大立光元大97購12,0,0,0,0,0,0,0,0,0,0,0,0,0,10000,10000,0,0
056064,大立光元大97購14,0,0,0,0,0,0,0,0,0,0,0,0,0,10000,10000,0,0
056068,欣興元大97購05  ,0,0,0,0,0,0,0,0,0,0,0,0,0,76000,76000,0,0
055972,GIS元大97購04   ,0,0,0,0,0,0,0,0,0,0,0,0,0,3000,3000,0,0
057582,亞光中信9A購02  ,0,0,0,0,0,0,0,0,0,0,0,0,0,38000,38000,0,0
05754P,臺股指中信99售03,0,0,0,0,0,0,0,0,0,0,0,0,0,2000,2000,0,0
057480,技嘉元大98購03  ,0,0,0,0,0,0,0,0,0,0,0,0,0,4000,4000,0,0
057484,南亞科元大98購06,0,0,0,0,0,0,0,0,0,0,0,0,0,6000,6000,0,0
057375,欣興元大98購09  ,0,0,0,0,0,0,0,0,0,0,0,0,0,57000,57000,0,0
057367,技嘉元大98購02  ,0,0,0,0,0,0,0,0,0,0,0,0,0,4000,4000,0,0
057405,麗豐群益98購01  ,0,0,0,0,0,0,0,0,0,0,0,0,0,10000,10000,0,0
057432,T50反1國票9B購01,0,0,0,0,0,0,0,0,0,0,0,0,0,350000,350000,0,0
057350,全新統一98購03  ,0,0,0,0,0,0,0,0,0,0,0,0,0,48000,48000,0,0
057363,華通元大99購02  ,0,0,0,0,0,0,0,0,0,0,0,0,0,15000,15000,0,0
057312,美律麥證98購01  ,0,0,0,20000,20000,0,0,0,0,0,0,0,0,20000,20000,0,0
057597,華通群益9A購02  ,0,0,0,0,0,0,0,0,0,0,0,0,0,6000,6000,0,0
057598,鴻海群益98購07  ,0,0,0,0,0,0,0,0,0,0,0,0,0,28000,28000,0,0
057600,大立光群益99購03,0,0,0,0,0,0,0,0,0,0,0,0,0,10000,10000,0,0
057636,上銀元大98購06  ,0,0,0,0,0,0,0,0,0,0,0,0,0,51000,51000,0,0
057637,上銀元大98購07  ,0,0,0,0,0,0,0,0,0,0,0,0,0,21000,21000,0,0
057639,國巨元大99購07  ,0,0,0,0,0,0,0,0,0,0,0,0,0,113000,113000,0,0
05768P,台積電凱基96售15,0,0,0,0,0,0,0,0,0,0,0,0,0,52000,52000,0,0
05769P,台積電凱基96售16,0,0,0,0,0,0,0,0,0,0,0,0,0,70000,70000,0,0
057670,欣興元大99購02  ,0,0,0,0,0,0,0,0,0,0,0,0,0,14000,14000,0,0
057857,牧德國票99購01  ,0,0,0,0,0,0,0,0,0,0,0,0,0,10000,10000,0,0
057830,T50反1台新02購02,0,0,0,0,0,0,0,0,0,0,0,0,0,5000,5000,0,0
057826,祥碩元大98購08  ,0,0,0,0,0,0,0,0,0,0,0,0,0,67000,67000,0,0
057827,康友元大98購03  ,0,0,0,0,0,0,0,0,0,0,0,0,0,10000,10000,0,0
057816,欣興元大98購13  ,0,0,0,0,0,0,0,0,0,0,0,0,0,26000,26000,0,0
057758,鴻海凱基99購03  ,0,0,0,0,0,0,0,0,0,0,0,0,0,15000,15000,0,0
057759,聯發科凱基98購17,0,0,0,0,0,0,0,0,0,0,0,0,0,30000,30000,0,0
056927,T50反1台新02購01,0,0,0,0,0,0,0,0,0,0,0,0,0,1000,1000,0,0
056890,國巨元大98購11  ,0,0,0,0,0,0,0,0,0,0,0,0,0,116000,116000,0,0
056905,欣興元大98購03  ,0,0,0,0,0,0,0,0,0,0,0,0,0,73000,73000,0,0
056899,可成元大98購01  ,0,0,0,0,0,0,0,0,0,0,0,0,0,6000,6000,0,0
056746,超眾凱基99購01  ,0,0,0,0,0,0,0,0,0,0,0,0,0,10000,10000,0,0
056735,國巨凱基99購02  ,0,0,0,0,0,0,0,0,0,0,0,0,0,5000,5000,0,0
056841,友達元富98購03  ,0,0,0,0,0,0,0,0,0,0,0,0,0,190000,190000,0,0
057179,可成元大98購04  ,0,0,0,0,0,0,0,0,0,0,0,0,0,145000,145000,0,0
057162,上銀元大98購03  ,0,0,0,0,0,0,0,0,0,0,0,0,0,31000,31000,0,0
057172,南亞科元大98購03,0,0,0,0,0,0,0,0,0,0,0,0,0,19000,19000,0,0
057173,南亞科元大98購04,0,0,0,0,0,0,0,0,0,0,0,0,0,41000,41000,0,0
057195,南茂元大98購01  ,0,0,0,0,0,0,0,0,0,0,0,0,0,5000,5000,0,0
057286,群創元大9B購05  ,0,0,0,0,0,0,0,0,0,0,0,0,0,6000,6000,0,0
057228,友達凱基9B購01  ,0,0,0,0,0,0,0,0,0,0,0,0,0,10000,10000,0,0
057019,台積電凱基98購14,0,0,0,0,0,0,0,0,0,0,0,0,0,30000,30000,0,0
057132,華新科凱基98購05,0,0,0,0,0,0,0,0,0,0,0,0,0,30000,30000,0,0
00668K,國泰美國道瓊+U  ,0,0,0,0,0,0,0,0,0,0,0,0,0,100,100,0,0
0057,富邦摩台        ,0,0,0,0,0,0,0,0,0,0,0,0,0,22000,22000,0,0
0054,元大台商50      ,0,0,0,0,0,0,0,0,0,0,0,0,0,1000,1000,0,0
00636K,國泰中國A50+U   ,0,0,0,0,0,0,0,0,0,0,0,0,0,100,100,0,0
00691R,兆豐藍籌30反1   ,0,0,0,0,0,0,0,0,0,0,0,0,0,3000,3000,0,0
00732,國泰RMB短期報酬 ,0,0,0,0,0,0,0,0,0,0,0,0,0,100000,100000,0,0
00774B,新光中國政金綠債,0,0,0,0,0,0,0,0,0,0,0,0,0,2000,2000,0,0
03956P,欣興統一93售02  ,0,0,0,0,0,0,0,0,0,0,0,0,0,17000,17000,0,0
03171P,台積電中信05售07,0,0,0,0,0,0,0,0,0,0,0,0,0,240000,240000,0,0
03052X,元展49          ,0,0,0,0,0,0,0,0,0,0,0,0,0,1000,1000,0,0
03421B,臺股指元大99熊01,0,0,0,0,0,0,0,0,0,0,0,0,0,2000,2000,0,0
03429B,臺股指元富97熊07,4000,0,4000,0,0,0,0,0,0,-4000,0,0,0,0,4000,-4000,0
04419P,奇力新永豐94售01,0,0,0,0,0,0,0,0,0,0,0,0,0,30000,30000,0,0
044304,臻鼎兆豐93購01  ,0,0,0,0,0,0,0,0,0,0,0,0,0,40000,40000,0,0
045759,T50反1統一94購02,0,0,0,0,0,0,0,0,0,0,0,0,0,240000,240000,0,0
044011,鴻海凱基93購03  ,0,0,0,0,0,0,0,0,0,0,0,0,0,17000,17000,0,0
045782,欣興元大93購04  ,0,0,0,0,0,0,0,0,0,0,0,0,0,6000,6000,0,0
045818,鴻海凱基93購10  ,0,0,0,0,0,0,0,0,0,0,0,0,0,10000,10000,0,0
04553P,S&P正2中信95售01,0,0,0,0,0,0,0,0,0,0,0,0,0,20000,20000,0,0
04209P,臺股指日盛93售01,0,0,0,0,0,0,0,0,0,0,0,0,0,110000,110000,0,0
045660,欣興富邦93購03  ,0,0,0,0,0,0,0,0,0,0,0,0,0,5000,5000,0,0
045585,欣興元大93購03  ,0,0,0,0,0,0,0,0,0,0,0,0,0,6000,6000,0,0
04564P,大立光凱基94售06,0,0,0,0,0,0,0,0,0,0,0,0,0,2000,2000,0,0
04207P,臺股指元大93售47,0,0,0,0,0,0,0,0,0,0,0,0,0,980000,980000,0,0
04534P,臻鼎元富94售03  ,0,0,0,0,0,0,0,0,0,0,0,0,0,10000,10000,0,0
045401,大立光兆豐93購01,0,0,0,0,0,0,0,0,0,0,0,0,0,10000,10000,0,0
042037,台灣50群益93購03,0,0,0,0,0,0,0,0,0,0,0,0,0,10000,10000,0,0
03788P,聯發科群益94售02,0,0,0,0,0,0,0,0,0,0,0,0,0,20000,20000,0,0
049139,台積電元大94購06,0,0,0,0,0,0,0,0,0,0,0,0,0,99000,99000,0,0
048980,嘉澤元大94購02  ,0,0,0,0,0,0,0,0,0,0,0,0,0,8000,8000,0,0
048975,玉晶光元大94購03,0,0,0,0,0,0,0,0,0,0,0,0,0,6000,6000,0,0
048986,訊連元大94購01  ,0,0,0,0,0,0,0,0,0,0,0,0,0,10000,10000,0,0
048990,台表科元大94購01,0,0,0,0,0,0,0,0,0,0,0,0,0,3000,3000,0,0
04757P,元油2X凱基94售04,0,0,0,0,0,0,0,0,0,0,0,0,0,10000,10000,0,0
04344P,台達電國泰94售01,0,0,0,0,0,0,0,0,0,0,0,0,0,20000,20000,0,0
043757,欣興元大93購01  ,0,0,0,0,0,0,0,0,0,0,0,0,0,5000,5000,0,0
045837,群創群益98購02  ,0,0,0,0,0,0,0,0,0,0,0,0,0,17000,17000,0,0
04587P,聯發科永豐94售02,0,0,0,0,0,0,0,0,0,0,0,0,0,1000,1000,0,0
044466,和大群益93購01  ,0,0,0,0,0,0,0,0,0,0,0,0,0,10000,10000,0,0
04446P,元油2X凱基94售03,0,0,0,0,0,0,0,0,0,0,0,0,0,10000,10000,0,0
044735,光磊國泰93購01  ,0,0,0,0,0,0,0,0,0,0,0,0,0,7000,7000,0,0
045115,玉晶光永豐94購01,0,0,0,0,0,0,0,0,0,0,0,0,0,1000,1000,0,0
046148,友達中信94購01  ,0,0,0,0,0,0,0,0,0,0,0,0,0,20000,20000,0,0
04502P,元油2X元富98售08,0,0,0,0,0,0,0,0,0,0,10000,0,10000,70000,80000,-10000,0
044987,宏達電統一94購01,0,0,0,0,0,0,0,0,0,0,0,0,0,10000,10000,0,0
045015,玉晶光元大94購01,0,0,0,0,0,0,0,0,0,0,0,0,0,10000,10000,0,0
043599,宏達電元大93購03,0,0,0,0,0,0,0,0,0,0,0,0,0,10000,10000,0,0
042173,台灣50永豐93購01,0,0,0,0,0,0,0,0,0,0,0,0,0,27000,27000,0,0
046208,滬深2X元富95購03,0,0,0,0,0,0,0,0,0,0,0,0,0,10000,10000,0,0
046465,GIS凱基95購01   ,0,0,0,0,0,0,0,0,0,0,0,0,0,1000,1000,0,0
048033,大立光凱基93購28,0,0,0,0,0,0,0,0,0,0,0,0,0,110000,110000,0,0
04801P,矽力元大94售02  ,0,0,0,0,0,0,0,0,0,0,0,0,0,30000,30000,0,0
048007,明基材元大96購01,0,0,0,0,0,0,0,0,0,0,0,0,0,128000,128000,0,0
048192,華通元大96購01  ,0,0,0,0,0,0,0,0,0,0,0,0,0,158000,158000,0,0
048094,大立光凱基93購31,0,0,0,0,0,0,0,0,0,0,0,0,0,20000,20000,0,0
047801,臺股指兆豐93購01,0,0,0,0,0,0,0,0,0,0,0,0,0,8000,8000,0,0
047797,臺股指群益93購08,0,0,0,0,0,0,0,0,0,0,0,0,0,617000,617000,0,0
047772,泰鼎元大93購05  ,0,0,0,0,0,0,0,0,0,0,0,0,0,1000,1000,0,0
047711,華新科凱基94購03,0,0,0,0,0,0,0,0,0,0,0,0,0,30000,30000,0,0
047316,大立光元大94購01,0,0,0,0,0,0,0,0,0,0,0,0,0,60000,60000,0,0
046949,群創元大99購01  ,0,0,0,0,0,0,0,0,0,0,0,0,0,26000,26000,0,0
047295,欣興元富96購02  ,0,0,0,0,0,0,0,0,0,0,0,0,0,10000,10000,0,0
047207,晶技國泰94購01  ,0,0,0,0,0,0,0,0,0,0,0,0,0,15000,15000,0,0
046562,大立光凱基95購01,0,0,0,0,0,0,0,0,0,0,0,0,0,10000,10000,0,0
04661P,臺股指富邦94售04,0,0,0,0,0,0,0,0,0,0,0,0,0,130000,130000,0,0
046649,致伸國泰94購01  ,0,0,0,0,0,0,0,0,0,0,0,0,0,1000,1000,0,0
04681P,臺股指統一94售06,0,0,0,0,0,0,0,0,0,0,0,0,0,190000,190000,0,0
048544,欣興永豐94購01  ,0,0,0,0,0,0,0,0,0,0,0,0,0,6000,6000,0,0
048534,貿聯國票94購01  ,0,0,0,0,0,0,0,0,0,0,0,0,0,20000,20000,0,0
048557,瑞昱元大94購01  ,0,0,0,0,0,0,0,0,0,0,0,0,0,32000,32000,0,0
048483,可成國泰95購01  ,0,0,0,0,0,0,0,0,0,0,0,0,0,40000,40000,0,0
048567,台郡元大93購03  ,0,0,0,0,0,0,0,0,0,0,0,0,0,10000,10000,0,0
048584,欣興富邦95購01  ,0,0,0,0,0,0,0,0,0,0,0,0,0,9000,9000,0,0
048582,國泰金富邦93購01,0,0,0,0,0,0,0,0,0,0,0,0,0,16000,16000,0,0
048636,鴻海元大94購05  ,0,0,0,0,0,0,0,0,0,0,0,0,0,48000,48000,0,0
048637,鴻海元大96購01  ,0,0,0,0,0,0,0,0,0,0,0,0,0,86000,86000,0,0
048664,華新科統一94購01,0,0,0,0,0,0,0,0,0,0,0,0,0,20000,20000,0,0
048658,鴻海統一93購09  ,0,0,0,0,0,0,0,0,0,0,0,0,0,20000,20000,0,0
048406,欣興群益93購09  ,0,0,0,0,0,0,0,0,0,0,0,0,0,1000,1000,0,0
048466,卜蜂康和93購01  ,0,1000,-1000,0,0,0,0,0,0,1000,0,0,0,1000,0,1000,0
048207,臺股指元大93購41,0,0,0,0,0,0,0,0,0,0,0,0,0,730000,730000,0,0
048208,臺股指元大93購42,0,0,0,0,0,0,0,0,0,0,0,0,0,20000,20000,0,0
047543,鴻海凱基94購09  ,0,0,0,0,0,0,0,0,0,0,0,0,0,1000,1000,0,0
048782,亞泥元大94購01  ,0,0,0,0,0,0,0,0,0,0,0,0,0,30000,30000,0,0
048780,臺股指凱基94購03,0,0,0,0,0,0,0,0,0,0,0,0,0,10000,10000,0,0
051906,國巨元大95購09  ,0,0,0,0,0,0,0,0,0,0,0,0,0,224000,224000,0,0
051878,鴻海台新96購01  ,0,0,0,0,0,0,0,0,0,0,0,0,0,100000,100000,0,0
048820,台積電凱基94購06,0,0,0,0,0,0,0,0,0,0,0,0,0,5000,5000,0,0
051578,智邦元大96購01  ,0,0,0,0,0,0,0,0,0,0,0,0,0,52000,52000,0,0
051913,緯創元大96購01  ,0,0,0,0,0,0,0,0,0,0,0,0,0,337000,337000,0,0
051919,台郡元大96購02  ,0,0,0,0,0,0,0,0,0,0,0,0,0,27000,27000,0,0
051540,力成國票95購01  ,0,0,0,0,0,0,0,0,0,0,0,0,0,30000,30000,0,0
051707,欣興群益95購02  ,0,0,0,0,0,0,0,0,0,0,0,0,0,9000,9000,0,0
051762,國泰金元大95購01,0,0,0,0,0,0,0,0,0,0,0,0,0,160000,160000,0,0
051764,欣興元大95購07  ,0,0,0,0,0,0,0,0,0,0,0,0,0,6000,6000,0,0
051672,玉晶光元大96購03,0,0,0,0,0,0,0,0,0,0,0,0,0,1000,1000,0,0
051669,建準元大95購01  ,0,0,0,0,0,0,0,0,0,0,0,0,0,13000,13000,0,0
050022,鴻海元大94購11  ,0,0,0,0,0,0,0,0,0,0,0,0,0,11000,11000,0,0
050056,國巨凱基94購04  ,0,0,0,0,0,0,0,0,0,0,0,0,0,16000,16000,0,0
050057,國巨凱基94購05  ,0,0,0,0,0,0,0,0,0,0,0,0,0,10000,10000,0,0
050969,台郡永豐95購01  ,0,0,0,0,0,0,0,0,0,0,0,0,0,50000,50000,0,0
050113,欣興元大95購05  ,0,0,0,0,0,0,0,0,0,0,0,0,0,4000,4000,0,0
052570,華新科凱基96購06,0,0,0,0,0,0,0,0,0,0,0,0,0,30000,30000,0,0
052636,大立光凱基96購10,0,0,0,0,0,0,0,0,0,0,0,0,0,100000,100000,0,0
052608,欣興元大97購01  ,0,0,0,0,0,0,0,0,0,0,0,0,0,6000,6000,0,0
051028,台光電元富95購02,0,0,0,0,0,0,0,0,0,0,0,0,0,40000,40000,0,0
050085,國泰金元富94購01,0,0,0,0,0,0,0,0,0,0,0,0,0,10000,10000,0,0
05243P,鴻海元大95售19  ,0,0,0,0,0,0,0,0,0,0,0,0,0,59000,59000,0,0
052416,滬深2X兆豐96購02,0,0,0,0,0,0,0,0,0,0,0,0,0,100000,100000,0,0
052417,聯發科兆豐9B購01,0,0,0,0,0,0,0,0,0,0,0,0,0,50000,50000,0,0
052525,聯詠元大95購06  ,0,0,0,0,0,0,0,0,0,0,0,0,0,1000,1000,0,0
052676,聯發科永昌98購01,0,0,0,0,0,0,0,0,0,0,0,0,0,491000,491000,0,0
052529,力成元大95購03  ,0,0,0,0,0,0,0,0,0,0,0,0,0,5000,5000,0,0
052520,南亞科元大95購06,0,0,0,0,0,0,0,0,0,0,0,0,0,33000,33000,0,0
052754,上証2X群益9A購01,0,0,0,0,0,0,0,0,0,0,0,0,0,1000,1000,0,0
052718,新唐凱基96購01  ,0,0,0,0,0,0,0,0,0,0,0,0,0,20000,20000,0,0
052695,台表科中信98購01,0,0,0,0,0,0,0,0,0,0,0,0,0,10000,10000,0,0
050779,超眾元大96購03  ,0,0,0,0,0,0,0,0,0,0,0,0,0,1000,1000,0,0
050753,百和統一94購01  ,0,0,0,0,0,0,0,0,0,0,0,0,0,205000,205000,0,0
052274,大立光群益95購03,0,0,0,0,0,0,0,0,0,0,0,0,0,19000,19000,0,0
049812,致伸元大94購03  ,0,0,0,0,0,0,0,0,0,0,0,0,0,10000,10000,0,0
049815,緯穎元大94購06  ,0,0,0,0,0,0,0,0,0,0,0,0,0,2000,2000,0,0
049816,緯穎元大94購07  ,0,0,0,0,0,0,0,0,0,0,0,0,0,1000,1000,0,0
049810,欣興元大95購03  ,0,0,0,0,0,0,0,0,0,0,0,0,0,6000,6000,0,0
049855,台表科群益94購01,0,0,0,0,0,0,0,0,0,0,0,0,0,20000,20000,0,0
049846,台泥群益94購01  ,0,0,0,0,0,0,0,0,0,0,0,0,0,40000,40000,0,0
050864,亞光永豐95購01  ,0,0,0,0,0,0,0,0,0,0,0,0,0,2000,2000,0,0
050865,欣興永豐95購01  ,0,0,0,0,0,0,0,0,0,0,0,0,0,8000,8000,0,0
050809,鴻海凱基95購08  ,0,0,0,0,0,0,0,0,0,0,0,0,0,28000,28000,0,0
050811,國巨凱基95購02  ,0,0,0,0,0,0,0,0,0,0,0,0,0,6000,6000,0,0
049892,國巨富邦96購01  ,0,0,0,0,0,0,0,0,0,0,0,0,0,24000,24000,0,0
049907,鴻海元大94購07  ,0,0,0,0,0,0,0,0,0,0,0,0,0,22000,22000,0,0
049908,鴻海元大94購08  ,0,0,0,0,0,0,0,0,0,0,0,0,0,17000,17000,0,0
051350,台積電元大95購14,0,0,0,0,0,0,0,0,0,0,0,0,0,20000,20000,0,0
05135P,鴻海凱基96售07  ,0,0,0,0,0,0,0,0,0,0,0,0,0,22000,22000,0,0
049929,祥碩元大94購03  ,0,0,0,0,0,0,0,0,0,0,0,0,0,2000,2000,0,0
049934,緯穎元大94購08  ,0,0,0,0,0,0,0,0,0,0,0,0,0,11000,11000,0,0
051205,華新科麥證95購02,0,0,0,20000,20000,0,0,0,0,0,0,0,0,20000,20000,0,0
051230,聯詠群益95購01  ,0,0,0,0,0,0,0,0,0,0,0,0,0,11000,11000,0,0
051160,亞德客元大95購02,0,0,0,0,0,0,0,0,0,0,0,0,0,30000,30000,0,0
051337,欣興永豐95購02  ,0,0,0,0,0,0,0,0,0,0,0,0,0,5000,5000,0,0
051344,鴻海元大95購08  ,0,0,0,0,0,0,0,0,0,0,0,0,0,100000,100000,0,0
051254,健策元大96購04  ,0,0,0,0,0,0,0,0,0,0,0,0,0,6000,6000,0,0
051257,光寶科國泰96購01,0,0,0,0,0,0,0,0,0,0,0,0,0,25000,25000,0,0
05125P,鴻海群益95售06  ,0,0,0,0,0,0,0,0,0,0,0,0,0,10000,10000,0,0
04964P,鴻海元大94售26  ,0,0,0,0,0,0,0,0,0,0,0,0,0,22000,22000,0,0
049713,鴻海凱基94購17  ,0,0,0,0,0,0,0,0,0,0,0,0,0,3000,3000,0,0
049714,國巨凱基94購02  ,0,0,0,0,0,0,0,0,0,0,0,0,0,27000,27000,0,0
049705,緯穎元大94購05  ,0,0,0,0,0,0,0,0,0,0,0,0,0,2000,2000,0,0
05217P,鴻海統一95售08  ,0,0,0,0,0,0,0,0,0,0,0,0,0,5000,5000,0,0
052188,欣興群益95購03  ,0,0,0,0,0,0,0,0,0,0,0,0,0,10000,10000,0,0
052015,漢唐永豐95購02  ,0,0,0,0,0,0,0,0,0,0,0,0,0,68000,68000,0,0
052026,漢唐群益95購01  ,0,0,0,0,0,0,0,0,0,0,0,0,0,20000,20000,0,0
052077,可成元富98購02  ,0,0,0,0,0,0,0,0,0,0,0,0,0,10000,10000,0,0
052128,聯發科日盛95購03,0,0,0,0,0,0,0,0,0,0,0,0,0,30000,30000,0,0
052101,滬深2X兆豐96購01,0,0,0,0,0,0,0,0,0,0,0,0,0,310000,310000,0,0
052096,力成元大95購01  ,0,0,0,0,0,0,0,0,0,0,0,0,0,10000,10000,0,0
051408,台積電國票95購03,0,0,0,0,0,0,0,0,0,0,0,0,0,166000,166000,0,0
052398,瑞昱凱基95購06  ,0,0,0,0,0,0,0,0,0,0,0,0,0,20000,20000,0,0
052372,台泥元大95購02  ,0,0,0,0,0,0,0,0,0,0,0,0,0,11000,11000,0,0
051831,緯穎元大96購04  ,0,0,0,0,0,0,0,0,0,0,0,0,0,4000,4000,0,0
05050P,華通群益96售02  ,0,0,0,0,0,0,0,0,0,0,0,0,0,70000,70000,0,0
049580,國巨元大94購07  ,0,0,0,0,0,0,0,0,0,0,0,0,0,2000,2000,0,0
050366,鴻海元大94購19  ,0,0,0,0,0,0,0,0,0,0,0,0,0,161000,161000,0,0
05036P,義隆元大95售03  ,0,0,0,0,0,0,0,0,0,0,0,0,0,75000,75000,0,0
050329,超眾永豐94購03  ,0,0,0,0,0,0,0,0,0,0,0,0,0,50000,50000,0,0
050426,國巨凱基94購14  ,0,0,0,0,0,0,0,0,0,0,0,0,0,12000,12000,0,0
050446,鴻海元大94購22  ,0,0,0,0,0,0,0,0,0,0,0,0,0,55000,55000,0,0
050458,台郡元大94購03  ,0,0,0,0,0,0,0,0,0,0,0,0,0,2000,2000,0,0
050464,華通國泰95購01  ,0,0,0,0,0,0,0,0,0,0,0,0,0,13000,13000,0,0
050727,華新科國票94購09,0,0,0,0,0,0,0,0,0,0,0,0,0,2000,2000,0,0
050660,欣興元大96購02  ,0,0,0,0,0,0,0,0,0,0,0,0,0,4000,4000,0,0
050677,光寶科統一94購01,0,0,0,0,0,0,0,0,0,0,0,0,0,50000,50000,0,0
050210,華新科國票94購08,0,0,0,0,0,0,0,0,0,0,0,0,0,10000,10000,0,0
050229,鴻海麥證94購02  ,0,0,0,0,2000,-2000,0,0,0,0,0,0,0,2000,2000,0,0
050269,欣興元大94購09  ,0,0,0,0,0,0,0,0,0,0,0,0,0,5000,5000,0,0
050274,GIS元大94購05   ,0,0,0,0,0,0,0,0,0,0,0,0,0,120000,120000,0,0
050259,鴻海元大94購14  ,0,0,0,0,0,0,0,0,0,0,0,0,0,50000,50000,0,0
049796,國巨元大94購10  ,0,0,0,0,0,0,0,0,0,0,0,0,0,1000,1000,0,0
049495,欣興元大94購06  ,0,0,0,0,0,0,0,0,0,0,0,0,0,4000,4000,0,0
049501,台郡元大95購01  ,0,0,0,0,0,0,0,0,0,0,0,0,0,1000,1000,0,0
049441,T50反1統一94購05,0,0,0,0,0,0,0,0,0,0,0,0,0,1000,1000,0,0
049403,欣興群益94購03  ,0,0,0,0,0,0,0,0,0,0,0,0,0,1000,1000,0,0
049366,聯發科元大94購05,0,0,0,0,0,0,0,0,0,0,0,0,0,200000,200000,0,0
049380,欣興元大94購04  ,0,0,0,0,0,0,0,0,0,0,0,0,0,4000,4000,0,0
049381,欣興元大94購05  ,0,0,0,0,0,0,0,0,0,0,0,0,0,5000,5000,0,0
049229,台化富邦94購01  ,0,0,0,0,0,0,0,0,0,0,0,0,0,20000,20000,0,0
054820,新日興元大97購01,0,0,0,0,0,0,0,0,0,0,0,0,0,70000,70000,0,0
054866,宏盛群益98購01  ,0,0,0,0,0,0,0,0,0,0,0,0,0,10000,10000,0,0
054739,義隆凱基98購02  ,0,0,0,0,0,0,0,0,0,0,0,0,0,10000,10000,0,0
054653,聯發科麥證97購02,0,0,0,300000,300000,0,0,0,0,0,0,0,0,300000,300000,0,0
05457P,鴻海凱基95售20  ,0,0,0,0,0,0,0,0,0,0,0,0,0,42000,42000,0,0
054265,GIS元大96購03   ,0,0,0,0,0,0,0,0,0,0,0,0,0,3000,3000,0,0
054286,台積電元大96購22,0,0,0,0,0,0,0,0,0,0,0,0,0,20000,20000,0,0
05443P,宏達電元大95售05,0,0,0,0,0,0,0,0,0,0,0,0,0,100000,100000,0,0
054538,台光電國票98購01,0,0,0,0,0,0,0,0,0,0,0,0,0,22000,22000,0,0
054515,華通元大98購02  ,0,0,0,0,0,0,0,0,0,0,0,0,0,7000,7000,0,0
055321,大立光國票98購02,0,0,0,0,0,0,0,0,0,0,0,0,0,45000,45000,0,0
055228,聯發科國票98購03,0,0,0,0,0,0,0,0,0,0,0,0,0,20000,20000,0,0
055223,和大國票98購01  ,0,0,0,0,0,0,0,0,0,0,0,0,0,10000,10000,0,0
055426,旺宏群益99購02  ,0,0,0,0,0,0,0,0,0,0,0,0,0,11000,11000,0,0
055427,技嘉群益98購01  ,0,0,0,0,0,0,0,0,0,0,0,0,0,65000,65000,0,0
055465,和大凱基97購03  ,0,0,0,0,0,0,0,0,0,0,0,0,0,2000,2000,0,0
055025,華新科國泰98購02,0,0,0,0,0,0,0,0,0,0,0,0,0,41000,41000,0,0
055010,佐登元富97購01  ,0,0,0,0,0,0,0,0,0,0,0,0,0,80000,80000,0,0
054940,台積電元大97購16,0,0,0,0,0,0,0,0,0,0,0,0,0,1060000,1060000,0,0
054931,緯穎凱基98購01  ,0,0,0,0,0,0,0,0,0,0,0,0,0,34000,34000,0,0
054939,台積電元大97購15,0,0,0,0,0,0,0,0,0,0,0,0,0,1191000,1191000,0,0
054935,華通元大98購03  ,0,0,0,0,0,0,0,0,0,0,0,0,0,10000,10000,0,0
055169,光罩統一99購01  ,0,0,0,0,0,0,0,0,0,0,0,0,0,20000,20000,0,0
055139,欣興永豐97購01  ,0,0,0,0,0,0,0,0,0,0,0,0,0,7000,7000,0,0
053158,茂林元大96購01  ,0,0,0,0,0,0,0,0,0,0,0,0,0,14000,14000,0,0
053089,貿聯元大97購02  ,0,0,0,0,0,0,0,0,0,0,0,0,0,5000,5000,0,0
053093,緯穎元大96購06  ,0,0,0,0,0,0,0,0,0,0,0,0,0,22000,22000,0,0
053100,美律元富96購01  ,0,0,0,0,0,0,0,0,0,0,0,0,0,10000,10000,0,0
053075,欣興永豐96購01  ,0,0,0,0,0,0,0,0,0,0,0,0,0,6000,6000,0,0
053030,南亞科第一96購01,0,0,0,0,0,0,0,0,0,0,0,0,0,5000,5000,0,0
052848,聯發科統一96購03,0,0,0,0,0,0,0,0,0,0,0,0,0,30000,30000,0,0
052900,大成鋼國票97購01,0,0,0,0,0,0,0,0,0,0,0,0,0,320000,320000,0,0
052982,鴻海元大97購06  ,0,0,0,0,0,0,0,0,0,0,0,0,0,10000,10000,0,0
052990,超眾元大97購01  ,0,0,0,0,0,0,0,0,0,0,0,0,0,18000,18000,0,0
052963,智邦凱基96購02  ,0,0,0,0,0,0,0,0,0,0,0,0,0,40000,40000,0,0
052969,建準群益97購01  ,0,0,0,0,0,0,0,0,0,0,0,0,0,76000,76000,0,0
052933,祥碩元大96購01  ,0,0,0,0,0,0,0,0,0,0,0,0,0,2000,2000,0,0
05328P,臺股指凱基95售12,0,0,0,0,0,0,0,0,0,0,0,0,0,2000,2000,0,0
053336,元油反國票9B購02,0,0,0,0,0,0,0,0,0,0,0,0,0,50000,50000,0,0
05340P,臺股指國票95售08,0,0,0,0,0,0,0,0,0,0,10000,0,10000,30000,40000,-10000,0
053395,致茂中信96購01  ,0,0,0,0,0,0,0,0,0,0,0,0,0,138000,138000,0,0
053381,友達元大9A購02  ,0,0,0,0,0,0,0,0,0,0,0,0,0,71000,71000,0,0
053446,欣興凱基96購02  ,0,0,0,0,0,0,0,0,0,0,0,0,0,25000,25000,0,0
053480,祥碩元大96購02  ,0,0,0,0,0,0,0,0,0,0,0,0,0,9000,9000,0,0
054078,鴻海中信98購01  ,0,0,0,0,0,0,0,0,0,0,0,0,0,2000,2000,0,0
054206,鴻海國票99購01  ,0,0,0,0,0,0,0,0,0,0,0,0,0,20000,20000,0,0
054017,茂林永豐96購02  ,0,0,0,0,0,0,0,0,0,0,0,0,0,12000,12000,0,0
053984,康友元大96購05  ,0,0,0,0,0,0,0,0,0,0,0,0,0,56000,56000,0,0
053989,奇力新兆豐97購01,0,0,0,0,0,0,0,0,0,0,0,0,0,10000,10000,0,0
053940,康友元富96購01  ,0,0,0,0,0,0,0,0,0,0,0,0,0,50000,50000,0,0
053964,上銀元大96購05  ,0,0,0,0,0,0,0,0,0,0,0,0,0,42000,42000,0,0
053891,欣興群益98購01  ,0,0,0,0,0,0,0,0,0,0,0,0,0,4000,4000,0,0
053780,南亞科元大96購03,0,0,0,0,0,0,0,0,0,0,0,0,0,47000,47000,0,0
053786,新日興元大96購02,0,0,0,0,0,0,0,0,0,0,0,0,0,50000,50000,0,0
053719,可成凱基96購08  ,0,0,0,0,0,0,0,0,0,0,0,0,0,11000,11000,0,0
05371P,臺股指中信95售10,0,0,0,0,0,0,0,0,0,0,0,0,0,30000,30000,0,0
053709,台達電凱基96購04,0,0,0,0,0,0,0,0,0,0,0,0,0,50000,50000,0,0
053676,新光金國泰98購02,0,0,0,0,0,0,0,0,0,0,0,0,0,129000,129000,0,0
053684,台積電元大96購17,0,0,0,0,0,0,0,0,0,0,0,0,0,718000,718000,0,0
053592,亞光元大96購01  ,0,0,0,0,0,0,0,0,0,0,0,0,0,1000,1000,0,0
053586,建準元大96購01  ,0,0,0,0,0,0,0,0,0,0,0,0,0,14000,14000,0,0
5533,皇鼎            ,16000,16000,0,0,0,0,0,0,0,0,0,0,0,0,0,0,0
9937,全國            ,4000,0,4000,0,0,0,0,0,0,-4000,0,4000,-4000,0,0,0,0
911616,杜康-DR         ,3000,3000,0,0,0,0,0,0,0,0,0,0,0,0,0,0,0
8443,阿瘦            ,1000,1000,0,0,0,0,0,0,0,0,0,0,0,0,0,0,0
8201,無敵            ,9000,9000,0,0,0,0,0,0,0,0,0,0,0,0,0,0,0
2430,燦坤            ,67000,67000,0,0,0,0,0,0,0,0,0,0,0,0,0,0,0
2012,春雨            ,1000,1000,0,0,0,0,0,0,0,0,0,0,0,0,0,0,0
2712,遠雄來          ,1000,1000,0,0,0,0,0,0,0,0,0,0,0,0,0,0,0
1529,樂士            ,5000,5000,0,0,0,0,0,0,0,0,0,0,0,0,0,0,0
06926P,可成群益9A售04  ,0,0,0,0,0,0,0,0,0,0,0,0,0,51000,51000,0,0
08388P,台灣50中信03售09,0,0,0,0,0,0,0,0,0,0,0,0,0,730000,730000,0,0
06887P,華新科元大98售04,0,0,0,0,0,0,0,0,0,0,0,0,0,2000,2000,0,0
06909P,元油2X元大98售22,0,0,0,0,0,0,0,0,0,0,140000,0,140000,240000,380000,-140000,0
06474P,鴻海富邦98售03  ,0,0,0,0,0,0,0,0,0,0,0,0,0,19000,19000,0,0
06511P,元油2X中信9B售01,0,0,0,0,0,0,0,0,0,0,0,0,0,70000,70000,0,0
06445P,大立光凱基98售09,0,0,0,0,0,0,0,0,0,0,0,0,0,5000,5000,0,0
06337P,祥碩元大97售05  ,0,0,0,0,0,0,0,0,0,0,0,0,0,115000,115000,0,0
06231P,台積電永豐97售05,0,0,0,0,0,0,0,0,0,0,0,0,0,10000,10000,0,0
06267P,大立光凱基97售12,0,0,0,0,0,0,0,0,0,0,0,0,0,5000,5000,0,0
06276P,臺股指凱基97售08,0,0,0,0,0,0,0,0,0,0,0,0,0,194000,194000,0,0
06302P,臺股指元大97售06,0,0,0,0,0,0,0,0,0,0,0,0,0,5000,5000,0,0
06776P,鴻海元大99售05  ,0,0,0,0,0,0,0,0,0,0,0,0,0,77000,77000,0,0
06718P,聯詠元大98售01  ,0,0,0,0,0,0,0,0,0,0,0,0,0,10000,10000,0,0
06546P,聯發科元大98售05,0,0,0,0,0,0,0,0,0,0,0,0,0,30000,30000,0,0
06530P,元油2X元富98售13,0,0,0,0,0,0,0,0,0,0,0,0,0,70000,70000,0,0
06531P,元油2X元富98售14,0,0,0,0,0,0,0,0,0,0,80000,0,80000,60000,140000,-80000,0
06535P,可成群益99售02  ,0,0,0,0,0,0,0,0,0,0,0,0,0,51000,51000,0,0
06667P,鴻海凱基98售11  ,0,0,0,0,0,0,0,0,0,0,0,0,0,7000,7000,0,0
058048,群創元大9B購07  ,0,0,0,0,0,0,0,0,0,0,0,0,0,30000,30000,0,0
058084,大立光群益98購04,0,0,0,0,0,0,0,0,0,0,0,0,0,19000,19000,0,0
058091,欣興元大99購03  ,0,0,0,0,0,0,0,0,0,0,0,0,0,6000,6000,0,0
058167,鴻海凱基9A購03  ,0,0,0,0,0,0,0,0,0,0,0,0,0,4000,4000,0,0
058189,嘉澤永豐99購01  ,0,0,0,0,0,0,0,0,0,0,0,0,0,10000,10000,0,0
058190,貿聯永豐99購01  ,0,0,0,0,0,0,0,0,0,0,0,0,0,50000,50000,0,0
058141,嘉聯益元大99購05,0,0,0,0,0,0,0,0,0,0,0,0,0,14000,14000,0,0
057971,華新科富邦9B購02,0,0,0,0,0,0,0,0,0,0,0,0,0,38000,38000,0,0
057955,技嘉元大98購07  ,0,0,0,0,0,0,0,0,0,0,0,0,0,11000,11000,0,0
058030,國巨永豐98購08  ,0,0,0,0,0,0,0,0,0,0,0,0,0,2000,2000,0,0
058033,景碩永豐98購02  ,0,0,0,0,0,0,0,0,0,0,0,0,0,33000,33000,0,0
057874,可成元大99購02  ,0,0,0,0,0,0,0,0,0,0,0,0,0,59000,59000,0,0
057876,隆達元大98購01  ,0,0,0,0,0,0,0,0,0,0,0,0,0,20000,20000,0,0
057882,華通群益9A購03  ,0,0,0,0,0,0,0,0,0,0,0,0,0,14000,14000,0,0
05872P,大立光凱基96售15,0,0,0,0,0,0,0,0,0,0,0,0,0,5000,5000,0,0
05967P,臺股指麥證96售02,0,0,0,1000,1000,0,0,0,0,0,0,0,0,1000,1000,0,0
05969P,台積電台新96售04,0,0,0,0,0,0,0,0,0,0,0,0,0,10000,10000,0,0
05933P,鴻海凱基97售03  ,0,0,0,0,0,0,0,0,0,0,0,0,0,30000,30000,0,0
2516,新建            ,3001,4000,-999,0,0,0,0,0,0,0,0,0,0,0,0,0,-999
057079,台積電統一9A購02,0,0,0,0,0,0,0,0,0,-1000,0,0,0,384000,385000,-1000,-1000
057000,亞德客國票99購01,0,0,0,0,0,0,0,0,0,-1000,0,0,0,10000,11000,-1000,-1000
057051,群創元大9B購03  ,0,0,0,0,0,0,0,0,0,-1000,0,0,0,11000,12000,-1000,-1000
057252,牧德元富98購01  ,0,0,0,0,0,0,0,0,0,-1000,0,0,0,0,1000,-1000,-1000
057208,上海銀元富98購01,0,0,0,0,0,0,0,0,0,-1000,0,0,0,94000,95000,-1000,-1000
056736,國巨凱基99購03  ,0,0,0,0,0,0,0,0,0,-1000,0,0,0,0,1000,-1000,-1000
056740,大立光凱基98購13,0,0,0,0,0,0,0,0,0,-1000,0,0,0,9000,10000,-1000,-1000
056928,旺宏台新98購01  ,0,0,0,0,0,0,0,0,0,-1000,0,0,0,0,1000,-1000,-1000
056959,鴻海永豐98購03  ,0,0,0,0,0,0,0,0,0,-1000,0,0,0,2000,3000,-1000,-1000
057616,聯電凱基99購01  ,0,0,0,0,0,0,0,0,0,-1000,0,0,0,1000,2000,-1000,-1000
057313,聯發科麥證99購01,0,0,0,40000,41000,-1000,0,0,0,-1000,0,0,0,40000,41000,-1000,-1000
057476,國巨元大98購19  ,0,0,0,0,0,0,0,0,0,-1000,0,0,0,3000,4000,-1000,-1000
05758P,光罩永豐96售02  ,0,0,0,0,0,0,0,0,0,-1000,0,0,0,63000,64000,-1000,-1000
057560,華新科兆豐99購01,0,0,0,0,0,0,0,0,0,-1000,0,0,0,15000,16000,-1000,-1000
057574,中磊永豐98購01  ,0,0,0,0,0,0,0,0,0,-1000,0,0,0,0,1000,-1000,-1000
055797,華通富邦98購01  ,0,0,0,0,0,0,0,0,0,-1000,0,0,0,0,1000,-1000,-1000
055821,勤誠國票98購01  ,0,0,0,0,0,0,0,0,0,-1000,0,0,0,10000,11000,-1000,-1000
055824,臺股指國票97購11,0,0,0,0,0,0,0,0,0,-1000,0,0,0,0,1000,-1000,-1000
055828,上銀元大97購05  ,0,0,0,0,0,0,0,0,0,-1000,0,0,0,42000,43000,-1000,-1000
055727,矽力元大97購02  ,0,0,0,0,0,0,0,0,0,-1000,0,0,0,5000,6000,-1000,-1000
055769,智伸科中信97購01,0,0,0,0,0,0,0,0,0,-1000,0,0,0,0,1000,-1000,-1000
055582,亞德客元大97購01,0,0,0,0,0,0,0,0,0,-1000,0,0,0,83000,84000,-1000,-1000
055576,嘉晶統一98購01  ,0,0,0,0,0,0,0,0,0,-1000,0,0,0,0,1000,-1000,-1000
055608,華邦電康和97購01,0,0,0,0,0,0,0,0,0,-1000,0,0,0,0,1000,-1000,-1000
056322,臺股指群益98購01,0,0,0,0,0,0,0,0,0,-1000,0,0,0,0,1000,-1000,-1000
056666,元油2X國票9A購01,0,0,0,0,0,0,0,0,0,-1000,0,0,0,0,1000,-1000,-1000
056495,泰鼎國泰99購01  ,0,0,0,0,0,0,0,0,0,-1000,0,0,0,83000,84000,-1000,-1000
051674,臻鼎元大95購02  ,0,0,0,0,0,0,0,0,0,-1000,0,0,0,0,1000,-1000,-1000
051656,嘉聯益元富95購02,0,0,0,0,0,0,0,0,0,-1000,0,0,0,0,1000,-1000,-1000
051631,國巨國票96購06  ,0,0,0,0,0,0,0,0,0,-1000,0,0,0,0,1000,-1000,-1000
051574,鴻海元大96購06  ,0,0,0,0,0,0,0,0,0,-1000,0,0,0,0,1000,-1000,-1000
051557,昇陽半永豐96購01,0,0,0,0,0,0,0,0,0,-1000,0,0,0,0,1000,-1000,-1000
05187P,力山凱基95售01  ,0,0,0,0,0,0,0,0,0,-1000,0,0,0,1000,2000,-1000,-1000
048785,台積電元大96購01,0,0,0,0,0,0,0,0,0,-1000,0,0,0,0,1000,-1000,-1000
048421,聯茂統一93購01  ,0,0,0,0,0,0,0,0,0,-1000,0,0,0,0,1000,-1000,-1000
048583,智原富邦98購01  ,0,0,0,0,0,0,0,0,0,-1000,0,0,0,0,1000,-1000,-1000
048552,鴻海元大94購03  ,0,0,0,0,0,0,0,0,0,-1000,0,0,0,37000,38000,-1000,-1000
046976,國巨永豐93購02  ,0,0,0,0,0,0,0,0,0,-1000,0,0,0,0,1000,-1000,-1000
047271,華通永豐93購01  ,0,0,0,0,0,0,0,0,0,-1000,0,0,0,0,1000,-1000,-1000
047384,台積電元大93購20,0,0,0,0,0,0,0,0,0,-1000,0,0,0,0,1000,-1000,-1000
047769,大立光元大96購01,0,0,0,0,0,0,0,0,0,-1000,0,0,0,0,1000,-1000,-1000
047898,嘉澤群益93購02  ,0,0,0,0,0,0,0,0,0,-1000,0,0,0,84000,85000,-1000,-1000
048158,大立光兆豐95購01,0,0,0,0,0,0,0,0,0,-1000,0,0,0,0,1000,-1000,-1000
047972,康控富邦95購01  ,0,0,0,0,0,0,0,0,0,-1000,0,0,0,0,1000,-1000,-1000
04621P,楠梓電統一94售02,0,0,0,0,0,0,0,0,0,-1000,0,0,0,23000,24000,-1000,-1000
043513,台灣50元大96購05,0,0,0,0,0,0,0,0,0,-1000,0,0,0,0,1000,-1000,-1000
042692,台灣50凱基96購09,0,0,0,0,0,0,0,0,0,-1000,0,0,0,1000,2000,-1000,-1000
044819,新日興兆豐93購02,0,0,0,0,0,0,0,0,0,-1000,0,0,0,0,1000,-1000,-1000
044846,旺宏統一93購01  ,0,0,0,0,0,0,0,0,0,-1000,0,0,0,0,1000,-1000,-1000
048897,日電貿國泰95購01,0,0,0,0,0,0,0,0,0,-1000,0,0,0,10000,11000,-1000,-1000
048898,晶相光國泰96購01,0,0,0,0,0,0,0,0,0,-1000,0,0,0,41000,42000,-1000,-1000
047598,深中小統一94購01,0,0,0,0,0,0,0,0,0,-1000,0,0,0,0,1000,-1000,-1000
047626,全新國票94購01  ,0,0,0,0,0,0,0,0,0,-1000,0,0,0,10000,11000,-1000,-1000
042068,台灣50富邦93購02,0,0,0,0,0,0,0,0,0,-1000,0,0,0,0,1000,-1000,-1000
041534,T50反1凱基96購01,0,0,0,0,0,0,0,0,0,-1000,0,0,0,0,1000,-1000,-1000
04179P,滬深2X國票93售03,0,0,0,0,0,0,0,0,0,-1000,0,0,0,0,1000,-1000,-1000
045683,泰鼎元大93購03  ,0,0,0,0,0,0,0,0,0,-1000,0,0,0,5000,6000,-1000,-1000
044264,大立光富邦93購03,0,0,0,0,0,0,0,0,0,-1000,0,0,0,0,1000,-1000,-1000
03039X,元展36          ,0,0,0,0,0,0,0,0,0,-1000,0,0,0,0,1000,-1000,-1000
03029X,元展26          ,0,0,0,0,0,0,0,0,0,-1000,0,0,0,0,1000,-1000,-1000
00707R,元大S&P日圓反1  ,0,0,0,0,0,0,0,0,0,-1000,0,0,0,52000,53000,-1000,-1000
049307,上銀凱基94購03  ,0,0,0,0,0,0,0,0,0,-1000,0,0,0,0,1000,-1000,-1000
049346,新光金統一95購01,0,0,0,0,0,0,0,0,0,-1000,0,0,0,254000,255000,-1000,-1000
049407,台積電日盛94購02,0,0,0,0,0,0,0,0,0,-1000,0,0,0,0,1000,-1000,-1000
049504,臺股指元大94購15,0,0,0,0,0,0,0,0,0,-1000,0,0,0,0,1000,-1000,-1000
050602,訊芯國泰96購01  ,0,0,0,0,0,0,0,0,0,-1000,0,0,0,0,1000,-1000,-1000
050709,嘉聯益第一96購01,0,0,0,0,0,0,0,0,0,-1000,0,0,0,0,1000,-1000,-1000
050645,台積電凱基94購39,0,0,0,0,0,0,0,0,0,-1000,0,0,0,0,1000,-1000,-1000
050427,台積電凱基94購34,0,0,0,0,0,0,0,0,0,-1000,0,0,0,0,1000,-1000,-1000
050316,上証2X國票98購01,0,0,0,0,0,0,0,0,0,-1000,0,0,0,0,1000,-1000,-1000
050356,緯穎群益94購05  ,0,0,0,0,0,0,0,0,0,-1000,0,0,0,14000,15000,-1000,-1000
050351,華新科群益95購02,0,0,0,0,0,0,0,0,0,-1000,0,0,0,71000,72000,-1000,-1000
050343,鴻海元富94購01  ,0,0,0,0,0,0,0,0,0,-1000,0,0,0,22000,23000,-1000,-1000
052056,緯穎凱基95購04  ,0,0,0,0,0,0,0,0,0,-1000,0,0,0,0,1000,-1000,-1000
052230,大立光凱基96購09,0,0,0,0,0,0,0,0,0,-1000,0,0,0,0,1000,-1000,-1000
049695,新光金元大9A購01,0,0,0,0,0,0,0,0,0,-1000,0,0,0,0,1000,-1000,-1000
049672,臺股指富邦94購01,0,0,0,0,0,0,0,0,0,-1000,0,0,0,0,1000,-1000,-1000
049215,國巨國票94購03  ,0,0,0,0,0,0,0,0,0,-1000,0,0,0,0,1000,-1000,-1000
051261,鴻海永昌96購05  ,0,0,0,0,0,0,0,0,0,-1000,0,0,0,0,1000,-1000,-1000
051267,美律富邦96購01  ,0,0,0,0,0,0,0,0,0,-1000,0,0,0,0,1000,-1000,-1000
051314,嘉聯益麥證96購01,0,0,0,0,1000,-1000,0,0,0,-1000,0,0,0,0,1000,-1000,-1000
051184,聯發科永豐95購03,0,0,0,0,0,0,0,0,0,-1000,0,0,0,0,1000,-1000,-1000
051202,智邦麥證95購01  ,0,0,0,30000,31000,-1000,0,0,0,-1000,0,0,0,30000,31000,-1000,-1000
051203,微星麥證95購01  ,0,0,0,20000,21000,-1000,0,0,0,-1000,0,0,0,20000,21000,-1000,-1000
051365,瀚宇博國泰97購01,0,0,0,0,0,0,0,0,0,-1000,0,0,0,0,1000,-1000,-1000
050874,康控永豐95購01  ,0,0,0,0,0,0,0,0,0,-1000,0,0,0,0,1000,-1000,-1000
052305,GIS永豐95購03   ,0,0,0,0,0,0,0,0,0,-1000,0,0,0,3000,4000,-1000,-1000
052291,鴻海元富97購02  ,0,0,0,0,0,0,0,0,0,-1000,0,0,0,998000,999000,-1000,-1000
052537,力成富邦95購01  ,0,0,0,0,0,0,0,0,0,-1000,0,0,0,0,1000,-1000,-1000
052465,聯詠統一95購02  ,0,0,0,0,0,0,0,0,0,-1000,0,0,0,0,1000,-1000,-1000
05008P,大立光元富95售05,0,0,0,0,0,0,0,0,0,-1000,0,0,0,5000,6000,-1000,-1000
050998,訊連元大95購01  ,0,0,0,0,0,0,0,0,0,-1000,0,0,0,10000,11000,-1000,-1000
050968,超眾永豐95購01  ,0,0,0,0,0,0,0,0,0,-1000,0,0,0,10000,11000,-1000,-1000
053579,華通元大97購01  ,0,0,0,0,0,0,0,0,0,-1000,0,0,0,0,1000,-1000,-1000
053617,宏達電群益96購02,0,0,0,0,0,0,0,0,0,-1000,0,0,0,120000,121000,-1000,-1000
053773,上銀元大96購04  ,0,0,0,0,0,0,0,0,0,-1000,0,0,0,41000,42000,-1000,-1000
053900,T50反1日盛99購01,0,0,0,0,0,0,0,0,0,-1000,0,0,0,0,1000,-1000,-1000
05396P,台郡元大95售05  ,0,0,0,0,0,0,0,0,0,-1000,0,0,0,0,1000,-1000,-1000
053955,華通永豐96購04  ,0,0,0,0,0,0,0,0,0,-1000,0,0,0,0,1000,-1000,-1000
053949,康控富邦9A購01  ,0,0,0,0,0,0,0,0,0,-1000,0,0,0,0,1000,-1000,-1000
054099,TPK國票98購01   ,0,0,0,0,0,0,0,0,0,-1000,0,0,0,0,1000,-1000,-1000
053475,華新科元大96購05,0,0,0,0,0,0,0,0,0,-1000,0,0,0,2000,3000,-1000,-1000
053466,華通元大98購01  ,0,0,0,0,0,0,0,0,0,-1000,0,0,0,0,1000,-1000,-1000
053423,亞光永豐96購01  ,0,0,0,0,0,0,0,0,0,-1000,0,0,0,46000,47000,-1000,-1000
053283,同欣電元大96購03,0,0,0,0,0,0,0,0,0,-1000,0,0,0,9000,10000,-1000,-1000
053199,旺宏日盛96購01  ,0,0,0,0,0,0,0,0,0,-1000,0,0,0,20000,21000,-1000,-1000
053064,國巨群益96購04  ,0,0,0,0,0,0,0,0,0,-1000,0,0,0,3000,4000,-1000,-1000
055077,臺股指永豐97購02,0,0,0,0,0,0,0,0,0,-1000,0,0,0,0,1000,-1000,-1000
05505P,聯發科凱基96售09,0,0,0,0,0,0,0,0,0,-1000,0,0,0,10000,11000,-1000,-1000
055453,華邦電元富97購01,0,0,0,0,0,0,0,0,0,-1000,0,0,0,0,1000,-1000,-1000
055418,華通永豐97購01  ,0,0,0,0,0,0,0,0,0,-1000,0,0,0,0,1000,-1000,-1000
055447,華新科統一97購04,0,0,0,0,0,0,0,0,0,-1000,0,0,0,0,1000,-1000,-1000
054522,康友元大96購07  ,0,0,0,0,0,0,0,0,0,-1000,0,0,0,54000,55000,-1000,-1000
054420,緯穎元大96購08  ,0,0,0,0,0,0,0,0,0,-1000,0,0,0,44000,45000,-1000,-1000
054267,上銀第一96購01  ,0,0,0,0,0,0,0,0,0,-1000,0,0,0,0,1000,-1000,-1000
054245,鴻海元大96購23  ,0,0,0,0,0,0,0,0,0,-1000,0,0,0,0,1000,-1000,-1000
054313,麗豐凱基96購02  ,0,0,0,0,0,0,0,0,0,-1000,0,0,0,0,1000,-1000,-1000
054674,台光電台新97購01,0,0,0,0,0,0,0,0,0,-1000,0,0,0,0,1000,-1000,-1000
054687,建準永豐97購02  ,0,0,0,0,0,0,0,0,0,-1000,0,0,0,0,1000,-1000,-1000
054862,群光群益97購01  ,0,0,0,0,0,0,0,0,0,-1000,0,0,0,10000,11000,-1000,-1000
054822,祥碩元大97購01  ,0,0,0,0,0,0,0,0,0,-1000,0,0,0,9000,10000,-1000,-1000
05484P,台積電凱基95售18,0,0,0,0,0,0,0,0,0,-1000,0,0,0,4000,5000,-1000,-1000
2008,高興昌          ,0,1000,-1000,0,0,0,0,0,0,0,0,0,0,0,0,0,-1000
06938P,南電元大98售03  ,0,0,0,0,0,0,0,0,0,-1000,0,0,0,2000,3000,-1000,-1000
1453,大將            ,0,1000,-1000,0,0,0,0,0,0,0,0,0,0,0,0,0,-1000
1443,立益            ,0,1000,-1000,0,0,0,0,0,0,0,0,0,0,0,0,0,-1000
1725,元禎            ,0,1000,-1000,0,0,0,0,0,0,0,0,0,0,0,0,0,-1000
8463,潤泰材          ,300000,302000,-2000,0,0,0,0,0,0,1000,1000,0,1000,0,0,0,-1000
6579,研揚            ,2000,3000,-1000,0,0,0,0,0,0,0,0,0,0,0,0,0,-1000
5007,三星            ,7000,13000,-6000,0,0,0,0,0,0,5000,5000,0,5000,0,0,0,-1000
4526,東台            ,23000,25000,-2000,0,0,0,0,0,0,1000,1000,0,1000,0,0,0,-1000
4555,氣立            ,1000,2000,-1000,0,0,0,0,0,0,0,0,0,0,0,0,0,-1000
3040,遠見            ,10000,11000,-1000,0,0,0,0,0,0,0,1000,1000,0,0,0,0,-1000
3266,昇陽            ,1000,2000,-1000,0,0,0,0,0,0,0,1000,1000,0,0,0,0,-1000
05941P,聯發科凱基96售22,0,0,0,0,0,0,0,0,0,-1000,0,0,0,0,1000,-1000,-1000
05962P,大立光群益96售07,0,0,0,0,0,0,0,0,0,-1000,0,0,0,5000,6000,-1000,-1000
057921,可成凱基98購09  ,0,0,0,0,0,0,0,0,0,-1000,0,0,0,0,1000,-1000,-1000
057956,全新元大99購04  ,0,0,0,0,0,0,0,0,0,-1000,0,0,0,20000,21000,-1000,-1000
057983,緯穎永豐98購03  ,0,0,0,0,0,0,0,0,0,-1000,0,0,0,0,1000,-1000,-1000
058177,華新科凱基99購02,0,0,0,0,0,0,0,0,0,-1000,0,0,0,20000,21000,-1000,-1000
06589P,台積電元大98售12,0,0,0,0,0,0,0,0,0,-1000,0,0,0,29000,30000,-1000,-1000
06876P,台灣50兆豐9B售01,0,0,0,0,0,0,0,0,0,-1000,0,0,0,0,1000,-1000,-1000
06344P,臺股指統一99售03,0,0,0,0,0,0,0,0,0,-1000,0,0,0,10000,11000,-1000,-1000
06362P,臺股指麥證97售01,0,0,0,4000,5000,-1000,0,0,0,-1000,0,0,0,4000,5000,-1000,-1000
2417,圓剛            ,320001,323000,-2999,0,0,0,0,0,0,1000,4000,3000,1000,0,0,0,-1999
056467,上証2X元大98購02,0,0,0,0,0,0,0,0,0,-2000,0,0,0,2000,4000,-2000,-2000
056434,國巨凱基98購03  ,0,0,0,0,0,0,0,0,0,-2000,0,0,0,0,2000,-2000,-2000
056384,玉晶光國泰9A購02,0,0,0,0,0,0,0,0,0,-2000,0,0,0,21000,23000,-2000,-2000
056413,上証反中信9A購01,0,0,0,0,0,0,0,0,0,-2000,0,0,0,0,2000,-2000,-2000
056170,鴻海元富97購09  ,0,0,0,0,0,0,0,0,0,-2000,0,0,0,10000,12000,-2000,-2000
055602,康控元大97購03  ,0,0,0,0,0,0,0,0,0,-2000,0,0,0,128000,130000,-2000,-2000
05556P,全新國票96售04  ,0,0,0,0,0,0,0,0,0,-2000,0,0,0,0,2000,-2000,-2000
055834,國巨元大97購13  ,0,0,0,0,0,0,0,0,0,-2000,0,0,0,281000,283000,-2000,-2000
057545,國巨凱基99購05  ,0,0,0,0,0,0,0,0,0,-2000,0,0,0,7000,9000,-2000,-2000
057535,泰鼎元大99購01  ,0,0,0,0,0,0,0,0,0,-2000,0,0,0,35000,37000,-2000,-2000
057383,玉晶光富邦9A購01,0,0,0,0,0,0,0,0,0,-2000,0,0,0,0,2000,-2000,-2000
057682,台積電日盛9A購03,0,0,0,0,0,0,0,0,0,-2000,0,0,0,0,2000,-2000,-2000
057786,聯發科國票98購05,0,0,0,0,0,0,0,0,0,-2000,0,0,0,0,2000,-2000,-2000
00742,新光內需收益    ,0,0,0,0,0,0,0,0,0,-2000,0,0,0,1000,3000,-2000,-2000
03995P,滬深2X國泰95售01,0,0,0,0,0,0,0,0,0,-2000,0,0,0,50000,52000,-2000,-2000
044049,元金2X元大94購03,0,0,0,0,0,0,0,0,0,-2000,0,0,0,5000,7000,-2000,-2000
04552P,南電元大94售06  ,0,0,0,0,0,0,0,0,0,-2000,0,0,0,1000,3000,-2000,-2000
045386,新光金元大93購02,0,0,0,0,0,0,0,0,0,-2000,0,0,0,0,2000,-2000,-2000
039212,台達電台新9A購01,0,0,0,0,0,0,0,0,0,-2000,0,0,0,0,2000,-2000,-2000
04762P,聯詠凱基94售03  ,0,0,0,0,0,0,0,0,0,-2000,0,0,0,8000,10000,-2000,-2000
044601,旺宏國泰93購03  ,0,0,0,0,0,0,0,0,0,-2000,0,0,0,75000,77000,-2000,-2000
044602,大立光國泰93購01,0,0,0,0,0,0,0,0,0,-2000,0,0,0,0,2000,-2000,-2000
042527,台灣50永豐94購01,0,0,0,0,0,0,0,0,0,-2000,0,0,0,0,2000,-2000,-2000
045140,玉晶光兆豐93購02,0,0,0,0,0,0,0,0,0,-2000,0,0,0,0,2000,-2000,-2000
047880,聯發科國泰94購03,0,0,0,0,0,0,0,0,0,-2000,0,0,0,12000,14000,-2000,-2000
047860,臺股指國票93購15,0,0,0,0,0,0,0,0,0,-2000,0,0,0,0,2000,-2000,-2000
047825,道瓊反元大96購01,0,0,0,0,0,0,0,0,0,-2000,0,0,0,1000,3000,-2000,-2000
04771P,友達元大96售02  ,0,0,0,0,0,0,0,0,0,-2000,0,0,0,0,2000,-2000,-2000
047701,鴻海凱基94購12  ,0,0,0,0,0,0,0,0,0,-2000,0,0,0,24000,26000,-2000,-2000
049086,晶相光凱基94購01,0,0,0,0,0,0,0,0,0,-2000,0,0,0,0,2000,-2000,-2000
047290,台積電元富93購04,0,0,0,0,0,0,0,0,0,-2000,0,0,0,0,2000,-2000,-2000
04649P,臺股指凱基94售08,0,0,0,0,0,0,0,0,0,-2000,0,0,0,0,2000,-2000,-2000
046855,嘉晶元大94購01  ,0,0,0,0,0,0,0,0,0,-2000,0,0,0,10000,12000,-2000,-2000
048655,A50正2元富96購01,0,0,0,0,0,0,0,0,0,-2000,0,0,0,0,2000,-2000,-2000
048460,盛群凱基94購01  ,0,0,0,0,0,0,0,0,0,-2000,0,0,0,0,2000,-2000,-2000
048221,鴻海凱基95購01  ,0,0,0,0,0,0,0,0,0,-2000,0,0,0,64000,66000,-2000,-2000
048773,貿聯凱基94購01  ,0,0,0,0,0,0,0,0,0,-2000,0,0,0,0,2000,-2000,-2000
050105,力山元大95購02  ,0,0,0,0,0,0,0,0,0,-2000,0,0,0,0,2000,-2000,-2000
050097,可成國泰96購02  ,0,0,0,0,0,0,0,0,0,-2000,0,0,0,30000,32000,-2000,-2000
052618,群創國泰98購01  ,0,0,0,0,0,0,0,0,0,-2000,0,0,0,0,2000,-2000,-2000
052650,台郡永豐96購01  ,0,0,0,0,0,0,0,0,0,-2000,0,0,0,68000,70000,-2000,-2000
052598,滬深2X元大96購05,0,0,0,0,0,0,0,0,0,-2000,0,0,0,0,2000,-2000,-2000
052742,可成元大96購01  ,0,0,0,0,0,0,0,0,0,-2000,0,0,0,78000,80000,-2000,-2000
052784,緯穎國票97購02  ,0,0,0,0,0,0,0,0,0,-2000,0,0,0,0,2000,-2000,-2000
052791,友達兆豐97購01  ,0,0,0,0,0,0,0,0,0,-2000,0,0,0,0,2000,-2000,-2000
051046,寶成永豐95購01  ,0,0,0,0,0,0,0,0,0,-2000,0,0,0,0,2000,-2000,-2000
050882,華泰國泰96購01  ,0,0,0,0,0,0,0,0,0,-2000,0,0,0,129000,131000,-2000,-2000
051071,聯發科國票96購01,0,0,0,0,0,0,0,0,0,-2000,0,0,0,0,2000,-2000,-2000
05116P,台積電群益95售03,0,0,0,0,0,0,0,0,0,-2000,0,0,0,0,2000,-2000,-2000
049679,臺股指國票94購12,0,0,0,0,0,0,0,0,0,-2000,10000,0,10000,0,12000,-12000,-2000
049656,臺股指凱基94購17,0,0,0,0,0,0,0,0,0,-2000,0,0,0,0,2000,-2000,-2000
049624,嘉澤群益94購01  ,0,0,0,0,0,0,0,0,0,-2000,0,0,0,0,2000,-2000,-2000
052349,鴻海統一95購15  ,0,0,0,0,0,0,0,0,0,-2000,0,0,0,0,2000,-2000,-2000
052397,燿華凱基96購02  ,0,0,0,0,0,0,0,0,0,-2000,0,0,0,0,2000,-2000,-2000
052386,鴻海群益96購02  ,0,0,0,0,0,0,0,0,0,-2000,0,0,0,172000,174000,-2000,-2000
051424,緯穎國票97購01  ,0,0,0,0,0,0,0,0,0,-2000,0,0,0,0,2000,-2000,-2000
050661,景碩元大94購02  ,0,0,0,0,0,0,0,0,0,-2000,0,0,0,23000,25000,-2000,-2000
050710,元黃金中信96購01,0,0,0,0,0,0,0,0,0,-2000,0,0,0,0,2000,-2000,-2000
050697,冠德凱基96購01  ,0,0,0,0,0,0,0,0,0,-2000,0,0,0,5000,7000,-2000,-2000
050610,鴻海元大94購24  ,0,0,0,0,0,0,0,0,0,-2000,0,0,0,358000,360000,-2000,-2000
049518,宏達電國票95購02,0,0,0,0,0,0,0,0,0,-2000,0,0,0,0,2000,-2000,-2000
049374,大立光元大94購12,0,0,0,0,0,0,0,0,0,-2000,0,0,0,0,2000,-2000,-2000
049234,可成統一94購02  ,0,0,0,0,0,0,0,0,0,-2000,0,0,0,0,2000,-2000,-2000
049253,台積電元大94購08,0,0,0,0,0,0,0,0,0,-2000,0,0,0,0,2000,-2000,-2000
054750,聯茂凱基98購02  ,0,0,0,0,0,0,0,0,0,-2000,0,0,0,14000,16000,-2000,-2000
054636,華通中信97購01  ,0,0,0,0,0,0,0,0,0,-2000,0,0,0,0,2000,-2000,-2000
054224,亞光統一98購01  ,0,0,0,0,0,0,0,0,0,-2000,0,0,0,4000,6000,-2000,-2000
054469,同欣電凱基97購01,0,0,0,0,0,0,0,0,0,-2000,0,0,0,4000,6000,-2000,-2000
05539P,鎧勝永豐96售01  ,0,0,0,0,0,0,0,0,0,-2000,0,0,0,0,2000,-2000,-2000
05525P,奇力新群益96售02,0,0,0,0,0,0,0,0,0,-2000,0,0,0,11000,13000,-2000,-2000
055181,日電貿統一97購01,0,0,0,0,0,0,0,0,0,-2000,0,0,0,1000,3000,-2000,-2000
053073,技嘉康和96購01  ,0,0,0,0,0,0,0,0,0,-2000,0,0,0,10000,12000,-2000,-2000
053027,玉晶光富邦98購01,0,0,0,0,0,0,0,0,0,-2000,0,0,0,0,2000,-2000,-2000
052967,智邦群益96購01  ,0,0,0,0,0,0,0,0,0,-2000,0,0,0,97000,99000,-2000,-2000
052962,台積電凱基97購03,0,0,0,0,0,0,0,0,0,-2000,0,0,0,10000,12000,-2000,-2000
05331P,上証2X國票96售01,0,0,0,0,0,0,0,0,0,-2000,0,0,0,79000,81000,-2000,-2000
053414,臻鼎國票97購01  ,0,0,0,0,0,0,0,0,0,-2000,0,0,0,38000,40000,-2000,-2000
053369,T50反1元大96購06,0,0,0,0,0,0,0,0,0,-2000,0,0,0,0,2000,-2000,-2000
054107,上銀凱基97購01  ,0,0,0,0,0,0,0,0,0,-2000,0,0,0,70000,72000,-2000,-2000
054184,A50正2永豐96購01,0,0,0,0,0,0,0,0,0,-2000,0,0,0,1000,3000,-2000,-2000
053967,華邦電元大96購03,0,0,0,0,0,0,0,0,0,-2000,0,0,0,100000,102000,-2000,-2000
053899,矽創群益96購02  ,0,0,0,0,0,0,0,0,0,-2000,0,0,0,0,2000,-2000,-2000
054035,聯詠麥證96購01  ,0,0,0,0,2000,-2000,0,0,0,-2000,0,0,0,0,2000,-2000,-2000
2509,全坤建          ,0,2000,-2000,0,0,0,0,0,0,0,0,0,0,0,0,0,-2000
2701,萬企            ,2000,4000,-2000,0,0,0,0,0,0,0,0,0,0,0,0,0,-2000
6625,必應            ,0,2000,-2000,0,0,0,0,0,0,0,0,0,0,0,0,0,-2000
6671,三能-KY         ,0,3000,-3000,0,0,0,0,0,0,1000,1000,0,1000,0,0,0,-2000
06500P,臺股指元大9A售05,0,0,0,0,0,0,0,0,0,-2000,0,0,0,0,2000,-2000,-2000
06309P,光罩元富97售03  ,0,0,0,0,0,0,0,0,0,-2000,0,0,0,55000,57000,-2000,-2000
06782P,大立光元大99售07,0,0,0,0,0,0,0,0,0,-2000,0,0,0,0,2000,-2000,-2000
06536P,臺股指群益98售04,0,0,0,0,0,0,0,0,0,-2000,0,0,0,0,2000,-2000,-2000
057970,國巨富邦99購03  ,0,0,0,0,0,0,0,0,0,-2000,0,0,0,10000,12000,-2000,-2000
057997,旺宏第一9C購01  ,0,0,0,0,0,0,0,0,0,-2000,0,0,0,0,2000,-2000,-2000
06003P,亞光康和96售02  ,0,0,0,0,0,0,0,0,0,-2000,0,0,0,0,2000,-2000,-2000
05913P,國巨元大96售11  ,0,0,0,0,0,0,0,0,0,-2000,0,0,0,94000,96000,-2000,-2000
05940P,聯發科凱基96售21,0,0,0,0,0,0,0,0,0,-2000,0,0,0,1000,3000,-2000,-2000
1604,聲寶            ,304001,329000,-24999,0,0,0,0,0,0,22000,27000,5000,22000,0,0,0,-2999
05780P,台積電統一96售07,0,0,0,0,0,0,0,0,0,-3000,0,0,0,21000,24000,-3000,-3000
05772P,景碩凱基96售02  ,0,0,0,0,0,0,0,0,0,-3000,0,0,0,1000,4000,-3000,-3000
057314,全新麥證98購01  ,0,0,0,30000,33000,-3000,0,0,0,-3000,0,0,0,30000,33000,-3000,-3000
057318,台光電凱基9A購01,0,0,0,0,0,0,0,0,0,-3000,0,0,0,27000,30000,-3000,-3000
057321,台泥群益98購01  ,0,0,0,0,0,0,0,0,0,-3000,0,0,0,83000,86000,-3000,-3000
057362,元油2X元大98購12,0,0,0,0,0,0,0,0,0,-3000,0,0,0,0,3000,-3000,-3000
057533,晶相光元大98購02,0,0,0,0,0,0,0,0,0,-3000,0,0,0,26000,29000,-3000,-3000
05756P,臺股指中信99售05,0,0,0,0,0,0,0,0,0,-3000,0,0,0,2000,5000,-3000,-3000
056892,旺宏元大9A購02  ,0,0,0,0,0,0,0,0,0,-3000,0,0,0,0,3000,-3000,-3000
056744,麗豐凱基9A購01  ,0,0,0,0,0,0,0,0,0,-3000,0,0,0,1000,4000,-3000,-3000
057200,技嘉元富98購01  ,0,0,0,0,0,0,0,0,0,-3000,0,0,0,205000,208000,-3000,-3000
055965,泰鼎元大97購03  ,0,0,0,0,0,0,0,0,0,-3000,0,0,0,40000,43000,-3000,-3000
056015,華通群益99購01  ,0,0,0,0,0,0,0,0,0,-3000,0,0,0,44000,47000,-3000,-3000
055502,群創元大9C購03  ,0,0,0,0,0,0,0,0,0,-3000,0,0,0,0,3000,-3000,-3000
055753,貿聯第一98購01  ,0,0,0,0,0,0,0,0,0,-3000,0,0,0,0,3000,-3000,-3000
056407,嘉晶國票99購01  ,0,0,0,0,0,0,0,0,0,-3000,0,0,0,74000,77000,-3000,-3000
056373,上銀統一99購02  ,0,0,0,0,0,0,0,0,0,-3000,0,0,0,48000,51000,-3000,-3000
056350,上銀元大98購02  ,0,0,0,0,0,0,0,0,0,-3000,0,0,0,5000,8000,-3000,-3000
056426,上証2X凱基9A購01,0,0,0,0,0,0,0,0,0,-3000,0,0,0,0,3000,-3000,-3000
056631,臺股指永豐98購03,0,0,0,0,0,0,0,0,0,-3000,0,0,0,0,3000,-3000,-3000
056613,旺宏永豐98購01  ,0,0,0,0,0,0,0,0,0,-3000,0,0,0,0,3000,-3000,-3000
056611,國巨永豐98購03  ,0,0,0,0,0,0,0,0,0,-3000,0,0,0,40000,43000,-3000,-3000
051902,T50反1元大97購01,0,0,0,0,0,0,0,0,0,-3000,0,0,0,0,3000,-3000,-3000
051664,鴻海元大96購07  ,0,0,0,0,0,0,0,0,0,-3000,0,0,0,0,3000,-3000,-3000
051694,A50正2中信96購03,0,0,0,0,0,0,0,0,0,-3000,0,0,0,0,3000,-3000,-3000
04834P,鴻海元大94售17  ,0,0,0,0,0,0,0,0,0,-3000,0,0,0,1000,4000,-3000,-3000
048659,國巨統一94購02  ,0,0,0,0,0,0,0,0,0,-3000,0,0,0,0,3000,-3000,-3000
04872P,高股息中信94售01,0,0,0,0,0,0,0,0,0,-3000,0,0,0,0,3000,-3000,-3000
046574,泰鼎國泰94購01  ,0,0,0,0,0,0,0,0,0,-3000,0,0,0,57000,60000,-3000,-3000
047234,晶技凱基93購01  ,0,0,0,0,0,0,0,0,0,-3000,0,0,0,62000,65000,-3000,-3000
046142,康舒統一93購01  ,0,0,0,0,0,0,0,0,0,-3000,0,0,0,0,3000,-3000,-3000
04896P,上証2X中信95售01,0,0,0,0,0,0,0,0,0,-3000,0,0,0,10000,13000,-3000,-3000
04547P,高鐵元大94售01  ,0,0,0,0,0,0,0,0,0,-3000,0,0,0,0,3000,-3000,-3000
04569P,聯詠兆豐94售01  ,0,0,0,0,0,0,0,0,0,-3000,0,0,0,0,3000,-3000,-3000
04563P,可成凱基94售05  ,0,0,0,0,0,0,0,0,0,-3000,0,0,0,0,3000,-3000,-3000
045807,上緯控國票93購01,0,0,0,0,0,0,0,0,0,-3000,0,0,0,5000,8000,-3000,-3000
03022X,富展01          ,0,0,0,0,0,0,0,0,0,-3000,0,0,0,0,3000,-3000,-3000
00661,元大日經225     ,0,0,0,0,0,0,0,0,0,-3000,0,0,0,0,3000,-3000,-3000
049341,旺宏統一95購01  ,0,0,0,0,0,0,0,0,0,-3000,0,0,0,49000,52000,-3000,-3000
049767,奇力新元富94購01,0,0,0,0,0,0,0,0,0,-3000,0,0,0,0,3000,-3000,-3000
049569,光磊統一94購02  ,0,0,0,0,0,0,0,0,0,-3000,0,0,0,17000,20000,-3000,-3000
051962,晶相光永豐95購02,0,0,0,0,0,0,0,0,0,-3000,0,0,0,22000,25000,-3000,-3000
051317,亞德客國票96購01,0,0,0,0,0,0,0,0,0,-3000,0,0,0,0,3000,-3000,-3000
051388,大立光麥證95購03,0,0,0,3000,6000,-3000,0,0,0,-3000,0,0,0,3000,6000,-3000,-3000
05278P,台郡元富95售02  ,0,0,0,0,0,0,0,0,0,-3000,0,0,0,10000,13000,-3000,-3000
052523,奇力新元大97購01,0,0,0,0,0,0,0,0,0,-3000,0,0,0,62000,65000,-3000,-3000
052594,友訊群益98購01  ,0,0,0,0,0,0,0,0,0,-3000,0,0,0,279000,282000,-3000,-3000
052585,友達永豐97購01  ,0,0,0,0,0,0,0,0,0,-3000,0,0,0,0,3000,-3000,-3000
052566,國巨凱基96購04  ,0,0,0,0,0,0,0,0,0,-3000,0,0,0,54000,57000,-3000,-3000
051008,大立光麥證95購01,0,0,0,1000,4000,-3000,0,0,0,-3000,0,0,0,1000,4000,-3000,-3000
054143,茂林元大96購04  ,0,0,0,0,0,0,0,0,0,-3000,0,0,0,56000,59000,-3000,-3000
053764,A50正2富邦99購01,0,0,0,0,0,0,0,0,0,-3000,0,0,0,0,3000,-3000,-3000
053585,友達元大9C購03  ,0,0,0,0,0,0,0,0,0,-3000,0,0,0,10000,13000,-3000,-3000
053695,智易元大97購02  ,0,0,0,0,0,0,0,0,0,-3000,0,0,0,0,3000,-3000,-3000
053382,友達元大9C購02  ,0,0,0,0,0,0,0,0,0,-3000,0,0,0,50000,53000,-3000,-3000
053195,玉晶光元富96購02,0,0,0,0,0,0,0,0,0,-3000,0,0,0,1000,4000,-3000,-3000
053004,燿華永豐96購01  ,0,0,0,0,0,0,0,0,0,-3000,0,0,0,0,3000,-3000,-3000
053054,禾伸堂國票97購01,0,0,0,0,0,0,0,0,0,-3000,0,0,0,46000,49000,-3000,-3000
055100,得力凱基97購01  ,0,0,0,0,0,0,0,0,0,-3000,0,0,0,0,3000,-3000,-3000
055309,冠德群益97購01  ,0,0,0,0,0,0,0,0,0,-3000,0,0,0,3000,6000,-3000,-3000
055414,奇力新富邦9B購01,0,0,0,0,0,0,0,0,0,-3000,0,0,0,35000,38000,-3000,-3000
055381,茂林元大97購02  ,0,0,0,0,0,0,0,0,0,-3000,0,0,0,59000,62000,-3000,-3000
054441,力成台新96購01  ,0,0,0,0,0,0,0,0,0,-3000,0,0,0,19000,22000,-3000,-3000
054397,創意永豐96購05  ,0,0,0,0,0,0,0,0,0,-3000,0,0,0,0,3000,-3000,-3000
054505,揚明光永豐97購02,0,0,0,0,0,0,0,0,0,-3000,0,0,0,0,3000,-3000,-3000
2630,亞航            ,0,3000,-3000,0,0,0,0,0,0,0,0,0,0,0,0,0,-3000
2032,新鋼            ,0,5000,-5000,0,0,0,0,0,0,2000,3000,1000,2000,0,0,0,-3000
6205,詮欣            ,1000,4000,-3000,0,0,0,0,0,0,0,0,0,0,0,0,0,-3000
05882P,華新科永豐96售01,0,0,0,0,0,0,0,0,0,-3000,0,0,0,0,3000,-3000,-3000
05867P,友達兆豐97售02  ,0,0,0,0,0,0,0,0,0,-3000,0,0,0,2000,5000,-3000,-3000
06142P,台虹康和97售02  ,0,0,0,0,0,0,0,0,0,-3000,0,0,0,28000,31000,-3000,-3000
057995,華新科中信98購02,0,0,0,0,0,0,0,0,0,-3000,0,0,0,0,3000,-3000,-3000
058146,勤誠元大99購01  ,0,0,0,0,0,0,0,0,0,-3000,0,0,0,0,3000,-3000,-3000
058064,華邦電亞東99購01,0,0,0,0,0,0,0,0,0,-3000,0,0,0,0,3000,-3000,-3000
06696P,台灣50國票99售01,0,0,0,0,0,0,0,0,0,-3000,0,0,0,43000,46000,-3000,-3000
06415P,台積電群益97售07,0,0,0,0,0,0,0,0,0,-3000,0,0,0,10000,13000,-3000,-3000
056532,技嘉凱基98購01  ,0,0,0,0,0,0,0,0,0,-4000,0,0,0,174000,178000,-4000,-4000
056334,台積電凱基98購06,0,0,0,0,0,0,0,0,0,-4000,0,0,0,0,4000,-4000,-4000
056366,玉晶光元大99購04,0,0,0,0,0,0,0,0,0,-4000,0,0,0,13000,17000,-4000,-4000
055726,台表科元大98購03,0,0,0,0,0,0,0,0,0,-4000,0,0,0,3000,7000,-4000,-4000
055497,開發金元大97購01,0,0,0,0,0,0,0,0,0,-4000,0,0,0,0,4000,-4000,-4000
055524,鴻海群益98購01  ,0,0,0,0,0,0,0,0,0,-4000,0,0,0,439000,443000,-4000,-4000
055545,國巨凱基97購06  ,0,0,0,0,0,0,0,0,0,-4000,0,0,0,0,4000,-4000,-4000
057065,牧德富邦99購01  ,0,0,0,0,0,0,0,0,0,-4000,0,0,0,0,4000,-4000,-4000
057129,聯發科凱基99購03,0,0,0,0,0,0,0,0,0,-4000,0,0,0,0,4000,-4000,-4000
056847,佐登元富98購01  ,0,0,0,0,0,0,0,0,0,-4000,0,0,0,20000,24000,-4000,-4000
057451,大立光元富9B購01,0,0,0,0,0,0,0,0,0,-4000,0,0,0,0,4000,-4000,-4000
05738P,臺股指統一97售01,0,0,0,0,0,0,0,0,0,-4000,0,0,0,0,4000,-4000,-4000
05781P,臺股指統一99售02,0,0,0,0,0,0,0,0,0,-4000,0,0,0,1000,5000,-4000,-4000
057772,台積電群益99購01,0,0,0,0,0,0,0,0,0,-4000,0,0,0,14000,18000,-4000,-4000
0053,元大電子        ,0,0,0,0,0,0,0,0,0,-4000,0,0,0,1000,5000,-4000,-4000
00736,國泰新興市場    ,0,0,0,0,0,0,0,0,0,-4000,0,0,0,100000,104000,-4000,-4000
020011,統一微波高息20N ,0,0,0,0,0,0,0,0,0,-4000,0,0,0,0,4000,-4000,-4000
03010X,元展10          ,0,0,0,0,0,0,0,0,0,-4000,0,0,0,0,4000,-4000,-4000
03416B,臺股指凱基95熊05,0,0,0,0,0,0,0,0,0,-4000,0,0,0,58000,62000,-4000,-4000
045293,鴻海元大94購01  ,0,0,0,0,0,0,0,0,0,-4000,0,0,0,12000,16000,-4000,-4000
046187,友達凱基93購03  ,0,0,0,0,0,0,0,0,0,-4000,0,0,0,0,4000,-4000,-4000
045825,力成凱基93購02  ,0,0,0,0,0,0,0,0,0,-4000,0,0,0,6000,10000,-4000,-4000
044930,元黃金富邦93購01,0,0,0,0,0,0,0,0,0,-4000,0,0,0,0,4000,-4000,-4000
047211,華新科富邦99購01,0,0,0,0,0,0,0,0,0,-4000,0,0,0,1000,5000,-4000,-4000
04733P,康控兆豐95售01  ,0,0,0,0,0,0,0,0,0,-4000,0,0,0,66000,70000,-4000,-4000
046934,智邦元富96購01  ,0,0,0,0,0,0,0,0,0,-4000,0,0,0,1000,5000,-4000,-4000
047068,南電凱基93購04  ,0,0,0,0,0,0,0,0,0,-4000,0,0,0,6000,10000,-4000,-4000
048291,台積電群益93購09,0,0,0,0,0,0,0,0,0,-4000,0,0,0,10000,14000,-4000,-4000
048823,漢唐凱基94購01  ,0,0,0,0,0,0,0,0,0,-4000,0,0,0,6000,10000,-4000,-4000
052633,國巨凱基96購05  ,0,0,0,0,0,0,0,0,0,-4000,0,0,0,74000,78000,-4000,-4000
05253P,智邦凱基95售08  ,0,0,0,0,0,0,0,0,0,-4000,0,0,0,100000,104000,-4000,-4000
052407,樺漢凱基95購01  ,0,0,0,0,0,0,0,0,0,-4000,0,0,0,0,4000,-4000,-4000
052820,宏達電永豐96購01,0,0,0,0,0,0,0,0,0,-4000,0,0,0,58000,62000,-4000,-4000
052808,矽力元大96購02  ,0,0,0,0,0,0,0,0,0,-4000,0,0,0,0,4000,-4000,-4000
052737,滬深2X元大96購06,0,0,0,0,0,0,0,0,0,-4000,0,0,0,0,4000,-4000,-4000
051384,康友群益95購01  ,0,0,0,0,0,0,0,0,0,-4000,0,0,0,89000,93000,-4000,-4000
050880,大立光元富95購03,0,0,0,0,0,0,0,0,0,-4000,0,0,0,59000,63000,-4000,-4000
050758,聯發科元富9B購01,0,0,0,0,0,0,0,0,0,-4000,0,0,0,0,4000,-4000,-4000
050535,台表科群益94購02,0,0,0,0,0,0,0,0,0,-4000,0,0,0,0,4000,-4000,-4000
052259,深100富邦95購01 ,0,0,0,0,0,0,0,0,0,-4000,0,0,0,0,4000,-4000,-4000
049690,義隆元大95購02  ,0,0,0,0,0,0,0,0,0,-4000,0,0,0,8000,12000,-4000,-4000
052052,嘉澤凱基95購02  ,0,0,0,0,0,0,0,0,0,-4000,0,0,0,0,4000,-4000,-4000
052153,GIS富邦96購02   ,0,0,0,0,0,0,0,0,0,-4000,0,0,0,0,4000,-4000,-4000
050409,華通永豐94購01  ,0,0,0,0,0,0,0,0,0,-4000,0,0,0,8000,12000,-4000,-4000
054241,深中小元大98購01,0,0,0,0,0,0,0,0,0,-4000,0,0,0,0,4000,-4000,-4000
054703,聯發科第一97購01,0,0,0,0,0,0,0,0,0,-4000,0,0,0,0,4000,-4000,-4000
054817,聯發科元大97購13,0,0,0,0,0,0,0,0,0,-4000,0,0,0,0,4000,-4000,-4000
055457,聚陽永豐97購01  ,0,0,0,0,0,0,0,0,0,-4000,0,0,0,40000,44000,-4000,-4000
055279,華邦電元大97購02,0,0,0,0,0,0,0,0,0,-4000,0,0,0,3000,7000,-4000,-4000
055053,瑞昱永豐97購01  ,0,0,0,0,0,0,0,0,0,-4000,0,0,0,10000,14000,-4000,-4000
052859,國巨凱基96購07  ,0,0,0,0,0,0,0,0,0,-4000,0,0,0,47000,51000,-4000,-4000
053311,同欣電凱基96購01,0,0,0,0,0,0,0,0,0,-4000,0,0,0,60000,64000,-4000,-4000
053664,臺股指凱基96購25,0,0,0,0,0,0,0,0,0,-4000,0,0,0,0,4000,-4000,-4000
053654,聯發科凱基98購01,0,0,0,0,0,0,0,0,0,-4000,0,0,0,10000,14000,-4000,-4000
053548,旺宏凱基96購04  ,0,0,0,0,0,0,0,0,0,-4000,0,0,0,0,4000,-4000,-4000
053835,南亞科永豐96購02,0,0,0,0,0,0,0,0,0,-4000,0,0,0,0,4000,-4000,-4000
054081,聯電元富96購01  ,0,0,0,0,0,0,0,0,0,-4000,0,0,0,375000,379000,-4000,-4000
06361P,聯發科群益97售06,0,0,0,0,0,0,0,0,0,-4000,0,0,0,46000,50000,-4000,-4000
06299P,可成元大97售04  ,0,0,0,0,0,0,0,0,0,-4000,0,0,0,56000,60000,-4000,-4000
06257P,臺股指群益97售10,0,0,0,0,0,0,0,0,0,-4000,0,0,0,0,4000,-4000,-4000
058118,瑞昱群益99購01  ,0,0,0,0,0,0,0,0,0,-4000,0,0,0,0,4000,-4000,-4000
057947,和碩國票99購01  ,0,0,0,0,0,0,0,0,0,-4000,0,0,0,0,4000,-4000,-4000
057900,南亞科永豐98購01,0,0,0,0,0,0,0,0,0,-4000,0,0,0,0,4000,-4000,-4000
5525,順天            ,2000,6000,-4000,0,0,0,0,0,0,0,0,0,0,0,0,0,-4000
2495,普安            ,31000,35000,-4000,0,0,0,0,0,0,0,0,0,0,0,0,0,-4000
2539,櫻花建          ,4000,8000,-4000,0,0,0,0,0,0,0,0,0,0,0,0,0,-4000
2540,愛山林          ,2000,6000,-4000,0,0,0,0,0,0,0,0,0,0,0,0,0,-4000
1419,新紡            ,1000,5000,-4000,0,0,0,0,0,0,0,0,0,0,0,0,0,-4000
1110,東泥            ,1000,5000,-4000,0,0,0,0,0,0,0,0,0,0,0,0,0,-4000
057790,台積電統一99購04,0,0,0,0,0,0,0,0,0,-5000,0,0,0,0,5000,-5000,-5000
057709,電子類群益98購01,0,0,0,0,0,0,0,0,0,-5000,0,0,0,5000,10000,-5000,-5000
057407,超眾群益99購01  ,0,0,0,0,0,0,0,0,0,-5000,0,0,0,20000,25000,-5000,-5000
057332,旺宏國票99購03  ,0,0,0,0,0,0,0,0,0,-5000,0,0,0,20000,25000,-5000,-5000
057491,美食元大98購03  ,0,0,0,0,0,0,0,0,0,-5000,0,0,0,0,5000,-5000,-5000
057586,台積電國票99購06,0,0,0,0,0,0,0,0,0,-5000,0,0,0,10000,15000,-5000,-5000
056853,元油2X中信9B購02,0,0,0,0,0,0,0,0,0,-5000,0,0,0,0,5000,-5000,-5000
056894,佳世達元大99購01,0,0,0,0,0,0,0,0,0,-5000,0,0,0,0,5000,-5000,-5000
056953,智邦富邦98購02  ,0,0,0,0,0,0,0,0,0,-5000,0,0,0,0,5000,-5000,-5000
05673P,台積電群益96售05,1000,0,1000,0,0,0,0,0,0,-6000,0,0,0,25000,31000,-6000,-5000
056728,元油2X凱基9A購02,0,0,0,0,0,0,0,0,0,-5000,0,0,0,0,5000,-5000,-5000
05670P,台積電國票98售01,0,0,0,0,0,0,0,0,0,-5000,0,0,0,0,5000,-5000,-5000
057139,華新科兆豐98購02,0,0,0,0,0,0,0,0,0,-5000,0,0,0,289000,294000,-5000,-5000
057198,智伸科統一9B購01,0,0,0,0,0,0,0,0,0,-5000,0,0,0,53000,58000,-5000,-5000
057292,國巨國泰9B購01  ,0,0,0,0,0,0,0,0,0,-5000,0,0,0,31000,36000,-5000,-5000
057290,元油2X國泰99購02,0,0,0,0,0,0,0,0,0,-5000,0,0,0,0,5000,-5000,-5000
055560,大立光凱基97購10,0,0,0,0,0,0,0,0,0,-5000,0,0,0,0,5000,-5000,-5000
055587,智邦元大97購02  ,0,0,0,0,0,0,0,0,0,-5000,0,0,0,18000,23000,-5000,-5000
05552P,聯詠群益96售01  ,0,0,0,0,0,0,0,0,0,-5000,0,0,0,22000,27000,-5000,-5000
05574P,英業達元富96售01,0,0,0,0,0,0,0,0,0,-5000,0,0,0,32000,37000,-5000,-5000
056367,祥碩元大98購01  ,0,0,0,0,0,0,0,0,0,-5000,0,0,0,14000,19000,-5000,-5000
056354,國巨元大98購10  ,0,0,0,0,0,0,0,0,0,-5000,0,0,0,200000,205000,-5000,-5000
056314,力成元大97購01  ,0,0,0,0,0,0,0,0,0,-5000,0,0,0,0,5000,-5000,-5000
056169,鴻海元富97購08  ,0,0,0,0,0,0,0,0,0,-5000,0,0,0,0,5000,-5000,-5000
056427,上銀凱基98購03  ,0,0,0,0,0,0,0,0,0,-5000,0,0,0,0,5000,-5000,-5000
05643P,大立光中信98售01,0,0,0,0,0,0,0,0,0,-5000,0,0,0,0,5000,-5000,-5000
056484,聯茂元大98購02  ,0,0,0,0,0,0,0,0,0,-5000,0,0,0,0,5000,-5000,-5000
056487,康友元大98購01  ,0,0,0,0,0,0,0,0,0,-5000,0,0,0,42000,47000,-5000,-5000
051692,深中小統一95購01,0,0,0,0,0,0,0,0,0,-5000,0,0,0,0,5000,-5000,-5000
051705,富邦金群益97購01,0,0,0,0,0,0,0,0,0,-5000,0,0,0,0,5000,-5000,-5000
048272,新光金富邦98購01,0,0,0,0,0,0,0,0,0,-5000,0,0,0,0,5000,-5000,-5000
048635,鴻海元大94購04  ,0,0,0,0,0,0,0,0,0,-5000,0,0,0,7000,12000,-5000,-5000
047099,華通富邦94購01  ,0,0,0,0,0,0,0,0,0,-5000,0,0,0,0,5000,-5000,-5000
046477,台積電統一94購02,0,0,0,0,0,0,0,0,0,-5000,0,0,0,0,5000,-5000,-5000
04651P,臺股指凱基94售10,0,0,0,0,0,0,0,0,0,-5000,0,0,0,0,5000,-5000,-5000
04812P,國巨元大95售03  ,0,0,0,0,0,0,0,0,0,-5000,0,0,0,0,5000,-5000,-5000
046968,台積電群益94購03,0,0,0,0,0,0,0,0,0,-5000,0,0,0,55000,60000,-5000,-5000
04606P,高股息中信96售01,0,0,0,0,0,0,0,0,0,-5000,0,0,0,0,5000,-5000,-5000
044972,元金2X國票96購01,0,0,0,0,0,0,0,0,0,-5000,0,0,0,10000,15000,-5000,-5000
047558,臻鼎凱基93購06  ,0,0,0,0,0,0,0,0,0,-5000,0,0,0,35000,40000,-5000,-5000
048892,台郡元富97購01  ,0,0,0,0,0,0,0,0,0,-5000,0,0,0,10000,15000,-5000,-5000
04308P,京元電凱基93售06,0,0,0,0,0,0,0,0,0,-5000,0,0,0,0,5000,-5000,-5000
045295,台積電元大93購02,0,0,0,0,0,0,0,0,0,-5000,0,0,0,0,5000,-5000,-5000
04191P,儒鴻永豐93售02  ,0,0,0,0,0,0,0,0,0,-5000,0,0,0,0,5000,-5000,-5000
03910P,GIS元大93售09   ,0,0,0,0,0,0,0,0,0,-5000,0,0,0,0,5000,-5000,-5000
04144P,瑞昱凱基93售10  ,0,0,0,0,0,0,0,0,0,-5000,0,0,0,1000,6000,-5000,-5000
03720P,元油2X富邦95售01,0,0,0,0,0,0,0,0,0,-5000,0,0,0,995000,1000000,-5000,-5000
045767,大立光元富95購01,0,0,0,0,0,0,0,0,0,-5000,0,0,0,0,5000,-5000,-5000
03633C,臺股指凱基93牛19,0,0,0,0,0,0,0,0,0,-5000,0,0,0,0,5000,-5000,-5000
03103P,聯發科元富01售02,0,0,0,0,0,0,0,0,0,-5000,0,0,0,0,5000,-5000,-5000
00776,新光ICE美國權值 ,0,0,0,0,0,0,0,0,0,-5000,0,0,0,1000,6000,-5000,-5000
050732,台虹國票94購01  ,0,0,0,0,0,0,0,0,0,-5000,0,0,0,53000,58000,-5000,-5000
050335,正崴國泰96購01  ,0,0,0,0,0,0,0,0,0,-5000,0,0,0,0,5000,-5000,-5000
050296,亞光凱基94購03  ,0,0,0,0,0,0,0,0,0,-5000,0,0,0,35000,40000,-5000,-5000
050288,台積電凱基94購32,0,0,0,0,0,0,0,0,0,-5000,0,0,0,10000,15000,-5000,-5000
050263,旺宏元大94購10  ,0,0,0,0,0,0,0,0,0,-5000,0,0,0,0,5000,-5000,-5000
050184,信邦元大94購01  ,0,0,0,0,0,0,0,0,0,-5000,0,0,0,0,5000,-5000,-5000
050595,緯穎永豐94購03  ,0,0,0,0,0,0,0,0,0,-5000,0,0,0,5000,10000,-5000,-5000
050570,聯發科中信97購02,0,0,0,0,0,0,0,0,0,-5000,0,0,0,0,5000,-5000,-5000
052090,聯發科元大97購03,0,0,0,0,0,0,0,0,0,-5000,0,0,0,0,5000,-5000,-5000
052086,鴻海元大96購08  ,0,0,0,0,0,0,0,0,0,-5000,0,0,0,0,5000,-5000,-5000
052042,台積電日盛95購02,0,0,0,0,0,0,0,0,0,-5000,0,0,0,2000,7000,-5000,-5000
052024,臺股指永豐95購04,0,0,0,0,0,0,0,0,0,-5000,0,0,0,0,5000,-5000,-5000
049158,元油2X中信94購03,0,0,0,0,0,0,0,0,0,-5000,0,0,0,10000,15000,-5000,-5000
049166,元油2X凱基97購02,0,0,0,0,0,0,0,0,0,-5000,0,0,0,0,5000,-5000,-5000
049632,臺股指群益94購05,0,0,0,0,0,0,0,0,0,-5000,0,0,0,0,5000,-5000,-5000
052215,樺漢元大96購02  ,0,0,0,0,0,0,0,0,0,-5000,0,0,0,0,5000,-5000,-5000
051423,GIS國票97購01   ,0,0,0,0,0,0,0,0,0,-5000,0,0,0,0,5000,-5000,-5000
052360,FB上証國票96購01,0,0,0,0,0,0,0,0,0,-5000,0,0,0,0,5000,-5000,-5000
051855,道瓊反凱基97購01,0,0,0,0,0,0,0,0,0,-5000,0,0,0,55000,60000,-5000,-5000
051804,新光金日盛95購01,0,0,0,0,0,0,0,0,0,-5000,0,0,0,0,5000,-5000,-5000
049592,欣興元大96購01  ,0,0,0,0,0,0,0,0,0,-5000,0,0,0,4000,9000,-5000,-5000
051136,可成永豐95購02  ,0,0,0,0,0,0,0,0,0,-5000,0,0,0,15000,20000,-5000,-5000
051489,世芯凱基95購01  ,0,0,0,0,0,0,0,0,0,-5000,0,0,0,86000,91000,-5000,-5000
049933,GIS元大95購01   ,0,0,0,0,0,0,0,0,0,-5000,0,0,0,200000,205000,-5000,-5000
052782,超眾國票96購02  ,0,0,0,0,0,0,0,0,0,-5000,0,0,0,0,5000,-5000,-5000
052460,元油反統一95購01,0,0,0,0,0,0,0,0,0,-5000,0,0,0,0,5000,-5000,-5000
052514,嘉澤凱基96購01  ,0,0,0,0,0,0,0,0,0,-5000,0,0,0,15000,20000,-5000,-5000
052640,台表科凱基97購01,0,0,0,0,0,0,0,0,0,-5000,0,0,0,20000,25000,-5000,-5000
050986,上証2X永昌97購01,0,0,0,0,0,0,0,0,0,-5000,0,0,0,0,5000,-5000,-5000
052552,智邦國票97購01  ,0,0,0,0,0,0,0,0,0,-5000,0,0,0,28000,33000,-5000,-5000
050107,鴻海元大94購12  ,0,0,0,0,0,0,0,0,0,-5000,0,0,0,0,5000,-5000,-5000
054097,淘帝國票97購01  ,0,0,0,0,0,0,0,0,0,-5000,0,0,0,0,5000,-5000,-5000
05413P,台郡國票96售02  ,0,0,0,0,0,0,0,0,0,-5000,0,0,0,40000,45000,-5000,-5000
054140,智易元大97購03  ,0,0,0,0,0,0,0,0,0,-5000,0,0,0,0,5000,-5000,-5000
054164,強茂凱基98購01  ,0,0,0,0,0,0,0,0,0,-5000,0,0,0,31000,36000,-5000,-5000
054207,國巨國票98購01  ,0,0,0,0,0,0,0,0,0,-5000,0,0,0,0,5000,-5000,-5000
054032,上銀中信96購01  ,0,0,0,0,0,0,0,0,0,-5000,0,0,0,8000,13000,-5000,-5000
053830,台積電台新96購02,0,0,0,0,0,0,0,0,0,-5000,0,0,0,0,5000,-5000,-5000
053538,京鼎永豐96購03  ,0,0,0,0,0,0,0,0,0,-5000,0,0,0,0,5000,-5000,-5000
053655,全新凱基98購02  ,0,0,0,0,0,0,0,0,0,-5000,0,0,0,14000,19000,-5000,-5000
053376,鴻海元大96購19  ,0,0,0,0,0,0,0,0,0,-5000,0,0,0,200000,205000,-5000,-5000
053355,超眾兆豐97購01  ,0,0,0,0,0,0,0,0,0,-5000,0,0,0,95000,100000,-5000,-5000
053099,正崴元富96購01  ,0,0,0,0,0,0,0,0,0,-5000,0,0,0,0,5000,-5000,-5000
054999,玉晶光元富97購03,0,0,0,0,0,0,0,0,0,-5000,0,0,0,350000,355000,-5000,-5000
055148,鴻海元大98購02  ,0,0,0,0,0,0,0,0,0,-5000,0,0,0,5000,10000,-5000,-5000
055215,智邦凱基98購02  ,0,0,0,0,0,0,0,0,0,-5000,0,0,0,7000,12000,-5000,-5000
055229,大毅國票97購02  ,0,0,0,0,0,0,0,0,0,-5000,0,0,0,12000,17000,-5000,-5000
055434,樺漢群益97購01  ,0,0,0,0,0,0,0,0,0,-5000,0,0,0,15000,20000,-5000,-5000
055439,台表科國票98購02,0,0,0,0,0,0,0,0,0,-5000,0,0,0,0,5000,-5000,-5000
054678,麗豐台新98購02  ,0,0,0,0,0,0,0,0,0,-5000,0,0,0,5000,10000,-5000,-5000
054293,健策元大98購02  ,0,0,0,0,0,0,0,0,0,-5000,0,0,0,2000,7000,-5000,-5000
054285,國巨元大98購02  ,0,0,0,0,0,0,0,0,0,-5000,0,0,0,60000,65000,-5000,-5000
054355,上海銀富邦98購01,0,0,0,0,0,0,0,0,0,-5000,0,0,0,0,5000,-5000,-5000
054511,香港反元大98購01,0,0,0,0,0,0,0,0,0,-5000,0,0,0,0,5000,-5000,-5000
1533,車王電          ,19000,25000,-6000,0,0,0,0,0,0,1000,2000,1000,1000,0,0,0,-5000
2009,第一銅          ,35000,46000,-11000,0,0,0,0,0,0,6000,9000,3000,6000,0,0,0,-5000
2415,錩新            ,11000,23000,-12000,0,0,0,0,0,0,7000,7000,0,7000,0,0,0,-5000
057951,元油2X元大98購20,0,0,0,0,0,0,0,0,0,-5000,0,0,0,0,5000,-5000,-5000
058165,FBVIX凱基9C購01 ,0,0,0,0,0,0,0,0,0,-5000,0,0,0,0,5000,-5000,-5000
058184,鴻海永豐99購01  ,0,0,0,0,0,0,0,0,0,-5000,0,0,0,1000,6000,-5000,-5000
06165P,臺股指凱基9A售03,0,0,0,0,0,0,0,0,0,-5000,0,0,0,0,5000,-5000,-5000
05929P,宏達電康和96售01,0,0,0,0,0,0,0,0,0,-5000,0,0,0,0,5000,-5000,-5000
06284P,台積電國票98售03,0,0,0,0,0,0,0,0,0,-5000,0,0,0,0,5000,-5000,-5000
06336P,鴻海元大98售05  ,0,0,0,0,0,0,0,0,0,-5000,0,0,0,10000,15000,-5000,-5000
06172P,台虹永豐97售02  ,0,0,0,0,0,0,0,0,0,-5000,0,0,0,20000,25000,-5000,-5000
06360P,台積電群益97售05,0,0,0,0,0,0,0,0,0,-5000,0,0,0,0,5000,-5000,-5000
06342P,世芯統一98售01  ,0,0,0,0,0,0,0,0,0,-5000,0,0,0,0,5000,-5000,-5000
06711P,臺股指台新99售08,0,0,0,0,0,0,0,0,0,-5000,0,0,0,0,5000,-5000,-5000
06773P,台灣50兆豐9A售01,0,0,0,0,0,0,0,0,0,-5000,0,0,0,0,5000,-5000,-5000
06638P,鴻海統一99售02  ,0,0,0,0,0,0,0,0,0,-5000,0,0,0,7000,12000,-5000,-5000
056697,緯穎群益98購01  ,0,0,0,0,0,0,0,0,0,-6000,0,0,0,35000,41000,-6000,-6000
056180,南茂元富97購01  ,0,0,0,0,0,0,0,0,0,-6000,0,0,0,20000,26000,-6000,-6000
056368,祥碩元大98購02  ,0,0,0,0,0,0,0,0,0,-6000,0,0,0,77000,83000,-6000,-6000
056380,麗豐元富98購01  ,0,0,0,0,0,0,0,0,0,-6000,0,0,0,0,6000,-6000,-6000
056379,玉晶光元富98購01,0,0,0,0,0,0,0,0,0,-6000,0,0,0,0,6000,-6000,-6000
055669,緯穎群益97購02  ,0,0,0,0,0,0,0,0,0,-6000,0,0,0,29000,35000,-6000,-6000
055659,百和元富97購01  ,0,0,0,0,0,0,0,0,0,-6000,0,0,0,5000,11000,-6000,-6000
055568,緯穎凱基97購02  ,0,0,0,0,0,0,0,0,0,-6000,0,0,0,0,6000,-6000,-6000
057189,康控元大98購02  ,0,0,0,0,0,0,0,0,0,-6000,0,0,0,81000,87000,-6000,-6000
057217,奇力新群益99購01,0,0,0,0,0,0,0,0,0,-6000,0,0,0,34000,40000,-6000,-6000
057161,亞德客元大98購02,0,0,0,0,0,0,0,0,0,-6000,0,0,0,20000,26000,-6000,-6000
057590,元油2X兆豐98購02,0,0,0,0,0,0,0,0,0,-6000,0,0,0,0,6000,-6000,-6000
057645,華新科元大99購11,0,0,0,0,0,0,0,0,0,-6000,0,0,0,63000,69000,-6000,-6000
057835,華擎元富9B購01  ,0,0,0,0,0,0,0,0,0,-6000,0,0,0,165000,171000,-6000,-6000
03957P,創意統一94售02  ,0,0,0,0,0,0,0,0,0,-6000,0,0,0,6000,12000,-6000,-6000
006203,元大MSCI台灣    ,1000,0,1000,0,0,0,0,0,0,-7000,0,0,0,0,7000,-7000,-6000
044217,華新科凱基93購03,0,0,0,0,0,0,0,0,0,-6000,0,0,0,0,6000,-6000,-6000
04340P,易華電元大94售02,0,0,0,0,0,0,0,0,0,-6000,0,0,0,0,6000,-6000,-6000
048941,牧德永豐94購02  ,0,0,0,0,0,0,0,0,0,-6000,0,0,0,0,6000,-6000,-6000
049140,台積電元大94購07,0,0,0,0,0,0,0,0,0,-6000,0,0,0,0,6000,-6000,-6000
04499P,滬深2X統一94售03,0,0,0,0,0,0,0,0,0,-6000,0,0,0,24000,30000,-6000,-6000
048186,元黃金元大96購01,0,0,0,0,0,0,0,0,0,-6000,0,0,0,26000,32000,-6000,-6000
049056,玉晶光永豐95購03,0,0,0,0,0,0,0,0,0,-6000,0,0,0,15000,21000,-6000,-6000
046981,智伸科兆豐94購01,0,0,0,0,0,0,0,0,0,-6000,0,0,0,0,6000,-6000,-6000
046994,臺股指凱基93購01,0,0,0,0,0,0,0,0,0,-6000,0,0,0,80000,86000,-6000,-6000
048676,和鑫國泰94購02  ,0,0,0,0,0,0,0,0,0,-6000,0,0,0,7000,13000,-6000,-6000
048733,台勝科麥證95購02,0,0,0,14000,20000,-6000,0,0,0,-6000,0,0,0,14000,20000,-6000,-6000
048711,台郡台新94購01  ,0,0,0,0,0,0,0,0,0,-6000,0,0,0,0,6000,-6000,-6000
048702,正文國票95購01  ,0,0,0,0,0,0,0,0,0,-6000,0,0,0,0,6000,-6000,-6000
048476,同欣電永豐93購01,0,0,0,0,0,0,0,0,0,-6000,0,0,0,25000,31000,-6000,-6000
047544,台積電凱基93購17,0,0,0,0,0,0,0,0,0,-6000,0,0,0,6000,12000,-6000,-6000
047542,華通凱基94購02  ,0,0,0,0,0,0,0,0,0,-6000,0,0,0,0,6000,-6000,-6000
051592,健策元大96購05  ,0,0,0,0,0,0,0,0,0,-6000,0,0,0,74000,80000,-6000,-6000
048814,上銀凱基94購01  ,0,0,0,0,0,0,0,0,0,-6000,0,0,0,0,6000,-6000,-6000
050005,京鼎永豐94購01  ,0,0,0,0,0,0,0,0,0,-6000,0,0,0,30000,36000,-6000,-6000
052621,台郡富邦97購01  ,0,0,0,0,0,0,0,0,0,-6000,0,0,0,0,6000,-6000,-6000
052567,台積電凱基96購05,0,0,0,0,0,0,0,0,0,-6000,0,0,0,24000,30000,-6000,-6000
052600,力山元大97購01  ,0,0,0,0,0,0,0,0,0,-6000,0,0,0,0,6000,-6000,-6000
052783,台郡國票97購01  ,0,0,0,0,0,0,0,0,0,-6000,0,0,0,10000,16000,-6000,-6000
049927,健策元大94購02  ,0,0,0,0,0,0,0,0,0,-6000,0,0,0,7000,13000,-6000,-6000
050926,禾伸堂凱基95購01,0,0,0,0,0,0,0,0,0,-6000,0,0,0,30000,36000,-6000,-6000
051266,國巨富邦99購01  ,0,0,0,0,0,0,0,0,0,-6000,0,0,0,39000,45000,-6000,-6000
050486,可成元富94購05  ,0,0,0,0,0,0,0,0,0,-6000,0,0,0,34000,40000,-6000,-6000
050495,大立光永昌96購01,0,0,0,0,0,0,0,0,0,-6000,0,0,0,61000,67000,-6000,-6000
049553,鴻海國泰96購02  ,0,0,0,0,0,0,0,0,0,-6000,0,0,0,12000,18000,-6000,-6000
052369,矽力國票96購02  ,0,0,0,0,0,0,0,0,0,-6000,0,0,0,0,6000,-6000,-6000
051982,深中小元大95購01,0,0,0,0,0,0,0,0,0,-6000,0,0,0,0,6000,-6000,-6000
049649,信邦凱基94購01  ,0,0,0,0,0,0,0,0,0,-6000,0,0,0,0,6000,-6000,-6000
049453,新日興統一94購01,0,0,0,0,0,0,0,0,0,-6000,0,0,0,0,6000,-6000,-6000
049312,亞光凱基94購02  ,0,0,0,0,0,0,0,0,0,-6000,0,0,0,0,6000,-6000,-6000
050214,嘉晶台新94購01  ,0,0,0,0,0,0,0,0,0,-6000,0,0,0,0,6000,-6000,-6000
054541,康控國票98購01  ,0,0,0,0,0,0,0,0,0,-6000,0,0,0,50000,56000,-6000,-6000
05336P,臺股指國票95售05,0,0,0,0,0,0,0,0,0,-6000,0,0,0,0,6000,-6000,-6000
053389,彩晶元大98購01  ,0,0,0,0,0,0,0,0,0,-6000,0,0,0,155000,161000,-6000,-6000
053477,大立光元大97購03,0,0,0,0,0,0,0,0,0,-6000,0,0,0,0,6000,-6000,-6000
05384P,大立光永豐95售02,0,0,0,0,0,0,0,0,0,-6000,0,0,0,0,6000,-6000,-6000
053902,S&P反1凱基97購01,0,0,0,0,0,0,0,0,0,-6000,0,0,0,861000,867000,-6000,-6000
053913,華新國票97購01  ,0,0,0,0,0,0,0,0,0,-6000,0,0,0,140000,146000,-6000,-6000
06644P,亞德客元大98售03,0,0,0,0,0,0,0,0,0,-6000,0,0,0,0,6000,-6000,-6000
06446P,大立光凱基98售10,0,0,0,0,0,0,0,0,0,-6000,0,0,0,1000,7000,-6000,-6000
058130,瑞昱元大99購01  ,0,0,0,0,0,0,0,0,0,-6000,0,0,0,0,6000,-6000,-6000
058012,鈺齊國票99購01  ,0,0,0,0,0,0,0,0,0,-6000,0,0,0,9000,15000,-6000,-6000
058015,旺宏凱基99購02  ,0,0,0,0,0,0,0,0,0,-6000,0,0,0,0,6000,-6000,-6000
057866,玉山金凱基98購01,0,0,0,0,0,0,0,0,0,-6000,0,0,0,0,6000,-6000,-6000
057940,和大國票99購01  ,0,0,0,0,0,0,0,0,0,-6000,0,0,0,13000,19000,-6000,-6000
2114,鑫永銓          ,5000,11000,-6000,0,0,0,0,0,0,0,0,0,0,0,0,0,-6000
2440,太空梭          ,0,8000,-8000,0,0,0,0,0,0,2000,2000,0,2000,0,0,0,-6000
8374,羅昇            ,40000,46000,-6000,0,0,0,0,0,0,0,0,0,0,0,0,0,-6000
05753P,臺股指中信99售02,0,0,0,0,0,0,0,0,0,-7000,0,0,0,2000,9000,-7000,-7000
057500,神達群益98購01  ,0,0,0,0,0,0,0,0,0,-7000,0,0,0,20000,27000,-7000,-7000
057453,矽創元富98購01  ,0,0,0,0,0,0,0,0,0,-7000,0,0,0,40000,47000,-7000,-7000
057046,奇力新元大99購03,0,0,0,0,0,0,0,0,0,-7000,0,0,0,10000,17000,-7000,-7000
057003,立積國票98購01  ,0,0,0,0,0,0,0,0,0,-7000,0,0,0,82000,89000,-7000,-7000
056763,國巨元大99購02  ,0,0,0,0,0,0,0,0,0,-7000,0,0,0,171000,178000,-7000,-7000
055565,祥碩凱基97購01  ,0,0,0,0,0,0,0,0,0,-7000,0,0,0,5000,12000,-7000,-7000
055612,台光電國票97購04,0,0,0,0,0,0,0,0,0,-7000,0,0,0,59000,66000,-7000,-7000
055477,同欣電凱基98購01,0,0,0,0,0,0,0,0,0,-7000,0,0,0,13000,20000,-7000,-7000
05632P,大立光群益96售02,0,0,0,0,0,0,0,0,0,-7000,0,0,0,0,7000,-7000,-7000
056219,T50反1日盛02購01,0,0,0,0,0,0,0,0,0,-7000,0,0,0,43000,50000,-7000,-7000
056581,超眾元大99購01  ,0,0,0,0,0,0,0,0,0,-7000,0,0,0,10000,17000,-7000,-7000
056445,聯發科凱基98購07,0,0,0,0,0,0,0,0,0,-7000,0,0,0,0,7000,-7000,-7000
051588,聯詠元大95購03  ,0,0,0,0,0,0,0,0,0,-7000,0,0,0,0,7000,-7000,-7000
048663,聯發科統一96購01,0,0,0,0,0,0,0,0,0,-7000,0,0,0,3000,10000,-7000,-7000
048882,智原統一96購01  ,0,0,0,0,0,0,0,0,0,-7000,0,0,0,0,7000,-7000,-7000
04572P,T50反1統一94售06,0,0,0,0,0,0,0,0,0,-7000,0,0,0,0,7000,-7000,-7000
044129,群創凱基93購02  ,0,0,0,0,0,0,0,0,0,-7000,0,0,0,3000,10000,-7000,-7000
036628,統一台新99購01  ,0,0,0,0,0,0,0,0,0,-7000,0,0,0,0,7000,-7000,-7000
00683L,元大美元指數正2 ,0,0,0,0,0,0,0,0,0,-7000,0,0,0,40000,47000,-7000,-7000
00733,富邦臺灣中小    ,0,0,0,0,0,0,0,0,0,-7000,0,0,0,222000,229000,-7000,-7000
00700,富邦恒生國企    ,0,0,0,0,0,0,0,0,0,-7000,0,0,0,101000,108000,-7000,-7000
03618C,高股息凱基95牛01,0,0,0,0,0,0,0,0,0,-7000,0,0,0,0,7000,-7000,-7000
050348,鴻海群益94購06  ,0,0,0,0,0,0,0,0,0,-7000,0,0,0,45000,52000,-7000,-7000
050443,復盛凱基94購02  ,0,0,0,0,0,0,0,0,0,-7000,0,0,0,0,7000,-7000,-7000
050460,GIS元大95購03   ,0,0,0,0,0,0,0,0,0,-7000,0,0,0,3000,10000,-7000,-7000
049484,台積電元大95購02,0,0,0,0,0,0,0,0,0,-7000,0,0,0,212000,219000,-7000,-7000
052055,緯穎凱基95購03  ,0,0,0,0,0,0,0,0,0,-7000,0,0,0,63000,70000,-7000,-7000
052171,台積電元大95購21,0,0,0,0,0,0,0,0,0,-7000,0,0,0,764000,771000,-7000,-7000
053756,亞光元富96購02  ,0,0,0,0,0,0,0,0,0,-7000,0,0,0,0,7000,-7000,-7000
053141,景碩永豐96購02  ,0,0,0,0,0,0,0,0,0,-7000,0,0,0,0,7000,-7000,-7000
054410,國巨元大96購14  ,0,0,0,0,0,0,0,0,0,-7000,0,0,0,39000,46000,-7000,-7000
05459P,聯詠凱基95售03  ,0,0,0,0,0,0,0,0,0,-7000,0,0,0,3000,10000,-7000,-7000
054778,世紀鋼國票99購01,0,0,0,0,0,0,0,0,0,-7000,0,0,0,67000,74000,-7000,-7000
055269,和大元大97購02  ,0,0,0,0,0,0,0,0,0,-7000,0,0,0,5000,12000,-7000,-7000
05512P,華新科台新97售01,0,0,0,0,0,0,0,0,0,-7000,0,0,0,3000,10000,-7000,-7000
054972,聯茂元大97購02  ,0,0,0,0,0,0,0,0,0,-7000,0,0,0,16000,23000,-7000,-7000
8473,山林水          ,6000,13000,-7000,0,0,0,0,0,0,0,0,0,0,0,0,0,-7000
6674,鋐寶科技        ,6000,2000,4000,0,0,0,0,0,0,-11000,0,11000,-11000,0,0,0,-7000
6504,南六            ,111000,108000,3000,0,0,0,0,0,0,-10000,0,10000,-10000,0,0,0,-7000
057925,貿聯凱基99購01  ,0,0,0,0,0,0,0,0,0,-7000,0,0,0,0,7000,-7000,-7000
057897,華通富邦99購01  ,0,0,0,0,0,0,0,0,0,-7000,0,0,0,0,7000,-7000,-7000
058009,智易國票99購01  ,0,0,0,0,0,0,0,0,0,-7000,0,0,0,7000,14000,-7000,-7000
057986,華新科元富99購05,0,0,0,0,0,0,0,0,0,-7000,0,0,0,5000,12000,-7000,-7000
058142,瑞儀元大99購01  ,0,0,0,0,0,0,0,0,0,-7000,0,0,0,0,7000,-7000,-7000
05856P,A50正2中信99售01,0,0,0,0,0,0,0,0,0,-7000,0,0,0,33000,40000,-7000,-7000
06609P,元油2X凱基9B售06,0,0,0,0,0,0,0,0,0,-7000,0,0,0,553000,560000,-7000,-7000
06788P,臺股指元大98售05,0,0,0,0,0,0,0,0,0,-7000,0,0,0,3000,10000,-7000,-7000
055689,台郡凱基99購01  ,0,0,0,0,0,0,0,0,0,-8000,0,0,0,0,8000,-8000,-8000
055962,晶豪科元大97購02,0,0,0,0,0,0,0,0,0,-8000,0,0,0,0,8000,-8000,-8000
055860,啟碁元大97購04  ,0,0,0,0,0,0,0,0,0,-8000,0,0,0,75000,83000,-8000,-8000
05579P,友達凱基98售03  ,0,0,0,0,0,0,0,0,0,-8000,0,0,0,2000,10000,-8000,-8000
056737,國巨凱基9A購01  ,0,0,0,0,0,0,0,0,0,-8000,0,0,0,0,8000,-8000,-8000
056929,華新科台新98購01,0,0,0,0,0,0,0,0,0,-8000,0,0,0,45000,53000,-8000,-8000
056900,可成元大98購02  ,0,0,0,0,0,0,0,0,0,-8000,0,0,0,1000,9000,-8000,-8000
056855,祥碩中信98購02  ,0,0,0,0,0,0,0,0,0,-8000,0,0,0,4000,12000,-8000,-8000
057058,祥碩元大98購04  ,0,0,0,0,0,0,0,0,0,-8000,0,0,0,105000,113000,-8000,-8000
05759P,智邦永豐96售02  ,0,0,0,0,0,0,0,0,0,-8000,0,0,0,292000,300000,-8000,-8000
042387,台積電永昌93購02,0,0,0,0,0,0,0,0,0,-8000,0,0,0,104000,112000,-8000,-8000
04820P,聯茂永豐94售02  ,0,0,0,0,0,0,0,0,0,-8000,0,0,0,2000,10000,-8000,-8000
048417,國巨統一94購01  ,0,0,0,0,0,0,0,0,0,-8000,0,0,0,13000,21000,-8000,-8000
051569,緯創富邦95購02  ,0,0,0,0,0,0,0,0,0,-8000,0,0,0,12000,20000,-8000,-8000
046479,群創元富94購01  ,0,0,0,0,0,0,0,0,0,-8000,0,0,0,10000,18000,-8000,-8000
046942,友達元大99購01  ,0,0,0,0,0,0,0,0,0,-8000,0,0,0,377000,385000,-8000,-8000
052038,國巨永昌96購01  ,0,0,0,0,0,0,0,0,0,-8000,0,0,0,3000,11000,-8000,-8000
052396,台積電凱基97購01,0,0,0,0,0,0,0,0,0,-8000,0,0,0,15000,23000,-8000,-8000
050554,百和凱基95購01  ,0,0,0,0,0,0,0,0,0,-8000,0,0,0,0,8000,-8000,-8000
05182P,嘉晶統一95售03  ,0,0,0,0,0,0,0,0,0,-8000,0,0,0,0,8000,-8000,-8000
049494,華新科元大95購05,0,0,0,0,0,0,0,0,0,-8000,0,0,0,50000,58000,-8000,-8000
05060P,台達電富邦97售02,0,0,0,0,0,0,0,0,0,-8000,0,0,0,2000,10000,-8000,-8000
050341,光寶科元富94購01,0,0,0,0,0,0,0,0,0,-8000,0,0,0,2000,10000,-8000,-8000
049909,國巨元大95購01  ,0,0,0,0,0,0,0,0,0,-8000,0,0,0,2000,10000,-8000,-8000
051081,聯茂富邦96購01  ,0,0,0,0,0,0,0,0,0,-8000,0,0,0,8000,16000,-8000,-8000
052482,茂林群益95購01  ,0,0,0,0,0,0,0,0,0,-8000,0,0,0,10000,18000,-8000,-8000
050021,鴻海元大94購10  ,0,0,0,0,0,0,0,0,0,-8000,0,0,0,0,8000,-8000,-8000
050077,臺股指凱基99購02,0,0,0,0,0,0,0,0,0,-8000,0,0,0,235000,243000,-8000,-8000
055126,嘉澤兆豐97購01  ,0,0,0,0,0,0,0,0,0,-8000,0,0,0,0,8000,-8000,-8000
055326,緯穎國票97購06  ,0,0,0,0,0,0,0,0,0,-8000,0,0,0,0,8000,-8000,-8000
054581,訊芯元大97購02  ,0,0,0,0,0,0,0,0,0,-8000,0,0,0,121000,129000,-8000,-8000
054421,臺股指元大99購03,0,0,0,0,0,0,0,0,0,-8000,0,0,0,40000,48000,-8000,-8000
054136,亞光元大96購04  ,0,0,0,0,0,0,0,0,0,-8000,0,0,0,12000,20000,-8000,-8000
06840P,臺股指統一98售04,0,0,0,0,0,0,0,0,0,-8000,0,0,0,15000,23000,-8000,-8000
06655P,TPK元大98售02   ,0,0,0,0,0,0,0,0,0,-8000,0,0,0,2000,10000,-8000,-8000
06485P,玉晶光群益9A售02,0,0,0,0,0,0,0,0,0,-8000,0,0,0,10000,18000,-8000,-8000
06366P,鴻海凱基97售10  ,0,0,0,0,0,0,0,0,0,-8000,0,0,0,4000,12000,-8000,-8000
06397P,T50反1凱基9A售03,0,0,0,0,0,0,0,0,0,-8000,0,0,0,0,8000,-8000,-8000
058057,FBVIX元富98購02 ,0,0,0,0,0,0,0,0,0,-8000,0,0,0,2000,10000,-8000,-8000
057964,緯穎元大99購03  ,0,0,0,0,0,0,0,0,0,-8000,0,0,0,0,8000,-8000,-8000
6136,富爾特          ,10000,18000,-8000,0,0,0,0,0,0,0,0,0,0,0,0,0,-8000
2727,王品            ,60000,71000,-11000,0,0,0,0,0,0,3000,3000,0,3000,0,0,0,-8000
1521,大億            ,4000,13000,-9000,0,0,0,0,0,0,1000,1000,0,1000,0,0,0,-8000
06941P,國巨統一98售07  ,0,0,0,0,0,0,0,0,0,-8000,0,0,0,4000,12000,-8000,-8000
06897P,FBVIX群益01售01 ,0,0,0,0,0,0,0,0,0,-8000,0,0,0,2000,10000,-8000,-8000
00657,國泰日經225     ,0,2000,-2000,0,0,0,0,0,0,-6112,0,0,0,101000,107112,-6112,-8112
5607,遠雄港          ,217000,229318,-12318,0,0,0,0,0,0,4000,4000,0,4000,0,0,0,-8318
2852,第一保          ,45001,58000,-12999,0,0,0,0,0,0,4000,4000,0,4000,0,0,0,-8999
057672,茂林元大98購02  ,0,0,0,0,0,0,0,0,0,-9000,0,0,0,33000,42000,-9000,-9000
057495,牧德元大99購04  ,0,0,0,0,0,0,0,0,0,-9000,0,0,0,10000,19000,-9000,-9000
057323,智邦群益98購01  ,0,0,0,0,0,0,0,0,0,-9000,0,0,0,34000,43000,-9000,-9000
057329,緯穎群益98購02  ,0,0,0,0,0,0,0,0,0,-9000,0,0,0,10000,19000,-9000,-9000
05709P,大立光國票97售01,0,0,0,0,0,0,0,0,0,-9000,0,0,0,0,9000,-9000,-9000
057277,可成元大98購05  ,0,0,0,0,0,0,0,0,0,-9000,0,0,0,0,9000,-9000,-9000
056070,新日興元大97購04,0,0,0,0,0,0,0,0,0,-9000,0,0,0,108000,117000,-9000,-9000
056059,美律元大98購02  ,0,0,0,0,0,0,0,0,0,-9000,0,0,0,21000,30000,-9000,-9000
055708,茂林永豐97購02  ,0,0,0,0,0,0,0,0,0,-9000,0,0,0,1000,10000,-9000,-9000
055486,國巨元大98購06  ,0,0,0,0,0,0,0,0,0,-9000,0,0,0,120000,129000,-9000,-9000
056492,全新國泰9A購01  ,0,0,0,0,0,0,0,0,0,-9000,0,0,0,45000,54000,-9000,-9000
056655,旺宏元大99購02  ,0,0,0,0,0,0,0,0,0,-9000,0,0,0,0,9000,-9000,-9000
056320,京鼎群益99購01  ,0,0,0,0,0,0,0,0,0,-9000,0,0,0,7000,16000,-9000,-9000
03180P,台灣50元大01售39,0,0,0,0,0,0,0,0,0,-9000,0,0,0,0,9000,-9000,-9000
04597P,為升凱基94售02  ,0,0,0,0,0,0,0,0,0,-9000,0,0,0,10000,19000,-9000,-9000
044578,緯創凱基93購02  ,0,0,0,0,0,0,0,0,0,-9000,0,0,0,1000,10000,-9000,-9000
044643,滬深2X群益96購01,0,0,0,0,0,0,0,0,0,-9000,0,0,0,1000,10000,-9000,-9000
048843,台郡凱基94購01  ,0,0,0,0,0,0,0,0,0,-9000,0,0,0,0,9000,-9000,-9000
046650,台表科國泰94購01,0,0,0,0,0,0,0,0,0,-9000,0,0,0,1000,10000,-9000,-9000
046385,群創凱基98購03  ,0,0,0,0,0,0,0,0,0,-9000,0,0,0,7000,16000,-9000,-9000
04638P,臺股指群益94售13,0,0,0,0,0,0,0,0,0,-9000,0,0,0,1000,10000,-9000,-9000
051567,台積電富邦95購06,0,0,0,0,0,0,0,0,0,-9000,0,0,0,23000,32000,-9000,-9000
05012P,台積電元大95售07,0,0,0,0,0,0,0,0,0,-9000,0,0,0,1000,10000,-9000,-9000
050979,鴻海元富96購02  ,0,0,0,0,0,0,0,0,0,-9000,0,0,0,10000,19000,-9000,-9000
050774,健策元大96購02  ,0,0,0,0,0,0,0,0,0,-9000,0,0,0,61000,70000,-9000,-9000
050771,華新科元大94購06,0,0,0,0,0,0,0,0,0,-9000,0,0,0,0,9000,-9000,-9000
050788,台郡國泰96購01  ,0,0,0,0,0,0,0,0,0,-9000,0,0,0,1000,10000,-9000,-9000
051840,康友國泰97購02  ,0,0,0,0,0,0,0,0,0,-9000,0,0,0,353000,362000,-9000,-9000
049560,香港反統一95購01,0,0,0,0,0,0,0,0,0,-9000,0,0,0,0,9000,-9000,-9000
052035,臺股指群益95購08,0,0,0,0,0,0,0,0,0,-9000,0,0,0,1000,10000,-9000,-9000
051997,康友元大95購02  ,0,0,0,0,0,0,0,0,0,-9000,0,0,0,24000,33000,-9000,-9000
04966P,台表科元大94售04,0,0,0,0,0,0,0,0,0,-9000,0,0,0,28000,37000,-9000,-9000
054183,亞光康和96購01  ,0,0,0,0,0,0,0,0,0,-9000,0,0,0,0,9000,-9000,-9000
053769,香港反元大99購01,0,0,0,0,0,0,0,0,0,-9000,0,0,0,0,9000,-9000,-9000
05386P,臺股指永豐95售05,0,0,0,0,0,0,0,0,0,-9000,0,0,0,1000,10000,-9000,-9000
053433,友達日盛99購06  ,0,0,0,0,0,0,0,0,0,-9000,0,0,0,75000,84000,-9000,-9000
053333,新唐永豐96購01  ,0,0,0,0,0,0,0,0,0,-9000,0,0,0,1000,10000,-9000,-9000
055383,GIS元大97購02   ,0,0,0,0,0,0,0,0,0,-9000,0,0,0,3000,12000,-9000,-9000
054964,智易元大99購01  ,0,0,0,0,0,0,0,0,0,-9000,0,0,0,0,9000,-9000,-9000
2706,第一店          ,15000,28000,-13000,0,0,0,0,0,0,4000,4000,0,4000,0,0,0,-9000
2028,威致            ,0,10000,-10000,0,0,0,0,0,0,1000,2000,1000,1000,0,0,0,-9000
06889P,臺股指元大98售13,0,0,0,0,0,0,0,0,0,-9000,0,0,0,0,9000,-9000,-9000
4306,炎洲            ,95000,128000,-33000,0,0,0,0,0,0,24000,28000,4000,24000,0,0,0,-9000
6281,全國電          ,16000,25000,-9000,0,0,0,0,0,0,0,0,0,0,0,0,0,-9000
058020,大立光凱基99購03,0,0,0,0,0,0,0,0,0,-9000,0,0,0,0,9000,-9000,-9000
06102P,智邦凱基97售03  ,0,0,0,0,0,0,0,0,0,-9000,0,0,0,1000,10000,-9000,-9000
06758P,鴻海元大98售10  ,0,0,0,0,0,0,0,0,0,-9000,0,0,0,276000,285000,-9000,-9000
1104,環泥            ,266030,276000,-9970,0,0,0,0,0,0,0,0,0,0,0,0,0,-9970
056327,樺漢兆豐98購01  ,0,0,0,0,0,0,0,0,0,-10000,0,0,0,146000,156000,-10000,-10000
056309,合勤控元大97購01,0,0,0,0,0,0,0,0,0,-10000,0,0,0,0,10000,-10000,-10000
056299,友達元大9B購04  ,0,0,0,0,0,0,0,0,0,-10000,0,0,0,8000,18000,-10000,-10000
056295,國巨元大97購16  ,0,0,0,0,0,0,0,0,0,-10000,0,0,0,184000,194000,-10000,-10000
056296,旺宏元大97購07  ,0,0,0,0,0,0,0,0,0,-10000,0,0,0,41000,51000,-10000,-10000
056359,旺宏元大9A購01  ,0,0,0,0,0,0,0,0,0,-10000,0,0,0,0,10000,-10000,-10000
056416,華新科中信98購01,0,0,0,0,0,0,0,0,0,-10000,0,0,0,28000,38000,-10000,-10000
056258,訊芯元富97購04  ,0,0,0,0,0,0,0,0,0,-10000,0,0,0,10000,20000,-10000,-10000
056252,聯發科兆豐97購03,0,0,0,0,0,0,0,0,0,-10000,0,0,0,0,10000,-10000,-10000
056168,鴻海元富97購07  ,0,0,0,0,0,0,0,0,0,-10000,0,0,0,0,10000,-10000,-10000
056144,GIS元大98購01   ,0,0,0,0,0,0,0,0,0,-10000,0,0,0,3000,13000,-10000,-10000
056139,貿聯元大97購04  ,0,0,0,0,0,0,0,0,0,-10000,0,0,0,0,10000,-10000,-10000
056147,鴻海日盛97購05  ,0,0,0,0,0,0,0,0,0,-10000,0,0,0,0,10000,-10000,-10000
056133,可成元大97購05  ,0,0,0,0,0,0,0,0,0,-10000,0,0,0,50000,60000,-10000,-10000
056486,樺漢元大98購04  ,0,0,0,0,0,0,0,0,0,-10000,0,0,0,3000,13000,-10000,-10000
056451,可成凱基99購01  ,0,0,0,0,0,0,0,0,0,-10000,0,0,0,10000,20000,-10000,-10000
055686,致伸凱基97購02  ,0,0,0,0,0,0,0,0,0,-10000,0,0,0,0,10000,-10000,-10000
055656,新唐元富97購01  ,0,0,0,0,0,0,0,0,0,-10000,0,0,0,0,10000,-10000,-10000
055643,宏碁元富97購01  ,0,0,0,0,0,0,0,0,0,-10000,0,0,0,0,10000,-10000,-10000
055651,富邦金元富97購01,0,0,0,0,0,0,0,0,0,-10000,0,0,0,20000,30000,-10000,-10000
056056,旺宏元大97購06  ,0,0,0,0,0,0,0,0,0,-10000,0,0,0,40000,50000,-10000,-10000
055967,臻鼎元大97購01  ,0,0,0,0,0,0,0,0,0,-10000,0,0,0,112000,122000,-10000,-10000
056016,鴻海群益97購06  ,0,0,0,0,0,0,0,0,0,-10000,0,0,0,130000,140000,-10000,-10000
055997,矽創國泰99購01  ,0,0,0,0,0,0,0,0,0,-10000,0,0,0,10000,20000,-10000,-10000
056009,奇力新中信98購03,0,0,0,0,0,0,0,0,0,-10000,0,0,0,126000,136000,-10000,-10000
056035,鴻海凱基97購06  ,0,0,0,0,0,0,0,0,0,-10000,0,0,0,84000,94000,-10000,-10000
055861,矽力元大97購03  ,0,0,0,0,0,0,0,0,0,-10000,0,0,0,0,10000,-10000,-10000
055842,建準元大98購01  ,0,0,0,0,0,0,0,0,0,-10000,0,0,0,0,10000,-10000,-10000
055833,華通元大98購05  ,0,0,0,0,0,0,0,0,0,-10000,0,0,0,80000,90000,-10000,-10000
055826,中石化元大97購01,0,0,0,0,0,0,0,0,0,-10000,0,0,0,30000,40000,-10000,-10000
05593P,鴻海國票97售03  ,0,0,0,0,0,0,0,0,0,-10000,0,0,0,50000,60000,-10000,-10000
055925,上銀群益97購01  ,0,0,0,0,0,0,0,0,0,-10000,0,0,0,41000,51000,-10000,-10000
057164,國巨元大98購14  ,0,0,0,0,0,0,0,0,0,-10000,0,0,0,172000,182000,-10000,-10000
057165,國巨元大99購05  ,0,0,0,0,0,0,0,0,0,-10000,0,0,0,152000,162000,-10000,-10000
057204,利勤元富98購01  ,0,0,0,0,0,0,0,0,0,-10000,0,0,0,10000,20000,-10000,-10000
057002,友達國票98購01  ,0,0,0,0,0,0,0,0,0,-10000,0,0,0,0,10000,-10000,-10000
057017,和大凱基98購01  ,0,0,0,0,0,0,0,0,0,-10000,0,0,0,5000,15000,-10000,-10000
057018,亞德客凱基98購01,0,0,0,0,0,0,0,0,0,-10000,0,0,0,20000,30000,-10000,-10000
057023,美律凱基99購02  ,0,0,0,0,0,0,0,0,0,-10000,0,0,0,0,10000,-10000,-10000
057036,元油2X元大9B購04,0,0,0,0,0,0,0,0,0,-10000,0,0,0,0,10000,-10000,-10000
056911,緯穎元大99購01  ,0,0,0,0,0,0,0,0,0,-10000,0,0,0,10000,20000,-10000,-10000
056734,國巨凱基99購01  ,0,0,0,0,0,0,0,0,0,-10000,0,0,0,0,10000,-10000,-10000
05672P,鴻海群益96售03  ,0,0,0,0,0,0,0,0,0,-10000,0,0,0,20000,30000,-10000,-10000
056703,群創國泰9A購01  ,0,0,0,0,0,0,0,0,0,-10000,0,0,0,0,10000,-10000,-10000
056762,亞德客元大98購01,0,0,0,0,0,0,0,0,0,-10000,0,0,0,124000,134000,-10000,-10000
057319,奇力新凱基99購02,0,0,0,0,0,0,0,0,0,-10000,0,0,0,0,10000,-10000,-10000
057369,奇力新元大99購05,0,0,0,0,0,0,0,0,0,-10000,0,0,0,14000,24000,-10000,-10000
057364,國巨元大98購18  ,0,0,0,0,0,0,0,0,0,-10000,0,0,0,201000,211000,-10000,-10000
057433,上銀國票98購04  ,0,0,0,0,0,0,0,0,0,-10000,0,0,0,0,10000,-10000,-10000
057443,臺股指統一99購04,0,0,0,0,0,0,0,0,0,-10000,0,0,0,2000,12000,-10000,-10000
057379,寶成元大98購02  ,0,0,0,0,0,0,0,0,0,-10000,0,0,0,0,10000,-10000,-10000
057372,華新科元大99購10,0,0,0,0,0,0,0,0,0,-10000,0,0,0,5000,15000,-10000,-10000
057498,台郡元大98購04  ,0,0,0,0,0,0,0,0,0,-10000,0,0,0,0,10000,-10000,-10000
057733,嘉聯益國泰99購01,0,0,0,0,0,0,0,0,0,-10000,0,0,0,10000,20000,-10000,-10000
057605,旺宏統一99購03  ,0,0,0,0,0,0,0,0,0,-10000,0,0,0,20000,30000,-10000,-10000
057607,旺宏台新98購02  ,0,0,0,0,0,0,0,0,0,-10000,0,0,0,0,10000,-10000,-10000
05765P,臺股指永豐96售01,0,0,0,0,0,0,0,0,0,-10000,0,0,0,0,10000,-10000,-10000
057822,牧德元大9A購01  ,0,0,0,0,0,0,0,0,0,-10000,0,0,0,18000,28000,-10000,-10000
057850,上銀兆豐99購02  ,0,0,0,0,0,0,0,0,0,-10000,0,0,0,0,10000,-10000,-10000
057810,技嘉元大98購06  ,0,0,0,0,0,0,0,0,0,-10000,0,0,0,12000,22000,-10000,-10000
051587,大立光元大95購08,0,0,0,0,0,0,0,0,0,-10000,0,0,0,0,10000,-10000,-10000
051528,亞泥國票96購01  ,0,0,0,0,0,0,0,0,0,-10000,0,0,0,76000,86000,-10000,-10000
051529,東元國票96購01  ,0,0,0,0,0,0,0,0,0,-10000,0,0,0,6000,16000,-10000,-10000
048758,美利達元富96購02,0,0,0,0,0,0,0,0,0,-10000,0,0,0,20000,30000,-10000,-10000
051905,道瓊銀元大95購01,0,0,0,0,0,0,0,0,0,-10000,0,0,0,0,10000,-10000,-10000
051594,和碩元大96購01  ,0,0,0,0,0,0,0,0,0,-10000,0,0,0,0,10000,-10000,-10000
051624,智邦麥證95購02  ,0,0,0,60000,70000,-10000,0,0,0,-10000,0,0,0,60000,70000,-10000,-10000
051658,深中小國泰97購01,0,0,0,0,0,0,0,0,0,-10000,0,0,0,0,10000,-10000,-10000
051651,易華電永豐95購01,0,0,0,0,0,0,0,0,0,-10000,0,0,0,0,10000,-10000,-10000
051691,台表科凱基95購01,0,0,0,0,0,0,0,0,0,-10000,0,0,0,0,10000,-10000,-10000
051725,緯穎永豐95購02  ,0,0,0,0,0,0,0,0,0,-10000,0,0,0,10000,20000,-10000,-10000
05175P,TPK富邦99售01   ,0,0,0,0,0,0,0,0,0,-10000,0,0,0,0,10000,-10000,-10000
051772,玉山金中信95購01,0,0,0,0,0,0,0,0,0,-10000,0,0,0,11000,21000,-10000,-10000
051779,大立光群益95購02,0,0,0,0,0,0,0,0,0,-10000,0,0,0,0,10000,-10000,-10000
048422,瑞昱元富96購02  ,0,0,0,0,0,0,0,0,0,-10000,0,0,0,0,10000,-10000,-10000
048425,聯茂元富96購02  ,0,0,0,0,0,0,0,0,0,-10000,0,0,0,0,10000,-10000,-10000
048388,華通國票94購01  ,0,0,0,0,0,0,0,0,0,-10000,0,0,0,0,10000,-10000,-10000
048220,鴻海凱基93購35  ,0,0,0,0,0,0,0,0,0,-10000,0,0,0,0,10000,-10000,-10000
047525,漢唐元大93購04  ,0,0,0,0,0,0,0,0,0,-10000,0,0,0,0,10000,-10000,-10000
048262,台積電元富94購01,0,0,0,0,0,0,0,0,0,-10000,0,0,0,0,10000,-10000,-10000
048729,鴻海麥證94購01  ,0,0,0,0,10000,-10000,0,0,0,-10000,0,0,0,0,10000,-10000,-10000
048732,台勝科麥證95購01,0,0,0,0,10000,-10000,0,0,0,-10000,0,0,0,0,10000,-10000,-10000
048736,台達電統一94購01,0,0,0,0,0,0,0,0,0,-10000,0,0,0,0,10000,-10000,-10000
048746,台達電元富94購01,0,0,0,0,0,0,0,0,0,-10000,0,0,0,0,10000,-10000,-10000
048548,緯穎永豐93購02  ,0,0,0,0,0,0,0,0,0,-10000,0,0,0,10000,20000,-10000,-10000
048533,景碩國票94購01  ,0,0,0,0,0,0,0,0,0,-10000,0,0,0,0,10000,-10000,-10000
048603,中磊國票94購02  ,0,0,0,0,0,0,0,0,0,-10000,0,0,0,114000,124000,-10000,-10000
047964,元油反中信95購01,0,0,0,0,0,0,0,0,0,-10000,0,0,0,0,10000,-10000,-10000
048040,百和凱基93購07  ,0,0,0,0,0,0,0,0,0,-10000,0,0,0,0,10000,-10000,-10000
048044,儒鴻永豐93購01  ,0,0,0,0,0,0,0,0,0,-10000,0,0,0,0,10000,-10000,-10000
048191,亞德客元大93購06,0,0,0,0,0,0,0,0,0,-10000,0,0,0,0,10000,-10000,-10000
046972,同欣電群益93購01,0,0,0,0,0,0,0,0,0,-10000,0,0,0,0,10000,-10000,-10000
048085,鴻海凱基93購32  ,0,0,0,0,0,0,0,0,0,-10000,0,0,0,0,10000,-10000,-10000
048052,力成中信93購01  ,0,0,0,0,0,0,0,0,0,-10000,0,0,0,50000,60000,-10000,-10000
047774,台表科元大95購01,0,0,0,0,0,0,0,0,0,-10000,0,0,0,0,10000,-10000,-10000
047799,技嘉兆豐93購01  ,0,0,0,0,0,0,0,0,0,-10000,0,0,0,0,10000,-10000,-10000
049060,易華電永豐94購02,0,0,0,0,0,0,0,0,0,-10000,0,0,0,0,10000,-10000,-10000
04785P,鴻海永豐94售03  ,0,0,0,0,0,0,0,0,0,-10000,0,0,0,30000,40000,-10000,-10000
047905,元油反元大96購04,0,0,0,0,0,0,0,0,0,-10000,0,0,0,0,10000,-10000,-10000
047903,滬深2X元大96購01,0,0,0,0,0,0,0,0,0,-10000,0,0,0,0,10000,-10000,-10000
046604,康控群益93購02  ,0,0,0,0,0,0,0,0,0,-10000,0,0,0,0,10000,-10000,-10000
046720,元油2X元大95購08,0,0,0,0,0,0,0,0,0,-10000,0,0,0,0,10000,-10000,-10000
046893,華新科群益94購01,0,0,0,0,0,0,0,0,0,-10000,0,0,0,0,10000,-10000,-10000
046865,鴻海統一95購01  ,0,0,0,0,0,0,0,0,0,-10000,0,0,0,12000,22000,-10000,-10000
04708P,國巨元大94售11  ,0,0,0,0,0,0,0,0,0,-10000,0,0,0,0,10000,-10000,-10000
04657P,國巨永豐94售03  ,0,0,0,0,0,0,0,0,0,-10000,0,0,0,0,10000,-10000,-10000
046537,聯發科群益93購02,0,0,0,0,0,0,0,0,0,-10000,0,0,0,0,10000,-10000,-10000
046977,潤泰全永豐93購01,0,0,0,0,0,0,0,0,0,-10000,0,0,0,0,10000,-10000,-10000
047024,奇力新元大95購01,0,0,0,0,0,0,0,0,0,-10000,0,0,0,0,10000,-10000,-10000
04712P,國泰金元大94售01,0,0,0,0,0,0,0,0,0,-10000,0,0,0,0,10000,-10000,-10000
047184,漢唐元大94購02  ,0,0,0,0,0,0,0,0,0,-10000,0,0,0,0,10000,-10000,-10000
047206,元金2X國泰94購01,0,0,0,0,0,0,0,0,0,-10000,0,0,0,0,10000,-10000,-10000
047273,奇力新永豐93購03,0,0,0,0,0,0,0,0,0,-10000,0,0,0,0,10000,-10000,-10000
047353,台郡凱基93購03  ,0,0,0,0,0,0,0,0,0,-10000,0,0,0,0,10000,-10000,-10000
047369,漢唐國票94購01  ,0,0,0,0,0,0,0,0,0,-10000,0,0,0,0,10000,-10000,-10000
047395,聯茂元大94購01  ,0,0,0,0,0,0,0,0,0,-10000,0,0,0,0,10000,-10000,-10000
047481,可成凱基93購08  ,0,0,0,0,0,0,0,0,0,-10000,0,0,0,10000,20000,-10000,-10000
047476,鴻海凱基94購08  ,0,0,0,0,0,0,0,0,0,-10000,0,0,0,13000,23000,-10000,-10000
047478,旺宏凱基93購04  ,0,0,0,0,0,0,0,0,0,-10000,0,0,0,10000,20000,-10000,-10000
043467,全新元大93購01  ,0,0,0,0,0,0,0,0,0,-10000,0,0,0,0,10000,-10000,-10000
048831,玉晶光凱基95購01,0,0,0,0,0,0,0,0,0,-10000,0,0,0,1000,11000,-10000,-10000
042912,凌陽元大94購01  ,0,0,0,0,0,0,0,0,0,-10000,0,0,0,0,10000,-10000,-10000
048982,牧德元大94購02  ,0,0,0,0,0,0,0,0,0,-10000,0,0,0,0,10000,-10000,-10000
048926,燿華永豐95購01  ,0,0,0,0,0,0,0,0,0,-10000,0,0,0,0,10000,-10000,-10000
048910,和鑫富邦98購01  ,0,0,0,0,0,0,0,0,0,-10000,0,0,0,10000,20000,-10000,-10000
047648,智伸科元大93購05,0,0,0,0,0,0,0,0,0,-10000,0,0,0,0,10000,-10000,-10000
047659,大立光麥證93購01,0,0,0,0,10000,-10000,0,0,0,-10000,0,0,0,0,10000,-10000,-10000
044673,上銀凱基93購04  ,0,0,0,0,0,0,0,0,0,-10000,0,0,0,0,10000,-10000,-10000
044680,華新科凱基93購06,0,0,0,0,0,0,0,0,0,-10000,0,0,0,10000,20000,-10000,-10000
045963,新光金凱基93購01,0,0,0,0,0,0,0,0,0,-10000,0,0,0,30000,40000,-10000,-10000
044879,上証2X群益93購01,0,0,0,0,0,0,0,0,0,-10000,0,0,0,0,10000,-10000,-10000
04487P,南亞科凱基94售01,0,0,0,0,0,0,0,0,0,-10000,0,0,0,0,10000,-10000,-10000
042711,台灣50國票93購01,0,0,0,0,0,0,0,0,0,-10000,0,0,0,0,10000,-10000,-10000
046257,A50正2國票94購01,0,0,0,0,0,0,0,0,0,-10000,0,0,0,20000,30000,-10000,-10000
04230P,臺股指中信95售06,0,0,0,0,0,0,0,0,0,-10000,0,0,0,84000,94000,-10000,-10000
044995,大立光國泰94購01,0,0,0,0,0,0,0,0,0,-10000,0,0,0,0,10000,-10000,-10000
046134,致新國泰93購02  ,0,0,0,0,0,0,0,0,0,-10000,0,0,0,0,10000,-10000,-10000
046049,臺股指元大93購19,0,0,0,0,0,0,0,0,0,-10000,0,0,0,0,10000,-10000,-10000
04604P,華新科國票95售01,0,0,0,0,0,0,0,0,0,-10000,0,0,0,0,10000,-10000,-10000
046159,群創群益98購04  ,0,0,0,0,0,0,0,0,0,-10000,0,0,0,37000,47000,-10000,-10000
046185,正崴凱基93購02  ,0,0,0,0,0,0,0,0,0,-10000,0,0,0,10000,20000,-10000,-10000
045106,玉晶光群益95購01,0,0,0,0,0,0,0,0,0,-10000,0,0,0,1000,11000,-10000,-10000
03021P,玉晶光群益02售25,0,0,0,0,0,0,0,0,0,-10000,0,0,0,1000,11000,-10000,-10000
03492P,創意元大02售03  ,0,0,0,0,0,0,0,0,0,-10000,0,0,0,0,10000,-10000,-10000
03304P,欣興元富02售02  ,0,0,0,0,0,0,0,0,0,-10000,0,0,0,990000,1000000,-10000,-10000
00767,FH美國金融股    ,0,0,0,0,0,0,0,0,0,-10000,0,0,0,6000,16000,-10000,-10000
03659C,元油2X元大98牛13,0,0,0,0,0,0,0,0,0,-10000,0,0,0,0,10000,-10000,-10000
03646C,臺股指元大95牛32,0,0,0,0,0,0,0,0,0,-10000,0,0,0,0,10000,-10000,-10000
04131P,裕隆群益93售01  ,0,0,0,0,0,0,0,0,0,-10000,0,0,0,0,10000,-10000,-10000
041921,台灣50凱基93購04,0,0,0,0,0,0,0,0,0,-10000,0,0,0,0,10000,-10000,-10000
044076,台灣50國票93購02,0,0,0,0,0,0,0,0,0,-10000,0,0,0,0,10000,-10000,-10000
045760,鴻海統一93購02  ,0,0,0,0,0,0,0,0,0,-10000,0,0,0,0,10000,-10000,-10000
044265,滬深2X中信95購05,0,0,0,0,0,0,0,0,0,-10000,0,0,0,0,10000,-10000,-10000
044282,上銀凱基93購03  ,0,0,0,0,0,0,0,0,0,-10000,0,0,0,13000,23000,-10000,-10000
045656,滬深2X永昌93購03,0,0,0,0,0,0,0,0,0,-10000,0,0,0,0,10000,-10000,-10000
045626,上銀凱基93購05  ,0,0,0,0,0,0,0,0,0,-10000,0,0,0,10000,20000,-10000,-10000
045588,健策元大93購01  ,0,0,0,0,0,0,0,0,0,-10000,0,0,0,0,10000,-10000,-10000
04574P,台達電統一94售05,0,0,0,0,0,0,0,0,0,-10000,0,0,0,0,10000,-10000,-10000
045444,群創元富98購02  ,0,0,0,0,0,0,0,0,0,-10000,0,0,0,0,10000,-10000,-10000
045535,A50正2群益94購01,0,0,0,0,0,0,0,0,0,-10000,0,0,0,0,10000,-10000,-10000
04550P,超眾元大94售01  ,0,0,0,0,0,0,0,0,0,-10000,0,0,0,0,10000,-10000,-10000
049653,緯穎凱基94購03  ,0,0,0,0,0,0,0,0,0,-10000,0,0,0,0,10000,-10000,-10000
049230,台達電富邦96購01,0,0,0,0,0,0,0,0,0,-10000,0,0,0,0,10000,-10000,-10000
049231,鴻海富邦95購02  ,0,0,0,0,0,0,0,0,0,-10000,0,0,0,0,10000,-10000,-10000
049222,和碩國票94購01  ,0,0,0,0,0,0,0,0,0,-10000,0,0,0,0,10000,-10000,-10000
052202,矽力統一96購01  ,0,0,0,0,0,0,0,0,0,-10000,0,0,0,0,10000,-10000,-10000
052180,緯穎元大96購05  ,0,0,0,0,0,0,0,0,0,-10000,0,0,0,19000,29000,-10000,-10000
052025,國巨群益96購01  ,0,0,0,0,0,0,0,0,0,-10000,0,0,0,3000,13000,-10000,-10000
052014,光罩永豐95購01  ,0,0,0,0,0,0,0,0,0,-10000,0,0,0,0,10000,-10000,-10000
052169,鴻海元大97購02  ,0,0,0,0,0,0,0,0,0,-10000,0,0,0,0,10000,-10000,-10000
052152,創意富邦98購01  ,0,0,0,0,0,0,0,0,0,-10000,0,0,0,0,10000,-10000,-10000
052137,台表科凱基96購02,0,0,0,0,0,0,0,0,0,-10000,0,0,0,0,10000,-10000,-10000
052108,鴻海元富95購11  ,0,0,0,0,0,0,0,0,0,-10000,0,0,0,0,10000,-10000,-10000
052126,群創國票97購01  ,0,0,0,0,0,0,0,0,0,-10000,0,0,0,0,10000,-10000,-10000
051966,台表科永豐95購01,0,0,0,0,0,0,0,0,0,-10000,0,0,0,0,10000,-10000,-10000
051961,泰碩永豐95購01  ,0,0,0,0,0,0,0,0,0,-10000,0,0,0,10000,20000,-10000,-10000
050483,樺漢國票94購01  ,0,0,0,0,0,0,0,0,0,-10000,0,0,0,0,10000,-10000,-10000
049618,美律群益94購03  ,0,0,0,0,0,0,0,0,0,-10000,0,0,0,0,10000,-10000,-10000
050518,台積電元大94購28,0,0,0,0,0,0,0,0,0,-10000,0,0,0,0,10000,-10000,-10000
049590,華新科元大94購01,0,0,0,0,0,0,0,0,0,-10000,0,0,0,0,10000,-10000,-10000
049589,奇力新元大95購02,0,0,0,0,0,0,0,0,0,-10000,0,0,0,0,10000,-10000,-10000
049595,麗豐元大95購01  ,0,0,0,0,0,0,0,0,0,-10000,0,0,0,0,10000,-10000,-10000
050553,緯穎凱基94購06  ,0,0,0,0,0,0,0,0,0,-10000,0,0,0,0,10000,-10000,-10000
051433,中磊元富95購01  ,0,0,0,0,0,0,0,0,0,-10000,0,0,0,30000,40000,-10000,-10000
052399,台光電凱基95購03,0,0,0,0,0,0,0,0,0,-10000,0,0,0,0,10000,-10000,-10000
051978,泰碩凱基96購01  ,0,0,0,0,0,0,0,0,0,-10000,0,0,0,20000,30000,-10000,-10000
050305,正崴中信95購01  ,0,0,0,0,0,0,0,0,0,-10000,0,0,0,0,10000,-10000,-10000
050318,景碩國票94購02  ,0,0,0,0,0,0,0,0,0,-10000,0,0,0,0,10000,-10000,-10000
050330,南電永豐94購01  ,0,0,0,0,0,0,0,0,0,-10000,0,0,0,0,10000,-10000,-10000
050377,華通第一94購01  ,0,0,0,0,0,0,0,0,0,-10000,0,0,0,51000,61000,-10000,-10000
050429,漢唐凱基94購04  ,0,0,0,0,0,0,0,0,0,-10000,0,0,0,0,10000,-10000,-10000
050231,聯發科麥證94購03,0,0,0,10000,20000,-10000,0,0,0,-10000,0,0,0,10000,20000,-10000,-10000
050235,國巨凱基94購11  ,0,0,0,0,0,0,0,0,0,-10000,0,0,0,0,10000,-10000,-10000
050711,TPK中信94購01   ,0,0,0,0,0,0,0,0,0,-10000,0,0,0,0,10000,-10000,-10000
050720,上証2X國票94購02,0,0,0,0,0,0,0,0,0,-10000,0,0,0,0,10000,-10000,-10000
050586,康友國票94購01  ,0,0,0,0,0,0,0,0,0,-10000,0,0,0,0,10000,-10000,-10000
050587,緯穎國票94購02  ,0,0,0,0,0,0,0,0,0,-10000,0,0,0,0,10000,-10000,-10000
050572,大立光中信97購01,0,0,0,0,0,0,0,0,0,-10000,0,0,0,0,10000,-10000,-10000
049492,聯發科元大95購02,0,0,0,0,0,0,0,0,0,-10000,0,0,0,0,10000,-10000,-10000
049478,祥碩永豐94購02  ,0,0,0,0,0,0,0,0,0,-10000,0,0,0,0,10000,-10000,-10000
04972P,緯穎元富94售03  ,0,0,0,0,0,0,0,0,0,-10000,0,0,0,0,10000,-10000,-10000
049270,台表科元大95購02,0,0,0,0,0,0,0,0,0,-10000,0,0,0,0,10000,-10000,-10000
049315,上緯控凱基94購03,0,0,0,0,0,0,0,0,0,-10000,0,0,0,0,10000,-10000,-10000
049344,華固統一94購01  ,0,0,0,0,0,0,0,0,0,-10000,0,0,0,0,10000,-10000,-10000
049379,智原元大95購01  ,0,0,0,0,0,0,0,0,0,-10000,0,0,0,0,10000,-10000,-10000
052277,台達電凱基97購01,0,0,0,0,0,0,0,0,0,-10000,0,0,0,0,10000,-10000,-10000
050748,道瓊銀統一94購04,0,0,0,0,0,0,0,0,0,-10000,0,0,0,10000,20000,-10000,-10000
052306,鴻海國泰97購05  ,0,0,0,0,0,0,0,0,0,-10000,0,0,0,0,10000,-10000,-10000
05230P,京元電群益95售01,0,0,0,0,0,0,0,0,0,-10000,0,0,0,0,10000,-10000,-10000
049856,緯穎群益94購02  ,0,0,0,0,0,0,0,0,0,-10000,0,0,0,0,10000,-10000,-10000
049857,緯穎群益94購03  ,0,0,0,0,0,0,0,0,0,-10000,0,0,0,0,10000,-10000,-10000
049859,味全兆豐95購01  ,0,0,0,0,0,0,0,0,0,-10000,0,0,0,0,10000,-10000,-10000
051094,健策元大96購03  ,0,0,0,0,0,0,0,0,0,-10000,0,0,0,5000,15000,-10000,-10000
051095,貿聯元大95購03  ,0,0,0,0,0,0,0,0,0,-10000,0,0,0,0,10000,-10000,-10000
051146,旺宏凱基95購04  ,0,0,0,0,0,0,0,0,0,-10000,0,0,0,10000,20000,-10000,-10000
051116,可成麥證95購01  ,0,0,0,0,10000,-10000,0,0,0,-10000,0,0,0,0,10000,-10000,-10000
049895,國巨統一94購04  ,0,0,0,0,0,0,0,0,0,-10000,0,0,0,0,10000,-10000,-10000
049888,智邦國泰96購01  ,0,0,0,0,0,0,0,0,0,-10000,0,0,0,35000,45000,-10000,-10000
049876,智邦永豐94購01  ,0,0,0,0,0,0,0,0,0,-10000,0,0,0,0,10000,-10000,-10000
050836,緯穎凱基95購01  ,0,0,0,0,0,0,0,0,0,-10000,0,0,0,0,10000,-10000,-10000
049899,台積電元富94購05,0,0,0,0,0,0,0,0,0,-10000,0,0,0,0,10000,-10000,-10000
050897,嘉晶元大95購03  ,0,0,0,0,0,0,0,0,0,-10000,0,0,0,49000,59000,-10000,-10000
04992P,元油2X富邦97售04,0,0,0,0,0,0,0,0,0,-10000,300000,0,300000,100000,410000,-310000,-10000
049971,台郡國票95購01  ,0,0,0,0,0,0,0,0,0,-10000,0,0,0,0,10000,-10000,-10000
049946,智邦兆豐95購01  ,0,0,0,0,0,0,0,0,0,-10000,0,0,0,0,10000,-10000,-10000
051269,康友富邦97購01  ,0,0,0,0,0,0,0,0,0,-10000,0,0,0,0,10000,-10000,-10000
051313,緯創麥證95購02  ,0,0,0,10000,20000,-10000,0,0,0,-10000,0,0,0,10000,20000,-10000,-10000
051297,台積電凱基95購07,0,0,0,0,0,0,0,0,0,-10000,0,0,0,0,10000,-10000,-10000
051326,聯發科台新95購01,0,0,0,0,0,0,0,0,0,-10000,0,0,0,0,10000,-10000,-10000
051327,元油2X永豐95購02,0,0,0,0,0,0,0,0,0,-10000,0,0,0,0,10000,-10000,-10000
051237,鴻海元大97購01  ,0,0,0,0,0,0,0,0,0,-10000,0,0,0,0,10000,-10000,-10000
051243,微星元大95購01  ,0,0,0,0,0,0,0,0,0,-10000,0,0,0,101000,111000,-10000,-10000
051209,百和麥證95購01  ,0,0,0,0,10000,-10000,0,0,0,-10000,0,0,0,0,10000,-10000,-10000
050978,鴻海元富95購03  ,0,0,0,0,0,0,0,0,0,-10000,0,0,0,0,10000,-10000,-10000
052544,牧德元富95購01  ,0,0,0,0,0,0,0,0,0,-10000,0,0,0,0,10000,-10000,-10000
050092,鴻海永豐94購04  ,0,0,0,0,0,0,0,0,0,-10000,0,0,0,0,10000,-10000,-10000
052580,高鐵元富96購01  ,0,0,0,0,0,0,0,0,0,-10000,0,0,0,0,10000,-10000,-10000
052653,臺股指永豐97購01,0,0,0,0,0,0,0,0,0,-10000,0,0,0,155000,165000,-10000,-10000
050127,台積電凱基94購31,0,0,0,0,0,0,0,0,0,-10000,0,0,0,0,10000,-10000,-10000
05004P,健策統一95售01  ,0,0,0,0,0,0,0,0,0,-10000,0,0,0,0,10000,-10000,-10000
050115,群創元大96購01  ,0,0,0,0,0,0,0,0,0,-10000,0,0,0,23000,33000,-10000,-10000
052485,深中小國票96購01,0,0,0,0,0,0,0,0,0,-10000,0,0,0,0,10000,-10000,-10000
052481,利勤群益95購01  ,0,0,0,0,0,0,0,0,0,-10000,0,0,0,0,10000,-10000,-10000
052450,嘉澤元大95購03  ,0,0,0,0,0,0,0,0,0,-10000,0,0,0,0,10000,-10000,-10000
052430,泰碩永豐95購02  ,0,0,0,0,0,0,0,0,0,-10000,0,0,0,0,10000,-10000,-10000
052427,上証2X永豐96購01,0,0,0,0,0,0,0,0,0,-10000,0,0,0,20000,30000,-10000,-10000
052423,宏達電國票96購02,0,0,0,0,0,0,0,0,0,-10000,0,0,0,10000,20000,-10000,-10000
052780,玉晶光國票96購04,0,0,0,0,0,0,0,0,0,-10000,0,0,0,0,10000,-10000,-10000
052739,國巨元大96購04  ,0,0,0,0,0,0,0,0,0,-10000,0,0,0,0,10000,-10000,-10000
052755,滬深2X群益9A購01,0,0,0,0,0,0,0,0,0,-10000,0,0,0,1000,11000,-10000,-10000
052704,TPK國票97購01   ,0,0,0,0,0,0,0,0,0,-10000,0,0,0,0,10000,-10000,-10000
052711,滬深2X凱基97購01,0,0,0,0,0,0,0,0,0,-10000,0,0,0,0,10000,-10000,-10000
052719,致新凱基96購01  ,0,0,0,0,0,0,0,0,0,-10000,0,0,0,0,10000,-10000,-10000
05271P,國巨富邦97售01  ,0,0,0,0,0,0,0,0,0,-10000,0,0,0,0,10000,-10000,-10000
054966,貿聯元大98購02  ,0,0,0,0,0,0,0,0,0,-10000,0,0,0,2000,12000,-10000,-10000
054958,亞光元大97購03  ,0,0,0,0,0,0,0,0,0,-10000,0,0,0,0,10000,-10000,-10000
055024,興勤國泰98購01  ,0,0,0,0,0,0,0,0,0,-10000,0,0,0,0,10000,-10000,-10000
055084,國巨第一97購01  ,0,0,0,0,0,0,0,0,0,-10000,0,0,0,25000,35000,-10000,-10000
05518P,T50反1凱基98售03,0,0,0,0,0,0,0,0,0,-10000,0,0,0,0,10000,-10000,-10000
055400,緯穎統一97購01  ,0,0,0,0,0,0,0,0,0,-10000,0,0,0,0,10000,-10000,-10000
055353,華新科凱基98購03,0,0,0,0,0,0,0,0,0,-10000,0,0,0,30000,40000,-10000,-10000
055316,上銀國票98購01  ,0,0,0,0,0,0,0,0,0,-10000,0,0,0,80000,90000,-10000,-10000
054433,南亞科台新96購02,0,0,0,0,0,0,0,0,0,-10000,0,0,0,10000,20000,-10000,-10000
054465,亞光凱基97購01  ,0,0,0,0,0,0,0,0,0,-10000,0,0,0,0,10000,-10000,-10000
054452,華通亞東96購01  ,0,0,0,0,0,0,0,0,0,-10000,0,0,0,0,10000,-10000,-10000
054539,欣興國票98購01  ,0,0,0,0,0,0,0,0,0,-10000,0,0,0,0,10000,-10000,-10000
054540,泰鼎國票99購01  ,0,0,0,0,0,0,0,0,0,-10000,0,0,0,0,10000,-10000,-10000
054513,元金2X元大96購01,0,0,0,0,0,0,0,0,0,-10000,0,0,0,0,10000,-10000,-10000
054284,和大元大96購03  ,0,0,0,0,0,0,0,0,0,-10000,0,0,0,0,10000,-10000,-10000
054277,亞光群益97購01  ,0,0,0,0,0,0,0,0,0,-10000,0,0,0,0,10000,-10000,-10000
054297,台郡元大98購01  ,0,0,0,0,0,0,0,0,0,-10000,0,0,0,0,10000,-10000,-10000
054260,貿聯元大96購03  ,0,0,0,0,0,0,0,0,0,-10000,0,0,0,0,10000,-10000,-10000
054263,聯茂元大96購02  ,0,0,0,0,0,0,0,0,0,-10000,0,0,0,0,10000,-10000,-10000
054580,樺漢元大98購01  ,0,0,0,0,0,0,0,0,0,-10000,0,0,0,169000,179000,-10000,-10000
054579,聯茂元大97購01  ,0,0,0,0,0,0,0,0,0,-10000,0,0,0,0,10000,-10000,-10000
054659,亞光元大97購02  ,0,0,0,0,0,0,0,0,0,-10000,0,0,0,0,10000,-10000,-10000
054666,強茂元富97購01  ,0,0,0,0,0,0,0,0,0,-10000,0,0,0,30000,40000,-10000,-10000
054740,強茂凱基99購01  ,0,0,0,0,0,0,0,0,0,-10000,0,0,0,0,10000,-10000,-10000
054777,昇陽半國票98購01,0,0,0,0,0,0,0,0,0,-10000,0,0,0,0,10000,-10000,-10000
053345,欣興國票97購02  ,0,0,0,0,0,0,0,0,0,-10000,0,0,0,60000,70000,-10000,-10000
053353,玉晶光兆豐97購03,0,0,0,0,0,0,0,0,0,-10000,0,0,0,0,10000,-10000,-10000
053305,聯詠凱基96購02  ,0,0,0,0,0,0,0,0,0,-10000,0,0,0,0,10000,-10000,-10000
053206,聯發科麥證96購02,0,0,0,10000,20000,-10000,0,0,0,-10000,0,0,0,10000,20000,-10000,-10000
053132,國巨國票97購02  ,0,0,0,0,0,0,0,0,0,-10000,0,0,0,0,10000,-10000,-10000
053129,緯穎凱基96購01  ,0,0,0,0,0,0,0,0,0,-10000,0,0,0,0,10000,-10000,-10000
053150,聯發科元大96購11,0,0,0,0,0,0,0,0,0,-10000,0,0,0,50000,60000,-10000,-10000
053161,康友元大96購04  ,0,0,0,0,0,0,0,0,0,-10000,0,0,0,0,10000,-10000,-10000
053062,緯穎富邦97購01  ,0,0,0,0,0,0,0,0,0,-10000,0,0,0,10000,20000,-10000,-10000
053066,欣興群益96購02  ,0,0,0,0,0,0,0,0,0,-10000,0,0,0,7000,17000,-10000,-10000
052997,國巨康和96購01  ,0,0,0,0,0,0,0,0,0,-10000,0,0,0,0,10000,-10000,-10000
053036,聯電凱基98購01  ,0,0,0,0,0,0,0,0,0,-10000,0,0,0,10000,20000,-10000,-10000
053037,國巨凱基96購08  ,0,0,0,0,0,0,0,0,0,-10000,0,0,0,65000,75000,-10000,-10000
053022,欣興國泰98購01  ,0,0,0,0,0,0,0,0,0,-10000,0,0,0,8000,18000,-10000,-10000
052949,智易國票97購02  ,0,0,0,0,0,0,0,0,0,-10000,0,0,0,0,10000,-10000,-10000
052950,超眾國票98購01  ,0,0,0,0,0,0,0,0,0,-10000,0,0,0,1000,11000,-10000,-10000
052952,矽創國票97購02  ,0,0,0,0,0,0,0,0,0,-10000,0,0,0,10000,20000,-10000,-10000
053869,嘉澤元大96購02  ,0,0,0,0,0,0,0,0,0,-10000,0,0,0,4000,14000,-10000,-10000
053875,GIS元大97購01   ,0,0,0,0,0,0,0,0,0,-10000,0,0,0,30000,40000,-10000,-10000
053863,聯發科元大96購18,0,0,0,0,0,0,0,0,0,-10000,0,0,0,10000,20000,-10000,-10000
053806,鎧勝凱基96購02  ,0,0,0,0,0,0,0,0,0,-10000,0,0,0,0,10000,-10000,-10000
053783,聯發科元大96購17,0,0,0,0,0,0,0,0,0,-10000,0,0,0,0,10000,-10000,-10000
053751,康控永豐96購02  ,0,0,0,0,0,0,0,0,0,-10000,0,0,0,0,10000,-10000,-10000
053715,美律凱基96購04  ,0,0,0,0,0,0,0,0,0,-10000,0,0,0,0,10000,-10000,-10000
053737,華新科麥證96購01,0,0,0,30000,40000,-10000,0,0,0,-10000,0,0,0,30000,40000,-10000,-10000
053666,臺股指凱基96購29,0,0,0,0,0,0,0,0,0,-10000,0,0,0,0,10000,-10000,-10000
053694,創意元大96購03  ,0,0,0,0,0,0,0,0,0,-10000,0,0,0,0,10000,-10000,-10000
053551,可成凱基96購05  ,0,0,0,0,0,0,0,0,0,-10000,0,0,0,0,10000,-10000,-10000
05356P,臺股指元富95售10,0,0,0,0,0,0,0,0,0,-10000,200000,0,200000,50000,260000,-210000,-10000
053560,漢唐國泰98購01  ,0,0,0,0,0,0,0,0,0,-10000,0,0,0,10000,20000,-10000,-10000
053566,大立光富邦99購03,0,0,0,0,0,0,0,0,0,-10000,0,0,0,0,10000,-10000,-10000
054146,康友元大96購06  ,0,0,0,0,0,0,0,0,0,-10000,0,0,0,57000,67000,-10000,-10000
053909,致伸凱基97購01  ,0,0,0,0,0,0,0,0,0,-10000,0,0,0,0,10000,-10000,-10000
053970,聯發科元大97購08,0,0,0,0,0,0,0,0,0,-10000,0,0,0,50000,60000,-10000,-10000
053971,聯發科元大97購09,0,0,0,0,0,0,0,0,0,-10000,0,0,0,0,10000,-10000,-10000
053974,大立光元大96購10,0,0,0,0,0,0,0,0,0,-10000,0,0,0,0,10000,-10000,-10000
053987,宏碁亞東96購01  ,0,0,0,0,0,0,0,0,0,-10000,0,0,0,50000,60000,-10000,-10000
053980,泰鼎元大97購02  ,0,0,0,0,0,0,0,0,0,-10000,0,0,0,33000,43000,-10000,-10000
054008,大立光元富96購06,0,0,0,0,0,0,0,0,0,-10000,0,0,0,0,10000,-10000,-10000
1535,中宇            ,1000,11000,-10000,0,0,0,0,0,0,0,0,0,0,0,0,0,-10000
6206,飛捷            ,102000,112000,-10000,0,0,0,0,0,0,0,0,0,0,0,0,0,-10000
3022,威強電          ,36000,46000,-10000,0,0,0,0,0,0,0,0,0,0,0,0,0,-10000
06699P,台積電統一98售11,0,0,0,0,0,0,0,0,0,-10000,0,0,0,0,10000,-10000,-10000
06854P,鴻海富邦99售05  ,0,0,0,0,0,0,0,0,0,-10000,0,0,0,20000,30000,-10000,-10000
06865P,亞德客元大98售04,0,0,0,0,0,0,0,0,0,-10000,0,0,0,10000,20000,-10000,-10000
06866P,聯發科元大98售13,0,0,0,0,0,0,0,0,0,-10000,0,0,0,0,10000,-10000,-10000
06805P,臺股指群益98售11,0,0,0,0,0,0,0,0,0,-10000,0,0,0,0,10000,-10000,-10000
06604P,聯發科元富02售02,0,0,0,0,0,0,0,0,0,-10000,0,0,0,5000,15000,-10000,-10000
06520P,元油2X元大98售04,0,0,0,0,0,0,0,0,0,-10000,0,0,0,360000,370000,-10000,-10000
06578P,華新科國票98售02,0,0,0,0,0,0,0,0,0,-10000,0,0,0,21000,31000,-10000,-10000
06489P,台積電元富98售06,0,0,0,0,0,0,0,0,0,-10000,0,0,0,20000,30000,-10000,-10000
06433P,大立光群益99售01,0,0,0,0,0,0,0,0,0,-10000,0,0,0,0,10000,-10000,-10000
06217P,鴻海元富97售05  ,0,0,0,0,0,0,0,0,0,-10000,0,0,0,30000,40000,-10000,-10000
06166P,大立光國票98售01,0,0,0,0,0,0,0,0,0,-10000,0,0,0,0,10000,-10000,-10000
057992,大立光日盛98購01,0,0,0,0,0,0,0,0,0,-10000,0,0,0,0,10000,-10000,-10000
057962,超眾元大99購03  ,0,0,0,0,0,0,0,0,0,-10000,0,0,0,7000,17000,-10000,-10000
057985,華通元富02購03  ,0,0,0,0,0,0,0,0,0,-10000,0,0,0,0,10000,-10000,-10000
057877,神達元大99購01  ,0,0,0,0,0,0,0,0,0,-10000,0,0,0,82000,92000,-10000,-10000
057938,台表科群益98購02,0,0,0,0,0,0,0,0,0,-10000,0,0,0,0,10000,-10000,-10000
058062,上銀中信98購01  ,0,0,0,0,0,0,0,0,0,-10000,0,0,0,0,10000,-10000,-10000
058069,美律凱基99購05  ,0,0,0,0,0,0,0,0,0,-10000,0,0,0,0,10000,-10000,-10000
05803P,臺股指兆豐96售03,0,0,0,0,0,0,0,0,0,-10000,0,0,0,0,10000,-10000,-10000
058126,元油2X元大9C購02,0,0,0,0,0,0,0,0,0,-10000,0,0,0,0,10000,-10000,-10000
058093,神達元大9A購01  ,0,0,0,0,0,0,0,0,0,-10000,0,0,0,68000,78000,-10000,-10000
058183,國巨富邦9A購06  ,0,0,0,0,0,0,0,0,0,-10000,0,0,0,0,10000,-10000,-10000
058144,聯茂元大99購02  ,0,0,0,0,0,0,0,0,0,-10000,0,0,0,56000,66000,-10000,-10000
058186,聯發科永豐99購01,0,0,0,0,0,0,0,0,0,-10000,0,0,0,50000,60000,-10000,-10000
057789,上銀統一9A購01  ,0,0,0,0,0,0,0,0,0,-11000,0,0,0,0,11000,-11000,-11000
057490,可成元大98購10  ,0,0,0,0,0,0,0,0,0,-11000,0,0,0,42000,53000,-11000,-11000
057536,康控元大99購03  ,0,0,0,0,0,0,0,0,0,-11000,0,0,0,164000,175000,-11000,-11000
057357,超眾統一98購01  ,0,0,0,0,0,0,0,0,0,-11000,0,0,0,71000,82000,-11000,-11000
056908,牧德元大99購03  ,0,0,0,0,0,0,0,0,0,-11000,0,0,0,20000,31000,-11000,-11000
056935,華新科元富98購02,0,0,0,0,0,0,0,0,0,-11000,0,0,0,30000,41000,-11000,-11000
057276,全新元大99購03  ,0,0,0,0,0,0,0,0,0,-11000,0,0,0,35000,46000,-11000,-11000
055619,同欣電國票98購02,0,0,0,0,0,0,0,0,0,-11000,0,0,0,23000,34000,-11000,-11000
056617,美律永豐98購01  ,0,0,0,0,0,0,0,0,0,-11000,0,0,0,36000,47000,-11000,-11000
056196,聯茂富邦98購02  ,0,0,0,0,0,0,0,0,0,-11000,0,0,0,0,11000,-11000,-11000
044134,訊芯凱基93購01  ,0,0,0,0,0,0,0,0,0,-11000,0,0,0,0,11000,-11000,-11000
03899P,滬深2X群益95售03,0,0,0,0,0,0,0,0,0,-11000,0,0,0,360000,371000,-11000,-11000
00763U,街口道瓊銅      ,0,0,0,0,0,0,0,0,0,-11000,0,0,0,0,11000,-11000,-11000
042237,鴻海永昌93購01  ,0,0,0,0,0,0,0,0,0,-11000,0,0,0,0,11000,-11000,-11000
043580,大立光元富94購01,0,0,0,0,0,0,0,0,0,-11000,0,0,0,0,11000,-11000,-11000
044407,聯茂凱基93購01  ,0,0,0,0,0,0,0,0,0,-11000,0,0,0,0,11000,-11000,-11000
043944,欣興兆豐93購02  ,0,0,0,0,0,0,0,0,0,-11000,0,0,0,0,11000,-11000,-11000
047457,旺宏群益95購01  ,0,0,0,0,0,0,0,0,0,-11000,0,0,0,130000,141000,-11000,-11000
04727P,臺股指凱基96售03,0,0,0,0,0,0,0,0,0,-11000,0,0,0,0,11000,-11000,-11000
048283,亞德客中信94購01,0,0,0,0,0,0,0,0,0,-11000,0,0,0,0,11000,-11000,-11000
048379,台郡元富96購01  ,0,0,0,0,0,0,0,0,0,-11000,0,0,0,10000,21000,-11000,-11000
051604,喬山群益95購01  ,0,0,0,0,0,0,0,0,0,-11000,0,0,0,0,11000,-11000,-11000
051537,牧德國票96購01  ,0,0,0,0,0,0,0,0,0,-11000,0,0,0,24000,35000,-11000,-11000
052701,群創國票96購01  ,0,0,0,0,0,0,0,0,0,-11000,0,0,0,0,11000,-11000,-11000
052429,禾伸堂永豐95購02,0,0,0,0,0,0,0,0,0,-11000,0,0,0,52000,63000,-11000,-11000
052519,旺宏元大95購05  ,0,0,0,0,0,0,0,0,0,-11000,0,0,0,264000,275000,-11000,-11000
052543,聯詠元富95購01  ,0,0,0,0,0,0,0,0,0,-11000,0,0,0,0,11000,-11000,-11000
049254,台積電元大96購02,0,0,0,0,0,0,0,0,0,-11000,0,0,0,0,11000,-11000,-11000
050230,聯發科麥證94購02,0,0,0,0,11000,-11000,0,0,0,-11000,0,0,0,0,11000,-11000,-11000
050728,新日興國票94購01,0,0,0,0,0,0,0,0,0,-11000,0,0,0,1000,12000,-11000,-11000
050350,全新群益94購04  ,0,0,0,0,0,0,0,0,0,-11000,0,0,0,0,11000,-11000,-11000
052371,元金2X元大95購01,0,0,0,0,0,0,0,0,0,-11000,0,0,0,0,11000,-11000,-11000
050484,世紀鋼國票95購02,0,0,0,0,0,0,0,0,0,-11000,0,0,0,72000,83000,-11000,-11000
051868,貿聯凱基96購01  ,0,0,0,0,0,0,0,0,0,-11000,0,0,0,10000,21000,-11000,-11000
052131,台積電凱基96購01,0,0,0,0,0,0,0,0,0,-11000,0,0,0,60000,71000,-11000,-11000
052252,大立光永豐95購03,0,0,0,0,0,0,0,0,0,-11000,0,0,0,0,11000,-11000,-11000
053905,華新科凱基96購10,0,0,0,0,0,0,0,0,0,-11000,0,0,0,46000,57000,-11000,-11000
053652,友達凱基98購04  ,0,0,0,0,0,0,0,0,0,-11000,0,0,0,0,11000,-11000,-11000
053194,緯穎統一99購01  ,0,0,0,0,0,0,0,0,0,-11000,0,0,0,11000,22000,-11000,-11000
053205,台光電麥證96購01,0,0,0,145000,156000,-11000,0,0,0,-11000,0,0,0,145000,156000,-11000,-11000
053315,漢唐群益96購02  ,0,0,0,0,0,0,0,0,0,-11000,0,0,0,0,11000,-11000,-11000
053374,台達電元大96購03,0,0,0,0,0,0,0,0,0,-11000,0,0,0,20000,31000,-11000,-11000
054710,東元元富97購01  ,0,0,0,0,0,0,0,0,0,-11000,0,0,0,90000,101000,-11000,-11000
054628,可成凱基98購01  ,0,0,0,0,0,0,0,0,0,-11000,0,0,0,44000,55000,-11000,-11000
054544,統一中信97購01  ,0,0,0,0,0,0,0,0,0,-11000,0,0,0,1000,12000,-11000,-11000
05454P,奇鋐群益95售04  ,0,0,0,0,0,0,0,0,0,-11000,0,0,0,0,11000,-11000,-11000
057931,正崴群益98購02  ,0,0,0,0,0,0,0,0,0,-11000,0,0,0,0,11000,-11000,-11000
057894,華通元富02購02  ,0,0,0,0,0,0,0,0,0,-11000,0,0,0,0,11000,-11000,-11000
06528P,台積電富邦99售03,0,0,0,0,0,0,0,0,0,-11000,0,0,0,70000,81000,-11000,-11000
06607P,友達台新98售02  ,0,0,0,0,0,0,0,0,0,-11000,0,0,0,0,11000,-11000,-11000
06794P,臺股指凱基98售04,0,0,0,0,0,0,0,0,0,-11000,0,0,0,190000,201000,-11000,-11000
06956P,國巨日盛99售04  ,0,0,0,0,0,0,0,0,0,-11000,0,0,0,0,11000,-11000,-11000
2069,運錩            ,14000,26000,-12000,0,0,0,0,0,0,1000,1000,0,1000,0,0,0,-11000
2450,神腦            ,28000,42000,-14000,0,0,0,0,0,0,3000,4000,1000,3000,0,0,0,-11000
056275,國巨國泰98購04  ,0,0,0,0,0,0,0,0,0,-12000,0,0,0,11000,23000,-12000,-12000
055521,S&P反1群益01購01,0,0,0,0,0,0,0,0,0,-12000,0,0,0,3000,15000,-12000,-12000
055713,國巨元大98購09  ,0,0,0,0,0,0,0,0,0,-12000,0,0,0,5000,17000,-12000,-12000
055788,緯穎凱基97購04  ,0,0,0,0,0,0,0,0,0,-12000,0,0,0,0,12000,-12000,-12000
057241,超眾凱基99購02  ,0,0,0,0,0,0,0,0,0,-12000,0,0,0,11000,23000,-12000,-12000
05721P,全新群益98售02  ,0,0,0,0,0,0,0,0,0,-12000,0,0,0,18000,30000,-12000,-12000
056891,國巨元大99購03  ,0,0,0,0,0,0,0,0,0,-12000,0,0,0,164000,176000,-12000,-12000
056876,群創凱基98購11  ,0,0,0,0,0,0,0,0,0,-12000,0,0,0,0,12000,-12000,-12000
056749,滬深2X兆豐99購01,0,0,0,0,0,0,0,0,0,-12000,0,0,0,35000,47000,-12000,-12000
057346,鴻海統一98購13  ,0,0,0,0,0,0,0,0,0,-12000,0,0,0,0,12000,-12000,-12000
057333,智邦國票99購01  ,0,0,0,0,0,0,0,0,0,-12000,0,0,0,180000,192000,-12000,-12000
057330,台積電國票99購03,0,0,0,0,0,0,0,0,0,-12000,0,0,0,14000,26000,-12000,-12000
057528,南亞科元大99購01,0,0,0,0,0,0,0,0,0,-12000,0,0,0,71000,83000,-12000,-12000
057482,微星元大98購03  ,0,0,0,0,0,0,0,0,0,-12000,0,0,0,0,12000,-12000,-12000
057832,聯發科元富02購05,0,0,0,0,0,0,0,0,0,-12000,0,0,0,0,12000,-12000,-12000
057621,崇越凱基98購01  ,0,0,0,0,0,0,0,0,0,-12000,0,0,0,8000,20000,-12000,-12000
051712,嘉聯益群益95購01,0,0,0,0,0,0,0,0,0,-12000,0,0,0,0,12000,-12000,-12000
047222,鴻海凱基94購04  ,0,0,0,0,0,0,0,0,0,-12000,0,0,0,28000,40000,-12000,-12000
046881,智原富邦99購01  ,0,0,0,0,0,0,0,0,0,-12000,0,0,0,0,12000,-12000,-12000
049024,玉晶光群益97購01,0,0,0,0,0,0,0,0,0,-12000,0,0,0,76000,88000,-12000,-12000
048051,大立光中信94購03,0,0,0,0,0,0,0,0,0,-12000,0,0,0,0,12000,-12000,-12000
049152,大立光元大95購06,0,0,0,0,0,0,0,0,0,-12000,0,0,0,13000,25000,-12000,-12000
03012X,元展12          ,0,0,0,0,0,0,0,0,0,-12000,0,0,0,0,12000,-12000,-12000
00689R,國泰20年美債反1 ,0,0,0,0,0,0,0,0,0,-12000,0,0,0,100000,112000,-12000,-12000
044305,瀚宇博兆豐93購01,0,0,0,0,0,0,0,0,0,-12000,0,0,0,0,12000,-12000,-12000
045743,台郡群益93購01  ,0,0,0,0,0,0,0,0,0,-12000,0,0,0,0,12000,-12000,-12000
050223,聯茂元富94購02  ,0,0,0,0,0,0,0,0,0,-12000,0,0,0,211000,223000,-12000,-12000
049430,國巨國票95購02  ,0,0,0,0,0,0,0,0,0,-12000,0,0,0,0,12000,-12000,-12000
050578,聯發科國票95購03,0,0,0,0,0,0,0,0,0,-12000,0,0,0,200000,212000,-12000,-12000
052691,GIS元大96購01   ,0,0,0,0,0,0,0,0,0,-12000,0,0,0,3000,15000,-12000,-12000
054518,亞光元大97購01  ,0,0,0,0,0,0,0,0,0,-12000,0,0,0,0,12000,-12000,-12000
054470,緯穎國票97購04  ,0,0,0,0,0,0,0,0,0,-12000,0,0,0,0,12000,-12000,-12000
054729,聯發科日盛97購02,0,0,0,0,0,0,0,0,0,-12000,0,0,0,0,12000,-12000,-12000
054836,勤誠中信97購01  ,0,0,0,0,0,0,0,0,0,-12000,0,0,0,0,12000,-12000,-12000
055257,景碩統一97購01  ,0,0,0,0,0,0,0,0,0,-12000,0,0,0,103000,115000,-12000,-12000
053393,元油反中信98購01,0,0,0,0,0,0,0,0,0,-12000,0,0,0,0,12000,-12000,-12000
053407,台積電兆豐96購02,0,0,0,0,0,0,0,0,0,-12000,0,0,0,24000,36000,-12000,-12000
053705,滬深2X凱基99購01,0,0,0,0,0,0,0,0,0,-12000,0,0,0,16000,28000,-12000,-12000
053568,智伸科富邦98購01,0,0,0,0,0,0,0,0,0,-12000,0,0,0,3000,15000,-12000,-12000
054214,京鼎國票97購02  ,0,0,0,0,0,0,0,0,0,-12000,0,0,0,20000,32000,-12000,-12000
054071,泰鼎國泰97購02  ,0,0,0,0,0,0,0,0,0,-12000,0,0,0,25000,37000,-12000,-12000
06936P,瑞儀元大98售01  ,0,0,0,0,0,0,0,0,0,-12000,0,0,0,0,12000,-12000,-12000
8478,東哥遊艇        ,3000,15000,-12000,0,0,0,0,0,0,0,0,0,0,0,0,0,-12000
06727P,台光電元大98售05,0,0,0,0,0,0,0,0,0,-12000,0,0,0,60000,72000,-12000,-12000
06618P,智邦元大98售04  ,0,0,0,0,0,0,0,0,0,-12000,0,0,0,4000,16000,-12000,-12000
058166,鴻海凱基9A購01  ,0,0,0,0,0,0,0,0,0,-12000,0,0,0,4000,16000,-12000,-12000
058134,信邦元大99購01  ,0,0,0,0,0,0,0,0,0,-12000,0,0,0,0,12000,-12000,-12000
058081,技嘉群益9A購03  ,0,0,0,0,0,0,0,0,0,-12000,0,0,0,55000,67000,-12000,-12000
1712,興農            ,389001,452000,-62999,0,0,0,0,0,0,50000,50000,0,50000,0,0,0,-12999
057542,上銀凱基99購01  ,0,0,0,0,0,0,0,0,0,-13000,0,0,0,10000,23000,-13000,-13000
057353,玉晶光統一99購01,0,0,0,0,0,0,0,0,0,-13000,0,0,0,78000,91000,-13000,-13000
056936,禾伸堂元富98購01,0,0,0,0,0,0,0,0,0,-13000,0,0,0,11000,24000,-13000,-13000
057149,京鼎國票99購02  ,0,0,0,0,0,0,0,0,0,-13000,0,0,0,48000,61000,-13000,-13000
055892,國巨統一99購01  ,0,0,0,0,0,0,0,0,0,-13000,0,0,0,332000,345000,-13000,-13000
056066,奇鋐元大98購02  ,0,0,0,0,0,0,0,0,0,-13000,0,0,0,27000,40000,-13000,-13000
055484,華通元大97購04  ,0,0,0,0,0,0,0,0,0,-13000,0,0,0,3000,16000,-13000,-13000
056233,超眾凱基97購02  ,0,0,0,0,0,0,0,0,0,-13000,0,0,0,0,13000,-13000,-13000
056552,台表科凱基99購01,0,0,0,0,0,0,0,0,0,-13000,0,0,0,2000,15000,-13000,-13000
01003T,兆豐新光R1      ,0,13000,-13000,0,0,0,0,0,0,0,0,0,0,0,0,0,-13000
03019X,元展19          ,0,0,0,0,0,0,0,0,0,-13000,0,0,0,0,13000,-13000,-13000
044784,華邦電中信96購01,0,0,0,0,0,0,0,0,0,-13000,0,0,0,0,13000,-13000,-13000
047239,瀚宇博凱基94購01,0,0,0,0,0,0,0,0,0,-13000,0,0,0,0,13000,-13000,-13000
051769,矽力元大95購01  ,0,0,0,0,0,0,0,0,0,-13000,0,0,0,2000,15000,-13000,-13000
052521,友達元大9B購01  ,0,0,0,0,0,0,0,0,0,-13000,0,0,0,272000,285000,-13000,-13000
050108,鴻海元大94購13  ,0,0,0,0,0,0,0,0,0,-13000,0,0,0,0,13000,-13000,-13000
050150,國巨群益95購01  ,0,0,0,0,0,0,0,0,0,-13000,0,0,0,15000,28000,-13000,-13000
049873,華新科台新94購02,0,0,0,0,0,0,0,0,0,-13000,0,0,0,6000,19000,-13000,-13000
051118,台塑群益95購01  ,0,0,0,0,0,0,0,0,0,-13000,0,0,0,0,13000,-13000,-13000
050759,貿聯元富94購02  ,0,0,0,0,0,0,0,0,0,-13000,0,0,0,80000,93000,-13000,-13000
050234,國巨凱基94購10  ,0,0,0,0,0,0,0,0,0,-13000,0,0,0,73000,86000,-13000,-13000
050250,台郡凱基94購03  ,0,0,0,0,0,0,0,0,0,-13000,0,0,0,12000,25000,-13000,-13000
05029P,鴻海元富95售04  ,0,0,0,0,0,0,0,0,0,-13000,0,0,0,17000,30000,-13000,-13000
050454,嘉澤元大94購04  ,0,0,0,0,0,0,0,0,0,-13000,0,0,0,17000,30000,-13000,-13000
050494,可成永昌96購01  ,0,0,0,0,0,0,0,0,0,-13000,0,0,0,48000,61000,-13000,-13000
051448,聯詠元大95購02  ,0,0,0,0,0,0,0,0,0,-13000,0,0,0,0,13000,-13000,-13000
053867,創意元大96購04  ,0,0,0,0,0,0,0,0,0,-13000,0,0,0,31000,44000,-13000,-13000
052903,致茂國票97購01  ,0,0,0,0,0,0,0,0,0,-13000,0,0,0,47000,60000,-13000,-13000
053091,同欣電元大96購01,0,0,0,0,0,0,0,0,0,-13000,0,0,0,1000,14000,-13000,-13000
053174,同欣電群益98購02,0,0,0,0,0,0,0,0,0,-13000,0,0,0,28000,41000,-13000,-13000
055095,啟碁群益98購01  ,0,0,0,0,0,0,0,0,0,-13000,0,0,0,0,13000,-13000,-13000
054418,茂林元大97購01  ,0,0,0,0,0,0,0,0,0,-13000,0,0,0,42000,55000,-13000,-13000
1532,勤美            ,70000,86000,-16000,0,0,0,0,4000,-4000,7000,7000,0,7000,0,0,0,-13000
057959,欣興元大98購14  ,0,0,0,0,0,0,0,0,0,-13000,0,0,0,10000,23000,-13000,-13000
06580P,元油2X凱基9A售06,0,0,0,0,0,0,0,0,0,-13000,0,0,0,167000,180000,-13000,-13000
1711,永光            ,72001,100000,-27999,0,0,0,0,0,0,14000,14000,0,14000,0,0,0,-13999
056669,貿聯國票99購01  ,0,0,0,0,0,0,0,0,0,-14000,0,0,0,12000,26000,-14000,-14000
056054,亞德客元大97購05,0,0,0,0,0,0,0,0,0,-14000,0,0,0,0,14000,-14000,-14000
057114,台虹群益98購01  ,0,0,0,0,0,0,0,0,0,-14000,0,0,0,42000,56000,-14000,-14000
057404,貿聯群益99購01  ,0,0,0,0,0,0,0,0,0,-14000,0,0,0,0,14000,-14000,-14000
051591,玉晶光元大97購01,0,0,0,0,0,0,0,0,0,-14000,0,0,0,54000,68000,-14000,-14000
048623,世紀鋼凱基94購03,0,0,0,0,0,0,0,0,0,-14000,0,0,0,0,14000,-14000,-14000
049016,國巨群益94購02  ,0,0,0,0,0,0,0,0,0,-14000,0,0,0,0,14000,-14000,-14000
04235P,鴻海群益93售08  ,0,0,0,0,0,0,0,0,0,-14000,0,0,0,20000,34000,-14000,-14000
048938,玉晶光永豐95購02,0,0,0,0,0,0,0,0,0,-14000,0,0,0,12000,26000,-14000,-14000
03430B,臺股指元大9B熊01,0,0,0,0,0,0,0,0,0,-14000,0,0,0,21000,35000,-14000,-14000
03637C,臺股指凱基94牛18,0,0,0,0,0,0,0,0,0,-14000,0,0,0,0,14000,-14000,-14000
00851,台新全球AI      ,0,0,0,0,0,0,0,0,0,-14000,0,0,0,13000,27000,-14000,-14000
050543,聯發科凱基95購01,0,0,0,0,0,0,0,0,0,-14000,0,0,0,81000,95000,-14000,-14000
050724,國巨國票96購01  ,0,0,0,0,0,0,0,0,0,-14000,0,0,0,0,14000,-14000,-14000
050684,台郡元富94購02  ,0,0,0,0,0,0,0,0,0,-14000,0,0,0,10000,24000,-14000,-14000
052297,旭富國票96購01  ,0,0,0,0,0,0,0,0,0,-14000,0,0,0,346000,360000,-14000,-14000
051072,強茂國票95購02  ,0,0,0,0,0,0,0,0,0,-14000,0,0,0,56000,70000,-14000,-14000
051218,聯發科元富9B購02,0,0,0,0,0,0,0,0,0,-14000,0,0,0,0,14000,-14000,-14000
051167,京鼎元大95購01  ,0,0,0,0,0,0,0,0,0,-14000,0,0,0,0,14000,-14000,-14000
049941,臺股指元大94購24,0,0,0,0,0,0,0,0,0,-14000,0,0,0,3000,17000,-14000,-14000
05472P,國巨統一96售02  ,0,200000,-200000,0,0,0,0,0,0,186000,0,0,0,356000,170000,186000,-14000
054718,可成永豐97購01  ,0,0,0,0,0,0,0,0,0,-14000,0,0,0,75000,89000,-14000,-14000
053428,中磊永豐96購02  ,0,0,0,0,0,0,0,0,0,-14000,0,0,0,54000,68000,-14000,-14000
053893,京鼎群益97購02  ,0,0,0,0,0,0,0,0,0,-14000,0,0,0,6000,20000,-14000,-14000
1612,宏泰            ,28000,42000,-14000,0,0,0,0,0,0,0,0,0,0,0,0,0,-14000
06207P,聯發科凱基97售07,0,0,0,0,0,0,0,0,0,-14000,0,0,0,2000,16000,-14000,-14000
057348,台積電統一98購09,0,0,0,0,0,0,0,0,0,-15000,0,0,0,0,15000,-15000,-15000
057454,上銀國泰99購02  ,0,0,0,0,0,0,0,0,0,-15000,0,0,0,10000,25000,-15000,-15000
057748,華通國票98購04  ,0,0,0,0,0,0,0,0,0,-15000,0,0,0,0,15000,-15000,-15000
057130,全新凱基98購03  ,0,0,0,0,0,0,0,0,0,-15000,0,0,0,0,15000,-15000,-15000
057076,緯穎永豐98購01  ,0,0,0,0,0,0,0,0,0,-15000,0,0,0,0,15000,-15000,-15000
056867,華通麥證98購01  ,0,0,0,10000,25000,-15000,0,0,0,-15000,0,0,0,10000,25000,-15000,-15000
056093,大毅元富97購01  ,0,0,0,0,0,0,0,0,0,-15000,0,0,0,10000,25000,-15000,-15000
05599P,欣興台新96售01  ,0,0,0,0,0,0,0,0,0,-15000,0,0,0,0,15000,-15000,-15000
055960,義隆元大97購01  ,0,0,0,0,0,0,0,0,0,-15000,0,0,0,0,15000,-15000,-15000
055839,瑞昱元大97購04  ,0,0,0,0,0,0,0,0,0,-15000,0,0,0,110000,125000,-15000,-15000
05548P,臺股指元大96售02,0,0,0,0,0,0,0,0,0,-15000,0,0,0,0,15000,-15000,-15000
055550,華邦電凱基97購03,0,0,0,0,0,0,0,0,0,-15000,0,0,0,25000,40000,-15000,-15000
055705,微星永豐97購01  ,0,0,0,0,0,0,0,0,0,-15000,0,0,0,17000,32000,-15000,-15000
056664,上証反中信9B購01,0,0,0,0,0,0,0,0,0,-15000,0,0,0,0,15000,-15000,-15000
056572,義隆元大99購01  ,0,0,0,0,0,0,0,0,0,-15000,0,0,0,0,15000,-15000,-15000
056509,晶相光永豐98購01,0,0,0,0,0,0,0,0,0,-15000,0,0,0,55000,70000,-15000,-15000
056195,群創富邦98購01  ,0,0,0,0,0,0,0,0,0,-15000,0,0,0,0,15000,-15000,-15000
03438P,群創群益98售03  ,0,0,0,0,0,0,0,0,0,-15000,0,0,0,30000,45000,-15000,-15000
045449,嘉聯益國泰94購01,0,0,0,0,0,0,0,0,0,-15000,0,0,0,0,15000,-15000,-15000
048895,光罩國泰95購01  ,0,0,0,0,0,0,0,0,0,-15000,0,0,0,11000,26000,-15000,-15000
047596,元油反元富97購01,0,0,0,0,0,0,0,0,0,-15000,0,0,0,0,15000,-15000,-15000
048847,A50群益98購01   ,0,0,0,0,0,0,0,0,0,-15000,0,0,0,3000,18000,-15000,-15000
048108,鴻海群益93購07  ,0,0,0,0,0,0,0,0,0,-15000,0,0,0,1000,16000,-15000,-15000
048719,亞光永豐94購01  ,0,0,0,0,0,0,0,0,0,-15000,0,0,0,0,15000,-15000,-15000
048383,元金2X國票99購01,0,0,0,0,0,0,0,0,0,-15000,0,0,0,0,15000,-15000,-15000
051782,昇陽半群益95購01,0,0,0,0,0,0,0,0,0,-15000,0,0,0,35000,50000,-15000,-15000
051570,和碩富邦97購01  ,0,0,0,0,0,0,0,0,0,-15000,0,0,0,115000,130000,-15000,-15000
051904,深100元大95購01 ,0,0,0,0,0,0,0,0,0,-15000,0,0,0,0,15000,-15000,-15000
050932,台塑國票96購01  ,0,0,0,0,0,0,0,0,0,-15000,0,0,0,76000,91000,-15000,-15000
051392,玉山金兆豐95購01,0,0,0,0,0,0,0,0,0,-15000,0,0,0,0,15000,-15000,-15000
051345,鴻海元大95購09  ,0,0,0,0,0,0,0,0,0,-15000,0,0,0,0,15000,-15000,-15000
051078,力山富邦97購01  ,0,0,0,0,0,0,0,0,0,-15000,0,0,0,5000,20000,-15000,-15000
050174,技嘉元大94購01  ,0,0,0,0,0,0,0,0,0,-15000,0,0,0,13000,28000,-15000,-15000
051007,台光電麥證95購01,0,0,0,10000,25000,-15000,0,0,0,-15000,0,0,0,10000,25000,-15000,-15000
052642,滬深2X永豐96購03,0,0,0,0,0,0,0,0,0,-15000,0,0,0,20000,35000,-15000,-15000
052623,台郡兆豐96購01  ,0,0,0,0,0,0,0,0,0,-15000,0,0,0,0,15000,-15000,-15000
052522,聯發科元大96購05,0,0,0,0,0,0,0,0,0,-15000,0,0,0,5000,20000,-15000,-15000
052431,茂林永豐95購03  ,0,0,0,0,0,0,0,0,0,-15000,0,0,0,0,15000,-15000,-15000
052790,智邦兆豐97購01  ,0,0,0,0,0,0,0,0,0,-15000,0,0,0,10000,25000,-15000,-15000
052816,上銀永豐96購01  ,0,0,0,0,0,0,0,0,0,-15000,0,0,0,55000,70000,-15000,-15000
050673,旺宏富邦96購02  ,0,0,0,0,0,0,0,0,0,-15000,0,0,0,3000,18000,-15000,-15000
050370,台積電元大94購24,0,0,0,0,0,0,0,0,0,-15000,0,0,0,172000,187000,-15000,-15000
049272,世紀鋼元大96購02,0,0,0,0,0,0,0,0,0,-15000,0,0,0,110000,125000,-15000,-15000
049297,日電貿群益95購01,0,0,0,0,0,0,0,0,0,-15000,0,0,0,0,15000,-15000,-15000
052242,台達電台新96購01,0,0,0,0,0,0,0,0,0,-15000,0,0,0,0,15000,-15000,-15000
052250,光磊永豐95購01  ,0,0,0,0,0,0,0,0,0,-15000,0,0,0,43000,58000,-15000,-15000
051990,泰碩元大95購01  ,0,0,0,0,0,0,0,0,0,-15000,0,0,0,10000,25000,-15000,-15000
052064,臺股指國票95購11,0,0,0,0,0,0,0,0,0,-15000,0,0,0,0,15000,-15000,-15000
054177,牧德台新97購01  ,0,0,0,0,0,0,0,0,0,-15000,0,0,0,0,15000,-15000,-15000
053650,華邦電凱基98購01,0,0,0,0,0,0,0,0,0,-15000,0,0,0,0,15000,-15000,-15000
053227,晶技台新96購01  ,0,0,0,0,0,0,0,0,0,-15000,0,0,0,5000,20000,-15000,-15000
053160,台表科元大96購03,0,0,0,0,0,0,0,0,0,-15000,0,0,0,0,15000,-15000,-15000
054749,聯茂凱基98購01  ,0,0,0,0,0,0,0,0,0,-15000,0,0,0,2000,17000,-15000,-15000
054375,貿聯中信99購01  ,0,0,0,0,0,0,0,0,0,-15000,0,0,0,0,15000,-15000,-15000
055296,康舒元大97購02  ,0,0,0,0,0,0,0,0,0,-15000,0,0,0,183000,198000,-15000,-15000
05540P,亞德客凱基96售01,0,0,0,0,0,0,0,0,0,-15000,0,0,0,0,15000,-15000,-15000
06192P,高股息中信98售01,0,0,0,0,0,0,0,0,0,-15000,0,0,0,50000,65000,-15000,-15000
057965,臺股指元大98購14,0,0,0,0,0,0,0,0,0,-15000,0,0,0,0,15000,-15000,-15000
057871,國巨元大99購09  ,0,0,0,0,0,0,0,0,0,-15000,0,0,0,0,15000,-15000,-15000
058127,FBVIX元大9C購01 ,0,0,0,0,0,0,0,0,0,-15000,0,0,0,0,15000,-15000,-15000
06068P,玉晶光康和97售01,0,0,0,0,0,0,0,0,0,-15000,0,0,0,20000,35000,-15000,-15000
06913P,聯發科元大98售14,0,0,0,0,0,0,0,0,0,-15000,0,0,0,6000,21000,-15000,-15000
1225,福懋油          ,5000,23000,-18000,0,0,0,0,0,0,3000,3000,0,3000,0,0,0,-15000
912000,晨訊科-DR       ,0,15000,-15000,0,0,0,0,0,0,0,0,0,0,0,0,0,-15000
2231,為升            ,159000,116000,43000,0,0,0,0,68964,-68964,10000,10000,1000,9000,4000,3000,1000,-15964
056292,統一元大97購01  ,0,0,0,0,0,0,0,0,0,-16000,0,0,0,9000,25000,-16000,-16000
055717,聯發科元大97購19,0,0,0,0,0,0,0,0,0,-16000,0,0,0,4000,20000,-16000,-16000
056897,南亞科元大98購02,0,0,0,0,0,0,0,0,0,-16000,0,0,0,37000,53000,-16000,-16000
057138,亞德客兆豐98購01,0,0,0,0,0,0,0,0,0,-16000,0,0,0,0,16000,-16000,-16000
057194,南電元大98購01  ,0,0,0,0,0,0,0,0,0,-16000,0,0,0,83000,99000,-16000,-16000
057442,玉晶光統一98購03,0,0,0,0,0,0,0,0,0,-16000,0,0,0,134000,150000,-16000,-16000
04863P,技嘉元大94售02  ,0,0,0,0,0,0,0,0,0,-16000,0,0,0,24000,40000,-16000,-16000
048600,嘉澤國票94購01  ,0,0,0,0,0,0,0,0,0,-16000,0,0,0,0,16000,-16000,-16000
048484,大立光國泰95購02,0,0,0,0,0,0,0,0,0,-16000,0,0,0,10000,26000,-16000,-16000
046291,友達統一94購01  ,0,0,0,0,0,0,0,0,0,-16000,0,0,0,159000,175000,-16000,-16000
047737,義隆麥證94購01  ,0,0,0,0,16000,-16000,0,0,0,-16000,0,0,0,0,16000,-16000,-16000
047658,全新麥證93購02  ,0,0,0,0,16000,-16000,0,0,0,-16000,0,0,0,0,16000,-16000,-16000
048203,矽力元大93購02  ,0,0,0,0,0,0,0,0,0,-16000,0,0,0,10000,26000,-16000,-16000
046164,健策兆豐93購03  ,0,0,0,0,0,0,0,0,0,-16000,0,0,0,0,16000,-16000,-16000
045957,技嘉凱基93購03  ,0,0,0,0,0,0,0,0,0,-16000,0,0,0,20000,36000,-16000,-16000
03951P,新光金凱基95售01,0,0,0,0,0,0,0,0,0,-16000,0,0,0,44000,60000,-16000,-16000
03960P,新日興元富96售02,0,0,0,0,0,0,0,0,0,-16000,0,0,0,10000,26000,-16000,-16000
052030,GIS群益95購04   ,0,0,0,0,0,0,0,0,0,-16000,0,0,0,40000,56000,-16000,-16000
051999,勤誠元大95購01  ,0,0,0,0,0,0,0,0,0,-16000,0,0,0,5000,21000,-16000,-16000
052239,泰鼎國票97購01  ,0,0,0,0,0,0,0,0,0,-16000,0,0,0,37000,53000,-16000,-16000
052179,康友元大95購03  ,0,0,0,0,0,0,0,0,0,-16000,0,0,0,29000,45000,-16000,-16000
049508,上銀凱基94購04  ,0,0,0,0,0,0,0,0,0,-16000,0,0,0,10000,26000,-16000,-16000
050995,貿聯元大95購02  ,0,0,0,0,0,0,0,0,0,-16000,0,0,0,1000,17000,-16000,-16000
051281,健策兆豐96購01  ,0,0,0,0,0,0,0,0,0,-16000,0,0,0,0,16000,-16000,-16000
055436,晶豪科中信99購01,0,0,0,0,0,0,0,0,0,-16000,0,0,0,0,16000,-16000,-16000
05544P,台表科元富96售01,0,0,0,0,0,0,0,0,0,-16000,0,0,0,23000,39000,-16000,-16000
055297,啟碁元大97購01  ,0,0,0,0,0,0,0,0,0,-16000,0,0,0,0,16000,-16000,-16000
055093,京鼎群益98購01  ,0,0,0,0,0,0,0,0,0,-16000,0,0,0,7000,23000,-16000,-16000
055161,貿聯元大98購03  ,0,0,0,0,0,0,0,0,0,-16000,0,0,0,0,16000,-16000,-16000
054912,群光凱基97購01  ,0,0,0,0,0,0,0,0,0,-16000,0,0,0,158000,174000,-16000,-16000
054600,中壽台新97購01  ,0,0,0,0,0,0,0,0,0,-16000,0,0,0,0,16000,-16000,-16000
053116,華新科中信96購01,0,0,0,0,0,0,0,0,0,-16000,0,0,0,30000,46000,-16000,-16000
053041,可成凱基96購02  ,0,0,0,0,0,0,0,0,0,-16000,0,0,0,0,16000,-16000,-16000
052972,義隆群益96購04  ,0,0,0,0,0,0,0,0,0,-16000,0,0,0,6000,22000,-16000,-16000
053338,台光電國票97購01,0,0,0,0,0,0,0,0,0,-16000,0,0,0,50000,66000,-16000,-16000
053649,台積電凱基97購05,0,0,0,0,0,0,0,0,0,-16000,0,0,0,370000,386000,-16000,-16000
054066,緯穎國票97購03  ,0,0,0,0,0,0,0,0,0,-16000,0,0,0,0,16000,-16000,-16000
2888A,新光金甲特      ,66000,0,66000,0,0,0,0,0,0,-82000,0,82000,-82000,0,0,0,-16000
05975P,國巨日盛99售02  ,0,0,0,0,0,0,0,0,0,-16000,0,0,0,75000,91000,-16000,-16000
058070,華新科凱基98購07,0,0,0,0,0,0,0,0,0,-16000,0,0,0,40000,56000,-16000,-16000
058022,樺漢凱基99購02  ,0,0,0,0,0,0,0,0,0,-16000,0,0,0,0,16000,-16000,-16000
06724P,台灣50國票98售01,0,0,0,0,0,0,0,0,0,-16000,0,0,0,68000,84000,-16000,-16000
2493,揚博            ,85001,102000,-16999,0,0,0,0,0,0,0,0,0,0,0,0,0,-16999
1417,嘉裕            ,29001,46000,-16999,0,0,0,0,0,0,0,0,0,0,0,0,0,-16999
05730P,臺股指凱基97售03,0,0,0,0,0,0,0,0,0,-17000,0,0,0,240000,257000,-17000,-17000
057854,聯發科國票99購03,0,0,0,0,0,0,0,0,0,-17000,0,0,0,0,17000,-17000,-17000
057613,瑞昱元富02購02  ,0,0,0,0,0,0,0,0,0,-17000,0,0,0,5000,22000,-17000,-17000
057255,聯發科麥證98購02,0,0,0,125000,142000,-17000,0,0,0,-17000,0,0,0,125000,142000,-17000,-17000
056311,泰鼎元大98購01  ,0,0,0,0,0,0,0,0,0,-17000,0,0,0,93000,110000,-17000,-17000
05628P,茂林國票97售02  ,0,0,0,0,0,0,0,0,0,-17000,0,0,0,70000,87000,-17000,-17000
03038X,元展35          ,0,0,0,0,0,0,0,0,0,-17000,0,0,0,0,17000,-17000,-17000
04412P,欣興元富94售01  ,0,0,0,0,0,0,0,0,0,-17000,0,0,0,39000,56000,-17000,-17000
047696,聯發科國票94購02,0,0,0,0,0,0,0,0,0,-17000,0,0,0,0,17000,-17000,-17000
047179,台積電元大93購17,0,0,0,0,0,0,0,0,0,-17000,0,0,0,0,17000,-17000,-17000
047072,義隆兆豐94購01  ,0,0,0,0,0,0,0,0,0,-17000,0,0,0,3000,20000,-17000,-17000
048811,鴻海日盛94購01  ,0,0,0,0,0,0,0,0,0,-17000,0,0,0,5000,22000,-17000,-17000
051791,智伸科國票96購01,0,0,0,0,0,0,0,0,0,-17000,0,0,0,23000,40000,-17000,-17000
051170,南電元大95購03  ,0,0,0,0,0,0,0,0,0,-17000,0,0,0,15000,32000,-17000,-17000
052817,楠梓電永豐96購02,0,0,0,0,0,0,0,0,0,-17000,0,0,0,0,17000,-17000,-17000
052361,大成鋼國票96購01,0,0,0,0,0,0,0,0,0,-17000,0,0,0,10000,27000,-17000,-17000
053923,亞光國票97購01  ,0,0,0,0,0,0,0,0,0,-17000,0,0,0,53000,70000,-17000,-17000
053094,聯電統一97購02  ,0,0,0,0,0,0,0,0,0,-17000,0,0,0,50000,67000,-17000,-17000
054643,上証2X群益9B購01,0,0,0,0,0,0,0,0,0,-17000,0,0,0,8000,25000,-17000,-17000
054854,台積電麥證97購01,0,0,0,4000,21000,-17000,0,0,0,-17000,0,0,0,4000,21000,-17000,-17000
05487P,台表科凱基95售02,0,0,0,0,0,0,0,0,0,-17000,0,0,0,420000,437000,-17000,-17000
054334,超眾永豐96購04  ,0,0,0,0,0,0,0,0,0,-17000,0,0,0,7000,24000,-17000,-17000
054254,晶豪科元大96購02,0,0,0,0,0,0,0,0,0,-17000,0,0,0,163000,180000,-17000,-17000
055058,大毅永豐97購01  ,0,0,0,0,0,0,0,0,0,-17000,0,0,0,23000,40000,-17000,-17000
2476,鉅祥            ,37000,55000,-18000,0,0,0,0,0,0,1000,1000,0,1000,0,0,0,-17000
2227,裕日車          ,16000,36000,-20000,0,0,0,1000,0,1000,2000,2000,0,2000,0,0,0,-17000
06863P,欣興凱基98售05  ,0,0,0,0,0,0,0,0,0,-17000,0,0,0,34000,51000,-17000,-17000
06427P,鴻海元大97售13  ,0,0,0,0,0,0,0,0,0,-17000,0,0,0,113000,130000,-17000,-17000
058101,台積電富邦9C購01,0,0,0,0,0,0,0,0,0,-17000,0,0,0,0,17000,-17000,-17000
056410,康控國票99購01  ,0,0,0,0,0,0,0,0,0,-18000,0,0,0,66000,84000,-18000,-18000
056215,華新科國票97購03,0,0,0,0,0,0,0,0,0,-18000,0,0,0,30000,48000,-18000,-18000
056579,麗豐元大99購01  ,0,0,0,0,0,0,0,0,0,-18000,0,0,0,25000,43000,-18000,-18000
055715,智邦元大97購04  ,0,0,0,0,0,0,0,0,0,-18000,0,0,0,32000,50000,-18000,-18000
055556,奇力新凱基98購03,0,0,0,0,0,0,0,0,0,-18000,0,0,0,10000,28000,-18000,-18000
057169,微星元大98購01  ,0,0,0,0,0,0,0,0,0,-18000,0,0,0,7000,25000,-18000,-18000
057146,技嘉國票98購01  ,0,0,0,0,0,0,0,0,0,-18000,0,0,0,12000,30000,-18000,-18000
057040,國巨元大98購12  ,0,0,0,0,0,0,0,0,0,-18000,0,0,0,210000,228000,-18000,-18000
056898,全新元大98購02  ,0,0,0,0,0,0,0,0,0,-18000,0,0,0,22000,40000,-18000,-18000
051555,聯茂永豐95購01  ,0,0,0,0,0,0,0,0,0,-18000,0,0,0,50000,68000,-18000,-18000
051519,國泰金凱基95購02,10000,0,10000,0,0,0,0,0,0,-28000,0,0,0,60000,88000,-28000,-18000
048358,嘉晶永豐93購03  ,0,0,0,0,0,0,0,0,0,-18000,0,0,0,0,18000,-18000,-18000
04745P,祥碩元大94售04  ,0,0,0,0,0,0,0,0,0,-18000,0,0,0,154000,172000,-18000,-18000
049020,可成群益94購02  ,0,0,0,0,0,0,0,0,0,-18000,0,0,0,11000,29000,-18000,-18000
03560P,台積電兆豐03售10,0,0,0,0,0,0,0,0,0,-18000,0,0,0,0,18000,-18000,-18000
045101,玉晶光中信94購01,0,0,0,0,0,0,0,0,0,-18000,0,0,0,110000,128000,-18000,-18000
047546,瑞昱凱基93購06  ,0,0,0,0,0,0,0,0,0,-18000,0,0,0,20000,38000,-18000,-18000
049566,鴻海統一94購04  ,0,0,0,0,0,0,0,0,0,-18000,0,0,0,0,18000,-18000,-18000
049625,智易群益95購01  ,0,0,0,0,0,0,0,0,0,-18000,0,0,0,10000,28000,-18000,-18000
051987,廣達元大95購01  ,0,0,0,0,0,0,0,0,0,-18000,0,0,0,2000,20000,-18000,-18000
049747,嘉晶永豐94購02  ,0,0,0,0,0,0,0,0,0,-18000,0,0,0,0,18000,-18000,-18000
050734,台積電台新94購02,0,0,0,0,0,0,0,0,0,-18000,0,0,0,1000,19000,-18000,-18000
052415,台表科麥證95購02,0,0,0,0,18000,-18000,0,0,0,-18000,0,0,0,0,18000,-18000,-18000
052503,大成鋼日盛95購02,0,0,0,0,0,0,0,0,0,-18000,0,0,0,20000,38000,-18000,-18000
052689,玉晶光元大98購03,0,0,0,0,0,0,0,0,0,-18000,0,0,0,0,18000,-18000,-18000
051039,台表科康和95購01,0,0,0,0,0,0,0,0,0,-18000,0,0,0,2000,20000,-18000,-18000
051513,台積電凱基95購13,0,0,0,0,0,0,0,0,0,-18000,0,0,0,133000,151000,-18000,-18000
055298,啟碁元大97購02  ,0,0,0,0,0,0,0,0,0,-18000,0,0,0,0,18000,-18000,-18000
055440,矽力國票98購01  ,0,0,0,0,0,0,0,0,0,-18000,0,0,0,20000,38000,-18000,-18000
054335,緯穎永豐96購02  ,0,0,0,0,0,0,0,0,0,-18000,0,0,0,68000,86000,-18000,-18000
054428,禾伸堂富邦98購01,0,0,0,0,0,0,0,0,0,-18000,0,0,0,30000,48000,-18000,-18000
054535,旺宏富邦97購02  ,0,0,0,0,0,0,0,0,0,-18000,0,0,0,81000,99000,-18000,-18000
054850,上海銀兆豐97購01,0,0,0,0,0,0,0,0,0,-18000,0,0,0,20000,38000,-18000,-18000
054825,康友元大97購01  ,0,0,0,0,0,0,0,0,0,-18000,0,0,0,18000,36000,-18000,-18000
054829,亞光國泰99購01  ,0,0,0,0,0,0,0,0,0,-18000,0,0,0,0,18000,-18000,-18000
054050,創意元大96購06  ,0,0,0,0,0,0,0,0,0,-18000,0,0,0,0,18000,-18000,-18000
053880,智邦中信96購01  ,0,0,0,0,0,0,0,0,0,-18000,0,0,0,20000,38000,-18000,-18000
057953,聚陽元大98購01  ,0,0,0,0,0,0,0,0,0,-18000,0,0,0,0,18000,-18000,-18000
06141P,大立光日盛97售01,0,0,0,0,0,0,0,0,0,-18000,0,0,0,0,18000,-18000,-18000
2881B,富邦金乙特      ,0,0,0,0,0,0,0,0,0,-18000,6000,24000,-18000,0,0,0,-18000
1810,和成            ,20000,48000,-28000,0,0,0,0,0,0,10000,10000,0,10000,0,0,0,-18000
056825,深中小富邦9B購01,0,0,0,0,0,0,0,0,0,-19000,0,0,0,1000,20000,-19000,-19000
056793,臺股指群益98購03,0,0,0,0,0,0,0,0,0,-19000,0,0,0,367000,386000,-19000,-19000
057221,華通國票98購03  ,0,0,0,0,0,0,0,0,0,-19000,0,0,0,1000,20000,-19000,-19000
057295,可成永豐98購02  ,0,0,0,0,0,0,0,0,0,-19000,0,0,0,68000,87000,-19000,-19000
057691,健策凱基99購01  ,0,0,0,0,0,0,0,0,0,-19000,0,0,0,0,19000,-19000,-19000
057594,宏達電兆豐99購01,0,0,0,0,0,0,0,0,0,-19000,0,0,0,191000,210000,-19000,-19000
055710,亞德客元大97購03,0,0,0,0,0,0,0,0,0,-19000,0,0,0,30000,49000,-19000,-19000
055780,禾伸堂凱基99購01,0,0,0,0,0,0,0,0,0,-19000,0,0,0,0,19000,-19000,-19000
055695,大毅國票98購03  ,0,0,0,0,0,0,0,0,0,-19000,0,0,0,4000,23000,-19000,-19000
055649,華新科元富97購03,0,0,0,0,0,0,0,0,0,-19000,0,0,0,13000,32000,-19000,-19000
056371,樺漢元大98購03  ,0,0,0,0,0,0,0,0,0,-19000,0,0,0,0,19000,-19000,-19000
048983,牧德元大95購01  ,0,0,0,0,0,0,0,0,0,-19000,0,0,0,16000,35000,-19000,-19000
047603,瑞昱國泰94購01  ,0,0,0,0,0,0,0,0,0,-19000,0,0,0,30000,49000,-19000,-19000
03094X,大立光元大68展08,0,0,0,0,0,0,0,0,0,-19000,0,0,0,0,19000,-19000,-19000
03993P,滬深2X中信94售03,0,0,0,0,0,0,0,0,0,-19000,0,0,0,147000,166000,-19000,-19000
048593,華新科群益93購04,0,0,0,0,0,0,0,0,0,-19000,0,0,0,10000,29000,-19000,-19000
048678,統一富邦93購01  ,0,0,0,0,0,0,0,0,0,-19000,0,0,0,11000,30000,-19000,-19000
050058,國巨凱基94購06  ,0,0,0,0,0,0,0,0,0,-19000,0,0,0,20000,39000,-19000,-19000
052682,上銀元大97購01  ,0,0,0,0,0,0,0,0,0,-19000,0,0,0,1000,20000,-19000,-19000
052317,台積電元大96購11,0,0,0,0,0,0,0,0,0,-19000,0,0,0,48000,67000,-19000,-19000
052278,國巨凱基95購06  ,0,0,0,0,0,0,0,0,0,-19000,0,0,0,40000,59000,-19000,-19000
051466,玉晶光富邦97購01,0,0,0,0,0,0,0,0,0,-19000,0,0,0,1000,20000,-19000,-19000
049636,上証反凱基9A購01,0,0,0,0,0,0,0,0,0,-19000,0,0,0,170000,189000,-19000,-19000
051828,微星元大95購03  ,0,0,0,0,0,0,0,0,0,-19000,0,0,0,20000,39000,-19000,-19000
053785,聯詠元大96購05  ,0,0,0,0,0,0,0,0,0,-19000,0,0,0,0,19000,-19000,-19000
054103,T50反1凱基99購04,0,0,0,0,0,0,0,0,0,-19000,0,0,0,1000,20000,-19000,-19000
053438,玉晶光麥證97購02,0,0,0,35000,54000,-19000,0,0,0,-19000,0,0,0,35000,54000,-19000,-19000
054256,創意元大96購07  ,0,0,0,0,0,0,0,0,0,-19000,0,0,0,200000,219000,-19000,-19000
055006,晶相光元富9A購01,0,0,0,0,0,0,0,0,0,-19000,0,0,0,50000,69000,-19000,-19000
054949,奇力新元大98購01,0,0,0,0,0,0,0,0,0,-19000,0,0,0,40000,59000,-19000,-19000
06181P,國巨中信97售02  ,0,0,0,0,0,0,0,0,0,-19000,0,0,0,11000,30000,-19000,-19000
06721P,臺股指中信9A售03,0,0,0,0,0,0,0,0,0,-19000,0,0,0,16000,35000,-19000,-19000
06728P,全新元大98售03  ,10000,0,10000,0,0,0,0,0,0,-29000,0,0,0,6000,35000,-29000,-19000
06679P,旺宏元大98售09  ,0,0,0,0,0,0,0,0,0,-19000,0,0,0,51000,70000,-19000,-19000
056383,上銀國泰99購01  ,0,0,0,0,0,0,0,0,0,-20000,0,0,0,0,20000,-20000,-20000
056420,台表科元富98購01,0,0,0,0,0,0,0,0,0,-20000,0,0,0,10000,30000,-20000,-20000
056335,微星凱基98購01  ,0,0,0,0,0,0,0,0,0,-20000,0,0,0,9000,29000,-20000,-20000
056342,中工凱基98購01  ,0,0,0,0,0,0,0,0,0,-20000,0,0,0,20000,40000,-20000,-20000
056234,GIS麥證97購01   ,0,0,0,0,23000,-23000,0,0,0,-20000,0,0,0,3000,23000,-20000,-20000
056257,聯茂元富97購04  ,0,0,0,0,0,0,0,0,0,-20000,0,0,0,0,20000,-20000,-20000
056230,可成凱基98購03  ,0,0,0,0,0,0,0,0,0,-20000,0,0,0,0,20000,-20000,-20000
056156,禾伸堂凱基98購04,0,0,0,0,0,0,0,0,0,-20000,0,0,0,0,20000,-20000,-20000
055678,上銀凱基97購02  ,0,0,0,0,0,0,0,0,0,-20000,0,0,0,20000,40000,-20000,-20000
055771,台積電日盛97購04,0,0,0,0,0,0,0,0,0,-20000,0,0,0,140000,160000,-20000,-20000
055730,建準元富97購02  ,0,0,0,0,0,0,0,0,0,-20000,0,0,0,0,20000,-20000,-20000
055740,智易元富97購01  ,0,0,0,0,0,0,0,0,0,-20000,0,0,0,0,20000,-20000,-20000
055553,聯發科凱基97購05,0,0,0,0,0,0,0,0,0,-20000,0,0,0,0,20000,-20000,-20000
055592,奇力新元大97購07,0,0,0,0,0,0,0,0,0,-20000,0,0,0,0,20000,-20000,-20000
055499,大立光元大98購05,0,0,0,0,0,0,0,0,0,-20000,0,0,0,10000,30000,-20000,-20000
055929,聯發科群益97購05,0,0,0,0,0,0,0,0,0,-20000,0,0,0,0,20000,-20000,-20000
056050,晶技國票98購01  ,0,0,0,0,0,0,0,0,0,-20000,0,0,0,89000,109000,-20000,-20000
057477,智邦元大98購09  ,0,0,0,0,0,0,0,0,0,-20000,0,0,0,7000,27000,-20000,-20000
057322,旺宏群益98購04  ,0,0,0,0,0,0,0,0,0,-20000,0,0,0,210000,230000,-20000,-20000
057378,康友元大98購02  ,0,0,0,0,0,0,0,0,0,-20000,0,0,0,31000,51000,-20000,-20000
057610,致茂元富98購02  ,0,0,0,0,0,0,0,0,0,-20000,0,0,0,30000,50000,-20000,-20000
057783,台積電國票9A購01,0,0,0,0,0,0,0,0,0,-20000,0,0,0,0,20000,-20000,-20000
057285,群創元大98購07  ,0,0,0,0,0,0,0,0,0,-20000,0,0,0,0,20000,-20000,-20000
057180,華新科元大99購08,0,0,0,0,0,0,0,0,0,-20000,0,0,0,100000,120000,-20000,-20000
057027,祥碩凱基98購01  ,0,0,0,0,0,0,0,0,0,-20000,0,0,0,0,20000,-20000,-20000
057014,元油2X凱基9A購05,0,0,0,0,0,0,0,0,0,-20000,0,0,0,0,20000,-20000,-20000
056798,華新科麥證98購01,0,0,0,50000,70000,-20000,0,0,0,-20000,0,0,0,50000,70000,-20000,-20000
056723,國巨中信9A購01  ,0,0,0,0,0,0,0,0,0,-20000,0,0,0,0,20000,-20000,-20000
056925,群創兆豐98購03  ,0,0,0,0,0,0,0,0,0,-20000,0,0,0,40000,60000,-20000,-20000
056930,晶豪科台新98購01,0,0,0,0,0,0,0,0,0,-20000,0,0,0,10000,30000,-20000,-20000
056957,元油2X永豐9A購02,0,0,0,0,0,0,0,0,0,-20000,0,0,0,0,20000,-20000,-20000
056986,超眾群益98購03  ,0,0,0,0,0,0,0,0,0,-20000,0,0,0,39000,59000,-20000,-20000
048754,瀚宇博元富97購01,0,0,0,0,0,0,0,0,0,-20000,0,0,0,0,20000,-20000,-20000
048592,漢唐群益93購04  ,0,0,0,0,0,0,0,0,0,-20000,0,0,0,1000,21000,-20000,-20000
048616,智伸科凱基93購07,0,0,0,0,0,0,0,0,0,-20000,0,0,0,0,20000,-20000,-20000
048619,台表科凱基93購07,0,0,0,0,0,0,0,0,0,-20000,0,0,0,0,20000,-20000,-20000
048524,GIS元富94購01   ,0,0,0,0,0,0,0,0,0,-20000,0,0,0,0,20000,-20000,-20000
048410,和碩群益93購01  ,0,0,0,0,0,0,0,0,0,-20000,0,0,0,0,20000,-20000,-20000
048429,旺宏國票94購02  ,0,0,0,0,0,0,0,0,0,-20000,0,0,0,0,20000,-20000,-20000
048268,長榮航中信95購01,0,0,0,0,0,0,0,0,0,-20000,0,0,0,0,20000,-20000,-20000
048237,致茂國票94購01  ,0,0,0,0,0,0,0,0,0,-20000,0,0,0,0,20000,-20000,-20000
051639,康友國票96購02  ,0,0,0,0,0,0,0,0,0,-20000,0,0,0,0,20000,-20000,-20000
049103,易華電國泰96購01,0,0,0,0,0,0,0,0,0,-20000,0,0,0,0,20000,-20000,-20000
047840,新日興元大93購03,0,0,0,0,0,0,0,0,0,-20000,0,0,0,0,20000,-20000,-20000
048102,矽力凱基94購01  ,0,0,0,0,0,0,0,0,0,-20000,0,0,0,0,20000,-20000,-20000
046973,矽力群益93購01  ,0,0,0,0,0,0,0,0,0,-20000,0,0,0,0,20000,-20000,-20000
046965,復盛中信93購01  ,0,0,0,0,0,0,0,0,0,-20000,0,0,0,0,20000,-20000,-20000
047396,力成元大93購01  ,0,0,0,0,0,0,0,0,0,-20000,0,0,0,30000,50000,-20000,-20000
047133,旺宏凱基93購03  ,0,0,0,0,0,0,0,0,0,-20000,0,0,0,20000,40000,-20000,-20000
047114,全新元大94購01  ,0,0,0,0,0,0,0,0,0,-20000,0,0,0,0,20000,-20000,-20000
047066,力成凱基93購04  ,0,0,0,0,0,0,0,0,0,-20000,0,0,0,20000,40000,-20000,-20000
046896,臻鼎群益94購01  ,0,0,0,0,0,0,0,0,0,-20000,0,0,0,11000,31000,-20000,-20000
046685,世紀鋼群益93購02,0,0,0,0,0,0,0,0,0,-20000,0,0,0,205000,225000,-20000,-20000
044200,群創國票93購01  ,0,0,0,0,0,0,0,0,0,-20000,0,0,0,10000,30000,-20000,-20000
045479,T50反1中信95購01,0,0,0,0,0,0,0,0,0,-20000,0,0,0,0,20000,-20000,-20000
045435,鴻海統一94購01  ,0,0,0,0,0,0,0,0,0,-20000,0,0,0,0,20000,-20000,-20000
045443,群創元富98購01  ,0,0,0,0,0,0,0,0,0,-20000,0,0,0,10000,30000,-20000,-20000
045753,大立光國泰94購02,0,0,0,0,0,0,0,0,0,-20000,0,0,0,0,20000,-20000,-20000
045679,欣興元大94購01  ,0,0,0,0,0,0,0,0,0,-20000,0,0,0,4000,24000,-20000,-20000
03777P,華通中信95售01  ,0,0,0,0,0,0,0,0,0,-20000,0,0,0,0,20000,-20000,-20000
041870,A50正2凱基96購01,0,0,0,0,0,0,0,0,0,-20000,0,0,0,0,20000,-20000,-20000
041991,元油2X國票98購01,0,0,0,0,0,0,0,0,0,-20000,0,0,0,530000,550000,-20000,-20000
045173,A50正2國票95購01,0,0,0,0,0,0,0,0,0,-20000,0,0,0,0,20000,-20000,-20000
047599,大立光統一93購08,0,0,0,0,0,0,0,0,0,-20000,0,0,0,0,20000,-20000,-20000
048837,牧德凱基94購04  ,0,0,0,0,0,0,0,0,0,-20000,0,0,0,3000,23000,-20000,-20000
048851,台達電群益94購01,0,0,0,0,0,0,0,0,0,-20000,0,0,0,0,20000,-20000,-20000
048876,牧德國票95購02  ,0,0,0,0,0,0,0,0,0,-20000,0,0,0,0,20000,-20000,-20000
043973,元金2X元大94購02,0,0,0,0,0,0,0,0,0,-20000,0,0,0,0,20000,-20000,-20000
04387P,玉晶光日盛94售01,0,0,0,0,0,0,0,0,0,-20000,0,0,0,0,20000,-20000,-20000
042542,台灣50元大93購14,0,0,0,0,0,0,0,0,0,-20000,0,0,0,0,20000,-20000,-20000
051839,和鑫國泰96購01  ,0,0,0,0,0,0,0,0,0,-20000,0,0,0,0,20000,-20000,-20000
05194P,玉晶光康和95售01,0,0,0,0,0,0,0,0,0,-20000,0,0,0,10000,30000,-20000,-20000
051847,香港反中信99購01,0,0,0,0,0,0,0,0,0,-20000,0,0,0,10000,30000,-20000,-20000
050497,臺指反凱基96購02,0,0,0,0,0,0,0,0,0,-20000,0,0,0,20000,40000,-20000,-20000
050515,聯電元大96購01  ,0,0,0,0,0,0,0,0,0,-20000,0,0,0,8000,28000,-20000,-20000
051462,世芯國泰97購01  ,0,0,0,0,0,0,0,0,0,-20000,0,0,0,243000,263000,-20000,-20000
052334,大成鋼日盛95購01,0,0,0,0,0,0,0,0,0,-20000,0,0,0,0,20000,-20000,-20000
050538,鴻海凱基95購06  ,0,0,0,0,0,0,0,0,0,-20000,0,0,0,0,20000,-20000,-20000
051445,可成元大95購06  ,0,0,0,0,0,0,0,0,0,-20000,0,0,0,100000,120000,-20000,-20000
052237,嘉澤國票96購02  ,0,0,0,0,0,0,0,0,0,-20000,0,0,0,0,20000,-20000,-20000
049213,滬深2X國票94購02,0,0,0,0,0,0,0,0,0,-20000,0,0,0,0,20000,-20000,-20000
052062,臺股指國票95購09,0,0,0,0,0,0,0,0,0,-20000,0,0,0,0,20000,-20000,-20000
052071,臺股指兆豐95購01,0,0,0,0,0,0,0,0,0,-20000,0,0,0,0,20000,-20000,-20000
052125,群創國票95購02  ,0,0,0,0,0,0,0,0,0,-20000,0,0,0,0,20000,-20000,-20000
050449,宏達電元大95購03,0,0,0,0,0,0,0,0,0,-20000,0,0,0,5000,25000,-20000,-20000
050419,鴻海凱基95購02  ,0,0,0,0,0,0,0,0,0,-20000,0,0,0,6000,26000,-20000,-20000
050368,國巨元大94購14  ,0,0,0,0,0,0,0,0,0,-20000,0,0,0,11000,31000,-20000,-20000
050384,嘉澤國票94購02  ,0,0,0,0,0,0,0,0,0,-20000,0,0,0,0,20000,-20000,-20000
050676,道瓊銀統一96購02,0,0,0,0,0,0,0,0,0,-20000,0,0,0,45000,65000,-20000,-20000
050693,鴻海凱基96購05  ,0,0,0,0,0,0,0,0,0,-20000,0,0,0,0,20000,-20000,-20000
05071P,鴻海統一96售05  ,0,0,0,0,0,0,0,0,0,-20000,0,0,0,0,20000,-20000,-20000
050254,大立光富邦96購02,0,0,0,0,0,0,0,0,0,-20000,0,0,0,0,20000,-20000,-20000
050216,奇力新永豐94購04,0,0,0,0,0,0,0,0,0,-20000,0,0,0,0,20000,-20000,-20000
050612,台積電元大95購06,0,0,0,0,0,0,0,0,0,-20000,0,0,0,0,20000,-20000,-20000
050575,南亞科國票94購01,0,0,0,0,0,0,0,0,0,-20000,0,0,0,0,20000,-20000,-20000
049727,台積電中信94購02,0,0,0,0,0,0,0,0,0,-20000,0,0,0,0,20000,-20000,-20000
051937,廣達群益95購01  ,0,0,0,0,0,0,0,0,0,-20000,0,0,0,0,20000,-20000,-20000
049536,T50反1群益94購02,0,0,0,0,0,0,0,0,0,-20000,0,0,0,10000,30000,-20000,-20000
049285,宏碁兆豐94購01  ,0,0,0,0,0,0,0,0,0,-20000,0,0,0,0,20000,-20000,-20000
049287,可成兆豐95購01  ,0,0,0,0,0,0,0,0,0,-20000,0,0,0,0,20000,-20000,-20000
049311,漢唐凱基94購03  ,0,0,0,0,0,0,0,0,0,-20000,0,0,0,0,20000,-20000,-20000
049336,台達電統一94購02,0,0,0,0,0,0,0,0,0,-20000,0,0,0,0,20000,-20000,-20000
049337,台達電統一94購03,0,0,0,0,0,0,0,0,0,-20000,0,0,0,0,20000,-20000,-20000
049338,台達電統一94購04,0,0,0,0,0,0,0,0,0,-20000,0,0,0,0,20000,-20000,-20000
049394,T50反1群益94購01,0,0,0,0,0,0,0,0,0,-20000,0,0,0,0,20000,-20000,-20000
049340,鴻海統一94購03  ,0,0,0,0,0,0,0,0,0,-20000,0,0,0,0,20000,-20000,-20000
049885,緯穎永豐94購01  ,0,0,0,0,0,0,0,0,0,-20000,0,0,0,0,20000,-20000,-20000
051163,鴻海元大95購04  ,0,0,0,0,0,0,0,0,0,-20000,0,0,0,0,20000,-20000,-20000
051310,台達電麥證95購01,0,0,0,0,20000,-20000,0,0,0,-20000,0,0,0,0,20000,-20000,-20000
051321,建準國票96購01  ,0,0,0,0,0,0,0,0,0,-20000,0,0,0,0,20000,-20000,-20000
051318,上銀國票96購01  ,0,0,0,0,0,0,0,0,0,-20000,0,0,0,0,20000,-20000,-20000
050916,聯茂中信95購01  ,0,0,0,0,0,0,0,0,0,-20000,0,0,0,0,20000,-20000,-20000
050904,臺股指元大95購11,0,0,0,0,0,0,0,0,0,-20000,0,0,0,0,20000,-20000,-20000
049976,台積電凱基94購28,0,0,0,0,0,0,0,0,0,-20000,0,0,0,20000,40000,-20000,-20000
052690,台表科元大97購01,0,0,0,0,0,0,0,0,0,-20000,0,0,0,0,20000,-20000,-20000
052497,楠梓電永豐96購01,0,0,0,0,0,0,0,0,0,-20000,0,0,0,0,20000,-20000,-20000
052478,大立光群益95購05,0,0,0,0,0,0,0,0,0,-20000,0,0,0,11000,31000,-20000,-20000
052798,滬深2X元大96購07,0,0,0,0,0,0,0,0,0,-20000,0,0,0,0,20000,-20000,-20000
052822,泰碩永豐97購01  ,0,0,0,0,0,0,0,0,0,-20000,0,0,0,0,20000,-20000,-20000
052838,新唐國泰98購01  ,0,0,0,0,0,0,0,0,0,-20000,0,0,0,40000,60000,-20000,-20000
052708,楠梓電永豐97購01,0,0,0,0,0,0,0,0,0,-20000,0,0,0,0,20000,-20000,-20000
052732,新唐國泰97購01  ,0,0,0,0,0,0,0,0,0,-20000,0,0,0,0,20000,-20000,-20000
052617,景碩國泰98購01  ,0,0,0,0,0,0,0,0,0,-20000,0,0,0,0,20000,-20000,-20000
052560,康舒國票97購01  ,0,0,0,0,0,0,0,0,0,-20000,0,0,0,0,20000,-20000,-20000
054947,興勤元大97購01  ,0,0,0,0,0,0,0,0,0,-20000,0,0,0,5000,25000,-20000,-20000
054990,凌陽元富97購01  ,0,0,0,0,0,0,0,0,0,-20000,0,0,0,20000,40000,-20000,-20000
055015,帆宣元富97購01  ,0,0,0,0,0,0,0,0,0,-20000,0,0,0,0,20000,-20000,-20000
055216,友達凱基98購05  ,0,0,0,0,0,0,0,0,0,-20000,0,0,0,0,20000,-20000,-20000
055097,福懋科群益97購01,0,0,0,0,0,0,0,0,0,-20000,0,0,0,9000,29000,-20000,-20000
055461,TPK永豐97購01   ,0,0,0,0,0,0,0,0,0,-20000,0,0,0,0,20000,-20000,-20000
055230,大毅國票98購01  ,0,0,0,0,0,0,0,0,0,-20000,0,0,0,2000,22000,-20000,-20000
054243,國喬元大96購01  ,0,0,0,0,0,0,0,0,0,-20000,0,0,0,152000,172000,-20000,-20000
054276,國巨群益96購07  ,0,0,0,0,0,0,0,0,0,-20000,0,0,0,20000,40000,-20000,-20000
054414,全新元大97購02  ,0,0,0,0,0,0,0,0,0,-20000,0,0,0,0,20000,-20000,-20000
054858,台肥群益97購01  ,0,0,0,0,0,0,0,0,0,-20000,0,0,0,11000,31000,-20000,-20000
054872,瀚宇博群益98購01,0,0,0,0,0,0,0,0,0,-20000,0,0,0,2000,22000,-20000,-20000
054743,聯鈞凱基99購01  ,0,0,0,0,0,0,0,0,0,-20000,0,0,0,176000,196000,-20000,-20000
054764,亞光國票98購01  ,0,0,0,0,0,0,0,0,0,-20000,0,0,0,0,20000,-20000,-20000
054790,禾伸堂群益98購01,0,0,0,0,0,0,0,0,0,-20000,0,0,0,0,20000,-20000,-20000
05463P,創意國票96售04  ,0,0,0,0,0,0,0,0,0,-20000,0,0,0,30000,50000,-20000,-20000
054583,玉晶光統一97購02,0,0,0,0,0,0,0,0,0,-20000,0,0,0,60000,80000,-20000,-20000
054730,上証2X凱基98購02,0,0,0,0,0,0,0,0,0,-20000,0,0,0,5000,25000,-20000,-20000
053445,可成凱基96購04  ,0,0,0,0,0,0,0,0,0,-20000,0,0,0,80000,100000,-20000,-20000
053406,國巨兆豐96購02  ,0,0,0,0,0,0,0,0,0,-20000,0,0,0,0,20000,-20000,-20000
053489,上銀兆豐97購01  ,0,0,0,0,0,0,0,0,0,-20000,0,0,0,0,20000,-20000,-20000
053530,聯發科康和96購01,0,0,0,0,0,0,0,0,0,-20000,0,0,0,0,20000,-20000,-20000
053342,全新國票99購01  ,0,0,0,0,0,0,0,0,0,-20000,0,0,0,100000,120000,-20000,-20000
053310,彩晶凱基98購02  ,0,0,0,0,0,0,0,0,0,-20000,0,0,0,0,20000,-20000,-20000
053120,復盛中信9A購01  ,0,0,0,0,0,0,0,0,0,-20000,0,0,0,52000,72000,-20000,-20000
053130,聯發科麥證96購01,0,0,0,50000,70000,-20000,0,0,0,-20000,0,0,0,50000,70000,-20000,-20000
052978,貿聯麥證97購01  ,0,0,0,0,20000,-20000,0,0,0,-20000,0,0,0,0,20000,-20000,-20000
054217,台表科國票97購05,0,0,0,0,0,0,0,0,0,-20000,0,0,0,0,20000,-20000,-20000
054031,中鋼中信98購01  ,0,0,0,0,0,0,0,0,0,-20000,0,0,0,0,20000,-20000,-20000
054026,台積電凱基97購08,0,0,0,0,0,0,0,0,0,-20000,0,0,0,0,20000,-20000,-20000
054010,致伸元富96購01  ,0,0,0,0,0,0,0,0,0,-20000,0,0,0,0,20000,-20000,-20000
053781,友達元大9B購03  ,0,0,0,0,0,0,0,0,0,-20000,0,0,0,0,20000,-20000,-20000
053886,亞光兆豐96購01  ,0,0,0,0,0,0,0,0,0,-20000,0,0,0,0,20000,-20000,-20000
053854,聯茂國泰97購02  ,0,0,0,0,0,0,0,0,0,-20000,0,0,0,0,20000,-20000,-20000
053848,聯發科元富96購03,0,0,0,0,0,0,0,0,0,-20000,0,0,0,0,20000,-20000,-20000
053659,智原凱基97購01  ,0,0,0,0,0,0,0,0,0,-20000,0,0,0,0,20000,-20000,-20000
05353P,臺股指元富95售07,0,0,0,0,0,0,0,0,0,-20000,0,0,0,0,20000,-20000,-20000
06571P,欣興永豐98售03  ,0,0,0,0,0,0,0,0,0,-20000,0,0,0,0,20000,-20000,-20000
06400P,鴻海元富97售12  ,0,0,0,0,0,0,0,0,0,-20000,0,0,0,0,20000,-20000,-20000
06355P,聯茂永豐97售02  ,0,0,0,0,0,0,0,0,0,-20000,0,0,0,80000,100000,-20000,-20000
06350P,臺股指台新99售02,0,0,0,0,0,0,0,0,0,-20000,0,0,0,0,20000,-20000,-20000
06146P,S&P反1元大97售03,0,0,0,0,0,0,0,0,0,-20000,0,0,0,0,20000,-20000,-20000
05916P,聯發科元大96售20,0,0,0,0,0,0,0,0,0,-20000,0,0,0,0,20000,-20000,-20000
057967,聯發科國泰9A購02,0,0,0,0,0,0,0,0,0,-20000,0,0,0,10000,30000,-20000,-20000
057993,中環中信98購01  ,0,0,0,0,0,0,0,0,0,-20000,0,0,0,0,20000,-20000,-20000
057869,大立光凱基99購01,0,0,0,0,0,0,0,0,0,-20000,0,0,0,9000,29000,-20000,-20000
057906,福懋科中信99購01,0,0,0,0,0,0,0,0,0,-20000,0,0,0,0,20000,-20000,-20000
057927,勤誠凱基98購01  ,0,0,0,0,0,0,0,0,0,-20000,0,0,0,0,20000,-20000,-20000
058104,國巨統一9A購04  ,0,0,0,0,0,0,0,0,0,-20000,0,0,0,0,20000,-20000,-20000
05826P,臺股指凱基96售23,0,0,0,0,0,0,0,0,0,-20000,0,0,0,32000,52000,-20000,-20000
08672P,聯發科統一01售09,0,0,0,0,0,0,0,0,0,-20000,0,0,0,0,20000,-20000,-20000
06920P,台灣50凱基9A售01,0,0,0,0,0,0,0,0,0,-20000,0,0,0,19000,39000,-20000,-20000
06944P,健鼎元富98售02  ,0,0,0,0,0,0,0,0,0,-20000,0,0,0,0,20000,-20000,-20000
07866P,上証2X國票97售01,0,0,0,0,0,0,0,0,0,-20000,0,0,0,20000,40000,-20000,-20000
4571,鈞興-KY         ,4000,0,4000,0,0,0,0,0,0,-24000,1000,25000,-24000,0,0,0,-20000
056952,元油2X國泰99購01,0,0,0,0,0,0,0,0,0,-21000,0,0,0,0,21000,-21000,-21000
056705,超眾國泰99購01  ,0,0,0,0,0,0,0,0,0,-21000,0,0,0,18000,39000,-21000,-21000
056831,元油2X元富98購11,0,0,0,0,0,0,0,0,0,-21000,0,0,0,0,21000,-21000,-21000
057116,鴻海日盛9A購01  ,0,0,0,0,0,0,0,0,0,-21000,0,0,0,0,21000,-21000,-21000
057293,力成國泰99購01  ,0,0,0,0,0,0,0,0,0,-21000,0,0,0,255000,276000,-21000,-21000
057853,旺宏國票99購05  ,0,0,0,0,0,0,0,0,0,-21000,0,0,0,0,21000,-21000,-21000
055516,上銀中信97購01  ,0,0,0,0,0,0,0,0,0,-21000,0,0,0,19000,40000,-21000,-21000
055748,GIS元富97購01   ,0,0,0,0,0,0,0,0,0,-21000,0,0,0,3000,24000,-21000,-21000
048839,牧德凱基95購01  ,0,0,0,0,0,0,0,0,0,-21000,0,0,0,6000,27000,-21000,-21000
048019,GIS麥證94購01   ,0,0,0,0,24000,-24000,0,0,0,-21000,0,0,0,3000,24000,-21000,-21000
049102,智伸科國泰96購01,0,0,0,0,0,0,0,0,0,-21000,0,0,0,41000,62000,-21000,-21000
051926,聯電中信97購01  ,0,0,0,0,0,0,0,0,0,-21000,0,0,0,70000,91000,-21000,-21000
051229,亞光群益95購01  ,0,0,0,0,0,0,0,0,0,-21000,0,0,0,0,21000,-21000,-21000
050893,鴻海元大96購03  ,0,0,0,0,0,0,0,0,0,-21000,0,0,0,32000,53000,-21000,-21000
049293,友訊群益95購01  ,0,0,0,0,0,0,0,0,0,-21000,0,0,0,30000,51000,-21000,-21000
050268,智原元大95購03  ,0,0,0,0,0,0,0,0,0,-21000,0,0,0,0,21000,-21000,-21000
049634,臺股指群益94購07,0,0,0,0,0,0,0,0,0,-21000,0,0,0,0,21000,-21000,-21000
052378,矽力元大96購01  ,0,0,0,0,0,0,0,0,0,-21000,0,0,0,0,21000,-21000,-21000
050480,健策國票95購04  ,0,0,0,0,0,0,0,0,0,-21000,0,0,0,0,21000,-21000,-21000
051805,元黃金凱基97購02,0,0,0,0,0,0,0,0,0,-21000,0,0,0,10000,31000,-21000,-21000
053784,奇力新元大97購02,0,0,0,0,0,0,0,0,0,-21000,0,0,0,9000,30000,-21000,-21000
053739,A50正2國票9A購01,0,0,0,0,0,0,0,0,0,-21000,0,0,0,0,21000,-21000,-21000
054153,宏達電國泰97購01,0,0,0,0,0,0,0,0,0,-21000,0,0,0,125000,146000,-21000,-21000
052983,國巨元大96購07  ,0,0,0,0,0,0,0,0,0,-21000,0,0,0,178000,199000,-21000,-21000
053133,華邦電國票97購01,0,0,0,0,0,0,0,0,0,-21000,0,0,0,0,21000,-21000,-21000
053084,國巨元大98購01  ,0,0,0,0,0,0,0,0,0,-21000,0,0,0,447000,468000,-21000,-21000
053077,同欣電永豐96購01,0,0,0,0,0,0,0,0,0,-21000,0,0,0,40000,61000,-21000,-21000
053273,國巨元大96購08  ,0,0,0,0,0,0,0,0,0,-21000,0,0,0,249000,270000,-21000,-21000
053226,國巨台新97購02  ,0,0,0,0,0,0,0,0,0,-21000,0,0,0,0,21000,-21000,-21000
053458,聯詠國泰97購01  ,0,0,0,0,0,0,0,0,0,-21000,0,0,0,180000,201000,-21000,-21000
054760,台化國票9A購01  ,0,0,0,0,0,0,0,0,0,-21000,0,0,0,38000,59000,-21000,-21000
054558,劍麟群益99購01  ,0,0,0,0,0,0,0,0,0,-21000,0,0,0,20000,41000,-21000,-21000
054329,華新科永豐96購02,0,0,0,0,0,0,0,0,0,-21000,0,0,0,76000,97000,-21000,-21000
055026,健和興國泰98購01,0,0,0,0,0,0,0,0,0,-21000,0,0,0,9000,30000,-21000,-21000
058100,聯茂國泰99購02  ,0,0,0,0,0,0,0,0,0,-21000,0,0,0,0,21000,-21000,-21000
057890,滬深反統一98購01,0,0,0,0,0,0,0,0,0,-21000,0,0,0,14000,35000,-21000,-21000
06039P,亞光台新96售03  ,0,0,0,0,0,0,0,0,0,-21000,0,0,0,89000,110000,-21000,-21000
056020,義隆群益97購01  ,0,0,0,0,0,0,0,0,0,-22000,0,0,0,0,22000,-22000,-22000
055889,鴻海統一97購05  ,0,0,0,0,0,0,0,0,0,-22000,0,0,0,0,22000,-22000,-22000
056578,智易元大99購02  ,0,0,0,0,0,0,0,0,0,-22000,0,0,0,0,22000,-22000,-22000
056511,超眾永豐98購01  ,0,0,0,0,0,0,0,0,0,-22000,0,0,0,0,22000,-22000,-22000
057460,楠梓電永豐98購03,0,0,0,0,0,0,0,0,0,-22000,0,0,0,0,22000,-22000,-22000
057166,國巨元大99購06  ,0,0,0,0,0,0,0,0,0,-22000,0,0,0,11000,33000,-22000,-22000
056909,嘉聯益元大99購03,0,0,0,0,0,0,0,0,0,-22000,0,0,0,142000,164000,-22000,-22000
051693,華新科統一95購02,0,0,0,0,0,0,0,0,0,-22000,0,0,0,20000,42000,-22000,-22000
048693,GIS群益94購02   ,0,0,0,0,0,0,0,0,0,-22000,0,0,0,0,22000,-22000,-22000
049031,矽格群益94購01  ,0,0,0,0,0,0,0,0,0,-22000,0,0,0,0,22000,-22000,-22000
047773,超眾元大96購01  ,0,0,0,0,0,0,0,0,0,-22000,0,0,0,0,22000,-22000,-22000
046379,奇力新凱基93購03,0,0,0,0,0,0,0,0,0,-22000,0,0,0,14000,36000,-22000,-22000
047494,華邦電元富96購01,0,0,0,0,0,0,0,0,0,-22000,0,0,0,0,22000,-22000,-22000
050519,旺宏元大95購03  ,0,0,0,0,0,0,0,0,0,-22000,0,0,0,450000,472000,-22000,-22000
049700,瀚宇博元大97購01,0,0,0,0,0,0,0,0,0,-22000,0,0,0,13000,35000,-22000,-22000
050253,百和國泰96購01  ,0,0,0,0,0,0,0,0,0,-22000,0,0,0,65000,87000,-22000,-22000
050624,鈺齊元大94購01  ,0,0,0,0,0,0,0,0,0,-22000,0,0,0,0,22000,-22000,-22000
050825,嘉澤凱基95購01  ,0,0,0,0,0,0,0,0,0,-22000,0,0,0,0,22000,-22000,-22000
051226,英業達群益95購01,0,0,0,0,0,0,0,0,0,-22000,0,0,0,0,22000,-22000,-22000
051260,鴻海永昌96購04  ,0,0,0,0,0,0,0,0,0,-22000,0,0,0,0,22000,-22000,-22000
050084,宏達電元富94購03,0,0,0,0,0,0,0,0,0,-22000,0,0,0,98000,120000,-22000,-22000
050943,楠梓電群益96購01,0,0,0,0,0,0,0,0,0,-22000,0,0,0,0,22000,-22000,-22000
052443,台積電元大95購23,0,0,0,0,0,0,0,0,0,-22000,0,0,0,265000,287000,-22000,-22000
055028,佐登國泰98購01  ,0,0,0,0,0,0,0,0,0,-22000,0,0,0,20000,42000,-22000,-22000
055112,晶豪科凱基98購01,0,0,0,0,0,0,0,0,0,-22000,0,0,0,0,22000,-22000,-22000
055205,京鼎中信99購01  ,0,0,0,0,0,0,0,0,0,-22000,0,0,0,0,22000,-22000,-22000
055199,國喬群益97購01  ,0,0,0,0,0,0,0,0,0,-22000,0,0,0,0,22000,-22000,-22000
055344,國巨凱基97購04  ,0,0,0,0,0,0,0,0,0,-22000,0,0,0,0,22000,-22000,-22000
055356,大立光凱基97購06,0,0,0,0,0,0,0,0,0,-22000,0,0,0,0,22000,-22000,-22000
054445,技嘉兆豐96購01  ,0,0,0,0,0,0,0,0,0,-22000,0,0,0,0,22000,-22000,-22000
054569,GIS群益98購01   ,0,0,0,0,0,0,0,0,0,-22000,0,0,0,0,22000,-22000,-22000
053467,鴻海元大96購20  ,0,0,0,0,0,0,0,0,0,-22000,0,0,0,249000,271000,-22000,-22000
053145,元黃金元大96購02,0,0,0,0,0,0,0,0,0,-22000,0,0,0,0,22000,-22000,-22000
054048,國泰金元大96購04,0,0,0,0,0,0,0,0,0,-22000,0,0,0,0,22000,-22000,-22000
053823,茂林群益96購06  ,0,0,0,0,0,0,0,0,0,-22000,0,0,0,23000,45000,-22000,-22000
053542,超眾永豐96購01  ,0,0,0,0,0,0,0,0,0,-22000,0,0,0,0,22000,-22000,-22000
058021,牧德凱基98購02  ,0,0,0,0,0,0,0,0,0,-22000,0,0,0,4000,26000,-22000,-22000
06961P,台積電凱基99售05,0,0,0,0,0,0,0,0,0,-22000,0,0,0,0,22000,-22000,-22000
06902P,聯電凱基98售02  ,0,0,0,0,0,0,0,0,0,-22000,0,0,0,20000,42000,-22000,-22000
2514,龍邦            ,29000,52000,-23000,0,0,0,0,0,0,1000,1000,0,1000,0,0,0,-22000
057587,微星國票99購01  ,0,0,0,0,0,0,0,0,0,-23000,0,0,0,90000,113000,-23000,-23000
056145,緯穎元大98購03  ,0,0,0,0,0,0,0,0,0,-23000,0,0,0,89000,112000,-23000,-23000
055817,京鼎國票99購01  ,0,0,0,0,0,0,0,0,0,-23000,0,0,0,35000,58000,-23000,-23000
055754,和大兆豐97購01  ,0,0,0,0,0,0,0,0,0,-23000,0,0,0,68000,91000,-23000,-23000
046740,大立光群益95購01,0,0,0,0,0,0,0,0,0,-23000,0,0,0,10000,33000,-23000,-23000
046627,高鐵統一95購01  ,0,0,0,0,0,0,0,0,0,-23000,0,0,0,48000,71000,-23000,-23000
048836,牧德凱基94購03  ,0,0,0,0,0,0,0,0,0,-23000,0,0,0,3000,26000,-23000,-23000
048957,玉晶光康和94購01,0,0,0,0,0,0,0,0,0,-23000,0,0,0,0,23000,-23000,-23000
051798,國巨永豐95購03  ,0,0,0,0,0,0,0,0,0,-23000,0,0,0,34000,57000,-23000,-23000
052597,茂林群益96購01  ,0,0,0,0,0,0,0,0,0,-23000,0,0,0,54000,77000,-23000,-23000
051175,國巨凱基95購04  ,0,0,0,0,0,0,0,0,0,-23000,0,0,0,28000,51000,-23000,-23000
051364,鴻海國泰97購03  ,0,0,0,0,0,0,0,0,0,-23000,0,0,0,0,23000,-23000,-23000
050264,聯發科元大94購13,0,0,0,0,0,0,0,0,0,-23000,0,0,0,0,23000,-23000,-23000
049189,訊芯康和94購01  ,0,0,0,0,0,0,0,0,0,-23000,0,0,0,0,23000,-23000,-23000
052207,台郡中信95購02  ,0,0,0,0,0,0,0,0,0,-23000,0,0,0,275000,298000,-23000,-23000
050512,台泥元大94購01  ,0,0,0,0,0,0,0,0,0,-23000,0,0,0,10000,33000,-23000,-23000
051980,樺漢凱基96購01  ,0,0,0,0,0,0,0,0,0,-23000,0,0,0,0,23000,-23000,-23000
053807,T50反1群益96購02,0,0,0,0,0,0,0,0,0,-23000,0,0,0,432000,455000,-23000,-23000
054196,台光電國泰97購02,0,0,0,0,0,0,0,0,0,-23000,0,0,0,24000,47000,-23000,-23000
057990,美律統一99購02  ,0,0,0,0,0,0,0,0,0,-23000,0,0,0,0,23000,-23000,-23000
058011,台虹國票99購01  ,0,0,0,0,0,0,0,0,0,-23000,0,0,0,7000,30000,-23000,-23000
057891,華新科統一9A購01,0,0,0,0,0,0,0,0,0,-23000,0,0,0,105000,128000,-23000,-23000
06674P,祥碩群益98售02  ,0,0,0,0,0,0,0,0,0,-23000,0,0,0,87000,110000,-23000,-23000
055528,華邦電群益97購01,0,0,0,0,0,0,0,0,0,-24000,0,0,0,0,24000,-24000,-24000
055909,大成鋼凱基98購02,0,0,0,0,0,0,0,0,0,-24000,0,0,0,0,24000,-24000,-24000
056088,台郡統一97購02  ,0,0,0,0,0,0,0,0,0,-24000,0,0,0,0,24000,-24000,-24000
056153,華新科凱基97購02,0,0,0,0,0,0,0,0,0,-24000,0,0,0,40000,64000,-24000,-24000
056163,嘉聯益凱基98購03,0,0,0,0,0,0,0,0,0,-24000,0,0,0,0,24000,-24000,-24000
056600,聯茂元富98購01  ,0,0,0,0,0,0,0,0,0,-24000,0,0,0,0,24000,-24000,-24000
057815,信邦元大98購01  ,0,0,0,0,0,0,0,0,0,-24000,0,0,0,0,24000,-24000,-24000
057288,聯茂元大98購03  ,0,0,0,0,0,0,0,0,0,-24000,0,0,0,17000,41000,-24000,-24000
042793,台積電台新9C購01,0,0,0,0,0,0,0,0,0,-24000,0,0,0,4000,28000,-24000,-24000
045975,祥碩凱基93購04  ,0,0,0,0,0,0,0,0,0,-24000,0,0,0,0,24000,-24000,-24000
03763P,聯發科元富96售01,0,0,0,0,0,0,0,0,0,-24000,0,0,0,90000,114000,-24000,-24000
04433P,上証2X國票95售01,0,0,0,0,0,0,0,0,0,-24000,0,0,0,554000,578000,-24000,-24000
03025P,國巨元大01售12  ,0,0,0,0,0,0,0,0,0,-24000,0,0,0,0,24000,-24000,-24000
047719,聯茂凱基94購01  ,0,0,0,0,0,0,0,0,0,-24000,0,0,0,0,24000,-24000,-24000
051687,大立光凱基95購12,0,0,0,0,0,0,0,0,0,-24000,0,0,0,106000,130000,-24000,-24000
04958P,和大凱基94售04  ,0,0,0,0,0,0,0,0,0,-24000,0,0,0,1000,25000,-24000,-24000
052045,瑞昱凱基96購01  ,0,0,0,0,0,0,0,0,0,-24000,0,0,0,2000,26000,-24000,-24000
04926P,聯發科凱基95售03,0,0,0,0,0,0,0,0,0,-24000,0,0,0,0,24000,-24000,-24000
049725,台郡國票94購03  ,0,0,0,0,0,0,0,0,0,-24000,0,0,0,0,24000,-24000,-24000
052590,祥碩永豐96購01  ,0,0,0,0,0,0,0,0,0,-24000,0,0,0,4000,28000,-24000,-24000
050010,鈺齊永豐94購01  ,0,0,0,0,0,0,0,0,0,-24000,0,0,0,1000,25000,-24000,-24000
054613,大立光永豐97購02,0,0,0,0,0,0,0,0,0,-24000,0,0,0,6000,30000,-24000,-24000
054701,宏全永豐97購01  ,0,0,0,0,0,0,0,0,0,-24000,0,0,0,0,24000,-24000,-24000
054797,臻鼎群益97購01  ,0,0,0,0,0,0,0,0,0,-24000,0,0,0,0,24000,-24000,-24000
054868,國泰金群益9A購01,0,0,0,0,0,0,0,0,0,-24000,0,0,0,0,24000,-24000,-24000
06649P,聯發科元大98售08,0,0,0,0,0,0,0,0,0,-24000,0,0,0,287000,311000,-24000,-24000
06717P,可成元大98售09  ,0,0,0,0,0,0,0,0,0,-24000,0,0,0,75000,99000,-24000,-24000
058042,鴻海元大98購12  ,0,0,0,0,0,0,0,0,0,-24000,0,0,0,35000,59000,-24000,-24000
3622,洋華            ,90000,120000,-30000,0,0,0,0,0,0,6000,6000,0,6000,0,0,0,-24000
05728P,滬深2X凱基98售03,0,0,0,0,0,0,0,0,0,-25000,0,0,0,45000,70000,-25000,-25000
057225,華新凱基98購01  ,0,0,0,0,0,0,0,0,0,-25000,0,0,0,11000,36000,-25000,-25000
056963,建準永豐98購01  ,0,0,0,0,0,0,0,0,0,-25000,0,0,0,0,25000,-25000,-25000
057808,旺宏元大99購05  ,0,0,0,0,0,0,0,0,0,-25000,0,0,0,0,25000,-25000,-25000
056037,美律凱基98購03  ,0,0,0,0,0,0,0,0,0,-25000,0,0,0,0,25000,-25000,-25000
055819,晶相光國票98購01,0,0,0,0,0,0,0,0,0,-25000,0,0,0,0,25000,-25000,-25000
055517,國巨中信97購03  ,0,0,0,0,0,0,0,0,0,-25000,0,0,0,10000,35000,-25000,-25000
051673,玉晶光元大96購04,0,0,0,0,0,0,0,0,0,-25000,0,0,0,20000,45000,-25000,-25000
051535,新日興國票96購01,0,0,0,0,0,0,0,0,0,-25000,0,0,0,15000,40000,-25000,-25000
048328,滬深2X永昌94購01,0,0,0,0,0,0,0,0,0,-25000,0,0,0,145000,170000,-25000,-25000
048023,鴻海凱基93購28  ,0,0,0,0,0,0,0,0,0,-25000,0,0,0,0,25000,-25000,-25000
04074P,臺股指凱基93售10,0,0,0,0,0,0,0,0,0,-25000,0,0,0,590000,615000,-25000,-25000
045447,鴻海國泰94購02  ,0,0,0,0,0,0,0,0,0,-25000,0,0,0,0,25000,-25000,-25000
048974,日電貿元大94購01,0,0,0,0,0,0,0,0,0,-25000,0,0,0,0,25000,-25000,-25000
051013,旺宏凱基95購03  ,0,0,0,0,0,0,0,0,0,-25000,0,0,0,10000,35000,-25000,-25000
052456,滬深2X元富9B購03,0,0,0,0,0,0,0,0,0,-25000,0,0,0,111000,136000,-25000,-25000
051363,矽創元大95購03  ,0,0,0,0,0,0,0,0,0,-25000,0,0,0,0,25000,-25000,-25000
049924,欣興元大95購04  ,0,0,0,0,0,0,0,0,0,-25000,0,0,0,9000,34000,-25000,-25000
051289,大立光統一96購01,0,0,0,0,0,0,0,0,0,-25000,0,0,0,5000,30000,-25000,-25000
049889,欣興國泰96購01  ,0,0,0,0,0,0,0,0,0,-25000,0,0,0,32000,57000,-25000,-25000
051137,聯詠永豐95購01  ,0,0,0,0,0,0,0,0,0,-25000,0,0,0,0,25000,-25000,-25000
050757,聯發科元富94購03,0,0,0,0,0,0,0,0,0,-25000,0,0,0,5000,30000,-25000,-25000
049500,聯茂元大94購04  ,0,0,0,0,0,0,0,0,0,-25000,0,0,0,35000,60000,-25000,-25000
049511,奇力新凱基94購03,0,0,0,0,0,0,0,0,0,-25000,0,0,0,10000,35000,-25000,-25000
049773,臺股指元富94購02,0,0,0,0,0,0,0,0,0,-25000,0,0,0,0,25000,-25000,-25000
049363,旺宏元大94購07  ,0,0,0,0,0,0,0,0,0,-25000,0,0,0,0,25000,-25000,-25000
050220,台積電元富96購01,0,0,0,0,0,0,0,0,0,-25000,0,0,0,0,25000,-25000,-25000
052214,智伸科元大96購01,0,0,0,0,0,0,0,0,0,-25000,0,0,0,0,25000,-25000,-25000
05181P,健策凱基95售01  ,0,0,0,0,0,0,0,0,0,-25000,0,0,0,15000,40000,-25000,-25000
054498,燿華永豐96購06  ,0,0,0,0,0,0,0,0,0,-25000,0,0,0,0,25000,-25000,-25000
055247,聯發科統一98購01,0,0,0,0,0,0,0,0,0,-25000,0,0,0,0,25000,-25000,-25000
055270,上銀元大97購03  ,0,0,0,0,0,0,0,0,0,-25000,0,0,0,59000,84000,-25000,-25000
055182,京鼎統一98購01  ,0,0,0,0,0,0,0,0,0,-25000,0,0,0,48000,73000,-25000,-25000
053810,台達電群益96購01,0,0,0,0,0,0,0,0,0,-25000,0,0,0,50000,75000,-25000,-25000
2029,盛餘            ,9000,35000,-26000,0,0,0,0,0,0,1000,1000,0,1000,0,0,0,-25000
058045,鴻海元大99購08  ,0,0,0,0,0,0,0,0,0,-25000,0,0,0,23000,48000,-25000,-25000
057943,可成國票99購03  ,0,0,0,0,0,0,0,0,0,-25000,0,0,0,88000,113000,-25000,-25000
055558,大立光凱基97購08,0,0,0,0,0,0,0,0,0,-26000,0,0,0,0,26000,-26000,-26000
056041,禾伸堂凱基98購03,0,0,0,0,0,0,0,0,0,-26000,0,0,0,0,26000,-26000,-26000
056508,揚明光永豐98購01,0,0,0,0,0,0,0,0,0,-26000,0,0,0,14000,40000,-26000,-26000
056152,可成凱基97購02  ,0,0,0,0,0,0,0,0,0,-26000,0,0,0,0,26000,-26000,-26000
057671,群創元大9B購06  ,0,0,0,0,0,0,0,0,0,-26000,0,0,0,31000,57000,-26000,-26000
057507,貿聯國票98購02  ,0,0,0,0,0,0,0,0,0,-26000,0,0,0,52000,78000,-26000,-26000
057341,技嘉台新98購01  ,0,0,0,0,0,0,0,0,0,-26000,0,0,0,88000,114000,-26000,-26000
047547,友達凱基99購02  ,0,0,0,0,0,0,0,0,0,-26000,0,0,0,10000,36000,-26000,-26000
043912,華新科凱基93購01,0,0,0,0,0,0,0,0,0,-26000,0,0,0,10000,36000,-26000,-26000
044567,華通凱基93購03  ,0,0,0,0,0,0,0,0,0,-26000,0,0,0,0,26000,-26000,-26000
045161,玉晶光國泰94購03,0,0,0,0,0,0,0,0,0,-26000,0,0,0,15000,41000,-26000,-26000
03564P,為升群益02售02  ,0,0,0,0,0,0,0,0,0,-26000,0,0,0,15000,41000,-26000,-26000
035275,台積電台新97購01,0,0,0,0,0,0,0,0,0,-26000,0,0,0,4000,30000,-26000,-26000
048193,旺宏元大94購05  ,0,0,0,0,0,0,0,0,0,-26000,0,0,0,10000,36000,-26000,-26000
047070,華通兆豐93購01  ,0,0,0,0,0,0,0,0,0,-26000,0,0,0,14000,40000,-26000,-26000
051911,大立光元大98購02,0,0,0,0,0,0,0,0,0,-26000,0,0,0,98000,124000,-26000,-26000
051897,台光電國泰97購01,0,0,0,0,0,0,0,0,0,-26000,0,0,0,24000,50000,-26000,-26000
051601,群創兆豐95購02  ,0,0,0,0,0,0,0,0,0,-26000,0,0,0,144000,170000,-26000,-26000
051796,和碩康和95購01  ,0,0,0,0,0,0,0,0,0,-26000,0,0,0,14000,40000,-26000,-26000
050649,華新科凱基96購01,0,0,0,0,0,0,0,0,0,-26000,0,0,0,86000,112000,-26000,-26000
049463,華新科富邦97購01,0,0,0,0,0,0,0,0,0,-26000,0,0,0,84000,110000,-26000,-26000
049228,台塑富邦94購01  ,0,0,0,0,0,0,0,0,0,-26000,0,0,0,47000,73000,-26000,-26000
05267P,欣興元大95售08  ,0,0,0,0,0,0,0,0,0,-26000,0,0,0,30000,56000,-26000,-26000
052724,力成統一97購01  ,0,0,0,0,0,0,0,0,0,-26000,0,0,0,24000,50000,-26000,-26000
052607,大立光元大96購03,0,0,0,0,0,0,0,0,0,-26000,0,0,0,0,26000,-26000,-26000
050149,東元群益94購01  ,0,0,0,0,0,0,0,0,0,-26000,0,0,0,21000,47000,-26000,-26000
05300P,健策元大95售02  ,0,0,0,0,0,0,0,0,0,-26000,0,0,0,15000,41000,-26000,-26000
054977,SP黃豆元富9B購01,0,0,0,0,0,0,0,0,0,-26000,0,0,0,20000,46000,-26000,-26000
055374,明泰元大97購01  ,0,0,0,0,0,0,0,0,0,-26000,0,0,0,5000,31000,-26000,-26000
057945,京鼎國票99購03  ,0,0,0,0,0,0,0,0,0,-26000,0,0,0,14000,40000,-26000,-26000
057948,嘉聯益國票99購02,0,0,0,0,0,0,0,0,0,-26000,0,0,0,10000,36000,-26000,-26000
06271P,彩晶凱基97售01  ,0,0,0,0,0,0,0,0,0,-26000,0,0,0,0,26000,-26000,-26000
057455,景碩國泰99購01  ,0,0,0,0,0,0,0,0,0,-27000,0,0,0,0,27000,-27000,-27000
057552,禾伸堂凱基98購05,0,0,0,0,0,0,0,0,0,-27000,0,0,0,9000,36000,-27000,-27000
056958,喬山永豐98購01  ,0,0,0,0,0,0,0,0,0,-27000,0,0,0,0,27000,-27000,-27000
056780,元油2X群益9A購03,0,0,0,0,0,0,0,0,0,-27000,0,0,0,0,27000,-27000,-27000
056293,上銀元大97購10  ,0,0,0,0,0,0,0,0,0,-27000,0,0,0,32000,59000,-27000,-27000
055803,鎧勝永豐97購01  ,0,0,0,0,0,0,0,0,0,-27000,0,0,0,0,27000,-27000,-27000
048644,華固元大93購01  ,0,0,0,0,0,0,0,0,0,-27000,0,0,0,0,27000,-27000,-27000
047096,元油反國泰96購01,0,0,0,0,0,0,0,0,0,-27000,0,0,0,20000,47000,-27000,-27000
047383,鴻海元大95購01  ,0,0,0,0,0,0,0,0,0,-27000,0,0,0,36000,63000,-27000,-27000
048149,泰鼎元富95購01  ,0,0,0,0,0,0,0,0,0,-27000,0,0,0,7000,34000,-27000,-27000
048058,大立光國泰95購01,0,0,0,0,0,0,0,0,0,-27000,0,0,0,15000,42000,-27000,-27000
04797P,華新科元大94售04,0,0,0,0,0,0,0,0,0,-27000,0,0,0,0,27000,-27000,-27000
050132,日電貿凱基94購02,0,0,0,0,0,0,0,0,0,-27000,0,0,0,9000,36000,-27000,-27000
052844,台積電統一96購02,0,0,0,0,0,0,0,0,0,-27000,0,0,0,15000,42000,-27000,-27000
052801,友達元大9A購01  ,0,0,0,0,0,0,0,0,0,-27000,0,0,0,142000,169000,-27000,-27000
050755,和大元富94購01  ,0,0,0,0,0,0,0,0,0,-27000,0,0,0,10000,37000,-27000,-27000
051947,矽力統一95購01  ,0,0,0,0,0,0,0,0,0,-27000,0,0,0,0,27000,-27000,-27000
049862,南亞科兆豐94購01,0,0,0,0,0,0,0,0,0,-27000,0,0,0,10000,37000,-27000,-27000
051088,台積電元大95購09,0,0,0,0,0,0,0,0,0,-27000,0,0,0,39000,66000,-27000,-27000
049273,臺股指元大94購08,0,0,0,0,0,0,0,0,0,-27000,0,0,0,0,27000,-27000,-27000
049436,義隆國泰96購02  ,0,0,0,0,0,0,0,0,0,-27000,0,0,0,44000,71000,-27000,-27000
050290,南亞科凱基94購06,0,0,0,0,0,0,0,0,0,-27000,0,0,0,12000,39000,-27000,-27000
052344,台表科凱基98購01,0,0,0,0,0,0,0,0,0,-27000,0,0,0,120000,147000,-27000,-27000
054692,台航永豐97購01  ,0,0,0,0,0,0,0,0,0,-27000,0,0,0,0,27000,-27000,-27000
054567,拓凱群益98購01  ,0,0,0,0,0,0,0,0,0,-27000,0,0,0,12000,39000,-27000,-27000
052928,美律元大98購01  ,0,0,0,0,0,0,0,0,0,-27000,0,0,0,87000,114000,-27000,-27000
053366,樺漢國泰98購01  ,0,0,0,0,0,0,0,0,0,-27000,0,0,0,0,27000,-27000,-27000
053776,台積電元大96購19,0,0,0,0,0,0,0,0,0,-27000,0,0,0,0,27000,-27000,-27000
053521,緯穎群益96購02  ,0,0,0,0,0,0,0,0,0,-27000,0,0,0,41000,68000,-27000,-27000
054131,南亞科元大96購04,0,0,0,0,0,0,0,0,0,-27000,0,0,0,13000,40000,-27000,-27000
053916,漢唐國票97購04  ,0,0,0,0,0,0,0,0,0,-27000,0,0,0,10000,37000,-27000,-27000
05795P,華邦電群益96售05,0,0,0,0,0,0,0,0,0,-27000,0,0,0,1000,28000,-27000,-27000
057919,技嘉凱基98購03  ,0,0,0,0,0,0,0,0,0,-27000,0,0,0,199000,226000,-27000,-27000
057881,SP黃豆群益9A購01,0,0,0,0,0,0,0,0,0,-27000,0,0,0,0,27000,-27000,-27000
058063,旺宏中信98購04  ,0,0,0,0,0,0,0,0,0,-27000,0,0,0,0,27000,-27000,-27000
058082,美律群益98購05  ,0,0,0,0,0,0,0,0,0,-27000,0,0,0,0,27000,-27000,-27000
05885P,牧德統一96售01  ,0,0,0,0,0,0,0,0,0,-27000,0,0,0,90000,117000,-27000,-27000
055849,聯詠元大97購05  ,0,0,0,0,0,0,0,0,0,-28000,0,0,0,10000,38000,-28000,-28000
055911,可成凱基98購02  ,0,0,0,0,0,0,0,0,0,-28000,0,0,0,11000,39000,-28000,-28000
055974,上銀統一97購05  ,0,0,0,0,0,0,0,0,0,-28000,0,0,0,48000,76000,-28000,-28000
056712,京鼎永豐98購01  ,0,0,0,0,0,0,0,0,0,-28000,0,0,0,22000,50000,-28000,-28000
056771,嘉晶元大99購01  ,0,0,0,0,0,0,0,0,0,-28000,0,0,0,15000,43000,-28000,-28000
056966,嘉晶永豐98購01  ,0,0,0,0,0,0,0,0,0,-28000,0,0,0,0,28000,-28000,-28000
057725,台達電國泰9A購01,0,0,0,0,0,0,0,0,0,-28000,0,0,0,0,28000,-28000,-28000
057622,元油2X國泰99購03,0,0,0,0,0,0,0,0,0,-28000,0,0,0,0,28000,-28000,-28000
048035,聯詠凱基93購06  ,0,0,0,0,0,0,0,0,0,-28000,0,0,0,10000,38000,-28000,-28000
047763,旺宏元大94購04  ,0,0,0,0,0,0,0,0,0,-28000,0,0,0,110000,138000,-28000,-28000
049046,同欣電兆豐94購01,0,0,0,0,0,0,0,0,0,-28000,0,0,0,10000,38000,-28000,-28000
047883,臺股指永昌93購01,0,0,0,0,0,0,0,0,0,-28000,0,0,0,399000,427000,-28000,-28000
047417,台塑富邦97購01  ,0,0,0,0,0,0,0,0,0,-28000,0,0,0,10000,38000,-28000,-28000
05192P,玉晶光台新96售02,0,0,0,0,0,0,0,0,0,-28000,0,0,0,2000,30000,-28000,-28000
051551,新日興永豐95購01,0,0,0,0,0,0,0,0,0,-28000,0,0,0,80000,108000,-28000,-28000
00660,元大歐洲50      ,0,0,0,0,0,0,0,0,0,-28000,0,0,0,0,28000,-28000,-28000
044530,台積電富邦94購01,0,0,0,0,0,0,0,0,0,-28000,0,0,0,11000,39000,-28000,-28000
04382P,美律國泰95售01  ,0,0,0,0,0,0,0,0,0,-28000,0,0,0,22000,50000,-28000,-28000
051974,華新科凱基96購05,0,0,0,0,0,0,0,0,0,-28000,0,0,0,62000,90000,-28000,-28000
051820,道瓊反元富95購01,0,0,0,0,0,0,0,0,0,-28000,0,0,0,2000,30000,-28000,-28000
052146,泰碩群益95購01  ,0,0,0,0,0,0,0,0,0,-28000,0,0,0,180000,208000,-28000,-28000
050721,台泥國票94購01  ,0,0,0,0,0,0,0,0,0,-28000,0,0,0,78000,106000,-28000,-28000
049490,京元電元大95購02,0,0,0,0,0,0,0,0,0,-28000,0,0,0,0,28000,-28000,-28000
050831,超眾凱基95購01  ,0,0,0,0,0,0,0,0,0,-28000,0,0,0,0,28000,-28000,-28000
05130P,聯發科統一95售03,0,0,0,0,0,0,0,0,0,-28000,0,0,0,0,28000,-28000,-28000
051481,聯詠凱基95購02  ,0,0,0,0,0,0,0,0,0,-28000,0,0,0,0,28000,-28000,-28000
052421,元油反國票9B購01,0,0,0,0,0,0,0,0,0,-28000,0,0,0,126000,154000,-28000,-28000
053378,台積電元大98購02,0,0,0,0,0,0,0,0,0,-28000,0,0,0,45000,73000,-28000,-28000
053294,聯發科中信9C購01,0,0,0,0,0,0,0,0,0,-28000,0,0,0,0,28000,-28000,-28000
053175,矽力群益96購01  ,0,0,0,0,0,0,0,0,0,-28000,0,0,0,3000,31000,-28000,-28000
054746,貿聯凱基98購02  ,0,0,0,0,0,0,0,0,0,-28000,0,0,0,0,28000,-28000,-28000
055280,智邦元大97購01  ,0,0,0,0,0,0,0,0,0,-28000,0,0,0,16000,44000,-28000,-28000
055055,精元永豐97購01  ,0,0,0,0,0,0,0,0,0,-28000,0,0,0,68000,96000,-28000,-28000
06264P,友達凱基98售06  ,0,0,0,0,0,0,0,0,0,-28000,0,0,0,68000,96000,-28000,-28000
06661P,玉晶光永豐98售05,0,0,0,0,0,0,0,0,0,-28000,0,0,0,42000,70000,-28000,-28000
06590P,大立光元大98售13,0,0,0,0,0,0,0,0,0,-28000,0,0,0,1000,29000,-28000,-28000
06521P,矽力元大98售01  ,0,0,0,0,0,0,0,0,0,-28000,0,0,0,46000,74000,-28000,-28000
06935P,神達元大98售02  ,0,0,0,0,0,0,0,0,0,-28000,0,0,0,23000,51000,-28000,-28000
057584,國巨亞東99購01  ,0,0,0,0,0,0,0,0,0,-29000,0,0,0,0,29000,-29000,-29000
057468,台郡永豐98購01  ,0,0,0,0,0,0,0,0,0,-29000,0,0,0,66000,95000,-29000,-29000
057177,奇力新元大99購04,0,0,0,0,0,0,0,0,0,-29000,0,0,0,86000,115000,-29000,-29000
055774,台光電凱基97購02,0,0,0,0,0,0,0,0,0,-29000,0,0,0,6000,35000,-29000,-29000
056116,義隆群益97購02  ,0,0,0,0,0,0,0,0,0,-29000,0,0,0,15000,44000,-29000,-29000
04614P,光罩群益94售02  ,0,0,0,0,0,0,0,0,0,-29000,0,0,0,11000,40000,-29000,-29000
00752,中信中國50      ,2000,4000,-2000,0,0,0,0,0,0,-27000,0,0,0,403000,430000,-27000,-29000
047355,世紀鋼凱基94購01,0,0,0,0,0,0,0,0,0,-29000,0,0,0,166000,195000,-29000,-29000
046630,京元電元富95購03,0,0,0,0,0,0,0,0,0,-29000,0,0,0,20000,49000,-29000,-29000
047925,可成凱基94購01  ,0,0,0,0,0,0,0,0,0,-29000,0,0,0,3000,32000,-29000,-29000
052604,建準元大97購01  ,0,0,0,0,0,0,0,0,0,-29000,0,0,0,46000,75000,-29000,-29000
049795,華通元大96購02  ,0,0,0,0,0,0,0,0,0,-29000,0,0,0,1000,30000,-29000,-29000
050309,亞泥兆豐94購01  ,0,0,0,0,0,0,0,0,0,-29000,0,0,0,71000,100000,-29000,-29000
050281,台積電日盛94購03,0,0,0,0,0,0,0,0,0,-29000,0,0,0,147000,176000,-29000,-29000
054978,堤維西元富97購01,0,0,0,0,0,0,0,0,0,-29000,0,0,0,1000,30000,-29000,-29000
055401,亞光元富9A購01  ,0,0,0,0,0,0,0,0,0,-29000,0,0,0,0,29000,-29000,-29000
05480P,滬深2X凱基96售05,0,0,0,0,0,0,0,0,0,-29000,0,0,0,1594000,1623000,-29000,-29000
054695,世芯永豐98購01  ,0,0,0,0,0,0,0,0,0,-29000,0,0,0,187000,216000,-29000,-29000
054282,泰鼎群益98購02  ,0,0,0,0,0,0,0,0,0,-29000,0,0,0,244000,273000,-29000,-29000
053927,牧德國票97購01  ,0,0,0,0,0,0,0,0,0,-29000,0,0,0,6000,35000,-29000,-29000
053928,智易國票97購03  ,0,0,0,0,0,0,0,0,0,-29000,0,0,0,0,29000,-29000,-29000
1608,華榮            ,40000,82000,-42000,0,0,0,0,0,0,13000,13000,0,13000,0,0,0,-29000
2106,建大            ,157000,208000,-51000,0,0,0,0,0,0,22000,22000,0,22000,0,0,0,-29000
057977,台光電永豐98購02,0,0,0,0,0,0,0,0,0,-29000,0,0,0,102000,131000,-29000,-29000
056172,鴻海元富97購11  ,0,0,0,0,0,0,0,0,0,-30000,0,0,0,10000,40000,-30000,-30000
056207,茂林永豐97購03  ,0,0,0,0,0,0,0,0,0,-30000,0,0,0,0,30000,-30000,-30000
056406,建準國票99購01  ,0,0,0,0,0,0,0,0,0,-30000,0,0,0,0,30000,-30000,-30000
056387,智伸科國泰99購01,0,0,0,0,0,0,0,0,0,-30000,0,0,0,0,30000,-30000,-30000
056389,鴻海富邦99購01  ,0,0,0,0,0,0,0,0,0,-30000,0,0,0,0,30000,-30000,-30000
056503,楠梓電永豐98購01,0,0,0,0,0,0,0,0,0,-30000,0,0,0,0,30000,-30000,-30000
056443,南亞科凱基98購03,0,0,0,0,0,0,0,0,0,-30000,0,0,0,30000,60000,-30000,-30000
056603,嘉聯益國泰9A購01,0,0,0,0,0,0,0,0,0,-30000,0,0,0,32000,62000,-30000,-30000
055664,和大群益98購02  ,0,0,0,0,0,0,0,0,0,-30000,0,0,0,43000,73000,-30000,-30000
055615,宏達電國票99購02,0,0,0,0,0,0,0,0,0,-30000,0,0,0,38000,68000,-30000,-30000
055510,GIS元大97購03   ,0,0,0,0,0,0,0,0,0,-30000,0,0,0,1000,31000,-30000,-30000
056021,興富發群益97購01,0,0,0,0,0,0,0,0,0,-30000,0,0,0,10000,40000,-30000,-30000
056044,同欣電凱基97購03,0,0,0,0,0,0,0,0,0,-30000,0,0,0,1000,31000,-30000,-30000
055785,祥碩凱基97購02  ,0,0,0,0,0,0,0,0,0,-30000,0,0,0,14000,44000,-30000,-30000
057234,宏達電凱基98購05,0,0,0,0,0,0,0,0,0,-30000,0,0,0,120000,150000,-30000,-30000
057038,元油2X元大9B購06,0,0,0,0,0,0,0,0,0,-30000,0,0,0,0,30000,-30000,-30000
056760,元油2X元大98購06,0,0,0,0,0,0,0,0,0,-30000,0,0,0,2000,32000,-30000,-30000
057470,易華電永豐98購02,0,0,0,0,0,0,0,0,0,-30000,0,0,0,0,30000,-30000,-30000
05747P,漢唐群益96售03  ,0,0,0,0,0,0,0,0,0,-30000,0,0,0,11000,41000,-30000,-30000
057483,微星元大98購04  ,0,0,0,0,0,0,0,0,0,-30000,0,0,0,52000,82000,-30000,-30000
057406,茂林群益98購03  ,0,0,0,0,0,0,0,0,0,-30000,0,0,0,177000,207000,-30000,-30000
057629,泰碩永豐98購02  ,0,0,0,0,0,0,0,0,0,-30000,0,0,0,64000,94000,-30000,-30000
057805,華通元大98購06  ,0,0,0,0,0,0,0,0,0,-30000,0,0,0,64000,94000,-30000,-30000
057841,茂林富邦9A購02  ,0,0,0,0,0,0,0,0,0,-30000,0,0,0,0,30000,-30000,-30000
047910,全新麥證94購01  ,0,0,0,10000,40000,-30000,0,0,0,-30000,0,0,0,10000,40000,-30000,-30000
049044,和碩兆豐94購01  ,0,0,0,0,0,0,0,0,0,-30000,0,0,0,10000,40000,-30000,-30000
048037,台表科凱基93購05,0,0,0,0,0,0,0,0,0,-30000,0,0,0,0,30000,-30000,-30000
046275,台表科凱基94購01,0,0,0,0,0,0,0,0,0,-30000,0,0,0,0,30000,-30000,-30000
048076,亞光第一94購01  ,0,0,0,0,0,0,0,0,0,-30000,0,0,0,0,30000,-30000,-30000
048091,漢唐凱基93購03  ,0,0,0,0,0,0,0,0,0,-30000,0,0,0,10000,40000,-30000,-30000
046480,群創元富96購01  ,0,0,0,0,0,0,0,0,0,-30000,0,0,0,20000,50000,-30000,-30000
047296,日月光元富96購01,0,0,0,0,0,0,0,0,0,-30000,0,0,0,0,30000,-30000,-30000
051520,新光金凱基97購01,0,0,0,0,0,0,0,0,0,-30000,0,0,0,0,30000,-30000,-30000
048826,宏達電凱基94購01,0,0,0,0,0,0,0,0,0,-30000,0,0,0,0,30000,-30000,-30000
051635,大立光國票96購04,0,0,0,0,0,0,0,0,0,-30000,0,0,0,0,30000,-30000,-30000
051683,A50正2凱基97購01,0,0,0,0,0,0,0,0,0,-30000,0,0,0,0,30000,-30000,-30000
048683,日月光富邦93購01,0,0,0,0,0,0,0,0,0,-30000,0,0,0,10000,40000,-30000,-30000
048691,智伸科群益94購01,0,0,0,0,0,0,0,0,0,-30000,0,0,0,11000,41000,-30000,-30000
048668,奇力新永豐93購04,0,0,0,0,0,0,0,0,0,-30000,0,0,0,20000,50000,-30000,-30000
048610,華新科凱基94購04,0,0,0,0,0,0,0,0,0,-30000,0,0,0,20000,50000,-30000,-30000
048329,台積電永昌93購07,0,0,0,0,0,0,0,0,0,-30000,0,0,0,10000,40000,-30000,-30000
048355,國巨永豐93購04  ,0,0,0,0,0,0,0,0,0,-30000,0,0,0,0,30000,-30000,-30000
04846P,旺宏凱基94售07  ,0,0,0,0,0,0,0,0,0,-30000,0,0,0,0,30000,-30000,-30000
048302,上証反凱基93購01,0,0,0,0,0,0,0,0,0,-30000,0,0,0,0,30000,-30000,-30000
03450P,元油2X元富98售05,0,0,0,0,0,0,0,0,0,-30000,80000,0,80000,40000,150000,-110000,-30000
03431B,元油2X凱基9B熊03,0,0,0,0,0,0,0,0,0,-30000,0,0,0,100000,130000,-30000,-30000
044013,友達凱基93購01  ,0,0,0,0,0,0,0,0,0,-30000,0,0,0,0,30000,-30000,-30000
042088,台灣50中信93購04,0,0,0,0,0,0,0,0,0,-30000,0,0,0,0,30000,-30000,-30000
04177P,富邦金元大94售01,0,0,0,0,0,0,0,0,0,-30000,0,0,0,70000,100000,-30000,-30000
04513P,元石油中信94售01,0,0,0,0,0,0,0,0,0,-30000,0,0,0,5000,35000,-30000,-30000
04350P,欣興國票94售01  ,0,0,0,0,0,0,0,0,0,-30000,0,0,0,10000,40000,-30000,-30000
04467P,元油2X元大94售03,0,0,0,0,0,0,0,0,0,-30000,0,0,0,810000,840000,-30000,-30000
046002,美律統一93購01  ,0,0,0,0,0,0,0,0,0,-30000,0,0,0,0,30000,-30000,-30000
04478P,元油2X中信95售03,0,0,0,0,0,0,0,0,0,-30000,20000,0,20000,160000,210000,-50000,-30000
043921,台表科凱基93購01,0,0,0,0,0,0,0,0,0,-30000,0,0,0,10000,40000,-30000,-30000
042929,台積電中信95購02,0,0,0,0,0,0,0,0,0,-30000,0,0,0,35000,65000,-30000,-30000
048874,玉晶光國票96購01,0,0,0,0,0,0,0,0,0,-30000,0,0,0,5000,35000,-30000,-30000
048875,晶相光國票94購01,0,0,0,0,0,0,0,0,0,-30000,0,0,0,52000,82000,-30000,-30000
047650,矽力元大93購01  ,0,0,0,0,0,0,0,0,0,-30000,0,0,0,0,30000,-30000,-30000
051789,嘉澤國票96購01  ,0,0,0,0,0,0,0,0,0,-30000,0,0,0,30000,60000,-30000,-30000
050352,欣興群益95購01  ,0,0,0,0,0,0,0,0,0,-30000,0,0,0,8000,38000,-30000,-30000
050441,和碩凱基94購01  ,0,0,0,0,0,0,0,0,0,-30000,0,0,0,0,30000,-30000,-30000
050718,茂林群益94購04  ,0,0,0,0,0,0,0,0,0,-30000,0,0,0,0,30000,-30000,-30000
050690,台達電凱基96購01,0,0,0,0,0,0,0,0,0,-30000,0,0,0,0,30000,-30000,-30000
050628,美律中信94購02  ,0,0,0,0,0,0,0,0,0,-30000,0,0,0,0,30000,-30000,-30000
049780,智易統一94購02  ,0,0,0,0,0,0,0,0,0,-30000,0,0,0,0,30000,-30000,-30000
050564,臻鼎元富94購08  ,0,0,0,0,0,0,0,0,0,-30000,0,0,0,0,30000,-30000,-30000
049523,微星兆豐94購02  ,0,0,0,0,0,0,0,0,0,-30000,0,0,0,0,30000,-30000,-30000
049733,旺宏群益94購03  ,0,0,0,0,0,0,0,0,0,-30000,0,0,0,0,30000,-30000,-30000
049377,聯詠元大94購01  ,0,0,0,0,0,0,0,0,0,-30000,0,0,0,0,30000,-30000,-30000
049378,聯詠元大94購02  ,0,0,0,0,0,0,0,0,0,-30000,0,0,0,0,30000,-30000,-30000
049345,富邦金統一94購02,0,0,0,0,0,0,0,0,0,-30000,0,0,0,10000,40000,-30000,-30000
049356,台積電富邦94購05,0,0,0,0,0,0,0,0,0,-30000,0,0,0,0,30000,-30000,-30000
049289,樺漢兆豐94購01  ,0,0,0,0,0,0,0,0,0,-30000,0,0,0,0,30000,-30000,-30000
049339,鴻海統一94購02  ,0,0,0,0,0,0,0,0,0,-30000,0,0,0,0,30000,-30000,-30000
052134,智邦凱基95購09  ,0,0,0,0,0,0,0,0,0,-30000,0,0,0,19000,49000,-30000,-30000
052119,漢唐國票96購01  ,0,0,0,0,0,0,0,0,0,-30000,0,0,0,0,30000,-30000,-30000
052019,創意永豐95購02  ,0,0,0,0,0,0,0,0,0,-30000,0,0,0,0,30000,-30000,-30000
052187,奇鋐群益95購03  ,0,0,0,0,0,0,0,0,0,-30000,0,0,0,0,30000,-30000,-30000
049696,欣興元大95購02  ,0,0,0,0,0,0,0,0,0,-30000,0,0,0,6000,36000,-30000,-30000
051802,同欣電永豐95購02,0,0,0,0,0,0,0,0,0,-30000,0,0,0,20000,50000,-30000,-30000
049571,華固統一94購02  ,0,0,0,0,0,0,0,0,0,-30000,0,0,0,0,30000,-30000,-30000
051985,智邦元大95購05  ,0,0,0,0,0,0,0,0,0,-30000,0,0,0,76000,106000,-30000,-30000
052366,聯詠國票96購01  ,0,0,0,0,0,0,0,0,0,-30000,0,0,0,30000,60000,-30000,-30000
051416,創意國票96購02  ,0,0,0,0,0,0,0,0,0,-30000,0,0,0,20000,50000,-30000,-30000
050547,華新科凱基95購01,0,0,0,0,0,0,0,0,0,-30000,0,0,0,136000,166000,-30000,-30000
050069,禾伸堂凱基94購04,0,0,0,0,0,0,0,0,0,-30000,0,0,0,0,30000,-30000,-30000
050948,華固群益95購01  ,0,0,0,0,0,0,0,0,0,-30000,0,0,0,0,30000,-30000,-30000
049998,奇力新永豐94購03,0,0,0,0,0,0,0,0,0,-30000,0,0,0,20000,50000,-30000,-30000
051515,聯發科凱基95購10,0,0,0,0,0,0,0,0,0,-30000,0,0,0,0,30000,-30000,-30000
05240P,玉晶光永豐96售01,0,0,0,0,0,0,0,0,0,-30000,0,0,0,0,30000,-30000,-30000
052536,聯茂國泰97購01  ,0,0,0,0,0,0,0,0,0,-30000,0,0,0,0,30000,-30000,-30000
052499,合勤控永豐95購01,0,0,0,0,0,0,0,0,0,-30000,0,0,0,0,30000,-30000,-30000
052734,台表科國泰98購02,0,0,0,0,0,0,0,0,0,-30000,0,0,0,0,30000,-30000,-30000
050855,華通台新95購01  ,0,0,0,0,0,0,0,0,0,-30000,0,0,0,2000,32000,-30000,-30000
051064,鴻海國票95購01  ,0,0,0,0,0,0,0,0,0,-30000,0,0,0,30000,60000,-30000,-30000
051057,信邦群益95購01  ,0,0,0,0,0,0,0,0,0,-30000,0,0,0,10000,40000,-30000,-30000
053896,麗豐群益97購01  ,0,0,0,0,0,0,0,0,0,-30000,0,0,0,0,30000,-30000,-30000
053936,旺宏元富96購04  ,0,0,0,0,0,0,0,0,0,-30000,0,0,0,300000,330000,-30000,-30000
054025,鴻海凱基96購17  ,0,0,0,0,0,0,0,0,0,-30000,0,0,0,68000,98000,-30000,-30000
054110,群創凱基98購09  ,0,0,0,0,0,0,0,0,0,-30000,0,0,0,0,30000,-30000,-30000
054156,聯電亞東98購01  ,0,0,0,0,0,0,0,0,0,-30000,0,0,0,0,30000,-30000,-30000
054152,漢唐國泰98購02  ,0,0,0,0,0,0,0,0,0,-30000,0,0,0,27000,57000,-30000,-30000
05366P,鴻海元富95售12  ,0,0,0,0,0,0,0,0,0,-30000,0,0,0,60000,90000,-30000,-30000
052976,台表科群益96購03,0,0,0,0,0,0,0,0,0,-30000,0,0,0,0,30000,-30000,-30000
053271,喬山元大97購01  ,0,0,0,0,0,0,0,0,0,-30000,0,0,0,15000,45000,-30000,-30000
053289,臺股指元大96購17,0,0,0,0,0,0,0,0,0,-30000,0,0,0,0,30000,-30000,-30000
053394,鴻海中信9A購01  ,0,0,0,0,0,0,0,0,0,-30000,0,0,0,0,30000,-30000,-30000
053396,漢唐中信9A購01  ,0,0,0,0,0,0,0,0,0,-30000,0,0,0,0,30000,-30000,-30000
053397,國泰金中信96購01,0,0,0,0,0,0,0,0,0,-30000,0,0,0,11000,41000,-30000,-30000
053505,瑞儀兆豐97購01  ,0,0,0,0,0,0,0,0,0,-30000,0,0,0,0,30000,-30000,-30000
054605,鴻海永豐97購01  ,0,0,0,0,0,0,0,0,0,-30000,0,0,0,0,30000,-30000,-30000
054933,南港元大97購01  ,0,0,0,0,0,0,0,0,0,-30000,0,0,0,42000,72000,-30000,-30000
05492P,聯茂元大95售02  ,0,0,0,0,0,0,0,0,0,-30000,0,0,0,34000,64000,-30000,-30000
054985,光罩元富97購01  ,0,0,0,0,0,0,0,0,0,-30000,0,0,0,0,30000,-30000,-30000
054995,宏盛元富97購01  ,0,0,0,0,0,0,0,0,0,-30000,0,0,0,0,30000,-30000,-30000
055163,訊芯元大98購01  ,0,0,0,0,0,0,0,0,0,-30000,0,0,0,26000,56000,-30000,-30000
055185,晶相光統一97購01,0,0,0,0,0,0,0,0,0,-30000,0,0,0,0,30000,-30000,-30000
055105,鴻海凱基98購05  ,0,0,0,0,0,0,0,0,0,-30000,0,0,0,5000,35000,-30000,-30000
05507P,聯茂凱基96售02  ,0,0,0,0,0,0,0,0,0,-30000,0,0,0,25000,55000,-30000,-30000
057975,台積電永豐98購05,0,0,0,0,0,0,0,0,0,-30000,0,0,0,0,30000,-30000,-30000
057960,聯鈞元大98購02  ,0,0,0,0,0,0,0,0,0,-30000,0,0,0,26000,56000,-30000,-30000
058025,聯茂國泰99購01  ,0,0,0,0,0,0,0,0,0,-30000,0,0,0,0,30000,-30000,-30000
058145,聯茂元大99購03  ,0,0,0,0,0,0,0,0,0,-30000,0,0,0,6000,36000,-30000,-30000
058181,華新科國泰9B購01,0,0,0,0,0,0,0,0,0,-30000,0,0,0,20000,50000,-30000,-30000
06643P,大立光兆豐98售01,0,0,0,0,0,0,0,0,0,-30000,0,0,0,0,30000,-30000,-30000
06346P,聯鈞元富97售02  ,0,0,0,0,0,0,0,0,0,-30000,0,0,0,220000,250000,-30000,-30000
06943P,致茂元富98售03  ,0,0,0,0,0,0,0,0,0,-30000,0,0,0,0,30000,-30000,-30000
08599P,台表科元大9C售11,0,0,0,0,0,0,0,0,0,-30000,0,0,0,0,30000,-30000,-30000
057426,元油2X兆豐9B購01,0,0,0,0,0,0,0,0,0,-31000,0,0,0,0,31000,-31000,-31000
057118,欣興日盛9A購01  ,0,0,0,0,0,0,0,0,0,-31000,0,0,0,0,31000,-31000,-31000
057104,康友中信99購01  ,0,0,0,0,0,0,0,0,0,-31000,0,0,0,0,31000,-31000,-31000
055952,上銀元大97購08  ,0,0,0,0,0,0,0,0,0,-31000,0,0,0,65000,96000,-31000,-31000
056409,麗豐國票99購01  ,0,0,0,0,0,0,0,0,0,-31000,0,0,0,0,31000,-31000,-31000
056187,京鼎統一97購01  ,0,0,0,0,0,0,0,0,0,-31000,0,0,0,39000,70000,-31000,-31000
048350,世紀鋼元大95購01,0,0,0,0,0,0,0,0,0,-31000,0,0,0,101000,132000,-31000,-31000
046572,貿聯國泰94購01  ,0,0,0,0,0,0,0,0,0,-31000,0,0,0,0,31000,-31000,-31000
052741,聯發科元大96購08,0,0,0,0,0,0,0,0,0,-31000,0,0,0,2000,33000,-31000,-31000
052352,力成元富95購01  ,0,0,0,0,0,0,0,0,0,-31000,0,0,0,20000,51000,-31000,-31000
052060,旺宏國票96購02  ,0,0,0,0,0,0,0,0,0,-31000,0,0,0,72000,103000,-31000,-31000
05019P,喬山中信95售01  ,0,0,0,0,0,0,0,0,0,-31000,0,0,0,0,31000,-31000,-31000
055085,大毅國票97購01  ,0,0,0,0,0,0,0,0,0,-31000,0,0,0,41000,72000,-31000,-31000
054574,美律元大99購01  ,0,0,0,0,0,0,0,0,0,-31000,0,0,0,140000,171000,-31000,-31000
054682,東元永豐97購01  ,0,0,0,0,0,0,0,0,0,-31000,0,0,0,0,31000,-31000,-31000
054415,奇力新元大96購06,0,0,0,0,0,0,0,0,0,-31000,0,0,0,3000,34000,-31000,-31000
054430,上銀台新96購02  ,0,0,0,0,0,0,0,0,0,-31000,0,0,0,0,31000,-31000,-31000
053582,英業達元大97購01,0,0,0,0,0,0,0,0,0,-31000,0,0,0,15000,46000,-31000,-31000
1558,伸興            ,45000,76000,-31000,0,0,0,0,2000,-2000,2000,2000,0,2000,0,0,0,-31000
2524,京城            ,52000,75000,-23000,0,0,0,0,0,0,-8000,3000,11000,-8000,0,0,0,-31000
058089,聯發科元大98購15,0,0,0,0,0,0,0,0,0,-31000,0,0,0,405000,436000,-31000,-31000
057994,技嘉中信98購01  ,0,0,0,0,0,0,0,0,0,-31000,0,0,0,15000,46000,-31000,-31000
056212,台光電國票98購03,0,0,0,0,0,0,0,0,0,-32000,0,0,0,8000,40000,-32000,-32000
055800,欣興永豐97購02  ,0,0,0,0,0,0,0,0,0,-32000,0,0,0,9000,41000,-32000,-32000
056048,同欣電兆豐97購01,0,0,0,0,0,0,0,0,0,-32000,0,0,0,5000,37000,-32000,-32000
057457,華邦電富邦98購01,0,0,0,0,0,0,0,0,0,-32000,0,0,0,0,32000,-32000,-32000
04783P,貿聯元富94售01  ,0,0,0,0,0,0,0,0,0,-32000,0,0,0,13000,45000,-32000,-32000
048498,嘉澤元大94購01  ,0,0,0,0,0,0,0,0,0,-32000,0,0,0,0,32000,-32000,-32000
043909,台光電凱基93購01,0,0,0,0,0,0,0,0,0,-32000,0,0,0,10000,42000,-32000,-32000
045627,聯電凱基93購03  ,0,0,0,0,0,0,0,0,0,-32000,0,0,0,11000,43000,-32000,-32000
03033X,元展30          ,0,0,0,0,0,0,0,0,0,-32000,0,0,0,0,32000,-32000,-32000
050650,大立光凱基96購01,0,0,0,0,0,0,0,0,0,-32000,0,0,0,0,32000,-32000,-32000
051472,台積電凱基95購09,0,0,0,0,0,0,0,0,0,-32000,0,0,0,30000,62000,-32000,-32000
051412,奇力新國票96購01,0,0,0,0,0,0,0,0,0,-32000,0,0,0,52000,84000,-32000,-32000
051817,元金2X統一95購01,0,0,0,0,0,0,0,0,0,-32000,0,0,0,10000,42000,-32000,-32000
052766,玉晶光群益9A購01,0,0,0,0,0,0,0,0,0,-32000,0,0,0,30000,62000,-32000,-32000
049845,台積電麥證94購01,0,0,0,0,32000,-32000,0,0,0,-32000,0,0,0,0,32000,-32000,-32000
051305,訊連凱基96購01  ,0,0,0,0,0,0,0,0,0,-32000,0,0,0,380000,412000,-32000,-32000
053704,國巨群益96購06  ,0,0,0,0,0,0,0,0,0,-32000,0,0,0,14000,46000,-32000,-32000
053718,全新凱基97購02  ,0,0,0,0,0,0,0,0,0,-32000,0,0,0,43000,75000,-32000,-32000
054061,晶技國票97購03  ,0,0,0,0,0,0,0,0,0,-32000,0,0,0,70000,102000,-32000,-32000
054068,華通國泰96購02  ,0,0,0,0,0,0,0,0,0,-32000,0,0,0,0,32000,-32000,-32000
053153,大立光元大99購02,0,0,0,0,0,0,0,0,0,-32000,0,0,0,0,32000,-32000,-32000
053056,同欣電國票97購01,0,0,0,0,0,0,0,0,0,-32000,0,0,0,78000,110000,-32000,-32000
054360,智邦凱基96購03  ,0,0,0,0,0,0,0,0,0,-32000,0,0,0,56000,88000,-32000,-32000
054838,京鼎第一97購01  ,0,0,0,0,0,0,0,0,0,-32000,0,0,0,53000,85000,-32000,-32000
058006,台郡群益98購04  ,0,0,0,0,0,0,0,0,0,-32000,0,0,0,0,32000,-32000,-32000
058086,鴻海元大98購14  ,0,0,0,0,0,0,0,0,0,-32000,0,0,0,84000,116000,-32000,-32000
058044,鴻海元大99購07  ,0,0,0,0,0,0,0,0,0,-32000,0,0,0,79000,111000,-32000,-32000
05917P,宏達電元大96售02,0,0,0,0,0,0,0,0,0,-32000,0,0,0,1000,33000,-32000,-32000
057423,台郡凱基98購06  ,0,0,0,0,0,0,0,0,0,-33000,0,0,0,32000,65000,-33000,-33000
057377,康控元大99購02  ,0,0,0,0,0,0,0,0,0,-33000,0,0,0,379000,412000,-33000,-33000
056745,聯茂凱基99購03  ,0,0,0,0,0,0,0,0,0,-33000,0,0,0,125000,158000,-33000,-33000
055874,中環元富9A購01  ,0,0,0,0,0,0,0,0,0,-33000,0,0,0,10000,43000,-33000,-33000
056229,可成凱基97購04  ,0,0,0,0,0,0,0,0,0,-33000,0,0,0,5000,38000,-33000,-33000
056178,嘉澤元富97購02  ,0,0,0,0,0,0,0,0,0,-33000,0,0,0,0,33000,-33000,-33000
056519,創意國票99購01  ,0,0,0,0,0,0,0,0,0,-33000,0,0,0,18000,51000,-33000,-33000
051915,日月光元大96購01,0,0,0,0,0,0,0,0,0,-33000,0,0,0,5000,38000,-33000,-33000
048099,健策凱基93購06  ,0,0,0,0,0,0,0,0,0,-33000,0,0,0,0,33000,-33000,-33000
046300,嘉聯益富邦94購01,0,0,0,0,0,0,0,0,0,-33000,0,0,0,2000,35000,-33000,-33000
051214,大立光統一95購02,0,0,0,0,0,0,0,0,0,-33000,0,0,0,38000,71000,-33000,-33000
049972,南電國票95購02  ,0,0,0,0,0,0,0,0,0,-33000,0,0,0,27000,60000,-33000,-33000
050112,高鐵元大94購02  ,0,0,0,0,0,0,0,0,0,-33000,0,0,0,10000,43000,-33000,-33000
050155,華新科群益95購01,0,0,0,0,0,0,0,0,0,-33000,0,0,0,43000,76000,-33000,-33000
049178,宏達電凱基94購02,0,0,0,0,0,0,0,0,0,-33000,0,0,0,350000,383000,-33000,-33000
052260,為升富邦97購02  ,0,0,0,0,0,0,0,0,0,-33000,0,0,0,140000,173000,-33000,-33000
050425,國巨凱基94購12  ,0,0,0,0,0,0,0,0,0,-33000,0,0,0,25000,58000,-33000,-33000
054792,揚明光群益97購01,0,0,0,0,0,0,0,0,0,-33000,0,0,0,0,33000,-33000,-33000
054310,牧德凱基98購01  ,0,0,0,0,0,0,0,0,0,-33000,0,0,0,77000,110000,-33000,-33000
054458,復盛群益96購01  ,0,0,0,0,0,0,0,0,0,-33000,0,0,0,108000,141000,-33000,-33000
054992,南亞科元富97購02,0,0,0,0,0,0,0,0,0,-33000,0,0,0,0,33000,-33000,-33000
053166,聯詠群益96購02  ,0,0,0,0,0,0,0,0,0,-33000,0,0,0,0,33000,-33000,-33000
053171,中磊群益96購01  ,0,0,0,0,0,0,0,0,0,-33000,0,0,0,8000,41000,-33000,-33000
054216,聯茂國票97購03  ,0,0,0,0,0,0,0,0,0,-33000,0,0,0,5000,38000,-33000,-33000
054213,欣興國票97購04  ,0,0,0,0,0,0,0,0,0,-33000,0,0,0,10000,43000,-33000,-33000
06394P,台積電元大97售28,0,0,0,0,0,0,0,0,0,-33000,0,0,0,72000,105000,-33000,-33000
3130,一零四          ,3000,36000,-33000,0,0,0,0,0,0,0,0,0,0,0,0,0,-33000
056913,臺股指元大99購05,0,0,0,0,0,0,0,0,0,-34000,0,0,0,0,34000,-34000,-34000
056895,技嘉元大98購01  ,0,0,0,0,0,0,0,0,0,-34000,0,0,0,15000,49000,-34000,-34000
057142,力成兆豐98購01  ,0,0,0,0,0,0,0,0,0,-34000,0,0,0,52000,86000,-34000,-34000
057804,為升元大98購01  ,0,0,0,0,0,0,0,0,0,-34000,0,0,0,3000,37000,-34000,-34000
047014,元油反元大99購01,0,0,0,0,0,0,0,0,0,-34000,0,0,0,1000,35000,-34000,-34000
0055,元大MSCI金融    ,1000,0,1000,0,0,0,0,0,0,-35000,0,0,0,0,35000,-35000,-34000
044224,超眾凱基93購01  ,0,0,0,0,0,0,0,0,0,-34000,0,0,0,0,34000,-34000,-34000
050627,華通中信94購02  ,0,0,0,0,0,0,0,0,0,-34000,0,0,0,2000,36000,-34000,-34000
052104,英業達兆豐96購01,0,0,0,0,0,0,0,0,0,-34000,0,0,0,86000,120000,-34000,-34000
052133,華邦電凱基9B購01,0,0,0,0,0,0,0,0,0,-34000,0,0,0,2000,36000,-34000,-34000
050531,訊芯元大95購02  ,0,0,0,0,0,0,0,0,0,-34000,0,0,0,1000,35000,-34000,-34000
052698,深中小國票99購01,0,0,0,0,0,0,0,0,0,-34000,0,0,0,0,34000,-34000,-34000
052785,滬深2X中信99購03,0,0,0,0,0,0,0,0,0,-34000,0,0,0,100000,134000,-34000,-34000
05419P,矽力永豐95售02  ,0,0,0,0,0,0,0,0,0,-34000,0,0,0,1000,35000,-34000,-34000
053735,矽力中信97購01  ,0,0,0,0,0,0,0,0,0,-34000,0,0,0,6000,40000,-34000,-34000
055433,嘉聯益群益99購01,0,0,0,0,0,0,0,0,0,-34000,0,0,0,20000,54000,-34000,-34000
055343,國巨凱基97購03  ,0,0,0,0,0,0,0,0,0,-34000,0,0,0,10000,44000,-34000,-34000
1717,長興            ,364000,414000,-50000,0,0,0,10000,0,10000,6000,10000,4000,6000,0,0,0,-34000
057864,奇力新凱基99購03,0,0,0,0,0,0,0,0,0,-34000,0,0,0,5000,39000,-34000,-34000
057766,矽力凱基98購03  ,0,0,0,0,0,0,0,0,0,-35000,0,0,0,0,35000,-35000,-35000
057004,滬深反中信9A購01,0,0,0,0,0,0,0,0,0,-35000,0,0,0,0,35000,-35000,-35000
057152,緯穎國票99購03  ,0,0,0,0,0,0,0,0,0,-35000,0,0,0,0,35000,-35000,-35000
056724,臻鼎中信9A購01  ,0,0,0,0,0,0,0,0,0,-35000,0,0,0,95000,130000,-35000,-35000
056577,玉晶光元大99購06,0,0,0,0,0,0,0,0,0,-35000,0,0,0,10000,45000,-35000,-35000
056157,聯詠凱基97購03  ,0,0,0,0,0,0,0,0,0,-35000,0,0,0,0,35000,-35000,-35000
056141,聯茂元大97購05  ,0,0,0,0,0,0,0,0,0,-35000,0,0,0,11000,46000,-35000,-35000
056213,建準國票98購02  ,0,0,0,0,0,0,0,0,0,-35000,0,0,0,0,35000,-35000,-35000
056399,上証2X群益9C購01,0,0,0,0,0,0,0,0,0,-35000,0,0,0,0,35000,-35000,-35000
055885,大成鋼統一97購02,0,0,0,0,0,0,0,0,0,-35000,0,0,0,0,35000,-35000,-35000
055652,聯詠元富01購01  ,0,0,0,0,0,0,0,0,0,-35000,0,0,0,0,35000,-35000,-35000
055747,康舒元富97購01  ,0,0,0,0,0,0,0,0,0,-35000,0,0,0,55000,90000,-35000,-35000
05573P,仁寶元富96售02  ,0,0,0,0,0,0,0,0,0,-35000,0,0,0,7000,42000,-35000,-35000
044221,群創凱基93購03  ,0,0,0,0,0,0,0,0,0,-35000,0,0,0,15000,50000,-35000,-35000
047656,聯詠兆豐93購02  ,0,0,0,0,0,0,0,0,0,-35000,0,0,0,10000,45000,-35000,-35000
049137,華通元大95購02  ,0,0,0,0,0,0,0,0,0,-35000,0,0,0,93000,128000,-35000,-35000
049004,聯發科中信96購01,0,0,0,0,0,0,0,0,0,-35000,0,0,0,46000,81000,-35000,-35000
046937,聯電元大99購01  ,0,0,0,0,0,0,0,0,0,-35000,0,0,0,20000,55000,-35000,-35000
04729P,臺股指中信96售01,0,0,0,0,0,0,0,0,0,-35000,0,0,0,0,35000,-35000,-35000
047969,台達電富邦97購01,0,0,0,0,0,0,0,0,0,-35000,0,0,0,0,35000,-35000,-35000
048288,T50反1群益93購05,0,0,0,0,0,0,0,0,0,-35000,0,0,0,20000,55000,-35000,-35000
052446,聯發科元大96購03,0,0,0,0,0,0,0,0,0,-35000,0,0,0,3000,38000,-35000,-35000
051369,新光金富邦9A購01,0,0,0,0,0,0,0,0,0,-35000,0,0,0,0,35000,-35000,-35000
049814,超眾元大95購04  ,0,0,0,0,0,0,0,0,0,-35000,0,0,0,65000,100000,-35000,-35000
052322,力成元大96購01  ,0,0,0,0,0,0,0,0,0,-35000,0,0,0,17000,52000,-35000,-35000
051086,鴻海元大96購04  ,0,0,0,0,0,0,0,0,0,-35000,0,0,0,50000,85000,-35000,-35000
051098,矽格元大95購01  ,0,0,0,0,0,0,0,0,0,-35000,0,0,0,10000,45000,-35000,-35000
051402,玉晶光永豐95購04,0,0,0,0,0,0,0,0,0,-35000,0,0,0,13000,48000,-35000,-35000
051848,元金2X中信98購02,0,0,0,0,0,0,0,0,0,-35000,0,0,0,100000,135000,-35000,-35000
049697,群創元大98購01  ,0,0,0,0,0,0,0,0,0,-35000,0,0,0,4000,39000,-35000,-35000
050681,南亞科元富94購01,0,0,0,0,0,0,0,0,0,-35000,0,0,0,41000,76000,-35000,-35000
050445,鴻海元大94購21  ,0,0,0,0,0,0,0,0,0,-35000,0,0,0,300000,335000,-35000,-35000
049316,茂林凱基94購02  ,0,0,0,0,0,0,0,0,0,-35000,0,0,0,13000,48000,-35000,-35000
055413,全新富邦98購01  ,0,0,0,0,0,0,0,0,0,-35000,0,0,0,0,35000,-35000,-35000
055390,國巨統一98購03  ,0,0,0,0,0,0,0,0,0,-35000,0,0,0,29000,64000,-35000,-35000
054380,世芯群益97購02  ,0,0,0,0,0,0,0,0,0,-35000,0,0,0,285000,320000,-35000,-35000
054769,創意國票98購01  ,0,0,0,0,0,0,0,0,0,-35000,0,0,0,0,35000,-35000,-35000
054205,華新國票97購02  ,0,0,0,0,0,0,0,0,0,-35000,0,0,0,41000,76000,-35000,-35000
054090,瑞昱群益97購01  ,0,0,0,0,0,0,0,0,0,-35000,0,0,0,31000,66000,-35000,-35000
053347,茂林國票98購01  ,0,0,0,0,0,0,0,0,0,-35000,0,0,0,0,35000,-35000,-35000
057928,鈺齊凱基98購02  ,0,0,0,0,0,0,0,0,0,-35000,0,0,0,0,35000,-35000,-35000
058085,景碩群益9A購01  ,0,0,0,0,0,0,0,0,0,-35000,0,0,0,0,35000,-35000,-35000
05908P,大立光元富96售05,0,0,0,0,0,0,0,0,0,-35000,0,0,0,22000,57000,-35000,-35000
05905P,晶技統一97售01  ,0,0,0,0,0,0,0,0,0,-35000,0,0,0,5000,40000,-35000,-35000
06370P,貿聯凱基97售03  ,0,0,0,0,0,0,0,0,0,-35000,0,0,0,235000,270000,-35000,-35000
06873P,嘉晶元富98售02  ,0,0,0,0,0,0,0,0,0,-35000,0,0,0,36000,71000,-35000,-35000
056097,訊芯元富97購02  ,0,0,0,0,0,0,0,0,0,-36000,0,0,0,0,36000,-36000,-36000
056637,台光電日盛9A購01,0,0,0,0,0,0,0,0,0,-36000,0,0,0,124000,160000,-36000,-36000
056786,亞光群益98購03  ,0,0,0,0,0,0,0,0,0,-36000,0,0,0,0,36000,-36000,-36000
056980,建準群益98購02  ,0,0,0,0,0,0,0,0,0,-36000,0,0,0,13000,49000,-36000,-36000
057049,新日興元大98購02,0,0,0,0,0,0,0,0,0,-36000,0,0,0,107000,143000,-36000,-36000
057113,祥碩群益98購01  ,0,0,0,0,0,0,0,0,0,-36000,0,0,0,220000,256000,-36000,-36000
057326,景碩群益99購02  ,0,0,0,0,0,0,0,0,0,-36000,0,0,0,9000,45000,-36000,-36000
048710,奇力新台新94購01,0,0,0,0,0,0,0,0,0,-36000,0,0,0,10000,46000,-36000,-36000
048109,旺宏群益94購02  ,0,0,0,0,0,0,0,0,0,-36000,0,0,0,27000,63000,-36000,-36000
050390,聯發科統一94購09,0,0,0,0,0,0,0,0,0,-36000,0,0,0,0,36000,-36000,-36000
050233,香港2X凱基96購01,0,0,0,0,0,0,0,0,0,-36000,0,0,0,79000,115000,-36000,-36000
052326,滬深反中信99購01,0,0,0,0,0,0,0,0,0,-36000,0,0,0,30000,66000,-36000,-36000
05329P,臺股指凱基95售13,0,0,0,0,0,0,0,0,0,-36000,0,0,0,5000,41000,-36000,-36000
053472,漢唐元大96購02  ,0,0,0,0,0,0,0,0,0,-36000,0,0,0,0,36000,-36000,-36000
052857,大成鋼凱基96購01,0,0,0,0,0,0,0,0,0,-36000,0,0,0,56000,92000,-36000,-36000
054098,嘉晶國票97購04  ,0,0,0,0,0,0,0,0,0,-36000,0,0,0,0,36000,-36000,-36000
054679,台積電康和99購01,0,0,0,0,0,0,0,0,0,-36000,0,0,0,8000,44000,-36000,-36000
054590,嘉聯益國泰98購01,0,0,0,0,0,0,0,0,0,-36000,0,0,0,0,36000,-36000,-36000
054275,華通群益97購03  ,0,0,0,0,0,0,0,0,0,-36000,0,0,0,190000,226000,-36000,-36000
055365,華通元大97購03  ,0,0,0,0,0,0,0,0,0,-36000,0,0,0,28000,64000,-36000,-36000
055250,華新科統一97購02,0,0,0,0,0,0,0,0,0,-36000,0,0,0,118000,154000,-36000,-36000
055070,聯茂永豐97購01  ,0,0,0,0,0,0,0,0,0,-36000,0,0,0,68000,104000,-36000,-36000
06875P,台灣50永昌9A售02,0,0,0,0,0,0,0,0,0,-36000,0,0,0,0,36000,-36000,-36000
06047P,聯發科富邦99售04,0,0,0,0,0,0,0,0,0,-36000,0,0,0,17000,53000,-36000,-36000
057969,緯穎國泰99購01  ,0,0,0,0,0,0,0,0,0,-36000,0,0,0,0,36000,-36000,-36000
057571,泰碩永豐98購01  ,0,0,0,0,0,0,0,0,0,-37000,0,0,0,0,37000,-37000,-37000
056710,漢唐永豐98購01  ,0,0,0,0,0,0,0,0,0,-37000,0,0,0,0,37000,-37000,-37000
056752,國巨兆豐98購02  ,0,0,0,0,0,0,0,0,0,-37000,0,0,0,54000,91000,-37000,-37000
056243,創意群益97購03  ,0,0,0,0,0,0,0,0,0,-37000,0,0,0,82000,119000,-37000,-37000
055841,南亞科元大97購04,0,0,0,0,0,0,0,0,0,-37000,0,0,0,75000,112000,-37000,-37000
047833,全新元大94購02  ,0,0,0,0,0,0,0,0,0,-37000,0,0,0,3000,40000,-37000,-37000
048319,嘉晶凱基93購04  ,0,0,0,0,0,0,0,0,0,-37000,0,0,0,0,37000,-37000,-37000
048988,聯茂元大94購02  ,0,0,0,0,0,0,0,0,0,-37000,0,0,0,0,37000,-37000,-37000
049901,瑞昱元富94購01  ,0,0,0,0,0,0,0,0,0,-37000,0,0,0,0,37000,-37000,-37000
050940,嘉澤國票95購01  ,0,0,0,0,0,0,0,0,0,-37000,0,0,0,39000,76000,-37000,-37000
052707,景碩台新96購01  ,0,0,0,0,0,0,0,0,0,-37000,0,0,0,194000,231000,-37000,-37000
050670,牧德永豐94購03  ,0,0,0,0,0,0,0,0,0,-37000,0,0,0,6000,43000,-37000,-37000
051989,華固元大95購02  ,0,0,0,0,0,0,0,0,0,-37000,0,0,0,0,37000,-37000,-37000
05235P,健鼎康和95售02  ,0,0,0,0,0,0,0,0,0,-37000,0,0,0,225000,262000,-37000,-37000
054996,聯陽元富97購01  ,0,0,0,0,0,0,0,0,0,-37000,0,0,0,387000,424000,-37000,-37000
055019,福懋科元富97購01,0,0,0,0,0,0,0,0,0,-37000,0,0,0,49000,86000,-37000,-37000
054442,啟碁台新96購01  ,0,0,0,0,0,0,0,0,0,-37000,0,0,0,0,37000,-37000,-37000
054831,緯穎國泰98購01  ,0,0,0,0,0,0,0,0,0,-37000,0,0,0,13000,50000,-37000,-37000
054883,億光統一97購01  ,0,0,0,0,0,0,0,0,0,-37000,0,0,0,23000,60000,-37000,-37000
054172,易華電凱基98購01,0,0,0,0,0,0,0,0,0,-37000,0,0,0,10000,47000,-37000,-37000
054056,華新科國票96購02,0,0,0,0,0,0,0,0,0,-37000,0,0,0,15000,52000,-37000,-37000
053575,聯詠元富96購01  ,0,0,0,0,0,0,0,0,0,-37000,0,0,0,20000,57000,-37000,-37000
053164,台光電群益96購02,0,0,0,0,0,0,0,0,0,-37000,0,0,0,11000,48000,-37000,-37000
053026,奇力新富邦98購01,0,0,0,0,0,0,0,0,0,-37000,0,0,0,0,37000,-37000,-37000
06842P,臺股指統一9A售03,0,0,0,0,0,0,0,0,0,-37000,0,0,0,11000,48000,-37000,-37000
4551,智伸科          ,204000,80000,124000,0,0,0,0,71000,-71000,-90000,30000,110000,-80000,9000,19000,-10000,-37000
055886,上銀統一97購02  ,0,0,0,0,0,0,0,0,0,-38000,0,0,0,48000,86000,-38000,-38000
055955,微星元大97購01  ,0,0,0,0,0,0,0,0,0,-38000,0,0,0,32000,70000,-38000,-38000
055781,聯詠凱基98購01  ,0,0,0,0,0,0,0,0,0,-38000,0,0,0,0,38000,-38000,-38000
056125,旺宏國票98購02  ,0,0,0,0,0,0,0,0,0,-38000,0,0,0,0,38000,-38000,-38000
056388,勤誠國泰99購01  ,0,0,0,0,0,0,0,0,0,-38000,0,0,0,0,38000,-38000,-38000
056512,易華電永豐98購01,0,0,0,0,0,0,0,0,0,-38000,0,0,0,54000,92000,-38000,-38000
057134,茂林凱基98購02  ,0,0,0,0,0,0,0,0,0,-38000,0,0,0,10000,48000,-38000,-38000
057655,奇力新中信98購05,0,0,0,0,0,0,0,0,0,-38000,0,0,0,10000,48000,-38000,-38000
057726,華通國泰9A購01  ,0,0,0,0,0,0,0,0,0,-38000,0,0,0,6000,44000,-38000,-38000
047685,嘉聯益國泰95購01,0,0,0,0,0,0,0,0,0,-38000,0,0,0,0,38000,-38000,-38000
051596,超眾元大95購05  ,0,0,0,0,0,0,0,0,0,-38000,0,0,0,0,38000,-38000,-38000
051756,台積電元大97購04,0,0,0,0,0,0,0,0,0,-38000,0,0,0,52000,90000,-38000,-38000
046348,嘉澤兆豐93購01  ,0,0,0,0,0,0,0,0,0,-38000,0,0,0,0,38000,-38000,-38000
052028,健策群益95購02  ,0,0,0,0,0,0,0,0,0,-38000,0,0,0,24000,62000,-38000,-38000
052085,聯電元大95購01  ,0,0,0,0,0,0,0,0,0,-38000,0,0,0,37000,75000,-38000,-38000
050191,和碩元大94購02  ,0,0,0,0,0,0,0,0,0,-38000,0,0,0,0,38000,-38000,-38000
050181,富邦金元大94購02,0,0,0,0,0,0,0,0,0,-38000,0,0,0,0,38000,-38000,-38000
04930P,國巨統一94售08  ,0,0,0,0,0,0,0,0,0,-38000,0,0,0,162000,200000,-38000,-38000
052797,樺漢兆豐96購01  ,0,0,0,0,0,0,0,0,0,-38000,0,0,0,0,38000,-38000,-38000
052815,滬深2X永豐97購01,0,0,0,0,0,0,0,0,0,-38000,0,0,0,42000,80000,-38000,-38000
049937,臺股指元大94購18,0,0,0,0,0,0,0,0,0,-38000,0,0,0,2000,40000,-38000,-38000
051192,緯創兆豐96購01  ,0,0,0,0,0,0,0,0,0,-38000,0,0,0,0,38000,-38000,-38000
049833,正文凱基94購05  ,0,0,0,0,0,0,0,0,0,-38000,0,0,0,30000,68000,-38000,-38000
052273,新光金群益95購02,0,0,0,0,0,0,0,0,0,-38000,0,0,0,0,38000,-38000,-38000
052953,百和國票97購01  ,0,0,0,0,0,0,0,0,0,-38000,0,0,0,0,38000,-38000,-38000
054591,GIS國泰98購01   ,0,0,0,0,0,0,0,0,0,-38000,0,0,0,10000,48000,-38000,-38000
054688,兆赫永豐97購01  ,0,0,0,0,0,0,0,0,0,-38000,0,0,0,0,38000,-38000,-38000
055208,京鼎康和97購02  ,0,0,0,0,0,0,0,0,0,-38000,0,0,0,0,38000,-38000,-38000
055361,樺漢凱基97購01  ,0,0,0,0,0,0,0,0,0,-38000,0,0,0,10000,48000,-38000,-38000
055380,智易元大98購02  ,0,0,0,0,0,0,0,0,0,-38000,0,0,0,0,38000,-38000,-38000
1568,倉佑            ,19000,57000,-38000,0,0,0,0,0,0,0,0,0,0,0,0,0,-38000
2022,聚亨            ,46000,87000,-41000,0,0,0,0,0,0,3000,3000,0,3000,0,0,0,-38000
057923,晶豪科凱基98購02,0,0,0,0,0,0,0,0,0,-38000,0,0,0,0,38000,-38000,-38000
057893,亞德客元富98購03,0,0,0,0,0,0,0,0,0,-38000,0,0,0,0,38000,-38000,-38000
057601,中磊群益98購01  ,0,0,0,0,0,0,0,0,0,-39000,0,0,0,42000,81000,-39000,-39000
057398,台郡中信99購01  ,0,0,0,0,0,0,0,0,0,-39000,0,0,0,196000,235000,-39000,-39000
055494,華新科元大98購01,0,0,0,0,0,0,0,0,0,-39000,0,0,0,0,39000,-39000,-39000
055970,聯茂元大97購04  ,0,0,0,0,0,0,0,0,0,-39000,0,0,0,6000,45000,-39000,-39000
056114,台達電群益97購02,0,0,0,0,0,0,0,0,0,-39000,0,0,0,0,39000,-39000,-39000
047160,台郡國票94購01  ,0,0,0,0,0,0,0,0,0,-39000,0,0,0,0,39000,-39000,-39000
04360P,易華電永豐94售01,0,0,0,0,0,0,0,0,0,-39000,0,0,0,1000,40000,-39000,-39000
051087,國巨元大97購01  ,0,0,0,0,0,0,0,0,0,-39000,0,0,0,1000,40000,-39000,-39000
049956,國巨統一94購05  ,0,0,0,0,0,0,0,0,0,-39000,0,0,0,120000,159000,-39000,-39000
052688,新日興元大96購01,0,0,0,0,0,0,0,0,0,-39000,0,0,0,55000,94000,-39000,-39000
052579,亞泥元富96購01  ,0,0,0,0,0,0,0,0,0,-39000,0,0,0,148000,187000,-39000,-39000
049527,國巨中信95購01  ,0,0,0,0,0,0,0,0,0,-39000,0,0,0,23000,62000,-39000,-39000
050371,台積電元大94購25,0,0,0,0,0,0,0,0,0,-39000,0,0,0,275000,314000,-39000,-39000
04957P,上証2X凱基96售02,0,0,0,0,0,0,0,0,0,-39000,0,0,0,1000,40000,-39000,-39000
054489,牧德台新97購02  ,0,0,0,0,0,0,0,0,0,-39000,0,0,0,0,39000,-39000,-39000
053151,華新科元大96購04,0,0,0,0,0,0,0,0,0,-39000,0,0,0,1000,40000,-39000,-39000
053134,南亞科國票97購01,0,0,0,0,0,0,0,0,0,-39000,0,0,0,5000,44000,-39000,-39000
053302,國巨凱基96購10  ,0,0,0,0,0,0,0,0,0,-39000,0,0,0,42000,81000,-39000,-39000
054069,亞光國泰98購01  ,0,0,0,0,0,0,0,0,0,-39000,0,0,0,85000,124000,-39000,-39000
055919,景碩凱基98購02  ,0,0,0,0,0,0,0,0,0,-40000,0,0,0,16000,56000,-40000,-40000
05557P,S&P500中信96售02,0,0,0,0,0,0,0,0,0,-40000,0,0,0,0,40000,-40000,-40000
055647,義隆元富97購01  ,0,0,0,0,0,0,0,0,0,-40000,0,0,0,0,40000,-40000,-40000
056555,矽創凱基98購01  ,0,0,0,0,0,0,0,0,0,-40000,0,0,0,88000,128000,-40000,-40000
056494,緯創國泰99購01  ,0,0,0,0,0,0,0,0,0,-40000,0,0,0,60000,100000,-40000,-40000
056645,大立光凱基98購12,0,0,0,0,0,0,0,0,0,-40000,0,0,0,9000,49000,-40000,-40000
057382,聯發科國泰9A購01,0,0,0,0,0,0,0,0,0,-40000,0,0,0,101000,141000,-40000,-40000
057485,友達元大9C購04  ,0,0,0,0,0,0,0,0,0,-40000,0,0,0,0,40000,-40000,-40000
057768,華新科中信9A購01,0,0,0,0,0,0,0,0,0,-40000,0,0,0,0,40000,-40000,-40000
057126,台積電凱基99購03,0,0,0,0,0,0,0,0,0,-40000,0,0,0,0,40000,-40000,-40000
057102,亞光中信9A購01  ,0,0,0,0,0,0,0,0,0,-40000,0,0,0,0,40000,-40000,-40000
05716P,T50反1元大98售03,0,0,0,0,0,0,0,0,0,-40000,0,0,0,0,40000,-40000,-40000
057199,台達電元富02購01,0,0,0,0,0,0,0,0,0,-40000,0,0,0,0,40000,-40000,-40000
057294,台灣50永豐99購01,0,0,0,0,0,0,0,0,0,-40000,0,0,0,5000,45000,-40000,-40000
056716,康舒永豐98購01  ,0,0,0,0,0,0,0,0,0,-40000,0,0,0,136000,176000,-40000,-40000
056795,鴻海麥證98購01  ,0,0,0,10000,50000,-40000,0,0,0,-40000,0,0,0,10000,50000,-40000,-40000
056804,T50反1統一9A購03,0,0,0,0,0,0,0,0,0,-40000,0,0,0,0,40000,-40000,-40000
056944,鴻海統一98購11  ,0,0,0,0,0,0,0,0,0,-40000,0,0,0,0,40000,-40000,-40000
056914,臺股指元大99購09,0,0,0,0,0,0,0,0,0,-40000,0,0,0,3000,43000,-40000,-40000
04376P,漢唐元大94售04  ,0,0,0,0,0,0,0,0,0,-40000,0,0,0,0,40000,-40000,-40000
048838,牧德凱基94購07  ,0,0,0,0,0,0,0,0,0,-40000,0,0,0,0,40000,-40000,-40000
044255,群創元大93購01  ,0,0,0,0,0,0,0,0,0,-40000,0,0,0,0,40000,-40000,-40000
039550,滬深反凱基94購01,0,0,0,0,0,0,0,0,0,-40000,0,0,0,0,40000,-40000,-40000
03252P,台積電台新02售01,0,0,0,0,0,0,0,0,0,-40000,0,0,0,10000,50000,-40000,-40000
04749P,臺股指元大94售25,0,0,0,0,0,0,0,0,0,-40000,0,0,0,30000,70000,-40000,-40000
047490,元油反統一93購01,0,0,0,0,0,0,0,0,0,-40000,0,0,0,0,40000,-40000,-40000
047987,力成群益93購01  ,0,0,0,0,0,0,0,0,0,-40000,0,0,0,20000,60000,-40000,-40000
048165,嘉澤康和93購01  ,0,0,0,0,0,0,0,0,0,-40000,0,0,0,0,40000,-40000,-40000
049014,台達電群益94購02,0,0,0,0,0,0,0,0,0,-40000,0,0,0,0,40000,-40000,-40000
047822,臺股指凱基93購16,0,0,0,0,0,0,0,0,0,-40000,0,0,0,0,40000,-40000,-40000
051748,超眾國泰96購01  ,0,0,0,0,0,0,0,0,0,-40000,0,0,0,0,40000,-40000,-40000
051743,揚明光國票96購02,0,0,0,0,0,0,0,0,0,-40000,0,0,0,0,40000,-40000,-40000
05169P,玉晶光元大95售03,0,0,0,0,0,0,0,0,0,-40000,0,0,0,20000,60000,-40000,-40000
051722,玉晶光永豐97購01,0,0,0,0,0,0,0,0,0,-40000,0,0,0,7000,47000,-40000,-40000
050492,漢唐國泰96購01  ,0,0,0,0,0,0,0,0,0,-40000,0,0,0,0,40000,-40000,-40000
051841,南茂國泰96購01  ,0,0,0,0,0,0,0,0,0,-40000,0,0,0,0,40000,-40000,-40000
052393,康友群益95購05  ,0,0,0,0,0,0,0,0,0,-40000,0,0,0,40000,80000,-40000,-40000
052383,臺股指元大95購29,0,0,0,0,0,0,0,0,0,-40000,0,0,0,0,40000,-40000,-40000
050306,聯發科中信97購01,0,0,0,0,0,0,0,0,0,-40000,0,0,0,90000,130000,-40000,-40000
049751,牧德永豐95購01  ,0,0,0,0,0,0,0,0,0,-40000,0,0,0,7000,47000,-40000,-40000
049294,南亞科群益94購01,0,0,0,0,0,0,0,0,0,-40000,0,0,0,40000,80000,-40000,-40000
049266,和碩元大94購01  ,0,0,0,0,0,0,0,0,0,-40000,0,0,0,0,40000,-40000,-40000
049385,茂林元大94購03  ,0,0,0,0,0,0,0,0,0,-40000,0,0,0,0,40000,-40000,-40000
051031,康友元富95購02  ,0,0,0,0,0,0,0,0,0,-40000,0,0,0,77000,117000,-40000,-40000
052548,旺宏亞東96購01  ,0,0,0,0,0,0,0,0,0,-40000,0,0,0,0,40000,-40000,-40000
050040,鴻海中信94購04  ,0,0,0,0,0,0,0,0,0,-40000,0,0,0,0,40000,-40000,-40000
052533,聯發科國泰96購03,0,0,0,0,0,0,0,0,0,-40000,0,0,0,0,40000,-40000,-40000
04991P,台表科元大94售05,0,0,0,0,0,0,0,0,0,-40000,0,0,0,0,40000,-40000,-40000
050939,健鼎國票96購01  ,0,0,0,0,0,0,0,0,0,-40000,0,0,0,61000,101000,-40000,-40000
051312,國泰金麥證95購01,0,0,0,0,40000,-40000,0,0,0,-40000,0,0,0,0,40000,-40000,-40000
050842,旺宏國票97購01  ,0,0,0,0,0,0,0,0,0,-40000,0,0,0,15000,55000,-40000,-40000
050843,富邦金國票96購01,0,0,0,0,0,0,0,0,0,-40000,0,0,0,116000,156000,-40000,-40000
052290,鴻海元富97購01  ,0,0,0,0,0,0,0,0,0,-40000,0,0,0,0,40000,-40000,-40000
053588,聯發科元大97購07,0,0,0,0,0,0,0,0,0,-40000,0,0,0,0,40000,-40000,-40000
053743,康控國票97購02  ,0,0,0,0,0,0,0,0,0,-40000,0,0,0,0,40000,-40000,-40000
053827,漢唐麥證9A購01  ,0,0,0,10000,50000,-40000,0,0,0,-40000,0,0,0,10000,50000,-40000,-40000
053204,旺宏麥證96購01  ,0,0,0,0,40000,-40000,0,0,0,-40000,0,0,0,0,40000,-40000,-40000
053491,鴻海兆豐97購02  ,0,0,0,0,0,0,0,0,0,-40000,0,0,0,0,40000,-40000,-40000
053462,元油反富邦97購02,0,0,0,0,0,0,0,0,0,-40000,0,0,0,10000,50000,-40000,-40000
054402,康控永豐96購03  ,0,0,0,0,0,0,0,0,0,-40000,0,0,0,0,40000,-40000,-40000
054290,奇力新元大96購05,0,0,0,0,0,0,0,0,0,-40000,0,0,0,0,40000,-40000,-40000
054349,同欣電國票97購02,0,0,0,0,0,0,0,0,0,-40000,0,0,0,7000,47000,-40000,-40000
05434P,世紀鋼元富95售02,0,0,0,0,0,0,0,0,0,-40000,0,0,0,50000,90000,-40000,-40000
054900,金寶康和97購01  ,0,0,0,0,0,0,0,0,0,-40000,0,0,0,70000,110000,-40000,-40000
05475P,聯茂亞東95售01  ,0,0,0,0,0,0,0,0,0,-40000,0,0,0,0,40000,-40000,-40000
055411,國巨富邦9A購02  ,0,0,0,0,0,0,0,0,0,-40000,0,0,0,116000,156000,-40000,-40000
055328,鈺齊國票98購01  ,0,0,0,0,0,0,0,0,0,-40000,0,0,0,0,40000,-40000,-40000
055274,華泰元大97購02  ,0,0,0,0,0,0,0,0,0,-40000,0,0,0,30000,70000,-40000,-40000
055188,亞翔統一97購01  ,0,0,0,0,0,0,0,0,0,-40000,0,0,0,0,40000,-40000,-40000
055111,宏盛凱基97購01  ,0,0,0,0,0,0,0,0,0,-40000,0,0,0,0,40000,-40000,-40000
055116,康控凱基98購01  ,0,0,0,0,0,0,0,0,0,-40000,0,0,0,0,40000,-40000,-40000
054976,上証2X元富9A購01,0,0,0,0,0,0,0,0,0,-40000,0,0,0,0,40000,-40000,-40000
057899,台積電永豐98購04,0,0,0,0,0,0,0,0,0,-40000,0,0,0,0,40000,-40000,-40000
057941,聯電國票99購01  ,0,0,0,0,0,0,0,0,0,-40000,0,0,0,10000,50000,-40000,-40000
058138,晶相光元大9C購01,0,0,0,0,0,0,0,0,0,-40000,0,0,0,35000,75000,-40000,-40000
056730,元油2X凱基9A購04,0,0,0,0,0,0,0,0,0,-41000,0,0,0,0,41000,-41000,-41000
057203,麗豐元富98購02  ,0,0,0,0,0,0,0,0,0,-41000,0,0,0,10000,51000,-41000,-41000
057303,喬山兆豐99購01  ,0,0,0,0,0,0,0,0,0,-41000,0,0,0,110000,151000,-41000,-41000
056285,可成永豐97購02  ,0,0,0,0,0,0,0,0,0,-41000,0,0,0,68000,109000,-41000,-41000
055703,緯穎富邦98購01  ,0,0,0,0,0,0,0,0,0,-41000,0,0,0,45000,86000,-41000,-41000
055591,全新元大98購01  ,0,0,0,0,0,0,0,0,0,-41000,0,0,0,28000,69000,-41000,-41000
055479,GIS凱基97購04   ,0,0,0,0,0,0,0,0,0,-41000,0,0,0,0,41000,-41000,-41000
04908P,南電國票95售03  ,0,0,0,0,0,0,0,0,0,-41000,0,0,0,4000,45000,-41000,-41000
00866,新光Shiller CAPE,0,0,0,0,0,0,0,0,0,-41000,0,0,0,8000,49000,-41000,-41000
044302,智邦兆豐93購02  ,0,0,0,0,0,0,0,0,0,-41000,0,0,0,0,41000,-41000,-41000
048994,南電元大94購03  ,0,0,0,0,0,0,0,0,0,-41000,0,0,0,0,41000,-41000,-41000
049935,南電元大94購08  ,0,0,0,0,0,0,0,0,0,-41000,0,0,0,13000,54000,-41000,-41000
051490,世芯凱基96購01  ,0,0,0,0,0,0,0,0,0,-41000,0,0,0,68000,109000,-41000,-41000
052836,旺宏國泰98購01  ,0,0,0,0,0,0,0,0,0,-41000,0,0,0,48000,89000,-41000,-41000
050093,國巨永豐94購05  ,0,0,0,0,0,0,0,0,0,-41000,0,0,0,127000,168000,-41000,-41000
049804,華固元大94購01  ,0,0,0,0,0,0,0,0,0,-41000,0,0,0,64000,105000,-41000,-41000
055217,緯創凱基97購02  ,0,0,0,0,0,0,0,0,0,-41000,0,0,0,109000,150000,-41000,-41000
054673,京鼎國泰98購01  ,0,0,0,0,0,0,0,0,0,-41000,0,0,0,0,41000,-41000,-41000
053836,亞光永豐96購02  ,0,0,0,0,0,0,0,0,0,-41000,0,0,0,0,41000,-41000,-41000
054154,智易國泰97購01  ,0,0,0,0,0,0,0,0,0,-41000,0,0,0,0,41000,-41000,-41000
054199,大立光永昌96購07,0,0,0,0,0,0,0,0,0,-41000,0,0,0,70000,111000,-41000,-41000
054020,技嘉台新97購01  ,0,0,0,0,0,0,0,0,0,-41000,0,0,0,0,41000,-41000,-41000
053979,健策元大98購01  ,0,0,0,0,0,0,0,0,0,-41000,0,0,0,47000,88000,-41000,-41000
057939,鈺齊群益98購02  ,0,0,0,0,0,0,0,0,0,-41000,0,0,0,0,41000,-41000,-41000
05866P,致伸元大96售01  ,1000,0,1000,0,0,0,0,0,0,-42000,0,0,0,70000,112000,-42000,-41000
055585,國巨元大98購08  ,0,0,0,0,0,0,0,0,0,-42000,0,0,0,71000,113000,-42000,-42000
055878,泰碩元富97購02  ,0,0,0,0,0,0,0,0,0,-42000,0,0,0,0,42000,-42000,-42000
056061,國泰金元大97購02,0,0,0,0,0,0,0,0,0,-42000,0,0,0,0,42000,-42000,-42000
055993,致茂國泰99購01  ,0,0,0,0,0,0,0,0,0,-42000,0,0,0,35000,77000,-42000,-42000
056405,聯茂群益98購01  ,0,0,0,0,0,0,0,0,0,-42000,0,0,0,42000,84000,-42000,-42000
056485,同欣電元大98購01,0,0,0,0,0,0,0,0,0,-42000,0,0,0,96000,138000,-42000,-42000
056453,禾伸堂凱基99購02,0,0,0,0,0,0,0,0,0,-42000,0,0,0,20000,62000,-42000,-42000
056544,貿聯凱基98購03  ,0,0,0,0,0,0,0,0,0,-42000,0,0,0,0,42000,-42000,-42000
056538,國泰金凱基98購01,0,0,0,0,0,0,0,0,0,-42000,0,0,0,0,42000,-42000,-42000
057663,國巨元大99購08  ,0,0,0,0,0,0,0,0,0,-42000,0,0,0,36000,78000,-42000,-42000
057013,聯發科麥證98購01,0,0,0,30000,72000,-42000,0,0,0,-42000,0,0,0,30000,72000,-42000,-42000
056860,正崴群益98購01  ,0,0,0,0,0,0,0,0,0,-42000,0,0,0,0,42000,-42000,-42000
044016,義隆凱基93購01  ,0,0,0,0,0,0,0,0,0,-42000,0,0,0,30000,72000,-42000,-42000
047097,旺宏國泰94購03  ,0,0,0,0,0,0,0,0,0,-42000,0,0,0,45000,87000,-42000,-42000
051879,健策台新96購01  ,0,0,0,0,0,0,0,0,0,-42000,0,0,0,25000,67000,-42000,-42000
048334,A50正2元大96購01,0,0,0,0,0,0,0,0,0,-42000,0,0,0,10000,52000,-42000,-42000
048576,義隆國泰95購01  ,0,0,0,0,0,0,0,0,0,-42000,0,0,0,100000,142000,-42000,-42000
049353,茂林永豐94購03  ,0,0,0,0,0,0,0,0,0,-42000,0,0,0,0,42000,-42000,-42000
05238P,禾伸堂永豐95售01,0,0,0,0,0,0,0,0,0,-42000,0,0,0,28000,70000,-42000,-42000
052402,健策凱基97購01  ,0,0,0,0,0,0,0,0,0,-42000,0,0,0,200000,242000,-42000,-42000
049718,南亞科凱基94購04,0,0,0,0,0,0,0,0,0,-42000,0,0,0,0,42000,-42000,-42000
052428,嘉晶永豐95購01  ,0,0,0,0,0,0,0,0,0,-42000,0,0,0,0,42000,-42000,-42000
050902,南電元大96購01  ,0,0,0,0,0,0,0,0,0,-42000,0,0,0,37000,79000,-42000,-42000
051224,華通群益96購03  ,0,0,0,0,0,0,0,0,0,-42000,0,0,0,110000,152000,-42000,-42000
054034,景碩中信96購01  ,0,0,0,0,0,0,0,0,0,-42000,0,0,0,0,42000,-42000,-42000
054051,貿聯元大97購03  ,0,0,0,0,0,0,0,0,0,-42000,0,0,0,67000,109000,-42000,-42000
053973,晶豪科元大96購01,0,0,0,0,0,0,0,0,0,-42000,0,0,0,68000,110000,-42000,-42000
053658,亞光凱基96購01  ,0,0,0,0,0,0,0,0,0,-42000,0,0,0,0,42000,-42000,-42000
053639,禾伸堂永豐96購01,0,0,0,0,0,0,0,0,0,-42000,0,0,0,50000,92000,-42000,-42000
053493,智邦兆豐97購02  ,0,0,0,0,0,0,0,0,0,-42000,0,0,0,15000,57000,-42000,-42000
054767,日電貿國票98購01,0,0,0,0,0,0,0,0,0,-42000,0,0,0,48000,90000,-42000,-42000
054846,瑞昱兆豐97購01  ,0,0,0,0,0,0,0,0,0,-42000,0,0,0,10000,52000,-42000,-42000
06127P,泰碩元富97售01  ,0,0,0,0,0,0,0,0,0,-42000,0,0,0,319000,361000,-42000,-42000
058187,泰碩永豐99購01  ,0,0,0,0,0,0,0,0,0,-42000,0,0,0,0,42000,-42000,-42000
06803P,臺股指群益98售09,0,0,0,0,0,0,0,0,0,-42000,0,0,0,0,42000,-42000,-42000
06261P,上銀凱基97售03  ,0,0,0,0,0,0,0,0,0,-42000,0,0,0,0,42000,-42000,-42000
057123,上銀凱基98購05  ,0,0,0,0,0,0,0,0,0,-43000,0,0,0,30000,73000,-43000,-43000
056694,欣興群益98購04  ,0,0,0,0,0,0,0,0,0,-43000,0,0,0,29000,72000,-43000,-43000
056421,鴻海統一98購08  ,0,0,0,0,0,0,0,0,0,-43000,0,0,0,0,43000,-43000,-43000
051910,大立光元大97購01,0,0,0,0,0,0,0,0,0,-43000,0,0,0,20000,63000,-43000,-43000
051739,奇力新國票97購01,0,0,0,0,0,0,0,0,0,-43000,0,0,0,0,43000,-43000,-43000
047809,瑞昱凱基93購08  ,0,0,0,0,0,0,0,0,0,-43000,0,0,0,20000,63000,-43000,-43000
045630,技嘉凱基93購02  ,0,0,0,0,0,0,0,0,0,-43000,0,0,0,15000,58000,-43000,-43000
051324,康友國票96購01  ,0,0,0,0,0,0,0,0,0,-43000,0,0,0,0,43000,-43000,-43000
051483,玉晶光凱基96購02,0,0,0,0,0,0,0,0,0,-43000,0,0,0,165000,208000,-43000,-43000
050952,健策群益96購01  ,0,0,0,0,0,0,0,0,0,-43000,0,0,0,11000,54000,-43000,-43000
050422,鴻海凱基96購01  ,0,0,0,0,0,0,0,0,0,-43000,0,0,0,68000,111000,-43000,-43000
050270,景碩元大94購01  ,0,0,0,0,0,0,0,0,0,-43000,0,0,0,0,43000,-43000,-43000
054517,高鐵元大96購01  ,0,0,0,0,0,0,0,0,0,-43000,0,0,0,0,43000,-43000,-43000
055177,宏達電統一99購01,0,0,0,0,0,0,0,0,0,-43000,0,0,0,108000,151000,-43000,-43000
055167,友訊統一97購01  ,0,0,0,0,0,0,0,0,0,-43000,0,0,0,20000,63000,-43000,-43000
053229,南電台新97購01  ,0,0,0,0,0,0,0,0,0,-43000,0,0,0,91000,134000,-43000,-43000
053292,美律中信98購01  ,0,0,0,0,0,0,0,0,0,-43000,0,0,0,5000,48000,-43000,-43000
053656,可成凱基96購06  ,0,0,0,0,0,0,0,0,0,-43000,0,0,0,32000,75000,-43000,-43000
054011,旺宏永豐96購05  ,0,0,0,0,0,0,0,0,0,-43000,0,0,0,0,43000,-43000,-43000
2527,宏璟            ,8000,54000,-46000,0,0,0,0,0,0,3000,3000,0,3000,0,0,0,-43000
056241,緯創群益97購01  ,0,0,0,0,0,0,0,0,0,-44000,0,0,0,0,44000,-44000,-44000
056672,元油2X元富98購10,0,0,0,0,0,0,0,0,0,-44000,0,0,0,393000,437000,-44000,-44000
056622,高鐵永豐98購01  ,0,0,0,0,0,0,0,0,0,-44000,0,0,0,0,44000,-44000,-44000
056115,奇力新群益97購06,0,0,0,0,0,0,0,0,0,-44000,0,0,0,33000,77000,-44000,-44000
055872,亞泥元富97購01  ,0,0,0,0,0,0,0,0,0,-44000,0,0,0,100000,144000,-44000,-44000
055805,矽力永豐97購01  ,0,0,0,0,0,0,0,0,0,-44000,0,0,0,83000,127000,-44000,-44000
055538,鴻海日盛97購04  ,0,0,0,0,0,0,0,0,0,-44000,0,0,0,412000,456000,-44000,-44000
057128,台光電凱基98購03,0,0,0,0,0,0,0,0,0,-44000,0,0,0,0,44000,-44000,-44000
057176,全新元大99購02  ,0,0,0,0,0,0,0,0,0,-44000,0,0,0,15000,59000,-44000,-44000
056751,和大兆豐98購01  ,0,0,0,0,0,0,0,0,0,-44000,0,0,0,33000,77000,-44000,-44000
057824,日月光元大98購01,0,0,0,0,0,0,0,0,0,-44000,0,0,0,60000,104000,-44000,-44000
044126,奇力新凱基93購01,0,0,0,0,0,0,0,0,0,-44000,0,0,0,0,44000,-44000,-44000
048159,聯詠兆豐93購03  ,0,0,0,0,0,0,0,0,0,-44000,0,0,0,0,44000,-44000,-44000
048161,旺宏麥證94購01  ,0,0,0,10000,54000,-44000,0,0,0,-44000,0,0,0,10000,54000,-44000,-44000
048010,嘉聯益富邦97購01,0,0,0,0,0,0,0,0,0,-44000,0,0,0,60000,104000,-44000,-44000
047469,華通中信93購01  ,0,0,0,0,0,0,0,0,0,-44000,0,0,0,6000,50000,-44000,-44000
050251,樺漢凱基94購02  ,0,0,0,0,0,0,0,0,0,-44000,0,0,0,0,44000,-44000,-44000
049310,台積電凱基94購15,0,0,0,0,0,0,0,0,0,-44000,0,0,0,20000,64000,-44000,-44000
052097,GIS元大95購05   ,0,0,0,0,0,0,0,0,0,-44000,0,0,0,3000,47000,-44000,-44000
052353,高鐵群益97購01  ,0,0,0,0,0,0,0,0,0,-44000,0,0,0,0,44000,-44000,-44000
051040,漢唐永豐95購01  ,0,0,0,0,0,0,0,0,0,-44000,0,0,0,0,44000,-44000,-44000
052757,華邦電群益96購01,0,0,0,0,0,0,0,0,0,-44000,0,0,0,5000,49000,-44000,-44000
052279,旺宏凱基95購07  ,0,0,0,0,0,0,0,0,0,-44000,0,0,0,20000,64000,-44000,-44000
050815,南亞科凱基95購01,0,0,0,0,0,0,0,0,0,-44000,0,0,0,20000,64000,-44000,-44000
051115,華通麥證96購01  ,0,0,0,4000,48000,-44000,0,0,0,-44000,0,0,0,4000,48000,-44000,-44000
05362P,可成富邦97售02  ,0,0,0,0,0,0,0,0,0,-44000,0,0,0,6000,50000,-44000,-44000
053725,晶相光凱基96購01,0,0,0,0,0,0,0,0,0,-44000,0,0,0,6000,50000,-44000,-44000
053288,臺股指元大96購16,0,0,0,0,0,0,0,0,0,-44000,0,0,0,0,44000,-44000,-44000
053239,崇越永豐96購01  ,0,0,0,0,0,0,0,0,0,-44000,0,0,0,68000,112000,-44000,-44000
05315P,鴻海永昌96售08  ,0,0,0,0,0,0,0,0,0,-44000,0,0,0,53000,97000,-44000,-44000
055107,旺宏凱基98購04  ,0,0,0,0,0,0,0,0,0,-44000,0,0,0,15000,59000,-44000,-44000
054962,玉晶光元大99購02,0,0,0,0,0,0,0,0,0,-44000,0,0,0,1000,45000,-44000,-44000
055273,華泰元大97購01  ,0,0,0,0,0,0,0,0,0,-44000,0,0,0,0,44000,-44000,-44000
054455,楠梓電群益98購02,0,0,0,0,0,0,0,0,0,-44000,0,0,0,80000,124000,-44000,-44000
054259,健策元大97購03  ,0,0,0,0,0,0,0,0,0,-44000,0,0,0,85000,129000,-44000,-44000
057922,華新科凱基99購01,0,0,0,0,0,0,0,0,0,-44000,0,0,0,30000,74000,-44000,-44000
05903P,聯發科統一96售09,0,0,0,0,0,0,0,0,0,-44000,0,0,0,0,44000,-44000,-44000
05915P,聯發科元大96售19,0,0,0,0,0,0,0,0,0,-44000,0,0,0,0,44000,-44000,-44000
06007P,世芯永豐96售01  ,0,0,0,0,0,0,0,0,0,-44000,0,0,0,30000,74000,-44000,-44000
056761,元油2X元大98購07,0,0,0,0,0,0,0,0,0,-45000,0,0,0,40000,85000,-45000,-45000
057145,上銀國票98購03  ,0,0,0,0,0,0,0,0,0,-45000,0,0,0,0,45000,-45000,-45000
057101,新光金中信9A購01,0,0,0,0,0,0,0,0,0,-45000,0,0,0,0,45000,-45000,-45000
055684,京鼎凱基97購01  ,0,0,0,0,0,0,0,0,0,-45000,0,0,0,1000,46000,-45000,-45000
055915,大立光凱基98購07,0,0,0,0,0,0,0,0,0,-45000,0,0,0,5000,50000,-45000,-45000
056281,深中小永豐97購01,0,0,0,0,0,0,0,0,0,-45000,0,0,0,0,45000,-45000,-45000
046878,康友國泰94購01  ,0,0,0,0,0,0,0,0,0,-45000,0,0,0,0,45000,-45000,-45000
047992,東陽元大96購01  ,0,0,0,0,0,0,0,0,0,-45000,0,0,0,0,45000,-45000,-45000
047917,台積電凱基94購01,0,0,0,0,0,0,0,0,0,-45000,0,0,0,15000,60000,-45000,-45000
051615,華通凱基96購01  ,0,0,0,0,0,0,0,0,0,-45000,0,0,0,10000,55000,-45000,-45000
045768,大立光元富95購02,0,0,0,0,0,0,0,0,0,-45000,0,0,0,10000,55000,-45000,-45000
045208,力成國泰94購01  ,0,0,0,0,0,0,0,0,0,-45000,0,0,0,0,45000,-45000,-45000
047557,麗豐凱基94購02  ,0,0,0,0,0,0,0,0,0,-45000,0,0,0,0,45000,-45000,-45000
048863,超眾群益94購01  ,0,0,0,0,0,0,0,0,0,-45000,0,0,0,0,45000,-45000,-45000
04322P,可成元大94售01  ,0,0,0,0,0,0,0,0,0,-45000,0,0,0,50000,95000,-45000,-45000
050992,台積電元大97購01,0,0,0,0,0,0,0,0,0,-45000,0,0,0,31000,76000,-45000,-45000
050550,大立光凱基95購04,0,0,0,0,0,0,0,0,0,-45000,0,0,0,0,45000,-45000,-45000
051854,鴻海麥證95購04  ,0,0,0,0,45000,-45000,0,0,0,-45000,0,0,0,0,45000,-45000,-45000
052149,電子類群益95購01,0,0,0,0,0,0,0,0,0,-45000,0,0,0,15000,60000,-45000,-45000
049706,世紀鋼元大95購02,0,0,0,0,0,0,0,0,0,-45000,0,0,0,70000,115000,-45000,-45000
054390,智邦元富96購03  ,0,0,0,0,0,0,0,0,0,-45000,0,0,0,0,45000,-45000,-45000
054527,國巨統一97購03  ,0,0,0,0,0,0,0,0,0,-45000,0,0,0,20000,65000,-45000,-45000
055011,元翎元富97購01  ,0,0,0,0,0,0,0,0,0,-45000,0,0,0,5000,50000,-45000,-45000
055152,旺宏元大98購04  ,0,0,0,0,0,0,0,0,0,-45000,0,0,0,181000,226000,-45000,-45000
053034,上海銀兆豐96購01,0,0,0,0,0,0,0,0,0,-45000,0,0,0,0,45000,-45000,-45000
053483,嘉澤第一96購01  ,0,0,0,0,0,0,0,0,0,-45000,0,0,0,0,45000,-45000,-45000
05956P,漢唐國票96售02  ,0,0,0,0,0,0,0,0,0,-45000,0,0,0,10000,55000,-45000,-45000
057912,美律日盛99購01  ,0,0,0,0,0,0,0,0,0,-45000,0,0,0,5000,50000,-45000,-45000
057984,聯發科台新98購01,0,0,0,0,0,0,0,0,0,-45000,0,0,0,10000,55000,-45000,-45000
05800P,台積電兆豐96售04,0,0,0,0,0,0,0,0,0,-45000,0,0,0,6000,51000,-45000,-45000
058185,國巨永豐99購01  ,0,0,0,0,0,0,0,0,0,-45000,0,0,0,0,45000,-45000,-45000
06244P,智易元富97售02  ,0,0,0,0,0,0,0,0,0,-45000,0,0,0,15000,60000,-45000,-45000
06554P,臺股指元大99售06,0,0,0,0,0,0,0,0,0,-45000,0,0,0,0,45000,-45000,-45000
2010,春源            ,22000,68000,-46000,0,0,0,0,0,0,1000,1000,0,1000,0,0,0,-45000
1232,大統益          ,8000,57000,-49000,0,0,0,0,0,0,4000,4000,0,4000,0,0,0,-45000
056553,啟碁凱基98購02  ,0,0,0,0,0,0,0,0,0,-46000,0,0,0,20000,66000,-46000,-46000
056564,亞光群益98購02  ,0,0,0,0,0,0,0,0,0,-46000,0,0,0,0,46000,-46000,-46000
056100,楠梓電永豐97購02,0,0,0,0,0,0,0,0,0,-46000,0,0,0,5000,51000,-46000,-46000
057160,佐登永豐98購02  ,0,0,0,0,0,0,0,0,0,-46000,0,0,0,20000,66000,-46000,-46000
056721,台灣50永昌9A購01,0,0,0,0,0,0,0,0,0,-46000,0,0,0,30000,76000,-46000,-46000
05696P,南亞科凱基96售01,0,0,0,0,0,0,0,0,0,-46000,0,0,0,0,46000,-46000,-46000
057684,聯茂日盛99購01  ,0,0,0,0,0,0,0,0,0,-46000,0,0,0,69000,115000,-46000,-46000
048373,A50正2元富95購01,0,0,0,0,0,0,0,0,0,-46000,0,0,0,0,46000,-46000,-46000
047714,禾伸堂凱基93購03,0,0,0,0,0,0,0,0,0,-46000,0,0,0,0,46000,-46000,-46000
050521,聯發科元大94購15,0,0,0,0,0,0,0,0,0,-46000,0,0,0,244000,290000,-46000,-46000
049724,南電第一94購01  ,0,0,0,0,0,0,0,0,0,-46000,0,0,0,0,46000,-46000,-46000
052796,和碩兆豐96購01  ,0,0,0,0,0,0,0,0,0,-46000,0,0,0,110000,156000,-46000,-46000
052677,景碩富邦97購01  ,0,0,0,0,0,0,0,0,0,-46000,0,0,0,96000,142000,-46000,-46000
053024,國巨富邦97購02  ,0,0,0,0,0,0,0,0,0,-46000,0,0,0,64000,110000,-46000,-46000
053662,矽力凱基97購01  ,0,0,0,0,0,0,0,0,0,-46000,0,0,0,10000,56000,-46000,-46000
054106,元油反凱基9C購01,0,0,0,0,0,0,0,0,0,-46000,0,0,0,14000,60000,-46000,-46000
055239,帆宣台新97購01  ,0,0,0,0,0,0,0,0,0,-46000,0,0,0,35000,81000,-46000,-46000
054280,牧德群益98購01  ,0,0,0,0,0,0,0,0,0,-46000,0,0,0,23000,69000,-46000,-46000
054354,技嘉富邦97購01  ,0,0,0,0,0,0,0,0,0,-46000,0,0,0,10000,56000,-46000,-46000
06272P,台郡凱基97售04  ,0,0,0,0,0,0,0,0,0,-46000,0,0,0,0,46000,-46000,-46000
057785,智邦國票99購02  ,0,0,0,0,0,0,0,0,0,-47000,0,0,0,13000,60000,-47000,-47000
057418,台光電凱基98購04,0,0,0,0,0,0,0,0,0,-47000,0,0,0,20000,67000,-47000,-47000
056875,亞光凱基98購03  ,0,0,0,0,0,0,0,0,0,-47000,0,0,0,0,47000,-47000,-47000
057231,美律凱基98購05  ,0,0,0,0,0,0,0,0,0,-47000,0,0,0,13000,60000,-47000,-47000
057084,立積統一9B購01  ,0,0,0,0,0,0,0,0,0,-47000,0,0,0,28000,75000,-47000,-47000
056160,智易凱基97購03  ,0,0,0,0,0,0,0,0,0,-47000,0,0,0,0,47000,-47000,-47000
056177,嘉澤元富97購01  ,0,0,0,0,0,0,0,0,0,-47000,0,0,0,0,47000,-47000,-47000
047410,上銀元富96購01  ,0,0,0,0,0,0,0,0,0,-47000,0,0,0,0,47000,-47000,-47000
047405,香港2X統一96購01,0,0,0,0,0,0,0,0,0,-47000,0,0,0,48000,95000,-47000,-47000
047145,鴻海群益95購01  ,0,0,0,0,0,0,0,0,0,-47000,0,0,0,32000,79000,-47000,-47000
051486,玉晶光凱基97購03,0,0,0,0,0,0,0,0,0,-47000,0,0,0,5000,52000,-47000,-47000
049432,聯詠國票95購01  ,0,0,0,0,0,0,0,0,0,-47000,0,0,0,10000,57000,-47000,-47000
049619,宏達電群益95購02,0,0,0,0,0,0,0,0,0,-47000,0,0,0,3000,50000,-47000,-47000
049159,同欣電中信96購01,0,0,0,0,0,0,0,0,0,-47000,0,0,0,171000,218000,-47000,-47000
052253,康控永豐95購04  ,0,0,0,0,0,0,0,0,0,-47000,0,0,0,0,47000,-47000,-47000
054436,高鐵台新97購02  ,0,0,0,0,0,0,0,0,0,-47000,0,0,0,0,47000,-47000,-47000
054808,東元元大9A購01  ,0,0,0,0,0,0,0,0,0,-47000,0,0,0,0,47000,-47000,-47000
054586,健鼎國泰99購01  ,0,0,0,0,0,0,0,0,0,-47000,0,0,0,43000,90000,-47000,-47000
053105,鴻海兆豐97購01  ,0,0,0,0,0,0,0,0,0,-47000,0,0,0,0,47000,-47000,-47000
06385P,聯發科永豐97售02,0,0,0,0,0,0,0,0,0,-47000,0,0,0,73000,120000,-47000,-47000
06099P,鴻海日盛97售03  ,0,0,0,0,0,0,0,0,0,-47000,0,0,0,48000,95000,-47000,-47000
056668,光磊國票99購01  ,0,0,0,0,0,0,0,0,0,-48000,0,0,0,10000,58000,-48000,-48000
055548,旺宏凱基97購02  ,0,0,0,0,0,0,0,0,0,-48000,0,0,0,20000,68000,-48000,-48000
057011,日月光中信99購01,0,0,0,0,0,0,0,0,0,-48000,0,0,0,0,48000,-48000,-48000
05727P,新光金日盛96售02,0,0,0,0,0,0,0,0,0,-48000,0,0,0,8000,56000,-48000,-48000
056970,TPK永豐98購01   ,0,0,0,0,0,0,0,0,0,-48000,0,0,0,68000,116000,-48000,-48000
049117,矽格統一96購01  ,0,0,0,0,0,0,0,0,0,-48000,0,0,0,0,48000,-48000,-48000
048453,嘉澤凱基93購05  ,0,0,0,0,0,0,0,0,0,-48000,0,0,0,0,48000,-48000,-48000
051645,光寶科永豐95購01,0,0,0,0,0,0,0,0,0,-48000,0,0,0,2000,50000,-48000,-48000
051731,聯電國票96購02  ,0,0,0,0,0,0,0,0,0,-48000,0,0,0,0,48000,-48000,-48000
051559,宏達電國泰96購01,0,0,0,0,0,0,0,0,0,-48000,0,0,0,63000,111000,-48000,-48000
048850,聯電群益96購01  ,0,0,0,0,0,0,0,0,0,-48000,0,0,0,12000,60000,-48000,-48000
043442,大立光台新01購01,0,0,0,0,0,0,0,0,0,-48000,0,0,0,3000,51000,-48000,-48000
048923,國巨永豐94購02  ,0,0,0,0,0,0,0,0,0,-48000,0,0,0,15000,63000,-48000,-48000
052221,東元凱基95購01  ,0,0,0,0,0,0,0,0,0,-48000,0,0,0,0,48000,-48000,-48000
052070,GIS兆豐95購03   ,0,0,0,0,0,0,0,0,0,-48000,0,0,0,0,48000,-48000,-48000
051286,國巨統一97購01  ,0,0,0,0,0,0,0,0,0,-48000,0,0,0,10000,58000,-48000,-48000
052818,智邦永豐96購01  ,0,0,0,0,0,0,0,0,0,-48000,0,0,0,10000,58000,-48000,-48000
052847,漢唐統一99購01  ,0,0,0,0,0,0,0,0,0,-48000,0,0,0,0,48000,-48000,-48000
052887,華通中信96購01  ,0,0,0,0,0,0,0,0,0,-48000,0,0,0,0,48000,-48000,-48000
053490,為升兆豐97購01  ,0,0,0,0,0,0,0,0,0,-48000,0,0,0,0,48000,-48000,-48000
053998,泰鼎群益98購01  ,0,0,0,0,0,0,0,0,0,-48000,0,0,0,83000,131000,-48000,-48000
053668,鴻海統一97購01  ,0,0,0,0,0,0,0,0,0,-48000,0,0,0,0,48000,-48000,-48000
054635,台達電中信98購01,0,0,0,0,0,0,0,0,0,-48000,0,0,0,0,48000,-48000,-48000
054753,復盛凱基98購01  ,0,0,0,0,0,0,0,0,0,-48000,0,0,0,32000,80000,-48000,-48000
054437,欣興台新97購02  ,0,0,0,0,0,0,0,0,0,-48000,0,0,0,0,48000,-48000,-48000
054365,遠東新中信96購01,0,0,0,0,0,0,0,0,0,-48000,0,0,0,48000,96000,-48000,-48000
055168,光罩統一98購01  ,0,0,0,0,0,0,0,0,0,-48000,0,0,0,0,48000,-48000,-48000
055078,亞泥中信98購01  ,0,0,0,0,0,0,0,0,0,-48000,0,0,0,48000,96000,-48000,-48000
057930,旺宏群益99購04  ,0,0,0,0,0,0,0,0,0,-48000,0,0,0,2000,50000,-48000,-48000
06877P,台積電兆豐98售04,0,0,0,0,0,0,0,0,0,-48000,0,0,0,187000,235000,-48000,-48000
1437,勤益控          ,29000,77000,-48000,0,0,0,0,0,0,0,0,0,0,0,0,0,-48000
4746,台耀            ,121000,174000,-53000,0,0,0,0,0,0,5000,8000,3000,5000,0,0,0,-48000
055551,致茂凱基98購01  ,0,0,0,0,0,0,0,0,0,-49000,0,0,0,26000,75000,-49000,-49000
055954,南港元大97購02  ,0,0,0,0,0,0,0,0,0,-49000,0,0,0,13000,62000,-49000,-49000
056450,可成凱基98購05  ,0,0,0,0,0,0,0,0,0,-49000,0,0,0,1000,50000,-49000,-49000
04754P,宏達電元富94售02,0,0,0,0,0,0,0,0,0,-49000,0,0,0,60000,109000,-49000,-49000
048873,玉晶光國票95購02,0,0,0,0,0,0,0,0,0,-49000,0,0,0,66000,115000,-49000,-49000
045897,泰鼎元大93購04  ,0,350000,-350000,0,0,0,0,0,0,301000,0,0,0,363000,62000,301000,-49000
051741,可成國票97購01  ,0,0,0,0,0,0,0,0,0,-49000,0,0,0,56000,105000,-49000,-49000
051761,富邦金元大96購01,0,0,0,0,0,0,0,0,0,-49000,0,0,0,68000,117000,-49000,-49000
048698,宏達電國票95購01,0,0,0,0,0,0,0,0,0,-49000,0,0,0,40000,89000,-49000,-49000
048747,華通元富97購01  ,0,0,0,0,0,0,0,0,0,-49000,0,0,0,60000,109000,-49000,-49000
049123,可成元富94購01  ,0,0,0,0,0,0,0,0,0,-49000,0,0,0,0,49000,-49000,-49000
047508,旺宏國票94購01  ,0,0,0,0,0,0,0,0,0,-49000,0,0,0,0,49000,-49000,-49000
050071,明泰凱基94購01  ,0,0,0,0,0,0,0,0,0,-49000,0,0,0,10000,59000,-49000,-49000
050972,台虹永豐95購01  ,0,0,0,0,0,0,0,0,0,-49000,0,0,0,5000,54000,-49000,-49000
051342,光寶科元大95購01,0,0,0,0,0,0,0,0,0,-49000,0,0,0,2000,51000,-49000,-49000
051819,燿華統一96購01  ,0,0,0,0,0,0,0,0,0,-49000,0,0,0,0,49000,-49000,-49000
049788,智伸科兆豐95購01,0,0,0,0,0,0,0,0,0,-49000,0,0,0,1000,50000,-49000,-49000
050344,鴻海元富96購01  ,0,0,0,0,0,0,0,0,0,-49000,0,0,0,10000,59000,-49000,-49000
055264,國巨永豐98購01  ,0,0,0,0,0,0,0,0,0,-49000,0,0,0,68000,117000,-49000,-49000
054191,香港2X中信98購01,0,0,0,0,0,0,0,0,0,-49000,0,0,0,0,49000,-49000,-49000
053059,聯發科永昌99購01,0,0,0,0,0,0,0,0,0,-49000,0,0,0,52000,101000,-49000,-49000
910861,神州-DR         ,0,49000,-49000,0,0,0,0,0,0,0,0,0,0,0,0,0,-49000
058083,聯發科群益98購08,0,0,0,0,0,0,0,0,0,-49000,0,0,0,39000,88000,-49000,-49000
056497,GIS國泰99購01   ,0,0,0,0,0,0,0,0,0,-50000,0,0,0,13000,63000,-50000,-50000
056670,樺漢國票99購01  ,0,0,0,0,0,0,0,0,0,-50000,0,0,0,0,50000,-50000,-50000
056640,元油2X凱基9A購01,0,0,0,0,0,0,0,0,0,-50000,0,0,0,0,50000,-50000,-50000
056238,聯發科群益98購02,0,0,0,0,0,0,0,0,0,-50000,0,0,0,0,50000,-50000,-50000
055944,日月光麥證97購01,0,0,0,0,50000,-50000,0,0,0,-50000,0,0,0,0,50000,-50000,-50000
055857,嘉聯益元大97購04,0,0,0,0,0,0,0,0,0,-50000,0,0,0,0,50000,-50000,-50000
056082,旺宏統一99購02  ,0,0,0,0,0,0,0,0,0,-50000,0,0,0,270000,320000,-50000,-50000
055600,致伸元大97購02  ,0,0,0,0,0,0,0,0,0,-50000,0,0,0,0,50000,-50000,-50000
055646,漢唐元富97購01  ,0,0,0,0,0,0,0,0,0,-50000,0,0,0,10000,60000,-50000,-50000
056941,台郡元富9B購01  ,0,0,0,0,0,0,0,0,0,-50000,0,0,0,19000,69000,-50000,-50000
057271,國巨元大98購17  ,0,0,0,0,0,0,0,0,0,-50000,0,0,0,91000,141000,-50000,-50000
057163,上銀元大98購04  ,0,0,0,0,0,0,0,0,0,-50000,0,0,0,50000,100000,-50000,-50000
057075,嘉聯益永豐98購01,0,0,0,0,0,0,0,0,0,-50000,0,0,0,10000,60000,-50000,-50000
057520,元油2X元大98購15,0,0,0,0,0,0,0,0,0,-50000,0,0,0,0,50000,-50000,-50000
057803,上銀元大98購08  ,0,0,0,0,0,0,0,0,0,-50000,0,0,0,1000,51000,-50000,-50000
057751,神達國票99購02  ,0,0,0,0,0,0,0,0,0,-50000,0,0,0,0,50000,-50000,-50000
057754,臺股指國票98購10,0,0,0,0,0,0,0,0,0,-50000,0,0,0,9000,59000,-50000,-50000
057662,上銀元大9A購01  ,0,0,0,0,0,0,0,0,0,-50000,0,0,0,53000,103000,-50000,-50000
057638,上銀元大99購01  ,0,0,0,0,0,0,0,0,0,-50000,0,0,0,61000,111000,-50000,-50000
047466,新光金國泰95購01,0,0,0,0,0,0,0,0,0,-50000,0,0,0,0,50000,-50000,-50000
047027,新光金元大95購01,0,0,0,0,0,0,0,0,0,-50000,0,0,0,1000,51000,-50000,-50000
046979,台泥兆豐93購01  ,0,0,0,0,0,0,0,0,0,-50000,0,0,0,0,50000,-50000,-50000
047993,鑽全元大96購01  ,0,0,0,0,0,0,0,0,0,-50000,0,0,0,0,50000,-50000,-50000
048740,富邦金統一94購01,0,0,0,0,0,0,0,0,0,-50000,0,0,0,0,50000,-50000,-50000
048728,台達電麥證94購01,0,0,0,0,50000,-50000,0,0,0,-50000,0,0,0,0,50000,-50000,-50000
048654,滬深2X元富93購05,0,0,0,0,0,0,0,0,0,-50000,0,0,0,0,50000,-50000,-50000
048505,滬深2X群益99購03,0,0,0,0,0,0,0,0,0,-50000,0,0,0,0,50000,-50000,-50000
048341,全新元大94購03  ,0,0,0,0,0,0,0,0,0,-50000,0,0,0,0,50000,-50000,-50000
04826P,華新科麥證95售01,0,0,0,0,50000,-50000,0,0,0,-50000,0,0,0,0,50000,-50000,-50000
048258,國泰金統一93購01,0,0,0,0,0,0,0,0,0,-50000,0,0,0,50000,100000,-50000,-50000
051697,康友中信95購02  ,0,0,0,0,0,0,0,0,0,-50000,0,0,0,0,50000,-50000,-50000
051670,欣興元大95購06  ,0,0,0,0,0,0,0,0,0,-50000,0,0,0,6000,56000,-50000,-50000
051602,南茂兆豐96購01  ,0,0,0,0,0,0,0,0,0,-50000,0,0,0,0,50000,-50000,-50000
051534,景碩國票97購01  ,0,0,0,0,0,0,0,0,0,-50000,0,0,0,0,50000,-50000,-50000
051575,國巨元大96購03  ,0,0,0,0,0,0,0,0,0,-50000,0,0,0,267000,317000,-50000,-50000
051875,聯發科兆豐95購04,0,0,0,0,0,0,0,0,0,-50000,0,0,0,0,50000,-50000,-50000
044693,滬深2X元大94購01,0,0,0,0,0,0,0,0,0,-50000,0,0,0,0,50000,-50000,-50000
04476P,玉晶光元大94售05,0,0,0,0,0,0,0,0,0,-50000,0,0,0,50000,100000,-50000,-50000
046242,大立光中信93購02,0,0,0,0,0,0,0,0,0,-50000,0,0,0,0,50000,-50000,-50000
046202,台表科凱基93購04,0,0,0,0,0,0,0,0,0,-50000,0,0,0,0,50000,-50000,-50000
048890,傳奇元富97購01  ,0,0,0,0,0,0,0,0,0,-50000,0,0,0,0,50000,-50000,-50000
047566,華新科國票94購02,0,0,0,0,0,0,0,0,0,-50000,0,0,0,0,50000,-50000,-50000
041528,國泰金中信93購01,0,0,0,0,0,0,0,0,0,-50000,0,0,0,0,50000,-50000,-50000
04160P,儒鴻中信93售01  ,0,0,0,0,0,0,0,0,0,-50000,0,0,0,0,50000,-50000,-50000
03861P,群創元富99售01  ,0,0,0,0,0,0,0,0,0,-50000,0,0,0,0,50000,-50000,-50000
044216,華新科凱基93購02,0,0,0,0,0,0,0,0,0,-50000,0,0,0,0,50000,-50000,-50000
051785,臻鼎兆豐96購01  ,0,0,0,0,0,0,0,0,0,-50000,0,0,0,26000,76000,-50000,-50000
050388,鴻海統一94購09  ,0,0,0,0,0,0,0,0,0,-50000,0,0,0,0,50000,-50000,-50000
050326,正崴永豐94購03  ,0,0,0,0,0,0,0,0,0,-50000,0,0,0,0,50000,-50000,-50000
050421,鴻海凱基95購04  ,0,0,0,0,0,0,0,0,0,-50000,0,0,0,250000,300000,-50000,-50000
050453,創意元大95購03  ,0,0,0,0,0,0,0,0,0,-50000,0,0,0,0,50000,-50000,-50000
050729,聯鈞國票94購01  ,0,0,0,0,0,0,0,0,0,-50000,0,0,0,0,50000,-50000,-50000
050239,廣達凱基94購01  ,0,0,0,0,0,0,0,0,0,-50000,0,0,0,0,50000,-50000,-50000
050192,康控元大97購01  ,0,0,0,0,0,0,0,0,0,-50000,0,0,0,0,50000,-50000,-50000
050186,京鼎元大94購01  ,0,0,0,0,0,0,0,0,0,-50000,0,0,0,0,50000,-50000,-50000
050616,潤泰全元大94購01,0,0,0,0,0,0,0,0,0,-50000,0,0,0,0,50000,-50000,-50000
04975P,華新科凱基96售02,0,0,0,0,0,0,0,0,0,-50000,0,0,0,0,50000,-50000,-50000
049726,道瓊反中信96購01,0,0,0,0,0,0,0,0,0,-50000,0,0,0,0,50000,-50000,-50000
049425,喬山兆豐95購01  ,0,0,0,0,0,0,0,0,0,-50000,0,0,0,0,50000,-50000,-50000
049398,微星群益94購02  ,0,0,0,0,0,0,0,0,0,-50000,0,0,0,0,50000,-50000,-50000
049457,彩晶統一94購02  ,0,0,0,0,0,0,0,0,0,-50000,0,0,0,0,50000,-50000,-50000
049283,滬深2X中信95購10,0,0,0,0,0,0,0,0,0,-50000,0,0,0,20000,70000,-50000,-50000
049260,華新科元大96購01,0,0,0,0,0,0,0,0,0,-50000,0,0,0,216000,266000,-50000,-50000
049275,臺股指元大94購10,0,0,0,0,0,0,0,0,0,-50000,0,0,0,0,50000,-50000,-50000
049617,光罩群益94購03  ,0,0,0,0,0,0,0,0,0,-50000,0,0,0,0,50000,-50000,-50000
050537,鴻海凱基95購05  ,0,0,0,0,0,0,0,0,0,-50000,0,0,0,0,50000,-50000,-50000
051429,智邦元富95購01  ,0,0,0,0,0,0,0,0,0,-50000,0,0,0,200000,250000,-50000,-50000
052011,欣興中信96購01  ,0,0,0,0,0,0,0,0,0,-50000,0,0,0,0,50000,-50000,-50000
052163,康舒永豐95購02  ,0,0,0,0,0,0,0,0,0,-50000,0,0,0,0,50000,-50000,-50000
052121,全新國票96購03  ,0,0,0,0,0,0,0,0,0,-50000,0,0,0,10000,60000,-50000,-50000
049622,聯詠群益94購02  ,0,0,0,0,0,0,0,0,0,-50000,0,0,0,9000,59000,-50000,-50000
049645,台積電凱基94購22,0,0,0,0,0,0,0,0,0,-50000,0,0,0,0,50000,-50000,-50000
051293,鴻海元富95購05  ,0,0,0,0,0,0,0,0,0,-50000,0,0,0,120000,170000,-50000,-50000
051215,大立光統一95購03,0,0,0,0,0,0,0,0,0,-50000,0,0,0,0,50000,-50000,-50000
051354,聯發科元大95購09,0,0,0,0,0,0,0,0,0,-50000,0,0,0,270000,320000,-50000,-50000
051378,奇力新群益95購01,0,0,0,0,0,0,0,0,0,-50000,0,0,0,20000,70000,-50000,-50000
050918,南亞科日盛95購01,0,0,0,0,0,0,0,0,0,-50000,0,0,0,4000,54000,-50000,-50000
051097,嘉聯益元大96購02,0,0,0,0,0,0,0,0,0,-50000,0,0,0,2000,52000,-50000,-50000
050866,景碩永豐95購01  ,0,0,0,0,0,0,0,0,0,-50000,0,0,0,0,50000,-50000,-50000
050789,矽創國泰96購01  ,0,0,0,0,0,0,0,0,0,-50000,0,0,0,10000,60000,-50000,-50000
050756,京元電元富94購03,0,0,0,0,0,0,0,0,0,-50000,0,0,0,0,50000,-50000,-50000
050962,聯發科永豐95購02,0,0,0,0,0,0,0,0,0,-50000,0,0,0,0,50000,-50000,-50000
052563,京元電日盛96購01,0,0,0,0,0,0,0,0,0,-50000,0,0,0,0,50000,-50000,-50000
052569,聯發科凱基96購08,0,0,0,0,0,0,0,0,0,-50000,0,0,0,0,50000,-50000,-50000
052839,上海銀國泰97購01,0,0,0,0,0,0,0,0,0,-50000,0,0,0,10000,60000,-50000,-50000
052821,晶技永豐96購01  ,0,0,0,0,0,0,0,0,0,-50000,0,0,0,52000,102000,-50000,-50000
05272P,臻鼎中信97售03  ,0,0,0,0,0,0,0,0,0,-50000,0,0,0,30000,80000,-50000,-50000
052452,茂林元大95購03  ,0,0,0,0,0,0,0,0,0,-50000,0,0,0,46000,96000,-50000,-50000
052453,崇越元大95購01  ,0,0,0,0,0,0,0,0,0,-50000,0,0,0,0,50000,-50000,-50000
052466,聯詠統一95購03  ,0,0,0,0,0,0,0,0,0,-50000,0,0,0,0,50000,-50000,-50000
052858,華通凱基97購02  ,0,0,0,0,0,0,0,0,0,-50000,0,0,0,0,50000,-50000,-50000
052899,和大國票97購01  ,0,0,0,0,0,0,0,0,0,-50000,0,0,0,0,50000,-50000,-50000
052964,台表科凱基96購03,0,0,0,0,0,0,0,0,0,-50000,0,0,0,0,50000,-50000,-50000
052944,宏達電國票97購01,0,0,0,0,0,0,0,0,0,-50000,0,0,0,70000,120000,-50000,-50000
053520,康友群益96購01  ,0,0,0,0,0,0,0,0,0,-50000,0,0,0,20000,70000,-50000,-50000
053300,大成鋼凱基96購02,0,0,0,0,0,0,0,0,0,-50000,0,0,0,0,50000,-50000,-50000
054122,康友永豐96購01  ,0,0,0,0,0,0,0,0,0,-50000,0,0,0,4000,54000,-50000,-50000
054080,微星中信98購01  ,0,0,0,0,0,0,0,0,0,-50000,0,0,0,0,50000,-50000,-50000
054077,中石化中信98購01,0,0,0,0,0,0,0,0,0,-50000,0,0,0,0,50000,-50000,-50000
053934,A50正2元富96購02,0,0,0,0,0,0,0,0,0,-50000,0,0,0,0,50000,-50000,-50000
053935,華通元富96購02  ,0,0,0,0,0,0,0,0,0,-50000,0,0,0,0,50000,-50000,-50000
053685,台積電元大96購18,0,0,0,0,0,0,0,0,0,-50000,0,0,0,0,50000,-50000,-50000
053691,聯發科元大96購16,0,0,0,0,0,0,0,0,0,-50000,0,0,0,50000,100000,-50000,-50000
053840,燿華統一96購02  ,0,0,0,0,0,0,0,0,0,-50000,0,0,0,0,50000,-50000,-50000
053816,聯發科群益96購02,0,0,0,0,0,0,0,0,0,-50000,0,0,0,0,50000,-50000,-50000
053824,樺漢群益96購02  ,0,0,0,0,0,0,0,0,0,-50000,0,0,0,10000,60000,-50000,-50000
053855,康友國泰98購01  ,0,0,0,0,0,0,0,0,0,-50000,0,0,0,103000,153000,-50000,-50000
055218,彩晶凱基99購01  ,0,0,0,0,0,0,0,0,0,-50000,0,0,0,5000,55000,-50000,-50000
055196,致新元富97購01  ,0,0,0,0,0,0,0,0,0,-50000,0,0,0,27000,77000,-50000,-50000
055009,合勤控元富97購01,0,0,0,0,0,0,0,0,0,-50000,0,0,0,0,50000,-50000,-50000
054984,華泰元富97購01  ,0,0,0,0,0,0,0,0,0,-50000,0,0,0,40000,90000,-50000,-50000
055038,華航富邦99購01  ,0,0,0,0,0,0,0,0,0,-50000,0,0,0,5000,55000,-50000,-50000
054368,鴻海中信9A購02  ,0,0,0,0,0,0,0,0,0,-50000,0,0,0,0,50000,-50000,-50000
054317,昇陽半凱基98購01,0,0,0,0,0,0,0,0,0,-50000,0,0,0,78000,128000,-50000,-50000
054480,和碩中信98購01  ,0,0,0,0,0,0,0,0,0,-50000,0,0,0,0,50000,-50000,-50000
054486,漢唐台新96購01  ,0,0,0,0,0,0,0,0,0,-50000,0,0,0,0,50000,-50000,-50000
054765,亞光國票98購02  ,0,0,0,0,0,0,0,0,0,-50000,0,0,0,0,50000,-50000,-50000
054841,亞德客兆豐97購01,0,0,0,0,0,0,0,0,0,-50000,0,0,0,10000,60000,-50000,-50000
054824,同欣電元大97購04,0,0,0,0,0,0,0,0,0,-50000,0,0,0,20000,70000,-50000,-50000
054637,智邦中信98購01  ,0,0,0,0,0,0,0,0,0,-50000,0,0,0,20000,70000,-50000,-50000
054638,國泰金中信99購01,0,0,0,0,0,0,0,0,0,-50000,0,0,0,0,50000,-50000,-50000
054649,聯茂群益97購01  ,0,0,0,0,0,0,0,0,0,-50000,0,0,0,52000,102000,-50000,-50000
058087,鴻海元大98購15  ,0,0,0,0,0,0,0,0,0,-50000,0,0,0,53000,103000,-50000,-50000
05835P,臺股指元富96售07,0,0,0,0,0,0,0,0,0,-50000,0,0,0,150000,200000,-50000,-50000
057929,上銀群益98購02  ,0,0,0,0,0,0,0,0,0,-50000,0,0,0,64000,114000,-50000,-50000
05801P,正崴兆豐96售01  ,0,0,0,0,0,0,0,0,0,-50000,0,0,0,0,50000,-50000,-50000
057957,嘉晶元大98購01  ,0,0,0,0,0,0,0,0,0,-50000,0,0,0,20000,70000,-50000,-50000
06525P,上証2X國泰99售01,0,0,0,0,0,0,0,0,0,-50000,0,0,0,178000,228000,-50000,-50000
06454P,緯穎元大98售04  ,0,0,0,0,0,0,0,0,0,-50000,0,0,0,302000,352000,-50000,-50000
06488P,台積電元富98售05,0,0,0,0,0,0,0,0,0,-50000,0,0,0,120000,170000,-50000,-50000
9188,精熙-DR         ,0,50000,-50000,0,0,0,0,0,0,0,0,0,0,0,0,0,-50000
1762,中化生          ,223001,278000,-54999,0,0,0,0,0,0,4000,4000,0,4000,0,0,0,-50999
057441,奇力新統一98購03,0,0,0,0,0,0,0,0,0,-51000,0,0,0,96000,147000,-51000,-51000
057012,康控中信98購01  ,0,0,0,0,0,0,0,0,0,-51000,0,0,0,30000,81000,-51000,-51000
057196,茂林台新98購01  ,0,0,0,0,0,0,0,0,0,-51000,0,0,0,0,51000,-51000,-51000
056830,友達富邦99購01  ,0,0,0,0,0,0,0,0,0,-51000,0,0,0,4000,55000,-51000,-51000
055543,為升凱基97購01  ,0,0,0,0,0,0,0,0,0,-51000,0,0,0,0,51000,-51000,-51000
055798,聯茂富邦98購01  ,0,0,0,0,0,0,0,0,0,-51000,0,0,0,0,51000,-51000,-51000
056159,牧德凱基99購01  ,0,0,0,0,0,0,0,0,0,-51000,0,0,0,0,51000,-51000,-51000
056527,大成鋼凱基98購03,0,0,0,0,0,0,0,0,0,-51000,0,0,0,85000,136000,-51000,-51000
045213,A50正2元大95購01,0,0,0,0,0,0,0,0,0,-51000,0,0,0,0,51000,-51000,-51000
048179,臻鼎富邦97購01  ,0,0,0,0,0,0,0,0,0,-51000,0,0,0,9000,60000,-51000,-51000
050773,京鼎元大94購02  ,0,0,0,0,0,0,0,0,0,-51000,0,0,0,0,51000,-51000,-51000
049825,台積電凱基94購26,0,0,0,0,0,0,0,0,0,-51000,0,0,0,0,51000,-51000,-51000
051119,光寶科群益95購01,0,0,0,0,0,0,0,0,0,-51000,0,0,0,1000,52000,-51000,-51000
051258,鈺齊國泰97購01  ,0,0,0,0,0,0,0,0,0,-51000,0,0,0,50000,101000,-51000,-51000
052103,台積電兆豐95購06,0,0,0,0,0,0,0,0,0,-51000,0,0,0,32000,83000,-51000,-51000
049267,瀚宇博元大95購02,0,0,0,0,0,0,0,0,0,-51000,0,0,0,171000,222000,-51000,-51000
055339,緯穎兆豐98購01  ,0,0,0,0,0,0,0,0,0,-51000,0,0,0,1000,52000,-51000,-51000
055291,京鼎元大97購02  ,0,0,0,0,0,0,0,0,0,-51000,0,0,0,0,51000,-51000,-51000
1527,鑽全            ,190000,255000,-65000,0,0,0,0,0,0,14000,14000,0,14000,0,0,0,-51000
06408P,聯茂元富97售02  ,0,0,0,0,0,0,0,0,0,-51000,0,0,0,5000,56000,-51000,-51000
058152,聯發科統一9B購02,0,0,0,0,0,0,0,0,0,-51000,0,0,0,0,51000,-51000,-51000
06128P,玉晶光元富97售05,0,0,0,0,0,0,0,0,0,-51000,0,0,0,29000,80000,-51000,-51000
056475,宏達電元大99購02,0,0,0,0,0,0,0,0,0,-52000,0,0,0,87000,139000,-52000,-52000
056601,鈺齊元富98購01  ,0,0,0,0,0,0,0,0,0,-52000,0,0,0,16000,68000,-52000,-52000
055931,冠德群益97購02  ,0,0,0,0,0,0,0,0,0,-52000,0,0,0,98000,150000,-52000,-52000
05600P,玉晶光台新96售04,0,0,0,0,0,0,0,0,0,-52000,0,0,0,0,52000,-52000,-52000
057151,易華電國票99購01,0,0,0,0,0,0,0,0,0,-52000,0,0,0,10000,62000,-52000,-52000
057105,致茂群益9A購01  ,0,0,0,0,0,0,0,0,0,-52000,0,0,0,89000,141000,-52000,-52000
04730P,臺股指中信96售02,0,0,0,0,0,0,0,0,0,-52000,0,0,0,131000,183000,-52000,-52000
048150,矽力元富93購01  ,0,0,0,0,0,0,0,0,0,-52000,0,0,0,10000,62000,-52000,-52000
047753,景碩元富93購01  ,0,0,0,0,0,0,0,0,0,-52000,0,0,0,0,52000,-52000,-52000
049022,聯詠群益94購01  ,0,0,0,0,0,0,0,0,0,-52000,0,0,0,0,52000,-52000,-52000
051923,聯發科日盛95購02,0,0,0,0,0,0,0,0,0,-52000,0,0,0,0,52000,-52000,-52000
048248,聯發科兆豐95購01,0,0,0,0,0,0,0,0,0,-52000,0,0,0,1000,53000,-52000,-52000
052194,旺宏元富95購04  ,0,0,0,0,0,0,0,0,0,-52000,0,0,0,0,52000,-52000,-52000
051373,華新亞東95購01  ,0,0,0,0,0,0,0,0,0,-52000,0,0,0,48000,100000,-52000,-52000
052498,台積電永豐95購06,0,0,0,0,0,0,0,0,0,-52000,0,0,0,250000,302000,-52000,-52000
052789,台積電麥證96購01,0,0,0,0,52000,-52000,0,0,0,-52000,0,0,0,0,52000,-52000,-52000
051002,華邦電亞東96購01,0,0,0,0,0,0,0,0,0,-52000,0,0,0,0,52000,-52000,-52000
050982,台積電國泰96購04,0,0,0,0,0,0,0,0,0,-52000,0,0,0,0,52000,-52000,-52000
055376,群創元大01購01  ,0,0,0,0,0,0,0,0,0,-52000,0,0,0,45000,97000,-52000,-52000
05543P,鴻海元富96售04  ,0,0,0,0,0,0,0,0,0,-52000,0,0,0,137000,189000,-52000,-52000
054987,凱美元富97購01  ,0,0,0,0,0,0,0,0,0,-52000,0,0,0,127000,179000,-52000,-52000
055122,國巨兆豐98購01  ,0,0,0,0,0,0,0,0,0,-52000,0,0,0,143000,195000,-52000,-52000
054806,台化元大9A購01  ,0,0,0,0,0,0,0,0,0,-52000,0,0,0,18000,70000,-52000,-52000
053596,嘉澤元大96購01  ,0,0,0,0,0,0,0,0,0,-52000,0,0,0,18000,70000,-52000,-52000
054220,國巨統一97購02  ,0,0,0,0,0,0,0,0,0,-52000,0,0,0,48000,100000,-52000,-52000
053524,聯電中信97購02  ,0,0,0,0,0,0,0,0,0,-52000,0,0,0,0,52000,-52000,-52000
053502,智伸科兆豐97購01,0,0,0,0,0,0,0,0,0,-52000,0,0,0,0,52000,-52000,-52000
058099,鴻海國泰9A購02  ,0,0,0,0,0,0,0,0,0,-52000,0,0,0,0,52000,-52000,-52000
057527,億光元大98購01  ,0,0,0,0,0,0,0,0,0,-53000,0,0,0,133000,186000,-53000,-53000
056608,力山永豐98購01  ,0,0,0,0,0,0,0,0,0,-53000,0,0,0,50000,103000,-53000,-53000
056255,華新科元富97購05,0,0,0,0,0,0,0,0,0,-53000,0,0,0,92000,145000,-53000,-53000
056310,神達元大97購02  ,0,0,0,0,0,0,0,0,0,-53000,0,0,0,101000,154000,-53000,-53000
048810,玉晶光第一94購01,0,0,0,0,0,0,0,0,0,-53000,0,0,0,45000,98000,-53000,-53000
049120,元油2X元富94購05,0,0,0,0,0,0,0,0,0,-53000,0,0,0,7000,60000,-53000,-53000
052434,茂林國泰97購01  ,0,0,0,0,0,0,0,0,0,-53000,0,0,0,54000,107000,-53000,-53000
050923,南亞科凱基95購03,0,0,0,0,0,0,0,0,0,-53000,0,0,0,4000,57000,-53000,-53000
051156,鴻海富邦97購01  ,0,0,0,0,0,0,0,0,0,-53000,0,0,0,0,53000,-53000,-53000
052289,為升元富95購02  ,0,0,0,0,0,0,0,0,0,-53000,0,0,0,130000,183000,-53000,-53000
052213,富邦金元大95購01,0,0,0,0,0,0,0,0,0,-53000,0,0,0,0,53000,-53000,-53000
051435,聯茂元富95購01  ,0,0,0,0,0,0,0,0,0,-53000,0,0,0,17000,70000,-53000,-53000
049288,聯茂兆豐95購02  ,0,0,0,0,0,0,0,0,0,-53000,0,0,0,10000,63000,-53000,-53000
049417,奇力新凱基94購02,0,0,0,0,0,0,0,0,0,-53000,0,0,0,10000,63000,-53000,-53000
049759,元黃金富邦9A購01,0,0,0,0,0,0,0,0,0,-53000,0,0,0,38000,91000,-53000,-53000
050611,鴻海元大95購02  ,0,0,0,0,0,0,0,0,0,-53000,0,0,0,50000,103000,-53000,-53000
050406,台積電台新95購02,0,0,0,0,0,0,0,0,0,-53000,0,0,0,0,53000,-53000,-53000
053101,創意元富96購03  ,0,0,0,0,0,0,0,0,0,-53000,0,0,0,20000,73000,-53000,-53000
054159,T50正2凱基99購01,0,0,0,0,0,0,0,0,0,-53000,0,0,0,151000,204000,-53000,-53000
054175,高鐵台新97購01  ,0,0,0,0,0,0,0,0,0,-53000,0,0,0,0,53000,-53000,-53000
054096,佳世達國票97購01,0,0,0,0,0,0,0,0,0,-53000,0,0,0,0,53000,-53000,-53000
055151,台積電元大98購05,0,0,0,0,0,0,0,0,0,-53000,0,0,0,419000,472000,-53000,-53000
055021,亞德客國泰98購01,0,0,0,0,0,0,0,0,0,-53000,0,0,0,15000,68000,-53000,-53000
054942,凱美元大97購02  ,0,0,0,0,0,0,0,0,0,-53000,0,0,0,109000,162000,-53000,-53000
057885,台光電群益98購04,0,0,0,0,0,0,0,0,0,-53000,0,0,0,35000,88000,-53000,-53000
06075P,智邦凱基97售02  ,0,0,0,0,0,0,0,0,0,-53000,0,0,0,110000,163000,-53000,-53000
9944,新麗            ,81000,133000,-52000,0,0,0,0,0,0,-1000,3000,4000,-1000,0,0,0,-53000
057334,技嘉國票98購02  ,0,0,0,0,0,0,0,0,0,-54000,0,0,0,13000,67000,-54000,-54000
056702,欣興國泰9A購01  ,0,0,0,0,0,0,0,0,0,-54000,0,0,0,48000,102000,-54000,-54000
048061,鴻海統一95購03  ,0,0,0,0,0,0,0,0,0,-54000,0,0,0,74000,128000,-54000,-54000
046961,大立光中信95購02,0,0,0,0,0,0,0,0,0,-54000,0,0,0,2000,56000,-54000,-54000
051657,台郡元富98購01  ,0,0,0,0,0,0,0,0,0,-54000,0,0,0,23000,77000,-54000,-54000
00766L,台新MSCI中國正2 ,0,0,0,0,0,0,0,0,0,-54000,0,0,0,155000,209000,-54000,-54000
00771,元大US高息特別股,0,0,0,0,0,0,0,0,0,-54000,75000,0,75000,147000,276000,-129000,-54000
051452,貿聯元大95購04  ,0,0,0,0,0,0,0,0,0,-54000,0,0,0,0,54000,-54000,-54000
052355,為升永豐95購02  ,0,0,0,0,0,0,0,0,0,-54000,0,0,0,30000,84000,-54000,-54000
04916P,大立光永昌96售02,0,0,0,0,0,0,0,0,0,-54000,0,0,0,120000,174000,-54000,-54000
052709,光寶科日盛96購01,0,0,0,0,0,0,0,0,0,-54000,0,0,0,50000,104000,-54000,-54000
051512,超眾麥證95購01  ,0,0,0,0,54000,-54000,0,0,0,-54000,0,0,0,0,54000,-54000,-54000
053052,旺宏國票97購02  ,0,0,0,0,0,0,0,0,0,-54000,0,0,0,0,54000,-54000,-54000
053067,牧德群益96購01  ,0,0,0,0,0,0,0,0,0,-54000,0,0,0,47000,101000,-54000,-54000
052907,嘉澤國票97購01  ,0,0,0,0,0,0,0,0,0,-54000,0,0,0,26000,80000,-54000,-54000
052888,台表科中信9A購01,0,0,0,0,0,0,0,0,0,-54000,0,0,0,0,54000,-54000,-54000
2908,特力            ,7000,72000,-65000,0,0,0,0,0,0,11000,11000,0,11000,0,0,0,-54000
6409,旭隼            ,63103,114175,-51072,0,0,0,1000,0,1000,-4000,1000,5000,-4000,0,0,0,-54072
056800,臺股指麥證98購01,0,0,0,8000,63000,-55000,0,0,0,-55000,0,0,0,8000,63000,-55000,-55000
057067,元油2X永豐9B購01,0,0,0,0,0,0,0,0,0,-55000,0,0,0,0,55000,-55000,-55000
057224,和碩日盛9A購01  ,0,0,0,0,0,0,0,0,0,-55000,0,0,0,0,55000,-55000,-55000
057254,友達麥證98購01  ,0,0,0,0,55000,-55000,0,0,0,-55000,0,0,0,0,55000,-55000,-55000
057452,新日興元富98購01,0,0,0,0,0,0,0,0,0,-55000,0,0,0,108000,163000,-55000,-55000
055882,嘉聯益元富97購01,0,0,0,0,0,0,0,0,0,-55000,0,0,0,30000,85000,-55000,-55000
045522,滬深2X永豐94購01,0,0,0,0,0,0,0,0,0,-55000,0,0,0,0,55000,-55000,-55000
047687,元金2X富邦96購01,0,0,0,0,0,0,0,0,0,-55000,0,0,0,0,55000,-55000,-55000
047676,臺股指元富99購01,0,0,0,0,0,0,0,0,0,-55000,0,0,0,10000,65000,-55000,-55000
048501,GIS元大94購02   ,0,0,0,0,0,0,0,0,0,-55000,0,0,0,0,55000,-55000,-55000
047137,健策凱基94購01  ,0,0,0,0,0,0,0,0,0,-55000,0,0,0,26000,81000,-55000,-55000
047951,元油反永豐94購01,0,0,0,0,0,0,0,0,0,-55000,0,0,0,0,55000,-55000,-55000
05010P,台郡元富95售01  ,0,0,0,0,0,0,0,0,0,-55000,0,0,0,1000,56000,-55000,-55000
052553,技嘉國票96購01  ,0,0,0,0,0,0,0,0,0,-55000,0,0,0,35000,90000,-55000,-55000
050907,臺股指元大95購14,0,0,0,0,0,0,0,0,0,-55000,0,0,0,5000,60000,-55000,-55000
052217,台光電日盛95購01,0,0,0,0,0,0,0,0,0,-55000,0,0,0,10000,65000,-55000,-55000
052080,康友元富98購02  ,0,0,0,0,0,0,0,0,0,-55000,0,0,0,1000,56000,-55000,-55000
053118,大立光中信9C購01,0,0,0,0,0,0,0,0,0,-55000,0,0,0,0,55000,-55000,-55000
05350P,可成元富98售04  ,0,0,0,0,0,0,0,0,0,-55000,0,0,0,10000,65000,-55000,-55000
053291,旺宏中信9A購01  ,0,0,0,0,0,0,0,0,0,-55000,0,0,0,45000,100000,-55000,-55000
054064,台郡國票97購04  ,0,0,0,0,0,0,0,0,0,-55000,0,0,0,11000,66000,-55000,-55000
054169,上緯控凱基98購01,0,0,0,0,0,0,0,0,0,-55000,0,0,0,5000,60000,-55000,-55000
053728,茂林凱基97購01  ,0,0,0,0,0,0,0,0,0,-55000,0,0,0,0,55000,-55000,-55000
054910,信錦凱基97購01  ,0,0,0,0,0,0,0,0,0,-55000,0,0,0,0,55000,-55000,-55000
055003,群創元富99購05  ,0,0,0,0,0,0,0,0,0,-55000,0,0,0,80000,135000,-55000,-55000
055443,台虹國票98購01  ,0,0,0,0,0,0,0,0,0,-55000,0,0,0,20000,75000,-55000,-55000
054387,台積電統一98購02,0,0,0,0,0,0,0,0,0,-55000,0,0,0,0,55000,-55000,-55000
3673,TPK-KY          ,853000,1017000,-164000,0,0,0,3000,0,3000,106000,52000,2000,50000,63000,7000,56000,-55000
1732,毛寶            ,25000,81000,-56000,0,0,0,0,0,0,1000,1000,0,1000,0,0,0,-55000
08703P,華碩凱基01售02  ,0,0,0,0,0,0,0,0,0,-55000,0,0,0,0,55000,-55000,-55000
06958P,FBVIX凱基9C售02 ,0,0,0,0,0,0,0,0,0,-55000,0,0,0,0,55000,-55000,-55000
06094P,台達電中信97售01,0,0,0,0,0,0,0,0,0,-55000,0,0,0,20000,75000,-55000,-55000
05982P,漢唐國票96售03  ,0,0,0,0,0,0,0,0,0,-55000,0,0,0,10000,65000,-55000,-55000
057924,健策凱基98購02  ,0,0,0,0,0,0,0,0,0,-55000,0,0,0,0,55000,-55000,-55000
06395P,台積電元大97售29,0,0,0,0,0,0,0,0,0,-55000,0,0,0,90000,145000,-55000,-55000
055539,億光台新97購01  ,0,0,0,0,0,0,0,0,0,-56000,0,0,0,0,56000,-56000,-56000
055722,聯鈞元大97購03  ,0,0,0,0,0,0,0,0,0,-56000,0,0,0,129000,185000,-56000,-56000
056200,大毅永豐98購01  ,0,0,0,0,0,0,0,0,0,-56000,0,0,0,273000,329000,-56000,-56000
057543,華通凱基99購02  ,0,0,0,0,0,0,0,0,0,-56000,0,0,0,0,56000,-56000,-56000
057781,國巨國票99購04  ,0,0,0,0,0,0,0,0,0,-56000,0,0,0,41000,97000,-56000,-56000
047982,奇力新群益93購05,0,0,0,0,0,0,0,0,0,-56000,0,0,0,0,56000,-56000,-56000
046600,鴻海群益94購01  ,0,0,0,0,0,0,0,0,0,-56000,0,0,0,49000,105000,-56000,-56000
052170,台積電元大95購20,0,0,0,0,0,0,0,0,0,-56000,0,0,0,20000,76000,-56000,-56000
051409,美律國票96購01  ,0,0,0,0,0,0,0,0,0,-56000,0,0,0,20000,76000,-56000,-56000
049563,華新統一95購01  ,0,0,0,0,0,0,0,0,0,-56000,0,0,0,168000,224000,-56000,-56000
050211,貿聯國票95購01  ,0,0,0,0,0,0,0,0,0,-56000,0,0,0,20000,76000,-56000,-56000
049528,台積電中信94購01,0,0,0,0,0,0,0,0,0,-56000,0,0,0,49000,105000,-56000,-56000
049304,元油2X凱基95購05,0,0,0,0,0,0,0,0,0,-56000,0,0,0,0,56000,-56000,-56000
050030,嘉晶元大94購03  ,0,0,0,0,0,0,0,0,0,-56000,0,0,0,65000,121000,-56000,-56000
052679,致伸富邦98購01  ,0,0,0,0,0,0,0,0,0,-56000,0,0,0,86000,142000,-56000,-56000
054508,臺股指永豐96購04,0,0,0,0,0,0,0,0,0,-56000,0,0,0,144000,200000,-56000,-56000
054548,鴻海凱基98購03  ,0,0,0,0,0,0,0,0,0,-56000,0,0,0,0,56000,-56000,-56000
057537,聯茂元大98購04  ,0,0,0,0,0,0,0,0,0,-57000,0,0,0,0,57000,-57000,-57000
057320,玉晶光凱基98購01,0,0,0,0,0,0,0,0,0,-57000,0,0,0,6000,63000,-57000,-57000
056816,華通永豐98購02  ,0,0,0,0,0,0,0,0,0,-57000,0,0,0,1000,58000,-57000,-57000
056358,友訊元大99購01  ,0,0,0,0,0,0,0,0,0,-57000,0,0,0,43000,100000,-57000,-57000
047151,台積電國票94購02,0,0,0,0,0,0,0,0,0,-57000,0,0,0,115000,172000,-57000,-57000
044604,嘉聯益國泰93購01,0,0,0,0,0,0,0,0,0,-57000,0,0,0,0,57000,-57000,-57000
00665L,富邦恒生國企正2 ,41000,385000,-344000,0,0,0,0,0,0,287000,0,0,0,357000,70000,287000,-57000
052531,台積電國泰96購06,0,0,0,0,0,0,0,0,0,-57000,0,0,0,0,57000,-57000,-57000
052769,達興群益96購01  ,0,0,0,0,0,0,0,0,0,-57000,0,0,0,50000,107000,-57000,-57000
049897,華新科統一94購07,0,0,0,0,0,0,0,0,0,-57000,0,0,0,60000,117000,-57000,-57000
050782,台積電國泰96購03,0,0,0,0,0,0,0,0,0,-57000,0,0,0,30000,87000,-57000,-57000
051856,亞德客凱基95購01,0,0,0,0,0,0,0,0,0,-57000,0,0,0,20000,77000,-57000,-57000
052076,可成元富98購01  ,0,0,0,0,0,0,0,0,0,-57000,0,0,0,20000,77000,-57000,-57000
052197,台郡元富95購03  ,0,0,0,0,0,0,0,0,0,-57000,0,0,0,0,57000,-57000,-57000
049154,玉晶光元大95購02,0,0,0,0,0,0,0,0,0,-57000,0,0,0,21000,78000,-57000,-57000
053322,京鼎群益97購01  ,0,0,0,0,0,0,0,0,0,-57000,0,0,0,7000,64000,-57000,-57000
053356,聯發科統一96購07,0,0,0,0,0,0,0,0,0,-57000,0,0,0,48000,105000,-57000,-57000
06038P,國泰金台新96售01,0,0,0,0,0,0,0,0,0,-57000,0,0,0,3000,60000,-57000,-57000
06891P,緯穎富邦99售03  ,0,0,0,0,0,0,0,0,0,-57000,0,0,0,64000,121000,-57000,-57000
056332,台郡國票99購01  ,0,0,0,0,0,0,0,0,0,-58000,0,0,0,10000,68000,-58000,-58000
056444,南亞科凱基99購01,0,0,0,0,0,0,0,0,0,-58000,0,0,0,20000,78000,-58000,-58000
056513,臻鼎亞東99購01  ,0,0,0,0,0,0,0,0,0,-58000,0,0,0,0,58000,-58000,-58000
056554,GIS凱基99購01   ,0,0,0,0,0,0,0,0,0,-58000,0,0,0,25000,83000,-58000,-58000
056543,京鼎凱基98購01  ,0,0,0,0,0,0,0,0,0,-58000,0,0,0,0,58000,-58000,-58000
055639,上銀元富97購02  ,0,0,0,0,0,0,0,0,0,-58000,0,0,0,101000,159000,-58000,-58000
055473,禾伸堂凱基97購01,0,0,0,0,0,0,0,0,0,-58000,0,0,0,10000,68000,-58000,-58000
055795,茂林國泰98購01  ,0,0,0,0,0,0,0,0,0,-58000,0,0,0,80000,138000,-58000,-58000
056030,華通日盛97購01  ,0,0,0,0,0,0,0,0,0,-58000,0,0,0,0,58000,-58000,-58000
056032,勤誠康和97購03  ,0,0,0,0,0,0,0,0,0,-58000,0,0,0,0,58000,-58000,-58000
056058,建準元大97購02  ,0,0,0,0,0,0,0,0,0,-58000,0,0,0,0,58000,-58000,-58000
057159,晶技永豐98購01  ,0,0,0,0,0,0,0,0,0,-58000,0,0,0,100000,158000,-58000,-58000
057131,奇力新凱基98購05,0,0,0,0,0,0,0,0,0,-58000,0,0,0,0,58000,-58000,-58000
057388,奇鋐永豐98購02  ,0,0,0,0,0,0,0,0,0,-58000,0,0,0,0,58000,-58000,-58000
057397,茂林中信9A購01  ,0,0,0,0,0,0,0,0,0,-58000,0,0,0,24000,82000,-58000,-58000
045504,群創凱基94購01  ,0,0,0,0,0,0,0,0,0,-58000,0,0,0,62000,120000,-58000,-58000
044374,燿華兆豐93購01  ,0,0,0,0,0,0,0,0,0,-58000,0,0,0,10000,68000,-58000,-58000
048465,南電台新93購01  ,0,0,0,0,0,0,0,0,0,-58000,0,0,0,0,58000,-58000,-58000
052010,兆豐金中信95購01,0,0,0,0,0,0,0,0,0,-58000,0,0,0,20000,78000,-58000,-58000
050496,鴻海富邦96購01  ,0,0,0,0,0,0,0,0,0,-58000,0,0,0,0,58000,-58000,-58000
049499,康控元大96購01  ,0,0,0,0,0,0,0,0,0,-58000,0,0,0,15000,73000,-58000,-58000
050590,晶技永豐95購01  ,0,0,0,0,0,0,0,0,0,-58000,0,0,0,134000,192000,-58000,-58000
050594,康友永豐94購01  ,0,0,0,0,0,0,0,0,0,-58000,0,0,0,0,58000,-58000,-58000
049744,亞德客永豐94購01,0,0,0,0,0,0,0,0,0,-58000,0,0,0,0,58000,-58000,-58000
050642,和大凱基94購03  ,0,0,0,0,0,0,0,0,0,-58000,0,0,0,0,58000,-58000,-58000
050869,健策永豐95購01  ,0,0,0,0,0,0,0,0,0,-58000,0,0,0,56000,114000,-58000,-58000
050817,可成凱基95購01  ,0,0,0,0,0,0,0,0,0,-58000,0,0,0,4000,62000,-58000,-58000
051307,康舒凱基95購01  ,0,0,0,0,0,0,0,0,0,-58000,0,0,0,0,58000,-58000,-58000
053454,創意統一96購02  ,0,0,0,0,0,0,0,0,0,-58000,0,0,0,18000,76000,-58000,-58000
053247,麗豐國票97購01  ,0,0,0,0,0,0,0,0,0,-58000,0,0,0,0,58000,-58000,-58000
053838,正文永豐96購02  ,0,0,0,0,0,0,0,0,0,-58000,0,0,0,0,58000,-58000,-58000
053580,國巨元大96購10  ,0,0,0,0,0,0,0,0,0,-58000,0,0,0,196000,254000,-58000,-58000
054246,國巨元大96購12  ,0,0,0,0,0,0,0,0,0,-58000,0,0,0,211000,269000,-58000,-58000
054704,玉晶光第一97購01,0,0,0,0,0,0,0,0,0,-58000,0,0,0,5000,63000,-58000,-58000
1108,幸福            ,26000,86000,-60000,0,0,0,0,0,0,2000,4000,2000,2000,0,0,0,-58000
05930P,景碩康和96售01  ,0,0,0,0,0,0,0,0,0,-58000,0,0,0,23000,81000,-58000,-58000
058079,鴻海群益98購08  ,0,0,0,0,0,0,0,0,0,-58000,0,0,0,136000,194000,-58000,-58000
06507P,台表科國票99售01,0,0,0,0,0,0,0,0,0,-58000,0,0,0,1000,59000,-58000,-58000
06656P,GIS元大98售02   ,0,0,0,0,0,0,0,0,0,-58000,0,0,0,2000,60000,-58000,-58000
06631P,玉晶光群益9A售03,0,0,0,0,0,0,0,0,0,-58000,0,0,0,99000,157000,-58000,-58000
057747,致新永豐98購01  ,0,0,0,0,0,0,0,0,0,-59000,0,0,0,0,59000,-59000,-59000
057842,緯穎富邦99購02  ,0,0,0,0,0,0,0,0,0,-59000,0,0,0,0,59000,-59000,-59000
057071,華擎永豐98購02  ,0,0,0,0,0,0,0,0,0,-59000,0,0,0,326000,385000,-59000,-59000
056738,國巨凱基9A購02  ,0,0,0,0,0,0,0,0,0,-59000,0,0,0,0,59000,-59000,-59000
056507,創意永豐98購02  ,0,0,0,0,0,0,0,0,0,-59000,0,0,0,92000,151000,-59000,-59000
056294,上銀元大97購11  ,0,0,0,0,0,0,0,0,0,-59000,0,0,0,74000,133000,-59000,-59000
051640,GIS國票96購03   ,0,0,0,0,0,0,0,0,0,-59000,0,0,0,0,59000,-59000,-59000
051550,日電貿永豐95購01,0,0,0,0,0,0,0,0,0,-59000,0,0,0,22000,81000,-59000,-59000
047127,臻鼎中信95購01  ,0,0,0,0,0,0,0,0,0,-59000,0,0,0,89000,148000,-59000,-59000
046375,友達凱基98購01  ,0,0,0,0,0,0,0,0,0,-59000,0,0,0,50000,109000,-59000,-59000
051482,玉晶光凱基96購01,0,0,0,0,0,0,0,0,0,-59000,0,0,0,167000,226000,-59000,-59000
052105,南亞科兆豐95購01,0,0,0,0,0,0,0,0,0,-59000,0,0,0,0,59000,-59000,-59000
054400,健策永豐96購02  ,0,0,0,0,0,0,0,0,0,-59000,0,0,0,385000,444000,-59000,-59000
055396,瑞儀統一97購01  ,0,0,0,0,0,0,0,0,0,-59000,0,0,0,0,59000,-59000,-59000
055322,欣興國票97購06  ,0,0,0,0,0,0,0,0,0,-59000,0,0,0,63000,122000,-59000,-59000
055049,智邦永豐97購01  ,0,0,0,0,0,0,0,0,0,-59000,0,0,0,10000,69000,-59000,-59000
053745,康友國票97購01  ,0,0,0,0,0,0,0,0,0,-59000,0,0,0,0,59000,-59000,-59000
05395P,旺宏元大96售06  ,0,0,0,0,0,0,0,0,0,-59000,0,0,0,201000,260000,-59000,-59000
056283,鴻海永豐97購03  ,0,0,0,0,0,0,0,0,0,-60000,0,0,0,30000,90000,-60000,-60000
056316,訊芯元大98購03  ,0,0,0,0,0,0,0,0,0,-60000,0,0,0,90000,150000,-60000,-60000
056254,為升元富97購01  ,0,0,0,0,0,0,0,0,0,-60000,0,0,0,0,60000,-60000,-60000
056128,和大中信99購01  ,0,0,0,0,0,0,0,0,0,-60000,0,0,0,0,60000,-60000,-60000
055991,鈺齊元富97購01  ,0,0,0,0,0,0,0,0,0,-60000,0,0,0,0,60000,-60000,-60000
055796,南電國泰98購01  ,0,0,0,0,0,0,0,0,0,-60000,0,0,0,0,60000,-60000,-60000
055511,大立光兆豐97購02,0,0,0,0,0,0,0,0,0,-60000,0,0,0,0,60000,-60000,-60000
056976,喬山群益98購01  ,0,0,0,0,0,0,0,0,0,-60000,0,0,0,61000,121000,-60000,-60000
057042,台積電元大98購10,0,0,0,0,0,0,0,0,0,-60000,0,0,0,285000,345000,-60000,-60000
057001,華邦電國票99購02,0,0,0,0,0,0,0,0,0,-60000,0,0,0,0,60000,-60000,-60000
057174,南亞科元大98購05,0,0,0,0,0,0,0,0,0,-60000,0,0,0,37000,97000,-60000,-60000
057769,T50反1群益98購02,0,0,0,0,0,0,0,0,0,-60000,0,0,0,0,60000,-60000,-60000
057646,玉山金元大98購01,0,0,0,0,0,0,0,0,0,-60000,0,0,0,0,60000,-60000,-60000
057529,嘉晶元大99購02  ,0,0,0,0,0,0,0,0,0,-60000,0,0,0,30000,90000,-60000,-60000
046290,儒鴻統一93購01  ,0,0,0,0,0,0,0,0,0,-60000,0,0,0,0,60000,-60000,-60000
048098,嘉澤凱基93購04  ,0,0,0,0,0,0,0,0,0,-60000,0,0,0,0,60000,-60000,-60000
047196,上銀統一97購01  ,0,0,0,0,0,0,0,0,0,-60000,0,0,0,10000,70000,-60000,-60000
046813,聯電凱基96購01  ,0,0,0,0,0,0,0,0,0,-60000,0,0,0,10000,70000,-60000,-60000
04881P,高股息凱基96售01,0,0,0,0,0,0,0,0,0,-60000,0,0,0,10000,70000,-60000,-60000
048805,瀚宇博富邦95購01,0,0,0,0,0,0,0,0,0,-60000,0,0,0,0,60000,-60000,-60000
048757,美利達元富96購01,0,0,0,0,0,0,0,0,0,-60000,0,0,0,90000,150000,-60000,-60000
048401,南電國票93購03  ,0,0,0,0,0,0,0,0,0,-60000,0,0,0,0,60000,-60000,-60000
048432,全新國票95購01  ,0,0,0,0,0,0,0,0,0,-60000,0,0,0,0,60000,-60000,-60000
04825P,元大金中信94售01,0,0,0,0,0,0,0,0,0,-60000,0,0,0,0,60000,-60000,-60000
04753P,台積電統一94售11,0,0,0,0,0,0,0,0,0,-60000,0,0,0,0,60000,-60000,-60000
048535,超眾國票94購02  ,0,0,0,0,0,0,0,0,0,-60000,0,0,0,0,60000,-60000,-60000
048707,南電國票95購01  ,0,0,0,0,0,0,0,0,0,-60000,0,0,0,0,60000,-60000,-60000
04447P,上銀凱基94售02  ,0,0,0,0,0,0,0,0,0,-60000,0,0,0,0,60000,-60000,-60000
048894,光罩國泰94購01  ,0,0,0,0,0,0,0,0,0,-60000,0,0,0,0,60000,-60000,-60000
045365,智邦兆豐93購04  ,0,0,0,0,0,0,0,0,0,-60000,0,0,0,10000,70000,-60000,-60000
03266P,寶成國票04售01  ,0,0,0,0,0,0,0,0,0,-60000,0,0,0,0,60000,-60000,-60000
03635C,滬深2X元富99牛01,0,0,0,0,0,0,0,0,0,-60000,0,0,0,2000,62000,-60000,-60000
05211P,國巨國票96售05  ,0,0,0,0,0,0,0,0,0,-60000,0,0,0,20000,80000,-60000,-60000
049633,臺股指群益94購06,0,0,0,0,0,0,0,0,0,-60000,0,0,0,0,60000,-60000,-60000
049644,台積電凱基94購21,10000,0,10000,0,0,0,0,0,0,-70000,0,0,0,0,70000,-70000,-60000
050647,聯發科凱基96購01,0,0,0,0,0,0,0,0,0,-60000,0,0,0,72000,132000,-60000,-60000
050402,緯穎中信96購01  ,0,0,0,0,0,0,0,0,0,-60000,0,0,0,60000,120000,-60000,-60000
049238,元油2X元富96購08,0,0,0,0,0,0,0,0,0,-60000,0,0,0,0,60000,-60000,-60000
049427,瑞昱兆豐94購01  ,0,0,0,0,0,0,0,0,0,-60000,0,0,0,0,60000,-60000,-60000
049357,微星富邦94購01  ,0,0,0,0,0,0,0,0,0,-60000,0,0,0,30000,90000,-60000,-60000
051085,鴻海元大95購03  ,0,0,0,0,0,0,0,0,0,-60000,0,0,0,20000,80000,-60000,-60000
052713,智邦凱基96購01  ,0,0,0,0,0,0,0,0,0,-60000,0,0,0,0,60000,-60000,-60000
052760,盟立群益96購01  ,0,0,0,0,0,0,0,0,0,-60000,0,0,0,0,60000,-60000,-60000
050098,嘉聯益國泰95購02,0,0,0,0,0,0,0,0,0,-60000,0,0,0,41000,101000,-60000,-60000
052558,新唐國票97購01  ,0,0,0,0,0,0,0,0,0,-60000,0,0,0,0,60000,-60000,-60000
051012,台積電凱基95購04,0,0,0,0,0,0,0,0,0,-60000,0,0,0,0,60000,-60000,-60000
052581,訊芯元富98購01  ,0,0,0,0,0,0,0,0,0,-60000,0,0,0,0,60000,-60000,-60000
052639,康控凱基96購02  ,0,0,0,0,0,0,0,0,0,-60000,0,0,0,0,60000,-60000,-60000
053929,正文國票97購01  ,0,0,0,0,0,0,0,0,0,-60000,0,0,0,0,60000,-60000,-60000
054168,貿聯凱基97購02  ,0,0,0,0,0,0,0,0,0,-60000,0,0,0,0,60000,-60000,-60000
053813,友達群益9A購03  ,0,0,0,0,0,0,0,0,0,-60000,0,0,0,30000,90000,-60000,-60000
053882,聯發科中信98購02,0,0,0,0,0,0,0,0,0,-60000,0,0,0,0,60000,-60000,-60000
053246,聯詠國票97購02  ,0,0,0,0,0,0,0,0,0,-60000,0,0,0,0,60000,-60000,-60000
053277,大立光元大96購04,0,0,0,0,0,0,0,0,0,-60000,0,0,0,0,60000,-60000,-60000
053297,鎧勝中信98購01  ,0,0,0,0,0,0,0,0,0,-60000,0,0,0,0,60000,-60000,-60000
053451,致新凱基96購02  ,0,0,0,0,0,0,0,0,0,-60000,0,0,0,0,60000,-60000,-60000
053040,全新凱基98購01  ,0,0,0,0,0,0,0,0,0,-60000,0,0,0,0,60000,-60000,-60000
055056,億光永豐97購01  ,0,0,0,0,0,0,0,0,0,-60000,0,0,0,0,60000,-60000,-60000
054998,玉晶光元富97購02,0,0,0,0,0,0,0,0,0,-60000,0,0,0,20000,80000,-60000,-60000
054914,億光凱基98購01  ,0,0,0,0,0,0,0,0,0,-60000,0,0,0,150000,210000,-60000,-60000
055405,華泰國泰98購01  ,0,0,0,0,0,0,0,0,0,-60000,0,0,0,40000,100000,-60000,-60000
054562,亞光群益98購01  ,0,0,0,0,0,0,0,0,0,-60000,0,0,0,0,60000,-60000,-60000
054516,國巨元大97購02  ,0,0,0,0,0,0,0,0,0,-60000,0,0,0,108000,168000,-60000,-60000
054357,可成兆豐97購02  ,0,0,0,0,0,0,0,0,0,-60000,0,0,0,0,60000,-60000,-60000
054848,群創兆豐98購01  ,0,0,0,0,0,0,0,0,0,-60000,0,0,0,0,60000,-60000,-60000
057944,新日興國票99購02,0,0,0,0,0,0,0,0,0,-60000,0,0,0,8000,68000,-60000,-60000
057862,智邦凱基99購01  ,0,0,0,0,0,0,0,0,0,-60000,0,0,0,0,60000,-60000,-60000
057626,技嘉富邦9A購01  ,0,0,0,0,0,0,0,0,0,-61000,0,0,0,0,61000,-61000,-61000
056087,世芯統一97購01  ,0,0,0,0,0,0,0,0,0,-61000,0,0,0,374000,435000,-61000,-61000
056231,嘉聯益凱基97購02,0,0,0,0,0,0,0,0,0,-61000,0,0,0,24000,85000,-61000,-61000
056245,嘉澤群益97購01  ,0,0,0,0,0,0,0,0,0,-61000,0,0,0,19000,80000,-61000,-61000
056570,旺宏元大98購07  ,0,0,0,0,0,0,0,0,0,-61000,0,0,0,30000,91000,-61000,-61000
049052,台積電永豐94購02,0,0,0,0,0,0,0,0,0,-61000,0,0,0,95000,156000,-61000,-61000
05263P,台積電元大96售09,0,0,0,0,0,0,0,0,0,-61000,0,0,0,81000,142000,-61000,-61000
052700,奇鋐國票97購02  ,0,0,0,0,0,0,0,0,0,-61000,0,0,0,89000,150000,-61000,-61000
052491,泰碩國票99購01  ,0,0,0,0,0,0,0,0,0,-61000,0,0,0,0,61000,-61000,-61000
051139,康友永豐95購01  ,0,0,0,0,0,0,0,0,0,-61000,0,0,0,0,61000,-61000,-61000
052249,大成鋼永豐95購01,0,0,0,0,0,0,0,0,0,-61000,0,0,0,94000,155000,-61000,-61000
051420,康控國票95購05  ,0,0,0,0,0,0,0,0,0,-61000,0,0,0,0,61000,-61000,-61000
054601,奇鋐台新98購01  ,0,0,0,0,0,0,0,0,0,-61000,0,0,0,10000,71000,-61000,-61000
054312,TPK凱基98購01   ,0,0,0,0,0,0,0,0,0,-61000,0,0,0,55000,116000,-61000,-61000
055428,友達群益9C購01  ,0,0,0,0,0,0,0,0,0,-61000,0,0,0,0,61000,-61000,-61000
055220,緯穎凱基98購02  ,0,0,0,0,0,0,0,0,0,-61000,0,0,0,59000,120000,-61000,-61000
054911,敬鵬凱基97購01  ,0,0,0,0,0,0,0,0,0,-61000,0,0,0,0,61000,-61000,-61000
053789,彩晶元大9C購02  ,0,0,0,0,0,0,0,0,0,-61000,0,0,0,0,61000,-61000,-61000
053549,南亞科凱基96購02,0,0,0,0,0,0,0,0,0,-61000,0,0,0,24000,85000,-61000,-61000
056659,泰碩元大99購01  ,0,0,0,0,0,0,0,0,0,-62000,0,0,0,186000,248000,-62000,-62000
057608,南亞科台新98購01,0,0,0,0,0,0,0,0,0,-62000,0,0,0,0,62000,-62000,-62000
057749,華新科國票99購01,0,0,0,0,0,0,0,0,0,-62000,0,0,0,78000,140000,-62000,-62000
057461,國巨永豐98購07  ,0,0,0,0,0,0,0,0,0,-62000,0,0,0,20000,82000,-62000,-62000
057513,智邦台新98購01  ,0,0,0,0,0,0,0,0,0,-62000,0,0,0,59000,121000,-62000,-62000
057389,玉晶光永豐98購06,0,0,0,0,0,0,0,0,0,-62000,0,0,0,0,62000,-62000,-62000
057437,可成國票99購01  ,0,0,0,0,0,0,0,0,0,-62000,0,0,0,75000,137000,-62000,-62000
056896,南亞科元大98購01,0,0,0,0,0,0,0,0,0,-62000,0,0,0,57000,119000,-62000,-62000
04833P,鴻海元大94售16  ,0,0,0,0,0,0,0,0,0,-62000,0,0,0,36000,98000,-62000,-62000
049605,旺宏第一94購01  ,0,0,0,0,0,0,0,0,0,-62000,0,0,0,0,62000,-62000,-62000
051099,台郡元大95購03  ,0,0,0,0,0,0,0,0,0,-62000,0,0,0,77000,139000,-62000,-62000
052405,聯茂凱基95購01  ,0,0,0,0,0,0,0,0,0,-62000,0,0,0,171000,233000,-62000,-62000
054209,台積電國票97購08,0,0,0,0,0,0,0,0,0,-62000,0,0,0,0,62000,-62000,-62000
053361,友達元富99購01  ,0,0,0,0,0,0,0,0,0,-62000,0,0,0,14000,76000,-62000,-62000
053286,臺股指元大96購14,0,0,0,0,0,0,0,0,0,-62000,0,0,0,41000,103000,-62000,-62000
054918,華新科凱基98購02,0,0,0,0,0,0,0,0,0,-62000,0,0,0,42000,104000,-62000,-62000
055113,大立光凱基98購06,0,0,0,0,0,0,0,0,0,-62000,0,0,0,50000,112000,-62000,-62000
054561,奇力新群益97購03,0,0,0,0,0,0,0,0,0,-62000,0,0,0,2000,64000,-62000,-62000
054833,京鼎中信97購01  ,0,0,0,0,0,0,0,0,0,-62000,0,0,0,0,62000,-62000,-62000
054801,康友群益97購02  ,0,0,0,0,0,0,0,0,0,-62000,0,0,0,55000,117000,-62000,-62000
06479P,聯發科中信99售02,0,0,0,0,0,0,0,0,0,-62000,0,0,0,4000,66000,-62000,-62000
06373P,聯發科元大97售22,0,0,0,0,0,0,0,0,0,-62000,0,0,0,35000,97000,-62000,-62000
4960,誠美材          ,0,62000,-62000,0,0,0,0,0,0,0,0,0,0,0,0,0,-62000
1210,大成            ,732646,792000,-59354,0,0,0,4000,0,4000,-7000,2000,9000,-7000,0,0,0,-62354
055811,國巨國票98購05  ,0,0,0,0,0,0,0,0,0,-63000,0,0,0,0,63000,-63000,-63000
055475,臻鼎凱基97購02  ,0,0,0,0,0,0,0,0,0,-63000,0,0,0,22000,85000,-63000,-63000
055573,國巨統一97購06  ,0,0,0,0,0,0,0,0,0,-63000,0,0,0,25000,88000,-63000,-63000
03885P,華新科統一96售01,0,0,0,0,0,0,0,0,0,-63000,0,0,0,0,63000,-63000,-63000
052343,同欣電凱基95購03,0,0,0,0,0,0,0,0,0,-63000,0,0,0,92000,155000,-63000,-63000
052075,旺宏元富95購03  ,0,0,0,0,0,0,0,0,0,-63000,0,0,0,0,63000,-63000,-63000
04927P,大立光凱基95售06,0,0,0,0,0,0,0,0,0,-63000,0,0,0,16000,79000,-63000,-63000
050598,友達麥證94購01  ,0,0,0,0,63000,-63000,0,0,0,-63000,0,0,0,0,63000,-63000,-63000
050260,鴻海元大94購15  ,0,0,0,0,0,0,0,0,0,-63000,0,0,0,205000,268000,-63000,-63000
054588,玉晶光國泰99購02,0,0,0,0,0,0,0,0,0,-63000,0,0,0,17000,80000,-63000,-63000
054631,台郡凱基98購02  ,0,0,0,0,0,0,0,0,0,-63000,0,0,0,10000,73000,-63000,-63000
053005,微星永豐96購01  ,0,0,0,0,0,0,0,0,0,-63000,0,0,0,86000,149000,-63000,-63000
054018,華新台新96購01  ,0,0,0,0,0,0,0,0,0,-63000,0,0,0,38000,101000,-63000,-63000
057932,美律群益98購04  ,0,0,0,0,0,0,0,0,0,-63000,0,0,0,22000,85000,-63000,-63000
058092,牧德元大98購02  ,0,0,0,0,0,0,0,0,0,-63000,0,0,0,13000,76000,-63000,-63000
055673,旺宏日盛97購01  ,0,0,0,0,0,0,0,0,0,-64000,0,0,0,0,64000,-64000,-64000
055862,矽力元大97購04  ,0,0,0,0,0,0,0,0,0,-64000,0,0,0,17000,81000,-64000,-64000
055923,矽力凱基98購01  ,0,0,0,0,0,0,0,0,0,-64000,0,0,0,0,64000,-64000,-64000
056634,為升兆豐99購01  ,0,0,0,0,0,0,0,0,0,-64000,0,0,0,0,64000,-64000,-64000
056162,祥碩凱基97購03  ,0,0,0,0,0,0,0,0,0,-64000,0,0,0,14000,78000,-64000,-64000
056298,億光元大97購02  ,0,0,0,0,0,0,0,0,0,-64000,0,0,0,38000,102000,-64000,-64000
057701,嘉聯益群益98購02,0,0,0,0,0,0,0,0,0,-64000,0,0,0,0,64000,-64000,-64000
057720,日電貿元富98購01,0,0,0,0,0,0,0,0,0,-64000,0,0,0,60000,124000,-64000,-64000
050262,台積電元大94購21,0,0,0,0,0,0,0,0,0,-64000,0,0,0,198000,262000,-64000,-64000
050395,大立光元富94購10,0,0,0,0,0,0,0,0,0,-64000,0,0,0,10000,74000,-64000,-64000
049469,元金2X永豐94購01,0,0,0,0,0,0,0,0,0,-64000,0,0,0,0,64000,-64000,-64000
05251P,喬山台新95售02  ,0,0,0,0,0,0,0,0,0,-64000,0,0,0,85000,149000,-64000,-64000
054677,智易台新98購02  ,0,0,0,0,0,0,0,0,0,-64000,0,0,0,10000,74000,-64000,-64000
055233,康友國票98購01  ,0,0,0,0,0,0,0,0,0,-64000,0,0,0,4000,68000,-64000,-64000
06081P,深中小元大97售02,0,0,0,0,0,0,0,0,0,-64000,0,0,0,335000,399000,-64000,-64000
057721,華擎元富98購02  ,0,0,0,0,0,0,0,0,0,-65000,0,0,0,271000,336000,-65000,-65000
057722,臺股指元富98購01,0,0,0,0,0,0,0,0,0,-65000,0,0,0,35000,100000,-65000,-65000
057021,台積電凱基9A購02,0,0,0,0,0,0,0,0,0,-65000,0,0,0,0,65000,-65000,-65000
056432,鴻海凱基98購08  ,0,0,0,0,0,0,0,0,0,-65000,0,0,0,31000,96000,-65000,-65000
056469,國巨元大99購01  ,0,0,0,0,0,0,0,0,0,-65000,0,0,0,148000,213000,-65000,-65000
055687,瀚宇博凱基97購01,0,0,0,0,0,0,0,0,0,-65000,0,0,0,10000,75000,-65000,-65000
055633,牧德永豐97購02  ,0,0,0,0,0,0,0,0,0,-65000,0,0,0,25000,90000,-65000,-65000
045640,嘉晶凱基93購01  ,0,0,0,0,0,0,0,0,0,-65000,0,0,0,11000,76000,-65000,-65000
045856,南亞科國泰94購01,0,0,0,0,0,0,0,0,0,-65000,0,0,0,0,65000,-65000,-65000
047967,南亞科國泰95購01,0,0,0,0,0,0,0,0,0,-65000,0,0,0,133000,198000,-65000,-65000
046628,大立光統一98購01,0,0,0,0,0,0,0,0,0,-65000,0,0,0,7000,72000,-65000,-65000
052476,台光電群益98購01,0,0,0,0,0,0,0,0,0,-65000,0,0,0,111000,176000,-65000,-65000
052768,泰鼎群益96購01  ,0,0,0,0,0,0,0,0,0,-65000,0,0,0,81000,146000,-65000,-65000
051069,智邦國票96購01  ,0,0,0,0,0,0,0,0,0,-65000,0,0,0,0,65000,-65000,-65000
052320,緯創元大95購05  ,0,0,0,0,0,0,0,0,0,-65000,0,0,0,218000,283000,-65000,-65000
051382,玉晶光群益98購02,0,0,0,0,0,0,0,0,0,-65000,0,0,0,35000,100000,-65000,-65000
051391,聯發科兆豐95購02,0,0,0,0,0,0,0,0,0,-65000,0,0,0,0,65000,-65000,-65000
049434,茂林國票95購01  ,0,0,0,0,0,0,0,0,0,-65000,0,0,0,0,65000,-65000,-65000
049798,台積電元大94購18,0,0,0,0,0,0,0,0,0,-65000,0,0,0,437000,502000,-65000,-65000
050304,台光電中信94購01,0,0,0,0,0,0,0,0,0,-65000,0,0,0,0,65000,-65000,-65000
051977,泰碩凱基95購01  ,0,0,0,0,0,0,0,0,0,-65000,0,0,0,119000,184000,-65000,-65000
054924,景碩凱基98購01  ,0,0,0,0,0,0,0,0,0,-65000,0,0,0,102000,167000,-65000,-65000
054091,晶豪科群益96購01,0,0,0,0,0,0,0,0,0,-65000,0,0,0,0,65000,-65000,-65000
053547,台積電凱基96購14,0,0,0,0,0,0,0,0,0,-65000,0,0,0,0,65000,-65000,-65000
053578,華新元大98購01  ,0,0,0,0,0,0,0,0,0,-65000,0,0,0,10000,75000,-65000,-65000
052846,智邦統一97購01  ,0,0,0,0,0,0,0,0,0,-65000,0,0,0,10000,75000,-65000,-65000
053519,力成群益96購02  ,0,0,0,0,0,0,0,0,0,-65000,0,0,0,11000,76000,-65000,-65000
057998,玉晶光麥證9A購01,0,0,0,0,65000,-65000,0,0,0,-65000,0,0,0,0,65000,-65000,-65000
056008,全新中信9B購01  ,0,0,0,0,0,0,0,0,0,-66000,0,0,0,0,66000,-66000,-66000
056273,祥碩統一97購02  ,0,0,0,0,0,0,0,0,0,-66000,0,0,0,10000,76000,-66000,-66000
057070,美律永豐98購02  ,0,0,0,0,0,0,0,0,0,-66000,0,0,0,68000,134000,-66000,-66000
057202,TPK元富98購02   ,0,0,0,0,0,0,0,0,0,-66000,0,0,0,0,66000,-66000,-66000
057814,聯發科元大98購12,0,0,0,0,0,0,0,0,0,-66000,0,0,0,594000,660000,-66000,-66000
048273,南電富邦97購01  ,0,0,0,0,0,0,0,0,0,-66000,0,0,0,24000,90000,-66000,-66000
048289,臺指反群益95購01,0,0,0,0,0,0,0,0,0,-66000,0,0,0,0,66000,-66000,-66000
047623,世紀鋼凱基94購02,0,0,0,0,0,0,0,0,0,-66000,0,0,0,99000,165000,-66000,-66000
049615,香港2X群益98購01,0,0,0,0,0,0,0,0,0,-66000,0,0,0,0,66000,-66000,-66000
052106,明泰兆豐95購01  ,0,0,0,0,0,0,0,0,0,-66000,0,0,0,0,66000,-66000,-66000
049534,華擎永豐94購02  ,0,0,0,0,0,0,0,0,0,-66000,0,0,0,0,66000,-66000,-66000
049292,鴻海群益94購04  ,0,0,0,0,0,0,0,0,0,-66000,0,0,0,0,66000,-66000,-66000
051366,康友國泰97購01  ,0,0,0,0,0,0,0,0,0,-66000,0,0,0,57000,123000,-66000,-66000
050887,台積電富邦95購05,0,0,0,0,0,0,0,0,0,-66000,0,0,0,99000,165000,-66000,-66000
052445,南亞科元大95購05,0,0,0,0,0,0,0,0,0,-66000,0,0,0,48000,114000,-66000,-66000
050059,旺宏凱基94購03  ,0,0,0,0,0,0,0,0,0,-66000,0,0,0,10000,76000,-66000,-66000
050006,華擎永豐94購03  ,0,0,0,0,0,0,0,0,0,-66000,0,0,0,6000,72000,-66000,-66000
053754,英業達元富96購02,0,0,0,0,0,0,0,0,0,-66000,0,0,0,121000,187000,-66000,-66000
055191,牧德元富97購01  ,0,0,0,0,0,0,0,0,0,-66000,0,0,0,0,66000,-66000,-66000
054582,致新元大97購01  ,0,0,0,0,0,0,0,0,0,-66000,0,0,0,0,66000,-66000,-66000
054826,復盛元大9A購01  ,0,0,0,0,0,0,0,0,0,-66000,0,0,0,30000,96000,-66000,-66000
054559,台光電群益99購01,0,0,0,0,0,0,0,0,0,-66000,0,0,0,20000,86000,-66000,-66000
054403,同欣電永豐96購02,0,0,0,0,0,0,0,0,0,-66000,0,0,0,30000,96000,-66000,-66000
054266,緯穎元大96購07  ,0,0,0,0,0,0,0,0,0,-66000,0,0,0,93000,159000,-66000,-66000
057933,聯發科群益98購06,0,0,0,0,0,0,0,0,0,-66000,0,0,0,41000,107000,-66000,-66000
05974P,國巨富邦97售03  ,0,0,0,0,0,0,0,0,0,-66000,0,0,0,4000,70000,-66000,-66000
06623P,立積元大98售04  ,0,0,0,0,0,0,0,0,0,-66000,0,0,0,54000,120000,-66000,-66000
056981,全新群益99購03  ,0,0,0,0,0,0,0,0,0,-67000,0,0,0,21000,88000,-67000,-67000
055648,可成元富97購01  ,0,0,0,0,0,0,0,0,0,-67000,0,0,0,11000,78000,-67000,-67000
048832,玉晶光凱基95購02,0,0,0,0,0,0,0,0,0,-67000,0,0,0,13000,80000,-67000,-67000
03420B,臺股指元大95熊31,0,0,0,0,0,0,0,0,0,-67000,0,0,0,90000,157000,-67000,-67000
03418B,臺股指元大95熊20,0,0,0,0,0,0,0,0,0,-67000,0,0,0,252000,319000,-67000,-67000
04788P,台積電永昌96售05,0,0,0,0,0,0,0,0,0,-67000,0,0,0,0,67000,-67000,-67000
05103P,臺股指凱基96售10,0,0,0,0,0,0,0,0,0,-67000,0,0,0,8000,75000,-67000,-67000
051862,旺宏凱基95購05  ,0,0,0,0,0,0,0,0,0,-67000,0,0,0,25000,92000,-67000,-67000
054383,傳奇群益97購01  ,0,0,0,0,0,0,0,0,0,-67000,0,0,0,20000,87000,-67000,-67000
053417,上銀永豐96購02  ,0,0,0,0,0,0,0,0,0,-67000,0,0,0,77000,144000,-67000,-67000
053449,超眾凱基98購01  ,0,0,0,0,0,0,0,0,0,-67000,0,0,0,28000,95000,-67000,-67000
053331,玉晶光永豐97購02,0,0,0,0,0,0,0,0,0,-67000,0,0,0,157000,224000,-67000,-67000
052947,晶技國票97購01  ,0,0,0,0,0,0,0,0,0,-67000,0,0,0,10000,77000,-67000,-67000
055690,矽力凱基97購02  ,0,0,0,0,0,0,0,0,0,-68000,0,0,0,5000,73000,-68000,-68000
055750,瑞昱永昌9C購01  ,0,0,0,0,0,0,0,0,0,-68000,0,0,0,0,68000,-68000,-68000
055532,中工群益98購01  ,0,0,0,0,0,0,0,0,0,-68000,0,0,0,0,68000,-68000,-68000
055956,瑞昱元大97購05  ,0,0,0,0,0,0,0,0,0,-68000,0,0,0,168000,236000,-68000,-68000
056034,華通凱基98購01  ,0,0,0,0,0,0,0,0,0,-68000,0,0,0,0,68000,-68000,-68000
056370,台郡元大98購03  ,0,0,0,0,0,0,0,0,0,-68000,0,0,0,0,68000,-68000,-68000
056414,國巨中信98購02  ,0,0,0,0,0,0,0,0,0,-68000,0,0,0,0,68000,-68000,-68000
056126,台郡國票98購02  ,0,0,0,0,0,0,0,0,0,-68000,0,0,0,0,68000,-68000,-68000
056225,聯發科凱基97購09,0,0,0,0,0,0,0,0,0,-68000,0,0,0,0,68000,-68000,-68000
056537,冠德凱基98購01  ,0,0,0,0,0,0,0,0,0,-68000,0,0,0,50000,118000,-68000,-68000
056641,華通凱基98購03  ,0,0,0,0,0,0,0,0,0,-68000,0,0,0,0,68000,-68000,-68000
056990,聯發科兆豐98購01,0,0,0,0,0,0,0,0,0,-68000,0,0,0,5000,73000,-68000,-68000
057745,泰鼎永豐99購01  ,0,0,0,0,0,0,0,0,0,-68000,0,0,0,213000,281000,-68000,-68000
057387,奇力新永豐98購03,0,0,0,0,0,0,0,0,0,-68000,0,0,0,0,68000,-68000,-68000
057385,光罩永豐99購01  ,0,0,0,0,0,0,0,0,0,-68000,0,0,0,0,68000,-68000,-68000
047879,台積電中信93購04,0,0,0,0,0,0,0,0,0,-68000,0,0,0,20000,88000,-68000,-68000
046939,燿華元大96購01  ,0,0,0,0,0,0,0,0,0,-68000,0,0,0,0,68000,-68000,-68000
048227,亞光凱基93購05  ,0,0,0,0,0,0,0,0,0,-68000,0,0,0,0,68000,-68000,-68000
051523,牧德凱基95購02  ,0,0,0,0,0,0,0,0,0,-68000,0,0,0,31000,99000,-68000,-68000
051643,瑞昱康和95購01  ,0,0,0,0,0,0,0,0,0,-68000,0,0,0,0,68000,-68000,-68000
043748,漢唐元大93購01  ,0,0,0,0,0,0,0,0,0,-68000,0,0,0,0,68000,-68000,-68000
044996,嘉晶國泰95購01  ,0,0,0,0,0,0,0,0,0,-68000,0,0,0,0,68000,-68000,-68000
052256,台泥國泰96購01  ,0,0,0,0,0,0,0,0,0,-68000,0,0,0,0,68000,-68000,-68000
049200,元黃金群益98購01,0,0,0,0,0,0,0,0,0,-68000,0,0,0,40000,108000,-68000,-68000
049446,為升統一94購01  ,0,0,0,0,0,0,0,0,0,-68000,0,0,0,0,68000,-68000,-68000
050699,京鼎凱基96購01  ,0,0,0,0,0,0,0,0,0,-68000,0,0,0,57000,125000,-68000,-68000
052715,可成凱基96購01  ,0,0,0,0,0,0,0,0,0,-68000,0,0,0,0,68000,-68000,-68000
050920,旺宏凱基95購01  ,0,0,0,0,0,0,0,0,0,-68000,0,0,0,240000,308000,-68000,-68000
053198,亞德客日盛96購01,0,0,0,0,0,0,0,0,0,-68000,0,0,0,0,68000,-68000,-68000
053422,可成永豐96購01  ,0,0,0,0,0,0,0,0,0,-68000,0,0,0,0,68000,-68000,-68000
054363,世芯凱基97購01  ,0,0,0,0,0,0,0,0,0,-68000,0,0,0,18000,86000,-68000,-68000
054309,禾伸堂凱基98購01,0,0,0,0,0,0,0,0,0,-68000,0,0,0,0,68000,-68000,-68000
054577,世芯元大98購01  ,0,0,0,0,0,0,0,0,0,-68000,0,0,0,83000,151000,-68000,-68000
06619P,聯發科元大98售06,0,0,0,0,0,0,0,0,0,-68000,0,0,0,50000,118000,-68000,-68000
06212P,華新科元大97售11,0,0,0,0,0,0,0,0,0,-68000,0,0,0,183000,251000,-68000,-68000
057978,聯發科永豐98購05,0,0,0,0,0,0,0,0,0,-68000,0,0,0,90000,158000,-68000,-68000
058113,百和元富98購01  ,0,0,0,0,0,0,0,0,0,-68000,0,0,0,0,68000,-68000,-68000
8422,可寧衛          ,164000,232000,-68000,0,0,0,0,0,0,0,0,0,0,0,0,0,-68000
2404,漢唐            ,384137,615000,-230863,0,0,0,1000,0,1000,161000,29000,46000,-17000,198000,20000,178000,-68863
057414,華新科日盛9A購01,0,0,0,0,0,0,0,0,0,-69000,0,0,0,2000,71000,-69000,-69000
056277,上銀富邦99購02  ,0,0,0,0,0,0,0,0,0,-69000,0,0,0,63000,132000,-69000,-69000
056297,台光電元大97購04,0,0,0,0,0,0,0,0,0,-69000,0,0,0,0,69000,-69000,-69000
055572,鴻海統一98購04  ,0,0,0,0,0,0,0,0,0,-69000,0,0,0,3000,72000,-69000,-69000
048835,牧德凱基94購02  ,0,0,0,0,0,0,0,0,0,-69000,0,0,0,0,69000,-69000,-69000
051876,宏達電國票96購01,0,0,0,0,0,0,0,0,0,-69000,0,0,0,7000,76000,-69000,-69000
048645,創意元大94購02  ,0,0,0,0,0,0,0,0,0,-69000,0,0,0,68000,137000,-69000,-69000
055332,奇力新兆豐98購01,0,0,0,0,0,0,0,0,0,-69000,0,0,0,101000,170000,-69000,-69000
06858P,道瓊指中信9B售01,0,0,0,0,0,0,0,0,0,-69000,0,0,0,20000,89000,-69000,-69000
9911,櫻花            ,351000,423000,-72000,0,0,0,0,400,-400,3000,5000,2000,3000,0,0,0,-69400
055642,廣宇元富97購01  ,0,0,0,0,0,0,0,0,0,-70000,0,0,0,10000,80000,-70000,-70000
055804,祥碩永豐97購02  ,0,0,0,0,0,0,0,0,0,-70000,0,0,0,8000,78000,-70000,-70000
055816,新日興國票98購01,0,0,0,0,0,0,0,0,0,-70000,0,0,0,9000,79000,-70000,-70000
056415,聯發科中信98購04,0,0,0,0,0,0,0,0,0,-70000,0,0,0,0,70000,-70000,-70000
057352,大立光統一9A購02,0,0,0,0,0,0,0,0,0,-70000,0,0,0,0,70000,-70000,-70000
057465,智易永豐98購02  ,0,0,0,0,0,0,0,0,0,-70000,0,0,0,0,70000,-70000,-70000
057763,康控凱基99購02  ,0,0,0,0,0,0,0,0,0,-70000,0,0,0,24000,94000,-70000,-70000
057744,健策永豐98購02  ,0,0,0,0,0,0,0,0,0,-70000,0,0,0,0,70000,-70000,-70000
056948,旺宏統一9A購01  ,0,0,0,0,0,0,0,0,0,-70000,0,0,0,0,70000,-70000,-70000
056794,上銀麥證98購01  ,0,0,0,20000,90000,-70000,0,0,0,-70000,0,0,0,20000,90000,-70000,-70000
057089,奇力新元富98購01,0,0,0,0,0,0,0,0,0,-70000,0,0,0,37000,107000,-70000,-70000
048682,奇力新富邦96購01,0,0,0,0,0,0,0,0,0,-70000,0,0,0,10000,80000,-70000,-70000
048240,嘉聯益國票94購03,0,0,0,0,0,0,0,0,0,-70000,0,0,0,10000,80000,-70000,-70000
047493,旺宏元富96購01  ,0,0,0,0,0,0,0,0,0,-70000,0,0,0,22000,92000,-70000,-70000
049038,高鐵兆豐94購01  ,0,0,0,0,0,0,0,0,0,-70000,0,0,0,0,70000,-70000,-70000
048081,元油反凱基96購01,0,0,0,0,0,0,0,0,0,-70000,0,0,0,7000,77000,-70000,-70000
047625,友達國票94購01  ,0,0,0,0,0,0,0,0,0,-70000,0,0,0,0,70000,-70000,-70000
047653,上銀兆豐94購01  ,0,0,0,0,0,0,0,0,0,-70000,0,0,0,0,70000,-70000,-70000
045907,鴻海中信94購02  ,0,0,0,0,0,0,0,0,0,-70000,0,0,0,10000,80000,-70000,-70000
045817,滬深2X凱基95購02,0,0,0,0,0,0,0,0,0,-70000,0,0,0,0,70000,-70000,-70000
049940,臺股指元大94購21,0,0,0,0,0,0,0,0,0,-70000,0,0,0,0,70000,-70000,-70000
052733,台郡國泰97購01  ,0,0,0,0,0,0,0,0,0,-70000,0,0,0,43000,113000,-70000,-70000
052655,群創統一97購01  ,0,0,0,0,0,0,0,0,0,-70000,0,0,0,98000,168000,-70000,-70000
052494,百和中信95購02  ,0,0,0,0,0,0,0,0,0,-70000,0,0,0,0,70000,-70000,-70000
052557,群創國票97購02  ,0,0,0,0,0,0,0,0,0,-70000,0,0,0,0,70000,-70000,-70000
050950,健鼎群益96購01  ,0,0,0,0,0,0,0,0,0,-70000,0,0,0,57000,127000,-70000,-70000
04969P,道瓊銀統一94售02,0,0,0,0,0,0,0,0,0,-70000,0,0,0,0,70000,-70000,-70000
051434,中磊元富95購02  ,0,0,0,0,0,0,0,0,0,-70000,0,0,0,30000,100000,-70000,-70000
055036,中工富邦9B購01  ,0,0,0,0,0,0,0,0,0,-70000,0,0,0,1000,71000,-70000,-70000
05461P,台積電亞東97售01,0,0,0,0,0,0,0,0,0,-70000,0,0,0,30000,100000,-70000,-70000
054735,漢唐凱基98購01  ,0,0,0,0,0,0,0,0,0,-70000,0,0,0,20000,90000,-70000,-70000
054775,復盛國票98購01  ,0,0,0,0,0,0,0,0,0,-70000,0,0,0,31000,101000,-70000,-70000
054366,和大中信98購01  ,0,0,0,0,0,0,0,0,0,-70000,0,0,0,10000,80000,-70000,-70000
054237,茂林群益97購01  ,0,0,0,0,0,0,0,0,0,-70000,0,0,0,76000,146000,-70000,-70000
054545,奇力新中信98購01,0,0,0,0,0,0,0,0,0,-70000,0,0,0,0,70000,-70000,-70000
053224,矽力凱基96購02  ,0,0,0,0,0,0,0,0,0,-70000,0,0,0,10000,80000,-70000,-70000
053264,南亞科群益96購01,0,0,0,0,0,0,0,0,0,-70000,0,0,0,34000,104000,-70000,-70000
052863,友達凱基98購02  ,0,0,0,0,0,0,0,0,0,-70000,0,0,0,60000,130000,-70000,-70000
052905,潤泰全國票97購01,0,0,0,0,0,0,0,0,0,-70000,0,0,0,105000,175000,-70000,-70000
053179,大立光統一96購04,0,0,0,0,0,0,0,0,0,-70000,0,0,0,130000,200000,-70000,-70000
053713,漢唐凱基96購04  ,0,0,0,0,0,0,0,0,0,-70000,0,0,0,0,70000,-70000,-70000
053864,義隆元大96購01  ,0,0,0,0,0,0,0,0,0,-70000,0,0,0,110000,180000,-70000,-70000
053859,台積電元大97購09,0,0,0,0,0,0,0,0,0,-70000,0,0,0,598000,668000,-70000,-70000
053543,臺股指永豐96購02,0,0,0,0,0,0,0,0,0,-70000,0,0,0,0,70000,-70000,-70000
053552,華新科凱基96購08,0,0,0,0,0,0,0,0,0,-70000,0,0,0,174000,244000,-70000,-70000
053646,臺股指國票96購09,0,0,0,0,0,0,0,0,0,-70000,0,0,0,0,70000,-70000,-70000
06812P,台灣50元富9C售01,0,0,0,0,0,0,0,0,0,-70000,0,0,0,60000,130000,-70000,-70000
06519P,元油2X元大98售03,0,0,0,0,0,0,0,0,0,-70000,20000,0,20000,310000,400000,-90000,-70000
05811P,臺股指國票96售04,0,0,0,0,0,0,0,0,0,-70000,0,0,0,0,70000,-70000,-70000
058112,神達元富98購01  ,0,0,0,0,0,0,0,0,0,-70000,0,0,0,0,70000,-70000,-70000
057988,鈺齊元富98購02  ,0,0,0,0,0,0,0,0,0,-70000,0,0,0,20000,90000,-70000,-70000
058004,大立光群益98購03,0,0,0,0,0,0,0,0,0,-70000,0,0,0,0,70000,-70000,-70000
057666,奇力新元大9A購01,0,0,0,0,0,0,0,0,0,-71000,0,0,0,134000,205000,-71000,-71000
056411,緯穎國票99購01  ,0,0,0,0,0,0,0,0,0,-71000,0,0,0,0,71000,-71000,-71000
056633,鴻海永昌98購02  ,0,0,0,0,0,0,0,0,0,-71000,0,0,0,67000,138000,-71000,-71000
056576,晶技元大99購02  ,0,0,0,0,0,0,0,0,0,-71000,0,0,0,132000,203000,-71000,-71000
048905,旺宏富邦96購01  ,0,0,0,0,0,0,0,0,0,-71000,0,0,0,0,71000,-71000,-71000
048012,嘉晶國票94購01  ,0,0,0,0,0,0,0,0,0,-71000,0,0,0,11000,82000,-71000,-71000
046870,大立光統一95購01,0,0,0,0,0,0,0,0,0,-71000,0,0,0,0,71000,-71000,-71000
048696,台達電國票96購01,0,0,0,0,0,0,0,0,0,-71000,0,0,0,0,71000,-71000,-71000
051888,國巨元富95購05  ,0,0,0,0,0,0,0,0,0,-71000,0,0,0,73000,144000,-71000,-71000
051894,嘉聯益元富95購03,0,0,0,0,0,0,0,0,0,-71000,0,0,0,0,71000,-71000,-71000
050188,貿聯元大96購01  ,0,0,0,0,0,0,0,0,0,-71000,0,0,0,31000,102000,-71000,-71000
052738,聯電元大98購02  ,0,0,0,0,0,0,0,0,0,-71000,0,0,0,198000,269000,-71000,-71000
051102,訊芯元大96購01  ,0,0,0,0,0,0,0,0,0,-71000,0,0,0,0,71000,-71000,-71000
050744,健策永豐94購04  ,0,0,0,0,0,0,0,0,0,-71000,0,0,0,27000,98000,-71000,-71000
053561,玉晶光國泰98購01,0,0,0,0,0,0,0,0,0,-71000,0,0,0,88000,159000,-71000,-71000
053753,啟碁永豐96購01  ,0,0,0,0,0,0,0,0,0,-71000,0,0,0,0,71000,-71000,-71000
054088,華新群益98購02  ,0,0,0,0,0,0,0,0,0,-71000,0,0,0,90000,161000,-71000,-71000
053270,台塑元大96購01  ,0,0,0,0,0,0,0,0,0,-71000,0,0,0,218000,289000,-71000,-71000
053450,同欣電凱基96購02,0,0,0,0,0,0,0,0,0,-71000,0,0,0,21000,92000,-71000,-71000
054773,台郡國票98購01  ,0,0,0,0,0,0,0,0,0,-71000,0,0,0,10000,81000,-71000,-71000
054830,世芯國泰99購01  ,0,0,0,0,0,0,0,0,0,-71000,0,0,0,220000,291000,-71000,-71000
055071,群電永豐97購01  ,0,0,0,0,0,0,0,0,0,-71000,0,0,0,10000,81000,-71000,-71000
055236,建準台新98購01  ,0,0,0,0,0,0,0,0,0,-71000,0,0,0,0,71000,-71000,-71000
055408,力成國泰98購01  ,0,0,0,0,0,0,0,0,0,-71000,0,0,0,30000,101000,-71000,-71000
05854P,華新科凱基96售09,0,0,0,0,0,0,0,0,0,-71000,0,0,0,170000,241000,-71000,-71000
056568,台表科群益98購01,0,0,0,0,0,0,0,0,0,-72000,0,0,0,105000,177000,-72000,-72000
055758,旺宏群益97購01  ,0,0,0,0,0,0,0,0,0,-72000,0,0,0,52000,124000,-72000,-72000
057653,臺股指永昌98購01,0,0,0,0,0,0,0,0,0,-72000,0,0,0,80000,152000,-72000,-72000
057845,晶相光永豐98購03,0,0,0,0,0,0,0,0,0,-72000,0,0,0,8000,80000,-72000,-72000
057435,旺宏國票99購04  ,0,0,0,0,0,0,0,0,0,-72000,0,0,0,0,72000,-72000,-72000
057403,亞光群益98購04  ,0,0,0,0,0,0,0,0,0,-72000,0,0,0,0,72000,-72000,-72000
057272,台積電元大98購14,0,0,0,0,0,0,0,0,0,-72000,0,0,0,283000,355000,-72000,-72000
056991,牧德兆豐98購01  ,0,0,0,0,0,0,0,0,0,-72000,0,0,0,10000,82000,-72000,-72000
048263,台積電元富95購01,0,0,0,0,0,0,0,0,0,-72000,0,0,0,5000,77000,-72000,-72000
047886,京元電富邦95購01,0,0,0,0,0,0,0,0,0,-72000,0,0,0,20000,92000,-72000,-72000
047673,瑞昱元富96購01  ,0,0,0,0,0,0,0,0,0,-72000,0,0,0,10000,82000,-72000,-72000
044909,玉晶光凱基93購02,0,0,0,0,0,0,0,0,0,-72000,0,0,0,8000,80000,-72000,-72000
052276,力成群益96購01  ,0,0,0,0,0,0,0,0,0,-72000,0,0,0,63000,135000,-72000,-72000
051370,聯詠富邦97購01  ,0,0,0,0,0,0,0,0,0,-72000,0,0,0,129000,201000,-72000,-72000
051249,潤泰全元大95購01,0,0,0,0,0,0,0,0,0,-72000,0,0,0,115000,187000,-72000,-72000
052696,玉晶光麥證97購01,0,0,0,23000,95000,-72000,0,0,0,-72000,0,0,0,23000,95000,-72000,-72000
052515,矽力凱基95購02  ,0,0,0,0,0,0,0,0,0,-72000,0,0,0,0,72000,-72000,-72000
050632,國巨群益94購07  ,0,0,0,0,0,0,0,0,0,-72000,0,0,0,12000,84000,-72000,-72000
055008,隆達元富97購01  ,0,0,0,0,0,0,0,0,0,-72000,0,0,0,299000,371000,-72000,-72000
054880,華泰統一97購01  ,0,0,0,0,0,0,0,0,0,-72000,0,0,0,0,72000,-72000,-72000
053055,聯詠國票97購01  ,0,0,0,0,0,0,0,0,0,-72000,0,0,0,50000,122000,-72000,-72000
052915,創意元富96購01  ,0,0,0,0,0,0,0,0,0,-72000,0,0,0,30000,102000,-72000,-72000
052870,玉晶光凱基96購03,0,0,0,0,0,0,0,0,0,-72000,0,0,0,404000,476000,-72000,-72000
052979,上銀元大96購02  ,0,0,0,0,0,0,0,0,0,-72000,0,0,0,80000,152000,-72000,-72000
057903,聯鈞永豐99購01  ,0,0,0,0,0,0,0,0,0,-72000,0,0,0,50000,122000,-72000,-72000
2392,正崴            ,561000,625000,-64000,0,0,0,0,0,0,-8000,25000,24000,1000,0,9000,-9000,-72000
057773,技嘉群益9A購02  ,0,0,0,0,0,0,0,0,0,-73000,0,0,0,100000,173000,-73000,-73000
055742,健策元富97購02  ,0,0,0,0,0,0,0,0,0,-73000,0,0,0,1000,74000,-73000,-73000
055574,美律統一97購01  ,0,0,0,0,0,0,0,0,0,-73000,0,0,0,0,73000,-73000,-73000
055980,祥碩統一98購01  ,0,0,0,0,0,0,0,0,0,-73000,0,0,0,11000,84000,-73000,-73000
056635,亞德客日盛99購01,0,0,0,0,0,0,0,0,0,-73000,0,0,0,10000,83000,-73000,-73000
00681R,元大美債20反1   ,0,0,0,0,0,0,0,0,0,-73000,0,0,0,28000,101000,-73000,-73000
051723,嘉澤永豐95購01  ,0,0,0,0,0,0,0,0,0,-73000,0,0,0,0,73000,-73000,-73000
051801,牧德永豐95購04  ,0,0,0,0,0,0,0,0,0,-73000,0,0,0,7000,80000,-73000,-73000
049170,亞德客凱基94購01,0,0,0,0,0,0,0,0,0,-73000,0,0,0,0,73000,-73000,-73000
052124,京鼎國票95購01  ,0,0,0,0,0,0,0,0,0,-73000,0,0,0,10000,83000,-73000,-73000
052505,友達日盛9B購02  ,0,0,0,0,0,0,0,0,0,-73000,0,0,0,0,73000,-73000,-73000
051339,智易永豐95購02  ,0,0,0,0,0,0,0,0,0,-73000,0,0,0,0,73000,-73000,-73000
049985,華擎凱基94購01  ,0,0,0,0,0,0,0,0,0,-73000,0,0,0,81000,154000,-73000,-73000
050810,鴻海凱基95購09  ,0,0,0,0,0,0,0,0,0,-73000,0,0,0,0,73000,-73000,-73000
054553,宏達電凱基99購01,0,0,0,0,0,0,0,0,0,-73000,0,0,0,91000,164000,-73000,-73000
054367,鴻海中信98購03  ,0,0,0,0,0,0,0,0,0,-73000,0,0,0,0,73000,-73000,-73000
055459,建準永豐97購03  ,0,0,0,0,0,0,0,0,0,-73000,0,0,0,0,73000,-73000,-73000
055281,台光電元大98購03,0,0,0,0,0,0,0,0,0,-73000,0,0,0,9000,82000,-73000,-73000
058058,大立光元富9B購02,0,0,0,0,0,0,0,0,0,-73000,0,0,0,0,73000,-73000,-73000
05927P,正文永豐96售03  ,0,0,0,0,0,0,0,0,0,-73000,0,0,0,11000,84000,-73000,-73000
06199P,聯發科元大97售17,0,0,0,0,0,0,0,0,0,-73000,0,0,0,69000,142000,-73000,-73000
056699,光罩國泰99購01  ,0,0,0,0,0,0,0,0,0,-74000,0,0,0,0,74000,-74000,-74000
056398,南茂永豐98購01  ,0,0,0,0,0,0,0,0,0,-74000,0,0,0,218000,292000,-74000,-74000
051577,台積電元大97購03,0,0,0,0,0,0,0,0,0,-74000,0,0,0,39000,113000,-74000,-74000
03661C,臺股指凱基9C牛03,0,0,0,0,0,0,0,0,0,-74000,0,0,0,0,74000,-74000,-74000
049847,旺宏群益94購04  ,0,0,0,0,0,0,0,0,0,-74000,0,0,0,12000,86000,-74000,-74000
052829,上銀群益96購01  ,0,0,0,0,0,0,0,0,0,-74000,0,0,0,74000,148000,-74000,-74000
054549,台積電凱基98購01,0,0,0,0,0,0,0,0,0,-74000,0,0,0,50000,124000,-74000,-74000
054584,貿聯元富97購01  ,0,0,0,0,0,0,0,0,0,-74000,0,0,0,40000,114000,-74000,-74000
052860,旺宏凱基96購03  ,0,0,0,0,0,0,0,0,0,-74000,0,0,0,0,74000,-74000,-74000
06899P,嘉澤群益98售01  ,0,0,0,0,0,0,0,0,0,-74000,0,0,0,24000,98000,-74000,-74000
1531,高林股          ,21000,98000,-77000,0,0,0,0,0,0,3000,3000,0,3000,0,0,0,-74000
1737,臺鹽            ,150001,240000,-89999,0,0,0,0,0,0,15000,15000,0,15000,0,0,0,-74999
056674,華邦電元富98購01,0,0,0,0,0,0,0,0,0,-75000,0,0,0,60000,135000,-75000,-75000
056571,燿華元大98購02  ,0,0,0,0,0,0,0,0,0,-75000,0,0,0,165000,240000,-75000,-75000
056459,茂林凱基99購01  ,0,0,0,0,0,0,0,0,0,-75000,0,0,0,43000,118000,-75000,-75000
056774,和鑫元大98購01  ,0,0,0,0,0,0,0,0,0,-75000,0,0,0,0,75000,-75000,-75000
04023P,臺股指元富99售02,0,0,0,0,0,0,0,0,0,-75000,0,0,0,774000,849000,-75000,-75000
048909,聯詠富邦94購01  ,0,0,0,0,0,0,0,0,0,-75000,0,0,0,1000,76000,-75000,-75000
051688,大立光凱基97購02,0,0,0,0,0,0,0,0,0,-75000,0,0,0,100000,175000,-75000,-75000
048426,超眾元富93購01  ,0,0,0,0,0,0,0,0,0,-75000,0,0,0,137000,212000,-75000,-75000
047063,漢唐凱基95購01  ,0,0,0,0,0,0,0,0,0,-75000,0,0,0,0,75000,-75000,-75000
052142,滬深2X群益99購04,0,0,0,0,0,0,0,0,0,-75000,0,0,0,0,75000,-75000,-75000
051431,群創元富99購02  ,0,0,0,0,0,0,0,0,0,-75000,0,0,0,0,75000,-75000,-75000
049746,全新永豐95購01  ,0,0,0,0,0,0,0,0,0,-75000,0,0,0,0,75000,-75000,-75000
053518,聯茂群益96購03  ,0,0,0,0,0,0,0,0,0,-75000,0,0,0,0,75000,-75000,-75000
053186,健策中信9C購01  ,0,0,0,0,0,0,0,0,0,-75000,0,0,0,22000,97000,-75000,-75000
054006,智易統一97購01  ,0,0,0,0,0,0,0,0,0,-75000,0,0,0,40000,115000,-75000,-75000
054594,國巨麥證97購01  ,0,0,0,10000,85000,-75000,0,0,0,-75000,0,0,0,10000,85000,-75000,-75000
054406,旺宏國票98購01  ,0,0,0,0,0,0,0,0,0,-75000,0,0,0,35000,110000,-75000,-75000
055435,佳世達中信99購01,0,0,0,0,0,0,0,0,0,-75000,0,0,0,113000,188000,-75000,-75000
055115,日月光凱基98購01,0,0,0,0,0,0,0,0,0,-75000,0,0,0,0,75000,-75000,-75000
3515,華擎            ,467000,634000,-167000,0,0,0,0,0,0,92000,43000,0,43000,83000,34000,49000,-75000
06657P,寶成元大98售01  ,0,0,0,0,0,0,0,0,0,-75000,0,0,0,19000,94000,-75000,-75000
06022P,緯穎永豐96售03  ,0,0,0,0,0,0,0,0,0,-75000,0,0,0,0,75000,-75000,-75000
056872,旺宏凱基98購08  ,0,0,0,0,0,0,0,0,0,-76000,0,0,0,0,76000,-76000,-76000
057771,鴻海群益99購01  ,0,0,0,0,0,0,0,0,0,-76000,0,0,0,77000,153000,-76000,-76000
057787,TPK國票99購01   ,0,0,0,0,0,0,0,0,0,-76000,0,0,0,0,76000,-76000,-76000
057583,啟碁中信9A購01  ,0,0,0,0,0,0,0,0,0,-76000,0,0,0,0,76000,-76000,-76000
055526,台積電群益97購02,0,0,0,0,0,0,0,0,0,-76000,0,0,0,103000,179000,-76000,-76000
047930,嘉澤凱基93購03  ,0,0,0,0,0,0,0,0,0,-76000,0,0,0,5000,81000,-76000,-76000
049118,元油2X元富94購03,0,0,0,0,0,0,0,0,0,-76000,0,0,0,130000,206000,-76000,-76000
047984,禾伸堂群益93購01,0,0,0,0,0,0,0,0,0,-76000,0,0,0,10000,86000,-76000,-76000
046370,全新麥證93購01  ,0,0,0,0,76000,-76000,0,0,0,-76000,0,0,0,0,76000,-76000,-76000
048111,奇力新群益93購06,0,0,0,0,0,0,0,0,0,-76000,0,0,0,10000,86000,-76000,-76000
00731,FH富時高息低波  ,1000,0,1000,0,0,0,0,0,0,-77000,0,0,0,185000,262000,-77000,-76000
051430,瑞昱元富95購02  ,0,0,0,0,0,0,0,0,0,-76000,0,0,0,250000,326000,-76000,-76000
052037,全新國泰96購02  ,0,0,0,0,0,0,0,0,0,-76000,0,0,0,10000,86000,-76000,-76000
055330,上銀兆豐98購02  ,0,0,0,0,0,0,0,0,0,-76000,0,0,0,0,76000,-76000,-76000
053809,上銀群益96購02  ,0,0,0,0,0,0,0,0,0,-76000,0,0,0,51000,127000,-76000,-76000
053019,禾伸堂元富96購01,0,0,0,0,0,0,0,0,0,-76000,0,0,0,142000,218000,-76000,-76000
05852P,嘉晶群益96售01  ,0,0,0,0,0,0,0,0,0,-76000,0,0,0,0,76000,-76000,-76000
056463,台虹凱基98購02  ,0,0,0,0,0,0,0,0,0,-77000,0,0,0,42000,119000,-77000,-77000
056556,南電凱基98購01  ,0,0,0,0,0,0,0,0,0,-77000,0,0,0,4000,81000,-77000,-77000
056662,臺股指元大9A購09,0,0,0,0,0,0,0,0,0,-77000,0,0,0,47000,124000,-77000,-77000
057509,聯發科統一9A購03,0,0,0,0,0,0,0,0,0,-77000,0,0,0,0,77000,-77000,-77000
057807,友訊元大98購02  ,0,0,0,0,0,0,0,0,0,-77000,0,0,0,23000,100000,-77000,-77000
057648,和碩元大98購01  ,0,0,0,0,0,0,0,0,0,-77000,0,0,0,0,77000,-77000,-77000
057659,台表科兆豐98購01,0,0,0,0,0,0,0,0,0,-77000,0,0,0,1000,78000,-77000,-77000
057091,華新科元富9A購01,0,0,0,0,0,0,0,0,0,-77000,0,0,0,146000,223000,-77000,-77000
047073,大立光兆豐94購01,0,0,0,0,0,0,0,0,0,-77000,0,0,0,0,77000,-77000,-77000
051668,智邦元大95購02  ,0,0,0,0,0,0,0,0,0,-77000,0,0,0,107000,184000,-77000,-77000
050500,台積電凱基94購36,0,0,0,0,0,0,0,0,0,-77000,0,0,0,80000,157000,-77000,-77000
050385,貿聯國票95購02  ,0,0,0,0,0,0,0,0,0,-77000,0,0,0,30000,107000,-77000,-77000
053090,新唐元大96購01  ,0,0,0,0,0,0,0,0,0,-77000,0,0,0,0,77000,-77000,-77000
054547,鴻海凱基98購02  ,0,0,0,0,0,0,0,0,0,-77000,0,0,0,0,77000,-77000,-77000
5519,隆大            ,127000,186000,-59000,0,0,0,0,0,0,-18000,2000,20000,-18000,0,0,0,-77000
4133,亞諾法          ,153000,203000,-50000,0,0,0,0,0,0,-27000,0,27000,-27000,0,0,0,-77000
057750,神達國票99購01  ,0,0,0,0,0,0,0,0,0,-78000,0,0,0,94000,172000,-78000,-78000
057493,聯詠元大98購02  ,0,0,0,0,0,0,0,0,0,-78000,0,0,0,68000,146000,-78000,-78000
056419,欣興元富98購02  ,0,0,0,0,0,0,0,0,0,-78000,0,0,0,33000,111000,-78000,-78000
056386,TPK國泰99購01   ,0,0,0,0,0,0,0,0,0,-78000,0,0,0,24000,102000,-78000,-78000
055620,樺漢國票98購01  ,0,0,0,0,0,0,0,0,0,-78000,0,0,0,11000,89000,-78000,-78000
056043,力成凱基97購01  ,0,0,0,0,0,0,0,0,0,-78000,0,0,0,9000,87000,-78000,-78000
051701,華通群益97購01  ,0,0,0,0,0,0,0,0,0,-78000,0,0,0,1000,79000,-78000,-78000
048653,巨大元大96購02  ,0,0,0,0,0,0,0,0,0,-78000,0,0,0,8000,86000,-78000,-78000
044396,燿華凱基93購02  ,0,0,0,0,0,0,0,0,0,-78000,0,0,0,20000,98000,-78000,-78000
049449,宏碁統一94購01  ,0,0,0,0,0,0,0,0,0,-78000,0,0,0,10000,88000,-78000,-78000
049420,日電貿凱基94購01,0,0,0,0,0,0,0,0,0,-78000,0,0,0,0,78000,-78000,-78000
052723,新唐統一97購01  ,0,0,0,0,0,0,0,0,0,-78000,0,0,0,0,78000,-78000,-78000
052535,日月光國泰96購01,0,0,0,0,0,0,0,0,0,-78000,0,0,0,17000,95000,-78000,-78000
052468,超眾統一96購02  ,0,0,0,0,0,0,0,0,0,-78000,0,0,0,30000,108000,-78000,-78000
050927,聯詠凱基95購01  ,0,0,0,0,0,0,0,0,0,-78000,0,0,0,0,78000,-78000,-78000
053755,亞光元富96購01  ,0,0,0,0,0,0,0,0,0,-78000,0,0,0,28000,106000,-78000,-78000
054210,台光電國票97購03,0,0,0,0,0,0,0,0,0,-78000,0,0,0,10000,88000,-78000,-78000
5225,東科-KY         ,81000,159000,-78000,0,0,0,0,0,0,0,0,0,0,0,0,0,-78000
3661,世芯-KY         ,987000,1081000,-94000,0,0,0,0,0,0,16000,5000,13000,-8000,53000,29000,24000,-78000
1215,卜蜂            ,304001,379000,-74999,0,0,0,0,0,0,-4000,0,4000,-4000,12000,12000,0,-78999
055880,神達元富97購02  ,0,0,0,0,0,0,0,0,0,-79000,0,0,0,124000,203000,-79000,-79000
057508,康控國票99購03  ,0,0,0,0,0,0,0,0,0,-79000,0,0,0,40000,119000,-79000,-79000
057380,技嘉國泰9A購01  ,0,0,0,0,0,0,0,0,0,-79000,0,0,0,188000,267000,-79000,-79000
057445,華通元富02購01  ,0,0,0,0,0,0,0,0,0,-79000,0,0,0,0,79000,-79000,-79000
048442,友訊凱基94購01  ,0,0,0,0,0,0,0,0,0,-79000,0,0,0,325000,404000,-79000,-79000
047848,可成統一93購01  ,0,0,0,0,0,0,0,0,0,-79000,0,0,0,60000,139000,-79000,-79000
050171,臺指反元大97購03,0,0,0,0,0,0,0,0,0,-79000,0,0,0,1000,80000,-79000,-79000
050183,奇鋐元大96購01  ,0,0,0,0,0,0,0,0,0,-79000,0,0,0,0,79000,-79000,-79000
054133,奇力新元大97購04,0,0,0,0,0,0,0,0,0,-79000,0,0,0,19000,98000,-79000,-79000
053921,嘉晶國票97購03  ,0,0,0,0,0,0,0,0,0,-79000,0,0,0,10000,89000,-79000,-79000
053870,正文元大96購01  ,0,0,0,0,0,0,0,0,0,-79000,0,0,0,28000,107000,-79000,-79000
053188,旺宏統一97購03  ,0,0,0,0,0,0,0,0,0,-79000,0,0,0,78000,157000,-79000,-79000
053495,聯發科兆豐96購02,0,0,0,0,0,0,0,0,0,-79000,0,0,0,188000,267000,-79000,-79000
054352,世芯國泰98購01  ,0,0,0,0,0,0,0,0,0,-79000,0,0,0,28000,107000,-79000,-79000
055157,晶豪科元大97購01,0,0,0,0,0,0,0,0,0,-79000,0,0,0,142000,221000,-79000,-79000
06692P,瑞昱凱基98售03  ,0,0,0,0,0,0,0,0,0,-79000,0,0,0,29000,108000,-79000,-79000
056912,臺股指元大99購04,0,0,0,0,0,0,0,0,0,-80000,0,0,0,0,80000,-80000,-80000
056782,鴻海群益98購04  ,0,0,0,0,0,0,0,0,0,-80000,0,0,0,405000,485000,-80000,-80000
056806,元油2X統一98購02,17000,0,17000,0,0,0,0,0,0,-97000,0,0,0,1000,98000,-97000,-80000
056842,全新元富98購01  ,0,0,0,0,0,0,0,0,0,-80000,0,0,0,13000,93000,-80000,-80000
055757,大成鋼群益99購01,0,0,0,0,0,0,0,0,0,-80000,0,0,0,10000,90000,-80000,-80000
056164,聯茂凱基98購03  ,0,0,0,0,0,0,0,0,0,-80000,0,0,0,0,80000,-80000,-80000
056182,台光電統一97購03,0,0,0,0,0,0,0,0,0,-80000,0,0,0,128000,208000,-80000,-80000
047856,GIS國票94購01   ,0,0,0,0,0,0,0,0,0,-80000,0,0,0,0,80000,-80000,-80000
047730,矽力群益93購02  ,0,0,0,0,0,0,0,0,0,-80000,0,0,0,0,80000,-80000,-80000
046719,元石油元大95購02,0,0,0,0,0,0,0,0,0,-80000,0,0,0,0,80000,-80000,-80000
048726,儒鴻麥證95購01  ,0,0,0,0,80000,-80000,0,0,0,-80000,0,0,0,0,80000,-80000,-80000
051738,全新國票96購02  ,0,0,0,0,0,0,0,0,0,-80000,0,0,0,0,80000,-80000,-80000
051536,玉晶光國票97購01,0,0,0,0,0,0,0,0,0,-80000,0,0,0,20000,100000,-80000,-80000
051930,國泰金兆豐97購01,0,0,0,0,0,0,0,0,0,-80000,0,0,0,0,80000,-80000,-80000
051896,柏文元富95購01  ,0,0,0,0,0,0,0,0,0,-80000,0,0,0,0,80000,-80000,-80000
044377,南茂兆豐93購01  ,0,0,0,0,0,0,0,0,0,-80000,0,0,0,0,80000,-80000,-80000
04436P,聯發科中信96售02,0,0,0,0,0,0,0,0,0,-80000,0,0,0,0,80000,-80000,-80000
044926,聯詠國泰93購01  ,0,0,0,0,0,0,0,0,0,-80000,0,0,0,0,80000,-80000,-80000
046047,臺股指元大93購17,0,0,0,0,0,0,0,0,0,-80000,0,0,0,30000,110000,-80000,-80000
045567,滬深2X富邦93購01,0,0,0,0,0,0,0,0,0,-80000,0,0,0,50000,130000,-80000,-80000
050686,欣興兆豐96購01  ,0,0,0,0,0,0,0,0,0,-80000,0,0,0,80000,160000,-80000,-80000
050381,鴻海兆豐94購01  ,0,0,0,0,0,0,0,0,0,-80000,0,0,0,0,80000,-80000,-80000
050397,力成元富94購01  ,0,0,0,0,0,0,0,0,0,-80000,0,0,0,75000,155000,-80000,-80000
049309,台達電凱基94購05,0,0,0,0,0,0,0,0,0,-80000,0,0,0,30000,110000,-80000,-80000
049598,超眾元大95購03  ,0,0,0,0,0,0,0,0,0,-80000,0,0,0,0,80000,-80000,-80000
051957,旺宏台新95購02  ,0,0,0,0,0,0,0,0,0,-80000,0,0,0,0,80000,-80000,-80000
052224,楠梓電凱基97購01,0,0,0,0,0,0,0,0,0,-80000,0,0,0,0,80000,-80000,-80000
050133,鈺齊凱基94購01  ,0,0,0,0,0,0,0,0,0,-80000,0,0,0,0,80000,-80000,-80000
050954,樺漢群益95購01  ,0,0,0,0,0,0,0,0,0,-80000,0,0,0,11000,91000,-80000,-80000
050947,聯發科群益95購01,0,0,0,0,0,0,0,0,0,-80000,0,0,0,0,80000,-80000,-80000
052565,上銀凱基96購01  ,0,0,0,0,0,0,0,0,0,-80000,0,0,0,80000,160000,-80000,-80000
052463,聯電統一96購01  ,0,0,0,0,0,0,0,0,0,-80000,0,0,0,48000,128000,-80000,-80000
052727,仁寶元富96購01  ,0,0,0,0,0,0,0,0,0,-80000,0,0,0,10000,90000,-80000,-80000
049919,美食元大94購03  ,0,0,0,0,0,0,0,0,0,-80000,0,0,0,0,80000,-80000,-80000
049849,欣興群益94購04  ,0,0,0,0,0,0,0,0,0,-80000,0,0,0,6000,86000,-80000,-80000
049893,日月光富邦98購01,0,0,0,0,0,0,0,0,0,-80000,0,0,0,6000,86000,-80000,-80000
054345,世芯國票96購02  ,0,0,0,0,0,0,0,0,0,-80000,0,0,0,46000,126000,-80000,-80000
054424,大成鋼富邦97購02,0,0,0,0,0,0,0,0,0,-80000,0,0,0,40000,120000,-80000,-80000
053232,友達永豐97購02  ,0,0,0,0,0,0,0,0,0,-80000,0,0,0,0,80000,-80000,-80000
053278,禾伸堂元大96購01,0,0,0,0,0,0,0,0,0,-80000,0,0,0,22000,102000,-80000,-80000
053344,嘉晶國票97購02  ,0,0,0,0,0,0,0,0,0,-80000,0,0,0,0,80000,-80000,-80000
053079,世紀鋼永豐96購01,0,0,0,0,0,0,0,0,0,-80000,0,0,0,108000,188000,-80000,-80000
053139,滬深2X永豐98購01,0,0,0,0,0,0,0,0,0,-80000,0,0,0,50000,130000,-80000,-80000
052874,超眾凱基96購01  ,0,0,0,0,0,0,0,0,0,-80000,0,0,0,0,80000,-80000,-80000
053881,南亞科中信97購01,0,0,0,0,0,0,0,0,0,-80000,0,0,0,0,80000,-80000,-80000
05365P,臺股指富邦95售05,0,0,0,0,0,0,0,0,0,-80000,0,0,0,550000,630000,-80000,-80000
053988,友達亞東96購01  ,0,0,0,0,0,0,0,0,0,-80000,0,0,0,0,80000,-80000,-80000
06351P,臺股指台新99售03,0,0,0,0,0,0,0,0,0,-80000,0,0,0,0,80000,-80000,-80000
057982,帆宣永豐98購01  ,0,0,0,0,0,0,0,0,0,-80000,0,0,0,0,80000,-80000,-80000
057559,可成兆豐99購02  ,0,0,0,0,0,0,0,0,0,-81000,0,0,0,5000,86000,-81000,-81000
03612C,臺股指元大95牛01,0,0,0,0,0,0,0,0,0,-81000,0,0,0,0,81000,-81000,-81000
047678,景碩台新93購01  ,0,0,0,0,0,0,0,0,0,-81000,0,0,0,20000,101000,-81000,-81000
051872,矽力凱基96購01  ,0,0,0,0,0,0,0,0,0,-81000,0,0,0,0,81000,-81000,-81000
04737P,正崴永豐94售02  ,0,0,0,0,0,0,0,0,0,-81000,0,0,0,0,81000,-81000,-81000
052761,可成群益96購02  ,0,0,0,0,0,0,0,0,0,-81000,0,0,0,11000,92000,-81000,-81000
050121,南電元大95購02  ,0,0,0,0,0,0,0,0,0,-81000,0,0,0,154000,235000,-81000,-81000
052191,超眾群益96購01  ,0,0,0,0,0,0,0,0,0,-81000,0,0,0,1000,82000,-81000,-81000
051968,勤誠永豐95購01  ,0,0,0,0,0,0,0,0,0,-81000,0,0,0,0,81000,-81000,-81000
049551,電子類群益94購01,0,0,0,0,0,0,0,0,0,-81000,0,0,0,0,81000,-81000,-81000
050722,聯電國票96購01  ,0,0,0,0,0,0,0,0,0,-81000,0,0,0,20000,101000,-81000,-81000
053223,台郡凱基96購02  ,0,0,0,0,0,0,0,0,0,-81000,0,0,0,0,81000,-81000,-81000
054318,台虹凱基98購01  ,0,0,0,0,0,0,0,0,0,-81000,0,0,0,70000,151000,-81000,-81000
054661,嘉聯益元大97購03,0,0,0,0,0,0,0,0,0,-81000,0,0,0,110000,191000,-81000,-81000
055335,健策兆豐98購01  ,0,0,0,0,0,0,0,0,0,-81000,0,0,0,0,81000,-81000,-81000
057577,廣宇中信9A購01  ,0,0,0,0,0,0,0,0,0,-82000,0,0,0,0,82000,-82000,-82000
055807,勤誠永豐97購01  ,0,0,0,0,0,0,0,0,0,-82000,0,0,0,0,82000,-82000,-82000
056071,創意元大97購02  ,0,0,0,0,0,0,0,0,0,-82000,0,0,0,0,82000,-82000,-82000
047875,南電永豐93購02  ,0,0,0,0,0,0,0,0,0,-82000,0,0,0,0,82000,-82000,-82000
051870,台郡凱基95購04  ,0,0,0,0,0,0,0,0,0,-82000,0,0,0,100000,182000,-82000,-82000
047548,友達凱基99購03  ,0,0,0,0,0,0,0,0,0,-82000,0,0,0,10000,92000,-82000,-82000
050065,冠德凱基94購01  ,0,0,0,0,0,0,0,0,0,-82000,0,0,0,68000,150000,-82000,-82000
052293,泰碩國票95購03  ,70000,0,70000,0,0,0,0,0,0,-152000,0,0,0,101000,253000,-152000,-82000
054641,祥碩中信98購01  ,0,0,0,0,0,0,0,0,0,-82000,0,0,0,12000,94000,-82000,-82000
053415,聯茂國票97購01  ,0,0,0,0,0,0,0,0,0,-82000,0,0,0,0,82000,-82000,-82000
053651,台光電凱基98購01,0,0,0,0,0,0,0,0,0,-82000,0,0,0,10000,92000,-82000,-82000
053597,牧德元大99購01  ,0,0,0,0,0,0,0,0,0,-82000,0,0,0,12000,94000,-82000,-82000
2059,川湖            ,108000,205000,-97000,0,0,0,6000,0,6000,9000,8000,0,8000,1000,0,1000,-82000
056376,玉晶光統一98購01,0,0,0,0,0,0,0,0,0,-83000,0,0,0,140000,223000,-83000,-83000
057060,緯穎元大98購05  ,0,0,0,0,0,0,0,0,0,-83000,0,0,0,0,83000,-83000,-83000
00690,兆豐藍籌30      ,0,0,0,0,0,0,0,0,0,-83000,0,0,0,150000,233000,-83000,-83000
048798,華新科國泰95購01,0,0,0,0,0,0,0,0,0,-83000,0,0,0,0,83000,-83000,-83000
048246,京元電兆豐93購02,0,0,0,0,0,0,0,0,0,-83000,0,0,0,0,83000,-83000,-83000
047716,晶技凱基93購03  ,0,0,0,0,0,0,0,0,0,-83000,0,0,0,41000,124000,-83000,-83000
053892,景碩群益96購02  ,0,0,0,0,0,0,0,0,0,-83000,0,0,0,0,83000,-83000,-83000
054123,易華電永豐96購03,0,0,0,0,0,0,0,0,0,-83000,0,0,0,21000,104000,-83000,-83000
053411,深中小國票9B購01,0,0,0,0,0,0,0,0,0,-83000,0,0,0,0,83000,-83000,-83000
054861,智邦群益97購01  ,0,0,0,0,0,0,0,0,0,-83000,0,0,0,91000,174000,-83000,-83000
054332,世芯永豐97購01  ,0,0,0,0,0,0,0,0,0,-83000,0,0,0,62000,145000,-83000,-83000
054384,瀚宇博群益96購02,0,0,0,0,0,0,0,0,0,-83000,0,0,0,0,83000,-83000,-83000
055377,揚明光元大98購01,0,0,0,0,0,0,0,0,0,-83000,0,0,0,0,83000,-83000,-83000
055027,牧德國泰99購01  ,0,0,0,0,0,0,0,0,0,-83000,0,0,0,202000,285000,-83000,-83000
06906P,國巨國泰99售01  ,0,0,0,0,0,0,0,0,0,-83000,0,0,0,0,83000,-83000,-83000
057245,福懋科台新98購01,0,0,0,0,0,0,0,0,0,-84000,0,0,0,0,84000,-84000,-84000
056843,冠德元富98購01  ,0,0,0,0,0,0,0,0,0,-84000,0,0,0,46000,130000,-84000,-84000
048279,聯鈞永豐93購01  ,0,0,0,0,0,0,0,0,0,-84000,0,0,0,151000,235000,-84000,-84000
048331,臺指反富邦97購01,0,0,0,0,0,0,0,0,0,-84000,0,0,0,146000,230000,-84000,-84000
03314P,台積電元大02售16,0,0,0,0,0,0,0,0,0,-84000,0,0,0,590000,674000,-84000,-84000
042558,瑞昱中信94購01  ,0,0,0,0,0,0,0,0,0,-84000,0,0,0,30000,114000,-84000,-84000
050844,大立光國票96購01,0,0,0,0,0,0,0,0,0,-84000,0,0,0,22000,106000,-84000,-84000
050046,矽力兆豐94購01  ,0,0,0,0,0,0,0,0,0,-84000,0,0,0,10000,94000,-84000,-84000
050717,京鼎群益96購01  ,0,0,0,0,0,0,0,0,0,-84000,0,0,0,7000,91000,-84000,-84000
050319,康控國票95購04  ,0,0,0,0,0,0,0,0,0,-84000,0,0,0,0,84000,-84000,-84000
054314,嘉聯益凱基97購01,0,0,0,0,0,0,0,0,0,-84000,0,0,0,0,84000,-84000,-84000
054166,日電貿凱基98購01,0,0,0,0,0,0,0,0,0,-84000,0,0,0,39000,123000,-84000,-84000
054046,義隆元大96購02  ,0,0,0,0,0,0,0,0,0,-84000,0,0,0,261000,345000,-84000,-84000
06158P,玉晶光元富97售08,0,0,0,0,0,0,0,0,0,-84000,0,0,0,45000,129000,-84000,-84000
056845,揚明光元富98購01,0,0,0,0,0,0,0,0,0,-85000,0,0,0,0,85000,-85000,-85000
057052,華擎元大98購01  ,0,0,0,0,0,0,0,0,0,-85000,0,0,0,66000,151000,-85000,-85000
057133,京鼎凱基98購02  ,0,0,0,0,0,0,0,0,0,-85000,0,0,0,10000,95000,-85000,-85000
057415,和碩日盛98購01  ,0,0,0,0,0,0,0,0,0,-85000,0,0,0,0,85000,-85000,-85000
057738,旺宏富邦9A購01  ,0,0,0,0,0,0,0,0,0,-85000,0,0,0,0,85000,-85000,-85000
048939,華擎永豐94購01  ,0,0,0,0,0,0,0,0,0,-85000,0,0,0,1000,86000,-85000,-85000
04422P,玉晶光永豐94售03,0,0,0,0,0,0,0,0,0,-85000,0,0,0,647000,732000,-85000,-85000
048704,台表科國票95購01,0,0,0,0,0,0,0,0,0,-85000,0,0,0,25000,110000,-85000,-85000
050383,超眾兆豐95購01  ,0,0,0,0,0,0,0,0,0,-85000,0,0,0,0,85000,-85000,-85000
049552,鴻海國泰96購01  ,0,0,0,0,0,0,0,0,0,-85000,0,0,0,2000,87000,-85000,-85000
049607,台積電兆豐94購04,0,0,0,0,0,0,0,0,0,-85000,0,0,0,93000,178000,-85000,-85000
052437,聯發科富邦99購02,0,0,0,0,0,0,0,0,0,-85000,0,0,0,35000,120000,-85000,-85000
04982P,臺股指中信94售03,0,0,0,0,0,0,0,0,0,-85000,0,0,0,30000,115000,-85000,-85000
053948,大立光富邦99購04,0,0,0,0,0,0,0,0,0,-85000,0,0,0,0,85000,-85000,-85000
054167,揚明光凱基98購01,0,0,0,0,0,0,0,0,0,-85000,0,0,0,0,85000,-85000,-85000
053672,嘉澤元富96購02  ,0,0,0,0,0,0,0,0,0,-85000,0,0,0,0,85000,-85000,-85000
053265,南亞科群益96購02,0,0,0,0,0,0,0,0,0,-85000,0,0,0,0,85000,-85000,-85000
052893,聯電群益98購01  ,0,0,0,0,0,0,0,0,0,-85000,0,0,0,37000,122000,-85000,-85000
053124,聯發科凱基96購12,0,0,0,0,0,0,0,0,0,-85000,0,0,0,0,85000,-85000,-85000
053117,大立光中信9A購02,0,0,0,0,0,0,0,0,0,-85000,0,0,0,0,85000,-85000,-85000
054342,亞光元富99購01  ,0,0,0,0,0,0,0,0,0,-85000,0,0,0,0,85000,-85000,-85000
054652,裕隆麥證97購01  ,0,0,0,54000,139000,-85000,0,0,0,-85000,0,0,0,54000,139000,-85000,-85000
058023,南電凱基98購02  ,0,0,0,0,0,0,0,0,0,-85000,0,0,0,20000,105000,-85000,-85000
057844,新日興永豐99購01,0,0,0,0,0,0,0,0,0,-86000,0,0,0,66000,152000,-86000,-86000
057077,國巨統一98購06  ,0,0,0,0,0,0,0,0,0,-86000,0,0,0,0,86000,-86000,-86000
056828,國巨富邦9A購03  ,0,0,0,0,0,0,0,0,0,-86000,0,0,0,30000,116000,-86000,-86000
047783,聯茂國泰94購02  ,0,0,0,0,0,0,0,0,0,-86000,0,0,0,98000,184000,-86000,-86000
03365P,元油2X富邦98售01,0,0,0,0,0,0,0,0,0,-86000,674000,0,674000,240000,1000000,-760000,-86000
048878,康控國票95購02  ,0,0,0,0,0,0,0,0,0,-86000,0,0,0,78000,164000,-86000,-86000
042501,台灣50凱基96購06,0,0,0,0,0,0,0,0,0,-86000,0,0,0,4000,90000,-86000,-86000
045055,聯發科元富98購03,0,0,0,0,0,0,0,0,0,-86000,0,0,0,56000,142000,-86000,-86000
051216,為升元富95購01  ,0,0,0,0,0,0,0,0,0,-86000,0,0,0,0,86000,-86000,-86000
050517,台積電元大94購27,0,0,0,0,0,0,0,0,0,-86000,0,0,0,1000,87000,-86000,-86000
054895,南電統一97購01  ,0,0,0,0,0,0,0,0,0,-86000,0,0,0,0,86000,-86000,-86000
055221,矽創凱基97購02  ,0,0,0,0,0,0,0,0,0,-86000,0,0,0,2000,88000,-86000,-86000
053712,台光電凱基96購04,0,0,0,0,0,0,0,0,0,-86000,0,0,0,15000,101000,-86000,-86000
053635,技嘉永豐96購01  ,0,0,0,0,0,0,0,0,0,-86000,0,0,0,63000,149000,-86000,-86000
054074,健策富邦98購01  ,0,0,0,0,0,0,0,0,0,-86000,0,0,0,26000,112000,-86000,-86000
058111,健鼎元富98購01  ,0,0,0,0,0,0,0,0,0,-86000,0,0,0,33000,119000,-86000,-86000
056328,訊芯兆豐98購01  ,0,0,0,0,0,0,0,0,0,-87000,0,0,0,0,87000,-87000,-87000
055814,晶豪科國票97購02,0,0,0,0,0,0,0,0,0,-87000,0,0,0,76000,163000,-87000,-87000
044526,訊芯凱基93購02  ,0,0,0,0,0,0,0,0,0,-87000,0,0,0,0,87000,-87000,-87000
050205,牧德群益94購02  ,0,0,0,0,0,0,0,0,0,-87000,0,0,0,20000,107000,-87000,-87000
053532,台積電永豐96購03,0,0,0,0,0,0,0,0,0,-87000,0,0,0,0,87000,-87000,-87000
054890,聯鈞統一99購01  ,0,0,0,0,0,0,0,0,0,-87000,0,0,0,84000,171000,-87000,-87000
054717,亞德客永豐97購01,0,0,0,0,0,0,0,0,0,-87000,0,0,0,21000,108000,-87000,-87000
055759,技嘉群益98購02  ,0,0,0,0,0,0,0,0,0,-88000,0,0,0,211000,299000,-88000,-88000
057860,金寶凱基98購01  ,0,0,0,0,0,0,0,0,0,-88000,0,0,0,70000,158000,-88000,-88000
048114,景碩群益93購02  ,0,0,0,0,0,0,0,0,0,-88000,0,0,0,10000,98000,-88000,-88000
047460,富邦金群益95購01,0,0,0,0,0,0,0,0,0,-88000,0,0,0,2000,90000,-88000,-88000
046528,聯詠中信94購01  ,0,0,0,0,0,0,0,0,0,-88000,0,0,0,10000,98000,-88000,-88000
051869,康控凱基96購01  ,0,0,0,0,0,0,0,0,0,-88000,0,0,0,0,88000,-88000,-88000
050227,大立光中信96購01,0,0,0,0,0,0,0,0,0,-88000,0,0,0,10000,98000,-88000,-88000
054043,漢唐元大97購01  ,0,0,0,0,0,0,0,0,0,-88000,0,0,0,0,88000,-88000,-88000
06059P,泰碩元大97售02  ,0,0,0,0,0,0,0,0,0,-88000,0,0,0,132000,220000,-88000,-88000
05693P,滬深2X凱基98售02,0,0,0,0,0,0,0,0,0,-89000,0,0,0,83000,172000,-89000,-89000
047298,聯茂元富96購01  ,0,0,0,0,0,0,0,0,0,-89000,0,0,0,0,89000,-89000,-89000
046200,上海銀凱基93購01,0,0,0,0,0,0,0,0,0,-89000,0,0,0,1000,90000,-89000,-89000
00714,群益道瓊美國地產,0,0,0,0,0,0,0,0,0,-89000,0,0,0,9000,98000,-89000,-89000
052602,聯電元大97購01  ,0,0,0,0,0,0,0,0,0,-89000,0,0,0,1000,90000,-89000,-89000
053898,康友群益97購01  ,0,0,0,0,0,0,0,0,0,-89000,0,0,0,15000,104000,-89000,-89000
054082,楠梓電元富96購01,0,0,0,0,0,0,0,0,0,-89000,0,0,0,0,89000,-89000,-89000
053112,中磊兆豐97購01  ,0,0,0,0,0,0,0,0,0,-89000,0,0,0,1000,90000,-89000,-89000
054326,宏達電台新97購02,0,0,0,0,0,0,0,0,0,-89000,0,0,0,0,89000,-89000,-89000
06246P,茂林元富97售03  ,0,0,0,0,0,0,0,0,0,-89000,0,0,0,370000,459000,-89000,-89000
056787,健鼎群益98購01  ,0,0,0,0,0,0,0,0,0,-90000,0,0,0,130000,220000,-90000,-90000
057253,高股息中信99購02,0,0,0,0,0,0,0,0,0,-90000,0,0,0,0,90000,-90000,-90000
055613,全新國票98購01  ,0,0,0,0,0,0,0,0,0,-90000,0,0,0,10000,100000,-90000,-90000
055920,智伸科凱基97購02,0,0,0,0,0,0,0,0,0,-90000,0,0,0,10000,100000,-90000,-90000
055963,欣興元大97購04  ,0,0,0,0,0,0,0,0,0,-90000,0,0,0,6000,96000,-90000,-90000
056303,亞光元大97購04  ,0,0,0,0,0,0,0,0,0,-90000,0,0,0,60000,150000,-90000,-90000
044105,聯詠中信95購01  ,0,0,0,0,0,0,0,0,0,-90000,0,0,0,148000,238000,-90000,-90000
04185P,欣興統一93售05  ,0,0,0,0,0,0,0,0,0,-90000,0,0,0,0,90000,-90000,-90000
04383P,泰鼎國泰95售01  ,0,0,0,0,0,0,0,0,0,-90000,0,0,0,0,90000,-90000,-90000
046293,聯發科統一94購01,0,0,0,0,0,0,0,0,0,-90000,0,0,0,0,90000,-90000,-90000
048700,和鑫國票95購01  ,0,0,0,0,0,0,0,0,0,-90000,0,0,0,10000,100000,-90000,-90000
052577,台積電統一96購01,0,0,0,0,0,0,0,0,0,-90000,0,0,0,20000,110000,-90000,-90000
050162,中環國泰95購01  ,0,0,0,0,0,0,0,0,0,-90000,0,0,0,0,90000,-90000,-90000
05073P,臺股指中信95售09,0,0,0,0,0,0,0,0,0,-90000,0,0,0,60000,150000,-90000,-90000
049439,牧德國泰96購01  ,0,0,0,0,0,0,0,0,0,-90000,0,0,0,0,90000,-90000,-90000
049361,華通元大94購02  ,0,0,0,0,0,0,0,0,0,-90000,0,0,0,10000,100000,-90000,-90000
049601,矽創元大95購02  ,0,0,0,0,0,0,0,0,0,-90000,0,0,0,60000,150000,-90000,-90000
049165,元油2X凱基97購01,0,0,0,0,0,0,0,0,0,-90000,0,0,0,20000,110000,-90000,-90000
054921,文曄凱基97購01  ,0,0,0,0,0,0,0,0,0,-90000,0,0,0,72000,162000,-90000,-90000
055064,碩天永豐97購01  ,0,0,0,0,0,0,0,0,0,-90000,0,0,0,0,90000,-90000,-90000
053123,京元電凱基96購01,0,0,0,0,0,0,0,0,0,-90000,0,0,0,10000,100000,-90000,-90000
053137,旺宏富邦98購01  ,0,0,0,0,0,0,0,0,0,-90000,0,0,0,0,90000,-90000,-90000
052980,上銀元大96購03  ,0,0,0,0,0,0,0,0,0,-90000,0,0,0,71000,161000,-90000,-90000
053243,楠梓電國票97購02,0,0,0,0,0,0,0,0,0,-90000,0,0,0,0,90000,-90000,-90000
053200,華邦電日盛96購01,0,0,0,0,0,0,0,0,0,-90000,0,0,0,10000,100000,-90000,-90000
053280,群創元大9C購01  ,0,0,0,0,0,0,0,0,0,-90000,0,0,0,228000,318000,-90000,-90000
054148,矽創元大96購03  ,0,0,0,0,0,0,0,0,0,-90000,0,0,0,0,90000,-90000,-90000
053677,同欣電國泰97購01,0,0,0,0,0,0,0,0,0,-90000,0,0,0,61000,151000,-90000,-90000
06322P,超眾統一97售04  ,0,0,0,0,0,0,0,0,0,-90000,0,0,0,0,90000,-90000,-90000
06731P,聯茂元大98售05  ,0,0,0,0,0,0,0,0,0,-90000,0,0,0,15000,105000,-90000,-90000
06603P,立積統一99售01  ,0,0,0,0,0,0,0,0,0,-90000,0,0,0,0,90000,-90000,-90000
06056P,台積電凱基98售02,0,0,0,0,0,0,0,0,0,-90000,0,0,0,0,90000,-90000,-90000
1560,中砂            ,146000,211000,-65000,0,0,0,0,0,0,-25000,0,25000,-25000,0,0,0,-90000
2609,陽明            ,585000,675000,-90000,0,0,0,0,0,0,0,0,0,0,0,0,0,-90000
056446,聯發科凱基98購08,0,0,0,0,0,0,0,0,0,-91000,0,0,0,40000,131000,-91000,-91000
057365,智邦元大98購07  ,0,0,0,0,0,0,0,0,0,-91000,0,0,0,23000,114000,-91000,-91000
048825,華新科凱基94購05,0,0,0,0,0,0,0,0,0,-91000,0,0,0,0,91000,-91000,-91000
048834,牧德凱基94購01  ,0,0,0,0,0,0,0,0,0,-91000,0,0,0,5000,96000,-91000,-91000
044298,南電凱基93購01  ,0,0,0,0,0,0,0,0,0,-91000,0,0,0,0,91000,-91000,-91000
051970,元黃金凱基98購01,0,0,0,0,0,0,0,0,0,-91000,0,0,0,5000,96000,-91000,-91000
051383,京鼎群益96購02  ,0,0,0,0,0,0,0,0,0,-91000,0,0,0,17000,108000,-91000,-91000
053441,旺宏凱基98購01  ,0,0,0,0,0,0,0,0,0,-91000,0,0,0,0,91000,-91000,-91000
054565,玉晶光群益99購02,0,0,0,0,0,0,0,0,0,-91000,0,0,0,26000,117000,-91000,-91000
057643,聯發科元大99購03,0,0,0,0,0,0,0,0,0,-92000,0,0,0,555000,647000,-92000,-92000
056517,茂林兆豐99購01  ,0,0,0,0,0,0,0,0,0,-92000,0,0,0,2000,94000,-92000,-92000
055623,貿聯國泰99購01  ,0,0,0,0,0,0,0,0,0,-92000,0,0,0,20000,112000,-92000,-92000
03454P,台積電凱基03售14,0,0,0,0,0,0,0,0,0,-92000,0,0,0,208000,300000,-92000,-92000
051232,貿聯群益95購02  ,0,0,0,0,0,0,0,0,0,-92000,0,0,0,0,92000,-92000,-92000
052069,聯茂兆豐96購01  ,0,0,0,0,0,0,0,0,0,-92000,0,0,0,50000,142000,-92000,-92000
050245,大立光凱基94購12,0,0,0,0,0,0,0,0,0,-92000,0,0,0,0,92000,-92000,-92000
054748,正文凱基98購01  ,0,0,0,0,0,0,0,0,0,-92000,0,0,0,0,92000,-92000,-92000
054235,欣興群益96購06  ,0,0,0,0,0,0,0,0,0,-92000,0,0,0,8000,100000,-92000,-92000
055306,燿華群益97購01  ,0,0,0,0,0,0,0,0,0,-92000,0,0,0,20000,112000,-92000,-92000
053534,微星永豐96購02  ,0,0,0,0,0,0,0,0,0,-92000,0,0,0,20000,112000,-92000,-92000
053215,禾伸堂凱基96購01,0,0,0,0,0,0,0,0,0,-92000,0,0,0,2000,94000,-92000,-92000
053553,聯詠凱基96購03  ,0,0,0,0,0,0,0,0,0,-92000,0,0,0,0,92000,-92000,-92000
06104P,大立光凱基97售04,0,0,0,0,0,0,0,0,0,-92000,0,0,0,21000,113000,-92000,-92000
058120,台灣50國票99購03,0,0,0,0,0,0,0,0,0,-92000,0,0,0,0,92000,-92000,-92000
058121,國巨國票9A購01  ,0,0,0,0,0,0,0,0,0,-92000,0,0,0,0,92000,-92000,-92000
055665,亞德客群益97購01,0,0,0,0,0,0,0,0,0,-93000,0,0,0,11000,104000,-93000,-93000
056011,矽力中信99購01  ,0,0,0,0,0,0,0,0,0,-93000,0,0,0,147000,240000,-93000,-93000
05644P,大立光中信9A售03,0,0,0,0,0,0,0,0,0,-93000,0,0,0,0,93000,-93000,-93000
056642,旺宏凱基98購07  ,0,0,0,0,0,0,0,0,0,-93000,0,0,0,44000,137000,-93000,-93000
057066,緯穎富邦99購01  ,0,0,0,0,0,0,0,0,0,-93000,0,0,0,22000,115000,-93000,-93000
03882P,鴻海元大93售10  ,0,0,0,0,0,0,0,0,0,-93000,0,0,0,6000,99000,-93000,-93000
049688,台光電元大94購04,0,0,0,0,0,0,0,0,0,-93000,0,0,0,0,93000,-93000,-93000
04993P,上銀兆豐96售01  ,0,0,0,0,0,0,0,0,0,-93000,0,0,0,0,93000,-93000,-93000
052286,力成凱基95購02  ,0,0,0,0,0,0,0,0,0,-93000,0,0,0,8000,101000,-93000,-93000
051049,亞德客群益95購01,0,0,0,0,0,0,0,0,0,-93000,0,0,0,11000,104000,-93000,-93000
053545,上銀凱基96購03  ,0,0,0,0,0,0,0,0,0,-93000,0,0,0,20000,113000,-93000,-93000
054060,晶技國票97購02  ,0,0,0,0,0,0,0,0,0,-93000,0,0,0,105000,198000,-93000,-93000
054028,臻鼎凱基96購03  ,0,0,0,0,0,0,0,0,0,-93000,0,0,0,14000,107000,-93000,-93000
055076,福懋科永豐97購01,0,0,0,0,0,0,0,0,0,-93000,0,0,0,135000,228000,-93000,-93000
055176,大毅統一98購02  ,0,0,0,0,0,0,0,0,0,-93000,0,0,0,0,93000,-93000,-93000
054881,光罩統一97購01  ,0,0,0,0,0,0,0,0,0,-93000,0,0,0,0,93000,-93000,-93000
057987,大立光元富98購02,0,0,0,0,0,0,0,0,0,-93000,0,0,0,9000,102000,-93000,-93000
057213,華邦電群益98購01,0,0,0,0,0,0,0,0,0,-94000,0,0,0,11000,105000,-94000,-94000
056742,玉晶光凱基9A購01,0,0,0,0,0,0,0,0,0,-94000,0,0,0,281000,375000,-94000,-94000
057606,健策統一98購03  ,0,0,0,0,0,0,0,0,0,-94000,0,0,0,0,94000,-94000,-94000
00650L,FH香港正2       ,0,0,0,0,0,0,0,0,0,-94000,0,0,0,140000,234000,-94000,-94000
04471P,華通元大95售03  ,0,0,0,0,0,0,0,0,0,-94000,0,0,0,106000,200000,-94000,-94000
048768,景碩凱基94購02  ,0,0,0,0,0,0,0,0,0,-94000,0,0,0,1000,95000,-94000,-94000
049034,台達電兆豐94購01,0,0,0,0,0,0,0,0,0,-94000,0,0,0,0,94000,-94000,-94000
050751,聯電統一94購05  ,0,0,0,0,0,0,0,0,0,-94000,0,0,0,0,94000,-94000,-94000
050135,禾伸堂兆豐95購01,0,0,0,0,0,0,0,0,0,-94000,0,0,0,0,94000,-94000,-94000
049451,富邦金統一94購03,0,0,0,0,0,0,0,0,0,-94000,0,0,0,0,94000,-94000,-94000
049529,華新科中信95購01,0,0,0,0,0,0,0,0,0,-94000,0,0,0,96000,190000,-94000,-94000
054827,宏全元大9A購01  ,0,0,0,0,0,0,0,0,0,-94000,0,0,0,0,94000,-94000,-94000
054396,日電貿永豐96購02,0,0,0,0,0,0,0,0,0,-94000,0,0,0,0,94000,-94000,-94000
054202,樺漢富邦97購01  ,0,0,0,0,0,0,0,0,0,-94000,0,0,0,0,94000,-94000,-94000
052884,台積電兆豐96購01,0,0,0,0,0,0,0,0,0,-94000,0,0,0,45000,139000,-94000,-94000
057625,泰鼎國泰9A購01  ,0,0,0,0,0,0,0,0,0,-95000,0,0,0,171000,266000,-95000,-95000
056765,友達元大9B購05  ,0,0,0,0,0,0,0,0,0,-95000,0,0,0,140000,235000,-95000,-95000
056599,臻鼎元富98購01  ,0,0,0,0,0,0,0,0,0,-95000,0,0,0,50000,145000,-95000,-95000
056506,晶豪科永豐98購02,0,0,0,0,0,0,0,0,0,-95000,0,0,0,68000,163000,-95000,-95000
056326,TPK兆豐98購01   ,0,0,0,0,0,0,0,0,0,-95000,0,0,0,0,95000,-95000,-95000
055593,華新科元大97購10,0,0,0,0,0,0,0,0,0,-95000,0,0,0,5000,100000,-95000,-95000
048026,瑞昱凱基94購01  ,0,0,0,0,0,0,0,0,0,-95000,0,0,0,0,95000,-95000,-95000
051543,鈺齊國票96購01  ,0,0,0,0,0,0,0,0,0,-95000,0,0,0,0,95000,-95000,-95000
046149,宏達電國票93購01,0,0,0,0,0,0,0,0,0,-95000,0,0,0,5000,100000,-95000,-95000
043641,深中小國票94購01,0,0,0,0,0,0,0,0,0,-95000,0,0,0,0,95000,-95000,-95000
03841P,聯發科統一93售02,0,0,0,0,0,0,0,0,0,-95000,0,0,0,5000,100000,-95000,-95000
050551,大立光凱基95購05,0,0,0,0,0,0,0,0,0,-95000,0,0,0,0,95000,-95000,-95000
050114,群創元大95購01  ,0,0,0,0,0,0,0,0,0,-95000,0,0,0,32000,127000,-95000,-95000
052299,T50反1台新05購03,0,0,0,0,0,0,0,0,0,-95000,0,0,0,5000,100000,-95000,-95000
051263,深中小富邦96購01,0,0,0,0,0,0,0,0,0,-95000,0,0,0,25000,120000,-95000,-95000
053003,國巨永豐96購02  ,0,0,0,0,0,0,0,0,0,-95000,0,0,0,0,95000,-95000,-95000
052935,康友元大96購03  ,0,0,0,0,0,0,0,0,0,-95000,0,0,0,25000,120000,-95000,-95000
053478,京鼎元大96購01  ,0,0,0,0,0,0,0,0,0,-95000,0,0,0,82000,177000,-95000,-95000
054768,泰碩國票99購02  ,0,0,0,0,0,0,0,0,0,-95000,0,0,0,20000,115000,-95000,-95000
054802,高股息元大97購01,0,0,0,0,0,0,0,0,0,-95000,0,0,0,0,95000,-95000,-95000
057909,台光電兆豐98購01,0,0,0,0,0,0,0,0,0,-95000,0,0,0,0,95000,-95000,-95000
05984P,台積電統一98售01,0,0,0,0,0,0,0,0,0,-95000,0,0,0,30000,125000,-95000,-95000
06219P,國巨元富97售05  ,0,0,0,0,0,0,0,0,0,-95000,0,0,0,44000,139000,-95000,-95000
9946,三發地產        ,396000,496903,-100903,0,0,0,0,0,0,5000,6000,1000,5000,0,0,0,-95903
055531,華新科群益98購03,0,0,0,0,0,0,0,0,0,-96000,0,0,0,31000,127000,-96000,-96000
055733,奇力新元富97購01,0,0,0,0,0,0,0,0,0,-96000,0,0,0,43000,139000,-96000,-96000
056076,超眾元大97購05  ,0,0,0,0,0,0,0,0,0,-96000,0,0,0,4000,100000,-96000,-96000
055789,台虹凱基97購01  ,0,0,0,0,0,0,0,0,0,-96000,0,0,0,10000,106000,-96000,-96000
056528,為升凱基98購01  ,0,0,0,0,0,0,0,0,0,-96000,0,0,0,112000,208000,-96000,-96000
056491,南亞科國泰99購01,0,0,0,0,0,0,0,0,0,-96000,0,0,0,10000,106000,-96000,-96000
057683,技嘉日盛98購01  ,0,0,0,0,0,0,0,0,0,-96000,0,0,0,10000,106000,-96000,-96000
057305,南亞科兆豐98購02,0,0,0,0,0,0,0,0,0,-96000,0,0,0,70000,166000,-96000,-96000
051558,元金2X國泰97購01,0,0,0,0,0,0,0,0,0,-96000,0,0,0,0,96000,-96000,-96000
048697,華新科國票94購06,0,0,0,0,0,0,0,0,0,-96000,0,0,0,12000,108000,-96000,-96000
046960,台新金中信95購01,0,0,0,0,0,0,0,0,0,-96000,0,0,0,0,96000,-96000,-96000
051484,玉晶光凱基97購01,0,0,0,0,0,0,0,0,0,-96000,0,0,0,23000,119000,-96000,-96000
051493,台郡凱基95購02  ,0,0,0,0,0,0,0,0,0,-96000,0,0,0,56000,152000,-96000,-96000
049890,嘉澤國泰95購01  ,0,0,0,0,0,0,0,0,0,-96000,0,0,0,0,96000,-96000,-96000
052778,智原國票97購01  ,0,0,0,0,0,0,0,0,0,-96000,0,0,0,0,96000,-96000,-96000
051932,康控國票96購02  ,0,0,0,0,0,0,0,0,0,-96000,0,0,0,50000,146000,-96000,-96000
051943,台積電麥證95購03,0,0,0,0,96000,-96000,0,0,0,-96000,0,0,0,0,96000,-96000,-96000
050224,台泥中信94購01  ,0,0,0,0,0,0,0,0,0,-96000,0,0,0,0,96000,-96000,-96000
050433,華新科凱基94購11,0,0,0,0,0,0,0,0,0,-96000,0,0,0,0,96000,-96000,-96000
054889,京鼎統一99購01  ,0,0,0,0,0,0,0,0,0,-96000,0,0,0,69000,165000,-96000,-96000
054578,世芯元大99購01  ,0,0,0,0,0,0,0,0,0,-96000,0,0,0,31000,127000,-96000,-96000
054576,健策元大98購03  ,0,0,0,0,0,0,0,0,0,-96000,0,0,0,31000,127000,-96000,-96000
054965,健策元大98購04  ,0,0,0,0,0,0,0,0,0,-96000,0,0,0,10000,106000,-96000,-96000
053046,智易中信96購01  ,0,0,0,0,0,0,0,0,0,-96000,0,0,0,0,96000,-96000,-96000
053600,同欣電元大96購04,0,0,0,0,0,0,0,0,0,-96000,0,0,0,31000,127000,-96000,-96000
057419,奇力新凱基98購06,0,0,0,0,0,0,0,0,0,-97000,0,0,0,0,97000,-97000,-97000
057514,華新科元富99購03,0,0,0,0,0,0,0,0,0,-97000,0,0,0,28000,125000,-97000,-97000
057244,鈺齊凱基99購01  ,0,0,0,0,0,0,0,0,0,-97000,0,0,0,10000,107000,-97000,-97000
056597,宏碁元富98購01  ,0,0,0,0,0,0,0,0,0,-97000,0,0,0,47000,144000,-97000,-97000
055852,聯鈞元大98購01  ,0,0,0,0,0,0,0,0,0,-97000,0,0,0,68000,165000,-97000,-97000
046492,旺宏富邦94購02  ,0,0,0,0,0,0,0,0,0,-97000,0,0,0,10000,107000,-97000,-97000
047926,可成凱基94購02  ,0,0,0,0,0,0,0,0,0,-97000,0,0,0,0,97000,-97000,-97000
051553,牧德永豐96購02  ,0,0,0,0,0,0,0,0,0,-97000,0,0,0,16000,113000,-97000,-97000
047559,彩晶凱基94購03  ,0,0,0,0,0,0,0,0,0,-97000,0,0,0,3000,100000,-97000,-97000
044763,瀚宇博凱基93購01,0,0,0,0,0,0,0,0,0,-97000,0,0,0,25000,122000,-97000,-97000
044605,超眾國泰93購02  ,0,0,0,0,0,0,0,0,0,-97000,0,0,0,3000,100000,-97000,-97000
050617,神基元大94購01  ,0,0,0,0,0,0,0,0,0,-97000,0,0,0,173000,270000,-97000,-97000
052831,華固群益96購01  ,0,0,0,0,0,0,0,0,0,-97000,0,0,0,3000,100000,-97000,-97000
051030,康友元富95購01  ,0,0,0,0,0,0,0,0,0,-97000,0,0,0,0,97000,-97000,-97000
051104,鈺齊元大96購01  ,0,0,0,0,0,0,0,0,0,-97000,0,0,0,3000,100000,-97000,-97000
053357,可成統一96購02  ,0,0,0,0,0,0,0,0,0,-97000,0,0,0,535000,632000,-97000,-97000
053257,華通富邦97購01  ,0,0,0,0,0,0,0,0,0,-97000,0,0,0,0,97000,-97000,-97000
054461,台積電凱基97購09,0,0,0,0,0,0,0,0,0,-97000,0,0,0,40000,137000,-97000,-97000
057088,上銀元富98購01  ,0,0,0,0,0,0,0,0,0,-98000,0,0,0,2000,100000,-98000,-98000
057512,華邦電台新98購01,0,0,0,0,0,0,0,0,0,-98000,0,0,0,0,98000,-98000,-98000
057420,美食凱基98購01  ,0,0,0,0,0,0,0,0,0,-98000,0,0,0,0,98000,-98000,-98000
057775,南亞科群益98購02,0,0,0,0,0,0,0,0,0,-98000,0,0,0,7000,105000,-98000,-98000
057818,泰碩元大9A購01  ,0,0,0,0,0,0,0,0,0,-98000,0,0,0,84000,182000,-98000,-98000
03576P,台灣50元富06售01,0,0,0,0,0,0,0,0,0,-98000,0,0,0,195000,293000,-98000,-98000
051644,聯茂康和95購01  ,0,0,0,0,0,0,0,0,0,-98000,0,0,0,0,98000,-98000,-98000
050783,旺宏國泰96購02  ,0,0,0,0,0,0,0,0,0,-98000,0,0,0,40000,138000,-98000,-98000
052595,奇力新群益96購01,0,0,0,0,0,0,0,0,0,-98000,0,0,0,80000,178000,-98000,-98000
051437,百和元富95購02  ,0,0,0,0,0,0,0,0,0,-98000,0,0,0,0,98000,-98000,-98000
051832,復盛元大95購01  ,0,0,0,0,0,0,0,0,0,-98000,0,0,0,0,98000,-98000,-98000
052211,台積電元大95購22,0,0,0,0,0,0,0,0,0,-98000,0,0,0,3000,101000,-98000,-98000
054530,台光電國泰97購03,0,0,0,0,0,0,0,0,0,-98000,0,0,0,0,98000,-98000,-98000
054630,聯鈞凱基98購01  ,0,0,0,0,0,0,0,0,0,-98000,0,0,0,37000,135000,-98000,-98000
054871,明泰群益98購01  ,0,0,0,0,0,0,0,0,0,-98000,0,0,0,0,98000,-98000,-98000
055287,日電貿元大97購01,0,0,0,0,0,0,0,0,0,-98000,0,0,0,91000,189000,-98000,-98000
053113,瀚宇博兆豐97購01,0,0,0,0,0,0,0,0,0,-98000,0,0,0,0,98000,-98000,-98000
052970,美律群益96購01  ,0,0,0,0,0,0,0,0,0,-98000,0,0,0,0,98000,-98000,-98000
053673,超眾元富96購03  ,0,0,0,0,0,0,0,0,0,-98000,0,0,0,0,98000,-98000,-98000
053689,台光電元大96購01,0,0,0,0,0,0,0,0,0,-98000,0,0,0,6000,104000,-98000,-98000
053829,力成麥證96購01  ,0,0,0,12000,110000,-98000,0,0,0,-98000,0,0,0,12000,110000,-98000,-98000
06898P,FBVIX群益9C售03 ,0,0,0,0,0,0,0,0,0,-98000,0,0,0,2000,100000,-98000,-98000
1736,喬山            ,667000,519280,147720,0,0,0,0,250000,-250000,4000,6000,0,6000,10000,12000,-2000,-98280
057719,欣興元富02購01  ,0,0,0,0,0,0,0,0,0,-99000,0,0,0,0,99000,-99000,-99000
057592,美律兆豐99購01  ,0,0,0,0,0,0,0,0,0,-99000,0,0,0,38000,137000,-99000,-99000
057558,致新凱基98購01  ,0,0,0,0,0,0,0,0,0,-99000,0,0,0,0,99000,-99000,-99000
057236,聯詠凱基98購03  ,0,0,0,0,0,0,0,0,0,-99000,0,0,0,0,99000,-99000,-99000
057154,易華電國泰99購01,0,0,0,0,0,0,0,0,0,-99000,0,0,0,10000,109000,-99000,-99000
055720,宏達電元大97購05,0,0,0,0,0,0,0,0,0,-99000,0,0,0,82000,181000,-99000,-99000
055547,台積電凱基97購13,0,0,0,0,0,0,0,0,0,-99000,0,0,0,0,99000,-99000,-99000
048162,矽力麥證93購01  ,0,0,0,1000,100000,-99000,0,0,0,-99000,0,0,0,1000,100000,-99000,-99000
044928,玉晶光國泰93購01,0,0,0,0,0,0,0,0,0,-99000,0,0,0,7000,106000,-99000,-99000
042918,矽格元大94購01  ,0,0,0,0,0,0,0,0,0,-99000,0,0,0,0,99000,-99000,-99000
051124,創意群益95購01  ,0,0,0,0,0,0,0,0,0,-99000,0,0,0,100000,199000,-99000,-99000
051372,樺漢富邦96購01  ,0,0,0,0,0,0,0,0,0,-99000,0,0,0,2000,101000,-99000,-99000
054194,國巨麥證96購02  ,0,0,0,43000,129000,-86000,0,0,0,-99000,0,0,0,43000,142000,-99000,-99000
053465,聯電元大96購05  ,0,0,0,0,0,0,0,0,0,-99000,0,0,0,1000,100000,-99000,-99000
055472,大立光凱基97購07,0,0,0,0,0,0,0,0,0,-100000,0,0,0,0,100000,-100000,-100000
055832,台達電元大97購02,0,0,0,0,0,0,0,0,0,-100000,0,0,0,0,100000,-100000,-100000
056604,鴻海富邦9A購01  ,0,0,0,0,0,0,0,0,0,-100000,0,0,0,0,100000,-100000,-100000
056685,光罩統一98購03  ,0,0,0,0,0,0,0,0,0,-100000,0,0,0,2000,102000,-100000,-100000
056533,友達凱基9A購02  ,0,0,0,0,0,0,0,0,0,-100000,0,0,0,0,100000,-100000,-100000
056244,群創群益98購09  ,0,0,0,0,0,0,0,0,0,-100000,0,0,0,0,100000,-100000,-100000
057168,旺宏元大99購03  ,0,0,0,0,0,0,0,0,0,-100000,0,0,0,0,100000,-100000,-100000
057181,亞光元大98購02  ,0,0,0,0,0,0,0,0,0,-100000,0,0,0,0,100000,-100000,-100000
057289,力成元大98購03  ,0,0,0,0,0,0,0,0,0,-100000,0,0,0,0,100000,-100000,-100000
057287,彩晶元大9C購03  ,0,0,0,0,0,0,0,0,0,-100000,0,0,0,0,100000,-100000,-100000
056821,日電貿永豐98購01,0,0,0,0,0,0,0,0,0,-100000,0,0,0,27000,127000,-100000,-100000
057399,滬深反群益9C購01,0,0,0,0,0,0,0,0,0,-100000,0,0,0,0,100000,-100000,-100000
057310,聯發科日盛99購01,0,0,0,0,0,0,0,0,0,-100000,0,0,0,0,100000,-100000,-100000
057838,台郡國泰99購01  ,0,0,0,0,0,0,0,0,0,-100000,0,0,0,10000,110000,-100000,-100000
042930,大立光中信94購01,0,0,0,0,0,0,0,0,0,-100000,0,0,0,0,100000,-100000,-100000
043784,鴻海凱基94購01  ,0,0,0,0,0,0,0,0,0,-100000,0,0,0,0,100000,-100000,-100000
047618,義隆凱基94購02  ,0,0,0,0,0,0,0,0,0,-100000,0,0,0,0,100000,-100000,-100000
048942,上緯控永豐94購01,0,0,0,0,0,0,0,0,0,-100000,0,0,0,0,100000,-100000,-100000
048977,晶相光元大94購01,0,0,0,0,0,0,0,0,0,-100000,0,0,0,0,100000,-100000,-100000
04483P,元油2X凱基97售04,0,0,0,0,0,0,0,0,0,-100000,0,0,0,70000,170000,-100000,-100000
044637,滬深2X元富94購01,0,0,0,0,0,0,0,0,0,-100000,0,0,0,0,100000,-100000,-100000
03298P,台積電統一03售15,0,0,0,0,0,0,0,0,0,-100000,0,0,0,105000,205000,-100000,-100000
04013P,漢唐元大93售05  ,0,0,0,0,0,0,0,0,0,-100000,0,0,0,0,100000,-100000,-100000
048054,鴻海國泰95購01  ,0,0,0,0,0,0,0,0,0,-100000,0,0,0,2000,102000,-100000,-100000
04804P,聯發科凱基94售12,0,0,0,0,0,0,0,0,0,-100000,0,0,0,0,100000,-100000,-100000
047960,鈺齊永豐93購01  ,0,0,0,0,0,0,0,0,0,-100000,0,0,0,0,100000,-100000,-100000
047823,臺股指凱基93購17,0,0,0,0,0,0,0,0,0,-100000,0,0,0,340000,440000,-100000,-100000
049039,富邦金兆豐94購01,0,0,0,0,0,0,0,0,0,-100000,0,0,0,0,100000,-100000,-100000
049049,玉晶光康和94購02,0,0,0,0,0,0,0,0,0,-100000,0,0,0,0,100000,-100000,-100000
04774P,金融類元大94售02,0,0,0,0,0,0,0,0,0,-100000,0,0,0,0,100000,-100000,-100000
04773P,金融類元大94售01,0,0,0,0,0,0,0,0,0,-100000,0,0,0,0,100000,-100000,-100000
047311,台積電元大93購19,0,0,0,0,0,0,0,0,0,-100000,0,0,0,60000,160000,-100000,-100000
05153P,台表科群益96售01,0,0,0,0,0,0,0,0,0,-100000,0,0,0,10000,110000,-100000,-100000
048829,欣興凱基94購02  ,0,0,0,0,0,0,0,0,0,-100000,0,0,0,0,100000,-100000,-100000
048756,志超元富96購02  ,0,0,0,0,0,0,0,0,0,-100000,0,0,0,0,100000,-100000,-100000
048455,上緯控凱基94購01,0,0,0,0,0,0,0,0,0,-100000,0,0,0,0,100000,-100000,-100000
04828P,聯發科凱基94售15,0,0,0,0,0,0,0,0,0,-100000,0,0,0,8000,108000,-100000,-100000
051787,燿華國票96購02  ,0,0,0,0,0,0,0,0,0,-100000,0,0,0,0,100000,-100000,-100000
051795,T50反1台新05購02,0,0,0,0,0,0,0,0,0,-100000,0,0,0,2728000,2828000,-100000,-100000
051358,台新金元大95購01,0,0,0,0,0,0,0,0,0,-100000,0,0,0,0,100000,-100000,-100000
051390,京元電兆豐95購01,0,0,0,0,0,0,0,0,0,-100000,0,0,0,0,100000,-100000,-100000
051480,大立光凱基97購01,0,0,0,0,0,0,0,0,0,-100000,0,0,0,0,100000,-100000,-100000
051288,可成統一95購03  ,0,0,0,0,0,0,0,0,0,-100000,0,0,0,0,100000,-100000,-100000
051346,仁寶元大95購01  ,0,0,0,0,0,0,0,0,0,-100000,0,0,0,0,100000,-100000,-100000
051131,玉山金台新95購01,0,0,0,0,0,0,0,0,0,-100000,0,0,0,0,100000,-100000,-100000
051076,緯創國泰96購01  ,0,0,0,0,0,0,0,0,0,-100000,0,0,0,20000,120000,-100000,-100000
050879,樺漢統一95購02  ,0,0,0,0,0,0,0,0,0,-100000,0,0,0,0,100000,-100000,-100000
050780,台表科元大96購01,0,0,0,0,0,0,0,0,0,-100000,0,0,0,0,100000,-100000,-100000
050994,欣興元大96購03  ,0,0,0,0,0,0,0,0,0,-100000,0,0,0,6000,106000,-100000,-100000
050164,揚明光國泰95購01,0,0,0,0,0,0,0,0,0,-100000,0,0,0,0,100000,-100000,-100000
052435,滬深2X富邦96購05,0,0,0,0,0,0,0,0,0,-100000,0,0,0,0,100000,-100000,-100000
05266P,華新科元大95售11,0,0,0,0,0,0,0,0,0,-100000,0,0,0,100000,200000,-100000,-100000
052506,日月光日盛95購01,0,0,0,0,0,0,0,0,0,-100000,0,0,0,0,100000,-100000,-100000
049703,訊芯元大95購01  ,0,0,0,0,0,0,0,0,0,-100000,0,0,0,0,100000,-100000,-100000
052168,鴻海元大96購10  ,0,0,0,0,0,0,0,0,0,-100000,0,0,0,0,100000,-100000,-100000
049579,鴻海元大94購06  ,0,0,0,0,0,0,0,0,0,-100000,0,0,0,0,100000,-100000,-100000
049582,台積電元大95購03,0,0,0,0,0,0,0,0,0,-100000,0,0,0,325000,425000,-100000,-100000
050530,台表科元大95購04,0,0,0,0,0,0,0,0,0,-100000,0,0,0,100000,200000,-100000,-100000
049452,新光金統一94購02,0,0,0,0,0,0,0,0,0,-100000,0,0,0,0,100000,-100000,-100000
049279,元油2X國票94購02,0,0,0,0,0,0,0,0,0,-100000,0,0,0,0,100000,-100000,-100000
053408,友達兆豐98購01  ,0,0,0,0,0,0,0,0,0,-100000,0,0,0,0,100000,-100000,-100000
053207,SP黃豆凱基96購01,0,0,0,0,0,0,0,0,0,-100000,0,0,0,0,100000,-100000,-100000
05317P,臺股指永昌95售02,0,0,0,0,0,0,0,0,0,-100000,240000,0,240000,40000,380000,-340000,-100000
053149,京元電元大96購02,0,0,0,0,0,0,0,0,0,-100000,0,0,0,0,100000,-100000,-100000
054182,台積電康和96購01,0,0,0,0,0,0,0,0,0,-100000,0,0,0,0,100000,-100000,-100000
054023,和大康和96購01  ,0,0,0,0,0,0,0,0,0,-100000,0,0,0,0,100000,-100000,-100000
053977,新日興元大96購03,0,0,0,0,0,0,0,0,0,-100000,0,0,0,44000,144000,-100000,-100000
053877,奇力新亞東96購01,0,0,0,0,0,0,0,0,0,-100000,0,0,0,0,100000,-100000,-100000
053749,揚明光永豐97購01,0,0,0,0,0,0,0,0,0,-100000,0,0,0,10000,110000,-100000,-100000
053724,聯詠凱基96購04  ,0,0,0,0,0,0,0,0,0,-100000,0,0,0,60000,160000,-100000,-100000
053779,台光電元大96購02,0,0,0,0,0,0,0,0,0,-100000,0,0,0,4000,104000,-100000,-100000
053688,燿華元大96購05  ,0,0,0,0,0,0,0,0,0,-100000,0,0,0,4000,104000,-100000,-100000
055456,上銀富邦99購01  ,0,0,0,0,0,0,0,0,0,-100000,0,0,0,0,100000,-100000,-100000
054930,群電凱基98購01  ,0,0,0,0,0,0,0,0,0,-100000,0,0,0,0,100000,-100000,-100000
054893,帆宣統一99購01  ,0,0,0,0,0,0,0,0,0,-100000,0,0,0,0,100000,-100000,-100000
054835,致新中信97購01  ,0,0,0,0,0,0,0,0,0,-100000,0,0,0,0,100000,-100000,-100000
054812,鴻海元大97購08  ,0,0,0,0,0,0,0,0,0,-100000,0,0,0,508000,608000,-100000,-100000
054714,和鑫台新98購01  ,0,0,0,0,0,0,0,0,0,-100000,0,0,0,0,100000,-100000,-100000
054675,美律台新98購01  ,0,0,0,0,0,0,0,0,0,-100000,0,0,0,0,100000,-100000,-100000
054463,瑞昱凱基97購01  ,0,0,0,0,0,0,0,0,0,-100000,0,0,0,0,100000,-100000,-100000
054306,聯發科凱基96購23,0,0,0,0,0,0,0,0,0,-100000,0,0,0,0,100000,-100000,-100000
06683P,訊芯元大98售07  ,0,0,0,0,0,0,0,0,0,-100000,0,0,0,495000,595000,-100000,-100000
06691P,臺股指群益9C售05,0,0,0,0,0,0,0,0,0,-100000,0,0,0,0,100000,-100000,-100000
06809P,電子類群益98售03,0,0,0,0,0,0,0,0,0,-100000,0,0,0,0,100000,-100000,-100000
057875,京鼎元大98購03  ,0,0,0,0,0,0,0,0,0,-100000,0,0,0,0,100000,-100000,-100000
057991,健策統一9C購01  ,0,0,0,0,0,0,0,0,0,-100000,0,0,0,0,100000,-100000,-100000
056844,欣興元富98購03  ,0,0,0,0,0,0,0,0,0,-101000,0,0,0,15000,116000,-101000,-101000
057120,茂林康和98購01  ,0,0,0,0,0,0,0,0,0,-101000,0,0,0,0,101000,-101000,-101000
056457,嘉澤凱基98購01  ,0,0,0,0,0,0,0,0,0,-101000,0,0,0,7000,108000,-101000,-101000
055763,鎧勝群益97購01  ,0,0,0,0,0,0,0,0,0,-101000,0,0,0,10000,111000,-101000,-101000
045414,康控群益94購02  ,0,0,0,0,0,0,0,0,0,-101000,0,0,0,260000,361000,-101000,-101000
044516,景碩凱基93購02  ,0,0,0,0,0,0,0,0,0,-101000,0,0,0,20000,121000,-101000,-101000
049395,元油2X群益94購03,0,0,0,0,0,0,0,0,0,-101000,0,0,0,0,101000,-101000,-101000
052241,台郡國票96購01  ,0,0,0,0,0,0,0,0,0,-101000,0,0,0,0,101000,-101000,-101000
050116,嘉澤元大94購03  ,0,0,0,0,0,0,0,0,0,-101000,0,0,0,19000,120000,-101000,-101000
050049,華通群益96購01  ,0,0,0,0,0,0,0,0,0,-101000,0,0,0,114000,215000,-101000,-101000
050083,旺宏元富94購01  ,0,0,0,0,0,0,0,0,0,-101000,0,0,0,0,101000,-101000,-101000
052629,訊芯中信99購01  ,0,0,0,0,0,0,0,0,0,-101000,0,0,0,0,101000,-101000,-101000
052285,康控凱基95購02  ,0,0,0,0,0,0,0,0,0,-101000,0,0,0,0,101000,-101000,-101000
054230,上銀群益96購03  ,0,0,0,0,0,0,0,0,0,-101000,0,0,0,86000,187000,-101000,-101000
054542,台表科國票98購01,0,0,0,0,0,0,0,0,0,-101000,0,0,0,39000,140000,-101000,-101000
054879,大成鋼統一97購01,0,0,0,0,0,0,0,0,0,-101000,0,0,0,95000,196000,-101000,-101000
055197,致新元富97購02  ,0,0,0,0,0,0,0,0,0,-101000,0,0,0,0,101000,-101000,-101000
053799,矽創中信9A購01  ,0,0,0,0,0,0,0,0,0,-101000,0,0,0,0,101000,-101000,-101000
053818,富邦金群益98購01,0,0,0,0,0,0,0,0,0,-101000,0,0,0,2000,103000,-101000,-101000
054126,和大元大96購02  ,0,0,0,0,0,0,0,0,0,-101000,0,0,0,0,101000,-101000,-101000
06795P,臺股指凱基98售05,0,0,0,0,0,0,0,0,0,-101000,0,0,0,272000,373000,-101000,-101000
06942P,台灣50台新02售01,0,0,0,0,0,0,0,0,0,-101000,0,0,0,519000,620000,-101000,-101000
2634,漢翔            ,563000,648000,-85000,0,0,0,2000,0,2000,-18000,12000,30000,-18000,0,0,0,-101000
1476,儒鴻            ,345660,326767,18893,0,0,0,1000,140000,-139000,18608,20000,1000,19000,4000,4392,-392,-101499
055586,旺宏元大98購06  ,0,0,0,0,0,0,0,0,0,-102000,0,0,0,0,102000,-102000,-102000
055978,大立光統一98購05,0,0,0,0,0,0,0,0,0,-102000,0,0,0,0,102000,-102000,-102000
056193,聯發科富邦99購08,0,0,0,0,0,0,0,0,0,-102000,0,0,0,217000,319000,-102000,-102000
057141,嘉聯益兆豐99購01,0,0,0,0,0,0,0,0,0,-102000,0,0,0,6000,108000,-102000,-102000
057573,京鼎永豐98購02  ,0,0,0,0,0,0,0,0,0,-102000,0,0,0,0,102000,-102000,-102000
048675,台達電國泰94購02,0,0,0,0,0,0,0,0,0,-102000,0,0,0,0,102000,-102000,-102000
053994,微星群益96購01  ,0,0,0,0,0,0,0,0,0,-102000,0,0,0,10000,112000,-102000,-102000
053952,南亞科台新96購01,0,0,0,0,0,0,0,0,0,-102000,0,0,0,0,102000,-102000,-102000
053966,旺宏元大96購08  ,0,200000,-200000,0,0,0,0,0,0,98000,0,0,0,704000,606000,98000,-102000
053180,同欣電統一96購01,0,0,0,0,0,0,0,0,0,-102000,0,0,0,28000,130000,-102000,-102000
054886,大毅統一97購01  ,0,0,0,0,0,0,0,0,0,-102000,0,0,0,0,102000,-102000,-102000
054292,欣興元大96購06  ,0,0,0,0,0,0,0,0,0,-102000,0,0,0,56000,158000,-102000,-102000
057438,禾伸堂國票99購01,0,0,0,0,0,0,0,0,0,-103000,0,0,0,23000,126000,-103000,-103000
057731,華擎國泰9A購02  ,0,0,0,0,0,0,0,0,0,-103000,0,0,0,53000,156000,-103000,-103000
057110,立積群益98購01  ,0,0,0,0,0,0,0,0,0,-103000,0,0,0,58000,161000,-103000,-103000
056183,南亞科統一97購02,0,0,0,0,0,0,0,0,0,-103000,0,0,0,48000,151000,-103000,-103000
056179,康友元富97購02  ,0,0,0,0,0,0,0,0,0,-103000,0,0,0,0,103000,-103000,-103000
056315,同欣電元大97購05,0,0,0,0,0,0,0,0,0,-103000,0,0,0,185000,288000,-103000,-103000
055948,道瓊銀元大98購02,0,0,0,0,0,0,0,0,0,-103000,0,0,0,0,103000,-103000,-103000
046903,友達凱基99購01  ,0,0,0,0,0,0,0,0,0,-103000,0,0,0,0,103000,-103000,-103000
048153,台積電兆豐94購01,0,0,0,0,0,0,0,0,0,-103000,0,0,0,55000,158000,-103000,-103000
044961,聯電中信94購01  ,0,0,0,0,0,0,0,0,0,-103000,0,0,0,20000,123000,-103000,-103000
04898P,瑞儀中信95售01  ,0,0,0,0,0,0,0,0,0,-103000,0,0,0,25000,128000,-103000,-103000
050750,上銀統一94購02  ,0,0,0,0,0,0,0,0,0,-103000,0,0,0,10000,113000,-103000,-103000
052747,京鼎元大97購01  ,0,0,0,0,0,0,0,0,0,-103000,0,0,0,0,103000,-103000,-103000
049614,聯茂中信94購01  ,0,0,0,0,0,0,0,0,0,-103000,0,0,0,176000,279000,-103000,-103000
050566,高股息中信97購02,0,0,0,0,0,0,0,0,0,-103000,0,0,0,0,103000,-103000,-103000
054249,技嘉元大96購03  ,0,0,0,0,0,0,0,0,0,-103000,0,0,0,73000,176000,-103000,-103000
054450,聯茂第一96購01  ,0,0,0,0,0,0,0,0,0,-103000,0,0,0,100000,203000,-103000,-103000
054907,帆宣康和97購01  ,0,0,0,0,0,0,0,0,0,-103000,0,0,0,1000,104000,-103000,-103000
055460,華擎永豐97購01  ,0,0,0,0,0,0,0,0,0,-103000,0,0,0,19000,122000,-103000,-103000
055345,國巨凱基98購01  ,0,0,0,0,0,0,0,0,0,-103000,0,0,0,65000,168000,-103000,-103000
053181,滬深2X元富99購02,0,0,0,0,0,0,0,0,0,-103000,0,0,0,0,103000,-103000,-103000
053169,貿聯群益97購01  ,0,0,0,0,0,0,0,0,0,-103000,0,0,0,102000,205000,-103000,-103000
056028,GIS群益97購02   ,0,0,0,0,0,0,0,0,0,-104000,0,0,0,25000,129000,-104000,-104000
055564,茂林凱基98購01  ,0,0,0,0,0,0,0,0,0,-104000,0,0,0,32000,136000,-104000,-104000
056256,聯茂元富97購03  ,0,0,0,0,0,0,0,0,0,-104000,0,0,0,30000,134000,-104000,-104000
056561,台光電群益98購02,0,0,0,0,0,0,0,0,0,-104000,0,0,0,4000,108000,-104000,-104000
057059,易華電元大99購01,0,0,0,0,0,0,0,0,0,-104000,0,0,0,0,104000,-104000,-104000
050477,矽力永豐94購01  ,0,0,0,0,0,0,0,0,0,-104000,0,0,0,141000,245000,-104000,-104000
052154,緯創台新95購01  ,0,0,0,0,0,0,0,0,0,-104000,0,0,0,0,104000,-104000,-104000
052647,晶技永豐97購01  ,0,0,0,0,0,0,0,0,0,-104000,0,0,0,117000,221000,-104000,-104000
050922,南亞科凱基95購02,0,0,0,0,0,0,0,0,0,-104000,0,0,0,165000,269000,-104000,-104000
052897,緯創群益96購03  ,0,0,0,0,0,0,0,0,0,-104000,0,0,0,20000,124000,-104000,-104000
055372,宏達電元大97購04,0,0,0,0,0,0,0,0,0,-104000,0,0,0,99000,203000,-104000,-104000
054228,貿聯元富96購03  ,0,0,0,0,0,0,0,0,0,-104000,0,0,0,72000,176000,-104000,-104000
057235,亞光凱基98購04  ,0,0,0,0,0,0,0,0,0,-105000,0,0,0,3000,108000,-105000,-105000
056840,友達元富98購02  ,0,0,0,0,0,0,0,0,0,-105000,0,0,0,0,105000,-105000,-105000
056907,群創元大9C購04  ,0,0,0,0,0,0,0,0,0,-105000,0,0,0,0,105000,-105000,-105000
056865,樺漢群益98購01  ,0,0,0,0,0,0,0,0,0,-105000,0,0,0,17000,122000,-105000,-105000
056514,訊芯亞東99購01  ,0,0,0,0,0,0,0,0,0,-105000,0,0,0,0,105000,-105000,-105000
056687,元大金統一98購01,0,0,0,0,0,0,0,0,0,-105000,0,0,0,71000,176000,-105000,-105000
042516,健策凱基93購01  ,0,0,0,0,0,0,0,0,0,-105000,0,0,0,0,105000,-105000,-105000
041973,台灣50中信94購01,0,0,0,0,0,0,0,0,0,-105000,0,0,0,0,105000,-105000,-105000
048563,明泰元大94購01  ,0,0,0,0,0,0,0,0,0,-105000,0,0,0,0,105000,-105000,-105000
048450,聯詠凱基93購09  ,0,0,0,0,0,0,0,0,0,-105000,0,0,0,0,105000,-105000,-105000
050832,力成凱基95購01  ,0,0,0,0,0,0,0,0,0,-105000,0,0,0,0,105000,-105000,-105000
051403,玉晶光永豐95購05,0,0,0,0,0,0,0,0,0,-105000,0,0,0,19000,124000,-105000,-105000
052368,力成國票96購01  ,0,0,0,0,0,0,0,0,0,-105000,0,0,0,0,105000,-105000,-105000
050404,元大金麥證94購01,0,0,0,15000,120000,-105000,0,0,0,-105000,0,0,0,15000,120000,-105000,-105000
050315,和碩兆豐95購01  ,0,0,0,0,0,0,0,0,0,-105000,0,0,0,0,105000,-105000,-105000
054796,康普群益98購01  ,0,0,0,0,0,0,0,0,0,-105000,0,0,0,0,105000,-105000,-105000
054676,牧德台新98購01  ,0,0,0,0,0,0,0,0,0,-105000,0,0,0,10000,115000,-105000,-105000
052925,日電貿永豐96購01,0,0,0,0,0,0,0,0,0,-105000,0,0,0,45000,150000,-105000,-105000
053383,京元電元大97購01,0,0,0,0,0,0,0,0,0,-105000,0,0,0,0,105000,-105000,-105000
1809,中釉            ,257000,362000,-105000,0,0,0,0,0,0,0,0,0,0,0,0,0,-105000
058031,旺宏永豐98購04  ,0,0,0,0,0,0,0,0,0,-105000,0,0,0,0,105000,-105000,-105000
058039,元石油元大98購03,0,0,0,0,0,0,0,0,0,-105000,0,0,0,0,105000,-105000,-105000
055783,群創凱基99購03  ,0,0,0,0,0,0,0,0,0,-106000,0,0,0,0,106000,-106000,-106000
057723,臺股指元富98購02,0,0,0,0,0,0,0,0,0,-106000,0,0,0,72000,178000,-106000,-106000
047818,台郡凱基93購04  ,0,0,0,0,0,0,0,0,0,-106000,0,0,0,10000,116000,-106000,-106000
047051,可成國票94購01  ,0,0,0,0,0,0,0,0,0,-106000,0,0,0,0,106000,-106000,-106000
041527,T50反1中信96購01,0,0,0,0,0,0,0,0,0,-106000,0,0,0,56000,162000,-106000,-106000
052204,台泥中信96購01  ,0,0,0,0,0,0,0,0,0,-106000,0,0,0,0,106000,-106000,-106000
049173,鴻海凱基94購15  ,0,0,0,0,0,0,0,0,0,-106000,0,0,0,0,106000,-106000,-106000
050790,昇陽半國泰96購02,0,0,0,0,0,0,0,0,0,-106000,0,0,0,0,106000,-106000,-106000
052551,台積電國票97購03,0,0,0,0,0,0,0,0,0,-106000,0,0,0,62000,168000,-106000,-106000
053209,台積電凱基96購07,0,0,0,0,0,0,0,0,0,-106000,0,0,0,0,106000,-106000,-106000
053812,台積電群益96購09,0,0,0,0,0,0,0,0,0,-106000,0,0,0,0,106000,-106000,-106000
055187,彩晶統一98購01  ,0,0,0,0,0,0,0,0,0,-106000,0,0,0,2000,108000,-106000,-106000
057916,國巨凱基98購13  ,0,0,0,0,0,0,0,0,0,-106000,0,0,0,24000,130000,-106000,-106000
06552P,茂林元大99售02  ,0,0,0,0,0,0,0,0,0,-106000,0,0,0,11000,117000,-106000,-106000
06470P,臺股指凱基99售10,0,0,0,0,0,0,0,0,0,-106000,0,0,0,267000,373000,-106000,-106000
056754,智易兆豐99購01  ,0,0,0,0,0,0,0,0,0,-107000,0,0,0,112000,219000,-107000,-107000
055745,臻鼎元富97購01  ,0,0,0,0,0,0,0,0,0,-107000,0,0,0,78000,185000,-107000,-107000
056440,智邦凱基98購03  ,0,0,0,0,0,0,0,0,0,-107000,0,0,0,35000,142000,-107000,-107000
046298,聯發科富邦94購01,0,0,0,0,0,0,0,0,0,-107000,0,0,0,33000,140000,-107000,-107000
05258P,臺股指凱基96售11,0,0,0,0,0,0,0,0,0,-107000,0,0,0,341000,448000,-107000,-107000
051340,健策永豐95購03  ,0,0,0,0,0,0,0,0,0,-107000,0,0,0,0,107000,-107000,-107000
052208,力成麥證95購01  ,0,0,0,20000,127000,-107000,0,0,0,-107000,0,0,0,20000,127000,-107000,-107000
052043,瑞昱日盛95購01  ,0,0,0,0,0,0,0,0,0,-107000,0,0,0,20000,127000,-107000,-107000
051432,群創元富99購03  ,0,0,0,0,0,0,0,0,0,-107000,0,0,0,15000,122000,-107000,-107000
051428,玉晶光統一96購01,0,0,0,0,0,0,0,0,0,-107000,0,0,0,50000,157000,-107000,-107000
055393,華新科統一97購03,0,0,0,0,0,0,0,0,0,-107000,0,0,0,48000,155000,-107000,-107000
054772,康控國票98購02  ,0,0,0,0,0,0,0,0,0,-107000,0,0,0,9000,116000,-107000,-107000
054319,世紀鋼凱基96購02,0,0,0,0,0,0,0,0,0,-107000,0,0,0,178000,285000,-107000,-107000
054151,瑞昱國泰97購01  ,0,0,0,0,0,0,0,0,0,-107000,0,0,0,75000,182000,-107000,-107000
053365,彩晶國泰98購01  ,0,0,0,0,0,0,0,0,0,-107000,0,0,0,0,107000,-107000,-107000
056333,台積電日盛9B購01,0,0,0,0,0,0,0,0,0,-108000,0,0,0,52000,160000,-108000,-108000
056014,上銀群益97購02  ,0,0,0,0,0,0,0,0,0,-108000,0,0,0,0,108000,-108000,-108000
057811,南亞科元大98購08,0,0,0,0,0,0,0,0,0,-108000,0,0,0,0,108000,-108000,-108000
051907,台積電元大97購05,0,0,0,0,0,0,0,0,0,-108000,0,0,0,12000,120000,-108000,-108000
04041P,大立光統一94售03,0,0,0,0,0,0,0,0,0,-108000,0,0,0,0,108000,-108000,-108000
050228,中磊中信96購01  ,0,0,0,0,0,0,0,0,0,-108000,0,0,0,0,108000,-108000,-108000
049327,台郡元富94購01  ,0,0,0,0,0,0,0,0,0,-108000,0,0,0,12000,120000,-108000,-108000
049250,華通元大95購04  ,0,0,0,0,0,0,0,0,0,-108000,0,0,0,25000,133000,-108000,-108000
049961,GIS統一94購01   ,0,0,0,0,0,0,0,0,0,-108000,0,0,0,0,108000,-108000,-108000
051006,中磊中信95購01  ,0,0,0,0,0,0,0,0,0,-108000,0,0,0,0,108000,-108000,-108000
052432,康友永豐95購04  ,0,0,0,0,0,0,0,0,0,-108000,0,0,0,28000,136000,-108000,-108000
052712,旺宏凱基96購02  ,0,0,0,0,0,0,0,0,0,-108000,0,0,0,28000,136000,-108000,-108000
053385,聯詠元大96購02  ,0,0,0,0,0,0,0,0,0,-108000,0,0,0,55000,163000,-108000,-108000
054085,華新科統一96購04,0,0,0,0,0,0,0,0,0,-108000,0,0,0,48000,156000,-108000,-108000
910322,康師傅-DR       ,0,108000,-108000,0,0,0,0,0,0,0,0,0,0,0,0,0,-108000
057809,英業達元大98購01,0,0,0,0,0,0,0,0,0,-109000,0,0,0,0,109000,-109000,-109000
057673,臻鼎元大98購01  ,0,0,0,0,0,0,0,0,0,-109000,0,0,0,20000,129000,-109000,-109000
056565,欣興群益98購03  ,0,0,0,0,0,0,0,0,0,-109000,0,0,0,186000,295000,-109000,-109000
04850P,全新永豐94售03  ,0,0,0,0,0,0,0,0,0,-109000,0,0,0,12000,121000,-109000,-109000
051485,玉晶光凱基97購02,0,0,0,0,0,0,0,0,0,-109000,0,0,0,26000,135000,-109000,-109000
054300,華通凱基96購07  ,0,0,0,0,0,0,0,0,0,-109000,0,0,0,0,109000,-109000,-109000
055099,可成日盛97購01  ,0,0,0,0,0,0,0,0,0,-109000,0,0,0,40000,149000,-109000,-109000
054986,藍天元富97購01  ,0,0,0,0,0,0,0,0,0,-109000,0,0,0,0,109000,-109000,-109000
057884,華邦電群益98購02,0,0,0,0,0,0,0,0,0,-109000,0,0,0,46000,155000,-109000,-109000
056518,美律國票99購01  ,0,0,0,0,0,0,0,0,0,-110000,0,0,0,0,110000,-110000,-110000
056312,茂林元大98購01  ,0,0,0,0,0,0,0,0,0,-110000,0,0,0,14000,124000,-110000,-110000
056284,台積電永豐97購06,0,0,0,0,0,0,0,0,0,-110000,0,0,0,227000,337000,-110000,-110000
057798,貿聯兆豐99購01  ,0,0,0,0,0,0,0,0,0,-110000,0,0,0,105000,215000,-110000,-110000
057444,台泥元富98購01  ,0,0,0,0,0,0,0,0,0,-110000,0,0,0,70000,180000,-110000,-110000
056856,華通群益9A購01  ,0,0,0,0,0,0,0,0,0,-110000,0,0,0,14000,124000,-110000,-110000
048799,台積電富邦94購03,0,0,0,0,0,0,0,0,0,-110000,0,0,0,17000,127000,-110000,-110000
046882,智易富邦97購01  ,0,0,0,0,0,0,0,0,0,-110000,0,0,0,60000,170000,-110000,-110000
047187,亞光元大94購01  ,0,0,0,0,0,0,0,0,0,-110000,0,0,0,0,110000,-110000,-110000
04223P,友達統一93售05  ,0,0,0,0,0,0,0,0,0,-110000,0,0,0,10000,120000,-110000,-110000
051352,南亞科元大95購02,0,0,0,0,0,0,0,0,0,-110000,0,0,0,41000,151000,-110000,-110000
051077,台郡國泰96購02  ,0,0,0,0,0,0,0,0,0,-110000,0,0,0,20000,130000,-110000,-110000
052726,鴻海元富96購03  ,0,0,0,0,0,0,0,0,0,-110000,0,0,0,300000,410000,-110000,-110000
052538,和大統一95購02  ,0,0,0,0,0,0,0,0,0,-110000,0,0,0,0,110000,-110000,-110000
052559,茂林國票97購01  ,0,0,0,0,0,0,0,0,0,-110000,0,0,0,8000,118000,-110000,-110000
052612,康舒元大97購01  ,0,0,0,0,0,0,0,0,0,-110000,0,0,0,0,110000,-110000,-110000
049257,南亞科元大94購03,0,0,0,0,0,0,0,0,0,-110000,0,0,0,0,110000,-110000,-110000
050374,上緯控元大95購01,0,0,0,0,0,0,0,0,0,-110000,0,0,0,0,110000,-110000,-110000
050524,宏達電元大95購04,0,0,0,0,0,0,0,0,0,-110000,0,0,0,10000,120000,-110000,-110000
054989,精元元富97購01  ,0,0,0,0,0,0,0,0,0,-110000,0,0,0,0,110000,-110000,-110000
055391,光罩統一97購02  ,0,0,0,0,0,0,0,0,0,-110000,0,0,0,0,110000,-110000,-110000
055422,康控永豐97購01  ,0,0,0,0,0,0,0,0,0,-110000,0,0,0,159000,269000,-110000,-110000
055225,華邦電國票99購01,0,0,0,0,0,0,0,0,0,-110000,0,0,0,50000,160000,-110000,-110000
055284,全新元大99購01  ,0,0,0,0,0,0,0,0,0,-110000,0,0,0,0,110000,-110000,-110000
055266,京鼎永豐97購01  ,0,0,0,0,0,0,0,0,0,-110000,0,0,0,10000,120000,-110000,-110000
054425,聯發科富邦99購03,0,0,0,0,0,0,0,0,0,-110000,0,0,0,382000,492000,-110000,-110000
05479P,華新科台新96售01,0,0,0,0,0,0,0,0,0,-110000,0,0,0,230000,340000,-110000,-110000
054130,漢唐元大97購02  ,0,0,0,0,0,0,0,0,0,-110000,0,0,0,0,110000,-110000,-110000
053619,和碩群益96購01  ,0,0,0,0,0,0,0,0,0,-110000,0,0,0,0,110000,-110000,-110000
058049,帆宣元大98購01  ,0,0,0,0,0,0,0,0,0,-110000,0,0,0,0,110000,-110000,-110000
06910P,元油2X元大98售23,0,0,0,0,0,0,0,0,0,-110000,0,0,0,260000,370000,-110000,-110000
1101B,台泥乙特        ,0,0,0,0,0,0,0,0,0,-110000,11000,121000,-110000,0,0,0,-110000
057183,玉晶光元大99購07,0,0,0,0,0,0,0,0,0,-111000,0,0,0,100000,211000,-111000,-111000
057540,緯穎日盛99購01  ,0,0,0,0,0,0,0,0,0,-111000,0,0,0,7000,118000,-111000,-111000
057784,台積電國票9B購01,0,0,0,0,0,0,0,0,0,-111000,0,0,0,16000,127000,-111000,-111000
057698,奇力新群益98購02,0,0,0,0,0,0,0,0,0,-111000,0,0,0,59000,170000,-111000,-111000
056616,台光電永豐98購01,0,0,0,0,0,0,0,0,0,-111000,0,0,0,21000,132000,-111000,-111000
047343,台達電中信95購01,0,0,0,0,0,0,0,0,0,-111000,0,0,0,10000,121000,-111000,-111000
047871,健策永豐93購02  ,0,0,0,0,0,0,0,0,0,-111000,0,0,0,2000,113000,-111000,-111000
051928,大立光中信96購03,0,0,0,0,0,0,0,0,0,-111000,0,0,0,20000,131000,-111000,-111000
048307,道瓊指凱基93購01,0,0,0,0,0,0,0,0,0,-111000,0,0,0,0,111000,-111000,-111000
050310,卜蜂兆豐94購01  ,0,0,0,0,0,0,0,0,0,-111000,0,0,0,0,111000,-111000,-111000
050687,上銀日盛94購01  ,0,0,0,0,0,0,0,0,0,-111000,0,0,0,207000,318000,-111000,-111000
050955,達方群益97購01  ,0,0,0,0,0,0,0,0,0,-111000,0,0,0,0,111000,-111000,-111000
053642,瀚宇博永豐96購01,0,0,0,0,0,0,0,0,0,-111000,0,0,0,0,111000,-111000,-111000
053765,智邦富邦96購01  ,0,0,0,0,0,0,0,0,0,-111000,0,0,0,0,111000,-111000,-111000
054113,奇力新台新97購01,0,0,0,0,0,0,0,0,0,-111000,0,0,0,1000,112000,-111000,-111000
06949P,台表科元大99售01,0,0,0,0,0,0,0,0,0,-111000,0,0,0,0,111000,-111000,-111000
056701,國產國泰9A購01  ,0,0,0,0,0,0,0,0,0,-112000,0,0,0,10000,122000,-112000,-112000
056643,奇力新凱基99購01,0,0,0,0,0,0,0,0,0,-112000,0,0,0,19000,131000,-112000,-112000
056363,華新科元大99購04,0,0,0,0,0,0,0,0,0,-112000,0,0,0,18000,130000,-112000,-112000
048480,FB上証中信94購01,0,0,0,0,0,0,0,0,0,-112000,0,0,0,0,112000,-112000,-112000
049124,可成元富94購02  ,0,0,0,0,0,0,0,0,0,-112000,0,0,0,0,112000,-112000,-112000
045087,玉晶光元大95購01,0,0,0,0,0,0,0,0,0,-112000,0,0,0,74000,186000,-112000,-112000
05037P,華新科元大95售09,0,0,0,0,0,0,0,0,0,-112000,0,0,0,60000,172000,-112000,-112000
049608,旺宏兆豐94購02  ,0,0,0,0,0,0,0,0,0,-112000,0,0,0,0,112000,-112000,-112000
053690,南亞科元大96購02,0,0,0,0,0,0,0,0,0,-112000,0,0,0,37000,149000,-112000,-112000
052943,奇力新國票96購02,0,0,0,0,0,0,0,0,0,-112000,0,0,0,38000,150000,-112000,-112000
052909,上銀統一96購01  ,0,0,0,0,0,0,0,0,0,-112000,0,0,0,28000,140000,-112000,-112000
053070,訊芯群益96購01  ,0,0,0,0,0,0,0,0,0,-112000,0,0,0,62000,174000,-112000,-112000
054412,智邦元大96購03  ,0,0,0,0,0,0,0,0,0,-112000,0,0,0,64000,176000,-112000,-112000
055327,致新國票98購01  ,0,0,0,0,0,0,0,0,0,-112000,0,0,0,15000,127000,-112000,-112000
06915P,晶技元富98售02  ,0,0,0,0,0,0,0,0,0,-112000,0,0,0,46000,158000,-112000,-112000
06557P,台積電兆豐98售02,0,0,0,0,0,0,0,0,0,-112000,0,0,0,13000,125000,-112000,-112000
056137,聯鈞元大9A購01  ,0,0,0,0,0,0,0,0,0,-113000,0,0,0,44000,157000,-113000,-113000
056477,欣興元大98購02  ,0,0,0,0,0,0,0,0,0,-113000,0,0,0,26000,139000,-113000,-113000
055990,矽創元富97購01  ,0,0,0,0,0,0,0,0,0,-113000,0,0,0,10000,123000,-113000,-113000
055501,創意元大97購01  ,0,0,0,0,0,0,0,0,0,-113000,0,0,0,50000,163000,-113000,-113000
056726,友達日盛9A購01  ,0,0,0,0,0,0,0,0,0,-113000,0,0,0,0,113000,-113000,-113000
056815,元油2X永豐98購05,0,0,0,0,0,0,0,0,0,-113000,0,0,0,0,113000,-113000,-113000
047688,亞德客富邦95購01,0,0,0,0,0,0,0,0,0,-113000,0,0,0,10000,123000,-113000,-113000
048462,南電凱基93購06  ,0,0,0,0,0,0,0,0,0,-113000,0,0,0,51000,164000,-113000,-113000
051777,聯發科群益95購04,0,0,0,0,0,0,0,0,0,-113000,0,0,0,30000,143000,-113000,-113000
050491,旺宏國泰96購01  ,0,0,0,0,0,0,0,0,0,-113000,0,0,0,21000,134000,-113000,-113000
049437,可成國泰96購01  ,0,0,0,0,0,0,0,0,0,-113000,0,0,0,45000,158000,-113000,-113000
052575,茂林凱基96購04  ,0,0,0,0,0,0,0,0,0,-113000,0,0,0,10000,123000,-113000,-113000
050760,矽力元富94購03  ,0,0,0,0,0,0,0,0,0,-113000,0,0,0,5000,118000,-113000,-113000
055240,京元電元富97購01,0,0,0,0,0,0,0,0,0,-113000,0,0,0,0,113000,-113000,-113000
054920,智原凱基98購01  ,0,0,0,0,0,0,0,0,0,-113000,0,0,0,0,113000,-113000,-113000
052945,嘉晶國票97購01  ,0,0,0,0,0,0,0,0,0,-113000,0,0,0,0,113000,-113000,-113000
053392,致新元大96購01  ,0,0,0,0,0,0,0,0,0,-113000,0,0,0,0,113000,-113000,-113000
053219,祥碩凱基96購01  ,0,0,0,0,0,0,0,0,0,-113000,0,0,0,99000,212000,-113000,-113000
053774,台達電元大96購04,0,0,0,0,0,0,0,0,0,-113000,0,0,0,5000,118000,-113000,-113000
053852,南亞科國泰98購01,0,0,0,0,0,0,0,0,0,-113000,0,0,0,61000,174000,-113000,-113000
054134,強茂元大96購01  ,0,0,0,0,0,0,0,0,0,-113000,0,0,0,120000,233000,-113000,-113000
056931,智原台新98購01  ,0,0,0,0,0,0,0,0,0,-114000,0,0,0,0,114000,-114000,-114000
057756,瑞昱日盛99購01  ,0,0,0,0,0,0,0,0,0,-114000,0,0,0,0,114000,-114000,-114000
057813,京元電元大98購03,0,0,0,0,0,0,0,0,0,-114000,0,0,0,24000,138000,-114000,-114000
057532,智原元大98購03  ,0,0,0,0,0,0,0,0,0,-114000,0,0,0,2000,116000,-114000,-114000
056468,鴻海元大98購07  ,0,0,0,0,0,0,0,0,0,-114000,0,0,0,15000,129000,-114000,-114000
056120,聯茂群益97購02  ,0,0,0,0,0,0,0,0,0,-114000,0,0,0,60000,174000,-114000,-114000
051522,玉晶光凱基95購05,0,0,0,0,0,0,0,0,0,-114000,0,0,0,27000,141000,-114000,-114000
047004,台積電統一99購01,0,0,0,0,0,0,0,0,0,-114000,0,0,0,126000,240000,-114000,-114000
052830,台光電群益96購01,0,0,0,0,0,0,0,0,0,-114000,0,0,0,56000,170000,-114000,-114000
054019,燿華台新96購01  ,0,0,0,0,0,0,0,0,0,-114000,0,0,0,0,114000,-114000,-114000
053871,臻鼎元大96購03  ,0,0,0,0,0,0,0,0,0,-114000,0,0,0,18000,132000,-114000,-114000
053872,臻鼎元大96購04  ,0,0,0,0,0,0,0,0,0,-114000,0,0,0,50000,164000,-114000,-114000
052854,聯詠日盛96購01  ,0,0,0,0,0,0,0,0,0,-114000,0,0,0,0,114000,-114000,-114000
054937,國巨元大97購03  ,0,0,0,0,0,0,0,0,0,-114000,0,0,0,77000,191000,-114000,-114000
055032,億光富邦99購01  ,0,0,0,0,0,0,0,0,0,-114000,0,0,0,20000,134000,-114000,-114000
054253,宏達電元大97購03,0,0,0,0,0,0,0,0,0,-114000,0,0,0,81000,195000,-114000,-114000
058096,南電元大98購04  ,0,0,0,0,0,0,0,0,0,-114000,0,0,0,15000,129000,-114000,-114000
058149,百和元大99購02  ,0,0,0,0,0,0,0,0,0,-114000,0,0,0,0,114000,-114000,-114000
058154,泰碩統一9A購01  ,0,0,0,0,0,0,0,0,0,-114000,0,0,0,0,114000,-114000,-114000
2903,遠百            ,1370000,1540750,-170750,0,0,0,0,0,0,56000,56000,0,56000,0,0,0,-114750
056391,大立光富邦9C購01,0,0,0,0,0,0,0,0,0,-115000,0,0,0,200000,315000,-115000,-115000
055596,新光金元大9B購02,0,0,0,0,0,0,0,0,0,-115000,0,0,0,0,115000,-115000,-115000
055964,正文元大97購02  ,0,0,0,0,0,0,0,0,0,-115000,0,0,0,10000,125000,-115000,-115000
055879,神達元富97購01  ,0,0,0,0,0,0,0,0,0,-115000,0,0,0,269000,384000,-115000,-115000
057429,華新科兆豐98購03,0,0,0,0,0,0,0,0,0,-115000,0,0,0,340000,455000,-115000,-115000
057724,亞德客國泰99購01,0,0,0,0,0,0,0,0,0,-115000,0,0,0,50000,165000,-115000,-115000
056949,義隆統一98購01  ,0,0,0,0,0,0,0,0,0,-115000,0,0,0,0,115000,-115000,-115000
056969,智易永豐98購01  ,0,0,0,0,0,0,0,0,0,-115000,0,0,0,66000,181000,-115000,-115000
047491,旺宏統一94購03  ,0,0,0,0,0,0,0,0,0,-115000,0,0,0,28000,143000,-115000,-115000
04497P,元油2X富邦97售03,0,0,0,0,0,0,0,0,0,-115000,0,0,0,880000,995000,-115000,-115000
052678,群創富邦96購01  ,0,0,0,0,0,0,0,0,0,-115000,0,0,0,0,115000,-115000,-115000
052444,友訊元大95購01  ,0,0,0,0,0,0,0,0,0,-115000,0,0,0,45000,160000,-115000,-115000
052610,貿聯元大97購01  ,0,0,0,0,0,0,0,0,0,-115000,0,0,0,20000,135000,-115000,-115000
049903,大立光元富94購06,0,0,0,0,0,0,0,0,0,-115000,0,0,0,0,115000,-115000,-115000
049539,元油2X群益9A購01,0,0,0,0,0,0,0,0,0,-115000,0,0,0,23000,138000,-115000,-115000
051843,聯發科富邦99購01,0,0,0,0,0,0,0,0,0,-115000,0,0,0,20000,135000,-115000,-115000
054572,國巨元大98購03  ,0,0,0,0,0,0,0,0,0,-115000,0,0,0,192000,307000,-115000,-115000
053086,宏達電元大97購01,0,0,0,0,0,0,0,0,0,-115000,0,0,0,88000,203000,-115000,-115000
053822,正文群益97購01  ,0,0,0,0,0,0,0,0,0,-115000,0,0,0,0,115000,-115000,-115000
053897,台郡群益96購01  ,0,0,0,0,0,0,0,0,0,-115000,0,0,0,6000,121000,-115000,-115000
053919,可成國票97購02  ,0,0,0,0,0,0,0,0,0,-115000,0,0,0,20000,135000,-115000,-115000
057201,華擎元富98購01  ,0,0,0,0,0,0,0,0,0,-116000,0,0,0,59000,175000,-116000,-116000
057072,日月光永豐98購01,0,0,0,0,0,0,0,0,0,-116000,0,0,0,0,116000,-116000,-116000
056999,元油2X國票98購02,0,0,0,0,0,0,0,0,0,-116000,0,0,0,0,116000,-116000,-116000
057456,道瓊銀富邦9C購01,0,0,0,0,0,0,0,0,0,-116000,0,0,0,130000,246000,-116000,-116000
056002,嘉晶永豐97購01  ,0,0,0,0,0,0,0,0,0,-116000,0,0,0,4000,120000,-116000,-116000
055529,華邦電群益97購02,0,0,0,0,0,0,0,0,0,-116000,0,0,0,0,116000,-116000,-116000
047213,新日興富邦97購01,0,0,0,0,0,0,0,0,0,-116000,0,0,0,22000,138000,-116000,-116000
049055,聯詠永豐94購01  ,0,0,0,0,0,0,0,0,0,-116000,0,0,0,0,116000,-116000,-116000
051871,同欣電凱基95購02,0,0,0,0,0,0,0,0,0,-116000,0,0,0,51000,167000,-116000,-116000
051747,貿聯國泰96購01  ,0,0,0,0,0,0,0,0,0,-116000,0,0,0,50000,166000,-116000,-116000
051404,牧德永豐96購01  ,0,0,0,0,0,0,0,0,0,-116000,0,0,0,29000,145000,-116000,-116000
052342,茂林凱基96購01  ,0,0,0,0,0,0,0,0,0,-116000,0,0,0,39000,155000,-116000,-116000
050558,台積電統一94購14,0,0,0,0,0,0,0,0,0,-116000,0,0,0,4000,120000,-116000,-116000
049745,國巨永豐94購04  ,0,0,0,0,0,0,0,0,0,-116000,0,0,0,205000,321000,-116000,-116000
049864,聯發科兆豐94購01,0,0,0,0,0,0,0,0,0,-116000,0,0,0,178000,294000,-116000,-116000
050813,旺宏凱基96購01  ,0,0,0,0,0,0,0,0,0,-116000,0,0,0,3000,119000,-116000,-116000
052823,創意永豐96購02  ,0,0,0,0,0,0,0,0,0,-116000,0,0,0,0,116000,-116000,-116000
054142,致伸元大97購01  ,0,0,0,0,0,0,0,0,0,-116000,0,0,0,0,116000,-116000,-116000
053332,創意永豐96購03  ,0,0,0,0,0,0,0,0,0,-116000,0,0,0,86000,202000,-116000,-116000
053405,台達電兆豐96購01,0,0,0,0,0,0,0,0,0,-116000,0,0,0,0,116000,-116000,-116000
053492,華邦電兆豐97購01,0,0,0,0,0,0,0,0,0,-116000,0,0,0,0,116000,-116000,-116000
054794,貿聯群益98購01  ,0,0,0,0,0,0,0,0,0,-116000,0,0,0,22000,138000,-116000,-116000
055046,上銀永豐97購01  ,0,0,0,0,0,0,0,0,0,-116000,0,0,0,126000,242000,-116000,-116000
055030,帆宣國泰99購02  ,0,0,0,0,0,0,0,0,0,-116000,0,0,0,51000,167000,-116000,-116000
06078P,臺股指凱基9A售01,0,0,0,0,0,0,0,0,0,-116000,0,0,0,306000,422000,-116000,-116000
055985,聯鈞元富97購01  ,0,0,0,0,0,0,0,0,0,-117000,0,0,0,75000,192000,-117000,-117000
056480,京鼎元大98購02  ,0,0,0,0,0,0,0,0,0,-117000,0,0,0,0,117000,-117000,-117000
056493,晶技國泰99購01  ,0,0,0,0,0,0,0,0,0,-117000,0,0,0,62000,179000,-117000,-117000
056526,力山凱基98購01  ,0,0,0,0,0,0,0,0,0,-117000,0,0,0,0,117000,-117000,-117000
056549,嘉聯益凱基98購04,0,0,0,0,0,0,0,0,0,-117000,0,0,0,193000,310000,-117000,-117000
057449,華新科元富99購02,0,0,0,0,0,0,0,0,0,-117000,0,0,0,27000,144000,-117000,-117000
057642,南亞科元大98購07,0,0,0,0,0,0,0,0,0,-117000,0,0,0,7000,124000,-117000,-117000
057112,立積群益99購01  ,0,0,0,0,0,0,0,0,0,-117000,0,0,0,77000,194000,-117000,-117000
049904,矽力元富94購01  ,0,0,0,0,0,0,0,0,0,-117000,0,0,0,1000,118000,-117000,-117000
049761,亞德客國泰95購03,0,0,0,0,0,0,0,0,0,-117000,0,0,0,20000,137000,-117000,-117000
055029,帆宣國泰99購01  ,0,0,0,0,0,0,0,0,0,-117000,0,0,0,0,117000,-117000,-117000
054994,建準元富97購01  ,0,0,0,0,0,0,0,0,0,-117000,0,0,0,0,117000,-117000,-117000
055130,京鼎康和97購01  ,0,0,0,0,0,0,0,0,0,-117000,0,0,0,0,117000,-117000,-117000
055248,可成統一97購02  ,0,0,0,0,0,0,0,0,0,-117000,0,0,0,0,117000,-117000,-117000
054479,緯創中信98購01  ,0,0,0,0,0,0,0,0,0,-117000,0,0,0,0,117000,-117000,-117000
052869,新日興凱基96購01,0,0,0,0,0,0,0,0,0,-117000,0,0,0,84000,201000,-117000,-117000
057144,南電兆豐98購01  ,0,0,0,0,0,0,0,0,0,-118000,0,0,0,2000,120000,-118000,-118000
057284,新日興元大98購03,0,0,0,0,0,0,0,0,0,-118000,0,0,0,0,118000,-118000,-118000
057267,康控兆豐99購01  ,0,0,0,0,0,0,0,0,0,-118000,0,0,0,48000,166000,-118000,-118000
056995,華新科日盛99購01,0,0,0,0,0,0,0,0,0,-118000,0,0,0,2000,120000,-118000,-118000
056940,嘉聯益元富98購01,0,0,0,0,0,0,0,0,0,-118000,0,0,0,27000,145000,-118000,-118000
048703,康控國票95購01  ,0,0,0,0,0,0,0,0,0,-118000,0,0,0,0,118000,-118000,-118000
044402,景碩凱基93購01  ,0,0,0,0,0,0,0,0,0,-118000,0,0,0,20000,138000,-118000,-118000
00652,富邦印度        ,0,368000,-368000,0,0,0,0,0,0,250000,0,0,0,279000,29000,250000,-118000
051984,台塑元大95購01  ,0,0,0,0,0,0,0,0,0,-118000,0,0,0,84000,202000,-118000,-118000
051842,大成鋼富邦97購01,0,0,0,0,0,0,0,0,0,-118000,0,0,0,0,118000,-118000,-118000
049659,旺宏台新95購01  ,0,0,0,0,0,0,0,0,0,-118000,0,0,0,1000,119000,-118000,-118000
052809,訊芯元大97購01  ,0,0,0,0,0,0,0,0,0,-118000,0,0,0,109000,227000,-118000,-118000
052414,聯電麥證95購01  ,0,0,0,0,118000,-118000,0,0,0,-118000,0,0,0,0,118000,-118000,-118000
052652,台虹永豐96購01  ,0,0,0,0,0,0,0,0,0,-118000,0,0,0,152000,270000,-118000,-118000
052965,廣宇群益97購01  ,0,0,0,0,0,0,0,0,0,-118000,0,0,0,0,118000,-118000,-118000
053400,緯穎中信9A購01  ,0,0,0,0,0,0,0,0,0,-118000,0,0,0,10000,128000,-118000,-118000
054896,聯茂日盛97購01  ,0,0,0,0,0,0,0,0,0,-118000,0,0,0,35000,153000,-118000,-118000
055262,台虹國泰98購01  ,0,0,0,0,0,0,0,0,0,-118000,0,0,0,1000,119000,-118000,-118000
058148,百和元大99購01  ,0,0,0,0,0,0,0,0,0,-118000,0,0,0,0,118000,-118000,-118000
9907,統一實          ,297000,454000,-157000,0,0,0,0,0,0,39000,39000,0,39000,0,0,0,-118000
056863,義隆群益98購01  ,0,0,0,0,0,0,0,0,0,-119000,0,0,0,11000,130000,-119000,-119000
057226,上銀凱基98購06  ,0,0,0,0,0,0,0,0,0,-119000,0,0,0,11000,130000,-119000,-119000
057796,鴻海兆豐99購03  ,0,0,0,0,0,0,0,0,0,-119000,0,0,0,0,119000,-119000,-119000
057331,台積電國票99購04,0,0,0,0,0,0,0,0,0,-119000,0,0,0,5000,124000,-119000,-119000
049938,臺股指元大94購19,0,0,0,0,0,0,0,0,0,-119000,0,0,0,0,119000,-119000,-119000
049858,百和群益94購05  ,0,0,0,0,0,0,0,0,0,-119000,0,0,0,0,119000,-119000,-119000
053906,宏達電凱基96購02,0,0,0,0,0,0,0,0,0,-119000,0,0,0,0,119000,-119000,-119000
054005,旺宏統一97購04  ,0,0,0,0,0,0,0,0,0,-119000,0,0,0,0,119000,-119000,-119000
053722,新光金凱基9C購01,0,0,0,0,0,0,0,0,0,-119000,0,0,0,15000,134000,-119000,-119000
058109,台灣50元富9B購01,0,0,0,0,0,0,0,0,0,-119000,0,0,0,100000,219000,-119000,-119000
057376,新日興元大98購04,0,0,0,0,0,0,0,0,0,-120000,0,0,0,11000,131000,-120000,-120000
057836,南亞科國泰9A購01,0,0,0,0,0,0,0,0,0,-120000,0,0,0,0,120000,-120000,-120000
057640,台積電元大98購16,0,0,0,0,0,0,0,0,0,-120000,0,0,0,134000,254000,-120000,-120000
057596,聯茂兆豐99購01  ,0,0,0,0,0,0,0,0,0,-120000,0,0,0,94000,214000,-120000,-120000
057711,台積電統一9A購03,0,0,0,0,0,0,0,0,0,-120000,0,0,0,0,120000,-120000,-120000
057688,國巨凱基99購07  ,0,0,0,0,0,0,0,0,0,-120000,0,0,0,30000,150000,-120000,-120000
056718,GIS永豐98購01   ,0,0,0,0,0,0,0,0,0,-120000,0,0,0,13000,133000,-120000,-120000
056656,華邦電元大98購02,0,0,0,0,0,0,0,0,0,-120000,0,0,0,33000,153000,-120000,-120000
056625,致伸永豐98購01  ,0,0,0,0,0,0,0,0,0,-120000,0,0,0,0,120000,-120000,-120000
055666,鴻海群益97購05  ,0,0,0,0,0,0,0,0,0,-120000,0,0,0,0,120000,-120000,-120000
055657,超眾元富97購02  ,0,0,0,0,0,0,0,0,0,-120000,0,0,0,30000,150000,-120000,-120000
045371,元石油元大95購01,0,0,0,0,0,0,0,0,0,-120000,0,0,0,0,120000,-120000,-120000
044270,群創中信95購02  ,0,0,0,0,0,0,0,0,0,-120000,0,0,0,10000,130000,-120000,-120000
048433,聯詠國票94購01  ,0,0,0,0,0,0,0,0,0,-120000,0,0,0,0,120000,-120000,-120000
048370,可成統一93購04  ,0,0,0,0,0,0,0,0,0,-120000,0,0,0,0,120000,-120000,-120000
051654,致新永豐95購01  ,0,0,0,0,0,0,0,0,0,-120000,0,0,0,10000,130000,-120000,-120000
048105,滬深2X群益99購02,0,0,0,0,0,0,0,0,0,-120000,0,0,0,0,120000,-120000,-120000
052328,台表科中信99購01,0,0,0,0,0,0,0,0,0,-120000,0,0,0,30000,150000,-120000,-120000
050925,可成凱基95購02  ,0,0,0,0,0,0,0,0,0,-120000,0,0,0,0,120000,-120000,-120000
051280,台積電兆豐95購04,0,0,0,0,0,0,0,0,0,-120000,0,0,0,0,120000,-120000,-120000
052591,康友永豐97購01  ,0,0,0,0,0,0,0,0,0,-120000,0,0,0,15000,135000,-120000,-120000
052657,友達元富96購01  ,0,0,0,0,0,0,0,0,0,-120000,0,0,0,10000,130000,-120000,-120000
052457,日月光元富95購01,0,0,0,0,0,0,0,0,0,-120000,0,0,0,30000,150000,-120000,-120000
052762,欣興群益96購01  ,0,0,0,0,0,0,0,0,0,-120000,0,0,0,9000,129000,-120000,-120000
051849,旺宏中信98購01  ,0,0,0,0,0,0,0,0,0,-120000,0,0,0,25000,145000,-120000,-120000
049262,大立光元大94購09,0,0,0,0,0,0,0,0,0,-120000,0,0,0,0,120000,-120000,-120000
050680,上銀元富94購01  ,0,0,0,0,0,0,0,0,0,-120000,0,0,0,300000,420000,-120000,-120000
053771,華新元大97購01  ,0,0,0,0,0,0,0,0,0,-120000,0,0,0,20000,140000,-120000,-120000
053926,晶相光國票97購01,0,0,0,0,0,0,0,0,0,-120000,0,0,0,98000,218000,-120000,-120000
053494,南亞科兆豐96購02,0,0,0,0,0,0,0,0,0,-120000,0,0,0,20000,140000,-120000,-120000
055259,玉晶光統一9A購01,0,0,0,0,0,0,0,0,0,-120000,0,0,0,70000,190000,-120000,-120000
054587,玉晶光國泰99購01,0,0,0,0,0,0,0,0,0,-120000,0,0,0,22000,142000,-120000,-120000
054648,智原群益98購01  ,0,0,0,0,0,0,0,0,0,-120000,0,0,0,30000,150000,-120000,-120000
054340,大成鋼元富96購01,0,0,0,0,0,0,0,0,0,-120000,0,0,0,10000,130000,-120000,-120000
058052,南電元大98購02  ,0,0,0,0,0,0,0,0,0,-120000,0,0,0,48000,168000,-120000,-120000
058053,上銀統一9B購01  ,0,0,0,0,0,0,0,0,0,-120000,0,0,0,0,120000,-120000,-120000
057904,矽力永豐98購01  ,0,0,0,0,0,0,0,0,0,-120000,0,0,0,0,120000,-120000,-120000
06742P,可成富邦99售02  ,0,0,0,0,0,0,0,0,0,-120000,0,0,0,130000,250000,-120000,-120000
056228,可成凱基97購03  ,0,0,0,0,0,0,0,0,0,-121000,0,0,0,25000,146000,-121000,-121000
056788,日月光群益98購01,0,0,0,0,0,0,0,0,0,-121000,0,0,0,20000,141000,-121000,-121000
057216,聯發科群益99購01,0,0,0,0,0,0,0,0,0,-121000,0,0,0,118000,239000,-121000,-121000
057732,牧德國泰9A購01  ,0,0,0,0,0,0,0,0,0,-121000,0,0,0,77000,198000,-121000,-121000
057427,華通兆豐99購01  ,0,0,0,0,0,0,0,0,0,-121000,0,0,0,10000,131000,-121000,-121000
057340,玉晶光元富98購04,0,0,0,0,0,0,0,0,0,-121000,0,0,0,102000,223000,-121000,-121000
051562,玉晶光國泰97購05,0,0,0,0,0,0,0,0,0,-121000,0,0,0,127000,248000,-121000,-121000
052388,旺宏群益96購05  ,0,0,0,0,0,0,0,0,0,-121000,0,0,0,62000,183000,-121000,-121000
052795,健策兆豐97購01  ,0,0,0,0,0,0,0,0,0,-121000,0,0,0,0,121000,-121000,-121000
054272,華通中信98購01  ,0,0,0,0,0,0,0,0,0,-121000,0,0,0,0,121000,-121000,-121000
055256,日電貿統一99購01,0,0,0,0,0,0,0,0,0,-121000,0,0,0,2000,123000,-121000,-121000
055355,大立光凱基97購05,0,0,0,0,0,0,0,0,0,-121000,0,0,0,0,121000,-121000,-121000
055293,晶相光元大97購01,0,0,0,0,0,0,0,0,0,-121000,0,0,0,69000,190000,-121000,-121000
055060,聯陽永豐97購01  ,0,0,0,0,0,0,0,0,0,-121000,0,0,0,101000,222000,-121000,-121000
053506,南茂兆豐97購01  ,0,0,0,0,0,0,0,0,0,-121000,0,0,0,0,121000,-121000,-121000
057889,致新群益99購01  ,0,0,0,0,0,0,0,0,0,-121000,0,0,0,21000,142000,-121000,-121000
9933,中鼎            ,573000,700000,-127000,0,0,0,0,0,0,6000,6000,0,6000,0,0,0,-121000
057392,福懋科永豐98購01,0,0,0,0,0,0,0,0,0,-122000,0,0,0,0,122000,-122000,-122000
057400,全新群益9A購01  ,0,0,0,0,0,0,0,0,0,-122000,0,0,0,0,122000,-122000,-122000
057097,致新元富98購01  ,0,0,0,0,0,0,0,0,0,-122000,0,0,0,0,122000,-122000,-122000
056185,全新統一98購01  ,0,0,0,0,0,0,0,0,0,-122000,0,0,0,48000,170000,-122000,-122000
056449,義隆凱基98購03  ,0,0,0,0,0,0,0,0,0,-122000,0,0,0,173000,295000,-122000,-122000
055658,南電元富97購01  ,0,0,0,0,0,0,0,0,0,-122000,0,0,0,64000,186000,-122000,-122000
055724,祥碩元大97購03  ,0,0,0,0,0,0,0,0,0,-122000,0,0,0,10000,132000,-122000,-122000
055917,禾伸堂凱基98購02,0,0,0,0,0,0,0,0,0,-122000,0,0,0,22000,144000,-122000,-122000
047741,鴻海統一93購06  ,0,0,0,0,0,0,0,0,0,-122000,0,0,0,49000,171000,-122000,-122000
04226P,宏達電元富93售01,0,0,0,0,0,0,0,0,0,-122000,0,0,0,78000,200000,-122000,-122000
048900,精成科國泰95購01,0,0,0,0,0,0,0,0,0,-122000,0,0,0,0,122000,-122000,-122000
049828,華新科凱基94購06,0,0,0,0,0,0,0,0,0,-122000,0,0,0,30000,152000,-122000,-122000
053439,台積電凱基96購11,0,0,0,0,0,0,0,0,0,-122000,0,0,0,46000,168000,-122000,-122000
053098,國巨元富96購04  ,0,0,0,0,0,0,0,0,0,-122000,0,0,0,236000,358000,-122000,-122000
053057,聯電國泰97購02  ,0,0,0,0,0,0,0,0,0,-122000,0,0,0,0,122000,-122000,-122000
053122,美律凱基98購01  ,0,0,0,0,0,0,0,0,0,-122000,0,0,0,0,122000,-122000,-122000
054991,南亞科元富97購01,0,0,0,0,0,0,0,0,0,-122000,0,0,0,193000,315000,-122000,-122000
054856,得力群益99購01  ,0,0,0,0,0,0,0,0,0,-122000,0,0,0,0,122000,-122000,-122000
057878,台郡元大99購04  ,0,0,0,0,0,0,0,0,0,-122000,0,0,0,0,122000,-122000,-122000
9921,巨大            ,1260000,1383374,-123374,0,0,0,4000,3000,1000,0,1000,0,1000,0,1000,-1000,-122374
056099,上銀永豐97購02  ,0,0,0,0,0,0,0,0,0,-123000,0,0,0,175000,298000,-123000,-123000
057469,康友永豐98購02  ,0,0,0,0,0,0,0,0,0,-123000,0,0,0,0,123000,-123000,-123000
048855,華新科群益94購02,0,0,0,0,0,0,0,0,0,-123000,0,0,0,35000,158000,-123000,-123000
048107,華通群益93購02  ,0,0,0,0,0,0,0,0,0,-123000,0,0,0,0,123000,-123000,-123000
048217,亞德客凱基93購06,0,0,0,0,0,0,0,0,0,-123000,0,0,0,0,123000,-123000,-123000
05229P,台積電群益95售05,0,0,0,0,0,0,0,0,0,-123000,0,0,0,53000,176000,-123000,-123000
051240,台積電元大95購12,0,0,0,0,0,0,0,0,0,-123000,0,0,0,94000,217000,-123000,-123000
051446,中壽元大96購01  ,0,0,0,0,0,0,0,0,0,-123000,0,0,0,69000,192000,-123000,-123000
055253,大立光統一97購06,0,0,0,0,0,0,0,0,0,-123000,0,0,0,0,123000,-123000,-123000
054100,致伸國票97購03  ,0,0,0,0,0,0,0,0,0,-123000,0,0,0,10000,133000,-123000,-123000
056092,亞德客元富97購02,0,0,0,0,0,0,0,0,0,-124000,0,0,0,0,124000,-124000,-124000
055653,聯詠元富01購02  ,0,0,0,0,0,0,0,0,0,-124000,0,0,0,11000,135000,-124000,-124000
055629,華新科永豐97購04,0,0,0,0,0,0,0,0,0,-124000,0,0,0,15000,139000,-124000,-124000
056536,義隆凱基98購04  ,0,0,0,0,0,0,0,0,0,-124000,0,0,0,0,124000,-124000,-124000
044639,京元電元富94購01,0,0,0,0,0,0,0,0,0,-124000,0,0,0,90000,214000,-124000,-124000
049584,台積電元大96購04,0,0,0,0,0,0,0,0,0,-124000,0,0,0,656000,780000,-124000,-124000
049242,佳世達元富96購01,0,0,0,0,0,0,0,0,0,-124000,0,0,0,19000,143000,-124000,-124000
049522,華通兆豐94購02  ,0,0,0,0,0,0,0,0,0,-124000,0,0,0,31000,155000,-124000,-124000
050765,鴻海元大96購02  ,0,0,0,0,0,0,0,0,0,-124000,0,0,0,117000,241000,-124000,-124000
053126,健策凱基97購02  ,0,0,0,0,0,0,0,0,0,-124000,0,0,0,25000,149000,-124000,-124000
054843,中環兆豐97購01  ,0,0,0,0,0,0,0,0,0,-124000,0,0,0,0,124000,-124000,-124000
056470,旺宏元大99購01  ,0,0,0,0,0,0,0,0,0,-125000,0,0,0,10000,135000,-125000,-125000
056629,昇陽半永豐98購01,0,0,0,0,0,0,0,0,0,-125000,0,0,0,0,125000,-125000,-125000
056607,貿聯富邦99購02  ,0,0,0,0,0,0,0,0,0,-125000,0,0,0,60000,185000,-125000,-125000
056657,華邦電元大99購01,0,0,0,0,0,0,0,0,0,-125000,0,0,0,0,125000,-125000,-125000
056166,微星台新97購01  ,0,0,0,0,0,0,0,0,0,-125000,0,0,0,2000,127000,-125000,-125000
056173,廣達元富97購01  ,0,0,0,0,0,0,0,0,0,-125000,0,0,0,65000,190000,-125000,-125000
057611,技嘉元富98購02  ,0,0,0,0,0,0,0,0,0,-125000,0,0,0,50000,175000,-125000,-125000
057124,為升凱基98購02  ,0,0,0,0,0,0,0,0,0,-125000,0,0,0,22000,147000,-125000,-125000
044817,可成兆豐93購01  ,0,0,0,0,0,0,0,0,0,-125000,0,0,0,188000,313000,-125000,-125000
049040,亞光兆豐95購01  ,0,0,0,0,0,0,0,0,0,-125000,0,0,0,17000,142000,-125000,-125000
047485,景碩凱基94購01  ,0,0,0,0,0,0,0,0,0,-125000,0,0,0,0,125000,-125000,-125000
049306,元油2X凱基96購01,0,0,0,0,0,0,0,0,0,-125000,0,0,0,455000,580000,-125000,-125000
049547,新光金群益94購01,0,0,0,0,0,0,0,0,0,-125000,0,0,0,25000,150000,-125000,-125000
054863,億光群益97購01  ,0,0,0,0,0,0,0,0,0,-125000,0,0,0,0,125000,-125000,-125000
053760,牧德國泰98購01  ,0,0,0,0,0,0,0,0,0,-125000,0,0,0,436000,561000,-125000,-125000
053615,光罩群益96購01  ,0,0,0,0,0,0,0,0,0,-125000,0,0,0,5000,130000,-125000,-125000
2480,敦陽科          ,227001,354000,-126999,0,0,0,0,3000,-3000,4000,4000,0,4000,0,0,0,-125999
056582,易華電元大98購01,0,0,0,0,0,0,0,0,0,-126000,0,0,0,0,126000,-126000,-126000
056516,晶豪科兆豐98購01,0,0,0,0,0,0,0,0,0,-126000,0,0,0,80000,206000,-126000,-126000
056546,致伸凱基98購01  ,0,0,0,0,0,0,0,0,0,-126000,0,0,0,12000,138000,-126000,-126000
055663,崇越中信97購01  ,0,0,0,0,0,0,0,0,0,-126000,0,0,0,899000,1025000,-126000,-126000
05568P,台積電統一96售03,0,0,0,0,0,0,0,0,0,-126000,0,0,0,35000,161000,-126000,-126000
056079,世紀鋼元大97購02,0,0,0,0,0,0,0,0,0,-126000,0,0,0,375000,501000,-126000,-126000
051784,國巨兆豐95購01  ,0,0,0,0,0,0,0,0,0,-126000,0,0,0,60000,186000,-126000,-126000
049613,華通中信94購01  ,0,0,0,0,0,0,0,0,0,-126000,0,0,0,20000,146000,-126000,-126000
052048,景碩凱基95購01  ,0,0,0,0,0,0,0,0,0,-126000,0,0,0,0,126000,-126000,-126000
051464,彩晶國泰96購01  ,0,0,0,0,0,0,0,0,0,-126000,0,0,0,140000,266000,-126000,-126000
050682,南亞科元富94購02,0,0,0,0,0,0,0,0,0,-126000,0,0,0,40000,166000,-126000,-126000
052325,高股息中信99購01,0,0,0,0,0,0,0,0,0,-126000,0,0,0,65000,191000,-126000,-126000
054079,鴻海中信98購02  ,0,0,0,0,0,0,0,0,0,-126000,0,0,0,0,126000,-126000,-126000
054070,創意國泰96購02  ,0,0,0,0,0,0,0,0,0,-126000,0,0,0,118000,244000,-126000,-126000
053316,友達群益9A購01  ,0,0,0,0,0,0,0,0,0,-126000,0,0,0,0,126000,-126000,-126000
054781,台化群益99購01  ,0,0,0,0,0,0,0,0,0,-126000,0,0,0,22000,148000,-126000,-126000
054268,健策第一96購01  ,0,0,0,0,0,0,0,0,0,-126000,0,0,0,0,126000,-126000,-126000
054440,TPK台新98購01   ,0,0,0,0,0,0,0,0,0,-126000,0,0,0,0,126000,-126000,-126000
054957,興富發元大97購01,0,0,0,0,0,0,0,0,0,-126000,0,0,0,118000,244000,-126000,-126000
2809,京城銀          ,2009000,2270000,-261000,0,0,0,3000,0,3000,132000,171000,39000,132000,0,0,0,-126000
2913,農林            ,366001,536000,-169999,0,0,0,0,0,0,43000,43000,0,43000,0,0,0,-126999
056851,瑞儀元富98購01  ,0,0,0,0,0,0,0,0,0,-127000,0,0,0,20000,147000,-127000,-127000
057617,國巨凱基99購06  ,0,0,0,0,0,0,0,0,0,-127000,0,0,0,80000,207000,-127000,-127000
057401,晶豪科群益99購01,0,0,0,0,0,0,0,0,0,-127000,0,0,0,11000,138000,-127000,-127000
047722,南電凱基94購02  ,0,0,0,0,0,0,0,0,0,-127000,0,0,0,2000,129000,-127000,-127000
049408,旺宏日盛94購01  ,0,0,0,0,0,0,0,0,0,-127000,0,0,0,0,127000,-127000,-127000
053176,矽力群益96購02  ,0,0,0,0,0,0,0,0,0,-127000,0,0,0,0,127000,-127000,-127000
053018,旺宏元富96購02  ,0,0,0,0,0,0,0,0,0,-127000,0,0,0,0,127000,-127000,-127000
054062,TPK國票96購02   ,0,0,0,0,0,0,0,0,0,-127000,0,0,0,40000,167000,-127000,-127000
053876,可成永昌98購01  ,0,0,0,0,0,0,0,0,0,-127000,0,0,0,55000,182000,-127000,-127000
06206P,台積電凱基97售11,0,0,0,0,0,0,0,0,0,-127000,0,0,0,39000,166000,-127000,-127000
056811,健策統一9B購01  ,0,0,0,0,0,0,0,0,0,-128000,0,0,0,200000,328000,-128000,-128000
056049,奇力新國票98購01,0,0,0,0,0,0,0,0,0,-128000,0,0,0,0,128000,-128000,-128000
055570,華通統一98購03  ,0,0,0,0,0,0,0,0,0,-128000,0,0,0,0,128000,-128000,-128000
056545,TPK凱基98購02   ,0,0,0,0,0,0,0,0,0,-128000,0,0,0,207000,335000,-128000,-128000
03641C,臺股指凱基95牛18,0,0,0,0,0,0,0,0,0,-128000,0,0,0,10000,138000,-128000,-128000
049817,南電元大94購07  ,0,0,0,0,0,0,0,0,0,-128000,0,0,0,14000,142000,-128000,-128000
054095,同欣電群益98購03,0,0,0,0,0,0,0,0,0,-128000,0,0,0,68000,196000,-128000,-128000
053517,崇越群益97購01  ,0,0,0,0,0,0,0,0,0,-128000,0,0,0,0,128000,-128000,-128000
06070P,漢唐永豐97售01  ,0,0,0,0,0,0,0,0,0,-128000,0,0,0,45000,173000,-128000,-128000
056107,智易永豐97購02  ,0,0,0,0,0,0,0,0,0,-129000,0,0,0,0,129000,-129000,-129000
056039,宏達電凱基97購02,0,0,0,0,0,0,0,0,0,-129000,0,0,0,101000,230000,-129000,-129000
056982,華新科群益98購05,0,0,0,0,0,0,0,0,0,-129000,0,0,0,34000,163000,-129000,-129000
048622,南電凱基93購07  ,0,0,0,0,0,0,0,0,0,-129000,0,0,0,22000,151000,-129000,-129000
051495,玉晶光第一95購02,0,0,0,0,0,0,0,0,0,-129000,0,0,0,0,129000,-129000,-129000
052625,南電亞東97購01  ,0,0,0,0,0,0,0,0,0,-129000,0,0,0,0,129000,-129000,-129000
054961,玉晶光元大99購01,0,0,0,0,0,0,0,0,0,-129000,0,0,0,66000,195000,-129000,-129000
056775,康控元大99購01  ,0,0,0,0,0,0,0,0,0,-130000,0,0,0,207000,337000,-130000,-130000
057516,和鑫元富98購01  ,0,0,0,0,0,0,0,0,0,-130000,0,0,0,58000,188000,-130000,-130000
055610,光磊國票98購01  ,0,0,0,0,0,0,0,0,0,-130000,0,0,0,0,130000,-130000,-130000
056621,宏達電永豐98購01,0,0,0,0,0,0,0,0,0,-130000,0,0,0,100000,230000,-130000,-130000
056692,燿華群益98購03  ,0,0,0,0,0,0,0,0,0,-130000,0,0,0,98000,228000,-130000,-130000
056346,聯茂凱基99購02  ,0,0,0,0,0,0,0,0,0,-130000,0,0,0,123000,253000,-130000,-130000
051736,旺宏國票96購01  ,0,0,0,0,0,0,0,0,0,-130000,0,0,0,80000,210000,-130000,-130000
03366P,TPK元大02售03   ,0,0,0,0,0,0,0,0,0,-130000,0,0,0,290000,420000,-130000,-130000
04137P,元油反國票97售01,0,0,0,0,0,0,0,0,0,-130000,0,0,0,0,130000,-130000,-130000
052615,鴻海國泰98購01  ,0,0,0,0,0,0,0,0,0,-130000,0,0,0,10000,140000,-130000,-130000
050102,鴻海富邦95購04  ,0,0,0,0,0,0,0,0,0,-130000,0,0,0,2000,132000,-130000,-130000
049237,元油2X元富96購07,0,0,0,0,0,0,0,0,0,-130000,0,0,0,90000,220000,-130000,-130000
049515,同欣電凱基94購01,0,0,0,0,0,0,0,0,0,-130000,0,0,0,18000,148000,-130000,-130000
052114,華固中信95購01  ,0,0,0,0,0,0,0,0,0,-130000,0,0,0,0,130000,-130000,-130000
049567,鴻海統一94購05  ,0,0,0,0,0,0,0,0,0,-130000,0,0,0,0,130000,-130000,-130000
049561,道瓊銀統一96購01,0,0,0,0,0,0,0,0,0,-130000,0,0,0,0,130000,-130000,-130000
050548,華固凱基95購01  ,0,0,0,0,0,0,0,0,0,-130000,0,0,0,0,130000,-130000,-130000
055004,群創元富99購06  ,0,0,0,0,0,0,0,0,0,-130000,0,0,0,0,130000,-130000,-130000
055304,瑞昱第一98購01  ,0,0,0,0,0,0,0,0,0,-130000,0,0,0,1000,131000,-130000,-130000
054337,智邦統一96購01  ,0,0,0,0,0,0,0,0,0,-130000,0,0,0,16000,146000,-130000,-130000
054788,華新科群益98購02,0,0,0,0,0,0,0,0,0,-130000,0,0,0,30000,160000,-130000,-130000
05468P,鴻海元大96售14  ,0,0,0,0,0,0,0,0,0,-130000,0,0,0,489000,619000,-130000,-130000
058076,神達凱基98購02  ,0,0,0,0,0,0,0,0,0,-130000,0,0,0,131000,261000,-130000,-130000
06363P,臺股指麥證97售02,0,0,0,0,130000,-130000,0,0,0,-130000,0,0,0,0,130000,-130000,-130000
055575,華新科統一98購01,0,0,0,0,0,0,0,0,0,-131000,0,0,0,48000,179000,-131000,-131000
055761,創意群益97購01  ,0,0,0,0,0,0,0,0,0,-131000,0,0,0,100000,231000,-131000,-131000
055831,台達電元大97購01,0,0,0,0,0,0,0,0,0,-131000,0,0,0,0,131000,-131000,-131000
057557,聯茂凱基99購04  ,0,0,0,0,0,0,0,0,0,-131000,0,0,0,155000,286000,-131000,-131000
057697,國巨群益98購09  ,0,0,0,0,0,0,0,0,0,-131000,0,0,0,0,131000,-131000,-131000
056768,宏達電元大99購03,0,0,0,0,0,0,0,0,0,-131000,0,0,0,79000,210000,-131000,-131000
056722,滬深反中信9B購01,0,0,0,0,0,0,0,0,0,-131000,0,0,0,0,131000,-131000,-131000
056960,光罩永豐98購01  ,0,0,0,0,0,0,0,0,0,-131000,0,0,0,0,131000,-131000,-131000
057016,中石化凱基9B購01,0,0,0,0,0,0,0,0,0,-131000,0,0,0,0,131000,-131000,-131000
04571P,華新科國泰95售03,0,0,0,0,0,0,0,0,0,-131000,0,0,0,19000,150000,-131000,-131000
051737,瑞昱國票96購01  ,0,0,0,0,0,0,0,0,0,-131000,0,0,0,29000,160000,-131000,-131000
051573,鴻海元大95購15  ,0,0,0,0,0,0,0,0,0,-131000,0,0,0,0,131000,-131000,-131000
052016,神基永豐95購01  ,0,0,0,0,0,0,0,0,0,-131000,0,0,0,19000,150000,-131000,-131000
050334,鴻海國泰96購07  ,0,0,0,0,0,0,0,0,0,-131000,0,0,0,0,131000,-131000,-131000
054607,台積電永豐97購03,0,0,0,0,0,0,0,0,0,-131000,0,0,0,2000,133000,-131000,-131000
054279,揚明光群益98購01,0,0,0,0,0,0,0,0,0,-131000,0,0,0,0,131000,-131000,-131000
054301,楠梓電凱基98購01,0,0,0,0,0,0,0,0,0,-131000,0,0,0,10000,141000,-131000,-131000
054446,美食兆豐97購01  ,0,0,0,0,0,0,0,0,0,-131000,0,0,0,0,131000,-131000,-131000
055392,凱美統一97購03  ,0,0,0,0,0,0,0,0,0,-131000,0,0,0,0,131000,-131000,-131000
056951,牧德統一99購01  ,0,0,0,0,0,0,0,0,0,-132000,0,0,0,0,132000,-132000,-132000
057693,臺股指凱基98購11,0,0,0,0,0,0,0,0,0,-132000,0,0,0,0,132000,-132000,-132000
057510,泰碩統一98購02  ,5000,0,5000,0,0,0,0,0,0,-137000,0,0,0,20000,157000,-137000,-132000
057505,健策麥證98購01  ,0,0,0,10000,142000,-132000,0,0,0,-132000,0,0,0,10000,142000,-132000,-132000
051560,玉晶光國泰97購03,0,0,0,0,0,0,0,0,0,-132000,0,0,0,175000,307000,-132000,-132000
051730,為升國票96購02  ,0,0,0,0,0,0,0,0,0,-132000,0,0,0,0,132000,-132000,-132000
046877,燿華國泰94購01  ,0,0,0,0,0,0,0,0,0,-132000,0,0,0,20000,152000,-132000,-132000
052534,貿聯國泰96購02  ,0,0,0,0,0,0,0,0,0,-132000,0,0,0,10000,142000,-132000,-132000
051501,康友群益95購02  ,0,0,0,0,0,0,0,0,0,-132000,0,0,0,24000,156000,-132000,-132000
054873,帆宣群益99購01  ,0,0,0,0,0,0,0,0,0,-132000,0,0,0,22000,154000,-132000,-132000
053947,義隆富邦97購01  ,0,0,0,0,0,0,0,0,0,-132000,0,0,0,0,132000,-132000,-132000
06196P,元上證元大97售01,0,0,0,0,0,0,0,0,0,-132000,0,0,0,30000,162000,-132000,-132000
058088,鴻海元大9A購01  ,0,0,0,0,0,0,0,0,0,-132000,0,0,0,24000,156000,-132000,-132000
056684,旺宏統一98購02  ,0,0,0,0,0,0,0,0,0,-133000,0,0,0,48000,181000,-133000,-133000
056649,智易凱基98購01  ,0,0,0,0,0,0,0,0,0,-133000,0,0,0,11000,144000,-133000,-133000
047495,新日興元富96購01,0,0,0,0,0,0,0,0,0,-133000,0,0,0,57000,190000,-133000,-133000
048139,南電國票94購02  ,0,0,0,0,0,0,0,0,0,-133000,0,0,0,1000,134000,-133000,-133000
051036,喬山台新95購01  ,0,0,0,0,0,0,0,0,0,-133000,0,0,0,0,133000,-133000,-133000
050700,健策凱基96購01  ,0,0,0,0,0,0,0,0,0,-133000,0,0,0,201000,334000,-133000,-133000
053216,京鼎凱基96購02  ,0,0,0,0,0,0,0,0,0,-133000,0,0,0,2000,135000,-133000,-133000
056678,力成元富98購01  ,0,0,0,0,0,0,0,0,0,-134000,0,0,0,20000,154000,-134000,-134000
056586,光罩統一98購02  ,0,0,0,0,0,0,0,0,0,-134000,0,0,0,0,134000,-134000,-134000
055935,創意群益97購02  ,0,0,0,0,0,0,0,0,0,-134000,0,0,0,106000,240000,-134000,-134000
048293,聯詠群益93購04  ,0,0,0,0,0,0,0,0,0,-134000,0,0,0,0,134000,-134000,-134000
04437P,滬深2X群益98售03,0,0,0,0,0,0,0,0,0,-134000,0,0,0,76000,210000,-134000,-134000
052065,臺股指國票95購12,0,0,0,0,0,0,0,0,0,-134000,0,0,0,21000,155000,-134000,-134000
052156,滬深2X永豐95購03,0,0,0,0,0,0,0,0,0,-134000,0,0,0,0,134000,-134000,-134000
053513,義隆群益96購05  ,0,0,0,0,0,0,0,0,0,-134000,0,0,0,0,134000,-134000,-134000
055307,瑞昱群益97購02  ,0,0,0,0,0,0,0,0,0,-134000,0,0,0,29000,163000,-134000,-134000
055209,勤誠康和97購01  ,0,0,0,0,0,0,0,0,0,-134000,0,0,0,50000,184000,-134000,-134000
055536,嘉聯益群益99購02,0,0,0,0,0,0,0,0,0,-135000,0,0,0,0,135000,-135000,-135000
056439,華邦電凱基98購02,0,0,0,0,0,0,0,0,0,-135000,0,0,0,191000,326000,-135000,-135000
057447,智邦元富02購01  ,0,0,0,0,0,0,0,0,0,-135000,0,0,0,0,135000,-135000,-135000
057612,瑞昱元富02購01  ,0,0,0,0,0,0,0,0,0,-135000,0,0,0,98000,233000,-135000,-135000
057215,友達群益98購03  ,0,0,0,0,0,0,0,0,0,-135000,0,0,0,0,135000,-135000,-135000
048591,台郡兆豐94購01  ,0,0,0,0,0,0,0,0,0,-135000,0,0,0,0,135000,-135000,-135000
051728,道瓊反國票97購01,0,0,0,0,0,0,0,0,0,-135000,0,0,0,0,135000,-135000,-135000
049091,訊連凱基94購01  ,0,0,0,0,0,0,0,0,0,-135000,0,0,0,1000,136000,-135000,-135000
050540,台積電凱基94購38,0,0,0,0,0,0,0,0,0,-135000,0,0,0,76000,211000,-135000,-135000
050692,鴻海凱基96購04  ,0,0,0,0,0,0,0,0,0,-135000,0,0,0,6000,141000,-135000,-135000
050416,高股息凱基96購02,0,0,0,0,0,0,0,0,0,-135000,0,0,0,103000,238000,-135000,-135000
051052,台積電群益95購01,0,0,0,0,0,0,0,0,0,-135000,0,0,0,107000,242000,-135000,-135000
054736,南亞科凱基98購01,0,0,0,0,0,0,0,0,0,-135000,0,0,0,0,135000,-135000,-135000
054552,聯發科凱基98購03,0,0,0,0,0,0,0,0,0,-135000,0,0,0,0,135000,-135000,-135000
054385,矽創群益98購01  ,0,0,0,0,0,0,0,0,0,-135000,0,0,0,98000,233000,-135000,-135000
053444,奇力新凱基96購03,0,0,0,0,0,0,0,0,0,-135000,0,0,0,395000,530000,-135000,-135000
053922,亞光國票96購01  ,0,0,0,0,0,0,0,0,0,-135000,0,0,0,0,135000,-135000,-135000
053993,旺宏群益98購02  ,0,0,0,0,0,0,0,0,0,-135000,0,0,0,10000,145000,-135000,-135000
053729,聯茂凱基96購05  ,0,0,0,0,0,0,0,0,0,-135000,0,0,0,0,135000,-135000,-135000
057937,神達群益98購02  ,0,0,0,0,0,0,0,0,0,-135000,0,0,0,118000,253000,-135000,-135000
06767P,台積電永昌99售03,0,0,0,0,0,0,0,0,0,-135000,0,0,0,0,135000,-135000,-135000
06534P,聯發科群益98售04,0,0,0,0,0,0,0,0,0,-135000,0,0,0,58000,193000,-135000,-135000
056818,正崴永豐98購01  ,0,0,0,0,0,0,0,0,0,-136000,0,0,0,0,136000,-136000,-136000
056557,世紀鋼凱基98購02,0,0,0,0,0,0,0,0,0,-136000,0,0,0,140000,276000,-136000,-136000
056665,上証2X國票99購02,0,0,0,0,0,0,0,0,0,-136000,0,0,0,0,136000,-136000,-136000
055631,創意永豐98購01  ,0,0,0,0,0,0,0,0,0,-136000,0,0,0,0,136000,-136000,-136000
055835,華邦電元大97購03,0,0,0,0,0,0,0,0,0,-136000,0,0,0,0,136000,-136000,-136000
055801,景碩永豐97購02  ,0,0,0,0,0,0,0,0,0,-136000,0,0,0,27000,163000,-136000,-136000
047670,矽力永豐93購01  ,0,0,0,0,0,0,0,0,0,-136000,0,0,0,0,136000,-136000,-136000
051120,南亞科群益95購01,0,0,0,0,0,0,0,0,0,-136000,0,0,0,45000,181000,-136000,-136000
049960,嘉聯益統一94購01,0,0,0,0,0,0,0,0,0,-136000,0,0,0,0,136000,-136000,-136000
050346,康友元富94購03  ,0,0,0,0,0,0,0,0,0,-136000,0,0,0,0,136000,-136000,-136000
054160,華泰凱基98購01  ,0,0,0,0,0,0,0,0,0,-136000,0,0,0,0,136000,-136000,-136000
055069,帆宣永豐97購01  ,0,0,0,0,0,0,0,0,0,-136000,0,0,0,14000,150000,-136000,-136000
054981,國巨元富97購02  ,0,0,0,0,0,0,0,0,0,-136000,0,0,0,109000,245000,-136000,-136000
05534P,元油反元大96售06,0,0,0,0,0,0,0,0,0,-136000,0,0,0,0,136000,-136000,-136000
06375P,矽力元大97售06  ,0,0,0,0,0,0,0,0,0,-136000,0,0,0,180000,316000,-136000,-136000
056540,聯詠凱基98購02  ,0,0,0,0,0,0,0,0,0,-137000,0,0,0,0,137000,-137000,-137000
056938,泰碩元富98購01  ,0,0,0,0,0,0,0,0,0,-137000,0,0,0,8000,145000,-137000,-137000
049517,台光電國票94購02,0,0,0,0,0,0,0,0,0,-137000,0,0,0,10000,147000,-137000,-137000
051939,同欣電群益97購01,0,0,0,0,0,0,0,0,0,-137000,0,0,0,75000,212000,-137000,-137000
051396,健鼎兆豐95購01  ,0,0,0,0,0,0,0,0,0,-137000,0,0,0,0,137000,-137000,-137000
051334,宏達電永豐95購01,0,0,0,0,0,0,0,0,0,-137000,0,0,0,87000,224000,-137000,-137000
051015,南亞科凱基95購04,0,0,0,0,0,0,0,0,0,-137000,0,0,0,20000,157000,-137000,-137000
053013,台積電統一97購01,0,0,0,0,0,0,0,0,0,-137000,0,0,0,0,137000,-137000,-137000
056535,全新凱基99購02  ,0,0,0,0,0,0,0,0,0,-138000,0,0,0,106000,244000,-138000,-138000
056206,泰鼎永豐97購01  ,0,0,0,0,0,0,0,0,0,-138000,0,0,0,60000,198000,-138000,-138000
055927,南亞科群益97購01,0,0,0,0,0,0,0,0,0,-138000,0,0,0,11000,149000,-138000,-138000
044963,台積電中信96購01,0,0,0,0,0,0,0,0,0,-138000,0,0,0,52000,190000,-138000,-138000
051157,華新科富邦98購01,0,0,0,0,0,0,0,0,0,-138000,0,0,0,145000,283000,-138000,-138000
050921,旺宏凱基95購02  ,0,0,0,0,0,0,0,0,0,-138000,0,0,0,0,138000,-138000,-138000
051823,矽力元富95購02  ,0,0,0,0,0,0,0,0,0,-138000,0,0,0,0,138000,-138000,-138000
053154,聯詠元大96購01  ,0,0,0,0,0,0,0,0,0,-138000,0,0,0,237000,375000,-138000,-138000
05347P,滬深2X元富9B售02,0,0,0,0,0,0,0,0,0,-138000,0,0,0,352000,490000,-138000,-138000
053853,康控國泰97購02  ,0,0,0,0,0,0,0,0,0,-138000,0,0,0,10000,148000,-138000,-138000
054494,訊芯台新96購01  ,0,0,0,0,0,0,0,0,0,-138000,0,0,0,0,138000,-138000,-138000
054849,日月光兆豐97購01,0,0,0,0,0,0,0,0,0,-138000,0,0,0,0,138000,-138000,-138000
05620P,大立光富邦9B售01,0,0,0,0,0,0,0,0,0,-139000,0,0,0,138000,277000,-139000,-139000
057779,禾伸堂群益98購02,0,0,0,0,0,0,0,0,0,-139000,0,0,0,73000,212000,-139000,-139000
04794P,友達元大96售03  ,0,0,0,0,0,0,0,0,0,-139000,0,0,0,0,139000,-139000,-139000
049799,旺宏元大96購01  ,0,0,0,0,0,0,0,0,0,-139000,0,0,0,41000,180000,-139000,-139000
052826,嘉聯益永豐96購01,0,0,0,0,0,0,0,0,0,-139000,0,0,0,11000,150000,-139000,-139000
054395,華新科永豐96購03,0,0,0,0,0,0,0,0,0,-139000,0,0,0,294000,433000,-139000,-139000
055251,華新科統一99購01,0,0,0,0,0,0,0,0,0,-139000,0,0,0,5000,144000,-139000,-139000
055002,群創元富99購04  ,0,0,0,0,0,0,0,0,0,-139000,0,0,0,0,139000,-139000,-139000
055150,台積電元大98購04,0,0,0,0,0,0,0,0,0,-139000,0,0,0,41000,180000,-139000,-139000
053250,百和國票97購02  ,0,0,0,0,0,0,0,0,0,-139000,0,0,0,4000,143000,-139000,-139000
058158,台積電台新99購01,0,0,0,0,0,0,0,0,0,-139000,0,0,0,0,139000,-139000,-139000
057384,台灣50永豐99購02,0,0,0,0,0,0,0,0,0,-140000,0,0,0,908000,1048000,-140000,-140000
057093,臻鼎元富98購02  ,0,0,0,0,0,0,0,0,0,-140000,0,0,0,63000,203000,-140000,-140000
056404,嘉聯益群益9A購01,0,0,0,0,0,0,0,0,0,-140000,0,0,0,15000,155000,-140000,-140000
056458,日月光凱基98購02,0,0,0,0,0,0,0,0,0,-140000,0,0,0,0,140000,-140000,-140000
055910,瑞昱凱基98購01  ,0,0,0,0,0,0,0,0,0,-140000,0,0,0,168000,308000,-140000,-140000
05602P,國巨元大96售06  ,0,0,0,0,0,0,0,0,0,-140000,0,0,0,25000,165000,-140000,-140000
055557,華新科凱基97購01,0,0,0,0,0,0,0,0,0,-140000,0,0,0,20000,160000,-140000,-140000
048435,致新國票93購01  ,0,0,0,0,0,0,0,0,0,-140000,0,0,0,0,140000,-140000,-140000
04468P,元油2X元大94售04,0,0,0,0,0,0,0,0,0,-140000,0,0,0,510000,650000,-140000,-140000
045021,臺股指中信94購02,0,0,0,0,0,0,0,0,0,-140000,0,0,0,350000,490000,-140000,-140000
052593,台積電群益96購02,0,0,0,0,0,0,0,0,0,-140000,0,0,0,0,140000,-140000,-140000
049735,台光電群益94購03,0,0,0,0,0,0,0,0,0,-140000,0,0,0,4000,144000,-140000,-140000
050204,華新科群益94購05,0,0,0,0,0,0,0,0,0,-140000,0,0,0,40000,180000,-140000,-140000
052902,鴻海國票97購04  ,0,0,0,0,0,0,0,0,0,-140000,0,0,0,80000,220000,-140000,-140000
054158,國巨日盛99購01  ,0,0,0,0,0,0,0,0,0,-140000,0,0,0,3000,143000,-140000,-140000
054101,茂林國票97購04  ,0,0,0,0,0,0,0,0,0,-140000,0,0,0,22000,162000,-140000,-140000
055207,致新中信99購01  ,0,0,0,0,0,0,0,0,0,-140000,0,0,0,0,140000,-140000,-140000
055242,道瓊銀統一98購01,0,0,0,0,0,0,0,0,0,-140000,0,0,0,0,140000,-140000,-140000
06130P,玉晶光元富97售07,0,0,0,0,0,0,0,0,0,-140000,0,0,0,43000,183000,-140000,-140000
055744,茂林元富97購02  ,0,0,0,0,0,0,0,0,0,-141000,0,0,0,93000,234000,-141000,-141000
057212,台積電群益98購03,0,0,0,0,0,0,0,0,0,-141000,0,0,0,328000,469000,-141000,-141000
057450,國泰金元富98購01,0,0,0,0,0,0,0,0,0,-141000,0,0,0,10000,151000,-141000,-141000
057831,聯發科元富02購04,0,0,0,0,0,0,0,0,0,-141000,0,0,0,0,141000,-141000,-141000
04888P,臺股指凱基95售03,0,0,0,0,0,0,0,0,0,-141000,0,0,0,29000,170000,-141000,-141000
052674,智邦國泰98購01  ,0,0,0,0,0,0,0,0,0,-141000,0,0,0,65000,206000,-141000,-141000
051278,臻鼎中信97購02  ,0,0,0,0,0,0,0,0,0,-141000,0,0,0,0,141000,-141000,-141000
054926,神達凱基98購01  ,0,0,0,0,0,0,0,0,0,-141000,0,0,0,101000,242000,-141000,-141000
052936,華通兆豐98購01  ,0,0,0,0,0,0,0,0,0,-141000,0,0,0,13000,154000,-141000,-141000
05946P,和碩中信96售01  ,0,0,0,0,0,0,0,0,0,-141000,0,0,0,43000,184000,-141000,-141000
058110,光寶科元富98購01,0,0,0,0,0,0,0,0,0,-141000,0,0,0,0,141000,-141000,-141000
056488,致新元大99購01  ,0,0,0,0,0,0,0,0,0,-142000,0,0,0,0,142000,-142000,-142000
045797,健策中信93購01  ,0,0,0,0,0,0,0,0,0,-142000,0,0,0,0,142000,-142000,-142000
048652,巨大元大96購01  ,0,0,0,0,0,0,0,0,0,-142000,0,0,0,0,142000,-142000,-142000
047376,南電國票94購01  ,0,0,0,0,0,0,0,0,0,-142000,0,0,0,414000,556000,-142000,-142000
047418,智邦富邦97購01  ,0,0,0,0,0,0,0,0,0,-142000,0,0,0,23000,165000,-142000,-142000
052634,華邦電凱基96購01,0,0,0,0,0,0,0,0,0,-142000,0,0,0,68000,210000,-142000,-142000
050959,元金2X永豐95購02,0,0,0,0,0,0,0,0,0,-142000,0,0,0,0,142000,-142000,-142000
049991,臺股指凱基96購04,0,0,0,0,0,0,0,0,0,-142000,0,0,0,158000,300000,-142000,-142000
053558,訊芯凱基96購02  ,0,0,0,0,0,0,0,0,0,-142000,0,0,0,0,142000,-142000,-142000
055670,矽創群益98購02  ,0,0,0,0,0,0,0,0,0,-143000,0,0,0,98000,241000,-143000,-143000
055662,上銀中信99購01  ,0,0,0,0,0,0,0,0,0,-143000,0,0,0,122000,265000,-143000,-143000
055606,矽創元大97購01  ,0,0,0,0,0,0,0,0,0,-143000,0,0,0,0,143000,-143000,-143000
050036,矽格元大94購03  ,0,0,0,0,0,0,0,0,0,-143000,0,0,0,100000,243000,-143000,-143000
052619,茂林國泰99購01  ,0,0,0,0,0,0,0,0,0,-143000,0,0,0,41000,184000,-143000,-143000
050657,宏達電麥證94購01,0,0,0,0,143000,-143000,0,0,0,-143000,0,0,0,0,143000,-143000,-143000
049776,全新統一95購02  ,0,0,0,0,0,0,0,0,0,-143000,0,0,0,20000,163000,-143000,-143000
054904,興勤康和97購01  ,0,0,0,0,0,0,0,0,0,-143000,0,0,0,0,143000,-143000,-143000
055022,精元國泰99購01  ,0,0,0,0,0,0,0,0,0,-143000,0,0,0,23000,166000,-143000,-143000
055091,微星群益97購01  ,0,0,0,0,0,0,0,0,0,-143000,0,0,0,0,143000,-143000,-143000
055450,台積電元富97購01,0,0,0,0,0,0,0,0,0,-143000,0,0,0,263000,406000,-143000,-143000
058060,貿聯元富98購01  ,0,0,0,0,0,0,0,0,0,-143000,0,0,0,40000,183000,-143000,-143000
05604P,聯發科元大96售10,0,0,0,0,0,0,0,0,0,-144000,0,0,0,563000,707000,-144000,-144000
057430,富邦金兆豐98購01,0,0,0,0,0,0,0,0,0,-144000,0,0,0,0,144000,-144000,-144000
057218,可成群益99購03  ,0,0,0,0,0,0,0,0,0,-144000,0,0,0,41000,185000,-144000,-144000
048130,美利達元大96購01,0,0,0,0,0,0,0,0,0,-144000,0,0,0,115000,259000,-144000,-144000
051927,國巨中信96購01  ,0,0,0,0,0,0,0,0,0,-144000,0,0,0,0,144000,-144000,-144000
00770,國泰北美科技    ,152000,0,152000,0,0,0,0,0,0,-296000,0,0,0,99000,395000,-296000,-144000
052489,義隆國票96購02  ,0,0,0,0,0,0,0,0,0,-144000,0,0,0,0,144000,-144000,-144000
050823,信邦凱基95購01  ,0,0,0,0,0,0,0,0,0,-144000,0,0,0,82000,226000,-144000,-144000
053632,新唐兆豐96購01  ,0,0,0,0,0,0,0,0,0,-144000,0,0,0,50000,194000,-144000,-144000
5269,祥碩            ,263000,440000,-177000,0,0,0,36000,77000,-41000,74000,60000,1000,59000,20000,5000,15000,-144000
057734,訊芯國泰9A購01  ,0,0,0,0,0,0,0,0,0,-145000,0,0,0,210000,355000,-145000,-145000
055667,致茂群益98購01  ,0,0,0,0,0,0,0,0,0,-145000,0,0,0,74000,219000,-145000,-145000
055641,鴻海元富97購04  ,0,0,0,0,0,0,0,0,0,-145000,0,0,0,10000,155000,-145000,-145000
048871,晶豪科國票94購01,0,0,0,0,0,0,0,0,0,-145000,0,0,0,0,145000,-145000,-145000
044850,南亞科統一94購01,0,0,0,0,0,0,0,0,0,-145000,0,0,0,0,145000,-145000,-145000
05089P,亞德客元大95售01,0,0,0,0,0,0,0,0,0,-145000,0,0,0,5000,150000,-145000,-145000
056560,旺宏群益98購03  ,0,0,0,0,0,0,0,0,0,-146000,0,0,0,70000,216000,-146000,-146000
00685L,群益臺灣加權正2 ,0,0,0,0,0,0,0,0,0,-146000,0,0,0,647000,793000,-146000,-146000
051207,聯茂麥證95購01  ,0,0,0,0,146000,-146000,0,0,0,-146000,0,0,0,0,146000,-146000,-146000
051025,晶華統一95購01  ,0,0,0,0,0,0,0,0,0,-146000,0,0,0,66000,212000,-146000,-146000
056627,訊芯永豐98購01  ,0,0,0,0,0,0,0,0,0,-147000,0,0,0,0,147000,-147000,-147000
056085,聯發科統一97購01,0,0,0,0,0,0,0,0,0,-147000,0,0,0,0,147000,-147000,-147000
057695,S&P反1群益9B購01,0,0,0,0,0,0,0,0,0,-147000,0,0,0,62000,209000,-147000,-147000
048902,昇陽半國泰96購01,0,0,0,0,0,0,0,0,0,-147000,0,0,0,0,147000,-147000,-147000
052439,寶成富邦97購01  ,0,0,0,0,0,0,0,0,0,-147000,0,0,0,26000,173000,-147000,-147000
050791,聯發科富邦96購01,0,0,0,0,0,0,0,0,0,-147000,0,0,0,0,147000,-147000,-147000
05944P,富邦金中信96售01,0,0,0,0,0,0,0,0,0,-147000,0,0,0,40000,187000,-147000,-147000
057304,為升兆豐99購02  ,0,0,0,0,0,0,0,0,0,-148000,0,0,0,100000,248000,-148000,-148000
057220,鈺齊群益98購01  ,0,0,0,0,0,0,0,0,0,-148000,0,0,0,10000,158000,-148000,-148000
057039,元油2X元大9B購07,0,0,0,0,0,0,0,0,0,-148000,0,0,0,10000,158000,-148000,-148000
055930,可成群益98購01  ,0,0,0,0,0,0,0,0,0,-148000,0,0,0,88000,236000,-148000,-148000
056534,京元電凱基98購01,0,0,0,0,0,0,0,0,0,-148000,0,0,0,12000,160000,-148000,-148000
056403,茂林群益98購01  ,0,0,0,0,0,0,0,0,0,-148000,0,0,0,63000,211000,-148000,-148000
056194,聯發科富邦9B購01,0,0,0,0,0,0,0,0,0,-148000,0,0,0,27000,175000,-148000,-148000
050197,矽格元大94購04  ,0,0,0,0,0,0,0,0,0,-148000,0,0,0,10000,158000,-148000,-148000
053612,T50反1群益96購01,0,0,0,0,0,0,0,0,0,-148000,0,0,0,1000,149000,-148000,-148000
055175,建準統一97購01  ,0,0,0,0,0,0,0,0,0,-148000,0,0,0,0,148000,-148000,-148000
054493,同欣電台新96購01,0,0,0,0,0,0,0,0,0,-148000,0,0,0,0,148000,-148000,-148000
054226,燿華元富96購02  ,0,0,0,0,0,0,0,0,0,-148000,0,0,0,20000,168000,-148000,-148000
054884,友達統一99購01  ,0,0,0,0,0,0,0,0,0,-148000,0,0,0,0,148000,-148000,-148000
057996,臻鼎中信98購01  ,0,0,0,0,0,0,0,0,0,-148000,0,0,0,30000,178000,-148000,-148000
06617P,智邦元大98售03  ,0,0,0,0,0,0,0,0,0,-148000,0,0,0,52000,200000,-148000,-148000
057268,臻鼎兆豐99購01  ,0,0,0,0,0,0,0,0,0,-149000,0,0,0,19000,168000,-149000,-149000
042953,鴻海台新01購01  ,0,0,0,0,0,0,0,0,0,-149000,0,0,0,23000,172000,-149000,-149000
042168,台灣50凱基96購01,0,0,0,0,0,0,0,0,0,-149000,0,0,0,0,149000,-149000,-149000
048612,嘉晶凱基93購05  ,0,0,0,0,0,0,0,0,0,-149000,0,0,0,0,149000,-149000,-149000
050400,臻鼎中信97購01  ,0,0,0,0,0,0,0,0,0,-149000,0,0,0,140000,289000,-149000,-149000
051473,台積電凱基95購10,10000,0,10000,0,0,0,0,0,0,-159000,0,0,0,20000,179000,-159000,-149000
052231,景碩凱基96購01  ,0,0,0,0,0,0,0,0,0,-149000,0,0,0,0,149000,-149000,-149000
051299,致茂凱基95購01  ,0,0,0,0,0,0,0,0,0,-149000,0,0,0,11000,160000,-149000,-149000
054374,信邦中信96購01  ,0,0,0,0,0,0,0,0,0,-149000,0,0,0,10000,159000,-149000,-149000
054408,義隆國票98購01  ,0,0,0,0,0,0,0,0,0,-149000,0,0,0,0,149000,-149000,-149000
055065,神達永豐97購01  ,0,0,0,0,0,0,0,0,0,-149000,0,0,0,55000,204000,-149000,-149000
053661,嘉澤凱基97購01  ,0,0,0,0,0,0,0,0,0,-149000,0,0,0,0,149000,-149000,-149000
053377,台積電元大98購01,0,0,0,0,0,0,0,0,0,-149000,0,0,0,48000,197000,-149000,-149000
05900P,臺股指凱基99售05,0,0,0,0,0,0,0,0,0,-149000,0,0,0,270000,419000,-149000,-149000
2207,和泰車          ,415933,580374,-164441,0,0,0,4000,0,4000,11000,5000,0,5000,6000,0,6000,-149441
057256,元油2X兆豐98購01,0,0,0,0,0,0,0,0,0,-150000,0,0,0,0,150000,-150000,-150000
056950,亞光統一99購01  ,0,0,0,0,0,0,0,0,0,-150000,0,0,0,0,150000,-150000,-150000
057344,元油2X統一98購03,0,0,0,0,0,0,0,0,0,-150000,0,0,0,0,150000,-150000,-150000
057665,技嘉元大99購01  ,0,0,0,0,0,0,0,0,0,-150000,0,0,0,1000,151000,-150000,-150000
057792,群創統一99購01  ,0,0,0,0,0,0,0,0,0,-150000,0,0,0,0,150000,-150000,-150000
056208,崇越永豐97購01  ,0,0,0,0,0,0,0,0,0,-150000,0,0,0,0,150000,-150000,-150000
056158,新日興凱基98購02,0,0,0,0,0,0,0,0,0,-150000,0,0,0,30000,180000,-150000,-150000
056644,宏達電凱基98購04,0,0,0,0,0,0,0,0,0,-150000,0,0,0,89000,239000,-150000,-150000
048601,智易國票94購03  ,0,0,0,0,0,0,0,0,0,-150000,0,0,0,0,150000,-150000,-150000
048320,聯詠凱基93購08  ,0,0,0,0,0,0,0,0,0,-150000,0,0,0,0,150000,-150000,-150000
051703,台積電群益95購04,0,0,0,0,0,0,0,0,0,-150000,0,0,0,130000,280000,-150000,-150000
048065,群創統一93購04  ,0,0,0,0,0,0,0,0,0,-150000,0,0,0,0,150000,-150000,-150000
04229P,臺股指中信95售05,0,0,0,0,0,0,0,0,0,-150000,0,0,0,0,150000,-150000,-150000
044003,聯發科兆豐93購01,0,0,0,0,0,0,0,0,0,-150000,0,0,0,0,150000,-150000,-150000
04381P,世紀鋼元大94售01,0,0,0,0,0,0,0,0,0,-150000,0,0,0,0,150000,-150000,-150000
03307P,臺股指中信05售02,0,0,0,0,0,0,0,0,0,-150000,71000,0,71000,270000,491000,-221000,-150000
045795,瀚宇博兆豐94購01,0,0,0,0,0,0,0,0,0,-150000,0,0,0,0,150000,-150000,-150000
045516,聯茂統一94購01  ,0,0,0,0,0,0,0,0,0,-150000,0,0,0,230000,380000,-150000,-150000
050742,新日興永豐94購01,0,0,0,0,0,0,0,0,0,-150000,0,0,0,10000,160000,-150000,-150000
050807,群臺反凱基95購01,0,0,0,0,0,0,0,0,0,-150000,0,0,0,41000,191000,-150000,-150000
050884,聯茂國泰96購01  ,0,0,0,0,0,0,0,0,0,-150000,0,0,0,98000,248000,-150000,-150000
050963,強茂永豐95購01  ,0,0,0,0,0,0,0,0,0,-150000,0,0,0,0,150000,-150000,-150000
052574,茂林凱基96購02  ,0,0,0,0,0,0,0,0,0,-150000,0,0,0,21000,171000,-150000,-150000
051859,劍麟凱基96購01  ,0,0,0,0,0,0,0,0,0,-150000,0,0,0,0,150000,-150000,-150000
050489,聯詠元富94購01  ,0,0,0,0,0,0,0,0,0,-150000,0,0,0,25000,175000,-150000,-150000
050394,大立光元富94購09,0,0,0,0,0,0,0,0,0,-150000,0,0,0,0,150000,-150000,-150000
053235,智原永豐96購01  ,0,0,0,0,0,0,0,0,0,-150000,0,0,0,0,150000,-150000,-150000
053263,華邦電群益96購03,0,0,0,0,0,0,0,0,0,-150000,0,0,0,0,150000,-150000,-150000
053143,昇陽半永豐96購03,0,0,0,0,0,0,0,0,0,-150000,0,0,0,0,150000,-150000,-150000
053611,聯茂麥證96購01  ,0,0,0,30000,220000,-190000,0,0,0,-150000,0,0,0,70000,220000,-150000,-150000
055119,力成凱基98購01  ,0,0,0,0,0,0,0,0,0,-150000,0,0,0,10000,160000,-150000,-150000
055159,玉晶光元大98購05,0,0,0,0,0,0,0,0,0,-150000,0,0,0,0,150000,-150000,-150000
055448,健策統一97購02  ,0,0,0,0,0,0,0,0,0,-150000,0,0,0,0,150000,-150000,-150000
055375,京鼎元大97購03  ,0,0,0,0,0,0,0,0,0,-150000,0,0,0,50000,200000,-150000,-150000
054501,強茂永豐96購02  ,0,0,0,0,0,0,0,0,0,-150000,0,0,0,0,150000,-150000,-150000
054323,旺宏台新96購02  ,0,0,0,0,0,0,0,0,0,-150000,0,0,0,0,150000,-150000,-150000
054723,鴻海日盛97購01  ,0,0,0,0,0,0,0,0,0,-150000,0,0,0,0,150000,-150000,-150000
9908,大台北          ,16000,166000,-150000,0,0,0,0,0,0,0,0,0,0,0,0,0,-150000
06563P,元油2X富邦02售02,0,0,0,0,0,0,0,0,0,-150000,0,0,0,130000,280000,-150000,-150000
056550,瑞儀凱基99購01  ,0,0,0,0,0,0,0,0,0,-151000,0,0,0,0,151000,-151000,-151000
056785,可成群益99購01  ,0,0,0,0,0,0,0,0,0,-151000,0,0,0,63000,214000,-151000,-151000
050653,聯鈞凱基96購01  ,0,0,0,0,0,0,0,0,0,-151000,0,0,0,78000,229000,-151000,-151000
049720,欣興凱基94購05  ,0,0,0,0,0,0,0,0,0,-151000,0,0,0,0,151000,-151000,-151000
049880,健策永豐94購02  ,0,0,0,0,0,0,0,0,0,-151000,0,0,0,10000,161000,-151000,-151000
054483,聯電台新96購01  ,0,0,0,0,0,0,0,0,0,-151000,0,0,0,0,151000,-151000,-151000
053262,華邦電群益96購02,0,0,0,0,0,0,0,0,0,-151000,0,0,0,86000,237000,-151000,-151000
051918,聯茂元大95購01  ,0,0,0,0,0,0,0,0,0,-152000,0,0,0,56000,208000,-152000,-152000
052195,健策元富95購01  ,0,0,0,0,0,0,0,0,0,-152000,0,0,0,18000,170000,-152000,-152000
053535,宏達電永豐96購02,0,0,0,0,0,0,0,0,0,-152000,0,0,0,86000,238000,-152000,-152000
053604,臺股指元大96購21,0,0,0,0,0,0,0,0,0,-152000,0,0,0,0,152000,-152000,-152000
053628,微星兆豐96購01  ,0,0,0,0,0,0,0,0,0,-152000,0,0,0,10000,162000,-152000,-152000
054229,超眾元富96購05  ,0,0,0,0,0,0,0,0,0,-152000,0,0,0,53000,205000,-152000,-152000
054779,台塑群益98購01  ,0,0,0,0,0,0,0,0,0,-152000,0,0,0,3000,155000,-152000,-152000
06672P,聯發科群益98售05,0,0,0,0,0,0,0,0,0,-152000,0,0,0,0,152000,-152000,-152000
056992,祥碩兆豐98購01  ,0,0,0,0,0,0,0,0,0,-153000,0,0,0,0,153000,-153000,-153000
057260,微星兆豐98購01  ,0,0,0,0,0,0,0,0,0,-153000,0,0,0,54000,207000,-153000,-153000
047227,華新科凱基94購01,0,0,0,0,0,0,0,0,0,-153000,0,0,0,42000,195000,-153000,-153000
049485,台積電元大96購03,0,0,0,0,0,0,0,0,0,-153000,0,0,0,519000,672000,-153000,-153000
052781,瀚宇博國票97購03,0,0,0,0,0,0,0,0,0,-153000,0,0,0,0,153000,-153000,-153000
053990,晶技兆豐96購01  ,0,0,0,0,0,0,0,0,0,-153000,0,0,0,183000,336000,-153000,-153000
056852,矽格元富98購01  ,0,0,0,0,0,0,0,0,0,-154000,0,0,0,80000,234000,-154000,-154000
056916,台達電兆豐98購02,0,0,0,0,0,0,0,0,0,-154000,0,0,0,0,154000,-154000,-154000
056567,瀚宇博群益98購02,0,0,0,0,0,0,0,0,0,-154000,0,0,0,140000,294000,-154000,-154000
056069,新日興元大97購03,0,0,0,0,0,0,0,0,0,-154000,0,0,0,170000,324000,-154000,-154000
055697,牧德國票98購01  ,0,0,0,0,0,0,0,0,0,-154000,0,0,0,21000,175000,-154000,-154000
051623,和碩凱基96購02  ,0,0,0,0,0,0,0,0,0,-154000,0,0,0,82000,236000,-154000,-154000
051600,新日興兆豐96購02,0,0,0,0,0,0,0,0,0,-154000,0,0,0,0,154000,-154000,-154000
044507,燿華凱基93購03  ,0,0,0,0,0,0,0,0,0,-154000,0,0,0,30000,184000,-154000,-154000
050767,京元電元大96購01,0,0,0,0,0,0,0,0,0,-154000,0,0,0,6000,160000,-154000,-154000
054593,滬深2X永昌9A購01,0,0,0,0,0,0,0,0,0,-154000,0,0,0,365000,519000,-154000,-154000
055292,聯鈞元大97購02  ,0,0,0,0,0,0,0,0,0,-154000,0,0,0,80000,234000,-154000,-154000
055114,新日興凱基98購01,0,0,0,0,0,0,0,0,0,-154000,0,0,0,12000,166000,-154000,-154000
055478,訊芯凱基97購01  ,0,0,0,0,0,0,0,0,0,-155000,0,0,0,20000,175000,-155000,-155000
056109,彩晶永豐98購01  ,0,0,0,0,0,0,0,0,0,-155000,0,0,0,7000,162000,-155000,-155000
056476,智原元大98購02  ,0,0,0,0,0,0,0,0,0,-155000,0,0,0,126000,281000,-155000,-155000
056123,鈺齊群益97購01  ,0,0,0,0,0,0,0,0,0,-155000,0,0,0,0,155000,-155000,-155000
056272,嘉澤統一99購01  ,0,0,0,0,0,0,0,0,0,-155000,0,0,0,37000,192000,-155000,-155000
056883,美食康和98購01  ,0,0,0,0,0,0,0,0,0,-155000,0,0,0,0,155000,-155000,-155000
057205,元翎元富98購01  ,0,0,0,0,0,0,0,0,0,-155000,0,0,0,45000,200000,-155000,-155000
052770,聯茂群益96購02  ,0,0,0,0,0,0,0,0,0,-155000,0,0,0,33000,188000,-155000,-155000
055252,新光金統一98購02,0,0,0,0,0,0,0,0,0,-155000,0,0,0,0,155000,-155000,-155000
055431,和鑫群益98購01  ,0,0,0,0,0,0,0,0,0,-155000,0,0,0,0,155000,-155000,-155000
053567,群創富邦97購01  ,0,0,0,0,0,0,0,0,0,-155000,0,0,0,0,155000,-155000,-155000
06804P,臺股指群益98售10,0,0,0,0,0,0,0,0,0,-155000,0,0,0,0,155000,-155000,-155000
057936,健策群益99購01  ,0,0,0,0,0,0,0,0,0,-155000,0,0,0,10000,165000,-155000,-155000
057150,貿聯國票99購02  ,0,0,0,0,0,0,0,0,0,-156000,0,0,0,0,156000,-156000,-156000
056789,和碩群益98購01  ,0,0,0,0,0,0,0,0,0,-156000,0,0,0,0,156000,-156000,-156000
055779,國泰金凱基97購02,0,0,0,0,0,0,0,0,0,-156000,0,0,0,0,156000,-156000,-156000
052295,揚明光國票96購03,0,0,0,0,0,0,0,0,0,-156000,0,0,0,0,156000,-156000,-156000
051319,光磊國票96購02  ,0,0,0,0,0,0,0,0,0,-156000,0,0,0,70000,226000,-156000,-156000
052113,漢唐中信98購01  ,0,0,0,0,0,0,0,0,0,-156000,0,0,0,4000,160000,-156000,-156000
052095,彩晶元大97購01  ,0,0,0,0,0,0,0,0,0,-156000,0,0,0,10000,166000,-156000,-156000
052359,百和永豐95購01  ,0,0,0,0,0,0,0,0,0,-156000,0,0,0,70000,226000,-156000,-156000
053686,台積電元大97購08,0,0,0,0,0,0,0,0,0,-156000,0,0,0,0,156000,-156000,-156000
053343,宏達電國票97購02,0,0,0,0,0,0,0,0,0,-156000,0,0,0,7000,163000,-156000,-156000
055442,矽創國票98購02  ,0,0,0,0,0,0,0,0,0,-156000,0,0,0,17000,173000,-156000,-156000
055352,奇力新凱基97購01,0,0,0,0,0,0,0,0,0,-156000,0,0,0,4000,160000,-156000,-156000
3532,台勝科          ,332185,1010273,-678088,0,0,0,31000,0,31000,491000,106000,2000,104000,389000,2000,387000,-156088
055937,康舒群益97購01  ,0,0,0,0,0,0,0,0,0,-157000,0,0,0,109000,266000,-157000,-157000
056433,鴻海凱基98購09  ,0,0,0,0,0,0,0,0,0,-157000,0,0,0,30000,187000,-157000,-157000
057193,力成元大98購02  ,0,0,0,0,0,0,0,0,0,-157000,0,0,0,113000,270000,-157000,-157000
057266,TPK兆豐98購02   ,0,0,0,0,0,0,0,0,0,-157000,0,0,0,5000,162000,-157000,-157000
057140,宏達電兆豐98購01,0,0,0,0,0,0,0,0,0,-157000,0,0,0,301000,458000,-157000,-157000
057381,微星國泰9A購01  ,0,0,0,0,0,0,0,0,0,-157000,0,0,0,60000,217000,-157000,-157000
042317,台灣50永豐96購01,0,0,0,0,0,0,0,0,0,-157000,0,0,0,89000,246000,-157000,-157000
3703,欣陸            ,258000,418000,-160000,0,0,0,0,0,0,3000,10000,7000,3000,0,0,0,-157000
057421,智原凱基98購04  ,0,0,0,0,0,0,0,0,0,-158000,0,0,0,0,158000,-158000,-158000
057859,神達康和98購01  ,0,0,0,0,0,0,0,0,0,-158000,0,0,0,137000,295000,-158000,-158000
056854,友達中信9A購01  ,0,0,0,0,0,0,0,0,0,-158000,0,0,0,695000,853000,-158000,-158000
056442,瑞昱凱基98購02  ,0,0,0,0,0,0,0,0,0,-158000,0,0,0,55000,213000,-158000,-158000
056558,台達電群益98購01,0,0,0,0,0,0,0,0,0,-158000,0,0,0,11000,169000,-158000,-158000
044408,聯茂凱基93購02  ,0,0,0,0,0,0,0,0,0,-158000,0,0,0,15000,173000,-158000,-158000
048349,美利達元大96購02,0,0,0,0,0,0,0,0,0,-158000,0,0,0,69000,227000,-158000,-158000
049667,大立光國泰96購01,0,0,0,0,0,0,0,0,0,-158000,0,0,0,0,158000,-158000,-158000
050984,大立光國泰97購01,0,0,0,0,0,0,0,0,0,-158000,0,0,0,18000,176000,-158000,-158000
055398,超眾統一97購03  ,0,0,0,0,0,0,0,0,0,-158000,0,0,0,0,158000,-158000,-158000
054800,訊芯群益99購01  ,0,0,0,0,0,0,0,0,0,-158000,0,0,0,0,158000,-158000,-158000
053281,茂林元大96購02  ,0,0,0,0,0,0,0,0,0,-158000,0,0,0,19000,177000,-158000,-158000
06503P,臺股指中信9A售02,0,0,0,0,0,0,0,0,0,-158000,0,0,0,308000,466000,-158000,-158000
05656P,台表科統一96售01,0,0,0,0,0,0,0,0,0,-159000,0,0,0,99000,258000,-159000,-159000
055699,康控國票97購04  ,0,0,0,0,0,0,0,0,0,-159000,0,0,0,30000,189000,-159000,-159000
056837,國巨元富98購02  ,0,0,0,0,0,0,0,0,0,-159000,0,0,0,75000,234000,-159000,-159000
057135,立積凱基98購01  ,0,0,0,0,0,0,0,0,0,-159000,0,0,0,100000,259000,-159000,-159000
051608,新日興群益96購01,0,0,0,0,0,0,0,0,0,-159000,0,0,0,16000,175000,-159000,-159000
048068,南亞科元富95購01,0,0,0,0,0,0,0,0,0,-159000,0,0,0,30000,189000,-159000,-159000
047882,超眾國泰94購01  ,0,0,0,0,0,0,0,0,0,-159000,0,0,0,10000,169000,-159000,-159000
052764,景碩群益98購01  ,0,0,0,0,0,0,0,0,0,-159000,0,0,0,19000,178000,-159000,-159000
054733,鴻海凱基98購04  ,0,0,0,0,0,0,0,0,0,-159000,0,0,0,20000,179000,-159000,-159000
057685,台灣50凱基9C購01,0,0,0,0,0,0,0,0,0,-160000,0,0,0,90000,250000,-160000,-160000
057713,美律統一99購01  ,0,0,0,0,0,0,0,0,0,-160000,0,0,0,0,160000,-160000,-160000
055734,奇力新元富97購02,0,0,0,0,0,0,0,0,0,-160000,0,0,0,10000,170000,-160000,-160000
055884,臺股指元富97購01,0,0,0,0,0,0,0,0,0,-160000,0,0,0,75000,235000,-160000,-160000
056529,中環凱基98購01  ,0,0,0,0,0,0,0,0,0,-160000,0,0,0,10000,170000,-160000,-160000
056452,亞光凱基98購02  ,0,0,0,0,0,0,0,0,0,-160000,0,0,0,0,160000,-160000,-160000
048844,訊芯凱基94購02  ,0,0,0,0,0,0,0,0,0,-160000,0,0,0,0,160000,-160000,-160000
052759,京元電群益96購01,0,0,0,0,0,0,0,0,0,-160000,0,0,0,1000,161000,-160000,-160000
050161,鴻海國泰96購03  ,0,0,0,0,0,0,0,0,0,-160000,0,0,0,2000,162000,-160000,-160000
049167,元油2X凱基97購03,0,0,0,0,0,0,0,0,0,-160000,0,0,0,50000,210000,-160000,-160000
050552,禾伸堂凱基94購05,0,0,0,0,0,0,0,0,0,-160000,0,0,0,10000,170000,-160000,-160000
053443,智邦凱基97購01  ,0,0,0,0,0,0,0,0,0,-160000,0,0,0,25000,185000,-160000,-160000
053618,新唐群益96購01  ,0,0,0,0,0,0,0,0,0,-160000,0,0,0,12000,172000,-160000,-160000
053885,全新兆豐96購01  ,0,0,0,0,0,0,0,0,0,-160000,0,0,0,0,160000,-160000,-160000
054195,亞泥國泰98購01  ,0,0,0,0,0,0,0,0,0,-160000,0,0,0,0,160000,-160000,-160000
057910,華新科兆豐99購02,0,0,0,0,0,0,0,0,0,-160000,0,0,0,168000,328000,-160000,-160000
058061,貿聯元富9B購01  ,0,0,0,0,0,0,0,0,0,-160000,0,0,0,0,160000,-160000,-160000
08488P,臺股指群益9C售19,0,0,0,0,0,0,0,0,0,-160000,0,0,0,840000,1000000,-160000,-160000
056696,茂林群益98購02  ,0,0,0,0,0,0,0,0,0,-161000,0,0,0,20000,181000,-161000,-161000
057475,聯電元大9A購01  ,0,0,0,0,0,0,0,0,0,-161000,0,0,0,90000,251000,-161000,-161000
057554,新日興凱基99購02,0,0,0,0,0,0,0,0,0,-161000,0,0,0,26000,187000,-161000,-161000
057239,貿聯凱基98購05  ,0,0,0,0,0,0,0,0,0,-161000,0,0,0,20000,181000,-161000,-161000
056717,康友永豐98購01  ,0,0,0,0,0,0,0,0,0,-161000,0,0,0,0,161000,-161000,-161000
056924,亞光兆豐98購01  ,0,0,0,0,0,0,0,0,0,-161000,0,0,0,0,161000,-161000,-161000
047893,嘉聯益兆豐94購01,0,0,0,0,0,0,0,0,0,-161000,0,0,0,36000,197000,-161000,-161000
051638,聯茂國票96購01  ,0,0,0,0,0,0,0,0,0,-161000,0,0,0,0,161000,-161000,-161000
047521,台積電元大94購03,0,0,0,0,0,0,0,0,0,-161000,0,0,0,188000,349000,-161000,-161000
050890,南電富邦99購01  ,0,0,0,0,0,0,0,0,0,-161000,0,0,0,28000,189000,-161000,-161000
053525,台積電中信96購04,0,0,0,0,0,0,0,0,0,-161000,0,0,0,18000,179000,-161000,-161000
053051,楠梓電國票97購01,0,0,0,0,0,0,0,0,0,-161000,0,0,0,4000,165000,-161000,-161000
06622P,牧德元大98售01  ,0,0,0,0,0,0,0,0,0,-161000,0,0,0,16000,177000,-161000,-161000
045377,華邦電元大93購01,0,0,0,0,0,0,0,0,0,-162000,0,0,0,135000,297000,-162000,-162000
053485,矽創國票97購04  ,0,0,0,0,0,0,0,0,0,-162000,0,0,0,10000,172000,-162000,-162000
054670,康友元富97購01  ,0,0,0,0,0,0,0,0,0,-162000,0,0,0,0,162000,-162000,-162000
054497,國巨永豐96購05  ,0,0,0,0,0,0,0,0,0,-162000,0,0,0,220000,382000,-162000,-162000
055313,南電群益97購01  ,0,0,0,0,0,0,0,0,0,-162000,0,0,0,50000,212000,-162000,-162000
05830P,滬深2X元富99售03,0,0,0,0,0,0,0,0,0,-162000,0,0,0,213000,375000,-162000,-162000
056919,英業達兆豐98購01,0,0,0,0,0,0,0,0,0,-163000,0,0,0,1000,164000,-163000,-163000
056861,美律群益99購01  ,0,0,0,0,0,0,0,0,0,-163000,0,0,0,0,163000,-163000,-163000
03619C,臺股指元大95牛02,0,0,0,0,0,0,0,0,0,-163000,0,0,0,5000,168000,-163000,-163000
051636,嘉晶國票95購02  ,0,0,0,0,0,0,0,0,0,-163000,0,0,0,0,163000,-163000,-163000
052148,康友群益95購03  ,0,0,0,0,0,0,0,0,0,-163000,0,0,0,1000,164000,-163000,-163000
054432,台積電台新96購05,0,0,0,0,0,0,0,0,0,-163000,0,0,0,20000,183000,-163000,-163000
054464,奇力新凱基98購02,0,0,0,0,0,0,0,0,0,-163000,0,0,0,12000,175000,-163000,-163000
6505,台塑化          ,1896773,2891135,-994362,0,0,0,63000,2000,61000,769578,215000,0,215000,578000,23422,554578,-163784
056602,嘉澤國泰99購01  ,0,0,0,0,0,0,0,0,0,-164000,0,0,0,5000,169000,-164000,-164000
055563,智易凱基97購02  ,0,0,0,0,0,0,0,0,0,-164000,0,0,0,0,164000,-164000,-164000
049557,南電元富94購02  ,0,0,0,0,0,0,0,0,0,-164000,0,0,0,0,164000,-164000,-164000
051113,聯電元富95購01  ,0,0,0,0,0,0,0,0,0,-164000,0,0,0,24000,188000,-164000,-164000
052751,臺股指元大96購05,0,0,0,0,0,0,0,0,0,-164000,0,0,0,0,164000,-164000,-164000
054560,全新群益98購03  ,0,0,0,0,0,0,0,0,0,-164000,0,0,0,0,164000,-164000,-164000
055358,臻鼎凱基97購01  ,0,0,0,0,0,0,0,0,0,-164000,0,0,0,33000,197000,-164000,-164000
055271,鴻海元大98購03  ,0,0,0,0,0,0,0,0,0,-164000,0,0,0,119000,283000,-164000,-164000
053459,康控國泰97購01  ,0,0,0,0,0,0,0,0,0,-164000,0,0,0,20000,184000,-164000,-164000
06595P,祥碩元大98售03  ,0,0,0,0,0,0,0,0,0,-164000,0,0,0,37000,201000,-164000,-164000
051532,潤泰全國票96購01,0,0,0,0,0,0,0,0,0,-165000,0,0,0,0,165000,-165000,-165000
041916,大立光中信93購01,0,0,0,0,0,0,0,0,0,-165000,0,0,0,0,165000,-165000,-165000
048859,玉晶光群益96購02,0,0,0,0,0,0,0,0,0,-165000,0,0,0,3000,168000,-165000,-165000
052512,全新凱基96購03  ,0,0,0,0,0,0,0,0,0,-165000,0,0,0,15000,180000,-165000,-165000
052364,全新國票95購02  ,0,0,0,0,0,0,0,0,0,-165000,0,0,0,30000,195000,-165000,-165000
054770,健策國票98購01  ,0,0,0,0,0,0,0,0,0,-165000,0,0,0,296000,461000,-165000,-165000
056987,南茂群益98購01  ,0,0,0,0,0,0,0,0,0,-166000,0,0,0,10000,176000,-166000,-166000
057258,中環兆豐98購01  ,0,0,0,0,0,0,0,0,0,-166000,0,0,0,0,166000,-166000,-166000
03652C,臺股指元大03牛01,0,0,0,0,0,0,0,0,0,-166000,0,0,0,22000,188000,-166000,-166000
048256,鴻海統一93購08  ,0,0,0,0,0,0,0,0,0,-166000,0,0,0,0,166000,-166000,-166000
054782,國巨群益97購01  ,0,0,0,0,0,0,0,0,0,-166000,0,0,0,21000,187000,-166000,-166000
054874,帆宣群益99購02  ,0,0,0,0,0,0,0,0,0,-166000,0,0,0,0,166000,-166000,-166000
055153,台光電元大98購02,0,0,0,0,0,0,0,0,0,-166000,0,0,0,7000,173000,-166000,-166000
053888,和大群益97購01  ,0,0,0,0,0,0,0,0,0,-166000,0,0,0,223000,389000,-166000,-166000
06405P,億光元富97售02  ,0,0,0,0,0,0,0,0,0,-166000,0,0,0,25000,191000,-166000,-166000
1451,年興            ,16000,198000,-182000,0,0,0,0,0,0,16000,16000,0,16000,0,0,0,-166000
3231,緯創            ,9192978,10302264,-1109286,0,0,0,34000,0,34000,909000,71000,69000,2000,1274000,367000,907000,-166286
056680,華通統一98購04  ,0,0,0,0,0,0,0,0,0,-167000,0,0,0,0,167000,-167000,-167000
056385,創意國泰99購01  ,0,0,0,0,0,0,0,0,0,-167000,0,0,0,30000,197000,-167000,-167000
048888,牧德元富94購02  ,0,0,0,0,0,0,0,0,0,-167000,0,0,0,43000,210000,-167000,-167000
052413,上証反中信97購01,0,0,0,0,0,0,0,0,0,-167000,0,0,0,3000,170000,-167000,-167000
050064,華新科凱基94購08,0,0,0,0,0,0,0,0,0,-167000,0,0,0,11000,178000,-167000,-167000
051128,台表科群益95購02,0,0,0,0,0,0,0,0,0,-167000,0,0,0,203000,370000,-167000,-167000
053616,奇力新群益97購01,0,0,0,0,0,0,0,0,0,-167000,0,0,0,91000,258000,-167000,-167000
06659P,T50正2富邦9A售01,0,0,0,0,0,0,0,0,0,-167000,0,0,0,0,167000,-167000,-167000
055836,華邦電元大97購04,0,0,0,0,0,0,0,0,0,-168000,0,0,0,0,168000,-168000,-168000
056090,康舒統一97購01  ,0,0,0,0,0,0,0,0,0,-168000,0,0,0,48000,216000,-168000,-168000
057301,嘉聯益永豐98購02,0,0,0,0,0,0,0,0,0,-168000,0,0,0,10000,178000,-168000,-168000
057311,玉晶光日盛9A購01,0,0,0,0,0,0,0,0,0,-168000,0,0,0,72000,240000,-168000,-168000
057706,臺股指群益98購06,0,0,0,0,0,0,0,0,0,-168000,0,0,0,0,168000,-168000,-168000
051745,玉晶光國泰97購06,0,0,0,0,0,0,0,0,0,-168000,0,0,0,23000,191000,-168000,-168000
052614,聯電國泰97購01  ,0,0,0,0,0,0,0,0,0,-168000,0,0,0,272000,440000,-168000,-168000
053379,南亞科元大96購01,0,0,0,0,0,0,0,0,0,-168000,0,0,0,99000,267000,-168000,-168000
053185,友達中信99購01  ,0,0,0,0,0,0,0,0,0,-168000,0,0,0,10000,178000,-168000,-168000
055354,宏達電凱基98購01,0,0,0,0,0,0,0,0,0,-168000,0,0,0,103000,271000,-168000,-168000
054620,南茂永豐97購01  ,0,0,0,0,0,0,0,0,0,-168000,0,0,0,2000,170000,-168000,-168000
05815P,台積電凱基97售06,0,0,0,0,0,0,0,0,0,-168000,0,0,0,165000,333000,-168000,-168000
057791,可成統一99購01  ,0,0,0,0,0,0,0,0,0,-169000,0,0,0,0,169000,-169000,-169000
05703P,矽力群益96售03  ,0,0,0,0,0,0,0,0,0,-169000,0,0,0,87000,256000,-169000,-169000
055932,玉山金群益99購01,0,0,0,0,0,0,0,0,0,-169000,0,0,0,10000,179000,-169000,-169000
055578,群創統一98購03  ,0,0,0,0,0,0,0,0,0,-169000,0,0,0,0,169000,-169000,-169000
056347,GIS凱基9A購01   ,0,0,0,0,0,0,0,0,0,-169000,0,0,0,3000,172000,-169000,-169000
051682,元黃金凱基97購01,0,0,0,0,0,0,0,0,0,-169000,0,0,0,68000,237000,-169000,-169000
04434P,玉晶光國票96售02,0,0,0,0,0,0,0,0,0,-169000,0,0,0,1003000,1172000,-169000,-169000
051020,健策凱基96購02  ,0,0,0,0,0,0,0,0,0,-169000,0,0,0,6000,175000,-169000,-169000
050665,南電台新94購01  ,0,0,0,0,0,0,0,0,0,-169000,0,0,0,200000,369000,-169000,-169000
055449,超眾統一9A購01  ,0,0,0,0,0,0,0,0,0,-169000,0,0,0,0,169000,-169000,-169000
053170,茂林群益96購04  ,0,0,0,0,0,0,0,0,0,-169000,0,0,0,34000,203000,-169000,-169000
053837,貿聯永豐96購02  ,0,0,0,0,0,0,0,0,0,-169000,0,0,0,20000,189000,-169000,-169000
055679,華通凱基99購01  ,0,0,0,0,0,0,0,0,0,-170000,0,0,0,0,170000,-170000,-170000
056915,上銀兆豐99購01  ,0,0,0,0,0,0,0,0,0,-170000,0,0,0,35000,205000,-170000,-170000
057708,臺股指群益98購08,0,0,0,0,0,0,0,0,0,-170000,0,0,0,0,170000,-170000,-170000
04526P,美律凱基94售03  ,0,0,0,0,0,0,0,0,0,-170000,0,0,0,10000,180000,-170000,-170000
048860,玉晶光群益96購03,0,0,0,0,0,0,0,0,0,-170000,0,0,0,20000,190000,-170000,-170000
049119,元油2X元富94購04,0,0,0,0,0,0,0,0,0,-170000,0,0,0,42000,212000,-170000,-170000
047734,欣興兆豐94購02  ,0,0,0,0,0,0,0,0,0,-170000,0,0,0,0,170000,-170000,-170000
046680,上証反群益95購01,0,0,0,0,0,0,0,0,0,-170000,0,0,0,100000,270000,-170000,-170000
050392,群創統一96購01  ,0,0,0,0,0,0,0,0,0,-170000,0,0,0,100000,270000,-170000,-170000
04951P,緯創中信94售01  ,0,0,0,0,0,0,0,0,0,-170000,0,0,0,30000,200000,-170000,-170000
050562,瑞昱元富94購02  ,0,0,0,0,0,0,0,0,0,-170000,0,0,0,0,170000,-170000,-170000
051822,和碩元富95購01  ,0,0,0,0,0,0,0,0,0,-170000,0,0,0,0,170000,-170000,-170000
05270P,台表科元大95售05,0,0,0,0,0,0,0,0,0,-170000,0,0,0,130000,300000,-170000,-170000
052284,日月光凱基96購01,0,0,0,0,0,0,0,0,0,-170000,0,0,0,30000,200000,-170000,-170000
05511P,T50反1台新06售01,0,0,0,0,0,0,0,0,0,-170000,0,0,0,0,170000,-170000,-170000
05477P,華新科群益95售06,0,0,0,0,0,0,0,0,0,-170000,0,0,0,30000,200000,-170000,-170000
054786,全新群益99購02  ,0,0,0,0,0,0,0,0,0,-170000,0,0,0,20000,190000,-170000,-170000
06541P,元油2X國票9A售02,0,0,0,0,0,0,0,0,0,-170000,0,0,0,150000,320000,-170000,-170000
057603,樺漢群益98購02  ,0,0,0,0,0,0,0,0,0,-171000,0,0,0,11000,182000,-171000,-171000
057523,大成鋼元大99購01,0,0,0,0,0,0,0,0,0,-171000,0,0,0,7000,178000,-171000,-171000
057010,景碩中信98購01  ,0,0,0,0,0,0,0,0,0,-171000,0,0,0,0,171000,-171000,-171000
056496,康控國泰99購01  ,0,0,0,0,0,0,0,0,0,-171000,0,0,0,0,171000,-171000,-171000
03399P,欣興中信02售03  ,0,0,0,0,0,0,0,0,0,-171000,0,0,0,185000,356000,-171000,-171000
051112,台郡統一95購01  ,0,0,0,0,0,0,0,0,0,-171000,0,0,0,29000,200000,-171000,-171000
049778,宏達電統一94購02,0,0,0,0,0,0,0,0,0,-171000,0,0,0,0,171000,-171000,-171000
050219,台積電元富95購03,0,0,0,0,0,0,0,0,0,-171000,0,0,0,50000,221000,-171000,-171000
053671,可成統一96購03  ,0,0,0,0,0,0,0,0,0,-171000,0,0,0,5000,176000,-171000,-171000
053962,聯茂永豐96購01  ,0,0,0,0,0,0,0,0,0,-171000,0,0,0,139000,310000,-171000,-171000
053196,康控元富96購01  ,0,0,0,0,0,0,0,0,0,-171000,0,0,0,50000,221000,-171000,-171000
052895,台積電群益96購04,0,0,0,0,0,0,0,0,0,-172000,0,0,0,600000,772000,-172000,-172000
054532,強茂國泰98購01  ,0,0,0,0,0,0,0,0,0,-172000,0,0,0,88000,260000,-172000,-172000
056250,瑞昱兆豐97購02  ,0,0,0,0,0,0,0,0,0,-173000,0,0,0,0,173000,-173000,-173000
055938,矽力群益97購01  ,0,0,0,0,0,0,0,0,0,-173000,0,0,0,94000,267000,-173000,-173000
056997,台灣50康和9A購02,0,0,0,0,0,0,0,0,0,-173000,0,0,0,0,173000,-173000,-173000
057206,立積元富98購01  ,0,0,0,0,0,0,0,0,0,-173000,0,0,0,150000,323000,-173000,-173000
048233,南電凱基93購05  ,0,0,0,0,0,0,0,0,0,-173000,0,0,0,0,173000,-173000,-173000
053014,旺宏統一97購02  ,0,0,0,0,0,0,0,0,0,-173000,0,0,0,194000,367000,-173000,-173000
058026,上銀富邦9A購01  ,0,0,0,0,0,0,0,0,0,-173000,0,0,0,3000,176000,-173000,-173000
057961,茂林元大9A購01  ,0,0,0,0,0,0,0,0,0,-173000,0,0,0,57000,230000,-173000,-173000
053318,全新群益99購01  ,0,0,0,0,0,0,0,0,0,-174000,0,0,0,15000,189000,-174000,-174000
053327,彩晶台新97購01  ,0,0,0,0,0,0,0,0,0,-174000,0,0,0,0,174000,-174000,-174000
053748,燿華永豐96購04  ,0,0,0,0,0,0,0,0,0,-174000,0,0,0,0,174000,-174000,-174000
054922,文曄凱基98購01  ,0,0,0,0,0,0,0,0,0,-174000,0,0,0,23000,197000,-174000,-174000
1231,聯華食          ,161000,326680,-165680,0,0,0,0,9000,-9000,0,0,0,0,0,0,0,-174680
056075,瀚宇博元大97購03,0,0,0,0,0,0,0,0,0,-175000,0,0,0,34000,209000,-175000,-175000
056673,中石化元富9B購01,0,0,0,0,0,0,0,0,0,-175000,0,0,0,0,175000,-175000,-175000
056663,臺股指元大9A購10,0,0,0,0,0,0,0,0,0,-175000,0,0,0,60000,235000,-175000,-175000
048475,台郡永豐93購02  ,0,0,0,0,0,0,0,0,0,-175000,0,0,0,0,175000,-175000,-175000
048097,聯詠凱基93購07  ,0,0,0,0,0,0,0,0,0,-175000,0,0,0,20000,195000,-175000,-175000
055094,智易群益98購01  ,0,0,0,0,0,0,0,0,0,-175000,0,0,0,0,175000,-175000,-175000
053228,康友台新97購01  ,0,0,0,0,0,0,0,0,0,-175000,0,0,0,20000,195000,-175000,-175000
8213,志超            ,261000,424000,-163000,0,0,0,0,14000,-14000,2000,7000,5000,2000,0,0,0,-175000
057968,可成國泰9A購01  ,0,0,0,0,0,0,0,0,0,-175000,0,0,0,0,175000,-175000,-175000
056881,台灣50康和9A購01,0,0,0,0,0,0,0,0,0,-176000,0,0,0,0,176000,-176000,-176000
057504,技嘉麥證98購01  ,0,0,0,4000,180000,-176000,0,0,0,-176000,0,0,0,4000,180000,-176000,-176000
057556,智易凱基99購01  ,0,0,0,0,0,0,0,0,0,-176000,0,0,0,6000,182000,-176000,-176000
047194,世紀鋼元大96購01,0,0,0,0,0,0,0,0,0,-176000,0,0,0,54000,230000,-176000,-176000
00702,國泰標普低波高息,0,0,0,0,0,0,0,0,0,-176000,0,0,0,3000,179000,-176000,-176000
04404P,玉晶光國票94售01,0,0,0,0,0,0,0,0,0,-176000,0,0,0,4000,180000,-176000,-176000
055101,台肥凱基97購01  ,0,0,0,0,0,0,0,0,0,-176000,0,0,0,0,176000,-176000,-176000
057980,聯詠永豐98購01  ,0,0,0,0,0,0,0,0,0,-176000,0,0,0,10000,186000,-176000,-176000
057624,新日興國泰99購01,0,0,0,0,0,0,0,0,0,-177000,0,0,0,20000,197000,-177000,-177000
056846,晶相光元富98購01,0,0,0,0,0,0,0,0,0,-177000,0,0,0,27000,204000,-177000,-177000
047968,南電國泰94購01  ,0,0,0,0,0,0,0,0,0,-177000,0,0,0,0,177000,-177000,-177000
052020,聯茂永豐95購02  ,0,0,0,0,0,0,0,0,0,-177000,0,0,0,45000,222000,-177000,-177000
06042P,華新科永豐96售04,0,0,0,0,0,0,0,0,0,-177000,0,0,0,0,177000,-177000,-177000
056689,玉晶光統一9A購03,0,0,0,0,0,0,0,0,0,-178000,0,0,0,70000,248000,-178000,-178000
055741,健策元富97購01  ,0,0,0,0,0,0,0,0,0,-178000,0,0,0,35000,213000,-178000,-178000
051527,台郡凱基95購03  ,0,0,0,0,0,0,0,0,0,-178000,0,0,0,0,178000,-178000,-178000
044705,群創元大93購03  ,0,0,0,0,0,0,0,0,0,-178000,0,0,0,0,178000,-178000,-178000
050075,南電凱基94購04  ,0,0,0,0,0,0,0,0,0,-178000,0,0,0,21000,199000,-178000,-178000
055146,華通元大98購04  ,0,0,0,0,0,0,0,0,0,-178000,0,0,0,18000,196000,-178000,-178000
054358,矽創兆豐96購01  ,0,0,0,0,0,0,0,0,0,-178000,0,0,0,0,178000,-178000,-178000
052894,國巨群益96購03  ,0,0,0,0,0,0,0,0,0,-178000,0,0,0,58000,236000,-178000,-178000
3019,亞光            ,1069001,1249000,-179999,0,0,0,0,0,0,1000,169000,189000,-20000,37000,16000,21000,-178999
055645,技嘉元富97購01  ,0,0,0,0,0,0,0,0,0,-179000,0,0,0,65000,244000,-179000,-179000
056769,國產元大98購01  ,0,0,0,0,0,0,0,0,0,-179000,0,0,0,0,179000,-179000,-179000
057207,立積元富98購02  ,0,0,0,0,0,0,0,0,0,-179000,0,0,0,74000,253000,-179000,-179000
045162,玉晶光國泰94購04,0,0,0,0,0,0,0,0,0,-179000,0,0,0,7000,186000,-179000,-179000
047058,聯茂國票94購01  ,0,0,0,0,0,0,0,0,0,-179000,0,0,0,40000,219000,-179000,-179000
052490,禾伸堂國票95購01,0,0,0,0,0,0,0,0,0,-179000,0,0,0,95000,274000,-179000,-179000
051953,矽力元富95購03  ,0,0,0,0,0,0,0,0,0,-179000,0,0,0,160000,339000,-179000,-179000
050442,復盛凱基94購01  ,0,0,0,0,0,0,0,0,0,-179000,0,0,0,11000,190000,-179000,-179000
053968,華邦電元大97購01,0,0,0,0,0,0,0,0,0,-179000,0,0,0,43000,222000,-179000,-179000
054946,億光元大97購01  ,0,0,0,0,0,0,0,0,0,-179000,0,0,0,1000,180000,-179000,-179000
1310,台苯            ,646001,856000,-209999,0,0,0,10000,0,10000,20000,21000,1000,20000,0,0,0,-179999
051780,矽力群益95購01  ,0,0,0,0,0,0,0,0,0,-180000,0,0,0,43000,223000,-180000,-180000
048945,訊連永豐94購01  ,0,0,0,0,0,0,0,0,0,-180000,0,0,0,50000,230000,-180000,-180000
03996P,旺宏國泰95售01  ,0,0,0,0,0,0,0,0,0,-180000,0,0,0,184000,364000,-180000,-180000
05203P,華新科元大95售10,0,0,0,0,0,0,0,0,0,-180000,0,0,0,0,180000,-180000,-180000
052752,臺股指元大96購06,0,0,0,0,0,0,0,0,0,-180000,0,0,0,0,180000,-180000,-180000
052549,喬山國票97購01  ,0,0,0,0,0,0,0,0,0,-180000,0,0,0,0,180000,-180000,-180000
051058,景碩群益96購01  ,0,0,0,0,0,0,0,0,0,-180000,0,0,0,20000,200000,-180000,-180000
054244,華新元大96購01  ,0,0,0,0,0,0,0,0,0,-180000,0,0,0,22000,202000,-180000,-180000
054467,隆達凱基97購01  ,0,0,0,0,0,0,0,0,0,-180000,0,0,0,30000,210000,-180000,-180000
054724,鴻海日盛97購02  ,0,0,0,0,0,0,0,0,0,-180000,0,0,0,80000,260000,-180000,-180000
053834,卜蜂永豐96購01  ,0,0,0,0,0,0,0,0,0,-180000,0,0,0,85000,265000,-180000,-180000
052896,宏達電群益96購01,0,0,0,0,0,0,0,0,0,-180000,0,0,0,136000,316000,-180000,-180000
057776,京元電群益98購02,0,0,0,0,0,0,0,0,0,-181000,0,0,0,10000,191000,-181000,-181000
056441,燿華凱基98購01  ,0,0,0,0,0,0,0,0,0,-181000,0,0,0,68000,249000,-181000,-181000
03591P,台積電國票03售10,0,0,0,0,0,0,0,0,0,-181000,0,0,0,29000,210000,-181000,-181000
048602,上緯控國票96購01,0,0,0,0,0,0,0,0,0,-181000,0,0,0,1000,182000,-181000,-181000
052654,友達統一97購01  ,0,0,0,0,0,0,0,0,0,-181000,0,0,0,20000,201000,-181000,-181000
052871,群創凱基98購07  ,0,0,0,0,0,0,0,0,0,-181000,0,0,0,10000,191000,-181000,-181000
053152,大立光元大99購01,0,0,0,0,0,0,0,0,0,-181000,0,0,0,10000,191000,-181000,-181000
053103,瀚宇博元富96購01,0,0,0,0,0,0,0,0,0,-181000,0,0,0,0,181000,-181000,-181000
054212,聯詠國票97購03  ,0,0,0,0,0,0,0,0,0,-181000,0,0,0,0,181000,-181000,-181000
055323,貿聯國票98購01  ,0,0,0,0,0,0,0,0,0,-181000,0,0,0,11000,192000,-181000,-181000
041824,元油2X國票96購01,0,0,0,0,0,0,0,0,0,-182000,0,0,0,4000,186000,-182000,-182000
052693,微星中信96購01  ,0,0,0,0,0,0,0,0,0,-182000,0,0,0,0,182000,-182000,-182000
050280,國巨日盛94購01  ,0,0,0,0,0,0,0,0,0,-182000,0,0,0,10000,192000,-182000,-182000
06957P,FBVIX凱基01售01 ,0,0,0,0,0,0,0,0,0,-182000,0,0,0,0,182000,-182000,-182000
057972,群創富邦9C購01  ,0,0,0,0,0,0,0,0,0,-182000,0,0,0,81000,263000,-182000,-182000
051524,貿聯凱基95購02  ,0,0,0,0,0,0,0,0,0,-183000,0,0,0,0,183000,-183000,-183000
055132,台虹康和97購01  ,0,0,0,0,0,0,0,0,0,-183000,0,0,0,0,183000,-183000,-183000
054419,嘉聯益元大98購02,0,0,0,0,0,0,0,0,0,-183000,0,0,0,72000,255000,-183000,-183000
052991,台積電台新96購01,0,0,0,0,0,0,0,0,0,-183000,0,0,0,0,183000,-183000,-183000
053296,貿聯中信98購01  ,0,0,0,0,0,0,0,0,0,-183000,0,0,0,67000,250000,-183000,-183000
057902,嘉晶永豐98購02  ,0,0,0,0,0,0,0,0,0,-183000,0,0,0,30000,213000,-183000,-183000
055498,大立光元大97購07,0,0,0,0,0,0,0,0,0,-184000,0,0,0,10000,194000,-184000,-184000
056993,GIS兆豐99購01   ,0,0,0,0,0,0,0,0,0,-184000,0,0,0,0,184000,-184000,-184000
048281,矽力永豐93購02  ,0,0,0,0,0,0,0,0,0,-184000,0,0,0,42000,226000,-184000,-184000
051421,彩晶國票95購01  ,0,0,0,0,0,0,0,0,0,-184000,0,0,0,38000,222000,-184000,-184000
05428P,滬深2X統一95售01,0,0,0,0,0,0,0,0,0,-184000,0,0,0,0,184000,-184000,-184000
054347,上緯控國票96購02,0,0,0,0,0,0,0,0,0,-184000,0,0,0,50000,234000,-184000,-184000
055455,健策國泰98購02  ,0,0,0,0,0,0,0,0,0,-184000,0,0,0,10000,194000,-184000,-184000
046460,聯鈞凱基93購02  ,0,0,0,0,0,0,0,0,0,-185000,0,0,0,3000,188000,-185000,-185000
04477P,南電元大94售04  ,0,0,0,0,0,0,0,0,0,-185000,0,0,0,0,185000,-185000,-185000
045870,元油2X元富96購02,0,0,0,0,0,0,0,0,0,-185000,0,0,0,130000,315000,-185000,-185000
050332,鴻海國泰96購05  ,0,0,0,0,0,0,0,0,0,-185000,0,0,0,78000,263000,-185000,-185000
055255,欣興統一97購02  ,0,0,0,0,0,0,0,0,0,-185000,0,0,0,31000,216000,-185000,-185000
055164,矽創元大98購01  ,0,0,0,0,0,0,0,0,0,-185000,0,0,0,70000,255000,-185000,-185000
054356,可成兆豐97購01  ,0,0,0,0,0,0,0,0,0,-185000,0,0,0,70000,255000,-185000,-185000
053782,京元電元大98購02,0,0,0,0,0,0,0,0,0,-185000,0,0,0,0,185000,-185000,-185000
057408,台郡群益98購01  ,0,0,0,0,0,0,0,0,0,-186000,0,0,0,10000,196000,-186000,-186000
055926,國巨群益98購06  ,0,0,0,0,0,0,0,0,0,-186000,0,0,0,0,186000,-186000,-186000
056650,彩晶凱基9A購01  ,0,0,0,0,0,0,0,0,0,-186000,0,0,0,0,186000,-186000,-186000
056647,晶技凱基98購02  ,0,0,0,0,0,0,0,0,0,-186000,0,0,0,512000,698000,-186000,-186000
056174,億光元富97購01  ,0,0,0,0,0,0,0,0,0,-186000,0,0,0,0,186000,-186000,-186000
047047,旺宏國票95購01  ,0,0,0,0,0,0,0,0,0,-186000,0,0,0,0,186000,-186000,-186000
051153,鴻海國泰97購02  ,0,0,0,0,0,0,0,0,0,-186000,0,0,0,0,186000,-186000,-186000
053850,嘉澤元富96購03  ,0,0,0,0,0,0,0,0,0,-186000,0,0,0,52000,238000,-186000,-186000
053177,華邦電統一96購01,0,0,0,0,0,0,0,0,0,-186000,0,0,0,0,186000,-186000,-186000
054575,聯鈞元大97購01  ,0,0,0,0,0,0,0,0,0,-186000,0,0,0,73000,259000,-186000,-186000
05542P,滬深2X元富96售01,0,0,0,0,0,0,0,0,0,-186000,0,0,0,80000,266000,-186000,-186000
056618,京元電永豐98購01,0,0,0,0,0,0,0,0,0,-187000,0,0,0,119000,306000,-187000,-187000
057700,新日興群益9A購01,0,0,0,0,0,0,0,0,0,-187000,0,0,0,0,187000,-187000,-187000
056834,華新元富99購01  ,0,0,0,0,0,0,0,0,0,-187000,0,0,0,60000,247000,-187000,-187000
049023,玉晶光群益96購04,0,0,0,0,0,0,0,0,0,-187000,0,0,0,216000,403000,-187000,-187000
048745,儒鴻元富97購02  ,0,0,0,0,0,0,0,0,0,-187000,0,0,0,641000,828000,-187000,-187000
052079,康友元富98購01  ,0,0,0,0,0,0,0,0,0,-187000,0,0,0,31000,218000,-187000,-187000
055183,聯鈞統一97購01  ,0,0,0,0,0,0,0,0,0,-187000,0,0,0,31000,218000,-187000,-187000
054975,福懋科元大97購01,0,0,0,0,0,0,0,0,0,-187000,0,0,0,68000,255000,-187000,-187000
054928,帆宣凱基98購01  ,0,0,0,0,0,0,0,0,0,-187000,0,0,0,13000,200000,-187000,-187000
054699,復盛永豐97購01  ,0,0,0,0,0,0,0,0,0,-187000,0,0,0,73000,260000,-187000,-187000
054236,貿聯群益96購01  ,0,0,0,0,0,0,0,0,0,-187000,0,0,0,11000,198000,-187000,-187000
053006,玉晶光永豐96購03,0,0,0,0,0,0,0,0,0,-187000,0,0,0,47000,234000,-187000,-187000
053503,臻鼎兆豐97購01  ,0,0,0,0,0,0,0,0,0,-187000,0,0,0,1000,188000,-187000,-187000
057886,聯詠群益98購01  ,0,0,0,0,0,0,0,0,0,-187000,0,0,0,34000,221000,-187000,-187000
055595,宏達電元大98購02,0,0,0,0,0,0,0,0,0,-188000,0,0,0,65000,253000,-188000,-188000
04755P,大立光元富94售07,0,0,0,0,0,0,0,0,0,-188000,0,0,0,62000,250000,-188000,-188000
052177,京鼎元大95購02  ,0,0,0,0,0,0,0,0,0,-188000,0,0,0,2000,190000,-188000,-188000
049233,聯發科統一94購04,0,0,0,0,0,0,0,0,0,-188000,0,0,0,47000,235000,-188000,-188000
051799,台積電永豐96購01,0,0,0,0,0,0,0,0,0,-188000,0,0,0,0,188000,-188000,-188000
049789,世紀鋼兆豐94購01,0,0,0,0,0,0,0,0,0,-188000,0,0,0,0,188000,-188000,-188000
051067,台積電國票96購03,0,0,0,0,0,0,0,0,0,-188000,0,0,0,269000,457000,-188000,-188000
052948,景碩國票97購02  ,0,0,0,0,0,0,0,0,0,-188000,0,0,0,157000,345000,-188000,-188000
055149,國巨元大97購06  ,0,0,0,0,0,0,0,0,0,-188000,0,0,0,158000,346000,-188000,-188000
06471P,臺股指凱基99售11,0,0,0,0,0,0,0,0,0,-188000,0,0,0,65000,253000,-188000,-188000
06183P,大立光元大97售05,0,0,0,0,0,0,0,0,0,-188000,0,0,0,52000,240000,-188000,-188000
055569,聚陽統一98購01  ,0,0,0,0,0,0,0,0,0,-189000,0,0,0,30000,219000,-189000,-189000
056336,南亞科凱基98購02,0,0,0,0,0,0,0,0,0,-189000,0,0,0,14000,203000,-189000,-189000
057074,立積永豐98購01  ,0,0,0,0,0,0,0,0,0,-189000,0,0,0,516000,705000,-189000,-189000
057541,台灣50康和9A購04,0,0,0,0,0,0,0,0,0,-189000,0,0,0,84000,273000,-189000,-189000
047855,美律國票94購01  ,0,0,0,0,0,0,0,0,0,-189000,0,0,0,0,189000,-189000,-189000
049785,華新科兆豐95購01,0,0,0,0,0,0,0,0,0,-189000,0,0,0,56000,245000,-189000,-189000
053574,奇力新元富99購01,0,0,0,0,0,0,0,0,0,-189000,0,0,0,30000,219000,-189000,-189000
06693P,臺股指凱基98售01,0,0,0,0,0,0,0,0,0,-189000,0,0,0,3000,192000,-189000,-189000
2855,統一證          ,1049000,1238000,-189000,0,0,0,0,0,0,0,0,0,0,0,0,0,-189000
2637,慧洋-KY         ,834000,1369000,-535000,0,0,0,2000,0,2000,344000,313000,0,313000,31000,0,31000,-189000
044988,玉晶光統一95購01,0,0,0,0,0,0,0,0,0,-190000,0,0,0,108000,298000,-190000,-190000
051850,臻鼎中信96購01  ,0,0,0,0,0,0,0,0,0,-190000,0,0,0,10000,200000,-190000,-190000
051276,SGBR2X中信97購01,0,0,0,0,0,0,0,0,0,-190000,0,0,0,0,190000,-190000,-190000
055090,國巨群益97購03  ,0,0,0,0,0,0,0,0,0,-190000,0,0,0,0,190000,-190000,-190000
057515,智原元富98購02  ,0,0,0,0,0,0,0,0,0,-191000,0,0,0,0,191000,-191000,-191000
056791,嘉聯益群益98購01,0,0,0,0,0,0,0,0,0,-191000,0,0,0,45000,236000,-191000,-191000
056150,台光電凱基98購02,0,0,0,0,0,0,0,0,0,-191000,0,0,0,0,191000,-191000,-191000
055601,茂林元大97購03  ,0,0,0,0,0,0,0,0,0,-191000,0,0,0,11000,202000,-191000,-191000
055902,同欣電中信99購01,0,0,0,0,0,0,0,0,0,-191000,0,0,0,176000,367000,-191000,-191000
048269,瀚宇博國泰95購01,0,0,0,0,0,0,0,0,0,-191000,0,0,0,32000,223000,-191000,-191000
057949,南電國票99購01  ,0,0,0,0,0,0,0,0,0,-191000,0,0,0,0,191000,-191000,-191000
056265,國泰金統一97購01,0,0,0,0,0,0,0,0,0,-192000,0,0,0,0,192000,-192000,-192000
057506,聯鈞國票99購02  ,0,0,0,0,0,0,0,0,0,-192000,0,0,0,20000,212000,-192000,-192000
052731,宏達電國泰98購01,0,0,0,0,0,0,0,0,0,-192000,0,0,0,49000,241000,-192000,-192000
052005,矽力國泰97購02  ,0,0,0,0,0,0,0,0,0,-192000,0,0,0,77000,269000,-192000,-192000
055311,健策群益98購02  ,0,0,0,0,0,0,0,0,0,-192000,0,0,0,37000,229000,-192000,-192000
053352,義隆兆豐96購01  ,0,0,0,0,0,0,0,0,0,-192000,0,0,0,0,192000,-192000,-192000
057689,南亞科凱基99購02,0,0,0,0,0,0,0,0,0,-193000,0,0,0,0,193000,-193000,-193000
057855,晶技國票99購01  ,0,0,0,0,0,0,0,0,0,-193000,0,0,0,70000,263000,-193000,-193000
055782,新日興凱基99購01,0,0,0,0,0,0,0,0,0,-193000,0,0,0,3000,196000,-193000,-193000
049291,華通群益94購04  ,0,0,0,0,0,0,0,0,0,-193000,0,0,0,10000,203000,-193000,-193000
055469,台光電凱基97購01,0,0,0,0,0,0,0,0,0,-193000,0,0,0,0,193000,-193000,-193000
055680,美律凱基99購01  ,0,0,0,0,0,0,0,0,0,-194000,0,0,0,6000,200000,-194000,-194000
055988,矽力元富97購01  ,0,0,0,0,0,0,0,0,0,-194000,0,0,0,5000,199000,-194000,-194000
047513,嘉晶國票93購03  ,0,0,0,0,0,0,0,0,0,-194000,0,0,0,0,194000,-194000,-194000
048506,華通群益94購03  ,0,0,0,0,0,0,0,0,0,-194000,0,0,0,12000,206000,-194000,-194000
047897,可成群益94購01  ,0,0,0,0,0,0,0,0,0,-194000,0,0,0,12000,206000,-194000,-194000
048059,欣興國泰95購01  ,0,0,0,0,0,0,0,0,0,-194000,0,0,0,290000,484000,-194000,-194000
051954,矽力元富95購04  ,0,0,0,0,0,0,0,0,0,-194000,0,0,0,0,194000,-194000,-194000
055407,祥碩國泰98購01  ,0,0,0,0,0,0,0,0,0,-194000,0,0,0,23000,217000,-194000,-194000
055373,聯詠元大97購03  ,0,0,0,0,0,0,0,0,0,-194000,0,0,0,108000,302000,-194000,-194000
054492,嘉聯益台新96購01,0,0,0,0,0,0,0,0,0,-194000,0,0,0,40000,234000,-194000,-194000
053720,宏達電凱基97購01,0,0,0,0,0,0,0,0,0,-194000,0,0,0,67000,261000,-194000,-194000
055951,大成鋼元大97購02,0,0,0,0,0,0,0,0,0,-195000,0,0,0,10000,205000,-195000,-195000
057825,和碩元大98購02  ,0,0,0,0,0,0,0,0,0,-195000,0,0,0,30000,225000,-195000,-195000
053249,致伸國票97購02  ,0,0,0,0,0,0,0,0,0,-195000,0,0,0,0,195000,-195000,-195000
052864,奇力新凱基96購02,0,0,0,0,0,0,0,0,0,-195000,0,0,0,0,195000,-195000,-195000
055417,健策富邦98購02  ,0,0,0,0,0,0,0,0,0,-195000,0,0,0,75000,270000,-195000,-195000
056870,全新日盛9A購01  ,0,0,0,0,0,0,0,0,0,-196000,0,0,0,10000,206000,-196000,-196000
055912,宏達電凱基98購03,0,0,0,0,0,0,0,0,0,-196000,0,0,0,58000,254000,-196000,-196000
049313,晶技凱基94購01  ,0,0,0,0,0,0,0,0,0,-196000,0,0,0,85000,281000,-196000,-196000
054952,大毅元大97購02  ,0,0,0,0,0,0,0,0,0,-196000,0,0,0,0,196000,-196000,-196000
054353,世紀鋼國泰98購01,0,0,0,0,0,0,0,0,0,-196000,0,0,0,165000,361000,-196000,-196000
054016,嘉晶永豐96購04  ,0,0,0,0,0,0,0,0,0,-196000,0,0,0,61000,257000,-196000,-196000
05549P,臺股指元大96售03,0,0,0,0,0,0,0,0,0,-197000,0,0,0,163000,360000,-197000,-197000
056237,智邦群益97購02  ,0,0,0,0,0,0,0,0,0,-197000,0,0,0,132000,329000,-197000,-197000
056979,微星群益98購01  ,0,0,0,0,0,0,0,0,0,-197000,0,0,0,11000,208000,-197000,-197000
057774,台光電群益99購02,0,0,0,0,0,0,0,0,0,-197000,0,0,0,14000,211000,-197000,-197000
057675,同欣電元大98購02,0,0,0,0,0,0,0,0,0,-197000,0,0,0,18000,215000,-197000,-197000
057349,聯發科統一98購04,0,0,0,0,0,0,0,0,0,-197000,0,0,0,187000,384000,-197000,-197000
046476,鴻海統一96購01  ,0,0,0,0,0,0,0,0,0,-197000,0,0,0,104000,301000,-197000,-197000
046570,旺宏國泰94購01  ,0,0,0,0,0,0,0,0,0,-197000,0,0,0,0,197000,-197000,-197000
044010,華通凱基93購01  ,0,0,0,0,0,0,0,0,0,-197000,0,0,0,10000,207000,-197000,-197000
052227,瑞昱凱基95購05  ,0,0,0,0,0,0,0,0,0,-197000,0,0,0,55000,252000,-197000,-197000
057549,台光電凱基98購05,0,0,0,0,0,0,0,0,0,-198000,0,0,0,0,198000,-198000,-198000
056007,上銀中信97購02  ,0,0,0,0,0,0,0,0,0,-198000,0,0,0,40000,238000,-198000,-198000
048057,宏達電國泰94購02,0,0,0,0,0,0,0,0,0,-198000,0,0,0,49000,247000,-198000,-198000
051380,禾伸堂群益95購01,0,0,0,0,0,0,0,0,0,-198000,0,0,0,214000,412000,-198000,-198000
052939,富邦金兆豐96購01,0,0,0,0,0,0,0,0,0,-198000,0,0,0,0,198000,-198000,-198000
055775,友達凱基9A購01  ,0,0,0,0,0,0,0,0,0,-199000,0,0,0,2000,201000,-199000,-199000
057707,臺股指群益98購07,0,0,0,0,0,0,0,0,0,-199000,0,0,0,0,199000,-199000,-199000
057765,康舒凱基98購01  ,0,0,0,0,0,0,0,0,0,-199000,0,0,0,0,199000,-199000,-199000
056869,國巨日盛99購03  ,0,0,0,0,0,0,0,0,0,-199000,0,0,0,20000,219000,-199000,-199000
057111,立積群益98購02  ,0,0,0,0,0,0,0,0,0,-199000,0,0,0,154000,353000,-199000,-199000
048151,世紀鋼元富93購01,0,0,0,0,0,0,0,0,0,-199000,0,0,0,0,199000,-199000,-199000
047974,新光金兆豐93購01,0,0,0,0,0,0,0,0,0,-199000,0,0,0,10000,209000,-199000,-199000
052254,康友永豐95購03  ,0,0,0,0,0,0,0,0,0,-199000,0,0,0,11000,210000,-199000,-199000
053334,訊芯永豐96購01  ,0,0,0,0,0,0,0,0,0,-199000,0,0,0,0,199000,-199000,-199000
054316,矽創凱基97購01  ,0,0,0,0,0,0,0,0,0,-199000,0,0,0,10000,209000,-199000,-199000
054876,群電群益97購02  ,0,0,0,0,0,0,0,0,0,-199000,0,0,0,0,199000,-199000,-199000
055089,金寶群益98購01  ,0,0,0,0,0,0,0,0,0,-199000,0,0,0,0,199000,-199000,-199000
057185,群創元大98購06  ,0,0,0,0,0,0,0,0,0,-200000,0,0,0,40000,240000,-200000,-200000
056878,元油2X國票99購02,0,0,0,0,0,0,0,0,0,-200000,0,0,0,0,200000,-200000,-200000
057489,奇力新元大99購06,0,0,0,0,0,0,0,0,0,-200000,0,0,0,0,200000,-200000,-200000
055685,日月光凱基97購02,0,0,0,0,0,0,0,0,0,-200000,0,0,0,0,200000,-200000,-200000
056067,智原元大97購01  ,0,0,0,0,0,0,0,0,0,-200000,0,0,0,0,200000,-200000,-200000
055794,聯發科國泰99購01,0,0,0,0,0,0,0,0,0,-200000,0,0,0,0,200000,-200000,-200000
056235,鴻海群益97購07  ,0,0,0,0,0,0,0,0,0,-200000,0,0,0,0,200000,-200000,-200000
056547,臻鼎凱基99購01  ,0,0,0,0,0,0,0,0,0,-200000,0,0,0,57000,257000,-200000,-200000
046869,聯發科統一95購01,0,0,0,0,0,0,0,0,0,-200000,0,0,0,10000,210000,-200000,-200000
047123,中石化中信95購01,0,0,0,0,0,0,0,0,0,-200000,0,0,0,0,200000,-200000,-200000
047483,新光金凱基99購04,0,0,0,0,0,0,0,0,0,-200000,0,0,0,0,200000,-200000,-200000
051679,百和元大95購02  ,0,0,0,0,0,0,0,0,0,-200000,0,0,0,0,200000,-200000,-200000
04345P,景碩國泰94售02  ,0,0,0,0,0,0,0,0,0,-200000,0,0,0,0,200000,-200000,-200000
047641,可成元大93購09  ,0,0,0,0,0,0,0,0,0,-200000,0,0,0,0,200000,-200000,-200000
01009T,王道圓滿R1      ,0,0,0,0,0,0,0,0,0,-200000,0,200000,-200000,0,0,0,-200000
052210,華夏元大95購01  ,0,0,0,0,0,0,0,0,0,-200000,0,0,0,0,200000,-200000,-200000
051935,味全群益95購01  ,0,0,0,0,0,0,0,0,0,-200000,0,0,0,0,200000,-200000,-200000
050432,聯發科凱基94購19,0,0,0,0,0,0,0,0,0,-200000,0,0,0,0,200000,-200000,-200000
051283,亞德客統一95購01,0,0,0,0,0,0,0,0,0,-200000,0,0,0,0,200000,-200000,-200000
051162,楠梓電元大95購01,0,0,0,0,0,0,0,0,0,-200000,0,0,0,0,200000,-200000,-200000
051145,台積電凱基95購05,0,0,0,0,0,0,0,0,0,-200000,0,0,0,50000,250000,-200000,-200000
051114,鈺齊中信95購01  ,0,0,0,0,0,0,0,0,0,-200000,0,0,0,0,200000,-200000,-200000
050762,楠梓電元大94購02,0,0,0,0,0,0,0,0,0,-200000,0,0,0,0,200000,-200000,-200000
052496,華通台新96購02  ,0,0,0,0,0,0,0,0,0,-200000,0,0,0,0,200000,-200000,-200000
052411,嘉聯益亞東95購02,0,0,0,0,0,0,0,0,0,-200000,0,0,0,0,200000,-200000,-200000
055178,晶豪科統一97購01,0,0,0,0,0,0,0,0,0,-200000,0,0,0,48000,248000,-200000,-200000
054853,TPK國票98購02   ,0,0,0,0,0,0,0,0,0,-200000,0,0,0,0,200000,-200000,-200000
054426,國泰金富邦97購02,0,0,0,0,0,0,0,0,0,-200000,0,0,0,0,200000,-200000,-200000
053533,光罩永豐96購03  ,0,0,0,0,0,0,0,0,0,-200000,0,0,0,0,200000,-200000,-200000
053432,世紀鋼永豐96購02,0,0,0,0,0,0,0,0,0,-200000,0,0,0,116000,316000,-200000,-200000
054052,日月光元大96購06,0,0,0,0,0,0,0,0,0,-200000,0,0,0,0,200000,-200000,-200000
058180,華新科國泰9A購01,0,0,0,0,0,0,0,0,0,-200000,0,0,0,0,200000,-200000,-200000
06690P,玉晶光群益9A售05,0,0,0,0,0,0,0,0,0,-200000,0,0,0,33000,233000,-200000,-200000
06929P,鴻海元大99售11  ,0,0,0,0,0,0,0,0,0,-200000,0,0,0,0,200000,-200000,-200000
056026,智易群益97購01  ,0,0,0,0,0,0,0,0,0,-201000,0,0,0,0,201000,-201000,-201000
051825,中環元大95購01  ,0,0,0,0,0,0,0,0,0,-201000,0,0,0,0,201000,-201000,-201000
053590,新光金元大9A購02,0,0,0,0,0,0,0,0,0,-201000,0,0,0,0,201000,-201000,-201000
053670,台積電統一96購09,0,0,0,0,0,0,0,0,0,-201000,0,0,0,0,201000,-201000,-201000
053637,強茂永豐96購01  ,0,0,0,0,0,0,0,0,0,-201000,0,0,0,1000,202000,-201000,-201000
055260,晶相光統一98購01,0,0,0,0,0,0,0,0,0,-201000,0,0,0,194000,395000,-201000,-201000
05825P,臺股指凱基96售22,0,0,0,0,0,0,0,0,0,-201000,0,0,0,17000,218000,-201000,-201000
055668,欣興群益97購01  ,0,0,0,0,0,0,0,0,0,-202000,0,0,0,41000,243000,-202000,-202000
056515,燿華兆豐99購01  ,0,0,0,0,0,0,0,0,0,-202000,0,0,0,50000,252000,-202000,-202000
057095,祥碩元富98購02  ,0,0,0,0,0,0,0,0,0,-202000,0,0,0,254000,456000,-202000,-202000
051381,玉晶光群益98購01,0,0,0,0,0,0,0,0,0,-202000,0,0,0,34000,236000,-202000,-202000
054389,為升元富96購02  ,0,0,0,0,0,0,0,0,0,-202000,0,0,0,0,202000,-202000,-202000
054877,百和群益98購01  ,0,0,0,0,0,0,0,0,0,-202000,0,0,0,233000,435000,-202000,-202000
053777,台積電元大96購20,0,0,0,0,0,0,0,0,0,-202000,0,0,0,0,202000,-202000,-202000
057171,台光電元大9B購01,0,0,0,0,0,0,0,0,0,-203000,0,0,0,4000,207000,-203000,-203000
049185,南電凱基94購03  ,0,0,0,0,0,0,0,0,0,-203000,0,0,0,0,203000,-203000,-203000
054315,訊芯凱基98購01  ,0,0,0,0,0,0,0,0,0,-203000,0,0,0,36000,239000,-203000,-203000
057136,立積凱基98購02  ,0,0,0,0,0,0,0,0,0,-204000,0,0,0,37000,241000,-204000,-204000
056937,智原元富98購01  ,0,0,0,0,0,0,0,0,0,-204000,0,0,0,0,204000,-204000,-204000
057308,同欣電兆豐99購01,0,0,0,0,0,0,0,0,0,-204000,0,0,0,21000,225000,-204000,-204000
056080,世紀鋼元大97購03,0,0,0,0,0,0,0,0,0,-204000,0,0,0,54000,258000,-204000,-204000
048872,玉晶光國票94購02,0,0,0,0,0,0,0,0,0,-204000,0,0,0,46000,250000,-204000,-204000
051564,和碩國泰96購01  ,0,0,0,0,0,0,0,0,0,-204000,0,0,0,0,204000,-204000,-204000
050915,健策中信98購01  ,0,0,0,0,0,0,0,0,0,-204000,0,0,0,10000,214000,-204000,-204000
052834,彩晶群益96購01  ,0,0,0,0,0,0,0,0,0,-204000,0,0,0,10000,214000,-204000,-204000
051005,緯創中信95購02  ,0,0,0,0,0,0,0,0,0,-204000,0,0,0,0,204000,-204000,-204000
055342,鴻海凱基97購04  ,0,0,0,0,0,0,0,0,0,-204000,0,0,0,5000,209000,-204000,-204000
054201,聯詠富邦97購02  ,0,0,0,0,0,0,0,0,0,-204000,0,0,0,71000,275000,-204000,-204000
053410,啟碁兆豐96購01  ,0,0,0,0,0,0,0,0,0,-204000,0,0,0,0,204000,-204000,-204000
056588,聯發科統一9A購02,0,0,0,0,0,0,0,0,0,-205000,0,0,0,183000,388000,-205000,-205000
057424,訊芯凱基98購04  ,0,0,0,0,0,0,0,0,0,-205000,0,0,0,0,205000,-205000,-205000
057741,超眾富邦98購01  ,0,0,0,0,0,0,0,0,0,-205000,0,0,0,0,205000,-205000,-205000
051751,聯茂富邦95購01  ,0,0,0,0,0,0,0,0,0,-205000,0,0,0,119000,324000,-205000,-205000
03686P,大立光統一98售02,0,0,0,0,0,0,0,0,0,-205000,0,0,0,564000,769000,-205000,-205000
054913,億光凱基97購01  ,0,0,0,0,0,0,0,0,0,-205000,0,0,0,7000,212000,-205000,-205000
057261,瑞昱兆豐98購01  ,0,0,0,0,0,0,0,0,0,-206000,0,0,0,136000,342000,-206000,-206000
043642,元金2X國票97購01,0,0,0,0,0,0,0,0,0,-206000,0,0,0,10000,216000,-206000,-206000
050123,群臺反凱基96購01,0,0,0,0,0,0,0,0,0,-206000,0,0,0,400000,606000,-206000,-206000
054330,世芯永豐96購02  ,0,0,0,0,0,0,0,0,0,-206000,0,0,0,0,206000,-206000,-206000
052923,台積電永豐96購02,0,0,0,0,0,0,0,0,0,-206000,0,0,0,148000,354000,-206000,-206000
053995,奇力新群益97購02,0,0,0,0,0,0,0,0,0,-206000,0,0,0,360000,566000,-206000,-206000
056460,同欣電凱基99購01,0,0,0,0,0,0,0,0,0,-207000,0,0,0,0,207000,-207000,-207000
050337,南電國泰95購01  ,0,0,0,0,0,0,0,0,0,-207000,0,0,0,21000,228000,-207000,-207000
053825,南電群益96購02  ,0,0,0,0,0,0,0,0,0,-207000,0,0,0,154000,361000,-207000,-207000
053136,彩晶國票97購01  ,0,0,0,0,0,0,0,0,0,-207000,0,0,0,0,207000,-207000,-207000
05531P,臺股指群益96售04,0,0,0,0,0,0,0,0,0,-207000,0,0,0,0,207000,-207000,-207000
6531,愛普            ,481000,613000,-132000,0,0,0,0,0,0,-75000,38000,113000,-75000,0,0,0,-207000
055776,宏達電凱基98購02,0,0,0,0,0,0,0,0,0,-208000,0,0,0,57000,265000,-208000,-208000
057170,瑞昱元大98購01  ,0,0,0,0,0,0,0,0,0,-208000,0,0,0,10000,218000,-208000,-208000
056810,群創統一9A購01  ,0,0,0,0,0,0,0,0,0,-208000,0,0,0,0,208000,-208000,-208000
057578,可成中信99購01  ,0,0,0,0,0,0,0,0,0,-208000,0,0,0,0,208000,-208000,-208000
055989,矽力元富9A購01  ,0,0,0,0,0,0,0,0,0,-209000,0,0,0,0,209000,-209000,-209000
056288,健鼎永豐97購01  ,0,0,0,0,0,0,0,0,0,-209000,0,0,0,0,209000,-209000,-209000
04568P,瑞昱兆豐94售02  ,0,0,0,0,0,0,0,0,0,-209000,0,0,0,1000,210000,-209000,-209000
051686,宏達電凱基95購04,0,0,0,0,0,0,0,0,0,-209000,0,0,0,0,209000,-209000,-209000
050314,晶技兆豐94購01  ,0,0,0,0,0,0,0,0,0,-209000,0,0,0,79000,288000,-209000,-209000
052186,宏達電群益95購04,0,0,0,0,0,0,0,0,0,-209000,0,0,0,67000,276000,-209000,-209000
054278,晶技群益97購02  ,0,0,0,0,0,0,0,0,0,-209000,0,0,0,325000,534000,-209000,-209000
054708,華通統一97購02  ,0,0,0,0,0,0,0,0,0,-209000,0,0,0,0,209000,-209000,-209000
053258,上証2X群益9A購03,0,0,0,0,0,0,0,0,0,-209000,0,0,0,1000,210000,-209000,-209000
055509,訊芯元大97購03  ,0,0,0,0,0,0,0,0,0,-210000,0,0,0,15000,225000,-210000,-210000
057567,嘉聯益富邦9A購01,0,0,0,0,0,0,0,0,0,-210000,0,0,0,0,210000,-210000,-210000
057410,南電群益98購01  ,0,0,0,0,0,0,0,0,0,-210000,0,0,0,100000,310000,-210000,-210000
057762,全新凱基99購03  ,0,0,0,0,0,0,0,0,0,-210000,0,0,0,10000,220000,-210000,-210000
048142,聯電統一93購01  ,0,0,0,0,0,0,0,0,0,-210000,0,0,0,50000,260000,-210000,-210000
04156P,大立光永豐93售02,0,0,0,0,0,0,0,0,0,-210000,0,0,0,0,210000,-210000,-210000
04763P,臺股指凱基96售05,0,0,0,0,0,0,0,0,0,-210000,0,0,0,0,210000,-210000,-210000
044764,聯茂凱基93購03  ,0,0,0,0,0,0,0,0,0,-210000,0,0,0,23000,233000,-210000,-210000
052098,臺股指富邦95購01,0,0,0,0,0,0,0,0,0,-210000,0,0,0,0,210000,-210000,-210000
049593,群創元大9A購01  ,0,0,0,0,0,0,0,0,0,-210000,0,0,0,85000,295000,-210000,-210000
050719,世紀鋼群益96購01,0,0,0,0,0,0,0,0,0,-210000,0,0,0,183000,393000,-210000,-210000
049766,滬深2X元富94購02,0,0,0,0,0,0,0,0,0,-210000,0,0,0,90000,300000,-210000,-210000
051499,康控群益95購02  ,0,0,0,0,0,0,0,0,0,-210000,0,0,0,0,210000,-210000,-210000
051152,鴻海國泰97購01  ,0,0,0,0,0,0,0,0,0,-210000,0,0,0,0,210000,-210000,-210000
049866,景碩兆豐94購01  ,0,0,0,0,0,0,0,0,0,-210000,0,0,0,20000,230000,-210000,-210000
050886,台積電富邦95購04,0,0,0,0,0,0,0,0,0,-210000,0,0,0,0,210000,-210000,-210000
055336,茂林兆豐98購01  ,0,0,0,0,0,0,0,0,0,-210000,0,0,0,43000,253000,-210000,-210000
06349P,臺股指台新99售01,0,0,0,0,0,0,0,0,0,-210000,0,0,0,0,210000,-210000,-210000
056587,聯發科統一9A購01,0,0,0,0,0,0,0,0,0,-211000,0,0,0,58000,269000,-211000,-211000
042792,T50反1台新9C購01,0,0,0,0,0,0,0,0,0,-211000,0,0,0,1000,212000,-211000,-211000
051479,兆豐金凱基95購01,0,0,0,0,0,0,0,0,0,-211000,0,0,0,3000,214000,-211000,-211000
050415,力成永豐94購01  ,0,0,0,0,0,0,0,0,0,-211000,0,0,0,47000,258000,-211000,-211000
055127,台虹兆豐97購01  ,0,0,0,0,0,0,0,0,0,-211000,0,0,0,130000,341000,-211000,-211000
054564,玉晶光群益99購01,0,0,0,0,0,0,0,0,0,-211000,0,0,0,22000,233000,-211000,-211000
054248,燿華元大97購02  ,0,0,0,0,0,0,0,0,0,-211000,0,0,0,12000,223000,-211000,-211000
06833P,矽力群益99售01  ,0,0,0,0,0,0,0,0,0,-211000,0,0,0,101000,312000,-211000,-211000
05980P,台積電永昌96售09,0,0,0,0,0,0,0,0,0,-211000,0,0,0,6004000,6215000,-211000,-211000
03840P,台積電統一99售02,0,0,0,0,0,0,0,0,0,-212000,0,0,0,2281000,2493000,-212000,-212000
048427,百和元富95購01  ,0,0,0,0,0,0,0,0,0,-212000,0,0,0,212000,424000,-212000,-212000
050072,京鼎凱基94購02  ,0,0,0,0,0,0,0,0,0,-212000,0,0,0,0,212000,-212000,-212000
05246P,南電元大95售04  ,0,0,0,0,0,0,0,0,0,-212000,0,0,0,50000,262000,-212000,-212000
054644,A50正2群益9B購01,0,0,0,0,0,0,0,0,0,-212000,0,0,0,18000,230000,-212000,-212000
055129,鈺齊兆豐97購01  ,0,0,0,0,0,0,0,0,0,-212000,0,0,0,10000,222000,-212000,-212000
055430,宏達電群益97購01,0,0,0,0,0,0,0,0,0,-212000,0,0,0,170000,382000,-212000,-212000
053255,貿聯國泰97購01  ,0,0,0,0,0,0,0,0,0,-212000,0,0,0,150000,362000,-212000,-212000
053536,明泰永豐96購01  ,0,0,0,0,0,0,0,0,0,-212000,0,0,0,10000,222000,-212000,-212000
2464,盟立            ,190000,452000,-262000,0,0,0,0,0,0,50000,50000,0,50000,0,0,0,-212000
051940,康舒群益95購01  ,0,0,0,0,0,0,0,0,0,-213000,0,0,0,30000,243000,-213000,-213000
054923,晶技凱基98購01  ,0,0,0,0,0,0,0,0,0,-213000,0,0,0,150000,363000,-213000,-213000
056430,鴻海凱基98購06  ,0,0,0,0,0,0,0,0,0,-214000,0,0,0,93000,307000,-214000,-214000
057743,華擎永豐98購03  ,0,0,0,0,0,0,0,0,0,-214000,0,0,0,219000,433000,-214000,-214000
048677,智伸科國泰94購01,0,0,0,0,0,0,0,0,0,-214000,0,0,0,0,214000,-214000,-214000
00713,元大台灣高息低波,0,236000,-236000,0,0,0,0,0,0,22000,0,0,0,54000,32000,22000,-214000
051415,晶技國票96購01  ,0,0,0,0,0,0,0,0,0,-214000,0,0,0,78000,292000,-214000,-214000
053115,滬深2X中信97購01,0,0,0,0,0,0,0,0,0,-214000,0,0,0,0,214000,-214000,-214000
053540,健策永豐96購01  ,0,0,0,0,0,0,0,0,0,-214000,0,0,0,0,214000,-214000,-214000
056548,瀚宇博凱基98購02,0,0,0,0,0,0,0,0,0,-215000,0,0,0,83000,298000,-215000,-215000
045572,元油2X元大98購01,0,0,0,0,0,0,0,0,0,-215000,0,0,0,10000,225000,-215000,-215000
048908,慧洋富邦95購01  ,0,0,0,0,0,0,0,0,0,-215000,0,0,0,7000,222000,-215000,-215000
052586,晶豪科永豐96購01,0,0,0,0,0,0,0,0,0,-215000,0,0,0,2000,217000,-215000,-215000
051338,揚明光永豐95購02,0,0,0,0,0,0,0,0,0,-215000,0,0,0,0,215000,-215000,-215000
055238,茂林台新97購01  ,0,0,0,0,0,0,0,0,0,-215000,0,0,0,2000,217000,-215000,-215000
2542,興富發          ,2259000,2504811,-245811,0,0,0,0,0,0,30000,72000,65000,7000,23000,0,23000,-215811
055580,南茂統一97購01  ,0,0,0,0,0,0,0,0,0,-216000,0,0,0,0,216000,-216000,-216000
055790,南電凱基97購01  ,0,0,0,0,0,0,0,0,0,-216000,0,0,0,284000,500000,-216000,-216000
056783,國巨群益99購01  ,0,0,0,0,0,0,0,0,0,-216000,0,0,0,6000,222000,-216000,-216000
056713,華擎永豐98購01  ,0,0,0,0,0,0,0,0,0,-216000,0,0,0,28000,244000,-216000,-216000
050976,台光電統一95購01,0,0,0,0,0,0,0,0,0,-216000,0,0,0,88000,304000,-216000,-216000
049298,矽格群益95購01  ,0,0,0,0,0,0,0,0,0,-216000,0,0,0,11000,227000,-216000,-216000
054969,亞翔元大97購01  ,0,0,0,0,0,0,0,0,0,-216000,0,0,0,0,216000,-216000,-216000
055106,台積電凱基98購05,0,0,0,0,0,0,0,0,0,-216000,0,0,0,144000,360000,-216000,-216000
055082,台郡中信97購01  ,0,0,0,0,0,0,0,0,0,-216000,0,0,0,0,216000,-216000,-216000
055083,康友中信97購01  ,0,0,0,0,0,0,0,0,0,-216000,0,0,0,0,216000,-216000,-216000
048842,矽格凱基94購01  ,0,0,0,0,0,0,0,0,0,-217000,0,0,0,20000,237000,-217000,-217000
052132,旺宏凱基9B購01  ,0,0,0,0,0,0,0,0,0,-217000,0,0,0,43000,260000,-217000,-217000
054623,華新科第一97購01,0,0,0,0,0,0,0,0,0,-217000,0,0,0,8000,225000,-217000,-217000
054336,台積電統一96購11,0,0,0,0,0,0,0,0,0,-217000,0,0,0,469000,686000,-217000,-217000
052914,奇力新元富96購01,0,0,0,0,0,0,0,0,0,-217000,0,0,0,156000,373000,-217000,-217000
057920,奇力新凱基98購08,0,0,0,0,0,0,0,0,0,-217000,0,0,0,10000,227000,-217000,-217000
056767,大毅元大99購01  ,0,0,0,0,0,0,0,0,0,-218000,0,0,0,33000,251000,-218000,-218000
056942,昇陽半元富98購01,0,0,0,0,0,0,0,0,0,-218000,0,0,0,40000,258000,-218000,-218000
056632,鴻海永昌98購01  ,0,0,0,0,0,0,0,0,0,-218000,0,0,0,103000,321000,-218000,-218000
051065,台積電國票96購01,0,0,0,0,0,0,0,0,0,-218000,0,0,0,1000,219000,-218000,-218000
055131,茂林康和97購01  ,0,0,0,0,0,0,0,0,0,-218000,0,0,0,223000,441000,-218000,-218000
04469P,元油2X元大94售05,0,0,0,0,0,0,0,0,0,-219000,0,0,0,371000,590000,-219000,-219000
051284,上銀統一95購02  ,0,0,0,0,0,0,0,0,0,-219000,0,0,0,10000,229000,-219000,-219000
052184,台光電群益95購03,0,0,0,0,0,0,0,0,0,-219000,0,0,0,18000,237000,-219000,-219000
054476,聯發科中信96購03,0,0,0,0,0,0,0,0,0,-219000,0,0,0,0,219000,-219000,-219000
056580,泰鼎元大9A購01  ,0,0,0,0,0,0,0,0,0,-220000,0,0,0,388000,608000,-220000,-220000
055777,冠德凱基97購01  ,0,0,0,0,0,0,0,0,0,-220000,0,0,0,40000,260000,-220000,-220000
05708P,奇力新國票97售04,0,0,0,0,0,0,0,0,0,-220000,0,0,0,92000,312000,-220000,-220000
057819,新日興元大99購01,0,0,0,0,0,0,0,0,0,-220000,0,0,0,0,220000,-220000,-220000
051456,鈺齊元大95購01  ,0,0,0,0,0,0,0,0,0,-220000,0,0,0,0,220000,-220000,-220000
051835,百和元大95購03  ,0,0,0,0,0,0,0,0,0,-220000,0,0,0,0,220000,-220000,-220000
050557,台積電統一94購13,0,0,0,0,0,0,0,0,0,-220000,0,0,0,80000,300000,-220000,-220000
052272,T50反1群益95購03,0,0,0,0,0,0,0,0,0,-220000,0,0,0,10000,230000,-220000,-220000
052488,旺宏國票96購03  ,0,0,0,0,0,0,0,0,0,-220000,0,0,0,4000,224000,-220000,-220000
054487,京元電台新97購01,0,0,0,0,0,0,0,0,0,-220000,0,0,0,0,220000,-220000,-220000
053301,華通凱基96購04  ,0,0,0,0,0,0,0,0,0,-220000,0,0,0,0,220000,-220000,-220000
053562,玉晶光國泰98購02,0,0,0,0,0,0,0,0,0,-220000,0,0,0,189000,409000,-220000,-220000
053794,燿華亞東96購01  ,0,0,0,0,0,0,0,0,0,-220000,0,0,0,0,220000,-220000,-220000
054208,台積電國票97購07,0,0,0,0,0,0,0,0,0,-220000,0,0,0,62000,282000,-220000,-220000
6669,緯穎            ,520937,732054,-211117,0,0,0,6000,33000,-27000,18000,23000,6000,17000,5000,4000,1000,-220117
057092,健策元富98購01  ,0,0,0,0,0,0,0,0,0,-221000,0,0,0,29000,250000,-221000,-221000
055921,新唐凱基98購01  ,0,0,0,0,0,0,0,0,0,-221000,0,0,0,0,221000,-221000,-221000
055996,矽力國泰99購01  ,0,0,0,0,0,0,0,0,0,-221000,0,0,0,164000,385000,-221000,-221000
048259,新日興統一93購01,0,0,0,0,0,0,0,0,0,-221000,0,0,0,0,221000,-221000,-221000
051969,世紀鋼永豐95購01,0,0,0,0,0,0,0,0,0,-221000,0,0,0,110000,331000,-221000,-221000
054447,國泰金兆豐96購01,0,0,0,0,0,0,0,0,0,-221000,0,0,0,0,221000,-221000,-221000
056000,佳世達永豐97購01,0,0,0,0,0,0,0,0,0,-222000,0,0,0,0,222000,-222000,-222000
051889,智邦元富95購02  ,0,0,0,0,0,0,0,0,0,-222000,0,0,0,21000,243000,-222000,-222000
048911,玉晶光富邦96購01,0,0,0,0,0,0,0,0,0,-222000,0,0,0,8000,230000,-222000,-222000
052722,群創統一97購02  ,0,0,0,0,0,0,0,0,0,-222000,0,0,0,0,222000,-222000,-222000
06608P,立積群益99售02  ,0,0,0,0,0,0,0,0,0,-222000,0,0,0,34000,256000,-222000,-222000
057631,康控永豐98購02  ,0,0,0,0,0,0,0,0,0,-223000,0,0,0,2000,225000,-223000,-223000
048137,力成國票93購01  ,0,0,0,0,0,0,0,0,0,-223000,0,0,0,30000,253000,-223000,-223000
050822,亞光凱基95購01  ,0,0,0,0,0,0,0,0,0,-223000,0,0,0,0,223000,-223000,-223000
053082,聯電元大98購03  ,0,0,0,0,0,0,0,0,0,-223000,0,0,0,101000,324000,-223000,-223000
057911,國巨日盛98購01  ,0,0,0,0,0,0,0,0,0,-223000,0,0,0,17000,240000,-223000,-223000
2104,國際中橡        ,788001,1053000,-264999,0,0,0,0,0,0,41000,41000,0,41000,0,0,0,-223999
050833,台郡凱基95購01  ,0,0,0,0,0,0,0,0,0,-224000,0,0,0,0,224000,-224000,-224000
049235,元油2X元富96購05,0,0,0,0,0,0,0,0,0,-224000,0,0,0,50000,274000,-224000,-224000
055317,金寶國票98購01  ,0,0,0,0,0,0,0,0,0,-224000,0,0,0,20000,244000,-224000,-224000
055676,亞德客凱基97購03,0,0,0,0,0,0,0,0,0,-225000,0,0,0,20000,245000,-225000,-225000
056247,台郡群益97購01  ,0,0,0,0,0,0,0,0,0,-225000,0,0,0,26000,251000,-225000,-225000
051127,同欣電群益95購01,0,0,0,0,0,0,0,0,0,-225000,0,0,0,143000,368000,-225000,-225000
052461,和大統一95購01  ,0,0,0,0,0,0,0,0,0,-225000,0,0,0,3000,228000,-225000,-225000
052545,康控元富95購02  ,0,0,0,0,0,0,0,0,0,-225000,0,0,0,0,225000,-225000,-225000
054439,健策台新96購03  ,0,0,0,0,0,0,0,0,0,-225000,0,0,0,0,225000,-225000,-225000
054776,矽創國票98購01  ,0,0,0,0,0,0,0,0,0,-225000,0,0,0,30000,255000,-225000,-225000
053581,台積電元大96購14,0,0,0,0,0,0,0,0,0,-225000,0,0,0,41000,266000,-225000,-225000
053614,台積電群益96購08,0,0,0,0,0,0,0,0,0,-225000,0,0,0,95000,320000,-225000,-225000
056223,華邦電凱基97購04,0,0,0,0,0,0,0,0,0,-226000,0,0,0,0,226000,-226000,-226000
056396,祥碩永豐98購01  ,0,0,0,0,0,0,0,0,0,-226000,0,0,0,10000,236000,-226000,-226000
057660,訊芯兆豐98購02  ,0,0,0,0,0,0,0,0,0,-226000,0,0,0,70000,296000,-226000,-226000
048828,禾伸堂凱基94購02,0,0,0,0,0,0,0,0,0,-226000,0,0,0,0,226000,-226000,-226000
052819,義隆永豐96購01  ,0,0,0,0,0,0,0,0,0,-226000,0,0,0,100000,326000,-226000,-226000
050914,健鼎中信95購01  ,0,0,0,0,0,0,0,0,0,-226000,0,0,0,0,226000,-226000,-226000
054865,可成群益97購01  ,0,0,0,0,0,0,0,0,0,-226000,0,0,0,24000,250000,-226000,-226000
055204,宏達電中信99購01,0,0,0,0,0,0,0,0,0,-226000,0,0,0,0,226000,-226000,-226000
047046,台積電國票94購01,0,0,0,0,0,0,0,0,0,-227000,0,0,0,56000,283000,-227000,-227000
052270,力成日盛95購01  ,0,0,0,0,0,0,0,0,0,-227000,0,0,0,179000,406000,-227000,-227000
052787,國巨中信96購02  ,0,0,0,0,0,0,0,0,0,-227000,0,0,0,12000,239000,-227000,-227000
053324,康舒群益96購01  ,0,0,0,0,0,0,0,0,0,-227000,0,0,0,109000,336000,-227000,-227000
057009,信邦中信99購01  ,0,0,0,0,0,0,0,0,0,-228000,0,0,0,81000,309000,-228000,-228000
055767,臺股指群益97購05,0,0,0,0,0,0,0,0,0,-228000,0,0,0,0,228000,-228000,-228000
055609,旺宏國票99購01  ,0,0,0,0,0,0,0,0,0,-228000,0,0,0,0,228000,-228000,-228000
051004,台新金中信95購02,0,0,0,0,0,0,0,0,0,-228000,0,0,0,0,228000,-228000,-228000
04924P,元油2X元大94售12,0,0,0,0,0,0,0,0,0,-228000,10000,0,10000,602000,840000,-238000,-228000
050437,聯詠凱基94購04  ,0,0,0,0,0,0,0,0,0,-228000,0,0,0,0,228000,-228000,-228000
049708,滬深2X凱基94購02,0,0,0,0,0,0,0,0,0,-228000,0,0,0,0,228000,-228000,-228000
053925,群創國票98購01  ,0,0,0,0,0,0,0,0,0,-228000,0,0,0,143000,371000,-228000,-228000
054818,奇力新元大97購05,0,0,0,0,0,0,0,0,0,-228000,0,0,0,118000,346000,-228000,-228000
05558P,鴻海麥證96售01  ,0,0,0,7000,230000,-223000,0,0,0,-229000,0,0,0,7000,236000,-229000,-229000
056118,聯詠群益97購03  ,0,0,0,0,0,0,0,0,0,-229000,0,0,0,61000,290000,-229000,-229000
047966,華通國泰94購01  ,0,0,0,0,0,0,0,0,0,-229000,0,0,0,2000,231000,-229000,-229000
051634,大立光國票96購03,0,0,0,0,0,0,0,0,0,-229000,0,0,0,2000,231000,-229000,-229000
051126,訊連群益95購01  ,0,0,0,0,0,0,0,0,0,-229000,0,0,0,116000,345000,-229000,-229000
055314,華邦電中信99購01,0,0,0,0,0,0,0,0,0,-229000,0,0,0,0,229000,-229000,-229000
054137,聯詠元大97購02  ,0,0,0,0,0,0,0,0,0,-229000,0,0,0,334000,563000,-229000,-229000
055624,聯發科富邦99購07,0,0,0,0,0,0,0,0,0,-230000,0,0,0,0,230000,-230000,-230000
056725,鴻海國票99購03  ,0,0,0,0,0,0,0,0,0,-230000,0,0,0,0,230000,-230000,-230000
057307,瀚宇博兆豐99購01,0,0,0,0,0,0,0,0,0,-230000,0,0,0,0,230000,-230000,-230000
045663,元油2X元富94購01,0,0,0,0,0,0,0,0,0,-230000,0,0,0,140000,370000,-230000,-230000
050039,鴻海中信94購03  ,0,0,0,0,0,0,0,0,0,-230000,0,0,0,20000,250000,-230000,-230000
052483,超眾群益95購03  ,0,0,0,0,0,0,0,0,0,-230000,0,0,0,22000,252000,-230000,-230000
052956,聯發科日盛96購01,0,0,0,0,0,0,0,0,0,-230000,0,0,0,50000,280000,-230000,-230000
055206,台虹中信97購01  ,0,0,0,0,0,0,0,0,0,-230000,0,0,0,100000,330000,-230000,-230000
055310,聯詠群益97購02  ,0,0,0,0,0,0,0,0,0,-231000,0,0,0,0,231000,-231000,-231000
055409,元黃金富邦01購01,0,0,0,0,0,0,0,0,0,-231000,0,0,0,0,231000,-231000,-231000
054785,建準群益98購01  ,0,0,0,0,0,0,0,0,0,-231000,0,0,0,0,231000,-231000,-231000
054506,矽格永豐96購01  ,0,0,0,0,0,0,0,0,0,-231000,0,0,0,20000,251000,-231000,-231000
055905,可成兆豐97購03  ,0,0,0,0,0,0,0,0,0,-232000,0,0,0,0,232000,-232000,-232000
048699,嘉晶國票95購01  ,0,0,0,0,0,0,0,0,0,-232000,0,0,0,15000,247000,-232000,-232000
049602,南電元大95購01  ,0,0,0,0,0,0,0,0,0,-232000,0,0,0,29000,261000,-232000,-232000
051461,聯詠國泰96購01  ,0,0,0,0,0,0,0,0,0,-232000,0,0,0,78000,310000,-232000,-232000
05995P,T50正2中信9C售01,0,0,0,0,0,0,0,0,0,-232000,0,0,0,69000,301000,-232000,-232000
047144,華通群益94購01  ,0,0,0,0,0,0,0,0,0,-233000,0,0,0,10000,243000,-233000,-233000
055288,日電貿元大97購02,0,0,0,0,0,0,0,0,0,-233000,0,0,0,61000,294000,-233000,-233000
05729P,臺股指凱基97售02,0,0,0,0,0,0,0,0,0,-234000,0,0,0,101000,335000,-234000,-234000
057623,友訊國泰99購01  ,0,0,0,0,0,0,0,0,0,-234000,0,0,0,76000,310000,-234000,-234000
048769,聯鈞凱基94購01  ,0,0,0,0,0,0,0,0,0,-234000,0,0,0,2000,236000,-234000,-234000
054378,楠梓電群益98購01,0,0,0,0,0,0,0,0,0,-234000,0,0,0,1000,235000,-234000,-234000
054727,台積電日盛97購02,0,0,0,0,0,0,0,0,0,-234000,0,0,0,10000,244000,-234000,-234000
053593,晶技元大98購01  ,0,0,0,0,0,0,0,0,0,-234000,0,0,0,0,234000,-234000,-234000
051503,玉晶光統一97購01,0,0,0,0,0,0,0,0,0,-235000,0,0,0,0,235000,-235000,-235000
051650,矽力永豐95購01  ,0,0,0,0,0,0,0,0,0,-235000,0,0,0,0,235000,-235000,-235000
050340,鴻海統一94購07  ,0,0,0,0,0,0,0,0,0,-235000,0,0,0,0,235000,-235000,-235000
050226,華新科中信94購01,0,0,0,0,0,0,0,0,0,-235000,0,0,0,68000,303000,-235000,-235000
049264,奇鋐元大95購01  ,0,0,0,0,0,0,0,0,0,-235000,0,0,0,0,235000,-235000,-235000
051185,強茂永豐95購03  ,0,0,0,0,0,0,0,0,0,-235000,0,0,0,0,235000,-235000,-235000
053961,揚明光永豐96購04,0,0,0,0,0,0,0,0,0,-235000,0,0,0,50000,285000,-235000,-235000
057753,臺股指國票98購09,0,0,0,0,0,0,0,0,0,-236000,0,0,0,0,236000,-236000,-236000
057837,康控國泰99購02  ,0,0,0,0,0,0,0,0,0,-236000,0,0,0,127000,363000,-236000,-236000
056127,致新國票98購02  ,0,0,0,0,0,0,0,0,0,-236000,0,0,0,0,236000,-236000,-236000
051979,群創凱基97購01  ,0,0,0,0,0,0,0,0,0,-236000,0,0,0,1000,237000,-236000,-236000
05162P,玉晶光國票96售03,0,0,0,0,0,0,0,0,0,-237000,0,0,0,736000,973000,-237000,-237000
054899,南港康和97購01  ,0,0,0,0,0,0,0,0,0,-237000,0,0,0,0,237000,-237000,-237000
06835P,台灣50國票9A售01,0,0,0,0,0,0,0,0,0,-237000,0,0,0,176000,413000,-237000,-237000
056402,智易群益98購02  ,0,0,0,0,0,0,0,0,0,-238000,0,0,0,104000,342000,-238000,-238000
056474,華新科元大99購05,0,0,0,0,0,0,0,0,0,-238000,0,0,0,20000,258000,-238000,-238000
057211,鴻海群益98購05  ,0,0,0,0,0,0,0,0,0,-238000,0,0,0,76000,314000,-238000,-238000
03414B,臺股指凱基99熊01,0,0,0,0,0,0,0,0,0,-238000,0,0,0,376000,614000,-238000,-238000
049986,嘉澤凱基94購02  ,0,0,0,0,0,0,0,0,0,-238000,0,0,0,55000,293000,-238000,-238000
055079,台光電中信97購01,0,0,0,0,0,0,0,0,0,-238000,0,0,0,73000,311000,-238000,-238000
052981,鴻海元大97購05  ,0,0,0,0,0,0,0,0,0,-238000,0,0,0,0,238000,-238000,-238000
053313,世紀鋼凱基96購01,0,0,0,0,0,0,0,0,0,-238000,0,0,0,175000,413000,-238000,-238000
057564,台積電富邦9B購03,0,0,0,0,0,0,0,0,0,-239000,0,0,0,30000,269000,-239000,-239000
03831P,臺股指中信95售02,0,0,0,0,0,0,0,0,0,-239000,0,0,0,19000,258000,-239000,-239000
050467,力成中信94購01  ,0,0,0,0,0,0,0,0,0,-239000,0,0,0,265000,504000,-239000,-239000
051895,聯茂元富95購02  ,0,0,0,0,0,0,0,0,0,-239000,0,0,0,0,239000,-239000,-239000
057502,訊芯群益98購02  ,0,0,0,0,0,0,0,0,0,-240000,0,0,0,33000,273000,-240000,-240000
048575,旺宏國泰94購04  ,0,0,0,0,0,0,0,0,0,-240000,0,0,0,101000,341000,-240000,-240000
04696P,亞德客國泰95售02,0,0,0,0,0,0,0,0,0,-240000,0,0,0,97000,337000,-240000,-240000
051225,台積電群益95購02,0,0,0,0,0,0,0,0,0,-240000,0,0,0,227000,467000,-240000,-240000
052309,健策國泰97購01  ,0,0,0,0,0,0,0,0,0,-240000,0,0,0,10000,250000,-240000,-240000
052524,新光金元大9B購01,0,0,0,0,0,0,0,0,0,-240000,0,0,0,0,240000,-240000,-240000
051410,京元電國票96購01,0,0,0,0,0,0,0,0,0,-240000,0,0,0,160000,400000,-240000,-240000
053644,台表科國票97購03,0,0,0,0,0,0,0,0,0,-240000,0,0,0,20000,260000,-240000,-240000
057856,聯鈞國票99購03  ,0,0,0,0,0,0,0,0,0,-241000,0,0,0,6000,247000,-241000,-241000
04676P,彩晶統一94售03  ,0,0,0,0,0,0,0,0,0,-241000,0,0,0,39000,280000,-241000,-241000
053978,創意元大96購05  ,0,0,0,0,0,0,0,0,0,-241000,0,0,0,0,241000,-241000,-241000
053436,聯茂日盛96購01  ,0,0,0,0,0,0,0,0,0,-241000,0,0,0,136000,377000,-241000,-241000
052975,嘉聯益群益96購01,0,0,0,0,0,0,0,0,0,-241000,0,0,0,0,241000,-241000,-241000
053083,中環元大99購01  ,0,0,0,0,0,0,0,0,0,-241000,0,0,0,0,241000,-241000,-241000
055180,文曄統一97購01  ,0,0,0,0,0,0,0,0,0,-241000,0,0,0,391000,632000,-241000,-241000
056313,聯茂元大98購01  ,0,0,0,0,0,0,0,0,0,-242000,0,0,0,175000,417000,-242000,-242000
056349,道瓊銀元大9B購01,0,0,0,0,0,0,0,0,0,-242000,0,0,0,50000,292000,-242000,-242000
00757,統一FANG+       ,0,0,0,0,0,0,0,0,0,-242000,0,0,0,208000,450000,-242000,-242000
050196,嘉聯益元大97購01,0,0,0,0,0,0,0,0,0,-242000,0,0,0,10000,252000,-242000,-242000
050801,元金2X群益98購01,0,0,0,0,0,0,0,0,0,-242000,0,0,0,105000,347000,-242000,-242000
055858,聯茂元大97購03  ,0,0,0,0,0,0,0,0,0,-243000,0,0,0,280000,523000,-243000,-243000
044247,道瓊反元富97購01,0,0,0,0,0,0,0,0,0,-243000,0,0,0,8000,251000,-243000,-243000
054303,國巨凱基96購15  ,0,0,0,0,0,0,0,0,0,-243000,0,0,0,71000,314000,-243000,-243000
054000,訊芯群益96購02  ,0,0,0,0,0,0,0,0,0,-243000,0,0,0,10000,253000,-243000,-243000
056743,貿聯凱基98購04  ,0,0,0,0,0,0,0,0,0,-244000,0,0,0,30000,274000,-244000,-244000
056922,全新兆豐99購01  ,0,0,0,0,0,0,0,0,0,-244000,0,0,0,10000,254000,-244000,-244000
052492,易華電國票96購02,0,0,0,0,0,0,0,0,0,-244000,0,0,0,0,244000,-244000,-244000
8081,致新            ,375000,573586,-198586,0,0,0,29000,0,29000,-75000,1000,118000,-117000,43000,1000,42000,-244586
057106,美律群益98購03  ,0,0,0,0,0,0,0,0,0,-245000,0,0,0,22000,267000,-245000,-245000
057849,南茂永豐98購02  ,0,0,0,0,0,0,0,0,0,-245000,0,0,0,0,245000,-245000,-245000
045906,鴻海中信94購01  ,0,0,0,0,0,0,0,0,0,-245000,0,0,0,10000,255000,-245000,-245000
050124,元金2X凱基95購01,0,0,0,0,0,0,0,0,0,-245000,0,0,0,30000,275000,-245000,-245000
051248,華固元大95購01  ,0,0,0,0,0,0,0,0,0,-245000,0,0,0,0,245000,-245000,-245000
049302,聯茂日盛94購01  ,0,0,0,0,0,0,0,0,0,-245000,0,0,0,94000,339000,-245000,-245000
053409,和碩兆豐96購02  ,0,0,0,0,0,0,0,0,0,-245000,0,0,0,76000,321000,-245000,-245000
054566,貿聯群益97購02  ,0,0,0,0,0,0,0,0,0,-245000,0,0,0,11000,256000,-245000,-245000
06154P,超眾元大98售01  ,0,0,0,0,0,0,0,0,0,-245000,0,0,0,69000,314000,-245000,-245000
057328,京鼎群益99購02  ,0,0,0,0,0,0,0,0,0,-246000,0,0,0,0,246000,-246000,-246000
056858,國巨群益99購03  ,0,0,0,0,0,0,0,0,0,-246000,0,0,0,30000,276000,-246000,-246000
056562,奇力新群益98購01,0,0,0,0,0,0,0,0,0,-246000,0,0,0,81000,327000,-246000,-246000
056630,臺股指永豐98購02,0,0,0,0,0,0,0,0,0,-246000,0,0,0,0,246000,-246000,-246000
055133,致新康和97購01  ,0,0,0,0,0,0,0,0,0,-246000,0,0,0,0,246000,-246000,-246000
053222,聯茂凱基96購03  ,0,0,0,0,0,0,0,0,0,-246000,0,0,0,62000,308000,-246000,-246000
056360,智邦元大98購01  ,0,0,0,0,0,0,0,0,0,-247000,0,0,0,4000,251000,-247000,-247000
055552,瑞昱凱基97購02  ,0,0,0,0,0,0,0,0,0,-247000,0,0,0,40000,287000,-247000,-247000
056790,彩晶群益98購03  ,0,0,0,0,0,0,0,0,0,-247000,0,0,0,0,247000,-247000,-247000
050357,南電群益94購02  ,0,0,0,0,0,0,0,0,0,-247000,0,0,0,5000,252000,-247000,-247000
050895,聯發科元大97購01,0,0,0,0,0,0,0,0,0,-247000,0,0,0,45000,292000,-247000,-247000
053173,矽格群益97購01  ,0,0,0,0,0,0,0,0,0,-247000,0,0,0,0,247000,-247000,-247000
057503,世紀鋼群益98購02,0,0,0,0,0,0,0,0,0,-248000,0,0,0,177000,425000,-248000,-248000
057728,瑞昱國泰99購01  ,0,0,0,0,0,0,0,0,0,-248000,0,0,0,190000,438000,-248000,-248000
056429,華通凱基98購02  ,0,0,0,0,0,0,0,0,0,-248000,0,0,0,22000,270000,-248000,-248000
051590,玉晶光元大96購02,0,0,0,0,0,0,0,0,0,-248000,0,0,0,74000,322000,-248000,-248000
051222,世紀鋼元富95購01,0,0,0,0,0,0,0,0,0,-248000,0,0,0,271000,519000,-248000,-248000
051425,昇陽半國票97購01,0,0,0,0,0,0,0,0,0,-248000,0,0,0,0,248000,-248000,-248000
053996,晶相光群益97購01,0,0,0,0,0,0,0,0,0,-248000,0,0,0,412000,660000,-248000,-248000
054570,易華電群益98購01,0,0,0,0,0,0,0,0,0,-248000,0,0,0,0,248000,-248000,-248000
057847,聯茂永豐98購01  ,0,0,0,0,0,0,0,0,0,-249000,0,0,0,90000,339000,-249000,-249000
051684,瑞昱凱基95購02  ,0,0,0,0,0,0,0,0,0,-249000,0,0,0,70000,319000,-249000,-249000
052763,晶技群益97購01  ,0,0,0,0,0,0,0,0,0,-249000,0,0,0,252000,501000,-249000,-249000
054938,國巨元大97購04  ,0,0,0,0,0,0,0,0,0,-249000,0,0,0,46000,295000,-249000,-249000
053306,晶技凱基97購01  ,0,0,0,0,0,0,0,0,0,-249000,0,0,0,219000,468000,-249000,-249000
055481,聚陽元大97購01  ,0,0,0,0,0,0,0,0,0,-250000,0,0,0,0,250000,-250000,-250000
051355,聯發科元大96購01,0,0,0,0,0,0,0,0,0,-250000,0,0,0,400000,650000,-250000,-250000
051056,華新科群益95購03,0,0,0,0,0,0,0,0,0,-250000,0,0,0,0,250000,-250000,-250000
050202,建準群益95購01  ,0,0,0,0,0,0,0,0,0,-250000,0,0,0,15000,265000,-250000,-250000
054163,燿華凱基97購02  ,0,0,0,0,0,0,0,0,0,-250000,0,0,0,0,250000,-250000,-250000
08163P,T50正2中信95售01,0,0,0,0,0,0,0,0,0,-250000,0,0,0,0,250000,-250000,-250000
046629,群創統一98購01  ,0,0,0,0,0,0,0,0,0,-251000,0,0,0,96000,347000,-251000,-251000
050875,訊芯永豐95購01  ,0,0,0,0,0,0,0,0,0,-251000,0,0,0,0,251000,-251000,-251000
052670,茂林群益96購02  ,0,0,0,0,0,0,0,0,0,-251000,0,0,0,25000,276000,-251000,-251000
057888,貿聯群益98購02  ,0,0,0,0,0,0,0,0,0,-251000,0,0,0,33000,284000,-251000,-251000
050784,美律國泰96購01  ,0,0,0,0,0,0,0,0,0,-252000,0,0,0,10000,262000,-252000,-252000
051234,南電群益95購02  ,0,0,0,0,0,0,0,0,0,-252000,0,0,0,18000,270000,-252000,-252000
057702,同欣電群益99購01,0,0,0,0,0,0,0,0,0,-253000,0,0,0,29000,282000,-253000,-253000
052147,上緯控群益95購01,0,0,0,0,0,0,0,0,0,-253000,0,0,0,0,253000,-253000,-253000
053887,聯茂兆豐97購02  ,0,0,0,0,0,0,0,0,0,-253000,0,0,0,0,253000,-253000,-253000
054851,樺漢兆豐97購01  ,0,0,0,0,0,0,0,0,0,-253000,0,0,0,70000,323000,-253000,-253000
054742,京鼎凱基99購01  ,0,0,0,0,0,0,0,0,0,-253000,0,0,0,0,253000,-253000,-253000
056864,新日興群益99購01,0,0,0,0,0,0,0,0,0,-254000,0,0,0,42000,296000,-254000,-254000
055881,康控元富97購01  ,0,0,0,0,0,0,0,0,0,-254000,0,0,0,631000,885000,-254000,-254000
053767,臻鼎富邦97購02  ,0,0,0,0,0,0,0,0,0,-254000,0,0,0,48000,302000,-254000,-254000
054089,台積電群益96購11,0,0,0,0,0,0,0,0,0,-254000,0,0,0,0,254000,-254000,-254000
054007,貿聯統一96購01  ,0,0,0,0,0,0,0,0,0,-254000,0,0,0,102000,356000,-254000,-254000
055701,亞德客富邦99購01,0,0,0,0,0,0,0,0,0,-255000,0,0,0,70000,325000,-255000,-255000
056968,揚明光永豐98購02,0,0,0,0,0,0,0,0,0,-255000,0,0,0,68000,323000,-255000,-255000
056719,台虹永豐98購01  ,0,0,0,0,0,0,0,0,0,-255000,0,0,0,0,255000,-255000,-255000
057463,華邦電永豐98購01,0,0,0,0,0,0,0,0,0,-255000,0,0,0,6000,261000,-255000,-255000
057572,明泰永豐98購01  ,0,0,0,0,0,0,0,0,0,-255000,0,0,0,68000,323000,-255000,-255000
048595,儒鴻國票96購01  ,0,0,0,0,0,0,0,0,0,-255000,0,0,0,170000,425000,-255000,-255000
053701,台積電兆豐96購05,0,0,0,0,0,0,0,0,0,-255000,0,0,0,373000,628000,-255000,-255000
055402,正文元富97購02  ,0,0,0,0,0,0,0,0,0,-255000,0,0,0,20000,275000,-255000,-255000
057581,元大金中信9A購01,0,0,0,0,0,0,0,0,0,-256000,0,0,0,110000,366000,-256000,-256000
052406,力成凱基95購03  ,0,0,0,0,0,0,0,0,0,-256000,0,0,0,20000,276000,-256000,-256000
057553,景碩凱基98購03  ,0,0,0,0,0,0,0,0,0,-257000,0,0,0,0,257000,-257000,-257000
056023,晶豪科群益97購01,0,0,0,0,0,0,0,0,0,-257000,0,0,0,0,257000,-257000,-257000
048705,GIS國票95購01   ,0,0,0,0,0,0,0,0,0,-257000,0,0,0,0,257000,-257000,-257000
041990,A50正2國票97購01,0,0,0,0,0,0,0,0,0,-257000,0,0,0,1000,258000,-257000,-257000
054240,訊芯群益96購03  ,0,0,0,0,0,0,0,0,0,-257000,0,0,0,11000,268000,-257000,-257000
053801,台積電凱基96購18,0,0,0,0,0,0,0,0,0,-257000,0,0,0,0,257000,-257000,-257000
052867,晶技凱基96購01  ,0,0,0,0,0,0,0,0,0,-257000,0,0,0,478000,735000,-257000,-257000
056130,新日興麥證97購01,0,0,0,20000,279000,-259000,0,0,0,-258000,0,0,0,21000,279000,-258000,-258000
057302,福懋科中信98購01,0,0,0,0,0,0,0,0,0,-258000,0,0,0,0,258000,-258000,-258000
05773P,臺股指凱基99售03,0,0,0,0,0,0,0,0,0,-258000,0,0,0,2000,260000,-258000,-258000
049583,台積電元大95購04,0,0,0,0,0,0,0,0,0,-258000,0,0,0,698000,956000,-258000,-258000
053252,華邦電國泰98購01,0,0,0,0,0,0,0,0,0,-258000,0,0,0,30000,288000,-258000,-258000
053516,茂林群益96購05  ,0,0,0,0,0,0,0,0,0,-258000,0,0,0,52000,310000,-258000,-258000
054341,燿華元富96購03  ,0,0,0,0,0,0,0,0,0,-258000,0,0,0,0,258000,-258000,-258000
05501P,健策國票97售01  ,0,0,0,0,0,0,0,0,0,-258000,0,0,0,172000,430000,-258000,-258000
057973,神達富邦9A購01  ,0,0,0,0,0,0,0,0,0,-258000,0,0,0,154000,412000,-258000,-258000
056827,元油2X富邦02購01,0,0,0,0,0,0,0,0,0,-259000,0,0,0,11000,270000,-259000,-259000
056972,祥碩永豐98購02  ,0,0,0,0,0,0,0,0,0,-259000,0,0,0,10000,269000,-259000,-259000
055688,力成凱基98購02  ,0,0,0,0,0,0,0,0,0,-259000,0,0,0,23000,282000,-259000,-259000
047250,日月光群益94購01,0,0,0,0,0,0,0,0,0,-259000,0,0,0,30000,289000,-259000,-259000
049782,世紀鋼統一94購01,0,0,0,0,0,0,0,0,0,-259000,0,0,0,13000,272000,-259000,-259000
053843,訊芯統一96購01  ,0,0,0,0,0,0,0,0,0,-259000,0,0,0,15000,274000,-259000,-259000
06174P,國巨元大97售07  ,0,0,0,0,0,0,0,0,0,-259000,0,0,0,309000,568000,-259000,-259000
057764,台表科凱基9A購01,0,0,0,0,0,0,0,0,0,-260000,0,0,0,0,260000,-260000,-260000
048117,南電群益93購02  ,0,0,0,0,0,0,0,0,0,-260000,0,0,0,10000,270000,-260000,-260000
03645C,臺股指凱基96牛27,0,0,0,0,0,0,0,0,0,-260000,0,0,0,76000,336000,-260000,-260000
050853,南電國票96購01  ,0,0,0,0,0,0,0,0,0,-260000,0,0,0,20000,280000,-260000,-260000
053845,和大元富96購01  ,0,0,0,0,0,0,0,0,0,-260000,0,0,0,0,260000,-260000,-260000
054147,GIS元大96購02   ,0,0,0,0,0,0,0,0,0,-260000,0,0,0,3000,263000,-260000,-260000
052885,高鐵兆豐98購01  ,0,0,0,0,0,0,0,0,0,-260000,0,0,0,3000,263000,-260000,-260000
054741,亞光凱基99購01  ,0,0,0,0,0,0,0,0,0,-260000,0,0,0,0,260000,-260000,-260000
9925,新保            ,27000,302430,-275430,0,0,0,0,0,0,15000,15000,0,15000,0,0,0,-260430
049871,T50反1台新9A購02,0,0,0,0,0,0,0,0,0,-261000,0,0,0,55000,316000,-261000,-261000
051988,台光電元大95購01,0,0,0,0,0,0,0,0,0,-261000,0,0,0,4000,265000,-261000,-261000
055462,華邦電日盛97購01,0,0,0,0,0,0,0,0,0,-261000,0,0,0,0,261000,-261000,-261000
053256,上銀富邦98購01  ,0,0,0,0,0,0,0,0,0,-261000,0,0,0,20000,281000,-261000,-261000
057704,台虹群益98購03  ,0,0,0,0,0,0,0,0,0,-262000,0,0,0,153000,415000,-262000,-262000
056988,聚陽兆豐98購01  ,0,0,0,0,0,0,0,0,0,-262000,0,0,0,10000,272000,-262000,-262000
055492,華新科元大97購08,0,0,0,0,0,0,0,0,0,-262000,0,0,0,232000,494000,-262000,-262000
055555,全新凱基9A購01  ,0,0,0,0,0,0,0,0,0,-262000,0,0,0,0,262000,-262000,-262000
056203,興富發永豐97購01,0,0,0,0,0,0,0,0,0,-262000,0,0,0,0,262000,-262000,-262000
046191,新光金凱基98購01,0,0,0,0,0,0,0,0,0,-262000,0,0,0,10000,272000,-262000,-262000
052851,滬深2X元富96購02,0,0,0,0,0,0,0,0,0,-262000,0,0,0,177000,439000,-262000,-262000
052912,日月光統一96購01,0,0,0,0,0,0,0,0,0,-262000,0,0,0,56000,318000,-262000,-262000
056154,宏達電凱基97購03,0,0,0,0,0,0,0,0,0,-263000,0,0,0,119000,382000,-263000,-263000
057024,義隆凱基99購01  ,0,0,0,0,0,0,0,0,0,-263000,0,0,0,0,263000,-263000,-263000
057156,元油2X富邦9C購01,0,0,0,0,0,0,0,0,0,-263000,0,0,0,20000,283000,-263000,-263000
048056,全新國泰94購02  ,0,0,0,0,0,0,0,0,0,-263000,0,0,0,0,263000,-263000,-263000
055235,金寶台新98購01  ,0,0,0,0,0,0,0,0,0,-263000,0,0,0,0,263000,-263000,-263000
056773,晶技元大99購03  ,0,0,0,0,0,0,0,0,0,-264000,0,0,0,358000,622000,-264000,-264000
057366,智邦元大98購08  ,0,0,0,0,0,0,0,0,0,-264000,0,0,0,17000,281000,-264000,-264000
056267,文曄統一97購02  ,0,0,0,0,0,0,0,0,0,-264000,0,0,0,254000,518000,-264000,-264000
049114,玉晶光統一94購02,0,0,0,0,0,0,0,0,0,-264000,0,0,0,544000,808000,-264000,-264000
054273,宏達電中信98購01,0,0,0,0,0,0,0,0,0,-264000,0,0,0,57000,321000,-264000,-264000
053307,泰碩凱基97購01  ,0,0,0,0,0,0,0,0,0,-264000,0,0,0,79000,343000,-264000,-264000
055515,聚陽中信9A購01  ,0,0,0,0,0,0,0,0,0,-265000,0,0,0,15000,280000,-265000,-265000
055714,智邦元大97購03  ,0,0,0,0,0,0,0,0,0,-265000,0,0,0,83000,348000,-265000,-265000
051696,新日興中信96購01,0,0,0,0,0,0,0,0,0,-265000,0,0,0,30000,295000,-265000,-265000
050569,英業達中信94購01,0,0,0,0,0,0,0,0,0,-265000,0,0,0,0,265000,-265000,-265000
052660,京元電國票97購01,0,0,0,0,0,0,0,0,0,-265000,0,0,0,0,265000,-265000,-265000
051505,台積電元富95購05,0,0,0,0,0,0,0,0,0,-265000,0,0,0,97000,362000,-265000,-265000
053511,鴻海群益96購04  ,0,0,0,0,0,0,0,0,0,-265000,0,0,0,0,265000,-265000,-265000
056917,國巨兆豐98購03  ,0,0,0,0,0,0,0,0,0,-266000,0,0,0,75000,341000,-266000,-266000
047864,信邦康和93購01  ,0,0,0,0,0,0,0,0,0,-266000,0,0,0,0,266000,-266000,-266000
6005,群益證          ,1091000,1377000,-286000,0,0,0,20000,0,20000,0,0,0,0,0,0,0,-266000
056926,日月光兆豐98購01,0,0,0,0,0,0,0,0,0,-267000,0,0,0,0,267000,-267000,-267000
056151,建準凱基97購01  ,0,0,0,0,0,0,0,0,0,-267000,0,0,0,36000,303000,-267000,-267000
052805,晶技元大97購01  ,0,0,0,0,0,0,0,0,0,-267000,0,0,0,550000,817000,-267000,-267000
05307P,光寶科中信95售01,0,0,0,0,0,0,0,0,0,-267000,0,0,0,37000,304000,-267000,-267000
054888,泰碩統一97購01  ,0,0,0,0,0,0,0,0,0,-267000,0,0,0,24000,291000,-267000,-267000
054680,華新科康和97購02,0,1000,-1000,0,0,0,0,0,0,-266000,0,0,0,375000,641000,-266000,-267000
056676,國產元富98購01  ,0,0,0,0,0,0,0,0,0,-268000,0,0,0,40000,308000,-268000,-268000
051507,彩晶元富95購01  ,0,0,0,0,0,0,0,0,0,-268000,0,0,0,60000,328000,-268000,-268000
049775,旺宏統一95購02  ,0,0,0,0,0,0,0,0,0,-268000,0,0,0,0,268000,-268000,-268000
050313,大立光兆豐94購05,0,0,0,0,0,0,0,0,0,-268000,0,0,0,0,268000,-268000,-268000
052387,台積電群益95購08,0,0,0,0,0,0,0,0,0,-268000,0,0,0,493000,761000,-268000,-268000
051066,台積電國票96購02,0,0,0,0,0,0,0,0,0,-269000,0,0,0,403000,672000,-269000,-269000
055454,華邦電元富97購02,0,0,0,0,0,0,0,0,0,-269000,0,0,0,309000,578000,-269000,-269000
053269,同欣電群益96購01,0,0,0,0,0,0,0,0,0,-269000,0,0,0,49000,318000,-269000,-269000
058097,台灣50國泰99購01,0,0,0,0,0,0,0,0,0,-269000,0,0,0,30000,299000,-269000,-269000
056501,貿聯富邦99購01  ,0,0,0,0,0,0,0,0,0,-270000,0,0,0,50000,320000,-270000,-270000
055871,群創台新97購02  ,0,0,0,0,0,0,0,0,0,-270000,0,0,0,0,270000,-270000,-270000
057361,元油2X元大98購11,0,0,0,0,0,0,0,0,0,-270000,0,0,0,0,270000,-270000,-270000
049011,元油2X群益94購01,0,0,0,0,0,0,0,0,0,-270000,0,0,0,0,270000,-270000,-270000
038489,T50反1台新9A購01,0,0,0,0,0,0,0,0,0,-270000,0,0,0,0,270000,-270000,-270000
053282,彩晶元大9C購01  ,0,0,0,0,0,0,0,0,0,-270000,0,0,0,5000,275000,-270000,-270000
05295P,緯創凱基95售01  ,0,0,0,0,0,0,0,0,0,-270000,0,0,0,63000,333000,-270000,-270000
054173,奇力新台新97購02,0,0,0,0,0,0,0,0,0,-270000,0,0,0,38000,308000,-270000,-270000
054473,鴻海中信96購02  ,0,0,0,0,0,0,0,0,0,-270000,0,0,0,210000,480000,-270000,-270000
054488,禾伸堂台新96購01,0,0,0,0,0,0,0,0,0,-270000,0,0,0,190000,460000,-270000,-270000
057627,和大永豐98購01  ,0,0,0,0,0,0,0,0,0,-271000,0,0,0,58000,329000,-271000,-271000
056010,力成中信97購01  ,0,0,0,0,0,0,0,0,0,-271000,0,0,0,50000,321000,-271000,-271000
055672,國巨日盛97購02  ,0,0,0,0,0,0,0,0,0,-271000,0,0,0,1025000,1296000,-271000,-271000
051101,台表科元大96購02,0,0,0,0,0,0,0,0,0,-271000,0,0,0,100000,371000,-271000,-271000
055172,凱美統一97購02  ,0,0,0,0,0,0,0,0,0,-271000,0,0,0,0,271000,-271000,-271000
053594,京鼎元大96購02  ,0,0,0,0,0,0,0,0,0,-271000,0,0,0,10000,281000,-271000,-271000
056091,百和統一97購01  ,0,0,0,0,0,0,0,0,0,-272000,0,0,0,0,272000,-272000,-272000
056893,智邦元大98購02  ,0,0,0,0,0,0,0,0,0,-272000,0,0,0,126000,398000,-272000,-272000
056422,全新統一98購02  ,0,0,0,0,0,0,0,0,0,-273000,0,0,0,148000,421000,-273000,-273000
048893,南電元富94購01  ,0,0,0,0,0,0,0,0,0,-273000,0,0,0,6000,279000,-273000,-273000
053268,日月光群益96購01,0,0,0,0,0,0,0,0,0,-273000,0,0,0,10000,283000,-273000,-273000
055388,華通統一97購03  ,0,0,0,0,0,0,0,0,0,-273000,0,0,0,50000,323000,-273000,-273000
055265,玉晶光永豐98購03,0,0,0,0,0,0,0,0,0,-273000,0,0,0,0,273000,-273000,-273000
054694,聯鈞永豐97購01  ,0,0,0,0,0,0,0,0,0,-273000,0,0,0,36000,309000,-273000,-273000
054783,國巨群益98購04  ,0,0,0,0,0,0,0,0,0,-273000,0,0,0,48000,321000,-273000,-273000
052467,嘉聯益統一96購01,0,0,0,0,0,0,0,0,0,-274000,0,0,0,0,274000,-274000,-274000
049762,華邦電國泰95購01,0,0,0,0,0,0,0,0,0,-274000,0,0,0,22000,296000,-274000,-274000
055276,台積電元大97購20,0,0,0,0,0,0,0,0,0,-274000,0,0,0,20000,294000,-274000,-274000
055338,GIS兆豐97購01   ,0,0,0,0,0,0,0,0,0,-274000,0,0,0,0,274000,-274000,-274000
053212,友達凱基99購04  ,0,0,0,0,0,0,0,0,0,-274000,0,0,0,0,274000,-274000,-274000
055488,華邦電元大98購01,0,0,0,0,0,0,0,0,0,-275000,0,0,0,14000,289000,-275000,-275000
057262,友達兆豐98購03  ,0,0,0,0,0,0,0,0,0,-275000,0,0,0,0,275000,-275000,-275000
053797,台積電中信98購01,0,0,0,0,0,0,0,0,0,-275000,0,0,0,0,275000,-275000,-275000
054009,欣興元富96購03  ,0,0,0,0,0,0,0,0,0,-275000,0,0,0,28000,303000,-275000,-275000
056448,全新凱基99購01  ,0,0,0,0,0,0,0,0,0,-276000,0,0,0,88000,364000,-276000,-276000
052532,台積電國泰96購07,0,0,0,0,0,0,0,0,0,-276000,0,0,0,35000,311000,-276000,-276000
058055,華擎統一9A購01  ,0,0,0,0,0,0,0,0,0,-276000,0,0,0,108000,384000,-276000,-276000
056758,元石油元大98購02,0,0,0,0,0,0,0,0,0,-277000,0,0,0,0,277000,-277000,-277000
048744,儒鴻元富97購01  ,0,0,0,0,0,0,0,0,0,-277000,0,0,0,23000,300000,-277000,-277000
054127,台積電元大96購21,0,0,0,0,0,0,0,0,0,-277000,0,0,0,1123000,1400000,-277000,-277000
055124,建準兆豐97購01  ,0,0,0,0,0,0,0,0,0,-277000,0,0,0,0,277000,-277000,-277000
056482,貿聯元大99購01  ,0,0,0,0,0,0,0,0,0,-278000,0,0,0,0,278000,-278000,-278000
051024,南亞科統一95購01,0,0,0,0,0,0,0,0,0,-278000,0,0,0,5000,283000,-278000,-278000
050088,禾伸堂台新94購01,0,0,0,0,0,0,0,0,0,-278000,0,0,0,0,278000,-278000,-278000
053295,奇力新中信96購01,0,0,0,0,0,0,0,0,0,-278000,0,0,0,185000,463000,-278000,-278000
055489,瑞昱元大97購02  ,0,0,0,0,0,0,0,0,0,-279000,0,0,0,260000,539000,-279000,-279000
055493,華新科元大97購09,0,0,0,0,0,0,0,0,0,-279000,0,0,0,149000,428000,-279000,-279000
052006,康友富邦98購01  ,0,0,0,0,0,0,0,0,0,-279000,0,0,0,10000,289000,-279000,-279000
053738,群創麥證96購01  ,0,0,0,14000,293000,-279000,0,0,0,-279000,0,0,0,14000,293000,-279000,-279000
06660P,大立光富邦9B售03,0,0,0,0,0,0,0,0,0,-279000,0,0,0,37000,316000,-279000,-279000
056345,嘉聯益凱基99購01,0,0,0,0,0,0,0,0,0,-280000,0,0,0,20000,300000,-280000,-280000
056222,台積電凱基9A購01,0,0,0,0,0,0,0,0,0,-280000,0,0,0,5000,285000,-280000,-280000
057230,建準凱基98購02  ,0,0,0,0,0,0,0,0,0,-280000,0,0,0,0,280000,-280000,-280000
052029,矽力群益95購02  ,0,0,0,0,0,0,0,0,0,-280000,0,0,0,0,280000,-280000,-280000
050561,上証2X元富97購01,0,0,0,0,0,0,0,0,0,-280000,0,0,0,0,280000,-280000,-280000
052298,易華電國票96購01,0,0,0,0,0,0,0,0,0,-280000,0,0,0,0,280000,-280000,-280000
051188,鴻海兆豐95購01  ,0,0,0,0,0,0,0,0,0,-280000,0,0,0,0,280000,-280000,-280000
054247,華邦電元大96購04,0,0,0,0,0,0,0,0,0,-280000,0,0,0,20000,300000,-280000,-280000
05005P,台表科統一95售01,0,0,0,0,0,0,0,0,0,-281000,0,0,0,90000,371000,-281000,-281000
054944,精元元大97購01  ,0,0,0,0,0,0,0,0,0,-281000,0,0,0,0,281000,-281000,-281000
056424,泰碩統一98購01  ,0,0,0,0,0,0,0,0,0,-282000,0,0,0,81000,363000,-282000,-282000
044299,南電凱基93購02  ,0,0,0,0,0,0,0,0,0,-282000,0,0,0,50000,332000,-282000,-282000
051488,健策凱基96購04  ,0,0,0,0,0,0,0,0,0,-282000,0,0,0,79000,361000,-282000,-282000
5534,長虹            ,345000,641000,-296000,0,0,0,2000,2000,0,14000,14000,0,14000,0,0,0,-282000
056850,彩晶元富99購01  ,0,0,0,0,0,0,0,0,0,-283000,0,0,0,0,283000,-283000,-283000
047482,新光金凱基99購03,0,0,0,0,0,0,0,0,0,-283000,0,0,0,0,283000,-283000,-283000
057712,南亞科統一9A購01,0,0,0,0,0,0,0,0,0,-284000,0,0,0,48000,332000,-284000,-284000
045189,大立光元富98購01,0,0,0,0,0,0,0,0,0,-284000,0,0,0,99000,383000,-284000,-284000
044927,聯詠國泰94購01  ,0,0,0,0,0,0,0,0,0,-284000,0,0,0,74000,358000,-284000,-284000
06652P,長榮航元大98售01,0,0,0,0,0,0,0,0,0,-284000,0,0,0,121000,405000,-284000,-284000
056849,瀚宇博元富98購01,0,0,0,0,0,0,0,0,0,-285000,0,0,0,33000,318000,-285000,-285000
056072,群創元大97購01  ,0,0,0,0,0,0,0,0,0,-285000,0,0,0,0,285000,-285000,-285000
03656C,臺股指凱基99牛12,0,0,0,0,0,0,0,0,0,-285000,0,0,0,20000,305000,-285000,-285000
048611,宏達電凱基93購04,0,0,0,0,0,0,0,0,0,-285000,0,0,0,0,285000,-285000,-285000
048588,世紀鋼中信94購01,0,0,0,0,0,0,0,0,0,-285000,0,0,0,2000,287000,-285000,-285000
049721,晶技凱基94購02  ,0,0,0,0,0,0,0,0,0,-285000,0,0,0,322000,607000,-285000,-285000
053488,中石化兆豐97購01,0,0,0,0,0,0,0,0,0,-285000,0,0,0,0,285000,-285000,-285000
053125,宏達電凱基96購01,0,0,0,0,0,0,0,0,0,-285000,0,0,0,146000,431000,-285000,-285000
052911,友達統一97購02  ,0,0,0,0,0,0,0,0,0,-286000,0,0,0,0,286000,-286000,-286000
054192,國巨中信98購01  ,0,0,0,0,0,0,0,0,0,-286000,0,0,0,115000,401000,-286000,-286000
054711,禾伸堂元富97購01,0,0,0,0,0,0,0,0,0,-286000,0,0,0,0,286000,-286000,-286000
055986,祥碩元富97購01  ,0,0,0,0,0,0,0,0,0,-287000,0,0,0,22000,309000,-287000,-287000
051561,玉晶光國泰97購04,0,0,0,0,0,0,0,0,0,-287000,0,0,0,44000,331000,-287000,-287000
046573,上緯控國泰94購01,0,0,0,0,0,0,0,0,0,-287000,0,0,0,6000,293000,-287000,-287000
055432,臻鼎群益97購02  ,0,0,0,0,0,0,0,0,0,-287000,0,0,0,40000,327000,-287000,-287000
055470,南亞科凱基97購01,0,0,0,0,0,0,0,0,0,-287000,0,0,0,88000,375000,-287000,-287000
057895,全新元富9B購01  ,0,0,0,0,0,0,0,0,0,-287000,0,0,0,7000,294000,-287000,-287000
056934,國巨元富98購04  ,0,0,0,0,0,0,0,0,0,-288000,0,0,0,50000,338000,-288000,-288000
048852,旺宏群益96購02  ,0,0,0,0,0,0,0,0,0,-288000,0,0,0,2000,290000,-288000,-288000
055234,昇陽半國票98購02,0,0,0,0,0,0,0,0,0,-288000,0,0,0,90000,378000,-288000,-288000
057946,晶相光國票99購01,0,0,0,0,0,0,0,0,0,-288000,0,0,0,449000,737000,-288000,-288000
056615,燿華永豐98購02  ,0,0,0,0,0,0,0,0,0,-289000,0,0,0,47000,336000,-289000,-289000
046645,技嘉國泰94購01  ,0,0,0,0,0,0,0,0,0,-289000,0,0,0,64000,353000,-289000,-289000
055245,凱美統一99購01  ,0,0,0,0,0,0,0,0,0,-289000,0,0,0,0,289000,-289000,-289000
052855,群創日盛99購01  ,0,0,0,0,0,0,0,0,0,-289000,0,0,0,0,289000,-289000,-289000
053501,明泰兆豐96購01  ,0,0,0,0,0,0,0,0,0,-289000,0,0,0,0,289000,-289000,-289000
057458,TPK富邦9A購01   ,0,0,0,0,0,0,0,0,0,-290000,0,0,0,0,290000,-290000,-290000
049017,旺宏群益96購03  ,0,0,0,0,0,0,0,0,0,-290000,0,0,0,17000,307000,-290000,-290000
049459,全新元富95購02  ,0,0,0,0,0,0,0,0,0,-290000,0,0,0,10000,300000,-290000,-290000
056813,聯茂統一99購01  ,0,0,0,0,0,0,0,0,0,-291000,0,0,0,0,291000,-291000,-291000
055512,聯詠兆豐97購01  ,0,0,0,0,0,0,0,0,0,-291000,0,0,0,0,291000,-291000,-291000
053242,聯電國票96購04  ,0,0,0,0,0,0,0,0,0,-291000,0,0,0,29000,320000,-291000,-291000
055415,禾伸堂富邦9B購01,0,0,0,0,0,0,0,0,0,-291000,0,0,0,50000,341000,-291000,-291000
054821,貿聯元大9A購01  ,0,0,0,0,0,0,0,0,0,-291000,0,0,0,25000,316000,-291000,-291000
055928,南亞科群益97購02,0,0,0,0,0,0,0,0,0,-292000,0,0,0,11000,303000,-292000,-292000
057615,元油2X凱基98購02,0,0,0,0,0,0,0,0,0,-292000,0,0,0,0,292000,-292000,-292000
047780,友達中信96購01  ,0,0,0,0,0,0,0,0,0,-292000,0,0,0,179000,471000,-292000,-292000
051147,南亞科凱基95購05,0,0,0,0,0,0,0,0,0,-292000,0,0,0,10000,302000,-292000,-292000
052753,電子類元大96購02,0,0,0,0,0,0,0,0,0,-292000,0,0,0,86000,378000,-292000,-292000
05901P,臺股指凱基9C售01,0,0,0,0,0,0,0,0,0,-292000,0,0,0,280000,572000,-292000,-292000
056874,友達凱基98購08  ,0,0,0,0,0,0,0,0,0,-293000,0,0,0,0,293000,-293000,-293000
057043,台積電元大99購02,0,0,0,0,0,0,0,0,0,-293000,0,0,0,454000,747000,-293000,-293000
056110,嘉聯益永豐97購02,0,0,0,0,0,0,0,0,0,-293000,0,0,0,21000,314000,-293000,-293000
050393,樺漢統一94購01  ,0,0,0,0,0,0,0,0,0,-293000,0,0,0,0,293000,-293000,-293000
052367,聯茂國票96購02  ,0,0,0,0,0,0,0,0,0,-293000,0,0,0,11000,304000,-293000,-293000
054288,華邦電元大96購05,0,0,0,0,0,0,0,0,0,-293000,0,0,0,19000,312000,-293000,-293000
053965,聯電元大98購04  ,0,0,0,0,0,0,0,0,0,-293000,0,0,0,10000,303000,-293000,-293000
058029,台灣50永豐9A購01,0,0,0,0,0,0,0,0,0,-293000,0,0,0,0,293000,-293000,-293000
048841,聯茂凱基94購06  ,0,0,0,0,0,0,0,0,0,-294000,0,0,0,0,294000,-294000,-294000
057259,台積電兆豐98購03,0,0,0,0,0,0,0,0,0,-295000,0,0,0,572000,867000,-295000,-295000
056799,群創麥證98購01  ,0,0,0,10000,305000,-295000,0,0,0,-295000,0,0,0,10000,305000,-295000,-295000
053192,創意統一96購01  ,0,0,0,0,0,0,0,0,0,-295000,0,0,0,0,295000,-295000,-295000
050705,南電凱基96購01  ,0,0,0,0,0,0,0,0,0,-296000,0,0,0,50000,346000,-296000,-296000
053387,緯創元大97購01  ,0,0,0,0,0,0,0,0,0,-296000,0,0,0,4000,300000,-296000,-296000
057296,智原永豐98購01  ,0,0,0,0,0,0,0,0,0,-297000,0,0,0,10000,307000,-297000,-297000
055896,南電統一97購02  ,0,0,0,0,0,0,0,0,0,-297000,0,0,0,125000,422000,-297000,-297000
06098P,T50反1日盛97售02,0,0,0,0,0,0,0,0,0,-297000,0,0,0,0,297000,-297000,-297000
056271,嘉澤統一97購01  ,0,0,0,0,0,0,0,0,0,-298000,0,0,0,28000,326000,-298000,-298000
056707,鴻海富邦99購03  ,0,0,0,0,0,0,0,0,0,-298000,0,0,0,19000,317000,-298000,-298000
045070,全新元大93購02  ,0,0,0,0,0,0,0,0,0,-298000,0,0,0,0,298000,-298000,-298000
051742,欣興國票96購01  ,0,0,0,0,0,0,0,0,0,-299000,0,0,0,0,299000,-299000,-299000
050772,美食元大94購06  ,0,0,0,0,0,0,0,0,0,-299000,0,0,0,0,299000,-299000,-299000
049923,智原元大95購02  ,0,0,0,0,0,0,0,0,0,-299000,0,0,0,0,299000,-299000,-299000
053107,旺宏兆豐97購01  ,0,0,0,0,0,0,0,0,0,-299000,0,0,0,0,299000,-299000,-299000
054477,聯發科中信9C購02,0,0,0,0,0,0,0,0,0,-299000,0,0,0,0,299000,-299000,-299000
06594P,立積元大98售01  ,0,0,0,0,0,0,0,0,0,-299000,0,0,0,50000,349000,-299000,-299000
057757,鴻海凱基98購13  ,0,0,0,0,0,0,0,0,0,-300000,0,0,0,46000,346000,-300000,-300000
055851,智原元大98購01  ,0,0,0,0,0,0,0,0,0,-300000,0,0,0,111000,411000,-300000,-300000
051159,力山元大96購01  ,0,0,0,0,0,0,0,0,0,-300000,0,0,0,0,300000,-300000,-300000
050195,上海銀元大94購03,0,0,0,0,0,0,0,0,0,-300000,0,0,0,0,300000,-300000,-300000
050177,聯發科元大94購11,0,0,0,0,0,0,0,0,0,-300000,0,0,0,31000,331000,-300000,-300000
050424,鴻海凱基96購03  ,0,0,0,0,0,0,0,0,0,-300000,0,0,0,100000,400000,-300000,-300000
049301,致新群益95購01  ,0,0,0,0,0,0,0,0,0,-300000,0,0,0,0,300000,-300000,-300000
05864P,元油反元大96售07,0,0,0,0,0,0,0,0,0,-300000,0,0,0,0,300000,-300000,-300000
055691,訊芯凱基97購02  ,0,0,0,0,0,0,0,0,0,-301000,0,0,0,0,301000,-301000,-301000
056436,台積電凱基98購10,0,0,0,0,0,0,0,0,0,-301000,0,0,0,395000,696000,-301000,-301000
057846,神達永豐98購01  ,0,0,0,0,0,0,0,0,0,-301000,0,0,0,98000,399000,-301000,-301000
049003,智邦中信95購01  ,0,0,0,0,0,0,0,0,0,-301000,0,0,0,0,301000,-301000,-301000
054504,聯鈞永豐96購01  ,0,0,0,0,0,0,0,0,0,-301000,0,0,0,27000,328000,-301000,-301000
054343,世紀鋼元富96購02,0,0,0,0,0,0,0,0,0,-301000,0,0,0,114000,415000,-301000,-301000
06572P,台積電永昌99售01,0,0,0,0,0,0,0,0,0,-301000,0,0,0,3518000,3819000,-301000,-301000
057158,義隆永豐99購01  ,0,0,0,0,0,0,0,0,0,-302000,0,0,0,0,302000,-302000,-302000
055534,晶技群益97購03  ,0,0,0,0,0,0,0,0,0,-302000,0,0,0,188000,490000,-302000,-302000
053496,義隆兆豐96購02  ,0,0,0,0,0,0,0,0,0,-302000,0,0,0,0,302000,-302000,-302000
053464,喬山元大96購01  ,0,0,0,0,0,0,0,0,0,-302000,0,0,0,99000,401000,-302000,-302000
054108,台積電凱基96購22,0,0,0,0,0,0,0,0,0,-302000,0,0,0,17000,319000,-302000,-302000
047604,智原國泰95購01  ,0,0,0,0,0,0,0,0,0,-303000,0,0,0,0,303000,-303000,-303000
056473,奇力新元大99購02,0,0,0,0,0,0,0,0,0,-304000,0,0,0,25000,329000,-304000,-304000
056862,聯發科群益98購03,0,0,0,0,0,0,0,0,0,-304000,0,0,0,1118000,1422000,-304000,-304000
057315,台灣50康和9A購03,0,0,0,0,0,0,0,0,0,-304000,0,0,0,0,304000,-304000,-304000
04479P,同欣電中信96售02,0,0,0,0,0,0,0,0,0,-304000,0,0,0,0,304000,-304000,-304000
051700,深中小群益99購04,0,0,0,0,0,0,0,0,0,-304000,0,0,0,111000,415000,-304000,-304000
053601,台表科元大98購01,0,0,0,0,0,0,0,0,0,-304000,0,0,0,20000,324000,-304000,-304000
06200P,聯發科元大97售18,0,0,0,0,0,0,0,0,0,-304000,0,0,0,27000,331000,-304000,-304000
2615,萬海            ,513000,914918,-401918,0,0,0,13000,0,13000,84000,84000,0,84000,0,0,0,-304918
053917,友達國票97購03  ,0,0,0,0,0,0,0,0,0,-305000,0,0,0,75000,380000,-305000,-305000
054814,台積電元大97購13,0,0,0,0,0,0,0,0,0,-305000,0,0,0,1456000,1761000,-305000,-305000
057727,華邦電國泰9A購01,0,0,0,0,0,0,0,0,0,-306000,0,0,0,45000,351000,-306000,-306000
056269,新日興統一98購01,0,0,0,0,0,0,0,0,0,-306000,0,0,0,116000,422000,-306000,-306000
055876,美食元富9A購01  ,0,0,0,0,0,0,0,0,0,-306000,0,0,0,33000,339000,-306000,-306000
049067,元油2X凱基94購02,0,0,0,0,0,0,0,0,0,-306000,0,0,0,0,306000,-306000,-306000
053509,華新群益98購01  ,0,0,0,0,0,0,0,0,0,-306000,0,0,0,109000,415000,-306000,-306000
057588,南亞科國票99購01,0,0,0,0,0,0,0,0,0,-307000,0,0,0,0,307000,-307000,-307000
046268,嘉晶凱基93購02  ,0,0,0,0,0,0,0,0,0,-308000,0,0,0,10000,318000,-308000,-308000
049438,嘉晶國泰96購01  ,0,0,0,0,0,0,0,0,0,-308000,0,0,0,88000,396000,-308000,-308000
051027,楠梓電元富95購01,0,0,0,0,0,0,0,0,0,-308000,0,0,0,80000,388000,-308000,-308000
054960,新日興元大97購02,0,0,0,0,0,0,0,0,0,-308000,0,0,0,56000,364000,-308000,-308000
056866,矽創群益98購03  ,0,0,0,0,0,0,0,0,0,-309000,0,0,0,22000,331000,-309000,-309000
056994,緯穎兆豐98購02  ,0,0,0,0,0,0,0,0,0,-309000,0,0,0,24000,333000,-309000,-309000
00762,元大全球AI      ,0,0,0,0,0,0,0,0,0,-309000,0,0,0,345000,654000,-309000,-309000
051771,上銀中信95購01  ,0,0,0,0,0,0,0,0,0,-309000,0,0,0,232000,541000,-309000,-309000
056939,康控元富98購01  ,0,0,0,0,0,0,0,0,0,-310000,0,0,0,58000,368000,-310000,-310000
050975,楠梓電統一95購01,0,0,0,0,0,0,0,0,0,-310000,0,0,0,0,310000,-310000,-310000
051195,台郡中信95購01  ,0,0,0,0,0,0,0,0,0,-310000,0,0,0,6000,316000,-310000,-310000
051277,聯發科中信9A購01,0,0,0,0,0,0,0,0,0,-310000,0,0,0,360000,670000,-310000,-310000
050439,新日興凱基94購01,0,0,0,0,0,0,0,0,0,-310000,0,0,0,39000,349000,-310000,-310000
055367,台積電元大97購23,0,0,0,0,0,0,0,0,0,-310000,0,0,0,289000,599000,-310000,-310000
054795,合勤控群益98購01,0,0,0,0,0,0,0,0,0,-310000,0,0,0,0,310000,-310000,-310000
05483P,國巨凱基95售07  ,0,0,0,0,0,0,0,0,0,-310000,0,0,0,0,310000,-310000,-310000
1477,聚陽            ,325000,703350,-378350,0,0,0,0,0,0,68000,71000,15000,56000,14000,2000,12000,-310350
057087,台郡統一99購01  ,0,0,0,0,0,0,0,0,0,-311000,0,0,0,100000,411000,-311000,-311000
048261,鴻海元富95購01  ,0,0,0,0,0,0,0,0,0,-311000,0,0,0,133000,444000,-311000,-311000
06879P,長榮航凱基98售02,0,0,0,0,0,0,0,0,0,-311000,0,0,0,0,311000,-311000,-311000
057263,可成兆豐99購01  ,0,0,0,0,0,0,0,0,0,-312000,0,0,0,123000,435000,-312000,-312000
049300,南電群益94購01  ,0,0,0,0,0,0,0,0,0,-312000,0,0,0,11000,323000,-312000,-312000
054665,華通元富97購02  ,0,0,0,0,0,0,0,0,0,-312000,0,0,0,30000,342000,-312000,-312000
054568,訊芯群益97購01  ,0,0,0,0,0,0,0,0,0,-312000,0,0,0,0,312000,-312000,-312000
053942,超眾國泰96購02  ,0,0,0,0,0,0,0,0,0,-312000,0,0,0,40000,352000,-312000,-312000
053997,健策群益97購02  ,0,0,0,0,0,0,0,0,0,-312000,0,0,0,106000,418000,-312000,-312000
057739,新日興富邦9B購01,0,0,0,0,0,0,0,0,0,-313000,0,0,0,98000,411000,-313000,-313000
056423,奇鋐統一98購01  ,0,0,0,0,0,0,0,0,0,-313000,0,0,0,15000,328000,-313000,-313000
00710B,FH彭博高收益債  ,0,0,0,0,0,0,0,0,0,-313000,0,0,0,40000,353000,-313000,-313000
049843,康友中信95購01  ,0,0,0,0,0,0,0,0,0,-313000,0,0,0,38000,351000,-313000,-313000
054571,楠梓電元大99購01,0,0,0,0,0,0,0,0,0,-313000,0,0,0,22000,335000,-313000,-313000
058080,台積電群益98購06,0,0,0,0,0,0,0,0,0,-313000,0,0,0,363000,676000,-313000,-313000
057269,鈺齊兆豐98購01  ,0,0,0,0,0,0,0,0,0,-315000,0,0,0,10000,325000,-315000,-315000
052380,臺股指元大95購21,0,0,0,0,0,0,0,0,0,-315000,0,0,0,0,315000,-315000,-315000
047850,彩晶統一94購01  ,0,0,0,0,0,0,0,0,0,-317000,0,0,0,0,317000,-317000,-317000
054427,潤泰全富邦97購01,0,0,0,0,0,0,0,0,0,-317000,0,0,0,358000,675000,-317000,-317000
057620,康控凱基99購01  ,0,0,0,0,0,0,0,0,0,-318000,0,0,0,329000,647000,-318000,-318000
055616,智原國票97購03  ,0,0,0,0,0,0,0,0,0,-318000,0,0,0,0,318000,-318000,-318000
051231,健策群益97購01  ,0,0,0,0,0,0,0,0,0,-318000,0,0,0,209000,527000,-318000,-318000
050934,喬山國票96購01  ,0,0,0,0,0,0,0,0,0,-319000,0,0,0,0,319000,-319000,-319000
052327,聯詠中信95購03  ,0,0,0,0,0,0,0,0,0,-319000,0,0,0,150000,469000,-319000,-319000
055890,鴻海統一99購01  ,0,0,0,0,0,0,0,0,0,-320000,0,0,0,48000,368000,-320000,-320000
054462,旺宏凱基96購08  ,0,0,0,0,0,0,0,0,0,-321000,0,0,0,120000,441000,-321000,-321000
053261,國巨群益96購05  ,0,0,0,0,0,0,0,0,0,-321000,0,0,0,131000,452000,-321000,-321000
057669,嘉晶元大99購03  ,0,0,0,0,0,0,0,0,0,-322000,0,0,0,26000,348000,-322000,-322000
057511,健策統一98購02  ,0,0,0,0,0,0,0,0,0,-322000,0,0,0,96000,418000,-322000,-322000
056962,技嘉永豐98購01  ,0,0,0,0,0,0,0,0,0,-322000,0,0,0,14000,336000,-322000,-322000
056704,健策國泰99購01  ,0,0,0,0,0,0,0,0,0,-322000,0,0,0,91000,413000,-322000,-322000
052961,國巨凱基97購02  ,0,0,0,0,0,0,0,0,0,-322000,0,0,0,39000,361000,-322000,-322000
056598,京元電元富98購01,0,0,0,0,0,0,0,0,0,-323000,0,0,0,0,323000,-323000,-323000
048073,南電元富93購02  ,0,0,0,0,0,0,0,0,0,-323000,0,0,0,1000,324000,-323000,-323000
044875,玉晶光統一93購01,0,0,0,0,0,0,0,0,0,-323000,0,0,0,0,323000,-323000,-323000
051150,宏達電凱基95購02,0,0,0,0,0,0,0,0,0,-323000,0,0,0,170000,493000,-323000,-323000
054993,南亞科元富97購03,0,0,0,0,0,0,0,0,0,-324000,0,0,0,0,324000,-324000,-324000
055825,臺股指國票97購12,0,0,0,0,0,0,0,0,0,-325000,0,0,0,40000,365000,-325000,-325000
055186,正文統一97購01  ,0,0,0,0,0,0,0,0,0,-325000,0,0,0,48000,373000,-325000,-325000
053096,康控統一96購01  ,0,0,0,0,0,0,0,0,0,-325000,0,0,0,48000,373000,-325000,-325000
054001,康友群益96購02  ,0,0,0,0,0,0,0,0,0,-325000,0,0,0,17000,342000,-325000,-325000
055802,新日興永豐97購01,0,0,0,0,0,0,0,0,0,-326000,0,0,0,0,326000,-326000,-326000
056706,元油2X富邦9B購01,0,0,0,0,0,0,0,0,0,-326000,0,0,0,0,326000,-326000,-326000
051755,台積電元大96購08,0,0,0,0,0,0,0,0,0,-326000,0,0,0,151000,477000,-326000,-326000
055940,致新群益98購01  ,0,0,0,0,0,0,0,0,0,-327000,0,0,0,21000,348000,-327000,-327000
052205,台積電中信95購09,0,0,0,0,0,0,0,0,0,-327000,0,0,0,132000,459000,-327000,-327000
054589,聯鈞國泰99購01  ,0,0,0,0,0,0,0,0,0,-328000,0,0,0,130000,458000,-328000,-328000
056083,億光統一97購03  ,0,0,0,0,0,0,0,0,0,-329000,0,0,0,48000,377000,-329000,-329000
057644,奇力新元大98購04,0,0,0,0,0,0,0,0,0,-329000,0,0,0,0,329000,-329000,-329000
056996,矽力日盛99購01  ,0,0,0,0,0,0,0,0,0,-331000,0,0,0,3000,334000,-331000,-331000
050603,致新國泰96購01  ,0,0,0,0,0,0,0,0,0,-331000,0,0,0,0,331000,-331000,-331000
055261,帆宣統一98購01  ,0,0,0,0,0,0,0,0,0,-331000,0,0,0,2000,333000,-331000,-331000
055048,台積電永豐97購04,0,0,0,0,0,0,0,0,0,-333000,0,0,0,310000,643000,-333000,-333000
053625,國巨兆豐96購03  ,0,0,0,0,0,0,0,0,0,-333000,0,0,0,78000,411000,-333000,-333000
046906,新光金凱基99購02,0,0,0,0,0,0,0,0,0,-334000,0,0,0,0,334000,-334000,-334000
049150,新光金元大96購01,0,0,0,0,0,0,0,0,0,-334000,0,0,0,0,334000,-334000,-334000
054055,全新國票99購02  ,0,0,0,0,0,0,0,0,0,-334000,0,0,0,30000,364000,-334000,-334000
054128,台積電元大97購10,0,0,0,0,0,0,0,0,0,-334000,0,0,0,0,334000,-334000,-334000
055039,神達富邦99購01  ,0,0,0,0,0,0,0,0,0,-334000,0,0,0,6000,340000,-334000,-334000
044465,元油2X群益97購01,0,0,0,0,0,0,0,0,0,-335000,0,0,0,0,335000,-335000,-335000
04206P,臺股指元大93售46,0,0,0,0,0,0,0,0,0,-335000,0,0,0,155000,490000,-335000,-335000
048205,臺股指元大93購39,0,0,0,0,0,0,0,0,0,-335000,0,0,0,67000,402000,-335000,-335000
052022,南電永豐95購03  ,0,0,0,0,0,0,0,0,0,-335000,0,0,0,0,335000,-335000,-335000
056792,訊芯群益98購01  ,0,0,0,0,0,0,0,0,0,-336000,0,0,0,21000,357000,-336000,-336000
057192,力成元大98購01  ,0,0,0,0,0,0,0,0,0,-336000,0,0,0,0,336000,-336000,-336000
057546,台積電凱基02購01,0,0,0,0,0,0,0,0,0,-336000,0,0,0,205000,541000,-336000,-336000
051971,元金2X凱基97購02,0,0,0,0,0,0,0,0,0,-336000,0,0,0,831000,1167000,-336000,-336000
052917,大立光富邦99購02,0,0,0,0,0,0,0,0,0,-336000,0,0,0,210000,546000,-336000,-336000
051158,嘉晶富邦96購01  ,0,0,0,0,0,0,0,0,0,-337000,0,0,0,270000,607000,-337000,-337000
053641,正文永豐96購01  ,0,0,0,0,0,0,0,0,0,-337000,0,0,0,42000,379000,-337000,-337000
055120,南港兆豐97購01  ,0,0,0,0,0,0,0,0,0,-337000,0,0,0,2000,339000,-337000,-337000
046962,群創中信95購03  ,0,0,0,0,0,0,0,0,0,-338000,0,0,0,38000,376000,-338000,-338000
05598P,國巨元富96售03  ,0,0,0,0,0,0,0,0,0,-339000,0,0,0,94000,433000,-339000,-339000
047975,緯創兆豐93購01  ,0,0,0,0,0,0,0,0,0,-339000,0,0,0,120000,459000,-339000,-339000
051142,臺股指永豐95購02,0,0,0,0,0,0,0,0,0,-339000,0,0,0,27000,366000,-339000,-339000
050451,嘉晶元大95購01  ,0,0,0,0,0,0,0,0,0,-339000,0,0,0,301000,640000,-339000,-339000
2382,廣達            ,9380291,11001469,-1621178,0,0,0,118000,15000,103000,1179000,700000,42000,658000,524000,3000,521000,-339178
056146,台虹元大98購01  ,0,0,0,0,0,0,0,0,0,-340000,0,0,0,32000,372000,-340000,-340000
047408,嘉晶統一95購01  ,0,0,0,0,0,0,0,0,0,-340000,0,0,0,190000,530000,-340000,-340000
045428,彩晶凱基94購01  ,0,0,0,0,0,0,0,0,0,-340000,0,0,0,0,340000,-340000,-340000
050964,晶技永豐95購02  ,0,0,0,0,0,0,0,0,0,-340000,0,0,0,132000,472000,-340000,-340000
056161,康控凱基98購02  ,0,0,0,0,0,0,0,0,0,-342000,0,0,0,216000,558000,-342000,-342000
055378,晶相光元大97購02,0,0,0,0,0,0,0,0,0,-343000,0,0,0,23000,366000,-343000,-343000
057109,信邦群益98購01  ,0,0,0,0,0,0,0,0,0,-344000,0,0,0,10000,354000,-344000,-344000
045053,聯發科元富98購01,0,25000,-25000,0,0,0,0,0,0,-319000,0,0,0,234000,553000,-319000,-344000
051193,新日興兆豐96購01,0,0,0,0,0,0,0,0,0,-344000,0,0,0,104000,448000,-344000,-344000
054763,宏達電國票99購01,0,0,0,0,0,0,0,0,0,-344000,0,0,0,113000,457000,-344000,-344000
053071,南電群益96購01  ,0,0,0,0,0,0,0,0,0,-345000,0,0,0,160000,505000,-345000,-345000
048577,GIS國泰94購01   ,0,0,0,0,0,0,0,0,0,-346000,0,0,0,76000,422000,-346000,-346000
055063,玉晶光永豐99購01,0,0,0,0,0,0,0,0,0,-346000,0,0,0,300000,646000,-346000,-346000
056921,京元電兆豐98購01,0,0,0,0,0,0,0,0,0,-347000,0,0,0,0,347000,-347000,-347000
056620,華新科永豐98購02,0,0,0,0,0,0,0,0,0,-347000,0,0,0,104000,451000,-347000,-347000
048573,世紀鋼元大93購05,0,0,0,0,0,0,0,0,0,-347000,0,0,0,152000,499000,-347000,-347000
053455,台光電元富96購02,0,0,0,0,0,0,0,0,0,-347000,0,0,0,204000,551000,-347000,-347000
06516P,國巨凱基98售08  ,0,0,0,0,0,0,0,0,0,-347000,0,0,0,20000,367000,-347000,-347000
06496P,台灣50日盛98售01,0,0,0,0,0,0,0,0,0,-347000,0,0,0,1068000,1415000,-347000,-347000
056268,新日興統一97購01,0,0,0,0,0,0,0,0,0,-348000,0,0,0,48000,396000,-348000,-348000
056318,鴻海群益98購02  ,0,0,0,0,0,0,0,0,0,-348000,0,0,0,65000,413000,-348000,-348000
049108,玉晶光富邦96購02,0,0,0,0,0,0,0,0,0,-350000,0,0,0,112000,462000,-350000,-350000
03111P,元油2X富邦97售01,0,0,0,0,0,0,0,0,0,-350000,0,0,0,450000,800000,-350000,-350000
055201,興勤群益98購01  ,0,0,0,0,0,0,0,0,0,-350000,0,0,0,0,350000,-350000,-350000
057085,立積統一9B購02  ,0,0,0,0,0,0,0,0,0,-351000,0,0,0,40000,391000,-351000,-351000
055075,南電永豐97購01  ,0,0,0,0,0,0,0,0,0,-351000,0,0,0,88000,439000,-351000,-351000
048901,矽格國泰95購01  ,0,0,0,0,0,0,0,0,0,-352000,0,0,0,0,352000,-352000,-352000
051291,聯詠統一95購01  ,0,0,0,0,0,0,0,0,0,-353000,0,0,0,0,353000,-353000,-353000
056709,華通永豐98購01  ,0,0,0,0,0,0,0,0,0,-354000,0,0,0,14000,368000,-354000,-354000
052130,國巨凱基9B購01  ,0,0,0,0,0,0,0,0,0,-354000,0,0,0,198000,552000,-354000,-354000
049219,聯發科國票95購01,0,0,0,0,0,0,0,0,0,-354000,0,0,0,0,354000,-354000,-354000
056155,嘉晶凱基97購01  ,0,0,0,0,0,0,0,0,0,-355000,0,0,0,10000,365000,-355000,-355000
047248,奇鋐群益95購01  ,0,0,0,0,0,0,0,0,0,-355000,0,0,0,30000,385000,-355000,-355000
051734,台積電國票95購04,0,0,0,0,0,0,0,0,0,-356000,0,0,0,15000,371000,-356000,-356000
052004,泰碩國泰97購03  ,0,0,0,0,0,0,0,0,0,-356000,0,0,0,15000,371000,-356000,-356000
05306P,泰碩國泰97售01  ,0,0,0,0,0,0,0,0,0,-356000,0,0,0,289000,645000,-356000,-356000
050937,可成國票96購02  ,0,0,0,0,0,0,0,0,0,-357000,0,0,0,92000,449000,-357000,-357000
8464,億豐            ,545963,812278,-266315,0,0,0,1000,101000,-100000,9000,9000,0,9000,0,0,0,-357315
9919,康那香          ,760000,1116410,-356410,0,0,0,0,0,0,-1000,0,1000,-1000,0,0,0,-357410
056290,正文永豐98購01  ,0,0,0,0,0,0,0,0,0,-358000,0,0,0,0,358000,-358000,-358000
055303,鈺齊元大97購01  ,0,0,0,0,0,0,0,0,0,-358000,0,0,0,40000,398000,-358000,-358000
047454,滬深2X群益96購03,0,0,0,0,0,0,0,0,0,-359000,0,0,0,0,359000,-359000,-359000
052072,健策統一95購02  ,0,0,0,0,0,0,0,0,0,-359000,0,0,0,15000,374000,-359000,-359000
05823P,臺股指凱基96售20,0,0,0,0,0,0,0,0,0,-359000,0,0,0,16000,375000,-359000,-359000
050797,聯發科中信99購01,0,0,0,0,0,0,0,0,0,-360000,0,0,0,55000,415000,-360000,-360000
055190,華新科元富97購01,0,0,0,0,0,0,0,0,0,-360000,0,0,0,441000,801000,-360000,-360000
055518,華新科中信99購01,0,0,0,0,0,0,0,0,0,-361000,0,0,0,183000,544000,-361000,-361000
052271,力成日盛95購02  ,0,0,0,0,0,0,0,0,0,-361000,0,0,0,48000,409000,-361000,-361000
054756,世紀鋼凱基99購01,0,0,0,0,0,0,0,0,0,-361000,0,0,0,589000,950000,-361000,-361000
05550P,臺股指元大96售07,0,0,0,0,0,0,0,0,0,-362000,0,0,0,128000,490000,-362000,-362000
048178,上銀富邦95購02  ,0,0,0,0,0,0,0,0,0,-363000,0,0,0,35000,398000,-363000,-363000
055202,神達群益97購01  ,0,0,0,0,0,0,0,0,0,-363000,0,0,0,102000,465000,-363000,-363000
055300,緯穎元大98購01  ,0,0,0,0,0,0,0,0,0,-363000,0,0,0,108000,471000,-363000,-363000
056857,國巨群益99購02  ,0,0,0,0,0,0,0,0,0,-364000,0,0,0,15000,379000,-364000,-364000
053759,晶相光國泰98購01,0,0,0,0,0,0,0,0,0,-364000,0,0,0,229000,593000,-364000,-364000
057078,國巨統一9A購02  ,0,0,0,0,0,0,0,0,0,-365000,0,0,0,74000,439000,-365000,-365000
057062,立積國泰99購01  ,0,0,0,0,0,0,0,0,0,-365000,0,0,0,126000,491000,-365000,-365000
057396,健鼎中信99購01  ,0,0,0,0,0,0,0,0,0,-365000,0,0,0,0,365000,-365000,-365000
051816,臺股指凱基95購07,0,0,0,0,0,0,0,0,0,-365000,0,0,0,0,365000,-365000,-365000
053025,燿華富邦98購02  ,0,0,0,0,0,0,0,0,0,-365000,0,0,0,5000,370000,-365000,-365000
2458,義隆            ,848000,1312000,-464000,0,0,0,22000,62000,-40000,138000,83000,17000,66000,73000,1000,72000,-366000
049099,華新科國泰95購02,0,0,0,0,0,0,0,0,0,-367000,0,0,0,40000,407000,-367000,-367000
055535,緯創群益98購01  ,0,0,0,0,0,0,0,0,0,-368000,0,0,0,28000,396000,-368000,-368000
055908,GIS日盛97購01   ,0,0,0,0,0,0,0,0,0,-368000,0,0,0,90000,458000,-368000,-368000
051944,智邦統一95購02  ,0,0,0,0,0,0,0,0,0,-368000,0,0,0,119000,487000,-368000,-368000
055249,大毅統一99購01  ,0,0,0,0,0,0,0,0,0,-369000,0,0,0,11000,380000,-369000,-369000
055200,和大群益98購01  ,0,0,0,0,0,0,0,0,0,-369000,0,0,0,43000,412000,-369000,-369000
055579,健策統一9A購01  ,0,0,0,0,0,0,0,0,0,-371000,0,0,0,110000,481000,-371000,-371000
055696,華新科國票98購01,0,0,0,0,0,0,0,0,0,-371000,0,0,0,59000,430000,-371000,-371000
046602,新日興群益94購01,0,0,0,0,0,0,0,0,0,-372000,0,0,0,13000,385000,-372000,-372000
052827,昇陽半永豐97購01,0,0,0,0,0,0,0,0,0,-372000,0,0,0,18000,390000,-372000,-372000
055791,臺股指凱基97購14,0,0,0,0,0,0,0,0,0,-373000,0,0,0,4000,377000,-373000,-373000
057716,神達統一98購01  ,0,0,0,0,0,0,0,0,0,-373000,0,0,0,50000,423000,-373000,-373000
049236,元油2X元富96購06,0,0,0,0,0,0,0,0,0,-373000,0,0,0,46000,419000,-373000,-373000
057887,智原群益98購04  ,0,0,0,0,0,0,0,0,0,-373000,0,0,0,0,373000,-373000,-373000
056190,昇陽半統一97購01,0,0,0,0,0,0,0,0,0,-374000,0,0,0,5000,379000,-374000,-374000
049146,南亞科元大94購02,0,0,0,0,0,0,0,0,0,-374000,0,0,0,0,374000,-374000,-374000
03016P,滬深2X群益01售09,0,0,0,0,0,0,0,0,0,-374000,0,0,0,216000,590000,-374000,-374000
053111,緯創兆豐97購01  ,0,0,0,0,0,0,0,0,0,-374000,0,0,0,31000,405000,-374000,-374000
057402,嘉晶群益98購02  ,0,0,0,0,0,0,0,0,0,-375000,0,0,0,40000,415000,-375000,-375000
050044,聯詠兆豐94購02  ,0,0,0,0,0,0,0,0,0,-375000,0,0,0,0,375000,-375000,-375000
050804,和大日盛95購01  ,0,0,0,0,0,0,0,0,0,-375000,0,0,0,48000,423000,-375000,-375000
053147,楠梓電元大98購01,0,0,0,0,0,0,0,0,0,-375000,0,0,0,0,375000,-375000,-375000
053537,玉晶光永豐98購02,0,0,0,0,0,0,0,0,0,-375000,0,0,0,102000,477000,-375000,-375000
053528,南電中信9A購01  ,0,0,0,0,0,0,0,0,0,-375000,0,0,0,80000,455000,-375000,-375000
055195,昇陽半元富97購02,0,0,0,0,0,0,0,0,0,-375000,0,0,0,0,375000,-375000,-375000
052892,大成鋼群益96購01,0,0,0,0,0,0,0,0,0,-376000,0,0,0,34000,410000,-376000,-376000
06900P,FBVIX國票12售01 ,0,0,0,0,0,0,0,0,0,-376000,0,0,0,10000,386000,-376000,-376000
06790P,台積電凱基9A售04,0,0,0,0,0,0,0,0,0,-377000,0,0,0,120000,497000,-377000,-377000
047033,日月光中信95購01,0,0,0,0,0,0,0,0,0,-378000,0,0,0,96000,474000,-378000,-378000
048287,嘉晶兆豐94購01  ,0,0,0,0,0,0,0,0,0,-378000,0,0,0,0,378000,-378000,-378000
053440,台積電凱基96購12,0,0,0,0,0,0,0,0,0,-378000,0,0,0,52000,430000,-378000,-378000
057073,康控永豐98購01  ,0,0,0,0,0,0,0,0,0,-379000,0,0,0,209000,588000,-379000,-379000
056188,晶相光統一99購01,0,0,0,0,0,0,0,0,0,-379000,0,0,0,63000,442000,-379000,-379000
050867,聯鈞永豐95購01  ,0,0,0,0,0,0,0,0,0,-379000,0,0,0,49000,428000,-379000,-379000
053640,上緯控永豐96購01,0,0,0,0,0,0,0,0,0,-379000,0,0,0,0,379000,-379000,-379000
056882,華邦電康和98購01,0,0,0,0,0,0,0,0,0,-380000,0,0,0,68000,448000,-380000,-380000
048865,世紀鋼群益94購01,0,0,0,0,0,0,0,0,0,-380000,0,0,0,260000,640000,-380000,-380000
2474,可成            ,3471327,4263447,-792120,0,0,0,201000,50000,151000,261000,250000,95000,155000,135000,29000,106000,-380120
055184,群創統一98購02  ,0,0,0,0,0,0,0,0,0,-381000,0,0,0,0,381000,-381000,-381000
056355,台積電元大98購08,0,0,0,0,0,0,0,0,0,-382000,0,0,0,159000,541000,-382000,-382000
049524,可成兆豐95購02  ,0,0,0,0,0,0,0,0,0,-382000,0,0,0,0,382000,-382000,-382000
058103,台積電永豐98購06,0,0,0,0,0,0,0,0,0,-382000,0,0,0,0,382000,-382000,-382000
055474,欣興凱基97購05  ,0,0,0,0,0,0,0,0,0,-383000,0,0,0,65000,448000,-383000,-383000
056240,嘉晶群益97購02  ,0,0,0,0,0,0,0,0,0,-384000,0,0,0,16000,400000,-384000,-384000
054261,智伸科元大96購03,0,0,0,0,0,0,0,0,0,-384000,0,0,0,9000,393000,-384000,-384000
051506,台積電元富95購06,0,0,0,0,0,0,0,0,0,-385000,0,0,0,190000,575000,-385000,-385000
054793,牧德群益9A購01  ,0,0,0,0,0,0,0,0,0,-385000,0,0,0,107000,492000,-385000,-385000
055294,智易元大98購01  ,0,0,0,0,0,0,0,0,0,-385000,0,0,0,20000,405000,-385000,-385000
057861,台積電凱基98購16,0,0,0,0,0,0,0,0,0,-386000,0,0,0,40000,426000,-386000,-386000
054138,晶技元大98購02  ,0,0,0,0,0,0,0,0,0,-387000,0,0,0,197000,584000,-387000,-387000
055957,瑞昱元大97購06  ,0,0,0,0,0,0,0,0,0,-388000,0,0,0,189000,577000,-388000,-388000
047681,滬深反中信95購01,0,0,0,0,0,0,0,0,0,-388000,0,0,0,396000,784000,-388000,-388000
050130,華新科凱基94購09,0,0,0,0,0,0,0,0,0,-388000,0,0,0,20000,408000,-388000,-388000
053155,晶技元大97購02  ,0,0,0,0,0,0,0,0,0,-388000,0,0,0,158000,546000,-388000,-388000
054308,嘉晶凱基98購01  ,0,0,0,0,0,0,0,0,0,-388000,0,0,0,114000,502000,-388000,-388000
057935,晶技群益98購02  ,0,0,0,0,0,0,0,0,0,-388000,0,0,0,177000,565000,-388000,-388000
06633P,國巨國票99售01  ,0,0,0,0,0,0,0,0,0,-388000,0,0,0,40000,428000,-388000,-388000
055707,聯鈞永豐98購01  ,0,0,0,0,0,0,0,0,0,-389000,0,0,0,46000,435000,-389000,-389000
053358,晶技統一98購01  ,0,0,0,0,0,0,0,0,0,-389000,0,0,0,0,389000,-389000,-389000
06573P,台積電永昌99售02,0,0,0,0,0,0,0,0,0,-389000,0,0,0,45000,434000,-389000,-389000
055525,國巨群益98購05  ,0,0,0,0,0,0,0,0,0,-390000,0,0,0,15000,405000,-390000,-390000
051833,昇陽半元大96購01,0,0,0,0,0,0,0,0,0,-390000,0,0,0,0,390000,-390000,-390000
05994P,奇鋐元大96售02  ,0,0,0,0,0,0,0,0,0,-390000,0,0,0,0,390000,-390000,-390000
056201,華新科永豐98購01,0,0,0,0,0,0,0,0,0,-391000,0,0,0,10000,401000,-391000,-391000
056390,台積電富邦9B購01,0,0,0,0,0,0,0,0,0,-391000,0,0,0,30000,421000,-391000,-391000
05260P,和碩元富95售02  ,0,0,0,0,0,0,0,0,0,-391000,0,0,0,37000,428000,-391000,-391000
052750,臺股指元大96購04,0,0,0,0,0,0,0,0,0,-391000,0,0,0,0,391000,-391000,-391000
050526,貿聯元大95購01  ,0,0,0,0,0,0,0,0,0,-392000,0,0,0,40000,432000,-392000,-392000
053069,同欣電群益98購01,0,0,0,0,0,0,0,0,0,-392000,0,0,0,75000,467000,-392000,-392000
06382P,大毅元富97售02  ,0,0,0,0,0,0,0,0,0,-392000,0,0,0,273000,665000,-392000,-392000
054346,世芯國票97購01  ,0,0,0,0,0,0,0,0,0,-393000,0,0,0,73000,466000,-393000,-393000
055333,晶豪科兆豐97購01,0,0,0,0,0,0,0,0,0,-393000,0,0,0,0,393000,-393000,-393000
055983,全新元富9A購02  ,0,0,0,0,0,0,0,0,0,-394000,0,0,0,30000,424000,-394000,-394000
054222,大立光統一98購03,0,0,0,0,0,0,0,0,0,-394000,0,0,0,0,394000,-394000,-394000
056510,正文永豐98購02  ,0,0,0,0,0,0,0,0,0,-395000,0,0,0,27000,422000,-395000,-395000
057575,世紀鋼永豐98購02,0,0,0,0,0,0,0,0,0,-395000,0,0,0,87000,482000,-395000,-395000
057257,台泥兆豐99購01  ,0,0,0,0,0,0,0,0,0,-395000,0,0,0,14000,409000,-395000,-395000
054376,聯茂中信97購01  ,0,0,0,0,0,0,0,0,0,-395000,0,0,0,91000,486000,-395000,-395000
055787,聯茂凱基99購01  ,0,0,0,0,0,0,0,0,0,-396000,0,0,0,50000,446000,-396000,-396000
047595,元石油元富97購01,0,0,0,0,0,0,0,0,0,-396000,0,0,0,125000,521000,-396000,-396000
051946,健策統一98購01  ,0,0,0,0,0,0,0,0,0,-396000,0,0,0,10000,406000,-396000,-396000
049982,嘉晶凱基94購01  ,0,0,0,0,0,0,0,0,0,-396000,0,0,0,6000,402000,-396000,-396000
055850,聯詠元大97購06  ,0,0,0,0,0,0,0,0,0,-397000,0,0,0,0,397000,-397000,-397000
055966,茂林元大99購01  ,0,0,0,0,0,0,0,0,0,-397000,0,0,0,158000,555000,-397000,-397000
052385,滬深2X群益99購05,0,0,0,0,0,0,0,0,0,-397000,0,0,0,30000,427000,-397000,-397000
052102,台泥兆豐96購01  ,0,0,0,0,0,0,0,0,0,-397000,0,0,0,21000,418000,-397000,-397000
047141,宏達電兆豐94購01,0,0,0,0,0,0,0,0,0,-398000,0,0,0,15000,413000,-398000,-398000
057981,臻鼎永豐98購01  ,0,0,0,0,0,0,0,0,0,-398000,0,0,0,10000,408000,-398000,-398000
052828,滬深2X群益9A購02,0,0,0,0,0,0,0,0,0,-399000,0,0,0,1000,400000,-399000,-399000
058034,神達永豐98購02  ,0,0,0,0,0,0,0,0,0,-399000,0,0,0,185000,584000,-399000,-399000
04337P,台積電元大93售25,0,0,0,0,0,0,0,0,0,-400000,0,0,0,50000,450000,-400000,-400000
052003,泰碩國泰97購02  ,0,0,0,0,0,0,0,0,0,-400000,0,0,0,153000,553000,-400000,-400000
050410,燿華永豐95購03  ,0,0,0,0,0,0,0,0,0,-400000,0,0,0,0,400000,-400000,-400000
054112,台積電麥證96購02,0,0,0,0,400000,-400000,0,0,0,-400000,0,0,0,0,400000,-400000,-400000
046345,世紀鋼國票93購01,0,0,0,0,0,0,0,0,0,-401000,0,0,0,43000,444000,-401000,-401000
051063,台郡群益95購01  ,0,0,0,0,0,0,0,0,0,-401000,0,0,0,0,401000,-401000,-401000
055301,台虹元大97購01  ,0,0,0,0,0,0,0,0,0,-401000,0,0,0,86000,487000,-401000,-401000
057896,嘉晶元富98購01  ,0,0,0,0,0,0,0,0,0,-401000,0,0,0,0,401000,-401000,-401000
055979,聯鈞統一97購03  ,0,0,0,0,0,0,0,0,0,-402000,0,0,0,88000,490000,-402000,-402000
056688,聯詠統一98購01  ,0,0,0,0,0,0,0,0,0,-402000,0,0,0,50000,452000,-402000,-402000
046624,彩晶凱基94購02  ,0,0,0,0,0,0,0,0,0,-402000,0,0,0,0,402000,-402000,-402000
2395,研華            ,1452462,1787093,-334631,0,0,0,8000,93594,-85594,17000,10000,1000,9000,8000,0,8000,-403225
056539,新光金凱基9A購01,0,0,0,0,0,0,0,0,0,-405000,0,0,0,68000,473000,-405000,-405000
056871,新日興日盛99購01,0,0,0,0,0,0,0,0,0,-405000,0,0,0,123000,528000,-405000,-405000
049042,玉晶光兆豐95購01,0,7000,-7000,0,0,0,0,0,0,-398000,0,0,0,138000,536000,-398000,-405000
052880,台積電凱基96購06,0,0,0,0,0,0,0,0,0,-405000,0,0,0,0,405000,-405000,-405000
055537,康友群益97購03  ,0,0,0,0,0,0,0,0,0,-406000,0,0,0,43000,449000,-406000,-406000
052994,群創台新99購01  ,0,0,0,0,0,0,0,0,0,-406000,0,0,0,0,406000,-406000,-406000
053354,康控兆豐97購02  ,0,0,0,0,0,0,0,0,0,-406000,0,0,0,0,406000,-406000,-406000
053012,國巨統一96購03  ,0,0,0,0,0,0,0,0,0,-407000,0,0,0,107000,514000,-407000,-407000
054847,創意兆豐97購01  ,0,0,0,0,0,0,0,0,0,-407000,0,0,0,0,407000,-407000,-407000
045829,滬深2X群益95購02,0,0,0,0,0,0,0,0,0,-408000,0,0,0,0,408000,-408000,-408000
058028,國巨富邦99購04  ,0,0,0,0,0,0,0,0,0,-408000,0,0,0,51000,459000,-408000,-408000
058007,南電群益98購02  ,0,0,0,0,0,0,0,0,0,-408000,0,0,0,10000,418000,-408000,-408000
057197,立積台新98購01  ,0,0,0,0,0,0,0,0,0,-410000,0,0,0,19000,429000,-410000,-410000
00663L,國泰臺灣加權正2 ,0,22000,-22000,0,0,0,0,0,0,-388000,0,0,0,244000,632000,-388000,-410000
049355,元油2X富邦96購04,0,0,0,0,0,0,0,0,0,-410000,0,0,0,0,410000,-410000,-410000
056291,聯茂永豐97購03  ,0,0,0,0,0,0,0,0,0,-412000,0,0,0,167000,579000,-412000,-412000
053638,信邦永豐96購01  ,0,0,0,0,0,0,0,0,0,-412000,0,0,0,164000,576000,-412000,-412000
057434,國巨國票99購03  ,0,0,0,0,0,0,0,0,0,-413000,0,0,0,35000,448000,-413000,-413000
055406,大毅國泰99購01  ,0,0,0,0,0,0,0,0,0,-413000,0,0,0,27000,440000,-413000,-413000
050946,瑞昱群益95購01  ,0,0,0,0,0,0,0,0,0,-414000,0,0,0,36000,450000,-414000,-414000
055258,玉晶光統一97購03,0,0,0,0,0,0,0,0,0,-414000,0,0,0,114000,528000,-414000,-414000
057595,健鼎兆豐98購01  ,0,0,0,0,0,0,0,0,0,-416000,0,0,0,60000,476000,-416000,-416000
057820,華擎元大98購02  ,0,0,0,0,0,0,0,0,0,-416000,0,0,0,56000,472000,-416000,-416000
057656,大成鋼兆豐98購01,0,0,0,0,0,0,0,0,0,-416000,0,0,0,38000,454000,-416000,-416000
051800,旺宏永豐95購02  ,0,0,0,0,0,0,0,0,0,-416000,0,0,0,0,416000,-416000,-416000
056381,台虹元富98購01  ,0,0,0,0,0,0,0,0,0,-419000,0,0,0,201000,620000,-419000,-419000
047514,亞光國票94購01  ,0,0,0,0,0,0,0,0,0,-420000,0,0,0,0,420000,-420000,-420000
052084,台泥元大95購01  ,0,0,0,0,0,0,0,0,0,-420000,0,0,0,36000,456000,-420000,-420000
050655,中磊凱基96購01  ,0,0,0,0,0,0,0,0,0,-420000,0,0,0,0,420000,-420000,-420000
053131,華通國票97購03  ,0,0,0,0,0,0,0,0,0,-420000,0,0,0,0,420000,-420000,-420000
054338,全新統一96購01  ,0,0,0,0,0,0,0,0,0,-421000,0,0,0,148000,569000,-421000,-421000
056184,南亞科統一97購03,0,0,0,0,0,0,0,0,0,-423000,0,0,0,48000,471000,-423000,-423000
052937,國巨兆豐97購01  ,0,0,0,0,0,0,0,0,0,-424000,0,0,0,136000,560000,-424000,-424000
050792,可成富邦96購01  ,0,0,0,0,0,0,0,0,0,-425000,0,0,0,40000,465000,-425000,-425000
053627,宏碁兆豐97購01  ,0,0,0,0,0,0,0,0,0,-425000,0,0,0,8000,433000,-425000,-425000
057108,潤泰全群益98購01,0,0,0,0,0,0,0,0,0,-426000,0,0,0,30000,456000,-426000,-426000
048781,臺股指凱基96購01,0,0,0,0,0,0,0,0,0,-426000,0,0,0,40000,466000,-426000,-426000
056639,國產康和98購01  ,0,0,0,0,0,0,0,0,0,-427000,0,0,0,13000,440000,-427000,-427000
047074,大立光兆豐94購02,0,0,0,0,0,0,0,0,0,-428000,0,0,0,0,428000,-428000,-428000
054339,聯詠統一96購02  ,0,0,0,0,0,0,0,0,0,-428000,0,0,0,96000,524000,-428000,-428000
056465,臺股指凱基99購07,0,0,0,0,0,0,0,0,0,-429000,0,0,0,0,429000,-429000,-429000
050944,智邦群益95購01  ,0,0,0,0,0,0,0,0,0,-429000,0,0,0,0,429000,-429000,-429000
055438,鴻海國票98購01  ,0,0,0,0,0,0,0,0,0,-429000,0,0,0,0,429000,-429000,-429000
046568,臻鼎元富95購01  ,0,0,0,0,0,0,0,0,0,-430000,0,0,0,60000,490000,-430000,-430000
055655,群創元富99購07  ,0,0,0,0,0,0,0,0,0,-431000,0,0,0,10000,441000,-431000,-431000
049101,聯詠國泰95購01  ,0,0,0,0,0,0,0,0,0,-431000,0,0,0,1000,432000,-431000,-431000
04363P,儒鴻元富94售01  ,0,0,0,0,0,0,0,0,0,-431000,0,0,0,26000,457000,-431000,-431000
054094,創意群益96購02  ,0,0,0,0,0,0,0,0,0,-431000,0,0,0,26000,457000,-431000,-431000
053507,百和兆豐96購01  ,0,0,0,0,0,0,0,0,0,-431000,0,0,0,24000,455000,-431000,-431000
05858P,矽力中信96售01  ,0,0,0,0,0,0,0,0,0,-431000,0,0,0,10000,441000,-431000,-431000
055844,大毅元大98購01  ,0,0,0,0,0,0,0,0,0,-432000,0,0,0,215000,647000,-432000,-432000
057934,華新科群益98購07,0,0,0,0,0,0,0,0,0,-433000,0,0,0,20000,453000,-433000,-433000
057471,昇陽半永豐98購02,0,0,0,0,0,0,0,0,0,-435000,0,0,0,0,435000,-435000,-435000
055463,國喬凱基97購01  ,0,0,0,0,0,0,0,0,0,-437000,0,0,0,30000,467000,-437000,-437000
06210P,元油反元大97售01,0,0,0,0,0,0,0,0,0,-438000,0,0,0,0,438000,-438000,-438000
051836,華通國泰95購02  ,0,0,0,0,0,0,0,0,0,-439000,0,0,0,0,439000,-439000,-439000
055193,世芯元富97購02  ,0,0,0,0,0,0,0,0,0,-439000,0,0,0,225000,664000,-439000,-439000
051272,嘉晶群益95購01  ,0,0,0,0,0,0,0,0,0,-440000,0,0,0,10000,450000,-440000,-440000
04049P,大立光元大95售02,0,0,0,0,0,0,0,0,0,-441000,0,0,0,608000,1049000,-441000,-441000
057730,聯鈞國泰9A購01  ,0,0,0,0,0,0,0,0,0,-444000,0,0,0,36000,480000,-444000,-444000
055760,新日興群益98購02,0,0,0,0,0,0,0,0,0,-444000,0,0,0,44000,488000,-444000,-444000
055254,聯詠統一97購03  ,0,0,0,0,0,0,0,0,0,-444000,0,0,0,80000,524000,-444000,-444000
055544,鴻海凱基97購05  ,0,0,0,0,0,0,0,0,0,-445000,0,0,0,0,445000,-445000,-445000
046905,新光金凱基99購01,0,0,0,0,0,0,0,0,0,-445000,0,0,0,30000,475000,-445000,-445000
052833,康控群益96購01  ,0,0,0,0,0,0,0,0,0,-445000,0,0,0,170000,615000,-445000,-445000
04106P,滬深2X永豐93售02,0,0,0,0,0,0,0,0,0,-446000,0,0,0,5000,451000,-446000,-446000
055444,致新台新97購01  ,0,0,0,0,0,0,0,0,0,-446000,0,0,0,0,446000,-446000,-446000
049153,大立光元大96購02,0,0,0,0,0,0,0,0,0,-447000,0,0,0,5000,452000,-447000,-447000
052282,宏達電凱基95購05,0,0,0,0,0,0,0,0,0,-447000,0,0,0,91000,538000,-447000,-447000
055194,昇陽半元富97購01,0,0,0,0,0,0,0,0,0,-448000,0,0,0,0,448000,-448000,-448000
053766,友達富邦97購01  ,0,0,0,0,0,0,0,0,0,-448000,0,0,0,25000,473000,-448000,-448000
057137,鈺齊凱基98購01  ,0,0,0,0,0,0,0,0,0,-449000,0,0,0,4000,453000,-449000,-449000
4119,旭富            ,276000,617000,-341000,0,0,0,0,0,0,-108000,42000,87000,-45000,28000,91000,-63000,-449000
056779,元油2X群益9A購02,0,0,0,0,0,0,0,0,0,-450000,0,0,0,47000,497000,-450000,-450000
057782,台積電國票99購07,0,0,0,0,0,0,0,0,0,-450000,0,0,0,96000,546000,-450000,-450000
055588,瑞昱元大97購03  ,0,0,0,0,0,0,0,0,0,-450000,0,0,0,117000,567000,-450000,-450000
053390,彩晶元大9A購01  ,0,0,0,0,0,0,0,0,0,-450000,0,0,0,0,450000,-450000,-450000
053028,康控富邦98購01  ,0,0,0,0,0,0,0,0,0,-451000,0,0,0,1000,452000,-451000,-451000
052576,聯茂凱基96購01  ,0,0,0,0,0,0,0,0,0,-453000,0,0,0,243000,696000,-453000,-453000
051827,智邦元大95購04  ,0,0,0,0,0,0,0,0,0,-453000,0,0,0,2000,455000,-453000,-453000
055142,健策永豐98購01  ,0,0,0,0,0,0,0,0,0,-454000,0,0,0,10000,464000,-454000,-454000
054073,群創富邦96購03  ,0,0,0,0,0,0,0,0,0,-455000,0,0,0,306000,761000,-455000,-455000
056977,國巨群益9A購01  ,0,0,0,0,0,0,0,0,0,-456000,0,0,0,15000,471000,-456000,-456000
1312,國喬            ,886001,1223000,-336999,0,0,0,0,0,0,-120000,109000,255000,-146000,26000,0,26000,-456999
053734,友達中信98購02  ,0,0,0,0,0,0,0,0,0,-458000,0,0,0,288000,746000,-458000,-458000
056113,新日興兆豐98購01,0,0,0,0,0,0,0,0,0,-459000,0,0,0,122000,581000,-459000,-459000
055973,亞德客統一97購01,0,0,0,0,0,0,0,0,0,-460000,0,0,0,0,460000,-460000,-460000
057411,臺股指群益99購05,0,0,0,0,0,0,0,0,0,-460000,0,0,0,0,460000,-460000,-460000
052968,燿華群益98購01  ,0,0,0,0,0,0,0,0,0,-460000,0,0,0,87000,547000,-460000,-460000
055213,大成鋼凱基98購01,0,0,0,0,0,0,0,0,0,-461000,0,0,0,0,461000,-461000,-461000
056478,晶技元大99購01  ,0,0,0,0,0,0,0,0,0,-462000,0,0,0,150000,612000,-462000,-462000
054891,聯鈞統一99購02  ,0,0,0,0,0,0,0,0,0,-462000,0,0,0,136000,598000,-462000,-462000
052941,康控兆豐97購01  ,0,0,0,0,0,0,0,0,0,-463000,0,0,0,11000,474000,-463000,-463000
052354,健策群益96購02  ,0,0,0,0,0,0,0,0,0,-464000,0,0,0,12000,476000,-464000,-464000
00737,國泰AI+Robo     ,0,500000,-500000,0,0,0,0,0,0,35800,0,0,0,389000,353200,35800,-464200
054988,凱美元富97購02  ,0,0,0,0,0,0,0,0,0,-465000,0,0,0,100000,565000,-465000,-465000
055977,南亞科統一97購01,0,0,0,0,0,0,0,0,0,-469000,0,0,0,0,469000,-469000,-469000
054533,泰碩國泰98購01  ,0,0,0,0,0,0,0,0,0,-469000,0,0,0,23000,492000,-469000,-469000
047217,臺股指中信93購05,0,0,0,0,0,0,0,0,0,-470000,0,0,0,700000,1170000,-470000,-470000
06153P,健策元大97售04  ,0,0,0,0,0,0,0,0,0,-470000,0,0,0,31000,501000,-470000,-470000
05966P,矽力凱基96售03  ,0,0,0,0,0,0,0,0,0,-471000,0,0,0,84000,555000,-471000,-471000
053894,創意群益96購01  ,0,0,0,0,0,0,0,0,0,-473000,0,0,0,35000,508000,-473000,-473000
057674,台郡元大99購03  ,0,0,0,0,0,0,0,0,0,-474000,0,0,0,129000,603000,-474000,-474000
057780,台郡群益98購02  ,0,0,0,0,0,0,0,0,0,-475000,0,0,0,0,475000,-475000,-475000
057409,台虹群益98購02  ,0,0,0,0,0,0,0,0,0,-475000,0,0,0,32000,507000,-475000,-475000
051106,華通統一95購02  ,0,0,0,0,0,0,0,0,0,-476000,0,0,0,0,476000,-476000,-476000
055729,金寶元富99購01  ,0,0,0,0,0,0,0,0,0,-477000,0,0,0,67000,544000,-477000,-477000
054955,宏達電元大98購01,0,0,0,0,0,0,0,0,0,-478000,0,0,0,102000,580000,-478000,-478000
054615,牧德永豐98購01  ,0,0,0,0,0,0,0,0,0,-482000,0,0,0,53000,535000,-482000,-482000
053074,嘉晶永豐96購02  ,0,0,0,0,0,0,0,0,0,-482000,0,0,0,93000,575000,-482000,-482000
057913,健策日盛98購01  ,0,0,0,0,0,0,0,0,0,-482000,0,0,0,0,482000,-482000,-482000
055275,台積電元大97購19,0,0,0,0,0,0,0,0,0,-483000,0,0,0,20000,503000,-483000,-483000
048436,聯茂日盛93購01  ,0,0,0,0,0,0,0,0,0,-484000,0,0,0,0,484000,-484000,-484000
054629,華新科凱基98購01,0,0,0,0,0,0,0,0,0,-484000,0,0,0,221000,705000,-484000,-484000
049870,南電兆豐94購01  ,0,0,0,0,0,0,0,0,0,-488000,0,0,0,19000,507000,-488000,-488000
056566,臻鼎群益98購01  ,0,0,0,0,0,0,0,0,0,-489000,0,0,0,40000,529000,-489000,-489000
056589,康控統一98購01  ,0,0,0,0,0,0,0,0,0,-489000,0,0,0,48000,537000,-489000,-489000
055128,致新兆豐97購01  ,0,0,0,0,0,0,0,0,0,-489000,0,0,0,0,489000,-489000,-489000
054382,康控群益96購03  ,0,0,0,0,0,0,0,0,0,-491000,0,0,0,11000,502000,-491000,-491000
049226,元石油富邦95購01,0,0,0,0,0,0,0,0,0,-492000,0,0,0,60000,552000,-492000,-492000
055683,晶技凱基99購01  ,0,0,0,0,0,0,0,0,0,-493000,0,0,0,10000,503000,-493000,-493000
051062,超眾群益95購02  ,0,0,0,0,0,0,0,0,0,-493000,0,0,0,30000,523000,-493000,-493000
06701P,臺股指統一99售06,0,0,0,0,0,0,0,0,0,-493000,0,0,0,6000,499000,-493000,-493000
057025,華新科凱基98購04,0,0,0,0,0,0,0,0,0,-494000,0,0,0,93000,587000,-494000,-494000
054398,牧德永豐96購03  ,0,0,0,0,0,0,0,0,0,-494000,0,0,0,130000,624000,-494000,-494000
053559,台積電國泰98購01,0,0,0,0,0,0,0,0,0,-494000,0,0,0,30000,524000,-494000,-494000
048527,鴻海國票94購02  ,0,0,0,0,0,0,0,0,0,-496000,0,0,0,10000,506000,-496000,-496000
054369,鴻海中信9C購01  ,0,0,0,0,0,0,0,0,0,-496000,0,0,0,507000,1003000,-496000,-496000
056356,台積電元大99購01,0,0,0,0,0,0,0,0,0,-498000,0,0,0,406000,904000,-498000,-498000
057184,群創元大98購05  ,0,0,0,0,0,0,0,0,0,-499000,0,0,0,0,499000,-499000,-499000
046432,宏達電中信94購01,0,0,0,0,0,0,0,0,0,-499000,0,0,0,0,499000,-499000,-499000
051948,滬深2X元富9B購01,0,0,0,0,0,0,0,0,0,-499000,0,0,0,13000,512000,-499000,-499000
050778,瑞儀元大96購01  ,0,0,0,0,0,0,0,0,0,-499000,0,0,0,299000,798000,-499000,-499000
052807,貿聯元大98購01  ,0,0,0,0,0,0,0,0,0,-499000,0,0,0,0,499000,-499000,-499000
049486,旺宏元大94購08  ,0,0,0,0,0,0,0,0,0,-499000,0,0,0,0,499000,-499000,-499000
045842,T50反1台新98購01,0,0,0,0,0,0,0,0,0,-500000,0,0,0,1000,501000,-500000,-500000
058174,台積電凱基9A購05,0,0,0,0,0,0,0,0,0,-500000,0,0,0,0,500000,-500000,-500000
058117,元石油群益9B購02,0,0,0,0,0,0,0,0,0,-500000,0,0,0,0,500000,-500000,-500000
057240,茂林凱基9A購01  ,0,0,0,0,0,0,0,0,0,-501000,0,0,0,44000,545000,-501000,-501000
053985,矽創元大96購02  ,0,0,0,0,0,0,0,0,0,-501000,0,0,0,0,501000,-501000,-501000
053512,台積電群益96購06,0,0,0,0,0,0,0,0,0,-501000,0,0,0,218000,719000,-501000,-501000
05635P,健策台新96售02  ,0,0,0,0,0,0,0,0,0,-502000,0,0,0,126000,628000,-502000,-502000
053404,致新群益96購01  ,0,0,0,0,0,0,0,0,0,-502000,0,0,0,31000,533000,-502000,-502000
054755,世紀鋼凱基98購01,0,0,0,0,0,0,0,0,0,-502000,0,0,0,218000,720000,-502000,-502000
2537,聯上發          ,528000,1051000,-523000,0,0,0,0,0,0,21000,21000,0,21000,0,0,0,-502000
057121,立積康和98購01  ,0,0,0,0,0,0,0,0,0,-504000,0,0,0,0,504000,-504000,-504000
052546,友達中信98購01  ,0,0,0,0,0,0,0,0,0,-504000,0,0,0,15000,519000,-504000,-504000
050883,嘉聯益國泰96購01,0,0,0,0,0,0,0,0,0,-505000,0,0,0,0,505000,-505000,-505000
055263,華新科富邦9A購01,0,0,0,0,0,0,0,0,0,-505000,0,0,0,512000,1017000,-505000,-505000
053860,台積電元大98購03,0,0,0,0,0,0,0,0,0,-505000,0,0,0,57000,562000,-505000,-505000
057063,立積國泰9A購01  ,0,0,0,0,0,0,0,0,0,-507000,0,0,0,100000,607000,-507000,-507000
047420,全新富邦97購01  ,0,0,0,0,0,0,0,0,0,-507000,0,0,0,3000,510000,-507000,-507000
052223,聯電凱基96購02  ,0,0,0,0,0,0,0,0,0,-507000,0,0,0,0,507000,-507000,-507000
052092,貿聯元大96購02  ,0,0,0,0,0,0,0,0,0,-509000,0,0,0,0,509000,-509000,-509000
6202,盛群            ,290000,800000,-510000,0,0,0,0,0,0,0,0,0,0,0,0,0,-510000
052601,大成鋼元大96購01,0,0,0,0,0,0,0,0,0,-511000,0,0,0,14000,525000,-511000,-511000
057249,華邦電統一9A購01,0,0,0,0,0,0,0,0,0,-512000,0,0,0,0,512000,-512000,-512000
057518,世紀鋼元富98購01,0,0,0,0,0,0,0,0,0,-513000,0,0,0,450000,963000,-513000,-513000
052672,世紀鋼群益96購02,0,0,0,0,0,0,0,0,0,-513000,0,0,0,216000,729000,-513000,-513000
00643,群益深証中小    ,310000,581000,-271000,0,0,0,0,0,0,-243000,0,0,0,260000,503000,-243000,-514000
2534,宏盛            ,365001,891240,-526239,0,0,0,0,0,0,11000,8000,0,8000,3000,0,3000,-515239
1434,福懋            ,846664,1415000,-568336,0,0,0,15000,0,15000,38000,38000,0,38000,0,0,0,-515336
056025,嘉晶群益97購01  ,0,0,0,0,0,0,0,0,0,-516000,0,0,0,11000,527000,-516000,-516000
053168,晶技群益98購01  ,0,0,0,0,0,0,0,0,0,-517000,0,0,0,287000,804000,-517000,-517000
055812,台積電國票99購02,0,0,0,0,0,0,0,0,0,-518000,0,0,0,390000,908000,-518000,-518000
057167,台積電元大99購03,0,0,0,0,0,0,0,0,0,-518000,0,0,0,186000,704000,-518000,-518000
057048,新日興元大98購01,0,0,0,0,0,0,0,0,0,-519000,0,0,0,9000,528000,-519000,-519000
057799,世紀鋼兆豐98購01,0,0,0,0,0,0,0,0,0,-519000,0,0,0,68000,587000,-519000,-519000
047379,元油2X元大96購03,0,0,0,0,0,0,0,0,0,-520000,0,0,0,0,520000,-520000,-520000
051003,中環中信97購01  ,0,0,0,0,0,0,0,0,0,-520000,0,0,0,0,520000,-520000,-520000
054844,華邦電兆豐98購01,0,0,0,0,0,0,0,0,0,-521000,0,0,0,5000,526000,-521000,-521000
04142P,元油反凱基99售01,0,0,0,0,0,0,0,0,0,-524000,0,0,0,0,524000,-524000,-524000
050714,深中小群益98購01,0,0,0,0,0,0,0,0,0,-524000,0,0,0,121000,645000,-524000,-524000
1402,遠東新          ,3234490,4044506,-810016,0,0,0,72000,0,72000,214000,152000,0,152000,68000,6000,62000,-524016
044964,旺宏中信94購01  ,0,0,0,0,0,0,0,0,0,-526000,0,0,0,0,526000,-526000,-526000
051227,技嘉群益97購01  ,0,0,0,0,0,0,0,0,0,-526000,0,0,0,40000,566000,-526000,-526000
053770,元金2X元大98購01,0,0,0,0,0,0,0,0,0,-526000,0,0,0,2000,528000,-526000,-526000
046864,和大統一97購01  ,0,0,0,0,0,0,0,0,0,-527000,0,0,0,97000,624000,-527000,-527000
057336,聯發科國票99購01,0,0,0,0,0,0,0,0,0,-529000,0,0,0,0,529000,-529000,-529000
049537,元石油群益97購01,0,0,0,0,0,0,0,0,0,-531000,0,0,0,6000,537000,-531000,-531000
054624,台積電凱基98購03,0,0,0,0,0,0,0,0,0,-531000,0,0,0,79000,610000,-531000,-531000
053043,嘉晶凱基96購01  ,0,0,0,0,0,0,0,0,0,-534000,0,0,0,22000,556000,-534000,-534000
054870,新日興群益98購01,0,0,0,0,0,0,0,0,0,-536000,0,0,0,183000,719000,-536000,-536000
050525,嘉晶元大95購02  ,0,0,0,0,0,0,0,0,0,-537000,0,0,0,69000,606000,-537000,-537000
053341,聯發科國票97購03,0,0,0,0,0,0,0,0,0,-538000,0,0,0,0,538000,-538000,-538000
3044,健鼎            ,1911000,2558496,-647496,0,0,0,0,0,0,109000,117000,2000,115000,12000,18000,-6000,-538496
055224,鴻海國票99購02  ,0,0,0,0,0,0,0,0,0,-539000,0,0,0,40000,579000,-539000,-539000
057355,彩晶統一98購03  ,0,0,0,0,0,0,0,0,0,-540000,0,0,0,0,540000,-540000,-540000
055520,矽力中信97購02  ,0,0,0,0,0,0,0,0,0,-540000,0,0,0,128000,668000,-540000,-540000
053468,鴻海元大98購01  ,0,0,0,0,0,0,0,0,0,-540000,0,0,0,0,540000,-540000,-540000
056331,聯鈞國票99購01  ,0,0,0,0,0,0,0,0,0,-541000,0,0,0,197000,738000,-541000,-541000
4141,龍燈-KY         ,126000,670000,-544000,0,0,0,0,0,0,1000,1000,0,1000,0,0,0,-543000
055081,健鼎中信97購01  ,0,0,0,0,0,0,0,0,0,-546000,0,0,0,0,546000,-546000,-546000
051399,玉晶光台新96購01,0,0,0,0,0,0,0,0,0,-547000,0,0,0,66000,613000,-547000,-547000
058106,神達統一98購02  ,0,0,0,0,0,0,0,0,0,-547000,0,0,0,0,547000,-547000,-547000
046798,元油2X元大96購01,0,0,0,0,0,0,0,0,0,-548000,0,0,0,0,548000,-548000,-548000
050271,上緯控元大96購01,0,0,0,0,0,0,0,0,0,-549000,0,0,0,0,549000,-549000,-549000
052810,易華電元大96購02,0,0,0,0,0,0,0,0,0,-551000,0,0,0,0,551000,-551000,-551000
2617,台航            ,201000,770000,-569000,0,0,0,0,0,0,18000,18000,0,18000,0,0,0,-551000
053602,台虹元大96購01  ,0,0,0,0,0,0,0,0,0,-552000,0,0,0,285000,837000,-552000,-552000
051844,宏達電富邦96購01,0,0,0,0,0,0,0,0,0,-553000,0,0,0,67000,620000,-553000,-553000
047487,南電凱基94購01  ,0,0,0,0,0,0,0,0,0,-554000,0,0,0,0,554000,-554000,-554000
055577,晶技統一97購02  ,0,0,0,0,0,0,0,0,0,-556000,0,0,0,353000,909000,-556000,-556000
052307,潤泰全國泰96購01,0,0,0,0,0,0,0,0,0,-556000,0,0,0,75000,631000,-556000,-556000
00675L,富邦臺灣加權正2 ,0,54000,-54000,0,0,0,0,0,0,-506000,0,0,0,256000,762000,-506000,-560000
051322,國泰金國票96購01,0,0,0,0,0,0,0,0,0,-560000,0,0,0,0,560000,-560000,-560000
054882,台光電統一97購02,0,0,0,0,0,0,0,0,0,-560000,0,0,0,10000,570000,-560000,-560000
055198,奇力新第一97購01,0,0,0,0,0,0,0,0,0,-561000,0,0,0,0,561000,-561000,-561000
056033,T50正2凱基99購02,0,0,0,0,0,0,0,0,0,-562000,0,0,0,20000,582000,-562000,-562000
056693,國產群益98購01  ,0,0,0,0,0,0,0,0,0,-562000,0,0,0,0,562000,-562000,-562000
044717,旺宏統一94購01  ,0,0,0,0,0,0,0,0,0,-563000,0,0,0,1165000,1728000,-563000,-563000
04051P,友達中信94售02  ,0,0,0,0,0,0,0,0,0,-564000,0,0,0,32000,596000,-564000,-564000
2354,鴻準            ,2456000,3049210,-593210,0,0,0,0,1000,-1000,28000,28000,0,28000,0,0,0,-566210
055660,台光電兆豐97購01,0,0,0,0,0,0,0,0,0,-567000,0,0,0,1000,568000,-567000,-567000
5871,中租-KY         ,5870523,6536925,-666402,0,0,0,21000,7000,14000,85000,83000,18000,65000,20000,0,20000,-567402
055732,全新元富9A購01  ,0,0,0,0,0,0,0,0,0,-568000,0,0,0,20000,588000,-568000,-568000
052167,亞泥元大96購01  ,0,0,0,0,0,0,0,0,0,-568000,0,0,0,195000,763000,-568000,-568000
055694,光罩國票98購01  ,0,0,0,0,0,0,0,0,0,-569000,0,0,0,67000,636000,-569000,-569000
055451,台積電元富97購02,0,0,0,0,0,0,0,0,0,-569000,0,0,0,30000,599000,-569000,-569000
049770,康控元富95購01  ,0,0,0,0,0,0,0,0,0,-570000,0,0,0,0,570000,-570000,-570000
055286,晶技元大98購03  ,0,0,0,0,0,0,0,0,0,-570000,0,0,0,188000,758000,-570000,-570000
056191,世紀鋼統一97購01,0,0,0,0,0,0,0,0,0,-572000,0,0,0,73000,645000,-572000,-572000
046797,T50反1元大96購01,0,0,0,0,0,0,0,0,0,-575000,0,0,0,135000,710000,-575000,-575000
054120,奇力新永豐96購01,0,0,0,0,0,0,0,0,0,-575000,0,0,0,181000,756000,-575000,-575000
053413,台積電國票99購01,0,0,0,0,0,0,0,0,0,-575000,0,0,0,180000,755000,-575000,-575000
056797,台積電麥證98購01,0,0,0,0,580000,-580000,0,0,0,-580000,0,0,0,0,580000,-580000,-580000
053563,台積電富邦97購01,0,0,0,0,0,0,0,0,0,-580000,0,0,0,0,580000,-580000,-580000
2441,超豐            ,513000,1052000,-539000,0,0,0,1000,0,1000,-43000,24000,67000,-43000,0,0,0,-581000
2105,正新            ,1389047,2067945,-678898,0,0,0,27000,0,27000,68000,38000,6000,32000,36000,0,36000,-583898
053851,鴻海國泰98購03  ,0,0,0,0,0,0,0,0,0,-585000,0,0,0,10000,595000,-585000,-585000
053380,南亞科元大97購01,0,0,0,0,0,0,0,0,0,-585000,0,0,0,26000,611000,-585000,-585000
054982,國巨元富97購03  ,0,0,0,0,0,0,0,0,0,-586000,0,0,0,485000,1071000,-586000,-586000
058036,南電永豐98購01  ,0,0,0,0,0,0,0,0,0,-586000,0,0,0,0,586000,-586000,-586000
056013,T50反1群益97購01,0,0,0,0,0,0,0,0,0,-588000,0,0,0,840000,1428000,-588000,-588000
042281,元油2X富邦96購02,0,0,0,0,0,0,0,0,0,-591000,0,0,0,0,591000,-591000,-591000
050919,台積電凱基95購03,0,0,0,0,0,0,0,0,0,-593000,0,0,0,23000,616000,-593000,-593000
053557,聯茂凱基96購04  ,0,0,0,0,0,0,0,0,0,-593000,0,0,0,2000,595000,-593000,-593000
047569,世紀鋼國票94購02,0,0,0,0,0,0,0,0,0,-595000,0,0,0,0,595000,-595000,-595000
2377,微星            ,1315017,2570696,-1255679,0,0,0,373000,132000,241000,419000,52000,42000,10000,414000,5000,409000,-595679
051924,聯茂日盛95購01  ,0,0,0,0,0,0,0,0,0,-597000,0,0,0,220000,817000,-597000,-597000
054980,國巨元富97購01  ,0,0,0,0,0,0,0,0,0,-600000,0,0,0,573000,1173000,-600000,-600000
058090,聯發科元大98購16,0,0,0,0,0,0,0,0,0,-600000,0,0,0,477000,1077000,-600000,-600000
00662,富邦NASDAQ      ,4000,0,4000,0,0,0,0,0,0,-606000,30000,0,30000,32000,668000,-636000,-602000
055429,華新科群益99購01,0,0,0,0,0,0,0,0,0,-605000,0,0,0,35000,640000,-605000,-605000
03644C,臺股指元大94牛28,0,0,0,0,0,0,0,0,0,-606000,0,0,0,56000,662000,-606000,-606000
051861,鴻海凱基98購01  ,0,0,0,0,0,0,0,0,0,-606000,0,0,0,0,606000,-606000,-606000
054860,台積電群益98購01,0,0,0,0,0,0,0,0,0,-608000,0,0,0,620000,1228000,-608000,-608000
04690P,國巨群益94售06  ,0,0,0,0,0,0,0,0,0,-609000,0,0,0,210000,819000,-609000,-609000
055123,億光兆豐97購01  ,0,0,0,0,0,0,0,0,0,-609000,0,0,0,40000,649000,-609000,-609000
056954,聯詠富邦9A購01  ,0,0,0,0,0,0,0,0,0,-613000,0,0,0,200000,813000,-613000,-613000
052813,T50正2永豐96購01,0,0,0,0,0,0,0,0,0,-613000,0,0,0,252000,865000,-613000,-613000
052193,國巨元富95購06  ,0,0,0,0,0,0,0,0,0,-615000,0,0,0,125000,740000,-615000,-615000
006208,富邦台50        ,4000,2000,2000,0,0,0,0,0,0,-618000,0,0,0,261000,879000,-618000,-616000
056165,矽力凱基98購02  ,0,0,0,0,0,0,0,0,0,-617000,0,0,0,196000,813000,-617000,-617000
050104,元石油元大97購02,0,0,0,0,0,0,0,0,0,-618000,0,0,0,65000,683000,-618000,-618000
06105P,國巨國票98售02  ,0,0,0,0,0,0,0,0,0,-620000,0,0,0,41000,661000,-620000,-620000
057155,元油2X富邦9B購02,0,0,0,0,0,0,0,0,0,-625000,0,0,0,0,625000,-625000,-625000
06367P,台積電凱基97售14,0,0,0,0,0,0,0,0,0,-632000,0,0,0,625000,1257000,-632000,-632000
00738U,元大道瓊白銀    ,670000,0,670000,0,0,0,0,0,0,-1303000,0,0,0,1640000,2943000,-1303000,-633000
057431,京鼎兆豐98購02  ,0,0,0,0,0,0,0,0,0,-634000,0,0,0,0,634000,-634000,-634000
053573,臺股指統一99購01,0,0,0,0,0,0,0,0,0,-634000,0,0,0,0,634000,-634000,-634000
056047,台積電兆豐97購02,0,0,0,0,0,0,0,0,0,-640000,0,0,0,20000,660000,-640000,-640000
053148,華邦電元大96購01,0,0,0,0,0,0,0,0,0,-640000,0,0,0,43000,683000,-640000,-640000
06477P,緯穎國票99售02  ,0,0,0,0,0,0,0,0,0,-640000,0,0,0,60000,700000,-640000,-640000
053697,臻鼎元大96購02  ,0,0,0,0,0,0,0,0,0,-644000,0,0,0,71000,715000,-644000,-644000
056270,群創統一98購04  ,0,0,0,0,0,0,0,0,0,-645000,0,0,0,140000,785000,-645000,-645000
051201,台積電麥證95購02,0,0,0,810000,1455000,-645000,0,0,0,-645000,0,0,0,810000,1455000,-645000,-645000
049538,元油2X群益98購01,0,0,0,0,0,0,0,0,0,-645000,0,0,0,145000,790000,-645000,-645000
058059,晶技元富98購01  ,0,0,0,0,0,0,0,0,0,-645000,0,0,0,84000,729000,-645000,-645000
055891,鴻海統一9A購01  ,0,0,0,0,0,0,0,0,0,-648000,0,0,0,1368000,2016000,-648000,-648000
056835,聯電元富99購01  ,0,0,0,0,0,0,0,0,0,-650000,0,0,0,329000,979000,-650000,-650000
057309,南茂兆豐99購01  ,0,0,0,0,0,0,0,0,0,-651000,0,0,0,0,651000,-651000,-651000
056653,元石油元大98購01,0,0,0,0,0,0,0,0,0,-651000,0,0,0,0,651000,-651000,-651000
055394,健策統一97購01  ,0,0,0,0,0,0,0,0,0,-653000,0,0,0,82000,735000,-653000,-653000
055387,世紀鋼元大97購01,0,0,0,0,0,0,0,0,0,-655000,0,0,0,61000,716000,-655000,-655000
054546,玉晶光中信9B購01,0,0,0,0,0,0,0,0,0,-655000,0,0,0,30000,685000,-655000,-655000
053912,T50反1國票97購02,0,0,0,0,0,0,0,0,0,-657000,0,0,0,4000,661000,-657000,-657000
047689,瑞昱富邦97購01  ,0,0,0,0,0,0,0,0,0,-658000,0,0,0,40000,698000,-658000,-658000
051500,聯茂群益95購01  ,0,0,0,0,0,0,0,0,0,-658000,0,0,0,3000,661000,-658000,-658000
056005,臺股指永豐97購04,0,0,0,0,0,0,0,0,0,-659000,0,0,0,0,659000,-659000,-659000
057905,臺股指永豐98購06,0,0,0,0,0,0,0,0,0,-659000,0,0,0,0,659000,-659000,-659000
2812,台中銀          ,4959000,5777521,-818521,0,0,0,0,0,0,156000,156000,0,156000,0,0,0,-662521
03050X,元展47          ,0,0,0,0,0,0,0,0,0,-663000,0,0,0,12000,675000,-663000,-663000
049967,華新科國票94購07,0,0,0,0,0,0,0,0,0,-663000,0,0,0,60000,723000,-663000,-663000
044457,滬深2X國票97購01,0,0,0,0,0,0,0,0,0,-664000,0,0,0,25000,689000,-664000,-664000
056984,嘉晶群益98購01  ,0,0,0,0,0,0,0,0,0,-665000,0,0,0,20000,685000,-665000,-665000
055166,台積電統一97購05,0,0,0,0,0,0,0,0,0,-680000,0,0,0,304000,984000,-680000,-680000
056595,台積電元富98購04,0,0,0,0,0,0,0,0,0,-683000,0,0,0,146000,829000,-683000,-683000
044864,道瓊反國票96購01,0,0,0,0,0,0,0,0,0,-683000,0,0,0,15000,698000,-683000,-683000
053626,台積電兆豐96購03,0,0,0,0,0,0,0,0,0,-684000,0,0,0,1521000,2205000,-684000,-684000
052942,聯發科中信97購04,0,0,0,0,0,0,0,0,0,-685000,0,0,0,115000,800000,-685000,-685000
049669,訊芯國泰95購01  ,0,0,0,0,0,0,0,0,0,-689000,0,0,0,0,689000,-689000,-689000
048177,臺指反富邦99購01,0,0,0,0,0,0,0,0,0,-694000,0,0,0,66000,760000,-694000,-694000
058151,台積電統一9A購04,0,0,0,0,0,0,0,0,0,-696000,0,0,0,0,696000,-696000,-696000
050166,彩晶國泰95購01  ,0,0,0,0,0,0,0,0,0,-701000,0,0,0,10000,711000,-701000,-701000
053669,台積電統一96購08,0,0,0,0,0,0,0,0,0,-701000,0,0,0,106000,807000,-701000,-701000
052644,聯發科永豐96購01,0,0,0,0,0,0,0,0,0,-702000,0,0,0,68000,770000,-702000,-702000
050099,台積電永昌96購01,0,0,0,0,0,0,0,0,0,-703000,0,0,0,395000,1098000,-703000,-703000
055289,泰碩元大98購01  ,0,0,0,0,0,0,0,0,0,-705000,0,0,0,27000,732000,-705000,-705000
054709,宏達電統一97購01,0,0,0,0,0,0,0,0,0,-708000,0,0,0,10000,718000,-708000,-708000
057356,彩晶統一98購04  ,0,0,0,0,0,0,0,0,0,-710000,0,0,0,48000,758000,-710000,-710000
2385,群光            ,1984056,3070033,-1085977,0,0,0,13000,0,13000,360000,23000,0,23000,340000,3000,337000,-712977
052886,世紀鋼兆豐96購01,0,0,0,0,0,0,0,0,0,-713000,0,0,0,78000,791000,-713000,-713000
057354,聯鈞統一99購03  ,0,0,0,0,0,0,0,0,0,-715000,0,0,0,6000,721000,-715000,-715000
051359,中信金元大95購01,0,0,0,0,0,0,0,0,0,-718000,0,0,0,304000,1022000,-718000,-718000
057664,台積電元大9A購03,0,0,0,0,0,0,0,0,0,-719000,0,0,0,535000,1254000,-719000,-719000
056357,台積電元大9A購01,0,0,0,0,0,0,0,0,0,-722000,0,0,0,573000,1295000,-722000,-722000
056324,南亞科兆豐98購01,0,0,0,0,0,0,0,0,0,-728000,0,0,0,499000,1227000,-728000,-728000
055671,世紀鋼群益97購01,0,0,0,0,0,0,0,0,0,-732000,0,0,0,196000,928000,-732000,-732000
053184,世紀鋼元富96購01,0,0,0,0,0,0,0,0,0,-733000,0,0,0,851000,1584000,-733000,-733000
056500,大立光富邦9B購02,0,0,0,0,0,0,0,0,0,-734000,0,0,0,140000,874000,-734000,-734000
049100,華新科國泰96購01,0,0,0,0,0,0,0,0,0,-738000,0,0,0,277000,1015000,-738000,-738000
048572,美利達元大96購04,0,0,0,0,0,0,0,0,0,-740000,0,0,0,6000,746000,-740000,-740000
053373,台泥元大96購01  ,0,0,0,0,0,0,0,0,0,-741000,0,0,0,82000,823000,-741000,-741000
044464,滬深2X群益95購01,0,0,0,0,0,0,0,0,0,-744000,0,0,0,0,744000,-744000,-744000
056004,南電永豐97購02  ,0,0,0,0,0,0,0,0,0,-746000,0,0,0,8000,754000,-746000,-746000
053108,南亞科兆豐96購01,0,0,0,0,0,0,0,0,0,-750000,0,0,0,34000,784000,-750000,-750000
055706,大立光永豐97購03,0,0,0,0,0,0,0,0,0,-755000,0,0,0,10000,765000,-755000,-755000
5388,中磊            ,286000,1141000,-855000,0,0,0,22000,0,22000,77000,71000,0,71000,18000,12000,6000,-756000
2345,智邦            ,1794802,2680237,-885435,0,0,0,153000,232000,-79000,202000,386000,204000,182000,56000,36000,20000,-762435
057602,聯茂群益98購02  ,0,0,0,0,0,0,0,0,0,-766000,0,0,0,30000,796000,-766000,-766000
056824,元石油富邦9B購01,0,0,0,0,0,0,0,0,0,-772000,0,0,0,80000,852000,-772000,-772000
051653,南電永豐95購02  ,0,0,0,0,0,0,0,0,0,-774000,0,0,0,1000,775000,-774000,-774000
054295,世芯元大96購03  ,0,0,0,0,0,0,0,0,0,-774000,0,0,0,471000,1245000,-774000,-774000
052107,台積電統一95購06,0,0,0,0,0,0,0,0,0,-775000,0,0,0,46000,821000,-775000,-775000
055051,藍天永豐97購01  ,0,0,0,0,0,0,0,0,0,-777000,0,0,0,0,777000,-777000,-777000
2357,華碩            ,1475917,2403935,-928018,0,0,0,11000,3000,8000,142000,5000,0,5000,139000,2000,137000,-778018
2347,聯強            ,2430000,4171371,-1741371,0,0,0,6000,0,6000,941000,90000,0,90000,852000,1000,851000,-794371
2887,台新金          ,14735752,15616046,-880294,0,0,0,178000,0,178000,-94000,40000,399000,-359000,277000,12000,265000,-796294
052852,國巨元富96購02  ,0,0,0,0,0,0,0,0,0,-801000,0,0,0,156000,957000,-801000,-801000
2323,中環            ,3116001,4003000,-886999,0,0,0,15000,0,15000,70000,104000,42000,62000,168000,160000,8000,-801999
051397,聯茂兆豐95購03  ,0,0,0,0,0,0,0,0,0,-818000,0,0,0,197000,1015000,-818000,-818000
052814,上証2X永豐96購02,0,0,0,0,0,0,0,0,0,-820000,0,0,0,274000,1094000,-820000,-820000
052882,南電凱基96購02  ,0,0,0,0,0,0,0,0,0,-821000,0,0,0,281000,1102000,-821000,-821000
049783,元油2X兆豐95購01,0,0,0,0,0,0,0,0,0,-825000,0,0,0,5000,830000,-825000,-825000
9910,豐泰            ,479836,1332103,-852267,0,0,0,6000,10000,-4000,22000,14000,0,14000,8000,0,8000,-834267
047505,元金2X國票9B購01,0,0,0,0,0,0,0,0,0,-835000,0,0,0,30000,865000,-835000,-835000
054371,台積電中信9C購01,0,0,0,0,0,0,0,0,0,-841000,0,0,0,187000,1028000,-841000,-841000
052765,新日興群益97購01,0,0,0,0,0,0,0,0,0,-842000,0,0,0,105000,947000,-842000,-842000
06855P,聯發科富邦9A售01,0,0,0,0,0,0,0,0,0,-842000,0,0,0,266000,1108000,-842000,-842000
03647C,T50反1元富99牛02,0,0,0,0,0,0,0,0,0,-843000,0,0,0,7000,850000,-843000,-843000
054811,裕隆元大9A購01  ,0,0,0,0,0,0,0,0,0,-848000,0,0,0,343000,1191000,-848000,-848000
050942,S&P正2群益95購01,60000,0,60000,0,0,0,0,0,0,-910000,0,0,0,0,910000,-910000,-850000
052721,友達統一96購01  ,0,0,0,0,0,0,0,0,0,-856000,0,0,0,0,856000,-856000,-856000
055808,世紀鋼永豐97購01,0,0,0,0,0,0,0,0,0,-860000,0,0,0,77000,937000,-860000,-860000
03660C,元油2X富邦02牛04,0,0,0,0,0,0,0,0,0,-872000,0,0,0,396000,1268000,-872000,-872000
047285,鴻海統一95購02  ,0,0,0,0,0,0,0,0,0,-874000,0,0,0,0,874000,-874000,-874000
052066,華邦電兆豐96購01,0,0,0,0,0,0,0,0,0,-876000,0,0,0,168000,1044000,-876000,-876000
055446,奇力新統一9A購01,0,0,0,0,0,0,0,0,0,-883000,0,0,0,121000,1004000,-883000,-883000
04595P,臺股指元大94售13,0,0,0,0,0,0,0,0,0,-899000,0,0,0,305000,1204000,-899000,-899000
057735,台灣50富邦9C購02,0,0,0,0,0,0,0,0,0,-901000,0,0,0,68000,969000,-901000,-901000
041900,元油2X富邦96購01,0,0,0,0,0,0,0,0,0,-905000,0,0,0,0,905000,-905000,-905000
052013,台積電永豐95購04,0,0,0,0,0,0,0,0,0,-915000,0,0,0,50000,965000,-915000,-915000
057248,台積電統一98購08,0,0,0,0,0,0,0,0,0,-917000,0,0,0,426000,1343000,-917000,-917000
056808,台積電統一98購06,0,0,0,0,0,0,0,0,0,-918000,0,0,0,308000,1226000,-918000,-918000
06924P,台積電群益98售07,0,0,0,0,0,0,0,0,0,-923000,0,0,0,50000,973000,-923000,-923000
1802,台玻            ,171000,1139000,-968000,0,0,0,0,0,0,45000,66000,21000,45000,0,0,0,-923000
2912,統一超          ,1295848,2258056,-962208,0,0,0,10000,1000,9000,21000,10000,0,10000,11000,0,11000,-932208
056605,台積電富邦9B購02,0,0,0,0,0,0,0,0,0,-933000,0,0,0,158000,1091000,-933000,-933000
053621,臺股指群益96購07,0,0,0,0,0,0,0,0,0,-933000,0,0,0,0,933000,-933000,-933000
04107P,元黃金中信94售01,0,0,0,0,0,0,0,0,0,-935000,0,0,0,0,935000,-935000,-935000
05755P,臺股指中信99售04,0,0,0,0,0,0,0,0,0,-941000,0,0,0,67000,1008000,-941000,-941000
05668P,滬深2X永豐96售04,0,0,0,0,0,0,0,0,0,-943000,0,0,0,90000,1033000,-943000,-943000
056778,元石油群益9B購01,0,0,0,0,0,0,0,0,0,-945000,0,0,0,0,945000,-945000,-945000
2492,華新科          ,2502000,4396553,-1894553,0,0,0,110000,20000,90000,853000,629000,331000,298000,668000,113000,555000,-951553
055368,台積電元大97購24,0,0,0,0,0,0,0,0,0,-952000,0,0,0,9000,961000,-952000,-952000
049670,鈺齊國泰96購01  ,0,0,0,0,0,0,0,0,0,-956000,0,0,0,93000,1049000,-956000,-956000
044429,元金2X元大94購04,0,0,0,0,0,0,0,0,0,-960000,0,0,0,0,960000,-960000,-960000
048380,T50反1國票94購02,0,0,0,0,0,0,0,0,0,-965000,0,0,0,30000,995000,-965000,-965000
053418,旺宏永豐96購02  ,0,0,0,0,0,0,0,0,0,-968000,0,0,0,40000,1008000,-968000,-968000
053470,華邦電元大96購02,0,0,0,0,0,0,0,0,0,-970000,0,0,0,90000,1060000,-970000,-970000
2355,敬鵬            ,398000,1373000,-975000,0,0,0,0,0,0,-2000,51000,53000,-2000,0,0,0,-977000
06225P,華新科元富97售04,0,0,0,0,0,0,0,0,0,-983000,0,0,0,101000,1084000,-983000,-983000
00653L,富邦印度正2     ,0,542000,-542000,0,0,0,0,0,0,-443000,0,0,0,90000,533000,-443000,-985000
047421,聯茂富邦97購01  ,0,0,0,0,0,0,0,0,0,-986000,0,0,0,47000,1033000,-986000,-986000
056859,台積電群益98購02,0,0,0,0,0,0,0,0,0,-992000,0,0,0,609000,1601000,-992000,-992000
3645,達邁            ,219000,253000,-34000,0,0,0,0,0,0,-958250,5000,962000,-957000,0,1250,-1250,-992250
05400P,台積電永豐95售05,0,0,0,0,0,0,0,0,0,-994000,0,0,0,1088000,2082000,-994000,-994000
057143,台郡兆豐98購01  ,0,0,0,0,0,0,0,0,0,-1002000,0,0,0,105000,1107000,-1002000,-1002000
056612,台積電永豐98購01,0,0,0,0,0,0,0,0,0,-1004000,0,0,0,68000,1072000,-1004000,-1004000
057299,立積永豐98購02  ,0,0,0,0,0,0,0,0,0,-1010000,0,0,0,205000,1215000,-1010000,-1010000
049007,玉晶光中信96購01,0,0,0,0,0,0,0,0,0,-1018000,0,0,0,17000,1035000,-1018000,-1018000
1303,南亞            ,5398416,6721890,-1323474,0,0,0,142000,3000,139000,166000,81000,0,81000,95000,10000,85000,-1018474
048284,臺股指中信95購04,0,0,0,0,0,0,0,0,0,-1019000,0,0,0,0,1019000,-1019000,-1019000
047212,宏達電富邦97購01,0,0,0,0,0,0,0,0,0,-1020000,0,0,0,103000,1123000,-1020000,-1020000
00640L,富邦日本正2     ,2000,0,2000,0,0,0,0,0,0,-1023000,0,0,0,73000,1096000,-1023000,-1021000
058054,台積電統一9C購01,0,0,0,0,0,0,0,0,0,-1039000,0,0,0,0,1039000,-1039000,-1039000
051845,世紀鋼富邦96購01,0,0,0,0,0,0,0,0,0,-1040000,0,0,0,10000,1050000,-1040000,-1040000
046154,道瓊指群益94購01,0,0,0,0,0,0,0,0,0,-1047000,0,0,0,0,1047000,-1047000,-1047000
052687,國泰金元大96購03,0,0,0,0,0,0,0,0,0,-1048000,0,0,0,0,1048000,-1048000,-1048000
050100,台積電永昌96購02,0,0,0,0,0,0,0,0,0,-1051000,0,0,0,518000,1569000,-1051000,-1051000
3017,奇鋐            ,909000,1832000,-923000,0,0,0,0,0,0,-128000,0,4000,-4000,70000,194000,-124000,-1051000
042093,台灣50群益94購02,0,0,0,0,0,0,0,0,0,-1060000,0,0,0,42000,1102000,-1060000,-1060000
049996,元油2X永豐94購05,0,0,0,0,0,0,0,0,0,-1065000,0,0,0,223000,1288000,-1065000,-1065000
048571,美利達元大96購03,0,0,0,0,0,0,0,0,0,-1066000,0,0,0,0,1066000,-1066000,-1066000
056369,彩晶元大01購01  ,0,0,0,0,0,0,0,0,0,-1073000,0,0,0,0,1073000,-1073000,-1073000
00655L,國泰中國A50正2  ,28000,1703000,-1675000,0,0,0,0,0,0,595000,66000,0,66000,4033000,3504000,529000,-1080000
043231,鴻海中信95購01  ,0,0,0,0,0,0,0,0,0,-1090000,0,0,0,10000,1100000,-1090000,-1090000
047571,滬深2X群益99購01,0,0,0,0,0,0,0,0,0,-1094000,0,0,0,41000,1135000,-1094000,-1094000
056221,鴻海凱基99購01  ,0,0,0,0,0,0,0,0,0,-1095000,0,0,0,3000,1098000,-1095000,-1095000
042993,葡萄王元大94購01,0,0,0,0,0,0,0,0,0,-1104000,0,0,0,374000,1478000,-1104000,-1104000
056437,台積電凱基98購11,0,0,0,0,0,0,0,0,0,-1105000,0,0,0,173000,1278000,-1105000,-1105000
2845,遠東銀          ,2683000,3890615,-1207615,0,0,0,28000,0,28000,74000,74000,0,74000,0,0,0,-1105615
056918,台積電兆豐98購01,0,0,0,0,0,0,0,0,0,-1111000,0,0,0,760000,1871000,-1111000,-1111000
05412P,泰碩國票95售02  ,0,0,0,0,0,0,0,0,0,-1120000,0,0,0,370000,1490000,-1120000,-1120000
056464,臺股指凱基99購06,0,0,0,0,0,0,0,0,0,-1125000,0,0,0,39000,1164000,-1125000,-1125000
050991,元油2X元大96購04,0,0,0,0,0,0,0,0,0,-1125000,0,0,0,30000,1155000,-1125000,-1125000
056246,祥碩群益97購01  ,0,0,0,0,0,0,0,0,0,-1136000,0,0,0,51000,1187000,-1136000,-1136000
047885,元金2X富邦99購01,0,0,0,0,0,0,0,0,0,-1143000,0,0,0,20000,1163000,-1143000,-1143000
2886,兆豐金          ,12589874,17385695,-4795821,0,0,0,196000,25000,171000,3480000,2241000,0,2241000,1241000,2000,1239000,-1144821
2002,中鋼            ,10930474,12600520,-1670046,0,0,0,223000,0,223000,298000,101000,10000,91000,207000,0,207000,-1149046
00730,富邦臺灣優質高息,0,0,0,0,0,0,0,0,0,-1156000,0,0,0,223000,1379000,-1156000,-1156000
053401,臺股指中信99購01,0,0,0,0,0,0,0,0,0,-1160000,0,0,0,521000,1681000,-1160000,-1160000
047504,滬深2X國票9A購01,0,0,0,0,0,0,0,0,0,-1168000,0,0,0,1000,1169000,-1168000,-1168000
052542,友達元富98購01  ,0,0,0,0,0,0,0,0,0,-1188000,0,0,0,0,1188000,-1188000,-1188000
053945,國巨富邦98購02  ,0,0,0,0,0,0,0,0,0,-1188000,0,0,0,222000,1410000,-1188000,-1188000
2376,技嘉            ,1784000,3855000,-2071000,0,0,0,0,0,0,877000,355000,153000,202000,727000,52000,675000,-1194000
043040,永冠元富94購01  ,0,0,0,0,0,0,0,0,0,-1195000,0,0,0,0,1195000,-1195000,-1195000
057393,台積電中信02購01,0,0,0,0,0,0,0,0,0,-1196000,0,0,0,27000,1223000,-1196000,-1196000
056671,台灣50元富9A購01,126000,0,126000,0,0,0,0,0,0,-1329000,0,0,0,216000,1545000,-1329000,-1203000
2801,彰銀            ,5789725,7306683,-1516958,0,0,0,119000,0,119000,185000,101000,0,101000,135000,51000,84000,-1212958
03651C,臺股指凱基97牛17,0,0,0,0,0,0,0,0,0,-1230000,0,0,0,160000,1390000,-1230000,-1230000
00712,FH富時不動產    ,0,1223000,-1223000,0,0,0,0,0,0,-9000,0,0,0,328000,337000,-9000,-1232000
3037,欣興            ,8381001,5997356,2383645,0,0,0,354000,4290000,-3936000,316000,307000,185000,122000,258000,64000,194000,-1236355
054983,國巨元富97購04  ,0,30000,-30000,0,0,0,0,0,0,-1209000,0,0,0,871000,2080000,-1209000,-1239000
056344,嘉晶凱基98購02  ,0,0,0,0,0,0,0,0,0,-1242000,0,0,0,65000,1307000,-1242000,-1242000
057300,訊連永豐98購01  ,0,0,0,0,0,0,0,0,0,-1243000,0,0,0,13000,1256000,-1243000,-1243000
054713,國巨中信9B購01  ,0,0,0,0,0,0,0,0,0,-1251000,0,0,0,387000,1638000,-1251000,-1251000
2308,台達電          ,3959814,5407686,-1447872,0,0,0,80000,8000,72000,108000,114000,78000,36000,92000,20000,72000,-1267872
056591,S&P正2元富9A購01,0,0,0,0,0,0,0,0,0,-1269000,0,0,0,0,1269000,-1269000,-1269000
042433,元油2X永豐96購01,0,0,0,0,0,0,0,0,0,-1272000,0,0,0,0,1272000,-1272000,-1272000
2889,國票金          ,2611000,4054640,-1443640,0,0,0,0,0,0,148000,148000,0,148000,0,0,0,-1295640
051259,鴻海永昌96購03  ,0,0,0,0,0,0,0,0,0,-1297000,0,0,0,3033000,4330000,-1297000,-1297000
054102,百和國票97購04  ,0,0,0,0,0,0,0,0,0,-1297000,0,0,0,629000,1926000,-1297000,-1297000
054534,台積電富邦98購03,0,0,0,0,0,0,0,0,0,-1301000,0,0,0,115000,1416000,-1301000,-1301000
054658,道瓊銀元大9A購01,0,0,0,0,0,0,0,0,0,-1320000,0,0,0,0,1320000,-1320000,-1320000
050101,台積電永昌96購03,20000,0,20000,0,0,0,0,0,0,-1390000,0,0,0,867000,2257000,-1390000,-1370000
051367,可成富邦97購01  ,0,0,0,0,0,0,0,0,0,-1374000,0,0,0,0,1374000,-1374000,-1374000
6176,瑞儀            ,1062000,2806768,-1744768,0,0,0,0,0,0,340000,91000,65000,26000,316000,2000,314000,-1404768
8150,南茂            ,1030000,2603000,-1573000,0,0,0,0,0,0,166000,18000,0,18000,177000,29000,148000,-1407000
055976,台積電統一99購03,0,0,0,0,0,0,0,0,0,-1413000,0,0,0,101000,1514000,-1413000,-1413000
2449,京元電子        ,2768000,5605061,-2837061,0,0,0,560000,0,560000,857000,85000,0,85000,827000,55000,772000,-1420061
2342,茂矽            ,581000,2009000,-1428000,0,0,0,0,0,0,3000,3000,0,3000,0,0,0,-1425000
054606,台積電永豐97購02,0,0,0,0,0,0,0,0,0,-1443000,0,0,0,45000,1488000,-1443000,-1443000
00701,國泰股利精選30  ,5000,793000,-788000,0,0,0,0,0,0,-693997,20000,0,20000,499000,1212997,-713997,-1481997
047584,元金2X永豐95購01,0,0,0,0,0,0,0,0,0,-1494000,0,0,0,63000,1557000,-1494000,-1494000
00668,國泰美國道瓊    ,1000,0,1000,0,0,0,0,0,0,-1499000,0,0,0,29000,1528000,-1499000,-1498000
057692,臺股指凱基98購10,0,0,0,0,0,0,0,0,0,-1513000,0,0,0,57000,1570000,-1513000,-1513000
054204,元金2X國票9B購02,0,0,0,0,0,0,0,0,0,-1573000,0,0,0,103000,1676000,-1573000,-1573000
052287,臺股指中信95購12,0,0,0,0,0,0,0,0,0,-1580000,0,0,0,0,1580000,-1580000,-1580000
049214,台達電國票95購01,0,0,0,0,0,0,0,0,0,-1597000,0,0,0,0,1597000,-1597000,-1597000
4904,遠傳            ,2464837,4165325,-1700488,0,0,0,31000,0,31000,71000,43000,0,43000,28000,0,28000,-1598488
052314,鴻海元大96購11  ,0,0,0,0,0,0,0,0,0,-1611000,0,0,0,43000,1654000,-1611000,-1611000
05677P,玉晶光群益98售03,0,0,0,0,0,0,0,0,0,-1627000,0,0,0,480000,2107000,-1627000,-1627000
055735,宏達電元富98購01,0,0,0,0,0,0,0,0,0,-1629000,0,0,0,318000,1947000,-1629000,-1629000
05397P,大立光凱基96售08,0,0,0,0,0,0,0,0,0,-1635000,0,0,0,507000,2142000,-1635000,-1635000
056236,台積電群益97購06,0,0,0,0,0,0,0,0,0,-1711000,0,0,0,300000,2011000,-1711000,-1711000
054198,台積電永昌96購08,0,0,0,0,0,0,0,0,0,-1727000,0,0,0,341000,2068000,-1727000,-1727000
00717,富邦美國特別股  ,0,100000,-100000,0,0,0,0,0,0,-1647236,20000,0,20000,431000,2098236,-1667236,-1747236
3702,大聯大          ,1425837,4159224,-2733387,0,0,0,4000,3000,1000,963000,15000,0,15000,975000,27000,948000,-1769387
050715,台積電群益96購01,0,0,0,0,0,0,0,0,0,-1778000,0,0,0,1223000,3001000,-1778000,-1778000
044104,鴻海中信95購03  ,0,0,0,0,0,0,0,0,0,-1808000,0,0,0,0,1808000,-1808000,-1808000
2344,華邦電          ,13981080,17292782,-3311702,0,0,0,210000,0,210000,1228000,812000,78000,734000,964000,470000,494000,-1873702
2883,開發金          ,14209165,16544195,-2335030,0,0,0,245000,0,245000,215000,23000,0,23000,265000,73000,192000,-1875030
1326,台化            ,3283255,5684424,-2401169,0,0,0,97000,2000,95000,420000,62000,0,62000,359000,1000,358000,-1886169
5876,上海商銀        ,2735772,4720146,-1984374,0,0,0,18000,0,18000,63000,0,0,0,82000,19000,63000,-1903374
2379,瑞昱            ,2541705,4513101,-1971396,0,0,0,58000,6000,52000,-16000,42000,42000,0,38000,54000,-16000,-1935396
053172,瑞儀群益97購01  ,0,0,0,0,0,0,0,0,0,-1962000,0,0,0,0,1962000,-1962000,-1962000
054072,台積電富邦98購02,0,0,0,0,0,0,0,0,0,-1973000,0,0,0,599000,2572000,-1973000,-1973000
044269,群創中信95購01  ,0,0,0,0,0,0,0,0,0,-2029000,0,0,0,392000,2421000,-2029000,-2029000
056805,元石油統一9B購01,0,0,0,0,0,0,0,0,0,-2042000,0,0,0,0,2042000,-2042000,-2042000
04787P,台積電永昌96售04,0,0,0,0,0,0,0,0,0,-2065000,0,0,0,102000,2167000,-2065000,-2065000
00635U,元大S&P黃金     ,0,99000,-99000,0,0,0,0,0,0,-1985500,245000,320000,-75000,0,1910500,-1910500,-2084500
052786,S&P500中信96購01,0,0,0,0,0,0,0,0,0,-2087000,0,0,0,100000,2187000,-2087000,-2087000
1504,東元            ,2481000,4646873,-2165873,0,0,0,27000,0,27000,43000,43000,0,43000,0,0,0,-2095873
054377,臺股指中信99購09,0,0,0,0,0,0,0,0,0,-2119000,0,0,0,119000,2238000,-2119000,-2119000
045873,元油2X元富98購04,0,0,0,0,0,0,0,0,0,-2138000,0,0,0,108000,2246000,-2138000,-2138000
051614,元金2X凱基97購01,10000,0,10000,0,0,0,0,0,0,-2187000,0,0,0,10000,2197000,-2187000,-2177000
055210,S&P正2凱基97購01,0,0,0,0,0,0,0,0,0,-2212000,0,0,0,0,2212000,-2212000,-2212000
3711,日月光投控      ,6380124,10269990,-3889866,0,0,0,60000,6000,54000,1594000,416000,31000,385000,1234000,25000,1209000,-2241866
045600,道瓊指國票95購01,0,0,0,0,0,0,0,0,0,-2269000,0,0,0,0,2269000,-2269000,-2269000
2409,友達            ,33177161,36057780,-2880619,0,0,0,110000,1783000,-1673000,2262000,659000,90000,569000,2015000,322000,1693000,-2291619
1102,亞泥            ,7126011,10397137,-3271126,0,0,0,46000,300000,-254000,1181000,295000,9000,286000,909000,14000,895000,-2344126
054774,同欣電國票98購01,0,0,0,0,0,0,0,0,0,-2355000,0,0,0,135000,2490000,-2355000,-2355000
049545,台積電群益94購09,0,0,0,0,0,0,0,0,0,-2403000,0,0,0,5000,2408000,-2403000,-2403000
1101,台泥            ,6615540,10259718,-3644178,0,0,0,375000,0,375000,810000,107000,347000,-240000,1186000,136000,1050000,-2459178
056060,宏達電元大99購01,0,0,0,0,0,0,0,0,0,-2532000,0,0,0,59000,2591000,-2532000,-2532000
043538,元石油國票97購01,0,0,0,0,0,0,0,0,0,-2692000,0,0,0,0,2692000,-2692000,-2692000
2327,國巨            ,4084792,7322765,-3237973,0,0,0,11000,60000,-49000,513000,455000,485000,-30000,779000,236000,543000,-2773973
00631L,元大台灣50正2   ,17000,56000,-39000,0,0,0,0,0,0,-2779000,2000,87000,-85000,1649000,4343000,-2694000,-2818000
06440P,台積電凱基98售07,0,0,0,0,0,0,0,0,0,-2848000,0,0,0,301000,3149000,-2848000,-2848000
2838,聯邦銀          ,338000,3399084,-3061084,0,0,0,0,0,0,104000,104000,0,104000,0,0,0,-2957084
1325,恆大            ,515000,3470000,-2955000,0,0,0,0,0,0,-20000,0,20000,-20000,0,0,0,-2975000
9904,寶成            ,3763814,6912388,-3148574,0,0,0,47000,10000,37000,110000,64000,0,64000,46000,0,46000,-3001574
00692,富邦公司治理    ,2000,1000,1000,0,0,0,0,0,0,-3082000,0,0,0,1427000,4509000,-3082000,-3081000
056592,台積電元富98購01,0,0,0,0,0,0,0,0,0,-3091000,0,0,0,343000,3434000,-3091000,-3091000
056594,台積電元富98購03,0,0,0,0,0,0,0,0,0,-3098000,0,0,0,484000,3582000,-3098000,-3098000
045700,道瓊指中信94購01,0,0,0,0,0,0,0,0,0,-3192000,0,0,0,0,3192000,-3192000,-3192000
2884,玉山金          ,17377362,20452893,-3075531,0,0,0,193000,12000,181000,-344000,41000,588000,-547000,228000,25000,203000,-3238531
056593,台積電元富98購02,0,0,0,0,0,0,0,0,0,-3253000,0,0,0,50000,3303000,-3253000,-3253000
00850,元大臺灣ESG永續 ,3000,4000,-1000,0,0,0,0,0,0,-3378900,0,60000,-60000,913000,4231900,-3318900,-3379900
2823,中壽            ,4120755,7764584,-3643829,0,0,0,53000,0,53000,121000,48000,0,48000,85000,12000,73000,-3469829
056829,台積電富邦9A購01,0,0,0,0,0,0,0,0,0,-3479000,0,0,0,924000,4403000,-3479000,-3479000
042712,元石油國票95購01,0,0,0,0,0,0,0,0,0,-3570000,0,0,0,0,3570000,-3570000,-3570000
07480P,FBVIX凱基94售01 ,0,0,0,0,0,0,0,0,0,-3791000,0,0,0,7000,3798000,-3791000,-3791000
00633L,富邦上証正2     ,515000,5932000,-5417000,0,0,0,0,0,0,1486000,30000,69000,-39000,6971000,5446000,1525000,-3931000
056955,台灣50永豐98購01,500000,0,500000,0,0,0,0,0,0,-4517000,0,0,0,494000,5011000,-4517000,-4017000
049389,元石油中信97購02,0,0,0,0,0,0,0,0,0,-4095000,0,0,0,1167000,5262000,-4095000,-4095000
1301,台塑            ,2747975,7306304,-4558329,0,0,0,71000,3000,68000,278000,184000,46000,138000,142000,2000,140000,-4212329
051133,台積電永豐95購02,0,0,0,0,0,0,0,0,0,-4334000,0,0,0,2968000,7302000,-4334000,-4334000
2885,元大金          ,12570247,17461727,-4891480,0,0,0,198000,20000,178000,339000,278000,200000,78000,277000,16000,261000,-4374480
046147,道瓊指中信96購02,0,0,0,0,0,0,0,0,0,-4396000,0,0,0,0,4396000,-4396000,-4396000
00830,國泰費城半導體  ,1598000,0,1598000,0,0,0,0,0,0,-6014000,30000,0,30000,395000,6439000,-6044000,-4416000
054685,國巨永豐97購02  ,0,0,0,0,0,0,0,0,0,-4462000,0,0,0,414000,4876000,-4462000,-4462000
3045,台灣大          ,2793724,7512761,-4719037,0,0,0,50000,1000,49000,37000,65000,55000,10000,27000,0,27000,-4633037
00646,元大S&P500      ,24000,416000,-392000,0,0,0,0,0,0,-4375900,105000,0,105000,85000,4565900,-4480900,-4767900
2880,華南金          ,7902021,13265766,-5363745,0,0,0,165000,0,165000,241000,64000,0,64000,177000,0,177000,-4957745
053564,台積電富邦99購01,0,0,0,0,0,0,0,0,0,-4999000,0,0,0,0,4999000,-4999000,-4999000
2408,南亞科          ,7365600,14748814,-7383214,0,0,0,86000,212000,-126000,1452000,858000,257000,601000,978000,127000,851000,-6057214
2881,富邦金          ,7241649,13992854,-6751205,0,0,0,135000,21000,114000,324000,105000,0,105000,250000,31000,219000,-6313205
2324,仁寶            ,4639206,13027675,-8388469,0,0,0,51000,12000,39000,1913000,230000,32000,198000,1721000,6000,1715000,-6436469
00670L,富邦NASDAQ正2   ,29000,10000,19000,0,0,0,0,0,0,-6496000,0,0,0,236000,6732000,-6496000,-6477000
2356,英業達          ,2529000,11235661,-8706661,0,0,0,38000,0,38000,2094000,700000,8000,692000,1413000,11000,1402000,-6574661
00647L,元大S&P500正2   ,1000,0,1000,0,0,0,0,0,0,-6853000,0,0,0,161000,7014000,-6853000,-6852000
00715L,街口布蘭特油正2 ,20000,1000000,-980000,0,0,0,0,0,0,-6103000,0,0,0,23000,6126000,-6103000,-7083000
2303,聯電            ,70519664,80465599,-9945935,0,0,0,1195000,0,1195000,1471000,2364000,1440000,924000,572000,25000,547000,-7279935
5880,合庫金          ,7306677,14883685,-7577008,0,0,0,171000,9000,162000,55000,48000,199000,-151000,216000,10000,206000,-7360008
1216,統一            ,7935268,16048359,-8113091,0,0,0,124000,0,124000,99000,60000,40000,20000,86000,7000,79000,-7890091
00861,元大全球未來通訊,28000,2000,26000,0,0,0,0,0,0,-7937900,150000,0,150000,5000,8092900,-8087900,-7911900
052150,台積電富邦95購07,0,0,0,0,0,0,0,0,0,-8165000,0,0,0,38000,8203000,-8165000,-8165000
00708L,元大S&P黃金正2  ,98000,504000,-406000,0,0,0,0,0,0,-8113000,0,0,0,4533000,12646000,-8113000,-8519000
2890,永豐金          ,11281914,20587311,-9305397,0,0,0,204000,0,204000,199000,16000,4000,12000,189000,2000,187000,-8902397
4938,和碩            ,3305837,13658017,-10352180,0,0,0,36000,1000,35000,1075000,661000,8000,653000,511000,89000,422000,-9242180
2834,臺企銀          ,5860003,15479319,-9619316,0,0,0,62000,8000,54000,150000,28000,0,28000,122000,0,122000,-9415316
2618,長榮航          ,3969326,13631395,-9662069,0,0,0,33000,8000,25000,72000,554000,450000,104000,36000,68000,-32000,-9565069
2301,光寶科          ,4257095,15807868,-11550773,0,0,0,31000,0,31000,934000,307000,0,307000,641000,14000,627000,-10585773
2892,第一金          ,11594474,23129172,-11534698,0,0,0,179000,0,179000,249000,64000,0,64000,185000,0,185000,-11106698
3481,群創            ,39868879,49578824,-9709945,0,0,0,87000,4231000,-4144000,2033000,939000,238000,701000,2262000,930000,1332000,-11820945
2317,鴻海            ,19464716,33861562,-14396846,0,0,0,179000,0,179000,814000,805000,242000,563000,1059000,808000,251000,-13403846
0050,元大台灣50      ,1517000,17465100,-15948100,0,0,0,200000,0,200000,-1056001,2016000,109000,1907000,3075000,6038001,-2963001,-16804101
00637L,元大滬深300正2  ,10527000,12676000,-2149000,0,0,0,0,0,0,-16894000,132000,35000,97000,30719000,47710000,-16991000,-19043000
2891,中信金          ,25307639,47327862,-22020223,0,0,0,457000,0,457000,1814000,1483000,0,1483000,331000,0,331000,-19749223
2882,國泰金          ,7916892,28685727,-20768835,0,0,0,156000,0,156000,59000,0,125000,-125000,200000,16000,184000,-20553835
00852L,國泰美國道瓊正2 ,1557000,397000,1160000,0,0,0,0,0,0,-26004000,0,0,0,459000,26463000,-26004000,-24844000
2330,台積電          ,28825099,64756924,-35931825,0,0,0,534000,42000,492000,2951000,2065000,405000,1660000,1643000,352000,1291000,-32488825
0056,元大高股息      ,18000,10000,8000,0,0,0,100000,0,100000,-35301000,1113000,210000,903000,0,36204000,-36204000,-35193000
00672L,元大S&P原油正2  ,275000,28767000,-28492000,0,0,0,0,0,0,-29022000,2000000,200000,1800000,7226000,38048000,-30822000,-57514000
00642U,元大S&P石油     ,4528000,5744000,-1216000,0,0,0,0,0,0,-105562000,295000,0,295000,4938000,110795000,-105857000,-106778000
