證券代號,證券名稱,外陸資買進股數(不含外資自營商),外陸資賣出股數(不含外資自營商),外陸資買賣超股數(不含外資自營商),外資自營商買進股數,外資自營商賣出股數,外資自營商買賣超股數,投信買進股數,投信賣出股數,投信買賣超股數,自營商買賣超股數,自營商買進股數(自行買賣),自營商賣出股數(自行買賣),自營商買賣超股數(自行買賣),自營商買進股數(避險),自營商賣出股數(避險),自營商買賣超股數(避險),三大法人買賣超股數
2303,聯電            ,49595000,37348972,12246028,0,0,0,123000,0,123000,-754000,480000,880000,-400000,119000,473000,-354000,11615028
2888,新光金          ,30034299,19170935,10863364,0,0,0,61000,0,61000,261000,1000,0,1000,318000,58000,260000,11185364
2368,金像電          ,10108000,1974000,8134000,0,0,0,0,1180000,-1180000,-489000,308000,817000,-509000,20000,0,20000,6465000
00671R,富邦NASDAQ反1   ,0,249000,-249000,0,0,0,0,0,0,6315000,0,0,0,6768000,453000,6315000,6066000
2887,台新金          ,16677858,11563273,5114585,0,0,0,53000,0,53000,257000,298000,29000,269000,12000,24000,-12000,5424585
00648R,元大S&P500反1   ,6000,17000,-11000,0,0,0,0,0,0,4592000,0,0,0,4926000,334000,4592000,4581000
049114,玉晶光統一94購02,0,0,0,0,0,0,0,0,0,3900000,0,0,0,3900000,0,3900000,3900000
2603,長榮            ,4586920,4059412,527508,0,0,0,2497000,0,2497000,-3000,22000,39000,-17000,14000,0,14000,3021508
4142,國光生          ,3178000,642000,2536000,0,0,0,0,0,0,0,0,0,0,0,0,0,2536000
058727,嘉晶富邦9A購01  ,0,0,0,0,0,0,0,0,0,2495000,0,0,0,2495000,0,2495000,2495000
2412,中華電          ,9296000,7265402,2030598,0,0,0,216500,0,216500,-38000,0,17000,-17000,2000,23000,-21000,2209098
2618,長榮航          ,12156135,9652299,2503836,0,0,0,4000,0,4000,-404000,60000,576000,-516000,210000,98000,112000,2103836
3034,聯詠            ,6640000,4725776,1914224,0,0,0,1000,20000,-19000,35000,15000,82000,-67000,129000,27000,102000,1930224
059294,宏達電元富9B購02,0,0,0,0,0,0,0,0,0,1805000,0,0,0,2042000,237000,1805000,1805000
1303,南亞            ,8946000,7506634,1439366,0,0,0,32000,41000,-9000,148000,209000,29000,180000,28000,60000,-32000,1578366
047372,創意國票94購01  ,0,0,0,0,0,0,0,0,0,1511000,0,0,0,1511000,0,1511000,1511000
04827P,國巨凱基94售09  ,0,0,0,0,0,0,0,0,0,1424000,0,0,0,1424000,0,1424000,1424000
4967,十銓            ,1855000,387000,1468000,0,0,0,0,50000,-50000,0,0,0,0,0,0,0,1418000
03647C,T50反1元富99牛02,0,0,0,0,0,0,0,0,0,1343000,0,0,0,1761000,418000,1343000,1343000
056181,百和元富97購02  ,0,0,0,0,0,0,0,0,0,1300000,0,0,0,1300000,0,1300000,1300000
6278,台表科          ,2304000,1259000,1045000,0,0,0,482000,227000,255000,-1000,1000,0,1000,6000,8000,-2000,1299000
059239,台積電凱基99購12,0,0,0,0,0,0,0,0,0,1273000,0,0,0,1345000,72000,1273000,1273000
2027,大成鋼          ,681547,661611,19936,0,0,0,0,6000,-6000,1131000,2000,12000,-10000,1143000,2000,1141000,1144936
3338,泰碩            ,1353000,904000,449000,0,0,0,651000,0,651000,27000,68000,8000,60000,23000,56000,-33000,1127000
4935,茂林-KY         ,872000,1390000,-518000,0,0,0,1762000,196000,1566000,40000,2000,0,2000,39000,1000,38000,1088000
059377,台積電群益99購09,0,0,0,0,0,0,0,0,0,1053000,0,0,0,1177000,124000,1053000,1053000
057696,聯電群益9A購01  ,0,0,0,0,0,0,0,0,0,997000,0,0,0,1272000,275000,997000,997000
053564,台積電富邦99購01,0,0,0,0,0,0,0,0,0,988000,0,0,0,988000,0,988000,988000
6505,台塑化          ,2508000,1438354,1069646,0,0,0,15000,117000,-102000,-48000,7000,55000,-48000,0,0,0,919646
03050X,元展47          ,0,0,0,0,0,0,0,0,0,919000,0,0,0,1073000,154000,919000,919000
4927,泰鼎-KY         ,1285000,780000,505000,0,0,0,1428000,874000,554000,-178000,21000,162000,-141000,14000,51000,-37000,881000
051240,台積電元大95購12,0,0,0,0,0,0,0,0,0,861000,0,0,0,861000,0,861000,861000
057071,華擎永豐98購02  ,0,0,0,0,0,0,0,0,0,860000,0,0,0,860000,0,860000,860000
2841,台開            ,1201172,357000,844172,0,0,0,0,0,0,-2000,0,2000,-2000,0,0,0,842172
056401,國巨群益98購07  ,0,0,0,0,0,0,0,0,0,841000,0,0,0,1341000,500000,841000,841000
6669,緯穎            ,1345892,690182,655710,0,0,0,205000,0,205000,-25000,0,17000,-17000,3000,11000,-8000,835710
058174,台積電凱基9A購05,0,0,0,0,0,0,0,0,0,812000,0,0,0,983000,171000,812000,812000
04049P,大立光元大95售02,0,0,0,0,0,0,0,0,0,805000,0,0,0,827000,22000,805000,805000
059238,台積電凱基99購11,0,0,0,0,0,0,0,0,0,800000,0,0,0,868000,68000,800000,800000
059138,台積電兆豐99購04,0,0,0,0,0,0,0,0,0,788000,0,0,0,788000,0,788000,788000
048153,台積電兆豐94購01,0,0,0,0,0,0,0,0,0,772000,0,0,0,772000,0,772000,772000
058717,南電台新99購02  ,0,0,0,0,0,0,0,0,0,753000,0,0,0,820000,67000,753000,753000
056318,鴻海群益98購02  ,0,0,0,0,0,0,0,0,0,751000,0,0,0,751000,0,751000,751000
6176,瑞儀            ,2532000,2528695,3305,0,0,0,500000,81000,419000,301000,26000,17000,9000,297000,5000,292000,723305
2104,國際中橡        ,833705,112025,721680,0,0,0,0,0,0,0,0,0,0,0,0,0,721680
5225,東科-KY         ,763000,54000,709000,0,0,0,0,0,0,0,0,0,0,0,0,0,709000
3653,健策            ,1001000,201000,800000,0,0,0,275000,270000,5000,-97000,55000,105000,-50000,10000,57000,-47000,708000
052891,台泥群益96購01  ,0,0,0,0,0,0,0,0,0,698000,0,0,0,698000,0,698000,698000
3049,和鑫            ,1597925,901535,696390,0,0,0,0,0,0,1000,1000,0,1000,0,0,0,697390
3576,聯合再生        ,1060000,414514,645486,0,0,0,0,0,0,5000,5000,0,5000,0,0,0,650486
6239,力成            ,3653000,2642550,1010450,0,0,0,0,349000,-349000,-13000,33000,40000,-7000,4000,10000,-6000,648450
055861,矽力元大97購03  ,0,0,0,0,0,0,0,0,0,643000,0,0,0,643000,0,643000,643000
059146,貿聯國票9A購02  ,0,0,0,0,0,0,0,0,0,639000,0,0,0,642000,3000,639000,639000
058528,世紀鋼元大99購02,0,0,0,0,0,0,0,0,0,630000,0,0,0,640000,10000,630000,630000
059369,滬深2X元富9C購01,0,0,0,0,0,0,0,0,0,630000,0,0,0,757000,127000,630000,630000
056754,智易兆豐99購01  ,0,0,0,0,0,0,0,0,0,627000,0,0,0,627000,0,627000,627000
038095,T50反1群益93購02,0,0,0,0,0,0,0,0,0,626000,0,0,0,726000,100000,626000,626000
059293,宏達電元富9B購01,0,0,0,0,0,0,0,0,0,623000,0,0,0,751000,128000,623000,623000
2342,茂矽            ,982407,363989,618418,0,0,0,0,0,0,0,0,0,0,0,0,0,618418
2356,英業達          ,3621751,4333837,-712086,0,0,0,3000,21000,-18000,1345000,61000,13000,48000,1354000,57000,1297000,614914
059285,台灣50元富01購02,0,0,0,0,0,0,0,0,0,602000,0,0,0,602000,0,602000,602000
2327,國巨            ,4911830,4150837,760993,0,0,0,17000,301000,-284000,105321,8000,12000,-4000,202000,92679,109321,582314
058770,貿聯兆豐9A購01  ,0,0,0,0,0,0,0,0,0,565000,0,0,0,565000,0,565000,565000
059163,台積電凱基99購10,0,0,0,0,0,0,0,0,0,564000,0,0,0,731000,167000,564000,564000
9958,世紀鋼          ,1649000,794000,855000,0,0,0,50000,130000,-80000,-224000,10000,7000,3000,54000,281000,-227000,551000
053353,玉晶光兆豐97購03,0,0,0,0,0,0,0,0,0,550000,0,0,0,550000,0,550000,550000
05305P,華新科國泰97售01,0,0,0,0,0,0,0,0,0,546000,0,0,0,546000,0,546000,546000
057824,日月光元大98購01,0,0,0,0,0,0,0,0,0,544000,0,0,0,544000,0,544000,544000
03438P,群創群益98售03  ,0,0,0,0,0,0,0,0,0,541000,0,0,0,541000,0,541000,541000
00636,國泰中國A50     ,680000,105000,575000,0,0,0,0,0,0,-35892,0,0,0,180000,215892,-35892,539108
8996,高力            ,1291000,273000,1018000,0,0,0,0,350000,-350000,-130000,0,130000,-130000,0,0,0,538000
052886,世紀鋼兆豐96購01,0,0,0,0,0,0,0,0,0,533000,0,0,0,716000,183000,533000,533000
056402,智易群益98購02  ,0,0,0,0,0,0,0,0,0,530000,0,0,0,530000,0,530000,530000
06858P,道瓊指中信9B售01,0,0,0,0,0,0,0,0,0,525000,0,0,0,525000,0,525000,525000
052588,玉晶光永豐98購01,0,0,0,0,0,0,0,0,0,515000,0,0,0,515000,0,515000,515000
053701,台積電兆豐96購05,0,0,0,0,0,0,0,0,0,508000,0,0,0,508000,0,508000,508000
055094,智易群益98購01  ,0,0,0,0,0,0,0,0,0,507000,0,0,0,507000,0,507000,507000
053815,聯發科群益96購01,0,0,0,0,0,0,0,0,0,500000,0,0,0,500000,0,500000,500000
053610,矽力中信98購01  ,0,0,0,0,0,0,0,0,0,491000,0,0,0,491000,0,491000,491000
00673R,元大S&P原油反1  ,855000,461000,394000,0,0,0,0,0,0,83000,0,0,0,2237000,2154000,83000,477000
1789,神隆            ,592000,125127,466873,0,0,0,0,0,0,0,0,0,0,0,0,0,466873
6456,GIS-KY          ,338000,719000,-381000,0,0,0,850000,0,850000,-6000,3000,3000,0,6000,12000,-6000,463000
05149P,緯穎國泰96售01  ,0,0,0,0,0,0,0,0,0,455000,0,0,0,530000,75000,455000,455000
057846,神達永豐98購01  ,0,0,0,0,0,0,0,0,0,450000,0,0,0,450000,0,450000,450000
04760P,旺宏凱基94售02  ,0,0,0,0,0,0,0,0,0,450000,0,0,0,450000,0,450000,450000
2031,新光鋼          ,734000,281000,453000,0,0,0,0,0,0,-12000,0,12000,-12000,0,0,0,441000
050784,美律國泰96購01  ,0,0,0,0,0,0,0,0,0,439000,0,0,0,439000,0,439000,439000
051808,美律凱基96購02  ,0,0,0,0,0,0,0,0,0,434000,0,0,0,499000,65000,434000,434000
00701,國泰股利精選30  ,108000,10000,98000,0,0,0,0,0,0,334400,0,0,0,1001000,666600,334400,432400
3042,晶技            ,1323000,1047000,276000,0,0,0,725000,500000,225000,-71000,45000,36000,9000,11000,91000,-80000,430000
052614,聯電國泰97購01  ,0,0,0,0,0,0,0,0,0,429000,0,0,0,629000,200000,429000,429000
048860,玉晶光群益96購03,0,0,0,0,0,0,0,0,0,427000,0,0,0,427000,0,427000,427000
020012,富邦行動通訊N   ,0,0,0,0,0,0,0,0,0,425000,0,0,0,470000,45000,425000,425000
07073P,臺股指中信9B售02,0,0,0,0,0,0,0,0,0,423000,0,0,0,423000,0,423000,423000
03413B,臺股指凱基94熊19,0,0,0,0,0,0,0,0,0,421000,0,0,0,437000,16000,421000,421000
059287,華通元富99購03  ,0,0,0,0,0,0,0,0,0,410000,0,0,0,410000,0,410000,410000
6531,愛普            ,663000,254000,409000,0,0,0,0,0,0,0,0,0,0,0,0,0,409000
053259,卜蜂群益97購01  ,0,0,0,0,0,0,0,0,0,407000,0,0,0,407000,0,407000,407000
057321,台泥群益98購01  ,0,0,0,0,0,0,0,0,0,400000,0,0,0,400000,0,400000,400000
051807,瑞昱凱基95購03  ,0,0,0,0,0,0,0,0,0,395000,0,0,0,395000,0,395000,395000
046906,新光金凱基99購02,0,0,0,0,0,0,0,0,0,390000,0,0,0,390000,0,390000,390000
03016P,滬深2X群益01售09,0,0,0,0,0,0,0,0,0,387000,0,0,0,387000,0,387000,387000
00680L,元大美債20正2   ,0,0,0,0,0,0,0,0,0,384000,0,0,0,660000,276000,384000,384000
051849,旺宏中信98購01  ,0,0,0,0,0,0,0,0,0,380000,0,0,0,380000,0,380000,380000
4977,眾達-KY         ,514899,137212,377687,0,0,0,0,0,0,1000,0,0,0,1000,0,1000,378687
3669,圓展            ,438000,70000,368000,0,0,0,0,0,0,10000,10000,0,10000,0,0,0,378000
057257,台泥兆豐99購01  ,0,0,0,0,0,0,0,0,0,378000,0,0,0,378000,0,378000,378000
056604,鴻海富邦9A購01  ,0,0,0,0,0,0,0,0,0,375000,0,0,0,380000,5000,375000,375000
057842,緯穎富邦99購02  ,0,0,0,0,0,0,0,0,0,371000,0,0,0,371000,0,371000,371000
1304,台聚            ,1984228,890019,1094209,0,0,0,0,800000,-800000,75000,75000,0,75000,0,0,0,369209
059080,亞泥元大99購01  ,0,0,0,0,0,0,0,0,0,359000,0,0,0,399000,40000,359000,359000
055512,聯詠兆豐97購01  ,0,0,0,0,0,0,0,0,0,356000,0,0,0,476000,120000,356000,356000
054343,世紀鋼元富96購02,0,0,0,0,0,0,0,0,0,340000,0,0,0,358000,18000,340000,340000
00643,群益深証中小    ,463000,120000,343000,0,0,0,0,0,0,-5000,0,0,0,12000,17000,-5000,338000
053305,聯詠凱基96購02  ,0,0,0,0,0,0,0,0,0,336000,0,0,0,336000,0,336000,336000
054716,緯穎康和97購01  ,0,0,0,0,0,0,0,0,0,335000,0,0,0,850000,515000,335000,335000
2637,慧洋-KY         ,1390070,1054000,336070,0,0,0,0,0,0,-3000,0,3000,-3000,0,0,0,333070
058659,力成中信99購01  ,0,0,0,0,0,0,0,0,0,330000,0,0,0,330000,0,330000,330000
054197,台積電永昌96購07,0,0,0,0,0,0,0,0,0,330000,0,0,0,330000,0,330000,330000
058343,台積電群益99購02,0,0,0,0,0,0,0,0,0,327000,0,0,0,327000,0,327000,327000
2456,奇力新          ,1044392,582240,462152,0,0,0,0,119000,-119000,-17000,16000,3000,13000,1000,31000,-30000,326152
8215,明基材          ,910000,584000,326000,0,0,0,0,0,0,0,0,0,0,0,0,0,326000
00669R,國泰美國道瓊反1 ,73000,82000,-9000,0,0,0,0,0,0,334000,0,0,0,2363000,2029000,334000,325000
058915,SGBR2X元富99購01,0,0,0,0,0,0,0,0,0,322000,0,0,0,322000,0,322000,322000
057592,美律兆豐99購01  ,0,0,0,0,0,0,0,0,0,320000,0,0,0,340000,20000,320000,320000
058633,台灣50兆豐99購01,0,0,0,0,0,0,0,0,0,315000,0,0,0,315000,0,315000,315000
057239,貿聯凱基98購05  ,0,0,0,0,0,0,0,0,0,314000,0,0,0,324000,10000,314000,314000
059290,全新元富99購01  ,0,0,0,0,0,0,0,0,0,312000,0,0,0,312000,0,312000,312000
059376,國巨群益99購09  ,0,0,0,0,0,0,0,0,0,311000,0,0,0,327000,16000,311000,311000
1305,華夏            ,524483,254142,270341,0,0,0,0,0,0,40000,40000,0,40000,0,0,0,310341
3515,華擎            ,303000,659000,-356000,0,0,0,675000,0,675000,-9000,2000,1000,1000,13000,23000,-10000,310000
056492,全新國泰9A購01  ,0,0,0,0,0,0,0,0,0,310000,0,0,0,310000,0,310000,310000
057265,聯詠兆豐98購01  ,0,0,0,0,0,0,0,0,0,308000,0,0,0,308000,0,308000,308000
055425,聚陽群益99購01  ,0,0,0,0,0,0,0,0,0,308000,0,0,0,308000,0,308000,308000
2723,美食-KY         ,657179,366368,290811,0,0,0,0,0,0,12000,10000,0,10000,2000,0,2000,302811
055017,緯穎元富97購01  ,0,0,0,0,0,0,0,0,0,302000,0,0,0,302000,0,302000,302000
043656,上証反元大94購01,0,0,0,0,0,0,0,0,0,302000,0,0,0,302000,0,302000,302000
07006P,旺宏統一9B售03  ,0,0,0,0,0,0,0,0,0,300000,0,0,0,300000,0,300000,300000
053153,大立光元大99購02,0,0,0,0,0,0,0,0,0,300000,0,0,0,300000,0,300000,300000
050134,世紀鋼凱基94購04,0,0,0,0,0,0,0,0,0,300000,0,0,0,300000,0,300000,300000
055236,建準台新98購01  ,0,0,0,0,0,0,0,0,0,300000,0,0,0,300000,0,300000,300000
055623,貿聯國泰99購01  ,0,0,0,0,0,0,0,0,0,300000,0,0,0,300000,0,300000,300000
059220,聯發科元大99購20,0,0,0,0,0,0,0,0,0,299000,0,0,0,323000,24000,299000,299000
06034P,世芯凱基96售03  ,0,0,0,0,0,0,0,0,0,297000,0,0,0,437000,140000,297000,297000
058903,聯發科元大99購16,0,0,0,0,0,0,0,0,0,291000,0,0,0,291000,0,291000,291000
053746,彰銀康和96購01  ,0,0,0,0,0,0,0,0,0,288000,0,0,0,595000,307000,288000,288000
057835,華擎元富9B購01  ,0,0,0,0,0,0,0,0,0,287000,0,0,0,287000,0,287000,287000
050647,聯發科凱基96購01,0,0,0,0,0,0,0,0,0,286000,0,0,0,286000,0,286000,286000
053721,國泰金凱基97購01,0,0,0,0,0,0,0,0,0,281000,0,0,0,281000,0,281000,281000
059218,台積電元大99購31,0,0,0,0,0,0,0,0,0,281000,0,0,0,304000,23000,281000,281000
051780,矽力群益95購01  ,0,0,0,0,0,0,0,0,0,281000,0,0,0,281000,0,281000,281000
058719,智邦元富99購01  ,0,0,0,0,0,0,0,0,0,278000,0,0,0,278000,0,278000,278000
054291,高鐵元大97購01  ,0,0,0,0,0,0,0,0,0,277000,0,0,0,320000,43000,277000,277000
055703,緯穎富邦98購01  ,0,0,0,0,0,0,0,0,0,277000,0,0,0,277000,0,277000,277000
059289,瑞昱元富99購01  ,0,0,0,0,0,0,0,0,0,276000,0,0,0,277000,1000,276000,276000
059303,國巨兆豐99購04  ,0,0,0,0,0,0,0,0,0,275000,0,0,0,275000,0,275000,275000
1503,士電            ,322000,45000,277000,0,0,0,0,0,0,-2000,0,2000,-2000,0,0,0,275000
9802,鈺齊-KY         ,1235000,802000,433000,0,0,0,0,145000,-145000,-14000,0,0,0,1000,15000,-14000,274000
046630,京元電元富95購03,0,0,0,0,0,0,0,0,0,273000,0,0,0,273000,0,273000,273000
00645,富邦日本        ,0,0,0,0,0,0,0,0,0,272000,0,0,0,327000,55000,272000,272000
059236,鴻海凱基99購09  ,0,0,0,0,0,0,0,0,0,271000,0,0,0,329000,58000,271000,271000
056972,祥碩永豐98購02  ,0,0,0,0,0,0,0,0,0,270000,0,0,0,270000,0,270000,270000
052790,智邦兆豐97購01  ,0,0,0,0,0,0,0,0,0,270000,0,0,0,572000,302000,270000,270000
054912,群光凱基97購01  ,0,0,0,0,0,0,0,0,0,266000,0,0,0,266000,0,266000,266000
06803P,臺股指群益98售09,0,0,0,0,0,0,0,0,0,265000,0,0,0,270000,5000,265000,265000
00865B,國泰US短期公債  ,0,0,0,0,0,0,0,0,0,263000,0,0,0,263000,0,263000,263000
044694,道瓊反元大94購02,0,0,0,0,0,0,0,0,0,261000,0,0,0,275000,14000,261000,261000
05718P,國巨元大96售09  ,0,0,0,0,0,0,0,0,0,260000,0,0,0,260000,0,260000,260000
07104P,聯發科元富99售04,0,0,0,0,0,0,0,0,0,260000,0,0,0,260000,0,260000,260000
050233,香港2X凱基96購01,0,0,0,0,0,0,0,0,0,260000,0,0,0,260000,0,260000,260000
053493,智邦兆豐97購02  ,0,0,0,0,0,0,0,0,0,259000,0,0,0,342000,83000,259000,259000
2451,創見            ,473000,597470,-124470,0,0,0,0,2000,-2000,385000,1000,0,1000,384000,0,384000,258530
054751,GIS凱基98購01   ,0,0,0,0,0,0,0,0,0,258000,0,0,0,258000,0,258000,258000
057562,奇鋐兆豐98購01  ,0,0,0,0,0,0,0,0,0,253000,0,0,0,253000,0,253000,253000
054154,智易國泰97購01  ,0,0,0,0,0,0,0,0,0,250000,0,0,0,250000,0,250000,250000
049625,智易群益95購01  ,0,0,0,0,0,0,0,0,0,250000,0,0,0,250000,0,250000,250000
04973P,台積電凱基94售41,0,0,0,0,0,0,0,0,0,250000,0,0,0,370000,120000,250000,250000
049890,嘉澤國泰95購01  ,0,0,0,0,0,0,0,0,0,250000,0,0,0,250000,0,250000,250000
057400,全新群益9A購01  ,0,0,0,0,0,0,0,0,0,248000,0,0,0,249000,1000,248000,248000
06790P,台積電凱基9A售04,0,0,0,0,0,0,0,0,0,244000,0,0,0,244000,0,244000,244000
058531,華通元富99購01  ,0,0,0,0,0,0,0,0,0,244000,0,0,0,244000,0,244000,244000
03438B,臺股指元大96熊27,3000,0,3000,0,0,0,0,0,0,241000,0,0,0,511000,270000,241000,244000
2492,華新科          ,2863000,2848942,14058,0,0,0,17000,10000,7000,222000,14000,9000,5000,389000,172000,217000,243058
058115,台光電中信99購01,0,0,0,0,0,0,0,0,0,243000,0,0,0,243000,0,243000,243000
056765,友達元大9B購05  ,0,0,0,0,0,0,0,0,0,240000,0,0,0,240000,0,240000,240000
052741,聯發科元大96購08,0,0,0,0,0,0,0,0,0,240000,0,0,0,240000,0,240000,240000
6415,矽力-KY         ,714000,440927,273073,0,0,0,2000,43000,-41000,7000,0,0,0,7000,0,7000,239073
06310P,精元元富97售02  ,0,0,0,0,0,0,0,0,0,237000,0,0,0,237000,0,237000,237000
06028P,智邦台新97售01  ,0,0,0,0,0,0,0,0,0,235000,0,0,0,238000,3000,235000,235000
048797,美律國泰95購02  ,0,0,0,0,0,0,0,0,0,235000,0,0,0,235000,0,235000,235000
055926,國巨群益98購06  ,0,0,0,0,0,0,0,0,0,233000,0,0,0,430000,197000,233000,233000
9914,美利達          ,2565000,1727950,837050,0,0,0,0,563000,-563000,-42000,34000,76000,-42000,0,0,0,232050
058773,和碩兆豐99購01  ,0,0,0,0,0,0,0,0,0,232000,0,0,0,304000,72000,232000,232000
053127,貿聯凱基97購01  ,0,0,0,0,0,0,0,0,0,232000,0,0,0,232000,0,232000,232000
059181,世紀鋼元富9C購01,0,0,0,0,0,0,0,0,0,232000,0,0,0,289000,57000,232000,232000
059288,旺宏元富99購03  ,0,0,0,0,0,0,0,0,0,232000,0,0,0,232000,0,232000,232000
059299,欣興元富99購03  ,0,0,0,0,0,0,0,0,0,230000,0,0,0,230000,0,230000,230000
058527,世紀鋼元大99購01,0,0,0,0,0,0,0,0,0,230000,0,0,0,230000,0,230000,230000
05346P,臺股指統一95售06,0,0,0,0,0,0,0,0,0,230000,0,0,0,230000,0,230000,230000
051107,鴻海統一95購05  ,0,0,0,0,0,0,0,0,0,230000,0,0,0,230000,0,230000,230000
05154P,台積電兆豐95售05,0,0,0,0,0,0,0,0,0,228000,0,0,0,228000,0,228000,228000
053627,宏碁兆豐97購01  ,0,0,0,0,0,0,0,0,0,226000,0,0,0,231000,5000,226000,226000
03737P,臺股指中信95售01,0,0,0,0,0,0,0,0,0,224000,0,0,0,224000,0,224000,224000
2352,佳世達          ,778000,555000,223000,0,0,0,2000,9000,-7000,6000,6000,2000,4000,2000,0,2000,222000
057175,美律元大98購03  ,0,0,0,0,0,0,0,0,0,220000,0,0,0,220000,0,220000,220000
058385,創意中信99購01  ,0,0,0,0,0,0,0,0,0,219000,0,0,0,219000,0,219000,219000
2707,晶華            ,380000,161000,219000,0,0,0,0,0,0,-1000,0,1000,-1000,0,0,0,218000
047418,智邦富邦97購01  ,0,0,0,0,0,0,0,0,0,218000,0,0,0,218000,0,218000,218000
2905,三商            ,452000,235000,217000,0,0,0,0,0,0,0,0,0,0,0,0,0,217000
2520,冠德            ,1248000,1145000,103000,0,0,0,75000,0,75000,39000,49000,10000,39000,0,0,0,217000
052221,東元凱基95購01  ,0,0,0,0,0,0,0,0,0,217000,0,0,0,217000,0,217000,217000
052417,聯發科兆豐9B購01,0,0,0,0,0,0,0,0,0,217000,0,0,0,217000,0,217000,217000
06760P,台積電元大98售18,0,0,0,0,0,0,0,0,0,215000,0,0,0,221000,6000,215000,215000
058573,鴻海群益9A購02  ,0,0,0,0,0,0,0,0,0,214000,0,0,0,214000,0,214000,214000
055373,聯詠元大97購03  ,0,0,0,0,0,0,0,0,0,214000,0,0,0,224000,10000,214000,214000
3376,新日興          ,880000,909370,-29370,0,0,0,224000,33000,191000,50000,65000,9000,56000,7000,13000,-6000,211630
059132,臺股指群益99購07,0,0,0,0,0,0,0,0,0,210000,0,0,0,582000,372000,210000,210000
056505,聯發科永豐98購01,0,0,0,0,0,0,0,0,0,210000,0,0,0,210000,0,210000,210000
045858,元油2X統一94購02,0,0,0,0,0,0,0,0,0,210000,0,0,0,210000,0,210000,210000
057625,泰鼎國泰9A購01  ,0,0,0,0,0,0,0,0,0,209000,0,0,0,209000,0,209000,209000
9944,新麗            ,370000,162000,208000,0,0,0,0,0,0,0,0,0,0,0,0,0,208000
058823,聯發科富邦9C購01,0,0,0,0,0,0,0,0,0,207000,0,0,0,207000,0,207000,207000
6504,南六            ,235000,28000,207000,0,0,0,0,0,0,0,0,0,0,0,0,0,207000
050808,台達電凱基96購02,0,0,0,0,0,0,0,0,0,206000,0,0,0,206000,0,206000,206000
052418,玉晶光兆豐96購01,0,18000,-18000,0,0,0,0,0,0,224000,0,0,0,224000,0,224000,206000
052329,台積電亞東96購01,0,0,0,0,0,0,0,0,0,206000,0,0,0,206000,0,206000,206000
053804,富邦金凱基96購01,0,0,0,0,0,0,0,0,0,206000,0,0,0,216000,10000,206000,206000
1736,喬山            ,599000,404000,195000,0,0,0,0,0,0,10000,0,0,0,14000,4000,10000,205000
03183P,鴻海元大01售28  ,0,0,0,0,0,0,0,0,0,204000,0,0,0,204000,0,204000,204000
057208,上海銀元富98購01,0,0,0,0,0,0,0,0,0,201000,0,0,0,201000,0,201000,201000
058419,聯發科麥證99購02,0,0,0,100000,35000,65000,0,0,0,201000,0,0,0,236000,35000,201000,201000
057915,台泥凱基98購01  ,0,0,0,0,0,0,0,0,0,200000,0,0,0,200000,0,200000,200000
057258,中環兆豐98購01  ,0,0,0,0,0,0,0,0,0,200000,0,0,0,200000,0,200000,200000
045870,元油2X元富96購02,0,0,0,0,0,0,0,0,0,200000,0,0,0,200000,0,200000,200000
047345,鴻海凱基94購06  ,0,0,0,0,0,0,0,0,0,200000,0,0,0,200000,0,200000,200000
053683,上証2X元大96購03,0,0,0,0,0,0,0,0,0,200000,0,0,0,200000,0,200000,200000
056542,緯創凱基98購01  ,0,0,0,0,0,0,0,0,0,200000,0,0,0,200000,0,200000,200000
054044,京元電元大96購03,0,0,0,0,0,0,0,0,0,200000,0,0,0,200000,0,200000,200000
051650,矽力永豐95購01  ,0,0,0,0,0,0,0,0,0,200000,0,0,0,200000,0,200000,200000
058716,華新科台新99購02,0,0,0,0,0,0,0,0,0,199000,0,0,0,199000,0,199000,199000
051461,聯詠國泰96購01  ,0,0,0,0,0,0,0,0,0,199000,0,0,0,199000,0,199000,199000
04835P,鴻海元大94售18  ,0,0,0,0,0,0,0,0,0,199000,0,0,0,268000,69000,199000,199000
053712,台光電凱基96購04,0,0,0,0,0,0,0,0,0,198000,0,0,0,198000,0,198000,198000
053176,矽力群益96購02  ,0,0,0,0,0,0,0,0,0,196000,0,0,0,196000,0,196000,196000
057493,聯詠元大98購02  ,0,0,0,0,0,0,0,0,0,195000,0,0,0,245000,50000,195000,195000
058462,台積電兆豐99購01,0,0,0,0,0,0,0,0,0,195000,0,0,0,195000,0,195000,195000
053489,上銀兆豐97購01  ,0,0,0,0,0,0,0,0,0,194000,0,0,0,265000,71000,194000,194000
00674R,元大S&P黃金反1  ,0,0,0,0,0,0,0,0,0,193000,0,0,0,198000,5000,193000,193000
052959,聯電凱基97購01  ,0,0,0,0,0,0,0,0,0,193000,0,0,0,193000,0,193000,193000
6288,聯嘉            ,456000,265000,191000,0,0,0,0,0,0,0,0,0,0,0,0,0,191000
053965,聯電元大98購04  ,0,0,0,0,0,0,0,0,0,191000,0,0,0,210000,19000,191000,191000
058130,瑞昱元大99購01  ,0,0,0,0,0,0,0,0,0,190000,0,0,0,190000,0,190000,190000
057563,旭富國泰9A購01  ,0,0,0,0,0,0,0,0,0,190000,0,0,0,190000,0,190000,190000
6552,易華電          ,245000,55000,190000,0,0,0,0,0,0,0,0,0,0,0,0,0,190000
057197,立積台新98購01  ,0,0,0,0,0,0,0,0,0,188000,0,0,0,188000,0,188000,188000
058941,華新科中信99購03,0,0,0,0,0,0,0,0,0,187000,0,0,0,187000,0,187000,187000
053041,可成凱基96購02  ,0,0,0,0,0,0,0,0,0,187000,0,0,0,187000,0,187000,187000
04346P,大立光兆豐95售02,0,0,0,0,0,0,0,0,0,187000,0,0,0,187000,0,187000,187000
056199,美律永豐97購01  ,0,0,0,0,0,0,0,0,0,187000,0,0,0,187000,0,187000,187000
057105,致茂群益9A購01  ,0,0,0,0,0,0,0,0,0,185000,0,0,0,185000,0,185000,185000
057494,玉晶光元大99購09,0,0,0,0,0,0,0,0,0,185000,0,0,0,185000,0,185000,185000
058283,世紀鋼中信99購01,0,0,0,0,0,0,0,0,0,185000,0,0,0,185000,0,185000,185000
059059,宏達電凱基99購03,0,0,0,0,0,0,0,0,0,185000,0,0,0,659000,474000,185000,185000
053392,致新元大96購01  ,0,0,0,0,0,0,0,0,0,185000,0,0,0,185000,0,185000,185000
04854P,鴻海國泰96售04  ,0,0,0,0,0,0,0,0,0,185000,0,0,0,185000,0,185000,185000
058999,台積電元大99購24,0,0,0,0,0,0,0,0,0,184000,0,0,0,227000,43000,184000,184000
01003T,兆豐新光R1      ,183000,0,183000,0,0,0,0,0,0,0,0,0,0,0,0,0,183000
2107,厚生            ,367000,185000,182000,0,0,0,0,0,0,0,0,0,0,0,0,0,182000
054919,興富發凱基97購01,0,0,0,0,0,0,0,0,0,181000,0,0,0,181000,0,181000,181000
057107,華新科群益98購06,0,0,0,0,0,0,0,0,0,180000,0,0,0,180000,0,180000,180000
04637P,臺股指群益94售12,0,0,0,0,0,0,0,0,0,180000,0,0,0,180000,0,180000,180000
9919,康那香          ,461000,282000,179000,0,0,0,0,0,0,0,0,0,0,0,0,0,179000
056906,玉晶光元大9B購01,0,0,0,0,0,0,0,0,0,178000,0,0,0,178000,0,178000,178000
058151,台積電統一9A購04,0,0,0,0,0,0,0,0,0,175000,0,0,0,175000,0,175000,175000
043961,道瓊反國泰94購01,0,0,0,0,0,0,0,0,0,175000,0,0,0,175000,0,175000,175000
049702,台表科元大95購03,0,0,0,0,0,0,0,0,0,175000,0,0,0,175000,0,175000,175000
049252,國巨元大96購01  ,0,0,0,0,0,0,0,0,0,175000,0,0,0,243000,68000,175000,175000
059043,聯電日盛99購01  ,0,0,0,0,0,0,0,0,0,174000,0,0,0,239000,65000,174000,174000
046934,智邦元富96購01  ,0,0,0,0,0,0,0,0,0,174000,0,0,0,174000,0,174000,174000
058653,光寶科中信9A購01,0,0,0,0,0,0,0,0,0,173000,0,0,0,173000,0,173000,173000
058912,祥碩元大99購01  ,0,0,0,0,0,0,0,0,0,173000,0,0,0,185000,12000,173000,173000
053506,南茂兆豐97購01  ,0,0,0,0,0,0,0,0,0,172000,0,0,0,172000,0,172000,172000
057651,矽力元大98購03  ,0,0,0,0,0,0,0,0,0,170000,0,0,0,170000,0,170000,170000
058409,鴻海兆豐99購05  ,0,0,0,0,0,0,0,0,0,170000,0,0,0,170000,0,170000,170000
056463,台虹凱基98購02  ,0,0,0,0,0,0,0,0,0,170000,0,0,0,170000,0,170000,170000
052234,GIS凱基97購01   ,0,0,0,0,0,0,0,0,0,169000,0,0,0,169000,0,169000,169000
05966P,矽力凱基96售03  ,0,0,0,0,0,0,0,0,0,169000,0,0,0,190000,21000,169000,169000
047926,可成凱基94購02  ,0,0,0,0,0,0,0,0,0,169000,0,0,0,169000,0,169000,169000
058968,T50正2永豐99購01,0,0,0,0,0,0,0,0,0,168000,0,0,0,168000,0,168000,168000
04917P,台積電凱基94售37,0,0,0,0,0,0,0,0,0,168000,0,0,0,187000,19000,168000,168000
055479,GIS凱基97購04   ,0,0,0,0,0,0,0,0,0,168000,0,0,0,168000,0,168000,168000
051684,瑞昱凱基95購02  ,0,0,0,0,0,0,0,0,0,168000,0,0,0,174000,6000,168000,168000
4551,智伸科          ,340000,76000,264000,0,0,0,0,99000,-99000,1000,0,0,0,1000,0,1000,166000
058467,日月光中信9A購01,0,0,0,0,0,0,0,0,0,166000,0,0,0,166000,0,166000,166000
1229,聯華            ,1092612,888582,204030,0,0,0,0,10000,-10000,-29000,0,29000,-29000,0,0,0,165030
2913,農林            ,285000,118000,167000,0,0,0,0,0,0,-2000,0,2000,-2000,0,0,0,165000
052223,聯電凱基96購02  ,0,0,0,0,0,0,0,0,0,164000,0,0,0,167000,3000,164000,164000
046813,聯電凱基96購01  ,0,0,0,0,0,0,0,0,0,164000,0,0,0,164000,0,164000,164000
05052P,友達群益97售01  ,0,0,0,0,0,0,0,0,0,163000,0,0,0,192000,29000,163000,163000
046145,矽力元富95購01  ,0,0,0,0,0,0,0,0,0,162000,0,0,0,162000,0,162000,162000
04717P,和大凱基94售02  ,0,0,0,0,0,0,0,0,0,161000,0,0,0,161000,0,161000,161000
055197,致新元富97購02  ,0,0,0,0,0,0,0,0,0,161000,0,0,0,161000,0,161000,161000
057736,鴻海富邦99購04  ,0,0,0,0,0,0,0,0,0,160000,0,0,0,190000,30000,160000,160000
055196,致新元富97購01  ,0,0,0,0,0,0,0,0,0,160000,0,0,0,160000,0,160000,160000
052006,康友富邦98購01  ,0,0,0,0,0,0,0,0,0,160000,0,0,0,160000,0,160000,160000
052938,華新科兆豐96購01,0,0,0,0,0,0,0,0,0,160000,0,0,0,160000,0,160000,160000
052848,聯發科統一96購03,0,0,0,0,0,0,0,0,0,160000,0,0,0,160000,0,160000,160000
054791,泰碩群益99購02  ,0,0,0,0,0,0,0,0,0,160000,0,0,0,160000,0,160000,160000
06748P,智邦台新98售02  ,0,0,0,0,0,0,0,0,0,158000,0,0,0,238000,80000,158000,158000
057206,立積元富98購01  ,0,0,0,0,0,0,0,0,0,155000,0,0,0,155000,0,155000,155000
06328P,台積電中信01售02,0,0,0,0,0,0,0,0,0,155000,0,0,0,155000,0,155000,155000
058982,台積電凱基99購08,0,0,0,0,0,0,0,0,0,155000,0,0,0,155000,0,155000,155000
04858P,健策元富94售01  ,0,0,0,0,0,0,0,0,0,155000,0,0,0,165000,10000,155000,155000
056385,創意國泰99購01  ,0,0,0,0,0,0,0,0,0,154000,0,0,0,154000,0,154000,154000
2417,圓剛            ,302000,149000,153000,0,0,0,0,0,0,0,0,0,0,0,0,0,153000
05152P,玉晶光群益96售05,0,0,0,0,0,0,0,0,0,153000,0,0,0,163000,10000,153000,153000
00656R,國泰中國A50反1  ,205000,31000,174000,0,0,0,0,0,0,-21000,0,0,0,350000,371000,-21000,153000
08703P,華碩凱基01售02  ,0,0,0,0,0,0,0,0,0,150000,0,0,0,150000,0,150000,150000
058925,旭富元富99購02  ,0,0,0,0,0,0,0,0,0,150000,0,0,0,150000,0,150000,150000
059139,全新兆豐9A購01  ,0,0,0,0,0,0,0,0,0,150000,0,0,0,150000,0,150000,150000
057585,鴻海國票99購05  ,0,0,0,0,0,0,0,0,0,150000,0,0,0,150000,0,150000,150000
058525,台虹元大99購02  ,0,0,0,0,0,0,0,0,0,150000,0,0,0,150000,0,150000,150000
050774,健策元大96購02  ,0,0,0,0,0,0,0,0,0,150000,0,0,0,150000,0,150000,150000
048859,玉晶光群益96購02,0,0,0,0,0,0,0,0,0,150000,0,0,0,150000,0,150000,150000
053373,台泥元大96購01  ,0,0,0,0,0,0,0,0,0,150000,0,0,0,215000,65000,150000,150000
056388,勤誠國泰99購01  ,0,0,0,0,0,0,0,0,0,150000,0,0,0,150000,0,150000,150000
053083,中環元大99購01  ,0,0,0,0,0,0,0,0,0,150000,0,0,0,150000,0,150000,150000
054745,智易凱基97購01  ,0,0,0,0,0,0,0,0,0,150000,0,0,0,150000,0,150000,150000
5305,敦南            ,201000,52000,149000,0,0,0,0,0,0,0,0,0,0,0,0,0,149000
058538,智邦台新99購02  ,0,0,0,0,0,0,0,0,0,148000,0,0,0,168000,20000,148000,148000
07159P,台積電永豐99售04,0,0,0,0,0,0,0,0,0,147000,0,0,0,147000,0,147000,147000
057123,上銀凱基98購05  ,0,0,0,0,0,0,0,0,0,147000,0,0,0,147000,0,147000,147000
047681,滬深反中信95購01,0,0,0,0,0,0,0,0,0,146000,0,0,0,146000,0,146000,146000
058927,勤誠元富99購02  ,0,0,0,0,0,0,0,0,0,145000,0,0,0,145000,0,145000,145000
06019P,緯穎凱基96售03  ,0,0,0,0,0,0,0,0,0,145000,0,0,0,180000,35000,145000,145000
5269,祥碩            ,541000,248157,292843,0,0,0,18000,148000,-130000,-18000,2000,13000,-11000,2000,9000,-7000,144843
059292,華新科元富9B購02,0,0,0,0,0,0,0,0,0,144000,0,0,0,156000,12000,144000,144000
055283,聯發科元大97購16,0,0,0,0,0,0,0,0,0,144000,0,0,0,145000,1000,144000,144000
1325,恆大            ,405000,262000,143000,0,0,0,0,0,0,0,0,0,0,0,0,0,143000
2404,漢唐            ,764200,795020,-30820,0,0,0,0,0,0,172000,4000,5000,-1000,178000,5000,173000,141180
2393,億光            ,1374000,1102000,272000,0,0,0,0,120000,-120000,-11000,13000,8000,5000,2000,18000,-16000,141000
049716,台積電凱基94購24,0,0,0,0,0,0,0,0,0,141000,0,0,0,141000,0,141000,141000
058879,智邦富邦99購01  ,0,0,0,0,0,0,0,0,0,140000,0,0,0,140000,0,140000,140000
058707,泰鼎元大99購02  ,0,0,0,0,0,0,0,0,0,140000,0,0,0,145000,5000,140000,140000
055541,聚陽凱基98購01  ,0,0,0,0,0,0,0,0,0,140000,0,0,0,140000,0,140000,140000
050169,臺指反元大97購01,0,0,0,0,0,0,0,0,0,139000,0,0,0,145000,6000,139000,139000
056768,宏達電元大99購03,0,0,0,0,0,0,0,0,0,138000,0,0,0,362000,224000,138000,138000
056919,英業達兆豐98購01,0,0,0,0,0,0,0,0,0,138000,0,0,0,204000,66000,138000,138000
3673,TPK-KY          ,1202000,1057000,145000,0,0,0,0,0,0,-7000,4000,16000,-12000,11000,6000,5000,138000
057591,鴻海兆豐99購01  ,0,0,0,0,0,0,0,0,0,137000,0,0,0,157000,20000,137000,137000
06684P,緯穎元大98售06  ,0,0,0,0,0,0,0,0,0,137000,0,0,0,160000,23000,137000,137000
049438,嘉晶國泰96購01  ,0,0,0,0,0,0,0,0,0,137000,0,0,0,137000,0,137000,137000
057444,台泥元富98購01  ,0,0,0,0,0,0,0,0,0,136000,0,0,0,156000,20000,136000,136000
050402,緯穎中信96購01  ,0,0,0,0,0,0,0,0,0,136000,0,0,0,136000,0,136000,136000
6271,同欣電          ,581000,373000,208000,0,0,0,150000,107000,43000,-116000,5000,112000,-107000,2000,11000,-9000,135000
3048,益登            ,349000,214000,135000,0,0,0,0,0,0,0,0,0,0,0,0,0,135000
056921,京元電兆豐98購01,0,0,0,0,0,0,0,0,0,135000,0,0,0,224000,89000,135000,135000
054690,新興永豐97購01  ,0,0,0,0,0,0,0,0,0,135000,0,0,0,135000,0,135000,135000
052406,力成凱基95購03  ,0,0,0,0,0,0,0,0,0,135000,0,0,0,135000,0,135000,135000
057450,國泰金元富98購01,0,0,0,0,0,0,0,0,0,134000,0,0,0,134000,0,134000,134000
052895,台積電群益96購04,0,0,0,0,0,0,0,0,0,134000,0,0,0,204000,70000,134000,134000
052256,台泥國泰96購01  ,0,0,0,0,0,0,0,0,0,134000,0,0,0,134000,0,134000,134000
059092,聯陽元大99購01  ,0,0,0,0,0,0,0,0,0,132000,0,0,0,133000,1000,132000,132000
055653,聯詠元富01購02  ,0,0,0,0,0,0,0,0,0,132000,0,0,0,132000,0,132000,132000
059179,祥碩元富99購01  ,0,0,0,0,0,0,0,0,0,131000,0,0,0,401000,270000,131000,131000
057658,玉晶光兆豐99購02,0,0,0,0,0,0,0,0,0,130000,0,0,0,130000,0,130000,130000
057802,卜蜂元大98購01  ,0,0,0,0,0,0,0,0,0,130000,0,0,0,171000,41000,130000,130000
06573P,台積電永昌99售02,0,0,0,0,0,0,0,0,0,130000,0,0,0,140000,10000,130000,130000
07189P,聯發科富邦9B售03,0,0,0,0,0,0,0,0,0,130000,0,0,0,130000,0,130000,130000
054710,東元元富97購01  ,0,0,0,0,0,0,0,0,0,130000,0,0,0,130000,0,130000,130000
047995,台達電元大96購01,0,0,0,0,0,0,0,0,0,130000,0,0,0,140000,10000,130000,130000
055938,矽力群益97購01  ,0,0,0,0,0,0,0,0,0,130000,0,0,0,130000,0,130000,130000
053209,台積電凱基96購07,0,0,0,0,0,0,0,0,0,130000,0,0,0,130000,0,130000,130000
056231,嘉聯益凱基97購02,0,0,0,0,0,0,0,0,0,129000,0,0,0,129000,0,129000,129000
04287P,A50正2中信96售01,0,0,0,0,0,0,0,0,0,129000,0,0,0,129000,0,129000,129000
058718,台灣50元富03購01,0,0,0,0,0,0,0,0,0,128000,0,0,0,128000,0,128000,128000
050645,台積電凱基94購39,0,0,0,0,0,0,0,0,0,128000,0,0,0,128000,0,128000,128000
054195,亞泥國泰98購01  ,0,0,0,0,0,0,0,0,0,128000,0,0,0,128000,0,128000,128000
058634,可成兆豐99購03  ,0,0,0,0,0,0,0,0,0,126000,0,0,0,126000,0,126000,126000
020000,富邦特選蘋果N   ,0,0,0,0,0,0,0,0,0,126000,0,0,0,129000,3000,126000,126000
058413,義隆兆豐99購01  ,0,0,0,0,0,0,0,0,0,125000,0,0,0,125000,0,125000,125000
058298,聯茂凱基99購05  ,0,0,0,0,0,0,0,0,0,125000,0,0,0,195000,70000,125000,125000
059103,旭富元富99購03  ,0,0,0,0,0,0,0,0,0,125000,0,0,0,125000,0,125000,125000
053553,聯詠凱基96購03  ,0,0,0,0,0,0,0,0,0,125000,0,0,0,125000,0,125000,125000
050149,東元群益94購01  ,0,0,0,0,0,0,0,0,0,125000,0,0,0,125000,0,125000,125000
056449,義隆凱基98購03  ,0,0,0,0,0,0,0,0,0,125000,0,0,0,137000,12000,125000,125000
2201,裕隆            ,1060000,706000,354000,0,0,0,0,225000,-225000,-5000,0,0,0,0,5000,-5000,124000
055310,聯詠群益97購02  ,0,0,0,0,0,0,0,0,0,124000,0,0,0,333000,209000,124000,124000
058985,可成凱基99購03  ,0,0,0,0,0,0,0,0,0,123000,0,0,0,185000,62000,123000,123000
06337P,祥碩元大97售05  ,0,0,0,0,0,0,0,0,0,123000,0,0,0,161000,38000,123000,123000
059256,臺股指凱基99購34,0,0,0,0,0,0,0,0,0,123000,0,0,0,123000,0,123000,123000
056036,鴻海凱基97購07  ,0,0,0,0,0,0,0,0,0,123000,0,0,0,124000,1000,123000,123000
06332P,世紀鋼群益98售01,0,0,0,0,0,0,0,0,0,122000,0,0,0,133000,11000,122000,122000
057207,立積元富98購02  ,0,0,0,0,0,0,0,0,0,122000,0,0,0,142000,20000,122000,122000
052631,T50反1凱基98購02,0,0,0,0,0,0,0,0,0,122000,0,0,0,122000,0,122000,122000
6142,友勁            ,0,21000,-21000,0,0,0,0,0,0,142000,143000,1000,142000,0,0,0,121000
05264P,微星元大95售02  ,0,0,0,0,0,0,0,0,0,121000,0,0,0,139000,18000,121000,121000
056499,鴻海富邦98購02  ,0,0,0,0,0,0,0,0,0,121000,0,0,0,121000,0,121000,121000
050441,和碩凱基94購01  ,0,0,0,0,0,0,0,0,0,121000,0,0,0,121000,0,121000,121000
1460,宏遠            ,169000,49000,120000,0,0,0,0,0,0,0,0,0,0,0,0,0,120000
058691,友訊國票9A購01  ,0,0,0,0,0,0,0,0,0,120000,0,0,0,120000,0,120000,120000
058374,玉晶光凱基9A購03,0,0,0,0,0,0,0,0,0,120000,0,0,0,120000,0,120000,120000
055876,美食元富9A購01  ,0,0,0,0,0,0,0,0,0,120000,0,0,0,120000,0,120000,120000
048289,臺指反群益95購01,0,0,0,0,0,0,0,0,0,120000,0,0,0,120000,0,120000,120000
049415,智邦凱基94購02  ,0,0,0,0,0,0,0,0,0,120000,0,0,0,120000,0,120000,120000
05261P,鴻海元大95售20  ,0,0,0,0,0,0,0,0,0,120000,0,0,0,130000,10000,120000,120000
059276,可成元大99購06  ,0,0,0,0,0,0,0,0,0,120000,0,0,0,120000,0,120000,120000
058725,美律富邦9A購01  ,0,0,0,0,0,0,0,0,0,119000,0,0,0,119000,0,119000,119000
058658,瑞儀中信99購01  ,0,0,0,0,0,0,0,0,0,119000,0,0,0,119000,0,119000,119000
057825,和碩元大98購02  ,0,0,0,0,0,0,0,0,0,119000,0,0,0,119000,0,119000,119000
06903P,技嘉凱基98售04  ,0,0,0,0,0,0,0,0,0,119000,0,0,0,122000,3000,119000,119000
054735,漢唐凱基98購01  ,0,0,0,0,0,0,0,0,0,119000,0,0,0,119000,0,119000,119000
052885,高鐵兆豐98購01  ,0,0,0,0,0,0,0,0,0,119000,0,0,0,130000,11000,119000,119000
057530,奇鋐元大99購01  ,0,0,0,0,0,0,0,0,0,118000,0,0,0,118000,0,118000,118000
053628,微星兆豐96購01  ,0,0,0,0,0,0,0,0,0,118000,0,0,0,118000,0,118000,118000
059209,華通元大99購08  ,0,0,0,0,0,0,0,0,0,118000,0,0,0,118000,0,118000,118000
053582,英業達元大97購01,0,0,0,0,0,0,0,0,0,118000,0,0,0,120000,2000,118000,118000
050548,華固凱基95購01  ,0,0,0,0,0,0,0,0,0,118000,0,0,0,118000,0,118000,118000
5534,長虹            ,368000,216892,151108,0,0,0,0,33000,-33000,-1000,0,1000,-1000,0,0,0,117108
2485,兆赫            ,218000,74000,144000,0,0,0,0,0,0,-28000,0,19000,-19000,4000,13000,-9000,116000
058599,T50反1元大99購05,0,0,0,0,0,0,0,0,0,115000,0,0,0,125000,10000,115000,115000
056145,緯穎元大98購03  ,0,0,0,0,0,0,0,0,0,115000,0,0,0,140000,25000,115000,115000
055469,台光電凱基97購01,0,0,0,0,0,0,0,0,0,115000,0,0,0,115000,0,115000,115000
04968P,台積電富邦94售06,0,0,0,0,0,0,0,0,0,114000,0,0,0,114000,0,114000,114000
4564,元翎            ,202000,69000,133000,0,0,0,0,0,0,-20000,0,0,0,0,20000,-20000,113000
054579,聯茂元大97購01  ,0,0,0,0,0,0,0,0,0,113000,0,0,0,145000,32000,113000,113000
2915,潤泰全          ,502000,865388,-363388,0,0,0,0,2000,-2000,478000,8000,2000,6000,497000,25000,472000,112612
06731P,聯茂元大98售05  ,0,0,0,0,0,0,0,0,0,112000,0,0,0,118000,6000,112000,112000
051873,緯穎凱基95購02  ,0,0,0,0,0,0,0,0,0,112000,0,0,0,112000,0,112000,112000
057421,智原凱基98購04  ,0,0,0,0,0,0,0,0,0,111000,0,0,0,116000,5000,111000,111000
055508,矽力元大97購01  ,0,0,0,0,0,0,0,0,0,111000,0,0,0,111000,0,111000,111000
058964,群創兆豐99購01  ,0,0,0,0,0,0,0,0,0,110000,0,0,0,110000,0,110000,110000
07254P,台灣50凱基9C售06,0,0,0,0,0,0,0,0,0,110000,0,0,0,140000,30000,110000,110000
056942,昇陽半元富98購01,0,0,0,0,0,0,0,0,0,110000,0,0,0,110000,0,110000,110000
054592,美律永昌9A購01  ,0,0,0,0,0,0,0,0,0,110000,0,0,0,110000,0,110000,110000
055078,亞泥中信98購01  ,0,0,0,0,0,0,0,0,0,110000,0,0,0,110000,0,110000,110000
048657,大成鋼統一93購04,0,0,0,0,0,0,0,0,0,110000,0,0,0,110000,0,110000,110000
048295,泰鼎群益93購01  ,0,0,0,0,0,0,0,0,0,110000,0,0,0,110000,0,110000,110000
046680,上証反群益95購01,0,0,0,0,0,0,0,0,0,110000,0,0,0,190000,80000,110000,110000
041596,S&P反1中信94購01,0,0,0,0,0,0,0,0,0,110000,0,0,0,110000,0,110000,110000
058981,國巨凱基99購10  ,0,0,0,0,0,0,0,0,0,109000,0,0,0,109000,0,109000,109000
057807,友訊元大98購02  ,0,0,0,0,0,0,0,0,0,109000,0,0,0,109000,0,109000,109000
6592,和潤企業        ,162175,54000,108175,0,0,0,0,0,0,0,0,0,0,0,0,0,108175
06486P,麗豐元大98售02  ,0,0,0,0,0,0,0,0,0,108000,0,0,0,108000,0,108000,108000
057917,台積電凱基98購17,0,0,0,0,0,0,0,0,0,107000,0,0,0,321000,214000,107000,107000
06762P,智邦元大98售11  ,0,0,0,0,0,0,0,0,0,106000,0,0,0,141000,35000,106000,106000
058656,燿華中信99購01  ,0,0,0,0,0,0,0,0,0,106000,0,0,0,106000,0,106000,106000
06915P,晶技元富98售02  ,0,0,0,0,0,0,0,0,0,106000,0,0,0,106000,0,106000,106000
053496,義隆兆豐96購02  ,0,0,0,0,0,0,0,0,0,106000,0,0,0,116000,10000,106000,106000
2480,敦陽科          ,345000,279000,66000,0,0,0,0,0,0,39000,40000,1000,39000,0,0,0,105000
6416,瑞祺電通        ,258000,189000,69000,0,0,0,0,0,0,36000,64000,28000,36000,0,0,0,105000
051381,玉晶光群益98購01,0,0,0,0,0,0,0,0,0,105000,0,0,0,216000,111000,105000,105000
020008,元大特股高息N   ,0,0,0,0,0,0,0,0,0,105000,0,0,0,114000,9000,105000,105000
05397P,大立光凱基96售08,5000,0,5000,0,0,0,0,0,0,100000,0,0,0,100000,0,100000,105000
056230,可成凱基98購03  ,0,0,0,0,0,0,0,0,0,105000,0,0,0,105000,0,105000,105000
052134,智邦凱基95購09  ,0,0,0,0,0,0,0,0,0,105000,0,0,0,105000,0,105000,105000
054356,可成兆豐97購01  ,0,0,0,0,0,0,0,0,0,105000,0,0,0,105000,0,105000,105000
059208,SGBR2X元大99購02,0,0,0,0,0,0,0,0,0,104000,0,0,0,104000,0,104000,104000
056223,華邦電凱基97購04,0,0,0,0,0,0,0,0,0,104000,0,0,0,104000,0,104000,104000
04829P,大立光凱基94售14,0,0,0,0,0,0,0,0,0,104000,0,0,0,104000,0,104000,104000
4746,台耀            ,308000,198000,110000,0,0,0,300000,326000,-26000,18000,24000,6000,18000,0,0,0,102000
4906,正文            ,389000,302000,87000,0,0,0,0,0,0,15000,18000,3000,15000,0,0,0,102000
05722P,玉晶光國票97售03,0,0,0,0,0,0,0,0,0,102000,0,0,0,102000,0,102000,102000
058377,茂林凱基9A購03  ,0,0,0,0,0,0,0,0,0,102000,0,0,0,102000,0,102000,102000
06651P,華新科元大99售09,0,0,0,0,0,0,0,0,0,102000,0,0,0,105000,3000,102000,102000
056173,廣達元富97購01  ,0,0,0,0,0,0,0,0,0,102000,0,0,0,175000,73000,102000,102000
04751P,智邦兆豐95售02  ,0,0,0,0,0,0,0,0,0,102000,0,0,0,102000,0,102000,102000
04189P,台積電兆豐94售02,0,0,0,0,0,0,0,0,0,102000,0,0,0,102000,0,102000,102000
05917P,宏達電元大96售02,0,0,0,0,0,0,0,0,0,102000,0,0,0,102000,0,102000,102000
054573,漢唐元大98購01  ,0,0,0,0,0,0,0,0,0,102000,0,0,0,102000,0,102000,102000
055217,緯創凱基97購02  ,0,0,0,0,0,0,0,0,0,102000,0,0,0,122000,20000,102000,102000
057378,康友元大98購02  ,0,0,0,0,0,0,0,0,0,101000,0,0,0,101000,0,101000,101000
056363,華新科元大99購04,0,0,0,0,0,0,0,0,0,101000,0,0,0,101000,0,101000,101000
050515,聯電元大96購01  ,0,0,0,0,0,0,0,0,0,101000,0,0,0,101000,0,101000,101000
050809,鴻海凱基95購08  ,0,0,0,0,0,0,0,0,0,101000,0,0,0,103000,2000,101000,101000
053383,京元電元大97購01,0,0,0,0,0,0,0,0,0,101000,0,0,0,134000,33000,101000,101000
3533,嘉澤            ,127184,532000,-404816,0,0,0,520000,0,520000,-15000,6000,25000,-19000,4000,0,4000,100184
058839,瑞儀中信99購02  ,0,0,0,0,0,0,0,0,0,100000,0,0,0,100000,0,100000,100000
057025,華新科凱基98購04,0,0,0,0,0,0,0,0,0,100000,0,0,0,100000,0,100000,100000
057055,立積元大99購01  ,0,0,0,0,0,0,0,0,0,100000,0,0,0,100000,0,100000,100000
057386,聯發科永豐98購04,0,0,0,0,0,0,0,0,0,100000,0,0,0,100000,0,100000,100000
057234,宏達電凱基98購05,0,0,0,0,0,0,0,0,0,100000,0,0,0,100000,0,100000,100000
056839,台光電元富98購02,0,0,0,0,0,0,0,0,0,100000,0,0,0,100000,0,100000,100000
059053,鴻海凱基99購07  ,0,0,0,0,0,0,0,0,0,100000,0,0,0,100000,0,100000,100000
057985,華通元富02購03  ,0,0,0,0,0,0,0,0,0,100000,0,0,0,100000,0,100000,100000
053495,聯發科兆豐96購02,0,0,0,0,0,0,0,0,0,100000,0,0,0,100000,0,100000,100000
050188,貿聯元大96購01  ,0,0,0,0,0,0,0,0,0,100000,0,0,0,100000,0,100000,100000
055850,聯詠元大97購06  ,0,0,0,0,0,0,0,0,0,100000,0,0,0,100000,0,100000,100000
049922,禾伸堂元大95購01,0,0,0,0,0,0,0,0,0,100000,0,0,0,100000,0,100000,100000
049283,滬深2X中信95購10,0,0,0,0,0,0,0,0,0,100000,0,0,0,100000,0,100000,100000
04954P,健策國票96售01  ,0,0,0,0,0,0,0,0,0,100000,0,0,0,100000,0,100000,100000
04745P,祥碩元大94售04  ,0,0,0,0,0,0,0,0,0,100000,0,0,0,100000,0,100000,100000
056347,GIS凱基9A購01   ,0,0,0,0,0,0,0,0,0,100000,0,0,0,100000,0,100000,100000
053850,嘉澤元富96購03  ,0,0,0,0,0,0,0,0,0,100000,0,0,0,100000,0,100000,100000
052606,聯發科元大97購04,0,0,0,0,0,0,0,0,0,100000,0,0,0,100000,0,100000,100000
054999,玉晶光元富97購03,0,0,0,0,0,0,0,0,0,100000,0,0,0,100000,0,100000,100000
051926,聯電中信97購01  ,0,0,0,0,0,0,0,0,0,100000,0,0,0,100000,0,100000,100000
053090,新唐元大96購01  ,0,0,0,0,0,0,0,0,0,100000,0,0,0,100000,0,100000,100000
054625,旺宏凱基98購03  ,0,0,0,0,0,0,0,0,0,100000,0,0,0,100000,0,100000,100000
059177,臺股指凱基99購28,0,0,0,0,0,0,0,0,0,100000,0,0,0,100000,0,100000,100000
4943,康控-KY         ,320451,214345,106106,0,0,0,0,0,0,-7000,1000,2000,-1000,3000,9000,-6000,99106
3056,總太            ,388000,289000,99000,0,0,0,0,0,0,0,0,0,0,0,0,0,99000
057556,智易凱基99購01  ,0,0,0,0,0,0,0,0,0,99000,0,0,0,129000,30000,99000,99000
046298,聯發科富邦94購01,0,0,0,0,0,0,0,0,0,99000,0,0,0,99000,0,99000,99000
03430B,臺股指元大9B熊01,0,0,0,0,0,0,0,0,0,99000,0,0,0,99000,0,99000,99000
048186,元黃金元大96購01,0,0,0,0,0,0,0,0,0,99000,0,0,0,99000,0,99000,99000
3004,豐達科          ,218000,120000,98000,0,0,0,0,0,0,0,0,0,0,0,0,0,98000
048026,瑞昱凱基94購01  ,0,0,0,0,0,0,0,0,0,98000,0,0,0,98000,0,98000,98000
050492,漢唐國泰96購01  ,0,0,0,0,0,0,0,0,0,98000,0,0,0,102000,4000,98000,98000
057097,致新元富98購01  ,0,0,0,0,0,0,0,0,0,97000,0,0,0,100000,3000,97000,97000
07206P,鴻海凱基9A售11  ,0,0,0,0,0,0,0,0,0,97000,0,0,0,97000,0,97000,97000
058014,上銀凱基99購02  ,0,0,0,0,0,0,0,0,0,97000,0,0,0,97000,0,97000,97000
058223,世芯統一9B購01  ,0,0,0,0,0,0,0,0,0,97000,0,0,0,160000,63000,97000,97000
053648,台積電凱基97購04,0,0,0,0,0,0,0,0,0,97000,0,0,0,97000,0,97000,97000
053719,可成凱基96購08  ,0,0,0,0,0,0,0,0,0,97000,0,0,0,97000,0,97000,97000
058950,國巨群益99購06  ,0,0,0,0,0,0,0,0,0,96000,0,0,0,210000,114000,96000,96000
050245,大立光凱基94購12,0,0,0,0,0,0,0,0,0,96000,0,0,0,96000,0,96000,96000
053352,義隆兆豐96購01  ,0,0,0,0,0,0,0,0,0,96000,0,0,0,96000,0,96000,96000
053499,禾伸堂兆豐96購01,0,0,0,0,0,0,0,0,0,96000,0,0,0,154000,58000,96000,96000
2442,新美齊          ,200699,108232,92467,0,0,0,0,0,0,3000,3000,0,3000,0,0,0,95467
058662,禾伸堂兆豐99購01,0,0,0,0,0,0,0,0,0,95000,0,0,0,120000,25000,95000,95000
056749,滬深2X兆豐99購01,0,0,0,0,0,0,0,0,0,95000,0,0,0,95000,0,95000,95000
06564P,國巨富邦9A售04  ,0,0,0,0,0,0,0,0,0,95000,0,0,0,95000,0,95000,95000
055970,聯茂元大97購04  ,0,0,0,0,0,0,0,0,0,95000,0,0,0,100000,5000,95000,95000
055916,奇鋐凱基99購01  ,0,0,0,0,0,0,0,0,0,95000,0,0,0,100000,5000,95000,95000
053300,大成鋼凱基96購02,0,0,0,0,0,0,0,0,0,95000,0,0,0,95000,0,95000,95000
051451,世芯元大95購03  ,0,0,0,0,0,0,0,0,0,95000,0,0,0,125000,30000,95000,95000
055215,智邦凱基98購02  ,0,0,0,0,0,0,0,0,0,95000,0,0,0,100000,5000,95000,95000
054649,聯茂群益97購01  ,0,0,0,0,0,0,0,0,0,95000,0,0,0,95000,0,95000,95000
054302,鴻海凱基96購18  ,0,0,0,0,0,0,0,0,0,95000,0,0,0,96000,1000,95000,95000
058863,可成凱基99購02  ,0,0,0,0,0,0,0,0,0,94000,0,0,0,94000,0,94000,94000
050437,聯詠凱基94購04  ,0,0,0,0,0,0,0,0,0,94000,0,0,0,94000,0,94000,94000
050988,廣達富邦95購01  ,0,0,0,0,0,0,0,0,0,94000,0,0,0,94000,0,94000,94000
03418B,臺股指元大95熊20,0,0,0,0,0,0,0,0,0,94000,0,0,0,107000,13000,94000,94000
058684,健策凱基99購02  ,0,0,0,0,0,0,0,0,0,93000,0,0,0,96000,3000,93000,93000
06957P,FBVIX凱基01售01 ,0,0,0,0,0,0,0,0,0,93000,0,0,0,106000,13000,93000,93000
048588,世紀鋼中信94購01,0,0,0,0,0,0,0,0,0,93000,0,0,0,93000,0,93000,93000
054841,亞德客兆豐97購01,30000,30000,0,0,0,0,0,0,0,93000,0,0,0,145000,52000,93000,93000
057664,台積電元大9A購03,0,0,0,0,0,0,0,0,0,92000,0,0,0,122000,30000,92000,92000
06229P,欣興凱基97售07  ,0,0,0,0,0,0,0,0,0,92000,0,0,0,92000,0,92000,92000
5471,松翰            ,445000,353000,92000,0,0,0,0,0,0,0,0,0,0,0,0,0,92000
1447,力鵬            ,134000,43000,91000,0,0,0,0,0,0,0,0,0,0,0,0,0,91000
056472,美律元大99購03  ,0,0,0,0,0,0,0,0,0,91000,0,0,0,99000,8000,91000,91000
056206,泰鼎永豐97購01  ,0,0,0,0,0,0,0,0,0,91000,0,0,0,93000,2000,91000,91000
051299,致茂凱基95購01  ,0,0,0,0,0,0,0,0,0,91000,0,0,0,121000,30000,91000,91000
058827,聯發科永豐9A購01,0,0,0,0,0,0,0,0,0,90000,0,0,0,90000,0,90000,90000
057447,智邦元富02購01  ,0,0,0,0,0,0,0,0,0,90000,0,0,0,90000,0,90000,90000
06502P,A50中信98售01   ,0,0,0,0,0,0,0,0,0,90000,0,0,0,90000,0,90000,90000
059015,華通元富99購02  ,0,0,0,0,0,0,0,0,0,90000,0,0,0,90000,0,90000,90000
049820,世紀鋼元大96購03,0,0,0,0,0,0,0,0,0,90000,0,0,0,150000,60000,90000,90000
055961,國泰金元大97購01,0,0,0,0,0,0,0,0,0,90000,0,0,0,100000,10000,90000,90000
047046,台積電國票94購01,0,0,0,0,0,0,0,0,0,90000,0,0,0,90000,0,90000,90000
047476,鴻海凱基94購08  ,0,0,0,0,0,0,0,0,0,90000,0,0,0,130000,40000,90000,90000
05182P,嘉晶統一95售03  ,0,0,0,0,0,0,0,0,0,90000,0,0,0,90000,0,90000,90000
054959,禾伸堂元大98購01,0,0,0,0,0,0,0,0,0,90000,0,0,0,90000,0,90000,90000
3706,神達            ,1735526,1236061,499465,0,0,0,0,400000,-400000,-10000,1000,0,1000,10000,21000,-11000,89465
3443,創意            ,260000,143720,116280,0,0,0,0,0,0,-27000,1000,13000,-12000,0,15000,-15000,89280
058403,玉晶光元大99購12,0,0,0,0,0,0,0,0,0,89000,0,0,0,89000,0,89000,89000
04557P,茂林群益94售03  ,0,0,0,0,0,0,0,0,0,89000,0,0,0,89000,0,89000,89000
3036,文曄            ,285147,206805,78342,0,0,0,1000,0,1000,9000,11000,2000,9000,0,0,0,88342
06660P,大立光富邦9B售03,0,0,0,0,0,0,0,0,0,88000,0,0,0,88000,0,88000,88000
056225,聯發科凱基97購09,0,0,0,0,0,0,0,0,0,88000,0,0,0,88000,0,88000,88000
053086,宏達電元大97購01,0,0,0,0,0,0,0,0,0,88000,0,0,0,100000,12000,88000,88000
059281,創意永豐99購02  ,0,0,0,0,0,0,0,0,0,88000,0,0,0,88000,0,88000,88000
054756,世紀鋼凱基99購01,0,0,0,0,0,0,0,0,0,87000,0,0,0,87000,0,87000,87000
052594,友訊群益98購01  ,0,0,0,0,0,0,0,0,0,87000,0,0,0,87000,0,87000,87000
056722,滬深反中信9B購01,0,0,0,0,0,0,0,0,0,86000,0,0,0,94000,8000,86000,86000
059291,華新科元富9B購01,0,0,0,0,0,0,0,0,0,86000,0,0,0,182000,96000,86000,86000
059197,可成永豐99購02  ,0,0,0,0,0,0,0,0,0,86000,0,0,0,86000,0,86000,86000
056160,智易凱基97購03  ,0,0,0,0,0,0,0,0,0,86000,0,0,0,86000,0,86000,86000
00664R,國泰臺灣加權反1 ,0,0,0,0,0,0,0,0,0,86000,0,0,0,2448000,2362000,86000,86000
00665L,富邦恒生國企正2 ,38000,0,38000,0,0,0,0,0,0,48000,0,0,0,64000,16000,48000,86000
6668,中揚光          ,207000,121000,86000,0,0,0,0,0,0,0,0,0,0,0,0,0,86000
057838,台郡國泰99購01  ,0,0,0,0,0,0,0,0,0,85000,0,0,0,85000,0,85000,85000
06594P,立積元大98售01  ,0,0,0,0,0,0,0,0,0,85000,0,0,0,95000,10000,85000,85000
057024,義隆凱基99購01  ,0,0,0,0,0,0,0,0,0,85000,0,0,0,85000,0,85000,85000
059140,大立光兆豐9A購02,0,0,0,0,0,0,0,0,0,85000,0,0,0,85000,0,85000,85000
050420,鴻海凱基95購03  ,0,0,0,0,0,0,0,0,0,85000,0,0,0,85000,0,85000,85000
056441,燿華凱基98購01  ,0,0,0,0,0,0,0,0,0,85000,0,0,0,85000,0,85000,85000
05901P,臺股指凱基9C售01,0,0,0,0,0,0,0,0,0,84000,0,0,0,84000,0,84000,84000
058669,上銀群益99購01  ,0,0,0,0,0,0,0,0,0,84000,0,0,0,84000,0,84000,84000
06552P,茂林元大99售02  ,0,0,0,0,0,0,0,0,0,84000,0,0,0,84000,0,84000,84000
054029,瀚宇博凱基96購02,0,0,0,0,0,0,0,0,0,84000,0,0,0,84000,0,84000,84000
059274,國巨元大99購22  ,0,0,0,0,0,0,0,0,0,84000,0,0,0,84000,0,84000,84000
054742,京鼎凱基99購01  ,0,0,0,0,0,0,0,0,0,84000,0,0,0,114000,30000,84000,84000
4976,佳凌            ,171115,88000,83115,0,0,0,0,0,0,0,1000,1000,0,0,0,0,83115
057045,美律元大99購04  ,0,0,0,0,0,0,0,0,0,83000,0,0,0,83000,0,83000,83000
3035,智原            ,546000,453800,92200,0,0,0,0,0,0,-10000,0,3000,-3000,1000,8000,-7000,82200
08674P,嘉晶元富07售02  ,0,0,0,0,0,0,0,0,0,82000,0,0,0,92000,10000,82000,82000
1730,花仙子          ,131000,49000,82000,0,0,0,0,0,0,0,0,0,0,0,0,0,82000
058369,亞光凱基99購02  ,0,0,0,0,0,0,0,0,0,82000,0,0,0,85000,3000,82000,82000
059233,台灣50凱基9C購02,0,0,0,0,0,0,0,0,0,82000,0,0,0,82000,0,82000,82000
06025P,臺股指元大99售02,0,0,0,0,0,0,0,0,0,82000,0,0,0,314000,232000,82000,82000
056038,可成凱基97購01  ,0,0,0,0,0,0,0,0,0,82000,0,0,0,82000,0,82000,82000
058694,鈺齊國票9A購02  ,0,0,0,0,0,0,0,0,0,81000,0,0,0,103000,22000,81000,81000
06850P,聯茂元大98售06  ,0,0,0,0,0,0,0,0,0,81000,0,0,0,109000,28000,81000,81000
058970,鴻海永豐99購02  ,0,0,0,0,0,0,0,0,0,81000,0,0,0,94000,13000,81000,81000
07253P,台灣50凱基9A售05,0,0,0,0,0,0,0,0,0,81000,0,0,0,96000,15000,81000,81000
056157,聯詠凱基97購03  ,0,0,0,0,0,0,0,0,0,81000,0,0,0,101000,20000,81000,81000
051152,鴻海國泰97購01  ,0,0,0,0,0,0,0,0,0,81000,0,0,0,81000,0,81000,81000
05895P,奇力新群益96售03,0,0,0,0,0,0,0,0,0,80000,0,0,0,80000,0,80000,80000
058940,聯發科中信9A購03,0,0,0,0,0,0,0,0,0,80000,0,0,0,80000,0,80000,80000
056694,欣興群益98購04  ,0,0,0,0,0,0,0,0,0,80000,0,0,0,80000,0,80000,80000
057656,大成鋼兆豐98購01,0,0,0,0,0,0,0,0,0,80000,0,0,0,80000,0,80000,80000
056895,技嘉元大98購01  ,0,0,0,0,0,0,0,0,0,80000,0,0,0,80000,0,80000,80000
059001,聯發科元大99購17,0,0,0,0,0,0,0,0,0,80000,0,0,0,90000,10000,80000,80000
059302,大立光群益99購08,0,0,0,0,0,0,0,0,0,80000,0,0,0,80000,0,80000,80000
050430,京元電凱基94購03,0,0,0,0,0,0,0,0,0,80000,0,0,0,80000,0,80000,80000
050315,和碩兆豐95購01  ,0,0,0,0,0,0,0,0,0,80000,0,0,0,80000,0,80000,80000
03896P,長榮航凱基95售01,0,0,0,0,0,0,0,0,0,80000,0,0,0,80000,0,80000,80000
045208,力成國泰94購01  ,0,0,0,0,0,0,0,0,0,80000,0,0,0,80000,0,80000,80000
053297,鎧勝中信98購01  ,0,0,0,0,0,0,0,0,0,80000,0,0,0,80000,0,80000,80000
048603,中磊國票94購02  ,0,0,0,0,0,0,0,0,0,80000,0,0,0,80000,0,80000,80000
049024,玉晶光群益97購01,0,0,0,0,0,0,0,0,0,80000,0,0,0,80000,0,80000,80000
054547,鴻海凱基98購02  ,0,0,0,0,0,0,0,0,0,80000,0,0,0,81000,1000,80000,80000
053055,聯詠國票97購01  ,0,0,0,0,0,0,0,0,0,80000,0,0,0,80000,0,80000,80000
056580,泰鼎元大9A購01  ,0,0,0,0,0,0,0,0,0,80000,0,0,0,92000,12000,80000,80000
055289,泰碩元大98購01  ,0,0,0,0,0,0,0,0,0,80000,0,0,0,120000,40000,80000,80000
052189,玉晶光群益96購06,0,0,0,0,0,0,0,0,0,80000,0,0,0,80000,0,80000,80000
07042P,T50反1元大9C售02,0,0,0,0,0,0,0,0,0,79000,0,0,0,80000,1000,79000,79000
058237,嘉晶元大99購04  ,0,0,0,0,0,0,0,0,0,79000,0,0,0,80000,1000,79000,79000
3535,晶彩科          ,157000,78000,79000,0,0,0,0,0,0,0,0,0,0,0,0,0,79000
053503,臻鼎兆豐97購01  ,0,0,0,0,0,0,0,0,0,79000,0,0,0,79000,0,79000,79000
053451,致新凱基96購02  ,0,0,0,0,0,0,0,0,0,79000,0,0,0,79000,0,79000,79000
04519P,國泰金群益94售01,0,0,0,0,0,0,0,0,0,79000,0,0,0,80000,1000,79000,79000
2845,遠東銀          ,857936,771428,86508,0,0,0,3000,0,3000,-11000,0,11000,-11000,0,0,0,78508
3005,神基            ,769000,1510000,-741000,0,0,0,0,14000,-14000,833000,1000,0,1000,832000,0,832000,78000
06295P,國巨元大97售14  ,0,0,0,0,0,0,0,0,0,78000,0,0,0,78000,0,78000,78000
056011,矽力中信99購01  ,0,0,0,0,0,0,0,0,0,78000,0,0,0,78000,0,78000,78000
049626,健策群益94購01  ,0,0,0,0,0,0,0,0,0,78000,0,0,0,78000,0,78000,78000
055369,友訊元大97購01  ,0,0,0,0,0,0,0,0,0,78000,0,0,0,100000,22000,78000,78000
059008,鈺齊元大99購03  ,0,0,0,0,0,0,0,0,0,77000,0,0,0,77000,0,77000,77000
056686,可成統一98購01  ,0,0,0,0,0,0,0,0,0,77000,0,0,0,77000,0,77000,77000
055408,力成國泰98購01  ,0,0,0,0,0,0,0,0,0,77000,0,0,0,78000,1000,77000,77000
05994P,奇鋐元大96售02  ,0,0,0,0,0,0,0,0,0,77000,0,0,0,77000,0,77000,77000
059242,南亞科凱基99購06,0,0,0,0,0,0,0,0,0,77000,0,0,0,91000,14000,77000,77000
6166,凌華            ,228000,151467,76533,0,0,0,0,0,0,0,0,0,0,0,0,0,76533
058910,泰鼎元大99購03  ,0,0,0,0,0,0,0,0,0,76000,0,0,0,90000,14000,76000,76000
059094,臻鼎元大99購03  ,0,0,0,0,0,0,0,0,0,76000,0,0,0,76000,0,76000,76000
057539,南茂元大98購02  ,0,0,0,0,0,0,0,0,0,76000,0,0,0,76000,0,76000,76000
058358,技嘉凱基9A購01  ,0,0,0,0,0,0,0,0,0,76000,0,0,0,79000,3000,76000,76000
9940,信義            ,109699,32000,77699,0,0,0,0,0,0,-2000,0,2000,-2000,0,0,0,75699
058167,鴻海凱基9A購03  ,0,0,0,0,0,0,0,0,0,75000,0,0,0,77000,2000,75000,75000
058670,鴻海群益9A購03  ,0,0,0,0,0,0,0,0,0,75000,0,0,0,75000,0,75000,75000
3029,零壹            ,161000,99000,62000,0,0,0,0,0,0,13000,13000,0,13000,0,0,0,75000
05164P,南亞科元富95售04,0,0,0,0,0,0,0,0,0,75000,0,0,0,85000,10000,75000,75000
053729,聯茂凱基96購05  ,0,0,0,0,0,0,0,0,0,75000,0,0,0,80000,5000,75000,75000
5215,科嘉-KY         ,79000,153000,-74000,0,0,0,303000,186000,117000,31000,31000,0,31000,0,0,0,74000
059127,國巨中信99購04  ,0,0,0,0,0,0,0,0,0,74000,0,0,0,84000,10000,74000,74000
058886,元石油元大9C購03,0,0,0,0,0,0,0,0,0,74000,0,0,0,74000,0,74000,74000
057330,台積電國票99購03,0,0,0,0,0,0,0,0,0,74000,0,0,0,74000,0,74000,74000
054826,復盛元大9A購01  ,0,0,0,0,0,0,0,0,0,74000,0,0,0,76000,2000,74000,74000
04798P,牧德元大95售02  ,0,0,0,0,0,0,0,0,0,74000,0,0,0,84000,10000,74000,74000
04834P,鴻海元大94售17  ,0,0,0,0,0,0,0,0,0,74000,0,0,0,1110000,1036000,74000,74000
047063,漢唐凱基95購01  ,0,0,0,0,0,0,0,0,0,74000,0,0,0,74000,0,74000,74000
056872,旺宏凱基98購08  ,0,0,0,0,0,0,0,0,0,73000,0,0,0,73000,0,73000,73000
058079,鴻海群益98購08  ,0,0,0,0,0,0,0,0,0,73000,0,0,0,75000,2000,73000,73000
059128,友達中信99購02  ,0,0,0,0,0,0,0,0,0,73000,0,0,0,73000,0,73000,73000
2461,光群雷          ,190000,117000,73000,0,0,0,0,0,0,0,0,0,0,0,0,0,73000
059222,聯發科元大99購22,0,0,0,0,0,0,0,0,0,73000,0,0,0,83000,10000,73000,73000
057954,宏碁元大99購01  ,0,0,0,0,0,0,0,0,0,73000,0,0,0,128000,55000,73000,73000
1809,中釉            ,129000,57000,72000,0,0,0,0,0,0,0,0,0,0,0,0,0,72000
059056,技嘉凱基99購02  ,0,0,0,0,0,0,0,0,0,72000,0,0,0,72000,0,72000,72000
07119P,台積電凱基9A售08,0,0,0,0,0,0,0,0,0,72000,0,0,0,72000,0,72000,72000
057874,可成元大99購02  ,0,0,0,0,0,0,0,0,0,72000,0,0,0,78000,6000,72000,72000
04708P,國巨元大94售11  ,0,0,0,0,0,0,0,0,0,72000,0,0,0,72000,0,72000,72000
055911,可成凱基98購02  ,0,0,0,0,0,0,0,0,0,72000,0,0,0,72000,0,72000,72000
04935P,鴻海中信96售01  ,0,0,0,0,0,0,0,0,0,72000,0,0,0,72000,0,72000,72000
058532,禾伸堂元富99購01,0,0,0,0,0,0,0,0,0,71000,0,0,0,71000,0,71000,71000
059342,聯發科凱基9A購05,0,0,0,0,0,0,0,0,0,71000,0,0,0,71000,0,71000,71000
2375,凱美            ,447000,376000,71000,0,0,0,0,0,0,0,0,0,0,0,0,0,71000
056079,世紀鋼元大97購02,0,0,0,0,0,0,0,0,0,71000,0,0,0,71000,0,71000,71000
050334,鴻海國泰96購07  ,0,0,0,0,0,0,0,0,0,71000,0,0,0,71000,0,71000,71000
059277,群創元大99購05  ,0,0,0,0,0,0,0,0,0,71000,0,0,0,207000,136000,71000,71000
6582,申豐            ,126000,55000,71000,0,0,0,0,0,0,0,0,0,0,0,0,0,71000
3149,正達            ,123000,53000,70000,0,0,0,0,0,0,0,0,0,0,0,0,0,70000
059086,國巨元大99購18  ,0,0,0,0,0,0,0,0,0,70000,0,0,0,70000,0,70000,70000
059339,上銀凱基99購06  ,0,0,0,0,0,0,0,0,0,70000,0,0,0,80000,10000,70000,70000
057199,台達電元富02購01,0,0,0,0,0,0,0,0,0,70000,0,0,0,70000,0,70000,70000
059185,臺股指台新99購12,0,0,0,0,0,0,0,0,0,70000,0,0,0,70000,0,70000,70000
054738,聯發科凱基97購01,0,0,0,0,0,0,0,0,0,70000,0,0,0,72000,2000,70000,70000
054289,聯發科元大97購11,0,0,0,0,0,0,0,0,0,70000,0,0,0,70000,0,70000,70000
050343,鴻海元富94購01  ,0,0,0,0,0,0,0,0,0,70000,0,0,0,70000,0,70000,70000
050406,台積電台新95購02,0,0,0,0,0,0,0,0,0,70000,0,0,0,70000,0,70000,70000
039550,滬深反凱基94購01,0,0,0,0,0,0,0,0,0,70000,0,0,0,70000,0,70000,70000
050836,緯穎凱基95購01  ,0,0,0,0,0,0,0,0,0,70000,0,0,0,136000,66000,70000,70000
053255,貿聯國泰97購01  ,0,0,0,0,0,0,0,0,0,70000,0,0,0,70000,0,70000,70000
058983,旺宏凱基99購05  ,0,0,0,0,0,0,0,0,0,69000,0,0,0,69000,0,69000,69000
04891P,友達元大94售01  ,0,0,0,0,0,0,0,0,0,69000,0,0,0,70000,1000,69000,69000
04441P,台積電台新95售01,0,0,0,0,0,0,0,0,0,69000,0,0,0,91000,22000,69000,69000
053735,矽力中信97購01  ,0,0,0,0,0,0,0,0,0,69000,0,0,0,69000,0,69000,69000
054143,茂林元大96購04  ,0,0,0,0,0,0,0,0,0,69000,0,0,0,69000,0,69000,69000
054115,台塑康和96購01  ,0,0,0,0,0,0,0,0,0,69000,0,0,0,70000,1000,69000,69000
1732,毛寶            ,184000,116000,68000,0,0,0,0,0,0,0,0,0,0,0,0,0,68000
04543P,鴻海富邦95售03  ,0,0,0,0,0,0,0,0,0,67000,0,0,0,67000,0,67000,67000
04553P,S&P正2中信95售01,0,0,0,0,0,0,0,0,0,67000,0,0,0,67000,0,67000,67000
04722P,南亞科凱基94售05,0,0,0,0,0,0,0,0,0,67000,0,0,0,67000,0,67000,67000
049219,聯發科國票95購01,0,0,0,0,0,0,0,0,0,67000,0,0,0,67000,0,67000,67000
057483,微星元大98購04  ,0,0,0,0,0,0,0,0,0,66000,0,0,0,72000,6000,66000,66000
06451P,聯發科元大98售04,0,0,0,0,0,0,0,0,0,66000,0,0,0,66000,0,66000,66000
3712,永崴投控        ,120652,55000,65652,0,0,0,0,0,0,0,0,0,0,0,0,0,65652
3605,宏致            ,177000,112000,65000,0,0,0,0,0,0,0,0,0,0,0,0,0,65000
2441,超豐            ,461000,389000,72000,0,0,0,0,0,0,-7000,0,7000,-7000,0,0,0,65000
05696P,南亞科凱基96售01,0,0,0,0,0,0,0,0,0,65000,0,0,0,65000,0,65000,65000
059336,台灣50凱基9A購02,0,0,0,0,0,0,0,0,0,65000,0,0,0,70000,5000,65000,65000
058017,漢唐凱基99購01  ,0,0,0,0,0,0,0,0,0,65000,0,0,0,65000,0,65000,65000
051449,玉晶光元大96購01,0,0,0,0,0,0,0,0,0,65000,0,0,0,65000,0,65000,65000
055877,奇鋐元富97購01  ,0,0,0,0,0,0,0,0,0,65000,0,0,0,65000,0,65000,65000
05100P,智邦凱基95售02  ,0,0,0,0,0,0,0,0,0,65000,0,0,0,65000,0,65000,65000
046961,大立光中信95購02,0,0,0,0,0,0,0,0,0,65000,0,0,0,85000,20000,65000,65000
056381,台虹元富98購01  ,0,0,0,0,0,0,0,0,0,65000,0,0,0,93000,28000,65000,65000
05162P,玉晶光國票96售03,0,0,0,0,0,0,0,0,0,65000,0,0,0,65000,0,65000,65000
059237,鴻海凱基9A購10  ,0,0,0,0,0,0,0,0,0,65000,0,0,0,66000,1000,65000,65000
3033,威健            ,153009,90524,62485,0,0,0,0,0,0,2000,2000,0,2000,0,0,0,64485
07040P,台灣50元大9C售02,0,0,0,0,0,0,0,0,0,64000,0,0,0,64000,0,64000,64000
059240,台積電凱基9A購09,0,0,0,0,0,0,0,0,0,64000,0,0,0,76000,12000,64000,64000
055763,鎧勝群益97購01  ,0,0,0,0,0,0,0,0,0,64000,0,0,0,65000,1000,64000,64000
054757,南亞國票98購01  ,0,0,0,0,0,0,0,0,0,64000,0,0,0,64000,0,64000,64000
00681R,元大美債20反1   ,0,0,0,0,0,0,0,0,0,64000,0,0,0,132000,68000,64000,64000
059055,旺宏凱基9B購02  ,0,0,0,0,0,0,0,0,0,63000,0,0,0,63000,0,63000,63000
048675,台達電國泰94購02,0,0,0,0,0,0,0,0,0,63000,0,0,0,63000,0,63000,63000
059199,欣興永豐99購02  ,0,0,0,0,0,0,0,0,0,63000,0,0,0,63000,0,63000,63000
05295P,緯創凱基95售01  ,0,0,0,0,0,0,0,0,0,63000,0,0,0,71000,8000,63000,63000
057598,鴻海群益98購07  ,0,0,0,0,0,0,0,0,0,62000,0,0,0,62000,0,62000,62000
058574,台積電群益99購03,0,0,0,0,0,0,0,0,0,62000,0,0,0,63000,1000,62000,62000
2612,中航            ,76000,14000,62000,0,0,0,0,0,0,0,0,0,0,0,0,0,62000
2419,仲琦            ,146000,85000,61000,0,0,0,0,0,0,1000,1000,0,1000,0,0,0,62000
057009,信邦中信99購01  ,0,0,0,0,0,0,0,0,0,62000,0,0,0,62000,0,62000,62000
051705,富邦金群益97購01,0,0,0,0,0,0,0,0,0,62000,0,0,0,62000,0,62000,62000
04894P,世紀鋼元大94售02,0,0,0,0,0,0,0,0,0,62000,0,0,0,65000,3000,62000,62000
053560,漢唐國泰98購01  ,0,0,0,0,0,0,0,0,0,62000,0,0,0,62000,0,62000,62000
053584,友達元大9B購02  ,0,0,0,0,0,0,0,0,0,62000,0,0,0,62000,0,62000,62000
056141,聯茂元大97購05  ,0,0,0,0,0,0,0,0,0,62000,0,0,0,62000,0,62000,62000
07001P,國巨元大99售12  ,0,0,0,0,0,0,0,0,0,61000,0,0,0,61000,0,61000,61000
058015,旺宏凱基99購02  ,0,0,0,0,0,0,0,0,0,61000,0,0,0,88000,27000,61000,61000
06650P,聯發科元大98售09,0,0,0,0,0,0,0,0,0,61000,0,0,0,190000,129000,61000,61000
052313,聯電元大98購01  ,0,0,0,0,0,0,0,0,0,61000,0,0,0,64000,3000,61000,61000
059449,滬深2X永豐99購03,0,0,0,0,0,0,0,0,0,60000,0,0,0,60000,0,60000,60000
058995,台達電元大99購01,0,0,0,0,0,0,0,0,0,60000,0,0,0,60000,0,60000,60000
059304,華新科兆豐99購06,0,0,0,0,0,0,0,0,0,60000,0,0,0,60000,0,60000,60000
057398,台郡中信99購01  ,0,0,0,0,0,0,0,0,0,60000,0,0,0,60000,0,60000,60000
057668,華新科元大9A購01,0,0,0,0,0,0,0,0,0,60000,0,0,0,60000,0,60000,60000
057809,英業達元大98購01,0,0,0,0,0,0,0,0,0,60000,0,0,0,60000,0,60000,60000
058958,台表科國票9A購03,0,0,0,0,0,0,0,0,0,60000,0,0,0,60000,0,60000,60000
052213,富邦金元大95購01,0,0,0,0,0,0,0,0,0,60000,0,0,0,60000,0,60000,60000
052939,富邦金兆豐96購01,0,0,0,0,0,0,0,0,0,60000,0,0,0,60000,0,60000,60000
052934,中磊元大96購01  ,0,0,0,0,0,0,0,0,0,60000,0,0,0,60000,0,60000,60000
055106,台積電凱基98購05,0,0,0,0,0,0,0,0,0,60000,0,0,0,60000,0,60000,60000
056088,台郡統一97購02  ,0,0,0,0,0,0,0,0,0,60000,0,0,0,60000,0,60000,60000
05589P,大立光中信9A售01,0,0,0,0,0,0,0,0,0,60000,0,0,0,60000,0,60000,60000
051598,瑞昱兆豐95購01  ,0,0,0,0,0,0,0,0,0,60000,0,0,0,60000,0,60000,60000
044927,聯詠國泰94購01  ,0,0,0,0,0,0,0,0,0,60000,0,0,0,79000,19000,60000,60000
03181P,台灣50元大01售40,0,0,0,0,0,0,0,0,0,60000,0,0,0,60000,0,60000,60000
03427P,聯電元大02售11  ,0,0,0,0,0,0,0,0,0,60000,0,0,0,60000,0,60000,60000
059159,上銀凱基99購05  ,0,0,0,0,0,0,0,0,0,59000,0,0,0,59000,0,59000,59000
2331,精英            ,180000,123000,57000,0,0,0,0,0,0,2000,2000,0,2000,0,0,0,59000
3356,奇偶            ,80000,22000,58000,0,0,0,0,0,0,1000,1000,0,1000,0,0,0,59000
04341P,美律永豐93售03  ,0,0,0,0,0,0,0,0,0,59000,0,0,0,60000,1000,59000,59000
051490,世芯凱基96購01  ,0,0,0,0,0,0,0,0,0,59000,0,0,0,59000,0,59000,59000
053653,京元電凱基96購02,0,20000,-20000,0,0,0,0,0,0,79000,0,0,0,79000,0,79000,59000
5203,訊連            ,260000,203000,57000,0,0,0,0,0,0,1000,0,0,0,2000,1000,1000,58000
2388,威盛            ,131000,73000,58000,0,0,0,0,0,0,0,0,0,0,0,0,0,58000
06857P,超眾永豐98售02  ,0,0,0,0,0,0,0,0,0,58000,0,0,0,62000,4000,58000,58000
06869P,金融類元大99售01,0,0,0,0,0,0,0,0,0,58000,0,0,0,59000,1000,58000,58000
058758,台積電群益99購05,0,0,0,0,0,0,0,0,0,58000,0,0,0,58000,0,58000,58000
058134,信邦元大99購01  ,0,0,0,0,0,0,0,0,0,58000,0,0,0,58000,0,58000,58000
06183P,大立光元大97售05,0,0,0,0,0,0,0,0,0,58000,0,0,0,155000,97000,58000,58000
056523,光寶科中信98購01,0,0,0,0,0,0,0,0,0,58000,0,0,0,58000,0,58000,58000
049611,緯穎兆豐95購02  ,0,0,0,0,0,0,0,0,0,58000,0,0,0,87000,29000,58000,58000
05104P,智邦台新95售02  ,0,0,0,0,0,0,0,0,0,58000,0,0,0,60000,2000,58000,58000
050695,台積電凱基94購40,0,0,0,0,0,0,0,0,0,58000,0,0,0,58000,0,58000,58000
058342,鴻海群益9A購01  ,0,0,0,0,0,0,0,0,0,57000,0,0,0,79000,22000,57000,57000
07243P,台灣50凱基9A售04,0,0,0,0,0,0,0,0,0,57000,0,0,0,67000,10000,57000,57000
04869P,鴻海元富95售02  ,0,0,0,0,0,0,0,0,0,57000,0,0,0,117000,60000,57000,57000
050239,廣達凱基94購01  ,0,0,0,0,0,0,0,0,0,57000,0,0,0,57000,0,57000,57000
05509P,智邦元富96售02  ,0,0,0,0,0,0,0,0,0,57000,0,0,0,57000,0,57000,57000
058963,華新科兆豐99購05,0,0,0,0,0,0,0,0,0,55000,0,0,0,55000,0,55000,55000
2103,台橡            ,610000,526000,84000,0,0,0,0,0,0,-29000,0,29000,-29000,0,0,0,55000
06521P,矽力元大98售01  ,0,0,0,0,0,0,0,0,0,55000,0,0,0,75000,20000,55000,55000
057243,樺漢凱基99購01  ,0,0,0,0,0,0,0,0,0,55000,0,0,0,55000,0,55000,55000
056639,國產康和98購01  ,0,0,0,0,0,0,0,0,0,55000,0,0,0,55000,0,55000,55000
058612,健策元大99購02  ,0,0,0,0,0,0,0,0,0,55000,0,0,0,55000,0,55000,55000
07165P,臺股指群益99售16,0,0,0,0,0,0,0,0,0,55000,0,0,0,55000,0,55000,55000
053630,奇鋐兆豐97購01  ,0,0,0,0,0,0,0,0,0,55000,0,0,0,55000,0,55000,55000
05291P,鴻海凱基95售16  ,0,0,0,0,0,0,0,0,0,55000,0,0,0,55000,0,55000,55000
052674,智邦國泰98購01  ,0,0,0,0,0,0,0,0,0,55000,0,0,0,55000,0,55000,55000
051809,義隆凱基96購01  ,0,0,0,0,0,0,0,0,0,55000,0,0,0,55000,0,55000,55000
05422P,大立光中信97售02,0,0,0,0,0,0,0,0,0,55000,0,0,0,55000,0,55000,55000
055780,禾伸堂凱基99購01,0,0,0,0,0,0,0,0,0,55000,0,0,0,55000,0,55000,55000
055798,聯茂富邦98購01  ,0,0,0,0,0,0,0,0,0,55000,0,0,0,56000,1000,55000,55000
050690,台達電凱基96購01,0,0,0,0,0,0,0,0,0,55000,0,0,0,65000,10000,55000,55000
03810P,大立光富邦98售01,0,0,0,0,0,0,0,0,0,55000,0,0,0,55000,0,55000,55000
056851,瑞儀元富98購01  ,0,0,0,0,0,0,0,0,0,54000,0,0,0,54000,0,54000,54000
058476,旺宏凱基9A購01  ,0,0,0,0,0,0,0,0,0,54000,0,0,0,57000,3000,54000,54000
059032,元石油群益9C購03,0,0,0,0,0,0,0,0,0,54000,0,0,0,54000,0,54000,54000
058896,中環元大99購03  ,0,0,0,0,0,0,0,0,0,54000,0,0,0,55000,1000,54000,54000
050540,台積電凱基94購38,0,0,0,0,0,0,0,0,0,54000,0,0,0,59000,5000,54000,54000
03434B,臺股指元大99熊10,0,0,0,0,0,0,0,0,0,54000,0,0,0,70000,16000,54000,54000
056343,高鐵凱基98購02  ,0,0,0,0,0,0,0,0,0,54000,0,0,0,114000,60000,54000,54000
8411,福貞-KY         ,66000,11000,55000,0,0,0,0,0,0,-1000,0,1000,-1000,0,0,0,54000
9935,慶豐富          ,51000,10000,41000,0,0,0,0,0,0,13000,13000,0,13000,0,0,0,54000
058203,信邦凱基99購01  ,0,0,0,0,0,0,0,0,0,53000,0,0,0,80000,27000,53000,53000
056855,祥碩中信98購02  ,0,0,0,0,0,0,0,0,0,53000,0,0,0,53000,0,53000,53000
057260,微星兆豐98購01  ,0,0,0,0,0,0,0,0,0,53000,0,0,0,83000,30000,53000,53000
052345,矽力凱基95購01  ,0,0,0,0,0,0,0,0,0,53000,0,0,0,53000,0,53000,53000
053062,緯穎富邦97購01  ,0,0,0,0,0,0,0,0,0,53000,0,0,0,63000,10000,53000,53000
03428P,台積電元大02售28,0,0,0,0,0,0,0,0,0,53000,0,0,0,53000,0,53000,53000
048509,上証反凱基99購02,0,0,0,0,0,0,0,0,0,53000,0,0,0,53000,0,53000,53000
04842P,群創元大96售02  ,0,0,0,0,0,0,0,0,0,53000,0,0,0,65000,12000,53000,53000
8462,柏文            ,138419,86017,52402,0,0,0,0,0,0,0,0,0,0,0,0,0,52402
05727P,新光金日盛96售02,0,0,0,0,0,0,0,0,0,52000,0,0,0,55000,3000,52000,52000
04771P,友達元大96售02  ,0,0,0,0,0,0,0,0,0,52000,0,0,0,52000,0,52000,52000
03560P,台積電兆豐03售10,0,0,0,0,0,0,0,0,0,52000,0,0,0,52000,0,52000,52000
045479,T50反1中信95購01,0,0,0,0,0,0,0,0,0,52000,0,0,0,52000,0,52000,52000
05188P,可成凱基95售09  ,0,0,0,0,0,0,0,0,0,52000,0,0,0,62000,10000,52000,52000
051672,玉晶光元大96購03,0,0,0,0,0,0,0,0,0,52000,0,0,0,61000,9000,52000,52000
06022P,緯穎永豐96售03  ,0,0,0,0,0,0,0,0,0,52000,0,0,0,55000,3000,52000,52000
3312,弘憶股          ,121000,69340,51660,0,0,0,0,0,0,0,0,0,0,0,0,0,51660
058636,亞光兆豐9A購01  ,0,0,0,0,0,0,0,0,0,51000,0,0,0,51000,0,51000,51000
058173,台積電凱基99購04,0,0,0,0,0,0,0,0,0,51000,0,0,0,51000,0,51000,51000
07093P,台積電凱基99售07,0,0,0,0,0,0,0,0,0,51000,0,0,0,51000,0,51000,51000
07035P,大立光元富99售04,0,0,0,0,0,0,0,0,0,51000,0,0,0,51000,0,51000,51000
05650P,台積電富邦96售01,0,0,0,0,0,0,0,0,0,51000,0,0,0,51000,0,51000,51000
056334,台積電凱基98購06,0,0,0,0,0,0,0,0,0,51000,0,0,0,81000,30000,51000,51000
05082P,健策永豐95售02  ,0,0,0,0,0,0,0,0,0,51000,0,0,0,51000,0,51000,51000
058095,昇陽半元大98購03,0,0,0,0,0,0,0,0,0,50000,0,0,0,50000,0,50000,50000
07078P,鴻海群益99售02  ,0,0,0,0,0,0,0,0,0,50000,0,0,0,50000,0,50000,50000
05944P,富邦金中信96售01,0,0,0,0,0,0,0,0,0,50000,0,0,0,50000,0,50000,50000
06150P,奇力新元大97售06,0,0,0,0,0,0,0,0,0,50000,0,0,0,50000,0,50000,50000
056695,景碩群益99購01  ,0,0,0,0,0,0,0,0,0,50000,0,0,0,80000,30000,50000,50000
056697,緯穎群益98購01  ,0,0,0,0,0,0,0,0,0,50000,0,0,0,50000,0,50000,50000
057876,隆達元大98購01  ,0,0,0,0,0,0,0,0,0,50000,0,0,0,50000,0,50000,50000
057195,南茂元大98購01  ,0,0,0,0,0,0,0,0,0,50000,0,0,0,66000,16000,50000,50000
056893,智邦元大98購02  ,0,0,0,0,0,0,0,0,0,50000,0,0,0,50000,0,50000,50000
058911,茂林元大99購04  ,0,0,0,0,0,0,0,0,0,50000,0,0,0,50000,0,50000,50000
08653P,台灣50凱基96售07,0,0,0,0,0,0,0,0,0,50000,0,0,0,50000,0,50000,50000
08795P,聯發科凱基01售11,0,0,0,0,0,0,0,0,0,50000,0,0,0,50000,0,50000,50000
050895,聯發科元大97購01,0,0,0,0,0,0,0,0,0,50000,0,0,0,50000,0,50000,50000
050702,崇越凱基94購01  ,0,0,0,0,0,0,0,0,0,50000,0,0,0,50000,0,50000,50000
050650,大立光凱基96購01,0,0,0,0,0,0,0,0,0,50000,0,0,0,50000,0,50000,50000
03555P,聯電元大02售24  ,100000,50000,50000,0,0,0,0,0,0,0,0,0,0,0,0,0,50000
04272P,元上證凱基94售01,0,0,0,0,0,0,0,0,0,50000,0,0,0,50000,0,50000,50000
00650L,FH香港正2       ,0,0,0,0,0,0,0,0,0,50000,0,0,0,87000,37000,50000,50000
047768,大立光元大95購01,0,0,0,0,0,0,0,0,0,50000,0,0,0,50000,0,50000,50000
048687,旺宏群益96購01  ,0,0,0,0,0,0,0,0,0,50000,0,0,0,50000,0,50000,50000
050054,緯穎群益94購04  ,0,0,0,0,0,0,0,0,0,50000,0,0,0,50000,0,50000,50000
050129,聯發科凱基94購11,0,0,0,0,0,0,0,0,0,50000,0,0,0,50000,0,50000,50000
049434,茂林國票95購01  ,0,0,0,0,0,0,0,0,0,50000,0,0,0,50000,0,50000,50000
04831P,聯詠富邦96售01  ,0,0,0,0,0,0,0,0,0,50000,0,0,0,60000,10000,50000,50000
053331,玉晶光永豐97購02,0,0,0,0,0,0,0,0,0,50000,0,0,0,50000,0,50000,50000
05580P,美律凱基96售03  ,0,0,0,0,0,0,0,0,0,50000,0,0,0,50000,0,50000,50000
053374,台達電元大96購03,0,0,0,0,0,0,0,0,0,50000,0,0,0,50000,0,50000,50000
055966,茂林元大99購01  ,0,0,0,0,0,0,0,0,0,50000,0,0,0,50000,0,50000,50000
052204,台泥中信96購01  ,0,0,0,0,0,0,0,0,0,50000,0,0,0,50000,0,50000,50000
052453,崇越元大95購01  ,0,0,0,0,0,0,0,0,0,50000,0,0,0,50000,0,50000,50000
052984,漢唐元大96購01  ,0,0,0,0,0,0,0,0,0,50000,0,0,0,50000,0,50000,50000
055219,啟碁凱基98購01  ,0,0,0,0,0,0,0,0,0,50000,0,0,0,50000,0,50000,50000
054152,漢唐國泰98購02  ,0,0,0,0,0,0,0,0,0,50000,0,0,0,50000,0,50000,50000
051746,玉晶光國泰97購07,0,0,0,0,0,0,0,0,0,50000,0,0,0,50000,0,50000,50000
054293,健策元大98購02  ,0,0,0,0,0,0,0,0,0,50000,0,0,0,51000,1000,50000,50000
054563,泰碩群益99購01  ,0,0,0,0,0,0,0,0,0,50000,0,0,0,50000,0,50000,50000
054564,玉晶光群益99購01,0,0,0,0,0,0,0,0,0,50000,0,0,0,50000,0,50000,50000
055757,大成鋼群益99購01,0,0,0,0,0,0,0,0,0,50000,0,0,0,50000,0,50000,50000
054831,緯穎國泰98購01  ,0,0,0,0,0,0,0,0,0,50000,0,0,0,50000,0,50000,50000
054845,智邦兆豐98購01  ,0,0,0,0,0,0,0,0,0,50000,0,0,0,50000,0,50000,50000
07164P,臺股指群益99售15,0,0,0,0,0,0,0,0,0,49000,0,0,0,58000,9000,49000,49000
047552,潤泰全凱基94購02,0,0,0,0,0,0,0,0,0,49000,0,0,0,49000,0,49000,49000
8463,潤泰材          ,79000,29000,50000,0,0,0,0,0,0,-1000,0,1000,-1000,0,0,0,49000
1714,和桐            ,772000,723275,48725,0,0,0,0,0,0,0,0,0,0,0,0,0,48725
08671P,友訊國票01售01  ,0,0,0,0,0,0,0,0,0,48000,0,0,0,48000,0,48000,48000
057479,致茂元大98購03  ,0,0,0,0,0,0,0,0,0,48000,0,0,0,48000,0,48000,48000
07114P,旺宏兆豐9A售01  ,0,0,0,0,0,0,0,0,0,48000,0,0,0,48000,0,48000,48000
053597,牧德元大99購01  ,0,0,0,0,0,0,0,0,0,48000,0,0,0,49000,1000,48000,48000
05620P,大立光富邦9B售01,0,0,0,0,0,0,0,0,0,48000,0,0,0,48000,0,48000,48000
054111,緯穎凱基97購01  ,0,0,0,0,0,0,0,0,0,48000,0,0,0,137000,89000,48000,48000
057815,信邦元大98購01  ,0,0,0,0,0,0,0,0,0,47000,0,0,0,67000,20000,47000,47000
05506P,茂林凱基96售03  ,0,0,0,0,0,0,0,0,0,47000,0,0,0,80000,33000,47000,47000
049254,台積電元大96購02,0,0,0,0,0,0,0,0,0,47000,0,0,0,47000,0,47000,47000
059044,聯電日盛99購02  ,0,0,0,0,0,0,0,0,0,46000,0,0,0,86000,40000,46000,46000
058862,聯發科凱基99購08,0,0,0,0,0,0,0,0,0,46000,0,0,0,46000,0,46000,46000
03686P,大立光統一98售02,0,0,0,0,0,0,0,0,0,46000,0,0,0,46000,0,46000,46000
054053,聯茂元大96購01  ,0,0,0,0,0,0,0,0,0,46000,0,0,0,61000,15000,46000,46000
053123,京元電凱基96購01,0,0,0,0,0,0,0,0,0,46000,0,0,0,66000,20000,46000,46000
1808,潤隆            ,173000,100000,73000,0,0,0,0,0,0,-28000,0,28000,-28000,0,0,0,45000
059320,華新科元大99購15,0,0,0,0,0,0,0,0,0,45000,0,0,0,51000,6000,45000,45000
057994,技嘉中信98購01  ,0,0,0,0,0,0,0,0,0,45000,0,0,0,45000,0,45000,45000
06618P,智邦元大98售04  ,0,0,0,0,0,0,0,0,0,45000,0,0,0,45000,0,45000,45000
056603,嘉聯益國泰9A購01,0,0,0,0,0,0,0,0,0,45000,0,0,0,45000,0,45000,45000
055515,聚陽中信9A購01  ,0,0,0,0,0,0,0,0,0,45000,0,0,0,65000,20000,45000,45000
048867,台積電兆豐95購01,0,0,0,0,0,0,0,0,0,45000,0,0,0,45000,0,45000,45000
1786,科妍            ,60004,12612,47392,0,0,0,0,0,0,-3000,0,3000,-3000,0,0,0,44392
1515,力山            ,431000,394000,37000,0,0,0,0,0,0,7000,6000,0,6000,1000,0,1000,44000
055993,致茂國泰99購01  ,0,0,0,0,0,0,0,0,0,44000,0,0,0,44000,0,44000,44000
03437B,臺股指元富9C熊01,0,0,0,0,0,0,0,0,0,44000,0,0,0,70000,26000,44000,44000
055779,國泰金凱基97購02,0,0,0,0,0,0,0,0,0,44000,0,0,0,44000,0,44000,44000
05458P,台積電凱基97售02,0,0,0,0,0,0,0,0,0,44000,0,0,0,44000,0,44000,44000
056531,佳世達凱基98購01,0,0,0,0,0,0,0,0,0,44000,0,0,0,44000,0,44000,44000
056534,京元電凱基98購01,0,0,0,0,0,0,0,0,0,44000,0,0,0,44000,0,44000,44000
052857,大成鋼凱基96購01,0,0,0,0,0,0,0,0,0,44000,0,0,0,44000,0,44000,44000
3047,訊舟            ,78000,35000,43000,0,0,0,0,0,0,0,0,0,0,0,0,0,43000
059037,宏達電群益99購02,0,0,0,0,0,0,0,0,0,43000,0,0,0,43000,0,43000,43000
05741P,聯發科元大96售14,0,0,0,0,0,0,0,0,0,43000,0,0,0,43000,0,43000,43000
06013P,世芯國泰97售03  ,0,0,0,0,0,0,0,0,0,43000,0,0,0,43000,0,43000,43000
03765P,大立光元富96售01,0,0,0,0,0,0,0,0,0,43000,0,0,0,43000,0,43000,43000
2605,新興            ,978130,929240,48890,0,0,0,0,0,0,-6000,0,0,0,0,6000,-6000,42890
058068,旺宏凱基98購11  ,0,0,0,0,0,0,0,0,0,42000,0,0,0,42000,0,42000,42000
07046P,大立光富邦9C售03,0,0,0,0,0,0,0,0,0,42000,0,0,0,42000,0,42000,42000
049653,緯穎凱基94購03  ,0,0,0,0,0,0,0,0,0,42000,0,0,0,58000,16000,42000,42000
054811,裕隆元大9A購01  ,0,0,0,0,0,0,0,0,0,42000,0,0,0,42000,0,42000,42000
052849,可成統一97購01  ,0,0,0,0,0,0,0,0,0,42000,0,0,0,42000,0,42000,42000
053896,麗豐群益97購01  ,0,0,0,0,0,0,0,0,0,42000,0,0,0,42000,0,42000,42000
055127,台虹兆豐97購01  ,0,0,0,0,0,0,0,0,0,42000,0,0,0,62000,20000,42000,42000
910861,神州-DR         ,42000,0,42000,0,0,0,0,0,0,0,0,0,0,0,0,0,42000
1477,聚陽            ,436000,384424,51576,0,0,0,0,0,0,-10000,0,7000,-7000,0,3000,-3000,41576
07084P,S&P正2元富9B售02,0,0,0,0,0,0,0,0,0,41000,0,0,0,41000,0,41000,41000
055351,聯發科凱基97購03,0,0,0,0,0,0,0,0,0,41000,0,0,0,41000,0,41000,41000
054426,國泰金富邦97購02,0,0,0,0,0,0,0,0,0,41000,0,0,0,41000,0,41000,41000
03832P,臺股指中信95售03,0,0,0,0,0,0,0,0,0,41000,0,0,0,41000,0,41000,41000
06620P,聯發科元大98售07,0,0,0,0,0,0,0,0,0,40000,0,0,0,40000,0,40000,40000
07039P,南電台新99售01  ,0,0,0,0,0,0,0,0,0,40000,0,0,0,40000,0,40000,40000
06496P,台灣50日盛98售01,0,0,0,0,0,0,0,0,0,40000,0,0,0,154000,114000,40000,40000
06307P,聚陽元富97售02  ,0,0,0,0,0,0,0,0,0,40000,0,0,0,94000,54000,40000,40000
057457,華邦電富邦98購01,0,0,0,0,0,0,0,0,0,40000,0,0,0,40000,0,40000,40000
057724,亞德客國泰99購01,0,0,0,0,0,0,0,0,0,40000,0,0,0,50000,10000,40000,40000
057916,國巨凱基98購13  ,0,0,0,0,0,0,0,0,0,40000,0,0,0,40000,0,40000,40000
057230,建準凱基98購02  ,0,0,0,0,0,0,0,0,0,40000,0,0,0,40000,0,40000,40000
056852,矽格元富98購01  ,0,0,0,0,0,0,0,0,0,40000,0,0,0,60000,20000,40000,40000
056720,世紀鋼永豐98購01,0,0,0,0,0,0,0,0,0,40000,0,0,0,40000,0,40000,40000
059150,臺股指國票99購13,0,0,0,0,0,0,0,0,0,40000,0,0,0,40000,0,40000,40000
058799,晶技元大99購04  ,0,0,0,0,0,0,0,0,0,40000,0,0,0,40000,0,40000,40000
057104,康友中信99購01  ,0,0,0,0,0,0,0,0,0,40000,0,0,0,40000,0,40000,40000
1410,南染            ,48000,8000,40000,0,0,0,0,0,0,0,0,0,0,0,0,0,40000
6165,捷泰            ,57000,17000,40000,0,0,0,0,0,0,0,0,0,0,0,0,0,40000
6209,今國光          ,195000,155000,40000,0,0,0,0,0,0,0,0,0,0,0,0,0,40000
035275,台積電台新97購01,0,0,0,0,0,0,0,0,0,40000,0,0,0,40000,0,40000,40000
044963,台積電中信96購01,0,0,0,0,0,0,0,0,0,40000,0,0,0,40000,0,40000,40000
04889P,華通元大94售03  ,0,0,0,0,0,0,0,0,0,40000,0,0,0,40000,0,40000,40000
04881P,高股息凱基96售01,0,0,0,0,0,0,0,0,0,40000,0,0,0,40000,0,40000,40000
047603,瑞昱國泰94購01  ,0,0,0,0,0,0,0,0,0,40000,0,0,0,40000,0,40000,40000
051285,鴻海統一95購07  ,0,0,0,0,0,0,0,0,0,40000,0,0,0,50000,10000,40000,40000
056002,嘉晶永豐97購01  ,0,0,0,0,0,0,0,0,0,40000,0,0,0,40000,0,40000,40000
055933,欣興群益98購02  ,0,0,0,0,0,0,0,0,0,40000,0,0,0,40000,0,40000,40000
055937,康舒群益97購01  ,0,0,0,0,0,0,0,0,0,40000,0,0,0,40000,0,40000,40000
05340P,臺股指國票95售08,0,0,0,0,0,0,0,0,0,40000,0,0,0,40000,0,40000,40000
053465,聯電元大96購05  ,0,0,0,0,0,0,0,0,0,40000,0,0,0,40000,0,40000,40000
056124,華通國票98購02  ,0,0,0,0,0,0,0,0,0,40000,0,0,0,60000,20000,40000,40000
050250,台郡凱基94購03  ,0,0,0,0,0,0,0,0,0,40000,0,0,0,40000,0,40000,40000
054463,瑞昱凱基97購01  ,0,0,0,0,0,0,0,0,0,40000,0,0,0,40000,0,40000,40000
055755,禾伸堂兆豐97購02,0,0,0,0,0,0,0,0,0,40000,0,0,0,40000,0,40000,40000
054758,南亞國票9A購01  ,0,0,0,0,0,0,0,0,0,40000,0,0,0,40000,0,40000,40000
055583,國巨元大97購10  ,0,0,0,0,0,0,0,0,0,40000,0,0,0,40000,0,40000,40000
05938P,旺宏凱基96售07  ,0,0,0,0,0,0,0,0,0,40000,0,0,0,40000,0,40000,40000
055220,緯穎凱基98購02  ,0,0,0,0,0,0,0,0,0,40000,0,0,0,40000,0,40000,40000
056577,玉晶光元大99購06,0,0,0,0,0,0,0,0,0,40000,0,0,0,40000,0,40000,40000
05306P,泰碩國泰97售01  ,0,0,0,0,0,0,0,0,0,40000,0,0,0,40000,0,40000,40000
05209P,鴻海凱基96售09  ,0,0,0,0,0,0,0,0,0,40000,0,0,0,40000,0,40000,40000
056416,華新科中信98購01,0,0,0,0,0,0,0,0,0,40000,0,0,0,40000,0,40000,40000
05278P,台郡元富95售02  ,0,0,0,0,0,0,0,0,0,40000,0,0,0,50000,10000,40000,40000
05242P,群創國泰97售01  ,0,0,0,0,0,0,0,0,0,40000,0,0,0,40000,0,40000,40000
8104,錸寶            ,45000,5000,40000,0,0,0,0,0,0,0,0,0,0,0,0,0,40000
6477,安集            ,70000,29000,41000,0,0,0,0,0,0,-1000,0,1000,-1000,0,0,0,40000
3607,谷崧            ,93000,54000,39000,0,0,0,0,0,0,0,0,0,0,0,0,0,39000
059109,台積電富邦9C購03,0,0,0,0,0,0,0,0,0,39000,0,0,0,39000,0,39000,39000
057242,台郡凱基98購05  ,0,0,0,0,0,0,0,0,0,39000,0,0,0,39000,0,39000,39000
058333,鴻海元富99購04  ,0,0,0,0,0,0,0,0,0,39000,0,0,0,39000,0,39000,39000
052319,可成元大95購12  ,0,0,0,0,0,0,0,0,0,39000,0,0,0,39000,0,39000,39000
056335,微星凱基98購01  ,0,0,0,0,0,0,0,0,0,39000,0,0,0,39000,0,39000,39000
053889,致茂群益97購01  ,0,0,0,0,0,0,0,0,0,39000,0,0,0,125000,86000,39000,39000
059235,鴻海凱基99購08  ,0,0,0,0,0,0,0,0,0,39000,0,0,0,42000,3000,39000,39000
059241,旺宏凱基99購07  ,0,0,0,0,0,0,0,0,0,39000,0,0,0,50000,11000,39000,39000
048190,道瓊反元大96購02,0,0,0,0,0,0,0,0,0,39000,0,0,0,45000,6000,39000,39000
051075,智邦國泰97購01  ,0,0,0,0,0,0,0,0,0,39000,0,0,0,40000,1000,39000,39000
058177,華新科凱基99購02,0,0,0,0,0,0,0,0,0,38000,0,0,0,54000,16000,38000,38000
06326P,鴻海中信01售01  ,0,0,0,0,0,0,0,0,0,38000,0,0,0,38000,0,38000,38000
059039,致伸群益99購01  ,0,0,0,0,0,0,0,0,0,38000,0,0,0,38000,0,38000,38000
6214,精誠            ,488000,449000,39000,0,0,0,0,0,0,-1000,1000,2000,-1000,0,0,0,38000
2548,華固            ,1300000,1234000,66000,0,0,0,0,0,0,-28000,0,5000,-5000,0,23000,-23000,38000
04377P,大立光元大94售04,0,0,0,0,0,0,0,0,0,38000,0,0,0,38000,0,38000,38000
050246,大立光凱基94購13,0,0,0,0,0,0,0,0,0,38000,0,0,0,40000,2000,38000,38000
056226,聯發科凱基97購10,0,0,0,0,0,0,0,0,0,38000,0,0,0,38000,0,38000,38000
056153,華新科凱基97購02,0,0,0,0,0,0,0,0,0,38000,0,0,0,48000,10000,38000,38000
06021P,世紀鋼元富96售03,0,0,0,0,0,0,0,0,0,38000,0,0,0,92000,54000,38000,38000
054353,世紀鋼國泰98購01,0,0,0,0,0,0,0,0,0,38000,0,0,0,38000,0,38000,38000
8016,矽創            ,1079000,1096000,-17000,0,0,0,51000,0,51000,4000,6000,0,6000,1000,3000,-2000,38000
6112,聚碩            ,74200,37500,36700,0,0,0,0,0,0,1000,1000,0,1000,0,0,0,37700
06855P,聯發科富邦9A售01,0,0,0,0,0,0,0,0,0,37000,0,0,0,37000,0,37000,37000
2316,楠梓電          ,404000,358000,46000,0,0,0,0,0,0,-9000,1000,2000,-1000,0,8000,-8000,37000
058786,元黃金元大99購01,0,0,0,0,0,0,0,0,0,37000,0,0,0,40000,3000,37000,37000
057799,世紀鋼兆豐98購01,0,0,0,0,0,0,0,0,0,37000,0,0,0,37000,0,37000,37000
057482,微星元大98購03  ,0,0,0,0,0,0,0,0,0,37000,0,0,0,37000,0,37000,37000
05673P,台積電群益96售05,0,0,0,0,0,0,0,0,0,37000,0,0,0,37000,0,37000,37000
05477P,華新科群益95售06,0,0,0,0,0,0,0,0,0,37000,0,0,0,37000,0,37000,37000
056467,上証2X元大98購02,0,0,0,0,0,0,0,0,0,37000,0,0,0,100000,63000,37000,37000
056557,世紀鋼凱基98購02,0,0,0,0,0,0,0,0,0,37000,0,0,0,37000,0,37000,37000
053482,矽力元大96購03  ,0,0,0,0,0,0,0,0,0,37000,0,0,0,37000,0,37000,37000
047683,亞德客國泰95購01,0,0,0,0,0,0,0,0,0,37000,0,0,0,37000,0,37000,37000
049156,緯穎元大96購01  ,0,0,0,0,0,0,0,0,0,37000,0,0,0,75000,38000,37000,37000
03996P,旺宏國泰95售01  ,0,0,0,0,0,0,0,0,0,37000,0,0,0,37000,0,37000,37000
06950P,鴻海統一9B售02  ,0,0,0,0,0,0,0,0,0,36000,0,0,0,36000,0,36000,36000
058400,聯發科元大99購09,0,0,0,0,0,0,0,0,0,36000,0,0,0,46000,10000,36000,36000
058875,台表科國票9A購02,0,0,0,0,0,0,0,0,0,36000,0,0,0,36000,0,36000,36000
039212,台達電台新9A購01,0,0,0,0,0,0,0,0,0,36000,0,0,0,46000,10000,36000,36000
00728,第一金工業30    ,0,0,0,0,0,0,0,0,0,36000,0,0,0,669000,633000,36000,36000
04932P,香港2X中信96售01,0,0,0,0,0,0,0,0,0,36000,0,0,0,36000,0,36000,36000
051563,泰鼎國泰96購01  ,0,0,0,0,0,0,0,0,0,36000,0,0,0,36000,0,36000,36000
056114,台達電群益97購02,0,0,0,0,0,0,0,0,0,36000,0,0,0,36000,0,36000,36000
055776,宏達電凱基98購02,0,0,0,0,0,0,0,0,0,36000,0,0,0,410000,374000,36000,36000
054842,台達電兆豐98購01,0,0,0,0,0,0,0,0,0,36000,0,0,0,66000,30000,36000,36000
06035P,同欣電凱基96售03,0,0,0,0,0,0,0,0,0,36000,0,0,0,40000,4000,36000,36000
05699P,茂林凱基96售05  ,0,0,0,0,0,0,0,0,0,35000,0,0,0,58000,23000,35000,35000
08570P,台灣50凱基96售03,0,0,0,0,0,0,0,0,0,35000,0,0,0,35000,0,35000,35000
4961,天鈺            ,132000,100000,32000,0,0,0,0,0,0,3000,3000,0,3000,0,0,0,35000
058306,聯發科元大99購07,0,0,0,0,0,0,0,0,0,35000,0,0,0,35000,0,35000,35000
058566,聯發科凱基9A購02,0,0,0,0,0,0,0,0,0,35000,0,0,0,35000,0,35000,35000
05770P,聯發科凱基96售16,0,0,0,0,0,0,0,0,0,35000,0,0,0,35000,0,35000,35000
05993P,國巨元大96售13  ,0,0,0,0,0,0,0,0,0,35000,0,0,0,35000,0,35000,35000
05577P,上銀凱基96售02  ,0,0,0,0,0,0,0,0,0,35000,0,0,0,35000,0,35000,35000
055533,大立光群益97購03,0,0,0,0,0,0,0,0,0,35000,0,0,0,35000,0,35000,35000
054310,牧德凱基98購01  ,0,0,0,0,0,0,0,0,0,35000,0,0,0,35000,0,35000,35000
055307,瑞昱群益97購02  ,0,0,0,0,0,0,0,0,0,35000,0,0,0,35000,0,35000,35000
053673,超眾元富96購03  ,0,0,0,0,0,0,0,0,0,35000,0,0,0,35000,0,35000,35000
053487,台泥兆豐97購01  ,0,0,0,0,0,0,0,0,0,35000,0,0,0,264000,229000,35000,35000
048435,致新國票93購01  ,0,0,0,0,0,0,0,0,0,35000,0,0,0,35000,0,35000,35000
053129,緯穎凱基96購01  ,0,0,0,0,0,0,0,0,0,35000,0,0,0,83000,48000,35000,35000
051458,臺股指元大95購18,0,0,0,0,0,0,0,0,0,35000,0,0,0,35000,0,35000,35000
045055,聯發科元富98購03,0,0,0,0,0,0,0,0,0,35000,0,0,0,35000,0,35000,35000
04549P,茂林元大94售02  ,0,0,0,0,0,0,0,0,0,35000,0,0,0,35000,0,35000,35000
04384P,上証2X中信96售01,0,0,0,0,0,0,0,0,0,35000,0,0,0,35000,0,35000,35000
050383,超眾兆豐95購01  ,0,0,0,0,0,0,0,0,0,35000,0,0,0,35000,0,35000,35000
050687,上銀日盛94購01  ,0,0,0,0,0,0,0,0,0,35000,0,0,0,35000,0,35000,35000
057446,旺宏元富02購01  ,0,0,0,0,0,0,0,0,0,34000,0,0,0,35000,1000,34000,34000
056766,義隆元大98購01  ,0,0,0,0,0,0,0,0,0,34000,0,0,0,44000,10000,34000,34000
07154P,台灣50群益94售01,0,0,0,0,0,0,0,0,0,34000,0,0,0,34000,0,34000,34000
07215P,大立光凱基99售07,0,0,0,0,0,0,0,0,0,34000,0,0,0,50000,16000,34000,34000
06490P,鴻海富邦99售02  ,0,0,0,0,0,0,0,0,0,34000,0,0,0,52000,18000,34000,34000
5234,達興材料        ,59000,44000,15000,0,0,0,20000,0,20000,-1000,0,1000,-1000,0,0,0,34000
2455,全新            ,1110000,1065000,45000,0,0,0,10000,0,10000,-21000,7000,47000,-40000,27000,8000,19000,34000
056987,南茂群益98購01  ,0,0,0,0,0,0,0,0,0,34000,0,0,0,34000,0,34000,34000
059161,鴻海凱基9A購09  ,0,0,0,0,0,0,0,0,0,34000,0,0,0,51000,17000,34000,34000
050537,鴻海凱基95購05  ,0,0,0,0,0,0,0,0,0,34000,0,0,0,56000,22000,34000,34000
055955,微星元大97購01  ,0,0,0,0,0,0,0,0,0,34000,0,0,0,44000,10000,34000,34000
052940,玉晶光兆豐97購01,0,0,0,0,0,0,0,0,0,34000,0,0,0,34000,0,34000,34000
055104,台達電凱基98購01,0,0,0,0,0,0,0,0,0,34000,0,0,0,34000,0,34000,34000
056437,台積電凱基98購11,0,0,0,0,0,0,0,0,0,34000,0,0,0,34000,0,34000,34000
059367,台灣50元富01購03,0,0,0,0,0,0,0,0,0,34000,0,0,0,34000,0,34000,34000
3504,揚明光          ,40000,6000,34000,0,0,0,0,0,0,-1000,0,1000,-1000,0,0,0,33000
058997,鴻海元大99購21  ,0,0,0,0,0,0,0,0,0,33000,0,0,0,33000,0,33000,33000
058070,華新科凱基98購07,0,0,0,0,0,0,0,0,0,33000,0,0,0,60000,27000,33000,33000
058293,光寶科凱基9A購01,0,0,0,0,0,0,0,0,0,33000,0,0,0,74000,41000,33000,33000
058311,緯穎元大99購05  ,0,0,0,0,0,0,0,0,0,33000,0,0,0,48000,15000,33000,33000
057368,微星元大98購02  ,0,0,0,0,0,0,0,0,0,33000,0,0,0,33000,0,33000,33000
057889,致新群益99購01  ,0,0,0,0,0,0,0,0,0,33000,0,0,0,50000,17000,33000,33000
05934P,國巨凱基96售13  ,0,0,0,0,0,0,0,0,0,33000,0,0,0,33000,0,33000,33000
059180,祥碩元富9A購01  ,0,0,0,0,0,0,0,0,0,33000,0,0,0,194000,161000,33000,33000
054412,智邦元大96購03  ,0,0,0,0,0,0,0,0,0,33000,0,0,0,58000,25000,33000,33000
05641P,貿聯元富96售02  ,0,0,0,0,0,0,0,0,0,33000,0,0,0,33000,0,33000,33000
8341,日友            ,409000,287000,122000,0,0,0,0,88000,-88000,-1000,0,1000,-1000,0,0,0,33000
058751,南茂凱基9A購01  ,0,0,0,0,0,0,0,0,0,32000,0,0,0,32000,0,32000,32000
057381,微星國泰9A購01  ,0,0,0,0,0,0,0,0,0,32000,0,0,0,50000,18000,32000,32000
058429,欣興元富99購01  ,0,0,0,0,0,0,0,0,0,32000,0,0,0,32000,0,32000,32000
059416,T50反1元大99購08,0,0,0,0,0,0,0,0,0,32000,0,0,0,37000,5000,32000,32000
057996,臻鼎中信98購01  ,0,0,0,0,0,0,0,0,0,32000,0,0,0,32000,0,32000,32000
058846,鴻海群益99購03  ,0,0,0,0,0,0,0,0,0,32000,0,0,0,32000,0,32000,32000
1316,上曜            ,106000,74000,32000,0,0,0,0,0,0,0,0,0,0,0,0,0,32000
056412,上証2X中信9A購02,0,0,0,0,0,0,0,0,0,32000,0,0,0,32000,0,32000,32000
053880,智邦中信96購01  ,0,0,0,0,0,0,0,0,0,32000,0,0,0,32000,0,32000,32000
05526P,茂林群益96售03  ,0,0,0,0,0,0,0,0,0,32000,0,0,0,32000,0,32000,32000
055568,緯穎凱基97購02  ,0,0,0,0,0,0,0,0,0,32000,0,0,0,105000,73000,32000,32000
06074P,台積電凱基98售04,0,0,0,0,0,0,0,0,0,32000,0,0,0,34000,2000,32000,32000
050553,緯穎凱基94購06  ,0,0,0,0,0,0,0,0,0,32000,0,0,0,32000,0,32000,32000
04327P,台積電國泰95售01,0,0,0,0,0,0,0,0,0,32000,0,0,0,32000,0,32000,32000
03657C,T50反1元大99牛01,0,0,0,0,0,0,0,0,0,32000,0,0,0,53000,21000,32000,32000
00706L,元大S&P日圓正2  ,0,0,0,0,0,0,0,0,0,32000,0,0,0,36000,4000,32000,32000
9941,裕融            ,357200,298200,59000,0,0,0,1000,0,1000,-28000,0,28000,-28000,0,0,0,32000
4552,力達-KY         ,54160,22360,31800,0,0,0,0,0,0,0,0,0,0,0,0,0,31800
4737,華廣            ,47000,17000,30000,0,0,0,0,0,0,1000,2000,1000,1000,0,0,0,31000
058848,台積電群益99購07,0,0,0,0,0,0,0,0,0,31000,0,0,0,301000,270000,31000,31000
058900,旺宏元大99購11  ,0,0,0,0,0,0,0,0,0,31000,0,0,0,31000,0,31000,31000
059126,臺指反中信9B購01,0,0,0,0,0,0,0,0,0,31000,0,0,0,31000,0,31000,31000
1722,台肥            ,722000,682000,40000,0,0,0,0,5000,-5000,-4000,2000,6000,-4000,0,0,0,31000
06998P,S&P正2中信9B售01,0,0,0,0,0,0,0,0,0,31000,0,0,0,31000,0,31000,31000
057516,和鑫元富98購01  ,0,0,0,0,0,0,0,0,0,31000,0,0,0,41000,10000,31000,31000
04605P,台積電兆豐94售03,0,0,0,0,0,0,0,0,0,31000,0,0,0,31000,0,31000,31000
050982,台積電國泰96購04,0,0,0,0,0,0,0,0,0,31000,0,0,0,31000,0,31000,31000
04761P,可成凱基94售09  ,0,0,0,0,0,0,0,0,0,31000,0,0,0,32000,1000,31000,31000
051907,台積電元大97購05,0,0,0,0,0,0,0,0,0,31000,0,0,0,31000,0,31000,31000
051977,泰碩凱基95購01  ,0,0,0,0,0,0,0,0,0,31000,0,0,0,31000,0,31000,31000
057534,旭富元大98購01  ,0,0,0,0,0,0,0,0,0,30000,0,0,0,30000,0,30000,30000
057535,泰鼎元大99購01  ,0,0,0,0,0,0,0,0,0,30000,0,0,0,30000,0,30000,30000
057690,美律凱基99購03  ,0,0,0,0,0,0,0,0,0,30000,0,0,0,33000,3000,30000,30000
057648,和碩元大98購01  ,0,0,0,0,0,0,0,0,0,30000,0,0,0,30000,0,30000,30000
057768,華新科中信9A購01,0,0,0,0,0,0,0,0,0,30000,0,0,0,30000,0,30000,30000
057266,TPK兆豐98購02   ,0,0,0,0,0,0,0,0,0,30000,0,0,0,30000,0,30000,30000
056903,大立光元大99購04,0,0,0,0,0,0,0,0,0,30000,0,0,0,30000,0,30000,30000
057373,大立光元大98購17,0,0,0,0,0,0,0,0,0,30000,0,0,0,40000,10000,30000,30000
057329,緯穎群益98購02  ,0,0,0,0,0,0,0,0,0,30000,0,0,0,30000,0,30000,30000
06777P,鴻海元大99售06  ,0,0,0,0,0,0,0,0,0,30000,0,0,0,30000,0,30000,30000
06821P,臺股指元富98售10,0,0,0,0,0,0,0,0,0,30000,0,0,0,30000,0,30000,30000
06758P,鴻海元大98售10  ,0,0,0,0,0,0,0,0,0,30000,0,0,0,30000,0,30000,30000
057965,臺股指元大98購14,0,0,0,0,0,0,0,0,0,30000,0,0,0,30000,0,30000,30000
058080,台積電群益98購06,0,0,0,0,0,0,0,0,0,30000,0,0,0,30000,0,30000,30000
058242,玉晶光元大9A購01,0,0,0,0,0,0,0,0,0,30000,0,0,0,30000,0,30000,30000
06641P,智邦兆豐99售01  ,0,0,0,0,0,0,0,0,0,30000,0,0,0,120000,90000,30000,30000
06154P,超眾元大98售01  ,0,0,0,0,0,0,0,0,0,30000,0,0,0,30000,0,30000,30000
07127P,精元元大99售01  ,0,0,0,0,0,0,0,0,0,30000,0,0,0,30000,0,30000,30000
07133P,臺股指元大9A售27,0,0,0,0,0,0,0,0,0,30000,0,0,0,30000,0,30000,30000
058873,美律國票9A購02  ,0,0,0,0,0,0,0,0,0,30000,0,0,0,30000,0,30000,30000
056994,緯穎兆豐98購02  ,0,0,0,0,0,0,0,0,0,30000,0,0,0,30000,0,30000,30000
051939,同欣電群益97購01,0,0,0,0,0,0,0,0,0,30000,0,0,0,30000,0,30000,30000
051914,健策元大96購06  ,0,0,0,0,0,0,0,0,0,30000,0,0,0,30000,0,30000,30000
051831,緯穎元大96購04  ,0,0,0,0,0,0,0,0,0,30000,0,0,0,30000,0,30000,30000
054135,大立光元大97購04,0,0,0,0,0,0,0,0,0,30000,0,0,0,30000,0,30000,30000
055280,智邦元大97購01  ,0,0,0,0,0,0,0,0,0,30000,0,0,0,38000,8000,30000,30000
055246,美律統一98購01  ,0,0,0,0,0,0,0,0,0,30000,0,0,0,30000,0,30000,30000
055302,達方元大97購01  ,0,0,0,0,0,0,0,0,0,30000,0,0,0,30000,0,30000,30000
055221,矽創凱基97購02  ,0,0,0,0,0,0,0,0,0,30000,0,0,0,30000,0,30000,30000
056479,玉晶光元大99購05,0,0,0,0,0,0,0,0,0,30000,0,0,0,30000,0,30000,30000
056357,台積電元大9A購01,0,0,0,0,0,0,0,0,0,30000,0,0,0,30000,0,30000,30000
052789,台積電麥證96購01,0,0,0,0,0,0,0,0,0,30000,0,0,0,30000,0,30000,30000
05281P,南亞科元大95售03,0,0,0,0,0,0,0,0,0,30000,0,0,0,30000,0,30000,30000
052413,上証反中信97購01,0,0,0,0,0,0,0,0,0,30000,0,0,0,30000,0,30000,30000
052665,緯穎國票96購03  ,0,0,0,0,0,0,0,0,0,30000,0,0,0,30000,0,30000,30000
06118P,上証2X凱基98售03,0,0,0,0,0,0,0,0,0,30000,0,0,0,30000,0,30000,30000
05548P,臺股指元大96售02,0,0,0,0,0,0,0,0,0,30000,0,0,0,37000,7000,30000,30000
055773,瑞昱凱基97購03  ,0,0,0,0,0,0,0,0,0,30000,0,0,0,30000,0,30000,30000
054743,聯鈞凱基99購01  ,0,0,0,0,0,0,0,0,0,30000,0,0,0,30000,0,30000,30000
054822,祥碩元大97購01  ,0,0,0,0,0,0,0,0,0,30000,0,0,0,40000,10000,30000,30000
054783,國巨群益98購04  ,0,0,0,0,0,0,0,0,0,30000,0,0,0,30000,0,30000,30000
054778,世紀鋼國票99購01,0,0,0,0,0,0,0,0,0,30000,0,0,0,30000,0,30000,30000
054808,東元元大9A購01  ,0,0,0,0,0,0,0,0,0,30000,0,0,0,50000,20000,30000,30000
054504,聯鈞永豐96購01  ,0,0,0,0,0,0,0,0,0,30000,0,0,0,30000,0,30000,30000
054299,南電元大96購03  ,0,0,0,0,0,0,0,0,0,30000,0,0,0,30000,0,30000,30000
047680,上証反中信96購01,0,0,0,0,0,0,0,0,0,30000,0,0,0,30000,0,30000,30000
051294,鴻海元富95購06  ,0,0,0,0,0,0,0,0,0,30000,0,0,0,30000,0,30000,30000
05136P,台積電凱基95售08,0,0,0,0,0,0,0,0,0,30000,0,0,0,30000,0,30000,30000
051536,玉晶光國票97購01,0,0,0,0,0,0,0,0,0,30000,0,0,0,30000,0,30000,30000
04794P,友達元大96售03  ,0,0,0,0,0,0,0,0,0,30000,0,0,0,35000,5000,30000,30000
047825,道瓊反元大96購01,0,0,0,0,0,0,0,0,0,30000,0,0,0,46000,16000,30000,30000
048874,玉晶光國票96購01,0,0,0,0,0,0,0,0,0,30000,0,0,0,30000,0,30000,30000
049387,緯穎元大94購03  ,0,0,0,0,0,0,0,0,0,30000,0,0,0,40000,10000,30000,30000
056194,聯發科富邦9B購01,0,0,0,0,0,0,0,0,0,30000,0,0,0,30000,0,30000,30000
056236,台積電群益97購06,0,0,0,0,0,0,0,0,0,30000,0,0,0,30000,0,30000,30000
053151,華新科元大96購04,0,0,0,0,0,0,0,0,0,30000,0,0,0,30000,0,30000,30000
053175,矽力群益96購01  ,0,0,0,0,0,0,0,0,0,30000,0,0,0,30000,0,30000,30000
046949,群創元大99購01  ,0,0,0,0,0,0,0,0,0,30000,0,0,0,30000,0,30000,30000
03708P,鴻海亞東93售01  ,0,0,0,0,0,0,0,0,0,30000,0,0,0,30000,0,30000,30000
050458,台郡元大94購03  ,0,0,0,0,0,0,0,0,0,30000,0,0,0,30000,0,30000,30000
03047X,元展44          ,0,0,0,0,0,0,0,0,0,30000,0,0,0,30000,0,30000,30000
00710B,FH彭博高收益債  ,0,0,0,0,0,0,0,0,0,30000,0,0,0,130000,100000,30000,30000
059107,南茂國泰9A購01  ,0,0,0,0,0,0,0,0,0,29000,0,0,0,49000,20000,29000,29000
3530,晶相光          ,292000,247000,45000,0,0,0,0,0,0,-16000,0,0,0,0,16000,-16000,29000
06996P,臺股指凱基99售17,0,0,0,0,0,0,0,0,0,29000,0,0,0,29000,0,29000,29000
057761,聯發科凱基99購04,0,0,0,0,0,0,0,0,0,29000,0,0,0,29000,0,29000,29000
00783,富邦中証500     ,13000,7000,6000,0,0,0,0,0,0,23000,0,0,0,836000,813000,23000,29000
04547P,高鐵元大94售01  ,0,0,0,0,0,0,0,0,0,29000,0,0,0,39000,10000,29000,29000
04378P,大立光元大94售05,0,0,0,0,0,0,0,0,0,29000,0,0,0,39000,10000,29000,29000
049835,緯穎凱基94購05  ,0,0,0,0,0,0,0,0,0,29000,0,0,0,55000,26000,29000,29000
050036,矽格元大94購03  ,0,0,0,0,0,0,0,0,0,29000,0,0,0,29000,0,29000,29000
04754P,宏達電元富94售02,0,0,0,0,0,0,0,0,0,29000,0,0,0,29000,0,29000,29000
059212,鴻海元大99購28  ,0,0,0,0,0,0,0,0,0,29000,0,0,0,35000,6000,29000,29000
053706,S&P反1凱基99購01,0,0,0,0,0,0,0,0,0,29000,0,0,0,29000,0,29000,29000
056484,聯茂元大98購02  ,0,0,0,0,0,0,0,0,0,29000,0,0,0,30000,1000,29000,29000
057785,智邦國票99購02  ,0,0,0,0,0,0,0,0,0,28000,0,0,0,52000,24000,28000,28000
06264P,友達凱基98售06  ,0,0,0,0,0,0,0,0,0,28000,0,0,0,28000,0,28000,28000
06528P,台積電富邦99售03,0,0,0,0,0,0,0,0,0,28000,0,0,0,28000,0,28000,28000
058420,聯發科麥證99購03,0,0,0,15000,30000,-15000,0,0,0,28000,0,0,0,58000,30000,28000,28000
06642P,可成兆豐98售01  ,0,0,0,0,0,0,0,0,0,28000,0,0,0,142000,114000,28000,28000
059162,國巨凱基99購12  ,0,0,0,0,0,0,0,0,0,28000,0,0,0,68000,40000,28000,28000
06873P,嘉晶元富98售02  ,0,0,0,0,0,0,0,0,0,28000,0,0,0,129000,101000,28000,28000
2062,橋椿            ,43000,15000,28000,0,0,0,0,0,0,0,0,0,0,0,0,0,28000
058821,泰鼎國泰9B購01  ,0,0,0,0,0,0,0,0,0,28000,0,0,0,28000,0,28000,28000
1312,國喬            ,2030000,1994000,36000,0,0,0,0,0,0,-8000,6000,0,6000,0,14000,-14000,28000
1309,台達化          ,196880,168880,28000,0,0,0,0,0,0,0,0,0,0,0,0,0,28000
052102,台泥兆豐96購01  ,0,0,0,0,0,0,0,0,0,28000,0,0,0,28000,0,28000,28000
049986,嘉澤凱基94購02  ,0,0,0,0,0,0,0,0,0,28000,0,0,0,28000,0,28000,28000
03670C,元油2X元富99牛01,0,0,0,0,0,0,0,0,0,28000,0,0,0,40000,12000,28000,28000
006204,永豐臺灣加權    ,0,0,0,0,0,0,0,0,0,28000,0,0,0,28000,0,28000,28000
4560,強信-KY         ,52000,25000,27000,0,0,0,0,0,0,0,0,0,0,0,0,0,27000
058996,台達電元大99購02,0,0,0,0,0,0,0,0,0,27000,0,0,0,43000,16000,27000,27000
06566P,華通永豐98售03  ,0,0,0,0,0,0,0,0,0,27000,0,0,0,27000,0,27000,27000
057925,貿聯凱基99購01  ,0,0,0,0,0,0,0,0,0,27000,0,0,0,158000,131000,27000,27000
058673,華新科群益9A購02,0,0,0,0,0,0,0,0,0,27000,0,0,0,27000,0,27000,27000
058646,聯茂富邦9A購01  ,0,0,0,0,0,0,0,0,0,27000,0,0,0,50000,23000,27000,27000
04740P,台積電富邦95售02,0,0,0,0,0,0,0,0,0,27000,0,0,0,37000,10000,27000,27000
056219,T50反1日盛02購01,0,0,0,0,0,0,0,0,0,27000,0,0,0,41000,14000,27000,27000
051828,微星元大95購03  ,0,0,0,0,0,0,0,0,0,27000,0,0,0,32000,5000,27000,27000
054371,台積電中信9C購01,37000,0,37000,0,0,0,0,0,0,-10000,0,0,0,0,10000,-10000,27000
056737,國巨凱基9A購01  ,0,0,0,0,0,0,0,0,0,26000,0,0,0,26000,0,26000,26000
057167,台積電元大99購03,0,0,0,0,0,0,0,0,0,26000,0,0,0,27000,1000,26000,26000
056911,緯穎元大99購01  ,0,0,0,0,0,0,0,0,0,26000,0,0,0,26000,0,26000,26000
059002,聯發科元大99購18,0,0,0,0,0,0,0,0,0,26000,0,0,0,70000,44000,26000,26000
059343,宏達電凱基99購04,0,0,0,0,0,0,0,0,0,26000,0,0,0,1653000,1627000,26000,26000
07089P,臺指2X中信01售01,0,0,0,0,0,0,0,0,0,26000,0,0,0,26000,0,26000,26000
058979,上銀凱基99購04  ,0,0,0,0,0,0,0,0,0,26000,0,0,0,26000,0,26000,26000
05691P,聯發科中信98售01,0,0,0,0,0,0,0,0,0,26000,0,0,0,26000,0,26000,26000
059357,華通永豐99購01  ,0,0,0,0,0,0,0,0,0,26000,0,0,0,26000,0,26000,26000
056592,台積電元富98購01,0,0,0,0,0,0,0,0,0,26000,0,0,0,26000,0,26000,26000
049723,緯穎凱基94購04  ,0,0,0,0,0,0,0,0,0,26000,0,0,0,26000,0,26000,26000
047623,世紀鋼凱基94購02,0,0,0,0,0,0,0,0,0,26000,0,0,0,26000,0,26000,26000
050480,健策國票95購04  ,0,0,0,0,0,0,0,0,0,26000,0,0,0,36000,10000,26000,26000
058797,大毅元大99購03  ,0,0,0,0,0,0,0,0,0,25000,0,0,0,25000,0,25000,25000
057000,亞德客國票99購01,0,0,0,0,0,0,0,0,0,25000,0,0,0,25000,0,25000,25000
057029,緯穎凱基98購04  ,0,0,0,0,0,0,0,0,0,25000,0,0,0,61000,36000,25000,25000
1783,和康生          ,42000,17000,25000,0,0,0,0,0,0,0,0,0,0,0,0,0,25000
06901P,亞德客凱基98售02,0,0,0,0,0,0,0,0,0,25000,0,0,0,35000,10000,25000,25000
3588,通嘉            ,58000,33000,25000,0,0,0,0,0,0,0,0,0,0,0,0,0,25000
058407,滬深2X兆豐9A購01,0,0,0,0,0,0,0,0,0,25000,0,0,0,25000,0,25000,25000
06160P,台達電群益97售01,0,0,0,0,0,0,0,0,0,25000,0,0,0,25000,0,25000,25000
06491P,台積電富邦99售02,0,0,0,0,0,0,0,0,0,25000,0,0,0,25000,0,25000,25000
057703,矽力群益98購01  ,0,0,0,0,0,0,0,0,0,25000,0,0,0,25000,0,25000,25000
058660,樺漢中信9A購01  ,0,0,0,0,0,0,0,0,0,25000,0,0,0,25000,0,25000,25000
058590,南電中信9A購02  ,0,0,0,0,0,0,0,0,0,25000,0,0,0,25000,0,25000,25000
07171P,臺股指國票99售08,0,0,0,0,0,0,0,0,0,25000,0,0,0,25000,0,25000,25000
03648C,T50反1元大96牛07,0,0,0,0,0,0,0,0,0,25000,0,0,0,30000,5000,25000,25000
050941,T50反1群益95購01,0,0,0,0,0,0,0,0,0,25000,0,0,0,25000,0,25000,25000
051271,華新科群益95購04,0,0,0,0,0,0,0,0,0,25000,0,0,0,25000,0,25000,25000
051103,緯穎元大96購03  ,0,0,0,0,0,0,0,0,0,25000,0,0,0,25000,0,25000,25000
048785,台積電元大96購01,0,0,0,0,0,0,0,0,0,25000,0,0,0,40000,15000,25000,25000
049164,滬深2X日盛94購01,0,0,0,0,0,0,0,0,0,25000,0,0,0,25000,0,25000,25000
053400,緯穎中信9A購01  ,0,0,0,0,0,0,0,0,0,25000,0,0,0,25000,0,25000,25000
053193,超眾統一97購01  ,0,0,0,0,0,0,0,0,0,25000,0,0,0,25000,0,25000,25000
053230,達方台新97購01  ,0,0,0,0,0,0,0,0,0,25000,0,0,0,25000,0,25000,25000
05492P,聯茂元大95售02  ,0,0,0,0,0,0,0,0,0,25000,0,0,0,25000,0,25000,25000
051829,玉晶光元大98購02,0,0,0,0,0,0,0,0,0,25000,0,0,0,126000,101000,25000,25000
051827,智邦元大95購04  ,0,0,0,0,0,0,0,0,0,25000,0,0,0,80000,55000,25000,25000
051855,道瓊反凱基97購01,0,0,0,0,0,0,0,0,0,25000,0,0,0,25000,0,25000,25000
05642P,玉晶光兆豐97售02,0,0,0,0,0,0,0,0,0,25000,0,0,0,46000,21000,25000,25000
052146,泰碩群益95購01  ,0,0,0,0,0,0,0,0,0,25000,0,0,0,25000,0,25000,25000
052167,亞泥元大96購01  ,0,0,0,0,0,0,0,0,0,25000,0,0,0,25000,0,25000,25000
056337,聯發科凱基98購06,0,0,0,0,0,0,0,0,0,25000,0,0,0,25000,0,25000,25000
056344,嘉晶凱基98購02  ,0,0,0,0,0,0,0,0,0,25000,0,0,0,25000,0,25000,25000
05366P,鴻海元富95售12  ,0,0,0,0,0,0,0,0,0,25000,0,0,0,25000,0,25000,25000
052546,友達中信98購01  ,0,0,0,0,0,0,0,0,0,25000,0,0,0,25000,0,25000,25000
05446P,緯穎元大95售04  ,0,0,0,0,0,0,0,0,0,25000,0,0,0,30000,5000,25000,25000
051777,聯發科群益95購04,0,0,0,0,0,0,0,0,0,25000,0,0,0,25000,0,25000,25000
055736,宏達電元富99購01,0,0,0,0,0,0,0,0,0,25000,0,0,0,25000,0,25000,25000
058547,世紀鋼富邦9A購01,0,0,0,0,0,0,0,0,0,24000,0,0,0,24000,0,24000,24000
058708,臺股指元大9A購21,0,0,0,0,0,0,0,0,0,24000,0,0,0,29000,5000,24000,24000
5258,虹堡            ,81000,58000,23000,0,0,0,0,0,0,1000,1000,0,1000,0,0,0,24000
6183,關貿            ,39000,15000,24000,0,0,0,0,0,0,0,0,0,0,0,0,0,24000
2702,華園            ,52000,28000,24000,0,0,0,0,0,0,0,0,0,0,0,0,0,24000
058955,台積電國票9A購04,0,0,0,0,0,0,0,0,0,24000,0,0,0,36000,12000,24000,24000
08609P,世紀鋼永豐9C售03,0,0,0,0,0,0,0,0,0,24000,0,0,0,24000,0,24000,24000
054921,文曄凱基97購01  ,0,0,0,0,0,0,0,0,0,24000,0,0,0,24000,0,24000,24000
055620,樺漢國票98購01  ,0,0,0,0,0,0,0,0,0,24000,0,0,0,24000,0,24000,24000
051641,矽創國票96購01  ,0,0,0,0,0,0,0,0,0,24000,0,0,0,24000,0,24000,24000
054213,欣興國票97購04  ,0,0,0,0,0,0,0,0,0,24000,0,0,0,24000,0,24000,24000
06010P,國泰金元富96售01,0,0,0,0,0,0,0,0,0,24000,0,0,0,25000,1000,24000,24000
054163,燿華凱基97購02  ,0,0,0,0,0,0,0,0,0,24000,0,0,0,24000,0,24000,24000
055075,南電永豐97購01  ,0,0,0,0,0,0,0,0,0,24000,0,0,0,24000,0,24000,24000
05622P,台積電中信96售02,0,0,0,0,0,0,0,0,0,24000,0,0,0,24000,0,24000,24000
050831,超眾凱基95購01  ,0,0,0,0,0,0,0,0,0,24000,0,0,0,45000,21000,24000,24000
050595,緯穎永豐94購03  ,0,0,0,0,0,0,0,0,0,24000,0,0,0,24000,0,24000,24000
04602P,聯詠凱基94售02  ,0,0,0,0,0,0,0,0,0,24000,0,0,0,24000,0,24000,24000
059085,鴻海元大99購25  ,0,0,0,0,0,0,0,0,0,23000,0,0,0,23000,0,23000,23000
4148,全宇生技-KY     ,23000,1000,22000,0,0,0,0,0,0,1000,1000,0,1000,0,0,0,23000
058520,智易元大99購03  ,0,0,0,0,0,0,0,0,0,23000,0,0,0,23000,0,23000,23000
06680P,智邦元大98售06  ,0,0,0,0,0,0,0,0,0,23000,0,0,0,23000,0,23000,23000
06379P,群創統一97售05  ,0,0,0,0,0,0,0,0,0,23000,0,0,0,23000,0,23000,23000
06615P,鴻海元大9C售02  ,0,0,0,0,0,0,0,0,0,23000,0,0,0,65000,42000,23000,23000
06617P,智邦元大98售03  ,0,0,0,0,0,0,0,0,0,23000,0,0,0,33000,10000,23000,23000
058189,嘉澤永豐99購01  ,0,0,0,0,0,0,0,0,0,23000,0,0,0,23000,0,23000,23000
07082P,美律元大99售06  ,0,0,0,0,0,0,0,0,0,23000,0,0,0,23000,0,23000,23000
00711B,FH彭博新興債    ,0,0,0,0,0,0,0,0,0,23000,0,0,0,123000,100000,23000,23000
050685,緯穎元富94購02  ,0,0,0,0,0,0,0,0,0,23000,0,0,0,23000,0,23000,23000
051087,國巨元大97購01  ,0,0,0,0,0,0,0,0,0,23000,0,0,0,32000,9000,23000,23000
05023P,和碩凱基95售01  ,0,0,0,0,0,0,0,0,0,23000,0,0,0,23000,0,23000,23000
050174,技嘉元大94購01  ,0,0,0,0,0,0,0,0,0,23000,0,0,0,23000,0,23000,23000
049272,世紀鋼元大96購02,0,0,0,0,0,0,0,0,0,23000,0,0,0,36000,13000,23000,23000
05504P,台積電凱基96售04,0,0,0,0,0,0,0,0,0,23000,0,0,0,65000,42000,23000,23000
055349,京元電凱基97購02,0,0,0,0,0,0,0,0,0,23000,0,0,0,23000,0,23000,23000
051832,復盛元大95購01  ,0,0,0,0,0,0,0,0,0,23000,0,0,0,23000,0,23000,23000
051937,廣達群益95購01  ,0,0,0,0,0,0,0,0,0,23000,0,0,0,23000,0,23000,23000
1256,鮮活果汁-KY     ,54000,31100,22900,0,0,0,0,0,0,0,0,0,0,0,0,0,22900
058943,元石油群益9C購01,0,0,0,0,0,0,0,0,0,22000,0,0,0,22000,0,22000,22000
056918,台積電兆豐98購01,0,0,0,0,0,0,0,0,0,22000,0,0,0,22000,0,22000,22000
058191,祥碩永豐99購01  ,0,0,0,0,0,0,0,0,0,22000,0,0,0,22000,0,22000,22000
059074,元油2X元大9C購15,0,0,0,0,0,0,0,0,0,22000,0,0,0,22000,0,22000,22000
057375,欣興元大98購09  ,0,0,0,0,0,0,0,0,0,22000,0,0,0,37000,15000,22000,22000
058697,亞德客元大99購01,0,0,0,0,0,0,0,0,0,22000,0,0,0,22000,0,22000,22000
057672,茂林元大98購02  ,0,0,0,0,0,0,0,0,0,22000,0,0,0,22000,0,22000,22000
056762,亞德客元大98購01,0,0,0,0,0,0,0,0,0,22000,0,0,0,22000,0,22000,22000
057870,大立光凱基99購02,0,0,0,0,0,0,0,0,0,22000,0,0,0,22000,0,22000,22000
052180,緯穎元大96購05  ,0,0,0,0,0,0,0,0,0,22000,0,0,0,22000,0,22000,22000
06046P,健策統一96售03  ,0,0,0,0,0,0,0,0,0,22000,0,0,0,22000,0,22000,22000
059232,台灣50凱基03購01,0,0,0,0,0,0,0,0,0,22000,0,0,0,22000,0,22000,22000
055554,聯發科凱基97購06,0,0,0,0,0,0,0,0,0,22000,0,0,0,22000,0,22000,22000
055560,大立光凱基97購10,0,0,0,0,0,0,0,0,0,22000,0,0,0,22000,0,22000,22000
04936P,大立光中信95售03,0,0,0,0,0,0,0,0,0,22000,0,0,0,22000,0,22000,22000
049526,緯穎兆豐95購01  ,0,0,0,0,0,0,0,0,0,22000,0,0,0,22000,0,22000,22000
049784,台積電兆豐94購05,0,0,0,0,0,0,0,0,0,22000,0,0,0,22000,0,22000,22000
04768P,大立光國泰96售03,0,0,0,0,0,0,0,0,0,22000,0,0,0,22000,0,22000,22000
050651,大立光凱基96購02,0,0,0,0,0,0,0,0,0,22000,0,0,0,22000,0,22000,22000
042719,臺指反群益93購01,0,0,0,0,0,0,0,0,0,22000,0,0,0,22000,0,22000,22000
00700,富邦恒生國企    ,0,0,0,0,0,0,0,0,0,22000,0,0,0,24000,2000,22000,22000
04466P,大立光元富94售04,0,0,0,0,0,0,0,0,0,22000,0,0,0,22000,0,22000,22000
6409,旭隼            ,182850,160300,22550,0,0,0,0,0,0,-1000,0,1000,-1000,0,0,0,21550
1417,嘉裕            ,39000,17490,21510,0,0,0,0,0,0,0,0,0,0,0,0,0,21510
1514,亞力            ,121000,99680,21320,0,0,0,0,0,0,0,0,0,0,0,0,0,21320
059147,矽創國票99購01  ,0,0,0,0,0,0,0,0,0,21000,0,0,0,21000,0,21000,21000
058980,鴻海凱基99購06  ,0,0,0,0,0,0,0,0,0,21000,0,0,0,22000,1000,21000,21000
057828,緯穎元大99購02  ,0,0,0,0,0,0,0,0,0,21000,0,0,0,21000,0,21000,21000
056727,滬深反凱基9B購01,0,0,0,0,0,0,0,0,0,21000,0,0,0,21000,0,21000,21000
059315,鴻海元大99購30  ,0,0,0,0,0,0,0,0,0,21000,0,0,0,21000,0,21000,21000
058160,奇鋐元富99購01  ,0,0,0,0,0,0,0,0,0,21000,0,0,0,21000,0,21000,21000
045106,玉晶光群益95購01,0,0,0,0,0,0,0,0,0,21000,0,0,0,21000,0,21000,21000
04628P,欣興元大95售01  ,0,0,0,0,0,0,0,0,0,21000,0,0,0,21000,0,21000,21000
00851,台新全球AI      ,0,0,0,0,0,0,0,0,0,21000,0,0,0,70000,49000,21000,21000
050275,緯穎元大94購10  ,0,0,0,0,0,0,0,0,0,21000,0,0,0,21000,0,21000,21000
051062,超眾群益95購02  ,0,0,0,0,0,0,0,0,0,21000,0,0,0,21000,0,21000,21000
048901,矽格國泰95購01  ,0,0,0,0,0,0,0,0,0,21000,0,0,0,21000,0,21000,21000
056228,可成凱基97購03  ,0,0,0,0,0,0,0,0,0,21000,0,0,0,21000,0,21000,21000
059219,旺宏元大99購12  ,0,0,0,0,0,0,0,0,0,21000,0,0,0,21000,0,21000,21000
059244,聯發科凱基99購13,0,0,0,0,0,0,0,0,0,21000,0,0,0,21000,0,21000,21000
052191,超眾群益96購01  ,0,0,0,0,0,0,0,0,0,21000,0,0,0,21000,0,21000,21000
05296P,牧德凱基96售01  ,0,0,0,0,0,0,0,0,0,21000,0,0,0,21000,0,21000,21000
06208P,台郡凱基97售03  ,0,0,0,0,0,0,0,0,0,20000,0,0,0,20000,0,20000,20000
06163P,聯詠群益97售01  ,0,0,0,0,0,0,0,0,0,20000,0,0,0,20000,0,20000,20000
06172P,台虹永豐97售02  ,0,0,0,0,0,0,0,0,0,20000,0,0,0,30000,10000,20000,20000
06189P,華新科永豐97售03,0,0,0,0,0,0,0,0,0,20000,0,0,0,30000,10000,20000,20000
06619P,聯發科元大98售06,0,0,0,0,0,0,0,0,0,20000,0,0,0,20000,0,20000,20000
058266,宏達電永豐99購01,0,0,0,0,0,0,0,0,0,20000,0,0,0,59000,39000,20000,20000
059414,台灣50元大9A購02,0,0,0,0,0,0,0,0,0,20000,0,0,0,20000,0,20000,20000
058307,聯發科元大99購08,0,0,0,0,0,0,0,0,0,20000,0,0,0,20000,0,20000,20000
059309,滬深2X元大99購02,0,0,0,0,0,0,0,0,0,20000,0,0,0,20000,0,20000,20000
057955,技嘉元大98購07  ,0,0,0,0,0,0,0,0,0,20000,0,0,0,20000,0,20000,20000
056699,光罩國泰99購01  ,0,0,0,0,0,0,0,0,0,20000,0,0,0,20000,0,20000,20000
056655,旺宏元大99購02  ,0,0,0,0,0,0,0,0,0,20000,0,0,0,20000,0,20000,20000
057316,國巨凱基99購04  ,0,0,0,0,0,0,0,0,0,20000,0,0,0,20000,0,20000,20000
06725P,聯電元富98售01  ,0,0,0,0,0,0,0,0,0,20000,0,0,0,20000,0,20000,20000
06761P,台積電元大99售05,0,0,0,0,0,0,0,0,0,20000,0,0,0,20000,0,20000,20000
07197P,臺股指元大99售13,0,0,0,0,0,0,0,0,0,20000,0,0,0,20000,0,20000,20000
057725,台達電國泰9A購01,0,0,0,0,0,0,0,0,0,20000,0,0,0,20000,0,20000,20000
057727,華邦電國泰9A購01,0,0,0,0,0,0,0,0,0,20000,0,0,0,20000,0,20000,20000
057536,康控元大99購03  ,0,0,0,0,0,0,0,0,0,20000,0,0,0,20000,0,20000,20000
057547,技嘉凱基99購01  ,0,0,0,0,0,0,0,0,0,20000,0,0,0,20000,0,20000,20000
057575,世紀鋼永豐98購02,0,0,0,0,0,0,0,0,0,20000,0,0,0,20000,0,20000,20000
057433,上銀國票98購04  ,0,0,0,0,0,0,0,0,0,20000,0,0,0,30000,10000,20000,20000
057423,台郡凱基98購06  ,0,0,0,0,0,0,0,0,0,20000,0,0,0,20000,0,20000,20000
057428,正崴兆豐98購01  ,0,0,0,0,0,0,0,0,0,20000,0,0,0,20000,0,20000,20000
057873,義隆元大98購03  ,0,0,0,0,0,0,0,0,0,20000,0,0,0,40000,20000,20000,20000
057176,全新元大99購02  ,0,0,0,0,0,0,0,0,0,20000,0,0,0,20000,0,20000,20000
056757,T50反1元大98購07,0,0,0,0,0,0,0,0,0,20000,0,0,0,20000,0,20000,20000
057236,聯詠凱基98購03  ,0,0,0,0,0,0,0,0,0,20000,0,0,0,20000,0,20000,20000
056846,晶相光元富98購01,0,0,0,0,0,0,0,0,0,20000,0,0,0,20000,0,20000,20000
056847,佐登元富98購01  ,0,0,0,0,0,0,0,0,0,20000,0,0,0,20000,0,20000,20000
08525P,台灣50凱基96售02,0,0,0,0,0,0,0,0,0,20000,0,0,0,20000,0,20000,20000
058838,國巨中信99購03  ,0,0,0,0,0,0,0,0,0,20000,0,0,0,20000,0,20000,20000
057021,台積電凱基9A購02,0,0,0,0,0,0,0,0,0,20000,0,0,0,20000,0,20000,20000
06931P,大立光元大98售20,0,0,0,0,0,0,0,0,0,20000,0,0,0,31000,11000,20000,20000
06854P,鴻海富邦99售05  ,0,0,0,0,0,0,0,0,0,20000,0,0,0,20000,0,20000,20000
06864P,健策凱基98售01  ,0,0,0,0,0,0,0,0,0,20000,0,0,0,20000,0,20000,20000
1437,勤益控          ,35000,15000,20000,0,0,0,0,0,0,0,0,0,0,0,0,0,20000
2013,中鋼構          ,48000,28000,20000,0,0,0,0,0,0,0,0,0,0,0,0,0,20000
4438,廣越            ,27000,9000,18000,0,0,0,0,0,0,2000,2000,0,2000,0,0,0,20000
2731,雄獅            ,50000,30000,20000,0,0,0,0,0,0,0,0,0,0,0,0,0,20000
052996,聯電康和96購01  ,0,0,0,0,0,0,0,0,0,20000,0,0,0,20000,0,20000,20000
052831,華固群益96購01  ,0,0,0,0,0,0,0,0,0,20000,0,0,0,20000,0,20000,20000
052428,嘉晶永豐95購01  ,0,0,0,0,0,0,0,0,0,20000,0,0,0,30000,10000,20000,20000
052339,光寶科凱基95購01,0,0,0,0,0,0,0,0,0,20000,0,0,0,20000,0,20000,20000
052068,瑞儀兆豐96購01  ,0,0,0,0,0,0,0,0,0,20000,0,0,0,20000,0,20000,20000
056395,玉晶光永豐9B購01,0,0,0,0,0,0,0,0,0,20000,0,0,0,20000,0,20000,20000
053790,嘉聯益元大99購02,0,0,0,0,0,0,0,0,0,20000,0,0,0,20000,0,20000,20000
05628P,茂林國票97售02  ,0,0,0,0,0,0,0,0,0,20000,0,0,0,20000,0,20000,20000
051953,矽力元富95購03  ,0,0,0,0,0,0,0,0,0,20000,0,0,0,20000,0,20000,20000
051987,廣達元大95購01  ,0,0,0,0,0,0,0,0,0,20000,0,0,0,20000,0,20000,20000
053057,聯電國泰97購02  ,0,0,0,0,0,0,0,0,0,20000,0,0,0,1685000,1665000,20000,20000
053112,中磊兆豐97購01  ,0,0,0,0,0,0,0,0,0,20000,0,0,0,20000,0,20000,20000
055333,晶豪科兆豐97購01,0,0,0,0,0,0,0,0,0,20000,0,0,0,20000,0,20000,20000
055157,晶豪科元大97購01,0,0,0,0,0,0,0,0,0,20000,0,0,0,20000,0,20000,20000
055161,貿聯元大98購03  ,0,0,0,0,0,0,0,0,0,20000,0,0,0,20000,0,20000,20000
056572,義隆元大99購01  ,0,0,0,0,0,0,0,0,0,20000,0,0,0,20000,0,20000,20000
059282,嘉聯益永豐99購01,0,0,0,0,0,0,0,0,0,20000,0,0,0,20000,0,20000,20000
059264,台光電中信99購02,0,0,0,0,0,0,0,0,0,20000,0,0,0,20000,0,20000,20000
06014P,聯發科富邦97售02,0,0,0,0,0,0,0,0,0,20000,0,0,0,20000,0,20000,20000
06044P,同欣電永豐96售03,0,0,0,0,0,0,0,0,0,20000,0,0,0,20000,0,20000,20000
05992P,華通元大96售05  ,0,0,0,0,0,0,0,0,0,20000,0,0,0,20000,0,20000,20000
05999P,世芯元大96售01  ,0,0,0,0,0,0,0,0,0,20000,0,0,0,106000,86000,20000,20000
055536,嘉聯益群益99購02,0,0,0,0,0,0,0,0,0,20000,0,0,0,20000,0,20000,20000
055716,致茂元大97購01  ,0,0,0,0,0,0,0,0,0,20000,0,0,0,30000,10000,20000,20000
055722,聯鈞元大97購03  ,0,0,0,0,0,0,0,0,0,20000,0,0,0,20000,0,20000,20000
055606,矽創元大97購01  ,0,0,0,0,0,0,0,0,0,20000,0,0,0,20000,0,20000,20000
055617,TPK國票98購04   ,0,0,0,0,0,0,0,0,0,20000,0,0,0,20000,0,20000,20000
05491P,茂林元大95售04  ,0,0,0,0,0,0,0,0,0,20000,0,0,0,80000,60000,20000,20000
054229,超眾元富96購05  ,0,0,0,0,0,0,0,0,0,20000,0,0,0,20000,0,20000,20000
051667,光磊元大96購02  ,0,0,0,0,0,0,0,0,0,20000,0,0,0,20000,0,20000,20000
051725,緯穎永豐95購02  ,0,0,0,0,0,0,0,0,0,20000,0,0,0,20000,0,20000,20000
054447,國泰金兆豐96購01,0,0,0,0,0,0,0,0,0,20000,0,0,0,20000,0,20000,20000
054383,傳奇群益97購01  ,0,0,0,0,0,0,0,0,0,20000,0,0,0,20000,0,20000,20000
053439,台積電凱基96購11,0,0,0,0,0,0,0,0,0,20000,0,0,0,20000,0,20000,20000
05595P,友達統一96售02  ,0,0,0,0,0,0,0,0,0,20000,0,0,0,20000,0,20000,20000
048262,台積電元富94購01,0,0,0,0,0,0,0,0,0,20000,0,0,0,50000,30000,20000,20000
04828P,聯發科凱基94售15,0,0,0,0,0,0,0,0,0,20000,0,0,0,20000,0,20000,20000
053309,泰鼎凱基96購03  ,0,0,0,0,0,0,0,0,0,20000,0,0,0,20000,0,20000,20000
048976,華擎元大94購01  ,0,0,0,0,0,0,0,0,0,20000,0,0,0,20000,0,20000,20000
04961P,貿聯凱基94售03  ,0,0,0,0,0,0,0,0,0,20000,0,0,0,20000,0,20000,20000
050031,嘉澤元大95購01  ,0,0,0,0,0,0,0,0,0,20000,0,0,0,20000,0,20000,20000
051572,上銀元大95購01  ,0,0,0,0,0,0,0,0,0,20000,0,0,0,20000,0,20000,20000
051591,玉晶光元大97購01,0,0,0,0,0,0,0,0,0,20000,0,0,0,20000,0,20000,20000
051596,超眾元大95購05  ,0,0,0,0,0,0,0,0,0,20000,0,0,0,20000,0,20000,20000
051113,聯電元富95購01  ,0,0,0,0,0,0,0,0,0,20000,0,0,0,20000,0,20000,20000
04710P,台積電元大94售16,0,0,0,0,0,0,0,0,0,20000,0,0,0,20000,0,20000,20000
04684P,欣興元大94售07  ,0,0,0,0,0,0,0,0,0,20000,0,0,0,20000,0,20000,20000
046944,奇力新元大96購01,0,0,0,0,0,0,0,0,0,20000,0,0,0,20000,0,20000,20000
04687P,全新凱基94售02  ,0,0,0,0,0,0,0,0,0,20000,0,0,0,20000,0,20000,20000
050451,嘉晶元大95購01  ,0,0,0,0,0,0,0,0,0,20000,0,0,0,40000,20000,20000,20000
050514,聯電元大94購01  ,0,0,0,0,0,0,0,0,0,20000,0,0,0,20000,0,20000,20000
050436,大立光凱基94購18,0,0,0,0,0,0,0,0,0,20000,0,0,0,20000,0,20000,20000
04242P,台積電永昌93售08,0,0,0,0,0,0,0,0,0,20000,0,0,0,20000,0,20000,20000
04197P,台積電亞東94售01,0,0,0,0,0,0,0,0,0,20000,0,0,0,20000,0,20000,20000
04225P,台積電元富94售02,0,0,0,0,0,0,0,0,0,20000,0,0,0,30000,10000,20000,20000
03658C,T50反1元大9A牛02,0,0,0,0,0,0,0,0,0,20000,0,0,0,20000,0,20000,20000
044364,超眾中信94購01  ,0,0,0,0,0,0,0,0,0,20000,0,0,0,20000,0,20000,20000
04436P,聯發科中信96售02,0,0,0,0,0,0,0,0,0,20000,0,0,0,20000,0,20000,20000
046347,奇力新兆豐93購02,0,0,0,0,0,0,0,0,0,20000,0,0,0,20000,0,20000,20000
03242P,聯電統一02售04  ,0,0,0,0,0,0,0,0,0,20000,0,0,0,20000,0,20000,20000
045468,健策元大94購01  ,0,0,0,0,0,0,0,0,0,20000,0,0,0,30000,10000,20000,20000
04563P,可成凱基94售05  ,0,0,0,0,0,0,0,0,0,20000,0,0,0,20000,0,20000,20000
8473,山林水          ,32000,11000,21000,0,0,0,0,0,0,-1000,0,1000,-1000,0,0,0,20000
058934,台灣50中信03購03,19000,0,19000,0,0,0,0,0,0,0,0,0,0,0,0,0,19000
058856,新光金兆豐99購01,0,0,0,0,0,0,0,0,0,19000,0,0,0,19000,0,19000,19000
058801,致伸元大99購01  ,0,0,0,0,0,0,0,0,0,19000,0,0,0,19000,0,19000,19000
06739P,聯詠兆豐98售02  ,0,0,0,0,0,0,0,0,0,19000,0,0,0,63000,44000,19000,19000
057962,超眾元大99購03  ,0,0,0,0,0,0,0,0,0,19000,0,0,0,19000,0,19000,19000
059322,晶技元大99購06  ,0,0,0,0,0,0,0,0,0,19000,0,0,0,20000,1000,19000,19000
07134P,臺股指元大9A售28,0,0,0,0,0,0,0,0,0,19000,0,0,0,20000,1000,19000,19000
00685L,群益臺灣加權正2 ,0,0,0,0,0,0,0,0,0,19000,0,0,0,22000,3000,19000,19000
048049,滬深反中信96購01,0,0,0,0,0,0,0,0,0,19000,0,0,0,19000,0,19000,19000
055852,聯鈞元大98購01  ,0,0,0,0,0,0,0,0,0,19000,0,0,0,19000,0,19000,19000
04814P,健策元大96售01  ,0,0,0,0,0,0,0,0,0,19000,0,0,0,35000,16000,19000,19000
05453P,智邦群益95售03  ,0,0,0,0,0,0,0,0,0,19000,0,0,0,19000,0,19000,19000
056581,超眾元大99購01  ,0,0,0,0,0,0,0,0,0,19000,0,0,0,49000,30000,19000,19000
055342,鴻海凱基97購04  ,0,0,0,0,0,0,0,0,0,19000,0,0,0,19000,0,19000,19000
058131,義隆元大99購02  ,0,0,0,0,0,0,0,0,0,18000,0,0,0,18000,0,18000,18000
056864,新日興群益99購01,0,0,0,0,0,0,0,0,0,18000,0,0,0,19000,1000,18000,18000
057127,旺宏凱基98購09  ,0,0,0,0,0,0,0,0,0,18000,0,0,0,18000,0,18000,18000
057688,國巨凱基99購07  ,0,0,0,0,0,0,0,0,0,18000,0,0,0,18000,0,18000,18000
058938,台積電中信01購03,0,0,0,0,0,0,0,0,0,18000,0,0,0,18000,0,18000,18000
2888A,新光金甲特      ,18000,0,18000,0,0,0,0,0,0,0,0,0,0,0,0,0,18000
055339,緯穎兆豐98購01  ,0,0,0,0,0,0,0,0,0,18000,0,0,0,38000,20000,18000,18000
056423,奇鋐統一98購01  ,0,0,0,0,0,0,0,0,0,18000,0,0,0,18000,0,18000,18000
056362,聯發科元大99購01,0,0,0,0,0,0,0,0,0,18000,0,0,0,18000,0,18000,18000
052561,矽創國票97購01  ,0,0,0,0,0,0,0,0,0,18000,0,0,0,18000,0,18000,18000
056593,台積電元富98購02,0,0,0,0,0,0,0,0,0,18000,0,0,0,18000,0,18000,18000
056092,亞德客元富97購02,0,0,0,0,0,0,0,0,0,18000,0,0,0,39000,21000,18000,18000
04776P,聯發科凱基94售06,0,0,0,0,0,0,0,0,0,18000,0,0,0,18000,0,18000,18000
04926P,聯發科凱基95售03,0,0,0,0,0,0,0,0,0,18000,0,0,0,18000,0,18000,18000
03039X,元展36          ,0,0,0,0,0,0,0,0,0,18000,0,0,0,20000,2000,18000,18000
03788P,聯發科群益94售02,0,0,0,0,0,0,0,0,0,18000,0,0,0,18000,0,18000,18000
04263P,南電群益93售03  ,0,0,0,0,0,0,0,0,0,18000,0,0,0,20000,2000,18000,18000
6491,晶碩            ,61000,43000,18000,0,0,0,0,0,0,0,0,0,0,0,0,0,18000
2528,皇普            ,36000,16000,20000,0,0,0,0,0,0,-3000,2000,5000,-3000,0,0,0,17000
2537,聯上發          ,323000,306000,17000,0,0,0,0,0,0,0,0,0,0,0,0,0,17000
058885,元石油元大9C購02,0,0,0,0,0,0,0,0,0,17000,0,0,0,17000,0,17000,17000
1340,勝悅-KY         ,22000,5000,17000,0,0,0,0,0,0,0,0,0,0,0,0,0,17000
057893,亞德客元富98購03,0,0,0,0,0,0,0,0,0,17000,0,0,0,20000,3000,17000,17000
056681,鴻海統一98購09  ,0,0,0,0,0,0,0,0,0,17000,0,0,0,17000,0,17000,17000
058149,百和元大99購02  ,0,0,0,0,0,0,0,0,0,17000,0,0,0,17000,0,17000,17000
047298,聯茂元富96購01  ,0,0,0,0,0,0,0,0,0,17000,0,0,0,17000,0,17000,17000
05095P,景碩元大95售01  ,0,0,0,0,0,0,0,0,0,17000,0,0,0,17000,0,17000,17000
05096P,台積電日盛95售01,0,0,0,0,0,0,0,0,0,17000,0,0,0,17000,0,17000,17000
050782,台積電國泰96購03,0,0,0,0,0,0,0,0,0,17000,0,0,0,17000,0,17000,17000
049726,道瓊反中信96購01,0,0,0,0,0,0,0,0,0,17000,0,0,0,17000,0,17000,17000
04799P,健策元大94售03  ,0,0,0,0,0,0,0,0,0,17000,0,0,0,37000,20000,17000,17000
055932,玉山金群益99購01,0,0,0,0,0,0,0,0,0,17000,0,0,0,17000,0,17000,17000
055449,超眾統一9A購01  ,0,0,0,0,0,0,0,0,0,17000,0,0,0,17000,0,17000,17000
059252,聯詠凱基99購03  ,0,0,0,0,0,0,0,0,0,17000,0,0,0,102000,85000,17000,17000
053042,大立光凱基97購03,0,5000,-5000,0,0,0,0,0,0,22000,0,0,0,22000,0,22000,17000
052990,超眾元大97購01  ,0,0,0,0,0,0,0,0,0,17000,0,0,0,17000,0,17000,17000
053718,全新凱基97購02  ,0,0,0,0,0,0,0,0,0,17000,0,0,0,17000,0,17000,17000
06187P,國巨統一97售05  ,0,0,0,0,0,0,0,0,0,16000,0,0,0,16000,0,16000,16000
058398,中環元大99購02  ,0,0,0,0,0,0,0,0,0,16000,0,0,0,16000,0,16000,16000
06353P,電子類富邦99售02,0,0,0,0,0,0,0,0,0,16000,0,0,0,16000,0,16000,16000
2204,中華            ,232000,215400,16600,0,0,0,0,600,-600,0,0,0,0,0,0,0,16000
059160,華通凱基99購03  ,0,0,0,0,0,0,0,0,0,16000,0,0,0,16000,0,16000,16000
2453,凌群            ,89000,74000,15000,0,0,0,0,0,0,1000,1000,0,1000,0,0,0,16000
2457,飛宏            ,94000,78000,16000,0,0,0,0,0,0,0,0,0,0,0,0,0,16000
2365,昆盈            ,58000,42000,16000,0,0,0,0,0,0,0,0,0,0,0,0,0,16000
4566,時碩工業        ,23000,7000,16000,0,0,0,0,0,0,0,0,0,0,0,0,0,16000
053800,華通凱基97購03  ,0,0,0,0,0,0,0,0,0,16000,0,0,0,16000,0,16000,16000
05535P,台積電元大97售06,0,0,0,0,0,0,0,0,0,16000,0,0,0,30000,14000,16000,16000
059234,台灣50凱基9C購03,0,0,0,0,0,0,0,0,0,16000,0,0,0,90000,74000,16000,16000
054753,復盛凱基98購01  ,0,0,0,0,0,0,0,0,0,16000,0,0,0,16000,0,16000,16000
056142,超眾元大97購06  ,0,0,0,0,0,0,0,0,0,16000,0,0,0,16000,0,16000,16000
056203,興富發永豐97購01,0,0,0,0,0,0,0,0,0,16000,0,0,0,16000,0,16000,16000
05022P,智易凱基95售01  ,0,0,0,0,0,0,0,0,0,16000,0,0,0,16000,0,16000,16000
053361,友達元富99購01  ,0,0,0,0,0,0,0,0,0,16000,0,0,0,16000,0,16000,16000
053223,台郡凱基96購02  ,0,0,0,0,0,0,0,0,0,16000,0,0,0,16000,0,16000,16000
048831,玉晶光凱基95購01,0,0,0,0,0,0,0,0,0,16000,0,0,0,16000,0,16000,16000
050172,臺指反元大98購02,0,0,0,0,0,0,0,0,0,16000,0,0,0,16000,0,16000,16000
04693P,超眾群益95售01  ,0,0,0,0,0,0,0,0,0,16000,0,0,0,16000,0,16000,16000
03675C,臺股指元大04牛02,0,0,0,0,0,0,0,0,0,16000,0,0,0,76000,60000,16000,16000
04534P,臻鼎元富94售03  ,0,0,0,0,0,0,0,0,0,16000,0,0,0,16000,0,16000,16000
1231,聯華食          ,70500,54950,15550,0,0,0,0,0,0,0,0,0,0,0,0,0,15550
08966P,臺指反元大04售07,0,0,0,0,0,0,0,0,0,15000,0,0,0,21000,6000,15000,15000
058922,聯發科元富03購02,0,0,0,0,0,0,0,0,0,15000,0,0,0,15000,0,15000,15000
057053,立積元大98購02  ,0,0,0,0,0,0,0,0,0,15000,0,0,0,15000,0,15000,15000
059097,世紀鋼元大99購05,0,0,0,0,0,0,0,0,0,15000,0,0,0,15000,0,15000,15000
06877P,台積電兆豐98售04,0,0,0,0,0,0,0,0,0,15000,0,0,0,15000,0,15000,15000
1540,喬福            ,21000,6000,15000,0,0,0,0,0,0,0,0,0,0,0,0,0,15000
06991P,矽創群益99售01  ,0,0,0,0,0,0,0,0,0,15000,0,0,0,17000,2000,15000,15000
057999,智邦亞東99購02  ,0,0,0,0,0,0,0,0,0,15000,0,0,0,20000,5000,15000,15000
06240P,奇力新元富97售03,0,0,0,0,0,0,0,0,0,15000,0,0,0,15000,0,15000,15000
059327,南茂元大99購01  ,0,0,0,0,0,0,0,0,0,15000,0,0,0,20000,5000,15000,15000
059025,台灣50台新9B購02,0,0,0,0,0,0,0,0,0,15000,0,0,0,15000,0,15000,15000
058338,康友元富99購01  ,0,0,0,0,0,0,0,0,0,15000,0,0,0,15000,0,15000,15000
058176,聯發科凱基99購05,0,0,0,0,0,0,0,0,0,15000,0,0,0,15000,0,15000,15000
058245,訊連元大99購01  ,0,0,0,0,0,0,0,0,0,15000,0,0,0,15000,0,15000,15000
056716,康舒永豐98購01  ,0,0,0,0,0,0,0,0,0,15000,0,0,0,15000,0,15000,15000
07150P,和碩元大99售01  ,0,0,0,0,0,0,0,0,0,15000,0,0,0,25000,10000,15000,15000
056835,聯電元富99購01  ,0,0,0,0,0,0,0,0,0,15000,0,0,0,15000,0,15000,15000
056829,台積電富邦9A購01,15000,0,15000,0,0,0,0,0,0,0,0,0,0,0,0,0,15000
057831,聯發科元富02購04,0,0,0,0,0,0,0,0,0,15000,0,0,0,15000,0,15000,15000
04437P,滬深2X群益98售03,0,0,0,0,0,0,0,0,0,15000,0,0,0,15000,0,15000,15000
03626P,可成兆豐93售03  ,0,0,0,0,0,0,0,0,0,15000,0,0,0,15000,0,15000,15000
049856,緯穎群益94購02  ,0,0,0,0,0,0,0,0,0,15000,0,0,0,15000,0,15000,15000
04763P,臺股指凱基96售05,0,0,0,0,0,0,0,0,0,15000,0,0,0,15000,0,15000,15000
053169,貿聯群益97購01  ,0,0,0,0,0,0,0,0,0,15000,0,0,0,15000,0,15000,15000
055865,臺股指元大97購02,0,0,0,0,0,0,0,0,0,15000,0,0,0,15000,0,15000,15000
04846P,旺宏凱基94售07  ,0,0,0,0,0,0,0,0,0,15000,0,0,0,27000,12000,15000,15000
048395,南亞科國票93購02,0,0,0,0,0,0,0,0,0,15000,0,0,0,15000,0,15000,15000
055657,超眾元富97購02  ,0,0,0,0,0,0,0,0,0,15000,0,0,0,15000,0,15000,15000
055605,緯穎元大97購02  ,0,0,0,0,0,0,0,0,0,15000,0,0,0,35000,20000,15000,15000
059210,鴻海元大99購26  ,0,0,0,0,0,0,0,0,0,15000,0,0,0,35000,20000,15000,15000
055334,禾伸堂兆豐97購01,0,0,0,0,0,0,0,0,0,15000,0,0,0,20000,5000,15000,15000
05512P,華新科台新97售01,0,0,0,0,0,0,0,0,0,15000,0,0,0,15000,0,15000,15000
053121,上証2X凱基9C購01,0,0,0,0,0,0,0,0,0,15000,0,0,0,15000,0,15000,15000
053996,晶相光群益97購01,0,0,0,0,0,0,0,0,0,15000,0,0,0,15000,0,15000,15000
053962,聯茂永豐96購01  ,0,0,0,0,0,0,0,0,0,15000,0,0,0,15000,0,15000,15000
05359P,嘉澤元大95售02  ,0,0,0,0,0,0,0,0,0,15000,0,0,0,15000,0,15000,15000
056384,玉晶光國泰9A購02,0,0,0,0,0,0,0,0,0,15000,0,0,0,15000,0,15000,15000
05300P,健策元大95售02  ,0,0,0,0,0,0,0,0,0,15000,0,0,0,25000,10000,15000,15000
052785,滬深2X中信99購03,0,0,0,0,0,0,0,0,0,15000,0,0,0,15000,0,15000,15000
05244P,台積電元大95售17,0,0,0,0,0,0,0,0,0,15000,0,0,0,15000,0,15000,15000
9925,新保            ,77000,62000,15000,0,0,0,0,0,0,0,0,0,0,0,0,0,15000
057601,中磊群益98購01  ,0,0,0,0,0,0,0,0,0,14000,0,0,0,16000,2000,14000,14000
057557,聯茂凱基99購04  ,0,0,0,0,0,0,0,0,0,14000,0,0,0,15000,1000,14000,14000
06721P,臺股指中信9A售03,0,0,0,0,0,0,0,0,0,14000,0,0,0,14000,0,14000,14000
07225P,台積電元大99售33,0,0,0,0,0,0,0,0,0,14000,0,0,0,66000,52000,14000,14000
056642,旺宏凱基98購07  ,0,0,0,0,0,0,0,0,0,14000,0,0,0,14000,0,14000,14000
056651,聯茂凱基98購04  ,0,0,0,0,0,0,0,0,0,14000,0,0,0,19000,5000,14000,14000
06514P,國巨凱基98售05  ,0,0,0,0,0,0,0,0,0,14000,0,0,0,14000,0,14000,14000
06595P,祥碩元大98售03  ,0,0,0,0,0,0,0,0,0,14000,0,0,0,14000,0,14000,14000
1905,華紙            ,436000,422000,14000,0,0,0,0,0,0,0,0,0,0,0,0,0,14000
2706,第一店          ,33000,19000,14000,0,0,0,0,0,0,0,0,0,0,0,0,0,14000
052396,台積電凱基97購01,0,0,0,0,0,0,0,0,0,14000,0,0,0,14000,0,14000,14000
05404P,台積電群益95售06,0,0,0,0,0,0,0,0,0,14000,0,0,0,14000,0,14000,14000
056529,中環凱基98購01  ,0,0,0,0,0,0,0,0,0,14000,0,0,0,15000,1000,14000,14000
06139P,台積電中信99售02,0,0,0,0,0,0,0,0,0,14000,0,0,0,14000,0,14000,14000
059268,鎧勝中信01購01  ,0,0,0,0,0,0,0,0,0,14000,0,0,0,14000,0,14000,14000
059275,可成元大99購05  ,0,0,0,0,0,0,0,0,0,14000,0,0,0,14000,0,14000,14000
05549P,臺股指元大96售03,0,0,0,0,0,0,0,0,0,14000,0,0,0,102000,88000,14000,14000
05017P,臺股指元大95售08,0,0,0,0,0,0,0,0,0,14000,0,0,0,14000,0,14000,14000
05347P,滬深2X元富9B售02,0,0,0,0,0,0,0,0,0,14000,0,0,0,14000,0,14000,14000
04800P,聯茂元大94售08  ,0,0,0,0,0,0,0,0,0,14000,0,0,0,14000,0,14000,14000
050502,聯發科凱基94購21,0,0,0,0,0,0,0,0,0,14000,0,0,0,44000,30000,14000,14000
00713,元大台灣高息低波,243000,1000,242000,0,0,0,0,0,0,-228000,0,0,0,0,228000,-228000,14000
9924,福興            ,52000,38000,14000,0,0,0,0,0,0,0,0,0,0,0,0,0,14000
1464,得力            ,215000,201328,13672,0,0,0,0,0,0,0,0,0,0,0,0,0,13672
4916,事欣科          ,34000,20900,13100,0,0,0,0,0,0,0,0,0,0,0,0,0,13100
4722,國精化          ,18000,5000,13000,0,0,0,0,0,0,0,0,0,0,0,0,0,13000
6196,帆宣            ,307000,292000,15000,0,0,0,0,0,0,-2000,0,0,0,0,2000,-2000,13000
2536,宏普            ,55000,42000,13000,0,0,0,0,0,0,0,0,0,0,0,0,0,13000
2849,安泰銀          ,16000,3000,13000,0,0,0,0,0,0,0,0,0,0,0,0,0,13000
08218P,滬深2X凱基96售01,0,0,0,0,0,0,0,0,0,13000,0,0,0,13000,0,13000,13000
058957,貿聯國票9A購01  ,0,0,0,0,0,0,0,0,0,13000,0,0,0,42000,29000,13000,13000
059018,滬深2X統一9A購01,0,0,0,0,0,0,0,0,0,13000,0,0,0,13000,0,13000,13000
059014,SGBR2X元富03購01,0,0,0,0,0,0,0,0,0,13000,0,0,0,20000,7000,13000,13000
058250,台虹元大99購01  ,0,0,0,0,0,0,0,0,0,13000,0,0,0,13000,0,13000,13000
056656,華邦電元大98購02,0,0,0,0,0,0,0,0,0,13000,0,0,0,13000,0,13000,13000
06537P,華通凱基98售04  ,0,0,0,0,0,0,0,0,0,13000,0,0,0,13000,0,13000,13000
058493,台積電群益9A購01,0,0,0,0,0,0,0,0,0,13000,0,0,0,13000,0,13000,13000
057279,國揚元大98購01  ,0,0,0,0,0,0,0,0,0,13000,0,0,0,13000,0,13000,13000
057667,可成元大99購01  ,0,0,0,0,0,0,0,0,0,13000,0,0,0,14000,1000,13000,13000
05713P,大立光統一96售05,0,0,0,0,0,0,0,0,0,13000,0,0,0,13000,0,13000,13000
006207,FH滬深          ,4000,65000,-61000,0,0,0,0,0,0,74000,0,0,0,74000,0,74000,13000
03999P,鴻海凱基94售11  ,0,0,0,0,0,0,0,0,0,13000,0,0,0,13000,0,13000,13000
04784P,超眾元富94售01  ,0,0,0,0,0,0,0,0,0,13000,0,0,0,13000,0,13000,13000
053531,國泰金康和96購01,0,0,0,0,0,0,0,0,0,13000,0,0,0,13000,0,13000,13000
054967,神達元大97購01  ,0,0,0,0,0,0,0,0,0,13000,0,0,0,13000,0,13000,13000
055300,緯穎元大98購01  ,0,0,0,0,0,0,0,0,0,13000,0,0,0,23000,10000,13000,13000
052003,泰碩國泰97購02  ,0,0,0,0,0,0,0,0,0,13000,0,0,0,13000,0,13000,13000
057169,微星元大98購01  ,0,0,0,0,0,0,0,0,0,12000,0,0,0,12000,0,12000,12000
057119,微星康和98購01  ,0,0,0,0,0,0,0,0,0,12000,0,0,0,12000,0,12000,12000
057109,信邦群益98購01  ,0,0,0,0,0,0,0,0,0,12000,0,0,0,12000,0,12000,12000
057225,華新凱基98購01  ,0,0,0,0,0,0,0,0,0,12000,0,0,0,12000,0,12000,12000
056789,和碩群益98購01  ,0,0,0,0,0,0,0,0,0,12000,0,0,0,12000,0,12000,12000
057474,T50反1元大98購09,0,0,0,0,0,0,0,0,0,12000,0,0,0,12000,0,12000,12000
06766P,玉晶光元大99售10,0,0,0,0,0,0,0,0,0,12000,0,0,0,12000,0,12000,12000
058522,聯茂元大99購07  ,0,0,0,0,0,0,0,0,0,12000,0,0,0,22000,10000,12000,12000
058267,奇鋐永豐99購01  ,0,0,0,0,0,0,0,0,0,12000,0,0,0,12000,0,12000,12000
06162P,大立光群益97售02,0,0,0,0,0,0,0,0,0,12000,0,0,0,12000,0,12000,12000
06657P,寶成元大98售01  ,0,0,0,0,0,0,0,0,0,12000,0,0,0,12000,0,12000,12000
058397,大成鋼元大99購02,0,0,0,0,0,0,0,0,0,12000,0,0,0,12000,0,12000,12000
058366,元大金凱基99購01,0,0,0,0,0,0,0,0,0,12000,0,0,0,12000,0,12000,12000
058050,台郡元大99購05  ,0,0,0,0,0,0,0,0,0,12000,0,0,0,22000,10000,12000,12000
06608P,立積群益99售02  ,0,0,0,0,0,0,0,0,0,12000,0,0,0,50000,38000,12000,12000
06938P,南電元大98售03  ,0,0,0,0,0,0,0,0,0,12000,0,0,0,12000,0,12000,12000
1603,華電            ,27000,15000,12000,0,0,0,0,0,0,0,0,0,0,0,0,0,12000
1734,杏輝            ,90000,78000,12000,0,0,0,0,0,0,0,0,0,0,0,0,0,12000
1612,宏泰            ,25000,12000,13000,0,0,0,0,0,0,-1000,0,1000,-1000,0,0,0,12000
1710,東聯            ,248000,231000,17000,0,0,0,0,0,0,-5000,0,5000,-5000,0,0,0,12000
2838A,聯邦銀甲特      ,0,0,0,0,0,0,0,0,0,12000,3000,1000,2000,10000,0,10000,12000
2429,銘旺科          ,16000,4000,12000,0,0,0,0,0,0,0,0,0,0,0,0,0,12000
4164,承業醫          ,23000,11000,12000,0,0,0,0,0,0,0,0,0,0,0,0,0,12000
056457,嘉澤凱基98購01  ,0,0,0,0,0,0,0,0,0,12000,0,0,0,12000,0,12000,12000
056558,台達電群益98購01,0,0,0,0,0,0,0,0,0,12000,0,0,0,12000,0,12000,12000
053703,緯穎兆豐96購01  ,0,0,0,0,0,0,0,0,0,12000,0,0,0,22000,10000,12000,12000
054212,聯詠國票97購03  ,0,0,0,0,0,0,0,0,0,12000,0,0,0,12000,0,12000,12000
05956P,漢唐國票96售02  ,0,0,0,0,0,0,0,0,0,12000,0,0,0,12000,0,12000,12000
056041,禾伸堂凱基98購03,0,0,0,0,0,0,0,0,0,12000,0,0,0,12000,0,12000,12000
048623,世紀鋼凱基94購03,0,0,0,0,0,0,0,0,0,12000,0,0,0,12000,0,12000,12000
049636,上証反凱基9A購01,0,0,0,0,0,0,0,0,0,12000,0,0,0,12000,0,12000,12000
04404P,玉晶光國票94售01,0,0,0,0,0,0,0,0,0,12000,0,0,0,12000,0,12000,12000
04691P,智邦群益94售02  ,0,0,0,0,0,0,0,0,0,12000,0,0,0,12000,0,12000,12000
8261,富鼎            ,41000,28000,13000,0,0,0,0,0,0,-1000,0,1000,-1000,0,0,0,12000
00753L,中信中國50正2   ,0,0,0,0,0,0,0,0,0,11800,0,0,0,19000,7200,11800,11800
1308,亞聚            ,163000,151264,11736,0,0,0,0,0,0,0,0,0,0,0,0,0,11736
058990,GIS凱基99購02   ,0,0,0,0,0,0,0,0,0,11000,0,0,0,11000,0,11000,11000
058921,聯發科元富03購01,0,0,0,0,0,0,0,0,0,11000,0,0,0,11000,0,11000,11000
06853P,華擎元富98售03  ,0,0,0,0,0,0,0,0,0,11000,0,0,0,19000,8000,11000,11000
6136,富爾特          ,16000,5000,11000,0,0,0,0,0,0,0,0,0,0,0,0,0,11000
2472,立隆電          ,98000,89000,9000,0,0,0,0,0,0,2000,8000,6000,2000,0,0,0,11000
059057,聯發科凱基99購10,0,0,0,0,0,0,0,0,0,11000,0,0,0,11000,0,11000,11000
06992P,玉晶光日盛9B售01,0,0,0,0,0,0,0,0,0,11000,0,0,0,11000,0,11000,11000
06999P,玉晶光國票9B售01,0,0,0,0,0,0,0,0,0,11000,0,0,0,11000,0,11000,11000
06972P,聯發科元大99售04,0,0,0,0,0,0,0,0,0,11000,0,0,0,11000,0,11000,11000
06602P,國巨統一99售02  ,0,0,0,0,0,0,0,0,0,11000,0,0,0,11000,0,11000,11000
06398P,禾伸堂凱基97售02,0,0,0,0,0,0,0,0,0,11000,0,0,0,11000,0,11000,11000
058063,旺宏中信98購04  ,0,0,0,0,0,0,0,0,0,11000,0,0,0,11000,0,11000,11000
058089,聯發科元大98購15,0,0,0,0,0,0,0,0,0,11000,0,0,0,11000,0,11000,11000
06235P,國巨元大97售12  ,0,0,0,0,0,0,0,0,0,11000,0,0,0,11000,0,11000,11000
058334,鴻海元富99購05  ,0,0,0,0,0,0,0,0,0,11000,0,0,0,11000,0,11000,11000
058278,FBVIX中信03購02 ,0,0,0,0,0,0,0,0,0,11000,0,0,0,11000,0,11000,11000
058515,健鼎元大99購01  ,0,0,0,0,0,0,0,0,0,11000,0,0,0,11000,0,11000,11000
058519,嘉澤元大99購01  ,0,0,0,0,0,0,0,0,0,11000,0,0,0,11000,0,11000,11000
06779P,智邦元大98售12  ,0,0,0,0,0,0,0,0,0,11000,0,0,0,11000,0,11000,11000
06679P,旺宏元大98售09  ,0,0,0,0,0,0,0,0,0,11000,0,0,0,17000,6000,11000,11000
07198P,臺股指元大99售14,0,0,0,0,0,0,0,0,0,11000,0,0,0,11000,0,11000,11000
07205P,鴻海凱基99售11  ,0,0,0,0,0,0,0,0,0,11000,0,0,0,11000,0,11000,11000
05751P,台積電中信96售05,0,0,0,0,0,0,0,0,0,11000,0,0,0,11000,0,11000,11000
05763P,致新永豐96售01  ,0,0,0,0,0,0,0,0,0,11000,0,0,0,11000,0,11000,11000
057861,台積電凱基98購16,0,0,0,0,0,0,0,0,0,11000,0,0,0,11000,0,11000,11000
057741,超眾富邦98購01  ,0,0,0,0,0,0,0,0,0,11000,0,0,0,11000,0,11000,11000
05689P,滬深2X中信97售02,0,0,0,0,0,0,0,0,0,11000,0,0,0,11000,0,11000,11000
00733,富邦臺灣中小    ,0,0,0,0,0,0,0,0,0,11000,0,0,0,221000,210000,11000,11000
03422B,臺股指凱基96熊28,0,0,0,0,0,0,0,0,0,11000,0,0,0,11000,0,11000,11000
05090P,國巨元大95售05  ,0,0,0,0,0,0,0,0,0,11000,0,0,0,11000,0,11000,11000
04395P,台積電群益94售06,0,0,0,0,0,0,0,0,0,11000,0,0,0,11000,0,11000,11000
04288P,台積電中信95售06,0,0,0,0,0,0,0,0,0,11000,0,0,0,11000,0,11000,11000
03650C,T50反1元大98牛05,0,0,0,0,0,0,0,0,0,11000,0,0,0,20000,9000,11000,11000
059224,大立光元大99購15,0,0,0,0,0,0,0,0,0,11000,0,0,0,17000,6000,11000,11000
055520,矽力中信97購02  ,0,0,0,0,0,0,0,0,0,11000,0,0,0,11000,0,11000,11000
053624,A50正2兆豐97購02,0,0,0,0,0,0,0,0,0,11000,0,0,0,11000,0,11000,11000
056321,創意群益98購02  ,0,0,0,0,0,0,0,0,0,11000,0,0,0,11000,0,11000,11000
052421,元油反國票9B購01,0,0,0,0,0,0,0,0,0,11000,0,0,0,11000,0,11000,11000
055216,友達凱基98購05  ,0,0,0,0,0,0,0,0,0,11000,0,0,0,11000,0,11000,11000
056902,大立光元大98購12,0,0,0,0,0,0,0,0,0,10000,0,0,0,10000,0,10000,10000
056845,揚明光元富98購01,0,0,0,0,0,0,0,0,0,10000,0,0,0,10000,0,10000,10000
056849,瀚宇博元富98購01,0,0,0,0,0,0,0,0,0,10000,0,0,0,10000,0,10000,10000
056783,國巨群益99購01  ,0,0,0,0,0,0,0,0,0,10000,0,0,0,20000,10000,10000,10000
057233,聯發科凱基98購14,0,0,0,0,0,0,0,0,0,10000,0,0,0,10000,0,10000,10000
057200,技嘉元富98購01  ,0,0,0,0,0,0,0,0,0,10000,0,0,0,10000,0,10000,10000
058753,元石油群益9B購03,0,0,0,0,0,0,0,0,0,10000,0,0,0,10000,0,10000,10000
05783P,嘉澤元富96售01  ,0,0,0,0,0,0,0,0,0,10000,0,0,0,10000,0,10000,10000
057843,晶技永豐98購02  ,0,0,0,0,0,0,0,0,0,10000,0,0,0,10000,0,10000,10000
057817,景碩元大98購01  ,0,0,0,0,0,0,0,0,0,10000,0,0,0,10000,0,10000,10000
057650,力成元大98購04  ,0,0,0,0,0,0,0,0,0,10000,0,0,0,10000,0,10000,10000
057737,國巨富邦99購02  ,0,0,0,0,0,0,0,0,0,10000,0,0,0,10000,0,10000,10000
05773P,臺股指凱基99售03,0,0,0,0,0,0,0,0,0,10000,0,0,0,10000,0,10000,10000
05759P,智邦永豐96售02  ,0,0,0,0,0,0,0,0,0,10000,0,0,0,10000,0,10000,10000
057544,鴻海凱基02購01  ,0,0,0,0,0,0,0,0,0,10000,0,0,0,10000,0,10000,10000
057489,奇力新元大99購06,0,0,0,0,0,0,0,0,0,10000,0,0,0,10000,0,10000,10000
07200P,臺股指元大99售16,0,0,0,0,0,0,0,0,0,10000,0,0,0,10000,0,10000,10000
07174P,臺股指國票99售11,0,0,0,0,0,0,0,0,0,10000,0,0,0,11000,1000,10000,10000
07179P,臺股指凱基99售21,0,0,0,0,0,0,0,0,0,10000,0,0,0,10000,0,10000,10000
06685P,鴻海國泰9A售01  ,0,0,0,0,0,0,0,0,0,10000,0,0,0,10000,0,10000,10000
06723P,台灣50麥證99售01,0,0,0,10000,0,10000,0,0,0,10000,0,0,0,10000,0,10000,10000
07218P,臺股指凱基99售31,0,0,0,0,0,0,0,0,0,10000,0,0,0,10000,0,10000,10000
06744P,嘉聯益永豐98售03,0,0,0,0,0,0,0,0,0,10000,0,0,0,10000,0,10000,10000
057306,玉晶光兆豐99購01,0,0,0,0,0,0,0,0,0,10000,0,0,0,10000,0,10000,10000
057353,玉晶光統一99購01,0,0,0,0,0,0,0,0,0,10000,0,0,0,10000,0,10000,10000
058482,祥碩凱基99購02  ,0,0,0,0,0,0,0,0,0,10000,0,0,0,10000,0,10000,10000
06544P,鴻海元大98售09  ,0,0,0,0,0,0,0,0,0,10000,0,0,0,10000,0,10000,10000
058607,聯發科元大99購14,0,0,0,0,0,0,0,0,0,10000,0,0,0,10000,0,10000,10000
056668,光磊國票99購01  ,0,0,0,0,0,0,0,0,0,10000,0,0,0,10000,0,10000,10000
056644,宏達電凱基98購04,0,0,0,0,0,0,0,0,0,10000,0,0,0,10000,0,10000,10000
056636,台積電日盛9A購01,0,0,0,0,0,0,0,0,0,10000,0,0,0,480000,470000,10000,10000
058608,華新科元大99購13,0,0,0,0,0,0,0,0,0,10000,0,0,0,10000,0,10000,10000
059426,鴻海元大99購31  ,0,0,0,0,0,0,0,0,0,10000,0,0,0,10000,0,10000,10000
058249,緯穎元大99購04  ,0,0,0,0,0,0,0,0,0,10000,0,0,0,10000,0,10000,10000
058236,大立光元大99購09,0,0,0,0,0,0,0,0,0,10000,0,0,0,10000,0,10000,10000
06649P,聯發科元大98售08,0,0,0,0,0,0,0,0,0,10000,0,0,0,10000,0,10000,10000
058136,景碩元大99購02  ,0,0,0,0,0,0,0,0,0,10000,0,0,0,10000,0,10000,10000
05830P,滬深2X元富99售03,0,0,0,0,0,0,0,0,0,10000,0,0,0,10000,0,10000,10000
058373,晶技凱基99購02  ,0,0,0,0,0,0,0,0,0,10000,0,0,0,10000,0,10000,10000
058426,旺宏元富99購02  ,0,0,0,0,0,0,0,0,0,10000,0,0,0,10000,0,10000,10000
07065P,臺股指元大9A售26,0,0,0,0,0,0,0,0,0,10000,0,0,0,10000,0,10000,10000
07068P,欣興台新99售01  ,0,0,0,0,0,0,0,0,0,10000,0,0,0,10000,0,10000,10000
07092P,上銀凱基99售03  ,0,0,0,0,0,0,0,0,0,10000,0,0,0,10000,0,10000,10000
057963,緯穎元大98購08  ,0,0,0,0,0,0,0,0,0,10000,0,0,0,10000,0,10000,10000
059338,滬深2X凱基9C購02,0,0,0,0,0,0,0,0,0,10000,0,0,0,10000,0,10000,10000
06241P,大立光元富9A售01,0,0,0,0,0,0,0,0,0,10000,0,0,0,10000,0,10000,10000
058090,聯發科元大98購16,0,0,0,0,0,0,0,0,0,10000,0,0,0,20000,10000,10000,10000
057989,旺宏統一99購04  ,0,0,0,0,0,0,0,0,0,10000,0,0,0,10000,0,10000,10000
059041,南茂群益99購02  ,0,0,0,0,0,0,0,0,0,10000,0,0,0,10000,0,10000,10000
06371P,茂林國票98售04  ,0,0,0,0,0,0,0,0,0,10000,0,0,0,10000,0,10000,10000
06339P,上銀統一97售06  ,0,0,0,0,0,0,0,0,0,10000,0,0,0,10000,0,10000,10000
06604P,聯發科元富02售02,0,0,0,0,0,0,0,0,0,10000,0,0,0,10000,0,10000,10000
06582P,可成凱基98售06  ,0,0,0,0,0,0,0,0,0,10000,0,0,0,10000,0,10000,10000
06593P,欣興元大98售05  ,0,0,0,0,0,0,0,0,0,10000,0,0,0,10000,0,10000,10000
06440P,台積電凱基98售07,0,0,0,0,0,0,0,0,0,10000,0,0,0,10000,0,10000,10000
06470P,臺股指凱基99售10,0,0,0,0,0,0,0,0,0,10000,0,0,0,10000,0,10000,10000
06474P,鴻海富邦98售03  ,0,0,0,0,0,0,0,0,0,10000,0,0,0,10000,0,10000,10000
06266P,大立光凱基97售11,0,0,0,0,0,0,0,0,0,10000,0,0,0,10000,0,10000,10000
059060,大立光凱基9A購03,0,0,0,0,0,0,0,0,0,10000,0,0,0,10000,0,10000,10000
07015P,國巨元大99售13  ,0,0,0,0,0,0,0,0,0,10000,0,0,0,10000,0,10000,10000
07017P,台灣50元富9B售02,0,0,0,0,0,0,0,0,0,10000,0,0,0,10000,0,10000,10000
07021P,台積電富邦9C售02,0,0,0,0,0,0,0,0,0,10000,0,0,0,10000,0,10000,10000
2887E,台新戊特        ,0,0,0,0,0,0,0,0,0,10000,0,0,0,10000,0,10000,10000
06849P,欣興元大98售12  ,0,0,0,0,0,0,0,0,0,10000,0,0,0,10000,0,10000,10000
06868P,電子類元大99售01,0,0,0,0,0,0,0,0,0,10000,0,0,0,10000,0,10000,10000
06894P,鈺齊元富98售03  ,0,0,0,0,0,0,0,0,0,10000,0,0,0,10000,0,10000,10000
06837P,上銀統一9A售02  ,0,0,0,0,0,0,0,0,0,10000,0,0,0,10000,0,10000,10000
059079,SGBR2X元大99購01,0,0,0,0,0,0,0,0,0,10000,0,0,0,10000,0,10000,10000
06908P,健策國泰99售02  ,0,0,0,0,0,0,0,0,0,10000,0,0,0,10000,0,10000,10000
06911P,鴻海元大99售09  ,0,0,0,0,0,0,0,0,0,10000,0,0,0,10000,0,10000,10000
059151,臺股指國票99購14,0,0,0,0,0,0,0,0,0,10000,0,0,0,10000,0,10000,10000
059125,台積電第一03購02,0,0,0,0,0,0,0,0,0,10000,0,0,0,10000,0,10000,10000
058918,SGBR2X元富99購04,0,0,0,0,0,0,0,0,0,10000,0,0,0,10000,0,10000,10000
057057,立積元大9A購01  ,0,0,0,0,0,0,0,0,0,10000,0,0,0,10000,0,10000,10000
057022,智邦凱基98購04  ,0,0,0,0,0,0,0,0,0,10000,0,0,0,10000,0,10000,10000
06224P,可成元富97售02  ,0,0,0,0,0,0,0,0,0,10000,0,0,0,10000,0,10000,10000
055145,T50反1元大97購04,0,0,0,0,0,0,0,0,0,10000,0,0,0,10000,0,10000,10000
056552,台表科凱基99購01,0,0,0,0,0,0,0,0,0,10000,0,0,0,10000,0,10000,10000
056488,致新元大99購01  ,0,0,0,0,0,0,0,0,0,10000,0,0,0,10000,0,10000,10000
056497,GIS國泰99購01   ,0,0,0,0,0,0,0,0,0,10000,0,0,0,10000,0,10000,10000
054974,台表科元大98購02,0,0,0,0,0,0,0,0,0,10000,0,0,0,10000,0,10000,10000
056432,鴻海凱基98購08  ,0,0,0,0,0,0,0,0,0,10000,0,0,0,10000,0,10000,10000
054167,揚明光凱基98購01,0,0,0,0,0,0,0,0,0,10000,0,0,0,10000,0,10000,10000
053995,奇力新群益97購02,0,0,0,0,0,0,0,0,0,10000,0,0,0,10000,0,10000,10000
053990,晶技兆豐96購01  ,0,0,0,0,0,0,0,0,0,10000,0,0,0,10000,0,10000,10000
053114,聯茂兆豐97購01  ,0,0,0,0,0,0,0,0,0,10000,0,0,0,10000,0,10000,10000
053093,緯穎元大96購06  ,0,0,0,0,0,0,0,0,0,10000,0,0,0,10000,0,10000,10000
05240P,玉晶光永豐96售01,0,0,0,0,0,0,0,0,0,10000,0,0,0,10000,0,10000,10000
052382,臺股指元大95購23,0,0,0,0,0,0,0,0,0,10000,0,0,0,10000,0,10000,10000
052671,祥碩群益96購01  ,0,0,0,0,0,0,0,0,0,10000,0,0,0,10000,0,10000,10000
052736,T50反1元大96購05,0,0,0,0,0,0,0,0,0,10000,0,0,0,10000,0,10000,10000
05277P,深中小統一95售02,0,0,0,0,0,0,0,0,0,10000,0,0,0,10000,0,10000,10000
052795,健策兆豐97購01  ,0,0,0,0,0,0,0,0,0,10000,0,0,0,10000,0,10000,10000
052958,T50反1凱基99購02,0,0,0,0,0,0,0,0,0,10000,0,0,0,10000,0,10000,10000
056330,玉晶光國票99購03,0,0,0,0,0,0,0,0,0,10000,0,0,0,10000,0,10000,10000
056311,泰鼎元大98購01  ,0,0,0,0,0,0,0,0,0,10000,0,0,0,10000,0,10000,10000
053900,T50反1日盛99購01,0,0,0,0,0,0,0,0,0,10000,0,0,0,105000,95000,10000,10000
053664,臺股指凱基96購25,0,0,0,0,0,0,0,0,0,10000,0,0,0,10000,0,10000,10000
056396,祥碩永豐98購01  ,0,0,0,0,0,0,0,0,0,10000,0,0,0,10000,0,10000,10000
056346,聯茂凱基99購02  ,0,0,0,0,0,0,0,0,0,10000,0,0,0,10000,0,10000,10000
055501,創意元大97購01  ,0,0,0,0,0,0,0,0,0,10000,0,0,0,10000,0,10000,10000
055432,臻鼎群益97購02  ,0,0,0,0,0,0,0,0,0,10000,0,0,0,10000,0,10000,10000
05547P,群創元大96售03  ,0,0,0,0,0,0,0,0,0,10000,0,0,0,30000,20000,10000,10000
055476,台郡凱基97購02  ,0,0,0,0,0,0,0,0,0,10000,0,0,0,10000,0,10000,10000
05561P,大立光兆豐96售02,0,0,0,0,0,0,0,0,0,10000,0,0,0,10000,0,10000,10000
05556P,全新國票96售04  ,0,0,0,0,0,0,0,0,0,10000,0,0,0,10000,0,10000,10000
054926,神達凱基98購01  ,0,0,0,0,0,0,0,0,0,10000,0,0,0,10000,0,10000,10000
05483P,國巨凱基95售07  ,0,0,0,0,0,0,0,0,0,10000,0,0,0,10000,0,10000,10000
05484P,台積電凱基95售18,0,0,0,0,0,0,0,0,0,10000,0,0,0,10000,0,10000,10000
054295,世芯元大96購03  ,0,0,0,0,0,0,0,0,0,10000,0,0,0,10000,0,10000,10000
051715,和碩台新95購01  ,0,0,0,0,0,0,0,0,0,10000,0,0,0,10000,0,10000,10000
05160P,國巨國票96售03  ,0,0,0,0,0,0,0,0,0,10000,0,0,0,10000,0,10000,10000
054405,樺漢康和96購01  ,0,0,0,0,0,0,0,0,0,10000,0,0,0,10000,0,10000,10000
054578,世芯元大99購01  ,0,0,0,0,0,0,0,0,0,10000,0,0,0,10000,0,10000,10000
054520,健鼎元大96購02  ,0,0,0,0,0,0,0,0,0,10000,0,0,0,10000,0,10000,10000
059206,元石油元大99購02,0,0,0,0,0,0,0,0,0,10000,0,0,0,10000,0,10000,10000
05919P,京鼎元大96售03  ,0,0,0,0,0,0,0,0,0,10000,0,0,0,10000,0,10000,10000
059249,大立光凱基99購05,0,0,0,0,0,0,0,0,0,10000,0,0,0,10000,0,10000,10000
059245,聯發科凱基9A購03,0,0,0,0,0,0,0,0,0,10000,0,0,0,10000,0,10000,10000
05995P,T50正2中信9C售01,0,0,0,0,0,0,0,0,0,10000,0,0,0,10000,0,10000,10000
06056P,台積電凱基98售02,0,0,0,0,0,0,0,0,0,10000,0,0,0,10000,0,10000,10000
06079P,燿華群益98售02  ,0,0,0,0,0,0,0,0,0,10000,0,0,0,10000,0,10000,10000
059351,台虹凱基99購01  ,0,0,0,0,0,0,0,0,0,10000,0,0,0,10000,0,10000,10000
059394,臺股指凱基99購40,0,0,0,0,0,0,0,0,0,10000,0,0,0,10000,0,10000,10000
03627P,大立光兆豐93售03,0,0,0,0,0,0,0,0,0,10000,0,0,0,10000,0,10000,10000
03831P,臺股指中信95售02,0,0,0,0,0,0,0,0,0,10000,0,0,0,10000,0,10000,10000
03889P,國巨國泰94售04  ,0,0,0,0,0,0,0,0,0,10000,0,0,0,10000,0,10000,10000
042927,道瓊反中信94購01,0,0,0,0,0,0,0,0,0,10000,0,0,0,10000,0,10000,10000
04237P,超眾群益93售02  ,0,0,0,0,0,0,0,0,0,10000,0,0,0,10000,0,10000,10000
04400P,台積電兆豐95售02,0,0,0,0,0,0,0,0,0,10000,0,0,0,10000,0,10000,10000
04372P,臺股指凱基94售02,0,0,0,0,0,0,0,0,0,10000,0,0,0,10000,0,10000,10000
050969,台郡永豐95購01  ,0,0,0,0,0,0,0,0,0,10000,0,0,0,10000,0,10000,10000
050894,旺宏元大96購03  ,0,0,0,0,0,0,0,0,0,10000,0,0,0,10000,0,10000,10000
050899,旭富元大95購01  ,0,0,0,0,0,0,0,0,0,10000,0,0,0,10000,0,10000,10000
05086P,鴻海凱基95售13  ,0,0,0,0,0,0,0,0,0,10000,0,0,0,10000,0,10000,10000
05088P,大立光富邦99售01,0,0,0,0,0,0,0,0,0,10000,0,0,0,10000,0,10000,10000
050656,瑞儀凱基96購01  ,0,0,0,0,0,0,0,0,0,10000,0,0,0,10000,0,10000,10000
046717,世紀鋼國泰94購01,0,0,0,0,0,0,0,0,0,10000,0,0,0,10000,0,10000,10000
050590,晶技永豐95購01  ,0,0,0,0,0,0,0,0,0,10000,0,0,0,10000,0,10000,10000
046599,S&P反1群益93購01,0,0,0,0,0,0,0,0,0,10000,0,0,0,10000,0,10000,10000
047211,華新科富邦99購01,0,0,0,0,0,0,0,0,0,10000,0,0,0,10000,0,10000,10000
04729P,臺股指中信96售01,0,0,0,0,0,0,0,0,0,10000,0,0,0,10000,0,10000,10000
03162P,泰碩元大01售02  ,0,0,0,0,0,0,0,0,0,10000,0,0,0,10000,0,10000,10000
03543P,台泥中信02售01  ,0,0,0,0,0,0,0,0,0,10000,0,0,0,10000,0,10000,10000
046477,台積電統一94購02,0,0,0,0,0,0,0,0,0,10000,0,0,0,10000,0,10000,10000
045657,T50反1國泰94購01,0,0,0,0,0,0,0,0,0,10000,0,0,0,10000,0,10000,10000
045736,台積電群益94購01,0,0,0,0,0,0,0,0,0,10000,0,0,0,10000,0,10000,10000
04435P,台積電中信95售07,0,0,0,0,0,0,0,0,0,10000,0,0,0,10000,0,10000,10000
04463P,可成元富94售03  ,0,0,0,0,0,0,0,0,0,10000,0,0,0,10000,0,10000,10000
00660,元大歐洲50      ,0,0,0,0,0,0,0,0,0,10000,0,0,0,11000,1000,10000,10000
049897,華新科統一94購07,0,0,0,0,0,0,0,0,0,10000,0,0,0,10000,0,10000,10000
04989P,國巨元大94售15  ,0,0,0,0,0,0,0,0,0,10000,0,0,0,10000,0,10000,10000
049811,聯鈞元大94購01  ,0,0,0,0,0,0,0,0,0,10000,0,0,0,10000,0,10000,10000
049816,緯穎元大94購07  ,0,0,0,0,0,0,0,0,0,10000,0,0,0,10000,0,10000,10000
049947,S&P反1中信97購01,0,0,0,0,0,0,0,0,0,10000,0,0,0,10000,0,10000,10000
049518,宏達電國票95購02,0,0,0,0,0,0,0,0,0,10000,0,0,0,10000,0,10000,10000
048985,茂林元大94購01  ,0,0,0,0,0,0,0,0,0,10000,0,0,0,10000,0,10000,10000
048911,玉晶光富邦96購01,0,0,0,0,0,0,0,0,0,10000,0,0,0,10000,0,10000,10000
04916P,大立光永昌96售02,0,0,0,0,0,0,0,0,0,10000,0,0,0,10000,0,10000,10000
049099,華新科國泰95購02,0,0,0,0,0,0,0,0,0,10000,0,0,0,10000,0,10000,10000
048873,玉晶光國票95購02,0,0,0,0,0,0,0,0,0,10000,0,0,0,10000,0,10000,10000
051307,康舒凱基95購01  ,0,0,0,0,0,0,0,0,0,10000,0,0,0,10000,0,10000,10000
053511,鴻海群益96購04  ,0,0,0,0,0,0,0,0,0,10000,0,0,0,10000,0,10000,10000
056140,康控元大98購01  ,0,0,0,0,0,0,0,0,0,10000,0,0,0,10000,0,10000,10000
053432,世紀鋼永豐96購02,0,0,0,0,0,0,0,0,0,10000,0,0,0,10000,0,10000,10000
055984,大立光元富97購02,0,0,0,0,0,0,0,0,0,10000,0,0,0,10000,0,10000,10000
055989,矽力元富9A購01  ,0,0,0,0,0,0,0,0,0,10000,0,0,0,10000,0,10000,10000
050198,緯穎元大94購09  ,0,0,0,0,0,0,0,0,0,10000,0,0,0,10000,0,10000,10000
04826P,華新科麥證95售01,0,0,0,10000,0,10000,0,0,0,10000,0,0,0,10000,0,10000,10000
04843P,致新元大94售02  ,0,0,0,0,0,0,0,0,0,10000,0,0,0,14000,4000,10000,10000
04833P,鴻海元大94售16  ,0,0,0,0,0,0,0,0,0,10000,0,0,0,20000,10000,10000,10000
055863,緯穎元大97購05  ,0,0,0,0,0,0,0,0,0,10000,0,0,0,20000,10000,10000,10000
055831,台達電元大97購01,0,0,0,0,0,0,0,0,0,10000,0,0,0,10000,0,10000,10000
05316P,台積電永昌96售06,0,0,0,0,0,0,0,0,0,10000,0,0,0,50000,40000,10000,10000
053186,健策中信9C購01  ,0,0,0,0,0,0,0,0,0,10000,0,0,0,10000,0,10000,10000
9943,好樂迪          ,65000,55000,10000,0,0,0,0,0,0,0,0,0,0,0,0,0,10000
058933,FBVIX台新9B購01 ,0,0,0,0,0,0,0,0,0,9000,0,0,0,10000,1000,9000,9000
08602P,台灣50凱基96售04,0,0,0,0,0,0,0,0,0,9000,0,0,0,9000,0,9000,9000
05912P,和大元大96售01  ,0,0,0,0,0,0,0,0,0,9000,0,0,0,9000,0,9000,9000
3025,星通            ,21000,13000,8000,0,0,0,0,0,0,1000,1000,0,1000,0,0,0,9000
06948P,FBVIX元大01售02 ,0,0,0,0,0,0,0,0,0,9000,0,0,0,20000,11000,9000,9000
059328,台灣50國票99購08,0,0,0,0,0,0,0,0,0,9000,0,0,0,10000,1000,9000,9000
058233,聯發科元大99購06,0,0,0,0,0,0,0,0,0,9000,0,0,0,9000,0,9000,9000
059415,台灣50元大9A購03,1000,0,1000,0,0,0,0,0,0,8000,0,0,0,10000,2000,8000,9000
058726,宏達電富邦9A購01,0,0,0,0,0,0,0,0,0,9000,0,0,0,10000,1000,9000,9000
06718P,聯詠元大98售01  ,0,0,0,0,0,0,0,0,0,9000,0,0,0,10000,1000,9000,9000
056769,國產元大98購01  ,0,0,0,0,0,0,0,0,0,9000,0,0,0,10000,1000,9000,9000
048263,台積電元富95購01,0,0,0,0,0,0,0,0,0,9000,0,0,0,50000,41000,9000,9000
056051,T50反1元大97購05,0,0,0,0,0,0,0,0,0,9000,0,0,0,9000,0,9000,9000
051399,玉晶光台新96購01,0,0,0,0,0,0,0,0,0,9000,0,0,0,10000,1000,9000,9000
00684R,元大美元指數反1 ,0,0,0,0,0,0,0,0,0,9000,0,0,0,9000,0,9000,9000
00712,FH富時不動產    ,0,0,0,0,0,0,0,0,0,9000,0,0,0,159000,150000,9000,9000
04410P,大立光統一94售05,0,0,0,0,0,0,0,0,0,9000,0,0,0,9000,0,9000,9000
03012X,元展12          ,0,0,0,0,0,0,0,0,0,9000,0,0,0,10000,1000,9000,9000
04577P,康友元富94售02  ,0,0,0,0,0,0,0,0,0,9000,0,0,0,9000,0,9000,9000
03252P,台積電台新02售01,0,0,0,0,0,0,0,0,0,9000,0,0,0,10000,1000,9000,9000
04686P,台積電凱基94售23,0,0,0,0,0,0,0,0,0,9000,0,0,0,9000,0,9000,9000
05989P,健策元富96售01  ,0,0,0,0,0,0,0,0,0,9000,0,0,0,9000,0,9000,9000
059271,台灣50元大01購05,0,0,0,0,0,0,0,0,0,9000,0,0,0,9000,0,9000,9000
059198,華新科永豐99購06,0,0,0,0,0,0,0,0,0,9000,0,0,0,11000,2000,9000,9000
059211,鴻海元大99購27  ,0,0,0,0,0,0,0,0,0,9000,0,0,0,20000,11000,9000,9000
055636,元油反元富97購02,0,0,0,0,0,0,0,0,0,9000,0,0,0,9000,0,9000,9000
052766,玉晶光群益9A購01,0,0,0,0,0,0,0,0,0,9000,0,0,0,9000,0,9000,9000
05246P,南電元大95售04  ,0,0,0,0,0,0,0,0,0,9000,0,0,0,40000,31000,9000,9000
053947,義隆富邦97購01  ,0,0,0,0,0,0,0,0,0,9000,0,0,0,9000,0,9000,9000
055400,緯穎統一97購01  ,0,0,0,0,0,0,0,0,0,9000,0,0,0,15000,6000,9000,9000
06569P,可成永豐98售01  ,0,0,0,0,0,0,0,0,0,8000,0,0,0,117000,109000,8000,8000
057129,聯發科凱基99購03,0,0,0,0,0,0,0,0,0,8000,0,0,0,8000,0,8000,8000
07160P,台灣50中信03售04,0,0,0,0,0,0,0,0,0,8000,0,0,0,11000,3000,8000,8000
058675,康控群益9B購01  ,0,0,0,0,0,0,0,0,0,8000,0,0,0,8000,0,8000,8000
056745,聯茂凱基99購03  ,0,0,0,0,0,0,0,0,0,8000,0,0,0,8000,0,8000,8000
056664,上証反中信9B購01,0,0,0,0,0,0,0,0,0,8000,0,0,0,8000,0,8000,8000
056628,矽創永豐98購01  ,0,0,0,0,0,0,0,0,0,8000,0,0,0,8000,0,8000,8000
05857P,旺宏中信98售02  ,0,0,0,0,0,0,0,0,0,8000,0,0,0,8000,0,8000,8000
059409,台灣50國票9C購01,0,0,0,0,0,0,0,0,0,8000,0,0,0,310000,302000,8000,8000
058226,世芯元富99購01  ,0,0,0,0,0,0,0,0,0,8000,0,0,0,8000,0,8000,8000
06205P,台積電群益97售03,0,0,0,0,0,0,0,0,0,8000,0,0,0,8000,0,8000,8000
06623P,立積元大98售04  ,0,0,0,0,0,0,0,0,0,8000,0,0,0,8000,0,8000,8000
07106P,國巨統一9B售05  ,0,0,0,0,0,0,0,0,0,8000,0,0,0,8000,0,8000,8000
07085P,超眾元富9C售01  ,0,0,0,0,0,0,0,0,0,8000,0,0,0,8000,0,8000,8000
05800P,台積電兆豐96售04,0,0,0,0,0,0,0,0,0,8000,0,0,0,8000,0,8000,8000
059065,南電凱基9A購01  ,0,0,0,0,0,0,0,0,0,8000,0,0,0,63000,55000,8000,8000
06225P,華新科元富97售04,0,0,0,0,0,0,0,0,0,8000,0,0,0,8000,0,8000,8000
05531P,臺股指群益96售04,0,0,0,0,0,0,0,0,0,8000,0,0,0,8000,0,8000,8000
052052,嘉澤凱基95購02  ,0,0,0,0,0,0,0,0,0,8000,0,0,0,18000,10000,8000,8000
052451,旭富元大95購02  ,0,0,0,0,0,0,0,0,0,8000,0,0,0,8000,0,8000,8000
052672,世紀鋼群益96購02,0,0,0,0,0,0,0,0,0,8000,0,0,0,10000,2000,8000,8000
06064P,台積電台新98售01,0,0,0,0,0,0,0,0,0,8000,0,0,0,18000,10000,8000,8000
05472P,國巨統一96售02  ,0,0,0,0,0,0,0,0,0,8000,0,0,0,8000,0,8000,8000
046740,大立光群益95購01,0,0,0,0,0,0,0,0,0,8000,0,0,0,8000,0,8000,8000
03025X,元展22          ,0,0,0,0,0,0,0,0,0,8000,0,0,0,8000,0,8000,8000
03432B,臺股指凱基98熊13,0,0,0,0,0,0,0,0,0,8000,0,0,0,11000,3000,8000,8000
04556P,大成鋼群益94售02,0,0,0,0,0,0,0,0,0,8000,0,0,0,8000,0,8000,8000
00731,FH富時高息低波  ,8000,8000,0,0,0,0,0,150000,-150000,158000,0,0,0,204000,46000,158000,8000
049269,超眾元大96購02  ,0,0,0,0,0,0,0,0,0,8000,0,0,0,8000,0,8000,8000
049560,香港反統一95購01,0,0,0,0,0,0,0,0,0,8000,0,0,0,8000,0,8000,8000
053449,超眾凱基98購01  ,0,0,0,0,0,0,0,0,0,8000,0,0,0,8000,0,8000,8000
053480,祥碩元大96購02  ,0,0,0,0,0,0,0,0,0,8000,0,0,0,8000,0,8000,8000
910322,康師傅-DR       ,8000,0,8000,0,0,0,0,0,0,0,0,0,0,0,0,0,8000
058887,元石油元大9C購04,0,0,0,0,0,0,0,0,0,7000,0,0,0,7000,0,7000,7000
1104,環泥            ,98000,90000,8000,0,0,0,0,0,0,-1000,0,1000,-1000,0,0,0,7000
06934P,聯鈞元大98售03  ,0,0,0,0,0,0,0,0,0,7000,0,0,0,20000,13000,7000,7000
06859P,元金2X中信9C售01,0,0,0,0,0,0,0,0,0,7000,0,0,0,7000,0,7000,7000
05914P,友達元大96售04  ,0,0,0,0,0,0,0,0,0,7000,0,0,0,7000,0,7000,7000
2539,櫻花建          ,32000,25000,7000,0,0,0,0,0,0,0,0,0,0,0,0,0,7000
2423,固緯            ,23000,16000,7000,0,0,0,0,0,0,0,0,0,0,0,0,0,7000
4572,駐龍            ,13000,6000,7000,0,0,0,0,0,0,0,0,0,0,0,0,0,7000
3679,新至陞          ,20000,12000,8000,0,0,0,0,0,0,-1000,0,1000,-1000,0,0,0,7000
06954P,大立光元富99售01,0,0,0,0,0,0,0,0,0,7000,0,0,0,7000,0,7000,7000
06982P,義隆凱基99售02  ,0,0,0,0,0,0,0,0,0,7000,0,0,0,87000,80000,7000,7000
06971P,台光電元大99售03,0,0,0,0,0,0,0,0,0,7000,0,0,0,7000,0,7000,7000
06408P,聯茂元富97售02  ,0,0,0,0,0,0,0,0,0,7000,0,0,0,10000,3000,7000,7000
06416P,大立光群益97售06,0,0,0,0,0,0,0,0,0,7000,0,0,0,7000,0,7000,7000
057964,緯穎元大99購03  ,0,0,0,0,0,0,0,0,0,7000,0,0,0,7000,0,7000,7000
07094P,華通國票9A售03  ,0,0,0,0,0,0,0,0,0,7000,0,0,0,7000,0,7000,7000
058682,聯發科凱基99購07,0,0,0,0,0,0,0,0,0,7000,0,0,0,7000,0,7000,7000
058683,可成凱基9A購01  ,0,0,0,0,0,0,0,0,0,7000,0,0,0,7000,0,7000,7000
06692P,瑞昱凱基98售03  ,0,0,0,0,0,0,0,0,0,7000,0,0,0,22000,15000,7000,7000
07227P,聯發科元富99售05,0,0,0,0,0,0,0,0,0,7000,0,0,0,77000,70000,7000,7000
06764P,聯發科元大98售11,0,0,0,0,0,0,0,0,0,7000,0,0,0,7000,0,7000,7000
055912,宏達電凱基98購03,0,0,0,0,0,0,0,0,0,7000,0,0,0,267000,260000,7000,7000
05021P,瑞昱凱基95售01  ,0,0,0,0,0,0,0,0,0,7000,0,0,0,17000,10000,7000,7000
049484,台積電元大95購02,0,0,0,0,0,0,0,0,0,7000,0,0,0,7000,0,7000,7000
049485,台積電元大96購03,0,0,0,0,0,0,0,0,0,7000,0,0,0,24000,17000,7000,7000
049939,臺股指元大94購20,0,0,0,0,0,0,0,0,0,7000,0,0,0,7000,0,7000,7000
051406,泰鼎永豐96購01  ,0,0,0,0,0,0,0,0,0,7000,0,0,0,7000,0,7000,7000
04550P,超眾元大94售01  ,0,0,0,0,0,0,0,0,0,7000,0,0,0,17000,10000,7000,7000
051000,台郡元大96購01  ,0,0,0,0,0,0,0,0,0,7000,0,0,0,7000,0,7000,7000
04294P,台積電元大95售01,0,0,0,0,0,0,0,0,0,7000,0,0,0,7000,0,7000,7000
042692,台灣50凱基96購09,0,0,0,0,0,0,0,0,0,7000,0,0,0,7000,0,7000,7000
041534,T50反1凱基96購01,0,0,0,0,0,0,0,0,0,7000,0,0,0,8000,1000,7000,7000
038455,群臺反群益94購01,0,0,0,0,0,0,0,0,0,7000,0,0,0,7000,0,7000,7000
06007P,世芯永豐96售01  ,0,0,0,0,0,0,0,0,0,7000,0,0,0,7000,0,7000,7000
055727,矽力元大97購02  ,0,0,0,0,0,0,0,0,0,7000,0,0,0,7000,0,7000,7000
054922,文曄凱基98購01  ,0,0,0,0,0,0,0,0,0,7000,0,0,0,8000,1000,7000,7000
054747,麗豐凱基98購01  ,0,0,0,0,0,0,0,0,0,7000,0,0,0,7000,0,7000,7000
056399,上証2X群益9C購01,0,0,0,0,0,0,0,0,0,7000,0,0,0,7000,0,7000,7000
056333,台積電日盛9B購01,0,0,0,0,0,0,0,0,0,7000,0,0,0,7000,0,7000,7000
051918,聯茂元大95購01  ,0,0,0,0,0,0,0,0,0,7000,0,0,0,147000,140000,7000,7000
054140,智易元大97購03  ,0,0,0,0,0,0,0,0,0,7000,0,0,0,7000,0,7000,7000
3532,台勝科          ,140500,324000,-183500,0,0,0,1000,180000,-179000,369000,5000,0,5000,365000,1000,364000,6500
4426,利勤            ,133437,127354,6083,0,0,0,0,0,0,0,0,0,0,0,0,0,6083
4739,康普            ,8000,1000,7000,0,0,0,0,0,0,-1000,0,1000,-1000,0,0,0,6000
4930,燦星網          ,18000,12000,6000,0,0,0,0,0,0,0,0,0,0,0,0,0,6000
1615,大山            ,19000,13000,6000,0,0,0,0,0,0,0,0,0,0,0,0,0,6000
06716P,台積電元大9A售02,0,0,0,0,0,0,0,0,0,6000,0,0,0,7000,1000,6000,6000
06689P,鴻海中信9C售02  ,0,0,0,0,0,0,0,0,0,6000,0,0,0,6000,0,6000,6000
058730,玉晶光永豐9A購01,0,0,0,0,0,0,0,0,0,6000,0,0,0,6000,0,6000,6000
056861,美律群益99購01  ,0,0,0,0,0,0,0,0,0,6000,0,0,0,6000,0,6000,6000
057429,華新科兆豐98購03,0,0,0,0,0,0,0,0,0,6000,0,0,0,6000,0,6000,6000
057518,世紀鋼元富98購01,0,0,0,0,0,0,0,0,0,6000,0,0,0,16000,10000,6000,6000
057814,聯發科元大98購12,0,0,0,0,0,0,0,0,0,6000,0,0,0,6000,0,6000,6000
07058P,台積電凱基9A售07,0,0,0,0,0,0,0,0,0,6000,0,0,0,6000,0,6000,6000
07139P,元油2X群益9C售06,0,0,0,0,0,0,0,0,0,6000,0,0,0,6000,0,6000,6000
05845P,大立光元大96售06,0,0,0,0,0,0,0,0,0,6000,0,0,0,6000,0,6000,6000
058354,台積電凱基9A購06,0,0,0,0,0,0,0,0,0,6000,0,0,0,6000,0,6000,6000
06417P,台積電兆豐97售03,0,0,0,0,0,0,0,0,0,6000,0,0,0,6000,0,6000,6000
06430P,大立光元大97售16,0,0,0,0,0,0,0,0,0,6000,0,0,0,6000,0,6000,6000
06438P,玉晶光國票99售02,0,0,0,0,0,0,0,0,0,6000,0,0,0,6000,0,6000,6000
06613P,華新科富邦9A售03,0,0,0,0,0,0,0,0,0,6000,0,0,0,6000,0,6000,6000
059058,可成凱基9B購01  ,0,0,0,0,0,0,0,0,0,6000,0,0,0,6000,0,6000,6000
053928,智易國票97購03  ,0,0,0,0,0,0,0,0,0,6000,0,0,0,6000,0,6000,6000
055384,緯穎元大98購02  ,0,0,0,0,0,0,0,0,0,6000,0,0,0,6000,0,6000,6000
05632P,大立光群益96售02,0,0,0,0,0,0,0,0,0,6000,0,0,0,6000,0,6000,6000
056291,聯茂永豐97購03  ,0,0,0,0,0,0,0,0,0,6000,0,0,0,11000,5000,6000,6000
053787,健策元大97購02  ,0,0,0,0,0,0,0,0,0,6000,0,0,0,6000,0,6000,6000
05299P,旺宏元大95售04  ,0,0,0,0,0,0,0,0,0,6000,0,0,0,32000,26000,6000,6000
054755,世紀鋼凱基98購01,0,0,0,0,0,0,0,0,0,6000,0,0,0,6000,0,6000,6000
055524,鴻海群益98購01  ,0,0,0,0,0,0,0,0,0,6000,0,0,0,6000,0,6000,6000
054550,旺宏凱基98購02  ,0,0,0,0,0,0,0,0,0,6000,0,0,0,6000,0,6000,6000
054281,世芯群益97購01  ,0,0,0,0,0,0,0,0,0,6000,0,0,0,6000,0,6000,6000
059167,聯發科凱基99購11,0,0,0,0,0,0,0,0,0,6000,0,0,0,6000,0,6000,6000
03671P,大立光凱基95售02,0,0,0,0,0,0,0,0,0,6000,0,0,0,6000,0,6000,6000
04230P,臺股指中信95售06,0,0,0,0,0,0,0,0,0,6000,0,0,0,6000,0,6000,6000
04615P,華新科群益94售03,0,0,0,0,0,0,0,0,0,6000,0,0,0,6000,0,6000,6000
03020X,元展20          ,0,0,0,0,0,0,0,0,0,6000,0,0,0,6000,0,6000,6000
046344,超眾國票94購01  ,0,0,0,0,0,0,0,0,0,6000,0,0,0,6000,0,6000,6000
00742,新光內需收益    ,1000,1000,0,0,0,0,0,0,0,6000,0,0,0,6000,0,6000,6000
04769P,高股息元大94售01,0,0,0,0,0,0,0,0,0,6000,0,0,0,76000,70000,6000,6000
04871P,力成元富94售02  ,0,0,0,0,0,0,0,0,0,6000,0,0,0,8000,2000,6000,6000
04862P,台積電元大94售26,0,0,0,0,0,0,0,0,0,6000,0,0,0,20000,14000,6000,6000
050046,矽力兆豐94購01  ,0,0,0,0,0,0,0,0,0,6000,0,0,0,6000,0,6000,6000
050055,道瓊反凱基95購01,0,0,0,0,0,0,0,0,0,6000,0,0,0,6000,0,6000,6000
04958P,和大凱基94售04  ,0,0,0,0,0,0,0,0,0,6000,0,0,0,6000,0,6000,6000
049447,聯電統一94購01  ,0,0,0,0,0,0,0,0,0,6000,0,0,0,6000,0,6000,6000
049483,台積電元大94購12,0,0,0,0,0,0,0,0,0,6000,0,0,0,10000,4000,6000,6000
04825P,元大金中信94售01,0,0,0,0,0,0,0,0,0,6000,0,0,0,6000,0,6000,6000
05358P,大立光元大95售09,0,0,0,0,0,0,0,0,0,6000,0,0,0,6000,0,6000,6000
056155,嘉晶凱基97購01  ,0,0,0,0,0,0,0,0,0,6000,0,0,0,6000,0,6000,6000
911868,同方友友-DR     ,6000,0,6000,0,0,0,0,0,0,0,0,0,0,0,0,0,6000
00736,國泰新興市場    ,0,0,0,0,0,0,0,0,0,5624,0,0,0,106000,100376,5624,5624
06986P,台積電台新9A售01,0,0,0,0,0,0,0,0,0,5000,0,0,0,5000,0,5000,5000
06270P,致伸凱基97售03  ,0,0,0,0,0,0,0,0,0,5000,0,0,0,5000,0,5000,5000
06272P,台郡凱基97售04  ,0,0,0,0,0,0,0,0,0,5000,0,0,0,5000,0,5000,5000
06405P,億光元富97售02  ,0,0,0,0,0,0,0,0,0,5000,0,0,0,5000,0,5000,5000
06327P,台積電中信01售01,0,0,0,0,0,0,0,0,0,5000,0,0,0,5000,0,5000,5000
06242P,大立光元富9A售02,0,0,0,0,0,0,0,0,0,5000,0,0,0,5000,0,5000,5000
059330,台灣50國票99購10,0,0,0,0,0,0,0,0,0,5000,0,0,0,124000,119000,5000,5000
058073,大立光凱基99購04,0,0,0,0,0,0,0,0,0,5000,0,0,0,5000,0,5000,5000
058402,欣興元大99購04  ,0,0,0,0,0,0,0,0,0,5000,0,0,0,20000,15000,5000,5000
06847P,奇力新元大98售05,0,0,0,0,0,0,0,0,0,5000,0,0,0,15000,10000,5000,5000
058457,創意永豐99購01  ,0,0,0,0,0,0,0,0,0,5000,0,0,0,5000,0,5000,5000
06525P,上証2X國泰99售01,0,0,0,0,0,0,0,0,0,5000,0,0,0,5000,0,5000,5000
07147P,高鐵元大99售01  ,0,0,0,0,0,0,0,0,0,5000,0,0,0,63000,58000,5000,5000
06658P,台灣50富邦9C售01,0,0,0,0,0,0,0,0,0,5000,0,0,0,5000,0,5000,5000
06144P,台光電永豐97售01,0,0,0,0,0,0,0,0,0,5000,0,0,0,5000,0,5000,5000
06158P,玉晶光元富97售08,0,0,0,0,0,0,0,0,0,5000,0,0,0,5000,0,5000,5000
058129,國巨元大99購10  ,0,0,0,0,0,0,0,0,0,5000,0,0,0,5000,0,5000,5000
057751,神達國票99購02  ,0,0,0,0,0,0,0,0,0,5000,0,0,0,5000,0,5000,5000
057488,聯發科元大99購02,0,0,0,0,0,0,0,0,0,5000,0,0,0,25000,20000,5000,5000
056787,健鼎群益98購01  ,0,0,0,0,0,0,0,0,0,5000,0,0,0,5000,0,5000,5000
057128,台光電凱基98購03,0,0,0,0,0,0,0,0,0,5000,0,0,0,5000,0,5000,5000
05793P,臺股指中信99售08,0,0,0,0,0,0,0,0,0,5000,0,0,0,5000,0,5000,5000
07173P,臺股指國票99售10,0,0,0,0,0,0,0,0,0,5000,0,0,0,5000,0,5000,5000
07166P,台灣50兆豐03售01,0,0,0,0,0,0,0,0,0,5000,0,0,0,5000,0,5000,5000
06702P,智邦元富98售01  ,0,0,0,0,0,0,0,0,0,5000,0,0,0,5000,0,5000,5000
06751P,旺宏凱基98售10  ,0,0,0,0,0,0,0,0,0,5000,0,0,0,5000,0,5000,5000
06734P,智邦凱基98售05  ,0,0,0,0,0,0,0,0,0,5000,0,0,0,5000,0,5000,5000
057288,聯茂元大98購03  ,0,0,0,0,0,0,0,0,0,5000,0,0,0,15000,10000,5000,5000
058663,瑞儀兆豐9A購01  ,0,0,0,0,0,0,0,0,0,5000,0,0,0,5000,0,5000,5000
058687,聯茂凱基9A購01  ,0,0,0,0,0,0,0,0,0,5000,0,0,0,5000,0,5000,5000
06551P,貿聯元大98售05  ,0,0,0,0,0,0,0,0,0,5000,0,0,0,5000,0,5000,5000
058586,鴻海中信01購02  ,0,0,0,0,0,0,0,0,0,5000,0,0,0,5000,0,5000,5000
06896P,信邦中信98售01  ,0,0,0,0,0,0,0,0,0,5000,0,0,0,30000,25000,5000,5000
06880P,鈺齊凱基98售03  ,0,0,0,0,0,0,0,0,0,5000,0,0,0,5000,0,5000,5000
1516,川飛            ,9000,4000,5000,0,0,0,0,0,0,0,0,0,0,0,0,0,5000
06921P,台光電凱基98售06,0,0,0,0,0,0,0,0,0,5000,0,0,0,5000,0,5000,5000
06892P,聯鈞元富98售01  ,0,0,0,0,0,0,0,0,0,5000,0,0,0,5000,0,5000,5000
08818P,台灣50凱基01售18,0,0,0,0,0,0,0,0,0,5000,0,0,0,5000,0,5000,5000
058987,華新科凱基9B購01,0,0,0,0,0,0,0,0,0,5000,0,0,0,5000,0,5000,5000
06222P,致茂元富97售02  ,0,0,0,0,0,0,0,0,0,5000,0,0,0,5000,0,5000,5000
3702A,大聯大甲特      ,10000,0,10000,0,0,0,0,0,0,-5000,0,50000,-50000,45000,0,45000,5000
3167,大量            ,8000,2000,6000,0,0,0,0,0,0,-1000,0,1000,-1000,0,0,0,5000
6283,淳安            ,9000,4000,5000,0,0,0,0,0,0,0,0,0,0,0,0,0,5000
6449,鈺邦            ,39000,34000,5000,0,0,0,0,0,0,0,0,0,0,0,0,0,5000
2428,興勤            ,196000,189000,7000,0,0,0,0,0,0,-2000,0,1000,-1000,0,1000,-1000,5000
2748,雲品            ,21000,4000,17000,0,0,0,0,0,0,-12000,0,12000,-12000,0,0,0,5000
01004T,土銀富邦R2      ,6000,1000,5000,0,0,0,0,0,0,0,0,0,0,0,0,0,5000
03078X,元展73          ,0,0,0,0,0,0,0,0,0,5000,0,0,0,5000,0,5000,5000
03128P,玉晶光國泰03售04,0,0,0,0,0,0,0,0,0,5000,0,0,0,5000,0,5000,5000
03420B,臺股指元大95熊31,0,0,0,0,0,0,0,0,0,5000,0,0,0,5000,0,5000,5000
046155,道瓊反群益94購01,0,0,0,0,0,0,0,0,0,5000,0,0,0,5000,0,5000,5000
04477P,南電元大94售04  ,0,0,0,0,0,0,0,0,0,5000,0,0,0,5000,0,5000,5000
03951P,新光金凱基95售01,0,0,0,0,0,0,0,0,0,5000,0,0,0,5000,0,5000,5000
043442,大立光台新01購01,0,0,0,0,0,0,0,0,0,5000,0,0,0,5000,0,5000,5000
04362P,聯詠統一94售01  ,0,0,0,0,0,0,0,0,0,5000,0,0,0,5000,0,5000,5000
04363P,儒鴻元富94售01  ,0,0,0,0,0,0,0,0,0,5000,0,0,0,5000,0,5000,5000
05030P,台積電元富95售04,0,0,0,0,0,0,0,0,0,5000,0,0,0,5000,0,5000,5000
05034P,台積電元大95售08,0,0,0,0,0,0,0,0,0,5000,0,0,0,15000,10000,5000,5000
050353,華擎群益95購01  ,0,0,0,0,0,0,0,0,0,5000,0,0,0,5000,0,5000,5000
050327,泰鼎永豐94購03  ,0,0,0,0,0,0,0,0,0,5000,0,0,0,5000,0,5000,5000
04713P,創意元大95售01  ,0,0,0,0,0,0,0,0,0,5000,0,0,0,5000,0,5000,5000
056285,可成永豐97購02  ,0,0,0,0,0,0,0,0,0,5000,0,0,0,5000,0,5000,5000
05602P,國巨元大96售06  ,0,0,0,0,0,0,0,0,0,5000,0,0,0,5000,0,5000,5000
053219,祥碩凱基96購01  ,0,0,0,0,0,0,0,0,0,5000,0,0,0,5000,0,5000,5000
05319P,上銀凱基95售02  ,0,0,0,0,0,0,0,0,0,5000,0,0,0,9000,4000,5000,5000
049369,義隆元大95購01  ,0,0,0,0,0,0,0,0,0,5000,0,0,0,5000,0,5000,5000
049212,T50反1國票94購04,0,0,0,0,0,0,0,0,0,5000,0,0,0,5000,0,5000,5000
05002P,台積電統一95售03,0,0,0,0,0,0,0,0,0,5000,0,0,0,5000,0,5000,5000
050170,臺指反元大97購02,0,0,0,0,0,0,0,0,0,5000,0,0,0,5000,0,5000,5000
050137,臺指反國票96購01,0,0,0,0,0,0,0,0,0,5000,0,0,0,5000,0,5000,5000
048733,台勝科麥證95購02,0,0,0,5000,0,5000,0,0,0,5000,0,0,0,5000,0,5000,5000
04888P,臺股指凱基95售03,0,0,0,0,0,0,0,0,0,5000,0,0,0,5000,0,5000,5000
047784,元油反富邦94購03,0,0,0,0,0,0,0,0,0,5000,0,0,0,5000,0,5000,5000
04750P,臺股指元大94售26,0,0,0,0,0,0,0,0,0,5000,0,0,0,5000,0,5000,5000
051424,緯穎國票97購01  ,0,0,0,0,0,0,0,0,0,5000,0,0,0,5000,0,5000,5000
051348,國巨元大95購07  ,0,0,0,0,0,0,0,0,0,5000,0,0,0,20000,15000,5000,5000
06133P,帆宣元富97售02  ,0,0,0,0,0,0,0,0,0,5000,0,0,0,5000,0,5000,5000
06085P,義隆台新97售01  ,0,0,0,0,0,0,0,0,0,5000,0,0,0,5000,0,5000,5000
054727,台積電日盛97購02,0,0,0,0,0,0,0,0,0,5000,0,0,0,5000,0,5000,5000
05948P,茂林元大96售03  ,0,0,0,0,0,0,0,0,0,5000,0,0,0,5000,0,5000,5000
054282,泰鼎群益98購02  ,0,0,0,0,0,0,0,0,0,5000,0,0,0,5000,0,5000,5000
054297,台郡元大98購01  ,0,0,0,0,0,0,0,0,0,5000,0,0,0,10000,5000,5000,5000
055427,技嘉群益98購01  ,0,0,0,0,0,0,0,0,0,5000,0,0,0,5000,0,5000,5000
055591,全新元大98購01  ,0,0,0,0,0,0,0,0,0,5000,0,0,0,5000,0,5000,5000
055758,旺宏群益97購01  ,0,0,0,0,0,0,0,0,0,5000,0,0,0,5000,0,5000,5000
056598,京元電元富98購01,0,0,0,0,0,0,0,0,0,5000,0,0,0,10000,5000,5000,5000
056602,嘉澤國泰99購01  ,0,0,0,0,0,0,0,0,0,5000,0,0,0,5000,0,5000,5000
053006,玉晶光永豐96購03,0,0,0,0,0,0,0,0,0,5000,0,0,0,5000,0,5000,5000
052756,國巨群益96購02  ,0,0,0,0,0,0,0,0,0,5000,0,0,0,68000,63000,5000,5000
05275P,國巨凱基95售05  ,0,0,0,0,0,0,0,0,0,5000,0,0,0,5000,0,5000,5000
052874,超眾凱基96購01  ,0,0,0,0,0,0,0,0,0,5000,0,0,0,5000,0,5000,5000
05262P,台積電元大95售19,0,0,0,0,0,0,0,0,0,5000,0,0,0,35000,30000,5000,5000
053818,富邦金群益98購01,0,0,0,0,0,0,0,0,0,5000,0,0,0,5000,0,5000,5000
05630P,大立光永昌96售06,0,0,0,0,0,0,0,0,0,5000,0,0,0,35000,30000,5000,5000
056418,台光電元富98購01,0,0,0,0,0,0,0,0,0,5000,0,0,0,5000,0,5000,5000
052083,S&P反1元大97購02,0,0,0,0,0,0,0,0,0,5000,0,0,0,5000,0,5000,5000
052230,大立光凱基96購09,0,0,0,0,0,0,0,0,0,5000,0,0,0,5000,0,5000,5000
05539P,鎧勝永豐96售01  ,0,0,0,0,0,0,0,0,0,5000,0,0,0,5000,0,5000,5000
05532P,臺股指群益96售05,0,0,0,0,0,0,0,0,0,5000,0,0,0,5000,0,5000,5000
055381,茂林元大97購02  ,0,0,0,0,0,0,0,0,0,5000,0,0,0,10000,5000,5000,5000
055240,京元電元富97購01,0,0,0,0,0,0,0,0,0,5000,0,0,0,5000,0,5000,5000
055062,文曄永豐97購01  ,0,0,0,0,0,0,0,0,0,5000,0,0,0,5000,0,5000,5000
056565,欣興群益98購03  ,0,0,0,0,0,0,0,0,0,5000,0,0,0,5000,0,5000,5000
056578,智易元大99購02  ,0,0,0,0,0,0,0,0,0,5000,0,0,0,5000,0,5000,5000
05395P,旺宏元大96售06  ,0,0,0,0,0,0,0,0,0,5000,0,0,0,5000,0,5000,5000
05204P,TPK元大95售03   ,0,0,0,0,0,0,0,0,0,5000,0,0,0,5000,0,5000,5000
053984,康友元大96購05  ,0,0,0,0,0,0,0,0,0,5000,0,0,0,5000,0,5000,5000
053997,健策群益97購02  ,0,0,0,0,0,0,0,0,0,5000,0,0,0,5000,0,5000,5000
056440,智邦凱基98購03  ,0,0,0,0,0,0,0,0,0,5000,0,0,0,15000,10000,5000,5000
8466,美吉吉-KY       ,5000,0,5000,0,0,0,0,0,0,0,0,0,0,0,0,0,5000
6541,泰福-KY         ,57024,53000,4024,0,0,0,0,0,0,0,0,0,0,0,0,0,4024
2497,怡利電          ,9000,5000,4000,0,0,0,0,0,0,0,0,0,0,0,0,0,4000
2477,美隆電          ,11000,6000,5000,0,0,0,0,0,0,-1000,0,1000,-1000,0,0,0,4000
6230,超眾            ,591000,549000,42000,0,0,0,0,0,0,-38000,7000,3000,4000,18000,60000,-42000,4000
3305,昇貿            ,14000,10000,4000,0,0,0,0,0,0,0,0,0,0,0,0,0,4000
05708P,奇力新國票97售04,0,0,0,0,0,0,0,0,0,4000,0,0,0,6000,2000,4000,4000
057034,道瓊反元大9B購01,0,0,0,0,0,0,0,0,0,4000,0,0,0,20000,16000,4000,4000
07246P,旺宏凱基99售08  ,0,0,0,0,0,0,0,0,0,4000,0,0,0,15000,11000,4000,4000
06928P,鴻海元大99售10  ,0,0,0,0,0,0,0,0,0,4000,0,0,0,4000,0,4000,4000
1529,樂士            ,0,0,0,0,0,0,0,0,0,4000,4000,0,4000,0,0,0,4000
2017,官田鋼          ,5000,1000,4000,0,0,0,0,0,0,0,0,0,0,0,0,0,4000
05861P,瀚宇博永豐96售02,0,0,0,0,0,0,0,0,0,4000,0,0,0,4000,0,4000,4000
058744,FBVIX凱基9C購03 ,0,0,0,0,0,0,0,0,0,4000,0,0,0,14000,10000,4000,4000
05788P,臺股指永昌96售05,0,0,0,0,0,0,0,0,0,4000,0,0,0,4000,0,4000,4000
05683P,矽創元大96售01  ,0,0,0,0,0,0,0,0,0,4000,0,0,0,4000,0,4000,4000
05742P,可成元大96售04  ,0,0,0,0,0,0,0,0,0,4000,0,0,0,105000,101000,4000,4000
057771,鴻海群益99購01  ,0,0,0,0,0,0,0,0,0,4000,0,0,0,4000,0,4000,4000
058196,台塑中信99購01  ,0,0,0,0,0,0,0,0,0,4000,0,0,0,4000,0,4000,4000
07008P,台郡中信99售02  ,0,0,0,0,0,0,0,0,0,4000,0,0,0,4000,0,4000,4000
058027,鴻海富邦98購04  ,0,0,0,0,0,0,0,0,0,4000,0,0,0,4000,0,4000,4000
058128,FBVIX元大9C購02 ,0,0,0,0,0,0,0,0,0,4000,0,0,0,5000,1000,4000,4000
06338P,亞德客統一97售02,0,0,0,0,0,0,0,0,0,4000,0,0,0,4000,0,4000,4000
06949P,台表科元大99售01,0,0,0,0,0,0,0,0,0,4000,0,0,0,4000,0,4000,4000
05307P,光寶科中信95售01,0,0,0,0,0,0,0,0,0,4000,0,0,0,4000,0,4000,4000
056575,禾伸堂元大99購01,0,0,0,0,0,0,0,0,0,4000,0,0,0,34000,30000,4000,4000
056485,同欣電元大98購01,0,0,0,0,0,0,0,0,0,4000,0,0,0,4000,0,4000,4000
053902,S&P反1凱基97購01,0,0,0,0,0,0,0,0,0,4000,0,0,0,4000,0,4000,4000
052341,泰鼎凱基96購02  ,0,0,0,0,0,0,0,0,0,4000,0,0,0,4000,0,4000,4000
05573P,仁寶元富96售02  ,0,0,0,0,0,0,0,0,0,4000,0,0,0,4000,0,4000,4000
055680,美律凱基99購01  ,0,0,0,0,0,0,0,0,0,4000,0,0,0,4000,0,4000,4000
055701,亞德客富邦99購01,0,0,0,0,0,0,0,0,0,4000,0,0,0,4000,0,4000,4000
06084P,宏達電元富97售02,0,0,0,0,0,0,0,0,0,4000,0,0,0,4000,0,4000,4000
04947P,聯詠元大94售05  ,0,0,0,0,0,0,0,0,0,4000,0,0,0,5000,1000,4000,4000
05621P,聯電中信96售01  ,0,0,0,0,0,0,0,0,0,4000,0,0,0,4000,0,4000,4000
056168,鴻海元富97購07  ,0,0,0,0,0,0,0,0,0,4000,0,0,0,4000,0,4000,4000
056169,鴻海元富97購08  ,0,0,0,0,0,0,0,0,0,4000,0,0,0,14000,10000,4000,4000
056077,矽力元大97購07  ,0,0,0,0,0,0,0,0,0,4000,0,0,0,4000,0,4000,4000
047160,台郡國票94購01  ,0,0,0,0,0,0,0,0,0,4000,0,0,0,4000,0,4000,4000
04707P,喬山元大94售01  ,0,0,0,0,0,0,0,0,0,4000,0,0,0,4000,0,4000,4000
04682P,臺股指統一96售01,0,0,0,0,0,0,0,0,0,4000,0,0,0,4000,0,4000,4000
050729,聯鈞國票94購01  ,0,0,0,0,0,0,0,0,0,4000,0,0,0,4000,0,4000,4000
050971,緯穎永豐95購01  ,0,0,0,0,0,0,0,0,0,4000,0,0,0,4000,0,4000,4000
050295,大立光凱基94購16,0,0,0,0,0,0,0,0,0,4000,0,0,0,4000,0,4000,4000
050363,臺指反元大98購04,0,0,0,0,0,0,0,0,0,4000,0,0,0,4000,0,4000,4000
04335P,大成鋼元大93售01,0,0,0,0,0,0,0,0,0,4000,0,0,0,4000,0,4000,4000
04376P,漢唐元大94售04  ,0,0,0,0,0,0,0,0,0,4000,0,0,0,4000,0,4000,4000
03777P,華通中信95售01  ,0,0,0,0,0,0,0,0,0,4000,0,0,0,4000,0,4000,4000
04456P,日月光統一94售01,0,0,0,0,0,0,0,0,0,4000,0,0,0,4000,0,4000,4000
044974,鴻海國票94購01  ,0,0,0,0,0,0,0,0,0,4000,0,0,0,4000,0,4000,4000
01010T,京城樂富R1      ,4000,0,4000,0,0,0,0,0,0,0,0,0,0,0,0,0,4000
0055,元大MSCI金融    ,1000,0,1000,0,0,0,0,0,0,3000,0,0,0,6000,3000,3000,4000
8081,致新            ,243000,260000,-17000,0,0,0,27000,0,27000,-6000,5000,1000,4000,2000,12000,-10000,4000
8480,泰昇-KY         ,4000,0,4000,0,0,0,0,0,0,0,0,0,0,0,0,0,4000
9930,中聯資源        ,28000,24000,4000,0,0,0,0,0,0,0,0,0,0,0,0,0,4000
06392P,T50反1元大9A售01,0,0,0,0,0,0,0,0,0,3000,0,0,0,3000,0,3000,3000
058114,台積電第一01購01,0,0,0,0,0,0,0,0,0,3000,0,0,0,3000,0,3000,3000
05807P,泰鼎永豐96售03  ,0,0,0,0,0,0,0,0,0,3000,0,0,0,8000,5000,3000,3000
07146P,瑞昱元大99售02  ,0,0,0,0,0,0,0,0,0,3000,0,0,0,3000,0,3000,3000
058322,玉晶光永豐99購02,0,0,0,0,0,0,0,0,0,3000,0,0,0,3000,0,3000,3000
06656P,GIS元大98售02   ,0,0,0,0,0,0,0,0,0,3000,0,0,0,3000,0,3000,3000
06578P,華新科國票98售02,0,0,0,0,0,0,0,0,0,3000,0,0,0,3000,0,3000,3000
057886,聯詠群益98購01  ,0,0,0,0,0,0,0,0,0,3000,0,0,0,23000,20000,3000,3000
057927,勤誠凱基98購01  ,0,0,0,0,0,0,0,0,0,3000,0,0,0,15000,12000,3000,3000
057190,立積元大9A購02  ,0,0,0,0,0,0,0,0,0,3000,0,0,0,3000,0,3000,3000
057354,聯鈞統一99購03  ,0,0,0,0,0,0,0,0,0,3000,0,0,0,3000,0,3000,3000
06717P,可成元大98售09  ,0,0,0,0,0,0,0,0,0,3000,0,0,0,3000,0,3000,3000
06933P,禾伸堂元大98售03,0,0,0,0,0,0,0,0,0,3000,0,0,0,3000,0,3000,3000
06860P,台灣50兆豐98售01,0,0,0,0,0,0,0,0,0,3000,0,0,0,3000,0,3000,3000
056978,技嘉群益99購01  ,0,0,0,0,0,0,0,0,0,3000,0,0,0,8000,5000,3000,3000
06219P,國巨元富97售05  ,0,0,0,0,0,0,0,0,0,3000,0,0,0,3000,0,3000,3000
3346,麗清            ,20000,17000,3000,0,0,0,0,0,0,0,0,0,0,0,0,0,3000
6215,和椿            ,11000,9000,2000,0,0,0,0,0,0,1000,1000,0,1000,0,0,0,3000
2465,麗臺            ,9000,6000,3000,0,0,0,0,0,0,0,0,0,0,0,0,0,3000
2597,潤弘            ,7000,3000,4000,0,0,0,0,0,0,-1000,0,1000,-1000,0,0,0,3000
2936,客思達-KY       ,4000,1000,3000,0,0,0,0,0,0,0,0,0,0,0,0,0,3000
00640L,富邦日本正2     ,90000,241000,-151000,0,0,0,0,0,0,154000,0,0,0,282000,128000,154000,3000
04496P,國巨國泰96售02  ,0,0,0,0,0,0,0,0,0,3000,0,0,0,3000,0,3000,3000
04464P,可成元富94售04  ,0,0,0,0,0,0,0,0,0,3000,0,0,0,4000,1000,3000,3000
044809,道瓊反國票93購01,0,0,0,0,0,0,0,0,0,3000,0,0,0,3000,0,3000,3000
03433B,臺股指元大9C熊01,0,0,0,0,0,0,0,0,0,3000,0,0,0,3000,0,3000,3000
03418P,大毅群益02售03  ,0,0,0,0,0,0,0,0,0,3000,0,0,0,3000,0,3000,3000
04325P,創意元大93售06  ,0,0,0,0,0,0,0,0,0,3000,0,0,0,3000,0,3000,3000
04345P,景碩國泰94售02  ,0,0,0,0,0,0,0,0,0,3000,0,0,0,3000,0,3000,3000
05038P,牧德元大95售03  ,0,0,0,0,0,0,0,0,0,3000,0,0,0,3000,0,3000,3000
05035P,聯發科元大95售06,0,0,0,0,0,0,0,0,0,3000,0,0,0,3000,0,3000,3000
050500,台積電凱基94購36,0,0,0,0,0,0,0,0,0,3000,0,0,0,3000,0,3000,3000
046662,大立光元大93購14,0,0,0,0,0,0,0,0,0,3000,0,0,0,3000,0,3000,3000
04721P,正崴凱基94售02  ,0,0,0,0,0,0,0,0,0,3000,0,0,0,3000,0,3000,3000
051074,矽力國票96購01  ,0,0,0,0,0,0,0,0,0,3000,0,0,0,3000,0,3000,3000
056251,聯發科兆豐97購02,0,0,0,0,0,0,0,0,0,3000,0,0,0,3000,0,3000,3000
055919,景碩凱基98購02  ,0,0,0,0,0,0,0,0,0,3000,0,0,0,3000,0,3000,3000
053494,南亞科兆豐96購02,0,0,0,0,0,0,0,0,0,3000,0,0,0,3000,0,3000,3000
053427,鎧勝永豐96購02  ,0,0,0,0,0,0,0,0,0,3000,0,0,0,3000,0,3000,3000
053313,世紀鋼凱基96購01,0,0,0,0,0,0,0,0,0,3000,0,0,0,3000,0,3000,3000
04836P,台積電元大94售22,3000,0,3000,0,0,0,0,0,0,0,0,0,0,0,0,0,3000
04934P,鴻海中信94售05  ,0,0,0,0,0,0,0,0,0,3000,0,0,0,3000,0,3000,3000
04994P,大成鋼凱基95售01,0,0,0,0,0,0,0,0,0,3000,0,0,0,3000,0,3000,3000
04999P,南電永豐95售01  ,0,0,0,0,0,0,0,0,0,3000,0,0,0,6000,3000,3000,3000
04979P,臺股指凱基96售07,0,0,0,0,0,0,0,0,0,3000,0,0,0,3000,0,3000,3000
049909,國巨元大95購01  ,0,0,0,0,0,0,0,0,0,3000,0,0,0,3000,0,3000,3000
04789P,台積電富邦95售03,0,0,0,0,0,0,0,0,0,3000,0,0,0,3000,0,3000,3000
048731,創意麥證94購01  ,0,0,0,3000,0,3000,0,0,0,3000,0,0,0,3000,0,3000,3000
06076P,大立光凱基98售03,0,0,0,0,0,0,0,0,0,3000,0,0,0,3000,0,3000,3000
06032P,健策群益97售03  ,0,0,0,0,0,0,0,0,0,3000,0,0,0,3000,0,3000,3000
06036P,台表科凱基96售04,0,0,0,0,0,0,0,0,0,3000,0,0,0,3000,0,3000,3000
06094P,台達電中信97售01,0,0,0,0,0,0,0,0,0,3000,0,0,0,5000,2000,3000,3000
059183,T50反1台新03購02,0,0,0,0,0,0,0,0,0,3000,0,0,0,13000,10000,3000,3000
05925P,晶技永豐96售03  ,0,0,0,0,0,0,0,0,0,3000,0,0,0,3000,0,3000,3000
059258,台灣50群益99購01,0,0,0,0,0,0,0,0,0,3000,0,0,0,4000,1000,3000,3000
05543P,鴻海元富96售04  ,0,0,0,0,0,0,0,0,0,3000,0,0,0,3000,0,3000,3000
055521,S&P反1群益01購01,0,0,0,0,0,0,0,0,0,3000,0,0,0,3000,0,3000,3000
055522,道瓊反群益01購01,0,0,0,0,0,0,0,0,0,3000,0,0,0,3000,0,3000,3000
052369,矽力國票96購02  ,0,0,0,0,0,0,0,0,0,3000,0,0,0,3000,0,3000,3000
05286P,矽力統一95售02  ,0,0,0,0,0,0,0,0,0,3000,0,0,0,3000,0,3000,3000
052963,智邦凱基96購02  ,0,0,0,0,0,0,0,0,0,3000,0,0,0,3000,0,3000,3000
056469,國巨元大99購01  ,0,0,0,0,0,0,0,0,0,3000,0,0,0,3000,0,3000,3000
055406,大毅國泰99購01  ,0,0,0,0,0,0,0,0,0,3000,0,0,0,3000,0,3000,3000
052053,泰鼎凱基96購01  ,0,0,0,0,0,0,0,0,0,3000,0,0,0,3000,0,3000,3000
05199P,訊芯永豐95售02  ,0,0,0,0,0,0,0,0,0,3000,0,0,0,3000,0,3000,3000
054039,元油反元大96購08,0,0,0,0,0,0,0,0,0,3000,0,0,0,3000,0,3000,3000
05405P,大立光群益95售04,0,0,0,0,0,0,0,0,0,3000,0,0,0,3000,0,3000,3000
6133,金橋            ,4000,2000,2000,0,0,0,0,0,0,0,0,0,0,0,0,0,2000
5007,三星            ,7000,5000,2000,0,0,0,0,0,0,0,0,0,0,0,0,0,2000
05885P,牧德統一96售01  ,0,0,0,0,0,0,0,0,0,2000,0,0,0,2000,0,2000,2000
056986,超眾群益98購03  ,0,0,0,0,0,0,0,0,0,2000,0,0,0,2000,0,2000,2000
058967,可成麥證99購01  ,0,0,0,2000,0,2000,0,0,0,2000,0,0,0,2000,0,2000,2000
08506P,台灣50中信96售02,0,0,0,0,0,0,0,0,0,2000,0,0,0,2000,0,2000,2000
05913P,國巨元大96售11  ,0,0,0,0,0,0,0,0,0,2000,0,0,0,2000,0,2000,2000
1806,冠軍            ,3000,1000,2000,0,0,0,0,0,0,0,0,0,0,0,0,0,2000
07233P,台灣50元大99售04,0,0,0,0,0,0,0,0,0,2000,0,0,0,2000,0,2000,2000
056713,華擎永豐98購01  ,0,0,0,0,0,0,0,0,0,2000,0,0,0,2000,0,2000,2000
058651,FBVIX中信9C購01 ,0,0,0,0,0,0,0,0,0,2000,0,0,0,2000,0,2000,2000
058579,聯發科群益99購04,0,0,0,0,0,0,0,0,0,2000,0,0,0,2000,0,2000,2000
057191,祥碩元大98購05  ,0,0,0,0,0,0,0,0,0,2000,0,0,0,2000,0,2000,2000
05712P,友達統一97售03  ,0,0,0,0,0,0,0,0,0,2000,0,0,0,2000,0,2000,2000
058760,嘉晶群益9A購01  ,0,0,0,0,0,0,0,0,0,2000,0,0,0,2000,0,2000,2000
057745,泰鼎永豐99購01  ,0,0,0,0,0,0,0,0,0,2000,0,0,0,2000,0,2000,2000
05746P,台積電群益96售07,0,0,0,0,0,0,0,0,0,2000,0,0,0,2000,0,2000,2000
06632P,創意群益98售03  ,0,0,0,0,0,0,0,0,0,2000,0,0,0,2000,0,2000,2000
06621P,欣興元大98售06  ,0,0,0,0,0,0,0,0,0,2000,0,0,0,2000,0,2000,2000
06192P,高股息中信98售01,0,0,0,0,0,0,0,0,0,2000,0,0,0,2000,0,2000,2000
058235,大立光元大99購08,0,0,0,0,0,0,0,0,0,2000,0,0,0,2000,0,2000,2000
058328,世紀鋼統一9B購01,0,0,0,0,0,0,0,0,0,2000,0,0,0,2000,0,2000,2000
07055P,景碩群益9A售02  ,0,0,0,0,0,0,0,0,0,2000,0,0,0,2000,0,2000,2000
05844P,旺宏元大96售07  ,0,0,0,0,0,0,0,0,0,2000,0,0,0,2000,0,2000,2000
058480,新日興凱基9A購01,0,0,0,0,0,0,0,0,0,2000,0,0,0,2000,0,2000,2000
059321,欣興元大99購07  ,0,0,0,0,0,0,0,0,0,2000,0,0,0,81000,79000,2000,2000
06245P,健策元富97售03  ,0,0,0,0,0,0,0,0,0,2000,0,0,0,2000,0,2000,2000
06265P,美律凱基97售01  ,0,0,0,0,0,0,0,0,0,2000,0,0,0,5000,3000,2000,2000
06399P,台表科凱基97售05,0,0,0,0,0,0,0,0,0,2000,0,0,0,2000,0,2000,2000
06286P,世芯國票97售02  ,0,0,0,0,0,0,0,0,0,2000,0,0,0,2000,0,2000,2000
06463P,大立光富邦9A售01,0,0,0,0,0,0,0,0,0,2000,0,0,0,2000,0,2000,2000
07016P,聯發科元大99售10,0,0,0,0,0,0,0,0,0,2000,0,0,0,2000,0,2000,2000
06936P,瑞儀元大98售01  ,0,0,0,0,0,0,0,0,0,2000,0,0,0,2000,0,2000,2000
053951,T50反1台新06購02,0,0,0,0,0,0,0,0,0,2000,0,0,0,2000,0,2000,2000
05298P,上銀元大95售03  ,0,0,0,0,0,0,0,0,0,2000,0,0,0,2000,0,2000,2000
05538P,玉晶光國票97售02,0,0,0,0,0,0,0,0,0,2000,0,0,0,2000,0,2000,2000
056494,緯創國泰99購01  ,0,0,0,0,0,0,0,0,0,2000,0,0,0,2000,0,2000,2000
052681,T50反1元大98購02,0,0,0,0,0,0,0,0,0,2000,0,0,0,2000,0,2000,2000
053708,道瓊反凱基98購01,0,0,0,0,0,0,0,0,0,2000,0,0,0,2000,0,2000,2000
055440,矽力國票98購01  ,0,0,0,0,0,0,0,0,0,2000,0,0,0,2000,0,2000,2000
05575P,玉晶光元富96售01,0,0,0,0,0,0,0,0,0,2000,0,0,0,2000,0,2000,2000
051603,深中小群益99購03,0,0,0,0,0,0,0,0,0,2000,0,0,0,10000,8000,2000,2000
05173P,臺股指元大95售17,0,0,0,0,0,0,0,0,0,2000,0,0,0,2000,0,2000,2000
051769,矽力元大95購01  ,0,0,0,0,0,0,0,0,0,2000,0,0,0,2000,0,2000,2000
05470P,康控元大95售05  ,0,0,0,0,0,0,0,0,0,2000,0,0,0,2000,0,2000,2000
06108P,奇力新群益97售05,0,0,0,0,0,0,0,0,0,2000,0,0,0,2000,0,2000,2000
05921P,同欣電元大96售06,0,0,0,0,0,0,0,0,0,2000,0,0,0,2000,0,2000,2000
059205,元石油元大99購01,0,0,0,0,0,0,0,0,0,2000,0,0,0,2000,0,2000,2000
059227,臺股指元大99購20,0,0,0,0,0,0,0,0,0,2000,0,0,0,2000,0,2000,2000
06018P,康控凱基96售03  ,0,0,0,0,0,0,0,0,0,2000,0,0,0,2000,0,2000,2000
06062P,宏達電元富97售01,0,0,0,0,0,0,0,0,0,2000,0,0,0,2000,0,2000,2000
05946P,和碩中信96售01  ,0,0,0,0,0,0,0,0,0,2000,0,0,0,2000,0,2000,2000
048685,T50反1第一94購01,0,0,0,0,0,0,0,0,0,2000,0,0,0,2000,0,2000,2000
04756P,大立光元富94售08,0,0,0,0,0,0,0,0,0,2000,0,0,0,2000,0,2000,2000
04774P,金融類元大94售02,0,0,0,0,0,0,0,0,0,2000,0,0,0,2000,0,2000,2000
047630,元油反元大96購02,0,0,0,0,0,0,0,0,0,2000,0,0,0,2000,0,2000,2000
04953P,台積電群益94售13,0,0,0,0,0,0,0,0,0,2000,0,0,0,2000,0,2000,2000
049552,鴻海國泰96購01  ,0,0,0,0,0,0,0,0,0,2000,0,0,0,2000,0,2000,2000
04893P,創意元大94售03  ,0,0,0,0,0,0,0,0,0,2000,0,0,0,2000,0,2000,2000
04830P,大立光凱基94售15,0,0,0,0,0,0,0,0,0,2000,0,0,0,2000,0,2000,2000
053149,京元電元大96購02,0,0,0,0,0,0,0,0,0,2000,0,0,0,10000,8000,2000,2000
053462,元油反富邦97購02,0,0,0,0,0,0,0,0,0,2000,0,0,0,2000,0,2000,2000
047436,台積電元大94購02,0,0,0,0,0,0,0,0,0,2000,0,0,0,4000,2000,2000,2000
04744P,臻鼎元富94售04  ,0,0,0,0,0,0,0,0,0,2000,0,0,0,2000,0,2000,2000
050694,國巨凱基96購03  ,0,0,0,0,0,0,0,0,0,2000,0,0,0,2000,0,2000,2000
050902,南電元大96購01  ,0,0,0,0,0,0,0,0,0,2000,0,0,0,2000,0,2000,2000
050779,超眾元大96購03  ,0,0,0,0,0,0,0,0,0,2000,0,0,0,30000,28000,2000,2000
04234P,華通群益94售02  ,0,0,0,0,0,0,0,0,0,2000,0,0,0,2000,0,2000,2000
04232P,可成亞東93售02  ,0,0,0,0,0,0,0,0,0,2000,0,0,0,2000,0,2000,2000
03567P,可成凱基02售06  ,0,0,0,0,0,0,0,0,0,2000,0,0,0,2000,0,2000,2000
04640P,上銀凱基94售05  ,0,0,0,0,0,0,0,0,0,2000,0,0,0,3000,1000,2000,2000
04480P,微星兆豐94售01  ,0,0,0,0,0,0,0,0,0,2000,0,0,0,2000,0,2000,2000
04559P,華通凱基94售03  ,0,0,0,0,0,0,0,0,0,2000,0,0,0,2000,0,2000,2000
04569P,聯詠兆豐94售01  ,0,0,0,0,0,0,0,0,0,2000,0,0,0,4000,2000,2000,2000
03010X,元展10          ,0,0,0,0,0,0,0,0,0,2000,0,0,0,4000,2000,2000,2000
04408P,台積電統一94售06,0,0,0,0,0,0,0,0,0,2000,0,0,0,2000,0,2000,2000
00766L,台新MSCI中國正2 ,0,0,0,0,0,0,0,0,0,2000,0,0,0,10000,8000,2000,2000
6581,鋼聯            ,3000,1000,2000,0,0,0,0,0,0,0,0,0,0,0,0,0,2000
2838,聯邦銀          ,444600,423000,21600,0,0,0,0,0,0,-20000,0,20000,-20000,0,0,0,1600
6666,羅麗芬-KY       ,5000,3700,1300,0,0,0,0,0,0,0,0,0,0,0,0,0,1300
2722,夏都            ,0,0,0,0,0,0,0,0,0,1000,1000,0,1000,0,0,0,1000
2923,鼎固-KY         ,1000,0,1000,0,0,0,0,0,0,0,0,0,0,0,0,0,1000
2491,吉祥全          ,4000,3000,1000,0,0,0,0,0,0,0,0,0,0,0,0,0,1000
2538,基泰            ,71000,70000,1000,0,0,0,0,0,0,0,0,0,0,0,0,0,1000
6024,群益期          ,37000,36000,1000,0,0,0,0,0,0,0,0,0,0,0,0,0,1000
6235,華孚            ,45000,44000,1000,0,0,0,0,0,0,0,0,0,0,0,0,0,1000
1810,和成            ,60000,59000,1000,0,0,0,0,0,0,0,0,0,0,0,0,0,1000
2009,第一銅          ,7000,6000,1000,0,0,0,0,0,0,0,0,0,0,0,0,0,1000
059149,臺股指國票99購12,0,0,0,0,0,0,0,0,0,1000,0,0,0,2000,1000,1000,1000
06861P,台積電國票99售08,0,0,0,0,0,0,0,0,0,1000,0,0,0,1000,0,1000,1000
08447P,緯穎永豐9C售02  ,0,0,0,0,0,0,0,0,0,1000,0,0,0,1000,0,1000,1000
08637P,台灣50中信96售03,0,0,0,0,0,0,0,0,0,1000,0,0,0,1000,0,1000,1000
07263P,台積電元大99售37,0,0,0,0,0,0,0,0,0,1000,0,0,0,1000,0,1000,1000
06535P,可成群益99售02  ,0,0,0,0,0,0,0,0,0,1000,0,0,0,5000,4000,1000,1000
07239P,台灣50國票9A售04,0,0,0,0,0,0,0,0,0,1000,0,0,0,41000,40000,1000,1000
08801P,聯發科元大01售13,0,0,0,0,0,0,0,0,0,1000,0,0,0,1000,0,1000,1000
08679P,台灣50元大01售15,0,0,0,0,0,0,0,0,0,1000,0,0,0,1000,0,1000,1000
05698P,群創凱基96售01  ,0,0,0,0,0,0,0,0,0,1000,0,0,0,1000,0,1000,1000
056996,矽力日盛99購01  ,0,0,0,0,0,0,0,0,0,1000,0,0,0,1000,0,1000,1000
057054,立積元大98購03  ,0,0,0,0,0,0,0,0,0,1000,0,0,0,1000,0,1000,1000
058902,聯發科元大99購15,0,0,0,0,0,0,0,0,0,1000,0,0,0,1000,0,1000,1000
058796,可成元大99購04  ,0,0,0,0,0,0,0,0,0,1000,0,0,0,1000,0,1000,1000
05878P,創意群益98售01  ,0,0,0,0,0,0,0,0,0,1000,0,0,0,1000,0,1000,1000
06212P,華新科元大97售11,0,0,0,0,0,0,0,0,0,1000,0,0,0,1000,0,1000,1000
058878,旭富國泰9B購01  ,0,0,0,0,0,0,0,0,0,1000,0,0,0,1000,0,1000,1000
05887P,友達元富99售03  ,0,0,0,0,0,0,0,0,0,1000,0,0,0,1000,0,1000,1000
06846P,美律元大98售05  ,0,0,0,0,0,0,0,0,0,1000,0,0,0,1000,0,1000,1000
06955P,臻鼎元富99售01  ,0,0,0,0,0,0,0,0,0,1000,0,0,0,4000,3000,1000,1000
06966P,健策台新9A售02  ,0,0,0,0,0,0,0,0,0,1000,0,0,0,1000,0,1000,1000
07003P,聯發科兆豐99售02,0,0,0,0,0,0,0,0,0,1000,0,0,0,1000,0,1000,1000
06441P,台積電凱基98售08,0,0,0,0,0,0,0,0,0,1000,0,0,0,1000,0,1000,1000
06446P,大立光凱基98售10,0,0,0,0,0,0,0,0,0,1000,0,0,0,1000,0,1000,1000
06471P,臺股指凱基99售11,0,0,0,0,0,0,0,0,0,1000,0,0,0,1000,0,1000,1000
06489P,台積電元富98售06,0,0,0,0,0,0,0,0,0,1000,0,0,0,81000,80000,1000,1000
06498P,臺股指元大9A售03,0,0,0,0,0,0,0,0,0,1000,0,0,0,14000,13000,1000,1000
06581P,南亞科凱基98售04,0,0,0,0,0,0,0,0,0,1000,0,0,0,1000,0,1000,1000
06412P,南亞科日盛97售01,0,0,0,0,0,0,0,0,0,1000,0,0,0,1000,0,1000,1000
06247P,同欣電元富97售02,0,0,0,0,0,0,0,0,0,1000,0,0,0,1000,0,1000,1000
059310,元石油元大99購03,0,0,0,0,0,0,0,0,0,1000,0,0,0,1000,0,1000,1000
059316,國巨元大99購23  ,0,0,0,0,0,0,0,0,0,1000,0,0,0,24000,23000,1000,1000
058116,正崴中信99購02  ,0,0,0,0,0,0,0,0,0,1000,0,0,0,1000,0,1000,1000
06261P,上銀凱基97售03  ,0,0,0,0,0,0,0,0,0,1000,0,0,0,1000,0,1000,1000
058040,FBVIX元大98購01 ,0,0,0,0,0,0,0,0,0,1000,0,0,0,1000,0,1000,1000
058436,聯發科統一9B購03,0,0,0,0,0,0,0,0,0,1000,0,0,0,1000,0,1000,1000
06524P,臺股指麥證98售02,0,0,0,1000,0,1000,0,0,0,1000,0,0,0,1000,0,1000,1000
07120P,聯發科凱基99售09,0,0,0,0,0,0,0,0,0,1000,0,0,0,1000,0,1000,1000
07048P,台積電中信03售01,0,0,0,0,0,0,0,0,0,1000,0,0,0,1000,0,1000,1000
07071P,立積元富99售01  ,0,0,0,0,0,0,0,0,0,1000,0,0,0,1000,0,1000,1000
07090P,台灣50凱基01售01,0,0,0,0,0,0,0,0,0,1000,0,0,0,1000,0,1000,1000
06174P,國巨元大97售07  ,0,0,0,0,0,0,0,0,0,1000,0,0,0,1000,0,1000,1000
06152P,玉晶光元大98售06,0,0,0,0,0,0,0,0,0,1000,0,0,0,1000,0,1000,1000
05750P,臺股指群益99售04,0,0,0,0,0,0,0,0,0,1000,0,0,0,1000,0,1000,1000
057513,智邦台新98購01  ,0,0,0,0,0,0,0,0,0,1000,0,0,0,31000,30000,1000,1000
057558,致新凱基98購01  ,0,0,0,0,0,0,0,0,0,1000,0,0,0,1000,0,1000,1000
058738,FBVIX中信03購04 ,0,0,0,0,0,0,0,0,0,1000,0,0,0,1000,0,1000,1000
05682P,大立光元大98售03,0,0,0,0,0,0,0,0,0,1000,0,0,0,11000,10000,1000,1000
05684P,臺股指元大96售09,0,0,0,0,0,0,0,0,0,1000,0,0,0,8000,7000,1000,1000
06538P,國巨凱基98售11  ,0,0,0,0,0,0,0,0,0,1000,0,0,0,1000,0,1000,1000
06550P,健策元大99售01  ,0,0,0,0,0,0,0,0,0,1000,0,0,0,1000,0,1000,1000
06557P,台積電兆豐98售02,0,0,0,0,0,0,0,0,0,1000,0,0,0,1000,0,1000,1000
056606,華新科富邦9A購02,0,0,0,0,0,0,0,0,0,1000,0,0,0,1000,0,1000,1000
058626,瑞昱國票9A購01  ,0,0,0,0,0,0,0,0,0,1000,0,0,0,1000,0,1000,1000
07228P,台灣50群益9B售06,0,0,0,0,0,0,0,0,0,1000,0,0,0,1000,0,1000,1000
06688P,鴻海中信02售01  ,0,0,0,0,0,0,0,0,0,1000,0,0,0,1000,0,1000,1000
07184P,台灣50元富01售01,0,0,0,0,0,0,0,0,0,1000,0,0,0,1000,0,1000,1000
06784P,臺股指元大98售01,0,0,0,0,0,0,0,0,0,1000,0,0,0,1000,0,1000,1000
06737P,台郡凱基98售07  ,0,0,0,0,0,0,0,0,0,1000,0,0,0,1000,0,1000,1000
06727P,台光電元大98售05,0,0,0,0,0,0,0,0,0,1000,0,0,0,1000,0,1000,1000
06759P,台積電元大98售17,0,0,0,0,0,0,0,0,0,1000,0,0,0,1000,0,1000,1000
06750P,聯發科元富02售03,0,0,0,0,0,0,0,0,0,1000,0,0,0,1000,0,1000,1000
06772P,國巨中信99售01  ,0,0,0,0,0,0,0,0,0,1000,0,0,0,1000,0,1000,1000
00767,FH美國金融股    ,0,0,0,0,0,0,0,0,0,1000,0,0,0,1000,0,1000,1000
00689R,國泰20年美債反1 ,0,0,0,0,0,0,0,0,0,1000,0,0,0,106000,105000,1000,1000
04415P,牧德元富94售05  ,0,0,0,0,0,0,0,0,0,1000,0,0,0,1000,0,1000,1000
04416P,牧德元富94售06  ,0,0,0,0,0,0,0,0,0,1000,0,0,0,2000,1000,1000,1000
006203,元大MSCI台灣    ,0,0,0,0,0,0,0,0,0,1000,0,0,0,2000,1000,1000,1000
00682U,元大美元指數    ,0,0,0,0,0,0,0,0,0,1000,0,0,0,3000,2000,1000,1000
00683L,元大美元指數正2 ,0,0,0,0,0,0,0,0,0,1000,0,0,0,5000,4000,1000,1000
04608P,晶相光永豐94售02,0,0,0,0,0,0,0,0,0,1000,0,0,0,1000,0,1000,1000
04595P,臺股指元大94售13,0,0,0,0,0,0,0,0,0,1000,0,0,0,1000,0,1000,1000
044864,道瓊反國票96購01,0,0,0,0,0,0,0,0,0,1000,0,0,0,1000,0,1000,1000
04479P,同欣電中信96售02,0,0,0,0,0,0,0,0,0,1000,0,0,0,3000,2000,1000,1000
04630P,嘉聯益元大95售02,0,0,0,0,0,0,0,0,0,1000,0,0,0,1000,0,1000,1000
03417B,臺股指凱基95熊19,0,0,0,0,0,0,0,0,0,1000,0,0,0,4000,3000,1000,1000
03419B,臺股指元富99熊03,0,0,0,0,0,0,0,0,0,1000,0,0,0,1000,0,1000,1000
03415B,臺股指元大93熊49,0,0,0,0,0,0,0,0,0,1000,0,0,0,41000,40000,1000,1000
03421B,臺股指元大99熊01,0,0,0,0,0,0,0,0,0,1000,0,0,0,1000,0,1000,1000
03425B,臺股指元大9A熊01,0,0,0,0,0,0,0,0,0,1000,0,0,0,1000,0,1000,1000
042711,台灣50國票93購01,0,0,0,0,0,0,0,0,0,1000,0,0,0,1000,0,1000,1000
03959P,義隆元富96售01  ,0,0,0,0,0,0,0,0,0,1000,0,0,0,1000,0,1000,1000
03647P,京元電元富95售02,0,0,0,0,0,0,0,0,0,1000,0,0,0,3000,2000,1000,1000
05045P,台積電永豐95售01,0,0,0,0,0,0,0,0,0,1000,0,0,0,1000,0,1000,1000
04388P,滬深2X凱基95售05,0,0,0,0,0,0,0,0,0,1000,0,0,0,1000,0,1000,1000
043973,元金2X元大94購02,0,0,0,0,0,0,0,0,0,1000,0,0,0,1000,0,1000,1000
05078P,義隆永豐95售01  ,0,0,0,0,0,0,0,0,0,1000,0,0,0,1000,0,1000,1000
050892,聯電元大96購02  ,0,0,0,0,0,0,0,0,0,1000,0,0,0,11000,10000,1000,1000
050904,臺股指元大95購11,0,0,0,0,0,0,0,0,0,1000,0,0,0,1000,0,1000,1000
04747P,臺股指元大94售22,0,0,0,0,0,0,0,0,0,1000,0,0,0,1000,0,1000,1000
046865,鴻海統一95購01  ,0,0,0,0,0,0,0,0,0,1000,0,0,0,1000,0,1000,1000
047014,元油反元大99購01,0,0,0,0,0,0,0,0,0,1000,0,0,0,1000,0,1000,1000
04719P,台達電凱基94售09,0,0,0,0,0,0,0,0,0,1000,0,0,0,1000,0,1000,1000
055954,南港元大97購02  ,0,0,0,0,0,0,0,0,0,1000,0,0,0,1000,0,1000,1000
056133,可成元大97購05  ,0,0,0,0,0,0,0,0,0,1000,0,0,0,1000,0,1000,1000
053547,台積電凱基96購14,0,0,0,0,0,0,0,0,0,1000,0,0,0,1000,0,1000,1000
053557,聯茂凱基96購04  ,0,0,0,0,0,0,0,0,0,1000,0,0,0,2000,1000,1000,1000
053332,創意永豐96購03  ,0,0,0,0,0,0,0,0,0,1000,0,0,0,1000,0,1000,1000
05588P,群創兆豐97售02  ,0,0,0,0,0,0,0,0,0,1000,0,0,0,1000,0,1000,1000
050189,旭富元大94購01  ,0,0,0,0,0,0,0,0,0,1000,0,0,0,1000,0,1000,1000
049564,聯電統一94購03  ,0,0,0,0,0,0,0,0,0,1000,0,0,0,1000,0,1000,1000
04957P,上証2X凱基96售02,0,0,0,0,0,0,0,0,0,1000,0,0,0,1000,0,1000,1000
049612,香港反中信96購01,0,0,0,0,0,0,0,0,0,1000,0,0,0,1000,0,1000,1000
050124,元金2X凱基95購01,0,0,0,0,0,0,0,0,0,1000,0,0,0,1000,0,1000,1000
04758P,國巨凱基94售03  ,0,0,0,0,0,0,0,0,0,1000,0,0,0,1000,0,1000,1000
04748P,臺股指元大94售23,0,0,0,0,0,0,0,0,0,1000,0,0,0,1000,0,1000,1000
04865P,台積電亞東95售01,0,0,0,0,0,0,0,0,0,1000,0,0,0,1000,0,1000,1000
048717,鴻海永豐94購02  ,0,0,0,0,0,0,0,0,0,1000,0,0,0,1000,0,1000,1000
047904,臺指反元大96購01,0,0,0,0,0,0,0,0,0,1000,0,0,0,10000,9000,1000,1000
05922P,京元電兆豐96售01,0,0,0,0,0,0,0,0,0,1000,0,0,0,23000,22000,1000,1000
05920P,力成元大96售04  ,0,0,0,0,0,0,0,0,0,1000,0,0,0,1000,0,1000,1000
06136P,華新科國泰99售02,0,0,0,0,0,0,0,0,0,1000,0,0,0,7000,6000,1000,1000
059182,台灣50台新9B購03,0,0,0,0,0,0,0,0,0,1000,0,0,0,1000,0,1000,1000
059269,臺股指中信9B購03,0,0,0,0,0,0,0,0,0,1000,0,0,0,1000,0,1000,1000
054540,泰鼎國票99購01  ,0,0,0,0,0,0,0,0,0,1000,0,0,0,1000,0,1000,1000
05177P,台積電凱基95售12,0,0,0,0,0,0,0,0,0,1000,0,0,0,1000,0,1000,1000
051728,道瓊反國票97購01,0,0,0,0,0,0,0,0,0,1000,0,0,0,1000,0,1000,1000
051731,聯電國票96購02  ,0,0,0,0,0,0,0,0,0,1000,0,0,0,1000,0,1000,1000
051613,S&P反1凱基96購01,0,0,0,0,0,0,0,0,0,1000,0,0,0,1000,0,1000,1000
054311,世芯凱基96購02  ,0,0,0,0,0,0,0,0,0,1000,0,0,0,1000,0,1000,1000
054775,復盛國票98購01  ,0,0,0,0,0,0,0,0,0,1000,0,0,0,1000,0,1000,1000
055421,玉晶光永豐98購04,0,0,0,0,0,0,0,0,0,1000,0,0,0,1000,0,1000,1000
055471,聯發科凱基97購04,0,0,0,0,0,0,0,0,0,1000,0,0,0,56000,55000,1000,1000
055498,大立光元大97購07,0,0,0,0,0,0,0,0,0,1000,0,0,0,1000,0,1000,1000
05365P,臺股指富邦95售05,0,0,0,0,0,0,0,0,0,1000,0,0,0,1000,0,1000,1000
05387P,鴻海元大95售21  ,0,0,0,0,0,0,0,0,0,1000,0,0,0,1000,0,1000,1000
05229P,台積電群益95售05,0,0,0,0,0,0,0,0,0,1000,0,0,0,1000,0,1000,1000
05212P,台積電國票96售04,0,0,0,0,0,0,0,0,0,1000,0,0,0,1000,0,1000,1000
05215P,台積電台新95售03,0,0,0,0,0,0,0,0,0,1000,0,0,0,1000,0,1000,1000
052080,康友元富98購02  ,0,0,0,0,0,0,0,0,0,1000,0,0,0,1000,0,1000,1000
056413,上証反中信9A購01,0,0,0,0,0,0,0,0,0,1000,0,0,0,1000,0,1000,1000
05638P,國巨統一96售04  ,0,0,0,0,0,0,0,0,0,1000,0,0,0,1000,0,1000,1000
052325,高股息中信99購01,0,0,0,0,0,0,0,0,0,1000,0,0,0,1000,0,1000,1000
052420,道瓊反國票9B購01,0,0,0,0,0,0,0,0,0,1000,0,0,0,1000,0,1000,1000
05289P,鴻海永豐95售05  ,0,0,0,0,0,0,0,0,0,1000,0,0,0,1000,0,1000,1000
05283P,健鼎元大95售04  ,0,0,0,0,0,0,0,0,0,1000,0,0,0,1000,0,1000,1000
055060,聯陽永豐97購01  ,0,0,0,0,0,0,0,0,0,1000,0,0,0,1000,0,1000,1000
05198P,牧德永豐95售02  ,0,0,0,0,0,0,0,0,0,1000,0,0,0,1000,0,1000,1000
053921,嘉晶國票97購03  ,0,0,0,0,0,0,0,0,0,1000,0,0,0,1000,0,1000,1000
05644P,大立光中信9A售03,0,0,0,0,0,0,0,0,0,1000,0,0,0,1000,0,1000,1000
054170,泰鼎凱基98購01  ,0,0,0,0,0,0,0,0,0,1000,0,0,0,1000,0,1000,1000
8467,波力-KY         ,1000,0,1000,0,0,0,0,0,0,0,0,0,0,0,0,0,1000
06773P,台灣50兆豐9A售01,0,0,0,0,0,0,0,0,0,0,0,10000,-10000,10000,0,10000,0
06742P,可成富邦99售02  ,0,0,0,0,0,0,0,0,0,0,0,0,0,1000,1000,0,0
057371,可成元大98購08  ,0,0,0,0,0,0,0,0,0,0,0,0,0,53000,53000,0,0
07162P,臺股指群益99售13,0,0,0,0,0,0,0,0,0,0,0,0,0,1000,1000,0,0
06711P,臺股指台新99售08,0,0,0,0,0,0,0,0,0,0,0,0,0,70000,70000,0,0
05674P,瑞昱群益96售02  ,0,0,0,0,0,0,0,0,0,0,0,0,0,10000,10000,0,0
058610,欣興元大99購05  ,0,0,0,0,0,0,0,0,0,0,0,0,0,3000,3000,0,0
058611,欣興元大99購06  ,0,0,0,0,0,0,0,0,0,0,0,0,0,4000,4000,0,0
058507,美律元大9A購01  ,0,0,0,0,0,0,0,0,0,0,0,0,0,21000,21000,0,0
056905,欣興元大98購03  ,0,0,0,0,0,0,0,0,0,0,0,0,0,7000,7000,0,0
05690P,友達中信96售02  ,0,0,0,0,0,0,0,0,0,0,0,0,0,10000,10000,0,0
057231,美律凱基98購05  ,0,0,0,0,0,0,0,0,0,0,0,0,0,2000,2000,0,0
05790P,臺股指永昌96售07,0,0,0,0,0,0,0,0,0,0,538000,0,538000,0,538000,-538000,0
057422,欣興凱基98購04  ,0,0,0,0,0,0,0,0,0,0,0,0,0,20000,20000,0,0
05777P,台積電統一96售04,0,0,0,0,0,0,0,0,0,0,0,0,0,1000,1000,0,0
05786P,臺股指永昌96售03,0,0,0,0,0,0,0,0,0,0,1206000,0,1206000,1000,1207000,-1206000,0
057670,欣興元大99購02  ,0,0,0,0,0,0,0,0,0,0,0,0,0,7000,7000,0,0
06151P,華新科元大97售07,0,0,0,0,0,0,0,0,0,0,0,0,0,10000,10000,0,0
06655P,TPK元大98售02   ,0,2000,-2000,0,0,0,0,0,0,2000,0,0,0,2000,0,2000,0
06193P,台積電元富97售04,0,0,0,0,0,0,0,0,0,0,0,0,0,160000,160000,0,0
06195P,台積電元富97售06,0,0,0,0,0,0,0,0,0,0,0,0,0,20000,20000,0,0
06198P,台積電元大98售06,0,0,0,0,0,0,0,0,0,0,0,0,0,10000,10000,0,0
058144,聯茂元大99購02  ,0,0,0,0,0,0,0,0,0,0,0,0,0,10000,10000,0,0
058207,南茂凱基99購01  ,0,0,0,0,0,0,0,0,0,0,0,0,0,5000,5000,0,0
07110P,台灣50群益9B售03,0,0,0,0,0,0,0,0,0,0,0,0,0,30000,30000,0,0
06519P,元油2X元大98售03,0,0,0,0,0,0,0,0,0,0,0,0,0,20000,20000,0,0
058321,大立光永豐99購01,0,0,0,0,0,0,0,0,0,0,0,0,0,15000,15000,0,0
059461,鈺齊永豐99購03  ,0,0,0,0,0,0,0,0,0,0,0,0,0,2000,2000,0,0
058417,國巨麥證99購01  ,0,0,0,0,10000,-10000,0,0,0,0,0,0,0,10000,10000,0,0
058019,美律凱基99購04  ,0,0,0,0,0,0,0,0,0,0,0,0,0,2000,2000,0,0
058091,欣興元大99購03  ,0,0,0,0,0,0,0,0,0,0,0,0,0,3000,3000,0,0
059004,嘉晶元大99購05  ,0,0,0,0,0,0,0,0,0,0,0,0,0,229000,229000,0,0
059013,臺股指元大9A購32,0,0,0,0,0,0,0,0,0,0,0,0,0,10000,10000,0,0
059324,智易元大99購04  ,0,0,0,0,0,0,0,0,0,0,0,0,0,30000,30000,0,0
057959,欣興元大98購14  ,0,0,0,0,0,0,0,0,0,0,0,0,0,7000,7000,0,0
057973,神達富邦9A購01  ,0,0,0,0,0,0,0,0,0,0,0,0,0,10000,10000,0,0
06406P,可成元富97售04  ,0,0,0,0,0,0,0,0,0,0,0,0,0,600000,600000,0,0
06494P,鴻海永昌98售03  ,0,0,0,0,0,0,0,0,0,0,0,0,0,67000,67000,0,0
06495P,華新科亞東9A售01,0,0,0,0,0,0,0,0,0,0,0,0,0,20000,20000,0,0
06970P,旺宏元大99售08  ,0,0,0,0,0,0,0,0,0,0,0,0,0,14000,14000,0,0
06942P,台灣50台新02售01,0,0,0,0,0,0,0,0,0,0,0,10000,-10000,10000,0,10000,0
07036P,台灣50台新9C售01,0,0,0,0,0,0,0,0,0,0,0,0,0,160000,160000,0,0
07038P,華新科台新99售01,0,0,0,0,0,0,0,0,0,0,0,0,0,40000,40000,0,0
058936,國喬中信99購01  ,0,0,0,0,0,0,0,0,0,0,0,0,0,4000,4000,0,0
05892P,大立光中信98售03,0,0,0,0,0,0,0,0,0,0,0,0,0,25000,25000,0,0
057013,聯發科麥證98購01,0,0,0,0,40000,-40000,0,0,0,0,0,0,0,40000,40000,0,0
05701P,彩晶凱基96售01  ,0,0,0,0,0,0,0,0,0,0,0,0,0,10000,10000,0,0
058969,亞德客永豐99購01,0,0,0,0,0,0,0,0,0,0,0,0,0,27000,27000,0,0
06876P,台灣50兆豐9B售01,0,0,0,0,0,0,0,0,0,0,0,10000,-10000,111000,101000,10000,0
06917P,聯電亞東99售01  ,0,0,0,0,0,0,0,0,0,0,0,0,0,200000,200000,0,0
2002A,中鋼特          ,0,0,0,0,0,0,0,0,0,0,5000,5000,0,0,0,0,0
1817,凱撒衛          ,21000,21000,0,0,0,0,0,0,0,0,0,0,0,0,0,0,0
1524,耿鼎            ,3000,3000,0,0,0,0,0,0,0,0,0,0,0,0,0,0,0
1539,巨庭            ,1000,1000,0,0,0,0,0,0,0,0,0,0,0,0,0,0,0
1568,倉佑            ,7000,7000,0,0,0,0,0,0,0,0,0,0,0,0,0,0,0
1724,台硝            ,1000,1000,0,0,0,0,0,0,0,0,0,0,0,0,0,0,0
6451,訊芯-KY         ,381000,372000,9000,0,0,0,0,0,0,-9000,0,2000,-2000,0,7000,-7000,0
4555,氣立            ,1000,1000,0,0,0,0,0,0,0,0,0,0,0,0,0,0,0
4557,永新-KY         ,5000,5000,0,0,0,0,0,0,0,0,0,0,0,0,0,0,0
3050,鈺德            ,22000,22000,0,0,0,0,0,0,0,0,0,0,0,0,0,0,0
05406P,台光電凱基95售02,0,0,0,0,0,0,0,0,0,0,0,0,0,10000,10000,0,0
054081,聯電元富96購01  ,0,0,0,0,0,0,0,0,0,0,0,0,0,200000,200000,0,0
05401P,聯茂永豐95售03  ,0,0,0,0,0,0,0,0,0,0,0,0,0,1000,1000,0,0
051982,深中小元大95購01,0,0,0,0,0,0,0,0,0,0,0,0,0,1000,1000,0,0
05183P,台積電元富95售07,0,0,0,0,0,0,0,0,0,0,0,0,0,20000,20000,0,0
055018,緯穎元富97購02  ,0,0,0,0,0,0,0,0,0,0,0,0,0,4000,4000,0,0
056477,欣興元大98購02  ,0,0,0,0,0,0,0,0,0,0,0,0,0,9000,9000,0,0
052746,泰碩元大97購01  ,0,0,0,0,0,0,0,0,0,0,0,0,0,10000,10000,0,0
052527,泰鼎元大96購02  ,0,0,0,0,0,0,0,0,0,0,0,0,0,10000,10000,0,0
052084,台泥元大95購01  ,0,0,0,0,0,0,0,0,0,0,0,0,0,10000,10000,0,0
052282,宏達電凱基95購05,0,0,0,0,0,0,0,0,0,0,0,0,0,94000,94000,0,0
05377P,鴻海凱基95售18  ,0,0,0,0,0,0,0,0,0,0,0,0,0,10000,10000,0,0
055719,可成元大97購03  ,0,0,0,0,0,0,0,0,0,0,0,0,0,16000,16000,0,0
055720,宏達電元大97購05,0,0,0,0,0,0,0,0,0,0,0,0,0,51000,51000,0,0
055714,智邦元大97購03  ,0,0,0,0,0,0,0,0,0,0,0,0,0,42000,42000,0,0
055715,智邦元大97購04  ,0,0,0,0,0,0,0,0,0,0,0,0,0,9000,9000,0,0
05479P,華新科台新96售01,0,0,0,0,0,0,0,0,0,0,0,0,0,10000,10000,0,0
05485P,旺宏凱基95售08  ,0,0,0,0,0,0,0,0,0,0,0,0,0,5000,5000,0,0
051643,瑞昱康和95購01  ,0,0,0,0,0,0,0,0,0,0,0,0,0,100000,100000,0,0
054424,大成鋼富邦97購02,0,0,0,0,0,0,0,0,0,0,0,0,0,120000,120000,0,0
054656,深中小元大97購01,0,0,0,0,0,0,0,0,0,0,0,0,0,1000,1000,0,0
059272,台灣50元大99購01,0,0,0,0,0,0,0,0,0,0,0,0,0,41000,41000,0,0
059169,可成凱基99購04  ,0,0,0,0,0,0,0,0,0,0,0,0,0,30000,30000,0,0
059213,國巨元大99購19  ,0,0,0,0,0,0,0,0,0,0,0,0,0,10000,10000,0,0
05981P,可成永昌98售02  ,0,0,0,0,0,0,0,0,0,0,0,0,0,10000,10000,0,0
04863P,技嘉元大94售02  ,0,0,0,0,0,0,0,0,0,0,0,0,0,5000,5000,0,0
048811,鴻海日盛94購01  ,0,0,0,0,0,0,0,0,0,0,0,0,0,50000,50000,0,0
05127P,鴻海亞東96售01  ,0,0,0,0,0,0,0,0,0,0,0,0,0,840000,840000,0,0
051210,S&P反1統一97購01,0,4000,-4000,0,0,0,0,0,0,4000,0,0,0,4000,0,4000,0
05012P,台積電元大95售07,0,0,0,0,0,0,0,0,0,0,0,0,0,100000,100000,0,0
050035,聯茂元大94購07  ,0,0,0,0,0,0,0,0,0,0,0,0,0,1000,1000,0,0
04938P,亞德客國票95售01,0,0,0,0,0,0,0,0,0,0,0,0,0,40000,40000,0,0
048937,玉晶光永豐95購01,0,0,0,0,0,0,0,0,0,0,0,0,0,400000,400000,0,0
04810P,亞德客元大94售01,0,0,0,0,0,0,0,0,0,0,0,0,0,10000,10000,0,0
04811P,上銀元大94售02  ,0,0,0,0,0,0,0,0,0,0,0,0,0,20000,20000,0,0
04857P,美律元富94售01  ,0,0,0,0,0,0,0,0,0,0,0,0,0,50000,50000,0,0
05579P,友達凱基98售03  ,0,0,0,0,0,0,0,0,0,0,0,0,0,10000,10000,0,0
05321P,鴻海凱基95售17  ,0,0,0,0,0,0,0,0,0,0,0,0,0,10000,10000,0,0
056171,鴻海元富97購10  ,0,0,0,0,0,0,0,0,0,0,0,0,0,70000,70000,0,0
055910,瑞昱凱基98購01  ,0,0,0,0,0,0,0,0,0,0,0,0,0,10000,10000,0,0
047350,華新科凱基94購02,0,0,0,0,0,0,0,0,0,0,0,0,0,20000,20000,0,0
050795,超眾富邦94購01  ,0,0,0,0,0,0,0,0,0,0,0,0,0,93000,93000,0,0
05072P,聯電元富95售02  ,0,0,0,0,0,0,0,0,0,0,0,0,0,200000,200000,0,0
04365P,台積電元富95售02,0,0,0,0,0,0,0,0,0,0,0,0,0,40000,40000,0,0
050495,大立光永昌96購01,0,0,0,0,0,0,0,0,0,0,0,0,0,20000,20000,0,0
04233P,儒鴻兆豐93售01  ,0,0,0,0,0,0,0,0,0,0,0,0,0,10000,10000,0,0
04285P,超眾永豐93售04  ,0,0,0,0,0,0,0,0,0,0,0,0,0,10000,10000,0,0
03038X,元展35          ,0,14000,-14000,0,0,0,0,0,0,14000,0,0,0,14000,0,14000,0
04476P,玉晶光元大94售05,0,0,0,0,0,0,0,0,0,0,0,0,0,90000,90000,0,0
04508P,臺股指元大94售03,0,0,0,0,0,0,0,0,0,0,0,0,0,150000,150000,0,0
04568P,瑞昱兆豐94售02  ,0,0,0,0,0,0,0,0,0,0,0,0,0,1000,1000,0,0
00688L,國泰20年美債正2 ,0,0,0,0,0,0,0,0,0,0,0,0,0,161000,161000,0,0
00668K,國泰美國道瓊+U  ,0,0,0,0,0,0,0,0,0,0,0,0,0,100,100,0,0
00657K,國泰日經225+U   ,0,0,0,0,0,0,0,0,0,0,0,0,0,100,100,0,0
00625K,富邦上証+R      ,0,0,0,0,0,0,0,0,0,0,0,0,0,50000,50000,0,0
00636K,國泰中國A50+U   ,0,0,0,0,0,0,0,0,0,0,0,0,0,100,100,0,0
044249,T50反1中信94購01,0,0,0,0,0,0,0,0,0,0,0,0,0,100000,100000,0,0
00866,新光Shiller CAPE,0,0,0,0,0,0,0,0,0,0,0,0,0,37000,37000,0,0
00774B,新光中國政金綠債,0,0,0,0,0,0,0,0,0,0,0,0,0,2000,2000,0,0
00775B,新光投等債15+   ,0,0,0,0,0,0,0,0,0,0,0,0,0,2000,2000,0,0
00776,新光ICE美國權值 ,0,0,0,0,0,0,0,0,0,0,0,0,0,1000,1000,0,0
00691R,兆豐藍籌30反1   ,0,0,0,0,0,0,0,0,0,0,0,0,0,1000,1000,0,0
1109,信大            ,61000,62800,-1800,0,0,0,0,0,0,1000,1000,0,1000,0,0,0,-800
1225,福懋油          ,3000,4000,-1000,0,0,0,0,0,0,0,0,0,0,0,0,0,-1000
1236,宏亞            ,0,1000,-1000,0,0,0,0,0,0,0,0,0,0,0,0,0,-1000
07250P,台灣50永豐99售07,0,0,0,0,0,0,0,0,0,-1000,0,0,0,0,1000,-1000,-1000
058852,貿聯群益99購04  ,0,0,0,0,0,0,0,0,0,-1000,0,0,0,0,1000,-1000,-1000
1533,車王電          ,10000,11000,-1000,0,0,0,0,0,0,0,0,0,0,0,0,0,-1000
1530,亞崴            ,0,0,0,0,0,0,0,0,0,-1000,0,1000,-1000,0,0,0,-1000
2114,鑫永銓          ,2000,3000,-1000,0,0,0,0,0,0,0,0,0,0,0,0,0,-1000
059145,創意國票99購02  ,0,0,0,0,0,0,0,0,0,-1000,0,0,0,0,1000,-1000,-1000
1436,華友聯          ,0,1000,-1000,0,0,0,0,0,0,0,0,0,0,0,0,0,-1000
1453,大將            ,1000,2000,-1000,0,0,0,0,0,0,0,0,0,0,0,0,0,-1000
3040,遠見            ,1000,2000,-1000,0,0,0,0,0,0,0,0,0,0,0,0,0,-1000
2739,寒舍            ,0,1000,-1000,0,0,0,0,0,0,0,0,0,0,0,0,0,-1000
2545,皇翔            ,49000,50000,-1000,0,0,0,0,0,0,0,0,0,0,0,0,0,-1000
2701,萬企            ,8000,9000,-1000,0,0,0,0,0,0,0,0,0,0,0,0,0,-1000
4755,三福化          ,0,1000,-1000,0,0,0,0,0,0,0,0,0,0,0,0,0,-1000
3686,達能            ,0,1000,-1000,0,0,0,0,0,0,0,0,0,0,0,0,0,-1000
6442,光聖            ,1000,2000,-1000,0,0,0,0,0,0,0,0,0,0,0,0,0,-1000
6205,詮欣            ,1000,2000,-1000,0,0,0,0,0,0,0,0,0,0,0,0,0,-1000
6117,迎廣            ,0,1000,-1000,0,0,0,0,0,0,0,0,0,0,0,0,0,-1000
4999,鑫禾            ,7000,8000,-1000,0,0,0,0,0,0,0,0,0,0,0,0,0,-1000
5538,東明-KY         ,0,1000,-1000,0,0,0,0,0,0,0,0,0,0,0,0,0,-1000
07030P,鈺齊群益99售01  ,0,0,0,0,0,0,0,0,0,-1000,0,0,0,10000,11000,-1000,-1000
059076,FBVIX元大99購04 ,0,0,0,0,0,0,0,0,0,-1000,0,0,0,1000,2000,-1000,-1000
06969P,上銀元大99售02  ,0,0,0,0,0,0,0,0,0,-1000,0,0,0,0,1000,-1000,-1000
06423P,亞光台新97售01  ,0,0,0,0,0,0,0,0,0,-1000,0,0,0,2000,3000,-1000,-1000
06309P,光罩元富97售03  ,0,0,0,0,0,0,0,0,0,-1000,0,0,0,0,1000,-1000,-1000
057961,茂林元大9A購01  ,0,0,0,0,0,0,0,0,0,-1000,0,0,0,0,1000,-1000,-1000
059332,台灣50國票9A購07,0,0,0,0,0,0,0,0,0,-1000,0,0,0,10000,11000,-1000,-1000
059314,上銀元大99購03  ,0,0,0,0,0,0,0,0,0,-1000,0,0,0,0,1000,-1000,-1000
05929P,宏達電康和96售01,0,0,0,0,0,0,0,0,0,-1000,0,0,0,0,1000,-1000,-1000
059009,世紀鋼元大99購04,0,0,0,0,0,0,0,0,0,-1000,0,0,0,0,1000,-1000,-1000
059010,臺股指元大99購12,0,0,0,0,0,0,0,0,0,-1000,0,0,0,0,1000,-1000,-1000
058355,旺宏凱基99購04  ,0,0,0,0,0,0,0,0,0,-1000,0,0,0,0,1000,-1000,-1000
07088P,訊芯永豐99售02  ,0,0,0,0,0,0,0,0,0,-1000,0,0,0,0,1000,-1000,-1000
07044P,台積電元大99售13,0,0,0,0,0,0,0,0,0,-1000,0,0,0,0,1000,-1000,-1000
059437,京鼎元大99購02  ,0,0,0,0,0,0,0,0,0,-1000,0,0,0,0,1000,-1000,-1000
059442,祥碩元大99購03  ,0,0,0,0,0,0,0,0,0,-1000,0,0,0,1000,2000,-1000,-1000
06201P,可成元大97售01  ,0,0,0,0,0,0,0,0,0,-1000,0,0,0,0,1000,-1000,-1000
057663,國巨元大99購08  ,0,0,0,0,0,0,0,0,0,-1000,0,0,0,0,1000,-1000,-1000
057152,緯穎國票99購03  ,0,0,0,0,0,0,0,0,0,-1000,0,0,0,0,1000,-1000,-1000
057205,元翎元富98購01  ,0,0,0,0,0,0,0,0,0,-1000,0,0,0,0,1000,-1000,-1000
058704,台積電元大99購17,0,0,0,0,0,0,0,0,0,-1000,0,0,0,0,1000,-1000,-1000
07235P,T50正2元大9C售02,0,0,0,0,0,0,0,0,0,-1000,0,0,0,0,1000,-1000,-1000
07204P,鴻海凱基99售10  ,0,0,0,0,0,0,0,0,0,-1000,0,0,0,0,1000,-1000,-1000
07207P,台積電凱基99售13,0,0,0,0,0,0,0,0,0,-1000,0,0,0,18000,19000,-1000,-1000
057276,全新元大99購03  ,0,0,0,0,0,0,0,0,0,-1000,0,0,0,0,1000,-1000,-1000
06743P,創意永豐98售03  ,0,0,0,0,0,0,0,0,0,-1000,0,0,0,0,1000,-1000,-1000
0053,元大電子        ,0,0,0,0,0,0,0,0,0,-1000,0,0,0,1000,2000,-1000,-1000
045678,華新科元大95購01,0,0,0,0,0,0,0,0,0,-1000,0,0,0,30000,31000,-1000,-1000
04578P,微星富邦96售01  ,0,0,0,0,0,0,0,0,0,-1000,0,0,0,10000,11000,-1000,-1000
03416B,臺股指凱基95熊05,0,0,0,0,0,0,0,0,0,-1000,0,0,0,9000,10000,-1000,-1000
036629,智邦台新99購01  ,0,0,0,0,0,0,0,0,0,-1000,0,0,0,0,1000,-1000,-1000
03676C,臺股指元大04牛03,0,0,0,0,0,0,0,0,0,-1000,0,0,0,0,1000,-1000,-1000
03960P,新日興元富96售02,0,0,0,0,0,0,0,0,0,-1000,0,0,0,0,1000,-1000,-1000
050759,貿聯元富94購02  ,0,0,0,0,0,0,0,0,0,-1000,0,0,0,0,1000,-1000,-1000
051082,上証2X元大98購01,0,0,0,0,0,0,0,0,0,-1000,0,0,0,0,1000,-1000,-1000
053568,智伸科富邦98購01,0,0,0,0,0,0,0,0,0,-1000,0,0,0,0,1000,-1000,-1000
048583,智原富邦98購01  ,0,0,0,0,0,0,0,0,0,-1000,0,0,0,0,1000,-1000,-1000
048594,泰鼎群益93購02  ,0,0,0,0,0,0,0,0,0,-1000,0,0,0,0,1000,-1000,-1000
04840P,大立光元大94售18,0,0,0,0,0,0,0,0,0,-1000,0,0,0,0,1000,-1000,-1000
04898P,瑞儀中信95售01  ,0,0,0,0,0,0,0,0,0,-1000,0,0,0,0,1000,-1000,-1000
049108,玉晶光富邦96購02,0,0,0,0,0,0,0,0,0,-1000,0,0,0,0,1000,-1000,-1000
049928,祥碩元大94購02  ,0,0,0,0,0,0,0,0,0,-1000,0,0,0,0,1000,-1000,-1000
051481,聯詠凱基95購02  ,0,0,0,0,0,0,0,0,0,-1000,0,0,0,0,1000,-1000,-1000
04755P,大立光元富94售07,0,0,0,0,0,0,0,0,0,-1000,0,0,0,0,1000,-1000,-1000
048898,晶相光國泰96購01,0,0,0,0,0,0,0,0,0,-1000,0,0,0,1000,2000,-1000,-1000
06077P,GIS凱基97售02   ,0,0,0,0,0,0,0,0,0,-1000,0,0,0,0,1000,-1000,-1000
06082P,華通統一98售01  ,0,0,0,0,0,0,0,0,0,-1000,0,0,0,0,1000,-1000,-1000
059477,FBVIX群益99購01 ,0,0,0,0,0,0,0,0,0,-1000,0,0,0,0,1000,-1000,-1000
054731,S&P反1凱基98購01,0,0,0,0,0,0,0,0,0,-1000,0,0,0,10000,11000,-1000,-1000
059385,滬深2X凱基9C購03,0,0,0,0,0,0,0,0,0,-1000,0,0,0,0,1000,-1000,-1000
05464P,華通康和95售02  ,0,0,0,0,0,0,0,0,0,-1000,0,0,0,0,1000,-1000,-1000
054718,可成永豐97購01  ,0,0,0,0,0,0,0,0,0,-1000,0,0,0,0,1000,-1000,-1000
054361,技嘉凱基96購01  ,0,0,0,0,0,0,0,0,0,-1000,0,0,0,0,1000,-1000,-1000
054446,美食兆豐97購01  ,0,0,0,0,0,0,0,0,0,-1000,0,0,0,0,1000,-1000,-1000
054325,奇力新台新97購03,0,0,0,0,0,0,0,0,0,-1000,0,0,0,0,1000,-1000,-1000
054905,國揚康和97購01  ,0,0,0,0,0,0,0,0,0,-1000,0,0,0,0,1000,-1000,-1000
055593,華新科元大97購10,0,0,0,0,0,0,0,0,0,-1000,0,0,0,0,1000,-1000,-1000
055480,元上證元大97購02,0,0,0,0,0,0,0,0,0,-1000,0,0,0,0,1000,-1000,-1000
056301,開發金元大9A購01,0,0,0,0,0,0,0,0,0,-1000,0,0,0,0,1000,-1000,-1000
05227P,大立光統一95售04,0,0,0,0,0,0,0,0,0,-1000,0,0,0,0,1000,-1000,-1000
056367,祥碩元大98購01  ,0,0,0,0,0,0,0,0,0,-1000,0,0,0,0,1000,-1000,-1000
056376,玉晶光統一98購01,0,0,0,0,0,0,0,0,0,-1000,0,0,0,0,1000,-1000,-1000
052353,高鐵群益97購01  ,0,0,0,0,0,0,0,0,0,-1000,0,0,0,0,1000,-1000,-1000
052724,力成統一97購01  ,0,0,0,0,0,0,0,0,0,-1000,0,0,0,0,1000,-1000,-1000
052568,漢唐凱基96購02  ,0,0,0,0,0,0,0,0,0,-1000,0,0,0,0,1000,-1000,-1000
056540,聯詠凱基98購02  ,0,0,0,0,0,0,0,0,0,-1000,0,0,0,0,1000,-1000,-1000
056588,聯發科統一9A購02,0,0,0,0,0,0,0,0,0,-1000,0,0,0,0,1000,-1000,-1000
05524P,瀚宇博國票97售02,0,0,0,0,0,0,0,0,0,-1000,0,0,0,0,1000,-1000,-1000
055325,佐登國票98購01  ,0,0,0,0,0,0,0,0,0,-1000,0,0,0,0,1000,-1000,-1000
051845,世紀鋼富邦96購01,0,0,0,0,0,0,0,0,0,-1000,0,0,0,0,1000,-1000,-1000
051940,康舒群益95購01  ,0,0,0,0,0,0,0,0,0,-1000,0,0,0,0,1000,-1000,-1000
052067,中磊兆豐96購01  ,0,0,0,0,0,0,0,0,0,-1000,0,0,0,0,1000,-1000,-1000
8481,政伸            ,0,1000,-1000,0,0,0,0,0,0,0,0,0,0,0,0,0,-1000
8488,吉源-KY         ,1000,2000,-1000,0,0,0,0,0,0,0,0,0,0,0,0,0,-1000
9906,欣巴巴          ,1000,2000,-1000,0,0,0,0,0,0,0,0,0,0,0,0,0,-1000
9912,偉聯            ,0,1000,-1000,0,0,0,0,0,0,0,0,0,0,0,0,0,-1000
9931,欣高            ,0,1000,-1000,0,0,0,0,0,0,0,0,0,0,0,0,0,-1000
9918,欣天然          ,0,1000,-1000,0,0,0,0,0,0,0,0,0,0,0,0,0,-1000
6671,三能-KY         ,0,1000,-1000,0,0,0,0,0,0,0,0,0,0,0,0,0,-1000
6605,帝寶            ,14000,15000,-1000,0,0,0,0,0,0,0,0,0,0,0,0,0,-1000
6625,必應            ,0,1000,-1000,0,0,0,0,0,0,0,0,0,0,0,0,0,-1000
8101,華冠            ,54000,55000,-1000,0,0,0,0,0,0,0,0,0,0,0,0,0,-1000
8072,陞泰            ,0,1000,-1000,0,0,0,0,0,0,0,0,0,0,0,0,0,-1000
8443,阿瘦            ,1000,2000,-1000,0,0,0,0,0,0,0,0,0,0,0,0,0,-1000
00657,國泰日經225     ,0,0,0,0,0,0,0,0,0,-1142,0,0,0,102000,103142,-1142,-1142
06757P,台灣50元大9B售01,0,0,0,0,0,0,0,0,0,-2000,0,0,0,4000,6000,-2000,-2000
057278,可成元大98購06  ,0,0,0,0,0,0,0,0,0,-2000,0,0,0,0,2000,-2000,-2000
06674P,祥碩群益98售02  ,0,0,0,0,0,0,0,0,0,-2000,0,0,0,1000,3000,-2000,-2000
058581,大立光群益99購05,0,0,0,0,0,0,0,0,0,-2000,0,0,0,0,2000,-2000,-2000
058600,國巨元大99購15  ,0,0,0,0,0,0,0,0,0,-2000,0,0,0,0,2000,-2000,-2000
058747,友達凱基9A購03  ,0,0,0,0,0,0,0,0,0,-2000,0,0,0,0,2000,-2000,-2000
057491,美食元大98購03  ,0,0,0,0,0,0,0,0,0,-2000,0,0,0,0,2000,-2000,-2000
06168P,台表科國票97售06,0,0,0,0,0,0,0,0,0,-2000,0,0,0,0,2000,-2000,-2000
059398,滬深2X元富9C購02,0,0,0,0,0,0,0,0,0,-2000,0,0,0,0,2000,-2000,-2000
07095P,台灣50元大9C售03,0,0,0,0,0,0,0,0,0,-2000,0,0,0,0,2000,-2000,-2000
06507P,台表科國票99售01,0,0,0,0,0,0,0,0,0,-2000,0,0,0,2000,4000,-2000,-2000
059305,台灣50元大99購02,0,0,0,0,0,0,0,0,0,-2000,0,0,0,3000,5000,-2000,-2000
059323,新日興元大99購02,0,0,0,0,0,0,0,0,0,-2000,0,0,0,0,2000,-2000,-2000
058011,台虹國票99購01  ,0,0,0,0,0,0,0,0,0,-2000,0,0,0,0,2000,-2000,-2000
06301P,臺股指元大97售04,0,0,0,0,0,0,0,0,0,-2000,0,0,0,0,2000,-2000,-2000
6405,悅城            ,0,2000,-2000,0,0,0,0,0,0,0,0,0,0,0,0,0,-2000
3591,艾笛森          ,17000,19000,-2000,0,0,0,0,0,0,0,0,0,0,0,0,0,-2000
3130,一零四          ,0,2000,-2000,0,0,0,0,0,0,0,0,0,0,0,0,0,-2000
4956,光鋐            ,25000,27000,-2000,0,0,0,0,0,0,0,0,0,0,0,0,0,-2000
4108,懷特            ,43000,45000,-2000,0,0,0,0,0,0,0,0,0,0,0,0,0,-2000
059088,台積電元大99購27,0,0,0,0,0,0,0,0,0,-2000,0,0,0,0,2000,-2000,-2000
2008,高興昌          ,0,2000,-2000,0,0,0,0,0,0,0,0,0,0,0,0,0,-2000
1725,元禎            ,1000,3000,-2000,0,0,0,0,0,0,0,0,0,0,0,0,0,-2000
1776,展宇            ,0,2000,-2000,0,0,0,0,0,0,0,0,0,0,0,0,0,-2000
058874,聯鈞國票9A購01  ,0,0,0,0,0,0,0,0,0,-2000,0,0,0,3000,5000,-2000,-2000
057052,華擎元大98購01  ,0,0,0,0,0,0,0,0,0,-2000,0,0,0,0,2000,-2000,-2000
058913,元油2X元富01購01,0,0,0,0,0,0,0,0,0,-2000,0,0,0,0,2000,-2000,-2000
1341,富林-KY         ,0,0,0,0,0,0,0,0,0,-2000,0,2000,-2000,0,0,0,-2000
1419,新紡            ,1000,3000,-2000,0,0,0,0,0,0,0,0,0,0,0,0,0,-2000
1414,東和            ,3000,5000,-2000,0,0,0,0,0,0,0,0,0,0,0,0,0,-2000
0054,元大台商50      ,0,0,0,0,0,0,0,0,0,-2000,0,0,0,1000,3000,-2000,-2000
0051,元大中型100     ,0,0,0,0,0,0,0,0,0,-2000,0,0,0,0,2000,-2000,-2000
03052X,元展49          ,0,0,0,0,0,0,0,0,0,-2000,0,0,0,0,2000,-2000,-2000
04562P,南亞科凱基94售02,0,0,0,0,0,0,0,0,0,-2000,0,0,0,1000,3000,-2000,-2000
050948,華固群益95購01  ,0,0,0,0,0,0,0,0,0,-2000,0,0,0,0,2000,-2000,-2000
050722,聯電國票96購01  ,0,0,0,0,0,0,0,0,0,-2000,0,0,0,3000,5000,-2000,-2000
050503,聯發科凱基94購22,0,0,0,0,0,0,0,0,0,-2000,0,0,0,41000,43000,-2000,-2000
051544,T50反1康和98購01,0,0,0,0,0,0,0,0,0,-2000,0,0,0,0,2000,-2000,-2000
049260,華新科元大96購01,0,0,0,0,0,0,0,0,0,-2000,0,0,0,0,2000,-2000,-2000
049383,健策元大95購01  ,0,0,0,0,0,0,0,0,0,-2000,0,0,0,0,2000,-2000,-2000
049482,國巨元大94購06  ,0,0,0,0,0,0,0,0,0,-2000,0,0,0,0,2000,-2000,-2000
053135,信邦國票96購01  ,0,0,0,0,0,0,0,0,0,-2000,0,0,0,0,2000,-2000,-2000
053194,緯穎統一99購01  ,0,0,0,0,0,0,0,0,0,-2000,0,0,0,8000,10000,-2000,-2000
056233,超眾凱基97購02  ,0,0,0,0,0,0,0,0,0,-2000,0,0,0,0,2000,-2000,-2000
056468,鴻海元大98購07  ,0,0,0,0,0,0,0,0,0,-2000,0,0,0,0,2000,-2000,-2000
051991,泰碩元大95購02  ,0,0,0,0,0,0,0,0,0,-2000,0,0,0,10000,12000,-2000,-2000
053074,嘉晶永豐96購02  ,0,0,0,0,0,0,0,0,0,-2000,0,0,0,10000,12000,-2000,-2000
05536P,奇力新元大96售03,0,0,0,0,0,0,0,0,0,-2000,0,0,0,6000,8000,-2000,-2000
054975,福懋科元大97購01,0,0,0,0,0,0,0,0,0,-2000,0,0,0,0,2000,-2000,-2000
052687,國泰金元大96購03,0,0,0,0,0,0,0,0,0,-2000,0,0,0,10000,12000,-2000,-2000
052470,華新科亞東97購01,0,0,0,0,0,0,0,0,0,-2000,0,0,0,10000,12000,-2000,-2000
054819,裕民元大9A購01  ,0,0,0,0,0,0,0,0,0,-2000,0,0,0,0,2000,-2000,-2000
054241,深中小元大98購01,0,0,0,0,0,0,0,0,0,-2000,0,0,0,0,2000,-2000,-2000
051766,泰鼎元大95購02  ,0,0,0,0,0,0,0,0,0,-2000,0,0,0,0,2000,-2000,-2000
05454P,奇鋐群益95售04  ,0,0,0,0,0,0,0,0,0,-2000,0,0,0,0,2000,-2000,-2000
05460P,台郡凱基95售05  ,0,0,0,0,0,0,0,0,0,-2000,0,0,0,0,2000,-2000,-2000
059366,台積電台新99購04,0,0,0,0,0,0,0,0,0,-2000,0,0,0,0,2000,-2000,-2000
06103P,漢唐凱基97售02  ,0,0,0,0,0,0,0,0,0,-2000,0,0,0,7000,9000,-2000,-2000
06123P,玉晶光元大97售04,0,0,0,0,0,0,0,0,0,-2000,0,0,0,3000,5000,-2000,-2000
059283,康友永豐99購02  ,0,0,0,0,0,0,0,0,0,-2000,0,0,0,0,2000,-2000,-2000
059251,大立光凱基9A購04,0,0,0,0,0,0,0,0,0,-2000,0,0,0,0,2000,-2000,-2000
6464,台數科          ,0,2000,-2000,0,0,0,0,0,0,0,0,0,0,0,0,0,-2000
8940,新天地          ,0,2000,-2000,0,0,0,0,0,0,0,0,0,0,0,0,0,-2000
4960,誠美材          ,0,2150,-2150,0,0,0,0,0,0,0,0,0,0,0,0,0,-2150
2727,王品            ,38001,41000,-2999,0,0,0,0,0,0,0,0,0,0,0,0,0,-2999
2613,中櫃            ,0,2000,-2000,0,0,0,0,0,0,-1000,0,1000,-1000,0,0,0,-3000
2881B,富邦金乙特      ,0,0,0,0,0,0,0,0,0,-3000,2000,5000,-3000,0,0,0,-3000
2901,欣欣            ,0,3000,-3000,0,0,0,0,0,0,0,0,0,0,0,0,0,-3000
2939,凱羿-KY         ,5000,8000,-3000,0,0,0,0,0,0,0,0,0,0,0,0,0,-3000
2540,愛山林          ,0,3000,-3000,0,0,0,0,0,0,0,0,0,0,0,0,0,-3000
2415,錩新            ,0,4000,-4000,0,0,0,0,0,0,1000,1000,0,1000,0,0,0,-3000
6115,鎰勝            ,20000,20000,0,0,0,0,0,0,0,-3000,0,3000,-3000,0,0,0,-3000
6172,互億            ,2000,5000,-3000,0,0,0,0,0,0,0,0,0,0,0,0,0,-3000
4155,訊映            ,68000,77000,-9000,0,0,0,0,0,0,6000,6000,0,6000,0,0,0,-3000
4581,光隆精密-KY     ,0,3000,-3000,0,0,0,0,0,0,0,0,0,0,0,0,0,-3000
4562,穎漢            ,0,3000,-3000,0,0,0,0,0,0,0,0,0,0,0,0,0,-3000
3229,晟鈦            ,0,3000,-3000,0,0,0,0,0,0,0,0,0,0,0,0,0,-3000
3432,台端            ,0,3000,-3000,0,0,0,0,0,0,0,0,0,0,0,0,0,-3000
1323,永裕            ,20000,19000,1000,0,0,0,0,0,0,-4000,0,4000,-4000,0,0,0,-3000
058803,世紀鋼元大99購03,0,0,0,0,0,0,0,0,0,-3000,0,0,0,0,3000,-3000,-3000
1735,日勝化          ,0,3000,-3000,0,0,0,0,0,0,0,0,0,0,0,0,0,-3000
1517,利奇            ,6000,9000,-3000,0,0,0,0,0,0,0,0,0,0,0,0,0,-3000
06358P,力成中信97售02  ,0,0,0,0,0,0,0,0,0,-3000,0,0,0,31000,34000,-3000,-3000
06487P,聯發科統一99售02,0,0,0,0,0,0,0,0,0,-3000,0,0,0,10000,13000,-3000,-3000
059335,台灣50凱基03購02,0,0,0,0,0,0,0,0,0,-3000,0,0,0,0,3000,-3000,-3000
058077,超眾凱基98購02  ,0,0,0,0,0,0,0,0,0,-3000,0,0,0,3000,6000,-3000,-3000
059407,台灣50國票9B購01,0,0,0,0,0,0,0,0,0,-3000,0,0,0,0,3000,-3000,-3000
059439,健策元大9B購01  ,0,0,0,0,0,0,0,0,0,-3000,0,0,0,8000,11000,-3000,-3000
059430,台積電元大99購36,0,0,0,0,0,0,0,0,0,-3000,0,0,0,0,3000,-3000,-3000
06661P,玉晶光永豐98售05,0,0,0,0,0,0,0,0,0,-3000,0,0,0,0,3000,-3000,-3000
057740,茂林富邦9A購01  ,0,0,0,0,0,0,0,0,0,-3000,0,0,0,0,3000,-3000,-3000
057142,力成兆豐98購01  ,0,0,0,0,0,0,0,0,0,-3000,0,0,0,0,3000,-3000,-3000
057249,華邦電統一9A購01,0,0,0,0,0,0,0,0,0,-3000,0,0,0,0,3000,-3000,-3000
056659,泰碩元大99購01  ,0,0,0,0,0,0,0,0,0,-3000,0,0,0,40000,43000,-3000,-3000
05863P,滬深2X元大96售09,0,0,0,0,0,0,0,0,0,-3000,0,0,0,0,3000,-3000,-3000
059382,台灣50凱基99購02,20000,0,20000,0,0,0,0,0,0,-23000,0,0,0,0,23000,-23000,-3000
059390,華新科凱基99購05,0,0,0,0,0,0,0,0,0,-3000,0,0,0,0,3000,-3000,-3000
059391,立積凱基9A購01  ,0,0,0,0,0,0,0,0,0,-3000,0,0,0,0,3000,-3000,-3000
06086P,台積電康和97售01,0,0,0,0,0,0,0,0,0,-3000,0,0,0,0,3000,-3000,-3000
06068P,玉晶光康和97售01,0,0,0,0,0,0,0,0,0,-3000,0,0,0,2000,5000,-3000,-3000
05976P,國巨凱基96售14  ,0,0,0,0,0,0,0,0,0,-3000,0,0,0,0,3000,-3000,-3000
059510,華新科永豐99購07,0,0,0,0,0,0,0,0,0,-3000,0,0,0,0,3000,-3000,-3000
054806,台化元大9A購01  ,0,0,0,0,0,0,0,0,0,-3000,0,0,0,0,3000,-3000,-3000
055687,瀚宇博凱基97購01,0,0,0,0,0,0,0,0,0,-3000,0,0,0,17000,20000,-3000,-3000
05282P,可成元大95售09  ,0,0,0,0,0,0,0,0,0,-3000,0,0,0,0,3000,-3000,-3000
052927,友達元大98購02  ,0,0,0,0,0,0,0,0,0,-3000,0,0,0,61000,64000,-3000,-3000
05292P,台積電凱基95售16,0,0,0,0,0,0,0,0,0,-3000,0,0,0,12000,15000,-3000,-3000
056350,上銀元大98購02  ,0,0,0,0,0,0,0,0,0,-3000,0,0,0,0,3000,-3000,-3000
055218,彩晶凱基99購01  ,0,0,0,0,0,0,0,0,0,-3000,0,0,0,0,3000,-3000,-3000
051990,泰碩元大95購01  ,0,0,0,0,0,0,0,0,0,-3000,0,0,0,0,3000,-3000,-3000
05598P,國巨元富96售03  ,0,0,0,0,0,0,0,0,0,-3000,0,0,0,7000,10000,-3000,-3000
05581P,華新科凱基96售07,0,0,0,0,0,0,0,0,0,-3000,0,0,0,15000,18000,-3000,-3000
04845P,台積電凱基94售33,0,0,0,0,0,0,0,0,0,-3000,0,0,0,20000,23000,-3000,-3000
050256,臺指反元大98購03,0,0,0,0,0,0,0,0,0,-3000,0,0,0,30000,33000,-3000,-3000
049352,泰鼎永豐95購01  ,0,0,0,0,0,0,0,0,0,-3000,0,0,0,0,3000,-3000,-3000
04925P,和碩元大94售03  ,0,0,0,0,0,0,0,0,0,-3000,0,0,0,3000,6000,-3000,-3000
04976P,中磊凱基94售01  ,0,0,0,0,0,0,0,0,0,-3000,0,0,0,0,3000,-3000,-3000
04783P,貿聯元富94售01  ,0,0,0,0,0,0,0,0,0,-3000,0,0,0,7000,10000,-3000,-3000
048628,T50反1元大96購03,2000,0,2000,0,0,0,0,0,0,-5000,0,0,0,0,5000,-5000,-3000
050597,聯電麥證94購01  ,0,0,0,0,3000,-3000,0,0,0,-3000,0,0,0,0,3000,-3000,-3000
050780,台表科元大96購01,0,0,0,0,0,0,0,0,0,-3000,0,0,0,0,3000,-3000,-3000
047196,上銀統一97購01  ,0,0,0,0,0,0,0,0,0,-3000,0,0,0,0,3000,-3000,-3000
03060X,元展55          ,0,0,0,0,0,0,0,0,0,-3000,0,0,0,0,3000,-3000,-3000
03022X,富展01          ,0,0,0,0,0,0,0,0,0,-3000,0,0,0,0,3000,-3000,-3000
006206,元大上證50      ,34000,40000,-6000,0,0,0,0,0,0,3000,0,0,0,3000,0,3000,-3000
03006X,元展06          ,0,0,0,0,0,0,0,0,0,-3000,0,0,0,0,3000,-3000,-3000
03007X,元展07          ,0,0,0,0,0,0,0,0,0,-3000,0,0,0,0,3000,-3000,-3000
6558,興能高          ,13000,25000,-12000,0,0,0,0,0,0,9000,9000,0,9000,0,0,0,-3000
6698,旭暉應材        ,12000,5000,7000,0,0,0,0,10000,-10000,0,0,0,0,0,0,0,-3000
3454,晶睿            ,14149,16951,-2802,0,0,0,0,0,0,-1000,0,1000,-1000,0,0,0,-3802
5906,台南-KY         ,0,4000,-4000,0,0,0,0,0,0,0,0,0,0,0,0,0,-4000
6201,亞弘電          ,2000,6000,-4000,0,0,0,0,0,0,0,0,0,0,0,0,0,-4000
2397,友通            ,4000,8000,-4000,0,0,0,0,0,0,0,0,0,0,0,0,0,-4000
2380,虹光            ,0,4000,-4000,0,0,0,0,0,0,0,0,0,0,0,0,0,-4000
2373,震旦行          ,14000,17000,-3000,0,0,0,0,0,0,-1000,1000,2000,-1000,0,0,0,-4000
2516,新建            ,7000,11000,-4000,0,0,0,0,0,0,0,0,0,0,0,0,0,-4000
06839P,玉晶光統一9A售05,0,0,0,0,0,0,0,0,0,-4000,0,0,0,5000,9000,-4000,-4000
06844P,智邦元大98售13  ,0,0,0,0,0,0,0,0,0,-4000,0,0,0,3000,7000,-4000,-4000
2069,運錩            ,5000,9000,-4000,0,0,0,0,0,0,0,0,0,0,0,0,0,-4000
2038,海光            ,3000,7000,-4000,0,0,0,0,0,0,0,0,0,0,0,0,0,-4000
056967,奇鋐永豐98購01  ,0,0,0,0,0,0,0,0,0,-4000,0,0,0,0,4000,-4000,-4000
057060,緯穎元大98購05  ,0,0,0,0,0,0,0,0,0,-4000,0,0,0,105000,109000,-4000,-4000
1321,大洋            ,60000,64000,-4000,0,0,0,0,0,0,0,0,0,0,0,0,0,-4000
1233,天仁            ,0,4000,-4000,0,0,0,0,0,0,0,0,0,0,0,0,0,-4000
1101B,台泥乙特        ,0,0,0,0,0,0,0,0,0,-4000,0,4000,-4000,0,0,0,-4000
07221P,臺股指中信9B售04,0,0,0,0,0,0,0,0,0,-4000,0,0,0,50000,54000,-4000,-4000
057224,和碩日盛9A購01  ,0,0,0,0,0,0,0,0,0,-4000,0,0,0,0,4000,-4000,-4000
06668P,祥碩凱基98售02  ,0,0,0,0,0,0,0,0,0,-4000,0,0,0,29000,33000,-4000,-4000
06176P,台積電元大97售22,0,0,0,0,0,0,0,0,0,-4000,0,0,0,6000,10000,-4000,-4000
06155P,智邦統一97售02  ,0,0,0,0,0,0,0,0,0,-4000,0,0,0,6000,10000,-4000,-4000
059434,全新元大99購05  ,0,0,0,0,0,0,0,0,0,-4000,0,0,0,0,4000,-4000,-4000
059435,大立光元大99購17,0,0,0,0,0,0,0,0,0,-4000,0,0,0,0,4000,-4000,-4000
059460,GIS永豐99購02   ,0,0,0,0,0,0,0,0,0,-4000,0,0,0,11000,15000,-4000,-4000
059463,台灣50元大9C購07,0,0,0,0,0,0,0,0,0,-4000,0,0,0,0,4000,-4000,-4000
06467P,旺宏統一98售01  ,0,0,0,0,0,0,0,0,0,-4000,0,0,0,0,4000,-4000,-4000
06959P,鴻海凱基9A售02  ,0,0,0,0,0,0,0,0,0,-4000,0,0,0,0,4000,-4000,-4000
03604P,群創凱基98售05  ,0,0,0,0,0,0,0,0,0,-4000,0,0,0,1000,5000,-4000,-4000
03638C,T50反1元大94牛03,0,0,0,0,0,0,0,0,0,-4000,0,0,0,9000,13000,-4000,-4000
04293P,滬深2X元大96售02,0,0,0,0,0,0,0,0,0,-4000,0,0,0,0,4000,-4000,-4000
04795P,聯發科元大94售09,0,0,0,0,0,0,0,0,0,-4000,0,0,0,10000,14000,-4000,-4000
04910P,台積電統一94售12,0,0,0,0,0,0,0,0,0,-4000,0,0,0,0,4000,-4000,-4000
04859P,台達電群益94售04,0,0,0,0,0,0,0,0,0,-4000,0,0,0,7000,11000,-4000,-4000
056211,南港國票98購01  ,0,0,0,0,0,0,0,0,0,-4000,0,0,0,6000,10000,-4000,-4000
054169,上緯控凱基98購01,0,0,0,0,0,0,0,0,0,-4000,0,0,0,0,4000,-4000,-4000
052307,潤泰全國泰96購01,0,0,0,0,0,0,0,0,0,-4000,0,0,0,74000,78000,-4000,-4000
059216,台積電元大99購29,0,0,0,0,0,0,0,0,0,-4000,0,0,0,18000,22000,-4000,-4000
9926,新海            ,0,4000,-4000,0,0,0,0,0,0,0,0,0,0,0,0,0,-4000
06395P,台積電元大97售29,0,0,0,0,0,0,0,0,0,-5000,0,0,0,0,5000,-5000,-5000
058016,智邦凱基98購06  ,0,0,0,0,0,0,0,0,0,-5000,0,0,0,0,5000,-5000,-5000
059019,元石油統一9B購03,0,0,0,0,0,0,0,0,0,-5000,0,0,0,0,5000,-5000,-5000
059454,亞光永豐99購01  ,0,0,0,0,0,0,0,0,0,-5000,0,0,0,0,5000,-5000,-5000
059431,旺宏元大99購14  ,0,0,0,0,0,0,0,0,0,-5000,0,0,0,4000,9000,-5000,-5000
058231,技嘉元大99購02  ,0,0,0,0,0,0,0,0,0,-5000,0,0,0,0,5000,-5000,-5000
058132,義隆元大99購03  ,0,0,0,0,0,0,0,0,0,-5000,0,0,0,0,5000,-5000,-5000
06644P,亞德客元大98售03,0,0,0,0,0,0,0,0,0,-5000,0,0,0,0,5000,-5000,-5000
056892,旺宏元大9A購02  ,0,0,0,0,0,0,0,0,0,-5000,0,0,0,0,5000,-5000,-5000
057683,技嘉日盛98購01  ,0,0,0,0,0,0,0,0,0,-5000,0,0,0,0,5000,-5000,-5000
057478,智邦元大99購01  ,0,0,0,0,0,0,0,0,0,-5000,0,0,0,7000,12000,-5000,-5000
07224P,鴻海元大9A售02  ,0,0,0,0,0,0,0,0,0,-5000,0,0,0,5000,10000,-5000,-5000
057298,旭富永豐98購01  ,0,0,0,0,0,0,0,0,0,-5000,0,0,0,10000,15000,-5000,-5000
056744,麗豐凱基9A購01  ,0,0,0,0,0,0,0,0,0,-5000,0,0,0,0,5000,-5000,-5000
058688,矽創凱基9A購01  ,0,0,0,0,0,0,0,0,0,-5000,0,0,0,0,5000,-5000,-5000
1108,幸福            ,1000,6000,-5000,0,0,0,0,0,0,0,0,0,0,0,0,0,-5000
1232,大統益          ,14000,18000,-4000,0,0,0,0,0,0,-1000,0,1000,-1000,0,0,0,-5000
2032,新鋼            ,1000,6000,-5000,0,0,0,0,0,0,0,0,0,0,0,0,0,-5000
1903,士紙            ,0,5000,-5000,0,0,0,0,0,0,0,0,0,0,0,0,0,-5000
1541,錩泰            ,4000,5000,-1000,0,0,0,0,0,0,-4000,0,4000,-4000,0,0,0,-5000
1617,榮星            ,1000,6000,-5000,0,0,0,0,0,0,0,0,0,0,0,0,0,-5000
059081,和大元大99購01  ,0,0,0,0,0,0,0,0,0,-5000,0,0,0,0,5000,-5000,-5000
1459,聯發            ,0,4000,-4000,0,0,0,0,0,0,-1000,0,1000,-1000,0,0,0,-5000
2468,華經            ,2000,7000,-5000,0,0,0,0,0,0,0,0,0,0,0,0,0,-5000
3002,歐格            ,4000,9000,-5000,0,0,0,0,0,0,0,0,0,0,0,0,0,-5000
3013,晟銘電          ,55000,60000,-5000,0,0,0,0,0,0,0,0,0,0,0,0,0,-5000
2887F,台新戊特二      ,0,0,0,0,0,0,0,0,0,-5000,0,5000,-5000,0,0,0,-5000
2712,遠雄來          ,0,2000,-2000,0,0,0,0,0,0,-3000,0,3000,-3000,0,0,0,-5000
6431,光麗-KY         ,0,5000,-5000,0,0,0,0,0,0,0,0,0,0,0,0,0,-5000
3266,昇陽            ,1000,6000,-5000,0,0,0,0,0,0,0,0,0,0,0,0,0,-5000
059204,台灣50元大01購02,0,0,0,0,0,0,0,0,0,-5000,0,0,0,0,5000,-5000,-5000
059189,國泰金富邦9B購01,0,0,0,0,0,0,0,0,0,-5000,0,0,0,59000,64000,-5000,-5000
059263,瑞昱中信01購01  ,0,0,0,0,0,0,0,0,0,-5000,0,0,0,0,5000,-5000,-5000
06049P,創意亞東97售01  ,0,0,0,0,0,0,0,0,0,-5000,0,0,0,0,5000,-5000,-5000
055460,華擎永豐97購01  ,0,0,0,0,0,0,0,0,0,-5000,0,0,0,5000,10000,-5000,-5000
055507,樺漢元大98購02  ,0,0,0,0,0,0,0,0,0,-5000,0,0,0,0,5000,-5000,-5000
05551P,電子類元大96售01,0,0,0,0,0,0,0,0,0,-5000,0,0,0,0,5000,-5000,-5000
05462P,美律亞東97售01  ,0,0,0,0,0,0,0,0,0,-5000,0,0,0,0,5000,-5000,-5000
054575,聯鈞元大97購01  ,0,0,0,0,0,0,0,0,0,-5000,0,0,0,0,5000,-5000,-5000
054560,全新群益98購03  ,0,0,0,0,0,0,0,0,0,-5000,0,0,0,0,5000,-5000,-5000
05424P,台達電亞東96售02,0,0,0,0,0,0,0,0,0,-5000,0,0,0,0,5000,-5000,-5000
054258,牧德元大97購01  ,0,0,0,0,0,0,0,0,0,-5000,0,0,0,0,5000,-5000,-5000
052279,旺宏凱基95購07  ,0,0,0,0,0,0,0,0,0,-5000,0,0,0,6000,11000,-5000,-5000
052184,台光電群益95購03,0,0,0,0,0,0,0,0,0,-5000,0,0,0,0,5000,-5000,-5000
05279P,上銀元大95售02  ,0,0,0,0,0,0,0,0,0,-5000,0,0,0,5000,10000,-5000,-5000
056475,宏達電元大99購02,0,0,0,0,0,0,0,0,0,-5000,0,0,0,9000,14000,-5000,-5000
05396P,台郡元大95售05  ,0,0,0,0,0,0,0,0,0,-5000,0,0,0,5000,10000,-5000,-5000
051910,大立光元大97購01,0,0,0,0,0,0,0,0,0,-5000,0,0,0,0,5000,-5000,-5000
055229,大毅國票97購02  ,0,0,0,0,0,0,0,0,0,-5000,0,0,0,0,5000,-5000,-5000
055359,超眾凱基97購01  ,0,0,0,0,0,0,0,0,0,-5000,0,0,0,0,5000,-5000,-5000
055415,禾伸堂富邦9B購01,0,0,0,0,0,0,0,0,0,-5000,0,0,0,0,5000,-5000,-5000
054952,大毅元大97購02  ,0,0,0,0,0,0,0,0,0,-5000,0,0,0,0,5000,-5000,-5000
054942,凱美元大97購02  ,0,0,0,0,0,0,0,0,0,-5000,0,0,0,0,5000,-5000,-5000
050179,全新元大96購02  ,0,0,0,0,0,0,0,0,0,-5000,0,0,0,0,5000,-5000,-5000
050266,兆豐金元大94購01,0,0,0,0,0,0,0,0,0,-5000,0,0,0,0,5000,-5000,-5000
053145,元黃金元大96購02,0,0,0,0,0,0,0,0,0,-5000,0,0,0,0,5000,-5000,-5000
048947,凌華永豐94購01  ,0,0,0,0,0,0,0,0,0,-5000,0,0,0,0,5000,-5000,-5000
049406,T50反1日盛97購01,0,0,0,0,0,0,0,0,0,-5000,0,0,0,5000,10000,-5000,-5000
049795,華通元大96購02  ,0,0,0,0,0,0,0,0,0,-5000,0,0,0,0,5000,-5000,-5000
05151P,台光電群益95售02,0,0,0,0,0,0,0,0,0,-5000,0,0,0,0,5000,-5000,-5000
04759P,台積電凱基94售27,0,0,0,0,0,0,0,0,0,-5000,0,0,0,0,5000,-5000,-5000
05142P,華新科台新95售01,0,0,0,0,0,0,0,0,0,-5000,0,0,0,0,5000,-5000,-5000
05137P,華新科凱基96售03,0,0,0,0,0,0,0,0,0,-5000,0,0,0,10000,15000,-5000,-5000
04032P,聯茂凱基94售02  ,0,0,0,0,0,0,0,0,0,-5000,0,0,0,5000,10000,-5000,-5000
05029P,鴻海元富95售04  ,0,0,0,0,0,0,0,0,0,-5000,0,0,0,0,5000,-5000,-5000
050414,泰鼎永豐94購04  ,0,0,0,0,0,0,0,0,0,-5000,0,0,0,0,5000,-5000,-5000
04347P,全新群益94售01  ,0,0,0,0,0,0,0,0,0,-5000,0,0,0,0,5000,-5000,-5000
04383P,泰鼎國泰95售01  ,0,0,0,0,0,0,0,0,0,-5000,0,0,0,0,5000,-5000,-5000
047193,南電元大94購02  ,0,0,0,0,0,0,0,0,0,-5000,0,0,0,0,5000,-5000,-5000
03492P,創意元大02售03  ,0,5000,-5000,0,0,0,0,0,0,0,0,0,0,0,0,0,-5000
04632P,台積電群益94售11,0,0,0,0,0,0,0,0,0,-5000,0,0,0,0,5000,-5000,-5000
9929,秋雨            ,0,6000,-6000,0,0,0,0,0,0,1000,1000,0,1000,0,0,0,-5000
8478,東哥遊艇        ,2000,7000,-5000,0,0,0,0,0,0,0,0,0,0,0,0,0,-5000
6641,基士德-KY       ,0,5000,-5000,0,0,0,0,0,0,0,0,0,0,0,0,0,-5000
6655,科定            ,0,5000,-5000,0,0,0,0,0,0,0,0,0,0,0,0,0,-5000
3528,安馳            ,1000,7000,-6000,0,0,0,0,0,0,0,0,0,0,0,0,0,-6000
4807,日成-KY         ,1000,7000,-6000,0,0,0,0,0,0,0,0,0,0,0,0,0,-6000
5284,jpp-KY          ,3000,9000,-6000,0,0,0,0,0,0,0,0,0,0,0,0,0,-6000
2611,志信            ,0,6000,-6000,0,0,0,0,0,0,0,0,0,0,0,0,0,-6000
3038,全台            ,190000,196000,-6000,0,0,0,0,0,0,0,0,0,0,0,0,0,-6000
2471,資通            ,21000,27000,-6000,0,0,0,0,0,0,0,0,0,0,0,0,0,-6000
2462,良得電          ,0,6000,-6000,0,0,0,0,0,0,0,0,0,0,0,0,0,-6000
2358,廷鑫            ,22000,28000,-6000,0,0,0,0,0,0,0,0,0,0,0,0,0,-6000
1467,南緯            ,4000,10000,-6000,0,0,0,0,0,0,0,0,0,0,0,0,0,-6000
1454,台富            ,2000,8000,-6000,0,0,0,0,0,0,0,0,0,0,0,0,0,-6000
1441,大東            ,7000,13000,-6000,0,0,0,0,0,0,0,0,0,0,0,0,0,-6000
06900P,FBVIX國票12售01 ,0,0,0,0,0,0,0,0,0,-6000,0,0,0,0,6000,-6000,-6000
1535,中宇            ,3000,9000,-6000,0,0,0,0,0,0,0,0,0,0,0,0,0,-6000
2012,春雨            ,0,6000,-6000,0,0,0,0,0,0,0,0,0,0,0,0,0,-6000
058505,台積電元大99購08,0,0,0,0,0,0,0,0,0,-6000,0,0,0,1000,7000,-6000,-6000
07231P,台灣50元大01售06,0,0,0,0,0,0,0,0,0,-6000,0,0,0,0,6000,-6000,-6000
07238P,台灣50國票99售07,0,0,0,0,0,0,0,0,0,-6000,0,0,0,3000,9000,-6000,-6000
07163P,臺股指群益99售14,0,0,0,0,0,0,0,0,0,-6000,0,0,0,0,6000,-6000,-6000
059031,元石油中信03購01,0,0,0,0,0,0,0,0,0,-6000,0,0,0,5000,11000,-6000,-6000
06460P,亞德客元富98售02,0,0,0,0,0,0,0,0,0,-6000,0,0,0,2000,8000,-6000,-6000
06373P,聯發科元大97售22,0,0,0,0,0,0,0,0,0,-6000,0,0,0,0,6000,-6000,-6000
059036,可成群益9B購03  ,0,0,0,0,0,0,0,0,0,-6000,0,0,0,10000,16000,-6000,-6000
07023P,南電永豐99售02  ,0,0,0,0,0,0,0,0,0,-6000,0,0,0,0,6000,-6000,-6000
04586P,光罩永豐94售02  ,0,0,0,0,0,0,0,0,0,-6000,0,0,0,0,6000,-6000,-6000
04465P,大立光元富94售03,0,0,0,0,0,0,0,0,0,-6000,0,0,0,0,6000,-6000,-6000
00690,兆豐藍籌30      ,0,0,0,0,0,0,0,0,0,-6000,0,0,0,192000,198000,-6000,-6000
04379P,大立光元大94售06,0,0,0,0,0,0,0,0,0,-6000,0,0,0,0,6000,-6000,-6000
03662C,FBVIX凱基03牛01 ,0,10000,-10000,0,0,0,0,0,0,4000,0,0,0,22000,18000,4000,-6000
04818P,華新科永豐94售03,0,0,0,0,0,0,0,0,0,-6000,0,0,0,14000,20000,-6000,-6000
05654P,台光電統一96售01,0,0,0,0,0,0,0,0,0,-6000,0,0,0,0,6000,-6000,-6000
05263P,台積電元大96售09,0,0,0,0,0,0,0,0,0,-6000,0,0,0,38000,44000,-6000,-6000
05381P,聯詠群益95售02  ,0,0,0,0,0,0,0,0,0,-6000,0,0,0,4000,10000,-6000,-6000
054509,上証反元大99購01,0,0,0,0,0,0,0,0,0,-6000,0,0,0,0,6000,-6000,-6000
054917,聯發科凱基98購05,0,0,0,0,0,0,0,0,0,-6000,0,0,0,0,6000,-6000,-6000
06081P,深中小元大97售02,0,0,0,0,0,0,0,0,0,-6000,0,0,0,20000,26000,-6000,-6000
6674,鋐寶科技        ,1000,7000,-6000,0,0,0,0,0,0,0,0,0,0,0,0,0,-6000
3557,嘉威            ,28000,34801,-6801,0,0,0,0,0,0,0,0,0,0,0,0,0,-6801
3494,誠研            ,3000,10000,-7000,0,0,0,0,0,0,0,0,0,0,0,0,0,-7000
3296,勝德            ,1000,8000,-7000,0,0,0,0,0,0,0,0,0,0,0,0,0,-7000
4952,凌通            ,13000,20000,-7000,0,0,0,0,0,0,0,0,0,0,0,0,0,-7000
4545,銘鈺            ,0,7000,-7000,0,0,0,0,0,0,0,0,0,0,0,0,0,-7000
4764,雙鍵            ,1000,8000,-7000,0,0,0,0,0,0,0,0,0,0,0,0,0,-7000
4439,冠星-KY         ,0,7000,-7000,0,0,0,0,0,0,0,0,0,0,0,0,0,-7000
6189,豐藝            ,54000,62000,-8000,0,0,0,0,0,0,1000,1000,0,1000,0,0,0,-7000
6206,飛捷            ,116000,121000,-5000,0,0,0,0,0,0,-2000,1000,3000,-2000,0,0,0,-7000
1587,吉茂            ,0,7000,-7000,0,0,0,0,0,0,0,0,0,0,0,0,0,-7000
1726,永記            ,1000,8000,-7000,0,0,0,0,0,0,0,0,0,0,0,0,0,-7000
06899P,嘉澤群益98售01  ,0,0,0,0,0,0,0,0,0,-7000,0,0,0,0,7000,-7000,-7000
1466,聚隆            ,0,7000,-7000,0,0,0,0,0,0,0,0,0,0,0,0,0,-7000
1234,黑松            ,1000,8000,-7000,0,0,0,0,0,0,0,0,0,0,0,0,0,-7000
1235,興泰            ,0,7000,-7000,0,0,0,0,0,0,0,0,0,0,0,0,0,-7000
1413,宏洲            ,1000,8000,-7000,0,0,0,0,0,0,0,0,0,0,0,0,0,-7000
1339,昭輝            ,37000,31000,6000,0,0,0,0,0,0,-13000,0,13000,-13000,0,0,0,-7000
07259P,滬深2X國票01售01,0,0,0,0,0,0,0,0,0,-7000,0,0,0,85000,92000,-7000,-7000
058951,南電群益99購01  ,0,0,0,0,0,0,0,0,0,-7000,0,0,0,3000,10000,-7000,-7000
058804,T50反1統一9B購01,0,0,0,0,0,0,0,0,0,-7000,0,0,0,0,7000,-7000,-7000
07209P,台積電凱基9A售10,0,0,0,0,0,0,0,0,0,-7000,0,0,0,0,7000,-7000,-7000
056776,聯茂元大99購01  ,0,0,0,0,0,0,0,0,0,-7000,0,0,0,0,7000,-7000,-7000
057138,亞德客兆豐98購01,0,0,0,0,0,0,0,0,0,-7000,0,0,0,0,7000,-7000,-7000
059482,貿聯群益99購05  ,0,0,0,0,0,0,0,0,0,-7000,0,0,0,0,7000,-7000,-7000
055749,智邦永昌9C購01  ,0,0,0,0,0,0,0,0,0,-7000,0,0,0,0,7000,-7000,-7000
05431P,台光電統一97售01,0,0,0,0,0,0,0,0,0,-7000,0,0,0,0,7000,-7000,-7000
053806,鎧勝凱基96購02  ,0,0,0,0,0,0,0,0,0,-7000,0,0,0,30000,37000,-7000,-7000
056408,奇鋐國票99購01  ,0,0,0,0,0,0,0,0,0,-7000,0,0,0,0,7000,-7000,-7000
05186P,鈺齊中信95售02  ,0,0,0,0,0,0,0,0,0,-7000,0,0,0,3000,10000,-7000,-7000
052056,緯穎凱基95購04  ,0,0,0,0,0,0,0,0,0,-7000,0,0,0,0,7000,-7000,-7000
055838,致茂元大97購03  ,0,0,0,0,0,0,0,0,0,-7000,0,0,0,0,7000,-7000,-7000
04995P,台達電凱基96售03,0,0,0,0,0,0,0,0,0,-7000,0,0,0,13000,20000,-7000,-7000
03677C,臺股指元大05牛02,0,0,0,0,0,0,0,0,0,-7000,0,0,0,0,7000,-7000,-7000
047421,聯茂富邦97購01  ,0,0,0,0,0,0,0,0,0,-7000,0,0,0,0,7000,-7000,-7000
00770,國泰北美科技    ,0,0,0,0,0,0,0,0,0,-7000,0,0,0,17000,24000,-7000,-7000
0057,富邦摩台        ,0,0,0,0,0,0,0,0,0,-7000,0,0,0,21000,28000,-7000,-7000
04552P,南電元大94售06  ,0,0,0,0,0,0,0,0,0,-7000,0,0,0,0,7000,-7000,-7000
8201,無敵            ,2000,9000,-7000,0,0,0,0,0,0,0,0,0,0,0,0,0,-7000
8499,鼎炫-KY         ,28000,35000,-7000,0,0,0,0,0,0,0,0,0,0,0,0,0,-7000
4763,材料-KY         ,41800,50100,-8300,0,0,0,0,0,0,1000,57000,56000,1000,0,0,0,-7300
4720,德淵            ,1000,9000,-8000,0,0,0,0,0,0,0,0,0,0,0,0,0,-8000
3257,虹冠電          ,0,8000,-8000,0,0,0,0,0,0,0,0,0,0,0,0,0,-8000
6216,居易            ,1000,10000,-9000,0,0,0,0,0,0,1000,1000,0,1000,0,0,0,-8000
6281,全國電          ,6000,12000,-6000,0,0,0,0,0,0,-2000,0,2000,-2000,0,0,0,-8000
6152,百一            ,0,8000,-8000,0,0,0,0,0,0,0,0,0,0,0,0,0,-8000
2443,億麗            ,0,8000,-8000,0,0,0,0,0,0,0,0,0,0,0,0,0,-8000
2636,台驊投控        ,21000,29000,-8000,0,0,0,0,0,0,0,0,0,0,0,0,0,-8000
2616,山隆            ,0,8000,-8000,0,0,0,0,0,0,0,0,0,0,0,0,0,-8000
058986,華新科凱基9A購03,0,0,0,0,0,0,0,0,0,-8000,0,0,0,52000,60000,-8000,-8000
1312A,國喬特          ,0,0,0,0,0,0,0,0,0,-8000,0,8000,-8000,0,0,0,-8000
1521,大億            ,1000,9000,-8000,0,0,0,0,0,0,0,0,0,0,0,0,0,-8000
2007,燁興            ,4000,12000,-8000,0,0,0,0,0,0,0,0,0,0,0,0,0,-8000
057251,泰鼎統一98購02  ,0,0,0,0,0,0,0,0,0,-8000,0,0,0,6000,14000,-8000,-8000
06778P,台積電元大99售06,0,0,0,0,0,0,0,0,0,-8000,0,0,0,0,8000,-8000,-8000
06153P,健策元大97售04  ,0,0,0,0,0,0,0,0,0,-8000,0,0,0,2000,10000,-8000,-8000
058310,大立光元大99購10,0,0,0,0,0,0,0,0,0,-8000,0,0,0,1000,9000,-8000,-8000
07145P,為升元大99售03  ,0,0,0,0,0,0,0,0,0,-8000,0,0,0,2000,10000,-8000,-8000
03049X,元展46          ,0,0,0,0,0,0,0,0,0,-8000,0,0,0,0,8000,-8000,-8000
00702,國泰標普低波高息,0,0,0,0,0,0,0,0,0,-8000,0,0,0,240000,248000,-8000,-8000
020011,統一微波高息20N ,0,0,0,0,0,0,0,0,0,-8000,0,0,0,2000,10000,-8000,-8000
04126P,滬深2X國票95售02,0,0,0,0,0,0,0,0,0,-8000,0,0,0,0,8000,-8000,-8000
049699,祥碩元大94購01  ,0,0,0,0,0,0,0,0,0,-8000,0,0,0,0,8000,-8000,-8000
051590,玉晶光元大96購02,0,0,0,0,0,0,0,0,0,-8000,0,0,0,0,8000,-8000,-8000
056192,智邦富邦98購01  ,0,330000,-330000,0,0,0,0,0,0,322000,0,0,0,415000,93000,322000,-8000
05181P,健策凱基95售01  ,0,0,0,0,0,0,0,0,0,-8000,0,0,0,5000,13000,-8000,-8000
051979,群創凱基97購01  ,0,0,0,0,0,0,0,0,0,-8000,0,0,0,0,8000,-8000,-8000
05507P,聯茂凱基96售02  ,0,0,0,0,0,0,0,0,0,-8000,0,0,0,30000,38000,-8000,-8000
055383,GIS元大97購02   ,0,0,0,0,0,0,0,0,0,-8000,0,0,0,0,8000,-8000,-8000
05230P,京元電群益95售01,0,0,0,0,0,0,0,0,0,-8000,0,0,0,0,8000,-8000,-8000
056314,力成元大97購01  ,0,0,0,0,0,0,0,0,0,-8000,0,0,0,0,8000,-8000,-8000
059372,台灣50群益99購02,0,0,0,0,0,0,0,0,0,-8000,0,0,0,0,8000,-8000,-8000
059518,康控永豐99購01  ,0,0,0,0,0,0,0,0,0,-8000,0,0,0,0,8000,-8000,-8000
8482,商億-KY         ,0,8000,-8000,0,0,0,0,0,0,0,0,0,0,0,0,0,-8000
4104,佳醫            ,27000,35945,-8945,0,0,0,0,0,0,0,0,0,0,0,0,0,-8945
4144,康聯-KY         ,16000,25000,-9000,0,0,0,0,0,0,0,0,0,0,0,0,0,-9000
3622,洋華            ,66000,76000,-10000,0,0,0,0,0,0,1000,1000,0,1000,0,0,0,-9000
2460,建通            ,0,9000,-9000,0,0,0,0,0,0,0,0,0,0,0,0,0,-9000
2482,連宇            ,5000,14000,-9000,0,0,0,0,0,0,0,0,0,0,0,0,0,-9000
1727,中華化          ,0,9000,-9000,0,0,0,0,0,0,0,0,0,0,0,0,0,-9000
1451,年興            ,5000,14000,-9000,0,0,0,0,0,0,0,0,0,0,0,0,0,-9000
058721,立積元富9C購01  ,0,0,0,0,0,0,0,0,0,-9000,0,0,0,101000,110000,-9000,-9000
05675P,美律群益97售01  ,0,0,0,0,0,0,0,0,0,-9000,0,0,0,0,9000,-9000,-9000
052511,聯發科凱基95購14,0,0,0,0,0,0,0,0,0,-9000,0,0,0,128000,137000,-9000,-9000
054017,茂林永豐96購02  ,0,0,0,0,0,0,0,0,0,-9000,0,0,0,0,9000,-9000,-9000
051403,玉晶光永豐95購05,0,0,0,0,0,0,0,0,0,-9000,0,0,0,0,9000,-9000,-9000
049579,鴻海元大94購06  ,0,0,0,0,0,0,0,0,0,-9000,0,0,0,1000,10000,-9000,-9000
03975P,大立光元大94售02,0,0,0,0,0,0,0,0,0,-9000,0,0,0,1000,10000,-9000,-9000
04427P,滬深2X元大97售02,0,0,0,0,0,0,0,0,0,-9000,0,0,0,1000,10000,-9000,-9000
03033X,元展30          ,0,0,0,0,0,0,0,0,0,-9000,0,0,0,10000,19000,-9000,-9000
8427,基勝-KY         ,1000,10000,-9000,0,0,0,0,0,0,0,0,0,0,0,0,0,-9000
3022,威強電          ,47000,56800,-9800,0,0,0,0,0,0,0,0,0,0,0,0,0,-9800
2705,六福            ,18000,28000,-10000,0,0,0,0,0,0,0,0,0,0,0,0,0,-10000
2606,裕民            ,1151000,1158000,-7000,0,0,0,1000,0,1000,-4000,0,4000,-4000,0,0,0,-10000
2882B,國泰金乙特      ,0,1000,-1000,0,0,0,0,0,0,-9000,1000,10000,-9000,0,0,0,-10000
2466,冠西電          ,0,10000,-10000,0,0,0,0,0,0,0,0,0,0,0,0,0,-10000
4133,亞諾法          ,61000,71000,-10000,0,0,0,0,0,0,0,0,0,0,0,0,0,-10000
06872P,亞德客元富98售04,0,0,0,0,0,0,0,0,0,-10000,0,0,0,10000,20000,-10000,-10000
06885P,國巨國票99售06  ,0,0,0,0,0,0,0,0,0,-10000,0,0,0,0,10000,-10000,-10000
059148,百和國票9A購01  ,0,0,0,0,0,0,0,0,0,-10000,0,0,0,5000,15000,-10000,-10000
059129,麗豐中信99購01  ,0,0,0,0,0,0,0,0,0,-10000,0,0,0,0,10000,-10000,-10000
059123,訊芯永豐99購03  ,0,0,0,0,0,0,0,0,0,-10000,0,0,0,0,10000,-10000,-10000
06912P,台光電元大99售02,0,0,0,0,0,0,0,0,0,-10000,0,0,0,0,10000,-10000,-10000
06913P,聯發科元大98售14,0,0,0,0,0,0,0,0,0,-10000,0,0,0,0,10000,-10000,-10000
06833P,矽力群益99售01  ,0,0,0,0,0,0,0,0,0,-10000,0,0,0,0,10000,-10000,-10000
059108,台灣50富邦9B購01,40000,0,40000,0,0,0,0,0,0,-50000,0,0,0,10000,60000,-50000,-10000
2024,志聯            ,0,10000,-10000,0,0,0,0,0,0,0,0,0,0,0,0,0,-10000
1338,廣華-KY         ,28000,38000,-10000,0,0,0,0,0,0,0,0,0,0,0,0,0,-10000
1219,福壽            ,1000,11000,-10000,0,0,0,0,0,0,0,0,0,0,0,0,0,-10000
07248P,可成凱基99售06  ,0,0,0,0,0,0,0,0,0,-10000,0,0,0,0,10000,-10000,-10000
07244P,鴻海凱基9A售13  ,0,0,0,0,0,0,0,0,0,-10000,0,0,0,0,10000,-10000,-10000
07258P,台灣50台新9A售01,0,0,0,0,0,0,0,0,0,-10000,0,0,0,0,10000,-10000,-10000
05882P,華新科永豐96售01,0,0,0,0,0,0,0,0,0,-10000,0,0,0,0,10000,-10000,-10000
057058,祥碩元大98購04  ,0,0,0,0,0,0,0,0,0,-10000,0,0,0,0,10000,-10000,-10000
057033,A50反1元大9B購02,0,0,0,0,0,0,0,0,0,-10000,0,0,0,10000,20000,-10000,-10000
056995,華新科日盛99購01,0,0,0,0,0,0,0,0,0,-10000,0,0,0,0,10000,-10000,-10000
056870,全新日盛9A購01  ,0,0,0,0,0,0,0,0,0,-10000,0,0,0,0,10000,-10000,-10000
056833,和大元富9B購01  ,0,0,0,0,0,0,0,0,0,-10000,0,0,0,0,10000,-10000,-10000
056774,和鑫元大98購01  ,0,0,0,0,0,0,0,0,0,-10000,0,0,0,0,10000,-10000,-10000
057116,鴻海日盛9A購01  ,0,0,0,0,0,0,0,0,0,-10000,0,0,0,0,10000,-10000,-10000
057117,開發金日盛9B購01,0,0,0,0,0,0,0,0,0,-10000,0,0,0,0,10000,-10000,-10000
057118,欣興日盛9A購01  ,0,0,0,0,0,0,0,0,0,-10000,0,0,0,0,10000,-10000,-10000
058742,鴻海康和99購01  ,0,0,0,0,0,0,0,0,0,-10000,0,0,0,0,10000,-10000,-10000
057908,國泰金亞東99購01,0,0,0,0,0,0,0,0,0,-10000,0,0,0,0,10000,-10000,-10000
057486,美律元大98購04  ,0,0,0,0,0,0,0,0,0,-10000,0,0,0,0,10000,-10000,-10000
057548,微星凱基99購01  ,0,0,0,0,0,0,0,0,0,-10000,0,0,0,0,10000,-10000,-10000
057533,晶相光元大98購02,0,0,0,0,0,0,0,0,0,-10000,0,0,0,0,10000,-10000,-10000
057673,臻鼎元大98購01  ,0,0,0,0,0,0,0,0,0,-10000,0,0,0,0,10000,-10000,-10000
057682,台積電日盛9A購03,0,0,0,0,0,0,0,0,0,-10000,0,0,0,80000,90000,-10000,-10000
057641,旺宏元大98購10  ,0,0,0,0,0,0,0,0,0,-10000,0,0,0,0,10000,-10000,-10000
057647,欣興元大98購10  ,0,0,0,0,0,0,0,0,0,-10000,0,0,0,0,10000,-10000,-10000
057765,康舒凱基98購01  ,0,0,0,0,0,0,0,0,0,-10000,0,0,0,0,10000,-10000,-10000
057776,京元電群益98購02,0,0,0,0,0,0,0,0,0,-10000,0,0,0,0,10000,-10000,-10000
058713,國巨統一9B購02  ,0,0,0,0,0,0,0,0,0,-10000,0,0,0,0,10000,-10000,-10000
058677,矽格群益99購01  ,0,0,0,0,0,0,0,0,0,-10000,0,0,0,0,10000,-10000,-10000
058679,可成日盛99購01  ,0,0,0,0,0,0,0,0,0,-10000,0,0,0,0,10000,-10000,-10000
058622,國巨國票99購07  ,0,0,0,0,0,0,0,0,0,-10000,0,0,0,0,10000,-10000,-10000
058575,智邦群益99購01  ,0,0,0,0,0,0,0,0,0,-10000,0,0,0,0,10000,-10000,-10000
056657,華邦電元大99購01,0,0,0,0,0,0,0,0,0,-10000,0,0,0,0,10000,-10000,-10000
057388,奇鋐永豐98購02  ,0,0,0,0,0,0,0,0,0,-10000,0,0,0,0,10000,-10000,-10000
07230P,滬深2X群益01售02,0,0,0,0,0,0,0,0,0,-10000,0,0,0,0,10000,-10000,-10000
058427,大毅元富99購01  ,0,0,0,0,0,0,0,0,0,-10000,0,0,0,68000,78000,-10000,-10000
059464,台灣50元大9C購08,0,0,0,0,0,0,0,0,0,-10000,0,0,0,0,10000,-10000,-10000
059456,智易永豐99購01  ,0,0,0,0,0,0,0,0,0,-10000,0,0,0,0,10000,-10000,-10000
058349,滬深2X日盛9A購01,0,0,0,0,0,0,0,0,0,-10000,0,0,0,0,10000,-10000,-10000
058331,鴻海元富99購02  ,0,0,0,0,0,0,0,0,0,-10000,0,0,0,0,10000,-10000,-10000
058170,國巨凱基9A購06  ,0,0,0,0,0,0,0,0,0,-10000,0,0,0,0,10000,-10000,-10000
058229,為升元大99購02  ,0,0,0,0,0,0,0,0,0,-10000,0,0,0,0,10000,-10000,-10000
058224,世芯統一9B購02  ,0,0,0,0,0,0,0,0,0,-10000,0,0,0,0,10000,-10000,-10000
059446,臺股指元大99購27,0,0,0,0,0,0,0,0,0,-10000,0,0,0,0,10000,-10000,-10000
07140P,台灣50日盛99售01,0,0,0,0,0,0,0,0,0,-10000,0,0,0,0,10000,-10000,-10000
059077,FBVIX元大99購05 ,0,0,0,0,0,0,0,0,0,-10000,0,0,0,0,10000,-10000,-10000
06967P,台郡台新99售02  ,0,0,0,0,0,0,0,0,0,-10000,0,0,0,0,10000,-10000,-10000
06273P,台表科凱基97售04,0,0,0,0,0,0,0,0,0,-10000,0,0,0,0,10000,-10000,-10000
06459P,亞德客元富98售01,0,0,0,0,0,0,0,0,0,-10000,0,0,0,0,10000,-10000,-10000
059022,聯發科統一9B購04,0,0,0,0,0,0,0,0,0,-10000,0,0,0,0,10000,-10000,-10000
058032,大立光永豐98購05,0,0,0,0,0,0,0,0,0,-10000,0,0,0,0,10000,-10000,-10000
058052,南電元大98購02  ,0,0,0,0,0,0,0,0,0,-10000,0,0,0,2000,12000,-10000,-10000
059329,台灣50國票99購09,0,0,0,0,0,0,0,0,0,-10000,0,0,0,0,10000,-10000,-10000
059333,滬深2X國票9A購03,0,0,0,0,0,0,0,0,0,-10000,0,0,0,0,10000,-10000,-10000
04507P,台光電元大94售03,0,0,0,0,0,0,0,0,0,-10000,0,0,0,0,10000,-10000,-10000
03013X,元展13          ,0,0,0,0,0,0,0,0,0,-10000,0,0,0,0,10000,-10000,-10000
03009X,元展09          ,0,0,0,0,0,0,0,0,0,-10000,0,0,0,0,10000,-10000,-10000
00743,國泰中國A150    ,0,0,0,0,0,0,0,0,0,-10000,0,0,0,12000,22000,-10000,-10000
0052,富邦科技        ,2000,2000,0,0,0,0,0,0,0,-10000,0,0,0,115000,125000,-10000,-10000
050370,台積電元大94購24,0,0,0,0,0,0,0,0,0,-10000,0,0,0,0,10000,-10000,-10000
05107P,鴻海兆豐96售02  ,0,0,0,0,0,0,0,0,0,-10000,0,0,0,0,10000,-10000,-10000
04725P,華新科凱基94售07,0,0,0,0,0,0,0,0,0,-10000,0,0,0,0,10000,-10000,-10000
046869,聯發科統一95購01,0,0,0,0,0,0,0,0,0,-10000,0,0,0,0,10000,-10000,-10000
050906,臺股指元大95購13,0,0,0,0,0,0,0,0,0,-10000,0,0,0,0,10000,-10000,-10000
04915P,鴻海永昌96售02  ,0,0,0,0,0,0,0,0,0,-10000,0,0,0,0,10000,-10000,-10000
049600,緯穎元大95購02  ,0,0,0,0,0,0,0,0,0,-10000,0,0,0,16000,26000,-10000,-10000
05004P,健策統一95售01  ,0,0,0,0,0,0,0,0,0,-10000,0,0,0,20000,30000,-10000,-10000
049933,GIS元大95購01   ,0,0,0,0,0,0,0,0,0,-10000,0,0,0,0,10000,-10000,-10000
04993P,上銀兆豐96售01  ,0,0,0,0,0,0,0,0,0,-10000,0,0,0,2000,12000,-10000,-10000
05117P,瑞昱群益95售02  ,0,0,0,0,0,0,0,0,0,-10000,0,0,0,0,10000,-10000,-10000
051251,信邦元大95購01  ,0,0,0,0,0,0,0,0,0,-10000,0,0,0,0,10000,-10000,-10000
047572,深中小群益95購01,0,0,0,0,0,0,0,0,0,-10000,0,0,0,0,10000,-10000,-10000
051503,玉晶光統一97購01,0,0,0,0,0,0,0,0,0,-10000,0,0,0,0,10000,-10000,-10000
048651,美利達元大96購05,0,0,0,0,0,0,0,0,0,-10000,0,0,0,0,10000,-10000,-10000
04870P,大立光元富94售11,0,0,0,0,0,0,0,0,0,-10000,0,0,0,0,10000,-10000,-10000
051564,和碩國泰96購01  ,0,0,0,0,0,0,0,0,0,-10000,0,0,0,0,10000,-10000,-10000
053535,宏達電永豐96購02,0,0,0,0,0,0,0,0,0,-10000,0,0,0,0,10000,-10000,-10000
056074,茂林元大97購04  ,0,0,0,0,0,0,0,0,0,-10000,0,0,0,0,10000,-10000,-10000
053458,聯詠國泰97購01  ,0,0,0,0,0,0,0,0,0,-10000,0,0,0,0,10000,-10000,-10000
053431,志超永豐96購01  ,0,0,0,0,0,0,0,0,0,-10000,0,0,0,0,10000,-10000,-10000
05583P,訊芯凱基96售01  ,0,0,0,0,0,0,0,0,0,-10000,0,0,0,0,10000,-10000,-10000
055815,亞光國票99購01  ,0,0,0,0,0,0,0,0,0,-10000,0,0,0,0,10000,-10000,-10000
053304,可成凱基96購03  ,0,20000,-20000,0,0,0,0,0,0,10000,0,0,0,20000,10000,10000,-10000
053207,SP黃豆凱基96購01,0,0,0,0,0,0,0,0,0,-10000,0,0,0,0,10000,-10000,-10000
048192,華通元大96購01  ,0,0,0,0,0,0,0,0,0,-10000,0,0,0,0,10000,-10000,-10000
05020P,廣達中信95售01  ,0,0,0,0,0,0,0,0,0,-10000,0,0,0,0,10000,-10000,-10000
054072,台積電富邦98購02,0,0,0,0,0,0,0,0,0,-10000,0,0,0,0,10000,-10000,-10000
054158,國巨日盛99購01  ,0,0,0,0,0,0,0,0,0,-10000,0,0,0,0,10000,-10000,-10000
054127,台積電元大96購21,0,0,0,0,0,0,0,0,0,-10000,0,0,0,0,10000,-10000,-10000
051888,國巨元富95購05  ,0,0,0,0,0,0,0,0,0,-10000,0,0,0,0,10000,-10000,-10000
053085,華新科元大97購04,0,0,0,0,0,0,0,0,0,-10000,0,0,0,0,10000,-10000,-10000
055363,緯穎凱基98購03  ,0,0,0,0,0,0,0,0,0,-10000,0,0,0,0,10000,-10000,-10000
055353,華新科凱基98購03,0,0,0,0,0,0,0,0,0,-10000,0,0,0,0,10000,-10000,-10000
055403,泰鼎元富97購01  ,0,0,0,0,0,0,0,0,0,-10000,0,0,0,20000,30000,-10000,-10000
055395,泰鼎統一97購01  ,0,0,0,0,0,0,0,0,0,-10000,0,0,0,0,10000,-10000,-10000
055397,超眾統一97購02  ,0,0,0,0,0,0,0,0,0,-10000,0,0,0,0,10000,-10000,-10000
055292,聯鈞元大97購02  ,0,0,0,0,0,0,0,0,0,-10000,0,0,0,0,10000,-10000,-10000
055282,聯發科元大97購15,0,0,0,0,0,0,0,0,0,-10000,0,0,0,0,10000,-10000,-10000
055012,茂林元富97購01  ,0,0,0,0,0,0,0,0,0,-10000,0,0,0,0,10000,-10000,-10000
054933,南港元大97購01  ,0,0,0,0,0,0,0,0,0,-10000,0,0,0,0,10000,-10000,-10000
054977,SP黃豆元富9B購01,0,0,0,0,0,0,0,0,0,-10000,0,0,0,0,10000,-10000,-10000
056584,鴻海統一9B購01  ,0,0,0,0,0,0,0,0,0,-10000,0,0,0,0,10000,-10000,-10000
052324,康友元大96購02  ,0,0,0,0,0,0,0,0,0,-10000,0,0,0,0,10000,-10000,-10000
052624,微星亞東97購01  ,0,0,0,0,0,0,0,0,0,-10000,0,0,0,0,10000,-10000,-10000
052621,台郡富邦97購01  ,0,0,0,0,0,0,0,0,0,-10000,0,0,0,0,10000,-10000,-10000
052832,益航群益96購01  ,0,0,0,0,0,0,0,0,0,-10000,0,0,0,0,10000,-10000,-10000
052908,大成鋼統一96購01,0,0,0,0,0,0,0,0,0,-10000,0,0,0,0,10000,-10000,-10000
052942,聯發科中信97購04,0,0,0,0,0,0,0,0,0,-10000,0,0,0,0,10000,-10000,-10000
052980,上銀元大96購03  ,0,0,0,0,0,0,0,0,0,-10000,0,0,0,0,10000,-10000,-10000
053773,上銀元大96購04  ,0,0,0,0,0,0,0,0,0,-10000,0,0,0,0,10000,-10000,-10000
053611,聯茂麥證96購01  ,0,0,0,0,10000,-10000,0,0,0,-10000,0,0,0,0,10000,-10000,-10000
05226P,智邦統一95售01  ,0,0,0,0,0,0,0,0,0,-10000,0,0,0,0,10000,-10000,-10000
056355,台積電元大98購08,0,0,0,0,0,0,0,0,0,-10000,0,0,0,0,10000,-10000,-10000
059511,宏達電永豐99購02,0,0,0,0,0,0,0,0,0,-10000,0,0,0,0,10000,-10000,-10000
059365,T50反1台新99購01,0,0,0,0,0,0,0,0,0,-10000,0,0,0,0,10000,-10000,-10000
059349,台郡凱基99購04  ,0,0,0,0,0,0,0,0,0,-10000,0,0,0,0,10000,-10000,-10000
059359,精元永豐99購01  ,0,0,0,0,0,0,0,0,0,-10000,0,0,0,0,10000,-10000,-10000
059388,國巨凱基99購13  ,0,0,0,0,0,0,0,0,0,-10000,0,0,0,0,10000,-10000,-10000
059250,大立光凱基99購06,0,0,0,0,0,0,0,0,0,-10000,0,0,0,0,10000,-10000,-10000
059173,矽力凱基99購01  ,0,0,0,0,0,0,0,0,0,-10000,0,0,0,0,10000,-10000,-10000
06135P,志超元富97售01  ,0,0,0,0,0,0,0,0,0,-10000,0,0,0,0,10000,-10000,-10000
05430P,台積電統一95售07,0,0,0,0,0,0,0,0,0,-10000,0,0,0,10000,20000,-10000,-10000
054264,超眾元大97購02  ,0,0,0,0,0,0,0,0,0,-10000,0,0,0,0,10000,-10000,-10000
054292,欣興元大96購06  ,0,0,0,0,0,0,0,0,0,-10000,0,0,0,0,10000,-10000,-10000
054246,國巨元大96購12  ,0,0,0,0,0,0,0,0,0,-10000,0,0,0,0,10000,-10000,-10000
054201,聯詠富邦97購02  ,0,0,0,0,0,0,0,0,0,-10000,0,0,0,0,10000,-10000,-10000
05434P,世紀鋼元富95售02,0,0,0,0,0,0,0,0,0,-10000,0,0,0,105000,115000,-10000,-10000
054444,緯穎台新97購01  ,0,0,0,0,0,0,0,0,0,-10000,0,0,0,0,10000,-10000,-10000
05466P,旺宏富邦97售01  ,0,0,0,0,0,0,0,0,0,-10000,0,0,0,0,10000,-10000,-10000
054681,味全永豐97購01  ,0,0,0,0,0,0,0,0,0,-10000,0,0,0,0,10000,-10000,-10000
054684,裕隆永豐97購01  ,0,0,0,0,0,0,0,0,0,-10000,0,0,0,0,10000,-10000,-10000
055750,瑞昱永昌9C購01  ,0,0,0,0,0,0,0,0,0,-10000,0,0,0,0,10000,-10000,-10000
054909,福懋科康和97購01,0,0,0,0,0,0,0,0,0,-10000,0,0,0,0,10000,-10000,-10000
054872,瀚宇博群益98購01,0,0,0,0,0,0,0,0,0,-10000,0,0,0,0,10000,-10000,-10000
054823,祥碩元大97購02  ,0,0,0,0,0,0,0,0,0,-10000,0,0,0,20000,30000,-10000,-10000
055431,和鑫群益98購01  ,0,0,0,0,0,0,0,0,0,-10000,0,0,0,0,10000,-10000,-10000
055732,全新元富9A購01  ,0,0,0,0,0,0,0,0,0,-10000,0,0,0,0,10000,-10000,-10000
055598,欣興元大97購03  ,0,0,0,0,0,0,0,0,0,-10000,0,0,0,0,10000,-10000,-10000
055585,國巨元大98購08  ,0,0,0,0,0,0,0,0,0,-10000,0,0,0,0,10000,-10000,-10000
8442,威宏-KY         ,0,0,0,0,0,0,0,0,0,-10000,0,10000,-10000,0,0,0,-10000
6573,虹揚-KY         ,4000,14000,-10000,0,0,0,0,0,0,0,0,0,0,0,0,0,-10000
6177,達麗            ,36000,46797,-10797,0,0,0,0,0,0,0,0,0,0,0,0,0,-10797
2444,兆勁            ,4000,15000,-11000,0,0,0,0,0,0,0,0,0,0,0,0,0,-11000
2496,卓越            ,0,11000,-11000,0,0,0,0,0,0,0,0,0,0,0,0,0,-11000
2530,華建            ,1000,12000,-11000,0,0,0,0,0,0,0,0,0,0,0,0,0,-11000
3021,鴻名            ,3000,14000,-11000,0,0,0,0,0,0,0,0,0,0,0,0,0,-11000
056973,T50反1永昌9C購01,0,0,0,0,0,0,0,0,0,-11000,0,0,0,19000,30000,-11000,-11000
07273P,台灣50群益99售03,0,0,0,0,0,0,0,0,0,-11000,0,0,0,150000,161000,-11000,-11000
1439,中和            ,30000,41000,-11000,0,0,0,0,0,0,0,0,0,0,0,0,0,-11000
1465,偉全            ,0,11000,-11000,0,0,0,0,0,0,0,0,0,0,0,0,0,-11000
059023,可成統一9B購02  ,0,0,0,0,0,0,0,0,0,-11000,0,0,0,0,11000,-11000,-11000
06142P,台虹康和97售02  ,0,0,0,0,0,0,0,0,0,-11000,0,0,0,0,11000,-11000,-11000
06832P,玉晶光凱基98售03,0,0,0,0,0,0,0,0,0,-11000,0,0,0,19000,30000,-11000,-11000
057863,美律凱基9A購01  ,0,0,0,0,0,0,0,0,0,-11000,0,0,0,0,11000,-11000,-11000
05764P,世紀鋼永豐96售03,0,0,0,0,0,0,0,0,0,-11000,0,0,0,41000,52000,-11000,-11000
057634,道瓊反元大99購01,0,0,0,0,0,0,0,0,0,-11000,0,0,0,3000,14000,-11000,-11000
054704,玉晶光第一97購01,0,0,0,0,0,0,0,0,0,-11000,0,0,0,0,11000,-11000,-11000
059221,聯發科元大99購21,0,0,0,0,0,0,0,0,0,-11000,0,0,0,0,11000,-11000,-11000
059476,道瓊指群益9C購01,0,0,0,0,0,0,0,0,0,-11000,0,0,0,0,11000,-11000,-11000
059499,滬深2X元富9C購07,0,0,0,0,0,0,0,0,0,-11000,0,0,0,0,11000,-11000,-11000
052689,玉晶光元大98購03,0,0,0,0,0,0,0,0,0,-11000,0,0,0,29000,40000,-11000,-11000
056272,嘉澤統一99購01  ,0,0,0,0,0,0,0,0,0,-11000,0,0,0,0,11000,-11000,-11000
04809P,台光電群益94售04,0,0,0,0,0,0,0,0,0,-11000,0,0,0,0,11000,-11000,-11000
04787P,台積電永昌96售04,0,0,0,0,0,0,0,0,0,-11000,0,0,0,50000,61000,-11000,-11000
046928,奇鋐富邦97購01  ,0,0,0,0,0,0,0,0,0,-11000,0,0,0,0,11000,-11000,-11000
046937,聯電元大99購01  ,0,0,0,0,0,0,0,0,0,-11000,0,0,0,0,11000,-11000,-11000
047383,鴻海元大95購01  ,0,0,0,0,0,0,0,0,0,-11000,0,0,0,0,11000,-11000,-11000
045443,群創元富98購01  ,0,0,0,0,0,0,0,0,0,-11000,0,0,0,0,11000,-11000,-11000
8070,長華*           ,14000,24000,-10000,0,0,0,0,0,0,-1000,0,1000,-1000,0,0,0,-11000
9902,台火            ,9000,16000,-7000,0,0,0,0,0,0,-4000,0,4000,-4000,0,0,0,-11000
4912,聯德控股-KY     ,4801,16000,-11199,0,0,0,0,0,0,0,0,0,0,0,0,0,-11199
5533,皇鼎            ,0,12000,-12000,0,0,0,0,0,0,0,0,0,0,0,0,0,-12000
4989,榮科            ,4000,17000,-13000,0,0,0,0,0,0,1000,1000,0,1000,0,0,0,-12000
2425,承啟            ,241000,253000,-12000,0,0,0,0,0,0,0,0,0,0,0,0,0,-12000
2239,英利-KY         ,10000,24000,-14000,0,0,0,0,0,0,2000,2000,0,2000,0,0,0,-12000
1737,臺鹽            ,35000,47000,-12000,0,0,0,0,0,0,0,0,0,0,0,0,0,-12000
07245P,台積電凱基99售16,0,0,0,0,0,0,0,0,0,-12000,0,0,0,123000,135000,-12000,-12000
1203,味王            ,0,12000,-12000,0,0,0,0,0,0,0,0,0,0,0,0,0,-12000
057949,南電國票99購01  ,0,0,0,0,0,0,0,0,0,-12000,0,0,0,0,12000,-12000,-12000
059401,牧德元富99購01  ,0,0,0,0,0,0,0,0,0,-12000,0,0,0,30000,42000,-12000,-12000
07123P,鴻海元大99售23  ,0,0,0,0,0,0,0,0,0,-12000,0,0,0,150000,162000,-12000,-12000
06254P,臺股指群益97售07,0,0,0,0,0,0,0,0,0,-12000,0,0,0,2000,14000,-12000,-12000
04413P,玉晶光元富94售01,0,0,0,0,0,0,0,0,0,-12000,0,0,0,8000,20000,-12000,-12000
04753P,台積電統一94售11,0,0,0,0,0,0,0,0,0,-12000,0,0,0,0,12000,-12000,-12000
053404,致新群益96購01  ,0,0,0,0,0,0,0,0,0,-12000,0,0,0,0,12000,-12000,-12000
053184,世紀鋼元富96購01,0,0,0,0,0,0,0,0,0,-12000,0,0,0,61000,73000,-12000,-12000
052658,友達元富9C購01  ,0,0,0,0,0,0,0,0,0,-12000,0,0,0,0,12000,-12000,-12000
05634P,玉晶光台新97售01,0,0,0,0,0,0,0,0,0,-12000,0,0,0,10000,22000,-12000,-12000
055038,華航富邦99購01  ,0,0,0,0,0,0,0,0,0,-12000,0,0,0,0,12000,-12000,-12000
052042,台積電日盛95購02,0,0,0,0,0,0,0,0,0,-12000,0,0,0,0,12000,-12000,-12000
059389,國巨凱基99購14  ,0,0,0,0,0,0,0,0,0,-12000,0,0,0,102000,114000,-12000,-12000
059387,華通凱基9A購03  ,0,0,0,0,0,0,0,0,0,-12000,0,0,0,0,12000,-12000,-12000
059166,友達凱基99購05  ,0,0,0,0,0,0,0,0,0,-12000,0,0,0,0,12000,-12000,-12000
8497,格威傳媒        ,0,12000,-12000,0,0,0,0,0,0,0,0,0,0,0,0,0,-12000
06475P,牧德永豐98售03  ,0,0,0,0,0,0,0,0,0,-13000,0,0,0,0,13000,-13000,-13000
07022P,嘉晶永豐99售02  ,0,0,0,0,0,0,0,0,0,-13000,0,0,0,2000,15000,-13000,-13000
07142P,台灣50元大01售01,0,0,0,0,0,0,0,0,0,-13000,0,0,0,39000,52000,-13000,-13000
058357,智邦凱基99購02  ,0,0,0,0,0,0,0,0,0,-13000,0,0,0,0,13000,-13000,-13000
059447,臺股指元大99購28,0,0,0,0,0,0,0,0,0,-13000,0,0,0,2000,15000,-13000,-13000
1416,廣豐            ,0,13000,-13000,0,0,0,0,0,0,0,0,0,0,0,0,0,-13000
1432,大魯閣          ,0,13000,-13000,0,0,0,0,0,0,0,0,0,0,0,0,0,-13000
1307,三芳            ,6000,19000,-13000,0,0,0,0,0,0,0,0,0,0,0,0,0,-13000
1721,三晃            ,8000,21000,-13000,0,0,0,0,0,0,0,0,0,0,0,0,0,-13000
1723,中碳            ,8000,19000,-11000,0,0,0,0,0,0,-2000,0,2000,-2000,0,0,0,-13000
1527,鑽全            ,412000,425000,-13000,0,0,0,0,0,0,0,0,0,0,0,0,0,-13000
2882A,國泰特          ,0,0,0,0,0,0,0,0,0,-13000,1000,14000,-13000,0,0,0,-13000
6243,迅杰            ,0,13000,-13000,0,0,0,0,0,0,0,0,0,0,0,0,0,-13000
4571,鈞興-KY         ,14000,4000,10000,0,0,0,0,0,0,-23000,0,23000,-23000,0,0,0,-13000
4540,全球傳動        ,32000,45000,-13000,0,0,0,0,0,0,0,0,0,0,0,0,0,-13000
3501,維熹            ,75000,88000,-13000,0,0,0,0,0,0,0,0,0,0,0,0,0,-13000
06124P,超眾元大97售03  ,0,0,0,0,0,0,0,0,0,-13000,0,0,0,116000,129000,-13000,-13000
059378,台光電群益9B購01,0,0,0,0,0,0,0,0,0,-13000,0,0,0,0,13000,-13000,-13000
054669,凌華元富97購01  ,0,0,0,0,0,0,0,0,0,-13000,0,0,0,10000,23000,-13000,-13000
051673,玉晶光元大96購04,0,0,0,0,0,0,0,0,0,-13000,0,0,0,68000,81000,-13000,-13000
056587,聯發科統一9A購01,0,0,0,0,0,0,0,0,0,-13000,0,0,0,0,13000,-13000,-13000
054932,台肥元大97購01  ,0,0,0,0,0,0,0,0,0,-13000,0,0,0,0,13000,-13000,-13000
049929,祥碩元大94購03  ,0,0,0,0,0,0,0,0,0,-13000,0,0,0,0,13000,-13000,-13000
045842,T50反1台新98購01,0,0,0,0,0,0,0,0,0,-13000,0,0,0,0,13000,-13000,-13000
03094X,大立光元大68展08,3000,0,3000,0,0,0,0,0,0,-16000,0,0,0,0,16000,-16000,-13000
036630,玉山金台新99購01,0,0,0,0,0,0,0,0,0,-13000,0,0,0,22000,35000,-13000,-13000
9937,全國            ,0,13000,-13000,0,0,0,0,0,0,0,0,0,0,0,0,0,-13000
6715,嘉基            ,11000,8000,3000,0,0,0,0,0,0,-16000,0,16000,-16000,0,0,0,-13000
3694,海華            ,0,14000,-14000,0,0,0,0,0,0,0,0,0,0,0,0,0,-14000
5525,順天            ,2000,16000,-14000,0,0,0,0,0,0,0,0,0,0,0,0,0,-14000
3027,盛達            ,3000,17000,-14000,0,0,0,0,0,0,0,0,0,0,0,0,0,-14000
2506,太設            ,0,14000,-14000,0,0,0,0,0,0,0,0,0,0,0,0,0,-14000
07278P,台灣50元富9C售03,0,0,0,0,0,0,0,0,0,-14000,0,0,0,0,14000,-14000,-14000
05703P,矽力群益96售03  ,0,0,0,0,0,0,0,0,0,-14000,0,0,0,33000,47000,-14000,-14000
05942P,奇力新凱基96售04,0,0,0,0,0,0,0,0,0,-14000,0,0,0,15000,29000,-14000,-14000
07124P,台積電元大99售21,0,0,0,0,0,0,0,0,0,-14000,0,0,0,41000,55000,-14000,-14000
06990P,康友元富99售03  ,0,0,0,0,0,0,0,0,0,-14000,0,0,0,10000,24000,-14000,-14000
059307,T50反1元大99購06,0,0,0,0,0,0,0,0,0,-14000,0,0,0,1000,15000,-14000,-14000
057194,南電元大98購01  ,0,0,0,0,0,0,0,0,0,-14000,0,0,0,12000,26000,-14000,-14000
057640,台積電元大98購16,0,0,0,0,0,0,0,0,0,-14000,0,0,0,0,14000,-14000,-14000
05037P,華新科元大95售09,0,0,0,0,0,0,0,0,0,-14000,0,0,0,5000,19000,-14000,-14000
04401P,玉晶光兆豐94售01,0,0,0,0,0,0,0,0,0,-14000,0,0,0,1000,15000,-14000,-14000
04642P,台積電凱基94售20,0,0,0,0,0,0,0,0,0,-14000,0,0,0,0,14000,-14000,-14000
053769,香港反元大99購01,0,0,0,0,0,0,0,0,0,-14000,0,0,0,0,14000,-14000,-14000
8374,羅昇            ,4000,18000,-14000,0,0,0,0,0,0,0,0,0,0,0,0,0,-14000
9136,巨騰-DR         ,0,14000,-14000,0,0,0,0,0,0,0,0,0,0,0,0,0,-14000
9908,大台北          ,11000,25000,-14000,0,0,0,0,0,0,0,0,0,0,0,0,0,-14000
2231,為升            ,19496,2800,16696,0,0,0,0,29000,-29000,-2434,0,0,0,0,2434,-2434,-14738
1532,勤美            ,341000,356000,-15000,0,0,0,0,0,0,0,0,0,0,0,0,0,-15000
058931,玉晶光統一9C購01,0,0,0,0,0,0,0,0,0,-15000,0,0,0,0,15000,-15000,-15000
058876,南電國票9A購02  ,0,0,0,0,0,0,0,0,0,-15000,0,0,0,0,15000,-15000,-15000
2509,全坤建          ,0,15000,-15000,0,0,0,0,0,0,0,0,0,0,0,0,0,-15000
057171,台光電元大9B購01,0,0,0,0,0,0,0,0,0,-15000,0,0,0,0,15000,-15000,-15000
058767,亞德客兆豐99購01,0,0,0,0,0,0,0,0,0,-15000,0,0,0,0,15000,-15000,-15000
056617,美律永豐98購01  ,0,0,0,0,0,0,0,0,0,-15000,0,0,0,0,15000,-15000,-15000
06283P,祥碩永豐97售01  ,0,0,0,0,0,0,0,0,0,-15000,0,0,0,5000,20000,-15000,-15000
06980P,緯穎永豐99售02  ,0,0,0,0,0,0,0,0,0,-15000,0,0,0,0,15000,-15000,-15000
06323P,台郡統一97售01  ,0,0,0,0,0,0,0,0,0,-15000,0,0,0,0,15000,-15000,-15000
059404,鴻海台新99購03  ,0,0,0,0,0,0,0,0,0,-15000,0,0,0,0,15000,-15000,-15000
058290,南電國票9A購01  ,0,0,0,0,0,0,0,0,0,-15000,0,0,0,0,15000,-15000,-15000
052997,國巨康和96購01  ,0,0,0,0,0,0,0,0,0,-15000,0,0,0,0,15000,-15000,-15000
05301P,矽力元大95售02  ,0,0,0,0,0,0,0,0,0,-15000,0,0,0,25000,40000,-15000,-15000
053097,超眾統一96購03  ,0,0,0,0,0,0,0,0,0,-15000,0,0,0,0,15000,-15000,-15000
05565P,鎧勝元大96售01  ,0,0,0,0,0,0,0,0,0,-15000,0,0,0,0,15000,-15000,-15000
054896,聯茂日盛97購01  ,0,0,0,0,0,0,0,0,0,-15000,0,0,0,5000,20000,-15000,-15000
055760,新日興群益98購02,0,0,0,0,0,0,0,0,0,-15000,0,0,0,0,15000,-15000,-15000
059505,上証2X永豐99購02,0,0,0,0,0,0,0,0,0,-15000,0,0,0,0,15000,-15000,-15000
05965P,健策凱基96售05  ,0,0,0,0,0,0,0,0,0,-15000,0,0,0,0,15000,-15000,-15000
05991P,聯茂群益96售05  ,0,0,0,0,0,0,0,0,0,-15000,0,0,0,5000,20000,-15000,-15000
03751P,旺宏富邦95售01  ,0,0,0,0,0,0,0,0,0,-15000,0,0,0,15000,30000,-15000,-15000
049559,香港反統一94購02,0,0,0,0,0,0,0,0,0,-15000,0,0,0,0,15000,-15000,-15000
049492,聯發科元大95購02,0,0,0,0,0,0,0,0,0,-15000,0,0,0,0,15000,-15000,-15000
051227,技嘉群益97購01  ,0,0,0,0,0,0,0,0,0,-15000,0,0,0,0,15000,-15000,-15000
04819P,嘉澤永豐94售01  ,0,0,0,0,0,0,0,0,0,-15000,0,0,0,0,15000,-15000,-15000
8454,富邦媒          ,64000,83000,-19000,0,0,0,1000,0,1000,3000,4000,1000,3000,0,0,0,-15000
059427,國巨元大99購24  ,0,0,0,0,0,0,0,0,0,-16000,0,0,0,4000,20000,-16000,-16000
05677P,玉晶光群益98售03,0,0,0,0,0,0,0,0,0,-16000,0,0,0,16000,32000,-16000,-16000
5706,鳳凰            ,13000,29000,-16000,0,0,0,0,0,0,0,0,0,0,0,0,0,-16000
6128,上福            ,0,16000,-16000,0,0,0,0,0,0,0,0,0,0,0,0,0,-16000
6164,華興            ,0,16000,-16000,0,0,0,0,0,0,0,0,0,0,0,0,0,-16000
4190,佐登-KY         ,45000,65000,-20000,0,0,0,0,0,0,4000,3000,0,3000,1000,0,1000,-16000
05888P,友達元大97售01  ,0,0,0,0,0,0,0,0,0,-16000,0,0,0,44000,60000,-16000,-16000
05704P,矽力群益96售04  ,0,0,0,0,0,0,0,0,0,-16000,0,0,0,55000,71000,-16000,-16000
056989,鴻海兆豐98購02  ,0,0,0,0,0,0,0,0,0,-16000,0,0,0,4000,20000,-16000,-16000
07284P,大立光凱基99售10,0,0,0,0,0,0,0,0,0,-16000,0,0,0,0,16000,-16000,-16000
1220,台榮            ,0,16000,-16000,0,0,0,0,0,0,0,0,0,0,0,0,0,-16000
049129,S&P反1元大97購01,0,0,0,0,0,0,0,0,0,-16000,0,0,0,0,16000,-16000,-16000
052806,玉晶光元大98購04,0,0,0,0,0,0,0,0,0,-16000,0,0,0,4000,20000,-16000,-16000
07241P,台灣50國票9A售05,0,0,0,0,0,0,0,0,0,-17000,0,0,0,0,17000,-17000,-17000
2305,全友            ,5000,22000,-17000,0,0,0,0,0,0,0,0,0,0,0,0,0,-17000
3058,立德            ,5000,22000,-17000,0,0,0,0,0,0,0,0,0,0,0,0,0,-17000
057646,玉山金元大98購01,0,0,0,0,0,0,0,0,0,-17000,0,0,0,0,17000,-17000,-17000
07208P,台積電凱基99售14,0,0,0,0,0,0,0,0,0,-17000,0,0,0,390000,407000,-17000,-17000
058284,滬深反群益01購01,0,0,0,0,0,0,0,0,0,-17000,0,0,0,0,17000,-17000,-17000
059231,華通國票9A購04  ,0,0,0,0,0,0,0,0,0,-17000,0,0,0,8000,25000,-17000,-17000
047769,大立光元大96購01,0,0,0,0,0,0,0,0,0,-17000,0,0,0,40000,57000,-17000,-17000
6452,康友-KY         ,940307,921822,18485,0,0,0,0,0,0,-36000,0,0,0,2000,38000,-36000,-17515
3011,今皓            ,0,18000,-18000,0,0,0,0,0,0,0,0,0,0,0,0,0,-18000
2642,宅配通          ,16000,34000,-18000,0,0,0,0,0,0,0,0,0,0,0,0,0,-18000
1528,恩德            ,7000,24000,-17000,0,0,0,0,0,0,-1000,0,1000,-1000,0,0,0,-18000
1611,中電            ,118000,136000,-18000,0,0,0,0,0,0,0,0,0,0,0,0,0,-18000
1506,正道            ,5000,23000,-18000,0,0,0,0,0,0,0,0,0,0,0,0,0,-18000
1463,強盛            ,0,18000,-18000,0,0,0,0,0,0,0,0,0,0,0,0,0,-18000
1446,宏和            ,9000,27000,-18000,0,0,0,0,0,0,0,0,0,0,0,0,0,-18000
059007,南電元大99購05  ,0,0,0,0,0,0,0,0,0,-18000,0,0,0,0,18000,-18000,-18000
058524,超眾元大99購04  ,0,0,0,0,0,0,0,0,0,-18000,0,0,0,0,18000,-18000,-18000
048793,超眾元大95購02  ,0,0,0,0,0,0,0,0,0,-18000,0,0,0,0,18000,-18000,-18000
049410,統一凱基94購02  ,0,0,0,0,0,0,0,0,0,-18000,0,0,0,0,18000,-18000,-18000
053424,欣興永豐96購02  ,0,0,0,0,0,0,0,0,0,-18000,0,0,0,0,18000,-18000,-18000
055907,台虹兆豐98購01  ,0,0,0,0,0,0,0,0,0,-18000,0,0,0,0,18000,-18000,-18000
05076P,深中小群益99售02,0,0,0,0,0,0,0,0,0,-18000,0,0,0,0,18000,-18000,-18000
050612,台積電元大95購06,0,0,0,0,0,0,0,0,0,-18000,0,0,0,0,18000,-18000,-18000
04624P,台積電元大94售14,0,0,0,0,0,0,0,0,0,-18000,0,0,0,6000,24000,-18000,-18000
04431P,牧德元大94售03  ,0,0,0,0,0,0,0,0,0,-18000,0,0,0,2000,20000,-18000,-18000
052903,致茂國票97購01  ,0,0,0,0,0,0,0,0,0,-18000,0,0,0,92000,110000,-18000,-18000
05234P,美食康和95售01  ,0,0,0,0,0,0,0,0,0,-18000,0,0,0,18000,36000,-18000,-18000
056424,泰碩統一98購01  ,0,0,0,0,0,0,0,0,0,-18000,0,0,0,10000,28000,-18000,-18000
9942,茂順            ,2000,20000,-18000,0,0,0,0,0,0,0,0,0,0,0,0,0,-18000
06782P,大立光元大99售07,0,0,0,0,0,0,0,0,0,-19000,0,0,0,22000,41000,-19000,-19000
06730P,祥碩元大98售07  ,0,0,0,0,0,0,0,0,0,-19000,0,0,0,10000,29000,-19000,-19000
07126P,台積電元大99售23,0,0,0,0,0,0,0,0,0,-19000,0,0,0,561000,580000,-19000,-19000
058471,台積電日盛9C購01,0,0,0,0,0,0,0,0,0,-19000,0,0,0,5000,24000,-19000,-19000
1435,中福            ,15000,34000,-19000,0,0,0,0,0,0,0,0,0,0,0,0,0,-19000
1708,東鹼            ,36000,54000,-18000,0,0,0,0,0,0,-1000,0,1000,-1000,0,0,0,-19000
3024,憶聲            ,18000,37000,-19000,0,0,0,0,0,0,0,0,0,0,0,0,0,-19000
2450,神腦            ,2000,20000,-18000,0,0,0,0,0,0,-1000,0,1000,-1000,0,0,0,-19000
6168,宏齊            ,19000,37000,-18000,0,0,0,0,0,0,-1000,1000,2000,-1000,0,0,0,-19000
059200,京鼎永豐99購02  ,0,0,0,0,0,0,0,0,0,-19000,0,0,0,0,19000,-19000,-19000
051665,台積電元大96購07,0,0,0,0,0,0,0,0,0,-19000,0,0,0,0,19000,-19000,-19000
2812,台中銀          ,1326124,1326149,-25,0,0,0,0,0,0,-19000,7000,26000,-19000,0,0,0,-19025
2427,三商電          ,0,20000,-20000,0,0,0,0,0,0,0,0,0,0,0,0,0,-20000
059102,聯鈞元富99購01  ,0,0,0,0,0,0,0,0,0,-20000,0,0,0,101000,121000,-20000,-20000
07266P,大立光元大99售19,0,0,0,0,0,0,0,0,0,-20000,0,0,0,0,20000,-20000,-20000
056981,全新群益99購03  ,0,0,0,0,0,0,0,0,0,-20000,0,0,0,0,20000,-20000,-20000
058909,神達元大99購03  ,0,0,0,0,0,0,0,0,0,-20000,0,0,0,0,20000,-20000,-20000
058882,晶相光永豐99購01,0,0,0,0,0,0,0,0,0,-20000,0,0,0,0,20000,-20000,-20000
058434,旺宏統一9B購01  ,0,0,0,0,0,0,0,0,0,-20000,0,0,0,0,20000,-20000,-20000
07131P,緯穎元大99售06  ,0,0,0,0,0,0,0,0,0,-20000,0,0,0,120000,140000,-20000,-20000
07101P,台郡元大99售06  ,0,0,0,0,0,0,0,0,0,-20000,0,0,0,0,20000,-20000,-20000
059453,奇力新永豐99購01,0,0,0,0,0,0,0,0,0,-20000,0,0,0,0,20000,-20000,-20000
058188,華擎永豐99購01  ,0,0,0,0,0,0,0,0,0,-20000,0,0,0,0,20000,-20000,-20000
06638P,鴻海統一99售02  ,0,0,0,0,0,0,0,0,0,-20000,0,0,0,0,20000,-20000,-20000
058088,鴻海元大9A購01  ,0,0,0,0,0,0,0,0,0,-20000,0,0,0,0,20000,-20000,-20000
058119,華新亞東99購01  ,0,0,0,0,0,0,0,0,0,-20000,0,0,0,0,20000,-20000,-20000
06506P,台郡國票99售02  ,0,0,0,0,0,0,0,0,0,-20000,0,0,0,0,20000,-20000,-20000
07041P,T50反1元大9C售01,0,0,0,0,0,0,0,0,0,-20000,0,0,0,10000,30000,-20000,-20000
057537,聯茂元大98購04  ,0,0,0,0,0,0,0,0,0,-20000,0,0,0,10000,30000,-20000,-20000
057492,大立光元大98購18,0,0,0,0,0,0,0,0,0,-20000,0,0,0,0,20000,-20000,-20000
056863,義隆群益98購01  ,0,0,0,0,0,0,0,0,0,-20000,0,0,0,0,20000,-20000,-20000
057947,和碩國票99購01  ,0,0,0,0,0,0,0,0,0,-20000,0,0,0,0,20000,-20000,-20000
054211,奇鋐國票97購03  ,0,0,0,0,0,0,0,0,0,-20000,0,0,0,0,20000,-20000,-20000
054559,台光電群益99購01,0,0,0,0,0,0,0,0,0,-20000,0,0,0,0,20000,-20000,-20000
05443P,宏達電元大95售05,0,0,0,0,0,0,0,0,0,-20000,0,0,0,15000,35000,-20000,-20000
054417,牧德元大96購01  ,0,0,0,0,0,0,0,0,0,-20000,0,0,0,0,20000,-20000,-20000
054456,華泰群益99購01  ,0,0,0,0,0,0,0,0,0,-20000,0,0,0,0,20000,-20000,-20000
054514,道瓊銀元大98購01,0,0,0,0,0,0,0,0,0,-20000,0,0,0,0,20000,-20000,-20000
055737,開發金元富97購01,0,0,0,0,0,0,0,0,0,-20000,0,0,0,0,20000,-20000,-20000
055475,臻鼎凱基97購02  ,0,0,0,0,0,0,0,0,0,-20000,0,0,0,0,20000,-20000,-20000
059195,國巨永豐99購04  ,0,0,0,0,0,0,0,0,0,-20000,0,0,0,16000,36000,-20000,-20000
059488,大立光兆豐99購03,0,0,0,0,0,0,0,0,0,-20000,0,0,0,0,20000,-20000,-20000
059371,聯鈞元富99購02  ,0,0,0,0,0,0,0,0,0,-20000,0,0,0,4000,24000,-20000,-20000
059470,華新科元大99購16,0,0,0,0,0,0,0,0,0,-20000,0,0,0,0,20000,-20000,-20000
059471,華新科元大99購17,0,0,0,0,0,0,0,0,0,-20000,0,0,0,0,20000,-20000,-20000
059479,國巨群益99購10  ,0,0,0,0,0,0,0,0,0,-20000,0,0,0,0,20000,-20000,-20000
054186,高鐵永豐96購01  ,0,0,0,0,0,0,0,0,0,-20000,0,0,0,0,20000,-20000,-20000
05409P,京元電元富95售05,0,0,0,0,0,0,0,0,0,-20000,0,0,0,0,20000,-20000,-20000
054025,鴻海凱基96購17  ,0,0,0,0,0,0,0,0,0,-20000,0,0,0,0,20000,-20000,-20000
053082,聯電元大98購03  ,0,0,0,0,0,0,0,0,0,-20000,0,0,0,0,20000,-20000,-20000
051995,矽力元大95購03  ,0,0,0,0,0,0,0,0,0,-20000,0,0,0,0,20000,-20000,-20000
051842,大成鋼富邦97購01,0,0,0,0,0,0,0,0,0,-20000,0,0,0,0,20000,-20000,-20000
056538,國泰金凱基98購01,0,0,0,0,0,0,0,0,0,-20000,0,0,0,0,20000,-20000,-20000
054969,亞翔元大97購01  ,0,0,0,0,0,0,0,0,0,-20000,0,0,0,0,20000,-20000,-20000
054971,帆宣元大97購02  ,0,0,0,0,0,0,0,0,0,-20000,0,0,0,0,20000,-20000,-20000
055065,神達永豐97購01  ,0,0,0,0,0,0,0,0,0,-20000,0,0,0,0,20000,-20000,-20000
055376,群創元大01購01  ,0,0,0,0,0,0,0,0,0,-20000,0,0,0,0,20000,-20000,-20000
052739,國巨元大96購04  ,0,0,0,0,0,0,0,0,0,-20000,0,0,0,0,20000,-20000,-20000
052915,創意元富96購01  ,0,0,0,0,0,0,0,0,0,-20000,0,0,0,0,20000,-20000,-20000
056360,智邦元大98購01  ,0,0,0,0,0,0,0,0,0,-20000,0,0,0,0,20000,-20000,-20000
052201,超眾統一96購01  ,0,0,0,0,0,0,0,0,0,-20000,0,0,0,20000,40000,-20000,-20000
04433P,上証2X國票95售01,0,0,0,0,0,0,0,0,0,-20000,0,0,0,0,20000,-20000,-20000
044088,國巨元富95購01  ,0,0,0,0,0,0,0,0,0,-20000,0,0,0,0,20000,-20000,-20000
03035X,元展32          ,0,0,0,0,0,0,0,0,0,-20000,0,0,0,0,20000,-20000,-20000
04607P,A50中信94售01   ,0,0,0,0,0,0,0,0,0,-20000,0,0,0,0,20000,-20000,-20000
05089P,亞德客元大95售01,0,0,0,0,0,0,0,0,0,-20000,0,0,0,0,20000,-20000,-20000
047420,全新富邦97購01  ,0,0,0,0,0,0,0,0,0,-20000,0,0,0,0,20000,-20000,-20000
051057,信邦群益95購01  ,0,0,0,0,0,0,0,0,0,-20000,0,0,0,0,20000,-20000,-20000
051158,嘉晶富邦96購01  ,0,0,0,0,0,0,0,0,0,-20000,0,0,0,0,20000,-20000,-20000
03826P,瀚宇博元大95售01,0,0,0,0,0,0,0,0,0,-20000,0,0,0,0,20000,-20000,-20000
038489,T50反1台新9A購01,0,0,0,0,0,0,0,0,0,-20000,0,0,0,0,20000,-20000,-20000
03669C,滬深2X元富09牛01,0,0,0,0,0,0,0,0,0,-20000,0,0,0,107000,127000,-20000,-20000
04405P,牧德國票95售01  ,0,0,0,0,0,0,0,0,0,-20000,0,0,0,0,20000,-20000,-20000
05049P,矽創永豐95售01  ,0,0,0,0,0,0,0,0,0,-20000,0,0,0,0,20000,-20000,-20000
050262,台積電元大94購21,0,0,0,0,0,0,0,0,0,-20000,0,0,0,0,20000,-20000,-20000
053130,聯發科麥證96購01,0,0,0,0,20000,-20000,0,0,0,-20000,0,0,0,0,20000,-20000,-20000
048420,祥碩統一93購01  ,0,0,0,0,0,0,0,0,0,-20000,0,0,0,0,20000,-20000,-20000
053296,貿聯中信98購01  ,0,0,0,0,0,0,0,0,0,-20000,0,0,0,0,20000,-20000,-20000
049789,世紀鋼兆豐94購01,0,0,0,0,0,0,0,0,0,-20000,0,0,0,0,20000,-20000,-20000
047673,瑞昱元富96購01  ,0,0,0,0,0,0,0,0,0,-20000,0,0,0,0,20000,-20000,-20000
051249,潤泰全元大95購01,0,0,0,0,0,0,0,0,0,-20000,0,0,0,0,20000,-20000,-20000
8039,台虹            ,674000,668840,5160,0,0,0,0,0,0,-26000,8000,12000,-4000,8000,30000,-22000,-20840
057919,技嘉凱基98購03  ,0,0,0,0,0,0,0,0,0,-21000,0,0,0,29000,50000,-21000,-21000
05721P,全新群益98售02  ,0,0,0,0,0,0,0,0,0,-21000,0,0,0,10000,31000,-21000,-21000
07222P,台灣50元大01售04,0,0,0,0,0,0,0,0,0,-21000,0,0,0,0,21000,-21000,-21000
07211P,南亞科凱基99售05,0,0,0,0,0,0,0,0,0,-21000,0,0,0,1000,22000,-21000,-21000
06300P,緯穎元大97售04  ,0,0,0,0,0,0,0,0,0,-21000,0,0,0,2000,23000,-21000,-21000
059438,群創元大99購06  ,0,0,0,0,0,0,0,0,0,-21000,0,0,0,10000,31000,-21000,-21000
2904,匯僑            ,6000,0,6000,0,0,0,0,0,0,-27000,0,27000,-27000,0,0,0,-21000
050519,旺宏元大95購03  ,0,0,0,0,0,0,0,0,0,-21000,0,0,0,10000,31000,-21000,-21000
052933,祥碩元大96購01  ,0,0,0,0,0,0,0,0,0,-21000,0,0,0,9000,30000,-21000,-21000
059392,臺股指凱基99購38,0,0,0,0,0,0,0,0,0,-21000,0,0,0,0,21000,-21000,-21000
059393,臺股指凱基99購39,0,0,0,0,0,0,0,0,0,-21000,0,0,0,10000,31000,-21000,-21000
2850,新產            ,84000,106000,-22000,0,0,0,0,0,0,0,0,0,0,0,0,0,-22000
2414,精技            ,10000,32000,-22000,0,0,0,0,0,0,0,0,0,0,0,0,0,-22000
1614,三洋電          ,2000,24000,-22000,0,0,0,0,0,0,0,0,0,0,0,0,0,-22000
058054,台積電統一9C購01,0,0,0,0,0,0,0,0,0,-22000,0,0,0,20000,42000,-22000,-22000
07219P,臺股指凱基99售32,0,0,0,0,0,0,0,0,0,-22000,0,0,0,2000,24000,-22000,-22000
05669P,嘉晶永豐96售03  ,0,0,0,0,0,0,0,0,0,-22000,0,0,0,7000,29000,-22000,-22000
056910,超眾元大99購02  ,0,0,0,0,0,0,0,0,0,-22000,0,0,0,41000,63000,-22000,-22000
057466,泰鼎永豐98購01  ,0,0,0,0,0,0,0,0,0,-22000,0,0,0,5000,27000,-22000,-22000
059531,華新科凱基9B購02,0,0,0,0,0,0,0,0,0,-22000,0,0,0,0,22000,-22000,-22000
06075P,智邦凱基97售02  ,0,0,0,0,0,0,0,0,0,-22000,0,0,0,6000,28000,-22000,-22000
059215,台積電元大99購28,0,0,0,0,0,0,0,0,0,-22000,0,0,0,20000,42000,-22000,-22000
03980P,群創凱基95售02  ,0,0,0,0,0,0,0,0,0,-22000,0,0,0,0,22000,-22000,-22000
00762,元大全球AI      ,10000,10000,0,0,0,0,0,0,0,-22000,0,4000,-4000,21000,39000,-18000,-22000
056820,欣興永豐98購02  ,0,0,0,0,0,0,0,0,0,-23000,0,0,0,0,23000,-23000,-23000
057987,大立光元富98購02,0,0,0,0,0,0,0,0,0,-23000,0,0,0,60000,83000,-23000,-23000
06953P,景碩統一9A售01  ,0,0,0,0,0,0,0,0,0,-23000,0,0,0,0,23000,-23000,-23000
07075P,FBVIX凱基9C售04 ,0,0,0,0,0,0,0,0,0,-23000,0,0,0,0,23000,-23000,-23000
1442,名軒            ,19000,40000,-21000,0,0,0,0,0,0,-2000,1000,3000,-2000,0,0,0,-23000
06878P,台灣50日盛9B售01,0,0,0,0,0,0,0,0,0,-23000,0,0,0,3000,26000,-23000,-23000
2431,聯昌            ,6000,29000,-23000,0,0,0,0,0,0,0,0,0,0,0,0,0,-23000
2911,麗嬰房          ,2000,25000,-23000,0,0,0,0,0,0,0,0,0,0,0,0,0,-23000
5283,禾聯碩          ,17000,45000,-28000,0,0,0,0,0,0,5000,5000,0,5000,0,0,0,-23000
03618C,高股息凱基95牛01,0,0,0,0,0,0,0,0,0,-23000,0,0,0,0,23000,-23000,-23000
05064P,台積電元大95售10,0,0,0,0,0,0,0,0,0,-23000,0,0,0,68000,91000,-23000,-23000
049130,臺指反元大98購01,0,0,0,0,0,0,0,0,0,-23000,0,0,0,1000,24000,-23000,-23000
049221,健策國票95購02  ,0,0,0,0,0,0,0,0,0,-23000,0,0,0,12000,35000,-23000,-23000
05256P,義隆凱基95售02  ,0,0,0,0,0,0,0,0,0,-23000,0,0,0,0,23000,-23000,-23000
052519,旺宏元大95購05  ,0,0,0,0,0,0,0,0,0,-23000,0,0,0,0,23000,-23000,-23000
05192P,玉晶光台新96售02,0,0,0,0,0,0,0,0,0,-23000,0,0,0,76000,99000,-23000,-23000
053994,微星群益96購01  ,0,0,0,0,0,0,0,0,0,-23000,0,0,0,7000,30000,-23000,-23000
3661,世芯-KY         ,861414,1115000,-253586,0,0,0,210000,0,210000,20000,31000,20000,11000,16000,7000,9000,-23586
3419,譁裕            ,24000,48000,-24000,0,0,0,0,0,0,0,0,0,0,0,0,0,-24000
058826,台積電永豐99購02,0,0,0,0,0,0,0,0,0,-24000,0,0,0,0,24000,-24000,-24000
07118P,台積電凱基99售09,0,0,0,0,0,0,0,0,0,-24000,0,0,0,64000,88000,-24000,-24000
057902,嘉晶永豐98購02  ,0,0,0,0,0,0,0,0,0,-24000,0,0,0,0,24000,-24000,-24000
053195,玉晶光元富96購02,0,0,0,0,0,0,0,0,0,-24000,0,0,0,0,24000,-24000,-24000
04517P,宏達電群益95售01,0,0,0,0,0,0,0,0,0,-24000,0,0,0,61000,85000,-24000,-24000
8367,建新國際        ,0,24000,-24000,0,0,0,0,0,0,0,0,0,0,0,0,0,-24000
4919,新唐            ,74515,96858,-22343,0,0,0,0,0,0,-2000,0,0,0,4000,6000,-2000,-24343
059144,嘉晶國票9A購02  ,0,0,0,0,0,0,0,0,0,-25000,0,0,0,0,25000,-25000,-25000
1773,勝一            ,8000,33000,-25000,0,0,0,0,0,0,0,0,0,0,0,0,0,-25000
07175P,聯詠凱基99售02  ,0,0,0,0,0,0,0,0,0,-25000,0,0,0,0,25000,-25000,-25000
057380,技嘉國泰9A購01  ,0,0,0,0,0,0,0,0,0,-25000,0,0,0,30000,55000,-25000,-25000
059451,國巨永豐99購05  ,0,0,0,0,0,0,0,0,0,-25000,0,0,0,10000,35000,-25000,-25000
058264,瑞昱永豐99購01  ,0,0,0,0,0,0,0,0,0,-25000,0,0,0,16000,41000,-25000,-25000
059298,大立光元富9C購02,0,0,0,0,0,0,0,0,0,-25000,0,0,0,0,25000,-25000,-25000
059296,大立光元富99購06,0,0,0,0,0,0,0,0,0,-25000,0,0,0,15000,40000,-25000,-25000
00757,統一FANG+       ,0,0,0,0,0,0,0,0,0,-25000,0,0,0,240000,265000,-25000,-25000
05108P,欣興中信95售02  ,0,0,0,0,0,0,0,0,0,-25000,0,0,0,0,25000,-25000,-25000
053273,國巨元大96購08  ,0,0,0,0,0,0,0,0,0,-25000,0,0,0,0,25000,-25000,-25000
05603P,聯發科元大96售09,0,0,0,0,0,0,0,0,0,-25000,0,0,0,0,25000,-25000,-25000
052025,國巨群益96購01  ,0,0,0,0,0,0,0,0,0,-25000,0,0,0,15000,40000,-25000,-25000
052796,和碩兆豐96購01  ,0,0,0,0,0,0,0,0,0,-25000,0,0,0,0,25000,-25000,-25000
053621,臺股指群益96購07,0,0,0,0,0,0,0,0,0,-25000,0,0,0,0,25000,-25000,-25000
059514,嘉澤永豐99購02  ,0,0,0,0,0,0,0,0,0,-25000,0,0,0,0,25000,-25000,-25000
059502,台灣50台新9B購04,0,0,0,0,0,0,0,0,0,-25000,0,0,0,0,25000,-25000,-25000
06636P,可成凱基98售08  ,0,0,0,0,0,0,0,0,0,-26000,0,0,0,0,26000,-26000,-26000
056620,華新科永豐98購02,0,0,0,0,0,0,0,0,0,-26000,0,0,0,0,26000,-26000,-26000
06572P,台積電永昌99售01,0,0,0,0,0,0,0,0,0,-26000,0,0,0,230000,256000,-26000,-26000
1558,伸興            ,29000,55000,-26000,0,0,0,0,0,0,0,0,0,0,0,0,0,-26000
058897,國巨元大99購17  ,0,0,0,0,0,0,0,0,0,-26000,0,0,0,15000,41000,-26000,-26000
3617,碩天            ,47000,72000,-25000,0,0,0,0,0,0,-1000,0,1000,-1000,0,0,0,-26000
059490,國巨國票99購09  ,0,0,0,0,0,0,0,0,0,-26000,0,0,0,0,26000,-26000,-26000
06016P,京元電凱基96售03,0,0,0,0,0,0,0,0,0,-26000,0,0,0,23000,49000,-26000,-26000
06121P,同欣電凱基97售02,0,0,0,0,0,0,0,0,0,-26000,0,0,0,14000,40000,-26000,-26000
052518,道瓊反元大95購02,0,0,0,0,0,0,0,0,0,-26000,0,0,0,28000,54000,-26000,-26000
054943,群光元大97購01  ,0,0,0,0,0,0,0,0,0,-26000,0,0,0,74000,100000,-26000,-26000
051361,泰鼎元大95購01  ,0,0,0,0,0,0,0,0,0,-26000,0,0,0,10000,36000,-26000,-26000
040160,SP黃豆元富95購01,0,0,0,0,0,0,0,0,0,-26000,0,0,0,0,26000,-26000,-26000
4994,傳奇            ,3000,30000,-27000,0,0,0,0,0,0,0,0,0,0,0,0,0,-27000
2433,互盛電          ,10000,33000,-23000,0,0,0,0,0,0,-4000,0,4000,-4000,0,0,0,-27000
058836,FBVIX中信03購05 ,0,0,0,0,0,0,0,0,0,-27000,0,0,0,17000,44000,-27000,-27000
1474,弘裕            ,0,27000,-27000,0,0,0,0,0,0,0,0,0,0,0,0,0,-27000
056626,同欣電永豐98購01,0,0,0,0,0,0,0,0,0,-27000,0,0,0,0,27000,-27000,-27000
07025P,玉晶光凱基99售01,0,0,0,0,0,0,0,0,0,-27000,0,0,0,30000,57000,-27000,-27000
052822,泰碩永豐97購01  ,0,0,0,0,0,0,0,0,0,-27000,0,0,0,0,27000,-27000,-27000
059217,台積電元大99購30,0,0,0,0,0,0,0,0,0,-27000,0,0,0,11000,38000,-27000,-27000
055587,智邦元大97購02  ,0,0,0,0,0,0,0,0,0,-27000,0,0,0,28000,55000,-27000,-27000
07011P,宏達電凱基99售02,0,0,0,0,0,0,0,0,0,-28000,0,0,0,2000,30000,-28000,-28000
07109P,聯發科中信9B售02,0,0,0,0,0,0,0,0,0,-28000,0,0,0,0,28000,-28000,-28000
1522,堤維西          ,48000,76000,-28000,0,0,0,0,0,0,0,0,0,0,0,0,0,-28000
1618,合機            ,0,28000,-28000,0,0,0,0,0,0,0,0,0,0,0,0,0,-28000
05471P,聯電統一95售01  ,0,0,0,0,0,0,0,0,0,-28000,0,0,0,0,28000,-28000,-28000
056551,台郡凱基98購04  ,0,0,0,0,0,0,0,0,0,-28000,0,0,0,12000,40000,-28000,-28000
051902,T50反1元大97購01,0,0,0,0,0,0,0,0,0,-28000,0,0,0,0,28000,-28000,-28000
04373P,滬深2X元大97售01,0,0,0,0,0,0,0,0,0,-28000,0,0,0,0,28000,-28000,-28000
05101P,大立光凱基95售11,0,0,0,0,0,0,0,0,0,-28000,0,0,0,0,28000,-28000,-28000
046797,T50反1元大96購01,0,0,0,0,0,0,0,0,0,-28000,0,0,0,0,28000,-28000,-28000
055940,致新群益98購01  ,0,0,0,0,0,0,0,0,0,-28000,0,0,0,0,28000,-28000,-28000
055965,泰鼎元大97購03  ,0,0,0,0,0,0,0,0,0,-28000,0,0,0,202000,230000,-28000,-28000
6591,動力-KY         ,43000,71000,-28000,0,0,0,0,0,0,0,0,0,0,0,0,0,-28000
058795,可成元大99購03  ,0,0,0,0,0,0,0,0,0,-29000,0,0,0,1000,30000,-29000,-29000
2704,國賓            ,10000,39000,-29000,0,0,0,0,0,0,0,0,0,0,0,0,0,-29000
059468,智邦元大99購02  ,0,0,0,0,0,0,0,0,0,-29000,0,0,0,40000,69000,-29000,-29000
048119,臺指反元大96購03,0,0,0,0,0,0,0,0,0,-29000,0,0,0,1000,30000,-29000,-29000
04980P,臺股指凱基96售08,0,0,0,0,0,0,0,0,0,-29000,0,0,0,0,29000,-29000,-29000
00666R,富邦恒生國企反1 ,0,0,0,0,0,0,0,0,0,-29000,0,0,0,88000,117000,-29000,-29000
055637,亞德客元富97購01,0,0,0,0,0,0,0,0,0,-29000,0,0,0,134000,163000,-29000,-29000
05546P,全新元大97售01  ,0,0,0,0,0,0,0,0,0,-29000,0,0,0,1000,30000,-29000,-29000
059350,樺漢凱基9A購01  ,0,0,0,0,0,0,0,0,0,-29000,0,0,0,20000,49000,-29000,-29000
9105,泰金寶-DR       ,477000,506000,-29000,0,0,0,0,0,0,0,0,0,0,0,0,0,-29000
058323,泰鼎永豐9A購01  ,0,0,0,0,0,0,0,0,0,-30000,0,0,0,0,30000,-30000,-30000
058192,訊芯永豐99購01  ,0,0,0,0,0,0,0,0,0,-30000,0,0,0,0,30000,-30000,-30000
059440,康控元大9B購01  ,0,0,0,0,0,0,0,0,0,-30000,0,0,0,0,30000,-30000,-30000
059069,臺指反元大9C購01,0,0,0,0,0,0,0,0,0,-30000,0,0,0,0,30000,-30000,-30000
06394P,台積電元大97售28,0,0,0,0,0,0,0,0,0,-30000,0,0,0,0,30000,-30000,-30000
059325,超眾元大99購05  ,0,0,0,0,0,0,0,0,0,-30000,0,0,0,41000,71000,-30000,-30000
058085,景碩群益9A購01  ,0,0,0,0,0,0,0,0,0,-30000,0,0,0,0,30000,-30000,-30000
058067,台積電第一9C購01,0,0,0,0,0,0,0,0,0,-30000,0,0,0,0,30000,-30000,-30000
056637,台光電日盛9A購01,0,0,0,0,0,0,0,0,0,-30000,0,0,0,0,30000,-30000,-30000
056652,上証反元大9B購01,0,0,0,0,0,0,0,0,0,-30000,0,0,0,0,30000,-30000,-30000
056772,欣興元大99購01  ,0,0,0,0,0,0,0,0,0,-30000,0,0,0,6000,36000,-30000,-30000
057120,茂林康和98購01  ,0,0,0,0,0,0,0,0,0,-30000,0,0,0,0,30000,-30000,-30000
2906,高林            ,2000,32000,-30000,0,0,0,0,0,0,0,0,0,0,0,0,0,-30000
2493,揚博            ,6000,36000,-30000,0,0,0,0,0,0,0,0,0,0,0,0,0,-30000
6226,光鼎            ,31000,62000,-31000,0,0,0,0,0,0,1000,1000,0,1000,0,0,0,-30000
059486,A50正2兆豐9A購01,0,0,0,0,0,0,0,0,0,-30000,0,0,0,0,30000,-30000,-30000
055717,聯發科元大97購19,0,0,0,0,0,0,0,0,0,-30000,0,0,0,0,30000,-30000,-30000
055651,富邦金元富97購01,0,0,0,0,0,0,0,0,0,-30000,0,0,0,0,30000,-30000,-30000
055759,技嘉群益98購02  ,0,0,0,0,0,0,0,0,0,-30000,0,0,0,20000,50000,-30000,-30000
054699,復盛永豐97購01  ,0,0,0,0,0,0,0,0,0,-30000,0,0,0,0,30000,-30000,-30000
054375,貿聯中信99購01  ,0,0,0,0,0,0,0,0,0,-30000,0,0,0,0,30000,-30000,-30000
053913,華新國票97購01  ,0,0,0,0,0,0,0,0,0,-30000,0,0,0,20000,50000,-30000,-30000
054965,健策元大98購04  ,0,0,0,0,0,0,0,0,0,-30000,0,0,0,0,30000,-30000,-30000
053782,京元電元大98購02,0,0,0,0,0,0,0,0,0,-30000,0,0,0,0,30000,-30000,-30000
056310,神達元大97購02  ,0,0,0,0,0,0,0,0,0,-30000,0,0,0,0,30000,-30000,-30000
05044P,亞德客永豐95售01,0,0,0,0,0,0,0,0,0,-30000,0,0,0,5000,35000,-30000,-30000
051578,智邦元大96購01  ,0,0,0,0,0,0,0,0,0,-30000,0,0,0,0,30000,-30000,-30000
048273,南電富邦97購01  ,0,0,0,0,0,0,0,0,0,-30000,0,0,0,15000,45000,-30000,-30000
048568,緯穎元大93購06  ,0,0,0,0,0,0,0,0,0,-30000,0,0,0,0,30000,-30000,-30000
048571,美利達元大96購03,0,0,0,0,0,0,0,0,0,-30000,0,0,0,0,30000,-30000,-30000
053276,友達元大9C購01  ,0,0,0,0,0,0,0,0,0,-30000,0,0,0,100000,130000,-30000,-30000
055788,緯穎凱基97購04  ,0,0,0,0,0,0,0,0,0,-30000,0,0,0,5000,35000,-30000,-30000
055826,中石化元大97購01,0,0,0,0,0,0,0,0,0,-30000,0,0,0,0,30000,-30000,-30000
056103,聯發科永豐97購03,0,0,0,0,0,0,0,0,0,-30000,0,0,0,0,30000,-30000,-30000
053599,崇越元大96購01  ,0,0,0,0,0,0,0,0,0,-30000,0,0,0,0,30000,-30000,-30000
2362,藍天            ,65000,91000,-26000,0,0,0,0,0,0,-5000,0,5000,-5000,0,0,0,-31000
2546,根基            ,14000,45000,-31000,0,0,0,0,0,0,0,0,0,0,0,0,0,-31000
06802P,緯穎群益98售03  ,0,0,0,0,0,0,0,0,0,-31000,0,0,0,22000,53000,-31000,-31000
059300,國巨群益99購08  ,0,0,0,0,0,0,0,0,0,-31000,0,0,0,0,31000,-31000,-31000
058401,華航元大9A購01  ,0,0,0,0,0,0,0,0,0,-31000,0,0,0,0,31000,-31000,-31000
052055,緯穎凱基95購03  ,0,0,0,0,0,0,0,0,0,-31000,0,0,0,0,31000,-31000,-31000
059188,京元電富邦9B購01,0,0,0,0,0,0,0,0,0,-31000,0,0,0,0,31000,-31000,-31000
058390,樺漢國票9A購01  ,0,0,0,0,0,0,0,0,0,-32000,0,0,0,18000,50000,-32000,-32000
059457,立積永豐99購02  ,0,0,0,0,0,0,0,0,0,-32000,0,0,0,0,32000,-32000,-32000
059297,大立光元富9C購01,0,0,0,0,0,0,0,0,0,-32000,0,0,0,80000,112000,-32000,-32000
057980,聯詠永豐98購01  ,0,0,0,0,0,0,0,0,0,-32000,0,0,0,0,32000,-32000,-32000
3057,喬鼎            ,1000,33000,-32000,0,0,0,0,0,0,0,0,0,0,0,0,0,-32000
2420,新巨            ,24000,57000,-33000,0,0,0,0,0,0,1000,1000,0,1000,0,0,0,-32000
056966,嘉晶永豐98購01  ,0,0,0,0,0,0,0,0,0,-32000,0,0,0,36000,68000,-32000,-32000
052625,南電亞東97購01  ,0,0,0,0,0,0,0,0,0,-32000,0,0,0,0,32000,-32000,-32000
048460,盛群凱基94購01  ,0,0,0,0,0,0,0,0,0,-32000,0,0,0,0,32000,-32000,-32000
049490,京元電元大95購02,0,0,0,0,0,0,0,0,0,-32000,0,0,0,0,32000,-32000,-32000
6533,晶心科          ,83000,114000,-31000,0,0,0,0,0,0,-1000,0,1000,-1000,0,0,0,-32000
1626,艾美特-KY       ,10145,43000,-32855,0,0,0,0,0,0,0,0,0,0,0,0,0,-32855
059098,元油2X統一9B購03,0,0,0,0,0,0,0,0,0,-33000,0,0,0,0,33000,-33000,-33000
1519,華城            ,121000,154000,-33000,0,0,0,0,0,0,0,0,0,0,0,0,0,-33000
1423,利華            ,8000,41000,-33000,0,0,0,0,0,0,0,0,0,0,0,0,0,-33000
6277,宏正            ,149000,181000,-32000,0,0,0,0,0,0,-1000,0,1000,-1000,0,0,0,-33000
6184,大豐電          ,0,33000,-33000,0,0,0,0,0,0,0,0,0,0,0,0,0,-33000
3583,辛耘            ,23000,56000,-33000,0,0,0,0,0,0,0,0,0,0,0,0,0,-33000
4526,東台            ,0,33000,-33000,0,0,0,0,0,0,0,0,0,0,0,0,0,-33000
05930P,景碩康和96售01  ,0,0,0,0,0,0,0,0,0,-33000,0,0,0,27000,60000,-33000,-33000
059326,康友元大99購01  ,0,0,0,0,0,0,0,0,0,-33000,0,0,0,0,33000,-33000,-33000
058452,義隆永豐99購02  ,0,0,0,0,0,0,0,0,0,-33000,0,0,0,0,33000,-33000,-33000
046628,大立光統一98購01,0,0,0,0,0,0,0,0,0,-33000,0,0,0,0,33000,-33000,-33000
059501,可成元富99購01  ,0,0,0,0,0,0,0,0,0,-33000,0,0,0,0,33000,-33000,-33000
06059P,泰碩元大97售02  ,0,0,0,0,0,0,0,0,0,-33000,0,0,0,215000,248000,-33000,-33000
05167P,百和元富95售03  ,0,0,0,0,0,0,0,0,0,-33000,0,0,0,2000,35000,-33000,-33000
8033,雷虎            ,0,33000,-33000,0,0,0,0,0,0,0,0,0,0,0,0,0,-33000
059428,國巨元大99購25  ,0,0,0,0,0,0,0,0,0,-34000,0,0,0,25000,59000,-34000,-34000
3030,德律            ,370000,402000,-32000,0,0,0,0,0,0,-2000,0,2000,-2000,0,0,0,-34000
054707,聯茂亞東97購01  ,0,0,0,0,0,0,0,0,0,-34000,0,0,0,6000,40000,-34000,-34000
059247,可成凱基99購05  ,0,0,0,0,0,0,0,0,0,-34000,0,0,0,24000,58000,-34000,-34000
042315,T50反1台新96購01,0,0,0,0,0,0,0,0,0,-34000,0,0,0,0,34000,-34000,-34000
048832,玉晶光凱基95購02,0,0,0,0,0,0,0,0,0,-34000,0,0,0,0,34000,-34000,-34000
8464,億豐            ,1658000,1542494,115506,0,0,0,29000,96000,-67000,-83000,21000,104000,-83000,0,0,0,-34494
2908,特力            ,0,35000,-35000,0,0,0,0,0,0,0,0,0,0,0,0,0,-35000
2402,毅嘉            ,259000,295000,-36000,0,0,0,0,0,0,1000,1000,0,1000,0,0,0,-35000
3311,閎暉            ,2000,37000,-35000,0,0,0,0,0,0,0,0,0,0,0,0,0,-35000
058924,晶相光元富99購02,0,0,0,0,0,0,0,0,0,-35000,0,0,0,0,35000,-35000,-35000
058156,超眾統一9A購02  ,0,0,0,0,0,0,0,0,0,-35000,0,0,0,0,35000,-35000,-35000
06346P,聯鈞元富97售02  ,0,0,0,0,0,0,0,0,0,-35000,0,0,0,0,35000,-35000,-35000
07216P,大立光凱基99售08,0,0,0,0,0,0,0,0,0,-35000,0,0,0,10000,45000,-35000,-35000
058602,台積電元大99購11,0,0,0,0,0,0,0,0,0,-35000,0,0,0,0,35000,-35000,-35000
058570,臻鼎凱基9A購01  ,0,0,0,0,0,0,0,0,0,-35000,0,0,0,20000,55000,-35000,-35000
059164,旺宏凱基99購06  ,0,0,0,0,0,0,0,0,0,-35000,0,0,0,10000,45000,-35000,-35000
05971P,世紀鋼永豐96售04,0,0,0,0,0,0,0,0,0,-35000,0,0,0,15000,50000,-35000,-35000
056313,聯茂元大98購01  ,0,0,0,0,0,0,0,0,0,-35000,0,0,0,0,35000,-35000,-35000
06738P,瑞昱兆豐98售02  ,0,0,0,0,0,0,0,0,0,-36000,0,0,0,18000,54000,-36000,-36000
058920,SGBR2X元富99購06,0,0,0,0,0,0,0,0,0,-36000,0,0,0,15000,51000,-36000,-36000
05898P,旺宏凱基96售06  ,0,0,0,0,0,0,0,0,0,-36000,0,0,0,9000,45000,-36000,-36000
059133,臺股指群益99購08,0,0,0,0,0,0,0,0,0,-36000,0,0,0,83000,119000,-36000,-36000
4119,旭富            ,192000,347000,-155000,0,0,0,124000,0,124000,-5000,20000,50000,-30000,32000,7000,25000,-36000
052269,T50反1日盛9B購01,0,0,0,0,0,0,0,0,0,-36000,0,0,0,35000,71000,-36000,-36000
3416,融程電          ,2000,39000,-37000,0,0,0,0,0,0,0,0,0,0,0,0,0,-37000
5515,建國            ,10000,47000,-37000,0,0,0,0,0,0,0,0,0,0,0,0,0,-37000
3028,增你強          ,12000,50000,-38000,0,0,0,0,0,0,1000,1000,0,1000,0,0,0,-37000
1449,佳和            ,24000,61000,-37000,0,0,0,0,0,0,0,0,0,0,0,0,0,-37000
1733,五鼎            ,43000,80000,-37000,0,0,0,0,0,0,0,0,0,0,0,0,0,-37000
1337,再生-KY         ,14000,51000,-37000,0,0,0,0,0,0,0,0,0,0,0,0,0,-37000
06533P,上証2X中信9B售01,0,0,0,0,0,0,0,0,0,-37000,0,0,0,0,37000,-37000,-37000
048349,美利達元大96購02,0,0,0,0,0,0,0,0,0,-37000,0,0,0,0,37000,-37000,-37000
05600P,玉晶光台新96售04,0,0,0,0,0,0,0,0,0,-37000,0,0,0,210000,247000,-37000,-37000
00703,台新MSCI中國    ,1000,3000,-2000,0,0,0,0,0,0,-35000,0,39000,-39000,193000,189000,4000,-37000
058227,台灣50元大9C購01,0,38000,-38000,0,0,0,0,0,0,0,0,0,0,0,0,0,-38000
059317,台積電元大99購34,0,0,0,0,0,0,0,0,0,-38000,0,0,0,14000,52000,-38000,-38000
1110,東泥            ,0,38000,-38000,0,0,0,0,0,0,0,0,0,0,0,0,0,-38000
1702,南僑            ,319000,361000,-42000,0,0,0,0,0,0,4000,0,0,0,4000,0,4000,-38000
2109,華豐            ,5000,43000,-38000,0,0,0,0,0,0,0,0,0,0,0,0,0,-38000
053571,奇鋐統一96購02  ,0,0,0,0,0,0,0,0,0,-38000,0,0,0,0,38000,-38000,-38000
052326,滬深反中信99購01,0,0,0,0,0,0,0,0,0,-38000,0,0,0,0,38000,-38000,-38000
06902P,聯電凱基98售02  ,0,0,0,0,0,0,0,0,0,-39000,0,0,0,36000,75000,-39000,-39000
3164,景岳            ,4000,43000,-39000,0,0,0,0,0,0,0,0,0,0,0,0,0,-39000
059064,緯穎凱基99購02  ,0,0,0,0,0,0,0,0,0,-39000,0,0,0,23000,62000,-39000,-39000
058352,鴻海凱基9A購05  ,0,0,0,0,0,0,0,0,0,-39000,0,0,0,36000,75000,-39000,-39000
057379,寶成元大98購02  ,0,0,0,0,0,0,0,0,0,-39000,0,0,0,21000,60000,-39000,-39000
05266P,華新科元大95售11,0,0,0,0,0,0,0,0,0,-39000,0,0,0,45000,84000,-39000,-39000
055233,康友國票98購01  ,0,0,0,0,0,0,0,0,0,-39000,0,0,0,11000,50000,-39000,-39000
059492,國巨國票9A購06  ,0,0,0,0,0,0,0,0,0,-39000,0,0,0,0,39000,-39000,-39000
054572,國巨元大98購03  ,0,0,0,0,0,0,0,0,0,-39000,0,0,0,0,39000,-39000,-39000
056118,聯詠群益97購03  ,0,0,0,0,0,0,0,0,0,-39000,0,0,0,31000,70000,-39000,-39000
050719,世紀鋼群益96購01,0,0,0,0,0,0,0,0,0,-39000,0,0,0,11000,50000,-39000,-39000
047194,世紀鋼元大96購01,0,0,0,0,0,0,0,0,0,-39000,0,0,0,27000,66000,-39000,-39000
06728P,全新元大98售03  ,0,0,0,0,0,0,0,0,0,-40000,0,0,0,0,40000,-40000,-40000
056618,京元電永豐98購01,0,0,0,0,0,0,0,0,0,-40000,0,0,0,36000,76000,-40000,-40000
058451,智邦永豐9A購01  ,0,0,0,0,0,0,0,0,0,-40000,0,0,0,3000,43000,-40000,-40000
07105P,大毅元富99售02  ,0,0,0,0,0,0,0,0,0,-40000,0,0,0,27000,67000,-40000,-40000
05931P,鴻海凱基96售15  ,0,0,0,0,0,0,0,0,0,-40000,0,0,0,0,40000,-40000,-40000
059003,中壽元大99購01  ,0,0,0,0,0,0,0,0,0,-40000,0,0,0,0,40000,-40000,-40000
059034,華通群益9B購02  ,0,0,0,0,0,0,0,0,0,-40000,0,0,0,0,40000,-40000,-40000
2459,敦吉            ,13000,52000,-39000,0,0,0,0,0,0,-1000,0,1000,-1000,0,0,0,-40000
059130,台灣50群益9B購05,0,0,0,0,0,0,0,0,0,-40000,0,0,0,0,40000,-40000,-40000
2020,美亞            ,7000,35000,-28000,0,0,0,0,0,0,-12000,0,12000,-12000,0,0,0,-40000
058929,可成統一9C購01  ,0,0,0,0,0,0,0,0,0,-40000,0,0,0,0,40000,-40000,-40000
050586,康友國票94購01  ,0,0,0,0,0,0,0,0,0,-40000,0,0,0,0,40000,-40000,-40000
055921,新唐凱基98購01  ,0,0,0,0,0,0,0,0,0,-40000,0,0,0,0,40000,-40000,-40000
048350,世紀鋼元大95購01,0,0,0,0,0,0,0,0,0,-40000,0,0,0,0,40000,-40000,-40000
053337,聯電國票97購01  ,0,0,0,0,0,0,0,0,0,-40000,0,0,0,0,40000,-40000,-40000
053322,京鼎群益97購01  ,0,0,0,0,0,0,0,0,0,-40000,0,0,0,0,40000,-40000,-40000
053248,智伸科國票97購01,0,0,0,0,0,0,0,0,0,-40000,0,0,0,0,40000,-40000,-40000
053155,晶技元大97購02  ,0,0,0,0,0,0,0,0,0,-40000,0,0,0,0,40000,-40000,-40000
05126P,牧德群益95售01  ,0,0,0,0,0,0,0,0,0,-40000,0,0,0,0,40000,-40000,-40000
04892P,聯發科元大94售14,0,0,0,0,0,0,0,0,0,-40000,0,0,0,0,40000,-40000,-40000
05011P,南電國泰96售01  ,0,0,0,0,0,0,0,0,0,-40000,0,0,0,70000,110000,-40000,-40000
054802,高股息元大97購01,0,0,0,0,0,0,0,0,0,-40000,0,0,0,0,40000,-40000,-40000
055071,群電永豐97購01  ,0,0,0,0,0,0,0,0,0,-40000,0,0,0,0,40000,-40000,-40000
054037,T50反1元大96購09,0,0,0,0,0,0,0,0,0,-40000,0,0,0,0,40000,-40000,-40000
052647,晶技永豐97購01  ,0,0,0,0,0,0,0,0,0,-40000,0,0,0,0,40000,-40000,-40000
052987,華新科元大99購01,0,0,0,0,0,0,0,0,0,-40000,0,0,0,0,40000,-40000,-40000
052117,鴻海國票96購03  ,0,0,0,0,0,0,0,0,0,-40000,0,0,0,0,40000,-40000,-40000
056348,S&P反1元大9A購01,0,0,0,0,0,0,0,0,0,-40000,0,0,0,4000,44000,-40000,-40000
053642,瀚宇博永豐96購01,0,0,0,0,0,0,0,0,0,-40000,0,0,0,0,40000,-40000,-40000
053768,S&P反1元大99購01,0,0,0,0,0,0,0,0,0,-40000,0,0,0,0,40000,-40000,-40000
053713,漢唐凱基96購04  ,0,0,0,0,0,0,0,0,0,-40000,0,0,0,0,40000,-40000,-40000
8011,台通            ,20000,61000,-41000,0,0,0,0,0,0,1000,1000,0,1000,0,0,0,-40000
2488,漢平            ,21000,62000,-41000,0,0,0,0,0,0,0,0,0,0,0,0,0,-41000
2820,華票            ,304000,334000,-30000,0,0,0,0,0,0,-11000,0,11000,-11000,0,0,0,-41000
059229,臺股指元大99購22,0,0,0,0,0,0,0,0,0,-41000,0,0,0,0,41000,-41000,-41000
04977P,力成凱基96售01  ,0,0,0,0,0,0,0,0,0,-41000,0,0,0,28000,69000,-41000,-41000
051450,世芯元大95購02  ,0,0,0,0,0,0,0,0,0,-41000,0,0,0,0,41000,-41000,-41000
04796P,聯發科元大94售10,0,0,0,0,0,0,0,0,0,-41000,0,0,0,63000,104000,-41000,-41000
6706,惠特            ,165000,86000,79000,0,0,0,0,120000,-120000,0,0,0,0,0,0,0,-41000
6672,騰輝電子-KY     ,66000,107000,-41000,0,0,0,0,0,0,0,0,0,0,0,0,0,-41000
9905,大華            ,0,41000,-41000,0,0,0,0,0,0,0,0,0,0,0,0,0,-41000
9927,泰銘            ,13000,54000,-41000,0,0,0,0,0,0,0,0,0,0,0,0,0,-41000
1452,宏益            ,14000,56000,-42000,0,0,0,0,0,0,0,0,0,0,0,0,0,-42000
059344,長榮航凱基99購01,0,0,0,0,0,0,0,0,0,-42000,0,0,0,1000,43000,-42000,-42000
059318,旺宏元大99購13  ,0,0,0,0,0,0,0,0,0,-42000,0,0,0,6000,48000,-42000,-42000
058603,台積電元大99購12,0,0,0,0,0,0,0,0,0,-42000,0,0,0,75000,117000,-42000,-42000
052216,康友元大96購01  ,0,0,0,0,0,0,0,0,0,-42000,0,0,0,18000,60000,-42000,-42000
058568,宏達電凱基9A購02,0,0,0,0,0,0,0,0,0,-43000,0,0,0,432000,475000,-43000,-43000
2227,裕日車          ,24000,42000,-18000,0,0,0,0,25000,-25000,0,0,0,0,0,0,0,-43000
057043,台積電元大99購02,0,0,0,0,0,0,0,0,0,-43000,0,0,0,0,43000,-43000,-43000
07252P,台灣50凱基99售01,0,0,0,0,0,0,0,0,0,-43000,0,0,0,75000,118000,-43000,-43000
3518,柏騰            ,38000,82000,-44000,0,0,0,0,0,0,1000,1000,0,1000,0,0,0,-43000
3550,聯穎            ,0,43000,-43000,0,0,0,0,0,0,0,0,0,0,0,0,0,-43000
03595P,聯發科凱基02售11,0,0,0,0,0,0,0,0,0,-43000,0,0,0,0,43000,-43000,-43000
8103,瀚荃            ,77680,120680,-43000,0,0,0,0,0,0,0,0,0,0,0,0,0,-43000
4725,信昌化          ,69000,113000,-44000,0,0,0,0,0,0,0,0,0,0,0,0,0,-44000
1473,台南            ,8000,52000,-44000,0,0,0,0,0,0,0,0,0,0,0,0,0,-44000
04838P,宏達電元大95售02,0,0,0,0,0,0,0,0,0,-44000,0,0,0,18000,62000,-44000,-44000
053500,新日興兆豐97購01,0,0,0,0,0,0,0,0,0,-44000,0,0,0,56000,100000,-44000,-44000
3094,聯傑            ,9000,54000,-45000,0,0,0,0,0,0,0,0,0,0,0,0,0,-45000
2392,正崴            ,1511000,1574000,-63000,0,0,0,0,9000,-9000,27000,6000,3000,3000,27000,3000,24000,-45000
07226P,貿聯富邦9B售01  ,0,0,0,0,0,0,0,0,0,-45000,0,0,0,42000,87000,-45000,-45000
07193P,聯發科元大99售24,0,0,0,0,0,0,0,0,0,-45000,0,0,0,5000,50000,-45000,-45000
06614P,祥碩永豐98售03  ,0,0,0,0,0,0,0,0,0,-45000,0,0,0,5000,50000,-45000,-45000
04592P,台積電元大94售10,0,0,0,0,0,0,0,0,0,-45000,0,0,0,105000,150000,-45000,-45000
050369,台積電元大94購23,0,0,0,0,0,0,0,0,0,-45000,0,0,0,5000,50000,-45000,-45000
059478,FBVIX群益9A購01 ,0,0,0,0,0,0,0,0,0,-45000,0,0,0,0,45000,-45000,-45000
059362,健策永豐99購03  ,0,0,0,0,0,0,0,0,0,-45000,0,0,0,94000,139000,-45000,-45000
06060P,玉晶光元大97售03,0,0,0,0,0,0,0,0,0,-45000,0,0,0,0,45000,-45000,-45000
9955,佳龍            ,131000,176000,-45000,0,0,0,0,0,0,0,0,0,0,0,0,0,-45000
059405,台灣50國票01購01,0,0,0,0,0,0,0,0,0,-46000,0,0,0,300000,346000,-46000,-46000
056856,華通群益9A購01  ,0,0,0,0,0,0,0,0,0,-46000,0,0,0,20000,66000,-46000,-46000
2851,中再保          ,24000,47000,-23000,0,0,0,0,0,0,-23000,0,23000,-23000,0,0,0,-46000
3018,同開            ,27000,73000,-46000,0,0,0,0,0,0,0,0,0,0,0,0,0,-46000
5519,隆大            ,57000,49000,8000,0,0,0,0,0,0,-54000,0,54000,-54000,0,0,0,-46000
059084,鴻海元大99購24  ,0,0,0,0,0,0,0,0,0,-46000,0,0,0,69000,115000,-46000,-46000
055718,可成元大97購02  ,0,0,0,0,0,0,0,0,0,-46000,0,0,0,0,46000,-46000,-46000
3031,佰鴻            ,5000,54000,-49000,0,0,0,0,0,0,2000,2000,0,2000,0,0,0,-47000
3010,華立            ,39000,87000,-48000,0,0,0,0,0,0,1000,1000,0,1000,0,0,0,-47000
057700,新日興群益9A購01,0,0,0,0,0,0,0,0,0,-47000,0,0,0,0,47000,-47000,-47000
057778,大立光群益98購02,0,0,0,0,0,0,0,0,0,-47000,0,0,0,103000,150000,-47000,-47000
057283,欣興元大98購07  ,0,0,0,0,0,0,0,0,0,-47000,0,0,0,0,47000,-47000,-47000
058013,SP黃豆凱基9A購01,0,0,0,0,0,0,0,0,0,-47000,0,0,0,0,47000,-47000,-47000
00709,富邦歐洲        ,0,0,0,0,0,0,0,0,0,-47000,0,0,0,210000,257000,-47000,-47000
06648P,華邦電元大98售03,0,0,0,0,0,0,0,0,0,-48000,0,0,0,3000,51000,-48000,-48000
056741,大立光凱基98購14,0,0,0,0,0,0,0,0,0,-48000,0,0,0,0,48000,-48000,-48000
057669,嘉晶元大99購03  ,0,0,0,0,0,0,0,0,0,-48000,0,0,0,0,48000,-48000,-48000
2029,盛餘            ,1000,49000,-48000,0,0,0,0,0,0,0,0,0,0,0,0,0,-48000
048732,台勝科麥證95購01,0,0,0,12000,60000,-48000,0,0,0,-48000,0,0,0,12000,60000,-48000,-48000
8249,菱光            ,6000,54000,-48000,0,0,0,0,0,0,0,0,0,0,0,0,0,-48000
2527,宏璟            ,2000,55000,-53000,0,0,0,0,0,0,4000,4000,0,4000,0,0,0,-49000
5907,大洋-KY         ,53000,102000,-49000,0,0,0,0,0,0,0,0,0,0,0,0,0,-49000
054263,聯茂元大96購02  ,0,0,0,0,0,0,0,0,0,-49000,0,0,0,0,49000,-49000,-49000
059484,臺股指群益99購18,0,0,0,0,0,0,0,0,0,-49000,0,0,0,0,49000,-49000,-49000
053834,卜蜂永豐96購01  ,0,0,0,0,0,0,0,0,0,-49000,0,0,0,50000,99000,-49000,-49000
8110,華東            ,176000,227000,-51000,0,0,0,0,0,0,2000,4000,2000,2000,0,0,0,-49000
8404,百和興業-KY     ,22000,71517,-49517,0,0,0,0,0,0,0,0,0,0,0,0,0,-49517
5607,遠雄港          ,94436,125974,-31538,0,0,0,0,0,0,-18000,0,18000,-18000,0,0,0,-49538
2484,希華            ,99000,149000,-50000,0,0,0,0,0,0,0,0,0,0,0,0,0,-50000
2430,燦坤            ,0,50000,-50000,0,0,0,0,0,0,0,0,0,0,0,0,0,-50000
1526,日馳            ,44000,94000,-50000,0,0,0,0,0,0,0,0,0,0,0,0,0,-50000
07268P,臺股指元大99售24,0,0,0,0,0,0,0,0,0,-50000,0,0,0,0,50000,-50000,-50000
056920,友達兆豐98購02  ,0,0,0,0,0,0,0,0,0,-50000,0,0,0,0,50000,-50000,-50000
057420,美食凱基98購01  ,0,0,0,0,0,0,0,0,0,-50000,0,0,0,0,50000,-50000,-50000
058497,新日興群益9B購01,0,0,0,0,0,0,0,0,0,-50000,0,0,0,0,50000,-50000,-50000
058214,世芯群益9A購01  ,0,0,0,0,0,0,0,0,0,-50000,0,0,0,0,50000,-50000,-50000
052657,友達元富96購01  ,0,0,0,0,0,0,0,0,0,-50000,0,0,0,0,50000,-50000,-50000
05203P,華新科元大95售10,0,0,0,0,0,0,0,0,0,-50000,0,0,0,0,50000,-50000,-50000
059364,昇陽半永豐99購02,0,0,0,0,0,0,0,0,0,-50000,0,0,0,0,50000,-50000,-50000
059381,TPK亞東99購01   ,0,0,0,0,0,0,0,0,0,-50000,0,0,0,0,50000,-50000,-50000
059201,祥碩永豐99購02  ,0,0,0,0,0,0,0,0,0,-50000,0,0,0,3000,53000,-50000,-50000
054428,禾伸堂富邦98購01,0,0,0,0,0,0,0,0,0,-50000,0,0,0,0,50000,-50000,-50000
054887,大毅統一98購01  ,0,0,0,0,0,0,0,0,0,-50000,0,0,0,0,50000,-50000,-50000
054852,奇鋐國票98購01  ,0,0,0,0,0,0,0,0,0,-50000,0,0,0,0,50000,-50000,-50000
045877,友達元富95購01  ,0,0,0,0,0,0,0,0,0,-50000,0,0,0,0,50000,-50000,-50000
045768,大立光元富95購02,0,0,0,0,0,0,0,0,0,-50000,0,0,0,0,50000,-50000,-50000
045754,大立光國泰94購03,0,0,0,0,0,0,0,0,0,-50000,0,0,0,0,50000,-50000,-50000
045220,漢唐元大94購01  ,0,0,0,0,0,0,0,0,0,-50000,0,0,0,0,50000,-50000,-50000
03017X,元展17          ,0,0,0,0,0,0,0,0,0,-50000,0,0,0,0,50000,-50000,-50000
04322P,可成元大94售01  ,0,0,0,0,0,0,0,0,0,-50000,0,0,0,0,50000,-50000,-50000
05063P,聯電元大96售03  ,0,0,0,0,0,0,0,0,0,-50000,0,0,0,0,50000,-50000,-50000
07029P,緯穎群益99售02  ,0,0,0,0,0,0,0,0,0,-51000,0,0,0,0,51000,-51000,-51000
2486,一詮            ,15000,66000,-51000,0,0,0,0,0,0,0,0,0,0,0,0,0,-51000
3437,榮創            ,150000,201000,-51000,0,0,0,0,0,0,0,0,0,0,0,0,0,-51000
056375,玉晶光統一01購01,0,0,0,0,0,0,0,0,0,-51000,0,0,0,0,51000,-51000,-51000
3062,建漢            ,118000,171000,-53000,0,0,0,0,0,0,1000,2000,1000,1000,0,0,0,-52000
6192,巨路            ,129200,181200,-52000,0,0,0,0,0,0,0,0,0,0,0,0,0,-52000
2348,海悅            ,13000,77000,-64000,0,0,0,0,0,0,12000,12000,0,12000,0,0,0,-52000
1537,廣隆            ,189000,241000,-52000,0,0,0,0,0,0,0,0,0,0,0,0,0,-52000
057879,電子類元大99購02,0,0,0,0,0,0,0,0,0,-52000,0,0,0,0,52000,-52000,-52000
054697,凌華永豐97購01  ,0,1000,-1000,0,0,0,0,0,0,-51000,0,0,0,10000,61000,-51000,-52000
03436B,臺股指元富99熊13,0,0,0,0,0,0,0,0,0,-52000,0,0,0,9000,61000,-52000,-52000
00714,群益道瓊美國地產,0,0,0,0,0,0,0,0,0,-52000,0,0,0,18000,70000,-52000,-52000
049477,泰鼎永豐94購01  ,0,0,0,0,0,0,0,0,0,-52000,0,0,0,0,52000,-52000,-52000
07202P,台灣50凱基9C售04,0,0,0,0,0,0,0,0,0,-53000,0,0,0,50000,103000,-53000,-53000
07158P,FBVIX國泰9C售01 ,0,0,0,0,0,0,0,0,0,-53000,0,0,0,102000,155000,-53000,-53000
2314,台揚            ,234000,222000,12000,0,0,0,0,0,0,-65000,0,63000,-63000,4000,6000,-2000,-53000
2852,第一保          ,0,53000,-53000,0,0,0,0,0,0,0,0,0,0,0,0,0,-53000
054109,南亞科凱基96購05,0,0,0,0,0,0,0,0,0,-53000,0,0,0,7000,60000,-53000,-53000
058710,臺股指元大9A購23,0,0,0,0,0,0,0,0,0,-54000,0,0,0,0,54000,-54000,-54000
058038,滬深反元大98購01,0,0,0,0,0,0,0,0,0,-54000,0,0,0,1000,55000,-54000,-54000
05419P,矽力永豐95售02  ,0,0,0,0,0,0,0,0,0,-54000,0,0,0,0,54000,-54000,-54000
05574P,英業達元富96售01,0,0,0,0,0,0,0,0,0,-54000,0,0,0,16000,70000,-54000,-54000
059469,智邦元大99購03  ,0,0,0,0,0,0,0,0,0,-54000,0,0,0,0,54000,-54000,-54000
05998P,台積電元大97售12,0,0,0,0,0,0,0,0,0,-54000,0,0,0,6000,60000,-54000,-54000
05609P,國泰金凱基96售01,0,0,0,0,0,0,0,0,0,-54000,0,0,0,121000,175000,-54000,-54000
04313P,國巨元富95售03  ,0,0,0,0,0,0,0,0,0,-54000,0,0,0,0,54000,-54000,-54000
6525,捷敏-KY         ,12870,67250,-54380,0,0,0,0,0,0,0,0,0,0,0,0,0,-54380
058666,上証反群益01購01,0,0,0,0,0,0,0,0,0,-55000,0,0,0,0,55000,-55000,-55000
058820,致茂國泰9B購01  ,0,0,0,0,0,0,0,0,0,-55000,0,0,0,75000,130000,-55000,-55000
059503,大立光富邦9B購04,0,0,0,0,0,0,0,0,0,-55000,0,0,0,0,55000,-55000,-55000
059246,奇力新凱基9A購02,0,0,0,0,0,0,0,0,0,-55000,0,0,0,0,55000,-55000,-55000
051999,勤誠元大95購01  ,0,0,0,0,0,0,0,0,0,-55000,0,0,0,0,55000,-55000,-55000
052104,英業達兆豐96購01,0,0,0,0,0,0,0,0,0,-55000,0,0,0,119000,174000,-55000,-55000
1718,中纖            ,1776037,1813405,-37368,0,0,0,0,0,0,-18000,0,0,0,0,18000,-18000,-55368
2524,京城            ,23000,79000,-56000,0,0,0,0,0,0,0,0,0,0,0,0,0,-56000
052321,華擎元大95購01  ,0,0,0,0,0,0,0,0,0,-56000,0,0,0,35000,91000,-56000,-56000
056579,麗豐元大99購01  ,0,0,0,0,0,0,0,0,0,-56000,0,0,0,0,56000,-56000,-56000
040761,T50反1凱基95購02,0,0,0,0,0,0,0,0,0,-56000,0,0,0,0,56000,-56000,-56000
049706,世紀鋼元大95購02,0,0,0,0,0,0,0,0,0,-56000,0,0,0,50000,106000,-56000,-56000
00739,元大MSCI A股    ,8000,4000,4000,0,0,0,0,0,0,-60085,0,0,0,54000,114085,-60085,-56085
2405,浩鑫            ,85000,142000,-57000,0,0,0,0,0,0,0,0,0,0,0,0,0,-57000
5285,界霖            ,3000,61000,-58000,0,0,0,0,0,0,1000,1000,0,1000,0,0,0,-57000
07169P,臺股指國票99售06,0,0,0,0,0,0,0,0,0,-57000,0,0,0,13000,70000,-57000,-57000
00763U,街口道瓊銅      ,0,0,0,0,0,0,0,0,0,-57000,0,0,0,0,57000,-57000,-57000
050138,台表科國票95購02,0,0,0,0,0,0,0,0,0,-57000,0,0,0,18000,75000,-57000,-57000
059243,聯發科凱基99購12,0,0,0,0,0,0,0,0,0,-57000,0,0,0,0,57000,-57000,-57000
8105,凌巨            ,326000,384000,-58000,0,0,0,0,0,0,1000,3000,2000,1000,0,0,0,-57000
3023,信邦            ,952279,1075614,-123335,0,0,0,182000,42000,140000,-74000,18000,92000,-74000,0,0,0,-57335
057042,台積電元大98購10,10000,0,10000,0,0,0,0,0,0,-68000,0,0,0,0,68000,-68000,-58000
04495P,台積電國票95售01,0,0,0,0,0,0,0,0,0,-58000,0,0,0,2000,60000,-58000,-58000
1531,高林股          ,4000,64000,-60000,0,0,0,0,0,0,1000,1000,0,1000,0,0,0,-59000
1598,岱宇            ,15000,24000,-9000,0,0,0,0,0,0,-50000,0,50000,-50000,0,0,0,-59000
2228,劍麟            ,43000,102000,-59000,0,0,0,0,0,0,0,0,0,0,0,0,0,-59000
3032,偉訓            ,8000,67000,-59000,0,0,0,0,0,0,0,0,0,0,0,0,0,-59000
2495,普安            ,50000,109000,-59000,0,0,0,0,0,0,0,0,0,0,0,0,0,-59000
059521,南電永豐99購03  ,0,0,0,0,0,0,0,0,0,-59000,0,0,0,0,59000,-59000,-59000
2413,環科            ,2000,62000,-60000,0,0,0,0,0,0,0,0,0,0,0,0,0,-60000
2363,矽統            ,559000,621000,-62000,0,0,0,0,0,0,2000,2000,0,2000,0,0,0,-60000
2608,嘉里大榮        ,59000,117000,-58000,0,0,0,0,0,0,-2000,0,2000,-2000,0,0,0,-60000
056977,國巨群益9A購01  ,0,0,0,0,0,0,0,0,0,-60000,0,0,0,0,60000,-60000,-60000
058946,SGBR2X群益9B購01,0,0,0,0,0,0,0,0,0,-60000,0,0,0,0,60000,-60000,-60000
057320,玉晶光凱基98購01,0,0,0,0,0,0,0,0,0,-60000,0,0,0,0,60000,-60000,-60000
05855P,滬深2X中信9C售01,0,0,0,0,0,0,0,0,0,-60000,0,0,0,0,60000,-60000,-60000
07012P,智邦群益9A售01  ,0,0,0,0,0,0,0,0,0,-60000,0,0,0,81000,141000,-60000,-60000
058186,聯發科永豐99購01,0,0,0,0,0,0,0,0,0,-60000,0,0,0,50000,110000,-60000,-60000
06196P,元上證元大97售01,0,0,0,0,0,0,0,0,0,-60000,0,0,0,0,60000,-60000,-60000
059508,聯發科永豐99購03,0,0,0,0,0,0,0,0,0,-60000,0,0,0,40000,100000,-60000,-60000
059475,元石油群益99購02,0,0,0,0,0,0,0,0,0,-60000,0,0,0,0,60000,-60000,-60000
054870,新日興群益98購01,0,0,0,0,0,0,0,0,0,-60000,0,0,0,0,60000,-60000,-60000
054259,健策元大97購03  ,0,0,0,0,0,0,0,0,0,-60000,0,0,0,0,60000,-60000,-60000
054546,玉晶光中信9B購01,0,0,0,0,0,0,0,0,0,-60000,0,0,0,0,60000,-60000,-60000
049065,T50反1凱基96購04,0,0,0,0,0,0,0,0,0,-60000,0,0,0,0,60000,-60000,-60000
048128,超眾元大95購01  ,0,0,0,0,0,0,0,0,0,-60000,0,0,0,0,60000,-60000,-60000
053280,群創元大9C購01  ,0,0,0,0,0,0,0,0,0,-60000,0,0,0,0,60000,-60000,-60000
058161,T50反1日盛03購01,0,0,0,0,0,0,0,0,0,-61000,0,0,0,52000,113000,-61000,-61000
058138,晶相光元大9C購01,0,0,0,0,0,0,0,0,0,-61000,0,0,0,0,61000,-61000,-61000
057541,台灣50康和9A購04,0,0,0,0,0,0,0,0,0,-61000,0,0,0,0,61000,-61000,-61000
058907,健策元大99購04  ,0,0,0,0,0,0,0,0,0,-61000,0,0,0,79000,140000,-61000,-61000
044475,國巨元富95購02  ,0,0,0,0,0,0,0,0,0,-61000,0,0,0,0,61000,-61000,-61000
1560,中砂            ,47000,109000,-62000,0,0,0,0,0,0,0,0,0,0,0,0,0,-62000
2399,映泰            ,66000,130000,-64000,0,0,0,0,0,0,2000,2000,0,2000,0,0,0,-62000
058509,聯發科元大99購12,10000,0,10000,0,0,0,0,0,0,-72000,0,0,0,130000,202000,-72000,-62000
05527P,聯茂群益96售01  ,0,0,0,0,0,0,0,0,0,-62000,0,0,0,0,62000,-62000,-62000
6108,競國            ,64000,127000,-63000,0,0,0,0,0,0,0,0,0,0,0,0,0,-63000
056997,台灣50康和9A購02,0,0,0,0,0,0,0,0,0,-63000,0,0,0,0,63000,-63000,-63000
07247P,聯發科凱基9A售06,0,0,0,0,0,0,0,0,0,-63000,0,0,0,0,63000,-63000,-63000
1315,達新            ,58000,133000,-75000,0,0,0,0,0,0,12000,12000,0,12000,0,0,0,-63000
2534,宏盛            ,234440,297720,-63280,0,0,0,0,0,0,-200,0,200,-200,0,0,0,-63480
2374,佳能            ,23000,88000,-65000,0,0,0,0,0,0,1000,2000,1000,1000,0,0,0,-64000
2617,台航            ,19000,83000,-64000,0,0,0,0,0,0,0,0,0,0,0,0,0,-64000
1589,永冠-KY         ,31000,95000,-64000,0,0,0,0,0,0,0,0,0,0,0,0,0,-64000
2059,川湖            ,145000,207000,-62000,0,0,0,0,0,0,-2000,0,2000,-2000,0,0,0,-64000
07217P,大立光凱基9A售05,0,0,0,0,0,0,0,0,0,-64000,0,0,0,30000,94000,-64000,-64000
07062P,台積電元大99售15,0,0,0,0,0,0,0,0,0,-64000,0,0,0,35000,99000,-64000,-64000
058295,欣興凱基99購02  ,0,0,0,0,0,0,0,0,0,-64000,0,0,0,10000,74000,-64000,-64000
06414P,矽力凱基97售03  ,0,0,0,0,0,0,0,0,0,-64000,0,0,0,0,64000,-64000,-64000
053183,大立光元富96購03,0,0,0,0,0,0,0,0,0,-64000,0,0,0,0,64000,-64000,-64000
059400,滬深2X元富9C購04,0,0,0,0,0,0,0,0,0,-65000,0,0,0,16000,81000,-65000,-65000
056707,鴻海富邦99購03  ,0,0,0,0,0,0,0,0,0,-65000,0,0,0,1248000,1313000,-65000,-65000
057062,立積國泰99購01  ,0,0,0,0,0,0,0,0,0,-65000,0,0,0,0,65000,-65000,-65000
3209,全科            ,28000,93000,-65000,0,0,0,0,0,0,0,0,0,0,0,0,0,-65000
048422,瑞昱元富96購02  ,0,0,0,0,0,0,0,0,0,-65000,0,0,0,0,65000,-65000,-65000
056454,欣興凱基98購02  ,0,0,0,0,0,0,0,0,0,-65000,0,0,0,23000,88000,-65000,-65000
059255,臺股指凱基99購33,0,0,0,0,0,0,0,0,0,-65000,0,0,0,10000,75000,-65000,-65000
5521,工信            ,311000,377000,-66000,0,0,0,0,0,0,0,0,0,0,0,0,0,-66000
08663P,台灣50元大96售01,0,0,0,0,0,0,0,0,0,-66000,0,0,0,233000,299000,-66000,-66000
058372,欣興凱基99購03  ,0,0,0,0,0,0,0,0,0,-66000,0,0,0,10000,76000,-66000,-66000
2030,彰源            ,10000,78000,-68000,0,0,0,0,0,0,1000,1000,0,1000,0,0,0,-67000
3055,蔚華科          ,1000,68000,-67000,0,0,0,0,0,0,0,0,0,0,0,0,0,-67000
051847,香港反中信99購01,0,0,0,0,0,0,0,0,0,-67000,0,0,0,0,67000,-67000,-67000
057309,南茂兆豐99購01  ,0,0,0,0,0,0,0,0,0,-68000,0,0,0,38000,106000,-68000,-68000
048637,鴻海元大96購01  ,0,0,0,0,0,0,0,0,0,-68000,0,0,0,0,68000,-68000,-68000
059412,臺股指國票99購18,0,0,0,0,0,0,0,0,0,-69000,0,0,0,12000,81000,-69000,-69000
06929P,鴻海元大99售11  ,0,0,0,0,0,0,0,0,0,-69000,0,0,0,10000,79000,-69000,-69000
058898,台積電元大99購20,0,0,0,0,0,0,0,0,0,-70000,0,0,0,0,70000,-70000,-70000
07099P,台積電元大99售19,0,0,0,0,0,0,0,0,0,-70000,0,0,0,0,70000,-70000,-70000
06673P,大立光群益98售01,0,0,0,0,0,0,0,0,0,-70000,0,0,0,0,70000,-70000,-70000
058506,台積電元大99購09,0,0,0,0,0,0,0,0,0,-70000,0,0,0,1000,71000,-70000,-70000
056616,台光電永豐98購01,0,0,0,0,0,0,0,0,0,-70000,0,0,0,2000,72000,-70000,-70000
056068,欣興元大97購05  ,0,0,0,0,0,0,0,0,0,-70000,0,0,0,0,70000,-70000,-70000
053412,台達電國票97購02,0,0,0,0,0,0,0,0,0,-70000,0,0,0,0,70000,-70000,-70000
052685,技嘉元大96購01  ,0,0,0,0,0,0,0,0,0,-70000,0,0,0,0,70000,-70000,-70000
9934,成霖            ,185000,255000,-70000,0,0,0,0,0,0,0,0,0,0,0,0,0,-70000
059334,A50正2國票9A購02,0,0,0,0,0,0,0,0,0,-71000,0,0,0,2000,73000,-71000,-71000
1711,永光            ,28000,99000,-71000,0,0,0,0,0,0,0,0,0,0,0,0,0,-71000
055231,大毅國票98購02  ,0,0,0,0,0,0,0,0,0,-71000,0,0,0,53000,124000,-71000,-71000
049251,國巨元大95購02  ,0,0,0,0,0,0,0,0,0,-71000,0,0,0,30000,101000,-71000,-71000
049759,元黃金富邦9A購01,0,0,0,0,0,0,0,0,0,-71000,0,0,0,0,71000,-71000,-71000
05423P,聯電亞東95售02  ,0,0,0,0,0,0,0,0,0,-72000,0,0,0,0,72000,-72000,-72000
056914,臺股指元大99購09,0,0,0,0,0,0,0,0,0,-73000,0,0,0,0,73000,-73000,-73000
8429,金麗-KY         ,37000,110765,-73765,0,0,0,0,0,0,0,0,0,0,0,0,0,-73765
058443,T50正2富邦01購01,0,0,0,0,0,0,0,0,0,-74000,0,0,0,0,74000,-74000,-74000
1457,宜進            ,13000,87000,-74000,0,0,0,0,0,0,0,0,0,0,0,0,0,-74000
5608,四維航          ,24000,98000,-74000,0,0,0,0,0,0,0,0,0,0,0,0,0,-74000
00652,富邦印度        ,1000,28000,-27000,0,0,0,0,0,0,-47000,0,0,0,27000,74000,-47000,-74000
5288,豐祥-KY         ,15000,90000,-75000,0,0,0,0,0,0,0,0,0,0,0,0,0,-75000
4532,瑞智            ,63000,138000,-75000,0,0,0,0,0,0,0,0,0,0,0,0,0,-75000
057818,泰碩元大9A購01  ,0,0,0,0,0,0,0,0,0,-75000,0,0,0,50000,125000,-75000,-75000
057272,台積電元大98購14,0,0,0,0,0,0,0,0,0,-75000,0,0,0,20000,95000,-75000,-75000
04634P,臺股指群益94售09,0,0,0,0,0,0,0,0,0,-75000,0,0,0,135000,210000,-75000,-75000
04250P,嘉晶統一95售02  ,0,0,0,0,0,0,0,0,0,-75000,0,0,0,0,75000,-75000,-75000
051531,國巨國票96購04  ,0,0,0,0,0,0,0,0,0,-75000,0,0,0,0,75000,-75000,-75000
054517,高鐵元大96購01  ,0,0,0,0,0,0,0,0,0,-75000,0,0,0,0,75000,-75000,-75000
4536,拓凱            ,21000,97000,-76000,0,0,0,0,0,0,0,0,0,0,0,0,0,-76000
4137,麗豐-KY         ,263000,351000,-88000,0,0,0,0,0,0,12000,12000,0,12000,0,0,0,-76000
3708,上緯投控        ,62000,126000,-64000,0,0,0,0,11000,-11000,-1000,0,1000,-1000,0,0,0,-76000
3698,隆達            ,149000,199000,-50000,0,0,0,0,0,0,-26000,0,26000,-26000,0,0,0,-76000
05013P,台積電元大96售05,0,0,0,0,0,0,0,0,0,-76000,0,0,0,0,76000,-76000,-76000
04474P,聯發科元大94售03,0,0,0,0,0,0,0,0,0,-77000,0,0,0,10000,87000,-77000,-77000
9103,美德醫療-DR     ,11000,88000,-77000,0,0,0,0,0,0,0,0,0,0,0,0,0,-77000
2023,燁輝            ,251308,328360,-77052,0,0,0,0,0,0,0,0,0,0,0,0,0,-77052
057616,聯電凱基99購01  ,0,0,0,0,0,0,0,0,0,-78000,0,0,0,77000,155000,-78000,-78000
051700,深中小群益99購04,0,0,0,0,0,0,0,0,0,-78000,0,0,0,0,78000,-78000,-78000
07077P,緯穎凱基99售01  ,0,0,0,0,0,0,0,0,0,-79000,0,0,0,9000,88000,-79000,-79000
1608,華榮            ,82000,161000,-79000,0,0,0,0,0,0,0,0,0,0,0,0,0,-79000
04518P,高鐵群益95售01  ,0,0,0,0,0,0,0,0,0,-79000,0,0,0,0,79000,-79000,-79000
0061,元大寶滬深      ,7000,11000,-4000,0,0,0,0,0,0,-75000,0,0,0,0,75000,-75000,-79000
05027P,南電群益95售01  ,0,0,0,0,0,0,0,0,0,-79000,0,0,0,11000,90000,-79000,-79000
9907,統一實          ,121000,200000,-79000,0,0,0,0,0,0,0,0,0,0,0,0,0,-79000
058899,旺宏元大99購10  ,0,0,0,0,0,0,0,0,0,-80000,0,0,0,0,80000,-80000,-80000
07277P,臺股指群益99售20,0,0,0,0,0,0,0,0,0,-80000,0,0,0,0,80000,-80000,-80000
6224,聚鼎            ,147000,227000,-80000,0,0,0,0,0,0,0,0,0,0,0,0,0,-80000
2476,鉅祥            ,5000,85000,-80000,0,0,0,0,0,0,0,0,0,0,0,0,0,-80000
057475,聯電元大9A購01  ,0,0,0,0,0,0,0,0,0,-80000,0,0,0,0,80000,-80000,-80000
057914,日月光日盛9A購01,0,0,0,0,0,0,0,0,0,-80000,0,0,0,0,80000,-80000,-80000
057304,為升兆豐99購02  ,0,0,0,0,0,0,0,0,0,-80000,0,0,0,0,80000,-80000,-80000
050536,亞泥凱基95購01  ,0,0,0,0,0,0,0,0,0,-80000,0,0,0,0,80000,-80000,-80000
050893,鴻海元大96購03  ,0,0,0,0,0,0,0,0,0,-80000,0,0,0,0,80000,-80000,-80000
03033P,微星國票03售01  ,0,0,0,0,0,0,0,0,0,-80000,0,0,0,0,80000,-80000,-80000
054511,香港反元大98購01,0,0,0,0,0,0,0,0,0,-80000,0,0,0,0,80000,-80000,-80000
059506,滬深2X永豐99購04,0,0,0,0,0,0,0,0,0,-80000,0,0,0,0,80000,-80000,-80000
05503P,智邦日盛96售01  ,0,0,0,0,0,0,0,0,0,-80000,0,0,0,0,80000,-80000,-80000
052994,群創台新99購01  ,0,0,0,0,0,0,0,0,0,-80000,0,0,0,0,80000,-80000,-80000
2349,錸德            ,659000,670000,-11000,0,0,0,0,70000,-70000,0,0,0,0,0,0,0,-81000
8422,可寧衛          ,186000,267000,-81000,0,0,0,0,0,0,0,1000,1000,0,0,0,0,-81000
1731,美吾華          ,19000,101000,-82000,0,0,0,0,0,0,0,0,0,0,0,0,0,-82000
2233,宇隆            ,28000,110000,-82000,0,0,0,0,0,0,0,0,0,0,0,0,0,-82000
06682P,玉晶光元大99售08,0,0,0,0,0,0,0,0,0,-82000,0,0,0,9000,91000,-82000,-82000
06653P,美食元大98售02  ,0,0,0,0,0,0,0,0,0,-82000,0,0,0,15000,97000,-82000,-82000
4968,立積            ,683749,533400,150349,0,0,0,43000,273000,-230000,-3000,0,0,0,1000,4000,-3000,-82651
00730,富邦臺灣優質高息,0,0,0,0,0,0,0,0,0,-83000,0,0,0,98000,181000,-83000,-83000
2369,菱生            ,241000,325000,-84000,0,0,0,0,0,0,0,0,0,0,0,0,0,-84000
059348,日月光凱基99購01,0,0,0,0,0,0,0,0,0,-84000,0,0,0,35000,119000,-84000,-84000
3059,華晶科          ,88100,175000,-86900,0,0,0,0,0,0,2577,3000,0,3000,0,423,-423,-84323
2426,鼎元            ,81000,164000,-83000,0,0,0,0,0,0,-2000,0,2000,-2000,0,0,0,-85000
056857,國巨群益99購02  ,0,0,0,0,0,0,0,0,0,-85000,0,0,0,50000,135000,-85000,-85000
054593,滬深2X永昌9A購01,0,0,0,0,0,0,0,0,0,-85000,0,0,0,370000,455000,-85000,-85000
059436,大立光元大99購18,0,0,0,0,0,0,0,0,0,-86000,0,0,0,5000,91000,-86000,-86000
04006P,滬深2X國票9B售01,0,0,0,0,0,0,0,0,0,-86000,0,0,0,0,86000,-86000,-86000
053371,滬深2X元大99購01,0,0,0,0,0,0,0,0,0,-86000,0,0,0,180000,266000,-86000,-86000
1507,永大            ,17041,105000,-87959,0,0,0,0,0,0,0,0,0,0,0,0,0,-87959
6197,佳必琪          ,94000,156000,-62000,0,0,0,0,0,0,-26000,1000,27000,-26000,0,0,0,-88000
057540,緯穎日盛99購01  ,0,0,0,0,0,0,0,0,0,-88000,0,0,0,0,88000,-88000,-88000
04546P,台積電元大94售09,0,0,0,0,0,0,0,0,0,-88000,0,0,0,12000,100000,-88000,-88000
1590,亞德客-KY       ,1281497,1396553,-115056,0,0,0,42000,0,42000,-15000,2000,6000,-4000,3000,14000,-11000,-88056
3406,玉晶光          ,1667562,2189473,-521911,0,0,0,33000,71000,-38000,471000,694000,251000,443000,174000,146000,28000,-88911
05528P,臺股指群益96售01,0,0,0,0,0,0,0,0,0,-89000,0,0,0,0,89000,-89000,-89000
8021,尖點            ,89000,178000,-89000,0,0,0,0,0,0,0,1000,1000,0,0,0,0,-89000
8028,昇陽半導體      ,322000,302000,20000,0,0,0,0,100000,-100000,-9000,0,9000,-9000,3000,3000,0,-89000
08865P,欣興元大01售02  ,0,0,0,0,0,0,0,0,0,-90000,0,0,0,0,90000,-90000,-90000
07212P,聯發科凱基99售14,0,0,0,0,0,0,0,0,0,-90000,0,0,0,1000,91000,-90000,-90000
059042,世紀鋼群益99購02,0,0,0,0,0,0,0,0,0,-90000,0,0,0,0,90000,-90000,-90000
05513P,玉山金台新96售01,0,0,0,0,0,0,0,0,0,-90000,0,0,0,0,90000,-90000,-90000
056379,玉晶光元富98購01,0,0,0,0,0,0,0,0,0,-90000,0,0,0,337000,427000,-90000,-90000
04623P,台積電元大94售13,0,0,0,0,0,0,0,0,0,-90000,0,0,0,230000,320000,-90000,-90000
050633,義隆群益96購02  ,0,0,0,0,0,0,0,0,0,-90000,0,0,0,0,90000,-90000,-90000
050184,信邦元大94購01  ,0,0,0,0,0,0,0,0,0,-90000,0,0,0,0,90000,-90000,-90000
056061,國泰金元大97購02,0,0,0,0,0,0,0,0,0,-90000,0,0,0,0,90000,-90000,-90000
00752,中信中國50      ,11000,11000,0,0,0,0,0,0,0,-90130,0,0,0,504000,594130,-90130,-90130
058074,欣興凱基99購01  ,0,0,0,0,0,0,0,0,0,-91000,0,0,0,0,91000,-91000,-91000
1906,寶隆            ,14000,105000,-91000,0,0,0,0,0,0,0,0,0,0,0,0,0,-91000
050896,華新科元大96購02,0,0,0,0,0,0,0,0,0,-91000,0,0,0,0,91000,-91000,-91000
6414,樺漢            ,28692,3486,25206,0,0,0,0,126000,-126000,9000,9000,0,9000,1000,1000,0,-91794
00771,元大US高息特別股,0,0,0,0,0,0,0,0,0,-92000,0,0,0,13000,105000,-92000,-92000
046574,泰鼎國泰94購01  ,0,0,0,0,0,0,0,0,0,-92000,0,0,0,18000,110000,-92000,-92000
051257,光寶科國泰96購01,0,0,0,0,0,0,0,0,0,-92000,0,0,0,6000,98000,-92000,-92000
2609,陽明            ,105000,198000,-93000,0,0,0,0,0,0,0,0,0,0,0,0,0,-93000
2102,泰豐            ,490000,583000,-93000,0,0,0,0,0,0,0,0,0,0,0,0,0,-93000
05221P,玉晶光元大95售04,0,0,0,0,0,0,0,0,0,-93000,0,0,0,0,93000,-93000,-93000
05493P,華新科富邦99售02,0,0,0,0,0,0,0,0,0,-93000,0,0,0,0,93000,-93000,-93000
6670,復盛應用        ,308000,401000,-93000,0,0,0,0,0,0,0,0,0,0,0,0,0,-93000
058814,南亞科台新99購01,0,0,0,0,0,0,0,0,0,-94000,0,0,0,0,94000,-94000,-94000
5522,遠雄            ,348000,446000,-98000,0,0,0,0,1000,-1000,5000,7000,2000,5000,0,0,0,-94000
6141,柏承            ,80000,174000,-94000,0,0,0,0,0,0,0,0,0,0,0,0,0,-94000
053687,智邦元大96購02  ,0,0,0,0,0,0,0,0,0,-94000,0,0,0,14000,108000,-94000,-94000
052805,晶技元大97購01  ,0,0,0,0,0,0,0,0,0,-94000,0,0,0,0,94000,-94000,-94000
053229,南電台新97購01  ,0,0,0,0,0,0,0,0,0,-94000,0,0,0,0,94000,-94000,-94000
058991,台灣50元大03購01,0,0,0,0,0,0,0,0,0,-95000,0,0,0,0,95000,-95000,-95000
07098P,台積電元大99售18,0,0,0,0,0,0,0,0,0,-95000,0,0,0,42000,137000,-95000,-95000
056658,美食元大98購01  ,0,0,0,0,0,0,0,0,0,-95000,0,0,0,45000,140000,-95000,-95000
056669,貿聯國票99購01  ,0,0,0,0,0,0,0,0,0,-95000,0,0,0,0,95000,-95000,-95000
055960,義隆元大97購01  ,0,0,0,0,0,0,0,0,0,-95000,0,0,0,0,95000,-95000,-95000
059473,T50反1群益99購03,0,0,0,0,0,0,0,0,0,-95000,0,0,0,0,95000,-95000,-95000
059528,華新科凱基99購06,0,0,0,0,0,0,0,0,0,-95000,0,0,0,0,95000,-95000,-95000
059230,滬深2X國票9B購02,0,0,0,0,0,0,0,0,0,-95000,0,0,0,40000,135000,-95000,-95000
07138P,台灣50群益9B售04,0,0,0,0,0,0,0,0,0,-96000,0,0,0,162000,258000,-96000,-96000
2614,東森            ,95000,191000,-96000,0,0,0,0,0,0,0,0,0,0,0,0,0,-96000
055424,聚陽群益98購01  ,0,0,0,0,0,0,0,0,0,-96000,0,0,0,0,96000,-96000,-96000
9939,宏全            ,415000,564000,-149000,0,0,0,71000,0,71000,-19000,0,4000,-4000,1000,16000,-15000,-97000
1314,中石化          ,1473250,2009600,-536350,0,0,0,3000,0,3000,435923,441000,6000,435000,4000,3077,923,-97427
3682,亞太電          ,372000,469943,-97943,0,0,0,0,0,0,0,0,0,0,0,0,0,-97943
3016,嘉晶            ,973000,749000,224000,0,0,0,0,0,0,-322000,0,0,0,6000,328000,-322000,-98000
059005,嘉晶元大99購06  ,0,0,0,0,0,0,0,0,0,-98000,0,0,0,210000,308000,-98000,-98000
5531,鄉林            ,41000,140000,-99000,0,0,0,0,0,0,0,0,0,0,0,0,0,-99000
1760,寶齡富錦        ,47000,201000,-154000,0,0,0,0,0,0,55000,55000,0,55000,0,0,0,-99000
059517,茂林永豐99購02  ,0,0,0,0,0,0,0,0,0,-99000,0,0,0,0,99000,-99000,-99000
058175,旺宏凱基99購03  ,0,0,0,0,0,0,0,0,0,-100000,0,0,0,0,100000,-100000,-100000
058271,訊連永豐99購01  ,0,0,0,0,0,0,0,0,0,-100000,0,0,0,0,100000,-100000,-100000
056715,瀚宇博永豐98購01,0,0,0,0,0,0,0,0,0,-100000,0,0,0,0,100000,-100000,-100000
057627,和大永豐98購01  ,0,0,0,0,0,0,0,0,0,-100000,0,0,0,0,100000,-100000,-100000
057573,京鼎永豐98購02  ,0,0,0,0,0,0,0,0,0,-100000,0,0,0,0,100000,-100000,-100000
057405,麗豐群益98購01  ,0,0,0,0,0,0,0,0,0,-100000,0,0,0,0,100000,-100000,-100000
059540,新光金日盛99購01,0,0,0,0,0,0,0,0,0,-100000,0,0,0,0,100000,-100000,-100000
055710,亞德客元大97購03,0,0,0,0,0,0,0,0,0,-100000,0,0,0,0,100000,-100000,-100000
052747,京鼎元大97購01  ,0,0,0,0,0,0,0,0,0,-100000,0,0,0,0,100000,-100000,-100000
052646,淘帝永豐96購01  ,0,0,0,0,0,0,0,0,0,-100000,0,0,0,0,100000,-100000,-100000
053632,新唐兆豐96購01  ,0,0,0,0,0,0,0,0,0,-100000,0,0,0,0,100000,-100000,-100000
052145,京元電群益95購02,0,0,0,0,0,0,0,0,0,-100000,0,0,0,0,100000,-100000,-100000
052172,致茂元大95購01  ,0,0,0,0,0,0,0,0,0,-100000,0,0,0,0,100000,-100000,-100000
053567,群創富邦97購01  ,0,0,0,0,0,0,0,0,0,-100000,0,0,0,0,100000,-100000,-100000
055842,建準元大98購01  ,0,0,0,0,0,0,0,0,0,-100000,0,0,0,0,100000,-100000,-100000
05125P,鴻海群益95售06  ,0,0,0,0,0,0,0,0,0,-100000,0,0,0,0,100000,-100000,-100000
047521,台積電元大94購03,0,0,0,0,0,0,0,0,0,-100000,0,0,0,0,100000,-100000,-100000
049656,臺股指凱基94購17,0,0,0,0,0,0,0,0,0,-100000,0,0,0,0,100000,-100000,-100000
049587,美律元大95購01  ,0,0,0,0,0,0,0,0,0,-100000,0,0,0,120000,220000,-100000,-100000
04177P,富邦金元大94售01,0,0,0,0,0,0,0,0,0,-101000,0,0,0,0,101000,-101000,-101000
057300,訊連永豐98購01  ,0,0,0,0,0,0,0,0,0,-102000,0,0,0,0,102000,-102000,-102000
05170P,世芯元大95售01  ,0,0,0,0,0,0,0,0,0,-102000,0,0,0,32000,134000,-102000,-102000
059363,超眾永豐99購02  ,0,0,0,0,0,0,0,0,0,-102000,0,0,0,0,102000,-102000,-102000
2406,國碩            ,86000,188801,-102801,0,0,0,0,0,0,0,0,0,0,0,0,0,-102801
058847,國巨群益99購05  ,0,0,0,0,0,0,0,0,0,-103000,0,0,0,0,103000,-103000,-103000
2615,萬海            ,1296000,1399000,-103000,0,0,0,2000,0,2000,-3000,0,3000,-3000,0,0,0,-104000
054205,華新國票97購02  ,0,0,0,0,0,0,0,0,0,-104000,0,0,0,16000,120000,-104000,-104000
00663L,國泰臺灣加權正2 ,0,0,0,0,0,0,0,0,0,-104000,0,0,0,548000,652000,-104000,-104000
055808,世紀鋼永豐97購01,0,0,0,0,0,0,0,0,0,-104000,0,0,0,7000,111000,-104000,-104000
2832,台產            ,1000,105919,-104919,0,0,0,0,0,0,0,0,0,0,0,0,0,-104919
4576,大銀微系統      ,37000,29000,8000,0,0,0,0,113000,-113000,0,0,0,0,0,0,0,-105000
07251P,台灣50元富01售04,0,0,0,0,0,0,0,0,0,-105000,0,0,0,9000,114000,-105000,-105000
06891P,緯穎富邦99售03  ,0,0,0,0,0,0,0,0,0,-105000,0,0,0,18000,123000,-105000,-105000
055131,茂林康和97購01  ,0,0,0,0,0,0,0,0,0,-105000,0,0,0,0,105000,-105000,-105000
8926,台汽電          ,226000,326000,-100000,0,0,0,1000,0,1000,-6000,0,6000,-6000,0,0,0,-105000
2351,順德            ,172000,110000,62000,0,0,0,0,50000,-50000,-118000,1000,119000,-118000,0,0,0,-106000
2436,偉詮電          ,76000,183999,-107999,0,0,0,0,0,0,1000,1000,0,1000,0,0,0,-106999
056714,晶相光永豐98購02,0,0,0,0,0,0,0,0,0,-107000,0,0,0,0,107000,-107000,-107000
07074P,FBVIX凱基9A售01 ,0,0,0,0,0,0,0,0,0,-107000,0,0,0,0,107000,-107000,-107000
055404,超眾元富97購01  ,0,0,0,0,0,0,0,0,0,-107000,0,0,0,10000,117000,-107000,-107000
05254P,瑞昱凱基95售04  ,0,0,0,0,0,0,0,0,0,-107000,0,0,0,0,107000,-107000,-107000
1313,聯成            ,233759,341222,-107463,0,0,0,0,0,0,0,0,0,0,0,0,0,-107463
053405,台達電兆豐96購01,0,0,0,0,0,0,0,0,0,-108000,0,0,0,122000,230000,-108000,-108000
03435B,臺股指凱基99熊29,0,0,0,0,0,0,0,0,0,-108000,0,0,0,5000,113000,-108000,-108000
1201,味全            ,195000,301000,-106000,0,0,0,0,0,0,-3000,0,3000,-3000,0,0,0,-109000
1720,生達            ,34000,143000,-109000,0,0,0,0,0,0,0,0,0,0,0,0,0,-109000
3703,欣陸            ,118000,227000,-109000,0,0,0,0,0,0,0,0,0,0,0,0,0,-109000
2034,允強            ,117700,232000,-114300,0,0,0,0,0,0,5000,5000,0,5000,0,0,0,-109300
059143,國巨國票9A購04  ,0,0,0,0,0,0,0,0,0,-110000,0,0,0,85000,195000,-110000,-110000
2328,廣宇            ,170000,282000,-112000,0,0,0,0,0,0,2000,5000,3000,2000,0,0,0,-110000
07210P,智邦凱基99售03  ,0,0,0,0,0,0,0,0,0,-110000,0,0,0,0,110000,-110000,-110000
03935P,可成富邦95售01  ,0,0,0,0,0,0,0,0,0,-110000,0,0,0,0,110000,-110000,-110000
03674C,臺股指元富9C牛02,0,0,0,0,0,0,0,0,0,-110000,0,0,0,43000,153000,-110000,-110000
050522,聯發科元大95購03,0,0,0,0,0,0,0,0,0,-110000,0,0,0,0,110000,-110000,-110000
054558,劍麟群益99購01  ,0,0,0,0,0,0,0,0,0,-110000,0,0,0,0,110000,-110000,-110000
058664,百和兆豐99購01  ,0,0,0,0,0,0,0,0,0,-111000,0,0,0,0,111000,-111000,-111000
3006,晶豪科          ,228000,278000,-50000,0,0,0,0,0,0,-61000,8000,24000,-16000,0,45000,-45000,-111000
059118,晶技永豐9A購01  ,0,0,0,0,0,0,0,0,0,-112000,0,0,0,12000,124000,-112000,-112000
2501,國建            ,67000,155000,-88000,0,0,0,0,0,0,-25000,0,25000,-25000,0,0,0,-113000
055409,元黃金富邦01購01,0,0,0,0,0,0,0,0,0,-113000,0,0,0,0,113000,-113000,-113000
052192,SP黃豆元富95購04,0,0,0,0,0,0,0,0,0,-114000,0,0,0,0,114000,-114000,-114000
058884,世紀鋼永豐99購02,0,0,0,0,0,0,0,0,0,-115000,0,0,0,22000,137000,-115000,-115000
054137,聯詠元大97購02  ,0,0,0,0,0,0,0,0,0,-115000,0,0,0,200000,315000,-115000,-115000
05169P,玉晶光元大95售03,0,0,0,0,0,0,0,0,0,-115000,0,0,0,0,115000,-115000,-115000
01002T,土銀國泰R1      ,0,115000,-115000,0,0,0,0,0,0,0,0,0,0,0,0,0,-115000
04786P,鴻海永昌96售01  ,0,0,0,0,0,0,0,0,0,-115000,0,0,0,1000,116000,-115000,-115000
1455,集盛            ,164000,280000,-116000,0,0,0,0,0,0,0,0,0,0,0,0,0,-116000
1592,英瑞-KY         ,5000,121000,-116000,0,0,0,0,0,0,0,0,0,0,0,0,0,-116000
3563,牧德            ,133000,166000,-33000,0,0,0,0,42000,-42000,-41000,30000,0,30000,1000,72000,-71000,-116000
04792P,智邦元大94售06  ,0,0,0,0,0,0,0,0,0,-116000,0,0,0,43000,159000,-116000,-116000
059360,全新永豐99購02  ,0,0,0,0,0,0,0,0,0,-116000,0,0,0,0,116000,-116000,-116000
4766,南寶            ,192000,213000,-21000,0,0,0,0,96000,-96000,0,0,0,0,0,0,0,-117000
058533,玉晶光元富99購01,0,0,0,0,0,0,0,0,0,-117000,0,0,0,0,117000,-117000,-117000
1609,大亞            ,150520,269320,-118800,0,0,0,1000,0,1000,0,0,0,0,0,0,0,-117800
4141,龍燈-KY         ,0,118000,-118000,0,0,0,0,0,0,0,0,0,0,0,0,0,-118000
04471P,華通元大95售03  ,0,0,0,0,0,0,0,0,0,-118000,0,0,0,0,118000,-118000,-118000
050955,達方群益97購01  ,0,0,0,0,0,0,0,0,0,-118000,0,0,0,0,118000,-118000,-118000
8131,福懋科          ,135000,245000,-110000,0,0,0,1000,0,1000,-9000,2000,1000,1000,0,10000,-10000,-118000
3090,日電貿          ,99940,217000,-117060,0,0,0,0,0,0,-1000,1000,2000,-1000,0,0,0,-118060
058953,S&P反1國票03購01,0,0,0,0,0,0,0,0,0,-119000,0,0,0,0,119000,-119000,-119000
051722,玉晶光永豐97購01,0,0,0,0,0,0,0,0,0,-119000,0,0,0,0,119000,-119000,-119000
3645,達邁            ,51950,170400,-118450,0,0,0,0,0,0,-1000,0,1000,-1000,0,0,0,-119450
057576,南亞科第一9C購01,0,0,0,0,0,0,0,0,0,-120000,0,0,0,0,120000,-120000,-120000
052318,友達元大98購01  ,0,0,0,0,0,0,0,0,0,-120000,0,0,0,0,120000,-120000,-120000
048847,A50群益98購01   ,0,0,0,0,0,0,0,0,0,-120000,0,0,0,0,120000,-120000,-120000
2467,志聖            ,43000,166000,-123000,0,0,0,0,0,0,1000,1000,0,1000,0,0,0,-122000
05540P,亞德客凱基96售01,0,0,0,0,0,0,0,0,0,-122000,0,0,0,0,122000,-122000,-122000
07265P,大立光元大99售16,0,0,0,0,0,0,0,0,0,-123000,0,0,0,0,123000,-123000,-123000
059136,臺股指群益99購11,0,0,0,0,0,0,0,0,0,-123000,0,0,0,204000,327000,-123000,-123000
052890,FB上証群益9B購01,0,0,0,0,0,0,0,0,0,-123000,0,0,0,0,123000,-123000,-123000
1802,台玻            ,102267,220000,-117733,0,0,0,0,0,0,-6000,0,6000,-6000,0,0,0,-123733
1440,南紡            ,46000,169000,-123000,0,0,0,0,0,0,-1000,0,1000,-1000,0,0,0,-124000
06383P,聯茂元富97售01  ,0,0,0,0,0,0,0,0,0,-125000,0,0,0,35000,160000,-125000,-125000
059194,元金2X永豐99購01,0,0,0,0,0,0,0,0,0,-125000,0,0,0,10000,135000,-125000,-125000
06479P,聯發科中信99售02,0,0,0,0,0,0,0,0,0,-126000,0,0,0,0,126000,-126000,-126000
06228P,亞德客凱基97售04,0,0,0,0,0,0,0,0,0,-126000,0,0,0,0,126000,-126000,-126000
058788,喬山元大99購01  ,0,0,0,0,0,0,0,0,0,-126000,0,0,0,0,126000,-126000,-126000
00737,國泰AI+Robo     ,6000,3000,3000,0,0,0,0,0,0,-129157,0,0,0,0,129157,-129157,-126157
06662P,玉晶光中信9A售01,0,0,0,0,0,0,0,0,0,-127000,0,0,0,26000,153000,-127000,-127000
057487,聯發科元大98購10,0,0,0,0,0,0,0,0,0,-128000,0,0,0,0,128000,-128000,-128000
2464,盟立            ,279000,407000,-128000,0,0,0,0,0,0,0,0,0,0,0,0,0,-128000
03414B,臺股指凱基99熊01,0,0,0,0,0,0,0,0,0,-128000,0,0,0,99000,227000,-128000,-128000
06053P,緯穎國票97售05  ,0,0,0,0,0,0,0,0,0,-128000,0,0,0,0,128000,-128000,-128000
2499,東貝            ,119000,248000,-129000,0,0,0,0,0,0,0,0,0,0,0,0,0,-129000
006205,富邦上証        ,106000,135000,-29000,0,0,0,0,0,0,-100000,0,0,0,1021000,1121000,-100000,-129000
059196,聯發科永豐99購02,0,0,0,0,0,0,0,0,0,-130000,0,0,0,24000,154000,-130000,-130000
052049,緯創凱基97購01  ,0,0,0,0,0,0,0,0,0,-130000,0,0,0,0,130000,-130000,-130000
059033,元油2X群益9C購05,0,0,0,0,0,0,0,0,0,-134000,0,0,0,0,134000,-134000,-134000
1227,佳格            ,1168980,1324754,-155774,0,0,0,0,0,0,21000,21000,0,21000,0,0,0,-134774
059383,台灣50凱基99購03,0,0,0,0,0,0,0,0,0,-135000,0,0,0,1000,136000,-135000,-135000
059386,上銀凱基99購07  ,0,0,0,0,0,0,0,0,0,-135000,0,0,0,0,135000,-135000,-135000
054862,群光群益97購01  ,0,0,0,0,0,0,0,0,0,-135000,0,0,0,0,135000,-135000,-135000
054784,順德群益9A購01  ,0,0,0,0,0,0,0,0,0,-135000,0,0,0,0,135000,-135000,-135000
056178,嘉澤元富97購02  ,0,0,0,0,0,0,0,0,0,-135000,0,0,0,15000,150000,-135000,-135000
8163,達方            ,162000,300000,-138000,0,0,0,0,0,0,3000,9000,6000,3000,0,0,0,-135000
06866P,聯發科元大98售13,10000,0,10000,0,0,0,0,0,0,-147000,0,0,0,0,147000,-147000,-137000
058363,全新凱基9A購02  ,0,0,0,0,0,0,0,0,0,-137000,0,0,0,4000,141000,-137000,-137000
2022,聚亨            ,26000,164000,-138000,0,0,0,0,0,0,0,0,0,0,0,0,0,-138000
1707,葡萄王          ,433175,476000,-42825,0,0,0,0,93000,-93000,-3000,4000,6000,-2000,0,1000,-1000,-138825
2511,太子            ,116000,255000,-139000,0,0,0,0,0,0,0,0,0,0,0,0,0,-139000
2338,光罩            ,342000,516000,-174000,0,0,0,0,0,0,35000,0,0,0,40000,5000,35000,-139000
059433,聯發科元大99購27,0,0,0,0,0,0,0,0,0,-139000,0,0,0,46000,185000,-139000,-139000
056289,合勤控永豐97購01,0,30000,-30000,0,0,0,0,0,0,-109000,0,0,0,125000,234000,-109000,-139000
1717,長興            ,573000,709058,-136058,0,0,0,0,0,0,-3000,0,3000,-3000,0,0,0,-139058
2514,龍邦            ,9000,149000,-140000,0,0,0,0,0,0,0,0,0,0,0,0,0,-140000
051277,聯發科中信9A購01,0,0,0,0,0,0,0,0,0,-140000,0,0,0,0,140000,-140000,-140000
045767,大立光元富95購01,0,0,0,0,0,0,0,0,0,-141000,0,0,0,39000,180000,-141000,-141000
4306,炎洲            ,70864,212000,-141136,0,0,0,0,0,0,0,6000,6000,0,0,0,0,-141136
6139,亞翔            ,95000,222000,-127000,0,0,0,0,0,0,-15000,0,15000,-15000,0,0,0,-142000
2897,王道銀行        ,198000,182000,16000,0,0,0,4000,0,4000,-162000,0,162000,-162000,0,0,0,-142000
9917,中保科          ,117000,266000,-149000,0,0,0,0,2000,-2000,9000,16000,7000,9000,0,0,0,-142000
1319,東陽            ,589444,679000,-89556,0,0,0,0,0,0,-53000,1000,18000,-17000,0,36000,-36000,-142556
058359,瑞昱凱基99購01  ,0,0,0,0,0,0,0,0,0,-143000,0,0,0,0,143000,-143000,-143000
05444P,大立光元大95售10,0,0,0,0,0,0,0,0,0,-143000,0,0,0,0,143000,-143000,-143000
1709,和益            ,30000,174000,-144000,0,0,0,0,0,0,0,0,0,0,0,0,0,-144000
07013P,玉晶光群益9A售06,0,0,0,0,0,0,0,0,0,-145000,0,0,0,10000,155000,-145000,-145000
055562,欣興凱基97購06  ,0,0,0,0,0,0,0,0,0,-145000,0,0,0,1000,146000,-145000,-145000
056509,晶相光永豐98購01,0,0,0,0,0,0,0,0,0,-145000,0,0,0,12000,157000,-145000,-145000
3413,京鼎            ,110000,260150,-150150,0,0,0,1000,0,1000,3000,9000,4000,5000,0,2000,-2000,-146150
07283P,華新科凱基99售07,0,0,0,0,0,0,0,0,0,-147000,0,0,0,0,147000,-147000,-147000
07161P,臺股指群益99售12,0,0,0,0,0,0,0,0,0,-147000,0,0,0,8000,155000,-147000,-147000
6202,盛群            ,420000,567000,-147000,0,0,0,0,0,0,-1000,2000,3000,-1000,0,0,0,-148000
8222,寶一            ,1000,8000,-7000,0,0,0,0,142000,-142000,0,0,0,0,0,0,0,-149000
058146,勤誠元大99購01  ,0,0,0,0,0,0,0,0,0,-150000,0,0,0,0,150000,-150000,-150000
052622,貿聯兆豐97購01  ,0,0,0,0,0,0,0,0,0,-150000,0,0,0,0,150000,-150000,-150000
055674,南港康和97購02  ,0,0,0,0,0,0,0,0,0,-150000,0,0,0,0,150000,-150000,-150000
054379,光磊群益98購01  ,0,0,0,0,0,0,0,0,0,-150000,0,0,0,0,150000,-150000,-150000
048633,台達電元大94購02,0,0,0,0,0,0,0,0,0,-150000,0,0,0,0,150000,-150000,-150000
053505,瑞儀兆豐97購01  ,0,0,0,0,0,0,0,0,0,-150000,0,0,0,0,150000,-150000,-150000
055803,鎧勝永豐97購01  ,0,0,0,0,0,0,0,0,0,-150000,0,0,0,0,150000,-150000,-150000
3702,大聯大          ,1246600,2315308,-1068708,0,0,0,2000,10000,-8000,925000,28000,10000,18000,907000,0,907000,-151708
058831,茂林永豐99購01  ,0,0,0,0,0,0,0,0,0,-152000,0,0,0,0,152000,-152000,-152000
6155,鈞寶            ,66000,220000,-154000,0,0,0,0,0,0,0,0,0,0,0,0,0,-154000
059411,臺股指國票99購17,0,0,0,0,0,0,0,0,0,-155000,0,0,0,5000,160000,-155000,-155000
035277,景碩台新97購01  ,0,0,0,0,0,0,0,0,0,-155000,0,0,0,0,155000,-155000,-155000
059278,群創元大9A購04  ,0,0,0,0,0,0,0,0,0,-155000,0,0,0,25000,180000,-155000,-155000
3008,大立光          ,396480,533618,-137138,0,0,0,10700,24000,-13300,-5000,2000,6000,-4000,9000,10000,-1000,-155438
059515,牧德永豐99購01  ,0,0,0,0,0,0,0,0,0,-156000,0,0,0,0,156000,-156000,-156000
3704,合勤控          ,170000,328000,-158000,0,0,0,0,0,0,0,0,0,0,0,0,0,-158000
057270,遠東新元大98購01,0,0,0,0,0,0,0,0,0,-158000,0,0,0,2000,160000,-158000,-158000
052476,台光電群益98購01,0,0,0,0,0,0,0,0,0,-158000,0,0,0,0,158000,-158000,-158000
03619C,臺股指元大95牛02,0,0,0,0,0,0,0,0,0,-158000,0,0,0,6000,164000,-158000,-158000
2401,凌陽            ,184000,351000,-167000,0,0,0,0,0,0,6000,6000,0,6000,0,0,0,-161000
053510,聯電群益97購01  ,0,0,0,0,0,0,0,0,0,-161000,0,0,0,100000,261000,-161000,-161000
4106,雃博            ,62000,224000,-162000,0,0,0,0,0,0,0,0,0,0,0,0,0,-162000
06890P,金融類元大98售02,0,0,0,0,0,0,0,0,0,-163000,0,0,0,1000,164000,-163000,-163000
5434,崇越            ,191406,345597,-154191,0,0,0,0,0,0,-9000,1000,2000,-1000,0,8000,-8000,-163191
4915,致伸            ,453000,614000,-161000,0,0,0,0,0,0,-5000,1000,2000,-1000,0,4000,-4000,-166000
048007,明基材元大96購01,0,0,0,0,0,0,0,0,0,-168000,0,0,0,0,168000,-168000,-168000
058794,旺宏元大99購09  ,0,0,0,0,0,0,0,0,0,-170000,0,0,0,0,170000,-170000,-170000
06946P,T50正2元大9C售01,0,0,0,0,0,0,0,0,0,-170000,0,0,0,0,170000,-170000,-170000
055387,世紀鋼元大97購01,0,0,0,0,0,0,0,0,0,-171000,0,0,0,12000,183000,-171000,-171000
054097,淘帝國票97購01  ,0,0,0,0,0,0,0,0,0,-171000,0,0,0,0,171000,-171000,-171000
2015,豐興            ,371000,544000,-173000,0,0,0,0,0,0,1000,4000,3000,1000,0,0,0,-172000
043585,道瓊反元大94購01,0,0,0,0,0,0,0,0,0,-173000,0,0,0,0,173000,-173000,-173000
058798,大立光元大99購11,0,0,0,0,0,0,0,0,0,-174000,0,0,0,2000,176000,-174000,-174000
07220P,台灣50中信03售05,0,0,0,0,0,0,0,0,0,-174000,0,0,0,11000,185000,-174000,-174000
07214P,聯發科凱基9A售04,0,0,0,0,0,0,0,0,0,-175000,0,0,0,0,175000,-175000,-175000
2207,和泰車          ,484000,644336,-160336,0,0,0,2000,0,2000,-17000,0,17000,-17000,0,0,0,-175336
054868,國泰金群益9A購01,0,0,0,0,0,0,0,0,0,-176000,0,0,0,22000,198000,-176000,-176000
1604,聲寶            ,16000,195000,-179000,0,0,0,0,0,0,0,0,0,0,0,0,0,-179000
2498,宏達電          ,1587000,1318000,269000,0,0,0,0,0,0,-449000,25000,10000,15000,35000,499000,-464000,-180000
057315,台灣50康和9A購03,0,0,0,0,0,0,0,0,0,-180000,0,0,0,0,180000,-180000,-180000
058356,華邦電凱基99購01,0,0,0,0,0,0,0,0,0,-180000,0,0,0,0,180000,-180000,-180000
00717,富邦美國特別股  ,0,0,0,0,0,0,0,0,0,-180000,0,0,0,643000,823000,-180000,-180000
06983P,台積電國泰9A售02,0,0,0,0,0,0,0,0,0,-181000,0,0,0,67000,248000,-181000,-181000
059384,上証2X凱基9B購01,0,0,0,0,0,0,0,0,0,-181000,0,0,0,34000,215000,-181000,-181000
054040,中石化元大9C購01,0,0,0,0,0,0,0,0,0,-181000,0,0,0,0,181000,-181000,-181000
2481,強茂            ,295000,498300,-203300,0,0,0,0,0,0,22000,1000,0,1000,21000,0,21000,-181300
058504,台積電元大99購07,0,0,0,0,0,0,0,0,0,-182000,0,0,0,0,182000,-182000,-182000
2208,台船            ,84000,267062,-183062,0,0,0,0,0,0,0,0,0,0,0,0,0,-183062
058514,潤泰全元大99購01,0,0,0,0,0,0,0,0,0,-184000,0,0,0,52000,236000,-184000,-184000
059319,台光電元大99購04,0,0,0,0,0,0,0,0,0,-184000,0,0,0,22000,206000,-184000,-184000
07122P,欣興凱基99售05  ,0,0,0,0,0,0,0,0,0,-185000,0,0,0,0,185000,-185000,-185000
05852P,嘉晶群益96售01  ,0,0,0,0,0,0,0,0,0,-185000,0,0,0,62000,247000,-185000,-185000
051608,新日興群益96購01,0,0,0,0,0,0,0,0,0,-185000,0,0,0,20000,205000,-185000,-185000
050100,台積電永昌96購02,0,0,0,0,0,0,0,0,0,-185000,0,0,0,735000,920000,-185000,-185000
6443,元晶            ,98000,283671,-185671,0,0,0,0,0,0,0,0,0,0,0,0,0,-185671
1582,信錦            ,255500,441500,-186000,0,0,0,0,0,0,0,1000,1000,0,0,0,0,-186000
057813,京元電元大98購03,0,0,0,0,0,0,0,0,0,-190000,0,0,0,120000,310000,-190000,-190000
04950P,上証2X中信96售02,0,0,0,0,0,0,0,0,0,-190000,0,0,0,0,190000,-190000,-190000
8114,振樺電          ,7000,197000,-190000,0,0,0,0,0,0,0,0,0,0,0,0,0,-190000
059432,聯發科元大99購26,0,0,0,0,0,0,0,0,0,-191000,0,0,0,49000,240000,-191000,-191000
055456,上銀富邦99購01  ,0,0,0,0,0,0,0,0,0,-191000,0,0,0,30000,221000,-191000,-191000
059455,玉晶光永豐99購05,0,0,0,0,0,0,0,0,0,-192000,0,0,0,44000,236000,-192000,-192000
052765,新日興群益97購01,0,0,0,0,0,0,0,0,0,-192000,0,0,0,0,192000,-192000,-192000
058035,旭富永豐98購02  ,0,0,0,0,0,0,0,0,0,-193000,0,0,0,0,193000,-193000,-193000
06454P,緯穎元大98售04  ,0,0,0,0,0,0,0,0,0,-193000,0,0,0,0,193000,-193000,-193000
056653,元石油元大98購01,0,0,0,0,0,0,0,0,0,-193000,0,0,0,0,193000,-193000,-193000
04712P,國泰金元大94售01,0,0,0,0,0,0,0,0,0,-193000,0,0,0,0,193000,-193000,-193000
06669P,緯穎凱基98售05  ,0,0,0,0,0,0,0,0,0,-194000,0,0,0,65000,259000,-194000,-194000
00735,國泰臺韓科技    ,0,52000,-52000,0,0,0,0,0,0,-142000,0,0,0,100000,242000,-142000,-194000
059429,台積電元大99購35,0,0,0,0,0,0,0,0,0,-195000,0,0,0,82000,277000,-195000,-195000
2010,春源            ,0,196000,-196000,0,0,0,0,0,0,0,0,0,0,0,0,0,-196000
059538,健策凱基99購03  ,0,0,0,0,0,0,0,0,0,-196000,0,0,0,0,196000,-196000,-196000
4942,嘉彰            ,51000,248000,-197000,0,0,0,0,0,0,0,0,0,0,0,0,0,-197000
2607,榮運            ,1054000,1252000,-198000,0,0,0,0,0,0,0,0,0,0,0,0,0,-198000
05680P,聯發科元大96售12,0,0,0,0,0,0,0,0,0,-198000,0,0,0,0,198000,-198000,-198000
045231,南電元大94購01  ,0,0,0,0,0,0,0,0,0,-198000,0,0,0,42000,240000,-198000,-198000
058750,緯穎凱基9A購03  ,0,0,0,0,0,0,0,0,0,-199000,0,0,0,35000,234000,-199000,-199000
2836,高雄銀          ,17000,216000,-199000,0,0,0,0,0,0,0,0,0,0,0,0,0,-199000
059091,中信金元大99購01,0,0,0,0,0,0,0,0,0,-200000,0,0,0,0,200000,-200000,-200000
057944,新日興國票99購02,0,0,0,0,0,0,0,0,0,-200000,0,0,0,0,200000,-200000,-200000
059341,台積電凱基99購15,0,0,0,0,0,0,0,0,0,-200000,0,0,0,156000,356000,-200000,-200000
053385,聯詠元大96購02  ,0,0,0,0,0,0,0,0,0,-200000,0,0,0,0,200000,-200000,-200000
053324,康舒群益96購01  ,0,0,0,0,0,0,0,0,0,-200000,0,0,0,0,200000,-200000,-200000
053164,台光電群益96購02,0,0,0,0,0,0,0,0,0,-200000,0,0,0,0,200000,-200000,-200000
055414,奇力新富邦9B購01,0,0,0,0,0,0,0,0,0,-200000,0,0,0,0,200000,-200000,-200000
9921,巨大            ,936000,795165,140835,0,0,0,36000,385000,-349000,8000,9000,1000,8000,0,0,0,-200165
059012,臺股指元大9A購31,0,0,0,0,0,0,0,0,0,-201000,0,0,0,0,201000,-201000,-201000
2206,三陽工業        ,24000,225000,-201000,0,0,0,0,0,0,0,0,0,0,0,0,0,-201000
055089,金寶群益98購01  ,0,0,0,0,0,0,0,0,0,-201000,0,0,0,0,201000,-201000,-201000
059526,鴻海凱基99購12  ,0,0,0,0,0,0,0,0,0,-201000,0,0,0,0,201000,-201000,-201000
059207,臺指反元大9C購02,0,0,0,0,0,0,0,0,0,-201000,0,0,0,0,201000,-201000,-201000
051632,全新國票96購01  ,0,0,0,0,0,0,0,0,0,-201000,0,0,0,0,201000,-201000,-201000
2108,南帝            ,369000,570092,-201092,0,0,0,0,0,0,0,0,0,0,0,0,0,-201092
059000,台積電元大99購25,0,0,0,0,0,0,0,0,0,-202000,0,0,0,9000,211000,-202000,-202000
3026,禾伸堂          ,284700,454900,-170200,0,0,0,0,0,0,-32000,0,1000,-1000,5000,36000,-31000,-202200
035276,南亞科台新97購01,0,0,0,0,0,0,0,0,0,-203000,0,0,0,0,203000,-203000,-203000
3041,揚智            ,302096,506000,-203904,0,0,0,0,0,0,0,0,0,0,0,0,0,-203904
05407P,超眾凱基95售04  ,0,0,0,0,0,0,0,0,0,-204000,0,0,0,0,204000,-204000,-204000
058864,欣興凱基99購04  ,0,0,0,0,0,0,0,0,0,-208000,0,0,0,12000,220000,-208000,-208000
059399,滬深2X元富9C購03,0,0,0,0,0,0,0,0,0,-208000,0,0,0,0,208000,-208000,-208000
053502,智伸科兆豐97購01,0,0,0,0,0,0,0,0,0,-208000,0,0,0,42000,250000,-208000,-208000
058901,美律元大99購07  ,50000,0,50000,0,0,0,0,0,0,-259000,0,0,0,48000,307000,-259000,-209000
057630,茂林永豐98購01  ,0,0,0,0,0,0,0,0,0,-210000,0,0,0,0,210000,-210000,-210000
053745,康友國票97購01  ,0,0,0,0,0,0,0,0,0,-210000,0,0,0,0,210000,-210000,-210000
07480P,FBVIX凱基94售01 ,0,0,0,0,0,0,0,0,0,-211000,0,0,0,0,211000,-211000,-211000
1902,台紙            ,36000,247000,-211000,0,0,0,0,0,0,0,0,0,0,0,0,0,-211000
3052,夆典            ,45000,256000,-211000,0,0,0,0,0,0,0,0,0,0,0,0,0,-211000
8150,南茂            ,2945496,3136600,-191104,0,0,0,0,0,0,-21000,1000,0,1000,11000,33000,-22000,-212104
04777P,聯發科凱基94售10,0,0,0,0,0,0,0,0,0,-213000,0,0,0,0,213000,-213000,-213000
059458,鎧勝永豐99購01  ,0,0,0,0,0,0,0,0,0,-218000,0,0,0,3000,221000,-218000,-218000
5388,中磊            ,101000,314000,-213000,0,0,0,0,0,0,-6000,1000,1000,0,1000,7000,-6000,-219000
2006,東和鋼鐵        ,204000,444000,-240000,0,0,0,1000,0,1000,20000,20000,0,20000,0,0,0,-219000
06884P,台郡群益98售03  ,0,0,0,0,0,0,0,0,0,-220000,0,0,0,0,220000,-220000,-220000
3015,全漢            ,18000,236000,-218000,0,0,0,0,0,0,-2000,2000,4000,-2000,0,0,0,-220000
057303,喬山兆豐99購01  ,0,0,0,0,0,0,0,0,0,-220000,0,0,0,0,220000,-220000,-220000
042994,葡萄王元大94購02,0,0,0,0,0,0,0,0,0,-220000,0,0,0,0,220000,-220000,-220000
051602,南茂兆豐96購01  ,0,0,0,0,0,0,0,0,0,-220000,0,0,0,0,220000,-220000,-220000
054803,味全元大9A購01  ,0,0,0,0,0,0,0,0,0,-222000,0,0,0,24000,246000,-222000,-222000
6191,精成科          ,59000,283000,-224000,0,0,0,0,0,0,1000,2000,0,2000,0,1000,-1000,-223000
2816,旺旺保          ,26000,252000,-226000,0,0,0,0,0,0,2000,2000,0,2000,0,0,0,-224000
051840,康友國泰97購02  ,0,0,0,0,0,0,0,0,0,-225000,0,0,0,0,225000,-225000,-225000
06347P,祥碩元富97售02  ,0,0,0,0,0,0,0,0,0,-226000,0,0,0,4000,230000,-226000,-226000
4934,太極            ,246000,472369,-226369,0,0,0,0,0,0,0,0,0,0,0,0,0,-226369
2395,研華            ,1115299,1370073,-254774,0,0,0,27000,0,27000,1000,1000,0,1000,0,0,0,-226774
07026P,超眾凱基99售03  ,0,0,0,0,0,0,0,0,0,-227000,0,0,0,0,227000,-227000,-227000
1476,儒鴻            ,1161144,1348910,-187766,0,0,0,23000,52000,-29000,-12420,5000,11000,-6000,0,6420,-6420,-229186
054046,義隆元大96購02  ,0,0,0,0,0,0,0,0,0,-230000,0,0,0,60000,290000,-230000,-230000
054658,道瓊銀元大9A購01,0,0,0,0,0,0,0,0,0,-230000,0,0,0,0,230000,-230000,-230000
9911,櫻花            ,196000,377000,-181000,0,0,0,0,34000,-34000,-16000,0,16000,-16000,0,0,0,-231000
2929,淘帝-KY         ,519451,753398,-233947,0,0,0,0,0,0,1000,0,0,0,1000,0,1000,-232947
07255P,國巨凱基99售15  ,8000,0,8000,0,0,0,0,0,0,-241000,0,0,0,14000,255000,-241000,-233000
2601,益航            ,207000,441000,-234000,0,0,0,0,0,0,0,0,0,0,0,0,0,-234000
2633,台灣高鐵        ,3280722,3514382,-233660,0,0,0,11000,0,11000,-13000,9000,27000,-18000,15000,10000,5000,-235660
1444,力麗            ,26000,263000,-237000,0,0,0,0,0,0,0,0,0,0,0,0,0,-237000
5243,乙盛-KY         ,81000,323000,-242000,0,0,0,0,0,0,2000,2000,0,2000,0,0,0,-240000
06033P,可成凱基96售09  ,0,0,0,0,0,0,0,0,0,-240000,0,0,0,2000,242000,-240000,-240000
5264,鎧勝-KY         ,271811,550000,-278189,0,0,0,0,0,0,37000,0,3000,-3000,40000,0,40000,-241189
049064,T50反1凱基96購03,0,0,0,0,0,0,0,0,0,-247000,0,0,0,0,247000,-247000,-247000
07148P,富邦金元大99售01,0,0,0,0,0,0,0,0,0,-248000,0,0,0,2000,250000,-248000,-248000
2547,日勝生          ,87220,319000,-231780,0,0,0,0,0,0,-17000,0,17000,-17000,0,0,0,-248780
059119,華擎永豐99購02  ,0,0,0,0,0,0,0,0,0,-252000,0,0,0,0,252000,-252000,-252000
058966,元油2X日盛99購03,0,0,0,0,0,0,0,0,0,-252000,0,0,0,0,252000,-252000,-252000
3596,智易            ,262263,488306,-226043,0,0,0,0,0,0,-26000,3000,0,3000,3000,32000,-29000,-252043
1701,中化            ,52000,305000,-253000,0,0,0,0,0,0,0,0,0,0,0,0,0,-253000
6120,達運            ,215000,469000,-254000,0,0,0,0,0,0,0,2000,2000,0,0,0,0,-254000
057939,鈺齊群益98購02  ,0,0,0,0,0,0,0,0,0,-254000,0,0,0,0,254000,-254000,-254000
05253P,智邦凱基95售08  ,0,0,0,0,0,0,0,0,0,-256000,0,0,0,9000,265000,-256000,-256000
2809,京城銀          ,765000,1015000,-250000,0,0,0,1000,0,1000,-8000,0,8000,-8000,0,0,0,-257000
2101,南港            ,892000,1123000,-231000,0,0,0,0,0,0,-27000,0,3000,-3000,5000,29000,-24000,-258000
1409,新纖            ,1642000,1891000,-249000,0,0,0,0,0,0,-10000,0,10000,-10000,0,0,0,-259000
057643,聯發科元大99購03,0,0,0,0,0,0,0,0,0,-260000,0,0,0,30000,290000,-260000,-260000
2505,國揚            ,152000,413000,-261000,0,0,0,0,0,0,0,0,0,0,0,0,0,-261000
04452P,超眾國泰95售01  ,0,0,0,0,0,0,0,0,0,-262000,0,0,0,345000,607000,-262000,-262000
2855,統一證          ,87000,350000,-263000,0,0,0,0,0,0,0,0,0,0,0,0,0,-263000
051721,玉晶光永豐96購02,0,0,0,0,0,0,0,0,0,-269000,0,0,0,0,269000,-269000,-269000
059494,國巨國票9C購01  ,0,0,0,0,0,0,0,0,0,-270000,0,0,0,0,270000,-270000,-270000
053312,緯穎凱基96購02  ,60000,0,60000,0,0,0,0,0,0,-330000,0,0,0,80000,410000,-330000,-270000
006208,富邦台50        ,11000,11000,0,0,0,0,0,0,0,-271000,0,0,0,286000,557000,-271000,-271000
059257,臺股指凱基99購35,0,0,0,0,0,0,0,0,0,-271000,0,0,0,108000,379000,-271000,-271000
059142,道瓊指國票9B購02,0,0,0,0,0,0,0,0,0,-272000,0,0,0,55000,327000,-272000,-272000
3003,健和興          ,106000,128000,-22000,0,0,0,0,250000,-250000,-1000,0,1000,-1000,0,0,0,-273000
2359,所羅門          ,83000,358000,-275000,0,0,0,0,0,0,0,0,0,0,0,0,0,-275000
2340,光磊            ,462447,728229,-265782,0,0,0,0,0,0,-12000,2000,12000,-10000,0,2000,-2000,-277782
8210,勤誠            ,242000,598000,-356000,0,0,0,80000,0,80000,-2000,3000,0,3000,0,5000,-5000,-278000
058501,S&P正2元大99購01,0,0,0,0,0,0,0,0,0,-280000,0,0,0,0,280000,-280000,-280000
048572,美利達元大96購04,0,0,0,0,0,0,0,0,0,-280000,0,0,0,0,280000,-280000,-280000
00662,富邦NASDAQ      ,13000,12000,1000,0,0,0,0,0,0,-284000,0,0,0,163000,447000,-284000,-283000
5880,合庫金          ,14911069,15213108,-302039,0,0,0,52000,0,52000,-33000,2000,35000,-33000,0,0,0,-283039
00633L,富邦上証正2     ,1882000,1330000,552000,0,0,0,0,0,0,-836000,0,0,0,4326000,5162000,-836000,-284000
05180P,玉晶光凱基95售04,0,0,0,0,0,0,0,0,0,-285000,0,0,0,61000,346000,-285000,-285000
9945,潤泰新          ,1125520,1130128,-4608,0,0,0,0,130000,-130000,-151000,1000,52000,-51000,0,100000,-100000,-285608
054180,亞泥康和96購01  ,0,0,0,0,0,0,0,0,0,-286000,0,0,0,74000,360000,-286000,-286000
00830,國泰費城半導體  ,14289,14000,289,0,0,0,0,0,0,-287000,0,0,0,22000,309000,-287000,-286711
3014,聯陽            ,326000,680000,-354000,0,0,0,0,0,0,64000,71000,0,71000,3000,10000,-7000,-290000
058337,日月光元富99購01,0,0,0,0,0,0,0,0,0,-290000,0,0,0,0,290000,-290000,-290000
058728,SP黃豆永豐99購01,0,0,0,0,0,0,0,0,0,-291000,0,0,0,0,291000,-291000,-291000
056080,世紀鋼元大97購03,0,0,0,0,0,0,0,0,0,-291000,0,0,0,0,291000,-291000,-291000
2329,華泰            ,681000,972278,-291278,0,0,0,0,0,0,0,1000,0,1000,0,1000,-1000,-291278
050099,台積電永昌96購01,0,0,0,0,0,0,0,0,0,-293000,0,0,0,17000,310000,-293000,-293000
2867,三商壽          ,430745,725184,-294439,0,0,0,0,0,0,0,0,0,0,0,0,0,-294439
07242P,台灣50凱基9A售03,0,0,0,0,0,0,0,0,0,-296000,0,0,0,21000,317000,-296000,-296000
06889P,臺股指元大98售13,0,0,0,0,0,0,0,0,0,-298000,0,0,0,20000,318000,-298000,-298000
056292,統一元大97購01  ,0,0,0,0,0,0,0,0,0,-298000,0,0,0,95000,393000,-298000,-298000
055039,神達富邦99購01  ,0,0,0,0,0,0,0,0,0,-299000,0,0,0,15000,314000,-299000,-299000
052775,滬深2X國票99購02,0,0,0,0,0,0,0,0,0,-300000,0,0,0,0,300000,-300000,-300000
03136P,大立光康和01售01,0,0,0,0,0,0,0,0,0,-300000,0,0,0,0,300000,-300000,-300000
07279P,台灣50台新99售02,5000,0,5000,0,0,0,0,0,0,-306000,0,0,0,0,306000,-306000,-301000
07256P,臺股指凱基99售36,0,0,0,0,0,0,0,0,0,-304000,0,0,0,22000,326000,-304000,-304000
053490,為升兆豐97購01  ,0,0,0,0,0,0,0,0,0,-309000,0,0,0,0,309000,-309000,-309000
4414,如興            ,101145,411000,-309855,0,0,0,0,0,0,0,0,0,0,0,0,0,-309855
07257P,臺股指凱基99售37,0,0,0,0,0,0,0,0,0,-310000,0,0,0,327000,637000,-310000,-310000
07281P,鴻海凱基99售13  ,0,0,0,0,0,0,0,0,0,-310000,0,0,0,0,310000,-310000,-310000
056976,喬山群益98購01  ,0,0,0,0,0,0,0,0,0,-310000,0,0,0,0,310000,-310000,-310000
053318,全新群益99購01  ,0,0,0,0,0,0,0,0,0,-310000,0,0,0,0,310000,-310000,-310000
00639,富邦深100       ,164000,339000,-175000,0,0,0,0,0,0,-138000,0,0,0,828000,966000,-138000,-313000
04696P,亞德客國泰95售02,0,0,0,0,0,0,0,0,0,-316000,0,0,0,7000,323000,-316000,-316000
08852P,台灣50台新01售01,0,0,0,0,0,0,0,0,0,-317000,0,0,0,31000,348000,-317000,-317000
2390,云辰            ,110000,432000,-322000,0,0,0,0,0,0,5000,5000,0,5000,0,0,0,-317000
2504,國產            ,993000,1284000,-291000,0,0,0,0,0,0,-27000,0,0,0,0,27000,-27000,-318000
1103,嘉泥            ,1421000,1531000,-110000,0,0,0,0,0,0,-208000,0,208000,-208000,0,0,0,-318000
2489,瑞軒            ,51000,375000,-324000,0,0,0,0,0,0,5000,0,3000,-3000,8000,0,8000,-319000
2383,台光電          ,908000,1416000,-508000,0,0,0,80000,23000,57000,132000,244000,114000,130000,7000,5000,2000,-319000
056858,國巨群益99購03  ,0,0,0,0,0,0,0,0,0,-320000,0,0,0,70000,390000,-320000,-320000
05201P,玉晶光國泰97售02,0,0,0,0,0,0,0,0,0,-321000,0,0,0,125000,446000,-321000,-321000
059354,臺指反富邦9B購01,0,0,0,0,0,0,0,0,0,-326000,0,0,0,140000,466000,-326000,-326000
8213,志超            ,85000,382000,-297000,0,0,0,0,0,0,-29000,1000,30000,-29000,0,0,0,-326000
059358,旺宏永豐99購02  ,0,0,0,0,0,0,0,0,0,-328000,0,0,0,33000,361000,-328000,-328000
054780,中石化群益99購01,0,0,0,0,0,0,0,0,0,-330000,0,0,0,0,330000,-330000,-330000
049298,矽格群益95購01  ,0,0,0,0,0,0,0,0,0,-330000,0,0,0,0,330000,-330000,-330000
07100P,華航元大99售01  ,0,0,0,0,0,0,0,0,0,-333000,0,0,0,75000,408000,-333000,-333000
051390,京元電兆豐95購01,0,0,0,0,0,0,0,0,0,-336000,0,0,0,0,336000,-336000,-336000
057689,南亞科凱基99購02,0,0,0,0,0,0,0,0,0,-340000,0,0,0,0,340000,-340000,-340000
05268P,玉晶光元大98售01,0,0,0,0,0,0,0,0,0,-340000,0,0,0,0,340000,-340000,-340000
07108P,FBVIX台新99售02 ,0,0,0,0,0,0,0,0,0,-341000,0,0,0,50000,391000,-341000,-341000
04391P,玉晶光凱基95售03,0,0,0,0,0,0,0,0,0,-342000,0,0,0,33000,375000,-342000,-342000
056721,台灣50永昌9A購01,0,0,0,0,0,0,0,0,0,-345000,0,0,0,0,345000,-345000,-345000
052818,智邦永豐96購01  ,0,0,0,0,0,0,0,0,0,-346000,0,0,0,0,346000,-346000,-346000
1215,卜蜂            ,183000,571000,-388000,0,0,0,47000,0,47000,-7000,0,7000,-7000,0,0,0,-348000
6213,聯茂            ,1128000,1111000,17000,0,0,0,251000,542000,-291000,-81000,44000,19000,25000,19000,125000,-106000,-355000
00654R,富邦印度反1     ,0,0,0,0,0,0,0,0,0,-355000,0,0,0,173000,528000,-355000,-355000
07249P,T50正2富邦03售02,0,0,0,0,0,0,0,0,0,-356000,0,0,0,0,356000,-356000,-356000
057597,華通群益9A購02  ,0,0,0,0,0,0,0,0,0,-360000,0,0,0,0,360000,-360000,-360000
07280P,FBVIX凱基99售01 ,0,0,0,0,0,0,0,0,0,-361000,0,0,0,0,361000,-361000,-361000
058914,元油2X元富01購02,0,0,0,0,0,0,0,0,0,-361000,0,0,0,0,361000,-361000,-361000
059410,滬深2X國票9A購04,0,0,0,0,0,0,0,0,0,-362000,0,0,0,18000,380000,-362000,-362000
3705,永信            ,50000,413000,-363000,0,0,0,0,0,0,0,0,0,0,0,0,0,-363000
057884,華邦電群益98購02,0,0,0,0,0,0,0,0,0,-364000,0,0,0,6000,370000,-364000,-364000
059011,臺股指元大9A購30,0,0,0,0,0,0,0,0,0,-366000,0,0,0,69000,435000,-366000,-366000
055399,超眾統一99購01  ,0,0,0,0,0,0,0,0,0,-366000,0,0,0,0,366000,-366000,-366000
1513,中興電          ,130000,615000,-485000,0,0,0,103000,0,103000,10000,20000,10000,10000,0,0,0,-372000
3380,明泰            ,130000,576900,-446900,0,0,0,0,0,0,74000,153000,79000,74000,0,0,0,-372900
059375,道瓊反群益9C購02,0,0,0,0,0,0,0,0,0,-381000,0,0,0,0,381000,-381000,-381000
1536,和大            ,169349,449489,-280140,0,0,0,0,20000,-20000,-89682,5000,109000,-104000,17000,2682,14318,-389822
059529,華新科凱基9A購04,0,0,0,0,0,0,0,0,0,-392000,0,0,0,0,392000,-392000,-392000
05612P,台積電元大96售13,0,0,0,0,0,0,0,0,0,-392000,0,0,0,10000,402000,-392000,-392000
058644,元黃金富邦03購01,10000,0,10000,0,0,0,0,0,0,-403000,0,0,0,0,403000,-403000,-393000
06897P,FBVIX群益01售01 ,0,0,0,0,0,0,0,0,0,-395000,0,0,0,0,395000,-395000,-395000
00641R,富邦日本反1     ,114000,477000,-363000,0,0,0,0,0,0,-32000,0,0,0,273000,305000,-32000,-395000
2478,大毅            ,607000,996000,-389000,0,0,0,0,0,0,-7000,0,1000,-1000,14000,20000,-6000,-396000
2014,中鴻            ,681000,1069000,-388000,0,0,0,0,0,0,-11000,0,11000,-11000,0,0,0,-399000
059346,新日興凱基99購03,0,0,0,0,0,0,0,0,0,-400000,0,0,0,0,400000,-400000,-400000
00638R,元大滬深300反1  ,735000,441000,294000,0,0,0,0,0,0,-694000,0,0,0,1595000,2289000,-694000,-400000
054129,技嘉元大96購02  ,0,0,0,0,0,0,0,0,0,-400000,0,0,0,20000,420000,-400000,-400000
052863,友達凱基98購02  ,0,0,0,0,0,0,0,0,0,-400000,0,0,0,0,400000,-400000,-400000
00686R,群益臺灣加權反1 ,0,0,0,0,0,0,0,0,0,-402000,0,0,0,302000,704000,-402000,-402000
2881A,富邦特          ,24000,0,24000,0,0,0,0,0,0,-428000,0,428000,-428000,0,0,0,-404000
2535,達欣工          ,117000,291000,-174000,0,0,0,0,0,0,-231000,9000,240000,-231000,0,0,0,-405000
00668,國泰美國道瓊    ,4000,140000,-136000,0,0,0,0,0,0,-273200,0,0,0,20000,293200,-273200,-409200
059340,鴻海凱基9A購12  ,0,0,0,0,0,0,0,0,0,-412000,0,0,0,21000,433000,-412000,-412000
3450,聯鈞            ,269236,765930,-496694,0,0,0,172000,85000,87000,-4000,6000,1000,5000,0,9000,-9000,-413694
1218,泰山            ,87000,504294,-417294,0,0,0,0,0,0,0,0,0,0,0,0,0,-417294
2634,漢翔            ,262000,688000,-426000,0,0,0,0,0,0,0,0,0,0,0,0,0,-426000
3060,銘異            ,34000,468000,-434000,0,0,0,0,0,0,0,0,0,0,0,0,0,-434000
059537,大立光凱基99購09,0,0,0,0,0,0,0,0,0,-437000,0,0,0,0,437000,-437000,-437000
8271,宇瞻            ,110000,590000,-480000,0,0,0,42000,0,42000,1000,1000,0,1000,0,0,0,-437000
2439,美律            ,198267,411558,-213291,0,0,0,6000,400000,-394000,163000,16000,32000,-16000,202000,23000,179000,-444291
4958,臻鼎-KY         ,2117000,2509560,-392560,0,0,0,1000,67000,-66000,13000,32000,20000,12000,8000,7000,1000,-445560
6269,台郡            ,2480536,2316991,163545,0,0,0,176000,739000,-563000,-56000,13000,10000,3000,2000,61000,-59000,-455455
2421,建準            ,662000,1111000,-449000,0,0,0,0,0,0,-14000,0,2000,-2000,0,12000,-12000,-463000
05564P,玉晶光元大97售02,0,0,0,0,0,0,0,0,0,-465000,0,0,0,73000,538000,-465000,-465000
049629,臺股指群益94購02,0,0,0,0,0,0,0,0,0,-467000,0,0,0,5000,472000,-467000,-467000
052830,台光電群益96購01,0,0,0,0,0,0,0,0,0,-470000,0,0,0,0,470000,-470000,-470000
057030,滬深反元大9B購01,0,0,0,0,0,0,0,0,0,-476000,0,0,0,0,476000,-476000,-476000
054567,拓凱群益98購01  ,0,0,0,0,0,0,0,0,0,-480000,0,0,0,0,480000,-480000,-480000
6251,定穎            ,225000,608000,-383000,0,0,0,0,0,0,-100000,0,100000,-100000,0,0,0,-483000
1795,美時            ,160000,107000,53000,0,0,0,0,540000,-540000,2000,2000,0,2000,0,0,0,-485000
00678,群益NBI生技     ,62000,463000,-401000,0,0,0,0,0,0,-85200,0,0,0,16000,101200,-85200,-486200
1210,大成            ,261000,517760,-256760,0,0,0,0,208000,-208000,-22000,0,22000,-22000,0,0,0,-486760
1712,興農            ,138000,616000,-478000,0,0,0,0,0,0,-10000,0,10000,-10000,0,0,0,-488000
2355,敬鵬            ,264000,752000,-488000,0,0,0,0,0,0,-1000,1000,5000,-4000,4000,1000,3000,-489000
048902,昇陽半國泰96購01,0,0,0,0,0,0,0,0,0,-490000,0,0,0,0,490000,-490000,-490000
3044,健鼎            ,1383000,1913752,-530752,0,0,0,0,0,0,39000,50000,9000,41000,0,2000,-2000,-491752
059046,滬深2X凱基9C購01,0,0,0,0,0,0,0,0,0,-500000,0,0,0,11000,511000,-500000,-500000
2515,中工            ,737000,1169000,-432000,0,0,0,0,0,0,-70000,0,70000,-70000,0,0,0,-502000
06898P,FBVIX群益9C售03 ,0,0,0,0,0,0,0,0,0,-504000,0,0,0,76000,580000,-504000,-504000
9933,中鼎            ,1142000,1640000,-498000,0,0,0,0,4000,-4000,-4000,0,4000,-4000,0,0,0,-506000
04878P,國巨康和94售02  ,0,0,0,0,0,0,0,0,0,-522000,0,0,0,30000,552000,-522000,-522000
07275P,FBVIX群益99售02 ,0,0,0,0,0,0,0,0,0,-523000,0,0,0,0,523000,-523000,-523000
3019,亞光            ,696000,1055000,-359000,0,0,0,0,0,0,-164000,34000,186000,-152000,8000,20000,-12000,-523000
00635U,元大S&P黃金     ,8000,95000,-87000,0,0,0,0,0,0,-439000,0,0,0,52000,491000,-439000,-526000
00651R,FH香港反1       ,0,107000,-107000,0,0,0,0,0,0,-419000,0,700000,-700000,623000,342000,281000,-526000
04788P,台積電永昌96售05,0,0,0,0,0,0,0,0,0,-529000,0,0,0,11000,540000,-529000,-529000
059524,FBVIX凱基9A購02 ,0,0,0,0,0,0,0,0,0,-534000,0,0,0,0,534000,-534000,-534000
2542,興富發          ,1213000,1782262,-569262,0,0,0,0,5000,-5000,38000,81000,41000,40000,0,2000,-2000,-536262
2385,群光            ,1555442,2405591,-850149,0,0,0,1000,740,260,312000,1000,0,1000,317000,6000,311000,-537889
9938,百和            ,1013000,1048000,-35000,0,0,0,0,487000,-487000,-17000,8000,26000,-18000,1000,0,1000,-539000
058857,元油2X日盛99購02,0,0,0,0,0,0,0,0,0,-550000,0,0,0,0,550000,-550000,-550000
1904,正隆            ,1451000,2052000,-601000,0,0,0,1000,0,1000,40000,40000,0,40000,0,0,0,-560000
047212,宏達電富邦97購01,0,0,0,0,0,0,0,0,0,-562000,0,0,0,0,562000,-562000,-562000
058391,T50反1元大99購02,0,0,0,0,0,0,0,0,0,-564000,0,0,0,123000,687000,-564000,-564000
1434,福懋            ,511000,1062574,-551574,0,0,0,2000,7000,-5000,-8000,2000,10000,-8000,0,0,0,-564574
5871,中租-KY         ,4666685,5386450,-719765,0,0,0,213000,0,213000,-59000,0,57000,-57000,0,2000,-2000,-565765
06134P,緯穎元富97售03  ,0,0,0,0,0,0,0,0,0,-571000,0,0,0,0,571000,-571000,-571000
6282,康舒            ,315000,889000,-574000,0,0,0,0,0,0,-3000,4000,0,4000,0,7000,-7000,-577000
1310,台苯            ,143000,713150,-570150,0,0,0,0,0,0,-7000,0,7000,-7000,0,0,0,-577150
2379,瑞昱            ,3744000,4498773,-754773,0,0,0,215000,0,215000,-41000,15000,42000,-27000,7000,21000,-14000,-580773
056916,台達電兆豐98購02,0,0,0,0,0,0,0,0,0,-581000,0,0,0,100000,681000,-581000,-581000
057132,華新科凱基98購05,0,0,0,0,0,0,0,0,0,-582000,0,0,0,28000,610000,-582000,-582000
06038P,國泰金台新96售01,0,0,0,0,0,0,0,0,0,-584000,0,0,0,222000,806000,-584000,-584000
3545,敦泰            ,421000,1013000,-592000,0,0,0,0,0,0,0,0,0,0,0,0,0,-592000
07276P,臺股指群益99售19,1000,0,1000,0,0,0,0,0,0,-603000,0,0,0,0,603000,-603000,-602000
2903,遠百            ,1142000,1617000,-475000,0,0,0,0,0,0,-130000,0,130000,-130000,0,0,0,-605000
059038,健策群益9A購02  ,0,0,0,0,0,0,0,0,0,-612000,0,0,0,5000,617000,-612000,-612000
2357,華碩            ,1191000,1945270,-754270,0,0,0,3000,4000,-1000,141000,35000,12000,23000,118000,0,118000,-614270
1762,中化生          ,182000,805000,-623000,0,0,0,0,0,0,0,0,0,0,0,0,0,-623000
1217,愛之味          ,196000,821000,-625000,0,0,0,0,0,0,0,0,0,0,0,0,0,-625000
6153,嘉聯益          ,496428,1027232,-530804,0,0,0,0,0,0,-98000,10000,45000,-35000,4000,67000,-63000,-628804
2387,精元            ,687000,459000,228000,0,0,0,0,919000,-919000,53000,1000,0,1000,66000,14000,52000,-638000
6285,啟碁            ,632079,1103912,-471833,0,0,0,0,7000,-7000,-165000,5000,169000,-164000,2000,3000,-1000,-643833
057340,玉晶光元富98購04,0,0,0,0,0,0,0,0,0,-648000,0,0,0,126000,774000,-648000,-648000
2106,建大            ,64000,714200,-650200,0,0,0,0,0,0,-2000,0,2000,-2000,0,0,0,-652200
057881,SP黃豆群益9A購01,0,0,0,0,0,0,0,0,0,-665000,0,0,0,100000,765000,-665000,-665000
059295,大立光元富99購05,0,0,0,0,0,0,0,0,0,-674000,0,0,0,151000,825000,-674000,-674000
00692,富邦公司治理    ,22000,20000,2000,0,0,0,0,0,0,-677000,0,0,0,960000,1637000,-677000,-675000
2360,致茂            ,697000,1281913,-584913,0,0,0,0,86000,-86000,-6000,7000,11000,-4000,4000,6000,-2000,-676913
3665,貿聯-KY         ,719970,1348081,-628111,0,0,0,0,0,0,-53000,5000,35000,-30000,0,23000,-23000,-681111
05232P,緯穎群益95售01  ,0,0,0,0,0,0,0,0,0,-685000,0,0,0,0,685000,-685000,-685000
00850,元大臺灣ESG永續 ,7000,12000,-5000,0,0,0,0,0,0,-685000,0,0,0,429000,1114000,-685000,-690000
6257,矽格            ,630455,1178604,-548149,0,0,0,0,0,0,-144000,45000,212000,-167000,33000,10000,23000,-692149
056392,玉晶光富邦9C購01,0,0,0,0,0,0,0,0,0,-694000,0,0,0,0,694000,-694000,-694000
051121,裕民群益97購01  ,0,0,0,0,0,0,0,0,0,-701000,0,0,0,0,701000,-701000,-701000
2323,中環            ,1381330,1953000,-571670,0,0,0,0,0,0,-139000,0,11000,-11000,40000,168000,-128000,-710670
8112,至上            ,1538203,2253000,-714797,0,0,0,0,0,0,-2000,1000,3000,-2000,0,0,0,-716797
2354,鴻準            ,1727990,2477228,-749238,0,0,0,0,7000,-7000,34000,34000,0,34000,0,0,0,-722238
059134,臺股指群益99購09,0,0,0,0,0,0,0,0,0,-745000,0,0,0,68000,813000,-745000,-745000
058200,世芯康和99購01  ,0,0,0,0,0,0,0,0,0,-751000,0,0,0,0,751000,-751000,-751000
059397,T50反1元富99購05,0,0,0,0,0,0,0,0,0,-765000,0,0,0,739000,1504000,-765000,-765000
9946,三發地產        ,13560,792710,-779150,0,0,0,0,0,0,-10000,0,10000,-10000,0,0,0,-789150
047694,SP黃豆國票9B購01,0,0,0,0,0,0,0,0,0,-796000,0,0,0,0,796000,-796000,-796000
2313,華通            ,4327000,4369000,-42000,0,0,0,25000,816000,-791000,35000,285000,197000,88000,39000,92000,-53000,-798000
2882,國泰金          ,9400860,9951162,-550302,0,0,0,48000,78224,-30224,-222000,0,44000,-44000,4000,182000,-178000,-802526
06852P,臺股指元大98售11,0,0,0,0,0,0,0,0,0,-827000,0,0,0,46000,873000,-827000,-827000
2454,聯發科          ,10930392,12210021,-1279629,0,0,0,318000,34000,284000,164000,171000,69000,102000,132000,70000,62000,-831629
00675L,富邦臺灣加權正2 ,0,0,0,0,0,0,0,0,0,-862000,0,0,0,572000,1434000,-862000,-862000
6005,群益證          ,96000,963960,-867960,0,0,0,0,0,0,0,0,0,0,0,0,0,-867960
059259,FBVIX中信03購06 ,0,60000,-60000,0,0,0,0,0,0,-823000,0,0,0,232000,1055000,-823000,-883000
3189,景碩            ,161000,953000,-792000,0,0,0,0,8000,-8000,-90000,18000,74000,-56000,0,34000,-34000,-890000
059395,T50反1元富99購03,0,0,0,0,0,0,0,0,0,-898000,0,0,0,538000,1436000,-898000,-898000
1605,華新            ,2038000,5730000,-3692000,0,0,0,3000,22000,-19000,2811000,0,12000,-12000,2882000,59000,2823000,-900000
9910,豐泰            ,527920,1348615,-820695,0,0,0,45000,139800,-94800,-8000,1000,9000,-8000,0,0,0,-923495
00655L,國泰中國A50正2  ,858000,296000,562000,0,0,0,0,0,0,-1501000,0,0,0,1955000,3456000,-1501000,-939000
00653L,富邦印度正2     ,0,0,0,0,0,0,0,0,0,-961000,0,0,0,506000,1467000,-961000,-961000
6412,群電            ,517406,1492664,-975258,0,0,0,0,0,0,0,0,0,0,0,0,0,-975258
2458,義隆            ,1917400,2869700,-952300,0,0,0,0,0,0,-25000,1000,0,1000,1000,27000,-26000,-977300
3017,奇鋐            ,888000,1752000,-864000,0,0,0,30000,0,30000,-166000,12000,159000,-147000,15000,34000,-19000,-1000000
059370,玉晶光元富99購02,0,0,0,0,0,0,0,0,0,-1011000,0,0,0,2000,1013000,-1011000,-1011000
5876,上海商銀        ,2536463,3627594,-1091131,0,0,0,14000,0,14000,33000,51000,9000,42000,0,9000,-9000,-1044131
056634,為升兆豐99購01  ,0,0,0,0,0,0,0,0,0,-1066000,0,0,0,0,1066000,-1066000,-1066000
2049,上銀            ,808342,1328639,-520297,0,0,0,0,508330,-508330,-51000,2000,20000,-18000,4000,37000,-33000,-1079627
053027,玉晶光富邦98購01,5000,0,5000,0,0,0,0,0,0,-1094000,0,0,0,10000,1104000,-1094000,-1089000
2332,友訊            ,723000,1751000,-1028000,0,0,0,0,0,0,-65000,46000,48000,-2000,7000,70000,-63000,-1093000
056349,道瓊銀元大9B購01,0,0,0,0,0,0,0,0,0,-1137000,0,0,0,0,1137000,-1137000,-1137000
059368,T50正2元富99購02,0,0,0,0,0,0,0,0,0,-1145000,0,0,0,1076000,2221000,-1145000,-1145000
2376,技嘉            ,543000,1316000,-773000,0,0,0,87000,900000,-813000,438000,18000,61000,-43000,511000,30000,481000,-1148000
6116,彩晶            ,2024569,3074000,-1049431,0,0,0,0,0,0,-122000,2000,15000,-13000,14000,123000,-109000,-1171431
059135,臺股指群益99購10,0,0,0,0,0,0,0,0,0,-1177000,0,0,0,9000,1186000,-1177000,-1177000
053298,SP黃豆凱基99購01,0,0,0,0,0,0,0,0,0,-1183000,0,0,0,0,1183000,-1183000,-1183000
03253P,台灣50國泰03售02,0,0,0,0,0,0,0,0,0,-1260000,0,0,0,0,1260000,-1260000,-1260000
2377,微星            ,561000,1664393,-1103393,0,0,0,1000,600000,-599000,420000,102000,16000,86000,349000,15000,334000,-1282393
1326,台化            ,4866000,6613022,-1747022,0,0,0,21000,25000,-4000,461000,212000,42000,170000,411000,120000,291000,-1290022
2889,國票金          ,1520000,2647040,-1127040,0,0,0,0,760,-760,-277000,2000,279000,-277000,0,0,0,-1404800
2312,金寶            ,223000,1639000,-1416000,0,0,0,0,0,0,5000,5000,0,5000,0,0,0,-1411000
2367,燿華            ,6797340,8202880,-1405540,0,0,0,0,0,0,-58000,2000,4000,-2000,7000,63000,-56000,-1463540
2474,可成            ,1199000,2634532,-1435532,0,0,0,4000,0,4000,-67000,73000,117000,-44000,7000,30000,-23000,-1498532
059361,玉晶光永豐99購04,0,0,0,0,0,0,0,0,0,-1511000,0,0,0,406000,1917000,-1511000,-1511000
059396,T50反1元富99購04,0,0,0,0,0,0,0,0,0,-1547000,0,0,0,1124000,2671000,-1547000,-1547000
00646,元大S&P500      ,29000,24000,5000,0,0,0,0,0,0,-1675000,0,0,0,140000,1815000,-1675000,-1670000
5469,瀚宇博          ,3174639,4847641,-1673002,0,0,0,0,0,0,-50000,1000,0,1000,4000,55000,-51000,-1723002
2382,廣達            ,1920802,3967838,-2047036,0,0,0,16000,19000,-3000,275000,11000,173000,-162000,443000,6000,437000,-1775036
2105,正新            ,1950000,3683032,-1733032,0,0,0,8000,0,8000,-52000,0,35000,-35000,6000,23000,-17000,-1777032
059286,S&P正2元富01購03,0,0,0,0,0,0,0,0,0,-1791000,0,0,0,579000,2370000,-1791000,-1791000
2610,華航            ,11593000,13394798,-1801798,0,0,0,6000,0,6000,-41000,5000,0,5000,0,46000,-46000,-1836798
2324,仁寶            ,6101600,9494932,-3393332,0,0,0,4000,29000,-25000,1555000,4000,32000,-28000,1604000,21000,1583000,-1863332
2301,光寶科          ,5689398,8443294,-2753896,0,0,0,9000,14000,-5000,876000,326000,12000,314000,562000,0,562000,-1882896
2347,聯強            ,2220045,5277214,-3057169,0,0,0,0,9000,-9000,1069000,284000,6000,278000,791000,0,791000,-1997169
3711,日月光投控      ,3617000,5893853,-2276853,0,0,0,899000,681000,218000,43000,26000,10000,16000,30000,3000,27000,-2015853
2801,彰銀            ,5970558,8099594,-2129036,0,0,0,35000,0,35000,49000,104000,29000,75000,37000,63000,-26000,-2045036
1907,永豐餘          ,1141000,3177000,-2036000,0,0,0,0,0,0,-11000,0,11000,-11000,0,0,0,-2047000
2448,晶電            ,1248000,3850000,-2602000,0,0,0,588000,0,588000,-62000,1000,23000,-22000,0,40000,-40000,-2076000
2912,統一超          ,1357000,3454508,-2097508,0,0,0,4000,0,4000,3000,3000,0,3000,0,0,0,-2090508
4904,遠傳            ,2896271,4868342,-1972071,0,0,0,9000,119000,-110000,-22000,12000,31000,-19000,2000,5000,-3000,-2104071
1909,榮成            ,978322,1732492,-754170,0,0,0,1000,1500000,-1499000,-26000,4000,42000,-38000,12000,0,12000,-2279170
00634R,富邦上証反1     ,954000,3176000,-2222000,0,0,0,0,0,0,-114000,0,0,0,1919000,2033000,-114000,-2336000
054786,全新群益99購02  ,0,0,0,0,0,0,0,0,0,-2570000,0,0,0,0,2570000,-2570000,-2570000
00647L,元大S&P500正2   ,90000,90000,0,0,0,0,0,0,0,-2577000,0,0,0,258000,2835000,-2577000,-2577000
1504,東元            ,2444000,5072000,-2628000,0,0,0,2000,49000,-47000,2000,20000,20000,0,4000,2000,2000,-2673000
2371,大同            ,1308000,3912486,-2604486,0,0,0,0,0,0,-136000,0,134000,-134000,0,2000,-2000,-2740486
2408,南亞科          ,10506000,8998737,1507263,0,0,0,61000,4681000,-4620000,290000,1000,45000,-44000,417000,83000,334000,-2822737
00676R,富邦臺灣加權反1 ,0,0,0,0,0,0,0,5000000,-5000000,2141000,0,0,0,6019000,3878000,2141000,-2859000
00670L,富邦NASDAQ正2   ,183000,178000,5000,0,0,0,0,0,0,-2903000,0,0,0,254000,3157000,-2903000,-2898000
2345,智邦            ,3119000,5942850,-2823850,0,0,0,53000,278000,-225000,-18000,75000,69000,6000,26000,50000,-24000,-3066850
4938,和碩            ,2867000,6290330,-3423330,0,0,0,11000,22000,-11000,352000,21000,38000,-17000,410000,41000,369000,-3082330
1301,台塑            ,5634000,9023830,-3389830,0,0,0,141000,34000,107000,196000,194000,8000,186000,161000,151000,10000,-3086830
9904,寶成            ,5342000,8484734,-3142734,0,0,0,15000,0,15000,29000,73000,44000,29000,0,0,0,-3098734
2449,京元電子        ,4563000,8671661,-4108661,0,0,0,508000,0,508000,493000,18000,1000,17000,646000,170000,476000,-3107661
2308,台達電          ,3096000,6558877,-3462877,0,0,0,12000,9000,3000,211000,228000,14000,214000,30000,33000,-3000,-3248877
3045,台灣大          ,3921000,6917958,-2996958,0,0,0,10000,74000,-64000,-250000,53000,303000,-250000,0,0,0,-3310958
8046,南電            ,1548000,2917000,-1369000,0,0,0,315000,2184000,-1869000,-73000,66000,29000,37000,14000,124000,-110000,-3311000
058211,國巨群益9A購02  ,0,0,0,0,0,0,0,0,0,-3339000,0,0,0,10000,3349000,-3339000,-3339000
2884,玉山金          ,15938056,19140802,-3202746,0,0,0,58000,0,58000,-228000,26000,31000,-5000,89000,312000,-223000,-3372746
1102,亞泥            ,7893000,13543857,-5650857,0,0,0,1556000,0,1556000,711000,60000,59000,1000,801000,91000,710000,-3383857
1216,統一            ,10362000,14438038,-4076038,0,0,0,312000,0,312000,-13000,43000,48000,-5000,0,8000,-8000,-3777038
2344,華邦電          ,6875745,8248737,-1372992,0,0,0,4000,2416000,-2412000,-21000,101000,99000,2000,21000,44000,-23000,-3805992
2880,華南金          ,6128700,9987457,-3858757,0,0,0,51000,0,51000,-12000,21000,33000,-12000,0,0,0,-3819757
00631L,元大台灣50正2   ,1414000,1322000,92000,0,0,0,0,0,0,-4050000,0,0,0,5327000,9377000,-4050000,-3958000
00861,元大全球未來通訊,3000,8000,-5000,0,0,0,0,0,0,-4036000,0,0,0,568000,4604000,-4036000,-4041000
2881,富邦金          ,14295001,17767607,-3472606,0,0,0,41000,361000,-320000,-265000,0,12000,-12000,1000,254000,-253000,-4057606
2892,第一金          ,9719773,14383111,-4663338,0,0,0,54000,0,54000,217000,249000,34000,215000,6000,4000,2000,-4392338
00708L,元大S&P黃金正2  ,19000,1120000,-1101000,0,0,0,0,0,0,-3408000,0,0,0,633000,4041000,-3408000,-4509000
2353,宏碁            ,1913000,6356929,-4443929,0,0,0,0,20000,-20000,-99000,2000,38000,-36000,0,63000,-63000,-4562929
1402,遠東新          ,2040000,6383500,-4343500,0,0,0,22000,0,22000,-311000,49000,344000,-295000,4000,20000,-16000,-4632500
2002,中鋼            ,8958000,14049846,-5091846,0,0,0,68000,0,68000,-70000,1000,59000,-58000,0,12000,-12000,-5093846
3231,緯創            ,6131000,12124005,-5993005,0,0,0,4000,0,4000,713000,13000,131000,-118000,889000,58000,831000,-5276005
1101,台泥            ,15583925,21686971,-6103046,0,0,0,78000,69000,9000,816000,109000,2000,107000,915000,206000,709000,-5278046
00738U,元大道瓊白銀    ,46000,270000,-224000,0,0,0,0,0,0,-5064000,0,0,0,388000,5452000,-5064000,-5288000
2823,中壽            ,6188601,11756915,-5568314,0,0,0,16000,0,16000,141000,199000,35000,164000,30000,53000,-23000,-5411314
2834,臺企銀          ,6584147,12302290,-5718143,0,0,0,6000,0,6000,-41000,2000,47000,-45000,12000,8000,4000,-5753143
2886,兆豐金          ,17799000,28894498,-11095498,0,0,0,4477000,97000,4380000,863000,20000,46000,-26000,889000,0,889000,-5852498
3037,欣興            ,9718000,16016816,-6298816,0,0,0,743000,937000,-194000,-163000,84000,216000,-132000,71000,102000,-31000,-6655816
0050,元大台灣50      ,651000,4828000,-4177000,0,0,0,145000,950000,-805000,-2101000,162000,1371000,-1209000,2800000,3692000,-892000,-7083000
2885,元大金          ,9644000,18818065,-9174065,0,0,0,58000,82000,-24000,562000,529000,0,529000,49000,16000,33000,-8636065
2883,開發金          ,12469000,21328554,-8859554,0,0,0,73000,0,73000,-52000,0,50000,-50000,0,2000,-2000,-8838554
00693U,街口S&P黃豆     ,1000,550000,-549000,0,0,0,0,0,0,-8459000,0,0,0,395000,8854000,-8459000,-9008000
2890,永豐金          ,7075068,19543895,-12468827,0,0,0,3350000,0,3350000,17000,1000,0,1000,16000,0,16000,-9101827
2337,旺宏            ,6403000,9363000,-2960000,0,0,0,0,6870000,-6870000,7000,1000,2000,-1000,219000,211000,8000,-9823000
00637L,元大滬深300正2  ,8911000,5776000,3135000,0,0,0,0,0,0,-13096000,0,0,0,18917000,32013000,-13096000,-9961000
00642U,元大S&P石油     ,418000,8927000,-8509000,0,0,0,0,0,0,-2907000,20000,0,20000,2064000,4991000,-2927000,-11416000
00852L,國泰美國道瓊正2 ,151000,0,151000,0,0,0,0,0,0,-13888000,0,0,0,233000,14121000,-13888000,-13737000
2330,台積電          ,29005943,44778977,-15773034,0,0,0,997000,281000,716000,-1328968,763000,523000,240000,458000,2026968,-1568968,-16386002
00715L,街口布蘭特油正2 ,936000,2459000,-1523000,0,0,0,0,0,0,-15941000,0,0,0,682000,16623000,-15941000,-17464000
2891,中信金          ,33952200,57038542,-23086342,0,0,0,97000,472000,-375000,236000,301000,65000,236000,0,0,0,-23225342
2409,友達            ,18423000,46454032,-28031032,0,0,0,9000,0,9000,-631000,0,55000,-55000,19000,595000,-576000,-28653032
00672L,元大S&P原油正2  ,1039000,29000,1010000,0,0,0,0,0,0,-32455000,0,0,0,867000,33322000,-32455000,-31445000
2317,鴻海            ,15662200,47883180,-32220980,0,0,0,2051000,5000,2046000,-1501000,88000,186000,-98000,920000,2323000,-1403000,-31675980
0056,元大高股息      ,105000,82000,23000,0,0,0,22000,0,22000,-33537000,645000,480000,165000,0,33702000,-33702000,-33492000
00677U,富邦VIX         ,70593000,173385000,-102792000,0,0,0,0,0,0,37252000,900000,500000,400000,52002000,15150000,36852000,-65540000
3481,群創            ,26091828,105727848,-79636020,0,0,0,0,0,0,-1028000,69000,234000,-165000,30000,893000,-863000,-80664020
00632R,元大台灣50反1   ,4485000,32942000,-28457000,0,0,0,0,0,0,-285370000,7574000,3334000,4240000,14579000,304189000,-289610000,-313827000
