證券代號,證券名稱,外陸資買進股數(不含外資自營商),外陸資賣出股數(不含外資自營商),外陸資買賣超股數(不含外資自營商),外資自營商買進股數,外資自營商賣出股數,外資自營商買賣超股數,投信買進股數,投信賣出股數,投信買賣超股數,自營商買賣超股數,自營商買進股數(自行買賣),自營商賣出股數(自行買賣),自營商買賣超股數(自行買賣),自營商買進股數(避險),自營商賣出股數(避險),自營商買賣超股數(避險),三大法人買賣超股數
00637L,元大滬深300正2  ,29544000,16127000,13417000,0,0,0,0,15000,-15000,73835000,4523000,0,4523000,88279000,18967000,69312000,87237000
3481,群創            ,99037726,34224456,64813270,0,0,0,0,0,0,15403000,1870000,833000,1037000,16802000,2436000,14366000,80216270
2409,友達            ,69786898,12265000,57521898,0,0,0,0,29000,-29000,13736000,3759000,1491000,2268000,12563000,1095000,11468000,71228898
2344,華邦電          ,23715252,3512000,20203252,0,0,0,0,12000,-12000,1756000,882000,2000,880000,966000,90000,876000,21947252
0056,元大高股息      ,9000,10000,-1000,0,0,0,0,124000,-124000,21352000,0,0,0,21352000,0,21352000,21227000
2888,新光金          ,21914672,2546476,19368196,0,0,0,0,120000,-120000,1797000,1291000,302000,989000,1513000,705000,808000,21045196
00633L,富邦上証正2     ,6404000,2785000,3619000,0,0,0,4000,0,4000,16920000,2310000,0,2310000,21969000,7359000,14610000,20543000
2317,鴻海            ,28525708,13069699,15456009,0,0,0,0,81000,-81000,2605000,1722000,28000,1694000,1215000,304000,911000,17980009
00655L,國泰中國A50正2  ,2043000,1314000,729000,0,0,0,0,0,0,15036878,0,0,0,17948878,2912000,15036878,15765878
2303,聯電            ,24689155,7430000,17259155,0,0,0,0,1317000,-1317000,-1310006,494000,2101000,-1607000,328994,32000,296994,14632149
2330,台積電          ,29445371,17515305,11930066,0,0,0,341000,349000,-8000,945000,746000,645000,101000,873000,29000,844000,12867066
2337,旺宏            ,11459000,2358715,9100285,0,0,0,0,0,0,1106000,162000,22000,140000,1060000,94000,966000,10206285
2882,國泰金          ,14413024,4140380,10272644,0,0,0,0,97000,-97000,-35000,0,0,0,106000,141000,-35000,10140644
2883,開發金          ,41744744,8011000,33733744,0,0,0,0,140000,-140000,-23574000,111000,955000,-844000,158000,22888000,-22730000,10019744
2002,中鋼            ,11166953,1286100,9880853,0,0,0,0,132000,-132000,138000,139000,1000,138000,0,0,0,9886853
2887,台新金          ,12106526,2278655,9827871,0,0,0,0,101000,-101000,-103000,115000,0,115000,0,218000,-218000,9623871
2892,第一金          ,10827960,1497000,9330960,0,0,0,0,105000,-105000,108000,109000,1000,108000,0,0,0,9333960
2323,中環            ,6689000,436000,6253000,0,0,0,0,0,0,2400000,1888000,6000,1882000,591000,73000,518000,8653000
1314,中石化          ,8948000,841000,8107000,0,0,0,0,10000,-10000,397000,28000,0,28000,413000,44000,369000,8494000
2890,永豐金          ,14454798,4796000,9658798,0,0,0,0,106000,-106000,-1080000,71000,1152000,-1081000,1000,0,1000,8472798
2884,玉山金          ,17299466,8895000,8404466,0,0,0,0,110000,-110000,79000,127000,52000,75000,5000,1000,4000,8373466
0050,元大台灣50      ,1954170,45250,1908920,0,0,0,0,0,0,6100000,633000,0,633000,6452000,985000,5467000,8008920
00636,國泰中國A50     ,2746000,421000,2325000,0,0,0,0,0,0,5334041,80000,90000,-10000,6964041,1620000,5344041,7659041
2880,華南金          ,8262547,834200,7428347,0,0,0,0,99000,-99000,63000,63000,0,63000,0,0,0,7392347
056301,開發金元大9A購01,0,0,0,0,0,0,0,0,0,7125000,0,0,0,7868000,743000,7125000,7125000
2834,臺企銀          ,6830883,189000,6641883,0,0,0,0,53000,-53000,123000,111000,0,111000,12000,0,12000,6711883
0061,元大寶滬深      ,2155000,200000,1955000,0,0,0,0,0,0,4570000,1820000,130000,1690000,3022000,142000,2880000,6525000
2823,中壽            ,7698592,1027012,6671580,0,0,0,0,34000,-34000,-163000,27000,6000,21000,222000,406000,-184000,6474580
00850,元大臺灣ESG永續 ,56000,2000,54000,0,0,0,0,0,0,5645000,0,0,0,5665000,20000,5645000,5699000
1303,南亞            ,6163490,1092400,5071090,0,0,0,0,62000,-62000,557000,439000,4000,435000,122000,0,122000,5566090
2891,中信金          ,18942063,7503000,11439063,0,0,0,2600000,654000,1946000,-7831000,159000,8001000,-7842000,96000,85000,11000,5554063
2885,元大金          ,10976169,5645395,5330774,0,0,0,0,111000,-111000,99000,277000,101000,176000,40000,117000,-77000,5318774
00861,元大全球未來通訊,7000,5000,2000,0,0,0,0,0,0,5111000,0,0,0,5733000,622000,5111000,5113000
2881,富邦金          ,10450179,5094000,5356179,0,0,0,0,82000,-82000,-162000,58000,0,58000,90000,310000,-220000,5112179
2448,晶電            ,8132001,2702000,5430001,0,0,0,250000,0,250000,-637000,404000,1041000,-637000,0,0,0,5043001
2889,國票金          ,5437000,534060,4902940,0,0,0,0,0,0,46000,48000,2000,46000,0,0,0,4948940
2324,仁寶            ,6520573,1464000,5056573,0,0,0,0,41000,-41000,-243000,907000,8000,899000,0,1142000,-1142000,4772573
6116,彩晶            ,9118000,7024000,2094000,0,0,0,0,0,0,2673000,128000,90000,38000,3055000,420000,2635000,4767000
5880,合庫金          ,6290495,1583000,4707495,0,0,0,0,103000,-103000,79000,80000,1000,79000,0,0,0,4683495
2349,錸德            ,4583000,44000,4539000,0,0,0,0,0,0,4000,4000,0,4000,0,0,0,4543000
053564,台積電富邦99購01,0,0,0,0,0,0,0,0,0,4489000,0,0,0,4489000,0,4489000,4489000
006205,富邦上証        ,2188000,52000,2136000,0,0,0,0,900000,-900000,3207227,430000,80000,350000,4813227,1956000,2857227,4443227
8150,南茂            ,7317000,2510182,4806818,0,0,0,0,0,0,-449000,14000,5000,9000,334000,792000,-458000,4357818
2363,矽統            ,5656000,1661000,3995000,0,0,0,0,0,0,17000,17000,0,17000,0,0,0,4012000
056266,開發金統一9A購01,0,0,0,0,0,0,0,0,0,3763000,0,0,0,4135000,372000,3763000,3763000
2886,兆豐金          ,8752654,4409000,4343654,0,0,0,0,241000,-241000,-463000,60000,1000,59000,0,522000,-522000,3639654
2801,彰銀            ,4330962,959000,3371962,0,0,0,0,73000,-73000,254000,150000,0,150000,104000,0,104000,3552962
2498,宏達電          ,3925000,1069378,2855622,0,0,0,0,0,0,686000,34000,8000,26000,715000,55000,660000,3541622
2618,長榮航          ,4423387,1177000,3246387,0,0,0,0,32000,-32000,168000,72000,10000,62000,122000,16000,106000,3382387
2308,台達電          ,10306857,7140232,3166625,0,0,0,2000,23000,-21000,110000,541000,400000,141000,82000,113000,-31000,3255625
2603,長榮            ,3553580,2923000,630580,0,0,0,0,15000,-15000,2564000,2561000,0,2561000,3000,0,3000,3179580
2449,京元電子        ,3501000,4739382,-1238382,0,0,0,4412000,65000,4347000,-7000,294000,31000,263000,531000,801000,-270000,3101618
1309,台達化          ,3037000,72000,2965000,0,0,0,0,0,0,132000,182000,50000,132000,0,0,0,3097000
2313,華通            ,6349000,3602000,2747000,0,0,0,200000,796000,-596000,922000,999000,292000,707000,483000,268000,215000,3073000
00739,元大MSCI A股    ,25000,25000,0,0,0,0,0,0,0,2960158,0,0,0,3359158,399000,2960158,2960158
2841,台開            ,3249000,311450,2937550,0,0,0,0,0,0,14000,14000,0,14000,0,0,0,2951550
9904,寶成            ,3356370,686000,2670370,0,0,0,0,27000,-27000,250000,149000,0,149000,101000,0,101000,2893370
2458,義隆            ,3935000,1129000,2806000,0,0,0,0,166000,-166000,234000,613000,227000,386000,46000,198000,-152000,2874000
2353,宏碁            ,3685719,1484000,2201719,0,0,0,0,20000,-20000,655000,625000,0,625000,159000,129000,30000,2836719
00669R,國泰美國道瓊反1 ,252000,0,252000,0,0,0,0,0,0,2492000,0,0,0,3995000,1503000,2492000,2744000
1909,榮成            ,2889000,262000,2627000,0,0,0,0,0,0,75000,70000,0,70000,5000,0,5000,2702000
00692,富邦公司治理    ,2000,0,2000,0,0,0,0,0,0,2609000,0,0,0,4021000,1412000,2609000,2611000
6005,群益證          ,2895000,293900,2601100,0,0,0,0,15000,-15000,0,0,0,0,0,0,0,2586100
2392,正崴            ,2132000,301000,1831000,0,0,0,0,0,0,747000,260000,30000,230000,544000,27000,517000,2578000
2347,聯強            ,3374742,488000,2886742,0,0,0,0,0,0,-426000,39000,50000,-11000,0,415000,-415000,2460742
6505,台塑化          ,2850245,524000,2326245,0,0,0,0,38000,-38000,166000,171000,6000,165000,1000,0,1000,2454245
2105,正新            ,2956596,580000,2376596,0,0,0,0,12000,-12000,70000,76000,6000,70000,0,0,0,2434596
2456,奇力新          ,2214000,236000,1978000,0,0,0,0,0,0,440000,83000,10000,73000,372000,5000,367000,2418000
00643,群益深証中小    ,785000,58000,727000,0,0,0,0,0,0,1678000,100000,10000,90000,1798000,210000,1588000,2405000
3019,亞光            ,1818000,304000,1514000,0,0,0,0,0,0,890000,488000,2000,486000,431000,27000,404000,2404000
3673,TPK-KY          ,2271000,235000,2036000,0,0,0,0,0,0,352000,37000,48000,-11000,395000,32000,363000,2388000
2412,中華電          ,3953779,1609000,2344779,0,0,0,0,79000,-79000,103000,173000,70000,103000,0,0,0,2368779
3038,全台            ,3040000,744000,2296000,0,0,0,0,0,0,62000,177000,115000,62000,0,0,0,2358000
3706,神達            ,3293000,1059000,2234000,0,0,0,0,0,0,66000,36000,32000,4000,242000,180000,62000,2300000
2867,三商壽          ,2304000,47000,2257000,0,0,0,0,0,0,26000,26000,0,26000,0,0,0,2283000
060302,台積電富邦02購01,0,0,0,0,0,0,0,0,0,2253000,0,0,0,2402000,149000,2253000,2253000
3035,智原            ,4940000,2415404,2524596,0,0,0,0,50000,-50000,-269000,37000,168000,-131000,46000,184000,-138000,2205596
2354,鴻準            ,2553978,387080,2166898,0,0,0,0,0,0,34000,38000,4000,34000,0,0,0,2200898
2408,南亞科          ,7179471,5093538,2085933,0,0,0,0,62000,-62000,159000,111000,24000,87000,139000,67000,72000,2182933
059931,緯穎富邦9A購01  ,0,0,0,0,0,0,0,0,0,2086000,0,0,0,2468000,382000,2086000,2086000
1907,永豐餘          ,2452000,423000,2029000,0,0,0,0,0,0,11000,11000,0,11000,0,0,0,2040000
2515,中工            ,2391000,429000,1962000,0,0,0,0,0,0,69000,50000,0,50000,19000,0,19000,2031000
3042,晶技            ,5370050,4497000,873050,0,0,0,361000,0,361000,796000,513000,227000,286000,580000,70000,510000,2030050
5871,中租-KY         ,2755521,843800,1911721,0,0,0,131000,51000,80000,38000,45000,23000,22000,22000,6000,16000,2029721
05692P,聯發科中信9A售02,0,0,0,0,0,0,0,0,0,1967000,0,0,0,2017000,50000,1967000,1967000
2312,金寶            ,4352000,2473000,1879000,0,0,0,0,0,0,73000,22000,0,22000,68000,17000,51000,1952000
058645,康控富邦01購01  ,0,0,0,0,0,0,0,0,0,1938000,0,0,0,2200000,262000,1938000,1938000
057578,可成中信99購01  ,0,0,0,0,0,0,0,0,0,1924000,0,0,0,2151000,227000,1924000,1924000
2838,聯邦銀          ,1905000,62000,1843000,0,0,0,0,0,0,57000,57000,0,57000,0,0,0,1900000
2454,聯發科          ,3980503,1853622,2126881,0,0,0,41000,58000,-17000,-247000,97000,130000,-33000,25000,239000,-214000,1862881
5471,松翰            ,2377000,555000,1822000,0,0,0,0,0,0,35000,6000,3000,3000,32000,0,32000,1857000
063824,S&P反1國票9C購01,0,0,0,0,0,0,0,0,0,1850000,0,0,0,1850000,0,1850000,1850000
2104,國際中橡        ,2007000,274000,1733000,0,0,0,0,0,0,101000,22000,0,22000,83000,4000,79000,1834000
2102,泰豐            ,2418000,600000,1818000,0,0,0,0,0,0,10000,10000,0,10000,0,0,0,1828000
2014,中鴻            ,2779000,1000000,1779000,0,0,0,0,0,0,37000,37000,0,37000,0,0,0,1816000
08405P,聯發科元大9C售11,0,0,0,0,0,0,0,0,0,1797000,0,0,0,1843000,46000,1797000,1797000
2342,茂矽            ,3507000,1718000,1789000,0,0,0,0,0,0,4000,4000,0,4000,0,0,0,1793000
1305,華夏            ,2123000,442000,1681000,0,0,0,0,0,0,109000,114000,5000,109000,0,0,0,1790000
1402,遠東新          ,3323411,1651000,1672411,0,0,0,0,43000,-43000,159000,115000,20000,95000,64000,0,64000,1788411
064177,立積國泰01購01  ,0,0,0,0,0,0,0,0,0,1787000,0,0,0,2280000,493000,1787000,1787000
058807,和大統一9B購01  ,0,0,0,0,0,0,0,0,0,1777000,0,0,0,1949000,172000,1777000,1777000
2812,台中銀          ,2093217,404000,1689217,0,0,0,0,0,0,65000,65000,0,65000,0,0,0,1754217
064703,T50反1國泰01購01,0,0,0,0,0,0,0,0,0,1730000,0,0,0,2651000,921000,1730000,1730000
065496,裕隆富邦9C購01  ,0,0,0,0,0,0,0,0,0,1700000,0,0,0,1700000,0,1700000,1700000
006207,FH滬深          ,1184000,24000,1160000,0,0,0,0,0,0,462000,210000,130000,80000,2103000,1721000,382000,1622000
1312,國喬            ,3745000,2177000,1568000,0,0,0,0,0,0,39000,35000,0,35000,4000,0,4000,1607000
00783,富邦中証500     ,995000,0,995000,0,0,0,0,0,0,609728,0,0,0,1652728,1043000,609728,1604728
2377,微星            ,3108272,1079000,2029272,0,0,0,20000,3000,17000,-448000,51000,305000,-254000,42000,236000,-194000,1598272
4904,遠傳            ,2170784,642000,1528784,0,0,0,0,53000,-53000,122000,129000,8000,121000,1000,0,1000,1597784
1718,中纖            ,2034000,496000,1538000,0,0,0,0,0,0,50000,50000,0,50000,0,0,0,1588000
058944,元石油群益9C購02,0,0,0,0,0,0,0,0,0,1570000,0,0,0,1570000,0,1570000,1570000
07899P,和大凱基9B售01  ,0,0,0,0,0,0,0,0,0,1544000,0,0,0,1574000,30000,1544000,1544000
2369,菱生            ,3237000,1707000,1530000,0,0,0,0,0,0,12000,12000,0,12000,0,0,0,1542000
2535,達欣工          ,1267000,175000,1092000,0,0,0,0,0,0,436115,502000,70885,431115,5000,0,5000,1528115
6153,嘉聯益          ,2013000,1014000,999000,0,0,0,0,0,0,528000,130000,44000,86000,500000,58000,442000,1527000
2845,遠東銀          ,1681000,194000,1487000,0,0,0,0,24000,-24000,58000,58000,0,58000,0,0,0,1521000
2855,統一證          ,1857000,349000,1508000,0,0,0,0,0,0,0,0,0,0,0,0,0,1508000
00648R,元大S&P500反1   ,120000,0,120000,0,0,0,0,0,0,1380000,0,0,0,1704000,324000,1380000,1500000
07307P,上証2X凱基9A售02,0,0,0,0,0,0,0,0,0,1497000,0,0,0,1497000,0,1497000,1497000
054546,玉晶光中信9B購01,0,0,0,0,0,0,0,0,0,1495000,0,0,0,4073000,2578000,1495000,1495000
3189,景碩            ,2925000,1278000,1647000,0,0,0,0,10000,-10000,-145000,29000,186000,-157000,47000,35000,12000,1492000
006206,元大上證50      ,616000,40000,576000,0,0,0,0,0,0,908000,30000,10000,20000,2429000,1541000,888000,1484000
2352,佳世達          ,2001000,485000,1516000,0,0,0,0,6000,-6000,-43000,120000,206000,-86000,43000,0,43000,1467000
8016,矽創            ,1561000,288000,1273000,0,0,0,1000,0,1000,175000,26000,1000,25000,166000,16000,150000,1449000
2401,凌陽            ,1871000,504000,1367000,0,0,0,0,0,0,76000,76000,0,76000,0,0,0,1443000
2614,東森            ,2070000,639000,1431000,0,0,0,0,0,0,10000,10000,0,10000,0,0,0,1441000
063458,正隆元大9B購01  ,0,0,0,0,0,0,0,0,0,1438000,0,0,0,1528000,90000,1438000,1438000
00752,中信中國50      ,11000,1000,10000,0,0,0,0,0,0,1413988,0,0,0,1737988,324000,1413988,1423988
4935,茂林-KY         ,1290000,285091,1004909,0,0,0,0,16000,-16000,430000,73000,0,73000,378000,21000,357000,1418909
07194P,聯發科元大99售25,0,0,0,0,0,0,0,0,0,1408000,0,0,0,1566000,158000,1408000,1408000
4968,立積            ,2290000,945000,1345000,0,0,0,27000,0,27000,25000,111000,137000,-26000,182000,131000,51000,1397000
1326,台化            ,3020986,1083300,1937686,0,0,0,0,41000,-41000,-517000,86000,601000,-515000,0,2000,-2000,1379686
064450,致茂統一01購01  ,0,0,0,0,0,0,0,0,0,1361000,0,0,0,1679000,318000,1361000,1361000
2489,瑞軒            ,1730000,404000,1326000,0,0,0,0,0,0,29000,39000,10000,29000,0,0,0,1355000
1605,華新            ,3550000,1052000,2498000,0,0,0,0,10000,-10000,-1137000,85000,10000,75000,190000,1402000,-1212000,1351000
052203,T50反1中信99購03,0,0,0,0,0,0,0,0,0,1333000,0,0,0,1393000,60000,1333000,1333000
2610,華航            ,3411329,2173780,1237549,0,0,0,0,17000,-17000,103000,83000,0,83000,20000,0,20000,1323549
00639,富邦深100       ,846000,665000,181000,0,0,0,0,0,0,1136025,180000,0,180000,1987025,1031000,956025,1317025
1802,台玻            ,1278000,106000,1172000,0,0,0,0,0,0,135000,135000,0,135000,0,0,0,1307000
8213,志超            ,1233000,183000,1050000,0,0,0,0,0,0,255000,4000,0,4000,251000,0,251000,1305000
06604P,聯發科元富02售02,0,0,0,0,0,0,0,0,0,1291000,0,0,0,1613000,322000,1291000,1291000
055497,開發金元大97購01,0,0,0,0,0,0,0,0,0,1280000,0,0,0,1280000,0,1280000,1280000
2520,冠德            ,1446000,258000,1188000,0,0,0,0,0,0,85000,108000,46000,62000,41000,18000,23000,1273000
064249,聯發科元富06購01,0,0,0,0,0,0,0,0,0,1272000,0,0,0,1295000,23000,1272000,1272000
064445,聚陽統一02購01  ,0,0,0,0,0,0,0,0,0,1268000,0,0,0,1494000,226000,1268000,1268000
063665,南亞科統一01購02,0,0,0,0,0,0,0,0,0,1259000,0,0,0,1436000,177000,1259000,1259000
051277,聯發科中信9A購01,0,0,0,0,0,0,0,0,0,1245000,0,0,0,1245000,0,1245000,1245000
058095,昇陽半元大98購03,0,0,0,0,0,0,0,0,0,1241000,0,0,0,1272000,31000,1241000,1241000
057114,台虹群益98購01  ,0,0,0,0,0,0,0,0,0,1239000,0,0,0,1269000,30000,1239000,1239000
6592,和潤企業        ,1245000,78000,1167000,0,0,0,0,0,0,63000,57000,0,57000,61000,55000,6000,1230000
2820,華票            ,1219000,21000,1198000,0,0,0,0,0,0,8000,8000,0,8000,0,0,0,1206000
053563,台積電富邦97購01,0,0,0,0,0,0,0,0,0,1200000,0,0,0,1200000,0,1200000,1200000
061844,T50反1國票9C購02,0,0,0,0,0,0,0,0,0,1192000,0,0,0,1392000,200000,1192000,1192000
2481,強茂            ,2000000,624000,1376000,0,0,0,0,0,0,-186000,15000,205000,-190000,7000,3000,4000,1190000
2505,國揚            ,1476000,446000,1030000,0,0,0,0,0,0,144000,25000,23000,2000,143000,1000,142000,1174000
060937,T50反1國票9A購10,0,0,0,0,0,0,0,0,0,1150000,0,0,0,1150000,0,1150000,1150000
8163,達方            ,1058000,82000,976000,0,0,0,0,1000,-1000,175000,13000,2000,11000,193000,29000,164000,1150000
00651R,FH香港反1       ,52000,997000,-945000,0,0,0,0,0,0,2093000,0,0,0,3998000,1905000,2093000,1148000
2027,大成鋼          ,1654000,600000,1054000,0,0,0,0,0,0,75000,50000,0,50000,49000,24000,25000,1129000
6278,台表科          ,2314000,1870000,444000,0,0,0,67000,12000,55000,625000,638000,94000,544000,161000,80000,81000,1124000
3682,亞太電          ,1201345,78000,1123345,0,0,0,0,0,0,0,0,0,0,0,0,0,1123345
3702,大聯大          ,2024806,337000,1687806,0,0,0,0,5000,-5000,-569000,59000,102000,-43000,0,526000,-526000,1113806
1101,台泥            ,8006220,6268000,1738220,0,0,0,0,33000,-33000,-597000,54000,160000,-106000,48000,539000,-491000,1108220
062687,華擎統一01購02  ,0,0,0,0,0,0,0,0,0,1108000,0,0,0,1867000,759000,1108000,1108000
060157,致茂永豐9A購02  ,0,0,0,0,0,0,0,0,0,1103000,0,0,0,1148000,45000,1103000,1103000
064152,義隆統一02購02  ,0,0,0,0,0,0,0,0,0,1103000,0,0,0,1110000,7000,1103000,1103000
00671R,富邦NASDAQ反1   ,81000,10000,71000,0,0,0,0,0,0,1028000,0,0,0,1554000,526000,1028000,1099000
2897,王道銀行        ,1134000,31000,1103000,0,0,0,0,8000,-8000,1000,1000,0,1000,0,0,0,1096000
2478,大毅            ,1176000,534010,641990,0,0,0,0,0,0,448000,18000,0,18000,456000,26000,430000,1089990
044457,滬深2X國票97購01,0,0,0,0,0,0,0,0,0,1074000,0,0,0,1135000,61000,1074000,1074000
063488,金像電國泰01購01,0,0,0,0,0,0,0,0,0,1068000,0,0,0,1168000,100000,1068000,1068000
2340,光磊            ,1137000,127000,1010000,0,0,0,0,0,0,49000,19000,0,19000,30000,0,30000,1059000
056955,台灣50永豐98購01,0,0,0,0,0,0,0,0,0,1047000,0,0,0,1047000,0,1047000,1047000
060575,大立光中信9B購02,0,0,0,0,0,0,0,0,0,1045000,0,0,0,1055000,10000,1045000,1045000
053117,大立光中信9A購02,0,0,0,0,0,0,0,0,0,1036000,0,0,0,1086000,50000,1036000,1036000
2101,南港            ,1127000,241000,886000,0,0,0,0,0,0,143000,34000,0,34000,164000,55000,109000,1029000
1103,嘉泥            ,1043000,31000,1012000,0,0,0,0,0,0,14000,14000,0,14000,0,0,0,1026000
2393,億光            ,1125000,198000,927000,0,0,0,0,0,0,85000,15000,0,15000,79000,9000,70000,1012000
057848,台表科永豐98購02,0,0,0,0,0,0,0,0,0,998000,0,0,0,998000,0,998000,998000
1609,大亞            ,1236000,262000,974000,0,0,0,0,3000,-3000,20000,20000,0,20000,0,0,0,991000
08596P,聯發科國泰02售02,0,0,0,0,0,0,0,0,0,991000,0,0,0,1039000,48000,991000,991000
3338,泰碩            ,842000,156000,686000,0,0,0,0,220000,-220000,520000,77000,3000,74000,458000,12000,446000,986000
065353,GIS統一02購03   ,0,0,0,0,0,0,0,0,0,984000,0,0,0,1399000,415000,984000,984000
08004P,大毅永豐9B售02  ,0,0,0,0,0,0,0,0,0,984000,0,0,0,990000,6000,984000,984000
053297,鎧勝中信98購01  ,0,0,0,0,0,0,0,0,0,981000,0,0,0,994000,13000,981000,981000
4119,旭富            ,1027000,152000,875000,0,0,0,0,0,0,100000,0,1000,-1000,113000,12000,101000,975000
3052,夆典            ,1005000,34000,971000,0,0,0,0,0,0,0,0,0,0,0,0,0,971000
2455,全新            ,1000000,428000,572000,0,0,0,64000,0,64000,326000,90000,74000,16000,377000,67000,310000,962000
1313,聯成            ,1175000,241072,933928,0,0,0,0,0,0,26000,26000,0,26000,0,0,0,959928
063348,祥碩統一01購04  ,0,0,0,0,0,0,0,0,0,957000,0,0,0,1093000,136000,957000,957000
2633,台灣高鐵        ,2126652,1302000,824652,0,0,0,0,23000,-23000,154000,174000,0,174000,32000,52000,-20000,955652
6213,聯茂            ,2354020,1139889,1214131,0,0,0,130000,295001,-165001,-108000,28000,221000,-193000,218000,133000,85000,941130
064856,GIS國泰02購01   ,0,0,0,0,0,0,0,0,0,940000,0,0,0,1137000,197000,940000,940000
059395,T50反1元富99購03,0,0,0,0,0,0,0,0,0,937000,0,0,0,942000,5000,937000,937000
046628,大立光統一98購01,0,0,0,0,0,0,0,0,0,935000,0,0,0,1557000,622000,935000,935000
049591,開發金元大98購01,0,0,0,0,0,0,0,0,0,929000,0,0,0,929000,0,929000,929000
063760,聯詠統一9C購02  ,0,0,0,0,0,0,0,0,0,926000,0,0,0,1259000,333000,926000,926000
08206P,鴻海群益9C售03  ,0,0,0,0,0,0,0,0,0,926000,0,0,0,926000,0,926000,926000
1304,台聚            ,1060000,149762,910238,0,0,0,0,0,0,14000,14000,0,14000,0,0,0,924238
059351,台虹凱基99購01  ,0,0,0,0,0,0,0,0,0,918000,0,0,0,949000,31000,918000,918000
8046,南電            ,2748000,1635000,1113000,0,0,0,0,0,0,-197000,270000,356000,-86000,44000,155000,-111000,916000
3443,創意            ,1099000,984732,114268,0,0,0,742000,0,742000,52000,183000,105000,78000,12000,38000,-26000,908268
2108,南帝            ,928000,155000,773000,0,0,0,0,0,0,134000,139000,5000,134000,0,0,0,907000
056146,台虹元大98購01  ,0,0,0,0,0,0,0,0,0,898000,0,0,0,931000,33000,898000,898000
2338,光罩            ,1067000,283000,784000,0,0,0,0,0,0,111000,0,0,0,112000,1000,111000,895000
3698,隆達            ,1221000,493000,728000,0,0,0,0,0,0,165000,294000,6000,288000,20000,143000,-123000,893000
1201,味全            ,941000,40000,901000,0,0,0,0,0,0,-8000,0,0,0,0,8000,-8000,893000
3090,日電貿          ,990000,142000,848000,0,0,0,0,0,0,44000,15000,0,15000,29000,0,29000,892000
057987,大立光元富98購02,0,0,0,0,0,0,0,0,0,888000,0,0,0,1578000,690000,888000,888000
063358,華擎國泰01購01  ,0,0,0,0,0,0,0,0,0,885000,0,0,0,1218000,333000,885000,885000
2474,可成            ,1015381,289047,726334,0,0,0,0,5000,-5000,156000,60000,0,60000,105000,9000,96000,877334
06684P,緯穎元大98售06  ,0,0,0,0,0,0,0,0,0,873000,0,0,0,873000,0,873000,873000
08607P,聯發科富邦03售04,0,0,0,0,0,0,0,0,0,873000,0,0,0,894000,21000,873000,873000
055902,同欣電中信99購01,0,0,0,0,0,0,0,0,0,872000,0,0,0,2031000,1159000,872000,872000
2402,毅嘉            ,1063000,198000,865000,0,0,0,0,0,0,0,0,0,0,0,0,0,865000
6120,達運            ,1122000,282000,840000,0,0,0,0,0,0,23000,23000,0,23000,0,0,0,863000
061855,台郡國票9B購01  ,0,0,0,0,0,0,0,0,0,862000,0,0,0,896000,34000,862000,862000
063661,聚陽統一9C購02  ,0,0,0,0,0,0,0,0,0,859000,0,0,0,886000,27000,859000,859000
065541,GIS統一01購05   ,0,0,0,0,0,0,0,0,0,857000,0,0,0,937000,80000,857000,857000
1514,亞力            ,1100000,250000,850000,0,0,0,0,0,0,1000,1000,0,1000,0,0,0,851000
062362,致茂元大9B購01  ,0,0,0,0,0,0,0,0,0,843000,0,0,0,859000,16000,843000,843000
9945,潤泰新          ,1112661,317000,795661,0,0,0,0,0,0,47000,49000,2000,47000,0,0,0,842661
1905,華紙            ,987000,190000,797000,0,0,0,0,0,0,39000,39000,0,39000,0,0,0,836000
059298,大立光元富9C購02,0,0,0,0,0,0,0,0,0,829000,0,0,0,978000,149000,829000,829000
063583,GIS國泰01購01   ,0,0,0,0,0,0,0,0,0,826000,0,0,0,925000,99000,826000,826000
4915,致伸            ,4322000,3591000,731000,0,0,0,0,0,0,91000,15000,1000,14000,90000,13000,77000,822000
2601,益航            ,820000,20000,800000,0,0,0,0,0,0,12000,12000,0,12000,0,0,0,812000
064822,台達電統一01購03,0,0,0,0,0,0,0,0,0,811000,0,0,0,938000,127000,811000,811000
060713,聯詠永豐9A購01  ,0,0,0,0,0,0,0,0,0,809000,0,0,0,822000,13000,809000,809000
8215,明基材          ,1682000,886000,796000,0,0,0,0,0,0,9000,10000,1000,9000,0,0,0,805000
2511,太子            ,876000,99000,777000,0,0,0,0,0,0,25000,25000,0,25000,0,0,0,802000
2023,燁輝            ,809000,81000,728000,0,0,0,0,0,0,71000,71000,0,71000,0,0,0,799000
045872,元油2X元富98購03,0,0,0,0,0,0,0,0,0,791000,0,0,0,791000,0,791000,791000
064221,華通國票01購01  ,0,0,0,0,0,0,0,0,0,786000,0,0,0,908000,122000,786000,786000
3006,晶豪科          ,782000,286000,496000,0,0,0,0,0,0,290000,12000,2000,10000,290000,10000,280000,786000
062809,同欣電統一9C購01,10000,0,10000,0,0,0,0,0,0,775000,0,0,0,881000,106000,775000,785000
1519,華城            ,870000,92000,778000,0,0,0,0,0,0,6000,6000,0,6000,0,0,0,784000
039212,台達電台新9A購01,0,0,0,0,0,0,0,0,0,782000,0,0,0,790000,8000,782000,782000
03657C,T50反1元大99牛01,0,0,0,0,0,0,0,0,0,781000,0,0,0,1015000,234000,781000,781000
062532,聯詠統一9C購01  ,0,0,0,0,0,0,0,0,0,772000,0,0,0,782000,10000,772000,772000
1515,力山            ,1293000,664000,629000,0,0,0,0,6000,-6000,148000,1000,48000,-47000,231000,36000,195000,771000
057740,茂林富邦9A購01  ,0,0,0,0,0,0,0,0,0,770000,0,0,0,1116000,346000,770000,770000
1789,神隆            ,1424000,528000,896000,0,0,0,0,49000,-49000,-79000,26000,92000,-66000,10000,23000,-13000,768000
058318,致茂永豐9A購01  ,0,0,0,0,0,0,0,0,0,762000,0,0,0,772000,10000,762000,762000
064485,儒鴻元大01購01  ,0,0,0,0,0,0,0,0,0,761000,0,0,0,1004000,243000,761000,761000
064071,台郡永豐9C購01  ,0,0,0,0,0,0,0,0,0,755000,0,0,0,1249000,494000,755000,755000
07202P,台灣50凱基9C售04,0,0,0,0,0,0,0,0,0,754000,0,0,0,836000,82000,754000,754000
056920,友達兆豐98購02  ,0,0,0,0,0,0,0,0,0,754000,0,0,0,920000,166000,754000,754000
064415,群創麥證9C購01  ,0,0,0,753000,0,753000,0,0,0,753000,0,0,0,753000,0,753000,753000
3437,榮創            ,896000,161000,735000,0,0,0,0,0,0,16000,16000,0,16000,0,0,0,751000
057794,T50反1兆豐99購02,0,0,0,0,0,0,0,0,0,748000,0,0,0,766000,18000,748000,748000
064440,大立光凱基03購03,0,0,0,0,0,0,0,0,0,748000,0,0,0,768000,20000,748000,748000
058721,立積元富9C購01  ,0,0,0,0,0,0,0,0,0,745000,0,0,0,778000,33000,745000,745000
08424P,群創元富9C售03  ,0,0,0,0,0,0,0,0,0,742000,0,0,0,744000,2000,742000,742000
063992,大立光中信9C購03,0,0,0,0,0,0,0,0,0,739000,0,0,0,834000,95000,739000,739000
063538,神達統一9C購01  ,0,0,0,0,0,0,0,0,0,739000,0,0,0,1019000,280000,739000,739000
3023,信邦            ,888000,156000,732000,0,0,0,0,1000,-1000,4000,4000,10000,-6000,22000,12000,10000,735000
055809,T50反1國票98購02,0,0,0,0,0,0,0,0,0,734000,0,0,0,894000,160000,734000,734000
2103,台橡            ,790000,72000,718000,0,0,0,0,0,0,16000,16000,0,16000,0,0,0,734000
07990P,緯穎凱基9B售02  ,0,0,0,0,0,0,0,0,0,733000,0,0,0,748000,15000,733000,733000
065345,台光電統一01購04,0,0,0,0,0,0,0,0,0,732000,0,0,0,895000,163000,732000,732000
062291,力成富邦9B購01  ,0,0,0,0,0,0,0,0,0,732000,0,0,0,732000,0,732000,732000
060788,嘉晶富邦9B購01  ,0,0,0,0,0,0,0,0,0,730000,0,0,0,738000,8000,730000,730000
00701,國泰股利精選30  ,68000,2000,66000,0,0,0,0,0,0,663000,0,0,0,908000,245000,663000,729000
055443,台虹國票98購01  ,0,0,0,0,0,0,0,0,0,729000,0,0,0,743000,14000,729000,729000
064173,國產元富9C購01  ,0,0,0,0,0,0,0,0,0,729000,0,0,0,919000,190000,729000,729000
060456,正隆元大9A購01  ,0,0,0,0,0,0,0,0,0,727000,0,0,0,893000,166000,727000,727000
062688,華擎統一01購03  ,0,0,0,0,0,0,0,0,0,722000,0,0,0,885000,163000,722000,722000
3596,智易            ,839000,209000,630000,0,0,0,0,0,0,91000,0,9000,-9000,130000,30000,100000,721000
065347,聯發科統一9C購15,0,0,0,0,0,0,0,0,0,719000,0,0,0,719000,0,719000,719000
063864,健策富邦01購01  ,0,0,0,0,0,0,0,0,0,713000,0,0,0,949000,236000,713000,713000
064731,台郡統一01購02  ,0,0,0,0,0,0,0,0,0,710000,0,0,0,768000,58000,710000,710000
056954,聯詠富邦9A購01  ,0,0,0,0,0,0,0,0,0,709000,0,0,0,1248000,539000,709000,709000
07782P,寶成凱基9A售02  ,0,0,0,0,0,0,0,0,0,705000,0,0,0,705000,0,705000,705000
2609,陽明            ,864000,163000,701000,0,0,0,0,0,0,0,0,0,0,0,0,0,701000
056937,智原元富98購01  ,0,0,0,0,0,0,0,0,0,699000,0,0,0,746000,47000,699000,699000
063890,正隆群益9C購01  ,0,0,0,0,0,0,0,0,0,699000,0,0,0,973000,274000,699000,699000
2345,智邦            ,2718837,2563000,155837,0,0,0,587000,2000,585000,-42000,252000,218000,34000,59000,135000,-76000,698837
063774,GIS富邦9B購02   ,0,0,0,0,0,0,0,0,0,695000,0,0,0,755000,60000,695000,695000
3037,欣興            ,13834000,14890000,-1056000,0,0,0,1948000,36000,1912000,-162000,676000,615000,61000,516000,739000,-223000,694000
064704,嘉晶國泰01購01  ,0,0,0,0,0,0,0,0,0,693000,0,0,0,1494000,801000,693000,693000
055962,晶豪科元大97購02,0,0,0,0,0,0,0,0,0,692000,0,0,0,977000,285000,692000,692000
064979,華擎元大9C購04  ,0,0,0,0,0,0,0,0,0,688000,0,0,0,1370000,682000,688000,688000
055894,欣興統一97購03  ,0,0,0,0,0,0,0,0,0,685000,0,0,0,785000,100000,685000,685000
047571,滬深2X群益99購01,0,0,0,0,0,0,0,0,0,685000,0,0,0,685000,0,685000,685000
057721,華擎元富98購02  ,0,0,0,0,0,0,0,0,0,684000,0,0,0,714000,30000,684000,684000
064358,台達電統一01購02,0,0,0,0,0,0,0,0,0,683000,0,0,0,759000,76000,683000,683000
058054,台積電統一9C購01,0,0,0,0,0,0,0,0,0,682000,0,0,0,1953000,1271000,682000,682000
058525,台虹元大99購02  ,0,0,0,0,0,0,0,0,0,678000,0,0,0,948000,270000,678000,678000
063672,GIS統一9C購01   ,0,0,0,0,0,0,0,0,0,677000,0,0,0,704000,27000,677000,677000
6251,定穎            ,1308000,650000,658000,0,0,0,0,0,0,19000,19000,0,19000,0,0,0,677000
060792,信錦永豐9A購01  ,0,0,0,0,0,0,0,0,0,676000,0,0,0,686000,10000,676000,676000
064063,健策國泰01購02  ,0,0,0,0,0,0,0,0,0,672000,0,0,0,705000,33000,672000,672000
2426,鼎元            ,793000,129000,664000,0,0,0,0,0,0,4000,4000,0,4000,0,0,0,668000
063471,泰鼎元大9C購01  ,0,0,0,0,0,0,0,0,0,667000,0,0,0,818000,151000,667000,667000
4906,正文            ,1125000,901000,224000,0,0,0,0,0,0,440000,335000,26000,309000,275000,144000,131000,664000
059074,元油2X元大9C購15,0,0,0,0,0,0,0,0,0,662000,0,0,0,679000,17000,662000,662000
5388,中磊            ,1011000,363000,648000,0,0,0,0,0,0,11000,6000,0,6000,51000,46000,5000,659000
4943,康控-KY         ,779000,181000,598000,0,0,0,0,0,0,58000,16000,0,16000,95000,53000,42000,656000
9938,百和            ,858000,160000,698000,0,0,0,0,150000,-150000,107000,41000,0,41000,66000,0,66000,655000
063782,致新永豐9B購02  ,0,0,0,0,0,0,0,0,0,652000,0,0,0,821000,169000,652000,652000
2106,建大            ,764000,126000,638000,0,0,0,0,0,0,14000,14000,0,14000,0,0,0,652000
064052,創意統一01購02  ,0,0,0,0,0,0,0,0,0,651000,0,0,0,694000,43000,651000,651000
064412,緯穎凱基01購01  ,0,0,0,0,0,0,0,0,0,647000,0,0,0,789000,142000,647000,647000
059024,大立光統一9B購04,0,0,0,0,0,0,0,0,0,641000,0,0,0,834000,193000,641000,641000
1308,亞聚            ,679000,47704,631296,0,0,0,0,0,0,9000,9000,0,9000,0,0,0,640296
3532,台勝科          ,748000,195000,553000,0,0,0,0,1000,-1000,88000,0,0,0,90000,2000,88000,640000
3515,華擎            ,1646000,849000,797000,0,0,0,311000,239000,72000,-230000,73000,40000,33000,181000,444000,-263000,639000
063306,聯茂凱基9C購01  ,0,0,0,0,0,0,0,0,0,638000,0,0,0,861000,223000,638000,638000
07366P,國巨康和99售02  ,0,0,0,0,0,0,0,0,0,637000,0,0,0,642000,5000,637000,637000
2547,日勝生          ,1195000,573000,622000,0,0,0,0,0,0,14000,14000,0,14000,0,0,0,636000
3005,神基            ,1324000,207000,1117000,0,0,0,0,178000,-178000,-308000,14000,105000,-91000,27000,244000,-217000,631000
045873,元油2X元富98購04,0,0,0,0,0,0,0,0,0,629000,0,0,0,629000,0,629000,629000
08430P,友達凱基01售01  ,0,0,0,0,0,0,0,0,0,629000,0,0,0,644000,15000,629000,629000
3036,文曄            ,515000,16000,499000,0,0,0,0,2000,-2000,131000,67000,19000,48000,97000,14000,83000,628000
059396,T50反1元富99購04,0,0,0,0,0,0,0,0,0,627000,0,0,0,646000,19000,627000,627000
057677,臺股指元大98購07,0,0,0,0,0,0,0,0,0,620000,0,0,0,620000,0,620000,620000
00642U,元大S&P石油     ,50000,0,50000,0,0,0,0,0,0,565000,0,0,0,1149000,584000,565000,615000
056942,昇陽半元富98購01,0,0,0,0,0,0,0,0,0,614000,0,0,0,664000,50000,614000,614000
065079,致茂元大9C購01  ,0,0,0,0,0,0,0,0,0,613000,0,0,0,818000,205000,613000,613000
062265,南茂元大9B購01  ,0,0,0,0,0,0,0,0,0,612000,0,0,0,795000,183000,612000,612000
2316,楠梓電          ,957000,334000,623000,0,0,0,0,0,0,-11000,13000,70000,-57000,155000,109000,46000,612000
064928,同欣電統一01購02,0,0,0,0,0,0,0,0,0,611000,0,0,0,786000,175000,611000,611000
057878,台郡元大99購04  ,0,0,0,0,0,0,0,0,0,611000,0,0,0,790000,179000,611000,611000
064160,新日興統一01購03,20000,0,20000,0,0,0,0,0,0,590000,0,0,0,868000,278000,590000,610000
2328,廣宇            ,748000,172000,576000,0,0,0,0,0,0,34000,34000,0,34000,0,0,0,610000
2442,新美齊          ,620000,23000,597000,0,0,0,0,1000,-1000,14000,14000,0,14000,0,0,0,610000
1722,台肥            ,1567000,1114000,453000,0,0,0,0,5000,-5000,162000,35000,1000,34000,141000,13000,128000,610000
2723,美食-KY         ,668000,101000,567000,0,0,0,0,104000,-104000,145000,2000,1000,1000,152000,8000,144000,608000
3413,京鼎            ,730000,211000,519000,0,0,0,0,15000,-15000,103000,66000,69000,-3000,129000,23000,106000,607000
065679,聯發科統一03購01,0,0,0,0,0,0,0,0,0,601000,0,0,0,631000,30000,601000,601000
054805,台苯元大9A購01  ,0,0,0,0,0,0,0,0,0,600000,0,0,0,600000,0,600000,600000
056283,鴻海永豐97購03  ,0,0,0,0,0,0,0,0,0,599000,0,0,0,599000,0,599000,599000
060541,正隆凱基9A購01  ,0,0,0,0,0,0,0,0,0,597000,0,0,0,631000,34000,597000,597000
064444,聚陽統一01購02  ,0,0,0,0,0,0,0,0,0,595000,0,0,0,1024000,429000,595000,595000
8110,華東            ,611000,29000,582000,0,0,0,0,0,0,12000,21000,9000,12000,0,0,0,594000
046942,友達元大99購01  ,0,0,0,0,0,0,0,0,0,593000,0,0,0,623000,30000,593000,593000
4106,雃博            ,720000,128000,592000,0,0,0,0,0,0,1000,2000,1000,1000,0,0,0,593000
057105,致茂群益9A購01  ,0,0,0,0,0,0,0,0,0,590000,0,0,0,590000,0,590000,590000
3380,明泰            ,1889000,149000,1740000,0,0,0,0,0,0,-1150000,41000,1295000,-1254000,134000,30000,104000,590000
060431,復盛永豐9A購01  ,0,0,0,0,0,0,0,0,0,589000,0,0,0,915000,326000,589000,589000
1444,力麗            ,737000,174000,563000,0,0,0,0,0,0,25000,25000,0,25000,0,0,0,588000
063920,大立光元富03購02,0,0,0,0,0,0,0,0,0,586000,0,0,0,594000,8000,586000,586000
065136,正隆凱基9C購01  ,0,0,0,0,0,0,0,0,0,584000,0,0,0,643000,59000,584000,584000
6271,同欣電          ,2413000,1795121,617879,0,0,0,212000,315000,-103000,65000,236000,105000,131000,51000,117000,-66000,579879
064540,神達麥證01購01  ,0,0,0,600000,21000,579000,0,0,0,579000,0,0,0,600000,21000,579000,579000
062408,致新永豐9B購01  ,0,0,0,0,0,0,0,0,0,579000,0,0,0,934000,355000,579000,579000
2453,凌群            ,575000,97000,478000,0,0,0,0,0,0,101000,101000,0,101000,0,0,0,579000
2905,三商            ,795000,235000,560000,0,0,0,0,0,0,18000,18000,0,18000,0,0,0,578000
060417,正隆永豐9A購01  ,0,0,0,0,0,0,0,0,0,576000,0,0,0,630000,54000,576000,576000
065352,GIS統一01購04   ,0,0,0,0,0,0,0,0,0,575000,0,0,0,752000,177000,575000,575000
07673P,電子類元大9A售01,0,0,0,0,0,0,0,0,0,575000,0,0,0,590000,15000,575000,575000
065547,同欣電兆豐01購01,0,0,0,0,0,0,0,0,0,574000,0,0,0,639000,65000,574000,574000
2208,台船            ,607000,41000,566000,0,0,0,0,0,0,8000,8000,0,8000,0,0,0,574000
062658,聯茂第一9B購01  ,0,0,0,0,0,0,0,0,0,568000,0,0,0,997000,429000,568000,568000
08097P,嘉澤永豐9B售03  ,0,0,0,0,0,0,0,0,0,568000,0,0,0,568000,0,568000,568000
057451,大立光元富9B購01,0,0,0,0,0,0,0,0,0,566000,0,0,0,681000,115000,566000,566000
063345,嘉晶統一9C購02  ,0,0,0,0,0,0,0,0,0,565000,0,0,0,609000,44000,565000,565000
3060,銘異            ,818000,254000,564000,0,0,0,0,0,0,0,0,0,0,0,0,0,564000
2537,聯上發          ,600000,37000,563000,0,0,0,0,0,0,0,0,0,0,0,0,0,563000
2634,漢翔            ,678000,153000,525000,0,0,0,0,3000,-3000,40000,17000,0,17000,26000,3000,23000,562000
1218,泰山            ,646000,95000,551000,0,0,0,0,0,0,11000,0,0,0,11000,0,11000,562000
055653,聯詠元富01購02  ,0,0,0,0,0,0,0,0,0,561000,0,0,0,1061000,500000,561000,561000
055454,華邦電元富97購02,0,0,0,0,0,0,0,0,0,560000,0,0,0,560000,0,560000,560000
1417,嘉裕            ,944000,393000,551000,0,0,0,0,0,0,3000,3000,0,3000,0,0,0,554000
00830,國泰費城半導體  ,848000,5000,843000,0,0,0,0,0,0,-292000,0,0,0,551000,843000,-292000,551000
059836,大立光國泰9B購02,0,0,0,0,0,0,0,0,0,549000,0,0,0,603000,54000,549000,549000
041990,A50正2國票97購01,0,0,0,0,0,0,0,0,0,547000,0,0,0,547000,0,547000,547000
056638,臺股指日盛98購01,0,0,0,0,0,0,0,0,0,547000,0,0,0,557000,10000,547000,547000
2388,威盛            ,1214000,668000,546000,0,0,0,0,0,0,0,0,0,0,0,0,0,546000
062333,嘉晶統一9C購01  ,0,0,0,0,0,0,0,0,0,544000,0,0,0,837000,293000,544000,544000
062534,力成統一01購01  ,0,0,0,0,0,0,0,0,0,544000,0,0,0,1441000,897000,544000,544000
3026,禾伸堂          ,735000,116000,619000,0,0,0,0,150000,-150000,75000,12000,0,12000,74000,11000,63000,544000
065154,聯發科群益9C購10,0,0,0,0,0,0,0,0,0,543000,0,0,0,543000,0,543000,543000
058616,台虹元大9A購01  ,0,0,0,0,0,0,0,0,0,540000,0,0,0,755000,215000,540000,540000
059948,正文永豐99購01  ,0,0,0,0,0,0,0,0,0,535000,0,0,0,1034000,499000,535000,535000
062653,正隆永豐9B購01  ,0,0,0,0,0,0,0,0,0,535000,0,0,0,925000,390000,535000,535000
064216,矽格凱基01購01  ,0,0,0,0,0,0,0,0,0,535000,0,0,0,776000,241000,535000,535000
2399,映泰            ,556000,34000,522000,0,0,0,0,0,0,11000,11000,0,11000,0,0,0,533000
061596,健策永豐9A購03  ,0,0,0,0,0,0,0,0,0,532000,0,0,0,576000,44000,532000,532000
065355,聯發科元富03購05,0,0,0,0,0,0,0,0,0,530000,0,0,0,787000,257000,530000,530000
03445B,臺股指元大02熊01,0,0,0,0,0,0,0,0,0,530000,0,0,0,1474000,944000,530000,530000
064655,聚陽元大9C購02  ,0,0,0,0,0,0,0,0,0,527000,0,0,0,547000,20000,527000,527000
063881,嘉晶元富9C購01  ,0,0,0,0,0,0,0,0,0,527000,0,0,0,587000,60000,527000,527000
08066P,南亞科凱基9B售04,0,0,0,0,0,0,0,0,0,525000,0,0,0,525000,0,525000,525000
049406,T50反1日盛97購01,0,0,0,0,0,0,0,0,0,519000,0,0,0,519000,0,519000,519000
062912,新日興元大9B購01,0,0,0,0,0,0,0,0,0,519000,0,0,0,706000,187000,519000,519000
062984,致新元富9B購01  ,0,0,0,0,0,0,0,0,0,519000,0,0,0,811000,292000,519000,519000
00640L,富邦日本正2     ,0,0,0,0,0,0,0,0,0,518000,0,0,0,1140000,622000,518000,518000
061826,台郡麥證9B購01  ,0,0,0,520000,2000,518000,0,0,0,518000,0,0,0,520000,2000,518000,518000
064719,聯發科統一02購01,0,0,0,0,0,0,0,0,0,516000,0,0,0,1174000,658000,516000,516000
065344,瑞昱統一01購05  ,0,0,0,0,0,0,0,0,0,515000,0,0,0,1016000,501000,515000,515000
03414B,臺股指凱基99熊01,48000,0,48000,0,0,0,0,0,0,467000,0,0,0,2894000,2427000,467000,515000
6282,康舒            ,2450000,1982000,468000,0,0,0,0,0,0,45000,44000,0,44000,1000,0,1000,513000
2395,研華            ,1309862,794083,515779,0,0,0,0,4000,-4000,1000,19000,18000,1000,0,0,0,512779
062100,矽格永豐9B購01  ,0,0,0,0,0,0,0,0,0,510000,0,0,0,552000,42000,510000,510000
08227P,T50反1元大9B售09,0,0,0,0,0,0,0,0,0,509000,0,0,0,519000,10000,509000,509000
065155,聯發科群益9C購11,0,0,0,0,0,0,0,0,0,508000,0,0,0,508000,0,508000,508000
3533,嘉澤            ,888117,601000,287117,0,0,0,0,0,0,218000,108000,22000,86000,141000,9000,132000,505117
061168,力成兆豐9A購01  ,0,0,0,0,0,0,0,0,0,504000,0,0,0,514000,10000,504000,504000
063292,致新元大9B購02  ,0,0,0,0,0,0,0,0,0,504000,0,0,0,745000,241000,504000,504000
08606P,聯發科國票9C售05,0,0,0,0,0,0,0,0,0,501000,0,0,0,518000,17000,501000,501000
053134,南亞科國票97購01,0,0,0,0,0,0,0,0,0,500000,0,0,0,500000,0,500000,500000
058104,國巨統一9A購04  ,0,0,0,0,0,0,0,0,0,500000,0,0,0,900000,400000,500000,500000
06392P,T50反1元大9A售01,0,0,0,0,0,0,0,0,0,500000,0,0,0,995000,495000,500000,500000
056757,T50反1元大98購07,0,0,0,0,0,0,0,0,0,499000,0,0,0,499000,0,499000,499000
3665,貿聯-KY         ,624000,254000,370000,0,0,0,300000,1000,299000,-170000,44000,225000,-181000,37000,26000,11000,499000
062640,訊連國票9C購01  ,0,0,0,0,0,0,0,0,0,498000,0,0,0,498000,0,498000,498000
059068,台虹國票9A購01  ,0,0,0,0,0,0,0,0,0,497000,0,0,0,527000,30000,497000,497000
08412P,群創凱基01售03  ,0,0,0,0,0,0,0,0,0,495000,0,0,0,497000,2000,495000,495000
2368,金像電          ,8176000,6858000,1318000,0,0,0,70000,135000,-65000,-759000,323000,180000,143000,119000,1021000,-902000,494000
062647,南電國泰9C購02  ,0,0,0,0,0,0,0,0,0,491000,0,0,0,504000,13000,491000,491000
054318,台虹凱基98購01  ,0,0,0,0,0,0,0,0,0,490000,0,0,0,500000,10000,490000,490000
059072,元油2X元大9C購13,0,0,0,0,0,0,0,0,0,489000,0,0,0,560000,71000,489000,489000
06836P,玉晶光國票99售06,0,0,0,0,0,0,0,0,0,485000,0,0,0,565000,80000,485000,485000
063848,大立光元大9C購09,0,0,0,0,0,0,0,0,0,485000,0,0,0,528000,43000,485000,485000
064835,嘉晶統一02購01  ,0,0,0,0,0,0,0,0,0,484000,0,0,0,526000,42000,484000,484000
058732,矽格永豐99購01  ,0,0,0,0,0,0,0,0,0,484000,0,0,0,917000,433000,484000,484000
064814,祥碩元大9C購06  ,0,0,0,0,0,0,0,0,0,483000,0,0,0,724000,241000,483000,483000
058553,合勤控永豐99購01,0,0,0,0,0,0,0,0,0,483000,0,0,0,579000,96000,483000,483000
1708,東鹼            ,497000,16000,481000,0,0,0,0,0,0,2000,2000,0,2000,0,0,0,483000
6669,緯穎            ,806700,239482,567218,0,0,0,19000,164000,-145000,60000,53000,15000,38000,38000,16000,22000,482218
2484,希華            ,1089000,612000,477000,0,0,0,0,0,0,2000,2000,0,2000,0,0,0,479000
08541P,景碩國票01售02  ,0,0,0,0,0,0,0,0,0,479000,0,0,0,487000,8000,479000,479000
065356,聯發科元富03購06,0,0,0,0,0,0,0,0,0,477000,0,0,0,677000,200000,477000,477000
065690,台苯群益9C購01  ,0,0,0,0,0,0,0,0,0,476000,0,0,0,596000,120000,476000,476000
2331,精英            ,547000,76000,471000,0,0,0,0,0,0,5000,39000,34000,5000,0,0,0,476000
07649P,金像電永豐9A售02,0,0,0,0,0,0,0,0,0,474000,0,0,0,484000,10000,474000,474000
064114,南茂國票01購01  ,0,0,0,0,0,0,0,0,0,474000,0,0,0,504000,30000,474000,474000
062955,立積永豐9B購02  ,0,0,0,0,0,0,0,0,0,474000,0,0,0,699000,225000,474000,474000
08313P,健策國票01售01  ,0,0,0,0,0,0,0,0,0,474000,0,0,0,535000,61000,474000,474000
08554P,玉晶光國票01售06,0,0,0,0,0,0,0,0,0,473000,0,0,0,849000,376000,473000,473000
06532P,友達元富98售04  ,0,0,0,0,0,0,0,0,0,472000,0,0,0,472000,0,472000,472000
1710,東聯            ,582000,121000,461000,0,0,0,0,0,0,10000,10000,0,10000,0,0,0,471000
052313,聯電元大98購01  ,0,0,0,0,0,0,0,0,0,470000,0,0,0,479000,9000,470000,470000
057613,瑞昱元富02購02  ,0,0,0,0,0,0,0,0,0,470000,0,0,0,525000,55000,470000,470000
062475,道瓊反國票9B購02,0,0,0,0,0,0,0,0,0,469000,0,0,0,499000,30000,469000,469000
064811,華擎元大01購01  ,0,0,0,0,0,0,0,0,0,468000,0,0,0,631000,163000,468000,468000
00646,元大S&P500      ,1000,1000,0,0,0,0,0,0,0,466000,93000,0,93000,550000,177000,373000,466000
063581,同欣電國泰9C購01,0,0,0,0,0,0,0,0,0,465000,0,0,0,465000,0,465000,465000
063295,京元電麥證9B購01,0,0,0,499000,36000,463000,0,0,0,463000,0,0,0,499000,36000,463000,463000
05957P,友達國票97售04  ,0,0,0,0,0,0,0,0,0,460000,0,0,0,480000,20000,460000,460000
5531,鄉林            ,564000,143000,421000,0,0,0,0,0,0,39000,39000,0,39000,0,0,0,460000
08153P,台表科統一9B售01,0,0,0,0,0,0,0,0,0,459000,0,0,0,519000,60000,459000,459000
064728,健策統一9C購04  ,0,0,0,0,0,0,0,0,0,458000,0,0,0,478000,20000,458000,458000
065599,台光電元大9C購05,0,0,0,0,0,0,0,0,0,458000,0,0,0,472000,14000,458000,458000
056926,日月光兆豐98購01,0,0,0,0,0,0,0,0,0,457000,0,0,0,500000,43000,457000,457000
063922,大立光元富9C購04,0,0,0,0,0,0,0,0,0,456000,0,0,0,540000,84000,456000,456000
058497,新日興群益9B購01,0,0,0,0,0,0,0,0,0,455000,0,0,0,457000,2000,455000,455000
1409,新纖            ,692000,275000,417000,0,0,0,0,0,0,38000,38000,0,38000,0,0,0,455000
065607,聯詠元大9C購02  ,0,0,0,0,0,0,0,0,0,454000,0,0,0,875000,421000,454000,454000
054377,臺股指中信99購09,0,4000,-4000,0,0,0,0,0,0,456000,0,0,0,456000,0,456000,452000
047564,滬深2X國票99購01,0,0,0,0,0,0,0,0,0,452000,0,0,0,602000,150000,452000,452000
058250,台虹元大99購01  ,0,0,0,0,0,0,0,0,0,451000,0,0,0,515000,64000,451000,451000
054219,楠梓電統一97購01,0,0,0,0,0,0,0,0,0,450000,0,0,0,450000,0,450000,450000
055827,中石化元大98購01,0,0,0,0,0,0,0,0,0,450000,0,0,0,450000,0,450000,450000
065708,中磊群益9C購01  ,0,0,0,0,0,0,0,0,0,449000,0,0,0,895000,446000,449000,449000
064887,嘉晶中信9C購02  ,0,0,0,0,0,0,0,0,0,449000,0,0,0,461000,12000,449000,449000
065042,國產凱基02購01  ,0,0,0,0,0,0,0,0,0,449000,0,0,0,570000,121000,449000,449000
053246,聯詠國票97購02  ,0,0,0,0,0,0,0,0,0,449000,0,0,0,499000,50000,449000,449000
063781,健策永豐9B購08  ,0,0,0,0,0,0,0,0,0,446000,0,0,0,486000,40000,446000,446000
1701,中化            ,995000,557000,438000,0,0,0,0,0,0,8000,12000,4000,8000,0,0,0,446000
064165,同欣電統一01購01,0,0,0,0,0,0,0,0,0,445000,0,0,0,1340000,895000,445000,445000
058247,聯茂元大99購04  ,0,0,0,0,0,0,0,0,0,443000,0,0,0,673000,230000,443000,443000
2355,敬鵬            ,717000,300000,417000,0,0,0,0,0,0,26000,34000,0,34000,4000,12000,-8000,443000
064939,健策元富9C購03  ,0,0,0,0,0,0,0,0,0,442000,0,0,0,482000,40000,442000,442000
063415,台積電凱基03購01,0,0,0,0,0,0,0,0,0,442000,0,0,0,481000,39000,442000,442000
3034,聯詠            ,4510333,4534446,-24113,0,0,0,702000,76000,626000,-161000,314000,203000,111000,90000,362000,-272000,440887
057195,南茂元大98購01  ,0,0,0,0,0,0,0,0,0,440000,0,0,0,462000,22000,440000,440000
065403,健鼎國泰02購01  ,0,0,0,0,0,0,0,0,0,439000,0,0,0,478000,39000,439000,439000
060764,華擎元大9A購03  ,0,0,0,0,0,0,0,0,0,438000,0,0,0,620000,182000,438000,438000
057700,新日興群益9A購01,0,0,0,0,0,0,0,0,0,438000,0,0,0,438000,0,438000,438000
063023,華擎元大9B購02  ,0,0,0,0,0,0,0,0,0,437000,0,0,0,602000,165000,437000,437000
063697,香港反群益9C購01,0,0,0,0,0,0,0,0,0,436000,0,0,0,441000,5000,436000,436000
064079,英業達中信9C購01,0,0,0,0,0,0,0,0,0,436000,0,0,0,498000,62000,436000,436000
1301,台塑            ,4207320,3165000,1042320,0,0,0,0,129000,-129000,-478000,76000,550000,-474000,1000,5000,-4000,435320
064522,華擎群益01購01  ,0,0,0,0,0,0,0,0,0,435000,0,0,0,556000,121000,435000,435000
055998,臺股指富邦99購01,0,0,0,0,0,0,0,0,0,433000,0,0,0,433000,0,433000,433000
063679,群創國泰01購01  ,0,0,0,0,0,0,0,0,0,433000,0,0,0,485000,52000,433000,433000
061722,健策永豐9B購03  ,0,0,0,0,0,0,0,0,0,432000,0,0,0,463000,31000,432000,432000
058011,台虹國票99購01  ,0,0,0,0,0,0,0,0,0,432000,0,0,0,487000,55000,432000,432000
062153,智邦麥證9B購01  ,0,0,0,432000,0,432000,0,0,0,432000,0,0,0,432000,0,432000,432000
065681,聯發科統一9C購17,0,0,0,0,0,0,0,0,0,431000,0,0,0,514000,83000,431000,431000
061293,聯茂統一9A購01  ,0,0,0,0,0,0,0,0,0,431000,0,0,0,625000,194000,431000,431000
4934,太極            ,1167000,736000,431000,0,0,0,0,0,0,0,0,0,0,0,0,0,431000
062207,牧德國票9B購02  ,0,0,0,0,0,0,0,0,0,430000,0,0,0,440000,10000,430000,430000
063051,仁寶統一01購01  ,0,0,0,0,0,0,0,0,0,428000,0,0,0,605000,177000,428000,428000
056688,聯詠統一98購01  ,0,0,0,0,0,0,0,0,0,427000,0,0,0,688000,261000,427000,427000
057696,聯電群益9A購01  ,0,0,0,0,0,0,0,0,0,427000,0,0,0,427000,0,427000,427000
8131,福懋科          ,486000,33000,453000,0,0,0,0,1000,-1000,-25000,7000,0,7000,16000,48000,-32000,427000
2301,光寶科          ,2533915,1669000,864915,0,0,0,0,52000,-52000,-386000,60000,6000,54000,0,440000,-440000,426915
8021,尖點            ,495000,71000,424000,0,0,0,0,0,0,2000,2000,0,2000,0,0,0,426000
060670,臺指反元大01購03,0,0,0,0,0,0,0,0,0,425000,0,0,0,425000,0,425000,425000
063261,康控富邦03購01  ,0,0,0,0,0,0,0,0,0,425000,0,0,0,435000,10000,425000,425000
9939,宏全            ,430000,36000,394000,0,0,0,0,79000,-79000,110000,9000,0,9000,105000,4000,101000,425000
065379,立積元大01購01  ,0,0,0,0,0,0,0,0,0,424000,0,0,0,494000,70000,424000,424000
064051,新日興統一01購01,0,0,0,0,0,0,0,0,0,423000,0,0,0,614000,191000,423000,423000
050378,上証2X群益98購02,0,0,0,0,0,0,0,0,0,422000,0,0,0,424000,2000,422000,422000
07634P,金像電元大9A售01,0,0,0,0,0,0,0,0,0,418000,0,0,0,467000,49000,418000,418000
053118,大立光中信9C購01,0,0,0,0,0,0,0,0,0,418000,0,0,0,2458000,2040000,418000,418000
063905,健策麥證02購01  ,0,0,0,584000,256000,328000,0,0,0,418000,0,0,0,674000,256000,418000,418000
6443,元晶            ,658000,240000,418000,0,0,0,0,0,0,0,0,0,0,0,0,0,418000
053083,中環元大99購01  ,0,0,0,0,0,0,0,0,0,416000,0,0,0,1146000,730000,416000,416000
065260,金像電元大9C購07,0,0,0,0,0,0,0,0,0,415000,0,0,0,463000,48000,415000,415000
065499,京元電富邦01購01,0,0,0,0,0,0,0,0,0,414000,0,0,0,937000,523000,414000,414000
1210,大成            ,486000,179000,307000,0,0,0,0,0,0,106000,106000,0,106000,0,0,0,413000
055312,台虹群益99購01  ,0,0,0,0,0,0,0,0,0,412000,0,0,0,471000,59000,412000,412000
063048,聯詠兆豐9B購01  ,0,0,0,0,0,0,0,0,0,412000,0,0,0,518000,106000,412000,412000
064668,大立光元大9C購21,0,0,0,0,0,0,0,0,0,411000,0,0,0,461000,50000,411000,411000
08366P,祥碩凱基9C售04  ,0,0,0,0,0,0,0,0,0,411000,0,0,0,445000,34000,411000,411000
064924,健策統一9C購05  ,0,0,0,0,0,0,0,0,0,410000,0,0,0,447000,37000,410000,410000
07670P,茂林元大9A售02  ,0,0,0,0,0,0,0,0,0,410000,0,0,0,410000,0,410000,410000
00738U,元大道瓊白銀    ,45000,0,45000,0,0,0,0,0,0,365000,0,0,0,605000,240000,365000,410000
057723,臺股指元富98購02,0,0,0,0,0,0,0,0,0,410000,405000,0,405000,5000,0,5000,410000
07774P,台灣50群益9A售16,0,0,0,0,0,0,0,0,0,409000,0,0,0,430000,21000,409000,409000
061818,富邦金群益9C購01,0,0,0,0,0,0,0,0,0,409000,0,0,0,515000,106000,409000,409000
062290,聯發科富邦9C購04,0,0,0,0,0,0,0,0,0,408000,0,0,0,408000,0,408000,408000
060253,昇陽半元大9C購01,0,0,0,0,0,0,0,0,0,407000,0,0,0,433000,26000,407000,407000
062126,創意統一9B購01  ,0,0,0,0,0,0,0,0,0,407000,0,0,0,476000,69000,407000,407000
056095,臻鼎元富9A購01  ,40000,0,40000,0,0,0,0,0,0,364000,0,0,0,663000,299000,364000,404000
063958,瑞祺元大9C購01  ,0,0,0,0,0,0,0,0,0,403000,0,0,0,563000,160000,403000,403000
08275P,南亞科元富9C售01,0,0,0,0,0,0,0,0,0,402000,0,0,0,506000,104000,402000,402000
064855,聯發科國泰02購01,0,0,0,0,0,0,0,0,0,401000,0,0,0,421000,20000,401000,401000
065061,聯發科群益9C購08,0,0,0,0,0,0,0,0,0,401000,0,0,0,410000,9000,401000,401000
07545P,玉晶光凱基9A售07,0,0,0,0,0,0,0,0,0,400000,0,0,0,400000,0,400000,400000
07887P,台積電國票9C售03,0,0,0,0,0,0,0,0,0,400000,0,0,0,400000,0,400000,400000
07845P,南亞科元大9A售08,0,0,0,0,0,0,0,0,0,400000,0,0,0,407000,7000,400000,400000
06689P,鴻海中信9C售02  ,0,0,0,0,0,0,0,0,0,400000,0,0,0,400000,0,400000,400000
065995,台虹永豐01購01  ,0,0,0,0,0,0,0,0,0,400000,0,0,0,556000,156000,400000,400000
055963,欣興元大97購04  ,0,0,0,0,0,0,0,0,0,400000,0,0,0,400000,0,400000,400000
062105,國巨國票9C購03  ,0,0,0,0,0,0,0,0,0,400000,0,0,0,422000,22000,400000,400000
063093,國產國票9B購01  ,0,0,0,0,0,0,0,0,0,400000,0,0,0,489000,89000,400000,400000
2406,國碩            ,501000,48000,453000,0,0,0,0,0,0,-53000,7000,60000,-53000,0,0,0,400000
064824,台積電統一02購03,0,0,0,0,0,0,0,0,0,399000,0,0,0,400000,1000,399000,399000
064925,和碩統一02購01  ,0,0,0,0,0,0,0,0,0,399000,0,0,0,559000,160000,399000,399000
055106,台積電凱基98購05,0,0,0,0,0,0,0,0,0,396000,0,0,0,396000,0,396000,396000
060316,福懋科永豐9A購01,0,0,0,0,0,0,0,0,0,395000,0,0,0,522000,127000,395000,395000
3406,玉晶光          ,1512015,1084000,428015,0,0,0,0,99000,-99000,65000,136000,63000,73000,42000,50000,-8000,394015
03658C,T50反1元大9A牛02,0,0,0,0,0,0,0,0,0,394000,0,0,0,400000,6000,394000,394000
2534,宏盛            ,493000,104000,389000,0,0,0,0,0,0,5000,5000,0,5000,0,0,0,394000
2376,技嘉            ,1639000,1037000,602000,0,0,0,500000,319000,181000,-392000,320000,336000,-16000,143000,519000,-376000,391000
08615P,同欣電統一9C售02,0,0,0,0,0,0,0,0,0,391000,0,0,0,466000,75000,391000,391000
1319,東陽            ,437000,44000,393000,0,0,0,0,0,0,-2000,8000,10000,-2000,0,0,0,391000
064656,聚陽元大9C購03  ,0,0,0,0,0,0,0,0,0,390000,0,0,0,410000,20000,390000,390000
061775,臺指反國票9B購04,0,0,0,0,0,0,0,0,0,388000,0,0,0,410000,22000,388000,388000
07149P,健鼎元大99售03  ,0,0,0,0,0,0,0,0,0,387000,0,0,0,597000,210000,387000,387000
053381,友達元大9A購02  ,0,0,0,0,0,0,0,0,0,385000,0,0,0,741000,356000,385000,385000
056459,茂林凱基99購01  ,0,0,0,0,0,0,0,0,0,385000,0,0,0,629000,244000,385000,385000
064468,健策元富9C購02  ,0,0,0,0,0,0,0,0,0,385000,0,0,0,500000,115000,385000,385000
6168,宏齊            ,425000,44000,381000,0,0,0,0,0,0,4000,4000,0,4000,0,0,0,385000
065014,南電國泰01購01  ,0,0,0,0,0,0,0,0,0,384000,0,0,0,395000,11000,384000,384000
063204,高鐵統一9C購01  ,0,0,0,0,0,0,0,0,0,384000,0,0,0,416000,32000,384000,384000
064926,臻鼎統一02購01  ,0,0,0,0,0,0,0,0,0,383000,0,0,0,533000,150000,383000,383000
00703,台新MSCI中國    ,0,0,0,0,0,0,0,0,0,382102,0,0,0,534102,152000,382102,382102
065482,立積元大01購02  ,0,0,0,0,0,0,0,0,0,382000,0,0,0,547000,165000,382000,382000
061187,瀚宇博國泰9C購01,0,0,0,0,0,0,0,0,0,381000,0,0,0,537000,156000,381000,381000
065401,立積群益9C購01  ,0,0,0,0,0,0,0,0,0,380000,0,0,0,409000,29000,380000,380000
3024,憶聲            ,883000,503000,380000,0,0,0,0,0,0,0,0,0,0,0,0,0,380000
063575,矽格元大9B購02  ,0,0,0,0,0,0,0,0,0,379000,0,0,0,591000,212000,379000,379000
06177P,玉晶光元大98售07,0,0,0,0,0,0,0,0,0,378000,0,0,0,378000,0,378000,378000
6582,申豐            ,472000,118000,354000,0,0,0,0,0,0,23000,23000,0,23000,0,0,0,377000
5522,遠雄            ,545000,181000,364000,0,0,0,0,0,0,11000,11000,0,11000,0,0,0,375000
06995P,臺股指凱基99售16,0,0,0,0,0,0,0,0,0,374000,0,0,0,374000,0,374000,374000
08120P,南亞科國票9C售01,0,0,0,0,0,0,0,0,0,374000,0,0,0,374000,0,374000,374000
065648,華擎元大01購02  ,0,0,0,0,0,0,0,0,0,373000,0,0,0,842000,469000,373000,373000
00713,元大台灣高息低波,53000,4000,49000,0,0,0,0,0,0,323000,0,0,0,402000,79000,323000,372000
065021,貿聯富邦03購01  ,0,0,0,0,0,0,0,0,0,371000,0,0,0,889000,518000,371000,371000
060922,金像電永豐9A購01,0,0,0,0,0,0,0,0,0,371000,0,0,0,374000,3000,371000,371000
060908,金像電元大9A購03,0,0,0,0,0,0,0,0,0,371000,0,0,0,486000,115000,371000,371000
056676,國產元富98購01  ,0,0,0,0,0,0,0,0,0,370000,0,0,0,580000,210000,370000,370000
1325,恆大            ,650000,190000,460000,0,0,0,0,72000,-72000,-18000,16000,34000,-18000,0,0,0,370000
065289,冠德群益9C購01  ,0,0,0,0,0,0,0,0,0,369000,0,0,0,398000,29000,369000,369000
08055P,臺股指國票9B售20,0,0,0,0,0,0,0,0,0,369000,0,0,0,449000,80000,369000,369000
063851,健策元大01購01  ,0,0,0,0,0,0,0,0,0,368000,0,0,0,728000,360000,368000,368000
063435,儒鴻統一01購02  ,0,0,0,0,0,0,0,0,0,367000,0,0,0,477000,110000,367000,367000
065315,玉晶光中信03購02,0,0,0,0,0,0,0,0,0,365000,0,0,0,944000,579000,365000,365000
060047,道瓊反凱基99購01,0,0,0,0,0,0,0,0,0,365000,0,0,0,500000,135000,365000,365000
08000P,奇鋐凱基9B售03  ,0,0,0,0,0,0,0,0,0,365000,0,0,0,375000,10000,365000,365000
062786,立積元大9C購03  ,0,0,0,0,0,0,0,0,0,363000,0,0,0,643000,280000,363000,363000
6558,興能高          ,454000,92000,362000,0,0,0,0,0,0,1000,1000,0,1000,0,0,0,363000
060907,金像電元大9A購02,0,0,0,0,0,0,0,0,0,362000,0,0,0,480000,118000,362000,362000
064490,金像電元大9C購02,0,0,0,0,0,0,0,0,0,362000,0,0,0,477000,115000,362000,362000
1598,岱宇            ,1093000,725000,368000,0,0,0,0,0,0,-6000,0,6000,-6000,0,0,0,362000
2031,新光鋼          ,414000,55000,359000,0,0,0,0,0,0,3000,3000,0,3000,0,0,0,362000
07300P,臺股指元大9A售33,0,0,0,0,0,0,0,0,0,360000,0,0,0,400000,40000,360000,360000
057084,立積統一9B購01  ,0,0,0,0,0,0,0,0,0,360000,0,0,0,390000,30000,360000,360000
058611,欣興元大99購06  ,0,0,0,0,0,0,0,0,0,360000,0,0,0,418000,58000,360000,360000
056769,國產元大98購01  ,0,0,0,0,0,0,0,0,0,359000,0,0,0,359000,0,359000,359000
063639,華擎元大9C購03  ,0,0,0,0,0,0,0,0,0,359000,0,0,0,636000,277000,359000,359000
064625,健策元大01購02  ,0,0,0,0,0,0,0,0,0,358000,0,0,0,903000,545000,358000,358000
056584,鴻海統一9B購01  ,0,0,0,0,0,0,0,0,0,357000,0,0,0,1993000,1636000,357000,357000
065605,義隆元大01購02  ,0,0,0,0,0,0,0,0,0,355000,0,0,0,448000,93000,355000,355000
064805,金像電元大9C購04,0,0,0,0,0,0,0,0,0,354000,0,0,0,444000,90000,354000,354000
065102,同欣電元大9C購07,0,0,0,0,0,0,0,0,0,354000,0,0,0,381000,27000,354000,354000
060315,易華電永豐9A購01,0,0,0,0,0,0,0,0,0,354000,0,0,0,384000,30000,354000,354000
062407,同欣電永豐9B購01,0,0,0,0,0,0,0,0,0,353000,0,0,0,353000,0,353000,353000
065573,新日興群益01購02,0,0,0,0,0,0,0,0,0,351000,0,0,0,351000,0,351000,351000
06731P,聯茂元大98售05  ,0,0,0,0,0,0,0,0,0,350000,0,0,0,350000,0,350000,350000
056753,群創兆豐98購02  ,0,0,0,0,0,0,0,0,0,350000,0,0,0,370000,20000,350000,350000
058650,台虹永豐9A購01  ,0,0,0,0,0,0,0,0,0,350000,0,0,0,515000,165000,350000,350000
058736,鈺齊永豐99購02  ,0,0,0,0,0,0,0,0,0,350000,0,0,0,430000,80000,350000,350000
065002,致茂國票01購01  ,0,0,0,0,0,0,0,0,0,349000,0,0,0,392000,43000,349000,349000
054072,台積電富邦98購02,0,0,0,0,0,0,0,0,0,349000,0,0,0,349000,0,349000,349000
058321,大立光永豐99購01,0,0,0,0,0,0,0,0,0,349000,0,0,0,499000,150000,349000,349000
063493,金像電富邦01購01,0,0,0,0,0,0,0,0,0,349000,0,0,0,813000,464000,349000,349000
08384P,臺股指群益9C售12,0,0,0,0,0,0,0,0,0,349000,0,0,0,380000,31000,349000,349000
065562,同欣電麥證9C購04,0,0,0,349000,1000,348000,0,0,0,348000,0,0,0,349000,1000,348000,348000
064375,智邦元富03購01  ,0,0,0,0,0,0,0,0,0,348000,0,0,0,857000,509000,348000,348000
061996,矽格元大9B購01  ,0,0,0,0,0,0,0,0,0,348000,0,0,0,507000,159000,348000,348000
057087,台郡統一99購01  ,0,0,0,0,0,0,0,0,0,346000,0,0,0,793000,447000,346000,346000
064464,台郡統一01購01  ,0,0,0,0,0,0,0,0,0,344000,0,0,0,1100000,756000,344000,344000
056463,台虹凱基98購02  ,0,0,0,0,0,0,0,0,0,343000,0,0,0,358000,15000,343000,343000
063322,台郡群益9B購02  ,0,0,0,0,0,0,0,0,0,342000,0,0,0,504000,162000,342000,342000
2461,光群雷          ,415000,78000,337000,0,0,0,0,0,0,5000,5000,0,5000,0,0,0,342000
063326,正隆國票9B購01  ,0,0,0,0,0,0,0,0,0,341000,0,0,0,371000,30000,341000,341000
063895,新光金群益01購01,0,0,0,0,0,0,0,0,0,341000,0,0,0,432000,91000,341000,341000
062170,健策永豐9B購04  ,0,0,0,0,0,0,0,0,0,341000,0,0,0,679000,338000,341000,341000
063082,瑞昱凱基9B購04  ,0,0,0,0,0,0,0,0,0,341000,0,0,0,380000,39000,341000,341000
050283,T50反1凱基9A購01,0,0,0,0,0,0,0,0,0,340000,0,0,0,340000,0,340000,340000
063740,矽格元大9B購03  ,0,0,0,0,0,0,0,0,0,340000,0,0,0,519000,179000,340000,340000
055570,華通統一98購03  ,0,0,0,0,0,0,0,0,0,339000,0,0,0,365000,26000,339000,339000
064136,致新元大9C購01  ,0,0,0,0,0,0,0,0,0,339000,0,0,0,449000,110000,339000,339000
5519,隆大            ,344000,5000,339000,0,0,0,0,0,0,0,0,0,0,0,0,0,339000
064589,聯鈞永豐9C購01  ,0,0,0,0,0,0,0,0,0,338000,0,0,0,463000,125000,338000,338000
07685P,玉晶光凱基9B售03,0,0,0,0,0,0,0,0,0,338000,0,0,0,400000,62000,338000,338000
057063,立積國泰9A購01  ,0,0,0,0,0,0,0,0,0,338000,0,0,0,355000,17000,338000,338000
064134,瑞祺元大9C購02  ,0,0,0,0,0,0,0,0,0,337000,0,0,0,462000,125000,337000,337000
2375,凱美            ,441000,129000,312000,0,0,0,0,0,0,25000,3000,0,3000,23000,1000,22000,337000
05625P,國巨國票97售01  ,0,0,0,0,0,0,0,0,0,336000,0,0,0,336000,0,336000,336000
064808,國產元大9C購02  ,0,0,0,0,0,0,0,0,0,335000,0,0,0,482000,147000,335000,335000
065200,健策元富9C購04  ,0,0,0,0,0,0,0,0,0,335000,0,0,0,476000,141000,335000,335000
057479,致茂元大98購03  ,0,0,0,0,0,0,0,0,0,335000,0,0,0,335000,0,335000,335000
064460,健策統一9C購03  ,35000,15000,20000,0,0,0,0,0,0,315000,0,0,0,628000,313000,315000,335000
055651,富邦金元富97購01,0,0,0,0,0,0,0,0,0,334000,0,0,0,334000,0,334000,334000
4133,亞諾法          ,355000,22000,333000,0,0,0,0,0,0,1000,1000,0,1000,0,0,0,334000
065399,新日興群益01購01,0,0,0,0,0,0,0,0,0,333000,0,0,0,333000,0,333000,333000
07906P,中租群益9B售02  ,0,0,0,0,0,0,0,0,0,333000,0,0,0,333000,0,333000,333000
057980,聯詠永豐98購01  ,0,0,0,0,0,0,0,0,0,333000,0,0,0,448000,115000,333000,333000
060634,矽創富邦9B購01  ,0,0,0,0,0,0,0,0,0,332000,0,0,0,332000,0,332000,332000
065343,智邦統一01購03  ,0,0,0,0,0,0,0,0,0,331000,0,0,0,560000,229000,331000,331000
057515,智原元富98購02  ,0,0,0,0,0,0,0,0,0,331000,0,0,0,463000,132000,331000,331000
061546,大立光群益9A購05,0,0,0,0,0,0,0,0,0,331000,0,0,0,346000,15000,331000,331000
062086,瑞祺元大9B購01  ,0,0,0,0,0,0,0,0,0,331000,0,0,0,438000,107000,331000,331000
08371P,京元電凱基9C售01,0,0,0,0,0,0,0,0,0,331000,0,0,0,381000,50000,331000,331000
056130,新日興麥證97購01,0,0,0,430000,101000,329000,0,0,0,329000,0,0,0,430000,101000,329000,329000
063462,金像電元大9C購01,0,0,0,0,0,0,0,0,0,328000,0,0,0,354000,26000,328000,328000
2204,中華            ,399000,68000,331000,0,0,0,0,0,0,-3000,7000,10000,-3000,0,0,0,328000
07993P,寶成群益9B售01  ,0,0,0,0,0,0,0,0,0,327000,0,0,0,327000,0,327000,327000
054371,台積電中信9C購01,0,0,0,0,0,0,0,0,0,327000,0,0,0,347000,20000,327000,327000
8103,瀚荃            ,385000,61000,324000,0,0,0,0,0,0,3000,3000,0,3000,0,0,0,327000
07000P,T50反1元大99售03,0,0,0,0,0,0,0,0,0,325000,0,0,0,400000,75000,325000,325000
064825,英業達統一9C購01,0,0,0,0,0,0,0,0,0,325000,0,0,0,325000,0,325000,325000
055652,聯詠元富01購01  ,0,0,0,0,0,0,0,0,0,325000,0,0,0,814000,489000,325000,325000
061822,和潤群益9B購01  ,0,0,0,0,0,0,0,0,0,325000,0,0,0,325000,0,325000,325000
058050,台郡元大99購05  ,0,0,0,0,0,0,0,0,0,325000,0,0,0,489000,164000,325000,325000
064081,國產中信06購01  ,0,0,0,0,0,0,0,0,0,325000,0,0,0,522000,197000,325000,325000
9944,新麗            ,368000,45000,323000,0,0,0,0,0,0,2000,2000,0,2000,0,0,0,325000
2836,高雄銀          ,365000,54000,311000,0,0,0,0,0,0,14000,14000,0,14000,0,0,0,325000
06962P,華新科永豐99售01,0,0,0,0,0,0,0,0,0,324000,0,0,0,409000,85000,324000,324000
1455,集盛            ,426000,113000,313000,0,0,0,0,0,0,10000,10000,0,10000,0,0,0,323000
064709,瑞祺永豐9C購01  ,0,0,0,0,0,0,0,0,0,322000,0,0,0,677000,355000,322000,322000
057011,日月光中信99購01,0,0,0,0,0,0,0,0,0,322000,0,0,0,520000,198000,322000,322000
8271,宇瞻            ,510000,65000,445000,0,0,0,0,0,0,-123000,5000,128000,-123000,0,0,0,322000
2912,統一超          ,644958,344000,300958,0,0,0,0,6000,-6000,27000,28000,0,28000,0,1000,-1000,321958
6226,光鼎            ,403000,86000,317000,0,0,0,0,0,0,4000,4000,0,4000,0,0,0,321000
060722,矽格永豐9A購01  ,0,0,0,0,0,0,0,0,0,320000,0,0,0,483000,163000,320000,320000
061172,大立光麥證9A購02,0,0,0,320000,0,320000,0,0,0,320000,0,0,0,320000,0,320000,320000
061813,鴻海群益9B購02  ,0,0,0,0,0,0,0,0,0,320000,0,0,0,320000,0,320000,320000
064147,瑞昱統一01購04  ,0,0,0,0,0,0,0,0,0,320000,0,0,0,1332000,1012000,320000,320000
9914,美利達          ,410000,147000,263000,0,0,0,153000,0,153000,-96000,5000,101000,-96000,0,0,0,320000
064810,嘉晶元大01購01  ,0,0,0,0,0,0,0,0,0,319000,0,0,0,429000,110000,319000,319000
05889P,群創元大98售02  ,0,0,0,0,0,0,0,0,0,318000,0,0,0,328000,10000,318000,318000
3605,宏致            ,352000,38000,314000,0,0,0,0,0,0,4000,4000,0,4000,0,0,0,318000
064883,GIS兆豐01購01   ,0,0,0,0,0,0,0,0,0,317000,0,0,0,577000,260000,317000,317000
064984,同欣電元大9C購06,0,0,0,0,0,0,0,0,0,316000,0,0,0,418000,102000,316000,316000
060625,華擎元大9A購01  ,0,0,0,0,0,0,0,0,0,316000,0,0,0,551000,235000,316000,316000
064816,訊芯元大9C購01  ,0,0,0,0,0,0,0,0,0,314000,0,0,0,438000,124000,314000,314000
065214,友達國泰01購01  ,0,0,0,0,0,0,0,0,0,314000,0,0,0,600000,286000,314000,314000
064182,臻鼎富邦01購01  ,0,0,0,0,0,0,0,0,0,313000,0,0,0,313000,0,313000,313000
063915,祥碩凱基01購01  ,0,0,0,0,0,0,0,0,0,313000,0,0,0,424000,111000,313000,313000
2501,國建            ,470000,168000,302000,0,0,0,0,0,0,11000,11000,0,11000,0,0,0,313000
060631,微星富邦9B購01  ,0,0,0,0,0,0,0,0,0,312000,0,0,0,409000,97000,312000,312000
053860,台積電元大98購03,0,0,0,0,0,0,0,0,0,311000,0,0,0,311000,0,311000,311000
063904,大立光麥證01購01,0,0,0,315000,0,315000,0,0,0,311000,0,0,0,315000,4000,311000,311000
2362,藍天            ,363000,55000,308000,0,0,0,0,0,0,2000,2000,0,2000,0,0,0,310000
2492,華新科          ,2108607,1817000,291607,0,0,0,0,342000,-342000,360000,187000,41000,146000,299000,85000,214000,309607
064909,華擎麥證9C購01  ,0,0,0,422000,154000,268000,0,0,0,309000,0,0,0,463000,154000,309000,309000
061450,嘉晶中信9A購01  ,0,0,0,0,0,0,0,0,0,309000,0,0,0,320000,11000,309000,309000
061580,華擎元大9A購06  ,0,0,0,0,0,0,0,0,0,307000,0,0,0,327000,20000,307000,307000
064363,聯發科統一9C購14,0,0,0,0,0,0,0,0,0,307000,0,0,0,347000,40000,307000,307000
063138,聯發科統一01購05,0,0,0,0,0,0,0,0,0,307000,0,0,0,442000,135000,307000,307000
060707,台郡富邦9A購01  ,0,0,0,0,0,0,0,0,0,306000,0,0,0,367000,61000,306000,306000
2923,鼎固-KY         ,306000,7000,299000,0,0,0,0,0,0,7000,7000,0,7000,0,0,0,306000
048383,元金2X國票99購01,0,0,0,0,0,0,0,0,0,305000,0,0,0,320000,15000,305000,305000
9919,康那香          ,829000,526000,303000,0,0,0,0,0,0,2000,2000,0,2000,0,0,0,305000
00737,國泰AI+Robo     ,411000,0,411000,0,0,0,0,0,0,-107000,0,0,0,172000,279000,-107000,304000
062807,和碩統一9B購01  ,0,0,0,0,0,0,0,0,0,304000,0,0,0,323000,19000,304000,304000
063357,聯發科國泰01購04,0,10000,-10000,0,0,0,0,0,0,314000,0,0,0,395000,81000,314000,304000
061318,智邦凱基9B購01  ,0,0,0,0,0,0,0,0,0,303000,0,0,0,325000,22000,303000,303000
07864P,可成元大9B售01  ,0,0,0,0,0,0,0,0,0,302000,0,0,0,302000,0,302000,302000
055869,臺股指元大97購08,0,0,0,0,0,0,0,0,0,302000,102000,0,102000,200000,0,200000,302000
063164,聯發科永豐9B購03,0,0,0,0,0,0,0,0,0,302000,0,0,0,508000,206000,302000,302000
08387P,臺股指群益9C售15,0,0,0,0,0,0,0,0,0,302000,0,0,0,681000,379000,302000,302000
00875,國泰網路資安    ,165000,0,165000,0,0,0,0,0,0,136000,0,0,0,257000,121000,136000,301000
063394,金像電群益9B購01,0,0,0,0,0,0,0,0,0,301000,0,0,0,382000,81000,301000,301000
08376P,南亞科元富9C售03,0,0,0,0,0,0,0,0,0,301000,0,0,0,306000,5000,301000,301000
056687,元大金統一98購01,0,0,0,0,0,0,0,0,0,300000,0,0,0,300000,0,300000,300000
062379,致新元大9B購01  ,0,0,0,0,0,0,0,0,0,300000,0,0,0,477000,177000,300000,300000
07103P,南電元大99售04  ,0,0,0,0,0,0,0,0,0,299000,0,0,0,299000,0,299000,299000
057178,可成元大98購03  ,0,0,0,0,0,0,0,0,0,299000,0,0,0,399000,100000,299000,299000
058062,上銀中信98購01  ,0,0,0,0,0,0,0,0,0,299000,0,0,0,400000,101000,299000,299000
063163,京元電永豐9B購01,0,0,0,0,0,0,0,0,0,299000,0,0,0,395000,96000,299000,299000
065191,南電統一01購03  ,0,0,0,0,0,0,0,0,0,298000,0,0,0,299000,1000,298000,298000
059646,聯茂凱基99購06  ,0,0,0,0,0,0,0,0,0,298000,0,0,0,379000,81000,298000,298000
063116,大立光麥證9C購01,0,0,0,298000,0,298000,0,0,0,298000,0,0,0,298000,0,298000,298000
062220,台光電統一01購01,0,0,0,0,0,0,0,0,0,297000,0,0,0,365000,68000,297000,297000
065869,微星群益02購01  ,0,0,0,0,0,0,0,0,0,295000,0,0,0,369000,74000,295000,295000
062087,瑞祺元大9B購02  ,0,0,0,0,0,0,0,0,0,295000,0,0,0,520000,225000,295000,295000
063381,和潤永豐9B購01  ,0,0,0,0,0,0,0,0,0,295000,0,0,0,357000,62000,295000,295000
6142,友勁            ,318000,67000,251000,0,0,0,0,0,0,44000,44000,0,44000,0,0,0,295000
065848,聯詠元大9C購03  ,0,0,0,0,0,0,0,0,0,294000,0,0,0,1127000,833000,294000,294000
065498,台積電富邦04購02,0,0,0,0,0,0,0,0,0,294000,0,0,0,516000,222000,294000,294000
065462,聯發科中信03購02,0,0,0,0,0,0,0,0,0,293000,0,0,0,300000,7000,293000,293000
055907,台虹兆豐98購01  ,0,0,0,0,0,0,0,0,0,293000,0,0,0,450000,157000,293000,293000
063390,嘉晶兆豐9B購01  ,0,0,0,0,0,0,0,0,0,293000,0,0,0,437000,144000,293000,293000
061212,聯鈞元大9A購04  ,0,0,0,0,0,0,0,0,0,292000,0,0,0,351000,59000,292000,292000
058147,鈺齊元大99購01  ,0,0,0,0,0,0,0,0,0,292000,0,0,0,292000,0,292000,292000
05887P,友達元富99售03  ,0,0,0,0,0,0,0,0,0,291000,0,0,0,449000,158000,291000,291000
059090,台新金元大99購01,0,0,0,0,0,0,0,0,0,291000,0,0,0,300000,9000,291000,291000
064290,GIS元大9C購04   ,0,0,0,0,0,0,0,0,0,291000,0,0,0,403000,112000,291000,291000
064862,創意富邦03購01  ,0,0,0,0,0,0,0,0,0,290000,0,0,0,290000,0,290000,290000
064511,GIS元大9C購05   ,0,0,0,0,0,0,0,0,0,290000,0,0,0,348000,58000,290000,290000
051530,鴻海國票97購01  ,0,0,0,0,0,0,0,0,0,290000,0,0,0,290000,0,290000,290000
059295,大立光元富99購05,0,0,0,0,0,0,0,0,0,290000,0,0,0,430000,140000,290000,290000
051911,大立光元大98購02,0,0,0,0,0,0,0,0,0,289000,0,0,0,296000,7000,289000,289000
063541,華擎元富9B購02  ,0,0,0,0,0,0,0,0,0,289000,0,0,0,815000,526000,289000,289000
2538,基泰            ,455000,167000,288000,0,0,0,0,0,0,1000,1000,0,1000,0,0,0,289000
065250,同欣電麥證9C購01,0,0,0,380000,83000,297000,0,0,0,288000,0,0,0,380000,92000,288000,288000
063448,聯發科統一9C購11,0,0,0,0,0,0,0,0,0,288000,0,0,0,380000,92000,288000,288000
2471,資通            ,331000,46000,285000,0,0,0,0,0,0,3000,3000,0,3000,0,0,0,288000
3705,永信            ,352000,71000,281000,0,0,0,0,0,0,7000,6000,2000,4000,3000,0,3000,288000
065971,金像電元大02購01,0,0,0,0,0,0,0,0,0,287000,0,0,0,293000,6000,287000,287000
065302,聯發科元富03購04,0,0,0,0,0,0,0,0,0,286000,0,0,0,286000,0,286000,286000
3030,德律            ,373000,90000,283000,0,0,0,0,0,0,3000,4000,1000,3000,0,0,0,286000
08628P,微星中信9C售01  ,0,0,0,0,0,0,0,0,0,286000,0,0,0,316000,30000,286000,286000
054819,裕民元大9A購01  ,0,0,0,0,0,0,0,0,0,285000,0,0,0,359000,74000,285000,285000
1612,宏泰            ,285000,0,285000,0,0,0,0,0,0,0,0,0,0,0,0,0,285000
064771,貿聯中信01購01  ,0,0,0,0,0,0,0,0,0,284000,0,0,0,307000,23000,284000,284000
065094,新日興元大9C購04,0,0,0,0,0,0,0,0,0,284000,0,0,0,493000,209000,284000,284000
063434,和潤元富9B購01  ,0,0,0,0,0,0,0,0,0,284000,0,0,0,436000,152000,284000,284000
065816,聯發科元富03購07,0,0,0,0,0,0,0,0,0,283000,0,0,0,544000,261000,283000,283000
06905P,上証2X國泰99售02,0,0,0,0,0,0,0,0,0,283000,0,0,0,300000,17000,283000,283000
061173,T50反1凱基04購01,0,0,0,0,0,0,0,0,0,283000,0,0,0,300000,17000,283000,283000
060251,易華電元大9C購01,0,0,0,0,0,0,0,0,0,282000,0,0,0,300000,18000,282000,282000
062655,漢唐永豐9B購01  ,0,0,0,0,0,0,0,0,0,282000,0,0,0,466000,184000,282000,282000
051948,滬深2X元富9B購01,0,0,0,0,0,0,0,0,0,280000,0,0,0,300000,20000,280000,280000
055207,致新中信99購01  ,0,0,0,0,0,0,0,0,0,280000,0,0,0,280000,0,280000,280000
3209,全科            ,281000,3000,278000,0,0,0,0,0,0,2000,2000,0,2000,0,0,0,280000
07708P,玉晶光元大9A售13,0,0,0,0,0,0,0,0,0,279000,0,0,0,335000,56000,279000,279000
06652P,長榮航元大98售01,0,0,0,0,0,0,0,0,0,279000,0,0,0,479000,200000,279000,279000
063623,祥碩兆豐9B購02  ,0,0,0,0,0,0,0,0,0,279000,0,0,0,288000,9000,279000,279000
064690,台光電群益9C購02,0,0,0,0,0,0,0,0,0,277000,0,0,0,338000,61000,277000,277000
064549,神基凱基9C購01  ,0,0,0,0,0,0,0,0,0,277000,0,0,0,397000,120000,277000,277000
057704,台虹群益98購03  ,0,0,0,0,0,0,0,0,0,277000,0,0,0,277000,0,277000,277000
8210,勤誠            ,310000,76000,234000,0,0,0,0,0,0,43000,0,0,0,47000,4000,43000,277000
6416,瑞祺電通        ,496000,335000,161000,0,0,0,92000,0,92000,24000,171000,98000,73000,71000,120000,-49000,277000
058588,致茂中信9B購01  ,0,0,0,0,0,0,0,0,0,275000,0,0,0,309000,34000,275000,275000
063632,金像電元大9B購04,0,0,0,0,0,0,0,0,0,275000,0,0,0,286000,11000,275000,275000
057447,智邦元富02購01  ,0,0,0,0,0,0,0,0,0,274000,0,0,0,327000,53000,274000,274000
063766,南茂元富9B購01  ,0,0,0,0,0,0,0,0,0,274000,0,0,0,419000,145000,274000,274000
063951,新日興元大9C購01,0,0,0,0,0,0,0,0,0,274000,0,0,0,428000,154000,274000,274000
08178P,南亞科元大9B售01,0,0,0,0,0,0,0,0,0,274000,0,0,0,274000,0,274000,274000
1216,統一            ,5168274,4848965,319309,0,0,0,0,49000,-49000,3000,0,0,0,4000,1000,3000,273309
060888,金像電統一9C購01,0,0,0,0,0,0,0,0,0,273000,0,0,0,472000,199000,273000,273000
058429,欣興元富99購01  ,0,0,0,0,0,0,0,0,0,273000,0,0,0,273000,0,273000,273000
061922,瑞昱凱基9B購01  ,0,0,0,0,0,0,0,0,0,273000,0,0,0,362000,89000,273000,273000
8464,億豐            ,699186,440000,259186,0,0,0,0,1000,-1000,14000,5000,0,5000,10000,1000,9000,272186
055679,華通凱基99購01  ,0,0,0,0,0,0,0,0,0,272000,0,0,0,322000,50000,272000,272000
060929,健策永豐9A購01  ,0,0,0,0,0,0,0,0,0,272000,0,0,0,275000,3000,272000,272000
062846,國泰金富邦9C購01,0,0,0,0,0,0,0,0,0,272000,0,0,0,512000,240000,272000,272000
6412,群電            ,317000,52000,265000,0,0,0,0,1000,-1000,8000,8000,0,8000,0,0,0,272000
056583,昇陽半元大98購02,0,0,0,0,0,0,0,0,0,271000,0,0,0,275000,4000,271000,271000
1447,力鵬            ,420000,178000,242000,0,0,0,0,0,0,29000,29000,0,29000,0,0,0,271000
060410,台苯永豐9A購01  ,0,0,0,0,0,0,0,0,0,270000,0,0,0,310000,40000,270000,270000
064174,致新元富9C購02  ,0,0,0,0,0,0,0,0,0,270000,0,0,0,653000,383000,270000,270000
064128,國產元大9C購01  ,0,0,0,0,0,0,0,0,0,270000,0,0,0,320000,50000,270000,270000
065560,同欣電麥證9C購02,0,0,0,302000,0,302000,0,0,0,269000,0,0,0,302000,33000,269000,269000
061600,聯電凱基9B購01  ,0,0,0,0,0,0,0,0,0,269000,0,0,0,290000,21000,269000,269000
063268,GIS中信9B購01   ,0,0,0,0,0,0,0,0,0,269000,0,0,0,381000,112000,269000,269000
3703,欣陸            ,243000,80000,163000,0,0,0,0,0,0,106000,106000,0,106000,0,0,0,269000
064948,致茂凱基01購01  ,0,0,0,0,0,0,0,0,0,268000,0,0,0,307000,39000,268000,268000
057798,貿聯兆豐99購01  ,0,0,0,0,0,0,0,0,0,268000,0,0,0,385000,117000,268000,268000
1452,宏益            ,238000,7000,231000,0,0,0,0,0,0,37000,37000,0,37000,0,0,0,268000
064669,健策元大01購03  ,0,0,0,0,0,0,0,0,0,266000,0,0,0,628000,362000,266000,266000
057743,華擎永豐98購03  ,0,0,0,0,0,0,0,0,0,266000,0,0,0,313000,47000,266000,266000
065680,聯發科統一9C購16,0,0,0,0,0,0,0,0,0,265000,0,0,0,411000,146000,265000,265000
057437,可成國票99購01  ,0,0,0,0,0,0,0,0,0,265000,0,0,0,285000,20000,265000,265000
061376,瑞昱永豐9A購02  ,0,0,0,0,0,0,0,0,0,265000,0,0,0,317000,52000,265000,265000
062761,嘉晶凱基9C購01  ,0,0,0,0,0,0,0,0,0,265000,0,0,0,321000,56000,265000,265000
065215,義隆國泰02購02  ,0,0,0,0,0,0,0,0,0,264000,0,0,0,626000,362000,264000,264000
00762,元大全球AI      ,0,0,0,0,0,0,0,0,0,264000,0,0,0,274000,10000,264000,264000
08246P,亞德客群益01售01,0,0,0,0,0,0,0,0,0,264000,0,0,0,355000,91000,264000,264000
064062,創意國泰01購01  ,0,0,0,0,0,0,0,0,0,263000,0,0,0,263000,0,263000,263000
1464,得力            ,298000,39000,259000,0,0,0,0,0,0,4000,2000,0,2000,9000,7000,2000,263000
065664,矽格永豐9C購01  ,0,0,0,0,0,0,0,0,0,262000,0,0,0,340000,78000,262000,262000
07174P,臺股指國票99售11,0,0,0,0,0,0,0,0,0,262000,0,0,0,560000,298000,262000,262000
2428,興勤            ,288000,107000,181000,0,0,0,0,0,0,81000,1000,0,1000,83000,3000,80000,262000
07788P,華新科群益9A售08,0,0,0,0,0,0,0,0,0,261000,0,0,0,261000,0,261000,261000
065815,微星元富9C購01  ,0,0,0,0,0,0,0,0,0,261000,0,0,0,373000,112000,261000,261000
061297,台積電富邦9C購09,0,0,0,0,0,0,0,0,0,261000,0,0,0,263000,2000,261000,261000
062488,台光電永豐9B購02,0,0,0,0,0,0,0,0,0,261000,0,0,0,329000,68000,261000,261000
5607,遠雄港          ,351000,60000,291000,0,0,0,0,0,0,-30000,3000,0,3000,0,33000,-33000,261000
4532,瑞智            ,358000,54000,304000,0,0,0,0,0,0,-43000,7000,50000,-43000,0,0,0,261000
058325,昇陽半永豐99購01,0,0,0,0,0,0,0,0,0,260000,0,0,0,535000,275000,260000,260000
2913,農林            ,303000,66000,237000,0,0,0,0,0,0,23000,23000,0,23000,0,0,0,260000
065202,南電元富06購01  ,0,0,0,0,0,0,0,0,0,259000,0,0,0,280000,21000,259000,259000
064763,祥碩凱基02購01  ,0,0,0,0,0,0,0,0,0,259000,0,0,0,480000,221000,259000,259000
057973,神達富邦9A購01  ,0,0,0,0,0,0,0,0,0,259000,0,0,0,719000,460000,259000,259000
07838P,泰碩元大9A售04  ,0,0,0,0,0,0,0,0,0,258000,0,0,0,288000,30000,258000,258000
2049,上銀            ,847543,699434,148109,0,0,0,0,1000,-1000,110000,21000,0,21000,99000,10000,89000,257109
062546,新日興永豐9B購01,0,0,0,0,0,0,0,0,0,257000,0,0,0,528000,271000,257000,257000
065088,可成元大9C購09  ,0,0,0,0,0,0,0,0,0,256000,0,0,0,316000,60000,256000,256000
6230,超眾            ,634000,319000,315000,0,0,0,0,236000,-236000,177000,7000,10000,-3000,193000,13000,180000,256000
064674,鈺齊元大9C購01  ,0,0,0,0,0,0,0,0,0,255000,0,0,0,287000,32000,255000,255000
065729,聯詠凱基9C購04  ,0,0,0,0,0,0,0,0,0,255000,0,0,0,276000,21000,255000,255000
1736,喬山            ,350000,119000,231000,0,0,0,0,0,0,24000,5000,0,5000,19000,0,19000,255000
064601,嘉晶元富9C購03  ,0,0,0,0,0,0,0,0,0,254000,0,0,0,254000,0,254000,254000
053734,友達中信98購02  ,0,0,0,0,0,0,0,0,0,254000,0,0,0,254000,0,254000,254000
057425,臺股指凱基9C購02,0,0,0,0,0,0,0,0,0,254000,0,0,0,1104000,850000,254000,254000
056352,鴻海元大99購01  ,0,0,0,0,0,0,0,0,0,254000,0,0,0,368000,114000,254000,254000
056891,國巨元大99購03  ,0,0,0,0,0,0,0,0,0,254000,0,0,0,262000,8000,254000,254000
052328,台表科中信99購01,0,0,0,0,0,0,0,0,0,253000,0,0,0,268000,15000,253000,253000
1522,堤維西          ,275000,28000,247000,0,0,0,0,0,0,6000,6000,0,6000,0,0,0,253000
00728,第一金工業30    ,0,0,0,0,0,0,0,0,0,251000,0,0,0,296000,45000,251000,251000
060421,華擎永豐9A購01  ,0,0,0,0,0,0,0,0,0,251000,0,0,0,373000,122000,251000,251000
061720,智邦國泰9C購01  ,0,0,0,0,0,0,0,0,0,251000,0,0,0,276000,25000,251000,251000
061521,亞光兆豐9A購02  ,0,0,0,0,0,0,0,0,0,251000,0,0,0,844000,593000,251000,251000
5534,長虹            ,288000,37000,251000,0,0,0,0,0,0,0,3000,3000,0,0,0,0,251000
065081,金像電元大9C購05,0,0,0,0,0,0,0,0,0,250000,0,0,0,322000,72000,250000,250000
065369,瑞昱元大9C購01  ,0,0,0,0,0,0,0,0,0,250000,0,0,0,507000,257000,250000,250000
07783P,聯發科富邦9C售03,0,0,0,0,0,0,0,0,0,250000,0,0,0,250000,0,250000,250000
07169P,臺股指國票99售06,0,0,0,0,0,0,0,0,0,250000,0,0,0,250000,0,250000,250000
055275,台積電元大97購19,0,0,0,0,0,0,0,0,0,250000,0,0,0,250000,0,250000,250000
059047,元油2X凱基9A購10,0,0,0,0,0,0,0,0,0,250000,0,0,0,250000,0,250000,250000
4976,佳凌            ,329000,86000,243000,0,0,0,0,0,0,7000,7000,0,7000,0,0,0,250000
065588,聯發科永豐9C購02,0,0,0,0,0,0,0,0,0,249000,0,0,0,249000,0,249000,249000
057971,華新科富邦9B購02,0,0,0,0,0,0,0,0,0,248000,0,0,0,280000,32000,248000,248000
062117,燿華中信9B購01  ,0,0,0,0,0,0,0,0,0,248000,0,0,0,248000,0,248000,248000
063185,聯發科凱基9C購03,0,0,0,0,0,0,0,0,0,248000,0,0,0,260000,12000,248000,248000
057669,嘉晶元大99購03  ,0,0,0,0,0,0,0,0,0,247000,0,0,0,306000,59000,247000,247000
064510,GIS元大01購01   ,0,0,0,0,0,0,0,0,0,246000,0,0,0,300000,54000,246000,246000
056644,宏達電凱基98購04,0,0,0,0,0,0,0,0,0,246000,0,0,0,278000,32000,246000,246000
056497,GIS國泰99購01   ,0,0,0,0,0,0,0,0,0,246000,0,0,0,246000,0,246000,246000
064078,台積電中信06購04,0,0,0,0,0,0,0,0,0,246000,0,0,0,270000,24000,246000,246000
063570,嘉晶元大9C購02  ,0,0,0,0,0,0,0,0,0,246000,0,0,0,542000,296000,246000,246000
4967,十銓            ,375000,130000,245000,0,0,0,0,0,0,1000,1000,0,1000,0,0,0,246000
4927,泰鼎-KY         ,1540000,1791000,-251000,0,0,0,1116000,696000,420000,77000,90000,409000,-319000,429000,33000,396000,246000
08367P,臺股指凱基9C售11,0,0,0,0,0,0,0,0,0,246000,0,0,0,357000,111000,246000,246000
065951,聯發科統一01購08,0,0,0,0,0,0,0,0,0,245000,0,0,0,400000,155000,245000,245000
055527,旺宏群益99購03  ,0,0,0,0,0,0,0,0,0,245000,0,0,0,246000,1000,245000,245000
064848,金像電元富9C購02,0,0,0,0,0,0,0,0,0,244000,0,0,0,380000,136000,244000,244000
4536,拓凱            ,258000,243000,15000,0,0,0,167000,0,167000,62000,31000,0,31000,31000,0,31000,244000
065099,聯茂元大9C購03  ,0,0,0,0,0,0,0,0,0,243000,0,0,0,646000,403000,243000,243000
064847,金像電元富9C購01,0,0,0,0,0,0,0,0,0,242000,0,0,0,464000,222000,242000,242000
06832P,玉晶光凱基98售03,0,0,0,0,0,0,0,0,0,242000,0,0,0,242000,0,242000,242000
1104,環泥            ,276000,46000,230000,0,0,0,0,0,0,12000,12000,0,12000,0,0,0,242000
053095,台光電統一98購01,0,0,0,0,0,0,0,0,0,241000,0,0,0,241000,0,241000,241000
061265,富邦金凱基9B購01,0,0,0,0,0,0,0,0,0,241000,0,0,0,459000,218000,241000,241000
058952,南茂群益99購01  ,0,0,0,0,0,0,0,0,0,241000,0,0,0,261000,20000,241000,241000
061367,瑞祺國票9A購01  ,0,0,0,0,0,0,0,0,0,241000,0,0,0,304000,63000,241000,241000
063802,南茂凱基9C購01  ,0,0,0,0,0,0,0,0,0,241000,0,0,0,305000,64000,241000,241000
063634,台光電元大9B購09,0,0,0,0,0,0,0,0,0,241000,0,0,0,301000,60000,241000,241000
057409,台虹群益98購02  ,0,0,0,0,0,0,0,0,0,240000,0,0,0,240000,0,240000,240000
1307,三芳            ,262000,30000,232000,0,0,0,0,0,0,8000,8000,0,8000,0,0,0,240000
060468,聯鈞元大9A購02  ,0,0,0,0,0,0,0,0,0,239000,0,0,0,309000,70000,239000,239000
063274,鈺齊兆豐9B購01  ,0,0,0,0,0,0,0,0,0,239000,0,0,0,355000,116000,239000,239000
08184P,可成永豐9B售03  ,0,0,0,0,0,0,0,0,0,239000,0,0,0,239000,0,239000,239000
062798,台光電統一9B購01,0,0,0,0,0,0,0,0,0,238000,0,0,0,303000,65000,238000,238000
08581P,臺股指元大9C售29,0,0,0,0,0,0,0,0,0,238000,0,0,0,250000,12000,238000,238000
056309,合勤控元大97購01,0,0,0,0,0,0,0,0,0,237000,0,0,0,336000,99000,237000,237000
055416,欣興富邦98購01  ,0,0,0,0,0,0,0,0,0,236000,0,0,0,238000,2000,236000,236000
057289,力成元大98購03  ,0,0,0,0,0,0,0,0,0,236000,0,0,0,428000,192000,236000,236000
063241,聯發科元大9B購18,0,0,0,0,0,0,0,0,0,236000,0,0,0,248000,12000,236000,236000
1709,和益            ,335000,101000,234000,0,0,0,0,0,0,2000,2000,0,2000,0,0,0,236000
07840P,康控元大9A售02  ,0,0,0,0,0,0,0,0,0,235000,0,0,0,341000,106000,235000,235000
057823,神達元大98購01  ,0,0,0,0,0,0,0,0,0,235000,0,0,0,446000,211000,235000,235000
063303,聯發科凱基9B購14,0,0,0,0,0,0,0,0,0,235000,0,0,0,243000,8000,235000,235000
08173P,金像電凱基9B售02,0,0,0,0,0,0,0,0,0,235000,0,0,0,291000,56000,235000,235000
061679,健策元大9B購04  ,0,0,0,0,0,0,0,0,0,234000,0,0,0,506000,272000,234000,234000
1532,勤美            ,314000,92000,222000,0,0,0,0,0,0,12000,12000,0,12000,0,0,0,234000
3031,佰鴻            ,304000,74000,230000,0,0,0,0,0,0,4000,4000,0,4000,0,0,0,234000
3015,全漢            ,276000,44000,232000,0,0,0,0,0,0,2000,2000,0,2000,0,0,0,234000
064300,英業達兆豐9C購01,0,0,0,0,0,0,0,0,0,233000,0,0,0,391000,158000,233000,233000
053686,台積電元大97購08,0,0,0,0,0,0,0,0,0,232000,0,0,0,232000,0,232000,232000
2467,志聖            ,241000,11000,230000,0,0,0,0,0,0,2000,2000,0,2000,0,0,0,232000
07837P,華邦電元大9A售01,0,0,0,0,0,0,0,0,0,231000,0,0,0,332000,101000,231000,231000
057054,立積元大98購03  ,0,0,0,0,0,0,0,0,0,231000,0,0,0,232000,1000,231000,231000
061032,金像電永豐9A購03,0,0,0,0,0,0,0,0,0,231000,0,0,0,237000,6000,231000,231000
07456P,華新科元大9A售06,0,0,0,0,0,0,0,0,0,230000,0,0,0,230000,0,230000,230000
065016,臺指反富邦01購01,0,0,0,0,0,0,0,0,0,230000,0,0,0,300000,70000,230000,230000
060571,京元電永豐9A購01,0,0,0,0,0,0,0,0,0,230000,0,0,0,527000,297000,230000,230000
055812,台積電國票99購02,0,0,0,0,0,0,0,0,0,230000,0,0,0,230000,0,230000,230000
057632,傳奇永豐98購01  ,0,0,0,0,0,0,0,0,0,230000,0,0,0,230000,0,230000,230000
064228,同欣電國票01購01,0,0,0,0,0,0,0,0,0,230000,0,0,0,253000,23000,230000,230000
8926,台汽電          ,399000,84000,315000,0,0,0,0,1000,-1000,-84000,10000,85000,-75000,5000,14000,-9000,230000
056763,國巨元大99購02  ,0,0,0,0,0,0,0,0,0,229000,0,0,0,428000,199000,229000,229000
050758,聯發科元富9B購01,0,0,0,0,0,0,0,0,0,229000,0,0,0,261000,32000,229000,229000
058437,可成統一9B購01  ,0,0,0,0,0,0,0,0,0,229000,0,0,0,234000,5000,229000,229000
061195,健策永豐9B購02  ,0,0,0,0,0,0,0,0,0,229000,0,0,0,231000,2000,229000,229000
6166,凌華            ,376000,188365,187635,0,0,0,0,0,0,41000,8000,2000,6000,37000,2000,35000,228635
061042,致新永豐9A購02  ,0,0,0,0,0,0,0,0,0,228000,0,0,0,942000,714000,228000,228000
060953,富邦金群益9A購01,0,0,0,0,0,0,0,0,0,228000,0,0,0,228000,0,228000,228000
063057,祥碩統一03購01  ,0,0,0,0,0,0,0,0,0,228000,0,0,0,1343000,1115000,228000,228000
062991,台光電群益9B購03,0,0,0,0,0,0,0,0,0,228000,0,0,0,353000,125000,228000,228000
06478P,臺股指日盛9A售01,0,0,0,0,0,0,0,0,0,227000,0,0,0,244000,17000,227000,227000
0054,元大台商50      ,0,0,0,0,0,0,0,0,0,227000,0,0,0,229000,2000,227000,227000
055551,致茂凱基98購01  ,0,0,0,0,0,0,0,0,0,227000,0,0,0,247000,20000,227000,227000
061506,瑞祺國票9A購02  ,0,0,0,0,0,0,0,0,0,227000,0,0,0,245000,18000,227000,227000
062448,健策元大9C購04  ,0,0,0,0,0,0,0,0,0,227000,0,0,0,498000,271000,227000,227000
064244,GIS統一02購01   ,0,0,0,0,0,0,0,0,0,227000,0,0,0,269000,42000,227000,227000
2414,精技            ,233000,9000,224000,0,0,0,0,0,0,3000,3000,0,3000,0,0,0,227000
062542,南電國泰9C購01  ,0,0,0,0,0,0,0,0,0,226000,0,0,0,227000,1000,226000,226000
2107,厚生            ,319000,97000,222000,0,0,0,0,0,0,4000,4000,0,4000,0,0,0,226000
6552,易華電          ,363000,124000,239000,0,0,0,0,0,0,-13000,2000,0,2000,0,15000,-15000,226000
052962,台積電凱基97購03,0,0,0,0,0,0,0,0,0,225000,0,0,0,225000,0,225000,225000
058366,元大金凱基99購01,0,0,0,0,0,0,0,0,0,225000,0,0,0,240000,15000,225000,225000
061373,華通富邦9A購02  ,0,0,0,0,0,0,0,0,0,225000,0,0,0,247000,22000,225000,225000
062803,嘉晶統一9B購02  ,0,0,0,0,0,0,0,0,0,225000,0,0,0,279000,54000,225000,225000
063658,瑞祺元富9B購01  ,0,0,0,0,0,0,0,0,0,225000,0,0,0,893000,668000,225000,225000
053965,聯電元大98購04  ,0,0,0,0,0,0,0,0,0,224000,0,0,0,338000,114000,224000,224000
055787,聯茂凱基99購01  ,0,0,0,0,0,0,0,0,0,223000,0,0,0,364000,141000,223000,223000
08179P,華新科元大9B售13,0,0,0,0,0,0,0,0,0,223000,0,0,0,295000,72000,223000,223000
061906,統一中信9B購01  ,0,0,0,0,0,0,0,0,0,222000,0,0,0,281000,59000,222000,222000
064680,創意兆豐01購01  ,0,0,0,0,0,0,0,0,0,221000,0,0,0,313000,92000,221000,221000
056983,大立光群益99購02,0,0,0,0,0,0,0,0,0,221000,0,0,0,343000,122000,221000,221000
063285,華擎元大9B購03  ,0,0,0,0,0,0,0,0,0,221000,0,0,0,586000,365000,221000,221000
063341,燿華統一9C購01  ,0,0,0,0,0,0,0,0,0,221000,0,0,0,242000,21000,221000,221000
08119P,南亞科統一9C售03,0,0,0,0,0,0,0,0,0,221000,0,0,0,221000,0,221000,221000
065493,T50反1富邦03購01,0,0,0,0,0,0,0,0,0,220000,0,0,0,220000,0,220000,220000
065323,聯發科凱基9C購09,0,0,0,0,0,0,0,0,0,220000,0,0,0,230000,10000,220000,220000
062022,緯穎永豐9B購01  ,0,0,0,0,0,0,0,0,0,220000,0,0,0,220000,0,220000,220000
08517P,奇力新群益9C售03,0,0,0,0,0,0,0,0,0,220000,0,0,0,230000,10000,220000,220000
061869,智邦元大9B購01  ,0,0,0,0,0,0,0,0,0,219000,0,0,0,341000,122000,219000,219000
063562,國巨元大9C購06  ,0,0,0,0,0,0,0,0,0,219000,0,0,0,272000,53000,219000,219000
060134,鈺齊群益9A購01  ,0,0,0,0,0,0,0,0,0,218000,0,0,0,268000,50000,218000,218000
064367,貿聯統一01購02  ,0,0,0,0,0,0,0,0,0,218000,0,0,0,244000,26000,218000,218000
064476,金像電國泰02購01,0,0,0,0,0,0,0,0,0,218000,0,0,0,316000,98000,218000,218000
063250,同欣電元大9B購03,0,0,0,0,0,0,0,0,0,218000,0,0,0,423000,205000,218000,218000
059296,大立光元富99購06,0,0,0,0,0,0,0,0,0,217000,0,0,0,241000,24000,217000,217000
1449,佳和            ,263000,46000,217000,0,0,0,0,0,0,0,0,0,0,0,0,0,217000
06766P,玉晶光元大99售10,0,0,0,0,0,0,0,0,0,216000,0,0,0,301000,85000,216000,216000
056429,華通凱基98購02  ,0,0,0,0,0,0,0,0,0,216000,0,0,0,217000,1000,216000,216000
058733,同欣電永豐99購02,0,0,0,0,0,0,0,0,0,216000,0,0,0,360000,144000,216000,216000
064371,矽格統一9C購02  ,0,0,0,0,0,0,0,0,0,216000,0,0,0,324000,108000,216000,216000
064743,聯詠國票01購01  ,0,0,0,0,0,0,0,0,0,215000,0,0,0,260000,45000,215000,215000
08545P,南電國泰01售02  ,0,0,0,0,0,0,0,0,0,215000,0,0,0,230000,15000,215000,215000
6202,盛群            ,489000,295000,194000,0,0,0,0,0,0,21000,5000,0,5000,20000,4000,16000,215000
07428P,華新科國票9A售01,0,0,0,0,0,0,0,0,0,214000,0,0,0,234000,20000,214000,214000
055205,京鼎中信99購01  ,0,0,0,0,0,0,0,0,0,214000,0,0,0,311000,97000,214000,214000
058622,國巨國票99購07  ,0,0,0,0,0,0,0,0,0,214000,0,0,0,258000,44000,214000,214000
062203,燿華國票9C購01  ,0,0,0,0,0,0,0,0,0,214000,0,0,0,294000,80000,214000,214000
05894P,友達群益98售02  ,0,0,0,0,0,0,0,0,0,213000,0,0,0,213000,0,213000,213000
058723,元石油國泰9A購01,0,0,0,0,0,0,0,0,0,213000,0,0,0,263000,50000,213000,213000
064053,祥碩統一02購01  ,0,0,0,0,0,0,0,0,0,213000,0,0,0,331000,118000,213000,213000
058526,鈺齊元大99購02  ,0,0,0,0,0,0,0,0,0,212000,0,0,0,212000,0,212000,212000
064491,金像電元大9C購03,0,0,0,0,0,0,0,0,0,212000,0,0,0,303000,91000,212000,212000
08010P,大成鋼元大9B售01,0,0,0,0,0,0,0,0,0,212000,0,0,0,329000,117000,212000,212000
1590,亞德客-KY       ,2464129,2271340,192789,0,0,0,0,62000,-62000,81000,30000,6000,24000,63000,6000,57000,211789
059914,台積電元大99購47,0,0,0,0,0,0,0,0,0,211000,0,0,0,211000,0,211000,211000
063593,GIS永豐9B購01   ,0,0,0,0,0,0,0,0,0,211000,0,0,0,309000,98000,211000,211000
064973,智邦元大9C購06  ,0,0,0,0,0,0,0,0,0,210000,0,0,0,327000,117000,210000,210000
054214,京鼎國票97購02  ,0,0,0,0,0,0,0,0,0,210000,0,0,0,210000,0,210000,210000
056158,新日興凱基98購02,0,0,0,0,0,0,0,0,0,210000,0,0,0,260000,50000,210000,210000
063067,緯穎麥證9B購01  ,0,0,0,213000,3000,210000,0,0,0,210000,0,0,0,213000,3000,210000,210000
062680,微星統一01購01  ,0,0,0,0,0,0,0,0,0,210000,0,0,0,953000,743000,210000,210000
1762,中化生          ,677000,375000,302000,0,0,0,0,96000,-96000,4000,4000,0,4000,0,0,0,210000
065388,華擎兆豐01購01  ,0,0,0,0,0,0,0,0,0,209000,0,0,0,612000,403000,209000,209000
2608,嘉里大榮        ,209000,7000,202000,0,0,0,0,0,0,7000,7000,0,7000,0,0,0,209000
2849,安泰銀          ,231000,27000,204000,0,0,0,0,0,0,5000,5000,0,5000,0,0,0,209000
065044,大立光凱基9C購06,0,0,0,0,0,0,0,0,0,208000,0,0,0,613000,405000,208000,208000
056061,國泰金元大97購02,0,0,0,0,0,0,0,0,0,208000,0,0,0,357000,149000,208000,208000
059207,臺指反元大9C購02,0,0,0,0,0,0,0,0,0,208000,0,0,0,208000,0,208000,208000
061595,智易永豐9A購02  ,0,0,0,0,0,0,0,0,0,208000,0,0,0,208000,0,208000,208000
2206,三陽工業        ,233000,68000,165000,0,0,0,0,0,0,43000,43000,0,43000,0,0,0,208000
08160P,茂林元富9B售03  ,0,0,0,0,0,0,0,0,0,208000,0,0,0,230000,22000,208000,208000
5876,上海商銀        ,2626385,2474000,152385,0,0,0,0,0,0,55000,51000,0,51000,142000,138000,4000,207385
07558P,玉晶光元大9A售10,0,0,0,0,0,0,0,0,0,207000,0,0,0,207000,0,207000,207000
055810,T50反1國票99購01,0,0,0,0,0,0,0,0,0,207000,0,0,0,307000,100000,207000,207000
052695,台表科中信98購01,0,0,0,0,0,0,0,0,0,207000,0,0,0,207000,0,207000,207000
058488,華擎國票9A購01  ,0,0,0,0,0,0,0,0,0,207000,0,0,0,263000,56000,207000,207000
062650,南電富邦01購01  ,0,0,0,0,0,0,0,0,0,207000,0,0,0,218000,11000,207000,207000
063086,祥碩凱基9C購01  ,0,0,0,0,0,0,0,0,0,207000,0,0,0,267000,60000,207000,207000
063500,嘉晶永豐9B購02  ,0,0,0,0,0,0,0,0,0,207000,0,0,0,212000,5000,207000,207000
056124,華通國票98購02  ,0,0,0,0,0,0,0,0,0,206000,0,0,0,223000,17000,206000,206000
060337,FBVIX統一9A購01 ,0,0,0,0,0,0,0,0,0,206000,0,0,0,221000,15000,206000,206000
059425,SGBR2X元大9A購02,0,0,0,0,0,0,0,0,0,206000,0,0,0,306000,100000,206000,206000
5243,乙盛-KY         ,231000,17000,214000,0,0,0,0,0,0,-8000,2000,10000,-8000,0,0,0,206000
065526,台表科群益9C購03,0,0,0,0,0,0,0,0,0,205000,0,0,0,208000,3000,205000,205000
065685,同欣電統一01購04,0,0,0,0,0,0,0,0,0,205000,0,0,0,773000,568000,205000,205000
063801,GIS凱基01購01   ,0,0,0,0,0,0,0,0,0,205000,0,0,0,245000,40000,205000,205000
064170,儒鴻元富9C購01  ,0,0,0,0,0,0,0,0,0,205000,0,0,0,205000,0,205000,205000
064172,義隆元富9C購01  ,0,0,0,0,0,0,0,0,0,205000,0,0,0,326000,121000,205000,205000
063039,大立光凱基9C購02,0,0,0,0,0,0,0,0,0,205000,0,0,0,349000,144000,205000,205000
063201,廣達統一01購01  ,0,0,0,0,0,0,0,0,0,205000,0,0,0,668000,463000,205000,205000
08530P,鴻海統一9C售19  ,0,0,0,0,0,0,0,0,0,205000,0,0,0,205000,0,205000,205000
063633,金像電元大9B購05,0,0,0,0,0,0,0,0,0,204000,0,0,0,217000,13000,204000,204000
058727,嘉晶富邦9A購01  ,0,0,0,0,0,0,0,0,0,203000,0,0,0,215000,12000,203000,203000
060567,華擎富邦9C購01  ,0,0,0,0,0,0,0,0,0,203000,0,0,0,273000,70000,203000,203000
065580,鈺齊群益01購01  ,0,0,0,0,0,0,0,0,0,202000,0,0,0,313000,111000,202000,202000
064958,GIS凱基02購03   ,0,0,0,0,0,0,0,0,0,202000,0,0,0,227000,25000,202000,202000
063863,儒鴻富邦02購01  ,0,0,0,0,0,0,0,0,0,202000,0,0,0,304000,102000,202000,202000
062654,技嘉永豐9B購01  ,0,0,0,0,0,0,0,0,0,202000,0,0,0,267000,65000,202000,202000
8404,百和興業-KY     ,215000,19000,196000,0,0,0,0,0,0,6000,6000,0,6000,0,0,0,202000
064617,台光電元大01購01,0,0,0,0,0,0,0,0,0,201000,0,0,0,295000,94000,201000,201000
062576,華擎群益9B購02  ,0,0,0,0,0,0,0,0,0,201000,0,0,0,244000,43000,201000,201000
9935,慶豐富          ,247000,52000,195000,0,0,0,0,0,0,6000,6000,0,6000,0,0,0,201000
07173P,臺股指國票99售10,0,0,0,0,0,0,0,0,0,200000,0,0,0,200000,0,200000,200000
06730P,祥碩元大98售07  ,0,0,0,0,0,0,0,0,0,200000,0,0,0,200000,0,200000,200000
06850P,聯茂元大98售06  ,0,0,0,0,0,0,0,0,0,200000,0,0,0,200000,0,200000,200000
056607,貿聯富邦99購02  ,0,0,0,0,0,0,0,0,0,200000,0,0,0,230000,30000,200000,200000
057601,中磊群益98購01  ,0,0,0,0,0,0,0,0,0,200000,0,0,0,314000,114000,200000,200000
057053,立積元大98購02  ,0,0,0,0,0,0,0,0,0,200000,0,0,0,200000,0,200000,200000
052949,智易國票97購02  ,0,0,0,0,0,0,0,0,0,200000,0,0,0,200000,0,200000,200000
051683,A50正2凱基97購01,0,0,0,0,0,0,0,0,0,200000,0,0,0,200000,0,200000,200000
053720,宏達電凱基97購01,0,0,0,0,0,0,0,0,0,200000,0,0,0,200000,0,200000,200000
057681,T50反1日盛9C購01,0,0,0,0,0,0,0,0,0,200000,0,0,0,200000,0,200000,200000
060936,T50反1國票9A購09,0,0,0,0,0,0,0,0,0,200000,0,0,0,200000,0,200000,200000
062296,南六永豐9B購02  ,0,0,0,0,0,0,0,0,0,200000,0,0,0,210000,10000,200000,200000
08401P,玉晶光元富9C售04,0,0,0,0,0,0,0,0,0,200000,0,0,0,200000,0,200000,200000
064525,臺股指群益9C購10,0,0,0,0,0,0,0,0,0,199000,0,0,0,199000,0,199000,199000
065625,聯發科兆豐9C購06,0,0,0,0,0,0,0,0,0,199000,0,0,0,199000,0,199000,199000
00730,富邦臺灣優質高息,0,0,0,0,0,0,0,0,0,199000,0,0,0,758000,559000,199000,199000
060428,瑞祺永豐9A購01  ,0,0,0,0,0,0,0,0,0,199000,0,0,0,743000,544000,199000,199000
057429,華新科兆豐98購03,0,0,0,0,0,0,0,0,0,199000,0,0,0,199000,0,199000,199000
058291,元油2X日盛99購01,0,0,0,0,0,0,0,0,0,199000,0,0,0,199000,0,199000,199000
062921,GIS元大9B購01   ,0,0,0,0,0,0,0,0,0,199000,0,0,0,212000,13000,199000,199000
063959,GIS元大9C購02   ,0,0,0,0,0,0,0,0,0,199000,0,0,0,353000,154000,199000,199000
065484,康友元大9C購01  ,0,0,0,0,0,0,0,0,0,198000,0,0,0,203000,5000,198000,198000
063637,聯發科元大9C購02,0,0,0,0,0,0,0,0,0,197000,0,0,0,247000,50000,197000,197000
2207,和泰車          ,325637,124000,201637,0,0,0,0,2000,-2000,-3000,8000,11000,-3000,0,0,0,196637
07579P,聯茂元大9A售01  ,0,0,0,0,0,0,0,0,0,196000,0,0,0,200000,4000,196000,196000
058074,欣興凱基99購01  ,0,0,0,0,0,0,0,0,0,196000,0,0,0,210000,14000,196000,196000
060019,彰銀康和99購01  ,0,0,0,0,0,0,0,0,0,196000,0,0,0,196000,0,196000,196000
063643,臻鼎元大9B購03  ,0,0,0,0,0,0,0,0,0,196000,0,0,0,421000,225000,196000,196000
063578,瑞祺元大9B購03  ,0,0,0,0,0,0,0,0,0,196000,0,0,0,401000,205000,196000,196000
062982,同欣電元富9B購01,0,0,0,0,0,0,0,0,0,196000,0,0,0,418000,222000,196000,196000
3694,海華            ,328000,139000,189000,0,0,0,0,0,0,7000,7000,0,7000,0,0,0,196000
1416,廣豐            ,229000,35000,194000,0,0,0,0,0,0,2000,2000,0,2000,0,0,0,196000
065490,國巨國泰02購02  ,0,0,0,0,0,0,0,0,0,195000,0,0,0,242000,47000,195000,195000
064678,嘉晶兆豐01購01  ,0,0,0,0,0,0,0,0,0,195000,0,0,0,391000,196000,195000,195000
064917,元大金統一02購01,0,0,0,0,0,0,0,0,0,195000,0,0,0,745000,550000,195000,195000
055781,聯詠凱基98購01  ,0,0,0,0,0,0,0,0,0,195000,0,0,0,243000,48000,195000,195000
05986P,大立光統一97售03,0,0,0,0,0,0,0,0,0,195000,0,0,0,195000,0,195000,195000
061307,和潤永豐9A購02  ,0,0,0,0,0,0,0,0,0,194000,0,0,0,413000,219000,194000,194000
065227,金像電凱基9C購01,0,0,0,0,0,0,0,0,0,193000,0,0,0,281000,88000,193000,193000
061283,智邦統一9A購01  ,0,0,0,0,0,0,0,0,0,193000,0,0,0,305000,112000,193000,193000
058610,欣興元大99購05  ,0,0,0,0,0,0,0,0,0,193000,0,0,0,225000,32000,193000,193000
062971,英業達元富9B購01,0,0,0,0,0,0,0,0,0,192000,0,0,0,337000,145000,192000,192000
063083,聯發科凱基01購02,0,0,0,0,0,0,0,0,0,192000,0,0,0,192000,0,192000,192000
064850,智原元富9C購01  ,0,0,0,0,0,0,0,0,0,191000,0,0,0,197000,6000,191000,191000
065018,台達電富邦03購01,0,0,0,0,0,0,0,0,0,191000,0,0,0,827000,636000,191000,191000
1460,宏遠            ,214000,35000,179000,0,0,0,0,0,0,12000,12000,0,12000,0,0,0,191000
07484P,台灣50凱基04售02,0,0,0,0,0,0,0,0,0,190000,0,0,0,200000,10000,190000,190000
065879,瑞祺群益9C購02  ,0,0,0,0,0,0,0,0,0,190000,0,0,0,375000,185000,190000,190000
052926,旺宏元大98購02  ,0,0,0,0,0,0,0,0,0,190000,0,0,0,190000,0,190000,190000
056450,可成凱基98購05  ,0,0,0,0,0,0,0,0,0,190000,0,0,0,199000,9000,190000,190000
061917,亞德客凱基9B購02,0,0,0,0,0,0,0,0,0,190000,0,0,0,200000,10000,190000,190000
061924,聯發科凱基9C購01,0,0,0,0,0,0,0,0,0,190000,0,0,0,190000,0,190000,190000
064451,技嘉統一01購02  ,0,0,0,0,0,0,0,0,0,190000,0,0,0,190000,0,190000,190000
057296,智原永豐98購01  ,0,0,0,0,0,0,0,0,0,189000,0,0,0,250000,61000,189000,189000
062033,瀚宇博群益9B購01,0,0,0,0,0,0,0,0,0,189000,0,0,0,528000,339000,189000,189000
062801,宏達電統一01購01,0,0,0,0,0,0,0,0,0,189000,0,0,0,574000,385000,189000,189000
07162P,臺股指群益99售13,0,0,0,0,0,0,0,0,0,188000,0,0,0,738000,550000,188000,188000
064986,GIS元大9C購07   ,0,0,0,0,0,0,0,0,0,188000,0,0,0,1173000,985000,188000,188000
065400,華擎群益01購02  ,0,0,0,0,0,0,0,0,0,188000,0,0,0,440000,252000,188000,188000
057548,微星凱基99購01  ,0,0,0,0,0,0,0,0,0,188000,0,0,0,256000,68000,188000,188000
060513,緯穎元大9B購01  ,0,0,0,0,0,0,0,0,0,188000,0,0,0,188000,0,188000,188000
059375,道瓊反群益9C購02,0,0,0,0,0,0,0,0,0,188000,0,0,0,260000,72000,188000,188000
062970,智邦元富9B購01  ,0,0,0,0,0,0,0,0,0,188000,0,0,0,265000,77000,188000,188000
062225,華擎統一01購01  ,0,0,0,0,0,0,0,0,0,188000,0,0,0,188000,0,188000,188000
064333,義隆元大9C購02  ,0,0,0,0,0,0,0,0,0,188000,0,0,0,200000,12000,188000,188000
2704,國賓            ,233000,49000,184000,0,0,0,0,0,0,4000,4000,0,4000,0,0,0,188000
065578,台郡群益9C購02  ,0,0,0,0,0,0,0,0,0,187000,0,0,0,647000,460000,187000,187000
06629P,台灣50第一98售01,0,0,0,0,0,0,0,0,0,187000,0,0,0,200000,13000,187000,187000
056724,臻鼎中信9A購01  ,0,0,0,0,0,0,0,0,0,187000,0,0,0,531000,344000,187000,187000
063590,華擎永豐9B購01  ,0,0,0,0,0,0,0,0,0,187000,0,0,0,207000,20000,187000,187000
063653,儒鴻元富9B購01  ,0,0,0,0,0,0,0,0,0,187000,0,0,0,269000,82000,187000,187000
1506,正道            ,188000,2000,186000,0,0,0,0,0,0,1000,1000,0,1000,0,0,0,187000
064947,台積電凱基01購08,0,0,0,0,0,0,0,0,0,186000,0,0,0,188000,2000,186000,186000
060758,台積電元大9A購19,0,0,0,0,0,0,0,0,0,186000,0,0,0,200000,14000,186000,186000
056469,國巨元大99購01  ,0,0,0,0,0,0,0,0,0,186000,0,0,0,449000,263000,186000,186000
058480,新日興凱基9A購01,0,0,0,0,0,0,0,0,0,186000,0,0,0,262000,76000,186000,186000
061069,嘉聯益凱基9A購01,0,0,0,0,0,0,0,0,0,186000,0,0,0,299000,113000,186000,186000
063038,富邦金凱基9B購02,0,0,0,0,0,0,0,0,0,186000,0,0,0,245000,59000,186000,186000
07639P,緯穎國票9A售01  ,0,0,0,0,0,0,0,0,0,184000,0,0,0,184000,0,184000,184000
056398,南茂永豐98購01  ,0,0,0,0,0,0,0,0,0,184000,0,0,0,254000,70000,184000,184000
065674,華擎凱基9C購03  ,0,0,0,0,0,0,0,0,0,183000,0,0,0,293000,110000,183000,183000
057694,臺股指凱基98購12,0,0,0,0,0,0,0,0,0,183000,0,0,0,225000,42000,183000,183000
054472,道瓊反中信9A購01,0,0,0,0,0,0,0,0,0,183000,0,0,0,372000,189000,183000,183000
060392,華擎群益9C購02  ,0,0,0,0,0,0,0,0,0,183000,0,0,0,183000,0,183000,183000
058370,聯詠凱基99購01  ,0,0,0,0,0,0,0,0,0,183000,0,0,0,338000,155000,183000,183000
064496,聯發科元大9C購10,0,0,0,0,0,0,0,0,0,183000,0,0,0,274000,91000,183000,183000
064972,台積電元大9C購11,0,0,0,0,0,0,0,0,0,182000,0,0,0,183000,1000,182000,182000
064801,鴻海元大9C購13  ,0,0,0,0,0,0,0,0,0,182000,0,0,0,221000,39000,182000,182000
065807,智伸科群益01購01,0,0,0,0,0,0,0,0,0,182000,0,0,0,200000,18000,182000,182000
057664,台積電元大9A購03,0,0,0,0,0,0,0,0,0,182000,0,0,0,294000,112000,182000,182000
056994,緯穎兆豐98購02  ,0,0,0,0,0,0,0,0,0,182000,0,0,0,342000,160000,182000,182000
061214,華擎元大9A購04  ,0,0,0,0,0,0,0,0,0,182000,0,0,0,184000,2000,182000,182000
063624,GIS兆豐9B購01   ,0,0,0,0,0,0,0,0,0,182000,0,0,0,648000,466000,182000,182000
1714,和桐            ,2624000,2451000,173000,0,0,0,0,0,0,9000,12000,3000,9000,0,0,0,182000
065299,燿華元富9C購02  ,0,0,0,0,0,0,0,0,0,181000,0,0,0,246000,65000,181000,181000
064433,金像電凱基02購01,0,0,0,0,0,0,0,0,0,181000,0,0,0,281000,100000,181000,181000
063034,致茂凱基9B購01  ,0,0,0,0,0,0,0,0,0,181000,0,0,0,222000,41000,181000,181000
063186,聯發科凱基9C購04,0,0,0,0,0,0,0,0,0,181000,0,0,0,211000,30000,181000,181000
062726,華擎凱基9B購02  ,0,0,0,0,0,0,0,0,0,181000,0,0,0,228000,47000,181000,181000
065412,金像電永豐9C購01,0,0,0,0,0,0,0,0,0,180000,0,0,0,213000,33000,180000,180000
065367,技嘉元大01購01  ,0,0,0,0,0,0,0,0,0,180000,0,0,0,265000,85000,180000,180000
065011,智邦國泰02購01  ,0,0,0,0,0,0,0,0,0,180000,0,0,0,291000,111000,180000,180000
064879,健策兆豐01購01  ,0,0,0,0,0,0,0,0,0,180000,0,0,0,180000,0,180000,180000
07252P,台灣50凱基99售01,0,0,0,0,0,0,0,0,0,180000,0,0,0,180000,0,180000,180000
057109,信邦群益98購01  ,0,0,0,0,0,0,0,0,0,180000,0,0,0,180000,0,180000,180000
052077,可成元富98購02  ,0,0,0,0,0,0,0,0,0,180000,0,0,0,180000,0,180000,180000
064406,健策凱基03購01  ,0,0,0,0,0,0,0,0,0,180000,0,0,0,212000,32000,180000,180000
063986,聯發科富邦02購01,0,0,0,0,0,0,0,0,0,180000,0,0,0,180000,0,180000,180000
07077P,緯穎凱基99售01  ,0,0,0,0,0,0,0,0,0,179000,0,0,0,179000,0,179000,179000
065082,台光電元大9C購04,0,0,0,0,0,0,0,0,0,179000,0,0,0,344000,165000,179000,179000
065566,裕隆群益9C購02  ,0,0,0,0,0,0,0,0,0,179000,0,0,0,179000,0,179000,179000
057444,台泥元富98購01  ,0,0,0,0,0,0,0,0,0,179000,0,0,0,348000,169000,179000,179000
064345,創意元大9C購03  ,0,0,0,0,0,0,0,0,0,179000,0,0,0,179000,0,179000,179000
064285,貿聯元大9C購02  ,0,0,0,0,0,0,0,0,0,179000,0,0,0,281000,102000,179000,179000
1217,愛之味          ,439000,260000,179000,0,0,0,0,0,0,0,0,0,0,0,0,0,179000
08597P,聯發科元大9C售18,0,0,0,0,0,0,0,0,0,179000,0,0,0,199000,20000,179000,179000
065986,金像電永豐01購03,0,0,0,0,0,0,0,0,0,178000,0,0,0,199000,21000,178000,178000
060738,矽格統一9C購01  ,0,0,0,0,0,0,0,0,0,178000,0,0,0,238000,60000,178000,178000
1773,勝一            ,244000,211000,33000,0,0,0,0,0,0,145000,126000,0,126000,19000,0,19000,178000
064807,義隆元大9C購03  ,0,0,0,0,0,0,0,0,0,177000,0,0,0,302000,125000,177000,177000
060716,新唐永豐9A購01  ,0,0,0,0,0,0,0,0,0,177000,0,0,0,368000,191000,177000,177000
053865,欣興元大97購02  ,0,0,0,0,0,0,0,0,0,177000,0,0,0,191000,14000,177000,177000
061215,健策元大9A購06  ,0,0,0,0,0,0,0,0,0,177000,0,0,0,226000,49000,177000,177000
063172,廣達中信9C購01  ,0,0,0,0,0,0,0,0,0,177000,0,0,0,362000,185000,177000,177000
056515,燿華兆豐99購01  ,0,0,0,0,0,0,0,0,0,176000,0,0,0,176000,0,176000,176000
064105,南茂群益9C購01  ,0,0,0,0,0,0,0,0,0,176000,0,0,0,252000,76000,176000,176000
063866,聯發科永豐9C購01,0,0,0,0,0,0,0,0,0,176000,0,0,0,176000,0,176000,176000
063460,智邦元大9B購08  ,0,0,0,0,0,0,0,0,0,176000,0,0,0,304000,128000,176000,176000
8429,金麗-KY         ,177000,2000,175000,0,0,0,0,0,0,1000,1000,0,1000,0,0,0,176000
9940,信義            ,160000,8000,152000,0,0,0,0,0,0,24000,24000,0,24000,0,0,0,176000
07141P,台灣50國票9A售03,0,0,0,0,0,0,0,0,0,175000,0,0,0,180000,5000,175000,175000
060613,T50反1元大9A購05,0,0,0,0,0,0,0,0,0,175000,0,0,0,185000,10000,175000,175000
056353,鴻海元大99購02  ,0,0,0,0,0,0,0,0,0,175000,0,0,0,294000,119000,175000,175000
061422,台積電元大9A購30,0,0,0,0,0,0,0,0,0,175000,0,0,0,276000,101000,175000,175000
063626,聚陽元大9B購03  ,0,0,0,0,0,0,0,0,0,175000,0,0,0,623000,448000,175000,175000
064057,緯穎統一02購01  ,0,0,0,0,0,0,0,0,0,175000,0,0,0,315000,140000,175000,175000
07767P,華新科群益9A售07,0,0,0,0,0,0,0,0,0,174000,0,0,0,227000,53000,174000,174000
07917P,可成永豐9B售01  ,0,0,0,0,0,0,0,0,0,174000,0,0,0,174000,0,174000,174000
065757,新日興元大9C購06,0,0,0,0,0,0,0,0,0,174000,0,0,0,409000,235000,174000,174000
053945,國巨富邦98購02  ,0,0,0,0,0,0,0,0,0,174000,0,0,0,174000,0,174000,174000
03662C,FBVIX凱基03牛01 ,0,0,0,0,0,0,0,0,0,174000,0,0,0,423000,249000,174000,174000
057633,緯穎永豐98購02  ,0,0,0,0,0,0,0,0,0,174000,0,0,0,174000,0,174000,174000
1717,長興            ,2145000,2083000,62000,0,0,0,0,7000,-7000,119000,36000,161000,-125000,244000,0,244000,174000
065957,華擎統一03購02  ,0,0,0,0,0,0,0,0,0,173000,0,0,0,701000,528000,173000,173000
061033,台光電永豐9A購01,0,0,0,0,0,0,0,0,0,173000,0,0,0,234000,61000,173000,173000
058798,大立光元大99購11,0,0,0,0,0,0,0,0,0,173000,0,0,0,226000,53000,173000,173000
05888P,友達元大97售01  ,0,0,0,0,0,0,0,0,0,173000,0,0,0,273000,100000,173000,173000
063388,台光電兆豐9C購01,0,0,0,0,0,0,0,0,0,173000,0,0,0,360000,187000,173000,173000
2017,官田鋼          ,235000,79000,156000,0,0,0,0,0,0,17000,17000,0,17000,0,0,0,173000
061384,T50反1群益9A購04,0,0,0,0,0,0,0,0,0,172000,0,0,0,180000,8000,172000,172000
061326,新日興凱基9B購01,0,0,0,0,0,0,0,0,0,172000,0,0,0,280000,108000,172000,172000
059188,京元電富邦9B購01,0,0,0,0,0,0,0,0,0,172000,0,0,0,218000,46000,172000,172000
061787,華新科群益9C購01,0,0,0,0,0,0,0,0,0,172000,0,0,0,212000,40000,172000,172000
063499,金像電永豐9B購03,0,0,0,0,0,0,0,0,0,172000,0,0,0,182000,10000,172000,172000
2427,三商電          ,183000,17000,166000,0,0,0,0,0,0,6000,6000,0,6000,0,0,0,172000
056541,智原凱基98購03  ,0,0,0,0,0,0,0,0,0,171000,0,0,0,392000,221000,171000,171000
056852,矽格元富98購01  ,0,0,0,0,0,0,0,0,0,171000,0,0,0,414000,243000,171000,171000
053730,樺漢凱基98購01  ,0,0,0,0,0,0,0,0,0,171000,0,0,0,171000,0,171000,171000
057865,富邦金凱基98購01,0,0,0,0,0,0,0,0,0,171000,0,0,0,291000,120000,171000,171000
063707,儒鴻凱基9C購01  ,0,0,0,0,0,0,0,0,0,171000,0,0,0,191000,20000,171000,171000
062470,智邦凱基9C購01  ,0,0,0,0,0,0,0,0,0,171000,0,0,0,213000,42000,171000,171000
07820P,臺股指國票9A售11,0,0,0,0,0,0,0,0,0,170000,0,0,0,250000,80000,170000,170000
07099P,台積電元大99售19,0,0,0,0,0,0,0,0,0,170000,0,0,0,290000,120000,170000,170000
06901P,亞德客凱基98售02,0,0,0,0,0,0,0,0,0,170000,0,0,0,172000,2000,170000,170000
07292P,臺股指凱基99售44,0,0,0,0,0,0,0,0,0,170000,0,0,0,235000,65000,170000,170000
065354,金像電元富03購01,0,0,0,0,0,0,0,0,0,170000,0,0,0,322000,152000,170000,170000
063461,金像電元大9B購03,0,0,0,0,0,0,0,0,0,170000,0,0,0,175000,5000,170000,170000
056770,國產元大98購02  ,0,0,0,0,0,0,0,0,0,169000,0,0,0,290000,121000,169000,169000
061066,嘉晶凱基9B購01  ,0,0,0,0,0,0,0,0,0,169000,0,0,0,180000,11000,169000,169000
058670,鴻海群益9A購03  ,0,0,0,0,0,0,0,0,0,169000,0,0,0,234000,65000,169000,169000
063582,瑞祺國泰9C購01  ,0,0,0,0,0,0,0,0,0,169000,0,0,0,223000,54000,169000,169000
064145,宏碁統一02購01  ,0,0,0,0,0,0,0,0,0,169000,0,0,0,239000,70000,169000,169000
063022,嘉晶元大9B購04  ,0,0,0,0,0,0,0,0,0,169000,0,0,0,434000,265000,169000,169000
062822,力成兆豐9B購01  ,0,0,0,0,0,0,0,0,0,169000,0,0,0,603000,434000,169000,169000
2485,兆赫            ,923000,751000,172000,0,0,0,0,0,0,-3000,39000,42000,-3000,0,0,0,169000
3661,世芯-KY         ,321000,47000,274000,0,0,0,0,99000,-99000,-6000,11000,21000,-10000,5000,1000,4000,169000
4306,炎洲            ,210000,55000,155000,0,0,0,0,0,0,14000,14000,0,14000,0,0,0,169000
064881,聯茂兆豐01購02  ,0,0,0,0,0,0,0,0,0,168000,0,0,0,1317000,1149000,168000,168000
063269,儒鴻兆豐9C購01  ,0,0,0,0,0,0,0,0,0,168000,0,0,0,168000,0,168000,168000
064475,台積電國泰02購03,0,0,0,0,0,0,0,0,0,168000,0,0,0,377000,209000,168000,168000
3257,虹冠電          ,436000,269000,167000,0,0,0,0,0,0,1000,1000,0,1000,0,0,0,168000
065667,台光電凱基01購01,0,0,0,0,0,0,0,0,0,167000,0,0,0,217000,50000,167000,167000
00690,兆豐藍籌30      ,0,1000,-1000,0,0,0,0,0,0,168000,0,0,0,357000,189000,168000,167000
06425P,TPK永豐97售02   ,0,0,0,0,0,0,0,0,0,167000,0,0,0,167000,0,167000,167000
063602,金像電凱基9B購04,0,0,0,0,0,0,0,0,0,167000,0,0,0,227000,60000,167000,167000
063630,智邦元大9B購09  ,0,0,0,0,0,0,0,0,0,167000,0,0,0,497000,330000,167000,167000
064937,英業達元富9C購01,0,0,0,0,0,0,0,0,0,166000,0,0,0,292000,126000,166000,166000
051370,聯詠富邦97購01  ,0,0,0,0,0,0,0,0,0,166000,0,0,0,166000,0,166000,166000
058270,上緯控永豐99購01,0,0,0,0,0,0,0,0,0,166000,0,0,0,449000,283000,166000,166000
061469,瑞祺群益9A購02  ,0,0,0,0,0,0,0,0,0,166000,0,0,0,178000,12000,166000,166000
062731,力成凱基9B購02  ,0,0,0,0,0,0,0,0,0,166000,0,0,0,234000,68000,166000,166000
6155,鈞寶            ,215000,49000,166000,0,0,0,0,0,0,0,0,0,0,0,0,0,166000
5269,祥碩            ,472000,342473,129527,0,0,0,36000,9000,27000,9000,12000,1000,11000,4000,6000,-2000,165527
060695,同欣電麥證9A購01,0,0,0,315000,150000,165000,0,0,0,165000,0,0,0,315000,150000,165000,165000
056671,台灣50元富9A購01,0,0,0,0,0,0,0,0,0,165000,0,0,0,165000,0,165000,165000
058201,華通凱基9A購01  ,0,0,0,0,0,0,0,0,0,165000,0,0,0,165000,0,165000,165000
058091,欣興元大99購03  ,0,0,0,0,0,0,0,0,0,165000,0,0,0,470000,305000,165000,165000
063223,牧德群益9B購04  ,0,0,0,0,0,0,0,0,0,165000,0,0,0,165000,0,165000,165000
3048,益登            ,192000,26000,166000,0,0,0,0,0,0,-1000,0,1000,-1000,0,0,0,165000
2524,京城            ,248000,97000,151000,0,0,0,0,0,0,14000,14000,0,14000,0,0,0,165000
1108,幸福            ,213000,48000,165000,0,0,0,0,0,0,0,0,0,0,0,0,0,165000
064774,聚陽群益9C購04  ,0,0,0,0,0,0,0,0,0,164000,0,0,0,210000,46000,164000,164000
07744P,奇力新凱基9A售05,0,0,0,0,0,0,0,0,0,164000,0,0,0,164000,0,164000,164000
00670L,富邦NASDAQ正2   ,0,40000,-40000,0,0,0,0,0,0,204000,0,0,0,320000,116000,204000,164000
020015,統一MSCI美低波N ,0,0,0,0,0,0,0,0,0,164000,0,0,0,263000,99000,164000,164000
06269P,群創凱基98售10  ,0,0,0,0,0,0,0,0,0,164000,0,0,0,164000,0,164000,164000
058371,智原凱基9A購01  ,0,0,0,0,0,0,0,0,0,163000,0,0,0,201000,38000,163000,163000
063777,儒鴻永豐9B購02  ,0,0,0,0,0,0,0,0,0,163000,0,0,0,251000,88000,163000,163000
063439,正隆統一01購01  ,0,0,0,0,0,0,0,0,0,163000,0,0,0,588000,425000,163000,163000
063417,金像電凱基9B購03,0,0,0,0,0,0,0,0,0,163000,0,0,0,223000,60000,163000,163000
064292,南茂元大01購01  ,0,0,0,0,0,0,0,0,0,163000,0,0,0,326000,163000,163000,163000
6591,動力-KY         ,180000,15000,165000,0,0,0,0,0,0,-2000,0,2000,-2000,0,0,0,163000
6672,騰輝電子-KY     ,244000,88000,156000,0,0,0,0,0,0,7000,7000,0,7000,0,0,0,163000
065908,聯發科永豐9C購04,0,0,0,0,0,0,0,0,0,162000,0,0,0,182000,20000,162000,162000
064784,祥碩群益9C購01  ,0,0,0,0,0,0,0,0,0,162000,0,0,0,288000,126000,162000,162000
3518,柏騰            ,243000,83000,160000,0,0,0,0,0,0,2000,2000,0,2000,0,0,0,162000
064884,台表科第一9C購01,0,0,0,0,0,0,0,0,0,161000,0,0,0,239000,78000,161000,161000
07473P,祥碩元大9A售01  ,0,0,0,0,0,0,0,0,0,161000,0,0,0,341000,180000,161000,161000
054644,A50正2群益9B購01,0,0,0,0,0,0,0,0,0,161000,0,0,0,161000,0,161000,161000
063436,儒鴻統一01購03  ,0,0,0,0,0,0,0,0,0,161000,0,0,0,415000,254000,161000,161000
063445,金像電統一9B購01,0,0,0,0,0,0,0,0,0,161000,0,0,0,398000,237000,161000,161000
6541,泰福-KY         ,172000,17000,155000,0,0,0,0,0,0,6000,6000,0,6000,0,0,0,161000
06852P,臺股指元大98售11,0,0,0,0,0,0,0,0,0,160000,0,0,0,160000,0,160000,160000
065601,聯發科元大01購05,0,0,0,0,0,0,0,0,0,160000,0,0,0,180000,20000,160000,160000
058016,智邦凱基98購06  ,0,0,0,0,0,0,0,0,0,160000,0,0,0,184000,24000,160000,160000
058192,訊芯永豐99購01  ,0,0,0,0,0,0,0,0,0,160000,0,0,0,160000,0,160000,160000
064212,可成凱基03購01  ,0,0,0,0,0,0,0,0,0,160000,0,0,0,310000,150000,160000,160000
064208,智邦凱基02購01  ,0,0,0,0,0,0,0,0,0,160000,0,0,0,177000,17000,160000,160000
064035,GIS元大9C購03   ,0,0,0,0,0,0,0,0,0,160000,0,0,0,188000,28000,160000,160000
064010,GIS凱基02購01   ,0,0,0,0,0,0,0,0,0,160000,0,0,0,183000,23000,160000,160000
063042,同欣電凱基9C購01,0,0,0,0,0,0,0,0,0,160000,0,0,0,160000,0,160000,160000
042793,台積電台新9C購01,0,0,0,0,0,0,0,0,0,159000,0,0,0,160000,1000,159000,159000
059692,聯詠永豐99購01  ,0,0,0,0,0,0,0,0,0,159000,0,0,0,170000,11000,159000,159000
059957,中信金康和99購01,0,0,0,0,0,0,0,0,0,159000,0,0,0,218000,59000,159000,159000
06326P,鴻海中信01售01  ,0,0,0,0,0,0,0,0,0,159000,0,0,0,176000,17000,159000,159000
064113,新日興國票01購01,0,0,0,0,0,0,0,0,0,159000,0,0,0,300000,141000,159000,159000
6414,樺漢            ,339000,158000,181000,0,0,0,0,5000,-5000,-17000,24000,41000,-17000,8000,8000,0,159000
064868,嘉晶永豐9C購02  ,0,0,0,0,0,0,0,0,0,158000,0,0,0,158000,0,158000,158000
06657P,寶成元大98售01  ,0,0,0,0,0,0,0,0,0,158000,0,0,0,158000,0,158000,158000
059763,華擎永豐99購03  ,0,0,0,0,0,0,0,0,0,158000,0,0,0,158000,0,158000,158000
062796,技嘉統一9C購01  ,0,0,0,0,0,0,0,0,0,158000,0,0,0,266000,108000,158000,158000
062075,智邦元大9B購03  ,0,0,0,0,0,0,0,0,0,158000,0,0,0,292000,134000,158000,158000
065939,創意群益01購01  ,0,0,0,0,0,0,0,0,0,157000,0,0,0,177000,20000,157000,157000
057539,南茂元大98購02  ,0,0,0,0,0,0,0,0,0,157000,0,0,0,408000,251000,157000,157000
061951,南電群益9B購01  ,0,0,0,0,0,0,0,0,0,157000,0,0,0,157000,0,157000,157000
063120,台光電元大9C購01,0,0,0,0,0,0,0,0,0,157000,0,0,0,158000,1000,157000,157000
062996,致茂國票9C購01  ,0,0,0,0,0,0,0,0,0,157000,0,0,0,187000,30000,157000,157000
064129,新日興元大9C購02,0,0,0,0,0,0,0,0,0,157000,0,0,0,363000,206000,157000,157000
2405,浩鑫            ,159000,2000,157000,0,0,0,0,0,0,0,0,0,0,0,0,0,157000
058699,楠梓電元大99購02,0,0,0,0,0,0,0,0,0,156000,0,0,0,228000,72000,156000,156000
3044,健鼎            ,679000,2273000,-1594000,0,0,0,316000,0,316000,1434000,81000,2000,79000,1570000,215000,1355000,156000
06813P,友訊元富98售03  ,0,0,0,0,0,0,0,0,0,155000,0,0,0,697000,542000,155000,155000
064644,台光電凱基9C購01,0,0,0,0,0,0,0,0,0,155000,0,0,0,178000,23000,155000,155000
056346,聯茂凱基99購02  ,0,0,0,0,0,0,0,0,0,155000,0,0,0,269000,114000,155000,155000
057284,新日興元大98購03,0,0,0,0,0,0,0,0,0,155000,0,0,0,162000,7000,155000,155000
060960,金像電凱基9B購01,0,0,0,0,0,0,0,0,0,155000,0,0,0,225000,70000,155000,155000
1604,聲寶            ,207000,87000,120000,0,0,0,0,0,0,35000,35000,0,35000,0,0,0,155000
065809,同欣電群益9C購03,0,0,0,0,0,0,0,0,0,154000,0,0,0,194000,40000,154000,154000
07719P,臺股指群益9A售08,0,0,0,0,0,0,0,0,0,154000,0,0,0,280000,126000,154000,154000
057265,聯詠兆豐98購01  ,0,0,0,0,0,0,0,0,0,154000,0,0,0,257000,103000,154000,154000
054426,國泰金富邦97購02,0,0,0,0,0,0,0,0,0,154000,0,0,0,514000,360000,154000,154000
056155,嘉晶凱基97購01  ,0,0,0,0,0,0,0,0,0,154000,0,0,0,305000,151000,154000,154000
061355,康友元大9A購03  ,0,0,0,0,0,0,0,0,0,154000,0,0,0,167000,13000,154000,154000
063517,遠東新凱基01購01,0,0,0,0,0,0,0,0,0,154000,0,0,0,180000,26000,154000,154000
063073,瑞昱永豐9B購01  ,0,0,0,0,0,0,0,0,0,154000,0,0,0,271000,117000,154000,154000
061905,上証反中信03購01,0,0,0,0,0,0,0,0,0,154000,0,0,0,185000,31000,154000,154000
062545,嘉晶永豐9B購01  ,0,0,0,0,0,0,0,0,0,154000,0,0,0,175000,21000,154000,154000
064920,景碩統一01購02  ,0,0,0,0,0,0,0,0,0,153000,0,0,0,188000,35000,153000,153000
061007,聯詠兆豐9A購01  ,0,0,0,0,0,0,0,0,0,153000,0,0,0,153000,0,153000,153000
065263,國泰金元大9C購02,0,0,0,0,0,0,0,0,0,152000,0,0,0,160000,8000,152000,152000
046999,康控富邦99購01  ,0,0,0,0,0,0,0,0,0,152000,0,0,0,152000,0,152000,152000
058293,光寶科凱基9A購01,0,0,0,0,0,0,0,0,0,152000,0,0,0,167000,15000,152000,152000
061121,智邦永豐9A購02  ,0,0,0,0,0,0,0,0,0,152000,0,0,0,476000,324000,152000,152000
058825,同欣電富邦9A購01,0,0,0,0,0,0,0,0,0,152000,0,0,0,152000,0,152000,152000
062107,台光電國票9B購01,0,0,0,0,0,0,0,0,0,152000,0,0,0,177000,25000,152000,152000
062745,聯詠永豐9B購01  ,0,0,0,0,0,0,0,0,0,152000,0,0,0,705000,553000,152000,152000
064501,大立光元大01購02,0,0,0,0,0,0,0,0,0,151000,0,0,0,151000,0,151000,151000
064748,力成國票01購01  ,0,0,0,0,0,0,0,0,0,151000,0,0,0,151000,0,151000,151000
064744,創意國票01購02  ,0,0,0,0,0,0,0,0,0,151000,0,0,0,176000,25000,151000,151000
07054P,華新科兆豐99售04,0,0,0,0,0,0,0,0,0,151000,0,0,0,210000,59000,151000,151000
053818,富邦金群益98購01,0,0,0,0,0,0,0,0,0,151000,0,0,0,151000,0,151000,151000
058814,南亞科台新99購01,0,0,0,0,0,0,0,0,0,151000,0,0,0,151000,0,151000,151000
062904,台光電元大9B購06,0,0,0,0,0,0,0,0,0,151000,0,0,0,349000,198000,151000,151000
064148,瑞昱統一02購01  ,0,0,0,0,0,0,0,0,0,151000,0,0,0,202000,51000,151000,151000
08201P,祥碩元大9B售09  ,0,0,0,0,0,0,0,0,0,151000,0,0,0,311000,160000,151000,151000
07546P,玉晶光凱基9A售09,0,0,0,0,0,0,0,0,0,150000,0,0,0,150000,0,150000,150000
06847P,奇力新元大98售05,0,0,0,0,0,0,0,0,0,150000,0,0,0,160000,10000,150000,150000
052521,友達元大9B購01  ,0,0,0,0,0,0,0,0,0,150000,0,0,0,150000,0,150000,150000
060008,華邦電群益9A購01,0,0,0,0,0,0,0,0,0,150000,0,0,0,150000,0,150000,150000
062345,和大群益9B購01  ,0,0,0,0,0,0,0,0,0,150000,0,0,0,182000,32000,150000,150000
062349,新日興群益9B購02,0,0,0,0,0,0,0,0,0,150000,0,0,0,227000,77000,150000,150000
062411,玉晶光第一9B購01,0,0,0,0,0,0,0,0,0,150000,0,0,0,150000,0,150000,150000
6283,淳安            ,163000,19000,144000,0,0,0,0,0,0,6000,6000,0,6000,0,0,0,150000
065150,上銀群益9C購03  ,0,0,0,0,0,0,0,0,0,149000,0,0,0,199000,50000,149000,149000
059591,台積電元大9A購04,0,0,0,0,0,0,0,0,0,149000,0,0,0,150000,1000,149000,149000
062218,燿華統一01購01  ,0,0,0,0,0,0,0,0,0,149000,0,0,0,327000,178000,149000,149000
061997,台郡元大9B購03  ,0,0,0,0,0,0,0,0,0,149000,0,0,0,161000,12000,149000,149000
9908,大台北          ,148000,19000,129000,0,0,0,0,0,0,20000,20000,0,20000,0,0,0,149000
2706,第一店          ,137000,7000,130000,0,0,0,0,0,0,19000,19000,0,19000,0,0,0,149000
065179,同欣電元大02購01,0,0,0,0,0,0,0,0,0,148000,0,0,0,230000,82000,148000,148000
064770,開發金中信01購01,0,0,0,0,0,0,0,0,0,148000,0,0,0,250000,102000,148000,148000
064615,智邦元大01購01  ,0,0,0,0,0,0,0,0,0,148000,0,0,0,300000,152000,148000,148000
055576,嘉晶統一98購01  ,0,0,0,0,0,0,0,0,0,148000,0,0,0,148000,0,148000,148000
055782,新日興凱基99購01,0,0,0,0,0,0,0,0,0,148000,0,0,0,176000,28000,148000,148000
055912,宏達電凱基98購03,0,0,0,0,0,0,0,0,0,148000,0,0,0,198000,50000,148000,148000
057902,嘉晶永豐98購02  ,0,0,0,0,0,0,0,0,0,148000,0,0,0,220000,72000,148000,148000
058677,矽格群益99購01  ,0,0,0,0,0,0,0,0,0,148000,0,0,0,251000,103000,148000,148000
061416,聯茂群益9A購01  ,0,0,0,0,0,0,0,0,0,148000,0,0,0,163000,15000,148000,148000
063921,大立光元富9C購03,0,0,0,0,0,0,0,0,0,148000,0,0,0,231000,83000,148000,148000
1614,三洋電          ,186000,41000,145000,0,0,0,0,0,0,3000,3000,0,3000,0,0,0,148000
4426,利勤            ,184000,38000,146000,0,0,0,0,0,0,2000,2000,0,2000,0,0,0,148000
051657,台郡元富98購01  ,0,0,0,0,0,0,0,0,0,147000,0,0,0,147000,0,147000,147000
059326,康友元大99購01  ,0,0,0,0,0,0,0,0,0,147000,0,0,0,276000,129000,147000,147000
063402,GIS群益9B購02   ,0,0,0,0,0,0,0,0,0,147000,0,0,0,192000,45000,147000,147000
062350,台表科群益9B購01,0,0,0,0,0,0,0,0,0,147000,0,0,0,152000,5000,147000,147000
056250,瑞昱兆豐97購02  ,0,0,0,0,0,0,0,0,0,146000,0,0,0,146000,0,146000,146000
063701,燿華群益9B購02  ,0,0,0,0,0,0,0,0,0,146000,0,0,0,156000,10000,146000,146000
08181P,華新科國泰9C售02,0,0,0,0,0,0,0,0,0,146000,0,0,0,146000,0,146000,146000
06492P,上銀永豐98售01  ,0,0,0,0,0,0,0,0,0,145000,0,0,0,145000,0,145000,145000
054624,台積電凱基98購03,0,0,0,0,0,0,0,0,0,145000,0,0,0,145000,0,145000,145000
061792,和大永豐9B購01  ,0,0,0,0,0,0,0,0,0,145000,0,0,0,145000,0,145000,145000
057835,華擎元富9B購01  ,0,0,0,0,0,0,0,0,0,145000,0,0,0,581000,436000,145000,145000
064227,和碩國票01購01  ,0,0,0,0,0,0,0,0,0,145000,0,0,0,150000,5000,145000,145000
063249,祥碩元大9B購06  ,0,0,0,0,0,0,0,0,0,145000,0,0,0,215000,70000,145000,145000
00641R,富邦日本反1     ,0,0,0,0,0,0,0,0,0,144000,0,0,0,390000,246000,144000,144000
055904,貿聯亞東99購01  ,0,0,0,0,0,0,0,0,0,144000,0,0,0,144000,0,144000,144000
059754,訊芯群益9A購01  ,0,0,0,0,0,0,0,0,0,144000,0,0,0,164000,20000,144000,144000
062743,微星國泰01購01  ,0,0,0,0,0,0,0,0,0,143000,0,0,0,185000,42000,143000,143000
08068P,宏達電國泰9C售01,0,0,0,0,0,0,0,0,0,143000,0,0,0,143000,0,143000,143000
1712,興農            ,264000,73000,191000,0,0,0,0,0,0,-48000,1000,49000,-48000,0,0,0,143000
2419,仲琦            ,346000,210000,136000,0,0,0,0,0,0,7000,7000,0,7000,0,0,0,143000
4942,嘉彰            ,153000,12000,141000,0,0,0,0,0,0,2000,2000,0,2000,0,0,0,143000
065374,義隆元大9C購07  ,0,0,0,0,0,0,0,0,0,142000,0,0,0,313000,171000,142000,142000
062477,聯詠國票9B購01  ,0,0,0,0,0,0,0,0,0,142000,0,0,0,155000,13000,142000,142000
064247,廣達元富9C購01  ,0,0,0,0,0,0,0,0,0,142000,0,0,0,614000,472000,142000,142000
064159,新日興統一01購02,0,0,0,0,0,0,0,0,0,142000,0,0,0,912000,770000,142000,142000
8462,柏文            ,169000,37000,132000,0,0,0,0,0,0,10000,1000,0,1000,10000,1000,9000,142000
08094P,華新科元富9B售05,0,0,0,0,0,0,0,0,0,142000,0,0,0,244000,102000,142000,142000
058047,可成元大98購11  ,0,0,0,0,0,0,0,0,0,141000,0,0,0,385000,244000,141000,141000
06025P,臺股指元大99售02,0,0,0,0,0,0,0,0,0,141000,0,0,0,202000,61000,141000,141000
063496,儒鴻永豐9B購01  ,0,0,0,0,0,0,0,0,0,141000,0,0,0,141000,0,141000,141000
062287,康友群益9B購02  ,0,0,0,0,0,0,0,0,0,141000,0,0,0,282000,141000,141000,141000
3027,盛達            ,349000,210000,139000,0,0,0,0,0,0,2000,2000,0,2000,0,0,0,141000
3645,達邁            ,173000,32000,141000,0,0,0,0,0,0,0,0,0,0,0,0,0,141000
07301P,臺股指元大9A售34,0,0,0,0,0,0,0,0,0,140000,0,0,0,140000,0,140000,140000
055024,興勤國泰98購01  ,0,0,0,0,0,0,0,0,0,140000,0,0,0,140000,0,140000,140000
059743,開發金元富99購01,0,0,0,0,0,0,0,0,0,140000,0,0,0,140000,0,140000,140000
059766,同欣電永豐99購03,0,0,0,0,0,0,0,0,0,140000,0,0,0,153000,13000,140000,140000
06050P,玉晶光國票98售01,0,0,0,0,0,0,0,0,0,140000,0,0,0,265000,125000,140000,140000
058687,聯茂凱基9A購01  ,0,0,0,0,0,0,0,0,0,140000,0,0,0,157000,17000,140000,140000
062127,台勝科統一01購02,0,0,0,0,0,0,0,0,0,140000,0,0,0,180000,40000,140000,140000
064215,康控凱基02購01  ,0,0,0,0,0,0,0,0,0,140000,0,0,0,289000,149000,140000,140000
2852,第一保          ,185000,48000,137000,0,0,0,0,0,0,3000,3000,0,3000,0,0,0,140000
2539,櫻花建          ,136000,4000,132000,0,0,0,0,0,0,8000,8000,0,8000,0,0,0,140000
5305,敦南            ,144000,18000,126000,0,0,0,0,0,0,14000,17000,3000,14000,0,0,0,140000
065166,台達電元大9C購04,0,0,0,0,0,0,0,0,0,139000,0,0,0,465000,326000,139000,139000
064817,鈺齊元大9C購02  ,0,0,0,0,0,0,0,0,0,139000,0,0,0,200000,61000,139000,139000
064729,聯茂統一02購02  ,0,0,0,0,0,0,0,0,0,139000,0,0,0,605000,466000,139000,139000
3311,閎暉            ,189000,52000,137000,0,0,0,0,0,0,2000,2000,0,2000,0,0,0,139000
07731P,臺股指凱基9A售28,0,0,0,0,0,0,0,0,0,138000,0,0,0,201000,63000,138000,138000
057071,華擎永豐98購02  ,0,0,0,0,0,0,0,0,0,138000,0,0,0,140000,2000,138000,138000
060540,南亞凱基9A購01  ,0,0,0,0,0,0,0,0,0,138000,0,0,0,158000,20000,138000,138000
062837,復盛群益9B購01  ,0,0,0,0,0,0,0,0,0,138000,0,0,0,221000,83000,138000,138000
3543,州巧            ,150000,12000,138000,0,0,0,0,0,0,0,0,0,0,0,0,0,138000
2495,普安            ,175000,52000,123000,0,0,0,0,0,0,15000,15000,0,15000,0,0,0,138000
065024,華擎永豐9C購01  ,0,0,0,0,0,0,0,0,0,137000,0,0,0,223000,86000,137000,137000
056665,上証2X國票99購02,0,0,0,0,0,0,0,0,0,137000,0,0,0,155000,18000,137000,137000
052456,滬深2X元富9B購03,0,0,0,0,0,0,0,0,0,137000,0,0,0,187000,50000,137000,137000
063131,聯茂元大9B購03  ,0,0,0,0,0,0,0,0,0,137000,0,0,0,138000,1000,137000,137000
063736,大立光元大9B購08,0,0,0,0,0,0,0,0,0,137000,0,0,0,174000,37000,137000,137000
3583,辛耘            ,141000,5000,136000,0,0,0,0,0,0,1000,1000,0,1000,0,0,0,137000
1316,上曜            ,140000,5000,135000,0,0,0,0,0,0,2000,2000,0,2000,0,0,0,137000
065678,聯發科統一01購07,0,0,0,0,0,0,0,0,0,136000,0,0,0,155000,19000,136000,136000
06845P,億光元大98售02  ,0,0,0,0,0,0,0,0,0,136000,0,0,0,141000,5000,136000,136000
061468,神達群益9A購01  ,0,0,0,0,0,0,0,0,0,136000,0,0,0,146000,10000,136000,136000
061625,聯茂群益9A購02  ,0,0,0,0,0,0,0,0,0,136000,0,0,0,156000,20000,136000,136000
062557,台光電凱基9B購02,0,0,0,0,0,0,0,0,0,136000,0,0,0,264000,128000,136000,136000
1760,寶齡富錦        ,535000,449000,86000,0,0,0,0,0,0,50000,50000,0,50000,0,0,0,136000
07653P,華新科群益9A售05,0,0,0,0,0,0,0,0,0,135000,0,0,0,135000,0,135000,135000
07949P,滬深2X元大9B售04,0,0,0,0,0,0,0,0,0,135000,0,0,0,499000,364000,135000,135000
065502,康友富邦03購01  ,0,0,0,0,0,0,0,0,0,135000,0,0,0,200000,65000,135000,135000
059008,鈺齊元大99購03  ,0,0,0,0,0,0,0,0,0,135000,0,0,0,294000,159000,135000,135000
060387,盛群凱基9A購01  ,0,0,0,0,0,0,0,0,0,135000,0,0,0,280000,145000,135000,135000
058614,台郡元大9A購01  ,0,0,0,0,0,0,0,0,0,135000,0,0,0,135000,0,135000,135000
065623,瑞昱中信04購01  ,0,0,0,0,0,0,0,0,0,134000,0,0,0,211000,77000,134000,134000
064898,國產群益9C購01  ,0,0,0,0,0,0,0,0,0,134000,0,0,0,164000,30000,134000,134000
06687P,A50正2中信9A售01,0,0,0,0,0,0,0,0,0,134000,0,0,0,201000,67000,134000,134000
052888,台表科中信9A購01,0,0,0,0,0,0,0,0,0,134000,0,0,0,134000,0,134000,134000
055541,聚陽凱基98購01  ,0,0,0,0,0,0,0,0,0,134000,0,0,0,142000,8000,134000,134000
056707,鴻海富邦99購03  ,0,0,0,0,0,0,0,0,0,134000,0,0,0,134000,0,134000,134000
056702,欣興國泰9A購01  ,0,0,0,0,0,0,0,0,0,134000,0,0,0,142000,8000,134000,134000
062094,台積電富邦9C購12,0,0,0,0,0,0,0,0,0,134000,0,0,0,250000,116000,134000,134000
08396P,鴻海元富9C售04  ,0,0,0,0,0,0,0,0,0,134000,0,0,0,154000,20000,134000,134000
06857P,超眾永豐98售02  ,0,0,0,0,0,0,0,0,0,133000,0,0,0,133000,0,133000,133000
057749,華新科國票99購01,0,0,0,0,0,0,0,0,0,133000,0,0,0,133000,0,133000,133000
060955,大立光群益9A購02,0,0,0,0,0,0,0,0,0,133000,0,0,0,231000,98000,133000,133000
062012,燿華富邦9C購01  ,0,0,0,0,0,0,0,0,0,133000,0,0,0,133000,0,133000,133000
062742,技嘉國泰01購01  ,0,0,0,0,0,0,0,0,0,133000,0,0,0,180000,47000,133000,133000
6451,訊芯-KY         ,295000,163000,132000,0,0,0,0,0,0,1000,6000,0,6000,17000,22000,-5000,133000
065972,聯發科元大01購07,0,0,0,0,0,0,0,0,0,132000,0,0,0,367000,235000,132000,132000
07084P,S&P正2元富9B售02,0,0,0,0,0,0,0,0,0,132000,0,0,0,133000,1000,132000,132000
064828,聯發科統一01購06,0,0,0,0,0,0,0,0,0,132000,0,0,0,175000,43000,132000,132000
065210,健策國票01購03  ,0,0,0,0,0,0,0,0,0,132000,0,0,0,212000,80000,132000,132000
05755P,臺股指中信99售04,0,0,0,0,0,0,0,0,0,132000,0,0,0,248000,116000,132000,132000
061025,創意富邦9B購01  ,0,0,0,0,0,0,0,0,0,132000,0,0,0,168000,36000,132000,132000
059878,聯茂凱基99購07  ,0,0,0,0,0,0,0,0,0,132000,0,0,0,133000,1000,132000,132000
058305,華邦電元大99購02,0,0,0,0,0,0,0,0,0,132000,0,0,0,132000,0,132000,132000
058205,神達凱基9B購01  ,0,0,0,0,0,0,0,0,0,132000,0,0,0,152000,20000,132000,132000
058188,華擎永豐99購01  ,0,0,0,0,0,0,0,0,0,132000,0,0,0,434000,302000,132000,132000
08086P,燿華凱基9B售03  ,0,0,0,0,0,0,0,0,0,132000,0,0,0,132000,0,132000,132000
2468,華經            ,150000,20000,130000,0,0,0,0,0,0,2000,2000,0,2000,0,0,0,132000
057318,台光電凱基9A購01,0,0,0,0,0,0,0,0,0,131000,0,0,0,169000,38000,131000,131000
061179,華擎凱基9A購01  ,0,0,0,0,0,0,0,0,0,131000,0,0,0,131000,0,131000,131000
059003,中壽元大99購01  ,0,0,0,0,0,0,0,0,0,131000,0,0,0,131000,0,131000,131000
4104,佳醫            ,134000,0,134000,0,0,0,0,0,0,-3000,2000,5000,-3000,0,0,0,131000
06510P,燿華永豐98售03  ,0,0,0,0,0,0,0,0,0,130000,0,0,0,130000,0,130000,130000
07102P,南電元大99售03  ,0,0,0,0,0,0,0,0,0,130000,0,0,0,250000,120000,130000,130000
07219P,臺股指凱基99售32,0,0,0,0,0,0,0,0,0,130000,0,0,0,150000,20000,130000,130000
057206,立積元富98購01  ,0,0,0,0,0,0,0,0,0,130000,0,0,0,130000,0,130000,130000
054565,玉晶光群益99購02,0,0,0,0,0,0,0,0,0,130000,0,0,0,130000,0,130000,130000
052095,彩晶元大97購01  ,0,0,0,0,0,0,0,0,0,130000,0,0,0,140000,10000,130000,130000
059928,道瓊銀富邦03購01,0,0,0,0,0,0,0,0,0,130000,0,0,0,130000,0,130000,130000
060412,儒鴻永豐9A購01  ,0,0,0,0,0,0,0,0,0,130000,0,0,0,130000,0,130000,130000
058567,華新科凱基9A購02,0,0,0,0,0,0,0,0,0,130000,0,0,0,130000,0,130000,130000
062113,瑞祺國票9B購01  ,0,0,0,0,0,0,0,0,0,130000,0,0,0,158000,28000,130000,130000
064311,新光金群益01購02,0,0,0,0,0,0,0,0,0,130000,0,0,0,130000,0,130000,130000
3059,華晶科          ,351000,231000,120000,0,0,0,0,0,0,10000,10000,0,10000,0,0,0,130000
1733,五鼎            ,143000,19000,124000,0,0,0,0,0,0,6000,8000,2000,6000,0,0,0,130000
07851P,聯發科國票9A售05,0,0,0,0,0,0,0,0,0,129000,0,0,0,133000,4000,129000,129000
053782,京元電元大98購02,0,0,0,0,0,0,0,0,0,129000,0,0,0,133000,4000,129000,129000
064289,台郡元大9C購01  ,0,0,0,0,0,0,0,0,0,129000,0,0,0,382000,253000,129000,129000
064443,同欣電凱基03購01,0,0,0,0,0,0,0,0,0,129000,0,0,0,247000,118000,129000,129000
062797,瑞昱統一9B購01  ,0,0,0,0,0,0,0,0,0,129000,0,0,0,276000,147000,129000,129000
063231,台泥元大9B購01  ,0,0,0,0,0,0,0,0,0,129000,0,0,0,454000,325000,129000,129000
3504,揚明光          ,352000,225000,127000,0,0,0,0,0,0,2000,4000,0,4000,0,2000,-2000,129000
065990,華擎永豐01購01  ,0,0,0,0,0,0,0,0,0,128000,0,0,0,310000,182000,128000,128000
065034,玉晶光統一01購11,0,0,0,0,0,0,0,0,0,128000,0,0,0,138000,10000,128000,128000
055234,昇陽半國票98購02,0,0,0,0,0,0,0,0,0,128000,0,0,0,128000,0,128000,128000
063139,聯發科統一9B購07,0,0,0,0,0,0,0,0,0,128000,0,0,0,128000,0,128000,128000
063121,友達元大9C購09  ,0,0,0,0,0,0,0,0,0,128000,0,0,0,222000,94000,128000,128000
064175,華通國泰02購01  ,0,0,0,0,0,0,0,0,0,128000,0,0,0,198000,70000,128000,128000
3010,華立            ,187000,10000,177000,0,0,0,0,0,0,-49000,1000,50000,-49000,0,0,0,128000
08297P,寶成元大9C售01  ,0,0,0,0,0,0,0,0,0,128000,0,0,0,175000,47000,128000,128000
064768,仁寶中信03購01  ,0,0,0,0,0,0,0,0,0,127000,0,0,0,127000,0,127000,127000
065912,瑞祺永豐9C購02  ,0,0,0,0,0,0,0,0,0,127000,0,0,0,208000,81000,127000,127000
058768,南港兆豐99購01  ,0,0,0,0,0,0,0,0,0,127000,0,0,0,200000,73000,127000,127000
063553,同欣電國票9B購03,0,0,0,0,0,0,0,0,0,127000,0,0,0,127000,0,127000,127000
6525,捷敏-KY         ,128000,2000,126000,0,0,0,0,0,0,1000,1000,0,1000,0,0,0,127000
6165,捷泰            ,133000,6000,127000,0,0,0,0,0,0,0,0,0,0,0,0,0,127000
3231,緯創            ,6395004,17037553,-10642549,0,0,0,2380000,29000,2351000,8418000,1003000,11000,992000,8174000,748000,7426000,126451
064616,智邦元大9C購04  ,0,0,0,0,0,0,0,0,0,126000,0,0,0,314000,188000,126000,126000
065672,嘉晶凱基01購01  ,0,0,0,0,0,0,0,0,0,126000,0,0,0,141000,15000,126000,126000
053744,台郡國票97購03  ,0,0,0,0,0,0,0,0,0,126000,0,0,0,130000,4000,126000,126000
057354,聯鈞統一99購03  ,0,0,0,0,0,0,0,0,0,126000,0,0,0,477000,351000,126000,126000
064331,微星元大9C購03  ,0,0,0,0,0,0,0,0,0,126000,0,0,0,242000,116000,126000,126000
062404,新唐永豐9B購01  ,0,0,0,0,0,0,0,0,0,126000,0,0,0,282000,156000,126000,126000
6224,聚鼎            ,152000,28000,124000,0,0,0,0,0,0,2000,2000,0,2000,0,0,0,126000
06552P,茂林元大99售02  ,0,0,0,0,0,0,0,0,0,125000,0,0,0,130000,5000,125000,125000
064998,T50反1國票02購01,0,0,0,0,0,0,0,0,0,125000,0,0,0,325000,200000,125000,125000
064864,金像電永豐01購01,0,0,0,0,0,0,0,0,0,125000,0,0,0,150000,25000,125000,125000
064885,T50反1中信04購01,0,0,0,0,0,0,0,0,0,125000,0,0,0,235000,110000,125000,125000
066064,T50反1凱基03購03,0,0,0,0,0,0,0,0,0,125000,0,0,0,300000,175000,125000,125000
07106P,國巨統一9B售05  ,0,0,0,0,0,0,0,0,0,125000,0,0,0,125000,0,125000,125000
06933P,禾伸堂元大98售03,0,0,0,0,0,0,0,0,0,125000,0,0,0,145000,20000,125000,125000
057469,康友永豐98購02  ,0,0,0,0,0,0,0,0,0,125000,0,0,0,125000,0,125000,125000
059438,群創元大99購06  ,0,0,0,0,0,0,0,0,0,125000,0,0,0,135000,10000,125000,125000
062191,台郡元大9B購05  ,0,0,0,0,0,0,0,0,0,125000,0,0,0,284000,159000,125000,125000
064188,玉晶光永豐9C購02,0,0,0,0,0,0,0,0,0,125000,0,0,0,254000,129000,125000,125000
1589,永冠-KY         ,236000,134000,102000,0,0,0,0,0,0,23000,22000,0,22000,1000,0,1000,125000
08524P,奇力新元大9C售01,0,0,0,0,0,0,0,0,0,125000,0,0,0,125000,0,125000,125000
1315,達新            ,139000,74000,65000,0,0,0,0,0,0,60000,4000,0,4000,58000,2000,56000,125000
1435,中福            ,126000,1000,125000,0,0,0,0,0,0,0,0,0,0,0,0,0,125000
07883P,可成凱基9B售03  ,0,0,0,0,0,0,0,0,0,124000,0,0,0,127000,3000,124000,124000
065900,瑞祺國泰02購01  ,0,0,0,0,0,0,0,0,0,124000,0,0,0,444000,320000,124000,124000
065324,聯發科凱基9C購10,0,0,0,0,0,0,0,0,0,124000,0,0,0,143000,19000,124000,124000
054567,拓凱群益98購01  ,0,0,0,0,0,0,0,0,0,124000,0,0,0,370000,246000,124000,124000
061586,智邦富邦9A購02  ,0,0,0,0,0,0,0,0,0,124000,0,0,0,188000,64000,124000,124000
064486,聚陽元大9C購01  ,0,0,0,0,0,0,0,0,0,124000,0,0,0,261000,137000,124000,124000
063737,大立光元大9C購07,0,0,0,0,0,0,0,0,0,124000,0,0,0,179000,55000,124000,124000
063870,健策永豐01購01  ,0,0,0,0,0,0,0,0,0,124000,0,0,0,179000,55000,124000,124000
1528,恩德            ,150000,28000,122000,0,0,0,0,0,0,2000,2000,0,2000,0,0,0,124000
2034,允強            ,186000,68000,118000,0,0,0,0,0,0,6000,6000,0,6000,0,0,0,124000
3419,譁裕            ,143000,39000,104000,0,0,0,0,0,0,20000,20000,0,20000,0,0,0,124000
00743,國泰中國A150    ,0,0,0,0,0,0,0,0,0,123012,0,0,0,130012,7000,123012,123012
051946,健策統一98購01  ,0,0,0,0,0,0,0,0,0,123000,0,0,0,128000,5000,123000,123000
057118,欣興日盛9A購01  ,0,0,0,0,0,0,0,0,0,123000,0,0,0,206000,83000,123000,123000
062049,亞德客統一01購01,0,0,0,0,0,0,0,0,0,123000,0,0,0,180000,57000,123000,123000
062582,鴻海統一9C購11  ,0,0,0,0,0,0,0,0,0,123000,0,0,0,125000,2000,123000,123000
2433,互盛電          ,117000,7000,110000,0,0,0,0,0,0,13000,13000,0,13000,0,0,0,123000
6452,康友-KY         ,191000,74000,117000,0,0,0,0,0,0,6000,1000,0,1000,27000,22000,5000,123000
6668,中揚光          ,250000,127000,123000,0,0,0,0,0,0,0,0,0,0,0,0,0,123000
065048,世芯凱基01購01  ,0,0,0,0,0,0,0,0,0,122000,0,0,0,172000,50000,122000,122000
061431,鈺齊元大9A購01  ,0,0,0,0,0,0,0,0,0,122000,0,0,0,127000,5000,122000,122000
060376,瑞祺元富9A購01  ,0,0,0,0,0,0,0,0,0,122000,0,0,0,214000,92000,122000,122000
062462,GIS群益9B購01   ,0,0,0,0,0,0,0,0,0,122000,0,0,0,175000,53000,122000,122000
063914,和碩凱基9C購01  ,0,0,0,0,0,0,0,0,0,122000,0,0,0,173000,51000,122000,122000
2038,海光            ,136000,18000,118000,0,0,0,0,0,0,4000,4000,0,4000,0,0,0,122000
2516,新建            ,125000,4000,121000,0,0,0,0,0,0,1000,1000,0,1000,0,0,0,122000
1321,大洋            ,114000,0,114000,0,0,0,0,0,0,8000,8000,0,8000,0,0,0,122000
06706P,智原台新98售02  ,0,0,0,0,0,0,0,0,0,121000,0,0,0,121000,0,121000,121000
053568,智伸科富邦98購01,0,0,0,0,0,0,0,0,0,121000,0,0,0,548000,427000,121000,121000
061473,台積電元大9A購33,0,0,0,0,0,0,0,0,0,121000,0,0,0,121000,0,121000,121000
061695,群創群益9A購01  ,0,0,0,0,0,0,0,0,0,121000,0,0,0,160000,39000,121000,121000
063490,儒鴻富邦9C購01  ,0,0,0,0,0,0,0,0,0,121000,0,0,0,285000,164000,121000,121000
062415,聯茂中信9C購01  ,0,0,0,0,0,0,0,0,0,121000,0,0,0,171000,50000,121000,121000
063196,力成元富9B購01  ,0,0,0,0,0,0,0,0,0,121000,0,0,0,234000,113000,121000,121000
2606,裕民            ,279000,251000,28000,0,0,0,0,6000,-6000,99000,107000,0,107000,0,8000,-8000,121000
2851,中再保          ,116000,6000,110000,0,0,0,0,0,0,11000,11000,0,11000,0,0,0,121000
2929,淘帝-KY         ,175000,54000,121000,0,0,0,0,0,0,0,0,0,0,0,0,0,121000
3029,零壹            ,658000,539000,119000,0,0,0,0,0,0,2000,7000,5000,2000,0,0,0,121000
2444,兆勁            ,124000,3000,121000,0,0,0,0,0,0,0,0,0,0,0,0,0,121000
6189,豐藝            ,122000,3000,119000,0,0,0,0,0,0,2000,4000,2000,2000,0,0,0,121000
06902P,聯電凱基98售02  ,0,0,0,0,0,0,0,0,0,120000,0,0,0,150000,30000,120000,120000
07190P,臺股指富邦9C售02,0,0,0,0,0,0,0,0,0,120000,0,0,0,120000,0,120000,120000
064575,鈺齊群益9C購01  ,0,0,0,0,0,0,0,0,0,120000,0,0,0,438000,318000,120000,120000
064706,嘉晶富邦01購01  ,0,0,0,0,0,0,0,0,0,120000,0,0,0,125000,5000,120000,120000
047482,新光金凱基99購03,0,0,0,0,0,0,0,0,0,120000,0,0,0,120000,0,120000,120000
043538,元石油國票97購01,0,0,0,0,0,0,0,0,0,120000,0,0,0,120000,0,120000,120000
057092,健策元富98購01  ,0,0,0,0,0,0,0,0,0,120000,0,0,0,140000,20000,120000,120000
061464,瑞昱群益9A購01  ,0,0,0,0,0,0,0,0,0,120000,0,0,0,130000,10000,120000,120000
063089,巨大凱基9C購01  ,0,0,0,0,0,0,0,0,0,120000,0,0,0,125000,5000,120000,120000
062596,緯穎統一01購02  ,0,0,0,0,0,0,0,0,0,120000,0,0,0,120000,0,120000,120000
1904,正隆            ,3101000,717000,2384000,0,0,0,0,0,0,-2264000,253000,184000,69000,29000,2362000,-2333000,120000
08019P,緯穎國票9B售02  ,0,0,0,0,0,0,0,0,0,120000,0,0,0,120000,0,120000,120000
07839P,嘉澤元大9A售04  ,0,0,0,0,0,0,0,0,0,119000,0,0,0,119000,0,119000,119000
056270,群創統一98購04  ,0,0,0,0,0,0,0,0,0,119000,0,0,0,119000,0,119000,119000
060164,合勤控永豐9A購01,0,0,0,0,0,0,0,0,0,119000,0,0,0,123000,4000,119000,119000
060229,楠梓電元大9C購01,0,0,0,0,0,0,0,0,0,119000,0,0,0,308000,189000,119000,119000
061593,智原永豐9A購01  ,0,0,0,0,0,0,0,0,0,119000,0,0,0,417000,298000,119000,119000
061360,智邦兆豐9B購02  ,0,0,0,0,0,0,0,0,0,119000,0,0,0,121000,2000,119000,119000
063548,同欣電兆豐9B購01,0,0,0,0,0,0,0,0,0,119000,0,0,0,460000,341000,119000,119000
2705,六福            ,150000,32000,118000,0,0,0,0,0,0,1000,1000,0,1000,0,0,0,119000
07536P,華新科元富9A售04,0,0,0,0,0,0,0,0,0,118000,0,0,0,414000,296000,118000,118000
065231,宏達電凱基01購01,0,0,0,0,0,0,0,0,0,118000,0,0,0,242000,124000,118000,118000
059181,世紀鋼元富9C購01,0,0,0,0,0,0,0,0,0,118000,0,0,0,136000,18000,118000,118000
063663,台光電統一9C購01,0,0,0,0,0,0,0,0,0,118000,0,0,0,304000,186000,118000,118000
062643,緯穎國票9B購01  ,0,0,0,0,0,0,0,0,0,118000,0,0,0,157000,39000,118000,118000
062301,聯詠中信05購01  ,0,0,0,0,0,0,0,0,0,118000,0,0,0,118000,0,118000,118000
3607,谷崧            ,245000,133000,112000,0,0,0,0,0,0,6000,6000,0,6000,0,0,0,118000
6214,精誠            ,233000,126000,107000,0,0,0,0,0,0,11000,30000,19000,11000,0,0,0,118000
060591,富邦金台新9A購01,0,0,0,0,0,0,0,0,0,117000,0,0,0,140000,23000,117000,117000
060289,京元電元大9A購01,0,0,0,0,0,0,0,0,0,117000,0,0,0,154000,37000,117000,117000
061304,創意永豐9A購02  ,0,0,0,0,0,0,0,0,0,117000,0,0,0,139000,22000,117000,117000
064191,聯發科中信03購01,0,0,0,0,0,0,0,0,0,117000,0,0,0,132000,15000,117000,117000
4956,光鋐            ,643000,528000,115000,0,0,0,0,0,0,2000,2000,0,2000,0,0,0,117000
2228,劍麟            ,177000,57000,120000,0,0,0,0,0,0,-3000,1000,10000,-9000,7000,1000,6000,117000
08469P,富邦金凱基9C售01,0,0,0,0,0,0,0,0,0,117000,0,0,0,142000,25000,117000,117000
065705,嘉晶群益9C購05  ,0,0,0,0,0,0,0,0,0,116000,0,0,0,124000,8000,116000,116000
06453P,群創元大9B售02  ,0,0,0,0,0,0,0,0,0,116000,0,0,0,241000,125000,116000,116000
064903,新唐群益9C購01  ,0,0,0,0,0,0,0,0,0,116000,0,0,0,194000,78000,116000,116000
061726,台積電麥證9A購05,0,0,0,116000,0,116000,0,0,0,116000,0,0,0,116000,0,116000,116000
064304,信邦兆豐01購01  ,0,0,0,0,0,0,0,0,0,116000,0,0,0,190000,74000,116000,116000
063291,緯穎元大01購01  ,0,0,0,0,0,0,0,0,0,116000,0,0,0,280000,164000,116000,116000
08552P,華新科群益9C售04,0,0,0,0,0,0,0,0,0,116000,0,0,0,116000,0,116000,116000
08139P,華新科元大9B售12,0,0,0,0,0,0,0,0,0,116000,0,0,0,116000,0,116000,116000
1527,鑽全            ,117000,3000,114000,0,0,0,0,0,0,2000,2000,0,2000,0,0,0,116000
064943,聚陽凱基9C購01  ,0,0,0,0,0,0,0,0,0,115000,0,0,0,220000,105000,115000,115000
064519,聯詠群益9C購01  ,0,0,0,0,0,0,0,0,0,115000,0,0,0,142000,27000,115000,115000
07956P,鴻海群益9B售06  ,0,0,0,0,0,0,0,0,0,115000,0,0,0,115000,0,115000,115000
06861P,台積電國票99售08,0,0,0,0,0,0,0,0,0,115000,0,0,0,128000,13000,115000,115000
055972,GIS元大97購04   ,0,0,0,0,0,0,0,0,0,115000,0,0,0,358000,243000,115000,115000
057744,健策永豐98購02  ,0,0,0,0,0,0,0,0,0,115000,0,0,0,138000,23000,115000,115000
054477,聯發科中信9C購02,0,0,0,0,0,0,0,0,0,115000,0,0,0,115000,0,115000,115000
057894,華通元富02購02  ,0,0,0,0,0,0,0,0,0,115000,0,0,0,123000,8000,115000,115000
063167,同欣電永豐9B購03,0,0,0,0,0,0,0,0,0,115000,0,0,0,206000,91000,115000,115000
065737,南茂凱基9C購02  ,0,0,0,0,0,0,0,0,0,114000,0,0,0,193000,79000,114000,114000
065194,和大元富9C購01  ,0,0,0,0,0,0,0,0,0,114000,0,0,0,199000,85000,114000,114000
057309,南茂兆豐99購01  ,0,0,0,0,0,0,0,0,0,114000,0,0,0,114000,0,114000,114000
059140,大立光兆豐9A購02,0,0,0,0,0,0,0,0,0,114000,0,0,0,164000,50000,114000,114000
061910,台積電中信05購03,0,0,0,0,0,0,0,0,0,114000,0,0,0,131000,17000,114000,114000
063324,道瓊反國票9B購03,0,0,0,0,0,0,0,0,0,114000,0,0,0,168000,54000,114000,114000
08132P,南六元大9B售05  ,0,0,0,0,0,0,0,0,0,114000,0,0,0,195000,81000,114000,114000
064982,新唐元大9C購01  ,0,0,0,0,0,0,0,0,0,113000,0,0,0,335000,222000,113000,113000
07977P,華新科群益01售01,0,0,0,0,0,0,0,0,0,113000,0,0,0,122000,9000,113000,113000
057674,台郡元大99購03  ,0,0,0,0,0,0,0,0,0,113000,0,0,0,113000,0,113000,113000
057824,日月光元大98購01,0,0,0,0,0,0,0,0,0,113000,0,0,0,123000,10000,113000,113000
060051,台積電凱基9B購01,0,0,0,0,0,0,0,0,0,113000,0,0,0,113000,0,113000,113000
058820,致茂國泰9B購01  ,0,0,0,0,0,0,0,0,0,113000,0,0,0,123000,10000,113000,113000
063506,嘉晶群益9B購01  ,0,0,0,0,0,0,0,0,0,113000,0,0,0,243000,130000,113000,113000
064074,南茂永豐9C購01  ,0,0,0,0,0,0,0,0,0,113000,0,0,0,125000,12000,113000,113000
062725,大立光凱基9B購06,0,0,0,0,0,0,0,0,0,113000,0,0,0,113000,0,113000,113000
2530,華建            ,179000,73000,106000,0,0,0,0,0,0,7000,7000,0,7000,0,0,0,113000
065829,嘉晶凱基9C購05  ,0,0,0,0,0,0,0,0,0,112000,0,0,0,148000,36000,112000,112000
053875,GIS元大97購01   ,0,0,0,0,0,0,0,0,0,112000,0,0,0,192000,80000,112000,112000
056540,聯詠凱基98購02  ,0,0,0,0,0,0,0,0,0,112000,0,0,0,180000,68000,112000,112000
060916,金像電國泰9C購01,0,0,0,0,0,0,0,0,0,112000,0,0,0,308000,196000,112000,112000
060285,聯電元大9C購01  ,0,0,0,0,0,0,0,0,0,112000,0,0,0,171000,59000,112000,112000
062821,華擎兆豐9C購01  ,0,0,0,0,0,0,0,0,0,112000,0,0,0,195000,83000,112000,112000
062544,信錦永豐9B購01  ,0,0,0,0,0,0,0,0,0,112000,0,0,0,112000,0,112000,112000
064354,同欣電元大9C購05,0,0,0,0,0,0,0,0,0,112000,0,0,0,225000,113000,112000,112000
08272P,鴻海元富9C售02  ,0,0,0,0,0,0,0,0,0,112000,0,0,0,132000,20000,112000,112000
5007,三星            ,114000,8000,106000,0,0,0,0,0,0,6000,6000,0,6000,0,0,0,112000
065859,GIS元大9C購10   ,0,0,0,0,0,0,0,0,0,111000,0,0,0,258000,147000,111000,111000
065418,緯創國票01購01  ,0,0,0,0,0,0,0,0,0,111000,0,0,0,112000,1000,111000,111000
056187,京鼎統一97購01  ,0,0,0,0,0,0,0,0,0,111000,0,0,0,199000,88000,111000,111000
054272,華通中信98購01  ,0,0,0,0,0,0,0,0,0,111000,0,0,0,247000,136000,111000,111000
060962,義隆凱基9B購01  ,0,0,0,0,0,0,0,0,0,111000,0,0,0,117000,6000,111000,111000
058464,矽創兆豐9A購01  ,0,0,0,0,0,0,0,0,0,111000,0,0,0,112000,1000,111000,111000
062774,儒鴻元大9C購01  ,0,0,0,0,0,0,0,0,0,111000,0,0,0,141000,30000,111000,111000
063246,嘉晶元大9C購01  ,0,0,0,0,0,0,0,0,0,111000,0,0,0,311000,200000,111000,111000
08588P,緯穎元富03售01  ,0,0,0,0,0,0,0,0,0,111000,0,0,0,220000,109000,111000,111000
2545,皇翔            ,149000,48000,101000,0,0,0,0,0,0,10000,10000,0,10000,0,0,0,111000
065172,義隆元大9C購05  ,0,0,0,0,0,0,0,0,0,110000,0,0,0,154000,44000,110000,110000
065041,金像電凱基02購02,0,0,0,0,0,0,0,0,0,110000,0,0,0,230000,120000,110000,110000
064753,英業達凱基9C購01,0,0,0,0,0,0,0,0,0,110000,0,0,0,140000,30000,110000,110000
065847,嘉晶元大9C購03  ,0,0,0,0,0,0,0,0,0,110000,0,0,0,375000,265000,110000,110000
065841,國巨元大9C購20  ,0,0,0,0,0,0,0,0,0,110000,0,0,0,111000,1000,110000,110000
07133P,臺股指元大9A售27,0,0,0,0,0,0,0,0,0,110000,0,0,0,280000,170000,110000,110000
051544,T50反1康和98購01,0,0,0,0,0,0,0,0,0,110000,0,0,0,110000,0,110000,110000
055262,台虹國泰98購01  ,0,0,0,0,0,0,0,0,0,110000,0,0,0,140000,30000,110000,110000
057136,立積凱基98購02  ,0,0,0,0,0,0,0,0,0,110000,0,0,0,198000,88000,110000,110000
058285,牧德群益9A購02  ,0,0,0,0,0,0,0,0,0,110000,0,0,0,110000,0,110000,110000
062511,台光電國票9B購02,0,0,0,0,0,0,0,0,0,110000,0,0,0,120000,10000,110000,110000
061880,台郡元大9B購02  ,0,0,0,0,0,0,0,0,0,110000,0,0,0,131000,21000,110000,110000
062108,晶豪科國票9B購01,0,0,0,0,0,0,0,0,0,110000,0,0,0,141000,31000,110000,110000
063519,聚陽凱基9B購02  ,0,0,0,0,0,0,0,0,0,110000,0,0,0,110000,0,110000,110000
2850,新產            ,118000,6000,112000,0,0,0,0,0,0,-2000,6000,8000,-2000,0,0,0,110000
08377P,臻鼎元富9C售02  ,0,0,0,0,0,0,0,0,0,110000,0,0,0,110000,0,110000,110000
065298,健策統一9C購06  ,0,0,0,0,0,0,0,0,0,109000,0,0,0,109000,0,109000,109000
060867,智伸科永豐9A購01,0,0,0,0,0,0,0,0,0,109000,0,0,0,109000,0,109000,109000
050508,上証2X元大97購01,0,0,0,0,0,0,0,0,0,109000,0,0,0,144000,35000,109000,109000
060326,群光群益9A購01  ,0,0,0,0,0,0,0,0,0,109000,0,0,0,125000,16000,109000,109000
058170,國巨凱基9A購06  ,0,0,0,0,0,0,0,0,0,109000,0,0,0,109000,0,109000,109000
061180,華擎凱基9B購01  ,0,0,0,0,0,0,0,0,0,109000,0,0,0,137000,28000,109000,109000
063592,瑞祺永豐9B購02  ,0,0,0,0,0,0,0,0,0,109000,0,0,0,431000,322000,109000,109000
2642,宅配通          ,123000,19000,104000,0,0,0,0,0,0,5000,5000,0,5000,0,0,0,109000
6024,群益期          ,125000,16000,109000,0,0,0,0,0,0,0,0,0,0,0,0,0,109000
065294,創意群益9C購03  ,0,0,0,0,0,0,0,0,0,108000,0,0,0,108000,0,108000,108000
065259,燿華元大9C購05  ,0,0,0,0,0,0,0,0,0,108000,0,0,0,157000,49000,108000,108000
064800,鴻海元大9C購12  ,0,0,0,0,0,0,0,0,0,108000,0,0,0,139000,31000,108000,108000
057764,台表科凱基9A購01,0,0,0,0,0,0,0,0,0,108000,0,0,0,146000,38000,108000,108000
064032,群創元大9C購06  ,0,0,0,0,0,0,0,0,0,108000,0,0,0,170000,62000,108000,108000
062381,上銀國泰9C購01  ,0,0,0,0,0,0,0,0,0,108000,0,0,0,144000,36000,108000,108000
063245,富邦金元大9B購03,0,0,0,0,0,0,0,0,0,108000,0,0,0,239000,131000,108000,108000
054806,台化元大9A購01  ,0,0,0,0,0,0,0,0,0,107000,0,0,0,107000,0,107000,107000
060016,廣達康和99購01  ,0,0,0,0,0,0,0,0,0,107000,0,0,0,357000,250000,107000,107000
063284,大立光元大9B購07,0,0,0,0,0,0,0,0,0,107000,0,0,0,142000,35000,107000,107000
2009,第一銅          ,100000,3000,97000,0,0,0,0,0,0,10000,10000,0,10000,0,0,0,107000
056288,健鼎永豐97購01  ,0,0,0,0,0,0,0,0,0,106000,0,0,0,182000,76000,106000,106000
056594,台積電元富98購03,0,0,0,0,0,0,0,0,0,106000,0,0,0,106000,0,106000,106000
063723,儒鴻元大9B購04  ,0,0,0,0,0,0,0,0,0,106000,0,0,0,231000,125000,106000,106000
064000,台郡兆豐9C購01  ,0,0,0,0,0,0,0,0,0,106000,0,0,0,688000,582000,106000,106000
064055,台郡統一02購01  ,0,0,0,0,0,0,0,0,0,106000,0,0,0,174000,68000,106000,106000
064103,大立光群益9C購03,0,0,0,0,0,0,0,0,0,106000,0,0,0,106000,0,106000,106000
062948,台積電富邦01購02,0,0,0,0,0,0,0,0,0,106000,0,0,0,110000,4000,106000,106000
061991,牧德元大9C購01  ,0,0,0,0,0,0,0,0,0,106000,0,0,0,158000,52000,106000,106000
1526,日馳            ,293000,188000,105000,0,0,0,0,0,0,1000,1000,0,1000,0,0,0,106000
1337,再生-KY         ,197000,93000,104000,0,0,0,0,0,0,2000,2000,0,2000,0,0,0,106000
5258,虹堡            ,130000,20000,110000,0,0,0,0,0,0,-4000,2000,6000,-4000,0,0,0,106000
065387,台光電兆豐9C購02,0,0,0,0,0,0,0,0,0,105000,0,0,0,115000,10000,105000,105000
06736P,新日興凱基98售03,0,0,0,0,0,0,0,0,0,105000,0,0,0,105000,0,105000,105000
057574,中磊永豐98購01  ,0,0,0,0,0,0,0,0,0,105000,0,0,0,130000,25000,105000,105000
053798,台積電中信98購02,0,0,0,0,0,0,0,0,0,105000,0,0,0,115000,10000,105000,105000
056381,台虹元富98購01  ,0,0,0,0,0,0,0,0,0,105000,0,0,0,105000,0,105000,105000
050400,臻鼎中信97購01  ,0,0,0,0,0,0,0,0,0,105000,0,0,0,105000,0,105000,105000
058558,鴻海日盛9A購02  ,0,0,0,0,0,0,0,0,0,105000,0,0,0,194000,89000,105000,105000
060909,金像電元大9B購01,0,0,0,0,0,0,0,0,0,105000,0,0,0,247000,142000,105000,105000
063376,神達永豐9B購01  ,0,0,0,0,0,0,0,0,0,105000,0,0,0,256000,151000,105000,105000
08276P,可成元富9C售02  ,0,0,0,0,0,0,0,0,0,105000,0,0,0,268000,163000,105000,105000
065370,瑞昱元大9C購02  ,0,0,0,0,0,0,0,0,0,104000,0,0,0,383000,279000,104000,104000
065286,瑞昱群益9C購03  ,0,0,0,0,0,0,0,0,0,104000,0,0,0,174000,70000,104000,104000
065170,智邦元大9C購07  ,0,0,0,0,0,0,0,0,0,104000,0,0,0,249000,145000,104000,104000
065458,立積元富03購02  ,0,0,0,0,0,0,0,0,0,104000,0,0,0,583000,479000,104000,104000
064764,聯茂凱基01購01  ,0,0,0,0,0,0,0,0,0,104000,0,0,0,244000,140000,104000,104000
060477,和潤元大9A購01  ,0,0,0,0,0,0,0,0,0,104000,0,0,0,117000,13000,104000,104000
059848,智邦永豐99購01  ,0,0,0,0,0,0,0,0,0,104000,0,0,0,108000,4000,104000,104000
061102,台積電元大9A購22,0,0,0,0,0,0,0,0,0,104000,0,0,0,104000,0,104000,104000
063342,台光電統一9B購02,0,0,0,0,0,0,0,0,0,104000,0,0,0,168000,64000,104000,104000
064064,義隆富邦03購01  ,0,0,0,0,0,0,0,0,0,104000,0,0,0,176000,72000,104000,104000
062414,臻鼎中信01購01  ,0,0,0,0,0,0,0,0,0,104000,0,0,0,122000,18000,104000,104000
063021,大立光元大9C購05,0,0,0,0,0,0,0,0,0,104000,0,0,0,106000,2000,104000,104000
062727,華擎凱基9B購03  ,0,0,0,0,0,0,0,0,0,104000,0,0,0,170000,66000,104000,104000
08428P,GIS國票01售01   ,0,0,0,0,0,0,0,0,0,104000,0,0,0,144000,40000,104000,104000
2022,聚亨            ,107000,4000,103000,0,0,0,0,0,0,1000,1000,0,1000,0,0,0,104000
5515,建國            ,105000,12000,93000,0,0,0,0,0,0,11000,11000,0,11000,0,0,0,104000
064581,葡萄王永豐9C購01,0,0,0,0,0,0,0,0,0,103000,0,0,0,103000,0,103000,103000
064651,GIS凱基9C購02   ,0,0,0,0,0,0,0,0,0,103000,0,0,0,123000,20000,103000,103000
060599,國巨凱基9C購01  ,0,0,0,0,0,0,0,0,0,103000,0,0,0,117000,14000,103000,103000
057606,健策統一98購03  ,0,0,0,0,0,0,0,0,0,103000,0,0,0,106000,3000,103000,103000
058408,華通兆豐99購02  ,0,0,0,0,0,0,0,0,0,103000,0,0,0,103000,0,103000,103000
3094,聯傑            ,368000,266000,102000,0,0,0,0,0,0,1000,1000,0,1000,0,0,0,103000
08466P,旺宏統一9C售03  ,0,0,0,0,0,0,0,0,0,103000,0,0,0,103000,0,103000,103000
065546,景碩兆豐01購01  ,0,0,0,0,0,0,0,0,0,102000,0,0,0,152000,50000,102000,102000
06513P,鴻海凱基98售10  ,0,0,0,0,0,0,0,0,0,102000,0,0,0,102000,0,102000,102000
06644P,亞德客元大98售03,0,0,0,0,0,0,0,0,0,102000,0,0,0,102000,0,102000,102000
060723,致新永豐9A購01  ,0,0,0,0,0,0,0,0,0,102000,0,0,0,172000,70000,102000,102000
057056,立積元大99購02  ,0,0,0,0,0,0,0,0,0,102000,0,0,0,195000,93000,102000,102000
061142,南電統一9A購01  ,0,0,0,0,0,0,0,0,0,102000,0,0,0,103000,1000,102000,102000
059364,昇陽半永豐99購02,0,0,0,0,0,0,0,0,0,102000,0,0,0,213000,111000,102000,102000
061772,健策元大9B購06  ,0,0,0,0,0,0,0,0,0,102000,0,0,0,136000,34000,102000,102000
061682,南電元大9B購01  ,0,0,0,0,0,0,0,0,0,102000,0,0,0,102000,0,102000,102000
062044,健策凱基9B購02  ,0,0,0,0,0,0,0,0,0,102000,0,0,0,107000,5000,102000,102000
063419,聯發科凱基03購01,0,0,0,0,0,0,0,0,0,102000,0,0,0,140000,38000,102000,102000
1442,名軒            ,141000,40000,101000,0,0,0,0,0,0,1000,1000,0,1000,0,0,0,102000
06679P,旺宏元大98售09  ,0,0,0,0,0,0,0,0,0,101000,0,0,0,101000,0,101000,101000
07614P,華新科群益9A售04,0,0,0,0,0,0,0,0,0,101000,0,0,0,202000,101000,101000,101000
07754P,日月光元大9A售02,0,0,0,0,0,0,0,0,0,101000,0,0,0,201000,100000,101000,101000
064919,嘉晶統一02購02  ,0,0,0,0,0,0,0,0,0,101000,0,0,0,366000,265000,101000,101000
051907,台積電元大97購05,0,0,0,0,0,0,0,0,0,101000,0,0,0,102000,1000,101000,101000
054308,嘉晶凱基98購01  ,0,0,0,0,0,0,0,0,0,101000,0,0,0,327000,226000,101000,101000
057716,神達統一98購01  ,0,0,0,0,0,0,0,0,0,101000,0,0,0,271000,170000,101000,101000
061877,貿聯元大9B購01  ,0,0,0,0,0,0,0,0,0,101000,0,0,0,140000,39000,101000,101000
062483,致新國票9B購01  ,0,0,0,0,0,0,0,0,0,101000,0,0,0,129000,28000,101000,101000
062874,微星兆豐9B購01  ,0,0,0,0,0,0,0,0,0,101000,0,0,0,248000,147000,101000,101000
1507,永大            ,107000,10000,97000,0,0,0,0,0,0,4000,4000,0,4000,0,0,0,101000
064953,嘉晶凱基9C購02  ,0,0,0,0,0,0,0,0,0,100000,0,0,0,159000,59000,100000,100000
064566,大立光群益9C購04,0,0,0,0,0,0,0,0,0,100000,0,0,0,121000,21000,100000,100000
06545P,致茂元大98售01  ,0,0,0,0,0,0,0,0,0,100000,0,0,0,100000,0,100000,100000
06543P,鴻海元大98售08  ,0,0,0,0,0,0,0,0,0,100000,0,0,0,100000,0,100000,100000
065642,台積電元大9C購13,0,0,0,0,0,0,0,0,0,100000,0,0,0,193000,93000,100000,100000
07714P,世紀鋼元大9A售03,0,0,0,0,0,0,0,0,0,100000,0,0,0,200000,100000,100000,100000
07690P,華新科元大9A售15,0,0,0,0,0,0,0,0,0,100000,0,0,0,102000,2000,100000,100000
07771P,義隆國票9A售01  ,0,0,0,0,0,0,0,0,0,100000,0,0,0,250000,150000,100000,100000
07619P,鴻海統一9A售03  ,0,0,0,0,0,0,0,0,0,100000,0,0,0,100000,0,100000,100000
07657P,技嘉凱基9A售03  ,0,0,0,0,0,0,0,0,0,100000,0,0,0,100000,0,100000,100000
07660P,聯茂凱基9A售03  ,0,0,0,0,0,0,0,0,0,100000,0,0,0,100000,0,100000,100000
07843P,緯穎元大9A售05  ,0,0,0,0,0,0,0,0,0,100000,0,0,0,100000,0,100000,100000
07127P,精元元大99售01  ,0,0,0,0,0,0,0,0,0,100000,0,0,0,100000,0,100000,100000
06886P,旺宏元大99售07  ,0,0,0,0,0,0,0,0,0,100000,0,0,0,100000,0,100000,100000
06970P,旺宏元大99售08  ,0,0,0,0,0,0,0,0,0,100000,0,0,0,100000,0,100000,100000
07471P,南亞科元大9A售01,0,0,0,0,0,0,0,0,0,100000,0,0,0,100000,0,100000,100000
07501P,華新科元大9A售07,0,0,0,0,0,0,0,0,0,100000,0,0,0,100000,0,100000,100000
07410P,鴻海元大99售44  ,0,0,0,0,0,0,0,0,0,100000,0,0,0,100000,0,100000,100000
07404P,華新科凱基99售10,0,0,0,0,0,0,0,0,0,100000,0,0,0,100000,0,100000,100000
06685P,鴻海國泰9A售01  ,0,0,0,0,0,0,0,0,0,100000,0,0,0,100000,0,100000,100000
053350,台表科國票97購02,0,0,0,0,0,0,0,0,0,100000,0,0,0,100000,0,100000,100000
053351,A50正2兆豐97購01,0,0,0,0,0,0,0,0,0,100000,0,0,0,100000,0,100000,100000
053749,揚明光永豐97購01,0,0,0,0,0,0,0,0,0,100000,0,0,0,100000,0,100000,100000
055500,京鼎元大97購04  ,0,0,0,0,0,0,0,0,0,100000,0,0,0,100000,0,100000,100000
051431,群創元富99購02  ,0,0,0,0,0,0,0,0,0,100000,0,0,0,112000,12000,100000,100000
03428B,臺股指凱基97熊18,0,0,0,0,0,0,0,0,0,100000,0,0,0,100000,0,100000,100000
052505,友達日盛9B購02  ,0,0,0,0,0,0,0,0,0,100000,0,0,0,100000,0,100000,100000
056774,和鑫元大98購01  ,0,0,0,0,0,0,0,0,0,100000,0,0,0,100000,0,100000,100000
060804,T50反1群益9A購02,0,0,0,0,0,0,0,0,0,100000,0,0,0,100000,0,100000,100000
060809,康友群益9A購01  ,0,0,0,0,0,0,0,0,0,100000,0,0,0,105000,5000,100000,100000
060629,鴻海富邦9B購01  ,0,0,0,0,0,0,0,0,0,100000,0,0,0,100000,0,100000,100000
060686,康友元大9A購02  ,0,0,0,0,0,0,0,0,0,100000,0,0,0,202000,102000,100000,100000
056167,力成台新97購01  ,0,0,0,0,0,0,0,0,0,100000,0,0,0,100000,0,100000,100000
059107,南茂國泰9A購01  ,0,0,0,0,0,0,0,0,0,100000,0,0,0,109000,9000,100000,100000
059124,台積電第一03購01,0,0,0,0,0,0,0,0,0,100000,0,0,0,100000,0,100000,100000
059560,T50反1凱基99購08,0,0,0,0,0,0,0,0,0,100000,0,0,0,100000,0,100000,100000
059564,鴻海凱基9A購15  ,0,0,0,0,0,0,0,0,0,100000,0,0,0,100000,0,100000,100000
058030,國巨永豐98購08  ,0,0,0,0,0,0,0,0,0,100000,0,0,0,100000,0,100000,100000
060568,SP黃豆永豐9A購01,0,0,0,0,0,0,0,0,0,100000,0,0,0,100000,0,100000,100000
061264,全新凱基9B購01  ,0,0,0,0,0,0,0,0,0,100000,0,0,0,100000,0,100000,100000
05890P,彩晶元大99售01  ,0,0,0,0,0,0,0,0,0,100000,0,0,0,100000,0,100000,100000
058448,滬深2X永豐9A購01,0,0,0,0,0,0,0,0,0,100000,0,0,0,100000,0,100000,100000
058512,宏達電元大99購04,0,0,0,0,0,0,0,0,0,100000,0,0,0,190000,90000,100000,100000
061100,SP黃豆元大9A購04,0,0,0,0,0,0,0,0,0,100000,0,0,0,100000,0,100000,100000
061101,道瓊銀元大9A購02,0,0,0,0,0,0,0,0,0,100000,0,0,0,130000,30000,100000,100000
057819,新日興元大99購01,0,0,0,0,0,0,0,0,0,100000,0,0,0,121000,21000,100000,100000
062537,聯電國泰9C購01  ,0,0,0,0,0,0,0,0,0,100000,0,0,0,474000,374000,100000,100000
063885,南六元富9C購01  ,0,0,0,0,0,0,0,0,0,100000,0,0,0,101000,1000,100000,100000
063975,台積電兆豐9C購01,0,0,0,0,0,0,0,0,0,100000,0,0,0,100000,0,100000,100000
06427P,鴻海元大97售13  ,0,0,0,0,0,0,0,0,0,100000,0,0,0,100000,0,100000,100000
3376,新日興          ,351000,601000,-250000,0,0,0,150000,0,150000,200000,211000,4000,207000,155000,162000,-7000,100000
08591P,台光電凱基9C售02,0,0,0,0,0,0,0,0,0,100000,0,0,0,100000,0,100000,100000
08572P,台灣50凱基9C售13,0,0,0,0,0,0,0,0,0,100000,0,0,0,100000,0,100000,100000
08578P,TPK元大9C售04   ,0,0,0,0,0,0,0,0,0,100000,0,0,0,100000,0,100000,100000
08253P,鴻海元大9C售06  ,0,0,0,0,0,0,0,0,0,100000,0,0,0,100000,0,100000,100000
07991P,鴻海群益9C售02  ,0,0,0,0,0,0,0,0,0,99000,0,0,0,100000,1000,99000,99000
065720,義隆兆豐9C購03  ,0,0,0,0,0,0,0,0,0,99000,0,0,0,214000,115000,99000,99000
061347,創意元大9A購02  ,0,0,0,0,0,0,0,0,0,99000,0,0,0,189000,90000,99000,99000
058694,鈺齊國票9A購02  ,0,0,0,0,0,0,0,0,0,99000,0,0,0,109000,10000,99000,99000
060084,聯電元大99購02  ,0,0,0,0,0,0,0,0,0,99000,0,0,0,121000,22000,99000,99000
060117,國巨國泰9B購04  ,0,0,0,0,0,0,0,0,0,99000,0,0,0,99000,0,99000,99000
061501,嘉澤國票9A購01  ,0,0,0,0,0,0,0,0,0,99000,0,0,0,134000,35000,99000,99000
065687,華通元富9C購03  ,0,0,0,0,0,0,0,0,0,98000,0,0,0,115000,17000,98000,98000
07669P,華新科元大9A售14,0,0,0,0,0,0,0,0,0,98000,0,0,0,100000,2000,98000,98000
07319P,台積電凱基01售02,0,0,0,0,0,0,0,0,0,98000,0,0,0,248000,150000,98000,98000
056314,力成元大97購01  ,0,0,0,0,0,0,0,0,0,98000,0,0,0,98000,0,98000,98000
056941,台郡元富9B購01  ,0,0,0,0,0,0,0,0,0,98000,0,0,0,296000,198000,98000,98000
047004,台積電統一99購01,0,0,0,0,0,0,0,0,0,98000,0,0,0,98000,0,98000,98000
055614,華新科國票97購02,0,0,0,0,0,0,0,0,0,98000,0,0,0,98000,0,98000,98000
061493,T50反1國票9B購04,0,0,0,0,0,0,0,0,0,98000,0,0,0,98000,0,98000,98000
061524,華通凱基9A購07  ,0,0,0,0,0,0,0,0,0,98000,0,0,0,126000,28000,98000,98000
059856,昇陽半永豐99購03,0,0,0,0,0,0,0,0,0,98000,0,0,0,159000,61000,98000,98000
058585,S&P正2中信9B購02,0,0,0,0,0,0,0,0,0,98000,0,0,0,118000,20000,98000,98000
063423,聯詠凱基9C購02  ,0,0,0,0,0,0,0,0,0,98000,0,0,0,105000,7000,98000,98000
062566,嘉晶中信9C購01  ,0,0,0,0,0,0,0,0,0,98000,0,0,0,110000,12000,98000,98000
062831,嘉澤群益9B購01  ,0,0,0,0,0,0,0,0,0,98000,0,0,0,98000,0,98000,98000
08338P,台灣50凱基9C售11,0,0,0,0,0,0,0,0,0,98000,0,0,0,124000,26000,98000,98000
1906,寶隆            ,97000,1000,96000,0,0,0,0,0,0,2000,2000,0,2000,0,0,0,98000
056075,瀚宇博元大97購03,0,0,0,0,0,0,0,0,0,97000,0,0,0,119000,22000,97000,97000
056344,嘉晶凱基98購02  ,0,0,0,0,0,0,0,0,0,97000,0,0,0,97000,0,97000,97000
057810,技嘉元大98購06  ,0,0,0,0,0,0,0,0,0,97000,0,0,0,103000,6000,97000,97000
056604,鴻海富邦9A購01  ,0,0,0,0,0,0,0,0,0,97000,0,0,0,97000,0,97000,97000
059875,信邦凱基99購02  ,0,0,0,0,0,0,0,0,0,97000,0,0,0,112000,15000,97000,97000
064309,聯發科群益9C購07,0,0,0,0,0,0,0,0,0,97000,0,0,0,97000,0,97000,97000
08431P,景碩凱基9C售02  ,0,0,0,0,0,0,0,0,0,97000,0,0,0,97000,0,97000,97000
07494P,葡萄王元大9A售03,0,0,0,0,0,0,0,0,0,96000,0,0,0,97000,1000,96000,96000
065308,葡萄王國票01購01,0,0,0,0,0,0,0,0,0,96000,0,0,0,106000,10000,96000,96000
065093,新日興元大9C購03,0,30000,-30000,0,0,0,0,0,0,126000,0,0,0,328000,202000,126000,96000
057260,微星兆豐98購01  ,0,0,0,0,0,0,0,0,0,96000,0,0,0,96000,0,96000,96000
054370,台積電中信9A購01,0,0,0,0,0,0,0,0,0,96000,0,0,0,236000,140000,96000,96000
064275,台光電元大9C購03,0,0,0,0,0,0,0,0,0,96000,0,0,0,150000,54000,96000,96000
064381,道瓊銀國泰02購01,0,0,0,0,0,0,0,0,0,96000,0,0,0,121000,25000,96000,96000
063486,聚陽國泰9C購01  ,0,0,0,0,0,0,0,0,0,96000,0,0,0,96000,0,96000,96000
063678,友達國泰9C購01  ,0,0,0,0,0,0,0,0,0,96000,0,0,0,108000,12000,96000,96000
062383,大立光國泰01購01,0,0,0,0,0,0,0,0,0,96000,0,0,0,246000,150000,96000,96000
08493P,嘉澤元大9C售01  ,0,0,0,0,0,0,0,0,0,96000,0,0,0,96000,0,96000,96000
08296P,同欣電元大9C售04,0,0,0,0,0,0,0,0,0,96000,0,0,0,110000,14000,96000,96000
064599,台積電元富9C購03,0,0,0,0,0,0,0,0,0,95000,0,0,0,95000,0,95000,95000
07793P,同欣電元大9A售02,0,0,0,0,0,0,0,0,0,95000,0,0,0,100000,5000,95000,95000
053510,聯電群益97購01  ,0,0,0,0,0,0,0,0,0,95000,0,0,0,95000,0,95000,95000
055022,精元國泰99購01  ,0,0,0,0,0,0,0,0,0,95000,0,0,0,95000,0,95000,95000
061717,力成凱基9B購01  ,0,0,0,0,0,0,0,0,0,95000,0,0,0,111000,16000,95000,95000
058213,欣興群益99購01  ,0,0,0,0,0,0,0,0,0,95000,0,0,0,95000,0,95000,95000
061189,可成富邦9B購02  ,0,0,0,0,0,0,0,0,0,95000,0,0,0,95000,0,95000,95000
062316,康控凱基9B購03  ,0,0,0,0,0,0,0,0,0,95000,0,0,0,205000,110000,95000,95000
063118,中鋼元大9C購01  ,0,0,0,0,0,0,0,0,0,95000,0,0,0,100000,5000,95000,95000
063752,瑞祺國票9C購01  ,0,0,0,0,0,0,0,0,0,95000,0,0,0,189000,94000,95000,95000
063579,GIS元大9C購01   ,0,0,0,0,0,0,0,0,0,95000,0,0,0,151000,56000,95000,95000
064438,大立光凱基01購03,0,0,0,0,0,0,0,0,0,95000,0,0,0,148000,53000,95000,95000
064077,台積電中信06購03,0,0,0,0,0,0,0,0,0,95000,0,0,0,100000,5000,95000,95000
4977,眾達-KY         ,342000,193000,149000,0,0,0,0,68000,-68000,14000,3000,0,3000,11000,0,11000,95000
07317P,T50正2凱基9B售02,0,0,0,0,0,0,0,0,0,94000,0,0,0,111000,17000,94000,94000
057135,立積凱基98購01  ,0,0,0,0,0,0,0,0,0,94000,0,0,0,100000,6000,94000,94000
058112,神達元富98購01  ,0,0,0,0,0,0,0,0,0,94000,0,0,0,106000,12000,94000,94000
058722,台郡元富99購01  ,0,0,0,0,0,0,0,0,0,94000,0,0,0,381000,287000,94000,94000
058498,世紀鋼群益99購01,0,0,0,0,0,0,0,0,0,94000,0,0,0,94000,0,94000,94000
064096,台積電群益9C購07,0,0,0,0,0,0,0,0,0,94000,0,0,0,169000,75000,94000,94000
063554,GIS國票9C購03   ,0,0,0,0,0,0,0,0,0,94000,0,0,0,94000,0,94000,94000
063518,儒鴻凱基9B購02  ,0,0,0,0,0,0,0,0,0,94000,0,0,0,96000,2000,94000,94000
062781,微星元大9C購01  ,0,0,0,0,0,0,0,0,0,94000,0,0,0,94000,0,94000,94000
062305,遠東新凱基9B購01,0,0,0,0,0,0,0,0,0,94000,0,0,0,100000,6000,94000,94000
3530,晶相光          ,312000,300000,12000,0,0,0,0,0,0,82000,0,0,0,91000,9000,82000,94000
07944P,華新科元大9B售08,0,0,0,0,0,0,0,0,0,93000,0,0,0,192000,99000,93000,93000
064781,嘉晶群益9C購04  ,0,0,0,0,0,0,0,0,0,93000,0,0,0,93000,0,93000,93000
064794,牧德國票01購01  ,0,0,0,0,0,0,0,0,0,93000,0,0,0,123000,30000,93000,93000
056139,貿聯元大97購04  ,0,0,0,0,0,0,0,0,0,93000,0,0,0,93000,0,93000,93000
054770,健策國票98購01  ,0,0,0,0,0,0,0,0,0,93000,0,0,0,102000,9000,93000,93000
061027,儒鴻永豐9A購02  ,0,0,0,0,0,0,0,0,0,93000,0,0,0,123000,30000,93000,93000
063380,台表科永豐9B購03,0,0,0,0,0,0,0,0,0,93000,0,0,0,114000,21000,93000,93000
063813,瑞昱群益9C購02  ,0,0,0,0,0,0,0,0,0,93000,0,0,0,131000,38000,93000,93000
08337P,台灣50凱基01售15,0,0,0,0,0,0,0,0,0,93000,0,0,0,200000,107000,93000,93000
08061P,大毅國票9B售04  ,0,0,0,0,0,0,0,0,0,93000,0,0,0,103000,10000,93000,93000
08482P,亞德客群益9C售02,0,0,0,0,0,0,0,0,0,93000,0,0,0,148000,55000,93000,93000
065368,技嘉元大9C購04  ,0,0,0,0,0,0,0,0,0,92000,0,0,0,151000,59000,92000,92000
065287,華新科群益01購03,0,0,0,0,0,0,0,0,0,92000,0,0,0,132000,40000,92000,92000
056150,台光電凱基98購02,0,0,0,0,0,0,0,0,0,92000,0,0,0,92000,0,92000,92000
057201,華擎元富98購01  ,0,0,0,0,0,0,0,0,0,92000,0,0,0,93000,1000,92000,92000
060931,GIS永豐9A購01   ,0,0,0,0,0,0,0,0,0,92000,0,0,0,118000,26000,92000,92000
061646,力成元大9A購02  ,0,0,0,0,0,0,0,0,0,92000,0,0,0,239000,147000,92000,92000
059980,台積電元大99購50,0,0,0,0,0,0,0,0,0,92000,0,0,0,209000,117000,92000,92000
063993,華通群益01購01  ,0,0,0,0,0,0,0,0,0,92000,0,0,0,92000,0,92000,92000
064312,大立光群益01購01,0,0,0,0,0,0,0,0,0,92000,0,0,0,102000,10000,92000,92000
062445,大立光元大9C購02,0,0,0,0,0,0,0,0,0,92000,0,0,0,95000,3000,92000,92000
062045,崇越凱基9B購01  ,0,0,0,0,0,0,0,0,0,92000,0,0,0,284000,192000,92000,92000
08093P,英業達元富9B售02,0,0,0,0,0,0,0,0,0,92000,0,0,0,93000,1000,92000,92000
08118P,嘉澤元富9B售02  ,0,0,0,0,0,0,0,0,0,92000,0,0,0,94000,2000,92000,92000
2908,特力            ,151000,62000,89000,0,0,0,0,0,0,3000,3000,0,3000,0,0,0,92000
2605,新興            ,216000,286000,-70000,0,0,0,0,0,0,162000,162000,0,162000,0,0,0,92000
065178,和碩元大9C購01  ,0,0,0,0,0,0,0,0,0,91000,0,0,0,175000,84000,91000,91000
065532,台光電統一02購02,0,0,0,0,0,0,0,0,0,91000,0,0,0,151000,60000,91000,91000
064641,神隆凱基9C購01  ,0,0,0,0,0,0,0,0,0,91000,0,0,0,103000,12000,91000,91000
07482P,南亞科元富9A售04,0,0,0,0,0,0,0,0,0,91000,0,0,0,91000,0,91000,91000
07142P,台灣50元大01售01,0,0,0,0,0,0,0,0,0,91000,0,0,0,140000,49000,91000,91000
05712P,友達統一97售03  ,0,0,0,0,0,0,0,0,0,91000,0,0,0,91000,0,91000,91000
056816,華通永豐98購02  ,0,0,0,0,0,0,0,0,0,91000,0,0,0,261000,170000,91000,91000
053559,台積電國泰98購01,0,0,0,0,0,0,0,0,0,91000,0,0,0,91000,0,91000,91000
060133,牧德群益9B購01  ,0,0,0,0,0,0,0,0,0,91000,0,0,0,99000,8000,91000,91000
059042,世紀鋼群益99購02,0,0,0,0,0,0,0,0,0,91000,0,0,0,91000,0,91000,91000
2527,宏璟            ,79000,3000,76000,0,0,0,0,0,0,15000,15000,0,15000,0,0,0,91000
2707,晶華            ,100000,10000,90000,0,0,0,0,0,0,1000,1000,0,1000,0,0,0,91000
1730,花仙子          ,108000,17000,91000,0,0,0,0,0,0,0,0,0,0,0,0,0,91000
08305P,茂林群益9C售01  ,0,0,0,0,0,0,0,0,0,91000,0,0,0,100000,9000,91000,91000
08497P,華新科國票01售02,0,0,0,0,0,0,0,0,0,91000,0,0,0,92000,1000,91000,91000
07121P,華新科凱基99售03,0,0,0,0,0,0,0,0,0,90000,0,0,0,124000,34000,90000,90000
07189P,聯發科富邦9B售03,0,0,0,0,0,0,0,0,0,90000,0,0,0,90000,0,90000,90000
07564P,臺股指中信01售01,0,0,0,0,0,0,0,0,0,90000,0,0,0,90000,0,90000,90000
06615P,鴻海元大9C售02  ,0,0,0,0,0,0,0,0,0,90000,0,0,0,100000,10000,90000,90000
065386,華通兆豐9C購02  ,0,0,0,0,0,0,0,0,0,90000,0,0,0,102000,12000,90000,90000
054569,GIS群益98購01   ,0,0,0,0,0,0,0,0,0,90000,0,0,0,140000,50000,90000,90000
055703,緯穎富邦98購01  ,0,0,0,0,0,0,0,0,0,90000,0,0,0,90000,0,90000,90000
053027,玉晶光富邦98購01,0,0,0,0,0,0,0,0,0,90000,0,0,0,90000,0,90000,90000
055931,冠德群益97購02  ,0,0,0,0,0,0,0,0,0,90000,0,0,0,90000,0,90000,90000
056543,京鼎凱基98購01  ,0,0,0,0,0,0,0,0,0,90000,0,0,0,235000,145000,90000,90000
057620,康控凱基99購01  ,0,0,0,0,0,0,0,0,0,90000,0,0,0,100000,10000,90000,90000
056890,國巨元大98購11  ,0,0,0,0,0,0,0,0,0,90000,0,0,0,101000,11000,90000,90000
060718,中磊永豐9A購01  ,0,0,0,0,0,0,0,0,0,90000,0,0,0,278000,188000,90000,90000
060127,牧德永豐99購02  ,0,0,0,0,0,0,0,0,0,90000,0,0,0,128000,38000,90000,90000
061840,長榮航凱基9C購01,0,0,0,0,0,0,0,0,0,90000,0,0,0,103000,13000,90000,90000
057915,台泥凱基98購01  ,0,0,0,0,0,0,0,0,0,90000,0,0,0,194000,104000,90000,90000
061964,台積電統一01購05,0,0,0,0,0,0,0,0,0,90000,0,0,0,170000,80000,90000,90000
062183,奇鋐元大9B購01  ,0,0,0,0,0,0,0,0,0,90000,0,0,0,250000,160000,90000,90000
062313,聯詠凱基9C購01  ,0,0,0,0,0,0,0,0,0,90000,0,0,0,114000,24000,90000,90000
062880,大立光兆豐9B購02,0,0,0,0,0,0,0,0,0,90000,0,0,0,90000,0,90000,90000
062678,華通統一9C購04  ,0,0,0,0,0,0,0,0,0,90000,0,0,0,100000,10000,90000,90000
062649,緯穎富邦9B購03  ,0,0,0,0,0,0,0,0,0,90000,0,0,0,120000,30000,90000,90000
063017,台光電元大9B購07,0,0,0,0,0,0,0,0,0,90000,0,0,0,92000,2000,90000,90000
08516P,技嘉群益01售02  ,0,0,0,0,0,0,0,0,0,90000,0,0,0,110000,20000,90000,90000
1110,東泥            ,93000,3000,90000,0,0,0,0,0,0,0,0,0,0,0,0,0,90000
08115P,聯發科凱基9B售13,0,0,0,0,0,0,0,0,0,90000,0,0,0,90000,0,90000,90000
2450,神腦            ,84000,4000,80000,0,0,0,0,0,0,10000,10000,0,10000,0,0,0,90000
2404,漢唐            ,256000,91000,165000,0,0,0,0,0,0,-75000,5000,10000,-5000,7000,77000,-70000,90000
065132,臻鼎兆豐01購01  ,0,0,0,0,0,0,0,0,0,89000,0,0,0,370000,281000,89000,89000
07078P,鴻海群益99售02  ,0,0,0,0,0,0,0,0,0,89000,0,0,0,89000,0,89000,89000
055151,台積電元大98購05,0,0,0,0,0,0,0,0,0,89000,0,0,0,89000,0,89000,89000
059474,元石油群益99購01,0,0,0,0,0,0,0,0,0,89000,0,0,0,90000,1000,89000,89000
064313,嘉晶群益9C購02  ,0,0,0,0,0,0,0,0,0,89000,0,0,0,149000,60000,89000,89000
3494,誠研            ,106000,17000,89000,0,0,0,0,0,0,0,0,0,0,0,0,0,89000
9902,台火            ,89000,1000,88000,0,0,0,0,0,0,1000,1000,0,1000,0,0,0,89000
07756P,台灣50國票04售01,0,0,0,0,0,0,0,0,0,88000,0,0,0,109000,21000,88000,88000
065186,和大統一02購06  ,0,0,0,0,0,0,0,0,0,88000,0,0,0,104000,16000,88000,88000
053088,奇鋐元大98購01  ,0,0,0,0,0,0,0,0,0,88000,0,0,0,104000,16000,88000,88000
052847,漢唐統一99購01  ,0,0,0,0,0,0,0,0,0,88000,0,0,0,98000,10000,88000,88000
061144,玉晶光中信9B購02,0,0,0,0,0,0,0,0,0,88000,0,0,0,93000,5000,88000,88000
064059,新日興麥證01購01,0,0,0,191000,103000,88000,0,0,0,88000,0,0,0,191000,103000,88000,88000
062626,台積電國票9C購04,0,0,0,0,0,0,0,0,0,88000,0,0,0,137000,49000,88000,88000
8463,潤泰材          ,94000,8000,86000,0,0,0,0,0,0,2000,2000,0,2000,0,0,0,88000
08015P,可成凱基9B售05  ,0,0,0,0,0,0,0,0,0,88000,0,0,0,108000,20000,88000,88000
6598,ABC-KY          ,175071,88000,87071,0,0,0,0,0,0,0,0,0,0,0,0,0,87071
065808,力成群益9C購02  ,0,0,0,0,0,0,0,0,0,87000,0,0,0,87000,0,87000,87000
065801,瑞昱群益9C購04  ,0,0,0,0,0,0,0,0,0,87000,0,0,0,88000,1000,87000,87000
054558,劍麟群益99購01  ,0,0,0,0,0,0,0,0,0,87000,0,0,0,88000,1000,87000,87000
056599,臻鼎元富98購01  ,0,0,0,0,0,0,0,0,0,87000,0,0,0,118000,31000,87000,87000
056321,創意群益98購02  ,0,0,0,0,0,0,0,0,0,87000,0,0,0,87000,0,87000,87000
057937,神達群益98購02  ,0,0,0,0,0,0,0,0,0,87000,0,0,0,90000,3000,87000,87000
059252,聯詠凱基99購03  ,0,0,0,0,0,0,0,0,0,87000,0,0,0,87000,0,87000,87000
062419,台積電統一9B購15,0,0,0,0,0,0,0,0,0,87000,0,0,0,103000,16000,87000,87000
064068,義隆永豐9C購01  ,0,0,0,0,0,0,0,0,0,87000,0,0,0,317000,230000,87000,87000
063467,大立光元大9C購06,0,0,0,0,0,0,0,0,0,87000,0,0,0,302000,215000,87000,87000
063524,瑞昱凱基9B購05  ,0,0,0,0,0,0,0,0,0,87000,0,0,0,98000,11000,87000,87000
9930,中聯資源        ,80000,2000,78000,0,0,0,0,0,0,9000,9000,0,9000,0,0,0,87000
08058P,華新科元大9B售10,0,0,0,0,0,0,0,0,0,87000,0,0,0,137000,50000,87000,87000
08241P,微星中信06售01  ,0,0,0,0,0,0,0,0,0,87000,0,0,0,90000,3000,87000,87000
08344P,旺宏元大01售02  ,0,0,0,0,0,0,0,0,0,87000,0,0,0,87000,0,87000,87000
07303P,臺股指元大9A售36,0,0,0,0,0,0,0,0,0,86000,0,0,0,186000,100000,86000,86000
065175,大立光元大01購05,0,0,0,0,0,0,0,0,0,86000,0,0,0,170000,84000,86000,86000
06505P,康控國票99售02  ,0,0,0,0,0,0,0,0,0,86000,0,0,0,106000,20000,86000,86000
064681,牧德兆豐01購01  ,0,0,0,0,0,0,0,0,0,86000,0,0,0,180000,94000,86000,86000
056058,建準元大97購02  ,0,0,0,0,0,0,0,0,0,86000,0,0,0,165000,79000,86000,86000
056918,台積電兆豐98購01,0,0,0,0,0,0,0,0,0,86000,0,0,0,86000,0,86000,86000
055742,健策元富97購02  ,0,0,0,0,0,0,0,0,0,86000,0,0,0,86000,0,86000,86000
059021,台積電統一9B購07,0,0,0,0,0,0,0,0,0,86000,0,0,0,86000,0,86000,86000
058999,台積電元大99購24,0,0,0,0,0,0,0,0,0,86000,0,0,0,86000,0,86000,86000
060926,宏達電永豐9A購01,0,0,0,0,0,0,0,0,0,86000,0,0,0,173000,87000,86000,86000
058221,上銀統一99購04  ,0,0,0,0,0,0,0,0,0,86000,0,0,0,86000,0,86000,86000
063526,台光電凱基9B購04,0,0,0,0,0,0,0,0,0,86000,0,0,0,86000,0,86000,86000
08287P,茂林凱基9C售02  ,0,0,0,0,0,0,0,0,0,86000,0,0,0,105000,19000,86000,86000
5285,界霖            ,114000,29000,85000,0,0,0,0,0,0,1000,1000,0,1000,0,0,0,86000
6183,關貿            ,87000,18000,69000,0,0,0,0,0,0,17000,2000,0,2000,15000,0,15000,86000
4938,和碩            ,2957539,1959000,998539,0,0,0,0,27000,-27000,-886000,68000,604000,-536000,19000,369000,-350000,85539
064605,GIS元富9C購01   ,0,0,0,0,0,0,0,0,0,85000,0,0,0,170000,85000,85000,85000
064535,國產國票01購01  ,0,0,0,0,0,0,0,0,0,85000,0,0,0,85000,0,85000,85000
065124,燿華永豐9C購03  ,0,0,0,0,0,0,0,0,0,85000,0,0,0,117000,32000,85000,85000
065422,T50反1凱基01購02,0,0,0,0,0,0,0,0,0,85000,0,0,0,85000,0,85000,85000
065564,臺指反群益02購01,0,0,0,0,0,0,0,0,0,85000,0,0,0,85000,0,85000,85000
07129P,華新科元大99售14,0,0,0,0,0,0,0,0,0,85000,0,0,0,205000,120000,85000,85000
07836P,大成鋼元大9A售01,0,0,0,0,0,0,0,0,0,85000,0,0,0,100000,15000,85000,85000
065880,訊芯群益9C購01  ,0,0,0,0,0,0,0,0,0,85000,0,0,0,85000,0,85000,85000
06771P,台灣50中信02售01,0,0,0,0,0,0,0,0,0,85000,0,0,0,147000,62000,85000,85000
020000,富邦特選蘋果N   ,0,0,0,0,0,0,0,0,0,85000,0,0,0,100000,15000,85000,85000
055368,台積電元大97購24,0,0,0,0,0,0,0,0,0,85000,0,0,0,85000,0,85000,85000
057493,聯詠元大98購02  ,0,0,0,0,0,0,0,0,0,85000,0,0,0,85000,0,85000,85000
061857,康友國票9B購01  ,0,0,0,0,0,0,0,0,0,85000,0,0,0,125000,40000,85000,85000
059503,大立光富邦9B購04,0,0,0,0,0,0,0,0,0,85000,0,0,0,160000,75000,85000,85000
057927,勤誠凱基98購01  ,0,0,0,0,0,0,0,0,0,85000,0,0,0,100000,15000,85000,85000
057977,台光電永豐98購02,0,0,0,0,0,0,0,0,0,85000,0,0,0,118000,33000,85000,85000
063558,聚陽元大9B購02  ,0,0,0,0,0,0,0,0,0,85000,0,0,0,142000,57000,85000,85000
063968,新光金國票01購01,0,0,0,0,0,0,0,0,0,85000,0,0,0,136000,51000,85000,85000
064294,和大中信9C購01  ,0,0,0,0,0,0,0,0,0,85000,0,0,0,170000,85000,85000,85000
062444,大立光元大9C購01,0,0,0,0,0,0,0,0,0,85000,0,0,0,184000,99000,85000,85000
065906,瑞昱永豐9C購01  ,0,0,0,0,0,0,0,0,0,84000,0,0,0,84000,0,84000,84000
065454,神隆元富9C購01  ,0,0,0,0,0,0,0,0,0,84000,0,0,0,84000,0,84000,84000
065350,華擎統一01購04  ,0,0,0,0,0,0,0,0,0,84000,0,0,0,203000,119000,84000,84000
065266,創意元大9C購05  ,0,0,0,0,0,0,0,0,0,84000,0,0,0,84000,0,84000,84000
064545,智邦凱基9C購02  ,0,0,0,0,0,0,0,0,0,84000,0,0,0,104000,20000,84000,84000
057546,台積電凱基02購01,0,0,0,0,0,0,0,0,0,84000,0,0,0,84000,0,84000,84000
057936,健策群益99購01  ,0,0,0,0,0,0,0,0,0,84000,0,0,0,115000,31000,84000,84000
062817,富邦金兆豐9B購01,0,0,0,0,0,0,0,0,0,84000,0,0,0,444000,360000,84000,84000
063731,台積電元大9B購10,0,0,0,0,0,0,0,0,0,84000,0,0,0,219000,135000,84000,84000
1109,信大            ,87000,3000,84000,0,0,0,0,0,0,0,0,0,0,0,0,0,84000
08553P,嘉澤群益9C售01  ,0,0,0,0,0,0,0,0,0,84000,0,0,0,84000,0,84000,84000
2906,高林            ,472000,391000,81000,0,0,0,0,0,0,3000,3000,0,3000,0,0,0,84000
064740,台光電國票01購01,0,0,0,0,0,0,0,0,0,83000,0,0,0,128000,45000,83000,83000
065196,技嘉元富06購01  ,0,0,0,0,0,0,0,0,0,83000,0,0,0,118000,35000,83000,83000
06564P,國巨富邦9A售04  ,0,0,0,0,0,0,0,0,0,83000,0,0,0,183000,100000,83000,83000
065902,燿華富邦02購01  ,0,0,0,0,0,0,0,0,0,83000,0,0,0,442000,359000,83000,83000
07955P,大成鋼群益9B售02,0,0,0,0,0,0,0,0,0,83000,0,0,0,105000,22000,83000,83000
057048,新日興元大98購01,0,0,0,0,0,0,0,0,0,83000,0,0,0,218000,135000,83000,83000
00665L,富邦恒生國企正2 ,1000,0,1000,0,0,0,0,0,0,82000,0,0,0,339000,257000,82000,83000
054889,京鼎統一99購01  ,0,0,0,0,0,0,0,0,0,83000,0,0,0,83000,0,83000,83000
061603,瑞昱凱基9A購02  ,0,0,0,0,0,0,0,0,0,83000,0,0,0,107000,24000,83000,83000
3588,通嘉            ,352000,271000,81000,0,0,0,0,0,0,2000,2000,0,2000,0,0,0,83000
2329,華泰            ,838000,769000,69000,0,0,0,0,0,0,14000,15000,0,15000,0,1000,-1000,83000
08584P,立積群益9C售02  ,0,0,0,0,0,0,0,0,0,83000,0,0,0,103000,20000,83000,83000
1340,勝悅-KY         ,90000,9000,81000,0,0,0,0,0,0,2000,2000,0,2000,0,0,0,83000
2360,致茂            ,1027000,949392,77608,0,0,0,106000,0,106000,-101000,11000,30000,-19000,0,82000,-82000,82608
07844P,可成國票9A售01  ,0,0,0,0,0,0,0,0,0,82000,0,0,0,92000,10000,82000,82000
065561,同欣電麥證9C購03,0,0,0,82000,0,82000,0,0,0,82000,0,0,0,82000,0,82000,82000
065281,和大群益01購02  ,0,0,0,0,0,0,0,0,0,82000,0,0,0,82000,0,82000,82000
064623,創意元大9C購04  ,0,0,0,0,0,0,0,0,0,82000,0,0,0,82000,0,82000,82000
054740,強茂凱基99購01  ,0,0,0,0,0,0,0,0,0,82000,0,0,0,82000,0,82000,82000
055108,智邦凱基98購01  ,0,0,0,0,0,0,0,0,0,82000,0,0,0,82000,0,82000,82000
053522,臺股指群益99購01,0,0,0,0,0,0,0,0,0,82000,0,0,0,82000,0,82000,82000
055335,健策兆豐98購01  ,0,0,0,0,0,0,0,0,0,82000,0,0,0,82000,0,82000,82000
052090,聯發科元大97購03,0,0,0,0,0,0,0,0,0,82000,0,0,0,82000,0,82000,82000
063327,燿華國票9C購02  ,0,0,0,0,0,0,0,0,0,82000,0,0,0,92000,10000,82000,82000
063994,台光電群益9C購01,0,0,0,0,0,0,0,0,0,82000,0,0,0,82000,0,82000,82000
062746,致伸永豐9B購01  ,0,0,0,0,0,0,0,0,0,82000,0,0,0,82000,0,82000,82000
063168,台表科永豐9B購01,0,0,0,0,0,0,0,0,0,82000,0,0,0,225000,143000,82000,82000
08462P,臻鼎國票9C售02  ,0,0,0,0,0,0,0,0,0,82000,0,0,0,82000,0,82000,82000
07982P,全新群益9B售04  ,0,0,0,0,0,0,0,0,0,81000,0,0,0,133000,52000,81000,81000
065862,世紀鋼元大9C購06,0,0,0,0,0,0,0,0,0,81000,0,0,0,81000,0,81000,81000
055482,聚陽元大97購02  ,0,0,0,0,0,0,0,0,0,81000,0,0,0,81000,0,81000,81000
054437,欣興台新97購02  ,0,0,0,0,0,0,0,0,0,81000,0,0,0,130000,49000,81000,81000
00681R,元大美債20反1   ,0,0,0,0,0,0,0,0,0,81000,0,0,0,81000,0,81000,81000
057078,國巨統一9A購02  ,0,0,0,0,0,0,0,0,0,81000,0,0,0,111000,30000,81000,81000
059051,和大凱基9A購01  ,0,0,0,0,0,0,0,0,0,81000,0,0,0,81000,0,81000,81000
063599,智邦凱基9B購04  ,0,0,0,0,0,0,0,0,0,81000,0,0,0,103000,22000,81000,81000
2314,台揚            ,356000,284000,72000,0,0,0,0,0,0,9000,9000,0,9000,0,0,0,81000
6136,富爾特          ,126000,46000,80000,0,0,0,0,0,0,1000,1000,0,1000,0,0,0,81000
07951P,智邦元大9B售05  ,0,0,0,0,0,0,0,0,0,80000,0,0,0,80000,0,80000,80000
07557P,玉晶光元大9A售09,0,0,0,0,0,0,0,0,0,80000,0,0,0,180000,100000,80000,80000
064955,健策凱基9C購03  ,0,0,0,0,0,0,0,0,0,80000,0,0,0,122000,42000,80000,80000
06556P,臺股指元大99售08,0,0,0,0,0,0,0,0,0,80000,0,0,0,80000,0,80000,80000
065656,聯發科國泰03購01,0,0,0,0,0,0,0,0,0,80000,0,0,0,208000,128000,80000,80000
056191,世紀鋼統一97購01,0,0,0,0,0,0,0,0,0,80000,0,0,0,85000,5000,80000,80000
052856,滬深2X凱基98購01,0,0,0,0,0,0,0,0,0,80000,0,0,0,80000,0,80000,80000
052893,聯電群益98購01  ,0,0,0,0,0,0,0,0,0,80000,0,0,0,80000,0,80000,80000
059073,元油2X元大9C購14,0,0,0,0,0,0,0,0,0,80000,0,0,0,86000,6000,80000,80000
061489,高鐵兆豐9A購01  ,0,0,0,0,0,0,0,0,0,80000,0,0,0,94000,14000,80000,80000
063367,GIS富邦9B購01   ,0,0,0,0,0,0,0,0,0,80000,0,0,0,80000,0,80000,80000
062872,華通兆豐9C購01  ,0,0,0,0,0,0,0,0,0,80000,0,0,0,92000,12000,80000,80000
2390,云辰            ,102000,29000,73000,0,0,0,0,0,0,7000,9000,2000,7000,0,0,0,80000
2007,燁興            ,77000,4000,73000,0,0,0,0,0,0,7000,7000,0,7000,0,0,0,80000
08404P,技嘉元大9C售02  ,0,0,0,0,0,0,0,0,0,80000,0,0,0,80000,0,80000,80000
08526P,義隆元大9C售04  ,0,0,0,0,0,0,0,0,0,80000,0,0,0,117000,37000,80000,80000
08632P,聯發科元大9C售19,0,0,0,0,0,0,0,0,0,80000,0,0,0,180000,100000,80000,80000
08230P,台表科國票9C售03,0,0,0,0,0,0,0,0,0,80000,0,0,0,86000,6000,80000,80000
08331P,義隆元富9C售02  ,0,0,0,0,0,0,0,0,0,80000,0,0,0,105000,25000,80000,80000
08028P,臺股指元大9B售30,0,0,0,0,0,0,0,0,0,80000,0,0,0,80000,0,80000,80000
065245,國泰金兆豐9C購01,0,0,0,0,0,0,0,0,0,79000,0,0,0,79000,0,79000,79000
065926,金像電國票02購01,0,0,0,0,0,0,0,0,0,79000,0,0,0,92000,13000,79000,79000
06742P,可成富邦99售02  ,0,0,0,0,0,0,0,0,0,79000,0,0,0,99000,20000,79000,79000
062700,台光電元大9B購05,0,0,0,0,0,0,0,0,0,79000,0,0,0,83000,4000,79000,79000
061985,富邦金元大9B購01,0,0,0,0,0,0,0,0,0,79000,0,0,0,175000,96000,79000,79000
064048,大立光統一9C購07,0,0,0,0,0,0,0,0,0,79000,0,0,0,551000,472000,79000,79000
064421,技嘉兆豐01購01  ,0,0,0,0,0,0,0,0,0,79000,0,0,0,292000,213000,79000,79000
1808,潤隆            ,99000,32000,67000,0,0,0,0,0,0,12000,12000,0,12000,0,0,0,79000
6531,愛普            ,114000,28000,86000,0,0,0,0,0,0,-7000,1000,0,1000,0,8000,-8000,79000
065137,中鋼凱基01購01  ,0,0,0,0,0,0,0,0,0,78000,0,0,0,83000,5000,78000,78000
052937,國巨兆豐97購01  ,0,0,0,0,0,0,0,0,0,78000,0,0,0,78000,0,78000,78000
064399,和大凱基02購01  ,0,0,0,0,0,0,0,0,0,78000,0,0,0,100000,22000,78000,78000
3028,增你強          ,101000,25000,76000,0,0,0,0,0,0,2000,2000,0,2000,0,0,0,78000
3013,晟銘電          ,174000,96000,78000,0,0,0,0,0,0,0,0,0,0,0,0,0,78000
08188P,群創群益9B售04  ,0,0,0,0,0,0,0,0,0,78000,0,0,0,80000,2000,78000,78000
1338,廣華-KY         ,145000,68000,77000,0,0,0,0,0,0,1000,0,0,0,1000,0,1000,78000
065575,神達群益01購01  ,0,0,0,0,0,0,0,0,0,77000,0,0,0,100000,23000,77000,77000
064746,貿聯國票01購02  ,0,0,0,0,0,0,0,0,0,77000,0,0,0,77000,0,77000,77000
065884,智原元富9C購02  ,0,0,0,0,0,0,0,0,0,77000,0,0,0,282000,205000,77000,77000
055849,聯詠元大97購05  ,0,0,0,0,0,0,0,0,0,77000,0,0,0,117000,40000,77000,77000
064011,嘉晶國票9C購01  ,0,0,0,0,0,0,0,0,0,77000,0,0,0,110000,33000,77000,77000
063407,泰鼎國票9C購01  ,0,0,0,0,0,0,0,0,0,77000,0,0,0,208000,131000,77000,77000
063598,國巨凱基9B購14  ,0,0,0,0,0,0,0,0,0,77000,0,0,0,113000,36000,77000,77000
062368,聯詠元大9B購01  ,0,0,0,0,0,0,0,0,0,77000,0,0,0,177000,100000,77000,77000
062251,旺宏元大9B購06  ,0,0,0,0,0,0,0,0,0,77000,0,0,0,77000,0,77000,77000
1419,新紡            ,79000,5000,74000,0,0,0,0,0,0,3000,3000,0,3000,0,0,0,77000
08410P,臺股指元大9C售16,0,0,0,0,0,0,0,0,0,77000,0,0,0,80000,3000,77000,77000
08381P,台灣50群益9C售06,0,0,0,0,0,0,0,0,0,77000,0,0,0,410000,333000,77000,77000
07921P,鴻海群益9B售04  ,0,0,0,0,0,0,0,0,0,76000,0,0,0,76000,0,76000,76000
057450,國泰金元富98購01,0,0,0,0,0,0,0,0,0,76000,0,0,0,236000,160000,76000,76000
055899,群創中信99購01  ,0,0,0,0,0,0,0,0,0,76000,0,0,0,143000,67000,76000,76000
046061,中石化凱基98購01,0,0,0,0,0,0,0,0,0,76000,0,0,0,86000,10000,76000,76000
061470,鈺齊群益9A購02  ,0,0,0,0,0,0,0,0,0,76000,0,0,0,130000,54000,76000,76000
058093,神達元大9A購01  ,0,0,0,0,0,0,0,0,0,76000,0,0,0,216000,140000,76000,76000
062827,神基群益9B購01  ,0,0,0,0,0,0,0,0,0,76000,0,0,0,106000,30000,76000,76000
063181,聚陽凱基9B購01  ,0,0,0,0,0,0,0,0,0,76000,0,0,0,86000,10000,76000,76000
2486,一詮            ,84000,9000,75000,0,0,0,0,0,0,1000,1000,0,1000,0,0,0,76000
064780,義隆群益9C購04  ,0,0,0,0,0,0,0,0,0,75000,0,0,0,75000,0,75000,75000
064649,同欣電凱基01購01,0,0,0,0,0,0,0,0,0,75000,0,0,0,170000,95000,75000,75000
064869,景碩永豐9C購01  ,0,0,0,0,0,0,0,0,0,75000,0,0,0,107000,32000,75000,75000
065579,南茂群益9C購02  ,0,0,0,0,0,0,0,0,0,75000,0,0,0,90000,15000,75000,75000
056186,智原統一97購01  ,0,0,0,0,0,0,0,0,0,75000,0,0,0,75000,0,75000,75000
056217,A50正2中信99購02,0,0,0,0,0,0,0,0,0,75000,0,0,0,85000,10000,75000,75000
058207,南茂凱基99購01  ,0,0,0,0,0,0,0,0,0,75000,0,0,0,85000,10000,75000,75000
061452,大成鋼凱基9A購01,0,0,0,0,0,0,0,0,0,75000,0,0,0,75000,0,75000,75000
061437,燿華凱基9A購01  ,0,0,0,0,0,0,0,0,0,75000,0,0,0,75000,0,75000,75000
062763,華擎凱基9C購02  ,0,0,0,0,0,0,0,0,0,75000,0,0,0,130000,55000,75000,75000
062200,臺指反國票03購01,0,0,0,0,0,0,0,0,0,75000,0,0,0,85000,10000,75000,75000
063796,鴻海凱基9C購02  ,0,0,0,0,0,0,0,0,0,75000,0,0,0,90000,15000,75000,75000
064061,GIS麥證01購01   ,0,0,0,110000,35000,75000,0,0,0,75000,0,0,0,110000,35000,75000,75000
064417,創意中信9C購01  ,0,0,0,0,0,0,0,0,0,75000,0,0,0,95000,20000,75000,75000
064341,聯詠元大9C購01  ,0,0,0,0,0,0,0,0,0,75000,0,0,0,224000,149000,75000,75000
064282,大立光元大9C購13,0,0,0,0,0,0,0,0,0,75000,0,0,0,118000,43000,75000,75000
2013,中鋼構          ,78000,5000,73000,0,0,0,0,0,0,2000,2000,0,2000,0,0,0,75000
08368P,台積電兆豐9C售04,0,0,0,0,0,0,0,0,0,75000,0,0,0,75000,0,75000,75000
08053P,臺股指國票9B售18,0,0,0,0,0,0,0,0,0,75000,0,0,0,94000,19000,75000,75000
08092P,仁寶元富9B售02  ,0,0,0,0,0,0,0,0,0,75000,0,0,0,178000,103000,75000,75000
08398P,台積電元富9C售04,0,0,0,0,0,0,0,0,0,75000,0,0,0,75000,0,75000,75000
1414,東和            ,80000,10000,70000,0,0,0,0,0,0,5000,5000,0,5000,0,0,0,75000
064845,華通元富9C購02  ,0,0,0,0,0,0,0,0,0,74000,0,0,0,96000,22000,74000,74000
056236,台積電群益97購06,0,0,0,0,0,0,0,0,0,74000,0,0,0,74000,0,74000,74000
056602,嘉澤國泰99購01  ,0,0,0,0,0,0,0,0,0,74000,0,0,0,145000,71000,74000,74000
060475,瑞祺元大9A購01  ,0,0,0,0,0,0,0,0,0,74000,0,0,0,74000,0,74000,74000
057959,欣興元大98購14  ,0,0,0,0,0,0,0,0,0,74000,0,0,0,211000,137000,74000,74000
064023,智邦元大9C購02  ,0,0,0,0,0,0,0,0,0,74000,0,0,0,164000,90000,74000,74000
063424,新日興凱基01購01,0,0,0,0,0,0,0,0,0,74000,0,0,0,102000,28000,74000,74000
063494,金像電富邦9B購01,0,0,0,0,0,0,0,0,0,74000,0,0,0,262000,188000,74000,74000
062667,立積群益9B購01  ,0,0,0,0,0,0,0,0,0,74000,0,0,0,149000,75000,74000,74000
08258P,旺宏元大9C售04  ,0,0,0,0,0,0,0,0,0,74000,0,0,0,80000,6000,74000,74000
1466,聚隆            ,2000,0,2000,0,0,0,0,0,0,72000,2000,0,2000,70000,0,70000,74000
4552,力達-KY         ,100000,26000,74000,0,0,0,0,0,0,0,0,0,0,0,0,0,74000
065022,同欣電富邦01購01,0,0,0,0,0,0,0,0,0,73000,0,0,0,118000,45000,73000,73000
065613,GIS元大9C購08   ,0,0,0,0,0,0,0,0,0,73000,0,0,0,258000,185000,73000,73000
060604,宏達電凱基9B購01,0,0,0,0,0,0,0,0,0,73000,0,0,0,172000,99000,73000,73000
057774,台光電群益99購02,0,0,0,0,0,0,0,0,0,73000,0,0,0,78000,5000,73000,73000
062898,華通元大9B購05  ,0,0,0,0,0,0,0,0,0,73000,0,0,0,73000,0,73000,73000
063343,美律統一9C購01  ,0,0,0,0,0,0,0,0,0,73000,0,0,0,145000,72000,73000,73000
063612,金像電群益9B購04,0,0,0,0,0,0,0,0,0,73000,0,0,0,443000,370000,73000,73000
1616,億泰            ,75000,4000,71000,0,0,0,0,0,0,2000,2000,0,2000,0,0,0,73000
065445,台光電統一01購05,0,0,0,0,0,0,0,0,0,72000,0,0,0,208000,136000,72000,72000
03675C,臺股指元大04牛02,0,0,0,0,0,0,0,0,0,72000,0,0,0,72000,0,72000,72000
055850,聯詠元大97購06  ,0,0,0,0,0,0,0,0,0,72000,0,0,0,72000,0,72000,72000
058836,FBVIX中信03購05 ,0,0,0,0,0,0,0,0,0,72000,0,0,0,140000,68000,72000,72000
063996,貿聯群益9C購01  ,0,0,0,0,0,0,0,0,0,72000,0,0,0,73000,1000,72000,72000
2239,英利-KY         ,78000,6000,72000,0,0,0,0,0,0,0,0,0,0,0,0,0,72000
2832,台產            ,81000,15000,66000,0,0,0,0,0,0,6000,6000,0,6000,0,0,0,72000
08450P,台積電統一9C售14,0,0,0,0,0,0,0,0,0,72000,0,0,0,75000,3000,72000,72000
065025,健策永豐9C購02  ,0,0,0,0,0,0,0,0,0,71000,0,0,0,83000,12000,71000,71000
057805,華通元大98購06  ,0,0,0,0,0,0,0,0,0,71000,0,0,0,119000,48000,71000,71000
057564,台積電富邦9B購03,0,0,0,0,0,0,0,0,0,71000,0,0,0,101000,30000,71000,71000
053537,玉晶光永豐98購02,0,0,0,0,0,0,0,0,0,71000,0,0,0,101000,30000,71000,71000
058278,FBVIX中信03購02 ,0,0,0,0,0,0,0,0,0,71000,0,0,0,80000,9000,71000,71000
06437P,玉晶光國票99售01,0,0,0,0,0,0,0,0,0,71000,0,0,0,101000,30000,71000,71000
061914,台光電中信9B購01,0,0,0,0,0,0,0,0,0,71000,0,0,0,71000,0,71000,71000
062306,華通凱基9B購01  ,0,0,0,0,0,0,0,0,0,71000,0,0,0,92000,21000,71000,71000
3018,同開            ,82000,11000,71000,0,0,0,0,0,0,0,0,0,0,0,0,0,71000
1806,冠軍            ,82000,15000,67000,0,0,0,0,0,0,4000,4000,0,4000,0,0,0,71000
8454,富邦媒          ,136000,95000,41000,0,0,0,19000,0,19000,11000,16000,5000,11000,0,0,0,71000
065109,台勝科國票01購01,0,0,0,0,0,0,0,0,0,70000,0,0,0,150000,80000,70000,70000
064918,中信金統一02購01,0,0,0,0,0,0,0,0,0,70000,0,0,0,421000,351000,70000,70000
064687,國巨群益9C購10  ,0,0,0,0,0,0,0,0,0,70000,0,0,0,96000,26000,70000,70000
07551P,國巨元大9A售10  ,0,0,0,0,0,0,0,0,0,70000,0,0,0,70000,0,70000,70000
07795P,美律國票9A售03  ,0,0,0,0,0,0,0,0,0,70000,0,0,0,76000,6000,70000,70000
07468P,聯電元大9A售02  ,0,0,0,0,0,0,0,0,0,70000,0,0,0,80000,10000,70000,70000
065813,華擎統一03購01  ,0,0,0,0,0,0,0,0,0,70000,0,0,0,618000,548000,70000,70000
06744P,嘉聯益永豐98售03,0,0,0,0,0,0,0,0,0,70000,0,0,0,100000,30000,70000,70000
056434,國巨凱基98購03  ,0,0,0,0,0,0,0,0,0,70000,0,0,0,72000,2000,70000,70000
054063,聯茂國票97購02  ,0,0,0,0,0,0,0,0,0,70000,0,0,0,70000,0,70000,70000
055792,臺股指凱基97購15,0,0,0,0,0,0,0,0,0,70000,0,0,0,70000,0,70000,70000
055730,建準元富97購02  ,0,0,0,0,0,0,0,0,0,70000,0,0,0,70000,0,70000,70000
055595,宏達電元大98購02,0,0,0,0,0,0,0,0,0,70000,0,0,0,70000,0,70000,70000
055664,和大群益98購02  ,0,0,0,0,0,0,0,0,0,70000,0,0,0,70000,0,70000,70000
03026X,元展23          ,0,0,0,0,0,0,0,0,0,70000,0,0,0,70000,0,70000,70000
055523,道瓊銀群益9A購01,0,0,0,0,0,0,0,0,0,70000,0,0,0,70000,0,70000,70000
055867,臺股指元大97購05,0,0,0,0,0,0,0,0,0,70000,0,0,0,70000,0,70000,70000
060806,華新科群益9A購03,0,0,0,0,0,0,0,0,0,70000,0,0,0,70000,0,70000,70000
057057,立積元大9A購01  ,0,0,0,0,0,0,0,0,0,70000,0,0,0,199000,129000,70000,70000
060310,瑞昱永豐9A購01  ,0,0,0,0,0,0,0,0,0,70000,0,0,0,80000,10000,70000,70000
060230,台積電元大9A購07,0,0,0,0,0,0,0,0,0,70000,0,0,0,70000,0,70000,70000
061642,創意元大9A購04  ,0,0,0,0,0,0,0,0,0,70000,0,0,0,70000,0,70000,70000
061870,智邦元大9B購02  ,0,0,0,0,0,0,0,0,0,70000,0,0,0,230000,160000,70000,70000
05974P,國巨富邦97售03  ,0,0,0,0,0,0,0,0,0,70000,0,0,0,70000,0,70000,70000
060029,嘉晶永豐99購03  ,0,0,0,0,0,0,0,0,0,70000,0,0,0,70000,0,70000,70000
058196,台塑中信99購01  ,0,0,0,0,0,0,0,0,0,70000,0,0,0,70000,0,70000,70000
058457,創意永豐99購01  ,0,0,0,0,0,0,0,0,0,70000,0,0,0,70000,0,70000,70000
058576,南亞科群益99購01,0,0,0,0,0,0,0,0,0,70000,0,0,0,70000,0,70000,70000
062580,華通統一9C購03  ,0,0,0,0,0,0,0,0,0,70000,0,0,0,80000,10000,70000,70000
062549,中租永豐9B購01  ,0,0,0,0,0,0,0,0,0,70000,0,0,0,242000,172000,70000,70000
062003,國巨國泰01購01  ,0,0,0,0,0,0,0,0,0,70000,0,0,0,84000,14000,70000,70000
062905,聯發科元大9B購13,0,0,0,0,0,0,0,0,0,70000,0,0,0,213000,143000,70000,70000
064185,裕隆永豐9C購01  ,0,0,0,0,0,0,0,0,0,70000,0,0,0,93000,23000,70000,70000
064178,台郡國泰01購01  ,0,0,0,0,0,0,0,0,0,70000,0,0,0,86000,16000,70000,70000
063432,金寶元富9B購01  ,0,0,0,0,0,0,0,0,0,70000,0,0,0,75000,5000,70000,70000
9924,福興            ,83000,16000,67000,0,0,0,0,0,0,3000,3000,0,3000,0,0,0,70000
5203,訊連            ,169000,103000,66000,0,0,0,0,0,0,4000,4000,0,4000,1000,1000,0,70000
08495P,同欣電元大9C售08,0,0,0,0,0,0,0,0,0,70000,0,0,0,80000,10000,70000,70000
08323P,華新科凱基9C售04,0,0,0,0,0,0,0,0,0,70000,0,0,0,80000,10000,70000,70000
08047P,臺股指國票9B售12,0,0,0,0,0,0,0,0,0,70000,0,0,0,140000,70000,70000,70000
08177P,金像電元大9B售02,0,0,0,0,0,0,0,0,0,70000,0,0,0,450000,380000,70000,70000
08134P,臺股指元大9B售40,0,0,0,0,0,0,0,0,0,70000,0,0,0,70000,0,70000,70000
07502P,美食元大9A售01  ,0,0,0,0,0,0,0,0,0,69000,0,0,0,249000,180000,69000,69000
07218P,臺股指凱基99售31,0,0,0,0,0,0,0,0,0,69000,0,0,0,230000,161000,69000,69000
064870,中租永豐9C購01  ,0,0,0,0,0,0,0,0,0,69000,0,0,0,116000,47000,69000,69000
057511,健策統一98購02  ,0,0,0,0,0,0,0,0,0,69000,0,0,0,88000,19000,69000,69000
060435,鈺齊永豐9A購01  ,0,0,0,0,0,0,0,0,0,69000,0,0,0,126000,57000,69000,69000
058946,SGBR2X群益9B購01,0,0,0,0,0,0,0,0,0,69000,0,0,0,105000,36000,69000,69000
064108,創意兆豐9C購01  ,0,0,0,0,0,0,0,0,0,69000,0,0,0,69000,0,69000,69000
063267,台表科中信01購02,0,0,0,0,0,0,0,0,0,69000,0,0,0,69000,0,69000,69000
062230,緯穎統一01購01  ,0,0,0,0,0,0,0,0,0,69000,0,0,0,150000,81000,69000,69000
062276,瑞昱群益9B購01  ,0,0,0,0,0,0,0,0,0,69000,0,0,0,69000,0,69000,69000
3356,奇偶            ,101000,33000,68000,0,0,0,0,0,0,1000,1000,0,1000,0,0,0,69000
2612,中航            ,71000,3000,68000,0,0,0,0,0,0,1000,1000,0,1000,0,0,0,69000
065471,和大元大9C購05  ,0,0,0,0,0,0,0,0,0,68000,0,0,0,68000,0,68000,68000
07638P,長榮航國票9A售01,0,0,0,0,0,0,0,0,0,68000,0,0,0,74000,6000,68000,68000
057618,台光電凱基99購01,0,0,0,0,0,0,0,0,0,68000,0,0,0,112000,44000,68000,68000
056145,緯穎元大98購03  ,0,0,0,0,0,0,0,0,0,68000,0,0,0,68000,0,68000,68000
054208,台積電國票97購07,0,0,0,0,0,0,0,0,0,68000,0,0,0,83000,15000,68000,68000
055579,健策統一9A購01  ,0,0,0,0,0,0,0,0,0,68000,0,0,0,112000,44000,68000,68000
057236,聯詠凱基98購03  ,0,0,0,0,0,0,0,0,0,68000,0,0,0,107000,39000,68000,68000
058583,臻鼎群益99購01  ,0,0,0,0,0,0,0,0,0,68000,0,0,0,78000,10000,68000,68000
057841,茂林富邦9A購02  ,0,0,0,0,0,0,0,0,0,68000,0,0,0,218000,150000,68000,68000
058751,南茂凱基9A購01  ,0,0,0,0,0,0,0,0,0,68000,0,0,0,125000,57000,68000,68000
058263,大成鋼永豐99購01,0,0,0,0,0,0,0,0,0,68000,0,0,0,68000,0,68000,68000
062490,聯茂永豐9B購01  ,0,0,0,0,0,0,0,0,0,68000,0,0,0,68000,0,68000,68000
062179,旺宏元大9B購05  ,0,0,0,0,0,0,0,0,0,68000,0,0,0,68000,0,68000,68000
062826,奇力新群益9C購01,0,0,0,0,0,0,0,0,0,68000,0,0,0,148000,80000,68000,68000
063744,儒鴻國票9C購01  ,0,0,0,0,0,0,0,0,0,68000,0,0,0,68000,0,68000,68000
2939,凱羿-KY         ,96000,29000,67000,0,0,0,0,0,0,1000,1000,0,1000,0,0,0,68000
1707,葡萄王          ,151000,78000,73000,0,0,0,0,0,0,-5000,2000,0,2000,0,7000,-7000,68000
1503,士電            ,145000,84000,61000,0,0,0,0,0,0,7000,7000,0,7000,0,0,0,68000
08247P,台積電群益9C售06,0,0,0,0,0,0,0,0,0,68000,0,0,0,498000,430000,68000,68000
065598,微星元大01購02  ,0,0,0,0,0,0,0,0,0,67000,0,0,0,71000,4000,67000,67000
053378,台積電元大98購02,0,0,0,0,0,0,0,0,0,67000,0,0,0,79000,12000,67000,67000
056144,GIS元大98購01   ,0,0,0,0,0,0,0,0,0,67000,0,0,0,72000,5000,67000,67000
056276,同欣電國泰98購01,0,0,0,0,0,0,0,0,0,67000,0,0,0,157000,90000,67000,67000
056614,智邦永豐98購01  ,0,0,0,0,0,0,0,0,0,67000,0,0,0,87000,20000,67000,67000
056589,康控統一98購01  ,0,0,0,0,0,0,0,0,0,67000,0,0,0,68000,1000,67000,67000
061466,創意群益9A購01  ,0,0,0,0,0,0,0,0,0,67000,0,0,0,67000,0,67000,67000
061478,奇鋐元大9A購01  ,0,0,0,0,0,0,0,0,0,67000,0,0,0,141000,74000,67000,67000
060126,創意永豐99購04  ,0,0,0,0,0,0,0,0,0,67000,0,0,0,67000,0,67000,67000
063563,國巨元大9C購07  ,0,0,0,0,0,0,0,0,0,67000,0,0,0,121000,54000,67000,67000
062325,鴻海統一9B購05  ,0,0,0,0,0,0,0,0,0,67000,0,0,0,97000,30000,67000,67000
062386,京鼎國泰9C購01  ,0,0,0,0,0,0,0,0,0,67000,0,0,0,391000,324000,67000,67000
1219,福壽            ,87000,20000,67000,0,0,0,0,0,0,0,0,0,0,0,0,0,67000
08621P,景碩群益9C售01  ,0,0,0,0,0,0,0,0,0,67000,0,0,0,67000,0,67000,67000
2227,裕日車          ,65000,6000,59000,0,0,0,0,1000,-1000,9000,9000,0,9000,0,0,0,67000
6108,競國            ,183000,116000,67000,0,0,0,0,0,0,0,0,0,0,0,0,0,67000
9925,新保            ,102000,59000,43000,0,0,0,0,0,0,24000,24000,0,24000,0,0,0,67000
064715,和大統一02購03  ,0,0,0,0,0,0,0,0,0,66000,0,0,0,66000,0,66000,66000
065814,健策統一9C購08  ,0,0,0,0,0,0,0,0,0,66000,0,0,0,155000,89000,66000,66000
056454,欣興凱基98購02  ,0,0,0,0,0,0,0,0,0,66000,0,0,0,76000,10000,66000,66000
057445,華通元富02購01  ,0,0,0,0,0,0,0,0,0,66000,0,0,0,99000,33000,66000,66000
056422,全新統一98購02  ,0,0,0,0,0,0,0,0,0,66000,0,0,0,66000,0,66000,66000
020008,元大特股高息N   ,0,0,0,0,0,0,0,0,0,66000,0,0,0,73000,7000,66000,66000
061718,GIS凱基9B購01   ,0,0,0,0,0,0,0,0,0,66000,0,0,0,91000,25000,66000,66000
061650,南電元大9A購07  ,0,0,0,0,0,0,0,0,0,66000,0,0,0,74000,8000,66000,66000
061405,亞德客國票9B購01,0,0,0,0,0,0,0,0,0,66000,0,0,0,96000,30000,66000,66000
060550,可成凱基9A購02  ,0,0,0,0,0,0,0,0,0,66000,0,0,0,86000,20000,66000,66000
061123,燿華永豐9A購01  ,0,0,0,0,0,0,0,0,0,66000,0,0,0,113000,47000,66000,66000
062348,聯發科群益9B購06,0,0,0,0,0,0,0,0,0,66000,0,0,0,66000,0,66000,66000
063072,裕隆永豐9B購01  ,0,0,0,0,0,0,0,0,0,66000,0,0,0,66000,0,66000,66000
063446,台光電統一01購02,0,0,0,0,0,0,0,0,0,66000,0,0,0,114000,48000,66000,66000
063605,健策凱基9C購02  ,0,0,0,0,0,0,0,0,0,66000,0,0,0,116000,50000,66000,66000
064488,台達電元大9C購01,0,0,0,0,0,0,0,0,0,66000,0,0,0,391000,325000,66000,66000
1423,利華            ,6000,0,6000,0,0,0,0,0,0,60000,5000,0,5000,55000,0,55000,66000
065973,嘉晶元大01購03  ,0,0,0,0,0,0,0,0,0,65000,0,0,0,339000,274000,65000,65000
06765P,欣興元大98售11  ,0,0,0,0,0,0,0,0,0,65000,0,0,0,116000,51000,65000,65000
065077,鴻海元大01購03  ,0,0,0,0,0,0,0,0,0,65000,0,0,0,108000,43000,65000,65000
058887,元石油元大9C購04,0,0,0,0,0,0,0,0,0,65000,0,0,0,80000,15000,65000,65000
058657,大立光中信99購01,0,0,0,0,0,0,0,0,0,65000,0,0,0,65000,0,65000,65000
058971,台積電永豐99購03,0,0,0,0,0,0,0,0,0,65000,0,0,0,75000,10000,65000,65000
060556,緯穎凱基9A購04  ,0,0,0,0,0,0,0,0,0,65000,0,0,0,195000,130000,65000,65000
060296,和碩元大9A購01  ,0,0,0,0,0,0,0,0,0,65000,0,0,0,135000,70000,65000,65000
063103,技嘉群益9B購01  ,0,0,0,0,0,0,0,0,0,65000,0,0,0,110000,45000,65000,65000
063153,南六元富9B購01  ,0,0,0,0,0,0,0,0,0,65000,0,0,0,65000,0,65000,65000
062299,台積電第一9B購01,0,0,0,0,0,0,0,0,0,65000,0,0,0,65000,0,65000,65000
08638P,泰碩國票9C售01  ,0,0,0,0,0,0,0,0,0,65000,0,0,0,107000,42000,65000,65000
08486P,富邦金群益9C售02,0,0,0,0,0,0,0,0,0,65000,0,0,0,85000,20000,65000,65000
3050,鈺德            ,70000,5000,65000,0,0,0,0,0,0,0,0,0,0,0,0,0,65000
6192,巨路            ,67000,3000,64000,0,0,0,0,0,0,1000,1000,0,1000,0,0,0,65000
065105,巨大元大01購01  ,0,0,0,0,0,0,0,0,0,64000,0,0,0,145000,81000,64000,64000
065567,台積電群益01購03,0,0,0,0,0,0,0,0,0,64000,0,0,0,64000,0,64000,64000
065885,神達元富9C購01  ,0,0,0,0,0,0,0,0,0,64000,0,0,0,88000,24000,64000,64000
06934P,聯鈞元大98售03  ,0,0,0,0,0,0,0,0,0,64000,0,0,0,118000,54000,64000,64000
045189,大立光元富98購01,0,0,0,0,0,0,0,0,0,64000,0,0,0,64000,0,64000,64000
054418,茂林元大97購01  ,0,0,0,0,0,0,0,0,0,64000,0,0,0,177000,113000,64000,64000
052142,滬深2X群益99購04,0,0,0,0,0,0,0,0,0,64000,0,0,0,64000,0,64000,64000
057787,TPK國票99購01   ,0,0,0,0,0,0,0,0,0,64000,0,0,0,70000,6000,64000,64000
060297,和碩元大9A購02  ,0,0,0,0,0,0,0,0,0,64000,0,0,0,86000,22000,64000,64000
061984,華新科元大9B購05,0,0,0,0,0,0,0,0,0,64000,0,0,0,68000,4000,64000,64000
063137,瑞昱統一01購02  ,0,0,0,0,0,0,0,0,0,64000,0,0,0,101000,37000,64000,64000
063894,漢唐群益9C購01  ,0,0,0,0,0,0,0,0,0,64000,0,0,0,64000,0,64000,64000
063873,南六永豐9C購01  ,0,0,0,0,0,0,0,0,0,64000,0,0,0,68000,4000,64000,64000
2373,震旦行          ,71000,11000,60000,0,0,0,0,0,0,4000,4000,0,4000,0,0,0,64000
1618,合機            ,72000,11000,61000,0,0,0,0,0,0,3000,3000,0,3000,0,0,0,64000
2010,春源            ,120000,63000,57000,0,0,0,0,0,0,7000,7000,0,7000,0,0,0,64000
1203,味王            ,65000,1000,64000,0,0,0,0,0,0,0,0,0,0,0,0,0,64000
06928P,鴻海元大99售10  ,0,0,0,0,0,0,0,0,0,63000,0,0,0,63000,0,63000,63000
07002P,鴻海兆豐99售04  ,0,0,0,0,0,0,0,0,0,63000,0,0,0,63000,0,63000,63000
065394,英業達群益9C購01,0,0,0,0,0,0,0,0,0,63000,0,0,0,63000,0,63000,63000
057226,上銀凱基98購06  ,0,0,0,0,0,0,0,0,0,63000,0,0,0,63000,0,63000,63000
054977,SP黃豆元富9B購01,0,0,0,0,0,0,0,0,0,63000,0,0,0,63000,0,63000,63000
057480,技嘉元大98購03  ,0,0,0,0,0,0,0,0,0,63000,0,0,0,93000,30000,63000,63000
060300,佐登國泰9B購01  ,0,0,0,0,0,0,0,0,0,63000,0,0,0,63000,0,63000,63000
059772,可成群益9A購05  ,0,0,0,0,0,0,0,0,0,63000,0,0,0,63000,0,63000,63000
058864,欣興凱基99購04  ,5000,0,5000,0,0,0,0,0,0,58000,0,0,0,143000,85000,58000,63000
063805,技嘉兆豐9C購01  ,0,0,0,0,0,0,0,0,0,63000,0,0,0,205000,142000,63000,63000
063477,訊芯元大9B購01  ,0,0,0,0,0,0,0,0,0,63000,0,0,0,97000,34000,63000,63000
064446,聚陽統一02購02  ,0,0,0,0,0,0,0,0,0,63000,0,0,0,458000,395000,63000,63000
064346,貿聯元大01購01  ,0,0,0,0,0,0,0,0,0,63000,0,0,0,109000,46000,63000,63000
063961,世紀鋼元大9C購05,0,0,0,0,0,0,0,0,0,63000,0,0,0,68000,5000,63000,63000
063079,儒鴻凱基9B購01  ,0,0,0,0,0,0,0,0,0,63000,0,0,0,81000,18000,63000,63000
062476,神隆國票9B購01  ,0,0,0,0,0,0,0,0,0,63000,0,0,0,107000,44000,63000,63000
062472,大立光凱基9B購04,0,0,0,0,0,0,0,0,0,63000,0,0,0,63000,0,63000,63000
1451,年興            ,124000,62000,62000,0,0,0,0,0,0,1000,1000,0,1000,0,0,0,63000
1231,聯華食          ,67000,4000,63000,0,0,0,0,0,0,0,0,0,0,0,0,0,63000
08488P,臺股指群益9C售19,0,0,0,0,0,0,0,0,0,63000,0,0,0,97000,34000,63000,63000
08535P,和大國票01售02  ,0,0,0,0,0,0,0,0,0,63000,0,0,0,113000,50000,63000,63000
3454,晶睿            ,68000,5000,63000,0,0,0,0,0,0,0,0,0,0,0,0,0,63000
5907,大洋-KY         ,69000,7000,62000,0,0,0,0,0,0,1000,1000,0,1000,0,0,0,63000
6605,帝寶            ,66000,4000,62000,0,0,0,0,0,0,1000,1000,0,1000,0,0,0,63000
065096,世芯元大9C購03  ,0,0,0,0,0,0,0,0,0,62000,0,0,0,93000,31000,62000,62000
064722,大立光統一02購03,0,0,0,0,0,0,0,0,0,62000,0,0,0,62000,0,62000,62000
064584,英業達永豐9C購01,0,0,0,0,0,0,0,0,0,62000,0,0,0,72000,10000,62000,62000
06778P,台積電元大99售06,0,0,0,0,0,0,0,0,0,62000,0,0,0,100000,38000,62000,62000
057449,華新科元富99購02,0,0,0,0,0,0,0,0,0,62000,0,0,0,62000,0,62000,62000
056458,日月光凱基98購02,0,0,0,0,0,0,0,0,0,62000,0,0,0,62000,0,62000,62000
060600,台積電凱基9C購01,0,0,0,0,0,0,0,0,0,62000,0,0,0,62000,0,62000,62000
057130,全新凱基98購03  ,0,0,0,0,0,0,0,0,0,62000,0,0,0,62000,0,62000,62000
048270,T50反1富邦99購01,0,0,0,0,0,0,0,0,0,62000,0,0,0,130000,68000,62000,62000
058010,帆宣國票98購01  ,0,0,0,0,0,0,0,0,0,62000,0,0,0,100000,38000,62000,62000
058631,鈺齊國票9A購01  ,0,0,0,0,0,0,0,0,0,62000,0,0,0,163000,101000,62000,62000
061644,健策元大9C購02  ,0,0,0,0,0,0,0,0,0,62000,0,0,0,161000,99000,62000,62000
061708,同欣電國票9A購02,0,0,0,0,0,0,0,0,0,62000,0,0,0,75000,13000,62000,62000
058358,技嘉凱基9A購01  ,0,0,0,0,0,0,0,0,0,62000,0,0,0,68000,6000,62000,62000
059286,S&P正2元富01購03,0,0,0,0,0,0,0,0,0,62000,0,0,0,62000,0,62000,62000
062569,南電中信01購01  ,0,0,0,0,0,0,0,0,0,62000,0,0,0,271000,209000,62000,62000
062194,遠東新中信9C購01,0,0,0,0,0,0,0,0,0,62000,0,0,0,62000,0,62000,62000
062091,世紀鋼元大9B購01,0,0,0,0,0,0,0,0,0,62000,0,0,0,100000,38000,62000,62000
08642P,華新科群益9C售06,0,0,0,0,0,0,0,0,0,62000,0,0,0,62000,0,62000,62000
06641P,智邦兆豐99售01  ,0,0,0,0,0,0,0,0,0,61000,0,0,0,61000,0,61000,61000
07070P,晶相光元富99售01,0,0,0,0,0,0,0,0,0,61000,0,0,0,72000,11000,61000,61000
07312P,台灣50元大99售10,0,0,0,0,0,0,0,0,0,61000,0,0,0,71000,10000,61000,61000
064714,和大統一02購02  ,0,0,0,0,0,0,0,0,0,61000,0,0,0,122000,61000,61000,61000
065101,力成元大9C購05  ,0,0,0,0,0,0,0,0,0,61000,0,0,0,61000,0,61000,61000
064989,鈺齊元大01購01  ,0,0,0,0,0,0,0,0,0,61000,0,0,0,150000,89000,61000,61000
065392,華通群益01購02  ,0,0,0,0,0,0,0,0,0,61000,0,0,0,119000,58000,61000,61000
065212,瑞儀國票01購01  ,0,0,0,0,0,0,0,0,0,61000,0,0,0,81000,20000,61000,61000
055029,帆宣國泰99購01  ,0,0,0,0,0,0,0,0,0,61000,0,0,0,126000,65000,61000,61000
054873,帆宣群益99購01  ,0,0,0,0,0,0,0,0,0,61000,0,0,0,61000,0,61000,61000
053294,聯發科中信9C購01,0,0,0,0,0,0,0,0,0,61000,0,0,0,143000,82000,61000,61000
060661,台積電凱基9A購18,0,0,0,0,0,0,0,0,0,61000,0,0,0,61000,0,61000,61000
056295,國巨元大97購16  ,0,0,0,0,0,0,0,0,0,61000,0,0,0,68000,7000,61000,61000
060954,國泰金群益9A購02,0,0,0,0,0,0,0,0,0,61000,0,0,0,324000,263000,61000,61000
060314,元翎永豐9A購01  ,0,0,0,0,0,0,0,0,0,61000,0,0,0,223000,162000,61000,61000
058295,欣興凱基99購02  ,0,0,0,0,0,0,0,0,0,61000,0,0,0,126000,65000,61000,61000
058851,大立光群益99購07,0,0,0,0,0,0,0,0,0,61000,0,0,0,184000,123000,61000,61000
061227,日月光中信9B購01,0,0,0,0,0,0,0,0,0,61000,0,0,0,73000,12000,61000,61000
063074,創意永豐9B購02  ,0,0,0,0,0,0,0,0,0,61000,0,0,0,64000,3000,61000,61000
062629,聯發科國票9C購01,0,0,0,0,0,0,0,0,0,61000,0,0,0,71000,10000,61000,61000
062734,臺指反國票9C購03,0,0,0,0,0,0,0,0,0,61000,0,0,0,450000,389000,61000,61000
07080P,健策群益9A售01  ,0,0,0,0,0,0,0,0,0,60000,0,0,0,100000,40000,60000,60000
07895P,美律元大9B售01  ,0,0,0,0,0,0,0,0,0,60000,0,0,0,60000,0,60000,60000
065974,智原元大01購01  ,0,0,0,0,0,0,0,0,0,60000,0,0,0,808000,748000,60000,60000
065890,台積電統一03購01,0,0,0,0,0,0,0,0,0,60000,0,0,0,75000,15000,60000,60000
065924,東元國票02購01  ,0,0,0,0,0,0,0,0,0,60000,0,0,0,60000,0,60000,60000
056312,茂林元大98購01  ,0,0,0,0,0,0,0,0,0,60000,0,0,0,60000,0,60000,60000
055833,華通元大98購05  ,0,0,0,0,0,0,0,0,0,60000,0,0,0,60000,0,60000,60000
056442,瑞昱凱基98購02  ,0,0,0,0,0,0,0,0,0,60000,0,0,0,60000,0,60000,60000
057329,緯穎群益98購02  ,0,0,0,0,0,0,0,0,0,60000,0,0,0,60000,0,60000,60000
057376,新日興元大98購04,0,0,0,0,0,0,0,0,0,60000,0,0,0,60000,0,60000,60000
057957,嘉晶元大98購01  ,0,0,0,0,0,0,0,0,0,60000,0,0,0,65000,5000,60000,60000
053631,欣興兆豐97購01  ,0,0,0,0,0,0,0,0,0,60000,0,0,0,60000,0,60000,60000
056435,台積電凱基98購09,0,0,0,0,0,0,0,0,0,60000,0,0,0,60000,0,60000,60000
055718,可成元大97購02  ,0,0,0,0,0,0,0,0,0,60000,0,0,0,60000,0,60000,60000
048236,A50正2國票97購02,0,0,0,0,0,0,0,0,0,60000,0,0,0,60000,0,60000,60000
05306P,泰碩國泰97售01  ,0,0,0,0,0,0,0,0,0,60000,0,0,0,60000,0,60000,60000
061231,聚陽元大9A購02  ,0,0,0,0,0,0,0,0,0,60000,0,0,0,110000,50000,60000,60000
060360,南亞科元富9A購02,0,0,0,0,0,0,0,0,0,60000,0,0,0,134000,74000,60000,60000
058577,南亞科群益99購02,0,0,0,0,0,0,0,0,0,60000,0,0,0,60000,0,60000,60000
061859,勤誠國票9B購01  ,0,0,0,0,0,0,0,0,0,60000,0,0,0,105000,45000,60000,60000
060107,旭富元大99購03  ,0,0,0,0,0,0,0,0,0,60000,0,0,0,117000,57000,60000,60000
062036,致新群益9B購01  ,0,0,0,0,0,0,0,0,0,60000,0,0,0,371000,311000,60000,60000
063413,台積電麥證01購01,0,0,0,105000,45000,60000,0,0,0,60000,0,0,0,105000,45000,60000,60000
063601,金像電凱基01購01,0,0,0,0,0,0,0,0,0,60000,0,0,0,110000,50000,60000,60000
08616P,聯發科元富9C售02,0,0,0,0,0,0,0,0,0,60000,0,0,0,60000,0,60000,60000
08617P,緯創元富9C售03  ,0,0,0,0,0,0,0,0,0,60000,0,0,0,89000,29000,60000,60000
08125P,聯茂群益9B售02  ,0,0,0,0,0,0,0,0,0,60000,0,0,0,60000,0,60000,60000
2012,春雨            ,50000,2000,48000,0,0,0,0,0,0,12000,12000,0,12000,0,0,0,60000
2029,盛餘            ,58000,10000,48000,0,0,0,0,0,0,12000,12000,0,12000,0,0,0,60000
1795,美時            ,144000,86000,58000,0,0,0,0,0,0,2000,2000,0,2000,0,0,0,60000
065244,聯發科兆豐9C購05,0,0,0,0,0,0,0,0,0,59000,0,0,0,77000,18000,59000,59000
065300,燿華元富9C購03  ,0,0,0,0,0,0,0,0,0,59000,0,0,0,178000,119000,59000,59000
054212,聯詠國票97購03  ,0,0,0,0,0,0,0,0,0,59000,0,0,0,79000,20000,59000,59000
057691,健策凱基99購01  ,0,0,0,0,0,0,0,0,0,59000,0,0,0,106000,47000,59000,59000
057390,台表科永豐98購01,0,0,0,0,0,0,0,0,0,59000,0,0,0,100000,41000,59000,59000
057570,技嘉永豐98購02  ,0,0,0,0,0,0,0,0,0,59000,0,0,0,245000,186000,59000,59000
057465,智易永豐98購02  ,0,0,0,0,0,0,0,0,0,59000,0,0,0,68000,9000,59000,59000
056113,新日興兆豐98購01,0,0,0,0,0,0,0,0,0,59000,0,0,0,256000,197000,59000,59000
057946,晶相光國票99購01,0,0,0,0,0,0,0,0,0,59000,0,0,0,59000,0,59000,59000
061350,牧德元大9B購03  ,0,0,0,0,0,0,0,0,0,59000,0,0,0,80000,21000,59000,59000
063397,廣達群益9B購02  ,0,0,0,0,0,0,0,0,0,59000,0,0,0,273000,214000,59000,59000
063919,大立光元富03購01,0,0,0,0,0,0,0,0,0,59000,0,0,0,156000,97000,59000,59000
8499,鼎炫-KY         ,127000,71000,56000,0,0,0,0,0,0,3000,5000,2000,3000,0,0,0,59000
4526,東台            ,87000,33000,54000,0,0,0,0,0,0,5000,5000,0,5000,0,0,0,59000
4148,全宇生技-KY     ,71000,12000,59000,0,0,0,0,0,0,0,0,0,0,0,0,0,59000
064684,巨大兆豐9C購01  ,0,0,0,0,0,0,0,0,0,58000,0,0,0,140000,82000,58000,58000
064755,南亞科凱基01購02,0,0,0,0,0,0,0,0,0,58000,0,0,0,90000,32000,58000,58000
065830,景碩凱基9C購04  ,0,0,0,0,0,0,0,0,0,58000,0,0,0,61000,3000,58000,58000
055521,S&P反1群益01購01,0,0,0,0,0,0,0,0,0,58000,0,0,0,62000,4000,58000,58000
054427,潤泰全富邦97購01,0,0,0,0,0,0,0,0,0,58000,0,0,0,258000,200000,58000,58000
061505,力成國票9A購03  ,0,0,0,0,0,0,0,0,0,58000,0,0,0,58000,0,58000,58000
061543,南亞科群益9A購01,0,0,0,0,0,0,0,0,0,58000,0,0,0,108000,50000,58000,58000
060178,T50反1元富04購05,0,0,0,0,0,0,0,0,0,58000,0,0,0,58000,0,58000,58000
064013,創意國票01購01  ,0,0,0,0,0,0,0,0,0,58000,0,0,0,58000,0,58000,58000
063652,國泰金台新9B購01,0,0,0,0,0,0,0,0,0,58000,0,0,0,58000,0,58000,58000
062253,燿華元大9B購02  ,0,0,0,0,0,0,0,0,0,58000,0,0,0,77000,19000,58000,58000
1537,廣隆            ,105000,48000,57000,0,0,0,0,0,0,1000,1000,0,1000,0,0,0,58000
2305,全友            ,56000,2000,54000,0,0,0,0,0,0,4000,4000,0,4000,0,0,0,58000
4137,麗豐-KY         ,135000,88000,47000,0,0,0,0,0,0,11000,4000,0,4000,11000,4000,7000,58000
2911,麗嬰房          ,60000,5000,55000,0,0,0,0,0,0,3000,3000,0,3000,0,0,0,58000
065533,台光電統一02購03,0,0,0,0,0,0,0,0,0,57000,0,0,0,60000,3000,57000,57000
065443,智邦統一9C購03  ,0,0,0,0,0,0,0,0,0,57000,0,0,0,114000,57000,57000,57000
05582P,群創凱基98售06  ,0,0,0,0,0,0,0,0,0,57000,0,0,0,135000,78000,57000,57000
060425,凌華永豐9A購01  ,0,0,0,0,0,0,0,0,0,57000,0,0,0,250000,193000,57000,57000
057167,台積電元大99購03,0,0,0,0,0,0,0,0,0,57000,0,0,0,60000,3000,57000,57000
061409,力成國票9A購02  ,0,0,0,0,0,0,0,0,0,57000,0,0,0,90000,33000,57000,57000
058649,健策永豐99購01  ,0,0,0,0,0,0,0,0,0,57000,0,0,0,61000,4000,57000,57000
059661,大立光元大99購22,0,0,0,0,0,0,0,0,0,57000,0,0,0,60000,3000,57000,57000
062423,聯發科統一9C購07,0,0,0,0,0,0,0,0,0,57000,0,0,0,159000,102000,57000,57000
062769,臺股指凱基9B購13,0,0,0,0,0,0,0,0,0,57000,0,0,0,57000,0,57000,57000
063998,聯發科兆豐9C購02,0,0,0,0,0,0,0,0,0,57000,0,0,0,57000,0,57000,57000
064089,新日興凱基02購01,0,0,0,0,0,0,0,0,0,57000,0,0,0,156000,99000,57000,57000
064339,大立光元大01購01,0,0,0,0,0,0,0,0,0,57000,0,0,0,57000,0,57000,57000
1721,三晃            ,59000,2000,57000,0,0,0,0,0,0,0,0,0,0,0,0,0,57000
08212P,鴻海統一9B售08  ,0,0,0,0,0,0,0,0,0,57000,0,0,0,57000,0,57000,57000
065542,緯穎統一01購05  ,0,0,0,0,0,0,0,0,0,56000,0,0,0,56000,0,56000,56000
065565,神隆群益01購01  ,0,0,0,0,0,0,0,0,0,56000,0,0,0,83000,27000,56000,56000
060426,盛群永豐9A購01  ,0,0,0,0,0,0,0,0,0,56000,0,0,0,91000,35000,56000,56000
053013,台積電統一97購01,0,0,0,0,0,0,0,0,0,56000,0,0,0,78000,22000,56000,56000
060017,全新康和99購01  ,0,0,0,0,0,0,0,0,0,56000,0,0,0,108000,52000,56000,56000
058592,聯發科統一9C購01,0,0,0,0,0,0,0,0,0,56000,0,0,0,56000,0,56000,56000
058327,大毅統一9B購01  ,0,0,0,0,0,0,0,0,0,56000,0,0,0,469000,413000,56000,56000
058433,台積電統一9B購04,0,0,0,0,0,0,0,0,0,56000,0,0,0,93000,37000,56000,56000
057953,聚陽元大98購01  ,0,0,0,0,0,0,0,0,0,56000,0,0,0,56000,0,56000,56000
059037,宏達電群益99購02,0,0,0,0,0,0,0,0,0,56000,0,0,0,106000,50000,56000,56000
059155,台表科日盛99購01,0,0,0,0,0,0,0,0,0,56000,0,0,0,60000,4000,56000,56000
064453,微星統一02購01  ,0,0,0,0,0,0,0,0,0,56000,0,0,0,152000,96000,56000,56000
063739,台勝科元大9B購03,0,0,0,0,0,0,0,0,0,56000,0,0,0,218000,162000,56000,56000
063403,鈺齊群益9B購01  ,0,0,0,0,0,0,0,0,0,56000,0,0,0,134000,78000,56000,56000
063566,台光電元大9B購08,0,0,0,0,0,0,0,0,0,56000,0,0,0,57000,1000,56000,56000
062753,台積電麥證9B購01,0,0,0,101000,45000,56000,0,0,0,56000,0,0,0,101000,45000,56000,56000
063272,GIS兆豐9C購01   ,0,0,0,0,0,0,0,0,0,56000,0,0,0,161000,105000,56000,56000
062365,台光電元大9B購03,0,0,0,0,0,0,0,0,0,56000,0,0,0,58000,2000,56000,56000
062159,聯詠凱基9B購01  ,0,0,0,0,0,0,0,0,0,56000,0,0,0,76000,20000,56000,56000
08259P,華新科元大9C售04,0,0,0,0,0,0,0,0,0,56000,0,0,0,156000,100000,56000,56000
08288P,鴻海統一9C售17  ,0,0,0,0,0,0,0,0,0,56000,0,0,0,56000,0,56000,56000
08567P,台勝科群益9C售01,0,0,0,0,0,0,0,0,0,56000,0,0,0,56000,0,56000,56000
08447P,緯穎永豐9C售02  ,0,0,0,0,0,0,0,0,0,56000,0,0,0,56000,0,56000,56000
1903,士紙            ,98000,42000,56000,0,0,0,0,0,0,0,0,0,0,0,0,0,56000
2482,連宇            ,98000,44000,54000,0,0,0,0,0,0,2000,2000,0,2000,0,0,0,56000
065243,聯發科兆豐01購03,0,0,0,0,0,0,0,0,0,55000,0,0,0,55000,0,55000,55000
064815,台表科元大01購01,0,0,0,0,0,0,0,0,0,55000,0,0,0,194000,139000,55000,55000
064697,健策群益01購02  ,0,0,0,0,0,0,0,0,0,55000,0,0,0,106000,51000,55000,55000
064620,大立光元大01購03,0,0,0,0,0,0,0,0,0,55000,0,0,0,105000,50000,55000,55000
06822P,上銀富邦99售03  ,0,0,0,0,0,0,0,0,0,55000,0,0,0,90000,35000,55000,55000
07325P,台積電元大99售41,0,0,0,0,0,0,0,0,0,55000,0,0,0,55000,0,55000,55000
052871,群創凱基98購07  ,0,0,0,0,0,0,0,0,0,55000,0,0,0,65000,10000,55000,55000
054156,聯電亞東98購01  ,0,0,0,0,0,0,0,0,0,55000,0,0,0,55000,0,55000,55000
055421,玉晶光永豐98購04,0,0,0,0,0,0,0,0,0,55000,0,0,0,55000,0,55000,55000
057288,聯茂元大98購03  ,0,0,0,0,0,0,0,0,0,55000,0,0,0,55000,0,55000,55000
055682,智原凱基98購02  ,0,0,0,0,0,0,0,0,0,55000,0,0,0,55000,0,55000,55000
060693,台積電麥證9A購02,0,0,0,55000,0,55000,0,0,0,55000,0,0,0,55000,0,55000,55000
056292,統一元大97購01  ,0,0,0,0,0,0,0,0,0,55000,0,0,0,175000,120000,55000,55000
061008,群創兆豐9A購02  ,0,0,0,0,0,0,0,0,0,55000,0,0,0,55000,0,55000,55000
059515,牧德永豐99購01  ,0,0,0,0,0,0,0,0,0,55000,0,0,0,83000,28000,55000,55000
057928,鈺齊凱基98購02  ,0,0,0,0,0,0,0,0,0,55000,0,0,0,99000,44000,55000,55000
061370,晶技國泰9C購01  ,0,0,0,0,0,0,0,0,0,55000,0,0,0,322000,267000,55000,55000
058398,中環元大99購02  ,0,0,0,0,0,0,0,0,0,55000,0,0,0,155000,100000,55000,55000
063064,台表科元富9B購01,0,0,0,0,0,0,0,0,0,55000,0,0,0,204000,149000,55000,55000
062598,華通台新9B購02  ,0,0,0,0,0,0,0,0,0,55000,0,0,0,121000,66000,55000,55000
063704,麗豐群益9B購01  ,0,0,0,0,0,0,0,0,0,55000,0,0,0,111000,56000,55000,55000
064151,義隆統一01購01  ,0,0,0,0,0,0,0,0,0,55000,0,0,0,55000,0,55000,55000
064207,國巨凱基03購02  ,0,0,0,0,0,0,0,0,0,55000,0,0,0,120000,65000,55000,55000
064018,儒鴻元大9C購02  ,0,0,0,0,0,0,0,0,0,55000,0,0,0,69000,14000,55000,55000
063969,晶豪科國票01購01,0,0,0,0,0,0,0,0,0,55000,0,0,0,99000,44000,55000,55000
2441,超豐            ,605000,566000,39000,0,0,0,0,2000,-2000,18000,18000,0,18000,0,0,0,55000
06906P,國巨國泰99售01  ,0,0,0,0,0,0,0,0,0,54000,0,0,0,65000,11000,54000,54000
065889,鴻海統一03購02  ,0,0,0,0,0,0,0,0,0,54000,0,0,0,77000,23000,54000,54000
065005,台光電國票01購02,0,0,0,0,0,0,0,0,0,54000,0,0,0,87000,33000,54000,54000
053891,欣興群益98購01  ,0,0,0,0,0,0,0,0,0,54000,0,0,0,304000,250000,54000,54000
053573,臺股指統一99購01,0,0,0,0,0,0,0,0,0,54000,0,0,0,54000,0,54000,54000
051082,上証2X元大98購01,0,0,0,0,0,0,0,0,0,54000,0,0,0,54000,0,54000,54000
058949,上銀群益99購02  ,0,0,0,0,0,0,0,0,0,54000,0,0,0,54000,0,54000,54000
058495,元大金群益9B購01,0,0,0,0,0,0,0,0,0,54000,0,0,0,177000,123000,54000,54000
058776,台積電國票9A購03,0,0,0,0,0,0,0,0,0,54000,0,0,0,345000,291000,54000,54000
059951,台塑康和99購01  ,0,0,0,0,0,0,0,0,0,54000,0,0,0,54000,0,54000,54000
060279,SP黃豆元大9A購01,0,0,0,0,0,0,0,0,0,54000,0,0,0,60000,6000,54000,54000
064274,燿華元大9C購01  ,0,0,0,0,0,0,0,0,0,54000,0,0,0,107000,53000,54000,54000
063631,燿華元大9B購06  ,0,0,0,0,0,0,0,0,0,54000,0,0,0,62000,8000,54000,54000
062891,台汽電群益9B購01,0,0,0,0,0,0,0,0,0,54000,0,0,0,174000,120000,54000,54000
062535,台積電麥證02購01,0,0,0,76000,22000,54000,0,0,0,54000,0,0,0,76000,22000,54000,54000
2597,潤弘            ,56000,4000,52000,0,0,0,0,0,0,2000,2000,0,2000,0,0,0,54000
6698,旭暉應材        ,68000,14000,54000,0,0,0,0,0,0,0,0,0,0,0,0,0,54000
064739,智邦國票01購01  ,0,0,0,0,0,0,0,0,0,53000,0,0,0,78000,25000,53000,53000
056365,欣興元大98購01  ,0,0,0,0,0,0,0,0,0,53000,0,0,0,171000,118000,53000,53000
054542,台表科國票98購01,0,0,0,0,0,0,0,0,0,53000,0,0,0,63000,10000,53000,53000
057809,英業達元大98購01,0,0,0,0,0,0,0,0,0,53000,0,0,0,53000,0,53000,53000
060240,富邦金元大9A購01,0,0,0,0,0,0,0,0,0,53000,0,0,0,176000,123000,53000,53000
061545,華新科群益9A購09,0,0,0,0,0,0,0,0,0,53000,0,0,0,53000,0,53000,53000
059064,緯穎凱基99購02  ,0,0,0,0,0,0,0,0,0,53000,0,0,0,168000,115000,53000,53000
058600,國巨元大99購15  ,0,0,0,0,0,0,0,0,0,53000,0,0,0,196000,143000,53000,53000
058586,鴻海中信01購02  ,0,0,0,0,0,0,0,0,0,53000,0,0,0,60000,7000,53000,53000
06244P,智易元富97售02  ,0,0,0,0,0,0,0,0,0,53000,0,0,0,53000,0,53000,53000
062361,智邦元大9B購06  ,0,0,0,0,0,0,0,0,0,53000,0,0,0,148000,95000,53000,53000
062272,鴻海群益9B購05  ,0,0,0,0,0,0,0,0,0,53000,0,0,0,92000,39000,53000,53000
062628,廣達國票9B購01  ,0,0,0,0,0,0,0,0,0,53000,0,0,0,73000,20000,53000,53000
062695,華通元大9C購01  ,0,0,0,0,0,0,0,0,0,53000,0,0,0,57000,4000,53000,53000
063615,瑞祺群益9B購03  ,0,0,0,0,0,0,0,0,0,53000,0,0,0,131000,78000,53000,53000
064308,國巨群益9C購09  ,0,0,0,0,0,0,0,0,0,53000,0,0,0,53000,0,53000,53000
064162,貿聯統一02購01  ,0,0,0,0,0,0,0,0,0,53000,0,0,0,160000,107000,53000,53000
8033,雷虎            ,52000,2000,50000,0,0,0,0,0,0,3000,3000,0,3000,0,0,0,53000
9927,泰銘            ,49000,1000,48000,0,0,0,0,0,0,5000,5000,0,5000,0,0,0,53000
2701,萬企            ,65000,16000,49000,0,0,0,0,0,0,4000,4000,0,4000,0,0,0,53000
08124P,臻鼎群益9B售02  ,0,0,0,0,0,0,0,0,0,53000,0,0,0,53000,0,53000,53000
064667,大立光元大02購01,0,0,0,0,0,0,0,0,0,52000,0,0,0,337000,285000,52000,52000
064643,瑞昱凱基04購01  ,0,0,0,0,0,0,0,0,0,52000,0,0,0,92000,40000,52000,52000
065707,聯詠群益9C購02  ,0,0,0,0,0,0,0,0,0,52000,0,0,0,210000,158000,52000,52000
07359P,台積電元大99售45,0,0,0,0,0,0,0,0,0,52000,0,0,0,102000,50000,52000,52000
07835P,台表科群益9A售02,0,0,0,0,0,0,0,0,0,52000,0,0,0,110000,58000,52000,52000
056693,國產群益98購01  ,0,0,0,0,0,0,0,0,0,52000,0,0,0,74000,22000,52000,52000
057020,台積電凱基99購02,0,0,0,0,0,0,0,0,0,52000,0,0,0,52000,0,52000,52000
054138,晶技元大98購02  ,0,0,0,0,0,0,0,0,0,52000,0,0,0,52000,0,52000,52000
059511,宏達電永豐99購02,0,0,0,0,0,0,0,0,0,52000,0,0,0,90000,38000,52000,52000
061463,智邦群益9A購02  ,0,0,0,0,0,0,0,0,0,52000,0,0,0,100000,48000,52000,52000
063956,神達元大9C購01  ,0,0,0,0,0,0,0,0,0,52000,0,0,0,334000,282000,52000,52000
064008,日月光凱基9C購01,0,0,0,0,0,0,0,0,0,52000,0,0,0,70000,18000,52000,52000
063478,GIS元大9B購03   ,0,0,0,0,0,0,0,0,0,52000,0,0,0,280000,228000,52000,52000
062920,康友元大9B購01  ,0,0,0,0,0,0,0,0,0,52000,0,0,0,89000,37000,52000,52000
3055,蔚華科          ,49000,3000,46000,0,0,0,0,0,0,6000,6000,0,6000,0,0,0,52000
065760,和碩元大9C購02  ,0,0,0,0,0,0,0,0,0,51000,0,0,0,178000,127000,51000,51000
065058,東元群益9C購01  ,0,0,0,0,0,0,0,0,0,51000,0,0,0,64000,13000,51000,51000
055327,致新國票98購01  ,0,0,0,0,0,0,0,0,0,51000,0,0,0,51000,0,51000,51000
00731,FH富時高息低波  ,0,0,0,0,0,0,0,0,0,51000,0,0,0,1097000,1046000,51000,51000
060684,同欣電元大9A購01,0,0,0,0,0,0,0,0,0,51000,0,0,0,53000,2000,51000,51000
057307,瀚宇博兆豐99購01,0,0,0,0,0,0,0,0,0,51000,0,0,0,126000,75000,51000,51000
058055,華擎統一9A購01  ,0,0,0,0,0,0,0,0,0,51000,0,0,0,106000,55000,51000,51000
2617,台航            ,169000,61000,108000,0,0,0,0,0,0,-57000,3000,60000,-57000,0,0,0,51000
08006P,長榮航中信03售01,0,0,0,0,0,0,0,0,0,51000,0,0,0,70000,19000,51000,51000
065060,上銀群益9C購02  ,0,0,0,0,0,0,0,0,0,50000,0,0,0,68000,18000,50000,50000
065085,聯發科元大01購02,0,0,0,0,0,0,0,0,0,50000,0,0,0,74000,24000,50000,50000
064971,裕隆元大01購01  ,0,0,0,0,0,0,0,0,0,50000,0,0,0,200000,150000,50000,50000
064790,金像電國票01購01,0,0,0,0,0,0,0,0,0,50000,0,0,0,196000,146000,50000,50000
064786,GIS群益9C購04   ,0,0,0,0,0,0,0,0,0,50000,0,0,0,50000,0,50000,50000
064787,和潤群益9C購01  ,0,0,0,0,0,0,0,0,0,50000,0,0,0,368000,318000,50000,50000
065718,健策中信9C購02  ,0,0,0,0,0,0,0,0,0,50000,0,0,0,102000,52000,50000,50000
065475,聯發科元大01購04,0,0,0,0,0,0,0,0,0,50000,0,0,0,50000,0,50000,50000
065507,亞德客群益01購02,0,0,0,0,0,0,0,0,0,50000,0,0,0,84000,34000,50000,50000
065274,南茂元大9C購03  ,0,0,0,0,0,0,0,0,0,50000,0,0,0,306000,256000,50000,50000
065317,上銀凱基9C購03  ,0,0,0,0,0,0,0,0,0,50000,0,0,0,50000,0,50000,50000
06586P,鴻海元大9C售01  ,0,0,0,0,0,0,0,0,0,50000,0,0,0,50000,0,50000,50000
06585P,鴻海元大99售04  ,0,0,0,0,0,0,0,0,0,50000,0,0,0,50000,0,50000,50000
06758P,鴻海元大98售10  ,0,0,0,0,0,0,0,0,0,50000,0,0,0,50000,0,50000,50000
07870P,鴻海群益9B售01  ,0,0,0,0,0,0,0,0,0,50000,0,0,0,50000,0,50000,50000
07865P,可成元大9B售02  ,0,0,0,0,0,0,0,0,0,50000,0,0,0,50000,0,50000,50000
07306P,台灣50凱基9A售09,0,0,0,0,0,0,0,0,0,50000,0,0,0,50000,0,50000,50000
07285P,上証2X群益01售02,0,0,0,0,0,0,0,0,0,50000,0,0,0,50000,0,50000,50000
07253P,台灣50凱基9A售05,0,0,0,0,0,0,0,0,0,50000,0,0,0,50000,0,50000,50000
06971P,台光電元大99售03,0,0,0,0,0,0,0,0,0,50000,0,0,0,50000,0,50000,50000
057623,友訊國泰99購01  ,0,0,0,0,0,0,0,0,0,50000,0,0,0,50000,0,50000,50000
056538,國泰金凱基98購01,0,0,0,0,0,0,0,0,0,50000,0,0,0,50000,0,50000,50000
055866,臺股指元大97購03,0,0,0,0,0,0,0,0,0,50000,0,0,0,50000,0,50000,50000
055855,牧德元大99購02  ,0,0,0,0,0,0,0,0,0,50000,0,0,0,50000,0,50000,50000
056686,可成統一98購01  ,0,0,0,0,0,0,0,0,0,50000,0,0,0,50000,0,50000,50000
057396,健鼎中信99購01  ,0,0,0,0,0,0,0,0,0,50000,0,0,0,50000,0,50000,50000
056318,鴻海群益98購02  ,0,0,0,0,0,0,0,0,0,50000,0,0,0,50000,0,50000,50000
056331,聯鈞國票99購01  ,0,0,0,0,0,0,0,0,0,50000,0,0,0,70000,20000,50000,50000
060889,國泰金統一9C購01,0,0,0,0,0,0,0,0,0,50000,0,0,0,141000,91000,50000,50000
057072,日月光永豐98購01,0,0,0,0,0,0,0,0,0,50000,0,0,0,50000,0,50000,50000
056944,鴻海統一98購11  ,0,0,0,0,0,0,0,0,0,50000,0,0,0,73000,23000,50000,50000
057150,貿聯國票99購02  ,0,0,0,0,0,0,0,0,0,50000,0,0,0,50000,0,50000,50000
00675L,富邦臺灣加權正2 ,2000,65000,-63000,0,0,0,0,0,0,113000,0,0,0,160000,47000,113000,50000
05242P,群創國泰97售01  ,0,0,0,0,0,0,0,0,0,50000,0,0,0,50000,0,50000,50000
052669,群創群益98購06  ,0,0,0,0,0,0,0,0,0,50000,0,0,0,50000,0,50000,50000
054376,聯茂中信97購01  ,0,0,0,0,0,0,0,0,0,50000,0,0,0,50000,0,50000,50000
054312,TPK凱基98購01   ,0,0,0,0,0,0,0,0,0,50000,0,0,0,70000,20000,50000,50000
054461,台積電凱基97購09,0,0,0,0,0,0,0,0,0,50000,0,0,0,50000,0,50000,50000
054848,群創兆豐98購01  ,0,0,0,0,0,0,0,0,0,50000,0,0,0,50000,0,50000,50000
054064,台郡國票97購04  ,0,0,0,0,0,0,0,0,0,50000,0,0,0,50000,0,50000,50000
055594,華新科元大98購02,0,0,0,0,0,0,0,0,0,50000,0,0,0,50000,0,50000,50000
055744,茂林元富97購02  ,0,0,0,0,0,0,0,0,0,50000,0,0,0,50000,0,50000,50000
055768,臺股指群益97購06,0,0,0,0,0,0,0,0,0,50000,0,0,0,50000,0,50000,50000
053245,全新國票97購01  ,0,0,0,0,0,0,0,0,0,50000,0,0,0,50000,0,50000,50000
06125P,楠梓電元富99售01,0,0,0,0,0,0,0,0,0,50000,0,0,0,50000,0,50000,50000
060384,葡萄王凱基9B購01,0,0,0,0,0,0,0,0,0,50000,0,0,0,50000,0,50000,50000
058571,緯穎凱基9A購02  ,0,0,0,0,0,0,0,0,0,50000,0,0,0,50000,0,50000,50000
058441,T50反1台新03購01,0,0,0,0,0,0,0,0,0,50000,0,0,0,50000,0,50000,50000
057926,帆宣凱基98購02  ,0,0,0,0,0,0,0,0,0,50000,0,0,0,50000,0,50000,50000
057867,大立光凱基98購17,0,0,0,0,0,0,0,0,0,50000,0,0,0,50000,0,50000,50000
061448,旺宏中信9A購02  ,0,0,0,0,0,0,0,0,0,50000,0,0,0,50000,0,50000,50000
060339,國巨統一01購01  ,0,0,0,0,0,0,0,0,0,50000,0,0,0,50000,0,50000,50000
061610,力成統一9C購01  ,0,0,0,0,0,0,0,0,0,50000,0,0,0,616000,566000,50000,50000
061799,奇鋐永豐9B購01  ,0,0,0,0,0,0,0,0,0,50000,0,0,0,50000,0,50000,50000
062935,華通凱基9C購02  ,0,0,0,0,0,0,0,0,0,50000,0,0,0,60000,10000,50000,50000
062765,祥碩凱基9B購04  ,0,0,0,0,0,0,0,0,0,50000,0,0,0,50000,0,50000,50000
062603,台化凱基9B購01  ,0,0,0,0,0,0,0,0,0,50000,0,0,0,50000,0,50000,50000
063087,南六凱基9C購02  ,0,0,0,0,0,0,0,0,0,50000,0,0,0,50000,0,50000,50000
063119,華通元大9B購07  ,0,0,0,0,0,0,0,0,0,50000,0,0,0,101000,51000,50000,50000
062451,瀚宇博元大9B購02,0,0,0,0,0,0,0,0,0,50000,0,0,0,399000,349000,50000,50000
062243,臺指反元大02購04,0,0,0,0,0,0,0,0,0,50000,0,0,0,50000,0,50000,50000
062043,牧德凱基9B購04  ,0,0,0,0,0,0,0,0,0,50000,0,0,0,70000,20000,50000,50000
061909,台積電中信05購02,0,0,0,0,0,0,0,0,0,50000,0,0,0,50000,0,50000,50000
063722,遠東新元大9B購02,0,0,0,0,0,0,0,0,0,50000,0,0,0,53000,3000,50000,50000
063797,台積電凱基02購02,0,0,0,0,0,0,0,0,0,50000,0,0,0,50000,0,50000,50000
063957,臻鼎元大9C購01  ,0,0,0,0,0,0,0,0,0,50000,0,0,0,85000,35000,50000,50000
064194,燿華群益9C購01  ,0,0,0,0,0,0,0,0,0,50000,0,0,0,80000,30000,50000,50000
064088,大立光凱基02購01,0,0,0,0,0,0,0,0,0,50000,0,0,0,50000,0,50000,50000
064116,T50反1元大9C購03,0,0,0,0,0,0,0,0,0,50000,0,0,0,50000,0,50000,50000
06432P,上銀群益98售01  ,0,0,0,0,0,0,0,0,0,50000,0,0,0,50000,0,50000,50000
08113P,台灣50凱基02售04,0,0,0,0,0,0,0,0,0,50000,0,0,0,50000,0,50000,50000
08298P,大立光國票9C售01,0,0,0,0,0,0,0,0,0,50000,0,0,0,50000,0,50000,50000
08327P,聯發科兆豐9C售03,0,0,0,0,0,0,0,0,0,50000,0,0,0,50000,0,50000,50000
2460,建通            ,45000,0,45000,0,0,0,0,0,0,5000,5000,0,5000,0,0,0,50000
4766,南寶            ,73000,29000,44000,0,0,0,0,0,0,6000,5000,0,5000,1000,0,1000,50000
06911P,鴻海元大99售09  ,0,0,0,0,0,0,0,0,0,49000,0,0,0,49000,0,49000,49000
07082P,美律元大99售06  ,0,0,0,0,0,0,0,0,0,49000,0,0,0,50000,1000,49000,49000
065817,聯發科元富03購08,0,0,0,0,0,0,0,0,0,49000,0,0,0,266000,217000,49000,49000
065184,和大統一02購04  ,0,0,0,0,0,0,0,0,0,49000,0,0,0,102000,53000,49000,49000
056386,TPK國泰99購01   ,0,0,0,0,0,0,0,0,0,49000,0,0,0,84000,35000,49000,49000
054842,台達電兆豐98購01,0,0,0,0,0,0,0,0,0,49000,0,0,0,61000,12000,49000,49000
006208,富邦台50        ,1000,2000,-1000,0,0,0,0,0,0,50000,0,0,0,912000,862000,50000,49000
060685,康友元大9A購01  ,0,0,0,0,0,0,0,0,0,49000,0,0,0,50000,1000,49000,49000
061552,南六群益9A購02  ,0,0,0,0,0,0,0,0,0,49000,0,0,0,49000,0,49000,49000
059828,健策凱基99購05  ,0,0,0,0,0,0,0,0,0,49000,0,0,0,61000,12000,49000,49000
058212,華新科群益9A購01,0,0,0,0,0,0,0,0,0,49000,0,0,0,50000,1000,49000,49000
061372,世紀鋼國泰9C購01,0,0,0,0,0,0,0,0,0,49000,0,0,0,217000,168000,49000,49000
061366,台勝科國票9A購01,0,0,0,0,0,0,0,0,0,49000,0,0,0,79000,30000,49000,49000
061126,京元電永豐9A購02,0,0,0,0,0,0,0,0,0,49000,0,0,0,50000,1000,49000,49000
058569,健策凱基9A購01  ,0,0,0,0,0,0,0,0,0,49000,0,0,0,66000,17000,49000,49000
058674,宏達電群益99購01,0,0,0,0,0,0,0,0,0,49000,0,0,0,80000,31000,49000,49000
058014,上銀凱基99購02  ,0,0,0,0,0,0,0,0,0,49000,0,0,0,49000,0,49000,49000
059642,健策凱基99購04  ,0,0,0,0,0,0,0,0,0,49000,0,0,0,60000,11000,49000,49000
064326,裕隆元大9C購01  ,0,0,0,0,0,0,0,0,0,49000,0,0,0,154000,105000,49000,49000
064241,貿聯統一02購02  ,0,0,0,0,0,0,0,0,0,49000,0,0,0,226000,177000,49000,49000
064196,健策群益01購01  ,0,0,0,0,0,0,0,0,0,49000,0,0,0,140000,91000,49000,49000
063942,台積電元大01購03,0,0,0,0,0,0,0,0,0,49000,0,0,0,49000,0,49000,49000
064056,GIS統一01購02   ,0,0,0,0,0,0,0,0,0,49000,0,0,0,254000,205000,49000,49000
06333P,臺股指群益9C售02,0,0,0,0,0,0,0,0,0,49000,0,0,0,117000,68000,49000,49000
061962,台積電統一01購03,0,0,0,0,0,0,0,0,0,49000,0,0,0,75000,26000,49000,49000
062995,聚陽國票9C購01  ,0,0,0,0,0,0,0,0,0,49000,0,0,0,49000,0,49000,49000
062622,南電元大9B購03  ,0,0,0,0,0,0,0,0,0,49000,0,0,0,57000,8000,49000,49000
062762,聯詠凱基9B購02  ,0,0,0,0,0,0,0,0,0,49000,0,0,0,79000,30000,49000,49000
4581,光隆精密-KY     ,50000,1000,49000,0,0,0,0,0,0,0,0,0,0,0,0,0,49000
08347P,大立光元大9C售16,0,0,0,0,0,0,0,0,0,49000,0,0,0,49000,0,49000,49000
08186P,泰碩永豐9B售03  ,0,0,0,0,0,0,0,0,0,49000,0,0,0,50000,1000,49000,49000
065673,嘉晶凱基01購02  ,0,0,0,0,0,0,0,0,0,48000,0,0,0,100000,52000,48000,48000
065603,聯發科元大9C購16,0,0,0,0,0,0,0,0,0,48000,0,0,0,180000,132000,48000,48000
065661,智原永豐9C購01  ,0,0,0,0,0,0,0,0,0,48000,0,0,0,48000,0,48000,48000
064664,微星元大9C購04  ,0,0,0,0,0,0,0,0,0,48000,0,0,0,98000,50000,48000,48000
064726,創意統一01購03  ,0,0,0,0,0,0,0,0,0,48000,0,0,0,148000,100000,48000,48000
06843P,鴻海元大98售11  ,0,0,0,0,0,0,0,0,0,48000,0,0,0,48000,0,48000,48000
07913P,友達元大01售01  ,0,0,0,0,0,0,0,0,0,48000,0,0,0,120000,72000,48000,48000
060455,葡萄王元大9A購02,0,0,0,0,0,0,0,0,0,48000,0,0,0,131000,83000,48000,48000
057302,福懋科中信98購01,0,0,0,0,0,0,0,0,0,48000,0,0,0,48000,0,48000,48000
00674R,元大S&P黃金反1  ,0,0,0,0,0,0,0,0,0,48000,0,0,0,108000,60000,48000,48000
054974,台表科元大98購02,0,0,0,0,0,0,0,0,0,48000,0,0,0,48000,0,48000,48000
053463,可成富邦98購01  ,0,0,0,0,0,0,0,0,0,48000,0,0,0,48000,0,48000,48000
060383,葡萄王凱基9A購01,0,0,0,0,0,0,0,0,0,48000,0,0,0,53000,5000,48000,48000
060967,鈺齊凱基9A購02  ,0,0,0,0,0,0,0,0,0,48000,0,0,0,195000,147000,48000,48000
061079,台積電兆豐9A購02,0,0,0,0,0,0,0,0,0,48000,0,0,0,48000,0,48000,48000
061010,上銀麥證9A購02  ,0,0,0,70000,22000,48000,0,0,0,48000,0,0,0,70000,22000,48000,48000
061696,南茂群益9A購01  ,0,0,0,0,0,0,0,0,0,48000,0,0,0,110000,62000,48000,48000
063199,台積電統一01購07,0,0,0,0,0,0,0,0,0,48000,0,0,0,75000,27000,48000,48000
062027,國泰金群益9B購01,0,0,0,0,0,0,0,0,0,48000,0,0,0,149000,101000,48000,48000
064262,玉晶光永豐9C購03,0,0,0,0,0,0,0,0,0,48000,0,0,0,54000,6000,48000,48000
08037P,台表科群益9B售02,0,0,0,0,0,0,0,0,0,48000,0,0,0,120000,72000,48000,48000
08449P,華新科群益9C售03,0,0,0,0,0,0,0,0,0,48000,0,0,0,150000,102000,48000,48000
2420,新巨            ,54000,7000,47000,0,0,0,0,0,0,1000,1000,0,1000,0,0,0,48000
4155,訊映            ,84000,37000,47000,0,0,0,0,0,0,1000,1000,0,1000,0,0,0,48000
9937,全國            ,49000,1000,48000,0,0,0,0,0,0,0,0,0,0,0,0,0,48000
910322,康師傅-DR       ,48000,0,48000,0,0,0,0,0,0,0,0,0,0,0,0,0,48000
8261,富鼎            ,582000,535000,47000,0,0,0,0,0,0,1000,1000,0,1000,0,0,0,48000
06777P,鴻海元大99售06  ,0,0,0,0,0,0,0,0,0,47000,0,0,0,64000,17000,47000,47000
056395,玉晶光永豐9B購01,0,0,0,0,0,0,0,0,0,47000,0,0,0,61000,14000,47000,47000
054466,欣興凱基97購03  ,0,0,0,0,0,0,0,0,0,47000,0,0,0,54000,7000,47000,47000
054137,聯詠元大97購02  ,0,0,0,0,0,0,0,0,0,47000,0,0,0,47000,0,47000,47000
056507,創意永豐98購02  ,0,0,0,0,0,0,0,0,0,47000,0,0,0,47000,0,47000,47000
056480,京鼎元大98購02  ,0,0,0,0,0,0,0,0,0,47000,0,0,0,47000,0,47000,47000
056481,創意元大98購01  ,0,0,0,0,0,0,0,0,0,47000,0,0,0,134000,87000,47000,47000
060959,金像電凱基9A購01,0,0,0,0,0,0,0,0,0,47000,0,0,0,249000,202000,47000,47000
059100,元油2X統一9C購02,0,0,0,0,0,0,0,0,0,47000,0,0,0,134000,87000,47000,47000
058159,健策台新9A購01  ,0,0,0,0,0,0,0,0,0,47000,0,0,0,47000,0,47000,47000
058314,欣興富邦9B購01  ,0,0,0,0,0,0,0,0,0,47000,0,0,0,124000,77000,47000,47000
058901,美律元大99購07  ,0,0,0,0,0,0,0,0,0,47000,0,0,0,47000,0,47000,47000
060416,神隆永豐9A購01  ,0,0,0,0,0,0,0,0,0,47000,0,0,0,177000,130000,47000,47000
064217,GIS凱基02購02   ,0,0,0,0,0,0,0,0,0,47000,0,0,0,67000,20000,47000,47000
063296,可成麥證9B購01  ,0,0,0,47000,0,47000,0,0,0,47000,0,0,0,47000,0,47000,47000
06336P,鴻海元大98售05  ,0,0,0,0,0,0,0,0,0,47000,0,0,0,47000,0,47000,47000
063610,儒鴻群益9B購02  ,0,0,0,0,0,0,0,0,0,47000,0,0,0,148000,101000,47000,47000
061981,聯發科元大9B購02,0,0,0,0,0,0,0,0,0,47000,0,0,0,100000,53000,47000,47000
062255,聯發科元大9B購07,0,0,0,0,0,0,0,0,0,47000,0,0,0,100000,53000,47000,47000
063104,大立光群益9C購02,0,0,0,0,0,0,0,0,0,47000,0,0,0,47000,0,47000,47000
062902,智邦元大9B購07  ,0,0,0,0,0,0,0,0,0,47000,0,0,0,130000,83000,47000,47000
08440P,玉晶光國票01售05,0,0,0,0,0,0,0,0,0,47000,0,0,0,92000,45000,47000,47000
08262P,茂林元大9C售01  ,0,0,0,0,0,0,0,0,0,47000,0,0,0,50000,3000,47000,47000
07472P,和碩元大9A售03  ,0,0,0,0,0,0,0,0,0,46000,0,0,0,46000,0,46000,46000
064776,金像電群益01購01,0,0,0,0,0,0,0,0,0,46000,0,0,0,143000,97000,46000,46000
065494,滬深2X富邦01購01,0,0,0,0,0,0,0,0,0,46000,0,0,0,67000,21000,46000,46000
057364,國巨元大98購18  ,0,0,0,0,0,0,0,0,0,46000,0,0,0,47000,1000,46000,46000
052434,茂林國泰97購01  ,0,0,0,0,0,0,0,0,0,46000,0,0,0,46000,0,46000,46000
053401,臺股指中信99購01,0,0,0,0,0,0,0,0,0,46000,0,0,0,46000,0,46000,46000
057739,新日興富邦9B購01,0,0,0,0,0,0,0,0,0,46000,0,0,0,144000,98000,46000,46000
054807,台化元大9A購02  ,0,0,0,0,0,0,0,0,0,46000,0,0,0,56000,10000,46000,46000
061263,微星凱基9A購01  ,0,0,0,0,0,0,0,0,0,46000,0,0,0,46000,0,46000,46000
061083,京元電兆豐9A購01,0,0,0,0,0,0,0,0,0,46000,0,0,0,88000,42000,46000,46000
059926,世紀鋼國泰9B購01,0,0,0,0,0,0,0,0,0,46000,0,0,0,76000,30000,46000,46000
059041,南茂群益99購02  ,0,0,0,0,0,0,0,0,0,46000,0,0,0,46000,0,46000,46000
058367,大立光凱基9A購01,0,0,0,0,0,0,0,0,0,46000,0,0,0,159000,113000,46000,46000
062106,華邦電國票9B購02,0,0,0,0,0,0,0,0,0,46000,0,0,0,136000,90000,46000,46000
063656,台光電元富03購01,0,0,0,0,0,0,0,0,0,46000,0,0,0,166000,120000,46000,46000
064481,技嘉永豐9C購01  ,0,0,0,0,0,0,0,0,0,46000,0,0,0,62000,16000,46000,46000
08426P,奇力新國票01售01,0,0,0,0,0,0,0,0,0,46000,0,0,0,46000,0,46000,46000
3149,正達            ,93000,48000,45000,0,0,0,0,0,0,1000,1000,0,1000,0,0,0,46000
3296,勝德            ,47000,2000,45000,0,0,0,0,0,0,1000,1000,0,1000,0,0,0,46000
3686,達能            ,46000,0,46000,0,0,0,0,0,0,0,0,0,0,0,0,0,46000
5234,達興材料        ,68000,27000,41000,0,0,0,0,0,0,5000,5000,0,5000,0,0,0,46000
064789,和大國票01購01  ,0,0,0,0,0,0,0,0,0,45000,0,0,0,45000,0,45000,45000
064640,和大凱基03購01  ,0,0,0,0,0,0,0,0,0,45000,0,0,0,78000,33000,45000,45000
064645,義隆凱基03購01  ,0,0,0,0,0,0,0,0,0,45000,0,0,0,268000,223000,45000,45000
07926P,上銀統一9B售02  ,0,0,0,0,0,0,0,0,0,45000,0,0,0,45000,0,45000,45000
055689,台郡凱基99購01  ,0,0,0,0,0,0,0,0,0,45000,0,0,0,155000,110000,45000,45000
053035,台表科兆豐97購01,0,0,0,0,0,0,0,0,0,45000,0,0,0,45000,0,45000,45000
00770,國泰北美科技    ,19000,0,19000,0,0,0,0,0,0,26000,0,0,0,30000,4000,26000,45000
056464,臺股指凱基99購06,0,0,0,0,0,0,0,0,0,45000,0,0,0,45000,0,45000,45000
055834,國巨元大97購13  ,0,0,0,0,0,0,0,0,0,45000,0,0,0,46000,1000,45000,45000
060454,葡萄王元大9A購01,0,0,0,0,0,0,0,0,0,45000,0,0,0,129000,84000,45000,45000
060761,南亞科元大9A購05,0,0,0,0,0,0,0,0,0,45000,0,0,0,45000,0,45000,45000
059223,大立光元大99購14,0,0,0,0,0,0,0,0,0,45000,0,0,0,45000,0,45000,45000
059519,台郡永豐99購01  ,0,0,0,0,0,0,0,0,0,45000,0,0,0,64000,19000,45000,45000
060920,超眾富邦9B購01  ,0,0,0,0,0,0,0,0,0,45000,0,0,0,304000,259000,45000,45000
061567,華通元大9A購11  ,0,0,0,0,0,0,0,0,0,45000,0,0,0,65000,20000,45000,45000
057876,隆達元大98購01  ,0,0,0,0,0,0,0,0,0,45000,0,0,0,120000,75000,45000,45000
061122,敬鵬永豐9A購01  ,0,0,0,0,0,0,0,0,0,45000,0,0,0,160000,115000,45000,45000
063400,華擎群益9B購03  ,0,0,0,0,0,0,0,0,0,45000,0,0,0,126000,81000,45000,45000
062579,華通統一01購02  ,0,0,0,0,0,0,0,0,0,45000,0,0,0,45000,0,45000,45000
062882,新日興兆豐9C購01,0,0,0,0,0,0,0,0,0,45000,0,0,0,55000,10000,45000,45000
062708,立積元大9B購01  ,0,0,0,0,0,0,0,0,0,45000,0,0,0,317000,272000,45000,45000
063242,聯發科元大9B購19,0,0,0,0,0,0,0,0,0,45000,0,0,0,78000,33000,45000,45000
08508P,臺股指國票9C售09,0,0,0,0,0,0,0,0,0,45000,0,0,0,85000,40000,45000,45000
08209P,上銀元富9B售06  ,0,0,0,0,0,0,0,0,0,45000,0,0,0,145000,100000,45000,45000
08080P,祥碩國票9B售03  ,0,0,0,0,0,0,0,0,0,45000,0,0,0,73000,28000,45000,45000
07710P,華擎元大9A售05  ,0,0,0,0,0,0,0,0,0,44000,0,0,0,44000,0,44000,44000
07233P,台灣50元大99售04,0,0,0,0,0,0,0,0,0,44000,0,0,0,46000,2000,44000,44000
064946,台積電凱基01購07,0,0,0,0,0,0,0,0,0,44000,0,0,0,51000,7000,44000,44000
065051,和碩凱基02購01  ,0,0,0,0,0,0,0,0,0,44000,0,0,0,109000,65000,44000,44000
065143,聯發科凱基9C購07,0,0,0,0,0,0,0,0,0,44000,0,0,0,54000,10000,44000,44000
060667,力成凱基9A購01  ,0,0,0,0,0,0,0,0,0,44000,0,0,0,64000,20000,44000,44000
057421,智原凱基98購04  ,0,0,0,0,0,0,0,0,0,44000,0,0,0,152000,108000,44000,44000
056214,義隆國票99購01  ,0,0,0,0,0,0,0,0,0,44000,0,0,0,62000,18000,44000,44000
055408,力成國泰98購01  ,0,0,0,0,0,0,0,0,0,44000,0,0,0,74000,30000,44000,44000
053919,可成國票97購02  ,0,0,0,0,0,0,0,0,0,44000,0,0,0,45000,1000,44000,44000
054749,聯茂凱基98購01  ,0,0,0,0,0,0,0,0,0,44000,0,0,0,44000,0,44000,44000
057747,致新永豐98購01  ,0,0,0,0,0,0,0,0,0,44000,0,0,0,235000,191000,44000,44000
061244,和碩兆豐9A購01  ,0,0,0,0,0,0,0,0,0,44000,0,0,0,114000,70000,44000,44000
059618,台積電日盛99購01,0,0,0,0,0,0,0,0,0,44000,0,0,0,181000,137000,44000,44000
058379,臺股指凱基99購14,0,0,0,0,0,0,0,0,0,44000,0,0,0,47000,3000,44000,44000
062941,大立光凱基9B購07,0,0,0,0,0,0,0,0,0,44000,0,0,0,210000,166000,44000,44000
062447,華擎元大9C購01  ,0,0,0,0,0,0,0,0,0,44000,0,0,0,44000,0,44000,44000
063945,京元電元大9C購01,0,0,0,0,0,0,0,0,0,44000,0,0,0,44000,0,44000,44000
063973,緯穎國票9C購01  ,0,0,0,0,0,0,0,0,0,44000,0,0,0,136000,92000,44000,44000
1809,中釉            ,63000,20000,43000,0,0,0,0,0,0,1000,1000,0,1000,0,0,0,44000
2020,美亞            ,101000,58000,43000,0,0,0,0,0,0,1000,1000,0,1000,0,0,0,44000
4739,康普            ,54000,14000,40000,0,0,0,0,0,0,4000,4000,0,4000,0,0,0,44000
064983,力成元大9C購04  ,0,0,0,0,0,0,0,0,0,43000,0,0,0,121000,78000,43000,43000
064923,牧德統一02購01  ,0,0,0,0,0,0,0,0,0,43000,0,0,0,45000,2000,43000,43000
064673,南茂元大9C購01  ,0,0,0,0,0,0,0,0,0,43000,0,0,0,424000,381000,43000,43000
055030,帆宣國泰99購02  ,0,0,0,0,0,0,0,0,0,43000,0,0,0,86000,43000,43000,43000
055512,聯詠兆豐97購01  ,0,0,0,0,0,0,0,0,0,43000,0,0,0,94000,51000,43000,43000
049842,道瓊反中信98購01,0,0,0,0,0,0,0,0,0,43000,0,0,0,59000,16000,43000,43000
052731,宏達電國泰98購01,0,0,0,0,0,0,0,0,0,43000,0,0,0,53000,10000,43000,43000
057506,聯鈞國票99購02  ,0,0,0,0,0,0,0,0,0,43000,0,0,0,83000,40000,43000,43000
059956,玉山金康和99購01,0,0,0,0,0,0,0,0,0,43000,0,0,0,117000,74000,43000,43000
061694,玉山金群益9A購01,0,0,0,0,0,0,0,0,0,43000,0,0,0,52000,9000,43000,43000
061482,健策元大9C購01  ,0,0,0,0,0,0,0,0,0,43000,0,0,0,48000,5000,43000,43000
060018,國產康和99購01  ,0,0,0,0,0,0,0,0,0,43000,0,0,0,43000,0,43000,43000
058909,神達元大99購03  ,0,0,0,0,0,0,0,0,0,43000,0,0,0,283000,240000,43000,43000
058634,可成兆豐99購03  ,0,0,0,0,0,0,0,0,0,43000,0,0,0,61000,18000,43000,43000
064280,大立光元大9C購11,0,0,0,0,0,0,0,0,0,43000,0,0,0,43000,0,43000,43000
063622,健策兆豐9B購01  ,0,0,0,0,0,0,0,0,0,43000,0,0,0,73000,30000,43000,43000
062046,矽格凱基9B購01  ,0,0,0,0,0,0,0,0,0,43000,0,0,0,301000,258000,43000,43000
063183,國巨凱基9B購12  ,0,0,0,0,0,0,0,0,0,43000,0,0,0,44000,1000,43000,43000
063055,創意統一9B購02  ,0,0,0,0,0,0,0,0,0,43000,0,0,0,43000,0,43000,43000
4999,鑫禾            ,45000,4000,41000,0,0,0,0,0,0,2000,2000,0,2000,0,0,0,43000
08070P,晶技國泰9C售02  ,0,0,0,0,0,0,0,0,0,43000,0,0,0,43000,0,43000,43000
060666,聯茂凱基9A購02  ,0,0,0,0,0,0,0,0,0,42000,0,0,0,152000,110000,42000,42000
057330,台積電國票99購03,0,0,0,0,0,0,0,0,0,42000,0,0,0,52000,10000,42000,42000
057791,可成統一99購01  ,0,0,0,0,0,0,0,0,0,42000,0,0,0,207000,165000,42000,42000
00736,國泰新興市場    ,0,134000,-134000,0,0,0,0,0,0,176000,0,0,0,278000,102000,176000,42000
059619,台積電日盛9A購04,0,0,0,0,0,0,0,0,0,42000,0,0,0,42000,0,42000,42000
060566,聯詠富邦9C購01  ,0,0,0,0,0,0,0,0,0,42000,0,0,0,42000,0,42000,42000
061592,義隆永豐9A購03  ,0,0,0,0,0,0,0,0,0,42000,0,0,0,47000,5000,42000,42000
062875,瑞昱兆豐9C購01  ,0,0,0,0,0,0,0,0,0,42000,0,0,0,42000,0,42000,42000
062637,智易國票9B購01  ,0,0,0,0,0,0,0,0,0,42000,0,0,0,56000,14000,42000,42000
062193,瑞昱第一9B購01  ,0,0,0,0,0,0,0,0,0,42000,0,0,0,42000,0,42000,42000
063414,鴻海凱基03購01  ,0,0,0,0,0,0,0,0,0,42000,0,0,0,44000,2000,42000,42000
063328,京元電國票9C購02,0,0,0,0,0,0,0,0,0,42000,0,0,0,56000,14000,42000,42000
063361,台表科國泰01購02,0,0,0,0,0,0,0,0,0,42000,0,0,0,103000,61000,42000,42000
063452,創意統一01購01  ,0,0,0,0,0,0,0,0,0,42000,0,0,0,50000,8000,42000,42000
063550,可成國票9C購01  ,0,0,0,0,0,0,0,0,0,42000,0,0,0,56000,14000,42000,42000
063964,瑞昱國票01購01  ,0,0,0,0,0,0,0,0,0,42000,0,0,0,110000,68000,42000,42000
08135P,玉晶光國泰01售02,0,0,0,0,0,0,0,0,0,42000,0,0,0,208000,166000,42000,42000
6504,南六            ,318000,240000,78000,0,0,0,0,45000,-45000,9000,41000,43000,-2000,24000,13000,11000,42000
064772,FBVIX群益9C購04 ,0,0,0,0,0,0,0,0,0,41000,0,0,0,61000,20000,41000,41000
065221,神隆永豐9C購01  ,0,0,0,0,0,0,0,0,0,41000,0,0,0,72000,31000,41000,41000
065604,聯發科元大9C購17,0,0,0,0,0,0,0,0,0,41000,0,0,0,692000,651000,41000,41000
07385P,緯穎群益99售04  ,0,0,0,0,0,0,0,0,0,41000,0,0,0,41000,0,41000,41000
07803P,南亞科永豐9A售02,0,0,0,0,0,0,0,0,0,41000,0,0,0,54000,13000,41000,41000
07833P,大立光群益9B售02,0,0,0,0,0,0,0,0,0,41000,0,0,0,42000,1000,41000,41000
07978P,茂林群益9B售02  ,0,0,0,0,0,0,0,0,0,41000,0,0,0,41000,0,41000,41000
055486,國巨元大98購06  ,0,0,0,0,0,0,0,0,0,41000,0,0,0,41000,0,41000,41000
055355,大立光凱基97購05,0,0,0,0,0,0,0,0,0,41000,0,0,0,41000,0,41000,41000
054773,台郡國票98購01  ,0,0,0,0,0,0,0,0,0,41000,0,0,0,69000,28000,41000,41000
057244,鈺齊凱基99購01  ,0,0,0,0,0,0,0,0,0,41000,0,0,0,41000,0,41000,41000
057619,玉晶光凱基98購02,0,0,0,0,0,0,0,0,0,41000,0,0,0,43000,2000,41000,41000
056551,台郡凱基98購04  ,0,0,0,0,0,0,0,0,0,41000,0,0,0,59000,18000,41000,41000
057408,台郡群益98購01  ,0,0,0,0,0,0,0,0,0,41000,0,0,0,83000,42000,41000,41000
056864,新日興群益99購01,0,0,0,0,0,0,0,0,0,41000,0,0,0,41000,0,41000,41000
057074,立積永豐98購01  ,0,0,0,0,0,0,0,0,0,41000,0,0,0,313000,272000,41000,41000
057055,立積元大99購01  ,0,0,0,0,0,0,0,0,0,41000,0,0,0,41000,0,41000,41000
060281,卜蜂元大9C購01  ,0,0,0,0,0,0,0,0,0,41000,0,0,0,64000,23000,41000,41000
061013,台積電麥證9A購03,0,0,0,77000,36000,41000,0,0,0,41000,0,0,0,77000,36000,41000,41000
059707,健策凱基9A購03  ,0,0,0,0,0,0,0,0,0,41000,0,0,0,48000,7000,41000,41000
058071,大立光凱基98購19,0,0,0,0,0,0,0,0,0,41000,0,0,0,41000,0,41000,41000
059993,上銀元富99購01  ,0,0,0,0,0,0,0,0,0,41000,0,0,0,41000,0,41000,41000
057947,和碩國票99購01  ,0,0,0,0,0,0,0,0,0,41000,0,0,0,41000,0,41000,41000
064086,旺宏凱基9C購01  ,0,0,0,0,0,0,0,0,0,41000,0,0,0,245000,204000,41000,41000
4566,時碩工業        ,41000,2000,39000,0,0,0,0,0,0,2000,2000,0,2000,0,0,0,41000
2546,根基            ,41000,0,41000,0,0,0,0,0,0,0,0,0,0,0,0,0,41000
2506,太設            ,69000,32000,37000,0,0,0,0,0,0,4000,4000,0,4000,0,0,0,41000
07819P,旺宏國票9B售01  ,0,0,0,0,0,0,0,0,0,40000,0,0,0,60000,20000,40000,40000
07729P,臺股指凱基9A售21,0,0,0,0,0,0,0,0,0,40000,0,0,0,40000,0,40000,40000
07266P,大立光元大99售19,0,0,0,0,0,0,0,0,0,40000,0,0,0,40000,0,40000,40000
06999P,玉晶光國票9B售01,0,0,0,0,0,0,0,0,0,40000,0,0,0,70000,30000,40000,40000
06864P,健策凱基98售01  ,0,0,0,0,0,0,0,0,0,40000,0,0,0,40000,0,40000,40000
06783P,亞光元大98售03  ,0,0,0,0,0,0,0,0,0,40000,0,0,0,50000,10000,40000,40000
065153,金像電群益9C購03,0,0,0,0,0,0,0,0,0,40000,0,0,0,40000,0,40000,40000
064741,南亞科國票01購01,0,0,0,0,0,0,0,0,0,40000,0,0,0,40000,0,40000,40000
064950,美律凱基02購01  ,0,0,0,0,0,0,0,0,0,40000,0,0,0,171000,131000,40000,40000
064932,緯穎統一01購04  ,0,0,0,0,0,0,0,0,0,40000,0,0,0,40000,0,40000,40000
064876,旺宏兆豐9C購01  ,0,0,0,0,0,0,0,0,0,40000,0,0,0,299000,259000,40000,40000
057111,立積群益98購02  ,0,0,0,0,0,0,0,0,0,40000,0,0,0,40000,0,40000,40000
060704,台積電富邦01購01,0,0,0,0,0,0,0,0,0,40000,0,0,0,40000,0,40000,40000
056071,創意元大97購02  ,0,0,0,0,0,0,0,0,0,40000,0,0,0,40000,0,40000,40000
057346,鴻海統一98購13  ,0,0,0,0,0,0,0,0,0,40000,0,0,0,67000,27000,40000,40000
056597,宏碁元富98購01  ,0,0,0,0,0,0,0,0,0,40000,0,0,0,40000,0,40000,40000
055964,正文元大97購02  ,0,0,0,0,0,0,0,0,0,40000,0,0,0,40000,0,40000,40000
055966,茂林元大99購01  ,0,0,0,0,0,0,0,0,0,40000,0,0,0,93000,53000,40000,40000
057713,美律統一99購01  ,0,0,0,0,0,0,0,0,0,40000,0,0,0,40000,0,40000,40000
054589,聯鈞國泰99購01  ,0,0,0,0,0,0,0,0,0,40000,0,0,0,96000,56000,40000,40000
055093,京鼎群益98購01  ,0,0,0,0,0,0,0,0,0,40000,0,0,0,90000,50000,40000,40000
053811,國巨群益98購02  ,0,0,0,0,0,0,0,0,0,40000,0,0,0,40000,0,40000,40000
055684,京鼎凱基97購01  ,0,0,0,0,0,0,0,0,0,40000,0,0,0,40000,0,40000,40000
055363,緯穎凱基98購03  ,0,0,0,0,0,0,0,0,0,40000,0,0,0,40000,0,40000,40000
055389,國巨統一98購02  ,0,0,0,0,0,0,0,0,0,40000,0,0,0,80000,40000,40000,40000
055450,台積電元富97購01,0,0,0,0,0,0,0,0,0,40000,0,0,0,40000,0,40000,40000
01009T,王道圓滿R1      ,0,0,0,0,0,0,0,0,0,40000,40000,0,40000,0,0,0,40000
052775,滬深2X國票99購02,0,0,0,0,0,0,0,0,0,40000,0,0,0,51000,11000,40000,40000
052402,健策凱基97購01  ,0,0,0,0,0,0,0,0,0,40000,0,0,0,40000,0,40000,40000
042116,元油2X國票97購01,0,0,0,0,0,0,0,0,0,40000,0,0,0,40000,0,40000,40000
057845,晶相光永豐98購03,0,0,0,0,0,0,0,0,0,40000,0,0,0,40000,0,40000,40000
057905,臺股指永豐98購06,0,0,0,0,0,0,0,0,0,40000,0,0,0,40000,0,40000,40000
058939,台積電中信9B購01,0,0,0,0,0,0,0,0,0,40000,0,0,0,70000,30000,40000,40000
058781,康友國票9A購01  ,0,0,0,0,0,0,0,0,0,40000,0,0,0,200000,160000,40000,40000
057988,鈺齊元富98購02  ,0,0,0,0,0,0,0,0,0,40000,0,0,0,50000,10000,40000,40000
058079,鴻海群益98購08  ,0,0,0,0,0,0,0,0,0,40000,0,0,0,87000,47000,40000,40000
059076,FBVIX元大99購04 ,0,0,0,0,0,0,0,0,0,40000,0,0,0,50000,10000,40000,40000
059048,元油2X凱基9A購11,0,0,0,0,0,0,0,0,0,40000,0,0,0,40000,0,40000,40000
059208,SGBR2X元大99購02,0,0,0,0,0,0,0,0,0,40000,0,0,0,40000,0,40000,40000
059366,台積電台新99購04,0,0,0,0,0,0,0,0,0,40000,0,0,0,40000,0,40000,40000
059340,鴻海凱基9A購12  ,0,0,0,0,0,0,0,0,0,40000,0,0,0,40000,0,40000,40000
060287,燿華元大9A購01  ,0,0,0,0,0,0,0,0,0,40000,0,0,0,41000,1000,40000,40000
060180,上証2X元富9A購02,0,0,0,0,0,0,0,0,0,40000,0,0,0,40000,0,40000,40000
061429,南六元大9A購02  ,0,0,0,0,0,0,0,0,0,40000,0,0,0,40000,0,40000,40000
061553,南電群益9A購03  ,0,0,0,0,0,0,0,0,0,40000,0,0,0,40000,0,40000,40000
061563,群創國票9B購02  ,0,0,0,0,0,0,0,0,0,40000,0,0,0,103000,63000,40000,40000
061703,信邦國票9A購01  ,0,0,0,0,0,0,0,0,0,40000,0,0,0,114000,74000,40000,40000
061808,聯發科統一01購02,0,0,0,0,0,0,0,0,0,40000,0,0,0,43000,3000,40000,40000
064080,宏達電中信06購01,0,0,0,0,0,0,0,0,0,40000,0,0,0,45000,5000,40000,40000
063918,復盛凱基9C購01  ,0,0,0,0,0,0,0,0,0,40000,0,0,0,60000,20000,40000,40000
064005,義隆凱基01購01  ,0,0,0,0,0,0,0,0,0,40000,0,0,0,71000,31000,40000,40000
063530,同欣電凱基9C購02,0,0,0,0,0,0,0,0,0,40000,0,0,0,40000,0,40000,40000
063453,創意統一9C購01  ,0,0,0,0,0,0,0,0,0,40000,0,0,0,50000,10000,40000,40000
063607,中租凱基9B購02  ,0,0,0,0,0,0,0,0,0,40000,0,0,0,41000,1000,40000,40000
063798,台積電凱基02購03,0,0,0,0,0,0,0,0,0,40000,0,0,0,91000,51000,40000,40000
063814,嘉晶群益9C購01  ,0,0,0,0,0,0,0,0,0,40000,0,0,0,99000,59000,40000,40000
062491,矽創永豐9B購01  ,0,0,0,0,0,0,0,0,0,40000,0,0,0,149000,109000,40000,40000
062522,同欣電元大9B購02,0,0,0,0,0,0,0,0,0,40000,0,0,0,57000,17000,40000,40000
063184,台光電凱基9B購03,0,0,0,0,0,0,0,0,0,40000,0,0,0,40000,0,40000,40000
063228,聯茂群益9B購01  ,0,0,0,0,0,0,0,0,0,40000,0,0,0,50000,10000,40000,40000
2415,錩新            ,49000,11000,38000,0,0,0,0,0,0,2000,2000,0,2000,0,0,0,40000
08155P,聯發科元富9B售05,0,0,0,0,0,0,0,0,0,40000,0,0,0,40000,0,40000,40000
08108P,聯發科元富9B售03,0,0,0,0,0,0,0,0,0,40000,0,0,0,40000,0,40000,40000
08193P,同欣電國票9C售02,0,0,0,0,0,0,0,0,0,40000,0,0,0,60000,20000,40000,40000
08205P,智邦凱基9B售03  ,0,0,0,0,0,0,0,0,0,40000,0,0,0,40000,0,40000,40000
08537P,台光電國票01售03,0,0,0,0,0,0,0,0,0,40000,0,0,0,51000,11000,40000,40000
5288,豐祥-KY         ,49000,10000,39000,0,0,0,0,0,0,1000,1000,0,1000,0,0,0,40000
8996,高力            ,200000,106000,94000,0,0,0,0,0,0,-54000,1000,55000,-54000,0,0,0,40000
065479,新日興元大9C購05,0,0,0,0,0,0,0,0,0,39000,0,0,0,605000,566000,39000,39000
07016P,聯發科元大99售10,0,0,0,0,0,0,0,0,0,39000,0,0,0,39000,0,39000,39000
07948P,大成鋼凱基9B售01,0,0,0,0,0,0,0,0,0,39000,0,0,0,56000,17000,39000,39000
048847,A50群益98購01   ,0,0,0,0,0,0,0,0,0,39000,0,0,0,39000,0,39000,39000
050566,高股息中信97購02,0,0,0,0,0,0,0,0,0,39000,0,0,0,39000,0,39000,39000
057242,台郡凱基98購05  ,0,0,0,0,0,0,0,0,0,39000,0,0,0,87000,48000,39000,39000
055933,欣興群益98購02  ,0,0,0,0,0,0,0,0,0,39000,0,0,0,245000,206000,39000,39000
060756,鴻海元大9A購16  ,0,0,0,0,0,0,0,0,0,39000,0,0,0,41000,2000,39000,39000
056719,台虹永豐98購01  ,0,0,0,0,0,0,0,0,0,39000,0,0,0,39000,0,39000,39000
060347,大立光統一02購01,0,0,0,0,0,0,0,0,0,39000,0,0,0,51000,12000,39000,39000
059611,台積電永豐99購05,0,0,0,0,0,0,0,0,0,39000,0,0,0,39000,0,39000,39000
059631,京元電凱基99購02,0,0,0,0,0,0,0,0,0,39000,0,0,0,64000,25000,39000,39000
058337,日月光元富99購01,0,0,0,0,0,0,0,0,0,39000,0,0,0,229000,190000,39000,39000
061379,鈺齊永豐9A購02  ,0,0,0,0,0,0,0,0,0,39000,0,0,0,303000,264000,39000,39000
062860,華擎國票9B購02  ,0,0,0,0,0,0,0,0,0,39000,0,0,0,91000,52000,39000,39000
063734,可成元大9B購04  ,0,0,0,0,0,0,0,0,0,39000,0,0,0,62000,23000,39000,39000
063515,香港2X凱基01購01,0,0,0,0,0,0,0,0,0,39000,0,0,0,111000,72000,39000,39000
064336,可成元大9C購06  ,0,0,0,0,0,0,0,0,0,39000,0,0,0,58000,19000,39000,39000
08432P,台勝科凱基9C售02,0,0,0,0,0,0,0,0,0,39000,0,0,0,69000,30000,39000,39000
08074P,緯穎元富9B售02  ,0,0,0,0,0,0,0,0,0,39000,0,0,0,39000,0,39000,39000
2443,億麗            ,38000,0,38000,0,0,0,0,0,0,1000,1000,0,1000,0,0,0,39000
1732,毛寶            ,171000,132000,39000,0,0,0,0,0,0,0,0,0,0,0,0,0,39000
07467P,上銀元大9A售03  ,0,0,0,0,0,0,0,0,0,38000,0,0,0,38000,0,38000,38000
06677P,牧德國票98售02  ,0,0,0,0,0,0,0,0,0,38000,0,0,0,78000,40000,38000,38000
065550,聯發科凱基01購07,0,0,0,0,0,0,0,0,0,38000,0,0,0,117000,79000,38000,38000
060682,牧德元大9A購03  ,0,0,0,0,0,0,0,0,0,38000,0,0,0,173000,135000,38000,38000
056182,台光電統一97購03,0,0,0,0,0,0,0,0,0,38000,0,0,0,38000,0,38000,38000
056605,台積電富邦9B購02,0,0,0,0,0,0,0,0,0,38000,0,0,0,925000,887000,38000,38000
056639,國產康和98購01  ,0,0,0,0,0,0,0,0,0,38000,0,0,0,78000,40000,38000,38000
053063,力山群益98購01  ,0,0,0,0,0,0,0,0,0,38000,0,0,0,53000,15000,38000,38000
00678,群益NBI生技     ,38000,0,38000,0,0,0,0,0,0,0,0,0,0,300000,300000,0,38000
060244,大立光元大9B購02,0,0,0,0,0,0,0,0,0,38000,0,0,0,123000,85000,38000,38000
059166,友達凱基99購05  ,0,0,0,0,0,0,0,0,0,38000,0,0,0,95000,57000,38000,38000
060073,台積電元富99購03,0,0,0,0,0,0,0,0,0,38000,0,0,0,41000,3000,38000,38000
061052,和大群益9A購01  ,0,0,0,0,0,0,0,0,0,38000,0,0,0,38000,0,38000,38000
064027,義隆元大9C購01  ,0,0,0,0,0,0,0,0,0,38000,0,0,0,49000,11000,38000,38000
063479,南六元大9B購06  ,0,0,0,0,0,0,0,0,0,38000,0,0,0,51000,13000,38000,38000
063336,大成鋼統一9C購02,0,0,0,0,0,0,0,0,0,38000,0,0,0,41000,3000,38000,38000
062694,遠東新元大9B購01,0,0,0,0,0,0,0,0,0,38000,0,0,0,41000,3000,38000,38000
062739,嘉晶國票9B購02  ,0,0,0,0,0,0,0,0,0,38000,0,0,0,69000,31000,38000,38000
063251,同欣電元大9B購04,0,0,0,0,0,0,0,0,0,38000,0,0,0,151000,113000,38000,38000
062141,遠東新國票9B購01,0,0,0,0,0,0,0,0,0,38000,0,0,0,38000,0,38000,38000
2028,威致            ,41000,3000,38000,0,0,0,0,0,0,0,0,0,0,0,0,0,38000
3266,昇陽            ,37000,1000,36000,0,0,0,0,0,0,2000,2000,0,2000,0,0,0,38000
08292P,華新科台新9C售01,0,0,0,0,0,0,0,0,0,38000,0,0,0,40000,2000,38000,38000
08629P,緯創凱基9C售02  ,0,0,0,0,0,0,0,0,0,38000,0,0,0,40000,2000,38000,38000
8481,政伸            ,38000,0,38000,0,0,0,0,0,0,0,0,0,0,0,0,0,38000
4540,全球傳動        ,57000,20000,37000,0,0,0,0,0,0,1000,1000,0,1000,0,0,0,38000
6115,鎰勝            ,61000,26000,35000,0,0,0,0,0,0,3000,3000,0,3000,0,0,0,38000
06735P,奇力新凱基98售07,0,0,0,0,0,0,0,0,0,37000,0,0,0,37000,0,37000,37000
065925,鴻海國票04購01  ,0,0,0,0,0,0,0,0,0,37000,0,0,0,37000,0,37000,37000
07506P,中租元大9A售01  ,0,0,0,0,0,0,0,0,0,37000,0,0,0,37000,0,37000,37000
07255P,國巨凱基99售15  ,0,0,0,0,0,0,0,0,0,37000,0,0,0,41000,4000,37000,37000
07198P,臺股指元大99售14,0,0,0,0,0,0,0,0,0,37000,0,0,0,37000,0,37000,37000
07728P,臺股指凱基9A售20,0,0,0,0,0,0,0,0,0,37000,0,0,0,40000,3000,37000,37000
00660,元大歐洲50      ,0,0,0,0,0,0,0,0,0,37000,0,0,0,61000,24000,37000,37000
03425B,臺股指元大9A熊01,0,0,0,0,0,0,0,0,0,37000,0,0,0,59000,22000,37000,37000
03450B,臺股指元大9C熊23,0,0,0,0,0,0,0,0,0,37000,0,0,0,95000,58000,37000,37000
054040,中石化元大9C購01,0,0,0,0,0,0,0,0,0,37000,0,0,0,37000,0,37000,37000
056304,創意元大97購03  ,0,0,0,0,0,0,0,0,0,37000,0,0,0,130000,93000,37000,37000
055922,台郡凱基98購03  ,0,0,0,0,0,0,0,0,0,37000,0,0,0,37000,0,37000,37000
060664,聯詠凱基9A購01  ,0,0,0,0,0,0,0,0,0,37000,0,0,0,37000,0,37000,37000
060434,台汽電永豐9A購01,0,0,0,0,0,0,0,0,0,37000,0,0,0,59000,22000,37000,37000
060812,智邦凱基9A購01  ,0,0,0,0,0,0,0,0,0,37000,0,0,0,37000,0,37000,37000
056713,華擎永豐98購01  ,0,0,0,0,0,0,0,0,0,37000,0,0,0,81000,44000,37000,37000
057513,智邦台新98購01  ,0,0,0,0,0,0,0,0,0,37000,0,0,0,37000,0,37000,37000
061053,國巨群益9A購08  ,0,0,0,0,0,0,0,0,0,37000,0,0,0,88000,51000,37000,37000
057886,聯詠群益98購01  ,0,0,0,0,0,0,0,0,0,37000,0,0,0,38000,1000,37000,37000
060561,台積電富邦04購01,0,0,0,0,0,0,0,0,0,37000,0,0,0,107000,70000,37000,37000
062467,國巨凱基9B購08  ,0,0,0,0,0,0,0,0,0,37000,0,0,0,39000,2000,37000,37000
063174,臺股指中信01購04,0,0,0,0,0,0,0,0,0,37000,0,0,0,40000,3000,37000,37000
063129,祥碩元大9C購03  ,0,0,0,0,0,0,0,0,0,37000,0,0,0,61000,24000,37000,37000
063019,聯發科元大9C購01,0,0,0,0,0,0,0,0,0,37000,0,0,0,37000,0,37000,37000
062663,聯發科群益9B購07,0,0,0,0,0,0,0,0,0,37000,0,0,0,37000,0,37000,37000
063571,TPK元大9B購03   ,0,0,0,0,0,0,0,0,0,37000,0,0,0,114000,77000,37000,37000
08117P,聯發科元富9B售04,0,0,0,0,0,0,0,0,0,37000,0,0,0,40000,3000,37000,37000
3591,艾笛森          ,38000,1000,37000,0,0,0,0,0,0,0,0,0,0,0,0,0,37000
2613,中櫃            ,36000,0,36000,0,0,0,0,0,0,1000,1000,0,1000,0,0,0,37000
07880P,可成群益9B售05  ,0,0,0,0,0,0,0,0,0,36000,0,0,0,36000,0,36000,36000
07161P,臺股指群益99售12,0,0,0,0,0,0,0,0,0,36000,0,0,0,36000,0,36000,36000
065548,台達電凱基01購02,0,0,0,0,0,0,0,0,0,36000,0,0,0,238000,202000,36000,36000
065629,台積電國票01購04,0,0,0,0,0,0,0,0,0,36000,0,0,0,36000,0,36000,36000
064720,長榮航統一02購01,0,0,0,0,0,0,0,0,0,36000,0,0,0,47000,11000,36000,36000
057062,立積國泰99購01  ,0,0,0,0,0,0,0,0,0,36000,0,0,0,154000,118000,36000,36000
056127,致新國票98購02  ,0,0,0,0,0,0,0,0,0,36000,0,0,0,36000,0,36000,36000
055620,樺漢國票98購01  ,0,0,0,0,0,0,0,0,0,36000,0,0,0,36000,0,36000,36000
055216,友達凱基98購05  ,0,0,0,0,0,0,0,0,0,36000,0,0,0,36000,0,36000,36000
058775,台積電國票9A購02,0,0,0,0,0,0,0,0,0,36000,0,0,0,54000,18000,36000,36000
058483,道瓊指國票9A購01,0,0,0,0,0,0,0,0,0,36000,0,0,0,36000,0,36000,36000
059082,華通元大99購06  ,0,0,0,0,0,0,0,0,0,36000,0,0,0,42000,6000,36000,36000
060235,瑞昱元大9A購01  ,0,0,0,0,0,0,0,0,0,36000,0,0,0,36000,0,36000,36000
058244,神達元大99購02  ,0,0,0,0,0,0,0,0,0,36000,0,0,0,234000,198000,36000,36000
061745,南電凱基9B購02  ,0,0,0,0,0,0,0,0,0,36000,0,0,0,56000,20000,36000,36000
061824,聯電麥證9B購01  ,0,0,0,50000,14000,36000,0,0,0,36000,0,0,0,50000,14000,36000,36000
063899,同欣電群益9C購01,0,0,0,0,0,0,0,0,0,36000,0,0,0,117000,81000,36000,36000
064489,宏碁元大9C購01  ,0,0,0,0,0,0,0,0,0,36000,0,0,0,41000,5000,36000,36000
062729,神達凱基9B購02  ,0,0,0,0,0,0,0,0,0,36000,0,0,0,592000,556000,36000,36000
062808,祥碩統一9C購01  ,0,0,0,0,0,0,0,0,0,36000,0,0,0,46000,10000,36000,36000
063092,聯發科中信9B購03,0,0,0,0,0,0,0,0,0,36000,0,0,0,47000,11000,36000,36000
062052,華通統一01購01  ,0,0,0,0,0,0,0,0,0,36000,0,0,0,120000,84000,36000,36000
061871,瑞昱元大9B購01  ,0,0,0,0,0,0,0,0,0,36000,0,0,0,36000,0,36000,36000
08374P,緯穎凱基9C售01  ,0,0,0,0,0,0,0,0,0,36000,0,0,0,36000,0,36000,36000
9934,成霖            ,44000,11000,33000,0,0,0,0,0,0,3000,3000,0,3000,0,0,0,36000
065628,台積電國票01購03,0,0,0,0,0,0,0,0,0,35000,0,0,0,53000,18000,35000,35000
065333,冠德國票01購01  ,0,0,0,0,0,0,0,0,0,35000,0,0,0,69000,34000,35000,35000
07957P,晶技群益9B售02  ,0,0,0,0,0,0,0,0,0,35000,0,0,0,55000,20000,35000,35000
065837,臺指反元大03購05,0,0,0,0,0,0,0,0,0,35000,0,0,0,100000,65000,35000,35000
065803,大立光群益01購03,0,0,0,0,0,0,0,0,0,35000,0,0,0,38000,3000,35000,35000
055338,GIS兆豐97購01   ,0,0,0,0,0,0,0,0,0,35000,0,0,0,45000,10000,35000,35000
03650C,T50反1元大98牛05,0,0,0,0,0,0,0,0,0,35000,0,0,0,220000,185000,35000,35000
053505,瑞儀兆豐97購01  ,0,0,0,0,0,0,0,0,0,35000,0,0,0,50000,15000,35000,35000
057422,欣興凱基98購04  ,0,0,0,0,0,0,0,0,0,35000,0,0,0,85000,50000,35000,35000
056925,群創兆豐98購03  ,0,0,0,0,0,0,0,0,0,35000,0,0,0,35000,0,35000,35000
057183,玉晶光元大99購07,0,0,0,0,0,0,0,0,0,35000,0,0,0,35000,0,35000,35000
061617,微星群益9A購02  ,0,0,0,0,0,0,0,0,0,35000,0,0,0,35000,0,35000,35000
059343,宏達電凱基99購04,0,0,0,0,0,0,0,0,0,35000,0,0,0,91000,56000,35000,35000
059035,旺宏群益99購06  ,0,0,0,0,0,0,0,0,0,35000,0,0,0,35000,0,35000,35000
061363,儒鴻國票9B購01  ,0,0,0,0,0,0,0,0,0,35000,0,0,0,43000,8000,35000,35000
062312,大立光凱基9B購03,0,0,0,0,0,0,0,0,0,35000,0,0,0,35000,0,35000,35000
064154,大立光統一01購04,0,0,0,0,0,0,0,0,0,35000,0,0,0,99000,64000,35000,35000
4545,銘鈺            ,35000,2000,33000,0,0,0,0,0,0,2000,2000,0,2000,0,0,0,35000
1323,永裕            ,41000,6000,35000,0,0,0,0,0,0,0,0,0,0,0,0,0,35000
2509,全坤建          ,34000,4000,30000,0,0,0,0,0,0,5000,5000,0,5000,0,0,0,35000
1541,錩泰            ,30000,0,30000,0,0,0,0,0,0,5000,5000,0,5000,0,0,0,35000
06723P,台灣50麥證99售01,0,0,0,34000,0,34000,0,0,0,34000,0,0,0,34000,0,34000,34000
07975P,國巨元大9B售15  ,0,0,0,0,0,0,0,0,0,34000,0,0,0,41000,7000,34000,34000
064677,金像電兆豐9C購01,0,0,0,0,0,0,0,0,0,34000,0,0,0,227000,193000,34000,34000
060602,京元電凱基9A購01,0,0,0,0,0,0,0,0,0,34000,0,0,0,91000,57000,34000,34000
057335,技嘉國票99購01  ,0,0,0,0,0,0,0,0,0,34000,0,0,0,111000,77000,34000,34000
056502,A50正2永豐98購01,0,0,0,0,0,0,0,0,0,34000,0,0,0,34000,0,34000,34000
056472,美律元大99購03  ,0,0,0,0,0,0,0,0,0,34000,0,0,0,34000,0,34000,34000
00865B,國泰US短期公債  ,0,10000,-10000,0,0,0,0,0,0,44000,0,0,0,144000,100000,44000,34000
057913,健策日盛98購01  ,0,0,0,0,0,0,0,0,0,34000,0,0,0,54000,20000,34000,34000
060385,台勝科凱基9A購01,0,0,0,0,0,0,0,0,0,34000,0,0,0,155000,121000,34000,34000
061188,大成鋼富邦9B購01,0,0,0,0,0,0,0,0,0,34000,0,0,0,40000,6000,34000,34000
059277,群創元大99購05  ,0,0,0,0,0,0,0,0,0,34000,0,0,0,54000,20000,34000,34000
059262,致茂中信01購01  ,0,0,0,0,0,0,0,0,0,34000,0,0,0,55000,21000,34000,34000
059065,南電凱基9A購01  ,0,0,0,0,0,0,0,0,0,34000,0,0,0,34000,0,34000,34000
061656,華新科國票9A購08,0,0,0,0,0,0,0,0,0,34000,0,0,0,46000,12000,34000,34000
058282,聯茂中信99購01  ,0,0,0,0,0,0,0,0,0,34000,0,0,0,50000,16000,34000,34000
064076,台積電中信06購02,0,0,0,0,0,0,0,0,0,34000,0,0,0,34000,0,34000,34000
063012,技嘉元大9B購01  ,0,0,0,0,0,0,0,0,0,34000,0,0,0,46000,12000,34000,34000
06271P,彩晶凱基97售01  ,0,0,0,0,0,0,0,0,0,34000,0,0,0,34000,0,34000,34000
1533,車王電          ,31000,1000,30000,0,0,0,0,0,0,4000,4000,0,4000,0,0,0,34000
08235P,南電國泰9C售03  ,0,0,0,0,0,0,0,0,0,34000,0,0,0,150000,116000,34000,34000
9905,大華            ,79000,52000,27000,0,0,0,0,0,0,7000,7000,0,7000,0,0,0,34000
064553,臺指反群益9C購01,0,0,0,0,0,0,0,0,0,33000,0,0,0,592000,559000,33000,33000
065120,臺股指富邦9C購03,0,0,0,0,0,0,0,0,0,33000,0,0,0,33000,0,33000,33000
065409,鴻海永豐9C購01  ,0,0,0,0,0,0,0,0,0,33000,0,0,0,65000,32000,33000,33000
065525,瑞儀群益01購01  ,0,0,0,0,0,0,0,0,0,33000,0,0,0,169000,136000,33000,33000
052863,友達凱基98購02  ,0,0,0,0,0,0,0,0,0,33000,0,0,0,67000,34000,33000,33000
055455,健策國泰98購02  ,0,0,0,0,0,0,0,0,0,33000,0,0,0,33000,0,33000,33000
057214,瑞昱群益98購01  ,0,0,0,0,0,0,0,0,0,33000,0,0,0,33000,0,33000,33000
060847,康控國票9A購01  ,0,0,0,0,0,0,0,0,0,33000,0,0,0,54000,21000,33000,33000
058540,嘉聯益國泰9A購02,0,0,0,0,0,0,0,0,0,33000,0,0,0,33000,0,33000,33000
063281,京元電元大9B購01,0,0,0,0,0,0,0,0,0,33000,0,0,0,210000,177000,33000,33000
061987,大立光元大9B購03,0,0,0,0,0,0,0,0,0,33000,0,0,0,50000,17000,33000,33000
064112,宏碁國票01購01  ,0,0,0,0,0,0,0,0,0,33000,0,0,0,43000,10000,33000,33000
064072,康友永豐9C購01  ,0,0,0,0,0,0,0,0,0,33000,0,0,0,38000,5000,33000,33000
063702,聯發科群益9C購04,0,0,0,0,0,0,0,0,0,33000,0,0,0,33000,0,33000,33000
063576,台表科元大9B購08,0,0,0,0,0,0,0,0,0,33000,0,0,0,124000,91000,33000,33000
063528,元大金凱基9B購01,0,0,0,0,0,0,0,0,0,33000,0,0,0,88000,55000,33000,33000
063319,神達群益9B購01  ,0,0,0,0,0,0,0,0,0,33000,0,0,0,51000,18000,33000,33000
4919,新唐            ,566000,516000,50000,0,0,0,0,1000,-1000,-16000,10000,2000,8000,6000,30000,-24000,33000
08159P,日月光元富9B售01,0,0,0,0,0,0,0,0,0,33000,0,0,0,260000,227000,33000,33000
08411P,技嘉凱基9C售01  ,0,0,0,0,0,0,0,0,0,33000,0,0,0,145000,112000,33000,33000
08443P,臺股指麥證01售02,0,0,0,104000,71000,33000,0,0,0,33000,0,0,0,104000,71000,33000,33000
1459,聯發            ,91000,59000,32000,0,0,0,0,0,0,1000,1000,0,1000,0,0,0,33000
065127,世芯永豐9C購03  ,0,0,0,0,0,0,0,0,0,32000,0,0,0,32000,0,32000,32000
064552,巨大凱基01購01  ,0,0,0,0,0,0,0,0,0,32000,0,0,0,32000,0,32000,32000
064538,鈺齊國票01購01  ,0,0,0,0,0,0,0,0,0,32000,0,0,0,127000,95000,32000,32000
07122P,欣興凱基99售05  ,0,0,0,0,0,0,0,0,0,32000,0,0,0,42000,10000,32000,32000
06803P,臺股指群益98售09,0,0,0,0,0,0,0,0,0,32000,0,0,0,32000,0,32000,32000
056881,台灣50康和9A購01,0,0,0,0,0,0,0,0,0,32000,0,0,0,32000,0,32000,32000
053314,A50正2群益9A購01,0,0,0,0,0,0,0,0,0,32000,0,0,0,32000,0,32000,32000
054297,台郡元大98購01  ,0,0,0,0,0,0,0,0,0,32000,0,0,0,67000,35000,32000,32000
052277,台達電凱基97購01,0,0,0,0,0,0,0,0,0,32000,0,0,0,90000,58000,32000,32000
046375,友達凱基98購01  ,0,0,0,0,0,0,0,0,0,32000,0,0,0,32000,0,32000,32000
052748,群創元大9A購02  ,0,0,0,0,0,0,0,0,0,32000,0,0,0,32000,0,32000,32000
060510,大立光元大9A購03,0,0,0,0,0,0,0,0,0,32000,0,0,0,40000,8000,32000,32000
057969,緯穎國泰99購01  ,0,0,0,0,0,0,0,0,0,32000,0,0,0,92000,60000,32000,32000
061401,華擎兆豐9B購01  ,0,0,0,0,0,0,0,0,0,32000,0,0,0,32000,0,32000,32000
061790,中租群益9B購01  ,0,0,0,0,0,0,0,0,0,32000,0,0,0,100000,68000,32000,32000
063786,瑞昱中信06購01  ,0,0,0,0,0,0,0,0,0,32000,0,0,0,117000,85000,32000,32000
062071,華通元大9B購02  ,0,0,0,0,0,0,0,0,0,32000,0,0,0,86000,54000,32000,32000
062288,南六群益9B購01  ,0,0,0,0,0,0,0,0,0,32000,0,0,0,32000,0,32000,32000
062364,瑞昱元大9B購04  ,0,0,0,0,0,0,0,0,0,32000,0,0,0,32000,0,32000,32000
062834,立積群益9B購02  ,0,0,0,0,0,0,0,0,0,32000,0,0,0,129000,97000,32000,32000
1524,耿鼎            ,32000,1000,31000,0,0,0,0,0,0,1000,1000,0,1000,0,0,0,32000
2430,燦坤            ,50000,27000,23000,0,0,0,0,0,0,9000,9000,0,9000,0,0,0,32000
2616,山隆            ,29000,5000,24000,0,0,0,0,0,0,8000,8000,0,8000,0,0,0,32000
3058,立德            ,30000,2000,28000,0,0,0,0,0,0,4000,5000,1000,4000,0,0,0,32000
08413P,臻鼎凱基9C售03  ,0,0,0,0,0,0,0,0,0,32000,0,0,0,32000,0,32000,32000
08239P,南六永豐9B售03  ,0,0,0,0,0,0,0,0,0,32000,0,0,0,32000,0,32000,32000
6133,金橋            ,28000,2000,26000,0,0,0,0,0,0,6000,6000,0,6000,0,0,0,32000
06776P,鴻海元大99售05  ,0,0,0,0,0,0,0,0,0,31000,0,0,0,31000,0,31000,31000
06827P,臺股指國票98售03,0,0,0,0,0,0,0,0,0,31000,0,0,0,51000,20000,31000,31000
065933,鴻海群益01購06  ,0,0,0,0,0,0,0,0,0,31000,0,0,0,36000,5000,31000,31000
07256P,臺股指凱基99售36,0,0,0,0,0,0,0,0,0,31000,0,0,0,31000,0,31000,31000
035276,南亞科台新97購01,0,0,0,0,0,0,0,0,0,31000,0,0,0,31000,0,31000,31000
057763,康控凱基99購02  ,0,0,0,0,0,0,0,0,0,31000,0,0,0,31000,0,31000,31000
057022,智邦凱基98購04  ,0,0,0,0,0,0,0,0,0,31000,0,0,0,31000,0,31000,31000
060572,景碩永豐9A購01  ,0,0,0,0,0,0,0,0,0,31000,0,0,0,61000,30000,31000,31000
059580,大立光元富99購07,0,0,0,0,0,0,0,0,0,31000,0,0,0,39000,8000,31000,31000
056554,GIS凱基99購01   ,0,0,0,0,0,0,0,0,0,31000,0,0,0,336000,305000,31000,31000
061823,勤誠群益9B購01  ,0,0,0,0,0,0,0,0,0,31000,0,0,0,81000,50000,31000,31000
061606,景碩凱基9A購02  ,0,0,0,0,0,0,0,0,0,31000,0,0,0,31000,0,31000,31000
060327,美律群益9A購02  ,0,0,0,0,0,0,0,0,0,31000,0,0,0,50000,19000,31000,31000
05995P,T50正2中信9C售01,0,0,0,0,0,0,0,0,0,31000,0,0,0,312000,281000,31000,31000
059242,南亞科凱基99購06,0,0,0,0,0,0,0,0,0,31000,0,0,0,107000,76000,31000,31000
058516,健鼎元大99購02  ,0,0,0,0,0,0,0,0,0,31000,0,0,0,77000,46000,31000,31000
062783,大立光元大9C購03,0,0,0,0,0,0,0,0,0,31000,0,0,0,31000,0,31000,31000
062922,南六元大9B購03  ,0,0,0,0,0,0,0,0,0,31000,0,0,0,82000,51000,31000,31000
062051,上銀統一9C購02  ,0,0,0,0,0,0,0,0,0,31000,0,0,0,41000,10000,31000,31000
063893,微星群益9C購01  ,0,0,0,0,0,0,0,0,0,31000,0,0,0,69000,38000,31000,31000
063547,大立光兆豐9B購04,0,0,0,0,0,0,0,0,0,31000,0,0,0,60000,29000,31000,31000
063463,瑞昱元大9B購05  ,0,0,0,0,0,0,0,0,0,31000,0,0,0,74000,43000,31000,31000
063476,台表科元大9C購03,0,0,0,0,0,0,0,0,0,31000,0,0,0,209000,178000,31000,31000
063936,道瓊反元大9C購02,0,0,0,0,0,0,0,0,0,31000,0,0,0,71000,40000,31000,31000
064139,裕隆統一01購02  ,0,0,0,0,0,0,0,0,0,31000,0,0,0,35000,4000,31000,31000
5525,順天            ,49000,19000,30000,0,0,0,0,0,0,1000,1000,0,1000,0,0,0,31000
08505P,臺股指國票9C售07,0,0,0,0,0,0,0,0,0,31000,0,0,0,52000,21000,31000,31000
3312,弘憶股          ,60000,29000,31000,0,0,0,0,0,0,0,0,0,0,0,0,0,31000
2611,志信            ,23000,1000,22000,0,0,0,0,0,0,9000,9000,0,9000,0,0,0,31000
2543,皇昌            ,29000,0,29000,0,0,0,0,0,0,2000,2000,0,2000,0,0,0,31000
07241P,台灣50國票9A售05,0,0,0,0,0,0,0,0,0,30000,0,0,0,30000,0,30000,30000
06923P,鴻海群益98售09  ,0,0,0,0,0,0,0,0,0,30000,0,0,0,30000,0,30000,30000
07933P,大立光富邦9C售06,0,0,0,0,0,0,0,0,0,30000,0,0,0,30000,0,30000,30000
07884P,華新科凱基9B售08,0,0,0,0,0,0,0,0,0,30000,0,0,0,52000,22000,30000,30000
07780P,美律凱基9A售02  ,0,0,0,0,0,0,0,0,0,30000,0,0,0,30000,0,30000,30000
07590P,玉晶光國票9A售03,0,0,0,0,0,0,0,0,0,30000,0,0,0,290000,260000,30000,30000
06825P,臺股指國票98售01,0,0,0,0,0,0,0,0,0,30000,0,0,0,60000,30000,30000,30000
06751P,旺宏凱基98售10  ,0,0,0,0,0,0,0,0,0,30000,0,0,0,30000,0,30000,30000
06712P,臺股指台新99售09,0,0,0,0,0,0,0,0,0,30000,0,0,0,30000,0,30000,30000
06660P,大立光富邦9B售03,0,0,0,0,0,0,0,0,0,30000,0,0,0,30000,0,30000,30000
064550,南茂凱基01購01  ,0,0,0,0,0,0,0,0,0,30000,0,0,0,112000,82000,30000,30000
064906,台表科群益9C購02,0,0,0,0,0,0,0,0,0,30000,0,0,0,40000,10000,30000,30000
06558P,旺宏元富98售02  ,0,0,0,0,0,0,0,0,0,30000,0,0,0,30000,0,30000,30000
065189,台郡統一9C購03  ,0,0,0,0,0,0,0,0,0,30000,0,0,0,181000,151000,30000,30000
055975,鴻海統一98購05  ,0,0,0,0,0,0,0,0,0,30000,0,0,0,30000,0,30000,30000
056600,聯茂元富98購01  ,0,0,0,0,0,0,0,0,0,30000,0,0,0,30000,0,30000,30000
055851,智原元大98購01  ,0,0,0,0,0,0,0,0,0,30000,0,0,0,30000,0,30000,30000
055884,臺股指元富97購01,0,0,0,0,0,0,0,0,0,30000,0,0,0,30000,0,30000,30000
055804,祥碩永豐97購02  ,0,0,0,0,0,0,0,0,0,30000,0,0,0,30000,0,30000,30000
055832,台達電元大97購02,0,0,0,0,0,0,0,0,0,30000,0,0,0,30000,0,30000,30000
056141,聯茂元大97購05  ,0,0,0,0,0,0,0,0,0,30000,0,0,0,30000,0,30000,30000
056332,台郡國票99購01  ,0,0,0,0,0,0,0,0,0,30000,0,0,0,30000,0,30000,30000
056326,TPK兆豐98購01   ,0,0,0,0,0,0,0,0,0,30000,0,0,0,60000,30000,30000,30000
057529,嘉晶元大99購02  ,0,0,0,0,0,0,0,0,0,30000,0,0,0,32000,2000,30000,30000
060424,中租永豐9A購01  ,0,0,0,0,0,0,0,0,0,30000,0,0,0,47000,17000,30000,30000
056795,鴻海麥證98購01  ,0,0,0,30000,3000,27000,0,0,0,30000,0,0,0,33000,3000,30000,30000
056739,美律凱基98購04  ,0,0,0,0,0,0,0,0,0,30000,0,0,0,40000,10000,30000,30000
057225,華新凱基98購01  ,0,0,0,0,0,0,0,0,0,30000,0,0,0,30000,0,30000,30000
053433,友達日盛99購06  ,0,0,0,0,0,0,0,0,0,30000,0,0,0,30000,0,30000,30000
053917,友達國票97購03  ,0,0,0,0,0,0,0,0,0,30000,0,0,0,30000,0,30000,30000
055119,力成凱基98購01  ,0,0,0,0,0,0,0,0,0,30000,0,0,0,70000,40000,30000,30000
03604P,群創凱基98售05  ,0,0,0,0,0,0,0,0,0,30000,0,0,0,30000,0,30000,30000
052838,新唐國泰98購01  ,0,0,0,0,0,0,0,0,0,30000,0,0,0,50000,20000,30000,30000
053022,欣興國泰98購01  ,0,0,0,0,0,0,0,0,0,30000,0,0,0,40000,10000,30000,30000
047211,華新科富邦99購01,0,0,0,0,0,0,0,0,0,30000,0,0,0,30000,0,30000,30000
051614,元金2X凱基97購01,0,0,0,0,0,0,0,0,0,30000,0,0,0,30000,0,30000,30000
054357,可成兆豐97購02  ,0,0,0,0,0,0,0,0,0,30000,0,0,0,180000,150000,30000,30000
055334,禾伸堂兆豐97購01,0,0,0,0,0,0,0,0,0,30000,0,0,0,30000,0,30000,30000
055365,華通元大97購03  ,0,0,0,0,0,0,0,0,0,30000,0,0,0,30000,0,30000,30000
055282,聯發科元大97購15,0,0,0,0,0,0,0,0,0,30000,0,0,0,30000,0,30000,30000
055292,聯鈞元大97購02  ,0,0,0,0,0,0,0,0,0,30000,0,0,0,30000,0,30000,30000
058493,台積電群益9A購01,0,0,0,0,0,0,0,0,0,30000,0,0,0,30000,0,30000,30000
058555,矽創永豐9A購01  ,0,0,0,0,0,0,0,0,0,30000,0,0,0,30000,0,30000,30000
057919,技嘉凱基98購03  ,0,0,0,0,0,0,0,0,0,30000,0,0,0,40000,10000,30000,30000
057985,華通元富02購03  ,0,0,0,0,0,0,0,0,0,30000,0,0,0,40000,10000,30000,30000
058006,台郡群益98購04  ,0,0,0,0,0,0,0,0,0,30000,0,0,0,30000,0,30000,30000
058012,鈺齊國票99購01  ,0,0,0,0,0,0,0,0,0,30000,0,0,0,78000,48000,30000,30000
059680,台積電國泰9A購03,0,0,0,0,0,0,0,0,0,30000,0,0,0,30000,0,30000,30000
060054,華新科凱基9B購04,0,0,0,0,0,0,0,0,0,30000,0,0,0,110000,80000,30000,30000
061170,南茂兆豐9B購01  ,0,0,0,0,0,0,0,0,0,30000,0,0,0,313000,283000,30000,30000
061226,台積電中信9A購05,0,0,0,0,0,0,0,0,0,30000,0,0,0,34000,4000,30000,30000
058061,貿聯元富9B購01  ,0,0,0,0,0,0,0,0,0,30000,0,0,0,141000,111000,30000,30000
060241,國泰金元大9A購01,0,0,0,0,0,0,0,0,0,30000,0,0,0,124000,94000,30000,30000
060200,同欣電元富9A購01,0,0,0,0,0,0,0,0,0,30000,0,0,0,30000,0,30000,30000
061449,大立光中信9C購02,0,0,0,0,0,0,0,0,0,30000,0,0,0,30000,0,30000,30000
061508,南六國泰9C購02  ,0,0,0,0,0,0,0,0,0,30000,0,0,0,45000,15000,30000,30000
06182P,群創兆豐97售03  ,0,0,0,0,0,0,0,0,0,30000,0,0,0,30000,0,30000,30000
061752,瑞昱台新9B購01  ,0,0,0,0,0,0,0,0,0,30000,0,0,0,60000,30000,30000,30000
061757,T50反1元大9B購01,0,0,0,0,0,0,0,0,0,30000,0,0,0,30000,0,30000,30000
064268,緯穎永豐9C購01  ,0,0,0,0,0,0,0,0,0,30000,0,0,0,50000,20000,30000,30000
063366,台表科富邦9C購02,0,0,0,0,0,0,0,0,0,30000,0,0,0,30000,0,30000,30000
063629,台積電元大9B購08,0,0,0,0,0,0,0,0,0,30000,0,0,0,30000,0,30000,30000
061911,台積電中信05購04,0,0,0,0,0,0,0,0,0,30000,0,0,0,30000,0,30000,30000
062376,中租元大9B購02  ,0,0,0,0,0,0,0,0,0,30000,0,0,0,52000,22000,30000,30000
062501,台積電群益9C購03,0,0,0,0,0,0,0,0,0,30000,0,0,0,30000,0,30000,30000
062439,聯發科元大9B購10,0,0,0,0,0,0,0,0,0,30000,0,0,0,30000,0,30000,30000
062810,華通兆豐9B購02  ,0,0,0,0,0,0,0,0,0,30000,0,0,0,30000,0,30000,30000
062671,國泰金中信03購01,0,0,0,0,0,0,0,0,0,30000,0,0,0,30000,0,30000,30000
062625,華通國票9B購02  ,0,0,0,0,0,0,0,0,0,30000,0,0,0,40000,10000,30000,30000
063141,聯發科統一9C購10,0,0,0,0,0,0,0,0,0,30000,0,0,0,30000,0,30000,30000
063007,儒鴻元大9B購01  ,0,0,0,0,0,0,0,0,0,30000,0,0,0,34000,4000,30000,30000
2497,怡利電          ,28000,3000,25000,0,0,0,0,0,0,5000,5000,0,5000,0,0,0,30000
2483,百容            ,25000,0,25000,0,0,0,0,0,0,5000,5000,0,5000,0,0,0,30000
3032,偉訓            ,32000,4000,28000,0,0,0,0,0,0,2000,2000,0,2000,0,0,0,30000
1615,大山            ,45000,18000,27000,0,0,0,0,0,0,3000,3000,0,3000,0,0,0,30000
08464P,牧德永豐9C售02  ,0,0,0,0,0,0,0,0,0,30000,0,0,0,300000,270000,30000,30000
1232,大統益          ,24000,3000,21000,0,0,0,0,0,0,9000,9000,0,9000,0,0,0,30000
08636P,華通國票01售03  ,0,0,0,0,0,0,0,0,0,30000,0,0,0,30000,0,30000,30000
08228P,華擎國票9C售01  ,0,0,0,0,0,0,0,0,0,30000,0,0,0,30000,0,30000,30000
08340P,聯發科元富9C售01,0,0,0,0,0,0,0,0,0,30000,0,0,0,50000,20000,30000,30000
08122P,晶技國票9C售01  ,0,0,0,0,0,0,0,0,0,30000,0,0,0,30000,0,30000,30000
065224,和大凱基02購02  ,0,0,0,0,0,0,0,0,0,29000,0,0,0,29000,0,29000,29000
065312,日月光國票01購01,0,0,0,0,0,0,0,0,0,29000,0,0,0,67000,38000,29000,29000
065570,台光電群益01購01,0,0,0,0,0,0,0,0,0,29000,0,0,0,119000,90000,29000,29000
065732,健策凱基9C購04  ,0,0,0,0,0,0,0,0,0,29000,0,0,0,52000,23000,29000,29000
064544,國巨凱基9C購09  ,0,0,0,0,0,0,0,0,0,29000,0,0,0,47000,18000,29000,29000
064638,儒鴻凱基9C購03  ,0,0,0,0,0,0,0,0,0,29000,0,0,0,59000,30000,29000,29000
065833,中租凱基02購01  ,0,0,0,0,0,0,0,0,0,29000,0,0,0,43000,14000,29000,29000
065852,創意元大9C購06  ,0,0,0,0,0,0,0,0,0,29000,0,0,0,34000,5000,29000,29000
07672P,南電元大9A售05  ,0,0,0,0,0,0,0,0,0,29000,0,0,0,55000,26000,29000,29000
07789P,緯穎群益9A售03  ,0,0,0,0,0,0,0,0,0,29000,0,0,0,29000,0,29000,29000
057170,瑞昱元大98購01  ,0,0,0,0,0,0,0,0,0,29000,0,0,0,29000,0,29000,29000
061651,世紀鋼元大9C購02,0,0,0,0,0,0,0,0,0,29000,0,0,0,79000,50000,29000,29000
060162,碩天永豐9A購01  ,0,0,0,0,0,0,0,0,0,29000,0,0,0,29000,0,29000,29000
060933,南電永豐9A購02  ,0,0,0,0,0,0,0,0,0,29000,0,0,0,44000,15000,29000,29000
061275,臺股指凱基9A購25,0,0,0,0,0,0,0,0,0,29000,0,0,0,49000,20000,29000,29000
060905,台積電元大9A購20,0,0,0,0,0,0,0,0,0,29000,0,0,0,29000,0,29000,29000
063271,中磊兆豐9C購01  ,0,0,0,0,0,0,0,0,0,29000,0,0,0,532000,503000,29000,29000
062738,可成國票9B購02  ,0,0,0,0,0,0,0,0,0,29000,0,0,0,29000,0,29000,29000
062275,燿華群益9B購01  ,0,0,0,0,0,0,0,0,0,29000,0,0,0,41000,12000,29000,29000
061975,華通元大9B購01  ,0,0,0,0,0,0,0,0,0,29000,0,0,0,29000,0,29000,29000
063655,華通元富9B購01  ,0,0,0,0,0,0,0,0,0,29000,0,0,0,45000,16000,29000,29000
063329,健策國票9C購01  ,0,0,0,0,0,0,0,0,0,29000,0,0,0,46000,17000,29000,29000
1445,大宇            ,38000,9000,29000,0,0,0,0,0,0,0,0,0,0,0,0,0,29000
1473,台南            ,59000,32000,27000,0,0,0,0,0,0,2000,2000,0,2000,0,0,0,29000
2528,皇普            ,31000,2000,29000,0,0,0,0,0,0,0,0,0,0,0,0,0,29000
4952,凌通            ,71000,43000,28000,0,0,0,0,0,0,1000,1000,0,1000,0,0,0,29000
9941,裕融            ,54000,28000,26000,0,0,0,0,1000,-1000,4000,4000,0,4000,0,0,0,29000
07902P,玉晶光國票01售01,0,0,0,0,0,0,0,0,0,28000,0,0,0,88000,60000,28000,28000
06908P,健策國泰99售02  ,0,0,0,0,0,0,0,0,0,28000,0,0,0,178000,150000,28000,28000
065930,矽格國票02購01  ,0,0,0,0,0,0,0,0,0,28000,0,0,0,86000,58000,28000,28000
064749,巨大國票01購01  ,0,0,0,0,0,0,0,0,0,28000,0,0,0,38000,10000,28000,28000
065736,同欣電凱基9C購05,0,0,0,0,0,0,0,0,0,28000,0,0,0,28000,0,28000,28000
065421,康友國票01購01  ,0,0,0,0,0,0,0,0,0,28000,0,0,0,88000,60000,28000,28000
065309,亞光國票01購01  ,0,0,0,0,0,0,0,0,0,28000,0,0,0,38000,10000,28000,28000
065197,景碩元富06購01  ,0,0,0,0,0,0,0,0,0,28000,0,0,0,28000,0,28000,28000
057154,易華電國泰99購01,0,0,0,0,0,0,0,0,0,28000,0,0,0,30000,2000,28000,28000
056783,國巨群益99購01  ,0,0,0,0,0,0,0,0,0,28000,0,0,0,40000,12000,28000,28000
056410,康控國票99購01  ,0,0,0,0,0,0,0,0,0,28000,0,0,0,38000,10000,28000,28000
057646,玉山金元大98購01,0,0,0,0,0,0,0,0,0,28000,0,0,0,50000,22000,28000,28000
059771,台積電群益99購11,0,0,0,0,0,0,0,0,0,28000,0,0,0,28000,0,28000,28000
057816,欣興元大98購13  ,0,0,0,0,0,0,0,0,0,28000,0,0,0,28000,0,28000,28000
058706,聯鈞元大9C購01  ,0,0,0,0,0,0,0,0,0,28000,0,0,0,124000,96000,28000,28000
058506,台積電元大99購09,0,0,0,0,0,0,0,0,0,28000,0,0,0,28000,0,28000,28000
059370,玉晶光元富99購02,0,0,0,0,0,0,0,0,0,28000,0,0,0,28000,0,28000,28000
059461,鈺齊永豐99購03  ,0,0,0,0,0,0,0,0,0,28000,0,0,0,48000,20000,28000,28000
060265,宏達電國票9A購02,0,0,0,0,0,0,0,0,0,28000,0,0,0,80000,52000,28000,28000
061657,智原國票9A購01  ,0,0,0,0,0,0,0,0,0,28000,0,0,0,116000,88000,28000,28000
061865,力山元大9B購01  ,0,0,0,0,0,0,0,0,0,28000,0,0,0,148000,120000,28000,28000
063408,茂林國票9C購02  ,0,0,0,0,0,0,0,0,0,28000,0,0,0,40000,12000,28000,28000
063409,GIS國票9C購02   ,0,0,0,0,0,0,0,0,0,28000,0,0,0,38000,10000,28000,28000
063649,南六元大9C購02  ,0,0,0,0,0,0,0,0,0,28000,0,0,0,87000,59000,28000,28000
064130,創意元大9C購02  ,0,0,0,0,0,0,0,0,0,28000,0,0,0,28000,0,28000,28000
061916,元金2X凱基02購01,0,0,0,0,0,0,0,0,0,28000,0,0,0,60000,32000,28000,28000
06216P,上銀元富97售03  ,0,0,0,0,0,0,0,0,0,28000,0,0,0,28000,0,28000,28000
062235,億光凱基9B購01  ,0,0,0,0,0,0,0,0,0,28000,0,0,0,60000,32000,28000,28000
06260P,臺股指群益97售13,0,0,0,0,0,0,0,0,0,28000,0,0,0,39000,11000,28000,28000
4576,大銀微系統      ,49000,24000,25000,0,0,0,0,0,0,3000,3000,0,3000,0,0,0,28000
6128,上福            ,27000,1000,26000,0,0,0,0,0,0,2000,2000,0,2000,0,0,0,28000
6152,百一            ,34000,6000,28000,0,0,0,0,0,0,0,0,0,0,0,0,0,28000
2477,美隆電          ,32000,6000,26000,0,0,0,0,0,0,2000,2000,0,2000,0,0,0,28000
1540,喬福            ,29000,1000,28000,0,0,0,0,0,0,0,0,0,0,0,0,0,28000
1603,華電            ,34000,8000,26000,0,0,0,0,0,0,2000,2000,0,2000,0,0,0,28000
1225,福懋油          ,35000,7000,28000,0,0,0,0,0,0,0,0,0,0,0,0,0,28000
065544,和大兆豐01購01  ,0,0,0,0,0,0,0,0,0,27000,0,0,0,27000,0,27000,27000
064672,同欣電元大01購01,0,0,0,0,0,0,0,0,0,27000,0,0,0,204000,177000,27000,27000
064610,儒鴻元大9C購03  ,0,0,0,0,0,0,0,0,0,27000,0,0,0,59000,32000,27000,27000
07470P,國巨元大9A售06  ,0,0,0,0,0,0,0,0,0,27000,0,0,0,30000,3000,27000,27000
055259,玉晶光統一9A購01,0,0,0,0,0,0,0,0,0,27000,0,0,0,27000,0,27000,27000
056198,台光電永豐97購02,0,0,0,0,0,0,0,0,0,27000,0,0,0,27000,0,27000,27000
057598,鴻海群益98購07  ,0,0,0,0,0,0,0,0,0,27000,0,0,0,57000,30000,27000,27000
061638,國泰金元大9A購03,0,0,0,0,0,0,0,0,0,27000,0,0,0,94000,67000,27000,27000
058237,嘉晶元大99購04  ,0,0,0,0,0,0,0,0,0,27000,0,0,0,31000,4000,27000,27000
061014,台積電麥證9A購04,0,0,0,50000,23000,27000,0,0,0,27000,0,0,0,50000,23000,27000,27000
061118,GIS富邦9A購01   ,0,0,0,0,0,0,0,0,0,27000,0,0,0,27000,0,27000,27000
057838,台郡國泰99購01  ,0,0,0,0,0,0,0,0,0,27000,0,0,0,87000,60000,27000,27000
059778,上証2X元大9C購03,0,0,0,0,0,0,0,0,0,27000,0,0,0,27000,0,27000,27000
058067,台積電第一9C購01,0,0,0,0,0,0,0,0,0,27000,0,0,0,32000,5000,27000,27000
063189,臻鼎凱基9B購01  ,0,0,0,0,0,0,0,0,0,27000,0,0,0,90000,63000,27000,27000
062197,聯發科中信01購03,0,0,0,0,0,0,0,0,0,27000,0,0,0,29000,2000,27000,27000
062047,緯穎凱基9B購01  ,0,0,0,0,0,0,0,0,0,27000,0,0,0,64000,37000,27000,27000
064124,台積電元大9C購10,0,0,0,0,0,0,0,0,0,27000,0,0,0,27000,0,27000,27000
064200,華通兆豐01購01  ,0,0,0,0,0,0,0,0,0,27000,0,0,0,85000,58000,27000,27000
064186,燿華永豐9C購01  ,0,0,0,0,0,0,0,0,0,27000,0,0,0,52000,25000,27000,27000
064297,台郡國票01購01  ,0,0,0,0,0,0,0,0,0,27000,0,0,0,219000,192000,27000,27000
063454,瑞儀統一9B購01  ,0,0,0,0,0,0,0,0,0,27000,0,0,0,27000,0,27000,27000
063523,微星凱基9B購03  ,0,0,0,0,0,0,0,0,0,27000,0,0,0,28000,1000,27000,27000
1713,國化            ,27000,2000,25000,0,0,0,0,0,0,2000,2000,0,2000,0,0,0,27000
07172P,臺股指國票99售09,0,0,0,0,0,0,0,0,0,26000,0,0,0,75000,49000,26000,26000
07178P,臺股指凱基99售20,0,0,0,0,0,0,0,0,0,26000,0,0,0,30000,4000,26000,26000
06728P,全新元大98售03  ,0,0,0,0,0,0,0,0,0,26000,0,0,0,29000,3000,26000,26000
065208,義隆國票01購01  ,0,0,0,0,0,0,0,0,0,26000,0,0,0,56000,30000,26000,26000
057581,元大金中信9A購01,0,0,0,0,0,0,0,0,0,26000,0,0,0,128000,102000,26000,26000
056555,矽創凱基98購01  ,0,0,0,0,0,0,0,0,0,26000,0,0,0,26000,0,26000,26000
056569,T50正2元大9B購02,0,0,0,0,0,0,0,0,0,26000,0,0,0,26000,0,26000,26000
060814,健策凱基9B購01  ,0,0,0,0,0,0,0,0,0,26000,0,0,0,35000,9000,26000,26000
060871,台灣50中信01購03,0,0,0,0,0,0,0,0,0,26000,0,0,0,26000,0,26000,26000
00763U,街口道瓊銅      ,0,0,0,0,0,0,0,0,0,26000,0,0,0,28000,2000,26000,26000
054095,同欣電群益98購03,0,0,0,0,0,0,0,0,0,26000,0,0,0,26000,0,26000,26000
061262,智邦凱基9A購02  ,0,0,0,0,0,0,0,0,0,26000,0,0,0,81000,55000,26000,26000
060897,健策凱基9A購04  ,0,0,0,0,0,0,0,0,0,26000,0,0,0,35000,9000,26000,26000
057870,大立光凱基99購02,0,0,0,0,0,0,0,0,0,26000,0,0,0,26000,0,26000,26000
057924,健策凱基98購02  ,0,0,0,0,0,0,0,0,0,26000,0,0,0,43000,17000,26000,26000
058956,健策國票9A購02  ,0,0,0,0,0,0,0,0,0,26000,0,0,0,26000,0,26000,26000
058590,南電中信9A購02  ,0,0,0,0,0,0,0,0,0,26000,0,0,0,46000,20000,26000,26000
058982,台積電凱基99購08,0,0,0,0,0,0,0,0,0,26000,0,0,0,105000,79000,26000,26000
061498,大立光國票9A購10,0,0,0,0,0,0,0,0,0,26000,0,0,0,28000,2000,26000,26000
063608,力成凱基9B購03  ,0,0,0,0,0,0,0,0,0,26000,0,0,0,36000,10000,26000,26000
063911,大立光凱基9C購03,0,0,0,0,0,0,0,0,0,26000,0,0,0,130000,104000,26000,26000
064391,亞德客永豐9C購01,0,0,0,0,0,0,0,0,0,26000,0,0,0,68000,42000,26000,26000
064156,大立光統一01購06,0,0,0,0,0,0,0,0,0,26000,0,0,0,61000,35000,26000,26000
064050,景碩統一01購01  ,0,0,0,0,0,0,0,0,0,26000,0,0,0,26000,0,26000,26000
062593,健策統一9B購03  ,0,0,0,0,0,0,0,0,0,26000,0,0,0,26000,0,26000,26000
063115,台積電麥證9B購02,0,0,0,99000,73000,26000,0,0,0,26000,0,0,0,99000,73000,26000,26000
063209,巨大統一01購01  ,0,0,0,0,0,0,0,0,0,26000,0,0,0,207000,181000,26000,26000
062748,祥碩永豐9B購02  ,0,0,0,0,0,0,0,0,0,26000,0,0,0,162000,136000,26000,26000
1468,昶和            ,26000,1000,25000,0,0,0,0,0,0,1000,1000,0,1000,0,0,0,26000
2397,友通            ,40000,18000,22000,0,0,0,0,0,0,4000,4000,0,4000,0,0,0,26000
2358,廷鑫            ,21000,0,21000,0,0,0,0,0,0,5000,5000,0,5000,0,0,0,26000
2514,龍邦            ,94000,79000,15000,0,0,0,0,0,0,11000,11000,0,11000,0,0,0,26000
3501,維熹            ,30000,7000,23000,0,0,0,0,0,0,3000,3000,0,3000,0,0,0,26000
3679,新至陞          ,29000,3000,26000,0,0,0,0,0,0,0,0,0,0,0,0,0,26000
08353P,聯電元大9C售04  ,0,0,0,0,0,0,0,0,0,26000,0,0,0,27000,1000,26000,26000
8473,山林水          ,26000,2000,24000,0,0,0,0,0,0,2000,2000,0,2000,0,0,0,26000
8443,阿瘦            ,26000,1000,25000,0,0,0,0,0,0,1000,1000,0,1000,0,0,0,26000
8411,福貞-KY         ,25000,2000,23000,0,0,0,0,0,0,3000,3000,0,3000,0,0,0,26000
06826P,臺股指國票98售02,0,0,0,0,0,0,0,0,0,25000,0,0,0,25000,0,25000,25000
07885P,長榮航凱基9B售01,0,0,0,0,0,0,0,0,0,25000,0,0,0,25000,0,25000,25000
07863P,華新科凱基9B售07,0,0,0,0,0,0,0,0,0,25000,0,0,0,25000,0,25000,25000
07519P,臺股指元大9B售10,0,0,0,0,0,0,0,0,0,25000,0,0,0,25000,0,25000,25000
054962,玉晶光元大99購02,0,0,0,0,0,0,0,0,0,25000,0,0,0,25000,0,25000,25000
056385,創意國泰99購01  ,0,0,0,0,0,0,0,0,0,25000,0,0,0,30000,5000,25000,25000
052400,聯詠凱基97購01  ,0,0,0,0,0,0,0,0,0,25000,0,0,0,43000,18000,25000,25000
03647C,T50反1元富99牛02,0,0,0,0,0,0,0,0,0,25000,0,0,0,47000,22000,25000,25000
03603P,群創凱基98售04  ,0,0,0,0,0,0,0,0,0,25000,0,0,0,25000,0,25000,25000
051055,友達群益98購01  ,0,0,0,0,0,0,0,0,0,25000,0,0,0,25000,0,25000,25000
05537P,群創中信98售01  ,0,0,0,0,0,0,0,0,0,25000,0,0,0,35000,10000,25000,25000
060763,聯鈞元大9A購03  ,0,0,0,0,0,0,0,0,0,25000,0,0,0,112000,87000,25000,25000
057149,京鼎國票99購02  ,0,0,0,0,0,0,0,0,0,25000,0,0,0,35000,10000,25000,25000
057597,華通群益9A購02  ,0,0,0,0,0,0,0,0,0,25000,0,0,0,25000,0,25000,25000
057815,信邦元大98購01  ,0,0,0,0,0,0,0,0,0,25000,0,0,0,35000,10000,25000,25000
057334,技嘉國票98購02  ,0,0,0,0,0,0,0,0,0,25000,0,0,0,47000,22000,25000,25000
060190,國泰金元富9A購01,0,0,0,0,0,0,0,0,0,25000,0,0,0,25000,0,25000,25000
061395,健策統一9C購02  ,0,0,0,0,0,0,0,0,0,25000,0,0,0,31000,6000,25000,25000
061706,旭富國票9A購02  ,0,0,0,0,0,0,0,0,0,25000,0,0,0,25000,0,25000,25000
059829,超眾凱基99購05  ,0,0,0,0,0,0,0,0,0,25000,0,0,0,50000,25000,25000,25000
059816,聯電凱基99購03  ,0,0,0,0,0,0,0,0,0,25000,0,0,0,51000,26000,25000,25000
059885,台積電國票99購12,0,0,0,0,0,0,0,0,0,25000,0,0,0,25000,0,25000,25000
060993,健策元大9B購03  ,0,0,0,0,0,0,0,0,0,25000,0,0,0,44000,19000,25000,25000
059536,新光金凱基99購05,0,0,0,0,0,0,0,0,0,25000,0,0,0,60000,35000,25000,25000
059903,S&P正2元大99購02,0,0,0,0,0,0,0,0,0,25000,0,0,0,25000,0,25000,25000
058681,大立光康和9B購01,0,0,0,0,0,0,0,0,0,25000,0,0,0,25000,0,25000,25000
058955,台積電國票9A購04,4000,0,4000,0,0,0,0,0,0,21000,0,0,0,38000,17000,21000,25000
058428,大立光元富99購02,0,0,0,0,0,0,0,0,0,25000,0,0,0,58000,33000,25000,25000
058531,華通元富99購01  ,0,0,0,0,0,0,0,0,0,25000,0,0,0,59000,34000,25000,25000
060409,味全永豐9A購01  ,0,0,0,0,0,0,0,0,0,25000,0,0,0,25000,0,25000,25000
060052,宏碁凱基99購01  ,0,0,0,0,0,0,0,0,0,25000,0,0,0,31000,6000,25000,25000
061181,牧德凱基9A購01  ,0,0,0,0,0,0,0,0,0,25000,0,0,0,25000,0,25000,25000
058877,T50反1國泰9B購01,0,0,0,0,0,0,0,0,0,25000,0,0,0,60000,35000,25000,25000
062632,嘉晶國票9B購01  ,0,0,0,0,0,0,0,0,0,25000,0,0,0,45000,20000,25000,25000
063276,和大元大9B購01  ,0,0,0,0,0,0,0,0,0,25000,0,0,0,25000,0,25000,25000
062993,華新科群益9B購05,0,0,0,0,0,0,0,0,0,25000,0,0,0,41000,16000,25000,25000
063050,葡萄王統一01購01,0,0,0,0,0,0,0,0,0,25000,0,0,0,30000,5000,25000,25000
061892,亞德客永豐9B購01,0,0,0,0,0,0,0,0,0,25000,0,0,0,60000,35000,25000,25000
062128,祥碩統一01購01  ,0,0,0,0,0,0,0,0,0,25000,0,0,0,122000,97000,25000,25000
063954,世芯元大01購02  ,0,0,0,0,0,0,0,0,0,25000,0,0,0,25000,0,25000,25000
064307,聚陽群益9C購03  ,0,0,0,0,0,0,0,0,0,25000,0,0,0,109000,84000,25000,25000
063872,嘉聯益永豐9C購01,0,0,0,0,0,0,0,0,0,25000,0,0,0,67000,42000,25000,25000
063600,燿華凱基9B購04  ,0,0,0,0,0,0,0,0,0,25000,0,0,0,36000,11000,25000,25000
063522,技嘉凱基9B購03  ,0,0,0,0,0,0,0,0,0,25000,0,0,0,131000,106000,25000,25000
063438,聚陽統一9C購01  ,0,0,0,0,0,0,0,0,0,25000,0,0,0,153000,128000,25000,25000
08309P,GIS凱基9C售01   ,0,0,0,0,0,0,0,0,0,25000,0,0,0,101000,76000,25000,25000
08312P,旺宏國票01售01  ,0,0,0,0,0,0,0,0,0,25000,0,0,0,45000,20000,25000,25000
08245P,台灣50群益9C售05,0,0,0,0,0,0,0,0,0,25000,0,0,0,25000,0,25000,25000
08049P,臺股指國票9B售14,0,0,0,0,0,0,0,0,0,25000,0,0,0,25000,0,25000,25000
1235,興泰            ,27000,2000,25000,0,0,0,0,0,0,0,0,0,0,0,0,0,25000
1443,立益            ,26000,1000,25000,0,0,0,0,0,0,0,0,0,0,0,0,0,25000
1339,昭輝            ,66000,41000,25000,0,0,0,0,0,0,0,0,0,0,0,0,0,25000
08612P,嘉晶凱基9C售03  ,0,0,0,0,0,0,0,0,0,25000,0,0,0,25000,0,25000,25000
3004,豐達科          ,35000,13000,22000,0,0,0,0,0,0,3000,1000,0,1000,2000,0,2000,25000
3164,景岳            ,29000,6000,23000,0,0,0,0,0,0,2000,2000,0,2000,0,0,0,25000
2069,運錩            ,22000,0,22000,0,0,0,0,0,0,3000,3000,0,3000,0,0,0,25000
2380,虹光            ,24000,0,24000,0,0,0,0,0,0,1000,1000,0,1000,0,0,0,25000
1592,英瑞-KY         ,42000,20000,22000,0,0,0,0,0,0,3000,3000,0,3000,0,0,0,25000
06888P,日月光元大98售02,0,0,0,0,0,0,0,0,0,24000,0,0,0,97000,73000,24000,24000
07224P,鴻海元大9A售02  ,0,0,0,0,0,0,0,0,0,24000,0,0,0,24000,0,24000,24000
065222,玉晶光永豐9C購07,0,0,0,0,0,0,0,0,0,24000,0,0,0,35000,11000,24000,24000
064580,統一永豐9C購01  ,0,0,0,0,0,0,0,0,0,24000,0,0,0,123000,99000,24000,24000
064591,臻鼎永豐9C購01  ,0,0,0,0,0,0,0,0,0,24000,0,0,0,88000,64000,24000,24000
049442,滬深2X統一99購01,0,0,0,0,0,0,0,0,0,24000,0,0,0,26000,2000,24000,24000
057731,華擎國泰9A購02  ,0,0,0,0,0,0,0,0,0,24000,0,0,0,24000,0,24000,24000
061259,台積電凱基9A購21,0,0,0,0,0,0,0,0,0,24000,0,0,0,24000,0,24000,24000
058045,鴻海元大99購08  ,0,0,0,0,0,0,0,0,0,24000,0,0,0,24000,0,24000,24000
058200,世芯康和99購01  ,0,0,0,0,0,0,0,0,0,24000,0,0,0,24000,0,24000,24000
059083,華通元大99購07  ,0,0,0,0,0,0,0,0,0,24000,0,0,0,25000,1000,24000,24000
058383,道瓊指中信9C購02,0,0,0,0,0,0,0,0,0,24000,0,0,0,44000,20000,24000,24000
059005,嘉晶元大99購06  ,0,0,0,0,0,0,0,0,0,24000,0,0,0,32000,8000,24000,24000
061707,超眾國票9B購01  ,0,0,0,0,0,0,0,0,0,24000,0,0,0,24000,0,24000,24000
060158,廣達永豐9A購01  ,0,0,0,0,0,0,0,0,0,24000,0,0,0,346000,322000,24000,24000
063531,台表科凱基9B購04,0,0,0,0,0,0,0,0,0,24000,0,0,0,34000,10000,24000,24000
064351,中租元大9C購01  ,0,0,0,0,0,0,0,0,0,24000,0,0,0,51000,27000,24000,24000
064231,鴻海統一01購03  ,0,0,0,0,0,0,0,0,0,24000,0,0,0,106000,82000,24000,24000
064423,義隆兆豐9C購02  ,0,0,0,0,0,0,0,0,0,24000,0,0,0,80000,56000,24000,24000
063949,大立光元大9C購10,0,0,0,0,0,0,0,0,0,24000,0,0,0,35000,11000,24000,24000
063932,世芯統一01購01  ,0,0,0,0,0,0,0,0,0,24000,0,0,0,24000,0,24000,24000
064091,台郡凱基01購01  ,0,0,0,0,0,0,0,0,0,24000,0,0,0,237000,213000,24000,24000
062122,國巨統一02購01  ,0,0,0,0,0,0,0,0,0,24000,0,0,0,40000,16000,24000,24000
062085,同欣電元大9B購01,0,0,0,0,0,0,0,0,0,24000,0,0,0,39000,15000,24000,24000
062212,臻鼎台新9B購01  ,0,0,0,0,0,0,0,0,0,24000,0,0,0,113000,89000,24000,24000
061872,友達元大9C購06  ,0,0,0,0,0,0,0,0,0,24000,0,0,0,55000,31000,24000,24000
062320,南電凱基9B購03  ,0,0,0,0,0,0,0,0,0,24000,0,0,0,24000,0,24000,24000
1617,榮星            ,19000,1000,18000,0,0,0,0,0,0,6000,6000,0,6000,0,0,0,24000
1776,展宇            ,24000,2000,22000,0,0,0,0,0,0,2000,2000,0,2000,0,0,0,24000
2727,王品            ,131000,108000,23000,0,0,0,0,0,0,1000,1000,0,1000,0,0,0,24000
08121P,聯發科國票9B售05,0,0,0,0,0,0,0,0,0,24000,0,0,0,24000,0,24000,24000
6216,居易            ,15000,0,15000,0,0,0,0,0,0,9000,9000,0,9000,0,0,0,24000
4720,德淵            ,34000,20000,14000,0,0,0,0,0,0,10000,10000,0,10000,0,0,0,24000
9942,茂順            ,25000,1000,24000,0,0,0,0,0,0,0,0,0,0,0,0,0,24000
2385,群光            ,1032961,785000,247961,0,0,0,0,6000,-6000,-218000,34000,4000,30000,0,248000,-248000,23961
064507,臻鼎元大9C購02  ,0,0,0,0,0,0,0,0,0,23000,0,0,0,146000,123000,23000,23000
065218,世芯國泰02購02  ,0,0,0,0,0,0,0,0,0,23000,0,0,0,27000,4000,23000,23000
065161,矽格群益9C購01  ,0,0,0,0,0,0,0,0,0,23000,0,0,0,124000,101000,23000,23000
065395,致茂群益01購01  ,0,0,0,0,0,0,0,0,0,23000,0,0,0,51000,28000,23000,23000
065634,聯發科國票9C購06,34000,0,34000,0,0,0,0,0,0,-11000,0,0,0,40000,51000,-11000,23000
07903P,台積電群益9B售03,0,0,0,0,0,0,0,0,0,23000,0,0,0,30000,7000,23000,23000
054538,台光電國票98購01,0,0,0,0,0,0,0,0,0,23000,0,0,0,23000,0,23000,23000
054098,嘉晶國票97購04  ,0,0,0,0,0,0,0,0,0,23000,0,0,0,23000,0,23000,23000
00652,富邦印度        ,17000,11000,6000,0,0,0,0,0,0,17000,0,0,0,74000,57000,17000,23000
00851,台新全球AI      ,0,0,0,0,0,0,0,0,0,23000,0,0,0,50000,27000,23000,23000
00735,國泰臺韓科技    ,0,0,0,0,0,0,0,0,0,23000,0,0,0,138000,115000,23000,23000
057456,道瓊銀富邦9C購01,0,0,0,0,0,0,0,0,0,23000,0,0,0,29000,6000,23000,23000
057142,力成兆豐98購01  ,0,0,0,0,0,0,0,0,0,23000,0,0,0,23000,0,23000,23000
056721,台灣50永昌9A購01,0,0,0,0,0,0,0,0,0,23000,0,0,0,53000,30000,23000,23000
060574,高股息中信9C購01,0,0,0,0,0,0,0,0,0,23000,0,0,0,25000,2000,23000,23000
060675,南亞科元大9A購02,0,0,0,0,0,0,0,0,0,23000,0,0,0,116000,93000,23000,23000
059944,欣興永豐99購03  ,0,0,0,0,0,0,0,0,0,23000,0,0,0,26000,3000,23000,23000
058763,和碩群益99購01  ,0,0,0,0,0,0,0,0,0,23000,0,0,0,31000,8000,23000,23000
061186,牧德國泰9C購01  ,0,0,0,0,0,0,0,0,0,23000,0,0,0,80000,57000,23000,23000
062563,緯穎凱基9B購03  ,0,0,0,0,0,0,0,0,0,23000,0,0,0,23000,0,23000,23000
064164,祥碩統一01購05  ,0,0,0,0,0,0,0,0,0,23000,0,0,0,33000,10000,23000,23000
064209,燿華凱基01購01  ,0,0,0,0,0,0,0,0,0,23000,0,0,0,43000,20000,23000,23000
064225,健策國票01購02  ,0,0,0,0,0,0,0,0,0,23000,0,0,0,23000,0,23000,23000
064226,TPK國票01購01   ,0,0,0,0,0,0,0,0,0,23000,0,0,0,47000,24000,23000,23000
063379,帆宣永豐9B購01  ,0,0,0,0,0,0,0,0,0,23000,0,0,0,40000,17000,23000,23000
063619,聯發科兆豐01購01,0,0,0,0,0,0,0,0,0,23000,0,0,0,32000,9000,23000,23000
063666,京元電統一9C購01,0,0,0,0,0,0,0,0,0,23000,0,0,0,112000,89000,23000,23000
2440,太空梭          ,24000,2000,22000,0,0,0,0,0,0,1000,1000,0,1000,0,0,0,23000
2015,豐興            ,151000,133000,18000,0,0,0,0,0,0,5000,5000,0,5000,0,0,0,23000
1454,台富            ,21000,1000,20000,0,0,0,0,0,0,3000,3000,0,3000,0,0,0,23000
2904,匯僑            ,25000,2000,23000,0,0,0,0,0,0,0,0,0,0,0,0,0,23000
4141,龍燈-KY         ,50000,29000,21000,0,0,0,0,0,0,2000,2000,0,2000,0,0,0,23000
08335P,香港2X中信03售01,0,0,0,0,0,0,0,0,0,23000,0,0,0,23000,0,23000,23000
08470P,世芯凱基9C售02  ,0,0,0,0,0,0,0,0,0,23000,0,0,0,123000,100000,23000,23000
9918,欣天然          ,26000,0,26000,0,0,0,0,0,0,-3000,1000,4000,-3000,0,0,0,23000
008201,BP上證50        ,0,0,0,0,0,0,0,0,0,22800,0,0,0,22800,0,22800,22800
07333P,台灣50國票9B售03,0,0,0,0,0,0,0,0,0,22000,0,0,0,22000,0,22000,22000
07458P,長榮航元大9A售01,0,0,0,0,0,0,0,0,0,22000,0,0,0,22000,0,22000,22000
07392P,台積電國泰02售01,0,0,0,0,0,0,0,0,0,22000,0,0,0,50000,28000,22000,22000
065927,智原國票02購01  ,0,0,0,0,0,0,0,0,0,22000,0,0,0,34000,12000,22000,22000
065775,神隆國泰03購01  ,0,0,0,0,0,0,0,0,0,22000,0,0,0,60000,38000,22000,22000
065569,智邦群益01購01  ,0,0,0,0,0,0,0,0,0,22000,0,0,0,31000,9000,22000,22000
065331,亞德客國票01購01,0,0,0,0,0,0,0,0,0,22000,0,0,0,38000,16000,22000,22000
065164,和大元大01購01  ,0,0,0,0,0,0,0,0,0,22000,0,0,0,22000,0,22000,22000
065183,和大統一01購03  ,0,0,0,0,0,0,0,0,0,22000,0,0,0,22000,0,22000,22000
065230,義隆凱基02購01  ,0,0,0,0,0,0,0,0,0,22000,0,0,0,134000,112000,22000,22000
064683,台表科兆豐9C購02,0,0,0,0,0,0,0,0,0,22000,0,0,0,115000,93000,22000,22000
064899,大立光群益9C購06,0,0,0,0,0,0,0,0,0,22000,0,0,0,91000,69000,22000,22000
064997,T50反1國票01購04,0,0,0,0,0,0,0,0,0,22000,0,0,0,34000,12000,22000,22000
01003T,兆豐新光R1      ,24000,2000,22000,0,0,0,0,0,0,0,0,0,0,0,0,0,22000
051432,群創元富99購03  ,0,0,0,0,0,0,0,0,0,22000,0,0,0,37000,15000,22000,22000
054530,台光電國泰97購03,0,0,0,0,0,0,0,0,0,22000,0,0,0,22000,0,22000,22000
054868,國泰金群益9A購01,0,0,0,0,0,0,0,0,0,22000,0,0,0,22000,0,22000,22000
053316,友達群益9A購01  ,0,0,0,0,0,0,0,0,0,22000,0,0,0,25000,3000,22000,22000
057190,立積元大9A購02  ,0,0,0,0,0,0,0,0,0,22000,0,0,0,22000,0,22000,22000
056618,京元電永豐98購01,0,0,0,0,0,0,0,0,0,22000,0,0,0,86000,64000,22000,22000
057599,技嘉群益9A購01  ,0,0,0,0,0,0,0,0,0,22000,0,0,0,22000,0,22000,22000
059755,宏達電國泰9A購01,0,0,0,0,0,0,0,0,0,22000,0,0,0,110000,88000,22000,22000
058136,景碩元大99購02  ,0,0,0,0,0,0,0,0,0,22000,0,0,0,22000,0,22000,22000
060058,牧德凱基9B購01  ,0,0,0,0,0,0,0,0,0,22000,0,0,0,52000,30000,22000,22000
061082,台光電兆豐9A購01,0,0,0,0,0,0,0,0,0,22000,0,0,0,22000,0,22000,22000
058499,滬深2X元大9C購01,0,0,0,0,0,0,0,0,0,22000,0,0,0,129000,107000,22000,22000
058910,泰鼎元大99購03  ,0,0,0,0,0,0,0,0,0,22000,0,0,0,22000,0,22000,22000
059281,創意永豐99購02  ,0,0,0,0,0,0,0,0,0,22000,0,0,0,43000,21000,22000,22000
059218,台積電元大99購31,0,0,0,0,0,0,0,0,0,22000,0,0,0,22000,0,22000,22000
060185,聯發科元富04購01,0,0,0,0,0,0,0,0,0,22000,0,0,0,22000,0,22000,22000
061499,嘉晶國票9A購03  ,0,0,0,0,0,0,0,0,0,22000,0,0,0,34000,12000,22000,22000
061517,瑞祺永豐9A購03  ,0,0,0,0,0,0,0,0,0,22000,0,0,0,381000,359000,22000,22000
061801,祥碩永豐9B購01  ,0,0,0,0,0,0,0,0,0,22000,0,0,0,43000,21000,22000,22000
063618,智邦兆豐9C購01  ,0,0,0,0,0,0,0,0,0,22000,0,0,0,198000,176000,22000,22000
062558,義隆凱基9B購02  ,0,0,0,0,0,0,0,0,0,22000,0,0,0,22000,0,22000,22000
061939,中租國票9B購01  ,0,0,0,0,0,0,0,0,0,22000,0,0,0,32000,10000,22000,22000
062728,健策凱基9B購04  ,0,0,0,0,0,0,0,0,0,22000,0,0,0,64000,42000,22000,22000
6581,鋼聯            ,20000,2000,18000,0,0,0,0,0,0,4000,4000,0,4000,0,0,0,22000
08613P,同欣電凱基9C售04,0,0,0,0,0,0,0,0,0,22000,0,0,0,44000,22000,22000,22000
1432,大魯閣          ,23000,1000,22000,0,0,0,0,0,0,0,0,0,0,0,0,0,22000
1413,宏洲            ,23000,1000,22000,0,0,0,0,0,0,0,0,0,0,0,0,0,22000
1456,怡華            ,23000,1000,22000,0,0,0,0,0,0,0,0,0,0,0,0,0,22000
08342P,健策永豐9C售01  ,0,0,0,0,0,0,0,0,0,22000,0,0,0,22000,0,22000,22000
08063P,立積國票9B售03  ,0,0,0,0,0,0,0,0,0,22000,0,0,0,37000,15000,22000,22000
2739,寒舍            ,47000,28000,19000,0,0,0,0,0,0,3000,3000,0,3000,0,0,0,22000
2032,新鋼            ,26000,4000,22000,0,0,0,0,0,0,0,0,0,0,0,0,0,22000
065113,南電國票01購02  ,0,0,0,0,0,0,0,0,0,21000,0,0,0,50000,29000,21000,21000
064783,貿聯群益9C購03  ,0,0,0,0,0,0,0,0,0,21000,0,0,0,21000,0,21000,21000
065167,華通元大02購01  ,0,0,0,0,0,0,0,0,0,21000,0,0,0,36000,15000,21000,21000
07547P,緯穎凱基9A售05  ,0,0,0,0,0,0,0,0,0,21000,0,0,0,21000,0,21000,21000
057592,美律兆豐99購01  ,0,0,0,0,0,0,0,0,0,21000,0,0,0,24000,3000,21000,21000
056128,和大中信99購01  ,0,0,0,0,0,0,0,0,0,21000,0,0,0,21000,0,21000,21000
060650,奇力新中信9A購01,0,0,0,0,0,0,0,0,0,21000,0,0,0,21000,0,21000,21000
057549,台光電凱基98購05,0,0,0,0,0,0,0,0,0,21000,0,0,0,22000,1000,21000,21000
060844,大立光國票9A購07,0,0,0,0,0,0,0,0,0,21000,0,0,0,21000,0,21000,21000
054712,上証2X中信98購02,0,0,0,0,0,0,0,0,0,21000,0,0,0,21000,0,21000,21000
053876,可成永昌98購01  ,0,0,0,0,0,0,0,0,0,21000,0,0,0,21000,0,21000,21000
055705,微星永豐97購01  ,0,0,0,0,0,0,0,0,0,21000,0,0,0,21000,0,21000,21000
055414,奇力新富邦9B購01,0,0,0,0,0,0,0,0,0,21000,0,0,0,21000,0,21000,21000
00709,富邦歐洲        ,0,0,0,0,0,0,0,0,0,21000,0,0,0,139000,118000,21000,21000
00654R,富邦印度反1     ,0,0,0,0,0,0,0,0,0,21000,0,0,0,21000,0,21000,21000
059480,美律群益9A購01  ,0,0,0,0,0,0,0,0,0,21000,0,0,0,21000,0,21000,21000
059359,精元永豐99購01  ,0,0,0,0,0,0,0,0,0,21000,0,0,0,63000,42000,21000,21000
059113,群光永豐99購01  ,0,0,0,0,0,0,0,0,0,21000,0,0,0,44000,23000,21000,21000
058521,日月光元大99購01,0,0,0,0,0,0,0,0,0,21000,0,0,0,21000,0,21000,21000
058698,華通元大99購05  ,0,0,0,0,0,0,0,0,0,21000,0,0,0,22000,1000,21000,21000
058142,瑞儀元大99購01  ,0,0,0,0,0,0,0,0,0,21000,0,0,0,21000,0,21000,21000
057872,旺宏元大99購06  ,0,0,0,0,0,0,0,0,0,21000,0,0,0,22000,1000,21000,21000
061191,可成永豐9A購02  ,0,0,0,0,0,0,0,0,0,21000,0,0,0,21000,0,21000,21000
061225,台積電中信9A購04,0,0,0,0,0,0,0,0,0,21000,0,0,0,30000,9000,21000,21000
061279,鴻海統一9C購04  ,0,0,0,0,0,0,0,0,0,21000,0,0,0,23000,2000,21000,21000
062832,嘉澤群益9B購02  ,0,0,0,0,0,0,0,0,0,21000,0,0,0,98000,77000,21000,21000
063227,祥碩群益9B購06  ,0,0,0,0,0,0,0,0,0,21000,0,0,0,22000,1000,21000,21000
063692,華擎永豐9B購02  ,0,0,0,0,0,0,0,0,0,21000,0,0,0,107000,86000,21000,21000
063907,華通凱基9C購03  ,0,0,0,0,0,0,0,0,0,21000,0,0,0,76000,55000,21000,21000
063334,復盛國票9B購01  ,0,0,0,0,0,0,0,0,0,21000,0,0,0,21000,0,21000,21000
064288,瀚宇博元大9C購02,0,0,0,0,0,0,0,0,0,21000,0,0,0,403000,382000,21000,21000
064353,力成元大9C購02  ,0,0,0,0,0,0,0,0,0,21000,0,0,0,168000,147000,21000,21000
064126,聯發科元大9C購05,0,0,0,0,0,0,0,0,0,21000,0,0,0,21000,0,21000,21000
1463,強盛            ,19000,4000,15000,0,0,0,0,0,0,6000,6000,0,6000,0,0,0,21000
1525,江申            ,20000,1000,19000,0,0,0,0,0,0,2000,2000,0,2000,0,0,0,21000
2423,固緯            ,20000,2000,18000,0,0,0,0,0,0,3000,3000,0,3000,0,0,0,21000
2702,華園            ,25000,7000,18000,0,0,0,0,0,0,3000,3000,0,3000,0,0,0,21000
2540,愛山林          ,21000,1000,20000,0,0,0,0,0,0,1000,1000,0,1000,0,0,0,21000
08090P,嘉澤統一9B售01  ,0,0,0,0,0,0,0,0,0,21000,0,0,0,21000,0,21000,21000
08104P,晶技元大9B售06  ,0,0,0,0,0,0,0,0,0,21000,0,0,0,31000,10000,21000,21000
9926,新海            ,21000,0,21000,0,0,0,0,0,0,0,0,0,0,0,0,0,21000
4438,廣越            ,21000,3000,18000,0,0,0,0,0,0,3000,3000,0,3000,0,0,0,21000
5533,皇鼎            ,23000,3000,20000,0,0,0,0,0,0,1000,1000,0,1000,0,0,0,21000
07509P,牧德國票9A售03  ,0,0,0,0,0,0,0,0,0,20000,0,0,0,20000,0,20000,20000
07505P,台勝科元大9A售01,0,0,0,0,0,0,0,0,0,20000,0,0,0,20000,0,20000,20000
07826P,台積電富邦9B售07,0,0,0,0,0,0,0,0,0,20000,0,0,0,20000,0,20000,20000
07856P,力成凱基9A售02  ,0,0,0,0,0,0,0,0,0,20000,0,0,0,20000,0,20000,20000
07225P,台積電元大99售33,0,0,0,0,0,0,0,0,0,20000,0,0,0,20000,0,20000,20000
06907P,華新科國泰99售05,0,0,0,0,0,0,0,0,0,20000,0,0,0,20000,0,20000,20000
07040P,台灣50元大9C售02,0,0,0,0,0,0,0,0,0,20000,0,0,0,20000,0,20000,20000
06581P,南亞科凱基98售04,0,0,0,0,0,0,0,0,0,20000,0,0,0,20000,0,20000,20000
06743P,創意永豐98售03  ,0,0,0,0,0,0,0,0,0,20000,0,0,0,20000,0,20000,20000
06788P,臺股指元大98售05,0,0,0,0,0,0,0,0,0,20000,0,0,0,185000,165000,20000,20000
065371,漢唐元大01購01  ,0,0,0,0,0,0,0,0,0,20000,0,0,0,60000,40000,20000,20000
065050,世芯凱基9C購01  ,0,0,0,0,0,0,0,0,0,20000,0,0,0,20000,0,20000,20000
065006,景碩國票01購01  ,0,0,0,0,0,0,0,0,0,20000,0,0,0,60000,40000,20000,20000
06499P,臺股指元大9A售04,0,0,0,0,0,0,0,0,0,20000,0,0,0,20000,0,20000,20000
00714,群益道瓊美國地產,90000,0,90000,0,0,0,0,0,0,-70000,0,0,0,109000,179000,-70000,20000
053054,禾伸堂國票97購01,0,0,0,0,0,0,0,0,0,20000,0,0,0,20000,0,20000,20000
052767,智伸科群益98購01,0,0,0,0,0,0,0,0,0,20000,0,0,0,20000,0,20000,20000
052807,貿聯元大98購01  ,0,0,0,0,0,0,0,0,0,20000,0,0,0,20000,0,20000,20000
052694,開發金中信98購01,0,0,0,0,0,0,0,0,0,20000,0,0,0,20000,0,20000,20000
055376,群創元大01購01  ,0,0,0,0,0,0,0,0,0,20000,0,0,0,30000,10000,20000,20000
054451,上銀亞東98購01  ,0,0,0,0,0,0,0,0,0,20000,0,0,0,20000,0,20000,20000
054383,傳奇群益97購01  ,0,0,0,0,0,0,0,0,0,20000,0,0,0,20000,0,20000,20000
054171,台郡凱基97購01  ,0,0,0,0,0,0,0,0,0,20000,0,0,0,20000,0,20000,20000
049893,日月光富邦98購01,0,0,0,0,0,0,0,0,0,20000,0,0,0,20000,0,20000,20000
050915,健策中信98購01  ,0,0,0,0,0,0,0,0,0,20000,0,0,0,20000,0,20000,20000
047969,台達電富邦97購01,0,0,0,0,0,0,0,0,0,20000,0,0,0,20000,0,20000,20000
055753,貿聯第一98購01  ,0,0,0,0,0,0,0,0,0,20000,0,0,0,20000,0,20000,20000
055615,宏達電國票99購02,0,0,0,0,0,0,0,0,0,20000,0,0,0,80000,60000,20000,20000
054090,瑞昱群益97購01  ,0,0,0,0,0,0,0,0,0,20000,0,0,0,20000,0,20000,20000
053969,瑞昱元大97購01  ,0,0,0,0,0,0,0,0,0,20000,0,0,0,20000,0,20000,20000
053254,群創國泰98購02  ,0,0,0,0,0,0,0,0,0,20000,0,0,0,20000,0,20000,20000
053484,國巨國票97購03  ,0,0,0,0,0,0,0,0,0,20000,0,0,0,20000,0,20000,20000
056376,玉晶光統一98購01,0,0,0,0,0,0,0,0,0,20000,0,0,0,25000,5000,20000,20000
053582,英業達元大97購01,0,0,0,0,0,0,0,0,0,20000,0,0,0,20000,0,20000,20000
057672,茂林元大98購02  ,0,0,0,0,0,0,0,0,0,20000,0,0,0,88000,68000,20000,20000
057784,台積電國票9B購01,0,0,0,0,0,0,0,0,0,20000,0,0,0,22000,2000,20000,20000
057670,欣興元大99購02  ,0,0,0,0,0,0,0,0,0,20000,0,0,0,28000,8000,20000,20000
057253,高股息中信99購02,0,0,0,0,0,0,0,0,0,20000,0,0,0,20000,0,20000,20000
060890,大立光統一01購01,0,0,0,0,0,0,0,0,0,20000,0,0,0,100000,80000,20000,20000
057550,聯發科凱基02購01,0,0,0,0,0,0,0,0,0,20000,0,0,0,20000,0,20000,20000
060489,世紀鋼群益9A購01,0,0,0,0,0,0,0,0,0,20000,0,0,0,20000,0,20000,20000
057483,微星元大98購04  ,0,0,0,0,0,0,0,0,0,20000,0,0,0,20000,0,20000,20000
057100,國巨中信9A購02  ,0,0,0,0,0,0,0,0,0,20000,0,0,0,20000,0,20000,20000
056109,彩晶永豐98購01  ,0,0,0,0,0,0,0,0,0,20000,0,0,0,20000,0,20000,20000
056157,聯詠凱基97購03  ,0,0,0,0,0,0,0,0,0,20000,0,0,0,20000,0,20000,20000
056171,鴻海元富97購10  ,0,0,0,0,0,0,0,0,0,20000,0,0,0,20000,0,20000,20000
056300,聯發科元大97購23,0,0,0,0,0,0,0,0,0,20000,0,0,0,20000,0,20000,20000
056660,臺股指元大9A購07,0,0,0,0,0,0,0,0,0,20000,0,0,0,20000,0,20000,20000
057796,鴻海兆豐99購03  ,0,0,0,0,0,0,0,0,0,20000,0,0,0,30000,10000,20000,20000
056512,易華電永豐98購01,0,0,0,0,0,0,0,0,0,20000,0,0,0,20000,0,20000,20000
056460,同欣電凱基99購01,0,0,0,0,0,0,0,0,0,20000,0,0,0,132000,112000,20000,20000
057348,台積電統一98購09,0,0,0,0,0,0,0,0,0,20000,0,0,0,20000,0,20000,20000
057379,寶成元大98購02  ,0,0,0,0,0,0,0,0,0,20000,0,0,0,20000,0,20000,20000
055890,鴻海統一99購01  ,0,0,0,0,0,0,0,0,0,20000,0,0,0,20000,0,20000,20000
055956,瑞昱元大97購05  ,0,0,0,0,0,0,0,0,0,20000,0,0,0,20000,0,20000,20000
061282,台積電統一9C購06,0,0,0,0,0,0,0,0,0,20000,0,0,0,20000,0,20000,20000
059706,嘉晶凱基99購01  ,0,0,0,0,0,0,0,0,0,20000,0,0,0,20000,0,20000,20000
058868,元油2X國票99購06,0,0,0,0,0,0,0,0,0,20000,0,0,0,20000,0,20000,20000
060065,大立光兆豐9B購01,0,0,0,0,0,0,0,0,0,20000,0,0,0,30000,10000,20000,20000
05959P,聯發科國票98售01,0,0,0,0,0,0,0,0,0,20000,0,0,0,20000,0,20000,20000
058742,鴻海康和99購01  ,0,0,0,0,0,0,0,0,0,20000,0,0,0,22000,2000,20000,20000
060896,晶技凱基9A購02  ,0,0,0,0,0,0,0,0,0,20000,0,0,0,130000,110000,20000,20000
057846,神達永豐98購01  ,0,0,0,0,0,0,0,0,0,20000,0,0,0,20000,0,20000,20000
057881,SP黃豆群益9A購01,0,0,0,0,0,0,0,0,0,20000,0,0,0,20000,0,20000,20000
058203,信邦凱基99購01  ,0,0,0,0,0,0,0,0,0,20000,0,0,0,55000,35000,20000,20000
06107P,美律群益98售02  ,0,0,0,0,0,0,0,0,0,20000,0,0,0,20000,0,20000,20000
061095,台積電台新9B購03,0,0,0,0,0,0,0,0,0,20000,0,0,0,103000,83000,20000,20000
060976,SP黃豆元大9A購03,0,0,0,0,0,0,0,0,0,20000,0,0,0,20000,0,20000,20000
058557,健策第一01購01  ,0,0,0,0,0,0,0,0,0,20000,0,0,0,20000,0,20000,20000
059524,FBVIX凱基9A購02 ,0,0,0,0,0,0,0,0,0,20000,0,0,0,28000,8000,20000,20000
060961,台光電凱基9A購03,0,0,0,0,0,0,0,0,0,20000,0,0,0,20000,0,20000,20000
059319,台光電元大99購04,0,0,0,0,0,0,0,0,0,20000,0,0,0,20000,0,20000,20000
059450,和大永豐99購01  ,0,0,0,0,0,0,0,0,0,20000,0,0,0,60000,40000,20000,20000
059020,元油2X統一9B購02,0,0,0,0,0,0,0,0,0,20000,0,0,0,30000,10000,20000,20000
059036,可成群益9B購03  ,0,0,0,0,0,0,0,0,0,20000,0,0,0,20000,0,20000,20000
059882,臺股指凱基9C購06,0,0,0,0,0,0,0,0,0,20000,0,0,0,33000,13000,20000,20000
059825,嘉晶凱基99購02  ,0,0,0,0,0,0,0,0,0,20000,0,0,0,20000,0,20000,20000
061765,義隆元大9B購01  ,0,0,0,0,0,0,0,0,0,20000,0,0,0,22000,2000,20000,20000
06181P,國巨中信97售02  ,0,0,0,0,0,0,0,0,0,20000,0,0,0,20000,0,20000,20000
061850,國巨國票9C購02  ,0,0,0,0,0,0,0,0,0,20000,0,0,0,21000,1000,20000,20000
061674,聯發科元大9A購12,0,0,0,0,0,0,0,0,0,20000,0,0,0,20000,0,20000,20000
061415,健策群益9A購04  ,0,0,0,0,0,0,0,0,0,20000,0,0,0,78000,58000,20000,20000
061620,禾伸堂群益9A購02,0,0,0,0,0,0,0,0,0,20000,0,0,0,20000,0,20000,20000
061531,奇鋐台新9A購01  ,0,0,0,0,0,0,0,0,0,20000,0,0,0,94000,74000,20000,20000
061474,瑞昱元大9A購04  ,0,0,0,0,0,0,0,0,0,20000,0,0,0,30000,10000,20000,20000
060169,群電永豐9A購01  ,0,0,0,0,0,0,0,0,0,20000,0,0,0,40000,20000,20000,20000
060222,貿聯凱基9A購02  ,0,0,0,0,0,0,0,0,0,20000,0,0,0,20000,0,20000,20000
058231,技嘉元大99購02  ,0,0,0,0,0,0,0,0,0,20000,0,0,0,20000,0,20000,20000
060336,南電康和9A購01  ,0,0,0,0,0,0,0,0,0,20000,0,0,0,26000,6000,20000,20000
060259,潤泰全凱基9C購01,0,0,0,0,0,0,0,0,0,20000,0,0,0,222000,202000,20000,20000
064125,聯發科元大02購01,0,0,0,0,0,0,0,0,0,20000,0,0,0,20000,0,20000,20000
064146,瑞昱統一01購03  ,0,0,0,0,0,0,0,0,0,20000,0,0,0,103000,83000,20000,20000
063962,台達電國票01購01,0,0,0,0,0,0,0,0,0,20000,0,0,0,26000,6000,20000,20000
064246,南六統一9C購02  ,0,0,0,0,0,0,0,0,0,20000,0,0,0,20000,0,20000,20000
064373,和大元富03購01  ,0,0,0,0,0,0,0,0,0,20000,0,0,0,20000,0,20000,20000
063580,立積國泰9C購01  ,0,0,0,0,0,0,0,0,0,20000,0,0,0,20000,0,20000,20000
063793,和大凱基9C購01  ,0,0,0,0,0,0,0,0,0,20000,0,0,0,20000,0,20000,20000
062954,世芯永豐9B購03  ,0,0,0,0,0,0,0,0,0,20000,0,0,0,20000,0,20000,20000
063036,聯發科凱基9B購11,0,0,0,0,0,0,0,0,0,20000,0,0,0,20000,0,20000,20000
063037,聯發科凱基9C購02,0,0,0,0,0,0,0,0,0,20000,0,0,0,20000,0,20000,20000
062758,國巨凱基9B購09  ,0,0,0,0,0,0,0,0,0,20000,0,0,0,22000,2000,20000,20000
062913,創意元大9B購02  ,0,0,0,0,0,0,0,0,0,20000,0,0,0,20000,0,20000,20000
062853,大毅永豐9B購03  ,0,0,0,0,0,0,0,0,0,20000,0,0,0,20000,0,20000,20000
06262P,國巨凱基97售07  ,0,0,0,0,0,0,0,0,0,20000,0,0,0,20000,0,20000,20000
062007,台光電國泰9C購01,0,0,0,0,0,0,0,0,0,20000,0,0,0,20000,0,20000,20000
062160,南六凱基9B購01  ,0,0,0,0,0,0,0,0,0,20000,0,0,0,22000,2000,20000,20000
062084,台郡元大9B購04  ,0,0,0,0,0,0,0,0,0,20000,0,0,0,31000,11000,20000,20000
062079,聯發科元大9B購06,0,0,0,0,0,0,0,0,0,20000,0,0,0,55000,35000,20000,20000
062058,瑞昱統一01購01  ,0,0,0,0,0,0,0,0,0,20000,0,0,0,111000,91000,20000,20000
062551,緯穎永豐9B購02  ,0,0,0,0,0,0,0,0,0,20000,0,0,0,20000,0,20000,20000
062466,FBVIX凱基9B購01 ,0,0,0,0,0,0,0,0,0,20000,0,0,0,218000,198000,20000,20000
062321,力成台新9B購01  ,0,0,0,0,0,0,0,0,0,20000,0,0,0,20000,0,20000,20000
6164,華興            ,22000,9000,13000,0,0,0,0,0,0,7000,7000,0,7000,0,0,0,20000
6184,大豐電          ,29000,9000,20000,0,0,0,0,0,0,0,0,0,0,0,0,0,20000
911868,同方友友-DR     ,20000,0,20000,0,0,0,0,0,0,0,0,0,0,0,0,0,20000
08011P,玉晶光元大9B售05,0,0,0,0,0,0,0,0,0,20000,0,0,0,40000,20000,20000,20000
08131P,立積元大9B售02  ,0,0,0,0,0,0,0,0,0,20000,0,0,0,20000,0,20000,20000
08199P,大毅元大9B售02  ,0,0,0,0,0,0,0,0,0,20000,0,0,0,20000,0,20000,20000
08237P,台積電富邦03售01,0,0,0,0,0,0,0,0,0,20000,0,0,0,25000,5000,20000,20000
08639P,聯發科永豐9C售03,0,0,0,0,0,0,0,0,0,20000,0,0,0,20000,0,20000,20000
08444P,臺股指麥證9C售02,0,0,0,20000,0,20000,0,0,0,20000,0,0,0,20000,0,20000,20000
08560P,茂林國票01售01  ,0,0,0,0,0,0,0,0,0,20000,0,0,0,20000,0,20000,20000
2630,亞航            ,16000,0,16000,0,0,0,0,0,0,4000,4000,0,4000,0,0,0,20000
3617,碩天            ,41000,3000,38000,0,0,0,0,15000,-15000,-3000,1000,4000,-3000,0,0,0,20000
3622,洋華            ,37000,17000,20000,0,0,0,0,0,0,0,0,0,0,0,0,0,20000
3550,聯穎            ,13000,0,13000,0,0,0,0,0,0,7000,7000,0,7000,0,0,0,20000
3346,麗清            ,39000,23000,16000,0,0,0,0,0,0,4000,4000,0,4000,0,0,0,20000
065035,世芯統一01購03  ,0,0,0,0,0,0,0,0,0,19000,0,0,0,38000,19000,19000,19000
064572,同欣電群益9C購02,0,0,0,0,0,0,0,0,0,19000,0,0,0,99000,80000,19000,19000
065242,巨大凱基01購02  ,0,0,0,0,0,0,0,0,0,19000,0,0,0,20000,1000,19000,19000
065711,矽格群益9C購02  ,0,0,0,0,0,0,0,0,0,19000,0,0,0,177000,158000,19000,19000
06879P,長榮航凱基98售02,0,0,0,0,0,0,0,0,0,19000,0,0,0,59000,40000,19000,19000
06626P,大立光統一9A售01,0,0,0,0,0,0,0,0,0,19000,0,0,0,20000,1000,19000,19000
056492,全新國泰9A購01  ,0,0,0,0,0,0,0,0,0,19000,0,0,0,29000,10000,19000,19000
057790,台積電統一99購04,0,0,0,0,0,0,0,0,0,19000,0,0,0,19000,0,19000,19000
057558,致新凱基98購01  ,0,0,0,0,0,0,0,0,0,19000,0,0,0,29000,10000,19000,19000
056243,創意群益97購03  ,0,0,0,0,0,0,0,0,0,19000,0,0,0,19000,0,19000,19000
056126,台郡國票98購02  ,0,0,0,0,0,0,0,0,0,19000,0,0,0,46000,27000,19000,19000
057088,上銀元富98購01  ,0,0,0,0,0,0,0,0,0,19000,0,0,0,39000,20000,19000,19000
056905,欣興元大98購03  ,0,0,0,0,0,0,0,0,0,19000,0,0,0,44000,25000,19000,19000
056962,技嘉永豐98購01  ,0,0,0,0,0,0,0,0,0,19000,0,0,0,119000,100000,19000,19000
060596,元黃金凱基9A購02,0,0,0,0,0,0,0,0,0,19000,0,0,0,19000,0,19000,19000
056390,台積電富邦9B購01,0,0,0,0,0,0,0,0,0,19000,0,0,0,26000,7000,19000,19000
054463,瑞昱凱基97購01  ,0,0,0,0,0,0,0,0,0,19000,0,0,0,34000,15000,19000,19000
047676,臺股指元富99購01,0,0,0,0,0,0,0,0,0,19000,0,0,0,19000,0,19000,19000
04514P,元石油中信97售01,0,0,0,0,0,0,0,0,0,19000,0,0,0,19000,0,19000,19000
054387,台積電統一98購02,0,0,0,0,0,0,0,0,0,19000,0,0,0,19000,0,19000,19000
045444,群創元富98購02  ,0,0,0,0,0,0,0,0,0,19000,0,0,0,19000,0,19000,19000
058938,台積電中信01購03,0,0,0,0,0,0,0,0,0,19000,0,0,0,39000,20000,19000,19000
058401,華航元大9A購01  ,0,0,0,0,0,0,0,0,0,19000,0,0,0,170000,151000,19000,19000
058172,國巨凱基9B購02  ,0,0,0,0,0,0,0,0,0,19000,0,0,0,19000,0,19000,19000
058035,旭富永豐98購02  ,0,0,0,0,0,0,0,0,0,19000,0,0,0,30000,11000,19000,19000
059626,台積電凱基01購01,0,0,0,0,0,0,0,0,0,19000,0,0,0,20000,1000,19000,19000
058834,GIS永豐99購01   ,0,0,0,0,0,0,0,0,0,19000,0,0,0,144000,125000,19000,19000
061254,道瓊反凱基9A購02,0,0,0,0,0,0,0,0,0,19000,0,0,0,20000,1000,19000,19000
062396,華通永豐9B購01  ,0,0,0,0,0,0,0,0,0,19000,0,0,0,137000,118000,19000,19000
062196,聯發科中信01購02,0,0,0,0,0,0,0,0,0,19000,0,0,0,19000,0,19000,19000
061932,上銀國票9B購01  ,0,0,0,0,0,0,0,0,0,19000,0,0,0,41000,22000,19000,19000
062732,南六凱基9B購03  ,0,0,0,0,0,0,0,0,0,19000,0,0,0,30000,11000,19000,19000
062719,微星凱基9B購01  ,0,0,0,0,0,0,0,0,0,19000,0,0,0,48000,29000,19000,19000
062749,元金2X中信9B購01,0,0,0,0,0,0,0,0,0,19000,0,0,0,20000,1000,19000,19000
062877,可成兆豐9C購01  ,0,0,0,0,0,0,0,0,0,19000,0,0,0,88000,69000,19000,19000
063075,祥碩永豐9B購04  ,0,0,0,0,0,0,0,0,0,19000,0,0,0,92000,73000,19000,19000
063130,聯茂元大9B購02  ,0,0,0,0,0,0,0,0,0,19000,0,0,0,64000,45000,19000,19000
063758,聯發科統一9B購14,0,0,0,0,0,0,0,0,0,19000,0,0,0,19000,0,19000,19000
063910,漢唐凱基9C購01  ,0,0,0,0,0,0,0,0,0,19000,0,0,0,29000,10000,19000,19000
064046,聯發科統一9C購12,0,0,0,0,0,0,0,0,0,19000,0,0,0,19000,0,19000,19000
064106,國巨兆豐9C購04  ,0,0,0,0,0,0,0,0,0,19000,0,0,0,34000,15000,19000,19000
3002,歐格            ,30000,13000,17000,0,0,0,0,0,0,2000,2000,0,2000,0,0,0,19000
3593,力銘            ,23000,4000,19000,0,0,0,0,0,0,0,0,0,0,0,0,0,19000
2910,統領            ,18000,0,18000,0,0,0,0,0,0,1000,1000,0,1000,0,0,0,19000
08548P,台勝科凱基9C售03,0,0,0,0,0,0,0,0,0,19000,0,0,0,19000,0,19000,19000
1220,台榮            ,19000,0,19000,0,0,0,0,0,0,0,0,0,0,0,0,0,19000
08330P,聯發科統一9C售13,0,0,0,0,0,0,0,0,0,19000,0,0,0,20000,1000,19000,19000
08171P,嘉澤國票9C售01  ,0,0,0,0,0,0,0,0,0,19000,0,0,0,19000,0,19000,19000
8114,振樺電          ,19000,5000,14000,0,0,0,0,0,0,5000,5000,0,5000,0,0,0,19000
8478,東哥遊艇        ,16000,3000,13000,0,0,0,0,0,0,6000,6000,0,6000,0,0,0,19000
6464,台數科          ,17000,1000,16000,0,0,0,0,0,0,3000,3000,0,3000,0,0,0,19000
6409,旭隼            ,78000,61000,17000,0,0,0,0,0,0,2000,2000,0,2000,0,0,0,19000
065909,大立光永豐9C購02,0,0,0,0,0,0,0,0,0,18000,0,0,0,59000,41000,18000,18000
065594,華通元大01購02  ,0,0,0,0,0,0,0,0,0,18000,0,0,0,37000,19000,18000,18000
064893,金像電群益01購02,0,0,0,0,0,0,0,0,0,18000,0,0,0,176000,158000,18000,18000
00688L,國泰20年美債正2 ,0,0,0,0,0,0,0,0,0,18000,0,0,0,130000,112000,18000,18000
00766L,台新MSCI中國正2 ,0,0,0,0,0,0,0,0,0,18000,0,0,0,330000,312000,18000,18000
054128,台積電元大97購10,0,0,0,0,0,0,0,0,0,18000,0,0,0,18000,0,18000,18000
055380,智易元大98購02  ,0,0,0,0,0,0,0,0,0,18000,0,0,0,43000,25000,18000,18000
055382,台郡元大99購01  ,0,0,0,0,0,0,0,0,0,18000,0,0,0,24000,6000,18000,18000
055311,健策群益98購02  ,0,0,0,0,0,0,0,0,0,18000,0,0,0,19000,1000,18000,18000
051570,和碩富邦97購01  ,0,0,0,0,0,0,0,0,0,18000,0,0,0,18000,0,18000,18000
055215,智邦凱基98購02  ,0,0,0,0,0,0,0,0,0,18000,0,0,0,18000,0,18000,18000
054539,欣興國票98購01  ,0,0,0,0,0,0,0,0,0,18000,0,0,0,46000,28000,18000,18000
053866,景碩元大97購02  ,0,0,0,0,0,0,0,0,0,18000,0,0,0,18000,0,18000,18000
057532,智原元大98購03  ,0,0,0,0,0,0,0,0,0,18000,0,0,0,32000,14000,18000,18000
056894,佳世達元大99購01,0,0,0,0,0,0,0,0,0,18000,0,0,0,28000,10000,18000,18000
057082,玉晶光統一9A購04,0,0,0,0,0,0,0,0,0,18000,0,0,0,18000,0,18000,18000
056592,台積電元富98購01,0,0,0,0,0,0,0,0,0,18000,0,0,0,49000,31000,18000,18000
056567,瀚宇博群益98購02,0,0,0,0,0,0,0,0,0,18000,0,0,0,18000,0,18000,18000
058246,帆宣元大99購01  ,0,0,0,0,0,0,0,0,0,18000,0,0,0,91000,73000,18000,18000
061604,台光電凱基9B購01,0,0,0,0,0,0,0,0,0,18000,0,0,0,82000,64000,18000,18000
061026,南電富邦9B購01  ,0,0,0,0,0,0,0,0,0,18000,0,0,0,46000,28000,18000,18000
064396,創意永豐9C購01  ,0,0,0,0,0,0,0,0,0,18000,0,0,0,98000,80000,18000,18000
063691,聯鈞永豐9B購01  ,0,0,0,0,0,0,0,0,0,18000,0,0,0,66000,48000,18000,18000
063459,華通元大9B購08  ,0,0,0,0,0,0,0,0,0,18000,0,0,0,40000,22000,18000,18000
063307,同欣電凱基9B購02,0,0,0,0,0,0,0,0,0,18000,0,0,0,68000,50000,18000,18000
063385,可成中信9C購01  ,0,0,0,0,0,0,0,0,0,18000,0,0,0,32000,14000,18000,18000
063240,聯發科元大9B購17,0,0,0,0,0,0,0,0,0,18000,0,0,0,78000,60000,18000,18000
063253,巨大元大9B購03  ,0,0,0,0,0,0,0,0,0,18000,0,0,0,18000,0,18000,18000
062863,聯茂國票9B購01  ,0,0,0,0,0,0,0,0,0,18000,0,0,0,84000,66000,18000,18000
061881,緯穎元大9B購02  ,0,0,0,0,0,0,0,0,0,18000,0,0,0,20000,2000,18000,18000
062035,瑞祺群益9B購01  ,0,0,0,0,0,0,0,0,0,18000,0,0,0,18000,0,18000,18000
062480,茂林國票9B購01  ,0,0,0,0,0,0,0,0,0,18000,0,0,0,38000,20000,18000,18000
6281,全國電          ,16000,3000,13000,0,0,0,0,0,0,5000,5000,0,5000,0,0,0,18000
9929,秋雨            ,19000,2000,17000,0,0,0,0,0,0,1000,1000,0,1000,0,0,0,18000
6196,帆宣            ,646000,562000,84000,0,0,0,0,0,0,-66000,6000,105000,-99000,62000,29000,33000,18000
4989,榮科            ,36000,20000,16000,0,0,0,0,0,0,2000,2000,0,2000,0,0,0,18000
08054P,臺股指國票9B售19,0,0,0,0,0,0,0,0,0,18000,0,0,0,70000,52000,18000,18000
08238P,嘉晶永豐9B售03  ,0,0,0,0,0,0,0,0,0,18000,0,0,0,40000,22000,18000,18000
08244P,同欣電凱基9C售03,0,0,0,0,0,0,0,0,0,18000,0,0,0,51000,33000,18000,18000
08301P,台積電兆豐9C售02,0,0,0,0,0,0,0,0,0,18000,0,0,0,23000,5000,18000,18000
1446,宏和            ,23000,5000,18000,0,0,0,0,0,0,0,0,0,0,0,0,0,18000
08658P,聯發科統一9C售19,0,0,0,0,0,0,0,0,0,18000,0,0,0,20000,2000,18000,18000
08592P,聯發科凱基01售06,0,0,0,0,0,0,0,0,0,18000,0,0,0,40000,22000,18000,18000
08438P,鴻海國票01售02  ,0,0,0,0,0,0,0,0,0,18000,0,0,0,18000,0,18000,18000
08425P,世紀鋼元富9C售03,0,0,0,0,0,0,0,0,0,18000,0,0,0,18000,0,18000,18000
08406P,緯穎元大9C售01  ,0,0,0,0,0,0,0,0,0,18000,0,0,0,20000,2000,18000,18000
3701,大眾控          ,19000,1000,18000,0,0,0,0,0,0,0,0,0,0,0,0,0,18000
065725,技嘉凱基9C購03  ,0,0,0,0,0,0,0,0,0,17000,0,0,0,36000,19000,17000,17000
06609P,元油2X凱基9B售06,0,0,0,0,0,0,0,0,0,17000,0,0,0,17000,0,17000,17000
06807P,臺股指群益98售13,0,0,0,0,0,0,0,0,0,17000,0,0,0,17000,0,17000,17000
06726P,欣興元富98售04  ,0,0,0,0,0,0,0,0,0,17000,0,0,0,19000,2000,17000,17000
07057P,大立光康和9B售02,0,0,0,0,0,0,0,0,0,17000,0,0,0,20000,3000,17000,17000
07211P,南亞科凱基99售05,0,0,0,0,0,0,0,0,0,17000,0,0,0,24000,7000,17000,17000
057624,新日興國泰99購01,0,0,0,0,0,0,0,0,0,17000,0,0,0,40000,23000,17000,17000
057398,台郡中信99購01  ,0,0,0,0,0,0,0,0,0,17000,0,0,0,17000,0,17000,17000
055114,新日興凱基98購01,0,0,0,0,0,0,0,0,0,17000,0,0,0,47000,30000,17000,17000
053449,超眾凱基98購01  ,0,0,0,0,0,0,0,0,0,17000,0,0,0,39000,22000,17000,17000
055249,大毅統一99購01  ,0,0,0,0,0,0,0,0,0,17000,0,0,0,17000,0,17000,17000
047548,友達凱基99購03  ,0,0,0,0,0,0,0,0,0,17000,0,0,0,30000,13000,17000,17000
055294,智易元大98購01  ,0,0,0,0,0,0,0,0,0,17000,0,0,0,17000,0,17000,17000
060093,友達元大03購01  ,0,0,0,0,0,0,0,0,0,17000,0,0,0,101000,84000,17000,17000
059513,揚明光永豐99購01,0,0,0,0,0,0,0,0,0,17000,0,0,0,17000,0,17000,17000
059172,台郡凱基99購03  ,0,0,0,0,0,0,0,0,0,17000,0,0,0,96000,79000,17000,17000
061453,台達電凱基9B購01,0,0,0,0,0,0,0,0,0,17000,0,0,0,20000,3000,17000,17000
061540,台積電群益9A購07,0,0,0,0,0,0,0,0,0,17000,0,0,0,17000,0,17000,17000
059728,聯鈞元大99購01  ,0,0,0,0,0,0,0,0,0,17000,0,0,0,38000,21000,17000,17000
060060,台積電兆豐99購05,0,0,0,0,0,0,0,0,0,17000,0,0,0,34000,17000,17000,17000
062262,茂林元大9B購02  ,0,0,0,0,0,0,0,0,0,17000,0,0,0,105000,88000,17000,17000
062639,臻鼎國票9C購01  ,0,0,0,0,0,0,0,0,0,17000,0,0,0,37000,20000,17000,17000
06447P,上銀元大98售01  ,0,0,0,0,0,0,0,0,0,17000,0,0,0,17000,0,17000,17000
064263,貿聯永豐9C購01  ,0,0,0,0,0,0,0,0,0,17000,0,0,0,55000,38000,17000,17000
064101,可成群益01購01  ,0,0,0,0,0,0,0,0,0,17000,0,0,0,34000,17000,17000,17000
3305,昇貿            ,18000,2000,16000,0,0,0,0,0,0,1000,1000,0,1000,0,0,0,17000
1587,吉茂            ,33000,16000,17000,0,0,0,0,0,0,0,0,0,0,0,0,0,17000
1530,亞崴            ,17000,2000,15000,0,0,0,0,0,0,2000,2000,0,2000,0,0,0,17000
2008,高興昌          ,17000,1000,16000,0,0,0,0,0,0,1000,1000,0,1000,0,0,0,17000
2002A,中鋼特          ,0,0,0,0,0,0,0,0,0,17000,17000,0,17000,0,0,0,17000
1324,地球            ,12000,0,12000,0,0,0,0,0,0,5000,5000,0,5000,0,0,0,17000
08051P,臺股指國票9B售16,0,0,0,0,0,0,0,0,0,17000,0,0,0,17000,0,17000,17000
08170P,緯穎群益9B售03  ,0,0,0,0,0,0,0,0,0,17000,0,0,0,17000,0,17000,17000
8480,泰昇-KY         ,40000,23000,17000,0,0,0,0,0,0,0,0,0,0,0,0,0,17000
07452P,國巨元大9A售05  ,0,0,0,0,0,0,0,0,0,16000,0,0,0,16000,0,16000,16000
07013P,玉晶光群益9A售06,0,0,0,0,0,0,0,0,0,16000,0,0,0,136000,120000,16000,16000
06627P,華新科元富99售01,0,0,0,0,0,0,0,0,0,16000,0,0,0,26000,10000,16000,16000
064921,景碩統一02購01  ,0,0,0,0,0,0,0,0,0,16000,0,0,0,29000,13000,16000,16000
064951,聯發科凱基01購04,0,0,0,0,0,0,0,0,0,16000,0,0,0,18000,2000,16000,16000
065066,南電群益9C購02  ,0,0,0,0,0,0,0,0,0,16000,0,0,0,19000,3000,16000,16000
050797,聯發科中信99購01,0,0,0,0,0,0,0,0,0,16000,0,0,0,16000,0,16000,16000
050142,聯發科元富9A購01,0,0,0,0,0,0,0,0,0,16000,0,0,0,16000,0,16000,16000
049700,瀚宇博元大97購01,0,0,0,0,0,0,0,0,0,16000,0,0,0,21000,5000,16000,16000
053413,台積電國票99購01,0,0,0,0,0,0,0,0,0,16000,0,0,0,16000,0,16000,16000
053339,友達國票97購02  ,0,0,0,0,0,0,0,0,0,16000,0,0,0,16000,0,16000,16000
056419,欣興元富98購02  ,0,0,0,0,0,0,0,0,0,16000,0,0,0,16000,0,16000,16000
053781,友達元大9B購03  ,0,0,0,0,0,0,0,0,0,16000,0,0,0,16000,0,16000,16000
057540,緯穎日盛99購01  ,0,0,0,0,0,0,0,0,0,16000,0,0,0,16000,0,16000,16000
060843,大立光國票9A購06,0,0,0,0,0,0,0,0,0,16000,0,0,0,25000,9000,16000,16000
059640,聯詠凱基99購04  ,0,0,0,0,0,0,0,0,0,16000,0,0,0,16000,0,16000,16000
061175,台積電凱基9A購19,0,0,0,0,0,0,0,0,0,16000,0,0,0,16000,0,16000,16000
057862,智邦凱基99購01  ,0,0,0,0,0,0,0,0,0,16000,0,0,0,26000,10000,16000,16000
061378,南六永豐9A購03  ,0,0,0,0,0,0,0,0,0,16000,0,0,0,49000,33000,16000,16000
058264,瑞昱永豐99購01  ,0,0,0,0,0,0,0,0,0,16000,0,0,0,16000,0,16000,16000
060277,道瓊反元大9A購02,0,0,0,0,0,0,0,0,0,16000,0,0,0,16000,0,16000,16000
060245,聯陽元大9C購01  ,0,0,0,0,0,0,0,0,0,16000,0,0,0,16000,0,16000,16000
058990,GIS凱基99購02   ,0,0,0,0,0,0,0,0,0,16000,0,0,0,16000,0,16000,16000
05954P,旺宏國票97售03  ,0,0,0,0,0,0,0,0,0,16000,0,0,0,16000,0,16000,16000
059060,大立光凱基9A購03,0,0,0,0,0,0,0,0,0,16000,0,0,0,21000,5000,16000,16000
060963,禾伸堂凱基9A購01,0,0,0,0,0,0,0,0,0,16000,0,0,0,51000,35000,16000,16000
064133,力成元大9C購01  ,0,0,0,0,0,0,0,0,0,16000,0,0,0,87000,71000,16000,16000
06405P,億光元富97售02  ,0,0,0,0,0,0,0,0,0,16000,0,0,0,26000,10000,16000,16000
064402,宏碁凱基01購01  ,0,0,0,0,0,0,0,0,0,16000,0,0,0,76000,60000,16000,16000
063908,國巨凱基9C購06  ,0,0,0,0,0,0,0,0,0,16000,0,0,0,38000,22000,16000,16000
062768,南電凱基9B購04  ,0,0,0,0,0,0,0,0,0,16000,0,0,0,26000,10000,16000,16000
062806,世芯統一02購01  ,0,0,0,0,0,0,0,0,0,16000,0,0,0,16000,0,16000,16000
063152,健策元富9C購01  ,0,0,0,0,0,0,0,0,0,16000,0,0,0,16000,0,16000,16000
063053,聯發科統一01購04,0,0,0,0,0,0,0,0,0,16000,0,0,0,199000,183000,16000,16000
062992,聯發科群益9B購09,0,0,0,0,0,0,0,0,0,16000,0,0,0,19000,3000,16000,16000
062556,瑞昱凱基9B購02  ,0,0,0,0,0,0,0,0,0,16000,0,0,0,16000,0,16000,16000
062041,華擎凱基9C購01  ,0,0,0,0,0,0,0,0,0,16000,0,0,0,16000,0,16000,16000
062088,緯穎元大9B購04  ,0,0,0,0,0,0,0,0,0,16000,0,0,0,195000,179000,16000,16000
6477,安集            ,93000,85000,8000,0,0,0,0,0,0,8000,8000,0,8000,0,0,0,16000
8072,陞泰            ,22000,7000,15000,0,0,0,0,0,0,1000,1000,0,1000,0,0,0,16000
4571,鈞興-KY         ,20000,4000,16000,0,0,0,0,0,0,0,0,0,0,0,0,0,16000
5484,慧友            ,17000,1000,16000,0,0,0,0,0,0,0,0,0,0,0,0,0,16000
08110P,臺股指中信01售05,0,0,0,0,0,0,0,0,0,16000,0,0,0,410000,394000,16000,16000
1441,大東            ,13000,4000,9000,0,0,0,0,0,0,7000,7000,0,7000,0,0,0,16000
08542P,台勝科國票02售01,0,0,0,0,0,0,0,0,0,16000,0,0,0,26000,10000,16000,16000
08513P,聯發科凱基9C售08,0,0,0,0,0,0,0,0,0,16000,0,0,0,20000,4000,16000,16000
1583,程泰            ,16000,0,16000,0,0,0,0,0,0,0,0,0,0,0,0,0,16000
3041,揚智            ,1789000,2239000,-450000,0,0,0,0,0,0,466000,466000,0,466000,0,0,0,16000
065103,南六元大9C購06  ,0,0,0,0,0,0,0,0,0,15000,0,0,0,158000,143000,15000,15000
064970,東元元大9C購01  ,0,0,0,0,0,0,0,0,0,15000,0,0,0,15000,0,15000,15000
064963,T50反1元大9C購09,0,0,0,0,0,0,0,0,0,15000,0,0,0,65000,50000,15000,15000
064603,和碩元富9C購01  ,0,0,0,0,0,0,0,0,0,15000,0,0,0,196000,181000,15000,15000
064686,鴻海群益01購03  ,0,0,0,0,0,0,0,0,0,15000,0,0,0,66000,51000,15000,15000
064717,台積電統一01購08,0,0,0,0,0,0,0,0,0,15000,0,0,0,15000,0,15000,15000
065636,台表科國票01購03,0,0,0,0,0,0,0,0,0,15000,0,0,0,45000,30000,15000,15000
065651,中磊元大9C購01  ,0,0,0,0,0,0,0,0,0,15000,0,0,0,999000,984000,15000,15000
065510,鴻海群益01購04  ,0,0,0,0,0,0,0,0,0,15000,0,0,0,55000,40000,15000,15000
06793P,臺股指凱基98售03,0,0,0,0,0,0,0,0,0,15000,0,0,0,15000,0,15000,15000
06935P,神達元大98售02  ,0,0,0,0,0,0,0,0,0,15000,0,0,0,15000,0,15000,15000
060849,力成國票9A購01  ,0,0,0,0,0,0,0,0,0,15000,0,0,0,25000,10000,15000,15000
057024,義隆凱基99購01  ,0,0,0,0,0,0,0,0,0,15000,0,0,0,25000,10000,15000,15000
05710P,禾伸堂國票97售02,0,0,0,0,0,0,0,0,0,15000,0,0,0,15000,0,15000,15000
056680,華通統一98購04  ,0,0,0,0,0,0,0,0,0,15000,0,0,0,15000,0,15000,15000
056315,同欣電元大97購05,0,0,0,0,0,0,0,0,0,15000,0,0,0,15000,0,15000,15000
056299,友達元大9B購04  ,0,0,0,0,0,0,0,0,0,15000,0,0,0,15000,0,15000,15000
057614,華新科元富99購04,0,0,0,0,0,0,0,0,0,15000,0,0,0,15000,0,15000,15000
057616,聯電凱基99購01  ,0,0,0,0,0,0,0,0,0,15000,0,0,0,137000,122000,15000,15000
056437,台積電凱基98購11,0,0,0,0,0,0,0,0,0,15000,0,0,0,15000,0,15000,15000
056462,訊芯凱基98購03  ,0,0,0,0,0,0,0,0,0,15000,0,0,0,15000,0,15000,15000
055980,祥碩統一98購01  ,0,0,0,0,0,0,0,0,0,15000,0,0,0,15000,0,15000,15000
056033,T50正2凱基99購02,0,0,0,0,0,0,0,0,0,15000,0,0,0,15000,0,15000,15000
054733,鴻海凱基98購04  ,0,0,0,0,0,0,0,0,0,15000,0,0,0,514000,499000,15000,15000
056409,麗豐國票99購01  ,0,0,0,0,0,0,0,0,0,15000,0,0,0,15000,0,15000,15000
056387,智伸科國泰99購01,0,0,0,0,0,0,0,0,0,15000,0,0,0,40000,25000,15000,15000
053377,台積電元大98購01,0,0,0,0,0,0,0,0,0,15000,0,0,0,15000,0,15000,15000
055360,台表科凱基97購02,0,0,0,0,0,0,0,0,0,15000,0,0,0,15000,0,15000,15000
03012X,元展12          ,0,0,0,0,0,0,0,0,0,15000,0,0,0,15000,0,15000,15000
061041,南電永豐9A購03  ,0,0,0,0,0,0,0,0,0,15000,0,0,0,16000,1000,15000,15000
059923,緯穎元大99購09  ,0,0,0,0,0,0,0,0,0,15000,0,0,0,15000,0,15000,15000
059924,世紀鋼元大99購06,0,0,0,0,0,0,0,0,0,15000,0,0,0,63000,48000,15000,15000
059831,聯詠康和99購01  ,0,0,0,0,0,0,0,0,0,15000,0,0,0,15000,0,15000,15000
060305,得力永豐9A購01  ,0,0,0,0,0,0,0,0,0,15000,0,0,0,95000,80000,15000,15000
060330,台灣50麥證9A購03,0,0,0,15000,0,15000,0,0,0,15000,0,0,0,15000,0,15000,15000
058259,訊連國泰9B購01  ,0,0,0,0,0,0,0,0,0,15000,0,0,0,15000,0,15000,15000
058298,聯茂凱基99購05  ,0,0,0,0,0,0,0,0,0,15000,0,0,0,48000,33000,15000,15000
061611,南六統一01購01  ,0,0,0,0,0,0,0,0,0,15000,0,0,0,17000,2000,15000,15000
061407,鴻海國票9A購07  ,0,0,0,0,0,0,0,0,0,15000,0,0,0,15000,0,15000,15000
061555,聯電國票9B購01  ,0,0,0,0,0,0,0,0,0,15000,0,0,0,35000,20000,15000,15000
061751,華通台新9B購01  ,0,0,0,0,0,0,0,0,0,15000,0,0,0,15000,0,15000,15000
061062,和大凱基9A購02  ,0,0,0,0,0,0,0,0,0,15000,0,0,0,15000,0,15000,15000
057909,台光電兆豐98購01,0,0,0,0,0,0,0,0,0,15000,0,0,0,15000,0,15000,15000
058404,貿聯元大99購02  ,0,0,0,0,0,0,0,0,0,15000,0,0,0,15000,0,15000,15000
058948,道瓊銀群益9C購01,0,0,0,0,0,0,0,0,0,15000,0,0,0,15000,0,15000,15000
058675,康控群益9B購01  ,0,0,0,0,0,0,0,0,0,15000,0,0,0,35000,20000,15000,15000
061260,台積電凱基9A購23,0,0,0,0,0,0,0,0,0,15000,0,0,0,50000,35000,15000,15000
058804,T50反1統一9B購01,0,0,0,0,0,0,0,0,0,15000,0,0,0,15000,0,15000,15000
058080,台積電群益98購06,0,0,0,0,0,0,0,0,0,15000,0,0,0,16000,1000,15000,15000
059975,元金2X元大99購02,0,0,0,0,0,0,0,0,0,15000,0,0,0,40000,25000,15000,15000
062110,華擎國票9B購01  ,0,0,0,0,0,0,0,0,0,15000,0,0,0,15000,0,15000,15000
062176,元金2X元大9B購01,0,0,0,0,0,0,0,0,0,15000,0,0,0,15000,0,15000,15000
062050,亞德客統一9C購01,0,0,0,0,0,0,0,0,0,15000,0,0,0,15000,0,15000,15000
062481,同欣電國票9B購01,0,0,0,0,0,0,0,0,0,15000,0,0,0,31000,16000,15000,15000
062315,健策凱基9C購01  ,0,0,0,0,0,0,0,0,0,15000,0,0,0,48000,33000,15000,15000
062410,台積電第一9B購02,0,0,0,0,0,0,0,0,0,15000,0,0,0,15000,0,15000,15000
063257,牧德國泰01購01  ,0,0,0,0,0,0,0,0,0,15000,0,0,0,429000,414000,15000,15000
063237,微星元大9B購02  ,0,0,0,0,0,0,0,0,0,15000,0,0,0,66000,51000,15000,15000
06386P,欣興永豐97售03  ,0,0,0,0,0,0,0,0,0,15000,0,0,0,15000,0,15000,15000
063862,世紀鋼國泰02購01,0,0,0,0,0,0,0,0,0,15000,0,0,0,69000,54000,15000,15000
063699,國巨群益9B購07  ,0,0,0,0,0,0,0,0,0,15000,0,0,0,20000,5000,15000,15000
063711,高鐵凱基9B購01  ,0,0,0,0,0,0,0,0,0,15000,0,0,0,20000,5000,15000,15000
063557,聚陽元大9B購01  ,0,0,0,0,0,0,0,0,0,15000,0,0,0,96000,81000,15000,15000
064320,台灣50元大9C購39,0,0,0,0,0,0,0,0,0,15000,0,0,0,15000,0,15000,15000
2488,漢平            ,17000,3000,14000,0,0,0,0,0,0,1000,1000,0,1000,0,0,0,15000
1568,倉佑            ,16000,1000,15000,0,0,0,0,0,0,0,0,0,0,0,0,0,15000
1521,大億            ,14000,1000,13000,0,0,0,0,0,0,2000,2000,0,2000,0,0,0,15000
1535,中宇            ,14000,0,14000,0,0,0,0,0,0,1000,1000,0,1000,0,0,0,15000
1470,大統新創        ,15000,0,15000,0,0,0,0,0,0,0,0,0,0,0,0,0,15000
1727,中華化          ,15000,0,15000,0,0,0,0,0,0,0,0,0,0,0,0,0,15000
1724,台硝            ,27000,12000,15000,0,0,0,0,0,0,0,0,0,0,0,0,0,15000
1437,勤益控          ,39000,24000,15000,0,0,0,0,0,0,0,0,0,0,0,0,0,15000
08852P,台灣50台新01售01,15000,0,15000,0,0,0,0,0,0,0,0,0,0,0,0,0,15000
08008P,華新科統一9B售05,0,0,0,0,0,0,0,0,0,15000,0,0,0,15000,0,15000,15000
08370P,台積電凱基01售06,0,0,0,0,0,0,0,0,0,15000,0,0,0,15000,0,15000,15000
07139P,元油2X群益9C售06,0,0,0,0,0,0,0,0,0,14000,0,0,0,14000,0,14000,14000
07291P,臺股指凱基99售43,0,0,0,0,0,0,0,0,0,14000,0,0,0,14000,0,14000,14000
06553P,訊芯元大98售05  ,0,0,0,0,0,0,0,0,0,14000,0,0,0,14000,0,14000,14000
065053,南電凱基02購01  ,0,0,0,0,0,0,0,0,0,14000,0,0,0,17000,3000,14000,14000
065076,中橡元大9C購01  ,0,0,0,0,0,0,0,0,0,14000,0,0,0,22000,8000,14000,14000
053181,滬深2X元富99購02,0,0,0,0,0,0,0,0,0,14000,0,0,0,34000,20000,14000,14000
052828,滬深2X群益9A購02,0,0,0,0,0,0,0,0,0,14000,0,0,0,14000,0,14000,14000
055318,華通國票98購01  ,0,0,0,0,0,0,0,0,0,14000,0,0,0,46000,32000,14000,14000
048414,滬深2X統一98購01,0,0,0,0,0,0,0,0,0,14000,0,0,0,25000,11000,14000,14000
055276,台積電元大97購20,0,0,0,0,0,0,0,0,0,14000,0,0,0,14000,0,14000,14000
053342,全新國票99購01  ,0,0,0,0,0,0,0,0,0,14000,0,0,0,20000,6000,14000,14000
054059,欣興國票97購03  ,0,0,0,0,0,0,0,0,0,14000,0,0,0,33000,19000,14000,14000
056119,欣興群益97購02  ,0,0,0,0,0,0,0,0,0,14000,0,0,0,14000,0,14000,14000
056651,聯茂凱基98購04  ,0,0,0,0,0,0,0,0,0,14000,0,0,0,14000,0,14000,14000
058796,可成元大99購04  ,0,0,0,0,0,0,0,0,0,14000,0,0,0,142000,128000,14000,14000
058022,樺漢凱基99購02  ,0,0,0,0,0,0,0,0,0,14000,0,0,0,17000,3000,14000,14000
058603,台積電元大99購12,0,0,0,0,0,0,0,0,0,14000,0,0,0,14000,0,14000,14000
061390,大立光群益9A購04,0,0,0,0,0,0,0,0,0,14000,0,0,0,15000,1000,14000,14000
061087,國巨統一01購04  ,0,0,0,0,0,0,0,0,0,14000,0,0,0,62000,48000,14000,14000
061113,南電元大9A購03  ,0,0,0,0,0,0,0,0,0,14000,0,0,0,25000,11000,14000,14000
061381,台灣50群益9B購07,0,0,0,0,0,0,0,0,0,14000,0,0,0,46000,32000,14000,14000
061343,大立光元大9A購04,0,0,0,0,0,0,0,0,0,14000,0,0,0,14000,0,14000,14000
061852,大立光國票9B購02,0,0,0,0,0,0,0,0,0,14000,0,0,0,15000,1000,14000,14000
061601,台積電凱基9A購26,0,0,0,0,0,0,0,0,0,14000,0,0,0,15000,1000,14000,14000
059803,S&P正2元富9B購03,0,0,0,0,0,0,0,0,0,14000,0,0,0,14000,0,14000,14000
063551,美食國票9B購02  ,0,0,0,0,0,0,0,0,0,14000,0,0,0,54000,40000,14000,14000
063332,矽格國票9B購01  ,0,0,0,0,0,0,0,0,0,14000,0,0,0,46000,32000,14000,14000
063173,矽格中信9B購01  ,0,0,0,0,0,0,0,0,0,14000,0,0,0,62000,48000,14000,14000
062609,帆宣凱基9B購01  ,0,0,0,0,0,0,0,0,0,14000,0,0,0,15000,1000,14000,14000
08385P,臺股指群益9C售13,0,0,0,0,0,0,0,0,0,14000,0,0,0,31000,17000,14000,14000
1438,裕豐            ,15000,1000,14000,0,0,0,0,0,0,0,0,0,0,0,0,0,14000
08561P,台表科國票01售02,0,0,0,0,0,0,0,0,0,14000,0,0,0,19000,5000,14000,14000
08461P,長榮航國票9C售01,0,0,0,0,0,0,0,0,0,14000,0,0,0,55000,41000,14000,14000
1726,永記            ,37000,26000,11000,0,0,0,0,0,0,3000,3000,0,3000,0,0,0,14000
2024,志聯            ,14000,0,14000,0,0,0,0,0,0,0,0,0,0,0,0,0,14000
2413,環科            ,63000,54000,9000,0,0,0,0,0,0,5000,5000,0,5000,0,0,0,14000
2115,六暉-KY         ,14000,0,14000,0,0,0,0,0,0,0,0,0,0,0,0,0,14000
2901,欣欣            ,11000,1000,10000,0,0,0,0,0,0,4000,4000,0,4000,0,0,0,14000
3025,星通            ,14000,1000,13000,0,0,0,0,0,0,1000,1000,0,1000,0,0,0,14000
3021,鴻名            ,16000,3000,13000,0,0,0,0,0,0,1000,1000,0,1000,0,0,0,14000
4764,雙鍵            ,12000,0,12000,0,0,0,0,0,0,2000,2000,0,2000,0,0,0,14000
8104,錸寶            ,80000,66000,14000,0,0,0,0,0,0,0,0,0,0,0,0,0,14000
6655,科定            ,14000,0,14000,0,0,0,0,0,0,0,0,0,0,0,0,0,14000
8374,羅昇            ,16000,4000,12000,0,0,0,0,0,0,2000,2000,0,2000,0,0,0,14000
064852,智邦台新9C購04  ,0,0,0,0,0,0,0,0,0,13000,0,0,0,84000,71000,13000,13000
064627,矽格元大9C購01  ,0,0,0,0,0,0,0,0,0,13000,0,0,0,1129000,1116000,13000,13000
065615,南電元大01購03  ,0,0,0,0,0,0,0,0,0,13000,0,0,0,66000,53000,13000,13000
065384,南電元大9C購07  ,0,0,0,0,0,0,0,0,0,13000,0,0,0,76000,63000,13000,13000
07076P,鴻海凱基9A售08  ,0,0,0,0,0,0,0,0,0,13000,0,0,0,36000,23000,13000,13000
06867P,訊芯元大98售08  ,0,0,0,0,0,0,0,0,0,13000,0,0,0,28000,15000,13000,13000
055987,台表科元富97購01,60000,0,60000,0,0,0,0,0,0,-47000,0,0,0,13000,60000,-47000,13000
056580,泰鼎元大9A購01  ,0,0,0,0,0,0,0,0,0,13000,0,0,0,13000,0,13000,13000
057147,新日興國票99購01,0,0,0,0,0,0,0,0,0,13000,0,0,0,33000,20000,13000,13000
057169,微星元大98購01  ,0,0,0,0,0,0,0,0,0,13000,0,0,0,23000,10000,13000,13000
060573,力成永豐9A購01  ,0,0,0,0,0,0,0,0,0,13000,0,0,0,63000,50000,13000,13000
054923,晶技凱基98購01  ,0,0,0,0,0,0,0,0,0,13000,0,0,0,13000,0,13000,13000
055039,神達富邦99購01  ,0,0,0,0,0,0,0,0,0,13000,0,0,0,14000,1000,13000,13000
053458,聯詠國泰97購01  ,0,0,0,0,0,0,0,0,0,13000,0,0,0,13000,0,13000,13000
057679,臺股指元大98購09,0,0,0,0,0,0,0,0,0,13000,0,0,0,13000,0,13000,13000
050754,元金2X元富9B購01,0,0,0,0,0,0,0,0,0,13000,0,0,0,13000,0,13000,13000
054201,聯詠富邦97購02  ,0,0,0,0,0,0,0,0,0,13000,0,0,0,14000,1000,13000,13000
036628,統一台新99購01  ,0,0,0,0,0,0,0,0,0,13000,0,0,0,13000,0,13000,13000
006203,元大MSCI台灣    ,1000,0,1000,0,0,0,0,0,0,12000,0,0,0,12000,0,12000,13000
058242,玉晶光元大9A購01,0,0,0,0,0,0,0,0,0,13000,0,0,0,13000,0,13000,13000
061356,南電元大9A購06  ,0,0,0,0,0,0,0,0,0,13000,0,0,0,13000,0,13000,13000
058892,元油2X元大9C購08,0,0,0,0,0,0,0,0,0,13000,0,0,0,20000,7000,13000,13000
059628,智邦凱基99購04  ,0,0,0,0,0,0,0,0,0,13000,0,0,0,13000,0,13000,13000
060505,友達元大9C購05  ,0,0,0,0,0,0,0,0,0,13000,0,0,0,50000,37000,13000,13000
062608,智易凱基9B購01  ,0,0,0,0,0,0,0,0,0,13000,0,0,0,256000,243000,13000,13000
062384,聯詠國泰9C購01  ,0,0,0,0,0,0,0,0,0,13000,0,0,0,13000,0,13000,13000
062473,同欣電凱基9B購01,0,0,0,0,0,0,0,0,0,13000,0,0,0,70000,57000,13000,13000
063429,南電凱基01購01  ,0,0,0,0,0,0,0,0,0,13000,0,0,0,13000,0,13000,13000
064002,仁寶凱基9C購01  ,0,0,0,0,0,0,0,0,0,13000,0,0,0,13000,0,13000,13000
8482,商億-KY         ,14000,1000,13000,0,0,0,0,0,0,0,0,0,0,0,0,0,13000
6579,研揚            ,22000,11000,11000,0,0,0,0,0,0,2000,2000,0,2000,0,0,0,13000
6201,亞弘電          ,12000,0,12000,0,0,0,0,0,0,1000,1000,0,1000,0,0,0,13000
9943,好樂迪          ,116000,109000,7000,0,0,0,0,0,0,6000,6000,0,6000,0,0,0,13000
3167,大量            ,22000,10000,12000,0,0,0,0,0,0,1000,2000,1000,1000,0,0,0,13000
4144,康聯-KY         ,65000,55000,10000,0,0,0,0,0,0,3000,3000,0,3000,0,0,0,13000
2429,銘旺科          ,13000,0,13000,0,0,0,0,0,0,0,0,0,0,0,0,0,13000
1805,寶徠            ,13000,0,13000,0,0,0,0,0,0,0,0,0,0,0,0,0,13000
1611,中電            ,65000,63000,2000,0,0,0,0,0,0,11000,11000,0,11000,0,0,0,13000
08395P,燿華永豐9C售02  ,0,0,0,0,0,0,0,0,0,13000,0,0,0,63000,50000,13000,13000
08611P,聯發科凱基01售08,0,0,0,0,0,0,0,0,0,13000,0,0,0,23000,10000,13000,13000
08089P,嘉澤凱基9B售03  ,0,0,0,0,0,0,0,0,0,13000,0,0,0,15000,2000,13000,13000
07065P,臺股指元大9A售26,0,0,0,0,0,0,0,0,0,12000,0,0,0,43000,31000,12000,12000
06941P,國巨統一98售07  ,0,0,0,0,0,0,0,0,0,12000,0,0,0,12000,0,12000,12000
065425,國巨凱基01購03  ,0,0,0,0,0,0,0,0,0,12000,0,0,0,12000,0,12000,12000
065503,燿華永豐9C購04  ,0,0,0,0,0,0,0,0,0,12000,0,0,0,13000,1000,12000,12000
065461,台光電中信9C購01,0,0,0,0,0,0,0,0,0,12000,0,0,0,268000,256000,12000,12000
064653,T50反1元大9C購08,0,0,0,0,0,0,0,0,0,12000,0,0,0,20000,8000,12000,12000
064888,景碩中信9C購01  ,0,0,0,0,0,0,0,0,0,12000,0,0,0,15000,3000,12000,12000
065004,瑞昱國票01購02  ,0,0,0,0,0,0,0,0,0,12000,0,0,0,33000,21000,12000,12000
00866,新光Shiller CAPE,0,0,0,0,0,0,0,0,0,12000,0,0,0,38000,26000,12000,12000
055381,茂林元大97購02  ,0,0,0,0,0,0,0,0,0,12000,0,0,0,14000,2000,12000,12000
053341,聯發科國票97購03,0,0,0,0,0,0,0,0,0,12000,0,0,0,12000,0,12000,12000
054751,GIS凱基98購01   ,0,0,0,0,0,0,0,0,0,12000,0,0,0,19000,7000,12000,12000
060677,京元電元大9A購04,0,0,0,0,0,0,0,0,0,12000,0,0,0,225000,213000,12000,12000
060679,聯詠元大9A購04  ,0,0,0,0,0,0,0,0,0,12000,0,0,0,12000,0,12000,12000
060674,瑞昱元大9A購03  ,0,0,0,0,0,0,0,0,0,12000,0,0,0,12000,0,12000,12000
060733,和大統一9C購01  ,0,0,0,0,0,0,0,0,0,12000,0,0,0,12000,0,12000,12000
056471,台光電元大99購01,0,0,0,0,0,0,0,0,0,12000,0,0,0,19000,7000,12000,12000
05634P,玉晶光台新97售01,0,0,0,0,0,0,0,0,0,12000,0,0,0,12000,0,12000,12000
056242,緯創群益9A購01  ,0,0,0,0,0,0,0,0,0,12000,0,0,0,12000,0,12000,12000
061162,南電群益9A購02  ,0,0,0,0,0,0,0,0,0,12000,0,0,0,12000,0,12000,12000
060034,立積永豐99購04  ,0,0,0,0,0,0,0,0,0,12000,0,0,0,72000,60000,12000,12000
058175,旺宏凱基99購03  ,0,0,0,0,0,0,0,0,0,12000,0,0,0,43000,31000,12000,12000
058885,元石油元大9C購02,0,0,0,0,0,0,0,0,0,12000,0,0,0,12000,0,12000,12000
060131,GIS永豐99購03   ,0,0,0,0,0,0,0,0,0,12000,0,0,0,12000,0,12000,12000
061719,緯穎凱基9A購06  ,0,0,0,0,0,0,0,0,0,12000,0,0,0,12000,0,12000,12000
059000,台積電元大99購25,0,0,0,0,0,0,0,0,0,12000,0,0,0,12000,0,12000,12000
059283,康友永豐99購02  ,0,0,0,0,0,0,0,0,0,12000,0,0,0,12000,0,12000,12000
061057,華新科國票9A購04,0,0,0,0,0,0,0,0,0,12000,0,0,0,22000,10000,12000,12000
064132,神達元大9C購02  ,0,0,0,0,0,0,0,0,0,12000,0,0,0,362000,350000,12000,12000
063520,上銀凱基9B購05  ,0,0,0,0,0,0,0,0,0,12000,0,0,0,22000,10000,12000,12000
063683,大成鋼永豐9B購01,0,0,0,0,0,0,0,0,0,12000,0,0,0,12000,0,12000,12000
063677,台光電國泰9C購02,0,0,0,0,0,0,0,0,0,12000,0,0,0,28000,16000,12000,12000
063640,貿聯元大9B購03  ,0,0,0,0,0,0,0,0,0,12000,0,0,0,53000,41000,12000,12000
063897,神達群益9C購01  ,0,0,0,0,0,0,0,0,0,12000,0,0,0,85000,73000,12000,12000
062486,瑞昱富邦9B購01  ,0,0,0,0,0,0,0,0,0,12000,0,0,0,12000,0,12000,12000
062594,祥碩統一01購02  ,0,0,0,0,0,0,0,0,0,12000,0,0,0,126000,114000,12000,12000
062577,泰鼎群益9B購01  ,0,0,0,0,0,0,0,0,0,12000,0,0,0,33000,21000,12000,12000
061944,聯電群益9B購01  ,0,0,0,0,0,0,0,0,0,12000,0,0,0,21000,9000,12000,12000
08002P,大毅國票9B售03  ,0,0,0,0,0,0,0,0,0,12000,0,0,0,12000,0,12000,12000
1233,天仁            ,12000,1000,11000,0,0,0,0,0,0,1000,1000,0,1000,0,0,0,12000
08564P,國巨群益9C售15  ,0,0,0,0,0,0,0,0,0,12000,0,0,0,12000,0,12000,12000
2748,雲品            ,12000,0,12000,0,0,0,0,0,0,0,0,0,0,0,0,0,12000
5284,jpp-KY          ,14000,2000,12000,0,0,0,0,0,0,0,0,0,0,0,0,0,12000
065552,聯發科凱基9C購12,0,0,0,0,0,0,0,0,0,11000,0,0,0,74000,63000,11000,11000
065700,京元電群益9C購01,0,0,0,0,0,0,0,0,0,11000,0,0,0,135000,124000,11000,11000
065429,微星凱基02購02  ,0,0,0,0,0,0,0,0,0,11000,0,0,0,40000,29000,11000,11000
07060P,台表科國票9A售01,0,0,0,0,0,0,0,0,0,11000,0,0,0,121000,110000,11000,11000
07867P,晶技元大9B售01  ,0,0,0,0,0,0,0,0,0,11000,0,0,0,11000,0,11000,11000
07892P,臺股指國票9B售02,0,0,0,0,0,0,0,0,0,11000,0,0,0,30000,19000,11000,11000
07655P,台灣50凱基01售09,0,0,0,0,0,0,0,0,0,11000,0,0,0,28000,17000,11000,11000
065860,南電元大02購01  ,0,0,0,0,0,0,0,0,0,11000,0,0,0,11000,0,11000,11000
056641,華通凱基98購03  ,0,0,0,0,0,0,0,0,0,11000,0,0,0,15000,4000,11000,11000
057197,立積台新98購01  ,0,0,0,0,0,0,0,0,0,11000,0,0,0,11000,0,11000,11000
056788,日月光群益98購01,0,0,0,0,0,0,0,0,0,11000,0,0,0,11000,0,11000,11000
056898,全新元大98購02  ,0,0,0,0,0,0,0,0,0,11000,0,0,0,11000,0,11000,11000
054821,貿聯元大9A購01  ,0,0,0,0,0,0,0,0,0,11000,0,0,0,11000,0,11000,11000
053411,深中小國票9B購01,0,0,0,0,0,0,0,0,0,11000,0,0,0,11000,0,11000,11000
057241,超眾凱基99購02  ,0,0,0,0,0,0,0,0,0,11000,0,0,0,21000,10000,11000,11000
055304,瑞昱第一98購01  ,0,0,0,0,0,0,0,0,0,11000,0,0,0,11000,0,11000,11000
046385,群創凱基98購03  ,0,0,0,0,0,0,0,0,0,11000,0,0,0,11000,0,11000,11000
00706L,元大S&P日圓正2  ,0,0,0,0,0,0,0,0,0,11000,0,0,0,11000,0,11000,11000
060940,國巨國票9B購03  ,0,0,0,0,0,0,0,0,0,11000,0,0,0,19000,8000,11000,11000
061788,信邦群益9B購01  ,0,0,0,0,0,0,0,0,0,11000,0,0,0,11000,0,11000,11000
060288,群光元大9C購01  ,0,0,0,0,0,0,0,0,0,11000,0,0,0,46000,35000,11000,11000
059675,大立光元富99購08,0,0,0,0,0,0,0,0,0,11000,0,0,0,12000,1000,11000,11000
059671,滬深2X元富99購05,0,0,0,0,0,0,0,0,0,11000,0,0,0,11000,0,11000,11000
060506,京元電元大9A購02,0,0,0,0,0,0,0,0,0,11000,0,0,0,236000,225000,11000,11000
058120,台灣50國票99購03,0,0,0,0,0,0,0,0,0,11000,0,0,0,11000,0,11000,11000
058124,玉晶光國票9A購01,0,0,0,0,0,0,0,0,0,11000,0,0,0,11000,0,11000,11000
061950,日月光群益9B購01,0,0,0,0,0,0,0,0,0,11000,0,0,0,11000,0,11000,11000
061907,裕隆中信9B購01  ,0,0,0,0,0,0,0,0,0,11000,0,0,0,11000,0,11000,11000
062377,力成元大9B購01  ,0,0,0,0,0,0,0,0,0,11000,0,0,0,21000,10000,11000,11000
062369,創意元大9B購01  ,0,0,0,0,0,0,0,0,0,11000,0,0,0,25000,14000,11000,11000
062836,同欣電群益9B購02,0,0,0,0,0,0,0,0,0,11000,0,0,0,75000,64000,11000,11000
062881,緯創兆豐9C購01  ,0,0,0,0,0,0,0,0,0,11000,0,0,0,11000,0,11000,11000
062911,聯詠元大9B購03  ,0,0,0,0,0,0,0,0,0,11000,0,0,0,11000,0,11000,11000
063878,國巨元富9C購01  ,0,0,0,0,0,0,0,0,0,11000,0,0,0,11000,0,11000,11000
063300,華通凱基9B購05  ,0,0,0,0,0,0,0,0,0,11000,0,0,0,22000,11000,11000,11000
063943,台光電元大9C購02,0,0,0,0,0,0,0,0,0,11000,0,0,0,13000,2000,11000,11000
063930,高鐵統一02購02  ,0,0,0,0,0,0,0,0,0,11000,0,0,0,61000,50000,11000,11000
064315,創意群益9C購01  ,0,0,0,0,0,0,0,0,0,11000,0,0,0,11000,0,11000,11000
064344,緯創元大9C購01  ,0,0,0,0,0,0,0,0,0,11000,0,0,0,29000,18000,11000,11000
4994,傳奇            ,61000,48000,13000,0,0,0,0,0,0,-2000,2000,0,2000,0,4000,-4000,11000
4737,華廣            ,14000,4000,10000,0,0,0,0,0,0,1000,1000,0,1000,0,0,0,11000
6491,晶碩            ,111000,117000,-6000,0,0,0,0,0,0,17000,15000,0,15000,2000,0,2000,11000
8222,寶一            ,13000,2000,11000,0,0,0,0,0,0,0,0,0,0,0,0,0,11000
2712,遠雄來          ,11000,0,11000,0,0,0,0,0,0,0,0,0,0,0,0,0,11000
3432,台端            ,11000,5000,6000,0,0,0,0,0,0,5000,5000,0,5000,0,0,0,11000
3054,立萬利          ,10000,0,10000,0,0,0,0,0,0,1000,1000,0,1000,0,0,0,11000
1786,科妍            ,38000,28000,10000,0,0,0,0,0,0,1000,1000,0,1000,0,0,0,11000
1236,宏亞            ,10000,0,10000,0,0,0,0,0,0,1000,1000,0,1000,0,0,0,11000
1436,華友聯          ,14000,3000,11000,0,0,0,0,0,0,0,0,0,0,0,0,0,11000
08176P,國巨元大9B售20  ,0,0,0,0,0,0,0,0,0,11000,0,0,0,34000,23000,11000,11000
065868,燿華群益02購01  ,0,0,0,0,0,0,0,0,0,10000,0,0,0,10000,0,10000,10000
06773P,台灣50兆豐9A售01,0,0,0,0,0,0,0,0,0,10000,0,0,0,10000,0,10000,10000
06750P,聯發科元富02售03,0,0,0,0,0,0,0,0,0,10000,0,0,0,10000,0,10000,10000
07667P,亞德客元大9A售05,0,0,0,0,0,0,0,0,0,10000,0,0,0,115000,105000,10000,10000
07815P,美律群益9A售04  ,0,0,0,0,0,0,0,0,0,10000,0,0,0,10000,0,10000,10000
07817P,同欣電群益9A售02,0,0,0,0,0,0,0,0,0,10000,0,0,0,10000,0,10000,10000
07798P,同欣電國票9A售01,0,0,0,0,0,0,0,0,0,10000,0,0,0,10000,0,10000,10000
07785P,鴻海中信04售03  ,0,0,0,0,0,0,0,0,0,10000,0,0,0,10000,0,10000,10000
07713P,台郡元大9A售03  ,0,0,0,0,0,0,0,0,0,10000,0,0,0,10000,0,10000,10000
07894P,燿華元大9B售01  ,0,0,0,0,0,0,0,0,0,10000,0,0,0,10000,0,10000,10000
07896P,臺股指元大9B售16,0,0,0,0,0,0,0,0,0,10000,0,0,0,10000,0,10000,10000
07938P,國巨統一9B售10  ,0,0,0,0,0,0,0,0,0,10000,0,0,0,10000,0,10000,10000
07850P,健策群益9A售06  ,0,0,0,0,0,0,0,0,0,10000,0,0,0,10000,0,10000,10000
06949P,台表科元大99售01,0,0,0,0,0,0,0,0,0,10000,0,0,0,10000,0,10000,10000
07006P,旺宏統一9B售03  ,0,0,0,0,0,0,0,0,0,10000,0,0,0,10000,0,10000,10000
06988P,鴻海元富99售09  ,0,0,0,0,0,0,0,0,0,10000,0,0,0,10000,0,10000,10000
06956P,國巨日盛99售04  ,0,0,0,0,0,0,0,0,0,10000,0,0,0,40000,30000,10000,10000
07283P,華新科凱基99售07,0,0,0,0,0,0,0,0,0,10000,0,0,0,10000,0,10000,10000
07251P,台灣50元富01售04,0,0,0,0,0,0,0,0,0,10000,0,0,0,10000,0,10000,10000
07197P,臺股指元大99售13,0,0,0,0,0,0,0,0,0,10000,0,0,0,10000,0,10000,10000
065310,華擎國票01購01  ,0,0,0,0,0,0,0,0,0,10000,0,0,0,155000,145000,10000,10000
065290,奇鋐群益9C購01  ,0,0,0,0,0,0,0,0,0,10000,0,0,0,10000,0,10000,10000
065262,義隆元大9C購06  ,0,0,0,0,0,0,0,0,0,10000,0,0,0,128000,118000,10000,10000
065717,創意中信9C購02  ,0,0,0,0,0,0,0,0,0,10000,0,0,0,11000,1000,10000,10000
065557,中磊凱基9C購01  ,0,0,0,0,0,0,0,0,0,10000,0,0,0,496000,486000,10000,10000
065592,FBVIX元大9C購06 ,0,0,0,0,0,0,0,0,0,10000,0,0,0,10000,0,10000,10000
06498P,臺股指元大9A售03,0,0,0,0,0,0,0,0,0,10000,0,0,0,10000,0,10000,10000
065026,世紀鋼永豐9C購02,0,0,0,0,0,0,0,0,0,10000,0,0,0,10000,0,10000,10000
065122,電子類富邦9C購01,0,0,0,0,0,0,0,0,0,10000,0,0,0,10000,0,10000,10000
064849,大立光元富9C購06,0,0,0,0,0,0,0,0,0,10000,0,0,0,27000,17000,10000,10000
064558,台積電群益9C購08,0,0,0,0,0,0,0,0,0,10000,0,0,0,10000,0,10000,10000
06455P,上銀統一99售03  ,0,0,0,0,0,0,0,0,0,10000,0,0,0,10000,0,10000,10000
053174,同欣電群益98購02,0,0,0,0,0,0,0,0,0,10000,0,0,0,10000,0,10000,10000
052523,奇力新元大97購01,0,0,0,0,0,0,0,0,0,10000,0,0,0,10000,0,10000,10000
052546,友達中信98購01  ,0,0,0,0,0,0,0,0,0,10000,0,0,0,10000,0,10000,10000
052581,訊芯元富98購01  ,0,0,0,0,0,0,0,0,0,10000,0,0,0,10000,0,10000,10000
053115,滬深2X中信97購01,0,0,0,0,0,0,0,0,0,10000,0,0,0,10000,0,10000,10000
052942,聯發科中信97購04,0,0,0,0,0,0,0,0,0,10000,0,0,0,10000,0,10000,10000
047547,友達凱基99購02  ,0,0,0,0,0,0,0,0,0,10000,0,0,0,10000,0,10000,10000
050561,上証2X元富97購01,0,0,0,0,0,0,0,0,0,10000,0,0,0,10000,0,10000,10000
050890,南電富邦99購01  ,0,0,0,0,0,0,0,0,0,10000,0,0,0,10000,0,10000,10000
049593,群創元大9A購01  ,0,0,0,0,0,0,0,0,0,10000,0,0,0,10000,0,10000,10000
055159,玉晶光元大98購05,0,0,0,0,0,0,0,0,0,10000,0,0,0,10000,0,10000,10000
051292,牧德統一97購01  ,0,0,0,0,0,0,0,0,0,10000,0,0,0,10000,0,10000,10000
051424,緯穎國票97購01  ,0,0,0,0,0,0,0,0,0,10000,0,0,0,10000,0,10000,10000
051688,大立光凱基97購02,0,0,0,0,0,0,0,0,0,10000,0,0,0,10000,0,10000,10000
055375,京鼎元大97購03  ,0,0,0,0,0,0,0,0,0,10000,0,0,0,10000,0,10000,10000
055367,台積電元大97購23,0,0,0,0,0,0,0,0,0,10000,0,0,0,10000,0,10000,10000
055499,大立光元大98購05,0,0,0,0,0,0,0,0,0,10000,0,0,0,10000,0,10000,10000
057261,瑞昱兆豐98購01  ,0,0,0,0,0,0,0,0,0,10000,0,0,0,10000,0,10000,10000
056436,台積電凱基98購10,0,0,0,0,0,0,0,0,0,10000,0,0,0,10000,0,10000,10000
057293,力成國泰99購01  ,0,0,0,0,0,0,0,0,0,10000,0,0,0,10000,0,10000,10000
057771,鴻海群益99購01  ,0,0,0,0,0,0,0,0,0,10000,0,0,0,10000,0,10000,10000
053414,臻鼎國票97購01  ,0,0,0,0,0,0,0,0,0,10000,0,0,0,10000,0,10000,10000
053391,嘉聯益元大99購01,0,0,0,0,0,0,0,0,0,10000,0,0,0,10000,0,10000,10000
053466,華通元大98購01  ,0,0,0,0,0,0,0,0,0,10000,0,0,0,10000,0,10000,10000
053344,嘉晶國票97購02  ,0,0,0,0,0,0,0,0,0,10000,0,0,0,10000,0,10000,10000
053355,超眾兆豐97購01  ,0,0,0,0,0,0,0,0,0,10000,0,0,0,10000,0,10000,10000
056388,勤誠國泰99購01  ,0,0,0,0,0,0,0,0,0,10000,0,0,0,10000,0,10000,10000
056412,上証2X中信9A購02,0,0,0,0,0,0,0,0,0,10000,0,0,0,10000,0,10000,10000
053705,滬深2X凱基99購01,0,0,0,0,0,0,0,0,0,10000,0,0,0,10000,0,10000,10000
054845,智邦兆豐98購01  ,0,0,0,0,0,0,0,0,0,10000,0,0,0,10000,0,10000,10000
054866,宏盛群益98購01  ,0,0,0,0,0,0,0,0,0,10000,0,0,0,10000,0,10000,10000
054973,台郡元大98購02  ,0,0,0,0,0,0,0,0,0,10000,0,0,0,10000,0,10000,10000
054765,亞光國票98購02  ,0,0,0,0,0,0,0,0,0,10000,0,0,0,10000,0,10000,10000
054641,祥碩中信98購01  ,0,0,0,0,0,0,0,0,0,10000,0,0,0,10000,0,10000,10000
054425,聯發科富邦99購03,0,0,0,0,0,0,0,0,0,10000,0,0,0,10000,0,10000,10000
054078,鴻海中信98購01  ,0,0,0,0,0,0,0,0,0,10000,0,0,0,10000,0,10000,10000
054047,富邦金元大97購01,0,0,0,0,0,0,0,0,0,10000,0,0,0,10000,0,10000,10000
055563,智易凱基97購02  ,0,0,0,0,0,0,0,0,0,10000,0,0,0,10000,0,10000,10000
053813,友達群益9A購03  ,0,0,0,0,0,0,0,0,0,10000,0,0,0,10000,0,10000,10000
053742,創意國票97購01  ,0,0,0,0,0,0,0,0,0,10000,0,0,0,10000,0,10000,10000
055619,同欣電國票98購02,0,0,0,0,0,0,0,0,0,10000,0,0,0,10000,0,10000,10000
055569,聚陽統一98購01  ,0,0,0,0,0,0,0,0,0,10000,0,0,0,10000,0,10000,10000
055797,華通富邦98購01  ,0,0,0,0,0,0,0,0,0,10000,0,0,0,10000,0,10000,10000
055714,智邦元大97購03  ,0,0,0,0,0,0,0,0,0,10000,0,0,0,10000,0,10000,10000
055716,致茂元大97購01  ,0,0,0,0,0,0,0,0,0,10000,0,0,0,10000,0,10000,10000
056855,祥碩中信98購02  ,0,0,0,0,0,0,0,0,0,10000,0,0,0,10000,0,10000,10000
056987,南茂群益98購01  ,0,0,0,0,0,0,0,0,0,10000,0,0,0,31000,21000,10000,10000
056988,聚陽兆豐98購01  ,0,0,0,0,0,0,0,0,0,10000,0,0,0,10000,0,10000,10000
056984,嘉晶群益98購01  ,0,0,0,0,0,0,0,0,0,10000,0,0,0,10000,0,10000,10000
057158,義隆永豐99購01  ,0,0,0,0,0,0,0,0,0,10000,0,0,0,13000,3000,10000,10000
060735,鴻海統一9C購03  ,0,0,0,0,0,0,0,0,0,10000,0,0,0,12000,2000,10000,10000
060775,世芯凱基9A購02  ,0,0,0,0,0,0,0,0,0,10000,0,0,0,10000,0,10000,10000
05754P,臺股指中信99售03,0,0,0,0,0,0,0,0,0,10000,0,0,0,10000,0,10000,10000
060429,南六永豐9A購01  ,0,0,0,0,0,0,0,0,0,10000,0,0,0,10000,0,10000,10000
060472,中租元大9A購02  ,0,0,0,0,0,0,0,0,0,10000,0,0,0,10000,0,10000,10000
057430,富邦金兆豐98購01,0,0,0,0,0,0,0,0,0,10000,0,0,0,10000,0,10000,10000
056701,國產國泰9A購01  ,0,0,0,0,0,0,0,0,0,10000,0,0,0,10000,0,10000,10000
057404,貿聯群益99購01  ,0,0,0,0,0,0,0,0,0,10000,0,0,0,10000,0,10000,10000
057476,國巨元大98購19  ,0,0,0,0,0,0,0,0,0,10000,0,0,0,10000,0,10000,10000
057477,智邦元大98購09  ,0,0,0,0,0,0,0,0,0,10000,0,0,0,18000,8000,10000,10000
057455,景碩國泰99購01  ,0,0,0,0,0,0,0,0,0,10000,0,0,0,10000,0,10000,10000
056172,鴻海元富97購11  ,0,0,0,0,0,0,0,0,0,10000,0,0,0,10000,0,10000,10000
056212,台光電國票98購03,0,0,0,0,0,0,0,0,0,10000,0,0,0,10000,0,10000,10000
056129,義隆麥證97購01  ,0,0,0,10000,0,10000,0,0,0,10000,0,0,0,10000,0,10000,10000
056482,貿聯元大99購01  ,0,0,0,0,0,0,0,0,0,10000,0,0,0,10000,0,10000,10000
056446,聯發科凱基98購08,0,0,0,0,0,0,0,0,0,10000,0,0,0,10000,0,10000,10000
057331,台積電國票99購04,0,0,0,0,0,0,0,0,0,10000,0,0,0,15000,5000,10000,10000
05729P,臺股指凱基97售02,0,0,0,0,0,0,0,0,0,10000,0,0,0,10000,0,10000,10000
057807,友訊元大98購02  ,0,0,0,0,0,0,0,0,0,10000,0,0,0,10000,0,10000,10000
056582,易華電元大98購01,0,0,0,0,0,0,0,0,0,10000,0,0,0,10000,0,10000,10000
056585,台積電統一9A購01,0,0,0,0,0,0,0,0,0,10000,0,0,0,20000,10000,10000,10000
056577,玉晶光元大99購06,0,0,0,0,0,0,0,0,0,10000,0,0,0,10000,0,10000,10000
056568,台表科群益98購01,0,0,0,0,0,0,0,0,0,10000,0,0,0,10000,0,10000,10000
056558,台達電群益98購01,0,0,0,0,0,0,0,0,0,10000,0,0,0,10000,0,10000,10000
056559,華通群益98購02  ,0,0,0,0,0,0,0,0,0,10000,0,0,0,10000,0,10000,10000
057365,智邦元大98購07  ,0,0,0,0,0,0,0,0,0,10000,0,0,0,19000,9000,10000,10000
057368,微星元大98購02  ,0,0,0,0,0,0,0,0,0,10000,0,0,0,10000,0,10000,10000
055919,景碩凱基98購02  ,0,0,0,0,0,0,0,0,0,10000,0,0,0,10000,0,10000,10000
056593,台積電元富98購02,0,0,0,0,0,0,0,0,0,10000,0,0,0,10000,0,10000,10000
058812,台積電統一9B購06,0,0,0,0,0,0,0,0,0,10000,0,0,0,10000,0,10000,10000
058084,大立光群益98購04,0,0,0,0,0,0,0,0,0,10000,0,0,0,81000,71000,10000,10000
058839,瑞儀中信99購02  ,0,0,0,0,0,0,0,0,0,10000,0,0,0,10000,0,10000,10000
059700,鴻海凱基9A購16  ,0,0,0,0,0,0,0,0,0,10000,0,0,0,10000,0,10000,10000
060559,世紀鋼凱基9C購01,0,0,0,0,0,0,0,0,0,10000,0,0,0,10000,0,10000,10000
058049,帆宣元大98購01  ,0,0,0,0,0,0,0,0,0,10000,0,0,0,33000,23000,10000,10000
061161,南六群益9A購01  ,0,0,0,0,0,0,0,0,0,10000,0,0,0,20000,10000,10000,10000
061184,大立光國泰9C購01,0,0,0,0,0,0,0,0,0,10000,0,0,0,46000,36000,10000,10000
061253,臺股指群益9A購04,0,0,0,0,0,0,0,0,0,10000,0,0,0,10000,0,10000,10000
059648,台表科凱基99購03,0,0,0,0,0,0,0,0,0,10000,0,0,0,10000,0,10000,10000
059597,大立光元大99購21,0,0,0,0,0,0,0,0,0,10000,0,0,0,10000,0,10000,10000
060063,可成兆豐9B購01  ,0,0,0,0,0,0,0,0,0,10000,0,0,0,10000,0,10000,10000
058023,南電凱基98購02  ,0,0,0,0,0,0,0,0,0,10000,0,0,0,10000,0,10000,10000
060966,台表科凱基9B購01,0,0,0,0,0,0,0,0,0,10000,0,0,0,10000,0,10000,10000
060382,儒鴻凱基9A購01  ,0,0,0,0,0,0,0,0,0,10000,0,0,0,10000,0,10000,10000
057955,技嘉元大98購07  ,0,0,0,0,0,0,0,0,0,10000,0,0,0,10000,0,10000,10000
057949,南電國票99購01  ,0,0,0,0,0,0,0,0,0,10000,0,0,0,10000,0,10000,10000
061340,義隆元大9A購01  ,0,0,0,0,0,0,0,0,0,10000,0,0,0,14000,4000,10000,10000
061316,台積電凱基9A購24,0,0,0,0,0,0,0,0,0,10000,0,0,0,10000,0,10000,10000
058922,聯發科元富03購02,0,0,0,0,0,0,0,0,0,10000,0,0,0,10000,0,10000,10000
058950,國巨群益99購06  ,0,0,0,0,0,0,0,0,0,10000,0,0,0,20000,10000,10000,10000
058519,嘉澤元大99購01  ,0,0,0,0,0,0,0,0,0,10000,0,0,0,40000,30000,10000,10000
05851P,力山群益97售01  ,0,0,0,0,0,0,0,0,0,10000,0,0,0,10000,0,10000,10000
058544,FBVIX富邦9B購01 ,0,0,0,0,0,0,0,0,0,10000,0,0,0,14000,4000,10000,10000
058496,文曄群益99購01  ,0,0,0,0,0,0,0,0,0,10000,0,0,0,10000,0,10000,10000
058517,景碩元大99購06  ,0,0,0,0,0,0,0,0,0,10000,0,0,0,11000,1000,10000,10000
058648,聯陽永豐99購01  ,0,0,0,0,0,0,0,0,0,10000,0,0,0,508000,498000,10000,10000
058338,康友元富99購01  ,0,0,0,0,0,0,0,0,0,10000,0,0,0,70000,60000,10000,10000
058339,康友元富99購02  ,0,0,0,0,0,0,0,0,0,10000,0,0,0,10000,0,10000,10000
058219,台灣50國票9A購02,0,0,0,0,0,0,0,0,0,10000,0,0,0,10000,0,10000,10000
060215,柏文康和9A購01  ,0,0,0,0,0,0,0,0,0,10000,0,0,0,10000,0,10000,10000
060193,群創元富9A購01  ,0,0,0,0,0,0,0,0,0,10000,0,0,0,10000,0,10000,10000
058303,華通元大99購03  ,0,0,0,0,0,0,0,0,0,10000,0,0,0,10000,0,10000,10000
061786,義隆群益9B購01  ,0,0,0,0,0,0,0,0,0,10000,0,0,0,10000,0,10000,10000
061738,聯發科凱基9B購04,0,0,0,0,0,0,0,0,0,10000,0,0,0,10000,0,10000,10000
06184P,大立光元大97售06,0,0,0,0,0,0,0,0,0,10000,0,0,0,10000,0,10000,10000
061573,義隆元大9A購02  ,0,0,0,0,0,0,0,0,0,10000,0,0,0,10000,0,10000,10000
061587,美律富邦9A購02  ,0,0,0,0,0,0,0,0,0,10000,0,0,0,10000,0,10000,10000
061581,貿聯元大9A購05  ,0,0,0,0,0,0,0,0,0,10000,0,0,0,70000,60000,10000,10000
061001,智邦兆豐9B購01  ,0,0,0,0,0,0,0,0,0,10000,0,0,0,10000,0,10000,10000
061056,臺指反國票02購01,0,0,0,0,0,0,0,0,0,10000,0,0,0,60000,50000,10000,10000
060091,技嘉元大99購03  ,0,0,0,0,0,0,0,0,0,10000,0,0,0,13000,3000,10000,10000
060103,聯詠元大99購01  ,0,0,0,0,0,0,0,0,0,10000,0,0,0,20000,10000,10000,10000
059922,大立光元大99購25,0,0,0,0,0,0,0,0,0,10000,0,0,0,68000,58000,10000,10000
059913,台積電元大99購44,0,0,0,0,0,0,0,0,0,10000,0,0,0,10000,0,10000,10000
059939,技嘉永豐99購01  ,0,0,0,0,0,0,0,0,0,10000,0,0,0,10000,0,10000,10000
059940,微星永豐99購01  ,0,0,0,0,0,0,0,0,0,10000,0,0,0,128000,118000,10000,10000
059573,健策凱基9A購02  ,0,0,0,0,0,0,0,0,0,10000,0,0,0,17000,7000,10000,10000
059538,健策凱基99購03  ,0,0,0,0,0,0,0,0,0,10000,0,0,0,17000,7000,10000,10000
059534,國泰金凱基99購01,0,0,0,0,0,0,0,0,0,10000,0,0,0,60000,50000,10000,10000
059264,台光電中信99購02,0,0,0,0,0,0,0,0,0,10000,0,0,0,10000,0,10000,10000
059387,華通凱基9A購03  ,0,0,0,0,0,0,0,0,0,10000,0,0,0,10000,0,10000,10000
059401,牧德元富99購01  ,0,0,0,0,0,0,0,0,0,10000,0,0,0,10000,0,10000,10000
05933P,鴻海凱基97售03  ,0,0,0,0,0,0,0,0,0,10000,0,0,0,10000,0,10000,10000
058365,奇力新凱基9A購01,0,0,0,0,0,0,0,0,0,10000,0,0,0,10000,0,10000,10000
059817,華通凱基99購05  ,0,0,0,0,0,0,0,0,0,10000,0,0,0,10000,0,10000,10000
059819,台積電凱基99購17,0,0,0,0,0,0,0,0,0,10000,0,0,0,10000,0,10000,10000
059871,義隆凱基99購03  ,0,0,0,0,0,0,0,0,0,10000,0,0,0,15000,5000,10000,10000
059160,華通凱基99購03  ,0,0,0,0,0,0,0,0,0,10000,0,0,0,10000,0,10000,10000
064329,國巨元大01購03  ,0,0,0,0,0,0,0,0,0,10000,0,0,0,11000,1000,10000,10000
064310,華新科群益9C購02,0,0,0,0,0,0,0,0,0,10000,0,0,0,10000,0,10000,10000
06424P,大成鋼永豐97售01,0,0,0,0,0,0,0,0,0,10000,0,0,0,10000,0,10000,10000
063979,健鼎兆豐9C購01  ,0,0,0,0,0,0,0,0,0,10000,0,0,0,10000,0,10000,10000
063396,金像電群益9C購01,0,0,0,0,0,0,0,0,0,10000,0,0,0,118000,108000,10000,10000
063365,義隆富邦01購01  ,0,0,0,0,0,0,0,0,0,10000,0,0,0,10000,0,10000,10000
063512,聯發科麥證9B購02,0,0,0,10000,0,10000,0,0,0,10000,0,0,0,10000,0,10000,10000
063879,台積電元富9C購01,0,0,0,0,0,0,0,0,0,10000,0,0,0,10000,0,10000,10000
063754,道瓊指統一9B購01,0,0,0,0,0,0,0,0,0,10000,0,0,0,10000,0,10000,10000
063792,香港反凱基9C購01,0,0,0,0,0,0,0,0,0,10000,0,0,0,10000,0,10000,10000
063803,世紀鋼凱基01購01,0,0,0,0,0,0,0,0,0,10000,0,0,0,60000,50000,10000,10000
062943,世芯凱基9B購03  ,0,0,0,0,0,0,0,0,0,10000,0,0,0,10000,0,10000,10000
062845,微星富邦01購01  ,0,0,0,0,0,0,0,0,0,10000,0,0,0,10000,0,10000,10000
062645,國巨國泰9B購08  ,0,0,0,0,0,0,0,0,0,10000,0,0,0,83000,73000,10000,10000
062721,美律凱基9B購02  ,0,0,0,0,0,0,0,0,0,10000,0,0,0,31000,21000,10000,10000
062723,聯發科凱基9B購09,0,0,0,0,0,0,0,0,0,10000,0,0,0,10000,0,10000,10000
062670,瑞昱中信03購01  ,0,0,0,0,0,0,0,0,0,10000,0,0,0,10000,0,10000,10000
063229,台表科群益9B購04,0,0,0,0,0,0,0,0,0,10000,0,0,0,50000,40000,10000,10000
063114,南電兆豐9B購01  ,0,0,0,0,0,0,0,0,0,10000,0,0,0,10000,0,10000,10000
062331,大立光統一9B購10,0,0,0,0,0,0,0,0,0,10000,0,0,0,30000,20000,10000,10000
062273,國巨群益9C購02  ,0,0,0,0,0,0,0,0,0,10000,0,0,0,12000,2000,10000,10000
062438,台光電元大9B購04,0,0,0,0,0,0,0,0,0,10000,0,0,0,86000,76000,10000,10000
062446,聯詠元大9B購02  ,0,0,0,0,0,0,0,0,0,10000,0,0,0,62000,52000,10000,10000
061959,鴻海統一9B購04  ,0,0,0,0,0,0,0,0,0,10000,0,0,0,191000,181000,10000,10000
062031,臻鼎群益9B購01  ,0,0,0,0,0,0,0,0,0,10000,0,0,0,39000,29000,10000,10000
062181,義隆元大9B購03  ,0,0,0,0,0,0,0,0,0,10000,0,0,0,15000,5000,10000,10000
062077,聯發科元大9B購04,0,0,0,0,0,0,0,0,0,10000,0,0,0,10000,0,10000,10000
08168P,金像電群益9B售03,0,0,0,0,0,0,0,0,0,10000,0,0,0,30000,20000,10000,10000
08357P,聯發科元大9C售09,0,0,0,0,0,0,0,0,0,10000,0,0,0,94000,84000,10000,10000
08339P,上銀統一9C售04  ,0,0,0,0,0,0,0,0,0,10000,0,0,0,11000,1000,10000,10000
08295P,長榮航元大9C售01,0,0,0,0,0,0,0,0,0,10000,0,0,0,10000,0,10000,10000
08248P,旺宏群益9C售02  ,0,0,0,0,0,0,0,0,0,10000,0,0,0,10000,0,10000,10000
1453,大將            ,11000,1000,10000,0,0,0,0,0,0,0,0,0,0,0,0,0,10000
08468P,台郡統一9C售02  ,0,0,0,0,0,0,0,0,0,10000,0,0,0,50000,40000,10000,10000
2033,佳大            ,9000,0,9000,0,0,0,0,0,0,1000,1000,0,1000,0,0,0,10000
1725,元禎            ,11000,1000,10000,0,0,0,0,0,0,0,0,0,0,0,0,0,10000
1517,利奇            ,103000,95000,8000,0,0,0,0,0,0,2000,2000,0,2000,0,0,0,10000
3229,晟鈦            ,11000,2000,9000,0,0,0,0,0,0,1000,1000,0,1000,0,0,0,10000
8201,無敵            ,39000,29000,10000,0,0,0,0,0,0,0,0,0,0,0,0,0,10000
8367,建新國際        ,10000,0,10000,0,0,0,0,0,0,0,0,0,0,0,0,0,10000
912000,晨訊科-DR       ,10000,0,10000,0,0,0,0,0,0,0,0,0,0,0,0,0,10000
064721,國泰金統一02購01,0,0,0,0,0,0,0,0,0,9000,0,0,0,231000,222000,9000,9000
064874,和大兆豐9C購01  ,0,0,0,0,0,0,0,0,0,9000,0,0,0,85000,76000,9000,9000
065104,南茂元大9C購02  ,0,0,0,0,0,0,0,0,0,9000,0,0,0,352000,343000,9000,9000
065589,景碩永豐9C購02  ,0,0,0,0,0,0,0,0,0,9000,0,0,0,10000,1000,9000,9000
07246P,旺宏凱基99售08  ,0,0,0,0,0,0,0,0,0,9000,0,0,0,9000,0,9000,9000
07026P,超眾凱基99售03  ,0,0,0,0,0,0,0,0,0,9000,0,0,0,10000,1000,9000,9000
07841P,臻鼎元大9A售04  ,0,0,0,0,0,0,0,0,0,9000,0,0,0,24000,15000,9000,9000
07825P,健策國泰9B售04  ,0,0,0,0,0,0,0,0,0,9000,0,0,0,29000,20000,9000,9000
057366,智邦元大98購08  ,0,0,0,0,0,0,0,0,0,9000,0,0,0,12000,3000,9000,9000
056647,晶技凱基98購02  ,0,0,0,0,0,0,0,0,0,9000,0,0,0,9000,0,9000,9000
057543,華通凱基99購02  ,0,0,0,0,0,0,0,0,0,9000,0,0,0,51000,42000,9000,9000
060884,超眾中信9B購01  ,0,0,0,0,0,0,0,0,0,9000,0,0,0,290000,281000,9000,9000
060868,致伸永豐9A購01  ,0,0,0,0,0,0,0,0,0,9000,0,0,0,56000,47000,9000,9000
056980,建準群益98購02  ,0,0,0,0,0,0,0,0,0,9000,0,0,0,15000,6000,9000,9000
056854,友達中信9A購01  ,0,0,0,0,0,0,0,0,0,9000,0,0,0,9000,0,9000,9000
055771,台積電日盛97購04,0,0,0,0,0,0,0,0,0,9000,0,0,0,9000,0,9000,9000
053882,聯發科中信98購02,0,0,0,0,0,0,0,0,0,9000,0,0,0,9000,0,9000,9000
054763,宏達電國票99購01,0,0,0,0,0,0,0,0,0,9000,0,0,0,9000,0,9000,9000
053256,上銀富邦98購01  ,0,0,0,0,0,0,0,0,0,9000,0,0,0,10000,1000,9000,9000
057683,技嘉日盛98購01  ,0,0,0,0,0,0,0,0,0,9000,0,0,0,60000,51000,9000,9000
055271,鴻海元大98購03  ,0,0,0,0,0,0,0,0,0,9000,0,0,0,71000,62000,9000,9000
051577,台積電元大97購03,0,0,0,0,0,0,0,0,0,9000,0,0,0,13000,4000,9000,9000
059116,晶豪科永豐99購01,0,0,0,0,0,0,0,0,0,9000,0,0,0,68000,59000,9000,9000
061683,台灣50群益9B購09,0,0,0,0,0,0,0,0,0,9000,0,0,0,9000,0,9000,9000
061735,上銀凱基9B購01  ,0,0,0,0,0,0,0,0,0,9000,0,0,0,19000,10000,9000,9000
060144,全新國票9B購01  ,0,0,0,0,0,0,0,0,0,9000,0,0,0,68000,59000,9000,9000
058235,大立光元大99購08,0,0,0,0,0,0,0,0,0,9000,0,0,0,10000,1000,9000,9000
058623,國巨國票99購08  ,0,0,0,0,0,0,0,0,0,9000,0,0,0,19000,10000,9000,9000
058608,華新科元大99購13,0,0,0,0,0,0,0,0,0,9000,0,0,0,58000,49000,9000,9000
061337,台積電元大9A購27,0,0,0,0,0,0,0,0,0,9000,0,0,0,64000,55000,9000,9000
061065,神基凱基9A購01  ,0,0,0,0,0,0,0,0,0,9000,0,0,0,76000,67000,9000,9000
059988,大立光元大9A購02,0,0,0,0,0,0,0,0,0,9000,0,0,0,10000,1000,9000,9000
061891,力山永豐9B購01  ,0,0,0,0,0,0,0,0,0,9000,0,0,0,10000,1000,9000,9000
062459,聯詠群益9B購01  ,0,0,0,0,0,0,0,0,0,9000,0,0,0,19000,10000,9000,9000
062468,台積電凱基9B購06,0,0,0,0,0,0,0,0,0,9000,0,0,0,29000,20000,9000,9000
062510,台積電國票01購01,0,0,0,0,0,0,0,0,0,9000,0,0,0,9000,0,9000,9000
063286,嘉澤元大9B購04  ,0,0,0,0,0,0,0,0,0,9000,0,0,0,317000,308000,9000,9000
063659,世紀鋼元富9B購01,0,0,0,0,0,0,0,0,0,9000,0,0,0,59000,50000,9000,9000
063687,金像電永豐9B購04,0,0,0,0,0,0,0,0,0,9000,0,0,0,29000,20000,9000,9000
063504,國巨群益9C購06  ,0,0,0,0,0,0,0,0,0,9000,0,0,0,78000,69000,9000,9000
064001,華通凱基02購01  ,0,0,0,0,0,0,0,0,0,9000,0,0,0,41000,32000,9000,9000
064073,南電永豐9C購01  ,0,0,0,0,0,0,0,0,0,9000,0,0,0,21000,12000,9000,9000
064043,台積電統一9C購10,0,0,0,0,0,0,0,0,0,9000,0,0,0,76000,67000,9000,9000
064082,緯創中信06購01  ,0,0,0,0,0,0,0,0,0,9000,0,0,0,60000,51000,9000,9000
064461,致伸統一01購01  ,0,0,0,0,0,0,0,0,0,9000,0,0,0,141000,132000,9000,9000
6671,三能-KY         ,11000,2000,9000,0,0,0,0,0,0,0,0,0,0,0,0,0,9000
6442,光聖            ,14000,5000,9000,0,0,0,0,0,0,0,0,0,0,0,0,0,9000
4912,聯德控股-KY     ,9000,0,9000,0,0,0,0,0,0,0,0,0,0,0,0,0,9000
6197,佳必琪          ,515000,507000,8000,0,0,0,0,0,0,1000,1000,0,1000,0,0,0,9000
3528,安馳            ,7000,0,7000,0,0,0,0,0,0,2000,2000,0,2000,0,0,0,9000
1465,偉全            ,7000,0,7000,0,0,0,0,0,0,2000,2000,0,2000,0,0,0,9000
1720,生達            ,323000,314000,9000,0,0,0,0,0,0,0,2000,2000,0,0,0,0,9000
08529P,臻鼎元大9C售03  ,0,0,0,0,0,0,0,0,0,9000,0,0,0,9000,0,9000,9000
1410,南染            ,9000,0,9000,0,0,0,0,0,0,0,0,0,0,0,0,0,9000
08219P,上銀凱基9B售08  ,0,0,0,0,0,0,0,0,0,9000,0,0,0,19000,10000,9000,9000
08036P,嘉澤群益9B售03  ,0,0,0,0,0,0,0,0,0,9000,0,0,0,9000,0,9000,9000
07890P,南電國票9B售01  ,0,0,0,0,0,0,0,0,0,8000,0,0,0,30000,22000,8000,8000
07967P,力山元大9B售03  ,0,0,0,0,0,0,0,0,0,8000,0,0,0,8000,0,8000,8000
07752P,台灣50元大9C售33,0,0,0,0,0,0,0,0,0,8000,0,0,0,10000,2000,8000,8000
07128P,大毅元大99售04  ,0,0,0,0,0,0,0,0,0,8000,0,0,0,8000,0,8000,8000
07288P,台灣50凱基99售06,0,0,0,0,0,0,0,0,0,8000,0,0,0,100000,92000,8000,8000
06691P,臺股指群益9C售05,0,0,0,0,0,0,0,0,0,8000,0,0,0,10000,2000,8000,8000
06693P,臺股指凱基98售01,0,0,0,0,0,0,0,0,0,8000,0,0,0,16000,8000,8000,8000
06619P,聯發科元大98售06,0,0,0,0,0,0,0,0,0,8000,0,0,0,8000,0,8000,8000
065773,鴻海國票03購01  ,0,0,0,0,0,0,0,0,0,8000,0,0,0,100000,92000,8000,8000
064514,喬山群益9C購01  ,0,0,0,0,0,0,0,0,0,8000,0,0,0,16000,8000,8000,8000
064592,同欣電永豐9C購01,0,0,0,0,0,0,0,0,0,8000,0,0,0,18000,10000,8000,8000
05511P,T50反1台新06售01,0,0,0,0,0,0,0,0,0,8000,0,0,0,10000,2000,8000,8000
051218,聯發科元富9B購02,0,0,0,0,0,0,0,0,0,8000,0,0,0,8000,0,8000,8000
052437,聯發科富邦99購02,0,0,0,0,0,0,0,0,0,8000,0,0,0,8000,0,8000,8000
03025X,元展22          ,0,0,0,0,0,0,0,0,0,8000,0,0,0,8000,0,8000,8000
0052,富邦科技        ,0,1000,-1000,0,0,0,0,0,0,9000,0,0,0,160000,151000,9000,8000
00661,元大日經225     ,0,0,0,0,0,0,0,0,0,8000,0,0,0,13000,5000,8000,8000
057268,臻鼎兆豐99購01  ,0,0,0,0,0,0,0,0,0,8000,0,0,0,8000,0,8000,8000
053244,光磊國票97購01  ,0,0,0,0,0,0,0,0,0,8000,0,0,0,8000,0,8000,8000
055640,鴻海元富97購03  ,0,0,0,0,0,0,0,0,0,8000,0,0,0,8000,0,8000,8000
056908,牧德元大99購03  ,0,0,0,0,0,0,0,0,0,8000,0,0,0,8000,0,8000,8000
057525,光磊元大99購01  ,0,0,0,0,0,0,0,0,0,8000,0,0,0,50000,42000,8000,8000
060859,鴻海永豐9A購01  ,0,0,0,0,0,0,0,0,0,8000,0,0,0,8000,0,8000,8000
060865,創意永豐9A購01  ,0,0,0,0,0,0,0,0,0,8000,0,0,0,91000,83000,8000,8000
05610P,國巨群益98售01  ,0,0,0,0,0,0,0,0,0,8000,0,0,0,8000,0,8000,8000
055880,神達元富97購02  ,0,0,0,0,0,0,0,0,0,8000,0,0,0,8000,0,8000,8000
057634,道瓊反元大99購01,0,0,0,0,0,0,0,0,0,8000,0,0,0,8000,0,8000,8000
060050,鴻海凱基9B購01  ,0,0,0,0,0,0,0,0,0,8000,0,0,0,10000,2000,8000,8000
05961P,鴻海群益97售01  ,0,0,0,0,0,0,0,0,0,8000,0,0,0,10000,2000,8000,8000
060530,聯發科中信9C購03,0,0,0,0,0,0,0,0,0,8000,0,0,0,18000,10000,8000,8000
061319,聯發科凱基9A購16,0,0,0,0,0,0,0,0,0,8000,0,0,0,10000,2000,8000,8000
057948,嘉聯益國票99購02,0,0,0,0,0,0,0,0,0,8000,0,0,0,38000,30000,8000,8000
058354,台積電凱基9A購06,0,0,0,0,0,0,0,0,0,8000,0,0,0,8000,0,8000,8000
058471,台積電日盛9C購01,0,0,0,0,0,0,0,0,0,8000,0,0,0,69000,61000,8000,8000
060329,鎧勝群益9B購01  ,0,0,0,0,0,0,0,0,0,8000,0,0,0,14000,6000,8000,8000
060145,牧德國票9A購02  ,0,0,0,0,0,0,0,0,0,8000,0,0,0,29000,21000,8000,8000
061460,FBVIX群益9A購02 ,0,0,0,0,0,0,0,0,0,8000,0,0,0,8000,0,8000,8000
061743,祥碩凱基9B購02  ,0,0,0,0,0,0,0,0,0,8000,0,0,0,8000,0,8000,8000
059087,台積電元大99購26,0,0,0,0,0,0,0,0,0,8000,0,0,0,32000,24000,8000,8000
059921,大立光元大99購24,0,0,0,0,0,0,0,0,0,8000,0,0,0,28000,20000,8000,8000
059529,華新科凱基9A購04,0,0,0,0,0,0,0,0,0,8000,0,0,0,20000,12000,8000,8000
059334,A50正2國票9A購02,0,0,0,0,0,0,0,0,0,8000,0,0,0,17000,9000,8000,8000
059284,緯穎永豐99購03  ,0,0,0,0,0,0,0,0,0,8000,0,0,0,8000,0,8000,8000
059274,國巨元大99購22  ,0,0,0,0,0,0,0,0,0,8000,0,0,0,68000,60000,8000,8000
063997,泰鼎群益9C購01  ,0,0,0,0,0,0,0,0,0,8000,0,0,0,8000,0,8000,8000
063455,T50反1元大9B購07,0,0,0,0,0,0,0,0,0,8000,0,0,0,8000,0,8000,8000
063636,聯發科元大9B購26,0,0,0,0,0,0,0,0,0,8000,0,0,0,8000,0,8000,8000
063645,瑞儀元大9B購02  ,0,0,0,0,0,0,0,0,0,8000,0,0,0,18000,10000,8000,8000
063783,儒鴻中信9C購01  ,0,0,0,0,0,0,0,0,0,8000,0,0,0,18000,10000,8000,8000
063166,超眾永豐9B購01  ,0,0,0,0,0,0,0,0,0,8000,0,0,0,47000,39000,8000,8000
062718,技嘉凱基9B購01  ,0,0,0,0,0,0,0,0,0,8000,0,0,0,68000,60000,8000,8000
062642,帆宣國票9B購01  ,0,0,0,0,0,0,0,0,0,8000,0,0,0,59000,51000,8000,8000
062635,創意國票9B購01  ,0,0,0,0,0,0,0,0,0,8000,0,0,0,8000,0,8000,8000
062767,GIS凱基9B購02   ,0,0,0,0,0,0,0,0,0,8000,0,0,0,8000,0,8000,8000
062277,廣達群益9B購01  ,0,0,0,0,0,0,0,0,0,8000,0,0,0,140000,132000,8000,8000
061933,光寶科國票9B購01,0,0,0,0,0,0,0,0,0,8000,0,0,0,8000,0,8000,8000
08355P,智邦元大9C售03  ,0,0,0,0,0,0,0,0,0,8000,0,0,0,33000,25000,8000,8000
08555P,超眾國票01售01  ,0,0,0,0,0,0,0,0,0,8000,0,0,0,8000,0,8000,8000
08582P,臺股指元大9C售30,0,0,0,0,0,0,0,0,0,8000,0,0,0,28000,20000,8000,8000
1810,和成            ,69000,62000,7000,0,0,0,0,0,0,1000,1000,0,1000,0,0,0,8000
1539,巨庭            ,6000,1000,5000,0,0,0,0,0,0,3000,3000,0,3000,0,0,0,8000
2062,橋椿            ,60000,56000,4000,0,0,0,0,0,0,4000,4000,0,4000,0,0,0,8000
3308,聯德            ,10000,2000,8000,0,0,0,0,0,0,0,0,0,0,0,0,0,8000
5546,永固-KY         ,12000,4000,8000,0,0,0,0,0,0,0,0,0,0,0,0,0,8000
6405,悅城            ,9000,1000,8000,0,0,0,0,0,0,0,0,0,0,0,0,0,8000
06461P,玉晶光國泰9A售01,0,0,0,0,0,0,0,0,0,7000,0,0,0,7000,0,7000,7000
065292,緯創群益9C購01  ,0,0,0,0,0,0,0,0,0,7000,0,0,0,127000,120000,7000,7000
057612,瑞昱元富02購01  ,0,0,0,0,0,0,0,0,0,7000,0,0,0,53000,46000,7000,7000
055942,臺股指群益9C購01,0,0,0,0,0,0,0,0,0,7000,0,0,0,7000,0,7000,7000
055923,矽力凱基98購01  ,0,0,0,0,0,0,0,0,0,7000,0,0,0,13000,6000,7000,7000
055801,景碩永豐97購02  ,0,0,0,0,0,0,0,0,0,7000,0,0,0,10000,3000,7000,7000
057458,TPK富邦9A購01   ,0,0,0,0,0,0,0,0,0,7000,0,0,0,7000,0,7000,7000
060845,欣興國票9A購01  ,0,0,0,0,0,0,0,0,0,7000,0,0,0,38000,31000,7000,7000
053761,健策國泰98購01  ,0,0,0,0,0,0,0,0,0,7000,0,0,0,7000,0,7000,7000
054756,世紀鋼凱基99購01,0,0,0,0,0,0,0,0,0,7000,0,0,0,45000,38000,7000,7000
054679,台積電康和99購01,0,0,0,0,0,0,0,0,0,7000,0,0,0,7000,0,7000,7000
054844,華邦電兆豐98購01,0,0,0,0,0,0,0,0,0,7000,0,0,0,7000,0,7000,7000
053585,友達元大9C購03  ,0,0,0,0,0,0,0,0,0,7000,0,0,0,7000,0,7000,7000
057637,上銀元大98購07  ,0,0,0,0,0,0,0,0,0,7000,0,0,0,7000,0,7000,7000
057685,台灣50凱基9C購01,0,0,0,0,0,0,0,0,0,7000,0,0,0,7000,0,7000,7000
057748,華通國票98購04  ,0,0,0,0,0,0,0,0,0,7000,0,0,0,17000,10000,7000,7000
0057,富邦摩台        ,0,0,0,0,0,0,0,0,0,7000,0,0,0,100000,93000,7000,7000
03448B,臺股指元大9C熊11,0,0,0,0,0,0,0,0,0,7000,0,0,0,72000,65000,7000,7000
048070,聯發科元富99購03,0,0,0,0,0,0,0,0,0,7000,0,0,0,8000,1000,7000,7000
059163,台積電凱基99購10,0,0,0,0,0,0,0,0,0,7000,0,0,0,7000,0,7000,7000
059424,SGBR2X元大9A購01,0,0,0,0,0,0,0,0,0,7000,0,0,0,8000,1000,7000,7000
059868,台光電凱基99購03,0,0,0,0,0,0,0,0,0,7000,0,0,0,7000,0,7000,7000
061435,元金2X凱基9C購03,0,0,0,0,0,0,0,0,0,7000,0,0,0,7000,0,7000,7000
061520,健策中信9A購01  ,0,0,0,0,0,0,0,0,0,7000,0,0,0,11000,4000,7000,7000
058243,華擎元大99購01  ,0,0,0,0,0,0,0,0,0,7000,0,0,0,7000,0,7000,7000
057941,聯電國票99購01  ,0,0,0,0,0,0,0,0,0,7000,0,0,0,35000,28000,7000,7000
057836,南亞科國泰9A購01,0,0,0,0,0,0,0,0,0,7000,0,0,0,7000,0,7000,7000
061335,國巨元大9A購19  ,0,0,0,0,0,0,0,0,0,7000,0,0,0,9000,2000,7000,7000
061222,台灣50中信9A購02,0,0,0,0,0,0,0,0,0,7000,0,0,0,11000,4000,7000,7000
058780,牧德國票9A購01  ,0,0,0,0,0,0,0,0,0,7000,0,0,0,38000,31000,7000,7000
059976,道瓊銀元大99購01,0,0,0,0,0,0,0,0,0,7000,0,0,0,7000,0,7000,7000
061945,華通群益9B購04  ,0,0,0,0,0,0,0,0,0,7000,0,0,0,7000,0,7000,7000
062204,京元電國票9C購01,0,0,0,0,0,0,0,0,0,7000,0,0,0,27000,20000,7000,7000
062236,信邦凱基9B購01  ,0,0,0,0,0,0,0,0,0,7000,0,0,0,103000,96000,7000,7000
062500,國巨群益01購01  ,0,0,0,0,0,0,0,0,0,7000,0,0,0,20000,13000,7000,7000
062888,漢唐群益9B購01  ,0,0,0,0,0,0,0,0,0,7000,0,0,0,7000,0,7000,7000
06294P,臺股指國票97售08,0,0,0,0,0,0,0,0,0,7000,0,0,0,10000,3000,7000,7000
063892,旺宏群益01購01  ,0,0,0,0,0,0,0,0,0,7000,0,0,0,30000,23000,7000,7000
063549,國巨國票9C購05  ,0,0,0,0,0,0,0,0,0,7000,0,0,0,11000,4000,7000,7000
063421,可成凱基9C購02  ,0,0,0,0,0,0,0,0,0,7000,0,0,0,18000,11000,7000,7000
064251,緯創元富9C購01  ,0,0,0,0,0,0,0,0,0,7000,0,0,0,27000,20000,7000,7000
5538,東明-KY         ,6000,0,6000,0,0,0,0,0,0,1000,1000,0,1000,0,0,0,7000
6172,互億            ,5000,0,5000,0,0,0,0,0,0,2000,2000,0,2000,0,0,0,7000
4562,穎漢            ,7000,0,7000,0,0,0,0,0,0,0,0,0,0,0,0,0,7000
3130,一零四          ,7000,0,7000,0,0,0,0,0,0,0,0,0,0,0,0,0,7000
2936,客思達-KY       ,6000,0,6000,0,0,0,0,0,0,1000,1000,0,1000,0,0,0,7000
1474,弘裕            ,8000,4000,4000,0,0,0,0,0,0,3000,3000,0,3000,0,0,0,7000
1735,日勝化          ,8000,1000,7000,0,0,0,0,0,0,0,0,0,0,0,0,0,7000
08520P,和大元大9C售04  ,0,0,0,0,0,0,0,0,0,7000,0,0,0,18000,11000,7000,7000
08213P,台光電統一9B售03,0,0,0,0,0,0,0,0,0,7000,0,0,0,12000,5000,7000,7000
065373,聯發科元大01購03,0,0,0,0,0,0,0,0,0,6000,0,0,0,6000,0,6000,6000
065602,聯發科元大9C購15,0,0,0,0,0,0,0,0,0,6000,0,0,0,6000,0,6000,6000
064710,元金2X統一03購01,0,0,0,0,0,0,0,0,0,6000,0,0,0,6000,0,6000,6000
064750,緯穎麥證9C購01  ,0,0,0,6000,0,6000,0,0,0,6000,0,0,0,6000,0,6000,6000
066024,金像電群益01購04,0,0,0,0,0,0,0,0,0,6000,0,0,0,48000,42000,6000,6000
06613P,華新科富邦9A售03,0,0,0,0,0,0,0,0,0,6000,0,0,0,26000,20000,6000,6000
06695P,群創兆豐98售04  ,0,0,0,0,0,0,0,0,0,6000,0,0,0,6000,0,6000,6000
07983P,茂林群益9B售03  ,0,0,0,0,0,0,0,0,0,6000,0,0,0,11000,5000,6000,6000
051861,鴻海凱基98購01  ,0,0,0,0,0,0,0,0,0,6000,0,0,0,6000,0,6000,6000
055323,貿聯國票98購01  ,0,0,0,0,0,0,0,0,0,6000,0,0,0,16000,10000,6000,6000
053121,上証2X凱基9C購01,0,0,0,0,0,0,0,0,0,6000,0,0,0,6000,0,6000,6000
04590P,元石油元大97售01,0,0,0,0,0,0,0,0,0,6000,0,0,0,6000,0,6000,6000
057692,臺股指凱基98購10,0,0,0,0,0,0,0,0,0,6000,0,0,0,6000,0,6000,6000
057648,和碩元大98購01  ,0,0,0,0,0,0,0,0,0,6000,0,0,0,6000,0,6000,6000
054534,台積電富邦98購03,0,0,0,0,0,0,0,0,0,6000,0,0,0,6000,0,6000,6000
054552,聯發科凱基98購03,0,0,0,0,0,0,0,0,0,6000,0,0,0,26000,20000,6000,6000
055798,聯茂富邦98購01  ,0,0,0,0,0,0,0,0,0,6000,0,0,0,6000,0,6000,6000
055728,緯穎元大97購03  ,0,0,0,0,0,0,0,0,0,6000,0,0,0,6000,0,6000,6000
060857,旭富富邦9B購01  ,0,0,0,0,0,0,0,0,0,6000,0,0,0,16000,10000,6000,6000
060479,億豐元大9A購01  ,0,0,0,0,0,0,0,0,0,6000,0,0,0,6000,0,6000,6000
056743,貿聯凱基98購04  ,0,0,0,0,0,0,0,0,0,6000,0,0,0,34000,28000,6000,6000
056856,華通群益9A購01  ,0,0,0,0,0,0,0,0,0,6000,0,0,0,6000,0,6000,6000
056995,華新科日盛99購01,0,0,0,0,0,0,0,0,0,6000,0,0,0,11000,5000,6000,6000
056709,華通永豐98購01  ,0,0,0,0,0,0,0,0,0,6000,0,0,0,70000,64000,6000,6000
056166,微星台新97購01  ,0,0,0,0,0,0,0,0,0,6000,0,0,0,6000,0,6000,6000
056173,廣達元富97購01  ,0,0,0,0,0,0,0,0,0,6000,0,0,0,6000,0,6000,6000
059691,大立光永豐99購02,0,0,0,0,0,0,0,0,0,6000,0,0,0,6000,0,6000,6000
060037,鴻海國票99購10  ,0,0,0,0,0,0,0,0,0,6000,0,0,0,35000,29000,6000,6000
061155,華新科群益9A購06,0,0,0,0,0,0,0,0,0,6000,0,0,0,6000,0,6000,6000
057991,健策統一9C購01  ,0,0,0,0,0,0,0,0,0,6000,0,0,0,20000,14000,6000,6000
061169,GIS兆豐9A購01   ,0,0,0,0,0,0,0,0,0,6000,0,0,0,8000,2000,6000,6000
061257,上銀凱基9A購06  ,0,0,0,0,0,0,0,0,0,6000,0,0,0,10000,4000,6000,6000
061072,南電凱基9B購01  ,0,0,0,0,0,0,0,0,0,6000,0,0,0,21000,15000,6000,6000
057944,新日興國票99購02,0,0,0,0,0,0,0,0,0,6000,0,0,0,52000,46000,6000,6000
058454,嘉晶永豐99購01  ,0,0,0,0,0,0,0,0,0,6000,0,0,0,6000,0,6000,6000
060274,T50反1元大9A購04,0,0,0,0,0,0,0,0,0,6000,0,0,0,6000,0,6000,6000
060199,台郡元富9A購01  ,0,0,0,0,0,0,0,0,0,6000,0,0,0,6000,0,6000,6000
061485,鴻海兆豐9A購01  ,0,0,0,0,0,0,0,0,0,6000,0,0,0,8000,2000,6000,6000
058281,奇力新中信99購01,0,0,0,0,0,0,0,0,0,6000,0,0,0,6000,0,6000,6000
061798,晶豪科永豐9B購01,0,0,0,0,0,0,0,0,0,6000,0,0,0,300000,294000,6000,6000
061705,健策國票9A購06  ,0,0,0,0,0,0,0,0,0,6000,0,0,0,14000,8000,6000,6000
06168P,台表科國票97售06,0,0,0,0,0,0,0,0,0,6000,0,0,0,6000,0,6000,6000
061564,華擎國票9A購02  ,0,0,0,0,0,0,0,0,0,6000,0,0,0,78000,72000,6000,6000
058360,台光電凱基9A購02,0,0,0,0,0,0,0,0,0,6000,0,0,0,6000,0,6000,6000
059044,聯電日盛99購02  ,0,0,0,0,0,0,0,0,0,6000,0,0,0,6000,0,6000,6000
059151,臺股指國票99購14,0,0,0,0,0,0,0,0,0,6000,0,0,0,6000,0,6000,6000
064385,台積電富邦03購02,0,0,0,0,0,0,0,0,0,6000,0,0,0,417000,411000,6000,6000
063525,廣達凱基9B購02  ,0,0,0,0,0,0,0,0,0,6000,0,0,0,6000,0,6000,6000
063886,南電元富9C購01  ,0,0,0,0,0,0,0,0,0,6000,0,0,0,6000,0,6000,6000
063681,深中小永豐9B購01,0,0,0,0,0,0,0,0,0,6000,0,0,0,6000,0,6000,6000
062950,貿聯富邦01購01  ,0,0,0,0,0,0,0,0,0,6000,0,0,0,6000,0,6000,6000
062766,台郡凱基9B購02  ,0,0,0,0,0,0,0,0,0,6000,0,0,0,18000,12000,6000,6000
062461,智伸科群益9B購01,0,0,0,0,0,0,0,0,0,6000,0,0,0,8000,2000,6000,6000
062437,廣達元大9B購01  ,0,0,0,0,0,0,0,0,0,6000,0,0,0,135000,129000,6000,6000
062254,台光電元大9B購02,0,0,0,0,0,0,0,0,0,6000,0,0,0,7000,1000,6000,6000
061908,台積電中信05購01,0,0,0,0,0,0,0,0,0,6000,0,0,0,11000,5000,6000,6000
062009,聯發科國泰01購01,0,0,0,0,0,0,0,0,0,6000,0,0,0,6000,0,6000,6000
08240P,華通中信06售03  ,0,0,0,0,0,0,0,0,0,6000,0,0,0,10000,4000,6000,6000
08627P,臺股指群益9C售22,0,0,0,0,0,0,0,0,0,6000,0,0,0,6000,0,6000,6000
1516,川飛            ,6000,0,6000,0,0,0,0,0,0,0,0,0,0,0,0,0,6000
1531,高林股          ,41000,38000,3000,0,0,0,0,0,0,3000,3000,0,3000,0,0,0,6000
3046,建碁            ,11000,6000,5000,0,0,0,0,0,0,1000,1000,0,1000,0,0,0,6000
2465,麗臺            ,15000,9000,6000,0,0,0,0,0,0,0,0,0,0,0,0,0,6000
4807,日成-KY         ,7000,2000,5000,0,0,0,0,0,0,1000,1000,0,1000,0,0,0,6000
6625,必應            ,8000,3000,5000,0,0,0,0,0,0,1000,1000,0,1000,0,0,0,6000
6641,基士德-KY       ,6000,0,6000,0,0,0,0,0,0,0,0,0,0,0,0,0,6000
8442,威宏-KY         ,4000,0,4000,0,0,0,0,0,0,2000,2000,0,2000,0,0,0,6000
910861,神州-DR         ,16000,10000,6000,0,0,0,0,0,0,0,0,0,0,0,0,0,6000
8940,新天地          ,6000,0,6000,0,0,0,0,0,0,0,0,0,0,0,0,0,6000
9931,欣高            ,6000,0,6000,0,0,0,0,0,0,0,0,0,0,0,0,0,6000
2382,廣達            ,3646008,3247000,399008,0,0,0,0,76000,-76000,-318000,149000,205000,-56000,112000,374000,-262000,5008
07966P,瑞祺群益9B售02  ,0,0,0,0,0,0,0,0,0,5000,0,0,0,5000,0,5000,5000
07927P,國巨統一9B售08  ,0,0,0,0,0,0,0,0,0,5000,0,0,0,5000,0,5000,5000
07855P,旺宏凱基9A售09  ,0,0,0,0,0,0,0,0,0,5000,0,0,0,5000,0,5000,5000
07800P,華新科國泰9B售04,0,0,0,0,0,0,0,0,0,5000,0,0,0,54000,49000,5000,5000
07688P,華通元大9A售07  ,0,0,0,0,0,0,0,0,0,5000,0,0,0,5000,0,5000,5000
07543P,台積電凱基9A售17,0,0,0,0,0,0,0,0,0,5000,0,0,0,5000,0,5000,5000
07344P,鴻海富邦9A售03  ,0,0,0,0,0,0,0,0,0,5000,0,0,0,5000,0,5000,5000
07499P,台積電元大9A售12,0,0,0,0,0,0,0,0,0,5000,0,0,0,5000,0,5000,5000
07487P,鴻海國票9A售01  ,0,0,0,0,0,0,0,0,0,5000,0,0,0,5000,0,5000,5000
06990P,康友元富99售03  ,0,0,0,0,0,0,0,0,0,5000,0,0,0,5000,0,5000,5000
06876P,台灣50兆豐9B售01,0,0,0,0,0,0,0,0,0,5000,0,0,0,5000,0,5000,5000
066073,奇鋐凱基01購01  ,0,0,0,0,0,0,0,0,0,5000,0,0,0,5000,0,5000,5000
06602P,國巨統一99售02  ,0,0,0,0,0,0,0,0,0,5000,0,0,0,5000,0,5000,5000
066008,大立光統一03購02,0,0,0,0,0,0,0,0,0,5000,0,0,0,67000,62000,5000,5000
06593P,欣興元大98售05  ,0,0,0,0,0,0,0,0,0,5000,0,0,0,250000,245000,5000,5000
06582P,可成凱基98售06  ,0,0,0,0,0,0,0,0,0,5000,0,0,0,5000,0,5000,5000
064797,道瓊反元大01購01,0,0,0,0,0,0,0,0,0,5000,0,0,0,5000,0,5000,5000
064734,大立光元富9C購05,0,0,0,0,0,0,0,0,0,5000,0,0,0,5000,0,5000,5000
064636,臺股指元大9C購22,0,0,0,0,0,0,0,0,0,5000,0,0,0,15000,10000,5000,5000
064543,華通凱基02購02  ,0,0,0,0,0,0,0,0,0,5000,0,0,0,25000,20000,5000,5000
06497P,大立光凱基98售11,0,0,0,0,0,0,0,0,0,5000,0,0,0,5000,0,5000,5000
064930,南六統一02購02  ,0,0,0,0,0,0,0,0,0,5000,0,0,0,40000,35000,5000,5000
065633,聯發科國票01購02,0,0,0,0,0,0,0,0,0,5000,0,0,0,8000,3000,5000,5000
065204,神隆國票01購01  ,0,0,0,0,0,0,0,0,0,5000,0,0,0,55000,50000,5000,5000
056104,義隆永豐97購01  ,0,0,0,0,0,0,0,0,0,5000,0,0,0,5000,0,5000,5000
056133,可成元大97購05  ,0,0,0,0,0,0,0,0,0,5000,0,0,0,5000,0,5000,5000
056044,同欣電凱基97購03,0,0,0,0,0,0,0,0,0,5000,0,0,0,5000,0,5000,5000
056055,國巨元大97購15  ,0,0,0,0,0,0,0,0,0,5000,0,0,0,5000,0,5000,5000
056226,聯發科凱基97購10,0,0,0,0,0,0,0,0,0,5000,0,0,0,5000,0,5000,5000
057478,智邦元大99購01  ,0,0,0,0,0,0,0,0,0,5000,0,0,0,5000,0,5000,5000
055955,微星元大97購01  ,0,0,0,0,0,0,0,0,0,5000,0,0,0,5000,0,5000,5000
055852,聯鈞元大98購01  ,0,0,0,0,0,0,0,0,0,5000,0,0,0,5000,0,5000,5000
056461,樺漢凱基98購02  ,0,0,0,0,0,0,0,0,0,5000,0,0,0,5000,0,5000,5000
057557,聯茂凱基99購04  ,0,0,0,0,0,0,0,0,0,5000,0,0,0,9000,4000,5000,5000
057563,旭富國泰9A購01  ,0,0,0,0,0,0,0,0,0,5000,0,0,0,5000,0,5000,5000
056972,祥碩永豐98購02  ,0,0,0,0,0,0,0,0,0,5000,0,0,0,5000,0,5000,5000
056880,緯穎國票98購02  ,0,0,0,0,0,0,0,0,0,5000,0,0,0,5000,0,5000,5000
056914,臺股指元大99購09,0,0,0,0,0,0,0,0,0,5000,0,0,0,5000,0,5000,5000
056746,超眾凱基99購01  ,0,0,0,0,0,0,0,0,0,5000,0,0,0,10000,5000,5000,5000
056742,玉晶光凱基9A購01,0,0,0,0,0,0,0,0,0,5000,0,0,0,5000,0,5000,5000
056800,臺股指麥證98購01,0,0,0,19000,14000,5000,0,0,0,5000,0,0,0,19000,14000,5000,5000
057126,台積電凱基99購03,0,0,0,0,0,0,0,0,0,5000,0,0,0,5000,0,5000,5000
060633,玉晶光富邦02購01,0,0,0,0,0,0,0,0,0,5000,0,0,0,5000,0,5000,5000
060818,上銀統一9C購01  ,0,0,0,0,0,0,0,0,0,5000,0,0,0,15000,10000,5000,5000
060892,超眾統一9C購01  ,0,0,0,0,0,0,0,0,0,5000,0,0,0,5000,0,5000,5000
053186,健策中信9C購01  ,0,0,0,0,0,0,0,0,0,5000,0,0,0,31000,26000,5000,5000
055755,禾伸堂兆豐97購02,0,0,0,0,0,0,0,0,0,5000,0,0,0,99000,94000,5000,5000
055657,超眾元富97購02  ,0,0,0,0,0,0,0,0,0,5000,0,0,0,15000,10000,5000,5000
055622,群創國泰99購01  ,0,0,0,0,0,0,0,0,0,5000,0,0,0,5000,0,5000,5000
054511,香港反元大98購01,0,0,0,0,0,0,0,0,0,5000,0,0,0,96000,91000,5000,5000
057237,群創凱基9B購02  ,0,0,0,0,0,0,0,0,0,5000,0,0,0,5000,0,5000,5000
053293,聯發科中信9B購01,0,0,0,0,0,0,0,0,0,5000,0,0,0,5000,0,5000,5000
03670C,元油2X元富99牛01,0,0,0,0,0,0,0,0,0,5000,0,0,0,5000,0,5000,5000
052734,台表科國泰98購02,0,0,0,0,0,0,0,0,0,5000,0,0,0,5000,0,5000,5000
052986,聯發科元大97購05,0,0,0,0,0,0,0,0,0,5000,0,0,0,15000,10000,5000,5000
0051,元大中型100     ,1000,2000,-1000,0,0,0,0,0,0,6000,0,0,0,16000,10000,6000,5000
00663L,國泰臺灣加權正2 ,1000,0,1000,0,0,0,0,0,0,4000,0,0,0,21000,17000,4000,5000
052308,大立光國泰97購02,0,0,0,0,0,0,0,0,0,5000,0,0,0,5000,0,5000,5000
052325,高股息中信99購01,0,0,0,0,0,0,0,0,0,5000,0,0,0,5000,0,5000,5000
055300,緯穎元大98購01  ,0,0,0,0,0,0,0,0,0,5000,0,0,0,5000,0,5000,5000
054167,揚明光凱基98購01,0,0,0,0,0,0,0,0,0,5000,0,0,0,5000,0,5000,5000
054385,矽創群益98購01  ,0,0,0,0,0,0,0,0,0,5000,0,0,0,5000,0,5000,5000
054354,技嘉富邦97購01  ,0,0,0,0,0,0,0,0,0,5000,0,0,0,5000,0,5000,5000
054307,高鐵凱基98購01  ,0,0,0,0,0,0,0,0,0,5000,0,0,0,5000,0,5000,5000
054293,健策元大98購02  ,0,0,0,0,0,0,0,0,0,5000,0,0,0,13000,8000,5000,5000
051466,玉晶光富邦97購01,0,0,0,0,0,0,0,0,0,5000,0,0,0,5000,0,5000,5000
055164,矽創元大98購01  ,0,0,0,0,0,0,0,0,0,5000,0,0,0,5000,0,5000,5000
048010,嘉聯益富邦97購01,0,0,0,0,0,0,0,0,0,5000,0,0,0,5000,0,5000,5000
046191,新光金凱基98購01,0,0,0,0,0,0,0,0,0,5000,0,0,0,5000,0,5000,5000
050714,深中小群益98購01,0,0,0,0,0,0,0,0,0,5000,0,0,0,5000,0,5000,5000
059265,美律中信01購01  ,0,0,0,0,0,0,0,0,0,5000,0,0,0,15000,10000,5000,5000
059415,台灣50元大9A購03,0,0,0,0,0,0,0,0,0,5000,0,0,0,5000,0,5000,5000
059435,大立光元大99購17,0,0,0,0,0,0,0,0,0,5000,0,0,0,5000,0,5000,5000
059302,大立光群益99購08,0,0,0,0,0,0,0,0,0,5000,0,0,0,5000,0,5000,5000
059378,台光電群益9B購01,0,0,0,0,0,0,0,0,0,5000,0,0,0,5000,0,5000,5000
059009,世紀鋼元大99購04,0,0,0,0,0,0,0,0,0,5000,0,0,0,41000,36000,5000,5000
059012,臺股指元大9A購31,0,0,0,0,0,0,0,0,0,5000,0,0,0,5000,0,5000,5000
059907,道瓊指元大99購03,0,0,0,0,0,0,0,0,0,5000,0,0,0,5000,0,5000,5000
060111,臻鼎元大99購04  ,0,0,0,0,0,0,0,0,0,5000,0,0,0,5000,0,5000,5000
061558,旺宏國票9B購02  ,0,0,0,0,0,0,0,0,0,5000,0,0,0,13000,8000,5000,5000
061607,台表科凱基9B購02,0,0,0,0,0,0,0,0,0,5000,0,0,0,16000,11000,5000,5000
061629,FBVIX元大9A購01 ,0,0,0,0,0,0,0,0,0,5000,0,0,0,5000,0,5000,5000
061634,遠東新元大9A購01,0,0,0,0,0,0,0,0,0,5000,0,0,0,111000,106000,5000,5000
061734,全新中信9B購02  ,0,0,0,0,0,0,0,0,0,5000,0,0,0,30000,25000,5000,5000
061509,SP黃豆富邦9C購01,0,0,0,0,0,0,0,0,0,5000,0,0,0,6000,1000,5000,5000
061510,嘉澤富邦9C購01  ,0,0,0,0,0,0,0,0,0,5000,0,0,0,6000,1000,5000,5000
060295,貿聯元大9A購03  ,0,0,0,0,0,0,0,0,0,5000,0,0,0,10000,5000,5000,5000
058462,台積電兆豐99購01,0,0,0,0,0,0,0,0,0,5000,0,0,0,5000,0,5000,5000
058485,智邦國票9A購01  ,0,0,0,0,0,0,0,0,0,5000,0,0,0,16000,11000,5000,5000
059796,台積電國票99購10,0,0,0,0,0,0,0,0,0,5000,0,0,0,5000,0,5000,5000
058659,力成中信99購01  ,0,0,0,0,0,0,0,0,0,5000,0,0,0,5000,0,5000,5000
058633,台灣50兆豐99購01,0,0,0,0,0,0,0,0,0,5000,0,0,0,5000,0,5000,5000
057833,聯發科元富02購06,0,0,0,0,0,0,0,0,0,5000,0,0,0,5000,0,5000,5000
057857,牧德國票99購01  ,0,0,0,0,0,0,0,0,0,5000,0,0,0,5000,0,5000,5000
061128,大立光永豐9A購02,0,0,0,0,0,0,0,0,0,5000,0,0,0,5000,0,5000,5000
061160,瑞祺群益9A購01  ,0,0,0,0,0,0,0,0,0,5000,0,0,0,5000,0,5000,5000
061167,臻鼎兆豐9B購01  ,0,0,0,0,0,0,0,0,0,5000,0,0,0,5000,0,5000,5000
061201,FBVIX元大01購03 ,0,0,0,0,0,0,0,0,0,5000,0,0,0,5000,0,5000,5000
058848,台積電群益99購07,0,0,0,0,0,0,0,0,0,5000,0,0,0,5000,0,5000,5000
058855,台積電兆豐99購02,0,0,0,0,0,0,0,0,0,5000,0,0,0,5000,0,5000,5000
059729,群創元大9C購05  ,0,0,0,0,0,0,0,0,0,5000,0,0,0,5000,0,5000,5000
059720,台積電元大99購43,0,0,0,0,0,0,0,0,0,5000,0,0,0,5000,0,5000,5000
057998,玉晶光麥證9A購01,0,0,0,22000,0,22000,0,0,0,5000,0,0,0,22000,17000,5000,5000
060397,群創國票9A購01  ,0,0,0,0,0,0,0,0,0,5000,0,0,0,5000,0,5000,5000
061912,台積電中信05購05,0,0,0,0,0,0,0,0,0,5000,0,0,0,5000,0,5000,5000
062284,華擎群益9C購03  ,0,0,0,0,0,0,0,0,0,5000,0,0,0,9000,4000,5000,5000
062289,緯穎群益9B購01  ,0,0,0,0,0,0,0,0,0,5000,0,0,0,76000,71000,5000,5000
062512,美食國票9B購01  ,0,0,0,0,0,0,0,0,0,5000,0,0,0,49000,44000,5000,5000
062581,鴻海統一01購02  ,0,0,0,0,0,0,0,0,0,5000,0,0,0,5000,0,5000,5000
062772,T50反1元大9B購06,0,0,0,0,0,0,0,0,0,5000,0,0,0,5000,0,5000,5000
062896,中興電元大9B購01,0,0,0,0,0,0,0,0,0,5000,0,0,0,133000,128000,5000,5000
062724,可成凱基9B購04  ,0,0,0,0,0,0,0,0,0,5000,0,0,0,5000,0,5000,5000
062736,漢唐國票9B購01  ,0,0,0,0,0,0,0,0,0,5000,0,0,0,5000,0,5000,5000
063098,台灣50群益01購02,0,0,0,0,0,0,0,0,0,5000,0,0,0,5000,0,5000,5000
063091,聯電中信9B購01  ,0,0,0,0,0,0,0,0,0,5000,0,0,0,271000,266000,5000,5000
063195,訊連元富9B購01  ,0,0,0,0,0,0,0,0,0,5000,0,0,0,231000,226000,5000,5000
063279,國巨元大9C購05  ,0,0,0,0,0,0,0,0,0,5000,0,0,0,6000,1000,5000,5000
06340P,鴻海統一98售06  ,0,0,0,0,0,0,0,0,0,5000,0,0,0,20000,15000,5000,5000
063323,同欣電群益9B購03,0,0,0,0,0,0,0,0,0,5000,0,0,0,5000,0,5000,5000
06423P,亞光台新97售01  ,0,0,0,0,0,0,0,0,0,5000,0,0,0,5000,0,5000,5000
064123,台積電元大9C購09,0,0,0,0,0,0,0,0,0,5000,0,0,0,7000,2000,5000,5000
064111,國巨國票02購02  ,0,0,0,0,0,0,0,0,0,5000,0,0,0,7000,2000,5000,5000
064169,南電統一9C購01  ,0,0,0,0,0,0,0,0,0,5000,0,0,0,5000,0,5000,5000
2438,翔耀            ,11000,6000,5000,0,0,0,0,0,0,0,0,0,0,0,0,0,5000
1817,凱撒衛          ,8000,3000,5000,0,0,0,0,0,0,0,0,0,0,0,0,0,5000
2891C,中信金丙特      ,0,0,0,0,0,0,0,0,0,5000,5000,0,5000,0,0,0,5000
08390P,旺宏凱基9C售02  ,0,0,0,0,0,0,0,0,0,5000,0,0,0,65000,60000,5000,5000
08282P,南六群益9C售01  ,0,0,0,0,0,0,0,0,0,5000,0,0,0,5000,0,5000,5000
08034P,台積電兆豐9B售02,0,0,0,0,0,0,0,0,0,5000,0,0,0,5000,0,5000,5000
08158P,嘉澤元富9B售03  ,0,0,0,0,0,0,0,0,0,5000,0,0,0,5000,0,5000,5000
08207P,金像電群益9B售05,0,0,0,0,0,0,0,0,0,5000,0,0,0,61000,56000,5000,5000
08127P,聯發科元大9B售21,0,0,0,0,0,0,0,0,0,5000,0,0,0,10000,5000,5000,5000
8427,基勝-KY         ,4000,0,4000,0,0,0,0,0,0,1000,1000,0,1000,0,0,0,5000
8488,吉源-KY         ,7000,3000,4000,0,0,0,0,0,0,1000,1000,0,1000,0,0,0,5000
4755,三福化          ,12000,7000,5000,0,0,0,0,0,0,0,0,0,0,0,0,0,5000
065307,矽格元富9C購01  ,0,0,0,0,0,0,0,0,0,4000,0,0,0,269000,265000,4000,4000
065116,臺股指國票9C購13,0,0,0,0,0,0,0,0,0,4000,0,0,0,15000,11000,4000,4000
064621,大立光元大9C購20,0,0,0,0,0,0,0,0,0,4000,0,0,0,4000,0,4000,4000
065784,正崴永豐9C購01  ,0,0,0,0,0,0,0,0,0,4000,0,0,0,50000,46000,4000,4000
066070,金像電凱基01購03,0,0,0,0,0,0,0,0,0,4000,0,0,0,117000,113000,4000,4000
066053,創意元大01購01  ,0,0,0,0,0,0,0,0,0,4000,0,0,0,4000,0,4000,4000
06690P,玉晶光群益9A售05,0,0,0,0,0,0,0,0,0,4000,0,0,0,46000,42000,4000,4000
07418P,聯發科元大99售45,0,0,0,0,0,0,0,0,0,4000,0,0,0,14000,10000,4000,4000
07958P,華擎群益9B售01  ,0,0,0,0,0,0,0,0,0,4000,0,0,0,10000,6000,4000,4000
052969,建準群益97購01  ,0,0,0,0,0,0,0,0,0,4000,0,0,0,4000,0,4000,4000
045053,聯發科元富98購01,0,0,0,0,0,0,0,0,0,4000,0,0,0,606000,602000,4000,4000
04137P,元油反國票97售01,0,0,0,0,0,0,0,0,0,4000,0,0,0,4000,0,4000,4000
053371,滬深2X元大99購01,0,0,0,0,0,0,0,0,0,4000,0,0,0,4000,0,4000,4000
057291,國巨國泰9A購01  ,0,0,0,0,0,0,0,0,0,4000,0,0,0,24000,20000,4000,4000
057693,臺股指凱基98購11,0,0,0,0,0,0,0,0,0,4000,0,0,0,4000,0,4000,4000
054532,強茂國泰98購01  ,0,0,0,0,0,0,0,0,0,4000,0,0,0,6000,2000,4000,4000
055794,聯發科國泰99購01,0,0,0,0,0,0,0,0,0,4000,0,0,0,4000,0,4000,4000
060757,台積電元大9A購18,0,0,0,0,0,0,0,0,0,4000,0,0,0,4000,0,4000,4000
057321,台泥群益98購01  ,0,0,0,0,0,0,0,0,0,4000,0,0,0,111000,107000,4000,4000
056519,創意國票99購01  ,0,0,0,0,0,0,0,0,0,4000,0,0,0,4000,0,4000,4000
055924,深中小群益9B購01,0,0,0,0,0,0,0,0,0,4000,0,0,0,4000,0,4000,4000
057415,和碩日盛98購01  ,0,0,0,0,0,0,0,0,0,4000,0,0,0,4000,0,4000,4000
05624P,同欣電中信98售01,0,0,0,0,0,0,0,0,0,4000,0,0,0,14000,10000,4000,4000
056252,聯發科兆豐97購03,0,0,0,0,0,0,0,0,0,4000,0,0,0,4000,0,4000,4000
056307,貿聯元大97購05  ,0,0,0,0,0,0,0,0,0,4000,0,0,0,49000,45000,4000,4000
056320,京鼎群益99購01  ,0,0,0,0,0,0,0,0,0,4000,0,0,0,188000,184000,4000,4000
058738,FBVIX中信03購04 ,0,0,0,0,0,0,0,0,0,4000,0,0,0,8000,4000,4000,4000
059987,大立光元大99購28,0,0,0,0,0,0,0,0,0,4000,0,0,0,64000,60000,4000,4000
059733,緯穎元大99購08  ,0,0,0,0,0,0,0,0,0,4000,0,0,0,4000,0,4000,4000
059782,A50正2元大9C購04,0,0,0,0,0,0,0,0,0,4000,0,0,0,4000,0,4000,4000
057869,大立光凱基99購01,0,0,0,0,0,0,0,0,0,4000,0,0,0,4000,0,4000,4000
058191,祥碩永豐99購01  ,0,0,0,0,0,0,0,0,0,4000,0,0,0,4000,0,4000,4000
058612,健策元大99購02  ,0,0,0,0,0,0,0,0,0,4000,0,0,0,37000,33000,4000,4000
058712,鴻海統一9B購03  ,0,0,0,0,0,0,0,0,0,4000,0,0,0,13000,9000,4000,4000
058491,滬深2X群益01購01,0,0,0,0,0,0,0,0,0,4000,0,0,0,4000,0,4000,4000
060334,群光康和9A購01  ,0,0,0,0,0,0,0,0,0,4000,0,0,0,4000,0,4000,4000
058227,台灣50元大9C購01,0,0,0,0,0,0,0,0,0,4000,0,0,0,8000,4000,4000,4000
060238,強茂元大9C購01  ,0,0,0,0,0,0,0,0,0,4000,0,0,0,68000,64000,4000,4000
061446,鴻海中信04購01  ,0,0,0,0,0,0,0,0,0,4000,0,0,0,7000,3000,4000,4000
061842,牧德凱基9C購01  ,0,0,0,0,0,0,0,0,0,4000,0,0,0,5000,1000,4000,4000
061867,旺宏元大9B購02  ,0,0,0,0,0,0,0,0,0,4000,0,0,0,10000,6000,4000,4000
059860,台積電群益9A購02,0,0,0,0,0,0,0,0,0,4000,0,0,0,14000,10000,4000,4000
059128,友達中信99購02  ,0,0,0,0,0,0,0,0,0,4000,0,0,0,26000,22000,4000,4000
059844,大立光富邦9C購04,0,0,0,0,0,0,0,0,0,4000,0,0,0,4000,0,4000,4000
059349,台郡凱基99購04  ,0,0,0,0,0,0,0,0,0,4000,0,0,0,20000,16000,4000,4000
059493,國巨國票9B購01  ,0,0,0,0,0,0,0,0,0,4000,0,0,0,4000,0,4000,4000
059213,國巨元大99購19  ,0,0,0,0,0,0,0,0,0,4000,0,0,0,9000,5000,4000,4000
064142,國巨統一9C購13  ,0,0,0,0,0,0,0,0,0,4000,0,0,0,6000,2000,4000,4000
064253,貿聯元富9C購01  ,0,0,0,0,0,0,0,0,0,4000,0,0,0,258000,254000,4000,4000
064436,聯發科凱基03購02,0,0,0,0,0,0,0,0,0,4000,0,0,0,4000,0,4000,4000
063375,牧德永豐9B購02  ,0,0,0,0,0,0,0,0,0,4000,0,0,0,4000,0,4000,4000
063047,大立光兆豐9B購03,0,0,0,0,0,0,0,0,0,4000,0,0,0,4000,0,4000,4000
062733,巨大凱基9B購01  ,0,0,0,0,0,0,0,0,0,4000,0,0,0,4000,0,4000,4000
062926,嘉澤國票9B購01  ,0,0,0,0,0,0,0,0,0,4000,0,0,0,11000,7000,4000,4000
062256,聯發科元大9B購08,0,0,0,0,0,0,0,0,0,4000,0,0,0,4000,0,4000,4000
6117,迎廣            ,45000,43000,2000,0,0,0,0,0,0,2000,2000,0,2000,0,0,0,4000
6449,鈺邦            ,12000,9000,3000,0,0,0,0,0,0,1000,1000,0,1000,0,0,0,4000
08271P,華通元富9C售01  ,0,0,0,0,0,0,0,0,0,4000,0,0,0,4000,0,4000,4000
08354P,旺宏元大9C售05  ,0,0,0,0,0,0,0,0,0,4000,0,0,0,4000,0,4000,4000
08471P,日月光凱基9C售02,0,0,0,0,0,0,0,0,0,4000,0,0,0,77000,73000,4000,4000
2491,吉祥全          ,7000,3000,4000,0,0,0,0,0,0,0,0,0,0,0,0,0,4000
07674P,金融類元大9A售01,0,0,0,0,0,0,0,0,0,3000,0,0,0,3000,0,3000,3000
07247P,聯發科凱基9A售06,0,0,0,0,0,0,0,0,0,3000,0,0,0,3000,0,3000,3000
07107P,臺股指統一99售07,0,0,0,0,0,0,0,0,0,3000,0,0,0,23000,20000,3000,3000
06594P,立積元大98售01  ,0,0,0,0,0,0,0,0,0,3000,0,0,0,3000,0,3000,3000
056333,台積電日盛9B購01,0,0,0,0,0,0,0,0,0,3000,0,0,0,3000,0,3000,3000
056200,大毅永豐98購01  ,0,0,0,0,0,0,0,0,0,3000,0,0,0,5000,2000,3000,3000
056642,旺宏凱基98購07  ,0,0,0,0,0,0,0,0,0,3000,0,0,0,5000,2000,3000,3000
056015,華通群益99購01  ,0,0,0,0,0,0,0,0,0,3000,0,0,0,3000,0,3000,3000
060644,泰鼎永豐9A購02  ,0,0,0,0,0,0,0,0,0,3000,0,0,0,18000,15000,3000,3000
057488,聯發科元大99購02,0,0,0,0,0,0,0,0,0,3000,0,0,0,3000,0,3000,3000
056782,鴻海群益98購04  ,0,0,0,0,0,0,0,0,0,3000,0,0,0,3000,0,3000,3000
054074,健策富邦98購01  ,0,0,0,0,0,0,0,0,0,3000,0,0,0,5000,2000,3000,3000
054495,滬深2X永豐97購02,0,0,0,0,0,0,0,0,0,3000,0,0,0,3000,0,3000,3000
054772,康控國票98購02  ,0,0,0,0,0,0,0,0,0,3000,0,0,0,3000,0,3000,3000
054917,聯發科凱基98購05,0,0,0,0,0,0,0,0,0,3000,0,0,0,8000,5000,3000,3000
057709,電子類群益98購01,0,0,0,0,0,0,0,0,0,3000,0,0,0,65000,62000,3000,3000
057772,台積電群益99購01,0,0,0,0,0,0,0,0,0,3000,0,0,0,8000,5000,3000,3000
053259,卜蜂群益97購01  ,0,0,0,0,0,0,0,0,0,3000,0,0,0,3000,0,3000,3000
053661,嘉澤凱基97購01  ,0,0,0,0,0,0,0,0,0,3000,0,0,0,3000,0,3000,3000
03686C,臺股指元大04牛05,0,0,0,0,0,0,0,0,0,3000,0,0,0,3000,0,3000,3000
03094X,大立光元大68展08,0,0,0,0,0,0,0,0,0,3000,0,0,0,3000,0,3000,3000
052344,台表科凱基98購01,0,0,0,0,0,0,0,0,0,3000,0,0,0,13000,10000,3000,3000
047196,上銀統一97購01  ,0,0,0,0,0,0,0,0,0,3000,0,0,0,3000,0,3000,3000
055150,台積電元大98購04,0,0,0,0,0,0,0,0,0,3000,0,0,0,3000,0,3000,3000
055485,國巨元大97購09  ,0,0,0,0,0,0,0,0,0,3000,0,0,0,3000,0,3000,3000
059219,旺宏元大99購12  ,0,0,0,0,0,0,0,0,0,3000,0,0,0,7000,4000,3000,3000
059268,鎧勝中信01購01  ,0,0,0,0,0,0,0,0,0,3000,0,0,0,5000,2000,3000,3000
059476,道瓊指群益9C購01,0,0,0,0,0,0,0,0,0,3000,0,0,0,3000,0,3000,3000
059145,創意國票99購02  ,0,0,0,0,0,0,0,0,0,3000,0,0,0,8000,5000,3000,3000
058980,鴻海凱基99購06  ,0,0,0,0,0,0,0,0,0,3000,0,0,0,67000,64000,3000,3000
060965,中租凱基9B購01  ,0,0,0,0,0,0,0,0,0,3000,0,0,0,23000,20000,3000,3000
059936,台積電永豐99購06,0,0,0,0,0,0,0,0,0,3000,0,0,0,3000,0,3000,3000
060338,鴻海統一9C購02  ,0,0,0,0,0,0,0,0,0,3000,0,0,0,7000,4000,3000,3000
058964,群創兆豐99購01  ,0,0,0,0,0,0,0,0,0,3000,0,0,0,3000,0,3000,3000
058709,臺股指元大9A購22,0,0,0,0,0,0,0,0,0,3000,0,0,0,3000,0,3000,3000
058322,玉晶光永豐99購02,0,0,0,0,0,0,0,0,0,3000,0,0,0,3000,0,3000,3000
058173,台積電凱基99購04,0,0,0,0,0,0,0,0,0,3000,0,0,0,15000,12000,3000,3000
057954,宏碁元大99購01  ,0,0,0,0,0,0,0,0,0,3000,0,0,0,3000,0,3000,3000
061315,滬深2X凱基9C購06,0,0,0,0,0,0,0,0,0,3000,0,0,0,6000,3000,3000,3000
059768,上証2X群益9C購02,0,0,0,0,0,0,0,0,0,3000,0,0,0,3000,0,3000,3000
059758,滬深2X永豐99購05,0,0,0,0,0,0,0,0,0,3000,0,0,0,3000,0,3000,3000
061211,玉晶光元大9A購12,0,0,0,0,0,0,0,0,0,3000,0,0,0,3000,0,3000,3000
061248,健策群益9A購03  ,0,0,0,0,0,0,0,0,0,3000,0,0,0,3000,0,3000,3000
060558,億豐凱基9A購01  ,0,0,0,0,0,0,0,0,0,3000,0,0,0,3000,0,3000,3000
059990,健策元大9A購01  ,0,0,0,0,0,0,0,0,0,3000,0,0,0,18000,15000,3000,3000
059659,旺宏元大9A購03  ,0,0,0,0,0,0,0,0,0,3000,0,0,0,3000,0,3000,3000
059637,大立光凱基01購01,0,0,0,0,0,0,0,0,0,3000,0,0,0,3000,0,3000,3000
060373,元金2X元富9A購01,0,0,0,0,0,0,0,0,0,3000,0,0,0,3000,0,3000,3000
062261,嘉晶元大9B購02  ,0,0,0,0,0,0,0,0,0,3000,0,0,0,95000,92000,3000,3000
062280,大立光群益9C購01,0,0,0,0,0,0,0,0,0,3000,0,0,0,3000,0,3000,3000
062366,義隆元大9B購04  ,0,0,0,0,0,0,0,0,0,3000,0,0,0,14000,11000,3000,3000
062385,玉晶光國泰01購01,0,0,0,0,0,0,0,0,0,3000,0,0,0,3000,0,3000,3000
062387,健策國泰01購01  ,0,0,0,0,0,0,0,0,0,3000,0,0,0,35000,32000,3000,3000
062554,台積電凱基9B購08,0,0,0,0,0,0,0,0,0,3000,0,0,0,3000,0,3000,3000
06256P,臺股指群益97售09,0,0,0,0,0,0,0,0,0,3000,0,0,0,3000,0,3000,3000
062538,台積電國泰9C購02,0,0,0,0,0,0,0,0,0,3000,0,0,0,15000,12000,3000,3000
061994,瑞儀元大9B購01  ,0,0,0,0,0,0,0,0,0,3000,0,0,0,3000,0,3000,3000
062053,華通統一9C購02  ,0,0,0,0,0,0,0,0,0,3000,0,0,0,3000,0,3000,3000
062048,義隆台新9B購01  ,0,0,0,0,0,0,0,0,0,3000,0,0,0,3000,0,3000,3000
062201,臺指反國票9B購05,0,0,0,0,0,0,0,0,0,3000,0,0,0,3000,0,3000,3000
062794,鴻海統一9C購15  ,0,0,0,0,0,0,0,0,0,3000,0,0,0,56000,53000,3000,3000
062818,大立光兆豐9C購01,0,0,0,0,0,0,0,0,0,3000,0,0,0,3000,0,3000,3000
062683,可成統一9B購04  ,0,0,0,0,0,0,0,0,0,3000,0,0,0,3000,0,3000,3000
063112,祥碩兆豐9B購01  ,0,0,0,0,0,0,0,0,0,3000,0,0,0,3000,0,3000,3000
063001,巨大國票9B購01  ,0,0,0,0,0,0,0,0,0,3000,0,0,0,3000,0,3000,3000
063405,聯發科國票9C購03,0,0,0,0,0,0,0,0,0,3000,0,0,0,13000,10000,3000,3000
063337,國巨統一02購02  ,0,0,0,0,0,0,0,0,0,3000,0,0,0,36000,33000,3000,3000
063561,上銀元大9B購08  ,0,0,0,0,0,0,0,0,0,3000,0,0,0,20000,17000,3000,3000
063749,聯發科國票9C購04,0,0,0,0,0,0,0,0,0,3000,0,0,0,3000,0,3000,3000
064434,微星凱基02購01  ,0,0,0,0,0,0,0,0,0,3000,0,0,0,159000,156000,3000,3000
064259,矽格富邦9C購01  ,0,0,0,0,0,0,0,0,0,3000,0,0,0,9000,6000,3000,3000
064031,玉晶光元大02購01,0,0,0,0,0,0,0,0,0,3000,0,0,0,3000,0,3000,3000
2881B,富邦金乙特      ,0,2000,-2000,0,0,0,0,0,0,5000,5000,0,5000,0,0,0,3000
3011,今皓            ,18000,16000,2000,0,0,0,0,0,0,1000,1000,0,1000,0,0,0,3000
2462,良得電          ,15000,12000,3000,0,0,0,0,0,0,0,0,0,0,0,0,0,3000
08576P,嘉澤凱基9C售03  ,0,0,0,0,0,0,0,0,0,3000,0,0,0,13000,10000,3000,3000
1457,宜進            ,45000,42000,3000,0,0,0,0,0,0,0,0,0,0,0,0,0,3000
1256,鮮活果汁-KY     ,5000,2000,3000,0,0,0,0,0,0,0,0,0,0,0,0,0,3000
08222P,南六凱基9B售05  ,0,0,0,0,0,0,0,0,0,3000,0,0,0,3000,0,3000,3000
08191P,鴻海台新9B售03  ,0,0,0,0,0,0,0,0,0,3000,0,0,0,53000,50000,3000,3000
8497,格威傳媒        ,4000,1000,3000,0,0,0,0,0,0,0,0,0,0,0,0,0,3000
8467,波力-KY         ,3000,0,3000,0,0,0,0,0,0,0,0,0,0,0,0,0,3000
6415,矽力-KY         ,310626,283000,27626,0,0,0,0,26000,-26000,1000,2000,1000,1000,0,0,0,2626
065887,巨大元富9C購01  ,0,0,0,0,0,0,0,0,0,2000,0,0,0,2000,0,2000,2000
066078,南電凱基02購02  ,0,0,0,0,0,0,0,0,0,2000,0,0,0,3000,1000,2000,2000
06623P,立積元大98售04  ,0,0,0,0,0,0,0,0,0,2000,0,0,0,2000,0,2000,2000
07275P,FBVIX群益99售02 ,0,0,0,0,0,0,0,0,0,2000,0,0,0,2000,0,2000,2000
07772P,華新科國票9A售05,0,0,0,0,0,0,0,0,0,2000,0,0,0,2000,0,2000,2000
07868P,健策元大9B售05  ,0,0,0,0,0,0,0,0,0,2000,0,0,0,2000,0,2000,2000
064630,巨大元大9C購01  ,0,0,0,0,0,0,0,0,0,2000,0,0,0,11000,9000,2000,2000
064527,裕隆中信01購01  ,0,0,0,0,0,0,0,0,0,2000,0,0,0,2000,0,2000,2000
065135,和大凱基01購01  ,0,0,0,0,0,0,0,0,0,2000,0,0,0,2000,0,2000,2000
065017,和大富邦03購01  ,0,0,0,0,0,0,0,0,0,2000,0,0,0,244000,242000,2000,2000
065276,台灣50群益02購03,0,0,0,0,0,0,0,0,0,2000,0,0,0,2000,0,2000,2000
065211,世芯國票01購03  ,0,0,0,0,0,0,0,0,0,2000,0,0,0,2000,0,2000,2000
065630,台積電國票9C購09,0,0,0,0,0,0,0,0,0,2000,0,0,0,152000,150000,2000,2000
065452,康友統一02購01  ,0,0,0,0,0,0,0,0,0,2000,0,0,0,2000,0,2000,2000
065438,緯穎凱基9C購04  ,0,0,0,0,0,0,0,0,0,2000,0,0,0,17000,15000,2000,2000
055456,上銀富邦99購01  ,0,0,0,0,0,0,0,0,0,2000,0,0,0,2000,0,2000,2000
055403,泰鼎元富97購01  ,0,0,0,0,0,0,0,0,0,2000,0,0,0,2000,0,2000,2000
055322,欣興國票97購06  ,0,0,0,0,0,0,0,0,0,2000,0,0,0,2000,0,2000,2000
054217,台表科國票97購05,0,0,0,0,0,0,0,0,0,2000,0,0,0,2000,0,2000,2000
048105,滬深2X群益99購02,0,0,0,0,0,0,0,0,0,2000,0,0,0,2000,0,2000,2000
006204,永豐臺灣加權    ,0,0,0,0,0,0,0,0,0,2000,0,0,0,5000,3000,2000,2000
00625K,富邦上証+R      ,0,0,0,0,0,0,0,0,0,2000,0,0,0,52000,50000,2000,2000
053139,滬深2X永豐98購01,0,0,0,0,0,0,0,0,0,2000,0,0,0,2000,0,2000,2000
03028X,元展25          ,0,0,0,0,0,0,0,0,0,2000,0,0,0,2000,0,2000,2000
052417,聯發科兆豐9B購01,0,0,0,0,0,0,0,0,0,2000,0,0,0,2000,0,2000,2000
053660,群創凱基98購08  ,0,0,0,0,0,0,0,0,0,2000,0,0,0,24000,22000,2000,2000
053593,晶技元大98購01  ,0,0,0,0,0,0,0,0,0,2000,0,0,0,8000,6000,2000,2000
053723,奇鋐凱基98購01  ,0,0,0,0,0,0,0,0,0,2000,0,0,0,2000,0,2000,2000
056430,鴻海凱基98購06  ,0,0,0,0,0,0,0,0,0,2000,0,0,0,18000,16000,2000,2000
056379,玉晶光元富98購01,0,0,0,0,0,0,0,0,0,2000,0,0,0,2000,0,2000,2000
057294,台灣50永豐99購01,0,0,0,0,0,0,0,0,0,2000,0,0,0,2000,0,2000,2000
057283,欣興元大98購07  ,0,0,0,0,0,0,0,0,0,2000,0,0,0,2000,0,2000,2000
057277,可成元大98購05  ,0,0,0,0,0,0,0,0,0,2000,0,0,0,70000,68000,2000,2000
057652,欣興永昌9C購01  ,0,0,0,0,0,0,0,0,0,2000,0,0,0,3000,1000,2000,2000
057221,華通國票98購03  ,0,0,0,0,0,0,0,0,0,2000,0,0,0,12000,10000,2000,2000
054785,建準群益98購01  ,0,0,0,0,0,0,0,0,0,2000,0,0,0,155000,153000,2000,2000
053769,香港反元大99購01,0,0,0,0,0,0,0,0,0,2000,0,0,0,2000,0,2000,2000
053770,元金2X元大98購01,0,0,0,0,0,0,0,0,0,2000,0,0,0,2000,0,2000,2000
053732,S&P反1中信9C購01,0,0,0,0,0,0,0,0,0,2000,0,0,0,2000,0,2000,2000
055717,聯發科元大97購19,0,0,0,0,0,0,0,0,0,2000,0,0,0,2000,0,2000,2000
057116,鴻海日盛9A購01  ,0,0,0,0,0,0,0,0,0,2000,0,0,0,2000,0,2000,2000
056978,技嘉群益99購01  ,0,0,0,0,0,0,0,0,0,2000,0,0,0,2000,0,2000,2000
056997,台灣50康和9A購02,0,0,0,0,0,0,0,0,0,2000,0,0,0,2000,0,2000,2000
057083,立積統一98購01  ,0,0,0,0,0,0,0,0,0,2000,0,0,0,20000,18000,2000,2000
060601,技嘉凱基9A購02  ,0,0,0,0,0,0,0,0,0,2000,0,0,0,3000,1000,2000,2000
060747,聯鈞國票9A購02  ,0,0,0,0,0,0,0,0,0,2000,0,0,0,21000,19000,2000,2000
060702,玉晶光國泰9C購02,0,0,0,0,0,0,0,0,0,2000,0,0,0,2000,0,2000,2000
060838,華通國票9A購05  ,0,0,0,0,0,0,0,0,0,2000,0,0,0,2000,0,2000,2000
056598,京元電元富98購01,0,0,0,0,0,0,0,0,0,2000,0,0,0,2000,0,2000,2000
057343,道瓊反統一9A購01,0,0,0,0,0,0,0,0,0,2000,0,0,0,2000,0,2000,2000
056516,晶豪科兆豐98購01,0,0,0,0,0,0,0,0,0,2000,0,0,0,4000,2000,2000,2000
057317,技嘉凱基98購02  ,0,0,0,0,0,0,0,0,0,2000,0,0,0,86000,84000,2000,2000
056060,宏達電元大99購01,0,0,0,0,0,0,0,0,0,2000,0,0,0,2000,0,2000,2000
056261,台積電統一97購07,0,0,0,0,0,0,0,0,0,2000,0,0,0,2000,0,2000,2000
060406,瑞祺國泰9B購01  ,0,0,0,0,0,0,0,0,0,2000,0,0,0,2000,0,2000,2000
059645,祥碩凱基99購05  ,0,0,0,0,0,0,0,0,0,2000,0,0,0,2000,0,2000,2000
058777,台光電國票9A購01,0,0,0,0,0,0,0,0,0,2000,0,0,0,2000,0,2000,2000
060500,鴻海元大9A購12  ,0,0,0,0,0,0,0,0,0,2000,0,0,0,2000,0,2000,2000
060511,群創元大9B購08  ,0,0,0,0,0,0,0,0,0,2000,0,0,0,83000,81000,2000,2000
059693,智原永豐99購01  ,0,0,0,0,0,0,0,0,0,2000,0,0,0,2000,0,2000,2000
059710,上証2X元大9C購02,0,0,0,0,0,0,0,0,0,2000,0,0,0,2000,0,2000,2000
058088,鴻海元大9A購01  ,0,0,0,0,0,0,0,0,0,2000,0,0,0,2000,0,2000,2000
058819,華通國泰9B購01  ,0,0,0,0,0,0,0,0,0,2000,0,0,0,2000,0,2000,2000
057820,華擎元大98購02  ,0,0,0,0,0,0,0,0,0,2000,0,0,0,3000,1000,2000,2000
061094,彩晶統一9B購02  ,0,0,0,0,0,0,0,0,0,2000,0,0,0,551000,549000,2000,2000
057908,國泰金亞東99購01,0,0,0,0,0,0,0,0,0,2000,0,0,0,2000,0,2000,2000
058347,玉晶光群益9B購01,0,0,0,0,0,0,0,0,0,2000,0,0,0,4000,2000,2000,2000
058620,滬深2X國票9A購02,0,0,0,0,0,0,0,0,0,2000,0,0,0,5000,3000,2000,2000
058655,鴻海中信03購02  ,0,0,0,0,0,0,0,0,0,2000,0,0,0,2000,0,2000,2000
058934,台灣50中信03購03,0,0,0,0,0,0,0,0,0,2000,0,0,0,2000,0,2000,2000
058439,玉晶光統一01購02,0,0,0,0,0,0,0,0,0,2000,0,0,0,2000,0,2000,2000
060262,臺股指凱基9B購02,0,0,0,0,0,0,0,0,0,2000,0,0,0,2000,0,2000,2000
060226,道瓊反元大9A購01,0,0,0,0,0,0,0,0,0,2000,0,0,0,12000,10000,2000,2000
061847,力山國票9B購01  ,0,0,0,0,0,0,0,0,0,2000,0,0,0,35000,33000,2000,2000
061821,祥碩群益9B購02  ,0,0,0,0,0,0,0,0,0,2000,0,0,0,2000,0,2000,2000
06178P,大立光第一99售01,0,0,0,0,0,0,0,0,0,2000,0,0,0,2000,0,2000,2000
059911,國巨元大99購27  ,0,0,0,0,0,0,0,0,0,2000,0,0,0,7000,5000,2000,2000
059899,上証2X元大9C購04,0,0,0,0,0,0,0,0,0,2000,0,0,0,2000,0,2000,2000
059505,上証2X永豐99購02,0,0,0,0,0,0,0,0,0,2000,0,0,0,2000,0,2000,2000
059138,台積電兆豐99購04,0,0,0,0,0,0,0,0,0,2000,0,0,0,2000,0,2000,2000
059797,大立光國票99購01,0,0,0,0,0,0,0,0,0,2000,0,0,0,2000,0,2000,2000
059336,台灣50凱基9A購02,0,0,0,0,0,0,0,0,0,2000,0,0,0,2000,0,2000,2000
059339,上銀凱基99購06  ,0,0,0,0,0,0,0,0,0,2000,0,0,0,2000,0,2000,2000
059341,台積電凱基99購15,0,0,0,0,0,0,0,0,0,2000,0,0,0,2000,0,2000,2000
063977,義隆兆豐9C購01  ,0,0,0,0,0,0,0,0,0,2000,0,0,0,2000,0,2000,2000
064085,儒鴻凱基9C購02  ,0,0,0,0,0,0,0,0,0,2000,0,0,0,45000,43000,2000,2000
06445P,大立光凱基98售09,0,0,0,0,0,0,0,0,0,2000,0,0,0,2000,0,2000,2000
063769,玉晶光國泰02購01,0,0,0,0,0,0,0,0,0,2000,0,0,0,2000,0,2000,2000
063913,貿聯凱基02購01  ,0,0,0,0,0,0,0,0,0,2000,0,0,0,68000,66000,2000,2000
063830,智伸科國票01購01,0,0,0,0,0,0,0,0,0,2000,0,0,0,3000,1000,2000,2000
063686,國巨永豐9B購04  ,0,0,0,0,0,0,0,0,0,2000,0,0,0,3000,1000,2000,2000
063706,台虹群益9B購01  ,0,0,0,0,0,0,0,0,0,2000,0,0,0,70000,68000,2000,2000
063469,牧德元大9C購02  ,0,0,0,0,0,0,0,0,0,2000,0,0,0,2000,0,2000,2000
063318,京鼎群益9C購02  ,0,0,0,0,0,0,0,0,0,2000,0,0,0,10000,8000,2000,2000
063312,台積電群益9B購07,0,0,0,0,0,0,0,0,0,2000,0,0,0,16000,14000,2000,2000
063399,智原群益9B購01  ,0,0,0,0,0,0,0,0,0,2000,0,0,0,214000,212000,2000,2000
063015,微星元大9B購01  ,0,0,0,0,0,0,0,0,0,2000,0,0,0,67000,65000,2000,2000
062959,上証2X元富9B購01,0,0,0,0,0,0,0,0,0,2000,0,0,0,2000,0,2000,2000
063277,大成鋼元大9B購03,0,0,0,0,0,0,0,0,0,2000,0,0,0,2000,0,2000,2000
063200,瑞昱統一9C購01  ,0,0,0,0,0,0,0,0,0,2000,0,0,0,2000,0,2000,2000
062929,SP黃豆統一9B購01,0,0,0,0,0,0,0,0,0,2000,0,0,0,2000,0,2000,2000
062168,大毅永豐9B購01  ,0,0,0,0,0,0,0,0,0,2000,0,0,0,2000,0,2000,2000
062097,台光電永豐9B購01,0,0,0,0,0,0,0,0,0,2000,0,0,0,194000,192000,2000,2000
062025,台達電群益9B購01,0,0,0,0,0,0,0,0,0,2000,0,0,0,114000,112000,2000,2000
061928,群創凱基9B購06  ,0,0,0,0,0,0,0,0,0,2000,0,0,0,75000,73000,2000,2000
062530,大立光統一01購03,0,0,0,0,0,0,0,0,0,2000,0,0,0,2000,0,2000,2000
062572,元金反群益9C購01,0,0,0,0,0,0,0,0,0,2000,0,0,0,2000,0,2000,2000
062559,嘉晶凱基9B購02  ,0,0,0,0,0,0,0,0,0,2000,0,0,0,2000,0,2000,2000
06257P,臺股指群益97售10,0,0,0,0,0,0,0,0,0,2000,0,0,0,2000,0,2000,2000
062471,國泰金凱基9B購02,0,0,0,0,0,0,0,0,0,2000,0,0,0,64000,62000,2000,2000
062271,華通群益9C購02  ,0,0,0,0,0,0,0,0,0,2000,0,0,0,2000,0,2000,2000
4572,駐龍            ,25000,23000,2000,0,0,0,0,0,0,0,0,0,0,0,0,0,2000
08187P,大毅群益9B售04  ,0,0,0,0,0,0,0,0,0,2000,0,0,0,2000,0,2000,2000
08038P,臺股指群益9B售11,0,0,0,0,0,0,0,0,0,2000,0,0,0,2000,0,2000,2000
08017P,華新科國票9B售01,0,0,0,0,0,0,0,0,0,2000,0,0,0,2000,0,2000,2000
1341,富林-KY         ,3000,1000,2000,0,0,0,0,0,0,0,0,0,0,0,0,0,2000
1101B,台泥乙特        ,0,0,0,0,0,0,0,0,0,2000,2000,0,2000,0,0,0,2000
08673P,友訊元富01售03  ,0,0,0,0,0,0,0,0,0,2000,0,0,0,2000,0,2000,2000
08481P,臺股指凱基9C售19,0,0,0,0,0,0,0,0,0,2000,0,0,0,10000,8000,2000,2000
08445P,臺股指麥證9C售03,0,0,0,32000,30000,2000,0,0,0,2000,0,0,0,32000,30000,2000,2000
1513,中興電          ,289000,241000,48000,0,0,0,0,0,0,-46000,10000,60000,-50000,17000,13000,4000,2000
3416,融程電          ,5000,5000,0,0,0,0,0,0,0,2000,3000,1000,2000,0,0,0,2000
2348,海悅            ,56000,58600,-2600,0,0,0,0,0,0,4000,4000,0,4000,0,0,0,1400
065549,智邦凱基9C購03  ,0,0,0,0,0,0,0,0,0,1000,0,0,0,130000,129000,1000,1000
065631,台積電國票9C購10,0,0,0,0,0,0,0,0,0,1000,0,0,0,1000,0,1000,1000
065207,奇力新國票9C購02,0,0,0,0,0,0,0,0,0,1000,0,0,0,1000,0,1000,1000
065283,台積電群益01購01,0,0,0,0,0,0,0,0,0,1000,0,0,0,1000,0,1000,1000
065201,世芯元富9C購02  ,0,0,0,0,0,0,0,0,0,1000,0,0,0,1000,0,1000,1000
064882,同欣電兆豐9C購01,0,0,0,0,0,0,0,0,0,1000,0,0,0,1000,0,1000,1000
064834,大立光統一02購05,0,0,0,0,0,0,0,0,0,1000,0,0,0,1000,0,1000,1000
07947P,國巨統一9B售12  ,0,0,0,0,0,0,0,0,0,1000,0,0,0,1000,0,1000,1000
07699P,臺股指元大9A售52,0,0,0,0,0,0,0,0,0,1000,0,0,0,1000,0,1000,1000
07640P,國巨群益9A售07  ,0,0,0,0,0,0,0,0,0,1000,0,0,0,1000,0,1000,1000
07187P,臺股指台新99售10,0,0,0,0,0,0,0,0,0,1000,0,0,0,1000,0,1000,1000
06890P,金融類元大98售02,0,0,0,0,0,0,0,0,0,1000,0,0,0,1000,0,1000,1000
06688P,鴻海中信02售01  ,0,0,0,0,0,0,0,0,0,1000,0,0,0,1000,0,1000,1000
06671P,台積電群益98售04,0,0,0,0,0,0,0,0,0,1000,0,0,0,11000,10000,1000,1000
06717P,可成元大98售09  ,0,0,0,0,0,0,0,0,0,1000,0,0,0,1000,0,1000,1000
06651P,華新科元大99售09,0,0,0,0,0,0,0,0,0,1000,0,0,0,1000,0,1000,1000
065892,聯發科統一02購04,0,0,0,0,0,0,0,0,0,1000,0,0,0,1000,0,1000,1000
056264,聯發科統一98購02,0,0,0,0,0,0,0,0,0,1000,0,0,0,5000,4000,1000,1000
056249,鴻海兆豐97購05  ,0,0,0,0,0,0,0,0,0,1000,0,0,0,1000,0,1000,1000
056305,群創元大9A購03  ,0,0,0,0,0,0,0,0,0,1000,0,0,0,1000,0,1000,1000
056202,國揚永豐97購01  ,0,0,0,0,0,0,0,0,0,1000,0,0,0,51000,50000,1000,1000
056189,樺漢統一97購02  ,0,0,0,0,0,0,0,0,0,1000,0,0,0,1000,0,1000,1000
056610,鴻海永豐98購01  ,0,0,0,0,0,0,0,0,0,1000,0,0,0,4000,3000,1000,1000
055811,國巨國票98購05  ,0,0,0,0,0,0,0,0,0,1000,0,0,0,11000,10000,1000,1000
056347,GIS凱基9A購01   ,0,0,0,0,0,0,0,0,0,1000,0,0,0,117000,116000,1000,1000
055814,晶豪科國票97購02,0,0,0,0,0,0,0,0,0,1000,0,0,0,1000,0,1000,1000
057482,微星元大98購03  ,0,0,0,0,0,0,0,0,0,1000,0,0,0,1000,0,1000,1000
056595,台積電元富98購04,0,0,0,0,0,0,0,0,0,1000,0,0,0,1000,0,1000,1000
055957,瑞昱元大97購06  ,0,0,0,0,0,0,0,0,0,1000,0,0,0,10000,9000,1000,1000
055935,創意群益97購02  ,0,0,0,0,0,0,0,0,0,1000,0,0,0,1000,0,1000,1000
060894,奇力新凱基9A購03,0,0,0,0,0,0,0,0,0,1000,0,0,0,1000,0,1000,1000
060576,欣興中信9B購01  ,0,0,0,0,0,0,0,0,0,1000,0,0,0,1000,0,1000,1000
060578,臺股指中信9C購03,0,0,0,0,0,0,0,0,0,1000,0,0,0,2000,1000,1000,1000
056921,京元電兆豐98購01,0,0,0,0,0,0,0,0,0,1000,0,0,0,31000,30000,1000,1000
056869,國巨日盛99購03  ,0,0,0,0,0,0,0,0,0,1000,0,0,0,1000,0,1000,1000
057159,晶技永豐98購01  ,0,0,0,0,0,0,0,0,0,1000,0,0,0,1000,0,1000,1000
056749,滬深2X兆豐99購01,0,0,0,0,0,0,0,0,0,1000,0,0,0,1000,0,1000,1000
057492,大立光元大98購18,0,0,0,0,0,0,0,0,0,1000,0,0,0,1000,0,1000,1000
055616,智原國票97購03  ,0,0,0,0,0,0,0,0,0,1000,0,0,0,1000,0,1000,1000
055631,創意永豐98購01  ,0,0,0,0,0,0,0,0,0,1000,0,0,0,25000,24000,1000,1000
053983,樺漢元大97購02  ,0,0,0,0,0,0,0,0,0,1000,0,0,0,1000,0,1000,1000
054643,上証2X群益9B購01,0,0,0,0,0,0,0,0,0,1000,0,0,0,1000,0,1000,1000
054593,滬深2X永昌9A購01,0,0,0,0,0,0,0,0,0,1000,0,0,0,1000,0,1000,1000
054931,緯穎凱基98購01  ,0,0,0,0,0,0,0,0,0,1000,0,0,0,1000,0,1000,1000
055104,台達電凱基98購01,0,0,0,0,0,0,0,0,0,1000,0,0,0,174000,173000,1000,1000
057270,遠東新元大98購01,0,0,0,0,0,0,0,0,0,1000,0,0,0,1000,0,1000,1000
057753,臺股指國票98購09,0,0,0,0,0,0,0,0,0,1000,0,0,0,1000,0,1000,1000
057724,亞德客國泰99購01,0,0,0,0,0,0,0,0,0,1000,0,0,0,1000,0,1000,1000
057697,國巨群益98購09  ,0,0,0,0,0,0,0,0,0,1000,0,0,0,1000,0,1000,1000
056420,台表科元富98購01,0,0,0,0,0,0,0,0,0,1000,0,0,0,39000,38000,1000,1000
053652,友達凱基98購04  ,0,0,0,0,0,0,0,0,0,1000,0,0,0,1000,0,1000,1000
053561,玉晶光國泰98購01,0,0,0,0,0,0,0,0,0,1000,0,0,0,1000,0,1000,1000
053382,友達元大9C購02  ,0,0,0,0,0,0,0,0,0,1000,0,0,0,4000,3000,1000,1000
052681,T50反1元大98購02,0,0,0,0,0,0,0,0,0,1000,0,0,0,1000,0,1000,1000
052936,華通兆豐98購01  ,0,0,0,0,0,0,0,0,0,1000,0,0,0,1000,0,1000,1000
03419B,臺股指元富99熊03,0,0,0,0,0,0,0,0,0,1000,0,0,0,1000,0,1000,1000
053059,聯發科永昌99購01,0,0,0,0,0,0,0,0,0,1000,0,0,0,1000,0,1000,1000
03674C,臺股指元富9C牛02,0,0,0,0,0,0,0,0,0,1000,0,0,0,1000,0,1000,1000
03685C,臺股指元大9B牛43,0,0,0,0,0,0,0,0,0,1000,0,0,0,1000,0,1000,1000
036630,玉山金台新99購01,0,0,0,0,0,0,0,0,0,1000,0,0,0,1000,0,1000,1000
045054,聯發科元富98購02,0,0,0,0,0,0,0,0,0,1000,0,0,0,3000,2000,1000,1000
03006X,元展06          ,0,0,0,0,0,0,0,0,0,1000,0,0,0,1000,0,1000,1000
00689R,國泰20年美債反1 ,1000,0,1000,0,0,0,0,0,0,0,0,0,0,100000,100000,0,1000
050170,臺指反元大97購02,0,0,0,0,0,0,0,0,0,1000,0,0,0,1000,0,1000,1000
051576,台積電元大97購02,0,0,0,0,0,0,0,0,0,1000,0,0,0,1000,0,1000,1000
051897,台光電國泰97購01,0,0,0,0,0,0,0,0,0,1000,0,0,0,1000,0,1000,1000
055383,GIS元大97購02   ,0,0,0,0,0,0,0,0,0,1000,0,0,0,1000,0,1000,1000
055384,緯穎元大98購02  ,0,0,0,0,0,0,0,0,0,1000,0,0,0,1000,0,1000,1000
059313,元石油元大99購06,0,0,0,0,0,0,0,0,0,1000,0,0,0,1000,0,1000,1000
059459,訊芯永豐99購04  ,0,0,0,0,0,0,0,0,0,1000,0,0,0,1000,0,1000,1000
059465,台灣50元大9C購09,0,0,0,0,0,0,0,0,0,1000,0,0,0,2000,1000,1000,1000
059257,臺股指凱基99購35,0,0,0,0,0,0,0,0,0,1000,0,0,0,1000,0,1000,1000
059239,台積電凱基99購12,0,0,0,0,0,0,0,0,0,1000,0,0,0,1000,0,1000,1000
059234,台灣50凱基9C購03,0,0,0,0,0,0,0,0,0,1000,0,0,0,1000,0,1000,1000
059200,京鼎永豐99購02  ,0,0,0,0,0,0,0,0,0,1000,0,0,0,1000,0,1000,1000
059824,大立光凱基99購13,0,0,0,0,0,0,0,0,0,1000,0,0,0,1000,0,1000,1000
059139,全新兆豐9A購01  ,0,0,0,0,0,0,0,0,0,1000,0,0,0,1000,0,1000,1000
059132,臺股指群益99購07,0,0,0,0,0,0,0,0,0,1000,0,0,0,1000,0,1000,1000
059018,滬深2X統一9A購01,0,0,0,0,0,0,0,0,0,1000,0,0,0,1000,0,1000,1000
059568,台積電凱基9A購13,0,0,0,0,0,0,0,0,0,1000,0,0,0,1000,0,1000,1000
059544,創意亞東99購01  ,0,0,0,0,0,0,0,0,0,1000,0,0,0,1000,0,1000,1000
059084,鴻海元大99購24  ,0,0,0,0,0,0,0,0,0,1000,0,0,0,1000,0,1000,1000
059909,鴻海元大99購36  ,0,0,0,0,0,0,0,0,0,1000,0,0,0,1000,0,1000,1000
059081,和大元大99購01  ,0,0,0,0,0,0,0,0,0,1000,0,0,0,1000,0,1000,1000
059934,華通永豐99購02  ,0,0,0,0,0,0,0,0,0,1000,0,0,0,1000,0,1000,1000
060945,緯穎國票9A購02  ,0,0,0,0,0,0,0,0,0,1000,0,0,0,28000,27000,1000,1000
060998,華通兆豐9A購01  ,0,0,0,0,0,0,0,0,0,1000,0,0,0,10000,9000,1000,1000
059959,訊芯康和99購01  ,0,0,0,0,0,0,0,0,0,1000,0,0,0,1000,0,1000,1000
060910,聯發科元大9A購05,0,0,0,0,0,0,0,0,0,1000,0,0,0,1000,0,1000,1000
060112,祥碩元大99購04  ,0,0,0,0,0,0,0,0,0,1000,0,0,0,1000,0,1000,1000
060090,台積電元大99購55,0,0,0,0,0,0,0,0,0,1000,0,0,0,1000,0,1000,1000
061024,南電國泰9B購01  ,0,0,0,0,0,0,0,0,0,1000,0,0,0,1000,0,1000,1000
061777,臺指反群益9B購01,0,0,0,0,0,0,0,0,0,1000,0,0,0,1000,0,1000,1000
061730,旺宏統一01購02  ,0,0,0,0,0,0,0,0,0,1000,0,0,0,1000,0,1000,1000
061396,台灣50台新9C購03,0,0,0,0,0,0,0,0,0,1000,0,0,0,1000,0,1000,1000
061699,燿華國票9A購01  ,0,0,0,0,0,0,0,0,0,1000,0,0,0,1000,0,1000,1000
061701,友達國票9B購02  ,0,0,0,0,0,0,0,0,0,1000,0,0,0,11000,10000,1000,1000
061417,力成群益9A購01  ,0,0,0,0,0,0,0,0,0,1000,0,0,0,200000,199000,1000,1000
061640,智原元大9A購01  ,0,0,0,0,0,0,0,0,0,1000,0,0,0,36000,35000,1000,1000
061648,緯穎元大9A購04  ,0,0,0,0,0,0,0,0,0,1000,0,0,0,1000,0,1000,1000
060250,台表科元大9A購01,0,0,0,0,0,0,0,0,0,1000,0,0,0,1000,0,1000,1000
060324,台積電群益9B購02,0,0,0,0,0,0,0,0,0,1000,0,0,0,1000,0,1000,1000
058290,南電國票9A購01  ,0,0,0,0,0,0,0,0,0,1000,0,0,0,6000,5000,1000,1000
058249,緯穎元大99購04  ,0,0,0,0,0,0,0,0,0,1000,0,0,0,87000,86000,1000,1000
058273,同欣電永豐99購01,0,0,0,0,0,0,0,0,0,1000,0,0,0,1000,0,1000,1000
061548,聯詠群益9A購02  ,0,0,0,0,0,0,0,0,0,1000,0,0,0,1000,0,1000,1000
058481,玉晶光凱基9A購04,0,0,0,0,0,0,0,0,0,1000,0,0,0,5000,4000,1000,1000
058450,旺宏永豐99購01  ,0,0,0,0,0,0,0,0,0,1000,0,0,0,1000,0,1000,1000
058518,玉晶光元大99購13,0,0,0,0,0,0,0,0,0,1000,0,0,0,1000,0,1000,1000
058890,元油2X元大9C購06,0,0,0,0,0,0,0,0,0,1000,0,0,0,1000,0,1000,1000
058951,南電群益99購01  ,0,0,0,0,0,0,0,0,0,1000,0,0,0,1000,0,1000,1000
058414,大立光兆豐99購02,0,0,0,0,0,0,0,0,0,1000,0,0,0,1000,0,1000,1000
058635,華新科兆豐99購03,0,0,0,0,0,0,0,0,0,1000,0,0,0,1000,0,1000,1000
058601,台積電元大99購10,0,0,0,0,0,0,0,0,0,1000,0,0,0,6000,5000,1000,1000
058665,台灣50群益9B購02,0,0,0,0,0,0,0,0,0,1000,0,0,0,1000,0,1000,1000
057893,亞德客元富98購03,0,0,0,0,0,0,0,0,0,1000,0,0,0,1000,0,1000,1000
057832,聯發科元富02購05,0,0,0,0,0,0,0,0,0,1000,0,0,0,1000,0,1000,1000
061387,鴻海群益9A購05  ,0,0,0,0,0,0,0,0,0,1000,0,0,0,39000,38000,1000,1000
061112,台表科元大9A購03,0,0,0,0,0,0,0,0,0,1000,0,0,0,1000,0,1000,1000
061310,華新科麥證9A購01,0,0,0,1000,0,1000,0,0,0,1000,0,0,0,1000,0,1000,1000
061320,奇力新凱基9A購04,0,0,0,0,0,0,0,0,0,1000,0,0,0,1000,0,1000,1000
058134,信邦元大99購01  ,0,0,0,0,0,0,0,0,0,1000,0,0,0,1000,0,1000,1000
058800,健策元大99購03  ,0,0,0,0,0,0,0,0,0,1000,0,0,0,27000,26000,1000,1000
058072,大立光凱基98購20,0,0,0,0,0,0,0,0,0,1000,0,0,0,127000,126000,1000,1000
059695,聯鈞永豐99購02  ,0,0,0,0,0,0,0,0,0,1000,0,0,0,53000,52000,1000,1000
059727,大立光元大9A購01,0,0,0,0,0,0,0,0,0,1000,0,0,0,1000,0,1000,1000
060520,臺指2X中信01購02,0,0,0,0,0,0,0,0,0,1000,0,0,0,1000,0,1000,1000
060547,瑞昱凱基9A購01  ,0,0,0,0,0,0,0,0,0,1000,0,0,0,1000,0,1000,1000
060560,欣興國泰9C購01  ,0,0,0,0,0,0,0,0,0,1000,0,0,0,1000,0,1000,1000
059617,A50正2群益01購02,0,0,0,0,0,0,0,0,0,1000,0,0,0,1000,0,1000,1000
059995,南亞科元富99購01,0,0,0,0,0,0,0,0,0,1000,0,0,0,12000,11000,1000,1000
060011,臺股指群益9C購06,0,0,0,0,0,0,0,0,0,1000,0,0,0,1000,0,1000,1000
060025,台積電富邦9C購06,0,0,0,0,0,0,0,0,0,1000,0,0,0,1000,0,1000,1000
060042,台積電群益99購12,0,0,0,0,0,0,0,0,0,1000,0,0,0,1000,0,1000,1000
060056,大立光凱基9B購01,0,0,0,0,0,0,0,0,0,1000,0,0,0,1000,0,1000,1000
058024,台積電國泰9A購01,0,0,0,0,0,0,0,0,0,1000,0,0,0,1000,0,1000,1000
058037,台灣50元大9B購02,0,0,0,0,0,0,0,0,0,1000,0,0,0,5000,4000,1000,1000
062327,燿華統一9B購02  ,0,0,0,0,0,0,0,0,0,1000,0,0,0,110000,109000,1000,1000
062391,台達電富邦9C購01,0,0,0,0,0,0,0,0,0,1000,0,0,0,1000,0,1000,1000
062394,大立光富邦02購01,0,0,0,0,0,0,0,0,0,1000,0,0,0,1000,0,1000,1000
062454,華通群益9C購03  ,0,0,0,0,0,0,0,0,0,1000,0,0,0,47000,46000,1000,1000
062135,國巨群益9B購05  ,0,0,0,0,0,0,0,0,0,1000,0,0,0,2000,1000,1000,1000
06292P,臺股指國票97售06,0,0,0,0,0,0,0,0,0,1000,0,0,0,1000,0,1000,1000
062889,可成群益9C購01  ,0,0,0,0,0,0,0,0,0,1000,0,0,0,5000,4000,1000,1000
062857,SP黃豆國票9C購01,0,0,0,0,0,0,0,0,0,1000,0,0,0,1000,0,1000,1000
062779,台積電元大9B購03,0,0,0,0,0,0,0,0,0,1000,0,0,0,1000,0,1000,1000
062621,緯穎元大9B購05  ,0,0,0,0,0,0,0,0,0,1000,0,0,0,1000,0,1000,1000
062660,神隆群益9B購02  ,0,0,0,0,0,0,0,0,0,1000,0,0,0,1000,0,1000,1000
063169,台汽電永豐9B購01,0,0,0,0,0,0,0,0,0,1000,0,0,0,59000,58000,1000,1000
063161,祥碩富邦9B購02  ,0,0,0,0,0,0,0,0,0,1000,0,0,0,1000,0,1000,1000
063215,台表科國票9C購02,0,0,0,0,0,0,0,0,0,1000,0,0,0,29000,28000,1000,1000
063029,喬山凱基9B購01  ,0,0,0,0,0,0,0,0,0,1000,0,0,0,1000,0,1000,1000
063107,矽創群益9B購01  ,0,0,0,0,0,0,0,0,0,1000,0,0,0,43000,42000,1000,1000
063389,大立光兆豐9C購02,0,0,0,0,0,0,0,0,0,1000,0,0,0,1000,0,1000,1000
063304,大立光凱基01購02,0,0,0,0,0,0,0,0,0,1000,0,0,0,1000,0,1000,1000
063440,上銀統一01購02  ,0,0,0,0,0,0,0,0,0,1000,0,0,0,151000,150000,1000,1000
063511,南電群益9B購02  ,0,0,0,0,0,0,0,0,0,1000,0,0,0,1000,0,1000,1000
063564,台積電元大9B購07,0,0,0,0,0,0,0,0,0,1000,0,0,0,1000,0,1000,1000
063543,技嘉台新9B購02  ,0,0,0,0,0,0,0,0,0,1000,0,0,0,78000,77000,1000,1000
06362P,臺股指麥證97售01,0,0,0,1000,0,1000,0,0,0,1000,0,0,0,1000,0,1000,1000
063847,聯發科元大9C購03,0,0,0,0,0,0,0,0,0,1000,0,0,0,6000,5000,1000,1000
063858,鴻海國泰02購01  ,0,0,0,0,0,0,0,0,0,1000,0,0,0,22000,21000,1000,1000
06388P,鴻海兆豐97售04  ,0,0,0,0,0,0,0,0,0,1000,0,0,0,27000,26000,1000,1000
064418,鴻海兆豐01購02  ,0,0,0,0,0,0,0,0,0,1000,0,0,0,3000,2000,1000,1000
064395,華新科永豐9C購02,0,0,0,0,0,0,0,0,0,1000,0,0,0,1000,0,1000,1000
064254,景碩台新9C購02  ,0,0,0,0,0,0,0,0,0,1000,0,0,0,1000,0,1000,1000
064100,義隆群益9C購01  ,0,0,0,0,0,0,0,0,0,1000,0,0,0,1000,0,1000,1000
063924,致新元富9C購01  ,0,0,0,0,0,0,0,0,0,1000,0,0,0,830000,829000,1000,1000
2424,隴華            ,1000,0,1000,0,0,0,0,0,0,0,0,0,0,0,0,0,1000
08599P,台表科元大9C售11,0,0,0,0,0,0,0,0,0,1000,0,0,0,1000,0,1000,1000
08075P,聯電群益9C售01  ,0,0,0,0,0,0,0,0,0,1000,0,0,0,4000,3000,1000,1000
08229P,祥碩國票9B售04  ,0,0,0,0,0,0,0,0,0,1000,0,0,0,14000,13000,1000,1000
4439,冠星-KY         ,1000,0,1000,0,0,0,0,0,0,0,0,0,0,0,0,0,1000
6131,鈞泰            ,1000,0,1000,0,0,0,0,0,0,0,0,0,0,0,0,0,1000
5906,台南-KY         ,1000,0,1000,0,0,0,0,0,0,0,0,0,0,0,0,0,1000
6235,華孚            ,160000,165000,-5000,0,0,0,0,0,0,6000,6000,0,6000,0,0,0,1000
6666,羅麗芬-KY       ,6000,5000,1000,0,0,0,0,0,0,0,0,0,0,0,0,0,1000
9912,偉聯            ,6000,6000,0,0,0,0,0,0,0,1000,1000,0,1000,0,0,0,1000
00636K,國泰中國A50+U   ,0,0,0,0,0,0,0,0,0,600,0,0,0,700,100,600,600
065966,國巨元大01購06  ,0,0,0,0,0,0,0,0,0,0,0,0,0,1000,1000,0,0
066029,神達群益02購01  ,0,0,0,0,0,0,0,0,0,0,0,0,0,3000,3000,0,0
066025,宏達電群益01購01,0,0,0,0,0,0,0,0,0,0,0,0,0,34000,34000,0,0
066035,南電群益01購01  ,0,0,0,0,0,0,0,0,0,0,0,0,0,1000,1000,0,0
066005,國巨統一03購01  ,0,0,0,0,0,0,0,0,0,0,0,0,0,1000,1000,0,0
065888,鴻海統一03購01  ,0,0,0,0,0,0,0,0,0,0,0,0,0,2000,2000,0,0
065866,鴻海群益9C購07  ,0,0,0,0,0,0,0,0,0,0,0,0,0,5000,5000,0,0
065806,貿聯群益9C購05  ,0,0,0,0,0,0,0,0,0,0,0,0,0,10000,10000,0,0
065798,華通群益01購03  ,0,0,0,0,0,0,0,0,0,0,0,0,0,16000,16000,0,0
065763,台表科元大9C購14,0,0,0,0,0,0,0,0,0,0,0,0,0,17000,17000,0,0
065764,康友元大9C購02  ,0,0,0,0,0,0,0,0,0,0,0,0,0,101000,101000,0,0
065745,裕隆元大9C購03  ,0,0,0,0,0,0,0,0,0,0,0,0,0,301000,301000,0,0
066206,聯鈞統一01購01  ,0,0,0,0,0,0,0,0,0,0,0,0,0,29000,29000,0,0
066207,聯鈞統一01購02  ,0,0,0,0,0,0,0,0,0,0,0,0,0,2000,2000,0,0
066208,聯鈞統一02購01  ,0,0,0,0,0,0,0,0,0,0,0,0,0,33000,33000,0,0
066063,南電元大01購04  ,0,0,0,0,0,0,0,0,0,0,0,0,0,1000,1000,0,0
066066,鴻海凱基01購05  ,0,0,0,0,0,0,0,0,0,0,0,0,0,65000,65000,0,0
06610P,台積電凱基9A售03,0,0,0,0,0,0,0,0,0,0,0,0,0,1000,1000,0,0
066175,聯鈞凱基01購01  ,0,0,0,0,0,0,0,0,0,0,0,0,0,3000,3000,0,0
066182,康控凱基01購01  ,0,0,0,0,0,0,0,0,0,0,0,0,0,54000,54000,0,0
06927P,台灣50元大9B售03,0,0,0,0,0,0,0,0,0,0,0,0,0,40000,40000,0,0
07148P,富邦金元大99售01,0,0,0,0,0,0,0,0,0,0,0,0,0,100000,100000,0,0
07051P,大立光中信99售02,0,0,0,0,0,0,0,0,0,0,0,0,0,20000,20000,0,0
07052P,臺股指中信9C售02,0,0,0,0,0,0,0,0,0,0,0,0,0,1000,1000,0,0
07183P,臺股指凱基99售25,0,0,0,0,0,0,0,0,0,0,0,0,0,30000,30000,0,0
07431P,臺股指國票9A售03,0,0,0,0,0,0,0,0,0,0,0,0,0,10000,10000,0,0
07381P,鴻海群益99售05  ,0,0,0,0,0,0,0,0,0,0,0,0,0,20000,20000,0,0
07342P,大立光凱基99售14,0,0,0,0,0,0,0,0,0,0,0,0,0,10000,10000,0,0
07369P,台積電凱基99售20,0,0,0,0,0,0,0,0,0,0,0,0,0,5000,5000,0,0
07373P,A50正2元大99售01,0,0,0,0,0,0,0,0,0,0,0,0,0,30000,30000,0,0
07560P,台積電國泰9B售01,0,0,0,0,0,0,0,0,0,0,0,0,0,15000,15000,0,0
07808P,超眾永豐9A售04  ,0,0,0,0,0,0,0,0,0,0,0,0,0,1000,1000,0,0
07952P,富邦金元大9B售02,0,0,0,0,0,0,0,0,0,0,0,0,0,50000,50000,0,0
064878,大立光兆豐9C購03,0,0,0,0,0,0,0,0,0,0,0,0,0,10000,10000,0,0
064912,國巨統一01購09  ,0,0,0,0,0,0,0,0,0,0,0,0,0,1000,1000,0,0
065089,大立光元大9C購23,0,0,0,0,0,0,0,0,0,0,0,0,0,124000,124000,0,0
065062,亞光群益9C購01  ,0,0,0,0,0,0,0,0,0,0,0,0,0,5000,5000,0,0
064528,國巨中信02購01  ,0,0,0,0,0,0,0,0,0,0,0,0,0,1000,1000,0,0
064554,儒鴻群益9C購01  ,0,0,0,0,0,0,0,0,0,0,0,0,0,5000,5000,0,0
064570,TPK群益9C購03   ,0,0,0,0,0,0,0,0,0,0,0,0,0,1000,1000,0,0
064648,臻鼎凱基9C購02  ,0,0,0,0,0,0,0,0,0,0,0,0,0,285000,285000,0,0
064661,鴻海元大01購02  ,0,0,0,0,0,0,0,0,0,0,0,0,0,28000,28000,0,0
064802,台積電元大01購04,0,0,0,0,0,0,0,0,0,0,0,0,0,114000,114000,0,0
065151,國巨群益9C購13  ,0,0,0,0,0,0,0,0,0,0,0,0,0,1000,1000,0,0
065144,大立光凱基01購06,0,0,0,0,0,0,0,0,0,0,0,0,0,22000,22000,0,0
065273,南電元大9C購06  ,0,0,0,0,0,0,0,0,0,0,0,0,0,1000,1000,0,0
065254,大成鋼元大9C購01,0,0,0,0,0,0,0,0,0,0,0,0,0,18000,18000,0,0
065364,國巨元大9C購18  ,0,0,0,0,0,0,0,0,0,0,0,0,0,1000,1000,0,0
065410,國巨永豐9C購01  ,0,0,0,0,0,0,0,0,0,0,0,0,0,2000,2000,0,0
065622,鴻海中信06購01  ,0,0,0,0,0,0,0,0,0,0,0,0,0,38000,38000,0,0
065439,台積電麥證9C購01,0,0,0,75000,75000,0,0,0,0,0,0,0,0,75000,75000,0,0
00668K,國泰美國道瓊+U  ,0,0,0,0,0,0,0,0,0,0,0,0,0,100,100,0,0
00657,國泰日經225     ,0,0,0,0,0,0,0,0,0,0,0,0,0,143000,143000,0,0
00657K,國泰日經225+U   ,0,0,0,0,0,0,0,0,0,0,0,0,0,100,100,0,0
00673R,元大S&P原油反1  ,0,0,0,0,0,0,0,0,0,0,0,0,0,69000,69000,0,0
00707R,元大S&P日圓反1  ,0,0,0,0,0,0,0,0,0,0,0,0,0,1000,1000,0,0
00691R,兆豐藍籌30反1   ,0,0,0,0,0,0,0,0,0,0,0,0,0,10000,10000,0,0
00775B,新光投等債15+   ,1000,0,1000,0,0,0,0,0,0,-1000,0,0,0,2000,3000,-1000,0
00732,國泰RMB短期報酬 ,0,0,0,0,0,0,0,0,0,0,0,0,0,100000,100000,0,0
045055,聯發科元富98購03,0,0,0,0,0,0,0,0,0,0,0,0,0,30000,30000,0,0
053153,大立光元大99購02,0,0,0,0,0,0,0,0,0,0,0,0,0,1000,1000,0,0
052945,嘉晶國票97購01  ,0,50000,-50000,0,0,0,0,0,0,50000,0,0,0,50000,0,50000,0
055448,健策統一97購02  ,0,0,0,0,0,0,0,0,0,0,0,0,0,661000,661000,0,0
054259,健策元大97購03  ,0,0,0,0,0,0,0,0,0,0,0,0,0,10000,10000,0,0
054196,台光電國泰97購02,0,0,0,0,0,0,0,0,0,0,0,0,0,16000,16000,0,0
054132,聯發科元大97購10,0,0,0,0,0,0,0,0,0,0,0,0,0,20000,20000,0,0
055519,茂林中信99購01  ,0,0,0,0,0,0,0,0,0,0,0,0,0,48000,48000,0,0
051830,健策元大97購01  ,0,0,0,0,0,0,0,0,0,0,0,0,0,2000,2000,0,0
052113,漢唐中信98購01  ,0,0,0,0,0,0,0,0,0,0,0,0,0,10000,10000,0,0
052135,聯發科凱基9B購01,2000,0,2000,0,0,0,0,0,0,-2000,0,0,0,0,2000,-2000,0
050306,聯發科中信97購01,0,0,0,0,0,0,0,0,0,0,0,0,0,612000,612000,0,0
051047,深中小群益99購01,0,0,0,0,0,0,0,0,0,0,0,0,0,36000,36000,0,0
055713,國巨元大98購09  ,0,0,0,0,0,0,0,0,0,0,0,0,0,3000,3000,0,0
053229,南電台新97購01  ,0,0,0,0,0,0,0,0,0,0,0,0,0,156000,156000,0,0
056354,國巨元大98購10  ,0,0,0,0,0,0,0,0,0,0,0,0,0,3000,3000,0,0
057759,聯發科凱基98購17,0,0,0,0,0,0,0,0,0,0,0,0,0,426000,426000,0,0
057738,旺宏富邦9A購01  ,0,0,0,0,0,0,0,0,0,0,0,0,0,10000,10000,0,0
057788,嘉聯益國票99購01,0,0,0,0,0,0,0,0,0,0,0,0,0,20000,20000,0,0
057639,國巨元大99購07  ,0,0,0,0,0,0,0,0,0,0,0,0,0,1000,1000,0,0
057222,鴻海國票99購04  ,0,0,0,0,0,0,0,0,0,0,0,0,0,29000,29000,0,0
057259,台積電兆豐98購03,0,0,0,0,0,0,0,0,0,0,0,0,0,10000,10000,0,0
054555,欣興凱基98購01  ,0,0,0,0,0,0,0,0,0,0,0,0,0,20000,20000,0,0
054551,聯發科凱基98購02,0,0,0,0,0,0,0,0,0,0,0,0,0,87000,87000,0,0
054768,泰碩國票99購02  ,0,0,0,0,0,0,0,0,0,0,0,0,0,45000,45000,0,0
055553,聯發科凱基97購05,0,0,0,0,0,0,0,0,0,0,0,0,0,7000,7000,0,0
054080,微星中信98購01  ,0,0,0,0,0,0,0,0,0,0,0,0,0,20000,20000,0,0
055688,力成凱基98購02  ,0,0,0,0,0,0,0,0,0,0,0,0,0,20000,20000,0,0
055624,聯發科富邦99購07,0,0,0,0,0,0,0,0,0,0,0,0,0,10000,10000,0,0
055590,聯發科元大98購02,0,0,0,0,0,0,0,0,0,0,0,0,0,31000,31000,0,0
055741,健策元富97購01  ,0,0,0,0,0,0,0,0,0,0,0,0,0,3000,3000,0,0
055724,祥碩元大97購03  ,0,0,0,0,0,0,0,0,0,0,0,0,0,5000,5000,0,0
055673,旺宏日盛97購01  ,10000,0,10000,0,0,0,0,0,0,-10000,0,0,0,0,10000,-10000,0
055726,台表科元大98購03,0,0,0,0,0,0,0,0,0,0,0,0,0,9000,9000,0,0
056804,T50反1統一9A購03,0,0,0,0,0,0,0,0,0,0,0,0,0,1000,1000,0,0
056796,國巨麥證98購02  ,0,10000,-10000,10000,2000,8000,0,0,0,10000,0,0,0,12000,2000,10000,0
057526,智邦元大98購10  ,0,0,0,0,0,0,0,0,0,0,0,0,0,2000,2000,0,0
057527,億光元大98購01  ,0,0,0,0,0,0,0,0,0,0,0,0,0,148000,148000,0,0
056736,國巨凱基99購03  ,0,0,0,0,0,0,0,0,0,0,0,0,0,3000,3000,0,0
056737,國巨凱基9A購01  ,0,0,0,0,0,0,0,0,0,0,0,0,0,3000,3000,0,0
056771,嘉晶元大99購01  ,0,0,0,0,0,0,0,0,0,0,0,0,0,4000,4000,0,0
057164,國巨元大98購14  ,0,0,0,0,0,0,0,0,0,0,0,0,0,2000,2000,0,0
057165,國巨元大99購05  ,0,0,0,0,0,0,0,0,0,0,0,0,0,3000,3000,0,0
057151,易華電國票99購01,0,0,0,0,0,0,0,0,0,0,0,0,0,20000,20000,0,0
057128,台光電凱基98購03,0,0,0,0,0,0,0,0,0,0,0,0,0,5000,5000,0,0
057121,立積康和98購01  ,0,0,0,0,0,0,0,0,0,0,0,0,0,2000,2000,0,0
056945,鴻海統一98購12  ,0,0,0,0,0,0,0,0,0,0,0,0,0,34000,34000,0,0
060598,鴻海凱基9A購20  ,0,0,0,0,0,0,0,0,0,0,0,0,0,2000,2000,0,0
060595,台灣50凱基04購04,0,0,0,0,0,0,0,0,0,0,0,0,0,1000,1000,0,0
060605,大立光凱基9C購01,0,0,0,0,0,0,0,0,0,0,0,0,0,5000,5000,0,0
060611,同欣電凱基9A購02,0,0,0,0,0,0,0,0,0,0,0,0,0,50000,50000,0,0
060621,玉晶光元大9A購05,0,0,0,0,0,0,0,0,0,0,0,0,0,1000,1000,0,0
060630,國巨富邦9C購03  ,0,0,0,0,0,0,0,0,0,0,0,0,0,1000,1000,0,0
060655,國巨統一9B購06  ,0,0,0,0,0,0,0,0,0,0,0,0,0,1000,1000,0,0
060656,國巨統一9C購03  ,0,0,0,0,0,0,0,0,0,0,0,0,0,1000,1000,0,0
060462,鴻海元大9A購10  ,0,0,0,0,0,0,0,0,0,0,0,0,0,30000,30000,0,0
060452,儒鴻元大9A購01  ,0,0,0,0,0,0,0,0,0,0,0,0,0,10000,10000,0,0
060709,緯穎富邦9B購01  ,0,0,0,0,0,0,0,0,0,0,0,0,0,10000,10000,0,0
060697,鴻海國泰9C購01  ,0,0,0,0,0,0,0,0,0,0,0,0,0,23000,23000,0,0
060743,鴻海國票9A購03  ,0,0,0,0,0,0,0,0,0,0,0,0,0,29000,29000,0,0
060729,國巨群益9A購05  ,0,0,0,0,0,0,0,0,0,0,0,0,0,1000,1000,0,0
060755,鴻海元大9A購15  ,0,0,0,0,0,0,0,0,0,0,0,0,0,2000,2000,0,0
060745,京元電國票9A購01,0,0,0,0,0,0,0,0,0,0,0,0,0,4000,4000,0,0
060769,國巨麥證9A購02  ,0,0,0,0,4000,-4000,0,0,0,0,0,0,0,4000,4000,0,0
055892,國巨統一99購01  ,0,0,0,0,0,0,0,0,0,0,0,0,0,10000,10000,0,0
057349,聯發科統一98購04,0,0,0,0,0,0,0,0,0,0,0,0,0,43000,43000,0,0
057363,華通元大99購02  ,0,0,0,0,0,0,0,0,0,0,0,0,0,7000,7000,0,0
057378,康友元大98購02  ,0,0,0,0,0,0,0,0,0,0,0,0,0,30000,30000,0,0
056532,技嘉凱基98購01  ,0,0,0,0,0,0,0,0,0,0,0,0,0,2000,2000,0,0
056557,世紀鋼凱基98購02,0,0,0,0,0,0,0,0,0,0,0,0,0,25000,25000,0,0
056552,台表科凱基99購01,0,0,0,0,0,0,0,0,0,0,0,0,0,1000,1000,0,0
057336,聯發科國票99購01,0,0,0,0,0,0,0,0,0,0,0,0,0,20000,20000,0,0
056504,國巨永豐98購02  ,0,0,0,0,0,0,0,0,0,0,0,0,0,2000,2000,0,0
056488,致新元大99購01  ,0,0,0,0,0,0,0,0,0,0,0,0,0,10000,10000,0,0
057604,鴻海統一9C購01  ,0,0,0,0,0,0,0,0,0,0,0,0,0,2000,2000,0,0
056682,鴻海統一98購10  ,0,0,0,0,0,0,0,0,0,0,0,0,0,34000,34000,0,0
056193,聯發科富邦99購08,0,0,0,0,0,0,0,0,0,0,0,0,0,67000,67000,0,0
056338,聯發科凱基99購01,0,0,0,0,0,0,0,0,0,0,0,0,0,421000,421000,0,0
056341,宏達電凱基9A購01,0,0,0,0,0,0,0,0,0,0,0,0,0,30000,30000,0,0
056230,可成凱基98購03  ,0,0,0,0,0,0,0,0,0,0,0,0,0,1000,1000,0,0
058042,鴻海元大98購12  ,0,0,0,0,0,0,0,0,0,0,0,0,0,71000,71000,0,0
058036,南電永豐98購01  ,0,0,0,0,0,0,0,0,0,0,0,0,0,29000,29000,0,0
058009,智易國票99購01  ,0,0,0,0,0,0,0,0,0,0,0,0,0,38000,38000,0,0
058729,國巨永豐99購03  ,0,0,0,0,0,0,0,0,0,0,0,0,0,2000,2000,0,0
058044,鴻海元大99購07  ,0,0,0,0,0,0,0,0,0,0,0,0,0,43000,43000,0,0
058743,可成康和99購01  ,0,0,0,0,0,0,0,0,0,0,0,0,0,3000,3000,0,0
059997,華航元富99購01  ,0,0,0,0,0,0,0,0,0,0,0,0,0,1000,1000,0,0
059669,台灣50元富9B購05,0,0,0,0,0,0,0,0,0,0,0,0,0,151000,151000,0,0
059624,鴻海凱基01購01  ,0,0,0,0,0,0,0,0,0,0,0,0,0,2000,2000,0,0
059636,宏達電凱基99購05,0,0,0,0,0,0,0,0,0,0,0,0,0,35000,35000,0,0
059663,旭富元大9C購02  ,0,0,0,0,0,0,0,0,0,0,0,0,0,12000,12000,0,0
058792,鴻海元大99購18  ,0,0,0,0,0,0,0,0,0,0,0,0,0,67000,67000,0,0
058793,鴻海元大99購19  ,0,0,0,0,0,0,0,0,0,0,0,0,0,29000,29000,0,0
059588,鴻海元大99購32  ,0,0,0,0,0,0,0,0,0,0,0,0,0,21000,21000,0,0
060551,大立光凱基9B購02,0,0,0,0,0,0,0,0,0,0,0,0,0,10000,10000,0,0
060543,鴻海凱基9B購02  ,0,0,0,0,0,0,0,0,0,0,0,0,0,19000,19000,0,0
060544,國巨凱基9B購03  ,0,0,0,0,0,0,0,0,0,0,0,0,0,2000,2000,0,0
060522,鴻海中信9A購03  ,0,0,0,0,0,0,0,0,0,0,0,0,0,2000,2000,0,0
060523,鴻海中信9C購03  ,0,0,0,0,0,0,0,0,0,0,0,0,0,2000,2000,0,0
061233,國巨元大9A購17  ,0,0,0,0,0,0,0,0,0,0,0,0,0,1000,1000,0,0
061202,和大元大9A購02  ,0,0,0,0,0,0,0,0,0,0,0,0,0,26000,26000,0,0
059731,康控元大99購04  ,0,0,0,0,0,0,0,0,0,0,0,0,0,5000,5000,0,0
059764,健策永豐99購04  ,0,0,0,0,0,0,0,0,0,0,0,0,0,2000,2000,0,0
059761,國巨永豐99購06  ,0,0,0,0,0,0,0,0,0,0,0,0,0,2000,2000,0,0
059783,旺宏元大99購17  ,0,0,0,0,0,0,0,0,0,0,0,0,0,3000,3000,0,0
059699,華通凱基99購04  ,0,0,0,0,0,0,0,0,0,0,0,0,0,10000,10000,0,0
059716,鴻海元大99購35  ,0,0,0,0,0,0,0,0,0,0,0,0,0,15000,15000,0,0
059717,國巨元大99購21  ,0,0,0,0,0,0,0,0,0,0,0,0,0,2000,2000,0,0
059708,立積凱基9A購02  ,0,0,0,0,0,0,0,0,0,0,0,0,0,10000,10000,0,0
058078,景碩國票99購01  ,0,0,0,0,0,0,0,0,0,0,0,0,0,3000,3000,0,0
058086,鴻海元大98購14  ,0,0,0,0,0,0,0,0,0,0,0,0,0,7000,7000,0,0
058108,台郡台新99購01  ,0,0,0,0,0,0,0,0,0,0,0,0,0,20000,20000,0,0
058099,鴻海國泰9A購02  ,0,0,0,0,0,0,0,0,0,0,0,0,0,1000,1000,0,0
058799,晶技元大99購04  ,0,0,0,0,0,0,0,0,0,0,0,0,0,5000,5000,0,0
058822,樺漢國泰9B購01  ,0,0,0,0,0,0,0,0,0,0,0,0,0,1000,1000,0,0
058827,聯發科永豐9A購01,0,0,0,0,0,0,0,0,0,0,0,0,0,20000,20000,0,0
061309,鴻海統一9C購05  ,0,0,0,0,0,0,0,0,0,0,0,0,0,2000,2000,0,0
061317,旺宏凱基9A購05  ,0,0,0,0,0,0,0,0,0,0,0,0,0,10000,10000,0,0
061333,華通元大9A購08  ,0,0,0,0,0,0,0,0,0,0,0,0,0,2000,2000,0,0
061362,台塑國票9B購01  ,0,0,0,0,0,0,0,0,0,0,0,0,0,10000,10000,0,0
06110P,國巨國泰98售02  ,0,0,0,0,0,0,0,0,0,0,0,0,0,30000,30000,0,0
061064,可成凱基9B購02  ,0,0,0,0,0,0,0,0,0,0,0,0,0,10000,10000,0,0
057854,聯發科國票99購03,0,0,0,0,0,0,0,0,0,0,0,0,0,10000,10000,0,0
058711,鴻海統一9A購02  ,0,0,0,0,0,0,0,0,0,0,0,0,0,2000,2000,0,0
058352,鴻海凱基9A購05  ,0,0,0,0,0,0,0,0,0,0,0,0,0,43000,43000,0,0
058538,智邦台新99購02  ,0,0,0,0,0,0,0,0,0,0,0,0,0,1000,1000,0,0
058565,鴻海凱基9A購07  ,0,0,0,0,0,0,0,0,0,0,0,0,0,2000,2000,0,0
058658,瑞儀中信99購01  ,0,0,0,0,0,0,0,0,0,0,0,0,0,20000,20000,0,0
058627,聯發科國票99購04,0,0,0,0,0,0,0,0,0,0,0,0,0,10000,10000,0,0
058409,鴻海兆豐99購05  ,0,0,0,0,0,0,0,0,0,0,0,0,0,2000,2000,0,0
058502,鴻海元大99購13  ,0,0,0,0,0,0,0,0,0,0,0,0,0,31000,31000,0,0
058503,鴻海元大99購14  ,0,0,0,0,0,0,0,0,0,0,0,0,0,58000,58000,0,0
058528,世紀鋼元大99購02,0,0,0,0,0,0,0,0,0,0,0,0,0,2000,2000,0,0
061512,國巨永豐9A購04  ,0,0,0,0,0,0,0,0,0,0,0,0,0,1000,1000,0,0
061529,國巨台新9A購02  ,0,0,0,0,0,0,0,0,0,0,0,0,0,1000,1000,0,0
058225,旺宏元富99購01  ,0,0,0,0,0,0,0,0,0,0,0,0,0,10000,10000,0,0
061458,臻鼎凱基9A購02  ,0,0,0,0,0,0,0,0,0,0,0,0,0,10000,10000,0,0
060128,健策永豐99購06  ,0,0,0,0,0,0,0,0,0,0,0,0,0,2000,2000,0,0
060125,強茂永豐99購01  ,0,0,0,0,0,0,0,0,0,0,0,0,0,5000,5000,0,0
061598,南電永豐9A購04  ,0,0,0,0,0,0,0,0,0,0,0,0,0,1000,1000,0,0
061710,國巨凱基9A購18  ,0,0,0,0,0,0,0,0,0,0,0,0,0,2000,2000,0,0
060088,國巨元大99購30  ,0,0,0,0,0,0,0,0,0,0,0,0,0,34000,34000,0,0
060956,超眾群益9A購01  ,0,0,0,0,0,0,0,0,0,0,0,0,0,13000,13000,0,0
060979,國巨元大9A購14  ,0,0,0,0,0,0,0,0,0,0,0,0,0,1000,1000,0,0
059946,健策永豐99購05  ,0,0,0,0,0,0,0,0,0,0,0,0,0,2000,2000,0,0
059056,技嘉凱基99購02  ,0,0,0,0,0,0,0,0,0,0,0,0,0,1000,1000,0,0
059059,宏達電凱基99購03,0,0,0,0,0,0,0,0,0,0,0,0,0,92000,92000,0,0
059507,鴻海永豐99購03  ,0,0,0,0,0,0,0,0,0,0,0,0,0,2000,2000,0,0
058998,鴻海元大99購22  ,0,0,0,0,0,0,0,0,0,0,0,0,0,34000,34000,0,0
059161,鴻海凱基9A購09  ,0,0,0,0,0,0,0,0,0,0,0,0,0,4000,4000,0,0
059847,喬山永豐99購01  ,0,0,0,0,0,0,0,0,0,0,0,0,0,10000,10000,0,0
059840,鴻海富邦9A購02  ,0,0,0,0,0,0,0,0,0,0,0,0,0,2000,2000,0,0
059210,鴻海元大99購26  ,0,0,0,0,0,0,0,0,0,0,0,0,0,69000,69000,0,0
059212,鴻海元大99購28  ,0,0,0,0,0,0,0,0,0,0,0,0,0,7000,7000,0,0
059237,鴻海凱基9A購10  ,0,0,0,0,0,0,0,0,0,0,0,0,0,39000,39000,0,0
059466,國巨元大99購26  ,0,0,0,0,0,0,0,0,0,0,0,0,0,2000,2000,0,0
059467,旺宏元大99購15  ,0,0,0,0,0,0,0,0,0,0,0,0,0,2000,2000,0,0
059469,智邦元大99購03  ,0,0,0,0,0,0,0,0,0,0,0,0,0,6000,6000,0,0
059440,康控元大9B購01  ,0,0,0,0,0,0,0,0,0,0,0,0,0,4000,4000,0,0
059478,FBVIX群益9A購01 ,0,0,0,0,0,0,0,0,0,0,0,0,0,2000,2000,0,0
059427,國巨元大99購24  ,0,0,0,0,0,0,0,0,0,0,0,0,0,5000,5000,0,0
059404,鴻海台新99購03  ,0,0,0,0,0,0,0,0,0,0,0,0,0,46000,46000,0,0
059331,台灣50國票9A購06,0,0,0,0,0,0,0,0,0,0,0,0,0,190000,190000,0,0
063946,聯發科元大9C購04,0,0,0,0,0,0,0,0,0,0,0,0,0,3000,3000,0,0
063981,貿聯兆豐9C購01  ,0,0,0,0,0,0,0,0,0,0,0,0,0,65000,65000,0,0
063963,鴻海國票01購01  ,0,0,0,0,0,0,0,0,0,0,0,0,0,3000,3000,0,0
064015,立積國票01購01  ,0,0,0,0,0,0,0,0,0,0,0,0,0,10000,10000,0,0
064176,京元電國泰01購01,0,0,0,0,0,0,0,0,0,0,0,0,0,123000,123000,0,0
064237,奇鋐統一01購01  ,0,0,0,0,0,0,0,0,0,0,0,0,0,50000,50000,0,0
064495,南亞科元大9C購03,0,0,0,0,0,0,0,0,0,0,0,0,0,50000,50000,0,0
06443P,台積電凱基99售01,0,0,0,0,0,0,0,0,0,0,0,0,0,5000,5000,0,0
063829,晶技國票01購01  ,0,0,0,0,0,0,0,0,0,0,0,0,0,110000,110000,0,0
063756,鴻海統一9B購09  ,0,0,0,0,0,0,0,0,0,0,0,0,0,36000,36000,0,0
063617,鴻海兆豐01購01  ,0,0,0,0,0,0,0,0,0,0,0,0,0,2000,2000,0,0
063614,美食群益9B購03  ,0,0,0,0,0,0,0,0,0,0,0,0,0,20000,20000,0,0
063597,健策中信9B購02  ,0,0,0,0,0,0,0,0,0,0,0,0,0,159000,159000,0,0
063721,道瓊銀元大9B購03,0,0,0,0,0,0,0,0,0,0,0,0,0,10000,10000,0,0
063395,金像電群益9B購02,0,0,0,0,0,0,0,0,0,0,0,0,0,10000,10000,0,0
063370,國巨永豐9B購03  ,0,0,0,0,0,0,0,0,0,0,0,0,0,1000,1000,0,0
063416,台積電凱基9B購10,0,0,0,0,0,0,0,0,0,0,0,0,0,2000,2000,0,0
063110,牧德兆豐9B購01  ,0,0,0,0,0,0,0,0,0,0,0,0,0,499000,499000,0,0
063077,巨大永豐9B購03  ,0,0,0,0,0,0,0,0,0,0,0,0,0,68000,68000,0,0
063045,國巨兆豐9C購02  ,0,0,0,0,0,0,0,0,0,0,0,0,0,4000,4000,0,0
063018,聯發科元大9B購14,0,0,0,0,0,0,0,0,0,0,0,0,0,30000,30000,0,0
063016,微星元大9C購02  ,0,0,0,0,0,0,0,0,0,0,0,0,0,50000,50000,0,0
063010,國巨元大9C購02  ,0,0,0,0,0,0,0,0,0,0,0,0,0,1000,1000,0,0
063000,緯穎國票9B購03  ,0,0,0,0,0,0,0,0,0,0,0,0,0,5000,5000,0,0
062957,鴻海麥證9C購01  ,0,0,0,2000,0,2000,0,0,0,0,0,0,0,2000,2000,0,0
062958,長榮航麥證9B購01,0,0,0,35000,35000,0,0,0,0,0,0,0,0,35000,35000,0,0
062951,鴻海永豐9B購02  ,0,0,0,0,0,0,0,0,0,0,0,0,0,2000,2000,0,0
063263,高鐵永豐9B購01  ,0,0,0,0,0,0,0,0,0,0,0,0,0,16000,16000,0,0
063265,瑞祺永豐9B購01  ,0,0,0,0,0,0,0,0,0,0,0,0,0,591000,591000,0,0
063157,鴻海台新9B購02  ,0,0,0,0,0,0,0,0,0,0,0,0,0,28000,28000,0,0
062618,祥碩元大9B購04  ,0,0,0,0,0,0,0,0,0,0,0,0,0,14000,14000,0,0
062599,鴻海台新9B購01  ,0,0,0,0,0,0,0,0,0,0,0,0,0,2000,2000,0,0
062696,國巨元大9B購16  ,0,0,0,0,0,0,0,0,0,0,0,0,0,1000,1000,0,0
062811,鴻海兆豐9B購01  ,0,0,0,0,0,0,0,0,0,0,0,0,0,6000,6000,0,0
062865,臺股指國票9B購22,0,0,0,0,0,0,0,0,0,0,0,0,0,10000,10000,0,0
062124,大立光統一9B購09,0,0,0,0,0,0,0,0,0,0,0,0,0,4000,4000,0,0
062143,大成鋼國票9B購01,0,0,0,0,0,0,0,0,0,0,0,0,0,15000,15000,0,0
062083,健策元大9C購03  ,0,0,0,0,0,0,0,0,0,0,0,0,0,31000,31000,0,0
062090,南電元大9B購02  ,0,0,0,0,0,0,0,0,0,0,0,0,0,4000,4000,0,0
062078,聯發科元大9B購05,0,0,0,0,0,0,0,0,0,0,0,0,0,37000,37000,0,0
062072,國巨元大9B購05  ,0,0,0,0,0,0,0,0,0,0,0,0,0,2000,2000,0,0
062231,台光電麥證9C購01,0,0,0,11000,0,11000,0,0,0,0,0,0,0,11000,11000,0,0
062233,神隆凱基9B購01  ,0,0,0,0,0,0,0,0,0,0,0,0,0,27000,27000,0,0
061946,鴻海群益9B購03  ,0,0,0,0,0,0,0,0,0,0,0,0,0,32000,32000,0,0
061893,鴻海永豐9B購01  ,0,0,0,0,0,0,0,0,0,0,0,0,0,2000,2000,0,0
062054,鴻海統一9C購06  ,0,0,0,0,0,0,0,0,0,0,0,0,0,2000,2000,0,0
062458,全新群益9B購03  ,0,0,0,0,0,0,0,0,0,0,0,0,0,83000,83000,0,0
062435,國巨元大9B購13  ,0,0,0,0,0,0,0,0,0,0,0,0,0,2000,2000,0,0
062478,牧德國票9B購03  ,0,0,0,0,0,0,0,0,0,0,0,0,0,10000,10000,0,0
062586,國巨統一01購06  ,0,0,0,0,0,0,0,0,0,0,0,0,0,1000,1000,0,0
062553,台積電凱基9B購07,0,0,0,0,0,0,0,0,0,0,0,0,0,1000,1000,0,0
062525,鴻海統一9C購10  ,0,0,0,0,0,0,0,0,0,0,0,0,0,2000,2000,0,0
062416,和大統一01購02  ,0,0,0,0,0,0,0,0,0,0,0,0,0,116000,116000,0,0
062417,鴻海統一9C購08  ,0,0,0,0,0,0,0,0,0,0,0,0,0,2000,2000,0,0
062358,國巨元大9B購12  ,0,0,0,0,0,0,0,0,0,0,0,0,0,2000,2000,0,0
062352,南六群益9B購02  ,0,0,0,0,0,0,0,0,0,0,0,0,0,10000,10000,0,0
062356,國巨元大9B購10  ,0,0,0,0,0,0,0,0,0,0,0,0,0,1000,1000,0,0
062257,聯發科元大9B購09,0,0,0,0,0,0,0,0,0,0,0,0,0,36000,36000,0,0
4190,佐登-KY         ,22000,20000,2000,0,0,0,0,0,0,-2000,1000,0,1000,0,3000,-3000,0
4557,永新-KY         ,4000,4000,0,0,0,0,0,0,0,0,0,0,0,0,0,0,0
9941A,裕融甲特        ,0,0,0,0,0,0,0,0,0,0,5000,5000,0,0,0,0,0
08236P,國巨富邦03售01  ,0,0,0,0,0,0,0,0,0,0,0,0,0,5000,5000,0,0
08249P,聯發科群益9C售06,0,0,0,0,0,0,0,0,0,0,0,0,0,10000,10000,0,0
08264P,南電元大9C售02  ,0,0,0,0,0,0,0,0,0,0,0,0,0,85000,85000,0,0
08348P,貿聯元大9C售01  ,0,0,0,0,0,0,0,0,0,0,0,0,0,84000,84000,0,0
08324P,大立光凱基9C售05,0,0,0,0,0,0,0,0,0,0,0,0,0,50000,50000,0,0
08680P,聯發科元大01售10,0,0,0,0,0,0,0,0,0,0,0,0,0,94000,94000,0,0
08467P,長榮航統一9C售01,0,0,0,0,0,0,0,0,0,0,0,0,0,20000,20000,0,0
08575P,長榮航凱基9C售02,0,0,0,0,0,0,0,0,0,0,0,0,0,24000,24000,0,0
3383,新世紀          ,8000,8000,0,0,0,0,0,0,0,0,0,0,0,0,0,0,0
065497,台積電富邦03購03,0,0,0,0,0,0,0,0,0,-1000,0,0,0,262000,263000,-1000,-1000
065618,電子類元大9C購01,0,0,0,0,0,0,0,0,0,-1000,0,0,0,0,1000,-1000,-1000
065716,道瓊反中信03購01,0,0,0,0,0,0,0,0,0,-1000,0,0,0,0,1000,-1000,-1000
065432,景碩凱基9C購03  ,0,0,0,0,0,0,0,0,0,-1000,0,0,0,0,1000,-1000,-1000
065417,嘉晶國票01購02  ,0,0,0,0,0,0,0,0,0,-1000,0,0,0,0,1000,-1000,-1000
065232,健策凱基02購01  ,0,0,0,0,0,0,0,0,0,-1000,0,0,0,71000,72000,-1000,-1000
065192,臺股指統一9C購03,0,0,0,0,0,0,0,0,0,-1000,0,0,0,0,1000,-1000,-1000
064688,國巨群益9C購11  ,0,0,0,0,0,0,0,0,0,-1000,0,0,0,0,1000,-1000,-1000
06470P,臺股指凱基99售10,0,0,0,0,0,0,0,0,0,-1000,0,0,0,0,1000,-1000,-1000
064631,臺股指元大9C購17,0,0,0,0,0,0,0,0,0,-1000,0,0,0,0,1000,-1000,-1000
064548,漢翔凱基9C購01  ,0,0,0,0,0,0,0,0,0,-1000,0,0,0,99000,100000,-1000,-1000
065033,和碩兆豐9C購01  ,0,0,0,0,0,0,0,0,0,-1000,0,0,0,92000,93000,-1000,-1000
064871,緯穎永豐9C購03  ,0,0,0,0,0,0,0,0,0,-1000,0,0,0,0,1000,-1000,-1000
064819,華新統一01購02  ,0,0,0,0,0,0,0,0,0,-1000,0,0,0,0,1000,-1000,-1000
07900P,臺股指凱基9B售03,0,0,0,0,0,0,0,0,0,-1000,0,0,0,0,1000,-1000,-1000
07693P,群創元大9B售10  ,0,0,0,0,0,0,0,0,0,-1000,0,0,0,34000,35000,-1000,-1000
07574P,國巨元大9A售12  ,0,0,0,0,0,0,0,0,0,-1000,0,0,0,0,1000,-1000,-1000
07600P,台灣50凱基04售06,0,0,0,0,0,0,0,0,0,-1000,0,0,0,0,1000,-1000,-1000
07510P,台灣50元富04售02,0,0,0,0,0,0,0,0,0,-1000,0,0,0,0,1000,-1000,-1000
07631P,臺股指凱基9A售12,0,0,0,0,0,0,0,0,0,-1000,0,0,0,0,1000,-1000,-1000
07391P,台灣50國泰02售01,0,0,0,0,0,0,0,0,0,-1000,0,0,0,0,1000,-1000,-1000
07507P,國巨國票9B售02  ,0,0,0,0,0,0,0,0,0,-1000,0,0,0,0,1000,-1000,-1000
07242P,台灣50凱基9A售03,0,0,0,0,0,0,0,0,0,-1000,0,0,0,0,1000,-1000,-1000
07025P,玉晶光凱基99售01,0,0,0,0,0,0,0,0,0,-1000,0,0,0,0,1000,-1000,-1000
07158P,FBVIX國泰9C售01 ,0,0,0,0,0,0,0,0,0,-1000,0,0,0,0,1000,-1000,-1000
07181P,臺股指凱基99售23,0,0,0,0,0,0,0,0,0,-1000,0,0,0,1000,2000,-1000,-1000
06992P,玉晶光日盛9B售01,0,0,0,0,0,0,0,0,0,-1000,0,0,0,0,1000,-1000,-1000
066056,聯鈞元大01購02  ,0,0,0,0,0,0,0,0,0,-1000,0,0,0,4000,5000,-1000,-1000
06638P,鴻海統一99售02  ,0,0,0,0,0,0,0,0,0,-1000,0,0,0,30000,31000,-1000,-1000
06715P,台積電元大99售04,0,0,0,0,0,0,0,0,0,-1000,0,0,0,0,1000,-1000,-1000
06700P,臺股指統一99售05,0,0,0,0,0,0,0,0,0,-1000,0,0,0,46000,47000,-1000,-1000
06673P,大立光群益98售01,0,0,0,0,0,0,0,0,0,-1000,0,0,0,0,1000,-1000,-1000
06806P,臺股指群益98售12,0,0,0,0,0,0,0,0,0,-1000,0,0,0,0,1000,-1000,-1000
056340,可成凱基98購04  ,0,0,0,0,0,0,0,0,0,-1000,0,0,0,0,1000,-1000,-1000
056081,T50反1統一99購02,0,0,0,0,0,0,0,0,0,-1000,0,0,0,0,1000,-1000,-1000
056634,為升兆豐99購01  ,0,0,0,0,0,0,0,0,0,-1000,0,0,0,0,1000,-1000,-1000
056681,鴻海統一98購09  ,0,0,0,0,0,0,0,0,0,-1000,0,0,0,35000,36000,-1000,-1000
056667,上銀國票99購01  ,0,0,0,0,0,0,0,0,0,-1000,0,0,0,0,1000,-1000,-1000
056496,康控國泰99購01  ,0,0,0,0,0,0,0,0,0,-1000,0,0,0,5000,6000,-1000,-1000
056563,華新科群益98購04,0,0,0,0,0,0,0,0,0,-1000,0,0,0,0,1000,-1000,-1000
056590,樺漢統一9A購01  ,0,0,0,0,0,0,0,0,0,-1000,0,0,0,14000,15000,-1000,-1000
056534,京元電凱基98購01,0,0,0,0,0,0,0,0,0,-1000,0,0,0,53000,54000,-1000,-1000
055926,國巨群益98購06  ,0,0,0,0,0,0,0,0,0,-1000,0,0,0,2000,3000,-1000,-1000
060802,道瓊指中信9C購03,0,0,0,0,0,0,0,0,0,-1000,0,0,0,0,1000,-1000,-1000
06078P,臺股指凱基9A售01,0,0,0,0,0,0,0,0,0,-1000,0,0,0,0,1000,-1000,-1000
060882,大立光中信9A購05,0,0,0,0,0,0,0,0,0,-1000,0,0,0,0,1000,-1000,-1000
060464,台積電元大9A購11,0,0,0,0,0,0,0,0,0,-1000,0,0,0,0,1000,-1000,-1000
057029,緯穎凱基98購04  ,0,0,0,0,0,0,0,0,0,-1000,0,0,0,0,1000,-1000,-1000
057040,國巨元大98購12  ,0,0,0,0,0,0,0,0,0,-1000,0,0,0,2000,3000,-1000,-1000
057501,超眾群益98購04  ,0,0,0,0,0,0,0,0,0,-1000,0,0,0,0,1000,-1000,-1000
054930,群電凱基98購01  ,0,0,0,0,0,0,0,0,0,-1000,0,0,0,0,1000,-1000,-1000
057278,可成元大98購06  ,0,0,0,0,0,0,0,0,0,-1000,0,0,0,46000,47000,-1000,-1000
057768,華新科中信9A購01,0,0,0,0,0,0,0,0,0,-1000,0,0,0,0,1000,-1000,-1000
057718,旺宏元富02購02  ,0,0,0,0,0,0,0,0,0,-1000,0,0,0,1000,2000,-1000,-1000
056377,智伸科統一9A購01,0,0,0,0,0,0,0,0,0,-1000,0,0,0,0,1000,-1000,-1000
053468,鴻海元大98購01  ,0,0,0,0,0,0,0,0,0,-1000,0,0,0,0,1000,-1000,-1000
054375,貿聯中信99購01  ,0,0,0,0,0,0,0,0,0,-1000,0,0,0,0,1000,-1000,-1000
055305,旺宏群益99購01  ,0,0,0,0,0,0,0,0,0,-1000,0,0,0,0,1000,-1000,-1000
052692,滬深2X中信99購02,0,0,0,0,0,0,0,0,0,-1000,0,0,0,0,1000,-1000,-1000
052659,上証2X國票99購01,0,0,0,0,0,0,0,0,0,-1000,0,0,0,0,1000,-1000,-1000
052788,開發金中信98購02,0,0,0,0,0,0,0,0,0,-1000,0,0,0,0,1000,-1000,-1000
03429B,臺股指元富97熊07,0,0,0,0,0,0,0,0,0,-1000,0,0,0,0,1000,-1000,-1000
03430B,臺股指元大9B熊01,0,0,0,0,0,0,0,0,0,-1000,0,0,0,0,1000,-1000,-1000
00693U,街口S&P黃豆     ,21000,21000,0,0,0,0,0,0,0,-1000,0,0,0,0,1000,-1000,-1000
03022X,富展01          ,0,0,0,0,0,0,0,0,0,-1000,0,0,0,0,1000,-1000,-1000
0053,元大電子        ,0,0,0,0,0,0,0,0,0,-1000,0,0,0,7000,8000,-1000,-1000
059365,T50反1台新99購01,0,0,0,0,0,0,0,0,0,-1000,0,0,0,0,1000,-1000,-1000
059215,台積電元大99購28,0,0,0,0,0,0,0,0,0,-1000,0,0,0,0,1000,-1000,-1000
059142,道瓊指國票9B購02,0,0,0,0,0,0,0,0,0,-1000,0,0,0,0,1000,-1000,-1000
059874,大立光凱基99購15,0,0,0,0,0,0,0,0,0,-1000,0,0,0,0,1000,-1000,-1000
059019,元石油統一9B購03,0,0,0,0,0,0,0,0,0,-1000,0,0,0,0,1000,-1000,-1000
058368,奇鋐凱基9A購01  ,0,0,0,0,0,0,0,0,0,-1000,0,0,0,0,1000,-1000,-1000
059490,國巨國票99購09  ,0,0,0,0,0,0,0,0,0,-1000,0,0,0,0,1000,-1000,-1000
059516,TPK永豐99購01   ,0,0,0,0,0,0,0,0,0,-1000,0,0,0,67000,68000,-1000,-1000
059566,台積電凱基9A購11,0,0,0,0,0,0,0,0,0,-1000,0,0,0,0,1000,-1000,-1000
059941,聯發科永豐99購04,0,0,0,0,0,0,0,0,0,-1000,0,0,0,0,1000,-1000,-1000
059114,華新科永豐99購05,0,0,0,0,0,0,0,0,0,-1000,0,0,0,0,1000,-1000,-1000
061028,聚陽永豐9A購01  ,0,0,0,0,0,0,0,0,0,-1000,0,0,0,325000,326000,-1000,-1000
061810,S&P反1群益9B購02,0,0,0,0,0,0,0,0,0,-1000,0,0,0,0,1000,-1000,-1000
061597,南六永豐9A購04  ,0,0,0,0,0,0,0,0,0,-1000,0,0,0,0,1000,-1000,-1000
058387,國巨國票9A購03  ,0,0,0,0,0,0,0,0,0,-1000,0,0,0,3000,4000,-1000,-1000
057868,大立光凱基98購18,0,0,0,0,0,0,0,0,0,-1000,0,0,0,0,1000,-1000,-1000
057852,國巨國票99購05  ,0,0,0,0,0,0,0,0,0,-1000,0,0,0,0,1000,-1000,-1000
057914,日月光日盛9A購01,0,0,0,0,0,0,0,0,0,-1000,0,0,0,0,1000,-1000,-1000
057940,和大國票99購01  ,0,0,0,0,0,0,0,0,0,-1000,0,0,0,0,1000,-1000,-1000
061364,國巨國票9A購09  ,0,0,0,0,0,0,0,0,0,-1000,0,0,0,13000,14000,-1000,-1000
061361,世紀鋼兆豐9A購01,0,0,0,0,0,0,0,0,0,-1000,0,0,0,0,1000,-1000,-1000
059719,台積電元大99購42,0,0,0,0,0,0,0,0,0,-1000,0,0,0,0,1000,-1000,-1000
059770,A50正2群益9C購01,0,0,0,0,0,0,0,0,0,-1000,0,0,0,0,1000,-1000,-1000
061154,可成群益9B購04  ,0,0,0,0,0,0,0,0,0,-1000,0,0,0,8000,9000,-1000,-1000
061176,聯發科凱基9A購14,0,0,0,0,0,0,0,0,0,-1000,0,0,0,0,1000,-1000,-1000
058735,南茂永豐99購01  ,0,0,0,0,0,0,0,0,0,-1000,0,0,0,446000,447000,-1000,-1000
058005,茂林群益98購04  ,0,0,0,0,0,0,0,0,0,-1000,0,0,0,44000,45000,-1000,-1000
061930,臺股指凱基9B購05,0,0,0,0,0,0,0,0,0,-1000,0,0,0,5000,6000,-1000,-1000
062232,聯詠麥證9C購01  ,0,0,0,0,1000,-1000,0,0,0,-1000,0,0,0,0,1000,-1000,-1000
062214,金寶統一01購01  ,0,0,0,0,0,0,0,0,0,-1000,0,0,0,26000,27000,-1000,-1000
062116,元金2X第一9B購01,0,0,0,0,0,0,0,0,0,-1000,0,0,0,20000,21000,-1000,-1000
062932,滬深2X凱基01購01,0,0,0,0,0,0,0,0,0,-1000,0,0,0,4000,5000,-1000,-1000
06291P,臺股指國票97售05,0,0,0,0,0,0,0,0,0,-1000,0,0,0,0,1000,-1000,-1000
062617,京鼎元大9B購01  ,0,0,0,0,0,0,0,0,0,-1000,0,0,0,82000,83000,-1000,-1000
063024,祥碩元大9B購05  ,0,0,0,0,0,0,0,0,0,-1000,0,0,0,150000,151000,-1000,-1000
063058,A50正2元富02購01,0,0,0,0,0,0,0,0,0,-1000,0,0,0,0,1000,-1000,-1000
063066,同欣電麥證9B購01,0,0,0,1000,2000,-1000,0,0,0,-1000,0,0,0,1000,2000,-1000,-1000
063588,華新科永豐9B購02,0,0,0,0,0,0,0,0,0,-1000,0,0,0,5000,6000,-1000,-1000
063695,上銀第一9B購01  ,0,0,0,0,0,0,0,0,0,-1000,0,0,0,0,1000,-1000,-1000
06363P,臺股指麥證97售02,0,0,0,0,1000,-1000,0,0,0,-1000,0,0,0,0,1000,-1000,-1000
06376P,上銀統一99售01  ,0,0,0,0,0,0,0,0,0,-1000,0,0,0,12000,13000,-1000,-1000
063868,嘉晶永豐9C購01  ,0,0,0,0,0,0,0,0,0,-1000,0,0,0,0,1000,-1000,-1000
064447,喬山統一02購01  ,0,0,0,0,0,0,0,0,0,-1000,0,0,0,0,1000,-1000,-1000
064419,鴻海兆豐9C購01  ,0,0,0,0,0,0,0,0,0,-1000,0,0,0,2000,3000,-1000,-1000
064299,宏碁兆豐9C購01  ,0,0,0,0,0,0,0,0,0,-1000,0,0,0,95000,96000,-1000,-1000
3321,同泰            ,0,1000,-1000,0,0,0,0,0,0,0,0,0,0,0,0,0,-1000
2903,遠百            ,619000,655000,-36000,0,0,0,0,0,0,35000,35000,0,35000,0,0,0,-1000
2838A,聯邦銀甲特      ,0,0,0,0,0,0,0,0,0,-1000,2000,3000,-1000,0,0,0,-1000
2464,盟立            ,0,1000,-1000,0,0,0,0,0,0,0,0,0,0,0,0,0,-1000
2243,宏旭-KY         ,4000,5000,-1000,0,0,0,0,0,0,0,0,0,0,0,0,0,-1000
08521P,台達電元大9C售03,0,0,0,0,0,0,0,0,0,-1000,0,0,0,0,1000,-1000,-1000
08594P,台積電群益01售05,0,0,0,0,0,0,0,0,0,-1000,0,0,0,0,1000,-1000,-1000
08328P,國巨國票9C售07  ,0,0,0,0,0,0,0,0,0,-1000,0,0,0,0,1000,-1000,-1000
08349P,南六元大9C售03  ,0,0,0,0,0,0,0,0,0,-1000,0,0,0,0,1000,-1000,-1000
06746P,聯發科群益99售02,0,0,0,0,0,0,0,0,0,-2000,0,0,0,0,2000,-2000,-2000
06722P,臺股指中信9A售04,0,0,0,0,0,0,0,0,0,-2000,0,0,0,0,2000,-2000,-2000
066336,聯陽永豐01購01  ,0,0,0,0,0,0,0,0,0,-2000,0,0,0,0,2000,-2000,-2000
066163,友訊凱基01購01  ,0,0,0,0,0,0,0,0,0,-2000,0,0,0,0,2000,-2000,-2000
066195,臺股指凱基03購04,0,0,0,0,0,0,0,0,0,-2000,0,0,0,0,2000,-2000,-2000
066265,精元元大01購01  ,0,0,0,0,0,0,0,0,0,-2000,0,0,0,0,2000,-2000,-2000
065935,金像電群益01購03,0,0,0,0,0,0,0,0,0,-2000,0,0,0,49000,51000,-2000,-2000
07096P,元石油元大9C售05,0,0,0,0,0,0,0,0,0,-2000,0,0,0,0,2000,-2000,-2000
07208P,台積電凱基99售14,0,0,0,0,0,0,0,0,0,-2000,0,0,0,45000,47000,-2000,-2000
07390P,華新科康和99售02,0,0,0,0,0,0,0,0,0,-2000,0,0,0,0,2000,-2000,-2000
07616P,瑞昱中信02售01  ,0,0,0,0,0,0,0,0,0,-2000,0,0,0,0,2000,-2000,-2000
07532P,台灣50中信01售02,0,0,0,0,0,0,0,0,0,-2000,0,0,0,0,2000,-2000,-2000
07702P,台積電中信9A售06,0,0,0,0,0,0,0,0,0,-2000,0,0,0,0,2000,-2000,-2000
07763P,嘉澤永豐9A售02  ,0,0,0,0,0,0,0,0,0,-2000,0,0,0,0,2000,-2000,-2000
07922P,大立光群益9B售05,0,0,0,0,0,0,0,0,0,-2000,0,0,0,0,2000,-2000,-2000
07886P,國巨國票9B售06  ,0,0,0,0,0,0,0,0,0,-2000,0,0,0,0,2000,-2000,-2000
07954P,台表科元大9B售02,0,0,0,0,0,0,0,0,0,-2000,0,0,0,0,2000,-2000,-2000
06504P,麗豐國票99售02  ,0,0,0,0,0,0,0,0,0,-2000,0,0,0,0,2000,-2000,-2000
064992,玉晶光兆豐01購01,0,0,0,0,0,0,0,0,0,-2000,0,0,0,10000,12000,-2000,-2000
00666R,富邦恒生國企反1 ,0,0,0,0,0,0,0,0,0,-2000,0,0,0,213000,215000,-2000,-2000
03052X,元展49          ,0,0,0,0,0,0,0,0,0,-2000,0,0,0,0,2000,-2000,-2000
052987,華新科元大99購01,0,0,0,0,0,0,0,0,0,-2000,0,0,0,0,2000,-2000,-2000
053069,同欣電群益98購01,0,0,0,0,0,0,0,0,0,-2000,0,0,0,0,2000,-2000,-2000
054106,元油反凱基9C購01,0,0,0,0,0,0,0,0,0,-2000,0,0,0,0,2000,-2000,-2000
051971,元金2X凱基97購02,0,0,0,0,0,0,0,0,0,-2000,0,0,0,0,2000,-2000,-2000
052076,可成元富98購01  ,0,0,0,0,0,0,0,0,0,-2000,0,0,0,0,2000,-2000,-2000
057640,台積電元大98購16,0,0,0,0,0,0,0,0,0,-2000,0,0,0,0,2000,-2000,-2000
057223,富邦金日盛99購01,0,0,0,0,0,0,0,0,0,-2000,0,0,0,0,2000,-2000,-2000
054811,裕隆元大9A購01  ,0,0,0,0,0,0,0,0,0,-2000,0,0,0,0,2000,-2000,-2000
054556,世芯凱基99購01  ,0,0,0,0,0,0,0,0,0,-2000,0,0,0,1000,3000,-2000,-2000
055589,台光電元大98購04,0,0,0,0,0,0,0,0,0,-2000,0,0,0,1000,3000,-2000,-2000
057119,微星康和98購01  ,0,0,0,0,0,0,0,0,0,-2000,0,0,0,76000,78000,-2000,-2000
060445,S&P反1元大9A購04,0,0,0,0,0,0,0,0,0,-2000,0,0,0,0,2000,-2000,-2000
060864,可成永豐9A購01  ,0,0,0,0,0,0,0,0,0,-2000,0,0,0,0,2000,-2000,-2000
060727,高股息中信9C購02,0,0,0,0,0,0,0,0,0,-2000,0,0,0,0,2000,-2000,-2000
060744,鴻海國票9A購04  ,0,0,0,0,0,0,0,0,0,-2000,0,0,0,47000,49000,-2000,-2000
057596,聯茂兆豐99購01  ,0,0,0,0,0,0,0,0,0,-2000,0,0,0,39000,41000,-2000,-2000
055800,欣興永豐97購02  ,0,0,0,0,0,0,0,0,0,-2000,0,0,0,0,2000,-2000,-2000
056263,友訊統一99購01  ,0,0,0,0,0,0,0,0,0,-2000,0,0,0,10000,12000,-2000,-2000
056279,新日興富邦99購01,0,0,0,0,0,0,0,0,0,-2000,0,0,0,40000,42000,-2000,-2000
060361,南亞科元富9A購03,0,0,0,0,0,0,0,0,0,-2000,0,0,0,100000,102000,-2000,-2000
061143,道瓊指中信9C購04,0,0,0,0,0,0,0,0,0,-2000,0,0,0,68000,70000,-2000,-2000
061247,玉晶光群益9A購09,0,0,0,0,0,0,0,0,0,-2000,0,0,0,8000,10000,-2000,-2000
061256,亞德客凱基9B購01,0,0,0,0,0,0,0,0,0,-2000,0,0,0,10000,12000,-2000,-2000
060545,台積電凱基9B購02,0,0,0,0,0,0,0,0,0,-2000,0,0,0,0,2000,-2000,-2000
058070,華新科凱基98購07,0,0,0,0,0,0,0,0,0,-2000,0,0,0,58000,60000,-2000,-2000
061303,玉晶光永豐9B購03,0,0,0,0,0,0,0,0,0,-2000,0,0,0,0,2000,-2000,-2000
061308,元金2X中信9A購01,0,0,0,0,0,0,0,0,0,-2000,0,0,0,3000,5000,-2000,-2000
058151,台積電統一9A購04,0,0,0,0,0,0,0,0,0,-2000,0,0,0,8000,10000,-2000,-2000
058564,元金2X凱基9C購01,0,0,0,0,0,0,0,0,0,-2000,0,0,0,0,2000,-2000,-2000
058313,台積電富邦9B購04,0,0,0,0,0,0,0,0,0,-2000,0,0,0,73000,75000,-2000,-2000
058703,台積電元大99購16,0,0,0,0,0,0,0,0,0,-2000,0,0,0,0,2000,-2000,-2000
061789,群創群益9B購01  ,0,0,0,0,0,0,0,0,0,-2000,0,0,0,151000,153000,-2000,-2000
060247,牧德元大9A購02  ,0,0,0,0,0,0,0,0,0,-2000,0,0,0,5000,7000,-2000,-2000
060301,國巨富邦9C購02  ,0,0,0,0,0,0,0,0,0,-2000,0,0,0,0,2000,-2000,-2000
061486,國巨兆豐9B購02  ,0,0,0,0,0,0,0,0,0,-2000,0,0,0,109000,111000,-2000,-2000
060941,台積電國票9B購04,0,0,0,0,0,0,0,0,0,-2000,0,0,0,0,2000,-2000,-2000
060939,鴻海國票9A購06  ,0,0,0,0,0,0,0,0,0,-2000,0,0,0,38000,40000,-2000,-2000
059038,健策群益9A購02  ,0,0,0,0,0,0,0,0,0,-2000,0,0,0,0,2000,-2000,-2000
059830,台郡凱基99購05  ,0,0,0,0,0,0,0,0,0,-2000,0,0,0,10000,12000,-2000,-2000
064427,喬山凱基01購01  ,0,0,0,0,0,0,0,0,0,-2000,0,0,0,0,2000,-2000,-2000
064393,友訊永豐9C購01  ,0,0,0,0,0,0,0,0,0,-2000,0,0,0,54000,56000,-2000,-2000
064462,致伸統一02購01  ,0,0,0,0,0,0,0,0,0,-2000,0,0,0,87000,89000,-2000,-2000
06345P,臺股指統一9A售01,0,0,0,0,0,0,0,0,0,-2000,0,0,0,0,2000,-2000,-2000
063302,國巨凱基9C購05  ,0,0,0,0,0,0,0,0,0,-2000,0,0,0,5000,7000,-2000,-2000
063052,國巨統一9C購10  ,0,0,0,0,0,0,0,0,0,-2000,0,0,0,1000,3000,-2000,-2000
063106,台表科群益9B購03,0,0,0,0,0,0,0,0,0,-2000,0,0,0,0,2000,-2000,-2000
063006,道瓊反元大9C購01,0,0,0,0,0,0,0,0,0,-2000,0,0,0,20000,22000,-2000,-2000
063160,牧德富邦9C購02  ,0,0,0,0,0,0,0,0,0,-2000,0,0,0,0,2000,-2000,-2000
063235,台積電元大9B購06,0,0,0,0,0,0,0,0,0,-2000,0,0,0,3000,5000,-2000,-2000
062657,華新科第一9B購01,0,0,0,0,0,0,0,0,0,-2000,0,0,0,0,2000,-2000,-2000
062684,華新科統一01購02,0,0,0,0,0,0,0,0,0,-2000,0,0,0,0,2000,-2000,-2000
062866,臺股指國票9B購23,0,0,0,0,0,0,0,0,0,-2000,0,0,0,3000,5000,-2000,-2000
062149,牧德國票9B購01  ,0,0,0,0,0,0,0,0,0,-2000,0,0,0,0,2000,-2000,-2000
062206,緯創國票9B購01  ,0,0,0,0,0,0,0,0,0,-2000,0,0,0,0,2000,-2000,-2000
062222,華新科統一9B購04,0,0,0,0,0,0,0,0,0,-2000,0,0,0,0,2000,-2000,-2000
062241,滬深2X元大9B購03,0,0,0,0,0,0,0,0,0,-2000,0,0,0,0,2000,-2000,-2000
062382,燿華國泰9C購01  ,0,0,0,0,0,0,0,0,0,-2000,0,0,0,41000,43000,-2000,-2000
062482,台表科國票9B購01,0,0,0,0,0,0,0,0,0,-2000,0,0,0,8000,10000,-2000,-2000
062436,國巨元大9B購14  ,0,0,0,0,0,0,0,0,0,-2000,0,0,0,0,2000,-2000,-2000
08389P,技嘉國票9C售01  ,0,0,0,0,0,0,0,0,0,-2000,0,0,0,10000,12000,-2000,-2000
08078P,聯發科國票9B售04,0,0,0,0,0,0,0,0,0,-2000,0,0,0,0,2000,-2000,-2000
08014P,微星凱基9B售02  ,0,0,0,0,0,0,0,0,0,-2000,0,0,0,24000,26000,-2000,-2000
07999P,台達電凱基9B售02,0,0,0,0,0,0,0,0,0,-2000,0,0,0,0,2000,-2000,-2000
08048P,臺股指國票9B售13,0,0,0,0,0,0,0,0,0,-2000,0,0,0,0,2000,-2000,-2000
08043P,電子類群益9B售01,0,0,0,0,0,0,0,0,0,-2000,0,0,0,0,2000,-2000,-2000
08633P,聯發科元大9C售20,0,0,0,0,0,0,0,0,0,-2000,0,0,0,300000,302000,-2000,-2000
08661P,台灣50麥證9C售03,0,0,0,0,2000,-2000,0,0,0,-2000,0,0,0,0,2000,-2000,-2000
1626,艾美特-KY       ,105000,108000,-3000,0,0,0,0,0,0,1000,1000,0,1000,0,0,0,-2000
064565,高鐵群益01購01  ,0,0,0,0,0,0,0,0,0,-3000,0,0,0,7000,10000,-3000,-3000
064598,國巨元富9C購03  ,0,0,0,0,0,0,0,0,0,-3000,0,0,0,38000,41000,-3000,-3000
064675,A50正2兆豐01購01,0,0,0,0,0,0,0,0,0,-3000,0,0,0,0,3000,-3000,-3000
065156,可成群益01購02  ,0,0,0,0,0,0,0,0,0,-3000,0,0,0,3000,6000,-3000,-3000
065485,巨大元大9C購02  ,0,0,0,0,0,0,0,0,0,-3000,0,0,0,6000,9000,-3000,-3000
07923P,元金2X凱基02售02,0,0,0,0,0,0,0,0,0,-3000,0,0,0,0,3000,-3000,-3000
07769P,國巨國票9A售10  ,0,0,0,0,0,0,0,0,0,-3000,0,0,0,0,3000,-3000,-3000
07609P,台灣50國票9C售04,0,0,0,0,0,0,0,0,0,-3000,0,0,0,0,3000,-3000,-3000
07395P,台積電群益99售13,0,0,0,0,0,0,0,0,0,-3000,0,0,0,0,3000,-3000,-3000
07314P,T50正2元大9C售03,0,0,0,0,0,0,0,0,0,-3000,0,0,0,0,3000,-3000,-3000
066295,昇陽半元大01購01,0,0,0,0,0,0,0,0,0,-3000,0,0,0,0,3000,-3000,-3000
066229,力山富邦04購01  ,0,0,0,0,0,0,0,0,0,-3000,0,0,0,0,3000,-3000,-3000
066213,惠特統一03購01  ,0,0,0,0,0,0,0,0,0,-3000,0,0,0,0,3000,-3000,-3000
066067,台積電凱基02購05,0,0,0,0,0,0,0,0,0,-3000,0,0,0,0,3000,-3000,-3000
066083,鴻海富邦02購01  ,0,0,0,0,0,0,0,0,0,-3000,0,0,0,0,3000,-3000,-3000
066312,川湖永豐01購01  ,0,0,0,0,0,0,0,0,0,-3000,0,0,0,0,3000,-3000,-3000
066352,晶碩永豐01購01  ,0,0,0,0,0,0,0,0,0,-3000,0,0,0,0,3000,-3000,-3000
06757P,台灣50元大9B售01,0,0,0,0,0,0,0,0,0,-3000,0,0,0,0,3000,-3000,-3000
056065,奇鋐元大97購01  ,0,0,0,0,0,0,0,0,0,-3000,0,0,0,97000,100000,-3000,-3000
056670,樺漢國票99購01  ,0,0,0,0,0,0,0,0,0,-3000,0,0,0,0,3000,-3000,-3000
057605,旺宏統一99購03  ,0,0,0,0,0,0,0,0,0,-3000,0,0,0,0,3000,-3000,-3000
057802,卜蜂元大98購01  ,0,0,0,0,0,0,0,0,0,-3000,0,0,0,2000,5000,-3000,-3000
056547,臻鼎凱基99購01  ,0,0,0,0,0,0,0,0,0,-3000,0,0,0,122000,125000,-3000,-3000
056747,致新凱基99購01  ,0,0,0,0,0,0,0,0,0,-3000,0,0,0,21000,24000,-3000,-3000
056865,樺漢群益98購01  ,0,0,0,0,0,0,0,0,0,-3000,0,0,0,0,3000,-3000,-3000
056823,智伸科永豐98購01,0,0,0,0,0,0,0,0,0,-3000,0,0,0,0,3000,-3000,-3000
054103,T50反1凱基99購04,0,0,0,0,0,0,0,0,0,-3000,0,0,0,0,3000,-3000,-3000
054526,道瓊反統一98購01,0,0,0,0,0,0,0,0,0,-3000,0,0,0,1000,4000,-3000,-3000
054766,智原國票98購01  ,0,0,0,0,0,0,0,0,0,-3000,0,0,0,42000,45000,-3000,-3000
057665,技嘉元大99購01  ,0,0,0,0,0,0,0,0,0,-3000,0,0,0,8000,11000,-3000,-3000
057703,矽力群益98購01  ,0,0,0,0,0,0,0,0,0,-3000,0,0,0,0,3000,-3000,-3000
050316,上証2X國票98購01,0,0,0,0,0,0,0,0,0,-3000,0,0,0,7000,10000,-3000,-3000
054422,T50反1富邦9A購01,0,0,0,0,0,0,0,0,0,-3000,0,0,0,0,3000,-3000,-3000
03050X,元展47          ,0,0,0,0,0,0,0,0,0,-3000,0,0,0,5000,8000,-3000,-3000
03680C,臺股指凱基9A牛26,0,0,0,0,0,0,0,0,0,-3000,0,0,0,11000,14000,-3000,-3000
02001L,富邦蘋果正二N   ,0,0,0,0,0,0,0,0,0,-3000,0,0,0,8000,11000,-3000,-3000
00733,富邦臺灣中小    ,0,0,0,0,0,0,0,0,0,-3000,0,0,0,221000,224000,-3000,-3000
059533,富邦金凱基99購01,0,0,0,0,0,0,0,0,0,-3000,0,0,0,92000,95000,-3000,-3000
059543,可成亞東99購02  ,0,0,0,0,0,0,0,0,0,-3000,0,0,0,0,3000,-3000,-3000
061497,大立光國票9A購09,0,0,0,0,0,0,0,0,0,-3000,0,0,0,2000,5000,-3000,-3000
061594,玉晶光永豐9A購08,0,0,0,0,0,0,0,0,0,-3000,0,0,0,3000,6000,-3000,-3000
058672,可成群益9B購02  ,0,0,0,0,0,0,0,0,0,-3000,0,0,0,7000,10000,-3000,-3000
058591,台灣50統一9B購02,0,0,0,0,0,0,0,0,0,-3000,0,0,0,0,3000,-3000,-3000
05892P,大立光中信98售03,0,0,0,0,0,0,0,0,0,-3000,0,0,0,0,3000,-3000,-3000
058475,台積電凱基99購06,0,0,0,0,0,0,0,0,0,-3000,0,0,0,0,3000,-3000,-3000
058164,FBVIX凱基03購02 ,0,0,0,0,0,0,0,0,0,-3000,0,0,0,0,3000,-3000,-3000
05793P,臺股指中信99售08,0,0,0,0,0,0,0,0,0,-3000,0,0,0,0,3000,-3000,-3000
057834,聯發科元富02購07,0,0,0,0,0,0,0,0,0,-3000,0,0,0,0,3000,-3000,-3000
058137,玉晶光元大99購11,0,0,0,0,0,0,0,0,0,-3000,0,0,0,13000,16000,-3000,-3000
059639,大立光凱基9A購06,0,0,0,0,0,0,0,0,0,-3000,0,0,0,7000,10000,-3000,-3000
058758,台積電群益99購05,0,0,0,0,0,0,0,0,0,-3000,0,0,0,0,3000,-3000,-3000
058737,鴻海第一01購01  ,0,0,0,0,0,0,0,0,0,-3000,0,0,0,2000,5000,-3000,-3000
062568,緯穎中信9C購01  ,0,0,0,0,0,0,0,0,0,-3000,0,0,0,0,3000,-3000,-3000
062309,燿華凱基9B購01  ,0,0,0,0,0,0,0,0,0,-3000,0,0,0,4000,7000,-3000,-3000
062227,南六統一01購02  ,0,0,0,0,0,0,0,0,0,-3000,0,0,0,7000,10000,-3000,-3000
061955,FANG+統一9B購01 ,0,0,0,0,0,0,0,0,0,-3000,0,0,0,7000,10000,-3000,-3000
062899,鴻海元大9C購04  ,0,0,0,0,0,0,0,0,0,-3000,0,0,0,0,3000,-3000,-3000
062900,台積電元大9B購04,0,0,0,0,0,0,0,0,0,-3000,0,0,0,0,3000,-3000,-3000
062871,大成鋼兆豐9B購01,0,0,0,0,0,0,0,0,0,-3000,0,0,0,18000,21000,-3000,-3000
062793,鴻海統一9B購06  ,0,0,0,0,0,0,0,0,0,-3000,0,0,0,2000,5000,-3000,-3000
062669,微星中信03購01  ,0,0,0,0,0,0,0,0,0,-3000,0,0,0,24000,27000,-3000,-3000
063330,神達國票9C購01  ,0,0,0,0,0,0,0,0,0,-3000,0,0,0,35000,38000,-3000,-3000
063877,鴻海元富9C購01  ,0,0,0,0,0,0,0,0,0,-3000,0,0,0,0,3000,-3000,-3000
064449,金寶統一01購02  ,0,0,0,0,0,0,0,0,0,-3000,0,0,0,83000,86000,-3000,-3000
064439,大立光凱基03購02,0,0,0,0,0,0,0,0,0,-3000,0,0,0,7000,10000,-3000,-3000
064003,台積電凱基01購03,0,0,0,0,0,0,0,0,0,-3000,0,0,0,3000,6000,-3000,-3000
064040,鴻海統一9C購18  ,0,0,0,0,0,0,0,0,0,-3000,0,0,0,39000,42000,-3000,-3000
08660P,台灣50麥證9C售02,0,0,0,0,3000,-3000,0,0,0,-3000,0,0,0,0,3000,-3000,-3000
08600P,臺股指元大9C售32,0,0,0,0,0,0,0,0,0,-3000,0,0,0,0,3000,-3000,-3000
08601P,臺股指元大9C售33,0,0,0,0,0,0,0,0,0,-3000,0,0,0,1000,4000,-3000,-3000
08619P,國巨群益9C售21  ,0,0,0,0,0,0,0,0,0,-3000,0,0,0,0,3000,-3000,-3000
08511P,電子類富邦9C售02,0,0,0,0,0,0,0,0,0,-3000,0,0,0,3000,6000,-3000,-3000
08416P,T50反1元大9C售07,0,0,0,0,0,0,0,0,0,-3000,0,0,0,0,3000,-3000,-3000
08123P,台表科國票9C售01,0,0,0,0,0,0,0,0,0,-3000,0,0,0,0,3000,-3000,-3000
08265P,臺股指元大9C售03,0,0,0,0,0,0,0,0,0,-3000,0,0,0,0,3000,-3000,-3000
08280P,臺股指中信02售01,0,0,0,0,0,0,0,0,0,-3000,0,0,0,0,3000,-3000,-3000
8070,長華*           ,44000,49000,-5000,0,0,0,0,0,0,2000,2000,0,2000,0,0,0,-3000
066187,瑞祺凱基01購01  ,0,0,0,0,0,0,0,0,0,-4000,0,0,0,0,4000,-4000,-4000
066191,惠特凱基01購02  ,0,0,0,0,0,0,0,0,0,-4000,0,0,0,0,4000,-4000,-4000
065891,聯發科統一02購03,0,0,0,0,0,0,0,0,0,-4000,0,0,0,54000,58000,-4000,-4000
066031,力成群益01購01  ,0,0,0,0,0,0,0,0,0,-4000,0,0,0,0,4000,-4000,-4000
066043,美律元大01購01  ,0,0,0,0,0,0,0,0,0,-4000,0,0,0,0,4000,-4000,-4000
065751,台光電元大9C購06,0,0,0,0,0,0,0,0,0,-4000,0,0,0,37000,41000,-4000,-4000
065765,GIS元大9C購09   ,0,0,0,0,0,0,0,0,0,-4000,0,0,0,116000,120000,-4000,-4000
07489P,國巨國票9A售07  ,0,0,0,0,0,0,0,0,0,-4000,0,0,0,0,4000,-4000,-4000
07491P,臺股指國票9A售09,0,0,0,0,0,0,0,0,0,-4000,0,0,0,0,4000,-4000,-4000
06952P,大立光統一9A售03,0,0,0,0,0,0,0,0,0,-4000,0,0,0,20000,24000,-4000,-4000
07987P,大立光統一9B售13,0,0,0,0,0,0,0,0,0,-4000,0,0,0,0,4000,-4000,-4000
065148,滬深2X群益02購02,0,0,0,0,0,0,0,0,0,-4000,0,0,0,0,4000,-4000,-4000
065056,臺股指凱基9C購20,0,0,0,0,0,0,0,0,0,-4000,0,0,0,0,4000,-4000,-4000
03064X,元展59          ,0,0,0,0,0,0,0,0,0,-4000,0,0,0,0,4000,-4000,-4000
055136,聯發科富邦99購06,0,0,0,0,0,0,0,0,0,-4000,0,0,0,0,4000,-4000,-4000
055264,國巨永豐98購01  ,0,0,0,0,0,0,0,0,0,-4000,0,0,0,0,4000,-4000,-4000
057758,鴻海凱基99購03  ,0,0,0,0,0,0,0,0,0,-4000,0,0,0,35000,39000,-4000,-4000
057239,貿聯凱基98購05  ,0,0,0,0,0,0,0,0,0,-4000,0,0,0,0,4000,-4000,-4000
054976,上証2X元富9A購01,0,0,0,0,0,0,0,0,0,-4000,0,0,0,5000,9000,-4000,-4000
056917,國巨兆豐98購03  ,0,0,0,0,0,0,0,0,0,-4000,0,0,0,0,4000,-4000,-4000
057021,台積電凱基9A購02,0,0,0,0,0,0,0,0,0,-4000,0,0,0,38000,42000,-4000,-4000
057180,華新科元大99購08,0,0,0,0,0,0,0,0,0,-4000,0,0,0,0,4000,-4000,-4000
060680,玉晶光元大9C購03,0,0,0,0,0,0,0,0,0,-4000,0,0,0,0,4000,-4000,-4000
056011,矽力中信99購01  ,0,0,0,0,0,0,0,0,0,-4000,0,0,0,0,4000,-4000,-4000
057813,京元電元大98購03,0,0,0,0,0,0,0,0,0,-4000,0,0,0,365000,369000,-4000,-4000
056503,楠梓電永豐98購01,0,0,0,0,0,0,0,0,0,-4000,0,0,0,195000,199000,-4000,-4000
056476,智原元大98購02  ,0,0,0,0,0,0,0,0,0,-4000,0,0,0,6000,10000,-4000,-4000
058779,大立光國票9A購02,0,0,0,0,0,0,0,0,0,-4000,0,0,0,19000,23000,-4000,-4000
058118,瑞昱群益99購01  ,0,0,0,0,0,0,0,0,0,-4000,0,0,0,8000,12000,-4000,-4000
059765,嘉聯益永豐99購02,0,0,0,0,0,0,0,0,0,-4000,0,0,0,102000,106000,-4000,-4000
059785,美律元大9A購03  ,0,0,0,0,0,0,0,0,0,-4000,0,0,0,0,4000,-4000,-4000
061255,道瓊反凱基9C購01,0,0,0,0,0,0,0,0,0,-4000,0,0,0,0,4000,-4000,-4000
057892,上証2X元富02購01,0,0,0,0,0,0,0,0,0,-4000,0,0,0,0,4000,-4000,-4000
058193,緯穎永豐99購01  ,0,0,0,0,0,0,0,0,0,-4000,0,0,0,0,4000,-4000,-4000
061327,台郡凱基9A購02  ,0,0,0,0,0,0,0,0,0,-4000,0,0,0,41000,45000,-4000,-4000
061090,奇力新統一9C購01,0,0,0,0,0,0,0,0,0,-4000,0,0,0,0,4000,-4000,-4000
058505,台積電元大99購08,0,0,0,0,0,0,0,0,0,-4000,0,0,0,9000,13000,-4000,-4000
058942,南茂中信99購01  ,0,0,0,0,0,0,0,0,0,-4000,0,0,0,31000,35000,-4000,-4000
058943,元石油群益9C購01,0,0,0,0,0,0,0,0,0,-4000,0,0,0,8000,12000,-4000,-4000
058602,台積電元大99購11,0,0,0,0,0,0,0,0,0,-4000,0,0,0,0,4000,-4000,-4000
058683,可成凱基9A購01  ,0,0,0,0,0,0,0,0,0,-4000,0,0,0,46000,50000,-4000,-4000
061400,可成兆豐9B購02  ,0,0,0,0,0,0,0,0,0,-4000,0,0,0,11000,15000,-4000,-4000
061647,南六元大9A購03  ,0,0,0,0,0,0,0,0,0,-4000,0,0,0,17000,21000,-4000,-4000
061689,國巨群益9A購12  ,0,0,0,0,0,0,0,0,0,-4000,0,0,0,13000,17000,-4000,-4000
061454,國巨凱基9A購16  ,0,0,0,0,0,0,0,0,0,-4000,0,0,0,3000,7000,-4000,-4000
060227,和大元大9A購01  ,0,0,0,0,0,0,0,0,0,-4000,0,0,0,0,4000,-4000,-4000
060202,康友元富9A購01  ,0,0,0,0,0,0,0,0,0,-4000,0,0,0,16000,20000,-4000,-4000
059500,鴻海元富99購11  ,0,0,0,0,0,0,0,0,0,-4000,0,0,0,0,4000,-4000,-4000
05950P,台積電國票97售04,0,0,0,0,0,0,0,0,0,-4000,0,0,0,0,4000,-4000,-4000
059937,旺宏永豐99購03  ,0,0,0,0,0,0,0,0,0,-4000,0,0,0,1000,5000,-4000,-4000
060980,台積電元大9A購21,0,0,0,0,0,0,0,0,0,-4000,0,0,0,0,4000,-4000,-4000
061040,康友永豐9A購01  ,0,0,0,0,0,0,0,0,0,-4000,0,0,0,0,4000,-4000,-4000
060075,台積電元富99購05,0,0,0,0,0,0,0,0,0,-4000,0,0,0,1000,5000,-4000,-4000
058979,上銀凱基99購04  ,0,0,0,0,0,0,0,0,0,-4000,0,0,0,40000,44000,-4000,-4000
059346,新日興凱基99購03,0,0,0,0,0,0,0,0,0,-4000,0,0,0,6000,10000,-4000,-4000
064167,緯穎統一01購03  ,0,0,0,0,0,0,0,0,0,-4000,0,0,0,12000,16000,-4000,-4000
06448P,華通元大99售01  ,0,0,0,0,0,0,0,0,0,-4000,0,0,0,11000,15000,-4000,-4000
064276,聯發科元大9C購07,0,0,0,0,0,0,0,0,0,-4000,0,0,0,10000,14000,-4000,-4000
063733,聯發科元大9B購27,0,0,0,0,0,0,0,0,0,-4000,0,0,0,67000,71000,-4000,-4000
062706,大立光元大9B購06,0,0,0,0,0,0,0,0,0,-4000,0,0,0,6000,10000,-4000,-4000
062792,臺股指元大9B購35,0,0,0,0,0,0,0,0,0,-4000,0,0,0,10000,14000,-4000,-4000
063009,國巨元大9B購18  ,0,0,0,0,0,0,0,0,0,-4000,0,0,0,2000,6000,-4000,-4000
063105,健策群益9C購01  ,0,0,0,0,0,0,0,0,0,-4000,0,0,0,4000,8000,-4000,-4000
4763,材料-KY         ,58000,36000,22000,0,0,0,0,20000,-20000,-6000,1000,7000,-6000,0,0,0,-4000
4930,燦星網          ,29000,33000,-4000,0,0,0,0,0,0,0,0,0,0,0,0,0,-4000
6209,今國光          ,39000,146000,-107000,0,0,0,0,0,0,103000,3000,0,3000,100000,0,100000,-4000
08285P,國巨凱基9C售07  ,0,0,0,0,0,0,0,0,0,-4000,0,0,0,0,4000,-4000,-4000
08304P,大立光中信02售01,0,0,0,0,0,0,0,0,0,-4000,0,0,0,0,4000,-4000,-4000
08172P,台積電凱基03售02,0,0,0,0,0,0,0,0,0,-4000,0,0,0,0,4000,-4000,-4000
08414P,超眾凱基9C售02  ,0,0,0,0,0,0,0,0,0,-4000,0,0,0,0,4000,-4000,-4000
08604P,金融類元大9C售01,0,0,0,0,0,0,0,0,0,-4000,0,0,0,0,4000,-4000,-4000
1312A,國喬特          ,0,0,0,0,0,0,0,0,0,-4000,1000,5000,-4000,0,0,0,-4000
2059,川湖            ,46000,54000,-8000,0,0,0,0,0,0,4000,5000,1000,4000,0,0,0,-4000
064894,漢唐群益9C購02  ,0,0,0,0,0,0,0,0,0,-5000,0,0,0,0,5000,-5000,-5000
064658,喬山元大9C購01  ,0,0,0,0,0,0,0,0,0,-5000,0,0,0,0,5000,-5000,-5000
07852P,臺股指國票9A售13,0,0,0,0,0,0,0,0,0,-5000,0,0,0,0,5000,-5000,-5000
07577P,華新科元大9A售09,0,0,0,0,0,0,0,0,0,-5000,0,0,0,5000,10000,-5000,-5000
07626P,台灣50凱基04售07,0,0,0,0,0,0,0,0,0,-5000,0,0,0,0,5000,-5000,-5000
07698P,臺股指元大9A售51,0,0,0,0,0,0,0,0,0,-5000,0,0,0,0,5000,-5000,-5000
06938P,南電元大98售03  ,0,0,0,0,0,0,0,0,0,-5000,0,0,0,50000,55000,-5000,-5000
07163P,臺股指群益99售14,0,0,0,0,0,0,0,0,0,-5000,0,0,0,200000,205000,-5000,-5000
07143P,FBVIX元大99售02 ,0,0,0,0,0,0,0,0,0,-5000,0,0,0,15000,20000,-5000,-5000
07100P,華航元大99售01  ,0,0,0,0,0,0,0,0,0,-5000,0,0,0,5000,10000,-5000,-5000
07260P,台灣50元大9A售01,0,0,0,0,0,0,0,0,0,-5000,0,0,0,0,5000,-5000,-5000
065872,漢翔群益9C購01  ,0,0,0,0,0,0,0,0,0,-5000,0,0,0,0,5000,-5000,-5000
065958,T50反1元大01購01,0,0,0,0,0,0,0,0,0,-5000,0,0,0,0,5000,-5000,-5000
066216,南電統一03購01  ,0,0,0,0,0,0,0,0,0,-5000,0,0,0,0,5000,-5000,-5000
066288,晶碩元大01購01  ,0,0,0,0,0,0,0,0,0,-5000,0,0,0,0,5000,-5000,-5000
066291,惠特元大01購01  ,0,0,0,0,0,0,0,0,0,-5000,0,0,0,0,5000,-5000,-5000
066262,華碩元大01購02  ,0,0,0,0,0,0,0,0,0,-5000,0,0,0,0,5000,-5000,-5000
066091,南電永豐01購01  ,0,0,0,0,0,0,0,0,0,-5000,0,0,0,0,5000,-5000,-5000
066076,台勝科凱基01購02,0,0,0,0,0,0,0,0,0,-5000,0,0,0,0,5000,-5000,-5000
06759P,台積電元大98售17,0,0,0,0,0,0,0,0,0,-5000,0,0,0,0,5000,-5000,-5000
06844P,智邦元大98售13  ,0,0,0,0,0,0,0,0,0,-5000,0,0,0,0,5000,-5000,-5000
066356,嘉基永豐01購01  ,0,0,0,0,0,0,0,0,0,-5000,0,0,0,0,5000,-5000,-5000
066344,拓凱永豐01購01  ,0,0,0,0,0,0,0,0,0,-5000,0,0,0,0,5000,-5000,-5000
066307,華城永豐01購01  ,0,0,0,0,0,0,0,0,0,-5000,0,0,0,0,5000,-5000,-5000
066325,可成永豐01購01  ,0,0,0,0,0,0,0,0,0,-5000,0,0,0,0,5000,-5000,-5000
06697P,台積電國票99售05,0,0,0,0,0,0,0,0,0,-5000,0,0,0,0,5000,-5000,-5000
06669P,緯穎凱基98售05  ,0,0,0,0,0,0,0,0,0,-5000,0,0,0,0,5000,-5000,-5000
055829,上銀元大97購06  ,0,0,0,0,0,0,0,0,0,-5000,0,0,0,0,5000,-5000,-5000
056076,超眾元大97購05  ,0,0,0,0,0,0,0,0,0,-5000,0,0,0,8000,13000,-5000,-5000
060649,國巨第一9A購01  ,0,0,0,0,0,0,0,0,0,-5000,0,0,0,5000,10000,-5000,-5000
057103,禾伸堂中信9A購01,0,0,0,0,0,0,0,0,0,-5000,0,0,0,20000,25000,-5000,-5000
056858,國巨群益99購03  ,0,0,0,0,0,0,0,0,0,-5000,0,0,0,15000,20000,-5000,-5000
055750,瑞昱永昌9C購01  ,0,0,0,0,0,0,0,0,0,-5000,0,0,0,0,5000,-5000,-5000
055780,禾伸堂凱基99購01,0,0,0,0,0,0,0,0,0,-5000,0,0,0,20000,25000,-5000,-5000
055135,聯發科富邦99購05,0,0,0,0,0,0,0,0,0,-5000,0,0,0,0,5000,-5000,-5000
054467,隆達凱基97購01  ,0,0,0,0,0,0,0,0,0,-5000,0,0,0,15000,20000,-5000,-5000
0055,元大MSCI金融    ,0,0,0,0,0,0,0,0,0,-5000,0,0,0,8000,13000,-5000,-5000
059344,長榮航凱基99購01,0,0,0,0,0,0,0,0,0,-5000,0,0,0,0,5000,-5000,-5000
059250,大立光凱基99購06,0,0,0,0,0,0,0,0,0,-5000,0,0,0,0,5000,-5000,-5000
060077,台積電台新9B購01,0,0,0,0,0,0,0,0,0,-5000,0,0,0,0,5000,-5000,-5000
060912,華新科元大9A購10,0,0,0,0,0,0,0,0,0,-5000,0,0,0,68000,73000,-5000,-5000
059968,世紀鋼凱基99購03,0,0,0,0,0,0,0,0,0,-5000,0,0,0,0,5000,-5000,-5000
059086,國巨元大99購18  ,0,0,0,0,0,0,0,0,0,-5000,0,0,0,28000,33000,-5000,-5000
059077,FBVIX元大99購05 ,0,0,0,0,0,0,0,0,0,-5000,0,0,0,6000,11000,-5000,-5000
059069,臺指反元大9C購01,0,0,0,0,0,0,0,0,0,-5000,0,0,0,20000,25000,-5000,-5000
060163,健策永豐9B購01  ,0,0,0,0,0,0,0,0,0,-5000,0,0,0,0,5000,-5000,-5000
060328,可成群益9A購06  ,0,0,0,0,0,0,0,0,0,-5000,0,0,0,0,5000,-5000,-5000
058236,大立光元大99購09,0,0,0,0,0,0,0,0,0,-5000,0,0,0,0,5000,-5000,-5000
061502,嘉澤國票9A購02  ,0,0,0,0,0,0,0,0,0,-5000,0,0,0,0,5000,-5000,-5000
061700,瑞昱國票9A購02  ,0,0,0,0,0,0,0,0,0,-5000,0,0,0,0,5000,-5000,-5000
061797,聯發科永豐9B購01,0,0,0,0,0,0,0,0,0,-5000,0,0,0,0,5000,-5000,-5000
058676,聯茂群益99購01  ,0,0,0,0,0,0,0,0,0,-5000,0,0,0,100000,105000,-5000,-5000
058967,可成麥證99購01  ,0,0,0,1000,5000,-4000,0,0,0,-5000,0,0,0,1000,6000,-5000,-5000
058522,聯茂元大99購07  ,0,0,0,0,0,0,0,0,0,-5000,0,0,0,601000,606000,-5000,-5000
057825,和碩元大98購02  ,0,0,0,0,0,0,0,0,0,-5000,0,0,0,5000,10000,-5000,-5000
061287,大立光統一9B購06,0,0,0,0,0,0,0,0,0,-5000,0,0,0,19000,24000,-5000,-5000
061351,智伸科元大9A購01,0,0,0,0,0,0,0,0,0,-5000,0,0,0,0,5000,-5000,-5000
060531,大立光中信9A購04,0,0,0,0,0,0,0,0,0,-5000,0,0,0,0,5000,-5000,-5000
061280,國巨統一9C購06  ,0,0,0,0,0,0,0,0,0,-5000,0,0,0,1000,6000,-5000,-5000
059780,滬深2X元大9C購06,0,0,0,0,0,0,0,0,0,-5000,0,0,0,0,5000,-5000,-5000
058863,可成凱基99購02  ,0,0,0,0,0,0,0,0,0,-5000,0,0,0,68000,73000,-5000,-5000
058123,亞光國票9A購01  ,0,0,0,0,0,0,0,0,0,-5000,0,0,0,0,5000,-5000,-5000
058801,致伸元大99購01  ,0,0,0,0,0,0,0,0,0,-5000,0,0,0,55000,60000,-5000,-5000
058786,元黃金元大99購01,0,0,0,0,0,0,0,0,0,-5000,0,0,0,0,5000,-5000,-5000
060035,臺股指永豐99購04,0,0,0,0,0,0,0,0,0,-5000,0,0,0,0,5000,-5000,-5000
060903,臺指反元大9A購01,0,0,0,0,0,0,0,0,0,-5000,0,0,0,0,5000,-5000,-5000
063005,道瓊反元大9B購02,0,0,0,0,0,0,0,0,0,-5000,0,0,0,15000,20000,-5000,-5000
062997,嘉晶國票9B購03  ,0,0,0,0,0,0,0,0,0,-5000,0,0,0,0,5000,-5000,-5000
063035,燿華凱基9B購02  ,0,0,0,0,0,0,0,0,0,-5000,0,0,0,15000,20000,-5000,-5000
062823,台表科兆豐9B購01,0,0,0,0,0,0,0,0,0,-5000,0,0,0,0,5000,-5000,-5000
062864,臺股指國票9B購21,0,0,0,0,0,0,0,0,0,-5000,0,0,0,0,5000,-5000,-5000
062138,力成群益9B購01  ,0,0,0,0,0,0,0,0,0,-5000,0,0,0,9000,14000,-5000,-5000
062318,台郡凱基9B購01  ,0,0,0,0,0,0,0,0,0,-5000,0,0,0,90000,95000,-5000,-5000
062373,泰鼎元大9B購01  ,0,0,0,0,0,0,0,0,0,-5000,0,0,0,5000,10000,-5000,-5000
062342,上証2X群益01購03,0,0,0,0,0,0,0,0,0,-5000,0,0,0,2000,7000,-5000,-5000
062498,華通群益9C購04  ,0,0,0,0,0,0,0,0,0,-5000,0,0,0,88000,93000,-5000,-5000
063785,華通中信06購02  ,0,0,0,0,0,0,0,0,0,-5000,0,0,0,10000,15000,-5000,-5000
063299,金寶凱基9B購01  ,0,0,0,0,0,0,0,0,0,-5000,0,0,0,0,5000,-5000,-5000
063595,燿華中信9B購02  ,0,0,0,0,0,0,0,0,0,-5000,0,0,0,95000,100000,-5000,-5000
064229,台表科國票01購01,0,0,0,0,0,0,0,0,0,-5000,0,0,0,0,5000,-5000,-5000
06431P,新日興元大97售05,0,0,0,0,0,0,0,0,0,-5000,0,0,0,0,5000,-5000,-5000
064347,貿聯元大9C購03  ,0,0,0,0,0,0,0,0,0,-5000,0,0,0,38000,43000,-5000,-5000
064155,大立光統一01購05,0,0,0,0,0,0,0,0,0,-5000,0,0,0,75000,80000,-5000,-5000
1737,臺鹽            ,62000,67000,-5000,0,0,0,0,0,0,0,0,0,0,0,0,0,-5000
1783,和康生          ,76000,82000,-6000,0,0,0,0,0,0,1000,1000,0,1000,0,0,0,-5000
2881A,富邦特          ,0,0,0,0,0,0,0,0,0,-5000,0,5000,-5000,0,0,0,-5000
08598P,立積元大9C售04  ,0,0,0,0,0,0,0,0,0,-5000,0,0,0,0,5000,-5000,-5000
08665P,鴻海國票02售01  ,0,0,0,0,0,0,0,0,0,-5000,0,0,0,10000,15000,-5000,-5000
08420P,國巨群益9C售12  ,0,0,0,0,0,0,0,0,0,-5000,0,0,0,20000,25000,-5000,-5000
08400P,美律元富9C售02  ,0,0,0,0,0,0,0,0,0,-5000,0,0,0,22000,27000,-5000,-5000
08442P,臺股指麥證01售01,0,0,0,0,5000,-5000,0,0,0,-5000,0,0,0,0,5000,-5000,-5000
08126P,臺指反元大02售15,0,0,0,0,0,0,0,0,0,-5000,0,0,0,0,5000,-5000,-5000
08101P,超眾群益9B售02  ,0,0,0,0,0,0,0,0,0,-5000,0,0,0,10000,15000,-5000,-5000
08322P,國巨凱基9C售08  ,0,0,0,0,0,0,0,0,0,-5000,0,0,0,0,5000,-5000,-5000
08269P,臺股指元大9C售07,0,0,0,0,0,0,0,0,0,-5000,0,0,0,0,5000,-5000,-5000
08278P,玉晶光元富9C售02,0,0,0,0,0,0,0,0,0,-5000,0,0,0,20000,25000,-5000,-5000
9105,泰金寶-DR       ,2000,7000,-5000,0,0,0,0,0,0,0,0,0,0,0,0,0,-5000
8341,日友            ,40000,26000,14000,0,0,0,0,21000,-21000,2000,2000,0,2000,0,0,0,-5000
06862P,大立光凱基98售16,0,0,0,0,0,0,0,0,0,-6000,0,0,0,0,6000,-6000,-6000
06804P,臺股指群益98售10,0,0,0,0,0,0,0,0,0,-6000,0,0,0,8000,14000,-6000,-6000
066055,聯鈞元大01購01  ,0,0,0,0,0,0,0,0,0,-6000,0,0,0,0,6000,-6000,-6000
066256,華通元大02購02  ,0,0,0,0,0,0,0,0,0,-6000,0,0,0,1000,7000,-6000,-6000
066296,昇陽半元大01購02,0,0,0,0,0,0,0,0,0,-6000,0,0,0,0,6000,-6000,-6000
066298,美利達元大01購02,0,0,0,0,0,0,0,0,0,-6000,0,0,0,0,6000,-6000,-6000
065998,友訊國票01購02  ,0,0,0,0,0,0,0,0,0,-6000,0,0,0,0,6000,-6000,-6000
065811,億豐群益9C購01  ,0,0,0,0,0,0,0,0,0,-6000,0,0,0,0,6000,-6000,-6000
07206P,鴻海凱基9A售11  ,0,0,0,0,0,0,0,0,0,-6000,0,0,0,0,6000,-6000,-6000
07503P,禾伸堂元大9A售01,0,0,0,0,0,0,0,0,0,-6000,0,0,0,0,6000,-6000,-6000
06926P,可成群益9A售04  ,0,0,0,0,0,0,0,0,0,-6000,0,0,0,0,6000,-6000,-6000
064606,南電元富9C購03  ,0,0,0,0,0,0,0,0,0,-6000,0,0,0,0,6000,-6000,-6000
064536,富邦金國票01購01,0,0,0,0,0,0,0,0,0,-6000,0,0,0,64000,70000,-6000,-6000
065128,大成鋼兆豐9C購01,0,0,0,0,0,0,0,0,0,-6000,0,0,0,0,6000,-6000,-6000
065171,燿華元大9C購04  ,0,0,0,0,0,0,0,0,0,-6000,0,0,0,281000,287000,-6000,-6000
065209,國泰金國票01購01,0,0,0,0,0,0,0,0,0,-6000,0,0,0,0,6000,-6000,-6000
03075X,元展70          ,0,0,0,0,0,0,0,0,0,-6000,0,0,0,4000,10000,-6000,-6000
054270,寶滬深中信98購01,0,0,0,0,0,0,0,0,0,-6000,0,0,0,0,6000,-6000,-6000
055415,禾伸堂富邦9B購01,0,0,0,0,0,0,0,0,0,-6000,0,0,0,30000,36000,-6000,-6000
053506,南茂兆豐97購01  ,0,0,0,0,0,0,0,0,0,-6000,0,0,0,0,6000,-6000,-6000
056845,揚明光元富98購01,0,0,0,0,0,0,0,0,0,-6000,0,0,0,31000,37000,-6000,-6000
057052,華擎元大98購01  ,0,0,0,0,0,0,0,0,0,-6000,0,0,0,10000,16000,-6000,-6000
060789,禾伸堂富邦9B購02,0,0,0,0,0,0,0,0,0,-6000,0,0,0,0,6000,-6000,-6000
060835,亞德客國票9A購01,0,0,0,0,0,0,0,0,0,-6000,0,0,0,0,6000,-6000,-6000
060816,世紀鋼凱基9C購02,0,0,0,0,0,0,0,0,0,-6000,0,0,0,0,6000,-6000,-6000
056253,京鼎兆豐98購01  ,0,0,0,0,0,0,0,0,0,-6000,0,0,0,0,6000,-6000,-6000
059683,康控富邦9C購01  ,0,0,0,0,0,0,0,0,0,-6000,0,0,0,0,6000,-6000,-6000
058157,華通台新99購01  ,0,0,0,0,0,0,0,0,0,-6000,0,0,0,0,6000,-6000,-6000
058166,鴻海凱基9A購01  ,0,0,0,0,0,0,0,0,0,-6000,0,0,0,34000,40000,-6000,-6000
057847,聯茂永豐98購01  ,0,0,0,0,0,0,0,0,0,-6000,0,0,0,0,6000,-6000,-6000
058673,華新科群益9A購02,0,0,0,0,0,0,0,0,0,-6000,0,0,0,0,6000,-6000,-6000
058328,世紀鋼統一9B購01,0,0,0,0,0,0,0,0,0,-6000,0,0,0,0,6000,-6000,-6000
061791,康友群益9B購01  ,0,0,0,0,0,0,0,0,0,-6000,0,0,0,101000,107000,-6000,-6000
059031,元石油中信03購01,0,0,0,0,0,0,0,0,0,-6000,0,0,0,0,6000,-6000,-6000
059833,緯穎康和99購01  ,0,0,0,0,0,0,0,0,0,-6000,0,0,0,0,6000,-6000,-6000
064017,道瓊反元大9C購03,0,0,0,0,0,0,0,0,0,-6000,0,0,0,0,6000,-6000,-6000
063972,緯創國票9C購01  ,0,0,0,0,0,0,0,0,0,-6000,0,0,0,15000,21000,-6000,-6000
064302,美律兆豐01購01  ,0,0,0,0,0,0,0,0,0,-6000,0,0,0,97000,103000,-6000,-6000
063340,英業達統一9B購01,0,0,0,0,0,0,0,0,0,-6000,0,0,0,83000,89000,-6000,-6000
063712,高鐵凱基9C購01  ,0,0,0,0,0,0,0,0,0,-6000,0,0,0,10000,16000,-6000,-6000
062457,京元電群益9B購01,0,0,0,0,0,0,0,0,0,-6000,0,0,0,1000,7000,-6000,-6000
06264P,友達凱基98售06  ,0,0,0,0,0,0,0,0,0,-6000,0,0,0,1000,7000,-6000,-6000
062983,緯穎元富9B購01  ,0,0,0,0,0,0,0,0,0,-6000,0,0,0,0,6000,-6000,-6000
08114P,國巨凱基9B售11  ,0,0,0,0,0,0,0,0,0,-6000,0,0,0,0,6000,-6000,-6000
2233,宇隆            ,41000,8000,33000,0,0,0,0,40000,-40000,1000,1000,0,1000,0,0,0,-6000
065267,聯鈞元大9C購02  ,0,0,0,0,0,0,0,0,0,-7000,0,0,0,136000,143000,-7000,-7000
065735,矽格凱基01購02  ,0,0,0,0,0,0,0,0,0,-7000,0,0,0,245000,252000,-7000,-7000
064857,T50反1富邦01購02,0,0,0,0,0,0,0,0,0,-7000,0,0,0,0,7000,-7000,-7000
064613,聯電元大9C購05  ,0,0,0,0,0,0,0,0,0,-7000,0,0,0,71000,78000,-7000,-7000
064590,牧德永豐9C購01  ,0,0,0,0,0,0,0,0,0,-7000,0,0,0,0,7000,-7000,-7000
065797,臺指反群益9C購02,0,0,0,0,0,0,0,0,0,-7000,0,0,0,0,7000,-7000,-7000
06865P,亞德客元大98售04,0,0,0,0,0,0,0,0,0,-7000,0,0,0,8000,15000,-7000,-7000
056089,同欣電統一98購01,0,0,0,0,0,0,0,0,0,-7000,0,0,0,0,7000,-7000,-7000
057311,玉晶光日盛9A購01,0,0,0,0,0,0,0,0,0,-7000,0,0,0,0,7000,-7000,-7000
057583,啟碁中信9A購01  ,0,0,0,0,0,0,0,0,0,-7000,0,0,0,40000,47000,-7000,-7000
057580,玉山金中信9A購01,0,0,0,0,0,0,0,0,0,-7000,0,0,0,5000,12000,-7000,-7000
060850,康友國票9A購03  ,0,0,0,0,0,0,0,0,0,-7000,0,0,0,3000,10000,-7000,-7000
060696,道瓊反國泰9C購01,0,0,0,0,0,0,0,0,0,-7000,0,0,0,7000,14000,-7000,-7000
057010,景碩中信98購01  ,0,0,0,0,0,0,0,0,0,-7000,0,0,0,3000,10000,-7000,-7000
03669C,滬深2X元富09牛01,0,0,0,0,0,0,0,0,0,-7000,0,0,0,2000,9000,-7000,-7000
058972,新日興永豐9A購01,0,0,0,0,0,0,0,0,0,-7000,0,0,0,64000,71000,-7000,-7000
058975,台灣50凱基01購02,0,0,0,0,0,0,0,0,0,-7000,0,0,0,0,7000,-7000,-7000
059251,大立光凱基9A購04,0,0,0,0,0,0,0,0,0,-7000,0,0,0,0,7000,-7000,-7000
059232,台灣50凱基03購01,0,0,0,0,0,0,0,0,0,-7000,0,0,0,0,7000,-7000,-7000
059153,臺股指國票99購16,0,0,0,0,0,0,0,0,0,-7000,0,0,0,0,7000,-7000,-7000
059535,玉山金凱基99購01,0,0,0,0,0,0,0,0,0,-7000,0,0,0,3000,10000,-7000,-7000
059097,世紀鋼元大99購05,0,0,0,0,0,0,0,0,0,-7000,0,0,0,0,7000,-7000,-7000
060098,華新科元大99購24,0,0,0,0,0,0,0,0,0,-7000,0,0,0,0,7000,-7000,-7000
061021,聯電國泰9B購01  ,0,0,0,0,0,0,0,0,0,-7000,0,0,0,224000,231000,-7000,-7000
058335,鴻海元富99購06  ,0,0,0,0,0,0,0,0,0,-7000,0,0,0,0,7000,-7000,-7000
057943,可成國票99購03  ,0,0,0,0,0,0,0,0,0,-7000,0,0,0,20000,27000,-7000,-7000
058773,和碩兆豐99購01  ,0,0,0,0,0,0,0,0,0,-7000,0,0,0,67000,74000,-7000,-7000
060502,國巨元大9A購07  ,0,0,0,0,0,0,0,0,0,-7000,0,0,0,6000,13000,-7000,-7000
060526,台積電中信9A購02,0,0,0,0,0,0,0,0,0,-7000,0,0,0,0,7000,-7000,-7000
061213,群創元大9A購05  ,0,0,0,0,0,0,0,0,0,-7000,0,0,0,63000,70000,-7000,-7000
06118P,上証2X凱基98售03,0,0,0,0,0,0,0,0,0,-7000,0,0,0,0,7000,-7000,-7000
062990,台積電群益9B購06,0,0,0,0,0,0,0,0,0,-7000,0,0,0,1000,8000,-7000,-7000
062506,巨大群益9C購01  ,0,0,0,0,0,0,0,0,0,-7000,0,0,0,0,7000,-7000,-7000
062336,茂林統一01購02  ,0,0,0,0,0,0,0,0,0,-7000,0,0,0,303000,310000,-7000,-7000
062264,南六元大9B購02  ,0,0,0,0,0,0,0,0,0,-7000,0,0,0,1000,8000,-7000,-7000
062104,上証2X國票9B購03,0,0,0,0,0,0,0,0,0,-7000,0,0,0,0,7000,-7000,-7000
062180,瑞昱元大9B購03  ,0,0,0,0,0,0,0,0,0,-7000,0,0,0,20000,27000,-7000,-7000
063628,華通元大9B購09  ,0,0,0,0,0,0,0,0,0,-7000,0,0,0,61000,68000,-7000,-7000
063747,國巨國票9C購06  ,0,0,0,0,0,0,0,0,0,-7000,0,0,0,11000,18000,-7000,-7000
064500,國泰金元大9C購01,0,0,0,0,0,0,0,0,0,-7000,0,0,0,188000,195000,-7000,-7000
064414,臺股指凱基9C購10,0,0,0,0,0,0,0,0,0,-7000,0,0,0,17000,24000,-7000,-7000
063925,祥碩元富9C購01  ,0,0,0,0,0,0,0,0,0,-7000,0,0,0,2000,9000,-7000,-7000
064060,同欣電麥證01購01,0,0,0,2000,9000,-7000,0,0,0,-7000,0,0,0,2000,9000,-7000,-7000
2374,佳能            ,284000,299000,-15000,0,0,0,0,0,0,8000,8000,0,8000,0,0,0,-7000
5706,鳳凰            ,11000,22000,-11000,0,0,0,0,0,0,4000,4000,0,4000,0,0,0,-7000
066099,大立光中信05購01,0,0,0,0,0,0,0,0,0,-8000,0,0,0,0,8000,-8000,-8000
066038,台積電元大01購07,0,0,0,0,0,0,0,0,0,-8000,0,0,0,0,8000,-8000,-8000
07028P,大立光群益99售06,0,0,0,0,0,0,0,0,0,-8000,0,0,0,0,8000,-8000,-8000
07520P,臺股指元大9B售11,0,0,0,0,0,0,0,0,0,-8000,0,0,0,2000,10000,-8000,-8000
07524P,臺股指中信9B售06,0,0,0,0,0,0,0,0,0,-8000,0,0,0,0,8000,-8000,-8000
065456,義隆元富9C購03  ,0,0,0,0,0,0,0,0,0,-8000,0,0,0,200000,208000,-8000,-8000
065420,中租國票01購01  ,0,0,0,0,0,0,0,0,0,-8000,0,0,0,2000,10000,-8000,-8000
00711B,FH彭博新興債    ,0,0,0,0,0,0,0,0,0,-8000,0,0,0,110000,118000,-8000,-8000
054159,T50正2凱基99購01,0,0,0,0,0,0,0,0,0,-8000,0,0,0,0,8000,-8000,-8000
054468,台郡凱基98購01  ,0,0,0,0,0,0,0,0,0,-8000,0,0,0,10000,18000,-8000,-8000
057783,台積電國票9A購01,0,0,0,0,0,0,0,0,0,-8000,0,0,0,3000,11000,-8000,-8000
057320,玉晶光凱基98購01,0,0,0,0,0,0,0,0,0,-8000,0,0,0,53000,61000,-8000,-8000
058852,貿聯群益99購04  ,0,0,0,0,0,0,0,0,0,-8000,0,0,0,2000,10000,-8000,-8000
059762,禾伸堂永豐99購02,0,0,0,0,0,0,0,0,0,-8000,0,0,0,26000,34000,-8000,-8000
059784,台光電元大9A購01,0,0,0,0,0,0,0,0,0,-8000,0,0,0,0,8000,-8000,-8000
058788,喬山元大99購01  ,0,0,0,0,0,0,0,0,0,-8000,0,0,0,0,8000,-8000,-8000
060059,鴻海兆豐99購06  ,0,0,0,0,0,0,0,0,0,-8000,0,0,0,34000,42000,-8000,-8000
060355,元金2X元富9C購01,0,0,0,0,0,0,0,0,0,-8000,0,0,0,2000,10000,-8000,-8000
058209,臺股指凱基01購01,1000,0,1000,0,0,0,0,0,0,-9000,0,0,0,1037000,1046000,-9000,-8000
057922,華新科凱基99購01,0,0,0,0,0,0,0,0,0,-8000,0,0,0,0,8000,-8000,-8000
061298,華新科富邦01購02,0,0,0,0,0,0,0,0,0,-8000,0,0,0,2000,10000,-8000,-8000
059887,華新科國票99購02,0,0,0,0,0,0,0,0,0,-8000,0,0,0,0,8000,-8000,-8000
059918,華新科元大99購20,0,0,0,0,0,0,0,0,0,-8000,0,0,0,68000,76000,-8000,-8000
059320,華新科元大99購15,0,0,0,0,0,0,0,0,0,-8000,0,0,0,0,8000,-8000,-8000
059027,神達台新99購02  ,0,0,0,0,0,0,0,0,0,-8000,0,0,0,0,8000,-8000,-8000
061410,緯穎國票9A購03  ,0,0,0,0,0,0,0,0,0,-8000,0,0,0,2000,10000,-8000,-8000
060159,健和興永豐9A購01,0,0,0,0,0,0,0,0,0,-8000,0,0,0,2000,10000,-8000,-8000
063314,美律群益9B購01  ,0,0,0,0,0,0,0,0,0,-8000,0,0,0,0,8000,-8000,-8000
063433,臻鼎元富9B購01  ,0,0,0,0,0,0,0,0,0,-8000,0,0,0,271000,279000,-8000,-8000
063475,同欣電元大9C購01,0,0,0,0,0,0,0,0,0,-8000,0,0,0,305000,313000,-8000,-8000
062367,禾伸堂元大9B購02,0,0,0,0,0,0,0,0,0,-8000,0,0,0,0,8000,-8000,-8000
062652,上証2X永豐9B購01,0,0,0,0,0,0,0,0,0,-8000,0,0,0,12000,20000,-8000,-8000
4555,氣立            ,10000,18000,-8000,0,0,0,0,0,0,0,0,0,0,0,0,0,-8000
2466,冠西電          ,22000,33000,-11000,0,0,0,0,0,0,3000,3000,0,3000,0,0,0,-8000
08293P,國巨元大9C售13  ,0,0,0,0,0,0,0,0,0,-8000,0,0,0,0,8000,-8000,-8000
08220P,華邦電凱基9B售02,0,0,0,0,0,0,0,0,0,-8000,0,0,0,55000,63000,-8000,-8000
08372P,大立光凱基01售04,0,0,0,0,0,0,0,0,0,-8000,0,0,0,7000,15000,-8000,-8000
08458P,南電元大9C售04  ,0,0,0,0,0,0,0,0,0,-8000,0,0,0,0,8000,-8000,-8000
065328,緯穎凱基9C購03  ,0,0,0,0,0,0,0,0,0,-9000,0,0,0,20000,29000,-9000,-9000
065188,玉晶光統一02購01,0,0,0,0,0,0,0,0,0,-9000,0,0,0,136000,145000,-9000,-9000
06458P,玉晶光統一9A售02,0,0,0,0,0,0,0,0,0,-9000,0,0,0,0,9000,-9000,-9000
064530,康控中信9C購01  ,0,0,0,0,0,0,0,0,0,-9000,0,0,0,40000,49000,-9000,-9000
064761,神達凱基9C購01  ,0,0,0,0,0,0,0,0,0,-9000,0,0,0,181000,190000,-9000,-9000
065027,玉晶光中信03購01,0,0,0,0,0,0,0,0,0,-9000,0,0,0,89000,98000,-9000,-9000
07137P,大立光中信9B售01,0,0,0,0,0,0,0,0,0,-9000,0,0,0,0,9000,-9000,-9000
07400P,國巨凱基99售20  ,0,0,0,0,0,0,0,0,0,-9000,0,0,0,1000,10000,-9000,-9000
065948,燿華統一01購02  ,0,0,0,0,0,0,0,0,0,-9000,0,0,0,60000,69000,-9000,-9000
065787,奇鋐永豐9C購01  ,0,0,0,0,0,0,0,0,0,-9000,0,0,0,0,9000,-9000,-9000
065842,技嘉元大9C購05  ,0,0,0,0,0,0,0,0,0,-9000,0,0,0,65000,74000,-9000,-9000
066286,瑞祺元大01購01  ,0,0,0,0,0,0,0,0,0,-9000,0,0,0,0,9000,-9000,-9000
057431,京鼎兆豐98購02  ,0,0,0,0,0,0,0,0,0,-9000,0,0,0,10000,19000,-9000,-9000
057500,神達群益98購01  ,0,0,0,0,0,0,0,0,0,-9000,0,0,0,1000,10000,-9000,-9000
058718,台灣50元富03購01,0,0,0,0,0,0,0,0,0,-9000,0,0,0,0,9000,-9000,-9000
060841,宏達電國票9B購01,0,0,0,0,0,0,0,0,0,-9000,0,0,0,1000,10000,-9000,-9000
060874,中鋼中信02購01  ,0,0,0,0,0,0,0,0,0,-9000,0,0,0,4000,13000,-9000,-9000
057785,智邦國票99購02  ,0,0,0,0,0,0,0,0,0,-9000,0,0,0,10000,19000,-9000,-9000
053396,漢唐中信9A購01  ,0,0,0,0,0,0,0,0,0,-9000,0,0,0,21000,30000,-9000,-9000
054928,帆宣凱基98購01  ,0,0,0,0,0,0,0,0,0,-9000,0,0,0,0,9000,-9000,-9000
060264,華新科國票9A購02,0,0,0,0,0,0,0,0,0,-9000,0,0,0,1000,10000,-9000,-9000
061716,瑞儀凱基9B購01  ,0,0,0,0,0,0,0,0,0,-9000,0,0,0,33000,42000,-9000,-9000
059842,台積電富邦9C購05,0,0,0,0,0,0,0,0,0,-9000,0,0,0,0,9000,-9000,-9000
059889,華新科國票99購04,0,0,0,0,0,0,0,0,0,-9000,0,0,0,17000,26000,-9000,-9000
061018,台積電國票9B購05,0,0,0,0,0,0,0,0,0,-9000,0,0,0,0,9000,-9000,-9000
061286,大立光統一9A購05,0,0,0,0,0,0,0,0,0,-9000,0,0,0,30000,39000,-9000,-9000
061368,南六國票9A購01  ,0,0,0,0,0,0,0,0,0,-9000,0,0,0,44000,53000,-9000,-9000
061088,國巨統一9C購05  ,0,0,0,0,0,0,0,0,0,-9000,0,0,0,0,9000,-9000,-9000
061388,台積電群益9A購05,0,0,0,0,0,0,0,0,0,-9000,0,0,0,1000,10000,-9000,-9000
058970,鴻海永豐99購02  ,0,0,0,0,0,0,0,0,0,-9000,0,0,0,13000,22000,-9000,-9000
058027,鴻海富邦98購04  ,0,0,0,0,0,0,0,0,0,-9000,0,0,0,0,9000,-9000,-9000
060055,宏達電凱基99購06,0,0,0,0,0,0,0,0,0,-9000,0,0,0,33000,42000,-9000,-9000
058063,旺宏中信98購04  ,0,0,0,0,0,0,0,0,0,-9000,0,0,0,1000,10000,-9000,-9000
058096,南電元大98購04  ,0,0,0,0,0,0,0,0,0,-9000,0,0,0,11000,20000,-9000,-9000
060503,技嘉元大9A購01  ,0,0,0,0,0,0,0,0,0,-9000,0,0,0,30000,39000,-9000,-9000
062673,台新金中信03購01,0,0,0,0,0,0,0,0,0,-9000,0,0,0,21000,30000,-9000,-9000
063150,聯發科元富05購03,0,0,0,0,0,0,0,0,0,-9000,0,0,0,1000,10000,-9000,-9000
062420,台積電統一9C購08,0,0,0,0,0,0,0,0,0,-9000,0,0,0,1000,10000,-9000,-9000
062413,台光電中信9B購02,0,0,0,0,0,0,0,0,0,-9000,0,0,0,6000,15000,-9000,-9000
062479,TPK國票9B購01   ,0,0,0,0,0,0,0,0,0,-9000,0,0,0,3000,12000,-9000,-9000
062142,喬山國票9B購01  ,0,0,0,0,0,0,0,0,0,-9000,0,0,0,1000,10000,-9000,-9000
063331,瑞儀國票9C購01  ,0,0,0,0,0,0,0,0,0,-9000,0,0,0,0,9000,-9000,-9000
064019,上銀元大9C購05  ,0,0,0,0,0,0,0,0,0,-9000,0,0,0,68000,77000,-9000,-9000
063940,國巨元大01購02  ,0,0,0,0,0,0,0,0,0,-9000,0,0,0,65000,74000,-9000,-9000
064404,奇力新凱基02購01,0,0,0,0,0,0,0,0,0,-9000,0,0,0,1000,10000,-9000,-9000
064383,SP黃豆富邦01購01,0,0,0,0,0,0,0,0,0,-9000,0,0,0,0,9000,-9000,-9000
064317,日月光群益9C購01,0,0,0,0,0,0,0,0,0,-9000,0,0,0,3000,12000,-9000,-9000
064335,可成元大9C購05  ,0,0,0,0,0,0,0,0,0,-9000,0,0,0,5000,14000,-9000,-9000
08659P,聯發科統一9C售20,0,0,0,0,0,0,0,0,0,-9000,0,0,0,1000,10000,-9000,-9000
08650P,臺股指元大9C售36,0,0,0,0,0,0,0,0,0,-9000,0,0,0,0,9000,-9000,-9000
2731,雄獅            ,21000,30000,-9000,0,0,0,0,0,0,0,0,0,0,0,0,0,-9000
2357,華碩            ,1582080,1477553,104527,0,0,0,0,15000,-15000,-99000,18000,22000,-4000,0,95000,-95000,-9473
066304,聯華永豐01購01  ,0,0,0,0,0,0,0,0,0,-10000,0,0,0,0,10000,-10000,-10000
066305,華夏永豐01購01  ,0,0,0,0,0,0,0,0,0,-10000,0,0,0,0,10000,-10000,-10000
066346,眾達永豐01購01  ,0,0,0,0,0,0,0,0,0,-10000,0,0,0,0,10000,-10000,-10000
06874P,台積電台新98售02,0,0,0,0,0,0,0,0,0,-10000,0,0,0,0,10000,-10000,-10000
06877P,台積電兆豐98售04,0,0,0,0,0,0,0,0,0,-10000,0,0,0,0,10000,-10000,-10000
06851P,鈺齊元大98售01  ,0,0,0,0,0,0,0,0,0,-10000,0,0,0,0,10000,-10000,-10000
06848P,聯詠元大98售04  ,0,0,0,0,0,0,0,0,0,-10000,0,0,0,0,10000,-10000,-10000
06767P,台積電永昌99售03,0,0,0,0,0,0,0,0,0,-10000,0,0,0,0,10000,-10000,-10000
066111,上銀兆豐02購01  ,0,0,0,0,0,0,0,0,0,-10000,0,0,0,0,10000,-10000,-10000
066112,智邦兆豐02購01  ,0,0,0,0,0,0,0,0,0,-10000,0,0,0,0,10000,-10000,-10000
066140,鎧勝群益01購01  ,0,0,0,0,0,0,0,0,0,-10000,0,0,0,0,10000,-10000,-10000
066137,智易群益01購01  ,0,0,0,0,0,0,0,0,0,-10000,0,0,0,0,10000,-10000,-10000
066165,大毅凱基01購01  ,0,0,0,0,0,0,0,0,0,-10000,0,0,0,0,10000,-10000,-10000
066185,松翰凱基01購01  ,0,0,0,0,0,0,0,0,0,-10000,0,0,0,0,10000,-10000,-10000
066283,鎧勝元大01購02  ,0,0,0,0,0,0,0,0,0,-10000,0,0,0,0,10000,-10000,-10000
066199,金像電統一02購01,0,0,0,0,0,0,0,0,0,-10000,0,0,0,0,10000,-10000,-10000
065863,臺股指元大9C購37,0,0,0,0,0,0,0,0,0,-10000,0,0,0,0,10000,-10000,-10000
065861,台汽電元大9C購01,0,0,0,0,0,0,0,0,0,-10000,0,0,0,100000,110000,-10000,-10000
065769,T50反1國票03購03,0,0,0,0,0,0,0,0,0,-10000,0,0,0,0,10000,-10000,-10000
065774,旭富國票01購01  ,0,0,0,0,0,0,0,0,0,-10000,0,0,0,45000,55000,-10000,-10000
065932,世紀鋼國票02購01,0,0,0,0,0,0,0,0,0,-10000,0,0,0,0,10000,-10000,-10000
065941,超眾群益02購01  ,0,0,0,0,0,0,0,0,0,-10000,0,0,0,13000,23000,-10000,-10000
066020,東元群益01購01  ,0,0,0,0,0,0,0,0,0,-10000,0,0,0,10000,20000,-10000,-10000
066028,嘉澤群益01購01  ,0,0,0,0,0,0,0,0,0,-10000,0,0,0,0,10000,-10000,-10000
066004,國巨統一01購11  ,0,0,0,0,0,0,0,0,0,-10000,0,0,0,0,10000,-10000,-10000
066001,景碩國票02購01  ,0,0,0,0,0,0,0,0,0,-10000,0,0,0,0,10000,-10000,-10000
07478P,南電康和9A售02  ,0,0,0,0,0,0,0,0,0,-10000,0,0,0,0,10000,-10000,-10000
07215P,大立光凱基99售07,0,0,0,0,0,0,0,0,0,-10000,0,0,0,0,10000,-10000,-10000
07334P,臺股指國票99售19,0,0,0,0,0,0,0,0,0,-10000,0,0,0,0,10000,-10000,-10000
07071P,立積元富99售01  ,0,0,0,0,0,0,0,0,0,-10000,0,0,0,111000,121000,-10000,-10000
06996P,臺股指凱基99售17,0,0,0,0,0,0,0,0,0,-10000,0,0,0,0,10000,-10000,-10000
06919P,臺股指日盛98售02,0,0,0,0,0,0,0,0,0,-10000,0,0,0,50000,60000,-10000,-10000
06883P,聯茂群益98售03  ,0,0,0,0,0,0,0,0,0,-10000,0,0,0,0,10000,-10000,-10000
06914P,南茂元大98售03  ,0,0,0,0,0,0,0,0,0,-10000,0,0,0,0,10000,-10000,-10000
07529P,國巨凱基9A售11  ,0,0,0,0,0,0,0,0,0,-10000,0,0,0,0,10000,-10000,-10000
07580P,緯穎元大9A售03  ,0,0,0,0,0,0,0,0,0,-10000,0,0,0,0,10000,-10000,-10000
07618P,大立光中信9A售06,0,0,0,0,0,0,0,0,0,-10000,0,0,0,0,10000,-10000,-10000
07675P,全新永豐9A售02  ,0,0,0,0,0,0,0,0,0,-10000,0,0,0,0,10000,-10000,-10000
07683P,宏達電凱基9A售03,0,0,0,0,0,0,0,0,0,-10000,0,0,0,0,10000,-10000,-10000
07709P,創意元大9A售01  ,0,0,0,0,0,0,0,0,0,-10000,0,0,0,43000,53000,-10000,-10000
07737P,華通永豐9A售01  ,0,0,0,0,0,0,0,0,0,-10000,0,0,0,0,10000,-10000,-10000
07746P,華新科凱基9A售11,0,0,0,0,0,0,0,0,0,-10000,0,0,0,0,10000,-10000,-10000
07818P,台積電國票9C售01,0,0,0,0,0,0,0,0,0,-10000,0,0,0,0,10000,-10000,-10000
07799P,南電國票9A售04  ,0,0,0,0,0,0,0,0,0,-10000,0,0,0,0,10000,-10000,-10000
07832P,台積電群益9A售08,0,0,0,0,0,0,0,0,0,-10000,0,0,0,0,10000,-10000,-10000
07842P,力成元大9A售01  ,0,0,0,0,0,0,0,0,0,-10000,0,0,0,10000,20000,-10000,-10000
07929P,旺宏統一9B售07  ,0,0,0,0,0,0,0,0,0,-10000,0,0,0,0,10000,-10000,-10000
07931P,國巨元大9B售03  ,0,0,0,0,0,0,0,0,0,-10000,0,0,0,10000,20000,-10000,-10000
07907P,台灣50台新9B售08,0,0,0,0,0,0,0,0,0,-10000,0,0,0,0,10000,-10000,-10000
07905P,大立光群益9B售04,0,0,0,0,0,0,0,0,0,-10000,0,0,0,0,10000,-10000,-10000
07882P,台灣50凱基01售12,0,0,0,0,0,0,0,0,0,-10000,0,0,0,0,10000,-10000,-10000
07950P,智邦元大9B售04  ,0,0,0,0,0,0,0,0,0,-10000,0,0,0,20000,30000,-10000,-10000
07980P,臺股指凱基02售01,0,0,0,0,0,0,0,0,0,-10000,0,0,0,0,10000,-10000,-10000
065009,勤誠國票01購01  ,0,0,0,0,0,0,0,0,0,-10000,0,0,0,0,10000,-10000,-10000
064980,牧德元大01購01  ,0,0,0,0,0,0,0,0,0,-10000,0,0,0,20000,30000,-10000,-10000
065075,葡萄王元大01購01,0,0,0,0,0,0,0,0,0,-10000,0,0,0,72000,82000,-10000,-10000
064889,T50反1群益9C購02,0,0,0,0,0,0,0,0,0,-10000,0,0,0,0,10000,-10000,-10000
064968,道瓊銀元大01購02,0,0,0,0,0,0,0,0,0,-10000,0,0,0,0,10000,-10000,-10000
064949,南亞科凱基9C購01,0,0,0,0,0,0,0,0,0,-10000,0,0,0,22000,32000,-10000,-10000
064942,道瓊反凱基02購01,0,0,0,0,0,0,0,0,0,-10000,0,0,0,0,10000,-10000,-10000
064762,致伸凱基9C購02  ,0,0,0,0,0,0,0,0,0,-10000,0,0,0,0,10000,-10000,-10000
064533,技嘉國票01購01  ,0,0,0,0,0,0,0,0,0,-10000,0,0,0,16000,26000,-10000,-10000
064534,京元電國票01購01,0,0,0,0,0,0,0,0,0,-10000,0,0,0,0,10000,-10000,-10000
064515,中橡群益9C購01  ,0,0,0,0,0,0,0,0,0,-10000,0,0,0,0,10000,-10000,-10000
064600,技嘉元富9C購01  ,0,0,0,0,0,0,0,0,0,-10000,0,0,0,40000,50000,-10000,-10000
065203,FBVIX國票9C購01 ,0,0,0,0,0,0,0,0,0,-10000,0,0,0,0,10000,-10000,-10000
06528P,台積電富邦99售03,0,0,0,0,0,0,0,0,0,-10000,0,0,0,0,10000,-10000,-10000
06533P,上証2X中信9B售01,0,0,0,0,0,0,0,0,0,-10000,0,0,0,0,10000,-10000,-10000
065408,華通永豐9C購02  ,0,0,0,0,0,0,0,0,0,-10000,0,0,0,64000,74000,-10000,-10000
065416,華通國票01購02  ,0,0,0,0,0,0,0,0,0,-10000,0,0,0,0,10000,-10000,-10000
065469,FBVIX元大9C購05 ,0,0,0,0,0,0,0,0,0,-10000,0,0,0,0,10000,-10000,-10000
065444,燿華統一02購02  ,0,0,0,0,0,0,0,0,0,-10000,0,0,0,0,10000,-10000,-10000
06550P,健策元大99售01  ,0,0,0,0,0,0,0,0,0,-10000,0,0,0,0,10000,-10000,-10000
065551,聯發科凱基9C購11,0,0,0,0,0,0,0,0,0,-10000,0,0,0,129000,139000,-10000,-10000
065701,聯發科群益9C購13,0,0,0,0,0,0,0,0,0,-10000,0,0,0,0,10000,-10000,-10000
055007,晶相光元富9A購02,0,0,0,0,0,0,0,0,0,-10000,0,0,0,10000,20000,-10000,-10000
054780,中石化群益99購01,0,0,0,0,0,0,0,0,0,-10000,0,0,0,0,10000,-10000,-10000
054922,文曄凱基98購01  ,0,0,0,0,0,0,0,0,0,-10000,0,0,0,0,10000,-10000,-10000
053212,友達凱基99購04  ,0,0,0,0,0,0,0,0,0,-10000,0,0,0,0,10000,-10000,-10000
055695,大毅國票98購03  ,0,0,0,0,0,0,0,0,0,-10000,0,0,0,0,10000,-10000,-10000
054055,全新國票99購02  ,0,0,0,0,0,0,0,0,0,-10000,0,0,0,0,10000,-10000,-10000
053764,A50正2富邦99購01,0,0,0,0,0,0,0,0,0,-10000,0,0,0,152000,162000,-10000,-10000
055089,金寶群益98購01  ,0,0,0,0,0,0,0,0,0,-10000,0,0,0,0,10000,-10000,-10000
053402,A50正2群益9A購02,0,0,0,0,0,0,0,0,0,-10000,0,0,0,0,10000,-10000,-10000
053481,同欣電元大97購01,0,0,0,0,0,0,0,0,0,-10000,0,0,0,0,10000,-10000,-10000
056358,友訊元大99購01  ,0,0,0,0,0,0,0,0,0,-10000,0,0,0,0,10000,-10000,-10000
056404,嘉聯益群益9A購01,0,0,0,0,0,0,0,0,0,-10000,0,0,0,40000,50000,-10000,-10000
057757,鴻海凱基98購13  ,0,0,0,0,0,0,0,0,0,-10000,0,0,0,90000,100000,-10000,-10000
057737,國巨富邦99購02  ,0,0,0,0,0,0,0,0,0,-10000,0,0,0,0,10000,-10000,-10000
057699,可成群益9A購02  ,0,0,0,0,0,0,0,0,0,-10000,0,0,0,0,10000,-10000,-10000
057228,友達凱基9B購01  ,0,0,0,0,0,0,0,0,0,-10000,0,0,0,0,10000,-10000,-10000
057279,國揚元大98購01  ,0,0,0,0,0,0,0,0,0,-10000,0,0,0,0,10000,-10000,-10000
057292,國巨國泰9B購01  ,0,0,0,0,0,0,0,0,0,-10000,0,0,0,30000,40000,-10000,-10000
054378,楠梓電群益98購01,0,0,0,0,0,0,0,0,0,-10000,0,0,0,0,10000,-10000,-10000
054355,上海銀富邦98購01,0,0,0,0,0,0,0,0,0,-10000,0,0,0,0,10000,-10000,-10000
054170,泰鼎凱基98購01  ,0,0,0,0,0,0,0,0,0,-10000,0,0,0,0,10000,-10000,-10000
055425,聚陽群益99購01  ,0,0,0,0,0,0,0,0,0,-10000,0,0,0,0,10000,-10000,-10000
055426,旺宏群益99購02  ,0,0,0,0,0,0,0,0,0,-10000,0,0,0,10000,20000,-10000,-10000
055435,佳世達中信99購01,0,0,0,0,0,0,0,0,0,-10000,0,0,0,0,10000,-10000,-10000
055438,鴻海國票98購01  ,0,0,0,0,0,0,0,0,0,-10000,0,0,0,0,10000,-10000,-10000
055515,聚陽中信9A購01  ,0,0,0,0,0,0,0,0,0,-10000,0,0,0,10000,20000,-10000,-10000
055290,玉晶光元大98購08,0,0,0,0,0,0,0,0,0,-10000,0,0,0,0,10000,-10000,-10000
055353,華新科凱基98購03,0,0,0,0,0,0,0,0,0,-10000,0,0,0,0,10000,-10000,-10000
055245,凱美統一99購01  ,0,0,0,0,0,0,0,0,0,-10000,0,0,0,0,10000,-10000,-10000
052112,滬深2X中信99購01,0,0,0,0,0,0,0,0,0,-10000,0,0,0,10000,20000,-10000,-10000
051286,國巨統一97購01  ,0,0,0,0,0,0,0,0,0,-10000,0,0,0,0,10000,-10000,-10000
046903,友達凱基99購01  ,0,0,0,0,0,0,0,0,0,-10000,0,0,0,0,10000,-10000,-10000
00715L,街口布蘭特油正2 ,0,0,0,0,0,0,0,0,0,-10000,0,0,0,0,10000,-10000,-10000
00682U,元大美元指數    ,0,0,0,0,0,0,0,0,0,-10000,0,0,0,0,10000,-10000,-10000
053056,同欣電國票97購01,0,0,0,0,0,0,0,0,0,-10000,0,0,0,0,10000,-10000,-10000
052785,滬深2X中信99購03,0,0,0,0,0,0,0,0,0,-10000,0,0,0,10000,20000,-10000,-10000
052697,滬深2X國票98購01,0,0,0,0,0,0,0,0,0,-10000,0,0,0,0,10000,-10000,-10000
060861,漢唐永豐9A購01  ,0,0,0,0,0,0,0,0,0,-10000,0,0,0,0,10000,-10000,-10000
060825,聯詠元大9A購05  ,0,0,0,0,0,0,0,0,0,-10000,0,0,0,0,10000,-10000,-10000
060800,華新科第一9A購01,0,0,0,0,0,0,0,0,0,-10000,0,0,0,2000,12000,-10000,-10000
060710,上銀永豐9A購01  ,0,0,0,0,0,0,0,0,0,-10000,0,0,0,0,10000,-10000,-10000
060461,鴻海元大9A購09  ,0,0,0,0,0,0,0,0,0,-10000,0,0,0,30000,40000,-10000,-10000
057505,健策麥證98購01  ,0,0,0,12000,10000,2000,0,0,0,-10000,0,0,0,12000,22000,-10000,-10000
057179,可成元大98購04  ,0,0,0,0,0,0,0,0,0,-10000,0,0,0,0,10000,-10000,-10000
057173,南亞科元大98購04,0,0,0,0,0,0,0,0,0,-10000,0,0,0,0,10000,-10000,-10000
056716,康舒永豐98購01  ,0,0,0,0,0,0,0,0,0,-10000,0,0,0,0,10000,-10000,-10000
057125,國巨凱基98購12  ,0,0,0,0,0,0,0,0,0,-10000,0,0,0,10000,20000,-10000,-10000
057006,國巨中信98購03  ,0,0,0,0,0,0,0,0,0,-10000,0,0,0,0,10000,-10000,-10000
057026,長榮航凱基98購01,0,0,0,0,0,0,0,0,0,-10000,0,0,0,0,10000,-10000,-10000
057045,美律元大99購04  ,0,0,0,0,0,0,0,0,0,-10000,0,0,0,0,10000,-10000,-10000
056830,友達富邦99購01  ,0,0,0,0,0,0,0,0,0,-10000,0,0,0,0,10000,-10000,-10000
056843,冠德元富98購01  ,0,0,0,0,0,0,0,0,0,-10000,0,0,0,2000,12000,-10000,-10000
056903,大立光元大99購04,0,0,0,0,0,0,0,0,0,-10000,0,0,0,0,10000,-10000,-10000
056940,嘉聯益元富98購01,0,0,0,0,0,0,0,0,0,-10000,0,0,0,0,10000,-10000,-10000
057481,技嘉元大98購04  ,0,0,0,0,0,0,0,0,0,-10000,0,0,0,0,10000,-10000,-10000
057438,禾伸堂國票99購01,0,0,0,0,0,0,0,0,0,-10000,0,0,0,0,10000,-10000,-10000
055816,新日興國票98購01,0,0,0,0,0,0,0,0,0,-10000,0,0,0,0,10000,-10000,-10000
055844,大毅元大98購01  ,0,0,0,0,0,0,0,0,0,-10000,0,0,0,0,10000,-10000,-10000
056608,力山永豐98購01  ,0,0,0,0,0,0,0,0,0,-10000,0,0,0,0,10000,-10000,-10000
056335,微星凱基98購01  ,0,0,0,0,0,0,0,0,0,-10000,0,0,0,0,10000,-10000,-10000
056345,嘉聯益凱基99購01,0,0,0,0,0,0,0,0,0,-10000,0,0,0,0,10000,-10000,-10000
056637,台光電日盛9A購01,0,0,0,0,0,0,0,0,0,-10000,0,0,0,0,10000,-10000,-10000
056080,世紀鋼元大97購03,0,0,0,0,0,0,0,0,0,-10000,0,0,0,0,10000,-10000,-10000
056228,可成凱基97購03  ,0,0,0,0,0,0,0,0,0,-10000,0,0,0,0,10000,-10000,-10000
056245,嘉澤群益97購01  ,0,0,0,0,0,0,0,0,0,-10000,0,0,0,0,10000,-10000,-10000
056247,台郡群益97購01  ,0,0,0,0,0,0,0,0,0,-10000,0,0,0,40000,50000,-10000,-10000
056518,美律國票99購01  ,0,0,0,0,0,0,0,0,0,-10000,0,0,0,0,10000,-10000,-10000
056465,臺股指凱基99購07,0,0,0,0,0,0,0,0,0,-10000,0,0,0,10000,20000,-10000,-10000
057603,樺漢群益98購02  ,0,0,0,0,0,0,0,0,0,-10000,0,0,0,20000,30000,-10000,-10000
057806,國巨元大98購20  ,0,0,0,0,0,0,0,0,0,-10000,0,0,0,0,10000,-10000,-10000
056544,貿聯凱基98購03  ,0,0,0,0,0,0,0,0,0,-10000,0,0,0,10000,20000,-10000,-10000
056542,緯創凱基98購01  ,0,0,0,0,0,0,0,0,0,-10000,0,0,0,0,10000,-10000,-10000
056537,冠德凱基98購01  ,0,0,0,0,0,0,0,0,0,-10000,0,0,0,20000,30000,-10000,-10000
060542,上銀凱基9A購04  ,0,0,0,0,0,0,0,0,0,-10000,0,0,0,0,10000,-10000,-10000
060554,中租凱基9A購01  ,0,0,0,0,0,0,0,0,0,-10000,0,0,0,0,10000,-10000,-10000
061204,國巨元大9A購16  ,0,0,0,0,0,0,0,0,0,-10000,0,0,0,24000,34000,-10000,-10000
058121,國巨國票9A購01  ,0,0,0,0,0,0,0,0,0,-10000,0,0,0,0,10000,-10000,-10000
058826,台積電永豐99購02,0,0,0,0,0,0,0,0,0,-10000,0,0,0,0,10000,-10000,-10000
058865,群創凱基01購01  ,0,0,0,0,0,0,0,0,0,-10000,0,0,0,182000,192000,-10000,-10000
058883,旭富永豐99購01  ,0,0,0,0,0,0,0,0,0,-10000,0,0,0,0,10000,-10000,-10000
059705,華新科凱基9A購07,0,0,0,0,0,0,0,0,0,-10000,0,0,0,0,10000,-10000,-10000
061139,玉晶光統一9C購02,0,0,0,0,0,0,0,0,0,-10000,0,0,0,0,10000,-10000,-10000
060032,利勤永豐99購01  ,0,0,0,0,0,0,0,0,0,-10000,0,0,0,0,10000,-10000,-10000
059641,群創凱基99購06  ,0,0,0,0,0,0,0,0,0,-10000,0,0,0,65000,75000,-10000,-10000
059681,華新科國泰9B購02,0,0,0,0,0,0,0,0,0,-10000,0,0,0,0,10000,-10000,-10000
058753,元石油群益9B購03,0,0,0,0,0,0,0,0,0,-10000,0,0,0,0,10000,-10000,-10000
060344,聯發科統一01購01,0,0,0,0,0,0,0,0,0,-10000,0,0,0,0,10000,-10000,-10000
060898,世芯凱基9A購03  ,0,0,0,0,0,0,0,0,0,-10000,0,0,0,0,10000,-10000,-10000
060394,欣興麥證9A購01  ,0,0,0,0,10000,-10000,0,0,0,-10000,0,0,0,0,10000,-10000,-10000
058958,台表科國票9A購03,0,0,0,0,0,0,0,0,0,-10000,0,0,0,0,10000,-10000,-10000
058959,南茂國票9A購01  ,0,0,0,0,0,0,0,0,0,-10000,0,0,0,0,10000,-10000,-10000
058937,仁寶中信99購01  ,0,0,0,0,0,0,0,0,0,-10000,0,0,0,0,10000,-10000,-10000
058479,亞光凱基9A購01  ,0,0,0,0,0,0,0,0,0,-10000,0,0,0,0,10000,-10000,-10000
058707,泰鼎元大99購02  ,0,0,0,0,0,0,0,0,0,-10000,0,0,0,0,10000,-10000,-10000
058697,亞德客元大99購01,0,0,0,0,0,0,0,0,0,-10000,0,0,0,10000,20000,-10000,-10000
058587,台積電中信9C購03,0,0,0,0,0,0,0,0,0,-10000,0,0,0,96000,106000,-10000,-10000
058628,宏達電國票9A購01,0,0,0,0,0,0,0,0,0,-10000,0,0,0,0,10000,-10000,-10000
061394,FBVIX統一9B購01 ,0,0,0,0,0,0,0,0,0,-10000,0,0,0,0,10000,-10000,-10000
061086,FBVIX統一01購01 ,0,0,0,0,0,0,0,0,0,-10000,0,0,0,0,10000,-10000,-10000
061104,華新科元大9A購13,0,0,0,0,0,0,0,0,0,-10000,0,0,0,0,10000,-10000,-10000
061288,大立光統一9C購01,0,0,0,0,0,0,0,0,0,-10000,0,0,0,10000,20000,-10000,-10000
061324,華新科凱基9C購01,0,0,0,0,0,0,0,0,0,-10000,0,0,0,0,10000,-10000,-10000
061012,國巨麥證9A購03  ,0,0,0,0,11000,-11000,0,0,0,-10000,0,0,0,1000,11000,-10000,-10000
060099,宏達電元大99購09,0,0,0,0,0,0,0,0,0,-10000,0,0,0,12000,22000,-10000,-10000
060085,華通元大99購10  ,0,0,0,0,0,0,0,0,0,-10000,0,0,0,0,10000,-10000,-10000
060991,京鼎元大9A購01  ,0,0,0,0,0,0,0,0,0,-10000,0,0,0,0,10000,-10000,-10000
059896,T50反1元大99購13,0,0,0,0,0,0,0,0,0,-10000,0,0,0,0,10000,-10000,-10000
059117,禾伸堂永豐99購01,0,0,0,0,0,0,0,0,0,-10000,0,0,0,10000,20000,-10000,-10000
059935,國巨永豐99購07  ,0,0,0,0,0,0,0,0,0,-10000,0,0,0,0,10000,-10000,-10000
059530,華新科凱基9A購05,0,0,0,0,0,0,0,0,0,-10000,0,0,0,0,10000,-10000,-10000
059562,上銀凱基99購09  ,0,0,0,0,0,0,0,0,0,-10000,0,0,0,0,10000,-10000,-10000
059528,華新科凱基99購06,0,0,0,0,0,0,0,0,0,-10000,0,0,0,0,10000,-10000,-10000
059075,FBVIX元大99購01 ,0,0,0,0,0,0,0,0,0,-10000,0,0,0,0,10000,-10000,-10000
059079,SGBR2X元大99購01,0,0,0,0,0,0,0,0,0,-10000,0,0,0,0,10000,-10000,-10000
059571,奇力新凱基99購06,0,0,0,0,0,0,0,0,0,-10000,0,0,0,0,10000,-10000,-10000
059820,南亞科凱基99購07,0,0,0,0,0,0,0,0,0,-10000,0,0,0,0,10000,-10000,-10000
059131,國巨群益99購07  ,0,0,0,0,0,0,0,0,0,-10000,0,0,0,1000,11000,-10000,-10000
059004,嘉晶元大99購05  ,0,0,0,0,0,0,0,0,0,-10000,0,0,0,1000,11000,-10000,-10000
058978,SGBR2X凱基9A購03,0,0,0,0,0,0,0,0,0,-10000,0,0,0,0,10000,-10000,-10000
059477,FBVIX群益99購01 ,0,0,0,0,0,0,0,0,0,-10000,0,0,0,0,10000,-10000,-10000
059498,滬深2X元富9C購06,0,0,0,0,0,0,0,0,0,-10000,0,0,0,0,10000,-10000,-10000
059224,大立光元大99購15,0,0,0,0,0,0,0,0,0,-10000,0,0,0,10000,20000,-10000,-10000
061709,SP黃豆凱基01購02,0,0,0,0,0,0,0,0,0,-10000,0,0,0,0,10000,-10000,-10000
061724,訊芯永豐9A購01  ,0,0,0,0,0,0,0,0,0,-10000,0,0,0,43000,53000,-10000,-10000
061725,國巨麥證9A購05  ,0,0,0,13000,27000,-14000,0,0,0,-10000,0,0,0,17000,27000,-10000,-10000
061862,台灣50元大9C購35,0,0,0,0,0,0,0,0,0,-10000,0,0,0,0,10000,-10000,-10000
061654,旺宏國票9A購02  ,0,0,0,0,0,0,0,0,0,-10000,0,0,0,0,10000,-10000,-10000
061690,旺宏群益9A購05  ,0,0,0,0,0,0,0,0,0,-10000,0,0,0,30000,40000,-10000,-10000
061632,SP黃豆元大9A購06,0,0,0,0,0,0,0,0,0,-10000,0,0,0,0,10000,-10000,-10000
061624,中租群益9A購01  ,0,0,0,0,0,0,0,0,0,-10000,0,0,0,10000,20000,-10000,-10000
061559,南亞科國票9A購02,0,0,0,0,0,0,0,0,0,-10000,0,0,0,0,10000,-10000,-10000
061565,滬深2X元大9A購08,0,0,0,0,0,0,0,0,0,-10000,0,0,0,62000,72000,-10000,-10000
060220,華新科凱基9A購08,0,0,0,0,0,0,0,0,0,-10000,0,0,0,0,10000,-10000,-10000
060110,茂林元大99購06  ,0,0,0,0,0,0,0,0,0,-10000,0,0,0,0,10000,-10000,-10000
060166,佐登永豐9A購01  ,0,0,0,0,0,0,0,0,0,-10000,0,0,0,0,10000,-10000,-10000
061503,臻鼎國票9B購01  ,0,0,0,0,0,0,0,0,0,-10000,0,0,0,40000,50000,-10000,-10000
061507,南電國票9A購05  ,0,0,0,0,0,0,0,0,0,-10000,0,0,0,11000,21000,-10000,-10000
061537,SP黃豆群益9A購02,0,0,0,0,0,0,0,0,0,-10000,0,0,0,0,10000,-10000,-10000
061430,致新元大9A購01  ,0,0,0,0,0,0,0,0,0,-10000,0,0,0,20000,30000,-10000,-10000
061436,上銀凱基9A購07  ,0,0,0,0,0,0,0,0,0,-10000,0,0,0,0,10000,-10000,-10000
064295,聚陽國票01購01  ,0,0,0,0,0,0,0,0,0,-10000,0,0,0,0,10000,-10000,-10000
063927,奇力新統一02購01,0,0,0,0,0,0,0,0,0,-10000,0,0,0,2000,12000,-10000,-10000
064223,日電貿國票01購01,0,0,0,0,0,0,0,0,0,-10000,0,0,0,0,10000,-10000,-10000
064193,華新群益9C購01  ,0,0,0,0,0,0,0,0,0,-10000,0,0,0,95000,105000,-10000,-10000
063297,臺指反凱基02購01,0,0,0,0,0,0,0,0,0,-10000,0,0,0,0,10000,-10000,-10000
063338,國巨統一9C購11  ,0,0,0,0,0,0,0,0,0,-10000,0,0,0,0,10000,-10000,-10000
063745,喬山國票9C購01  ,0,0,0,0,0,0,0,0,0,-10000,0,0,0,0,10000,-10000,-10000
063778,亞德客永豐9B購02,0,0,0,0,0,0,0,0,0,-10000,0,0,0,0,10000,-10000,-10000
063898,旭富群益9C購01  ,0,0,0,0,0,0,0,0,0,-10000,0,0,0,0,10000,-10000,-10000
063625,儒鴻元大9B購03  ,0,0,0,0,0,0,0,0,0,-10000,0,0,0,86000,96000,-10000,-10000
063616,上銀兆豐9C購01  ,0,0,0,0,0,0,0,0,0,-10000,0,0,0,0,10000,-10000,-10000
063662,上銀統一01購03  ,0,0,0,0,0,0,0,0,0,-10000,0,0,0,50000,60000,-10000,-10000
063710,光寶科凱基9C購01,0,0,0,0,0,0,0,0,0,-10000,0,0,0,10000,20000,-10000,-10000
062150,南六國票9B購01  ,0,0,0,0,0,0,0,0,0,-10000,0,0,0,0,10000,-10000,-10000
062144,華通國票9B購01  ,0,0,0,0,0,0,0,0,0,-10000,0,0,0,0,10000,-10000,-10000
062173,世紀鋼永豐9B購01,0,0,0,0,0,0,0,0,0,-10000,0,0,0,0,10000,-10000,-10000
062162,世紀鋼凱基9B購03,0,0,0,0,0,0,0,0,0,-10000,0,0,0,0,10000,-10000,-10000
062202,國巨國票9C購04  ,0,0,0,0,0,0,0,0,0,-10000,0,0,0,4000,14000,-10000,-10000
062208,旭富國票9C購01  ,0,0,0,0,0,0,0,0,0,-10000,0,0,0,0,10000,-10000,-10000
061948,美食群益9B購01  ,0,0,0,0,0,0,0,0,0,-10000,0,0,0,0,10000,-10000,-10000
061927,玉晶光凱基9C購01,0,0,0,0,0,0,0,0,0,-10000,0,0,0,0,10000,-10000,-10000
06192P,高股息中信98售01,0,0,0,0,0,0,0,0,0,-10000,0,0,0,280000,290000,-10000,-10000
062030,旭富群益9B購01  ,0,0,0,0,0,0,0,0,0,-10000,0,0,0,7000,17000,-10000,-10000
062453,聚陽群益9C購01  ,0,0,0,0,0,0,0,0,0,-10000,0,0,0,10000,20000,-10000,-10000
062266,世紀鋼元大9B購02,0,0,0,0,0,0,0,0,0,-10000,0,0,0,0,10000,-10000,-10000
062319,南六凱基9B購02  ,0,0,0,0,0,0,0,0,0,-10000,0,0,0,10000,20000,-10000,-10000
063221,京元電群益9B購02,0,0,0,0,0,0,0,0,0,-10000,0,0,0,14000,24000,-10000,-10000
06296P,燿華元大98售01  ,0,0,0,0,0,0,0,0,0,-10000,0,0,0,10000,20000,-10000,-10000
063041,貿聯凱基9B購01  ,0,0,0,0,0,0,0,0,0,-10000,0,0,0,30000,40000,-10000,-10000
062623,元金2X國票01購01,0,0,0,0,0,0,0,0,0,-10000,0,0,0,0,10000,-10000,-10000
062869,帆宣中信9B購01  ,0,0,0,0,0,0,0,0,0,-10000,0,0,0,88000,98000,-10000,-10000
2816,旺旺保          ,55000,65000,-10000,0,0,0,0,0,0,0,0,0,0,0,0,0,-10000
2887F,台新戊特二      ,0,0,0,0,0,0,0,0,0,-10000,0,10000,-10000,0,0,0,-10000
08679P,台灣50元大01售15,0,0,0,0,0,0,0,0,0,-10000,0,0,0,0,10000,-10000,-10000
08699P,南電元大01售05  ,0,0,0,0,0,0,0,0,0,-10000,0,0,0,0,10000,-10000,-10000
08435P,台積電群益9C售11,0,0,0,0,0,0,0,0,0,-10000,0,0,0,0,10000,-10000,-10000
08498P,大立光國票01售02,0,0,0,0,0,0,0,0,0,-10000,0,0,0,0,10000,-10000,-10000
08504P,臺股指國票9C售06,0,0,0,0,0,0,0,0,0,-10000,0,0,0,11000,21000,-10000,-10000
08583P,鴻海群益01售05  ,0,0,0,0,0,0,0,0,0,-10000,0,0,0,0,10000,-10000,-10000
08565P,聯發科群益9C售12,0,0,0,0,0,0,0,0,0,-10000,0,0,0,0,10000,-10000,-10000
08216P,聯發科群益9C售05,0,0,0,0,0,0,0,0,0,-10000,0,0,0,0,10000,-10000,-10000
08045P,健策國票9B售01  ,0,0,0,0,0,0,0,0,0,-10000,0,0,0,20000,30000,-10000,-10000
065553,聯詠凱基9C購03  ,0,0,0,0,0,0,0,0,0,-11000,0,0,0,93000,104000,-11000,-11000
065187,聯發科統一02購02,0,0,0,0,0,0,0,0,0,-11000,0,0,0,0,11000,-11000,-11000
065147,寶成凱基01購01  ,0,0,0,0,0,0,0,0,0,-11000,0,0,0,0,11000,-11000,-11000
064523,聯茂群益9C購01  ,0,0,0,0,0,0,0,0,0,-11000,0,0,0,0,11000,-11000,-11000
07347P,上証2X凱基99售02,0,0,0,0,0,0,0,0,0,-11000,0,0,0,0,11000,-11000,-11000
065856,中租元大9C購03  ,0,0,0,0,0,0,0,0,0,-11000,0,0,0,54000,65000,-11000,-11000
065840,國巨元大03購01  ,0,0,0,0,0,0,0,0,0,-11000,0,0,0,12000,23000,-11000,-11000
066218,美利達統一03購02,0,0,0,0,0,0,0,0,0,-11000,0,0,0,0,11000,-11000,-11000
066150,國巨麥證01購02  ,0,0,0,0,13000,-13000,0,0,0,-11000,0,0,0,2000,13000,-11000,-11000
066128,台積電群益02購01,0,0,0,0,0,0,0,0,0,-11000,0,0,0,0,11000,-11000,-11000
066057,華擎元大02購01  ,0,0,0,0,0,0,0,0,0,-11000,0,0,0,86000,97000,-11000,-11000
057514,華新科元富99購03,0,0,0,0,0,0,0,0,0,-11000,0,0,0,0,11000,-11000,-11000
057554,新日興凱基99購02,0,0,0,0,0,0,0,0,0,-11000,0,0,0,100000,111000,-11000,-11000
03421B,臺股指元大99熊01,0,0,0,0,0,0,0,0,0,-11000,0,0,0,0,11000,-11000,-11000
057232,京元電凱基98購02,0,0,0,0,0,0,0,0,0,-11000,0,0,0,50000,61000,-11000,-11000
056421,鴻海統一98購08  ,0,0,0,0,0,0,0,0,0,-11000,0,0,0,10000,21000,-11000,-11000
056399,上証2X群益9C購01,0,0,0,0,0,0,0,0,0,-11000,0,0,0,5000,16000,-11000,-11000
053220,瀚宇博凱基98購01,0,0,0,0,0,0,0,0,0,-11000,0,0,0,0,11000,-11000,-11000
054961,玉晶光元大99購01,0,0,0,0,0,0,0,0,0,-11000,0,0,0,5000,16000,-11000,-11000
061527,牧德凱基9A購02  ,0,0,0,0,0,0,0,0,0,-11000,0,0,0,39000,50000,-11000,-11000
058449,台積電永豐99購01,0,0,0,0,0,0,0,0,0,-11000,0,0,0,1000,12000,-11000,-11000
058856,新光金兆豐99購01,0,0,0,0,0,0,0,0,0,-11000,0,0,0,0,11000,-11000,-11000
058876,南電國票9A購02  ,0,0,0,0,0,0,0,0,0,-11000,0,0,0,1000,12000,-11000,-11000
058138,晶相光元大9C購01,0,0,0,0,0,0,0,0,0,-11000,0,0,0,0,11000,-11000,-11000
062759,旺宏凱基9B購07  ,0,0,0,0,0,0,0,0,0,-11000,0,0,0,74000,85000,-11000,-11000
062701,漢唐元大9B購01  ,0,0,0,0,0,0,0,0,0,-11000,0,0,0,23000,34000,-11000,-11000
062994,祥碩群益9B購05  ,0,0,0,0,0,0,0,0,0,-11000,0,0,0,154000,165000,-11000,-11000
062311,奇力新凱基9B購01,0,0,0,0,0,0,0,0,0,-11000,0,0,0,0,11000,-11000,-11000
062302,聯詠中信05購02  ,0,0,0,0,0,0,0,0,0,-11000,0,0,0,101000,112000,-11000,-11000
062357,國巨元大9B購11  ,0,0,0,0,0,0,0,0,0,-11000,0,0,0,0,11000,-11000,-11000
062527,美律統一01購01  ,0,0,0,0,0,0,0,0,0,-11000,0,0,0,64000,75000,-11000,-11000
061941,道瓊指群益9B購01,0,0,0,0,0,0,0,0,0,-11000,0,0,0,0,11000,-11000,-11000
063765,上銀元富9B購09  ,0,0,0,0,0,0,0,0,0,-11000,0,0,0,0,11000,-11000,-11000
063750,和鑫國票9B購01  ,0,0,0,0,0,0,0,0,0,-11000,0,0,0,9000,20000,-11000,-11000
064233,燿華統一9C購02  ,0,0,0,0,0,0,0,0,0,-11000,0,0,0,39000,50000,-11000,-11000
08369P,鴻海凱基01售04  ,0,0,0,0,0,0,0,0,0,-11000,0,0,0,0,11000,-11000,-11000
08359P,緯創元大9C售02  ,0,0,0,0,0,0,0,0,0,-11000,0,0,0,0,11000,-11000,-11000
2459,敦吉            ,119000,133000,-14000,0,0,0,0,0,0,3000,3000,0,3000,0,0,0,-11000
066077,健策凱基01購01  ,0,0,0,0,0,0,0,0,0,-12000,0,0,0,48000,60000,-12000,-12000
066234,群光富邦04購01  ,0,0,0,0,0,0,0,0,0,-12000,0,0,0,0,12000,-12000,-12000
066249,生達元大01購01  ,0,0,0,0,0,0,0,0,0,-12000,0,0,0,0,12000,-12000,-12000
06880P,鈺齊凱基98售03  ,0,0,0,0,0,0,0,0,0,-12000,0,0,0,0,12000,-12000,-12000
065993,立積永豐01購02  ,0,0,0,0,0,0,0,0,0,-12000,0,0,0,10000,22000,-12000,-12000
07940P,國巨群益9B售06  ,0,0,0,0,0,0,0,0,0,-12000,0,0,0,126000,138000,-12000,-12000
07794P,智邦國票9A售03  ,0,0,0,0,0,0,0,0,0,-12000,0,0,0,0,12000,-12000,-12000
07668P,旺宏元大9A售10  ,0,0,0,0,0,0,0,0,0,-12000,0,0,0,0,12000,-12000,-12000
07585P,台灣50中信03售06,0,0,0,0,0,0,0,0,0,-12000,0,0,0,0,12000,-12000,-12000
06479P,聯發科中信99售02,0,0,0,0,0,0,0,0,0,-12000,0,0,0,0,12000,-12000,-12000
064785,康友群益9C購01  ,0,0,0,0,0,0,0,0,0,-12000,0,0,0,12000,24000,-12000,-12000
065008,TPK國票01購02   ,0,0,0,0,0,0,0,0,0,-12000,0,0,0,0,12000,-12000,-12000
055034,建準富邦99購01  ,0,0,0,0,0,0,0,0,0,-12000,0,0,0,5000,17000,-12000,-12000
054808,東元元大9A購01  ,0,0,0,0,0,0,0,0,0,-12000,0,0,0,0,12000,-12000,-12000
054750,聯茂凱基98購02  ,0,0,0,0,0,0,0,0,0,-12000,0,0,0,0,12000,-12000,-12000
053827,漢唐麥證9A購01  ,0,0,0,0,12000,-12000,0,0,0,-12000,0,0,0,0,12000,-12000,-12000
054061,晶技國票97購03  ,0,0,0,0,0,0,0,0,0,-12000,0,0,0,0,12000,-12000,-12000
053630,奇鋐兆豐97購01  ,0,0,0,0,0,0,0,0,0,-12000,0,0,0,0,12000,-12000,-12000
057243,樺漢凱基99購01  ,0,0,0,0,0,0,0,0,0,-12000,0,0,0,0,12000,-12000,-12000
054353,世紀鋼國泰98購01,0,0,0,0,0,0,0,0,0,-12000,0,0,0,15000,27000,-12000,-12000
057086,立積統一9C購01  ,0,0,0,0,0,0,0,0,0,-12000,0,0,0,0,12000,-12000,-12000
056981,全新群益99購03  ,0,0,0,0,0,0,0,0,0,-12000,0,0,0,98000,110000,-12000,-12000
056548,瀚宇博凱基98購02,0,0,0,0,0,0,0,0,0,-12000,0,0,0,62000,74000,-12000,-12000
057611,技嘉元富98購02  ,0,0,0,0,0,0,0,0,0,-12000,0,0,0,23000,35000,-12000,-12000
056526,力山凱基98購01  ,0,0,0,0,0,0,0,0,0,-12000,0,0,0,0,12000,-12000,-12000
056317,華通群益99購02  ,0,0,0,0,0,0,0,0,0,-12000,0,0,0,0,12000,-12000,-12000
060057,欣興凱基9B購01  ,0,0,0,0,0,0,0,0,0,-12000,0,0,0,0,12000,-12000,-12000
058654,鴻海中信03購01  ,0,0,0,0,0,0,0,0,0,-12000,0,0,0,32000,44000,-12000,-12000
058581,大立光群益99購05,0,0,0,0,0,0,0,0,0,-12000,0,0,0,15000,27000,-12000,-12000
058704,台積電元大99購17,0,0,0,0,0,0,0,0,0,-12000,0,0,0,0,12000,-12000,-12000
061516,力成永豐9A購02  ,0,0,0,0,0,0,0,0,0,-12000,0,0,0,185000,197000,-12000,-12000
060174,T50反1元富04購01,0,0,0,0,0,0,0,0,0,-12000,0,0,0,10000,22000,-12000,-12000
061609,華新科統一9C購01,0,0,0,0,0,0,0,0,0,-12000,0,0,0,100000,112000,-12000,-12000
061406,華通國票9A購06  ,0,0,0,0,0,0,0,0,0,-12000,0,0,0,0,12000,-12000,-12000
06165P,臺股指凱基9A售03,0,0,0,0,0,0,0,0,0,-12000,0,0,0,0,12000,-12000,-12000
059371,聯鈞元富99購02  ,0,0,0,0,0,0,0,0,0,-12000,0,0,0,0,12000,-12000,-12000
059827,晶技凱基99購03  ,0,0,0,0,0,0,0,0,0,-12000,0,0,0,0,12000,-12000,-12000
059838,茂林國泰9B購01  ,0,0,0,0,0,0,0,0,0,-12000,0,0,0,0,12000,-12000,-12000
059852,康控永豐99購02  ,0,0,0,0,0,0,0,0,0,-12000,0,0,0,52000,64000,-12000,-12000
059912,國巨元大99購28  ,0,0,0,0,0,0,0,0,0,-12000,0,0,0,26000,38000,-12000,-12000
060943,宏達電國票9B購02,0,0,0,0,0,0,0,0,0,-12000,0,0,0,0,12000,-12000,-12000
061039,台表科永豐9A購03,0,0,0,0,0,0,0,0,0,-12000,0,0,0,0,12000,-12000,-12000
064298,台灣50兆豐01購02,0,0,0,0,0,0,0,0,0,-12000,0,0,0,0,12000,-12000,-12000
064382,台積電國泰01購01,0,0,0,0,0,0,0,0,0,-12000,0,0,0,40000,52000,-12000,-12000
063891,國巨群益9C購07  ,20000,0,20000,0,0,0,0,0,0,-32000,0,0,0,0,32000,-32000,-12000
063418,京元電凱基9B購03,0,0,0,0,0,0,0,0,0,-12000,0,0,0,189000,201000,-12000,-12000
063384,巨大永豐9B購04  ,0,0,0,0,0,0,0,0,0,-12000,0,0,0,0,12000,-12000,-12000
062040,玉晶光凱基01購01,0,0,0,0,0,0,0,0,0,-12000,0,0,0,0,12000,-12000,-12000
061961,台積電統一01購02,0,0,0,0,0,0,0,0,0,-12000,0,0,0,1000,13000,-12000,-12000
06238P,台積電元大98售07,0,0,0,0,0,0,0,0,0,-12000,0,0,0,0,12000,-12000,-12000
062956,同欣電永豐9B購02,0,0,0,0,0,0,0,0,0,-12000,0,0,0,0,12000,-12000,-12000
062712,晶技麥證9B購02  ,0,0,0,5000,50000,-45000,0,0,0,-12000,0,0,0,38000,50000,-12000,-12000
2114,鑫永銓          ,25000,37000,-12000,0,0,0,0,0,0,0,0,0,0,0,0,0,-12000
08332P,智邦台新9C售03  ,0,0,0,0,0,0,0,0,0,-12000,0,0,0,18000,30000,-12000,-12000
08514P,華新科凱基9C售05,0,0,0,0,0,0,0,0,0,-12000,0,0,0,18000,30000,-12000,-12000
08687P,南六永豐01售02  ,0,0,0,0,0,0,0,0,0,-12000,0,0,0,0,12000,-12000,-12000
08641P,台灣50群益9C售08,0,0,0,0,0,0,0,0,0,-12000,0,0,0,0,12000,-12000,-12000
065558,嘉聯益凱基9C購02,0,0,0,0,0,0,0,0,0,-13000,0,0,0,44000,57000,-13000,-13000
06551P,貿聯元大98售05  ,0,0,0,0,0,0,0,0,0,-13000,0,0,0,100000,113000,-13000,-13000
07765P,台積電群益9A售06,0,0,0,0,0,0,0,0,0,-13000,0,0,0,0,13000,-13000,-13000
06658P,台灣50富邦9C售01,0,0,0,0,0,0,0,0,0,-13000,0,0,0,27000,40000,-13000,-13000
066263,華碩元大02購01  ,0,0,0,0,0,0,0,0,0,-13000,0,0,0,0,13000,-13000,-13000
066239,拓凱富邦02購01  ,0,0,0,0,0,0,0,0,0,-13000,0,0,0,0,13000,-13000,-13000
060609,玉晶光凱基9B購01,0,0,0,0,0,0,0,0,0,-13000,0,0,0,0,13000,-13000,-13000
052619,茂林國泰99購01  ,0,0,0,0,0,0,0,0,0,-13000,0,0,0,390000,403000,-13000,-13000
056394,晶豪科永豐98購01,0,0,0,0,0,0,0,0,0,-13000,0,0,0,15000,28000,-13000,-13000
059876,智易凱基99購02  ,0,0,0,0,0,0,0,0,0,-13000,0,0,0,0,13000,-13000,-13000
061420,國巨元大9A購22  ,0,0,0,0,0,0,0,0,0,-13000,0,0,0,39000,52000,-13000,-13000
058292,上銀凱基9A購01  ,0,0,0,0,0,0,0,0,0,-13000,0,0,0,0,13000,-13000,-13000
062873,國巨兆豐9C購01  ,0,0,0,0,0,0,0,0,0,-13000,0,0,0,1000,14000,-13000,-13000
063190,聯茂凱基9B購01  ,0,0,0,0,0,0,0,0,0,-13000,0,0,0,16000,29000,-13000,-13000
062322,元金2X統一01購01,0,0,0,0,0,0,0,0,0,-13000,0,0,0,0,13000,-13000,-13000
062455,鴻海群益9C購01  ,0,0,0,0,0,0,0,0,0,-13000,0,0,0,34000,47000,-13000,-13000
062120,國巨台新9B購01  ,0,0,0,0,0,0,0,0,0,-13000,0,0,0,0,13000,-13000,-13000
08250P,GIS群益9C售02   ,0,0,0,0,0,0,0,0,0,-13000,0,0,0,0,13000,-13000,-13000
3702A,大聯大甲特      ,0,3000,-3000,0,0,0,0,0,0,-10000,0,10000,-10000,0,0,0,-13000
066156,建準康和01購01  ,0,0,0,0,0,0,0,0,0,-14000,0,0,0,0,14000,-14000,-14000
07644P,南電凱基9A售03  ,0,0,0,0,0,0,0,0,0,-14000,0,0,0,71000,85000,-14000,-14000
07235P,T50正2元大9C售02,0,0,0,0,0,0,0,0,0,-14000,0,0,0,4000,18000,-14000,-14000
065271,日月光元大9C購02,0,0,0,0,0,0,0,0,0,-14000,0,0,0,3000,17000,-14000,-14000
065316,大成鋼凱基9C購01,0,0,0,0,0,0,0,0,0,-14000,0,0,0,56000,70000,-14000,-14000
064568,聯鈞群益9C購01  ,0,0,0,0,0,0,0,0,0,-14000,0,0,0,91000,105000,-14000,-14000
056417,欣興中信98購01  ,0,0,0,0,0,0,0,0,0,-14000,0,0,0,36000,50000,-14000,-14000
055021,亞德客國泰98購01,0,0,0,0,0,0,0,0,0,-14000,0,0,0,6000,20000,-14000,-14000
00685L,群益臺灣加權正2 ,0,0,0,0,0,0,0,0,0,-14000,0,0,0,20000,34000,-14000,-14000
054309,禾伸堂凱基98購01,0,0,0,0,0,0,0,0,0,-14000,0,0,0,32000,46000,-14000,-14000
060877,華邦電中信02購01,0,0,0,0,0,0,0,0,0,-14000,0,0,0,0,14000,-14000,-14000
061428,南六元大9A購01  ,0,0,0,0,0,0,0,0,0,-14000,0,0,0,4000,18000,-14000,-14000
061698,智邦國票9A購04  ,0,0,0,0,0,0,0,0,0,-14000,0,0,0,0,14000,-14000,-14000
059148,百和國票9A購01  ,0,0,0,0,0,0,0,0,0,-14000,0,0,0,9000,23000,-14000,-14000
060995,泰鼎元大9A購03  ,0,0,0,0,0,0,0,0,0,-14000,0,0,0,17000,31000,-14000,-14000
059920,宏達電元大99購07,0,0,0,0,0,0,0,0,0,-14000,0,0,0,208000,222000,-14000,-14000
059067,上銀國票9A購02  ,0,0,0,0,0,0,0,0,0,-14000,0,0,0,0,14000,-14000,-14000
05953P,台積電國票98售02,0,0,0,0,0,0,0,0,0,-14000,0,0,0,7000,21000,-14000,-14000
058969,亞德客永豐99購01,0,0,0,0,0,0,0,0,0,-14000,0,0,0,50000,64000,-14000,-14000
057930,旺宏群益99購04  ,0,0,0,0,0,0,0,0,0,-14000,0,0,0,30000,44000,-14000,-14000
057856,聯鈞國票99購03  ,0,0,0,0,0,0,0,0,0,-14000,0,0,0,0,14000,-14000,-14000
059742,富邦金元富99購01,0,0,0,0,0,0,0,0,0,-14000,0,0,0,113000,127000,-14000,-14000
059721,旺宏元大99購16  ,0,0,0,0,0,0,0,0,0,-14000,0,0,0,5000,19000,-14000,-14000
060521,鴻海中信01購03  ,0,0,0,0,0,0,0,0,0,-14000,0,0,0,12000,26000,-14000,-14000
061998,緯穎元大9B購03  ,0,0,0,0,0,0,0,0,0,-14000,0,0,0,27000,41000,-14000,-14000
062432,上銀元大9B購04  ,0,0,0,0,0,0,0,0,0,-14000,0,0,0,50000,64000,-14000,-14000
063234,國巨元大9C購03  ,0,0,0,0,0,0,0,0,0,-14000,0,0,0,1000,15000,-14000,-14000
063442,金像電統一01購01,0,0,0,0,0,0,0,0,0,-14000,0,0,0,31000,45000,-14000,-14000
08029P,臺股指元大9B售36,0,0,0,0,0,0,0,0,0,-14000,0,0,0,0,14000,-14000,-14000
6674,鋐寶科技        ,10000,24000,-14000,0,0,0,0,0,0,0,0,0,0,0,0,0,-14000
064546,燿華凱基02購01  ,0,0,0,0,0,0,0,0,0,-15000,0,0,0,6000,21000,-15000,-15000
064737,中石化國票01購01,0,0,0,0,0,0,0,0,0,-15000,0,0,0,18000,33000,-15000,-15000
065126,世芯永豐9C購02  ,0,0,0,0,0,0,0,0,0,-15000,0,0,0,14000,29000,-15000,-15000
065616,臺股指元大9C購34,0,0,0,0,0,0,0,0,0,-15000,0,0,0,0,15000,-15000,-15000
07203P,T50正2凱基9C售02,0,0,0,0,0,0,0,0,0,-15000,0,0,0,0,15000,-15000,-15000
07352P,台積電國票99售11,0,0,0,0,0,0,0,0,0,-15000,0,0,0,0,15000,-15000,-15000
07284P,大立光凱基99售10,0,0,0,0,0,0,0,0,0,-15000,0,0,0,0,15000,-15000,-15000
07388P,臺股指群益9C售07,0,0,0,0,0,0,0,0,0,-15000,0,0,0,0,15000,-15000,-15000
06885P,國巨國票99售06  ,0,0,0,0,0,0,0,0,0,-15000,0,0,0,0,15000,-15000,-15000
07081P,南電群益9A售01  ,0,0,0,0,0,0,0,0,0,-15000,0,0,0,90000,105000,-15000,-15000
07523P,台積電中信9C售05,0,0,0,0,0,0,0,0,0,-15000,0,0,0,0,15000,-15000,-15000
066179,智伸科凱基01購01,0,0,0,0,0,0,0,0,0,-15000,0,0,0,0,15000,-15000,-15000
066267,強茂元大01購02  ,0,0,0,0,0,0,0,0,0,-15000,0,0,0,0,15000,-15000,-15000
065767,T50反1國票03購01,0,0,0,0,0,0,0,0,0,-15000,0,0,0,0,15000,-15000,-15000
060607,玉晶光凱基9A購06,0,0,0,0,0,0,0,0,0,-15000,0,0,0,0,15000,-15000,-15000
060642,華擎永豐9A購02  ,0,0,0,0,0,0,0,0,0,-15000,0,0,0,129000,144000,-15000,-15000
060448,道瓊反元大9A購04,0,0,0,0,0,0,0,0,0,-15000,0,0,0,0,15000,-15000,-15000
056849,瀚宇博元富98購01,0,0,0,0,0,0,0,0,0,-15000,0,0,0,251000,266000,-15000,-15000
056734,國巨凱基99購01  ,0,0,0,0,0,0,0,0,0,-15000,0,0,0,0,15000,-15000,-15000
056735,國巨凱基99購02  ,0,0,0,0,0,0,0,0,0,-15000,0,0,0,0,15000,-15000,-15000
057446,旺宏元富02購01  ,0,0,0,0,0,0,0,0,0,-15000,0,0,0,4000,19000,-15000,-15000
057423,台郡凱基98購06  ,0,0,0,0,0,0,0,0,0,-15000,0,0,0,110000,125000,-15000,-15000
055439,台表科國票98購02,0,0,0,0,0,0,0,0,0,-15000,0,0,0,0,15000,-15000,-15000
052618,群創國泰98購01  ,0,0,0,0,0,0,0,0,0,-15000,0,0,0,0,15000,-15000,-15000
054673,京鼎國泰98購01  ,0,0,0,0,0,0,0,0,0,-15000,0,0,0,0,15000,-15000,-15000
057741,超眾富邦98購01  ,0,0,0,0,0,0,0,0,0,-15000,0,0,0,35000,50000,-15000,-15000
061192,奇鋐永豐9A購01  ,0,0,0,0,0,0,0,0,0,-15000,0,0,0,0,15000,-15000,-15000
059634,可成凱基99購07  ,0,0,0,0,0,0,0,0,0,-15000,0,0,0,5000,20000,-15000,-15000
059629,友達凱基99購06  ,0,0,0,0,0,0,0,0,0,-15000,0,0,0,0,15000,-15000,-15000
060342,台積電統一02購01,0,0,0,0,0,0,0,0,0,-15000,0,0,0,5000,20000,-15000,-15000
058390,樺漢國票9A購01  ,0,0,0,0,0,0,0,0,0,-15000,0,0,0,25000,40000,-15000,-15000
058341,T50反1群益99購01,0,0,0,0,0,0,0,0,0,-15000,0,0,0,0,15000,-15000,-15000
059955,美食康和99購01  ,0,0,0,0,0,0,0,0,0,-15000,0,0,0,0,15000,-15000,-15000
061020,超眾國票9A購02  ,0,0,0,0,0,0,0,0,0,-15000,0,0,0,6000,21000,-15000,-15000
059821,美律凱基99購08  ,0,0,0,0,0,0,0,0,0,-15000,0,0,0,10000,25000,-15000,-15000
059814,SP黃豆凱基9A購02,0,0,0,0,0,0,0,0,0,-15000,0,0,0,45000,60000,-15000,-15000
061663,南六永豐9A購05  ,0,0,0,0,0,0,0,0,0,-15000,0,0,0,0,15000,-15000,-15000
061858,南電國票9B購02  ,0,0,0,0,0,0,0,0,0,-15000,0,0,0,0,15000,-15000,-15000
058296,明泰凱基99購01  ,0,0,0,0,0,0,0,0,0,-15000,0,0,0,10000,25000,-15000,-15000
06378P,國巨統一97售08  ,0,0,0,0,0,0,0,0,0,-15000,0,0,0,0,15000,-15000,-15000
06371P,茂林國票98售04  ,0,0,0,0,0,0,0,0,0,-15000,0,0,0,22000,37000,-15000,-15000
064319,南電群益9C購01  ,0,0,0,0,0,0,0,0,0,-15000,0,0,0,35000,50000,-15000,-15000
064238,玉晶光統一01購08,0,0,0,0,0,0,0,0,0,-15000,0,0,0,45000,60000,-15000,-15000
064095,鴻海群益01購02  ,0,0,0,0,0,0,0,0,0,-15000,0,0,0,266000,281000,-15000,-15000
063917,南六凱基02購01  ,0,0,0,0,0,0,0,0,0,-15000,0,0,0,0,15000,-15000,-15000
063948,高鐵元大9C購01  ,0,0,0,0,0,0,0,0,0,-15000,0,0,0,0,15000,-15000,-15000
063970,大立光國票01購01,0,0,0,0,0,0,0,0,0,-15000,0,0,0,0,15000,-15000,-15000
061913,宏碁中信9B購01  ,0,0,0,0,0,0,0,0,0,-15000,0,0,0,0,15000,-15000,-15000
062070,金寶元大9B購01  ,0,0,0,0,0,0,0,0,0,-15000,0,0,0,75000,90000,-15000,-15000
062161,南六凱基9C購01  ,0,0,0,0,0,0,0,0,0,-15000,0,0,0,50000,65000,-15000,-15000
062167,燿華永豐9B購01  ,0,0,0,0,0,0,0,0,0,-15000,0,0,0,1000,16000,-15000,-15000
08383P,智邦群益9C售03  ,0,0,0,0,0,0,0,0,0,-15000,0,0,0,0,15000,-15000,-15000
08459P,聯發科兆豐9C售04,0,0,0,0,0,0,0,0,0,-15000,0,0,0,0,15000,-15000,-15000
08409P,臺股指元大9C售15,0,0,0,0,0,0,0,0,0,-15000,0,0,0,5000,20000,-15000,-15000
08427P,義隆國票9C售01  ,0,0,0,0,0,0,0,0,0,-15000,0,0,0,15000,30000,-15000,-15000
2722,夏都            ,17000,32000,-15000,0,0,0,0,0,0,0,0,0,0,0,0,0,-15000
2536,宏普            ,164000,181000,-17000,0,0,0,0,0,0,2000,2000,0,2000,0,0,0,-15000
3008,大立光          ,468713,496290,-27577,0,0,0,30500,1000,29500,-17000,40000,47000,-7000,3000,13000,-10000,-15077
065969,台積電元大01購06,0,0,0,0,0,0,0,0,0,-16000,0,0,0,0,16000,-16000,-16000
06603P,立積統一99售01  ,0,0,0,0,0,0,0,0,0,-16000,0,0,0,34000,50000,-16000,-16000
066032,矽格群益01購01  ,0,0,0,0,0,0,0,0,0,-16000,0,0,0,0,16000,-16000,-16000
065921,GIS凱基01購02   ,0,0,0,0,0,0,0,0,0,-16000,0,0,0,55000,71000,-16000,-16000
066219,惠特元富01購01  ,0,0,0,0,0,0,0,0,0,-16000,0,0,0,0,16000,-16000,-16000
06633P,國巨國票99售01  ,0,0,0,0,0,0,0,0,0,-16000,0,0,0,0,16000,-16000,-16000
07009P,臺股指中信9B售01,0,0,0,0,0,0,0,0,0,-16000,0,0,0,20000,36000,-16000,-16000
065521,貿聯群益9C購04  ,0,0,0,0,0,0,0,0,0,-16000,0,0,0,11000,27000,-16000,-16000
064934,南電統一01購02  ,0,0,0,0,0,0,0,0,0,-16000,0,0,0,75000,91000,-16000,-16000
064777,南亞科群益9C購01,0,0,0,0,0,0,0,0,0,-16000,0,0,0,0,16000,-16000,-16000
053528,南電中信9A購01  ,0,0,0,0,0,0,0,0,0,-16000,0,0,0,0,16000,-16000,-16000
052994,群創台新99購01  ,0,0,0,0,0,0,0,0,0,-16000,0,0,0,24000,40000,-16000,-16000
054213,欣興國票97購04  ,0,0,0,0,0,0,0,0,0,-16000,0,0,0,36000,52000,-16000,-16000
056156,禾伸堂凱基98購04,0,0,0,0,0,0,0,0,0,-16000,0,0,0,10000,26000,-16000,-16000
061747,南亞科統一01購01,0,0,0,0,0,0,0,0,0,-16000,0,0,0,184000,200000,-16000,-16000
061613,南六統一9C購01  ,0,0,0,0,0,0,0,0,0,-16000,0,0,0,5000,21000,-16000,-16000
059129,麗豐中信99購01  ,0,0,0,0,0,0,0,0,0,-16000,0,0,0,10000,26000,-16000,-16000
059143,國巨國票9A購04  ,0,0,0,0,0,0,0,0,0,-16000,0,0,0,49000,65000,-16000,-16000
058643,T50正2富邦03購01,0,0,0,0,0,0,0,0,0,-16000,0,0,0,0,16000,-16000,-16000
060015,國巨康和99購03  ,0,0,0,0,0,0,0,0,0,-16000,0,0,0,5000,21000,-16000,-16000
059996,美律元富99購01  ,0,0,0,0,0,0,0,0,0,-16000,0,0,0,0,16000,-16000,-16000
061268,玉晶光凱基9B購04,0,0,0,0,0,0,0,0,0,-16000,0,0,0,0,16000,-16000,-16000
062096,神隆永豐9B購01  ,0,0,0,0,0,0,0,0,0,-16000,0,0,0,47000,63000,-16000,-16000
062492,牧德第一9B購01  ,0,0,0,0,0,0,0,0,0,-16000,0,0,0,499000,515000,-16000,-16000
062281,奇鋐群益9B購01  ,0,0,0,0,0,0,0,0,0,-16000,0,0,0,0,16000,-16000,-16000
063256,鴻海國泰01購02  ,0,0,0,0,0,0,0,0,0,-16000,0,0,0,55000,71000,-16000,-16000
062747,立積永豐9B購01  ,0,0,0,0,0,0,0,0,0,-16000,0,0,0,178000,194000,-16000,-16000
064014,貿聯國票01購01  ,0,0,0,0,0,0,0,0,0,-16000,0,0,0,0,16000,-16000,-16000
064039,亞德客統一02購01,0,0,0,0,0,0,0,0,0,-16000,0,0,0,31000,47000,-16000,-16000
063587,漢唐永豐9B購02  ,0,0,0,0,0,0,0,0,0,-16000,0,0,0,0,16000,-16000,-16000
08536P,台積電國票9C售08,0,0,0,0,0,0,0,0,0,-16000,0,0,0,15000,31000,-16000,-16000
08018P,牧德國票9B售04  ,0,0,0,0,0,0,0,0,0,-16000,0,0,0,81000,97000,-16000,-16000
08190P,宏達電元富9B售04,0,0,0,0,0,0,0,0,0,-16000,0,0,0,0,16000,-16000,-16000
064671,聯茂元大9C購02  ,0,0,0,0,0,0,0,0,0,-17000,0,0,0,328000,345000,-17000,-17000
065531,聯電統一01購01  ,0,0,0,0,0,0,0,0,0,-17000,0,0,0,270000,287000,-17000,-17000
065492,台灣50富邦03購02,0,0,0,0,0,0,0,0,0,-17000,0,0,0,15000,32000,-17000,-17000
065728,嘉晶凱基9C購04  ,0,0,0,0,0,0,0,0,0,-17000,0,0,0,77000,94000,-17000,-17000
065430,可成凱基02購03  ,0,0,0,0,0,0,0,0,0,-17000,0,0,0,23000,40000,-17000,-17000
066337,聯陽永豐01購02  ,0,0,0,0,0,0,0,0,0,-17000,0,0,0,0,17000,-17000,-17000
066162,泰豐凱基01購01  ,0,0,0,0,0,0,0,0,0,-17000,0,0,0,0,17000,-17000,-17000
056118,聯詠群益97購03  ,0,0,0,0,0,0,0,0,0,-17000,0,0,0,8000,25000,-17000,-17000
055910,瑞昱凱基98購01  ,0,0,0,0,0,0,0,0,0,-17000,0,0,0,39000,56000,-17000,-17000
055026,健和興國泰98購01,0,0,0,0,0,0,0,0,0,-17000,0,0,0,4000,21000,-17000,-17000
058874,聯鈞國票9A購01  ,0,0,0,0,0,0,0,0,0,-17000,0,0,0,13000,30000,-17000,-17000
058824,晶技富邦9A購01  ,0,0,0,0,0,0,0,0,0,-17000,0,0,0,3000,20000,-17000,-17000
058385,創意中信99購01  ,0,0,0,0,0,0,0,0,0,-17000,0,0,0,19000,36000,-17000,-17000
058389,聯茂國票9A購01  ,0,0,0,0,0,0,0,0,0,-17000,0,0,0,6000,23000,-17000,-17000
059391,立積凱基9A購01  ,0,0,0,0,0,0,0,0,0,-17000,0,0,0,0,17000,-17000,-17000
061047,大立光第一9A購01,0,0,0,0,0,0,0,0,0,-17000,0,0,0,0,17000,-17000,-17000
060104,新日興元大99購03,0,0,0,0,0,0,0,0,0,-17000,0,0,0,3000,20000,-17000,-17000
061848,國巨國票9B購07  ,0,0,0,0,0,0,0,0,0,-17000,0,0,0,4000,21000,-17000,-17000
058216,TPK群益99購01   ,0,0,0,0,0,0,0,0,0,-17000,0,0,0,5000,22000,-17000,-17000
063717,宏達電兆豐9B購02,0,0,0,0,0,0,0,0,0,-17000,0,0,0,14000,31000,-17000,-17000
063784,華通中信06購01  ,0,0,0,0,0,0,0,0,0,-17000,0,0,0,25000,42000,-17000,-17000
064349,泰鼎元大9C購02  ,0,0,0,0,0,0,0,0,0,-17000,0,0,0,468000,485000,-17000,-17000
062679,技嘉統一01購01  ,0,0,0,0,0,0,0,0,0,-17000,0,0,0,240000,257000,-17000,-17000
062513,玉晶光國票9C購01,0,0,0,0,0,0,0,0,0,-17000,0,0,0,5000,22000,-17000,-17000
062169,禾伸堂永豐9B購01,0,0,0,0,0,0,0,0,0,-17000,0,0,0,3000,20000,-17000,-17000
061976,國巨元大9B購01  ,0,0,0,0,0,0,0,0,0,-17000,0,0,0,43000,60000,-17000,-17000
08300P,世芯國票01售01  ,0,0,0,0,0,0,0,0,0,-17000,0,0,0,0,17000,-17000,-17000
08407P,臺股指元大9C售13,0,0,0,0,0,0,0,0,0,-17000,0,0,0,0,17000,-17000,-17000
1472,三洋紡          ,10000,28000,-18000,0,0,0,0,0,0,1000,1000,0,1000,0,0,0,-17000
6533,晶心科          ,441000,458000,-17000,0,0,0,0,0,0,0,0,0,0,0,0,0,-17000
065362,華通元大9C購06  ,0,0,0,0,0,0,0,0,0,-18000,0,0,0,191000,209000,-18000,-18000
065393,旺宏群益9C購04  ,0,0,0,0,0,0,0,0,0,-18000,0,0,0,0,18000,-18000,-18000
065159,臻鼎群益9C購02  ,0,0,0,0,0,0,0,0,0,-18000,0,0,0,145000,163000,-18000,-18000
064960,世紀鋼凱基03購01,0,0,0,0,0,0,0,0,0,-18000,0,0,0,0,18000,-18000,-18000
064833,新光金統一02購01,0,0,0,0,0,0,0,0,0,-18000,0,0,0,99000,117000,-18000,-18000
065036,世芯統一02購02  ,0,0,0,0,0,0,0,0,0,-18000,0,0,0,0,18000,-18000,-18000
054627,義隆凱基98購01  ,0,0,0,0,0,0,0,0,0,-18000,0,0,0,0,18000,-18000,-18000
056357,台積電元大9A購01,0,0,0,0,0,0,0,0,0,-18000,0,0,0,96000,114000,-18000,-18000
054161,友訊凱基98購01  ,0,0,0,0,0,0,0,0,0,-18000,0,0,0,0,18000,-18000,-18000
056842,全新元富98購01  ,0,0,0,0,0,0,0,0,0,-18000,0,0,0,0,18000,-18000,-18000
056970,TPK永豐98購01   ,0,0,0,0,0,0,0,0,0,-18000,0,0,0,43000,61000,-18000,-18000
060848,聯茂國票9A購02  ,0,0,0,0,0,0,0,0,0,-18000,0,0,0,1000,19000,-18000,-18000
061530,智邦台新9A購02  ,0,0,0,0,0,0,0,0,0,-18000,0,0,0,2000,20000,-18000,-18000
061496,華新科國票9A購07,0,0,0,0,0,0,0,0,0,-18000,0,0,0,13000,31000,-18000,-18000
061423,廣達元大9A購01  ,0,0,0,0,0,0,0,0,0,-18000,0,0,0,225000,243000,-18000,-18000
058349,滬深2X日盛9A購01,0,0,0,0,0,0,0,0,0,-18000,0,0,0,0,18000,-18000,-18000
058701,鴻海元大99購16  ,0,0,0,0,0,0,0,0,0,-18000,0,0,0,58000,76000,-18000,-18000
058174,台積電凱基9A購05,0,0,0,0,0,0,0,0,0,-18000,0,0,0,76000,94000,-18000,-18000
061295,台積電國泰9B購02,0,0,0,0,0,0,0,0,0,-18000,0,0,0,30000,48000,-18000,-18000
061109,臻鼎元大9A購03  ,0,0,0,0,0,0,0,0,0,-18000,0,0,0,86000,104000,-18000,-18000
058075,貿聯凱基99購02  ,0,0,0,0,0,0,0,0,0,-18000,0,0,0,43000,61000,-18000,-18000
06426P,T50正2元大9B售01,0,0,0,0,0,0,0,0,0,-18000,0,0,0,0,18000,-18000,-18000
064287,日月光元大9C購01,0,0,0,0,0,0,0,0,0,-18000,0,0,0,42000,60000,-18000,-18000
06446P,大立光凱基98售10,0,0,0,0,0,0,0,0,0,-18000,0,0,0,0,18000,-18000,-18000
063556,儒鴻元大9B購02  ,0,0,0,0,0,0,0,0,0,-18000,0,0,0,143000,161000,-18000,-18000
2030,彰源            ,22000,44000,-22000,0,0,0,0,0,0,4000,4000,0,4000,0,0,0,-18000
2493,揚博            ,156000,187000,-31000,0,0,0,0,0,0,13000,14000,1000,13000,0,0,0,-18000
08623P,健策群益01售04  ,0,0,0,0,0,0,0,0,0,-18000,0,0,0,0,18000,-18000,-18000
08610P,鴻海凱基9C售05  ,0,0,0,0,0,0,0,0,0,-18000,0,0,0,46000,64000,-18000,-18000
08175P,金像電統一9B售02,0,0,0,0,0,0,0,0,0,-18000,0,0,0,0,18000,-18000,-18000
064897,宏達電群益9C購02,0,0,0,0,0,0,0,0,0,-19000,0,0,0,263000,282000,-19000,-19000
064701,巨大群益9C購02  ,0,0,0,0,0,0,0,0,0,-19000,0,0,0,0,19000,-19000,-19000
064754,漢唐凱基02購01  ,0,0,0,0,0,0,0,0,0,-19000,0,0,0,1000,20000,-19000,-19000
064799,裕隆元大9C購02  ,0,0,0,0,0,0,0,0,0,-19000,0,0,0,81000,100000,-19000,-19000
066174,京鼎凱基01購01  ,0,0,0,0,0,0,0,0,0,-19000,0,0,0,4000,23000,-19000,-19000
07031P,台灣50中信03售02,0,0,0,0,0,0,0,0,0,-19000,0,0,0,7000,26000,-19000,-19000
07972P,大立光統一9C售05,0,0,0,0,0,0,0,0,0,-19000,0,0,0,33000,52000,-19000,-19000
054237,茂林群益97購01  ,0,0,0,0,0,0,0,0,0,-19000,0,0,0,1000,20000,-19000,-19000
055330,上銀兆豐98購02  ,0,0,0,0,0,0,0,0,0,-19000,0,0,0,1000,20000,-19000,-19000
051603,深中小群益99購03,0,0,0,0,0,0,0,0,0,-19000,0,0,0,11000,30000,-19000,-19000
03033X,元展30          ,0,0,0,0,0,0,0,0,0,-19000,0,0,0,2000,21000,-19000,-19000
056427,上銀凱基98購03  ,0,0,0,0,0,0,0,0,0,-19000,0,0,0,0,19000,-19000,-19000
05721P,全新群益98售02  ,0,0,0,0,0,0,0,0,0,-19000,0,0,0,0,19000,-19000,-19000
060370,滬深2X元富04購01,0,0,0,0,0,0,0,0,0,-19000,0,0,0,11000,30000,-19000,-19000
061471,台積電元大9A購31,0,0,0,0,0,0,0,0,0,-19000,0,0,0,63000,82000,-19000,-19000
061547,禾伸堂群益9A購01,0,0,0,0,0,0,0,0,0,-19000,0,0,0,0,19000,-19000,-19000
059214,國巨元大99購20  ,0,0,0,0,0,0,0,0,0,-19000,0,0,0,25000,44000,-19000,-19000
059241,旺宏凱基99購07  ,0,0,0,0,0,0,0,0,0,-19000,0,0,0,0,19000,-19000,-19000
063567,漢唐元大9B購03  ,0,0,0,0,0,0,0,0,0,-19000,0,0,0,23000,42000,-19000,-19000
063700,台積電群益9B購09,0,0,0,0,0,0,0,0,0,-19000,0,0,0,56000,75000,-19000,-19000
063604,群創凱基01購02  ,0,0,0,0,0,0,0,0,0,-19000,0,0,0,91000,110000,-19000,-19000
061923,友達凱基9B購04  ,0,0,0,0,0,0,0,0,0,-19000,0,0,0,1000,20000,-19000,-19000
08397P,國巨元富9C售04  ,0,0,0,0,0,0,0,0,0,-19000,0,0,0,21000,40000,-19000,-19000
07988P,台積電台新9C售03,0,0,0,0,0,0,0,0,0,-20000,0,0,0,0,20000,-20000,-20000
07994P,臺股指群益9B售04,0,0,0,0,0,0,0,0,0,-20000,0,0,0,120000,140000,-20000,-20000
07575P,瑞昱元大9A售02  ,0,0,0,0,0,0,0,0,0,-20000,0,0,0,0,20000,-20000,-20000
07650P,台灣50中信9A售01,0,0,0,0,0,0,0,0,0,-20000,0,0,0,0,20000,-20000,-20000
07627P,超眾凱基9A售02  ,0,0,0,0,0,0,0,0,0,-20000,0,0,0,0,20000,-20000,-20000
07805P,義隆永豐9A售02  ,0,0,0,0,0,0,0,0,0,-20000,0,0,0,0,20000,-20000,-20000
07734P,台積電富邦9C售10,0,0,0,0,0,0,0,0,0,-20000,0,0,0,0,20000,-20000,-20000
06912P,台光電元大99售02,0,0,0,0,0,0,0,0,0,-20000,0,0,0,0,20000,-20000,-20000
07083P,台積電統一9A售06,0,0,0,0,0,0,0,0,0,-20000,0,0,0,0,20000,-20000,-20000
07037P,台積電台新99售03,0,0,0,0,0,0,0,0,0,-20000,0,0,0,0,20000,-20000,-20000
07053P,台灣50兆豐01售01,0,0,0,0,0,0,0,0,0,-20000,0,0,0,0,20000,-20000,-20000
07379P,大立光元大99售30,0,0,0,0,0,0,0,0,0,-20000,0,0,0,0,20000,-20000,-20000
066221,康友台新01購01  ,0,0,0,0,0,0,0,0,0,-20000,0,0,0,0,20000,-20000,-20000
066235,大毅富邦04購01  ,0,0,0,0,0,0,0,0,0,-20000,0,0,0,0,20000,-20000,-20000
06705P,臻鼎元富98售03  ,0,0,0,0,0,0,0,0,0,-20000,0,0,0,10000,30000,-20000,-20000
06739P,聯詠兆豐98售02  ,0,0,0,0,0,0,0,0,0,-20000,0,0,0,0,20000,-20000,-20000
065915,聯發科凱基01購09,0,0,0,0,0,0,0,0,0,-20000,0,0,0,0,20000,-20000,-20000
065747,華通元大9C購07  ,0,0,0,0,0,0,0,0,0,-20000,0,0,0,5000,25000,-20000,-20000
065836,T50反1元大9C購11,0,0,0,0,0,0,0,0,0,-20000,0,0,0,0,20000,-20000,-20000
06491P,台積電富邦99售02,0,0,0,0,0,0,0,0,0,-20000,0,0,0,0,20000,-20000,-20000
065133,SP黃豆凱基02購01,0,0,0,0,0,0,0,0,0,-20000,0,0,0,300000,320000,-20000,-20000
06525P,上証2X國泰99售01,0,0,0,0,0,0,0,0,0,-20000,0,0,0,0,20000,-20000,-20000
065691,國巨群益9C購16  ,0,0,0,0,0,0,0,0,0,-20000,0,0,0,1000,21000,-20000,-20000
065693,國巨群益9C購18  ,0,0,0,0,0,0,0,0,0,-20000,0,0,0,1000,21000,-20000,-20000
056380,麗豐元富98購01  ,0,0,0,0,0,0,0,0,0,-20000,0,0,0,0,20000,-20000,-20000
056356,台積電元大99購01,0,0,0,0,0,0,0,0,0,-20000,0,0,0,216000,236000,-20000,-20000
053651,台光電凱基98購01,0,0,0,0,0,0,0,0,0,-20000,0,0,0,0,20000,-20000,-20000
053488,中石化兆豐97購01,0,0,0,0,0,0,0,0,0,-20000,0,0,0,0,20000,-20000,-20000
053412,台達電國票97購02,0,0,0,0,0,0,0,0,0,-20000,0,0,0,0,20000,-20000,-20000
053438,玉晶光麥證97購02,0,0,0,0,20000,-20000,0,0,0,-20000,0,0,0,0,20000,-20000,-20000
054760,台化國票9A購01  ,0,0,0,0,0,0,0,0,0,-20000,0,0,0,0,20000,-20000,-20000
054557,臻鼎凱基98購01  ,0,0,0,0,0,0,0,0,0,-20000,0,0,0,0,20000,-20000,-20000
054572,國巨元大98購03  ,0,0,0,0,0,0,0,0,0,-20000,0,0,0,0,20000,-20000,-20000
055080,正崴中信99購01  ,0,0,0,0,0,0,0,0,0,-20000,0,0,0,0,20000,-20000,-20000
055572,鴻海統一98購04  ,0,0,0,0,0,0,0,0,0,-20000,0,0,0,35000,55000,-20000,-20000
051970,元黃金凱基98購01,0,0,0,0,0,0,0,0,0,-20000,0,0,0,0,20000,-20000,-20000
046937,聯電元大99購01  ,0,0,0,0,0,0,0,0,0,-20000,0,0,0,0,20000,-20000,-20000
050672,上証2X富邦97購01,0,0,0,0,0,0,0,0,0,-20000,0,0,0,0,20000,-20000,-20000
049636,上証反凱基9A購01,0,0,0,0,0,0,0,0,0,-20000,0,0,0,0,20000,-20000,-20000
055320,建準國票98購01  ,0,0,0,0,0,0,0,0,0,-20000,0,0,0,0,20000,-20000,-20000
054107,上銀凱基97購01  ,0,0,0,0,0,0,0,0,0,-20000,0,0,0,10000,30000,-20000,-20000
054111,緯穎凱基97購01  ,0,0,0,0,0,0,0,0,0,-20000,0,0,0,0,20000,-20000,-20000
054273,宏達電中信98購01,0,0,0,0,0,0,0,0,0,-20000,0,0,0,0,20000,-20000,-20000
054280,牧德群益98購01  ,0,0,0,0,0,0,0,0,0,-20000,0,0,0,0,20000,-20000,-20000
060463,台積電元大9A購10,0,0,0,0,0,0,0,0,0,-20000,0,0,0,0,20000,-20000,-20000
056872,旺宏凱基98購08  ,0,0,0,0,0,0,0,0,0,-20000,0,0,0,0,20000,-20000,-20000
056936,禾伸堂元富98購01,0,0,0,0,0,0,0,0,0,-20000,0,0,0,0,20000,-20000,-20000
056508,揚明光永豐98購01,0,0,0,0,0,0,0,0,0,-20000,0,0,0,0,20000,-20000,-20000
056444,南亞科凱基99購01,0,0,0,0,0,0,0,0,0,-20000,0,0,0,0,20000,-20000,-20000
056484,聯茂元大98購02  ,0,0,0,0,0,0,0,0,0,-20000,0,0,0,0,20000,-20000,-20000
056068,欣興元大97購05  ,0,0,0,0,0,0,0,0,0,-20000,0,0,0,32000,52000,-20000,-20000
056066,奇鋐元大98購02  ,0,0,0,0,0,0,0,0,0,-20000,0,0,0,0,20000,-20000,-20000
057420,美食凱基98購01  ,0,0,0,0,0,0,0,0,0,-20000,0,0,0,0,20000,-20000,-20000
057433,上銀國票98購04  ,0,0,0,0,0,0,0,0,0,-20000,0,0,0,0,20000,-20000,-20000
057406,茂林群益98購03  ,0,0,0,0,0,0,0,0,0,-20000,0,0,0,0,20000,-20000,-20000
056623,禾伸堂永豐98購01,0,0,0,0,0,0,0,0,0,-20000,0,0,0,0,20000,-20000,-20000
059275,可成元大99購05  ,0,0,0,0,0,0,0,0,0,-20000,0,0,0,0,20000,-20000,-20000
059826,欣興凱基99購06  ,0,0,0,0,0,0,0,0,0,-20000,0,0,0,0,20000,-20000,-20000
058987,華新科凱基9B購01,0,0,0,0,0,0,0,0,0,-20000,0,0,0,40000,60000,-20000,-20000
059925,可成國泰9B購01  ,0,0,0,0,0,0,0,0,0,-20000,0,0,0,37000,57000,-20000,-20000
061490,茂林兆豐9B購01  ,0,0,0,0,0,0,0,0,0,-20000,0,0,0,0,20000,-20000,-20000
060260,京鼎凱基9C購01  ,0,0,0,0,0,0,0,0,0,-20000,0,0,0,0,20000,-20000,-20000
060182,旺宏元富9A購01  ,0,0,0,0,0,0,0,0,0,-20000,0,0,0,0,20000,-20000,-20000
061702,奇鋐國票9A購02  ,0,0,0,0,0,0,0,0,0,-20000,0,0,0,38000,58000,-20000,-20000
061684,T50反1群益9A購06,0,0,0,0,0,0,0,0,0,-20000,0,0,0,0,20000,-20000,-20000
061403,滬深2X國票9A購06,0,0,0,0,0,0,0,0,0,-20000,0,0,0,0,20000,-20000,-20000
061404,臺指反國票04購01,0,0,0,0,0,0,0,0,0,-20000,0,0,0,0,20000,-20000,-20000
061566,華通元大9A購10  ,0,0,0,0,0,0,0,0,0,-20000,0,0,0,0,20000,-20000,-20000
061557,台積電國票9C購02,0,0,0,0,0,0,0,0,0,-20000,0,0,0,0,20000,-20000,-20000
06037P,超眾國票98售02  ,0,0,0,0,0,0,0,0,0,-20000,0,0,0,47000,67000,-20000,-20000
060399,康友國票9A購02  ,0,0,0,0,0,0,0,0,0,-20000,0,0,0,0,20000,-20000,-20000
058746,華通凱基9A購02  ,0,0,0,0,0,0,0,0,0,-20000,0,0,0,10000,30000,-20000,-20000
058739,喬山中信99購01  ,0,0,0,0,0,0,0,0,0,-20000,0,0,0,0,20000,-20000,-20000
057997,旺宏第一9C購01  ,0,0,0,0,0,0,0,0,0,-20000,0,0,0,100000,120000,-20000,-20000
060031,旭富永豐99購02  ,0,0,0,0,0,0,0,0,0,-20000,0,0,0,0,20000,-20000,-20000
058811,台積電統一9A購05,0,0,0,0,0,0,0,0,0,-20000,0,0,0,0,20000,-20000,-20000
059744,禾伸堂元富99購02,0,0,0,0,0,0,0,0,0,-20000,0,0,0,0,20000,-20000,-20000
059746,聯鈞元富99購03  ,0,0,0,0,0,0,0,0,0,-20000,0,0,0,0,20000,-20000,-20000
059788,華新科元大9A購05,0,0,0,0,0,0,0,0,0,-20000,0,0,0,0,20000,-20000,-20000
061267,玉山金凱基9B購01,0,0,0,0,0,0,0,0,0,-20000,0,0,0,0,20000,-20000,-20000
061240,華新科兆豐9A購01,0,0,0,0,0,0,0,0,0,-20000,0,0,0,0,20000,-20000,-20000
061243,麗豐兆豐9A購01  ,0,0,0,0,0,0,0,0,0,-20000,0,0,0,0,20000,-20000,-20000
058666,上証反群益01購01,0,0,0,0,0,0,0,0,0,-20000,0,0,0,0,20000,-20000,-20000
058669,上銀群益99購01  ,0,0,0,0,0,0,0,0,0,-20000,0,0,0,3000,23000,-20000,-20000
058662,禾伸堂兆豐99購01,0,0,0,0,0,0,0,0,0,-20000,0,0,0,0,20000,-20000,-20000
058320,華新科永豐99購02,0,0,0,0,0,0,0,0,0,-20000,0,0,0,40000,60000,-20000,-20000
058396,力山元大99購01  ,0,0,0,0,0,0,0,0,0,-20000,0,0,0,0,20000,-20000,-20000
061931,力山國票9B購02  ,0,0,0,0,0,0,0,0,0,-20000,0,0,0,0,20000,-20000,-20000
061974,光寶科元大9B購01,0,0,0,0,0,0,0,0,0,-20000,0,0,0,0,20000,-20000,-20000
062111,台勝科國票9B購01,0,0,0,0,0,0,0,0,0,-20000,0,0,0,0,20000,-20000,-20000
062583,鴻海統一9C購12  ,0,0,0,0,0,0,0,0,0,-20000,0,0,0,0,20000,-20000,-20000
062307,華通凱基9C購01  ,0,0,0,0,0,0,0,0,0,-20000,0,0,0,70000,90000,-20000,-20000
062422,億光統一01購01  ,0,0,0,0,0,0,0,0,0,-20000,0,0,0,0,20000,-20000,-20000
062795,國巨統一9B購15  ,0,0,0,0,0,0,0,0,0,-20000,0,0,0,1000,21000,-20000,-20000
063188,TPK凱基9B購01   ,0,0,0,0,0,0,0,0,0,-20000,0,0,0,121000,141000,-20000,-20000
063621,華新科兆豐9B購02,0,0,0,0,0,0,0,0,0,-20000,0,0,0,0,20000,-20000,-20000
063811,亞德客群益9C購01,0,0,0,0,0,0,0,0,0,-20000,0,0,0,0,20000,-20000,-20000
063889,滬深2X群益02購01,0,0,0,0,0,0,0,0,0,-20000,0,0,0,0,20000,-20000,-20000
063825,道瓊銀國票01購01,0,0,0,0,0,0,0,0,0,-20000,0,0,0,0,20000,-20000,-20000
064425,華新科兆豐9C購01,0,0,0,0,0,0,0,0,0,-20000,0,0,0,0,20000,-20000,-20000
063939,上銀元大9C購04  ,0,0,0,0,0,0,0,0,0,-20000,0,0,0,0,20000,-20000,-20000
08587P,聯發科中信01售05,0,0,0,0,0,0,0,0,0,-20000,0,0,0,0,20000,-20000,-20000
08690P,友訊中信05售03  ,0,0,0,0,0,0,0,0,0,-20000,0,0,0,0,20000,-20000,-20000
08684P,禾伸堂凱基01售01,0,0,0,0,0,0,0,0,0,-20000,0,0,0,0,20000,-20000,-20000
08649P,聯發科元大9C售21,0,0,0,0,0,0,0,0,0,-20000,0,0,0,0,20000,-20000,-20000
08145P,台灣50群益9B售11,0,0,0,0,0,0,0,0,0,-20000,0,0,0,70000,90000,-20000,-20000
08307P,台積電凱基9C售03,0,0,0,0,0,0,0,0,0,-20000,0,0,0,0,20000,-20000,-20000
08382P,國巨群益01售02  ,0,0,0,0,0,0,0,0,0,-20000,0,0,0,10000,30000,-20000,-20000
08363P,南亞科凱基01售01,0,0,0,0,0,0,0,0,0,-20000,0,0,0,71000,91000,-20000,-20000
08319P,台積電統一9C售11,0,0,0,0,0,0,0,0,0,-20000,0,0,0,0,20000,-20000,-20000
065702,聯發科群益9C購14,0,0,0,0,0,0,0,0,0,-21000,0,0,0,42000,63000,-21000,-21000
065644,義隆元大9C購08  ,0,0,0,0,0,0,0,0,0,-21000,0,0,0,15000,36000,-21000,-21000
065515,大立光群益02購01,0,0,0,0,0,0,0,0,0,-21000,0,0,0,0,21000,-21000,-21000
064860,聯發科富邦03購01,0,0,0,0,0,0,0,0,0,-21000,0,0,0,4000,25000,-21000,-21000
065945,鴻海統一02購01  ,0,0,0,0,0,0,0,0,0,-21000,0,0,0,0,21000,-21000,-21000
066293,惠特元大02購01  ,0,0,0,0,0,0,0,0,0,-21000,0,0,0,0,21000,-21000,-21000
07338P,滬深2X凱基99售02,0,0,0,0,0,0,0,0,0,-21000,0,0,0,0,21000,-21000,-21000
07758P,台積電國票9A售06,0,0,0,0,0,0,0,0,0,-21000,0,0,0,0,21000,-21000,-21000
057442,玉晶光統一98購03,0,0,0,0,0,0,0,0,0,-21000,0,0,0,35000,56000,-21000,-21000
056135,緯創元大98購01  ,0,0,0,0,0,0,0,0,0,-21000,0,0,0,13000,34000,-21000,-21000
056745,聯茂凱基99購03  ,0,0,0,0,0,0,0,0,0,-21000,0,0,0,2000,23000,-21000,-21000
060637,玉晶光永豐9A購03,0,0,0,0,0,0,0,0,0,-21000,0,0,0,18000,39000,-21000,-21000
03682C,臺股指凱基9C牛07,0,0,0,0,0,0,0,0,0,-21000,0,0,0,21000,42000,-21000,-21000
054916,聯發科凱基98購04,0,0,0,0,0,0,0,0,0,-21000,0,0,0,9000,30000,-21000,-21000
058455,玉晶光永豐99購03,0,0,0,0,0,0,0,0,0,-21000,0,0,0,1000,22000,-21000,-21000
061794,國巨永豐9B購01  ,0,0,0,0,0,0,0,0,0,-21000,0,0,0,4000,25000,-21000,-21000
060194,旭富元富9A購01  ,0,0,0,0,0,0,0,0,0,-21000,0,0,0,5000,26000,-21000,-21000
060219,聯發科凱基9A購09,0,0,0,0,0,0,0,0,0,-21000,0,0,0,0,21000,-21000,-21000
061439,寶成凱基9A購01  ,0,0,0,0,0,0,0,0,0,-21000,0,0,0,33000,54000,-21000,-21000
059952,旺宏康和99購01  ,0,0,0,0,0,0,0,0,0,-21000,0,0,0,0,21000,-21000,-21000
060913,宏達電元大9A購03,0,0,0,0,0,0,0,0,0,-21000,0,0,0,165000,186000,-21000,-21000
059230,滬深2X國票9B購02,0,0,0,0,0,0,0,0,0,-21000,0,0,0,0,21000,-21000,-21000
063967,華新科國票01購01,0,0,0,0,0,0,0,0,0,-21000,0,0,0,0,21000,-21000,-21000
064042,國巨統一9C購12  ,0,0,0,0,0,0,0,0,0,-21000,0,0,0,50000,71000,-21000,-21000
064192,巨大中信9C購01  ,0,0,0,0,0,0,0,0,0,-21000,0,0,0,58000,79000,-21000,-21000
064416,南亞科中信01購01,0,0,0,0,0,0,0,0,0,-21000,0,0,0,0,21000,-21000,-21000
062947,國巨富邦01購01  ,0,0,0,0,0,0,0,0,0,-21000,0,0,0,80000,101000,-21000,-21000
062967,上銀元富9B購01  ,0,0,0,0,0,0,0,0,0,-21000,0,0,0,115000,136000,-21000,-21000
062979,茂林元富9B購01  ,0,0,0,0,0,0,0,0,0,-21000,0,0,0,10000,31000,-21000,-21000
062641,瀚宇博國票9B購01,0,0,0,0,0,0,0,0,0,-21000,0,0,0,94000,115000,-21000,-21000
062499,鴻海群益01購01  ,0,0,0,0,0,0,0,0,0,-21000,0,0,0,63000,84000,-21000,-21000
062172,南六永豐9B購01  ,0,0,0,0,0,0,0,0,0,-21000,0,0,0,47000,68000,-21000,-21000
08350P,臺股指中信9C售06,0,0,0,0,0,0,0,0,0,-21000,0,0,0,0,21000,-21000,-21000
08455P,台積電凱基9C售05,0,0,0,0,0,0,0,0,0,-21000,0,0,0,5000,26000,-21000,-21000
07371P,滬深2X元大99售07,0,0,0,0,0,0,0,0,0,-22000,0,0,0,0,22000,-22000,-22000
07058P,台積電凱基9A售07,0,0,0,0,0,0,0,0,0,-22000,0,0,0,0,22000,-22000,-22000
07014P,華通元大99售04  ,0,0,0,0,0,0,0,0,0,-22000,0,0,0,0,22000,-22000,-22000
066030,超眾群益01購01  ,0,0,0,0,0,0,0,0,0,-22000,0,0,0,13000,35000,-22000,-22000
065805,京鼎群益01購01  ,0,0,0,0,0,0,0,0,0,-22000,0,0,0,29000,51000,-22000,-22000
065512,友訊群益01購01  ,0,0,0,0,0,0,0,0,0,-22000,0,0,0,20000,42000,-22000,-22000
065699,南亞科群益9C購02,0,0,0,0,0,0,0,0,0,-22000,0,0,0,10000,32000,-22000,-22000
065404,玉晶光國泰02購03,0,0,0,0,0,0,0,0,0,-22000,0,0,0,351000,373000,-22000,-22000
055621,國巨國泰98購03  ,0,0,0,0,0,0,0,0,0,-22000,0,0,0,0,22000,-22000,-22000
00742,新光內需收益    ,0,0,0,0,0,0,0,0,0,-22000,250000,250000,0,639000,661000,-22000,-22000
060569,台積電永豐9A購01,0,0,0,0,0,0,0,0,0,-22000,0,0,0,22000,44000,-22000,-22000
056986,超眾群益98購03  ,0,0,0,0,0,0,0,0,0,-22000,0,0,0,109000,131000,-22000,-22000
057589,超眾國票9A購01  ,0,0,0,0,0,0,0,0,0,-22000,0,0,0,4000,26000,-22000,-22000
059470,華新科元大99購16,0,0,0,0,0,0,0,0,0,-22000,0,0,0,0,22000,-22000,-22000
059327,南茂元大99購01  ,0,0,0,0,0,0,0,0,0,-22000,0,0,0,10000,32000,-22000,-22000
058372,欣興凱基99購03  ,0,0,0,0,0,0,0,0,0,-22000,0,0,0,0,22000,-22000,-22000
059947,貿聯永豐99購03  ,0,0,0,0,0,0,0,0,0,-22000,0,0,0,37000,59000,-22000,-22000
059103,旭富元富99購03  ,0,0,0,0,0,0,0,0,0,-22000,0,0,0,0,22000,-22000,-22000
061633,統一元大9A購01  ,0,0,0,0,0,0,0,0,0,-22000,0,0,0,34000,56000,-22000,-22000
061296,台積電國泰9C購01,0,0,0,0,0,0,0,0,0,-22000,0,0,0,53000,75000,-22000,-22000
058875,台表科國票9A購02,0,0,0,0,0,0,0,0,0,-22000,0,0,0,13000,35000,-22000,-22000
060009,南亞科群益99購03,0,0,0,0,0,0,0,0,0,-22000,0,0,0,0,22000,-22000,-22000
062927,同欣電國票9B購02,0,0,0,0,0,0,0,0,0,-22000,0,0,0,36000,58000,-22000,-22000
063714,超眾凱基9B購03  ,0,0,0,0,0,0,0,0,0,-22000,0,0,0,44000,66000,-22000,-22000
08608P,臺股指富邦9C售06,0,0,0,0,0,0,0,0,0,-22000,0,0,0,0,22000,-22000,-22000
08365P,貿聯凱基9C售01  ,0,0,0,0,0,0,0,0,0,-22000,0,0,0,0,22000,-22000,-22000
08062P,華擎國票9B售03  ,0,0,0,0,0,0,0,0,0,-22000,0,0,0,0,22000,-22000,-22000
065424,華新凱基02購01  ,0,0,0,0,0,0,0,0,0,-23000,0,0,0,69000,92000,-23000,-23000
064994,南電兆豐01購01  ,0,0,0,0,0,0,0,0,0,-23000,0,0,0,113000,136000,-23000,-23000
064757,義隆凱基01購02  ,0,0,0,0,0,0,0,0,0,-23000,0,0,0,89000,112000,-23000,-23000
06699P,台積電統一98售11,0,0,0,0,0,0,0,0,0,-23000,0,0,0,0,23000,-23000,-23000
07134P,臺股指元大9A售28,0,0,0,0,0,0,0,0,0,-23000,0,0,0,63000,86000,-23000,-23000
057003,立積國票98購01  ,0,0,0,0,0,0,0,0,0,-23000,0,0,0,48000,71000,-23000,-23000
020011,統一微波高息20N ,0,0,0,0,0,0,0,0,0,-23000,0,0,0,16000,39000,-23000,-23000
052299,T50反1台新05購03,0,0,0,0,0,0,0,0,0,-23000,0,0,0,0,23000,-23000,-23000
059630,美律凱基99購07  ,0,0,0,0,0,0,0,0,0,-23000,0,0,0,2000,25000,-23000,-23000
060350,元黃金元富9B購01,0,0,0,0,0,0,0,0,0,-23000,0,0,0,0,23000,-23000,-23000
058068,旺宏凱基98購11  ,0,0,0,0,0,0,0,0,0,-23000,0,0,0,32000,55000,-23000,-23000
061294,奇力新麥證9A購01,0,0,0,0,23000,-23000,0,0,0,-23000,0,0,0,0,23000,-23000,-23000
061750,台達電台新9B購01,0,0,0,0,0,0,0,0,0,-23000,0,0,0,15000,38000,-23000,-23000
058289,奇鋐國票9A購01  ,0,0,0,0,0,0,0,0,0,-23000,0,0,0,0,23000,-23000,-23000
060915,旭富元大9A購01  ,0,0,0,0,0,0,0,0,0,-23000,0,0,0,123000,146000,-23000,-23000
063730,台積電元大9B購09,0,0,0,0,0,0,0,0,0,-23000,0,0,0,28000,51000,-23000,-23000
062552,南電永豐9B購01  ,0,0,0,0,0,0,0,0,0,-23000,0,0,0,0,23000,-23000,-23000
08388P,台灣50中信03售09,0,0,0,0,0,0,0,0,0,-23000,0,0,0,0,23000,-23000,-23000
2476,鉅祥            ,44000,67000,-23000,0,0,0,0,0,0,0,0,0,0,0,0,0,-23000
5283,禾聯碩          ,13000,16000,-3000,0,0,0,0,20000,-20000,0,0,0,0,0,0,0,-23000
06916P,聯鈞元富98售02  ,0,0,0,0,0,0,0,0,0,-24000,0,0,0,0,24000,-24000,-24000
065832,貿聯凱基02購03  ,0,0,0,0,0,0,0,0,0,-24000,0,0,0,66000,90000,-24000,-24000
064732,GIS統一01購03   ,0,0,0,0,0,0,0,0,0,-24000,0,0,0,118000,142000,-24000,-24000
064508,力成元大9C購03  ,0,0,0,0,0,0,0,0,0,-24000,0,0,0,83000,107000,-24000,-24000
065108,建準國票01購01  ,0,0,0,0,0,0,0,0,0,-24000,0,0,0,40000,64000,-24000,-24000
065320,技嘉凱基9C購02  ,0,0,0,0,0,0,0,0,0,-24000,0,0,0,84000,108000,-24000,-24000
00757,統一FANG+       ,0,0,0,0,0,0,0,0,0,-24000,0,0,0,210000,234000,-24000,-24000
056791,嘉聯益群益98購01,0,0,0,0,0,0,0,0,0,-24000,0,0,0,13000,37000,-24000,-24000
056041,禾伸堂凱基98購03,0,0,0,0,0,0,0,0,0,-24000,0,0,0,0,24000,-24000,-24000
056325,群創兆豐9A購01  ,0,0,0,0,0,0,0,0,0,-24000,0,0,0,35000,59000,-24000,-24000
060946,世紀鋼國票9A購02,0,0,0,0,0,0,0,0,0,-24000,0,0,0,54000,78000,-24000,-24000
06105P,國巨國票98售02  ,0,0,0,0,0,0,0,0,0,-24000,0,0,0,38000,62000,-24000,-24000
058143,瑞儀元大99購02  ,0,0,0,0,0,0,0,0,0,-24000,0,0,0,0,24000,-24000,-24000
058550,南亞科永豐99購01,0,0,0,0,0,0,0,0,0,-24000,0,0,0,0,24000,-24000,-24000
058402,欣興元大99購04  ,0,0,0,0,0,0,0,0,0,-24000,0,0,0,22000,46000,-24000,-24000
058963,華新科兆豐99購05,0,0,0,0,0,0,0,0,0,-24000,0,0,0,0,24000,-24000,-24000
058688,矽創凱基9A購01  ,0,0,0,0,0,0,0,0,0,-24000,0,0,0,108000,132000,-24000,-24000
062034,同欣電群益9B購01,0,0,0,0,0,0,0,0,0,-24000,0,0,0,102000,126000,-24000,-24000
062862,瑞儀國票9B購01  ,0,0,0,0,0,0,0,0,0,-24000,0,0,0,6000,30000,-24000,-24000
063206,貿聯統一9C購02  ,0,0,0,0,0,0,0,0,0,-24000,0,0,0,203000,227000,-24000,-24000
063198,仁寶統一01購02  ,0,0,0,0,0,0,0,0,0,-24000,0,0,0,175000,199000,-24000,-24000
063741,GIS元大9B購04   ,0,0,0,0,0,0,0,0,0,-24000,0,0,0,122000,146000,-24000,-24000
063574,茂林元大9B購07  ,0,0,0,0,0,0,0,0,0,-24000,0,0,0,25000,49000,-24000,-24000
063552,晶技國票9B購03  ,0,0,0,0,0,0,0,0,0,-24000,0,0,0,0,24000,-24000,-24000
064296,奇鋐國票01購01  ,0,0,0,0,0,0,0,0,0,-24000,0,0,0,16000,40000,-24000,-24000
064197,智伸科群益9C購01,0,0,0,0,0,0,0,0,0,-24000,0,0,0,40000,64000,-24000,-24000
064020,華通元大01購01  ,0,0,0,0,0,0,0,0,0,-24000,0,0,0,85000,109000,-24000,-24000
5434,崇越            ,302000,337000,-35000,0,0,0,0,0,0,11000,12000,23000,-11000,22000,0,22000,-24000
00700,富邦恒生國企    ,0,0,0,0,0,0,0,0,0,-24088,0,0,0,107912,132000,-24088,-24088
065303,國泰金元富9C購01,0,0,0,0,0,0,0,0,0,-25000,0,0,0,38000,63000,-25000,-25000
065676,臻鼎凱基9C購04  ,0,0,0,0,0,0,0,0,0,-25000,0,0,0,118000,143000,-25000,-25000
065655,緯穎元大9C購05  ,0,0,0,0,0,0,0,0,0,-25000,0,0,0,32000,57000,-25000,-25000
064742,奇鋐國票01購02  ,0,0,0,0,0,0,0,0,0,-25000,0,0,0,0,25000,-25000,-25000
066014,嘉晶元富07購01  ,0,0,0,0,0,0,0,0,0,-25000,0,0,0,0,25000,-25000,-25000
066190,惠特凱基01購01  ,0,0,0,0,0,0,0,0,0,-25000,0,0,0,0,25000,-25000,-25000
066069,英業達凱基02購01,0,0,0,0,0,0,0,0,0,-25000,0,0,0,0,25000,-25000,-25000
07416P,台積電元大99售53,0,0,0,0,0,0,0,0,0,-25000,0,0,0,100000,125000,-25000,-25000
07459P,緯穎元大9A售01  ,0,0,0,0,0,0,0,0,0,-25000,0,0,0,20000,45000,-25000,-25000
07293P,臺股指凱基99售45,0,0,0,0,0,0,0,0,0,-25000,0,0,0,0,25000,-25000,-25000
07749P,台郡凱基9A售01  ,0,0,0,0,0,0,0,0,0,-25000,0,0,0,15000,40000,-25000,-25000
07527P,台灣50凱基9B售02,0,0,0,0,0,0,0,0,0,-25000,0,0,0,150000,175000,-25000,-25000
07935P,臺股指國票9B售07,0,0,0,0,0,0,0,0,0,-25000,0,0,0,0,25000,-25000,-25000
07869P,台灣50群益9C售04,0,0,0,0,0,0,0,0,0,-25000,0,0,0,0,25000,-25000,-25000
054479,緯創中信98購01  ,0,0,0,0,0,0,0,0,0,-25000,0,0,0,10000,35000,-25000,-25000
054587,玉晶光國泰99購01,0,0,0,0,0,0,0,0,0,-25000,0,0,0,6000,31000,-25000,-25000
053523,T50反1中信9A購01,0,0,0,0,0,0,0,0,0,-25000,0,0,0,0,25000,-25000,-25000
056355,台積電元大98購08,0,0,0,0,0,0,0,0,0,-25000,0,0,0,0,25000,-25000,-25000
056233,超眾凱基97購02  ,0,0,0,0,0,0,0,0,0,-25000,0,0,0,10000,35000,-25000,-25000
057575,世紀鋼永豐98購02,0,0,0,0,0,0,0,0,0,-25000,0,0,0,5000,30000,-25000,-25000
057389,玉晶光永豐98購06,0,0,0,0,0,0,0,0,0,-25000,0,0,0,71000,96000,-25000,-25000
056930,晶豪科台新98購01,0,0,0,0,0,0,0,0,0,-25000,0,0,0,0,25000,-25000,-25000
060855,華新科富邦01購01,0,0,0,0,0,0,0,0,0,-25000,0,0,0,15000,40000,-25000,-25000
060734,華通統一9C購01  ,0,0,0,0,0,0,0,0,0,-25000,0,0,0,0,25000,-25000,-25000
058640,台灣50麥證9A購01,0,0,0,0,25000,-25000,0,0,0,-25000,0,0,0,0,25000,-25000,-25000
057858,T50正2康和98購01,0,0,0,0,0,0,0,0,0,-25000,0,0,0,0,25000,-25000,-25000
061071,復盛凱基9A購01  ,0,0,0,0,0,0,0,0,0,-25000,0,0,0,40000,65000,-25000,-25000
060389,世紀鋼凱基9B購02,0,0,0,0,0,0,0,0,0,-25000,0,0,0,0,25000,-25000,-25000
058007,南電群益98購02  ,0,0,0,0,0,0,0,0,0,-25000,0,0,0,0,25000,-25000,-25000
058019,美律凱基99購04  ,0,0,0,0,0,0,0,0,0,-25000,0,0,0,25000,50000,-25000,-25000
059643,日月光凱基99購02,0,0,0,0,0,0,0,0,0,-25000,0,0,0,3000,28000,-25000,-25000
059802,上証2X元富99購02,0,0,0,0,0,0,0,0,0,-25000,0,0,0,0,25000,-25000,-25000
059162,國巨凱基99購12  ,0,0,0,0,0,0,0,0,0,-25000,0,0,0,30000,55000,-25000,-25000
059347,京鼎凱基99購02  ,0,0,0,0,0,0,0,0,0,-25000,0,0,0,5000,30000,-25000,-25000
061655,微星國票9A購01  ,0,0,0,0,0,0,0,0,0,-25000,0,0,0,15000,40000,-25000,-25000
064024,漢唐元大9C購01  ,0,0,0,0,0,0,0,0,0,-25000,0,0,0,0,25000,-25000,-25000
063995,健鼎群益9C購01  ,0,0,0,0,0,0,0,0,0,-25000,0,0,0,64000,89000,-25000,-25000
064141,國巨統一01購08  ,0,0,0,0,0,0,0,0,0,-25000,0,0,0,9000,34000,-25000,-25000
063535,聯發科統一9B購13,0,0,0,0,0,0,0,0,0,-25000,0,0,0,0,25000,-25000,-25000
063584,南六國泰01購01  ,0,0,0,0,0,0,0,0,0,-25000,0,0,0,0,25000,-25000,-25000
063516,香港反凱基03購01,0,0,0,0,0,0,0,0,0,-25000,0,0,0,70000,95000,-25000,-25000
063839,華通元大9C購02  ,0,0,0,0,0,0,0,0,0,-25000,0,0,0,25000,50000,-25000,-25000
063644,祥碩元大9B購10  ,0,0,0,0,0,0,0,0,0,-25000,0,0,0,72000,97000,-25000,-25000
062987,祥碩中信01購01  ,0,0,0,0,0,0,0,0,0,-25000,0,0,0,16000,41000,-25000,-25000
063081,技嘉凱基9B購02  ,0,0,0,0,0,0,0,0,0,-25000,0,0,0,114000,139000,-25000,-25000
061929,嘉澤凱基9B購01  ,0,0,0,0,0,0,0,0,0,-25000,0,0,0,50000,75000,-25000,-25000
062237,緯創凱基9B購01  ,0,0,0,0,0,0,0,0,0,-25000,0,0,0,5000,30000,-25000,-25000
6215,和椿            ,45000,77000,-32000,0,0,0,0,0,0,7000,7000,0,7000,0,0,0,-25000
08685P,南電凱基01售03  ,0,0,0,0,0,0,0,0,0,-25000,0,0,0,0,25000,-25000,-25000
08487P,同欣電群益01售01,0,0,0,0,0,0,0,0,0,-25000,0,0,0,10000,35000,-25000,-25000
2383,台光電          ,1509020,1270000,239020,0,0,0,0,42000,-42000,-223000,18000,207000,-189000,22000,56000,-34000,-25980
07770P,台積電國票9A售07,0,0,0,0,0,0,0,0,0,-26000,0,0,0,0,26000,-26000,-26000
066275,台勝科元大01購01,0,0,0,0,0,0,0,0,0,-26000,0,0,0,0,26000,-26000,-26000
065980,中租元大02購01  ,0,0,0,0,0,0,0,0,0,-26000,0,0,0,19000,45000,-26000,-26000
064747,彩晶國票01購01  ,0,0,0,0,0,0,0,0,0,-26000,0,0,0,0,26000,-26000,-26000
064843,巨大統一02購01  ,0,0,0,0,0,0,0,0,0,-26000,0,0,0,0,26000,-26000,-26000
065576,泰鼎群益9C購02  ,0,0,0,0,0,0,0,0,0,-26000,0,0,0,0,26000,-26000,-26000
060708,康友富邦9B購01  ,0,0,0,0,0,0,0,0,0,-26000,0,0,0,14000,40000,-26000,-26000
057042,台積電元大98購10,0,0,0,0,0,0,0,0,0,-26000,0,0,0,27000,53000,-26000,-26000
061528,超眾凱基9A購04  ,0,0,0,0,0,0,0,0,0,-26000,0,0,0,8000,34000,-26000,-26000
059877,康控凱基99購05  ,0,0,0,0,0,0,0,0,0,-26000,0,0,0,19000,45000,-26000,-26000
059677,大立光台新99購01,0,0,0,0,0,0,0,0,0,-26000,0,0,0,30000,56000,-26000,-26000
059673,玉山金元富99購01,0,0,0,0,0,0,0,0,0,-26000,0,0,0,3000,29000,-26000,-26000
058802,矽創元大99購02  ,0,0,0,0,0,0,0,0,0,-26000,0,0,0,145000,171000,-26000,-26000
057887,智原群益98購04  ,0,0,0,0,0,0,0,0,0,-26000,0,0,0,25000,51000,-26000,-26000
057903,聯鈞永豐99購01  ,0,0,0,0,0,0,0,0,0,-26000,0,0,0,54000,80000,-26000,-26000
057945,京鼎國票99購03  ,0,0,0,0,0,0,0,0,0,-26000,0,0,0,52000,78000,-26000,-26000
058625,旺宏國票9A購01  ,0,0,0,0,0,0,0,0,0,-26000,0,0,0,15000,41000,-26000,-26000
058513,宏達電元大99購05,0,0,0,0,0,0,0,0,0,-26000,0,0,0,116000,142000,-26000,-26000
062294,盛群永豐9B購01  ,0,0,0,0,0,0,0,0,0,-26000,0,0,0,0,26000,-26000,-26000
063013,技嘉元大9B購02  ,0,0,0,0,0,0,0,0,0,-26000,0,0,0,103000,129000,-26000,-26000
063273,緯穎兆豐9C購01  ,0,0,0,0,0,0,0,0,0,-26000,0,0,0,52000,78000,-26000,-26000
063192,技嘉台新9B購01  ,0,0,0,0,0,0,0,0,0,-26000,0,0,0,39000,65000,-26000,-26000
062938,聯發科凱基9B購10,0,0,0,0,0,0,0,0,0,-26000,0,0,0,14000,40000,-26000,-26000
062805,台勝科統一9C購01,0,0,0,0,0,0,0,0,0,-26000,0,0,0,100000,126000,-26000,-26000
063382,南茂永豐9B購01  ,0,0,0,0,0,0,0,0,0,-26000,0,0,0,82000,108000,-26000,-26000
063428,矽創凱基9B購02  ,0,0,0,0,0,0,0,0,0,-26000,0,0,0,89000,115000,-26000,-26000
063349,台郡統一9C購01  ,0,0,0,0,0,0,0,0,0,-26000,0,0,0,4000,30000,-26000,-26000
063293,億豐元大9B購01  ,0,0,0,0,0,0,0,0,0,-26000,0,0,0,0,26000,-26000,-26000
064203,康控兆豐9C購02  ,0,0,0,0,0,0,0,0,0,-26000,0,0,0,0,26000,-26000,-26000
064041,國巨統一01購07  ,0,0,0,0,0,0,0,0,0,-26000,0,0,0,3000,29000,-26000,-26000
08077P,亞德客國票9B售02,0,0,0,0,0,0,0,0,0,-26000,0,0,0,24000,50000,-26000,-26000
08084P,台表科元大9B售06,0,0,0,0,0,0,0,0,0,-26000,0,0,0,4000,30000,-26000,-26000
08194P,同欣電國票9C售03,0,0,0,0,0,0,0,0,0,-26000,0,0,0,20000,46000,-26000,-26000
9917,中保科          ,104000,145000,-41000,0,0,0,0,2000,-2000,17000,17000,0,17000,0,0,0,-26000
065402,漢唐國泰02購01  ,0,0,0,0,0,0,0,0,0,-27000,0,0,0,16000,43000,-27000,-27000
064792,美律國票9C購01  ,0,0,0,0,0,0,0,0,0,-27000,0,0,0,0,27000,-27000,-27000
06781P,大立光元大98售19,0,0,0,0,0,0,0,0,0,-27000,0,0,0,0,27000,-27000,-27000
054803,味全元大9A購01  ,0,0,0,0,0,0,0,0,0,-27000,0,0,0,150000,177000,-27000,-27000
00684R,元大美元指數反1 ,0,0,0,0,0,0,0,0,0,-27000,0,0,0,0,27000,-27000,-27000
058931,玉晶光統一9C購01,0,0,0,0,0,0,0,0,0,-27000,0,0,0,16000,43000,-27000,-27000
058700,鴻海元大99購15  ,0,0,0,0,0,0,0,0,0,-27000,0,0,0,49000,76000,-27000,-27000
058167,鴻海凱基9A購03  ,0,0,0,0,0,0,0,0,0,-27000,0,0,0,35000,62000,-27000,-27000
057981,臻鼎永豐98購01  ,0,0,0,0,0,0,0,0,0,-27000,0,0,0,153000,180000,-27000,-27000
064492,技嘉元大9C購01  ,0,0,0,0,0,0,0,0,0,-27000,0,0,0,141000,168000,-27000,-27000
063280,燿華元大9B購05  ,0,0,0,0,0,0,0,0,0,-27000,0,0,0,73000,100000,-27000,-27000
063753,矽創國票9C購01  ,0,0,0,0,0,0,0,0,0,-27000,0,0,0,81000,108000,-27000,-27000
063799,華邦電凱基9C購02,0,0,0,0,0,0,0,0,0,-27000,0,0,0,56000,83000,-27000,-27000
062620,台表科元大9B購04,0,0,0,0,0,0,0,0,0,-27000,0,0,0,49000,76000,-27000,-27000
063008,華通元大9B購06  ,0,0,0,0,0,0,0,0,0,-27000,0,0,0,27000,54000,-27000,-27000
062238,臻鼎凱基9C購01  ,0,0,0,0,0,0,0,0,0,-27000,0,0,0,295000,322000,-27000,-27000
062165,聯茂國泰01購01  ,0,0,0,0,0,0,0,0,0,-27000,0,0,0,71000,98000,-27000,-27000
062063,世紀鋼統一9C購01,0,0,0,0,0,0,0,0,0,-27000,0,0,0,184000,211000,-27000,-27000
08360P,國巨國泰02售01  ,0,0,0,0,0,0,0,0,0,-27000,0,0,0,351000,378000,-27000,-27000
2431,聯昌            ,33000,60000,-27000,0,0,0,0,0,0,0,0,0,0,0,0,0,-27000
065953,宏達電統一03購01,0,0,0,0,0,0,0,0,0,-28000,0,0,0,43000,71000,-28000,-28000
07757P,國巨國票9B售04  ,0,0,0,0,0,0,0,0,0,-28000,0,0,0,0,28000,-28000,-28000
07005P,台積電統一9B售05,0,0,0,0,0,0,0,0,0,-28000,0,0,0,0,28000,-28000,-28000
064587,泰碩永豐9C購01  ,0,0,0,0,0,0,0,0,0,-28000,0,0,0,0,28000,-28000,-28000
064854,祥碩麥證9C購01  ,0,0,0,218000,246000,-28000,0,0,0,-28000,0,0,0,218000,246000,-28000,-28000
064904,茂林群益9C購02  ,0,0,0,0,0,0,0,0,0,-28000,0,0,0,29000,57000,-28000,-28000
064995,世紀鋼兆豐9C購01,0,0,0,0,0,0,0,0,0,-28000,0,0,0,57000,85000,-28000,-28000
065000,和大國票02購01  ,0,0,0,0,0,0,0,0,0,-28000,0,0,0,30000,58000,-28000,-28000
065185,和大統一02購05  ,0,0,0,0,0,0,0,0,0,-28000,0,0,0,21000,49000,-28000,-28000
054872,瀚宇博群益98購01,0,0,0,0,0,0,0,0,0,-28000,0,0,0,216000,244000,-28000,-28000
054758,南亞國票9A購01  ,0,0,0,0,0,0,0,0,0,-28000,0,0,0,0,28000,-28000,-28000
057267,康控兆豐99購01  ,0,0,0,0,0,0,0,0,0,-28000,0,0,0,10000,38000,-28000,-28000
057269,鈺齊兆豐98購01  ,0,0,0,0,0,0,0,0,0,-28000,0,0,0,70000,98000,-28000,-28000
056911,緯穎元大99購01  ,0,0,0,0,0,0,0,0,0,-28000,0,0,0,103000,131000,-28000,-28000
057383,玉晶光富邦9A購01,0,0,0,0,0,0,0,0,0,-28000,0,0,0,12000,40000,-28000,-28000
056268,新日興統一97購01,0,0,0,0,0,0,0,0,0,-28000,0,0,0,259000,287000,-28000,-28000
058025,聯茂國泰99購01  ,0,0,0,0,0,0,0,0,0,-28000,0,0,0,0,28000,-28000,-28000
061177,大立光凱基9A購10,0,0,0,0,0,0,0,0,0,-28000,0,0,0,37000,65000,-28000,-28000
061081,宏碁兆豐9A購01  ,0,0,0,0,0,0,0,0,0,-28000,0,0,0,271000,299000,-28000,-28000
059807,大立光元富99購09,0,17000,-17000,0,0,0,0,0,0,-11000,0,0,0,24000,35000,-11000,-28000
058344,旺宏群益99購05  ,0,0,0,0,0,0,0,0,0,-28000,0,0,0,0,28000,-28000,-28000
059348,日月光凱基99購01,0,0,0,0,0,0,0,0,0,-28000,0,0,0,0,28000,-28000,-28000
059292,華新科元富9B購02,0,0,0,0,0,0,0,0,0,-28000,0,0,0,10000,38000,-28000,-28000
060146,健策國票9A購03  ,0,0,0,0,0,0,0,0,0,-28000,0,0,0,2000,30000,-28000,-28000
062026,華邦電群益9B購01,0,0,0,0,0,0,0,0,0,-28000,0,0,0,42000,70000,-28000,-28000
062341,台表科麥證9C購01,0,0,0,10000,38000,-28000,0,0,0,-28000,0,0,0,10000,38000,-28000,-28000
063278,國巨元大9C購04  ,0,0,0,0,0,0,0,0,0,-28000,0,0,0,41000,69000,-28000,-28000
063751,祥碩國票9C購02  ,0,0,0,0,0,0,0,0,0,-28000,0,0,0,2000,30000,-28000,-28000
063404,金像電國票9B購01,0,0,0,0,0,0,0,0,0,-28000,0,0,0,10000,38000,-28000,-28000
063393,華通群益9C購05  ,0,0,0,0,0,0,0,0,0,-28000,0,0,0,30000,58000,-28000,-28000
064222,玉山金國票01購01,0,0,0,0,0,0,0,0,0,-28000,0,0,0,2000,30000,-28000,-28000
064102,宏達電群益9C購01,0,0,0,0,0,0,0,0,0,-28000,0,0,0,69000,97000,-28000,-28000
3033,威健            ,56000,30000,26000,0,0,0,0,0,0,-54000,6000,60000,-54000,0,0,0,-28000
08174P,國巨統一9B售17  ,0,0,0,0,0,0,0,0,0,-28000,0,0,0,0,28000,-28000,-28000
4916,事欣科          ,8000,54000,-46000,0,0,0,0,0,0,18000,18000,0,18000,0,0,0,-28000
065713,緯穎群益9C購04  ,0,0,0,0,0,0,0,0,0,-29000,0,0,0,10000,39000,-29000,-29000
065090,大立光元大9C購24,0,0,0,0,0,0,0,0,0,-29000,0,0,0,11000,40000,-29000,-29000
064851,勤誠元富03購01  ,0,0,0,0,0,0,0,0,0,-29000,0,0,0,95000,124000,-29000,-29000
07402P,瑞昱凱基99售02  ,0,0,0,0,0,0,0,0,0,-29000,0,0,0,13000,42000,-29000,-29000
065818,奇鋐元富9C購01  ,0,0,0,0,0,0,0,0,0,-29000,0,0,0,0,29000,-29000,-29000
065810,台表科群益9C購05,0,0,0,0,0,0,0,0,0,-29000,0,0,0,212000,241000,-29000,-29000
055917,禾伸堂凱基98購02,0,0,0,0,0,0,0,0,0,-29000,0,0,0,0,29000,-29000,-29000
056851,瑞儀元富98購01  ,0,0,0,0,0,0,0,0,0,-29000,0,0,0,11000,40000,-29000,-29000
057096,緯穎元富98購01  ,0,0,0,0,0,0,0,0,0,-29000,0,0,0,6000,35000,-29000,-29000
060846,欣興國票9A購02  ,0,0,0,0,0,0,0,0,0,-29000,0,0,0,0,29000,-29000,-29000
052754,上証2X群益9A購01,0,0,0,0,0,0,0,0,0,-29000,0,0,0,1000,30000,-29000,-29000
059121,瑞儀永豐99購01  ,0,0,0,0,0,0,0,0,0,-29000,0,0,0,0,29000,-29000,-29000
058334,鴻海元富99購05  ,0,0,0,0,0,0,0,0,0,-29000,0,0,0,0,29000,-29000,-29000
060386,台勝科凱基9B購01,0,0,0,0,0,0,0,0,0,-29000,0,0,0,0,29000,-29000,-29000
059665,嘉聯益元大99購06,0,0,0,0,0,0,0,0,0,-29000,0,0,0,0,29000,-29000,-29000
064127,聯發科元大9C購06,0,0,0,0,0,0,0,0,0,-29000,0,0,0,4000,33000,-29000,-29000
064477,南六國泰02購01  ,0,0,0,0,0,0,0,0,0,-29000,0,0,0,36000,65000,-29000,-29000
064466,聯電元富9C購01  ,0,0,0,0,0,0,0,0,0,-29000,0,0,0,255000,284000,-29000,-29000
063353,上銀元富9B購03  ,0,0,0,0,0,0,0,0,0,-29000,0,0,0,114000,143000,-29000,-29000
062363,燿華元大9B購03  ,0,0,0,0,0,0,0,0,0,-29000,0,0,0,27000,56000,-29000,-29000
062503,玉晶光群益01購03,0,0,0,0,0,0,0,0,0,-29000,0,0,0,1000,30000,-29000,-29000
5225,東科-KY         ,254000,284000,-30000,0,0,0,0,0,0,1000,1000,0,1000,0,0,0,-29000
6205,詮欣            ,88000,119000,-31000,0,0,0,0,0,0,2000,2000,0,2000,0,0,0,-29000
08257P,台積電元大9C售04,0,0,0,0,0,0,0,0,0,-29000,0,0,0,0,29000,-29000,-29000
08559P,瑞昱國票9C售01  ,0,0,0,0,0,0,0,0,0,-29000,0,0,0,0,29000,-29000,-29000
2236,百達-KY         ,6000,36000,-30000,0,0,0,0,0,0,1000,1000,0,1000,0,0,0,-29000
065780,國巨富邦03購02  ,0,0,0,0,0,0,0,0,0,-30000,0,0,0,266000,296000,-30000,-30000
065883,康友台新9C購01  ,0,0,0,0,0,0,0,0,0,-30000,0,0,0,19000,49000,-30000,-30000
06839P,玉晶光統一9A售05,0,0,0,0,0,0,0,0,0,-30000,0,0,0,0,30000,-30000,-30000
066303,泰山永豐01購01  ,0,0,0,0,0,0,0,0,0,-30000,0,0,0,0,30000,-30000,-30000
066161,力山凱基01購01  ,0,0,0,0,0,0,0,0,0,-30000,0,0,0,0,30000,-30000,-30000
066118,台郡兆豐01購01  ,0,0,0,0,0,0,0,0,0,-30000,0,0,0,0,30000,-30000,-30000
07358P,鴻海元大99售39  ,0,0,0,0,0,0,0,0,0,-30000,0,0,0,20000,50000,-30000,-30000
07466P,亞德客元大9A售02,0,0,0,0,0,0,0,0,0,-30000,0,0,0,0,30000,-30000,-30000
07265P,大立光元大99售16,0,0,0,0,0,0,0,0,0,-30000,0,0,0,100000,130000,-30000,-30000
06991P,矽創群益99售01  ,0,0,0,0,0,0,0,0,0,-30000,0,0,0,80000,110000,-30000,-30000
06965P,台積電台新99售02,0,0,0,0,0,0,0,0,0,-30000,0,0,0,0,30000,-30000,-30000
06889P,臺股指元大98售13,0,0,0,0,0,0,0,0,0,-30000,0,0,0,0,30000,-30000,-30000
07059P,華通國票9A售02  ,0,0,0,0,0,0,0,0,0,-30000,0,0,0,50000,80000,-30000,-30000
07587P,台灣50國票9A售11,0,0,0,0,0,0,0,0,0,-30000,0,0,0,10000,40000,-30000,-30000
07872P,聯發科群益9B售03,0,0,0,0,0,0,0,0,0,-30000,0,0,0,0,30000,-30000,-30000
07941P,國巨凱基9B售07  ,0,0,0,0,0,0,0,0,0,-30000,0,0,0,0,30000,-30000,-30000
07943P,瑞昱元大9B售02  ,0,0,0,0,0,0,0,0,0,-30000,0,0,0,0,30000,-30000,-30000
064773,FBVIX群益9C購05 ,0,0,0,0,0,0,0,0,0,-30000,0,0,0,0,30000,-30000,-30000
065692,國巨群益9C購17  ,0,0,0,0,0,0,0,0,0,-30000,0,0,0,1000,31000,-30000,-30000
065528,FBVIX中信04購01 ,0,0,0,0,0,0,0,0,0,-30000,0,0,0,0,30000,-30000,-30000
065453,康友統一02購02  ,0,0,0,0,0,0,0,0,0,-30000,0,0,0,0,30000,-30000,-30000
065297,旺宏統一02購01  ,0,0,0,0,0,0,0,0,0,-30000,0,0,0,20000,50000,-30000,-30000
052476,台光電群益98購01,0,0,0,0,0,0,0,0,0,-30000,0,0,0,0,30000,-30000,-30000
03688C,T50反1凱基03牛02,0,0,0,0,0,0,0,0,0,-30000,0,0,0,0,30000,-30000,-30000
053152,大立光元大99購01,0,0,0,0,0,0,0,0,0,-30000,0,0,0,0,30000,-30000,-30000
057231,美律凱基98購05  ,0,0,0,0,0,0,0,0,0,-30000,0,0,0,30000,60000,-30000,-30000
056366,玉晶光元大99購04,0,0,0,0,0,0,0,0,0,-30000,0,0,0,30000,60000,-30000,-30000
053500,新日興兆豐97購01,0,0,0,0,0,0,0,0,0,-30000,0,0,0,0,30000,-30000,-30000
053292,美律中信98購01  ,0,0,0,0,0,0,0,0,0,-30000,0,0,0,0,30000,-30000,-30000
054632,緯穎凱基9A購01  ,0,0,0,0,0,0,0,0,0,-30000,0,0,0,0,30000,-30000,-30000
054480,和碩中信98購01  ,0,0,0,0,0,0,0,0,0,-30000,0,0,0,0,30000,-30000,-30000
054799,超眾群益98購01  ,0,0,0,0,0,0,0,0,0,-30000,0,0,0,0,30000,-30000,-30000
055023,億光國泰98購01  ,0,0,0,0,0,0,0,0,0,-30000,0,0,0,0,30000,-30000,-30000
054060,晶技國票97購02  ,0,0,0,0,0,0,0,0,0,-30000,0,0,0,35000,65000,-30000,-30000
060826,牧德元大9B購02  ,0,0,0,0,0,0,0,0,0,-30000,0,0,0,0,30000,-30000,-30000
060774,南亞科凱基9A購01,0,0,0,0,0,0,0,0,0,-30000,0,0,0,0,30000,-30000,-30000
060474,中租元大9B購01  ,0,0,0,0,0,0,0,0,0,-30000,0,0,0,0,30000,-30000,-30000
057101,新光金中信9A購01,0,0,0,0,0,0,0,0,0,-30000,0,0,0,0,30000,-30000,-30000
057028,台郡凱基99購02  ,0,0,0,0,0,0,0,0,0,-30000,0,0,0,62000,92000,-30000,-30000
056012,勤誠中信99購01  ,0,0,0,0,0,0,0,0,0,-30000,0,0,0,0,30000,-30000,-30000
055891,鴻海統一9A購01  ,0,0,0,0,0,0,0,0,0,-30000,0,0,0,48000,78000,-30000,-30000
056674,華邦電元富98購01,0,0,0,0,0,0,0,0,0,-30000,0,0,0,0,30000,-30000,-30000
059654,T50反1元大99購09,0,0,0,0,0,0,0,0,0,-30000,0,0,0,0,30000,-30000,-30000
058043,鴻海元大98購13  ,0,0,0,0,0,0,0,0,0,-30000,0,0,0,45000,75000,-30000,-30000
058017,漢唐凱基99購01  ,0,0,0,0,0,0,0,0,0,-30000,0,0,0,18000,48000,-30000,-30000
061235,台積電元大9A購23,0,0,0,0,0,0,0,0,0,-30000,0,0,0,0,30000,-30000,-30000
061205,旺宏元大9A購11  ,0,0,0,0,0,0,0,0,0,-30000,0,0,0,58000,88000,-30000,-30000
061223,T50反1中信01購01,0,0,0,0,0,0,0,0,0,-30000,0,0,0,0,30000,-30000,-30000
058817,嘉聯益台新99購01,0,0,0,0,0,0,0,0,0,-30000,0,0,0,0,30000,-30000,-30000
058319,大毅永豐9A購01  ,0,0,0,0,0,0,0,0,0,-30000,0,0,0,0,30000,-30000,-30000
058656,燿華中信99購01  ,0,0,0,0,0,0,0,0,0,-30000,0,0,0,30000,60000,-30000,-30000
058422,百和麥證99購01  ,0,0,0,50000,80000,-30000,0,0,0,-30000,0,0,0,50000,80000,-30000,-30000
058504,台積電元大99購07,0,0,0,0,0,0,0,0,0,-30000,0,0,0,71000,101000,-30000,-30000
059539,緯穎凱基99購03  ,0,0,0,0,0,0,0,0,0,-30000,0,0,0,5000,35000,-30000,-30000
05952P,台積電國票97售06,0,0,0,0,0,0,0,0,0,-30000,0,0,0,3000,33000,-30000,-30000
060978,國巨元大9A購13  ,0,0,0,0,0,0,0,0,0,-30000,0,0,0,2000,32000,-30000,-30000
059358,旺宏永豐99購02  ,0,0,0,0,0,0,0,0,0,-30000,0,0,0,0,30000,-30000,-30000
059324,智易元大99購04  ,0,0,0,0,0,0,0,0,0,-30000,0,0,0,0,30000,-30000,-30000
058995,台達電元大99購01,0,0,0,0,0,0,0,0,0,-30000,0,0,0,0,30000,-30000,-30000
058996,台達電元大99購02,0,0,0,0,0,0,0,0,0,-30000,0,0,0,1000,31000,-30000,-30000
059028,嘉聯益台新99購02,0,0,0,0,0,0,0,0,0,-30000,0,0,0,0,30000,-30000,-30000
061513,華新科永豐9A購04,0,0,0,0,0,0,0,0,0,-30000,0,0,0,0,30000,-30000,-30000
058286,道瓊指國票9B購01,0,0,0,0,0,0,0,0,0,-30000,0,0,0,0,30000,-30000,-30000
058274,世紀鋼永豐99購01,0,0,0,0,0,0,0,0,0,-30000,0,0,0,10000,40000,-30000,-30000
058272,超眾永豐9A購01  ,0,0,0,0,0,0,0,0,0,-30000,0,0,0,0,30000,-30000,-30000
061817,高鐵群益9B購01  ,0,0,0,0,0,0,0,0,0,-30000,0,0,0,0,30000,-30000,-30000
062402,台勝科永豐9B購02,0,0,0,0,0,0,0,0,0,-30000,0,0,0,0,30000,-30000,-30000
062298,國巨第一9B購01  ,0,0,0,0,0,0,0,0,0,-30000,0,0,0,0,30000,-30000,-30000
062065,台灣50元大9B購14,0,0,0,0,0,0,0,0,0,-30000,0,0,0,0,30000,-30000,-30000
062145,億光國票9B購01  ,0,0,0,0,0,0,0,0,0,-30000,0,0,0,0,30000,-30000,-30000
062148,奇鋐國票9B購01  ,0,0,0,0,0,0,0,0,0,-30000,0,0,0,0,30000,-30000,-30000
063217,元金2X群益9B購03,0,0,0,0,0,0,0,0,0,-30000,0,0,0,0,30000,-30000,-30000
063096,勤誠國票9B購02  ,0,0,0,0,0,0,0,0,0,-30000,0,0,0,0,30000,-30000,-30000
062681,全新統一01購01  ,0,0,0,0,0,0,0,0,0,-30000,0,0,0,20000,50000,-30000,-30000
063344,臺企銀統一9C購01,0,0,0,0,0,0,0,0,0,-30000,0,0,0,40000,70000,-30000,-30000
063660,儒鴻統一9C購01  ,0,0,0,0,0,0,0,0,0,-30000,0,0,0,154000,184000,-30000,-30000
064420,台積電兆豐9C購03,0,0,0,0,0,0,0,0,0,-30000,0,0,0,122000,152000,-30000,-30000
064364,高鐵統一9C購02  ,0,0,0,0,0,0,0,0,0,-30000,0,0,0,0,30000,-30000,-30000
06430P,大立光元大97售16,0,0,0,0,0,0,0,0,0,-30000,0,0,0,0,30000,-30000,-30000
08507P,臺股指國票9C售08,0,0,0,0,0,0,0,0,0,-30000,0,0,0,0,30000,-30000,-30000
08453P,玉晶光台新9C售02,0,0,0,0,0,0,0,0,0,-30000,0,0,0,188000,218000,-30000,-30000
08666P,智邦國票02售01  ,0,0,0,0,0,0,0,0,0,-30000,0,0,0,10000,40000,-30000,-30000
9955,佳龍            ,64000,93000,-29000,0,0,0,0,0,0,-1000,0,1000,-1000,0,0,0,-30000
064952,國泰金凱基9C購01,0,0,0,0,0,0,0,0,0,-31000,0,0,0,5000,36000,-31000,-31000
066321,華碩永豐01購01  ,0,0,0,0,0,0,0,0,0,-31000,0,0,0,0,31000,-31000,-31000
065918,可成凱基01購01  ,0,0,0,0,0,0,0,0,0,-31000,0,0,0,1000,32000,-31000,-31000
056479,玉晶光元大99購05,0,0,0,0,0,0,0,0,0,-31000,0,0,0,9000,40000,-31000,-31000
060772,FBVIX凱基9A購03 ,0,0,0,0,0,0,0,0,0,-31000,0,0,0,23000,54000,-31000,-31000
054874,帆宣群益99購02  ,0,0,0,0,0,0,0,0,0,-31000,0,0,0,48000,79000,-31000,-31000
057667,可成元大99購01  ,0,0,0,0,0,0,0,0,0,-31000,0,0,0,0,31000,-31000,-31000
057725,台達電國泰9A購01,0,0,0,0,0,0,0,0,0,-31000,0,0,0,12000,43000,-31000,-31000
061766,華新科元大9B購02,0,0,0,0,0,0,0,0,0,-31000,0,0,0,0,31000,-31000,-31000
061402,矽創兆豐9B購01  ,0,0,0,0,0,0,0,0,0,-31000,0,0,0,1000,32000,-31000,-31000
061626,超眾群益9A購02  ,0,0,0,0,0,0,0,0,0,-31000,0,0,0,83000,114000,-31000,-31000
059058,可成凱基9B購01  ,0,0,0,0,0,0,0,0,0,-31000,0,0,0,24000,55000,-31000,-31000
058430,滬深2X統一99購02,0,0,0,0,0,0,0,0,0,-31000,0,0,0,0,31000,-31000,-31000
061266,國泰金凱基9B購01,0,0,0,0,0,0,0,0,0,-31000,0,0,0,60000,91000,-31000,-31000
061272,超眾凱基9A購03  ,0,0,0,0,0,0,0,0,0,-31000,0,0,0,0,31000,-31000,-31000
064109,上銀國票01購01  ,0,0,0,0,0,0,0,0,0,-31000,0,0,0,35000,66000,-31000,-31000
063726,鴻海元大9B購04  ,0,0,0,0,0,0,0,0,0,-31000,0,0,0,43000,74000,-31000,-31000
062824,國巨群益9C購03  ,0,0,0,0,0,0,0,0,0,-31000,0,0,0,72000,103000,-31000,-31000
062814,台光電兆豐9B購01,0,0,0,0,0,0,0,0,0,-31000,0,0,0,19000,50000,-31000,-31000
062870,亞德客兆豐9C購01,0,0,0,0,0,0,0,0,0,-31000,0,0,0,0,31000,-31000,-31000
062192,南六元大9B購01  ,0,0,0,0,0,0,0,0,0,-31000,0,0,0,12000,43000,-31000,-31000
08624P,力成群益9C售01  ,0,0,0,0,0,0,0,0,0,-31000,0,0,0,0,31000,-31000,-31000
08577P,臺指2X中信03售01,0,0,0,0,0,0,0,0,0,-31000,0,0,0,0,31000,-31000,-31000
06789P,鴻海凱基98售12  ,0,0,0,0,0,0,0,0,0,-32000,0,0,0,25000,57000,-32000,-32000
06761P,台積電元大99售05,0,0,0,0,0,0,0,0,0,-32000,0,0,0,20000,52000,-32000,-32000
066254,南帝元大01購01  ,0,0,0,0,0,0,0,0,0,-32000,0,0,0,0,32000,-32000,-32000
065130,奇鋐兆豐9C購01  ,0,0,0,0,0,0,0,0,0,-32000,0,0,0,0,32000,-32000,-32000
065206,旺宏國票01購02  ,0,0,0,0,0,0,0,0,0,-32000,0,0,0,7000,39000,-32000,-32000
065519,台勝科群益9C購02,0,0,0,0,0,0,0,0,0,-32000,0,0,0,120000,152000,-32000,-32000
054743,聯鈞凱基99購01  ,0,0,0,0,0,0,0,0,0,-32000,0,0,0,9000,41000,-32000,-32000
057534,旭富元大98購01  ,0,0,0,0,0,0,0,0,0,-32000,0,0,0,20000,52000,-32000,-32000
05750P,臺股指群益99售04,0,0,0,0,0,0,0,0,0,-32000,0,0,0,23000,55000,-32000,-32000
056455,群創凱基9A購01  ,0,0,0,0,0,0,0,0,0,-32000,0,0,0,190000,222000,-32000,-32000
061284,友達統一9C購01  ,0,0,0,0,0,0,0,0,0,-32000,0,0,0,0,32000,-32000,-32000
058182,日電貿國泰9A購01,0,0,0,0,0,0,0,0,0,-32000,0,0,0,10000,42000,-32000,-32000
059049,元油2X凱基9A購12,0,0,0,0,0,0,0,0,0,-32000,0,0,0,0,32000,-32000,-32000
060212,華航康和9A購01  ,0,0,0,0,0,0,0,0,0,-32000,0,0,0,0,32000,-32000,-32000
060340,國巨統一01購02  ,0,0,0,0,0,0,0,0,0,-32000,0,0,0,11000,43000,-32000,-32000
062378,台表科元大9C購01,0,0,0,0,0,0,0,0,0,-32000,0,0,0,19000,51000,-32000,-32000
062456,台積電群益9B購05,0,0,0,0,0,0,0,0,0,-32000,0,0,0,18000,50000,-32000,-32000
062751,華擎中信9C購01  ,0,0,0,0,0,0,0,0,0,-32000,0,0,0,198000,230000,-32000,-32000
063056,嘉澤統一9C購02  ,0,0,0,0,0,0,0,0,0,-32000,0,0,0,160000,192000,-32000,-32000
063794,亞德客凱基9C購01,0,0,0,0,0,0,0,0,0,-32000,0,0,0,50000,82000,-32000,-32000
063789,智邦台新9C購01  ,0,0,0,0,0,0,0,0,0,-32000,0,0,0,37000,69000,-32000,-32000
063441,台達電統一9C購01,0,0,0,0,0,0,0,0,0,-32000,0,0,0,165000,197000,-32000,-32000
064171,燿華元富9C購01  ,0,0,0,0,0,0,0,0,0,-32000,0,0,0,202000,234000,-32000,-32000
064260,矽創富邦9C購01  ,0,0,0,0,0,0,0,0,0,-32000,0,0,0,50000,82000,-32000,-32000
08358P,大立光元大9C售18,0,0,0,0,0,0,0,0,0,-32000,0,0,0,23000,55000,-32000,-32000
065397,宏達電群益9C購03,0,0,0,0,0,0,0,0,0,-33000,0,0,0,46000,79000,-33000,-33000
065434,台勝科凱基01購01,0,0,0,0,0,0,0,0,0,-33000,0,0,0,58000,91000,-33000,-33000
066228,嘉基國泰02購01  ,0,0,0,0,0,0,0,0,0,-33000,0,0,0,0,33000,-33000,-33000
057367,技嘉元大98購02  ,0,0,0,0,0,0,0,0,0,-33000,0,0,0,78000,111000,-33000,-33000
055707,聯鈞永豐98購01  ,0,0,0,0,0,0,0,0,0,-33000,0,0,0,61000,94000,-33000,-33000
056432,鴻海凱基98購08  ,0,0,0,0,0,0,0,0,0,-33000,0,0,0,36000,69000,-33000,-33000
055390,國巨統一98購03  ,0,0,0,0,0,0,0,0,0,-33000,0,0,0,0,33000,-33000,-33000
060293,緯創元大9A購01  ,0,0,0,0,0,0,0,0,0,-33000,0,0,0,15000,48000,-33000,-33000
061614,亞德客群益9A購01,0,0,0,0,0,0,0,0,0,-33000,0,0,0,0,33000,-33000,-33000
061851,智邦國票9B購01  ,0,0,0,0,0,0,0,0,0,-33000,0,0,0,33000,66000,-33000,-33000
059146,貿聯國票9A購02  ,0,0,0,0,0,0,0,0,0,-33000,0,0,0,10000,43000,-33000,-33000
060932,南六永豐9A購02  ,0,0,0,0,0,0,0,0,0,-33000,0,0,0,1000,34000,-33000,-33000
061336,國巨元大9A購20  ,0,0,0,0,0,0,0,0,0,-33000,0,0,0,30000,63000,-33000,-33000
058684,健策凱基99購02  ,0,0,0,0,0,0,0,0,0,-33000,0,0,0,9000,42000,-33000,-33000
060509,宏達電元大9A購02,0,0,0,0,0,0,0,0,0,-33000,0,0,0,212000,245000,-33000,-33000
064458,玉晶光統一01購09,0,0,0,0,0,0,0,0,0,-33000,0,0,0,0,33000,-33000,-33000
063495,台光電富邦9C購01,0,0,0,0,0,0,0,0,0,-33000,0,0,0,15000,48000,-33000,-33000
063289,台表科元大9B購07,0,0,0,0,0,0,0,0,0,-33000,0,0,0,80000,113000,-33000,-33000
063790,南亞科台新9C購01,0,0,0,0,0,0,0,0,0,-33000,0,0,0,0,33000,-33000,-33000
063827,國巨國票02購01  ,0,0,0,0,0,0,0,0,0,-33000,0,0,0,14000,47000,-33000,-33000
063884,台表科元富03購01,0,0,0,0,0,0,0,0,0,-33000,0,0,0,20000,53000,-33000,-33000
063180,台塑凱基9B購01  ,0,0,0,0,0,0,0,0,0,-33000,0,0,0,0,33000,-33000,-33000
063162,國喬永豐9B購01  ,0,0,0,0,0,0,0,0,0,-33000,0,0,0,0,33000,-33000,-33000
062858,微星國票9B購01  ,0,0,0,0,0,0,0,0,0,-33000,0,0,0,14000,47000,-33000,-33000
2351,順德            ,217000,103000,114000,0,0,0,0,147000,-147000,0,0,0,0,0,0,0,-33000
1608,華榮            ,294000,343000,-49000,0,0,0,0,0,0,16000,16000,0,16000,0,0,0,-33000
066007,大立光統一02購06,0,0,0,0,0,0,0,0,0,-34000,0,0,0,7000,41000,-34000,-34000
065138,上銀凱基02購01  ,0,0,0,0,0,0,0,0,0,-34000,0,0,0,0,34000,-34000,-34000
065112,台表科國票02購01,0,0,0,0,0,0,0,0,0,-34000,0,0,0,10000,44000,-34000,-34000
064911,光寶科統一02購01,0,0,0,0,0,0,0,0,0,-34000,0,0,0,32000,66000,-34000,-34000
06465P,國巨統一98售04  ,0,0,0,0,0,0,0,0,0,-34000,0,0,0,0,34000,-34000,-34000
055842,建準元大98購01  ,0,0,0,0,0,0,0,0,0,-34000,0,0,0,16000,50000,-34000,-34000
061270,彩晶凱基9A購02  ,0,0,0,0,0,0,0,0,0,-34000,0,0,0,67000,101000,-34000,-34000
059660,華新科元大9A購04,0,0,0,0,0,0,0,0,0,-34000,0,0,0,0,34000,-34000,-34000
061077,國巨兆豐9B購01  ,0,0,0,0,0,0,0,0,0,-34000,0,0,0,31000,65000,-34000,-34000
058190,貿聯永豐99購01  ,0,0,0,0,0,0,0,0,0,-34000,0,0,0,13000,47000,-34000,-34000
057859,神達康和98購01  ,0,0,0,0,0,0,0,0,0,-34000,0,0,0,75000,109000,-34000,-34000
061048,國巨中信9A購05  ,0,0,0,0,0,0,0,0,0,-34000,0,0,0,7000,41000,-34000,-34000
060254,世紀鋼元大9A購01,0,0,0,0,0,0,0,0,0,-34000,0,0,0,0,34000,-34000,-34000
062434,華通元大9B購04  ,0,0,0,0,0,0,0,0,0,-34000,0,0,0,22000,56000,-34000,-34000
062485,華通國泰01購01  ,0,0,0,0,0,0,0,0,0,-34000,0,0,0,187000,221000,-34000,-34000
062539,可成國泰01購01  ,0,0,0,0,0,0,0,0,0,-34000,0,0,0,516000,550000,-34000,-34000
061953,台積電台新9B購04,0,0,0,0,0,0,0,0,0,-34000,0,0,0,89000,123000,-34000,-34000
063603,友達凱基9B購05  ,0,0,0,0,0,0,0,0,0,-34000,0,0,0,45000,79000,-34000,-34000
063546,國巨兆豐9C購03  ,0,0,0,0,0,0,0,0,0,-34000,0,0,0,0,34000,-34000,-34000
064316,貿聯群益9C購02  ,0,0,0,0,0,0,0,0,0,-34000,0,0,0,0,34000,-34000,-34000
064863,台積電永豐9C購01,0,0,0,0,0,0,0,0,0,-35000,0,0,0,0,35000,-35000,-35000
065476,聯發科元大9C購14,0,0,0,0,0,0,0,0,0,-35000,0,0,0,16000,51000,-35000,-35000
065706,奇鋐群益9C購02  ,0,0,0,0,0,0,0,0,0,-35000,0,0,0,5000,40000,-35000,-35000
065911,超眾永豐9C購01  ,0,0,0,0,0,0,0,0,0,-35000,0,0,0,0,35000,-35000,-35000
065954,大立光統一03購01,0,0,0,0,0,0,0,0,0,-35000,0,0,0,4000,39000,-35000,-35000
066242,惠特富邦03購01  ,0,0,0,0,0,0,0,0,0,-35000,0,0,0,0,35000,-35000,-35000
066294,嘉基元大01購01  ,0,0,0,0,0,0,0,0,0,-35000,0,0,0,0,35000,-35000,-35000
066133,京元電群益01購01,0,0,0,0,0,0,0,0,0,-35000,0,0,0,0,35000,-35000,-35000
07124P,台積電元大99售21,0,0,0,0,0,0,0,0,0,-35000,0,0,0,5000,40000,-35000,-35000
07287P,全新群益9B售01  ,0,0,0,0,0,0,0,0,0,-35000,0,0,0,0,35000,-35000,-35000
056334,台積電凱基98購06,0,0,0,0,0,0,0,0,0,-35000,0,0,0,10000,45000,-35000,-35000
057600,大立光群益99購03,0,0,0,0,0,0,0,0,0,-35000,0,0,0,1000,36000,-35000,-35000
056906,玉晶光元大9B購01,0,0,0,0,0,0,0,0,0,-35000,0,0,0,189000,224000,-35000,-35000
060612,世紀鋼凱基9A購01,0,0,0,0,0,0,0,0,0,-35000,0,0,0,15000,50000,-35000,-35000
045842,T50反1台新98購01,0,0,0,0,0,0,0,0,0,-35000,0,0,0,0,35000,-35000,-35000
052385,滬深2X群益99購05,0,0,0,0,0,0,0,0,0,-35000,0,0,0,0,35000,-35000,-35000
061843,億豐凱基9C購01  ,0,0,0,0,0,0,0,0,0,-35000,0,0,0,73000,108000,-35000,-35000
061704,景碩國票9A購01  ,0,0,0,0,0,0,0,0,0,-35000,0,0,0,0,35000,-35000,-35000
059908,元金2X元大99購01,0,0,0,0,0,0,0,0,0,-35000,0,0,0,15000,50000,-35000,-35000
059053,鴻海凱基99購07  ,0,0,0,0,0,0,0,0,0,-35000,0,0,0,42000,77000,-35000,-35000
058897,國巨元大99購17  ,0,0,0,0,0,0,0,0,0,-35000,0,0,0,9000,44000,-35000,-35000
059647,超眾凱基99購04  ,0,0,0,0,0,0,0,0,0,-35000,0,0,0,15000,50000,-35000,-35000
058051,同欣電元大98購03,0,0,0,0,0,0,0,0,0,-35000,0,0,0,0,35000,-35000,-35000
064448,裕隆統一02購01  ,0,0,0,0,0,0,0,0,0,-35000,0,0,0,0,35000,-35000,-35000
063406,麗豐國票9C購01  ,0,0,0,0,0,0,0,0,0,-35000,0,0,0,32000,67000,-35000,-35000
063422,奇鋐凱基9B購04  ,0,0,0,0,0,0,0,0,0,-35000,0,0,0,31000,66000,-35000,-35000
062584,鴻海統一9C購13  ,0,0,0,0,0,0,0,0,0,-35000,0,0,0,2000,37000,-35000,-35000
062509,SP黃豆國票9B購03,0,0,0,0,0,0,0,0,0,-35000,0,0,0,0,35000,-35000,-35000
062433,上銀元大9B購05  ,0,0,0,0,0,0,0,0,0,-35000,0,0,0,13000,48000,-35000,-35000
062443,大立光元大9B購05,0,0,0,0,0,0,0,0,0,-35000,0,0,0,15000,50000,-35000,-35000
062676,南六台新9B購01  ,0,0,0,0,0,0,0,0,0,-35000,0,0,0,0,35000,-35000,-35000
08081P,台灣50元大9B售20,0,0,0,0,0,0,0,0,0,-35000,0,0,0,0,35000,-35000,-35000
08057P,京鼎群益9B售01  ,0,0,0,0,0,0,0,0,0,-35000,0,0,0,0,35000,-35000,-35000
08423P,台積電統一9C售13,0,0,0,0,0,0,0,0,0,-35000,0,0,0,0,35000,-35000,-35000
1234,黑松            ,75000,113250,-38250,0,0,0,0,0,0,3000,3000,0,3000,0,0,0,-35250
07745P,華新科凱基9A售10,0,0,0,0,0,0,0,0,0,-36000,0,0,0,5000,41000,-36000,-36000
065291,日電貿群益01購01,0,0,0,0,0,0,0,0,0,-36000,0,0,0,0,36000,-36000,-36000
060836,上銀國票9A購03  ,0,0,0,0,0,0,0,0,0,-36000,0,0,0,24000,60000,-36000,-36000
056776,聯茂元大99購01  ,0,0,0,0,0,0,0,0,0,-36000,0,0,0,0,36000,-36000,-36000
057140,宏達電兆豐98購01,0,0,0,0,0,0,0,0,0,-36000,0,0,0,0,36000,-36000,-36000
058343,台積電群益99購02,0,0,0,0,0,0,0,0,0,-36000,0,0,0,5000,41000,-36000,-36000
057840,健策富邦99購01  ,0,0,0,0,0,0,0,0,0,-36000,0,0,0,116000,152000,-36000,-36000
059189,國泰金富邦9B購01,0,0,0,0,0,0,0,0,0,-36000,0,0,0,150000,186000,-36000,-36000
061037,嘉澤永豐9A購01  ,0,0,0,0,0,0,0,0,0,-36000,0,0,0,46000,82000,-36000,-36000
063155,緯穎元富9B購03  ,0,0,0,0,0,0,0,0,0,-36000,0,0,0,1000,37000,-36000,-36000
063202,南亞科統一9C購02,0,0,0,0,0,0,0,0,0,-36000,0,0,0,119000,155000,-36000,-36000
06327P,台積電中信01售01,0,0,0,0,0,0,0,0,0,-36000,0,0,0,5000,41000,-36000,-36000
061963,台積電統一01購04,0,0,0,0,0,0,0,0,0,-36000,0,0,0,120000,156000,-36000,-36000
1439,中和            ,82000,120000,-38000,0,0,0,0,0,0,2000,2000,0,2000,0,0,0,-36000
08647P,鴻海凱基9C售06  ,0,0,0,0,0,0,0,0,0,-36000,0,0,0,54000,90000,-36000,-36000
08590P,智邦凱基9C售04  ,0,0,0,0,0,0,0,0,0,-36000,0,0,0,32000,68000,-36000,-36000
07998P,聯電凱基9C售01  ,0,0,0,0,0,0,0,0,0,-36000,0,0,0,0,36000,-36000,-36000
065182,南電元大9C購05  ,0,0,0,0,0,0,0,0,0,-37000,0,0,0,4000,41000,-37000,-37000
06568P,國巨永豐98售05  ,0,0,0,0,0,0,0,0,0,-37000,0,0,0,0,37000,-37000,-37000
065045,信邦凱基9C購01  ,0,0,0,0,0,0,0,0,0,-37000,0,0,0,52000,89000,-37000,-37000
06939P,國巨永豐98售09  ,0,0,0,0,0,0,0,0,0,-37000,0,0,0,0,37000,-37000,-37000
066178,拓凱凱基01購01  ,0,0,0,0,0,0,0,0,0,-37000,0,0,0,0,37000,-37000,-37000
066309,永光永豐01購01  ,0,0,0,0,0,0,0,0,0,-37000,0,0,0,0,37000,-37000,-37000
065920,日月光凱基02購01,0,0,0,0,0,0,0,0,0,-37000,0,0,0,4000,41000,-37000,-37000
056860,正崴群益98購01  ,0,0,0,0,0,0,0,0,0,-37000,0,0,0,0,37000,-37000,-37000
057275,友達元大9A購04  ,0,0,0,0,0,0,0,0,0,-37000,0,0,0,150000,187000,-37000,-37000
058100,聯茂國泰99購02  ,0,0,0,0,0,0,0,0,0,-37000,0,0,0,0,37000,-37000,-37000
060014,中鋼康和99購01  ,0,0,0,0,0,0,0,0,0,-37000,0,0,0,5000,42000,-37000,-37000
061145,臻鼎中信9A購02  ,0,0,0,0,0,0,0,0,0,-37000,0,0,0,43000,80000,-37000,-37000
060899,超眾凱基9A購01  ,0,0,0,0,0,0,0,0,0,-37000,0,0,0,23000,60000,-37000,-37000
063287,嘉澤元大9B購05  ,0,0,0,0,0,0,0,0,0,-37000,0,0,0,281000,318000,-37000,-37000
062850,友訊永豐9B購01  ,0,0,0,0,0,0,0,0,0,-37000,0,0,0,20000,57000,-37000,-37000
063651,金像電台新9B購01,0,0,0,0,0,0,0,0,0,-37000,0,0,0,205000,242000,-37000,-37000
063646,帆宣元大9B購02  ,0,0,0,0,0,0,0,0,0,-37000,0,0,0,12000,49000,-37000,-37000
064065,大立光富邦02購02,0,0,0,0,0,0,0,0,0,-37000,0,0,0,13000,50000,-37000,-37000
08543P,世芯國票01售02  ,0,0,0,0,0,0,0,0,0,-37000,0,0,0,4000,41000,-37000,-37000
066331,東森永豐01購01  ,0,0,0,0,0,0,0,0,0,-38000,0,0,0,0,38000,-38000,-38000
064745,聯鈞國票01購01  ,0,0,0,0,0,0,0,0,0,-38000,0,0,0,109000,147000,-38000,-38000
065695,友訊群益01購02  ,0,0,0,0,0,0,0,0,0,-38000,0,0,0,0,38000,-38000,-38000
065176,玉晶光元大01購04,0,0,0,0,0,0,0,0,0,-38000,0,0,0,71000,109000,-38000,-38000
065435,臻鼎凱基02購01  ,0,0,0,0,0,0,0,0,0,-38000,0,0,0,80000,118000,-38000,-38000
057645,華新科元大99購11,0,0,0,0,0,0,0,0,0,-38000,0,0,0,0,38000,-38000,-38000
057542,上銀凱基99購01  ,0,0,0,0,0,0,0,0,0,-38000,0,0,0,0,38000,-38000,-38000
057328,京鼎群益99購02  ,0,0,0,0,0,0,0,0,0,-38000,0,0,0,7000,45000,-38000,-38000
056603,嘉聯益國泰9A購01,0,0,0,0,0,0,0,0,0,-38000,0,0,0,0,38000,-38000,-38000
057861,台積電凱基98購16,0,0,0,0,0,0,0,0,0,-38000,0,0,0,59000,97000,-38000,-38000
061306,瑞祺永豐9A購02  ,0,0,0,0,0,0,0,0,0,-38000,0,0,0,371000,409000,-38000,-38000
060097,華新科元大99購23,0,0,0,0,0,0,0,0,0,-38000,0,0,0,0,38000,-38000,-38000
059062,群創凱基99購05  ,0,0,0,0,0,0,0,0,0,-38000,0,0,0,111000,149000,-38000,-38000
064224,玉晶光國票01購04,0,0,0,0,0,0,0,0,0,-38000,0,0,0,24000,62000,-38000,-38000
064387,GIS富邦9C購01   ,0,0,0,0,0,0,0,0,0,-38000,0,0,0,455000,493000,-38000,-38000
063594,上銀中信9C購01  ,0,0,0,0,0,0,0,0,0,-38000,0,0,0,0,38000,-38000,-38000
063501,旭富永豐9B購02  ,0,0,0,0,0,0,0,0,0,-38000,0,0,0,47000,85000,-38000,-38000
063480,南六元大9C購01  ,0,0,0,0,0,0,0,0,0,-38000,0,0,0,68000,106000,-38000,-38000
063182,國巨凱基9B購10  ,0,0,0,0,0,0,0,0,0,-38000,0,0,0,22000,60000,-38000,-38000
062004,國巨國泰9C購03  ,0,0,0,0,0,0,0,0,0,-38000,0,0,0,4000,42000,-38000,-38000
08586P,台積電第一9C售02,0,0,0,0,0,0,0,0,0,-38000,0,0,0,1000,39000,-38000,-38000
064905,嘉聯益群益9C購01,0,0,0,0,0,0,0,0,0,-39000,0,0,0,0,39000,-39000,-39000
065748,台積電元大01購05,0,0,0,0,0,0,0,0,0,-39000,0,0,0,65000,104000,-39000,-39000
055817,京鼎國票99購01  ,0,0,0,0,0,0,0,0,0,-39000,0,0,0,10000,49000,-39000,-39000
060731,奇力新群益9A購01,0,0,0,0,0,0,0,0,0,-39000,0,0,0,0,39000,-39000,-39000
03451B,臺股指凱基9C熊23,0,0,0,0,0,0,0,0,0,-39000,0,0,0,8000,47000,-39000,-39000
055420,欣興永豐98購01  ,0,0,0,0,0,0,0,0,0,-39000,0,0,0,1000,40000,-39000,-39000
059054,國巨凱基99購11  ,0,0,0,0,0,0,0,0,0,-39000,0,0,0,83000,122000,-39000,-39000
058361,美律凱基99購06  ,0,0,0,0,0,0,0,0,0,-39000,0,0,0,26000,65000,-39000,-39000
058983,旺宏凱基99購05  ,0,0,0,0,0,0,0,0,0,-39000,0,0,0,0,39000,-39000,-39000
061740,華新科凱基03購01,0,0,0,0,0,0,0,0,0,-39000,0,0,0,2000,41000,-39000,-39000
062340,力成麥證9B購01  ,0,0,0,7000,46000,-39000,0,0,0,-39000,0,0,0,7000,46000,-39000,-39000
063315,京元電群益9B購03,0,0,0,0,0,0,0,0,0,-39000,0,0,0,51000,90000,-39000,-39000
063346,TPK統一9C購01   ,0,0,0,0,0,0,0,0,0,-39000,0,0,0,10000,49000,-39000,-39000
064389,台泥永豐9C購01  ,0,0,0,0,0,0,0,0,0,-39000,0,0,0,40000,79000,-39000,-39000
064390,台塑永豐9C購01  ,0,0,0,0,0,0,0,0,0,-39000,0,0,0,10000,49000,-39000,-39000
063988,華通永豐9C購01  ,0,0,0,0,0,0,0,0,0,-39000,0,0,0,53000,92000,-39000,-39000
6670,復盛應用        ,182000,216000,-34000,0,0,0,0,0,0,-5000,1000,1000,0,1000,6000,-5000,-39000
06752P,訊芯凱基98售05  ,0,0,0,0,0,0,0,0,0,-40000,0,0,0,0,40000,-40000,-40000
066176,華擎凱基01購01  ,0,0,0,0,0,0,0,0,0,-40000,0,0,0,0,40000,-40000,-40000
07023P,南電永豐99售02  ,0,0,0,0,0,0,0,0,0,-40000,0,0,0,0,40000,-40000,-40000
07387P,臺股指群益99售25,0,0,0,0,0,0,0,0,0,-40000,0,0,0,120000,160000,-40000,-40000
07939P,台積電統一9B售14,0,0,0,0,0,0,0,0,0,-40000,0,0,0,0,40000,-40000,-40000
07995P,臺股指麥證9C售01,0,0,0,0,40000,-40000,0,0,0,-40000,0,0,0,0,40000,-40000,-40000
064938,華新科元富9C購01,0,0,0,0,0,0,0,0,0,-40000,0,0,0,5000,45000,-40000,-40000
064689,台積電群益9C購09,0,0,0,0,0,0,0,0,0,-40000,0,0,0,10000,50000,-40000,-40000
065140,國巨凱基01購02  ,0,0,0,0,0,0,0,0,0,-40000,0,0,0,33000,73000,-40000,-40000
052730,華新科國泰98購01,0,0,0,0,0,0,0,0,0,-40000,0,0,0,0,40000,-40000,-40000
01001T,土銀富邦R1      ,0,0,0,0,0,0,0,0,0,-40000,0,40000,-40000,0,0,0,-40000
00702,國泰標普低波高息,13000,0,13000,0,0,0,0,0,0,-53000,0,0,0,12000,65000,-53000,-40000
057770,亞德客群益98購01,0,0,0,0,0,0,0,0,0,-40000,0,0,0,0,40000,-40000,-40000
053291,旺宏中信9A購01  ,20000,10000,10000,0,0,0,0,0,0,-50000,0,0,0,0,50000,-50000,-40000
053323,群創群益98購07  ,0,0,0,0,0,0,0,0,0,-40000,0,0,0,0,40000,-40000,-40000
05348P,美律元富98售01  ,0,0,0,0,0,0,0,0,0,-40000,0,0,0,50000,90000,-40000,-40000
053569,漢唐統一98購01  ,0,0,0,0,0,0,0,0,0,-40000,0,0,0,0,40000,-40000,-40000
055002,群創元富99購04  ,0,0,0,0,0,0,0,0,0,-40000,0,0,0,0,40000,-40000,-40000
060737,瑞儀統一9C購01  ,0,0,0,0,0,0,0,0,0,-40000,0,0,0,0,40000,-40000,-40000
056991,牧德兆豐98購01  ,0,0,0,0,0,0,0,0,0,-40000,0,0,0,0,40000,-40000,-40000
057069,台積電永豐98購02,0,0,0,0,0,0,0,0,0,-40000,0,0,0,10000,50000,-40000,-40000
056787,健鼎群益98購01  ,0,0,0,0,0,0,0,0,0,-40000,0,0,0,0,40000,-40000,-40000
056621,宏達電永豐98購01,0,0,0,0,0,0,0,0,0,-40000,0,0,0,12000,52000,-40000,-40000
056330,玉晶光國票99購03,0,0,0,0,0,0,0,0,0,-40000,0,0,0,0,40000,-40000,-40000
056213,建準國票98購02  ,0,0,0,0,0,0,0,0,0,-40000,0,0,0,0,40000,-40000,-40000
061834,華新科凱基02購02,0,0,0,0,0,0,0,0,0,-40000,0,0,0,50000,90000,-40000,-40000
061612,南六統一9A購01  ,0,0,0,0,0,0,0,0,0,-40000,0,0,0,11000,51000,-40000,-40000
060151,旺宏富邦9A購02  ,0,0,0,0,0,0,0,0,0,-40000,0,0,0,0,40000,-40000,-40000
060154,堤維西永豐9A購01,0,0,0,0,0,0,0,0,0,-40000,0,0,0,0,40000,-40000,-40000
059850,日電貿永豐99購01,0,0,0,0,0,0,0,0,0,-40000,0,0,0,0,40000,-40000,-40000
059855,緯穎永豐99購04  ,0,0,0,0,0,0,0,0,0,-40000,0,0,0,0,40000,-40000,-40000
059870,全新凱基99購05  ,0,0,0,0,0,0,0,0,0,-40000,0,0,0,30000,70000,-40000,-40000
059195,國巨永豐99購04  ,0,0,0,0,0,0,0,0,0,-40000,0,0,0,3000,43000,-40000,-40000
059247,可成凱基99購05  ,0,0,0,0,0,0,0,0,0,-40000,0,0,0,0,40000,-40000,-40000
059569,旺宏凱基99購09  ,0,0,0,0,0,0,0,0,0,-40000,0,0,0,0,40000,-40000,-40000
059919,宏達電元大99購06,0,0,0,0,0,0,0,0,0,-40000,0,0,0,115000,155000,-40000,-40000
061365,國巨國票9B購05  ,0,0,0,0,0,0,0,0,0,-40000,0,0,0,5000,45000,-40000,-40000
061354,瑞儀元大9A購01  ,0,0,0,0,0,0,0,0,0,-40000,0,0,0,0,40000,-40000,-40000
057882,華通群益9A購03  ,0,0,0,0,0,0,0,0,0,-40000,0,0,0,18000,58000,-40000,-40000
060552,群創凱基9B購05  ,0,0,0,0,0,0,0,0,0,-40000,0,0,0,59000,99000,-40000,-40000
064484,元金2X元大9C購02,0,0,0,0,0,0,0,0,0,-40000,0,0,0,0,40000,-40000,-40000
064277,可成元大9C購04  ,0,0,0,0,0,0,0,0,0,-40000,0,0,0,88000,128000,-40000,-40000
063489,新日興國泰01購01,0,0,0,0,0,0,0,0,0,-40000,0,0,0,14000,54000,-40000,-40000
062190,瀚宇博元大9B購01,0,0,0,0,0,0,0,0,0,-40000,0,0,0,379000,419000,-40000,-40000
063085,嘉澤凱基9C購01  ,0,0,0,0,0,0,0,0,0,-40000,0,0,0,110000,150000,-40000,-40000
062630,全新國票9B購02  ,0,0,0,0,0,0,0,0,0,-40000,0,0,0,20000,60000,-40000,-40000
5521,工信            ,329000,370000,-41000,0,0,0,0,0,0,1000,1000,0,1000,0,0,0,-40000
08441P,同欣電元富9C售01,0,0,0,0,0,0,0,0,0,-40000,0,0,0,96000,136000,-40000,-40000
07997P,上銀凱基9B售04  ,0,0,0,0,0,0,0,0,0,-40000,0,0,0,0,40000,-40000,-40000
08252P,台積電國票9C售06,0,0,0,0,0,0,0,0,0,-40000,0,0,0,0,40000,-40000,-40000
1529,樂士            ,50000,91000,-41000,0,0,0,0,0,0,1000,1000,0,1000,0,0,0,-40000
065704,華新科群益9C購05,0,0,0,0,0,0,0,0,0,-41000,0,0,0,0,41000,-41000,-41000
065513,旺宏群益9C購05  ,0,0,0,0,0,0,0,0,0,-41000,0,0,0,1000,42000,-41000,-41000
06548P,大立光元大98售10,0,0,0,0,0,0,0,0,0,-41000,0,0,0,0,41000,-41000,-41000
066209,聯鈞統一03購01  ,0,0,0,0,0,0,0,0,0,-41000,0,0,0,27000,68000,-41000,-41000
066003,台表科國票02購02,0,0,0,0,0,0,0,0,0,-41000,0,0,0,2000,43000,-41000,-41000
055974,上銀統一97購05  ,0,0,0,0,0,0,0,0,0,-41000,0,0,0,53000,94000,-41000,-41000
057499,奇鋐群益98購01  ,0,0,0,0,0,0,0,0,0,-41000,0,0,0,0,41000,-41000,-41000
057537,聯茂元大98購04  ,0,0,0,0,0,0,0,0,0,-41000,0,0,0,0,41000,-41000,-41000
054884,友達統一99購01  ,0,0,0,0,0,0,0,0,0,-41000,0,0,0,0,41000,-41000,-41000
052326,滬深反中信99購01,0,0,0,0,0,0,0,0,0,-41000,0,0,0,0,41000,-41000,-41000
00645,富邦日本        ,0,0,0,0,0,0,0,0,0,-41000,0,0,0,101000,142000,-41000,-41000
061271,聯茂凱基9A購04  ,0,0,0,0,0,0,0,0,0,-41000,0,0,0,89000,130000,-41000,-41000
058107,全新台新99購01  ,0,0,0,0,0,0,0,0,0,-41000,0,0,0,0,41000,-41000,-41000
058833,台表科永豐99購01,0,0,0,0,0,0,0,0,0,-41000,0,0,0,4000,45000,-41000,-41000
058651,FBVIX中信9C購01 ,0,0,0,0,0,0,0,0,0,-41000,0,0,0,40000,81000,-41000,-41000
061054,台積電群益9A購04,0,0,0,0,0,0,0,0,0,-41000,0,0,0,19000,60000,-41000,-41000
060089,台積電元大99購54,0,0,0,0,0,0,0,0,0,-41000,0,0,0,0,41000,-41000,-41000
059488,大立光兆豐99購03,0,0,0,0,0,0,0,0,0,-41000,0,0,0,10000,51000,-41000,-41000
08452P,智邦台新9C售05  ,0,0,0,0,0,0,0,0,0,-41000,0,0,0,44000,85000,-41000,-41000
065968,國巨元大02購01  ,0,0,0,0,0,0,0,0,0,-42000,0,0,0,11000,53000,-42000,-42000
065792,TPK永豐9C購02   ,0,0,0,0,0,0,0,0,0,-42000,0,0,0,7000,49000,-42000,-42000
07898P,國巨國泰9C售02  ,0,0,0,0,0,0,0,0,0,-42000,0,0,0,41000,83000,-42000,-42000
06997P,台灣50中信03售01,0,0,0,0,0,0,0,0,0,-42000,0,0,0,54000,96000,-42000,-42000
07088P,訊芯永豐99售02  ,0,0,0,0,0,0,0,0,0,-42000,0,0,0,0,42000,-42000,-42000
065293,玉晶光群益01購07,0,0,0,0,0,0,0,0,0,-42000,0,0,0,3000,45000,-42000,-42000
055265,玉晶光永豐98購03,0,0,0,0,0,0,0,0,0,-42000,0,0,0,165000,207000,-42000,-42000
055102,上銀凱基98購01  ,0,0,0,0,0,0,0,0,0,-42000,0,0,0,42000,84000,-42000,-42000
057202,TPK元富98購02   ,0,0,0,0,0,0,0,0,0,-42000,0,0,0,0,42000,-42000,-42000
056533,友達凱基9A購02  ,0,0,0,0,0,0,0,0,0,-42000,0,0,0,0,42000,-42000,-42000
057338,群創國票99購01  ,0,0,0,0,0,0,0,0,0,-42000,0,0,0,0,42000,-42000,-42000
056677,智伸科元富98購01,0,0,0,0,0,0,0,0,0,-42000,0,0,0,92000,134000,-42000,-42000
059197,可成永豐99購02  ,0,0,0,0,0,0,0,0,0,-42000,0,0,0,2000,44000,-42000,-42000
058989,茂林凱基99購02  ,0,0,0,0,0,0,0,0,0,-42000,0,0,0,20000,62000,-42000,-42000
058641,鴻海麥證99購02  ,0,0,0,60000,92000,-32000,0,0,0,-42000,0,0,0,60000,102000,-42000,-42000
058111,健鼎元富98購01  ,0,0,0,0,0,0,0,0,0,-42000,0,0,0,0,42000,-42000,-42000
058069,美律凱基99購05  ,0,0,0,0,0,0,0,0,0,-42000,0,0,0,6000,48000,-42000,-42000
062166,致新國泰01購01  ,0,0,0,0,0,0,0,0,0,-42000,0,0,0,0,42000,-42000,-42000
062062,貿聯統一01購01  ,0,0,0,0,0,0,0,0,0,-42000,0,0,0,230000,272000,-42000,-42000
062524,鴻海統一9C購09  ,0,0,0,0,0,0,0,0,0,-42000,0,0,0,2000,44000,-42000,-42000
063481,緯穎元大9B購08  ,0,0,0,0,0,0,0,0,0,-42000,0,0,0,10000,52000,-42000,-42000
063586,燿華永豐9B購02  ,0,0,0,0,0,0,0,0,0,-42000,0,0,0,16000,58000,-42000,-42000
063560,力山元大9B購05  ,0,0,0,0,0,0,0,0,0,-42000,0,0,0,124000,166000,-42000,-42000
08299P,玉晶光國票02售01,0,0,0,0,0,0,0,0,0,-42000,0,0,0,25000,67000,-42000,-42000
08310P,南電凱基9C售01  ,0,0,0,0,0,0,0,0,0,-42000,0,0,0,50000,92000,-42000,-42000
1558,伸興            ,10000,57000,-47000,0,0,0,0,0,0,5000,5000,0,5000,0,0,0,-42000
065321,瑞昱凱基9C購01  ,0,0,0,0,0,0,0,0,0,-43000,0,0,0,422000,465000,-43000,-43000
065637,台灣50元大9C購50,0,0,0,0,0,0,0,0,0,-43000,0,0,0,22000,65000,-43000,-43000
065750,智邦元大9C購09  ,0,0,0,0,0,0,0,0,0,-43000,0,0,0,137000,180000,-43000,-43000
056457,嘉澤凱基98購01  ,0,0,0,0,0,0,0,0,0,-43000,0,0,0,17000,60000,-43000,-43000
057491,美食元大98購03  ,0,0,0,0,0,0,0,0,0,-43000,0,0,0,0,43000,-43000,-43000
057530,奇鋐元大99購01  ,0,0,0,0,0,0,0,0,0,-43000,0,0,0,18000,61000,-43000,-43000
060673,旺宏元大9A購04  ,0,0,0,0,0,0,0,0,0,-43000,0,0,0,0,43000,-43000,-43000
053901,T50反1凱基99購03,0,0,0,0,0,0,0,0,0,-43000,0,0,0,35000,78000,-43000,-43000
054455,楠梓電群益98購02,0,0,0,0,0,0,0,0,0,-43000,0,0,0,0,43000,-43000,-43000
054169,上緯控凱基98購01,0,0,0,0,0,0,0,0,0,-43000,0,0,0,17000,60000,-43000,-43000
00683L,元大美元指數正2 ,0,0,0,0,0,0,0,0,0,-43000,0,0,0,0,43000,-43000,-43000
03686P,大立光統一98售02,0,0,0,0,0,0,0,0,0,-43000,0,0,0,0,43000,-43000,-43000
059732,超眾元大9A購01  ,0,0,0,0,0,0,0,0,0,-43000,0,0,0,45000,88000,-43000,-43000
060548,友達凱基9B購03  ,0,0,0,0,0,0,0,0,0,-43000,0,0,0,0,43000,-43000,-43000
061228,聯茂中信9A購01  ,0,0,0,0,0,0,0,0,0,-43000,0,0,0,76000,119000,-43000,-43000
060402,神隆國泰9B購01  ,0,0,0,0,0,0,0,0,0,-43000,0,0,0,15000,58000,-43000,-43000
059613,泰鼎永豐99購02  ,0,0,0,0,0,0,0,0,0,-43000,0,0,0,1000,44000,-43000,-43000
058630,日月光國票9A購01,0,0,0,0,0,0,0,0,0,-43000,0,0,0,0,43000,-43000,-43000
059851,晶相光永豐99購02,0,0,0,0,0,0,0,0,0,-43000,0,0,0,59000,102000,-43000,-43000
059390,華新科凱基99購05,0,0,0,0,0,0,0,0,0,-43000,0,0,0,0,43000,-43000,-43000
059886,可成國票99購04  ,0,0,0,0,0,0,0,0,0,-43000,0,0,0,14000,57000,-43000,-43000
061664,上銀中信9A購01  ,0,0,0,0,0,0,0,0,0,-43000,0,0,0,100000,143000,-43000,-43000
061853,晶技國票9B購02  ,0,0,0,0,0,0,0,0,0,-43000,0,0,0,38000,81000,-43000,-43000
063729,國巨元大9C購08  ,0,0,0,0,0,0,0,0,0,-43000,0,0,0,14000,57000,-43000,-43000
064499,可成元大9C購07  ,0,0,0,0,0,0,0,0,0,-43000,0,0,0,21000,64000,-43000,-43000
064213,大立光凱基03購01,0,0,0,0,0,0,0,0,0,-43000,0,0,0,20000,63000,-43000,-43000
062460,京鼎群益9C購01  ,0,0,0,0,0,0,0,0,0,-43000,0,0,0,82000,125000,-43000,-43000
062346,智邦群益9B購02  ,0,0,0,0,0,0,0,0,0,-43000,0,0,0,11000,54000,-43000,-43000
062323,上銀統一9B購03  ,0,0,0,0,0,0,0,0,0,-43000,0,0,0,0,43000,-43000,-43000
062690,華擎統一9B購01  ,0,0,0,0,0,0,0,0,0,-43000,0,0,0,230000,273000,-43000,-43000
062741,立積國票9B購02  ,0,0,0,0,0,0,0,0,0,-43000,0,0,0,14000,57000,-43000,-43000
2496,卓越            ,1000,44000,-43000,0,0,0,0,0,0,0,0,0,0,0,0,0,-43000
06925P,致茂群益9A售02  ,0,0,0,0,0,0,0,0,0,-44000,0,0,0,0,44000,-44000,-44000
065726,京元電凱基9C購02,0,0,0,0,0,0,0,0,0,-44000,0,0,0,128000,172000,-44000,-44000
065285,宏碁群益01購01  ,0,0,0,0,0,0,0,0,0,-44000,0,0,0,0,44000,-44000,-44000
064990,世紀鋼元大01購01,0,0,0,0,0,0,0,0,0,-44000,0,0,0,31000,75000,-44000,-44000
065063,玉晶光群益02購04,0,0,0,0,0,0,0,0,0,-44000,0,0,0,16000,60000,-44000,-44000
057595,健鼎兆豐98購01  ,0,0,0,0,0,0,0,0,0,-44000,0,0,0,32000,76000,-44000,-44000
056710,漢唐永豐98購01  ,0,0,0,0,0,0,0,0,0,-44000,0,0,0,1000,45000,-44000,-44000
059094,臻鼎元大99購03  ,0,0,0,0,0,0,0,0,0,-44000,0,0,0,67000,111000,-44000,-44000
060964,日月光凱基9A購01,0,0,0,0,0,0,0,0,0,-44000,0,0,0,4000,48000,-44000,-44000
057929,上銀群益98購02  ,0,0,0,0,0,0,0,0,0,-44000,0,0,0,0,44000,-44000,-44000
058783,臺股指國票99購02,0,0,0,0,0,0,0,0,0,-44000,0,0,0,16000,60000,-44000,-44000
062248,國巨元大9B購08  ,0,0,0,0,0,0,0,0,0,-44000,0,0,0,22000,66000,-44000,-44000
062529,可成統一9C購03  ,0,0,0,0,0,0,0,0,0,-44000,0,0,0,0,44000,-44000,-44000
08277P,嘉晶元富9C售02  ,0,0,0,0,0,0,0,0,0,-44000,0,0,0,17000,61000,-44000,-44000
064916,玉山金統一02購01,0,0,0,0,0,0,0,0,0,-45000,0,0,0,120000,165000,-45000,-45000
064733,南六統一9C購03  ,0,0,0,0,0,0,0,0,0,-45000,0,0,0,20000,65000,-45000,-45000
064708,帆宣永豐9C購01  ,0,0,0,0,0,0,0,0,0,-45000,0,0,0,1000,46000,-45000,-45000
064542,聯電凱基02購01  ,0,0,0,0,0,0,0,0,0,-45000,0,0,0,80000,125000,-45000,-45000
065282,國巨群益9C購14  ,0,0,0,0,0,0,0,0,0,-45000,0,0,0,23000,68000,-45000,-45000
07318P,鴻海凱基01售02  ,0,0,0,0,0,0,0,0,0,-45000,0,0,0,0,45000,-45000,-45000
065790,創意永豐9C購02  ,0,0,0,0,0,0,0,0,0,-45000,0,0,0,20000,65000,-45000,-45000
066290,台塑化元大01購01,0,0,0,0,0,0,0,0,0,-45000,0,0,0,0,45000,-45000,-45000
055105,鴻海凱基98購05  ,0,0,0,0,0,0,0,0,0,-45000,0,0,0,0,45000,-45000,-45000
054778,世紀鋼國票99購01,0,0,0,0,0,0,0,0,0,-45000,0,0,0,5000,50000,-45000,-45000
058004,大立光群益98購03,0,0,0,0,0,0,0,0,0,-45000,0,0,0,54000,99000,-45000,-45000
061049,奇力新中信9A購02,0,0,0,0,0,0,0,0,0,-45000,0,0,0,0,45000,-45000,-45000
059078,FBVIX元大99購06 ,0,0,0,0,0,0,0,0,0,-45000,0,0,0,0,45000,-45000,-45000
059456,智易永豐99購01  ,0,0,0,0,0,0,0,0,0,-45000,0,0,0,33000,78000,-45000,-45000
059203,勤誠永豐99購02  ,0,0,0,0,0,0,0,0,0,-45000,0,0,0,0,45000,-45000,-45000
058369,亞光凱基99購02  ,0,0,0,0,0,0,0,0,0,-45000,0,0,0,0,45000,-45000,-45000
062221,奇力新統一01購01,0,0,0,0,0,0,0,0,0,-45000,0,0,0,10000,55000,-45000,-45000
062636,聯鈞國票9B購01  ,0,0,0,0,0,0,0,0,0,-45000,0,0,0,11000,56000,-45000,-45000
064211,友達凱基02購01  ,0,0,0,0,0,0,0,0,0,-45000,0,0,0,24000,69000,-45000,-45000
063635,漢唐元大9B購04  ,0,0,0,0,0,0,0,0,0,-45000,0,0,0,81000,126000,-45000,-45000
063826,中興電國票01購01,0,0,0,0,0,0,0,0,0,-45000,0,0,0,0,45000,-45000,-45000
08169P,台光電群益9B售04,0,0,0,0,0,0,0,0,0,-45000,0,0,0,10000,55000,-45000,-45000
08391P,智邦凱基02售02  ,0,0,0,0,0,0,0,0,0,-45000,0,0,0,10000,55000,-45000,-45000
08562P,南電國票01售03  ,0,0,0,0,0,0,0,0,0,-45000,0,0,0,0,45000,-45000,-45000
066192,嘉基凱基01購01  ,0,0,0,0,0,0,0,0,0,-46000,0,0,0,0,46000,-46000,-46000
065087,可成元大9C購08  ,0,0,0,0,0,0,0,0,0,-46000,0,0,0,93000,139000,-46000,-46000
054626,建準凱基98購01  ,0,0,0,0,0,0,0,0,0,-46000,0,0,0,1000,47000,-46000,-46000
056431,鴻海凱基98購07  ,0,0,0,0,0,0,0,0,0,-46000,0,0,0,20000,66000,-46000,-46000
056423,奇鋐統一98購01  ,0,0,0,0,0,0,0,0,0,-46000,0,0,0,0,46000,-46000,-46000
060583,南亞科元富9A購05,0,0,0,0,0,0,0,0,0,-46000,0,0,0,10000,56000,-46000,-46000
060817,華邦電台新9A購01,0,0,0,0,0,0,0,0,0,-46000,0,0,0,35000,81000,-46000,-46000
059291,華新科元富9B購01,0,0,0,0,0,0,0,0,0,-46000,0,0,0,0,46000,-46000,-46000
061841,晶技凱基9C購01  ,0,0,0,0,0,0,0,0,0,-46000,0,0,0,105000,151000,-46000,-46000
057962,超眾元大99購03  ,0,0,0,0,0,0,0,0,0,-46000,0,0,0,30000,76000,-46000,-46000
058127,FBVIX元大9C購01 ,0,0,0,0,0,0,0,0,0,-46000,0,0,0,0,46000,-46000,-46000
063742,道瓊指國票9C購01,0,0,0,0,0,0,0,0,0,-46000,0,0,0,9000,55000,-46000,-46000
064355,南六元大01購01  ,0,0,0,0,0,0,0,0,0,-46000,0,0,0,52000,98000,-46000,-46000
062270,上銀群益9B購03  ,0,0,0,0,0,0,0,0,0,-46000,0,0,0,154000,200000,-46000,-46000
064877,可成兆豐9C購02  ,0,0,0,0,0,0,0,0,0,-47000,0,0,0,13000,60000,-47000,-47000
066281,眾達元大02購01  ,0,0,0,0,0,0,0,0,0,-47000,0,0,0,0,47000,-47000,-47000
07164P,臺股指群益99售15,0,0,0,0,0,0,0,0,0,-47000,0,0,0,153000,200000,-47000,-47000
057804,為升元大98購01  ,0,0,0,0,0,0,0,0,0,-47000,0,0,0,95000,142000,-47000,-47000
00662,富邦NASDAQ      ,0,1000,-1000,0,0,0,0,0,0,-46000,0,0,0,101000,147000,-46000,-47000
055230,大毅國票98購01  ,0,0,0,0,0,0,0,0,0,-47000,0,0,0,16000,63000,-47000,-47000
058795,可成元大99購03  ,0,0,0,0,0,0,0,0,0,-47000,0,0,0,84000,131000,-47000,-47000
059662,旭富元大9C購01  ,0,0,0,0,0,0,0,0,0,-47000,0,0,0,58000,105000,-47000,-47000
061339,京元電元大9A購05,0,0,0,0,0,0,0,0,0,-47000,0,0,0,231000,278000,-47000,-47000
061019,大毅國票9A購01  ,0,0,0,0,0,0,0,0,0,-47000,0,0,0,43000,90000,-47000,-47000
062450,臻鼎元大9B購02  ,0,0,0,0,0,0,0,0,0,-47000,0,0,0,78000,125000,-47000,-47000
062999,聯茂國票9C購01  ,0,0,0,0,0,0,0,0,0,-47000,0,0,0,5000,52000,-47000,-47000
064359,華通統一9C購05  ,0,0,0,0,0,0,0,0,0,-47000,0,0,0,261000,308000,-47000,-47000
08026P,臺股指凱基9B售12,0,0,0,0,0,0,0,0,0,-47000,0,0,0,20000,67000,-47000,-47000
07963P,智邦統一9B售01  ,0,0,0,0,0,0,0,0,0,-48000,0,0,0,27000,75000,-48000,-48000
066273,晶技元大01購02  ,0,0,0,0,0,0,0,0,0,-48000,0,0,0,0,48000,-48000,-48000
06591P,大立光元大98售14,0,0,0,0,0,0,0,0,0,-48000,0,0,0,0,48000,-48000,-48000
064886,燿華中信01購01  ,0,0,0,0,0,0,0,0,0,-48000,0,0,0,0,48000,-48000,-48000
065110,嘉澤國票01購01  ,0,0,0,0,0,0,0,0,0,-48000,0,0,0,0,48000,-48000,-48000
065007,群創國票01購01  ,0,0,0,0,0,0,0,0,0,-48000,0,0,0,0,48000,-48000,-48000
065710,嘉聯益群益9C購02,0,0,0,0,0,0,0,0,0,-48000,0,0,0,65000,113000,-48000,-48000
046384,群創凱基98購02  ,0,0,0,0,0,0,0,0,0,-48000,0,0,0,117000,165000,-48000,-48000
060470,台勝科元大9A購03,0,0,0,0,0,0,0,0,0,-48000,0,0,0,1000,49000,-48000,-48000
057138,亞德客兆豐98購01,0,0,0,0,0,0,0,0,0,-48000,0,0,0,0,48000,-48000,-48000
064328,華通元大9C購04  ,0,0,0,0,0,0,0,0,0,-48000,0,0,0,0,48000,-48000,-48000
064498,可成元大01購03  ,0,0,0,0,0,0,0,0,0,-48000,0,0,0,16000,64000,-48000,-48000
064104,TPK群益9C購02   ,0,0,0,0,0,0,0,0,0,-48000,0,0,0,14000,62000,-48000,-48000
063638,華新科元大9B購14,0,0,0,0,0,0,0,0,0,-48000,0,0,0,101000,149000,-48000,-48000
063573,茂林元大9B購06  ,0,0,0,0,0,0,0,0,0,-48000,0,0,0,409000,457000,-48000,-48000
08105P,景碩元大9B售01  ,0,0,0,0,0,0,0,0,0,-48000,0,0,0,10000,58000,-48000,-48000
6243,迅杰            ,22000,70000,-48000,0,0,0,0,0,0,0,0,0,0,0,0,0,-48000
065938,文曄群益01購01  ,0,0,0,0,0,0,0,0,0,-49000,0,0,0,146000,195000,-49000,-49000
066002,健策國票02購01  ,0,0,0,0,0,0,0,0,0,-49000,0,0,0,0,49000,-49000,-49000
065820,瑞祺元富03購01  ,0,0,0,0,0,0,0,0,0,-49000,0,0,0,569000,618000,-49000,-49000
060824,旺宏元大9A購06  ,0,0,0,0,0,0,0,0,0,-49000,0,0,0,51000,100000,-49000,-49000
055858,聯茂元大97購03  ,0,0,0,0,0,0,0,0,0,-49000,0,0,0,0,49000,-49000,-49000
056291,聯茂永豐97購03  ,0,0,0,0,0,0,0,0,0,-49000,0,0,0,74000,123000,-49000,-49000
059867,華邦電凱基99購02,0,0,0,0,0,0,0,0,0,-49000,0,0,0,0,49000,-49000,-49000
061820,康控群益9B購02  ,0,0,0,0,0,0,0,0,0,-49000,0,0,0,20000,69000,-49000,-49000
06139P,台積電中信99售02,0,0,0,0,0,0,0,0,0,-49000,0,0,0,39000,88000,-49000,-49000
057837,康控國泰99購02  ,0,0,0,0,0,0,0,0,0,-49000,0,0,0,0,49000,-49000,-49000
063529,聯茂凱基9B購02  ,0,0,0,0,0,0,0,0,0,-49000,0,0,0,35000,84000,-49000,-49000
063955,TPK元大9C購01   ,0,0,0,0,0,0,0,0,0,-49000,0,0,0,64000,113000,-49000,-49000
063111,TPK兆豐9B購01   ,0,0,0,0,0,0,0,0,0,-49000,0,0,0,100000,149000,-49000,-49000
062918,祥碩元大9C購02  ,0,0,0,0,0,0,0,0,0,-49000,0,0,0,0,49000,-49000,-49000
062188,貿聯元大9B購02  ,0,0,0,0,0,0,0,0,0,-49000,0,0,0,8000,57000,-49000,-49000
065804,大立光群益01購04,0,0,0,0,0,0,0,0,0,-50000,0,0,0,0,50000,-50000,-50000
065799,友訊群益01購03  ,0,0,0,0,0,0,0,0,0,-50000,0,0,0,61000,111000,-50000,-50000
065746,光寶科元大9C購01,0,0,0,0,0,0,0,0,0,-50000,0,0,0,0,50000,-50000,-50000
065934,智邦群益01購02  ,0,0,0,0,0,0,0,0,0,-50000,0,0,0,11000,61000,-50000,-50000
06592P,欣興元大98售04  ,0,0,0,0,0,0,0,0,0,-50000,0,0,0,0,50000,-50000,-50000
066196,南港統一03購01  ,0,0,0,0,0,0,0,0,0,-50000,0,0,0,0,50000,-50000,-50000
066157,晶碩康和01購01  ,0,0,0,0,0,0,0,0,0,-50000,0,0,0,0,50000,-50000,-50000
066138,健策群益01購05  ,0,0,0,0,0,0,0,0,0,-50000,0,0,0,10000,60000,-50000,-50000
066092,億豐永豐01購01  ,0,0,0,0,0,0,0,0,0,-50000,0,0,0,0,50000,-50000,-50000
06747P,大立光群益99售04,0,0,0,0,0,0,0,0,0,-50000,0,0,0,0,50000,-50000,-50000
066329,達欣工永豐01購01,0,0,0,0,0,0,0,0,0,-50000,0,0,0,0,50000,-50000,-50000
06718P,聯詠元大98售01  ,0,0,0,0,0,0,0,0,0,-50000,0,0,0,0,50000,-50000,-50000
07583P,台積電富邦9B售05,0,0,0,0,0,0,0,0,0,-50000,0,0,0,0,50000,-50000,-50000
07617P,聯發科中信9C售04,0,0,0,0,0,0,0,0,0,-50000,0,0,0,0,50000,-50000,-50000
07050P,宏達電中信9B售01,0,0,0,0,0,0,0,0,0,-50000,0,0,0,30000,80000,-50000,-50000
07055P,景碩群益9A售02  ,0,0,0,0,0,0,0,0,0,-50000,0,0,0,0,50000,-50000,-50000
07348P,滬深2X凱基9A售04,0,0,0,0,0,0,0,0,0,-50000,0,0,0,0,50000,-50000,-50000
07195P,大立光元大99售12,0,0,0,0,0,0,0,0,0,-50000,0,0,0,0,50000,-50000,-50000
07196P,大立光元大99售13,0,0,0,0,0,0,0,0,0,-50000,0,0,0,0,50000,-50000,-50000
065028,亞德客兆豐9C購02,0,0,0,0,0,0,0,0,0,-50000,0,0,0,0,50000,-50000,-50000
064890,聯電群益9C購02  ,0,0,0,0,0,0,0,0,0,-50000,0,0,0,0,50000,-50000,-50000
064892,台達電群益9C購02,0,0,0,0,0,0,0,0,0,-50000,0,0,0,127000,177000,-50000,-50000
064556,華通群益02購02  ,0,0,0,0,0,0,0,0,0,-50000,0,0,0,80000,130000,-50000,-50000
064588,玉晶光永豐9C購05,0,0,0,0,0,0,0,0,0,-50000,0,0,0,5000,55000,-50000,-50000
064662,鴻海元大9C購10  ,0,0,0,0,0,0,0,0,0,-50000,0,0,0,29000,79000,-50000,-50000
064663,鴻海元大9C購11  ,0,0,0,0,0,0,0,0,0,-50000,0,0,0,29000,79000,-50000,-50000
056343,高鐵凱基98購02  ,0,0,0,0,0,0,0,0,0,-50000,0,0,0,0,50000,-50000,-50000
056215,華新科國票97購03,0,0,0,0,0,0,0,0,0,-50000,0,0,0,0,50000,-50000,-50000
056163,嘉聯益凱基98購03,0,0,0,0,0,0,0,0,0,-50000,0,0,0,0,50000,-50000,-50000
056164,聯茂凱基98購03  ,0,0,0,0,0,0,0,0,0,-50000,0,0,0,23000,73000,-50000,-50000
056561,台光電群益98購02,0,0,0,0,0,0,0,0,0,-50000,0,0,0,0,50000,-50000,-50000
057572,明泰永豐98購01  ,0,0,0,0,0,0,0,0,0,-50000,0,0,0,13000,63000,-50000,-50000
057621,崇越凱基98購01  ,0,0,0,0,0,0,0,0,0,-50000,0,0,0,20000,70000,-50000,-50000
060878,奇力新中信9C購01,0,0,0,0,0,0,0,0,0,-50000,0,0,0,0,50000,-50000,-50000
060887,台積電統一01購01,0,0,0,0,0,0,0,0,0,-50000,0,0,0,0,50000,-50000,-50000
056786,亞光群益98購03  ,0,0,0,0,0,0,0,0,0,-50000,0,0,0,0,50000,-50000,-50000
057023,美律凱基99購02  ,0,0,0,0,0,0,0,0,0,-50000,0,0,0,110000,160000,-50000,-50000
046906,新光金凱基99購02,0,0,0,0,0,0,0,0,0,-50000,0,0,0,60000,110000,-50000,-50000
053036,聯電凱基98購01  ,0,0,0,0,0,0,0,0,0,-50000,0,0,0,0,50000,-50000,-50000
053258,上証2X群益9A購03,0,0,0,0,0,0,0,0,0,-50000,0,0,0,8000,58000,-50000,-50000
054585,禾伸堂國泰99購01,0,0,0,0,0,0,0,0,0,-50000,0,0,0,0,50000,-50000,-50000
055020,上証2X國泰98購01,0,0,0,0,0,0,0,0,0,-50000,0,0,0,15000,65000,-50000,-50000
054856,得力群益99購01  ,0,0,0,0,0,0,0,0,0,-50000,0,0,0,0,50000,-50000,-50000
055776,宏達電凱基98購02,0,0,0,0,0,0,0,0,0,-50000,0,0,0,0,50000,-50000,-50000
055597,禾伸堂元大98購02,0,0,0,0,0,0,0,0,0,-50000,0,0,0,0,50000,-50000,-50000
061091,奇力新統一9C購02,0,0,0,0,0,0,0,0,0,-50000,0,0,0,0,50000,-50000,-50000
058652,SGBR2X中信01購01,0,0,0,0,0,0,0,0,0,-50000,0,0,0,0,50000,-50000,-50000
058678,南亞科日盛99購01,0,0,0,0,0,0,0,0,0,-50000,0,0,0,0,50000,-50000,-50000
058546,玉晶光富邦9B購01,0,0,0,0,0,0,0,0,0,-50000,0,0,0,0,50000,-50000,-50000
060401,世紀鋼國票9B購01,0,0,0,0,0,0,0,0,0,-50000,0,0,0,0,50000,-50000,-50000
060375,葡萄王元富9A購01,0,0,0,0,0,0,0,0,0,-50000,0,0,0,499000,549000,-50000,-50000
061568,國巨元大9A購25  ,0,0,0,0,0,0,0,0,0,-50000,0,0,0,2000,52000,-50000,-50000
061419,國巨元大9A購21  ,0,0,0,0,0,0,0,0,0,-50000,0,0,0,2000,52000,-50000,-50000
060233,宏碁元大9A購01  ,0,0,0,0,0,0,0,0,0,-50000,0,0,0,20000,70000,-50000,-50000
058261,大立光富邦03購01,0,0,0,0,0,0,0,0,0,-50000,0,0,0,0,50000,-50000,-50000
061432,世紀鋼元大9A購05,0,0,0,0,0,0,0,0,0,-50000,0,0,0,0,50000,-50000,-50000
060984,南亞科元大9A購07,0,0,0,0,0,0,0,0,0,-50000,0,0,0,0,50000,-50000,-50000
059961,T50反1凱基99購09,0,0,0,0,0,0,0,0,0,-50000,0,0,0,0,50000,-50000,-50000
062073,國巨元大9B購06  ,0,0,0,0,0,0,0,0,0,-50000,0,0,0,3000,53000,-50000,-50000
062147,大毅國票9B購02  ,0,0,0,0,0,0,0,0,0,-50000,0,0,0,0,50000,-50000,-50000
062130,T50反1群益9B購01,0,0,0,0,0,0,0,0,0,-50000,0,0,0,100000,150000,-50000,-50000
061967,旺宏統一01購04  ,0,0,0,0,0,0,0,0,0,-50000,0,0,0,0,50000,-50000,-50000
062359,旺宏元大9C購02  ,0,0,0,0,0,0,0,0,0,-50000,0,0,0,0,50000,-50000,-50000
062372,旭富元大9B購01  ,0,0,0,0,0,0,0,0,0,-50000,0,0,0,60000,110000,-50000,-50000
062886,中興電群益9B購01,0,0,0,0,0,0,0,0,0,-50000,0,0,0,10000,60000,-50000,-50000
062820,禾伸堂兆豐9B購01,0,0,0,0,0,0,0,0,0,-50000,0,0,0,40000,90000,-50000,-50000
062778,國巨元大9B購17  ,0,0,0,0,0,0,0,0,0,-50000,0,0,0,2000,52000,-50000,-50000
062760,漢唐凱基9B購01  ,0,0,0,0,0,0,0,0,0,-50000,0,0,0,0,50000,-50000,-50000
062604,東元凱基9B購01  ,0,0,0,0,0,0,0,0,0,-50000,0,0,0,0,50000,-50000,-50000
063088,緯穎凱基9B購04  ,0,0,0,0,0,0,0,0,0,-50000,0,0,0,0,50000,-50000,-50000
064092,世紀鋼凱基9C購03,0,0,0,0,0,0,0,0,0,-50000,0,0,0,0,50000,-50000,-50000
064400,大成鋼凱基01購01,0,0,0,0,0,0,0,0,0,-50000,0,0,0,0,50000,-50000,-50000
06429P,大立光元大97售15,0,0,0,0,0,0,0,0,0,-50000,0,0,0,0,50000,-50000,-50000
063308,緯穎凱基9B購05  ,0,0,0,0,0,0,0,0,0,-50000,0,0,0,0,50000,-50000,-50000
063738,奇鋐元大9B購03  ,0,0,0,0,0,0,0,0,0,-50000,0,0,0,0,50000,-50000,-50000
063746,上銀國票9C購01  ,0,0,0,0,0,0,0,0,0,-50000,0,0,0,0,50000,-50000,-50000
063842,國巨元大9C購10  ,0,0,0,0,0,0,0,0,0,-50000,0,0,0,2000,52000,-50000,-50000
08260P,大立光元大9C售08,0,0,0,0,0,0,0,0,0,-50000,0,0,0,0,50000,-50000,-50000
08242P,聯發科凱基9C售06,0,0,0,0,0,0,0,0,0,-50000,0,0,0,0,50000,-50000,-50000
08345P,大立光元大9C售14,0,0,0,0,0,0,0,0,0,-50000,0,0,0,0,50000,-50000,-50000
08336P,聯發科中信9C售05,0,0,0,0,0,0,0,0,0,-50000,0,0,0,30000,80000,-50000,-50000
08527P,大立光元大01售06,0,0,0,0,0,0,0,0,0,-50000,0,0,0,0,50000,-50000,-50000
08403P,上銀元大9C售07  ,0,0,0,0,0,0,0,0,0,-50000,0,0,0,0,50000,-50000,-50000
08418P,大立光元大01售04,0,0,0,0,0,0,0,0,0,-50000,0,0,0,0,50000,-50000,-50000
08634P,大立光元大9C售26,0,0,0,0,0,0,0,0,0,-50000,0,0,0,0,50000,-50000,-50000
065059,神隆群益9C購01  ,0,0,0,0,0,0,0,0,0,-51000,0,0,0,89000,140000,-51000,-51000
07904P,聯發科群益9B售05,0,0,0,0,0,0,0,0,0,-51000,0,0,0,0,51000,-51000,-51000
066048,奇鋐元大01購01  ,0,0,0,0,0,0,0,0,0,-51000,0,0,0,0,51000,-51000,-51000
055700,緯穎國泰98購02  ,0,0,0,0,0,0,0,0,0,-51000,0,0,0,0,51000,-51000,-51000
060870,旭富群益9A購01  ,0,0,0,0,0,0,0,0,0,-51000,0,0,0,5000,56000,-51000,-51000
057407,超眾群益99購01  ,0,0,0,0,0,0,0,0,0,-51000,0,0,0,0,51000,-51000,-51000
061030,喬山永豐9A購01  ,0,0,0,0,0,0,0,0,0,-51000,0,0,0,0,51000,-51000,-51000
061055,康控群益9A購01  ,0,0,0,0,0,0,0,0,0,-51000,0,0,0,19000,70000,-51000,-51000
059869,友達凱基99購07  ,0,0,0,0,0,0,0,0,0,-51000,0,0,0,0,51000,-51000,-51000
061767,信邦元大9B購01  ,0,0,0,0,0,0,0,0,0,-51000,0,0,0,234000,285000,-51000,-51000
061795,智邦永豐9B購01  ,0,0,0,0,0,0,0,0,0,-51000,0,0,0,9000,60000,-51000,-51000
058947,SGBR2X群益9B購02,0,0,0,0,0,0,0,0,0,-51000,0,0,0,85000,136000,-51000,-51000
061074,儒鴻兆豐9B購01  ,0,0,0,0,0,0,0,0,0,-51000,0,0,0,0,51000,-51000,-51000
063708,上銀凱基9B購06  ,0,0,0,0,0,0,0,0,0,-51000,0,0,0,39000,90000,-51000,-51000
063425,台勝科凱基9B購02,0,0,0,0,0,0,0,0,0,-51000,0,0,0,0,51000,-51000,-51000
062776,鴻海元大9B購03  ,0,0,0,0,0,0,0,0,0,-51000,0,0,0,28000,79000,-51000,-51000
062102,T50反1國票9B購07,0,0,0,0,0,0,0,0,0,-51000,0,0,0,0,51000,-51000,-51000
066087,大毅永豐01購02  ,0,0,0,0,0,0,0,0,0,-52000,0,0,0,0,52000,-52000,-52000
066051,景碩元大01購01  ,0,0,0,0,0,0,0,0,0,-52000,0,0,0,0,52000,-52000,-52000
065871,南亞科群益9C購03,0,0,0,0,0,0,0,0,0,-52000,0,0,0,0,52000,-52000,-52000
07596P,上証2X中信01售01,0,0,0,0,0,0,0,0,0,-52000,0,0,0,110000,162000,-52000,-52000
064524,GIS群益02購01   ,0,0,0,0,0,0,0,0,0,-52000,0,0,0,126000,178000,-52000,-52000
065478,緯創元大9C購03  ,0,0,0,0,0,0,0,0,0,-52000,0,0,0,128000,180000,-52000,-52000
065284,旺宏群益9C購03  ,0,0,0,0,0,0,0,0,0,-52000,0,0,0,98000,150000,-52000,-52000
057454,上銀國泰99購02  ,0,0,0,0,0,0,0,0,0,-52000,0,0,0,0,52000,-52000,-52000
056658,美食元大98購01  ,0,0,0,0,0,0,0,0,0,-52000,0,0,0,10000,62000,-52000,-52000
056576,晶技元大99購02  ,0,0,0,0,0,0,0,0,0,-52000,0,0,0,5000,57000,-52000,-52000
060736,旺宏統一01購01  ,0,0,0,0,0,0,0,0,0,-52000,0,0,0,50000,102000,-52000,-52000
057849,南茂永豐98購02  ,0,0,0,0,0,0,0,0,0,-52000,0,0,0,68000,120000,-52000,-52000
057899,台積電永豐98購04,0,0,0,0,0,0,0,0,0,-52000,0,0,0,26000,78000,-52000,-52000
058160,奇鋐元富99購01  ,0,0,0,0,0,0,0,0,0,-52000,0,0,0,37000,89000,-52000,-52000
058410,國巨兆豐99購03  ,0,0,0,0,0,0,0,0,0,-52000,0,0,0,8000,60000,-52000,-52000
061681,南電元大9A購08  ,0,0,0,0,0,0,0,0,0,-52000,0,0,0,37000,89000,-52000,-52000
061006,新光金兆豐9A購01,0,0,0,0,0,0,0,0,0,-52000,0,0,0,30000,82000,-52000,-52000
062156,美律凱基9B購01  ,0,0,0,0,0,0,0,0,0,-52000,0,0,0,22000,74000,-52000,-52000
062247,國巨元大9B購07  ,0,0,0,0,0,0,0,0,0,-52000,0,0,0,2000,54000,-52000,-52000
062638,茂林國票9C購01  ,0,0,0,0,0,0,0,0,0,-52000,0,0,0,31000,83000,-52000,-52000
064272,鴻海元大9C購09  ,0,0,0,0,0,0,0,0,0,-52000,0,0,0,153000,205000,-52000,-52000
064117,中興電元大9C購01,0,0,0,0,0,0,0,0,0,-52000,0,0,0,0,52000,-52000,-52000
08630P,臺股指麥證9C售05,0,0,0,0,52000,-52000,0,0,0,-52000,0,0,0,0,52000,-52000,-52000
08375P,聯電元富9C售02  ,0,0,0,0,0,0,0,0,0,-52000,0,0,0,109000,161000,-52000,-52000
08016P,臺股指凱基02售02,0,0,0,0,0,0,0,0,0,-52000,0,0,0,0,52000,-52000,-52000
065158,和碩群益9C購01  ,0,0,0,0,0,0,0,0,0,-53000,0,0,0,61000,114000,-53000,-53000
065460,嘉聯益台新9C購01,0,0,0,0,0,0,0,0,0,-53000,0,0,0,38000,91000,-53000,-53000
064758,可成凱基02購02  ,0,0,0,0,0,0,0,0,0,-53000,0,0,0,0,53000,-53000,-53000
066036,神隆元大02購01  ,0,0,0,0,0,0,0,0,0,-53000,0,0,0,0,53000,-53000,-53000
057353,玉晶光統一99購01,0,0,0,0,0,0,0,0,0,-53000,0,0,0,7000,60000,-53000,-53000
055830,上銀元大97購07  ,0,0,0,0,0,0,0,0,0,-53000,0,0,0,0,53000,-53000,-53000
057712,南亞科統一9A購01,0,0,0,0,0,0,0,0,0,-53000,0,0,0,15000,68000,-53000,-53000
050014,國巨富邦98購01  ,0,0,0,0,0,0,0,0,0,-53000,0,0,0,0,53000,-53000,-53000
060981,旺宏元大9A購08  ,0,0,0,0,0,0,0,0,0,-53000,0,0,0,0,53000,-53000,-53000
059363,超眾永豐99購02  ,0,0,0,0,0,0,0,0,0,-53000,0,0,0,10000,63000,-53000,-53000
058046,國巨元大9A購01  ,0,0,0,0,0,0,0,0,0,-53000,0,0,0,10000,63000,-53000,-53000
060528,友達中信9C購01  ,0,0,0,0,0,0,0,0,0,-53000,0,0,0,3000,56000,-53000,-53000
06353P,電子類富邦99售02,0,0,0,0,0,0,0,0,0,-53000,0,0,0,77000,130000,-53000,-53000
08532P,國巨元富06售02  ,0,0,0,0,0,0,0,0,0,-53000,0,0,0,1000,54000,-53000,-53000
066180,正文凱基01購01  ,0,0,0,0,0,0,0,0,0,-54000,0,0,0,0,54000,-54000,-54000
07743P,智邦凱基9A售03  ,0,0,0,0,0,0,0,0,0,-54000,0,0,0,0,54000,-54000,-54000
07230P,滬深2X群益01售02,0,0,0,0,0,0,0,0,0,-54000,0,0,0,0,54000,-54000,-54000
07069P,欣興元富99售02  ,0,0,0,0,0,0,0,0,0,-54000,0,0,0,9000,63000,-54000,-54000
064759,景碩凱基9C購01  ,0,0,0,0,0,0,0,0,0,-54000,0,0,0,62000,116000,-54000,-54000
064521,群創群益02購01  ,0,0,0,0,0,0,0,0,0,-54000,0,0,0,102000,156000,-54000,-54000
065097,貿聯元大9C購04  ,0,0,0,0,0,0,0,0,0,-54000,0,0,0,252000,306000,-54000,-54000
055256,日電貿統一99購01,0,0,0,0,0,0,0,0,0,-54000,0,0,0,0,54000,-54000,-54000
056718,GIS永豐98購01   ,0,0,0,0,0,0,0,0,0,-54000,0,0,0,106000,160000,-54000,-54000
058477,億光凱基9A購01  ,0,0,0,0,0,0,0,0,0,-54000,0,0,0,100000,154000,-54000,-54000
058664,百和兆豐99購01  ,0,0,0,0,0,0,0,0,0,-54000,0,0,0,0,54000,-54000,-54000
058315,TPK富邦9C購01   ,0,0,0,0,0,0,0,0,0,-54000,0,0,0,131000,185000,-54000,-54000
058624,台積電國票99購09,0,0,0,0,0,0,0,0,0,-54000,0,0,0,2000,56000,-54000,-54000
061124,微星永豐9A購02  ,0,0,0,0,0,0,0,0,0,-54000,0,0,0,68000,122000,-54000,-54000
05905P,晶技統一97售01  ,0,0,0,0,0,0,0,0,0,-54000,0,0,0,0,54000,-54000,-54000
061483,TPK元大9A購01   ,0,0,0,0,0,0,0,0,0,-54000,0,0,0,22000,76000,-54000,-54000
063832,矽創國票01購01  ,0,0,0,0,0,0,0,0,0,-54000,0,0,0,21000,75000,-54000,-54000
064493,南亞科元大9C購01,0,0,0,0,0,0,0,0,0,-54000,0,0,0,26000,80000,-54000,-54000
062666,和碩群益9B購01  ,0,0,0,0,0,0,0,0,0,-54000,0,0,0,22000,76000,-54000,-54000
062757,華通凱基9B購02  ,0,0,0,0,0,0,0,0,0,-54000,0,0,0,102000,156000,-54000,-54000
062354,台達電元大9B購01,0,0,0,0,0,0,0,0,0,-54000,0,0,0,135000,189000,-54000,-54000
064571,帆宣群益9C購01  ,0,0,0,0,0,0,0,0,0,-55000,0,0,0,0,55000,-55000,-55000
064660,華通元大9C購05  ,0,0,0,0,0,0,0,0,0,-55000,0,0,0,15000,70000,-55000,-55000
066059,帆宣元大01購01  ,0,0,0,0,0,0,0,0,0,-55000,0,0,0,0,55000,-55000,-55000
066282,鎧勝元大01購01  ,0,0,0,0,0,0,0,0,0,-55000,0,0,0,0,55000,-55000,-55000
065944,大成鋼統一02購01,0,0,0,0,0,0,0,0,0,-55000,0,0,0,19000,74000,-55000,-55000
065881,京元電台新9C購01,0,0,0,0,0,0,0,0,0,-55000,0,0,0,2000,57000,-55000,-55000
056910,超眾元大99購02  ,0,0,0,0,0,0,0,0,0,-55000,0,0,0,10000,65000,-55000,-55000
060715,日電貿永豐9A購01,0,0,0,0,0,0,0,0,0,-55000,0,0,0,0,55000,-55000,-55000
056649,智易凱基98購01  ,0,0,0,0,0,0,0,0,0,-55000,0,0,0,0,55000,-55000,-55000
056165,矽力凱基98購02  ,0,0,0,0,0,0,0,0,0,-55000,0,0,0,10000,65000,-55000,-55000
057569,光磊永豐98購03  ,0,0,0,0,0,0,0,0,0,-55000,0,0,0,0,55000,-55000,-55000
056511,超眾永豐98購01  ,0,0,0,0,0,0,0,0,0,-55000,0,0,0,1000,56000,-55000,-55000
054158,國巨日盛99購01  ,0,0,0,0,0,0,0,0,0,-55000,0,0,0,0,55000,-55000,-55000
055417,健策富邦98購02  ,0,0,0,0,0,0,0,0,0,-55000,0,0,0,71000,126000,-55000,-55000
057733,嘉聯益國泰99購01,0,0,0,0,0,0,0,0,0,-55000,0,0,0,0,55000,-55000,-55000
058276,道瓊指中信9C購01,0,0,0,0,0,0,0,0,0,-55000,0,0,0,0,55000,-55000,-55000
060232,友訊元大9C購01  ,0,0,0,0,0,0,0,0,0,-55000,0,0,0,15000,70000,-55000,-55000
061375,華通永豐9A購02  ,0,0,0,0,0,0,0,0,0,-55000,0,0,0,28000,83000,-55000,-55000
060490,華新科台新9A購01,0,0,0,0,0,0,0,0,0,-55000,0,0,0,0,55000,-55000,-55000
061206,旺宏元大9A購12  ,0,0,0,0,0,0,0,0,0,-55000,0,0,0,6000,61000,-55000,-55000
061198,世紀鋼永豐9A購03,0,0,0,0,0,0,0,0,0,-55000,0,0,0,78000,133000,-55000,-55000
059607,台積電富邦9C購04,0,0,0,0,0,0,0,0,0,-55000,0,0,0,17000,72000,-55000,-55000
062777,鴻海元大9C購03  ,0,0,0,0,0,0,0,0,0,-55000,0,0,0,24000,79000,-55000,-55000
063127,TPK元大9B購02   ,0,0,0,0,0,0,0,0,0,-55000,0,0,0,23000,78000,-55000,-55000
064232,鴻海統一01購04  ,0,0,0,0,0,0,0,0,0,-55000,0,0,0,51000,106000,-55000,-55000
063694,貿聯永豐9B購01  ,0,0,0,0,0,0,0,0,0,-55000,0,0,0,37000,92000,-55000,-55000
063401,中租群益9B購03  ,0,0,0,0,0,0,0,0,0,-55000,0,0,0,0,55000,-55000,-55000
08522P,智邦元大9C售08  ,0,0,0,0,0,0,0,0,0,-55000,0,0,0,0,55000,-55000,-55000
065802,義隆群益9C購05  ,0,0,0,0,0,0,0,0,0,-56000,0,0,0,1000,57000,-56000,-56000
066096,友訊中信05購02  ,0,0,0,0,0,0,0,0,0,-56000,0,0,0,0,56000,-56000,-56000
06797P,臺股指凱基98售07,0,0,0,0,0,0,0,0,0,-56000,0,0,0,12000,68000,-56000,-56000
06922P,元上證群益9C售01,0,0,0,0,0,0,0,0,0,-56000,0,0,0,0,56000,-56000,-56000
065504,宏達電永豐9C購01,0,0,0,0,0,0,0,0,0,-56000,0,0,0,45000,101000,-56000,-56000
065145,貿聯凱基9C購02  ,0,0,0,0,0,0,0,0,0,-56000,0,0,0,82000,138000,-56000,-56000
065335,玉晶光台新9C購03,0,0,0,0,0,0,0,0,0,-56000,0,0,0,3000,59000,-56000,-56000
054160,華泰凱基98購01  ,0,0,0,0,0,0,0,0,0,-56000,0,0,0,25000,81000,-56000,-56000
060721,瑞儀永豐9A購01  ,0,0,0,0,0,0,0,0,0,-56000,0,0,0,0,56000,-56000,-56000
057494,玉晶光元大99購09,0,0,0,0,0,0,0,0,0,-56000,0,0,0,2000,58000,-56000,-56000
058573,鴻海群益9A購02  ,0,0,0,0,0,0,0,0,0,-56000,0,0,0,55000,111000,-56000,-56000
059085,鴻海元大99購25  ,0,0,0,0,0,0,0,0,0,-56000,0,0,0,55000,111000,-56000,-56000
063248,創意元大9C購01  ,0,0,0,0,0,0,0,0,0,-56000,0,0,0,89000,145000,-56000,-56000
062878,宏達電兆豐9B購01,0,0,0,0,0,0,0,0,0,-56000,0,0,0,88000,144000,-56000,-56000
062925,建準國票9B購01  ,0,0,0,0,0,0,0,0,0,-56000,0,0,0,0,56000,-56000,-56000
065585,聯發科富邦03購02,0,0,0,0,0,0,0,0,0,-57000,0,0,0,196000,253000,-57000,-57000
064782,健策群益9C購02  ,0,10000,-10000,0,0,0,0,0,0,-47000,0,0,0,68000,115000,-47000,-57000
07919P,創意永豐9B售01  ,0,0,0,0,0,0,0,0,0,-57000,0,0,0,5000,62000,-57000,-57000
066072,華新科凱基01購03,0,0,0,0,0,0,0,0,0,-57000,0,0,0,80000,137000,-57000,-57000
060681,華擎元大9A購02  ,0,0,0,0,0,0,0,0,0,-57000,0,0,0,134000,191000,-57000,-57000
03449B,臺股指元大01熊01,0,0,0,0,0,0,0,0,0,-57000,0,0,0,0,57000,-57000,-57000
060252,緯穎元大9A購02  ,0,0,0,0,0,0,0,0,0,-57000,0,0,0,24000,81000,-57000,-57000
059999,緯穎元富99購01  ,0,0,0,0,0,0,0,0,0,-57000,0,0,0,74000,131000,-57000,-57000
060381,元黃金凱基9A購01,0,0,0,0,0,0,0,0,0,-57000,0,0,0,1000,58000,-57000,-57000
062069,喬山元大9B購01  ,0,0,0,0,0,0,0,0,0,-57000,0,0,0,0,57000,-57000,-57000
061995,超眾元大01購01  ,0,0,0,0,0,0,0,0,0,-57000,0,0,0,12000,69000,-57000,-57000
063392,聯電群益9B購02  ,0,0,0,0,0,0,0,0,0,-57000,0,0,0,18000,75000,-57000,-57000
063468,聯詠元大9B購04  ,0,0,0,0,0,0,0,0,0,-57000,0,0,0,36000,93000,-57000,-57000
064143,旺宏統一01購05  ,0,0,0,0,0,0,0,0,0,-57000,0,0,0,0,57000,-57000,-57000
066074,文曄凱基01購01  ,0,0,0,0,0,0,0,0,0,-58000,0,0,0,20000,78000,-58000,-58000
064711,國喬統一02購01  ,0,0,0,0,0,0,0,0,0,-58000,0,0,0,0,58000,-58000,-58000
064900,景碩群益01購01  ,0,0,0,0,0,0,0,0,0,-58000,0,0,0,5000,63000,-58000,-58000
065163,香港反元大03購01,0,0,0,0,0,0,0,0,0,-58000,0,0,0,0,58000,-58000,-58000
053590,新光金元大9A購02,0,0,0,0,0,0,0,0,0,-58000,0,0,0,0,58000,-58000,-58000
060717,康控永豐9A購01  ,0,0,0,0,0,0,0,0,0,-58000,0,0,0,10000,68000,-58000,-58000
056741,大立光凱基98購14,0,0,0,0,0,0,0,0,0,-58000,0,0,0,70000,128000,-58000,-58000
057198,智伸科統一9B購01,0,0,0,0,0,0,0,0,0,-58000,0,0,0,16000,74000,-58000,-58000
05579P,友達凱基98售03  ,0,0,0,0,0,0,0,0,0,-58000,0,0,0,52000,110000,-58000,-58000
060419,漢翔永豐9A購01  ,0,0,0,0,0,0,0,0,0,-58000,0,0,0,0,58000,-58000,-58000
058596,旺宏台新99購01  ,0,0,0,0,0,0,0,0,0,-58000,0,0,0,0,58000,-58000,-58000
058572,百和凱基9A購01  ,0,0,0,0,0,0,0,0,0,-58000,0,0,0,0,58000,-58000,-58000
058900,旺宏元大99購11  ,0,0,0,0,0,0,0,0,0,-58000,0,0,0,0,58000,-58000,-58000
061285,大立光統一9A購04,0,0,0,0,0,0,0,0,0,-58000,0,0,0,0,58000,-58000,-58000
058215,貿聯群益99購02  ,0,0,0,0,0,0,0,0,0,-58000,0,0,0,12000,70000,-58000,-58000
058976,元油2X凱基9A購09,0,0,0,0,0,0,0,0,0,-58000,0,0,0,0,58000,-58000,-58000
064184,矽格富邦02購01  ,0,0,0,0,0,0,0,0,0,-58000,0,0,0,12000,70000,-58000,-58000
062021,康控永豐9B購01  ,0,0,0,0,0,0,0,0,0,-58000,0,0,0,10000,68000,-58000,-58000
061957,上銀統一01購01  ,0,0,0,0,0,0,0,0,0,-58000,0,0,0,49000,107000,-58000,-58000
1227,佳格            ,409995,482602,-72607,0,0,0,0,0,0,14000,14000,0,14000,0,0,0,-58607
065436,力成凱基02購01  ,0,0,0,0,0,0,0,0,0,-59000,0,0,0,41000,100000,-59000,-59000
065611,嘉聯益元大9C購02,0,0,0,0,0,0,0,0,0,-59000,0,0,0,198000,257000,-59000,-59000
066269,宏達電元大01購03,0,0,0,0,0,0,0,0,0,-59000,0,0,0,41000,100000,-59000,-59000
057325,可成群益9A購01  ,0,0,0,0,0,0,0,0,0,-59000,0,0,0,1000,60000,-59000,-59000
057357,超眾統一98購01  ,0,0,0,0,0,0,0,0,0,-59000,0,0,0,8000,67000,-59000,-59000
060427,聯茂永豐9A購01  ,0,0,0,0,0,0,0,0,0,-59000,0,0,0,70000,129000,-59000,-59000
059872,華新科凱基01購01,0,0,0,0,0,0,0,0,0,-59000,0,0,0,6000,65000,-59000,-59000
059169,可成凱基99購04  ,0,0,0,0,0,0,0,0,0,-59000,0,0,0,2000,61000,-59000,-59000
060122,亞德客永豐99購02,0,0,0,0,0,0,0,0,0,-59000,0,0,0,0,59000,-59000,-59000
060294,嘉澤元大9A購01  ,0,0,0,0,0,0,0,0,0,-59000,0,0,0,35000,94000,-59000,-59000
061447,鴻海中信04購02  ,0,0,0,0,0,0,0,0,0,-59000,0,0,0,4000,63000,-59000,-59000
061550,聯鈞群益9A購03  ,0,0,0,0,0,0,0,0,0,-59000,0,0,0,281000,340000,-59000,-59000
061541,旺宏群益9A購03  ,0,0,0,0,0,0,0,0,0,-59000,0,0,0,0,59000,-59000,-59000
061816,長榮航群益9B購02,0,0,0,0,0,0,0,0,0,-59000,0,0,0,46000,105000,-59000,-59000
058473,上銀凱基9A購03  ,0,0,0,0,0,0,0,0,0,-59000,0,0,0,0,59000,-59000,-59000
062907,可成元大9C購03  ,0,0,0,0,0,0,0,0,0,-59000,0,0,0,0,59000,-59000,-59000
062665,智易群益9B購01  ,0,0,0,0,0,0,0,0,0,-59000,0,0,0,0,59000,-59000,-59000
063853,同欣電元大9C購02,0,0,0,0,0,0,0,0,0,-59000,0,0,0,40000,99000,-59000,-59000
08422P,玉晶光群益02售03,0,0,0,0,0,0,0,0,0,-59000,0,0,0,120000,179000,-59000,-59000
066193,致新凱基01購01  ,0,0,0,0,0,0,0,0,0,-60000,0,0,0,0,60000,-60000,-60000
06763P,技嘉元大98售05  ,0,0,0,0,0,0,0,0,0,-60000,0,0,0,40000,100000,-60000,-60000
066341,永信永豐01購01  ,0,0,0,0,0,0,0,0,0,-60000,0,0,0,0,60000,-60000,-60000
065766,南電元大9C購08  ,0,0,0,0,0,0,0,0,0,-60000,0,0,0,43000,103000,-60000,-60000
07747P,晶技凱基9A售04  ,0,0,0,0,0,0,0,0,0,-60000,0,0,0,0,60000,-60000,-60000
07257P,臺股指凱基99售37,0,0,0,0,0,0,0,0,0,-60000,0,0,0,90000,150000,-60000,-60000
065697,旺宏群益9C購07  ,0,0,0,0,0,0,0,0,0,-60000,0,0,0,0,60000,-60000,-60000
065406,緯穎富邦9C購02  ,0,0,0,0,0,0,0,0,0,-60000,0,0,0,0,60000,-60000,-60000
065226,華通凱基01購01  ,0,0,0,0,0,0,0,0,0,-60000,0,0,0,70000,130000,-60000,-60000
065001,中橡國票9C購01  ,0,0,0,0,0,0,0,0,0,-60000,0,0,0,0,60000,-60000,-60000
064976,景碩元大9C購01  ,0,0,0,0,0,0,0,0,0,-60000,0,0,0,97000,157000,-60000,-60000
060485,華新科富邦9C購04,0,0,0,0,0,0,0,0,0,-60000,0,0,0,0,60000,-60000,-60000
056794,上銀麥證98購01  ,0,0,0,0,60000,-60000,0,0,0,-60000,0,0,0,0,60000,-60000,-60000
057004,滬深反中信9A購01,0,0,0,0,0,0,0,0,0,-60000,0,0,0,0,60000,-60000,-60000
056581,超眾元大99購01  ,0,0,0,0,0,0,0,0,0,-60000,0,0,0,1000,61000,-60000,-60000
055939,GIS群益97購01   ,0,0,0,0,0,0,0,0,0,-60000,0,0,0,0,60000,-60000,-60000
056161,康控凱基98購02  ,0,0,0,0,0,0,0,0,0,-60000,0,0,0,0,60000,-60000,-60000
056411,緯穎國票99購01  ,0,0,0,0,0,0,0,0,0,-60000,0,0,0,10000,70000,-60000,-60000
056397,彩晶永豐99購01  ,0,0,0,0,0,0,0,0,0,-60000,0,0,0,0,60000,-60000,-60000
055036,中工富邦9B購01  ,0,0,0,0,0,0,0,0,0,-60000,0,0,0,0,60000,-60000,-60000
055032,億光富邦99購01  ,0,0,0,0,0,0,0,0,0,-60000,0,0,0,0,60000,-60000,-60000
054231,國巨群益98購03  ,0,0,0,0,0,0,0,0,0,-60000,0,0,0,0,60000,-60000,-60000
051795,T50反1台新05購02,0,0,0,0,0,0,0,0,0,-60000,0,0,0,0,60000,-60000,-60000
058310,大立光元大99購10,0,0,0,0,0,0,0,0,0,-60000,0,0,0,0,60000,-60000,-60000
058184,鴻海永豐99購01  ,0,0,0,0,0,0,0,0,0,-60000,0,0,0,30000,90000,-60000,-60000
057871,國巨元大99購09  ,0,0,0,0,0,0,0,0,0,-60000,0,0,0,0,60000,-60000,-60000
061230,臺指反元大01購04,0,0,0,0,0,0,0,0,0,-60000,0,0,0,0,60000,-60000,-60000
061273,臺股指凱基9A購23,0,0,0,0,0,0,0,0,0,-60000,0,0,0,0,60000,-60000,-60000
061849,國巨國票9B購08  ,0,0,0,0,0,0,0,0,0,-60000,0,0,0,4000,64000,-60000,-60000
060983,南亞科元大9A購06,0,0,0,0,0,0,0,0,0,-60000,0,0,0,4000,64000,-60000,-60000
059974,臺指反元大9C購05,0,0,0,0,0,0,0,0,0,-60000,0,0,0,0,60000,-60000,-60000
059531,華新科凱基9B購02,0,0,0,0,0,0,0,0,0,-60000,0,0,0,2000,62000,-60000,-60000
059236,鴻海凱基99購09  ,0,0,0,0,0,0,0,0,0,-60000,0,0,0,4000,64000,-60000,-60000
063840,鴻海元大01購01  ,0,0,0,0,0,0,0,0,0,-60000,0,0,0,45000,105000,-60000,-60000
063509,超眾群益9B購03  ,0,0,0,0,0,0,0,0,0,-60000,0,0,0,0,60000,-60000,-60000
063589,美食永豐9B購02  ,0,0,0,0,0,0,0,0,0,-60000,0,0,0,0,60000,-60000,-60000
064120,鴻海元大9C購07  ,0,0,0,0,0,0,0,0,0,-60000,0,0,0,30000,90000,-60000,-60000
064066,達新永豐9C購01  ,0,0,0,0,0,0,0,0,0,-60000,0,0,0,0,60000,-60000,-60000
064256,玉晶光國泰02購02,0,0,0,0,0,0,0,0,0,-60000,0,0,0,64000,124000,-60000,-60000
062600,可成台新9B購01  ,0,0,0,0,0,0,0,0,0,-60000,0,0,0,0,60000,-60000,-60000
062923,緯穎元大9B購06  ,0,0,0,0,0,0,0,0,0,-60000,0,0,0,0,60000,-60000,-60000
063270,喬山兆豐9C購01  ,0,0,0,0,0,0,0,0,0,-60000,0,0,0,0,60000,-60000,-60000
061956,和大統一01購01  ,0,0,0,0,0,0,0,0,0,-60000,0,0,0,45000,105000,-60000,-60000
08031P,臺股指元大9B售38,0,0,0,0,0,0,0,0,0,-60000,0,0,0,0,60000,-60000,-60000
08059P,京鼎元大9B售02  ,0,0,0,0,0,0,0,0,0,-60000,0,0,0,0,60000,-60000,-60000
065396,微星群益01購01  ,0,0,0,0,0,0,0,0,0,-61000,0,0,0,62000,123000,-61000,-61000
065596,鴻海元大9C購16  ,0,0,0,0,0,0,0,0,0,-61000,0,0,0,215000,276000,-61000,-61000
065907,南亞科永豐9C購01,0,0,0,0,0,0,0,0,0,-61000,0,0,0,0,61000,-61000,-61000
066062,同欣電元大01購02,0,0,0,0,0,0,0,0,0,-61000,0,0,0,98000,159000,-61000,-61000
00680L,元大美債20正2   ,0,0,0,0,0,0,0,0,0,-61000,0,0,0,6000,67000,-61000,-61000
060799,茂林永豐9A購01  ,0,0,0,0,0,0,0,0,0,-61000,0,0,0,26000,87000,-61000,-61000
060869,超眾永豐9A購02  ,0,0,0,0,0,0,0,0,0,-61000,0,0,0,0,61000,-61000,-61000
058353,國巨凱基99購09  ,0,0,0,0,0,0,0,0,0,-61000,0,0,0,80000,141000,-61000,-61000
062564,矽創凱基9B購01  ,0,0,0,0,0,0,0,0,0,-61000,0,0,0,61000,122000,-61000,-61000
064270,華通元大9C購03  ,0,0,0,0,0,0,0,0,0,-61000,0,0,0,28000,89000,-61000,-61000
064467,南亞科元富9C購02,0,0,0,0,0,0,0,0,0,-61000,0,0,0,0,61000,-61000,-61000
064075,台積電中信06購01,0,0,0,0,0,0,0,0,0,-61000,0,0,0,46000,107000,-61000,-61000
063325,SP黃豆國票9C購02,0,0,0,0,0,0,0,0,0,-61000,0,0,0,51000,112000,-61000,-61000
063715,鈺齊凱基9C購01  ,0,0,0,0,0,0,0,0,0,-61000,0,0,0,163000,224000,-61000,-61000
08003P,國巨國泰9B售07  ,0,0,0,0,0,0,0,0,0,-61000,0,0,0,40000,101000,-61000,-61000
08670P,健策統一01售01  ,0,0,0,0,0,0,0,0,0,-61000,0,0,0,14000,75000,-61000,-61000
2607,榮運            ,409000,503000,-94000,0,0,0,0,0,0,33000,33000,0,33000,0,0,0,-61000
064614,友訊元大9C購02  ,0,0,0,0,0,0,0,0,0,-62000,0,0,0,1000,63000,-62000,-62000
054739,義隆凱基98購02  ,0,0,0,0,0,0,0,0,0,-62000,0,0,0,18000,80000,-62000,-62000
058356,華邦電凱基99購01,0,0,0,0,0,0,0,0,0,-62000,0,0,0,10000,72000,-62000,-62000
057935,晶技群益98購02  ,0,0,0,0,0,0,0,0,0,-62000,0,0,0,0,62000,-62000,-62000
060105,牧德元大9B購01  ,0,0,0,0,0,0,0,0,0,-62000,0,0,0,13000,75000,-62000,-62000
061038,TPK永豐9A購01   ,0,0,0,0,0,0,0,0,0,-62000,0,0,0,9000,71000,-62000,-62000
061713,華邦電凱基9A購01,0,0,0,0,0,0,0,0,0,-62000,0,0,0,36000,98000,-62000,-62000
063305,亞光凱基9B購01  ,0,0,0,0,0,0,0,0,0,-62000,0,0,0,5000,67000,-62000,-62000
063313,南亞科群益9B購02,0,0,0,0,0,0,0,0,0,-62000,0,0,0,0,62000,-62000,-62000
063931,牧德統一01購02  ,0,0,0,0,0,0,0,0,0,-62000,0,0,0,20000,82000,-62000,-62000
064284,京鼎元大9C購01  ,0,0,0,0,0,0,0,0,0,-62000,0,0,0,63000,125000,-62000,-62000
061915,T50反1凱基02購02,0,0,0,0,0,0,0,0,0,-62000,0,0,0,120000,182000,-62000,-62000
065640,聯電元大01購02  ,0,0,0,0,0,0,0,0,0,-63000,0,0,0,63000,126000,-63000,-63000
065334,立積國票01購02  ,0,0,0,0,0,0,0,0,0,-63000,0,0,0,0,63000,-63000,-63000
065979,立積元大03購01  ,0,0,0,0,0,0,0,0,0,-63000,0,0,0,528000,591000,-63000,-63000
056114,台達電群益97購02,0,0,0,0,0,0,0,0,0,-63000,0,0,0,12000,75000,-63000,-63000
058803,世紀鋼元大99購03,0,0,0,0,0,0,0,0,0,-63000,0,0,0,7000,70000,-63000,-63000
058861,國巨凱基9A購08  ,0,0,0,0,0,0,0,0,0,-63000,0,0,0,82000,145000,-63000,-63000
057960,聯鈞元大98購02  ,0,0,0,0,0,0,0,0,0,-63000,0,0,0,82000,145000,-63000,-63000
060022,勤誠康和99購01  ,0,0,0,0,0,0,0,0,0,-63000,0,0,0,0,63000,-63000,-63000
059623,聯電凱基99購02  ,0,0,0,0,0,0,0,0,0,-63000,0,0,0,8000,71000,-63000,-63000
058774,台郡兆豐9A購01  ,0,0,0,0,0,0,0,0,0,-63000,0,0,0,163000,226000,-63000,-63000
063154,南六元富9B購02  ,0,0,0,0,0,0,0,0,0,-63000,0,0,0,0,63000,-63000,-63000
063487,國巨國泰01購02  ,0,0,0,0,0,0,0,0,0,-63000,0,0,0,57000,120000,-63000,-63000
2451,創見            ,397000,97000,300000,0,0,0,0,191000,-191000,-172000,8000,0,8000,0,180000,-180000,-63000
08393P,鴻海群益9C售05  ,0,0,0,0,0,0,0,0,0,-63000,0,0,0,60000,123000,-63000,-63000
08563P,金像電元富9C售03,0,0,0,0,0,0,0,0,0,-63000,0,0,0,2000,65000,-63000,-63000
4560,強信-KY         ,201000,268000,-67000,0,0,0,0,0,0,4000,4000,0,4000,0,0,0,-63000
9921,巨大            ,478252,509000,-30748,0,0,0,0,28000,-28000,-5000,6000,8000,-2000,1000,4000,-3000,-63748
065795,康友永豐9C購02  ,0,0,0,0,0,0,0,0,0,-64000,0,0,0,0,64000,-64000,-64000
06984P,上銀富邦9B售01  ,0,0,0,0,0,0,0,0,0,-64000,0,0,0,38000,102000,-64000,-64000
065327,台表科凱基9C購02,0,0,0,0,0,0,0,0,0,-64000,0,0,0,18000,82000,-64000,-64000
065180,台表科元大9C購10,0,0,0,0,0,0,0,0,0,-64000,0,0,0,14000,78000,-64000,-64000
057043,台積電元大99購02,0,0,0,0,0,0,0,0,0,-64000,0,0,0,425000,489000,-64000,-64000
055261,帆宣統一98購01  ,0,0,0,0,0,0,0,0,0,-64000,0,0,0,159000,223000,-64000,-64000
058020,大立光凱基99購03,0,0,0,0,0,0,0,0,0,-64000,0,0,0,0,64000,-64000,-64000
058559,華新科日盛99購02,0,0,0,0,0,0,0,0,0,-64000,0,0,0,1000,65000,-64000,-64000
058399,美律元大99購05  ,0,0,0,0,0,0,0,0,0,-64000,0,0,0,25000,89000,-64000,-64000
061678,玉晶光元大9B購04,0,0,0,0,0,0,0,0,0,-64000,0,0,0,5000,69000,-64000,-64000
061525,華新科凱基9A購13,0,0,0,0,0,0,0,0,0,-64000,0,0,0,0,64000,-64000,-64000
061511,緯穎富邦9B購02  ,0,0,0,0,0,0,0,0,0,-64000,0,0,0,121000,185000,-64000,-64000
060333,金寶康和9A購01  ,0,0,0,0,0,0,0,0,0,-64000,0,0,0,99000,163000,-64000,-64000
063880,可成元富9C購01  ,0,0,0,0,0,0,0,0,0,-64000,0,0,0,33000,97000,-64000,-64000
063049,上海銀兆豐9B購01,0,0,0,0,0,0,0,0,0,-64000,0,0,0,692000,756000,-64000,-64000
9802,鈺齊-KY         ,453000,132000,321000,0,0,0,0,360000,-360000,-25000,0,0,0,22000,47000,-25000,-64000
08556P,臺股指中信01售08,0,0,0,0,0,0,0,0,0,-64000,0,0,0,50000,114000,-64000,-64000
065734,凌華凱基9C購01  ,0,0,0,0,0,0,0,0,0,-65000,0,0,0,0,65000,-65000,-65000
065543,緯穎元富01購01  ,0,0,0,0,0,0,0,0,0,-65000,0,0,0,98000,163000,-65000,-65000
065508,大成鋼群益01購01,0,0,0,0,0,0,0,0,0,-65000,0,0,0,0,65000,-65000,-65000
064760,玉晶光凱基01購02,0,0,0,0,0,0,0,0,0,-65000,0,0,0,28000,93000,-65000,-65000
065985,金像電永豐01購02,0,0,0,0,0,0,0,0,0,-65000,0,0,0,102000,167000,-65000,-65000
06599P,宏達電永豐98售02,0,0,0,0,0,0,0,0,0,-65000,0,0,0,10000,75000,-65000,-65000
066041,台光電元大01購02,0,0,0,0,0,0,0,0,0,-65000,0,0,0,0,65000,-65000,-65000
056428,台達電凱基99購01,0,0,0,0,0,0,0,0,0,-65000,0,0,0,34000,99000,-65000,-65000
057767,緯穎凱基98購06  ,0,0,0,0,0,0,0,0,0,-65000,0,0,0,10000,75000,-65000,-65000
062228,南六統一02購01  ,0,0,0,0,0,0,0,0,0,-65000,0,0,0,0,65000,-65000,-65000
062399,神基永豐9B購01  ,0,0,0,0,0,0,0,0,0,-65000,0,0,0,0,65000,-65000,-65000
064361,旺宏統一01購06  ,0,0,0,0,0,0,0,0,0,-65000,0,0,0,4000,69000,-65000,-65000
08362P,國巨凱基02售01  ,0,0,0,0,0,0,0,0,0,-65000,0,0,0,2000,67000,-65000,-65000
6277,宏正            ,44000,111000,-67000,0,0,0,0,0,0,2000,2000,0,2000,0,0,0,-65000
064985,台表科元大9C購09,0,0,0,0,0,0,0,0,0,-66000,0,0,0,21000,87000,-66000,-66000
064813,祥碩元大9C購05  ,0,0,0,0,0,0,0,0,0,-66000,0,0,0,202000,268000,-66000,-66000
065524,康控群益01購01  ,0,0,0,0,0,0,0,0,0,-66000,0,0,0,24000,90000,-66000,-66000
065694,國巨群益9C購19  ,0,0,0,0,0,0,0,0,0,-66000,0,0,0,2000,68000,-66000,-66000
065228,南亞科凱基01購03,0,0,0,0,0,0,0,0,0,-66000,0,0,0,50000,116000,-66000,-66000
057075,嘉聯益永豐98購01,0,0,0,0,0,0,0,0,0,-66000,0,0,0,26000,92000,-66000,-66000
061793,上銀永豐9B購01  ,0,0,0,0,0,0,0,0,0,-66000,0,0,0,0,66000,-66000,-66000
059950,百和永豐99購02  ,0,0,0,0,0,0,0,0,0,-66000,0,0,0,111000,177000,-66000,-66000
059259,FBVIX中信03購06 ,0,0,0,0,0,0,0,0,0,-66000,0,0,0,30000,96000,-66000,-66000
059841,國巨富邦9C購01  ,0,0,0,0,0,0,0,0,0,-66000,0,0,0,80000,146000,-66000,-66000
058445,旺宏富邦9C購01  ,0,0,0,0,0,0,0,0,0,-66000,0,0,0,33000,99000,-66000,-66000
061134,大成鋼統一9C購01,0,0,0,0,0,0,0,0,0,-66000,0,0,0,0,66000,-66000,-66000
060367,緯穎元富9A購02  ,0,0,0,0,0,0,0,0,0,-66000,0,0,0,111000,177000,-66000,-66000
059635,華新科凱基9A購06,0,0,0,0,0,0,0,0,0,-66000,0,0,0,0,66000,-66000,-66000
058835,元油2X中信9C購02,0,0,0,0,0,0,0,0,0,-66000,0,0,0,1000,67000,-66000,-66000
064411,台表科凱基02購01,0,0,0,0,0,0,0,0,0,-66000,0,0,0,13000,79000,-66000,-66000
063941,國巨元大9C購12  ,0,0,0,0,0,0,0,0,0,-66000,0,0,0,3000,69000,-66000,-66000
063764,上銀元富9B購08  ,0,0,0,0,0,0,0,0,0,-66000,0,0,0,0,66000,-66000,-66000
063539,世紀鋼統一9B購02,0,0,0,0,0,0,0,0,0,-66000,0,0,0,13000,79000,-66000,-66000
062146,大毅國票9B購01  ,0,0,0,0,0,0,0,0,0,-66000,0,0,0,33000,99000,-66000,-66000
061947,旺宏群益9B購02  ,0,0,0,0,0,0,0,0,0,-66000,0,0,0,25000,91000,-66000,-66000
062005,旺宏國泰01購01  ,0,0,0,0,0,0,0,0,0,-66000,0,0,0,0,66000,-66000,-66000
062940,華新科凱基9C購02,0,0,0,0,0,0,0,0,0,-66000,0,0,0,31000,97000,-66000,-66000
4961,天鈺            ,437000,508000,-71000,0,0,0,0,0,0,5000,5000,0,5000,0,0,0,-66000
08302P,長榮航國泰02售01,0,0,0,0,0,0,0,0,0,-66000,0,0,0,43000,109000,-66000,-66000
065269,貿聯元大9C購05  ,0,0,0,0,0,0,0,0,0,-67000,0,0,0,60000,127000,-67000,-67000
065976,牧德元大02購02  ,0,0,0,0,0,0,0,0,0,-67000,0,0,0,0,67000,-67000,-67000
056772,欣興元大99購01  ,0,0,0,0,0,0,0,0,0,-67000,0,0,0,190000,257000,-67000,-67000
058813,旺宏統一9B購04  ,0,0,0,0,0,0,0,0,0,-67000,0,0,0,180000,247000,-67000,-67000
060363,美律元富9A購01  ,0,0,0,0,0,0,0,0,0,-67000,0,0,0,114000,181000,-67000,-67000
058604,華邦電元大99購03,0,0,0,0,0,0,0,0,0,-67000,0,0,0,100000,167000,-67000,-67000
059006,樺漢元大99購01  ,0,0,0,0,0,0,0,0,0,-67000,0,0,0,14000,81000,-67000,-67000
062909,大立光元大9C購04,0,0,0,0,0,0,0,0,0,-67000,0,0,0,39000,106000,-67000,-67000
062710,盛群元大9B購01  ,0,0,0,0,0,0,0,0,0,-67000,0,0,0,258000,325000,-67000,-67000
062324,上銀統一9B購04  ,0,0,0,0,0,0,0,0,0,-67000,0,0,0,0,67000,-67000,-67000
062541,臻鼎國泰01購01  ,0,0,0,0,0,0,0,0,0,-67000,0,0,0,0,67000,-67000,-67000
064397,旭富永豐9C購01  ,0,0,0,0,0,0,0,0,0,-67000,0,0,0,35000,102000,-67000,-67000
3708,上緯投控        ,137000,199000,-62000,0,0,0,0,1000,-1000,-4000,0,0,0,4000,8000,-4000,-67000
1434,福懋            ,1078649,1232000,-153351,0,0,0,645000,13000,632000,-546000,25000,0,25000,0,571000,-571000,-67351
065253,和大元大01購02  ,0,0,0,0,0,0,0,0,0,-68000,0,0,0,0,68000,-68000,-68000
065190,緯穎統一9C購02  ,0,0,0,0,0,0,0,0,0,-68000,0,0,0,2000,70000,-68000,-68000
065649,牧德元大03購01  ,0,0,0,0,0,0,0,0,0,-68000,0,0,0,200000,268000,-68000,-68000
057495,牧德元大99購04  ,0,0,0,0,0,0,0,0,0,-68000,0,0,0,0,68000,-68000,-68000
056871,新日興日盛99購01,0,0,0,0,0,0,0,0,0,-68000,0,0,0,83000,151000,-68000,-68000
057538,緯穎元大98購07  ,0,0,0,0,0,0,0,0,0,-68000,0,0,0,0,68000,-68000,-68000
060688,世紀鋼元大9C購01,0,0,0,0,0,0,0,0,0,-68000,0,0,0,0,68000,-68000,-68000
056470,旺宏元大99購01  ,0,0,0,0,0,0,0,0,0,-68000,0,0,0,0,68000,-68000,-68000
054891,聯鈞統一99購02  ,0,0,0,0,0,0,0,0,0,-68000,0,0,0,50000,118000,-68000,-68000
060165,上緯控永豐9A購01,0,0,0,0,0,0,0,0,0,-68000,0,0,0,5000,73000,-68000,-68000
058494,可成群益9B購01  ,0,0,0,0,0,0,0,0,0,-68000,0,0,0,98000,166000,-68000,-68000
057877,神達元大99購01  ,0,0,0,0,0,0,0,0,0,-68000,0,0,0,180000,248000,-68000,-68000
058741,欣興日盛99購01  ,0,0,0,0,0,0,0,0,0,-68000,0,0,0,7000,75000,-68000,-68000
062849,中興電永豐9B購02,0,0,0,0,0,0,0,0,0,-68000,0,0,0,0,68000,-68000,-68000
063288,泰鼎元大9B購02  ,0,0,0,0,0,0,0,0,0,-68000,0,0,0,118000,186000,-68000,-68000
08568P,臺股指富邦9C售05,0,0,0,0,0,0,0,0,0,-68000,0,0,0,17000,85000,-68000,-68000
065084,南亞科元大9C購08,0,0,0,0,0,0,0,0,0,-69000,0,0,0,29000,98000,-69000,-69000
066026,泰碩群益03購01  ,0,0,0,0,0,0,0,0,0,-69000,0,0,0,40000,109000,-69000,-69000
065937,大毅群益02購01  ,0,0,0,0,0,0,0,0,0,-69000,0,0,0,19000,88000,-69000,-69000
066285,松翰元大01購02  ,0,0,0,0,0,0,0,0,0,-69000,0,0,0,0,69000,-69000,-69000
054890,聯鈞統一99購01  ,0,0,0,0,0,0,0,0,0,-69000,0,0,0,49000,118000,-69000,-69000
055681,奇鋐凱基98購03  ,0,0,0,0,0,0,0,0,0,-69000,0,0,0,0,69000,-69000,-69000
056907,群創元大9C購04  ,0,0,0,0,0,0,0,0,0,-69000,0,0,0,126000,195000,-69000,-69000
057895,全新元富9B購01  ,0,0,0,0,0,0,0,0,0,-69000,0,0,0,0,69000,-69000,-69000
058435,旺宏統一9B購02  ,0,0,0,0,0,0,0,0,0,-69000,0,0,0,0,69000,-69000,-69000
061687,大成鋼群益9A購01,0,0,0,0,0,0,0,0,0,-69000,0,0,0,0,69000,-69000,-69000
063146,南六統一9B購02  ,0,0,0,0,0,0,0,0,0,-69000,0,0,0,158000,227000,-69000,-69000
062619,台表科元大9B購03,0,0,0,0,0,0,0,0,0,-69000,0,0,0,106000,175000,-69000,-69000
062081,華新科元大9B購06,0,0,0,0,0,0,0,0,0,-69000,0,0,0,68000,137000,-69000,-69000
08256P,台積電元大9C售02,0,0,0,0,0,0,0,0,0,-69000,0,0,0,100000,169000,-69000,-69000
08214P,南六統一9B售03  ,0,0,0,0,0,0,0,0,0,-69000,0,0,0,465000,534000,-69000,-69000
4108,懷特            ,212000,283000,-71000,0,0,0,0,0,0,2000,2000,0,2000,0,0,0,-69000
066253,泰豐元大01購01  ,0,0,0,0,0,0,0,0,0,-70000,0,0,0,0,70000,-70000,-70000
065733,茂林凱基9C購03  ,0,0,0,0,0,0,0,0,0,-70000,0,0,0,160000,230000,-70000,-70000
06515P,國巨凱基98售06  ,0,0,0,0,0,0,0,0,0,-70000,0,0,0,0,70000,-70000,-70000
056877,群創凱基99購04  ,0,0,0,0,0,0,0,0,0,-70000,0,0,0,180000,250000,-70000,-70000
056971,麗豐永豐98購01  ,0,0,0,0,0,0,0,0,0,-70000,0,0,0,50000,120000,-70000,-70000
060651,瑞儀中信9B購01  ,0,0,0,0,0,0,0,0,0,-70000,0,0,0,10000,80000,-70000,-70000
057258,中環兆豐98購01  ,0,0,0,0,0,0,0,0,0,-70000,0,0,0,0,70000,-70000,-70000
055218,彩晶凱基99購01  ,0,0,0,0,0,0,0,0,0,-70000,0,0,0,0,70000,-70000,-70000
061425,華新科元大9A購19,0,0,0,0,0,0,0,0,0,-70000,0,0,0,0,70000,-70000,-70000
061833,華新科凱基02購01,0,0,0,0,0,0,0,0,0,-70000,0,0,0,50000,120000,-70000,-70000
060313,淘帝永豐9A購01  ,0,0,0,0,0,0,0,0,0,-70000,0,0,0,0,70000,-70000,-70000
061462,國巨群益9A購11  ,0,0,0,0,0,0,0,0,0,-70000,0,0,0,2000,72000,-70000,-70000
058267,奇鋐永豐99購01  ,0,0,0,0,0,0,0,0,0,-70000,0,0,0,23000,93000,-70000,-70000
057964,緯穎元大99購03  ,0,0,0,0,0,0,0,0,0,-70000,0,0,0,18000,88000,-70000,-70000
062215,華通統一9B購01  ,0,0,0,0,0,0,0,0,0,-70000,0,0,0,479000,549000,-70000,-70000
062269,葡萄王群益9B購01,0,0,0,0,0,0,0,0,0,-70000,0,0,0,50000,120000,-70000,-70000
062744,超眾國泰9C購01  ,0,0,0,0,0,0,0,0,0,-70000,0,0,0,6000,76000,-70000,-70000
06433P,大立光群益99售01,0,0,0,0,0,0,0,0,0,-70000,0,0,0,0,70000,-70000,-70000
063966,大毅國票01購01  ,0,0,0,0,0,0,0,0,0,-70000,0,0,0,98000,168000,-70000,-70000
063999,日月光兆豐9C購01,0,0,0,0,0,0,0,0,0,-70000,0,0,0,2000,72000,-70000,-70000
063368,遠東新永豐9B購01,0,0,0,0,0,0,0,0,0,-70000,0,0,0,0,70000,-70000,-70000
08005P,台積電群益9C售04,0,0,0,0,0,0,0,0,0,-70000,0,0,0,0,70000,-70000,-70000
08593P,聯發科凱基9C售13,0,0,0,0,0,0,0,0,0,-70000,0,0,0,55000,125000,-70000,-70000
6206,飛捷            ,54000,125000,-71000,0,0,0,0,0,0,1000,1000,0,1000,0,0,0,-70000
066089,文曄永豐01購01  ,0,0,0,0,0,0,0,0,0,-71000,0,0,0,0,71000,-71000,-71000
066170,聯陽凱基01購01  ,0,0,0,0,0,0,0,0,0,-71000,0,0,0,0,71000,-71000,-71000
066037,華通元大01購03  ,0,0,0,0,0,0,0,0,0,-71000,0,0,0,17000,88000,-71000,-71000
00686R,群益臺灣加權反1 ,0,0,0,0,0,0,0,0,0,-71000,0,0,0,35000,106000,-71000,-71000
057719,欣興元富02購01  ,0,0,0,0,0,0,0,0,0,-71000,0,0,0,1150000,1221000,-71000,-71000
056375,玉晶光統一01購01,0,0,0,0,0,0,0,0,0,-71000,0,0,0,186000,257000,-71000,-71000
055525,國巨群益98購05  ,0,0,0,0,0,0,0,0,0,-71000,0,0,0,12000,83000,-71000,-71000
060033,臻鼎永豐99購01  ,0,0,0,0,0,0,0,0,0,-71000,0,0,0,37000,108000,-71000,-71000
058059,晶技元富98購01  ,0,0,0,0,0,0,0,0,0,-71000,0,0,0,0,71000,-71000,-71000
058434,旺宏統一9B購01  ,0,0,0,0,0,0,0,0,0,-71000,0,0,0,0,71000,-71000,-71000
061802,勤誠永豐9B購01  ,0,0,0,0,0,0,0,0,0,-71000,0,0,0,0,71000,-71000,-71000
059165,南亞科凱基99購04,0,0,0,0,0,0,0,0,0,-71000,0,0,0,50000,121000,-71000,-71000
061003,南亞科兆豐9A購01,0,0,0,0,0,0,0,0,0,-71000,0,0,0,0,71000,-71000,-71000
064029,宏達電元大9C購01,0,0,0,0,0,0,0,0,0,-71000,0,0,0,73000,144000,-71000,-71000
08557P,臺股指中信01售09,0,0,0,0,0,0,0,0,0,-71000,0,0,0,15000,86000,-71000,-71000
08380P,GIS元大9C售06   ,0,0,0,0,0,0,0,0,0,-71000,0,0,0,0,71000,-71000,-71000
066045,聯發科元大01購08,0,0,0,0,0,0,0,0,0,-72000,0,0,0,10000,82000,-72000,-72000
065834,億豐凱基03購01  ,0,0,0,0,0,0,0,0,0,-72000,0,0,0,0,72000,-72000,-72000
065614,緯穎元大01購02  ,0,0,0,0,0,0,0,0,0,-72000,0,0,0,90000,162000,-72000,-72000
065043,新光金凱基02購01,0,0,0,0,0,0,0,0,0,-72000,0,0,0,30000,102000,-72000,-72000
054742,京鼎凱基99購01  ,0,0,0,0,0,0,0,0,0,-72000,0,0,0,36000,108000,-72000,-72000
020012,富邦行動通訊N   ,0,0,0,0,0,0,0,0,0,-72000,0,0,0,199000,271000,-72000,-72000
057019,台積電凱基98購14,0,0,0,0,0,0,0,0,0,-72000,0,0,0,0,72000,-72000,-72000
056177,嘉澤元富97購01  ,0,0,0,0,0,0,0,0,0,-72000,0,0,0,141000,213000,-72000,-72000
061723,嘉聯益永豐9A購03,0,0,0,0,0,0,0,0,0,-72000,0,0,0,0,72000,-72000,-72000
058342,鴻海群益9A購01  ,0,0,0,0,0,0,0,0,0,-72000,0,0,0,115000,187000,-72000,-72000
058847,國巨群益99購05  ,0,0,0,0,0,0,0,0,0,-72000,0,0,0,37000,109000,-72000,-72000
063950,信邦元大9C購01  ,0,0,0,0,0,0,0,0,0,-72000,0,0,0,52000,124000,-72000,-72000
063374,嘉澤永豐9B購04  ,0,0,0,0,0,0,0,0,0,-72000,0,0,0,35000,107000,-72000,-72000
063258,緯穎國泰9C購01  ,0,0,0,0,0,0,0,0,0,-72000,0,0,0,0,72000,-72000,-72000
062037,華新凱基9B購01  ,0,0,0,0,0,0,0,0,0,-72000,0,0,0,40000,112000,-72000,-72000
08463P,台灣50國泰02售02,0,0,0,0,0,0,0,0,0,-72000,0,0,0,124000,196000,-72000,-72000
3057,喬鼎            ,26000,98000,-72000,0,0,0,0,0,0,0,0,0,0,0,0,0,-72000
6431,光麗-KY         ,48000,120000,-72000,0,0,0,0,0,0,0,0,0,0,0,0,0,-72000
8466,美吉吉-KY       ,8000,82000,-74000,0,0,0,0,0,0,2000,2000,0,2000,0,0,0,-72000
1102,亞泥            ,3241966,2670000,571966,0,0,0,0,26000,-26000,-618000,33000,208000,-175000,115000,558000,-443000,-72034
064646,群創凱基02購01  ,0,0,0,0,0,0,0,0,0,-73000,0,0,0,176000,249000,-73000,-73000
064564,義隆群益9C購02  ,0,0,0,0,0,0,0,0,0,-73000,0,0,0,40000,113000,-73000,-73000
065712,緯穎群益9C購03  ,0,0,0,0,0,0,0,0,0,-73000,0,0,0,41000,114000,-73000,-73000
07090P,台灣50凱基01售01,0,0,0,0,0,0,0,0,0,-73000,0,0,0,0,73000,-73000,-73000
054164,強茂凱基98購01  ,0,0,0,0,0,0,0,0,0,-73000,0,0,0,21000,94000,-73000,-73000
055732,全新元富9A購01  ,0,0,0,0,0,0,0,0,0,-73000,0,0,0,0,73000,-73000,-73000
058053,上銀統一9B購01  ,0,0,0,0,0,0,0,0,0,-73000,0,0,0,75000,148000,-73000,-73000
059689,南亞科永豐99購02,0,0,0,0,0,0,0,0,0,-73000,0,0,0,65000,138000,-73000,-73000
057907,台達電亞東99購01,0,0,0,0,0,0,0,0,0,-73000,0,0,0,14000,87000,-73000,-73000
058139,臻鼎元大99購01  ,0,0,0,0,0,0,0,0,0,-73000,0,0,0,68000,141000,-73000,-73000
057828,緯穎元大99購02  ,0,0,0,0,0,0,0,0,0,-73000,0,0,0,60000,133000,-73000,-73000
062672,兆豐金中信03購01,0,0,0,0,0,0,0,0,0,-73000,0,0,0,203000,276000,-73000,-73000
08549P,大立光元大9C售25,0,0,0,0,0,0,0,0,0,-73000,0,0,0,60000,133000,-73000,-73000
08534P,玉晶光元富06售02,0,0,0,0,0,0,0,0,0,-73000,0,0,0,250000,323000,-73000,-73000
065535,健鼎統一02購03  ,0,0,0,0,0,0,0,0,0,-74000,0,0,0,48000,122000,-74000,-74000
065587,亞德客永豐9C購02,0,0,0,0,0,0,0,0,0,-74000,0,0,0,0,74000,-74000,-74000
065229,友達凱基02購03  ,0,0,0,0,0,0,0,0,0,-74000,0,0,0,78000,152000,-74000,-74000
055182,京鼎統一98購01  ,0,0,0,0,0,0,0,0,0,-74000,0,0,0,10000,84000,-74000,-74000
056683,台積電統一98購05,0,0,0,0,0,0,0,0,0,-74000,0,0,0,78000,152000,-74000,-74000
061649,緯穎元大9A購06  ,0,0,0,0,0,0,0,0,0,-74000,0,0,0,6000,80000,-74000,-74000
063591,麗豐永豐9B購02  ,0,0,0,0,0,0,0,0,0,-74000,0,0,0,68000,142000,-74000,-74000
064034,台表科元大9C購07,0,0,0,0,0,0,0,0,0,-74000,0,0,0,49000,123000,-74000,-74000
064266,聯茂永豐9C購01  ,0,0,0,0,0,0,0,0,0,-74000,0,0,0,282000,356000,-74000,-74000
2387,精元            ,649000,739000,-90000,0,0,0,0,110000,-110000,126000,162000,60000,102000,40000,16000,24000,-74000
065391,和大群益01購03  ,0,0,0,0,0,0,0,0,0,-75000,0,0,0,0,75000,-75000,-75000
064537,健鼎國票01購02  ,0,0,0,0,0,0,0,0,0,-75000,0,0,0,35000,110000,-75000,-75000
064619,南亞科元大9C購05,0,0,0,0,0,0,0,0,0,-75000,0,0,0,7000,82000,-75000,-75000
064804,英業達元大9C購01,0,0,0,0,0,0,0,0,0,-75000,0,0,0,240000,315000,-75000,-75000
07011P,宏達電凱基99售02,0,0,0,0,0,0,0,0,0,-75000,0,0,0,30000,105000,-75000,-75000
057568,友訊永豐99購01  ,0,0,0,0,0,0,0,0,0,-75000,0,0,0,55000,130000,-75000,-75000
057508,康控國票99購03  ,0,0,0,0,0,0,0,0,0,-75000,0,0,0,0,75000,-75000,-75000
060819,國巨統一9C購04  ,0,0,0,0,0,0,0,0,0,-75000,0,0,0,40000,115000,-75000,-75000
061776,晶技國票9B購01  ,0,0,0,0,0,0,0,0,0,-75000,0,0,0,4000,79000,-75000,-75000
059540,新光金日盛99購01,0,0,0,0,0,0,0,0,0,-75000,0,0,0,25000,100000,-75000,-75000
058984,全新凱基9A購03  ,0,0,0,0,0,0,0,0,0,-75000,0,0,0,25000,100000,-75000,-75000
059865,國巨凱基01購01  ,0,0,0,0,0,0,0,0,0,-75000,0,0,0,174000,249000,-75000,-75000
058177,華新科凱基99購02,0,0,0,0,0,0,0,0,0,-75000,0,0,0,0,75000,-75000,-75000
063647,超眾元大9B購02  ,0,0,0,0,0,0,0,0,0,-75000,0,0,0,30000,105000,-75000,-75000
063084,可成凱基9C購01  ,0,0,0,0,0,0,0,0,0,-75000,0,0,0,9000,84000,-75000,-75000
08456P,聯發科元大9C售13,0,0,0,0,0,0,0,0,0,-75000,0,0,0,0,75000,-75000,-75000
08478P,臺股指凱基9C售16,0,0,0,0,0,0,0,0,0,-75000,0,0,0,71000,146000,-75000,-75000
08224P,臺股指凱基9B售19,0,0,0,0,0,0,0,0,0,-75000,0,0,0,75000,150000,-75000,-75000
6715,嘉基            ,277000,377000,-100000,0,0,0,0,40000,-40000,65000,64000,0,64000,1000,0,1000,-75000
065970,燿華元大02購01  ,0,0,0,0,0,0,0,0,0,-76000,0,0,0,24000,100000,-76000,-76000
065015,上証2X富邦01購01,0,0,0,0,0,0,0,0,0,-76000,0,0,0,5000,81000,-76000,-76000
065086,可成元大01購04  ,0,0,0,0,0,0,0,0,0,-76000,0,0,0,25000,101000,-76000,-76000
064831,宏達電統一02購01,0,0,0,0,0,0,0,0,0,-76000,0,0,0,23000,99000,-76000,-76000
064957,台表科凱基02購02,0,0,0,0,0,0,0,0,0,-76000,0,0,0,44000,120000,-76000,-76000
065198,玉晶光元富06購01,0,0,0,0,0,0,0,0,0,-76000,0,0,0,51000,127000,-76000,-76000
065727,冠德凱基9C購01  ,0,0,0,0,0,0,0,0,0,-76000,0,0,0,164000,240000,-76000,-76000
056969,智易永豐98購01  ,0,0,0,0,0,0,0,0,0,-76000,0,0,0,10000,86000,-76000,-76000
057416,T50反1凱基9C購01,0,0,0,0,0,0,0,0,0,-76000,0,0,0,99000,175000,-76000,-76000
057917,台積電凱基98購17,0,0,0,0,0,0,0,0,0,-76000,0,0,0,2000,78000,-76000,-76000
058570,臻鼎凱基9A購01  ,0,0,0,0,0,0,0,0,0,-76000,0,0,0,35000,111000,-76000,-76000
058552,欣興永豐99購01  ,0,0,0,0,0,0,0,0,0,-76000,0,0,0,175000,251000,-76000,-76000
059282,嘉聯益永豐99購01,0,0,0,0,0,0,0,0,0,-76000,0,0,0,10000,86000,-76000,-76000
061831,智邦凱基9B購02  ,0,0,0,0,0,0,0,0,0,-76000,0,0,0,68000,144000,-76000,-76000
061667,友達中信9A購02  ,0,0,0,0,0,0,0,0,0,-76000,0,0,0,10000,86000,-76000,-76000
062098,億光永豐9B購01  ,0,0,0,0,0,0,0,0,0,-76000,0,0,0,0,76000,-76000,-76000
063727,鴻海元大9C購05  ,0,0,0,0,0,0,0,0,0,-76000,0,0,0,42000,118000,-76000,-76000
064380,超眾元富9C購03  ,0,0,0,0,0,0,0,0,0,-76000,0,0,0,91000,167000,-76000,-76000
9188,精熙-DR         ,2000,78000,-76000,0,0,0,0,0,0,0,0,0,0,0,0,0,-76000
1477,聚陽            ,1732000,1979000,-247000,0,0,0,169000,432000,-263000,434000,561000,255000,306000,251000,123000,128000,-76000
2882A,國泰特          ,0,2000,-2000,0,0,0,0,0,0,-74000,0,74000,-74000,0,0,0,-76000
065366,英業達元大9C購02,0,0,0,0,0,0,0,0,0,-77000,0,0,0,277000,354000,-77000,-77000
066011,華通元富01購01  ,0,0,0,0,0,0,0,0,0,-77000,0,0,0,10000,87000,-77000,-77000
06624P,訊芯元大98售06  ,0,0,0,0,0,0,0,0,0,-77000,0,0,0,23000,100000,-77000,-77000
056611,國巨永豐98購03  ,0,0,0,0,0,0,0,0,0,-77000,0,0,0,1000,78000,-77000,-77000
056151,建準凱基97購01  ,0,0,0,0,0,0,0,0,0,-77000,0,0,0,0,77000,-77000,-77000
061732,智邦中信9B購01  ,0,0,0,0,0,0,0,0,0,-77000,0,0,0,94000,171000,-77000,-77000
059174,訊芯凱基99購01  ,0,0,0,0,0,0,0,0,0,-77000,0,0,0,73000,150000,-77000,-77000
060977,亞德客元大9A購04,0,0,0,0,0,0,0,0,0,-77000,0,0,0,40000,117000,-77000,-77000
058744,FBVIX凱基9C購03 ,0,0,0,0,0,0,0,0,0,-77000,0,0,0,3000,80000,-77000,-77000
064265,嘉聯益永豐9C購02,0,0,0,0,0,0,0,0,0,-77000,0,0,0,13000,90000,-77000,-77000
063763,上銀元富9B購07  ,0,0,0,0,0,0,0,0,0,-77000,0,0,0,4000,81000,-77000,-77000
06380P,臺股指統一98售02,0,0,0,0,0,0,0,0,0,-77000,0,0,0,5000,82000,-77000,-77000
062574,美食群益9B購02  ,0,0,0,0,0,0,0,0,0,-77000,0,0,0,0,77000,-77000,-77000
063125,華擎元大9C購02  ,0,0,0,0,0,0,0,0,0,-77000,0,0,0,322000,399000,-77000,-77000
2231,為升            ,69000,154000,-85000,0,0,0,0,0,0,8000,5000,4000,1000,7000,0,7000,-77000
065744,華新元大9C購01  ,0,0,0,0,0,0,0,0,0,-78000,0,0,0,0,78000,-78000,-78000
065318,聯電凱基9C購03  ,0,0,0,0,0,0,0,0,0,-78000,0,0,0,13000,91000,-78000,-78000
065346,台光電統一02購01,0,0,0,0,0,0,0,0,0,-78000,0,0,0,20000,98000,-78000,-78000
06570P,大立光永豐98售01,0,0,0,0,0,0,0,0,0,-78000,0,0,0,0,78000,-78000,-78000
064913,燿華統一02購01  ,0,0,0,0,0,0,0,0,0,-78000,0,0,0,0,78000,-78000,-78000
064691,友達群益9C購04  ,0,0,0,0,0,0,0,0,0,-78000,0,0,0,60000,138000,-78000,-78000
064560,技嘉群益01購01  ,0,0,0,0,0,0,0,0,0,-78000,0,0,0,28000,106000,-78000,-78000
056820,欣興永豐98購02  ,0,0,0,0,0,0,0,0,0,-78000,0,0,0,93000,171000,-78000,-78000
056846,晶相光元富98購01,0,0,0,0,0,0,0,0,0,-78000,0,0,0,100000,178000,-78000,-78000
060714,晶技永豐9A購02  ,0,0,0,0,0,0,0,0,0,-78000,0,0,0,69000,147000,-78000,-78000
061150,國巨群益9A購09  ,0,0,0,0,0,0,0,0,0,-78000,0,0,0,87000,165000,-78000,-78000
058187,泰碩永豐99購01  ,0,0,0,0,0,0,0,0,0,-78000,0,0,0,10000,88000,-78000,-78000
059355,國巨富邦9B購03  ,0,0,0,0,0,0,0,0,0,-78000,0,0,0,15000,93000,-78000,-78000
058986,華新科凱基9A購03,0,0,0,0,0,0,0,0,0,-78000,0,0,0,0,78000,-78000,-78000
061804,國巨中信9B購02  ,0,0,0,0,0,0,0,0,0,-78000,0,0,0,0,78000,-78000,-78000
061533,友達統一9C購02  ,0,0,0,0,0,0,0,0,0,-78000,0,0,0,20000,98000,-78000,-78000
063026,南六元大9B購04  ,0,0,0,0,0,0,0,0,0,-78000,0,0,0,19000,97000,-78000,-78000
062775,大成鋼元大9B購02,0,0,0,0,0,0,0,0,0,-78000,0,0,0,0,78000,-78000,-78000
062489,可成永豐9B購02  ,0,0,0,0,0,0,0,0,0,-78000,0,0,0,22000,100000,-78000,-78000
062171,中磊永豐9B購01  ,0,0,0,0,0,0,0,0,0,-78000,0,0,0,160000,238000,-78000,-78000
062177,上銀元大9B購02  ,0,0,0,0,0,0,0,0,0,-78000,0,0,0,0,78000,-78000,-78000
062002,鴻海國泰01購01  ,0,0,0,0,0,0,0,0,0,-78000,0,0,0,23000,101000,-78000,-78000
4722,國精化          ,89000,171000,-82000,0,0,0,0,0,0,4000,4000,0,4000,0,0,0,-78000
064702,百和群益01購01  ,0,0,0,0,0,0,0,0,0,-79000,0,0,0,295000,374000,-79000,-79000
065129,上銀兆豐01購01  ,0,0,0,0,0,0,0,0,0,-79000,0,0,0,0,79000,-79000,-79000
065669,義隆凱基01購03  ,0,0,0,0,0,0,0,0,0,-79000,0,0,0,34000,113000,-79000,-79000
065339,旺宏統一01購08  ,0,0,0,0,0,0,0,0,0,-79000,0,0,0,0,79000,-79000,-79000
065146,帆宣凱基9C購01  ,0,0,0,0,0,0,0,0,0,-79000,0,0,0,105000,184000,-79000,-79000
065246,旭富兆豐01購01  ,0,0,0,0,0,0,0,0,0,-79000,0,0,0,0,79000,-79000,-79000
060880,中壽中信9C購01  ,0,0,0,0,0,0,0,0,0,-79000,0,0,0,136000,215000,-79000,-79000
059823,奇力新凱基99購07,0,0,0,0,0,0,0,0,0,-79000,0,0,0,0,79000,-79000,-79000
06054P,臺股指中信9A售01,0,0,0,0,0,0,0,0,0,-79000,0,0,0,2000,81000,-79000,-79000
062011,上銀富邦9C購01  ,0,0,0,0,0,0,0,0,0,-79000,0,0,0,211000,290000,-79000,-79000
063693,智易永豐9B購02  ,0,0,0,0,0,0,0,0,0,-79000,0,0,0,87000,166000,-79000,-79000
064456,禾伸堂統一01購01,0,0,0,0,0,0,0,0,0,-79000,0,0,0,271000,350000,-79000,-79000
064494,南亞科元大9C購02,0,0,0,0,0,0,0,0,0,-79000,0,0,0,68000,147000,-79000,-79000
064007,嘉澤凱基02購01  ,0,0,0,0,0,0,0,0,0,-79000,0,0,0,120000,199000,-79000,-79000
065125,奇力新永豐9C購01,0,0,0,0,0,0,0,0,0,-80000,0,0,0,0,80000,-80000,-80000
065877,TPK群益9C購05   ,0,0,0,0,0,0,0,0,0,-80000,0,0,0,17000,97000,-80000,-80000
06654P,欣興元大98售08  ,0,0,0,0,0,0,0,0,0,-80000,0,0,0,20000,100000,-80000,-80000
06863P,欣興凱基98售05  ,0,0,0,0,0,0,0,0,0,-80000,0,0,0,70000,150000,-80000,-80000
057405,麗豐群益98購01  ,0,0,0,0,0,0,0,0,0,-80000,0,0,0,0,80000,-80000,-80000
057314,全新麥證98購01  ,0,0,0,0,80000,-80000,0,0,0,-80000,0,0,0,0,80000,-80000,-80000
060534,友達麥證9A購01  ,0,0,0,0,80000,-80000,0,0,0,-80000,0,0,0,0,80000,-80000,-80000
058809,國巨統一9B購03  ,0,0,0,0,0,0,0,0,0,-80000,0,0,0,10000,90000,-80000,-80000
058791,鴻海元大99購17  ,0,0,0,0,0,0,0,0,0,-80000,0,0,0,44000,124000,-80000,-80000
060413,東元永豐9A購01  ,0,0,0,0,0,0,0,0,0,-80000,0,0,0,0,80000,-80000,-80000
058527,世紀鋼元大99購01,0,0,0,0,0,0,0,0,0,-80000,0,0,0,101000,181000,-80000,-80000
058476,旺宏凱基9A購01  ,0,0,0,0,0,0,0,0,0,-80000,0,0,0,0,80000,-80000,-80000
059559,T50反1凱基99購07,0,0,0,0,0,0,0,0,0,-80000,0,0,0,0,80000,-80000,-80000
058266,宏達電永豐99購01,0,0,0,0,0,0,0,0,0,-80000,0,0,0,44000,124000,-80000,-80000
061619,大立光群益9B購01,0,0,0,0,0,0,0,0,0,-80000,0,0,0,8000,88000,-80000,-80000
064054,中租統一02購01  ,0,0,0,0,0,0,0,0,0,-80000,0,0,0,142000,222000,-80000,-80000
064278,高鐵元大9C購02  ,0,0,0,0,0,0,0,0,0,-80000,0,0,0,10000,90000,-80000,-80000
064271,鴻海元大9C購08  ,0,0,0,0,0,0,0,0,0,-80000,0,0,0,51000,131000,-80000,-80000
062154,國巨凱基9C購02  ,0,0,0,0,0,0,0,0,0,-80000,0,0,0,0,80000,-80000,-80000
062844,T50反1國泰9C購01,0,0,0,0,0,0,0,0,0,-80000,0,0,0,80000,160000,-80000,-80000
062816,華新科兆豐9B購01,0,0,0,0,0,0,0,0,0,-80000,0,0,0,0,80000,-80000,-80000
063230,緯穎群益9B購02  ,0,0,0,0,0,0,0,0,0,-80000,0,0,0,129000,209000,-80000,-80000
063142,奇力新統一9C購04,0,0,0,0,0,0,0,0,0,-80000,0,0,0,0,80000,-80000,-80000
08154P,上銀元富9B售04  ,0,0,0,0,0,0,0,0,0,-80000,0,0,0,20000,100000,-80000,-80000
08429P,台達電凱基9C售01,0,0,0,0,0,0,0,0,0,-80000,0,0,0,106000,186000,-80000,-80000
065168,台積電元大02購02,0,0,0,0,0,0,0,0,0,-81000,0,0,0,192000,273000,-81000,-81000
065501,旭富富邦9C購01  ,0,0,0,0,0,0,0,0,0,-81000,0,0,0,0,81000,-81000,-81000
057162,上銀元大98購03  ,0,0,0,0,0,0,0,0,0,-81000,0,0,0,0,81000,-81000,-81000
052890,FB上証群益9B購01,0,0,0,0,0,0,0,0,0,-81000,0,0,0,11000,92000,-81000,-81000
061837,華新科凱基05購02,0,0,0,0,0,0,0,0,0,-81000,0,0,0,0,81000,-81000,-81000
059510,華新科永豐99購07,0,0,0,0,0,0,0,0,0,-81000,0,0,0,0,81000,-81000,-81000
058898,台積電元大99購20,0,0,0,0,0,0,0,0,0,-81000,0,0,0,332000,413000,-81000,-81000
060414,中興電永豐9A購01,0,0,0,0,0,0,0,0,0,-81000,0,0,0,173000,254000,-81000,-81000
062819,奇鋐兆豐9B購01  ,0,0,0,0,0,0,0,0,0,-81000,0,0,0,367000,448000,-81000,-81000
064149,美律統一02購01  ,0,0,0,0,0,0,0,0,0,-81000,0,0,0,0,81000,-81000,-81000
063859,國巨國泰01購03  ,0,0,0,0,0,0,0,0,0,-81000,0,0,0,18000,99000,-81000,-81000
063860,旺宏國泰02購01  ,0,0,0,0,0,0,0,0,0,-81000,0,0,0,0,81000,-81000,-81000
064666,華新科元大02購01,0,0,0,0,0,0,0,0,0,-82000,0,0,0,83000,165000,-82000,-82000
064670,智伸科元大9C購01,0,0,0,0,0,0,0,0,0,-82000,0,0,0,201000,283000,-82000,-82000
06724P,台灣50國票98售01,0,0,0,0,0,0,0,0,0,-82000,0,0,0,0,82000,-82000,-82000
066152,大立光麥證01購03,0,0,0,0,82000,-82000,0,0,0,-82000,0,0,0,0,82000,-82000,-82000
066058,TPK元大01購02   ,0,0,0,0,0,0,0,0,0,-82000,0,0,0,10000,92000,-82000,-82000
065844,南亞科元大9C購09,0,0,0,0,0,0,0,0,0,-82000,0,0,0,0,82000,-82000,-82000
065996,T50反1第一01購01,0,0,0,0,0,0,0,0,0,-82000,0,0,0,0,82000,-82000,-82000
065961,東元元大04購01  ,0,0,0,0,0,0,0,0,0,-82000,0,0,0,0,82000,-82000,-82000
065894,漢翔統一03購01  ,0,0,0,0,0,0,0,0,0,-82000,0,0,0,0,82000,-82000,-82000
06983P,台積電國泰9A售02,0,0,0,0,0,0,0,0,0,-82000,0,0,0,0,82000,-82000,-82000
07646P,世芯元大9A售04  ,0,0,0,0,0,0,0,0,0,-82000,0,0,0,50000,132000,-82000,-82000
060886,國巨統一01購03  ,0,0,0,0,0,0,0,0,0,-82000,0,0,0,1000,83000,-82000,-82000
059656,T50反1元大99購11,0,0,0,0,0,0,0,0,0,-82000,0,0,0,0,82000,-82000,-82000
058685,TPK凱基99購01   ,0,0,0,0,0,0,0,0,0,-82000,0,0,0,22000,104000,-82000,-82000
059115,美食永豐99購01  ,0,0,0,0,0,0,0,0,0,-82000,0,0,0,25000,107000,-82000,-82000
064201,新光金兆豐9C購01,0,0,0,0,0,0,0,0,0,-82000,0,0,0,0,82000,-82000,-82000
062661,華通群益9B購05  ,0,0,0,0,0,0,0,0,0,-82000,0,0,0,39000,121000,-82000,-82000
063194,華新科台新9B購01,0,0,0,0,0,0,0,0,0,-82000,0,0,0,0,82000,-82000,-82000
063238,漢唐元大9B購02  ,0,0,0,0,0,0,0,0,0,-82000,0,0,0,0,82000,-82000,-82000
063063,泰鼎元富9B購01  ,0,0,0,0,0,0,0,0,0,-82000,0,0,0,79000,161000,-82000,-82000
062409,巨大永豐9B購02  ,0,0,0,0,0,0,0,0,0,-82000,0,0,0,28000,110000,-82000,-82000
08326P,臺股指凱基9C售09,0,0,0,0,0,0,0,0,0,-82000,0,0,0,5000,87000,-82000,-82000
064803,智邦元大9C購05  ,0,0,0,0,0,0,0,0,0,-83000,0,0,0,116000,199000,-83000,-83000
065239,超眾凱基02購02  ,0,0,0,0,0,0,0,0,0,-83000,0,0,0,73000,156000,-83000,-83000
065233,TPK凱基01購01   ,0,0,0,0,0,0,0,0,0,-83000,0,0,0,1000,84000,-83000,-83000
056740,大立光凱基98購13,0,0,0,0,0,0,0,0,0,-83000,0,0,0,39000,122000,-83000,-83000
00635U,元大S&P黃金     ,0,0,0,0,0,0,0,0,0,-83000,0,0,0,126000,209000,-83000,-83000
057230,建準凱基98購02  ,0,0,0,0,0,0,0,0,0,-83000,0,0,0,14000,97000,-83000,-83000
061472,台積電元大9A購32,0,0,0,0,0,0,0,0,0,-83000,0,0,0,72000,155000,-83000,-83000
063219,友達群益9B購03  ,0,0,0,0,0,0,0,0,0,-83000,0,0,0,40000,123000,-83000,-83000
064012,泰碩國票01購02  ,0,0,0,0,0,0,0,0,0,-83000,0,0,0,70000,153000,-83000,-83000
5608,四維航          ,211000,300000,-89000,0,0,0,0,0,0,6000,6000,0,6000,0,0,0,-83000
064597,鴻海元富9C購03  ,0,0,0,0,0,0,0,0,0,-84000,0,0,0,4629000,4713000,-84000,-84000
066075,景碩凱基02購01  ,0,0,0,0,0,0,0,0,0,-84000,0,0,0,6000,90000,-84000,-84000
056363,華新科元大99購04,0,0,0,0,0,0,0,0,0,-84000,0,0,0,0,84000,-84000,-84000
048505,滬深2X群益99購03,0,0,0,0,0,0,0,0,0,-84000,0,0,0,30000,114000,-84000,-84000
057392,福懋科永豐98購01,0,0,0,0,0,0,0,0,0,-84000,0,0,0,64000,148000,-84000,-84000
057377,康控元大99購02  ,0,0,0,0,0,0,0,0,0,-84000,0,0,0,76000,160000,-84000,-84000
061838,華新科凱基05購03,0,0,0,0,0,0,0,0,0,-84000,0,0,0,31000,115000,-84000,-84000
061731,旺宏統一9B購06  ,0,0,0,0,0,0,0,0,0,-84000,0,0,0,0,84000,-84000,-84000
059945,嘉澤永豐99購03  ,0,0,0,0,0,0,0,0,0,-84000,0,0,0,30000,114000,-84000,-84000
058936,國喬中信99購01  ,0,0,0,0,0,0,0,0,0,-84000,0,0,0,20000,104000,-84000,-84000
057906,福懋科中信99購01,0,0,0,0,0,0,0,0,0,-84000,0,0,0,0,84000,-84000,-84000
058103,台積電永豐98購06,0,0,0,0,0,0,0,0,0,-84000,0,0,0,23000,107000,-84000,-84000
063483,致新元大9B購03  ,0,0,0,0,0,0,0,0,0,-84000,0,0,0,526000,610000,-84000,-84000
063226,康控群益9B購03  ,0,0,0,0,0,0,0,0,0,-84000,0,0,0,21000,105000,-84000,-84000
063147,東元元富9B購01  ,0,0,0,0,0,0,0,0,0,-84000,0,0,0,1000,85000,-84000,-84000
063128,智伸科元大9B購01,0,0,0,0,0,0,0,0,0,-84000,0,0,0,208000,292000,-84000,-84000
9958,世紀鋼          ,242000,228000,14000,0,0,0,0,0,0,-98000,40000,145000,-105000,45000,38000,7000,-84000
08605P,聯發科中信9C售06,0,0,0,0,0,0,0,0,0,-84000,0,0,0,81000,165000,-84000,-84000
066280,眾達元大01購01  ,0,0,0,0,0,0,0,0,0,-85000,0,0,0,0,85000,-85000,-85000
065899,神基麥證9C購02  ,0,0,0,0,101000,-101000,0,0,0,-85000,0,0,0,16000,101000,-85000,-85000
065794,麗豐永豐9C購01  ,0,0,0,0,0,0,0,0,0,-85000,0,0,0,21000,106000,-85000,-85000
065786,神基永豐9C購01  ,0,0,0,0,0,0,0,0,0,-85000,0,0,0,0,85000,-85000,-85000
07953P,健策元大9B售07  ,0,0,0,0,0,0,0,0,0,-85000,0,0,0,15000,100000,-85000,-85000
07479P,A50正2元富9A售03,0,0,0,0,0,0,0,0,0,-85000,0,0,0,0,85000,-85000,-85000
07504P,聯詠元大9A售02  ,0,0,0,0,0,0,0,0,0,-85000,0,0,0,0,85000,-85000,-85000
064679,晶技兆豐9C購01  ,0,0,0,0,0,0,0,0,0,-85000,0,0,0,214000,299000,-85000,-85000
065719,T50反1兆豐9C購01,0,0,0,0,0,0,0,0,0,-85000,0,0,0,85000,170000,-85000,-85000
057566,欣興富邦99購01  ,0,0,0,0,0,0,0,0,0,-85000,0,0,0,215000,300000,-85000,-85000
057440,台積電統一98購10,0,0,0,0,0,0,0,0,0,-85000,0,0,0,31000,116000,-85000,-85000
00710B,FH彭博高收益債  ,0,0,0,0,0,0,0,0,0,-85000,0,0,0,0,85000,-85000,-85000
056433,鴻海凱基98購09  ,0,0,0,0,0,0,0,0,0,-85000,0,0,0,23000,108000,-85000,-85000
058925,旭富元富99購02  ,0,0,0,0,0,0,0,0,0,-85000,0,0,0,0,85000,-85000,-85000
060109,茂林元大99購05  ,0,0,0,0,0,0,0,0,0,-85000,0,0,0,57000,142000,-85000,-85000
058373,晶技凱基99購02  ,0,0,0,0,0,0,0,0,0,-85000,0,0,0,2000,87000,-85000,-85000
061827,台灣50凱基02購01,0,0,0,0,0,0,0,0,0,-85000,0,0,0,0,85000,-85000,-85000
058217,新唐群益99購01  ,0,0,0,0,0,0,0,0,0,-85000,0,0,0,138000,223000,-85000,-85000
063175,燿華兆豐9C購01  ,0,0,0,0,0,0,0,0,0,-85000,0,0,0,10000,95000,-85000,-85000
063260,信邦富邦9B購01  ,0,0,0,0,0,0,0,0,0,-85000,0,0,0,148000,233000,-85000,-85000
062730,致伸凱基9B購01  ,0,0,0,0,0,0,0,0,0,-85000,0,0,0,20000,105000,-85000,-85000
063352,上銀元富9B購02  ,0,0,0,0,0,0,0,0,0,-85000,0,0,0,63000,148000,-85000,-85000
063912,信邦凱基01購01  ,0,0,0,0,0,0,0,0,0,-85000,0,0,0,5000,90000,-85000,-85000
08334P,智邦永豐9C售01  ,0,0,0,0,0,0,0,0,0,-85000,0,0,0,0,85000,-85000,-85000
065241,南電凱基01購02  ,0,0,0,0,0,0,0,0,0,-86000,0,0,0,131000,217000,-86000,-86000
065381,緯穎元大9C購03  ,0,0,0,0,0,0,0,0,0,-86000,0,0,0,0,86000,-86000,-86000
064974,燿華元大9C購03  ,0,0,0,0,0,0,0,0,0,-86000,0,0,0,106000,192000,-86000,-86000
066010,凌華統一04購01  ,0,0,0,0,0,0,0,0,0,-86000,0,0,0,0,86000,-86000,-86000
057579,長榮航中信9A購01,0,0,0,0,0,0,0,0,0,-86000,0,0,0,0,86000,-86000,-86000
060236,精元元大9C購01  ,0,0,0,0,0,0,0,0,0,-86000,0,0,0,23000,109000,-86000,-86000
059127,國巨中信99購04  ,0,0,0,0,0,0,0,0,0,-86000,0,0,0,21000,107000,-86000,-86000
059297,大立光元富9C購01,0,0,0,0,0,0,0,0,0,-86000,0,0,0,119000,205000,-86000,-86000
062017,京鼎永豐9B購01  ,0,0,0,0,0,0,0,0,0,-86000,0,0,0,102000,188000,-86000,-86000
066012,友訊元富01購01  ,0,0,0,0,0,0,0,0,0,-87000,0,0,0,0,87000,-87000,-87000
07027P,台積電群益99售04,0,0,0,0,0,0,0,0,0,-87000,0,0,0,36000,123000,-87000,-87000
064908,世紀鋼群益01購02,0,0,0,0,0,0,0,0,0,-87000,0,0,0,0,87000,-87000,-87000
065100,聯茂元大9C購04  ,0,0,0,0,0,0,0,0,0,-87000,0,0,0,198000,285000,-87000,-87000
061004,友達兆豐9A購01  ,0,0,0,0,0,0,0,0,0,-87000,0,0,0,0,87000,-87000,-87000
060546,旺宏凱基9A購02  ,0,0,0,0,0,0,0,0,0,-87000,0,0,0,0,87000,-87000,-87000
062616,玉晶光元大9C購06,0,0,0,0,0,0,0,0,0,-87000,0,0,0,70000,157000,-87000,-87000
063725,聯電元大9C購03  ,0,0,0,0,0,0,0,0,0,-87000,0,0,0,25000,112000,-87000,-87000
063482,緯穎元大9B購09  ,0,0,0,0,0,0,0,0,0,-87000,0,0,0,0,87000,-87000,-87000
2109,華豐            ,114000,203000,-89000,0,0,0,0,0,0,2000,2000,0,2000,0,0,0,-87000
4564,元翎            ,316000,408000,-92000,0,0,0,0,0,0,5000,3000,0,3000,8000,6000,2000,-87000
065225,神隆凱基01購01  ,0,0,0,0,0,0,0,0,0,-88000,0,0,0,93000,181000,-88000,-88000
07457P,宏達電元大9A售01,0,0,0,0,0,0,0,0,0,-88000,0,0,0,32000,120000,-88000,-88000
065812,寶成群益9C購02  ,0,0,0,0,0,0,0,0,0,-88000,0,0,0,0,88000,-88000,-88000
066054,創意元大01購02  ,0,0,0,0,0,0,0,0,0,-88000,0,0,0,16000,104000,-88000,-88000
058749,康控凱基99購03  ,0,0,0,0,0,0,0,0,0,-88000,0,0,0,33000,121000,-88000,-88000
062705,美食元大9B購01  ,0,0,0,0,0,0,0,0,0,-88000,0,0,0,0,88000,-88000,-88000
062133,大成鋼群益9B購01,0,0,0,0,0,0,0,0,0,-88000,0,0,0,0,88000,-88000,-88000
2809,京城銀          ,1160000,430000,730000,0,0,0,0,3000,-3000,-815000,7000,348000,-341000,0,474000,-474000,-88000
07717P,臺股指群益9A售06,0,0,0,0,0,0,0,0,0,-89000,0,0,0,11000,100000,-89000,-89000
065641,台積電元大9C購12,0,0,0,0,0,0,0,0,0,-89000,0,0,0,156000,245000,-89000,-89000
060876,國巨中信9A購04  ,0,0,0,0,0,0,0,0,0,-89000,0,0,0,107000,196000,-89000,-89000
057789,上銀統一9A購01  ,0,0,0,0,0,0,0,0,0,-89000,0,0,0,0,89000,-89000,-89000
055487,國巨元大98購07  ,0,0,0,0,0,0,0,0,0,-89000,0,0,0,1000,90000,-89000,-89000
060420,神基永豐9A購01  ,0,0,0,0,0,0,0,0,0,-89000,0,0,0,0,89000,-89000,-89000
058981,國巨凱基99購10  ,0,0,0,0,0,0,0,0,0,-89000,0,0,0,0,89000,-89000,-89000
061666,友達中信01購01  ,0,0,0,0,0,0,0,0,0,-89000,0,0,0,45000,134000,-89000,-89000
062068,滬深2X元大9B購02,0,0,0,0,0,0,0,0,0,-89000,0,0,0,0,89000,-89000,-89000
063577,台表科元大9C購04,0,0,0,0,0,0,0,0,0,-89000,0,0,0,18000,107000,-89000,-89000
063298,統一凱基9B購01  ,0,0,0,0,0,0,0,0,0,-89000,0,0,0,70000,159000,-89000,-89000
063437,聚陽統一01購01  ,0,0,0,0,0,0,0,0,0,-89000,0,0,0,1263000,1352000,-89000,-89000
064198,超眾群益9C購01  ,0,0,0,0,0,0,0,0,0,-89000,0,0,0,13000,102000,-89000,-89000
064482,微星永豐9C購01  ,0,0,0,0,0,0,0,0,0,-89000,0,0,0,85000,174000,-89000,-89000
00753L,中信中國50正2   ,37000,10000,27000,0,0,0,0,0,0,-116750,0,0,0,290250,407000,-116750,-89750
064723,大立光統一02購04,0,0,0,0,0,0,0,0,0,-90000,0,0,0,35000,125000,-90000,-90000
07891P,臺股指國票9B售01,0,0,0,0,0,0,0,0,0,-90000,0,0,0,10000,100000,-90000,-90000
07354P,臺股指國票99售22,0,0,0,0,0,0,0,0,0,-90000,0,0,0,0,90000,-90000,-90000
00668,國泰美國道瓊    ,0,4000,-4000,0,0,0,0,0,0,-86000,0,0,0,296000,382000,-86000,-90000
060821,SP黃豆元大9A購02,0,0,0,0,0,0,0,0,0,-90000,0,0,0,62000,152000,-90000,-90000
06082P,華通統一98售01  ,0,0,0,0,0,0,0,0,0,-90000,0,0,0,0,90000,-90000,-90000
060785,國巨富邦9B購04  ,0,0,0,0,0,0,0,0,0,-90000,0,0,0,0,90000,-90000,-90000
056196,聯茂富邦98購02  ,0,0,0,0,0,0,0,0,0,-90000,0,0,0,0,90000,-90000,-90000
061762,台塑元大9B購01  ,0,0,0,0,0,0,0,0,0,-90000,0,0,0,2000,92000,-90000,-90000
059873,華新科凱基99購09,0,0,0,0,0,0,0,0,0,-90000,0,0,0,50000,140000,-90000,-90000
060930,超眾永豐9A購03  ,0,0,0,0,0,0,0,0,0,-90000,0,0,0,0,90000,-90000,-90000
060565,大立光富邦01購01,0,0,0,0,0,0,0,0,0,-90000,0,0,0,30000,120000,-90000,-90000
061171,大立光麥證9A購01,0,0,0,310000,400000,-90000,0,0,0,-90000,0,0,0,310000,400000,-90000,-90000
063982,TPK兆豐9C購01   ,0,0,0,0,0,0,0,0,0,-90000,0,0,0,0,90000,-90000,-90000
063485,巨大元大9B購04  ,0,0,0,0,0,0,0,0,0,-90000,0,0,0,0,90000,-90000,-90000
062392,國巨富邦02購01  ,0,0,0,0,0,0,0,0,0,-90000,0,0,0,330000,420000,-90000,-90000
062605,上銀凱基9B購03  ,0,0,0,0,0,0,0,0,0,-90000,0,0,0,10000,100000,-90000,-90000
063102,旺宏群益9B購03  ,0,0,0,0,0,0,0,0,0,-90000,0,0,0,0,90000,-90000,-90000
063014,技嘉元大9B購03  ,0,0,0,0,0,0,0,0,0,-90000,0,0,0,88000,178000,-90000,-90000
08386P,臺股指群益9C售14,0,0,0,0,0,0,0,0,0,-90000,0,0,0,225000,315000,-90000,-90000
065874,智原群益9C購01  ,0,0,0,0,0,0,0,0,0,-91000,0,0,0,50000,141000,-91000,-91000
065709,瀚宇博群益9C購01,0,0,0,0,0,0,0,0,0,-91000,0,0,0,208000,299000,-91000,-91000
065314,矽創國票01購02  ,0,0,0,0,0,0,0,0,0,-91000,0,0,0,51000,142000,-91000,-91000
060430,和潤永豐9A購01  ,0,0,0,0,0,0,0,0,0,-91000,0,0,0,158000,249000,-91000,-91000
056755,聯茂兆豐98購01  ,0,0,0,0,0,0,0,0,0,-91000,0,0,0,0,91000,-91000,-91000
055725,嘉聯益元大98購03,0,0,0,0,0,0,0,0,0,-91000,0,0,0,10000,101000,-91000,-91000
058766,力山兆豐99購01  ,0,0,0,0,0,0,0,0,0,-91000,0,0,0,66000,157000,-91000,-91000
059644,茂林凱基99購03  ,0,0,0,0,0,0,0,0,0,-91000,0,0,0,0,91000,-91000,-91000
059986,宏達電元大99購08,0,0,0,0,0,0,0,0,0,-91000,0,0,0,108000,199000,-91000,-91000
058487,晶技國票9A購01  ,0,0,0,0,0,0,0,0,0,-91000,0,0,0,0,91000,-91000,-91000
062651,世紀鋼富邦9C購01,0,0,0,0,0,0,0,0,0,-91000,0,0,0,0,91000,-91000,-91000
064210,台光電凱基03購01,0,0,0,0,0,0,0,0,0,-91000,0,0,0,224000,315000,-91000,-91000
08491P,全新元大9C售01  ,0,0,0,0,0,0,0,0,0,-91000,0,0,0,9000,100000,-91000,-91000
065383,南電元大01購02  ,0,0,0,0,0,0,0,0,0,-92000,0,0,0,21000,113000,-92000,-92000
065235,旭富凱基02購01  ,0,0,0,0,0,0,0,0,0,-92000,0,0,0,70000,162000,-92000,-92000
065843,瑞昱元大9C購03  ,0,0,0,0,0,0,0,0,0,-92000,0,0,0,526000,618000,-92000,-92000
065898,神基麥證9C購01  ,0,0,0,0,108000,-108000,0,0,0,-92000,0,0,0,16000,108000,-92000,-92000
066173,泰碩凱基02購01  ,0,0,0,0,0,0,0,0,0,-92000,0,0,0,0,92000,-92000,-92000
056405,聯茂群益98購01  ,0,0,0,0,0,0,0,0,0,-92000,0,0,0,0,92000,-92000,-92000
055337,超眾兆豐98購01  ,0,0,0,0,0,0,0,0,0,-92000,0,0,0,0,92000,-92000,-92000
057498,台郡元大98購04  ,0,0,0,0,0,0,0,0,0,-92000,0,0,0,100000,192000,-92000,-92000
057133,京鼎凱基98購02  ,0,0,0,0,0,0,0,0,0,-92000,0,0,0,18000,110000,-92000,-92000
060106,旭富元大99購02  ,0,0,0,0,0,0,0,0,0,-92000,0,0,0,60000,152000,-92000,-92000
059123,訊芯永豐99購03  ,0,0,0,0,0,0,0,0,0,-92000,0,0,0,4000,96000,-92000,-92000
058375,群創凱基9B購04  ,0,0,0,0,0,0,0,0,0,-92000,0,0,0,137000,229000,-92000,-92000
063076,柏文永豐9B購02  ,0,0,0,0,0,0,0,0,0,-92000,0,0,0,393000,485000,-92000,-92000
062589,友達統一9C購03  ,0,0,0,0,0,0,0,0,0,-92000,0,0,0,0,92000,-92000,-92000
061972,華新元大9B購01  ,0,0,0,0,0,0,0,0,0,-92000,0,0,0,64000,156000,-92000,-92000
2480,敦陽科          ,134000,232000,-98000,0,0,0,0,0,0,6000,7000,1000,6000,0,0,0,-92000
065329,億豐凱基9C購02  ,0,0,0,0,0,0,0,0,0,-93000,0,0,0,0,93000,-93000,-93000
064509,台表科元大9C購08,0,0,0,0,0,0,0,0,0,-93000,0,0,0,17000,110000,-93000,-93000
060678,聯詠元大9A購03  ,0,0,0,0,0,0,0,0,0,-93000,0,0,0,383000,476000,-93000,-93000
057690,美律凱基99購03  ,0,0,0,0,0,0,0,0,0,-93000,0,0,0,5000,98000,-93000,-93000
055667,致茂群益98購01  ,0,0,0,0,0,0,0,0,0,-93000,0,0,0,0,93000,-93000,-93000
064348,TPK元大9C購03   ,0,0,0,0,0,0,0,0,0,-93000,0,0,0,16000,109000,-93000,-93000
063565,旺宏元大9B購08  ,0,0,0,0,0,0,0,0,0,-93000,0,0,0,4000,97000,-93000,-93000
063669,宏達電統一9C購01,0,0,0,0,0,0,0,0,0,-93000,0,0,0,35000,128000,-93000,-93000
08233P,國泰金元富9B售01,0,0,0,0,0,0,0,0,0,-93000,0,0,0,0,93000,-93000,-93000
065431,大立光凱基02購02,0,0,0,0,0,0,0,0,0,-94000,0,0,0,140000,234000,-94000,-94000
065236,旭富凱基9C購01  ,0,0,0,0,0,0,0,0,0,-94000,0,0,0,17000,111000,-94000,-94000
065213,南六國票01購03  ,0,0,0,0,0,0,0,0,0,-94000,0,0,0,6000,100000,-94000,-94000
065568,台積電群益01購04,0,0,0,0,0,0,0,0,0,-94000,0,0,0,2000,96000,-94000,-94000
065987,大毅永豐01購01  ,0,0,0,0,0,0,0,0,0,-94000,0,0,0,29000,123000,-94000,-94000
065988,晶技永豐01購01  ,0,0,0,0,0,0,0,0,0,-94000,0,0,0,1000,95000,-94000,-94000
056506,晶豪科永豐98購02,0,0,0,0,0,0,0,0,0,-94000,0,0,0,55000,149000,-94000,-94000
059039,致伸群益99購01  ,0,0,0,0,0,0,0,0,0,-94000,0,0,0,0,94000,-94000,-94000
059102,聯鈞元富99購01  ,0,0,0,0,0,0,0,0,0,-94000,0,0,0,0,94000,-94000,-94000
058248,聯茂元大99購05  ,0,0,0,0,0,0,0,0,0,-94000,0,0,0,105000,199000,-94000,-94000
063888,TPK中信01購01   ,0,0,0,0,0,0,0,0,0,-94000,0,0,0,0,94000,-94000,-94000
063387,台積電兆豐9B購03,0,0,0,0,0,0,0,0,0,-94000,0,0,0,28000,122000,-94000,-94000
064009,超眾凱基01購01  ,0,0,0,0,0,0,0,0,0,-94000,0,0,0,16000,110000,-94000,-94000
062474,台表科凱基9C購01,0,0,0,0,0,0,0,0,0,-94000,0,0,0,6000,100000,-94000,-94000
1723,中碳            ,51000,150000,-99000,0,0,0,0,0,0,5000,5000,0,5000,0,0,0,-94000
065931,瑞祺國票02購01  ,0,0,0,0,0,0,0,0,0,-95000,0,0,0,35000,130000,-95000,-95000
065627,貿聯兆豐9C購02  ,0,0,0,0,0,0,0,0,0,-95000,0,0,0,64000,159000,-95000,-95000
064559,旺宏群益01購02  ,0,0,0,0,0,0,0,0,0,-95000,0,0,0,6000,101000,-95000,-95000
064647,致伸凱基9C購01  ,0,0,0,0,0,0,0,0,0,-95000,0,0,0,48000,143000,-95000,-95000
056545,TPK凱基98購02   ,0,0,0,0,0,0,0,0,0,-95000,0,0,0,0,95000,-95000,-95000
056211,南港國票98購01  ,0,0,0,0,0,0,0,0,0,-95000,0,0,0,3000,98000,-95000,-95000
00647L,元大S&P500正2   ,12000,12000,0,0,0,0,0,0,0,-95000,0,0,0,774000,869000,-95000,-95000
061780,國巨群益9C購01  ,0,0,0,0,0,0,0,0,0,-95000,0,0,0,11000,106000,-95000,-95000
060906,旺宏元大9A購07  ,0,0,0,0,0,0,0,0,0,-95000,0,0,0,0,95000,-95000,-95000
060934,台汽電永豐9A購02,0,0,0,0,0,0,0,0,0,-95000,0,0,0,28000,123000,-95000,-95000
057912,美律日盛99購01  ,0,0,0,0,0,0,0,0,0,-95000,0,0,0,44000,139000,-95000,-95000
061140,華擎統一9C購01  ,0,0,0,0,0,0,0,0,0,-95000,0,0,0,128000,223000,-95000,-95000
061159,同欣電群益9A購01,0,0,0,0,0,0,0,0,0,-95000,0,0,0,15000,110000,-95000,-95000
061977,國巨元大9B購02  ,0,0,0,0,0,0,0,0,0,-95000,0,0,0,71000,166000,-95000,-95000
063136,智邦統一9B購02  ,0,0,0,0,0,0,0,0,0,-95000,0,0,0,971000,1066000,-95000,-95000
062812,國巨兆豐9B購03  ,0,0,0,0,0,0,0,0,0,-95000,0,0,0,11000,106000,-95000,-95000
063682,達新永豐9B購01  ,0,0,0,0,0,0,0,0,0,-95000,0,0,0,43000,138000,-95000,-95000
063698,上銀群益9B購05  ,0,0,0,0,0,0,0,0,0,-95000,0,0,0,35000,130000,-95000,-95000
064977,玉晶光元大01購03,0,0,0,0,0,0,0,0,0,-96000,0,0,0,111000,207000,-96000,-96000
065304,台勝科元富03購01,0,0,0,0,0,0,0,0,0,-96000,0,0,0,16000,112000,-96000,-96000
065761,中租元大9C購02  ,0,0,0,0,0,0,0,0,0,-96000,0,0,0,4000,100000,-96000,-96000
066093,世紀鋼永豐01購01,0,0,0,0,0,0,0,0,0,-96000,0,0,0,0,96000,-96000,-96000
07274P,上証2X群益01售01,0,0,0,0,0,0,0,0,0,-96000,0,0,0,0,96000,-96000,-96000
07033P,大立光統一9B售03,0,0,0,0,0,0,0,0,0,-96000,0,0,0,72000,168000,-96000,-96000
07085P,超眾元富9C售01  ,0,0,0,0,0,0,0,0,0,-96000,0,0,0,24000,120000,-96000,-96000
054771,茂林國票98購02  ,0,0,0,0,0,0,0,0,0,-96000,0,0,0,12000,108000,-96000,-96000
057636,上銀元大98購06  ,0,0,0,0,0,0,0,0,0,-96000,0,0,0,5000,101000,-96000,-96000
056835,聯電元富99購01  ,0,0,0,0,0,0,0,0,0,-96000,0,0,0,197000,293000,-96000,-96000
062800,奇力新統一01購02,0,0,0,0,0,0,0,0,0,-96000,0,0,0,0,96000,-96000,-96000
066212,惠特統一01購01  ,0,0,0,0,0,0,0,0,0,-97000,0,0,0,0,97000,-97000,-97000
06597P,國巨富邦9A售05  ,0,0,0,0,0,0,0,0,0,-97000,0,0,0,51000,148000,-97000,-97000
060487,盛群富邦9B購01  ,0,0,0,0,0,0,0,0,0,-97000,0,0,0,3000,100000,-97000,-97000
061544,大毅群益9B購02  ,0,0,0,0,0,0,0,0,0,-97000,0,0,0,0,97000,-97000,-97000
061897,泰碩永豐9B購01  ,0,0,0,0,0,0,0,0,0,-97000,0,0,0,10000,107000,-97000,-97000
063818,矽創群益9C購01  ,0,0,0,0,0,0,0,0,0,-97000,0,0,0,43000,140000,-97000,-97000
063991,南六永豐9C購02  ,0,0,0,0,0,0,0,0,0,-97000,0,0,0,1000,98000,-97000,-97000
1467,南緯            ,13000,113000,-100000,0,0,0,0,0,0,3000,3000,0,3000,0,0,0,-97000
07086P,力成元富9C售01  ,0,0,0,0,0,0,0,0,0,-98000,0,0,0,164000,262000,-98000,-98000
064901,牧德群益9C購01  ,0,0,0,0,0,0,0,0,0,-98000,0,0,0,0,98000,-98000,-98000
060770,宏達電麥證9A購01,0,0,0,0,98000,-98000,0,0,0,-98000,0,0,0,0,98000,-98000,-98000
056904,大立光元大99購05,0,0,0,0,0,0,0,0,0,-98000,0,0,0,10000,108000,-98000,-98000
056635,亞德客日盛99購01,0,0,0,0,0,0,0,0,0,-98000,0,0,0,1000,99000,-98000,-98000
057207,立積元富98購02  ,0,0,0,0,0,0,0,0,0,-98000,0,0,0,119000,217000,-98000,-98000
061782,智邦群益9B購01  ,0,0,0,0,0,0,0,0,0,-98000,0,0,0,19000,117000,-98000,-98000
059403,T50反1台新03購03,0,0,0,0,0,0,0,0,0,-98000,0,0,0,0,98000,-98000,-98000
059294,宏達電元富9B購02,0,0,0,0,0,0,0,0,0,-98000,0,0,0,287000,385000,-98000,-98000
061210,玉山金元大9A購02,0,0,0,0,0,0,0,0,0,-98000,0,0,0,102000,200000,-98000,-98000
058764,康友群益99購01  ,0,0,0,0,0,0,0,0,0,-98000,0,0,0,0,98000,-98000,-98000
060380,T50反1凱基9A購08,0,0,0,0,0,0,0,0,0,-98000,0,0,0,0,98000,-98000,-98000
057934,華新科群益98購07,0,0,0,0,0,0,0,0,0,-98000,0,0,0,0,98000,-98000,-98000
063364,聯發科富邦01購02,0,0,0,0,0,0,0,0,0,-98000,0,0,0,4000,102000,-98000,-98000
08538P,聯發科國票01售01,0,0,0,0,0,0,0,0,0,-98000,0,0,0,31000,129000,-98000,-98000
057663,國巨元大99購08  ,0,0,0,0,0,0,0,0,0,-99000,0,0,0,1000,100000,-99000,-99000
054533,泰碩國泰98購01  ,0,0,0,0,0,0,0,0,0,-99000,0,0,0,0,99000,-99000,-99000
056351,鴻海元大98購06  ,0,0,0,0,0,0,0,0,0,-99000,0,0,0,1000,100000,-99000,-99000
056900,可成元大98購02  ,0,0,0,0,0,0,0,0,0,-99000,0,0,0,34000,133000,-99000,-99000
057536,康控元大99購03  ,0,0,0,0,0,0,0,0,0,-99000,0,0,0,7000,106000,-99000,-99000
059246,奇力新凱基9A購02,0,0,0,0,0,0,0,0,0,-99000,0,0,0,2000,101000,-99000,-99000
059147,矽創國票99購01  ,0,0,0,0,0,0,0,0,0,-99000,0,0,0,0,99000,-99000,-99000
064118,喬山元大01購01  ,0,0,0,0,0,0,0,0,0,-99000,0,0,0,1000,100000,-99000,-99000
064858,鴻海富邦01購01  ,0,0,0,0,0,0,0,0,0,-100000,0,0,0,128000,228000,-100000,-100000
064875,國巨兆豐01購01  ,0,0,0,0,0,0,0,0,0,-100000,0,0,0,0,100000,-100000,-100000
06964P,臺股指凱基9B售01,0,0,0,0,0,0,0,0,0,-100000,0,0,0,0,100000,-100000,-100000
06937P,GIS元大98售03   ,0,0,0,0,0,0,0,0,0,-100000,0,0,0,16000,116000,-100000,-100000
07264P,台積電元大99售38,0,0,0,0,0,0,0,0,0,-100000,0,0,0,0,100000,-100000,-100000
07304P,臺股指元大9A售37,0,0,0,0,0,0,0,0,0,-100000,0,0,0,0,100000,-100000,-100000
07455P,聯發科元大9A售01,0,0,0,0,0,0,0,0,0,-100000,0,0,0,0,100000,-100000,-100000
07444P,聯發科凱基9A售10,0,0,0,0,0,0,0,0,0,-100000,0,0,0,0,100000,-100000,-100000
07448P,台灣50元大9A售08,0,0,0,0,0,0,0,0,0,-100000,0,0,0,0,100000,-100000,-100000
07423P,大立光元大99售33,0,0,0,0,0,0,0,0,0,-100000,0,0,0,0,100000,-100000,-100000
07703P,玉晶光中信9B售03,0,0,0,0,0,0,0,0,0,-100000,0,0,0,0,100000,-100000,-100000
07687P,上銀元大9A售06  ,0,0,0,0,0,0,0,0,0,-100000,0,0,0,0,100000,-100000,-100000
07682P,聯發科凱基9A售15,0,0,0,0,0,0,0,0,0,-100000,0,0,0,0,100000,-100000,-100000
07521P,台積電中信01售05,0,0,0,0,0,0,0,0,0,-100000,0,0,0,0,100000,-100000,-100000
065963,鴻海元大01購05  ,0,0,0,0,0,0,0,0,0,-100000,0,0,0,6000,106000,-100000,-100000
065967,國巨元大01購07  ,0,0,0,0,0,0,0,0,0,-100000,0,0,0,1000,101000,-100000,-100000
065839,鴻海元大9C購17  ,0,0,0,0,0,0,0,0,0,-100000,0,0,0,0,100000,-100000,-100000
065878,麗豐群益02購01  ,0,0,0,0,0,0,0,0,0,-100000,0,0,0,0,100000,-100000,-100000
066241,瑞祺富邦03購01  ,0,0,0,0,0,0,0,0,0,-100000,0,0,0,0,100000,-100000,-100000
06681P,致茂元大98售02  ,0,0,0,0,0,0,0,0,0,-100000,0,0,0,0,100000,-100000,-100000
06645P,上銀元大98售05  ,0,0,0,0,0,0,0,0,0,-100000,0,0,0,0,100000,-100000,-100000
060879,華新科中信9A購02,0,0,0,0,0,0,0,0,0,-100000,0,0,0,0,100000,-100000,-100000
057059,易華電元大99購01,0,0,0,0,0,0,0,0,0,-100000,0,0,0,0,100000,-100000,-100000
056790,彩晶群益98購03  ,0,0,0,0,0,0,0,0,0,-100000,0,0,0,0,100000,-100000,-100000
055983,全新元富9A購02  ,0,0,0,0,0,0,0,0,0,-100000,0,0,0,0,100000,-100000,-100000
055911,可成凱基98購02  ,0,0,0,0,0,0,0,0,0,-100000,0,0,0,0,100000,-100000,-100000
055916,奇鋐凱基99購01  ,0,0,0,0,0,0,0,0,0,-100000,0,0,0,0,100000,-100000,-100000
057582,亞光中信9A購02  ,0,0,0,0,0,0,0,0,0,-100000,0,0,0,0,100000,-100000,-100000
054800,訊芯群益99購01  ,0,0,0,0,0,0,0,0,0,-100000,0,0,0,0,100000,-100000,-100000
055710,亞德客元大97購03,0,0,0,0,0,0,0,0,0,-100000,0,0,0,0,100000,-100000,-100000
057762,全新凱基99購03  ,0,0,0,0,0,0,0,0,0,-100000,0,0,0,0,100000,-100000,-100000
057280,大立光元大98購15,0,0,0,0,0,0,0,0,0,-100000,0,0,0,100000,200000,-100000,-100000
052572,群創凱基99購01  ,0,0,0,0,0,0,0,0,0,-100000,0,0,0,123000,223000,-100000,-100000
055510,GIS元大97購03   ,0,0,0,0,0,0,0,0,0,-100000,0,0,0,0,100000,-100000,-100000
055449,超眾統一9A購01  ,0,0,0,0,0,0,0,0,0,-100000,0,0,0,0,100000,-100000,-100000
059853,超眾永豐99購03  ,0,0,0,0,0,0,0,0,0,-100000,0,0,0,0,100000,-100000,-100000
059023,可成統一9B購02  ,0,0,0,0,0,0,0,0,0,-100000,0,0,0,44000,144000,-100000,-100000
059205,元石油元大99購01,0,0,0,0,0,0,0,0,0,-100000,0,0,0,0,100000,-100000,-100000
060988,華新科元大9A購12,0,0,0,0,0,0,0,0,0,-100000,0,0,0,0,100000,-100000,-100000
061031,神隆永豐9A購02  ,0,0,0,0,0,0,0,0,0,-100000,0,0,0,6000,106000,-100000,-100000
059096,百和元大99購04  ,0,0,0,0,0,0,0,0,0,-100000,0,0,0,0,100000,-100000,-100000
061424,華新科元大9A購18,0,0,0,0,0,0,0,0,0,-100000,0,0,0,0,100000,-100000,-100000
061576,華新科元大9A購21,0,0,0,0,0,0,0,0,0,-100000,0,0,0,0,100000,-100000,-100000
061518,達方永豐9A購02  ,0,0,0,0,0,0,0,0,0,-100000,0,0,0,409000,509000,-100000,-100000
057874,可成元大99購02  ,0,0,0,0,0,0,0,0,0,-100000,0,0,0,0,100000,-100000,-100000
060379,T50反1凱基9A購07,0,0,0,0,0,0,0,0,0,-100000,0,0,0,0,100000,-100000,-100000
057963,緯穎元大98購08  ,0,0,0,0,0,0,0,0,0,-100000,0,0,0,28000,128000,-100000,-100000
060030,晶相光永豐99購03,0,0,0,0,0,0,0,0,0,-100000,0,0,0,67000,167000,-100000,-100000
059581,日月光元富99購02,0,0,0,0,0,0,0,0,0,-100000,0,0,0,143000,243000,-100000,-100000
06119P,大立光凱基98售04,0,0,0,0,0,0,0,0,0,-100000,0,0,0,0,100000,-100000,-100000
064330,燿華元大9C購02  ,0,0,0,0,0,0,0,0,0,-100000,0,0,0,63000,163000,-100000,-100000
064472,國巨麥證9C購03  ,0,0,0,0,101000,-101000,0,0,0,-100000,0,0,0,1000,101000,-100000,-100000
063596,嘉澤中信9B購01  ,0,0,0,0,0,0,0,0,0,-100000,0,0,0,0,100000,-100000,-100000
063821,南亞科麥證9C購01,0,0,0,0,100000,-100000,0,0,0,-100000,0,0,0,0,100000,-100000,-100000
063728,國巨元大9B購21  ,0,0,0,0,0,0,0,0,0,-100000,0,0,0,2000,102000,-100000,-100000
063720,香港反元大9C購01,0,0,0,0,0,0,0,0,0,-100000,0,0,0,0,100000,-100000,-100000
061960,國巨統一01購05  ,0,0,0,0,0,0,0,0,0,-100000,0,0,0,2000,102000,-100000,-100000
061983,華新科元大9B購04,0,0,0,0,0,0,0,0,0,-100000,0,0,0,0,100000,-100000,-100000
062187,台勝科元大9B購02,0,0,0,0,0,0,0,0,0,-100000,0,0,0,0,100000,-100000,-100000
062442,華新科元大9C購02,0,0,0,0,0,0,0,0,0,-100000,0,0,0,0,100000,-100000,-100000
062648,聯茂富邦9B購01  ,0,0,0,0,0,0,0,0,0,-100000,0,0,0,40000,140000,-100000,-100000
062592,牧德統一01購01  ,0,0,0,0,0,0,0,0,0,-100000,0,0,0,0,100000,-100000,-100000
063069,道瓊銀富邦05購01,0,0,0,0,0,0,0,0,0,-100000,0,0,0,15000,115000,-100000,-100000
08490P,上銀元大9C售08  ,0,0,0,0,0,0,0,0,0,-100000,0,0,0,0,100000,-100000,-100000
08643P,和碩群益9C售02  ,0,0,0,0,0,0,0,0,0,-100000,0,0,0,0,100000,-100000,-100000
08378P,世紀鋼元富9C售02,0,0,0,0,0,0,0,0,0,-100000,0,0,0,0,100000,-100000,-100000
08346P,大立光元大9C售15,0,0,0,0,0,0,0,0,0,-100000,0,0,0,0,100000,-100000,-100000
08196P,上銀元大9B售07  ,0,0,0,0,0,0,0,0,0,-100000,0,0,0,0,100000,-100000,-100000
08098P,大立光凱基9B售09,0,0,0,0,0,0,0,0,0,-100000,0,0,0,0,100000,-100000,-100000
064842,南六統一9C購04  ,0,0,0,0,0,0,0,0,0,-101000,0,0,0,10000,111000,-101000,-101000
065398,國泰金群益9C購01,0,0,0,0,0,0,0,0,0,-101000,0,0,0,0,101000,-101000,-101000
065139,華通凱基03購01  ,0,0,0,0,0,0,0,0,0,-101000,0,0,0,102000,203000,-101000,-101000
057370,可成元大98購07  ,0,0,0,0,0,0,0,0,0,-101000,0,0,0,0,101000,-101000,-101000
061269,嘉澤凱基9A購01  ,0,0,0,0,0,0,0,0,0,-101000,0,0,0,136000,237000,-101000,-101000
057925,貿聯凱基99購01  ,0,0,0,0,0,0,0,0,0,-101000,0,0,0,0,101000,-101000,-101000
061481,嘉澤元大9A購03  ,0,0,0,0,0,0,0,0,0,-101000,0,0,0,82000,183000,-101000,-101000
061778,元金2X群益9B購02,0,0,0,0,0,0,0,0,0,-101000,0,0,0,0,101000,-101000,-101000
061835,華新科凱基02購03,0,0,0,0,0,0,0,0,0,-101000,0,0,0,39000,140000,-101000,-101000
062186,晶技元大9B購05  ,0,0,0,0,0,0,0,0,0,-101000,0,0,0,64000,165000,-101000,-101000
063852,瀚宇博元大9C購01,0,0,0,0,0,0,0,0,0,-101000,0,0,0,469000,570000,-101000,-101000
063351,億豐統一9B購01  ,0,0,0,0,0,0,0,0,0,-101000,0,0,0,0,101000,-101000,-101000
08042P,臺股指群益9B售15,0,0,0,0,0,0,0,0,0,-101000,0,0,0,11000,112000,-101000,-101000
064944,亞德客凱基9C購03,0,0,0,0,0,0,0,0,0,-102000,0,0,0,0,102000,-102000,-102000
064577,大立光國泰02購01,0,0,0,0,0,0,0,0,0,-102000,0,0,0,110000,212000,-102000,-102000
056619,強茂永豐98購01  ,0,0,0,0,0,0,0,0,0,-102000,0,0,0,15000,117000,-102000,-102000
056067,智原元大97購01  ,0,0,0,0,0,0,0,0,0,-102000,0,0,0,0,102000,-102000,-102000
056712,京鼎永豐98購01  ,0,0,0,0,0,0,0,0,0,-102000,0,0,0,0,102000,-102000,-102000
057009,信邦中信99購01  ,0,0,0,0,0,0,0,0,0,-102000,0,0,0,83000,185000,-102000,-102000
060815,茂林凱基9B購01  ,0,0,0,0,0,0,0,0,0,-102000,0,0,0,0,102000,-102000,-102000
060784,鴻海富邦9C購01  ,0,0,0,0,0,0,0,0,0,-102000,0,0,0,19000,121000,-102000,-102000
055433,嘉聯益群益99購01,0,0,0,0,0,0,0,0,0,-102000,0,0,0,0,102000,-102000,-102000
061616,鴻海群益9A購07  ,0,0,0,0,0,0,0,0,0,-102000,0,0,0,33000,135000,-102000,-102000
058222,玉晶光統一9B購01,0,0,0,0,0,0,0,0,0,-102000,0,0,0,85000,187000,-102000,-102000
060958,儒鴻凱基9A購02  ,0,0,0,0,0,0,0,0,0,-102000,0,0,0,13000,115000,-102000,-102000
057844,新日興永豐99購01,0,0,0,0,0,0,0,0,0,-102000,0,0,0,0,102000,-102000,-102000
058082,美律群益98購05  ,0,0,0,0,0,0,0,0,0,-102000,0,0,0,0,102000,-102000,-102000
064214,群創凱基03購01  ,0,0,0,0,0,0,0,0,0,-102000,0,0,0,134000,236000,-102000,-102000
9933,中鼎            ,422000,214000,208000,0,0,0,0,0,0,-310000,10000,0,10000,0,320000,-320000,-102000
065098,致伸元大9C購02  ,0,0,0,0,0,0,0,0,0,-103000,0,0,0,51000,154000,-103000,-103000
065426,台積電凱基01購09,0,0,0,0,0,0,0,0,0,-103000,0,0,0,17000,120000,-103000,-103000
065730,新日興凱基9C購01,0,0,0,0,0,0,0,0,0,-103000,0,0,0,282000,385000,-103000,-103000
065571,神基群益01購01  ,0,0,0,0,0,0,0,0,0,-103000,0,0,0,49000,152000,-103000,-103000
06631P,玉晶光群益9A售03,0,0,0,0,0,0,0,0,0,-103000,0,0,0,0,103000,-103000,-103000
06741P,台積電富邦98售04,0,0,0,0,0,0,0,0,0,-103000,0,0,0,66000,169000,-103000,-103000
07469P,台達電元大9A售01,0,0,0,0,0,0,0,0,0,-103000,0,0,0,0,103000,-103000,-103000
057166,國巨元大99購06  ,0,0,0,0,0,0,0,0,0,-103000,0,0,0,35000,138000,-103000,-103000
056768,宏達電元大99購03,0,0,0,0,0,0,0,0,0,-103000,0,0,0,158000,261000,-103000,-103000
056818,正崴永豐98購01  ,0,0,0,0,0,0,0,0,0,-103000,0,0,0,0,103000,-103000,-103000
057298,旭富永豐98購01  ,0,0,0,0,0,0,0,0,0,-103000,0,0,0,0,103000,-103000,-103000
058144,聯茂元大99購02  ,0,0,0,0,0,0,0,0,0,-103000,0,0,0,127000,230000,-103000,-103000
063841,國巨元大01購01  ,0,0,0,0,0,0,0,0,0,-103000,0,0,0,3000,106000,-103000,-103000
063627,上銀元大9B購09  ,0,0,0,0,0,0,0,0,0,-103000,0,0,0,55000,158000,-103000,-103000
9136,巨騰-DR         ,410000,563000,-153000,0,0,0,0,0,0,50000,50000,0,50000,0,0,0,-103000
07766P,美律群益9A售03  ,0,0,0,0,0,0,0,0,0,-104000,0,0,0,0,104000,-104000,-104000
065645,嘉晶元大01購02  ,0,0,0,0,0,0,0,0,0,-104000,0,0,0,353000,457000,-104000,-104000
056178,嘉澤元富97購02  ,0,0,0,0,0,0,0,0,0,-104000,0,0,0,66000,170000,-104000,-104000
056848,泰鼎元富98購01  ,0,0,0,0,0,0,0,0,0,-104000,0,0,0,0,104000,-104000,-104000
058438,大立光統一9B購01,0,0,0,0,0,0,0,0,0,-104000,0,0,0,5000,109000,-104000,-104000
060390,聯鈞群益9A購01  ,0,0,0,0,0,0,0,0,0,-104000,0,0,0,144000,248000,-104000,-104000
058299,同欣電凱基9A購01,0,0,0,0,0,0,0,0,0,-104000,0,0,0,46000,150000,-104000,-104000
063648,台表科元大9C購05,0,0,0,0,0,0,0,0,0,-104000,0,0,0,17000,121000,-104000,-104000
061969,大立光統一01購02,0,0,0,0,0,0,0,0,0,-104000,0,0,0,66000,170000,-104000,-104000
064513,T50反1群益9C購01,0,0,0,0,0,0,0,0,0,-105000,0,0,0,100000,205000,-105000,-105000
07475P,A50正2群益9C售02,0,0,0,0,0,0,0,0,0,-105000,0,0,0,0,105000,-105000,-105000
055232,泰碩國票98購01  ,0,0,0,0,0,0,0,0,0,-105000,0,0,0,0,105000,-105000,-105000
060341,國巨統一9C購02  ,0,0,0,0,0,0,0,0,0,-105000,0,0,0,6000,111000,-105000,-105000
062707,致伸元大9B購01  ,0,0,0,0,0,0,0,0,0,-105000,0,0,0,54000,159000,-105000,-105000
063716,旺宏兆豐9B購01  ,0,0,0,0,0,0,0,0,0,-105000,0,0,0,0,105000,-105000,-105000
063971,健鼎國票01購01  ,0,0,0,0,0,0,0,0,0,-105000,0,0,0,14000,119000,-105000,-105000
064497,可成元大01購02  ,0,0,0,0,0,0,0,0,0,-105000,0,0,0,58000,163000,-105000,-105000
064394,全新永豐9C購02  ,0,0,0,0,0,0,0,0,0,-105000,0,0,0,0,105000,-105000,-105000
064424,華新科兆豐01購01,0,0,0,0,0,0,0,0,0,-105000,0,0,0,0,105000,-105000,-105000
08333P,大立光富邦02售03,0,0,0,0,0,0,0,0,0,-105000,0,0,0,0,105000,-105000,-105000
08318P,台積電台新01售01,0,0,0,0,0,0,0,0,0,-105000,0,0,0,0,105000,-105000,-105000
065776,鴻海國泰03購01  ,0,0,0,0,0,0,0,0,0,-106000,0,0,0,23000,129000,-106000,-106000
064567,晶技群益01購01  ,0,0,0,0,0,0,0,0,0,-106000,0,0,0,5000,111000,-106000,-106000
065040,燿華凱基9C購01  ,0,0,0,0,0,0,0,0,0,-106000,0,0,0,36000,142000,-106000,-106000
00672L,元大S&P原油正2  ,0,0,0,0,0,0,0,0,0,-106000,0,0,0,85000,191000,-106000,-106000
060411,達新永豐9A購01  ,0,0,0,0,0,0,0,0,0,-106000,0,0,0,48000,154000,-106000,-106000
059756,奇力新富邦9C購01,0,0,0,0,0,0,0,0,0,-106000,0,0,0,0,106000,-106000,-106000
061125,億光永豐9A購01  ,0,0,0,0,0,0,0,0,0,-106000,0,0,0,79000,185000,-106000,-106000
061535,群創統一9C購01  ,0,0,0,0,0,0,0,0,0,-106000,0,0,0,2000,108000,-106000,-106000
065675,茂林凱基03購01  ,0,0,0,0,0,0,0,0,0,-107000,0,0,0,20000,127000,-107000,-107000
065989,泰碩永豐01購01  ,0,0,0,0,0,0,0,0,0,-107000,0,0,0,0,107000,-107000,-107000
057163,上銀元大98購04  ,0,0,0,0,0,0,0,0,0,-107000,0,0,0,180000,287000,-107000,-107000
060759,南亞科元大9A購03,0,0,0,0,0,0,0,0,0,-107000,0,0,0,0,107000,-107000,-107000
056265,國泰金統一97購01,0,0,0,0,0,0,0,0,0,-107000,0,0,0,0,107000,-107000,-107000
056811,健策統一9B購01  ,0,0,0,0,0,0,0,0,0,-107000,0,0,0,16000,123000,-107000,-107000
061639,晶豪科元大9A購02,0,0,0,0,0,0,0,0,0,-107000,0,0,0,113000,220000,-107000,-107000
061352,茂林元大9A購04  ,0,0,0,0,0,0,0,0,0,-107000,0,0,0,100000,207000,-107000,-107000
062328,南亞科統一9C購01,0,0,0,0,0,0,0,0,0,-107000,0,0,0,41000,148000,-107000,-107000
08147P,聯發科群益9B售10,0,0,0,0,0,0,0,0,0,-107000,0,0,0,23000,130000,-107000,-107000
065893,華新科統一02購02,0,0,0,0,0,0,0,0,0,-108000,0,0,0,0,108000,-108000,-108000
066270,國揚元大01購01  ,0,0,0,0,0,0,0,0,0,-108000,0,0,0,0,108000,-108000,-108000
066082,康友國泰03購01  ,0,0,0,0,0,0,0,0,0,-108000,0,0,0,19000,127000,-108000,-108000
065372,漢唐元大9C購02  ,0,0,0,0,0,0,0,0,0,-108000,0,0,0,40000,148000,-108000,-108000
064866,義隆永豐9C購02  ,0,0,0,0,0,0,0,0,0,-108000,0,0,0,86000,194000,-108000,-108000
064611,亞德客元大9C購02,0,0,0,0,0,0,0,0,0,-108000,0,0,0,0,108000,-108000,-108000
060471,台勝科元大9B購01,0,0,0,0,0,0,0,0,0,-108000,0,0,0,0,108000,-108000,-108000
061668,信邦中信9B購01  ,0,0,0,0,0,0,0,0,0,-108000,0,0,0,52000,160000,-108000,-108000
061514,泰碩永豐9A購02  ,0,0,0,0,0,0,0,0,0,-108000,0,0,0,0,108000,-108000,-108000
064437,可成凱基02購01  ,0,0,0,0,0,0,0,0,0,-108000,0,0,0,6000,114000,-108000,-108000
064442,嘉聯益凱基9C購01,0,0,0,0,0,0,0,0,0,-108000,0,0,0,73000,181000,-108000,-108000
064352,嘉聯益元大9C購01,0,0,0,0,0,0,0,0,0,-108000,0,0,0,110000,218000,-108000,-108000
064058,儒鴻麥證01購01  ,0,0,0,4000,112000,-108000,0,0,0,-108000,0,0,0,4000,112000,-108000,-108000
065715,勤誠群益9C購01  ,0,0,0,0,0,0,0,0,0,-109000,0,0,0,0,109000,-109000,-109000
065600,友達元大9C購11  ,0,0,0,0,0,0,0,0,0,-109000,0,0,0,28000,137000,-109000,-109000
056738,國巨凱基9A購02  ,0,0,0,0,0,0,0,0,0,-109000,0,0,0,0,109000,-109000,-109000
060320,元金2X群益02購01,0,0,0,0,0,0,0,0,0,-109000,0,0,0,0,109000,-109000,-109000
058692,華邦電國票9B購01,0,0,0,0,0,0,0,0,0,-109000,0,0,0,1000,110000,-109000,-109000
063916,瀚宇博凱基01購01,0,0,0,0,0,0,0,0,0,-109000,0,0,0,318000,427000,-109000,-109000
064405,美食凱基01購02  ,0,0,0,0,0,0,0,0,0,-109000,0,0,0,18000,127000,-109000,-109000
063772,智邦富邦9B購02  ,0,0,0,0,0,0,0,0,0,-109000,0,0,0,144000,253000,-109000,-109000
063132,台表科元大9C購02,0,0,0,0,0,0,0,0,0,-109000,0,0,0,13000,122000,-109000,-109000
065375,神基元大03購01  ,0,0,0,0,0,0,0,0,0,-110000,0,0,0,21000,131000,-110000,-110000
064547,宏達電凱基9C購01,0,0,0,0,0,0,0,0,0,-110000,0,0,0,307000,417000,-110000,-110000
064517,國巨群益02購01  ,0,0,0,0,0,0,0,0,0,-110000,0,0,0,0,110000,-110000,-110000
064891,台達電群益9C購01,0,0,0,0,0,0,0,0,0,-110000,0,0,0,13000,123000,-110000,-110000
064945,中橡凱基9C購01  ,0,0,0,0,0,0,0,0,0,-110000,0,0,0,0,110000,-110000,-110000
066284,松翰元大01購01  ,0,0,0,0,0,0,0,0,0,-110000,0,0,0,0,110000,-110000,-110000
065942,燿華元富01購01  ,0,0,0,0,0,0,0,0,0,-110000,0,0,0,10000,120000,-110000,-110000
07588P,滬深2X國票9C售01,0,0,0,0,0,0,0,0,0,-110000,0,0,0,0,110000,-110000,-110000
057777,可成群益9A購03  ,0,0,0,0,0,0,0,0,0,-110000,0,0,0,0,110000,-110000,-110000
053364,友達國泰98購01  ,0,0,0,0,0,0,0,0,0,-110000,0,0,0,22000,132000,-110000,-110000
061127,美食永豐9A購01  ,0,0,0,0,0,0,0,0,0,-110000,0,0,0,0,110000,-110000,-110000
062717,華邦電凱基9C購01,0,0,0,0,0,0,0,0,0,-110000,0,0,0,46000,156000,-110000,-110000
062578,超眾群益9B購01  ,0,0,0,0,0,0,0,0,0,-110000,0,0,0,5000,115000,-110000,-110000
062182,華新科元大9B購07,0,0,0,0,0,0,0,0,0,-110000,0,0,0,0,110000,-110000,-110000
062093,台積電富邦9C購11,0,0,0,0,0,0,0,0,0,-110000,0,0,0,0,110000,-110000,-110000
063901,緯穎群益9C購01  ,0,0,0,0,0,0,0,0,0,-110000,0,0,0,26000,136000,-110000,-110000
063719,T50反1元大9B購11,0,0,0,0,0,0,0,0,0,-110000,0,0,0,0,110000,-110000,-110000
063451,漢翔統一9C購01  ,0,0,0,0,0,0,0,0,0,-110000,0,0,0,0,110000,-110000,-110000
064377,宏達電元富9C購01,0,0,0,0,0,0,0,0,0,-110000,0,0,0,114000,224000,-110000,-110000
066071,台光電凱基02購01,0,0,0,0,0,0,0,0,0,-111000,0,0,0,5000,116000,-111000,-111000
064593,鈺齊永豐9C購01  ,0,0,0,0,0,0,0,0,0,-111000,0,0,0,332000,443000,-111000,-111000
056609,楠梓電永豐98購02,0,0,0,0,0,0,0,0,0,-111000,0,0,0,132000,243000,-111000,-111000
059253,康控凱基9B購02  ,0,0,0,0,0,0,0,0,0,-111000,0,0,0,3000,114000,-111000,-111000
062547,玉晶光永豐9B購05,0,0,0,0,0,0,0,0,0,-111000,0,0,0,13000,124000,-111000,-111000
08329P,台達電統一9C售02,0,0,0,0,0,0,0,0,0,-111000,0,0,0,54000,165000,-111000,-111000
065238,聯茂凱基02購01  ,0,0,0,0,0,0,0,0,0,-112000,0,0,0,17000,129000,-112000,-112000
065731,群創凱基03購02  ,0,0,0,0,0,0,0,0,0,-112000,0,0,0,10000,122000,-112000,-112000
057112,立積群益99購01  ,0,0,0,0,0,0,0,0,0,-112000,0,0,0,88000,200000,-112000,-112000
057257,台泥兆豐99購01  ,0,0,0,0,0,0,0,0,0,-112000,0,0,0,40000,152000,-112000,-112000
054926,神達凱基98購01  ,0,0,0,0,0,0,0,0,0,-112000,0,0,0,0,112000,-112000,-112000
059063,康控凱基99購04  ,0,0,0,0,0,0,0,0,0,-112000,0,0,0,9000,121000,-112000,-112000
062854,日電貿永豐9B購01,0,0,0,0,0,0,0,0,0,-112000,0,0,0,0,112000,-112000,-112000
08027P,嘉晶元大9B售03  ,0,0,0,0,0,0,0,0,0,-112000,0,0,0,4000,116000,-112000,-112000
065463,大立光中信01購02,0,0,0,0,0,0,0,0,0,-113000,0,0,0,35000,148000,-113000,-113000
064574,達方群益01購01  ,0,0,0,0,0,0,0,0,0,-113000,0,0,0,70000,183000,-113000,-113000
06782P,大立光元大99售07,0,0,0,0,0,0,0,0,0,-113000,0,0,0,0,113000,-113000,-113000
07777P,創意元大9A售03  ,0,0,0,0,0,0,0,0,0,-113000,0,0,0,50000,163000,-113000,-113000
057571,泰碩永豐98購01  ,0,0,0,0,0,0,0,0,0,-113000,0,0,0,0,113000,-113000,-113000
061234,國巨元大9A購18  ,0,0,0,0,0,0,0,0,0,-113000,0,0,0,7000,120000,-113000,-113000
062020,智伸科永豐9B購01,0,0,0,0,0,0,0,0,0,-113000,0,0,0,12000,125000,-113000,-113000
07740P,臺股指永豐9A售01,0,0,0,0,0,0,0,0,0,-114000,0,0,0,0,114000,-114000,-114000
06854P,鴻海富邦99售05  ,0,0,0,0,0,0,0,0,0,-114000,0,0,0,121000,235000,-114000,-114000
065793,旭富永豐9C購02  ,0,0,0,0,0,0,0,0,0,-114000,0,0,0,0,114000,-114000,-114000
064551,鈺齊凱基9C購02  ,0,0,0,0,0,0,0,0,0,-114000,0,0,0,176000,290000,-114000,-114000
056909,嘉聯益元大99購03,0,0,0,0,0,0,0,0,0,-114000,0,0,0,41000,155000,-114000,-114000
060653,全新群益9A購02  ,0,0,0,0,0,0,0,0,0,-114000,0,0,0,62000,176000,-114000,-114000
059594,奇力新元大9B購01,0,0,0,0,0,0,0,0,0,-114000,0,0,0,10000,124000,-114000,-114000
059164,旺宏凱基99購06  ,0,0,0,0,0,0,0,0,0,-114000,0,0,0,27000,141000,-114000,-114000
061979,友達元大9C購08  ,0,0,0,0,0,0,0,0,0,-114000,0,0,0,24000,138000,-114000,-114000
064327,金寶元大01購01  ,0,0,0,0,0,0,0,0,0,-114000,0,0,0,72000,186000,-114000,-114000
063464,廣達元大9B購02  ,0,0,0,0,0,0,0,0,0,-114000,0,0,0,291000,405000,-114000,-114000
063317,大立光群益9B購06,0,0,0,0,0,0,0,0,0,-114000,0,0,0,11000,125000,-114000,-114000
063654,上銀元富9B購05  ,0,0,0,0,0,0,0,0,0,-114000,0,0,0,96000,210000,-114000,-114000
4746,台耀            ,317000,435000,-118000,0,0,0,0,0,0,4000,4000,0,4000,0,0,0,-114000
064966,FBVIX元大9C購03 ,0,0,0,0,0,0,0,0,0,-115000,0,0,0,55000,170000,-115000,-115000
064931,南六統一9C購05  ,0,0,0,0,0,0,0,0,0,-115000,0,0,0,0,115000,-115000,-115000
065037,緯穎統一02購02  ,0,0,0,0,0,0,0,0,0,-115000,0,0,0,20000,135000,-115000,-115000
066132,精元群益01購01  ,0,0,0,0,0,0,0,0,0,-115000,0,0,0,0,115000,-115000,-115000
066226,惠特國泰03購01  ,0,0,0,0,0,0,0,0,0,-115000,0,0,0,0,115000,-115000,-115000
00771,元大US高息特別股,0,0,0,0,0,0,0,0,0,-115000,0,0,0,133000,248000,-115000,-115000
059267,群創中信01購02  ,0,0,0,0,0,0,0,0,0,-115000,0,0,0,0,115000,-115000,-115000
058008,禾伸堂國票99購02,0,0,0,0,0,0,0,0,0,-115000,0,0,0,1000,116000,-115000,-115000
061092,可成統一9C購02  ,0,0,0,0,0,0,0,0,0,-115000,0,0,0,20000,135000,-115000,-115000
063113,聯茂兆豐9B購01  ,0,0,0,0,0,0,0,0,0,-115000,0,0,0,70000,185000,-115000,-115000
065038,上銀凱基9C購02  ,0,0,0,0,0,0,0,0,0,-116000,0,0,0,13000,129000,-116000,-116000
064846,旺宏元富03購01  ,0,0,0,0,0,0,0,0,0,-116000,0,0,0,10000,126000,-116000,-116000
065261,技嘉元大9C購03  ,0,0,0,0,0,0,0,0,0,-116000,0,0,0,240000,356000,-116000,-116000
065351,中租統一02購02  ,0,0,0,0,0,0,0,0,0,-116000,0,0,0,140000,256000,-116000,-116000
056723,國巨中信9A購01  ,0,0,0,0,0,0,0,0,0,-116000,0,0,0,0,116000,-116000,-116000
061075,亞德客兆豐9A購01,0,0,0,0,0,0,0,0,0,-116000,0,0,0,38000,154000,-116000,-116000
058208,百和凱基99購01  ,0,0,0,0,0,0,0,0,0,-116000,0,0,0,0,116000,-116000,-116000
060061,旺宏兆豐99購02  ,0,0,0,0,0,0,0,0,0,-116000,0,0,0,0,116000,-116000,-116000
061744,超眾凱基9B購02  ,0,0,0,0,0,0,0,0,0,-116000,0,0,0,0,116000,-116000,-116000
063151,奇鋐元富9B購01  ,0,0,0,0,0,0,0,0,0,-116000,0,0,0,131000,247000,-116000,-116000
061978,旺宏元大9C購01  ,0,0,0,0,0,0,0,0,0,-116000,0,0,0,52000,168000,-116000,-116000
062014,牧德富邦9C購01  ,0,0,0,0,0,0,0,0,0,-116000,0,0,0,4000,120000,-116000,-116000
061903,宏全永豐9B購01  ,0,0,0,0,0,0,0,0,0,-116000,0,0,0,312000,428000,-116000,-116000
062562,瑞儀凱基9B購02  ,0,0,0,0,0,0,0,0,0,-116000,0,0,0,0,116000,-116000,-116000
063703,晶豪科群益9B購02,0,0,0,0,0,0,0,0,0,-116000,0,0,0,169000,285000,-116000,-116000
064401,台達電凱基06購01,0,0,0,0,0,0,0,0,0,-116000,0,0,0,105000,221000,-116000,-116000
4414,如興            ,69000,223000,-154000,0,0,0,0,0,0,38000,38000,0,38000,0,0,0,-116000
065943,台表科元富01購01,0,0,0,0,0,0,0,0,0,-117000,0,0,0,126000,243000,-117000,-117000
061669,崇越中信9A購01  ,0,0,0,0,0,0,0,0,0,-117000,0,0,0,85000,202000,-117000,-117000
061229,緯穎中信9B購01  ,0,0,0,0,0,0,0,0,0,-117000,0,0,0,20000,137000,-117000,-117000
060493,美律元富01購01  ,0,0,0,0,0,0,0,0,0,-117000,0,0,0,114000,231000,-117000,-117000
064480,聚陽永豐9C購01  ,0,0,0,0,0,0,0,0,0,-117000,0,0,0,133000,250000,-117000,-117000
063836,台塑元大9C購01  ,0,0,0,0,0,0,0,0,0,-117000,0,0,0,0,117000,-117000,-117000
6141,柏承            ,65000,184000,-119000,0,0,0,0,0,0,2000,2000,0,2000,0,0,0,-117000
065901,台積電富邦03購04,0,0,0,0,0,0,0,0,0,-118000,0,0,0,285000,403000,-118000,-118000
065415,台積電兆豐9C購05,0,0,0,0,0,0,0,0,0,-118000,0,0,0,94000,212000,-118000,-118000
065721,中壽兆豐9C購01  ,0,0,0,0,0,0,0,0,0,-118000,0,0,0,31000,149000,-118000,-118000
064806,微星元大01購01  ,0,0,0,0,0,0,0,0,0,-118000,0,0,0,237000,355000,-118000,-118000
057002,友達國票98購01  ,0,0,0,0,0,0,0,0,0,-118000,0,0,0,0,118000,-118000,-118000
057051,群創元大9B購03  ,0,0,0,0,0,0,0,0,0,-118000,0,0,0,146000,264000,-118000,-118000
056361,美律元大99購02  ,0,0,0,0,0,0,0,0,0,-118000,0,0,0,0,118000,-118000,-118000
057958,禾伸堂元大99購05,20000,0,20000,0,0,0,0,0,0,-138000,0,0,0,1000,139000,-138000,-118000
058568,宏達電凱基9A購02,0,0,0,0,0,0,0,0,0,-118000,0,0,0,22000,140000,-118000,-118000
061764,旺宏元大9B購01  ,0,0,0,0,0,0,0,0,0,-118000,0,0,0,2000,120000,-118000,-118000
063779,華邦電永豐9B購01,0,0,0,0,0,0,0,0,0,-118000,0,0,0,0,118000,-118000,-118000
062337,台表科統一01購01,0,0,0,0,0,0,0,0,0,-118000,0,0,0,25000,143000,-118000,-118000
063117,聯茂麥證9B購01  ,0,0,0,10000,128000,-118000,0,0,0,-118000,0,0,0,10000,128000,-118000,-118000
062829,泰碩群益9B購01  ,0,0,0,0,0,0,0,0,0,-118000,0,0,0,0,118000,-118000,-118000
064826,南亞科統一01購03,0,0,0,0,0,0,0,0,0,-119000,0,0,0,0,119000,-119000,-119000
061526,宏達電凱基9A購04,0,0,0,0,0,0,0,0,0,-119000,0,0,0,68000,187000,-119000,-119000
061136,可成統一9A購01  ,0,0,0,0,0,0,0,0,0,-119000,0,0,0,177000,296000,-119000,-119000
061105,宏達電元大9A購04,0,0,0,0,0,0,0,0,0,-119000,0,0,0,111000,230000,-119000,-119000
062615,亞德客元大9B購02,0,0,0,0,0,0,0,0,0,-119000,0,0,0,54000,173000,-119000,-119000
063126,TPK元大9B購01   ,0,0,0,0,0,0,0,0,0,-119000,0,0,0,15000,134000,-119000,-119000
063259,廣達富邦9C購01  ,0,0,0,0,0,0,0,0,0,-119000,0,0,0,1099000,1218000,-119000,-119000
062013,奇鋐富邦9B購01  ,0,0,0,0,0,0,0,0,0,-119000,0,0,0,106000,225000,-119000,-119000
064853,亞德客麥證9C購01,0,0,0,0,120000,-120000,0,0,0,-120000,0,0,0,0,120000,-120000,-120000
065142,華邦電凱基01購01,0,0,0,0,0,0,0,0,0,-120000,0,0,0,0,120000,-120000,-120000
065777,正崴國泰03購01  ,0,0,0,0,0,0,0,0,0,-120000,0,0,0,20000,140000,-120000,-120000
06694P,臺股指凱基99售13,0,0,0,0,0,0,0,0,0,-120000,0,0,0,0,120000,-120000,-120000
06954P,大立光元富99售01,0,0,0,0,0,0,0,0,0,-120000,0,0,0,179000,299000,-120000,-120000
07145P,為升元大99售03  ,0,0,0,0,0,0,0,0,0,-120000,0,0,0,16000,136000,-120000,-120000
07382P,台積電群益9B售01,0,0,0,0,0,0,0,0,0,-120000,0,0,0,0,120000,-120000,-120000
07946P,華通統一9B售02  ,0,0,0,0,0,0,0,0,0,-120000,0,0,0,0,120000,-120000,-120000
07976P,聯發科群益9C售02,0,0,0,0,0,0,0,0,0,-120000,0,0,0,0,120000,-120000,-120000
07979P,大立光凱基9B售05,0,0,0,0,0,0,0,0,0,-120000,0,0,0,0,120000,-120000,-120000
055623,貿聯國泰99購01  ,0,0,0,0,0,0,0,0,0,-120000,0,0,0,0,120000,-120000,-120000
060823,旺宏元大9A購05  ,0,0,0,0,0,0,0,0,0,-120000,0,0,0,0,120000,-120000,-120000
056700,華新科國泰99購03,0,0,0,0,0,0,0,0,0,-120000,0,0,0,0,120000,-120000,-120000
061070,超眾凱基9C購01  ,0,0,0,0,0,0,0,0,0,-120000,0,0,0,50000,170000,-120000,-120000
061457,TPK凱基9A購01   ,0,0,0,0,0,0,0,0,0,-120000,0,0,0,11000,131000,-120000,-120000
061754,晶技麥證9B購01  ,0,0,0,0,120000,-120000,0,0,0,-120000,0,0,0,0,120000,-120000,-120000
062061,台勝科統一01購01,0,0,0,0,0,0,0,0,0,-120000,0,0,0,0,120000,-120000,-120000
064166,和潤統一02購01  ,0,0,0,0,0,0,0,0,0,-120000,0,0,0,87000,207000,-120000,-120000
08645P,臺股指中信03售01,0,0,0,0,0,0,0,0,0,-120000,0,0,0,0,120000,-120000,-120000
06893P,致新元富98售02  ,0,0,0,0,0,0,0,0,0,-121000,0,0,0,0,121000,-121000,-121000
065193,和大元富03購02  ,0,0,0,0,0,0,0,0,0,-121000,0,0,0,164000,285000,-121000,-121000
055661,亞德客中信98購01,0,0,0,0,0,0,0,0,0,-121000,0,0,0,0,121000,-121000,-121000
061662,瑞儀永豐9A購02  ,0,0,0,0,0,0,0,0,0,-121000,0,0,0,22000,143000,-121000,-121000
060204,矽創元富9A購01  ,0,0,0,0,0,0,0,0,0,-121000,0,0,0,0,121000,-121000,-121000
059517,茂林永豐99購02  ,0,0,0,0,0,0,0,0,0,-121000,0,0,0,0,121000,-121000,-121000
058140,臻鼎元大99購02  ,0,0,0,0,0,0,0,0,0,-121000,0,0,0,200000,321000,-121000,-121000
063933,TPK統一01購01   ,0,0,0,0,0,0,0,0,0,-121000,0,0,0,38000,159000,-121000,-121000
063383,億豐永豐9B購02  ,0,0,0,0,0,0,0,0,0,-121000,0,0,0,0,121000,-121000,-121000
2915,潤泰全          ,274000,250000,24000,0,0,0,0,0,0,-145000,39000,0,39000,53000,237000,-184000,-121000
065240,矽創凱基01購01  ,0,0,0,0,0,0,0,0,0,-122000,0,0,0,49000,171000,-122000,-122000
065668,南亞科凱基9C購02,0,0,0,0,0,0,0,0,0,-122000,0,0,0,41000,163000,-122000,-122000
055701,亞德客富邦99購01,0,0,0,0,0,0,0,0,0,-122000,0,0,0,164000,286000,-122000,-122000
057175,美律元大98購03  ,0,0,0,0,0,0,0,0,0,-122000,0,0,0,0,122000,-122000,-122000
061491,嘉聯益兆豐9B購01,0,0,0,0,0,0,0,0,0,-122000,0,0,0,62000,184000,-122000,-122000
064374,旺宏元富9C購01  ,0,0,0,0,0,0,0,0,0,-122000,0,0,0,18000,140000,-122000,-122000
8011,台通            ,990000,1114000,-124000,0,0,0,0,0,0,2000,2000,0,2000,0,0,0,-122000
07879P,瑞昱群益9C售01  ,0,0,0,0,0,0,0,0,0,-123000,0,0,0,6000,129000,-123000,-123000
066278,健策元大02購01  ,0,0,0,0,0,0,0,0,0,-123000,0,0,0,107000,230000,-123000,-123000
066061,超眾元大01購04  ,0,0,0,0,0,0,0,0,0,-123000,0,0,0,5000,128000,-123000,-123000
066047,嘉晶元大01購04  ,0,0,0,0,0,0,0,0,0,-123000,0,0,0,40000,163000,-123000,-123000
057717,友訊元富98購02  ,0,0,0,0,0,0,0,0,0,-123000,0,0,0,75000,198000,-123000,-123000
061398,力成中信9A購01  ,0,0,0,0,0,0,0,0,0,-123000,0,0,0,224000,347000,-123000,-123000
059360,全新永豐99購02  ,0,0,0,0,0,0,0,0,0,-123000,0,0,0,39000,162000,-123000,-123000
064360,台積電統一9C購12,0,0,0,0,0,0,0,0,0,-123000,0,0,0,307000,430000,-123000,-123000
06334P,臺股指群益9C售03,0,0,0,0,0,0,0,0,0,-123000,0,0,0,0,123000,-123000,-123000
063705,臻鼎群益9B購03  ,0,0,0,0,0,0,0,0,0,-123000,0,0,0,58000,181000,-123000,-123000
061918,上銀凱基9B購02  ,0,0,0,0,0,0,0,0,0,-123000,0,0,0,32000,155000,-123000,-123000
065111,瀚宇博國票01購01,0,0,0,0,0,0,0,0,0,-124000,0,0,0,96000,220000,-124000,-124000
055564,茂林凱基98購01  ,0,0,0,0,0,0,0,0,0,-124000,0,0,0,0,124000,-124000,-124000
058646,聯茂富邦9A購01  ,0,0,0,0,0,0,0,0,0,-124000,0,0,0,337000,461000,-124000,-124000
6139,亞翔            ,694000,815000,-121000,0,0,0,0,0,0,-3000,0,0,0,0,3000,-3000,-124000
1734,杏輝            ,0,124000,-124000,0,0,0,0,0,0,0,0,0,0,0,0,0,-124000
064665,南亞科元大9C購06,0,0,0,0,0,0,0,0,0,-125000,0,0,0,0,125000,-125000,-125000
064526,臺股指群益9C購11,0,0,0,0,0,0,0,0,0,-125000,0,0,0,0,125000,-125000,-125000
065446,宏達電統一9C購02,0,0,0,0,0,0,0,0,0,-125000,0,0,0,0,125000,-125000,-125000
065518,聯鈞群益9C購02  ,0,0,0,0,0,0,0,0,0,-125000,0,0,0,60000,185000,-125000,-125000
065378,嘉澤元大01購01  ,0,0,0,0,0,0,0,0,0,-125000,0,0,0,270000,395000,-125000,-125000
065964,鴻海元大02購01  ,0,0,0,0,0,0,0,0,0,-125000,0,0,0,2000,127000,-125000,-125000
07408P,台積電兆豐99售06,0,0,0,0,0,0,0,0,0,-125000,0,0,0,0,125000,-125000,-125000
060698,旺宏國泰9C購01  ,0,0,0,0,0,0,0,0,0,-125000,0,0,0,17000,142000,-125000,-125000
060457,中橡元大9A購02  ,0,0,0,0,0,0,0,0,0,-125000,0,0,0,7000,132000,-125000,-125000
061067,貿聯凱基9A購03  ,0,0,0,0,0,0,0,0,0,-125000,0,0,0,69000,194000,-125000,-125000
063236,旺宏元大9B購07  ,0,0,0,0,0,0,0,0,0,-125000,0,0,0,43000,168000,-125000,-125000
063823,T50反1國票01購02,0,0,0,0,0,0,0,0,0,-125000,0,0,0,215000,340000,-125000,-125000
064343,健鼎元大9C購01  ,0,0,0,0,0,0,0,0,0,-125000,0,0,0,28000,153000,-125000,-125000
063937,上銀元大9C購02  ,0,0,0,0,0,0,0,0,0,-125000,0,0,0,21000,146000,-125000,-125000
08308P,聯發科凱基01售03,0,0,0,0,0,0,0,0,0,-125000,0,0,0,0,125000,-125000,-125000
065609,嘉澤元大01購02  ,0,0,0,0,0,0,0,0,0,-126000,0,0,0,314000,440000,-126000,-126000
064573,復盛群益9C購01  ,0,0,0,0,0,0,0,0,0,-126000,0,0,0,0,126000,-126000,-126000
064812,旭富元大9C購04  ,0,0,0,0,0,0,0,0,0,-126000,0,0,0,46000,172000,-126000,-126000
064752,台達電凱基01購01,0,0,0,0,0,0,0,0,0,-126000,0,0,0,183000,309000,-126000,-126000
054826,復盛元大9A購01  ,0,0,0,0,0,0,0,0,0,-126000,0,0,0,0,126000,-126000,-126000
058077,超眾凱基98購02  ,0,0,0,0,0,0,0,0,0,-126000,0,0,0,58000,184000,-126000,-126000
061443,大立光統一9C購02,0,0,0,0,0,0,0,0,0,-126000,0,0,0,19000,145000,-126000,-126000
064119,上銀元大9C購06  ,0,0,0,0,0,0,0,0,0,-126000,0,0,0,0,126000,-126000,-126000
062494,中石化中信9C購01,0,0,0,0,0,0,0,0,0,-126000,0,0,0,0,126000,-126000,-126000
064569,群創群益9C購01  ,0,0,0,0,0,0,0,0,0,-127000,0,0,0,223000,350000,-127000,-127000
060851,國巨國泰9C購01  ,0,0,0,0,0,0,0,0,0,-127000,0,0,0,51000,178000,-127000,-127000
056520,鴻海日盛99購01  ,0,0,0,0,0,0,0,0,0,-127000,0,0,0,36000,163000,-127000,-127000
056468,鴻海元大98購07  ,0,0,0,0,0,0,0,0,0,-127000,0,0,0,10000,137000,-127000,-127000
062944,茂林凱基9B購02  ,0,0,0,0,0,0,0,0,0,-127000,0,0,0,33000,160000,-127000,-127000
064242,TPK統一02購01   ,0,0,0,0,0,0,0,0,0,-127000,0,0,0,25000,152000,-127000,-127000
066015,健策元富01購01  ,0,0,0,0,0,0,0,0,0,-128000,0,0,0,2000,130000,-128000,-128000
056657,華邦電元大99購01,0,0,0,0,0,0,0,0,0,-128000,0,0,0,0,128000,-128000,-128000
057077,國巨統一98購06  ,0,0,0,0,0,0,0,0,0,-128000,0,0,0,0,128000,-128000,-128000
061237,晶技元大9A購01  ,0,0,0,0,0,0,0,0,0,-128000,0,0,0,50000,178000,-128000,-128000
059985,華新科元大99購22,0,0,0,0,0,0,0,0,0,-128000,0,0,0,50000,178000,-128000,-128000
063572,麗豐元大9B購01  ,0,0,0,0,0,0,0,0,0,-128000,0,0,0,59000,187000,-128000,-128000
064713,和大統一02購01  ,0,0,0,0,0,0,0,0,0,-129000,0,0,0,15000,144000,-129000,-129000
065509,上銀群益9C購04  ,0,0,0,0,0,0,0,0,0,-129000,0,0,0,0,129000,-129000,-129000
065322,聯發科凱基01購05,0,0,0,0,0,0,0,0,0,-129000,0,0,0,17000,146000,-129000,-129000
054628,可成凱基98購01  ,0,0,0,0,0,0,0,0,0,-129000,0,0,0,18000,147000,-129000,-129000
063420,奇力新凱基9B購03,0,0,0,0,0,0,0,0,0,-129000,0,0,0,0,129000,-129000,-129000
062310,南亞科凱基9B購02,0,0,0,0,0,0,0,0,0,-129000,0,0,0,0,129000,-129000,-129000
065584,華通富邦01購01  ,0,0,0,0,0,0,0,0,0,-130000,0,0,0,170000,300000,-130000,-130000
066090,泰鼎永豐01購01  ,0,0,0,0,0,0,0,0,0,-130000,0,0,0,0,130000,-130000,-130000
07363P,大立光元大99售26,0,0,0,0,0,0,0,0,0,-130000,0,0,0,0,130000,-130000,-130000
056364,亞光元大99購02  ,0,0,0,0,0,0,0,0,0,-130000,0,0,0,0,130000,-130000,-130000
060742,臺指反國票9B購02,0,0,0,0,0,0,0,0,0,-130000,0,0,0,0,130000,-130000,-130000
057464,大立光永豐98購02,0,0,0,0,0,0,0,0,0,-130000,0,0,0,0,130000,-130000,-130000
061605,華新科凱基9A購14,0,0,0,0,0,0,0,0,0,-130000,0,0,0,0,130000,-130000,-130000
061582,麗豐元大9A購01  ,0,0,0,0,0,0,0,0,0,-130000,0,0,0,45000,175000,-130000,-130000
058380,臺股指凱基99購15,0,0,0,0,0,0,0,0,0,-130000,0,0,0,164000,294000,-130000,-130000
061886,力山國泰01購01  ,0,0,0,0,0,0,0,0,0,-130000,0,0,0,121000,251000,-130000,-130000
063492,台積電富邦02購02,0,0,0,0,0,0,0,0,0,-130000,0,0,0,84000,214000,-130000,-130000
063505,奇力新群益9B購03,0,0,0,0,0,0,0,0,0,-130000,0,0,0,0,130000,-130000,-130000
064264,智伸科永豐9C購01,0,0,0,0,0,0,0,0,0,-130000,0,0,0,0,130000,-130000,-130000
064122,國巨元大9C購17  ,0,0,0,0,0,0,0,0,0,-130000,0,0,0,6000,136000,-130000,-130000
064190,新光金第一9C購01,0,0,0,0,0,0,0,0,0,-130000,0,0,0,0,130000,-130000,-130000
07010P,T50正2凱基9C售01,0,0,0,0,0,0,0,0,0,-131000,0,0,0,2000,133000,-131000,-131000
057585,鴻海國票99購05  ,0,0,0,0,0,0,0,0,0,-131000,0,0,0,0,131000,-131000,-131000
060570,南亞科永豐9A購01,0,0,0,0,0,0,0,0,0,-131000,0,0,0,0,131000,-131000,-131000
056392,玉晶光富邦9C購01,0,0,0,0,0,0,0,0,0,-131000,0,0,0,42000,173000,-131000,-131000
060100,新光金元大9C購01,0,0,0,0,0,0,0,0,0,-131000,0,0,0,210000,341000,-131000,-131000
058829,華新科永豐99購04,0,0,0,0,0,0,0,0,0,-131000,0,0,0,0,131000,-131000,-131000
064021,國巨元大9C購15  ,0,0,0,0,0,0,0,0,0,-131000,0,0,0,36000,167000,-131000,-131000
064303,新光金兆豐01購01,0,0,0,0,0,0,0,0,0,-131000,0,0,0,0,131000,-131000,-131000
062787,超眾元大9C購02  ,0,0,0,0,0,0,0,0,0,-131000,0,0,0,115000,246000,-131000,-131000
062988,儒鴻群益9B購01  ,0,0,0,0,0,0,0,0,0,-131000,0,0,0,15000,146000,-131000,-131000
07500P,微星元大9A售01  ,0,0,0,0,0,0,0,0,0,-132000,0,0,0,133000,265000,-132000,-132000
064639,聚陽凱基02購01  ,0,0,0,0,0,0,0,0,0,-132000,0,0,0,70000,202000,-132000,-132000
057401,晶豪科群益99購01,0,0,0,0,0,0,0,0,0,-132000,0,0,0,0,132000,-132000,-132000
059791,超眾元大99購06  ,0,0,0,0,0,0,0,0,0,-132000,0,0,0,63000,195000,-132000,-132000
058929,可成統一9C購01  ,0,0,0,0,0,0,0,0,0,-132000,0,0,0,12000,144000,-132000,-132000
059118,晶技永豐9A購01  ,0,0,0,0,0,0,0,0,0,-132000,0,0,0,0,132000,-132000,-132000
063233,國巨元大9B購19  ,0,0,0,0,0,0,0,0,0,-132000,0,0,0,9000,141000,-132000,-132000
062720,南亞科凱基9B購03,0,0,0,0,0,0,0,0,0,-132000,0,0,0,8000,140000,-132000,-132000
063867,全新永豐9C購01  ,0,0,0,0,0,0,0,0,0,-132000,0,0,0,79000,211000,-132000,-132000
07992P,玉晶光群益01售04,0,0,0,0,0,0,0,0,0,-133000,0,0,0,61000,194000,-133000,-133000
07676P,華新科永豐9A售02,0,0,0,0,0,0,0,0,0,-133000,0,0,0,0,133000,-133000,-133000
060881,玉山金中信02購01,0,0,0,0,0,0,0,0,0,-133000,0,0,0,12000,145000,-133000,-133000
061836,華新科凱基05購01,0,0,0,0,0,0,0,0,0,-133000,0,0,0,68000,201000,-133000,-133000
058510,全新元大9B購02  ,0,0,0,0,0,0,0,0,0,-133000,0,0,0,0,133000,-133000,-133000
058105,旺宏統一9A購02  ,0,0,0,0,0,0,0,0,0,-133000,0,0,0,1000,134000,-133000,-133000
062355,華通元大9B購03  ,0,0,0,0,0,0,0,0,0,-133000,0,0,0,85000,218000,-133000,-133000
1215,卜蜂            ,99000,228000,-129000,0,0,0,0,0,0,-4000,0,0,0,0,4000,-4000,-133000
1702,南僑            ,131000,279000,-148000,0,0,0,0,0,0,15000,15000,0,15000,0,0,0,-133000
065781,創意富邦01購01  ,0,0,0,0,0,0,0,0,0,-134000,0,0,0,31000,165000,-134000,-134000
065821,億豐元富03購01  ,0,0,0,0,0,0,0,0,0,-134000,0,0,0,0,134000,-134000,-134000
064682,嘉聯益兆豐01購01,0,0,0,0,0,0,0,0,0,-134000,0,0,0,231000,365000,-134000,-134000
065141,國巨凱基9C購10  ,0,0,0,0,0,0,0,0,0,-134000,0,0,0,84000,218000,-134000,-134000
05631P,國巨富邦9A售01  ,0,0,0,0,0,0,0,0,0,-134000,0,0,0,35000,169000,-134000,-134000
058941,華新科中信99購03,0,0,0,0,0,0,0,0,0,-134000,0,0,0,6000,140000,-134000,-134000
062495,友達中信01購02  ,0,0,0,0,0,0,0,0,0,-134000,0,0,0,10000,144000,-134000,-134000
063641,泰鼎元大9B購04  ,0,0,0,0,0,0,0,0,0,-134000,0,0,0,257000,391000,-134000,-134000
08648P,健策凱基9C售05  ,0,0,0,0,0,0,0,0,0,-134000,0,0,0,73000,207000,-134000,-134000
065660,晶豪科永豐9C購01,0,0,0,0,0,0,0,0,0,-135000,0,0,0,11000,146000,-135000,-135000
065095,玉晶光元大02購02,0,0,0,0,0,0,0,0,0,-135000,0,0,0,27000,162000,-135000,-135000
06721P,臺股指中信9A售03,0,0,0,0,0,0,0,0,0,-135000,0,0,0,330000,465000,-135000,-135000
07691P,宏達電元大9A售05,0,0,0,0,0,0,0,0,0,-135000,0,0,0,0,135000,-135000,-135000
055584,國巨元大97購11  ,0,0,0,0,0,0,0,0,0,-135000,0,0,0,0,135000,-135000,-135000
061676,新光金元大9A購03,0,0,0,0,0,0,0,0,0,-135000,0,0,0,200000,335000,-135000,-135000
058377,茂林凱基9A購03  ,0,0,0,0,0,0,0,0,0,-135000,0,0,0,10000,145000,-135000,-135000
059198,華新科永豐99購06,0,0,0,0,0,0,0,0,0,-135000,0,0,0,1000,136000,-135000,-135000
063431,神隆元富9B購01  ,0,0,0,0,0,0,0,0,0,-135000,0,0,0,1000,136000,-135000,-135000
064459,創意統一02購01  ,0,0,0,0,0,0,0,0,0,-135000,0,0,0,59000,194000,-135000,-135000
063140,聯發科統一9B購08,0,0,0,0,0,0,0,0,0,-135000,0,0,0,119000,254000,-135000,-135000
055698,茂林國票98購03  ,0,0,0,0,0,0,0,0,0,-136000,0,0,0,1000,137000,-136000,-136000
054885,建準統一98購01  ,0,0,0,0,0,0,0,0,0,-136000,0,0,0,0,136000,-136000,-136000
052755,滬深2X群益9A購01,0,0,0,0,0,0,0,0,0,-136000,0,0,0,10000,146000,-136000,-136000
046881,智原富邦99購01  ,0,0,0,0,0,0,0,0,0,-136000,0,0,0,191000,327000,-136000,-136000
056764,友達元大9A購03  ,0,0,0,0,0,0,0,0,0,-136000,0,0,0,107000,243000,-136000,-136000
060203,緯穎元富9A購01  ,0,0,0,0,0,0,0,0,0,-136000,0,0,0,0,136000,-136000,-136000
060197,臻鼎元富9A購02  ,0,0,0,0,0,0,0,0,0,-136000,0,0,0,1000,137000,-136000,-136000
061374,力山永豐9A購04  ,0,0,0,0,0,0,0,0,0,-136000,0,0,0,120000,256000,-136000,-136000
063214,康控國票9C購01  ,0,0,0,0,0,0,0,0,0,-136000,0,0,0,10000,146000,-136000,-136000
064505,康控元大9C購01  ,0,0,0,0,0,0,0,0,0,-137000,0,0,0,15000,152000,-137000,-137000
057638,上銀元大99購01  ,0,0,0,0,0,0,0,0,0,-137000,0,0,0,1000,138000,-137000,-137000
062876,全新兆豐9B購01  ,0,0,0,0,0,0,0,0,0,-137000,0,0,0,0,137000,-137000,-137000
061958,鴻海統一01購01  ,0,0,0,0,0,0,0,0,0,-137000,0,0,0,35000,172000,-137000,-137000
061675,華新科元大9A購23,0,0,0,0,0,0,0,0,0,-138000,0,0,0,0,138000,-138000,-138000
063347,祥碩統一01購03  ,0,0,0,0,0,0,0,0,0,-138000,0,0,0,328000,466000,-138000,-138000
065313,聯茂國票01購01  ,0,0,0,0,0,0,0,0,0,-139000,0,0,0,76000,215000,-139000,-139000
065419,立積國票01購03  ,0,0,0,0,0,0,0,0,0,-139000,0,0,0,38000,177000,-139000,-139000
066084,國巨富邦05購01  ,0,0,0,0,0,0,0,0,0,-139000,0,0,0,48000,187000,-139000,-139000
065914,智邦凱基02購03  ,0,0,0,0,0,0,0,0,0,-139000,0,0,0,84000,223000,-139000,-139000
060641,聯鈞永豐9A購01  ,0,0,0,0,0,0,0,0,0,-139000,0,0,0,10000,149000,-139000,-139000
057553,景碩凱基98購03  ,0,0,0,0,0,0,0,0,0,-139000,0,0,0,0,139000,-139000,-139000
061153,奇力新群益9A購02,0,0,0,0,0,0,0,0,0,-139000,0,0,0,0,139000,-139000,-139000
062406,臻鼎永豐9B購01  ,0,0,0,0,0,0,0,0,0,-139000,0,0,0,124000,263000,-139000,-139000
062750,可成中信9B購01  ,0,0,0,0,0,0,0,0,0,-139000,0,0,0,0,139000,-139000,-139000
06666P,台積電日盛9A售02,0,0,0,0,0,0,0,0,0,-140000,0,0,0,8000,148000,-140000,-140000
057968,可成國泰9A購01  ,0,0,0,0,0,0,0,0,0,-140000,0,0,0,0,140000,-140000,-140000
060895,華新科凱基9B購05,0,0,0,0,0,0,0,0,0,-140000,0,0,0,0,140000,-140000,-140000
061341,華新科元大9A購16,0,0,0,0,0,0,0,0,0,-140000,0,0,0,68000,208000,-140000,-140000
057897,華通富邦99購01  ,0,0,0,0,0,0,0,0,0,-140000,0,0,0,20000,160000,-140000,-140000
064334,可成元大01購01  ,0,0,0,0,0,0,0,0,0,-140000,0,0,0,50000,190000,-140000,-140000
064144,智邦統一01購02  ,0,0,0,0,0,0,0,0,0,-140000,0,0,0,94000,234000,-140000,-140000
065849,景碩元大9C購03  ,0,0,0,0,0,0,0,0,0,-141000,0,0,0,5000,146000,-141000,-141000
058598,T50反1元大99購04,0,0,0,0,0,0,0,0,0,-141000,0,0,0,34000,175000,-141000,-141000
061165,美律兆豐9A購01  ,0,0,0,0,0,0,0,0,0,-141000,0,0,0,2000,143000,-141000,-141000
058973,麗豐永豐99購01  ,0,0,0,0,0,0,0,0,0,-141000,0,0,0,13000,154000,-141000,-141000
060928,明泰永豐9A購01  ,0,0,0,0,0,0,0,0,0,-141000,0,0,0,0,141000,-141000,-141000
062674,百和中信03購01  ,0,0,0,0,0,0,0,0,0,-141000,0,0,0,10000,151000,-141000,-141000
062335,茂林統一01購01  ,0,0,0,0,0,0,0,0,0,-141000,0,0,0,0,141000,-141000,-141000
07315P,台積電台新99售06,0,0,0,0,0,0,0,0,0,-142000,0,0,0,0,142000,-142000,-142000
064518,華新科群益02購01,0,0,0,0,0,0,0,0,0,-142000,0,0,0,188000,330000,-142000,-142000
056209,超眾永豐97購02  ,0,0,0,0,0,0,0,0,0,-142000,0,0,0,0,142000,-142000,-142000
054471,T50反1中信9C購01,0,0,0,0,0,0,0,0,0,-142000,0,0,0,509000,651000,-142000,-142000
058309,大毅元大99購02  ,0,0,0,0,0,0,0,0,0,-142000,0,0,0,60000,202000,-142000,-142000
062374,茂林元大9B購03  ,0,0,0,0,0,0,0,0,0,-142000,0,0,0,0,142000,-142000,-142000
063808,台表科兆豐9C購01,0,0,0,0,0,0,0,0,0,-142000,0,0,0,58000,200000,-142000,-142000
08451P,南六統一9C售06  ,100000,0,100000,0,0,0,0,0,0,-242000,0,0,0,21000,263000,-242000,-142000
065873,信邦群益02購01  ,0,0,0,0,0,0,0,0,0,-143000,0,0,0,0,143000,-143000,-143000
060791,聯茂富邦9A購02  ,0,0,0,0,0,0,0,0,0,-143000,0,0,0,0,143000,-143000,-143000
058752,鈺齊凱基9A購01  ,0,0,0,0,0,0,0,0,0,-143000,0,0,0,204000,347000,-143000,-143000
064332,聯發科元大01購01,0,0,0,0,0,0,0,0,0,-143000,0,0,0,64000,207000,-143000,-143000
062703,可成元大9C購02  ,0,0,0,0,0,0,0,0,0,-143000,0,0,0,37000,180000,-143000,-143000
063133,喬山統一01購01  ,0,0,0,0,0,0,0,0,0,-143000,0,0,0,39000,182000,-143000,-143000
065789,泰碩永豐9C購02  ,0,0,0,0,0,0,0,0,0,-144000,0,0,0,0,144000,-144000,-144000
07652P,臺股指中信9A售07,0,0,0,0,0,0,0,0,0,-144000,0,0,0,198000,342000,-144000,-144000
065049,世芯凱基02購01  ,0,0,0,0,0,0,0,0,0,-144000,0,0,0,519000,663000,-144000,-144000
060760,南亞科元大9A購04,0,0,0,0,0,0,0,0,0,-144000,0,0,0,0,144000,-144000,-144000
056998,麗豐康和98購01  ,0,0,0,0,0,0,0,0,0,-144000,0,0,0,3000,147000,-144000,-144000
058472,亞德客凱基9A購01,0,0,0,0,0,0,0,0,0,-144000,0,0,0,185000,329000,-144000,-144000
058297,茂林凱基9A購02  ,0,0,0,0,0,0,0,0,0,-144000,0,0,0,0,144000,-144000,-144000
062032,崇越群益9B購01  ,0,0,0,0,0,0,0,0,0,-144000,0,0,0,3000,147000,-144000,-144000
064376,美律元富9C購01  ,0,0,0,0,0,0,0,0,0,-144000,0,0,0,125000,269000,-144000,-144000
065382,緯穎元大9C購04  ,0,0,0,0,0,0,0,0,0,-145000,0,0,0,0,145000,-145000,-145000
055244,國巨統一98購01  ,0,0,0,0,0,0,0,0,0,-145000,0,0,0,2000,147000,-145000,-145000
061866,力山元大9C購01  ,0,0,0,0,0,0,0,0,0,-145000,0,0,0,10000,155000,-145000,-145000
059120,致伸永豐99購01  ,0,0,0,0,0,0,0,0,0,-145000,0,0,0,23000,168000,-145000,-145000
064471,國巨麥證9C購02  ,0,0,0,0,146000,-146000,0,0,0,-145000,0,0,0,1000,146000,-145000,-145000
064243,TPK統一02購02   ,0,0,0,0,0,0,0,0,0,-145000,0,0,0,0,145000,-145000,-145000
064135,復盛元大9C購01  ,0,0,0,0,0,0,0,0,0,-145000,0,0,0,98000,243000,-145000,-145000
061973,上銀元大9B購01  ,0,0,0,0,0,0,0,0,0,-145000,0,0,0,0,145000,-145000,-145000
08234P,華擎元富9B售03  ,0,0,0,0,0,0,0,0,0,-145000,0,0,0,65000,210000,-145000,-145000
065265,景碩元大9C購02  ,0,0,0,0,0,0,0,0,0,-146000,0,0,0,16000,162000,-146000,-146000
065480,旭富元大9C購06  ,0,0,0,0,0,0,0,0,0,-146000,0,0,0,114000,260000,-146000,-146000
055795,茂林國泰98購01  ,0,0,0,0,0,0,0,0,0,-146000,0,0,0,62000,208000,-146000,-146000
056054,亞德客元大97購05,0,0,0,0,0,0,0,0,0,-146000,0,0,0,0,146000,-146000,-146000
056579,麗豐元大99購01  ,0,0,0,0,0,0,0,0,0,-146000,0,0,0,52000,198000,-146000,-146000
062259,可成元大9B購03  ,0,0,0,0,0,0,0,0,0,-146000,0,0,0,0,146000,-146000,-146000
064099,億光群益9C購01  ,0,0,0,0,0,0,0,0,0,-146000,0,0,0,62000,208000,-146000,-146000
064388,緯穎富邦9C購01  ,0,0,0,0,0,0,0,0,0,-146000,0,0,0,270000,416000,-146000,-146000
064407,貿聯凱基02購02  ,0,0,0,0,0,0,0,0,0,-146000,0,0,0,56000,202000,-146000,-146000
065696,旺宏群益9C購06  ,0,0,0,0,0,0,0,0,0,-147000,0,0,0,0,147000,-147000,-147000
059304,華新科兆豐99購06,0,0,0,0,0,0,0,0,0,-147000,0,0,0,8000,155000,-147000,-147000
08069P,大立光國泰01售02,0,0,0,0,0,0,0,0,0,-147000,0,0,0,0,147000,-147000,-147000
064929,台表科統一02購03,0,0,0,0,0,0,0,0,0,-148000,0,0,0,117000,265000,-148000,-148000
064767,宏全凱基9C購01  ,0,0,0,0,0,0,0,0,0,-148000,0,0,0,50000,198000,-148000,-148000
062028,晶技群益9B購01  ,0,0,0,0,0,0,0,0,0,-148000,0,0,0,126000,274000,-148000,-148000
063191,台表科凱基9B購03,0,0,0,0,0,0,0,0,0,-148000,0,0,0,12000,160000,-148000,-148000
065012,燿華國泰02購01  ,0,0,0,0,0,0,0,0,0,-149000,0,0,0,253000,402000,-149000,-149000
065658,聯發科富邦03購03,0,0,0,0,0,0,0,0,0,-149000,0,0,0,12000,161000,-149000,-149000
065759,TPK元大9C購05   ,0,0,0,0,0,0,0,0,0,-149000,0,0,0,111000,260000,-149000,-149000
056765,友達元大9B購05  ,0,0,0,0,0,0,0,0,0,-149000,0,0,0,106000,255000,-149000,-149000
060813,高鐵凱基9A購01  ,0,0,0,0,0,0,0,0,0,-149000,0,0,0,30000,179000,-149000,-149000
060911,大毅元大9A購01  ,0,0,0,0,0,0,0,0,0,-149000,0,0,0,26000,175000,-149000,-149000
058589,群創中信01購01  ,0,0,0,0,0,0,0,0,0,-149000,0,0,0,0,149000,-149000,-149000
063837,亞德客元大01購01,0,0,0,0,0,0,0,0,0,-149000,0,0,0,0,149000,-149000,-149000
063339,智邦統一01購01  ,0,0,0,0,0,0,0,0,0,-149000,0,0,0,102000,251000,-149000,-149000
063398,信邦群益9B購02  ,0,0,0,0,0,0,0,0,0,-149000,0,0,0,226000,375000,-149000,-149000
065857,嘉聯益元大9C購03,0,0,0,0,0,0,0,0,0,-150000,0,0,0,48000,198000,-150000,-150000
06632P,創意群益98售03  ,0,0,0,0,0,0,0,0,0,-150000,0,0,0,0,150000,-150000,-150000
06959P,鴻海凱基9A售02  ,0,0,0,0,0,0,0,0,0,-150000,0,0,0,0,150000,-150000,-150000
065670,華新科凱基01購02,0,0,0,0,0,0,0,0,0,-150000,0,0,0,0,150000,-150000,-150000
065555,旭富凱基01購02  ,0,0,0,0,0,0,0,0,0,-150000,0,0,0,0,150000,-150000,-150000
064751,亞德客凱基9C購02,0,0,0,0,0,0,0,0,0,-150000,0,0,0,50000,200000,-150000,-150000
064503,日電貿元大9C購01,0,0,0,0,0,0,0,0,0,-150000,0,0,0,0,150000,-150000,-150000
057189,康控元大98購02  ,0,0,0,0,0,0,0,0,0,-150000,0,0,0,53000,203000,-150000,-150000
054428,禾伸堂富邦98購01,0,0,0,0,0,0,0,0,0,-150000,0,0,0,10000,160000,-150000,-150000
061325,晶技凱基9A購03  ,0,0,0,0,0,0,0,0,0,-150000,0,0,0,0,150000,-150000,-150000
061392,泰鼎群益9A購02  ,0,0,0,0,0,0,0,0,0,-150000,0,0,0,10000,160000,-150000,-150000
061131,崇越永豐9A購01  ,0,0,0,0,0,0,0,0,0,-150000,0,0,0,0,150000,-150000,-150000
060242,潤泰全元大9C購01,0,0,0,0,0,0,0,0,0,-150000,0,0,0,0,150000,-150000,-150000
064121,國巨元大9C購16  ,0,0,0,0,0,0,0,0,0,-150000,0,0,0,3000,153000,-150000,-150000
062464,T50反1凱基9C購03,0,0,0,0,0,0,0,0,0,-150000,0,0,0,0,150000,-150000,-150000
08692P,國巨兆豐01售02  ,0,0,0,0,0,0,0,0,0,-150000,0,0,0,0,150000,-150000,-150000
065473,鴻海元大9C購14  ,0,0,0,0,0,0,0,0,0,-151000,0,0,0,95000,246000,-151000,-151000
065754,健鼎元大9C購06  ,0,0,0,0,0,0,0,0,0,-151000,0,0,0,323000,474000,-151000,-151000
056535,全新凱基99購02  ,0,0,0,0,0,0,0,0,0,-151000,0,0,0,0,151000,-151000,-151000
059248,華新科凱基99購04,0,0,0,0,0,0,0,0,0,-151000,0,0,0,0,151000,-151000,-151000
062344,力山群益9B購02  ,0,0,0,0,0,0,0,0,0,-151000,0,0,0,52000,203000,-151000,-151000
062968,仁寶元富9B購01  ,0,0,0,0,0,0,0,0,0,-151000,0,0,0,47000,198000,-151000,-151000
064469,臻鼎元富9C購01  ,0,0,0,0,0,0,0,0,0,-151000,0,0,0,326000,477000,-151000,-151000
08657P,牧德群益9C售02  ,0,0,0,0,0,0,0,0,0,-151000,0,0,0,0,151000,-151000,-151000
07170P,臺股指國票99售07,0,0,0,0,0,0,0,0,0,-152000,0,0,0,318000,470000,-152000,-152000
057448,致茂元富98購01  ,0,0,0,0,0,0,0,0,0,-152000,0,0,0,78000,230000,-152000,-152000
060783,亞德客富邦9B購01,0,0,0,0,0,0,0,0,0,-152000,0,0,0,80000,232000,-152000,-152000
061753,南亞科台新9B購01,0,0,0,0,0,0,0,0,0,-152000,0,0,0,10000,162000,-152000,-152000
061138,晶技統一9C購01  ,0,0,0,0,0,0,0,0,0,-152000,0,0,0,10000,162000,-152000,-152000
063806,瀚宇博兆豐01購01,0,0,0,0,0,0,0,0,0,-152000,0,0,0,680000,832000,-152000,-152000
063816,TPK群益9C購01   ,0,0,0,0,0,0,0,0,0,-152000,0,0,0,37000,189000,-152000,-152000
061989,晶技元大9B購04  ,0,0,0,0,0,0,0,0,0,-152000,0,0,0,8000,160000,-152000,-152000
3003,健和興          ,138000,291000,-153000,0,0,0,0,0,0,1000,2000,2000,0,2000,1000,1000,-152000
060418,中橡永豐9A購01  ,0,0,0,0,0,0,0,0,0,-153000,0,0,0,0,153000,-153000,-153000
059452,全新永豐99購03  ,0,0,0,0,0,0,0,0,0,-153000,0,0,0,35000,188000,-153000,-153000
063850,玉晶光元大9C購07,0,0,0,0,0,0,0,0,0,-153000,0,0,0,7000,160000,-153000,-153000
064430,鴻海凱基03購04  ,0,0,0,0,0,0,0,0,0,-153000,0,0,0,127000,280000,-153000,-153000
064219,滬深2X國票03購01,0,0,0,0,0,0,0,0,0,-153000,0,0,0,15000,168000,-153000,-153000
9907,統一實          ,468000,656000,-188000,0,0,0,0,0,0,35000,35000,0,35000,0,0,0,-153000
07130P,台郡元大9B售01  ,0,0,0,0,0,0,0,0,0,-154000,0,0,0,45000,199000,-154000,-154000
065783,友訊永豐9C購02  ,0,0,0,0,0,0,0,0,0,-154000,0,0,0,36000,190000,-154000,-154000
065556,旭富凱基9C購02  ,0,0,0,0,0,0,0,0,0,-154000,0,0,0,0,154000,-154000,-154000
064809,冠德元大9C購01  ,0,0,0,0,0,0,0,0,0,-154000,0,0,0,582000,736000,-154000,-154000
065052,南六凱基02購02  ,0,0,0,0,0,0,0,0,0,-154000,0,0,0,6000,160000,-154000,-154000
060665,康控凱基9A購01  ,0,0,0,0,0,0,0,0,0,-154000,0,0,0,105000,259000,-154000,-154000
060234,凱美元大9C購01  ,0,0,0,0,0,0,0,0,0,-154000,0,0,0,10000,164000,-154000,-154000
060183,南亞科元富9A購01,0,0,0,0,0,0,0,0,0,-154000,0,0,0,25000,179000,-154000,-154000
063218,台塑群益9B購01  ,0,0,0,0,0,0,0,0,0,-154000,0,0,0,0,154000,-154000,-154000
062917,旭富元大9C購03  ,0,0,0,0,0,0,0,0,0,-154000,0,0,0,57000,211000,-154000,-154000
064705,新光金富邦01購01,0,0,0,0,0,0,0,0,0,-155000,0,0,0,400000,555000,-155000,-155000
055876,美食元富9A購01  ,0,0,0,0,0,0,0,0,0,-155000,0,0,0,220000,375000,-155000,-155000
057729,華新科國泰99購04,0,0,0,0,0,0,0,0,0,-155000,0,0,0,0,155000,-155000,-155000
059532,華新科凱基9B購03,0,0,0,0,0,0,0,0,0,-155000,0,0,0,2000,157000,-155000,-155000
063928,可成統一01購02  ,0,0,0,0,0,0,0,0,0,-155000,0,0,0,29000,184000,-155000,-155000
064368,日月光統一01購01,0,0,0,0,0,0,0,0,0,-155000,0,0,0,19000,174000,-155000,-155000
063838,上銀元大9C購01  ,0,0,0,0,0,0,0,0,0,-155000,0,0,0,0,155000,-155000,-155000
3040,遠見            ,181000,337000,-156000,0,0,0,0,0,0,1000,1000,0,1000,0,0,0,-155000
064796,緯穎國票01購01  ,0,0,0,0,0,0,0,0,0,-156000,0,0,0,92000,248000,-156000,-156000
065540,台表科統一02購05,0,0,0,0,0,0,0,0,0,-156000,0,0,0,60000,216000,-156000,-156000
057547,技嘉凱基99購01  ,0,0,0,0,0,0,0,0,0,-156000,0,0,0,9000,165000,-156000,-156000
060469,台勝科元大9A購02,0,0,0,0,0,0,0,0,0,-156000,0,0,0,8000,164000,-156000,-156000
056762,亞德客元大98購01,0,0,0,0,0,0,0,0,0,-156000,0,0,0,5000,161000,-156000,-156000
063713,麗豐凱基9B購01  ,0,0,0,0,0,0,0,0,0,-156000,0,0,0,69000,225000,-156000,-156000
064261,力山永豐9C購01  ,0,0,0,0,0,0,0,0,0,-156000,0,0,0,0,156000,-156000,-156000
062939,奇力新凱基9B購02,0,0,0,0,0,0,0,0,0,-156000,0,0,0,0,156000,-156000,-156000
057060,緯穎元大98購05  ,0,0,0,0,0,0,0,0,0,-157000,0,0,0,27000,184000,-157000,-157000
060467,神基元大9A購01  ,0,0,0,0,0,0,0,0,0,-157000,0,0,0,20000,177000,-157000,-157000
057812,友達元大9A購05  ,0,0,0,0,0,0,0,0,0,-157000,0,0,0,128000,285000,-157000,-157000
056206,泰鼎永豐97購01  ,0,0,0,0,0,0,0,0,0,-157000,0,0,0,14000,171000,-157000,-157000
058923,華新科元富99購06,0,0,0,0,0,0,0,0,0,-157000,0,0,0,0,157000,-157000,-157000
061875,華新科元大9B購03,0,0,0,0,0,0,0,0,0,-157000,0,0,0,0,157000,-157000,-157000
065698,旺宏群益9C購08  ,0,0,0,0,0,0,0,0,0,-158000,0,0,0,0,158000,-158000,-158000
061110,超眾元大9A購03  ,0,0,0,0,0,0,0,0,0,-158000,0,0,0,50000,208000,-158000,-158000
061943,上銀群益9B購02  ,0,0,0,0,0,0,0,0,0,-158000,0,0,0,152000,310000,-158000,-158000
063031,鴻海凱基9C購01  ,0,0,0,0,0,0,0,0,0,-158000,0,0,0,56000,214000,-158000,-158000
064483,瑞儀永豐9C購01  ,0,0,0,0,0,0,0,0,0,-158000,0,0,0,88000,246000,-158000,-158000
065470,聚陽元大01購01  ,0,0,0,0,0,0,0,0,0,-159000,0,0,0,295000,454000,-159000,-159000
065251,宏達電國泰02購01,0,0,0,0,0,0,0,0,0,-159000,0,0,0,73000,232000,-159000,-159000
064861,緯創富邦9C購01  ,0,0,0,0,0,0,0,0,0,-159000,0,0,0,28000,187000,-159000,-159000
056655,旺宏元大99購02  ,0,0,0,0,0,0,0,0,0,-159000,0,0,0,0,159000,-159000,-159000
057751,神達國票99購02  ,0,0,0,0,0,0,0,0,0,-159000,0,0,0,7000,166000,-159000,-159000
064435,聯發科凱基02購03,0,0,0,0,0,0,0,0,0,-159000,0,0,0,50000,209000,-159000,-159000
063497,東元永豐9B購01  ,0,0,0,0,0,0,0,0,0,-159000,0,0,0,0,159000,-159000,-159000
065414,立積永豐9C購01  ,0,0,0,0,0,0,0,0,0,-160000,0,0,0,111000,271000,-160000,-160000
07263P,台積電元大99售37,0,0,0,0,0,0,0,0,0,-160000,0,0,0,0,160000,-160000,-160000
057141,嘉聯益兆豐99購01,0,0,0,0,0,0,0,0,0,-160000,0,0,0,0,160000,-160000,-160000
060189,宏達電元富9B購03,0,0,0,0,0,0,0,0,0,-160000,0,0,0,1000,161000,-160000,-160000
064291,南六元大9C購04  ,0,0,0,0,0,0,0,0,0,-160000,0,0,0,86000,246000,-160000,-160000
062184,奇鋐元大9B購02  ,0,0,0,0,0,0,0,0,0,-160000,0,0,0,4000,164000,-160000,-160000
3022,威強電          ,83000,243000,-160000,0,0,0,0,0,0,0,0,0,0,0,0,0,-160000
060309,佳世達永豐9A購01,0,0,0,0,0,0,0,0,0,-161000,0,0,0,15000,176000,-161000,-161000
062974,奇力新元富9B購01,0,0,0,0,0,0,0,0,0,-161000,0,0,0,0,161000,-161000,-161000
063537,華擎統一9C購03  ,0,0,0,0,0,0,0,0,0,-161000,0,0,0,477000,638000,-161000,-161000
060303,宏達電富邦9B購01,0,0,0,0,0,0,0,0,0,-162000,0,0,0,163000,325000,-162000,-162000
058924,晶相光元富99購02,0,0,0,0,0,0,0,0,0,-162000,0,0,0,16000,178000,-162000,-162000
058797,大毅元大99購03  ,0,0,0,0,0,0,0,0,0,-162000,0,0,0,14000,176000,-162000,-162000
06328P,台積電中信01售02,0,0,0,0,0,0,0,0,0,-162000,0,0,0,0,162000,-162000,-162000
063735,華新科元大9B購15,0,0,0,0,0,0,0,0,0,-162000,0,0,0,47000,209000,-162000,-162000
062919,聯茂元大9B購01  ,0,0,0,0,0,0,0,0,0,-162000,0,0,0,124000,286000,-162000,-162000
065330,億豐凱基9C購03  ,0,0,0,0,0,0,0,0,0,-163000,0,0,0,0,163000,-163000,-163000
057373,大立光元大98購17,0,0,0,0,0,0,0,0,0,-163000,0,0,0,110000,273000,-163000,-163000
058523,聯茂元大99購08  ,0,0,0,0,0,0,0,0,0,-163000,0,0,0,113000,276000,-163000,-163000
062246,力山元大9B購02  ,0,0,0,0,0,0,0,0,0,-163000,0,0,0,35000,198000,-163000,-163000
9911,櫻花            ,142000,276000,-134000,0,0,0,0,48000,-48000,19000,27000,8000,19000,0,0,0,-163000
057649,嘉聯益元大99購04,0,0,0,0,0,0,0,0,0,-164000,0,0,0,17000,181000,-164000,-164000
052738,聯電元大98購02  ,0,0,0,0,0,0,0,0,0,-164000,0,0,0,81000,245000,-164000,-164000
061349,嘉澤元大9A購02  ,0,0,0,0,0,0,0,0,0,-164000,0,0,0,226000,390000,-164000,-164000
062015,喬山永豐9B購01  ,0,0,0,0,0,0,0,0,0,-164000,0,0,0,10000,174000,-164000,-164000
063247,信邦元大9B購02  ,0,0,0,0,0,0,0,0,0,-164000,0,0,0,53000,217000,-164000,-164000
063947,大毅元大9C購02  ,0,0,0,0,0,0,0,0,0,-164000,0,0,0,108000,272000,-164000,-164000
066013,友訊元富01購02  ,0,0,0,0,0,0,0,0,0,-165000,0,0,0,0,165000,-165000,-165000
060782,道瓊指富邦9C購01,0,0,0,0,0,0,0,0,0,-165000,0,0,0,0,165000,-165000,-165000
064301,漢唐兆豐01購01  ,0,0,0,0,0,0,0,0,0,-165000,0,0,0,24000,189000,-165000,-165000
065677,南亞科統一03購02,0,0,0,0,0,0,0,0,0,-166000,0,0,0,77000,243000,-166000,-166000
061241,晶技兆豐9A購01  ,0,0,0,0,0,0,0,0,0,-166000,0,0,0,314000,480000,-166000,-166000
064286,TPK元大9C購02   ,0,0,0,0,0,0,0,0,0,-166000,0,0,0,112000,278000,-166000,-166000
063685,鴻海永豐9B購03  ,0,0,0,0,0,0,0,0,0,-166000,0,0,0,31000,197000,-166000,-166000
062942,嘉澤凱基9B購02  ,0,0,0,0,0,0,0,0,0,-166000,0,0,0,114000,280000,-166000,-166000
061899,復盛永豐9B購01  ,0,0,0,0,0,0,0,0,0,-166000,0,0,0,66000,232000,-166000,-166000
062178,上銀元大9B購03  ,0,0,0,0,0,0,0,0,0,-166000,0,0,0,5000,171000,-166000,-166000
064975,南亞科元大9C購07,0,0,0,0,0,0,0,0,0,-167000,0,0,0,0,167000,-167000,-167000
064756,友達凱基02購02  ,0,0,0,0,0,0,0,0,0,-167000,0,0,0,0,167000,-167000,-167000
066040,友訊元大01購02  ,0,0,0,0,0,0,0,0,0,-167000,0,0,0,0,167000,-167000,-167000
065903,聯發科富邦02購02,0,0,0,0,0,0,0,0,0,-167000,0,0,0,0,167000,-167000,-167000
065965,國巨元大01購05  ,0,0,0,0,0,0,0,0,0,-167000,0,0,0,1000,168000,-167000,-167000
065854,臻鼎元大9C購05  ,0,0,0,0,0,0,0,0,0,-167000,0,0,0,130000,297000,-167000,-167000
07389P,臺股指群益9C售08,0,0,0,0,0,0,0,0,0,-167000,0,0,0,12000,179000,-167000,-167000
057524,旺宏元大99購04  ,0,0,0,0,0,0,0,0,0,-167000,0,0,0,0,167000,-167000,-167000
055176,大毅統一98購02  ,0,0,0,0,0,0,0,0,0,-167000,0,0,0,59000,226000,-167000,-167000
061132,志超永豐9A購01  ,0,0,0,0,0,0,0,0,0,-167000,0,0,0,0,167000,-167000,-167000
058930,華新科統一9B購01,0,0,0,0,0,0,0,0,0,-167000,0,0,0,67000,234000,-167000,-167000
061741,新光金凱基9B購01,0,0,0,0,0,0,0,0,0,-167000,0,0,0,3000,170000,-167000,-167000
062292,旭富永豐9B購01  ,0,0,0,0,0,0,0,0,0,-167000,0,0,0,0,167000,-167000,-167000
066016,台表科元富01購02,0,0,0,0,0,0,0,0,0,-168000,0,0,0,0,168000,-168000,-168000
064612,聯電元大01購01  ,0,0,0,0,0,0,0,0,0,-168000,0,0,0,17000,185000,-168000,-168000
065023,大毅永豐9C購01  ,0,0,0,0,0,0,0,0,0,-168000,0,0,0,29000,197000,-168000,-168000
056899,可成元大98購01  ,0,0,0,0,0,0,0,0,0,-168000,0,0,0,0,168000,-168000,-168000
061455,京元電凱基9B購01,0,0,0,0,0,0,0,0,0,-168000,0,0,0,47000,215000,-168000,-168000
062441,華新科元大9C購01,0,0,0,0,0,0,0,0,0,-168000,0,0,0,0,168000,-168000,-168000
064083,群創中信06購01  ,0,0,0,0,0,0,0,0,0,-168000,0,0,0,139000,307000,-168000,-168000
065337,華通統一01購03  ,0,0,0,0,0,0,0,0,0,-169000,0,0,0,113000,282000,-169000,-169000
065270,TPK元大01購01   ,0,0,0,0,0,0,0,0,0,-169000,0,0,0,140000,309000,-169000,-169000
056939,康控元富98購01  ,0,0,0,0,0,0,0,0,0,-169000,0,0,0,244000,413000,-169000,-169000
056466,臺股指凱基99購08,0,0,0,0,0,0,0,0,0,-169000,0,0,0,0,169000,-169000,-169000
055437,禾伸堂中信99購01,0,0,0,0,0,0,0,0,0,-169000,0,0,0,30000,199000,-169000,-169000
020016,統一MSCI美科技N ,0,0,0,0,0,0,0,0,0,-169000,0,0,0,90000,259000,-169000,-169000
059170,康控凱基9B購01  ,0,0,0,0,0,0,0,0,0,-169000,0,0,0,7000,176000,-169000,-169000
063676,上銀國泰9C購02  ,0,0,0,0,0,0,0,0,0,-169000,0,0,0,119000,288000,-169000,-169000
063664,漢唐統一9C購01  ,0,0,0,0,0,0,0,0,0,-169000,0,0,0,0,169000,-169000,-169000
063871,瀚宇博永豐9C購01,0,0,0,0,0,0,0,0,0,-169000,0,0,0,149000,318000,-169000,-169000
062565,漢唐中信9C購01  ,0,0,0,0,0,0,0,0,0,-169000,0,0,0,0,169000,-169000,-169000
8422,可寧衛          ,19000,222000,-203000,0,0,0,34000,0,34000,0,1000,1000,0,0,0,0,-169000
065433,緯創凱基9C購01  ,0,0,0,0,0,0,0,0,0,-170000,0,0,0,43000,213000,-170000,-170000
065917,全新凱基02購01  ,0,0,0,0,0,0,0,0,0,-170000,0,0,0,40000,210000,-170000,-170000
07711P,世芯元大9A售07  ,0,0,0,0,0,0,0,0,0,-170000,0,0,0,0,170000,-170000,-170000
055446,奇力新統一9A購01,0,0,0,0,0,0,0,0,0,-170000,0,0,0,26000,196000,-170000,-170000
055354,宏達電凱基98購01,0,0,0,0,0,0,0,0,0,-170000,0,0,0,80000,250000,-170000,-170000
055336,茂林兆豐98購01  ,0,0,0,0,0,0,0,0,0,-170000,0,0,0,20000,190000,-170000,-170000
056378,欣興元富98購01  ,0,0,0,0,0,0,0,0,0,-170000,0,0,0,351000,521000,-170000,-170000
055973,亞德客統一97購01,0,0,0,0,0,0,0,0,0,-170000,0,0,0,0,170000,-170000,-170000
061000,旺宏兆豐9A購02  ,0,0,0,0,0,0,0,0,0,-170000,0,0,0,0,170000,-170000,-170000
061901,柏文永豐9B購01  ,0,0,0,0,0,0,0,0,0,-170000,0,0,0,103000,273000,-170000,-170000
063213,智伸科國票9C購01,0,0,0,0,0,0,0,0,0,-170000,0,0,0,0,170000,-170000,-170000
063378,茂林永豐9B購02  ,0,0,0,0,0,0,0,0,0,-170000,0,0,0,4000,174000,-170000,-170000
064110,國巨國票01購01  ,0,0,0,0,0,0,0,0,0,-170000,0,0,0,6000,176000,-170000,-170000
065389,聯茂兆豐9C購01  ,0,0,0,0,0,0,0,0,0,-171000,0,0,0,19000,190000,-171000,-171000
065046,玉晶光凱基01購03,0,0,0,0,0,0,0,0,0,-171000,0,0,0,26000,197000,-171000,-171000
055670,矽創群益98購02  ,0,0,0,0,0,0,0,0,0,-171000,0,0,0,30000,201000,-171000,-171000
03427B,臺股指元大9A熊02,0,0,0,0,0,0,0,0,0,-171000,0,0,0,226000,397000,-171000,-171000
059091,中信金元大99購01,0,0,0,0,0,0,0,0,0,-171000,0,0,0,442000,613000,-171000,-171000
061245,晶技群益9A購01  ,0,0,0,0,0,0,0,0,0,-171000,0,0,0,0,171000,-171000,-171000
060900,超眾凱基9B購01  ,0,0,0,0,0,0,0,0,0,-171000,0,0,0,0,171000,-171000,-171000
2439,美律            ,1285000,1484000,-199000,0,0,0,9000,0,9000,19000,55000,13000,42000,69000,92000,-23000,-171000
064555,力山群益01購01  ,0,0,0,0,0,0,0,0,0,-172000,0,0,0,49000,221000,-172000,-172000
07308P,滬深2X凱基9A售01,0,0,0,0,0,0,0,0,0,-172000,0,0,0,3000,175000,-172000,-172000
052152,創意富邦98購01  ,0,0,0,0,0,0,0,0,0,-172000,0,0,0,120000,292000,-172000,-172000
057671,群創元大9B購06  ,0,0,0,0,0,0,0,0,0,-172000,0,0,0,198000,370000,-172000,-172000
056715,瀚宇博永豐98購01,0,0,0,0,0,0,0,0,0,-172000,0,0,0,315000,487000,-172000,-172000
058048,群創元大9B購07  ,0,0,0,0,0,0,0,0,0,-172000,0,0,0,147000,319000,-172000,-172000
059061,晶技凱基9A購01  ,0,0,0,0,0,0,0,0,0,-172000,0,0,0,109000,281000,-172000,-172000
060423,智易永豐9A購01  ,0,0,0,0,0,0,0,0,0,-173000,0,0,0,59000,232000,-173000,-173000
056267,文曄統一97購02  ,0,0,0,0,0,0,0,0,0,-173000,0,0,0,0,173000,-173000,-173000
062282,禾伸堂群益9B購01,0,0,0,0,0,0,0,0,0,-173000,0,0,0,0,173000,-173000,-173000
2365,昆盈            ,113000,289000,-176000,0,0,0,0,0,0,3000,3000,0,3000,0,0,0,-173000
065054,百和凱基02購01  ,0,0,0,0,0,0,0,0,0,-174000,0,0,0,0,174000,-174000,-174000
065583,超眾國泰02購01  ,0,0,0,0,0,0,0,0,0,-174000,0,0,0,1000,175000,-174000,-174000
056290,正文永豐98購01  ,0,0,0,0,0,0,0,0,0,-174000,0,0,0,19000,193000,-174000,-174000
056475,宏達電元大99購02,0,0,0,0,0,0,0,0,0,-174000,0,0,0,716000,890000,-174000,-174000
057249,華邦電統一9A購01,0,0,0,0,0,0,0,0,0,-174000,0,0,0,0,174000,-174000,-174000
060987,華新科元大9A購11,0,0,0,0,0,0,0,0,0,-174000,0,0,0,10000,184000,-174000,-174000
060246,晶相光元大9C購03,0,0,0,0,0,0,0,0,0,-174000,0,0,0,109000,283000,-174000,-174000
065577,超眾群益9C購02  ,0,0,0,0,0,0,0,0,0,-175000,0,0,0,0,175000,-175000,-175000
065516,健鼎群益9C購02  ,0,0,0,0,0,0,0,0,0,-175000,0,0,0,101000,276000,-175000,-175000
06770P,台灣50第一9C售01,0,0,0,0,0,0,0,0,0,-175000,0,0,0,0,175000,-175000,-175000
056232,瑞儀凱基98購01  ,0,0,0,0,0,0,0,0,0,-175000,0,0,0,5000,180000,-175000,-175000
061773,和潤元大9B購01  ,0,0,0,0,0,0,0,0,0,-175000,0,0,0,394000,569000,-175000,-175000
061238,晶技元大9A購02  ,0,11000,-11000,0,0,0,0,0,0,-164000,0,0,0,215000,379000,-164000,-175000
061207,美律元大9A購04  ,0,0,0,0,0,0,0,0,0,-175000,0,0,0,0,175000,-175000,-175000
063252,緯穎元大9B購07  ,0,0,0,0,0,0,0,0,0,-175000,0,0,0,33000,208000,-175000,-175000
062716,鴻海凱基9B購06  ,0,0,0,0,0,0,0,0,0,-175000,0,0,0,39000,214000,-175000,-175000
064189,TPK永豐9C購01   ,0,0,0,0,0,0,0,0,0,-175000,0,0,0,297000,472000,-175000,-175000
064306,和潤兆豐01購01  ,0,0,0,0,0,0,0,0,0,-175000,0,0,0,126000,301000,-175000,-175000
065069,臺股指群益9C購17,0,0,0,0,0,0,0,0,0,-176000,0,0,0,0,176000,-176000,-176000
057466,泰鼎永豐98購01  ,0,0,0,0,0,0,0,0,0,-176000,0,0,0,33000,209000,-176000,-176000
063820,華邦電麥證01購01,0,0,0,0,176000,-176000,0,0,0,-176000,0,0,0,0,176000,-176000,-176000
08202P,台表科國泰01售04,0,0,0,0,0,0,0,0,0,-176000,0,0,0,40000,216000,-176000,-176000
060654,大毅群益9B購01  ,0,0,0,0,0,0,0,0,0,-177000,0,0,0,20000,197000,-177000,-177000
063642,茂林元大9B購08  ,0,0,0,0,0,0,0,0,0,-177000,0,0,0,122000,299000,-177000,-177000
063205,貿聯統一9C購01  ,0,0,0,0,0,0,0,0,0,-177000,0,0,0,60000,237000,-177000,-177000
064788,台汽電群益9C購01,0,0,0,0,0,0,0,0,0,-178000,0,0,0,142000,320000,-178000,-178000
066186,台郡凱基02購01  ,0,0,0,0,0,0,0,0,0,-178000,0,0,0,0,178000,-178000,-178000
07474P,滬深2X群益9C售03,0,0,0,0,0,0,0,0,0,-178000,0,0,0,0,178000,-178000,-178000
058985,可成凱基99購03  ,0,0,0,0,0,0,0,0,0,-178000,0,0,0,55000,233000,-178000,-178000
063465,友達元大9C購10  ,0,0,0,0,0,0,0,0,0,-178000,0,0,0,54000,232000,-178000,-178000
064837,TPK統一9C購02   ,0,0,0,0,0,0,0,0,0,-179000,0,0,0,70000,249000,-179000,-179000
065474,旺宏元大9C購06  ,0,0,0,0,0,0,0,0,0,-179000,0,0,0,8000,187000,-179000,-179000
055979,聯鈞統一97購03  ,0,0,0,0,0,0,0,0,0,-179000,0,0,0,0,179000,-179000,-179000
057720,日電貿元富98購01,0,0,0,0,0,0,0,0,0,-179000,0,0,0,0,179000,-179000,-179000
058720,旭富元富99購01  ,0,0,0,0,0,0,0,0,0,-179000,0,0,0,3000,182000,-179000,-179000
064273,華邦電元大9C購02,0,0,0,0,0,0,0,0,0,-179000,0,0,0,0,179000,-179000,-179000
064153,中壽統一9C購01  ,0,0,0,0,0,0,0,0,0,-179000,0,0,0,437000,616000,-179000,-179000
065252,玉晶光永豐9C購08,0,0,0,0,0,0,0,0,0,-180000,0,0,0,10000,190000,-180000,-180000
053390,彩晶元大9A購01  ,0,0,0,0,0,0,0,0,0,-180000,0,0,0,30000,210000,-180000,-180000
053805,奇鋐凱基98購02  ,0,0,0,0,0,0,0,0,0,-180000,0,0,0,0,180000,-180000,-180000
03649C,T50反1凱基99牛05,0,0,0,0,0,0,0,0,0,-180000,0,0,0,100000,280000,-180000,-180000
057843,晶技永豐98購02  ,0,0,0,0,0,0,0,0,0,-180000,0,0,0,28000,208000,-180000,-180000
059288,旺宏元富99購03  ,0,0,0,0,0,0,0,0,0,-180000,0,0,0,0,180000,-180000,-180000
061584,勤誠元大9A購01  ,0,0,0,0,0,0,0,0,0,-180000,0,0,0,286000,466000,-180000,-180000
063135,國巨統一9B購16  ,0,0,0,0,0,0,0,0,0,-180000,0,0,0,23000,203000,-180000,-180000
063158,瑞昱台新9B購02  ,0,0,0,0,0,0,0,0,0,-180000,0,0,0,58000,238000,-180000,-180000
063071,華新科富邦02購01,0,0,0,0,0,0,0,0,0,-180000,0,0,0,0,180000,-180000,-180000
062308,旺宏凱基9B購04  ,0,0,0,0,0,0,0,0,0,-180000,0,0,0,0,180000,-180000,-180000
062449,臻鼎元大9B購01  ,0,0,0,0,0,0,0,0,0,-180000,0,0,0,93000,273000,-180000,-180000
08106P,聯發科統一9B售09,0,0,0,0,0,0,0,0,0,-180000,0,0,0,0,180000,-180000,-180000
08509P,臺股指國票9C售10,0,0,0,0,0,0,0,0,0,-180000,0,0,0,0,180000,-180000,-180000
065047,群創凱基9C購01  ,0,0,0,0,0,0,0,0,0,-181000,0,0,0,106000,287000,-181000,-181000
066268,宏達電元大01購02,0,0,0,0,0,0,0,0,0,-181000,0,0,0,38000,219000,-181000,-181000
057626,技嘉富邦9A購01  ,0,0,0,0,0,0,0,0,0,-181000,0,0,0,171000,352000,-181000,-181000
056922,全新兆豐99購01  ,0,0,0,0,0,0,0,0,0,-181000,0,0,0,21000,202000,-181000,-181000
061986,晶豪科元大9B購01,0,0,0,0,0,0,0,0,0,-181000,0,0,0,37000,218000,-181000,-181000
062164,禾伸堂國泰01購01,0,0,0,0,0,0,0,0,0,-181000,0,0,0,0,181000,-181000,-181000
063262,南六富邦9C購01  ,0,0,0,0,0,0,0,0,0,-181000,0,0,0,0,181000,-181000,-181000
064245,GIS統一02購02   ,0,0,0,0,0,0,0,0,0,-181000,0,0,0,40000,221000,-181000,-181000
063426,茂林凱基9B購03  ,0,0,0,0,0,0,0,0,0,-181000,0,0,0,30000,211000,-181000,-181000
063812,智邦群益9C購02  ,0,0,0,0,0,0,0,0,0,-181000,0,0,0,11000,192000,-181000,-181000
07920P,大立光中信01售01,0,0,0,0,0,0,0,0,0,-182000,0,0,0,12000,194000,-182000,-182000
056369,彩晶元大01購01  ,0,0,0,0,0,0,0,0,0,-182000,0,0,0,0,182000,-182000,-182000
063362,台表科國泰01購03,0,0,0,0,0,0,0,0,0,-182000,0,0,0,130000,312000,-182000,-182000
066139,拓凱群益01購01  ,0,0,0,0,0,0,0,0,0,-183000,0,0,0,0,183000,-183000,-183000
06853P,華擎元富98售03  ,0,0,0,0,0,0,0,0,0,-183000,0,0,0,137000,320000,-183000,-183000
064596,台表科統一01購03,0,0,0,0,0,0,0,0,0,-183000,0,0,0,177000,360000,-183000,-183000
056963,建準永豐98購01  ,0,0,0,0,0,0,0,0,0,-183000,0,0,0,86000,269000,-183000,-183000
061194,聯鈞永豐9A購02  ,0,0,0,0,0,0,0,0,0,-183000,0,0,0,1000,184000,-183000,-183000
063377,泰鼎永豐9B購03  ,0,0,0,0,0,0,0,0,0,-183000,0,0,0,127000,310000,-183000,-183000
063508,緯創群益9B購01  ,0,0,0,0,0,0,0,0,0,-183000,0,0,0,19000,202000,-183000,-183000
064409,彩晶凱基04購01  ,0,0,0,0,0,0,0,0,0,-183000,0,0,0,22000,205000,-183000,-183000
062607,美食凱基9B購01  ,0,0,0,0,0,0,0,0,0,-183000,0,0,0,3000,186000,-183000,-183000
064707,群創富邦9C購02  ,0,0,0,0,0,0,0,0,0,-184000,0,0,0,0,184000,-184000,-184000
065080,燿華元大01購01  ,0,0,0,0,0,0,0,0,0,-184000,0,0,0,76000,260000,-184000,-184000
065621,聯發科第一9C購01,0,0,0,0,0,0,0,0,0,-184000,0,0,0,295000,479000,-184000,-184000
058750,緯穎凱基9A購03  ,0,0,0,0,0,0,0,0,0,-184000,0,0,0,36000,220000,-184000,-184000
060982,旺宏元大9A購09  ,0,0,0,0,0,0,0,0,0,-184000,0,0,0,50000,234000,-184000,-184000
062400,晶豪科永豐9B購02,0,0,0,0,0,0,0,0,0,-184000,0,0,0,0,184000,-184000,-184000
065643,聯發科元大01購06,0,0,0,0,0,0,0,0,0,-185000,0,0,0,36000,221000,-185000,-185000
064956,麗豐凱基9C購01  ,0,0,0,0,0,0,0,0,0,-185000,0,0,0,51000,236000,-185000,-185000
060676,京元電元大9A購03,0,0,0,0,0,0,0,0,0,-185000,0,0,0,296000,481000,-185000,-185000
061427,旭富元大9A購02  ,0,0,0,0,0,0,0,0,0,-185000,0,0,0,65000,250000,-185000,-185000
063386,國巨兆豐9B購04  ,0,0,0,0,0,0,0,0,0,-185000,0,0,0,0,185000,-185000,-185000
057176,全新元大99購02  ,0,0,0,0,0,0,0,0,0,-186000,0,0,0,6000,192000,-186000,-186000
056699,光罩國泰99購01  ,0,0,0,0,0,0,0,0,0,-186000,0,0,0,232000,418000,-186000,-186000
064195,晶豪科群益9C購01,0,0,0,0,0,0,0,0,0,-186000,0,0,0,38000,224000,-186000,-186000
064025,友達元大02購01  ,0,0,0,0,0,0,0,0,0,-186000,0,0,0,41000,227000,-186000,-186000
063222,群創群益9B購03  ,0,0,0,0,0,0,0,0,0,-186000,0,0,0,205000,391000,-186000,-186000
064915,美律統一02購02  ,0,0,0,0,0,0,0,0,0,-187000,0,0,0,86000,273000,-187000,-187000
065010,國巨國泰01購04  ,0,0,0,0,0,0,0,0,0,-187000,0,0,0,75000,262000,-187000,-187000
065529,聯發科中信01購04,0,0,0,0,0,0,0,0,0,-187000,0,0,0,150000,337000,-187000,-187000
065853,智伸科元大9C購02,0,0,0,0,0,0,0,0,0,-187000,0,0,0,214000,401000,-187000,-187000
060811,亞德客凱基9A購02,0,0,0,0,0,0,0,0,0,-187000,0,0,0,199000,386000,-187000,-187000
063673,GIS統一9C購02   ,0,0,0,0,0,0,0,0,0,-187000,0,0,0,45000,232000,-187000,-187000
065338,旺宏統一01購07  ,0,0,0,0,0,0,0,0,0,-188000,0,0,0,0,188000,-188000,-188000
064954,奇鋐凱基9C購01  ,0,0,0,0,0,0,0,0,0,-188000,0,0,0,4000,192000,-188000,-188000
064791,友達國票9C購01  ,0,0,0,0,0,0,0,0,0,-188000,0,0,0,35000,223000,-188000,-188000
057745,泰鼎永豐99購01  ,0,0,0,0,0,0,0,0,0,-188000,0,0,0,98000,286000,-188000,-188000
060249,正文元大9C購01  ,0,0,0,0,0,0,0,0,0,-188000,0,0,0,151000,339000,-188000,-188000
058406,聯茂元大99購06  ,0,0,0,0,0,0,0,0,0,-188000,0,0,0,98000,286000,-188000,-188000
08225P,臺股指凱基9B售20,0,0,0,0,0,0,0,0,0,-188000,0,0,0,70000,258000,-188000,-188000
064586,緯創永豐9C購01  ,0,0,0,0,0,0,0,0,0,-189000,0,0,0,60000,249000,-189000,-189000
065325,亞光凱基9C購01  ,0,0,0,0,0,0,0,0,0,-189000,0,0,0,50000,239000,-189000,-189000
065255,上銀元大01購01  ,0,0,0,0,0,0,0,0,0,-189000,0,0,0,21000,210000,-189000,-189000
054586,健鼎國泰99購01  ,0,0,0,0,0,0,0,0,0,-189000,0,0,0,0,189000,-189000,-189000
061174,鴻海凱基9A購23  ,0,0,0,0,0,0,0,0,0,-189000,0,0,0,65000,254000,-189000,-189000
061035,亞光永豐9A購01  ,0,0,0,0,0,0,0,0,0,-189000,0,0,0,0,189000,-189000,-189000
061878,茂林元大9B購01  ,0,0,0,0,0,0,0,0,0,-189000,0,0,0,0,189000,-189000,-189000
08492P,大立光元大9C售22,0,0,0,0,0,0,0,0,0,-189000,0,0,0,79000,268000,-189000,-189000
3450,聯鈞            ,620000,968000,-348000,0,0,0,16000,0,16000,143000,5000,15000,-10000,202000,49000,153000,-189000
065626,華新科兆豐9C購02,0,0,0,0,0,0,0,0,0,-190000,0,0,0,0,190000,-190000,-190000
07964P,大立光統一9B售12,0,0,0,0,0,0,0,0,0,-190000,0,0,0,0,190000,-190000,-190000
07435P,台積電富邦9C售07,0,0,0,0,0,0,0,0,0,-190000,0,0,0,10000,200000,-190000,-190000
07146P,瑞昱元大99售02  ,0,0,0,0,0,0,0,0,0,-190000,0,0,0,260000,450000,-190000,-190000
057355,彩晶統一98購03  ,0,0,0,0,0,0,0,0,0,-190000,0,0,0,0,190000,-190000,-190000
060132,滬深2X群益9C購02,0,0,0,0,0,0,0,0,0,-190000,0,0,0,0,190000,-190000,-190000
058116,正崴中信99購02  ,0,0,0,0,0,0,0,0,0,-190000,0,0,0,60000,250000,-190000,-190000
063225,茂林群益9B購04  ,0,0,0,0,0,0,0,0,0,-190000,0,0,0,98000,288000,-190000,-190000
063876,華新元富9C購01  ,0,0,0,0,0,0,0,0,0,-190000,0,0,0,85000,275000,-190000,-190000
060466,玉山金元大9A購01,0,0,0,0,0,0,0,0,0,-191000,0,0,0,54000,245000,-191000,-191000
03433B,臺股指元大9C熊01,0,0,0,0,0,0,0,0,0,-191000,0,0,0,14000,205000,-191000,-191000
060352,滬深2X元富9A購02,0,0,0,0,0,0,0,0,0,-191000,0,0,0,5000,196000,-191000,-191000
058474,鴻海凱基9A購06  ,0,0,0,0,0,0,0,0,0,-191000,0,0,0,66000,257000,-191000,-191000
063527,美食凱基01購01  ,0,0,0,0,0,0,0,0,0,-191000,0,0,0,0,191000,-191000,-191000
064314,信邦群益9C購01  ,0,0,0,0,0,0,0,0,0,-191000,0,0,0,0,191000,-191000,-191000
062813,台積電兆豐9B購01,0,0,0,0,0,0,0,0,0,-191000,0,0,0,12000,203000,-191000,-191000
08111P,臺股指中信01售06,0,0,0,0,0,0,0,0,0,-191000,0,0,0,25000,216000,-191000,-191000
065288,華新科群益02購02,0,0,0,0,0,0,0,0,0,-192000,0,0,0,38000,230000,-192000,-192000
058520,智易元大99購03  ,0,0,0,0,0,0,0,0,0,-192000,0,0,0,150000,342000,-192000,-192000
064455,美食統一01購03  ,0,0,0,0,0,0,0,0,0,-192000,0,0,0,6000,198000,-192000,-192000
063807,超眾兆豐01購01  ,0,0,0,0,0,0,0,0,0,-192000,0,0,0,147000,339000,-192000,-192000
3563,牧德            ,162000,126000,36000,0,0,0,0,217000,-217000,-11000,1000,5000,-4000,16000,23000,-7000,-192000
064698,致伸群益9C購01  ,0,0,0,0,0,0,0,0,0,-193000,0,0,0,0,193000,-193000,-193000
054828,正崴國泰99購01  ,0,0,0,0,0,0,0,0,0,-193000,0,0,0,37000,230000,-193000,-193000
061389,華新科群益9B購01,0,0,0,0,0,0,0,0,0,-193000,0,0,0,0,193000,-193000,-193000
063709,上銀凱基9B購07  ,0,0,0,0,0,0,0,0,0,-193000,0,0,0,100000,293000,-193000,-193000
064356,矽創元大01購01  ,20000,0,20000,0,0,0,0,0,0,-213000,0,0,0,393000,606000,-213000,-193000
062371,健策元大9B購08  ,0,0,0,0,0,0,0,0,0,-193000,0,0,0,40000,233000,-193000,-193000
065612,聯茂元大9C購07  ,0,0,0,0,0,0,0,0,0,-194000,0,0,0,9000,203000,-194000,-194000
065886,中磊元富9C購01  ,0,0,0,0,0,0,0,0,0,-194000,0,0,0,205000,399000,-194000,-194000
056272,嘉澤統一99購01  ,0,0,0,0,0,0,0,0,0,-194000,0,0,0,9000,203000,-194000,-194000
062969,旺宏元富9B購01  ,0,0,0,0,0,0,0,0,0,-194000,0,0,0,8000,202000,-194000,-194000
07593P,臺股指凱基9A售08,0,0,0,0,0,0,0,0,0,-195000,0,0,0,0,195000,-195000,-195000
057556,智易凱基99購01  ,0,0,0,0,0,0,0,0,0,-195000,0,0,0,42000,237000,-195000,-195000
059787,奇力新元大9A購02,0,0,0,0,0,0,0,0,0,-195000,0,0,0,0,195000,-195000,-195000
061971,力山元大9C購02  ,0,0,0,0,0,0,0,0,0,-195000,0,0,0,0,195000,-195000,-195000
063909,旺宏凱基02購01  ,0,0,0,0,0,0,0,0,0,-195000,0,0,0,27000,222000,-195000,-195000
064779,義隆群益9C購03  ,0,0,0,0,0,0,0,0,0,-196000,0,0,0,117000,313000,-196000,-196000
060990,新光金元大9B購03,0,0,0,0,0,0,0,0,0,-196000,0,0,0,210000,406000,-196000,-196000
063301,鴻海凱基9B購08  ,0,0,0,0,0,0,0,0,0,-196000,0,0,0,60000,256000,-196000,-196000
062548,智易永豐9B購01  ,0,0,0,0,0,0,0,0,0,-196000,0,0,0,0,196000,-196000,-196000
062704,大毅元大9C購01  ,0,0,0,0,0,0,0,0,0,-196000,0,0,0,9000,205000,-196000,-196000
065919,禾伸堂凱基02購01,0,0,0,0,0,0,0,0,0,-197000,0,0,0,30000,227000,-197000,-197000
057576,南亞科第一9C購01,0,0,0,0,0,0,0,0,0,-197000,0,0,0,3000,200000,-197000,-197000
063177,友達兆豐9B購01  ,0,0,0,0,0,0,0,0,0,-197000,0,0,0,67000,264000,-197000,-197000
063283,華新科元大9C購03,0,0,0,0,0,0,0,0,0,-197000,0,0,0,74000,271000,-197000,-197000
064408,TPK凱基02購01   ,0,0,0,0,0,0,0,0,0,-197000,0,0,0,1000,198000,-197000,-197000
2615,萬海            ,1280000,1590000,-310000,0,0,0,50000,12000,38000,75000,75000,0,75000,0,0,0,-197000
066052,景碩元大02購01  ,0,0,0,0,0,0,0,0,0,-198000,0,0,0,0,198000,-198000,-198000
065593,達新元大9C購02  ,0,0,0,0,0,0,0,0,0,-198000,0,0,0,102000,300000,-198000,-198000
065319,鴻海凱基9C購03  ,0,0,0,0,0,0,0,0,0,-198000,0,0,0,0,198000,-198000,-198000
065349,玉晶光統一9C購05,0,0,0,0,0,0,0,0,0,-198000,0,0,0,298000,496000,-198000,-198000
065357,立積元富03購01  ,0,0,0,0,0,0,0,0,0,-198000,0,0,0,176000,374000,-198000,-198000
061043,百和永豐9A購01  ,0,0,0,0,0,0,0,0,0,-198000,0,0,0,0,198000,-198000,-198000
061759,上証反元大02購01,0,0,0,0,0,0,0,0,0,-198000,0,0,0,0,198000,-198000,-198000
063187,全新凱基9B購02  ,0,0,0,0,0,0,0,0,0,-198000,0,0,0,133000,331000,-198000,-198000
062780,旺宏元大01購01  ,0,0,0,0,0,0,0,0,0,-198000,0,0,0,10000,208000,-198000,-198000
062590,亞光統一9B購01  ,0,0,0,0,0,0,0,0,0,-198000,0,0,0,0,198000,-198000,-198000
065390,達新群益9C購02  ,0,0,0,0,0,0,0,0,0,-199000,0,0,0,0,199000,-199000,-199000
064695,京鼎群益02購02  ,0,0,0,0,0,0,0,0,0,-199000,0,0,0,69000,268000,-199000,-199000
059125,台積電第一03購02,0,0,0,0,0,0,0,0,0,-199000,0,0,0,1000,200000,-199000,-199000
065165,上銀元大9C購09  ,0,0,0,0,0,0,0,0,0,-200000,0,0,0,26000,226000,-200000,-200000
065703,大毅群益9C購01  ,0,0,0,0,0,0,0,0,0,-200000,0,0,0,71000,271000,-200000,-200000
066181,泰鼎凱基01購01  ,0,0,0,0,0,0,0,0,0,-200000,0,0,0,0,200000,-200000,-200000
07422P,大立光元大99售32,0,0,0,0,0,0,0,0,0,-200000,0,0,0,0,200000,-200000,-200000
056389,鴻海富邦99購01  ,0,0,0,0,0,0,0,0,0,-200000,0,0,0,0,200000,-200000,-200000
052629,訊芯中信99購01  ,0,0,0,0,0,0,0,0,0,-200000,0,0,0,0,200000,-200000,-200000
060002,T50反1群益9A購01,0,0,0,0,0,0,0,0,0,-200000,0,0,0,0,200000,-200000,-200000
058149,百和元大99購02  ,0,0,0,0,0,0,0,0,0,-200000,0,0,0,0,200000,-200000,-200000
058185,國巨永豐99購01  ,0,0,0,0,0,0,0,0,0,-200000,0,0,0,0,200000,-200000,-200000
05855P,滬深2X中信9C售01,0,0,0,0,0,0,0,0,0,-200000,0,0,0,0,200000,-200000,-200000
063989,大立光永豐9C購01,0,0,0,0,0,0,0,0,0,-200000,0,0,0,210000,410000,-200000,-200000
063444,金像電統一03購01,0,0,0,0,0,0,0,0,0,-200000,0,0,0,24000,224000,-200000,-200000
08211P,台表科元富9B售03,0,0,0,0,0,0,0,0,0,-200000,0,0,0,74000,274000,-200000,-200000
066340,敦泰永豐01購01  ,0,0,0,0,0,0,0,0,0,-201000,0,0,0,0,201000,-201000,-201000
057727,華邦電國泰9A購01,0,0,0,0,0,0,0,0,0,-201000,0,0,0,1000,202000,-201000,-201000
057641,旺宏元大98購10  ,0,0,0,0,0,0,0,0,0,-201000,0,0,0,0,201000,-201000,-201000
054935,華通元大98購03  ,0,0,0,0,0,0,0,0,0,-201000,0,0,0,129000,330000,-201000,-201000
057803,上銀元大98購08  ,0,0,0,0,0,0,0,0,0,-201000,0,0,0,0,201000,-201000,-201000
056573,華新科元大99購06,0,0,0,0,0,0,0,0,0,-201000,0,0,0,68000,269000,-201000,-201000
060153,A50正2永豐9A購01,0,0,0,0,0,0,0,0,0,-201000,0,0,0,56000,257000,-201000,-201000
058229,為升元大99購02  ,0,0,0,0,0,0,0,0,0,-201000,0,0,0,30000,231000,-201000,-201000
061488,奇力新兆豐9A購01,0,0,0,0,0,0,0,0,0,-201000,0,0,0,0,201000,-201000,-201000
061990,台勝科元大9C購01,0,0,0,0,0,0,0,0,0,-201000,0,0,0,20000,221000,-201000,-201000
065665,鴻海凱基9C購04  ,0,0,0,0,0,0,0,0,0,-202000,0,0,0,158000,360000,-202000,-202000
065437,台表科凱基9C購03,0,0,0,0,0,0,0,0,0,-202000,0,0,0,3000,205000,-202000,-202000
060617,華新科元大9A購08,0,0,0,0,0,0,0,0,0,-202000,0,0,0,0,202000,-202000,-202000
058507,美律元大9A購01  ,0,0,0,0,0,0,0,0,0,-202000,0,0,0,0,202000,-202000,-202000
061926,晶技凱基9B購02  ,0,0,0,0,0,0,0,0,0,-202000,0,0,0,62000,264000,-202000,-202000
062405,泰鼎永豐9B購02  ,0,0,0,0,0,0,0,0,0,-202000,0,0,0,73000,275000,-202000,-202000
065177,旭富元大9C購05  ,0,0,0,0,0,0,0,0,0,-203000,0,0,0,36000,239000,-203000,-203000
064969,達新元大9C購01  ,0,0,0,0,0,0,0,0,0,-203000,0,0,0,100000,303000,-203000,-203000
064996,T50反1國票01購03,0,0,0,0,0,0,0,0,0,-203000,0,0,0,0,203000,-203000,-203000
058532,禾伸堂元富99購01,0,0,0,0,0,0,0,0,0,-203000,0,0,0,0,203000,-203000,-203000
058456,京鼎永豐99購01  ,0,0,0,0,0,0,0,0,0,-203000,0,0,0,41000,244000,-203000,-203000
058148,百和元大99購01  ,0,0,0,0,0,0,0,0,0,-203000,0,0,0,0,203000,-203000,-203000
061137,晶技統一9B購01  ,0,0,0,0,0,0,0,0,0,-203000,0,0,0,70000,273000,-203000,-203000
062560,奇鋐凱基9B購02  ,0,0,0,0,0,0,0,0,0,-203000,0,0,0,24000,227000,-203000,-203000
065365,國巨元大9C購19  ,0,0,0,0,0,0,0,0,0,-204000,0,0,0,1000,205000,-204000,-204000
07048P,台積電中信03售01,0,0,0,0,0,0,0,0,0,-205000,0,0,0,216000,421000,-205000,-205000
058747,友達凱基9A購03  ,0,0,0,0,0,0,0,0,0,-205000,0,0,0,0,205000,-205000,-205000
062019,嘉澤永豐9B購01  ,0,0,0,0,0,0,0,0,0,-205000,0,0,0,38000,243000,-205000,-205000
062897,上銀元大9B購06  ,0,0,0,0,0,0,0,0,0,-205000,0,0,0,50000,255000,-205000,-205000
063883,超眾元富9C購02  ,0,0,0,0,0,0,0,0,0,-205000,0,0,0,77000,282000,-205000,-205000
07259P,滬深2X國票01售01,0,0,0,0,0,0,0,0,0,-206000,0,0,0,40000,246000,-206000,-206000
06849P,欣興元大98售12  ,0,0,0,0,0,0,0,0,0,-206000,0,0,0,0,206000,-206000,-206000
065828,大立光凱基06購01,0,0,0,0,0,0,0,0,0,-206000,0,0,0,10000,216000,-206000,-206000
065554,群創凱基02購02  ,0,0,0,0,0,0,0,0,0,-206000,0,0,0,180000,386000,-206000,-206000
060450,南亞元大9A購02  ,0,0,0,0,0,0,0,0,0,-206000,0,0,0,62000,268000,-206000,-206000
049973,T50反1日盛9A購01,0,0,0,0,0,0,0,0,0,-206000,0,0,0,0,206000,-206000,-206000
060064,華新科兆豐99購07,0,0,0,0,0,0,0,0,0,-206000,0,0,0,0,206000,-206000,-206000
058189,嘉澤永豐99購01  ,0,0,0,0,0,0,0,0,0,-206000,0,0,0,82000,288000,-206000,-206000
061117,美律國泰9C購01  ,0,0,0,0,0,0,0,0,0,-206000,0,0,0,4000,210000,-206000,-206000
059499,滬深2X元富9C購07,0,0,0,0,0,0,0,0,0,-206000,0,0,0,5000,211000,-206000,-206000
062123,台積電統一9B購13,0,0,0,0,0,0,0,0,0,-206000,0,0,0,0,206000,-206000,-206000
062550,啟碁永豐9B購01  ,0,0,0,0,0,0,0,0,0,-206000,0,0,0,28000,234000,-206000,-206000
065472,華新元大01購01  ,0,0,0,0,0,0,0,0,0,-207000,0,0,0,0,207000,-207000,-207000
065195,國巨元富06購01  ,0,0,0,0,0,0,0,0,0,-207000,0,0,0,0,207000,-207000,-207000
064692,嘉晶群益9C購03  ,0,0,0,0,0,0,0,0,0,-207000,0,0,0,181000,388000,-207000,-207000
061643,嘉澤元大9A購05  ,0,0,0,0,0,0,0,0,0,-207000,0,0,0,136000,343000,-207000,-207000
063294,美律麥證9B購01  ,0,0,0,43000,250000,-207000,0,0,0,-207000,0,0,0,43000,250000,-207000,-207000
064180,國巨富邦02購03  ,0,0,0,0,0,0,0,0,0,-207000,0,0,0,132000,339000,-207000,-207000
054088,華新群益98購02  ,0,0,0,0,0,0,0,0,0,-208000,0,0,0,100000,308000,-208000,-208000
061800,泰鼎永豐9B購01  ,0,0,0,0,0,0,0,0,0,-208000,0,0,0,22000,230000,-208000,-208000
064070,祥碩永豐9C購01  ,0,0,0,0,0,0,0,0,0,-208000,0,0,0,231000,439000,-208000,-208000
065361,上銀元大9C購11  ,0,0,0,0,0,0,0,0,0,-209000,0,0,0,7000,216000,-209000,-209000
059917,華新科元大99購19,0,0,0,0,0,0,0,0,0,-209000,0,0,0,13000,222000,-209000,-209000
061357,寶成元大9A購01  ,0,0,0,0,0,0,0,0,0,-209000,0,0,0,0,209000,-209000,-209000
05856P,A50正2中信99售01,0,0,0,0,0,0,0,0,0,-209000,0,0,0,0,209000,-209000,-209000
065427,台積電凱基02購04,0,0,0,0,0,0,0,0,0,-210000,0,0,0,39000,249000,-210000,-210000
065666,旺宏凱基9C購03  ,0,0,0,0,0,0,0,0,0,-210000,0,0,0,0,210000,-210000,-210000
064775,和大群益01購01  ,0,0,0,0,0,0,0,0,0,-210000,0,0,0,0,210000,-210000,-210000
064650,台表科凱基03購01,0,0,0,0,0,0,0,0,0,-210000,0,0,0,64000,274000,-210000,-210000
046905,新光金凱基99購01,0,0,0,0,0,0,0,0,0,-210000,0,0,0,20000,230000,-210000,-210000
060632,可成富邦9B購01  ,0,0,0,0,0,0,0,0,0,-210000,0,0,0,190000,400000,-210000,-210000
060369,滬深2X元富01購01,0,0,0,0,0,0,0,0,0,-210000,0,0,0,0,210000,-210000,-210000
064028,大毅元大01購01  ,0,0,0,0,0,0,0,0,0,-210000,0,0,0,64000,274000,-210000,-210000
064158,健鼎統一02購01  ,0,0,0,0,0,0,0,0,0,-210000,0,0,0,112000,322000,-210000,-210000
062185,禾伸堂元大9B購01,0,0,0,0,0,0,0,0,0,-210000,0,0,0,0,210000,-210000,-210000
062802,宏達電統一9B購01,0,0,0,0,0,0,0,0,0,-210000,0,0,0,62000,272000,-210000,-210000
065032,TPK兆豐01購01   ,0,0,0,0,0,0,0,0,0,-211000,0,0,0,0,211000,-211000,-211000
065654,台表科元大9C購12,0,0,0,0,0,0,0,0,0,-211000,0,0,0,44000,255000,-211000,-211000
060640,京鼎永豐9A購01  ,0,0,0,0,0,0,0,0,0,-211000,0,0,0,33000,244000,-211000,-211000
08325P,臺股指凱基9C售08,0,0,0,0,0,0,0,0,0,-211000,0,0,0,41000,252000,-211000,-211000
2302,麗正            ,74000,285000,-211000,0,0,0,0,0,0,0,0,0,0,0,0,0,-211000
065363,國巨元大01購04  ,0,0,0,0,0,0,0,0,0,-212000,0,0,0,1000,213000,-212000,-212000
065073,亞德客元大01購02,0,0,0,0,0,0,0,0,0,-212000,0,0,0,15000,227000,-212000,-212000
063144,超眾統一9C購02  ,0,0,0,0,0,0,0,0,0,-212000,0,0,0,16000,228000,-212000,-212000
061876,明泰元大9B購01  ,0,0,0,0,0,0,0,0,0,-212000,0,0,0,56000,268000,-212000,-212000
065326,華擎凱基02購01  ,0,0,0,0,0,0,0,0,0,-213000,0,0,0,263000,476000,-213000,-213000
058101,台積電富邦9C購01,0,0,0,0,0,0,0,0,0,-213000,0,0,0,114000,327000,-213000,-213000
1536,和大            ,518000,545000,-27000,0,0,0,0,160000,-160000,-26000,40000,40000,0,9000,35000,-26000,-213000
065838,鴻海元大03購01  ,0,0,0,0,0,0,0,0,0,-215000,0,0,0,7000,222000,-215000,-215000
060777,茂林凱基9C購01  ,0,0,0,0,0,0,0,0,0,-215000,0,0,0,14000,229000,-215000,-215000
059984,華新科元大99購21,0,0,0,0,0,0,0,0,0,-215000,0,0,0,0,215000,-215000,-215000
058899,旺宏元大99購10  ,0,0,0,0,0,0,0,0,0,-215000,0,0,0,70000,285000,-215000,-215000
058284,滬深反群益01購01,0,0,0,0,0,0,0,0,0,-215000,0,0,0,0,215000,-215000,-215000
058268,泰碩永豐9A購01  ,0,0,0,0,0,0,0,0,0,-215000,0,0,0,40000,255000,-215000,-215000
063544,華新科台新9B購02,0,0,0,0,0,0,0,0,0,-215000,0,0,0,3000,218000,-215000,-215000
063671,GIS統一01購01   ,0,0,0,0,0,0,0,0,0,-215000,0,0,0,284000,499000,-215000,-215000
08231P,上銀元富9B售10  ,0,0,0,0,0,0,0,0,0,-215000,0,0,0,241000,456000,-215000,-215000
08571P,台積電兆豐9C售06,0,0,0,0,0,0,0,0,0,-215000,0,0,0,0,215000,-215000,-215000
07517P,台積電元大9A售17,0,0,0,0,0,0,0,0,0,-216000,0,0,0,0,216000,-216000,-216000
065646,健鼎元大9C購04  ,0,0,0,0,0,0,0,0,0,-216000,0,0,0,13000,229000,-216000,-216000
060706,群創富邦9A購01  ,0,0,0,0,0,0,0,0,0,-216000,0,0,0,48000,264000,-216000,-216000
060659,鴻海凱基9B購03  ,0,0,0,0,0,0,0,0,0,-216000,0,0,0,37000,253000,-216000,-216000
057675,同欣電元大98購02,0,0,0,0,0,0,0,0,0,-216000,0,0,0,256000,472000,-216000,-216000
063606,TPK凱基9C購01   ,0,0,0,0,0,0,0,0,0,-216000,0,0,0,2000,218000,-216000,-216000
064325,亞德客元大9C購01,0,0,0,0,0,0,0,0,0,-216000,0,0,0,0,216000,-216000,-216000
062487,中興電永豐9B購01,0,0,0,0,0,0,0,0,0,-216000,0,0,0,0,216000,-216000,-216000
065624,聯詠中信9C購01  ,0,0,0,0,0,0,0,0,0,-217000,0,0,0,192000,409000,-217000,-217000
06696P,台灣50國票99售01,0,0,0,0,0,0,0,0,0,-217000,0,0,0,136000,353000,-217000,-217000
03687C,臺股指凱基9C牛22,0,0,0,0,0,0,0,0,0,-217000,0,0,0,225000,442000,-217000,-217000
060483,友達富邦9A購01  ,0,0,0,0,0,0,0,0,0,-217000,0,0,0,1000,218000,-217000,-217000
061369,T50反1國泰9B購03,0,0,0,0,0,0,0,0,0,-217000,0,0,0,90000,307000,-217000,-217000
059786,全新元大99購06  ,0,0,0,0,0,0,0,0,0,-217000,0,0,0,54000,271000,-217000,-217000
064107,友達兆豐01購01  ,0,0,0,0,0,0,0,0,0,-217000,0,0,0,45000,262000,-217000,-217000
063849,奇鋐元大9C購01  ,0,0,0,0,0,0,0,0,0,-217000,0,0,0,4000,221000,-217000,-217000
063521,國巨凱基03購01  ,0,0,0,0,0,0,0,0,0,-217000,0,0,0,5000,222000,-217000,-217000
065385,億豐元大03購01  ,0,0,0,0,0,0,0,0,0,-218000,0,0,0,14000,232000,-218000,-218000
058926,勤誠元富99購01  ,0,0,0,0,0,0,0,0,0,-218000,0,0,0,97000,315000,-218000,-218000
058911,茂林元大99購04  ,0,0,0,0,0,0,0,0,0,-218000,0,0,0,53000,271000,-218000,-218000
062226,臻鼎統一9B購01  ,0,0,0,0,0,0,0,0,0,-218000,0,0,0,234000,452000,-218000,-218000
8028,昇陽半導體      ,161000,270000,-109000,0,0,0,0,0,0,-109000,4000,5000,-1000,7000,115000,-108000,-218000
066224,眾達國泰03購01  ,0,0,0,0,0,0,0,0,0,-219000,0,0,0,0,219000,-219000,-219000
057276,全新元大99購03  ,0,0,0,0,0,0,0,0,0,-219000,0,0,0,0,219000,-219000,-219000
057234,宏達電凱基98購05,0,0,0,0,0,0,0,0,0,-219000,0,0,0,110000,329000,-219000,-219000
061391,晶技群益9A購02  ,0,0,0,0,0,0,0,0,0,-219000,0,0,0,0,219000,-219000,-219000
063170,智邦第一9B購01  ,0,0,0,0,0,0,0,0,0,-219000,0,0,0,54000,273000,-219000,-219000
063611,儒鴻群益9B購03  ,0,0,0,0,0,0,0,0,0,-219000,0,0,0,0,219000,-219000,-219000
066231,友訊富邦02購01  ,0,0,0,0,0,0,0,0,0,-220000,0,0,0,0,220000,-220000,-220000
065788,緯創永豐9C購02  ,0,0,0,0,0,0,0,0,0,-220000,0,0,0,15000,235000,-220000,-220000
07768P,緯穎群益9A售02  ,0,0,0,0,0,0,0,0,0,-220000,0,0,0,10000,230000,-220000,-220000
065411,旺宏永豐9C購02  ,0,0,0,0,0,0,0,0,0,-220000,0,0,0,8000,228000,-220000,-220000
065268,嘉澤元大9C購02  ,0,0,0,0,0,0,0,0,0,-220000,0,0,0,188000,408000,-220000,-220000
061542,旺宏群益9A購04  ,0,0,0,0,0,0,0,0,0,-220000,0,0,0,0,220000,-220000,-220000
08150P,立積國票9C售01  ,0,0,0,0,0,0,0,0,0,-220000,0,0,0,0,220000,-220000,-220000
064520,京鼎群益02購01  ,0,0,0,0,0,0,0,0,0,-221000,0,0,0,15000,236000,-221000,-221000
064727,群創統一02購03  ,0,0,0,0,0,0,0,0,0,-221000,0,0,0,10000,231000,-221000,-221000
08180P,聯發科國泰01售05,0,0,0,0,0,0,0,0,0,-221000,0,0,0,0,221000,-221000,-221000
064940,智伸科元富9C購01,0,0,0,0,0,0,0,0,0,-222000,0,0,0,197000,419000,-222000,-222000
064902,健策群益01購03  ,0,0,0,0,0,0,0,0,0,-222000,0,0,0,50000,272000,-222000,-222000
064829,義隆統一01購02  ,0,0,0,0,0,0,0,0,0,-222000,0,0,0,558000,780000,-222000,-222000
065477,健鼎元大9C購03  ,0,0,0,0,0,0,0,0,0,-222000,0,0,0,129000,351000,-222000,-222000
065978,臻鼎元大02購01  ,0,0,0,0,0,0,0,0,0,-222000,0,0,0,291000,513000,-222000,-222000
057531,禾伸堂元大99購04,0,0,0,0,0,0,0,0,0,-222000,0,0,0,9000,231000,-222000,-222000
058584,百和群益9A購01  ,0,0,0,0,0,0,0,0,0,-222000,0,0,0,74000,296000,-222000,-222000
063845,旺宏元大9C購03  ,0,0,0,0,0,0,0,0,0,-222000,0,0,0,105000,327000,-222000,-222000
064004,全新凱基01購01  ,0,0,0,0,0,0,0,0,0,-222000,0,0,0,96000,318000,-222000,-222000
064452,微星統一01購02  ,0,0,0,0,0,0,0,0,0,-222000,0,0,0,562000,784000,-222000,-222000
061106,群創元大9B購09  ,0,0,0,0,0,0,0,0,0,-223000,0,0,0,141000,364000,-223000,-223000
064365,美食統一01購02  ,0,0,0,0,0,0,0,0,0,-223000,0,0,0,0,223000,-223000,-223000
065940,立積群益02購01  ,0,0,0,0,0,0,0,0,0,-224000,0,0,0,415000,639000,-224000,-224000
065131,晶技兆豐01購01  ,0,0,0,0,0,0,0,0,0,-224000,0,0,0,63000,287000,-224000,-224000
059293,宏達電元富9B購01,0,0,0,0,0,0,0,0,0,-224000,0,0,0,331000,555000,-224000,-224000
062685,華新科統一9C購03,0,0,0,0,0,0,0,0,0,-224000,0,0,0,0,224000,-224000,-224000
062260,華新科元大9B購09,0,0,0,0,0,0,0,0,0,-224000,0,0,0,0,224000,-224000,-224000
057347,國巨統一9A購03  ,0,0,0,0,0,0,0,0,0,-225000,0,0,0,350000,575000,-225000,-225000
057782,台積電國票99購07,0,0,0,0,0,0,0,0,0,-225000,0,0,0,58000,283000,-225000,-225000
064410,超眾凱基02購01  ,0,0,0,0,0,0,0,0,0,-225000,0,0,0,28000,253000,-225000,-225000
08130P,義隆元大9B售05  ,0,0,0,0,0,0,0,0,0,-225000,0,0,0,36000,261000,-225000,-225000
2637,慧洋-KY         ,353000,610000,-257000,0,0,0,3000,0,3000,29000,29000,0,29000,0,0,0,-225000
064830,可成統一9C購04  ,0,0,0,0,0,0,0,0,0,-226000,0,0,0,77000,303000,-226000,-226000
058693,旭富國票9A購01  ,0,0,0,0,0,0,0,0,0,-226000,0,0,0,0,226000,-226000,-226000
064999,T50反1國票9C購03,0,0,0,0,0,0,0,0,0,-227000,0,0,0,1420000,1647000,-227000,-227000
059177,臺股指凱基99購28,0,0,0,0,0,0,0,0,0,-227000,0,0,0,9000,236000,-227000,-227000
062401,信邦永豐9B購01  ,0,0,0,0,0,0,0,0,0,-227000,0,0,0,21000,248000,-227000,-227000
061898,茂林永豐9B購01  ,0,0,0,0,0,0,0,0,0,-227000,0,0,0,0,227000,-227000,-227000
062851,建準永豐9B購02  ,0,0,0,0,0,0,0,0,0,-227000,0,0,0,15000,242000,-227000,-227000
064981,致伸元大9C購01  ,0,0,0,0,0,0,0,0,0,-228000,0,0,0,71000,299000,-228000,-228000
058927,勤誠元富99購02  ,0,0,0,0,0,0,0,0,0,-228000,0,0,0,81000,309000,-228000,-228000
061879,超眾元大9C購01  ,0,0,0,0,0,0,0,0,0,-228000,0,0,0,75000,303000,-228000,-228000
062520,晶豪科元大9B購02,0,0,0,0,0,0,0,0,0,-228000,0,0,0,0,228000,-228000,-228000
3062,建漢            ,332000,569000,-237000,0,0,0,0,0,0,9000,9000,0,9000,0,0,0,-228000
06725P,聯電元富98售01  ,0,0,0,0,0,0,0,0,0,-229000,0,0,0,20000,249000,-229000,-229000
060346,華新科統一01購01,0,0,0,0,0,0,0,0,0,-229000,0,0,0,0,229000,-229000,-229000
064604,聯茂元富9C購01  ,0,0,0,0,0,0,0,0,0,-230000,0,0,0,30000,260000,-230000,-230000
065606,可成元大01購05  ,0,0,0,0,0,0,0,0,0,-230000,0,0,0,17000,247000,-230000,-230000
057240,茂林凱基9A購01  ,0,0,0,0,0,0,0,0,0,-230000,0,0,0,13000,243000,-230000,-230000
056813,聯茂統一99購01  ,0,0,0,0,0,0,0,0,0,-230000,0,0,0,39000,269000,-230000,-230000
059453,奇力新永豐99購01,0,0,0,0,0,0,0,0,0,-230000,0,0,0,0,230000,-230000,-230000
061574,大毅元大9B購01  ,0,0,0,0,0,0,0,0,0,-231000,0,0,0,0,231000,-231000,-231000
060351,滬深2X元富9A購01,0,0,0,0,0,0,0,0,0,-231000,0,0,0,0,231000,-231000,-231000
058878,旭富國泰9B購01  ,0,0,0,0,0,0,0,0,0,-231000,0,0,0,69000,300000,-231000,-231000
1310,台苯            ,551000,772000,-221000,0,0,0,0,0,0,-10000,15000,0,15000,0,25000,-25000,-231000
066339,總太永豐01購01  ,0,0,0,0,0,0,0,0,0,-232000,0,0,0,0,232000,-232000,-232000
058323,泰鼎永豐9A購01  ,0,0,0,0,0,0,0,0,0,-232000,0,0,0,79000,311000,-232000,-232000
060308,劍麟永豐9A購01  ,0,0,0,0,0,0,0,0,0,-232000,0,0,0,62000,294000,-232000,-232000
06259P,臺股指群益97售12,0,0,0,0,0,0,0,0,0,-232000,0,0,0,20000,252000,-232000,-232000
055874,中環元富9A購01  ,0,0,0,0,0,0,0,0,0,-233000,0,0,0,153000,386000,-233000,-233000
060636,大毅永豐9A購02  ,0,0,0,0,0,0,0,0,0,-233000,0,0,0,0,233000,-233000,-233000
060562,旺宏富邦9C購02  ,0,0,0,0,0,0,0,0,0,-233000,0,0,0,1000,234000,-233000,-233000
064087,華新科凱基9C購03,0,0,0,0,0,0,0,0,0,-233000,0,0,0,19000,252000,-233000,-233000
064187,亞光永豐9C購01  ,0,0,0,0,0,0,0,0,0,-233000,0,0,0,0,233000,-233000,-233000
08210P,健策元富9B售02  ,0,0,0,0,0,0,0,0,0,-233000,0,0,0,18000,251000,-233000,-233000
07849P,大立光群益9A售06,0,0,0,0,0,0,0,0,0,-234000,0,0,0,0,234000,-234000,-234000
056883,美食康和98購01  ,0,0,0,0,0,0,0,0,0,-234000,0,0,0,0,234000,-234000,-234000
061763,聯電元大9C購02  ,0,0,0,0,0,0,0,0,0,-234000,0,0,0,42000,276000,-234000,-234000
062828,聯詠群益9B購02  ,0,0,0,0,0,0,0,0,0,-234000,0,0,0,109000,343000,-234000,-234000
055775,友達凱基9A購01  ,0,0,0,0,0,0,0,0,0,-235000,0,0,0,0,235000,-235000,-235000
065340,旺宏統一9C購04  ,0,0,0,0,0,0,0,0,0,-236000,0,0,0,34000,270000,-236000,-236000
057369,奇力新元大99購05,0,0,0,0,0,0,0,0,0,-236000,0,0,0,0,236000,-236000,-236000
057818,泰碩元大9A購01  ,0,0,0,0,0,0,0,0,0,-236000,0,0,0,100000,336000,-236000,-236000
062936,鴻海凱基9B購07  ,0,0,0,0,0,0,0,0,0,-236000,0,0,0,74000,310000,-236000,-236000
5264,鎧勝-KY         ,1247000,653000,594000,0,0,0,0,300000,-300000,-530000,44000,500000,-456000,15000,89000,-74000,-236000
065896,智易統一02購01  ,0,0,0,0,0,0,0,0,0,-237000,0,0,0,93000,330000,-237000,-237000
065749,友訊元大9C購03  ,0,0,0,0,0,0,0,0,0,-237000,0,0,0,5000,242000,-237000,-237000
057629,泰碩永豐98購02  ,0,0,0,0,0,0,0,0,0,-237000,0,0,0,112000,349000,-237000,-237000
057161,亞德客元大98購02,0,0,0,0,0,0,0,0,0,-237000,0,0,0,95000,332000,-237000,-237000
062543,華通富邦9C購01  ,0,0,0,0,0,0,0,0,0,-237000,0,0,0,162000,399000,-237000,-237000
064305,健鼎兆豐9C購02  ,0,0,0,0,0,0,0,0,0,-237000,0,0,0,20000,257000,-237000,-237000
2548,華固            ,169000,431000,-262000,0,0,0,0,0,0,25000,25000,0,25000,0,0,0,-237000
065341,華邦電統一01購02,0,0,0,0,0,0,0,0,0,-238000,0,0,0,48000,286000,-238000,-238000
065199,華擎元富03購01  ,0,0,0,0,0,0,0,0,0,-238000,0,0,0,605000,843000,-238000,-238000
054791,泰碩群益99購02  ,0,0,0,0,0,0,0,0,0,-238000,0,0,0,0,238000,-238000,-238000
061353,康控元大9A購01  ,0,0,0,0,0,0,0,0,0,-238000,0,0,0,136000,374000,-238000,-238000
064279,新光金元大01購01,0,0,0,0,0,0,0,0,0,-238000,0,0,0,215000,453000,-238000,-238000
064429,鴻海凱基03購03  ,0,0,0,0,0,0,0,0,0,-238000,0,0,0,60000,298000,-238000,-238000
064441,嘉澤凱基9C購02  ,0,0,0,0,0,0,0,0,0,-238000,0,0,0,158000,396000,-238000,-238000
064179,上銀富邦01購01  ,0,0,0,0,0,0,0,0,0,-238000,0,0,0,12000,250000,-238000,-238000
07965P,玉晶光群益01售02,0,0,0,0,0,0,0,0,0,-239000,0,0,0,26000,265000,-239000,-239000
062398,建準永豐9B購01  ,0,0,0,0,0,0,0,0,0,-239000,0,0,0,507000,746000,-239000,-239000
062937,旺宏凱基9B購08  ,0,0,0,0,0,0,0,0,0,-239000,0,0,0,17000,256000,-239000,-239000
07531P,大立光國泰9B售03,0,0,0,0,0,0,0,0,0,-240000,0,0,0,0,240000,-240000,-240000
066177,上緯控凱基01購01,0,0,0,0,0,0,0,0,0,-240000,0,0,0,0,240000,-240000,-240000
056136,京鼎元大98購01  ,0,0,0,0,0,0,0,0,0,-240000,0,0,0,60000,300000,-240000,-240000
061819,茂林群益9B購01  ,0,0,0,0,0,0,0,0,0,-240000,0,0,0,292000,532000,-240000,-240000
061536,華擎統一9C購02  ,0,0,0,0,0,0,0,0,0,-240000,0,0,0,477000,717000,-240000,-240000
059454,亞光永豐99購01  ,0,0,0,0,0,0,0,0,0,-240000,0,0,0,4000,244000,-240000,-240000
063934,寶成統一02購01  ,0,0,0,0,0,0,0,0,0,-240000,0,0,0,0,240000,-240000,-240000
08494P,世芯元大9C售02  ,0,0,0,0,0,0,0,0,0,-240000,0,0,0,75000,315000,-240000,-240000
065559,超眾凱基9C購03  ,0,0,0,0,0,0,0,0,0,-241000,0,0,0,0,241000,-241000,-241000
065092,健鼎元大9C購02  ,0,0,0,0,0,0,0,0,0,-241000,0,0,0,112000,353000,-241000,-241000
058714,美律統一9B購01  ,0,0,0,0,0,0,0,0,0,-241000,0,0,0,0,241000,-241000,-241000
063819,致新群益9C購01  ,0,0,0,0,0,0,0,0,0,-241000,0,0,0,442000,683000,-241000,-241000
058351,上銀凱基9A購02  ,0,0,0,0,0,0,0,0,0,-242000,0,0,0,60000,302000,-242000,-242000
061178,晶技凱基9B購01  ,0,0,0,0,0,0,0,0,0,-242000,0,0,0,4000,246000,-242000,-242000
058026,上銀富邦9A購01  ,0,0,0,0,0,0,0,0,0,-242000,0,0,0,233000,475000,-242000,-242000
063569,美食元大9B購03  ,0,0,0,0,0,0,0,0,0,-242000,0,0,0,95000,337000,-242000,-242000
055006,晶相光元富9A購01,0,0,0,0,0,0,0,0,0,-243000,0,0,0,60000,303000,-243000,-243000
058202,鴻海凱基9A購04  ,0,0,0,0,0,0,0,0,0,-243000,0,0,0,74000,317000,-243000,-243000
063559,力山元大9B購04  ,0,0,0,0,0,0,0,0,0,-243000,0,0,0,0,243000,-243000,-243000
062908,晶豪科元大9B購03,0,0,0,0,0,0,0,0,0,-243000,0,0,0,49000,292000,-243000,-243000
5215,科嘉-KY         ,362000,503000,-141000,0,0,0,0,117780,-117780,15000,15000,0,15000,0,0,0,-243780
063165,泰碩永豐9B購02  ,0,0,0,0,0,0,0,0,0,-244000,0,0,0,0,244000,-244000,-244000
063208,鈺齊統一9C購01  ,0,0,0,0,0,0,0,0,0,-244000,0,0,0,126000,370000,-244000,-244000
065855,瀚宇博元大9C購03,0,0,0,0,0,0,0,0,0,-245000,0,0,0,356000,601000,-245000,-245000
051849,旺宏中信98購01  ,0,0,0,0,0,0,0,0,0,-245000,0,0,0,138000,383000,-245000,-245000
056269,新日興統一98購01,0,0,0,0,0,0,0,0,0,-245000,0,0,0,718000,963000,-245000,-245000
057102,亞光中信9A購01  ,0,0,0,0,0,0,0,0,0,-245000,0,0,0,0,245000,-245000,-245000
064045,南亞科統一9C購04,0,0,0,0,0,0,0,0,0,-245000,0,0,0,55000,300000,-245000,-245000
057393,台積電中信02購01,0,0,0,0,0,0,0,0,0,-246000,0,0,0,161000,407000,-246000,-246000
063350,台表科統一02購02,0,0,0,0,0,0,0,0,0,-246000,0,0,0,143000,389000,-246000,-246000
3047,訊舟            ,443000,691000,-248000,0,0,0,0,0,0,2000,2000,0,2000,0,0,0,-246000
066081,文曄國泰03購01  ,0,0,0,0,0,0,0,0,0,-247000,0,0,0,0,247000,-247000,-247000
061344,禾伸堂元大9A購02,0,0,0,0,0,0,0,0,0,-247000,0,0,0,8000,255000,-247000,-247000
065870,正崴群益02購01  ,0,0,0,0,0,0,0,0,0,-248000,0,0,0,0,248000,-248000,-248000
064585,中壽永豐9C購01  ,0,0,0,0,0,0,0,0,0,-248000,0,0,0,0,248000,-248000,-248000
065220,義隆富邦01購02  ,0,0,0,0,0,0,0,0,0,-248000,0,0,0,335000,583000,-248000,-248000
057875,京鼎元大98購03  ,0,0,0,0,0,0,0,0,0,-248000,0,0,0,15000,263000,-248000,-248000
062393,智邦富邦9B購01  ,0,0,0,0,0,0,0,0,0,-248000,0,0,0,74000,322000,-248000,-248000
062189,康控元大9B購02  ,0,0,0,0,0,0,0,0,0,-248000,0,0,0,10000,258000,-248000,-248000
8249,菱光            ,101000,354000,-253000,0,0,0,0,0,0,5000,5000,0,5000,0,0,0,-248000
065272,聯茂元大9C購05  ,0,0,0,0,0,0,0,0,0,-249000,0,0,0,70000,319000,-249000,-249000
065597,旺宏元大01購03  ,8000,0,8000,0,0,0,0,0,0,-257000,0,0,0,58000,315000,-257000,-249000
065466,台表科中信01購03,0,0,0,0,0,0,0,0,0,-249000,0,0,0,12000,261000,-249000,-249000
066272,聯陽元大01購01  ,0,0,0,0,0,0,0,0,0,-249000,0,0,0,0,249000,-249000,-249000
07821P,臺股指國票9A售12,0,0,0,0,0,0,0,0,0,-249000,0,0,0,92000,341000,-249000,-249000
053276,友達元大9C購01  ,0,0,0,0,0,0,0,0,0,-249000,0,0,0,225000,474000,-249000,-249000
061034,晶豪科永豐9A購01,0,0,0,0,0,0,0,0,0,-249000,0,0,0,0,249000,-249000,-249000
064392,喬山永豐9C購01  ,0,0,0,0,0,0,0,0,0,-249000,0,0,0,0,249000,-249000,-249000
07559P,祥碩元大9A售03  ,0,0,0,0,0,0,0,0,0,-250000,0,0,0,110000,360000,-250000,-250000
07034P,大立光元富99售03,0,0,0,0,0,0,0,0,0,-250000,0,0,0,33000,283000,-250000,-250000
065653,同欣電元大03購01,0,0,0,0,0,0,0,0,0,-250000,0,0,0,279000,529000,-250000,-250000
056413,上証反中信9A購01,0,0,0,0,0,0,0,0,0,-250000,0,0,0,0,250000,-250000,-250000
057656,大成鋼兆豐98購01,0,0,0,0,0,0,0,0,0,-250000,0,0,0,0,250000,-250000,-250000
055117,臻鼎凱基98購02  ,0,0,0,0,0,0,0,0,0,-250000,0,0,0,0,250000,-250000,-250000
056322,臺股指群益98購01,0,0,0,0,0,0,0,0,0,-250000,0,0,0,0,250000,-250000,-250000
057199,台達電元富02購01,0,0,0,0,0,0,0,0,0,-250000,0,0,0,562000,812000,-250000,-250000
063833,致新國票01購01  ,0,0,0,0,0,0,0,0,0,-250000,0,0,0,0,250000,-250000,-250000
06242P,大立光元富9A售02,0,0,0,0,0,0,0,0,0,-250000,0,0,0,85000,335000,-250000,-250000
063061,華新科元富9B購04,0,0,0,0,0,0,0,0,0,-250000,0,0,0,0,250000,-250000,-250000
064629,和潤元大9C購01  ,0,0,0,0,0,0,0,0,0,-251000,0,0,0,128000,379000,-251000,-251000
065756,緯創元大9C購05  ,0,0,0,0,0,0,0,0,0,-251000,0,0,0,345000,596000,-251000,-251000
061839,華新科凱基05購04,0,0,0,0,0,0,0,0,0,-251000,0,0,0,0,251000,-251000,-251000
061190,力山永豐9A購02  ,0,0,0,0,0,0,0,0,0,-251000,0,0,0,39000,290000,-251000,-251000
06824P,台灣50國票99售02,0,0,0,0,0,0,0,0,0,-252000,0,0,0,220000,472000,-252000,-252000
064532,聯茂兆豐01購01  ,0,0,0,0,0,0,0,0,0,-252000,0,0,0,93000,345000,-252000,-252000
064696,群創群益9C購02  ,0,0,0,0,0,0,0,0,0,-252000,0,0,0,0,252000,-252000,-252000
065380,緯穎元大9C購02  ,0,0,0,0,0,0,0,0,0,-252000,0,0,0,268000,520000,-252000,-252000
05749P,臺股指群益99售03,0,0,0,0,0,0,0,0,0,-252000,0,0,0,282000,534000,-252000,-252000
058416,鴻海麥證99購01  ,0,0,0,13000,266000,-253000,0,0,0,-252000,0,0,0,27000,279000,-252000,-252000
064350,茂林元大01購01  ,0,0,0,0,0,0,0,0,0,-252000,0,0,0,58000,310000,-252000,-252000
064037,寶成元大9C購02  ,0,0,0,0,0,0,0,0,0,-252000,0,0,0,0,252000,-252000,-252000
065019,華邦電富邦9C購01,0,0,0,0,0,0,0,0,0,-253000,0,0,0,10000,263000,-253000,-253000
065910,立積永豐9C購02  ,0,0,0,0,0,0,0,0,0,-253000,0,0,0,18000,271000,-253000,-253000
07341P,台積電凱基99售18,0,0,0,0,0,0,0,0,0,-253000,0,0,0,50000,303000,-253000,-253000
058376,貿聯凱基9A購01  ,0,0,0,0,0,0,0,0,0,-253000,0,0,0,68000,321000,-253000,-253000
063025,超眾元大9B購01  ,0,0,0,0,0,0,0,0,0,-253000,0,0,0,94000,347000,-253000,-253000
9910,豐泰            ,460643,743000,-282357,0,0,0,10000,2000,8000,21000,10000,0,10000,11000,0,11000,-253357
065662,台勝科永豐9C購01,0,0,0,0,0,0,0,0,0,-254000,0,0,0,0,254000,-254000,-254000
065632,正崴國票01購01  ,0,0,0,0,0,0,0,0,0,-254000,0,0,0,11000,265000,-254000,-254000
057394,台積電中信9C購02,0,0,0,0,0,0,0,0,0,-254000,0,0,0,166000,420000,-254000,-254000
058771,神達兆豐99購01  ,0,0,0,0,0,0,0,0,0,-254000,0,0,0,120000,374000,-254000,-254000
064283,奇鋐元大9C購02  ,0,0,0,0,0,0,0,0,0,-254000,0,0,0,0,254000,-254000,-254000
063472,茂林元大9B購04  ,0,0,0,0,0,0,0,0,0,-254000,0,0,0,0,254000,-254000,-254000
064865,美律永豐9C購02  ,0,0,0,0,0,0,0,0,0,-255000,0,0,0,0,255000,-255000,-255000
062755,茂林麥證9B購01  ,0,0,0,98000,353000,-255000,0,0,0,-255000,0,0,0,98000,353000,-255000,-255000
08223P,臺股指凱基9B售18,0,0,0,0,0,0,0,0,0,-255000,0,0,0,140000,395000,-255000,-255000
061411,T50反1群益9A購05,0,0,0,0,0,0,0,0,0,-256000,0,0,0,1000,257000,-256000,-256000
08112P,臺股指中信01售07,0,0,0,0,0,0,0,0,0,-256000,0,0,0,282000,538000,-256000,-256000
066200,建準統一02購01  ,0,0,0,0,0,0,0,0,0,-257000,0,0,0,0,257000,-257000,-257000
064561,友達群益9C購02  ,0,0,0,0,0,0,0,0,0,-258000,0,0,0,0,258000,-258000,-258000
061492,超眾兆豐9B購01  ,0,0,0,0,0,0,0,0,0,-258000,0,0,0,85000,343000,-258000,-258000
058854,樺漢群益9B購01  ,0,0,0,0,0,0,0,0,0,-258000,0,0,0,40000,298000,-258000,-258000
064506,康控元大9C購02  ,0,0,0,0,0,0,0,0,0,-259000,0,0,0,7000,266000,-259000,-259000
057490,可成元大98購10  ,0,0,0,0,0,0,0,0,0,-259000,0,0,0,21000,280000,-259000,-259000
062293,麗豐永豐9B購01  ,0,0,0,0,0,0,0,0,0,-259000,0,0,0,0,259000,-259000,-259000
066351,關貿永豐01購01  ,0,0,0,0,0,0,0,0,0,-260000,0,0,0,0,260000,-260000,-260000
058363,全新凱基9A購02  ,0,0,0,0,0,0,0,0,0,-260000,0,0,0,0,260000,-260000,-260000
062496,矽創中信9B購01  ,0,0,0,0,0,0,0,0,0,-260000,0,0,0,154000,414000,-260000,-260000
059095,訊芯元大99購01  ,0,0,0,0,0,0,0,0,0,-261000,0,0,0,64000,325000,-261000,-261000
05830P,滬深2X元富99售03,0,0,0,0,0,0,0,0,0,-261000,0,0,0,524000,785000,-261000,-261000
063510,台表科群益9C購01,0,0,0,0,0,0,0,0,0,-261000,0,0,0,136000,397000,-261000,-261000
063938,上銀元大9C購03  ,0,0,0,0,0,0,0,0,0,-261000,0,0,0,9000,270000,-261000,-261000
065237,茂林凱基01購01  ,0,0,0,0,0,0,0,0,0,-262000,0,0,0,60000,322000,-262000,-262000
056650,彩晶凱基9A購01  ,0,0,0,0,0,0,0,0,0,-262000,0,0,0,0,262000,-262000,-262000
058831,茂林永豐99購01  ,0,0,0,0,0,0,0,0,0,-262000,0,0,0,0,262000,-262000,-262000
062523,世紀鋼元大9C購03,0,0,0,0,0,0,0,0,0,-262000,0,0,0,0,262000,-262000,-262000
064700,致新群益9C購02  ,0,0,0,0,0,0,0,0,0,-263000,0,0,0,565000,828000,-263000,-263000
065858,台表科元大03購01,0,0,0,0,0,0,0,0,0,-263000,0,0,0,112000,375000,-263000,-263000
056703,群創國泰9A購01  ,0,0,0,0,0,0,0,0,0,-263000,0,0,0,10000,273000,-263000,-263000
056034,華通凱基98購01  ,0,0,0,0,0,0,0,0,0,-263000,0,0,0,440000,703000,-263000,-263000
057229,友達凱基9B購02  ,0,0,0,0,0,0,0,0,0,-263000,0,0,0,0,263000,-263000,-263000
062219,燿華統一9B購01  ,0,0,0,0,0,0,0,0,0,-263000,0,0,0,180000,443000,-263000,-263000
063804,華邦電兆豐01購01,0,0,0,0,0,0,0,0,0,-263000,0,0,0,0,263000,-263000,-263000
056943,華通統一99購01  ,0,0,0,0,0,0,0,0,0,-264000,0,0,0,273000,537000,-264000,-264000
058536,群創統一9B購01  ,0,0,0,0,0,0,0,0,0,-264000,0,0,0,136000,400000,-264000,-264000
063369,聚陽永豐9B購01  ,0,0,0,0,0,0,0,0,0,-264000,0,0,0,288000,552000,-264000,-264000
064084,群創中信06購02  ,0,0,0,0,0,0,0,0,0,-264000,0,0,0,86000,350000,-264000,-264000
062263,康控元大9B購03  ,0,0,0,0,0,0,0,0,0,-264000,0,0,0,8000,272000,-264000,-264000
08261P,玉晶光元大9C售08,0,0,0,0,0,0,0,0,0,-264000,0,0,0,6000,270000,-264000,-264000
08394P,大立光群益9C售05,0,0,0,0,0,0,0,0,0,-264000,0,0,0,0,264000,-264000,-264000
065305,泰鼎元富9C購01  ,0,0,0,0,0,0,0,0,0,-265000,0,0,0,51000,316000,-265000,-265000
060790,日月光富邦9A購01,0,0,0,0,0,0,0,0,0,-265000,0,0,0,167000,432000,-265000,-265000
062395,台表科富邦9C購01,0,0,0,0,0,0,0,0,0,-265000,0,0,0,2000,267000,-265000,-265000
062351,瑞祺群益9C購01  ,0,0,0,0,0,0,0,0,0,-265000,0,0,0,110000,375000,-265000,-265000
064235,美律統一9C購02  ,0,0,0,0,0,0,0,0,0,-265000,0,0,0,107000,372000,-265000,-265000
063761,嘉澤統一02購01  ,0,0,0,0,0,0,0,0,0,-265000,0,0,0,0,265000,-265000,-265000
055331,國巨兆豐99購01  ,0,0,0,0,0,0,0,0,0,-266000,0,0,0,43000,309000,-266000,-266000
08352P,大立光群益01售02,0,0,0,0,0,0,0,0,0,-266000,0,0,0,0,266000,-266000,-266000
060283,台肥元大9C購01  ,0,0,0,0,0,0,0,0,0,-267000,0,0,0,73000,340000,-267000,-267000
065867,鴻海群益9C購08  ,0,0,0,0,0,0,0,0,0,-268000,0,0,0,28000,296000,-268000,-268000
07035P,大立光元富99售04,0,0,0,0,0,0,0,0,0,-268000,0,0,0,65000,333000,-268000,-268000
061749,群創統一9C購02  ,0,0,0,0,0,0,0,0,0,-268000,0,0,0,26000,294000,-268000,-268000
058772,茂林兆豐9A購01  ,0,0,0,0,0,0,0,0,0,-268000,0,0,0,51000,319000,-268000,-268000
063984,華邦電國泰02購01,0,0,0,0,0,0,0,0,0,-268000,0,0,0,85000,353000,-268000,-268000
066279,拓凱元大01購01  ,0,0,0,0,0,0,0,0,0,-269000,0,0,0,0,269000,-269000,-269000
061572,奇力新元大9A購04,0,0,0,0,0,0,0,0,0,-269000,0,0,0,0,269000,-269000,-269000
064033,茂林元大9C購02  ,0,0,0,0,0,0,0,0,0,-269000,0,0,0,8000,277000,-269000,-269000
2636,台驊投控        ,828000,1097000,-269000,0,0,0,0,0,0,0,0,0,0,0,0,0,-269000
1731,美吾華          ,348000,618000,-270000,0,0,0,0,0,0,1000,1000,0,1000,0,0,0,-269000
066345,正文永豐01購01  ,0,0,0,0,0,0,0,0,0,-270000,0,0,0,0,270000,-270000,-270000
057485,友達元大9C購04  ,0,0,0,0,0,0,0,0,0,-270000,0,0,0,145000,415000,-270000,-270000
056483,TPK元大98購01   ,0,0,0,0,0,0,0,0,0,-270000,0,0,0,0,270000,-270000,-270000
061477,晶豪科元大9A購01,0,0,0,0,0,0,0,0,0,-270000,0,0,0,21000,291000,-270000,-270000
062268,力山群益9B購01  ,0,0,0,0,0,0,0,0,0,-270000,0,0,0,34000,304000,-270000,-270000
062915,嘉澤元大9B購03  ,0,0,0,0,0,0,0,0,0,-271000,0,0,0,194000,465000,-271000,-271000
063568,高鐵元大9B購01  ,0,0,0,0,0,0,0,0,0,-271000,0,0,0,30000,301000,-271000,-271000
065039,國巨凱基02購02  ,0,0,0,0,0,0,0,0,0,-272000,0,0,0,2000,274000,-272000,-272000
061549,泰碩群益9A購01  ,0,0,0,0,0,0,0,0,0,-272000,0,0,0,70000,342000,-272000,-272000
059278,群創元大9A購04  ,0,0,0,0,0,0,0,0,0,-272000,0,0,0,219000,491000,-272000,-272000
062722,京元電凱基9B購02,0,0,0,0,0,0,0,0,0,-272000,0,0,0,140000,412000,-272000,-272000
062533,嘉澤統一9C購01  ,0,0,0,0,0,0,0,0,0,-272000,0,0,0,279000,551000,-272000,-272000
064730,超眾統一02購02  ,0,0,0,0,0,0,0,0,0,-273000,0,0,0,123000,396000,-273000,-273000
058554,瀚宇博永豐99購01,0,0,0,0,0,0,0,0,0,-273000,0,0,0,68000,341000,-273000,-273000
08454P,台灣50凱基9C售12,0,0,0,0,0,0,0,0,0,-273000,0,0,0,199000,472000,-273000,-273000
066044,京元電元大01購01,0,0,0,0,0,0,0,0,0,-274000,0,0,0,218000,492000,-274000,-274000
07834P,聯詠群益9A售03  ,0,0,0,0,0,0,0,0,0,-274000,0,0,0,10000,284000,-274000,-274000
060692,鴻海麥證9A購01  ,0,0,0,13000,287000,-274000,0,0,0,-274000,0,0,0,26000,300000,-274000,-274000
064993,嘉澤兆豐9C購01  ,0,0,0,0,0,0,0,0,0,-275000,0,0,0,241000,516000,-275000,-275000
062697,國巨元大9C購01  ,0,0,0,0,0,0,0,0,0,-275000,0,0,0,41000,316000,-275000,-275000
057041,國巨元大99購04  ,0,0,0,0,0,0,0,0,0,-276000,0,0,0,27000,303000,-276000,-276000
061583,矽創元大9A購01  ,0,0,0,0,0,0,0,0,0,-276000,0,0,0,248000,524000,-276000,-276000
063356,台表科元富02購01,0,0,0,0,0,0,0,0,0,-276000,0,0,0,192000,468000,-276000,-276000
059712,滬深2X元大9C購03,0,0,0,0,0,0,0,0,0,-277000,0,0,0,0,277000,-277000,-277000
064529,友達中信01購03  ,0,0,0,0,0,0,0,0,0,-278000,0,0,0,48000,326000,-278000,-278000
046383,群創凱基98購01  ,0,0,0,0,0,0,0,0,0,-278000,0,0,0,78000,356000,-278000,-278000
061768,晶技元大9B購02  ,0,0,0,0,0,0,0,0,0,-278000,0,0,0,57000,335000,-278000,-278000
057282,大立光元大99購06,0,0,0,0,0,0,0,0,0,-279000,0,0,0,418000,697000,-279000,-279000
062353,亞德客元大9B購01,0,0,0,0,0,0,0,0,0,-279000,0,0,0,0,279000,-279000,-279000
058181,華新科國泰9B購01,0,0,0,0,0,0,0,0,0,-280000,0,0,0,0,280000,-280000,-280000
1560,中砂            ,109000,344000,-235000,0,0,0,0,0,0,-45000,60000,105000,-45000,0,0,0,-280000
066204,京鼎統一02購01  ,0,0,0,0,0,0,0,0,0,-281000,0,0,0,0,281000,-281000,-281000
057730,聯鈞國泰9A購01  ,0,0,0,0,0,0,0,0,0,-281000,0,0,0,193000,474000,-281000,-281000
059902,滬深2X元大9C購08,0,0,0,0,0,0,0,0,0,-281000,0,0,0,0,281000,-281000,-281000
064206,鴻海凱基03購02  ,0,0,0,0,0,0,0,0,0,-281000,0,0,0,26000,307000,-281000,-281000
065173,可成元大9C購10  ,0,0,0,0,0,0,0,0,0,-282000,0,0,0,7000,289000,-282000,-282000
057552,禾伸堂凱基98購05,0,0,0,0,0,0,0,0,0,-283000,0,0,0,116000,399000,-283000,-283000
060801,滬深2X中信01購01,0,0,0,0,0,0,0,0,0,-283000,0,0,0,0,283000,-283000,-283000
058637,晶技兆豐99購01  ,0,0,0,0,0,0,0,0,0,-283000,0,0,0,98000,381000,-283000,-283000
07830P,牧德凱基9A售03  ,0,0,0,0,0,0,0,0,0,-284000,0,0,0,51000,335000,-284000,-284000
061645,超眾元大9A購06  ,0,0,0,0,0,0,0,0,0,-284000,0,0,0,135000,419000,-284000,-284000
065722,緯創兆豐9C購02  ,0,0,0,0,0,0,0,0,0,-286000,0,0,0,423000,709000,-286000,-286000
059954,華新科康和99購01,0,0,0,0,0,0,0,0,0,-286000,0,0,0,0,286000,-286000,-286000
057923,晶豪科凱基98購02,0,0,0,0,0,0,0,0,0,-286000,0,0,0,149000,435000,-286000,-286000
062633,亞光國票9B購01  ,0,0,0,0,0,0,0,0,0,-286000,0,0,0,72000,358000,-286000,-286000
065582,景碩國泰01購01  ,0,0,0,0,0,0,0,0,0,-287000,0,0,0,46000,333000,-287000,-287000
065572,泰碩群益01購01  ,0,0,0,0,0,0,0,0,0,-287000,0,0,0,45000,332000,-287000,-287000
060671,亞德客元大9A購03,0,0,0,0,0,0,0,0,0,-287000,0,0,0,40000,327000,-287000,-287000
056574,亞光元大99購03  ,0,0,0,0,0,0,0,0,0,-287000,0,0,0,0,287000,-287000,-287000
060188,華新科元富9A購03,0,0,0,0,0,0,0,0,0,-287000,0,0,0,11000,298000,-287000,-287000
062338,鴻海麥證9B購01  ,0,0,0,13000,300000,-287000,0,0,0,-287000,0,0,0,26000,313000,-287000,-287000
063534,鴻海統一9B購07  ,0,0,0,0,0,0,0,0,0,-287000,0,0,0,36000,323000,-287000,-287000
07021P,台積電富邦9C售02,0,0,0,0,0,0,0,0,0,-288000,0,0,0,81000,369000,-288000,-288000
064457,禾伸堂統一01購02,0,0,0,0,0,0,0,0,0,-288000,0,0,0,0,288000,-288000,-288000
062883,智易兆豐9C購01  ,0,0,0,0,0,0,0,0,0,-288000,0,0,0,124000,412000,-288000,-288000
065825,鴻海凱基02購02  ,0,0,0,0,0,0,0,0,0,-290000,0,0,0,95000,385000,-290000,-290000
064821,聯電統一02購01  ,0,0,0,0,0,0,0,0,0,-290000,0,0,0,149000,439000,-290000,-290000
064935,寶成統一02購02  ,0,0,0,0,0,0,0,0,0,-290000,0,0,0,0,290000,-290000,-290000
055721,聯詠元大97購04  ,0,0,0,0,0,0,0,0,0,-290000,0,0,0,6000,296000,-290000,-290000
08656P,大立光群益9C售07,0,0,0,0,0,0,0,0,0,-290000,0,0,0,0,290000,-290000,-290000
056550,瑞儀凱基99購01  ,0,0,0,0,0,0,0,0,0,-291000,0,0,0,0,291000,-291000,-291000
060923,全新永豐9A購01  ,0,0,0,0,0,0,0,0,0,-291000,0,0,0,10000,301000,-291000,-291000
056448,全新凱基99購01  ,0,0,0,0,0,0,0,0,0,-292000,0,0,0,46000,338000,-292000,-292000
061084,京元電兆豐9A購02,0,0,0,0,0,0,0,0,0,-292000,0,0,0,289000,581000,-292000,-292000
058431,國巨統一9B購01  ,0,0,0,0,0,0,0,0,0,-292000,0,0,0,331000,623000,-292000,-292000
064036,矽創元大9C購01  ,0,0,0,0,0,0,0,0,0,-292000,0,0,0,146000,438000,-292000,-292000
064431,台積電凱基01購05,0,0,0,0,0,0,0,0,0,-293000,0,0,0,172000,465000,-293000,-293000
058514,潤泰全元大99購01,0,0,0,0,0,0,0,0,0,-295000,0,0,0,10000,305000,-295000,-295000
063470,泰鼎元大9B購03  ,0,0,0,0,0,0,0,0,0,-295000,0,0,0,498000,793000,-295000,-295000
063244,華新科元大9B購11,0,0,0,0,0,0,0,0,0,-295000,0,0,0,6000,301000,-295000,-295000
08149P,祥碩群益9B售07  ,0,0,0,0,0,0,0,0,0,-295000,0,0,0,28000,323000,-295000,-295000
057182,禾伸堂元大99購02,0,0,0,0,0,0,0,0,0,-296000,0,0,0,0,296000,-296000,-296000
062606,聯電凱基9C購02  ,0,0,0,0,0,0,0,0,0,-296000,0,0,0,85000,381000,-296000,-296000
062018,台勝科永豐9B購01,0,0,0,0,0,0,0,0,0,-296000,0,0,0,0,296000,-296000,-296000
1582,信錦            ,58000,330000,-272000,0,0,0,0,0,0,-24000,4000,0,4000,0,28000,-28000,-296000
062493,元金反中信9B購01,0,0,0,0,0,0,0,0,0,-297000,0,0,0,0,297000,-297000,-297000
064205,台灣50凱基01購14,0,0,0,0,0,0,0,0,0,-297000,0,0,0,0,297000,-297000,-297000
08316P,祥碩元大9C售04  ,0,0,0,0,0,0,0,0,0,-297000,0,0,0,62000,359000,-297000,-297000
07361P,聯發科元大99售34,0,0,0,0,0,0,0,0,0,-298000,0,0,0,0,298000,-298000,-298000
057776,京元電群益98購02,0,0,0,0,0,0,0,0,0,-298000,0,0,0,107000,405000,-298000,-298000
061036,晶技永豐9A購03  ,0,0,0,0,0,0,0,0,0,-298000,0,0,0,2000,300000,-298000,-298000
059397,T50反1元富99購05,0,0,0,0,0,0,0,0,0,-298000,0,0,0,2000,300000,-298000,-298000
066021,華通群益02購03  ,0,0,0,0,0,0,0,0,0,-300000,0,0,0,0,300000,-300000,-300000
053232,友達永豐97購02  ,0,0,0,0,0,0,0,0,0,-300000,0,0,0,0,300000,-300000,-300000
057299,立積永豐98購02  ,0,0,0,0,0,0,0,0,0,-300000,0,0,0,74000,374000,-300000,-300000
059187,國巨富邦9B購02  ,0,0,0,0,0,0,0,0,0,-300000,0,0,0,1000,301000,-300000,-300000
058424,滬深2X元富99購04,0,0,0,0,0,0,0,0,0,-300000,0,0,0,10000,310000,-300000,-300000
058828,大毅永豐99購01  ,0,0,0,0,0,0,0,0,0,-300000,0,0,0,2000,302000,-300000,-300000
058806,道瓊銀統一9B購01,0,0,0,0,0,0,0,0,0,-300000,0,0,0,0,300000,-300000,-300000
064369,彩晶統一01購01  ,0,0,0,0,0,0,0,0,0,-300000,0,0,0,221000,521000,-300000,-300000
08152P,祥碩統一9B售02  ,0,0,0,0,0,0,0,0,0,-300000,0,0,0,246000,546000,-300000,-300000
065650,旭富元大9C購07  ,0,0,0,0,0,0,0,0,0,-301000,0,0,0,50000,351000,-301000,-301000
057662,上銀元大9A購01  ,0,0,0,0,0,0,0,0,0,-301000,0,0,0,0,301000,-301000,-301000
066276,敦泰元大01購01  ,0,0,0,0,0,0,0,0,0,-302000,0,0,0,0,302000,-302000,-302000
063473,茂林元大9B購05  ,0,0,0,0,0,0,0,0,0,-302000,0,0,0,0,302000,-302000,-302000
062195,聚陽中信9C購01  ,0,0,0,0,0,0,0,0,0,-302000,0,0,0,192000,494000,-302000,-302000
062597,世紀鋼統一01購01,0,0,0,0,0,0,0,0,0,-302000,0,0,0,0,302000,-302000,-302000
062754,台勝科麥證9B購01,0,0,0,0,302000,-302000,0,0,0,-302000,0,0,0,0,302000,-302000,-302000
062975,京鼎元富9B購01  ,0,0,0,0,0,0,0,0,0,-302000,0,0,0,232000,534000,-302000,-302000
065827,正崴凱基9C購01  ,0,0,0,0,0,0,0,0,0,-303000,0,0,0,0,303000,-303000,-303000
062528,全新統一9C購01  ,0,0,0,0,0,0,0,0,0,-303000,0,0,0,57000,360000,-303000,-303000
064896,華新科群益01購02,0,0,0,0,0,0,0,0,0,-304000,0,0,0,0,304000,-304000,-304000
056578,智易元大99購02  ,0,0,0,0,0,0,0,0,0,-304000,0,0,0,50000,354000,-304000,-304000
058161,T50反1日盛03購01,0,0,0,0,0,0,0,0,0,-304000,0,0,0,0,304000,-304000,-304000
061925,禾伸堂凱基9C購01,0,0,0,0,0,0,0,0,0,-304000,0,0,0,15000,319000,-304000,-304000
064293,勤誠元大9C購01  ,0,0,0,0,0,0,0,0,0,-304000,0,0,0,105000,409000,-304000,-304000
08243P,祥碩凱基9C售02  ,0,0,0,0,0,0,0,0,0,-304000,0,0,0,30000,334000,-304000,-304000
07294P,滬深2X元富9C售08,0,0,0,0,0,0,0,0,0,-305000,0,0,0,10000,315000,-305000,-305000
3712,永崴投控        ,3000,278000,-275000,0,0,0,0,0,0,-30000,0,0,0,48000,78000,-30000,-305000
063062,群創元富9B購01  ,0,0,0,0,0,0,0,0,0,-306000,0,0,0,168000,474000,-306000,-306000
8105,凌巨            ,656000,984000,-328000,0,0,0,0,0,0,22000,22000,0,22000,0,0,0,-306000
065850,緯創元大9C購06  ,0,0,0,0,0,0,0,0,0,-307000,0,0,0,250000,557000,-307000,-307000
065134,中石化凱基01購01,0,0,0,0,0,0,0,0,0,-308000,0,0,0,50000,358000,-308000,-308000
063145,台表科統一02購01,0,0,0,0,0,0,0,0,0,-308000,0,0,0,151000,459000,-308000,-308000
065449,中租統一9C購01  ,0,0,0,0,0,0,0,0,0,-309000,0,0,0,1000,310000,-309000,-309000
061882,矽創元大9B購01  ,0,0,0,0,0,0,0,0,0,-309000,0,0,0,95000,404000,-309000,-309000
053584,友達元大9B購02  ,0,0,0,0,0,0,0,0,0,-310000,0,0,0,19000,329000,-310000,-310000
05878P,創意群益98售01  ,0,0,0,0,0,0,0,0,0,-310000,0,0,0,40000,350000,-310000,-310000
062835,瑞儀群益9B購01  ,0,0,0,0,0,0,0,0,0,-310000,0,0,0,2000,312000,-310000,-310000
064765,緯穎凱基9C購02  ,0,0,0,0,0,0,0,0,0,-311000,0,0,0,31000,342000,-311000,-311000
057196,茂林台新98購01  ,0,0,0,0,0,0,0,0,0,-311000,0,0,0,12000,323000,-311000,-311000
062089,矽創元大9B購02  ,0,0,0,0,0,0,0,0,0,-311000,0,0,0,289000,600000,-311000,-311000
062279,晶豪科群益9B購01,0,0,0,0,0,0,0,0,0,-311000,0,0,0,2000,313000,-311000,-311000
064236,奇力新統一01購04,0,0,0,0,0,0,0,0,0,-311000,0,0,0,0,311000,-311000,-311000
064562,友達群益9C購03  ,0,0,0,0,0,0,0,0,0,-312000,0,0,0,0,312000,-312000,-312000
061515,泰碩永豐9A購03  ,0,0,0,0,0,0,0,0,0,-312000,0,0,0,20000,332000,-312000,-312000
063355,超眾元富9B購01  ,0,0,0,0,0,0,0,0,0,-312000,0,0,0,130000,442000,-312000,-312000
064836,群創統一9C購04  ,0,0,0,0,0,0,0,0,0,-313000,0,0,0,0,313000,-313000,-313000
065831,緯創凱基9C購03  ,0,0,0,0,0,0,0,0,0,-313000,0,0,0,4000,317000,-313000,-313000
065755,日電貿元大9C購02,0,0,0,0,0,0,0,0,0,-313000,0,0,0,60000,373000,-313000,-313000
058896,中環元大99購03  ,0,0,0,0,0,0,0,0,0,-313000,0,0,0,101000,414000,-313000,-313000
063466,美食元大9B購02  ,0,0,0,0,0,0,0,0,0,-313000,0,0,0,0,313000,-313000,-313000
064230,上銀統一01購04  ,0,0,0,0,0,0,0,0,0,-313000,0,0,0,110000,423000,-313000,-313000
064137,台泥統一02購01  ,0,0,0,0,0,0,0,0,0,-314000,0,0,0,188000,502000,-314000,-314000
064006,晶技凱基9C購02  ,0,0,0,0,0,0,0,0,0,-314000,0,0,0,4000,318000,-314000,-314000
066323,精元永豐01購01  ,0,0,0,0,0,0,0,0,0,-315000,0,0,0,0,315000,-315000,-315000
06138P,台積電中信99售01,0,0,0,0,0,0,0,0,0,-315000,0,0,0,30000,345000,-315000,-315000
063290,GIS元大9B購02   ,0,0,0,0,0,0,0,0,0,-315000,0,0,0,215000,530000,-315000,-315000
062297,億豐永豐9B購01  ,0,0,0,0,0,0,0,0,0,-315000,0,0,0,45000,360000,-315000,-315000
08096P,大立光元富9B售04,0,0,0,0,0,0,0,0,0,-315000,0,0,0,63000,378000,-315000,-315000
066009,創意統一02購02  ,0,0,0,0,0,0,0,0,0,-316000,0,0,0,0,316000,-316000,-316000
060123,光罩永豐99購02  ,0,0,0,0,0,0,0,0,0,-317000,0,0,0,180000,497000,-317000,-317000
065782,健策富邦01購02  ,0,0,0,0,0,0,0,0,0,-318000,0,0,0,1071000,1389000,-318000,-318000
064337,大毅元大01購02  ,0,0,0,0,0,0,0,0,0,-318000,0,0,0,96000,414000,-318000,-318000
056810,群創統一9A購01  ,0,0,0,0,0,0,0,0,0,-319000,0,0,0,30000,349000,-319000,-319000
057684,聯茂日盛99購01  ,0,0,0,0,0,0,0,0,0,-319000,0,0,0,1000,320000,-319000,-319000
064736,超眾元富9C購04  ,0,0,0,0,0,0,0,0,0,-320000,0,0,0,14000,334000,-320000,-320000
061015,旺宏麥證9A購03  ,0,0,0,0,320000,-320000,0,0,0,-320000,0,0,0,0,320000,-320000,-320000
058308,全新元大9B購01  ,0,0,0,0,0,0,0,0,0,-321000,0,0,0,100000,421000,-321000,-321000
058106,神達統一98購02  ,0,0,0,0,0,0,0,0,0,-321000,0,0,0,10000,331000,-321000,-321000
062916,智易元大9B購01  ,0,0,0,0,0,0,0,0,0,-321000,0,0,0,9000,330000,-321000,-321000
059938,凱美永豐99購01  ,0,0,0,0,0,0,0,0,0,-323000,0,0,0,0,323000,-323000,-323000
063474,康控元大9B購04  ,0,0,0,0,0,0,0,0,0,-323000,0,0,0,170000,493000,-323000,-323000
060072,國巨元富99購04  ,0,0,0,0,0,0,0,0,0,-324000,0,0,0,28000,352000,-324000,-324000
060214,茂林康和9A購01  ,0,0,0,0,0,0,0,0,0,-324000,0,0,0,0,324000,-324000,-324000
062702,可成元大9C購01  ,0,0,0,0,0,0,0,0,0,-324000,0,0,0,0,324000,-324000,-324000
062561,瀚宇博凱基9B購01,0,0,0,0,0,0,0,0,0,-324000,0,0,0,267000,591000,-324000,-324000
057793,群創統一99購02  ,0,0,0,0,0,0,0,0,0,-325000,0,0,0,0,325000,-325000,-325000
063613,全新群益9C購01  ,0,0,0,0,0,0,0,0,0,-326000,0,0,0,158000,484000,-326000,-326000
08662P,台積電國泰03售01,0,0,0,0,0,0,0,0,0,-327000,0,0,0,410000,737000,-327000,-327000
064516,華通群益02購01  ,0,0,0,0,0,0,0,0,0,-328000,0,0,0,0,328000,-328000,-328000
065758,嘉澤元大9C購03  ,0,0,0,0,0,0,0,0,0,-328000,0,0,0,110000,438000,-328000,-328000
056775,康控元大99購01  ,0,0,0,0,0,0,0,0,0,-328000,0,0,0,48000,376000,-328000,-328000
061680,崇越元大9A購01  ,0,0,0,0,0,0,0,0,0,-328000,0,0,0,175000,503000,-328000,-328000
2457,飛宏            ,148000,496000,-348000,0,0,0,0,0,0,20000,20000,0,20000,0,0,0,-328000
065234,旭富凱基01購01  ,0,0,0,0,0,0,0,0,0,-329000,0,0,0,19000,348000,-329000,-329000
063887,香港2X中信02購01,0,0,0,0,0,0,0,0,0,-329000,0,0,0,23000,352000,-329000,-329000
065683,嘉聯益統一03購01,0,0,0,0,0,0,0,0,0,-330000,0,0,0,0,330000,-330000,-330000
057516,和鑫元富98購01  ,0,0,0,0,0,0,0,0,0,-330000,0,0,0,0,330000,-330000,-330000
057972,群創富邦9C購01  ,0,0,0,0,0,0,0,0,0,-330000,0,0,0,59000,389000,-330000,-330000
063124,奇力新元大9B購05,0,0,0,0,0,0,0,0,0,-330000,0,0,0,20000,350000,-330000,-330000
065258,華邦電元大01購01,0,0,0,0,0,0,0,0,0,-332000,0,0,0,20000,352000,-332000,-332000
060286,佳世達元大9C購01,0,0,0,0,0,0,0,0,0,-332000,0,0,0,51000,383000,-332000,-332000
063667,全新統一01購02  ,0,0,0,0,0,0,0,0,0,-332000,0,0,0,93000,425000,-332000,-332000
063545,華通兆豐9B購03  ,0,0,0,0,0,0,0,0,0,-332000,0,0,0,53000,385000,-332000,-332000
056850,彩晶元富99購01  ,0,0,0,0,0,0,0,0,0,-333000,0,0,0,0,333000,-333000,-333000
062343,中石化群益9B購01,0,0,0,0,0,0,0,0,0,-333000,0,0,0,100000,433000,-333000,-333000
3535,晶彩科          ,214000,548000,-334000,0,0,0,0,0,0,1000,1000,0,1000,0,0,0,-333000
065714,矽創群益9C購02  ,0,0,0,0,0,0,0,0,0,-335000,0,0,0,50000,385000,-335000,-335000
057428,正崴兆豐98購01  ,0,0,0,0,0,0,0,0,0,-335000,0,0,0,88000,423000,-335000,-335000
062252,華邦電元大9C購01,0,0,0,0,0,0,0,0,0,-335000,0,0,0,10000,345000,-335000,-335000
063360,茂林國泰9C購02  ,0,0,0,0,0,0,0,0,0,-335000,0,0,0,264000,599000,-335000,-335000
061660,禾伸堂永豐9A購01,0,0,0,0,0,0,0,0,0,-336000,0,0,0,0,336000,-336000,-336000
061769,晶技元大9B購03  ,0,0,0,0,0,0,0,0,0,-336000,0,0,0,385000,721000,-336000,-336000
059093,旭富元大99購01  ,0,0,0,0,0,0,0,0,0,-336000,0,0,0,159000,495000,-336000,-336000
066060,超眾元大01購03  ,0,0,0,0,0,0,0,0,0,-337000,0,0,0,13000,350000,-337000,-337000
060187,華新科元富9A購02,0,0,0,0,0,0,0,0,0,-337000,0,0,0,83000,420000,-337000,-337000
060156,光磊永豐9A購01  ,0,0,0,0,0,0,0,0,0,-337000,0,0,0,0,337000,-337000,-337000
065845,友達元大9C購12  ,0,0,0,0,0,0,0,0,0,-338000,0,0,0,62000,400000,-338000,-338000
065256,上銀元大9C購10  ,0,0,0,0,0,0,0,0,0,-338000,0,0,0,20000,358000,-338000,-338000
064557,鴻海群益9C購04  ,0,0,0,0,0,0,0,0,0,-338000,0,0,0,134000,472000,-338000,-338000
061476,大毅元大9A購02  ,0,0,0,0,0,0,0,0,0,-339000,0,0,0,29000,368000,-339000,-339000
065483,聯茂元大9C購06  ,0,0,0,0,0,0,0,0,0,-340000,0,0,0,17000,357000,-340000,-340000
060720,嘉聯益永豐9A購02,0,0,0,0,0,0,0,0,0,-340000,0,0,0,0,340000,-340000,-340000
054509,上証反元大99購01,0,0,0,0,0,0,0,0,0,-340000,0,0,0,0,340000,-340000,-340000
059760,楠梓電永豐99購01,0,0,0,0,0,0,0,0,0,-340000,0,0,0,165000,505000,-340000,-340000
063197,遠東新統一9C購01,0,0,0,0,0,0,0,0,0,-341000,0,0,0,2000,343000,-341000,-341000
064626,聯茂元大9C購01  ,0,0,0,0,0,0,0,0,0,-342000,0,0,0,333000,675000,-342000,-342000
066042,正崴元大02購01  ,0,0,0,0,0,0,0,0,0,-342000,0,0,0,0,342000,-342000,-342000
065055,臺股指凱基02購04,0,0,0,0,0,0,0,0,0,-343000,0,0,0,189000,532000,-343000,-343000
065684,超眾統一03購01  ,0,0,0,0,0,0,0,0,0,-343000,0,0,0,15000,358000,-343000,-343000
057577,廣宇中信9A購01  ,0,0,0,0,0,0,0,0,0,-343000,0,0,0,0,343000,-343000,-343000
058197,國巨中信99購02  ,0,0,0,0,0,0,0,0,0,-343000,0,0,0,60000,403000,-343000,-343000
060239,國揚元大9C購01  ,0,0,0,0,0,0,0,0,0,-343000,0,0,0,18000,361000,-343000,-343000
063542,泰鼎元富9B購02  ,0,0,0,0,0,0,0,0,0,-343000,0,0,0,46000,389000,-343000,-343000
065608,緯創元大9C購04  ,0,0,0,0,0,0,0,0,0,-344000,0,0,0,60000,404000,-344000,-344000
064579,大立光富邦03購02,0,0,0,0,0,0,0,0,0,-344000,0,0,0,120000,464000,-344000,-344000
2425,承啟            ,306000,651000,-345000,0,0,0,0,0,0,1000,1000,0,1000,0,0,0,-344000
062057,華邦電統一01購01,0,0,0,0,0,0,0,0,0,-345000,0,0,0,65000,410000,-345000,-345000
056571,燿華元大98購02  ,0,0,0,0,0,0,0,0,0,-346000,0,0,0,29000,375000,-346000,-346000
065074,亞德客元大9C購03,0,0,0,0,0,0,0,0,0,-347000,0,0,0,10000,357000,-347000,-347000
057397,茂林中信9A購01  ,0,0,0,0,0,0,0,0,0,-347000,0,0,0,0,347000,-347000,-347000
060028,國揚永豐99購01  ,0,0,0,0,0,0,0,0,0,-348000,0,0,0,60000,408000,-348000,-348000
061451,南電中信9A購03  ,0,0,0,0,0,0,0,0,0,-349000,0,0,0,297000,646000,-349000,-349000
056841,友達元富98購03  ,0,0,0,0,0,0,0,0,0,-350000,0,0,0,30000,380000,-350000,-350000
08185P,華新科永豐9B售01,0,0,0,0,0,0,0,0,0,-351000,0,0,0,0,351000,-351000,-351000
056659,泰碩元大99購01  ,0,0,0,0,0,0,0,0,0,-352000,0,0,0,59000,411000,-352000,-352000
060364,奇力新元富9A購01,0,0,0,0,0,0,0,0,0,-352000,0,0,0,20000,372000,-352000,-352000
061085,聯茂兆豐9A購01  ,0,0,0,0,0,0,0,0,0,-352000,0,0,0,362000,714000,-352000,-352000
058468,聯茂中信99購02  ,0,0,0,0,0,0,0,0,0,-352000,0,0,0,0,352000,-352000,-352000
6112,聚碩            ,151000,504000,-353000,0,0,0,0,0,0,1000,1000,0,1000,0,0,0,-352000
065992,立積永豐01購01  ,0,0,0,0,0,0,0,0,0,-353000,0,0,0,33000,386000,-353000,-353000
060130,瀚宇博永豐99購02,0,0,0,0,0,0,0,0,0,-353000,0,0,0,144000,497000,-353000,-353000
065977,旭富元大02購01  ,0,0,0,0,0,0,0,0,0,-354000,0,0,0,54000,408000,-354000,-354000
065610,牧德元大02購01  ,0,0,0,0,0,0,0,0,0,-354000,0,0,0,400000,754000,-354000,-354000
064163,康控統一01購01  ,0,0,0,0,0,0,0,0,0,-354000,0,0,0,62000,416000,-354000,-354000
3669,圓展            ,285000,734000,-449000,0,0,0,0,0,0,95000,96000,1000,95000,0,0,0,-354000
055377,揚明光元大98購01,0,0,0,0,0,0,0,0,0,-355000,0,0,0,0,355000,-355000,-355000
063532,GIS凱基9B購03   ,0,0,0,0,0,0,0,0,0,-356000,0,0,0,244000,600000,-356000,-356000
060228,亞德客元大9A購01,0,0,0,0,0,0,0,0,0,-358000,0,0,0,46000,404000,-358000,-358000
063846,智邦元大9C購01  ,0,0,0,0,0,0,0,0,0,-358000,0,0,0,433000,791000,-358000,-358000
064766,矽創凱基9C購01  ,0,0,0,0,0,0,0,0,0,-359000,0,0,0,10000,369000,-359000,-359000
053799,矽創中信9A購01  ,0,0,0,0,0,0,0,0,0,-359000,0,0,0,313000,672000,-359000,-359000
056767,大毅元大99購01  ,0,0,0,0,0,0,0,0,0,-359000,0,0,0,338000,697000,-359000,-359000
058146,勤誠元大99購01  ,0,0,0,0,0,0,0,0,0,-359000,0,0,0,0,359000,-359000,-359000
060284,南港元大01購01  ,0,0,0,0,0,0,0,0,0,-360000,0,0,0,455000,815000,-360000,-360000
065447,緯創統一02購02  ,0,0,0,0,0,0,0,0,0,-361000,0,0,0,40000,401000,-361000,-361000
065465,麗豐中信9C購01  ,0,0,0,0,0,0,0,0,0,-362000,0,0,0,5000,367000,-362000,-362000
08095P,大立光元富9B售03,0,0,0,0,0,0,0,0,0,-362000,0,0,0,57000,419000,-362000,-362000
065464,健鼎中信9C購01  ,0,0,0,0,0,0,0,0,0,-364000,0,0,0,64000,428000,-364000,-364000
07889P,旭富國票9B售01  ,0,0,0,0,0,0,0,0,0,-365000,0,0,0,200000,565000,-365000,-365000
064618,南亞科元大9C購04,0,0,0,0,0,0,0,0,0,-366000,0,0,0,30000,396000,-366000,-366000
058324,嘉聯益永豐9A購01,0,0,0,0,0,0,0,0,0,-366000,0,0,0,0,366000,-366000,-366000
063902,志超群益9C購01  ,0,0,0,0,0,0,0,0,0,-367000,0,0,0,8000,375000,-367000,-367000
062360,華邦電元大9B購01,0,0,0,0,0,0,0,0,0,-369000,0,0,0,110000,479000,-369000,-369000
066205,京鼎統一03購01  ,0,0,0,0,0,0,0,0,0,-370000,0,0,0,0,370000,-370000,-370000
056521,群創日盛98購01  ,0,0,0,0,0,0,0,0,0,-370000,0,0,0,0,370000,-370000,-370000
08655P,大立光群益02售02,0,0,0,0,0,0,0,0,0,-370000,0,0,0,0,370000,-370000,-370000
064624,群創元大02購01  ,0,0,0,0,0,0,0,0,0,-372000,0,0,0,225000,597000,-372000,-372000
065657,智邦富邦9C購01  ,0,0,0,0,0,0,0,0,0,-374000,0,0,0,1000,375000,-374000,-374000
061873,友達元大9C購07  ,0,0,0,0,0,0,0,0,0,-374000,0,0,0,26000,400000,-374000,-374000
064030,泰碩元大01購01  ,0,0,0,0,0,0,0,0,0,-374000,0,0,0,119000,493000,-374000,-374000
057016,中石化凱基9B購01,0,0,0,0,0,0,0,0,0,-375000,0,0,0,205000,580000,-375000,-375000
066237,京鼎富邦04購01  ,0,0,0,0,0,0,0,0,0,-376000,0,0,0,0,376000,-376000,-376000
057181,亞光元大98購02  ,0,0,0,0,0,0,0,0,0,-376000,0,0,0,0,376000,-376000,-376000
061661,京鼎永豐9A購02  ,0,0,0,0,0,0,0,0,0,-376000,0,0,0,2000,378000,-376000,-376000
064386,友達富邦01購01  ,0,0,0,0,0,0,0,0,0,-377000,0,0,0,70000,447000,-377000,-377000
065306,泰鼎元富9C購02  ,0,0,0,0,0,0,0,0,0,-378000,0,0,0,19000,397000,-378000,-378000
059101,康控統一9A購01  ,0,0,0,0,0,0,0,0,0,-379000,0,0,0,118000,497000,-379000,-379000
064927,瀚宇博統一02購01,0,0,0,0,0,0,0,0,0,-380000,0,0,0,579000,959000,-380000,-380000
07091P,SGBR2X凱基9A售02,0,0,0,0,0,0,0,0,0,-380000,0,0,0,0,380000,-380000,-380000
060451,中石化元大9C購02,0,0,0,0,0,0,0,0,0,-380000,0,0,0,234000,614000,-380000,-380000
058734,康友永豐99購01  ,0,0,0,0,0,0,0,0,0,-380000,0,0,0,0,380000,-380000,-380000
062573,大毅群益9B購03  ,0,0,0,0,0,0,0,0,0,-380000,0,0,0,20000,400000,-380000,-380000
061896,景碩永豐9B購01  ,0,0,0,0,0,0,0,0,0,-381000,0,0,0,78000,459000,-381000,-381000
065647,健鼎元大9C購05  ,0,0,0,0,0,0,0,0,0,-382000,0,0,0,152000,534000,-382000,-382000
065723,新日興兆豐01購01,0,0,0,0,0,0,0,0,0,-382000,0,0,0,113000,495000,-382000,-382000
04006P,滬深2X國票9B售01,0,0,0,0,0,0,0,0,0,-382000,0,0,0,5000,387000,-382000,-382000
063809,矽創兆豐01購01  ,0,0,0,0,0,0,0,0,0,-382000,0,0,0,49000,431000,-382000,-382000
061080,華邦電兆豐9B購01,0,0,0,0,0,0,0,0,0,-383000,0,0,0,210000,593000,-383000,-383000
053358,晶技統一98購01  ,0,0,0,0,0,0,0,0,0,-384000,0,0,0,29000,413000,-384000,-384000
060862,美律永豐9A購01  ,0,0,0,0,0,0,0,0,0,-384000,0,0,0,20000,404000,-384000,-384000
056271,嘉澤統一97購01  ,0,0,0,0,0,0,0,0,0,-384000,0,0,0,76000,460000,-384000,-384000
064049,信邦統一01購01  ,0,0,0,0,0,0,0,0,0,-384000,0,0,0,134000,518000,-384000,-384000
057356,彩晶統一98購04  ,0,0,0,0,0,0,0,0,0,-385000,0,0,0,0,385000,-385000,-385000
059942,全新永豐99購04  ,0,0,0,0,0,0,0,0,0,-386000,0,0,0,0,386000,-386000,-386000
065451,台表科統一02購04,0,0,0,0,0,0,0,0,0,-387000,0,0,0,118000,505000,-387000,-387000
065895,台勝科統一02購01,0,0,0,0,0,0,0,0,0,-388000,0,0,0,0,388000,-388000,-388000
059992,S&P正2元富9B購04,0,0,0,0,0,0,0,0,0,-393000,0,0,0,20000,413000,-393000,-393000
08315P,台積電元大9C售08,0,0,0,0,0,0,0,0,0,-394000,0,0,0,85000,479000,-394000,-394000
057956,全新元大99購04  ,0,0,0,0,0,0,0,0,0,-395000,0,0,0,1000,396000,-395000,-395000
064403,正崴凱基01購01  ,0,0,0,0,0,0,0,0,0,-396000,0,0,0,3000,399000,-396000,-396000
063689,可成永豐9B購04  ,0,0,0,0,0,0,0,0,0,-396000,0,0,0,115000,511000,-396000,-396000
061348,聯鈞元大9A購05  ,0,0,0,0,0,0,0,0,0,-397000,0,0,0,37000,434000,-397000,-397000
061673,仁寶元大9B購01  ,0,0,0,0,0,0,0,0,0,-398000,0,0,0,75000,473000,-398000,-398000
064578,TPK國泰02購01   ,0,0,0,0,0,0,0,0,0,-399000,0,0,0,75000,474000,-399000,-399000
061571,奇力新元大9A購03,0,0,0,0,0,0,0,0,0,-399000,0,0,0,2000,401000,-399000,-399000
062332,大立光統一9B購11,0,0,0,0,0,0,0,0,0,-399000,0,0,0,664000,1063000,-399000,-399000
066023,燿華群益01購02  ,0,0,0,0,0,0,0,0,0,-400000,0,0,0,0,400000,-400000,-400000
062258,奇力新元大9B購03,0,0,0,0,0,0,0,0,0,-401000,0,0,0,0,401000,-401000,-401000
062885,臻鼎兆豐9C購01  ,0,0,0,0,0,0,0,0,0,-401000,0,0,0,367000,768000,-401000,-401000
051266,國巨富邦99購01  ,0,0,0,0,0,0,0,0,0,-402000,0,0,0,30000,432000,-402000,-402000
064370,聯茂統一02購01  ,0,0,0,0,0,0,0,0,0,-402000,0,0,0,160000,562000,-402000,-402000
060712,建準永豐9A購01  ,0,0,0,0,0,0,0,0,0,-403000,0,0,0,0,403000,-403000,-403000
064258,臻鼎國泰01購02  ,0,0,0,0,0,0,0,0,0,-403000,0,0,0,389000,792000,-403000,-403000
063176,南亞科兆豐9B購01,0,0,0,0,0,0,0,0,0,-403000,0,0,0,10000,413000,-403000,-403000
062016,美食永豐9B購01  ,0,0,0,0,0,0,0,0,0,-403000,0,0,0,0,403000,-403000,-403000
08156P,大立光元富9B售05,0,0,0,0,0,0,0,0,0,-404000,0,0,0,98000,502000,-404000,-404000
066310,長興永豐01購01  ,0,0,0,0,0,0,0,0,0,-406000,0,0,0,0,406000,-406000,-406000
062689,華擎統一02購01  ,0,0,0,0,0,0,0,0,0,-406000,0,0,0,262000,668000,-406000,-406000
3014,聯陽            ,700000,1157000,-457000,0,0,0,0,0,0,51000,16000,10000,6000,106000,61000,45000,-406000
065739,正崴麥證9C購01  ,0,0,0,2000,409000,-407000,0,0,0,-407000,0,0,0,2000,409000,-407000,-407000
062972,京元電元富9B購01,0,0,0,0,0,0,0,0,0,-407000,0,0,0,291000,698000,-407000,-407000
06755P,大立光永豐98售03,0,0,0,0,0,0,0,0,0,-408000,0,0,0,0,408000,-408000,-408000
064987,勤誠元大9C購02  ,0,0,0,0,0,0,0,0,0,-410000,0,0,0,100000,510000,-410000,-410000
063670,美食統一9C購01  ,0,0,0,0,0,0,0,0,0,-410000,0,0,0,35000,445000,-410000,-410000
058790,楠梓電元大99購03,0,0,0,0,0,0,0,0,0,-411000,0,0,0,290000,701000,-411000,-411000
064978,群創元大9C購07  ,0,0,0,0,0,0,0,0,0,-412000,0,0,0,317000,729000,-412000,-412000
058841,深中小群益01購01,0,0,0,0,0,0,0,0,0,-412000,0,0,0,582000,994000,-412000,-412000
064338,美食元大9C購01  ,0,0,0,0,0,0,0,0,0,-412000,0,0,0,0,412000,-412000,-412000
065956,緯創統一01購01  ,0,0,0,0,0,0,0,0,0,-413000,0,0,0,0,413000,-413000,-413000
057544,鴻海凱基02購01  ,0,0,0,0,0,0,0,0,0,-413000,0,0,0,139000,552000,-413000,-413000
058405,訊連元大99購02  ,0,0,0,0,0,0,0,0,0,-413000,0,0,0,0,413000,-413000,-413000
3017,奇鋐            ,2403000,3169000,-766000,0,0,0,0,0,0,353000,250000,0,250000,142000,39000,103000,-413000
057399,滬深反群益9C購01,0,0,0,0,0,0,0,0,0,-415000,0,0,0,0,415000,-415000,-415000
065595,鴻海元大9C購15  ,0,0,0,0,0,0,0,0,0,-417000,0,0,0,131000,548000,-417000,-417000
3049,和鑫            ,1844000,2282000,-438000,0,0,0,0,0,0,21000,21000,0,21000,0,0,0,-417000
063282,奇力新元大9B購06,0,0,0,0,0,0,0,0,0,-418000,0,0,0,5000,423000,-418000,-418000
057385,光罩永豐99購01  ,0,0,0,0,0,0,0,0,0,-420000,0,0,0,40000,460000,-420000,-420000
062914,嘉澤元大9B購02  ,0,0,0,0,0,0,0,0,0,-421000,0,0,0,191000,612000,-421000,-421000
062426,大立光統一02購02,0,0,0,0,0,0,0,0,0,-421000,0,0,0,75000,496000,-421000,-421000
056829,台積電富邦9A購01,10000,0,10000,0,0,0,0,0,0,-433000,0,0,0,948000,1381000,-433000,-423000
058245,訊連元大99購01  ,0,0,0,0,0,0,0,0,0,-423000,0,0,0,0,423000,-423000,-423000
061023,茂林國泰9B購02  ,0,0,0,0,0,0,0,0,0,-423000,0,0,0,0,423000,-423000,-423000
8081,致新            ,279000,634000,-355000,0,0,0,0,0,0,-68000,40000,47000,-7000,99000,160000,-61000,-423000
057391,樺漢永豐98購01  ,0,0,0,0,0,0,0,0,0,-424000,0,0,0,96000,520000,-424000,-424000
065083,南亞科元大01購01,0,0,0,0,0,0,0,0,0,-425000,0,0,0,0,425000,-425000,-425000
063134,裕隆統一01購01  ,0,0,0,0,0,0,0,0,0,-425000,0,0,0,80000,505000,-425000,-425000
064838,旭富統一01購01  ,0,0,0,0,0,0,0,0,0,-427000,0,0,0,84000,511000,-427000,-427000
063688,建準永豐9B購03  ,0,0,0,0,0,0,0,0,0,-427000,0,0,0,0,427000,-427000,-427000
064659,台達電元大9C購02,0,0,0,0,0,0,0,0,0,-428000,0,0,0,498000,926000,-428000,-428000
07117P,SGBR2X凱基9C售01,0,0,0,0,0,0,0,0,0,-429000,0,0,0,1000,430000,-429000,-429000
064595,超眾統一02購01  ,0,0,0,0,0,0,0,0,0,-430000,0,0,0,5000,435000,-430000,-430000
060432,達方永豐9A購01  ,0,0,0,0,0,0,0,0,0,-431000,0,0,0,170000,601000,-431000,-431000
08341P,國泰金台新9C售01,0,0,0,0,0,0,0,0,0,-431000,0,0,0,70000,501000,-431000,-431000
08263P,台表科元大9C售06,0,0,0,0,0,0,0,0,0,-431000,0,0,0,101000,532000,-431000,-431000
064131,群創元大01購02  ,0,0,0,0,0,0,0,0,0,-432000,0,0,0,282000,714000,-432000,-432000
057931,正崴群益98購02  ,0,0,0,0,0,0,0,0,0,-434000,0,0,0,101000,535000,-434000,-434000
057992,大立光日盛98購01,0,0,0,0,0,0,0,0,0,-435000,0,0,0,201000,636000,-435000,-435000
07996P,亞德客凱基9B售03,0,0,0,0,0,0,0,0,0,-435000,0,0,0,42000,477000,-435000,-435000
064840,彩晶統一02購01  ,0,0,0,0,0,0,0,0,0,-437000,0,0,0,82000,519000,-437000,-437000
058794,旺宏元大99購09  ,0,0,0,0,0,0,0,0,0,-437000,0,0,0,7000,444000,-437000,-437000
057187,群創元大9B購04  ,0,0,0,0,0,0,0,0,0,-438000,0,0,0,499000,937000,-438000,-438000
057510,泰碩統一98購02  ,0,0,0,0,0,0,0,0,0,-438000,0,0,0,0,438000,-438000,-438000
065949,瑞昱統一01購06  ,0,0,0,0,0,0,0,0,0,-439000,0,0,0,362000,801000,-439000,-439000
065742,宏達電麥證9C購01,0,0,0,20000,459000,-439000,0,0,0,-440000,0,0,0,27000,467000,-440000,-440000
064138,亞德客統一01購02,0,0,0,0,0,0,0,0,0,-440000,0,0,0,53000,493000,-440000,-440000
065523,茂林群益9C購03  ,0,0,0,0,0,0,0,0,0,-442000,0,0,0,0,442000,-442000,-442000
063976,正崴兆豐9C購01  ,0,0,0,0,0,0,0,0,0,-442000,0,0,0,212000,654000,-442000,-442000
08157P,大立光元富9B售06,0,0,0,0,0,0,0,0,0,-442000,0,0,0,119000,561000,-442000,-442000
065517,緯創群益9C購02  ,0,0,0,0,0,0,0,0,0,-443000,0,0,0,31000,474000,-443000,-443000
064098,正崴群益9C購01  ,0,0,0,0,0,0,0,0,0,-443000,0,0,0,0,443000,-443000,-443000
057533,晶相光元大98購02,0,0,0,0,0,0,0,0,0,-445000,0,0,0,80000,525000,-445000,-445000
063978,美食兆豐9C購01  ,0,0,0,0,0,0,0,0,0,-446000,0,0,0,0,446000,-446000,-446000
063203,華新科統一9C購04,0,0,0,0,0,0,0,0,0,-446000,0,0,0,2000,448000,-446000,-446000
065536,健鼎統一02購04  ,0,0,0,0,0,0,0,0,0,-448000,0,0,0,25000,473000,-448000,-448000
062388,旭富國泰01購01  ,0,0,0,0,0,0,0,0,0,-448000,0,0,0,14000,462000,-448000,-448000
064384,聯電富邦01購01  ,0,0,0,0,0,0,0,0,0,-448000,0,0,0,145000,593000,-448000,-448000
065586,嘉聯益富邦03購01,0,0,0,0,0,0,0,0,0,-449000,0,0,0,0,449000,-449000,-449000
064725,緯創統一02購01  ,0,0,0,0,0,0,0,0,0,-449000,0,0,0,65000,514000,-449000,-449000
058180,華新科國泰9A購01,0,0,0,0,0,0,0,0,0,-449000,0,0,0,0,449000,-449000,-449000
065216,群創國泰01購02  ,0,0,0,0,0,0,0,0,0,-450000,0,0,0,510000,960000,-450000,-450000
060422,台勝科永豐9A購01,0,0,0,0,0,0,0,0,0,-450000,0,0,0,50000,500000,-450000,-450000
4551,智伸科          ,234000,276000,-42000,0,0,0,0,188000,-188000,-220000,0,257000,-257000,48000,11000,37000,-450000
057085,立積統一9B購02  ,0,0,0,0,0,0,0,0,0,-451000,0,0,0,1030000,1481000,-451000,-451000
066225,松翰國泰03購01  ,0,0,0,0,0,0,0,0,0,-452000,0,0,0,0,452000,-452000,-452000
063239,建準元大9B購01  ,0,0,0,0,0,0,0,0,0,-452000,0,0,0,208000,660000,-452000,-452000
059080,亞泥元大99購01  ,0,0,0,0,0,0,0,0,0,-453000,0,0,0,205000,658000,-453000,-453000
058287,國巨國票9A購02  ,0,0,0,0,0,0,0,0,0,-453000,0,0,0,23000,476000,-453000,-453000
060306,台肥永豐9A購01  ,0,0,0,0,0,0,0,0,0,-453000,0,0,0,145000,598000,-453000,-453000
063449,全新統一9B購02  ,0,0,0,0,0,0,0,0,0,-453000,0,0,0,89000,542000,-453000,-453000
06936P,瑞儀元大98售01  ,0,0,0,0,0,0,0,0,0,-455000,0,0,0,0,455000,-455000,-455000
056517,茂林兆豐99購01  ,0,0,0,0,0,0,0,0,0,-455000,0,0,0,0,455000,-455000,-455000
058928,國巨統一9C購01  ,0,0,0,0,0,0,0,0,0,-455000,0,0,0,1179000,1634000,-455000,-455000
065169,華邦電元大9C購03,0,0,0,0,0,0,0,0,0,-456000,0,0,0,38000,494000,-456000,-456000
064563,全新群益02購01  ,0,0,0,0,0,0,0,0,0,-458000,0,0,0,75000,533000,-458000,-458000
064676,聚陽兆豐9C購01  ,0,0,0,0,0,0,0,0,0,-460000,0,0,0,734000,1194000,-460000,-460000
062610,啟碁凱基9B購01  ,0,0,0,0,0,0,0,0,0,-460000,0,0,0,147000,607000,-460000,-460000
2417,圓剛            ,361000,573000,-212000,0,0,0,0,0,0,-248000,0,248000,-248000,0,0,0,-460000
047504,滬深2X國票9A購01,0,0,0,0,0,0,0,0,0,-462000,0,0,0,143000,605000,-462000,-462000
063207,聯茂統一01購01  ,0,0,0,0,0,0,0,0,0,-462000,0,0,0,346000,808000,-462000,-462000
063980,智易兆豐9C購02  ,0,0,0,0,0,0,0,0,0,-464000,0,0,0,173000,637000,-464000,-464000
064622,晶技元大01購01  ,0,0,0,0,0,0,0,0,0,-468000,0,0,0,25000,493000,-468000,-468000
064478,聚陽富邦01購01  ,0,0,0,0,0,0,0,0,0,-469000,0,0,0,27000,496000,-469000,-469000
063724,亞德客元大9B購03,0,0,0,0,0,0,0,0,0,-470000,0,0,0,0,470000,-470000,-470000
062060,奇鋐統一9C購01  ,0,0,0,0,0,0,0,0,0,-470000,0,0,0,111000,581000,-470000,-470000
060124,奇力新永豐99購03,0,0,0,0,0,0,0,0,0,-472000,0,0,0,2000,474000,-472000,-472000
062080,奇力新元大9B購02,0,0,0,0,0,0,0,0,0,-473000,0,0,0,2000,475000,-473000,-473000
064342,晶技元大9C購01  ,0,0,0,0,0,0,0,0,0,-473000,0,0,0,71000,544000,-473000,-473000
4142,國光生          ,1872000,2351000,-479000,0,0,0,0,0,0,6000,6000,0,6000,0,0,0,-473000
065377,群創元大02購02  ,0,0,0,0,0,0,0,0,0,-475000,0,0,0,176000,651000,-475000,-475000
1711,永光            ,1466000,1957000,-491000,0,0,0,0,0,0,16000,16000,0,16000,0,0,0,-475000
4164,承業醫          ,338000,731000,-393000,0,0,0,0,0,0,-82000,38000,120000,-82000,0,0,0,-475000
065922,鴻海麥證01購01  ,0,0,0,4000,508000,-504000,0,0,0,-477000,0,0,0,35000,512000,-477000,-477000
064426,群創兆豐9C購01  ,0,0,0,0,0,0,0,0,0,-478000,0,0,0,10000,488000,-478000,-478000
065663,凌華永豐9C購01  ,0,0,0,0,0,0,0,0,0,-479000,0,0,0,0,479000,-479000,-479000
065682,健策統一9C購07  ,0,0,0,0,0,0,0,0,0,-480000,0,0,0,189000,669000,-480000,-480000
061197,矽創永豐9A購02  ,0,0,0,0,0,0,0,0,0,-481000,0,0,0,85000,566000,-481000,-481000
063210,百和統一9C購01  ,0,0,0,0,0,0,0,0,0,-484000,0,0,0,0,484000,-484000,-484000
065975,緯創元大02購01  ,0,0,0,0,0,0,0,0,0,-485000,0,0,0,392000,877000,-485000,-485000
065950,正崴統一03購01  ,0,0,0,0,0,0,0,0,0,-487000,0,0,0,0,487000,-487000,-487000
065336,華新統一02購01  ,0,0,0,0,0,0,0,0,0,-487000,0,0,0,0,487000,-487000,-487000
08140P,祥碩元大9B售07  ,0,0,0,0,0,0,0,0,0,-489000,0,0,0,0,489000,-489000,-489000
065952,聯發科統一03購02,0,0,0,0,0,0,0,0,0,-490000,0,0,0,12000,502000,-490000,-490000
07089P,臺指2X中信01售01,0,0,0,0,0,0,0,0,0,-492000,0,0,0,217000,709000,-492000,-492000
056142,超眾元大97購06  ,0,0,0,0,0,0,0,0,0,-492000,0,0,0,0,492000,-492000,-492000
058881,全新永豐99購01  ,0,0,0,0,0,0,0,0,0,-492000,0,0,0,30000,522000,-492000,-492000
057567,嘉聯益富邦9A購01,0,0,0,0,0,0,0,0,0,-493000,0,0,0,42000,535000,-493000,-493000
08161P,台表科元富9B售02,0,0,0,0,0,0,0,0,0,-494000,0,0,0,45000,539000,-494000,-494000
065481,臻鼎元大9C購04  ,0,0,0,0,0,0,0,0,0,-495000,0,0,0,366000,861000,-495000,-495000
06503P,臺股指中信9A售02,0,0,0,0,0,0,0,0,0,-496000,0,0,0,452000,948000,-496000,-496000
056726,友達日盛9A購01  ,0,0,0,0,0,0,0,0,0,-498000,0,0,0,1000,499000,-498000,-498000
00676R,富邦臺灣加權反1 ,0,0,0,0,0,0,0,0,0,-498000,0,0,0,2588000,3086000,-498000,-498000
054104,T50反1凱基9A購02,0,0,0,0,0,0,0,0,0,-499000,0,0,0,0,499000,-499000,-499000
054640,健策中信9B購01  ,0,0,0,0,0,0,0,0,0,-499000,0,0,0,302000,801000,-499000,-499000
062427,嘉澤統一01購01  ,0,0,0,0,0,0,0,0,0,-499000,0,0,0,221000,720000,-499000,-499000
060999,國巨兆豐9A購01  ,0,0,0,0,0,0,0,0,0,-501000,0,0,0,9000,510000,-501000,-501000
064818,華新統一01購01  ,0,0,0,0,0,0,0,0,0,-502000,0,0,0,21000,523000,-502000,-502000
07630P,臺股指凱基9A售11,0,0,0,0,0,0,0,0,0,-504000,0,0,0,155000,659000,-504000,-504000
058178,國巨國泰9A購02  ,0,0,0,0,0,0,0,0,0,-504000,0,0,0,0,504000,-504000,-504000
062976,嘉澤元富9B購01  ,0,0,0,0,0,0,0,0,0,-504000,0,0,0,327000,831000,-504000,-504000
063675,亞德客國泰01購01,0,0,0,0,0,0,0,0,0,-504000,0,0,0,155000,659000,-504000,-504000
057468,台郡永豐98購01  ,0,0,0,0,0,0,0,0,0,-505000,0,0,0,111000,616000,-505000,-505000
057961,茂林元大9A購01  ,0,0,0,0,0,0,0,0,0,-505000,0,0,0,30000,535000,-505000,-505000
064465,台表科統一01購02,0,0,0,0,0,0,0,0,0,-506000,0,0,0,258000,764000,-506000,-506000
056277,上銀富邦99購02  ,0,0,0,0,0,0,0,0,0,-507000,0,0,0,10000,517000,-507000,-507000
061659,信邦永豐9A購01  ,0,0,0,0,0,0,0,0,0,-507000,0,0,0,5000,512000,-507000,-507000
064157,健鼎統一01購02  ,0,0,0,0,0,0,0,0,0,-507000,0,0,0,551000,1058000,-507000,-507000
065981,超眾元大02購01  ,0,0,0,0,0,0,0,0,0,-513000,0,0,0,0,513000,-513000,-513000
063373,晶技永豐9B購02  ,0,0,0,0,0,0,0,0,0,-513000,0,0,0,6000,519000,-513000,-513000
065450,同欣電統一01購03,0,0,0,0,0,0,0,0,0,-514000,0,0,0,230000,744000,-514000,-514000
062428,超眾統一9B購01  ,0,0,0,0,0,0,0,0,0,-516000,0,0,0,25000,541000,-516000,-516000
065686,同欣電統一03購01,0,0,0,0,0,0,0,0,0,-519000,0,0,0,41000,560000,-519000,-519000
059016,晶相光元富99購03,0,0,0,0,0,0,0,0,0,-519000,0,0,0,155000,674000,-519000,-519000
062067,滬深2X元大9B購01,0,0,0,0,0,0,0,0,0,-520000,0,0,0,17000,537000,-520000,-520000
064398,聚陽凱基01購01  ,0,0,0,0,0,0,0,0,0,-520000,0,0,0,67000,587000,-520000,-520000
050077,臺股指凱基99購02,0,0,0,0,0,0,0,0,0,-522000,0,0,0,142000,664000,-522000,-522000
063650,矽創元大9B購03  ,0,0,0,0,0,0,0,0,0,-522000,0,0,0,261000,783000,-522000,-522000
065296,國巨統一01購10  ,0,0,0,0,0,0,0,0,0,-527000,0,0,0,8000,535000,-527000,-527000
057266,TPK兆豐98購02   ,0,0,0,0,0,0,0,0,0,-527000,0,0,0,90000,617000,-527000,-527000
062855,嘉澤永豐9B購02  ,0,0,0,0,0,0,0,0,0,-527000,0,0,0,23000,550000,-527000,-527000
061157,聯鈞群益9A購02  ,0,0,0,0,0,0,0,0,0,-528000,0,0,0,15000,543000,-528000,-528000
055063,玉晶光永豐99購01,0,0,0,0,0,0,0,0,0,-529000,0,0,0,360000,889000,-529000,-529000
064895,奇力新群益9C購02,0,0,0,0,0,0,0,0,0,-530000,0,0,0,0,530000,-530000,-530000
07686P,祥碩凱基9A售02  ,0,0,0,0,0,0,0,0,0,-530000,0,0,0,0,530000,-530000,-530000
2542,興富發          ,685426,1227000,-541574,0,0,0,0,0,0,11000,26000,15000,11000,0,0,0,-530574
064379,TPK元富9C購01   ,0,0,0,0,0,0,0,0,0,-531000,0,0,0,142000,673000,-531000,-531000
063020,奇力新元大9B購04,0,0,0,0,0,0,0,0,0,-532000,0,0,0,22000,554000,-532000,-532000
08434P,臺股指凱基03售02,10000,0,10000,0,0,0,0,0,0,-544000,0,0,0,195000,739000,-544000,-534000
056870,全新日盛9A購01  ,0,0,0,0,0,0,0,0,0,-535000,0,0,0,0,535000,-535000,-535000
066223,拓凱國泰03購01  ,0,0,0,0,0,0,0,0,0,-536000,0,0,0,0,536000,-536000,-536000
063148,建準元富9B購01  ,0,0,0,0,0,0,0,0,0,-536000,0,0,0,209000,745000,-536000,-536000
063874,志超永豐9C購01  ,0,0,0,0,0,0,0,0,0,-539000,0,0,0,0,539000,-539000,-539000
063491,國巨富邦02購02  ,0,0,0,0,0,0,0,0,0,-541000,0,0,0,377000,918000,-541000,-541000
064463,聯茂統一01購02  ,0,0,0,0,0,0,0,0,0,-541000,0,0,0,133000,674000,-541000,-541000
1440,南紡            ,1672000,2278000,-606000,0,0,0,0,0,0,65000,65000,0,65000,0,0,0,-541000
060307,南港永豐9A購01  ,0,0,0,0,0,0,0,0,0,-542000,0,0,0,201000,743000,-542000,-542000
055949,亞德客元大97購04,0,0,0,0,0,0,0,0,0,-544000,0,0,0,0,544000,-544000,-544000
065905,聯茂富邦02購01  ,0,0,0,0,0,0,0,0,0,-545000,0,0,0,0,545000,-545000,-545000
064724,健鼎統一02購02  ,0,0,0,0,0,0,0,0,0,-545000,0,0,0,231000,776000,-545000,-545000
057792,群創統一99購01  ,0,0,0,0,0,0,0,0,0,-547000,0,0,0,0,547000,-547000,-547000
065119,大立光富邦03購03,0,0,0,0,0,0,0,0,0,-548000,0,0,0,271000,819000,-548000,-548000
064318,彩晶群益9C購01  ,0,0,0,0,0,0,0,0,0,-548000,0,0,0,0,548000,-548000,-548000
062591,新日興統一9C購01,0,0,0,0,0,0,0,0,0,-548000,0,0,0,128000,676000,-548000,-548000
052853,友達日盛99購01  ,0,0,0,0,0,0,0,0,0,-551000,0,0,0,0,551000,-551000,-551000
061742,奇鋐凱基9B購01  ,0,0,0,0,0,0,0,0,0,-552000,0,0,0,0,552000,-552000,-552000
063536,美食統一01購01  ,0,0,0,0,0,0,0,0,0,-553000,0,0,0,72000,625000,-553000,-553000
060243,潤泰全元大9C購02,0,0,0,0,0,0,0,0,0,-554000,0,0,0,1000,555000,-554000,-554000
059290,全新元富99購01  ,0,0,0,0,0,0,0,0,0,-554000,0,0,0,178000,732000,-554000,-554000
060918,康友國泰9C購01  ,0,0,0,0,0,0,0,0,0,-554000,0,0,0,247000,801000,-554000,-554000
065822,緯創台新9C購01  ,0,0,0,0,0,0,0,0,0,-557000,0,0,0,0,557000,-557000,-557000
063657,茂林元富9B購04  ,0,0,0,0,0,0,0,0,0,-557000,0,0,0,0,557000,-557000,-557000
063680,寶成富邦9C購01  ,0,0,0,0,0,0,0,0,0,-559000,0,0,0,0,559000,-559000,-559000
056302,大立光元大97購17,0,0,0,0,0,0,0,0,0,-560000,0,0,0,6000,566000,-560000,-560000
6573,虹揚-KY         ,23000,583000,-560000,0,0,0,0,0,0,0,0,0,0,0,0,0,-560000
08091P,A50正2元富9B售02,0,0,0,0,0,0,0,0,0,-562000,0,0,0,10000,572000,-562000,-562000
064255,泰碩國泰02購01  ,0,0,0,0,0,0,0,0,0,-563000,0,0,0,143000,706000,-563000,-563000
1476,儒鴻            ,208290,842871,-634581,0,0,0,8000,2000,6000,65000,90000,16000,74000,2000,11000,-9000,-563581
3557,嘉威            ,143000,709000,-566000,0,0,0,0,0,0,2000,2000,0,2000,0,0,0,-564000
059261,華邦電中信01購01,0,0,0,0,0,0,0,0,0,-567000,0,0,0,50000,617000,-567000,-567000
061413,台勝科群益9A購01,30000,0,30000,0,0,0,0,0,0,-598000,0,0,0,13000,611000,-598000,-568000
063788,矽創統一02購01  ,0,0,0,0,0,0,0,0,0,-568000,0,0,0,125000,693000,-568000,-568000
065537,健鼎統一02購05  ,0,0,0,0,0,0,0,0,0,-570000,0,0,0,58000,628000,-570000,-570000
056219,T50反1日盛02購01,0,0,0,0,0,0,0,0,0,-572000,0,0,0,0,572000,-572000,-572000
07597P,臺股指中信01售02,0,0,0,0,0,0,0,0,0,-574000,0,0,0,2506000,3080000,-574000,-574000
064140,台達電統一01購01,0,0,0,0,0,0,0,0,0,-574000,0,0,0,243000,817000,-574000,-574000
058613,茂林元大99購03  ,0,0,0,0,0,0,0,0,0,-576000,0,0,0,10000,586000,-576000,-576000
062910,亞光元大9B購01  ,0,0,0,0,0,0,0,0,0,-576000,0,0,0,69000,645000,-576000,-576000
065348,中壽統一9C購02  ,0,0,0,0,0,0,0,0,0,-578000,0,0,0,167000,745000,-578000,-578000
065174,華新科元大02購02,0,0,0,0,0,0,0,0,0,-578000,0,0,0,0,578000,-578000,-578000
6285,啟碁            ,742000,1939191,-1197191,0,0,0,612000,0,612000,7000,37000,93000,-56000,63000,0,63000,-578191
058210,臺股指凱基9C購04,0,0,0,0,0,0,0,0,0,-579000,0,0,0,367000,946000,-579000,-579000
062884,康控兆豐9C購01  ,0,0,0,0,0,0,0,0,0,-581000,0,0,0,20000,601000,-581000,-581000
061677,泰碩元大9A購05  ,0,0,0,0,0,0,0,0,0,-583000,0,0,0,0,583000,-583000,-583000
057203,麗豐元富98購02  ,0,0,0,0,0,0,0,0,0,-588000,0,0,0,100000,688000,-588000,-588000
065689,群創元富9C購04  ,0,0,0,0,0,0,0,0,0,-589000,0,0,0,0,589000,-589000,-589000
060195,旭富元富9A購02  ,0,0,0,0,0,0,0,0,0,-592000,0,0,0,0,592000,-592000,-592000
064839,旭富統一9C購01  ,0,0,0,0,0,0,0,0,0,-593000,0,0,0,2000,595000,-593000,-593000
057555,玉晶光凱基9A購02,0,0,0,0,0,0,0,0,0,-593000,0,0,0,127000,720000,-593000,-593000
063484,達方元大9B購01  ,0,0,0,0,0,0,0,0,0,-593000,0,0,0,74000,667000,-593000,-593000
064234,正崴統一01購01  ,0,0,0,0,0,0,0,0,0,-596000,0,0,0,60000,656000,-596000,-596000
063674,力山國泰01購02  ,0,0,0,0,0,0,0,0,0,-597000,0,0,0,204000,801000,-597000,-597000
062644,中環國泰9C購01  ,0,0,0,0,0,0,0,0,0,-597000,0,0,0,221000,818000,-597000,-597000
07415P,台積電元大99售52,0,0,0,0,0,0,0,0,0,-599000,0,0,0,4000,603000,-599000,-599000
052413,上証反中信97購01,0,0,0,0,0,0,0,0,0,-600000,0,0,0,0,600000,-600000,-600000
061970,大立光統一9C購03,0,0,0,0,0,0,0,0,0,-600000,0,0,0,27000,627000,-600000,-600000
060807,新光金群益9A購01,0,0,0,0,0,0,0,0,0,-601000,0,0,0,80000,681000,-601000,-601000
063773,可成富邦9C購01  ,0,0,0,0,0,0,0,0,0,-602000,0,0,0,178000,780000,-602000,-602000
055578,群創統一98購03  ,0,0,0,0,0,0,0,0,0,-603000,0,0,0,0,603000,-603000,-603000
06878P,台灣50日盛9B售01,0,0,0,0,0,0,0,0,0,-607000,0,0,0,0,607000,-607000,-607000
065495,上銀富邦01購02  ,0,0,0,0,0,0,0,0,0,-609000,0,0,0,0,609000,-609000,-609000
065846,華新科元大03購01,0,0,0,0,0,0,0,0,0,-610000,0,0,0,0,610000,-610000,-610000
065264,亞光元大9C購02  ,0,0,0,0,0,0,0,0,0,-612000,0,0,0,20000,632000,-612000,-612000
056096,超眾元富9A購01  ,0,0,0,0,0,0,0,0,0,-613000,0,0,0,57000,670000,-613000,-613000
065785,奇力新永豐9C購02,0,0,0,0,0,0,0,0,0,-616000,0,0,0,0,616000,-616000,-616000
064357,中橡統一9C購01  ,0,0,0,0,0,0,0,0,0,-616000,0,0,0,0,616000,-616000,-616000
060191,亞光元富9A購02  ,0,0,0,0,0,0,0,0,0,-617000,0,0,0,51000,668000,-617000,-617000
065688,緯創元富9C購02  ,0,0,0,0,0,0,0,0,0,-620000,0,0,0,47000,667000,-620000,-620000
065091,亞光元大9C購01  ,0,0,0,0,0,0,0,0,0,-622000,0,0,0,32000,654000,-622000,-622000
064991,友達兆豐9C購01  ,0,0,0,0,0,0,0,0,0,-623000,0,0,0,85000,708000,-623000,-623000
065743,宏達電麥證9C購02,0,0,0,49000,672000,-623000,0,0,0,-623000,0,0,0,57000,680000,-623000,-623000
6288,聯嘉            ,547000,1169000,-622000,0,0,0,0,0,0,-1000,17000,18000,-1000,0,0,0,-623000
065897,凌華統一03購01  ,0,0,0,0,0,0,0,0,0,-627000,0,0,0,2000,629000,-627000,-627000
060700,華新科國泰9C購01,0,0,0,0,0,0,0,0,0,-628000,0,0,0,66000,694000,-628000,-628000
061579,京鼎元大9A購02  ,0,0,0,0,0,0,0,0,0,-628000,0,0,0,66000,694000,-628000,-628000
058145,聯茂元大99購03  ,0,0,0,0,0,0,0,0,0,-628000,0,0,0,68000,696000,-628000,-628000
062526,友達統一01購01  ,0,0,0,0,0,0,0,0,0,-628000,0,0,0,20000,648000,-628000,-628000
065538,健鼎統一9C購01  ,0,0,0,0,0,0,0,0,0,-629000,0,0,0,163000,792000,-629000,-629000
065455,金寶元富9C購01  ,0,0,0,0,0,0,0,0,0,-631000,0,0,0,110000,741000,-631000,-631000
064841,彩晶統一02購02  ,0,0,0,0,0,0,0,0,0,-631000,0,0,0,92000,723000,-631000,-631000
064150,全新統一01購03  ,0,0,0,0,0,0,0,0,0,-634000,0,0,0,29000,663000,-634000,-634000
062693,中石化元大02購01,0,0,0,0,0,0,0,0,0,-636000,0,0,0,127000,763000,-636000,-636000
063354,茂林元富9B購02  ,0,0,0,0,0,0,0,0,0,-637000,0,0,0,153000,790000,-637000,-637000
06653P,美食元大98售02  ,0,0,0,0,0,0,0,0,0,-639000,0,0,0,41000,680000,-639000,-639000
063179,群創兆豐9B購01  ,0,0,0,0,0,0,0,0,0,-641000,0,0,0,90000,731000,-641000,-641000
061480,泰碩元大9B購01  ,0,0,0,0,0,0,0,0,0,-646000,0,0,0,42000,688000,-646000,-646000
061796,興勤永豐9B購01  ,0,0,0,0,0,0,0,0,0,-647000,0,0,0,66000,713000,-647000,-647000
065219,緯穎國泰01購01  ,0,0,0,0,0,0,0,0,0,-649000,0,0,0,69000,718000,-649000,-649000
059730,晶相光元大9C購02,0,0,0,0,0,0,0,0,0,-649000,0,0,0,42000,691000,-649000,-649000
1504,東元            ,778000,1451374,-673374,0,0,0,0,18000,-18000,37000,35000,0,35000,27000,25000,2000,-654374
063732,建準元大9B購02  ,0,0,0,0,0,0,0,0,0,-655000,0,0,0,463000,1118000,-655000,-655000
07962P,聯詠中信05售03  ,0,0,0,0,0,0,0,0,0,-657000,0,0,0,50000,707000,-657000,-657000
061658,聯茂富邦9A購03  ,0,0,0,0,0,0,0,0,0,-657000,0,0,0,1000,658000,-657000,-657000
03683C,T50反1元大9C牛04,0,0,0,0,0,0,0,0,0,-659000,0,0,0,242000,901000,-659000,-659000
058615,矽創元大99購01  ,0,0,0,0,0,0,0,0,0,-661000,0,0,0,126000,787000,-661000,-661000
065078,台積電元大02購01,0,0,0,0,0,0,0,0,0,-668000,0,0,0,426000,1094000,-668000,-668000
056840,友達元富98購02  ,0,0,0,0,0,0,0,0,0,-668000,0,0,0,0,668000,-668000,-668000
062906,全新元大9B購03  ,0,0,0,0,0,0,0,0,0,-668000,0,0,0,40000,708000,-668000,-668000
065819,京鼎元富03購01  ,0,0,0,0,0,0,0,0,0,-671000,0,0,0,161000,832000,-671000,-671000
059509,奇力新永豐99購02,0,0,0,0,0,0,0,0,0,-672000,0,0,0,0,672000,-672000,-672000
064712,聚陽統一02購03  ,0,0,0,0,0,0,0,0,0,-673000,0,0,0,700000,1373000,-673000,-673000
6456,GIS-KY          ,1261000,1708171,-447171,0,0,0,0,38000,-38000,-188000,2000,4000,-2000,190000,376000,-186000,-673171
2504,國產            ,1756000,2948000,-1192000,0,0,0,0,0,0,518000,1655000,265000,1390000,0,872000,-872000,-674000
07068P,欣興台新99售01  ,0,0,0,0,0,0,0,0,0,-676000,0,0,0,8000,684000,-676000,-676000
063768,華新科國泰9C購03,0,0,0,0,0,0,0,0,0,-678000,0,0,0,31000,709000,-678000,-678000
2379,瑞昱            ,2190087,3010000,-819913,0,0,0,85000,0,85000,56000,147000,54000,93000,69000,106000,-37000,-678913
065514,建準群益9C購01  ,0,0,0,0,0,0,0,0,0,-680000,0,0,0,35000,715000,-680000,-680000
00717,富邦美國特別股  ,198000,0,198000,0,0,0,0,0,0,-878524,0,0,0,100476,979000,-878524,-680524
063159,嘉澤國泰01購01  ,0,0,0,0,0,0,0,0,0,-681000,0,0,0,292000,973000,-681000,-681000
064183,聯茂富邦01購01  ,0,0,0,0,0,0,0,0,0,-682000,0,0,0,380000,1062000,-682000,-682000
064699,臻鼎群益9C購01  ,0,0,0,0,0,0,0,0,0,-684000,0,0,0,15000,699000,-684000,-684000
063944,建準元大9C購01  ,0,0,0,0,0,0,0,0,0,-684000,0,0,0,24000,708000,-684000,-684000
00650L,FH香港正2       ,143000,143000,0,0,0,0,0,0,0,-686000,0,0,0,612000,1298000,-686000,-686000
060404,台勝科國泰9B購01,0,0,0,0,0,0,0,0,0,-686000,0,0,0,233000,919000,-686000,-686000
062682,全新統一9B購01  ,0,0,0,0,0,0,0,0,0,-688000,0,0,0,144000,832000,-688000,-688000
2006,東和鋼鐵        ,414000,1180000,-766000,0,0,0,0,3000,-3000,81000,81000,0,81000,0,0,0,-688000
065851,京鼎元大02購01  ,0,0,0,0,0,0,0,0,0,-690000,0,0,0,109000,799000,-690000,-690000
065652,超眾元大01購02  ,0,0,0,0,0,0,0,0,0,-691000,0,0,0,44000,735000,-691000,-691000
3056,總太            ,359000,1080000,-721000,0,0,0,0,0,0,30000,6000,8000,-2000,32000,0,32000,-691000
058156,超眾統一9A購02  ,0,0,0,0,0,0,0,0,0,-693000,0,0,0,75000,768000,-693000,-693000
6706,惠特            ,299000,932000,-633000,0,0,0,5000,0,5000,-66000,2000,73000,-71000,5000,0,5000,-694000
065753,正崴元大9C購02  ,0,0,0,0,0,0,0,0,0,-699000,0,0,0,5000,704000,-699000,-699000
058534,友達統一9B購01  ,0,0,0,0,0,0,0,0,0,-700000,0,0,0,0,700000,-700000,-700000
05693P,滬深2X凱基98售02,0,0,0,0,0,0,0,0,0,-701000,0,0,0,0,701000,-701000,-701000
065491,華新科國泰02購01,0,0,0,0,0,0,0,0,0,-706000,0,0,0,57000,763000,-706000,-706000
062980,康控元富9B購01  ,0,0,0,0,0,0,0,0,0,-709000,0,0,0,115000,824000,-709000,-709000
056673,中石化元富9B購01,0,0,0,0,0,0,0,0,0,-712000,0,0,0,116000,828000,-712000,-712000
054633,臺股指凱基9A購02,0,0,0,0,0,0,0,0,0,-715000,0,0,0,70000,785000,-715000,-715000
054079,鴻海中信98購02  ,0,0,0,0,0,0,0,0,0,-718000,0,0,0,551000,1269000,-718000,-718000
063220,建準群益9B購01  ,0,0,0,0,0,0,0,0,0,-727000,0,0,0,54000,781000,-727000,-727000
053082,聯電元大98購03  ,0,0,0,0,0,0,0,0,0,-730000,0,0,0,5000,735000,-730000,-730000
053282,彩晶元大9C購01  ,0,0,0,0,0,0,0,0,0,-732000,0,0,0,26000,758000,-732000,-732000
065752,正崴元大9C購01  ,0,0,0,0,0,0,0,0,0,-736000,0,0,0,45000,781000,-736000,-736000
057475,聯電元大9A購01  ,0,0,0,0,0,0,0,0,0,-745000,0,0,0,260000,1005000,-745000,-745000
059949,啟碁永豐99購01  ,0,0,0,0,0,0,0,0,0,-751000,0,0,0,52000,803000,-751000,-751000
3045,台灣大          ,2220852,2463000,-242148,0,0,0,0,34000,-34000,-479000,54000,533000,-479000,0,0,0,-755148
056664,上証反中信9B購01,0,0,0,0,0,0,0,0,0,-760000,0,0,0,0,760000,-760000,-760000
058312,大毅國泰9B購01  ,0,0,0,0,0,0,0,0,0,-761000,0,0,0,50000,811000,-761000,-761000
064366,群創統一01購01  ,0,0,0,0,0,0,0,0,0,-761000,0,0,0,0,761000,-761000,-761000
057286,群創元大9B購05  ,0,0,0,0,0,0,0,0,0,-763000,0,0,0,519000,1282000,-763000,-763000
065505,健鼎永豐9C購01  ,0,0,0,0,0,0,0,0,0,-773000,0,0,0,0,773000,-773000,-773000
07407P,欣興凱基99售07  ,0,0,0,0,0,0,0,0,0,-775000,0,0,0,0,775000,-775000,-775000
07875P,祥碩群益9B售01  ,0,0,0,0,0,0,0,0,0,-775000,0,0,0,0,775000,-775000,-775000
056138,群創元大9B購01  ,0,0,0,0,0,0,0,0,0,-776000,0,0,0,180000,956000,-776000,-776000
063926,南亞科統一03購01,0,0,0,0,0,0,0,0,0,-777000,0,0,0,0,777000,-777000,-777000
063690,健鼎永豐9B購01  ,0,0,0,0,0,0,0,0,0,-778000,0,0,0,71000,849000,-778000,-778000
064880,神達兆豐9C購01  ,0,0,0,0,0,0,0,0,0,-779000,0,0,0,15000,794000,-779000,-779000
060719,瀚宇博永豐9A購01,0,0,0,0,0,0,0,0,0,-782000,0,0,0,181000,963000,-782000,-782000
064378,群創元富9C購01  ,0,0,0,0,0,0,0,0,0,-782000,0,0,0,0,782000,-782000,-782000
055399,超眾統一99購01  ,0,0,0,0,0,0,0,0,0,-786000,0,0,0,26000,812000,-786000,-786000
07974P,上証2X元大9B售02,0,0,0,0,0,0,0,0,0,-789000,0,0,0,40000,829000,-789000,-789000
065983,亞德客國泰03購01,0,0,0,0,0,0,0,0,0,-789000,0,0,0,53000,842000,-789000,-789000
064026,建準元大9C購02  ,0,0,0,0,0,0,0,0,0,-791000,0,0,0,23000,814000,-791000,-791000
065448,緯創統一9C購01  ,0,0,0,0,0,0,0,0,0,-792000,0,0,0,51000,843000,-792000,-792000
065762,台表科元大9C購13,0,0,0,0,0,0,0,0,0,-795000,0,0,0,108000,903000,-795000,-795000
064239,群創統一02購01  ,0,0,0,0,0,0,0,0,0,-799000,0,0,0,74000,873000,-799000,-799000
057734,訊芯國泰9A購01  ,0,0,0,0,0,0,0,0,0,-800000,0,0,0,0,800000,-800000,-800000
065457,旭富元富03購01  ,0,0,0,0,0,0,0,0,0,-807000,0,0,0,0,807000,-807000,-807000
065152,燿華群益9C購02  ,0,0,0,0,0,0,0,0,0,-807000,0,0,0,0,807000,-807000,-807000
061005,可成兆豐9A購01  ,0,0,0,0,0,0,0,0,0,-809000,0,0,0,177000,986000,-809000,-809000
065030,亞光兆豐9C購01  ,0,0,0,0,0,0,0,0,0,-810000,0,0,0,73000,883000,-810000,-810000
6177,達麗            ,245000,1061000,-816000,0,0,0,0,0,0,6000,6000,0,6000,0,0,0,-810000
060121,新光金富邦99購01,0,0,0,0,0,0,0,0,0,-812000,0,0,0,400000,1212000,-812000,-812000
065779,台勝科國泰01購02,0,0,0,0,0,0,0,0,0,-823000,0,0,0,62000,885000,-823000,-823000
065342,華邦電統一02購01,0,0,0,0,0,0,0,0,0,-825000,0,0,0,2000,827000,-825000,-825000
064204,瑞儀兆豐01購01  ,0,0,0,0,0,0,0,0,0,-825000,0,0,0,307000,1132000,-825000,-825000
2421,建準            ,1513000,3003000,-1490000,0,0,0,0,0,0,665000,2000,0,2000,709000,46000,663000,-825000
064933,矽創統一01購01  ,0,0,0,0,0,0,0,0,0,-826000,0,0,0,167000,993000,-826000,-826000
064867,華新科永豐9C購03,0,0,0,0,0,0,0,0,0,-828000,0,0,0,0,828000,-828000,-828000
6239,力成            ,846750,1295000,-448250,0,0,0,0,290000,-290000,-94000,31000,6000,25000,43000,162000,-119000,-832250
2359,所羅門          ,516000,1356000,-840000,0,0,0,0,0,0,2000,2000,0,2000,0,0,0,-838000
2472,立隆電          ,492000,1360000,-868000,0,0,0,0,0,0,30000,63000,33000,30000,0,0,0,-838000
00708L,元大S&P黃金正2  ,0,0,0,0,0,0,0,0,0,-849000,0,0,0,794000,1643000,-849000,-849000
063359,泰鼎國泰01購01  ,0,0,0,0,0,0,0,0,0,-861000,0,0,0,137000,998000,-861000,-861000
063450,華新科統一02購01,0,0,0,0,0,0,0,0,0,-872000,0,0,0,63000,935000,-872000,-872000
064735,群創元富9C購02  ,0,0,0,0,0,0,0,0,0,-873000,0,0,0,0,873000,-873000,-873000
060437,宏全永豐9A購01  ,0,0,0,0,0,0,0,0,0,-876000,0,0,0,113000,989000,-876000,-876000
066050,亞光元大01購01  ,0,0,0,0,0,0,0,0,0,-878000,0,0,0,152000,1030000,-878000,-878000
064827,友達統一02購02  ,0,0,0,0,0,0,0,0,0,-883000,0,0,0,70000,953000,-883000,-883000
08379P,台積電國泰02售02,0,0,0,0,0,0,0,0,0,-887000,0,0,0,962000,1849000,-887000,-887000
064248,億光元富9C購01  ,0,0,0,0,0,0,0,0,0,-888000,0,0,0,105000,993000,-888000,-888000
063100,聚陽群益9C購02  ,0,0,0,0,0,0,0,0,0,-891000,0,0,0,3000,894000,-891000,-891000
065563,T50反1群益9C購04,0,0,0,0,0,0,0,0,0,-901000,0,0,0,175000,1076000,-901000,-901000
07792P,牧德元大9A售04  ,0,0,0,0,0,0,0,0,0,-901000,0,0,0,0,901000,-901000,-901000
065279,T50反1群益9C購03,0,0,0,0,0,0,0,0,0,-903000,0,0,0,250000,1153000,-903000,-903000
059040,訊芯群益99購03  ,0,0,0,0,0,0,0,0,0,-905000,0,0,0,333000,1238000,-905000,-905000
062879,美食兆豐9B購01  ,0,0,0,0,0,0,0,0,0,-910000,0,0,0,10000,920000,-910000,-910000
064257,台勝科國泰01購01,0,0,0,0,0,0,0,0,0,-915000,0,0,0,123000,1038000,-915000,-915000
064240,群創統一02購02  ,0,0,0,0,0,0,0,0,0,-918000,0,0,0,0,918000,-918000,-918000
066085,台積電富邦05購01,0,0,0,0,0,0,0,0,0,-921000,0,0,0,0,921000,-921000,-921000
058832,立積永豐99購01  ,0,0,0,0,0,0,0,0,0,-922000,0,0,0,312000,1234000,-922000,-922000
046629,群創統一98購01  ,0,0,0,0,0,0,0,0,0,-926000,0,0,0,15000,941000,-926000,-926000
061129,文曄永豐9A購01  ,0,0,0,0,0,0,0,0,0,-927000,0,0,0,0,927000,-927000,-927000
061577,泰碩元大9A購03  ,0,0,0,0,0,0,0,0,0,-934000,0,0,0,190000,1124000,-934000,-934000
00712,FH富時不動產    ,32000,151000,-119000,0,0,0,0,0,0,-820000,0,0,0,10000,830000,-820000,-939000
064362,友達統一01購02  ,0,0,0,0,0,0,0,0,0,-950000,0,0,0,11000,961000,-950000,-950000
065659,華新科永豐9C購04,0,0,0,0,0,0,0,0,0,-951000,0,0,0,12000,963000,-951000,-951000
057453,矽創元富98購01  ,0,0,0,0,0,0,0,0,0,-954000,0,0,0,0,954000,-954000,-954000
07032P,聯發科統一9C售02,0,0,0,0,0,0,0,0,0,-957000,0,0,0,11000,968000,-957000,-957000
053361,友達元富99購01  ,0,0,0,0,0,0,0,0,0,-963000,0,0,0,30000,993000,-963000,-963000
2356,英業達          ,4975994,5833000,-857006,0,0,0,984000,32000,952000,-1058000,143000,44000,99000,61000,1218000,-1157000,-963006
061770,泰碩元大9B購02  ,0,0,0,0,0,0,0,0,0,-974000,0,0,0,15000,989000,-974000,-974000
061900,志超永豐9B購01  ,0,0,0,0,0,0,0,0,0,-976000,0,0,0,0,976000,-976000,-976000
06701P,臺股指統一99售06,0,0,0,0,0,0,0,0,0,-977000,0,0,0,526000,1503000,-977000,-977000
065376,京鼎元大9C購02  ,0,0,0,0,0,0,0,0,0,-981000,0,0,0,335000,1316000,-981000,-981000
3704,合勤控          ,462000,1306000,-844000,0,0,0,0,0,0,-143000,13000,0,13000,0,156000,-156000,-987000
4958,臻鼎-KY         ,1386218,2291000,-904782,0,0,0,86000,541000,-455000,372000,374000,108000,266000,159000,53000,106000,-987782
3576,聯合再生        ,2079000,3074000,-995000,0,0,0,0,0,0,0,0,0,0,0,0,0,-995000
08064P,上証2X凱基9C售02,0,0,0,0,0,0,0,0,0,-999000,0,0,0,0,999000,-999000,-999000
06608P,立積群益99售02  ,0,0,0,0,0,0,0,0,0,-1007000,0,0,0,9000,1016000,-1007000,-1007000
03840P,台積電統一99售02,0,0,0,0,0,0,0,0,0,-1011000,0,0,0,0,1011000,-1011000,-1011000
1229,聯華            ,403000,1456000,-1053000,0,0,0,0,0,0,30000,30000,0,30000,0,0,0,-1023000
065955,健鼎統一01購03  ,0,0,0,0,0,0,0,0,0,-1025000,0,0,0,88000,1113000,-1025000,-1025000
058537,彩晶統一9B購01  ,0,0,0,0,0,0,0,0,0,-1039000,0,0,0,133000,1172000,-1039000,-1039000
062986,T50反1中信02購01,0,0,0,0,0,0,0,0,0,-1045000,0,0,0,0,1045000,-1045000,-1045000
056892,旺宏元大9A購02  ,0,0,0,0,0,0,0,0,0,-1048000,0,0,0,0,1048000,-1048000,-1048000
054827,宏全元大9A購01  ,0,0,0,0,0,0,0,0,0,-1049000,0,0,0,0,1049000,-1049000,-1049000
063900,GIS群益9C購03   ,0,0,0,0,0,0,0,0,0,-1049000,0,0,0,51000,1100000,-1049000,-1049000
066248,長興元大01購01  ,0,0,0,0,0,0,0,0,0,-1057000,0,0,0,0,1057000,-1057000,-1057000
6176,瑞儀            ,506000,3816000,-3310000,0,0,0,223000,10000,213000,2035000,523000,40000,483000,1754000,202000,1552000,-1062000
064988,志超元大9C購01  ,0,0,0,0,0,0,0,0,0,-1067000,0,0,0,133000,1200000,-1067000,-1067000
3545,敦泰            ,4347000,5480000,-1133000,0,0,0,0,0,0,65000,22000,0,22000,43000,0,43000,-1068000
058154,泰碩統一9A購01  ,0,0,0,0,0,0,0,0,0,-1070000,0,0,0,162000,1232000,-1070000,-1070000
061479,泰碩元大9A購02  ,0,0,0,0,0,0,0,0,0,-1070000,0,0,0,30000,1100000,-1070000,-1070000
057287,彩晶元大9C購03  ,0,0,0,0,0,0,0,0,0,-1077000,0,0,0,100000,1177000,-1077000,-1077000
065530,亞德客統一9C購02,0,0,0,0,0,0,0,0,0,-1081000,0,0,0,34000,1115000,-1081000,-1081000
063817,GIS群益9C購01   ,0,0,0,0,0,0,0,0,0,-1097000,0,0,0,175000,1272000,-1097000,-1097000
064914,友達統一02購03  ,0,0,0,0,0,0,0,0,0,-1098000,0,0,0,108000,1206000,-1098000,-1098000
03432B,臺股指凱基98熊13,0,0,0,0,0,0,0,0,0,-1099000,0,0,0,0,1099000,-1099000,-1099000
059849,興勤永豐99購01  ,0,0,0,0,0,0,0,0,0,-1115000,0,0,0,0,1115000,-1115000,-1115000
3016,嘉晶            ,650000,1018000,-368000,0,0,0,0,0,0,-755000,0,51000,-51000,121000,825000,-704000,-1123000
060699,華新科國泰9B購03,0,0,0,0,0,0,0,0,0,-1128000,0,0,0,141000,1269000,-1128000,-1128000
065020,友達富邦01購02  ,0,0,0,0,0,0,0,0,0,-1129000,0,0,0,32000,1161000,-1129000,-1129000
065904,群創富邦02購01  ,0,0,0,0,0,0,0,0,0,-1129000,0,0,0,71000,1200000,-1129000,-1129000
065118,國巨富邦01購02  ,0,0,0,0,0,0,0,0,0,-1133000,0,0,0,134000,1267000,-1133000,-1133000
062699,台積電元大01購02,0,0,0,0,0,0,0,0,0,-1148000,0,0,0,420000,1568000,-1148000,-1148000
064252,嘉澤元富9C購01  ,0,0,0,0,0,0,0,0,0,-1151000,0,0,0,95000,1246000,-1151000,-1151000
064094,達新群益9C購01  ,0,0,0,0,0,0,0,0,0,-1152000,0,0,0,0,1152000,-1152000,-1152000
5469,瀚宇博          ,2815350,5976931,-3161581,0,0,0,707000,0,707000,1290000,977000,22000,955000,650000,315000,335000,-1164581
05644P,大立光中信9A售03,0,0,0,0,0,0,0,0,0,-1170000,0,0,0,160000,1330000,-1170000,-1170000
00631L,元大台灣50正2   ,200000,648000,-448000,0,0,0,0,0,0,-726000,7000,22000,-15000,2313000,3024000,-711000,-1174000
065405,華新科富邦03購01,0,0,0,0,0,0,0,0,0,-1180000,0,0,0,0,1180000,-1180000,-1180000
4960,誠美材          ,1352000,2558000,-1206000,0,0,0,0,0,0,11000,11000,0,11000,0,0,0,-1195000
057049,新日興元大98購02,0,0,0,0,0,0,0,0,0,-1200000,0,0,0,143000,1343000,-1200000,-1200000
064531,旭富兆豐9C購01  ,0,0,0,0,0,0,0,0,0,-1214000,0,0,0,0,1214000,-1214000,-1214000
6191,精成科          ,566000,1803000,-1237000,0,0,0,0,0,0,14000,14000,0,14000,0,0,0,-1223000
043442,大立光台新01購01,0,0,0,0,0,0,0,0,0,-1228000,0,0,0,0,1228000,-1228000,-1228000
05347P,滬深2X元富9B售02,0,0,0,0,0,0,0,0,0,-1240000,0,0,0,1820000,3060000,-1240000,-1240000
064250,亞光元富9C購01  ,0,0,0,0,0,0,0,0,0,-1267000,0,0,0,102000,1369000,-1267000,-1267000
8039,台虹            ,714000,1008000,-294000,0,0,0,0,0,0,-981000,28000,460000,-432000,30000,579000,-549000,-1275000
9946,三發地產        ,14000,1289000,-1275000,0,0,0,0,0,0,0,0,0,0,0,0,0,-1275000
062698,台積電元大01購01,0,0,0,0,0,0,0,0,0,-1279000,0,0,0,245000,1524000,-1279000,-1279000
053797,台積電中信98購01,0,0,0,0,0,0,0,0,0,-1289000,0,0,0,0,1289000,-1289000,-1289000
065539,瑞儀統一01購01  ,0,0,0,0,0,0,0,0,0,-1317000,0,0,0,251000,1568000,-1317000,-1317000
052542,友達元富98購01  ,0,0,0,0,0,0,0,0,0,-1335000,0,0,0,150000,1485000,-1335000,-1335000
065013,矽創國泰02購01  ,0,0,0,0,0,0,0,0,0,-1359000,0,0,0,230000,1589000,-1359000,-1359000
2371,大同            ,96010,1954000,-1857990,0,0,0,0,0,0,468000,528000,68000,460000,8000,0,8000,-1389990
062540,茂林國泰9C購01  ,0,0,0,0,0,0,0,0,0,-1403000,0,0,0,121000,1524000,-1403000,-1403000
00656R,國泰中國A50反1  ,0,322000,-322000,0,0,0,0,0,0,-1088000,0,0,0,331000,1419000,-1088000,-1410000
07741P,滬深2X凱基9B售04,0,0,0,0,0,0,0,0,0,-1473000,0,0,0,120000,1593000,-1473000,-1473000
6269,台郡            ,1179000,3724000,-2545000,0,0,0,1174000,0,1174000,-115000,221000,86000,135000,91000,341000,-250000,-1486000
08644P,臺股指中信02售02,0,0,0,0,0,0,0,0,0,-1528000,0,0,0,0,1528000,-1528000,-1528000
061920,台積電凱基9C購02,0,0,0,0,0,0,0,0,0,-1535000,0,0,0,55000,1590000,-1535000,-1535000
057839,台積電富邦9A購02,0,0,0,0,0,0,0,0,0,-1541000,0,0,0,16000,1557000,-1541000,-1541000
054893,帆宣統一99購01  ,0,0,0,0,0,0,0,0,0,-1558000,0,0,0,156000,1714000,-1558000,-1558000
8112,至上            ,146000,1733000,-1587000,0,0,0,0,0,0,26000,26000,0,26000,0,0,0,-1561000
065984,緯創富邦03購01  ,0,0,0,0,0,0,0,0,0,-1573000,0,0,0,29000,1602000,-1573000,-1573000
2201,裕隆            ,1462000,786000,676000,0,0,0,0,1958000,-1958000,-327000,41000,402000,-361000,70000,36000,34000,-1609000
2436,偉詮電          ,77000,1777000,-1700000,0,0,0,0,0,0,15000,16000,1000,15000,0,0,0,-1685000
2332,友訊            ,3264000,5379000,-2115000,0,0,0,0,0,0,410000,111000,8000,103000,355000,48000,307000,-1705000
00664R,國泰臺灣加權反1 ,1000,0,1000,0,0,0,0,0,0,-1768000,0,0,0,503000,2271000,-1768000,-1767000
058769,友達兆豐99購01  ,0,0,0,0,0,0,0,0,0,-1768000,0,0,0,100000,1868000,-1768000,-1768000
063054,健鼎統一01購01  ,0,0,0,0,0,0,0,0,0,-1823000,0,0,0,501000,2324000,-1823000,-1823000
063143,嘉澤統一9B購02  ,0,0,0,0,0,0,0,0,0,-1875000,0,0,0,135000,2010000,-1875000,-1875000
3653,健策            ,386000,2102000,-1716000,0,0,0,40000,46000,-6000,-181000,27000,58000,-31000,89000,239000,-150000,-1903000
062163,大毅國泰01購01  ,0,0,0,0,0,0,0,0,0,-2095000,0,0,0,154000,2249000,-2095000,-2095000
6257,矽格            ,606000,3304000,-2698000,0,0,0,1000000,0,1000000,-486000,65000,148000,-83000,165000,568000,-403000,-2184000
00852L,國泰美國道瓊正2 ,350000,1533000,-1183000,0,0,0,0,0,0,-1011000,0,0,0,7777000,8788000,-1011000,-2194000
046949,群創元大99購01  ,0,0,0,0,0,0,0,0,0,-2202000,0,0,0,1422000,3624000,-2202000,-2202000
064718,友達統一02購01  ,0,0,0,0,0,0,0,0,0,-2275000,0,0,0,70000,2345000,-2275000,-2275000
07861P,台灣50中信03售08,0,0,0,0,0,0,0,0,0,-2359000,0,0,0,0,2359000,-2359000,-2359000
2327,國巨            ,1731142,4406950,-2675808,0,0,0,0,697000,-697000,285000,200000,60000,140000,173000,28000,145000,-3087808
2367,燿華            ,2099000,7077000,-4978000,0,0,0,0,0,0,574000,214000,0,214000,585000,225000,360000,-4404000
00653L,富邦印度正2     ,703000,3549000,-2846000,0,0,0,0,0,0,-1560000,0,0,0,2399000,3959000,-1560000,-4406000
00634R,富邦上証反1     ,158000,931000,-773000,0,0,0,0,0,0,-4490000,0,0,0,2494000,6984000,-4490000,-5263000
00632R,元大台灣50反1   ,9648000,3211000,6437000,0,0,0,0,0,0,-11773000,100000,1771000,-1671000,38876000,48978000,-10102000,-5336000
3711,日月光投控      ,3879015,10959000,-7079985,0,0,0,0,82000,-82000,135000,215000,81000,134000,31000,30000,1000,-7026985
00638R,元大滬深300反1  ,409000,507000,-98000,0,0,0,0,0,0,-7676000,0,4651000,-4651000,3230000,6255000,-3025000,-7774000
00677U,富邦VIX         ,8880000,69950000,-61070000,0,0,0,0,0,0,-46622000,400000,600000,-200000,33751000,80173000,-46422000,-107692000
