證券代號,證券名稱,外陸資買進股數(不含外資自營商),外陸資賣出股數(不含外資自營商),外陸資買賣超股數(不含外資自營商),外資自營商買進股數,外資自營商賣出股數,外資自營商買賣超股數,投信買進股數,投信賣出股數,投信買賣超股數,自營商買賣超股數,自營商買進股數(自行買賣),自營商賣出股數(自行買賣),自營商買賣超股數(自行買賣),自營商買進股數(避險),自營商賣出股數(避險),自營商買賣超股數(避險),三大法人買賣超股數
00677U,富邦VIX         ,386779000,41330000,345449000,0,0,0,0,0,0,262372000,24156000,800000,23356000,256804000,17788000,239016000,607821000
00637L,元大滬深300正2  ,6295000,1611000,4684000,0,0,0,0,0,0,10829000,0,0,0,28168000,17339000,10829000,15513000
3481,群創            ,43095103,28975409,14119694,0,0,0,0,0,0,833000,1201000,188000,1013000,1352000,1532000,-180000,14952694
0050,元大台灣50      ,11805000,1825100,9979900,0,0,0,0,52000,-52000,-1078000,886000,34000,852000,1563000,3493000,-1930000,8849900
2888,新光金          ,16388278,8109000,8279278,0,0,0,0,64000,-64000,-423000,317000,436000,-119000,402000,706000,-304000,7792278
00669R,國泰美國道瓊反1 ,274000,123000,151000,0,0,0,0,0,0,6702000,0,0,0,8997000,2295000,6702000,6853000
2409,友達            ,35915000,30197785,5717215,0,0,0,1179000,12000,1167000,-569000,462000,359000,103000,473000,1145000,-672000,6315215
2330,台積電          ,26105294,21222567,4882727,0,0,0,236000,275000,-39000,958000,558000,50000,508000,752000,302000,450000,5801727
00671R,富邦NASDAQ反1   ,1349000,287000,1062000,0,0,0,0,0,0,4522000,0,0,0,5092000,570000,4522000,5584000
0056,元大高股息      ,76100,77000,-900,0,0,0,0,105000,-105000,5576000,40000,40000,0,6969000,1393000,5576000,5470100
00861,元大全球未來通訊,0,306000,-306000,0,0,0,0,0,0,4509000,0,941000,-941000,6069000,619000,5450000,4203000
4938,和碩            ,9199220,5573405,3625815,0,0,0,90000,19000,71000,418000,282000,80000,202000,345000,129000,216000,4114815
2303,聯電            ,33942044,37987622,-4045578,0,0,0,6458000,103000,6355000,1505000,1484000,303000,1181000,524000,200000,324000,3814422
060937,T50反1國票9A購10,0,0,0,0,0,0,0,0,0,3605000,0,0,0,4050000,445000,3605000,3605000
051530,鴻海國票97購01  ,0,0,0,0,0,0,0,0,0,3405000,0,0,0,3405000,0,3405000,3405000
2458,義隆            ,3221000,1776000,1445000,0,0,0,504000,184000,320000,1349000,721000,73000,648000,748000,47000,701000,3114000
3231,緯創            ,5836090,3734210,2101880,0,0,0,856000,15000,841000,-58000,92000,2000,90000,59000,207000,-148000,2884880
060047,道瓊反凱基99購01,0,0,0,0,0,0,0,0,0,2858000,0,0,0,3747000,889000,2858000,2858000
2201,裕隆            ,4524000,1733000,2791000,0,0,0,135000,0,135000,-140000,59000,139000,-80000,132000,192000,-60000,2786000
00850,元大臺灣ESG永續 ,2000,4000,-2000,0,0,0,0,0,0,2767000,0,0,0,3355000,588000,2767000,2765000
2356,英業達          ,3982000,1683000,2299000,0,0,0,915000,174000,741000,-308000,64000,8000,56000,70000,434000,-364000,2732000
2448,晶電            ,7203000,4771000,2432000,0,0,0,852000,0,852000,-559000,569000,1128000,-559000,28000,28000,0,2725000
1309,台達化          ,2971000,385000,2586000,0,0,0,0,0,0,2000,2000,0,2000,0,0,0,2588000
2449,京元電子        ,5507000,2517000,2990000,0,0,0,0,0,0,-508000,29000,120000,-91000,47000,464000,-417000,2482000
058877,T50反1國泰9B購01,0,0,0,0,0,0,0,0,0,2320000,0,0,0,2353000,33000,2320000,2320000
00708L,元大S&P黃金正2  ,133000,40000,93000,0,0,0,0,0,0,2219000,0,0,0,3092000,873000,2219000,2312000
00651R,FH香港反1       ,734000,32000,702000,0,0,0,0,0,0,1572000,0,0,0,2013000,441000,1572000,2274000
08290P,高鐵統一01售01  ,0,0,0,0,0,0,0,0,0,2183000,0,0,0,2283000,100000,2183000,2183000
1515,力山            ,2391000,375000,2016000,0,0,0,0,0,0,106000,40000,40000,0,167000,61000,106000,2122000
4927,泰鼎-KY         ,1690000,510000,1180000,0,0,0,418000,0,418000,470000,3000,60000,-57000,529000,2000,527000,2068000
1402,遠東新          ,4915499,2868960,2046539,0,0,0,0,22000,-22000,7000,66000,16000,50000,21000,64000,-43000,2031539
061844,T50反1國票9C購02,0,0,0,0,0,0,0,0,0,1984000,0,0,0,2108000,124000,1984000,1984000
9945,潤泰新          ,2376307,394000,1982307,0,0,0,0,0,0,0,23000,26000,-3000,3000,0,3000,1982307
06853P,華擎元富98售03  ,0,0,0,0,0,0,0,0,0,1940000,0,0,0,2152000,212000,1940000,1940000
03414B,臺股指凱基99熊01,0,71000,-71000,0,0,0,0,0,0,1943000,0,0,0,3661000,1718000,1943000,1872000
2313,華通            ,5538000,2459000,3079000,0,0,0,525000,1353000,-828000,-413000,841000,1066000,-225000,176000,364000,-188000,1838000
1789,神隆            ,2496000,738000,1758000,0,0,0,0,0,0,68000,6000,0,6000,190000,128000,62000,1826000
3545,敦泰            ,3009000,1195000,1814000,0,0,0,0,0,0,4000,4000,0,4000,0,0,0,1818000
062689,華擎統一02購01  ,0,0,0,0,0,0,0,0,0,1810000,0,0,0,1811000,1000,1810000,1810000
3029,零壹            ,3289000,1508000,1781000,0,0,0,0,0,0,7000,13000,6000,7000,0,0,0,1788000
2610,華航            ,3639000,1882762,1756238,0,0,0,0,15000,-15000,-6000,89000,0,89000,40000,135000,-95000,1735238
050400,臻鼎中信97購01  ,0,0,0,0,0,0,0,0,0,1697000,0,0,0,1697000,0,1697000,1697000
057813,京元電元大98購03,0,0,0,0,0,0,0,0,0,1684000,0,0,0,1904000,220000,1684000,1684000
1314,中石化          ,3562000,1631000,1931000,0,0,0,0,2000,-2000,-322000,5000,8000,-3000,0,319000,-319000,1607000
07597P,臺股指中信01售02,0,0,0,0,0,0,0,0,0,1606000,0,0,0,3018000,1412000,1606000,1606000
3711,日月光投控      ,6241176,4719511,1521665,0,0,0,0,165000,-165000,248000,235000,33000,202000,50000,4000,46000,1604665
06878P,台灣50日盛9B售01,0,0,0,0,0,0,0,0,0,1589000,0,0,0,1664000,75000,1589000,1589000
5871,中租-KY         ,3169636,1575584,1594052,0,0,0,13000,38000,-25000,-14000,22000,52000,-30000,16000,0,16000,1555052
2377,微星            ,2210019,468000,1742019,0,0,0,91000,190000,-99000,-127000,21000,109000,-88000,51000,90000,-39000,1516019
2324,仁寶            ,7279000,5659943,1619057,0,0,0,0,23000,-23000,-154000,80000,0,80000,102000,336000,-234000,1442057
06479P,聯發科中信99售02,0,0,0,0,0,0,0,0,0,1385000,0,0,0,1385000,0,1385000,1385000
056365,欣興元大98購01  ,0,0,0,0,0,0,0,0,0,1372000,0,0,0,1430000,58000,1372000,1372000
00636,國泰中國A50     ,859000,375000,484000,0,0,0,0,0,0,873000,50000,70000,-20000,1340000,447000,893000,1357000
060380,T50反1凱基9A購08,0,0,0,0,0,0,0,0,0,1349000,0,0,0,1349000,0,1349000,1349000
2412,中華電          ,2687000,1425851,1261149,0,0,0,0,24000,-24000,104000,113000,8000,105000,0,1000,-1000,1341149
3042,晶技            ,2462000,851000,1611000,0,0,0,0,498000,-498000,219000,219000,51000,168000,73000,22000,51000,1332000
2505,國揚            ,1872000,756000,1116000,0,0,0,0,0,0,199000,207000,31000,176000,97000,74000,23000,1315000
054709,宏達電統一97購01,0,0,0,0,0,0,0,0,0,1232000,0,0,0,1232000,0,1232000,1232000
2383,台光電          ,1304000,436000,868000,0,0,0,394000,0,394000,-59000,116000,222000,-106000,75000,28000,47000,1203000
2520,冠德            ,1209000,99000,1110000,0,0,0,0,0,0,69000,69000,0,69000,0,0,0,1179000
06503P,臺股指中信9A售02,0,0,0,0,0,0,0,0,0,1163000,0,0,0,1670000,507000,1163000,1163000
063698,上銀群益9B購05  ,0,0,0,0,0,0,0,0,0,1162000,0,0,0,1285000,123000,1162000,1162000
06839P,玉晶光統一9A售05,0,0,0,0,0,0,0,0,0,1159000,0,0,0,1256000,97000,1159000,1159000
054567,拓凱群益98購01  ,0,0,0,0,0,0,0,0,0,1153000,0,0,0,1203000,50000,1153000,1153000
2417,圓剛            ,5018000,3894000,1124000,0,0,0,0,0,0,7000,7000,0,7000,0,0,0,1131000
3006,晶豪科          ,1506000,433000,1073000,0,0,0,0,0,0,44000,59000,4000,55000,9000,20000,-11000,1117000
07999P,台達電凱基9B售02,0,0,0,0,0,0,0,0,0,1096000,0,0,0,1108000,12000,1096000,1096000
063356,台表科元富02購01,0,0,0,0,0,0,0,0,0,1074000,0,0,0,1592000,518000,1074000,1074000
3406,玉晶光          ,1604000,573000,1031000,0,0,0,50000,32000,18000,18000,66000,70000,-4000,51000,29000,22000,1067000
2332,友訊            ,2986000,1522000,1464000,0,0,0,0,0,0,-404000,90000,76000,14000,187000,605000,-418000,1060000
07478P,南電康和9A售02  ,0,0,0,0,0,0,0,0,0,1048000,0,0,0,1381000,333000,1048000,1048000
1717,長興            ,2027000,1008000,1019000,0,0,0,20000,5000,15000,8000,18000,10000,8000,0,0,0,1042000
6176,瑞儀            ,2486000,1557000,929000,0,0,0,0,0,0,103000,98000,16000,82000,77000,56000,21000,1032000
059140,大立光兆豐9A購02,0,0,0,0,0,0,0,0,0,1026000,0,0,0,1060000,34000,1026000,1026000
2301,光寶科          ,3614326,3902185,-287859,0,0,0,370000,9000,361000,948000,1066000,18000,1048000,23000,123000,-100000,1021141
062486,瑞昱富邦9B購01  ,0,0,0,0,0,0,0,0,0,1016000,0,0,0,1441000,425000,1016000,1016000
059524,FBVIX凱基9A購02 ,0,0,0,0,0,0,0,0,0,1013000,0,0,0,1013000,0,1013000,1013000
6213,聯茂            ,1480000,305000,1175000,0,0,0,0,58000,-58000,-107000,43000,129000,-86000,50000,71000,-21000,1010000
054727,台積電日盛97購02,0,0,0,0,0,0,0,0,0,998000,0,0,0,998000,0,998000,998000
1434,福懋            ,1487627,496000,991627,0,0,0,0,6000,-6000,-22000,168000,190000,-22000,0,0,0,963627
00639,富邦深100       ,930000,18000,912000,0,0,0,0,0,0,49000,20000,0,20000,1393000,1364000,29000,961000
07793P,同欣電元大9A售02,0,0,0,0,0,0,0,0,0,960000,0,0,0,980000,20000,960000,960000
06656P,GIS元大98售02   ,0,0,0,0,0,0,0,0,0,956000,0,0,0,1086000,130000,956000,956000
062201,臺指反國票9B購05,0,0,0,0,0,0,0,0,0,954000,0,0,0,1022000,68000,954000,954000
054805,台苯元大9A購01  ,0,0,0,0,0,0,0,0,0,932000,0,0,0,932000,0,932000,932000
08226P,台灣50元大9B售26,0,0,0,0,0,0,0,0,0,929000,0,0,0,999000,70000,929000,929000
07588P,滬深2X國票9C售01,0,0,0,0,0,0,0,0,0,929000,0,0,0,1009000,80000,929000,929000
062797,瑞昱統一9B購01  ,0,0,0,0,0,0,0,0,0,922000,0,0,0,1481000,559000,922000,922000
1210,大成            ,900000,133000,767000,0,0,0,329000,205000,124000,25000,27000,2000,25000,0,0,0,916000
07922P,大立光群益9B售05,0,0,0,0,0,0,0,0,0,912000,0,0,0,982000,70000,912000,912000
2905,三商            ,1218000,337000,881000,0,0,0,0,0,0,4000,4000,0,4000,0,0,0,885000
051732,華通國票97購01  ,0,0,0,0,0,0,0,0,0,879000,0,0,0,879000,0,879000,879000
06701P,臺股指統一99售06,0,0,0,0,0,0,0,0,0,873000,0,0,0,873000,0,873000,873000
063134,裕隆統一01購01  ,0,0,0,0,0,0,0,0,0,871000,0,0,0,1066000,195000,871000,871000
2102,泰豐            ,984000,120000,864000,0,0,0,0,0,0,4000,4000,0,4000,0,0,0,868000
1308,亞聚            ,999000,144000,855000,0,0,0,0,0,0,1000,1000,0,1000,0,0,0,856000
07032P,聯發科統一9C售02,0,0,0,0,0,0,0,0,0,852000,0,0,0,852000,0,852000,852000
00641R,富邦日本反1     ,552000,147000,405000,0,0,0,0,0,0,444000,0,0,0,641000,197000,444000,849000
07714P,世紀鋼元大9A售03,0,0,0,0,0,0,0,0,0,843000,0,0,0,843000,0,843000,843000
00650L,FH香港正2       ,64000,64000,0,0,0,0,0,0,0,842000,0,0,0,1914000,1072000,842000,842000
056846,晶相光元富98購01,0,0,0,0,0,0,0,0,0,837000,0,0,0,847000,10000,837000,837000
3014,聯陽            ,956000,167000,789000,0,0,0,0,0,0,41000,13000,0,13000,28000,0,28000,830000
08331P,義隆元富9C售02  ,0,0,0,0,0,0,0,0,0,820000,0,0,0,925000,105000,820000,820000
055891,鴻海統一9A購01  ,0,0,0,0,0,0,0,0,0,814000,0,0,0,1117000,303000,814000,814000
08097P,嘉澤永豐9B售03  ,0,0,0,0,0,0,0,0,0,813000,0,0,0,921000,108000,813000,813000
08177P,金像電元大9B售02,0,0,0,0,0,0,0,0,0,813000,0,0,0,840000,27000,813000,813000
2345,智邦            ,2339360,1713739,625621,0,0,0,226000,1000,225000,-39000,104000,114000,-10000,34000,63000,-29000,811621
054366,和大中信98購01  ,0,0,0,0,0,0,0,0,0,810000,0,0,0,810000,0,810000,810000
057202,TPK元富98購02   ,0,0,0,0,0,0,0,0,0,808000,0,0,0,849000,41000,808000,808000
2633,台灣高鐵        ,3146868,1546841,1600027,0,0,0,20000,1101000,-1081000,277000,17000,5000,12000,337000,72000,265000,796027
08112P,臺股指中信01售07,0,0,0,0,0,0,0,0,0,793000,0,0,0,923000,130000,793000,793000
08096P,大立光元富9B售04,0,0,0,0,0,0,0,0,0,768000,0,0,0,778000,10000,768000,768000
2363,矽統            ,2690000,1939500,750500,0,0,0,0,0,0,13000,17000,4000,13000,0,0,0,763500
07861P,台灣50中信03售08,0,0,0,0,0,0,0,0,0,754000,0,0,0,865000,111000,754000,754000
1536,和大            ,831000,1251000,-420000,0,0,0,880000,0,880000,292000,218000,55000,163000,215000,86000,129000,752000
07905P,大立光群益9B售04,0,0,0,0,0,0,0,0,0,749000,0,0,0,849000,100000,749000,749000
6257,矽格            ,1023000,323000,700000,0,0,0,0,0,0,49000,86000,76000,10000,49000,10000,39000,749000
06326P,鴻海中信01售01  ,0,0,0,0,0,0,0,0,0,744000,0,0,0,820000,76000,744000,744000
064406,健策凱基03購01  ,0,0,0,0,0,0,0,0,0,733000,0,0,0,789000,56000,733000,733000
2823,中壽            ,4889457,4478490,410967,0,0,0,0,15000,-15000,336000,36000,10000,26000,325000,15000,310000,731967
2006,東和鋼鐵        ,1551000,890000,661000,0,0,0,0,1000,-1000,70000,126000,56000,70000,0,0,0,730000
08095P,大立光元富9B售03,0,0,0,0,0,0,0,0,0,725000,0,0,0,727000,2000,725000,725000
00676R,富邦臺灣加權反1 ,48000,48000,0,0,0,0,0,0,0,722000,0,0,0,3288000,2566000,722000,722000
07247P,聯發科凱基9A售06,0,0,0,0,0,0,0,0,0,720000,0,0,0,865000,145000,720000,720000
3034,聯詠            ,1685887,1006802,679085,0,0,0,0,26000,-26000,64000,51000,23000,28000,58000,22000,36000,717085
07354P,臺股指國票99售22,0,0,0,0,0,0,0,0,0,717000,0,0,0,730000,13000,717000,717000
06763P,技嘉元大98售05  ,0,0,0,0,0,0,0,0,0,711000,0,0,0,845000,134000,711000,711000
07126P,台積電元大99售23,0,0,0,0,0,0,0,0,0,707000,0,0,0,752000,45000,707000,707000
06852P,臺股指元大98售11,0,0,0,0,0,0,0,0,0,696000,0,0,0,2333000,1637000,696000,696000
2504,國產            ,1157000,676000,481000,0,0,0,0,0,0,211000,7000,5000,2000,306000,97000,209000,692000
063351,億豐統一9B購01  ,0,0,0,0,0,0,0,0,0,692000,0,0,0,841000,149000,692000,692000
07334P,臺股指國票99售19,0,0,0,0,0,0,0,0,0,691000,0,0,0,841000,150000,691000,691000
00638R,元大滬深300反1  ,314000,29000,285000,0,0,0,0,0,0,400000,900000,0,900000,422000,922000,-500000,685000
058315,TPK富邦9C購01   ,0,0,0,0,0,0,0,0,0,683000,0,0,0,864000,181000,683000,683000
07774P,台灣50群益9A售16,0,0,0,0,0,0,0,0,0,683000,0,0,0,1561000,878000,683000,683000
8081,致新            ,1014000,405000,609000,0,0,0,64000,0,64000,5000,1000,51000,-50000,61000,6000,55000,678000
064379,TPK元富9C購01   ,0,0,0,0,0,0,0,0,0,677000,0,0,0,787000,110000,677000,677000
6269,台郡            ,1700000,500000,1200000,0,0,0,246000,841000,-595000,72000,80000,62000,18000,60000,6000,54000,677000
060772,FBVIX凱基9A購03 ,0,0,0,0,0,0,0,0,0,676000,0,0,0,706000,30000,676000,676000
00738U,元大道瓊白銀    ,1803000,828000,975000,0,0,0,0,0,0,-303000,0,0,0,819000,1122000,-303000,672000
00692,富邦公司治理    ,12000,14000,-2000,0,0,0,0,0,0,673000,0,0,0,2394000,1721000,673000,671000
02001R,富邦蘋果反一N   ,0,0,0,0,0,0,0,0,0,670000,0,0,0,670000,0,670000,670000
054253,宏達電元大97購03,0,0,0,0,0,0,0,0,0,670000,0,0,0,670000,0,670000,670000
07731P,臺股指凱基9A售28,0,0,0,0,0,0,0,0,0,670000,0,0,0,793000,123000,670000,670000
08130P,義隆元大9B售05  ,0,0,0,0,0,0,0,0,0,665000,0,0,0,904000,239000,665000,665000
056559,華通群益98購02  ,0,0,0,0,0,0,0,0,0,658000,0,0,0,740000,82000,658000,658000
063229,台表科群益9B購04,0,0,0,0,0,0,0,0,0,658000,0,0,0,709000,51000,658000,658000
064064,義隆富邦03購01  ,0,0,0,0,0,0,0,0,0,656000,0,0,0,834000,178000,656000,656000
08156P,大立光元富9B售05,0,0,0,0,0,0,0,0,0,654000,0,0,0,665000,11000,654000,654000
1720,生達            ,762000,98000,664000,0,0,0,0,0,0,-11000,3000,14000,-11000,0,0,0,653000
064169,南電統一9C購01  ,0,0,0,0,0,0,0,0,0,652000,0,0,0,881000,229000,652000,652000
062986,T50反1中信02購01,0,0,0,0,0,0,0,0,0,650000,0,0,0,663000,13000,650000,650000
055505,新唐元大97購02  ,0,0,0,0,0,0,0,0,0,650000,0,0,0,650000,0,650000,650000
06893P,致新元富98售02  ,0,0,0,0,0,0,0,0,0,646000,0,0,0,892000,246000,646000,646000
08157P,大立光元富9B售06,0,0,0,0,0,0,0,0,0,643000,0,0,0,643000,0,643000,643000
6505,台塑化          ,3338000,2485620,852380,0,0,0,0,197000,-197000,-19000,22000,40000,-18000,0,1000,-1000,636380
07536P,華新科元富9A售04,0,0,0,0,0,0,0,0,0,636000,0,0,0,682000,46000,636000,636000
2614,東森            ,823000,199000,624000,0,0,0,0,0,0,8000,8000,0,8000,0,0,0,632000
07630P,臺股指凱基9A售11,0,0,0,0,0,0,0,0,0,627000,0,0,0,813000,186000,627000,627000
07263P,台積電元大99售37,0,0,0,0,0,0,0,0,0,626000,0,0,0,806000,180000,626000,626000
2603,長榮            ,4045842,2548000,1497842,0,0,0,302000,14000,288000,-1161000,69000,1230000,-1161000,0,0,0,624842
3016,嘉晶            ,1857000,860000,997000,0,0,0,40000,400000,-360000,-14000,17000,10000,7000,51000,72000,-21000,623000
020012,富邦行動通訊N   ,0,0,0,0,0,0,0,0,0,621000,0,0,0,641000,20000,621000,621000
063293,億豐元大9B購01  ,0,0,0,0,0,0,0,0,0,620000,0,0,0,654000,34000,620000,620000
06771P,台灣50中信02售01,0,0,0,0,0,0,0,0,0,614000,0,0,0,684000,70000,614000,614000
07171P,臺股指國票99售08,0,0,0,0,0,0,0,0,0,609000,0,0,0,953000,344000,609000,609000
08094P,華新科元富9B售05,0,0,0,0,0,0,0,0,0,609000,0,0,0,609000,0,609000,609000
062165,聯茂國泰01購01  ,0,0,0,0,0,0,0,0,0,608000,0,0,0,658000,50000,608000,608000
1440,南紡            ,784000,184000,600000,0,0,0,0,0,0,0,0,0,0,0,0,0,600000
06725P,聯電元富98售01  ,0,0,0,0,0,0,0,0,0,599000,0,0,0,811000,212000,599000,599000
07552P,技嘉元大9A售03  ,0,0,0,0,0,0,0,0,0,597000,0,0,0,597000,0,597000,597000
07366P,國巨康和99售02  ,0,0,0,0,0,0,0,0,0,587000,0,0,0,1666000,1079000,587000,587000
3661,世芯-KY         ,1298020,821060,476960,0,0,0,24000,0,24000,84000,52000,46000,6000,98000,20000,78000,584960
06954P,大立光元富99售01,0,0,0,0,0,0,0,0,0,582000,0,0,0,610000,28000,582000,582000
08101P,超眾群益9B售02  ,0,0,0,0,0,0,0,0,0,580000,0,0,0,580000,0,580000,580000
3045,台灣大          ,1218031,678000,540031,0,0,0,0,11000,-11000,48000,56000,8000,48000,0,0,0,577031
07849P,大立光群益9A售06,0,0,0,0,0,0,0,0,0,576000,0,0,0,626000,50000,576000,576000
08000P,奇鋐凱基9B售03  ,0,0,0,0,0,0,0,0,0,576000,0,0,0,576000,0,576000,576000
08329P,台達電統一9C售02,0,0,0,0,0,0,0,0,0,575000,0,0,0,615000,40000,575000,575000
060225,S&P反1元大9A購02,0,0,0,0,0,0,0,0,0,572000,0,0,0,572000,0,572000,572000
060337,FBVIX統一9A購01 ,0,0,0,0,0,0,0,0,0,570000,0,0,0,961000,391000,570000,570000
2376,技嘉            ,1382000,1058000,324000,0,0,0,100000,0,100000,145000,207000,57000,150000,104000,109000,-5000,569000
3665,貿聯-KY         ,653000,60000,593000,0,0,0,13000,40000,-27000,2000,38000,31000,7000,12000,17000,-5000,568000
1722,台肥            ,941000,378000,563000,0,0,0,0,3000,-3000,6000,9000,0,9000,0,3000,-3000,566000
059259,FBVIX中信03購06 ,0,0,0,0,0,0,0,0,0,566000,0,0,0,587000,21000,566000,566000
059540,新光金日盛99購01,0,0,0,0,0,0,0,0,0,565000,0,0,0,570000,5000,565000,565000
2317,鴻海            ,11780000,9960895,1819105,0,0,0,0,155000,-155000,-1101000,495000,484000,11000,168000,1280000,-1112000,563105
059425,SGBR2X元大9A購02,0,0,0,0,0,0,0,0,0,562000,0,0,0,762000,200000,562000,562000
07728P,臺股指凱基9A售20,0,0,0,0,0,0,0,0,0,562000,0,0,0,609000,47000,562000,562000
08244P,同欣電凱基9C售03,0,0,0,0,0,0,0,0,0,561000,0,0,0,566000,5000,561000,561000
064189,TPK永豐9C購01   ,0,0,0,0,0,0,0,0,0,556000,0,0,0,593000,37000,556000,556000
054565,玉晶光群益99購02,0,0,0,0,0,0,0,0,0,550000,0,0,0,550000,0,550000,550000
07833P,大立光群益9B售02,0,0,0,0,0,0,0,0,0,550000,0,0,0,550000,0,550000,550000
1905,華紙            ,819000,284000,535000,0,0,0,0,0,0,6000,6000,0,6000,0,0,0,541000
056520,鴻海日盛99購01  ,0,0,0,0,0,0,0,0,0,540000,0,0,0,600000,60000,540000,540000
6112,聚碩            ,820000,289000,531000,0,0,0,0,0,0,2000,7000,5000,2000,0,0,0,533000
2308,台達電          ,5074000,5128153,-54153,0,0,0,278000,38000,240000,347000,290000,5000,285000,79000,17000,62000,532847
4958,臻鼎-KY         ,1834443,1671289,163154,0,0,0,156000,46000,110000,259000,333000,164000,169000,94000,4000,90000,532154
1514,亞力            ,723000,205000,518000,0,0,0,0,0,0,11000,11000,0,11000,0,0,0,529000
08148P,長榮航群益9B售03,0,0,0,0,0,0,0,0,0,529000,0,0,0,529000,0,529000,529000
07468P,聯電元大9A售02  ,0,0,0,0,0,0,0,0,0,529000,0,0,0,544000,15000,529000,529000
1215,卜蜂            ,515000,50000,465000,0,0,0,0,0,0,56000,43000,0,43000,36000,23000,13000,521000
1229,聯華            ,897000,377000,520000,0,0,0,0,0,0,0,0,0,0,0,0,0,520000
061025,創意富邦9B購01  ,0,0,0,0,0,0,0,0,0,520000,0,0,0,610000,90000,520000,520000
00664R,國泰臺灣加權反1 ,55000,55000,0,0,0,0,0,0,0,520000,0,0,0,2901000,2381000,520000,520000
050170,臺指反元大97購02,0,0,0,0,0,0,0,0,0,520000,0,0,0,530000,10000,520000,520000
03447B,臺股指凱基9B熊16,0,0,0,0,0,0,0,0,0,519000,0,0,0,1591000,1072000,519000,519000
07649P,金像電永豐9A售02,0,0,0,0,0,0,0,0,0,519000,0,0,0,563000,44000,519000,519000
6278,台表科          ,1167000,971000,196000,0,0,0,304000,0,304000,19000,237000,96000,141000,30000,152000,-122000,519000
3437,榮創            ,674000,154000,520000,0,0,0,0,0,0,-3000,9000,12000,-3000,0,0,0,517000
061041,南電永豐9A購03  ,0,0,0,0,0,0,0,0,0,516000,0,0,0,565000,49000,516000,516000
057603,樺漢群益98購02  ,0,0,0,0,0,0,0,0,0,514000,0,0,0,514000,0,514000,514000
058587,台積電中信9C購03,0,0,0,0,0,0,0,0,0,509000,0,0,0,577000,68000,509000,509000
4956,光鋐            ,874000,363000,511000,0,0,0,0,0,0,-2000,1000,3000,-2000,0,0,0,509000
03648C,T50反1元大96牛07,0,0,0,0,0,0,0,0,0,505000,0,0,0,505000,0,505000,505000
07458P,長榮航元大9A售01,0,0,0,0,0,0,0,0,0,505000,0,0,0,505000,0,505000,505000
061774,T50反1國票9B購06,0,0,0,0,0,0,0,0,0,504000,0,0,0,635000,131000,504000,504000
3698,隆達            ,1300000,686000,614000,0,0,0,0,0,0,-112000,18000,90000,-72000,0,40000,-40000,502000
057416,T50反1凱基9C購01,0,0,0,0,0,0,0,0,0,500000,0,0,0,596000,96000,500000,500000
060829,T50反1國票9A購06,0,0,0,0,0,0,0,0,0,500000,0,0,0,500000,0,500000,500000
055601,茂林元大97購03  ,0,0,0,0,0,0,0,0,0,499000,0,0,0,499000,0,499000,499000
043538,元石油國票97購01,0,0,0,0,0,0,0,0,0,499000,0,0,0,499000,0,499000,499000
04786P,鴻海永昌96售01  ,0,0,0,0,0,0,0,0,0,499000,0,0,0,499000,0,499000,499000
060310,瑞昱永豐9A購01  ,0,0,0,0,0,0,0,0,0,493000,0,0,0,503000,10000,493000,493000
07800P,華新科國泰9B售04,0,0,0,0,0,0,0,0,0,490000,0,0,0,490000,0,490000,490000
059868,台光電凱基99購03,0,0,0,0,0,0,0,0,0,489000,0,0,0,500000,11000,489000,489000
063541,華擎元富9B購02  ,0,0,0,0,0,0,0,0,0,489000,0,0,0,589000,100000,489000,489000
051847,香港反中信99購01,0,0,0,0,0,0,0,0,0,487000,0,0,0,577000,90000,487000,487000
058854,樺漢群益9B購01  ,0,0,0,0,0,0,0,0,0,486000,0,0,0,554000,68000,486000,486000
06188P,大立光元富97售01,0,0,0,0,0,0,0,0,0,485000,0,0,0,502000,17000,485000,485000
053768,S&P反1元大99購01,0,0,0,0,0,0,0,0,0,485000,0,0,0,485000,0,485000,485000
07958P,華擎群益9B售01  ,0,0,0,0,0,0,0,0,0,483000,0,0,0,643000,160000,483000,483000
063488,金像電國泰01購01,0,0,0,0,0,0,0,0,0,480000,0,0,0,689000,209000,480000,480000
059867,華邦電凱基99購02,0,0,0,0,0,0,0,0,0,480000,0,0,0,510000,30000,480000,480000
061451,南電中信9A購03  ,0,0,0,0,0,0,0,0,0,480000,0,0,0,701000,221000,480000,480000
07955P,大成鋼群益9B售02,0,0,0,0,0,0,0,0,0,479000,0,0,0,479000,0,479000,479000
2349,錸德            ,693000,222000,471000,0,0,0,0,0,0,6000,6000,0,6000,0,0,0,477000
07837P,華邦電元大9A售01,0,0,0,0,0,0,0,0,0,476000,0,0,0,523000,47000,476000,476000
06240P,奇力新元富97售03,0,0,0,0,0,0,0,0,0,473000,0,0,0,534000,61000,473000,473000
058836,FBVIX中信03購05 ,0,0,0,0,0,0,0,0,0,472000,0,0,0,604000,132000,472000,472000
064171,燿華元富9C購01  ,0,0,0,0,0,0,0,0,0,471000,0,0,0,1109000,638000,471000,471000
06491P,台積電富邦99售02,0,0,0,0,0,0,0,0,0,471000,0,0,0,504000,33000,471000,471000
06507P,台表科國票99售01,0,0,0,0,0,0,0,0,0,470000,0,0,0,470000,0,470000,470000
061364,國巨國票9A購09  ,0,0,0,0,0,0,0,0,0,468000,0,0,0,483000,15000,468000,468000
6504,南六            ,644000,533000,111000,0,0,0,130000,0,130000,227000,71000,21000,50000,197000,20000,177000,468000
07164P,臺股指群益99售15,0,0,0,0,0,0,0,0,0,466000,0,0,0,496000,30000,466000,466000
08484P,台灣50中信96售01,0,0,0,0,0,0,0,0,0,464000,0,0,0,464000,0,464000,464000
2478,大毅            ,1132000,760000,372000,0,0,0,0,0,0,91000,8000,5000,3000,115000,27000,88000,463000
07288P,台灣50凱基99售06,0,0,0,0,0,0,0,0,0,460000,0,0,0,463000,3000,460000,460000
006205,富邦上証        ,482000,3000,479000,0,0,0,0,0,0,-22000,130000,110000,20000,1204000,1246000,-42000,457000
00752,中信中國50      ,12000,12000,0,0,0,0,0,0,0,451000,0,0,0,955000,504000,451000,451000
061040,康友永豐9A購01  ,0,0,0,0,0,0,0,0,0,450000,0,0,0,450000,0,450000,450000
058062,上銀中信98購01  ,0,0,0,0,0,0,0,0,0,450000,0,0,0,500000,50000,450000,450000
063175,燿華兆豐9C購01  ,0,0,0,0,0,0,0,0,0,447000,0,0,0,605000,158000,447000,447000
05272P,臻鼎中信97售03  ,0,0,0,0,0,0,0,0,0,446000,0,0,0,446000,0,446000,446000
06619P,聯發科元大98售06,0,0,0,0,0,0,0,0,0,444000,0,0,0,1514000,1070000,444000,444000
1598,岱宇            ,804000,307000,497000,0,0,0,0,0,0,-54000,3000,57000,-54000,0,0,0,443000
055053,瑞昱永豐97購01  ,0,0,0,0,0,0,0,0,0,443000,0,0,0,443000,0,443000,443000
00680L,元大美債20正2   ,152000,0,152000,0,0,0,0,0,0,289000,0,0,0,296000,7000,289000,441000
062805,台勝科統一9C購01,0,0,0,0,0,0,0,0,0,440000,0,0,0,850000,410000,440000,440000
063881,嘉晶元富9C購01  ,0,0,0,0,0,0,0,0,0,440000,0,0,0,559000,119000,440000,440000
6456,GIS-KY          ,1722000,1217000,505000,0,0,0,80000,200000,-120000,53000,27000,35000,-8000,107000,46000,61000,438000
063891,國巨群益9C購07  ,0,0,0,0,0,0,0,0,0,437000,0,0,0,509000,72000,437000,437000
08250P,GIS群益9C售02   ,0,0,0,0,0,0,0,0,0,437000,0,0,0,445000,8000,437000,437000
07502P,美食元大9A售01  ,0,0,0,0,0,0,0,0,0,434000,0,0,0,475000,41000,434000,434000
00633L,富邦上証正2     ,907000,952000,-45000,0,0,0,0,0,0,478000,0,0,0,4914000,4436000,478000,433000
047504,滬深2X國票9A購01,0,0,0,0,0,0,0,0,0,433000,0,0,0,508000,75000,433000,433000
08089P,嘉澤凱基9B售03  ,0,0,0,0,0,0,0,0,0,433000,0,0,0,604000,171000,433000,433000
063419,聯發科凱基03購01,0,0,0,0,0,0,0,0,0,427000,0,0,0,437000,10000,427000,427000
08233P,國泰金元富9B售01,0,0,0,0,0,0,0,0,0,426000,0,0,0,465000,39000,426000,426000
06696P,台灣50國票99售01,0,0,0,0,0,0,0,0,0,425000,0,0,0,425000,0,425000,425000
06836P,玉晶光國票99售06,0,0,0,0,0,0,0,0,0,421000,0,0,0,450000,29000,421000,421000
2534,宏盛            ,563000,141000,422000,0,0,0,0,0,0,-2000,6000,0,6000,0,8000,-8000,420000
2014,中鴻            ,919000,511000,408000,0,0,0,0,0,0,12000,14000,2000,12000,0,0,0,420000
057289,力成元大98購03  ,0,0,0,0,0,0,0,0,0,420000,0,0,0,420000,0,420000,420000
060451,中石化元大9C購02,0,0,0,0,0,0,0,0,0,420000,0,0,0,480000,60000,420000,420000
054472,道瓊反中信9A購01,0,0,0,0,0,0,0,0,0,418000,0,0,0,621000,203000,418000,418000
063137,瑞昱統一01購02  ,0,0,0,0,0,0,0,0,0,415000,0,0,0,420000,5000,415000,415000
08158P,嘉澤元富9B售03  ,0,0,0,0,0,0,0,0,0,415000,0,0,0,633000,218000,415000,415000
062362,致茂元大9B購01  ,0,0,0,0,0,0,0,0,0,414000,0,0,0,463000,49000,414000,414000
061696,南茂群益9A購01  ,0,0,0,0,0,0,0,0,0,412000,0,0,0,429000,17000,412000,412000
2105,正新            ,2147000,1679159,467841,0,0,0,0,9000,-9000,-47000,10000,56000,-46000,0,1000,-1000,411841
054666,強茂元富97購01  ,0,0,0,0,0,0,0,0,0,410000,0,0,0,410000,0,410000,410000
062350,台表科群益9B購01,0,0,0,0,0,0,0,0,0,409000,0,0,0,644000,235000,409000,409000
062058,瑞昱統一01購01  ,0,0,0,0,0,0,0,0,0,409000,0,0,0,409000,0,409000,409000
062061,台勝科統一01購01,0,0,0,0,0,0,0,0,0,408000,0,0,0,997000,589000,408000,408000
2480,敦陽科          ,429000,83000,346000,0,0,0,0,0,0,61000,101000,40000,61000,0,0,0,407000
064146,瑞昱統一01購03  ,0,0,0,0,0,0,0,0,0,406000,0,0,0,422000,16000,406000,406000
062823,台表科兆豐9B購01,0,0,0,0,0,0,0,0,0,404000,0,0,0,505000,101000,404000,404000
08279P,南電元富9C售02  ,0,0,0,0,0,0,0,0,0,403000,0,0,0,407000,4000,403000,403000
058646,聯茂富邦9A購01  ,0,0,0,0,0,0,0,0,0,403000,0,0,0,445000,42000,403000,403000
2455,全新            ,995000,374000,621000,0,0,0,0,245000,-245000,26000,71000,94000,-23000,68000,19000,49000,402000
00739,元大MSCI A股    ,29000,19000,10000,0,0,0,0,0,0,392000,0,0,0,996000,604000,392000,402000
047962,T50反1中信96購02,0,0,0,0,0,0,0,0,0,400000,0,0,0,430000,30000,400000,400000
056459,茂林凱基99購01  ,0,0,0,0,0,0,0,0,0,400000,0,0,0,450000,50000,400000,400000
057083,立積統一98購01  ,0,0,0,0,0,0,0,0,0,400000,0,0,0,400000,0,400000,400000
057899,台積電永豐98購04,0,0,0,0,0,0,0,0,0,400000,0,0,0,400000,0,400000,400000
057777,可成群益9A購03  ,0,0,0,0,0,0,0,0,0,400000,0,0,0,403000,3000,400000,400000
07840P,康控元大9A售02  ,0,0,0,0,0,0,0,0,0,399000,0,0,0,729000,330000,399000,399000
07948P,大成鋼凱基9B售01,0,0,0,0,0,0,0,0,0,399000,0,0,0,486000,87000,399000,399000
2401,凌陽            ,484000,76000,408000,0,0,0,0,0,0,-10000,14000,24000,-10000,0,0,0,398000
06608P,立積群益99售02  ,0,0,0,0,0,0,0,0,0,397000,0,0,0,487000,90000,397000,397000
062593,健策統一9B購03  ,0,0,0,0,0,0,0,0,0,396000,0,0,0,474000,78000,396000,396000
062690,華擎統一9B購01  ,0,0,0,0,0,0,0,0,0,395000,0,0,0,921000,526000,395000,395000
060303,宏達電富邦9B購01,0,0,0,0,0,0,0,0,0,395000,0,0,0,600000,205000,395000,395000
07317P,T50正2凱基9B售02,0,0,0,0,0,0,0,0,0,395000,0,0,0,425000,30000,395000,395000
08315P,台積電元大9C售08,0,0,0,0,0,0,0,0,0,393000,0,0,0,655000,262000,393000,393000
3450,聯鈞            ,553000,237000,316000,0,0,0,0,0,0,77000,2000,1000,1000,94000,18000,76000,393000
056524,欣興中信98購02  ,0,0,0,0,0,0,0,0,0,388000,0,0,0,388000,0,388000,388000
062466,FBVIX凱基9B購01 ,0,0,0,0,0,0,0,0,0,385000,0,0,0,1005000,620000,385000,385000
057266,TPK兆豐98購02   ,0,0,0,0,0,0,0,0,0,382000,0,0,0,627000,245000,382000,382000
063185,聯發科凱基9C購03,0,0,0,0,0,0,0,0,0,382000,0,0,0,470000,88000,382000,382000
00655L,國泰中國A50正2  ,540000,94000,446000,0,0,0,0,0,0,-65000,0,0,0,2365000,2430000,-65000,381000
061187,瀚宇博國泰9C購01,0,0,0,0,0,0,0,0,0,378000,0,0,0,457000,79000,378000,378000
07505P,台勝科元大9A售01,0,5000,-5000,0,0,0,0,0,0,383000,0,0,0,519000,136000,383000,378000
060433,億豐永豐9A購01  ,0,0,0,0,0,0,0,0,0,377000,0,0,0,495000,118000,377000,377000
057307,瀚宇博兆豐99購01,0,0,0,0,0,0,0,0,0,375000,0,0,0,414000,39000,375000,375000
06025P,臺股指元大99售02,0,0,0,0,0,0,0,0,0,375000,0,0,0,508000,133000,375000,375000
06755P,大立光永豐98售03,0,0,0,0,0,0,0,0,0,375000,0,0,0,377000,2000,375000,375000
062290,聯發科富邦9C購04,0,0,0,0,0,0,0,0,0,374000,0,0,0,690000,316000,374000,374000
057681,T50反1日盛9C購01,0,0,0,0,0,0,0,0,0,373000,0,0,0,3095000,2722000,373000,373000
059326,康友元大99購01  ,0,0,0,0,0,0,0,0,0,373000,0,0,0,576000,203000,373000,373000
060404,台勝科國泰9B購01,0,0,0,0,0,0,0,0,0,372000,0,0,0,426000,54000,372000,372000
058841,深中小群益01購01,0,0,0,0,0,0,0,0,0,372000,0,0,0,783000,411000,372000,372000
062102,T50反1國票9B購07,0,0,0,0,0,0,0,0,0,370000,0,0,0,720000,350000,370000,370000
06468P,華新科統一98售02,0,0,0,0,0,0,0,0,0,367000,0,0,0,385000,18000,367000,367000
056211,南港國票98購01  ,0,0,0,0,0,0,0,0,0,366000,0,0,0,381000,15000,366000,366000
062928,富邦金台新9B購02,0,0,0,0,0,0,0,0,0,364000,0,0,0,399000,35000,364000,364000
1449,佳和            ,400000,34000,366000,0,0,0,0,0,0,-2000,0,2000,-2000,0,0,0,364000
063510,台表科群益9C購01,0,0,0,0,0,0,0,0,0,364000,0,0,0,471000,107000,364000,364000
063113,聯茂兆豐9B購01  ,0,0,0,0,0,0,0,0,0,363000,0,0,0,383000,20000,363000,363000
06246P,茂林元富97售03  ,0,0,0,0,0,0,0,0,0,362000,0,0,0,403000,41000,362000,362000
057010,景碩中信98購01  ,0,0,0,0,0,0,0,0,0,362000,0,0,0,368000,6000,362000,362000
057612,瑞昱元富02購01  ,0,0,0,0,0,0,0,0,0,361000,0,0,0,505000,144000,361000,361000
064393,友訊永豐9C購01  ,0,0,0,0,0,0,0,0,0,361000,0,0,0,361000,0,361000,361000
063689,可成永豐9B購04  ,0,0,0,0,0,0,0,0,0,361000,0,0,0,451000,90000,361000,361000
062117,燿華中信9B購01  ,0,0,0,0,0,0,0,0,0,360000,0,0,0,615000,255000,360000,360000
055426,旺宏群益99購02  ,0,0,0,0,0,0,0,0,0,360000,0,0,0,360000,0,360000,360000
064370,聯茂統一02購01  ,0,0,0,0,0,0,0,0,0,360000,0,0,0,515000,155000,360000,360000
062801,宏達電統一01購01,0,0,0,0,0,0,0,0,0,359000,0,0,0,707000,348000,359000,359000
061795,智邦永豐9B購01  ,0,0,0,0,0,0,0,0,0,359000,0,0,0,360000,1000,359000,359000
07963P,智邦統一9B售01  ,0,0,0,0,0,0,0,0,0,359000,0,0,0,409000,50000,359000,359000
06934P,聯鈞元大98售03  ,0,0,0,0,0,0,0,0,0,357000,0,0,0,357000,0,357000,357000
07035P,大立光元富99售04,0,0,0,0,0,0,0,0,0,355000,0,0,0,406000,51000,355000,355000
063786,瑞昱中信06購01  ,0,0,0,0,0,0,0,0,0,355000,0,0,0,498000,143000,355000,355000
3413,京鼎            ,470000,133000,337000,0,0,0,0,0,0,18000,2000,10000,-8000,33000,7000,26000,355000
063977,義隆兆豐9C購01  ,0,0,0,0,0,0,0,0,0,353000,0,0,0,378000,25000,353000,353000
00654R,富邦印度反1     ,69000,83000,-14000,0,0,0,0,0,0,366000,0,0,0,436000,70000,366000,352000
07194P,聯發科元大99售25,0,0,0,0,0,0,0,0,0,350000,0,0,0,450000,100000,350000,350000
2338,光罩            ,636000,317000,319000,0,0,0,0,0,0,30000,4000,1000,3000,43000,16000,27000,349000
064148,瑞昱統一02購01  ,0,0,0,0,0,0,0,0,0,349000,0,0,0,380000,31000,349000,349000
05174P,元金2X富邦9B售01,0,0,0,0,0,0,0,0,0,348000,0,0,0,348000,0,348000,348000
08106P,聯發科統一9B售09,0,0,0,0,0,0,0,0,0,346000,0,0,0,580000,234000,346000,346000
3026,禾伸堂          ,536000,364000,172000,0,0,0,233000,68000,165000,9000,3000,0,3000,13000,7000,6000,346000
06683P,訊芯元大98售07  ,0,0,0,0,0,0,0,0,0,345000,0,0,0,505000,160000,345000,345000
059944,欣興永豐99購03  ,0,0,0,0,0,0,0,0,0,339000,0,0,0,413000,74000,339000,339000
8215,明基材          ,661000,325000,336000,0,0,0,0,0,0,3000,3000,0,3000,0,0,0,339000
060157,致茂永豐9A購02  ,0,0,0,0,0,0,0,0,0,336000,0,0,0,584000,248000,336000,336000
6533,晶心科          ,399000,78000,321000,0,0,0,0,0,0,15000,15000,0,15000,0,0,0,336000
1526,日馳            ,629000,296000,333000,0,0,0,0,0,0,2000,2000,0,2000,0,0,0,335000
1476,儒鴻            ,1196854,738000,458854,0,0,0,2000,45000,-43000,-81000,52000,141000,-89000,9000,1000,8000,334854
059078,FBVIX元大99購06 ,0,0,0,0,0,0,0,0,0,334000,0,0,0,414000,80000,334000,334000
063125,華擎元大9C購02  ,0,0,0,0,0,0,0,0,0,332000,0,0,0,393000,61000,332000,332000
00643,群益深証中小    ,394000,22000,372000,0,0,0,0,0,0,-40000,10000,0,10000,267000,317000,-50000,332000
8926,台汽電          ,511000,186000,325000,0,0,0,0,0,0,6000,6000,0,6000,0,0,0,331000
056430,鴻海凱基98購06  ,0,0,0,0,0,0,0,0,0,330000,0,0,0,330000,0,330000,330000
056927,T50反1台新02購01,0,0,0,0,0,0,0,0,0,330000,0,0,0,330000,0,330000,330000
06682P,玉晶光元大99售08,0,0,0,0,0,0,0,0,0,330000,0,0,0,430000,100000,330000,330000
08309P,GIS凱基9C售01   ,0,0,0,0,0,0,0,0,0,329000,0,0,0,374000,45000,329000,329000
063537,華擎統一9C購03  ,0,0,0,0,0,0,0,0,0,329000,0,0,0,795000,466000,329000,329000
062382,燿華國泰9C購01  ,0,0,0,0,0,0,0,0,0,328000,0,0,0,1071000,743000,328000,328000
08180P,聯發科國泰01售05,0,0,0,0,0,0,0,0,0,328000,0,0,0,352000,24000,328000,328000
08378P,世紀鋼元富9C售02,0,0,0,0,0,0,0,0,0,327000,0,0,0,372000,45000,327000,327000
060632,可成富邦9B購01  ,0,0,0,0,0,0,0,0,0,326000,0,0,0,593000,267000,326000,326000
4915,致伸            ,767000,670420,96580,0,0,0,190000,0,190000,39000,8000,3000,5000,62000,28000,34000,325580
061536,華擎統一9C購02  ,0,0,0,0,0,0,0,0,0,324000,0,0,0,476000,152000,324000,324000
063111,TPK兆豐9B購01   ,0,0,0,0,0,0,0,0,0,324000,0,0,0,397000,73000,324000,324000
061164,燿華兆豐9B購01  ,0,0,0,0,0,0,0,0,0,324000,0,0,0,500000,176000,324000,324000
058999,台積電元大99購24,0,0,0,0,0,0,0,0,0,323000,0,0,0,336000,13000,323000,323000
07652P,臺股指中信9A售07,0,0,0,0,0,0,0,0,0,323000,0,0,0,433000,110000,323000,323000
07693P,群創元大9B售10  ,0,0,0,0,0,0,0,0,0,323000,0,0,0,323000,0,323000,323000
2206,三陽工業        ,332000,11000,321000,0,0,0,0,0,0,0,0,0,0,0,0,0,321000
2453,凌群            ,359000,40000,319000,0,0,0,0,0,0,1000,1000,0,1000,0,0,0,320000
07251P,台灣50元富01售04,0,0,0,0,0,0,0,0,0,320000,0,0,0,320000,0,320000,320000
061351,智伸科元大9A購01,0,0,0,0,0,0,0,0,0,319000,0,0,0,369000,50000,319000,319000
00717,富邦美國特別股  ,179000,1000,178000,0,0,0,0,0,0,141000,0,0,0,800000,659000,141000,319000
049255,旺宏元大97購02  ,0,0,0,0,0,0,0,0,0,319000,0,0,0,319000,0,319000,319000
063186,聯發科凱基9C購04,0,0,0,0,0,0,0,0,0,319000,0,0,0,319000,0,319000,319000
2727,王品            ,425000,108000,317000,0,0,0,0,0,0,1000,1000,0,1000,0,0,0,318000
8213,志超            ,689000,414000,275000,0,0,0,0,0,0,41000,2000,0,2000,57000,18000,39000,316000
061924,聯發科凱基9C購01,0,0,0,0,0,0,0,0,0,315000,0,0,0,419000,104000,315000,315000
07304P,臺股指元大9A售37,0,0,0,0,0,0,0,0,0,314000,0,0,0,629000,315000,314000,314000
062821,華擎兆豐9C購01  ,0,0,0,0,0,0,0,0,0,312000,0,0,0,441000,129000,312000,312000
00763U,街口道瓊銅      ,0,0,0,0,0,0,0,0,0,311000,0,0,0,326000,15000,311000,311000
08110P,臺股指中信01售05,0,0,0,0,0,0,0,0,0,309000,0,0,0,311000,2000,309000,309000
063054,健鼎統一01購01  ,0,0,0,0,0,0,0,0,0,308000,0,0,0,707000,399000,308000,308000
059047,元油2X凱基9A購10,0,0,0,0,0,0,0,0,0,306000,0,0,0,332000,26000,306000,306000
056196,聯茂富邦98購02  ,0,0,0,0,0,0,0,0,0,306000,0,0,0,412000,106000,306000,306000
1303,南亞            ,3139000,2804478,334522,0,0,0,0,31000,-31000,2000,7000,8000,-1000,4000,1000,3000,305522
061416,聯茂群益9A購01  ,0,0,0,0,0,0,0,0,0,305000,0,0,0,443000,138000,305000,305000
051727,S&P反1國票97購01,0,0,0,0,0,0,0,0,0,305000,0,0,0,315000,10000,305000,305000
057613,瑞昱元富02購02  ,0,0,0,0,0,0,0,0,0,305000,0,0,0,411000,106000,305000,305000
063329,健策國票9C購01  ,0,0,0,0,0,0,0,0,0,305000,0,0,0,334000,29000,305000,305000
07578P,高鐵元大9A售02  ,0,0,0,0,0,0,0,0,0,304000,0,0,0,404000,100000,304000,304000
063128,智伸科元大9B購01,0,0,0,0,0,0,0,0,0,303000,0,0,0,453000,150000,303000,303000
061414,牧德群益9B購02  ,0,0,0,0,0,0,0,0,0,301000,0,0,0,322000,21000,301000,301000
064104,TPK群益9C購02   ,0,0,0,0,0,0,0,0,0,301000,0,0,0,389000,88000,301000,301000
052122,新光金國票96購01,0,0,0,0,0,0,0,0,0,300000,0,0,0,300000,0,300000,300000
056569,T50正2元大9B購02,0,0,0,0,0,0,0,0,0,300000,0,0,0,300000,0,300000,300000
05978P,麗豐永豐96售02  ,0,0,0,0,0,0,0,0,0,300000,0,0,0,300000,0,300000,300000
06552P,茂林元大99售02  ,0,0,0,0,0,0,0,0,0,300000,0,0,0,323000,23000,300000,300000
07506P,中租元大9A售01  ,0,0,0,0,0,0,0,0,0,300000,0,0,0,300000,0,300000,300000
07145P,為升元大99售03  ,0,0,0,0,0,0,0,0,0,300000,0,0,0,312000,12000,300000,300000
07876P,台灣50國泰01售01,0,0,0,0,0,0,0,0,0,300000,0,0,0,300000,0,300000,300000
6412,群電            ,417000,106000,311000,0,0,0,0,1000,-1000,-11000,6000,17000,-11000,0,0,0,299000
06332P,世紀鋼群益98售01,0,0,0,0,0,0,0,0,0,298000,0,0,0,300000,2000,298000,298000
07416P,台積電元大99售53,0,0,0,0,0,0,0,0,0,298000,0,0,0,361000,63000,298000,298000
055681,奇鋐凱基98購03  ,0,0,0,0,0,0,0,0,0,296000,0,0,0,320000,24000,296000,296000
063639,華擎元大9C購03  ,0,0,0,0,0,0,0,0,0,296000,0,0,0,367000,71000,296000,296000
063065,聯發科麥證9C購01,0,0,0,300000,5000,295000,0,0,0,295000,0,0,0,300000,5000,295000,295000
07233P,台灣50元大99售04,0,0,0,0,0,0,0,0,0,295000,0,0,0,300000,5000,295000,295000
08371P,京元電凱基9C售01,0,0,0,0,0,0,0,0,0,293000,0,0,0,388000,95000,293000,293000
058639,南電兆豐99購01  ,0,0,0,0,0,0,0,0,0,293000,0,0,0,362000,69000,293000,293000
06698P,玉晶光國票99售05,0,0,0,0,0,0,0,0,0,293000,0,0,0,304000,11000,293000,293000
059041,南茂群益99購02  ,0,0,0,0,0,0,0,0,0,292000,0,0,0,297000,5000,292000,292000
060764,華擎元大9A購03  ,0,0,0,0,0,0,0,0,0,292000,0,0,0,317000,25000,292000,292000
06903P,技嘉凱基98售04  ,0,0,0,0,0,0,0,0,0,291000,0,0,0,327000,36000,291000,291000
3653,健策            ,423000,355000,68000,0,0,0,156000,39000,117000,106000,208000,29000,179000,46000,119000,-73000,291000
055025,華新科國泰98購02,0,0,0,0,0,0,0,0,0,290000,0,0,0,290000,0,290000,290000
056378,欣興元富98購01  ,0,0,0,0,0,0,0,0,0,290000,0,0,0,417000,127000,290000,290000
063272,GIS兆豐9C購01   ,0,0,0,0,0,0,0,0,0,290000,0,0,0,300000,10000,290000,290000
07371P,滬深2X元大99售07,0,0,0,0,0,0,0,0,0,290000,0,0,0,300000,10000,290000,290000
06399P,台表科凱基97售05,0,0,0,0,0,0,0,0,0,290000,0,0,0,290000,0,290000,290000
5521,工信            ,369000,88000,281000,0,0,0,0,0,0,9000,16000,7000,9000,0,0,0,290000
063400,華擎群益9B購03  ,0,0,0,0,0,0,0,0,0,289000,0,0,0,289000,0,289000,289000
057954,宏碁元大99購01  ,0,0,0,0,0,0,0,0,0,289000,0,0,0,406000,117000,289000,289000
062278,聯發科群益9C購01,0,0,0,0,0,0,0,0,0,288000,0,0,0,289000,1000,288000,288000
06000P,GIS元大96售04   ,0,0,0,0,0,0,0,0,0,288000,0,0,0,288000,0,288000,288000
064309,聯發科群益9C購07,0,0,0,0,0,0,0,0,0,288000,0,0,0,299000,11000,288000,288000
07392P,台積電國泰02售01,0,0,0,0,0,0,0,0,0,288000,0,0,0,295000,7000,288000,288000
9910,豐泰            ,964851,570200,394651,0,0,0,0,37000,-37000,-70000,12000,82000,-70000,0,0,0,287651
08349P,南六元大9C售03  ,0,0,0,0,0,0,0,0,0,287000,0,0,0,334000,47000,287000,287000
06374P,台表科元大97售06,0,0,0,0,0,0,0,0,0,287000,0,0,0,287000,0,287000,287000
8021,尖點            ,523000,230000,293000,0,0,0,0,0,0,-6000,1000,7000,-6000,0,0,0,287000
062687,華擎統一01購02  ,0,0,0,0,0,0,0,0,0,286000,0,0,0,680000,394000,286000,286000
063788,矽創統一02購01  ,0,0,0,0,0,0,0,0,0,286000,0,0,0,381000,95000,286000,286000
063982,TPK兆豐9C購01   ,0,0,0,0,0,0,0,0,0,286000,0,0,0,394000,108000,286000,286000
06766P,玉晶光元大99售10,0,0,0,0,0,0,0,0,0,286000,0,0,0,564000,278000,286000,286000
06421P,嘉澤統一97售02  ,0,0,0,0,0,0,0,0,0,285000,0,0,0,353000,68000,285000,285000
006208,富邦台50        ,3000,4000,-1000,0,0,0,0,0,0,285000,0,0,0,875000,590000,285000,284000
056515,燿華兆豐99購01  ,0,0,0,0,0,0,0,0,0,284000,0,0,0,294000,10000,284000,284000
061411,T50反1群益9A購05,0,0,0,0,0,0,0,0,0,282000,0,0,0,308000,26000,282000,282000
061832,聯發科凱基9B購06,0,0,0,0,0,0,0,0,0,281000,0,0,0,283000,2000,281000,281000
062297,億豐永豐9B購01  ,0,0,0,0,0,0,0,0,0,281000,0,0,0,351000,70000,281000,281000
063771,T50反1富邦02購01,0,0,0,0,0,0,0,0,0,281000,0,0,0,301000,20000,281000,281000
061129,文曄永豐9A購01  ,0,0,0,0,0,0,0,0,0,280000,0,0,0,280000,0,280000,280000
060226,道瓊反元大9A購01,0,0,0,0,0,0,0,0,0,280000,0,0,0,280000,0,280000,280000
055614,華新科國票97購02,0,0,0,0,0,0,0,0,0,280000,0,0,0,280000,0,280000,280000
3532,台勝科          ,517751,126000,391751,0,0,0,0,1000,-1000,-111000,2000,0,2000,11000,124000,-113000,279751
060406,瑞祺國泰9B購01  ,0,0,0,0,0,0,0,0,0,279000,0,0,0,416000,137000,279000,279000
1307,三芳            ,353000,76000,277000,0,0,0,0,0,0,0,0,0,0,0,0,0,277000
060926,宏達電永豐9A購01,0,0,0,0,0,0,0,0,0,277000,0,0,0,306000,29000,277000,277000
060421,華擎永豐9A購01  ,0,0,0,0,0,0,0,0,0,276000,0,0,0,361000,85000,276000,276000
063822,聯發科麥證01購01,0,0,0,300000,24000,276000,0,0,0,276000,0,0,0,300000,24000,276000,276000
06597P,國巨富邦9A售05  ,0,0,0,0,0,0,0,0,0,276000,0,0,0,400000,124000,276000,276000
07021P,台積電富邦9C售02,0,0,0,0,0,0,0,0,0,276000,0,0,0,618000,342000,276000,276000
064369,彩晶統一01購01  ,0,0,0,0,0,0,0,0,0,275000,0,0,0,275000,0,275000,275000
4551,智伸科          ,409000,446000,-37000,0,0,0,571000,217000,354000,-42000,31000,115000,-84000,74000,32000,42000,275000
064460,健策統一9C購03  ,0,0,0,0,0,0,0,0,0,274000,0,0,0,337000,63000,274000,274000
058216,TPK群益99購01   ,0,0,0,0,0,0,0,0,0,273000,0,0,0,349000,76000,273000,273000
062921,GIS元大9B購01   ,0,0,0,0,0,0,0,0,0,271000,0,0,0,296000,25000,271000,271000
05995P,T50正2中信9C售01,0,0,0,0,0,0,0,0,0,271000,0,0,0,361000,90000,271000,271000
058772,茂林兆豐9A購01  ,0,0,0,0,0,0,0,0,0,271000,0,0,0,271000,0,271000,271000
049947,S&P反1中信97購01,0,0,0,0,0,0,0,0,0,270000,0,0,0,270000,0,270000,270000
057816,欣興元大98購13  ,0,0,0,0,0,0,0,0,0,270000,0,0,0,358000,88000,270000,270000
063521,國巨凱基03購01  ,0,0,0,0,0,0,0,0,0,269000,0,0,0,269000,0,269000,269000
07709P,創意元大9A售01  ,0,0,0,0,0,0,0,0,0,269000,0,0,0,270000,1000,269000,269000
2204,中華            ,471000,238000,233000,0,0,0,0,1000,-1000,36000,36000,0,36000,0,0,0,268000
06741P,台積電富邦98售04,0,0,0,0,0,0,0,0,0,267000,0,0,0,1435000,1168000,267000,267000
1701,中化            ,354000,94000,260000,0,0,0,0,0,0,5000,5000,0,5000,0,0,0,265000
064513,T50反1群益9C購01,0,0,0,0,0,0,0,0,0,265000,0,0,0,289000,24000,265000,265000
056296,旺宏元大97購07  ,0,0,0,0,0,0,0,0,0,263000,0,0,0,263000,0,263000,263000
055234,昇陽半國票98購02,0,0,0,0,0,0,0,0,0,262000,0,0,0,262000,0,262000,262000
063114,南電兆豐9B購01  ,0,0,0,0,0,0,0,0,0,261000,0,0,0,267000,6000,261000,261000
07839P,嘉澤元大9A售04  ,0,0,0,0,0,0,0,0,0,261000,0,0,0,281000,20000,261000,261000
063346,TPK統一9C購01   ,0,0,0,0,0,0,0,0,0,260000,0,0,0,294000,34000,260000,260000
062341,台表科麥證9C購01,0,0,0,301000,42000,259000,0,0,0,259000,0,0,0,301000,42000,259000,259000
00674R,元大S&P黃金反1  ,0,0,0,0,0,0,0,0,0,258000,0,0,0,278000,20000,258000,258000
056420,台表科元富98購01,0,0,0,0,0,0,0,0,0,258000,0,0,0,513000,255000,258000,258000
058691,友訊國票9A購01  ,0,0,0,0,0,0,0,0,0,258000,0,0,0,258000,0,258000,258000
1609,大亞            ,309000,55000,254000,0,0,0,0,1000,-1000,3000,3000,0,3000,0,0,0,256000
07782P,寶成凱基9A售02  ,0,0,0,0,0,0,0,0,0,256000,0,0,0,286000,30000,256000,256000
060933,南電永豐9A購02  ,0,0,0,0,0,0,0,0,0,255000,0,0,0,391000,136000,255000,255000
063150,聯發科元富05購03,0,0,0,0,0,0,0,0,0,255000,0,0,0,330000,75000,255000,255000
064202,景碩兆豐9C購01  ,0,0,0,0,0,0,0,0,0,255000,0,0,0,340000,85000,255000,255000
062568,緯穎中信9C購01  ,0,0,0,0,0,0,0,0,0,254000,0,0,0,257000,3000,254000,254000
08387P,臺股指群益9C售15,0,0,0,0,0,0,0,0,0,253000,0,0,0,318000,65000,253000,253000
057787,TPK國票99購01   ,0,0,0,0,0,0,0,0,0,253000,0,0,0,253000,0,253000,253000
063512,聯發科麥證9B購02,0,0,0,259000,7000,252000,0,0,0,252000,0,0,0,259000,7000,252000,252000
07026P,超眾凱基99售03  ,0,0,0,0,0,0,0,0,0,252000,0,0,0,338000,86000,252000,252000
006206,元大上證50      ,56000,4000,52000,0,0,0,0,0,0,199000,0,0,0,582000,383000,199000,251000
053027,玉晶光富邦98購01,0,0,0,0,0,0,0,0,0,251000,0,0,0,251000,0,251000,251000
046999,康控富邦99購01  ,0,0,0,0,0,0,0,0,0,251000,0,0,0,251000,0,251000,251000
06901P,亞德客凱基98售02,0,0,0,0,0,0,0,0,0,251000,0,0,0,262000,11000,251000,251000
07966P,瑞祺群益9B售02  ,0,0,0,0,0,0,0,0,0,251000,0,0,0,256000,5000,251000,251000
08173P,金像電凱基9B售02,0,0,0,0,0,0,0,0,0,251000,0,0,0,315000,64000,251000,251000
08336P,聯發科中信9C售05,0,0,0,0,0,0,0,0,0,250000,0,0,0,440000,190000,250000,250000
1736,喬山            ,831000,695000,136000,0,0,0,0,0,0,114000,2000,0,2000,123000,11000,112000,250000
07980P,臺股指凱基02售01,0,0,0,0,0,0,0,0,0,250000,0,0,0,250000,0,250000,250000
06620P,聯發科元大98售07,0,0,0,0,0,0,0,0,0,250000,0,0,0,250000,0,250000,250000
03669C,滬深2X元富09牛01,0,0,0,0,0,0,0,0,0,249000,0,0,0,250000,1000,249000,249000
058149,百和元大99購02  ,0,0,0,0,0,0,0,0,0,249000,0,0,0,270000,21000,249000,249000
062087,瑞祺元大9B購02  ,0,0,0,0,0,0,0,0,0,248000,0,0,0,306000,58000,248000,248000
049700,瀚宇博元大97購01,0,0,0,0,0,0,0,0,0,247000,0,0,0,265000,18000,247000,247000
063669,宏達電統一9C購01,0,0,0,0,0,0,0,0,0,247000,0,0,0,358000,111000,247000,247000
06679P,旺宏元大98售09  ,0,0,0,0,0,0,0,0,0,247000,0,0,0,396000,149000,247000,247000
053582,英業達元大97購01,0,0,0,0,0,0,0,0,0,246000,0,0,0,280000,34000,246000,246000
057071,華擎永豐98購02  ,0,0,0,0,0,0,0,0,0,246000,0,0,0,246000,0,246000,246000
07791P,奇鋐元大9A售02  ,0,0,0,0,0,0,0,0,0,245000,0,0,0,310000,65000,245000,245000
08098P,大立光凱基9B售09,0,0,0,0,0,0,0,0,0,245000,0,0,0,250000,5000,245000,245000
3038,全台            ,846000,538000,308000,0,0,0,0,0,0,-63000,209000,272000,-63000,0,0,0,245000
06242P,大立光元富9A售02,0,0,0,0,0,0,0,0,0,244000,0,0,0,272000,28000,244000,244000
062033,瀚宇博群益9B購01,0,0,0,0,0,0,0,0,0,244000,0,0,0,435000,191000,244000,244000
057835,華擎元富9B購01  ,0,0,0,0,0,0,0,0,0,243000,0,0,0,363000,120000,243000,243000
063023,華擎元大9B購02  ,0,0,0,0,0,0,0,0,0,242000,0,0,0,351000,109000,242000,242000
07952P,富邦金元大9B售02,0,0,0,0,0,0,0,0,0,242000,0,0,0,242000,0,242000,242000
06743P,創意永豐98售03  ,0,0,0,0,0,0,0,0,0,242000,0,0,0,311000,69000,242000,242000
063126,TPK元大9B購01   ,0,0,0,0,0,0,0,0,0,241000,0,0,0,296000,55000,241000,241000
060539,道瓊反凱基9A購01,0,0,0,0,0,0,0,0,0,241000,0,0,0,241000,0,241000,241000
07764P,世紀鋼永豐9A售04,0,0,0,0,0,0,0,0,0,241000,0,0,0,241000,0,241000,241000
055033,漢唐富邦98購01  ,0,0,0,0,0,0,0,0,0,240000,0,0,0,240000,0,240000,240000
058660,樺漢中信9A購01  ,0,0,0,0,0,0,0,0,0,240000,0,0,0,515000,275000,240000,240000
055809,T50反1國票98購02,0,0,0,0,0,0,0,0,0,239000,0,0,0,360000,121000,239000,239000
08117P,聯發科元富9B售04,0,0,0,0,0,0,0,0,0,239000,0,0,0,251000,12000,239000,239000
07174P,臺股指國票99售11,0,0,0,0,0,0,0,0,0,238000,0,0,0,511000,273000,238000,238000
6197,佳必琪          ,268000,34000,234000,0,0,0,0,0,0,4000,4000,0,4000,0,0,0,238000
062392,國巨富邦02購01  ,0,0,0,0,0,0,0,0,0,237000,0,0,0,337000,100000,237000,237000
05537P,群創中信98售01  ,0,0,0,0,0,0,0,0,0,237000,0,0,0,237000,0,237000,237000
07751P,世紀鋼凱基9A售02,0,0,0,0,0,0,0,0,0,237000,0,0,0,237000,0,237000,237000
059976,道瓊銀元大99購01,0,0,0,0,0,0,0,0,0,236000,0,0,0,444000,208000,236000,236000
058932,FBVIX台新99購01 ,0,0,0,0,0,0,0,0,0,235000,0,0,0,235000,0,235000,235000
07852P,臺股指國票9A售13,0,0,0,0,0,0,0,0,0,235000,0,0,0,260000,25000,235000,235000
062850,友訊永豐9B購01  ,0,0,0,0,0,0,0,0,0,234000,0,0,0,411000,177000,234000,234000
064248,億光元富9C購01  ,0,0,0,0,0,0,0,0,0,234000,0,0,0,251000,17000,234000,234000
063136,智邦統一9B購02  ,0,0,0,0,0,0,0,0,0,233000,0,0,0,489000,256000,233000,233000
1730,花仙子          ,254000,21000,233000,0,0,0,0,0,0,0,0,0,0,0,0,0,233000
08353P,聯電元大9C售04  ,0,30000,-30000,0,0,0,0,0,0,263000,0,0,0,349000,86000,263000,233000
057261,瑞昱兆豐98購01  ,0,0,0,0,0,0,0,0,0,233000,0,0,0,301000,68000,233000,233000
064188,玉晶光永豐9C購02,0,0,0,0,0,0,0,0,0,233000,0,0,0,250000,17000,233000,233000
2537,聯上發          ,414000,191000,223000,0,0,0,0,0,0,9000,9000,0,9000,0,0,0,232000
062751,華擎中信9C購01  ,0,0,0,0,0,0,0,0,0,232000,0,0,0,355000,123000,232000,232000
062207,牧德國票9B購02  ,0,0,0,0,0,0,0,0,0,232000,0,0,0,307000,75000,232000,232000
060426,盛群永豐9A購01  ,0,0,0,0,0,0,0,0,0,232000,0,0,0,232000,0,232000,232000
058598,T50反1元大99購04,0,0,0,0,0,0,0,0,0,232000,0,0,0,332000,100000,232000,232000
08062P,華擎國票9B售03  ,0,0,0,0,0,0,0,0,0,232000,0,0,0,274000,42000,232000,232000
07146P,瑞昱元大99售02  ,0,0,0,0,0,0,0,0,0,232000,0,0,0,262000,30000,232000,232000
6224,聚鼎            ,317000,81000,236000,0,0,0,0,0,0,-4000,0,4000,-4000,0,0,0,232000
062701,漢唐元大9B購01  ,0,0,0,0,0,0,0,0,0,231000,0,0,0,265000,34000,231000,231000
07265P,大立光元大99售16,0,0,0,0,0,0,0,0,0,230000,0,0,0,231000,1000,230000,230000
064254,景碩台新9C購02  ,0,0,0,0,0,0,0,0,0,230000,0,0,0,230000,0,230000,230000
1305,華夏            ,2433000,558000,1875000,0,0,0,0,1652000,-1652000,6000,6000,0,6000,0,0,0,229000
062803,嘉晶統一9B購02  ,0,0,0,0,0,0,0,0,0,227000,0,0,0,340000,113000,227000,227000
063485,巨大元大9B購04  ,0,0,0,0,0,0,0,0,0,227000,0,0,0,292000,65000,227000,227000
056267,文曄統一97購02  ,0,0,0,0,0,0,0,0,0,226000,0,0,0,250000,24000,226000,226000
055495,長榮航元大97購01,0,0,0,0,0,0,0,0,0,226000,0,0,0,226000,0,226000,226000
063083,聯發科凱基01購02,0,0,0,0,0,0,0,0,0,225000,0,0,0,301000,76000,225000,225000
052424,泰碩國票97購01  ,0,0,0,0,0,0,0,0,0,225000,0,0,0,225000,0,225000,225000
07575P,瑞昱元大9A售02  ,0,0,0,0,0,0,0,0,0,225000,0,0,0,290000,65000,225000,225000
3060,銘異            ,285000,61000,224000,0,0,0,0,0,0,1000,3000,2000,1000,0,0,0,225000
06157P,聯鈞統一97售02  ,0,0,0,0,0,0,0,0,0,224000,0,0,0,234000,10000,224000,224000
061354,瑞儀元大9A購01  ,0,0,0,0,0,0,0,0,0,224000,0,0,0,376000,152000,224000,224000
06338P,亞德客統一97售02,0,0,0,0,0,0,0,0,0,224000,0,0,0,306000,82000,224000,224000
07421P,國泰金元大99售01,0,0,0,0,0,0,0,0,0,224000,0,0,0,224000,0,224000,224000
07666P,台灣50元大9C售32,0,0,0,0,0,0,0,0,0,224000,0,0,0,234000,10000,224000,224000
062702,可成元大9C購01  ,0,0,0,0,0,0,0,0,0,223000,0,0,0,228000,5000,223000,223000
07707P,玉山金元大9A售03,0,0,0,0,0,0,0,0,0,223000,0,0,0,243000,20000,223000,223000
063916,瀚宇博凱基01購01,0,0,0,0,0,0,0,0,0,223000,0,0,0,229000,6000,223000,223000
07838P,泰碩元大9A售04  ,0,0,0,0,0,0,0,0,0,222000,0,0,0,233000,11000,222000,222000
07162P,臺股指群益99售13,0,0,0,0,0,0,0,0,0,222000,0,0,0,529000,307000,222000,222000
062345,和大群益9B購01  ,0,0,0,0,0,0,0,0,0,221000,0,0,0,261000,40000,221000,221000
00672L,元大S&P原油正2  ,21000,0,21000,0,0,0,0,0,0,200000,0,0,0,775000,575000,200000,221000
059468,智邦元大99購02  ,0,0,0,0,0,0,0,0,0,221000,0,0,0,231000,10000,221000,221000
062710,盛群元大9B購01  ,0,0,0,0,0,0,0,0,0,220000,0,0,0,241000,21000,220000,220000
052944,宏達電國票97購01,0,0,0,0,0,0,0,0,0,220000,0,0,0,220000,0,220000,220000
060155,友訊永豐9A購01  ,0,0,0,0,0,0,0,0,0,220000,0,0,0,333000,113000,220000,220000
07969P,臺股指元大9B售27,0,0,0,0,0,0,0,0,0,220000,0,0,0,220000,0,220000,220000
057609,友訊元富98購01  ,0,0,0,0,0,0,0,0,0,219000,0,0,0,635000,416000,219000,219000
6706,惠特            ,286000,150000,136000,0,0,0,83000,0,83000,0,0,0,0,0,0,0,219000
05711P,茂林國票97售03  ,0,0,0,0,0,0,0,0,0,218000,0,0,0,218000,0,218000,218000
07842P,力成元大9A售01  ,0,0,0,0,0,0,0,0,0,218000,0,0,0,228000,10000,218000,218000
08224P,臺股指凱基9B售19,0,0,0,0,0,0,0,0,0,218000,0,0,0,218000,0,218000,218000
07215P,大立光凱基99售07,0,0,0,0,0,0,0,0,0,218000,0,0,0,240000,22000,218000,218000
062127,台勝科統一01購02,0,0,0,0,0,0,0,0,0,217000,0,0,0,247000,30000,217000,217000
07141P,台灣50國票9A售03,0,0,0,0,0,0,0,0,0,217000,0,0,0,240000,23000,217000,217000
6177,達麗            ,432000,215000,217000,0,0,0,0,0,0,0,2000,2000,0,0,0,0,217000
2484,希華            ,249000,35000,214000,0,0,0,0,0,0,2000,2000,0,2000,0,0,0,216000
057479,致茂元大98購03  ,0,0,0,0,0,0,0,0,0,216000,0,0,0,217000,1000,216000,216000
057991,健策統一9C購01  ,0,0,0,0,0,0,0,0,0,216000,0,0,0,220000,4000,216000,216000
063606,TPK凱基9C購01   ,0,0,0,0,0,0,0,0,0,216000,0,0,0,257000,41000,216000,216000
063813,瑞昱群益9C購02  ,0,0,0,0,0,0,0,0,0,216000,0,0,0,216000,0,216000,216000
06570P,大立光永豐98售01,0,0,0,0,0,0,0,0,0,215000,0,0,0,215000,0,215000,215000
056241,緯創群益97購01  ,0,0,0,0,0,0,0,0,0,214000,0,0,0,214000,0,214000,214000
07889P,旭富國票9B售01  ,0,0,0,0,0,0,0,0,0,214000,0,0,0,224000,10000,214000,214000
3003,健和興          ,331000,117000,214000,0,0,0,0,0,0,0,1000,0,1000,3000,4000,-1000,214000
3705,永信            ,374000,164000,210000,0,0,0,0,0,0,4000,4000,0,4000,0,0,0,214000
061682,南電元大9B購01  ,0,0,0,0,0,0,0,0,0,213000,0,0,0,364000,151000,213000,213000
06629P,台灣50第一98售01,0,0,0,0,0,0,0,0,0,213000,0,0,0,265000,52000,213000,213000
063127,TPK元大9B購02   ,0,0,0,0,0,0,0,0,0,212000,0,0,0,264000,52000,212000,212000
03029X,元展26          ,0,0,0,0,0,0,0,0,0,212000,0,0,0,212000,0,212000,212000
064073,南電永豐9C購01  ,0,0,0,0,0,0,0,0,0,212000,0,0,0,213000,1000,212000,212000
08003P,國巨國泰9B售07  ,0,0,0,0,0,0,0,0,0,212000,0,0,0,212000,0,212000,212000
06185P,台表科元大97售05,0,0,0,0,0,0,0,0,0,210000,0,0,0,210000,0,210000,210000
055812,台積電國票99購02,0,0,0,0,0,0,0,0,0,210000,0,0,0,210000,0,210000,210000
064266,聯茂永豐9C購01  ,0,0,0,0,0,0,0,0,0,210000,0,0,0,335000,125000,210000,210000
4119,旭富            ,393000,242000,151000,0,0,0,0,0,0,59000,1000,1000,0,77000,18000,59000,210000
0061,元大寶滬深      ,463000,294000,169000,0,0,0,0,0,0,40000,10000,100000,-90000,239000,109000,130000,209000
060562,旺宏富邦9C購02  ,0,0,0,0,0,0,0,0,0,209000,0,0,0,226000,17000,209000,209000
063145,台表科統一02購01,0,0,0,0,0,0,0,0,0,209000,0,0,0,255000,46000,209000,209000
06654P,欣興元大98售08  ,0,0,0,0,0,0,0,0,0,209000,0,0,0,363000,154000,209000,209000
07671P,超眾元大9A售04  ,0,0,0,0,0,0,0,0,0,209000,0,0,0,209000,0,209000,209000
062132,神隆群益9B購01  ,0,0,0,0,0,0,0,0,0,208000,0,0,0,571000,363000,208000,208000
058768,南港兆豐99購01  ,0,0,0,0,0,0,0,0,0,208000,0,0,0,299000,91000,208000,208000
058623,國巨國票99購08  ,0,0,0,0,0,0,0,0,0,208000,0,0,0,226000,18000,208000,208000
5434,崇越            ,320000,145000,175000,0,0,0,0,0,0,33000,38000,5000,33000,0,0,0,208000
6491,晶碩            ,131000,99000,32000,0,0,0,176000,0,176000,0,0,0,0,0,0,0,208000
07071P,立積元富99售01  ,0,0,0,0,0,0,0,0,0,207000,0,0,0,306000,99000,207000,207000
063034,致茂凱基9B購01  ,0,0,0,0,0,0,0,0,0,206000,0,0,0,280000,74000,206000,206000
057085,立積統一9B購02  ,0,0,0,0,0,0,0,0,0,206000,0,0,0,518000,312000,206000,206000
058557,健策第一01購01  ,0,0,0,0,0,0,0,0,0,206000,0,0,0,232000,26000,206000,206000
3557,嘉威            ,553000,349000,204000,0,0,0,0,0,0,2000,2000,0,2000,0,0,0,206000
3533,嘉澤            ,579000,337000,242000,0,0,0,0,171000,-171000,135000,131000,80000,51000,86000,2000,84000,206000
063170,智邦第一9B購01  ,0,0,0,0,0,0,0,0,0,205000,0,0,0,266000,61000,205000,205000
08086P,燿華凱基9B售03  ,0,0,0,0,0,0,0,0,0,205000,0,0,0,210000,5000,205000,205000
6168,宏齊            ,241000,38000,203000,0,0,0,0,0,0,2000,2000,0,2000,0,0,0,205000
061869,智邦元大9B購01  ,0,0,0,0,0,0,0,0,0,204000,0,0,0,209000,5000,204000,204000
062566,嘉晶中信9C購01  ,0,0,0,0,0,0,0,0,0,204000,0,0,0,227000,23000,204000,204000
00701,國泰股利精選30  ,22000,24000,-2000,0,0,0,0,0,0,206000,0,0,0,532000,326000,206000,204000
1315,達新            ,270000,67000,203000,0,0,0,0,0,0,0,0,0,0,0,0,0,203000
056083,億光統一97購03  ,0,0,0,0,0,0,0,0,0,203000,0,0,0,214000,11000,203000,203000
060625,華擎元大9A購01  ,0,0,0,0,0,0,0,0,0,203000,0,0,0,222000,19000,203000,203000
08118P,嘉澤元富9B售02  ,0,0,0,0,0,0,0,0,0,203000,0,0,0,209000,6000,203000,203000
07951P,智邦元大9B售05  ,0,0,0,0,0,0,0,0,0,203000,0,0,0,218000,15000,203000,203000
3257,虹冠電          ,302000,82000,220000,0,0,0,0,0,0,-17000,3000,20000,-17000,0,0,0,203000
08305P,茂林群益9C售01  ,0,0,0,0,0,0,0,0,0,202000,0,0,0,202000,0,202000,202000
08297P,寶成元大9C售01  ,0,0,0,0,0,0,0,0,0,202000,0,0,0,212000,10000,202000,202000
056850,彩晶元富99購01  ,0,0,0,0,0,0,0,0,0,202000,0,0,0,202000,0,202000,202000
063394,金像電群益9B購01,0,0,0,0,0,0,0,0,0,202000,0,0,0,292000,90000,202000,202000
07982P,全新群益9B售04  ,0,0,0,0,0,0,0,0,0,202000,0,0,0,232000,30000,202000,202000
2393,億光            ,510000,302000,208000,0,0,0,0,0,0,-7000,11000,0,11000,0,18000,-18000,201000
055579,健策統一9A購01  ,0,0,0,0,0,0,0,0,0,201000,0,0,0,436000,235000,201000,201000
03647C,T50反1元富99牛02,0,0,0,0,0,0,0,0,0,201000,0,0,0,201000,0,201000,201000
057320,玉晶光凱基98購01,0,0,0,0,0,0,0,0,0,201000,0,0,0,227000,26000,201000,201000
08065P,瑞昱凱基9B售03  ,0,0,0,0,0,0,0,0,0,201000,0,0,0,201000,0,201000,201000
08286P,大立光凱基9C售04,0,0,0,0,0,0,0,0,0,200000,0,0,0,200000,0,200000,200000
052546,友達中信98購01  ,0,0,0,0,0,0,0,0,0,200000,0,0,0,200000,0,200000,200000
042792,T50反1台新9C購01,0,0,0,0,0,0,0,0,0,200000,0,0,0,200000,0,200000,200000
050115,群創元大96購01  ,0,0,0,0,0,0,0,0,0,200000,0,0,0,200000,0,200000,200000
057030,滬深反元大9B購01,0,0,0,0,0,0,0,0,0,200000,0,0,0,200000,0,200000,200000
059050,元油2X凱基9B購08,0,0,0,0,0,0,0,0,0,200000,0,0,0,200000,0,200000,200000
05917P,宏達電元大96售02,0,0,0,0,0,0,0,0,0,200000,0,0,0,200000,0,200000,200000
08067P,大立光凱基9B售08,0,0,0,0,0,0,0,0,0,200000,0,0,0,200000,0,200000,200000
08246P,亞德客群益01售01,0,0,0,0,0,0,0,0,0,200000,0,0,0,259000,59000,200000,200000
07746P,華新科凱基9A售11,0,0,0,0,0,0,0,0,0,200000,0,0,0,200000,0,200000,200000
07216P,大立光凱基99售08,0,0,0,0,0,0,0,0,0,200000,0,0,0,200000,0,200000,200000
061898,茂林永豐9B購01  ,0,0,0,0,0,0,0,0,0,199000,0,0,0,199000,0,199000,199000
08359P,緯創元大9C售02  ,0,0,0,0,0,0,0,0,0,199000,0,0,0,199000,0,199000,199000
048273,南電富邦97購01  ,0,0,0,0,0,0,0,0,0,199000,0,0,0,209000,10000,199000,199000
057568,友訊永豐99購01  ,0,0,0,0,0,0,0,0,0,199000,0,0,0,235000,36000,199000,199000
07070P,晶相光元富99售01,0,0,0,0,0,0,0,0,0,199000,0,0,0,251000,52000,199000,199000
07995P,臺股指麥證9C售01,0,0,0,218000,19000,199000,0,0,0,199000,0,0,0,218000,19000,199000,199000
4960,誠美材          ,645000,454000,191000,0,0,0,0,0,0,8000,14000,6000,8000,0,0,0,199000
062802,宏達電統一9B購01,0,0,0,0,0,0,0,0,0,198000,0,0,0,238000,40000,198000,198000
07740P,臺股指永豐9A售01,0,0,0,0,0,0,0,0,0,198000,0,0,0,200000,2000,198000,198000
063806,瀚宇博兆豐01購01,0,0,0,0,0,0,0,0,0,198000,0,0,0,230000,32000,198000,198000
063773,可成富邦9C購01  ,0,0,0,0,0,0,0,0,0,198000,0,0,0,315000,117000,198000,198000
2618,長榮航          ,5608000,5368676,239324,0,0,0,0,15000,-15000,-27000,335000,248000,87000,30000,144000,-114000,197324
07992P,玉晶光群益01售04,0,0,0,0,0,0,0,0,0,197000,0,0,0,251000,54000,197000,197000
07086P,力成元富9C售01  ,0,0,0,0,0,0,0,0,0,197000,0,0,0,240000,43000,197000,197000
057553,景碩凱基98購03  ,0,0,0,0,0,0,0,0,0,196000,0,0,0,292000,96000,196000,196000
054426,國泰金富邦97購02,0,0,0,0,0,0,0,0,0,195000,0,0,0,200000,5000,195000,195000
063334,復盛國票9B購01  ,0,0,0,0,0,0,0,0,0,195000,0,0,0,220000,25000,195000,195000
08036P,嘉澤群益9B售03  ,0,0,0,0,0,0,0,0,0,195000,0,0,0,335000,140000,195000,195000
3712,永崴投控        ,340000,151000,189000,0,0,0,0,0,0,6000,8000,2000,6000,0,0,0,195000
2535,達欣工          ,313000,285000,28000,0,0,0,0,0,0,166000,166000,0,166000,0,0,0,194000
062875,瑞昱兆豐9C購01  ,0,0,0,0,0,0,0,0,0,194000,0,0,0,211000,17000,194000,194000
07127P,精元元大99售01  ,0,0,0,0,0,0,0,0,0,193000,0,0,0,202000,9000,193000,193000
00656R,國泰中國A50反1  ,15000,0,15000,0,0,0,0,0,0,177000,0,90000,-90000,622000,355000,267000,192000
07034P,大立光元富99售03,0,0,0,0,0,0,0,0,0,192000,0,0,0,192000,0,192000,192000
064105,南茂群益9C購01  ,0,0,0,0,0,0,0,0,0,192000,0,0,0,192000,0,192000,192000
08296P,同欣電元大9C售04,0,0,0,0,0,0,0,0,0,191000,0,0,0,196000,5000,191000,191000
8011,台通            ,276000,86000,190000,0,0,0,0,0,0,1000,2000,1000,1000,0,0,0,191000
08270P,鴻海富邦9C售02  ,0,0,0,0,0,0,0,0,0,190000,0,0,0,500000,310000,190000,190000
05348P,美律元富98售01  ,0,0,0,0,0,0,0,0,0,190000,0,0,0,210000,20000,190000,190000
07919P,創意永豐9B售01  ,0,0,0,0,0,0,0,0,0,190000,0,0,0,247000,57000,190000,190000
061132,志超永豐9A購01  ,0,0,0,0,0,0,0,0,0,189000,0,0,0,272000,83000,189000,189000
2314,台揚            ,314000,128000,186000,0,0,0,0,0,0,3000,4000,1000,3000,0,0,0,189000
056962,技嘉永豐98購01  ,0,0,0,0,0,0,0,0,0,189000,0,0,0,276000,87000,189000,189000
063188,TPK凱基9B購01   ,0,0,0,0,0,0,0,0,0,189000,0,0,0,514000,325000,189000,189000
07747P,晶技凱基9A售04  ,0,0,0,0,0,0,0,0,0,188000,0,0,0,241000,53000,188000,188000
07085P,超眾元富9C售01  ,0,0,0,0,0,0,0,0,0,188000,0,0,0,226000,38000,188000,188000
2493,揚博            ,270000,86000,184000,0,0,0,0,0,0,3000,5000,2000,3000,0,0,0,187000
061681,南電元大9A購08  ,0,0,0,0,0,0,0,0,0,187000,0,0,0,199000,12000,187000,187000
061050,康友中信9A購01  ,0,0,0,0,0,0,0,0,0,187000,0,0,0,280000,93000,187000,187000
056489,S&P反1國泰9A購01,0,0,0,0,0,0,0,0,0,187000,0,0,0,187000,0,187000,187000
059986,宏達電元大99購08,0,0,0,0,0,0,0,0,0,187000,0,0,0,189000,2000,187000,187000
2481,強茂            ,1881000,1444800,436200,0,0,0,0,200000,-200000,-50000,118000,164000,-46000,45000,49000,-4000,186200
061818,富邦金群益9C購01,0,0,0,0,0,0,0,0,0,186000,0,0,0,290000,104000,186000,186000
061395,健策統一9C購02  ,0,0,0,0,0,0,0,0,0,185000,0,0,0,214000,29000,185000,185000
061843,億豐凱基9C購01  ,0,0,0,0,0,0,0,0,0,185000,0,0,0,235000,50000,185000,185000
07729P,臺股指凱基9A售21,0,0,0,0,0,0,0,0,0,185000,0,0,0,195000,10000,185000,185000
08360P,國巨國泰02售01  ,0,0,0,0,0,0,0,0,0,184000,0,0,0,214000,30000,184000,184000
08339P,上銀統一9C售04  ,0,0,0,0,0,0,0,0,0,184000,0,0,0,194000,10000,184000,184000
08070P,晶技國泰9C售02  ,0,0,0,0,0,0,0,0,0,184000,0,0,0,184000,0,184000,184000
064348,TPK元大9C購03   ,0,0,0,0,0,0,0,0,0,184000,0,0,0,256000,72000,184000,184000
9802,鈺齊-KY         ,834000,637000,197000,0,0,0,0,0,0,-13000,38000,94000,-56000,63000,20000,43000,184000
08323P,華新科凱基9C售04,0,0,0,0,0,0,0,0,0,182000,0,0,0,206000,24000,182000,182000
059298,大立光元富9C購02,0,0,0,0,0,0,0,0,0,182000,0,0,0,292000,110000,182000,182000
062005,旺宏國泰01購01  ,0,0,0,0,0,0,0,0,0,181000,0,0,0,186000,5000,181000,181000
060674,瑞昱元大9A購03  ,0,1000,-1000,0,0,0,0,0,0,182000,0,0,0,202000,20000,182000,181000
06680P,智邦元大98售06  ,0,0,0,0,0,0,0,0,0,181000,0,0,0,241000,60000,181000,181000
07257P,臺股指凱基99售37,0,0,0,0,0,0,0,0,0,181000,0,0,0,181000,0,181000,181000
059878,聯茂凱基99購07  ,0,0,0,0,0,0,0,0,0,180000,0,0,0,236000,56000,180000,180000
063341,燿華統一9C購01  ,0,0,0,0,0,0,0,0,0,180000,0,0,0,571000,391000,180000,180000
08324P,大立光凱基9C售05,0,0,0,0,0,0,0,0,0,179000,0,0,0,180000,1000,179000,179000
058685,TPK凱基99購01   ,0,0,0,0,0,0,0,0,0,179000,0,0,0,227000,48000,179000,179000
063697,香港反群益9C購01,0,0,0,0,0,0,0,0,0,179000,0,0,0,220000,41000,179000,179000
063106,台表科群益9B購03,0,0,0,0,0,0,0,0,0,178000,0,0,0,251000,73000,178000,178000
064200,華通兆豐01購01  ,0,0,0,0,0,0,0,0,0,178000,0,0,0,210000,32000,178000,178000
07067P,旺宏台新99售02  ,0,0,0,0,0,0,0,0,0,178000,0,0,0,251000,73000,178000,178000
061658,聯茂富邦9A購03  ,0,0,0,0,0,0,0,0,0,177000,0,0,0,256000,79000,177000,177000
056444,南亞科凱基99購01,0,0,0,0,0,0,0,0,0,177000,0,0,0,200000,23000,177000,177000
056545,TPK凱基98購02   ,0,0,0,0,0,0,0,0,0,177000,0,0,0,227000,50000,177000,177000
07579P,聯茂元大9A售01  ,0,0,0,0,0,0,0,0,0,177000,0,0,0,189000,12000,177000,177000
062996,致茂國票9C購01  ,0,0,0,0,0,0,0,0,0,176000,0,0,0,211000,35000,176000,176000
062295,康友永豐9B購01  ,0,0,0,0,0,0,0,0,0,176000,0,0,0,201000,25000,176000,176000
063513,聯發科麥證9B購03,0,0,0,183000,7000,176000,0,0,0,176000,0,0,0,183000,7000,176000,176000
07060P,台表科國票9A售01,0,0,0,0,0,0,0,0,0,176000,0,0,0,216000,40000,176000,176000
06824P,台灣50國票99售02,0,0,0,0,0,0,0,0,0,176000,0,0,0,247000,71000,176000,176000
060203,緯穎元富9A購01  ,0,0,0,0,0,0,0,0,0,175000,0,0,0,245000,70000,175000,175000
06050P,玉晶光國票98售01,0,0,0,0,0,0,0,0,0,175000,0,0,0,425000,250000,175000,175000
063571,TPK元大9B購03   ,0,0,0,0,0,0,0,0,0,175000,0,0,0,197000,22000,175000,175000
064072,康友永豐9C購01  ,0,0,0,0,0,0,0,0,0,175000,0,0,0,193000,18000,175000,175000
6288,聯嘉            ,311000,133000,178000,0,0,0,0,0,0,-3000,3000,6000,-3000,0,0,0,175000
059872,華新科凱基01購01,0,0,0,0,0,0,0,0,0,173000,0,0,0,265000,92000,173000,173000
060379,T50反1凱基9A購07,0,0,0,0,0,0,0,0,0,173000,0,0,0,174000,1000,173000,173000
063586,燿華永豐9B購02  ,0,0,0,0,0,0,0,0,0,173000,0,0,0,293000,120000,173000,173000
056386,TPK國泰99購01   ,0,0,0,0,0,0,0,0,0,172000,0,0,0,379000,207000,172000,172000
055137,GIS富邦98購01   ,0,0,0,0,0,0,0,0,0,172000,0,0,0,172000,0,172000,172000
055204,宏達電中信99購01,0,0,0,0,0,0,0,0,0,172000,0,0,0,172000,0,172000,172000
063884,台表科元富03購01,0,0,0,0,0,0,0,0,0,172000,0,0,0,1084000,912000,172000,172000
063905,健策麥證02購01  ,0,0,0,297000,125000,172000,0,0,0,172000,0,0,0,297000,125000,172000,172000
07115P,T50反1日盛9C售02,0,0,0,0,0,0,0,0,0,172000,0,0,0,175000,3000,172000,172000
07082P,美律元大99售06  ,0,0,0,0,0,0,0,0,0,172000,0,0,0,182000,10000,172000,172000
07076P,鴻海凱基9A售08  ,0,0,0,0,0,0,0,0,0,172000,0,0,0,214000,42000,172000,172000
6191,精成科          ,450000,287000,163000,0,0,0,0,0,0,9000,14000,5000,9000,0,0,0,172000
062863,聯茂國票9B購01  ,0,0,0,0,0,0,0,0,0,171000,0,0,0,236000,65000,171000,171000
058247,聯茂元大99購04  ,0,0,0,0,0,0,0,0,0,171000,0,0,0,200000,29000,171000,171000
05957P,友達國票97售04  ,0,0,0,0,0,0,0,0,0,171000,0,0,0,171000,0,171000,171000
07798P,同欣電國票9A售01,0,0,0,0,0,0,0,0,0,171000,0,0,0,186000,15000,171000,171000
4142,國光生          ,3783000,3613000,170000,0,0,0,0,0,0,1000,2000,1000,1000,0,0,0,171000
061789,群創群益9B購01  ,0,0,0,0,0,0,0,0,0,170000,0,0,0,176000,6000,170000,170000
061700,瑞昱國票9A購02  ,0,0,0,0,0,0,0,0,0,170000,0,0,0,217000,47000,170000,170000
1217,愛之味          ,407000,237000,170000,0,0,0,0,0,0,0,0,0,0,0,0,0,170000
2369,菱生            ,620000,457000,163000,0,0,0,0,0,0,7000,8000,1000,7000,0,0,0,170000
057258,中環兆豐98購01  ,0,0,0,0,0,0,0,0,0,170000,0,0,0,170000,0,170000,170000
060908,金像電元大9A購03,0,0,0,0,0,0,0,0,0,170000,0,0,0,187000,17000,170000,170000
059516,TPK永豐99購01   ,0,0,0,0,0,0,0,0,0,170000,0,0,0,183000,13000,170000,170000
06566P,華通永豐98售03  ,0,0,0,0,0,0,0,0,0,170000,0,0,0,170000,0,170000,170000
063191,台表科凱基9B購03,0,0,0,0,0,0,0,0,0,168000,0,0,0,267000,99000,168000,168000
057817,景碩元大98購01  ,0,0,0,0,0,0,0,0,0,168000,0,0,0,209000,41000,168000,168000
07612P,國巨國泰9B售06  ,0,0,0,0,0,0,0,0,0,168000,0,0,0,218000,50000,168000,168000
07422P,大立光元大99售32,0,0,0,0,0,0,0,0,0,168000,0,0,0,168000,0,168000,168000
05306P,泰碩國泰97售01  ,0,0,0,0,0,0,0,0,0,167000,0,0,0,170000,3000,167000,167000
06899P,嘉澤群益98售01  ,0,0,0,0,0,0,0,0,0,167000,0,0,0,447000,280000,167000,167000
06970P,旺宏元大99售08  ,0,0,0,0,0,0,0,0,0,167000,0,0,0,513000,346000,167000,167000
06425P,TPK永豐97售02   ,0,0,0,0,0,0,0,0,0,167000,0,0,0,169000,2000,167000,167000
8271,宇瞻            ,338000,174000,164000,0,0,0,0,0,0,3000,3000,0,3000,0,0,0,167000
062415,聯茂中信9C購01  ,0,0,0,0,0,0,0,0,0,166000,0,0,0,200000,34000,166000,166000
061634,遠東新元大9A購01,0,0,0,0,0,0,0,0,0,165000,0,0,0,315000,150000,165000,165000
058287,國巨國票9A購02  ,0,0,0,0,0,0,0,0,0,165000,0,0,0,200000,35000,165000,165000
058752,鈺齊凱基9A購01  ,0,0,0,0,0,0,0,0,0,165000,0,0,0,242000,77000,165000,165000
06492P,上銀永豐98售01  ,0,0,0,0,0,0,0,0,0,165000,0,0,0,175000,10000,165000,165000
07402P,瑞昱凱基99售02  ,0,0,0,0,0,0,0,0,0,165000,0,0,0,215000,50000,165000,165000
07235P,T50正2元大9C售02,0,0,0,0,0,0,0,0,0,165000,0,0,0,178000,13000,165000,165000
07926P,上銀統一9B售02  ,0,0,0,0,0,0,0,0,0,165000,0,0,0,185000,20000,165000,165000
08057P,京鼎群益9B售01  ,0,0,0,0,0,0,0,0,0,165000,0,0,0,165000,0,165000,165000
6592,和潤企業        ,225000,123000,102000,0,0,0,20000,0,20000,43000,35000,2000,33000,17000,7000,10000,165000
061136,可成統一9A購01  ,0,0,0,0,0,0,0,0,0,164000,0,0,0,165000,1000,164000,164000
058318,致茂永豐9A購01  ,0,0,0,0,0,0,0,0,0,164000,0,0,0,189000,25000,164000,164000
060385,台勝科凱基9A購01,0,0,0,0,0,0,0,0,0,164000,0,0,0,189000,25000,164000,164000
2908,特力            ,199000,35000,164000,0,0,0,0,0,0,0,0,0,0,0,0,0,164000
063037,聯發科凱基9C購02,0,0,0,0,0,0,0,0,0,163000,0,0,0,185000,22000,163000,163000
062561,瀚宇博凱基9B購01,0,0,0,0,0,0,0,0,0,163000,0,0,0,183000,20000,163000,163000
2316,楠梓電          ,396000,215000,181000,0,0,0,0,0,0,-18000,3000,1000,2000,0,20000,-20000,163000
08384P,臺股指群益9C售12,0,0,0,0,0,0,0,0,0,163000,0,0,0,263000,100000,163000,163000
052095,彩晶元大97購01  ,0,0,0,0,0,0,0,0,0,163000,0,0,0,230000,67000,163000,163000
06962P,華新科永豐99售01,0,0,0,0,0,0,0,0,0,163000,0,0,0,267000,104000,163000,163000
061189,可成富邦9B購02  ,0,0,0,0,0,0,0,0,0,162000,0,0,0,162000,0,162000,162000
052794,群創兆豐97購01  ,0,0,0,0,0,0,0,0,0,162000,0,0,0,283000,121000,162000,162000
055732,全新元富9A購01  ,0,0,0,0,0,0,0,0,0,162000,0,0,0,163000,1000,162000,162000
058714,美律統一9B購01  ,0,0,0,0,0,0,0,0,0,162000,0,0,0,177000,15000,162000,162000
06851P,鈺齊元大98售01  ,0,0,0,0,0,0,0,0,0,162000,0,0,0,162000,0,162000,162000
07556P,玉晶光元大9A售08,0,0,0,0,0,0,0,0,0,162000,0,0,0,162000,0,162000,162000
9935,慶豐富          ,425000,265000,160000,0,0,0,0,0,0,2000,2000,0,2000,0,0,0,162000
08300P,世芯國票01售01  ,0,0,0,0,0,0,0,0,0,161000,0,0,0,224000,63000,161000,161000
058146,勤誠元大99購01  ,0,0,0,0,0,0,0,0,0,161000,0,0,0,266000,105000,161000,161000
063285,華擎元大9B購03  ,0,0,0,0,0,0,0,0,0,161000,0,0,0,229000,68000,161000,161000
063361,台表科國泰01購02,0,0,0,0,0,0,0,0,0,161000,0,0,0,286000,125000,161000,161000
059312,元石油元大99購05,0,0,0,0,0,0,0,0,0,161000,0,0,0,628000,467000,161000,161000
07856P,力成凱基9A售02  ,0,0,0,0,0,0,0,0,0,161000,0,0,0,166000,5000,161000,161000
063670,美食統一9C購01  ,0,0,0,0,0,0,0,0,0,161000,0,0,0,274000,113000,161000,161000
08295P,長榮航元大9C售01,0,0,0,0,0,0,0,0,0,160000,0,0,0,160000,0,160000,160000
061625,聯茂群益9A購02  ,0,0,0,0,0,0,0,0,0,160000,0,0,0,330000,170000,160000,160000
055058,大毅永豐97購01  ,0,0,0,0,0,0,0,0,0,160000,0,0,0,163000,3000,160000,160000
07197P,臺股指元大99售13,0,0,0,0,0,0,0,0,0,160000,0,0,0,160000,0,160000,160000
06837P,上銀統一9A售02  ,0,0,0,0,0,0,0,0,0,160000,0,0,0,160000,0,160000,160000
6230,超眾            ,182000,93000,89000,0,0,0,0,0,0,71000,5000,0,5000,70000,4000,66000,160000
062285,台勝科群益9B購01,0,0,0,0,0,0,0,0,0,159000,0,0,0,159000,0,159000,159000
055654,景碩元富97購01  ,0,0,0,0,0,0,0,0,0,159000,0,0,0,159000,0,159000,159000
064343,健鼎元大9C購01  ,0,0,0,0,0,0,0,0,0,159000,0,0,0,159000,0,159000,159000
1604,聲寶            ,260000,112000,148000,0,0,0,0,0,0,10000,10000,0,10000,0,0,0,158000
056646,奇鋐凱基99購02  ,0,0,0,0,0,0,0,0,0,158000,0,0,0,181000,23000,158000,158000
063403,鈺齊群益9B購01  ,0,0,0,0,0,0,0,0,0,158000,0,0,0,158000,0,158000,158000
058876,南電國票9A購02  ,0,0,0,0,0,0,0,0,0,158000,0,0,0,208000,50000,158000,158000
08011P,玉晶光元大9B售05,0,0,0,0,0,0,0,0,0,158000,0,0,0,463000,305000,158000,158000
061367,瑞祺國票9A購01  ,0,0,0,0,0,0,0,0,0,157000,0,0,0,158000,1000,157000,157000
055826,中石化元大97購01,0,0,0,0,0,0,0,0,0,157000,0,0,0,257000,100000,157000,157000
056639,國產康和98購01  ,0,0,0,0,0,0,0,0,0,157000,0,0,0,157000,0,157000,157000
05755P,臺股指中信99售04,0,0,0,0,0,0,0,0,0,157000,0,0,0,218000,61000,157000,157000
06626P,大立光統一9A售01,0,0,0,0,0,0,0,0,0,157000,0,0,0,160000,3000,157000,157000
4104,佳醫            ,207000,59000,148000,0,0,0,0,0,0,9000,9000,0,9000,0,0,0,157000
08284P,鴻海凱基01售03  ,0,0,0,0,0,0,0,0,0,156000,0,0,0,176000,20000,156000,156000
063426,茂林凱基9B購03  ,0,0,0,0,0,0,0,0,0,156000,0,0,0,156000,0,156000,156000
06576P,台光電群益98售03,0,0,0,0,0,0,0,0,0,156000,0,0,0,156000,0,156000,156000
3518,柏騰            ,298000,143000,155000,0,0,0,0,0,0,1000,1000,0,1000,0,0,0,156000
061402,矽創兆豐9B購01  ,0,0,0,0,0,0,0,0,0,155000,0,0,0,185000,30000,155000,155000
05546P,全新元大97售01  ,0,0,0,0,0,0,0,0,0,155000,0,0,0,201000,46000,155000,155000
063508,緯創群益9B購01  ,0,0,0,0,0,0,0,0,0,155000,0,0,0,263000,108000,155000,155000
064615,智邦元大01購01  ,0,0,0,0,0,0,0,0,0,155000,0,0,0,175000,20000,155000,155000
063846,智邦元大9C購01  ,0,0,0,0,0,0,0,0,0,155000,0,0,0,308000,153000,155000,155000
07694P,超眾元大9A售05  ,0,0,0,0,0,0,0,0,0,155000,0,0,0,195000,40000,155000,155000
062042,台勝科凱基9C購01,0,0,0,0,0,0,0,0,0,155000,0,0,0,155000,0,155000,155000
07187P,臺股指台新99售10,0,0,0,0,0,0,0,0,0,155000,0,0,0,161000,6000,155000,155000
062075,智邦元大9B購03  ,0,0,0,0,0,0,0,0,0,154000,0,0,0,172000,18000,154000,154000
061564,華擎國票9A購02  ,0,0,0,0,0,0,0,0,0,154000,0,0,0,154000,0,154000,154000
06624P,訊芯元大98售06  ,0,0,0,0,0,0,0,0,0,154000,0,0,0,214000,60000,154000,154000
8028,昇陽半導體      ,545000,406000,139000,0,0,0,0,0,0,15000,1000,0,1000,19000,5000,14000,154000
061704,景碩國票9A購01  ,0,0,0,0,0,0,0,0,0,153000,0,0,0,173000,20000,153000,153000
06677P,牧德國票98售02  ,0,0,0,0,0,0,0,0,0,153000,0,0,0,153000,0,153000,153000
063267,台表科中信01購02,0,0,0,0,0,0,0,0,0,152000,0,0,0,238000,86000,152000,152000
07815P,美律群益9A售04  ,0,0,0,0,0,0,0,0,0,152000,0,0,0,152000,0,152000,152000
062878,宏達電兆豐9B購01,0,0,0,0,0,0,0,0,0,151000,0,0,0,154000,3000,151000,151000
063241,聯發科元大9B購18,0,0,0,0,0,0,0,0,0,151000,0,0,0,153000,2000,151000,151000
063149,聯發科元富05購02,0,0,0,0,0,0,0,0,0,151000,0,0,0,224000,73000,151000,151000
063579,GIS元大9C購01   ,0,0,0,0,0,0,0,0,0,151000,0,0,0,198000,47000,151000,151000
063812,智邦群益9C購02  ,0,0,0,0,0,0,0,0,0,151000,0,0,0,161000,10000,151000,151000
062726,華擎凱基9B購02  ,0,0,0,0,0,0,0,0,0,150000,0,0,0,150000,0,150000,150000
06265P,美律凱基97售01  ,0,0,0,0,0,0,0,0,0,150000,0,0,0,150000,0,150000,150000
061737,南亞科凱基9B購01,0,0,0,0,0,0,0,0,0,150000,0,0,0,180000,30000,150000,150000
063045,國巨兆豐9C購02  ,0,0,0,0,0,0,0,0,0,150000,0,0,0,150000,0,150000,150000
060936,T50反1國票9A購09,0,0,0,0,0,0,0,0,0,150000,0,0,0,190000,40000,150000,150000
053052,旺宏國票97購02  ,0,0,0,0,0,0,0,0,0,150000,0,0,0,150000,0,150000,150000
006207,FH滬深          ,66000,3000,63000,0,0,0,0,0,0,87000,0,0,0,276000,189000,87000,150000
053760,牧德國泰98購01  ,0,0,0,0,0,0,0,0,0,150000,0,0,0,150000,0,150000,150000
05878P,創意群益98售01  ,0,0,0,0,0,0,0,0,0,150000,0,0,0,200000,50000,150000,150000
063595,燿華中信9B購02  ,0,0,0,0,0,0,0,0,0,150000,0,0,0,246000,96000,150000,150000
064318,彩晶群益9C購01  ,0,0,0,0,0,0,0,0,0,150000,0,0,0,150000,0,150000,150000
07996P,亞德客凱基9B售03,0,0,0,0,0,0,0,0,0,150000,0,0,0,230000,80000,150000,150000
3048,益登            ,223000,83000,140000,0,0,0,0,0,0,10000,10000,0,10000,0,0,0,150000
1732,毛寶            ,367000,221000,146000,0,0,0,0,0,0,3000,3000,0,3000,0,0,0,149000
052291,鴻海元富97購02  ,0,0,0,0,0,0,0,0,0,149000,0,0,0,149000,0,149000,149000
055919,景碩凱基98購02  ,0,0,0,0,0,0,0,0,0,149000,0,0,0,183000,34000,149000,149000
060489,世紀鋼群益9A購01,0,0,0,0,0,0,0,0,0,149000,0,0,0,149000,0,149000,149000
063445,金像電統一9B購01,0,0,0,0,0,0,0,0,0,149000,0,0,0,237000,88000,149000,149000
061650,南電元大9A購07  ,0,0,0,0,0,0,0,0,0,148000,0,0,0,241000,93000,148000,148000
060962,義隆凱基9B購01  ,0,0,0,0,0,0,0,0,0,148000,0,0,0,411000,263000,148000,148000
03427B,臺股指元大9A熊02,0,0,0,0,0,0,0,0,0,148000,0,0,0,236000,88000,148000,148000
057840,健策富邦99購01  ,0,0,0,0,0,0,0,0,0,148000,0,0,0,213000,65000,148000,148000
060367,緯穎元富9A購02  ,0,0,0,0,0,0,0,0,0,148000,0,0,0,267000,119000,148000,148000
07210P,智邦凱基99售03  ,0,0,0,0,0,0,0,0,0,148000,0,0,0,350000,202000,148000,148000
062377,力成元大9B購01  ,0,0,0,0,0,0,0,0,0,147000,0,0,0,178000,31000,147000,147000
059181,世紀鋼元富9C購01,0,0,0,0,0,0,0,0,0,147000,0,0,0,197000,50000,147000,147000
6669,緯穎            ,528373,474486,53887,0,0,0,87000,0,87000,6000,17000,10000,7000,15000,16000,-1000,146887
00728,第一金工業30    ,0,0,0,0,0,0,0,0,0,146000,0,0,0,268000,122000,146000,146000
055987,台表科元富97購01,0,0,0,0,0,0,0,0,0,146000,0,0,0,583000,437000,146000,146000
063979,健鼎兆豐9C購01  ,0,0,0,0,0,0,0,0,0,146000,0,0,0,184000,38000,146000,146000
2207,和泰車          ,483446,337311,146135,0,0,0,0,0,0,-1000,7000,8000,-1000,0,0,0,145135
2702,華園            ,163000,19000,144000,0,0,0,0,0,0,1000,1000,0,1000,0,0,0,145000
058207,南茂凱基99購01  ,0,0,0,0,0,0,0,0,0,145000,0,0,0,239000,94000,145000,145000
064408,TPK凱基02購01   ,0,0,0,0,0,0,0,0,0,145000,0,0,0,195000,50000,145000,145000
07529P,國巨凱基9A售11  ,0,0,0,0,0,0,0,0,0,145000,0,0,0,145000,0,145000,145000
08026P,臺股指凱基9B售12,0,0,0,0,0,0,0,0,0,145000,0,0,0,159000,14000,145000,145000
061229,緯穎中信9B購01  ,0,0,0,0,0,0,0,0,0,144000,0,0,0,184000,40000,144000,144000
057278,可成元大98購06  ,0,0,0,0,0,0,0,0,0,144000,0,0,0,182000,38000,144000,144000
063200,瑞昱統一9C購01  ,0,0,0,0,0,0,0,0,0,144000,0,0,0,260000,116000,144000,144000
064228,同欣電國票01購01,0,0,0,0,0,0,0,0,0,144000,0,0,0,508000,364000,144000,144000
2208,台船            ,304000,163000,141000,0,0,0,0,0,0,2000,4000,2000,2000,0,0,0,143000
059079,SGBR2X元大99購01,0,0,0,0,0,0,0,0,0,143000,0,0,0,245000,102000,143000,143000
07834P,聯詠群益9A售03  ,0,0,0,0,0,0,0,0,0,143000,0,0,0,144000,1000,143000,143000
047595,元石油元富97購01,0,0,0,0,0,0,0,0,0,142000,0,0,0,142000,0,142000,142000
08171P,嘉澤國票9C售01  ,0,0,0,0,0,0,0,0,0,142000,0,0,0,202000,60000,142000,142000
07546P,玉晶光凱基9A售09,0,0,0,0,0,0,0,0,0,142000,0,0,0,204000,62000,142000,142000
07011P,宏達電凱基99售02,0,0,0,0,0,0,0,0,0,142000,0,0,0,293000,151000,142000,142000
063955,TPK元大9C購01   ,0,0,0,0,0,0,0,0,0,142000,0,0,0,229000,87000,142000,142000
055049,智邦永豐97購01  ,0,0,0,0,0,0,0,0,0,141000,0,0,0,166000,25000,141000,141000
059197,可成永豐99購02  ,0,0,0,0,0,0,0,0,0,141000,0,0,0,144000,3000,141000,141000
1795,美時            ,272000,132000,140000,0,0,0,0,0,0,0,1000,1000,0,0,0,0,140000
062763,華擎凱基9C購02  ,0,0,0,0,0,0,0,0,0,140000,0,0,0,140000,0,140000,140000
055306,燿華群益97購01  ,0,0,0,0,0,0,0,0,0,140000,0,0,0,140000,0,140000,140000
057138,亞德客兆豐98購01,0,0,0,0,0,0,0,0,0,140000,0,0,0,140000,0,140000,140000
057974,上銀永豐98購02  ,0,0,0,0,0,0,0,0,0,140000,0,0,0,150000,10000,140000,140000
06980P,緯穎永豐99售02  ,0,0,0,0,0,0,0,0,0,140000,0,0,0,150000,10000,140000,140000
08159P,日月光元富9B售01,0,0,0,0,0,0,0,0,0,140000,0,0,0,176000,36000,140000,140000
08016P,臺股指凱基02售02,0,0,0,0,0,0,0,0,0,140000,0,0,0,140000,0,140000,140000
07743P,智邦凱基9A售03  ,0,0,0,0,0,0,0,0,0,140000,0,0,0,150000,10000,140000,140000
3605,宏致            ,185000,42000,143000,0,0,0,0,0,0,-3000,2000,5000,-3000,0,0,0,140000
06192P,高股息中信98售01,0,0,0,0,0,0,0,0,0,139000,0,0,0,164000,25000,139000,139000
057511,健策統一98購02  ,0,0,0,0,0,0,0,0,0,139000,0,0,0,145000,6000,139000,139000
060470,台勝科元大9A購03,0,0,0,0,0,0,0,0,0,139000,0,0,0,139000,0,139000,139000
07610P,大立光國票9A售04,0,0,0,0,0,0,0,0,0,139000,0,0,0,139000,0,139000,139000
9921,巨大            ,1815301,1629334,185967,0,0,0,4000,11000,-7000,-40000,5000,40000,-35000,21000,26000,-5000,138967
2472,立隆電          ,304000,192000,112000,0,0,0,0,0,0,26000,50000,24000,26000,0,0,0,138000
061086,FBVIX統一01購01 ,0,0,0,0,0,0,0,0,0,138000,0,0,0,188000,50000,138000,138000
08061P,大毅國票9B售04  ,0,0,0,0,0,0,0,0,0,138000,0,0,0,153000,15000,138000,138000
063816,TPK群益9C購01   ,0,0,0,0,0,0,0,0,0,138000,0,0,0,155000,17000,138000,138000
3321,同泰            ,140000,3000,137000,0,0,0,0,0,0,1000,1000,0,1000,0,0,0,138000
2031,新光鋼          ,269000,123000,146000,0,0,0,0,0,0,-9000,75000,84000,-9000,0,0,0,137000
048652,巨大元大96購01  ,0,0,0,0,0,0,0,0,0,136000,0,0,0,142000,6000,136000,136000
00665L,富邦恒生國企正2 ,0,104000,-104000,0,0,0,0,0,0,240000,0,0,0,469000,229000,240000,136000
057527,億光元大98購01  ,0,0,0,0,0,0,0,0,0,136000,0,0,0,180000,44000,136000,136000
057859,神達康和98購01  ,0,0,0,0,0,0,0,0,0,136000,0,0,0,136000,0,136000,136000
064376,美律元富9C購01  ,0,0,0,0,0,0,0,0,0,136000,0,0,0,208000,72000,136000,136000
07365P,超眾元大99售07  ,0,0,0,0,0,0,0,0,0,136000,0,0,0,136000,0,136000,136000
07022P,嘉晶永豐99售02  ,0,0,0,0,0,0,0,0,0,136000,0,0,0,136000,0,136000,136000
061570,瑞昱元大9A購05  ,0,0,0,0,0,0,0,0,0,135000,0,0,0,161000,26000,135000,135000
062708,立積元大9B購01  ,0,0,0,0,0,0,0,0,0,135000,0,0,0,205000,70000,135000,135000
053888,和大群益97購01  ,0,0,0,0,0,0,0,0,0,135000,0,0,0,135000,0,135000,135000
057170,瑞昱元大98購01  ,0,0,0,0,0,0,0,0,0,135000,0,0,0,163000,28000,135000,135000
055960,義隆元大97購01  ,0,0,0,0,0,0,0,0,0,135000,0,0,0,135000,0,135000,135000
059819,台積電凱基99購17,0,0,0,0,0,0,0,0,0,135000,0,0,0,135000,0,135000,135000
063476,台表科元大9C購03,0,0,0,0,0,0,0,0,0,135000,0,0,0,270000,135000,135000,135000
07894P,燿華元大9B售01  ,0,0,0,0,0,0,0,0,0,135000,0,0,0,192000,57000,135000,135000
063659,世紀鋼元富9B購01,0,0,0,0,0,0,0,0,0,135000,0,0,0,135000,0,135000,135000
063864,健策富邦01購01  ,0,0,0,0,0,0,0,0,0,135000,0,0,0,160000,25000,135000,135000
5607,遠雄港          ,288000,153000,135000,0,0,0,0,0,0,0,0,0,0,0,0,0,135000
2351,順德            ,215000,99000,116000,0,0,0,15000,0,15000,3000,3000,0,3000,0,0,0,134000
056615,燿華永豐98購02  ,0,0,0,0,0,0,0,0,0,134000,0,0,0,214000,80000,134000,134000
063227,祥碩群益9B購06  ,0,0,0,0,0,0,0,0,0,134000,0,0,0,209000,75000,134000,134000
058397,大成鋼元大99購02,0,0,0,0,0,0,0,0,0,134000,0,0,0,205000,71000,134000,134000
07246P,旺宏凱基99售08  ,0,0,0,0,0,0,0,0,0,134000,0,0,0,134000,0,134000,134000
1513,中興電          ,393000,352000,41000,0,0,0,0,0,0,92000,115000,22000,93000,7000,8000,-1000,133000
062364,瑞昱元大9B購04  ,0,0,0,0,0,0,0,0,0,133000,0,0,0,171000,38000,133000,133000
063280,燿華元大9B購05  ,0,0,0,0,0,0,0,0,0,133000,0,0,0,364000,231000,133000,133000
059350,樺漢凱基9A購01  ,0,0,0,0,0,0,0,0,0,133000,0,0,0,139000,6000,133000,133000
07509P,牧德國票9A售03  ,0,0,0,0,0,0,0,0,0,133000,0,0,0,133000,0,133000,133000
07814P,華通群益9A售06  ,0,0,0,0,0,0,0,0,0,133000,0,0,0,153000,20000,133000,133000
08124P,臻鼎群益9B售02  ,0,0,0,0,0,0,0,0,0,133000,0,0,0,143000,10000,133000,133000
08134P,臺股指元大9B售40,0,0,0,0,0,0,0,0,0,133000,0,0,0,199000,66000,133000,133000
060232,友訊元大9C購01  ,0,0,0,0,0,0,0,0,0,132000,0,0,0,199000,67000,132000,132000
057356,彩晶統一98購04  ,0,0,0,0,0,0,0,0,0,132000,0,0,0,172000,40000,132000,132000
061464,瑞昱群益9A購01  ,0,0,0,0,0,0,0,0,0,132000,0,0,0,132000,0,132000,132000
061455,京元電凱基9B購01,0,0,0,0,0,0,0,0,0,132000,0,0,0,143000,11000,132000,132000
064206,鴻海凱基03購02  ,0,0,0,0,0,0,0,0,0,132000,0,0,0,133000,1000,132000,132000
056849,瀚宇博元富98購01,0,0,0,0,0,0,0,0,0,131000,0,0,0,131000,0,131000,131000
057728,瑞昱國泰99購01  ,0,0,0,0,0,0,0,0,0,131000,0,0,0,131000,0,131000,131000
08042P,臺股指群益9B售15,0,0,0,0,0,0,0,0,0,131000,0,0,0,137000,6000,131000,131000
062670,瑞昱中信03購01  ,0,0,0,0,0,0,0,0,0,130000,0,0,0,208000,78000,130000,130000
057061,華擎國泰9A購01  ,0,0,0,0,0,0,0,0,0,130000,0,0,0,130000,0,130000,130000
055661,亞德客中信98購01,0,0,0,0,0,0,0,0,0,130000,0,0,0,155000,25000,130000,130000
060418,中橡永豐9A購01  ,0,0,0,0,0,0,0,0,0,130000,0,0,0,189000,59000,130000,130000
07583P,台積電富邦9B售05,0,0,0,0,0,0,0,0,0,130000,0,0,0,160000,30000,130000,130000
057203,麗豐元富98購02  ,0,0,0,0,0,0,0,0,0,129000,0,0,0,300000,171000,129000,129000
00648R,元大S&P500反1   ,31000,28000,3000,0,0,0,0,0,0,126000,0,0,0,1692000,1566000,126000,129000
058431,國巨統一9B購01  ,0,0,0,0,0,0,0,0,0,129000,0,0,0,229000,100000,129000,129000
06982P,義隆凱基99售02  ,0,0,0,0,0,0,0,0,0,129000,0,0,0,1000000,871000,129000,129000
062622,南電元大9B購03  ,0,0,0,0,0,0,0,0,0,128000,0,0,0,155000,27000,128000,128000
062111,台勝科國票9B購01,0,0,0,0,0,0,0,0,0,128000,0,0,0,128000,0,128000,128000
062480,茂林國票9B購01  ,0,0,0,0,0,0,0,0,0,128000,0,0,0,128000,0,128000,128000
056548,瀚宇博凱基98購02,0,0,0,0,0,0,0,0,0,128000,0,0,0,153000,25000,128000,128000
057862,智邦凱基99購01  ,0,0,0,0,0,0,0,0,0,128000,0,0,0,134000,6000,128000,128000
07256P,臺股指凱基99售36,0,0,0,0,0,0,0,0,0,128000,0,0,0,133000,5000,128000,128000
062903,燿華元大9B購04  ,0,0,0,0,0,0,0,0,0,127000,0,0,0,331000,204000,127000,127000
055804,祥碩永豐97購02  ,0,0,0,0,0,0,0,0,0,127000,0,0,0,127000,0,127000,127000
061474,瑞昱元大9A購04  ,0,0,0,0,0,0,0,0,0,127000,0,0,0,220000,93000,127000,127000
062034,同欣電群益9B購01,0,0,0,0,0,0,0,0,0,127000,0,0,0,254000,127000,127000,127000
064031,玉晶光元大02購01,0,0,0,0,0,0,0,0,0,127000,0,0,0,152000,25000,127000,127000
062688,華擎統一01購03  ,0,0,0,0,0,0,0,0,0,126000,0,0,0,181000,55000,126000,126000
053782,京元電元大98購02,0,0,0,0,0,0,0,0,0,126000,0,0,0,201000,75000,126000,126000
058588,致茂中信9B購01  ,0,0,0,0,0,0,0,0,0,126000,0,0,0,212000,86000,126000,126000
064465,台表科統一01購02,0,0,0,0,0,0,0,0,0,126000,0,0,0,202000,76000,126000,126000
061468,神達群益9A購01  ,0,0,0,0,0,0,0,0,0,126000,0,0,0,126000,0,126000,126000
07913P,友達元大01售01  ,0,0,0,0,0,0,0,0,0,126000,0,0,0,130000,4000,126000,126000
06693P,臺股指凱基98售01,0,0,0,0,0,0,0,0,0,126000,0,0,0,177000,51000,126000,126000
2636,台驊投控        ,175000,50000,125000,0,0,0,0,0,0,0,0,0,0,0,0,0,125000
063051,仁寶統一01購01  ,0,0,0,0,0,0,0,0,0,125000,0,0,0,563000,438000,125000,125000
049842,道瓊反中信98購01,0,0,0,0,0,0,0,0,0,125000,0,0,0,160000,35000,125000,125000
060277,道瓊反元大9A購02,0,0,0,0,0,0,0,0,0,125000,0,0,0,135000,10000,125000,125000
06047P,聯發科富邦99售04,0,0,0,0,0,0,0,0,0,125000,0,0,0,317000,192000,125000,125000
059381,TPK亞東99購01   ,0,0,0,0,0,0,0,0,0,125000,0,0,0,125000,0,125000,125000
058007,南電群益98購02  ,0,0,0,0,0,0,0,0,0,125000,0,0,0,238000,113000,125000,125000
07149P,健鼎元大99售03  ,0,0,0,0,0,0,0,0,0,125000,0,0,0,126000,1000,125000,125000
064257,台勝科國泰01購01,0,0,0,0,0,0,0,0,0,125000,0,0,0,155000,30000,125000,125000
6142,友勁            ,27000,3000,24000,0,0,0,0,0,0,101000,101000,0,101000,0,0,0,125000
062401,信邦永豐9B購01  ,0,0,0,0,0,0,0,0,0,124000,0,0,0,127000,3000,124000,124000
056266,開發金統一9A購01,0,0,0,0,0,0,0,0,0,124000,0,0,0,343000,219000,124000,124000
054291,高鐵元大97購01  ,0,0,0,0,0,0,0,0,0,124000,0,0,0,263000,139000,124000,124000
07672P,南電元大9A售05  ,0,0,0,0,0,0,0,0,0,124000,0,0,0,134000,10000,124000,124000
4934,太極            ,313000,190000,123000,0,0,0,0,0,0,1000,1000,0,1000,0,0,0,124000
062062,貿聯統一01購01  ,0,0,0,0,0,0,0,0,0,123000,0,0,0,143000,20000,123000,123000
05708P,奇力新國票97售04,0,0,0,0,0,0,0,0,0,123000,0,0,0,123000,0,123000,123000
07780P,美律凱基9A售02  ,0,0,0,0,0,0,0,0,0,123000,0,0,0,133000,10000,123000,123000
07987P,大立光統一9B售13,0,0,0,0,0,0,0,0,0,123000,0,0,0,130000,7000,123000,123000
063612,金像電群益9B購04,0,0,0,0,0,0,0,0,0,123000,0,0,0,123000,0,123000,123000
061038,TPK永豐9A購01   ,0,0,0,0,0,0,0,0,0,122000,0,0,0,179000,57000,122000,122000
057516,和鑫元富98購01  ,0,0,0,0,0,0,0,0,0,122000,0,0,0,242000,120000,122000,122000
058421,國泰金麥證01購01,0,0,0,123000,1000,122000,0,0,0,122000,0,0,0,123000,1000,122000,122000
060480,億豐元大9A購02  ,0,0,0,0,0,0,0,0,0,122000,0,0,0,134000,12000,122000,122000
063851,健策元大01購01  ,0,0,0,0,0,0,0,0,0,122000,0,0,0,179000,57000,122000,122000
07944P,華新科元大9B售08,0,0,0,0,0,0,0,0,0,122000,0,0,0,126000,4000,122000,122000
4961,天鈺            ,260000,141000,119000,0,0,0,0,0,0,3000,3000,0,3000,0,0,0,122000
063132,台表科元大9C購02,0,0,0,0,0,0,0,0,0,121000,0,0,0,221000,100000,121000,121000
062451,瀚宇博元大9B購02,0,0,0,0,0,0,0,0,0,121000,0,0,0,145000,24000,121000,121000
061772,健策元大9B購06  ,0,0,0,0,0,0,0,0,0,121000,0,0,0,167000,46000,121000,121000
2615,萬海            ,307000,182000,125000,0,0,0,0,5000,-5000,1000,1000,0,1000,0,0,0,121000
057505,健策麥證98購01  ,0,0,0,191000,220000,-29000,0,0,0,121000,0,0,0,341000,220000,121000,121000
058748,景碩凱基9A購01  ,0,0,0,0,0,0,0,0,0,121000,0,0,0,145000,24000,121000,121000
08014P,微星凱基9B售02  ,0,0,0,0,0,0,0,0,0,121000,0,0,0,138000,17000,121000,121000
061483,TPK元大9A購01   ,0,0,0,0,0,0,0,0,0,121000,0,0,0,231000,110000,121000,121000
08220P,華邦電凱基9B售02,0,0,0,0,0,0,0,0,0,121000,0,0,0,123000,2000,121000,121000
06974P,臺股指元大9A售12,0,0,0,0,0,0,0,0,0,121000,0,0,0,121000,0,121000,121000
064274,燿華元大9C購01  ,0,0,0,0,0,0,0,0,0,121000,0,0,0,254000,133000,121000,121000
06434P,超眾群益98售02  ,0,0,0,0,0,0,0,0,0,121000,0,0,0,121000,0,121000,121000
06477P,緯穎國票99售02  ,0,0,0,0,0,0,0,0,0,121000,0,0,0,191000,70000,121000,121000
8462,柏文            ,158000,60000,98000,0,0,0,10000,0,10000,13000,0,0,0,13000,0,13000,121000
062158,禾伸堂凱基9B購01,0,0,0,0,0,0,0,0,0,120000,0,0,0,120000,0,120000,120000
06243P,亞光元富97售01  ,0,0,0,0,0,0,0,0,0,120000,0,0,0,120000,0,120000,120000
057483,微星元大98購04  ,0,0,0,0,0,0,0,0,0,120000,0,0,0,130000,10000,120000,120000
048001,中工元大96購01  ,0,0,0,0,0,0,0,0,0,120000,0,0,0,120000,0,120000,120000
052594,友訊群益98購01  ,0,0,0,0,0,0,0,0,0,120000,0,0,0,120000,0,120000,120000
057712,南亞科統一9A購01,0,0,0,0,0,0,0,0,0,120000,0,0,0,390000,270000,120000,120000
063632,金像電元大9B購04,0,0,0,0,0,0,0,0,0,120000,0,0,0,168000,48000,120000,120000
06862P,大立光凱基98售16,0,0,0,0,0,0,0,0,0,120000,0,0,0,125000,5000,120000,120000
07615P,華通中信02售02  ,0,0,0,0,0,0,0,0,0,120000,0,0,0,120000,0,120000,120000
08308P,聯發科凱基01售03,0,0,0,0,0,0,0,0,0,119000,0,0,0,131000,12000,119000,119000
058590,南電中信9A購02  ,0,0,0,0,0,0,0,0,0,119000,0,0,0,300000,181000,119000,119000
08108P,聯發科元富9B售03,0,0,0,0,0,0,0,0,0,119000,0,0,0,119000,0,119000,119000
063802,南茂凱基9C購01  ,0,0,0,0,0,0,0,0,0,119000,0,0,0,229000,110000,119000,119000
061179,華擎凱基9A購01  ,0,0,0,0,0,0,0,0,0,118000,0,0,0,118000,0,118000,118000
08027P,嘉晶元大9B售03  ,0,0,0,0,0,0,0,0,0,118000,0,0,0,294000,176000,118000,118000
07808P,超眾永豐9A售04  ,0,0,0,0,0,0,0,0,0,118000,0,0,0,118000,0,118000,118000
06855P,聯發科富邦9A售01,0,0,0,0,0,0,0,0,0,118000,0,0,0,278000,160000,118000,118000
062727,華擎凱基9B購03  ,0,0,0,0,0,0,0,0,0,117000,0,0,0,141000,24000,117000,117000
062275,燿華群益9B購01  ,0,0,0,0,0,0,0,0,0,117000,0,0,0,389000,272000,117000,117000
08401P,玉晶光元富9C售04,0,0,0,0,0,0,0,0,0,117000,0,0,0,217000,100000,117000,117000
053056,同欣電國票97購01,0,0,0,0,0,0,0,0,0,117000,0,0,0,117000,0,117000,117000
05894P,友達群益98售02  ,0,0,0,0,0,0,0,0,0,117000,0,0,0,117000,0,117000,117000
060786,聯發科富邦9B購06,0,0,0,0,0,0,0,0,0,117000,0,0,0,117000,0,117000,117000
07344P,鴻海富邦9A售03  ,0,0,0,0,0,0,0,0,0,117000,0,0,0,137000,20000,117000,117000
06644P,亞德客元大98售03,0,0,0,0,0,0,0,0,0,117000,0,0,0,411000,294000,117000,117000
064168,南電統一01購01  ,0,0,0,0,0,0,0,0,0,117000,0,0,0,312000,195000,117000,117000
4540,全球傳動        ,246000,128000,118000,0,0,0,0,0,0,-1000,1000,2000,-1000,0,0,0,117000
3094,聯傑            ,131000,25000,106000,0,0,0,0,0,0,11000,11000,0,11000,0,0,0,117000
2642,宅配通          ,191000,98000,93000,0,0,0,0,0,0,23000,23000,0,23000,0,0,0,116000
053486,T50反1兆豐96購01,0,0,0,0,0,0,0,0,0,116000,0,0,0,116000,0,116000,116000
054471,T50反1中信9C購01,0,0,0,0,0,0,0,0,0,116000,0,0,0,323000,207000,116000,116000
056419,欣興元富98購02  ,0,0,0,0,0,0,0,0,0,116000,0,0,0,254000,138000,116000,116000
08191P,鴻海台新9B售03  ,0,0,0,0,0,0,0,0,0,116000,0,0,0,121000,5000,116000,116000
2515,中工            ,1470000,1345000,125000,0,0,0,0,0,0,-10000,11000,10000,1000,13000,24000,-11000,115000
08377P,臻鼎元富9C售02  ,0,0,0,0,0,0,0,0,0,115000,0,0,0,145000,30000,115000,115000
063050,葡萄王統一01購01,0,0,0,0,0,0,0,0,0,115000,0,0,0,426000,311000,115000,115000
061001,智邦兆豐9B購01  ,0,0,0,0,0,0,0,0,0,115000,0,0,0,185000,70000,115000,115000
056739,美律凱基98購04  ,0,0,0,0,0,0,0,0,0,115000,0,0,0,185000,70000,115000,115000
055538,鴻海日盛97購04  ,0,0,0,0,0,0,0,0,0,115000,0,0,0,1035000,920000,115000,115000
058147,鈺齊元大99購01  ,0,0,0,0,0,0,0,0,0,115000,0,0,0,285000,170000,115000,115000
060445,S&P反1元大9A購04,0,0,0,0,0,0,0,0,0,115000,0,0,0,115000,0,115000,115000
08187P,大毅群益9B售04  ,0,0,0,0,0,0,0,0,0,115000,0,0,0,115000,0,115000,115000
064029,宏達電元大9C購01,0,0,0,0,0,0,0,0,0,115000,0,0,0,150000,35000,115000,115000
3708,上緯投控        ,219000,97000,122000,0,0,0,0,0,0,-7000,0,4000,-4000,0,3000,-3000,115000
8110,華東            ,188000,83000,105000,0,0,0,0,0,0,10000,25000,15000,10000,0,0,0,115000
062448,健策元大9C購04  ,0,0,0,0,0,0,0,0,0,114000,0,0,0,127000,13000,114000,114000
06168P,台表科國票97售06,0,0,0,0,0,0,0,0,0,114000,0,0,0,214000,100000,114000,114000
00783,富邦中証500     ,182000,12000,170000,0,0,0,0,0,0,-56000,0,0,0,879000,935000,-56000,114000
059488,大立光兆豐99購03,0,0,0,0,0,0,0,0,0,114000,0,0,0,116000,2000,114000,114000
058267,奇鋐永豐99購01  ,0,0,0,0,0,0,0,0,0,114000,0,0,0,200000,86000,114000,114000
07636P,鴻海國票9A售05  ,0,0,0,0,0,0,0,0,0,114000,0,0,0,119000,5000,114000,114000
07494P,葡萄王元大9A售03,0,0,0,0,0,0,0,0,0,114000,0,0,0,114000,0,114000,114000
057179,可成元大98購04  ,0,0,0,0,0,0,0,0,0,113000,0,0,0,113000,0,113000,113000
060642,華擎永豐9A購02  ,0,0,0,0,0,0,0,0,0,113000,0,0,0,114000,1000,113000,113000
058813,旺宏統一9B購04  ,0,0,0,0,0,0,0,0,0,113000,0,0,0,223000,110000,113000,113000
07864P,可成元大9B售01  ,0,0,0,0,0,0,0,0,0,113000,0,0,0,163000,50000,113000,113000
2426,鼎元            ,181000,70000,111000,0,0,0,0,0,0,1000,1000,0,1000,0,0,0,112000
061162,南電群益9A購02  ,0,0,0,0,0,0,0,0,0,112000,0,0,0,187000,75000,112000,112000
061609,華新科統一9C購01,0,0,0,0,0,0,0,0,0,112000,0,0,0,255000,143000,112000,112000
055820,矽力國票98購02  ,0,0,0,0,0,0,0,0,0,112000,0,0,0,117000,5000,112000,112000
058188,華擎永豐99購01  ,0,0,0,0,0,0,0,0,0,112000,0,0,0,253000,141000,112000,112000
07967P,力山元大9B售03  ,0,0,0,0,0,0,0,0,0,112000,0,0,0,112000,0,112000,112000
06846P,美律元大98售05  ,0,0,0,0,0,0,0,0,0,112000,0,0,0,112000,0,112000,112000
06593P,欣興元大98售05  ,0,0,0,0,0,0,0,0,0,112000,0,0,0,132000,20000,112000,112000
5388,中磊            ,234000,120000,114000,0,0,0,0,0,0,-2000,5000,0,5000,0,7000,-7000,112000
059680,台積電國泰9A購03,0,0,0,0,0,0,0,0,0,111000,0,0,0,116000,5000,111000,111000
063271,中磊兆豐9C購01  ,0,0,0,0,0,0,0,0,0,111000,0,0,0,111000,0,111000,111000
064377,宏達電元富9C購01,0,0,0,0,0,0,0,0,0,111000,0,0,0,196000,85000,111000,111000
06230P,亞德客永豐97售03,0,0,0,0,0,0,0,0,0,110000,0,0,0,110000,0,110000,110000
06150P,奇力新元大97售06,0,0,0,0,0,0,0,0,0,110000,0,0,0,110000,0,110000,110000
1410,南染            ,110000,0,110000,0,0,0,0,0,0,0,0,0,0,0,0,0,110000
055858,聯茂元大97購03  ,0,0,0,0,0,0,0,0,0,110000,0,0,0,110000,0,110000,110000
06016P,京元電凱基96售03,0,0,0,0,0,0,0,0,0,110000,0,0,0,110000,0,110000,110000
060220,華新科凱基9A購08,0,0,0,0,0,0,0,0,0,110000,0,0,0,110000,0,110000,110000
057275,友達元大9A購04  ,0,0,0,0,0,0,0,0,0,110000,0,0,0,110000,0,110000,110000
054764,亞光國票98購01  ,0,0,0,0,0,0,0,0,0,110000,0,0,0,110000,0,110000,110000
058769,友達兆豐99購01  ,0,0,0,0,0,0,0,0,0,110000,0,0,0,127000,17000,110000,110000
07451P,鴻海元大9B售01  ,0,0,0,0,0,0,0,0,0,110000,0,0,0,110000,0,110000,110000
07717P,臺股指群益9A售06,0,0,0,0,0,0,0,0,0,110000,0,0,0,110000,0,110000,110000
07752P,台灣50元大9C售33,0,0,0,0,0,0,0,0,0,110000,0,0,0,110000,0,110000,110000
061620,禾伸堂群益9A購02,0,0,0,0,0,0,0,0,0,109000,0,0,0,109000,0,109000,109000
058544,FBVIX富邦9B購01 ,0,0,0,0,0,0,0,0,0,109000,0,0,0,205000,96000,109000,109000
063152,健策元富9C購01  ,0,0,0,0,0,0,0,0,0,109000,0,0,0,144000,35000,109000,109000
07641P,上銀凱基9A售05  ,0,0,0,0,0,0,0,0,0,109000,0,0,0,110000,1000,109000,109000
07099P,台積電元大99售19,0,0,0,0,0,0,0,0,0,109000,0,0,0,118000,9000,109000,109000
06232P,智易永豐97售01  ,0,0,0,0,0,0,0,0,0,108000,0,0,0,111000,3000,108000,108000
03444B,臺股指元大9C熊02,0,0,0,0,0,0,0,0,0,108000,0,0,0,159000,51000,108000,108000
057390,台表科永豐98購01,0,0,0,0,0,0,0,0,0,108000,0,0,0,127000,19000,108000,108000
057717,友訊元富98購02  ,0,0,0,0,0,0,0,0,0,108000,0,0,0,639000,531000,108000,108000
08069P,大立光國泰01售02,0,0,0,0,0,0,0,0,0,108000,0,0,0,108000,0,108000,108000
064482,微星永豐9C購01  ,0,0,0,0,0,0,0,0,0,108000,0,0,0,108000,0,108000,108000
063767,義隆國泰02購01  ,0,0,0,0,0,0,0,0,0,108000,0,0,0,237000,129000,108000,108000
063702,聯發科群益9C購04,0,0,0,0,0,0,0,0,0,108000,0,0,0,116000,8000,108000,108000
057325,可成群益9A購01  ,0,0,0,0,0,0,0,0,0,107000,0,0,0,119000,12000,107000,107000
060631,微星富邦9B購01  ,0,0,0,0,0,0,0,0,0,107000,0,0,0,132000,25000,107000,107000
058738,FBVIX中信03購04 ,0,0,0,0,0,0,0,0,0,107000,0,0,0,125000,18000,107000,107000
06933P,禾伸堂元大98售03,0,0,0,0,0,0,0,0,0,107000,0,0,0,147000,40000,107000,107000
07225P,台積電元大99售33,0,0,0,0,0,0,0,0,0,107000,0,0,0,108000,1000,107000,107000
061532,和大統一9C購02  ,0,0,0,0,0,0,0,0,0,106000,0,0,0,109000,3000,106000,106000
08380P,GIS元大9C售06   ,0,0,0,0,0,0,0,0,0,106000,0,0,0,106000,0,106000,106000
055690,矽力凱基97購02  ,0,0,0,0,0,0,0,0,0,106000,0,0,0,146000,40000,106000,106000
057849,南茂永豐98購02  ,0,0,0,0,0,0,0,0,0,106000,0,0,0,106000,0,106000,106000
07517P,台積電元大9A售17,0,0,0,0,0,0,0,0,0,106000,0,0,0,116000,10000,106000,106000
08139P,華新科元大9B售12,0,0,0,0,0,0,0,0,0,106000,0,0,0,106000,0,106000,106000
062540,茂林國泰9C購01  ,0,0,0,0,0,0,0,0,0,105000,0,0,0,115000,10000,105000,105000
062309,燿華凱基9B購01  ,0,0,0,0,0,0,0,0,0,105000,0,0,0,323000,218000,105000,105000
055331,國巨兆豐99購01  ,0,0,0,0,0,0,0,0,0,105000,0,0,0,530000,425000,105000,105000
063243,聯發科元大9B購20,0,0,0,0,0,0,0,0,0,105000,0,0,0,106000,1000,105000,105000
07618P,大立光中信9A售06,0,0,0,0,0,0,0,0,0,105000,0,0,0,115000,10000,105000,105000
07754P,日月光元大9A售02,0,0,0,0,0,0,0,0,0,105000,0,0,0,108000,3000,105000,105000
06834P,訊芯群益99售02  ,0,0,0,0,0,0,0,0,0,105000,0,0,0,105000,0,105000,105000
063633,金像電元大9B購05,0,0,0,0,0,0,0,0,0,105000,0,0,0,165000,60000,105000,105000
064338,美食元大9C購01  ,0,0,0,0,0,0,0,0,0,105000,0,0,0,105000,0,105000,105000
062180,瑞昱元大9B購03  ,0,0,0,0,0,0,0,0,0,104000,0,0,0,106000,2000,104000,104000
060604,宏達電凱基9B購01,0,0,0,0,0,0,0,0,0,104000,0,0,0,112000,8000,104000,104000
06904P,TPK凱基98售03   ,0,0,0,0,0,0,0,0,0,104000,0,0,0,200000,96000,104000,104000
6235,華孚            ,127000,18000,109000,0,0,0,0,0,0,-5000,4000,9000,-5000,0,0,0,104000
062619,台表科元大9B購03,0,0,0,0,0,0,0,0,0,103000,0,0,0,126000,23000,103000,103000
061550,聯鈞群益9A購03  ,0,0,0,0,0,0,0,0,0,103000,0,0,0,162000,59000,103000,103000
062768,南電凱基9B購04  ,0,0,0,0,0,0,0,0,0,103000,0,0,0,189000,86000,103000,103000
059052,為升凱基99購01  ,0,0,0,0,0,0,0,0,0,103000,0,0,0,123000,20000,103000,103000
052076,可成元富98購01  ,0,0,0,0,0,0,0,0,0,103000,0,0,0,103000,0,103000,103000
6165,捷泰            ,125000,22000,103000,0,0,0,0,0,0,0,0,0,0,0,0,0,103000
062305,遠東新凱基9B購01,0,0,0,0,0,0,0,0,0,102000,0,0,0,120000,18000,102000,102000
061752,瑞昱台新9B購01  ,0,0,0,0,0,0,0,0,0,102000,0,0,0,178000,76000,102000,102000
1108,幸福            ,107000,7000,100000,0,0,0,0,0,0,2000,2000,0,2000,0,0,0,102000
056609,楠梓電永豐98購02,0,0,0,0,0,0,0,0,0,102000,0,0,0,102000,0,102000,102000
059466,國巨元大99購26  ,0,0,0,0,0,0,0,0,0,102000,0,0,0,102000,0,102000,102000
058488,華擎國票9A購01  ,0,0,0,0,0,0,0,0,0,102000,0,0,0,102000,0,102000,102000
06859P,元金2X中信9C售01,0,0,0,0,0,0,0,0,0,102000,0,0,0,102000,0,102000,102000
063894,漢唐群益9C購01  ,0,0,0,0,0,0,0,0,0,102000,0,0,0,102000,0,102000,102000
063035,燿華凱基9B購02  ,0,0,0,0,0,0,0,0,0,101000,0,0,0,286000,185000,101000,101000
061580,華擎元大9A購06  ,0,0,0,0,0,0,0,0,0,101000,0,0,0,140000,39000,101000,101000
051277,聯發科中信9A購01,0,0,0,0,0,0,0,0,0,101000,0,0,0,132000,31000,101000,101000
056281,深中小永豐97購01,0,0,0,0,0,0,0,0,0,101000,0,0,0,101000,0,101000,101000
063474,康控元大9B購04  ,0,0,0,0,0,0,0,0,0,101000,0,0,0,101000,0,101000,101000
059239,台積電凱基99購12,0,0,0,0,0,0,0,0,0,101000,0,0,0,112000,11000,101000,101000
058279,FBVIX中信03購03 ,0,0,0,0,0,0,0,0,0,101000,0,0,0,101000,0,101000,101000
057875,京鼎元大98購03  ,0,0,0,0,0,0,0,0,0,101000,0,0,0,330000,229000,101000,101000
063631,燿華元大9B購06  ,0,0,0,0,0,0,0,0,0,101000,0,0,0,227000,126000,101000,101000
064522,華擎群益01購01  ,0,0,0,0,0,0,0,0,0,101000,0,0,0,101000,0,101000,101000
06523P,台積電麥證98售02,0,0,0,101000,0,101000,0,0,0,101000,0,0,0,101000,0,101000,101000
07284P,大立光凱基99售10,0,0,0,0,0,0,0,0,0,101000,0,0,0,101000,0,101000,101000
6141,柏承            ,169000,65000,104000,0,0,0,0,0,0,-3000,4000,7000,-3000,0,0,0,101000
061699,燿華國票9A購01  ,0,0,0,0,0,0,0,0,0,100000,0,0,0,351000,251000,100000,100000
061651,世紀鋼元大9C購02,0,0,0,0,0,0,0,0,0,100000,0,0,0,100000,0,100000,100000
061659,信邦永豐9A購01  ,0,0,0,0,0,0,0,0,0,100000,0,0,0,100000,0,100000,100000
056301,開發金元大9A購01,0,0,0,0,0,0,0,0,0,100000,0,0,0,100000,0,100000,100000
053844,GIS統一96購01   ,0,0,0,0,0,0,0,0,0,100000,0,0,0,100000,0,100000,100000
054037,T50反1元大96購09,0,0,0,0,0,0,0,0,0,100000,0,0,0,392000,292000,100000,100000
047995,台達電元大96購01,0,0,0,0,0,0,0,0,0,100000,0,0,0,100000,0,100000,100000
04731P,臺股指中信96售03,0,0,0,0,0,0,0,0,0,100000,0,0,0,130000,30000,100000,100000
056138,群創元大9B購01  ,0,0,0,0,0,0,0,0,0,100000,0,0,0,205000,105000,100000,100000
059065,南電凱基9A購01  ,0,0,0,0,0,0,0,0,0,100000,0,0,0,234000,134000,100000,100000
058136,景碩元大99購02  ,0,0,0,0,0,0,0,0,0,100000,0,0,0,232000,132000,100000,100000
060276,S&P反1元大9A購03,0,0,0,0,0,0,0,0,0,100000,0,0,0,100000,0,100000,100000
055373,聯詠元大97購03  ,0,0,0,0,0,0,0,0,0,100000,0,0,0,100000,0,100000,100000
055497,開發金元大97購01,0,0,0,0,0,0,0,0,0,100000,0,0,0,100000,0,100000,100000
057370,可成元大98購07  ,0,0,0,0,0,0,0,0,0,100000,0,0,0,103000,3000,100000,100000
056891,國巨元大99購03  ,0,0,0,0,0,0,0,0,0,100000,0,0,0,100000,0,100000,100000
057052,華擎元大98購01  ,0,0,0,0,0,0,0,0,0,100000,0,0,0,100000,0,100000,100000
057990,美律統一99購02  ,0,0,0,0,0,0,0,0,0,100000,0,0,0,203000,103000,100000,100000
060145,牧德國票9A購02  ,0,0,0,0,0,0,0,0,0,100000,0,0,0,100000,0,100000,100000
060023,T50反1國泰9A購03,0,0,0,0,0,0,0,0,0,100000,0,0,0,100000,0,100000,100000
059895,T50反1元大99購12,0,0,0,0,0,0,0,0,0,100000,0,0,0,100000,0,100000,100000
07419P,聯發科元大99售46,0,0,0,0,0,0,0,0,0,100000,0,0,0,100000,0,100000,100000
07762P,聯發科永豐9A售03,0,0,0,0,0,0,0,0,0,100000,0,0,0,100000,0,100000,100000
07712P,茂林元大9A售03  ,0,0,0,0,0,0,0,0,0,100000,0,0,0,100000,0,100000,100000
07706P,長榮航元大9A售03,0,0,0,0,0,0,0,0,0,100000,0,0,0,100000,0,100000,100000
07885P,長榮航凱基9B售01,0,0,0,0,0,0,0,0,0,100000,0,0,0,100000,0,100000,100000
08154P,上銀元富9B售04  ,0,0,0,0,0,0,0,0,0,100000,0,0,0,100000,0,100000,100000
06483P,聯發科凱基98售10,0,0,0,0,0,0,0,0,0,100000,0,0,0,100000,0,100000,100000
06623P,立積元大98售04  ,0,0,0,0,0,0,0,0,0,100000,0,0,0,100000,0,100000,100000
06678P,大立光統一99售01,0,0,0,0,0,0,0,0,0,100000,0,0,0,154000,54000,100000,100000
064331,微星元大9C購03  ,0,0,0,0,0,0,0,0,0,100000,0,0,0,100000,0,100000,100000
3059,華晶科          ,294000,202000,92000,0,0,0,0,0,0,8000,8000,0,8000,0,0,0,100000
059023,可成統一9B購02  ,0,0,0,0,0,0,0,0,0,99000,0,0,0,313000,214000,99000,99000
056174,億光元富97購01  ,0,0,0,0,0,0,0,0,0,99000,0,0,0,99000,0,99000,99000
056204,嘉澤永豐97購01  ,0,0,0,0,0,0,0,0,0,99000,0,0,0,100000,1000,99000,99000
054962,玉晶光元大99購02,0,0,0,0,0,0,0,0,0,99000,0,0,0,99000,0,99000,99000
052561,矽創國票97購01  ,0,0,0,0,0,0,0,0,0,99000,0,0,0,99000,0,99000,99000
060676,京元電元大9A購03,0,0,0,0,0,0,0,0,0,99000,0,0,0,305000,206000,99000,99000
060427,聯茂永豐9A購01  ,0,0,0,0,0,0,0,0,0,99000,0,0,0,153000,54000,99000,99000
06377P,華通統一97售04  ,0,0,0,0,0,0,0,0,0,99000,0,0,0,99000,0,99000,99000
061105,宏達電元大9A購04,0,0,0,0,0,0,0,0,0,98000,0,0,0,114000,16000,98000,98000
061356,南電元大9A購06  ,0,0,0,0,0,0,0,0,0,98000,0,0,0,249000,151000,98000,98000
2348,海悅            ,257000,170000,87000,0,0,0,0,0,0,11000,11000,0,11000,0,0,0,98000
06286P,世芯國票97售02  ,0,0,0,0,0,0,0,0,0,98000,0,0,0,99000,1000,98000,98000
063000,緯穎國票9B購03  ,0,0,0,0,0,0,0,0,0,98000,0,0,0,109000,11000,98000,98000
00662,富邦NASDAQ      ,7000,4000,3000,0,0,0,0,0,0,95000,0,50000,-50000,285000,140000,145000,98000
056168,鴻海元富97購07  ,0,0,0,0,0,0,0,0,0,98000,0,0,0,98000,0,98000,98000
057406,茂林群益98購03  ,0,0,0,0,0,0,0,0,0,98000,0,0,0,98000,0,98000,98000
056788,日月光群益98購01,0,0,0,0,0,0,0,0,0,98000,0,0,0,98000,0,98000,98000
055522,道瓊反群益01購01,0,0,0,0,0,0,0,0,0,98000,0,0,0,118000,20000,98000,98000
055390,國巨統一98購03  ,0,0,0,0,0,0,0,0,0,98000,0,0,0,158000,60000,98000,98000
055705,微星永豐97購01  ,0,0,0,0,0,0,0,0,0,98000,0,0,0,107000,9000,98000,98000
063425,台勝科凱基9B購02,0,0,0,0,0,0,0,0,0,98000,0,0,0,102000,4000,98000,98000
063388,台光電兆豐9C購01,0,0,0,0,0,0,0,0,0,98000,0,0,0,190000,92000,98000,98000
063971,健鼎國票01購01  ,0,0,0,0,0,0,0,0,0,98000,0,0,0,98000,0,98000,98000
06584P,欣興凱基98售03  ,0,0,0,0,0,0,0,0,0,98000,0,0,0,100000,2000,98000,98000
08193P,同欣電國票9C售02,0,0,0,0,0,0,0,0,0,98000,0,0,0,98000,0,98000,98000
07363P,大立光元大99售26,0,0,0,0,0,0,0,0,0,98000,0,0,0,98000,0,98000,98000
4919,新唐            ,308000,199000,109000,0,0,0,0,0,0,-11000,11000,30000,-19000,9000,1000,8000,98000
061549,泰碩群益9A購01  ,0,0,0,0,0,0,0,0,0,97000,0,0,0,98000,1000,97000,97000
061429,南六元大9A購02  ,0,0,0,0,0,0,0,0,0,97000,0,0,0,148000,51000,97000,97000
050915,健策中信98購01  ,0,0,0,0,0,0,0,0,0,97000,0,0,0,117000,20000,97000,97000
060681,華擎元大9A購02  ,0,0,0,0,0,0,0,0,0,97000,0,0,0,117000,20000,97000,97000
06515P,國巨凱基98售06  ,0,0,0,0,0,0,0,0,0,97000,0,0,0,97000,0,97000,97000
063847,聯發科元大9C購03,0,0,0,0,0,0,0,0,0,97000,0,0,0,277000,180000,97000,97000
1337,再生-KY         ,127000,32000,95000,0,0,0,0,0,0,1000,4000,3000,1000,0,0,0,96000
062070,金寶元大9B購01  ,0,0,0,0,0,0,0,0,0,96000,0,0,0,114000,18000,96000,96000
057240,茂林凱基9A購01  ,0,0,0,0,0,0,0,0,0,96000,0,0,0,115000,19000,96000,96000
060534,友達麥證9A購01  ,0,0,0,110000,14000,96000,0,0,0,96000,0,0,0,110000,14000,96000,96000
059475,元石油群益99購02,0,0,0,0,0,0,0,0,0,96000,0,0,0,101000,5000,96000,96000
06653P,美食元大98售02  ,0,0,0,0,0,0,0,0,0,96000,0,0,0,354000,258000,96000,96000
07500P,微星元大9A售01  ,0,0,0,0,0,0,0,0,0,96000,0,0,0,105000,9000,96000,96000
06991P,矽創群益99售01  ,0,0,0,0,0,0,0,0,0,96000,0,0,0,130000,34000,96000,96000
08216P,聯發科群益9C售05,0,0,0,0,0,0,0,0,0,96000,0,0,0,96000,0,96000,96000
9940,信義            ,127000,61000,66000,0,0,0,0,0,0,30000,30000,0,30000,0,0,0,96000
062150,南六國票9B購01  ,0,0,0,0,0,0,0,0,0,95000,0,0,0,131000,36000,95000,95000
063102,旺宏群益9B購03  ,0,0,0,0,0,0,0,0,0,95000,0,0,0,95000,0,95000,95000
057282,大立光元大99購06,0,0,0,0,0,0,0,0,0,95000,0,0,0,200000,105000,95000,95000
054307,高鐵凱基98購01  ,0,0,0,0,0,0,0,0,0,95000,0,0,0,100000,5000,95000,95000
052764,景碩群益98購01  ,0,0,0,0,0,0,0,0,0,95000,0,0,0,95000,0,95000,95000
056783,國巨群益99購01  ,0,0,0,0,0,0,0,0,0,95000,0,0,0,115000,20000,95000,95000
055801,景碩永豐97購02  ,0,0,0,0,0,0,0,0,0,95000,0,0,0,255000,160000,95000,95000
060572,景碩永豐9A購01  ,0,0,0,0,0,0,0,0,0,95000,0,0,0,98000,3000,95000,95000
08075P,聯電群益9C售01  ,0,0,0,0,0,0,0,0,0,95000,0,0,0,100000,5000,95000,95000
08105P,景碩元大9B售01  ,0,0,0,0,0,0,0,0,0,95000,0,0,0,205000,110000,95000,95000
07055P,景碩群益9A售02  ,0,0,0,0,0,0,0,0,0,95000,0,0,0,133000,38000,95000,95000
06517P,國巨凱基98售09  ,0,0,0,0,0,0,0,0,0,95000,0,0,0,105000,10000,95000,95000
1460,宏遠            ,137000,42000,95000,0,0,0,0,0,0,-1000,2000,3000,-1000,0,0,0,94000
056577,玉晶光元大99購06,0,0,0,0,0,0,0,0,0,94000,0,0,0,146000,52000,94000,94000
057804,為升元大98購01  ,0,0,0,0,0,0,0,0,0,94000,0,0,0,152000,58000,94000,94000
058468,聯茂中信99購02  ,0,0,0,0,0,0,0,0,0,94000,0,0,0,105000,11000,94000,94000
058864,欣興凱基99購04  ,0,0,0,0,0,0,0,0,0,94000,0,0,0,125000,31000,94000,94000
063442,金像電統一01購01,0,0,0,0,0,0,0,0,0,94000,0,0,0,108000,14000,94000,94000
06912P,台光電元大99售02,0,0,0,0,0,0,0,0,0,94000,0,0,0,194000,100000,94000,94000
08255P,國巨元大9C售11  ,0,0,0,0,0,0,0,0,0,94000,0,0,0,94000,0,94000,94000
08328P,國巨國票9C售07  ,0,0,0,0,0,0,0,0,0,93000,0,0,0,107000,14000,93000,93000
08260P,大立光元大9C售08,0,0,0,0,0,0,0,0,0,93000,0,0,0,93000,0,93000,93000
063006,道瓊反元大9C購01,0,0,0,0,0,0,0,0,0,93000,0,0,0,93000,0,93000,93000
056810,群創統一9A購01  ,0,0,0,0,0,0,0,0,0,93000,0,0,0,252000,159000,93000,93000
055527,旺宏群益99購03  ,0,0,0,0,0,0,0,0,0,93000,0,0,0,98000,5000,93000,93000
058956,健策國票9A購02  ,0,0,0,0,0,0,0,0,0,93000,0,0,0,114000,21000,93000,93000
07855P,旺宏凱基9A售09  ,0,0,0,0,0,0,0,0,0,93000,0,0,0,99000,6000,93000,93000
08007P,國泰金中信03售02,0,0,0,0,0,0,0,0,0,93000,0,0,0,93000,0,93000,93000
06849P,欣興元大98售12  ,0,0,0,0,0,0,0,0,0,93000,0,0,0,205000,112000,93000,93000
064269,台灣50元大9C購38,0,0,0,0,0,0,0,0,0,93000,0,0,0,106000,13000,93000,93000
08282P,南六群益9C售01  ,0,0,0,0,0,0,0,0,0,92000,0,0,0,92000,0,92000,92000
054237,茂林群益97購01  ,0,0,0,0,0,0,0,0,0,92000,0,0,0,100000,8000,92000,92000
063396,金像電群益9C購01,0,0,0,0,0,0,0,0,0,92000,0,0,0,92000,0,92000,92000
064023,智邦元大9C購02  ,0,0,0,0,0,0,0,0,0,92000,0,0,0,259000,167000,92000,92000
07368P,國巨凱基99售19  ,0,0,0,0,0,0,0,0,0,92000,0,0,0,190000,98000,92000,92000
07867P,晶技元大9B售01  ,0,0,0,0,0,0,0,0,0,92000,0,0,0,108000,16000,92000,92000
07675P,全新永豐9A售02  ,0,0,0,0,0,0,0,0,0,92000,0,0,0,112000,20000,92000,92000
08066P,南亞科凱基9B售04,0,0,0,0,0,0,0,0,0,92000,0,0,0,112000,20000,92000,92000
9941,裕融            ,160000,66000,94000,0,0,0,0,0,0,-2000,3000,5000,-2000,0,0,0,92000
061871,瑞昱元大9B購01  ,0,0,0,0,0,0,0,0,0,91000,0,0,0,126000,35000,91000,91000
1201,味全            ,196000,112000,84000,0,0,0,0,0,0,7000,0,0,0,7000,0,7000,91000
06259P,臺股指群益97售12,0,0,0,0,0,0,0,0,0,91000,0,0,0,97000,6000,91000,91000
053631,欣興兆豐97購01  ,0,0,0,0,0,0,0,0,0,91000,0,0,0,97000,6000,91000,91000
056855,祥碩中信98購02  ,0,0,0,0,0,0,0,0,0,91000,0,0,0,224000,133000,91000,91000
060233,宏碁元大9A購01  ,0,0,0,0,0,0,0,0,0,91000,0,0,0,155000,64000,91000,91000
05851P,力山群益97售01  ,0,0,0,0,0,0,0,0,0,91000,0,0,0,92000,1000,91000,91000
06780P,義隆元大98售02  ,0,0,0,0,0,0,0,0,0,91000,0,0,0,219000,128000,91000,91000
063870,健策永豐01購01  ,0,0,0,0,0,0,0,0,0,91000,0,0,0,108000,17000,91000,91000
2450,神腦            ,99000,13000,86000,0,0,0,0,0,0,4000,4000,0,4000,0,0,0,90000
061732,智邦中信9B購01  ,0,0,0,0,0,0,0,0,0,90000,0,0,0,175000,85000,90000,90000
061423,廣達元大9A購01  ,0,0,0,0,0,0,0,0,0,90000,0,0,0,150000,60000,90000,90000
05582P,群創凱基98售06  ,0,0,0,0,0,0,0,0,0,90000,0,0,0,90000,0,90000,90000
056470,旺宏元大99購01  ,0,0,0,0,0,0,0,0,0,90000,0,0,0,90000,0,90000,90000
053736,友達麥證96購01  ,0,0,0,90000,0,90000,0,0,0,90000,0,0,0,90000,0,90000,90000
0053,元大電子        ,0,0,0,0,0,0,0,0,0,90000,0,0,0,90000,0,90000,90000
059611,台積電永豐99購05,0,0,0,0,0,0,0,0,0,90000,0,0,0,110000,20000,90000,90000
059194,元金2X永豐99購01,0,0,0,0,0,0,0,0,0,90000,0,0,0,100000,10000,90000,90000
06386P,欣興永豐97售03  ,0,0,0,0,0,0,0,0,0,90000,0,0,0,100000,10000,90000,90000
07427P,台積電國票9B售02,0,0,0,0,0,0,0,0,0,90000,0,0,0,90000,0,90000,90000
07212P,聯發科凱基99售14,0,0,0,0,0,0,0,0,0,90000,0,0,0,90000,0,90000,90000
07129P,華新科元大99售14,0,0,0,0,0,0,0,0,0,90000,0,0,0,210000,120000,90000,90000
08170P,緯穎群益9B售03  ,0,0,0,0,0,0,0,0,0,90000,0,0,0,100000,10000,90000,90000
07802P,瑞昱永豐9A售03  ,0,0,0,0,0,0,0,0,0,90000,0,0,0,100000,10000,90000,90000
6196,帆宣            ,263000,214000,49000,0,0,0,2000,0,2000,39000,4000,0,4000,54000,19000,35000,90000
061125,億光永豐9A購01  ,0,0,0,0,0,0,0,0,0,89000,0,0,0,137000,48000,89000,89000
2414,精技            ,115000,29000,86000,0,0,0,0,0,0,3000,5000,2000,3000,0,0,0,89000
2608,嘉里大榮        ,109000,19000,90000,0,0,0,0,0,0,-1000,0,1000,-1000,0,0,0,89000
08381P,台灣50群益9C售06,0,0,0,0,0,0,0,0,0,89000,0,0,0,226000,137000,89000,89000
062604,東元凱基9B購01  ,0,0,0,0,0,0,0,0,0,89000,0,0,0,89000,0,89000,89000
056486,樺漢元大98購04  ,0,0,0,0,0,0,0,0,0,89000,0,0,0,89000,0,89000,89000
056567,瀚宇博群益98購02,0,0,0,0,0,0,0,0,0,89000,0,0,0,200000,111000,89000,89000
057924,健策凱基98購02  ,0,0,0,0,0,0,0,0,0,89000,0,0,0,116000,27000,89000,89000
07940P,國巨群益9B售06  ,0,0,0,0,0,0,0,0,0,89000,0,0,0,90000,1000,89000,89000
07179P,臺股指凱基99售21,0,0,0,0,0,0,0,0,0,89000,0,0,0,90000,1000,89000,89000
061195,健策永豐9B購02  ,0,0,0,0,0,0,0,0,0,88000,0,0,0,104000,16000,88000,88000
063069,道瓊銀富邦05購01,0,0,0,0,0,0,0,0,0,88000,0,0,0,106000,18000,88000,88000
062576,華擎群益9B購02  ,0,0,0,0,0,0,0,0,0,88000,0,0,0,88000,0,88000,88000
054807,台化元大9A購02  ,0,0,0,0,0,0,0,0,0,88000,0,0,0,100000,12000,88000,88000
058091,欣興元大99購03  ,0,0,0,0,0,0,0,0,0,88000,0,0,0,439000,351000,88000,88000
058952,南茂群益99購01  ,0,0,0,0,0,0,0,0,0,88000,0,0,0,100000,12000,88000,88000
063860,旺宏國泰02購01  ,0,0,0,0,0,0,0,0,0,88000,0,0,0,138000,50000,88000,88000
061180,華擎凱基9B購01  ,0,0,0,0,0,0,0,0,0,87000,0,0,0,114000,27000,87000,87000
063124,奇力新元大9B購05,0,0,0,0,0,0,0,0,0,87000,0,0,0,87000,0,87000,87000
056582,易華電元大98購01,0,0,0,0,0,0,0,0,0,87000,0,0,0,87000,0,87000,87000
058521,日月光元大99購01,0,0,0,0,0,0,0,0,0,87000,0,0,0,93000,6000,87000,87000
058537,彩晶統一9B購01  ,0,0,0,0,0,0,0,0,0,87000,0,0,0,195000,108000,87000,87000
060484,聯發科富邦9C購02,0,0,0,0,0,0,0,0,0,87000,0,0,0,176000,89000,87000,87000
063626,聚陽元大9B購03  ,0,0,0,0,0,0,0,0,0,87000,0,0,0,99000,12000,87000,87000
07595P,台灣50中信03售07,0,0,0,0,0,0,0,0,0,87000,0,0,0,110000,23000,87000,87000
06879P,長榮航凱基98售02,0,0,0,0,0,0,0,0,0,87000,0,0,0,103000,16000,87000,87000
062662,友達群益9B購02  ,0,0,0,0,0,0,0,0,0,86000,0,0,0,86000,0,86000,86000
08376P,南亞科元富9C售03,0,0,0,0,0,0,0,0,0,86000,0,0,0,86000,0,86000,86000
055032,億光富邦99購01  ,0,0,0,0,0,0,0,0,0,86000,0,0,0,86000,0,86000,86000
063357,聯發科國泰01購04,0,0,0,0,0,0,0,0,0,86000,0,0,0,86000,0,86000,86000
06914P,南茂元大98售03  ,0,0,0,0,0,0,0,0,0,86000,0,0,0,97000,11000,86000,86000
06902P,聯電凱基98售02  ,0,0,0,0,0,0,0,0,0,86000,0,0,0,128000,42000,86000,86000
06935P,神達元大98售02  ,0,0,0,0,0,0,0,0,0,86000,0,0,0,98000,12000,86000,86000
06356P,啟碁永豐97售01  ,0,0,0,0,0,0,0,0,0,86000,0,0,0,86000,0,86000,86000
08293P,國巨元大9C售13  ,0,0,0,0,0,0,0,0,0,85000,0,0,0,85000,0,85000,85000
08262P,茂林元大9C售01  ,0,0,0,0,0,0,0,0,0,85000,0,0,0,90000,5000,85000,85000
06154P,超眾元大98售01  ,0,0,0,0,0,0,0,0,0,85000,0,0,0,117000,32000,85000,85000
05545P,台表科國泰98售01,0,0,0,0,0,0,0,0,0,85000,0,0,0,272000,187000,85000,85000
059911,國巨元大99購27  ,0,0,0,0,0,0,0,0,0,85000,0,0,0,87000,2000,85000,85000
063690,健鼎永豐9B購01  ,0,0,0,0,0,0,0,0,0,85000,0,0,0,153000,68000,85000,85000
064017,道瓊反元大9C購03,0,0,0,0,0,0,0,0,0,85000,0,0,0,142000,57000,85000,85000
064450,致茂統一01購01  ,0,0,0,0,0,0,0,0,0,85000,0,0,0,729000,644000,85000,85000
064425,華新科兆豐9C購01,0,0,0,0,0,0,0,0,0,85000,0,0,0,85000,0,85000,85000
07863P,華新科凱基9B售07,0,0,0,0,0,0,0,0,0,85000,0,0,0,85000,0,85000,85000
063131,聯茂元大9B購03  ,0,0,0,0,0,0,0,0,0,84000,0,0,0,142000,58000,84000,84000
062747,立積永豐9B購01  ,0,0,0,0,0,0,0,0,0,84000,0,0,0,160000,76000,84000,84000
052853,友達日盛99購01  ,0,0,0,0,0,0,0,0,0,84000,0,0,0,94000,10000,84000,84000
06083P,華通統一98售02  ,0,0,0,0,0,0,0,0,0,84000,0,0,0,84000,0,84000,84000
06744P,嘉聯益永豐98售03,0,0,0,0,0,0,0,0,0,84000,0,0,0,91000,7000,84000,84000
064183,聯茂富邦01購01  ,0,0,0,0,0,0,0,0,0,84000,0,0,0,85000,1000,84000,84000
06657P,寶成元大98售01  ,0,0,0,0,0,0,0,0,0,84000,0,0,0,86000,2000,84000,84000
06125P,楠梓電元富99售01,0,0,0,0,0,0,0,0,0,83000,0,0,0,89000,6000,83000,83000
062090,南電元大9B購02  ,0,0,0,0,0,0,0,0,0,83000,0,0,0,215000,132000,83000,83000
1712,興農            ,182000,95000,87000,0,0,0,0,0,0,-4000,1000,5000,-4000,0,0,0,83000
2109,華豐            ,85000,2000,83000,0,0,0,0,0,0,0,0,0,0,0,0,0,83000
057196,茂林台新98購01  ,0,0,0,0,0,0,0,0,0,83000,0,0,0,119000,36000,83000,83000
056970,TPK永豐98購01   ,0,0,0,0,0,0,0,0,0,83000,0,0,0,193000,110000,83000,83000
059076,FBVIX元大99購04 ,0,0,0,0,0,0,0,0,0,83000,0,0,0,90000,7000,83000,83000
060664,聯詠凱基9A購01  ,0,0,0,0,0,0,0,0,0,83000,0,0,0,85000,2000,83000,83000
063321,泰鼎群益9B購03  ,0,0,0,0,0,0,0,0,0,83000,0,0,0,103000,20000,83000,83000
064468,健策元富9C購02  ,0,0,0,0,0,0,0,0,0,83000,0,0,0,271000,188000,83000,83000
064319,南電群益9C購01  ,0,0,0,0,0,0,0,0,0,83000,0,0,0,111000,28000,83000,83000
063852,瀚宇博元大9C購01,0,0,0,0,0,0,0,0,0,83000,0,0,0,157000,74000,83000,83000
07106P,國巨統一9B售05  ,0,0,0,0,0,0,0,0,0,83000,0,0,0,117000,34000,83000,83000
07531P,大立光國泰9B售03,0,0,0,0,0,0,0,0,0,83000,0,0,0,164000,81000,83000,83000
08258P,旺宏元大9C售04  ,0,0,0,0,0,0,0,0,0,83000,0,0,0,104000,21000,83000,83000
062032,崇越群益9B購01  ,0,0,0,0,0,0,0,0,0,83000,0,0,0,85000,2000,83000,83000
061870,智邦元大9B購02  ,0,0,0,0,0,0,0,0,0,82000,0,0,0,108000,26000,82000,82000
061240,華新科兆豐9A購01,0,0,0,0,0,0,0,0,0,82000,0,0,0,85000,3000,82000,82000
052702,群創國票97購03  ,0,0,0,0,0,0,0,0,0,82000,0,0,0,82000,0,82000,82000
059006,樺漢元大99購01  ,0,0,0,0,0,0,0,0,0,82000,0,0,0,157000,75000,82000,82000
058049,帆宣元大98購01  ,0,0,0,0,0,0,0,0,0,82000,0,0,0,100000,18000,82000,82000
062711,台表科元大9B購05,0,0,0,0,0,0,0,0,0,81000,0,0,0,264000,183000,81000,81000
062816,華新科兆豐9B購01,0,0,0,0,0,0,0,0,0,81000,0,0,0,85000,4000,81000,81000
08299P,玉晶光國票02售01,0,0,0,0,0,0,0,0,0,81000,0,0,0,88000,7000,81000,81000
059080,亞泥元大99購01  ,0,0,0,0,0,0,0,0,0,81000,0,0,0,90000,9000,81000,81000
059189,國泰金富邦9B購01,0,0,0,0,0,0,0,0,0,81000,0,0,0,103000,22000,81000,81000
06929P,鴻海元大99售11  ,0,0,0,0,0,0,0,0,0,81000,0,0,0,581000,500000,81000,81000
6582,申豐            ,203000,117000,86000,0,0,0,0,0,0,-5000,7000,12000,-5000,0,0,0,81000
3209,全科            ,113000,30000,83000,0,0,0,0,0,0,-2000,2000,4000,-2000,0,0,0,81000
062556,瑞昱凱基9B購02  ,0,0,0,0,0,0,0,0,0,80000,0,0,0,105000,25000,80000,80000
061374,力山永豐9A購04  ,0,0,0,0,0,0,0,0,0,80000,0,0,0,142000,62000,80000,80000
057009,信邦中信99購01  ,0,0,0,0,0,0,0,0,0,80000,0,0,0,105000,25000,80000,80000
055413,全新富邦98購01  ,0,0,0,0,0,0,0,0,0,80000,0,0,0,80000,0,80000,80000
050392,群創統一96購01  ,0,0,0,0,0,0,0,0,0,80000,0,0,0,130000,50000,80000,80000
054285,國巨元大98購02  ,0,0,0,0,0,0,0,0,0,80000,0,0,0,80000,0,80000,80000
053279,景碩元大97購01  ,0,0,0,0,0,0,0,0,0,80000,0,0,0,80000,0,80000,80000
058273,同欣電永豐99購01,0,0,0,0,0,0,0,0,0,80000,0,0,0,120000,40000,80000,80000
060130,瀚宇博永豐99購02,0,0,0,0,0,0,0,0,0,80000,0,0,0,80000,0,80000,80000
059478,FBVIX群益9A購01 ,0,0,0,0,0,0,0,0,0,80000,0,0,0,80000,0,80000,80000
063463,瑞昱元大9B購05  ,0,0,0,0,0,0,0,0,0,80000,0,0,0,155000,75000,80000,80000
063503,香港反中信9C購01,0,0,0,0,0,0,0,0,0,80000,0,0,0,80000,0,80000,80000
07000P,T50反1元大99售03,0,0,0,0,0,0,0,0,0,80000,0,0,0,81000,1000,80000,80000
07109P,聯發科中信9B售02,0,0,0,0,0,0,0,0,0,80000,0,0,0,100000,20000,80000,80000
07051P,大立光中信99售02,0,0,0,0,0,0,0,0,0,80000,0,0,0,80000,0,80000,80000
07270P,台灣50元大01售09,0,0,0,0,0,0,0,0,0,80000,0,0,0,90000,10000,80000,80000
07945P,上銀國票9B售02  ,0,0,0,0,0,0,0,0,0,80000,0,0,0,80000,0,80000,80000
063772,智邦富邦9B購02  ,0,0,0,0,0,0,0,0,0,80000,0,0,0,80000,0,80000,80000
2360,致茂            ,1661000,1504300,156700,0,0,0,0,0,0,-77000,7000,56000,-49000,18000,46000,-28000,79700
06152P,玉晶光元大98售06,0,0,0,0,0,0,0,0,0,79000,0,0,0,129000,50000,79000,79000
057206,立積元富98購01  ,0,0,0,0,0,0,0,0,0,79000,0,0,0,110000,31000,79000,79000
056397,彩晶永豐99購01  ,0,0,0,0,0,0,0,0,0,79000,0,0,0,79000,0,79000,79000
052587,景碩永豐97購01  ,0,0,0,0,0,0,0,0,0,79000,0,0,0,80000,1000,79000,79000
056996,矽力日盛99購01  ,0,0,0,0,0,0,0,0,0,79000,0,0,0,80000,1000,79000,79000
059358,旺宏永豐99購02  ,0,0,0,0,0,0,0,0,0,79000,0,0,0,79000,0,79000,79000
08037P,台表科群益9B售02,0,0,0,0,0,0,0,0,0,79000,0,0,0,79000,0,79000,79000
062420,台積電統一9C購08,0,0,0,0,0,0,0,0,0,78000,0,0,0,79000,1000,78000,78000
2461,光群雷          ,96000,20000,76000,0,0,0,0,0,0,2000,3000,1000,2000,0,0,0,78000
057175,美律元大98購03  ,0,0,0,0,0,0,0,0,0,78000,0,0,0,288000,210000,78000,78000
060235,瑞昱元大9A購01  ,0,0,0,0,0,0,0,0,0,78000,0,0,0,106000,28000,78000,78000
052542,友達元富98購01  ,0,0,0,0,0,0,0,0,0,78000,0,0,0,342000,264000,78000,78000
058946,SGBR2X群益9B購01,0,0,0,0,0,0,0,0,0,78000,0,0,0,116000,38000,78000,78000
07408P,台積電兆豐99售06,0,0,0,0,0,0,0,0,0,78000,0,0,0,240000,162000,78000,78000
06436P,台光電國票98售04,0,0,0,0,0,0,0,0,0,78000,0,0,0,100000,22000,78000,78000
06481P,台積電凱基98售12,0,0,0,0,0,0,0,0,0,78000,0,0,0,80000,2000,78000,78000
062813,台積電兆豐9B購01,0,0,0,0,0,0,0,0,0,77000,0,0,0,77000,0,77000,77000
060236,精元元大9C購01  ,0,0,0,0,0,0,0,0,0,77000,0,0,0,108000,31000,77000,77000
055716,致茂元大97購01  ,0,0,0,0,0,0,0,0,0,77000,0,0,0,88000,11000,77000,77000
060567,華擎富邦9C購01  ,0,0,0,0,0,0,0,0,0,77000,0,0,0,77000,0,77000,77000
057820,華擎元大98購02  ,0,0,0,0,0,0,0,0,0,77000,0,0,0,77000,0,77000,77000
06959P,鴻海凱基9A售02  ,0,0,0,0,0,0,0,0,0,77000,0,0,0,77000,0,77000,77000
07851P,聯發科國票9A售05,0,0,0,0,0,0,0,0,0,77000,0,0,0,152000,75000,77000,77000
9943,好樂迪          ,90000,14000,76000,0,0,0,0,0,0,1000,1000,0,1000,0,0,0,77000
062143,大成鋼國票9B購01,0,0,0,0,0,0,0,0,0,76000,0,0,0,132000,56000,76000,76000
061603,瑞昱凱基9A購02  ,0,0,0,0,0,0,0,0,0,76000,0,0,0,160000,84000,76000,76000
061858,南電國票9B購02  ,0,0,0,0,0,0,0,0,0,76000,0,0,0,80000,4000,76000,76000
055707,聯鈞永豐98購01  ,0,0,0,0,0,0,0,0,0,76000,0,0,0,76000,0,76000,76000
054511,香港反元大98購01,0,0,0,0,0,0,0,0,0,76000,0,0,0,252000,176000,76000,76000
058926,勤誠元富99購01  ,0,0,0,0,0,0,0,0,0,76000,0,0,0,305000,229000,76000,76000
06728P,全新元大98售03  ,0,0,0,0,0,0,0,0,0,76000,0,0,0,76000,0,76000,76000
06731P,聯茂元大98售05  ,0,0,0,0,0,0,0,0,0,76000,0,0,0,117000,41000,76000,76000
06633P,國巨國票99售01  ,0,0,0,0,0,0,0,0,0,76000,0,0,0,76000,0,76000,76000
063692,華擎永豐9B購02  ,0,0,0,0,0,0,0,0,0,76000,0,0,0,102000,26000,76000,76000
063724,亞德客元大9B購03,0,0,0,0,0,0,0,0,0,76000,0,0,0,150000,74000,76000,76000
064139,裕隆統一01購02  ,0,0,0,0,0,0,0,0,0,76000,0,0,0,473000,397000,76000,76000
061726,台積電麥證9A購05,0,0,0,75000,0,75000,0,0,0,75000,0,0,0,75000,0,75000,75000
1316,上曜            ,75000,1000,74000,0,0,0,0,0,0,1000,1000,0,1000,0,0,0,75000
061078,台積電兆豐9A購01,0,0,0,0,0,0,0,0,0,75000,0,0,0,75000,0,75000,75000
061214,華擎元大9A購04  ,0,0,0,0,0,0,0,0,0,75000,0,0,0,75000,0,75000,75000
062669,微星中信03購01  ,0,0,0,0,0,0,0,0,0,75000,0,0,0,95000,20000,75000,75000
052126,群創國票97購01  ,0,0,0,0,0,0,0,0,0,75000,0,0,0,75000,0,75000,75000
048422,瑞昱元富96購02  ,0,0,0,0,0,0,0,0,0,75000,0,0,0,85000,10000,75000,75000
053072,國巨台新97購01  ,0,0,0,0,0,0,0,0,0,75000,0,0,0,75000,0,75000,75000
06024P,台郡國票97售05  ,0,0,0,0,0,0,0,0,0,75000,0,0,0,95000,20000,75000,75000
058900,旺宏元大99購11  ,0,0,0,0,0,0,0,0,0,75000,0,0,0,139000,64000,75000,75000
059533,富邦金凱基99購01,0,0,0,0,0,0,0,0,0,75000,0,0,0,85000,10000,75000,75000
058372,欣興凱基99購03  ,0,0,0,0,0,0,0,0,0,75000,0,0,0,75000,0,75000,75000
059833,緯穎康和99購01  ,0,0,0,0,0,0,0,0,0,75000,0,0,0,82000,7000,75000,75000
060704,台積電富邦01購01,0,0,0,0,0,0,0,0,0,75000,0,0,0,75000,0,75000,75000
064276,聯發科元大9C購07,0,0,0,0,0,0,0,0,0,75000,0,0,0,135000,60000,75000,75000
07854P,台積電凱基9A售28,0,0,0,0,0,0,0,0,0,75000,0,0,0,75000,0,75000,75000
07657P,技嘉凱基9A售03  ,0,0,0,0,0,0,0,0,0,75000,0,0,0,140000,65000,75000,75000
8104,錸寶            ,91000,18000,73000,0,0,0,0,0,0,2000,2000,0,2000,0,0,0,75000
062938,聯發科凱基9B購10,0,0,0,0,0,0,0,0,0,74000,0,0,0,211000,137000,74000,74000
055245,凱美統一99購01  ,0,0,0,0,0,0,0,0,0,74000,0,0,0,95000,21000,74000,74000
054217,台表科國票97購05,0,0,0,0,0,0,0,0,0,74000,0,0,0,76000,2000,74000,74000
07968P,國巨元大9B售09  ,0,0,0,0,0,0,0,0,0,74000,0,0,0,74000,0,74000,74000
08186P,泰碩永豐9B售03  ,0,0,0,0,0,0,0,0,0,74000,0,0,0,77000,3000,74000,74000
06921P,台光電凱基98售06,0,0,0,0,0,0,0,0,0,74000,0,0,0,74000,0,74000,74000
07058P,台積電凱基9A售07,0,0,0,0,0,0,0,0,0,74000,0,0,0,197000,123000,74000,74000
07527P,台灣50凱基9B售02,0,0,0,0,0,0,0,0,0,74000,0,0,0,236000,162000,74000,74000
063704,麗豐群益9B購01  ,0,0,0,0,0,0,0,0,0,74000,0,0,0,86000,12000,74000,74000
063572,麗豐元大9B購01  ,0,0,0,0,0,0,0,0,0,74000,0,0,0,142000,68000,74000,74000
4976,佳凌            ,139000,65000,74000,0,0,0,0,0,0,0,0,0,0,0,0,0,74000
061224,道瓊反中信01購01,0,0,0,0,0,0,0,0,0,73000,0,0,0,101000,28000,73000,73000
062361,智邦元大9B購06  ,0,0,0,0,0,0,0,0,0,73000,0,0,0,146000,73000,73000,73000
08271P,華通元富9C售01  ,0,0,0,0,0,0,0,0,0,73000,0,0,0,83000,10000,73000,73000
056624,景碩永豐98購01  ,0,0,0,0,0,0,0,0,0,73000,0,0,0,83000,10000,73000,73000
059313,元石油元大99購06,0,0,0,0,0,0,0,0,0,73000,0,0,0,160000,87000,73000,73000
08194P,同欣電國票9C售03,0,0,0,0,0,0,0,0,0,73000,0,0,0,93000,20000,73000,73000
07688P,華通元大9A售07  ,0,0,0,0,0,0,0,0,0,73000,0,0,0,100000,27000,73000,73000
6153,嘉聯益          ,627000,715000,-88000,0,0,0,0,0,0,161000,225000,124000,101000,66000,6000,60000,73000
2379,瑞昱            ,1191000,1029388,161612,0,0,0,6000,39000,-33000,-56000,50000,27000,23000,17000,96000,-79000,72612
2616,山隆            ,68000,4000,64000,0,0,0,0,0,0,8000,8000,0,8000,0,0,0,72000
08347P,大立光元大9C售16,0,0,0,0,0,0,0,0,0,72000,0,0,0,77000,5000,72000,72000
08303P,聯發科富邦9C售05,0,0,0,0,0,0,0,0,0,72000,0,0,0,72000,0,72000,72000
08265P,臺股指元大9C售03,0,0,0,0,0,0,0,0,0,72000,0,0,0,72000,0,72000,72000
062333,嘉晶統一9C購01  ,0,0,0,0,0,0,0,0,0,72000,0,0,0,115000,43000,72000,72000
056818,正崴永豐98購01  ,0,0,0,0,0,0,0,0,0,72000,0,0,0,74000,2000,72000,72000
061460,FBVIX群益9A購02 ,0,0,0,0,0,0,0,0,0,72000,0,0,0,72000,0,72000,72000
08230P,台表科國票9C售03,0,0,0,0,0,0,0,0,0,72000,0,0,0,72000,0,72000,72000
07245P,台積電凱基99售16,0,0,0,0,0,0,0,0,0,72000,0,0,0,79000,7000,72000,72000
4552,力達-KY         ,43000,74000,-31000,0,0,0,103000,0,103000,0,0,0,0,0,0,0,72000
061101,道瓊銀元大9A購02,0,0,0,0,0,0,0,0,0,71000,0,0,0,141000,70000,71000,71000
056191,世紀鋼統一97購01,0,0,0,0,0,0,0,0,0,71000,0,0,0,140000,69000,71000,71000
05524P,瀚宇博國票97售02,0,0,0,0,0,0,0,0,0,71000,0,0,0,71000,0,71000,71000
06735P,奇力新凱基98售07,0,0,0,0,0,0,0,0,0,71000,0,0,0,121000,50000,71000,71000
08175P,金像電統一9B售02,0,0,0,0,0,0,0,0,0,71000,0,0,0,85000,14000,71000,71000
064412,緯穎凱基01購01  ,0,0,0,0,0,0,0,0,0,71000,0,0,0,157000,86000,71000,71000
2020,美亞            ,360000,304600,55400,0,0,0,0,0,0,15000,15000,0,15000,0,0,0,70400
1709,和益            ,91000,23000,68000,0,0,0,0,0,0,2000,2000,0,2000,0,0,0,70000
061139,玉晶光統一9C購02,0,0,0,0,0,0,0,0,0,70000,0,0,0,80000,10000,70000,70000
061223,T50反1中信01購01,0,0,0,0,0,0,0,0,0,70000,0,0,0,70000,0,70000,70000
061297,台積電富邦9C購09,0,0,0,0,0,0,0,0,0,70000,0,0,0,70000,0,70000,70000
054406,旺宏國票98購01  ,0,0,0,0,0,0,0,0,0,70000,0,0,0,110000,40000,70000,70000
054884,友達統一99購01  ,0,0,0,0,0,0,0,0,0,70000,0,0,0,70000,0,70000,70000
055827,中石化元大98購01,0,0,0,0,0,0,0,0,0,70000,0,0,0,100000,30000,70000,70000
060204,矽創元富9A購01  ,0,0,0,0,0,0,0,0,0,70000,0,0,0,125000,55000,70000,70000
057471,昇陽半永豐98購02,0,0,0,0,0,0,0,0,0,70000,0,0,0,70000,0,70000,70000
057008,華新科中信99購02,0,0,0,0,0,0,0,0,0,70000,0,0,0,70000,0,70000,70000
057027,祥碩凱基98購01  ,0,0,0,0,0,0,0,0,0,70000,0,0,0,70000,0,70000,70000
058040,FBVIX元大98購01 ,0,0,0,0,0,0,0,0,0,70000,0,0,0,70000,0,70000,70000
060387,盛群凱基9A購01  ,0,0,0,0,0,0,0,0,0,70000,0,0,0,160000,90000,70000,70000
064384,聯電富邦01購01  ,0,0,0,0,0,0,0,0,0,70000,0,0,0,85000,15000,70000,70000
064233,燿華統一9C購02  ,0,0,0,0,0,0,0,0,0,70000,0,0,0,1197000,1127000,70000,70000
063673,GIS統一9C購02   ,0,0,0,0,0,0,0,0,0,70000,0,0,0,70000,0,70000,70000
062046,矽格凱基9B購01  ,0,0,0,0,0,0,0,0,0,70000,0,0,0,80000,10000,70000,70000
07619P,鴻海統一9A售03  ,0,0,0,0,0,0,0,0,0,70000,0,0,0,70000,0,70000,70000
07853P,國巨凱基9A售19  ,0,0,0,0,0,0,0,0,0,70000,0,0,0,70000,0,70000,70000
07891P,臺股指國票9B售01,0,0,0,0,0,0,0,0,0,70000,0,0,0,100000,30000,70000,70000
07226P,貿聯富邦9B售01  ,0,0,0,0,0,0,0,0,0,70000,0,0,0,70000,0,70000,70000
07423P,大立光元大99售33,0,0,0,0,0,0,0,0,0,70000,0,0,0,70000,0,70000,70000
4164,承業醫          ,104000,32000,72000,0,0,0,0,0,0,-2000,12000,14000,-2000,0,0,0,70000
2903,遠百            ,361000,307000,54000,0,0,0,0,0,0,16000,16000,0,16000,0,0,0,70000
062782,聯發科元大9B購12,0,0,0,0,0,0,0,0,0,69000,0,0,0,71000,2000,69000,69000
054569,GIS群益98購01   ,0,0,0,0,0,0,0,0,0,69000,0,0,0,90000,21000,69000,69000
057768,華新科中信9A購01,0,0,0,0,0,0,0,0,0,69000,0,0,0,95000,26000,69000,69000
059165,南亞科凱基99購04,0,0,0,0,0,0,0,0,0,69000,0,0,0,70000,1000,69000,69000
059754,訊芯群益9A購01  ,0,0,0,0,0,0,0,0,0,69000,0,0,0,85000,16000,69000,69000
07903P,台積電群益9B售03,0,0,0,0,0,0,0,0,0,69000,0,0,0,82000,13000,69000,69000
07976P,聯發科群益9C售02,0,0,0,0,0,0,0,0,0,69000,0,0,0,100000,31000,69000,69000
064239,群創統一02購01  ,0,0,0,0,0,0,0,0,0,69000,0,0,0,147000,78000,69000,69000
2906,高林            ,87000,37000,50000,0,0,0,0,0,0,19000,19000,0,19000,0,0,0,69000
2539,櫻花建          ,83000,25847,57153,0,0,0,0,0,0,11000,0,0,0,11000,0,11000,68153
2359,所羅門          ,96000,44000,52000,0,0,0,0,0,0,16000,16000,0,16000,0,0,0,68000
1231,聯華食          ,68000,13000,55000,0,0,0,0,0,0,13000,13000,0,13000,0,0,0,68000
061639,晶豪科元大9A購02,0,0,0,0,0,0,0,0,0,68000,0,0,0,71000,3000,68000,68000
062006,瑞昱國泰9C購01  ,0,0,0,0,0,0,0,0,0,68000,0,0,0,68000,0,68000,68000
061986,晶豪科元大9B購01,0,0,0,0,0,0,0,0,0,68000,0,0,0,73000,5000,68000,68000
056298,億光元大97購02  ,0,0,0,0,0,0,0,0,0,68000,0,0,0,109000,41000,68000,68000
057371,可成元大98購08  ,0,0,0,0,0,0,0,0,0,68000,0,0,0,69000,1000,68000,68000
056882,華邦電康和98購01,0,0,0,0,0,0,0,0,0,68000,0,0,0,68000,0,68000,68000
056897,南亞科元大98購02,0,0,0,0,0,0,0,0,0,68000,0,0,0,68000,0,68000,68000
056622,高鐵永豐98購01  ,0,0,0,0,0,0,0,0,0,68000,0,0,0,68000,0,68000,68000
060016,廣達康和99購01  ,0,0,0,0,0,0,0,0,0,68000,0,0,0,68000,0,68000,68000
060756,鴻海元大9A購16  ,0,0,0,0,0,0,0,0,0,68000,0,0,0,69000,1000,68000,68000
059116,晶豪科永豐99購01,0,0,0,0,0,0,0,0,0,68000,0,0,0,68000,0,68000,68000
058344,旺宏群益99購05  ,0,0,0,0,0,0,0,0,0,68000,0,0,0,70000,2000,68000,68000
058512,宏達電元大99購04,0,0,0,0,0,0,0,0,0,68000,0,0,0,68000,0,68000,68000
064420,台積電兆豐9C購03,0,0,0,0,0,0,0,0,0,68000,0,0,0,75000,7000,68000,68000
08330P,聯發科統一9C售13,0,0,0,0,0,0,0,0,0,67000,0,0,0,67000,0,67000,67000
2436,偉詮電          ,194000,129000,65000,0,0,0,0,0,0,2000,5000,3000,2000,0,0,0,67000
061316,台積電凱基9A購24,0,0,0,0,0,0,0,0,0,67000,0,0,0,69000,2000,67000,67000
060200,同欣電元富9A購01,0,0,0,0,0,0,0,0,0,67000,0,0,0,70000,3000,67000,67000
060479,億豐元大9A購01  ,0,0,0,0,0,0,0,0,0,67000,0,0,0,75000,8000,67000,67000
063168,台表科永豐9B購01,0,0,0,0,0,0,0,0,0,67000,0,0,0,67000,0,67000,67000
060017,全新康和99購01  ,0,0,0,0,0,0,0,0,0,67000,0,0,0,72000,5000,67000,67000
064125,聯發科元大02購01,0,0,0,0,0,0,0,0,0,67000,0,0,0,256000,189000,67000,67000
07998P,聯電凱基9C售01  ,0,0,0,0,0,0,0,0,0,67000,0,0,0,88000,21000,67000,67000
07890P,南電國票9B售01  ,0,0,0,0,0,0,0,0,0,67000,0,0,0,140000,73000,67000,67000
6541,泰福-KY         ,97000,31000,66000,0,0,0,0,0,0,1000,3000,2000,1000,0,0,0,67000
06212P,華新科元大97售11,0,0,0,0,0,0,0,0,0,66000,0,0,0,66000,0,66000,66000
061990,台勝科元大9C購01,0,0,0,0,0,0,0,0,0,66000,0,0,0,71000,5000,66000,66000
056202,國揚永豐97購01  ,0,0,0,0,0,0,0,0,0,66000,0,0,0,68000,2000,66000,66000
056250,瑞昱兆豐97購02  ,0,0,0,0,0,0,0,0,0,66000,0,0,0,291000,225000,66000,66000
054330,世芯永豐96購02  ,0,0,0,0,0,0,0,0,0,66000,0,0,0,76000,10000,66000,66000
063260,信邦富邦9B購01  ,0,0,0,0,0,0,0,0,0,66000,0,0,0,66000,0,66000,66000
063461,金像電元大9B購03,0,0,0,0,0,0,0,0,0,66000,0,0,0,118000,52000,66000,66000
063345,嘉晶統一9C購02  ,0,0,0,0,0,0,0,0,0,66000,0,0,0,369000,303000,66000,66000
063289,台表科元大9B購07,0,0,0,0,0,0,0,0,0,66000,0,0,0,158000,92000,66000,66000
06445P,大立光凱基98售09,0,0,0,0,0,0,0,0,0,66000,0,0,0,66000,0,66000,66000
3056,總太            ,404000,336000,68000,0,0,0,0,0,0,-2000,2000,4000,-2000,0,0,0,66000
5546,永固-KY         ,69000,3000,66000,0,0,0,0,0,0,0,0,0,0,0,0,0,66000
061366,台勝科國票9A購01,0,0,0,0,0,0,0,0,0,65000,0,0,0,65000,0,65000,65000
2471,資通            ,109000,40000,69000,0,0,0,0,0,0,-4000,0,4000,-4000,0,0,0,65000
062771,臺股指凱基9B購15,0,0,0,0,0,0,0,0,0,65000,0,0,0,95000,30000,65000,65000
053186,健策中信9C購01  ,0,0,0,0,0,0,0,0,0,65000,0,0,0,69000,4000,65000,65000
060227,和大元大9A購01  ,0,0,0,0,0,0,0,0,0,65000,0,0,0,93000,28000,65000,65000
057103,禾伸堂中信9A購01,0,0,0,0,0,0,0,0,0,65000,0,0,0,85000,20000,65000,65000
06457P,玉晶光統一98售02,0,0,0,0,0,0,0,0,0,65000,0,0,0,80000,15000,65000,65000
07631P,臺股指凱基9A售12,0,0,0,0,0,0,0,0,0,65000,0,0,0,65000,0,65000,65000
08247P,台積電群益9C售06,0,0,0,0,0,0,0,0,0,65000,0,0,0,80000,15000,65000,65000
06746P,聯發科群益99售02,0,0,0,0,0,0,0,0,0,65000,0,0,0,65000,0,65000,65000
9911,櫻花            ,88000,29000,59000,0,0,0,0,0,0,6000,6000,0,6000,0,0,0,65000
061211,玉晶光元大9A購12,0,0,0,0,0,0,0,0,0,64000,0,0,0,101000,37000,64000,64000
062387,健策國泰01購01  ,0,0,0,0,0,0,0,0,0,64000,0,0,0,67000,3000,64000,64000
061114,南電元大9A購04  ,0,0,0,0,0,0,0,0,0,64000,0,0,0,381000,317000,64000,64000
056857,國巨群益99購02  ,0,0,0,0,0,0,0,0,0,64000,0,0,0,64000,0,64000,64000
055541,聚陽凱基98購01  ,0,0,0,0,0,0,0,0,0,64000,0,0,0,80000,16000,64000,64000
056455,群創凱基9A購01  ,0,0,0,0,0,0,0,0,0,64000,0,0,0,68000,4000,64000,64000
052948,景碩國票97購02  ,0,0,0,0,0,0,0,0,0,64000,0,0,0,179000,115000,64000,64000
00688L,國泰20年美債正2 ,0,0,0,0,0,0,0,0,0,64000,0,0,0,165000,101000,64000,64000
06984P,上銀富邦9B售01  ,0,0,0,0,0,0,0,0,0,64000,0,0,0,290000,226000,64000,64000
07407P,欣興凱基99售07  ,0,0,0,0,0,0,0,0,0,64000,0,0,0,175000,111000,64000,64000
08059P,京鼎元大9B售02  ,0,0,0,0,0,0,0,0,0,64000,0,0,0,164000,100000,64000,64000
08072P,祥碩永豐9B售03  ,0,0,0,0,0,0,0,0,0,64000,0,0,0,110000,46000,64000,64000
07766P,美律群益9A售03  ,0,0,0,0,0,0,0,0,0,64000,0,0,0,100000,36000,64000,64000
5283,禾聯碩          ,68000,6000,62000,0,0,0,0,0,0,2000,2000,0,2000,0,0,0,64000
061113,南電元大9A購03  ,0,0,0,0,0,0,0,0,0,63000,0,0,0,208000,145000,63000,63000
03678C,臺股指凱基01牛02,5000,0,5000,0,0,0,0,0,0,58000,0,0,0,94000,36000,58000,63000
055667,致茂群益98購01  ,0,0,0,0,0,0,0,0,0,63000,0,0,0,93000,30000,63000,63000
058613,茂林元大99購03  ,0,0,0,0,0,0,0,0,0,63000,0,0,0,69000,6000,63000,63000
060128,健策永豐99購06  ,0,0,0,0,0,0,0,0,0,63000,0,0,0,65000,2000,63000,63000
058445,旺宏富邦9C購01  ,0,0,0,0,0,0,0,0,0,63000,0,0,0,143000,80000,63000,63000
06638P,鴻海統一99售02  ,0,0,0,0,0,0,0,0,0,63000,0,0,0,1094000,1031000,63000,63000
061787,華新科群益9C購01,0,0,0,0,0,0,0,0,0,62000,0,0,0,102000,40000,62000,62000
06189P,華新科永豐97售03,0,0,0,0,0,0,0,0,0,62000,0,0,0,80000,18000,62000,62000
062279,晶豪科群益9B購01,0,0,0,0,0,0,0,0,0,62000,0,0,0,95000,33000,62000,62000
061026,南電富邦9B購01  ,0,0,0,0,0,0,0,0,0,62000,0,0,0,62000,0,62000,62000
062969,旺宏元富9B購01  ,0,0,0,0,0,0,0,0,0,62000,0,0,0,64000,2000,62000,62000
06021P,世紀鋼元富96售03,0,0,0,0,0,0,0,0,0,62000,0,0,0,62000,0,62000,62000
055014,達興元富97購01  ,0,0,0,0,0,0,0,0,0,62000,0,0,0,62000,0,62000,62000
054563,泰碩群益99購01  ,0,0,0,0,0,0,0,0,0,62000,0,0,0,117000,55000,62000,62000
056347,GIS凱基9A購01   ,0,0,0,0,0,0,0,0,0,62000,0,0,0,62000,0,62000,62000
058048,群創元大9B購07  ,0,0,0,0,0,0,0,0,0,62000,0,0,0,62000,0,62000,62000
06454P,緯穎元大98售04  ,0,0,0,0,0,0,0,0,0,62000,0,0,0,62000,0,62000,62000
064375,智邦元富03購01  ,0,0,0,0,0,0,0,0,0,62000,0,0,0,205000,143000,62000,62000
063577,台表科元大9C購04,0,0,0,0,0,0,0,0,0,62000,0,0,0,157000,95000,62000,62000
07803P,南亞科永豐9A售02,0,0,0,0,0,0,0,0,0,62000,0,0,0,62000,0,62000,62000
062023,寶成永豐9B購01  ,0,0,0,0,0,0,0,0,0,62000,0,0,0,65000,3000,62000,62000
062992,聯發科群益9B購09,0,0,0,0,0,0,0,0,0,61000,0,0,0,105000,44000,61000,61000
061690,旺宏群益9A購05  ,0,0,0,0,0,0,0,0,0,61000,0,0,0,63000,2000,61000,61000
08346P,大立光元大9C售15,0,0,0,0,0,0,0,0,0,61000,0,0,0,66000,5000,61000,61000
060208,卜蜂康和9A購01  ,0,0,0,0,0,0,0,0,0,61000,0,0,0,85000,24000,61000,61000
059021,台積電統一9B購07,0,0,0,0,0,0,0,0,0,61000,0,0,0,173000,112000,61000,61000
058096,南電元大98購04  ,0,0,0,0,0,0,0,0,0,61000,0,0,0,76000,15000,61000,61000
063236,旺宏元大9B購07  ,0,0,0,0,0,0,0,0,0,61000,0,0,0,61000,0,61000,61000
063172,廣達中信9C購01  ,0,0,0,0,0,0,0,0,0,61000,0,0,0,64000,3000,61000,61000
060512,祥碩元大9A購02  ,0,0,0,0,0,0,0,0,0,61000,0,0,0,61000,0,61000,61000
058808,大成鋼統一9B購01,0,0,0,0,0,0,0,0,0,61000,0,0,0,258000,197000,61000,61000
058848,台積電群益99購07,0,0,0,0,0,0,0,0,0,61000,0,0,0,65000,4000,61000,61000
08115P,聯發科凱基9B售13,0,0,0,0,0,0,0,0,0,61000,0,0,0,92000,31000,61000,61000
07634P,金像電元大9A售01,0,0,0,0,0,0,0,0,0,61000,0,0,0,414000,353000,61000,61000
07710P,華擎元大9A售05  ,0,0,0,0,0,0,0,0,0,61000,0,0,0,80000,19000,61000,61000
07312P,台灣50元大99售10,0,0,0,0,0,0,0,0,0,61000,0,0,0,65000,4000,61000,61000
063615,瑞祺群益9B購03  ,0,0,0,0,0,0,0,0,0,61000,0,0,0,109000,48000,61000,61000
2419,仲琦            ,84000,27000,57000,0,0,0,0,0,0,3000,6000,3000,3000,0,0,0,60000
08273P,國巨元富9C售02  ,0,0,0,0,0,0,0,0,0,60000,0,0,0,62000,2000,60000,60000
062930,旺宏統一9C購02  ,0,0,0,0,0,0,0,0,0,60000,0,0,0,60000,0,60000,60000
061266,國泰金凱基9B購01,0,0,0,0,0,0,0,0,0,60000,0,0,0,65000,5000,60000,60000
062307,華通凱基9C購01  ,0,0,0,0,0,0,0,0,0,60000,0,0,0,60000,0,60000,60000
062193,瑞昱第一9B購01  ,0,0,0,0,0,0,0,0,0,60000,0,0,0,65000,5000,60000,60000
061527,牧德凱基9A購02  ,1000,0,1000,0,0,0,0,0,0,59000,0,0,0,84000,25000,59000,60000
060231,台積電元大9A購08,0,0,0,0,0,0,0,0,0,60000,0,0,0,60000,0,60000,60000
056215,華新科國票97購03,0,0,0,0,0,0,0,0,0,60000,0,0,0,160000,100000,60000,60000
055839,瑞昱元大97購04  ,0,0,0,0,0,0,0,0,0,60000,0,0,0,62000,2000,60000,60000
055417,健策富邦98購02  ,0,0,0,0,0,0,0,0,0,60000,0,0,0,60000,0,60000,60000
056468,鴻海元大98購07  ,0,0,0,0,0,0,0,0,0,60000,0,0,0,3310000,3250000,60000,60000
053761,健策國泰98購01  ,0,0,0,0,0,0,0,0,0,60000,0,0,0,70000,10000,60000,60000
056360,智邦元大98購01  ,0,0,0,0,0,0,0,0,0,60000,0,0,0,62000,2000,60000,60000
05175P,TPK富邦99售01   ,0,0,0,0,0,0,0,0,0,60000,0,0,0,60000,0,60000,60000
058589,群創中信01購01  ,0,0,0,0,0,0,0,0,0,60000,0,0,0,60000,0,60000,60000
05859P,台表科國票97售04,0,0,0,0,0,0,0,0,0,60000,0,0,0,61000,1000,60000,60000
058604,華邦電元大99購03,0,0,0,0,0,0,0,0,0,60000,0,0,0,138000,78000,60000,60000
058554,瀚宇博永豐99購01,0,0,0,0,0,0,0,0,0,60000,0,0,0,60000,0,60000,60000
057672,茂林元大98購02  ,0,0,0,0,0,0,0,0,0,60000,0,0,0,78000,18000,60000,60000
058015,旺宏凱基99購02  ,0,0,0,0,0,0,0,0,0,60000,0,0,0,60000,0,60000,60000
057865,富邦金凱基98購01,0,0,0,0,0,0,0,0,0,60000,0,0,0,60000,0,60000,60000
060386,台勝科凱基9B購01,0,0,0,0,0,0,0,0,0,60000,0,0,0,66000,6000,60000,60000
060800,華新科第一9A購01,0,0,0,0,0,0,0,0,0,60000,0,0,0,60000,0,60000,60000
06598P,奇力新永豐98售02,0,0,0,0,0,0,0,0,0,60000,0,0,0,82000,22000,60000,60000
06599P,宏達電永豐98售02,0,0,0,0,0,0,0,0,0,60000,0,0,0,60000,0,60000,60000
07614P,華新科群益9A售04,0,0,0,0,0,0,0,0,0,60000,0,0,0,60000,0,60000,60000
07555P,玉晶光元大9A售07,0,0,0,0,0,0,0,0,0,60000,0,0,0,60000,0,60000,60000
06861P,台積電國票99售08,0,0,0,0,0,0,0,0,0,60000,0,0,0,60000,0,60000,60000
06845P,億光元大98售02  ,0,0,0,0,0,0,0,0,0,60000,0,0,0,60000,0,60000,60000
4536,拓凱            ,116000,47000,69000,0,0,0,0,0,0,-9000,1000,0,1000,0,10000,-10000,60000
3033,威健            ,144000,101000,43000,0,0,0,0,0,0,17000,17000,0,17000,0,0,0,60000
3356,奇偶            ,73000,14000,59000,0,0,0,0,0,0,1000,1000,0,1000,0,0,0,60000
061545,華新科群益9A購09,0,0,0,0,0,0,0,0,0,59000,0,0,0,59000,0,59000,59000
2524,京城            ,78000,19000,59000,0,0,0,0,0,0,0,0,0,0,0,0,0,59000
054971,帆宣元大97購02  ,0,0,0,0,0,0,0,0,0,59000,0,0,0,59000,0,59000,59000
058055,華擎統一9A購01  ,0,0,0,0,0,0,0,0,0,59000,0,0,0,77000,18000,59000,59000
058241,景碩元大99購05  ,0,0,0,0,0,0,0,0,0,59000,0,0,0,59000,0,59000,59000
058701,鴻海元大99購16  ,0,0,0,0,0,0,0,0,0,59000,0,0,0,69000,10000,59000,59000
06888P,日月光元大98售02,0,0,0,0,0,0,0,0,0,59000,0,0,0,60000,1000,59000,59000
07048P,台積電中信03售01,0,0,0,0,0,0,0,0,0,59000,0,0,0,79000,20000,59000,59000
07272P,台灣50元大9C售05,0,0,0,0,0,0,0,0,0,59000,0,0,0,59000,0,59000,59000
07644P,南電凱基9A售03  ,0,0,0,0,0,0,0,0,0,59000,0,0,0,111000,52000,59000,59000
08088P,義隆凱基9B售03  ,0,0,0,0,0,0,0,0,0,59000,0,0,0,114000,55000,59000,59000
063683,大成鋼永豐9B購01,0,0,0,0,0,0,0,0,0,59000,0,0,0,59000,0,59000,59000
2425,承啟            ,130000,75000,55000,0,0,0,0,0,0,3000,8000,5000,3000,0,0,0,58000
061159,同欣電群益9A購01,0,0,0,0,0,0,0,0,0,58000,0,0,0,75000,17000,58000,58000
057422,欣興凱基98購04  ,0,0,0,0,0,0,0,0,0,58000,0,0,0,88000,30000,58000,58000
057450,國泰金元富98購01,0,0,0,0,0,0,0,0,0,58000,0,0,0,235000,177000,58000,58000
055989,矽力元富9A購01  ,0,0,0,0,0,0,0,0,0,58000,0,0,0,70000,12000,58000,58000
06023P,超眾國票96售03  ,0,0,0,0,0,0,0,0,0,58000,0,0,0,58000,0,58000,58000
058496,文曄群益99購01  ,0,0,0,0,0,0,0,0,0,58000,0,0,0,58000,0,58000,58000
059344,長榮航凱基99購01,0,0,0,0,0,0,0,0,0,58000,0,0,0,90000,32000,58000,58000
060046,S&P反1凱基99購02,0,0,0,0,0,0,0,0,0,58000,0,0,0,68000,10000,58000,58000
060852,京鼎國泰9B購01  ,0,0,0,0,0,0,0,0,0,58000,0,0,0,60000,2000,58000,58000
063590,華擎永豐9B購01  ,0,0,0,0,0,0,0,0,0,58000,0,0,0,108000,50000,58000,58000
064212,可成凱基03購01  ,0,0,0,0,0,0,0,0,0,58000,0,0,0,76000,18000,58000,58000
08174P,國巨統一9B售17  ,0,0,0,0,0,0,0,0,0,58000,0,0,0,58000,0,58000,58000
07520P,臺股指元大9B售11,0,0,0,0,0,0,0,0,0,58000,0,0,0,60000,2000,58000,58000
06928P,鴻海元大99售10  ,0,0,0,0,0,0,0,0,0,58000,0,0,0,98000,40000,58000,58000
06826P,臺股指國票98售02,0,0,0,0,0,0,0,0,0,58000,0,0,0,66000,8000,58000,58000
3416,融程電          ,60000,23000,37000,0,0,0,0,0,0,21000,21000,0,21000,0,0,0,58000
062695,華通元大9C購01  ,0,0,0,0,0,0,0,0,0,57000,0,0,0,92000,35000,57000,57000
062051,上銀統一9C購02  ,0,0,0,0,0,0,0,0,0,57000,0,0,0,59000,2000,57000,57000
2467,志聖            ,230000,180000,50000,0,0,0,0,0,0,7000,7000,0,7000,0,0,0,57000
08379P,台積電國泰02售02,0,0,0,0,0,0,0,0,0,57000,0,0,0,1007000,950000,57000,57000
062569,南電中信01購01  ,0,0,0,0,0,0,0,0,0,57000,0,0,0,285000,228000,57000,57000
061922,瑞昱凱基9B購01  ,0,0,0,0,0,0,0,0,0,57000,0,0,0,57000,0,57000,57000
052986,聯發科元大97購05,0,0,0,0,0,0,0,0,0,57000,0,0,0,62000,5000,57000,57000
058718,台灣50元富03購01,0,0,0,0,0,0,0,0,0,57000,0,0,0,57000,0,57000,57000
06961P,台積電凱基99售05,0,0,0,0,0,0,0,0,0,57000,0,0,0,59000,2000,57000,57000
07370P,南亞科凱基99售08,0,0,0,0,0,0,0,0,0,57000,0,0,0,60000,3000,57000,57000
07824P,國巨元大9A售24  ,0,0,0,0,0,0,0,0,0,57000,0,0,0,57000,0,57000,57000
063781,健策永豐9B購08  ,0,0,0,0,0,0,0,0,0,57000,0,0,0,125000,68000,57000,57000
4942,嘉彰            ,105000,52000,53000,0,0,0,0,0,0,4000,4000,0,4000,0,0,0,57000
08348P,貿聯元大9C售01  ,0,0,0,0,0,0,0,0,0,56000,0,0,0,111000,55000,56000,56000
062454,華通群益9C購03  ,0,0,0,0,0,0,0,0,0,56000,0,0,0,56000,0,56000,56000
062337,台表科統一01購01,0,0,0,0,0,0,0,0,0,56000,0,0,0,415000,359000,56000,56000
062979,茂林元富9B購01  ,0,0,0,0,0,0,0,0,0,56000,0,0,0,161000,105000,56000,56000
056408,奇鋐國票99購01  ,0,0,0,0,0,0,0,0,0,56000,0,0,0,57000,1000,56000,56000
055933,欣興群益98購02  ,0,0,0,0,0,0,0,0,0,56000,0,0,0,93000,37000,56000,56000
056811,健策統一9B購01  ,0,0,0,0,0,0,0,0,0,56000,0,0,0,56000,0,56000,56000
056454,欣興凱基98購02  ,0,0,0,0,0,0,0,0,0,56000,0,0,0,93000,37000,56000,56000
058911,茂林元大99購04  ,0,0,0,0,0,0,0,0,0,56000,0,0,0,56000,0,56000,56000
057569,光磊永豐98購03  ,0,0,0,0,0,0,0,0,0,56000,0,0,0,68000,12000,56000,56000
057571,泰碩永豐98購01  ,0,0,0,0,0,0,0,0,0,56000,0,0,0,66000,10000,56000,56000
06333P,臺股指群益9C售02,0,0,0,0,0,0,0,0,0,56000,0,0,0,77000,21000,56000,56000
05830P,滬深2X元富99售03,0,0,0,0,0,0,0,0,0,56000,0,0,0,77000,21000,56000,56000
063648,台表科元大9C購05,0,0,0,0,0,0,0,0,0,56000,0,0,0,166000,110000,56000,56000
064476,金像電國泰02購01,0,0,0,0,0,0,0,0,0,56000,0,0,0,74000,18000,56000,56000
061479,泰碩元大9A購02  ,0,0,0,0,0,0,0,0,0,56000,0,0,0,68000,12000,56000,56000
3645,達邁            ,94000,41000,53000,0,0,0,0,0,0,3000,3000,0,3000,0,0,0,56000
062200,臺指反國票03購01,0,0,0,0,0,0,0,0,0,55000,0,0,0,55000,0,55000,55000
061720,智邦國泰9C購01  ,0,0,0,0,0,0,0,0,0,55000,0,0,0,117000,62000,55000,55000
057386,聯發科永豐98購04,0,0,0,0,0,0,0,0,0,55000,0,0,0,66000,11000,55000,55000
058144,聯茂元大99購02  ,0,0,0,0,0,0,0,0,0,55000,0,0,0,73000,18000,55000,55000
054059,欣興國票97購03  ,0,0,0,0,0,0,0,0,0,55000,0,0,0,55000,0,55000,55000
04788P,台積電永昌96售05,0,0,0,0,0,0,0,0,0,55000,0,0,0,55000,0,55000,55000
059975,元金2X元大99購02,0,0,0,0,0,0,0,0,0,55000,0,0,0,55000,0,55000,55000
058498,世紀鋼群益99購01,0,0,0,0,0,0,0,0,0,55000,0,0,0,65000,10000,55000,55000
08127P,聯發科元大9B售21,0,0,0,0,0,0,0,0,0,55000,0,0,0,130000,75000,55000,55000
08068P,宏達電國泰9C售01,0,0,0,0,0,0,0,0,0,55000,0,0,0,151000,96000,55000,55000
07993P,寶成群益9B售01  ,0,0,0,0,0,0,0,0,0,55000,0,0,0,55000,0,55000,55000
06865P,亞德客元大98售04,0,0,0,0,0,0,0,0,0,55000,0,0,0,55000,0,55000,55000
06726P,欣興元富98售04  ,0,0,0,0,0,0,0,0,0,55000,0,0,0,55000,0,55000,55000
064361,旺宏統一01購06  ,0,0,0,0,0,0,0,0,0,55000,0,0,0,57000,2000,55000,55000
063964,瑞昱國票01購01  ,0,0,0,0,0,0,0,0,0,55000,0,0,0,117000,62000,55000,55000
08358P,大立光元大9C售18,0,0,0,0,0,0,0,0,0,54000,0,0,0,57000,3000,54000,54000
08365P,貿聯凱基9C售01  ,0,0,0,0,0,0,0,0,0,54000,0,0,0,115000,61000,54000,54000
1707,葡萄王          ,217000,168000,49000,0,0,0,0,0,0,5000,3000,0,3000,3000,1000,2000,54000
062968,仁寶元富9B購01  ,0,0,0,0,0,0,0,0,0,54000,0,0,0,252000,198000,54000,54000
050842,旺宏國票97購01  ,0,0,0,0,0,0,0,0,0,54000,0,0,0,89000,35000,54000,54000
054872,瀚宇博群益98購01,0,0,0,0,0,0,0,0,0,54000,0,0,0,54000,0,54000,54000
06091P,華新科統一97售01,0,0,0,0,0,0,0,0,0,54000,0,0,0,54000,0,54000,54000
057105,致茂群益9A購01  ,0,0,0,0,0,0,0,0,0,54000,0,0,0,131000,77000,54000,54000
056671,台灣50元富9A購01,0,0,0,0,0,0,0,0,0,54000,0,0,0,90000,36000,54000,54000
060019,彰銀康和99購01  ,0,0,0,0,0,0,0,0,0,54000,0,0,0,56000,2000,54000,54000
060159,健和興永豐9A購01,0,0,0,0,0,0,0,0,0,54000,0,0,0,59000,5000,54000,54000
06936P,瑞儀元大98售01  ,0,0,0,0,0,0,0,0,0,54000,0,0,0,54000,0,54000,54000
07389P,臺股指群益9C售08,0,0,0,0,0,0,0,0,0,54000,0,0,0,80000,26000,54000,54000
08254P,國巨元大9C售09  ,0,0,0,0,0,0,0,0,0,54000,0,0,0,54000,0,54000,54000
062988,儒鴻群益9B購01  ,0,0,0,0,0,0,0,0,0,53000,0,0,0,53000,0,53000,53000
062728,健策凱基9B購04  ,0,0,0,0,0,0,0,0,0,53000,0,0,0,64000,11000,53000,53000
055500,京鼎元大97購04  ,0,0,0,0,0,0,0,0,0,53000,0,0,0,53000,0,53000,53000
056101,光磊永豐98購01  ,0,0,0,0,0,0,0,0,0,53000,0,0,0,69000,16000,53000,53000
00706L,元大S&P日圓正2  ,0,0,0,0,0,0,0,0,0,53000,0,0,0,54000,1000,53000,53000
060110,茂林元大99購06  ,0,0,0,0,0,0,0,0,0,53000,0,0,0,70000,17000,53000,53000
060874,中鋼中信02購01  ,0,0,0,0,0,0,0,0,0,53000,0,0,0,60000,7000,53000,53000
063431,神隆元富9B購01  ,0,0,0,0,0,0,0,0,0,53000,0,0,0,1486000,1433000,53000,53000
063839,華通元大9C購02  ,0,0,0,0,0,0,0,0,0,53000,0,0,0,93000,40000,53000,53000
064078,台積電中信06購04,0,0,0,0,0,0,0,0,0,53000,0,0,0,76000,23000,53000,53000
2923,鼎固-KY         ,70000,17028,52972,0,0,0,0,0,0,0,0,0,0,0,0,0,52972
062755,茂林麥證9B購01  ,0,0,0,52000,0,52000,0,0,0,52000,0,0,0,52000,0,52000,52000
061000,旺宏兆豐9A購02  ,0,0,0,0,0,0,0,0,0,52000,0,0,0,52000,0,52000,52000
062126,創意統一9B購01  ,0,0,0,0,0,0,0,0,0,52000,0,0,0,72000,20000,52000,52000
062470,智邦凱基9C購01  ,0,0,0,0,0,0,0,0,0,52000,0,0,0,77000,25000,52000,52000
08395P,燿華永豐9C售02  ,0,0,0,0,0,0,0,0,0,52000,0,0,0,82000,30000,52000,52000
061376,瑞昱永豐9A購02  ,0,0,0,0,0,0,0,0,0,52000,0,0,0,52000,0,52000,52000
054770,健策國票98購01  ,0,0,0,0,0,0,0,0,0,52000,0,0,0,52000,0,52000,52000
056075,瀚宇博元大97購03,0,0,0,0,0,0,0,0,0,52000,0,0,0,158000,106000,52000,52000
063395,金像電群益9B購02,0,0,0,0,0,0,0,0,0,52000,0,0,0,73000,21000,52000,52000
063222,群創群益9B購03  ,0,0,0,0,0,0,0,0,0,52000,0,0,0,98000,46000,52000,52000
057963,緯穎元大98購08  ,0,0,0,0,0,0,0,0,0,52000,0,0,0,53000,1000,52000,52000
059961,T50反1凱基99購09,0,0,0,0,0,0,0,0,0,52000,0,0,0,52000,0,52000,52000
063921,大立光元富9C購03,0,0,0,0,0,0,0,0,0,52000,0,0,0,94000,42000,52000,52000
063576,台表科元大9B購08,0,0,0,0,0,0,0,0,0,52000,0,0,0,57000,5000,52000,52000
064515,中橡群益9C購01  ,0,0,0,0,0,0,0,0,0,52000,0,0,0,52000,0,52000,52000
08119P,南亞科統一9C售03,0,0,0,0,0,0,0,0,0,52000,0,0,0,52000,0,52000,52000
07893P,臺股指國票9B售03,0,0,0,0,0,0,0,0,0,52000,0,0,0,52000,0,52000,52000
07807P,聯茂永豐9A售02  ,0,0,0,0,0,0,0,0,0,52000,0,0,0,52000,0,52000,52000
07424P,大立光元大9B售01,0,0,0,0,0,0,0,0,0,52000,0,0,0,176000,124000,52000,52000
07084P,S&P正2元富9B售02,0,0,0,0,0,0,0,0,0,52000,0,0,0,54000,2000,52000,52000
06880P,鈺齊凱基98售03  ,0,0,0,0,0,0,0,0,0,52000,0,0,0,52000,0,52000,52000
4108,懷特            ,214000,162000,52000,0,0,0,0,0,0,0,0,0,0,0,0,0,52000
061706,旭富國票9A購02  ,0,0,0,0,0,0,0,0,0,51000,0,0,0,72000,21000,51000,51000
08298P,大立光國票9C售01,0,0,0,0,0,0,0,0,0,51000,0,0,0,51000,0,51000,51000
1467,南緯            ,89000,40000,49000,0,0,0,0,0,0,2000,2000,0,2000,0,0,0,51000
2468,華經            ,58000,7000,51000,0,0,0,0,0,0,0,0,0,0,0,0,0,51000
062398,建準永豐9B購01  ,0,0,0,0,0,0,0,0,0,51000,0,0,0,106000,55000,51000,51000
062888,漢唐群益9B購01  ,0,0,0,0,0,0,0,0,0,51000,0,0,0,56000,5000,51000,51000
057477,智邦元大98購09  ,0,0,0,0,0,0,0,0,0,51000,0,0,0,54000,3000,51000,51000
045873,元油2X元富98購04,0,0,0,0,0,0,0,0,0,51000,0,0,0,51000,0,51000,51000
055259,玉晶光統一9A購01,0,0,0,0,0,0,0,0,0,51000,0,0,0,51000,0,51000,51000
060287,燿華元大9A購01  ,0,0,0,0,0,0,0,0,0,51000,0,0,0,347000,296000,51000,51000
060736,旺宏統一01購01  ,0,0,0,0,0,0,0,0,0,51000,0,0,0,56000,5000,51000,51000
058375,群創凱基9B購04  ,0,0,0,0,0,0,0,0,0,51000,0,0,0,56000,5000,51000,51000
058435,旺宏統一9B購02  ,0,0,0,0,0,0,0,0,0,51000,0,0,0,51000,0,51000,51000
063354,茂林元富9B購02  ,0,0,0,0,0,0,0,0,0,51000,0,0,0,136000,85000,51000,51000
057532,智原元大98購03  ,0,0,0,0,0,0,0,0,0,51000,0,0,0,51000,0,51000,51000
058617,南電元大99購01  ,0,0,0,0,0,0,0,0,0,51000,0,0,0,109000,58000,51000,51000
06828P,臺股指國票98售04,0,0,0,0,0,0,0,0,0,51000,0,0,0,51000,0,51000,51000
07089P,臺指2X中信01售01,0,0,0,0,0,0,0,0,0,51000,0,0,0,468000,417000,51000,51000
08205P,智邦凱基9B售03  ,0,0,0,0,0,0,0,0,0,51000,0,0,0,66000,15000,51000,51000
06650P,聯發科元大98售09,0,0,0,0,0,0,0,0,0,51000,0,0,0,55000,4000,51000,51000
6414,樺漢            ,174000,131000,43000,0,0,0,0,0,0,8000,23000,9000,14000,6000,12000,-6000,51000
062183,奇鋐元大9B購01  ,0,0,0,0,0,0,0,0,0,50000,0,0,0,50000,0,50000,50000
062402,台勝科永豐9B購02,0,0,0,0,0,0,0,0,0,50000,0,0,0,50000,0,50000,50000
062575,景碩群益9B購01  ,0,0,0,0,0,0,0,0,0,50000,0,0,0,87000,37000,50000,50000
061935,台積電國票9B購07,0,0,0,0,0,0,0,0,0,50000,0,0,0,50000,0,50000,50000
061419,國巨元大9A購21  ,0,0,0,0,0,0,0,0,0,50000,0,0,0,60000,10000,50000,50000
061138,晶技統一9C購01  ,0,0,0,0,0,0,0,0,0,50000,0,0,0,85000,35000,50000,50000
061829,T50反1凱基9C購02,0,0,0,0,0,0,0,0,0,50000,0,0,0,50000,0,50000,50000
05519P,上証2X凱基98售01,0,0,0,0,0,0,0,0,0,50000,0,0,0,50000,0,50000,50000
052722,群創統一97購02  ,0,0,0,0,0,0,0,0,0,50000,0,0,0,50000,0,50000,50000
049795,華通元大96購02  ,0,0,0,0,0,0,0,0,0,50000,0,0,0,50000,0,50000,50000
051210,S&P反1統一97購01,0,0,0,0,0,0,0,0,0,50000,0,0,0,50000,0,50000,50000
00663L,國泰臺灣加權正2 ,0,40000,-40000,0,0,0,0,0,0,90000,0,0,0,139000,49000,90000,50000
052240,臻鼎國票96購03  ,0,0,0,0,0,0,0,0,0,50000,0,0,0,50000,0,50000,50000
03603P,群創凱基98售04  ,0,0,0,0,0,0,0,0,0,50000,0,0,0,50000,0,50000,50000
053178,南亞科統一98購01,0,0,0,0,0,0,0,0,0,50000,0,0,0,50000,0,50000,50000
054099,TPK國票98購01   ,0,0,0,0,0,0,0,0,0,50000,0,0,0,50000,0,50000,50000
056380,麗豐元富98購01  ,0,0,0,0,0,0,0,0,0,50000,0,0,0,100000,50000,50000,50000
057490,可成元大98購10  ,0,0,0,0,0,0,0,0,0,50000,0,0,0,100000,50000,50000,50000
057141,嘉聯益兆豐99購01,0,0,0,0,0,0,0,0,0,50000,0,0,0,50000,0,50000,50000
056945,鴻海統一98購12  ,0,0,0,0,0,0,0,0,0,50000,0,0,0,50000,0,50000,50000
056726,友達日盛9A購01  ,0,0,0,0,0,0,0,0,0,50000,0,0,0,50000,0,50000,50000
056738,國巨凱基9A購02  ,0,0,0,0,0,0,0,0,0,50000,0,0,0,50000,0,50000,50000
055686,致伸凱基97購02  ,0,0,0,0,0,0,0,0,0,50000,0,0,0,50000,0,50000,50000
057506,聯鈞國票99購02  ,0,0,0,0,0,0,0,0,0,50000,0,0,0,52000,2000,50000,50000
056580,泰鼎元大9A購01  ,0,0,0,0,0,0,0,0,0,50000,0,0,0,50000,0,50000,50000
055773,瑞昱凱基97購03  ,0,0,0,0,0,0,0,0,0,50000,0,0,0,70000,20000,50000,50000
058751,南茂凱基9A購01  ,0,0,0,0,0,0,0,0,0,50000,0,0,0,80000,30000,50000,50000
06038P,國泰金台新96售01,0,0,0,0,0,0,0,0,0,50000,0,0,0,50000,0,50000,50000
057535,泰鼎元大99購01  ,0,0,0,0,0,0,0,0,0,50000,0,0,0,50000,0,50000,50000
059371,聯鈞元富99購02  ,0,0,0,0,0,0,0,0,0,50000,0,0,0,50000,0,50000,50000
059474,元石油群益99購01,0,0,0,0,0,0,0,0,0,50000,0,0,0,50000,0,50000,50000
063404,金像電國票9B購01,0,0,0,0,0,0,0,0,0,50000,0,0,0,72000,22000,50000,50000
063515,香港2X凱基01購01,0,0,0,0,0,0,0,0,0,50000,0,0,0,56000,6000,50000,50000
059266,緯創中信01購01  ,0,0,0,0,0,0,0,0,0,50000,0,0,0,50000,0,50000,50000
058075,貿聯凱基99購02  ,0,0,0,0,0,0,0,0,0,50000,0,0,0,50000,0,50000,50000
060717,康控永豐9A購01  ,0,0,0,0,0,0,0,0,0,50000,0,0,0,60000,10000,50000,50000
060034,立積永豐99購04  ,0,0,0,0,0,0,0,0,0,50000,0,0,0,50000,0,50000,50000
06480P,上銀凱基98售04  ,0,0,0,0,0,0,0,0,0,50000,0,0,0,50000,0,50000,50000
064288,瀚宇博元大9C購02,0,0,0,0,0,0,0,0,0,50000,0,0,0,66000,16000,50000,50000
063566,台光電元大9B購08,0,0,0,0,0,0,0,0,0,50000,0,0,0,70000,20000,50000,50000
06359P,上銀群益97售03  ,0,0,0,0,0,0,0,0,0,50000,0,0,0,50000,0,50000,50000
063734,可成元大9B購04  ,0,0,0,0,0,0,0,0,0,50000,0,0,0,61000,11000,50000,50000
063960,南電元大9C購03  ,0,0,0,0,0,0,0,0,0,50000,0,0,0,118000,68000,50000,50000
063845,旺宏元大9C購03  ,0,0,0,0,0,0,0,0,0,50000,0,0,0,76000,26000,50000,50000
064101,可成群益01購01  ,0,0,0,0,0,0,0,0,0,50000,0,0,0,53000,3000,50000,50000
08199P,大毅元大9B售02  ,0,0,0,0,0,0,0,0,0,50000,0,0,0,50000,0,50000,50000
08082P,台灣50元大9B售21,0,0,0,0,0,0,0,0,0,50000,0,0,0,50000,0,50000,50000
07823P,國巨元大9A售23  ,0,0,0,0,0,0,0,0,0,50000,0,0,0,50000,0,50000,50000
07786P,南電中信9C售01  ,0,0,0,0,0,0,0,0,0,50000,0,0,0,70000,20000,50000,50000
07906P,中租群益9B售02  ,0,0,0,0,0,0,0,0,0,50000,0,0,0,50000,0,50000,50000
07843P,緯穎元大9A售05  ,0,0,0,0,0,0,0,0,0,50000,0,0,0,100000,50000,50000,50000
07925P,台積電凱基9B售05,0,0,0,0,0,0,0,0,0,50000,0,0,0,51000,1000,50000,50000
06925P,致茂群益9A售02  ,0,0,0,0,0,0,0,0,0,50000,0,0,0,105000,55000,50000,50000
06927P,台灣50元大9B售03,0,0,0,0,0,0,0,0,0,50000,0,0,0,60000,10000,50000,50000
06915P,晶技元富98售02  ,0,0,0,0,0,0,0,0,0,50000,0,0,0,50000,0,50000,50000
06896P,信邦中信98售01  ,0,0,0,0,0,0,0,0,0,50000,0,0,0,50000,0,50000,50000
06867P,訊芯元大98售08  ,0,0,0,0,0,0,0,0,0,50000,0,0,0,150000,100000,50000,50000
06739P,聯詠兆豐98售02  ,0,0,0,0,0,0,0,0,0,50000,0,0,0,50000,0,50000,50000
06754P,台積電永豐98售03,0,0,0,0,0,0,0,0,0,50000,0,0,0,50000,0,50000,50000
07404P,華新科凱基99售10,0,0,0,0,0,0,0,0,0,50000,0,0,0,50000,0,50000,50000
07364P,大立光元大99售27,0,0,0,0,0,0,0,0,0,50000,0,0,0,50000,0,50000,50000
07287P,全新群益9B售01  ,0,0,0,0,0,0,0,0,0,50000,0,0,0,50000,0,50000,50000
07325P,台積電元大99售41,0,0,0,0,0,0,0,0,0,50000,0,0,0,50000,0,50000,50000
07121P,華新科凱基99售03,0,0,0,0,0,0,0,0,0,50000,0,0,0,74000,24000,50000,50000
6285,啟碁            ,511000,406000,105000,0,0,0,0,70000,-70000,15000,14000,2000,12000,9000,6000,3000,50000
4916,事欣科          ,81000,41000,40000,0,0,0,0,0,0,10000,10000,0,10000,0,0,0,50000
1808,潤隆            ,66000,17000,49000,0,0,0,0,0,0,0,0,0,0,0,0,0,49000
1783,和康生          ,115000,66000,49000,0,0,0,0,0,0,0,3000,3000,0,0,0,0,49000
08363P,南亞科凱基01售01,0,0,0,0,0,0,0,0,0,49000,0,0,0,49000,0,49000,49000
08369P,鴻海凱基01售04  ,0,0,0,0,0,0,0,0,0,49000,0,0,0,49000,0,49000,49000
062219,燿華統一9B購01  ,0,0,0,0,0,0,0,0,0,49000,0,0,0,2481000,2432000,49000,49000
060245,聯陽元大9C購01  ,0,0,0,0,0,0,0,0,0,49000,0,0,0,50000,1000,49000,49000
05626P,景碩國票97售03  ,0,0,0,0,0,0,0,0,0,49000,0,0,0,99000,50000,49000,49000
054421,臺股指元大99購03,0,0,0,0,0,0,0,0,0,49000,0,0,0,99000,50000,49000,49000
03432B,臺股指凱基98熊13,0,0,0,0,0,0,0,0,0,49000,0,0,0,58000,9000,49000,49000
053082,聯電元大98購03  ,0,0,0,0,0,0,0,0,0,49000,0,0,0,70000,21000,49000,49000
057793,群創統一99購02  ,0,0,0,0,0,0,0,0,0,49000,0,0,0,70000,21000,49000,49000
07507P,國巨國票9B售02  ,0,0,0,0,0,0,0,0,0,49000,0,0,0,50000,1000,49000,49000
07568P,鴻海凱基9A售22  ,0,0,0,0,0,0,0,0,0,49000,0,0,0,59000,10000,49000,49000
06983P,台積電國泰9A售02,0,0,0,0,0,0,0,0,0,49000,0,0,0,98000,49000,49000,49000
08259P,華新科元大9C售04,0,0,0,0,0,0,0,0,0,49000,0,0,0,49000,0,49000,49000
064033,茂林元大9C購02  ,0,0,0,0,0,0,0,0,0,49000,0,0,0,50000,1000,49000,49000
063739,台勝科元大9B購03,0,0,0,0,0,0,0,0,0,49000,0,0,0,124000,75000,49000,49000
3023,信邦            ,406000,364664,41336,0,0,0,0,0,0,7000,32000,19000,13000,6000,12000,-6000,48336
062086,瑞祺元大9B購01  ,0,0,0,0,0,0,0,0,0,48000,0,0,0,82000,34000,48000,48000
062920,康友元大9B購01  ,0,0,0,0,0,0,0,0,0,48000,0,0,0,57000,9000,48000,48000
06182P,群創兆豐97售03  ,0,0,0,0,0,0,0,0,0,48000,0,0,0,60000,12000,48000,48000
061868,旺宏元大9B購03  ,0,0,0,0,0,0,0,0,0,48000,0,0,0,60000,12000,48000,48000
062529,可成統一9C購03  ,0,0,0,0,0,0,0,0,0,48000,0,0,0,48000,0,48000,48000
051431,群創元富99購02  ,0,0,0,0,0,0,0,0,0,48000,0,0,0,163000,115000,48000,48000
054272,華通中信98購01  ,0,0,0,0,0,0,0,0,0,48000,0,0,0,50000,2000,48000,48000
056308,TPK元大97購02   ,0,0,0,0,0,0,0,0,0,48000,0,0,0,115000,67000,48000,48000
059288,旺宏元富99購03  ,0,0,0,0,0,0,0,0,0,48000,0,0,0,50000,2000,48000,48000
060158,廣達永豐9A購01  ,0,0,0,0,0,0,0,0,0,48000,0,0,0,50000,2000,48000,48000
060696,道瓊反國泰9C購01,0,0,0,0,0,0,0,0,0,48000,0,0,0,250000,202000,48000,48000
063737,大立光元大9C購07,0,0,0,0,0,0,0,0,0,48000,0,0,0,48000,0,48000,48000
064286,TPK元大9C購02   ,0,0,0,0,0,0,0,0,0,48000,0,0,0,219000,171000,48000,48000
07553P,嘉晶元大9A售02  ,0,0,0,0,0,0,0,0,0,48000,0,0,0,133000,85000,48000,48000
4722,國精化          ,98000,48000,50000,0,0,0,0,0,0,-2000,0,2000,-2000,0,0,0,48000
6715,嘉基            ,84000,40000,44000,0,0,0,4000,0,4000,0,0,0,0,0,0,0,48000
08301P,台積電兆豐9C售02,0,0,0,0,0,0,0,0,0,47000,0,0,0,149000,102000,47000,47000
061955,FANG+統一9B購01 ,0,0,0,0,0,0,0,0,0,47000,0,0,0,47000,0,47000,47000
2433,互盛電          ,50000,7000,43000,0,0,0,0,0,0,4000,4000,0,4000,0,0,0,47000
2430,燦坤            ,49000,3000,46000,0,0,0,0,0,0,1000,1000,0,1000,0,0,0,47000
061075,亞德客兆豐9A購01,0,0,0,0,0,0,0,0,0,47000,0,0,0,76000,29000,47000,47000
062655,漢唐永豐9B購01  ,0,0,0,0,0,0,0,0,0,47000,0,0,0,105000,58000,47000,47000
061530,智邦台新9A購02  ,0,0,0,0,0,0,0,0,0,47000,0,0,0,52000,5000,47000,47000
05361P,聯發科富邦97售01,0,0,0,0,0,0,0,0,0,47000,0,0,0,67000,20000,47000,47000
060251,易華電元大9C購01,0,0,0,0,0,0,0,0,0,47000,0,0,0,117000,70000,47000,47000
056103,聯發科永豐97購03,0,0,0,0,0,0,0,0,0,47000,0,0,0,49000,2000,47000,47000
056503,楠梓電永豐98購01,0,0,0,0,0,0,0,0,0,47000,0,0,0,47000,0,47000,47000
060073,台積電元富99購03,0,0,0,0,0,0,0,0,0,47000,0,0,0,64000,17000,47000,47000
07557P,玉晶光元大9A售09,0,0,0,0,0,0,0,0,0,47000,0,0,0,52000,5000,47000,47000
06686P,麗豐永豐98售02  ,0,0,0,0,0,0,0,0,0,47000,0,0,0,47000,0,47000,47000
08234P,華擎元富9B售03  ,0,0,0,0,0,0,0,0,0,47000,0,0,0,302000,255000,47000,47000
062044,健策凱基9B購02  ,0,0,0,0,0,0,0,0,0,47000,0,0,0,55000,8000,47000,47000
08093P,英業達元富9B售02,0,0,0,0,0,0,0,0,0,47000,0,0,0,111000,64000,47000,47000
08060P,嘉澤元大9B售01  ,0,0,0,0,0,0,0,0,0,47000,0,0,0,190000,143000,47000,47000
07957P,晶技群益9B售02  ,0,0,0,0,0,0,0,0,0,47000,0,0,0,47000,0,47000,47000
06496P,台灣50日盛98售01,0,0,0,0,0,0,0,0,0,47000,0,0,0,657000,610000,47000,47000
06568P,國巨永豐98售05  ,0,0,0,0,0,0,0,0,0,47000,0,0,0,47000,0,47000,47000
062327,燿華統一9B購02  ,0,0,0,0,0,0,0,0,0,46000,0,0,0,751000,705000,46000,46000
2009,第一銅          ,47000,1000,46000,0,0,0,0,0,0,0,0,0,0,0,0,0,46000
08375P,聯電元富9C售02  ,0,0,0,0,0,0,0,0,0,46000,0,0,0,171000,125000,46000,46000
062557,台光電凱基9B購02,0,0,0,0,0,0,0,0,0,46000,0,0,0,88000,42000,46000,46000
055382,台郡元大99購01  ,0,0,0,0,0,0,0,0,0,46000,0,0,0,50000,4000,46000,46000
060921,中橡永豐9A購02  ,0,0,0,0,0,0,0,0,0,46000,0,0,0,87000,41000,46000,46000
055305,旺宏群益99購01  ,0,0,0,0,0,0,0,0,0,46000,0,0,0,51000,5000,46000,46000
054100,致伸國票97購03  ,0,0,0,0,0,0,0,0,0,46000,0,0,0,46000,0,46000,46000
052488,旺宏國票96購03  ,0,0,0,0,0,0,0,0,0,46000,0,0,0,46000,0,46000,46000
063415,台積電凱基03購01,0,0,0,0,0,0,0,0,0,46000,0,0,0,87000,41000,46000,46000
06553P,訊芯元大98售05  ,0,0,0,0,0,0,0,0,0,46000,0,0,0,150000,104000,46000,46000
064616,智邦元大9C購04  ,0,0,0,0,0,0,0,0,0,46000,0,0,0,125000,79000,46000,46000
063727,鴻海元大9C購05  ,0,0,0,0,0,0,0,0,0,46000,0,0,0,46000,0,46000,46000
063681,深中小永豐9B購01,0,0,0,0,0,0,0,0,0,46000,0,0,0,46000,0,46000,46000
063622,健策兆豐9B購01  ,0,0,0,0,0,0,0,0,0,46000,0,0,0,116000,70000,46000,46000
07805P,義隆永豐9A售02  ,0,0,0,0,0,0,0,0,0,46000,0,0,0,88000,42000,46000,46000
07667P,亞德客元大9A售05,0,0,0,0,0,0,0,0,0,46000,0,0,0,208000,162000,46000,46000
08017P,華新科國票9B售01,0,0,0,0,0,0,0,0,0,46000,0,0,0,46000,0,46000,46000
07057P,大立光康和9B售02,0,0,0,0,0,0,0,0,0,46000,0,0,0,50000,4000,46000,46000
07415P,台積電元大99售52,0,0,0,0,0,0,0,0,0,46000,0,0,0,74000,28000,46000,46000
8422,可寧衛          ,57000,36000,21000,0,0,0,25000,0,25000,0,0,0,0,0,0,0,46000
6477,安集            ,59000,12000,47000,0,0,0,0,1000,-1000,0,0,0,0,0,0,0,46000
6215,和椿            ,50000,9000,41000,0,0,0,0,0,0,5000,5000,0,5000,0,0,0,46000
3622,洋華            ,56000,26000,30000,0,0,0,0,0,0,16000,16000,0,16000,0,0,0,46000
2108,南帝            ,280000,326000,-46000,0,0,0,0,0,0,91000,91000,0,91000,0,0,0,45000
061173,T50反1凱基04購01,0,0,0,0,0,0,0,0,0,45000,0,0,0,50000,5000,45000,45000
050992,台積電元大97購01,0,0,0,0,0,0,0,0,0,45000,0,0,0,45000,0,45000,45000
063148,建準元富9B購01  ,0,0,0,0,0,0,0,0,0,45000,0,0,0,90000,45000,45000,45000
060501,鴻海元大9A購13  ,0,0,0,0,0,0,0,0,0,45000,0,0,0,45000,0,45000,45000
058781,康友國票9A購01  ,0,0,0,0,0,0,0,0,0,45000,0,0,0,58000,13000,45000,45000
059919,宏達電元大99購06,0,0,0,0,0,0,0,0,0,45000,0,0,0,130000,85000,45000,45000
060742,臺指反國票9B購02,0,0,0,0,0,0,0,0,0,45000,0,0,0,60000,15000,45000,45000
058434,旺宏統一9B購01  ,0,0,0,0,0,0,0,0,0,45000,0,0,0,45000,0,45000,45000
058378,南電凱基99購01  ,0,0,0,0,0,0,0,0,0,45000,0,0,0,62000,17000,45000,45000
060856,健策富邦9B購02  ,0,0,0,0,0,0,0,0,0,45000,0,0,0,63000,18000,45000,45000
07361P,聯發科元大99售34,0,0,0,0,0,0,0,0,0,45000,0,0,0,45000,0,45000,45000
07563P,台灣50中信04售01,0,0,0,0,0,0,0,0,0,45000,0,0,0,45000,0,45000,45000
07259P,滬深2X國票01售01,0,0,0,0,0,0,0,0,0,45000,0,0,0,45000,0,45000,45000
07102P,南電元大99售03  ,0,0,0,0,0,0,0,0,0,45000,0,0,0,96000,51000,45000,45000
06803P,臺股指群益98售09,0,0,0,0,0,0,0,0,0,45000,0,0,0,45000,0,45000,45000
08092P,仁寶元富9B售02  ,0,0,0,0,0,0,0,0,0,45000,0,0,0,104000,59000,45000,45000
07700P,臺股指元大9A售53,0,0,0,0,0,0,0,0,0,45000,0,0,0,45000,0,45000,45000
07923P,元金2X凱基02售02,0,0,0,0,0,0,0,0,0,45000,0,0,0,95000,50000,45000,45000
063859,國巨國泰01購03  ,0,0,0,0,0,0,0,0,0,45000,0,0,0,115000,70000,45000,45000
063920,大立光元富03購02,0,0,0,0,0,0,0,0,0,45000,0,0,0,52000,7000,45000,45000
063931,牧德統一01購02  ,0,0,0,0,0,0,0,0,0,45000,0,0,0,55000,10000,45000,45000
064181,景碩富邦9C購01  ,0,0,0,0,0,0,0,0,0,45000,0,0,0,113000,68000,45000,45000
6108,競國            ,106000,69000,37000,0,0,0,0,0,0,8000,14000,6000,8000,0,0,0,45000
6189,豐藝            ,104000,68000,36000,0,0,0,0,0,0,9000,9000,0,9000,0,0,0,45000
6605,帝寶            ,58000,14000,44000,0,0,0,0,0,0,1000,1000,0,1000,0,0,0,45000
9939,宏全            ,109000,91000,18000,0,0,0,0,0,0,27000,21000,4000,17000,11000,1000,10000,45000
6183,關貿            ,87000,47290,39710,0,0,0,0,0,0,5000,5000,0,5000,0,0,0,44710
6415,矽力-KY         ,286939,264415,22524,0,0,0,24000,0,24000,-2000,1000,1000,0,0,2000,-2000,44524
061032,金像電永豐9A購03,0,0,0,0,0,0,0,0,0,44000,0,0,0,95000,51000,44000,44000
2038,海光            ,64000,20000,44000,0,0,0,0,0,0,0,0,0,0,0,0,0,44000
2013,中鋼構          ,162000,122000,40000,0,0,0,0,0,0,4000,4000,0,4000,0,0,0,44000
06177P,玉晶光元大98售07,0,0,0,0,0,0,0,0,0,44000,0,0,0,96000,52000,44000,44000
053979,健策元大98購01  ,0,0,0,0,0,0,0,0,0,44000,0,0,0,44000,0,44000,44000
053396,漢唐中信9A購01  ,0,0,0,0,0,0,0,0,0,44000,0,0,0,50000,6000,44000,44000
060889,國泰金統一9C購01,0,0,0,0,0,0,0,0,0,44000,0,0,0,216000,172000,44000,44000
056026,智易群益97購01  ,0,0,0,0,0,0,0,0,0,44000,0,0,0,44000,0,44000,44000
057437,可成國票99購01  ,0,0,0,0,0,0,0,0,0,44000,0,0,0,158000,114000,44000,44000
057050,群創元大99購03  ,0,0,0,0,0,0,0,0,0,44000,0,0,0,44000,0,44000,44000
058632,世紀鋼國票9A購01,0,0,0,0,0,0,0,0,0,44000,0,0,0,57000,13000,44000,44000
063238,漢唐元大9B購02  ,0,0,0,0,0,0,0,0,0,44000,0,0,0,100000,56000,44000,44000
063524,瑞昱凱基9B購05  ,0,0,0,0,0,0,0,0,0,44000,0,0,0,76000,32000,44000,44000
063464,廣達元大9B購02  ,0,0,0,0,0,0,0,0,0,44000,0,0,0,44000,0,44000,44000
064625,健策元大01購02  ,0,0,0,0,0,0,0,0,0,44000,0,0,0,123000,79000,44000,44000
06391P,上銀中信97售03  ,0,0,0,0,0,0,0,0,0,44000,0,0,0,50000,6000,44000,44000
064001,華通凱基02購01  ,0,0,0,0,0,0,0,0,0,44000,0,0,0,46000,2000,44000,44000
3024,憶聲            ,61000,18000,43000,0,0,0,0,0,0,1000,1000,0,1000,0,0,0,44000
061947,旺宏群益9B購02  ,0,0,0,0,0,0,0,0,0,43000,0,0,0,43000,0,43000,43000
061907,裕隆中信9B購01  ,0,0,0,0,0,0,0,0,0,43000,0,0,0,58000,15000,43000,43000
08337P,台灣50凱基01售15,0,0,0,0,0,0,0,0,0,43000,0,0,0,43000,0,43000,43000
08344P,旺宏元大01售02  ,0,0,0,0,0,0,0,0,0,43000,0,0,0,52000,9000,43000,43000
1708,東鹼            ,80000,33000,47000,0,0,0,0,0,0,-4000,7000,11000,-4000,0,0,0,43000
1464,得力            ,203000,161000,42000,0,0,0,0,0,0,1000,1000,0,1000,2000,2000,0,43000
055605,緯穎元大97購02  ,0,0,0,0,0,0,0,0,0,43000,0,0,0,43000,0,43000,43000
053506,南茂兆豐97購01  ,0,0,0,0,0,0,0,0,0,43000,0,0,0,43000,0,43000,43000
057243,樺漢凱基99購01  ,0,0,0,0,0,0,0,0,0,43000,0,0,0,46000,3000,43000,43000
057669,嘉晶元大99購03  ,0,0,0,0,0,0,0,0,0,43000,0,0,0,53000,10000,43000,43000
060493,美律元富01購01  ,0,0,0,0,0,0,0,0,0,43000,0,0,0,188000,145000,43000,43000
057931,正崴群益98購02  ,0,0,0,0,0,0,0,0,0,43000,0,0,0,150000,107000,43000,43000
059865,國巨凱基01購01  ,0,0,0,0,0,0,0,0,0,43000,0,0,0,196000,153000,43000,43000
06549P,大立光元大98售11,0,0,0,0,0,0,0,0,0,43000,0,0,0,43000,0,43000,43000
06667P,鴻海凱基98售11  ,0,0,0,0,0,0,0,0,0,43000,0,0,0,62000,19000,43000,43000
064234,正崴統一01購01  ,0,0,0,0,0,0,0,0,0,43000,0,0,0,174000,131000,43000,43000
064313,嘉晶群益9C購02  ,0,0,0,0,0,0,0,0,0,43000,0,0,0,123000,80000,43000,43000
07935P,臺股指國票9B售07,0,0,0,0,0,0,0,0,0,43000,0,0,0,43000,0,43000,43000
07954P,台表科元大9B售02,0,0,0,0,0,0,0,0,0,43000,0,0,0,43000,0,43000,43000
07131P,緯穎元大99售06  ,0,0,0,0,0,0,0,0,0,43000,0,0,0,43000,0,43000,43000
07399P,鴻海凱基99售19  ,0,0,0,0,0,0,0,0,0,43000,0,0,0,43000,0,43000,43000
2355,敬鵬            ,349000,254000,95000,0,0,0,0,0,0,-53000,15000,68000,-53000,0,0,0,42000
061205,旺宏元大9A購11  ,0,0,0,0,0,0,0,0,0,42000,0,0,0,139000,97000,42000,42000
062860,華擎國票9B購02  ,0,0,0,0,0,0,0,0,0,42000,0,0,0,43000,1000,42000,42000
062393,智邦富邦9B購01  ,0,0,0,0,0,0,0,0,0,42000,0,0,0,176000,134000,42000,42000
062113,瑞祺國票9B購01  ,0,0,0,0,0,0,0,0,0,42000,0,0,0,70000,28000,42000,42000
062479,TPK國票9B購01   ,0,0,0,0,0,0,0,0,0,42000,0,0,0,68000,26000,42000,42000
062628,廣達國票9B購01  ,0,0,0,0,0,0,0,0,0,42000,0,0,0,42000,0,42000,42000
056441,燿華凱基98購01  ,0,0,0,0,0,0,0,0,0,42000,0,0,0,112000,70000,42000,42000
058248,聯茂元大99購05  ,0,0,0,0,0,0,0,0,0,42000,0,0,0,61000,19000,42000,42000
059469,智邦元大99購03  ,0,0,0,0,0,0,0,0,0,42000,0,0,0,65000,23000,42000,42000
058786,元黃金元大99購01,0,0,0,0,0,0,0,0,0,42000,0,0,0,50000,8000,42000,42000
063491,國巨富邦02購02  ,0,0,0,0,0,0,0,0,0,42000,0,0,0,101000,59000,42000,42000
07358P,鴻海元大99售39  ,0,0,0,0,0,0,0,0,0,42000,0,0,0,60000,18000,42000,42000
06889P,臺股指元大98售13,0,0,0,0,0,0,0,0,0,42000,0,0,0,155000,113000,42000,42000
07100P,華航元大99售01  ,0,0,0,0,0,0,0,0,0,42000,0,0,0,60000,18000,42000,42000
07039P,南電台新99售01  ,0,0,0,0,0,0,0,0,0,42000,0,0,0,42000,0,42000,42000
07964P,大立光統一9B售12,0,0,0,0,0,0,0,0,0,42000,0,0,0,62000,20000,42000,42000
064489,宏碁元大9C購01  ,0,0,0,0,0,0,0,0,0,42000,0,0,0,76000,34000,42000,42000
063570,嘉晶元大9C購02  ,0,0,0,0,0,0,0,0,0,42000,0,0,0,138000,96000,42000,42000
4989,榮科            ,53000,16000,37000,0,0,0,0,0,0,5000,5000,0,5000,0,0,0,42000
06268P,聯詠凱基97售02  ,0,0,0,0,0,0,0,0,0,41000,0,0,0,41000,0,41000,41000
063130,聯茂元大9B購02  ,0,0,0,0,0,0,0,0,0,41000,0,0,0,100000,59000,41000,41000
06161P,聯發科群益97售03,0,0,0,0,0,0,0,0,0,41000,0,0,0,41000,0,41000,41000
1472,三洋紡          ,68000,27000,41000,0,0,0,0,0,0,0,0,0,0,0,0,0,41000
1463,強盛            ,34000,5000,29000,0,0,0,0,0,0,12000,12000,0,12000,0,0,0,41000
062011,上銀富邦9C購01  ,0,0,0,0,0,0,0,0,0,41000,0,0,0,65000,24000,41000,41000
056438,旺宏凱基98購05  ,0,0,0,0,0,0,0,0,0,41000,0,0,0,41000,0,41000,41000
055335,健策兆豐98購01  ,0,0,0,0,0,0,0,0,0,41000,0,0,0,42000,1000,41000,41000
056670,樺漢國票99購01  ,0,0,0,0,0,0,0,0,0,41000,0,0,0,41000,0,41000,41000
054912,群光凱基97購01  ,0,0,0,0,0,0,0,0,0,41000,0,0,0,51000,10000,41000,41000
054420,緯穎元大96購08  ,0,0,0,0,0,0,0,0,0,41000,0,0,0,66000,25000,41000,41000
058586,鴻海中信01購02  ,0,0,0,0,0,0,0,0,0,41000,0,0,0,137000,96000,41000,41000
058780,牧德國票9A購01  ,0,0,0,0,0,0,0,0,0,41000,0,0,0,41000,0,41000,41000
058616,台虹元大9A購01  ,0,0,0,0,0,0,0,0,0,41000,0,0,0,41000,0,41000,41000
060346,華新科統一01購01,0,0,0,0,0,0,0,0,0,41000,0,0,0,51000,10000,41000,41000
06009P,宏達電元富96售03,0,0,0,0,0,0,0,0,0,41000,0,0,0,41000,0,41000,41000
057743,華擎永豐98購03  ,0,0,0,0,0,0,0,0,0,41000,0,0,0,217000,176000,41000,41000
063950,信邦元大9C購01  ,0,0,0,0,0,0,0,0,0,41000,0,0,0,50000,9000,41000,41000
064411,台表科凱基02購01,0,0,0,0,0,0,0,0,0,41000,0,0,0,93000,52000,41000,41000
064243,TPK統一02購02   ,0,0,0,0,0,0,0,0,0,41000,0,0,0,57000,16000,41000,41000
064222,玉山金國票01購01,0,0,0,0,0,0,0,0,0,41000,0,0,0,45000,4000,41000,41000
06813P,友訊元富98售03  ,0,0,0,0,0,0,0,0,0,41000,0,0,0,117000,76000,41000,41000
06797P,臺股指凱基98售07,0,0,0,0,0,0,0,0,0,41000,0,0,0,41000,0,41000,41000
07128P,大毅元大99售04  ,0,0,0,0,0,0,0,0,0,41000,0,0,0,141000,100000,41000,41000
08345P,大立光元大9C售14,0,0,0,0,0,0,0,0,0,40000,0,0,0,40000,0,40000,40000
08370P,台積電凱基01售06,0,0,0,0,0,0,0,0,0,40000,0,0,0,50000,10000,40000,40000
063081,技嘉凱基9B購02  ,0,0,0,0,0,0,0,0,0,40000,0,0,0,94000,54000,40000,40000
062190,瀚宇博元大9B購01,0,0,0,0,0,0,0,0,0,40000,0,0,0,48000,8000,40000,40000
062590,亞光統一9B購01  ,0,0,0,0,0,0,0,0,0,40000,0,0,0,40000,0,40000,40000
060989,國泰金元大9A購02,0,0,0,0,0,0,0,0,0,40000,0,0,0,55000,15000,40000,40000
062395,台表科富邦9C購01,0,0,0,0,0,0,0,0,0,40000,0,0,0,87000,47000,40000,40000
054449,中環第一96購01  ,0,0,0,0,0,0,0,0,0,40000,0,0,0,40000,0,40000,40000
054312,TPK凱基98購01   ,0,0,0,0,0,0,0,0,0,40000,0,0,0,240000,200000,40000,40000
057324,億光群益98購01  ,0,0,0,0,0,0,0,0,0,40000,0,0,0,40000,0,40000,40000
054101,茂林國票97購04  ,0,0,0,0,0,0,0,0,0,40000,0,0,0,40000,0,40000,40000
054128,台積電元大97購10,0,0,0,0,0,0,0,0,0,40000,0,0,0,40000,0,40000,40000
056323,旺宏兆豐98購01  ,0,0,0,0,0,0,0,0,0,40000,0,0,0,70000,30000,40000,40000
047420,全新富邦97購01  ,0,0,0,0,0,0,0,0,0,40000,0,0,0,40000,0,40000,40000
041990,A50正2國票97購01,0,0,0,0,0,0,0,0,0,40000,0,0,0,90000,50000,40000,40000
058164,FBVIX凱基03購02 ,0,0,0,0,0,0,0,0,0,40000,0,0,0,42000,2000,40000,40000
056538,國泰金凱基98購01,0,0,0,0,0,0,0,0,0,40000,0,0,0,50000,10000,40000,40000
055644,致茂元富97購01  ,0,0,0,0,0,0,0,0,0,40000,0,0,0,40000,0,40000,40000
055438,鴻海國票98購01  ,0,0,0,0,0,0,0,0,0,40000,0,0,0,390000,350000,40000,40000
058000,FBVIX群益9B購01 ,0,0,0,0,0,0,0,0,0,40000,0,0,0,40000,0,40000,40000
060288,群光元大9C購01  ,0,1000,-1000,0,0,0,0,0,0,41000,0,0,0,119000,78000,41000,40000
06060P,玉晶光元大97售03,0,0,0,0,0,0,0,0,0,40000,0,0,0,40000,0,40000,40000
05880P,創意康和96售01  ,0,0,0,0,0,0,0,0,0,40000,0,0,0,50000,10000,40000,40000
060468,聯鈞元大9A購02  ,0,0,0,0,0,0,0,0,0,40000,0,0,0,53000,13000,40000,40000
07939P,台積電統一9B售14,0,0,0,0,0,0,0,0,0,40000,0,0,0,40000,0,40000,40000
07988P,台積電台新9C售03,0,0,0,0,0,0,0,0,0,40000,0,0,0,40000,0,40000,40000
07658P,國泰金凱基9A售01,0,0,0,0,0,0,0,0,0,40000,0,0,0,40000,0,40000,40000
07811P,華新科統一9A售02,0,0,0,0,0,0,0,0,0,40000,0,0,0,188000,148000,40000,40000
07756P,台灣50國票04售01,0,0,0,0,0,0,0,0,0,40000,0,0,0,42000,2000,40000,40000
08161P,台表科元富9B售02,0,0,0,0,0,0,0,0,0,40000,0,0,0,80000,40000,40000,40000
062045,崇越凱基9B購01  ,0,0,0,0,0,0,0,0,0,40000,0,0,0,40000,0,40000,40000
064487,和大元大9C購01  ,0,0,0,0,0,0,0,0,0,40000,0,0,0,234000,194000,40000,40000
06632P,創意群益98售03  ,0,0,0,0,0,0,0,0,0,40000,0,0,0,50000,10000,40000,40000
063601,金像電凱基01購01,0,0,0,0,0,0,0,0,0,40000,0,0,0,40000,0,40000,40000
063717,宏達電兆豐9B購02,0,0,0,0,0,0,0,0,0,40000,0,0,0,40000,0,40000,40000
062098,億光永豐9B購01  ,0,0,0,0,0,0,0,0,0,39000,0,0,0,39000,0,39000,39000
062343,中石化群益9B購01,0,0,0,0,0,0,0,0,0,39000,0,0,0,39000,0,39000,39000
062210,聯發科台新9B購01,0,0,0,0,0,0,0,0,0,39000,0,0,0,39000,0,39000,39000
062780,旺宏元大01購01  ,0,0,0,0,0,0,0,0,0,39000,0,0,0,108000,69000,39000,39000
08354P,旺宏元大9C售05  ,0,0,0,0,0,0,0,0,0,39000,0,0,0,51000,12000,39000,39000
061431,鈺齊元大9A購01  ,0,0,0,0,0,0,0,0,0,39000,0,0,0,64000,25000,39000,39000
059075,FBVIX元大99購01 ,0,0,0,0,0,0,0,0,0,39000,0,0,0,136000,97000,39000,39000
052927,友達元大98購02  ,0,0,0,0,0,0,0,0,0,39000,0,0,0,39000,0,39000,39000
00685L,群益臺灣加權正2 ,0,0,0,0,0,0,0,0,0,39000,0,0,0,55000,16000,39000,39000
058820,致茂國泰9B購01  ,0,0,0,0,0,0,0,0,0,39000,0,0,0,79000,40000,39000,39000
058246,帆宣元大99購01  ,0,0,0,0,0,0,0,0,0,39000,0,0,0,110000,71000,39000,39000
060959,金像電凱基9A購01,0,0,0,0,0,0,0,0,0,39000,0,0,0,143000,104000,39000,39000
060123,光罩永豐99購02  ,0,0,0,0,0,0,0,0,0,39000,0,0,0,39000,0,39000,39000
060302,台積電富邦02購01,0,0,0,0,0,0,0,0,0,39000,0,0,0,257000,218000,39000,39000
058033,景碩永豐98購02  ,0,0,0,0,0,0,0,0,0,39000,0,0,0,42000,3000,39000,39000
063600,燿華凱基9B購04  ,0,0,0,0,0,0,0,0,0,39000,0,0,0,267000,228000,39000,39000
06501P,臺股指元大9A售06,0,0,0,0,0,0,0,0,0,39000,0,0,0,39000,0,39000,39000
07932P,國巨元大9B售04  ,0,0,0,0,0,0,0,0,0,39000,0,0,0,48000,9000,39000,39000
07467P,上銀元大9A售03  ,0,0,0,0,0,0,0,0,0,39000,0,0,0,50000,11000,39000,39000
9136,巨騰-DR         ,283000,459000,-176000,0,0,0,0,0,0,215000,215000,0,215000,0,0,0,39000
061023,茂林國泰9B購02  ,0,0,0,0,0,0,0,0,0,38000,0,0,0,47000,9000,38000,38000
055220,緯穎凱基98購02  ,0,0,0,0,0,0,0,0,0,38000,0,0,0,38000,0,38000,38000
058118,瑞昱群益99購01  ,0,0,0,0,0,0,0,0,0,38000,0,0,0,38000,0,38000,38000
055468,智邦凱基97購04  ,0,0,0,0,0,0,0,0,0,38000,0,0,0,38000,0,38000,38000
055324,TPK國票98購03   ,0,0,0,0,0,0,0,0,0,38000,0,0,0,38000,0,38000,38000
059977,鴻海元大99購40  ,0,0,0,0,0,0,0,0,0,38000,0,0,0,38000,0,38000,38000
059092,聯陽元大99購01  ,0,0,0,0,0,0,0,0,0,38000,0,0,0,40000,2000,38000,38000
060326,群光群益9A購01  ,0,0,0,0,0,0,0,0,0,38000,0,0,0,43000,5000,38000,38000
058942,南茂中信99購01  ,0,0,0,0,0,0,0,0,0,38000,0,0,0,96000,58000,38000,38000
058977,SGBR2X凱基03購01,0,0,0,0,0,0,0,0,0,38000,0,0,0,118000,80000,38000,38000
057589,超眾國票9A購01  ,0,0,0,0,0,0,0,0,0,38000,0,0,0,38000,0,38000,38000
07457P,宏達電元大9A售01,0,0,0,0,0,0,0,0,0,38000,0,0,0,42000,4000,38000,38000
07134P,臺股指元大9A售28,0,0,0,0,0,0,0,0,0,38000,0,0,0,61000,23000,38000,38000
07093P,台積電凱基99售07,0,0,0,0,0,0,0,0,0,38000,0,0,0,59000,21000,38000,38000
07014P,華通元大99售04  ,0,0,0,0,0,0,0,0,0,38000,0,0,0,111000,73000,38000,38000
08167P,台積電兆豐9B售04,0,0,0,0,0,0,0,0,0,38000,0,0,0,38000,0,38000,38000
08142P,國巨凱基9B售13  ,0,0,0,0,0,0,0,0,0,38000,0,0,0,38000,0,38000,38000
08018P,牧德國票9B售04  ,0,0,0,0,0,0,0,0,0,38000,0,0,0,38000,0,38000,38000
063832,矽創國票01購01  ,0,0,0,0,0,0,0,0,0,38000,0,0,0,38000,0,38000,38000
061200,道瓊反元大9A購06,0,0,0,0,0,0,0,0,0,37000,0,0,0,50000,13000,37000,37000
061249,億豐群益9A購01  ,0,0,0,0,0,0,0,0,0,37000,0,0,0,37000,0,37000,37000
062955,立積永豐9B購02  ,0,0,0,0,0,0,0,0,0,37000,0,0,0,138000,101000,37000,37000
061151,友訊群益9A購01  ,0,0,0,0,0,0,0,0,0,37000,0,0,0,123000,86000,37000,37000
061673,仁寶元大9B購01  ,0,0,0,0,0,0,0,0,0,37000,0,0,0,325000,288000,37000,37000
1517,利奇            ,53000,16000,37000,0,0,0,0,0,0,0,0,0,0,0,0,0,37000
057458,TPK富邦9A購01   ,0,0,0,0,0,0,0,0,0,37000,0,0,0,37000,0,37000,37000
06090P,旺宏統一97售06  ,0,0,0,0,0,0,0,0,0,37000,0,0,0,37000,0,37000,37000
056051,T50反1元大97購05,0,0,0,0,0,0,0,0,0,37000,0,0,0,37000,0,37000,37000
057285,群創元大98購07  ,0,0,0,0,0,0,0,0,0,37000,0,0,0,37000,0,37000,37000
058264,瑞昱永豐99購01  ,0,0,0,0,0,0,0,0,0,37000,0,0,0,37000,0,37000,37000
058074,欣興凱基99購01  ,0,0,0,0,0,0,0,0,0,37000,0,0,0,80000,43000,37000,37000
057824,日月光元大98購01,0,0,0,0,0,0,0,0,0,37000,0,0,0,116000,79000,37000,37000
064081,國產中信06購01  ,0,0,0,0,0,0,0,0,0,37000,0,0,0,90000,53000,37000,37000
063703,晶豪科群益9B購02,0,0,0,0,0,0,0,0,0,37000,0,0,0,37000,0,37000,37000
06627P,華新科元富99售01,0,0,0,0,0,0,0,0,0,37000,0,0,0,43000,6000,37000,37000
08058P,華新科元大9B售10,0,0,0,0,0,0,0,0,0,37000,0,0,0,37000,0,37000,37000
08128P,聯發科元大9B售22,0,0,0,0,0,0,0,0,0,37000,0,0,0,40000,3000,37000,37000
07933P,大立光富邦9C售06,0,0,0,0,0,0,0,0,0,37000,0,0,0,57000,20000,37000,37000
07749P,台郡凱基9A售01  ,0,0,0,0,0,0,0,0,0,37000,0,0,0,37000,0,37000,37000
07763P,嘉澤永豐9A售02  ,0,0,0,0,0,0,0,0,0,37000,0,0,0,37000,0,37000,37000
5519,隆大            ,215000,191000,24000,0,0,0,0,0,0,13000,13000,0,13000,0,0,0,37000
08341P,國泰金台新9C售01,0,0,0,0,0,0,0,0,0,36000,0,0,0,78000,42000,36000,36000
2017,官田鋼          ,61000,25000,36000,0,0,0,0,0,0,0,0,0,0,0,0,0,36000
2731,雄獅            ,90000,54000,36000,0,0,0,0,0,0,0,0,0,0,0,0,0,36000
061394,FBVIX統一9B購01 ,0,0,0,0,0,0,0,0,0,36000,0,0,0,70000,34000,36000,36000
062514,玉晶光國票9C購02,0,0,0,0,0,0,0,0,0,36000,0,0,0,41000,5000,36000,36000
061307,和潤永豐9A購02  ,0,0,0,0,0,0,0,0,0,36000,0,0,0,116000,80000,36000,36000
062258,奇力新元大9B購03,0,0,0,0,0,0,0,0,0,36000,0,0,0,36000,0,36000,36000
05627P,致伸國票97售01  ,0,0,0,0,0,0,0,0,0,36000,0,0,0,36000,0,36000,36000
053485,矽創國票97購04  ,0,0,0,0,0,0,0,0,0,36000,0,0,0,51000,15000,36000,36000
054895,南電統一97購01  ,0,0,0,0,0,0,0,0,0,36000,0,0,0,70000,34000,36000,36000
060719,瀚宇博永豐9A購01,0,0,0,0,0,0,0,0,0,36000,0,0,0,38000,2000,36000,36000
060150,華通富邦9B購01  ,0,0,0,0,0,0,0,0,0,36000,0,0,0,36000,0,36000,36000
059807,大立光元富99購09,15000,0,15000,0,0,0,0,0,0,21000,0,0,0,73000,52000,21000,36000
058674,宏達電群益99購01,0,0,0,0,0,0,0,0,0,36000,0,0,0,41000,5000,36000,36000
07830P,牧德凱基9A售03  ,0,0,0,0,0,0,0,0,0,36000,0,0,0,78000,42000,36000,36000
08172P,台積電凱基03售02,0,0,0,0,0,0,0,0,0,36000,0,0,0,36000,0,36000,36000
08188P,群創群益9B售04  ,0,0,0,0,0,0,0,0,0,36000,0,0,0,37000,1000,36000,36000
06886P,旺宏元大99售07  ,0,0,0,0,0,0,0,0,0,36000,0,0,0,38000,2000,36000,36000
06717P,可成元大98售09  ,0,0,0,0,0,0,0,0,0,36000,0,0,0,36000,0,36000,36000
07189P,聯發科富邦9B售03,0,0,0,0,0,0,0,0,0,36000,0,0,0,40000,4000,36000,36000
06615P,鴻海元大9C售02  ,0,0,0,0,0,0,0,0,0,36000,0,0,0,36000,0,36000,36000
064440,大立光凱基03購03,0,0,0,0,0,0,0,0,0,36000,0,0,0,47000,11000,36000,36000
062063,世紀鋼統一9C購01,0,0,0,0,0,0,0,0,0,35000,0,0,0,35000,0,35000,35000
061582,麗豐元大9A購01  ,0,0,0,0,0,0,0,0,0,35000,0,0,0,157000,122000,35000,35000
063008,華通元大9B購06  ,0,0,0,0,0,0,0,0,0,35000,0,0,0,51000,16000,35000,35000
063129,祥碩元大9C購03  ,0,0,0,0,0,0,0,0,0,35000,0,0,0,52000,17000,35000,35000
063122,聯發科元大9B購15,0,0,0,0,0,0,0,0,0,35000,0,0,0,86000,51000,35000,35000
061117,美律國泰9C購01  ,0,0,0,0,0,0,0,0,0,35000,0,0,0,35000,0,35000,35000
061775,臺指反國票9B購04,0,0,0,0,0,0,0,0,0,35000,0,0,0,35000,0,35000,35000
2380,虹光            ,39000,5000,34000,0,0,0,0,0,0,1000,1000,0,1000,0,0,0,35000
2405,浩鑫            ,36000,3000,33000,0,0,0,0,0,0,2000,2000,0,2000,0,0,0,35000
0052,富邦科技        ,1000,0,1000,0,0,0,0,0,0,34000,0,0,0,141000,107000,34000,35000
00731,FH富時高息低波  ,3000,3000,0,0,0,0,0,0,0,35000,0,0,0,1046000,1011000,35000,35000
056068,欣興元大97購05  ,0,0,0,0,0,0,0,0,0,35000,0,0,0,189000,154000,35000,35000
055848,大立光元大97購11,0,0,0,0,0,0,0,0,0,35000,0,0,0,35000,0,35000,35000
058122,美律國票9A購01  ,0,0,0,0,0,0,0,0,0,35000,0,0,0,35000,0,35000,35000
060163,健策永豐9B購01  ,0,0,0,0,0,0,0,0,0,35000,0,0,0,38000,3000,35000,35000
057096,緯穎元富98購01  ,0,0,0,0,0,0,0,0,0,35000,0,0,0,35000,0,35000,35000
056451,可成凱基99購01  ,0,0,0,0,0,0,0,0,0,35000,0,0,0,37000,2000,35000,35000
059400,滬深2X元富9C購04,0,0,0,0,0,0,0,0,0,35000,0,0,0,35000,0,35000,35000
063158,瑞昱台新9B購02  ,0,0,0,0,0,0,0,0,0,35000,0,0,0,73000,38000,35000,35000
063499,金像電永豐9B購03,0,0,0,0,0,0,0,0,0,35000,0,0,0,35000,0,35000,35000
059956,玉山金康和99購01,0,0,0,0,0,0,0,0,0,35000,0,0,0,130000,95000,35000,35000
060620,玉晶光元大9A購04,0,0,0,0,0,0,0,0,0,35000,0,0,0,44000,9000,35000,35000
05923P,旺宏元富96售05  ,0,0,0,0,0,0,0,0,0,35000,0,0,0,35000,0,35000,35000
059275,可成元大99購05  ,0,0,0,0,0,0,0,0,0,35000,0,0,0,51000,16000,35000,35000
064235,美律統一9C購02  ,0,0,0,0,0,0,0,0,0,35000,0,0,0,35000,0,35000,35000
064113,新日興國票01購01,0,0,0,0,0,0,0,0,0,35000,0,0,0,35000,0,35000,35000
063972,緯創國票9C購01  ,0,0,0,0,0,0,0,0,0,35000,0,0,0,35000,0,35000,35000
063933,TPK統一01購01   ,0,0,0,0,0,0,0,0,0,35000,0,0,0,229000,194000,35000,35000
07163P,臺股指群益99售14,0,0,0,0,0,0,0,0,0,35000,0,0,0,95000,60000,35000,35000
07503P,禾伸堂元大9A售01,0,0,0,0,0,0,0,0,0,35000,0,0,0,98000,63000,35000,35000
06716P,台積電元大9A售02,0,0,0,0,0,0,0,0,0,35000,0,0,0,83000,48000,35000,35000
06995P,臺股指凱基99售16,0,0,0,0,0,0,0,0,0,35000,0,0,0,169000,134000,35000,35000
07841P,臻鼎元大9A售04  ,0,0,0,0,0,0,0,0,0,35000,0,0,0,55000,20000,35000,35000
2546,根基            ,44000,9000,35000,0,0,0,0,0,0,-1000,0,1000,-1000,0,0,0,34000
063001,巨大國票9B購01  ,0,0,0,0,0,0,0,0,0,34000,0,0,0,70000,36000,34000,34000
057445,華通元富02購01  ,0,0,0,0,0,0,0,0,0,34000,0,0,0,75000,41000,34000,34000
057375,欣興元大98購09  ,0,0,0,0,0,0,0,0,0,34000,0,0,0,162000,128000,34000,34000
00660,元大歐洲50      ,0,0,0,0,0,0,0,0,0,34000,0,0,0,60000,26000,34000,34000
054481,鎧勝中信96購01  ,0,0,0,0,0,0,0,0,0,34000,0,0,0,94000,60000,34000,34000
059375,道瓊反群益9C購02,0,0,0,0,0,0,0,0,0,34000,0,0,0,384000,350000,34000,34000
058839,瑞儀中信99購02  ,0,0,0,0,0,0,0,0,0,34000,0,0,0,55000,21000,34000,34000
07801P,上銀永豐9A售02  ,0,0,0,0,0,0,0,0,0,34000,0,0,0,34000,0,34000,34000
08160P,茂林元富9B售03  ,0,0,0,0,0,0,0,0,0,34000,0,0,0,104000,70000,34000,34000
08074P,緯穎元富9B售02  ,0,0,0,0,0,0,0,0,0,34000,0,0,0,54000,20000,34000,34000
06692P,瑞昱凱基98售03  ,0,0,0,0,0,0,0,0,0,34000,0,0,0,39000,5000,34000,34000
07341P,台積電凱基99售18,0,0,0,0,0,0,0,0,0,34000,0,0,0,40000,6000,34000,34000
07281P,鴻海凱基99售13  ,0,0,0,0,0,0,0,0,0,34000,0,0,0,34000,0,34000,34000
06616P,國巨元大98售15  ,0,0,0,0,0,0,0,0,0,34000,0,0,0,81000,47000,34000,34000
3419,譁裕            ,78000,48000,30000,0,0,0,0,0,0,4000,4000,0,4000,0,0,0,34000
9914,美利達          ,1959000,2070427,-111427,0,0,0,181000,10000,171000,-26000,16000,42000,-26000,0,0,0,33573
062754,台勝科麥證9B購01,0,0,0,113000,80000,33000,0,0,0,33000,0,0,0,113000,80000,33000,33000
062720,南亞科凱基9B購03,0,0,0,0,0,0,0,0,0,33000,0,0,0,40000,7000,33000,33000
062231,台光電麥證9C購01,0,0,0,35000,2000,33000,0,0,0,33000,0,0,0,35000,2000,33000,33000
062339,瑞昱麥證9C購01  ,0,0,0,63000,20000,43000,0,0,0,33000,0,0,0,83000,50000,33000,33000
062378,台表科元大9C購01,0,0,0,0,0,0,0,0,0,33000,0,0,0,157000,124000,33000,33000
062206,緯創國票9B購01  ,0,0,0,0,0,0,0,0,0,33000,0,0,0,33000,0,33000,33000
061640,智原元大9A購01  ,0,0,0,0,0,0,0,0,0,33000,0,0,0,80000,47000,33000,33000
051597,T50反1中信99購02,0,0,0,0,0,0,0,0,0,33000,0,0,0,33000,0,33000,33000
052617,景碩國泰98購01  ,0,0,0,0,0,0,0,0,0,33000,0,0,0,33000,0,33000,33000
054935,華通元大98購03  ,0,0,0,0,0,0,0,0,0,33000,0,0,0,88000,55000,33000,33000
057467,祥碩永豐98購04  ,0,0,0,0,0,0,0,0,0,33000,0,0,0,33000,0,33000,33000
055439,台表科國票98購02,0,0,0,0,0,0,0,0,0,33000,0,0,0,37000,4000,33000,33000
058833,台表科永豐99購01,0,0,0,0,0,0,0,0,0,33000,0,0,0,46000,13000,33000,33000
060390,聯鈞群益9A購01  ,0,0,0,0,0,0,0,0,0,33000,0,0,0,53000,20000,33000,33000
058610,欣興元大99購05  ,0,0,0,0,0,0,0,0,0,33000,0,0,0,96000,63000,33000,33000
057699,可成群益9A購02  ,0,0,0,0,0,0,0,0,0,33000,0,0,0,76000,43000,33000,33000
058036,南電永豐98購01  ,0,0,0,0,0,0,0,0,0,33000,0,0,0,113000,80000,33000,33000
060942,智邦國票9A購02  ,0,0,0,0,0,0,0,0,0,33000,0,0,0,56000,23000,33000,33000
064226,TPK國票01購01   ,0,0,0,0,0,0,0,0,0,33000,0,0,0,78000,45000,33000,33000
064357,中橡統一9C購01  ,0,0,0,0,0,0,0,0,0,33000,0,0,0,62000,29000,33000,33000
064024,漢唐元大9C購01  ,0,0,0,0,0,0,0,0,0,33000,0,0,0,94000,61000,33000,33000
07333P,台灣50國票9B售03,0,0,0,0,0,0,0,0,0,33000,0,0,0,33000,0,33000,33000
06751P,旺宏凱基98售10  ,0,0,0,0,0,0,0,0,0,33000,0,0,0,48000,15000,33000,33000
08041P,臺股指群益9B售14,0,0,0,0,0,0,0,0,0,33000,0,0,0,33000,0,33000,33000
062474,台表科凱基9C購01,0,0,0,0,0,0,0,0,0,32000,0,0,0,50000,18000,32000,32000
06117P,臺股指日盛97售02,0,0,0,0,0,0,0,0,0,32000,0,0,0,53000,21000,32000,32000
056713,華擎永豐98購01  ,0,0,0,0,0,0,0,0,0,32000,0,0,0,37000,5000,32000,32000
055810,T50反1國票99購01,0,0,0,0,0,0,0,0,0,32000,0,0,0,185000,153000,32000,32000
052791,友達兆豐97購01  ,0,0,0,0,0,0,0,0,0,32000,0,0,0,42000,10000,32000,32000
054261,智伸科元大96購03,0,0,0,0,0,0,0,0,0,32000,0,0,0,32000,0,32000,32000
059816,聯電凱基99購03  ,0,0,0,0,0,0,0,0,0,32000,0,0,0,57000,25000,32000,32000
057999,智邦亞東99購02  ,0,0,0,0,0,0,0,0,0,32000,0,0,0,32000,0,32000,32000
059262,致茂中信01購01  ,0,0,0,0,0,0,0,0,0,32000,0,0,0,60000,28000,32000,32000
059247,可成凱基99購05  ,0,0,0,0,0,0,0,0,0,32000,0,0,0,40000,8000,32000,32000
063155,緯穎元富9B購03  ,0,0,0,0,0,0,0,0,0,32000,0,0,0,67000,35000,32000,32000
058494,可成群益9B購01  ,0,0,0,0,0,0,0,0,0,32000,0,0,0,39000,7000,32000,32000
07687P,上銀元大9A售06  ,0,0,0,0,0,0,0,0,0,32000,0,0,0,237000,205000,32000,32000
08015P,可成凱基9B售05  ,0,0,0,0,0,0,0,0,0,32000,0,0,0,32000,0,32000,32000
07023P,南電永豐99售02  ,0,0,0,0,0,0,0,0,0,32000,0,0,0,73000,41000,32000,32000
07255P,國巨凱基99售15  ,0,0,0,0,0,0,0,0,0,32000,0,0,0,32000,0,32000,32000
07373P,A50正2元大99售01,0,0,0,0,0,0,0,0,0,32000,0,0,0,100000,68000,32000,32000
06378P,國巨統一97售08  ,0,0,0,0,0,0,0,0,0,32000,0,0,0,72000,40000,32000,32000
064301,漢唐兆豐01購01  ,0,0,0,0,0,0,0,0,0,32000,0,0,0,54000,22000,32000,32000
6531,愛普            ,48000,21000,27000,0,0,0,0,0,0,5000,2000,9000,-7000,12000,0,12000,32000
2939,凱羿-KY         ,158000,91000,67000,0,0,0,0,0,0,-35000,3000,38000,-35000,0,0,0,32000
062858,微星國票9B購01  ,0,0,0,0,0,0,0,0,0,31000,0,0,0,31000,0,31000,31000
062680,微星統一01購01  ,0,0,0,0,0,0,0,0,0,31000,0,0,0,140000,109000,31000,31000
061140,華擎統一9C購01  ,0,0,0,0,0,0,0,0,0,31000,0,0,0,271000,240000,31000,31000
061891,力山永豐9B購01  ,0,0,0,0,0,0,0,0,0,31000,0,0,0,32000,1000,31000,31000
2609,陽明            ,357000,326000,31000,0,0,0,0,0,0,0,0,0,0,0,0,0,31000
1615,大山            ,34000,12000,22000,0,0,0,0,0,0,9000,9000,0,9000,0,0,0,31000
057281,大立光元大98購16,0,0,0,0,0,0,0,0,0,31000,0,0,0,31000,0,31000,31000
055173,瑞昱統一97購01  ,0,0,0,0,0,0,0,0,0,31000,0,0,0,31000,0,31000,31000
00678,群益NBI生技     ,21000,0,21000,0,0,0,0,0,0,10000,0,0,0,310000,300000,10000,31000
06051P,嘉聯益國票97售04,0,0,0,0,0,0,0,0,0,31000,0,0,0,31000,0,31000,31000
063214,康控國票9C購01  ,0,0,0,0,0,0,0,0,0,31000,0,0,0,33000,2000,31000,31000
058581,大立光群益99購05,0,0,0,0,0,0,0,0,0,31000,0,0,0,43000,12000,31000,31000
057638,上銀元大99購01  ,0,0,0,0,0,0,0,0,0,31000,0,0,0,32000,1000,31000,31000
063484,達方元大9B購01  ,0,0,0,0,0,0,0,0,0,31000,0,0,0,50000,19000,31000,31000
058377,茂林凱基9A購03  ,0,0,0,0,0,0,0,0,0,31000,0,0,0,41000,10000,31000,31000
059921,大立光元大99購24,0,0,0,0,0,0,0,0,0,31000,0,0,0,31000,0,31000,31000
059107,南茂國泰9A購01  ,0,0,0,0,0,0,0,0,0,31000,0,0,0,74000,43000,31000,31000
064167,緯穎統一01購03  ,0,0,0,0,0,0,0,0,0,31000,0,0,0,180000,149000,31000,31000
06435P,臺股指群益98售02,0,0,0,0,0,0,0,0,0,31000,0,0,0,31000,0,31000,31000
06485P,玉晶光群益9A售02,0,0,0,0,0,0,0,0,0,31000,0,0,0,31000,0,31000,31000
07079P,台積電群益99售06,0,0,0,0,0,0,0,0,0,31000,0,0,0,31000,0,31000,31000
07920P,大立光中信01售01,65000,0,65000,0,0,0,0,0,0,-34000,0,0,0,45000,79000,-34000,31000
08104P,晶技元大9B售06  ,0,0,0,0,0,0,0,0,0,31000,0,0,0,31000,0,31000,31000
2882A,國泰特          ,0,15000,-15000,0,0,0,0,0,0,46000,67000,21000,46000,0,0,0,31000
9944,新麗            ,196000,165000,31000,0,0,0,0,0,0,0,0,0,0,0,0,0,31000
1527,鑽全            ,96000,65000,31000,0,0,0,0,0,0,-1000,1000,2000,-1000,0,0,0,30000
08350P,臺股指中信9C售06,0,0,0,0,0,0,0,0,0,30000,0,0,0,30000,0,30000,30000
061846,元金2X國票9C購01,0,0,0,0,0,0,0,0,0,30000,0,0,0,30000,0,30000,30000
061946,鴻海群益9B購03  ,0,0,0,0,0,0,0,0,0,30000,0,0,0,30000,0,30000,30000
061715,牧德凱基9B購03  ,0,0,0,0,0,0,0,0,0,30000,0,0,0,30000,0,30000,30000
08287P,茂林凱基9C售02  ,0,0,0,0,0,0,0,0,0,30000,0,0,0,35000,5000,30000,30000
061120,台積電永豐9A購03,0,0,0,0,0,0,0,0,0,30000,0,0,0,31000,1000,30000,30000
063030,華通凱基9B購03  ,0,0,0,0,0,0,0,0,0,30000,0,0,0,30000,0,30000,30000
063038,富邦金凱基9B購02,0,0,0,0,0,0,0,0,0,30000,0,0,0,48000,18000,30000,30000
062681,全新統一01購01  ,0,0,0,0,0,0,0,0,0,30000,0,0,0,140000,110000,30000,30000
062658,聯茂第一9B購01  ,0,0,0,0,0,0,0,0,0,30000,0,0,0,30000,0,30000,30000
06096P,全新永豐97售02  ,0,0,0,0,0,0,0,0,0,30000,0,0,0,30000,0,30000,30000
062993,華新科群益9B購05,0,0,0,0,0,0,0,0,0,30000,0,0,0,53000,23000,30000,30000
062999,聯茂國票9C購01  ,0,0,0,0,0,0,0,0,0,30000,0,0,0,30000,0,30000,30000
061215,健策元大9A購06  ,0,0,0,0,0,0,0,0,0,30000,0,0,0,86000,56000,30000,30000
00645,富邦日本        ,0,0,0,0,0,0,0,0,0,30000,0,0,0,99000,69000,30000,30000
020000,富邦特選蘋果N   ,0,0,0,0,0,0,0,0,0,30000,0,0,0,31000,1000,30000,30000
055215,智邦凱基98購02  ,0,0,0,0,0,0,0,0,0,30000,0,0,0,30000,0,30000,30000
052704,TPK國票97購01   ,0,0,0,0,0,0,0,0,0,30000,0,0,0,30000,0,30000,30000
055008,隆達元富97購01  ,0,0,0,0,0,0,0,0,0,30000,0,0,0,30000,0,30000,30000
054980,國巨元富97購01  ,0,0,0,0,0,0,0,0,0,30000,0,0,0,30000,0,30000,30000
04854P,鴻海國泰96售04  ,0,0,0,0,0,0,0,0,0,30000,0,0,0,30000,0,30000,30000
054600,中壽台新97購01  ,0,0,0,0,0,0,0,0,0,30000,0,0,0,30000,0,30000,30000
054842,台達電兆豐98購01,0,0,0,0,0,0,0,0,0,30000,0,0,0,30000,0,30000,30000
056556,南電凱基98購01  ,0,0,0,0,0,0,0,0,0,30000,0,0,0,31000,1000,30000,30000
055912,宏達電凱基98購03,0,0,0,0,0,0,0,0,0,30000,0,0,0,30000,0,30000,30000
055943,瑞昱麥證97購01  ,0,0,0,30000,0,30000,0,0,0,30000,0,0,0,30000,0,30000,30000
056093,大毅元富97購01  ,0,0,0,0,0,0,0,0,0,30000,0,0,0,30000,0,30000,30000
056213,建準國票98購02  ,0,0,0,0,0,0,0,0,0,30000,0,0,0,35000,5000,30000,30000
056230,可成凱基98購03  ,0,0,0,0,0,0,0,0,0,30000,0,0,0,31000,1000,30000,30000
058165,FBVIX凱基9C購01 ,0,0,0,0,0,0,0,0,0,30000,0,0,0,30000,0,30000,30000
058150,中502X統一9B購01,0,0,0,0,0,0,0,0,0,30000,0,0,0,30000,0,30000,30000
055687,瀚宇博凱基97購01,0,0,0,0,0,0,0,0,0,30000,0,0,0,30000,0,30000,30000
055455,健策國泰98購02  ,0,0,0,0,0,0,0,0,0,30000,0,0,0,30000,0,30000,30000
056461,樺漢凱基98購02  ,0,0,0,0,0,0,0,0,0,30000,0,0,0,30000,0,30000,30000
057132,華新科凱基98購05,0,0,0,0,0,0,0,0,0,30000,0,0,0,30000,0,30000,30000
05709P,大立光國票97售01,0,0,0,0,0,0,0,0,0,30000,0,0,0,30000,0,30000,30000
056990,聯發科兆豐98購01,0,0,0,0,0,0,0,0,0,30000,0,0,0,30000,0,30000,30000
060350,元黃金元富9B購01,0,0,0,0,0,0,0,0,0,30000,0,0,0,30000,0,30000,30000
059931,緯穎富邦9A購01  ,0,0,0,0,0,0,0,0,0,30000,0,0,0,80000,50000,30000,30000
059815,SP黃豆凱基9A購03,0,0,0,0,0,0,0,0,0,30000,0,0,0,50000,20000,30000,30000
059730,晶相光元大9C購02,0,0,0,0,0,0,0,0,0,30000,0,0,0,60000,30000,30000,30000
060092,瑞昱元大99購03  ,0,0,0,0,0,0,0,0,0,30000,0,0,0,33000,3000,30000,30000
058090,聯發科元大98購16,0,0,0,0,0,0,0,0,0,30000,0,0,0,30000,0,30000,30000
057719,欣興元富02購01  ,0,0,0,0,0,0,0,0,0,30000,0,0,0,395000,365000,30000,30000
058001,FBVIX群益9B購02 ,0,0,0,0,0,0,0,0,0,30000,0,0,0,30000,0,30000,30000
058002,FBVIX群益9C購01 ,0,0,0,0,0,0,0,0,0,30000,0,0,0,30000,0,30000,30000
058003,FBVIX群益9C購02 ,0,0,0,0,0,0,0,0,0,30000,0,0,0,30000,0,30000,30000
058068,旺宏凱基98購11  ,0,0,0,0,0,0,0,0,0,30000,0,0,0,50000,20000,30000,30000
06058P,玉晶光凱基97售04,0,0,0,0,0,0,0,0,0,30000,0,0,0,30000,0,30000,30000
060877,華邦電中信02購01,0,0,0,0,0,0,0,0,0,30000,0,0,0,30000,0,30000,30000
063460,智邦元大9B購08  ,0,0,0,0,0,0,0,0,0,30000,0,0,0,119000,89000,30000,30000
063358,華擎國泰01購01  ,0,0,0,0,0,0,0,0,0,30000,0,0,0,295000,265000,30000,30000
06328P,台積電中信01售02,0,0,0,0,0,0,0,0,0,30000,0,0,0,45000,15000,30000,30000
063193,聯發科台新9B購02,0,0,0,0,0,0,0,0,0,30000,0,0,0,30000,0,30000,30000
060483,友達富邦9A購01  ,0,0,0,0,0,0,0,0,0,30000,0,0,0,30000,0,30000,30000
059472,T50正2群益99購01,0,0,0,0,0,0,0,0,0,30000,0,0,0,30000,0,30000,30000
058684,健策凱基99購02  ,0,0,0,0,0,0,0,0,0,30000,0,0,0,36000,6000,30000,30000
059534,國泰金凱基99購01,0,0,0,0,0,0,0,0,0,30000,0,0,0,30000,0,30000,30000
060436,巨大永豐9A購01  ,0,0,0,0,0,0,0,0,0,30000,0,0,0,30000,0,30000,30000
058727,嘉晶富邦9A購01  ,0,0,0,0,0,0,0,0,0,30000,0,0,0,30000,0,30000,30000
058649,健策永豐99購01  ,0,0,0,0,0,0,0,0,0,30000,0,0,0,41000,11000,30000,30000
08048P,臺股指國票9B售13,0,0,0,0,0,0,0,0,0,30000,0,0,0,30000,0,30000,30000
08137P,台灣50元大9B售24,0,0,0,0,0,0,0,0,0,30000,0,0,0,30000,0,30000,30000
08155P,聯發科元富9B售05,0,0,0,0,0,0,0,0,0,30000,0,0,0,30000,0,30000,30000
061438,牧德凱基9B購02  ,0,0,0,0,0,0,0,0,0,30000,0,0,0,33000,3000,30000,30000
061461,元金2X群益9A購01,0,0,0,0,0,0,0,0,0,30000,0,0,0,30000,0,30000,30000
07874P,長榮航群益9B售01,0,0,0,0,0,0,0,0,0,30000,0,0,0,30000,0,30000,30000
07647P,健策國票9A售04  ,0,0,0,0,0,0,0,0,0,30000,0,0,0,30000,0,30000,30000
07632P,臺股指凱基9A售14,0,0,0,0,0,0,0,0,0,30000,0,0,0,30000,0,30000,30000
07804P,美律永豐9A售02  ,0,0,0,0,0,0,0,0,0,30000,0,0,0,30000,0,30000,30000
07069P,欣興元富99售02  ,0,0,0,0,0,0,0,0,0,30000,0,0,0,50000,20000,30000,30000
06747P,大立光群益99售04,0,0,0,0,0,0,0,0,0,30000,0,0,0,30000,0,30000,30000
06724P,台灣50國票98售01,0,0,0,0,0,0,0,0,0,30000,0,0,0,30000,0,30000,30000
07362P,聯發科元大99售35,0,0,0,0,0,0,0,0,0,30000,0,0,0,30000,0,30000,30000
07487P,鴻海國票9A售01  ,0,0,0,0,0,0,0,0,0,30000,0,0,0,40000,10000,30000,30000
07181P,臺股指凱基99售23,0,0,0,0,0,0,0,0,0,30000,0,0,0,45000,15000,30000,30000
07214P,聯發科凱基9A售04,0,0,0,0,0,0,0,0,0,30000,0,0,0,30000,0,30000,30000
064409,彩晶凱基04購01  ,0,0,0,0,0,0,0,0,0,30000,0,0,0,31000,1000,30000,30000
064128,國產元大9C購01  ,0,0,0,0,0,0,0,0,0,30000,0,0,0,30000,0,30000,30000
064144,智邦統一01購02  ,0,0,0,0,0,0,0,0,0,30000,0,0,0,248000,218000,30000,30000
06414P,矽力凱基97售03  ,0,0,0,0,0,0,0,0,0,30000,0,0,0,30000,0,30000,30000
064099,億光群益9C購01  ,0,0,0,0,0,0,0,0,0,30000,0,0,0,54000,24000,30000,30000
6443,元晶            ,146000,118000,28000,0,0,0,0,0,0,2000,2000,0,2000,0,0,0,30000
6281,全國電          ,46000,16000,30000,0,0,0,0,0,0,0,0,0,0,0,0,0,30000
2897A,王道銀甲特      ,0,0,0,0,0,0,0,0,0,30000,30000,0,30000,0,0,0,30000
061533,友達統一9C購02  ,0,0,0,0,0,0,0,0,0,29000,0,0,0,79000,50000,29000,29000
061520,健策中信9A購01  ,0,0,0,0,0,0,0,0,0,29000,0,0,0,42000,13000,29000,29000
062261,嘉晶元大9B購02  ,0,0,0,0,0,0,0,0,0,29000,0,0,0,31000,2000,29000,29000
061722,健策永豐9B購03  ,0,0,0,0,0,0,0,0,0,29000,0,0,0,62000,33000,29000,29000
2415,錩新            ,50000,20000,30000,0,0,0,0,0,0,-1000,0,1000,-1000,0,0,0,29000
056893,智邦元大98購02  ,0,0,0,0,0,0,0,0,0,29000,0,0,0,29000,0,29000,29000
056655,旺宏元大99購02  ,0,0,0,0,0,0,0,0,0,29000,0,0,0,50000,21000,29000,29000
055860,啟碁元大97購04  ,0,0,0,0,0,0,0,0,0,29000,0,0,0,29000,0,29000,29000
056358,友訊元大99購01  ,0,0,0,0,0,0,0,0,0,29000,0,0,0,89000,60000,29000,29000
00700,富邦恒生國企    ,0,0,0,0,0,0,0,0,0,29000,0,0,0,116000,87000,29000,29000
03875P,滬深2X國票05售01,0,0,0,0,0,0,0,0,0,29000,0,0,0,30000,1000,29000,29000
060478,南電元大9A購01  ,0,0,0,0,0,0,0,0,0,29000,0,0,0,77000,48000,29000,29000
06631P,玉晶光群益9A售03,0,0,0,0,0,0,0,0,0,29000,0,0,0,39000,10000,29000,29000
06765P,欣興元大98售11  ,0,0,0,0,0,0,0,0,0,29000,0,0,0,154000,125000,29000,29000
07655P,台灣50凱基01售09,0,0,0,0,0,0,0,0,0,29000,0,0,0,29000,0,29000,29000
08241P,微星中信06售01  ,0,0,0,0,0,0,0,0,0,29000,0,0,0,49000,20000,29000,29000
08040P,臺股指群益9B售13,0,0,0,0,0,0,0,0,0,29000,0,0,0,39000,10000,29000,29000
3266,昇陽            ,31000,2000,29000,0,0,0,0,0,0,0,0,0,0,0,0,0,29000
5706,鳳凰            ,34000,5000,29000,0,0,0,0,0,0,0,1000,1000,0,0,0,0,29000
4564,元翎            ,254000,222000,32000,0,0,0,0,0,0,-3000,3000,4000,-1000,0,2000,-2000,29000
08340P,聯發科元富9C售01,0,0,0,0,0,0,0,0,0,28000,0,0,0,31000,3000,28000,28000
061508,南六國泰9C購02  ,0,0,0,0,0,0,0,0,0,28000,0,0,0,30000,2000,28000,28000
061066,嘉晶凱基9B購01  ,0,0,0,0,0,0,0,0,0,28000,0,0,0,58000,30000,28000,28000
063123,聯發科元大9B購16,0,0,0,0,0,0,0,0,0,28000,0,0,0,71000,43000,28000,28000
03425B,臺股指元大9A熊01,0,0,0,0,0,0,0,0,0,28000,0,0,0,30000,2000,28000,28000
00730,富邦臺灣優質高息,2000,3000,-1000,0,0,0,0,0,0,29000,0,0,0,324000,295000,29000,28000
054924,景碩凱基98購01  ,0,0,0,0,0,0,0,0,0,28000,0,0,0,30000,2000,28000,28000
055645,技嘉元富97購01  ,0,0,0,0,0,0,0,0,0,28000,0,0,0,42000,14000,28000,28000
057539,南茂元大98購02  ,0,0,0,0,0,0,0,0,0,28000,0,0,0,191000,163000,28000,28000
058429,欣興元富99購01  ,0,0,0,0,0,0,0,0,0,28000,0,0,0,194000,166000,28000,28000
058194,勤誠永豐99購01  ,0,0,0,0,0,0,0,0,0,28000,0,0,0,55000,27000,28000,28000
08221P,台表科凱基9B售05,0,0,0,0,0,0,0,0,0,28000,0,0,0,68000,40000,28000,28000
06778P,台積電元大99售06,0,0,0,0,0,0,0,0,0,28000,0,0,0,428000,400000,28000,28000
06825P,臺股指國票98售01,0,0,0,0,0,0,0,0,0,28000,0,0,0,70000,42000,28000,28000
07459P,緯穎元大9A售01  ,0,0,0,0,0,0,0,0,0,28000,0,0,0,28000,0,28000,28000
07387P,臺股指群益99售25,0,0,0,0,0,0,0,0,0,28000,0,0,0,28000,0,28000,28000
06433P,大立光群益99售01,0,0,0,0,0,0,0,0,0,28000,0,0,0,28000,0,28000,28000
064061,GIS麥證01購01   ,0,0,0,35000,7000,28000,0,0,0,28000,0,0,0,35000,7000,28000,28000
063907,華通凱基9C購03  ,0,0,0,0,0,0,0,0,0,28000,0,0,0,30000,2000,28000,28000
06396P,新日興康和97售01,0,0,0,0,0,0,0,0,0,28000,0,0,0,66000,38000,28000,28000
6277,宏正            ,118000,91000,27000,0,0,0,0,0,0,1000,1000,0,1000,0,0,0,28000
6214,精誠            ,122000,110000,12000,0,0,0,0,0,0,16000,26000,10000,16000,0,0,0,28000
062867,東元中信9B購01  ,0,0,0,0,0,0,0,0,0,27000,0,0,0,27000,0,27000,27000
1809,中釉            ,87000,60000,27000,0,0,0,0,0,0,0,0,0,0,0,0,0,27000
2706,第一店          ,30000,3000,27000,0,0,0,0,0,0,0,0,0,0,0,0,0,27000
2748,雲品            ,33000,6000,27000,0,0,0,0,0,0,0,0,0,0,0,0,0,27000
08280P,臺股指中信02售01,0,0,0,0,0,0,0,0,0,27000,0,0,0,40000,13000,27000,27000
06141P,大立光日盛97售01,0,0,0,0,0,0,0,0,0,27000,0,0,0,27000,0,27000,27000
055710,亞德客元大97購03,0,0,0,0,0,0,0,0,0,27000,0,0,0,27000,0,27000,27000
056189,樺漢統一97購02  ,0,0,0,0,0,0,0,0,0,27000,0,0,0,27000,0,27000,27000
056135,緯創元大98購01  ,0,0,0,0,0,0,0,0,0,27000,0,0,0,42000,15000,27000,27000
056664,上証反中信9B購01,0,0,0,0,0,0,0,0,0,27000,0,0,0,50000,23000,27000,27000
060187,華新科元富9A購02,0,0,0,0,0,0,0,0,0,27000,0,0,0,30000,3000,27000,27000
060202,康友元富9A購01  ,0,0,0,0,0,0,0,0,0,27000,0,0,0,47000,20000,27000,27000
048572,美利達元大96購04,0,0,0,0,0,0,0,0,0,27000,0,0,0,27000,0,27000,27000
059198,華新科永豐99購06,0,0,0,0,0,0,0,0,0,27000,0,0,0,32000,5000,27000,27000
058749,康控凱基99購03  ,0,0,0,0,0,0,0,0,0,27000,0,0,0,57000,30000,27000,27000
063206,貿聯統一9C購02  ,0,0,0,0,0,0,0,0,0,27000,0,0,0,49000,22000,27000,27000
06547P,大立光元大98售09,0,0,0,0,0,0,0,0,0,27000,0,0,0,27000,0,27000,27000
06567P,鴻海永豐98售02  ,0,0,0,0,0,0,0,0,0,27000,0,0,0,27000,0,27000,27000
064470,世紀鋼元富03購01,0,0,0,0,0,0,0,0,0,27000,0,0,0,50000,23000,27000,27000
07462P,臺股指元大9B售05,0,0,0,0,0,0,0,0,0,27000,0,0,0,49000,22000,27000,27000
06794P,臺股指凱基98售04,0,0,0,0,0,0,0,0,0,27000,0,0,0,27000,0,27000,27000
07008P,台郡中信99售02  ,0,0,0,0,0,0,0,0,0,27000,0,0,0,47000,20000,27000,27000
6166,凌華            ,57000,35000,22000,0,0,0,0,0,0,5000,5000,0,5000,0,0,0,27000
2353,宏碁            ,5105000,4933294,171706,0,0,0,0,13000,-13000,-132000,37000,43000,-6000,401000,527000,-126000,26706
2704,國賓            ,52000,26000,26000,0,0,0,0,0,0,0,0,0,0,0,0,0,26000
08372P,大立光凱基01售04,0,0,0,0,0,0,0,0,0,26000,0,0,0,42000,16000,26000,26000
052775,滬深2X國票99購02,0,0,0,0,0,0,0,0,0,26000,0,0,0,76000,50000,26000,26000
05620P,大立光富邦9B售01,0,0,0,0,0,0,0,0,0,26000,0,0,0,26000,0,26000,26000
056508,揚明光永豐98購01,0,0,0,0,0,0,0,0,0,26000,0,0,0,26000,0,26000,26000
057636,上銀元大98購06  ,0,0,0,0,0,0,0,0,0,26000,0,0,0,31000,5000,26000,26000
057637,上銀元大98購07  ,0,0,0,0,0,0,0,0,0,26000,0,0,0,27000,1000,26000,26000
057662,上銀元大9A購01  ,0,0,0,0,0,0,0,0,0,26000,0,0,0,26000,0,26000,26000
063273,緯穎兆豐9C購01  ,0,0,0,0,0,0,0,0,0,26000,0,0,0,71000,45000,26000,26000
06327P,台積電中信01售01,0,0,0,0,0,0,0,0,0,26000,0,0,0,69000,43000,26000,26000
05873P,華通群益97售02  ,0,0,0,0,0,0,0,0,0,26000,0,0,0,26000,0,26000,26000
058802,矽創元大99購02  ,0,0,0,0,0,0,0,0,0,26000,0,0,0,41000,15000,26000,26000
060536,祥碩麥證9A購01  ,0,0,0,26000,0,26000,0,0,0,26000,0,0,0,26000,0,26000,26000
058198,瑞昱亞東99購01  ,0,0,0,0,0,0,0,0,0,26000,0,0,0,26000,0,26000,26000
060645,台表科永豐9A購02,0,0,0,0,0,0,0,0,0,26000,0,0,0,30000,4000,26000,26000
07080P,健策群益9A售01  ,0,0,0,0,0,0,0,0,0,26000,0,0,0,66000,40000,26000,26000
06697P,台積電國票99售05,0,0,0,0,0,0,0,0,0,26000,0,0,0,26000,0,26000,26000
07266P,大立光元大99售19,0,0,0,0,0,0,0,0,0,26000,0,0,0,26000,0,26000,26000
064034,台表科元大9C購07,0,0,0,0,0,0,0,0,0,26000,0,0,0,154000,128000,26000,26000
063748,台積電國票9C購05,0,0,0,0,0,0,0,0,0,26000,0,0,0,47000,21000,26000,26000
08356P,聯發科元大9C售08,0,0,0,0,0,0,0,0,0,25000,0,0,0,25000,0,25000,25000
1786,科妍            ,48000,22000,26000,0,0,0,0,0,0,-1000,4000,5000,-1000,0,0,0,25000
1626,艾美特-KY       ,34000,12000,22000,0,0,0,0,0,0,3000,3000,0,3000,0,0,0,25000
1560,中砂            ,93000,48000,45000,0,0,0,0,0,0,-20000,0,20000,-20000,0,0,0,25000
08272P,鴻海元富9C售02  ,0,0,0,0,0,0,0,0,0,25000,0,0,0,56000,31000,25000,25000
061088,國巨統一9C購05  ,0,0,0,0,0,0,0,0,0,25000,0,0,0,25000,0,25000,25000
061872,友達元大9C購06  ,0,0,0,0,0,0,0,0,0,25000,0,0,0,65000,40000,25000,25000
061056,臺指反國票02購01,0,0,0,0,0,0,0,0,0,25000,0,0,0,30000,5000,25000,25000
062447,華擎元大9C購01  ,0,0,0,0,0,0,0,0,0,25000,0,0,0,25000,0,25000,25000
062130,T50反1群益9B購01,0,0,0,0,0,0,0,0,0,25000,0,0,0,25000,0,25000,25000
055767,臺股指群益97購05,0,0,0,0,0,0,0,0,0,25000,0,0,0,25000,0,25000,25000
060931,GIS永豐9A購01   ,0,0,0,0,0,0,0,0,0,25000,0,0,0,25000,0,25000,25000
057166,國巨元大99購06  ,0,0,0,0,0,0,0,0,0,25000,0,0,0,46000,21000,25000,25000
055271,鴻海元大98購03  ,0,0,0,0,0,0,0,0,0,25000,0,0,0,25000,0,25000,25000
054974,台表科元大98購02,0,0,0,0,0,0,0,0,0,25000,0,0,0,25000,0,25000,25000
00733,富邦臺灣中小    ,0,0,0,0,0,0,0,0,0,25000,0,0,0,227000,202000,25000,25000
00743,國泰中國A150    ,35000,0,35000,0,0,0,0,0,0,-10000,0,0,0,14000,24000,-10000,25000
052132,旺宏凱基9B購01  ,0,0,0,0,0,0,0,0,0,25000,0,0,0,25000,0,25000,25000
054317,昇陽半凱基98購01,0,0,0,0,0,0,0,0,0,25000,0,0,0,25000,0,25000,25000
057322,旺宏群益98購04  ,0,0,0,0,0,0,0,0,0,25000,0,0,0,25000,0,25000,25000
060698,旺宏國泰9C購01  ,0,0,0,0,0,0,0,0,0,25000,0,0,0,35000,10000,25000,25000
058256,臺股指元大9A購20,0,0,0,0,0,0,0,0,0,25000,0,0,0,27000,2000,25000,25000
060306,台肥永豐9A購01  ,0,0,0,0,0,0,0,0,0,25000,0,0,0,70000,45000,25000,25000
059909,鴻海元大99購36  ,0,0,0,0,0,0,0,0,0,25000,0,0,0,41000,16000,25000,25000
058324,嘉聯益永豐9A購01,0,0,0,0,0,0,0,0,0,25000,0,0,0,25000,0,25000,25000
058831,茂林永豐99購01  ,0,0,0,0,0,0,0,0,0,25000,0,0,0,25000,0,25000,25000
063823,T50反1國票01購02,0,0,0,0,0,0,0,0,0,25000,0,0,0,160000,135000,25000,25000
063545,華通兆豐9B購03  ,0,0,0,0,0,0,0,0,0,25000,0,0,0,71000,46000,25000,25000
063642,茂林元大9B購08  ,0,0,0,0,0,0,0,0,0,25000,0,0,0,35000,10000,25000,25000
064038,景碩台新9C購01  ,0,0,0,0,0,0,0,0,0,25000,0,0,0,45000,20000,25000,25000
064551,鈺齊凱基9C購02  ,0,0,0,0,0,0,0,0,0,25000,0,0,0,90000,65000,25000,25000
06622P,牧德元大98售01  ,0,0,0,0,0,0,0,0,0,25000,0,0,0,25000,0,25000,25000
07335P,臺股指國票99售20,0,0,0,0,0,0,0,0,0,25000,0,0,0,25000,0,25000,25000
07326P,大立光元大99售23,0,0,0,0,0,0,0,0,0,25000,0,0,0,25000,0,25000,25000
07314P,T50正2元大9C售03,0,0,0,0,0,0,0,0,0,25000,0,0,0,30000,5000,25000,25000
07388P,臺股指群益9C售07,0,0,0,0,0,0,0,0,0,25000,0,0,0,30000,5000,25000,25000
06752P,訊芯凱基98售05  ,0,0,0,0,0,0,0,0,0,25000,0,0,0,50000,25000,25000,25000
08200P,祥碩元大9B售08  ,0,0,0,0,0,0,0,0,0,25000,0,0,0,25000,0,25000,25000
08197P,聯發科元大9B售24,0,0,0,0,0,0,0,0,0,25000,0,0,0,25000,0,25000,25000
08198P,聯發科元大9B售25,0,0,0,0,0,0,0,0,0,25000,0,0,0,25000,0,25000,25000
08140P,祥碩元大9B售07  ,0,0,0,0,0,0,0,0,0,25000,0,0,0,605000,580000,25000,25000
08129P,聯發科元大9B售23,0,0,0,0,0,0,0,0,0,25000,0,0,0,25000,0,25000,25000
07705P,台積電元大9A售26,0,0,0,0,0,0,0,0,0,25000,0,0,0,25000,0,25000,25000
07817P,同欣電群益9A售02,0,0,0,0,0,0,0,0,0,25000,0,0,0,25000,0,25000,25000
3443,創意            ,293000,273000,20000,0,0,0,0,0,0,5000,6000,15000,-9000,23000,9000,14000,25000
2887E,台新戊特        ,0,0,0,0,0,0,0,0,0,25000,25000,0,25000,0,0,0,25000
2881A,富邦特          ,4000,0,4000,0,0,0,0,0,0,21000,26000,5000,21000,0,0,0,25000
062149,牧德國票9B購01  ,0,0,0,0,0,0,0,0,0,24000,0,0,0,36000,12000,24000,24000
06104P,大立光凱基97售04,0,0,0,0,0,0,0,0,0,24000,0,0,0,24000,0,24000,24000
061857,康友國票9B購01  ,0,0,0,0,0,0,0,0,0,24000,0,0,0,24000,0,24000,24000
08285P,國巨凱基9C售07  ,0,0,0,0,0,0,0,0,0,24000,0,0,0,44000,20000,24000,24000
061154,可成群益9B購04  ,0,0,0,0,0,0,0,0,0,24000,0,0,0,32000,8000,24000,24000
1702,南僑            ,60000,36000,24000,0,0,0,0,0,0,0,0,0,0,0,0,0,24000
08355P,智邦元大9C售03  ,0,0,0,0,0,0,0,0,0,24000,0,0,0,70000,46000,24000,24000
057219,群創群益98購10  ,0,0,0,0,0,0,0,0,0,24000,0,0,0,154000,130000,24000,24000
054151,瑞昱國泰97購01  ,0,0,0,0,0,0,0,0,0,24000,0,0,0,24000,0,24000,24000
056768,宏達電元大99購03,0,0,0,0,0,0,0,0,0,24000,0,0,0,141000,117000,24000,24000
055815,亞光國票99購01  ,0,0,0,0,0,0,0,0,0,24000,0,0,0,24000,0,24000,24000
058983,旺宏凱基99購05  ,0,0,0,0,0,0,0,0,0,24000,0,0,0,24000,0,24000,24000
059544,創意亞東99購01  ,0,0,0,0,0,0,0,0,0,24000,0,0,0,24000,0,24000,24000
06322P,超眾統一97售04  ,0,0,0,0,0,0,0,0,0,24000,0,0,0,24000,0,24000,24000
057805,華通元大98購06  ,0,0,0,0,0,0,0,0,0,24000,0,0,0,107000,83000,24000,24000
059263,瑞昱中信01購01  ,0,0,0,0,0,0,0,0,0,24000,0,0,0,44000,20000,24000,24000
058085,景碩群益9A購01  ,0,0,0,0,0,0,0,0,0,24000,0,0,0,29000,5000,24000,24000
059760,楠梓電永豐99購01,0,0,0,0,0,0,0,0,0,24000,0,0,0,45000,21000,24000,24000
07904P,聯發科群益9B售05,0,0,0,0,0,0,0,0,0,24000,0,0,0,28000,4000,24000,24000
07901P,臺股指凱基9B售04,0,0,0,0,0,0,0,0,0,24000,0,0,0,204000,180000,24000,24000
07943P,瑞昱元大9B售02  ,0,0,0,0,0,0,0,0,0,24000,0,0,0,24000,0,24000,24000
08028P,臺股指元大9B售30,0,0,0,0,0,0,0,0,0,24000,0,0,0,29000,5000,24000,24000
08085P,華通凱基9B售04  ,0,0,0,0,0,0,0,0,0,24000,0,0,0,24000,0,24000,24000
08223P,臺股指凱基9B售18,0,0,0,0,0,0,0,0,0,24000,0,0,0,71000,47000,24000,24000
07311P,台灣50元大99售09,0,0,0,0,0,0,0,0,0,24000,0,0,0,24000,0,24000,24000
063879,台積電元富9C購01,0,0,0,0,0,0,0,0,0,24000,0,0,0,111000,87000,24000,24000
063660,儒鴻統一9C購01  ,0,0,0,0,0,0,0,0,0,24000,0,0,0,44000,20000,24000,24000
063611,儒鴻群益9B購03  ,0,0,0,0,0,0,0,0,0,24000,0,0,0,24000,0,24000,24000
3047,訊舟            ,155000,132000,23000,0,0,0,0,0,0,1000,1000,0,1000,0,0,0,24000
6205,詮欣            ,66000,43000,23000,0,0,0,0,0,0,1000,1000,0,1000,0,0,0,24000
2388,威盛            ,109000,88000,21000,0,0,0,0,0,0,2000,2000,0,2000,0,0,0,23000
062107,台光電國票9B購01,0,0,0,0,0,0,0,0,0,23000,0,0,0,23000,0,23000,23000
062244,臺指反元大02購05,0,0,0,0,0,0,0,0,0,23000,0,0,0,23000,0,23000,23000
056860,正崴群益98購01  ,0,0,0,0,0,0,0,0,0,23000,0,0,0,33000,10000,23000,23000
059939,技嘉永豐99購01  ,0,0,0,0,0,0,0,0,0,23000,0,0,0,33000,10000,23000,23000
060373,元金2X元富9A購01,0,0,0,0,0,0,0,0,0,23000,0,0,0,25000,2000,23000,23000
057913,健策日盛98購01  ,0,0,0,0,0,0,0,0,0,23000,0,0,0,23000,0,23000,23000
057552,禾伸堂凱基98購05,0,0,0,0,0,0,0,0,0,23000,0,0,0,30000,7000,23000,23000
060392,華擎群益9C購02  ,0,0,0,0,0,0,0,0,0,23000,0,0,0,35000,12000,23000,23000
060399,康友國票9A購02  ,0,0,0,0,0,0,0,0,0,23000,0,0,0,55000,32000,23000,23000
06583P,可成凱基98售07  ,0,0,0,0,0,0,0,0,0,23000,0,0,0,23000,0,23000,23000
06558P,旺宏元富98售02  ,0,0,0,0,0,0,0,0,0,23000,0,0,0,23000,0,23000,23000
06430P,大立光元大97售16,0,0,0,0,0,0,0,0,0,23000,0,0,0,23000,0,23000,23000
07501P,華新科元大9A售07,0,0,0,0,0,0,0,0,0,23000,0,0,0,23000,0,23000,23000
06737P,台郡凱基98售07  ,0,0,0,0,0,0,0,0,0,23000,0,0,0,23000,0,23000,23000
4576,大銀微系統      ,76000,53000,23000,0,0,0,0,0,0,0,1000,1000,0,0,0,0,23000
062475,道瓊反國票9B購02,0,0,0,0,0,0,0,0,0,22000,0,0,0,22000,0,22000,22000
062471,國泰金凱基9B購02,0,0,0,0,0,0,0,0,0,22000,0,0,0,53000,31000,22000,22000
062100,矽格永豐9B購01  ,0,0,0,0,0,0,0,0,0,22000,0,0,0,80000,58000,22000,22000
061006,新光金兆豐9A購01,0,0,0,0,0,0,0,0,0,22000,0,0,0,30000,8000,22000,22000
062187,台勝科元大9B購02,0,0,0,0,0,0,0,0,0,22000,0,0,0,72000,50000,22000,22000
061296,台積電國泰9C購01,0,0,0,0,0,0,0,0,0,22000,0,0,0,24000,2000,22000,22000
2545,皇翔            ,78000,56000,22000,0,0,0,0,0,0,0,0,0,0,0,0,0,22000
08361P,玉晶光永豐9C售04,0,0,0,0,0,0,0,0,0,22000,0,0,0,72000,50000,22000,22000
061971,力山元大9C購02  ,0,0,0,0,0,0,0,0,0,22000,0,0,0,98000,76000,22000,22000
059008,鈺齊元大99購03  ,0,0,0,0,0,0,0,0,0,22000,0,0,0,134000,112000,22000,22000
054188,欣興永豐96購03  ,0,0,0,0,0,0,0,0,0,22000,0,0,0,22000,0,22000,22000
056369,彩晶元大01購01  ,0,0,0,0,0,0,0,0,0,22000,0,0,0,22000,0,22000,22000
055138,大毅永豐97購02  ,0,0,0,0,0,0,0,0,0,22000,0,0,0,22000,0,22000,22000
063331,瑞儀國票9C購01  ,0,0,0,0,0,0,0,0,0,22000,0,0,0,32000,10000,22000,22000
057861,台積電凱基98購16,0,0,0,0,0,0,0,0,0,22000,0,0,0,22000,0,22000,22000
059327,南茂元大99購01  ,0,0,0,0,0,0,0,0,0,22000,0,0,0,28000,6000,22000,22000
05922P,京元電兆豐96售01,0,0,0,0,0,0,0,0,0,22000,0,0,0,22000,0,22000,22000
060025,台積電富邦9C購06,0,0,0,0,0,0,0,0,0,22000,0,0,0,90000,68000,22000,22000
07130P,台郡元大9B售01  ,0,0,0,0,0,0,0,0,0,22000,0,0,0,24000,2000,22000,22000
08056P,華通群益9B售06  ,0,0,0,0,0,0,0,0,0,22000,0,0,0,32000,10000,22000,22000
07936P,臺股指國票9B售08,0,0,0,0,0,0,0,0,0,22000,0,0,0,22000,0,22000,22000
07638P,長榮航國票9A售01,0,0,0,0,0,0,0,0,0,22000,0,0,0,122000,100000,22000,22000
6155,鈞寶            ,62000,41000,21000,0,0,0,0,0,0,1000,1000,0,1000,0,0,0,22000
08263P,台表科元大9C售06,0,0,0,0,0,0,0,0,0,21000,0,0,0,41000,20000,21000,21000
061638,國泰金元大9A購03,0,0,0,0,0,0,0,0,0,21000,0,0,0,31000,10000,21000,21000
063022,嘉晶元大9B購04  ,0,0,0,0,0,0,0,0,0,21000,0,0,0,69000,48000,21000,21000
1103,嘉泥            ,203000,206000,-3000,0,0,0,0,0,0,24000,24000,0,24000,0,0,0,21000
1773,勝一            ,47000,22000,25000,0,0,0,0,0,0,-4000,2000,6000,-4000,0,0,0,21000
06282P,聯鈞永豐97售02  ,0,0,0,0,0,0,0,0,0,21000,0,0,0,45000,24000,21000,21000
062663,聯發科群益9B購07,0,0,0,0,0,0,0,0,0,21000,0,0,0,46000,25000,21000,21000
062085,同欣電元大9B購01,0,0,0,0,0,0,0,0,0,21000,0,0,0,159000,138000,21000,21000
051382,玉晶光群益98購02,0,0,0,0,0,0,0,0,0,21000,0,0,0,22000,1000,21000,21000
052077,可成元富98購02  ,0,0,0,0,0,0,0,0,0,21000,0,0,0,99000,78000,21000,21000
054103,T50反1凱基99購04,0,0,0,0,0,0,0,0,0,21000,0,0,0,21000,0,21000,21000
054169,上緯控凱基98購01,0,0,0,0,0,0,0,0,0,21000,0,0,0,35000,14000,21000,21000
054632,緯穎凱基9A購01  ,0,0,0,0,0,0,0,0,0,21000,0,0,0,74000,53000,21000,21000
05642P,玉晶光兆豐97售02,0,0,0,0,0,0,0,0,0,21000,0,0,0,26000,5000,21000,21000
060336,南電康和9A購01  ,0,0,0,0,0,0,0,0,0,21000,0,0,0,344000,323000,21000,21000
058213,欣興群益99購01  ,0,0,0,0,0,0,0,0,0,21000,0,0,0,78000,57000,21000,21000
058459,南電永豐99購01  ,0,0,0,0,0,0,0,0,0,21000,0,0,0,74000,53000,21000,21000
057909,台光電兆豐98購01,0,0,0,0,0,0,0,0,0,21000,0,0,0,49000,28000,21000,21000
063306,聯茂凱基9C購01  ,0,0,0,0,0,0,0,0,0,21000,0,0,0,75000,54000,21000,21000
058569,健策凱基9A購01  ,0,0,0,0,0,0,0,0,0,21000,0,0,0,35000,14000,21000,21000
05958P,聯發科國票97售04,0,0,0,0,0,0,0,0,0,21000,0,0,0,40000,19000,21000,21000
07691P,宏達電元大9A售05,0,0,0,0,0,0,0,0,0,21000,0,0,0,21000,0,21000,21000
07734P,台積電富邦9C售10,0,0,0,0,0,0,0,0,0,21000,0,0,0,21000,0,21000,21000
07962P,聯詠中信05售03  ,0,0,0,0,0,0,0,0,0,21000,0,0,0,21000,0,21000,21000
08010P,大成鋼元大9B售01,0,0,0,0,0,0,0,0,0,21000,0,0,0,120000,99000,21000,21000
08206P,鴻海群益9C售03  ,0,0,0,0,0,0,0,0,0,21000,0,0,0,21000,0,21000,21000
061477,晶豪科元大9A購01,0,0,0,0,0,0,0,0,0,21000,0,0,0,32000,11000,21000,21000
07313P,台灣50元大99售11,0,0,0,0,0,0,0,0,0,21000,0,0,0,21000,0,21000,21000
06723P,台灣50麥證99售01,0,0,0,21000,550000,-529000,0,0,0,21000,0,0,0,571000,550000,21000,21000
06789P,鴻海凱基98售12  ,0,0,0,0,0,0,0,0,0,21000,0,0,0,24000,3000,21000,21000
06438P,玉晶光國票99售02,0,0,0,0,0,0,0,0,0,21000,0,0,0,235000,214000,21000,21000
064154,大立光統一01購04,0,0,0,0,0,0,0,0,0,21000,0,0,0,35000,14000,21000,21000
06505P,康控國票99售02  ,0,0,0,0,0,0,0,0,0,21000,0,0,0,43000,22000,21000,21000
06513P,鴻海凱基98售10  ,0,0,0,0,0,0,0,0,0,21000,0,0,0,21000,0,21000,21000
063605,健策凱基9C購02  ,0,0,0,0,0,0,0,0,0,21000,0,0,0,69000,48000,21000,21000
063815,玉晶光群益02購01,0,0,0,0,0,0,0,0,0,21000,0,0,0,42000,21000,21000,21000
063937,上銀元大9C購02  ,0,0,0,0,0,0,0,0,0,21000,0,0,0,21000,0,21000,21000
6525,捷敏-KY         ,48000,30000,18000,0,0,0,0,0,0,3000,3000,0,3000,0,0,0,21000
9902,台火            ,11000,4000,7000,0,0,0,0,0,0,14000,14000,0,14000,0,0,0,21000
062247,國巨元大9B購07  ,0,0,0,0,0,0,0,0,0,20000,0,0,0,20000,0,20000,20000
061017,國泰金麥證9A購01,0,0,0,20000,0,20000,0,0,0,20000,0,0,0,20000,0,20000,20000
060960,金像電凱基9B購01,0,0,0,0,0,0,0,0,0,20000,0,0,0,30000,10000,20000,20000
061039,台表科永豐9A購03,0,0,0,0,0,0,0,0,0,20000,0,0,0,20000,0,20000,20000
061065,神基凱基9A購01  ,0,0,0,0,0,0,0,0,0,20000,0,0,0,20000,0,20000,20000
061320,奇力新凱基9A購04,0,0,0,0,0,0,0,0,0,20000,0,0,0,20000,0,20000,20000
06133P,帆宣元富97售02  ,0,0,0,0,0,0,0,0,0,20000,0,0,0,20000,0,20000,20000
062925,建準國票9B購01  ,0,0,0,0,0,0,0,0,0,20000,0,0,0,20000,0,20000,20000
06293P,臺股指國票97售07,0,0,0,0,0,0,0,0,0,20000,0,0,0,20000,0,20000,20000
062729,神達凱基9B購02  ,0,0,0,0,0,0,0,0,0,20000,0,0,0,27000,7000,20000,20000
062760,漢唐凱基9B購01  ,0,0,0,0,0,0,0,0,0,20000,0,0,0,20000,0,20000,20000
1339,昭輝            ,74000,46000,28000,0,0,0,0,0,0,-8000,0,8000,-8000,0,0,0,20000
08366P,祥碩凱基9C售04  ,0,0,0,0,0,0,0,0,0,20000,0,0,0,20000,0,20000,20000
06169P,華新科元富97售02,0,0,0,0,0,0,0,0,0,20000,0,0,0,20000,0,20000,20000
061839,華新科凱基05購04,0,0,0,0,0,0,0,0,0,20000,0,0,0,40000,20000,20000,20000
061435,元金2X凱基9C購03,0,0,0,0,0,0,0,0,0,20000,0,0,0,22000,2000,20000,20000
08291P,智邦台新9C售02  ,0,0,0,0,0,0,0,0,0,20000,0,0,0,20000,0,20000,20000
062523,世紀鋼元大9C購03,0,0,0,0,0,0,0,0,0,20000,0,0,0,70000,50000,20000,20000
061967,旺宏統一01購04  ,0,0,0,0,0,0,0,0,0,20000,0,0,0,40000,20000,20000,20000
061969,大立光統一01購02,0,0,0,0,0,0,0,0,0,20000,0,0,0,110000,90000,20000,20000
056432,鴻海凱基98購08  ,0,0,0,0,0,0,0,0,0,20000,0,0,0,20000,0,20000,20000
055562,欣興凱基97購06  ,0,0,0,0,0,0,0,0,0,20000,0,0,0,20000,0,20000,20000
055568,緯穎凱基97購02  ,0,0,0,0,0,0,0,0,0,20000,0,0,0,40000,20000,20000,20000
055611,燿華國票98購02  ,0,0,0,0,0,0,0,0,0,20000,0,0,0,20000,0,20000,20000
055343,國巨凱基97購03  ,0,0,0,0,0,0,0,0,0,20000,0,0,0,20000,0,20000,20000
055385,昇陽半元大98購01,0,0,0,0,0,0,0,0,0,20000,0,0,0,20000,0,20000,20000
057102,亞光中信9A購01  ,0,0,0,0,0,0,0,0,0,20000,0,0,0,25000,5000,20000,20000
060165,上緯控永豐9A購01,0,0,0,0,0,0,0,0,0,20000,0,0,0,20000,0,20000,20000
060897,健策凱基9A購04  ,0,0,0,0,0,0,0,0,0,20000,0,0,0,23000,3000,20000,20000
060887,台積電統一01購01,0,0,0,0,0,0,0,0,0,20000,0,0,0,30000,10000,20000,20000
060241,國泰金元大9A購01,0,0,0,0,0,0,0,0,0,20000,0,0,0,52000,32000,20000,20000
060249,正文元大9C購01  ,0,0,0,0,0,0,0,0,0,20000,0,0,0,70000,50000,20000,20000
056259,T50反1統一9A購01,0,0,0,0,0,0,0,0,0,20000,0,0,0,20000,0,20000,20000
05466P,旺宏富邦97售01  ,0,0,0,0,0,0,0,0,0,20000,0,0,0,20000,0,20000,20000
054835,致新中信97購01  ,0,0,0,0,0,0,0,0,0,20000,0,0,0,20000,0,20000,20000
054846,瑞昱兆豐97購01  ,0,0,0,0,0,0,0,0,0,20000,0,0,0,20000,0,20000,20000
054811,裕隆元大9A購01  ,0,0,0,0,0,0,0,0,0,20000,0,0,0,20000,0,20000,20000
053887,聯茂兆豐97購02  ,0,0,0,0,0,0,0,0,0,20000,0,0,0,20000,0,20000,20000
053916,漢唐國票97購04  ,0,0,0,0,0,0,0,0,0,20000,0,0,0,20000,0,20000,20000
053673,超眾元富96購03  ,0,0,0,0,0,0,0,0,0,20000,0,0,0,20000,0,20000,20000
056390,台積電富邦9B購01,0,0,0,0,0,0,0,0,0,20000,0,0,0,20000,0,20000,20000
051914,健策元大96購06  ,0,0,0,0,0,0,0,0,0,20000,0,0,0,20000,0,20000,20000
051562,玉晶光國泰97購05,0,0,0,0,0,0,0,0,0,20000,0,0,0,20000,0,20000,20000
052618,群創國泰98購01  ,0,0,0,0,0,0,0,0,0,20000,0,0,0,20000,0,20000,20000
054967,神達元大97購01  ,0,0,0,0,0,0,0,0,0,20000,0,0,0,20000,0,20000,20000
048653,巨大元大96購02  ,0,0,0,0,0,0,0,0,0,20000,0,0,0,20000,0,20000,20000
047213,新日興富邦97購01,0,0,0,0,0,0,0,0,0,20000,0,0,0,20000,0,20000,20000
042116,元油2X國票97購01,0,0,0,0,0,0,0,0,0,20000,0,0,0,20000,0,20000,20000
055145,T50反1元大97購04,0,0,0,0,0,0,0,0,0,20000,0,0,0,20000,0,20000,20000
053092,台表科元大97購02,0,0,0,0,0,0,0,0,0,20000,0,0,0,20000,0,20000,20000
052942,聯發科中信97購04,0,0,0,0,0,0,0,0,0,20000,0,0,0,20000,0,20000,20000
055209,勤誠康和97購01  ,0,0,0,0,0,0,0,0,0,20000,0,0,0,20000,0,20000,20000
055221,矽創凱基97購02  ,0,0,0,0,0,0,0,0,0,20000,0,0,0,20000,0,20000,20000
052795,健策兆豐97購01  ,0,0,0,0,0,0,0,0,0,20000,0,0,0,20000,0,20000,20000
052748,群創元大9A購02  ,0,0,0,0,0,0,0,0,0,20000,0,0,0,20000,0,20000,20000
055036,中工富邦9B購01  ,0,0,0,0,0,0,0,0,0,20000,0,0,0,60000,40000,20000,20000
060388,世紀鋼凱基9B購01,0,0,0,0,0,0,0,0,0,20000,0,0,0,50000,30000,20000,20000
060429,南六永豐9A購01  ,0,0,0,0,0,0,0,0,0,20000,0,0,0,20000,0,20000,20000
058798,大立光元大99購11,0,0,0,0,0,0,0,0,0,20000,0,0,0,25000,5000,20000,20000
058794,旺宏元大99購09  ,0,0,0,0,0,0,0,0,0,20000,0,0,0,20000,0,20000,20000
057623,友訊國泰99購01  ,0,0,0,0,0,0,0,0,0,20000,0,0,0,20000,0,20000,20000
063215,台表科國票9C購02,0,0,0,0,0,0,0,0,0,20000,0,0,0,75000,55000,20000,20000
06342P,世芯統一98售01  ,0,0,0,0,0,0,0,0,0,20000,0,0,0,20000,0,20000,20000
057876,隆達元大98購01  ,0,0,0,0,0,0,0,0,0,20000,0,0,0,20000,0,20000,20000
05793P,臺股指中信99售08,0,0,0,0,0,0,0,0,0,20000,0,0,0,25000,5000,20000,20000
057691,健策凱基99購01  ,0,0,0,0,0,0,0,0,0,20000,0,0,0,86000,66000,20000,20000
057697,國巨群益98購09  ,0,0,0,0,0,0,0,0,0,20000,0,0,0,70000,50000,20000,20000
057799,世紀鋼兆豐98購01,0,0,0,0,0,0,0,0,0,20000,0,0,0,20000,0,20000,20000
058338,康友元富99購01  ,0,0,0,0,0,0,0,0,0,20000,0,0,0,70000,50000,20000,20000
058359,瑞昱凱基99購01  ,0,0,0,0,0,0,0,0,0,20000,0,0,0,20000,0,20000,20000
059199,欣興永豐99購02  ,0,0,0,0,0,0,0,0,0,20000,0,0,0,32000,12000,20000,20000
059224,大立光元大99購15,0,0,0,0,0,0,0,0,0,20000,0,0,0,35000,15000,20000,20000
060879,華新科中信9A購02,0,0,0,0,0,0,0,0,0,20000,0,0,0,20000,0,20000,20000
060558,億豐凱基9A購01  ,0,0,0,0,0,0,0,0,0,20000,0,0,0,20000,0,20000,20000
060559,世紀鋼凱基9C購01,0,0,0,0,0,0,0,0,0,20000,0,0,0,20000,0,20000,20000
06054P,臺股指中信9A售01,0,0,0,0,0,0,0,0,0,20000,0,0,0,20000,0,20000,20000
060833,道瓊反國票9A購01,0,0,0,0,0,0,0,0,0,20000,0,0,0,20000,0,20000,20000
060791,聯茂富邦9A購02  ,0,0,0,0,0,0,0,0,0,20000,0,0,0,20000,0,20000,20000
060616,宏碁元大9A購02  ,0,0,0,0,0,0,0,0,0,20000,0,0,0,114000,94000,20000,20000
060673,旺宏元大9A購04  ,0,0,0,0,0,0,0,0,0,20000,0,0,0,20000,0,20000,20000
06072P,牧德永豐97售01  ,0,0,0,0,0,0,0,0,0,20000,0,0,0,20000,0,20000,20000
060751,高股息元大9B購01,0,0,0,0,0,0,0,0,0,20000,0,0,0,20000,0,20000,20000
059742,富邦金元富99購01,0,0,0,0,0,0,0,0,0,20000,0,0,0,100000,80000,20000,20000
059729,群創元大9C購05  ,0,0,0,0,0,0,0,0,0,20000,0,0,0,20000,0,20000,20000
059767,矽力永豐99購01  ,0,0,0,0,0,0,0,0,0,20000,0,0,0,20000,0,20000,20000
059974,臺指反元大9C購05,0,0,0,0,0,0,0,0,0,20000,0,0,0,20000,0,20000,20000
059863,和大凱基99購01  ,0,0,0,0,0,0,0,0,0,20000,0,0,0,30000,10000,20000,20000
063770,台灣50富邦03購01,0,0,0,0,0,0,0,0,0,20000,0,0,0,20000,0,20000,20000
063687,金像電永豐9B購04,0,0,0,0,0,0,0,0,0,20000,0,0,0,20000,0,20000,20000
06467P,旺宏統一98售01  ,0,0,0,0,0,0,0,0,0,20000,0,0,0,65000,45000,20000,20000
064217,GIS凱基02購02   ,0,0,0,0,0,0,0,0,0,20000,0,0,0,26000,6000,20000,20000
06854P,鴻海富邦99售05  ,0,0,0,0,0,0,0,0,0,20000,0,0,0,20000,0,20000,20000
06715P,台積電元大99售04,0,0,0,0,0,0,0,0,0,20000,0,0,0,20000,0,20000,20000
06753P,智邦富邦98售03  ,0,0,0,0,0,0,0,0,0,20000,0,0,0,20000,0,20000,20000
06761P,台積電元大99售05,0,0,0,0,0,0,0,0,0,20000,0,0,0,20000,0,20000,20000
07068P,欣興台新99售01  ,0,0,0,0,0,0,0,0,0,20000,0,0,0,20000,0,20000,20000
06994P,台光電凱基99售02,0,0,0,0,0,0,0,0,0,20000,0,0,0,20000,0,20000,20000
07306P,台灣50凱基9A售09,0,0,0,0,0,0,0,0,0,20000,0,0,0,20000,0,20000,20000
07352P,台積電國票99售11,0,0,0,0,0,0,0,0,0,20000,0,0,0,20000,0,20000,20000
07147P,高鐵元大99售01  ,0,0,0,0,0,0,0,0,0,20000,0,0,0,20000,0,20000,20000
07148P,富邦金元大99售01,0,0,0,0,0,0,0,0,0,20000,0,0,0,130000,110000,20000,20000
07504P,聯詠元大9A售02  ,0,0,0,0,0,0,0,0,0,20000,0,0,0,20000,0,20000,20000
07573P,國巨元大9A售11  ,0,0,0,0,0,0,0,0,0,20000,0,0,0,20000,0,20000,20000
07551P,國巨元大9A售10  ,0,0,0,0,0,0,0,0,0,20000,0,0,0,20000,0,20000,20000
07445P,大立光凱基9A售08,0,0,0,0,0,0,0,0,0,20000,0,0,0,20000,0,20000,20000
062040,玉晶光凱基01購01,0,0,0,0,0,0,0,0,0,20000,0,0,0,20000,0,20000,20000
08242P,聯發科凱基9C售06,0,0,0,0,0,0,0,0,0,20000,0,0,0,20000,0,20000,20000
08029P,臺股指元大9B售36,0,0,0,0,0,0,0,0,0,20000,0,0,0,20000,0,20000,20000
08050P,臺股指國票9B售15,0,0,0,0,0,0,0,0,0,20000,0,0,0,20000,0,20000,20000
07990P,緯穎凱基9B售02  ,0,0,0,0,0,0,0,0,0,20000,0,0,0,171000,151000,20000,20000
07991P,鴻海群益9C售02  ,0,0,0,0,0,0,0,0,0,20000,0,0,0,63000,43000,20000,20000
07770P,台積電國票9A售07,0,0,0,0,0,0,0,0,0,20000,0,0,0,20000,0,20000,20000
07789P,緯穎群益9A售03  ,0,0,0,0,0,0,0,0,0,20000,0,0,0,20000,0,20000,20000
07777P,創意元大9A售03  ,0,0,0,0,0,0,0,0,0,20000,0,0,0,50000,30000,20000,20000
3057,喬鼎            ,22000,3000,19000,0,0,0,0,0,0,1000,1000,0,1000,0,0,0,20000
061847,力山國票9B購01  ,0,0,0,0,0,0,0,0,0,19000,0,0,0,60000,41000,19000,19000
061738,聯發科凱基9B購04,0,0,0,0,0,0,0,0,0,19000,0,0,0,20000,1000,19000,19000
063019,聯發科元大9C購01,0,0,0,0,0,0,0,0,0,19000,0,0,0,116000,97000,19000,19000
08314P,國巨元大9C售14  ,0,0,0,0,0,0,0,0,0,19000,0,0,0,85000,66000,19000,19000
08404P,技嘉元大9C售02  ,0,0,0,0,0,0,0,0,0,19000,0,0,0,30000,11000,19000,19000
062320,南電凱基9B購03  ,0,0,0,0,0,0,0,0,0,19000,0,0,0,201000,182000,19000,19000
055037,宏盛富邦99購01  ,0,0,0,0,0,0,0,0,0,19000,0,0,0,20000,1000,19000,19000
053114,聯茂兆豐97購01  ,0,0,0,0,0,0,0,0,0,19000,0,0,0,20000,1000,19000,19000
056583,昇陽半元大98購02,0,0,0,0,0,0,0,0,0,19000,0,0,0,99000,80000,19000,19000
055916,奇鋐凱基99購01  ,0,0,0,0,0,0,0,0,0,19000,0,0,0,64000,45000,19000,19000
055911,可成凱基98購02  ,0,0,0,0,0,0,0,0,0,19000,0,0,0,27000,8000,19000,19000
06026P,華通台新97售01  ,0,0,0,0,0,0,0,0,0,19000,0,0,0,19000,0,19000,19000
059032,元石油群益9C購03,0,0,0,0,0,0,0,0,0,19000,0,0,0,34000,15000,19000,19000
056434,國巨凱基98購03  ,0,0,0,0,0,0,0,0,0,19000,0,0,0,50000,31000,19000,19000
060557,南電凱基9A購02  ,0,0,0,0,0,0,0,0,0,19000,0,0,0,27000,8000,19000,19000
05916P,聯發科元大96售20,0,0,0,0,0,0,0,0,0,19000,0,0,0,20000,1000,19000,19000
059284,緯穎永豐99購03  ,0,0,0,0,0,0,0,0,0,19000,0,0,0,19000,0,19000,19000
07806P,健策永豐9A售02  ,0,0,0,0,0,0,0,0,0,19000,0,0,0,19000,0,19000,19000
07983P,茂林群益9B售03  ,0,0,0,0,0,0,0,0,0,19000,0,0,0,24000,5000,19000,19000
08081P,台灣50元大9B售20,0,0,0,0,0,0,0,0,0,19000,0,0,0,39000,20000,19000,19000
08189P,超眾群益9B售04  ,0,0,0,0,0,0,0,0,0,19000,0,0,0,19000,0,19000,19000
08236P,國巨富邦03售01  ,0,0,0,0,0,0,0,0,0,19000,0,0,0,22000,3000,19000,19000
08240P,華通中信06售03  ,0,0,0,0,0,0,0,0,0,19000,0,0,0,30000,11000,19000,19000
07587P,台灣50國票9A售11,0,0,0,0,0,0,0,0,0,19000,0,0,0,34000,15000,19000,19000
07238P,台灣50國票99售07,0,0,0,0,0,0,0,0,0,19000,0,0,0,25000,6000,19000,19000
06950P,鴻海統一9B售02  ,0,0,0,0,0,0,0,0,0,19000,0,0,0,34000,15000,19000,19000
06689P,鴻海中信9C售02  ,0,0,0,0,0,0,0,0,0,19000,0,0,0,96000,77000,19000,19000
06429P,大立光元大97售15,0,0,0,0,0,0,0,0,0,19000,0,0,0,19000,0,19000,19000
064433,金像電凱基02購01,0,0,0,0,0,0,0,0,0,19000,0,0,0,19000,0,19000,19000
064126,聯發科元大9C購05,0,0,0,0,0,0,0,0,0,19000,0,0,0,208000,189000,19000,19000
3015,全漢            ,65000,50000,15000,0,0,0,0,0,0,4000,4000,0,4000,0,0,0,19000
3032,偉訓            ,25000,9000,16000,0,0,0,0,0,0,3000,3000,0,3000,0,0,0,19000
6243,迅杰            ,20000,1000,19000,0,0,0,0,0,0,0,0,0,0,0,0,0,19000
6184,大豐電          ,27000,8000,19000,0,0,0,0,0,0,0,0,0,0,0,0,0,19000
061264,全新凱基9B購01  ,0,0,0,0,0,0,0,0,0,18000,0,0,0,18000,0,18000,18000
1903,士紙            ,48000,30000,18000,0,0,0,0,0,0,0,0,0,0,0,0,0,18000
1414,東和            ,21000,3000,18000,0,0,0,0,0,0,0,0,0,0,0,0,0,18000
2305,全友            ,18000,8000,10000,0,0,0,0,0,0,8000,8000,0,8000,0,0,0,18000
055626,力山永豐97購01  ,0,0,0,0,0,0,0,0,0,18000,0,0,0,18000,0,18000,18000
056651,聯茂凱基98購04  ,0,0,0,0,0,0,0,0,0,18000,0,0,0,20000,2000,18000,18000
055788,緯穎凱基97購04  ,0,0,0,0,0,0,0,0,0,18000,0,0,0,139000,121000,18000,18000
056122,勤誠群益97購02  ,0,0,0,0,0,0,0,0,0,18000,0,0,0,18000,0,18000,18000
054820,新日興元大97購01,0,0,0,0,0,0,0,0,0,18000,0,0,0,18000,0,18000,18000
054831,緯穎國泰98購01  ,0,0,0,0,0,0,0,0,0,18000,0,0,0,18000,0,18000,18000
00689R,國泰20年美債反1 ,72000,0,72000,0,0,0,0,0,0,-54000,0,0,0,100000,154000,-54000,18000
051503,玉晶光統一97購01,0,0,0,0,0,0,0,0,0,18000,0,0,0,18000,0,18000,18000
058070,華新科凱基98購07,0,0,0,0,0,0,0,0,0,18000,0,0,0,20000,2000,18000,18000
060341,國巨統一9C購02  ,0,0,0,0,0,0,0,0,0,18000,0,0,0,18000,0,18000,18000
063459,華通元大9B購08  ,0,0,0,0,0,0,0,0,0,18000,0,0,0,76000,58000,18000,18000
058551,義隆永豐99購03  ,0,0,0,0,0,0,0,0,0,18000,0,0,0,22000,4000,18000,18000
058596,旺宏台新99購01  ,0,0,0,0,0,0,0,0,0,18000,0,0,0,18000,0,18000,18000
058943,元石油群益9C購01,0,0,0,0,0,0,0,0,0,18000,0,0,0,22000,4000,18000,18000
05889P,群創元大98售02  ,0,0,0,0,0,0,0,0,0,18000,0,0,0,48000,30000,18000,18000
063729,國巨元大9C購08  ,0,0,0,0,0,0,0,0,0,18000,0,0,0,18000,0,18000,18000
064209,燿華凱基01購01  ,0,0,0,0,0,0,0,0,0,18000,0,0,0,251000,233000,18000,18000
06518P,奇力新兆豐99售01,0,0,0,0,0,0,0,0,0,18000,0,0,0,18000,0,18000,18000
06461P,玉晶光國泰9A售01,0,0,0,0,0,0,0,0,0,18000,0,0,0,107000,89000,18000,18000
06783P,亞光元大98售03  ,0,0,0,0,0,0,0,0,0,18000,0,0,0,74000,56000,18000,18000
07434P,臺股指國票9A售06,0,0,0,0,0,0,0,0,0,18000,0,0,0,18000,0,18000,18000
08251P,臺股指群益9C售09,0,0,0,0,0,0,0,0,0,18000,0,0,0,25000,7000,18000,18000
08044P,臺股指富邦9B售03,0,0,0,0,0,0,0,0,0,18000,0,0,0,18000,0,18000,18000
2911,麗嬰房          ,28000,6000,22000,0,0,0,0,0,0,-4000,0,4000,-4000,0,0,0,18000
3679,新至陞          ,30000,10000,20000,0,0,0,0,0,0,-2000,0,2000,-2000,0,0,0,18000
1416,廣豐            ,25000,8000,17000,0,0,0,0,0,0,0,0,0,0,0,0,0,17000
1762,中化生          ,697000,691000,6000,0,0,0,0,0,0,11000,11000,0,11000,0,0,0,17000
061124,微星永豐9A購02  ,0,0,0,0,0,0,0,0,0,17000,0,0,0,98000,81000,17000,17000
061973,上銀元大9B購01  ,0,0,0,0,0,0,0,0,0,17000,0,0,0,266000,249000,17000,17000
061157,聯鈞群益9A購02  ,0,0,0,0,0,0,0,0,0,17000,0,0,0,17000,0,17000,17000
062926,嘉澤國票9B購01  ,0,0,0,0,0,0,0,0,0,17000,0,0,0,81000,64000,17000,17000
063084,可成凱基9C購01  ,0,0,0,0,0,0,0,0,0,17000,0,0,0,53000,36000,17000,17000
063089,巨大凱基9C購01  ,0,0,0,0,0,0,0,0,0,17000,0,0,0,105000,88000,17000,17000
062403,健策永豐9B購06  ,0,0,0,0,0,0,0,0,0,17000,0,0,0,53000,36000,17000,17000
049892,國巨富邦96購01  ,0,0,0,0,0,0,0,0,0,17000,0,0,0,17000,0,17000,17000
060171,宏達電台新9A購01,0,0,0,0,0,0,0,0,0,17000,0,0,0,17000,0,17000,17000
06018P,康控凱基96售03  ,0,0,0,0,0,0,0,0,0,17000,0,0,0,17000,0,17000,17000
055620,樺漢國票98購01  ,0,0,0,0,0,0,0,0,0,17000,0,0,0,17000,0,17000,17000
057127,旺宏凱基98購09  ,0,0,0,0,0,0,0,0,0,17000,0,0,0,17000,0,17000,17000
05712P,友達統一97售03  ,0,0,0,0,0,0,0,0,0,17000,0,0,0,80000,63000,17000,17000
056911,緯穎元大99購01  ,0,0,0,0,0,0,0,0,0,17000,0,0,0,169000,152000,17000,17000
056813,聯茂統一99購01  ,0,0,0,0,0,0,0,0,0,17000,0,0,0,56000,39000,17000,17000
058719,智邦元富99購01  ,0,0,0,0,0,0,0,0,0,17000,0,0,0,20000,3000,17000,17000
05950P,台積電國票97售04,0,0,0,0,0,0,0,0,0,17000,0,0,0,38000,21000,17000,17000
063462,金像電元大9C購01,0,0,0,0,0,0,0,0,0,17000,0,0,0,60000,43000,17000,17000
063504,國巨群益9C購06  ,0,0,0,0,0,0,0,0,0,17000,0,0,0,17000,0,17000,17000
059086,國巨元大99購18  ,0,0,0,0,0,0,0,0,0,17000,0,0,0,72000,55000,17000,17000
059922,大立光元大99購25,0,0,0,0,0,0,0,0,0,17000,0,0,0,26000,9000,17000,17000
08121P,聯發科國票9B售05,0,0,0,0,0,0,0,0,0,17000,0,0,0,32000,15000,17000,17000
07870P,鴻海群益9B售01  ,0,0,0,0,0,0,0,0,0,17000,0,0,0,17000,0,17000,17000
07757P,國巨國票9B售04  ,0,0,0,0,0,0,0,0,0,17000,0,0,0,17000,0,17000,17000
07593P,臺股指凱基9A售08,0,0,0,0,0,0,0,0,0,17000,0,0,0,70000,53000,17000,17000
07574P,國巨元大9A售12  ,0,0,0,0,0,0,0,0,0,17000,0,0,0,20000,3000,17000,17000
07276P,臺股指群益99售19,0,0,0,0,0,0,0,0,0,17000,0,0,0,27000,10000,17000,17000
07209P,台積電凱基9A售10,0,0,0,0,0,0,0,0,0,17000,0,0,0,17000,0,17000,17000
06850P,聯茂元大98售06  ,0,0,0,0,0,0,0,0,0,17000,0,0,0,17000,0,17000,17000
07044P,台積電元大99售13,0,0,0,0,0,0,0,0,0,17000,0,0,0,20000,3000,17000,17000
06630P,國巨群益98售08  ,0,0,0,0,0,0,0,0,0,17000,0,0,0,17000,0,17000,17000
063808,台表科兆豐9C購01,0,0,0,0,0,0,0,0,0,17000,0,0,0,193000,176000,17000,17000
063922,大立光元富9C購04,0,0,0,0,0,0,0,0,0,17000,0,0,0,88000,71000,17000,17000
6283,淳安            ,49000,34000,15000,0,0,0,0,0,0,2000,2000,0,2000,0,0,0,17000
06266P,大立光凱基97售11,0,0,0,0,0,0,0,0,0,16000,0,0,0,17000,1000,16000,16000
062641,瀚宇博國票9B購01,0,0,0,0,0,0,0,0,0,16000,0,0,0,16000,0,16000,16000
062599,鴻海台新9B購01  ,0,0,0,0,0,0,0,0,0,16000,0,0,0,16000,0,16000,16000
06254P,臺股指群益97售07,0,0,0,0,0,0,0,0,0,16000,0,0,0,16000,0,16000,16000
2106,建大            ,203000,190000,13000,0,0,0,0,0,0,3000,5000,2000,3000,0,0,0,16000
057163,上銀元大98購04  ,0,0,0,0,0,0,0,0,0,16000,0,0,0,16000,0,16000,16000
060265,宏達電國票9A購02,0,0,0,0,0,0,0,0,0,16000,0,0,0,20000,4000,16000,16000
056151,建準凱基97購01  ,0,0,0,0,0,0,0,0,0,16000,0,0,0,16000,0,16000,16000
055970,聯茂元大97購04  ,0,0,0,0,0,0,0,0,0,16000,0,0,0,50000,34000,16000,16000
054975,福懋科元大97購01,0,0,0,0,0,0,0,0,0,16000,0,0,0,121000,105000,16000,16000
052004,泰碩國泰97購03  ,0,0,0,0,0,0,0,0,0,16000,0,0,0,31000,15000,16000,16000
054720,禾伸堂永豐97購01,0,0,0,0,0,0,0,0,0,16000,0,0,0,40000,24000,16000,16000
054510,S&P反1元大98購01,0,0,0,0,0,0,0,0,0,16000,0,0,0,16000,0,16000,16000
054161,友訊凱基98購01  ,0,0,0,0,0,0,0,0,0,16000,0,0,0,68000,52000,16000,16000
057302,福懋科中信98購01,0,0,0,0,0,0,0,0,0,16000,0,0,0,16000,0,16000,16000
057195,南茂元大98購01  ,0,0,0,0,0,0,0,0,0,16000,0,0,0,354000,338000,16000,16000
053855,康友國泰98購01  ,0,0,0,0,0,0,0,0,0,16000,0,0,0,16000,0,16000,16000
057856,聯鈞國票99購03  ,0,0,0,0,0,0,0,0,0,16000,0,0,0,16000,0,16000,16000
057684,聯茂日盛99購01  ,0,0,0,0,0,0,0,0,0,16000,0,0,0,40000,24000,16000,16000
060812,智邦凱基9A購01  ,0,0,0,0,0,0,0,0,0,16000,0,0,0,41000,25000,16000,16000
058612,健策元大99購02  ,0,0,0,0,0,0,0,0,0,16000,0,0,0,31000,15000,16000,16000
057658,玉晶光兆豐99購02,0,0,0,0,0,0,0,0,0,16000,0,0,0,20000,4000,16000,16000
057633,緯穎永豐98購02  ,0,0,0,0,0,0,0,0,0,16000,0,0,0,36000,20000,16000,16000
059511,宏達電永豐99購02,0,0,0,0,0,0,0,0,0,16000,0,0,0,16000,0,16000,16000
063559,力山元大9B購04  ,0,0,0,0,0,0,0,0,0,16000,0,0,0,125000,109000,16000,16000
063569,美食元大9B購03  ,0,0,0,0,0,0,0,0,0,16000,0,0,0,172000,156000,16000,16000
06592P,欣興元大98售04  ,0,0,0,0,0,0,0,0,0,16000,0,0,0,16000,0,16000,16000
06500P,臺股指元大9A售05,0,0,0,0,0,0,0,0,0,16000,0,0,0,16000,0,16000,16000
064490,金像電元大9C購02,0,0,0,0,0,0,0,0,0,16000,0,0,0,34000,18000,16000,16000
064177,立積國泰01購01  ,0,0,0,0,0,0,0,0,0,16000,0,0,0,16000,0,16000,16000
07173P,臺股指國票99售10,0,0,0,0,0,0,0,0,0,16000,0,0,0,98000,82000,16000,16000
07481P,大立光台新9A售01,0,0,0,0,0,0,0,0,0,16000,0,0,0,16000,0,16000,16000
07977P,華新科群益01售01,0,0,0,0,0,0,0,0,0,16000,0,0,0,27000,11000,16000,16000
07981P,上銀群益9B售04  ,0,0,0,0,0,0,0,0,0,16000,0,0,0,399000,383000,16000,16000
07975P,國巨元大9B售15  ,0,0,0,0,0,0,0,0,0,16000,0,0,0,30000,14000,16000,16000
08146P,台積電群益9B售08,0,0,0,0,0,0,0,0,0,16000,0,0,0,116000,100000,16000,16000
08043P,電子類群益9B售01,0,0,0,0,0,0,0,0,0,16000,0,0,0,17000,1000,16000,16000
061475,漢唐元大9A購01  ,0,0,0,0,0,0,0,0,0,16000,0,0,0,16000,0,16000,16000
8261,富鼎            ,200000,190000,10000,0,0,0,0,0,0,6000,6000,0,6000,0,0,0,16000
4566,時碩工業        ,35000,21000,14000,0,0,0,0,0,0,2000,2000,0,2000,0,0,0,16000
3013,晟銘電          ,14000,13000,1000,0,0,0,0,0,0,15000,15000,0,15000,0,0,0,16000
3383,新世紀          ,16000,0,16000,0,0,0,0,0,0,0,0,0,0,0,0,0,16000
062547,玉晶光永豐9B購05,0,0,0,0,0,0,0,0,0,15000,0,0,0,25000,10000,15000,15000
061873,友達元大9C購07  ,0,0,0,0,0,0,0,0,0,15000,0,0,0,69000,54000,15000,15000
061837,華新科凱基05購02,0,0,0,0,0,0,0,0,0,15000,0,0,0,20000,5000,15000,15000
062334,健策統一9B購02  ,0,0,0,0,0,0,0,0,0,15000,0,0,0,22000,7000,15000,15000
062371,健策元大9B購08  ,0,0,0,0,0,0,0,0,0,15000,0,0,0,124000,109000,15000,15000
062291,力成富邦9B購01  ,0,0,0,0,0,0,0,0,0,15000,0,0,0,15000,0,15000,15000
061198,世紀鋼永豐9A購03,0,0,0,0,0,0,0,0,0,15000,0,0,0,24000,9000,15000,15000
061254,道瓊反凱基9A購02,0,0,0,0,0,0,0,0,0,15000,0,0,0,40000,25000,15000,15000
057323,智邦群益98購01  ,0,0,0,0,0,0,0,0,0,15000,0,0,0,16000,1000,15000,15000
055270,上銀元大97購03  ,0,0,0,0,0,0,0,0,0,15000,0,0,0,15000,0,15000,15000
051560,玉晶光國泰97購03,0,0,0,0,0,0,0,0,0,15000,0,0,0,17000,2000,15000,15000
020008,元大特股高息N   ,0,0,0,0,0,0,0,0,0,15000,0,0,0,15000,0,15000,15000
051375,道瓊反群益9A購01,0,0,0,0,0,0,0,0,0,15000,0,0,0,15000,0,15000,15000
046864,和大統一97購01  ,0,0,0,0,0,0,0,0,0,15000,0,0,0,15000,0,15000,15000
056659,泰碩元大99購01  ,0,0,0,0,0,0,0,0,0,15000,0,0,0,19000,4000,15000,15000
057092,健策元富98購01  ,0,0,0,0,0,0,0,0,0,15000,0,0,0,145000,130000,15000,15000
056684,旺宏統一98購02  ,0,0,0,0,0,0,0,0,0,15000,0,0,0,65000,50000,15000,15000
056766,義隆元大98購01  ,0,0,0,0,0,0,0,0,0,15000,0,0,0,15000,0,15000,15000
055437,禾伸堂中信99購01,0,0,0,0,0,0,0,0,0,15000,0,0,0,85000,70000,15000,15000
057583,啟碁中信9A購01  ,0,0,0,0,0,0,0,0,0,15000,0,0,0,20000,5000,15000,15000
05933P,鴻海凱基97售03  ,0,0,0,0,0,0,0,0,0,15000,0,0,0,15000,0,15000,15000
059007,南電元大99購05  ,0,0,0,0,0,0,0,0,0,15000,0,0,0,27000,12000,15000,15000
059634,可成凱基99購07  ,0,0,0,0,0,0,0,0,0,15000,0,0,0,21000,6000,15000,15000
063505,奇力新群益9B購03,0,0,0,0,0,0,0,0,0,15000,0,0,0,15000,0,15000,15000
063298,統一凱基9B購01  ,0,0,0,0,0,0,0,0,0,15000,0,0,0,20000,5000,15000,15000
060600,台積電凱基9C購01,0,0,0,0,0,0,0,0,0,15000,0,0,0,16000,1000,15000,15000
058278,FBVIX中信03購02 ,0,0,0,0,0,0,0,0,0,15000,0,0,0,26000,11000,15000,15000
057945,京鼎國票99購03  ,0,0,0,0,0,0,0,0,0,15000,0,0,0,40000,25000,15000,15000
059151,臺股指國票99購14,0,0,0,0,0,0,0,0,0,15000,0,0,0,23000,8000,15000,15000
060636,大毅永豐9A購02  ,0,0,0,0,0,0,0,0,0,15000,0,0,0,15000,0,15000,15000
08208P,臺股指群益9B售16,0,0,0,0,0,0,0,0,0,15000,0,0,0,20000,5000,15000,15000
07946P,華通統一9B售02  ,0,0,0,0,0,0,0,0,0,15000,0,0,0,20000,5000,15000,15000
07887P,台積電國票9C售03,0,0,0,0,0,0,0,0,0,15000,0,0,0,15000,0,15000,15000
07818P,台積電國票9C售01,0,0,0,0,0,0,0,0,0,15000,0,0,0,15000,0,15000,15000
07684P,大立光凱基9A售11,0,0,0,0,0,0,0,0,0,15000,0,0,0,15000,0,15000,15000
07651P,道瓊指中信01售01,0,0,0,0,0,0,0,0,0,15000,0,0,0,32000,17000,15000,15000
07627P,超眾凱基9A售02  ,0,0,0,0,0,0,0,0,0,15000,0,0,0,15000,0,15000,15000
07547P,緯穎凱基9A售05  ,0,0,0,0,0,0,0,0,0,15000,0,0,0,15000,0,15000,15000
07305P,T50正2群益99售02,0,0,0,0,0,0,0,0,0,15000,0,0,0,55000,40000,15000,15000
07028P,大立光群益99售06,0,0,0,0,0,0,0,0,0,15000,0,0,0,15000,0,15000,15000
06932P,大立光元大98售21,0,0,0,0,0,0,0,0,0,15000,0,0,0,15000,0,15000,15000
06776P,鴻海元大99售05  ,0,0,0,0,0,0,0,0,0,15000,0,0,0,15000,0,15000,15000
06781P,大立光元大98售19,0,0,0,0,0,0,0,0,0,15000,0,0,0,15000,0,15000,15000
064195,晶豪科群益9C購01,0,0,0,0,0,0,0,0,0,15000,0,0,0,15000,0,15000,15000
064238,玉晶光統一01購08,0,0,0,0,0,0,0,0,0,15000,0,0,0,15000,0,15000,15000
064567,晶技群益01購01  ,0,0,0,0,0,0,0,0,0,15000,0,0,0,111000,96000,15000,15000
06548P,大立光元大98售10,0,0,0,0,0,0,0,0,0,15000,0,0,0,15000,0,15000,15000
06594P,立積元大98售01  ,0,0,0,0,0,0,0,0,0,15000,0,0,0,15000,0,15000,15000
063550,可成國票9C購01  ,0,0,0,0,0,0,0,0,0,15000,0,0,0,32000,17000,15000,15000
064045,南亞科統一9C購04,0,0,0,0,0,0,0,0,0,15000,0,0,0,50000,35000,15000,15000
4572,駐龍            ,17000,2000,15000,0,0,0,0,0,0,0,0,0,0,0,0,0,15000
4555,氣立            ,56000,11000,45000,0,0,0,0,0,0,-30000,0,30000,-30000,0,0,0,15000
8940,新天地          ,28000,13000,15000,0,0,0,0,0,0,0,0,0,0,0,0,0,15000
061203,國巨元大9A購15  ,0,0,0,0,0,0,0,0,0,14000,0,0,0,64000,50000,14000,14000
061201,FBVIX元大01購03 ,0,0,0,0,0,0,0,0,0,14000,0,0,0,14000,0,14000,14000
061072,南電凱基9B購01  ,0,0,0,0,0,0,0,0,0,14000,0,0,0,38000,24000,14000,14000
062620,台表科元大9B購04,0,0,0,0,0,0,0,0,0,14000,0,0,0,78000,64000,14000,14000
062400,晶豪科永豐9B購02,0,0,0,0,0,0,0,0,0,14000,0,0,0,15000,1000,14000,14000
2002A,中鋼特          ,0,0,0,0,0,0,0,0,0,14000,22000,8000,14000,0,0,0,14000
2538,基泰            ,73000,86000,-13000,0,0,0,0,0,0,27000,27000,0,27000,0,0,0,14000
2477,美隆電          ,18000,8000,10000,0,0,0,0,0,0,4000,4000,0,4000,0,0,0,14000
1806,冠軍            ,36000,22000,14000,0,0,0,0,0,0,0,0,0,0,0,0,0,14000
1529,樂士            ,16000,4000,12000,0,0,0,0,0,0,2000,2000,0,2000,0,0,0,14000
057044,旺宏元大98購08  ,0,0,0,0,0,0,0,0,0,14000,0,0,0,14000,0,14000,14000
057455,景碩國泰99購01  ,0,0,0,0,0,0,0,0,0,14000,0,0,0,17000,3000,14000,14000
057412,臺股指群益99購06,0,0,0,0,0,0,0,0,0,14000,0,0,0,14000,0,14000,14000
00713,元大台灣高息低波,1000,1000,0,0,0,0,0,0,0,14000,0,0,0,24000,10000,14000,14000
03430B,臺股指元大9B熊01,0,0,0,0,0,0,0,0,0,14000,0,0,0,14000,0,14000,14000
054463,瑞昱凱基97購01  ,0,0,0,0,0,0,0,0,0,14000,0,0,0,14000,0,14000,14000
057277,可成元大98購05  ,0,0,0,0,0,0,0,0,0,14000,0,0,0,54000,40000,14000,14000
059979,台積電元大99購49,0,0,0,0,0,0,0,0,0,14000,0,0,0,15000,1000,14000,14000
060099,宏達電元大99購09,0,0,0,0,0,0,0,0,0,14000,0,0,0,39000,25000,14000,14000
057960,聯鈞元大98購02  ,0,0,0,0,0,0,0,0,0,14000,0,0,0,14000,0,14000,14000
059207,臺指反元大9C購02,0,0,0,0,0,0,0,0,0,14000,0,0,0,14000,0,14000,14000
063219,友達群益9B購03  ,0,0,0,0,0,0,0,0,0,14000,0,0,0,132000,118000,14000,14000
058618,南電元大99購02  ,0,0,0,0,0,0,0,0,0,14000,0,0,0,15000,1000,14000,14000
058950,國巨群益99購06  ,0,0,0,0,0,0,0,0,0,14000,0,0,0,33000,19000,14000,14000
058884,世紀鋼永豐99購02,0,0,0,0,0,0,0,0,0,14000,0,0,0,14000,0,14000,14000
06405P,億光元富97售02  ,0,0,0,0,0,0,0,0,0,14000,0,0,0,24000,10000,14000,14000
063777,儒鴻永豐9B購02  ,0,0,0,0,0,0,0,0,0,14000,0,0,0,14000,0,14000,14000
06648P,華邦電元大98售03,0,0,0,0,0,0,0,0,0,14000,0,0,0,14000,0,14000,14000
064359,華通統一9C購05  ,0,0,0,0,0,0,0,0,0,14000,0,0,0,51000,37000,14000,14000
07137P,大立光中信9B售01,0,0,0,0,0,0,0,0,0,14000,0,0,0,14000,0,14000,14000
07772P,華新科國票9A售05,0,0,0,0,0,0,0,0,0,14000,0,0,0,14000,0,14000,14000
07879P,瑞昱群益9C售01  ,0,0,0,0,0,0,0,0,0,14000,0,0,0,83000,69000,14000,14000
062027,國泰金群益9B購01,0,0,0,0,0,0,0,0,0,14000,0,0,0,23000,9000,14000,14000
08030P,臺股指元大9B售37,0,0,0,0,0,0,0,0,0,14000,0,0,0,22000,8000,14000,14000
08051P,臺股指國票9B售16,0,0,0,0,0,0,0,0,0,14000,0,0,0,14000,0,14000,14000
9924,福興            ,49000,35000,14000,0,0,0,0,0,0,0,0,0,0,0,0,0,14000
6591,動力-KY         ,54000,39000,15000,0,0,0,0,0,0,-1000,1000,2000,-1000,0,0,0,14000
4155,訊映            ,63000,50000,13000,0,0,0,0,0,0,1000,1000,0,1000,0,0,0,14000
4999,鑫禾            ,19000,6000,13000,0,0,0,0,0,0,1000,1000,0,1000,0,0,0,14000
4763,材料-KY         ,26000,8000,18000,0,0,0,0,0,0,-4000,1000,5000,-4000,0,0,0,14000
3346,麗清            ,25000,13000,12000,0,0,0,0,0,0,2000,2000,0,2000,0,0,0,14000
1456,怡華            ,16000,3000,13000,0,0,0,0,0,0,0,0,0,0,0,0,0,13000
061910,台積電中信05購03,0,0,0,0,0,0,0,0,0,13000,0,0,0,19000,6000,13000,13000
061731,旺宏統一9B購06  ,0,0,0,0,0,0,0,0,0,13000,0,0,0,13000,0,13000,13000
061728,華新科麥證9A購02,0,0,0,13000,0,13000,0,0,0,13000,0,0,0,13000,0,13000,13000
062419,台積電統一9B購15,0,0,0,0,0,0,0,0,0,13000,0,0,0,77000,64000,13000,13000
062673,台新金中信03購01,0,0,0,0,0,0,0,0,0,13000,0,0,0,27000,14000,13000,13000
062265,南茂元大9B購01  ,0,0,0,0,0,0,0,0,0,13000,0,0,0,149000,136000,13000,13000
06105P,國巨國票98售02  ,0,0,0,0,0,0,0,0,0,13000,0,0,0,214000,201000,13000,13000
057342,玉晶光台新98購01,0,0,0,0,0,0,0,0,0,13000,0,0,0,13000,0,13000,13000
052604,建準元大97購01  ,0,0,0,0,0,0,0,0,0,13000,0,0,0,49000,36000,13000,13000
056820,欣興永豐98購02  ,0,0,0,0,0,0,0,0,0,13000,0,0,0,36000,23000,13000,13000
057439,元油2X統一99購02,0,0,0,0,0,0,0,0,0,13000,0,0,0,13000,0,13000,13000
060189,宏達電元富9B購03,0,0,0,0,0,0,0,0,0,13000,0,0,0,98000,85000,13000,13000
060929,健策永豐9A購01  ,0,0,0,0,0,0,0,0,0,13000,0,0,0,28000,15000,13000,13000
056507,創意永豐98購02  ,0,0,0,0,0,0,0,0,0,13000,0,0,0,40000,27000,13000,13000
058938,台積電中信01購03,0,0,0,0,0,0,0,0,0,13000,0,0,0,52000,39000,13000,13000
059379,聯電亞東99購02  ,0,0,0,0,0,0,0,0,0,13000,0,0,0,13000,0,13000,13000
059785,美律元大9A購03  ,0,0,0,0,0,0,0,0,0,13000,0,0,0,18000,5000,13000,13000
060752,上銀元大9A購04  ,0,0,0,0,0,0,0,0,0,13000,0,0,0,13000,0,13000,13000
060718,中磊永豐9A購01  ,0,0,0,0,0,0,0,0,0,13000,0,0,0,39000,26000,13000,13000
058229,為升元大99購02  ,0,0,0,0,0,0,0,0,0,13000,0,0,0,68000,55000,13000,13000
058193,緯穎永豐99購01  ,0,0,0,0,0,0,0,0,0,13000,0,0,0,13000,0,13000,13000
07342P,大立光凱基99售14,0,0,0,0,0,0,0,0,0,13000,0,0,0,78000,65000,13000,13000
07031P,台灣50中信03售02,0,0,0,0,0,0,0,0,0,13000,0,0,0,113000,100000,13000,13000
06590P,大立光元大98售13,0,0,0,0,0,0,0,0,0,13000,0,0,0,13000,0,13000,13000
06551P,貿聯元大98售05  ,0,0,0,0,0,0,0,0,0,13000,0,0,0,113000,100000,13000,13000
064496,聯發科元大9C購10,0,0,0,0,0,0,0,0,0,13000,0,0,0,60000,47000,13000,13000
063769,玉晶光國泰02購01,0,0,0,0,0,0,0,0,0,13000,0,0,0,337000,324000,13000,13000
064074,南茂永豐9C購01  ,0,0,0,0,0,0,0,0,0,13000,0,0,0,39000,26000,13000,13000
2936,客思達-KY       ,13000,0,13000,0,0,0,0,0,0,0,0,0,0,0,0,0,13000
2881B,富邦金乙特      ,0,0,0,0,0,0,0,0,0,13000,13000,0,13000,0,0,0,13000
061165,美律兆豐9A購01  ,0,0,0,0,0,0,0,0,0,12000,0,0,0,12000,0,12000,12000
06294P,臺股指國票97售08,0,0,0,0,0,0,0,0,0,12000,0,0,0,15000,3000,12000,12000
062071,華通元大9B購02  ,0,0,0,0,0,0,0,0,0,12000,0,0,0,86000,74000,12000,12000
062346,智邦群益9B購02  ,0,0,0,0,0,0,0,0,0,12000,0,0,0,43000,31000,12000,12000
06256P,臺股指群益97售09,0,0,0,0,0,0,0,0,0,12000,0,0,0,14000,2000,12000,12000
061838,華新科凱基05購03,0,0,0,0,0,0,0,0,0,12000,0,0,0,12000,0,12000,12000
1540,喬福            ,9000,7000,2000,0,0,0,0,0,0,10000,10000,0,10000,0,0,0,12000
1533,車王電          ,24000,12000,12000,0,0,0,0,0,0,0,0,0,0,0,0,0,12000
1465,偉全            ,12000,8000,4000,0,0,0,0,0,0,8000,8000,0,8000,0,0,0,12000
2482,連宇            ,17000,5000,12000,0,0,0,0,0,0,0,0,0,0,0,0,0,12000
2488,漢平            ,47000,35000,12000,0,0,0,0,0,0,0,0,0,0,0,0,0,12000
2069,運錩            ,12000,0,12000,0,0,0,0,0,0,0,0,0,0,0,0,0,12000
2427,三商電          ,4000,2000,2000,0,0,0,0,0,0,10000,10000,0,10000,0,0,0,12000
059081,和大元大99購01  ,0,0,0,0,0,0,0,0,0,12000,0,0,0,18000,6000,12000,12000
05905P,晶技統一97售01  ,0,0,0,0,0,0,0,0,0,12000,0,0,0,12000,0,12000,12000
057257,台泥兆豐99購01  ,0,0,0,0,0,0,0,0,0,12000,0,0,0,12000,0,12000,12000
059966,台積電凱基99購19,0,0,0,0,0,0,0,0,0,12000,0,0,0,12000,0,12000,12000
059169,可成凱基99購04  ,0,0,0,0,0,0,0,0,0,12000,0,0,0,19000,7000,12000,12000
060854,台積電富邦9C購08,0,0,0,0,0,0,0,0,0,12000,0,0,0,15000,3000,12000,12000
058016,智邦凱基98購06  ,0,0,0,0,0,0,0,0,0,12000,0,0,0,12000,0,12000,12000
057764,台表科凱基9A購01,0,0,0,0,0,0,0,0,0,12000,0,0,0,12000,0,12000,12000
059503,大立光富邦9B購04,0,0,0,0,0,0,0,0,0,12000,0,0,0,130000,118000,12000,12000
057526,智邦元大98購10  ,0,0,0,0,0,0,0,0,0,12000,0,0,0,12000,0,12000,12000
058967,可成麥證99購01  ,0,0,0,25000,8000,17000,0,0,0,12000,0,0,0,28000,16000,12000,12000
063220,建準群益9B購01  ,0,0,0,0,0,0,0,0,0,12000,0,0,0,59000,47000,12000,12000
063184,台光電凱基9B購03,0,0,0,0,0,0,0,0,0,12000,0,0,0,55000,43000,12000,12000
059672,滬深2X元富99購06,0,0,0,0,0,0,0,0,0,12000,0,0,0,12000,0,12000,12000
063296,可成麥證9B購01  ,0,0,0,15000,1000,14000,0,0,0,12000,0,0,0,16000,4000,12000,12000
06411P,晶相光永豐97售03,0,0,0,0,0,0,0,0,0,12000,0,0,0,37000,25000,12000,12000
063785,華通中信06購02  ,0,0,0,0,0,0,0,0,0,12000,0,0,0,12000,0,12000,12000
06613P,華新科富邦9A售03,0,0,0,0,0,0,0,0,0,12000,0,0,0,30000,18000,12000,12000
064162,貿聯統一02購01  ,0,0,0,0,0,0,0,0,0,12000,0,0,0,60000,48000,12000,12000
07062P,台積電元大99售15,0,0,0,0,0,0,0,0,0,12000,0,0,0,50000,38000,12000,12000
07508P,華新科國票9A售03,0,0,0,0,0,0,0,0,0,12000,0,0,0,12000,0,12000,12000
08084P,台表科元大9B售06,0,0,0,0,0,0,0,0,0,12000,0,0,0,17000,5000,12000,12000
08211P,台表科元富9B售03,0,0,0,0,0,0,0,0,0,12000,0,0,0,32000,20000,12000,12000
061448,旺宏中信9A購02  ,0,0,0,0,0,0,0,0,0,12000,0,0,0,25000,13000,12000,12000
07820P,臺股指國票9A售11,0,0,0,0,0,0,0,0,0,12000,0,0,0,38000,26000,12000,12000
3031,佰鴻            ,39000,30000,9000,0,0,0,0,0,0,3000,5000,2000,3000,0,0,0,12000
6115,鎰勝            ,10000,2000,8000,0,0,0,0,0,0,4000,4000,0,4000,0,0,0,12000
5288,豐祥-KY         ,39000,28000,11000,0,0,0,0,0,0,1000,1000,0,1000,0,0,0,12000
6152,百一            ,16000,5000,11000,0,0,0,0,0,0,1000,1000,0,1000,0,0,0,12000
9908,大台北          ,18000,6000,12000,0,0,0,0,0,0,0,0,0,0,0,0,0,12000
1817,凱撒衛          ,9000,3000,6000,0,0,0,0,0,0,5000,5000,0,5000,0,0,0,11000
1110,東泥            ,12000,1000,11000,0,0,0,0,0,0,0,0,0,0,0,0,0,11000
061698,智邦國票9A購04  ,0,0,0,0,0,0,0,0,0,11000,0,0,0,22000,11000,11000,11000
062012,燿華富邦9C購01  ,0,0,0,0,0,0,0,0,0,11000,0,0,0,767000,756000,11000,11000
062266,世紀鋼元大9B購02,0,0,0,0,0,0,0,0,0,11000,0,0,0,21000,10000,11000,11000
062409,巨大永豐9B購02  ,0,0,0,0,0,0,0,0,0,11000,0,0,0,80000,69000,11000,11000
061524,華通凱基9A購07  ,0,0,0,0,0,0,0,0,0,11000,0,0,0,20000,9000,11000,11000
063093,國產國票9B購01  ,0,0,0,0,0,0,0,0,0,11000,0,0,0,11000,0,11000,11000
062745,聯詠永豐9B購01  ,0,0,0,0,0,0,0,0,0,11000,0,0,0,17000,6000,11000,11000
062829,泰碩群益9B購01  ,0,0,0,0,0,0,0,0,0,11000,0,0,0,16000,5000,11000,11000
054628,可成凱基98購01  ,0,0,0,0,0,0,0,0,0,11000,0,0,0,11000,0,11000,11000
054965,健策元大98購04  ,0,0,0,0,0,0,0,0,0,11000,0,0,0,11000,0,11000,11000
055108,智邦凱基98購01  ,0,0,0,0,0,0,0,0,0,11000,0,0,0,65000,54000,11000,11000
055993,致茂國泰99購01  ,0,0,0,0,0,0,0,0,0,11000,0,0,0,20000,9000,11000,11000
056011,矽力中信99購01  ,0,0,0,0,0,0,0,0,0,11000,0,0,0,11000,0,11000,11000
056133,可成元大97購05  ,0,0,0,0,0,0,0,0,0,11000,0,0,0,11000,0,11000,11000
056084,漢唐統一97購03  ,0,0,0,0,0,0,0,0,0,11000,0,0,0,23000,12000,11000,11000
063301,鴻海凱基9B購08  ,0,0,0,0,0,0,0,0,0,11000,0,0,0,31000,20000,11000,11000
063210,百和統一9C購01  ,0,0,0,0,0,0,0,0,0,11000,0,0,0,14000,3000,11000,11000
059607,台積電富邦9C購04,0,0,0,0,0,0,0,0,0,11000,0,0,0,117000,106000,11000,11000
058451,智邦永豐9A購01  ,0,0,0,0,0,0,0,0,0,11000,0,0,0,11000,0,11000,11000
058051,同欣電元大98購03,0,0,0,0,0,0,0,0,0,11000,0,0,0,23000,12000,11000,11000
060532,欣興中信9A購01  ,0,0,0,0,0,0,0,0,0,11000,0,0,0,11000,0,11000,11000
059871,義隆凱基99購03  ,0,0,0,0,0,0,0,0,0,11000,0,0,0,11000,0,11000,11000
059853,超眾永豐99購03  ,0,0,0,0,0,0,0,0,0,11000,0,0,0,86000,75000,11000,11000
060311,盟立永豐9A購01  ,0,0,0,0,0,0,0,0,0,11000,0,0,0,11000,0,11000,11000
07633P,台灣50元大9A售18,0,0,0,0,0,0,0,0,0,11000,0,0,0,11000,0,11000,11000
07668P,旺宏元大9A售10  ,0,0,0,0,0,0,0,0,0,11000,0,0,0,23000,12000,11000,11000
08248P,旺宏群益9C售02  ,0,0,0,0,0,0,0,0,0,11000,0,0,0,16000,5000,11000,11000
07094P,華通國票9A售03  ,0,0,0,0,0,0,0,0,0,11000,0,0,0,11000,0,11000,11000
064208,智邦凱基02購01  ,0,0,0,0,0,0,0,0,0,11000,0,0,0,164000,153000,11000,11000
064500,國泰金元大9C購01,0,0,0,0,0,0,0,0,0,11000,0,0,0,11000,0,11000,11000
064111,國巨國票02購02  ,0,0,0,0,0,0,0,0,0,11000,0,0,0,15000,4000,11000,11000
064063,健策國泰01購02  ,0,0,0,0,0,0,0,0,0,11000,0,0,0,34000,23000,11000,11000
9927,泰銘            ,19000,8000,11000,0,0,0,0,0,0,0,0,0,0,0,0,0,11000
6216,居易            ,11000,4000,7000,0,0,0,0,0,0,4000,4000,0,4000,0,0,0,11000
8482,商億-KY         ,38000,27000,11000,0,0,0,0,0,0,0,0,0,0,0,0,0,11000
5907,大洋-KY         ,76000,63000,13000,0,0,0,0,0,0,-2000,3000,5000,-2000,0,0,0,11000
3028,增你強          ,45000,47000,-2000,0,0,0,0,0,0,13000,13000,0,13000,0,0,0,11000
3018,同開            ,52000,41000,11000,0,0,0,0,0,0,0,1000,1000,0,0,0,0,11000
062824,國巨群益9C購03  ,0,0,0,0,0,0,0,0,0,10000,0,0,0,25000,15000,10000,10000
062876,全新兆豐9B購01  ,0,0,0,0,0,0,0,0,0,10000,0,0,0,10000,0,10000,10000
061083,京元電兆豐9A購01,0,0,0,0,0,0,0,0,0,10000,0,0,0,10000,0,10000,10000
061337,台積電元大9A購27,0,0,0,0,0,0,0,0,0,10000,0,0,0,10000,0,10000,10000
061317,旺宏凱基9A購05  ,0,0,0,0,0,0,0,0,0,10000,0,0,0,10000,0,10000,10000
062778,國巨元大9B購17  ,0,0,0,0,0,0,0,0,0,10000,0,0,0,10000,0,10000,10000
063088,緯穎凱基9B購04  ,0,0,0,0,0,0,0,0,0,10000,0,0,0,53000,43000,10000,10000
063005,道瓊反元大9B購02,0,0,0,0,0,0,0,0,0,10000,0,0,0,10000,0,10000,10000
062964,FBVIX元富9B購01 ,0,0,0,0,0,0,0,0,0,10000,0,0,0,10000,0,10000,10000
062965,FBVIX元富9C購01 ,0,0,0,0,0,0,0,0,0,10000,0,0,0,10000,0,10000,10000
062439,聯發科元大9B購10,0,0,0,0,0,0,0,0,0,10000,0,0,0,64000,54000,10000,10000
060999,國巨兆豐9A購01  ,0,0,0,0,0,0,0,0,0,10000,0,0,0,20000,10000,10000,10000
060993,健策元大9B購03  ,0,0,0,0,0,0,0,0,0,10000,0,0,0,62000,52000,10000,10000
062016,美食永豐9B購01  ,0,0,0,0,0,0,0,0,0,10000,0,0,0,31000,21000,10000,10000
061966,旺宏統一01購03  ,0,0,0,0,0,0,0,0,0,10000,0,0,0,30000,20000,10000,10000
061893,鴻海永豐9B購01  ,0,0,0,0,0,0,0,0,0,10000,0,0,0,10000,0,10000,10000
062545,嘉晶永豐9B購01  ,0,0,0,0,0,0,0,0,0,10000,0,0,0,10000,0,10000,10000
08275P,南亞科元富9C售01,0,0,0,0,0,0,0,0,0,10000,0,0,0,230000,220000,10000,10000
061733,聯發科中信01購01,0,0,0,0,0,0,0,0,0,10000,0,0,0,20000,10000,10000,10000
061753,南亞科台新9B購01,0,0,0,0,0,0,0,0,0,10000,0,0,0,10000,0,10000,10000
06179P,國巨群益97售04  ,0,0,0,0,0,0,0,0,0,10000,0,0,0,20000,10000,10000,10000
061803,巨大永豐9B購01  ,0,0,0,0,0,0,0,0,0,10000,0,0,0,37000,27000,10000,10000
061654,旺宏國票9A購02  ,0,0,0,0,0,0,0,0,0,10000,0,0,0,10000,0,10000,10000
08313P,健策國票01售01  ,0,0,0,0,0,0,0,0,0,10000,0,0,0,100000,90000,10000,10000
2527,宏璟            ,48000,45000,3000,0,0,0,0,0,0,7000,7000,0,7000,0,0,0,10000
056598,京元電元富98購01,0,0,0,0,0,0,0,0,0,10000,0,0,0,20000,10000,10000,10000
056600,聯茂元富98購01  ,0,0,0,0,0,0,0,0,0,10000,0,0,0,10000,0,10000,10000
056256,聯茂元富97購03  ,0,0,0,0,0,0,0,0,0,10000,0,0,0,10000,0,10000,10000
056228,可成凱基97購03  ,0,0,0,0,0,0,0,0,0,10000,0,0,0,10000,0,10000,10000
055988,矽力元富97購01  ,0,0,0,0,0,0,0,0,0,10000,0,0,0,11000,1000,10000,10000
055994,聯發科國泰99購02,0,0,0,0,0,0,0,0,0,10000,0,0,0,20000,10000,10000,10000
060237,友達元大9A購06  ,0,0,0,0,0,0,0,0,0,10000,0,0,0,10000,0,10000,10000
060914,健策元大9A購03  ,0,0,0,0,0,0,0,0,0,10000,0,0,0,12000,2000,10000,10000
060160,聯陽永豐9A購01  ,0,0,0,0,0,0,0,0,0,10000,0,0,0,10000,0,10000,10000
057174,南亞科元大98購05,0,0,0,0,0,0,0,0,0,10000,0,0,0,10000,0,10000,10000
056919,英業達兆豐98購01,0,0,0,0,0,0,0,0,0,10000,0,0,0,10000,0,10000,10000
056880,緯穎國票98購02  ,0,0,0,0,0,0,0,0,0,10000,0,0,0,10000,0,10000,10000
055466,台達電凱基97購03,0,0,0,0,0,0,0,0,0,10000,0,0,0,10000,0,10000,10000
055441,緯穎國票98購01  ,0,0,0,0,0,0,0,0,0,10000,0,0,0,10000,0,10000,10000
055587,智邦元大97購02  ,0,0,0,0,0,0,0,0,0,10000,0,0,0,12000,2000,10000,10000
056749,滬深2X兆豐99購01,0,0,0,0,0,0,0,0,0,10000,0,0,0,10000,0,10000,10000
056751,和大兆豐98購01  ,0,0,0,0,0,0,0,0,0,10000,0,0,0,40000,30000,10000,10000
057503,世紀鋼群益98購02,0,0,0,0,0,0,0,0,0,10000,0,0,0,10000,0,10000,10000
055703,緯穎富邦98購01  ,0,0,0,0,0,0,0,0,0,10000,0,0,0,10000,0,10000,10000
055733,奇力新元富97購01,0,0,0,0,0,0,0,0,0,10000,0,0,0,10000,0,10000,10000
052659,上証2X國票99購01,0,0,0,0,0,0,0,0,0,10000,0,0,0,10000,0,10000,10000
055233,康友國票98購01  ,0,0,0,0,0,0,0,0,0,10000,0,0,0,10000,0,10000,10000
051047,深中小群益99購01,0,0,0,0,0,0,0,0,0,10000,0,0,0,51000,41000,10000,10000
04590P,元石油元大97售01,0,0,0,0,0,0,0,0,0,10000,0,0,0,10000,0,10000,10000
04023P,臺股指元富99售02,10000,0,10000,0,0,0,0,0,0,0,0,0,0,0,0,0,10000
048349,美利達元大96購02,0,0,0,0,0,0,0,0,0,10000,0,0,0,10000,0,10000,10000
048509,上証反凱基99購02,0,0,0,0,0,0,0,0,0,10000,0,0,0,10000,0,10000,10000
03422B,臺股指凱基96熊28,0,0,0,0,0,0,0,0,0,10000,0,0,0,10000,0,10000,10000
051688,大立光凱基97購02,0,0,0,0,0,0,0,0,0,10000,0,0,0,10000,0,10000,10000
051799,台積電永豐96購01,0,0,0,0,0,0,0,0,0,10000,0,0,0,10000,0,10000,10000
051728,道瓊反國票97購01,0,0,0,0,0,0,0,0,0,10000,0,0,0,313000,303000,10000,10000
051741,可成國票97購01  ,0,0,0,0,0,0,0,0,0,10000,0,0,0,10000,0,10000,10000
051902,T50反1元大97購01,0,0,0,0,0,0,0,0,0,10000,0,0,0,10000,0,10000,10000
052220,T50反1凱基98購01,0,0,0,0,0,0,0,0,0,10000,0,0,0,10000,0,10000,10000
052299,T50反1台新05購03,0,0,0,0,0,0,0,0,0,10000,0,0,0,10000,0,10000,10000
00690,兆豐藍籌30      ,1000,1000,0,0,0,0,0,0,0,10000,0,0,0,218000,208000,10000,10000
00851,台新全球AI      ,0,0,0,0,0,0,0,0,0,10000,0,0,0,42000,32000,10000,10000
054664,台表科元大97購04,0,0,0,0,0,0,0,0,0,10000,0,0,0,10000,0,10000,10000
054738,聯發科凱基97購01,0,0,0,0,0,0,0,0,0,10000,0,0,0,20000,10000,10000,10000
054564,玉晶光群益99購01,0,0,0,0,0,0,0,0,0,10000,0,0,0,10000,0,10000,10000
054575,聯鈞元大97購01  ,0,0,0,0,0,0,0,0,0,10000,0,0,0,10000,0,10000,10000
054875,群電群益97購01  ,0,0,0,0,0,0,0,0,0,10000,0,0,0,10000,0,10000,10000
054444,緯穎台新97購01  ,0,0,0,0,0,0,0,0,0,10000,0,0,0,10000,0,10000,10000
055295,瀚宇博元大97購02,0,0,0,0,0,0,0,0,0,10000,0,0,0,10000,0,10000,10000
055300,緯穎元大98購01  ,0,0,0,0,0,0,0,0,0,10000,0,0,0,10000,0,10000,10000
053257,華通富邦97購01  ,0,0,0,0,0,0,0,0,0,10000,0,0,0,10000,0,10000,10000
053488,中石化兆豐97購01,0,0,0,0,0,0,0,0,0,10000,0,0,0,10000,0,10000,10000
054140,智易元大97購03  ,0,0,0,0,0,0,0,0,0,10000,0,0,0,10000,0,10000,10000
053441,旺宏凱基98購01  ,0,0,0,0,0,0,0,0,0,10000,0,0,0,10000,0,10000,10000
057272,台積電元大98購14,0,0,0,0,0,0,0,0,0,10000,0,0,0,10000,0,10000,10000
057218,可成群益99購03  ,0,0,0,0,0,0,0,0,0,10000,0,0,0,10000,0,10000,10000
057348,台積電統一98購09,0,0,0,0,0,0,0,0,0,10000,0,0,0,10000,0,10000,10000
056404,嘉聯益群益9A購01,0,0,0,0,0,0,0,0,0,10000,0,0,0,12000,2000,10000,10000
057286,群創元大9B購05  ,0,0,0,0,0,0,0,0,0,10000,0,0,0,20000,10000,10000,10000
053901,T50反1凱基99購03,0,0,0,0,0,0,0,0,0,10000,0,0,0,52000,42000,10000,10000
053904,漢唐凱基97購01  ,0,0,0,0,0,0,0,0,0,10000,0,0,0,20000,10000,10000,10000
054053,聯茂元大96購01  ,0,0,0,0,0,0,0,0,0,10000,0,0,0,10000,0,10000,10000
053693,欣興元大96購05  ,0,0,0,0,0,0,0,0,0,10000,0,0,0,10000,0,10000,10000
053811,國巨群益98購02  ,0,0,0,0,0,0,0,0,0,10000,0,0,0,20000,10000,10000,10000
053827,漢唐麥證9A購01  ,0,0,0,10000,0,10000,0,0,0,10000,0,0,0,10000,0,10000,10000
053770,元金2X元大98購01,0,0,0,0,0,0,0,0,0,10000,0,0,0,10000,0,10000,10000
054074,健策富邦98購01  ,0,0,0,0,0,0,0,0,0,10000,0,0,0,10000,0,10000,10000
054076,義隆第一96購01  ,0,0,0,0,0,0,0,0,0,10000,0,0,0,10000,0,10000,10000
060316,福懋科永豐9A購01,0,0,0,0,0,0,0,0,0,10000,0,0,0,10000,0,10000,10000
059119,華擎永豐99購02  ,0,0,0,0,0,0,0,0,0,10000,0,0,0,10000,0,10000,10000
058202,鴻海凱基9A購04  ,0,0,0,0,0,0,0,0,0,10000,0,0,0,10000,0,10000,10000
058224,世芯統一9B購02  ,0,0,0,0,0,0,0,0,0,10000,0,0,0,10000,0,10000,10000
059113,群光永豐99購01  ,0,0,0,0,0,0,0,0,0,10000,0,0,0,37000,27000,10000,10000
060649,國巨第一9A購01  ,0,0,0,0,0,0,0,0,0,10000,0,0,0,10000,0,10000,10000
060677,京元電元大9A購04,0,0,0,0,0,0,0,0,0,10000,0,0,0,48000,38000,10000,10000
059834,友達國泰9B購01  ,0,0,0,0,0,0,0,0,0,10000,0,0,0,10000,0,10000,10000
059972,S&P正2元大99購03,0,0,0,0,0,0,0,0,0,10000,0,0,0,10000,0,10000,10000
059925,可成國泰9B購01  ,0,0,0,0,0,0,0,0,0,10000,0,0,0,10000,0,10000,10000
058185,國巨永豐99購01  ,0,0,0,0,0,0,0,0,0,10000,0,0,0,10000,0,10000,10000
060029,嘉晶永豐99購03  ,0,0,0,0,0,0,0,0,0,10000,0,0,0,10000,0,10000,10000
060060,台積電兆豐99購05,0,0,0,0,0,0,0,0,0,10000,0,0,0,130000,120000,10000,10000
060538,S&P反1凱基9A購01,0,0,0,0,0,0,0,0,0,10000,0,0,0,10000,0,10000,10000
060831,T50反1國票9B購03,0,0,0,0,0,0,0,0,0,10000,0,0,0,10000,0,10000,10000
060816,世紀鋼凱基9C購02,0,0,0,0,0,0,0,0,0,10000,0,0,0,10000,0,10000,10000
060778,臺股指凱基9A購06,0,0,0,0,0,0,0,0,0,10000,0,0,0,20000,10000,10000,10000
058353,國巨凱基99購09  ,0,0,0,0,0,0,0,0,0,10000,0,0,0,20000,10000,10000,10000
057591,鴻海兆豐99購01  ,0,0,0,0,0,0,0,0,0,10000,0,0,0,30000,20000,10000,10000
058471,台積電日盛9C購01,0,0,0,0,0,0,0,0,0,10000,0,0,0,10000,0,10000,10000
060510,大立光元大9A購03,0,0,0,0,0,0,0,0,0,10000,0,0,0,20000,10000,10000,10000
058981,國巨凱基99購10  ,0,0,0,0,0,0,0,0,0,10000,0,0,0,10000,0,10000,10000
058892,元油2X元大9C購08,0,0,0,0,0,0,0,0,0,10000,0,0,0,10000,0,10000,10000
058830,健策永豐99購02  ,0,0,0,0,0,0,0,0,0,10000,0,0,0,12000,2000,10000,10000
058863,可成凱基99購02  ,0,0,0,0,0,0,0,0,0,10000,0,0,0,33000,23000,10000,10000
060446,A50正2元大9A購01,0,0,0,0,0,0,0,0,0,10000,0,0,0,10000,0,10000,10000
063245,富邦金元大9B購03,0,0,0,0,0,0,0,0,0,10000,0,0,0,44000,34000,10000,10000
059640,聯詠凱基99購04  ,0,0,0,0,0,0,0,0,0,10000,0,0,0,10000,0,10000,10000
059661,大立光元大99購22,0,0,0,0,0,0,0,0,0,10000,0,0,0,10000,0,10000,10000
057659,台表科兆豐98購01,0,0,0,0,0,0,0,0,0,10000,0,0,0,10000,0,10000,10000
063375,牧德永豐9B購02  ,0,0,0,0,0,0,0,0,0,10000,0,0,0,10000,0,10000,10000
064076,台積電中信06購02,0,0,0,0,0,0,0,0,0,10000,0,0,0,21000,11000,10000,10000
063850,玉晶光元大9C購07,0,0,0,0,0,0,0,0,0,10000,0,0,0,199000,189000,10000,10000
063855,臺股指元大9C購08,0,0,0,0,0,0,0,0,0,10000,0,0,0,10000,0,10000,10000
063803,世紀鋼凱基01購01,0,0,0,0,0,0,0,0,0,10000,0,0,0,15000,5000,10000,10000
063743,道瓊反國票9C購02,0,0,0,0,0,0,0,0,0,10000,0,0,0,10000,0,10000,10000
063696,T50反1群益9B購03,0,0,0,0,0,0,0,0,0,10000,0,0,0,10000,0,10000,10000
06370P,貿聯凱基97售03  ,0,0,0,0,0,0,0,0,0,10000,0,0,0,200000,190000,10000,10000
06353P,電子類富邦99售02,0,0,0,0,0,0,0,0,0,10000,0,0,0,80000,70000,10000,10000
064474,華新科麥證01購01,0,0,0,10000,0,10000,0,0,0,10000,0,0,0,10000,0,10000,10000
06652P,長榮航元大98售01,0,0,0,0,0,0,0,0,0,10000,0,0,0,10000,0,10000,10000
06659P,T50正2富邦9A售01,0,0,0,0,0,0,0,0,0,10000,0,0,0,10000,0,10000,10000
064305,健鼎兆豐9C購02  ,0,0,0,0,0,0,0,0,0,10000,0,0,0,20000,10000,10000,10000
06441P,台積電凱基98售08,0,0,0,0,0,0,0,0,0,10000,0,0,0,10000,0,10000,10000
07030P,鈺齊群益99售01  ,0,0,0,0,0,0,0,0,0,10000,0,0,0,10000,0,10000,10000
06885P,國巨國票99售06  ,0,0,0,0,0,0,0,0,0,10000,0,0,0,10000,0,10000,10000
07015P,國巨元大99售13  ,0,0,0,0,0,0,0,0,0,10000,0,0,0,10000,0,10000,10000
07016P,聯發科元大99售10,0,0,0,0,0,0,0,0,0,10000,0,0,0,10000,0,10000,10000
06762P,智邦元大98售11  ,0,0,0,0,0,0,0,0,0,10000,0,0,0,10000,0,10000,10000
06750P,聯發科元富02售03,0,0,0,0,0,0,0,0,0,10000,0,0,0,32000,22000,10000,10000
07493P,台灣50元大9A售10,0,0,0,0,0,0,0,0,0,10000,0,0,0,30000,20000,10000,10000
07532P,台灣50中信01售02,0,0,0,0,0,0,0,0,0,10000,0,0,0,60000,50000,10000,10000
07566P,台積電台新9B售02,0,0,0,0,0,0,0,0,0,10000,0,0,0,10000,0,10000,10000
07561P,玉晶光永豐9A售02,0,0,0,0,0,0,0,0,0,10000,0,0,0,10000,0,10000,10000
07603P,台積電統一9B售08,0,0,0,0,0,0,0,0,0,10000,0,0,0,10000,0,10000,10000
07436P,臺股指麥證9A售03,0,0,0,10000,0,10000,0,0,0,10000,0,0,0,10000,0,10000,10000
07381P,鴻海群益99售05  ,0,0,0,0,0,0,0,0,0,10000,0,0,0,10000,0,10000,10000
07426P,上証2X國票9B售01,0,0,0,0,0,0,0,0,0,10000,0,0,0,10000,0,10000,10000
07410P,鴻海元大99售44  ,0,0,0,0,0,0,0,0,0,10000,0,0,0,20000,10000,10000,10000
07328P,FBVIX國泰9B售01 ,0,0,0,0,0,0,0,0,0,10000,0,0,0,10000,0,10000,10000
07309P,聯發科凱基99售18,0,0,0,0,0,0,0,0,0,10000,0,0,0,10000,0,10000,10000
07203P,T50正2凱基9C售02,0,0,0,0,0,0,0,0,0,10000,0,0,0,10000,0,10000,10000
06145P,華新科永豐97售02,0,0,0,0,0,0,0,0,0,10000,0,0,0,10000,0,10000,10000
08045P,健策國票9B售01  ,0,0,0,0,0,0,0,0,0,10000,0,0,0,30000,20000,10000,10000
08019P,緯穎國票9B售02  ,0,0,0,0,0,0,0,0,0,10000,0,0,0,20000,10000,10000,10000
08144P,臺股指凱基02售03,0,0,0,0,0,0,0,0,0,10000,0,0,0,10000,0,10000,10000
08176P,國巨元大9B售20  ,0,0,0,0,0,0,0,0,0,10000,0,0,0,10000,0,10000,10000
08166P,國巨中信9B售05  ,0,0,0,0,0,0,0,0,0,10000,0,0,0,10000,0,10000,10000
07664P,台灣50元大9C售30,0,0,0,0,0,0,0,0,0,10000,0,0,0,10000,0,10000,10000
07678P,大立光群益9A售03,0,0,0,0,0,0,0,0,0,10000,0,0,0,10000,0,10000,10000
07778P,台灣50凱基9C售08,0,0,0,0,0,0,0,0,0,10000,0,0,0,10000,0,10000,10000
07788P,華新科群益9A售08,0,0,0,0,0,0,0,0,0,10000,0,0,0,10000,0,10000,10000
07765P,台積電群益9A售06,0,0,0,0,0,0,0,0,0,10000,0,0,0,10000,0,10000,10000
07750P,台表科凱基9A售04,0,0,0,0,0,0,0,0,0,10000,0,0,0,10000,0,10000,10000
07737P,華通永豐9A售01  ,0,0,0,0,0,0,0,0,0,10000,0,0,0,10000,0,10000,10000
07730P,臺股指凱基9A售22,0,0,0,0,0,0,0,0,0,10000,0,0,0,10000,0,10000,10000
07941P,國巨凱基9B售07  ,0,0,0,0,0,0,0,0,0,10000,0,0,0,10000,0,10000,10000
4912,聯德控股-KY     ,24000,16000,8000,0,0,0,0,0,0,2000,2000,0,2000,0,0,0,10000
4930,燦星網          ,13000,3000,10000,0,0,0,0,0,0,0,0,0,0,0,0,0,10000
8222,寶一            ,11000,0,11000,0,0,0,0,0,0,-1000,0,1000,-1000,0,0,0,10000
2597,潤弘            ,12000,3000,9000,0,0,0,0,0,0,0,0,0,0,0,0,0,9000
2062,橋椿            ,27000,16000,11000,0,0,0,0,0,0,-2000,2000,4000,-2000,0,0,0,9000
2331,精英            ,134000,124000,10000,0,0,0,0,0,0,-1000,14000,15000,-1000,0,0,0,9000
1321,大洋            ,27000,20000,7000,0,0,0,0,0,0,2000,2000,0,2000,0,0,0,9000
1618,合機            ,11000,2000,9000,0,0,0,0,0,0,0,0,0,0,0,0,0,9000
061644,健策元大9C購02  ,0,0,0,0,0,0,0,0,0,9000,0,0,0,66000,57000,9000,9000
06138P,台積電中信99售01,0,0,0,0,0,0,0,0,0,9000,0,0,0,57000,48000,9000,9000
061759,上証反元大02購01,0,0,0,0,0,0,0,0,0,9000,0,0,0,9000,0,9000,9000
061718,GIS凱基9B購01   ,0,0,0,0,0,0,0,0,0,9000,0,0,0,148000,139000,9000,9000
061859,勤誠國票9B購01  ,0,0,0,0,0,0,0,0,0,9000,0,0,0,9000,0,9000,9000
062716,鴻海凱基9B購06  ,0,0,0,0,0,0,0,0,0,9000,0,0,0,10000,1000,9000,9000
061265,富邦金凱基9B購01,0,0,0,0,0,0,0,0,0,9000,0,0,0,219000,210000,9000,9000
061238,晶技元大9A購02  ,0,0,0,0,0,0,0,0,0,9000,0,0,0,11000,2000,9000,9000
061589,世紀鋼富邦9B購01,0,0,0,0,0,0,0,0,0,9000,0,0,0,32000,23000,9000,9000
061045,儒鴻第一9A購01  ,0,0,0,0,0,0,0,0,0,9000,0,0,0,9000,0,9000,9000
053686,台積電元大97購08,0,0,0,0,0,0,0,0,0,9000,0,0,0,9000,0,9000,9000
057329,緯穎群益98購02  ,0,0,0,0,0,0,0,0,0,9000,0,0,0,47000,38000,9000,9000
054213,欣興國票97購04  ,0,0,0,0,0,0,0,0,0,9000,0,0,0,9000,0,9000,9000
00666R,富邦恒生國企反1 ,21000,2000,19000,0,0,0,0,0,0,-10000,0,0,0,131000,141000,-10000,9000
00657,國泰日經225     ,0,0,0,0,0,0,0,0,0,9000,0,0,0,250000,241000,9000,9000
052325,高股息中信99購01,0,0,0,0,0,0,0,0,0,9000,0,0,0,9000,0,9000,9000
03677C,臺股指元大05牛02,0,0,0,0,0,0,0,0,0,9000,0,0,0,14000,5000,9000,9000
052900,大成鋼國票97購01,0,0,0,0,0,0,0,0,0,9000,0,0,0,9000,0,9000,9000
056704,健策國泰99購01  ,0,0,0,0,0,0,0,0,0,9000,0,0,0,9000,0,9000,9000
06087P,國巨永豐97售01  ,0,0,0,0,0,0,0,0,0,9000,0,0,0,20000,11000,9000,9000
056596,光磊元富98購01  ,0,0,0,0,0,0,0,0,0,9000,0,0,0,9000,0,9000,9000
056058,建準元大97購02  ,0,0,0,0,0,0,0,0,0,9000,0,0,0,50000,41000,9000,9000
058597,瑞昱台新99購01  ,0,0,0,0,0,0,0,0,0,9000,0,0,0,9000,0,9000,9000
063161,祥碩富邦9B購02  ,0,0,0,0,0,0,0,0,0,9000,0,0,0,9000,0,9000,9000
060471,台勝科元大9B購01,0,0,0,0,0,0,0,0,0,9000,0,0,0,19000,10000,9000,9000
059238,台積電凱基99購11,0,0,0,0,0,0,0,0,0,9000,0,0,0,9000,0,9000,9000
060861,漢唐永豐9A購01  ,0,0,0,0,0,0,0,0,0,9000,0,0,0,83000,74000,9000,9000
058017,漢唐凱基99購01  ,0,0,0,0,0,0,0,0,0,9000,0,0,0,23000,14000,9000,9000
057904,矽力永豐98購01  ,0,0,0,0,0,0,0,0,0,9000,0,0,0,9000,0,9000,9000
060291,高鐵元大9A購01  ,0,0,0,0,0,0,0,0,0,9000,0,0,0,19000,10000,9000,9000
059904,A50正2元大9C購05,0,0,0,0,0,0,0,0,0,9000,0,0,0,9000,0,9000,9000
07686P,祥碩凱基9A售02  ,0,0,0,0,0,0,0,0,0,9000,0,0,0,10000,1000,9000,9000
07283P,華新科凱基99售07,0,0,0,0,0,0,0,0,0,9000,0,0,0,9000,0,9000,9000
064247,廣達元富9C購01  ,0,0,0,0,0,0,0,0,0,9000,0,0,0,20000,11000,9000,9000
06676P,華新科國票98售03,0,0,0,0,0,0,0,0,0,9000,0,0,0,9000,0,9000,9000
063986,聯發科富邦02購01,0,0,0,0,0,0,0,0,0,9000,0,0,0,15000,6000,9000,9000
6573,虹揚-KY         ,13000,1000,12000,0,0,0,0,0,0,-3000,0,3000,-3000,0,0,0,9000
3591,艾笛森          ,9000,0,9000,0,0,0,0,0,0,0,0,0,0,0,0,0,9000
2891B,中信金乙特      ,0,0,0,0,0,0,0,0,0,9000,9000,0,9000,0,0,0,9000
061052,和大群益9A購01  ,0,0,0,0,0,0,0,0,0,8000,0,0,0,33000,25000,8000,8000
061331,T50反1元大9A購15,0,0,0,0,0,0,0,0,0,8000,0,0,0,8000,0,8000,8000
062887,台積電群益9C購05,0,0,0,0,0,0,0,0,0,8000,0,0,0,38000,30000,8000,8000
063082,瑞昱凱基9B購04  ,0,0,0,0,0,0,0,0,0,8000,0,0,0,159000,151000,8000,8000
061507,南電國票9A購05  ,0,0,0,0,0,0,0,0,0,8000,0,0,0,26000,18000,8000,8000
062634,玉晶光國票9B購03,0,0,0,0,0,0,0,0,0,8000,0,0,0,31000,23000,8000,8000
061121,智邦永豐9A購02  ,0,0,0,0,0,0,0,0,0,8000,0,0,0,119000,111000,8000,8000
1713,國化            ,8000,0,8000,0,0,0,0,0,0,0,0,0,0,0,0,0,8000
1437,勤益控          ,24000,20000,4000,0,0,0,0,0,0,4000,4000,0,4000,0,0,0,8000
1256,鮮活果汁-KY     ,14000,7000,7000,0,0,0,0,0,0,1000,1000,0,1000,0,0,0,8000
08326P,臺股指凱基9C售09,0,0,0,0,0,0,0,0,0,8000,0,0,0,103000,95000,8000,8000
056661,臺股指元大9A購08,0,0,0,0,0,0,0,0,0,8000,0,0,0,8000,0,8000,8000
060188,華新科元富9A購03,0,0,0,0,0,0,0,0,0,8000,0,0,0,8000,0,8000,8000
055344,國巨凱基97購04  ,0,0,0,0,0,0,0,0,0,8000,0,0,0,8000,0,8000,8000
055718,可成元大97購02  ,0,0,0,0,0,0,0,0,0,8000,0,0,0,8000,0,8000,8000
056426,上証2X凱基9A購01,0,0,0,0,0,0,0,0,0,8000,0,0,0,8000,0,8000,8000
056856,華通群益9A購01  ,0,0,0,0,0,0,0,0,0,8000,0,0,0,22000,14000,8000,8000
056915,上銀兆豐99購01  ,0,0,0,0,0,0,0,0,0,8000,0,0,0,10000,2000,8000,8000
056789,和碩群益98購01  ,0,0,0,0,0,0,0,0,0,8000,0,0,0,20000,12000,8000,8000
052297,旭富國票96購01  ,0,0,0,0,0,0,0,0,0,8000,0,0,0,8000,0,8000,8000
054480,和碩中信98購01  ,0,0,0,0,0,0,0,0,0,8000,0,0,0,68000,60000,8000,8000
059920,宏達電元大99購07,0,0,0,0,0,0,0,0,0,8000,0,0,0,188000,180000,8000,8000
058052,南電元大98購02  ,0,0,0,0,0,0,0,0,0,8000,0,0,0,81000,73000,8000,8000
057721,華擎元富98購02  ,0,0,0,0,0,0,0,0,0,8000,0,0,0,154000,146000,8000,8000
060560,欣興國泰9C購01  ,0,0,0,0,0,0,0,0,0,8000,0,0,0,8000,0,8000,8000
058337,日月光元富99購01,0,0,0,0,0,0,0,0,0,8000,0,0,0,58000,50000,8000,8000
059541,T50正2康和99購01,0,0,0,0,0,0,0,0,0,8000,0,0,0,8000,0,8000,8000
058959,南茂國票9A購01  ,0,0,0,0,0,0,0,0,0,8000,0,0,0,20000,12000,8000,8000
063147,東元元富9B購01  ,0,0,0,0,0,0,0,0,0,8000,0,0,0,73000,65000,8000,8000
063239,建準元大9B購01  ,0,0,0,0,0,0,0,0,0,8000,0,0,0,24000,16000,8000,8000
063203,華新科統一9C購04,0,0,0,0,0,0,0,0,0,8000,0,0,0,33000,25000,8000,8000
063546,國巨兆豐9C購03  ,0,0,0,0,0,0,0,0,0,8000,0,0,0,15000,7000,8000,8000
063679,群創國泰01購01  ,0,0,0,0,0,0,0,0,0,8000,0,0,0,10000,2000,8000,8000
063753,矽創國票9C購01  ,0,0,0,0,0,0,0,0,0,8000,0,0,0,23000,15000,8000,8000
06671P,台積電群益98售04,0,0,0,0,0,0,0,0,0,8000,0,0,0,10000,2000,8000,8000
064242,TPK統一02購01   ,0,0,0,0,0,0,0,0,0,8000,0,0,0,97000,89000,8000,8000
08001P,台灣50元大9B售17,0,0,0,0,0,0,0,0,0,8000,0,0,0,8000,0,8000,8000
07888P,大立光國票9B售01,0,0,0,0,0,0,0,0,0,8000,0,0,0,58000,50000,8000,8000
08031P,臺股指元大9B售38,0,0,0,0,0,0,0,0,0,8000,0,0,0,8000,0,8000,8000
061471,台積電元大9A購31,0,0,0,0,0,0,0,0,0,8000,0,0,0,25000,17000,8000,8000
062047,緯穎凱基9B購01  ,0,0,0,0,0,0,0,0,0,8000,0,0,0,84000,76000,8000,8000
5525,順天            ,8000,0,8000,0,0,0,0,0,0,0,0,0,0,0,0,0,8000
8367,建新國際        ,13000,6000,7000,0,0,0,0,0,0,1000,1000,0,1000,0,0,0,8000
8411,福貞-KY         ,16000,8000,8000,0,0,0,0,0,0,0,0,0,0,0,0,0,8000
6117,迎廣            ,30000,23000,7000,0,0,0,0,0,0,1000,1000,0,1000,0,0,0,8000
6164,華興            ,12000,4000,8000,0,0,0,0,0,0,0,1000,1000,0,0,0,0,8000
9937,全國            ,9000,1000,8000,0,0,0,0,0,0,0,0,0,0,0,0,0,8000
1435,中福            ,7000,0,7000,0,0,0,0,0,0,0,0,0,0,0,0,0,7000
2701,萬企            ,8000,1000,7000,0,0,0,0,0,0,0,0,0,0,0,0,0,7000
2739,寒舍            ,12000,5000,7000,0,0,0,0,0,0,0,0,0,0,0,0,0,7000
061102,台積電元大9A購22,0,0,0,0,0,0,0,0,0,7000,0,0,0,17000,10000,7000,7000
061387,鴻海群益9A購05  ,0,0,0,0,0,0,0,0,0,7000,0,0,0,17000,10000,7000,7000
061398,力成中信9A購01  ,0,0,0,0,0,0,0,0,0,7000,0,0,0,156000,149000,7000,7000
061953,台積電台新9B購04,0,0,0,0,0,0,0,0,0,7000,0,0,0,8000,1000,7000,7000
062589,友達統一9C購03  ,0,0,0,0,0,0,0,0,0,7000,0,0,0,57000,50000,7000,7000
062148,奇鋐國票9B購01  ,0,0,0,0,0,0,0,0,0,7000,0,0,0,7000,0,7000,7000
061558,旺宏國票9B購02  ,0,0,0,0,0,0,0,0,0,7000,0,0,0,7000,0,7000,7000
062411,玉晶光第一9B購01,0,0,0,0,0,0,0,0,0,7000,0,0,0,20000,13000,7000,7000
062234,廣達凱基9B購01  ,0,0,0,0,0,0,0,0,0,7000,0,0,0,7000,0,7000,7000
062355,華通元大9B購03  ,0,0,0,0,0,0,0,0,0,7000,0,0,0,58000,51000,7000,7000
062870,亞德客兆豐9C購01,0,0,0,0,0,0,0,0,0,7000,0,0,0,7000,0,7000,7000
053501,明泰兆豐96購01  ,0,0,0,0,0,0,0,0,0,7000,0,0,0,7000,0,7000,7000
03810P,大立光富邦98售01,0,0,0,0,0,0,0,0,0,7000,0,0,0,7000,0,7000,7000
03052X,元展49          ,0,0,0,0,0,0,0,0,0,7000,0,0,0,8000,1000,7000,7000
0055,元大MSCI金融    ,1000,1000,0,0,0,0,0,0,0,7000,9000,0,9000,4000,6000,-2000,7000
0057,富邦摩台        ,0,0,0,0,0,0,0,0,0,7000,0,0,0,29000,22000,7000,7000
050984,大立光國泰97購01,0,0,0,0,0,0,0,0,0,7000,0,0,0,7000,0,7000,7000
056488,致新元大99購01  ,0,0,0,0,0,0,0,0,0,7000,0,0,0,81000,74000,7000,7000
056478,晶技元大99購01  ,0,0,0,0,0,0,0,0,0,7000,0,0,0,7000,0,7000,7000
056693,國產群益98購01  ,0,0,0,0,0,0,0,0,0,7000,0,0,0,105000,98000,7000,7000
060211,智邦康和9A購01  ,0,0,0,0,0,0,0,0,0,7000,0,0,0,7000,0,7000,7000
056608,力山永豐98購01  ,0,0,0,0,0,0,0,0,0,7000,0,0,0,10000,3000,7000,7000
063421,可成凱基9C購02  ,0,0,0,0,0,0,0,0,0,7000,0,0,0,29000,22000,7000,7000
058630,日月光國票9A購01,0,0,0,0,0,0,0,0,0,7000,0,0,0,38000,31000,7000,7000
058897,國巨元大99購17  ,0,0,0,0,0,0,0,0,0,7000,0,0,0,41000,34000,7000,7000
060492,元黃金元富9A購01,0,0,0,0,0,0,0,0,0,7000,0,0,0,8000,1000,7000,7000
058672,可成群益9B購02  ,0,0,0,0,0,0,0,0,0,7000,0,0,0,15000,8000,7000,7000
057785,智邦國票99購02  ,0,0,0,0,0,0,0,0,0,7000,0,0,0,7000,0,7000,7000
057846,神達永豐98購01  ,0,0,0,0,0,0,0,0,0,7000,0,0,0,10000,3000,7000,7000
060807,新光金群益9A購01,0,0,0,0,0,0,0,0,0,7000,0,0,0,29000,22000,7000,7000
057750,神達國票99購01  ,0,0,0,0,0,0,0,0,0,7000,0,0,0,12000,5000,7000,7000
058424,滬深2X元富99購04,0,0,0,0,0,0,0,0,0,7000,0,0,0,184000,177000,7000,7000
058402,欣興元大99購04  ,0,0,0,0,0,0,0,0,0,7000,0,0,0,64000,57000,7000,7000
059943,信邦永豐99購01  ,0,0,0,0,0,0,0,0,0,7000,0,0,0,32000,25000,7000,7000
059901,滬深2X元大9C購07,0,0,0,0,0,0,0,0,0,7000,0,0,0,7000,0,7000,7000
060305,得力永豐9A購01  ,0,0,0,0,0,0,0,0,0,7000,0,0,0,10000,3000,7000,7000
08178P,南亞科元大9B售01,0,0,0,0,0,0,0,0,0,7000,0,0,0,57000,50000,7000,7000
07195P,大立光元大99售12,0,0,0,0,0,0,0,0,0,7000,0,0,0,7000,0,7000,7000
07413P,國巨元大99售33  ,0,0,0,0,0,0,0,0,0,7000,0,0,0,7000,0,7000,7000
07050P,宏達電中信9B售01,0,0,0,0,0,0,0,0,0,7000,0,0,0,7000,0,7000,7000
07091P,SGBR2X凱基9A售02,0,0,0,0,0,0,0,0,0,7000,0,0,0,11000,4000,7000,7000
064352,嘉聯益元大9C購01,0,0,0,0,0,0,0,0,0,7000,0,0,0,7000,0,7000,7000
06591P,大立光元大98售14,0,0,0,0,0,0,0,0,0,7000,0,0,0,7000,0,7000,7000
06466P,台積電統一9B售01,0,0,0,0,0,0,0,0,0,7000,0,0,0,22000,15000,7000,7000
6128,上福            ,8000,4000,4000,0,0,0,0,0,0,3000,3000,0,3000,0,0,0,7000
8374,羅昇            ,20000,10000,10000,0,0,0,0,0,0,-3000,1000,4000,-3000,0,0,0,7000
8404,百和興業-KY     ,112000,105000,7000,0,0,0,0,0,0,0,0,0,0,0,0,0,7000
4426,利勤            ,121000,116000,5000,0,0,0,0,0,0,2000,4000,2000,2000,0,0,0,7000
4557,永新-KY         ,10000,3000,7000,0,0,0,0,0,0,0,0,0,0,0,0,0,7000
06116P,臺股指日盛97售01,0,0,0,0,0,0,0,0,0,6000,0,0,0,11000,5000,6000,6000
062902,智邦元大9B購07  ,0,0,0,0,0,0,0,0,0,6000,0,0,0,77000,71000,6000,6000
062786,立積元大9C購03  ,0,0,0,0,0,0,0,0,0,6000,0,0,0,139000,133000,6000,6000
062603,台化凱基9B購01  ,0,0,0,0,0,0,0,0,0,6000,0,0,0,9000,3000,6000,6000
061856,台郡國票9B購02  ,0,0,0,0,0,0,0,0,0,6000,0,0,0,35000,29000,6000,6000
061401,華擎兆豐9B購01  ,0,0,0,0,0,0,0,0,0,6000,0,0,0,6000,0,6000,6000
2483,百容            ,12000,4000,8000,0,0,0,0,0,0,-2000,0,2000,-2000,0,0,0,6000
2457,飛宏            ,207000,203000,4000,0,0,0,0,0,0,2000,2000,0,2000,0,0,0,6000
2302,麗正            ,7000,2000,5000,0,0,0,0,0,0,1000,1000,0,1000,0,0,0,6000
2413,環科            ,18000,11000,7000,0,0,0,0,0,0,-1000,0,1000,-1000,0,0,0,6000
1532,勤美            ,88000,84000,4000,0,0,0,0,0,0,2000,2000,0,2000,0,0,0,6000
1220,台榮            ,6000,0,6000,0,0,0,0,0,0,0,0,0,0,0,0,0,6000
056029,國巨麥證98購01  ,0,0,0,6000,0,6000,0,0,0,6000,0,0,0,6000,0,6000,6000
05617P,大立光統一97售02,0,0,0,0,0,0,0,0,0,6000,0,0,0,6000,0,6000,6000
056642,旺宏凱基98購07  ,0,0,0,0,0,0,0,0,0,6000,0,0,0,13000,7000,6000,6000
060229,楠梓電元大9C購01,0,0,0,0,0,0,0,0,0,6000,0,0,0,14000,8000,6000,6000
059014,SGBR2X元富03購01,0,0,0,0,0,0,0,0,0,6000,0,0,0,9000,3000,6000,6000
058135,景碩元大99購01  ,0,0,0,0,0,0,0,0,0,6000,0,0,0,36000,30000,6000,6000
056412,上証2X中信9A購02,0,0,0,0,0,0,0,0,0,6000,0,0,0,10000,4000,6000,6000
057022,智邦凱基98購04  ,0,0,0,0,0,0,0,0,0,6000,0,0,0,6000,0,6000,6000
045054,聯發科元富98購02,0,0,0,0,0,0,0,0,0,6000,0,0,0,6000,0,6000,6000
052806,玉晶光元大98購04,0,0,0,0,0,0,0,0,0,6000,0,0,0,90000,84000,6000,6000
055307,瑞昱群益97購02  ,0,0,0,0,0,0,0,0,0,6000,0,0,0,6000,0,6000,6000
055272,國巨元大98購04  ,0,0,0,0,0,0,0,0,0,6000,0,0,0,6000,0,6000,6000
055232,泰碩國票98購01  ,0,0,0,0,0,0,0,0,0,6000,0,0,0,7000,1000,6000,6000
0054,元大台商50      ,0,0,0,0,0,0,0,0,0,6000,0,0,0,11000,5000,6000,6000
00865B,國泰US短期公債  ,0,0,0,0,0,0,0,0,0,6000,0,0,0,106000,100000,6000,6000
052113,漢唐中信98購01  ,0,0,0,0,0,0,0,0,0,6000,0,0,0,30000,24000,6000,6000
051576,台積電元大97購02,0,0,0,0,0,0,0,0,0,6000,0,0,0,6000,0,6000,6000
054882,台光電統一97購02,0,0,0,0,0,0,0,0,0,6000,0,0,0,6000,0,6000,6000
057273,智邦元大98購05  ,0,0,0,0,0,0,0,0,0,6000,0,0,0,45000,39000,6000,6000
053662,矽力凱基97購01  ,0,0,0,0,0,0,0,0,0,6000,0,0,0,6000,0,6000,6000
056331,聯鈞國票99購01  ,0,0,0,0,0,0,0,0,0,6000,0,0,0,11000,5000,6000,6000
058251,百和元大99購03  ,0,0,0,0,0,0,0,0,0,6000,0,0,0,6000,0,6000,6000
06062P,宏達電元富97售01,0,0,0,0,0,0,0,0,0,6000,0,0,0,6000,0,6000,6000
060293,緯創元大9A購01  ,0,0,0,0,0,0,0,0,0,6000,0,0,0,64000,58000,6000,6000
060087,鴻海元大99購43  ,0,0,0,0,0,0,0,0,0,6000,0,0,0,6000,0,6000,6000
060125,強茂永豐99購01  ,0,0,0,0,0,0,0,0,0,6000,0,0,0,6000,0,6000,6000
058363,全新凱基9A購02  ,0,0,0,0,0,0,0,0,0,6000,0,0,0,21000,15000,6000,6000
058462,台積電兆豐99購01,0,0,0,0,0,0,0,0,0,6000,0,0,0,6000,0,6000,6000
057597,華通群益9A購02  ,0,0,0,0,0,0,0,0,0,6000,0,0,0,6000,0,6000,6000
058986,華新科凱基9A購03,0,0,0,0,0,0,0,0,0,6000,0,0,0,8000,2000,6000,6000
063291,緯穎元大01購01  ,0,0,0,0,0,0,0,0,0,6000,0,0,0,63000,57000,6000,6000
063190,聯茂凱基9B購01  ,0,0,0,0,0,0,0,0,0,6000,0,0,0,6000,0,6000,6000
063253,巨大元大9B購03  ,0,0,0,0,0,0,0,0,0,6000,0,0,0,198000,192000,6000,6000
059642,健策凱基99購04  ,0,0,0,0,0,0,0,0,0,6000,0,0,0,9000,3000,6000,6000
058611,欣興元大99購06  ,0,0,0,0,0,0,0,0,0,6000,0,0,0,49000,43000,6000,6000
064568,聯鈞群益9C購01  ,0,0,0,0,0,0,0,0,0,6000,0,0,0,6000,0,6000,6000
064391,亞德客永豐9C購01,0,0,0,0,0,0,0,0,0,6000,0,0,0,6000,0,6000,6000
063787,玉晶光統一01購07,0,0,0,0,0,0,0,0,0,6000,0,0,0,41000,35000,6000,6000
063562,國巨元大9C購06  ,0,0,0,0,0,0,0,0,0,6000,0,0,0,6000,0,6000,6000
064133,力成元大9C購01  ,0,0,0,0,0,0,0,0,0,6000,0,0,0,15000,9000,6000,6000
063998,聯發科兆豐9C購02,0,0,0,0,0,0,0,0,0,6000,0,0,0,43000,37000,6000,6000
06703P,新日興元富98售02,0,0,0,0,0,0,0,0,0,6000,0,0,0,6000,0,6000,6000
07616P,瑞昱中信02售01  ,0,0,0,0,0,0,0,0,0,6000,0,0,0,6000,0,6000,6000
08141P,鴻海凱基9B售09  ,0,0,0,0,0,0,0,0,0,6000,0,0,0,6000,0,6000,6000
08147P,聯發科群益9B售10,0,0,0,0,0,0,0,0,0,6000,0,0,0,42000,36000,6000,6000
08025P,臺股指凱基9B售11,0,0,0,0,0,0,0,0,0,6000,0,0,0,6000,0,6000,6000
07927P,國巨統一9B售08  ,0,0,0,0,0,0,0,0,0,6000,0,0,0,16000,10000,6000,6000
4439,冠星-KY         ,6000,0,6000,0,0,0,0,0,0,0,0,0,0,0,0,0,6000
3694,海華            ,16000,9000,7000,0,0,0,0,0,0,-1000,3000,4000,-1000,0,0,0,6000
3701,大眾控          ,10000,4000,6000,0,0,0,0,0,0,0,0,0,0,0,0,0,6000
3011,今皓            ,6000,0,6000,0,0,0,0,0,0,0,0,0,0,0,0,0,6000
9905,大華            ,12000,6000,6000,0,0,0,0,0,0,0,0,0,0,0,0,0,6000
08322P,國巨凱基9C售08  ,0,0,0,0,0,0,0,0,0,5000,0,0,0,5000,0,5000,5000
1413,宏洲            ,5000,0,5000,0,0,0,0,0,0,0,0,0,0,0,0,0,5000
2007,燁興            ,22000,17000,5000,0,0,0,0,0,0,0,0,0,0,0,0,0,5000
1725,元禎            ,8000,3000,5000,0,0,0,0,0,0,0,0,0,0,0,0,0,5000
2543,皇昌            ,6000,1000,5000,0,0,0,0,0,0,0,0,0,0,0,0,0,5000
2630,亞航            ,5000,0,5000,0,0,0,0,0,0,0,0,0,0,0,0,0,5000
061797,聯發科永豐9B購01,0,0,0,0,0,0,0,0,0,5000,0,0,0,5000,0,5000,5000
061889,祥碩富邦9B購01  ,0,0,0,0,0,0,0,0,0,5000,0,0,0,5000,0,5000,5000
061724,訊芯永豐9A購01  ,0,0,0,0,0,0,0,0,0,5000,0,0,0,5000,0,5000,5000
062519,元金2X元大9B購03,0,0,0,0,0,0,0,0,0,5000,0,0,0,5000,0,5000,5000
062605,上銀凱基9B購03  ,0,0,0,0,0,0,0,0,0,5000,0,0,0,5000,0,5000,5000
062181,義隆元大9B購03  ,0,0,0,0,0,0,0,0,0,5000,0,0,0,156000,151000,5000,5000
061542,旺宏群益9A購04  ,0,0,0,0,0,0,0,0,0,5000,0,0,0,5000,0,5000,5000
062394,大立光富邦02購01,0,0,0,0,0,0,0,0,0,5000,0,0,0,5000,0,5000,5000
062289,緯穎群益9B購01  ,0,0,0,0,0,0,0,0,0,5000,0,0,0,10000,5000,5000,5000
062469,旺宏凱基9B購05  ,0,0,0,0,0,0,0,0,0,5000,0,0,0,60000,55000,5000,5000
063004,臺指反元大02購14,0,0,0,0,0,0,0,0,0,5000,0,0,0,5000,0,5000,5000
062826,奇力新群益9C購01,0,0,0,0,0,0,0,0,0,5000,0,0,0,5000,0,5000,5000
054090,瑞昱群益97購01  ,0,0,0,0,0,0,0,0,0,5000,0,0,0,5000,0,5000,5000
054061,晶技國票97購03  ,0,0,0,0,0,0,0,0,0,5000,0,0,0,5000,0,5000,5000
057239,貿聯凱基98購05  ,0,0,0,0,0,0,0,0,0,5000,0,0,0,10000,5000,5000,5000
054576,健策元大98購03  ,0,0,0,0,0,0,0,0,0,5000,0,0,0,5000,0,5000,5000
054218,S&P反1統一98購02,0,0,0,0,0,0,0,0,0,5000,0,0,0,5000,0,5000,5000
054311,世芯凱基96購02  ,0,0,0,0,0,0,0,0,0,5000,0,0,0,5000,0,5000,5000
053443,智邦凱基97購01  ,0,0,0,0,0,0,0,0,0,5000,0,0,0,17000,12000,5000,5000
053306,晶技凱基97購01  ,0,0,0,0,0,0,0,0,0,5000,0,0,0,5000,0,5000,5000
05315P,鴻海永昌96售08  ,0,0,0,0,0,0,0,0,0,5000,0,0,0,5000,0,5000,5000
051846,S&P反1中信96購02,0,0,0,0,0,0,0,0,0,5000,0,0,0,5000,0,5000,5000
052316,台積電元大96購10,0,0,0,0,0,0,0,0,0,5000,0,0,0,5000,0,5000,5000
03046X,元展43          ,0,0,0,0,0,0,0,0,0,5000,0,0,0,5000,0,5000,5000
052937,國巨兆豐97購01  ,0,0,0,0,0,0,0,0,0,5000,0,0,0,10000,5000,5000,5000
042315,T50反1台新96購01,0,0,0,0,0,0,0,0,0,5000,0,0,0,5000,0,5000,5000
050282,T50反1凱基97購01,0,0,0,0,0,0,0,0,0,5000,0,0,0,5000,0,5000,5000
057106,美律群益98購03  ,0,0,0,0,0,0,0,0,0,5000,0,0,0,155000,150000,5000,5000
057452,新日興元富98購01,0,0,0,0,0,0,0,0,0,5000,0,0,0,5000,0,5000,5000
057488,聯發科元大99購02,0,0,0,0,0,0,0,0,0,5000,0,0,0,10000,5000,5000,5000
056940,嘉聯益元富98購01,0,0,0,0,0,0,0,0,0,5000,0,0,0,5000,0,5000,5000
055345,國巨凱基98購01  ,0,0,0,0,0,0,0,0,0,5000,0,0,0,5000,0,5000,5000
055599,TPK元大97購01   ,0,0,0,0,0,0,0,0,0,5000,0,0,0,60000,55000,5000,5000
055454,華邦電元富97購02,0,0,0,0,0,0,0,0,0,5000,0,0,0,5000,0,5000,5000
056464,臺股指凱基99購06,0,0,0,0,0,0,0,0,0,5000,0,0,0,138000,133000,5000,5000
059037,宏達電群益99購02,0,0,0,0,0,0,0,0,0,5000,0,0,0,50000,45000,5000,5000
059077,FBVIX元大99購05 ,0,0,0,0,0,0,0,0,0,5000,0,0,0,11000,6000,5000,5000
060932,南六永豐9A購02  ,0,0,0,0,0,0,0,0,0,5000,0,0,0,10000,5000,5000,5000
060228,亞德客元大9A購01,0,0,0,0,0,0,0,0,0,5000,0,0,0,15000,10000,5000,5000
055996,矽力國泰99購01  ,0,0,0,0,0,0,0,0,0,5000,0,0,0,6000,1000,5000,5000
055949,亞德客元大97購04,0,0,0,0,0,0,0,0,0,5000,0,0,0,5000,0,5000,5000
055862,矽力元大97購04  ,0,0,0,0,0,0,0,0,0,5000,0,0,0,5000,0,5000,5000
056512,易華電永豐98購01,0,0,0,0,0,0,0,0,0,5000,0,0,0,10000,5000,5000,5000
058584,百和群益9A購01  ,0,0,0,0,0,0,0,0,0,5000,0,0,0,10000,5000,5000,5000
057648,和碩元大98購01  ,0,0,0,0,0,0,0,0,0,5000,0,0,0,20000,15000,5000,5000
063254,臺股指元大9B購41,0,0,0,0,0,0,0,0,0,5000,0,0,0,5000,0,5000,5000
063242,聯發科元大9B購19,0,0,0,0,0,0,0,0,0,5000,0,0,0,85000,80000,5000,5000
058972,新日興永豐9A購01,0,0,0,0,0,0,0,0,0,5000,0,0,0,5000,0,5000,5000
058744,FBVIX凱基9C購03 ,0,0,0,0,0,0,0,0,0,5000,0,0,0,5000,0,5000,5000
058800,健策元大99購03  ,0,0,0,0,0,0,0,0,0,5000,0,0,0,18000,13000,5000,5000
057577,廣宇中信9A購01  ,0,0,0,0,0,0,0,0,0,5000,0,0,0,5000,0,5000,5000
059538,健策凱基99購03  ,0,0,0,0,0,0,0,0,0,5000,0,0,0,8000,3000,5000,5000
059566,台積電凱基9A購11,0,0,0,0,0,0,0,0,0,5000,0,0,0,11000,6000,5000,5000
05959P,聯發科國票98售01,0,0,0,0,0,0,0,0,0,5000,0,0,0,15000,10000,5000,5000
059596,大立光元大99購20,0,0,0,0,0,0,0,0,0,5000,0,0,0,8000,3000,5000,5000
058663,瑞儀兆豐9A購01  ,0,0,0,0,0,0,0,0,0,5000,0,0,0,5000,0,5000,5000
05778P,台積電統一96售05,0,0,0,0,0,0,0,0,0,5000,0,0,0,5000,0,5000,5000
06078P,臺股指凱基9A售01,0,0,0,0,0,0,0,0,0,5000,0,0,0,5000,0,5000,5000
06084P,宏達電元富97售02,0,0,0,0,0,0,0,0,0,5000,0,0,0,5000,0,5000,5000
06082P,華通統一98售01  ,0,0,0,0,0,0,0,0,0,5000,0,0,0,29000,24000,5000,5000
05829P,臺股指統一96售08,0,0,0,0,0,0,0,0,0,5000,0,0,0,5000,0,5000,5000
057961,茂林元大9A購01  ,0,0,0,0,0,0,0,0,0,5000,0,0,0,125000,120000,5000,5000
060057,欣興凱基9B購01  ,0,0,0,0,0,0,0,0,0,5000,0,0,0,5000,0,5000,5000
059967,聯發科凱基99購20,0,0,0,0,0,0,0,0,0,5000,0,0,0,7000,2000,5000,5000
06037P,超眾國票98售02  ,0,0,0,0,0,0,0,0,0,5000,0,0,0,15000,10000,5000,5000
060606,玉晶光凱基9A購05,0,0,0,0,0,0,0,0,0,5000,0,0,0,5000,0,5000,5000
060670,臺指反元大01購03,0,0,0,0,0,0,0,0,0,5000,0,0,0,5000,0,5000,5000
059126,臺指反中信9B購01,0,0,0,0,0,0,0,0,0,5000,0,0,0,10000,5000,5000,5000
07971P,臺股指元大9B售29,0,0,0,0,0,0,0,0,0,5000,0,0,0,5000,0,5000,5000
07984P,臺指反元大02售08,0,0,0,0,0,0,0,0,0,5000,0,0,0,5000,0,5000,5000
07698P,臺股指元大9A售51,0,0,0,0,0,0,0,0,0,5000,0,0,0,5000,0,5000,5000
07637P,國巨國票9A售08  ,0,0,0,0,0,0,0,0,0,5000,0,0,0,16000,11000,5000,5000
07742P,台積電凱基9A售25,0,0,0,0,0,0,0,0,0,5000,0,0,0,5000,0,5000,5000
07600P,台灣50凱基04售06,0,0,0,0,0,0,0,0,0,5000,0,0,0,10000,5000,5000,5000
07377P,聯發科元大99售40,0,0,0,0,0,0,0,0,0,5000,0,0,0,5000,0,5000,5000
07114P,旺宏兆豐9A售01  ,0,0,0,0,0,0,0,0,0,5000,0,0,0,10000,5000,5000,5000
07242P,台灣50凱基9A售03,0,0,0,0,0,0,0,0,0,5000,0,0,0,5000,0,5000,5000
06848P,聯詠元大98售04  ,0,0,0,0,0,0,0,0,0,5000,0,0,0,5000,0,5000,5000
06784P,臺股指元大98售01,0,0,0,0,0,0,0,0,0,5000,0,0,0,5000,0,5000,5000
06923P,鴻海群益98售09  ,0,0,0,0,0,0,0,0,0,5000,0,0,0,5000,0,5000,5000
06931P,大立光元大98售20,0,0,0,0,0,0,0,0,0,5000,0,0,0,5000,0,5000,5000
064135,復盛元大9C購01  ,0,0,0,0,0,0,0,0,0,5000,0,0,0,19000,14000,5000,5000
064106,國巨兆豐9C購04  ,0,0,0,0,0,0,0,0,0,5000,0,0,0,10000,5000,5000,5000
063628,華通元大9B購09  ,0,0,0,0,0,0,0,0,0,5000,0,0,0,62000,57000,5000,5000
06366P,鴻海凱基97售10  ,0,0,0,0,0,0,0,0,0,5000,0,0,0,5000,0,5000,5000
063768,華新科國泰9C購03,0,0,0,0,0,0,0,0,0,5000,0,0,0,5000,0,5000,5000
063792,香港反凱基9C購01,0,0,0,0,0,0,0,0,0,5000,0,0,0,100000,95000,5000,5000
064400,大成鋼凱基01購01,0,0,0,0,0,0,0,0,0,5000,0,0,0,20000,15000,5000,5000
064437,可成凱基02購01  ,0,0,0,0,0,0,0,0,0,5000,0,0,0,9000,4000,5000,5000
064322,T50反1元大9C購06,0,0,0,0,0,0,0,0,0,5000,0,0,0,6000,1000,5000,5000
06423P,亞光台新97售01  ,0,0,0,0,0,0,0,0,0,5000,0,0,0,5000,0,5000,5000
064277,可成元大9C購04  ,0,0,0,0,0,0,0,0,0,5000,0,0,0,12000,7000,5000,5000
064498,可成元大01購03  ,0,0,0,0,0,0,0,0,0,5000,0,0,0,15000,10000,5000,5000
064524,GIS群益02購01   ,0,0,0,0,0,0,0,0,0,5000,0,0,0,5000,0,5000,5000
06542P,台光電國票98售05,0,0,0,0,0,0,0,0,0,5000,0,0,0,5000,0,5000,5000
06527P,T50正2富邦9C售01,0,0,0,0,0,0,0,0,0,5000,0,0,0,15000,10000,5000,5000
912398,友佳-DR         ,5000,0,5000,0,0,0,0,0,0,0,0,0,0,0,0,0,5000
9926,新海            ,5000,0,5000,0,0,0,0,0,0,0,0,0,0,0,0,0,5000
8463,潤泰材          ,23000,18000,5000,0,0,0,0,0,0,0,2000,2000,0,0,0,0,5000
6581,鋼聯            ,11000,6000,5000,0,0,0,0,0,0,0,0,0,0,0,0,0,5000
3229,晟鈦            ,22000,17000,5000,0,0,0,0,0,0,0,0,0,0,0,0,0,5000
3432,台端            ,5000,0,5000,0,0,0,0,0,0,0,0,0,0,0,0,0,5000
3149,正達            ,23000,19000,4000,0,0,0,0,0,0,1000,1000,0,1000,0,0,0,5000
4545,銘鈺            ,14000,8000,6000,0,0,0,0,0,0,-1000,2000,3000,-1000,0,0,0,5000
4746,台耀            ,377000,372000,5000,0,0,0,0,0,0,0,4000,4000,0,0,0,0,5000
061255,道瓊反凱基9C購01,0,0,0,0,0,0,0,0,0,4000,0,0,0,4000,0,4000,4000
062818,大立光兆豐9C購01,0,0,0,0,0,0,0,0,0,4000,0,0,0,6000,2000,4000,4000
06274P,臺股指凱基97售06,0,0,0,0,0,0,0,0,0,4000,0,0,0,5000,1000,4000,4000
062300,T50反1中信03購02,0,0,0,0,0,0,0,0,0,4000,0,0,0,4000,0,4000,4000
062526,友達統一01購01  ,0,0,0,0,0,0,0,0,0,4000,0,0,0,10000,6000,4000,4000
061705,健策國票9A購06  ,0,0,0,0,0,0,0,0,0,4000,0,0,0,12000,8000,4000,4000
08276P,可成元富9C售02  ,0,0,0,0,0,0,0,0,0,4000,0,0,0,5000,1000,4000,4000
061851,智邦國票9B購01  ,0,0,0,0,0,0,0,0,0,4000,0,0,0,6000,2000,4000,4000
063028,巨大元大9B購02  ,0,0,0,0,0,0,0,0,0,4000,0,0,0,77000,73000,4000,4000
061358,世紀鋼元大9A購04,0,0,0,0,0,0,0,0,0,4000,0,0,0,20000,16000,4000,4000
061122,敬鵬永豐9A購01  ,0,0,0,0,0,0,0,0,0,4000,0,0,0,20000,16000,4000,4000
2440,太空梭          ,3000,0,3000,0,0,0,0,0,0,1000,1000,0,1000,0,0,0,4000
1541,錩泰            ,6000,4000,2000,0,0,0,0,0,0,2000,2000,0,2000,0,0,0,4000
08397P,國巨元富9C售04  ,0,0,0,0,0,0,0,0,0,4000,0,0,0,4000,0,4000,4000
055884,臺股指元富97購01,0,0,0,0,0,0,0,0,0,4000,0,0,0,4000,0,4000,4000
056087,世芯統一97購01  ,0,0,0,0,0,0,0,0,0,4000,0,0,0,10000,6000,4000,4000
056237,智邦群益97購02  ,0,0,0,0,0,0,0,0,0,4000,0,0,0,4000,0,4000,4000
057058,祥碩元大98購04  ,0,0,0,0,0,0,0,0,0,4000,0,0,0,4000,0,4000,4000
052890,FB上証群益9B購01,0,0,0,0,0,0,0,0,0,4000,0,0,0,7000,3000,4000,4000
055106,台積電凱基98購05,0,0,0,0,0,0,0,0,0,4000,0,0,0,4000,0,4000,4000
055182,京鼎統一98購01  ,0,0,0,0,0,0,0,0,0,4000,0,0,0,4000,0,4000,4000
03681C,台灣50凱基02牛02,0,0,0,0,0,0,0,0,0,4000,0,0,0,14000,10000,4000,4000
006204,永豐臺灣加權    ,0,0,0,0,0,0,0,0,0,4000,0,0,0,25000,21000,4000,4000
00681R,元大美債20反1   ,0,13000,-13000,0,0,0,0,0,0,17000,0,0,0,23000,6000,17000,4000
057291,國巨國泰9A購01  ,0,0,0,0,0,0,0,0,0,4000,0,0,0,4000,0,4000,4000
057326,景碩群益99購02  ,0,0,0,0,0,0,0,0,0,4000,0,0,0,4000,0,4000,4000
053998,泰鼎群益98購01  ,0,0,0,0,0,0,0,0,0,4000,0,0,0,4000,0,4000,4000
059153,臺股指國票99購16,0,0,0,0,0,0,0,0,0,4000,0,0,0,20000,16000,4000,4000
060314,元翎永豐9A購01  ,0,0,0,0,0,0,0,0,0,4000,0,0,0,14000,10000,4000,4000
060671,亞德客元大9A購03,0,0,0,0,0,0,0,0,0,4000,0,0,0,65000,61000,4000,4000
060651,瑞儀中信9B購01  ,0,0,0,0,0,0,0,0,0,4000,0,0,0,88000,84000,4000,4000
060709,緯穎富邦9B購01  ,0,0,0,0,0,0,0,0,0,4000,0,0,0,84000,80000,4000,4000
059973,A50正2元大99購02,0,0,0,0,0,0,0,0,0,4000,0,0,0,6000,2000,4000,4000
057948,嘉聯益國票99購02,0,0,0,0,0,0,0,0,0,4000,0,0,0,4000,0,4000,4000
059299,欣興元富99購03  ,0,0,0,0,0,0,0,0,0,4000,0,0,0,6000,2000,4000,4000
060530,聯發科中信9C購03,0,0,0,0,0,0,0,0,0,4000,0,0,0,15000,11000,4000,4000
057807,友訊元大98購02  ,0,0,0,0,0,0,0,0,0,4000,0,0,0,126000,122000,4000,4000
058348,台表科群益99購01,0,0,0,0,0,0,0,0,0,4000,0,0,0,4000,0,4000,4000
059218,台積電元大99購31,0,0,0,0,0,0,0,0,0,4000,0,0,0,4000,0,4000,4000
058680,國巨麥證99購02  ,0,0,0,4000,0,4000,0,0,0,4000,0,0,0,4000,0,4000,4000
060502,國巨元大9A購07  ,0,0,0,0,0,0,0,0,0,4000,0,0,0,8000,4000,4000,4000
063494,金像電富邦9B購01,0,0,0,0,0,0,0,0,0,4000,0,0,0,30000,26000,4000,4000
06532P,友達元富98售04  ,0,0,0,0,0,0,0,0,0,4000,0,0,0,54000,50000,4000,4000
064249,聯發科元富06購01,0,0,0,0,0,0,0,0,0,4000,0,0,0,15000,11000,4000,4000
064374,旺宏元富9C購01  ,0,0,0,0,0,0,0,0,0,4000,0,0,0,4000,0,4000,4000
063686,國巨永豐9B購04  ,0,0,0,0,0,0,0,0,0,4000,0,0,0,4000,0,4000,4000
063573,茂林元大9B購06  ,0,0,0,0,0,0,0,0,0,4000,0,0,0,9000,5000,4000,4000
063961,世紀鋼元大9C購05,0,0,0,0,0,0,0,0,0,4000,0,0,0,4000,0,4000,4000
07049P,聯發科中信99售03,0,0,0,0,0,0,0,0,0,4000,0,0,0,4000,0,4000,4000
06782P,大立光元大99售07,0,0,0,0,0,0,0,0,0,4000,0,0,0,4000,0,4000,4000
07234P,台灣50元大9B售04,0,0,0,0,0,0,0,0,0,4000,0,0,0,4000,0,4000,4000
07428P,華新科國票9A售01,0,0,0,0,0,0,0,0,0,4000,0,0,0,4000,0,4000,4000
07438P,臺股指麥證9A售05,0,0,0,4000,0,4000,0,0,0,4000,0,0,0,4000,0,4000,4000
5285,界霖            ,44000,38000,6000,0,0,0,0,0,0,-2000,0,2000,-2000,0,0,0,4000
4148,全宇生技-KY     ,14000,9000,5000,0,0,0,0,0,0,-1000,0,1000,-1000,0,0,0,4000
3686,達能            ,3000,0,3000,0,0,0,0,0,0,1000,1000,0,1000,0,0,0,4000
6579,研揚            ,5000,2000,3000,0,0,0,0,0,0,1000,1000,0,1000,0,0,0,4000
6674,鋐寶科技        ,7000,3000,4000,0,0,0,0,0,0,0,0,0,0,0,0,0,4000
6464,台數科          ,6000,2000,4000,0,0,0,0,0,0,0,0,0,0,0,0,0,4000
9931,欣高            ,4000,0,4000,0,0,0,0,0,0,0,0,0,0,0,0,0,4000
8499,鼎炫-KY         ,38000,35000,3000,0,0,0,0,0,0,1000,1000,0,1000,0,0,0,4000
2395,研華            ,340760,322412,18348,0,0,0,0,24000,-24000,9000,10000,1000,9000,0,0,0,3348
2497,怡利電          ,4000,1000,3000,0,0,0,0,0,0,0,0,0,0,0,0,0,3000
2460,建通            ,13000,13000,0,0,0,0,0,0,0,3000,3000,0,3000,0,0,0,3000
1101B,台泥乙特        ,0,0,0,0,0,0,0,0,0,3000,3000,0,3000,0,0,0,3000
1233,天仁            ,3000,0,3000,0,0,0,0,0,0,0,0,0,0,0,0,0,3000
1312A,國喬特          ,0,0,0,0,0,0,0,0,0,3000,3000,0,3000,0,0,0,3000
1441,大東            ,4000,0,4000,0,0,0,0,0,0,-1000,0,1000,-1000,0,0,0,3000
1442,名軒            ,23000,19000,4000,0,0,0,0,0,0,-1000,0,1000,-1000,0,0,0,3000
1443,立益            ,3000,0,3000,0,0,0,0,0,0,0,0,0,0,0,0,0,3000
1805,寶徠            ,3000,0,3000,0,0,0,0,0,0,0,0,0,0,0,0,0,3000
1617,榮星            ,3000,0,3000,0,0,0,0,0,0,0,0,0,0,0,0,0,3000
061687,大成鋼群益9A購01,0,0,0,0,0,0,0,0,0,3000,0,0,0,79000,76000,3000,3000
062013,奇鋐富邦9B購01  ,0,0,0,0,0,0,0,0,0,3000,0,0,0,7000,4000,3000,3000
062301,聯詠中信05購01  ,0,0,0,0,0,0,0,0,0,3000,0,0,0,3000,0,3000,3000
062317,祥碩凱基9B購03  ,0,0,0,0,0,0,0,0,0,3000,0,0,0,3000,0,3000,3000
062354,台達電元大9B購01,0,0,0,0,0,0,0,0,0,3000,0,0,0,46000,43000,3000,3000
062338,鴻海麥證9B購01  ,0,0,0,3000,0,3000,0,0,0,3000,0,0,0,3000,0,3000,3000
062112,祥碩國票9C購01  ,0,0,0,0,0,0,0,0,0,3000,0,0,0,3000,0,3000,3000
06248P,國巨統一97售07  ,0,0,0,0,0,0,0,0,0,3000,0,0,0,3000,0,3000,3000
062740,致伸國票9B購01  ,0,0,0,0,0,0,0,0,0,3000,0,0,0,16000,13000,3000,3000
062819,奇鋐兆豐9B購01  ,0,0,0,0,0,0,0,0,0,3000,0,0,0,3000,0,3000,3000
061258,華通凱基9A購06  ,0,0,0,0,0,0,0,0,0,3000,0,0,0,3000,0,3000,3000
061319,聯發科凱基9A購16,0,0,0,0,0,0,0,0,0,3000,0,0,0,4000,1000,3000,3000
062865,臺股指國票9B購22,0,0,0,0,0,0,0,0,0,3000,0,0,0,65000,62000,3000,3000
054102,百和國票97購04  ,0,0,0,0,0,0,0,0,0,3000,0,0,0,4000,1000,3000,3000
056286,奇鋐永豐97購01  ,0,0,0,0,0,0,0,0,0,3000,0,0,0,3000,0,3000,3000
057233,聯發科凱基98購14,0,0,0,0,0,0,0,0,0,3000,0,0,0,3000,0,3000,3000
052581,訊芯元富98購01  ,0,0,0,0,0,0,0,0,0,3000,0,0,0,3000,0,3000,3000
051946,健策統一98購01  ,0,0,0,0,0,0,0,0,0,3000,0,0,0,3000,0,3000,3000
04935P,鴻海中信96售01  ,0,0,0,0,0,0,0,0,0,3000,0,0,0,3000,0,3000,3000
055569,聚陽統一98購01  ,0,0,0,0,0,0,0,0,0,3000,0,0,0,13000,10000,3000,3000
056522,T50反1中信9B購01,0,0,0,0,0,0,0,0,0,3000,0,0,0,3000,0,3000,3000
055795,茂林國泰98購01  ,0,0,0,0,0,0,0,0,0,3000,0,0,0,3000,0,3000,3000
059069,臺指反元大9C購01,0,0,0,0,0,0,0,0,0,3000,0,0,0,3000,0,3000,3000
06329P,大立光兆豐97售04,0,0,0,0,0,0,0,0,0,3000,0,0,0,3000,0,3000,3000
063389,大立光兆豐9C購02,0,0,0,0,0,0,0,0,0,3000,0,0,0,5000,2000,3000,3000
063183,國巨凱基9B購12  ,0,0,0,0,0,0,0,0,0,3000,0,0,0,3000,0,3000,3000
057647,欣興元大98購10  ,0,0,0,0,0,0,0,0,0,3000,0,0,0,187000,184000,3000,3000
060474,中租元大9B購01  ,0,0,0,0,0,0,0,0,0,3000,0,0,0,46000,43000,3000,3000
059521,南電永豐99購03  ,0,0,0,0,0,0,0,0,0,3000,0,0,0,3000,0,3000,3000
058765,緯穎群益99購03  ,0,0,0,0,0,0,0,0,0,3000,0,0,0,3000,0,3000,3000
058703,台積電元大99購16,0,0,0,0,0,0,0,0,0,3000,0,0,0,3000,0,3000,3000
058828,大毅永豐99購01  ,0,0,0,0,0,0,0,0,0,3000,0,0,0,3000,0,3000,3000
057828,緯穎元大99購02  ,0,0,0,0,0,0,0,0,0,3000,0,0,0,3000,0,3000,3000
060801,滬深2X中信01購01,0,0,0,0,0,0,0,0,0,3000,0,0,0,3000,0,3000,3000
058390,樺漢國票9A購01  ,0,0,0,0,0,0,0,0,0,3000,0,0,0,27000,24000,3000,3000
057700,新日興群益9A購01,0,0,0,0,0,0,0,0,0,3000,0,0,0,3000,0,3000,3000
059923,緯穎元大99購09  ,0,0,0,0,0,0,0,0,0,3000,0,0,0,7000,4000,3000,3000
060295,貿聯元大9A購03  ,0,0,0,0,0,0,0,0,0,3000,0,0,0,11000,8000,3000,3000
05980P,台積電永昌96售09,0,0,0,0,0,0,0,0,0,3000,0,0,0,3000,0,3000,3000
059782,A50正2元大9C購04,0,0,0,0,0,0,0,0,0,3000,0,0,0,24000,21000,3000,3000
059783,旺宏元大99購17  ,0,0,0,0,0,0,0,0,0,3000,0,0,0,4000,1000,3000,3000
059112,上銀永豐99購01  ,0,0,0,0,0,0,0,0,0,3000,0,0,0,3000,0,3000,3000
07198P,臺股指元大99售14,0,0,0,0,0,0,0,0,0,3000,0,0,0,11000,8000,3000,3000
07138P,台灣50群益9B售04,0,0,0,0,0,0,0,0,0,3000,0,0,0,3000,0,3000,3000
07252P,台灣50凱基99售01,0,0,0,0,0,0,0,0,0,3000,0,0,0,3000,0,3000,3000
06702P,智邦元富98售01  ,0,0,0,0,0,0,0,0,0,3000,0,0,0,3000,0,3000,3000
07873P,華新科群益9B售03,0,0,0,0,0,0,0,0,0,3000,0,0,0,13000,10000,3000,3000
07900P,臺股指凱基9B售03,0,0,0,0,0,0,0,0,0,3000,0,0,0,3000,0,3000,3000
08131P,立積元大9B售02  ,0,0,0,0,0,0,0,0,0,3000,0,0,0,3000,0,3000,3000
063563,國巨元大9C購07  ,0,0,0,0,0,0,0,0,0,3000,0,0,0,6000,3000,3000,3000
06368P,台積電凱基97售15,0,0,0,0,0,0,0,0,0,3000,0,0,0,3000,0,3000,3000
063693,智易永豐9B購02  ,0,0,0,0,0,0,0,0,0,3000,0,0,0,55000,52000,3000,3000
06581P,南亞科凱基98售04,0,0,0,0,0,0,0,0,0,3000,0,0,0,28000,25000,3000,3000
6172,互億            ,10000,6000,4000,0,0,0,0,0,0,-1000,1000,2000,-1000,0,0,0,3000
8072,陞泰            ,10000,7000,3000,0,0,0,0,0,0,0,0,0,0,0,0,0,3000
6666,羅麗芬-KY       ,7000,4000,3000,0,0,0,0,0,0,0,0,0,0,0,0,0,3000
8443,阿瘦            ,4000,1000,3000,0,0,0,0,0,0,0,0,0,0,0,0,0,3000
4562,穎漢            ,5000,2000,3000,0,0,0,0,0,0,0,0,0,0,0,0,0,3000
3494,誠研            ,13000,10000,3000,0,0,0,0,0,0,0,0,0,0,0,0,0,3000
061019,大毅國票9A購01  ,0,0,0,0,0,0,0,0,0,2000,0,0,0,20000,18000,2000,2000
061596,健策永豐9A購03  ,0,0,0,0,0,0,0,0,0,2000,0,0,0,11000,9000,2000,2000
061623,祥碩群益9A購01  ,0,0,0,0,0,0,0,0,0,2000,0,0,0,2000,0,2000,2000
061628,緯穎群益9A購04  ,0,0,0,0,0,0,0,0,0,2000,0,0,0,16000,14000,2000,2000
063003,滬深2X元大9B購06,0,0,0,0,0,0,0,0,0,2000,0,0,0,2000,0,2000,2000
06247P,同欣電元富97售02,0,0,0,0,0,0,0,0,0,2000,0,0,0,2000,0,2000,2000
062077,聯發科元大9B購04,0,0,0,0,0,0,0,0,0,2000,0,0,0,2000,0,2000,2000
061506,瑞祺國票9A購02  ,0,0,0,0,0,0,0,0,0,2000,0,0,0,31000,29000,2000,2000
061526,宏達電凱基9A購04,0,0,0,0,0,0,0,0,0,2000,0,0,0,115000,113000,2000,2000
062627,旺宏國票9C購01  ,0,0,0,0,0,0,0,0,0,2000,0,0,0,2000,0,2000,2000
06184P,大立光元大97售06,0,0,0,0,0,0,0,0,0,2000,0,0,0,2000,0,2000,2000
061897,泰碩永豐9B購01  ,0,0,0,0,0,0,0,0,0,2000,0,0,0,12000,10000,2000,2000
061719,緯穎凱基9A購06  ,0,0,0,0,0,0,0,0,0,2000,0,0,0,32000,30000,2000,2000
061678,玉晶光元大9B購04,0,0,0,0,0,0,0,0,0,2000,0,0,0,10000,8000,2000,2000
063046,聯發科兆豐9C購01,0,0,0,0,0,0,0,0,0,2000,0,0,0,7000,5000,2000,2000
063052,國巨統一9C購10  ,0,0,0,0,0,0,0,0,0,2000,0,0,0,2000,0,2000,2000
061656,華新科國票9A購08,0,0,0,0,0,0,0,0,0,2000,0,0,0,12000,10000,2000,2000
1583,程泰            ,3000,1000,2000,0,0,0,0,0,0,0,0,0,0,0,0,0,2000
2008,高興昌          ,2000,0,2000,0,0,0,0,0,0,0,0,0,0,0,0,0,2000
1727,中華化          ,5000,3000,2000,0,0,0,0,0,0,0,0,0,0,0,0,0,2000
1436,華友聯          ,5000,3000,2000,0,0,0,0,0,0,0,0,0,0,0,0,0,2000
1452,宏益            ,5000,3000,2000,0,0,0,0,0,0,0,0,0,0,0,0,0,2000
1453,大將            ,5000,3000,2000,0,0,0,0,0,0,0,0,0,0,0,0,0,2000
1535,中宇            ,5000,3000,2000,0,0,0,0,0,0,0,0,0,0,0,0,0,2000
1524,耿鼎            ,11000,9000,2000,0,0,0,0,0,0,0,0,0,0,0,0,0,2000
1503,士電            ,27000,24000,3000,0,0,0,0,0,0,-1000,0,1000,-1000,0,0,0,2000
08327P,聯發科兆豐9C售03,0,0,0,0,0,0,0,0,0,2000,0,0,0,11000,9000,2000,2000
2491,吉祥全          ,4000,2000,2000,0,0,0,0,0,0,0,0,0,0,0,0,0,2000
2540,愛山林          ,2000,0,2000,0,0,0,0,0,0,0,0,0,0,0,0,0,2000
2838A,聯邦銀甲特      ,0,0,0,0,0,0,0,0,0,2000,11000,9000,2000,0,0,0,2000
058174,台積電凱基9A購05,0,0,0,0,0,0,0,0,0,2000,0,0,0,2000,0,2000,2000
060185,聯發科元富04購01,0,0,0,0,0,0,0,0,0,2000,0,0,0,6000,4000,2000,2000
060935,T50反1國票9A購08,0,0,0,0,0,0,0,0,0,2000,0,0,0,2000,0,2000,2000
060922,金像電永豐9A購01,0,0,0,0,0,0,0,0,0,2000,0,0,0,17000,15000,2000,2000
055776,宏達電凱基98購02,0,0,0,0,0,0,0,0,0,2000,0,0,0,2000,0,2000,2000
056165,矽力凱基98購02  ,0,0,0,0,0,0,0,0,0,2000,0,0,0,9000,7000,2000,2000
056722,滬深反中信9B購01,0,0,0,0,0,0,0,0,0,2000,0,0,0,2000,0,2000,2000
055323,貿聯國票98購01  ,0,0,0,0,0,0,0,0,0,2000,0,0,0,2000,0,2000,2000
057075,嘉聯益永豐98購01,0,0,0,0,0,0,0,0,0,2000,0,0,0,3000,1000,2000,2000
057135,立積凱基98購01  ,0,0,0,0,0,0,0,0,0,2000,0,0,0,12000,10000,2000,2000
056959,鴻海永豐98購03  ,0,0,0,0,0,0,0,0,0,2000,0,0,0,2000,0,2000,2000
04427P,滬深2X元大97售02,0,0,0,0,0,0,0,0,0,2000,0,0,0,2000,0,2000,2000
050142,聯發科元富9A購01,0,0,0,0,0,0,0,0,0,2000,0,0,0,2000,0,2000,2000
049888,智邦國泰96購01  ,0,0,0,0,0,0,0,0,0,2000,0,0,0,2000,0,2000,2000
050854,世紀鋼國票97購01,0,0,0,0,0,0,0,0,0,2000,0,0,0,12000,10000,2000,2000
055142,健策永豐98購01  ,0,0,0,0,0,0,0,0,0,2000,0,0,0,24000,22000,2000,2000
052079,康友元富98購01  ,0,0,0,0,0,0,0,0,0,2000,0,0,0,2000,0,2000,2000
051577,台積電元大97購03,0,0,0,0,0,0,0,0,0,2000,0,0,0,2000,0,2000,2000
052203,T50反1中信99購03,0,0,0,0,0,0,0,0,0,2000,0,0,0,57000,55000,2000,2000
05241P,鴻海國泰97售04  ,0,0,0,0,0,0,0,0,0,2000,0,0,0,2000,0,2000,2000
00711B,FH彭博新興債    ,0,25000,-25000,0,0,0,0,0,0,27000,0,0,0,108000,81000,27000,2000
057188,佐登元大98購01  ,0,0,0,0,0,0,0,0,0,2000,0,0,0,2000,0,2000,2000
056409,麗豐國票99購01  ,0,0,0,0,0,0,0,0,0,2000,0,0,0,77000,75000,2000,2000
057178,可成元大98購03  ,0,0,0,0,0,0,0,0,0,2000,0,0,0,5000,3000,2000,2000
056367,祥碩元大98購01  ,0,0,0,0,0,0,0,0,0,2000,0,0,0,2000,0,2000,2000
056288,健鼎永豐97購01  ,0,0,0,0,0,0,0,0,0,2000,0,0,0,2000,0,2000,2000
056348,S&P反1元大9A購01,0,0,0,0,0,0,0,0,0,2000,0,0,0,2000,0,2000,2000
053691,聯發科元大96購16,0,0,0,0,0,0,0,0,0,2000,0,0,0,2000,0,2000,2000
054750,聯茂凱基98購02  ,0,0,0,0,0,0,0,0,0,2000,0,0,0,2000,0,2000,2000
058240,景碩元大99購04  ,0,0,0,0,0,0,0,0,0,2000,0,0,0,3000,1000,2000,2000
060760,南亞科元大9A購04,0,0,0,0,0,0,0,0,0,2000,0,0,0,2000,0,2000,2000
060381,元黃金凱基9A購01,0,0,0,0,0,0,0,0,0,2000,0,0,0,2000,0,2000,2000
059998,華航元富99購02  ,0,0,0,0,0,0,0,0,0,2000,0,0,0,2000,0,2000,2000
060586,玉晶光元富9A購03,0,0,0,0,0,0,0,0,0,2000,0,0,0,10000,8000,2000,2000
057810,技嘉元大98購06  ,0,0,0,0,0,0,0,0,0,2000,0,0,0,62000,60000,2000,2000
058322,玉晶光永豐99購02,0,0,0,0,0,0,0,0,0,2000,0,0,0,2000,0,2000,2000
058310,大立光元大99購10,0,0,0,0,0,0,0,0,0,2000,0,0,0,3000,1000,2000,2000
058823,聯發科富邦9C購01,0,0,0,0,0,0,0,0,0,2000,0,0,0,2000,0,2000,2000
058896,中環元大99購03  ,0,0,0,0,0,0,0,0,0,2000,0,0,0,2000,0,2000,2000
059335,台灣50凱基03購02,0,0,0,0,0,0,0,0,0,2000,0,0,0,2000,0,2000,2000
059610,上銀永豐99購02  ,0,0,0,0,0,0,0,0,0,2000,0,0,0,2000,0,2000,2000
057543,華通凱基99購02  ,0,0,0,0,0,0,0,0,0,2000,0,0,0,2000,0,2000,2000
058485,智邦國票9A購01  ,0,0,0,0,0,0,0,0,0,2000,0,0,0,2000,0,2000,2000
058505,台積電元大99購08,0,0,0,0,0,0,0,0,0,2000,0,0,0,4000,2000,2000,2000
058553,合勤控永豐99購01,0,0,0,0,0,0,0,0,0,2000,0,0,0,2000,0,2000,2000
059681,華新科國泰9B購02,0,0,0,0,0,0,0,0,0,2000,0,0,0,3000,1000,2000,2000
063192,技嘉台新9B購01  ,0,0,0,0,0,0,0,0,0,2000,0,0,0,61000,59000,2000,2000
063230,緯穎群益9B購02  ,0,0,0,0,0,0,0,0,0,2000,0,0,0,105000,103000,2000,2000
06636P,可成凱基98售08  ,0,0,0,0,0,0,0,0,0,2000,0,0,0,3000,1000,2000,2000
06546P,聯發科元大98售05,0,0,0,0,0,0,0,0,0,2000,0,0,0,2000,0,2000,2000
06488P,台積電元富98售05,0,0,0,0,0,0,0,0,0,2000,0,0,0,2000,0,2000,2000
064509,台表科元大9C購08,0,0,0,0,0,0,0,0,0,2000,0,0,0,61000,59000,2000,2000
064347,貿聯元大9C購03  ,0,0,0,0,0,0,0,0,0,2000,0,0,0,2000,0,2000,2000
063543,技嘉台新9B購02  ,0,0,0,0,0,0,0,0,0,2000,0,0,0,7000,5000,2000,2000
063835,滬深2X元大01購04,0,0,0,0,0,0,0,0,0,2000,0,0,0,2000,0,2000,2000
08192P,大毅國票9B售05  ,0,0,0,0,0,0,0,0,0,2000,0,0,0,2000,0,2000,2000
08169P,台光電群益9B售04,0,0,0,0,0,0,0,0,0,2000,0,0,0,162000,160000,2000,2000
07934P,臺股指國票9B售06,0,0,0,0,0,0,0,0,0,2000,0,0,0,2000,0,2000,2000
07720P,臺股指群益9A售09,0,0,0,0,0,0,0,0,0,2000,0,0,0,52000,50000,2000,2000
06721P,臺股指中信9A售03,0,0,0,0,0,0,0,0,0,2000,0,0,0,55000,53000,2000,2000
06773P,台灣50兆豐9A售01,0,0,0,0,0,0,0,0,0,2000,0,0,0,17000,15000,2000,2000
06804P,臺股指群益98售10,0,0,0,0,0,0,0,0,0,2000,0,0,0,3000,1000,2000,2000
06856P,台灣50永豐99售03,0,0,0,0,0,0,0,0,0,2000,0,0,0,2000,0,2000,2000
07065P,臺股指元大9A售26,0,0,0,0,0,0,0,0,0,2000,0,0,0,2000,0,2000,2000
07020P,玉晶光台新99售02,0,0,0,0,0,0,0,0,0,2000,0,0,0,162000,160000,2000,2000
06945P,國巨群益99售04  ,0,0,0,0,0,0,0,0,0,2000,0,0,0,2000,0,2000,2000
06960P,國巨凱基99售08  ,0,0,0,0,0,0,0,0,0,2000,0,0,0,2000,0,2000,2000
07340P,鴻海凱基99售15  ,0,0,0,0,0,0,0,0,0,2000,0,0,0,2000,0,2000,2000
07142P,台灣50元大01售01,0,0,0,0,0,0,0,0,0,2000,0,0,0,2000,0,2000,2000
07186P,臺股指統一9C售02,0,0,0,0,0,0,0,0,0,2000,0,0,0,2000,0,2000,2000
07513P,台積電元大9A售13,0,0,0,0,0,0,0,0,0,2000,0,0,0,2000,0,2000,2000
3054,立萬利          ,2000,1000,1000,0,0,0,0,0,0,1000,1000,0,1000,0,0,0,2000
3046,建碁            ,3000,1000,2000,0,0,0,0,0,0,0,0,0,0,0,0,0,2000
3002,歐格            ,2000,0,2000,0,0,0,0,0,0,0,0,0,0,0,0,0,2000
3025,星通            ,1000,3000,-2000,0,0,0,0,0,0,4000,4000,0,4000,0,0,0,2000
2882B,國泰金乙特      ,0,0,0,0,0,0,0,0,0,2000,2000,0,2000,0,0,0,2000
4137,麗豐-KY         ,82000,84000,-2000,0,0,0,0,0,0,4000,1000,5000,-4000,17000,9000,8000,2000
8481,政伸            ,2000,0,2000,0,0,0,0,0,0,0,0,0,0,0,0,0,2000
6641,基士德-KY       ,3000,1000,2000,0,0,0,0,0,0,0,0,0,0,0,0,0,2000
6192,巨路            ,33000,32000,1000,0,0,0,0,0,0,1000,2000,1000,1000,0,0,0,2000
6201,亞弘電          ,3000,1000,2000,0,0,0,0,0,0,0,0,0,0,0,0,0,2000
6133,金橋            ,5000,3000,2000,0,0,0,0,0,0,0,0,0,0,0,0,0,2000
6449,鈺邦            ,30000,26000,4000,0,0,0,0,0,0,-2000,1000,3000,-2000,0,0,0,2000
9929,秋雨            ,2000,0,2000,0,0,0,0,0,0,0,0,0,0,0,0,0,2000
008201,BP上證50        ,0,0,0,0,0,0,0,0,0,1600,0,0,0,1600,0,1600,1600
2465,麗臺            ,1000,0,1000,0,0,0,0,0,0,0,0,0,0,0,0,0,1000
2397,友通            ,6000,6000,0,0,0,0,0,0,0,1000,1000,0,1000,0,0,0,1000
2399,映泰            ,113000,112000,1000,0,0,0,0,0,0,0,1000,1000,0,0,0,0,1000
2115,六暉-KY         ,1000,0,1000,0,0,0,0,0,0,0,0,0,0,0,0,0,1000
2236,百達-KY         ,1000,0,1000,0,0,0,0,0,0,0,0,0,0,0,0,0,1000
08335P,香港2X中信03售01,0,0,0,0,0,0,0,0,0,1000,0,0,0,24000,23000,1000,1000
08307P,台積電凱基9C售03,0,0,0,0,0,0,0,0,0,1000,0,0,0,1000,0,1000,1000
1324,地球            ,3000,2000,1000,0,0,0,0,0,0,0,0,0,0,0,0,0,1000
1232,大統益          ,3000,2000,1000,0,0,0,0,0,0,0,0,0,0,0,0,0,1000
1455,集盛            ,130000,125000,5000,0,0,0,0,0,0,-4000,2000,6000,-4000,0,0,0,1000
1466,聚隆            ,1000,0,1000,0,0,0,0,0,0,0,0,0,0,0,0,0,1000
1521,大億            ,5000,4000,1000,0,0,0,0,0,0,0,0,0,0,0,0,0,1000
1525,江申            ,4000,3000,1000,0,0,0,0,0,0,0,0,0,0,0,0,0,1000
1530,亞崴            ,3000,2000,1000,0,0,0,0,0,0,0,0,0,0,0,0,0,1000
1568,倉佑            ,8000,6000,2000,0,0,0,0,0,0,-1000,0,1000,-1000,0,0,0,1000
1423,利華            ,2000,1000,1000,0,0,0,0,0,0,0,0,0,0,0,0,0,1000
1735,日勝化          ,4000,3000,1000,0,0,0,0,0,0,0,0,0,0,0,0,0,1000
1603,華電            ,11000,10000,1000,0,0,0,0,0,0,0,0,0,0,0,0,0,1000
061118,GIS富邦9A購01   ,0,0,0,0,0,0,0,0,0,1000,0,0,0,1000,0,1000,1000
061412,儒鴻群益9A購01  ,0,0,0,0,0,0,0,0,0,1000,0,0,0,1000,0,1000,1000
063073,瑞昱永豐9B購01  ,0,0,0,0,0,0,0,0,0,1000,0,0,0,3000,2000,1000,1000
061777,臺指反群益9B購01,0,0,0,0,0,0,0,0,0,1000,0,0,0,1000,0,1000,1000
061721,道瓊反富邦9B購01,0,0,0,0,0,0,0,0,0,1000,0,0,0,1000,0,1000,1000
08274P,台積電元富9C售02,0,0,0,0,0,0,0,0,0,1000,0,0,0,1000,0,1000,1000
08264P,南電元大9C售02  ,0,0,0,0,0,0,0,0,0,1000,0,0,0,1000,0,1000,1000
08302P,長榮航國泰02售01,0,0,0,0,0,0,0,0,0,1000,0,0,0,36000,35000,1000,1000
062633,亞光國票9B購01  ,0,0,0,0,0,0,0,0,0,1000,0,0,0,3000,2000,1000,1000
062648,聯茂富邦9B購01  ,0,0,0,0,0,0,0,0,0,1000,0,0,0,1000,0,1000,1000
06258P,臺股指群益97售11,0,0,0,0,0,0,0,0,0,1000,0,0,0,1000,0,1000,1000
061531,奇鋐台新9A購01  ,0,0,0,0,0,0,0,0,0,1000,0,0,0,1000,0,1000,1000
06241P,大立光元富9A售01,0,0,0,0,0,0,0,0,0,1000,0,0,0,1000,0,1000,1000
062399,神基永豐9B購01  ,0,0,0,0,0,0,0,0,0,1000,0,0,0,1000,0,1000,1000
062225,華擎統一01購01  ,0,0,0,0,0,0,0,0,0,1000,0,0,0,1000,0,1000,1000
062348,聯發科群益9B購06,0,0,0,0,0,0,0,0,0,1000,0,0,0,24000,23000,1000,1000
06234P,亞德客元大97售02,0,0,0,0,0,0,0,0,0,1000,0,0,0,2000,1000,1000,1000
062974,奇力新元富9B購01,0,0,0,0,0,0,0,0,0,1000,0,0,0,14000,13000,1000,1000
062951,鴻海永豐9B購02  ,0,0,0,0,0,0,0,0,0,1000,0,0,0,1000,0,1000,1000
06277P,臺股指凱基97售09,0,0,0,0,0,0,0,0,0,1000,0,0,0,2000,1000,1000,1000
061629,FBVIX元大9A購01 ,0,0,0,0,0,0,0,0,0,1000,0,0,0,6000,5000,1000,1000
061071,復盛凱基9A購01  ,0,0,0,0,0,0,0,0,0,1000,0,0,0,31000,30000,1000,1000
052167,亞泥元大96購01  ,0,0,0,0,0,0,0,0,0,1000,0,0,0,1000,0,1000,1000
03033X,元展30          ,0,0,0,0,0,0,0,0,0,1000,0,0,0,20000,19000,1000,1000
03649C,T50反1凱基99牛05,0,0,0,0,0,0,0,0,0,1000,0,0,0,1000,0,1000,1000
053032,國巨兆豐97購02  ,0,0,0,0,0,0,0,0,0,1000,0,0,0,1000,0,1000,1000
055022,精元國泰99購01  ,0,0,0,0,0,0,0,0,0,1000,0,0,0,2000,1000,1000,1000
052766,玉晶光群益9A購01,0,0,0,0,0,0,0,0,0,1000,0,0,0,2000,1000,1000,1000
045053,聯發科元富98購01,0,0,0,0,0,0,0,0,0,1000,0,0,0,1000,0,1000,1000
045444,群創元富98購02  ,0,0,0,0,0,0,0,0,0,1000,0,0,0,1000,0,1000,1000
042501,台灣50凱基96購06,0,0,0,0,0,0,0,0,0,1000,0,0,0,1000,0,1000,1000
054529,T50反1國泰97購02,0,0,0,0,0,0,0,0,0,1000,0,0,0,1000,0,1000,1000
053540,健策永豐96購01  ,0,0,0,0,0,0,0,0,0,1000,0,0,0,1000,0,1000,1000
055289,泰碩元大98購01  ,0,0,0,0,0,0,0,0,0,1000,0,0,0,1000,0,1000,1000
053350,台表科國票97購02,0,0,0,0,0,0,0,0,0,1000,0,0,0,1000,0,1000,1000
054425,聯發科富邦99購03,0,0,0,0,0,0,0,0,0,1000,0,0,0,1000,0,1000,1000
056351,鴻海元大98購06  ,0,0,0,0,0,0,0,0,0,1000,0,0,0,1000,0,1000,1000
056345,嘉聯益凱基99購01,0,0,0,0,0,0,0,0,0,1000,0,0,0,1000,0,1000,1000
056302,大立光元大97購17,0,0,0,0,0,0,0,0,0,1000,0,0,0,1000,0,1000,1000
056282,S&P反1永豐97購01,0,0,0,0,0,0,0,0,0,1000,0,0,0,1000,0,1000,1000
05717P,鴻海元大97售07  ,0,0,0,0,0,0,0,0,0,1000,0,0,0,1000,0,1000,1000
057201,華擎元富98購01  ,0,0,0,0,0,0,0,0,0,1000,0,0,0,20000,19000,1000,1000
056777,矽力元大98購02  ,0,0,0,0,0,0,0,0,0,1000,0,0,0,1000,0,1000,1000
057431,京鼎兆豐98購02  ,0,0,0,0,0,0,0,0,0,1000,0,0,0,1000,0,1000,1000
057019,台積電凱基98購14,0,0,0,0,0,0,0,0,0,1000,0,0,0,7000,6000,1000,1000
057513,智邦台新98購01  ,0,0,0,0,0,0,0,0,0,1000,0,0,0,1000,0,1000,1000
055348,旺宏凱基97購01  ,0,0,0,0,0,0,0,0,0,1000,0,0,0,1000,0,1000,1000
056686,可成統一98購01  ,0,0,0,0,0,0,0,0,0,1000,0,0,0,51000,50000,1000,1000
056723,國巨中信9A購01  ,0,0,0,0,0,0,0,0,0,1000,0,0,0,1000,0,1000,1000
056745,聯茂凱基99購03  ,0,0,0,0,0,0,0,0,0,1000,0,0,0,1000,0,1000,1000
056743,貿聯凱基98購04  ,0,0,0,0,0,0,0,0,0,1000,0,0,0,1000,0,1000,1000
055502,群創元大9C購03  ,0,0,0,0,0,0,0,0,0,1000,0,0,0,1000,0,1000,1000
055589,台光電元大98購04,0,0,0,0,0,0,0,0,0,1000,0,0,0,1000,0,1000,1000
055576,嘉晶統一98購01  ,0,0,0,0,0,0,0,0,0,1000,0,0,0,1000,0,1000,1000
055484,華通元大97購04  ,0,0,0,0,0,0,0,0,0,1000,0,0,0,1000,0,1000,1000
05648P,康控國票97售01  ,0,0,0,0,0,0,0,0,0,1000,0,0,0,1000,0,1000,1000
056169,鴻海元富97購08  ,0,0,0,0,0,0,0,0,0,1000,0,0,0,1000,0,1000,1000
056617,美律永豐98購01  ,0,0,0,0,0,0,0,0,0,1000,0,0,0,1000,0,1000,1000
055779,國泰金凱基97購02,0,0,0,0,0,0,0,0,0,1000,0,0,0,108000,107000,1000,1000
055748,GIS元富97購01   ,0,0,0,0,0,0,0,0,0,1000,0,0,0,1000,0,1000,1000
055846,大立光元大97購09,0,0,0,0,0,0,0,0,0,1000,0,0,0,1000,0,1000,1000
055934,景碩群益98購03  ,0,0,0,0,0,0,0,0,0,1000,0,0,0,1000,0,1000,1000
060916,金像電國泰9C購01,0,0,0,0,0,0,0,0,0,1000,0,0,0,295000,294000,1000,1000
056663,臺股指元大9A購10,0,0,0,0,0,0,0,0,0,1000,0,0,0,1000,0,1000,1000
058098,T50反1國泰9A購02,0,0,0,0,0,0,0,0,0,1000,0,0,0,1000,0,1000,1000
060940,國巨國票9B購03  ,0,0,0,0,0,0,0,0,0,1000,0,0,0,4000,3000,1000,1000
060264,華新科國票9A購02,0,0,0,0,0,0,0,0,0,1000,0,0,0,3000,2000,1000,1000
059693,智原永豐99購01  ,0,0,0,0,0,0,0,0,0,1000,0,0,0,1000,0,1000,1000
057651,矽力元大98購03  ,0,0,0,0,0,0,0,0,0,1000,0,0,0,1000,0,1000,1000
063378,茂林永豐9B購02  ,0,0,0,0,0,0,0,0,0,1000,0,0,0,1000,0,1000,1000
063365,義隆富邦01購01  ,0,0,0,0,0,0,0,0,0,1000,0,0,0,1000,0,1000,1000
063299,金寶凱基9B購01  ,0,0,0,0,0,0,0,0,0,1000,0,0,0,1000,0,1000,1000
059598,欣興元大99購08  ,0,0,0,0,0,0,0,0,0,1000,0,0,0,1000,0,1000,1000
059513,揚明光永豐99購01,0,0,0,0,0,0,0,0,0,1000,0,0,0,1000,0,1000,1000
060500,鴻海元大9A購12  ,0,0,0,0,0,0,0,0,0,1000,0,0,0,1000,0,1000,1000
05865P,大立光元大96售09,0,0,0,0,0,0,0,0,0,1000,0,0,0,1000,0,1000,1000
059340,鴻海凱基9A購12  ,0,0,0,0,0,0,0,0,0,1000,0,0,0,1000,0,1000,1000
059361,玉晶光永豐99購04,0,0,0,0,0,0,0,0,0,1000,0,0,0,1000,0,1000,1000
05888P,友達元大97售01  ,0,0,0,0,0,0,0,0,0,1000,0,0,0,1000,0,1000,1000
058846,鴻海群益99購03  ,0,0,0,0,0,0,0,0,0,1000,0,0,0,1000,0,1000,1000
058335,鴻海元富99購06  ,0,0,0,0,0,0,0,0,0,1000,0,0,0,1000,0,1000,1000
059190,欣興富邦9A購01  ,0,0,0,0,0,0,0,0,0,1000,0,0,0,1000,0,1000,1000
059180,祥碩元富9A購01  ,0,0,0,0,0,0,0,0,0,1000,0,0,0,1000,0,1000,1000
057809,英業達元大98購01,0,0,0,0,0,0,0,0,0,1000,0,0,0,15000,14000,1000,1000
059257,臺股指凱基99購35,0,0,0,0,0,0,0,0,0,1000,0,0,0,1000,0,1000,1000
060577,玉晶光中信9A購02,0,0,0,0,0,0,0,0,0,1000,0,0,0,1000,0,1000,1000
060598,鴻海凱基9A購20  ,0,0,0,0,0,0,0,0,0,1000,0,0,0,1000,0,1000,1000
060547,瑞昱凱基9A購01  ,0,0,0,0,0,0,0,0,0,1000,0,0,0,15000,14000,1000,1000
060814,健策凱基9B購01  ,0,0,0,0,0,0,0,0,0,1000,0,0,0,3000,2000,1000,1000
060835,亞德客國票9A購01,0,0,0,0,0,0,0,0,0,1000,0,0,0,1000,0,1000,1000
057724,亞德客國泰99購01,0,0,0,0,0,0,0,0,0,1000,0,0,0,1000,0,1000,1000
057867,大立光凱基98購17,0,0,0,0,0,0,0,0,0,1000,0,0,0,1000,0,1000,1000
057887,智原群益98購04  ,0,0,0,0,0,0,0,0,0,1000,0,0,0,1000,0,1000,1000
058088,鴻海元大9A購01  ,0,0,0,0,0,0,0,0,0,1000,0,0,0,1000,0,1000,1000
05802P,臺股指兆豐96售02,0,0,0,0,0,0,0,0,0,1000,0,0,0,1000,0,1000,1000
05798P,臺股指群益96售12,0,0,0,0,0,0,0,0,0,1000,0,0,0,1000,0,1000,1000
059978,國巨元大99購29  ,0,0,0,0,0,0,0,0,0,1000,0,0,0,2000,1000,1000,1000
059947,貿聯永豐99購03  ,0,0,0,0,0,0,0,0,0,1000,0,0,0,1000,0,1000,1000
060954,國泰金群益9A購02,0,0,0,0,0,0,0,0,0,1000,0,0,0,100000,99000,1000,1000
059875,信邦凱基99購02  ,0,0,0,0,0,0,0,0,0,1000,0,0,0,1000,0,1000,1000
059883,T50反1國票99購02,0,0,0,0,0,0,0,0,0,1000,0,0,0,1000,0,1000,1000
059795,鴻海國票99購07  ,0,0,0,0,0,0,0,0,0,1000,0,0,0,2000,1000,1000,1000
060149,元金2X富邦04購01,0,0,0,0,0,0,0,0,0,1000,0,0,0,1000,0,1000,1000
059747,台達電台新99購01,0,0,0,0,0,0,0,0,0,1000,0,0,0,1000,0,1000,1000
059733,緯穎元大99購08  ,0,0,0,0,0,0,0,0,0,1000,0,0,0,1000,0,1000,1000
06005P,晶豪科永豐96售04,0,0,0,0,0,0,0,0,0,1000,0,0,0,1000,0,1000,1000
060049,華通凱基99購06  ,0,0,0,0,0,0,0,0,0,1000,0,0,0,1000,0,1000,1000
060612,世紀鋼凱基9A購01,0,0,0,0,0,0,0,0,0,1000,0,0,0,1000,0,1000,1000
060634,矽創富邦9B購01  ,0,0,0,0,0,0,0,0,0,1000,0,0,0,10000,9000,1000,1000
060754,華通元大9A購04  ,0,0,0,0,0,0,0,0,0,1000,0,0,0,45000,44000,1000,1000
058234,華新科元大99購12,0,0,0,0,0,0,0,0,0,1000,0,0,0,1000,0,1000,1000
059161,鴻海凱基9A購09  ,0,0,0,0,0,0,0,0,0,1000,0,0,0,3000,2000,1000,1000
07539P,玉山金台新9A售01,0,0,0,0,0,0,0,0,0,1000,0,0,0,1000,0,1000,1000
07609P,台灣50國票9C售04,0,0,0,0,0,0,0,0,0,1000,0,0,0,1000,0,1000,1000
07444P,聯發科凱基9A售10,0,0,0,0,0,0,0,0,0,1000,0,0,0,1000,0,1000,1000
07369P,台積電凱基99售20,0,0,0,0,0,0,0,0,0,1000,0,0,0,1000,0,1000,1000
07417P,聯發科元大99售44,0,0,0,0,0,0,0,0,0,1000,0,0,0,1000,0,1000,1000
07406P,大立光凱基99售18,0,0,0,0,0,0,0,0,0,1000,0,0,0,1000,0,1000,1000
07204P,鴻海凱基99售10  ,0,0,0,0,0,0,0,0,0,1000,0,0,0,1000,0,1000,1000
07316P,長榮航康和99售01,0,0,0,0,0,0,0,0,0,1000,0,0,0,1000,0,1000,1000
06977P,臺股指元大9A售15,0,0,0,0,0,0,0,0,0,1000,0,0,0,1000,0,1000,1000
07107P,臺股指統一99售07,0,0,0,0,0,0,0,0,0,1000,0,0,0,1000,0,1000,1000
06869P,金融類元大99售01,0,0,0,0,0,0,0,0,0,1000,0,0,0,1000,0,1000,1000
06790P,台積電凱基9A售04,0,0,0,0,0,0,0,0,0,1000,0,0,0,1000,0,1000,1000
07719P,臺股指群益9A售08,0,0,0,0,0,0,0,0,0,1000,0,0,0,481000,480000,1000,1000
07758P,台積電國票9A售06,0,0,0,0,0,0,0,0,0,1000,0,0,0,2000,1000,1000,1000
07771P,義隆國票9A售01  ,0,0,0,0,0,0,0,0,0,1000,0,0,0,203000,202000,1000,1000
07949P,滬深2X元大9B售04,0,0,0,0,0,0,0,0,0,1000,0,0,0,1000,0,1000,1000
061462,國巨群益9A購11  ,0,0,0,0,0,0,0,0,0,1000,0,0,0,1000,0,1000,1000
08232P,聯發科元富9B售06,0,0,0,0,0,0,0,0,0,1000,0,0,0,1000,0,1000,1000
08238P,嘉晶永豐9B售03  ,0,0,0,0,0,0,0,0,0,1000,0,0,0,1000,0,1000,1000
063877,鴻海元富9C購01  ,0,0,0,0,0,0,0,0,0,1000,0,0,0,1000,0,1000,1000
063651,金像電台新9B購01,0,0,0,0,0,0,0,0,0,1000,0,0,0,10000,9000,1000,1000
06362P,臺股指麥證97售01,0,0,0,1000,0,1000,0,0,0,1000,0,0,0,1000,0,1000,1000
063699,國巨群益9B購07  ,0,0,0,0,0,0,0,0,0,1000,0,0,0,1000,0,1000,1000
063818,矽創群益9C購01  ,0,0,0,0,0,0,0,0,0,1000,0,0,0,192000,191000,1000,1000
063811,亞德客群益9C購01,0,0,0,0,0,0,0,0,0,1000,0,0,0,1000,0,1000,1000
064422,聯發科兆豐01購02,0,0,0,0,0,0,0,0,0,1000,0,0,0,11000,10000,1000,1000
064232,鴻海統一01購04  ,0,0,0,0,0,0,0,0,0,1000,0,0,0,3000,2000,1000,1000
064302,美律兆豐01購01  ,0,0,0,0,0,0,0,0,0,1000,0,0,0,1000,0,1000,1000
06647P,台積電元大98售13,0,0,0,0,0,0,0,0,0,1000,0,0,0,1000,0,1000,1000
06673P,大立光群益98售01,0,0,0,0,0,0,0,0,0,1000,0,0,0,1000,0,1000,1000
06582P,可成凱基98售06  ,0,0,0,0,0,0,0,0,0,1000,0,0,0,1000,0,1000,1000
06587P,國巨元大98售13  ,0,0,0,0,0,0,0,0,0,1000,0,0,0,1000,0,1000,1000
9941A,裕融甲特        ,0,0,0,0,0,0,0,0,0,1000,1000,0,1000,0,0,0,1000
6671,三能-KY         ,2000,1000,1000,0,0,0,0,0,0,0,0,0,0,0,0,0,1000
8467,波力-KY         ,1000,0,1000,0,0,0,0,0,0,0,0,0,0,0,0,0,1000
8478,東哥遊艇        ,5000,4000,1000,0,0,0,0,0,0,0,0,0,0,0,0,0,1000
5284,jpp-KY          ,4000,3000,1000,0,0,0,0,0,0,0,0,0,0,0,0,0,1000
2891C,中信金丙特      ,0,0,0,0,0,0,0,0,0,1000,1000,0,1000,0,0,0,1000
2901,欣欣            ,2000,1000,1000,0,0,0,0,0,0,0,0,0,0,0,0,0,1000
2904,匯僑            ,0,0,0,0,0,0,0,0,0,1000,1000,0,1000,0,0,0,1000
3296,勝德            ,1000,2000,-1000,0,0,0,0,0,0,2000,2000,0,2000,0,0,0,1000
3528,安馳            ,4000,3000,1000,0,0,0,0,0,0,0,0,0,0,0,0,0,1000
061313,滬深2X凱基9B購05,0,0,0,0,0,0,0,0,0,0,0,0,0,1000,1000,0,0
061338,台積電元大9A購28,0,0,0,0,0,0,0,0,0,0,0,0,0,3000,3000,0,0
061252,臺股指群益9A購03,0,0,0,0,0,0,0,0,0,0,0,0,0,9000,9000,0,0
061253,臺股指群益9A購04,0,0,0,0,0,0,0,0,0,0,0,0,0,20000,20000,0,0
062779,台積電元大9B購03,0,0,0,0,0,0,0,0,0,0,0,0,0,1000,1000,0,0
06278P,臺股指凱基97售10,0,0,0,0,0,0,0,0,0,0,0,0,0,50000,50000,0,0
062889,可成群益9C購01  ,0,0,0,0,0,0,0,0,0,0,0,0,0,5000,5000,0,0
062812,國巨兆豐9B購03  ,0,0,0,0,0,0,0,0,0,0,0,0,0,10000,10000,0,0
062900,台積電元大9B購04,0,0,0,0,0,0,0,0,0,0,0,0,0,2000,2000,0,0
062738,可成國票9B購02  ,0,0,0,0,0,0,0,0,0,0,0,0,0,6000,6000,0,0
062742,技嘉國泰01購01  ,0,0,0,0,0,0,0,0,0,0,0,0,0,20000,20000,0,0
062934,大成鋼凱基9B購02,0,0,0,0,0,0,0,0,0,0,0,0,0,40000,40000,0,0
063007,儒鴻元大9B購01  ,0,0,0,0,0,0,0,0,0,0,0,0,0,3000,3000,0,0
062315,健策凱基9C購01  ,0,0,0,0,0,0,0,0,0,0,0,0,0,23000,23000,0,0
062299,台積電第一9B購01,0,0,0,0,0,0,0,0,0,0,0,0,0,25000,25000,0,0
062370,華擎元大9B購01  ,0,0,0,0,0,0,0,0,0,0,0,0,0,20000,20000,0,0
062499,鴻海群益01購01  ,0,0,0,0,0,0,0,0,0,0,0,0,0,4000,4000,0,0
062215,華通統一9B購01  ,0,0,0,0,0,0,0,0,0,0,0,0,0,78000,78000,0,0
062052,華通統一01購01  ,0,0,0,0,0,0,0,0,0,0,0,0,0,141000,141000,0,0
062464,T50反1凱基9C購03,0,0,0,0,0,0,0,0,0,0,0,0,0,30000,30000,0,0
062417,鴻海統一9C購08  ,0,0,0,0,0,0,0,0,0,0,0,0,0,1000,1000,0,0
062440,聯發科元大9B購11,0,0,0,0,0,0,0,0,0,0,0,0,0,3000,3000,0,0
06098P,T50反1日盛97售02,0,0,0,0,0,0,0,0,0,0,0,0,0,30000,30000,0,0
060980,台積電元大9A購21,0,0,0,0,0,0,0,0,0,0,0,0,0,2000,2000,0,0
061018,台積電國票9B購05,0,0,0,0,0,0,0,0,0,0,0,0,0,2000,2000,0,0
06100P,台積電日盛97售03,0,0,0,0,0,0,0,0,0,0,0,0,0,59000,59000,0,0
062209,台積電台新9B購05,0,0,0,0,0,0,0,0,0,0,0,0,0,1000,1000,0,0
062585,鴻海統一9C購14  ,0,0,0,0,0,0,0,0,0,0,0,0,0,1000,1000,0,0
062171,中磊永豐9B購01  ,0,0,0,0,0,0,0,0,0,0,0,0,0,3000,3000,0,0
062621,緯穎元大9B購05  ,0,0,0,0,0,0,0,0,0,0,0,0,0,1000,1000,0,0
062671,國泰金中信03購01,0,0,0,0,0,0,0,0,0,0,0,0,0,20000,20000,0,0
062675,台積電台新9B購06,0,0,0,0,0,0,0,0,0,0,0,0,0,1000,1000,0,0
062652,上証2X永豐9B購01,0,0,0,0,0,0,0,0,0,0,0,0,0,5000,5000,0,0
062553,台積電凱基9B購07,0,0,0,0,0,0,0,0,0,0,0,0,0,2000,2000,0,0
062525,鴻海統一9C購10  ,0,0,0,0,0,0,0,0,0,0,0,0,0,1000,1000,0,0
061918,上銀凱基9B購02  ,0,0,0,0,0,0,0,0,0,0,0,0,0,20000,20000,0,0
061852,大立光國票9B購02,0,0,0,0,0,0,0,0,0,0,0,0,0,6000,6000,0,0
06193P,台積電元富97售04,0,0,0,0,0,0,0,0,0,0,0,0,0,10000,10000,0,0
061933,光寶科國票9B購01,0,0,0,0,0,0,0,0,0,0,0,0,0,38000,38000,0,0
061934,台積電國票9B購06,0,0,0,0,0,0,0,0,0,0,0,0,0,30000,30000,0,0
061812,臺指反群益9B購02,0,0,0,0,0,0,0,0,0,0,0,0,0,50000,50000,0,0
061400,可成兆豐9B購02  ,0,0,0,0,0,0,0,0,0,0,0,0,0,3000,3000,0,0
061352,茂林元大9A購04  ,0,0,0,0,0,0,0,0,0,0,0,0,0,38000,38000,0,0
061112,台表科元大9A購03,0,0,0,0,0,0,0,0,0,0,0,0,0,30000,30000,0,0
061108,臻鼎元大9A購02  ,0,0,0,0,0,0,0,0,0,0,0,0,0,10000,10000,0,0
1614,三洋電          ,5000,5000,0,0,0,0,0,0,0,0,0,0,0,0,0,0,0
1721,三晃            ,9000,9000,0,0,0,0,0,0,0,0,0,0,0,0,0,0,0
1724,台硝            ,1000,1000,0,0,0,0,0,0,0,0,0,0,0,0,0,0,0
1776,展宇            ,1000,1000,0,0,0,0,0,0,0,0,0,0,0,0,0,0,0
1906,寶隆            ,7000,16000,-9000,0,0,0,0,0,0,9000,9000,0,9000,0,0,0,0
1516,川飛            ,1000,1000,0,0,0,0,0,0,0,0,0,0,0,0,0,0,0
1219,福壽            ,9000,9000,0,0,0,0,0,0,0,0,0,0,0,0,0,0,0
1236,宏亞            ,1000,1000,0,0,0,0,0,0,0,0,0,0,0,0,0,0,0
2033,佳大            ,3000,3000,0,0,0,0,0,0,0,0,0,0,0,0,0,0,0
2028,威致            ,2000,0,2000,0,0,0,0,0,0,-2000,0,2000,-2000,0,0,0,0
2613,中櫃            ,4000,4000,0,0,0,0,0,0,0,0,0,0,0,0,0,0,0
060246,晶相光元大9C購03,0,0,0,0,0,0,0,0,0,0,0,0,0,38000,38000,0,0
058157,華通台新99購01  ,0,0,0,0,0,0,0,0,0,0,0,0,0,10000,10000,0,0
05813P,臺股指國票96售06,0,0,0,0,0,0,0,0,0,0,0,0,0,2000,2000,0,0
059058,可成凱基9B購01  ,0,0,0,0,0,0,0,0,0,0,0,0,0,13000,13000,0,0
059059,宏達電凱基99購03,0,0,0,0,0,0,0,0,0,0,0,0,0,3000,3000,0,0
059053,鴻海凱基99購07  ,0,0,0,0,0,0,0,0,0,0,0,0,0,2000,2000,0,0
060939,鴻海國票9A購06  ,0,0,0,0,0,0,0,0,0,0,0,0,0,2000,2000,0,0
060162,碩天永豐9A購01  ,0,0,0,0,0,0,0,0,0,0,0,0,0,2000,2000,0,0
058103,台積電永豐98購06,0,0,0,0,0,0,0,0,0,0,0,0,0,21000,21000,0,0
060894,奇力新凱基9A購03,0,0,0,0,0,0,0,0,0,0,0,0,0,90000,90000,0,0
060906,旺宏元大9A購07  ,0,0,0,0,0,0,0,0,0,0,0,0,0,19000,19000,0,0
055808,世紀鋼永豐97購01,0,0,0,0,0,0,0,0,0,0,0,0,0,30000,30000,0,0
056573,華新科元大99購06,0,0,0,0,0,0,0,0,0,0,0,0,0,20000,20000,0,0
056532,技嘉凱基98購01  ,0,0,0,0,0,0,0,0,0,0,0,0,0,1000,1000,0,0
056519,創意國票99購01  ,0,0,0,0,0,0,0,0,0,0,0,0,0,12000,12000,0,0
056539,新光金凱基9A購01,0,0,0,0,0,0,0,0,0,0,0,0,0,30000,30000,0,0
056636,台積電日盛9A購01,0,0,0,0,0,0,0,0,0,0,0,0,0,120000,120000,0,0
056184,南亞科統一97購03,0,0,0,0,0,0,0,0,0,0,0,0,0,50000,50000,0,0
056129,義隆麥證97購01  ,0,0,0,10000,10000,0,0,0,0,0,0,0,0,10000,10000,0,0
056141,聯茂元大97購05  ,0,0,0,0,0,0,0,0,0,0,0,0,0,60000,60000,0,0
056120,聯茂群益97購02  ,0,0,0,0,0,0,0,0,0,0,0,0,0,10000,10000,0,0
056098,矽創元富97購02  ,0,0,0,0,0,0,0,0,0,0,0,0,0,400000,400000,0,0
056490,台積電國泰99購01,0,0,0,0,0,0,0,0,0,0,0,0,0,26000,26000,0,0
055485,國巨元大97購09  ,0,0,0,0,0,0,0,0,0,0,0,0,0,10000,10000,0,0
055590,聯發科元大98購02,0,0,0,0,0,0,0,0,0,0,0,0,0,30000,30000,0,0
055572,鴻海統一98購04  ,0,0,0,0,0,0,0,0,0,0,0,0,0,1000,1000,0,0
056720,世紀鋼永豐98購01,0,0,0,0,0,0,0,0,0,0,0,0,0,1000,1000,0,0
056734,國巨凱基99購01  ,0,0,0,0,0,0,0,0,0,0,0,0,0,60000,60000,0,0
056414,國巨中信98購02  ,0,0,0,0,0,0,0,0,0,0,0,0,0,30000,30000,0,0
056473,奇力新元大99購02,0,0,0,0,0,0,0,0,0,0,0,0,0,40000,40000,0,0
056466,臺股指凱基99購08,0,0,0,0,0,0,0,0,0,0,0,0,0,1000,1000,0,0
056716,康舒永豐98購01  ,0,0,0,0,0,0,0,0,0,0,0,0,0,150000,150000,0,0
056682,鴻海統一98購10  ,0,0,0,0,0,0,0,0,0,0,0,0,0,2000,2000,0,0
055369,友訊元大97購01  ,0,0,0,0,0,0,0,0,0,0,0,0,0,30000,30000,0,0
055726,台表科元大98購03,0,0,0,0,0,0,0,0,0,0,0,0,0,4000,4000,0,0
055713,國巨元大98購09  ,0,0,0,0,0,0,0,0,0,0,0,0,0,1000,1000,0,0
057062,立積國泰99購01  ,0,0,0,0,0,0,0,0,0,0,0,0,0,42000,42000,0,0
057032,A50反1元大9B購01,0,0,0,0,0,0,0,0,0,0,0,0,0,60000,60000,0,0
057118,欣興日盛9A購01  ,0,0,0,0,0,0,0,0,0,0,0,0,0,282000,282000,0,0
057162,上銀元大98購03  ,0,0,0,0,0,0,0,0,0,0,0,0,0,11000,11000,0,0
056858,國巨群益99購03  ,0,0,0,0,0,0,0,0,0,0,0,0,0,10000,10000,0,0
056991,牧德兆豐98購01  ,0,0,0,0,0,0,0,0,0,0,0,0,0,200000,200000,0,0
057222,鴻海國票99購04  ,0,0,0,0,0,0,0,0,0,0,0,0,0,2000,2000,0,0
057194,南電元大98購01  ,0,0,0,0,0,0,0,0,0,0,0,0,0,6000,6000,0,0
056279,新日興富邦99購01,0,0,0,0,0,0,0,0,0,0,0,0,0,80000,80000,0,0
054111,緯穎凱基97購01  ,0,0,0,0,0,0,0,0,0,0,0,0,0,35000,35000,0,0
056354,國巨元大98購10  ,0,0,0,0,0,0,0,0,0,0,0,0,0,2000,2000,0,0
056334,台積電凱基98購06,0,0,0,0,0,0,0,0,0,0,0,0,0,4000,4000,0,0
053723,奇鋐凱基98購01  ,0,0,0,0,0,0,0,0,0,0,0,0,0,30000,30000,0,0
053737,華新科麥證96購01,0,0,0,40000,0,40000,0,0,0,0,0,0,0,40000,40000,0,0
053815,聯發科群益96購01,0,0,0,0,0,0,0,0,0,0,0,0,0,40000,40000,0,0
053848,聯發科元富96購03,0,0,0,0,0,0,0,0,0,0,0,0,0,10000,10000,0,0
054376,聯茂中信97購01  ,0,0,0,0,0,0,0,0,0,0,0,0,0,6000,6000,0,0
053474,聯發科元大97購06,0,0,0,0,0,0,0,0,0,0,0,0,0,1000,1000,0,0
053481,同欣電元大97購01,0,0,0,0,0,0,0,0,0,0,0,0,0,10000,10000,0,0
055265,玉晶光永豐98購03,0,0,0,0,0,0,0,0,0,0,0,0,0,10000,10000,0,0
053320,華新科群益97購01,0,0,0,0,0,0,0,0,0,0,0,0,0,3000,3000,0,0
053236,群創永豐97購02  ,0,0,0,0,0,0,0,0,0,0,0,0,0,10000,10000,0,0
053255,貿聯國泰97購01  ,0,0,0,0,0,0,0,0,0,0,0,0,0,30000,30000,0,0
054547,鴻海凱基98購02  ,0,0,0,0,0,0,0,0,0,0,0,0,0,2000,2000,0,0
054610,聯發科永豐97購01,0,0,0,0,0,0,0,0,0,0,0,0,0,70000,70000,0,0
042168,台灣50凱基96購01,0,0,0,0,0,0,0,0,0,0,0,0,0,200000,200000,0,0
045443,群創元富98購01  ,0,0,0,0,0,0,0,0,0,0,0,0,0,15000,15000,0,0
046385,群創凱基98購03  ,0,0,0,0,0,0,0,0,0,0,0,0,0,86000,86000,0,0
050100,台積電永昌96購02,0,0,0,0,0,0,0,0,0,0,0,0,0,10000,10000,0,0
050485,國巨統一96購01  ,0,0,0,0,0,0,0,0,0,0,0,0,0,130000,130000,0,0
054948,聯發科元大97購14,0,0,0,0,0,0,0,0,0,0,0,0,0,70000,70000,0,0
051424,緯穎國票97購01  ,0,0,0,0,0,0,0,0,0,0,0,0,0,30000,30000,0,0
054925,神達凱基97購01  ,0,70000,-70000,0,0,0,0,0,0,70000,0,0,0,70000,0,70000,0
052879,滬深2X凱基97購02,0,0,0,0,0,0,0,0,0,0,0,0,0,30000,30000,0,0
052855,群創日盛99購01  ,0,0,0,0,0,0,0,0,0,0,0,0,0,10000,10000,0,0
05511P,T50反1台新06售01,0,0,0,0,0,0,0,0,0,0,0,0,0,250000,250000,0,0
053057,聯電國泰97購02  ,0,0,0,0,0,0,0,0,0,0,0,0,0,100000,100000,0,0
05305P,華新科國泰97售01,0,0,0,0,0,0,0,0,0,0,0,0,0,20000,20000,0,0
05304P,國巨國泰97售02  ,0,0,0,0,0,0,0,0,0,0,0,0,0,10000,10000,0,0
055214,聯電凱基97購02  ,0,0,0,0,0,0,0,0,0,0,0,0,0,220000,220000,0,0
03686P,大立光統一98售02,0,0,0,0,0,0,0,0,0,0,0,0,0,4000,4000,0,0
03424B,臺股指元大96熊26,0,0,0,0,0,0,0,0,0,0,0,0,0,1000,1000,0,0
052572,群創凱基99購01  ,0,0,0,0,0,0,0,0,0,0,0,0,0,30000,30000,0,0
052237,嘉澤國票96購02  ,0,0,0,0,0,0,0,0,0,0,0,0,0,1000,1000,0,0
052434,茂林國泰97購01  ,0,0,0,0,0,0,0,0,0,0,0,0,0,15000,15000,0,0
052318,友達元大98購01  ,0,0,0,0,0,0,0,0,0,0,0,0,0,2000,2000,0,0
051830,健策元大97購01  ,0,0,0,0,0,0,0,0,0,0,0,0,0,1000,1000,0,0
052049,緯創凱基97購01  ,0,0,0,0,0,0,0,0,0,0,0,0,0,45000,45000,0,0
051956,滬深2X台新96購01,0,0,0,0,0,0,0,0,0,0,0,0,0,50000,50000,0,0
00775B,新光投等債15+   ,2000,31000,-29000,0,0,0,0,0,0,29000,0,0,0,31000,2000,29000,0
00684R,元大美元指數反1 ,0,0,0,0,0,0,0,0,0,0,0,0,0,4000,4000,0,0
00732,國泰RMB短期報酬 ,0,0,0,0,0,0,0,0,0,0,0,0,0,111000,111000,0,0
00668K,國泰美國道瓊+U  ,0,0,0,0,0,0,0,0,0,0,0,0,0,100,100,0,0
00657K,國泰日經225+U   ,0,0,0,0,0,0,0,0,0,0,0,0,0,100,100,0,0
00636K,國泰中國A50+U   ,0,0,0,0,0,0,0,0,0,0,0,0,0,100,100,0,0
00625K,富邦上証+R      ,0,0,0,0,0,0,0,0,0,0,0,0,0,50000,50000,0,0
060328,可成群益9A購06  ,0,0,0,0,0,0,0,0,0,0,0,0,0,5000,5000,0,0
058203,信邦凱基99購01  ,0,0,0,0,0,0,0,0,0,0,0,0,0,20000,20000,0,0
058257,聯陽國泰9B購01  ,0,0,0,0,0,0,0,0,0,0,0,0,0,2000,2000,0,0
058266,宏達電永豐99購01,0,0,0,0,0,0,0,0,0,0,0,0,0,1000,1000,0,0
059087,台積電元大99購26,0,0,0,0,0,0,0,0,0,0,0,0,0,2000,2000,0,0
059088,台積電元大99購27,0,0,0,0,0,0,0,0,0,0,0,0,0,2000,2000,0,0
059085,鴻海元大99購25  ,0,0,0,0,0,0,0,0,0,0,0,0,0,8000,8000,0,0
060755,鴻海元大9A購15  ,0,0,0,0,0,0,0,0,0,0,0,0,0,1000,1000,0,0
060706,群創富邦9A購01  ,0,0,0,0,0,0,0,0,0,0,0,0,0,16000,16000,0,0
060701,玉晶光國泰9C購01,0,0,0,0,0,0,0,0,0,0,0,0,0,10000,10000,0,0
060663,聯發科凱基9A購13,0,0,0,0,0,0,0,0,0,0,0,0,0,3000,3000,0,0
060630,國巨富邦9C購03  ,0,0,0,0,0,0,0,0,0,0,0,0,0,20000,20000,0,0
060045,嘉晶群益99購02  ,0,0,0,0,0,0,0,0,0,0,0,0,0,1000,1000,0,0
060077,台積電台新9B購01,0,0,0,0,0,0,0,0,0,0,0,0,0,1000,1000,0,0
060054,華新科凱基9B購04,0,0,0,0,0,0,0,0,0,0,0,0,0,30000,30000,0,0
060108,泰鼎元大99購04  ,0,0,0,0,0,0,0,0,0,0,0,0,0,20000,20000,0,0
060088,國巨元大99購30  ,0,0,0,0,0,0,0,0,0,0,0,0,0,31000,31000,0,0
060089,台積電元大99購54,0,0,0,0,0,0,0,0,0,0,0,0,0,1000,1000,0,0
060090,台積電元大99購55,0,0,0,0,0,0,0,0,0,0,0,0,0,1000,1000,0,0
060091,技嘉元大99購03  ,0,0,0,0,0,0,0,0,0,0,0,0,0,95000,95000,0,0
060080,台灣50元大02購01,0,0,0,0,0,0,0,0,0,0,0,0,0,121000,121000,0,0
059820,南亞科凱基99購07,0,0,0,0,0,0,0,0,0,0,0,0,0,20000,20000,0,0
059828,健策凱基99購05  ,0,0,0,0,0,0,0,0,0,0,0,0,0,3000,3000,0,0
059886,可成國票99購04  ,0,0,0,0,0,0,0,0,0,0,0,0,0,13000,13000,0,0
059889,華新科國票99購04,0,0,0,0,0,0,0,0,0,0,0,0,0,16000,16000,0,0
059893,台積電台新9A購02,0,0,0,0,0,0,0,0,0,0,0,0,0,1000,1000,0,0
060946,世紀鋼國票9A購02,0,0,0,0,0,0,0,0,0,0,0,0,0,214000,214000,0,0
060294,嘉澤元大9A購01  ,0,0,0,0,0,0,0,0,0,0,0,0,0,28000,28000,0,0
060020,康控康和99購01  ,0,0,0,0,0,0,0,0,0,0,0,0,0,65000,65000,0,0
058041,FBVIX元大98購02 ,0,0,0,0,0,0,0,0,0,0,0,0,0,20000,20000,0,0
05786P,臺股指永昌96售03,0,0,0,0,0,0,0,0,0,0,0,0,0,20000,20000,0,0
057943,可成國票99購03  ,0,0,0,0,0,0,0,0,0,0,0,0,0,26000,26000,0,0
057975,台積電永豐98購05,0,0,0,0,0,0,0,0,0,0,0,0,0,2000,2000,0,0
057758,鴻海凱基99購03  ,0,0,0,0,0,0,0,0,0,0,0,0,0,2000,2000,0,0
058374,玉晶光凱基9A購03,0,0,0,0,0,0,0,0,0,0,0,0,0,10000,10000,0,0
058403,玉晶光元大99購12,0,0,0,0,0,0,0,0,0,0,0,0,0,18000,18000,0,0
058439,玉晶光統一01購02,0,0,0,0,0,0,0,0,0,0,0,0,0,10000,10000,0,0
059331,台灣50國票9A購06,0,0,0,0,0,0,0,0,0,0,0,0,0,90000,90000,0,0
059264,台光電中信99購02,0,0,0,0,0,0,0,0,0,0,0,0,0,20000,20000,0,0
060840,可成國票9B購01  ,0,0,0,0,0,0,0,0,0,0,0,0,0,1000,1000,0,0
060850,康友國票9A購03  ,0,0,0,0,0,0,0,0,0,0,0,0,0,6000,6000,0,0
060550,可成凱基9A購02  ,0,0,0,0,0,0,0,0,0,0,0,0,0,34000,34000,0,0
060569,台積電永豐9A購01,0,0,0,0,0,0,0,0,0,0,0,0,0,1000,1000,0,0
060529,聯發科中信9A購04,0,0,0,0,0,0,0,0,0,0,0,0,0,10000,10000,0,0
060525,台積電中信01購04,0,0,0,0,0,0,0,0,0,0,0,0,0,1000,1000,0,0
060527,台積電中信9C購04,0,0,0,0,0,0,0,0,0,0,0,0,0,1000,1000,0,0
060599,國巨凱基9C購01  ,0,0,0,0,0,0,0,0,0,0,0,0,0,24000,24000,0,0
060590,台積電台新9C購02,0,0,0,0,0,0,0,0,0,0,0,0,0,1000,1000,0,0
058297,茂林凱基9A購02  ,0,0,0,0,0,0,0,0,0,0,0,0,0,20000,20000,0,0
057790,台積電統一99購04,0,0,0,0,0,0,0,0,0,0,0,0,0,1000,1000,0,0
05779P,台積電統一96售06,0,0,0,0,0,0,0,0,0,0,0,0,0,2000,2000,0,0
057812,友達元大9A購05  ,0,0,0,0,0,0,0,0,0,0,0,0,0,200000,200000,0,0
057815,信邦元大98購01  ,0,0,0,0,0,0,0,0,0,0,0,0,0,7000,7000,0,0
057826,祥碩元大98購08  ,0,0,0,0,0,0,0,0,0,0,0,0,0,3000,3000,0,0
057841,茂林富邦9A購02  ,0,0,0,0,0,0,0,0,0,0,0,0,0,99000,99000,0,0
059170,康控凱基9B購01  ,0,0,0,0,0,0,0,0,0,0,0,0,0,20000,20000,0,0
059219,旺宏元大99購12  ,0,0,0,0,0,0,0,0,0,0,0,0,0,3000,3000,0,0
059217,台積電元大99購30,0,0,0,0,0,0,0,0,0,0,0,0,0,2000,2000,0,0
058311,緯穎元大99購05  ,0,0,0,0,0,0,0,0,0,0,0,0,0,68000,68000,0,0
058320,華新科永豐99購02,0,0,0,0,0,0,0,0,0,0,0,0,0,20000,20000,0,0
058826,台積電永豐99購02,0,0,0,0,0,0,0,0,0,0,0,0,0,1000,1000,0,0
058815,華新科台新99購03,0,0,0,0,0,0,0,0,0,0,0,0,0,200000,200000,0,0
058907,健策元大99購04  ,0,0,0,0,0,0,0,0,0,0,0,0,0,8000,8000,0,0
058985,可成凱基99購03  ,0,0,0,0,0,0,0,0,0,0,0,0,0,4000,4000,0,0
058937,仁寶中信99購01  ,0,0,0,0,0,0,0,0,0,0,0,0,0,20000,20000,0,0
058941,華新科中信99購03,0,0,0,0,0,0,0,0,0,0,0,0,0,23000,23000,0,0
058989,茂林凱基99購02  ,0,0,0,0,0,0,0,0,0,0,0,0,0,20000,20000,0,0
058997,鴻海元大99購21  ,0,0,0,0,0,0,0,0,0,0,0,0,0,1000,1000,0,0
058980,鴻海凱基99購06  ,0,0,0,0,0,0,0,0,0,0,0,0,0,2000,2000,0,0
060452,儒鴻元大9A購01  ,0,0,0,0,0,0,0,0,0,0,0,0,0,3000,3000,0,0
058624,台積電國票99購09,0,0,0,0,0,0,0,0,0,0,0,0,0,165000,165000,0,0
059349,台郡凱基99購04  ,0,0,0,0,0,0,0,0,0,0,0,0,0,10000,10000,0,0
059317,台積電元大99購34,0,0,0,0,0,0,0,0,0,0,0,0,0,2000,2000,0,0
058743,可成康和99購01  ,0,0,0,0,0,0,0,0,0,0,0,0,0,16000,16000,0,0
058716,華新科台新99購02,0,0,0,0,0,0,0,0,0,0,0,0,0,100000,100000,0,0
058730,玉晶光永豐9A購01,0,0,0,0,0,0,0,0,0,0,0,0,0,10000,10000,0,0
058812,台積電統一9B購06,0,0,0,0,0,0,0,0,0,0,0,0,0,1000,1000,0,0
058683,可成凱基9A購01  ,0,0,0,0,0,0,0,0,0,0,0,0,0,34000,34000,0,0
059373,滬深2X群益01購03,0,0,0,0,0,0,0,0,0,0,0,0,0,1000,1000,0,0
059366,台積電台新99購04,0,0,0,0,0,0,0,0,0,0,0,0,0,2000,2000,0,0
059431,旺宏元大99購14  ,0,0,0,0,0,0,0,0,0,0,0,0,0,10000,10000,0,0
059440,康控元大9B購01  ,0,0,0,0,0,0,0,0,0,0,0,0,0,20000,20000,0,0
059563,鴻海凱基9A購14  ,0,0,0,0,0,0,0,0,0,0,0,0,0,1000,1000,0,0
059573,健策凱基9A購02  ,0,0,0,0,0,0,0,0,0,0,0,0,0,12000,12000,0,0
059530,華新科凱基9A購05,0,0,0,0,0,0,0,0,0,0,0,0,0,6000,6000,0,0
059531,華新科凱基9B購02,0,0,0,0,0,0,0,0,0,0,0,0,0,27000,27000,0,0
058528,世紀鋼元大99購02,0,0,0,0,0,0,0,0,0,0,0,0,0,10000,10000,0,0
058470,台灣50日盛9B購02,0,0,0,0,0,0,0,0,0,0,0,0,0,10000,10000,0,0
058481,玉晶光凱基9A購04,0,0,0,0,0,0,0,0,0,0,0,0,0,1000,1000,0,0
057554,新日興凱基99購02,0,0,0,0,0,0,0,0,0,0,0,0,0,40000,40000,0,0
057550,聯發科凱基02購01,0,0,0,0,0,0,0,0,0,0,0,0,0,20000,20000,0,0
057575,世紀鋼永豐98購02,0,0,0,0,0,0,0,0,0,0,0,0,0,10000,10000,0,0
063277,大成鋼元大9B購03,0,0,0,0,0,0,0,0,0,0,0,0,0,232000,232000,0,0
06336P,鴻海元大98售05  ,0,0,0,0,0,0,0,0,0,0,0,0,0,34000,34000,0,0
063387,台積電兆豐9B購03,0,0,0,0,0,0,0,0,0,0,0,0,0,56000,56000,0,0
063430,台積電台新9B購07,0,0,0,0,0,0,0,0,0,0,0,0,0,1000,1000,0,0
057667,可成元大99購01  ,0,0,0,0,0,0,0,0,0,0,0,0,0,3000,3000,0,0
057627,和大永豐98購01  ,0,0,0,0,0,0,0,0,0,0,0,0,0,53000,53000,0,0
057604,鴻海統一9C購01  ,0,0,0,0,0,0,0,0,0,0,0,0,0,1000,1000,0,0
059624,鴻海凱基01購01  ,0,0,0,0,0,0,0,0,0,0,0,0,0,1000,1000,0,0
059669,台灣50元富9B購05,0,0,0,0,0,0,0,0,0,0,0,0,0,150000,150000,0,0
059662,旭富元大9C購01  ,0,0,0,0,0,0,0,0,0,0,0,0,0,36000,36000,0,0
059663,旭富元大9C購02  ,0,0,0,0,0,0,0,0,0,0,0,0,0,26000,26000,0,0
059650,緯穎凱基99購04  ,0,0,0,0,0,0,0,0,0,0,0,0,0,10000,10000,0,0
059646,聯茂凱基99購06  ,0,0,0,0,0,0,0,0,0,0,0,0,0,26000,26000,0,0
058568,宏達電凱基9A購02,0,0,0,0,0,0,0,0,0,0,0,0,0,10000,10000,0,0
058574,台積電群益99購03,0,0,0,0,0,0,0,0,0,0,0,0,0,3000,3000,0,0
058594,台灣50元富9B購03,0,0,0,0,0,0,0,0,0,0,0,0,0,69000,69000,0,0
058602,台積電元大99購11,0,0,0,0,0,0,0,0,0,0,0,0,0,2000,2000,0,0
059707,健策凱基9A購03  ,0,0,0,0,0,0,0,0,0,0,0,0,0,3000,3000,0,0
059678,鴻海國泰9A購03  ,0,0,0,0,0,0,0,0,0,0,0,0,0,2000,2000,0,0
059716,鴻海元大99購35  ,0,0,0,0,0,0,0,0,0,0,0,0,0,1000,1000,0,0
059717,國巨元大99購21  ,0,0,0,0,0,0,0,0,0,0,0,0,0,6000,6000,0,0
059720,台積電元大99購43,0,0,0,0,0,0,0,0,0,0,0,0,0,12000,12000,0,0
059721,旺宏元大99購16  ,0,0,0,0,0,0,0,0,0,0,0,0,0,4000,4000,0,0
063264,健策永豐9B購07  ,0,0,0,0,0,0,0,0,0,0,0,0,0,1000,1000,0,0
06589P,台積電元大98售12,0,0,0,0,0,0,0,0,0,0,0,0,0,559000,559000,0,0
06634P,欣興國票98售02  ,0,0,0,0,0,0,0,0,0,0,0,0,0,2000,2000,0,0
06557P,台積電兆豐98售02,0,0,0,0,0,0,0,0,0,0,0,0,0,30000,30000,0,0
064693,玉晶光群益01購06,0,0,0,0,0,0,0,0,0,0,0,0,0,6000,6000,0,0
064694,玉晶光群益02購02,0,0,0,0,0,0,0,0,0,0,0,0,0,9000,9000,0,0
064704,嘉晶國泰01購01  ,0,0,0,0,0,0,0,0,0,0,0,0,0,1000,1000,0,0
06450P,聯發科元大98售03,0,0,0,0,0,0,0,0,0,0,0,0,0,1000,1000,0,0
064550,南茂凱基01購01  ,0,0,0,0,0,0,0,0,0,0,0,0,0,9000,9000,0,0
064547,宏達電凱基9C購01,0,0,0,0,0,0,0,0,0,0,0,0,0,29000,29000,0,0
064533,技嘉國票01購01  ,0,0,0,0,0,0,0,0,0,0,0,0,0,39000,39000,0,0
064499,可成元大9C購07  ,0,0,0,0,0,0,0,0,0,0,0,0,0,4000,4000,0,0
064503,日電貿元大9C購01,0,0,0,0,0,0,0,0,0,0,0,0,0,69000,69000,0,0
064505,康控元大9C購01  ,0,0,0,0,0,0,0,0,0,0,0,0,0,18000,18000,0,0
064506,康控元大9C購02  ,0,0,0,0,0,0,0,0,0,0,0,0,0,18000,18000,0,0
064485,儒鴻元大01購01  ,0,0,0,0,0,0,0,0,0,0,0,0,0,2000,2000,0,0
064577,大立光國泰02購01,0,0,0,0,0,0,0,0,0,0,0,0,0,237000,237000,0,0
064578,TPK國泰02購01   ,0,0,0,0,0,0,0,0,0,0,0,0,0,88000,88000,0,0
064586,緯創永豐9C購01  ,0,0,0,0,0,0,0,0,0,0,0,0,0,6000,6000,0,0
064673,南茂元大9C購01  ,0,0,0,0,0,0,0,0,0,0,0,0,0,9000,9000,0,0
064659,台達電元大9C購02,0,0,0,0,0,0,0,0,0,0,0,0,0,10000,10000,0,0
064669,健策元大01購03  ,0,0,0,0,0,0,0,0,0,0,0,0,0,16000,16000,0,0
064627,矽格元大9C購01  ,0,0,0,0,0,0,0,0,0,0,0,0,0,16000,16000,0,0
064449,金寶統一01購02  ,0,0,0,0,0,0,0,0,0,0,0,0,0,35000,35000,0,0
064336,可成元大9C購06  ,0,0,0,0,0,0,0,0,0,0,0,0,0,3000,3000,0,0
063757,鴻海統一9C購16  ,0,0,0,0,0,0,0,0,0,0,0,0,0,2000,2000,0,0
063761,嘉澤統一02購01  ,0,0,0,0,0,0,0,0,0,0,0,0,0,52000,52000,0,0
063613,全新群益9C購01  ,0,0,0,0,0,0,0,0,0,0,0,0,0,40000,40000,0,0
063602,金像電凱基9B購04,0,0,0,0,0,0,0,0,0,0,0,0,0,20000,20000,0,0
063842,國巨元大9C購10  ,0,0,0,0,0,0,0,0,0,0,0,0,0,58000,58000,0,0
064026,建準元大9C購02  ,0,0,0,0,0,0,0,0,0,0,0,0,0,3000,3000,0,0
064065,大立光富邦02購02,0,0,0,0,0,0,0,0,0,0,0,0,0,50000,50000,0,0
08219P,上銀凱基9B售08  ,0,0,0,0,0,0,0,0,0,0,0,0,0,20000,20000,0,0
062041,華擎凱基9C購01  ,0,0,0,0,0,0,0,0,0,0,0,0,0,10000,10000,0,0
08162P,台灣50台新9C售06,0,0,0,0,0,0,0,0,0,0,0,0,0,1000,1000,0,0
07950P,智邦元大9B售04  ,0,0,0,0,0,0,0,0,0,0,0,0,0,14000,14000,0,0
07836P,大成鋼元大9A售01,0,0,0,0,0,0,0,0,0,0,0,0,0,200000,200000,0,0
07832P,台積電群益9A售08,0,0,0,0,0,0,0,0,0,0,0,0,0,5000,5000,0,0
07783P,聯發科富邦9C售03,0,0,0,0,0,0,0,0,0,0,0,0,0,50000,50000,0,0
07713P,台郡元大9A售03  ,0,0,0,0,0,0,0,0,0,0,0,0,0,40000,40000,0,0
07643P,禾伸堂凱基9A售02,0,0,0,0,0,0,0,0,0,0,0,0,0,10000,10000,0,0
07626P,台灣50凱基04售07,0,0,0,0,0,0,0,0,0,0,0,0,0,3000,3000,0,0
06806P,臺股指群益98售12,0,0,0,0,0,0,0,0,0,0,0,0,0,10000,10000,0,0
06863P,欣興凱基98售05  ,0,0,0,0,0,0,0,0,0,0,0,0,0,85000,85000,0,0
06874P,台積電台新98售02,0,0,0,0,0,0,0,0,0,0,0,0,0,90000,90000,0,0
06875P,台灣50永昌9A售02,0,0,0,0,0,0,0,0,0,0,0,0,0,551000,551000,0,0
06876P,台灣50兆豐9B售01,0,0,0,0,0,0,0,0,0,0,0,2000,-2000,2000,0,2000,0
06877P,台積電兆豐98售04,0,0,0,0,0,0,0,0,0,0,0,0,0,30000,30000,0,0
06767P,台積電永昌99售03,0,0,0,0,0,0,0,0,0,0,0,0,0,130000,130000,0,0
06727P,台光電元大98售05,0,0,0,0,0,0,0,0,0,0,0,0,0,200000,200000,0,0
06699P,台積電統一98售11,0,0,0,0,0,0,0,0,0,0,0,0,0,40000,40000,0,0
06685P,鴻海國泰9A售01  ,0,0,0,0,0,0,0,0,0,0,0,0,0,10000,10000,0,0
06681P,致茂元大98售02  ,0,0,0,0,0,0,0,0,0,0,0,0,0,100000,100000,0,0
07113P,台積電兆豐99售03,0,0,0,0,0,0,0,0,0,0,0,0,0,20000,20000,0,0
07036P,台灣50台新9C售01,0,0,0,0,0,0,0,0,0,0,0,0,0,430000,430000,0,0
07037P,台積電台新99售03,0,0,0,0,0,0,0,0,0,0,0,0,0,10000,10000,0,0
07045P,上銀國票9A售01  ,0,0,0,0,0,0,0,0,0,0,0,0,0,1000,1000,0,0
07046P,大立光富邦9C售03,0,0,0,0,0,0,0,0,0,0,0,0,0,7000,7000,0,0
06981P,台灣50麥證99售02,0,0,0,0,50000,-50000,0,0,0,0,0,0,0,50000,50000,0,0
06967P,台郡台新99售02  ,0,0,0,0,0,0,0,0,0,0,0,0,0,20000,20000,0,0
07350P,台灣50國票99售11,0,0,0,0,0,0,0,0,0,0,0,0,0,100000,100000,0,0
07206P,鴻海凱基9A售11  ,0,0,0,0,0,0,0,0,0,0,0,0,0,13000,13000,0,0
07435P,台積電富邦9C售07,0,0,0,0,0,0,0,0,0,0,0,0,0,10000,10000,0,0
07489P,國巨國票9A售07  ,0,0,0,0,0,0,0,0,0,0,0,0,0,20000,20000,0,0
07559P,祥碩元大9A售03  ,0,0,0,0,0,0,0,0,0,0,0,0,0,10000,10000,0,0
3058,立德            ,4000,7000,-3000,0,0,0,0,0,0,3000,4000,1000,3000,0,0,0,0
4807,日成-KY         ,1000,1000,0,0,0,0,0,0,0,0,0,0,0,0,0,0,0
5007,三星            ,12000,11000,1000,0,0,0,0,0,0,-1000,0,1000,-1000,0,0,0,0
3703,欣陸            ,248000,236000,12000,0,0,0,0,0,0,-12000,0,12000,-12000,0,0,0,0
6655,科定            ,3000,3000,0,0,0,0,0,0,0,0,0,0,0,0,0,0,0
3536,誠創            ,0,45,-45,0,0,0,0,0,0,0,0,0,0,0,0,0,-45
5533,皇鼎            ,37000,37063,-63,0,0,0,0,0,0,0,0,0,0,0,0,0,-63
2032,新鋼            ,2000,2000,0,0,0,0,0,0,0,-1000,0,1000,-1000,0,0,0,-1000
2227,裕日車          ,27000,17000,10000,0,0,0,0,13000,-13000,2000,2000,0,2000,0,0,0,-1000
08852P,台灣50台新01售01,0,1000,-1000,0,0,0,0,0,0,0,0,0,0,0,0,0,-1000
08319P,台積電統一9C售11,0,0,0,0,0,0,0,0,0,-1000,0,0,0,0,1000,-1000,-1000
1528,恩德            ,9000,10000,-1000,0,0,0,0,0,0,0,0,0,0,0,0,0,-1000
1341,富林-KY         ,0,1000,-1000,0,0,0,0,0,0,0,0,0,0,0,0,0,-1000
1539,巨庭            ,3000,4000,-1000,0,0,0,0,0,0,0,0,0,0,0,0,0,-1000
061095,台積電台新9B購03,0,0,0,0,0,0,0,0,0,-1000,0,0,0,21000,22000,-1000,-1000
061093,華新科統一9B購03,0,0,0,0,0,0,0,0,0,-1000,0,0,0,0,1000,-1000,-1000
061377,聯發科永豐9A購04,0,0,0,0,0,0,0,0,0,-1000,0,0,0,0,1000,-1000,-1000
06139P,台積電中信99售02,0,0,0,0,0,0,0,0,0,-1000,0,0,0,214000,215000,-1000,-1000
061798,晶豪科永豐9B購01,0,0,0,0,0,0,0,0,0,-1000,0,0,0,4000,5000,-1000,-1000
063020,奇力新元大9B購04,0,0,0,0,0,0,0,0,0,-1000,0,0,0,14000,15000,-1000,-1000
061674,聯發科元大9A購12,0,0,0,0,0,0,0,0,0,-1000,0,0,0,0,1000,-1000,-1000
062000,臺股指元大9B購24,0,0,0,0,0,0,0,0,0,-1000,0,0,0,0,1000,-1000,-1000
062536,玉晶光麥證9B購01,0,0,0,0,2000,-2000,0,0,0,-1000,0,0,0,1000,2000,-1000,-1000
061754,晶技麥證9B購01  ,0,0,0,0,1000,-1000,0,0,0,-1000,0,0,0,0,1000,-1000,-1000
06257P,臺股指群益97售10,0,0,0,0,0,0,0,0,0,-1000,0,0,0,199000,200000,-1000,-1000
062196,聯發科中信01購02,0,0,0,0,0,0,0,0,0,-1000,0,0,0,0,1000,-1000,-1000
06214P,國巨國票98售04  ,0,0,0,0,0,0,0,0,0,-1000,0,0,0,49000,50000,-1000,-1000
060986,聯發科元大9A購07,0,0,0,0,0,0,0,0,0,-1000,0,0,0,0,1000,-1000,-1000
062053,華通統一9C購02  ,0,0,0,0,0,0,0,0,0,-1000,0,0,0,0,1000,-1000,-1000
062065,台灣50元大9B購14,0,0,0,0,0,0,0,0,0,-1000,0,0,0,0,1000,-1000,-1000
062251,旺宏元大9B購06  ,0,0,0,0,0,0,0,0,0,-1000,0,0,0,0,1000,-1000,-1000
062353,亞德客元大9B購01,0,0,0,0,0,0,0,0,0,-1000,0,0,0,10000,11000,-1000,-1000
062940,華新科凱基9C購02,0,0,0,0,0,0,0,0,0,-1000,0,0,0,0,1000,-1000,-1000
06299P,可成元大97售04  ,0,0,0,0,0,0,0,0,0,-1000,0,0,0,0,1000,-1000,-1000
062737,聯發科國票9B購03,0,0,0,0,0,0,0,0,0,-1000,0,0,0,0,1000,-1000,-1000
062709,帆宣元大9B購01  ,0,0,0,0,0,0,0,0,0,-1000,0,0,0,50000,51000,-1000,-1000
062815,聯發科兆豐9B購03,0,0,0,0,0,0,0,0,0,-1000,0,0,0,24000,25000,-1000,-1000
062776,鴻海元大9B購03  ,0,0,0,0,0,0,0,0,0,-1000,0,0,0,0,1000,-1000,-1000
062777,鴻海元大9C購03  ,0,0,0,0,0,0,0,0,0,-1000,0,0,0,0,1000,-1000,-1000
061246,玉晶光群益9A購08,0,0,0,0,0,0,0,0,0,-1000,0,0,0,26000,27000,-1000,-1000
061632,SP黃豆元大9A購06,0,0,0,0,0,0,0,0,0,-1000,0,0,0,0,1000,-1000,-1000
061171,大立光麥證9A購01,0,0,0,0,1000,-1000,0,0,0,-1000,0,0,0,0,1000,-1000,-1000
061190,力山永豐9A購02  ,0,0,0,0,0,0,0,0,0,-1000,0,0,0,38000,39000,-1000,-1000
061239,聯發科兆豐9A購01,0,0,0,0,0,0,0,0,0,-1000,0,0,0,0,1000,-1000,-1000
061059,世芯國票9B購01  ,0,0,0,0,0,0,0,0,0,-1000,0,0,0,1000,2000,-1000,-1000
062840,臺股指群益9B購07,0,0,0,0,0,0,0,0,0,-1000,0,0,0,0,1000,-1000,-1000
062841,臺股指群益9B購08,0,0,0,0,0,0,0,0,0,-1000,0,0,0,0,1000,-1000,-1000
00634R,富邦上証反1     ,146000,76000,70000,0,0,0,0,0,0,-71000,0,0,0,271000,342000,-71000,-1000
03007X,元展07          ,0,0,0,0,0,0,0,0,0,-1000,0,0,0,0,1000,-1000,-1000
051970,元黃金凱基98購01,0,0,0,0,0,0,0,0,0,-1000,0,0,0,0,1000,-1000,-1000
052326,滬深反中信99購01,0,0,0,0,0,0,0,0,0,-1000,0,0,0,0,1000,-1000,-1000
03035X,元展32          ,0,0,0,0,0,0,0,0,0,-1000,0,0,0,0,1000,-1000,-1000
03026X,元展23          ,0,0,0,0,0,0,0,0,0,-1000,0,0,0,0,1000,-1000,-1000
03683C,T50反1元大9C牛04,0,0,0,0,0,0,0,0,0,-1000,0,0,0,5000,6000,-1000,-1000
03684C,臺股指元大06牛01,0,0,0,0,0,0,0,0,0,-1000,0,0,0,1000,2000,-1000,-1000
053035,台表科兆豐97購01,0,0,0,0,0,0,0,0,0,-1000,0,0,0,10000,11000,-1000,-1000
052969,建準群益97購01  ,0,0,0,0,0,0,0,0,0,-1000,0,0,0,0,1000,-1000,-1000
048583,智原富邦98購01  ,0,0,0,0,0,0,0,0,0,-1000,0,0,0,0,1000,-1000,-1000
054478,可成中信97購01  ,0,0,0,0,0,0,0,0,0,-1000,0,0,0,0,1000,-1000,-1000
054816,聯發科元大97購12,0,0,0,0,0,0,0,0,0,-1000,0,0,0,82000,83000,-1000,-1000
054758,南亞國票9A購01  ,0,0,0,0,0,0,0,0,0,-1000,0,0,0,0,1000,-1000,-1000
053259,卜蜂群益97購01  ,0,0,0,0,0,0,0,0,0,-1000,0,0,0,0,1000,-1000,-1000
053280,群創元大9C購01  ,0,0,0,0,0,0,0,0,0,-1000,0,0,0,0,1000,-1000,-1000
054231,國巨群益98購03  ,0,0,0,0,0,0,0,0,0,-1000,0,0,0,10000,11000,-1000,-1000
053854,聯茂國泰97購02  ,0,0,0,0,0,0,0,0,0,-1000,0,0,0,0,1000,-1000,-1000
053654,聯發科凱基98購01,0,0,0,0,0,0,0,0,0,-1000,0,0,0,2000,3000,-1000,-1000
053865,欣興元大97購02  ,0,0,0,0,0,0,0,0,0,-1000,0,0,0,59000,60000,-1000,-1000
053930,S&P反1統一98購01,0,0,0,0,0,0,0,0,0,-1000,0,0,0,0,1000,-1000,-1000
056295,國巨元大97購16  ,0,0,0,0,0,0,0,0,0,-1000,0,0,0,0,1000,-1000,-1000
05721P,全新群益98售02  ,0,0,0,0,0,0,0,0,0,-1000,0,0,0,0,1000,-1000,-1000
057253,高股息中信99購02,0,0,0,0,0,0,0,0,0,-1000,0,0,0,0,1000,-1000,-1000
057270,遠東新元大98購01,0,0,0,0,0,0,0,0,0,-1000,0,0,0,9000,10000,-1000,-1000
056363,華新科元大99購04,0,0,0,0,0,0,0,0,0,-1000,0,0,0,0,1000,-1000,-1000
057296,智原永豐98購01  ,0,0,0,0,0,0,0,0,0,-1000,0,0,0,0,1000,-1000,-1000
056947,國巨統一9A購01  ,0,0,0,0,0,0,0,0,0,-1000,0,0,0,0,1000,-1000,-1000
057446,旺宏元富02購01  ,0,0,0,0,0,0,0,0,0,-1000,0,0,0,10000,11000,-1000,-1000
055367,台積電元大97購23,0,0,0,0,0,0,0,0,0,-1000,0,0,0,0,1000,-1000,-1000
055389,國巨統一98購02  ,0,0,0,0,0,0,0,0,0,-1000,0,0,0,0,1000,-1000,-1000
056765,友達元大9B購05  ,0,0,0,0,0,0,0,0,0,-1000,0,0,0,0,1000,-1000,-1000
056092,亞德客元富97購02,0,0,0,0,0,0,0,0,0,-1000,0,0,0,0,1000,-1000,-1000
056263,友訊統一99購01  ,0,0,0,0,0,0,0,0,0,-1000,0,0,0,0,1000,-1000,-1000
056229,可成凱基97購04  ,0,0,0,0,0,0,0,0,0,-1000,0,0,0,0,1000,-1000,-1000
055805,矽力永豐97購01  ,0,0,0,0,0,0,0,0,0,-1000,0,0,0,0,1000,-1000,-1000
055854,群創元大98購04  ,0,0,0,0,0,0,0,0,0,-1000,0,0,0,0,1000,-1000,-1000
060880,中壽中信9C購01  ,0,0,0,0,0,0,0,0,0,-1000,0,0,0,1000,2000,-1000,-1000
05809P,臺股指國票96售02,0,0,0,0,0,0,0,0,0,-1000,0,0,0,0,1000,-1000,-1000
05812P,臺股指國票96售05,0,0,0,0,0,0,0,0,0,-1000,0,0,0,216000,217000,-1000,-1000
056645,大立光凱基98購12,0,0,0,0,0,0,0,0,0,-1000,0,0,0,0,1000,-1000,-1000
060218,台積電凱基9A購15,0,0,0,0,0,0,0,0,0,-1000,0,0,0,0,1000,-1000,-1000
058134,信邦元大99購01  ,0,0,0,0,0,0,0,0,0,-1000,0,0,0,8000,9000,-1000,-1000
060262,臺股指凱基9B購02,0,0,0,0,0,0,0,0,0,-1000,0,0,0,0,1000,-1000,-1000
059673,玉山金元富99購01,0,0,0,0,0,0,0,0,0,-1000,0,0,0,60000,61000,-1000,-1000
059703,旺宏凱基99購11  ,0,0,0,0,0,0,0,0,0,-1000,0,0,0,0,1000,-1000,-1000
063178,聯發科兆豐9B購04,0,0,0,0,0,0,0,0,0,-1000,0,0,0,0,1000,-1000,-1000
05855P,滬深2X中信9C售01,0,0,0,0,0,0,0,0,0,-1000,0,0,0,0,1000,-1000,-1000
058601,台積電元大99購10,0,0,0,0,0,0,0,0,0,-1000,0,0,0,0,1000,-1000,-1000
057602,聯茂群益98購02  ,0,0,0,0,0,0,0,0,0,-1000,0,0,0,1000,2000,-1000,-1000
058552,欣興永豐99購01  ,0,0,0,0,0,0,0,0,0,-1000,0,0,0,0,1000,-1000,-1000
057640,台積電元大98購16,0,0,0,0,0,0,0,0,0,-1000,0,0,0,13000,14000,-1000,-1000
063424,新日興凱基01購01,0,0,0,0,0,0,0,0,0,-1000,0,0,0,0,1000,-1000,-1000
063304,大立光凱基01購02,0,0,0,0,0,0,0,0,0,-1000,0,0,0,0,1000,-1000,-1000
063342,台光電統一9B購02,0,0,0,0,0,0,0,0,0,-1000,0,0,0,0,1000,-1000,-1000
057536,康控元大99購03  ,0,0,0,0,0,0,0,0,0,-1000,0,0,0,0,1000,-1000,-1000
058532,禾伸堂元富99購01,0,0,0,0,0,0,0,0,0,-1000,0,0,0,0,1000,-1000,-1000
059617,A50正2群益01購02,0,0,0,0,0,0,0,0,0,-1000,0,0,0,0,1000,-1000,-1000
059415,台灣50元大9A購03,0,0,0,0,0,0,0,0,0,-1000,0,0,0,0,1000,-1000,-1000
058697,亞德客元大99購01,0,0,0,0,0,0,0,0,0,-1000,0,0,0,1000,2000,-1000,-1000
058686,祥碩凱基99購03  ,0,0,0,0,0,0,0,0,0,-1000,0,0,0,22000,23000,-1000,-1000
059347,京鼎凱基99購02  ,0,0,0,0,0,0,0,0,0,-1000,0,0,0,0,1000,-1000,-1000
060398,立積國票9B購01  ,0,0,0,0,0,0,0,0,0,-1000,0,0,0,0,1000,-1000,-1000
060415,葡萄王永豐9A購01,0,0,0,0,0,0,0,0,0,-1000,0,0,0,74000,75000,-1000,-1000
060405,中租國泰9C購01  ,0,0,0,0,0,0,0,0,0,-1000,0,0,0,0,1000,-1000,-1000
058960,臺股指國票99購05,0,0,0,0,0,0,0,0,0,-1000,0,0,0,0,1000,-1000,-1000
058890,元油2X元大9C購06,0,0,0,0,0,0,0,0,0,-1000,0,0,0,0,1000,-1000,-1000
058885,元石油元大9C購02,0,0,0,0,0,0,0,0,0,-1000,0,0,0,15000,16000,-1000,-1000
058893,元油2X元大9C購10,0,0,0,0,0,0,0,0,0,-1000,0,0,0,0,1000,-1000,-1000
058835,元油2X中信9C購02,0,0,0,0,0,0,0,0,0,-1000,0,0,0,9000,10000,-1000,-1000
058861,國巨凱基9A購08  ,0,0,0,0,0,0,0,0,0,-1000,0,0,0,0,1000,-1000,-1000
058347,玉晶光群益9B購01,0,0,0,0,0,0,0,0,0,-1000,0,0,0,24000,25000,-1000,-1000
059242,南亞科凱基99購06,0,0,0,0,0,0,0,0,0,-1000,0,0,0,50000,51000,-1000,-1000
060522,鴻海中信9A購03  ,0,0,0,0,0,0,0,0,0,-1000,0,0,0,0,1000,-1000,-1000
06086P,台積電康和97售01,0,0,0,0,0,0,0,0,0,-1000,0,0,0,0,1000,-1000,-1000
060794,景碩永豐9A購02  ,0,0,0,0,0,0,0,0,0,-1000,0,0,0,5000,6000,-1000,-1000
059273,臺指反元大9C購03,0,0,0,0,0,0,0,0,0,-1000,0,0,0,0,1000,-1000,-1000
058409,鴻海兆豐99購05  ,0,0,0,0,0,0,0,0,0,-1000,0,0,0,0,1000,-1000,-1000
057976,旺宏永豐98購03  ,0,0,0,0,0,0,0,0,0,-1000,0,0,0,0,1000,-1000,-1000
057964,緯穎元大99購03  ,0,0,0,0,0,0,0,0,0,-1000,0,0,0,12000,13000,-1000,-1000
059984,華新科元大99購21,0,0,0,0,0,0,0,0,0,-1000,0,0,0,0,1000,-1000,-1000
05996P,華新科群益96售03,0,0,0,0,0,0,0,0,0,-1000,0,0,0,0,1000,-1000,-1000
059914,台積電元大99購47,0,0,0,0,0,0,0,0,0,-1000,0,0,0,1000,2000,-1000,-1000
059903,S&P正2元大99購02,0,0,0,0,0,0,0,0,0,-1000,0,0,0,0,1000,-1000,-1000
05977P,旺宏永豐96售06  ,0,0,0,0,0,0,0,0,0,-1000,0,0,0,0,1000,-1000,-1000
059811,高股息凱基99購02,0,0,0,0,0,0,0,0,0,-1000,0,0,0,10000,11000,-1000,-1000
059770,A50正2群益9C購01,0,0,0,0,0,0,0,0,0,-1000,0,0,0,0,1000,-1000,-1000
059756,奇力新富邦9C購01,0,0,0,0,0,0,0,0,0,-1000,0,0,0,0,1000,-1000,-1000
059728,聯鈞元大99購01  ,0,0,0,0,0,0,0,0,0,-1000,0,0,0,2000,3000,-1000,-1000
060074,台積電元富99購04,0,0,0,0,0,0,0,0,0,-1000,0,0,0,0,1000,-1000,-1000
060374,儒鴻元富9A購01  ,0,0,0,0,0,0,0,0,0,-1000,0,0,0,0,1000,-1000,-1000
060607,玉晶光凱基9A購06,0,0,0,0,0,0,0,0,0,-1000,0,0,0,0,1000,-1000,-1000
060656,國巨統一9C購03  ,0,0,0,0,0,0,0,0,0,-1000,0,0,0,0,1000,-1000,-1000
06074P,台積電凱基98售04,0,0,0,0,0,0,0,0,0,-1000,0,0,0,0,1000,-1000,-1000
060769,國巨麥證9A購02  ,0,0,0,0,1000,-1000,0,0,0,-1000,0,0,0,0,1000,-1000,-1000
059109,台積電富邦9C購03,0,0,0,0,0,0,0,0,0,-1000,0,0,0,0,1000,-1000,-1000
060368,緯穎元富9A購03  ,0,0,0,0,0,0,0,0,0,-1000,0,0,0,0,1000,-1000,-1000
059145,創意國票99購02  ,0,0,0,0,0,0,0,0,0,-1000,0,0,0,0,1000,-1000,-1000
059136,臺股指群益99購11,0,0,0,0,0,0,0,0,0,-1000,0,0,0,0,1000,-1000,-1000
059137,電子類群益99購01,0,0,0,0,0,0,0,0,0,-1000,0,0,0,0,1000,-1000,-1000
07470P,國巨元大9A售06  ,0,0,0,0,0,0,0,0,0,-1000,0,0,0,0,1000,-1000,-1000
07005P,台積電統一9B售05,0,0,0,0,0,0,0,0,0,-1000,0,0,0,30000,31000,-1000,-1000
07056P,臺股指麥證99售02,0,0,0,6000,7000,-1000,0,0,0,-1000,0,0,0,6000,7000,-1000,-1000
07033P,大立光統一9B售03,0,0,0,0,0,0,0,0,0,-1000,0,0,0,0,1000,-1000,-1000
06688P,鴻海中信02售01  ,0,0,0,0,0,0,0,0,0,-1000,0,0,0,0,1000,-1000,-1000
06890P,金融類元大98售02,0,0,0,0,0,0,0,0,0,-1000,0,0,0,0,1000,-1000,-1000
06870P,台灣50群益9A售03,0,0,0,0,0,0,0,0,0,-1000,0,0,0,190000,191000,-1000,-1000
06800P,台灣50群益9A售02,0,0,0,0,0,0,0,0,0,-1000,0,0,0,90000,91000,-1000,-1000
06835P,台灣50國票9A售01,0,0,0,0,0,0,0,0,0,-1000,0,0,0,0,1000,-1000,-1000
07656P,國巨凱基9A售15  ,0,0,0,0,0,0,0,0,0,-1000,0,0,0,0,1000,-1000,-1000
07708P,玉晶光元大9A售13,0,0,0,0,0,0,0,0,0,-1000,0,0,0,104000,105000,-1000,-1000
07858P,旺宏永豐9A售03  ,0,0,0,0,0,0,0,0,0,-1000,0,0,0,2000,3000,-1000,-1000
061486,國巨兆豐9B購02  ,0,0,0,0,0,0,0,0,0,-1000,0,0,0,20000,21000,-1000,-1000
061453,台達電凱基9B購01,0,0,0,0,0,0,0,0,0,-1000,0,0,0,45000,46000,-1000,-1000
061449,大立光中信9C購02,0,0,0,0,0,0,0,0,0,-1000,0,0,0,85000,86000,-1000,-1000
08243P,祥碩凱基9C售02  ,0,0,0,0,0,0,0,0,0,-1000,0,0,0,70000,71000,-1000,-1000
064067,美律永豐9C購01  ,0,0,0,0,0,0,0,0,0,-1000,0,0,0,0,1000,-1000,-1000
064108,創意兆豐9C購01  ,0,0,0,0,0,0,0,0,0,-1000,0,0,0,0,1000,-1000,-1000
063974,南電國票01購01  ,0,0,0,0,0,0,0,0,0,-1000,0,0,0,24000,25000,-1000,-1000
063604,群創凱基01購02  ,0,0,0,0,0,0,0,0,0,-1000,0,0,0,1000,2000,-1000,-1000
063619,聯發科兆豐01購01,0,0,0,0,0,0,0,0,0,-1000,0,0,0,0,1000,-1000,-1000
063561,上銀元大9B購08  ,0,0,0,0,0,0,0,0,0,-1000,0,0,0,10000,11000,-1000,-1000
063747,國巨國票9C購06  ,0,0,0,0,0,0,0,0,0,-1000,0,0,0,0,1000,-1000,-1000
063797,台積電凱基02購02,0,0,0,0,0,0,0,0,0,-1000,0,0,0,2000,3000,-1000,-1000
064439,大立光凱基03購02,0,0,0,0,0,0,0,0,0,-1000,0,0,0,0,1000,-1000,-1000
064224,玉晶光國票01購04,0,0,0,0,0,0,0,0,0,-1000,0,0,0,4000,5000,-1000,-1000
064213,大立光凱基03購01,0,0,0,0,0,0,0,0,0,-1000,0,0,0,0,1000,-1000,-1000
06446P,大立光凱基98售10,0,0,0,0,0,0,0,0,0,-1000,0,0,0,0,1000,-1000,-1000
064526,臺股指群益9C購11,0,0,0,0,0,0,0,0,0,-1000,0,0,0,0,1000,-1000,-1000
064519,聯詠群益9C購01  ,0,0,0,0,0,0,0,0,0,-1000,0,0,0,0,1000,-1000,-1000
06484P,聯發科凱基98售11,0,0,0,0,0,0,0,0,0,-1000,0,0,0,0,1000,-1000,-1000
06529P,貿聯富邦99售03  ,0,0,0,0,0,0,0,0,0,-1000,0,0,0,139000,140000,-1000,-1000
4755,三福化          ,1000,1000,0,0,0,0,0,0,0,-1000,0,1000,-1000,0,0,0,-1000
3167,大量            ,3000,4000,-1000,0,0,0,0,0,0,0,0,0,0,0,0,0,-1000
2910,統領            ,0,1000,-1000,0,0,0,0,0,0,0,0,0,0,0,0,0,-1000
9918,欣天然          ,0,0,0,0,0,0,0,0,0,-1000,0,1000,-1000,0,0,0,-1000
911622,泰聚亨-DR       ,0,0,0,0,0,0,0,0,0,-1000,0,1000,-1000,0,0,0,-1000
911868,同方友友-DR     ,0,1000,-1000,0,0,0,0,0,0,0,0,0,0,0,0,0,-1000
8454,富邦媒          ,113050,119021,-5971,0,0,0,0,0,0,4000,8000,4000,4000,0,0,0,-1971
061571,奇力新元大9A購03,0,0,0,0,0,0,0,0,0,-2000,0,0,0,13000,15000,-2000,-2000
061251,臺股指群益9A購02,0,0,0,0,0,0,0,0,0,-2000,0,0,0,0,2000,-2000,-2000
061341,華新科元大9A購16,0,0,0,0,0,0,0,0,0,-2000,0,0,0,0,2000,-2000,-2000
061292,玉晶光統一01購06,0,0,0,0,0,0,0,0,0,-2000,0,0,0,0,2000,-2000,-2000
062890,祥碩群益9B購04  ,0,0,0,0,0,0,0,0,0,-2000,0,0,0,37000,39000,-2000,-2000
06271P,彩晶凱基97售01  ,0,0,0,0,0,0,0,0,0,-2000,0,0,0,0,2000,-2000,-2000
062298,國巨第一9B購01  ,0,0,0,0,0,0,0,0,0,-2000,0,0,0,0,2000,-2000,-2000
062328,南亞科統一9C購01,0,0,0,0,0,0,0,0,0,-2000,0,0,0,0,2000,-2000,-2000
062404,新唐永豐9B購01  ,0,0,0,0,0,0,0,0,0,-2000,0,0,0,0,2000,-2000,-2000
06244P,智易元富97售02  ,0,0,0,0,0,0,0,0,0,-2000,0,0,0,0,2000,-2000,-2000
062429,A50正2元大9B購01,0,0,0,0,0,0,0,0,0,-2000,0,0,0,8000,10000,-2000,-2000
062433,上銀元大9B購05  ,0,0,0,0,0,0,0,0,0,-2000,0,0,0,9000,11000,-2000,-2000
062414,臻鼎中信01購01  ,0,0,0,0,0,0,0,0,0,-2000,0,0,0,0,2000,-2000,-2000
061540,台積電群益9A購07,0,0,0,0,0,0,0,0,0,-2000,0,0,0,2000,4000,-2000,-2000
061551,GIS群益9A購01   ,0,0,0,0,0,0,0,0,0,-2000,0,0,0,0,2000,-2000,-2000
061497,大立光國票9A購09,0,0,0,0,0,0,0,0,0,-2000,0,0,0,0,2000,-2000,-2000
061498,大立光國票9A購10,0,0,0,0,0,0,0,0,0,-2000,0,0,0,0,2000,-2000,-2000
063047,大立光兆豐9B購03,0,0,0,0,0,0,0,0,0,-2000,0,0,0,0,2000,-2000,-2000
061142,南電統一9A購01  ,0,0,0,0,0,0,0,0,0,-2000,0,0,0,166000,168000,-2000,-2000
08409P,臺股指元大9C售15,0,0,0,0,0,0,0,0,0,-2000,0,0,0,26000,28000,-2000,-2000
2705,六福            ,86000,88000,-2000,0,0,0,0,0,0,0,0,0,0,0,0,0,-2000
060280,元金2X元大9A購01,0,0,0,0,0,0,0,0,0,-2000,0,0,0,0,2000,-2000,-2000
058133,華新科元大9A購02,0,0,0,0,0,0,0,0,0,-2000,0,0,0,8000,10000,-2000,-2000
058101,台積電富邦9C購01,0,0,0,0,0,0,0,0,0,-2000,0,0,0,80000,82000,-2000,-2000
056536,義隆凱基98購04  ,0,0,0,0,0,0,0,0,0,-2000,0,0,0,0,2000,-2000,-2000
056132,台光電元大97購03,0,0,0,0,0,0,0,0,0,-2000,0,0,0,0,2000,-2000,-2000
056469,國巨元大99購01  ,0,0,0,0,0,0,0,0,0,-2000,0,0,0,1000,3000,-2000,-2000
056435,台積電凱基98購09,0,0,0,0,0,0,0,0,0,-2000,0,0,0,2000,4000,-2000,-2000
055360,台表科凱基97購02,0,0,0,0,0,0,0,0,0,-2000,0,0,0,30000,32000,-2000,-2000
055692,緯穎凱基97購03  ,0,0,0,0,0,0,0,0,0,-2000,0,0,0,8000,10000,-2000,-2000
057497,祥碩元大98購06  ,0,0,0,0,0,0,0,0,0,-2000,0,0,0,0,2000,-2000,-2000
057481,技嘉元大98購04  ,0,0,0,0,0,0,0,0,0,-2000,0,0,0,2000,4000,-2000,-2000
057074,立積永豐98購01  ,0,0,0,0,0,0,0,0,0,-2000,0,0,0,0,2000,-2000,-2000
057003,立積國票98購01  ,0,0,0,0,0,0,0,0,0,-2000,0,0,0,0,2000,-2000,-2000
057057,立積元大9A購01  ,0,0,0,0,0,0,0,0,0,-2000,0,0,0,0,2000,-2000,-2000
056918,台積電兆豐98購01,0,0,0,0,0,0,0,0,0,-2000,0,0,0,1000,3000,-2000,-2000
056828,國巨富邦9A購03  ,0,0,0,0,0,0,0,0,0,-2000,0,0,0,0,2000,-2000,-2000
056843,冠德元富98購01  ,0,0,0,0,0,0,0,0,0,-2000,0,0,0,0,2000,-2000,-2000
057315,台灣50康和9A購03,0,0,0,0,0,0,0,0,0,-2000,0,0,0,0,2000,-2000,-2000
056343,高鐵凱基98購02  ,0,0,0,0,0,0,0,0,0,-2000,0,0,0,0,2000,-2000,-2000
053732,S&P反1中信9C購01,0,0,0,0,0,0,0,0,0,-2000,0,0,0,1000,3000,-2000,-2000
054319,世紀鋼凱基96購02,0,0,0,0,0,0,0,0,0,-2000,0,0,0,30000,32000,-2000,-2000
054587,玉晶光國泰99購01,0,0,0,0,0,0,0,0,0,-2000,0,0,0,0,2000,-2000,-2000
053062,緯穎富邦97購01  ,0,0,0,0,0,0,0,0,0,-2000,0,0,0,0,2000,-2000,-2000
039212,台達電台新9A購01,0,0,0,0,0,0,0,0,0,-2000,0,0,0,0,2000,-2000,-2000
03680C,臺股指凱基9A牛26,0,0,0,0,0,0,0,0,0,-2000,0,0,0,123000,125000,-2000,-2000
052475,滬深2X群益99購06,0,0,0,0,0,0,0,0,0,-2000,0,0,0,0,2000,-2000,-2000
052130,國巨凱基9B購01  ,0,0,0,0,0,0,0,0,0,-2000,0,0,0,30000,32000,-2000,-2000
052090,聯發科元大97購03,0,0,0,0,0,0,0,0,0,-2000,0,0,0,0,2000,-2000,-2000
03006X,元展06          ,0,0,0,0,0,0,0,0,0,-2000,0,0,0,0,2000,-2000,-2000
03013X,元展13          ,0,0,0,0,0,0,0,0,0,-2000,0,0,0,0,2000,-2000,-2000
020004,兆豐電菁英30N   ,0,0,0,0,0,0,0,0,0,-2000,0,0,0,0,2000,-2000,-2000
00735,國泰臺韓科技    ,0,110000,-110000,0,0,0,0,0,0,108000,0,0,0,233000,125000,108000,-2000
0051,元大中型100     ,3000,3000,0,0,0,0,0,0,0,-2000,0,0,0,18000,20000,-2000,-2000
059138,台積電兆豐99購04,0,0,0,0,0,0,0,0,0,-2000,0,0,0,0,2000,-2000,-2000
059162,國巨凱基99購12  ,0,0,0,0,0,0,0,0,0,-2000,0,0,0,1000,3000,-2000,-2000
060342,台積電統一02購01,0,0,0,0,0,0,0,0,0,-2000,0,0,0,15000,17000,-2000,-2000
060639,玉晶光永豐9A購05,0,0,0,0,0,0,0,0,0,-2000,0,0,0,0,2000,-2000,-2000
060643,牧德永豐9A購03  ,0,0,0,0,0,0,0,0,0,-2000,0,0,0,2000,4000,-2000,-2000
059744,禾伸堂元富99購02,0,0,0,0,0,0,0,0,0,-2000,0,0,0,0,2000,-2000,-2000
059797,大立光國票99購01,0,0,0,0,0,0,0,0,0,-2000,0,0,0,0,2000,-2000,-2000
059899,上証2X元大9C購04,0,0,0,0,0,0,0,0,0,-2000,0,0,0,0,2000,-2000,-2000
060006,華通群益9A購04  ,0,0,0,0,0,0,0,0,0,-2000,0,0,0,0,2000,-2000,-2000
057971,華新科富邦9B購02,0,0,0,0,0,0,0,0,0,-2000,0,0,0,0,2000,-2000,-2000
057941,聯電國票99購01  ,0,0,0,0,0,0,0,0,0,-2000,0,0,0,0,2000,-2000,-2000
057855,晶技國票99購01  ,0,0,0,0,0,0,0,0,0,-2000,0,0,0,8000,10000,-2000,-2000
057895,全新元富9B購01  ,0,0,0,0,0,0,0,0,0,-2000,0,0,0,0,2000,-2000,-2000
058078,景碩國票99購01  ,0,0,0,0,0,0,0,0,0,-2000,0,0,0,50000,52000,-2000,-2000
058414,大立光兆豐99購02,0,0,0,0,0,0,0,0,0,-2000,0,0,0,0,2000,-2000,-2000
058440,玉晶光統一99購02,0,0,0,0,0,0,0,0,0,-2000,0,0,0,0,2000,-2000,-2000
057774,台光電群益99購02,0,0,0,0,0,0,0,0,0,-2000,0,0,0,10000,12000,-2000,-2000
059245,聯發科凱基9A購03,0,0,0,0,0,0,0,0,0,-2000,0,0,0,0,2000,-2000,-2000
057791,可成統一99購01  ,0,0,0,0,0,0,0,0,0,-2000,0,0,0,0,2000,-2000,-2000
057784,台積電國票9B購01,0,0,0,0,0,0,0,0,0,-2000,0,0,0,0,2000,-2000,-2000
058321,大立光永豐99購01,0,0,0,0,0,0,0,0,0,-2000,0,0,0,6000,8000,-2000,-2000
059200,京鼎永豐99購02  ,0,0,0,0,0,0,0,0,0,-2000,0,0,0,0,2000,-2000,-2000
058849,奇力新群益99購02,0,0,0,0,0,0,0,0,0,-2000,0,0,0,1000,3000,-2000,-2000
058819,華通國泰9B購01  ,0,0,0,0,0,0,0,0,0,-2000,0,0,0,30000,32000,-2000,-2000
058777,台光電國票9A購01,0,0,0,0,0,0,0,0,0,-2000,0,0,0,0,2000,-2000,-2000
058758,台積電群益99購05,0,0,0,0,0,0,0,0,0,-2000,0,0,0,0,2000,-2000,-2000
060495,台灣50元大01購13,0,0,0,0,0,0,0,0,0,-2000,0,0,0,0,2000,-2000,-2000
060496,滬深2X元大9A購05,0,0,0,0,0,0,0,0,0,-2000,0,0,0,0,2000,-2000,-2000
059494,國巨國票9C購01  ,0,0,0,0,0,0,0,0,0,-2000,0,0,0,0,2000,-2000,-2000
05953P,台積電國票98售02,0,0,0,0,0,0,0,0,0,-2000,0,0,0,36000,38000,-2000,-2000
059590,台積電元大99購39,0,0,0,0,0,0,0,0,0,-2000,0,0,0,0,2000,-2000,-2000
059555,台灣50凱基9A購06,0,0,0,0,0,0,0,0,0,-2000,0,0,0,0,2000,-2000,-2000
057617,國巨凱基99購06  ,0,0,0,0,0,0,0,0,0,-2000,0,0,0,0,2000,-2000,-2000
057614,華新科元富99購04,0,0,0,0,0,0,0,0,0,-2000,0,0,0,0,2000,-2000,-2000
059683,康控富邦9C購01  ,0,0,0,0,0,0,0,0,0,-2000,0,0,0,0,2000,-2000,-2000
063177,友達兆豐9B購01  ,0,0,0,0,0,0,0,0,0,-2000,0,0,0,8000,10000,-2000,-2000
059722,南亞科元大99購02,0,0,0,0,0,0,0,0,0,-2000,0,0,0,0,2000,-2000,-2000
063249,祥碩元大9B購06  ,1000,0,1000,0,0,0,0,0,0,-3000,0,0,0,440000,443000,-3000,-2000
064545,智邦凱基9C購02  ,0,0,0,0,0,0,0,0,0,-2000,0,0,0,0,2000,-2000,-2000
064387,GIS富邦9C購01   ,0,0,0,0,0,0,0,0,0,-2000,0,0,0,0,2000,-2000,-2000
064334,可成元大01購01  ,0,0,0,0,0,0,0,0,0,-2000,0,0,0,2000,4000,-2000,-2000
063567,漢唐元大9B購03  ,0,1000,-1000,0,0,0,0,0,0,-1000,0,0,0,57000,58000,-1000,-2000
063616,上銀兆豐9C購01  ,0,0,0,0,0,0,0,0,0,-2000,0,0,0,0,2000,-2000,-2000
063668,奇力新統一01購03,0,0,0,0,0,0,0,0,0,-2000,0,0,0,0,2000,-2000,-2000
063989,大立光永豐9C購01,0,0,0,0,0,0,0,0,0,-2000,0,0,0,0,2000,-2000,-2000
063968,新光金國票01購01,0,0,0,0,0,0,0,0,0,-2000,0,0,0,0,2000,-2000,-2000
063919,大立光元富03購01,0,5000,-5000,0,0,0,0,0,0,3000,0,0,0,5000,2000,3000,-2000
064087,華新科凱基9C購03,0,0,0,0,0,0,0,0,0,-2000,0,0,0,0,2000,-2000,-2000
064027,義隆元大9C購01  ,0,0,0,0,0,0,0,0,0,-2000,0,0,0,38000,40000,-2000,-2000
07665P,台灣50元大9C售31,0,0,0,0,0,0,0,0,0,-2000,0,0,0,0,2000,-2000,-2000
07787P,國巨凱基9A售17  ,0,0,0,0,0,0,0,0,0,-2000,0,0,0,0,2000,-2000,-2000
07586P,FBVIX台新9A售01 ,0,0,0,0,0,0,0,0,0,-2000,0,0,0,0,2000,-2000,-2000
8488,吉源-KY         ,2000,4000,-2000,0,0,0,0,0,0,0,0,0,0,0,0,0,-2000
6136,富爾特          ,6000,23000,-17000,0,0,0,0,0,0,15000,15000,0,15000,0,0,0,-2000
910322,康師傅-DR       ,0,2000,-2000,0,0,0,0,0,0,0,0,0,0,0,0,0,-2000
9925,新保            ,29000,31000,-2000,0,0,0,0,0,0,0,0,0,0,0,0,0,-2000
3027,盛達            ,7000,10000,-3000,0,0,0,0,0,0,1000,1000,0,1000,0,0,0,-2000
3596,智易            ,467000,298000,169000,0,0,0,0,175000,-175000,4000,22000,12000,10000,10000,16000,-6000,-2000
2516,新建            ,19000,22000,-3000,0,0,0,0,0,0,0,0,0,0,0,0,0,-3000
2243,宏旭-KY         ,1000,3000,-2000,0,0,0,0,0,0,-1000,0,1000,-1000,0,0,0,-3000
2438,翔耀            ,1000,4000,-3000,0,0,0,0,0,0,0,0,0,0,0,0,0,-3000
2358,廷鑫            ,3000,6000,-3000,0,0,0,0,0,0,0,0,0,0,0,0,0,-3000
08391P,智邦凱基02售02  ,0,0,0,0,0,0,0,0,0,-3000,0,0,0,0,3000,-3000,-3000
061137,晶技統一9B購01  ,0,0,0,0,0,0,0,0,0,-3000,0,0,0,11000,14000,-3000,-3000
061383,高股息群益9A購01,0,0,0,0,0,0,0,0,0,-3000,0,0,0,0,3000,-3000,-3000
063015,微星元大9B購01  ,0,0,0,0,0,0,0,0,0,-3000,0,0,0,0,3000,-3000,-3000
061510,嘉澤富邦9C購01  ,0,0,0,0,0,0,0,0,0,-3000,0,0,0,1000,4000,-3000,-3000
060966,台表科凱基9B購01,0,0,0,0,0,0,0,0,0,-3000,0,0,0,68000,71000,-3000,-3000
062445,大立光元大9C購02,0,0,0,0,0,0,0,0,0,-3000,0,0,0,0,3000,-3000,-3000
062250,台積電元大9B購02,0,0,0,0,0,0,0,0,0,-3000,0,0,0,0,3000,-3000,-3000
062750,可成中信9B購01  ,0,0,0,0,0,0,0,0,0,-3000,0,0,0,0,3000,-3000,-3000
062752,世芯中信9B購01  ,0,0,0,0,0,0,0,0,0,-3000,0,0,0,30000,33000,-3000,-3000
062843,臺股指群益9B購10,0,0,0,0,0,0,0,0,0,-3000,0,0,0,0,3000,-3000,-3000
062775,大成鋼元大9B購02,0,0,0,0,0,0,0,0,0,-3000,0,0,0,147000,150000,-3000,-3000
063116,大立光麥證9C購01,0,0,0,0,3000,-3000,0,0,0,-3000,0,0,0,0,3000,-3000,-3000
061615,鴻海群益9A購06  ,0,0,0,0,0,0,0,0,0,-3000,0,0,0,0,3000,-3000,-3000
062839,臺股指群益9B購06,0,0,0,0,0,0,0,0,0,-3000,0,0,0,0,3000,-3000,-3000
051614,元金2X凱基97購01,0,0,0,0,0,0,0,0,0,-3000,0,0,0,0,3000,-3000,-3000
03685C,臺股指元大9B牛43,0,0,0,0,0,0,0,0,0,-3000,0,0,0,0,3000,-3000,-3000
036628,統一台新99購01  ,0,0,0,0,0,0,0,0,0,-3000,0,0,0,0,3000,-3000,-3000
052952,矽創國票97購02  ,0,0,0,0,0,0,0,0,0,-3000,0,0,0,0,3000,-3000,-3000
055229,大毅國票97購02  ,0,0,0,0,0,0,0,0,0,-3000,0,0,0,3000,6000,-3000,-3000
047885,元金2X富邦99購01,0,0,0,0,0,0,0,0,0,-3000,0,0,0,0,3000,-3000,-3000
057337,聯發科國票99購02,0,0,0,0,0,0,0,0,0,-3000,0,0,0,0,3000,-3000,-3000
057389,玉晶光永豐98購06,0,0,0,0,0,0,0,0,0,-3000,0,0,0,57000,60000,-3000,-3000
057453,矽創元富98購01  ,0,0,0,0,0,0,0,0,0,-3000,0,0,0,12000,15000,-3000,-3000
057436,義隆國票99購02  ,0,0,0,0,0,0,0,0,0,-3000,0,0,0,0,3000,-3000,-3000
05750P,臺股指群益99售04,0,0,0,0,0,0,0,0,0,-3000,0,0,0,12000,15000,-3000,-3000
055415,禾伸堂富邦9B購01,0,0,0,0,0,0,0,0,0,-3000,0,0,0,2000,5000,-3000,-3000
056705,超眾國泰99購01  ,0,0,0,0,0,0,0,0,0,-3000,0,0,0,0,3000,-3000,-3000
056592,台積電元富98購01,0,0,0,0,0,0,0,0,0,-3000,0,0,0,0,3000,-3000,-3000
056502,A50正2永豐98購01,0,0,0,0,0,0,0,0,0,-3000,0,0,0,0,3000,-3000,-3000
056547,臻鼎凱基99購01  ,0,0,0,0,0,0,0,0,0,-3000,0,0,0,0,3000,-3000,-3000
056004,南電永豐97購02  ,0,0,0,0,0,0,0,0,0,-3000,0,0,0,115000,118000,-3000,-3000
060920,超眾富邦9B購01  ,0,0,0,0,0,0,0,0,0,-3000,0,0,0,68000,71000,-3000,-3000
059637,大立光凱基01購01,0,0,0,0,0,0,0,0,0,-3000,0,0,0,0,3000,-3000,-3000
058579,聯發科群益99購04,0,0,0,0,0,0,0,0,0,-3000,0,0,0,0,3000,-3000,-3000
057605,旺宏統一99購03  ,0,0,0,0,0,0,0,0,0,-3000,0,0,0,0,3000,-3000,-3000
057671,群創元大9B購06  ,0,0,0,0,0,0,0,0,0,-3000,0,0,0,3000,6000,-3000,-3000
063283,華新科元大9C購03,0,0,0,0,0,0,0,0,0,-3000,0,0,0,0,3000,-3000,-3000
063428,矽創凱基9B購02  ,0,0,0,0,0,0,0,0,0,-3000,0,0,0,30000,33000,-3000,-3000
058625,旺宏國票9A購01  ,0,0,0,0,0,0,0,0,0,-3000,0,0,0,22000,25000,-3000,-3000
058636,亞光兆豐9A購01  ,0,0,0,0,0,0,0,0,0,-3000,0,0,0,1000,4000,-3000,-3000
057783,台積電國票9A購01,0,0,0,0,0,0,0,0,0,-3000,0,0,0,4000,7000,-3000,-3000
059250,大立光凱基99購06,0,0,0,0,0,0,0,0,0,-3000,0,0,0,0,3000,-3000,-3000
060793,微星永豐9A購01  ,0,0,0,0,0,0,0,0,0,-3000,0,0,0,17000,20000,-3000,-3000
060578,臺股指中信9C購03,0,0,0,0,0,0,0,0,0,-3000,0,0,0,0,3000,-3000,-3000
057703,矽力群益98購01  ,0,0,0,0,0,0,0,0,0,-3000,0,0,0,0,3000,-3000,-3000
058008,禾伸堂國票99購02,0,0,0,0,0,0,0,0,0,-3000,0,0,0,40000,43000,-3000,-3000
057998,玉晶光麥證9A購01,0,0,0,0,3000,-3000,0,0,0,-3000,0,0,0,0,3000,-3000,-3000
057874,可成元大99購02  ,0,0,0,0,0,0,0,0,0,-3000,0,0,0,5000,8000,-3000,-3000
057972,群創富邦9C購01  ,0,0,0,0,0,0,0,0,0,-3000,0,0,0,3000,6000,-3000,-3000
060021,立積康和99購01  ,0,0,0,0,0,0,0,0,0,-3000,0,0,0,12000,15000,-3000,-3000
060085,華通元大99購10  ,0,0,0,0,0,0,0,0,0,-3000,0,0,0,0,3000,-3000,-3000
07446P,台灣50元大9A售06,0,0,0,0,0,0,0,0,0,-3000,0,0,0,0,3000,-3000,-3000
07184P,台灣50元富01售01,0,0,0,0,0,0,0,0,0,-3000,0,0,0,0,3000,-3000,-3000
07349P,大立光凱基99售16,0,0,0,0,0,0,0,0,0,-3000,0,0,0,0,3000,-3000,-3000
06795P,臺股指凱基98售05,0,0,0,0,0,0,0,0,0,-3000,0,0,0,0,3000,-3000,-3000
06884P,台郡群益98售03  ,0,0,0,0,0,0,0,0,0,-3000,0,0,0,0,3000,-3000,-3000
06695P,群創兆豐98售04  ,0,0,0,0,0,0,0,0,0,-3000,0,0,0,0,3000,-3000,-3000
07104P,聯發科元富99售04,0,0,0,0,0,0,0,0,0,-3000,0,0,0,7000,10000,-3000,-3000
08039P,臺股指群益9B售12,0,0,0,0,0,0,0,0,0,-3000,0,0,0,0,3000,-3000,-3000
063975,台積電兆豐9C購01,0,0,0,0,0,0,0,0,0,-3000,0,0,0,93000,96000,-3000,-3000
063869,玉晶光永豐9C購01,0,0,0,0,0,0,0,0,0,-3000,0,0,0,10000,13000,-3000,-3000
063635,漢唐元大9B購04  ,0,0,0,0,0,0,0,0,0,-3000,0,0,0,44000,47000,-3000,-3000
063585,台積電永豐9B購03,0,0,0,0,0,0,0,0,0,-3000,0,0,0,3000,6000,-3000,-3000
064194,燿華群益9C購01  ,0,0,0,0,0,0,0,0,0,-3000,0,0,0,256000,259000,-3000,-3000
064655,聚陽元大9C購02  ,0,0,0,0,0,0,0,0,0,-3000,0,0,0,0,3000,-3000,-3000
064608,滬深2X元大9C購11,0,0,0,0,0,0,0,0,0,-3000,0,0,0,0,3000,-3000,-3000
06668P,祥碩凱基98售02  ,0,0,0,0,0,0,0,0,0,-3000,0,0,0,0,3000,-3000,-3000
06665P,欣興兆豐99售01  ,0,0,0,0,0,0,0,0,0,-3000,0,0,0,0,3000,-3000,-3000
3702A,大聯大甲特      ,1000,4000,-3000,0,0,0,0,0,0,0,0,0,0,0,0,0,-3000
4764,雙鍵            ,5000,8000,-3000,0,0,0,0,0,0,0,0,0,0,0,0,0,-3000
8201,無敵            ,5000,8000,-3000,0,0,0,0,0,0,0,0,0,0,0,0,0,-3000
06275P,臺股指凱基97售07,0,0,0,0,0,0,0,0,0,-4000,0,0,0,0,4000,-4000,-4000
060963,禾伸堂凱基9A購01,0,0,0,0,0,0,0,0,0,-4000,0,0,0,10000,14000,-4000,-4000
060998,華通兆豐9A購01  ,0,0,0,0,0,0,0,0,0,-4000,0,0,0,6000,10000,-4000,-4000
062167,燿華永豐9B購01  ,0,0,0,0,0,0,0,0,0,-4000,0,0,0,303000,307000,-4000,-4000
061128,大立光永豐9A購02,0,0,0,0,0,0,0,0,0,-4000,0,0,0,0,4000,-4000,-4000
2114,鑫永銓          ,11000,15000,-4000,0,0,0,0,0,0,0,0,0,0,0,0,0,-4000
2514,龍邦            ,15000,19000,-4000,0,0,0,0,0,0,0,0,0,0,0,0,0,-4000
2816,旺旺保          ,8000,12000,-4000,0,0,0,0,0,0,0,0,0,0,0,0,0,-4000
056225,聯發科凱基97購09,0,0,0,0,0,0,0,0,0,-4000,0,0,0,0,4000,-4000,-4000
056156,禾伸堂凱基98購04,0,0,0,0,0,0,0,0,0,-4000,0,0,0,0,4000,-4000,-4000
056425,聯發科日盛9A購01,0,0,0,0,0,0,0,0,0,-4000,0,0,0,40000,44000,-4000,-4000
057053,立積元大98購02  ,0,0,0,0,0,0,0,0,0,-4000,0,0,0,0,4000,-4000,-4000
056794,上銀麥證98購01  ,0,0,0,0,4000,-4000,0,0,0,-4000,0,0,0,0,4000,-4000,-4000
056903,大立光元大99購04,0,0,0,0,0,0,0,0,0,-4000,0,0,0,0,4000,-4000,-4000
057221,華通國票98購03  ,0,0,0,0,0,0,0,0,0,-4000,0,0,0,0,4000,-4000,-4000
057199,台達電元富02購01,0,0,0,0,0,0,0,0,0,-4000,0,0,0,291000,295000,-4000,-4000
056290,正文永豐98購01  ,0,0,0,0,0,0,0,0,0,-4000,0,0,0,0,4000,-4000,-4000
054427,潤泰全富邦97購01,0,0,0,0,0,0,0,0,0,-4000,0,0,0,0,4000,-4000,-4000
047004,台積電統一99購01,0,0,0,0,0,0,0,0,0,-4000,0,0,0,22000,26000,-4000,-4000
05088P,大立光富邦99售01,0,0,0,0,0,0,0,0,0,-4000,0,0,0,9000,13000,-4000,-4000
055075,南電永豐97購01  ,0,0,0,0,0,0,0,0,0,-4000,0,0,0,10000,14000,-4000,-4000
059803,S&P正2元富9B購03,0,0,0,0,0,0,0,0,0,-4000,0,0,0,0,4000,-4000,-4000
059948,正文永豐99購01  ,0,0,0,0,0,0,0,0,0,-4000,0,0,0,26000,30000,-4000,-4000
059959,訊芯康和99購01  ,0,0,0,0,0,0,0,0,0,-4000,0,0,0,0,4000,-4000,-4000
060384,葡萄王凱基9B購01,0,0,0,0,0,0,0,0,0,-4000,0,0,0,40000,44000,-4000,-4000
058205,神達凱基9B購01  ,0,0,0,0,0,0,0,0,0,-4000,0,0,0,4000,8000,-4000,-4000
058408,華通兆豐99購02  ,0,0,0,0,0,0,0,0,0,-4000,0,0,0,1000,5000,-4000,-4000
060551,大立光凱基9B購02,0,0,0,0,0,0,0,0,0,-4000,0,0,0,0,4000,-4000,-4000
057796,鴻海兆豐99購03  ,0,0,0,0,0,0,0,0,0,-4000,0,0,0,1000,5000,-4000,-4000
057832,聯發科元富02購05,0,0,0,0,0,0,0,0,0,-4000,0,0,0,8000,12000,-4000,-4000
05899P,臺股指凱基96售30,0,0,0,0,0,0,0,0,0,-4000,0,0,0,11000,15000,-4000,-4000
058961,台灣50兆豐9C購01,0,0,0,0,0,0,0,0,0,-4000,0,0,0,0,4000,-4000,-4000
058785,臺股指國票99購04,0,0,0,0,0,0,0,0,0,-4000,0,0,0,0,4000,-4000,-4000
059539,緯穎凱基99購03  ,0,0,0,0,0,0,0,0,0,-4000,0,0,0,30000,34000,-4000,-4000
059580,大立光元富99購07,0,0,0,0,0,0,0,0,0,-4000,0,0,0,0,4000,-4000,-4000
059571,奇力新凱基99購06,0,0,0,0,0,0,0,0,0,-4000,0,0,0,0,4000,-4000,-4000
059532,華新科凱基9B購03,0,0,0,0,0,0,0,0,0,-4000,0,0,0,0,4000,-4000,-4000
060460,鴻海元大9A購08  ,0,0,0,0,0,0,0,0,0,-4000,0,0,0,6000,10000,-4000,-4000
06350P,臺股指台新99售02,0,0,0,0,0,0,0,0,0,-4000,0,0,0,0,4000,-4000,-4000
063522,技嘉凱基9B購03  ,0,0,0,0,0,0,0,0,0,-4000,0,0,0,7000,11000,-4000,-4000
059606,上銀富邦9B購02  ,0,0,0,0,0,0,0,0,0,-4000,0,0,0,0,4000,-4000,-4000
063231,台泥元大9B購01  ,0,0,0,0,0,0,0,0,0,-4000,0,0,0,1000,5000,-4000,-4000
063181,聚陽凱基9B購01  ,0,0,0,0,0,0,0,0,0,-4000,0,0,0,10000,14000,-4000,-4000
063151,奇鋐元富9B購01  ,0,0,0,0,0,0,0,0,0,-4000,0,0,0,57000,61000,-4000,-4000
064520,京鼎群益02購01  ,0,0,0,0,0,0,0,0,0,-4000,0,0,0,10000,14000,-4000,-4000
064438,大立光凱基01購03,0,0,0,0,0,0,0,0,0,-4000,0,0,0,0,4000,-4000,-4000
063829,晶技國票01購01  ,0,0,0,0,0,0,0,0,0,-4000,0,0,0,38000,42000,-4000,-4000
063857,臺股指元大9C購10,0,0,0,0,0,0,0,0,0,-4000,0,0,0,0,4000,-4000,-4000
063940,國巨元大01購02  ,0,0,0,0,0,0,0,0,0,-4000,0,0,0,10000,14000,-4000,-4000
064040,鴻海統一9C購18  ,0,0,0,0,0,0,0,0,0,-4000,0,0,0,3000,7000,-4000,-4000
07182P,臺股指凱基99售24,0,0,0,0,0,0,0,0,0,-4000,0,0,0,0,4000,-4000,-4000
07220P,台灣50中信03售05,0,0,0,0,0,0,0,0,0,-4000,0,0,0,0,4000,-4000,-4000
07165P,臺股指群益99售16,0,0,0,0,0,0,0,0,0,-4000,0,0,0,9000,13000,-4000,-4000
8101,華冠            ,0,4000,-4000,0,0,0,0,0,0,0,0,0,0,0,0,0,-4000
5243,乙盛-KY         ,123000,131000,-8000,0,0,0,0,0,0,4000,4000,0,4000,0,0,0,-4000
4737,華廣            ,3000,8000,-5000,0,0,0,0,0,0,1000,1000,0,1000,0,0,0,-4000
3164,景岳            ,5000,13000,-8000,0,0,0,0,0,0,4000,4000,0,4000,0,0,0,-4000
3543,州巧            ,17000,21000,-4000,0,0,0,0,0,0,0,0,0,0,0,0,0,-4000
3311,閎暉            ,33000,37000,-4000,0,0,0,0,0,0,0,0,0,0,0,0,0,-4000
2466,冠西電          ,2000,8000,-6000,0,0,0,0,0,0,1000,1000,0,1000,0,0,0,-5000
2443,億麗            ,5000,10000,-5000,0,0,0,0,0,0,0,0,0,0,0,0,0,-5000
08403P,上銀元大9C售07  ,0,0,0,0,0,0,0,0,0,-5000,0,0,0,0,5000,-5000,-5000
08420P,國巨群益9C售12  ,0,0,0,0,0,0,0,0,0,-5000,0,0,0,0,5000,-5000,-5000
1454,台富            ,7000,12000,-5000,0,0,0,0,0,0,0,0,0,0,0,0,0,-5000
1457,宜進            ,37000,50000,-13000,0,0,0,0,0,0,8000,8000,0,8000,0,0,0,-5000
062510,台積電國票01購01,0,0,0,0,0,0,0,0,0,-5000,0,0,0,0,5000,-5000,-5000
063043,台灣50兆豐9B購02,0,0,0,0,0,0,0,0,0,-5000,0,0,0,184000,189000,-5000,-5000
061779,上銀群益9B購01  ,0,0,0,0,0,0,0,0,0,-5000,0,0,0,0,5000,-5000,-5000
061830,元金2X凱基01購01,0,0,0,0,0,0,0,0,0,-5000,0,0,0,0,5000,-5000,-5000
061709,SP黃豆凱基01購02,0,0,0,0,0,0,0,0,0,-5000,0,0,0,0,5000,-5000,-5000
062145,億光國票9B購01  ,0,0,0,0,0,0,0,0,0,-5000,0,0,0,30000,35000,-5000,-5000
061987,大立光元大9B購03,0,0,0,0,0,0,0,0,0,-5000,0,0,0,0,5000,-5000,-5000
061920,台積電凱基9C購02,0,0,0,0,0,0,0,0,0,-5000,0,0,0,5000,10000,-5000,-5000
061923,友達凱基9B購04  ,0,0,0,0,0,0,0,0,0,-5000,0,0,0,25000,30000,-5000,-5000
062580,華通統一9C購03  ,0,0,0,0,0,0,0,0,0,-5000,0,0,0,0,5000,-5000,-5000
062661,華通群益9B購05  ,0,0,0,0,0,0,0,0,0,-5000,0,0,0,22000,27000,-5000,-5000
062154,國巨凱基9C購02  ,0,0,0,0,0,0,0,0,0,-5000,0,0,0,0,5000,-5000,-5000
062259,可成元大9B購03  ,0,0,0,0,0,0,0,0,0,-5000,0,0,0,7000,12000,-5000,-5000
062272,鴻海群益9B購05  ,0,0,0,0,0,0,0,0,0,-5000,0,0,0,28000,33000,-5000,-5000
062283,玉晶光群益01購01,0,0,0,0,0,0,0,0,0,-5000,0,0,0,26000,31000,-5000,-5000
062284,華擎群益9C購03  ,0,0,0,0,0,0,0,0,0,-5000,0,0,0,0,5000,-5000,-5000
062236,信邦凱基9B購01  ,0,0,0,0,0,0,0,0,0,-5000,0,0,0,0,5000,-5000,-5000
062703,可成元大9C購02  ,0,0,0,0,0,0,0,0,0,-5000,0,0,0,14000,19000,-5000,-5000
062808,祥碩統一9C購01  ,0,0,0,0,0,0,0,0,0,-5000,0,0,0,136000,141000,-5000,-5000
062847,臺股指富邦9B購01,0,0,0,0,0,0,0,0,0,-5000,0,0,0,0,5000,-5000,-5000
062845,微星富邦01購01  ,0,0,0,0,0,0,0,0,0,-5000,0,0,0,0,5000,-5000,-5000
062937,旺宏凱基9B購08  ,0,0,0,0,0,0,0,0,0,-5000,0,0,0,0,5000,-5000,-5000
061053,國巨群益9A購08  ,0,0,0,0,0,0,0,0,0,-5000,0,0,0,0,5000,-5000,-5000
062834,立積群益9B購02  ,0,0,0,0,0,0,0,0,0,-5000,0,0,0,22000,27000,-5000,-5000
055024,興勤國泰98購01  ,0,0,0,0,0,0,0,0,0,-5000,0,0,0,0,5000,-5000,-5000
052893,聯電群益98購01  ,0,0,0,0,0,0,0,0,0,-5000,0,0,0,0,5000,-5000,-5000
052940,玉晶光兆豐97購01,0,0,0,0,0,0,0,0,0,-5000,0,0,0,0,5000,-5000,-5000
052827,昇陽半永豐97購01,0,0,0,0,0,0,0,0,0,-5000,0,0,0,5000,10000,-5000,-5000
055249,大毅統一99購01  ,0,0,0,0,0,0,0,0,0,-5000,0,0,0,20000,25000,-5000,-5000
054976,上証2X元富9A購01,0,0,0,0,0,0,0,0,0,-5000,0,0,0,0,5000,-5000,-5000
049335,聯電統一97購01  ,0,0,0,0,0,0,0,0,0,-5000,0,0,0,0,5000,-5000,-5000
03039X,元展36          ,0,0,0,0,0,0,0,0,0,-5000,0,0,0,0,5000,-5000,-5000
00742,新光內需收益    ,0,0,0,0,0,0,0,0,0,-5000,50000,50000,0,160000,165000,-5000,-5000
00707R,元大S&P日圓反1  ,0,0,0,0,0,0,0,0,0,-5000,0,0,0,1000,6000,-5000,-5000
054451,上銀亞東98購01  ,0,0,0,0,0,0,0,0,0,-5000,0,0,0,0,5000,-5000,-5000
054215,創意國票97購02  ,0,0,0,0,0,0,0,0,0,-5000,0,0,0,0,5000,-5000,-5000
053232,友達永豐97購02  ,0,0,0,0,0,0,0,0,0,-5000,0,0,0,45000,50000,-5000,-5000
054554,大立光凱基98購02,0,0,0,0,0,0,0,0,0,-5000,0,0,0,5000,10000,-5000,-5000
056280,上証2X永豐98購01,0,0,0,0,0,0,0,0,0,-5000,0,0,0,0,5000,-5000,-5000
056326,TPK兆豐98購01   ,0,0,0,0,0,0,0,0,0,-5000,0,0,0,75000,80000,-5000,-5000
053630,奇鋐兆豐97購01  ,0,0,0,0,0,0,0,0,0,-5000,0,0,0,110000,115000,-5000,-5000
057207,立積元富98購02  ,0,0,0,0,0,0,0,0,0,-5000,0,0,0,92000,97000,-5000,-5000
057328,京鼎群益99購02  ,0,0,0,0,0,0,0,0,0,-5000,0,0,0,7000,12000,-5000,-5000
056913,臺股指元大99購05,0,0,0,0,0,0,0,0,0,-5000,0,0,0,0,5000,-5000,-5000
056834,華新元富99購01  ,0,0,0,0,0,0,0,0,0,-5000,0,0,0,0,5000,-5000,-5000
057365,智邦元大98購07  ,0,0,0,0,0,0,0,0,0,-5000,0,0,0,27000,32000,-5000,-5000
057041,國巨元大99購04  ,0,0,0,0,0,0,0,0,0,-5000,0,0,0,0,5000,-5000,-5000
057063,立積國泰9A購01  ,0,0,0,0,0,0,0,0,0,-5000,0,0,0,0,5000,-5000,-5000
057116,鴻海日盛9A購01  ,0,0,0,0,0,0,0,0,0,-5000,0,0,0,0,5000,-5000,-5000
056710,漢唐永豐98購01  ,0,0,0,0,0,0,0,0,0,-5000,0,0,0,77000,82000,-5000,-5000
056700,華新科國泰99購03,0,0,0,0,0,0,0,0,0,-5000,0,0,0,0,5000,-5000,-5000
055354,宏達電凱基98購01,0,0,0,0,0,0,0,0,0,-5000,0,0,0,0,5000,-5000,-5000
055387,世紀鋼元大97購01,0,0,0,0,0,0,0,0,0,-5000,0,0,0,1000,6000,-5000,-5000
055623,貿聯國泰99購01  ,0,0,0,0,0,0,0,0,0,-5000,0,0,0,0,5000,-5000,-5000
055720,宏達電元大97購05,0,0,0,0,0,0,0,0,0,-5000,0,0,0,10000,15000,-5000,-5000
056193,聯發科富邦99購08,0,0,0,0,0,0,0,0,0,-5000,0,0,0,5000,10000,-5000,-5000
056197,友訊永豐97購01  ,0,0,0,0,0,0,0,0,0,-5000,0,0,0,0,5000,-5000,-5000
056121,勤誠群益97購01  ,0,0,0,0,0,0,0,0,0,-5000,0,0,0,0,5000,-5000,-5000
056525,T50反1凱基99購06,0,0,0,0,0,0,0,0,0,-5000,0,0,0,0,5000,-5000,-5000
060169,群電永豐9A購01  ,0,0,0,0,0,0,0,0,0,-5000,0,0,0,5000,10000,-5000,-5000
060174,T50反1元富04購01,0,0,0,0,0,0,0,0,0,-5000,0,0,0,0,5000,-5000,-5000
059635,華新科凱基9A購06,0,0,0,0,0,0,0,0,0,-5000,0,0,0,0,5000,-5000,-5000
059664,立積元大9C購01  ,0,0,0,0,0,0,0,0,0,-5000,0,0,0,0,5000,-5000,-5000
063444,金像電統一03購01,0,0,0,0,0,0,0,0,0,-5000,0,0,0,17000,22000,-5000,-5000
059505,上証2X永豐99購02,0,0,0,0,0,0,0,0,0,-5000,0,0,0,0,5000,-5000,-5000
057529,嘉晶元大99購02  ,0,0,0,0,0,0,0,0,0,-5000,0,0,0,0,5000,-5000,-5000
060505,友達元大9C購05  ,0,0,0,0,0,0,0,0,0,-5000,0,0,0,72000,77000,-5000,-5000
058679,可成日盛99購01  ,0,0,0,0,0,0,0,0,0,-5000,0,0,0,0,5000,-5000,-5000
059405,台灣50國票01購01,0,0,0,0,0,0,0,0,0,-5000,0,0,0,0,5000,-5000,-5000
059456,智易永豐99購01  ,0,0,0,0,0,0,0,0,0,-5000,0,0,0,0,5000,-5000,-5000
057567,嘉聯益富邦9A購01,0,0,0,0,0,0,0,0,0,-5000,0,0,0,2000,7000,-5000,-5000
058796,可成元大99購04  ,0,0,0,0,0,0,0,0,0,-5000,0,0,0,8000,13000,-5000,-5000
058995,台達電元大99購01,0,0,0,0,0,0,0,0,0,-5000,0,0,0,90000,95000,-5000,-5000
05885P,牧德統一96售01  ,0,0,0,0,0,0,0,0,0,-5000,0,0,0,0,5000,-5000,-5000
057834,聯發科元富02購07,0,0,0,0,0,0,0,0,0,-5000,0,0,0,1000,6000,-5000,-5000
059212,鴻海元大99購28  ,0,0,0,0,0,0,0,0,0,-5000,0,0,0,0,5000,-5000,-5000
058370,聯詠凱基99購01  ,0,0,0,0,0,0,0,0,0,-5000,0,0,0,0,5000,-5000,-5000
059192,臺股指富邦9C購01,0,0,0,0,0,0,0,0,0,-5000,0,0,0,0,5000,-5000,-5000
060878,奇力新中信9C購01,0,0,0,0,0,0,0,0,0,-5000,0,0,0,0,5000,-5000,-5000
060789,禾伸堂富邦9B購02,0,0,0,0,0,0,0,0,0,-5000,0,0,0,0,5000,-5000,-5000
060864,可成永豐9A購01  ,0,0,0,0,0,0,0,0,0,-5000,0,0,0,3000,8000,-5000,-5000
058391,T50反1元大99購02,0,0,0,0,0,0,0,0,0,-5000,0,0,0,0,5000,-5000,-5000
057902,嘉晶永豐98購02  ,0,0,0,0,0,0,0,0,0,-5000,0,0,0,15000,20000,-5000,-5000
058009,智易國票99購01  ,0,0,0,0,0,0,0,0,0,-5000,0,0,0,33000,38000,-5000,-5000
05800P,台積電兆豐96售04,0,0,0,0,0,0,0,0,0,-5000,0,0,0,15000,20000,-5000,-5000
058227,台灣50元大9C購01,0,0,0,0,0,0,0,0,0,-5000,0,0,0,213000,218000,-5000,-5000
058233,聯發科元大99購06,0,0,0,0,0,0,0,0,0,-5000,0,0,0,5000,10000,-5000,-5000
059130,台灣50群益9B購05,0,0,0,0,0,0,0,0,0,-5000,0,0,0,0,5000,-5000,-5000
060653,全新群益9A購02  ,0,0,0,0,0,0,0,0,0,-5000,0,0,0,0,5000,-5000,-5000
060675,南亞科元大9A購02,0,0,0,0,0,0,0,0,0,-5000,0,0,0,10000,15000,-5000,-5000
060734,華通統一9C購01  ,0,0,0,0,0,0,0,0,0,-5000,0,0,0,5000,10000,-5000,-5000
059952,旺宏康和99購01  ,0,0,0,0,0,0,0,0,0,-5000,0,0,0,7000,12000,-5000,-5000
059768,上証2X群益9C購02,0,0,0,0,0,0,0,0,0,-5000,0,0,0,0,5000,-5000,-5000
07160P,台灣50中信03售04,0,0,0,0,0,0,0,0,0,-5000,0,0,0,5000,10000,-5000,-5000
07400P,國巨凱基99售20  ,0,0,0,0,0,0,0,0,0,-5000,0,0,0,0,5000,-5000,-5000
07580P,緯穎元大9A售03  ,0,0,0,0,0,0,0,0,0,-5000,0,0,0,22000,27000,-5000,-5000
06955P,臻鼎元富99售01  ,0,0,0,0,0,0,0,0,0,-5000,0,0,0,0,5000,-5000,-5000
06900P,FBVIX國票12售01 ,0,0,0,0,0,0,0,0,0,-5000,0,0,0,30000,35000,-5000,-5000
06733P,鴻海凱基99售02  ,0,0,0,0,0,0,0,0,0,-5000,0,0,0,0,5000,-5000,-5000
06827P,臺股指國票98售03,0,0,0,0,0,0,0,0,0,-5000,0,0,0,0,5000,-5000,-5000
08103P,台灣50元大9B售23,0,0,0,0,0,0,0,0,0,-5000,0,0,0,0,5000,-5000,-5000
061447,鴻海中信04購02  ,0,0,0,0,0,0,0,0,0,-5000,0,0,0,0,5000,-5000,-5000
061469,瑞祺群益9A購02  ,0,0,0,0,0,0,0,0,0,-5000,0,0,0,0,5000,-5000,-5000
07768P,緯穎群益9A售02  ,0,0,0,0,0,0,0,0,0,-5000,0,0,0,10000,15000,-5000,-5000
07776P,國巨群益9B售02  ,0,0,0,0,0,0,0,0,0,-5000,0,0,0,0,5000,-5000,-5000
07732P,台灣50台新9A售05,0,0,0,0,0,0,0,0,0,-5000,0,0,0,5000,10000,-5000,-5000
07877P,晶技永豐9B售01  ,0,0,0,0,0,0,0,0,0,-5000,0,0,0,0,5000,-5000,-5000
08005P,台積電群益9C售04,0,0,0,0,0,0,0,0,0,-5000,0,0,0,0,5000,-5000,-5000
064086,旺宏凱基9C購01  ,0,0,0,0,0,0,0,0,0,-5000,0,0,0,2000,7000,-5000,-5000
063946,聯發科元大9C購04,0,0,0,0,0,0,0,0,0,-5000,0,0,0,283000,288000,-5000,-5000
063952,玉晶光元大01購01,0,0,0,0,0,0,0,0,0,-5000,0,0,0,10000,15000,-5000,-5000
063889,滬深2X群益02購01,0,0,0,0,0,0,0,0,0,-5000,0,0,0,0,5000,-5000,-5000
063596,嘉澤中信9B購01  ,0,0,0,0,0,0,0,0,0,-5000,0,0,0,0,5000,-5000,-5000
063759,義隆統一9C購01  ,0,0,0,0,0,0,0,0,0,-5000,0,0,0,0,5000,-5000,-5000
063718,T50反1元大9B購10,0,0,0,0,0,0,0,0,0,-5000,0,0,0,0,5000,-5000,-5000
063707,儒鴻凱基9C購01  ,0,0,0,0,0,0,0,0,0,-5000,0,0,0,60000,65000,-5000,-5000
064323,滬深2X元大9C購09,0,0,0,0,0,0,0,0,0,-5000,0,0,0,0,5000,-5000,-5000
064163,康控統一01購01  ,0,0,0,0,0,0,0,0,0,-5000,0,0,0,30000,35000,-5000,-5000
064501,大立光元大01購02,0,0,0,0,0,0,0,0,0,-5000,0,0,0,4000,9000,-5000,-5000
064731,台郡統一01購02  ,0,0,0,0,0,0,0,0,0,-5000,0,0,0,0,5000,-5000,-5000
064683,台表科兆豐9C購02,0,0,0,0,0,0,0,0,0,-5000,0,0,0,0,5000,-5000,-5000
064719,聯發科統一02購01,0,0,0,0,0,0,0,0,0,-5000,0,0,0,0,5000,-5000,-5000
3550,聯穎            ,3000,0,3000,0,0,0,0,0,0,-8000,4000,12000,-8000,0,0,0,-5000
4994,傳奇            ,26000,29000,-3000,0,0,0,0,0,0,-2000,2000,4000,-2000,0,0,0,-5000
8480,泰昇-KY         ,1000,6000,-5000,0,0,0,0,0,0,0,0,0,0,0,0,0,-5000
062862,瑞儀國票9B購01  ,0,0,0,0,0,0,0,0,0,-6000,0,0,0,0,6000,-6000,-6000
062864,臺股指國票9B購21,0,0,0,0,0,0,0,0,0,-6000,0,0,0,8000,14000,-6000,-6000
062739,嘉晶國票9B購02  ,0,0,0,0,0,0,0,0,0,-6000,0,0,0,7000,13000,-6000,-6000
062254,台光電元大9B購02,0,0,0,0,0,0,0,0,0,-6000,0,0,0,0,6000,-6000,-6000
062322,元金2X統一01購01,0,0,0,0,0,0,0,0,0,-6000,0,0,0,0,6000,-6000,-6000
062312,大立光凱基9B購03,0,0,0,0,0,0,0,0,0,-6000,0,0,0,0,6000,-6000,-6000
062366,義隆元大9B購04  ,0,0,0,0,0,0,0,0,0,-6000,0,0,0,0,6000,-6000,-6000
062667,立積群益9B購01  ,0,0,0,0,0,0,0,0,0,-6000,0,0,0,136000,142000,-6000,-6000
062672,兆豐金中信03購01,0,0,0,0,0,0,0,0,0,-6000,0,0,0,28000,34000,-6000,-6000
061975,華通元大9B購01  ,0,0,0,0,0,0,0,0,0,-6000,0,0,0,72000,78000,-6000,-6000
061940,世紀鋼國票9C購01,0,0,0,0,0,0,0,0,0,-6000,0,0,0,4000,10000,-6000,-6000
062146,大毅國票9B購01  ,0,0,0,0,0,0,0,0,0,-6000,0,0,0,1000,7000,-6000,-6000
062010,台灣50富邦9B購03,0,0,0,0,0,0,0,0,0,-6000,0,0,0,0,6000,-6000,-6000
061741,新光金凱基9B購01,0,0,0,0,0,0,0,0,0,-6000,0,0,0,2000,8000,-6000,-6000
061827,台灣50凱基02購01,0,0,0,0,0,0,0,0,0,-6000,0,0,0,0,6000,-6000,-6000
1587,吉茂            ,3000,9000,-6000,0,0,0,0,0,0,0,0,0,0,0,0,0,-6000
1234,黑松            ,9000,15000,-6000,0,0,0,0,0,0,0,0,0,0,0,0,0,-6000
08317P,台灣50台新01售04,0,0,0,0,0,0,0,0,0,-6000,0,0,0,0,6000,-6000,-6000
058181,華新科國泰9B購01,0,0,0,0,0,0,0,0,0,-6000,0,0,0,0,6000,-6000,-6000
055780,禾伸堂凱基99購01,0,0,0,0,0,0,0,0,0,-6000,0,0,0,0,6000,-6000,-6000
056113,新日興兆豐98購01,0,0,0,0,0,0,0,0,0,-6000,0,0,0,43000,49000,-6000,-6000
056041,禾伸堂凱基98購03,0,0,0,0,0,0,0,0,0,-6000,0,0,0,0,6000,-6000,-6000
056641,華通凱基98購03  ,0,0,0,0,0,0,0,0,0,-6000,0,0,0,17000,23000,-6000,-6000
057504,技嘉麥證98購01  ,0,0,0,0,6000,-6000,0,0,0,-6000,0,0,0,0,6000,-6000,-6000
055384,緯穎元大98購02  ,0,0,0,0,0,0,0,0,0,-6000,0,0,0,4000,10000,-6000,-6000
056709,華通永豐98購01  ,0,0,0,0,0,0,0,0,0,-6000,0,0,0,24000,30000,-6000,-6000
056997,台灣50康和9A購02,0,0,0,0,0,0,0,0,0,-6000,0,0,0,0,6000,-6000,-6000
057480,技嘉元大98購03  ,0,0,0,0,0,0,0,0,0,-6000,0,0,0,2000,8000,-6000,-6000
056960,光罩永豐98購01  ,0,0,0,0,0,0,0,0,0,-6000,0,0,0,0,6000,-6000,-6000
056942,昇陽半元富98購01,0,0,0,0,0,0,0,0,0,-6000,0,0,0,173000,179000,-6000,-6000
056936,禾伸堂元富98購01,0,0,0,0,0,0,0,0,0,-6000,0,0,0,0,6000,-6000,-6000
053947,義隆富邦97購01  ,0,0,0,0,0,0,0,0,0,-6000,0,0,0,0,6000,-6000,-6000
054771,茂林國票98購02  ,0,0,0,0,0,0,0,0,0,-6000,0,0,0,113000,119000,-6000,-6000
053584,友達元大9B購02  ,0,0,0,0,0,0,0,0,0,-6000,0,0,0,0,6000,-6000,-6000
020011,統一微波高息20N ,0,0,0,0,0,0,0,0,0,-6000,0,0,0,0,6000,-6000,-6000
052681,T50反1元大98購02,0,0,0,0,0,0,0,0,0,-6000,0,0,0,86000,92000,-6000,-6000
052950,超眾國票98購01  ,0,0,0,0,0,0,0,0,0,-6000,0,0,0,0,6000,-6000,-6000
059786,全新元大99購06  ,0,0,0,0,0,0,0,0,0,-6000,0,0,0,26000,32000,-6000,-6000
060066,欣興兆豐9B購01  ,0,0,0,0,0,0,0,0,0,-6000,0,0,0,0,6000,-6000,-6000
060723,致新永豐9A購01  ,0,0,0,0,0,0,0,0,0,-6000,0,0,0,10000,16000,-6000,-6000
060731,奇力新群益9A購01,0,0,0,0,0,0,0,0,0,-6000,0,0,0,0,6000,-6000,-6000
058037,台灣50元大9B購02,0,0,0,0,0,0,0,0,0,-6000,0,0,0,5000,11000,-6000,-6000
060785,國巨富邦9B購04  ,0,0,0,0,0,0,0,0,0,-6000,0,0,0,40000,46000,-6000,-6000
060777,茂林凱基9C購01  ,0,0,0,0,0,0,0,0,0,-6000,0,0,0,0,6000,-6000,-6000
059211,鴻海元大99購27  ,0,0,0,0,0,0,0,0,0,-6000,0,0,0,0,6000,-6000,-6000
059240,台積電凱基9A購09,0,0,0,0,0,0,0,0,0,-6000,0,0,0,2000,8000,-6000,-6000
060401,世紀鋼國票9B購01,0,0,0,0,0,0,0,0,0,-6000,0,0,0,199000,205000,-6000,-6000
057545,國巨凱基99購05  ,0,0,0,0,0,0,0,0,0,-6000,0,0,0,0,6000,-6000,-6000
057596,聯茂兆豐99購01  ,0,0,0,0,0,0,0,0,0,-6000,0,0,0,1000,7000,-6000,-6000
058487,晶技國票9A購01  ,0,0,0,0,0,0,0,0,0,-6000,0,0,0,0,6000,-6000,-6000
059591,台積電元大9A購04,0,0,0,0,0,0,0,0,0,-6000,0,0,0,0,6000,-6000,-6000
057525,光磊元大99購01  ,0,0,0,0,0,0,0,0,0,-6000,0,0,0,0,6000,-6000,-6000
063448,聯發科統一9C購11,0,0,0,0,0,0,0,0,0,-6000,0,0,0,315000,321000,-6000,-6000
063517,遠東新凱基01購01,0,0,0,0,0,0,0,0,0,-6000,0,0,0,0,6000,-6000,-6000
058555,矽創永豐9A購01  ,0,0,0,0,0,0,0,0,0,-6000,0,0,0,0,6000,-6000,-6000
064725,緯創統一02購01  ,0,0,0,0,0,0,0,0,0,-6000,0,0,0,0,6000,-6000,-6000
06510P,燿華永豐98售03  ,0,0,0,0,0,0,0,0,0,-6000,0,0,0,44000,50000,-6000,-6000
06447P,上銀元大98售01  ,0,0,0,0,0,0,0,0,0,-6000,0,0,0,99000,105000,-6000,-6000
064525,臺股指群益9C購10,0,0,0,0,0,0,0,0,0,-6000,0,0,0,0,6000,-6000,-6000
064510,GIS元大01購01   ,0,0,0,0,0,0,0,0,0,-6000,0,0,0,0,6000,-6000,-6000
064289,台郡元大9C購01  ,0,0,0,0,0,0,0,0,0,-6000,0,0,0,0,6000,-6000,-6000
064279,新光金元大01購01,0,0,0,0,0,0,0,0,0,-6000,0,0,0,0,6000,-6000,-6000
063878,國巨元富9C購01  ,0,0,0,0,0,0,0,0,0,-6000,0,0,0,50000,56000,-6000,-6000
064030,泰碩元大01購01  ,0,0,0,0,0,0,0,0,0,-6000,0,0,0,0,6000,-6000,-6000
08237P,台積電富邦03售01,0,0,0,0,0,0,0,0,0,-6000,0,0,0,0,6000,-6000,-6000
06920P,台灣50凱基9A售01,0,0,0,0,0,0,0,0,0,-6000,0,0,0,132000,138000,-6000,-6000
07140P,台灣50日盛99售01,0,0,0,0,0,0,0,0,0,-6000,0,0,0,380000,386000,-6000,-6000
07310P,大立光凱基99售12,0,0,0,0,0,0,0,0,0,-6000,0,0,0,0,6000,-6000,-6000
8442,威宏-KY         ,0,0,0,0,0,0,0,0,0,-6000,0,6000,-6000,0,0,0,-6000
912000,晨訊科-DR       ,0,6000,-6000,0,0,0,0,0,0,0,0,0,0,0,0,0,-6000
2611,志信            ,9000,16000,-7000,0,0,0,0,0,0,0,0,0,0,0,0,0,-7000
061793,上銀永豐9B購01  ,0,0,0,0,0,0,0,0,0,-7000,0,0,0,10000,17000,-7000,-7000
061781,台積電群益9C購01,0,0,0,0,0,0,0,0,0,-7000,0,0,0,53000,60000,-7000,-7000
061150,國巨群益9A購09  ,0,0,0,0,0,0,0,0,0,-7000,0,0,0,0,7000,-7000,-7000
061646,力成元大9A購02  ,0,0,0,0,0,0,0,0,0,-7000,0,0,0,0,7000,-7000,-7000
061767,信邦元大9B購01  ,0,0,0,0,0,0,0,0,0,-7000,0,0,0,7000,14000,-7000,-7000
062565,漢唐中信9C購01  ,0,0,0,0,0,0,0,0,0,-7000,0,0,0,0,7000,-7000,-7000
061980,聯發科元大9B購01,0,0,0,0,0,0,0,0,0,-7000,0,0,0,1000,8000,-7000,-7000
061881,緯穎元大9B購02  ,0,0,0,0,0,0,0,0,0,-7000,0,0,0,33000,40000,-7000,-7000
062635,創意國票9B購01  ,0,0,0,0,0,0,0,0,0,-7000,0,0,0,0,7000,-7000,-7000
061547,禾伸堂群益9A購01,0,0,0,0,0,0,0,0,0,-7000,0,0,0,5000,12000,-7000,-7000
062083,健策元大9C購03  ,0,0,0,0,0,0,0,0,0,-7000,0,0,0,102000,109000,-7000,-7000
00736,國泰新興市場    ,0,22000,-22000,0,0,0,0,0,0,15000,0,0,0,115000,100000,15000,-7000
03022X,富展01          ,0,0,0,0,0,0,0,0,0,-7000,0,0,0,0,7000,-7000,-7000
054760,台化國票9A購01  ,0,0,0,0,0,0,0,0,0,-7000,0,0,0,0,7000,-7000,-7000
054679,台積電康和99購01,0,0,0,0,0,0,0,0,0,-7000,0,0,0,1000,8000,-7000,-7000
054728,聯發科日盛97購01,0,0,0,0,0,0,0,0,0,-7000,0,0,0,26000,33000,-7000,-7000
056625,致伸永豐98購01  ,0,0,0,0,0,0,0,0,0,-7000,0,0,0,0,7000,-7000,-7000
05625P,國巨國票97售01  ,0,0,0,0,0,0,0,0,0,-7000,0,0,0,3000,10000,-7000,-7000
056162,祥碩凱基97購03  ,0,0,0,0,0,0,0,0,0,-7000,0,0,0,1000,8000,-7000,-7000
055813,聯發科國票98購04,0,0,0,0,0,0,0,0,0,-7000,0,0,0,0,7000,-7000,-7000
056668,光磊國票99購01  ,0,0,0,0,0,0,0,0,0,-7000,0,0,0,65000,72000,-7000,-7000
060891,世芯統一9A購01  ,0,0,0,0,0,0,0,0,0,-7000,0,0,0,0,7000,-7000,-7000
057624,新日興國泰99購01,0,0,0,0,0,0,0,0,0,-7000,0,0,0,0,7000,-7000,-7000
063457,臺指反元大02購17,0,0,0,0,0,0,0,0,0,-7000,0,0,0,38000,45000,-7000,-7000
063473,茂林元大9B購05  ,0,0,0,0,0,0,0,0,0,-7000,0,0,0,15000,22000,-7000,-7000
058486,大立光國票9A購01,0,0,0,0,0,0,0,0,0,-7000,0,0,0,0,7000,-7000,-7000
057587,微星國票99購01  ,0,0,0,0,0,0,0,0,0,-7000,0,0,0,0,7000,-7000,-7000
059210,鴻海元大99購26  ,0,0,0,0,0,0,0,0,0,-7000,0,0,0,1000,8000,-7000,-7000
058272,超眾永豐9A購01  ,0,0,0,0,0,0,0,0,0,-7000,0,0,0,0,7000,-7000,-7000
060365,京鼎元富9A購01  ,0,0,0,0,0,0,0,0,0,-7000,0,0,0,0,7000,-7000,-7000
060122,亞德客永豐99購02,0,0,0,0,0,0,0,0,0,-7000,0,0,0,1000,8000,-7000,-7000
059999,緯穎元富99購01  ,0,0,0,0,0,0,0,0,0,-7000,0,0,0,13000,20000,-7000,-7000
07301P,臺股指元大9A售34,0,0,0,0,0,0,0,0,0,-7000,0,0,0,8000,15000,-7000,-7000
07303P,臺股指元大9A售36,0,0,0,0,0,0,0,0,0,-7000,0,0,0,63000,70000,-7000,-7000
07456P,華新科元大9A售06,0,0,0,0,0,0,0,0,0,-7000,0,0,0,3000,10000,-7000,-7000
08253P,鴻海元大9C售06  ,0,0,0,0,0,0,0,0,0,-7000,0,0,0,0,7000,-7000,-7000
07744P,奇力新凱基9A售05,0,0,0,0,0,0,0,0,0,-7000,0,0,0,46000,53000,-7000,-7000
063880,可成元富9C購01  ,0,0,0,0,0,0,0,0,0,-7000,0,0,0,12000,19000,-7000,-7000
064315,創意群益9C購01  ,0,0,0,0,0,0,0,0,0,-7000,0,0,0,0,7000,-7000,-7000
064341,聯詠元大9C購01  ,0,0,0,0,0,0,0,0,0,-7000,0,0,0,21000,28000,-7000,-7000
064385,台積電富邦03購02,0,0,0,0,0,0,0,0,0,-7000,0,0,0,78000,85000,-7000,-7000
064457,禾伸堂統一01購02,0,0,0,0,0,0,0,0,0,-7000,0,0,0,0,7000,-7000,-7000
064706,嘉晶富邦01購01  ,0,0,0,0,0,0,0,0,0,-7000,0,0,0,0,7000,-7000,-7000
8103,瀚荃            ,3000,6000,-3000,0,0,0,0,0,0,-4000,2000,6000,-4000,0,0,0,-7000
3055,蔚華科          ,2000,9000,-7000,0,0,0,0,0,0,0,0,0,0,0,0,0,-7000
3501,維熹            ,25170,29000,-3830,0,0,0,0,0,0,-4000,0,4000,-4000,0,0,0,-7830
061007,聯詠兆豐9A購01  ,0,0,0,0,0,0,0,0,0,-8000,0,0,0,0,8000,-8000,-8000
061572,奇力新元大9A購04,0,0,0,0,0,0,0,0,0,-8000,0,0,0,0,8000,-8000,-8000
061295,台積電國泰9B購02,0,0,0,0,0,0,0,0,0,-8000,0,0,0,36000,44000,-8000,-8000
061899,復盛永豐9B購01  ,0,0,0,0,0,0,0,0,0,-8000,0,0,0,60000,68000,-8000,-8000
061943,上銀群益9B購02  ,0,0,0,0,0,0,0,0,0,-8000,0,0,0,0,8000,-8000,-8000
062551,緯穎永豐9B購02  ,0,0,0,0,0,0,0,0,0,-8000,0,0,0,0,8000,-8000,-8000
061094,彩晶統一9B購02  ,0,0,0,0,0,0,0,0,0,-8000,0,0,0,411000,419000,-8000,-8000
061106,群創元大9B購09  ,0,0,0,0,0,0,0,0,0,-8000,0,0,0,0,8000,-8000,-8000
061405,亞德客國票9B購01,0,0,0,0,0,0,0,0,0,-8000,0,0,0,1000,9000,-8000,-8000
2496,卓越            ,1000,9000,-8000,0,0,0,0,0,0,0,0,0,0,0,0,0,-8000
2362,藍天            ,48000,63000,-15000,0,0,0,0,0,0,7000,7000,0,7000,0,0,0,-8000
1417,嘉裕            ,81000,89000,-8000,0,0,0,0,0,0,0,0,0,0,0,0,0,-8000
060917,台表科國泰9B購01,0,0,0,0,0,0,0,0,0,-8000,0,0,0,0,8000,-8000,-8000
060166,佐登永豐9A購01  ,0,0,0,0,0,0,0,0,0,-8000,0,0,0,2000,10000,-8000,-8000
058160,奇鋐元富99購01  ,0,0,0,0,0,0,0,0,0,-8000,0,0,0,1000,9000,-8000,-8000
058163,道瓊反凱基9B購01,0,0,0,0,0,0,0,0,0,-8000,0,0,0,0,8000,-8000,-8000
059066,道瓊指國票04購01,0,0,0,0,0,0,0,0,0,-8000,0,0,0,0,8000,-8000,-8000
059070,道瓊指元大99購02,0,0,0,0,0,0,0,0,0,-8000,0,0,0,0,8000,-8000,-8000
056833,和大元富9B購01  ,0,0,0,0,0,0,0,0,0,-8000,0,0,0,3000,11000,-8000,-8000
057152,緯穎國票99購03  ,0,0,0,0,0,0,0,0,0,-8000,0,0,0,0,8000,-8000,-8000
056707,鴻海富邦99購03  ,0,0,0,0,0,0,0,0,0,-8000,0,0,0,0,8000,-8000,-8000
05569P,漢唐統一97售01  ,0,0,0,0,0,0,0,0,0,-8000,0,0,0,0,8000,-8000,-8000
055521,S&P反1群益01購01,0,0,0,0,0,0,0,0,0,-8000,0,0,0,13000,21000,-8000,-8000
055291,京鼎元大97購02  ,0,0,0,0,0,0,0,0,0,-8000,0,0,0,221000,229000,-8000,-8000
054098,嘉晶國票97購04  ,0,0,0,0,0,0,0,0,0,-8000,0,0,0,4000,12000,-8000,-8000
046384,群創凱基98購02  ,0,0,0,0,0,0,0,0,0,-8000,0,0,0,10000,18000,-8000,-8000
059787,奇力新元大9A購02,0,0,0,0,0,0,0,0,0,-8000,0,0,0,1000,9000,-8000,-8000
060629,鴻海富邦9B購01  ,0,0,0,0,0,0,0,0,0,-8000,0,0,0,4000,12000,-8000,-8000
060732,玉晶光群益9C購02,0,0,0,0,0,0,0,0,0,-8000,0,0,0,3000,11000,-8000,-8000
060761,南亞科元大9A購05,0,0,0,0,0,0,0,0,0,-8000,0,0,0,2000,10000,-8000,-8000
058274,世紀鋼永豐99購01,0,0,0,0,0,0,0,0,0,-8000,0,0,0,49000,57000,-8000,-8000
058283,世紀鋼中信99購01,0,0,0,0,0,0,0,0,0,-8000,0,0,0,0,8000,-8000,-8000
060813,高鐵凱基9A購01  ,0,0,0,0,0,0,0,0,0,-8000,0,0,0,17000,25000,-8000,-8000
060450,南亞元大9A購02  ,0,0,0,0,0,0,0,0,0,-8000,0,0,0,3000,11000,-8000,-8000
058978,SGBR2X凱基9A購03,0,0,0,0,0,0,0,0,0,-8000,0,0,0,0,8000,-8000,-8000
059665,嘉聯益元大99購06,0,0,0,0,0,0,0,0,0,-8000,0,0,0,0,8000,-8000,-8000
063945,京元電元大9C購01,0,0,0,0,0,0,0,0,0,-8000,0,0,0,50000,58000,-8000,-8000
07931P,國巨元大9B售03  ,0,0,0,0,0,0,0,0,0,-8000,0,0,0,2000,10000,-8000,-8000
08149P,祥碩群益9B售07  ,0,0,0,0,0,0,0,0,0,-8000,0,0,0,35000,43000,-8000,-8000
07027P,台積電群益99售04,0,0,0,0,0,0,0,0,0,-8000,0,0,0,2000,10000,-8000,-8000
06736P,新日興凱基98售03,0,0,0,0,0,0,0,0,0,-8000,0,0,0,112000,120000,-8000,-8000
06687P,A50正2中信9A售01,0,0,0,0,0,0,0,0,0,-8000,0,0,0,0,8000,-8000,-8000
4952,凌通            ,14000,30000,-16000,0,0,0,0,0,0,8000,8000,0,8000,0,0,0,-8000
8466,美吉吉-KY       ,1000,9000,-8000,0,0,0,0,0,0,0,0,0,0,0,0,0,-8000
1446,宏和            ,15000,26000,-11000,0,0,0,0,0,0,2000,2000,0,2000,0,0,0,-9000
1612,宏泰            ,30000,39000,-9000,0,0,0,0,0,0,0,0,0,0,0,0,0,-9000
061407,鴻海國票9A購07  ,0,0,0,0,0,0,0,0,0,-9000,0,0,0,1000,10000,-9000,-9000
061425,華新科元大9A購19,0,0,0,0,0,0,0,0,0,-9000,0,0,0,0,9000,-9000,-9000
061148,道瓊反群益9A購02,0,0,0,0,0,0,0,0,0,-9000,0,0,0,1000,10000,-9000,-9000
061860,臺股指國票9B購04,0,0,0,0,0,0,0,0,0,-9000,0,0,0,0,9000,-9000,-9000
061172,大立光麥證9A購02,0,0,0,0,9000,-9000,0,0,0,-9000,0,0,0,0,9000,-9000,-9000
061175,台積電凱基9A購19,0,0,0,0,0,0,0,0,0,-9000,0,0,0,10000,19000,-9000,-9000
061569,旺宏元大9A購14  ,0,0,0,0,0,0,0,0,0,-9000,0,0,0,12000,21000,-9000,-9000
062262,茂林元大9B購02  ,0,0,0,0,0,0,0,0,0,-9000,0,0,0,0,9000,-9000,-9000
062211,玉晶光台新9B購01,0,0,0,0,0,0,0,0,0,-9000,0,0,0,0,9000,-9000,-9000
053744,台郡國票97購03  ,0,0,0,0,0,0,0,0,0,-9000,0,0,0,16000,25000,-9000,-9000
053363,旺宏國泰98購02  ,0,0,0,0,0,0,0,0,0,-9000,0,0,0,0,9000,-9000,-9000
056747,致新凱基99購01  ,0,0,0,0,0,0,0,0,0,-9000,0,0,0,1000,10000,-9000,-9000
056418,台光電元富98購01,0,0,0,0,0,0,0,0,0,-9000,0,0,0,41000,50000,-9000,-9000
055598,欣興元大97購03  ,0,0,0,0,0,0,0,0,0,-9000,0,0,0,0,9000,-9000,-9000
056821,日電貿永豐98購01,0,0,0,0,0,0,0,0,0,-9000,0,0,0,0,9000,-9000,-9000
060915,旭富元大9A購01  ,0,0,0,0,0,0,0,0,0,-9000,0,0,0,11000,20000,-9000,-9000
055962,晶豪科元大97購02,0,0,0,0,0,0,0,0,0,-9000,0,0,0,0,9000,-9000,-9000
056511,超眾永豐98購01  ,0,0,0,0,0,0,0,0,0,-9000,0,0,0,0,9000,-9000,-9000
059671,滬深2X元富99購05,0,0,0,0,0,0,0,0,0,-9000,0,0,0,37000,46000,-9000,-9000
058573,鴻海群益9A購02  ,0,0,0,0,0,0,0,0,0,-9000,0,0,0,5000,14000,-9000,-9000
059628,智邦凱基99購04  ,0,0,0,0,0,0,0,0,0,-9000,0,0,0,0,9000,-9000,-9000
059675,大立光元富99購08,0,0,0,0,0,0,0,0,0,-9000,0,0,0,1000,10000,-9000,-9000
063465,友達元大9C購10  ,0,0,0,0,0,0,0,0,0,-9000,0,0,0,52000,61000,-9000,-9000
063514,南電麥證9C購01  ,0,0,0,8000,27000,-19000,0,0,0,-9000,0,0,0,24000,33000,-9000,-9000
058875,台表科國票9A購02,0,0,0,0,0,0,0,0,0,-9000,0,0,0,15000,24000,-9000,-9000
058797,大毅元大99購03  ,0,0,0,0,0,0,0,0,0,-9000,0,0,0,43000,52000,-9000,-9000
059339,上銀凱基99購06  ,0,0,0,0,0,0,0,0,0,-9000,0,0,0,1000,10000,-9000,-9000
057573,京鼎永豐98購02  ,0,0,0,0,0,0,0,0,0,-9000,0,0,0,1000,10000,-9000,-9000
060779,臺股指凱基9A購07,0,0,0,0,0,0,0,0,0,-9000,0,0,0,16000,25000,-9000,-9000
060601,技嘉凱基9A購02  ,0,0,0,0,0,0,0,0,0,-9000,0,0,0,3000,12000,-9000,-9000
060545,台積電凱基9B購02,0,0,0,0,0,0,0,0,0,-9000,0,0,0,12000,21000,-9000,-9000
058081,技嘉群益9A購03  ,0,0,0,0,0,0,0,0,0,-9000,0,0,0,1000,10000,-9000,-9000
060759,南亞科元大9A購03,0,0,0,0,0,0,0,0,0,-9000,0,0,0,0,9000,-9000,-9000
060680,玉晶光元大9C購03,0,0,0,0,0,0,0,0,0,-9000,0,0,0,5000,14000,-9000,-9000
060109,茂林元大99購05  ,0,0,0,0,0,0,0,0,0,-9000,0,0,0,50000,59000,-9000,-9000
059855,緯穎永豐99購04  ,0,0,0,0,0,0,0,0,0,-9000,0,0,0,1000,10000,-9000,-9000
07760P,力山永豐9A售03  ,0,0,0,0,0,0,0,0,0,-9000,0,0,0,0,9000,-9000,-9000
063790,南亞科台新9C購01,0,0,0,0,0,0,0,0,0,-9000,0,0,0,0,9000,-9000,-9000
063827,國巨國票02購01  ,0,0,0,0,0,0,0,0,0,-9000,0,0,0,7000,16000,-9000,-9000
063627,上銀元大9B購09  ,0,0,0,0,0,0,0,0,0,-9000,0,0,0,1000,10000,-9000,-9000
064619,南亞科元大9C購05,0,0,0,0,0,0,0,0,0,-9000,0,0,0,80000,89000,-9000,-9000
064405,美食凱基01購02  ,0,0,0,0,0,0,0,0,0,-9000,0,0,0,0,9000,-9000,-9000
5203,訊連            ,260000,249000,11000,0,0,0,0,28000,-28000,8000,8000,0,8000,0,0,0,-9000
5234,達興材料        ,79000,78000,1000,0,0,0,0,0,0,-10000,1000,11000,-10000,0,0,0,-9000
4190,佐登-KY         ,36000,37000,-1000,0,0,0,0,0,0,-8000,2000,2000,0,2000,10000,-8000,-9000
3535,晶彩科          ,178000,186000,-8000,0,0,0,0,0,0,-1000,0,1000,-1000,0,0,0,-9000
062068,滬深2X元大9B購02,0,0,0,0,0,0,0,0,0,-10000,0,0,0,0,10000,-10000,-10000
062054,鴻海統一9C購06  ,0,0,0,0,0,0,0,0,0,-10000,0,0,0,0,10000,-10000,-10000
062080,奇力新元大9B購02,0,0,0,0,0,0,0,0,0,-10000,0,0,0,4000,14000,-10000,-10000
062492,牧德第一9B購01  ,0,0,0,0,0,0,0,0,0,-10000,0,0,0,0,10000,-10000,-10000
062356,國巨元大9B購10  ,0,0,0,0,0,0,0,0,0,-10000,0,0,0,10000,20000,-10000,-10000
062324,上銀統一9B購04  ,0,0,0,0,0,0,0,0,0,-10000,0,0,0,0,10000,-10000,-10000
062129,世紀鋼統一02購01,0,0,0,0,0,0,0,0,0,-10000,0,0,0,0,10000,-10000,-10000
062374,茂林元大9B購03  ,0,0,0,0,0,0,0,0,0,-10000,0,0,0,0,10000,-10000,-10000
062390,元黃金富邦9C購01,0,0,0,0,0,0,0,0,0,-10000,0,0,0,0,10000,-10000,-10000
062105,國巨國票9C購03  ,0,0,0,0,0,0,0,0,0,-10000,0,0,0,0,10000,-10000,-10000
062095,旺宏富邦9C購03  ,0,0,0,0,0,0,0,0,0,-10000,0,0,0,0,10000,-10000,-10000
061011,華通麥證9A購02  ,0,0,0,0,10000,-10000,0,0,0,-10000,0,0,0,0,10000,-10000,-10000
061493,T50反1國票9B購04,0,0,0,0,0,0,0,0,0,-10000,0,0,0,0,10000,-10000,-10000
06151P,華新科元大97售07,0,0,0,0,0,0,0,0,0,-10000,0,0,0,0,10000,-10000,-10000
060979,國巨元大9A購14  ,0,0,0,0,0,0,0,0,0,-10000,0,0,0,0,10000,-10000,-10000
062412,道瓊指中信9C購05,0,0,0,0,0,0,0,0,0,-10000,0,0,0,0,10000,-10000,-10000
062640,訊連國票9C購01  ,0,0,0,0,0,0,0,0,0,-10000,0,0,0,0,10000,-10000,-10000
062205,奇力新國票9C購01,0,0,0,0,0,0,0,0,0,-10000,0,0,0,0,10000,-10000,-10000
061081,宏碁兆豐9A購01  ,0,0,0,0,0,0,0,0,0,-10000,0,0,0,560000,570000,-10000,-10000
062866,臺股指國票9B購23,0,0,0,0,0,0,0,0,0,-10000,0,0,0,0,10000,-10000,-10000
061191,可成永豐9A購02  ,0,0,0,0,0,0,0,0,0,-10000,0,0,0,0,10000,-10000,-10000
061181,牧德凱基9A購01  ,0,0,0,0,0,0,0,0,0,-10000,0,0,0,0,10000,-10000,-10000
061624,中租群益9A購01  ,0,0,0,0,0,0,0,0,0,-10000,0,0,0,0,10000,-10000,-10000
061290,玉晶光統一01購04,0,0,0,0,0,0,0,0,0,-10000,0,0,0,0,10000,-10000,-10000
062741,立積國票9B購02  ,0,0,0,0,0,0,0,0,0,-10000,0,0,0,5000,15000,-10000,-10000
062749,元金2X中信9B購01,0,0,0,0,0,0,0,0,0,-10000,0,0,0,0,10000,-10000,-10000
062756,臺指反凱基9C購01,0,0,0,0,0,0,0,0,0,-10000,0,0,0,0,10000,-10000,-10000
062772,T50反1元大9B購06,0,0,0,0,0,0,0,0,0,-10000,0,0,0,0,10000,-10000,-10000
062789,臺股指元大9B購32,0,0,0,0,0,0,0,0,0,-10000,0,0,0,0,10000,-10000,-10000
062859,玉晶光國票01購02,0,0,0,0,0,0,0,0,0,-10000,0,0,0,2000,12000,-10000,-10000
063079,儒鴻凱基9B購01  ,0,0,0,0,0,0,0,0,0,-10000,0,0,0,5000,15000,-10000,-10000
062935,華通凱基9C購02  ,0,0,0,0,0,0,0,0,0,-10000,0,0,0,50000,60000,-10000,-10000
061878,茂林元大9B購01  ,0,0,0,0,0,0,0,0,0,-10000,0,0,0,0,10000,-10000,-10000
061902,百和永豐9B購01  ,0,0,0,0,0,0,0,0,0,-10000,0,0,0,0,10000,-10000,-10000
061952,臺股指群益9B購01,0,0,0,0,0,0,0,0,0,-10000,0,0,0,0,10000,-10000,-10000
061152,微星群益9A購01  ,0,0,0,0,0,0,0,0,0,-10000,0,0,0,11000,21000,-10000,-10000
061653,上証2X國票9A購02,0,0,0,0,0,0,0,0,0,-10000,0,0,0,0,10000,-10000,-10000
061648,緯穎元大9A購04  ,0,0,0,0,0,0,0,0,0,-10000,0,0,0,0,10000,-10000,-10000
061091,奇力新統一9C購02,0,0,0,0,0,0,0,0,0,-10000,0,0,0,0,10000,-10000,-10000
061426,玉晶光元大9A購15,0,0,0,0,0,0,0,0,0,-10000,0,0,0,0,10000,-10000,-10000
061410,緯穎國票9A購03  ,0,0,0,0,0,0,0,0,0,-10000,0,0,0,35000,45000,-10000,-10000
061365,國巨國票9B購05  ,0,0,0,0,0,0,0,0,0,-10000,0,0,0,8000,18000,-10000,-10000
061371,嘉澤國泰9C購01  ,0,0,0,0,0,0,0,0,0,-10000,0,0,0,0,10000,-10000,-10000
061784,聯發科群益9B購02,0,0,0,0,0,0,0,0,0,-10000,0,0,0,0,10000,-10000,-10000
061791,康友群益9B購01  ,0,0,0,0,0,0,0,0,0,-10000,0,0,0,0,10000,-10000,-10000
063058,A50正2元富02購01,0,0,0,0,0,0,0,0,0,-10000,0,0,0,0,10000,-10000,-10000
063033,台積電凱基9B購09,0,0,0,0,0,0,0,0,0,-10000,0,0,0,2000,12000,-10000,-10000
061685,道瓊反群益9A購03,0,0,0,0,0,0,0,0,0,-10000,0,0,0,0,10000,-10000,-10000
1616,億泰            ,0,10000,-10000,0,0,0,0,0,0,0,0,0,0,0,0,0,-10000
08362P,國巨凱基02售01  ,0,0,0,0,0,0,0,0,0,-10000,0,0,0,0,10000,-10000,-10000
08418P,大立光元大01售04,0,0,0,0,0,0,0,0,0,-10000,0,0,0,0,10000,-10000,-10000
08392P,上銀群益9C售01  ,0,0,0,0,0,0,0,0,0,-10000,0,0,0,0,10000,-10000,-10000
2373,震旦行          ,9000,23000,-14000,0,0,0,0,0,0,4000,4000,0,4000,0,0,0,-10000
2509,全坤建          ,5000,15000,-10000,0,0,0,0,0,0,0,0,0,0,0,0,0,-10000
2462,良得電          ,2000,14000,-12000,0,0,0,0,0,0,2000,2000,0,2000,0,0,0,-10000
2612,中航            ,17000,26000,-9000,0,0,0,0,0,0,-1000,1000,2000,-1000,0,0,0,-10000
055781,聯詠凱基98購01  ,0,0,0,0,0,0,0,0,0,-10000,0,0,0,0,10000,-10000,-10000
055794,聯發科國泰99購01,0,0,0,0,0,0,0,0,0,-10000,0,0,0,30000,40000,-10000,-10000
055980,祥碩統一98購01  ,0,0,0,0,0,0,0,0,0,-10000,0,0,0,0,10000,-10000,-10000
056002,嘉晶永豐97購01  ,0,0,0,0,0,0,0,0,0,-10000,0,0,0,30000,40000,-10000,-10000
055822,臺股指國票97購09,0,0,0,0,0,0,0,0,0,-10000,0,0,0,1000,11000,-10000,-10000
056261,台積電統一97購07,0,0,0,0,0,0,0,0,0,-10000,0,0,0,0,10000,-10000,-10000
056236,台積電群益97購06,0,0,0,0,0,0,0,0,0,-10000,0,0,0,0,10000,-10000,-10000
056222,台積電凱基9A購01,0,0,0,0,0,0,0,0,0,-10000,0,0,0,0,10000,-10000,-10000
056604,鴻海富邦9A購01  ,0,0,0,0,0,0,0,0,0,-10000,0,0,0,0,10000,-10000,-10000
056590,樺漢統一9A購01  ,0,0,0,0,0,0,0,0,0,-10000,0,0,0,0,10000,-10000,-10000
056591,S&P正2元富9A購01,0,0,0,0,0,0,0,0,0,-10000,0,0,0,0,10000,-10000,-10000
060898,世芯凱基9A購03  ,0,0,0,0,0,0,0,0,0,-10000,0,0,0,4000,14000,-10000,-10000
060885,世紀鋼中信9A購01,0,0,0,0,0,0,0,0,0,-10000,0,0,0,0,10000,-10000,-10000
059082,華通元大99購06  ,0,0,0,0,0,0,0,0,0,-10000,0,0,0,0,10000,-10000,-10000
058127,FBVIX元大9C購01 ,0,0,0,0,0,0,0,0,0,-10000,0,0,0,0,10000,-10000,-10000
060172,智原台新9A購01  ,0,0,0,0,0,0,0,0,0,-10000,0,0,0,0,10000,-10000,-10000
060178,T50反1元富04購05,0,0,0,0,0,0,0,0,0,-10000,0,0,0,0,10000,-10000,-10000
056635,亞德客日盛99購01,0,0,0,0,0,0,0,0,0,-10000,0,0,0,0,10000,-10000,-10000
060197,臻鼎元富9A購02  ,0,0,0,0,0,0,0,0,0,-10000,0,0,0,0,10000,-10000,-10000
060260,京鼎凱基9C購01  ,0,0,0,0,0,0,0,0,0,-10000,0,0,0,9000,19000,-10000,-10000
059025,台灣50台新9B購02,0,0,0,0,0,0,0,0,0,-10000,0,0,0,0,10000,-10000,-10000
058170,國巨凱基9A購06  ,0,0,0,0,0,0,0,0,0,-10000,0,0,0,140000,150000,-10000,-10000
058138,晶相光元大9C購01,0,0,0,0,0,0,0,0,0,-10000,0,0,0,0,10000,-10000,-10000
056993,GIS兆豐99購01   ,0,0,0,0,0,0,0,0,0,-10000,0,0,0,0,10000,-10000,-10000
056923,奇力新兆豐99購02,0,0,0,0,0,0,0,0,0,-10000,0,0,0,0,10000,-10000,-10000
056898,全新元大98購02  ,0,0,0,0,0,0,0,0,0,-10000,0,0,0,0,10000,-10000,-10000
057125,國巨凱基98購12  ,0,0,0,0,0,0,0,0,0,-10000,0,0,0,0,10000,-10000,-10000
057148,玉晶光國票99購04,0,0,0,0,0,0,0,0,0,-10000,0,0,0,8000,18000,-10000,-10000
057142,力成兆豐98購01  ,0,0,0,0,0,0,0,0,0,-10000,0,0,0,0,10000,-10000,-10000
057006,國巨中信98購03  ,0,0,0,0,0,0,0,0,0,-10000,0,0,0,0,10000,-10000,-10000
057066,緯穎富邦99購01  ,0,0,0,0,0,0,0,0,0,-10000,0,0,0,0,10000,-10000,-10000
057035,元油2X元大9B購03,0,0,0,0,0,0,0,0,0,-10000,0,0,0,0,10000,-10000,-10000
057101,新光金中信9A購01,0,0,0,0,0,0,0,0,0,-10000,0,0,0,0,10000,-10000,-10000
057501,超眾群益98購04  ,0,0,0,0,0,0,0,0,0,-10000,0,0,0,0,10000,-10000,-10000
057509,聯發科統一9A購03,0,0,0,0,0,0,0,0,0,-10000,0,0,0,11000,21000,-10000,-10000
056689,玉晶光統一9A購03,0,0,0,0,0,0,0,0,0,-10000,0,0,0,3000,13000,-10000,-10000
056702,欣興國泰9A購01  ,0,0,0,0,0,0,0,0,0,-10000,0,0,0,0,10000,-10000,-10000
055374,明泰元大97購01  ,0,0,0,0,0,0,0,0,0,-10000,0,0,0,0,10000,-10000,-10000
055363,緯穎凱基98購03  ,0,0,0,0,0,0,0,0,0,-10000,0,0,0,10000,20000,-10000,-10000
056756,T50反1元大98購06,0,0,0,0,0,0,0,0,0,-10000,0,0,0,0,10000,-10000,-10000
056740,大立光凱基98購13,0,0,0,0,0,0,0,0,0,-10000,0,0,0,0,10000,-10000,-10000
056449,義隆凱基98購03  ,0,0,0,0,0,0,0,0,0,-10000,0,0,0,0,10000,-10000,-10000
055519,茂林中信99購01  ,0,0,0,0,0,0,0,0,0,-10000,0,0,0,20000,30000,-10000,-10000
055515,聚陽中信9A購01  ,0,0,0,0,0,0,0,0,0,-10000,0,0,0,0,10000,-10000,-10000
055531,華新科群益98購03,0,0,0,0,0,0,0,0,0,-10000,0,0,0,0,10000,-10000,-10000
055577,晶技統一97購02  ,0,0,0,0,0,0,0,0,0,-10000,0,0,0,0,10000,-10000,-10000
055554,聯發科凱基97購06,0,0,0,0,0,0,0,0,0,-10000,0,0,0,0,10000,-10000,-10000
055560,大立光凱基97購10,0,0,0,0,0,0,0,0,0,-10000,0,0,0,0,10000,-10000,-10000
055596,新光金元大9B購02,0,0,0,0,0,0,0,0,0,-10000,0,0,0,20000,30000,-10000,-10000
055499,大立光元大98購05,0,0,0,0,0,0,0,0,0,-10000,0,0,0,0,10000,-10000,-10000
056479,玉晶光元大99購05,0,0,0,0,0,0,0,0,0,-10000,0,0,0,19000,29000,-10000,-10000
054162,光罩凱基98購01  ,0,0,0,0,0,0,0,0,0,-10000,0,0,0,0,10000,-10000,-10000
054148,矽創元大96購03  ,0,0,0,0,0,0,0,0,0,-10000,0,0,0,0,10000,-10000,-10000
053115,滬深2X中信97購01,0,0,0,0,0,0,0,0,0,-10000,0,0,0,0,10000,-10000,-10000
053226,國巨台新97購02  ,0,0,0,0,0,0,0,0,0,-10000,0,0,0,210000,220000,-10000,-10000
054167,揚明光凱基98購01,0,0,0,0,0,0,0,0,0,-10000,0,0,0,0,10000,-10000,-10000
054282,泰鼎群益98購02  ,0,0,0,0,0,0,0,0,0,-10000,0,0,0,0,10000,-10000,-10000
054266,緯穎元大96購07  ,0,0,0,0,0,0,0,0,0,-10000,0,0,0,0,10000,-10000,-10000
054299,南電元大96購03  ,0,0,0,0,0,0,0,0,0,-10000,0,0,0,0,10000,-10000,-10000
054357,可成兆豐97購02  ,0,0,0,0,0,0,0,0,0,-10000,0,0,0,20000,30000,-10000,-10000
054717,亞德客永豐97購01,0,0,0,0,0,0,0,0,0,-10000,0,0,0,10000,20000,-10000,-10000
054665,華通元富97購02  ,0,0,0,0,0,0,0,0,0,-10000,0,0,0,0,10000,-10000,-10000
054551,聯發科凱基98購02,0,0,0,0,0,0,0,0,0,-10000,0,0,0,40000,50000,-10000,-10000
054512,元油反元大99購03,0,0,0,0,0,0,0,0,0,-10000,0,0,0,0,10000,-10000,-10000
054778,世紀鋼國票99購01,0,0,0,0,0,0,0,0,0,-10000,0,0,0,20000,30000,-10000,-10000
05478P,智伸科國票96售02,0,0,0,0,0,0,0,0,0,-10000,0,0,0,150000,160000,-10000,-10000
054848,群創兆豐98購01  ,0,0,0,0,0,0,0,0,0,-10000,0,0,0,0,10000,-10000,-10000
053534,微星永豐96購02  ,0,0,0,0,0,0,0,0,0,-10000,0,0,0,10000,20000,-10000,-10000
053628,微星兆豐96購01  ,0,0,0,0,0,0,0,0,0,-10000,0,0,0,0,10000,-10000,-10000
054905,國揚康和97購01  ,0,0,0,0,0,0,0,0,0,-10000,0,0,0,0,10000,-10000,-10000
053502,智伸科兆豐97購01,0,0,0,0,0,0,0,0,0,-10000,0,0,0,0,10000,-10000,-10000
053492,華邦電兆豐97購01,0,0,0,0,0,0,0,0,0,-10000,0,0,0,0,10000,-10000,-10000
053497,新光金兆豐97購01,0,0,0,0,0,0,0,0,0,-10000,0,0,0,0,10000,-10000,-10000
053707,A50正2凱基99購02,0,0,0,0,0,0,0,0,0,-10000,0,0,0,0,10000,-10000,-10000
053800,華通凱基97購03  ,0,0,0,0,0,0,0,0,0,-10000,0,0,0,0,10000,-10000,-10000
053939,台表科元富96購03,0,0,0,0,0,0,0,0,0,-10000,0,0,0,0,10000,-10000,-10000
054036,T50反1元大96購08,0,0,0,0,0,0,0,0,0,-10000,0,0,0,0,10000,-10000,-10000
056275,國巨國泰98購04  ,0,0,0,0,0,0,0,0,0,-10000,0,0,0,0,10000,-10000,-10000
056269,新日興統一98購01,0,0,0,0,0,0,0,0,0,-10000,0,0,0,0,10000,-10000,-10000
056324,南亞科兆豐98購01,0,0,0,0,0,0,0,0,0,-10000,0,0,0,0,10000,-10000,-10000
056318,鴻海群益98購02  ,0,0,0,0,0,0,0,0,0,-10000,0,0,0,0,10000,-10000,-10000
057191,祥碩元大98購05  ,0,0,0,0,0,0,0,0,0,-10000,0,0,0,0,10000,-10000,-10000
057262,友達兆豐98購03  ,0,0,0,0,0,0,0,0,0,-10000,0,0,0,0,10000,-10000,-10000
057264,新光金兆豐98購01,0,0,0,0,0,0,0,0,0,-10000,0,0,0,0,10000,-10000,-10000
056381,台虹元富98購01  ,0,0,0,0,0,0,0,0,0,-10000,0,0,0,0,10000,-10000,-10000
057304,為升兆豐99購02  ,0,0,0,0,0,0,0,0,0,-10000,0,0,0,0,10000,-10000,-10000
046476,鴻海統一96購01  ,0,0,0,0,0,0,0,0,0,-10000,0,0,0,0,10000,-10000,-10000
046375,友達凱基98購01  ,0,0,0,0,0,0,0,0,0,-10000,0,0,0,0,10000,-10000,-10000
045842,T50反1台新98購01,0,0,0,0,0,0,0,0,0,-10000,0,0,0,0,10000,-10000,-10000
04881P,高股息凱基96售01,0,0,0,0,0,0,0,0,0,-10000,0,0,0,0,10000,-10000,-10000
049695,新光金元大9A購01,0,0,0,0,0,0,0,0,0,-10000,0,0,0,0,10000,-10000,-10000
055021,亞德客國泰98購01,0,0,0,0,0,0,0,0,0,-10000,0,0,0,0,10000,-10000,-10000
054930,群電凱基98購01  ,0,0,0,0,0,0,0,0,0,-10000,0,0,0,0,10000,-10000,-10000
05076P,深中小群益99售02,0,0,0,0,0,0,0,0,0,-10000,0,0,0,0,10000,-10000,-10000
051157,華新科富邦98購01,0,0,0,0,0,0,0,0,0,-10000,0,0,0,0,10000,-10000,-10000
052945,嘉晶國票97購01  ,0,0,0,0,0,0,0,0,0,-10000,0,0,0,0,10000,-10000,-10000
052917,大立光富邦99購02,0,0,0,0,0,0,0,0,0,-10000,0,0,0,0,10000,-10000,-10000
052919,鈺齊富邦98購01  ,0,0,0,0,0,0,0,0,0,-10000,0,0,0,0,10000,-10000,-10000
052788,開發金中信98購02,0,0,0,0,0,0,0,0,0,-10000,0,0,0,0,10000,-10000,-10000
055023,億光國泰98購01  ,0,0,0,0,0,0,0,0,0,-10000,0,0,0,0,10000,-10000,-10000
055060,聯陽永豐97購01  ,0,0,0,0,0,0,0,0,0,-10000,0,0,0,0,10000,-10000,-10000
055114,新日興凱基98購01,0,0,0,0,0,0,0,0,0,-10000,0,0,0,0,10000,-10000,-10000
055282,聯發科元大97購15,0,0,0,0,0,0,0,0,0,-10000,0,0,0,7000,17000,-10000,-10000
052629,訊芯中信99購01  ,0,0,0,0,0,0,0,0,0,-10000,0,0,0,0,10000,-10000,-10000
036630,玉山金台新99購01,0,0,0,0,0,0,0,0,0,-10000,0,0,0,0,10000,-10000,-10000
052239,泰鼎國票97購01  ,0,0,0,0,0,0,0,0,0,-10000,0,0,0,0,10000,-10000,-10000
052489,義隆國票96購02  ,0,0,0,0,0,0,0,0,0,-10000,0,0,0,0,10000,-10000,-10000
052521,友達元大9B購01  ,0,0,0,0,0,0,0,0,0,-10000,0,0,0,0,10000,-10000,-10000
052527,泰鼎元大96購02  ,0,0,0,0,0,0,0,0,0,-10000,0,0,0,0,10000,-10000,-10000
052536,聯茂國泰97購01  ,0,0,0,0,0,0,0,0,0,-10000,0,0,0,0,10000,-10000,-10000
051485,玉晶光凱基97購02,0,0,0,0,0,0,0,0,0,-10000,0,0,0,2000,12000,-10000,-10000
00661,元大日經225     ,0,0,0,0,0,0,0,0,0,-10000,0,0,0,1000,11000,-10000,-10000
060301,國巨富邦9C購02  ,0,0,0,0,0,0,0,0,0,-10000,0,0,0,0,10000,-10000,-10000
059842,台積電富邦9C購05,0,0,0,0,0,0,0,0,0,-10000,0,0,0,0,10000,-10000,-10000
059980,台積電元大99購50,0,0,0,0,0,0,0,0,0,-10000,0,0,0,1000,11000,-10000,-10000
059987,大立光元大99購28,0,0,0,0,0,0,0,0,0,-10000,0,0,0,0,10000,-10000,-10000
059990,健策元大9A購01  ,0,0,0,0,0,0,0,0,0,-10000,0,0,0,5000,15000,-10000,-10000
059912,國巨元大99購28  ,0,0,0,0,0,0,0,0,0,-10000,0,0,0,7000,17000,-10000,-10000
060116,世紀鋼元大99購07,0,0,0,0,0,0,0,0,0,-10000,0,0,0,0,10000,-10000,-10000
060084,聯電元大99購02  ,0,0,0,0,0,0,0,0,0,-10000,0,0,0,139000,149000,-10000,-10000
059805,台積電元富99購02,0,0,0,0,0,0,0,0,0,-10000,0,0,0,0,10000,-10000,-10000
059771,台積電群益99購11,0,0,0,0,0,0,0,0,0,-10000,0,0,0,0,10000,-10000,-10000
060134,鈺齊群益9A購01  ,0,0,0,0,0,0,0,0,0,-10000,0,0,0,8000,18000,-10000,-10000
060146,健策國票9A購03  ,0,0,0,0,0,0,0,0,0,-10000,0,0,0,0,10000,-10000,-10000
059753,貿聯群益99購06  ,0,0,0,0,0,0,0,0,0,-10000,0,0,0,0,10000,-10000,-10000
060692,鴻海麥證9A購01  ,0,0,0,0,10000,-10000,0,0,0,-10000,0,0,0,0,10000,-10000,-10000
060735,鴻海統一9C購03  ,0,0,0,0,0,0,0,0,0,-10000,0,0,0,0,10000,-10000,-10000
059129,麗豐中信99購01  ,0,0,0,0,0,0,0,0,0,-10000,0,0,0,10000,20000,-10000,-10000
058243,華擎元大99購01  ,0,0,0,0,0,0,0,0,0,-10000,0,0,0,0,10000,-10000,-10000
058225,旺宏元富99購01  ,0,0,0,0,0,0,0,0,0,-10000,0,0,0,0,10000,-10000,-10000
059098,元油2X統一9B購03,0,0,0,0,0,0,0,0,0,-10000,0,0,0,0,10000,-10000,-10000
058253,臺股指元大9A購17,0,0,0,0,0,0,0,0,0,-10000,0,0,0,20000,30000,-10000,-10000
058080,台積電群益98購06,0,0,0,0,0,0,0,0,0,-10000,0,0,0,4000,14000,-10000,-10000
058087,鴻海元大98購15  ,0,0,0,0,0,0,0,0,0,-10000,0,0,0,0,10000,-10000,-10000
057992,大立光日盛98購01,0,0,0,0,0,0,0,0,0,-10000,0,0,0,0,10000,-10000,-10000
057921,可成凱基98購09  ,0,0,0,0,0,0,0,0,0,-10000,0,0,0,0,10000,-10000,-10000
057872,旺宏元大99購06  ,0,0,0,0,0,0,0,0,0,-10000,0,0,0,0,10000,-10000,-10000
058401,華航元大9A購01  ,0,0,0,0,0,0,0,0,0,-10000,0,0,0,0,10000,-10000,-10000
058438,大立光統一9B購01,0,0,0,0,0,0,0,0,0,-10000,0,0,0,0,10000,-10000,-10000
058452,義隆永豐99購02  ,0,0,0,0,0,0,0,0,0,-10000,0,0,0,0,10000,-10000,-10000
059314,上銀元大99購03  ,0,0,0,0,0,0,0,0,0,-10000,0,0,0,0,10000,-10000,-10000
059315,鴻海元大99購30  ,0,0,0,0,0,0,0,0,0,-10000,0,0,0,0,10000,-10000,-10000
058382,S&P500中信99購01,0,0,0,0,0,0,0,0,0,-10000,0,0,0,0,10000,-10000,-10000
057751,神達國票99購02  ,0,0,0,0,0,0,0,0,0,-10000,0,0,0,0,10000,-10000,-10000
057757,鴻海凱基98購13  ,0,0,0,0,0,0,0,0,0,-10000,0,0,0,1000,11000,-10000,-10000
060552,群創凱基9B購05  ,0,0,0,0,0,0,0,0,0,-10000,0,0,0,0,10000,-10000,-10000
060585,玉晶光元富9A購02,0,0,0,0,0,0,0,0,0,-10000,0,0,0,0,10000,-10000,-10000
060802,道瓊指中信9C購03,0,0,0,0,0,0,0,0,0,-10000,0,0,0,9000,19000,-10000,-10000
060875,華通中信02購01  ,0,0,0,0,0,0,0,0,0,-10000,0,0,0,0,10000,-10000,-10000
060846,欣興國票9A購02  ,0,0,0,0,0,0,0,0,0,-10000,0,0,0,5000,15000,-10000,-10000
060818,上銀統一9C購01  ,0,0,0,0,0,0,0,0,0,-10000,0,0,0,35000,45000,-10000,-10000
060819,國巨統一9C購04  ,0,0,0,0,0,0,0,0,0,-10000,0,0,0,0,10000,-10000,-10000
059209,華通元大99購08  ,0,0,0,0,0,0,0,0,0,-10000,0,0,0,0,10000,-10000,-10000
058296,明泰凱基99購01  ,0,0,0,0,0,0,0,0,0,-10000,0,0,0,0,10000,-10000,-10000
058346,嘉晶群益99購01  ,0,0,0,0,0,0,0,0,0,-10000,0,0,0,0,10000,-10000,-10000
059255,臺股指凱基99購33,0,0,0,0,0,0,0,0,0,-10000,0,0,0,0,10000,-10000,-10000
059256,臺股指凱基99購34,0,0,0,0,0,0,0,0,0,-10000,0,0,0,0,10000,-10000,-10000
057786,聯發科國票98購05,0,0,0,0,0,0,0,0,0,-10000,0,0,0,0,10000,-10000,-10000
057831,聯發科元富02購04,0,0,0,0,0,0,0,0,0,-10000,0,0,0,0,10000,-10000,-10000
057544,鴻海凱基02購01  ,0,0,0,0,0,0,0,0,0,-10000,0,0,0,5000,15000,-10000,-10000
057534,旭富元大98購01  ,0,0,0,0,0,0,0,0,0,-10000,0,0,0,4000,14000,-10000,-10000
058477,億光凱基9A購01  ,0,0,0,0,0,0,0,0,0,-10000,0,0,0,0,10000,-10000,-10000
058484,元金2X國票04購01,0,0,0,0,0,0,0,0,0,-10000,0,0,0,0,10000,-10000,-10000
058502,鴻海元大99購13  ,0,0,0,0,0,0,0,0,0,-10000,0,0,0,0,10000,-10000,-10000
059558,T50正2凱基9C購03,0,0,0,0,0,0,0,0,0,-10000,0,0,0,0,10000,-10000,-10000
058533,玉晶光元富99購01,0,0,0,0,0,0,0,0,0,-10000,0,0,0,0,10000,-10000,-10000
060487,盛群富邦9B購01  ,0,0,0,0,0,0,0,0,0,-10000,0,0,0,0,10000,-10000,-10000
060458,華通元大9A購02  ,0,0,0,0,0,0,0,0,0,-10000,0,0,0,0,10000,-10000,-10000
060462,鴻海元大9A購10  ,0,0,0,0,0,0,0,0,0,-10000,0,0,0,0,10000,-10000,-10000
060473,中租元大9A購03  ,0,0,0,0,0,0,0,0,0,-10000,0,0,0,0,10000,-10000,-10000
059458,鎧勝永豐99購01  ,0,0,0,0,0,0,0,0,0,-10000,0,0,0,0,10000,-10000,-10000
059435,大立光元大99購17,0,0,0,0,0,0,0,0,0,-10000,0,0,0,3000,13000,-10000,-10000
059318,旺宏元大99購13  ,0,0,0,0,0,0,0,0,0,-10000,0,0,0,0,10000,-10000,-10000
059324,智易元大99購04  ,0,0,0,0,0,0,0,0,0,-10000,0,0,0,0,10000,-10000,-10000
059355,國巨富邦9B購03  ,0,0,0,0,0,0,0,0,0,-10000,0,0,0,0,10000,-10000,-10000
060425,凌華永豐9A購01  ,0,0,0,0,0,0,0,0,0,-10000,0,0,0,0,10000,-10000,-10000
058775,台積電國票9A購02,0,0,0,0,0,0,0,0,0,-10000,0,0,0,2000,12000,-10000,-10000
058740,T50反1日盛9B購02,0,0,0,0,0,0,0,0,0,-10000,0,0,0,0,10000,-10000,-10000
058934,台灣50中信03購03,0,0,0,0,0,0,0,0,0,-10000,0,0,0,70000,80000,-10000,-10000
063325,SP黃豆國票9C購02,0,0,0,0,0,0,0,0,0,-10000,0,0,0,10000,20000,-10000,-10000
063385,可成中信9C購01  ,0,0,0,0,0,0,0,0,0,-10000,0,0,0,15000,25000,-10000,-10000
063366,台表科富邦9C購02,0,0,0,0,0,0,0,0,0,-10000,0,0,0,10000,20000,-10000,-10000
063360,茂林國泰9C購02  ,0,0,0,0,0,0,0,0,0,-10000,0,0,0,104000,114000,-10000,-10000
059701,國巨凱基9A購09  ,0,0,0,0,0,0,0,0,0,-10000,0,0,0,0,10000,-10000,-10000
059723,美律元大9A購02  ,0,0,0,0,0,0,0,0,0,-10000,0,0,0,0,10000,-10000,-10000
057601,中磊群益98購01  ,0,0,0,0,0,0,0,0,0,-10000,0,0,0,0,10000,-10000,-10000
057655,奇力新中信98購05,0,0,0,0,0,0,0,0,0,-10000,0,0,0,0,10000,-10000,-10000
057657,國巨兆豐98購04  ,0,0,0,0,0,0,0,0,0,-10000,0,0,0,0,10000,-10000,-10000
059648,台表科凱基99購03,0,0,0,0,0,0,0,0,0,-10000,0,0,0,0,10000,-10000,-10000
06440P,台積電凱基98售07,0,0,0,0,0,0,0,0,0,-10000,0,0,0,0,10000,-10000,-10000
064350,茂林元大01購01  ,0,0,0,0,0,0,0,0,0,-10000,0,0,0,0,10000,-10000,-10000
064259,矽格富邦9C購01  ,0,0,0,0,0,0,0,0,0,-10000,0,0,0,0,10000,-10000,-10000
064237,奇鋐統一01購01  ,0,0,0,0,0,0,0,0,0,-10000,0,0,0,0,10000,-10000,-10000
064155,大立光統一01購05,0,0,0,0,0,0,0,0,0,-10000,0,0,0,0,10000,-10000,-10000
064198,超眾群益9C購01  ,0,0,0,0,0,0,0,0,0,-10000,0,0,0,31000,41000,-10000,-10000
064612,聯電元大01購01  ,0,0,0,0,0,0,0,0,0,-10000,0,0,0,22000,32000,-10000,-10000
064656,聚陽元大9C購03  ,0,0,0,0,0,0,0,0,0,-10000,0,0,0,0,10000,-10000,-10000
064609,滬深2X元大9C購12,0,0,0,0,0,0,0,0,0,-10000,0,0,0,0,10000,-10000,-10000
064601,嘉晶元富9C購03  ,0,0,0,0,0,0,0,0,0,-10000,0,0,0,0,10000,-10000,-10000
064556,華通群益02購02  ,0,0,0,0,0,0,0,0,0,-10000,0,0,0,0,10000,-10000,-10000
064697,健策群益01購02  ,0,0,0,0,0,0,0,0,0,-10000,0,0,0,5000,15000,-10000,-10000
06502P,A50中信98售01   ,0,0,0,0,0,0,0,0,0,-10000,0,0,0,0,10000,-10000,-10000
06554P,臺股指元大99售06,0,0,0,0,0,0,0,0,0,-10000,0,0,0,0,10000,-10000,-10000
06660P,大立光富邦9B售03,0,0,0,0,0,0,0,0,0,-10000,0,0,0,0,10000,-10000,-10000
063603,友達凱基9B購05  ,0,0,0,0,0,0,0,0,0,-10000,0,0,0,0,10000,-10000,-10000
063607,中租凱基9B購02  ,0,0,0,0,0,0,0,0,0,-10000,0,0,0,0,10000,-10000,-10000
063726,鴻海元大9B購04  ,0,0,0,0,0,0,0,0,0,-10000,0,0,0,0,10000,-10000,-10000
063918,復盛凱基9C購01  ,0,0,0,0,0,0,0,0,0,-10000,0,0,0,15000,25000,-10000,-10000
063981,貿聯兆豐9C購01  ,0,0,0,0,0,0,0,0,0,-10000,0,0,0,0,10000,-10000,-10000
064066,達新永豐9C購01  ,0,0,0,0,0,0,0,0,0,-10000,0,0,0,0,10000,-10000,-10000
064077,台積電中信06購03,0,0,0,0,0,0,0,0,0,-10000,0,0,0,105000,115000,-10000,-10000
07761P,智邦永豐9A售03  ,0,0,0,0,0,0,0,0,0,-10000,0,0,0,0,10000,-10000,-10000
07759P,臺股指富邦9A售04,0,0,0,0,0,0,0,0,0,-10000,0,0,0,0,10000,-10000,-10000
07785P,鴻海中信04售03  ,0,0,0,0,0,0,0,0,0,-10000,0,0,0,0,10000,-10000,-10000
07653P,華新科群益9A售05,0,0,0,0,0,0,0,0,0,-10000,0,0,0,0,10000,-10000,-10000
07703P,玉晶光中信9B售03,0,0,0,0,0,0,0,0,0,-10000,0,0,0,0,10000,-10000,-10000
07878P,智邦群益9C售01  ,0,0,0,0,0,0,0,0,0,-10000,0,0,0,0,10000,-10000,-10000
07872P,聯發科群益9B售03,0,0,0,0,0,0,0,0,0,-10000,0,0,0,0,10000,-10000,-10000
07846P,台灣50群益9A售17,0,0,0,0,0,0,0,0,0,-10000,0,0,0,0,10000,-10000,-10000
08245P,台灣50群益9C售05,0,0,0,0,0,0,0,0,0,-10000,0,0,0,10000,20000,-10000,-10000
08257P,台積電元大9C售04,0,0,0,0,0,0,0,0,0,-10000,0,0,0,0,10000,-10000,-10000
061446,鴻海中信04購01  ,0,0,0,0,0,0,0,0,0,-10000,0,0,0,0,10000,-10000,-10000
061454,國巨凱基9A購16  ,0,0,0,0,0,0,0,0,0,-10000,0,0,0,0,10000,-10000,-10000
06720P,智邦亞東99售01  ,0,0,0,0,0,0,0,0,0,-10000,0,0,0,0,10000,-10000,-10000
07092P,上銀凱基99售03  ,0,0,0,0,0,0,0,0,0,-10000,0,0,0,0,10000,-10000,-10000
06942P,台灣50台新02售01,0,0,0,0,0,0,0,0,0,-10000,0,0,0,0,10000,-10000,-10000
07006P,旺宏統一9B售03  ,0,0,0,0,0,0,0,0,0,-10000,0,0,0,5000,15000,-10000,-10000
07001P,國巨元大99售12  ,0,0,0,0,0,0,0,0,0,-10000,0,0,0,0,10000,-10000,-10000
07469P,台達電元大9A售01,0,0,0,0,0,0,0,0,0,-10000,0,0,0,0,10000,-10000,-10000
07253P,台灣50凱基9A售05,0,0,0,0,0,0,0,0,0,-10000,0,0,0,8000,18000,-10000,-10000
07260P,台灣50元大9A售01,0,0,0,0,0,0,0,0,0,-10000,0,0,0,0,10000,-10000,-10000
07282P,聯發科凱基99售17,0,0,0,0,0,0,0,0,0,-10000,0,0,0,0,10000,-10000,-10000
07183P,臺股指凱基99售25,0,0,0,0,0,0,0,0,0,-10000,0,0,0,40000,50000,-10000,-10000
07178P,臺股指凱基99售20,0,0,0,0,0,0,0,0,0,-10000,0,0,0,0,10000,-10000,-10000
3043,科風            ,0,10000,-10000,0,0,0,0,0,0,0,0,0,0,0,0,0,-10000
6416,瑞祺電通        ,364000,212000,152000,0,0,0,0,174000,-174000,12000,76000,79000,-3000,37000,22000,15000,-10000
061672,臺指反元大01購05,0,0,0,0,0,0,0,0,0,-11000,0,0,0,0,11000,-11000,-11000
061380,巨大永豐9A購02  ,0,0,0,0,0,0,0,0,0,-11000,0,0,0,0,11000,-11000,-11000
061942,亞德客群益9B購01,0,0,0,0,0,0,0,0,0,-11000,0,0,0,1000,12000,-11000,-11000
061976,國巨元大9B購01  ,0,0,0,0,0,0,0,0,0,-11000,0,0,0,0,11000,-11000,-11000
062990,台積電群益9B購06,0,0,0,0,0,0,0,0,0,-11000,0,0,0,13000,24000,-11000,-11000
061207,美律元大9A購04  ,0,0,0,0,0,0,0,0,0,-11000,0,0,0,0,11000,-11000,-11000
062503,玉晶光群益01購03,0,0,0,0,0,0,0,0,0,-11000,0,0,0,8000,19000,-11000,-11000
062639,臻鼎國票9C購01  ,0,0,0,0,0,0,0,0,0,-11000,0,0,0,35000,46000,-11000,-11000
062643,緯穎國票9B購01  ,0,0,0,0,0,0,0,0,0,-11000,0,0,0,6000,17000,-11000,-11000
062432,上銀元大9B購04  ,0,0,0,0,0,0,0,0,0,-11000,0,0,0,0,11000,-11000,-11000
060990,新光金元大9B購03,0,0,0,0,0,0,0,0,0,-11000,0,0,0,1000,12000,-11000,-11000
061010,上銀麥證9A購02  ,0,0,0,10000,21000,-11000,0,0,0,-11000,0,0,0,10000,21000,-11000,-11000
061539,國巨群益9B購03  ,0,0,0,0,0,0,0,0,0,-11000,0,0,0,0,11000,-11000,-11000
062381,上銀國泰9C購01  ,0,0,0,0,0,0,0,0,0,-11000,0,0,0,0,11000,-11000,-11000
06249P,億光統一97售02  ,0,0,0,0,0,0,0,0,0,-11000,0,0,0,0,11000,-11000,-11000
062494,中石化中信9C購01,0,0,0,0,0,0,0,0,0,-11000,0,0,0,0,11000,-11000,-11000
062457,京元電群益9B購01,0,0,0,0,0,0,0,0,0,-11000,0,0,0,0,11000,-11000,-11000
055196,致新元富97購01  ,0,0,0,0,0,0,0,0,0,-11000,0,0,0,81000,92000,-11000,-11000
056366,玉晶光元大99購04,0,0,0,0,0,0,0,0,0,-11000,0,0,0,5000,16000,-11000,-11000
053338,台光電國票97購01,0,0,0,0,0,0,0,0,0,-11000,0,0,0,0,11000,-11000,-11000
057084,立積統一9B購01  ,0,0,0,0,0,0,0,0,0,-11000,0,0,0,0,11000,-11000,-11000
057151,易華電國票99購01,0,0,0,0,0,0,0,0,0,-11000,0,0,0,0,11000,-11000,-11000
056232,瑞儀凱基98購01  ,0,0,0,0,0,0,0,0,0,-11000,0,0,0,60000,71000,-11000,-11000
055821,勤誠國票98購01  ,0,0,0,0,0,0,0,0,0,-11000,0,0,0,27000,38000,-11000,-11000
055796,南電國泰98購01  ,0,0,0,0,0,0,0,0,0,-11000,0,0,0,0,11000,-11000,-11000
059660,華新科元大9A購04,0,0,0,0,0,0,0,0,0,-11000,0,0,0,0,11000,-11000,-11000
063157,鴻海台新9B購02  ,0,0,0,0,0,0,0,0,0,-11000,0,0,0,0,11000,-11000,-11000
063180,台塑凱基9B購01  ,0,0,0,0,0,0,0,0,0,-11000,0,0,0,0,11000,-11000,-11000
063261,康控富邦03購01  ,0,0,0,0,0,0,0,0,0,-11000,0,0,0,10000,21000,-11000,-11000
063472,茂林元大9B購04  ,0,0,0,0,0,0,0,0,0,-11000,0,0,0,0,11000,-11000,-11000
058970,鴻海永豐99購02  ,0,0,0,0,0,0,0,0,0,-11000,0,0,0,0,11000,-11000,-11000
058622,國巨國票99購07  ,0,0,0,0,0,0,0,0,0,-11000,0,0,0,6000,17000,-11000,-11000
058670,鴻海群益9A購03  ,0,0,0,0,0,0,0,0,0,-11000,0,0,0,0,11000,-11000,-11000
060490,華新科台新9A購01,0,0,0,0,0,0,0,0,0,-11000,0,0,0,0,11000,-11000,-11000
060811,亞德客凱基9A購02,0,0,0,0,0,0,0,0,0,-11000,0,0,0,0,11000,-11000,-11000
059283,康友永豐99購02  ,0,0,0,0,0,0,0,0,0,-11000,0,0,0,2000,13000,-11000,-11000
059091,中信金元大99購01,0,0,0,0,0,0,0,0,0,-11000,0,0,0,0,11000,-11000,-11000
058200,世芯康和99購01  ,0,40000,-40000,0,0,0,0,0,0,29000,0,0,0,749000,720000,29000,-11000
060339,國巨統一01購01  ,0,0,0,0,0,0,0,0,0,-11000,0,0,0,30000,41000,-11000,-11000
060622,玉晶光元大9B購02,0,0,0,0,0,0,0,0,0,-11000,0,0,0,0,11000,-11000,-11000
060624,玉晶光元大9C購02,0,0,0,0,0,0,0,0,0,-11000,0,0,0,5000,16000,-11000,-11000
07524P,臺股指中信9B售06,0,0,0,0,0,0,0,0,0,-11000,0,0,0,0,11000,-11000,-11000
07895P,美律元大9B售01  ,0,0,0,0,0,0,0,0,0,-11000,0,0,0,124000,135000,-11000,-11000
064051,新日興統一01購01,0,0,0,0,0,0,0,0,0,-11000,0,0,0,0,11000,-11000,-11000
064021,國巨元大9C購15  ,0,0,0,0,0,0,0,0,0,-11000,0,0,0,0,11000,-11000,-11000
064011,嘉晶國票9C購01  ,0,0,0,0,0,0,0,0,0,-11000,0,0,0,1000,12000,-11000,-11000
063800,玉晶光凱基9C購02,0,0,0,0,0,0,0,0,0,-11000,0,0,0,66000,77000,-11000,-11000
063534,鴻海統一9B購07  ,0,0,0,0,0,0,0,0,0,-11000,0,0,0,2000,13000,-11000,-11000
8114,振樺電          ,12000,25000,-13000,0,0,0,0,0,0,2000,2000,0,2000,0,0,0,-11000
8070,長華*           ,17000,31000,-14000,0,0,0,0,0,0,3000,3000,0,3000,0,0,0,-11000
2887F,台新戊特二      ,0,0,0,0,0,0,0,0,0,-11000,0,11000,-11000,0,0,0,-11000
3583,辛耘            ,52000,64000,-12000,0,0,0,0,0,0,1000,1000,0,1000,0,0,0,-11000
4766,南寶            ,41000,53000,-12000,0,0,0,0,0,0,1000,1000,0,1000,0,0,0,-11000
062282,禾伸堂群益9B購01,0,0,0,0,0,0,0,0,0,-12000,0,0,0,0,12000,-12000,-12000
062089,矽創元大9B購02  ,0,0,0,0,0,0,0,0,0,-12000,0,0,0,10000,22000,-12000,-12000
061015,旺宏麥證9A購03  ,0,0,0,0,12000,-12000,0,0,0,-12000,0,0,0,0,12000,-12000,-12000
060984,南亞科元大9A購07,0,0,0,0,0,0,0,0,0,-12000,0,0,0,0,12000,-12000,-12000
062874,微星兆豐9B購01  ,0,0,0,0,0,0,0,0,0,-12000,0,0,0,17000,29000,-12000,-12000
061587,美律富邦9A購02  ,0,0,0,0,0,0,0,0,0,-12000,0,0,0,0,12000,-12000,-12000
062989,鴻海群益9B購07  ,0,0,0,0,0,0,0,0,0,-12000,0,0,0,0,12000,-12000,-12000
062538,台積電國泰9C購02,0,0,0,0,0,0,0,0,0,-12000,0,0,0,5000,17000,-12000,-12000
061822,和潤群益9B購01  ,0,0,0,0,0,0,0,0,0,-12000,0,0,0,34000,46000,-12000,-12000
1225,福懋油          ,17000,29000,-12000,0,0,0,0,0,0,0,0,0,0,0,0,0,-12000
1323,永裕            ,4000,14000,-10000,0,0,0,0,0,0,-2000,0,2000,-2000,0,0,0,-12000
056126,台郡國票98購02  ,0,0,0,0,0,0,0,0,0,-12000,0,0,0,0,12000,-12000,-12000
059049,元油2X凱基9A購12,0,0,0,0,0,0,0,0,0,-12000,0,0,0,0,12000,-12000,-12000
060892,超眾統一9C購01  ,0,0,0,0,0,0,0,0,0,-12000,0,0,0,0,12000,-12000,-12000
056484,聯茂元大98購02  ,0,0,0,0,0,0,0,0,0,-12000,0,0,0,0,12000,-12000,-12000
054152,漢唐國泰98購02  ,0,0,0,0,0,0,0,0,0,-12000,0,0,0,0,12000,-12000,-12000
056277,上銀富邦99購02  ,0,0,0,0,0,0,0,0,0,-12000,0,0,0,10000,22000,-12000,-12000
053980,泰鼎元大97購02  ,0,0,0,0,0,0,0,0,0,-12000,0,0,0,0,12000,-12000,-12000
00737,國泰AI+Robo     ,22000,93000,-71000,0,0,0,0,0,0,59000,0,0,0,129000,70000,59000,-12000
059784,台光電元大9A購01,0,0,0,0,0,0,0,0,0,-12000,0,0,0,0,12000,-12000,-12000
060097,華新科元大99購23,0,0,0,0,0,0,0,0,0,-12000,0,0,0,0,12000,-12000,-12000
060121,新光金富邦99購01,0,0,0,0,0,0,0,0,0,-12000,0,0,0,28000,40000,-12000,-12000
059276,可成元大99購06  ,0,0,0,0,0,0,0,0,0,-12000,0,0,0,6000,18000,-12000,-12000
058396,力山元大99購01  ,0,0,0,0,0,0,0,0,0,-12000,0,0,0,20000,32000,-12000,-12000
057936,健策群益99購01  ,0,0,0,0,0,0,0,0,0,-12000,0,0,0,11000,23000,-12000,-12000
058011,台虹國票99購01  ,0,0,0,0,0,0,0,0,0,-12000,0,0,0,1000,13000,-12000,-12000
058023,南電凱基98購02  ,0,0,0,0,0,0,0,0,0,-12000,0,0,0,225000,237000,-12000,-12000
058063,旺宏中信98購04  ,0,0,0,0,0,0,0,0,0,-12000,0,0,0,0,12000,-12000,-12000
060857,旭富富邦9B購01  ,0,0,0,0,0,0,0,0,0,-12000,0,0,0,29000,41000,-12000,-12000
060526,台積電中信9A購02,0,0,0,0,0,0,0,0,0,-12000,0,0,0,1000,13000,-12000,-12000
060533,臺股指中信9B購05,0,0,0,0,0,0,0,0,0,-12000,0,0,0,0,12000,-12000,-12000
057836,南亞科國泰9A購01,0,0,0,0,0,0,0,0,0,-12000,0,0,0,8000,20000,-12000,-12000
057819,新日興元大99購01,0,0,0,0,0,0,0,0,0,-12000,0,0,0,0,12000,-12000,-12000
059436,大立光元大99購18,0,0,0,0,0,0,0,0,0,-12000,0,0,0,0,12000,-12000,-12000
063599,智邦凱基9B購04  ,0,0,0,0,0,0,0,0,0,-12000,0,0,0,0,12000,-12000,-12000
063817,GIS群益9C購01   ,0,0,0,0,0,0,0,0,0,-12000,0,0,0,0,12000,-12000,-12000
064129,新日興元大9C購02,0,0,0,0,0,0,0,0,0,-12000,0,0,0,0,12000,-12000,-12000
064114,南茂國票01購01  ,0,0,0,0,0,0,0,0,0,-12000,0,0,0,82000,94000,-12000,-12000
064508,力成元大9C購03  ,0,0,0,0,0,0,0,0,0,-12000,0,0,0,0,12000,-12000,-12000
064192,巨大中信9C購01  ,0,0,0,0,0,0,0,0,0,-12000,0,0,0,163000,175000,-12000,-12000
064407,貿聯凱基02購02  ,0,0,0,0,0,0,0,0,0,-12000,0,0,0,0,12000,-12000,-12000
07916P,臺股指元大9B售22,0,0,0,0,0,0,0,0,0,-12000,0,0,0,0,12000,-12000,-12000
06705P,臻鼎元富98售03  ,0,0,0,0,0,0,0,0,0,-12000,0,0,0,143000,155000,-12000,-12000
06691P,臺股指群益9C售05,0,0,0,0,0,0,0,0,0,-12000,0,0,0,8000,20000,-12000,-12000
06844P,智邦元大98售13  ,0,0,0,0,0,0,0,0,0,-12000,0,0,0,20000,32000,-12000,-12000
06897P,FBVIX群益01售01 ,0,0,0,0,0,0,0,0,0,-12000,0,0,0,0,12000,-12000,-12000
8473,山林水          ,13000,10000,3000,0,0,0,0,0,0,-15000,0,15000,-15000,0,0,0,-12000
1507,永大            ,29000,42000,-13000,0,0,0,0,0,0,0,0,0,0,0,0,0,-13000
2233,宇隆            ,33000,47000,-14000,0,0,0,0,0,0,1000,1000,0,1000,0,0,0,-13000
061850,國巨國票9C購02  ,0,0,0,0,0,0,0,0,0,-13000,0,0,0,0,13000,-13000,-13000
062718,技嘉凱基9B購01  ,0,0,0,0,0,0,0,0,0,-13000,0,0,0,36000,49000,-13000,-13000
062830,玉晶光群益01購05,0,0,0,0,0,0,0,0,0,-13000,0,0,0,0,13000,-13000,-13000
061213,群創元大9A購05  ,0,0,0,0,0,0,0,0,0,-13000,0,0,0,0,13000,-13000,-13000
061003,南亞科兆豐9A購01,0,0,0,0,0,0,0,0,0,-13000,0,0,0,1000,14000,-13000,-13000
062408,致新永豐9B購01  ,0,0,0,0,0,0,0,0,0,-13000,0,0,0,73000,86000,-13000,-13000
061566,華通元大9A購10  ,0,0,0,0,0,0,0,0,0,-13000,0,0,0,112000,125000,-13000,-13000
062235,億光凱基9B購01  ,0,0,0,0,0,0,0,0,0,-13000,0,0,0,46000,59000,-13000,-13000
03674C,臺股指元富9C牛02,0,0,0,0,0,0,0,0,0,-13000,0,0,0,0,13000,-13000,-13000
057284,新日興元大98購03,0,0,0,0,0,0,0,0,0,-13000,0,0,0,0,13000,-13000,-13000
057494,玉晶光元大99購09,0,0,0,0,0,0,0,0,0,-13000,0,0,0,12000,25000,-13000,-13000
056516,晶豪科兆豐98購01,0,0,0,0,0,0,0,0,0,-13000,0,0,0,0,13000,-13000,-13000
057549,台光電凱基98購05,0,0,0,0,0,0,0,0,0,-13000,0,0,0,0,13000,-13000,-13000
058750,緯穎凱基9A購03  ,0,0,0,0,0,0,0,0,0,-13000,0,0,0,25000,38000,-13000,-13000
063142,奇力新統一9C購04,0,0,0,0,0,0,0,0,0,-13000,0,0,0,30000,43000,-13000,-13000
060565,大立光富邦01購01,0,0,0,0,0,0,0,0,0,-13000,0,0,0,7000,20000,-13000,-13000
058373,晶技凱基99購02  ,0,0,0,0,0,0,0,0,0,-13000,0,0,0,10000,23000,-13000,-13000
060044,大立光群益99購09,0,0,0,0,0,0,0,0,0,-13000,0,0,0,0,13000,-13000,-13000
059762,禾伸堂永豐99購02,0,0,0,0,0,0,0,0,0,-13000,0,0,0,17000,30000,-13000,-13000
059856,昇陽半永豐99購03,0,0,0,0,0,0,0,0,0,-13000,0,0,0,47000,60000,-13000,-13000
059852,康控永豐99購02  ,0,0,0,0,0,0,0,0,0,-13000,0,0,0,85000,98000,-13000,-13000
059143,國巨國票9A購04  ,0,0,0,0,0,0,0,0,0,-13000,0,0,0,33000,46000,-13000,-13000
07090P,台灣50凱基01售01,0,0,0,0,0,0,0,0,0,-13000,0,0,0,2000,15000,-13000,-13000
061437,燿華凱基9A購01  ,0,0,0,0,0,0,0,0,0,-13000,0,0,0,349000,362000,-13000,-13000
064220,力山國票01購01  ,0,0,0,0,0,0,0,0,0,-13000,0,0,0,0,13000,-13000,-13000
064046,聯發科統一9C購12,0,0,0,0,0,0,0,0,0,-13000,0,0,0,11000,24000,-13000,-13000
063904,大立光麥證01購01,0,0,0,0,13000,-13000,0,0,0,-13000,0,0,0,0,13000,-13000,-13000
063740,矽格元大9B購03  ,0,0,0,0,0,0,0,0,0,-13000,0,0,0,1000,14000,-13000,-13000
063636,聯發科元大9B購26,0,0,0,0,0,0,0,0,0,-13000,0,0,0,215000,228000,-13000,-13000
063556,儒鴻元大9B購02  ,0,0,0,0,0,0,0,0,0,-13000,0,0,0,105000,118000,-13000,-13000
063568,高鐵元大9B購01  ,0,0,0,0,0,0,0,0,0,-13000,0,0,0,112000,125000,-13000,-13000
9930,中聯資源        ,11000,24000,-13000,0,0,0,0,0,0,0,0,0,0,0,0,0,-13000
3305,昇貿            ,7000,25000,-18000,0,0,0,0,0,0,5000,5000,0,5000,0,0,0,-13000
062488,台光電永豐9B購02,0,0,0,0,0,0,0,0,0,-14000,0,0,0,0,14000,-14000,-14000
062642,帆宣國票9B購01  ,0,0,0,0,0,0,0,0,0,-14000,0,0,0,1000,15000,-14000,-14000
062177,上銀元大9B購02  ,0,0,0,0,0,0,0,0,0,-14000,0,0,0,0,14000,-14000,-14000
061204,國巨元大9A購16  ,0,0,0,0,0,0,0,0,0,-14000,0,0,0,1000,15000,-14000,-14000
062698,台積電元大01購01,0,0,0,0,0,0,0,0,0,-14000,0,0,0,154000,168000,-14000,-14000
062733,巨大凱基9B購01  ,0,0,0,0,0,0,0,0,0,-14000,0,0,0,6000,20000,-14000,-14000
062736,漢唐國票9B購01  ,0,0,0,0,0,0,0,0,0,-14000,0,0,0,0,14000,-14000,-14000
062790,臺股指元大9B購33,0,0,0,0,0,0,0,0,0,-14000,0,0,0,0,14000,-14000,-14000
061962,台積電統一01購03,0,0,0,0,0,0,0,0,0,-14000,0,0,0,4000,18000,-14000,-14000
061770,泰碩元大9B購02  ,0,0,0,0,0,0,0,0,0,-14000,0,0,0,26000,40000,-14000,-14000
062144,華通國票9B購01  ,0,0,0,0,0,0,0,0,0,-14000,0,0,0,0,14000,-14000,-14000
062506,巨大群益9C購01  ,0,0,0,0,0,0,0,0,0,-14000,0,0,0,122000,136000,-14000,-14000
08405P,聯發科元大9C售11,0,0,0,0,0,0,0,0,0,-14000,0,0,0,6000,20000,-14000,-14000
057524,旺宏元大99購04  ,0,0,0,0,0,0,0,0,0,-14000,0,0,0,50000,64000,-14000,-14000
056621,宏達電永豐98購01,0,0,0,0,0,0,0,0,0,-14000,0,0,0,2000,16000,-14000,-14000
056614,智邦永豐98購01  ,0,0,0,0,0,0,0,0,0,-14000,0,0,0,7000,21000,-14000,-14000
060881,玉山金中信02購01,0,0,0,0,0,0,0,0,0,-14000,0,0,0,79000,93000,-14000,-14000
056786,亞光群益98購03  ,0,0,0,0,0,0,0,0,0,-14000,0,0,0,16000,30000,-14000,-14000
056776,聯茂元大99購01  ,0,0,0,0,0,0,0,0,0,-14000,0,0,0,0,14000,-14000,-14000
054259,健策元大97購03  ,0,0,0,0,0,0,0,0,0,-14000,0,0,0,0,14000,-14000,-14000
054817,聯發科元大97購13,0,0,0,0,0,0,0,0,0,-14000,0,0,0,0,14000,-14000,-14000
054538,台光電國票98購01,0,0,0,0,0,0,0,0,0,-14000,0,0,0,0,14000,-14000,-14000
051659,力山國泰97購01  ,0,0,0,0,0,0,0,0,0,-14000,0,0,0,22000,36000,-14000,-14000
060619,玉晶光元大9A購03,0,0,0,0,0,0,0,0,0,-14000,0,0,0,2000,16000,-14000,-14000
060747,聯鈞國票9A購02  ,0,0,0,0,0,0,0,0,0,-14000,0,0,0,24000,38000,-14000,-14000
059814,SP黃豆凱基9A購02,0,0,0,0,0,0,0,0,0,-14000,0,0,0,72000,86000,-14000,-14000
060106,旭富元大99購02  ,0,0,0,0,0,0,0,0,0,-14000,0,0,0,49000,63000,-14000,-14000
060582,玉晶光群益9C購01,0,0,0,0,0,0,0,0,0,-14000,0,0,0,0,14000,-14000,-14000
059719,台積電元大99購42,0,0,0,0,0,0,0,0,0,-14000,0,0,0,3000,17000,-14000,-14000
063498,金像電永豐9B購02,0,0,0,0,0,0,0,0,0,-14000,0,0,0,16000,30000,-14000,-14000
059459,訊芯永豐99購04  ,0,0,0,0,0,0,0,0,0,-14000,0,0,0,3000,17000,-14000,-14000
060485,華新科富邦9C購04,0,0,0,0,0,0,0,0,0,-14000,0,0,0,20000,34000,-14000,-14000
063762,緯穎統一9C購01  ,0,0,0,0,0,0,0,0,0,-14000,0,0,0,26000,40000,-14000,-14000
063861,南亞科國泰02購01,0,0,0,0,0,0,0,0,0,-14000,0,0,0,0,14000,-14000,-14000
064410,超眾凱基02購01  ,0,0,0,0,0,0,0,0,0,-14000,0,0,0,37000,51000,-14000,-14000
064299,宏碁兆豐9C購01  ,0,0,0,0,0,0,0,0,0,-14000,0,0,0,85000,99000,-14000,-14000
064584,英業達永豐9C購01,0,0,0,0,0,0,0,0,0,-14000,0,0,0,0,14000,-14000,-14000
06490P,鴻海富邦99售02  ,0,0,0,0,0,0,0,0,0,-14000,0,0,0,6000,20000,-14000,-14000
08407P,臺股指元大9C售13,0,0,0,0,0,0,0,0,0,-15000,0,0,0,0,15000,-15000,-15000
08351P,南六國票01售02  ,0,0,0,0,0,0,0,0,0,-15000,0,0,0,5000,20000,-15000,-15000
1506,正道            ,18000,33000,-15000,0,0,0,0,0,0,0,0,0,0,0,0,0,-15000
2441,超豐            ,92000,116000,-24000,0,0,0,0,1000,-1000,10000,10000,0,10000,0,0,0,-15000
062509,SP黃豆國票9B購03,0,0,0,0,0,0,0,0,0,-15000,0,0,0,0,15000,-15000,-15000
061750,台達電台新9B購01,0,0,0,0,0,0,0,0,0,-15000,0,0,0,15000,30000,-15000,-15000
061979,友達元大9C購08  ,0,0,0,0,0,0,0,0,0,-15000,0,0,0,12000,27000,-15000,-15000
06186P,鴻海統一97售02  ,0,0,0,0,0,0,0,0,0,-15000,0,0,0,0,15000,-15000,-15000
062731,力成凱基9B購02  ,0,0,0,0,0,0,0,0,0,-15000,0,0,0,0,15000,-15000,-15000
061202,和大元大9A購02  ,0,0,0,0,0,0,0,0,0,-15000,0,0,0,76000,91000,-15000,-15000
061193,玉晶光永豐9B購02,0,0,0,0,0,0,0,0,0,-15000,0,0,0,0,15000,-15000,-15000
061335,國巨元大9A購19  ,0,0,0,0,0,0,0,0,0,-15000,0,0,0,0,15000,-15000,-15000
061333,華通元大9A購08  ,0,0,0,0,0,0,0,0,0,-15000,0,0,0,1000,16000,-15000,-15000
061619,大立光群益9B購01,0,0,0,0,0,0,0,0,0,-15000,0,0,0,9000,24000,-15000,-15000
062632,嘉晶國票9B購01  ,0,0,0,0,0,0,0,0,0,-15000,0,0,0,1000,16000,-15000,-15000
06260P,臺股指群益97售13,0,0,0,0,0,0,0,0,0,-15000,0,0,0,0,15000,-15000,-15000
062610,啟碁凱基9B購01  ,0,0,0,0,0,0,0,0,0,-15000,0,0,0,40000,55000,-15000,-15000
062238,臻鼎凱基9C購01  ,0,0,0,0,0,0,0,0,0,-15000,0,0,0,26000,41000,-15000,-15000
062372,旭富元大9B購01  ,0,0,0,0,0,0,0,0,0,-15000,0,0,0,42000,57000,-15000,-15000
052367,聯茂國票96購02  ,0,0,0,0,0,0,0,0,0,-15000,0,0,0,20000,35000,-15000,-15000
00753L,中信中國50正2   ,0,0,0,0,0,0,0,0,0,-15000,0,0,0,336000,351000,-15000,-15000
055136,聯發科富邦99購06,0,0,0,0,0,0,0,0,0,-15000,0,0,0,39000,54000,-15000,-15000
055085,大毅國票97購01  ,0,0,0,0,0,0,0,0,0,-15000,0,0,0,5000,20000,-15000,-15000
055112,晶豪科凱基98購01,0,0,0,0,0,0,0,0,0,-15000,0,0,0,0,15000,-15000,-15000
052847,漢唐統一99購01  ,0,0,0,0,0,0,0,0,0,-15000,0,0,0,8000,23000,-15000,-15000
049973,T50反1日盛9A購01,0,0,0,0,0,0,0,0,0,-15000,0,0,0,0,15000,-15000,-15000
054532,強茂國泰98購01  ,0,0,0,0,0,0,0,0,0,-15000,0,0,0,0,15000,-15000,-15000
054826,復盛元大9A購01  ,0,0,0,0,0,0,0,0,0,-15000,0,0,0,0,15000,-15000,-15000
056364,亞光元大99購02  ,0,0,0,0,0,0,0,0,0,-15000,0,0,0,0,15000,-15000,-15000
056392,玉晶光富邦9C購01,0,0,0,0,0,0,0,0,0,-15000,0,0,0,6000,21000,-15000,-15000
053997,健策群益97購02  ,0,0,0,0,0,0,0,0,0,-15000,0,0,0,11000,26000,-15000,-15000
057363,華通元大99購02  ,0,0,0,0,0,0,0,0,0,-15000,0,0,0,1000,16000,-15000,-15000
056904,大立光元大99購05,0,0,0,0,0,0,0,0,0,-15000,0,0,0,14000,29000,-15000,-15000
056992,祥碩兆豐98購01  ,0,0,0,0,0,0,0,0,0,-15000,0,0,0,34000,49000,-15000,-15000
056971,麗豐永豐98購01  ,0,0,0,0,0,0,0,0,0,-15000,0,0,0,50000,65000,-15000,-15000
057478,智邦元大99購01  ,0,0,0,0,0,0,0,0,0,-15000,0,0,0,0,15000,-15000,-15000
057444,台泥元富98購01  ,0,0,0,0,0,0,0,0,0,-15000,0,0,0,70000,85000,-15000,-15000
057136,立積凱基98購02  ,0,0,0,0,0,0,0,0,0,-15000,0,0,0,0,15000,-15000,-15000
057042,台積電元大98購10,0,0,0,0,0,0,0,0,0,-15000,0,0,0,10000,25000,-15000,-15000
056680,華通統一98購04  ,0,0,0,0,0,0,0,0,0,-15000,0,0,0,0,15000,-15000,-15000
060934,台汽電永豐9A購02,0,0,0,0,0,0,0,0,0,-15000,0,0,0,185000,200000,-15000,-15000
060222,貿聯凱基9A購02  ,0,0,0,0,0,0,0,0,0,-15000,0,0,0,0,15000,-15000,-15000
05901P,臺股指凱基9C售01,0,0,0,0,0,0,0,0,0,-15000,0,0,0,0,15000,-15000,-15000
058159,健策台新9A購01  ,0,0,0,0,0,0,0,0,0,-15000,0,0,0,25000,40000,-15000,-15000
060240,富邦金元大9A購01,0,0,0,0,0,0,0,0,0,-15000,0,0,0,67000,82000,-15000,-15000
056119,欣興群益97購02  ,0,0,0,0,0,0,0,0,0,-15000,0,0,0,15000,30000,-15000,-15000
056144,GIS元大98購01   ,0,0,0,0,0,0,0,0,0,-15000,0,0,0,11000,26000,-15000,-15000
056576,晶技元大99購02  ,0,0,0,0,0,0,0,0,0,-15000,0,0,0,0,15000,-15000,-15000
060463,台積電元大9A購10,0,0,0,0,0,0,0,0,0,-15000,0,0,0,2000,17000,-15000,-15000
060469,台勝科元大9A購02,0,0,0,0,0,0,0,0,0,-15000,0,0,0,0,15000,-15000,-15000
059467,旺宏元大99購15  ,0,0,0,0,0,0,0,0,0,-15000,0,0,0,0,15000,-15000,-15000
058771,神達兆豐99購01  ,0,0,0,0,0,0,0,0,0,-15000,0,0,0,0,15000,-15000,-15000
058782,臺股指國票99購01,0,0,0,0,0,0,0,0,0,-15000,0,0,0,0,15000,-15000,-15000
060412,儒鴻永豐9A購01  ,0,0,0,0,0,0,0,0,0,-15000,0,0,0,15000,30000,-15000,-15000
060430,和潤永豐9A購01  ,0,0,0,0,0,0,0,0,0,-15000,0,0,0,88000,103000,-15000,-15000
058634,可成兆豐99購03  ,0,0,0,0,0,0,0,0,0,-15000,0,0,0,0,15000,-15000,-15000
058850,華新科群益99購03,0,0,0,0,0,0,0,0,0,-15000,0,0,0,1000,16000,-15000,-15000
063439,正隆統一01購01  ,0,0,0,0,0,0,0,0,0,-15000,0,0,0,20000,35000,-15000,-15000
063316,聯發科群益9C購03,0,0,0,0,0,0,0,0,0,-15000,0,0,0,23000,38000,-15000,-15000
063312,台積電群益9B購07,0,0,0,0,0,0,0,0,0,-15000,0,0,0,4000,19000,-15000,-15000
058608,華新科元大99購13,0,0,0,0,0,0,0,0,0,-15000,0,0,0,1000,16000,-15000,-15000
057619,玉晶光凱基98購02,0,0,0,0,0,0,0,0,0,-15000,0,0,0,1000,16000,-15000,-15000
059213,國巨元大99購19  ,0,0,0,0,0,0,0,0,0,-15000,0,0,0,4000,19000,-15000,-15000
058398,中環元大99購02  ,0,0,0,0,0,0,0,0,0,-15000,0,0,0,40000,55000,-15000,-15000
058410,國巨兆豐99購03  ,0,0,0,0,0,0,0,0,0,-15000,0,0,0,9000,24000,-15000,-15000
058428,大立光元富99購02,0,0,0,0,0,0,0,0,0,-15000,0,0,0,0,15000,-15000,-15000
058437,可成統一9B購01  ,0,0,0,0,0,0,0,0,0,-15000,0,0,0,0,15000,-15000,-15000
059334,A50正2國票9A購02,0,0,0,0,0,0,0,0,0,-15000,0,0,0,5000,20000,-15000,-15000
057977,台光電永豐98購02,0,0,0,0,0,0,0,0,0,-15000,0,0,0,3000,18000,-15000,-15000
057890,滬深反統一98購01,0,0,0,0,0,0,0,0,0,-15000,0,0,0,0,15000,-15000,-15000
059913,台積電元大99購44,0,0,0,0,0,0,0,0,0,-15000,0,0,0,1000,16000,-15000,-15000
060700,華新科國泰9C購01,0,0,0,0,0,0,0,0,0,-15000,0,0,0,10000,25000,-15000,-15000
060710,上銀永豐9A購01  ,0,0,0,0,0,0,0,0,0,-15000,0,0,0,0,15000,-15000,-15000
060667,力成凱基9A購01  ,0,0,0,0,0,0,0,0,0,-15000,0,0,0,20000,35000,-15000,-15000
058184,鴻海永豐99購01  ,0,0,0,0,0,0,0,0,0,-15000,0,0,0,0,15000,-15000,-15000
06603P,立積統一99售01  ,0,0,0,0,0,0,0,0,0,-15000,0,0,0,12000,27000,-15000,-15000
064674,鈺齊元大9C購01  ,0,0,0,0,0,0,0,0,0,-15000,0,0,0,0,15000,-15000,-15000
064481,技嘉永豐9C購01  ,0,0,0,0,0,0,0,0,0,-15000,0,0,0,50000,65000,-15000,-15000
06424P,大成鋼永豐97售01,0,0,0,0,0,0,0,0,0,-15000,0,0,0,37000,52000,-15000,-15000
064287,日月光元大9C購01,0,0,0,0,0,0,0,0,0,-15000,0,0,0,0,15000,-15000,-15000
063882,玉晶光元富9C購01,0,0,0,0,0,0,0,0,0,-15000,0,0,0,10000,25000,-15000,-15000
063716,旺宏兆豐9B購01  ,0,0,0,0,0,0,0,0,0,-15000,0,0,0,0,15000,-15000,-15000
062022,緯穎永豐9B購01  ,0,0,0,0,0,0,0,0,0,-15000,0,0,0,5000,20000,-15000,-15000
07965P,玉晶光群益01售02,0,0,0,0,0,0,0,0,0,-15000,0,0,0,35000,50000,-15000,-15000
07623P,大立光統一9B售05,0,0,0,0,0,0,0,0,0,-15000,0,0,0,5000,20000,-15000,-15000
06898P,FBVIX群益9C售03 ,0,0,0,0,0,0,0,0,0,-15000,0,0,0,0,15000,-15000,-15000
06841P,臺股指統一9A售02,0,0,0,0,0,0,0,0,0,-15000,0,0,0,15000,30000,-15000,-15000
06788P,臺股指元大98售05,0,0,0,0,0,0,0,0,0,-15000,0,0,0,0,15000,-15000,-15000
07543P,台積電凱基9A售17,0,0,0,0,0,0,0,0,0,-15000,0,0,0,0,15000,-15000,-15000
07558P,玉晶光元大9A售10,0,0,0,0,0,0,0,0,0,-15000,0,0,0,5000,20000,-15000,-15000
07208P,台積電凱基99售14,0,0,0,0,0,0,0,0,0,-15000,0,0,0,72000,87000,-15000,-15000
07135P,臺股指元大9A售29,0,0,0,0,0,0,0,0,0,-15000,0,0,0,4000,19000,-15000,-15000
3504,揚明光          ,53000,28000,25000,0,0,0,0,0,0,-40000,3000,0,3000,0,43000,-43000,-15000
5225,東科-KY         ,39000,55000,-16000,0,0,0,0,0,0,1000,1000,0,1000,0,0,0,-15000
062389,台表科國泰01購01,0,0,0,0,0,0,0,0,0,-16000,0,0,0,35000,51000,-16000,-16000
062287,康友群益9B購02  ,0,0,0,0,0,0,0,0,0,-16000,0,0,0,13000,29000,-16000,-16000
062618,祥碩元大9B購04  ,0,0,0,0,0,0,0,0,0,-16000,0,0,0,13000,29000,-16000,-16000
062203,燿華國票9C購01  ,0,0,0,0,0,0,0,0,0,-16000,0,0,0,56000,72000,-16000,-16000
062204,京元電國票9C購01,0,0,0,0,0,0,0,0,0,-16000,0,0,0,80000,96000,-16000,-16000
061305,帆宣永豐9A購01  ,0,0,0,0,0,0,0,0,0,-16000,0,0,0,27000,43000,-16000,-16000
062939,奇力新凱基9B購02,0,0,0,0,0,0,0,0,0,-16000,0,0,0,0,16000,-16000,-16000
062520,晶豪科元大9B購02,0,0,0,0,0,0,0,0,0,-16000,0,0,0,16000,32000,-16000,-16000
061813,鴻海群益9B購02  ,0,0,0,0,0,0,0,0,0,-16000,0,0,0,0,16000,-16000,-16000
061676,新光金元大9A購03,0,0,0,0,0,0,0,0,0,-16000,0,0,0,0,16000,-16000,-16000
061683,台灣50群益9B購09,0,0,0,0,0,0,0,0,0,-16000,0,0,0,0,16000,-16000,-16000
2029,盛餘            ,8000,24000,-16000,0,0,0,0,0,0,0,0,0,0,0,0,0,-16000
1582,信錦            ,77000,94000,-17000,0,0,0,0,0,0,1000,1000,0,1000,0,0,0,-16000
08332P,智邦台新9C售03  ,0,0,0,0,0,0,0,0,0,-16000,0,0,0,9000,25000,-16000,-16000
08333P,大立光富邦02售03,0,0,0,0,0,0,0,0,0,-16000,0,0,0,35000,51000,-16000,-16000
08426P,奇力新國票01售01,0,0,0,0,0,0,0,0,0,-16000,0,0,0,0,16000,-16000,-16000
056128,和大中信99購01  ,0,0,0,0,0,0,0,0,0,-16000,0,0,0,4000,20000,-16000,-16000
056219,T50反1日盛02購01,0,0,0,0,0,0,0,0,0,-16000,0,0,0,0,16000,-16000,-16000
060244,大立光元大9B購02,0,0,0,0,0,0,0,0,0,-16000,0,0,0,18000,34000,-16000,-16000
057056,立積元大99購02  ,0,0,0,0,0,0,0,0,0,-16000,0,0,0,0,16000,-16000,-16000
057447,智邦元富02購01  ,0,0,0,0,0,0,0,0,0,-16000,0,0,0,98000,114000,-16000,-16000
056335,微星凱基98購01  ,0,0,0,0,0,0,0,0,0,-16000,0,0,0,0,16000,-16000,-16000
056411,緯穎國票99購01  ,0,0,0,0,0,0,0,0,0,-16000,0,0,0,21000,37000,-16000,-16000
057327,玉晶光群益9A購04,0,0,0,0,0,0,0,0,0,-16000,0,0,0,3000,19000,-16000,-16000
054789,高鐵群益98購01  ,0,0,0,0,0,0,0,0,0,-16000,0,0,0,102000,118000,-16000,-16000
053627,宏碁兆豐97購01  ,0,0,0,0,0,0,0,0,0,-16000,0,0,0,30000,46000,-16000,-16000
052987,華新科元大99購01,0,0,0,0,0,0,0,0,0,-16000,0,0,0,0,16000,-16000,-16000
053084,國巨元大98購01  ,0,0,0,0,0,0,0,0,0,-16000,0,0,0,0,16000,-16000,-16000
03012X,元展12          ,0,0,0,0,0,0,0,0,0,-16000,0,0,0,0,16000,-16000,-16000
00673R,元大S&P原油反1  ,20000,2000,18000,0,0,0,0,0,0,-34000,0,0,0,692000,726000,-34000,-16000
03428B,臺股指凱基97熊18,0,0,0,0,0,0,0,0,0,-16000,0,0,0,4000,20000,-16000,-16000
060364,奇力新元富9A購01,0,0,0,0,0,0,0,0,0,-16000,0,0,0,0,16000,-16000,-16000
060333,金寶康和9A購01  ,0,0,0,0,0,0,0,0,0,-16000,0,0,0,0,16000,-16000,-16000
060315,易華電永豐9A購01,0,0,0,0,0,0,0,0,0,-16000,0,0,0,96000,112000,-16000,-16000
059148,百和國票9A購01  ,0,0,0,0,0,0,0,0,0,-16000,0,0,0,0,16000,-16000,-16000
059954,華新科康和99購01,0,0,0,0,0,0,0,0,0,-16000,0,0,0,10000,26000,-16000,-16000
059790,立積元大9C購02  ,0,0,0,0,0,0,0,0,0,-16000,0,0,0,0,16000,-16000,-16000
058368,奇鋐凱基9A購01  ,0,0,0,0,0,0,0,0,0,-16000,0,0,0,2000,18000,-16000,-16000
060524,國巨中信9A購03  ,0,0,0,0,0,0,0,0,0,-16000,0,0,0,0,16000,-16000,-16000
058571,緯穎凱基9A購02  ,0,0,0,0,0,0,0,0,0,-16000,0,0,0,20000,36000,-16000,-16000
059689,南亞科永豐99購02,0,0,0,0,0,0,0,0,0,-16000,0,0,0,16000,32000,-16000,-16000
063247,信邦元大9B購02  ,0,0,0,0,0,0,0,0,0,-16000,0,0,0,0,16000,-16000,-16000
059003,中壽元大99購01  ,0,0,0,0,0,0,0,0,0,-16000,0,0,0,0,16000,-16000,-16000
07143P,FBVIX元大99售02 ,0,0,0,0,0,0,0,0,0,-16000,0,0,0,0,16000,-16000,-16000
063754,道瓊指統一9B購01,0,0,0,0,0,0,0,0,0,-16000,0,0,0,0,16000,-16000,-16000
063841,國巨元大01購01  ,0,0,0,0,0,0,0,0,0,-16000,0,0,0,1000,17000,-16000,-16000
063973,緯穎國票9C購01  ,0,0,0,0,0,0,0,0,0,-16000,0,0,0,34000,50000,-16000,-16000
064283,奇鋐元大9C購02  ,0,0,0,0,0,0,0,0,0,-16000,0,0,0,0,16000,-16000,-16000
064225,健策國票01購02  ,0,0,0,0,0,0,0,0,0,-16000,0,0,0,4000,20000,-16000,-16000
064346,貿聯元大01購01  ,0,0,0,0,0,0,0,0,0,-16000,0,0,0,0,16000,-16000,-16000
1203,味王            ,3000,20000,-17000,0,0,0,0,0,0,0,0,0,0,0,0,0,-17000
2023,燁輝            ,191000,209000,-18000,0,0,0,0,0,0,1000,1000,0,1000,0,0,0,-17000
2423,固緯            ,5000,27000,-22000,0,0,0,0,0,0,5000,5000,0,5000,0,0,0,-17000
061594,玉晶光永豐9A購08,0,0,0,0,0,0,0,0,0,-17000,0,0,0,30000,47000,-17000,-17000
061559,南亞科國票9A購02,0,0,0,0,0,0,0,0,0,-17000,0,0,0,5000,22000,-17000,-17000
062270,上銀群益9B購03  ,0,0,0,0,0,0,0,0,0,-17000,0,0,0,0,17000,-17000,-17000
062088,緯穎元大9B購04  ,0,0,0,0,0,0,0,0,0,-17000,0,0,0,58000,75000,-17000,-17000
062314,玉晶光凱基9B購06,0,0,0,0,0,0,0,0,0,-17000,0,0,0,31000,48000,-17000,-17000
02001L,富邦蘋果正二N   ,0,0,0,0,0,0,0,0,0,-17000,0,0,0,10000,27000,-17000,-17000
054710,東元元富97購01  ,0,0,0,0,0,0,0,0,0,-17000,0,0,0,38000,55000,-17000,-17000
057318,台光電凱基9A購01,0,0,0,0,0,0,0,0,0,-17000,0,0,0,101000,118000,-17000,-17000
056309,合勤控元大97購01,0,0,0,0,0,0,0,0,0,-17000,0,0,0,51000,68000,-17000,-17000
057396,健鼎中信99購01  ,0,0,0,0,0,0,0,0,0,-17000,0,0,0,85000,102000,-17000,-17000
056214,義隆國票99購01  ,0,0,0,0,0,0,0,0,0,-17000,0,0,0,28000,45000,-17000,-17000
056264,聯發科統一98購02,0,0,0,0,0,0,0,0,0,-17000,0,0,0,5000,22000,-17000,-17000
060394,欣興麥證9A購01  ,0,0,0,10000,27000,-17000,0,0,0,-17000,0,0,0,10000,27000,-17000,-17000
059649,矽力凱基99購02  ,0,0,0,0,0,0,0,0,0,-17000,0,0,0,0,17000,-17000,-17000
057843,晶技永豐98購02  ,0,0,0,0,0,0,0,0,0,-17000,0,0,0,30000,47000,-17000,-17000
057927,勤誠凱基98購01  ,0,0,0,0,0,0,0,0,0,-17000,0,0,0,10000,27000,-17000,-17000
058019,美律凱基99購04  ,0,0,0,0,0,0,0,0,0,-17000,0,0,0,12000,29000,-17000,-17000
059850,日電貿永豐99購01,0,0,0,0,0,0,0,0,0,-17000,0,0,0,0,17000,-17000,-17000
060955,大立光群益9A購02,0,0,0,0,0,0,0,0,0,-17000,0,0,0,0,17000,-17000,-17000
059155,台表科日盛99購01,0,0,0,0,0,0,0,0,0,-17000,0,0,0,3000,20000,-17000,-17000
060637,玉晶光永豐9A購03,0,0,0,0,0,0,0,0,0,-17000,0,0,0,0,17000,-17000,-17000
060610,玉晶光凱基9B購02,0,0,0,0,0,0,0,0,0,-17000,0,0,0,22000,39000,-17000,-17000
064326,裕隆元大9C購01  ,0,0,0,0,0,0,0,0,0,-17000,0,0,0,0,17000,-17000,-17000
064160,新日興統一01購03,0,0,0,0,0,0,0,0,0,-17000,0,0,0,0,17000,-17000,-17000
064486,聚陽元大9C購01  ,0,0,0,0,0,0,0,0,0,-17000,0,0,0,10000,27000,-17000,-17000
06666P,台積電日盛9A售02,0,0,0,0,0,0,0,0,0,-17000,0,0,0,0,17000,-17000,-17000
06560P,台積電統一98售07,0,0,0,0,0,0,0,0,0,-17000,0,0,0,10000,27000,-17000,-17000
06712P,臺股指台新99售09,0,0,0,0,0,0,0,0,0,-17000,0,0,0,0,17000,-17000,-17000
061480,泰碩元大9B購01  ,0,0,0,0,0,0,0,0,0,-17000,0,0,0,53000,70000,-17000,-17000
3617,碩天            ,40000,58000,-18000,0,0,0,0,0,0,1000,1000,0,1000,0,0,0,-17000
3312,弘憶股          ,76000,91000,-15000,0,0,0,0,0,0,-2000,1000,3000,-2000,0,0,0,-17000
2849,安泰銀          ,13000,30000,-17000,0,0,0,0,0,0,0,0,0,0,0,0,0,-17000
062306,華通凱基9B購01  ,0,0,0,0,0,0,0,0,0,-18000,0,0,0,40000,58000,-18000,-18000
062303,台表科中信01購01,0,0,0,0,0,0,0,0,0,-18000,0,0,0,20000,38000,-18000,-18000
062156,美律凱基9B購01  ,0,0,0,0,0,0,0,0,0,-18000,0,0,0,2000,20000,-18000,-18000
08400P,美律元富9C售02  ,0,0,0,0,0,0,0,0,0,-18000,0,0,0,0,18000,-18000,-18000
061363,儒鴻國票9B購01  ,0,0,0,0,0,0,0,0,0,-18000,0,0,0,3000,21000,-18000,-18000
061143,道瓊指中信9C購04,0,0,0,0,0,0,0,0,0,-18000,0,0,0,0,18000,-18000,-18000
062559,嘉晶凱基9B購02  ,0,0,0,0,0,0,0,0,0,-18000,0,0,0,0,18000,-18000,-18000
061985,富邦金元大9B購01,0,0,0,0,0,0,0,0,0,-18000,0,0,0,6000,24000,-18000,-18000
055844,大毅元大98購01  ,0,0,0,0,0,0,0,0,0,-18000,0,0,0,16000,34000,-18000,-18000
056890,國巨元大98購11  ,0,0,0,0,0,0,0,0,0,-18000,0,0,0,87000,105000,-18000,-18000
055647,義隆元富97購01  ,0,0,0,0,0,0,0,0,0,-18000,0,0,0,0,18000,-18000,-18000
054060,晶技國票97購02  ,0,0,0,0,0,0,0,0,0,-18000,0,0,0,0,18000,-18000,-18000
060679,聯詠元大9A購04  ,0,0,0,0,0,0,0,0,0,-18000,0,0,0,9000,27000,-18000,-18000
059120,致伸永豐99購01  ,0,0,0,0,0,0,0,0,0,-18000,0,0,0,0,18000,-18000,-18000
059862,全新群益99購04  ,0,0,0,0,0,0,0,0,0,-18000,0,0,0,40000,58000,-18000,-18000
059924,世紀鋼元大99購06,0,0,0,0,0,0,0,0,0,-18000,0,0,0,10000,28000,-18000,-18000
060032,利勤永豐99購01  ,0,0,0,0,0,0,0,0,0,-18000,0,0,0,2000,20000,-18000,-18000
057690,美律凱基99購03  ,0,0,0,0,0,0,0,0,0,-18000,0,0,0,2000,20000,-18000,-18000
057650,力成元大98購04  ,0,0,0,0,0,0,0,0,0,-18000,0,0,0,0,18000,-18000,-18000
057682,台積電日盛9A購03,0,0,0,0,0,0,0,0,0,-18000,0,0,0,20000,38000,-18000,-18000
063367,GIS富邦9B購01   ,0,0,0,0,0,0,0,0,0,-18000,0,0,0,2000,20000,-18000,-18000
063384,巨大永豐9B購04  ,0,0,0,0,0,0,0,0,0,-18000,0,0,0,145000,163000,-18000,-18000
058847,國巨群益99購05  ,0,0,0,0,0,0,0,0,0,-18000,0,0,0,2000,20000,-18000,-18000
05887P,友達元富99售03  ,0,0,0,0,0,0,0,0,0,-18000,0,0,0,34000,52000,-18000,-18000
058699,楠梓電元大99購02,0,0,0,0,0,0,0,0,0,-18000,0,0,0,50000,68000,-18000,-18000
060504,技嘉元大9A購02  ,0,0,0,0,0,0,0,0,0,-18000,0,0,0,84000,102000,-18000,-18000
060509,宏達電元大9A購02,0,0,0,0,0,0,0,0,0,-18000,0,0,0,86000,104000,-18000,-18000
07218P,臺股指凱基99售31,0,0,0,0,0,0,0,0,0,-18000,0,0,0,488000,506000,-18000,-18000
07249P,T50正2富邦03售02,0,0,0,0,0,0,0,0,0,-18000,0,0,0,0,18000,-18000,-18000
07293P,臺股指凱基99售45,0,0,0,0,0,0,0,0,0,-18000,0,0,0,2000,20000,-18000,-18000
06602P,國巨統一99售02  ,0,0,0,0,0,0,0,0,0,-18000,0,0,0,12000,30000,-18000,-18000
064640,和大凱基03購01  ,0,0,0,0,0,0,0,0,0,-18000,0,0,0,0,18000,-18000,-18000
064436,聯發科凱基03購02,0,0,0,0,0,0,0,0,0,-18000,0,0,0,22000,40000,-18000,-18000
063965,漢唐國票01購01  ,0,0,0,0,0,0,0,0,0,-18000,0,0,0,0,18000,-18000,-18000
6672,騰輝電子-KY     ,78000,94000,-16000,0,0,0,0,0,0,-2000,1000,3000,-2000,0,0,0,-18000
061874,義隆元大9B購02  ,0,0,0,0,0,0,0,0,0,-19000,0,0,0,0,19000,-19000,-19000
061735,上銀凱基9B購01  ,0,0,0,0,0,0,0,0,0,-19000,0,0,0,0,19000,-19000,-19000
061408,華新科國票9A購06,0,0,0,0,0,0,0,0,0,-19000,0,0,0,0,19000,-19000,-19000
1319,東陽            ,394000,423000,-29000,0,0,0,0,0,0,10000,18000,8000,10000,0,0,0,-19000
062434,華通元大9B購04  ,0,0,0,0,0,0,0,0,0,-19000,0,0,0,59000,78000,-19000,-19000
060982,旺宏元大9A購09  ,0,0,0,0,0,0,0,0,0,-19000,0,0,0,5000,24000,-19000,-19000
062186,晶技元大9B購05  ,0,0,0,0,0,0,0,0,0,-19000,0,0,0,68000,87000,-19000,-19000
062212,臻鼎台新9B購01  ,0,0,0,0,0,0,0,0,0,-19000,0,0,0,1000,20000,-19000,-19000
062500,國巨群益01購01  ,0,0,0,0,0,0,0,0,0,-19000,0,0,0,3000,22000,-19000,-19000
063121,友達元大9C購09  ,0,0,0,0,0,0,0,0,0,-19000,0,0,0,53000,72000,-19000,-19000
062697,國巨元大9C購01  ,0,0,0,0,0,0,0,0,0,-19000,0,0,0,38000,57000,-19000,-19000
057331,台積電國票99購04,0,0,0,0,0,0,0,0,0,-19000,0,0,0,14000,33000,-19000,-19000
054258,牧德元大97購01  ,0,0,0,0,0,0,0,0,0,-19000,0,0,0,1000,20000,-19000,-19000
055230,大毅國票98購01  ,0,0,0,0,0,0,0,0,0,-19000,0,0,0,1000,20000,-19000,-19000
050633,義隆群益96購02  ,0,0,0,0,0,0,0,0,0,-19000,0,0,0,1000,20000,-19000,-19000
050754,元金2X元富9B購01,0,0,0,0,0,0,0,0,0,-19000,0,0,0,0,19000,-19000,-19000
055615,宏達電國票99購02,0,0,0,0,0,0,0,0,0,-19000,0,0,0,11000,30000,-19000,-19000
055668,欣興群益97購01  ,0,0,0,0,0,0,0,0,0,-19000,0,0,0,31000,50000,-19000,-19000
056023,晶豪科群益97購01,0,0,0,0,0,0,0,0,0,-19000,0,0,0,100000,119000,-19000,-19000
059068,台虹國票9A購01  ,0,0,0,0,0,0,0,0,0,-19000,0,0,0,122000,141000,-19000,-19000
058821,泰鼎國泰9B購01  ,0,0,0,0,0,0,0,0,0,-19000,0,0,0,0,19000,-19000,-19000
058947,SGBR2X群益9B購02,0,0,0,0,0,0,0,0,0,-19000,0,0,0,10000,29000,-19000,-19000
063332,矽格國票9B購01  ,0,0,0,0,0,0,0,0,0,-19000,0,0,0,0,19000,-19000,-19000
063326,正隆國票9B購01  ,0,0,0,0,0,0,0,0,0,-19000,0,0,0,0,19000,-19000,-19000
063269,儒鴻兆豐9C購01  ,0,0,0,0,0,0,0,0,0,-19000,0,0,0,0,19000,-19000,-19000
063240,聯發科元大9B購17,0,0,0,0,0,0,0,0,0,-19000,0,0,0,12000,31000,-19000,-19000
057803,上銀元大98購08  ,0,0,0,0,0,0,0,0,0,-19000,0,0,0,10000,29000,-19000,-19000
060847,康控國票9A購01  ,0,0,0,0,0,0,0,0,0,-19000,0,0,0,35000,54000,-19000,-19000
059926,世紀鋼國泰9B購01,0,0,0,0,0,0,0,0,0,-19000,0,0,0,0,19000,-19000,-19000
059997,華航元富99購01  ,0,0,0,0,0,0,0,0,0,-19000,0,0,0,1000,20000,-19000,-19000
063951,新日興元大9C購01,0,0,0,0,0,0,0,0,0,-19000,0,0,0,0,19000,-19000,-19000
064134,瑞祺元大9C購02  ,0,0,0,0,0,0,0,0,0,-19000,0,0,0,37000,56000,-19000,-19000
064098,正崴群益9C購01  ,0,0,0,0,0,0,0,0,0,-19000,0,0,0,0,19000,-19000,-19000
063685,鴻海永豐9B購03  ,0,0,0,0,0,0,0,0,0,-19000,0,0,0,0,19000,-19000,-19000
063609,南電凱基9B購05  ,0,0,0,0,0,0,0,0,0,-19000,0,0,0,34000,53000,-19000,-19000
063654,上銀元富9B購05  ,0,0,0,0,0,0,0,0,0,-19000,0,0,0,0,19000,-19000,-19000
064428,裕隆凱基02購01  ,0,0,0,0,0,0,0,0,0,-19000,0,0,0,0,19000,-19000,-19000
06449P,台積電元大98售09,0,0,0,0,0,0,0,0,0,-19000,0,0,0,484000,503000,-19000,-19000
06617P,智邦元大98售03  ,0,0,0,0,0,0,0,0,0,-19000,0,0,0,50000,69000,-19000,-19000
07674P,金融類元大9A售01,0,0,0,0,0,0,0,0,0,-19000,0,0,0,4000,23000,-19000,-19000
07871P,台積電群益9C售02,0,0,0,0,0,0,0,0,0,-19000,0,0,0,11000,30000,-19000,-19000
062721,美律凱基9B購02  ,0,0,0,0,0,0,0,0,0,-20000,0,0,0,0,20000,-20000,-20000
062894,道瓊銀元大9B購02,0,0,0,0,0,0,0,0,0,-20000,0,0,0,0,20000,-20000,-20000
063117,聯茂麥證9B購01  ,0,0,0,27000,47000,-20000,0,0,0,-20000,0,0,0,27000,47000,-20000,-20000
063096,勤誠國票9B購02  ,0,0,0,0,0,0,0,0,0,-20000,0,0,0,0,20000,-20000,-20000
061601,台積電凱基9A購26,0,0,0,0,0,0,0,0,0,-20000,0,0,0,0,20000,-20000,-20000
061068,祥碩凱基9B購01  ,0,0,0,0,0,0,0,0,0,-20000,0,0,0,0,20000,-20000,-20000
061288,大立光統一9C購01,0,0,0,0,0,0,0,0,0,-20000,0,0,0,0,20000,-20000,-20000
062316,康控凱基9B購03  ,0,0,0,0,0,0,0,0,0,-20000,0,0,0,0,20000,-20000,-20000
062347,台光電群益9B購02,0,0,0,0,0,0,0,0,0,-20000,0,0,0,0,20000,-20000,-20000
062340,力成麥證9B購01  ,0,0,0,0,20000,-20000,0,0,0,-20000,0,0,0,0,20000,-20000,-20000
062099,牧德永豐9B購01  ,0,0,0,0,0,0,0,0,0,-20000,0,0,0,0,20000,-20000,-20000
06216P,上銀元富97售03  ,0,0,0,0,0,0,0,0,0,-20000,0,0,0,80000,100000,-20000,-20000
062588,國巨統一9B購14  ,0,0,0,0,0,0,0,0,0,-20000,0,0,0,0,20000,-20000,-20000
061502,嘉澤國票9A購02  ,0,0,0,0,0,0,0,0,0,-20000,0,0,0,5000,25000,-20000,-20000
08414P,超眾凱基9C售02  ,0,0,0,0,0,0,0,0,0,-20000,0,0,0,0,20000,-20000,-20000
1522,堤維西          ,208000,234000,-26000,0,0,0,0,0,0,6000,1000,0,1000,5000,0,5000,-20000
061409,力成國票9A購02  ,0,0,0,0,0,0,0,0,0,-20000,0,0,0,0,20000,-20000,-20000
061417,力成群益9A購01  ,0,0,0,0,0,0,0,0,0,-20000,0,0,0,0,20000,-20000,-20000
061133,玉晶光第一9A購01,0,0,0,0,0,0,0,0,0,-20000,0,0,0,0,20000,-20000,-20000
06167P,欣興國票97售05  ,0,0,0,0,0,0,0,0,0,-20000,0,0,0,80000,100000,-20000,-20000
061809,聯發科統一9C購05,0,0,0,0,0,0,0,0,0,-20000,0,0,0,0,20000,-20000,-20000
061840,長榮航凱基9C購01,0,0,0,0,0,0,0,0,0,-20000,0,0,0,21000,41000,-20000,-20000
061744,超眾凱基9B購02  ,0,0,0,0,0,0,0,0,0,-20000,0,0,0,0,20000,-20000,-20000
061764,旺宏元大9B購01  ,0,0,0,0,0,0,0,0,0,-20000,0,0,0,0,20000,-20000,-20000
062008,南亞科國泰9C購01,0,0,0,0,0,0,0,0,0,-20000,0,0,0,52000,72000,-20000,-20000
061951,南電群益9B購01  ,0,0,0,0,0,0,0,0,0,-20000,0,0,0,31000,51000,-20000,-20000
061941,道瓊指群益9B購01,0,0,0,0,0,0,0,0,0,-20000,0,0,0,0,20000,-20000,-20000
060258,T50反1凱基9A購06,0,0,0,0,0,0,0,0,0,-20000,0,0,0,20000,40000,-20000,-20000
060252,緯穎元大9A購02  ,0,0,0,0,0,0,0,0,0,-20000,0,0,0,40000,60000,-20000,-20000
059071,元油2X元大9C購12,0,0,0,0,0,0,0,0,0,-20000,0,0,0,0,20000,-20000,-20000
060890,大立光統一01購01,0,0,0,0,0,0,0,0,0,-20000,0,0,0,10000,30000,-20000,-20000
056153,華新科凱基97購02,0,0,0,0,0,0,0,0,0,-20000,0,0,0,0,20000,-20000,-20000
056610,鴻海永豐98購01  ,0,0,0,0,0,0,0,0,0,-20000,0,0,0,0,20000,-20000,-20000
056588,聯發科統一9A購02,0,0,0,0,0,0,0,0,0,-20000,0,0,0,1000,21000,-20000,-20000
055651,富邦金元富97購01,0,0,0,0,0,0,0,0,0,-20000,0,0,0,0,20000,-20000,-20000
055635,緯穎永豐97購01  ,0,0,0,0,0,0,0,0,0,-20000,0,0,0,0,20000,-20000,-20000
055404,超眾元富97購01  ,0,0,0,0,0,0,0,0,0,-20000,0,0,0,0,20000,-20000,-20000
056719,台虹永豐98購01  ,0,0,0,0,0,0,0,0,0,-20000,0,0,0,0,20000,-20000,-20000
055341,台達電凱基97購02,0,0,0,0,0,0,0,0,0,-20000,0,0,0,0,20000,-20000,-20000
055351,聯發科凱基97購03,0,0,0,0,0,0,0,0,0,-20000,0,0,0,0,20000,-20000,-20000
055334,禾伸堂兆豐97購01,0,0,0,0,0,0,0,0,0,-20000,0,0,0,0,20000,-20000,-20000
055578,群創統一98購03  ,0,0,0,0,0,0,0,0,0,-20000,0,0,0,0,20000,-20000,-20000
056416,華新科中信98購01,0,0,0,0,0,0,0,0,0,-20000,0,0,0,0,20000,-20000,-20000
056969,智易永豐98購01  ,0,0,0,0,0,0,0,0,0,-20000,0,0,0,0,20000,-20000,-20000
057395,旺宏中信98購03  ,0,0,0,0,0,0,0,0,0,-20000,0,0,0,0,20000,-20000,-20000
057373,大立光元大98購17,0,0,0,0,0,0,0,0,0,-20000,0,0,0,0,20000,-20000,-20000
057123,上銀凱基98購05  ,0,0,0,0,0,0,0,0,0,-20000,0,0,0,0,20000,-20000,-20000
057154,易華電國泰99購01,0,0,0,0,0,0,0,0,0,-20000,0,0,0,0,20000,-20000,-20000
057055,立積元大99購01  ,0,0,0,0,0,0,0,0,0,-20000,0,0,0,101000,121000,-20000,-20000
057029,緯穎凱基98購04  ,0,0,0,0,0,0,0,0,0,-20000,0,0,0,0,20000,-20000,-20000
057093,臻鼎元富98購02  ,0,0,0,0,0,0,0,0,0,-20000,0,0,0,0,20000,-20000,-20000
057104,康友中信99購01  ,0,0,0,0,0,0,0,0,0,-20000,0,0,0,0,20000,-20000,-20000
050797,聯發科中信99購01,0,0,0,0,0,0,0,0,0,-20000,0,0,0,10000,30000,-20000,-20000
050641,上証反凱基96購01,0,0,0,0,0,0,0,0,0,-20000,0,0,0,0,20000,-20000,-20000
050493,聯發科永昌96購01,0,0,0,0,0,0,0,0,0,-20000,0,0,0,0,20000,-20000,-20000
051432,群創元富99購03  ,0,0,0,0,0,0,0,0,0,-20000,0,0,0,10000,30000,-20000,-20000
055002,群創元富99購04  ,0,0,0,0,0,0,0,0,0,-20000,0,0,0,10000,30000,-20000,-20000
055006,晶相光元富9A購01,0,0,0,0,0,0,0,0,0,-20000,0,0,0,0,20000,-20000,-20000
049406,T50反1日盛97購01,0,0,0,0,0,0,0,0,0,-20000,0,0,0,0,20000,-20000,-20000
049442,滬深2X統一99購01,0,0,0,0,0,0,0,0,0,-20000,0,0,0,0,20000,-20000,-20000
049463,華新科富邦97購01,0,0,0,0,0,0,0,0,0,-20000,0,0,0,0,20000,-20000,-20000
046191,新光金凱基98購01,0,0,0,0,0,0,0,0,0,-20000,0,0,0,0,20000,-20000,-20000
055093,京鼎群益98購01  ,0,0,0,0,0,0,0,0,0,-20000,0,0,0,30000,50000,-20000,-20000
055119,力成凱基98購01  ,0,0,0,0,0,0,0,0,0,-20000,0,0,0,0,20000,-20000,-20000
051510,新光金中信97購01,0,0,0,0,0,0,0,0,0,-20000,0,0,0,0,20000,-20000,-20000
052112,滬深2X中信99購01,0,0,0,0,0,0,0,0,0,-20000,0,0,0,0,20000,-20000,-20000
054349,同欣電國票97購02,0,0,0,0,0,0,0,0,0,-20000,0,0,0,70000,90000,-20000,-20000
05431P,台光電統一97售01,0,0,0,0,0,0,0,0,0,-20000,0,0,0,0,20000,-20000,-20000
054343,世紀鋼元富96購02,0,0,0,0,0,0,0,0,0,-20000,0,0,0,0,20000,-20000,-20000
054156,聯電亞東98購01  ,0,0,0,0,0,0,0,0,0,-20000,0,0,0,0,20000,-20000,-20000
053347,茂林國票98購01  ,0,0,0,0,0,0,0,0,0,-20000,0,0,0,0,20000,-20000,-20000
053438,玉晶光麥證97購02,0,0,0,0,20000,-20000,0,0,0,-20000,0,0,0,0,20000,-20000,-20000
054697,凌華永豐97購01  ,0,0,0,0,0,0,0,0,0,-20000,0,0,0,0,20000,-20000,-20000
054742,京鼎凱基99購01  ,0,0,0,0,0,0,0,0,0,-20000,0,0,0,4000,24000,-20000,-20000
05463P,創意國票96售04  ,0,0,0,0,0,0,0,0,0,-20000,0,0,0,0,20000,-20000,-20000
054844,華邦電兆豐98購01,0,0,0,0,0,0,0,0,0,-20000,0,0,0,0,20000,-20000,-20000
057346,鴻海統一98購13  ,0,0,0,0,0,0,0,0,0,-20000,0,0,0,1000,21000,-20000,-20000
056379,玉晶光元富98購01,0,0,0,0,0,0,0,0,0,-20000,0,0,0,2000,22000,-20000,-20000
057300,訊連永豐98購01  ,0,0,0,0,0,0,0,0,0,-20000,0,0,0,0,20000,-20000,-20000
057314,全新麥證98購01  ,0,0,0,0,20000,-20000,0,0,0,-20000,0,0,0,0,20000,-20000,-20000
057288,聯茂元大98購03  ,0,0,0,0,0,0,0,0,0,-20000,0,0,0,0,20000,-20000,-20000
057198,智伸科統一9B購01,0,0,0,0,0,0,0,0,0,-20000,0,0,0,13000,33000,-20000,-20000
057260,微星兆豐98購01  ,0,0,0,0,0,0,0,0,0,-20000,0,0,0,10000,30000,-20000,-20000
057241,超眾凱基99購02  ,0,0,0,0,0,0,0,0,0,-20000,0,0,0,0,20000,-20000,-20000
057236,聯詠凱基98購03  ,0,0,0,0,0,0,0,0,0,-20000,0,0,0,0,20000,-20000,-20000
057231,美律凱基98購05  ,0,0,0,0,0,0,0,0,0,-20000,0,0,0,20000,40000,-20000,-20000
053994,微星群益96購01  ,0,0,0,0,0,0,0,0,0,-20000,0,0,0,0,20000,-20000,-20000
053834,卜蜂永豐96購01  ,0,0,0,0,0,0,0,0,0,-20000,0,0,0,10000,30000,-20000,-20000
053705,滬深2X凱基99購01,0,0,0,0,0,0,0,0,0,-20000,0,0,0,0,20000,-20000,-20000
059934,華通永豐99購02  ,0,0,0,0,0,0,0,0,0,-20000,0,0,0,0,20000,-20000,-20000
059877,康控凱基99購05  ,0,0,0,0,0,0,0,0,0,-20000,0,0,0,0,20000,-20000,-20000
060948,可成第一9A購01  ,0,0,0,0,0,0,0,0,0,-20000,0,0,0,0,20000,-20000,-20000
060065,大立光兆豐9B購01,0,0,0,0,0,0,0,0,0,-20000,0,0,0,0,20000,-20000,-20000
060056,大立光凱基9B購01,0,0,0,0,0,0,0,0,0,-20000,0,0,0,0,20000,-20000,-20000
059821,美律凱基99購08  ,0,0,0,0,0,0,0,0,0,-20000,0,0,0,0,20000,-20000,-20000
059117,禾伸堂永豐99購01,0,0,0,0,0,0,0,0,0,-20000,0,0,0,0,20000,-20000,-20000
060370,滬深2X元富04購01,0,0,0,0,0,0,0,0,0,-20000,0,0,0,0,20000,-20000,-20000
058212,華新科群益9A購01,0,0,0,0,0,0,0,0,0,-20000,0,0,0,0,20000,-20000,-20000
058261,大立光富邦03購01,0,0,0,0,0,0,0,0,0,-20000,0,0,0,0,20000,-20000,-20000
060687,GIS元大9A購01   ,0,0,0,0,0,0,0,0,0,-20000,0,0,0,0,20000,-20000,-20000
060744,鴻海國票9A購04  ,0,0,0,0,0,0,0,0,0,-20000,0,0,0,10000,30000,-20000,-20000
060621,玉晶光元大9A購05,0,0,0,0,0,0,0,0,0,-20000,0,0,0,35000,55000,-20000,-20000
060609,玉晶光凱基9B購01,0,0,0,0,0,0,0,0,0,-20000,0,0,0,2000,22000,-20000,-20000
060646,南電永豐9A購01  ,0,0,0,0,0,0,0,0,0,-20000,0,0,0,83000,103000,-20000,-20000
060815,茂林凱基9B購01  ,0,0,0,0,0,0,0,0,0,-20000,0,0,0,0,20000,-20000,-20000
060587,牧德元富9A購01  ,0,0,0,0,0,0,0,0,0,-20000,0,0,0,0,20000,-20000,-20000
059215,台積電元大99購28,0,0,0,0,0,0,0,0,0,-20000,0,0,0,1000,21000,-20000,-20000
057763,康控凱基99購02  ,0,0,0,0,0,0,0,0,0,-20000,0,0,0,0,20000,-20000,-20000
058413,義隆兆豐99購01  ,0,0,0,0,0,0,0,0,0,-20000,0,0,0,1000,21000,-20000,-20000
058022,樺漢凱基99購02  ,0,0,0,0,0,0,0,0,0,-20000,0,0,0,13000,33000,-20000,-20000
057981,臻鼎永豐98購01  ,0,0,0,0,0,0,0,0,0,-20000,0,0,0,0,20000,-20000,-20000
058047,可成元大98購11  ,0,0,0,0,0,0,0,0,0,-20000,0,0,0,0,20000,-20000,-20000
058079,鴻海群益98購08  ,0,0,0,0,0,0,0,0,0,-20000,0,0,0,0,20000,-20000,-20000
058069,美律凱基99購05  ,0,0,0,0,0,0,0,0,0,-20000,0,0,0,0,20000,-20000,-20000
057891,華新科統一9A購01,0,0,0,0,0,0,0,0,0,-20000,0,0,0,0,20000,-20000,-20000
063233,國巨元大9B購19  ,0,0,0,0,0,0,0,0,0,-20000,0,0,0,4000,24000,-20000,-20000
063212,聯發科國票9C購02,0,0,0,0,0,0,0,0,0,-20000,0,0,0,8000,28000,-20000,-20000
059705,華新科凱基9A購07,0,0,0,0,0,0,0,0,0,-20000,0,0,0,2000,22000,-20000,-20000
059630,美律凱基99購07  ,0,0,0,0,0,0,0,0,0,-20000,0,0,0,0,20000,-20000,-20000
063308,緯穎凱基9B購05  ,0,0,0,0,0,0,0,0,0,-20000,0,0,0,40000,60000,-20000,-20000
063386,國巨兆豐9B購04  ,0,0,0,0,0,0,0,0,0,-20000,0,0,0,200000,220000,-20000,-20000
063436,儒鴻統一01購03  ,0,0,0,0,0,0,0,0,0,-20000,0,0,0,20000,40000,-20000,-20000
063520,上銀凱基9B購05  ,0,0,0,0,0,0,0,0,0,-20000,0,0,0,0,20000,-20000,-20000
058855,台積電兆豐99購02,0,0,0,0,0,0,0,0,0,-20000,0,0,0,60000,80000,-20000,-20000
058895,鴻海元大99購20  ,0,0,0,0,0,0,0,0,0,-20000,0,0,0,0,20000,-20000,-20000
06043P,創意永豐96售06  ,0,0,0,0,0,0,0,0,0,-20000,0,0,0,0,20000,-20000,-20000
058761,欣興群益99購02  ,0,0,0,0,0,0,0,0,0,-20000,0,0,0,0,20000,-20000,-20000
060515,臺股指元大9B購12,0,0,0,0,0,0,0,0,0,-20000,0,0,0,0,20000,-20000,-20000
059500,鴻海元富99購11  ,0,0,0,0,0,0,0,0,0,-20000,0,0,0,0,20000,-20000,-20000
059401,牧德元富99購01  ,0,0,0,0,0,0,0,0,0,-20000,0,0,0,0,20000,-20000,-20000
057555,玉晶光凱基9A購02,0,0,0,0,0,0,0,0,0,-20000,0,0,0,8000,28000,-20000,-20000
057533,晶相光元大98購02,0,0,0,0,0,0,0,0,0,-20000,0,0,0,0,20000,-20000,-20000
057574,中磊永豐98購01  ,0,0,0,0,0,0,0,0,0,-20000,0,0,0,0,20000,-20000,-20000
058463,宏達電兆豐99購02,0,0,0,0,0,0,0,0,0,-20000,0,0,0,0,20000,-20000,-20000
059605,臺股指元大9A購42,0,0,0,0,0,0,0,0,0,-20000,0,0,0,0,20000,-20000,-20000
07884P,華新科凱基9B售08,0,0,0,0,0,0,0,0,0,-20000,0,0,0,3000,23000,-20000,-20000
07918P,玉晶光永豐9B售04,0,0,0,0,0,0,0,0,0,-20000,0,0,0,10000,30000,-20000,-20000
08008P,華新科統一9B售05,0,0,0,0,0,0,0,0,0,-20000,0,0,0,0,20000,-20000,-20000
07769P,國巨國票9A售10  ,0,0,0,0,0,0,0,0,0,-20000,0,0,0,0,20000,-20000,-20000
061442,玉晶光永豐9A購07,0,0,0,0,0,0,0,0,0,-20000,0,0,0,0,20000,-20000,-20000
08136P,祥碩國泰01售01  ,0,0,0,0,0,0,0,0,0,-20000,0,0,0,1156000,1176000,-20000,-20000
08165P,台表科永豐9B售02,0,0,0,0,0,0,0,0,0,-20000,0,0,0,0,20000,-20000,-20000
08184P,可成永豐9B售03  ,0,0,0,0,0,0,0,0,0,-20000,0,0,0,0,20000,-20000,-20000
07217P,大立光凱基9A售05,0,0,0,0,0,0,0,0,0,-20000,0,0,0,40000,60000,-20000,-20000
07169P,臺股指國票99售06,0,0,0,0,0,0,0,0,0,-20000,0,0,0,0,20000,-20000,-20000
07545P,玉晶光凱基9A售07,0,0,0,0,0,0,0,0,0,-20000,0,0,0,31000,51000,-20000,-20000
07490P,大立光國票9A售03,0,0,0,0,0,0,0,0,0,-20000,0,0,0,20000,40000,-20000,-20000
07454P,台積電元大9A售06,0,0,0,0,0,0,0,0,0,-20000,0,0,0,0,20000,-20000,-20000
06799P,臺股指凱基98售09,0,0,0,0,0,0,0,0,0,-20000,0,0,0,0,20000,-20000,-20000
06864P,健策凱基98售01  ,0,0,0,0,0,0,0,0,0,-20000,0,0,0,95000,115000,-20000,-20000
07105P,大毅元富99售02  ,0,0,0,0,0,0,0,0,0,-20000,0,0,0,0,20000,-20000,-20000
06919P,臺股指日盛98售02,0,0,0,0,0,0,0,0,0,-20000,0,0,0,0,20000,-20000,-20000
064681,牧德兆豐01購01  ,0,0,0,0,0,0,0,0,0,-20000,0,0,0,6000,26000,-20000,-20000
06487P,聯發科統一99售02,0,0,0,0,0,0,0,0,0,-20000,0,0,0,80000,100000,-20000,-20000
064629,和潤元大9C購01  ,0,0,0,0,0,0,0,0,0,-20000,0,0,0,0,20000,-20000,-20000
064566,大立光群益9C購04,0,0,0,0,0,0,0,0,0,-20000,0,0,0,0,20000,-20000,-20000
064417,創意中信9C購01  ,0,0,0,0,0,0,0,0,0,-20000,0,0,0,0,20000,-20000,-20000
064402,宏碁凱基01購01  ,0,0,0,0,0,0,0,0,0,-20000,0,0,0,10000,30000,-20000,-20000
06417P,台積電兆豐97售03,0,0,0,0,0,0,0,0,0,-20000,0,0,0,0,20000,-20000,-20000
064221,華通國票01購01  ,0,0,0,0,0,0,0,0,0,-20000,0,0,0,0,20000,-20000,-20000
064210,台光電凱基03購01,0,0,0,0,0,0,0,0,0,-20000,0,0,0,81000,101000,-20000,-20000
063711,高鐵凱基9B購01  ,0,0,0,0,0,0,0,0,0,-20000,0,0,0,0,20000,-20000,-20000
063713,麗豐凱基9B購01  ,0,0,0,0,0,0,0,0,0,-20000,0,0,0,20000,40000,-20000,-20000
063723,儒鴻元大9B購04  ,0,0,0,0,0,0,0,0,0,-20000,0,0,0,51000,71000,-20000,-20000
064109,上銀國票01購01  ,0,0,0,0,0,0,0,0,0,-20000,0,0,0,0,20000,-20000,-20000
064107,友達兆豐01購01  ,0,0,0,0,0,0,0,0,0,-20000,0,0,0,0,20000,-20000,-20000
064121,國巨元大9C購16  ,0,0,0,0,0,0,0,0,0,-20000,0,0,0,10000,30000,-20000,-20000
063908,國巨凱基9C購06  ,0,0,0,0,0,0,0,0,0,-20000,0,0,0,0,20000,-20000,-20000
063912,信邦凱基01購01  ,0,0,0,0,0,0,0,0,0,-20000,0,0,0,0,20000,-20000,-20000
3041,揚智            ,507000,529000,-22000,0,0,0,0,0,0,2000,4000,2000,2000,0,0,0,-20000
6024,群益期          ,36000,56000,-20000,0,0,0,0,0,0,0,0,0,0,0,0,0,-20000
061948,美食群益9B購01  ,0,0,0,0,0,0,0,0,0,-21000,0,0,0,45000,66000,-21000,-21000
061749,群創統一9C購02  ,0,0,0,0,0,0,0,0,0,-21000,0,0,0,0,21000,-21000,-21000
063016,微星元大9C購02  ,0,0,0,0,0,0,0,0,0,-21000,0,0,0,61000,82000,-21000,-21000
1718,中纖            ,1025000,1067000,-42000,0,0,0,0,0,0,21000,18000,5000,13000,8000,0,8000,-21000
08304P,大立光中信02售01,0,0,0,0,0,0,0,0,0,-21000,0,0,0,12000,33000,-21000,-21000
060981,旺宏元大9A購08  ,0,0,0,0,0,0,0,0,0,-21000,0,0,0,0,21000,-21000,-21000
062513,玉晶光國票9C購01,0,0,0,0,0,0,0,0,0,-21000,0,0,0,29000,50000,-21000,-21000
062189,康控元大9B購02  ,0,0,0,0,0,0,0,0,0,-21000,0,0,0,0,21000,-21000,-21000
061242,玉晶光兆豐9B購02,0,0,0,0,0,0,0,0,0,-21000,0,0,0,0,21000,-21000,-21000
061326,新日興凱基9B購01,0,0,0,0,0,0,0,0,0,-21000,0,0,0,1000,22000,-21000,-21000
053609,華新中信9A購01  ,0,0,0,0,0,0,0,0,0,-21000,0,0,0,0,21000,-21000,-21000
054527,國巨統一97購03  ,0,0,0,0,0,0,0,0,0,-21000,0,0,0,10000,31000,-21000,-21000
006203,元大MSCI台灣    ,0,0,0,0,0,0,0,0,0,-21000,0,0,0,1000,22000,-21000,-21000
049759,元黃金富邦9A購01,0,0,0,0,0,0,0,0,0,-21000,0,0,0,0,21000,-21000,-21000
056415,聯發科中信98購04,0,0,0,0,0,0,0,0,0,-21000,0,0,0,0,21000,-21000,-21000
056634,為升兆豐99購01  ,0,0,0,0,0,0,0,0,0,-21000,0,0,0,0,21000,-21000,-21000
056094,大立光元富97購03,0,0,0,0,0,0,0,0,0,-21000,0,0,0,1000,22000,-21000,-21000
056540,聯詠凱基98購02  ,0,0,0,0,0,0,0,0,0,-21000,0,0,0,0,21000,-21000,-21000
060254,世紀鋼元大9A購01,0,0,0,0,0,0,0,0,0,-21000,0,0,0,0,21000,-21000,-21000
059062,群創凱基99購05  ,0,0,0,0,0,0,0,0,0,-21000,0,0,0,0,21000,-21000,-21000
059040,訊芯群益99購03  ,0,0,0,0,0,0,0,0,0,-21000,0,0,0,0,21000,-21000,-21000
060459,鴻海元大9A購07  ,0,0,0,0,0,0,0,0,0,-21000,0,0,0,0,21000,-21000,-21000
058770,貿聯兆豐9A購01  ,0,0,0,0,0,0,0,0,0,-21000,0,0,0,0,21000,-21000,-21000
063519,聚陽凱基9B購02  ,0,0,0,0,0,0,0,0,0,-21000,0,0,0,4000,25000,-21000,-21000
063166,超眾永豐9B購01  ,0,0,0,0,0,0,0,0,0,-21000,0,0,0,0,21000,-21000,-21000
05797P,臺股指群益96售11,0,0,0,0,0,0,0,0,0,-21000,0,0,0,499000,520000,-21000,-21000
058371,智原凱基9A購01  ,0,0,0,0,0,0,0,0,0,-21000,0,0,0,0,21000,-21000,-21000
058309,大毅元大99購02  ,0,0,0,0,0,0,0,0,0,-21000,0,0,0,0,21000,-21000,-21000
059160,華通凱基99購03  ,0,0,0,0,0,0,0,0,0,-21000,0,0,0,0,21000,-21000,-21000
059993,上銀元富99購01  ,0,0,0,0,0,0,0,0,0,-21000,0,0,0,0,21000,-21000,-21000
063913,貿聯凱基02購01  ,0,0,0,0,0,0,0,0,0,-21000,0,0,0,0,21000,-21000,-21000
064018,儒鴻元大9C購02  ,0,0,0,0,0,0,0,0,0,-21000,0,0,0,3000,24000,-21000,-21000
063995,健鼎群益9C購01  ,0,0,0,0,0,0,0,0,0,-21000,0,0,0,39000,60000,-21000,-21000
063694,貿聯永豐9B購01  ,0,0,0,0,0,0,0,0,0,-21000,0,0,0,4000,25000,-21000,-21000
063809,矽創兆豐01購01  ,0,0,0,0,0,0,0,0,0,-21000,0,0,0,1000,22000,-21000,-21000
06432P,上銀群益98售01  ,0,0,0,0,0,0,0,0,0,-21000,0,0,0,9000,30000,-21000,-21000
061450,嘉晶中信9A購01  ,0,0,0,0,0,0,0,0,0,-21000,0,0,0,10000,31000,-21000,-21000
08235P,南電國泰9C售03  ,0,0,0,0,0,0,0,0,0,-21000,0,0,0,54000,75000,-21000,-21000
062030,旭富群益9B購01  ,0,0,0,0,0,0,0,0,0,-21000,0,0,0,0,21000,-21000,-21000
5515,建國            ,23000,44000,-21000,0,0,0,0,0,0,0,0,0,0,0,0,0,-21000
4133,亞諾法          ,1456000,1478000,-22000,0,0,0,0,0,0,1000,4000,3000,1000,0,0,0,-21000
2845,遠東銀          ,574000,583216,-9216,0,0,0,0,12000,-12000,0,0,0,0,0,0,0,-21216
061586,智邦富邦9A購02  ,0,0,0,0,0,0,0,0,0,-22000,0,0,0,8000,30000,-22000,-22000
062188,貿聯元大9B購02  ,0,0,0,0,0,0,0,0,0,-22000,0,0,0,16000,38000,-22000,-22000
1531,高林股          ,4000,26000,-22000,0,0,0,0,0,0,0,0,0,0,0,0,0,-22000
2431,聯昌            ,29000,51000,-22000,0,0,0,0,0,0,0,0,0,0,0,0,0,-22000
2486,一詮            ,30000,45000,-15000,0,0,0,0,0,0,-7000,1000,8000,-7000,0,0,0,-22000
062521,玉晶光元大9C購05,0,0,0,0,0,0,0,0,0,-22000,0,0,0,19000,41000,-22000,-22000
08289P,智邦統一9C售01  ,0,0,0,0,0,0,0,0,0,-22000,0,0,0,5000,27000,-22000,-22000
061703,信邦國票9A購01  ,0,0,0,0,0,0,0,0,0,-22000,0,0,0,0,22000,-22000,-22000
062009,聯發科國泰01購01,0,0,0,0,0,0,0,0,0,-22000,0,0,0,10000,32000,-22000,-22000
061925,禾伸堂凱基9C購01,0,0,0,0,0,0,0,0,0,-22000,0,0,0,0,22000,-22000,-22000
059019,元石油統一9B購03,0,0,0,0,0,0,0,0,0,-22000,0,0,0,0,22000,-22000,-22000
055910,瑞昱凱基98購01  ,0,0,0,0,0,0,0,0,0,-22000,0,0,0,18000,40000,-22000,-22000
056200,大毅永豐98購01  ,0,0,0,0,0,0,0,0,0,-22000,0,0,0,0,22000,-22000,-22000
056463,台虹凱基98購02  ,0,0,0,0,0,0,0,0,0,-22000,0,0,0,8000,30000,-22000,-22000
055449,超眾統一9A購01  ,0,0,0,0,0,0,0,0,0,-22000,0,0,0,0,22000,-22000,-22000
055330,上銀兆豐98購02  ,0,0,0,0,0,0,0,0,0,-22000,0,0,0,0,22000,-22000,-22000
00691R,兆豐藍籌30反1   ,0,0,0,0,0,0,0,0,0,-22000,0,0,0,0,22000,-22000,-22000
052277,台達電凱基97購01,0,0,0,0,0,0,0,0,0,-22000,0,0,0,10000,32000,-22000,-22000
054559,台光電群益99購01,0,0,0,0,0,0,0,0,0,-22000,0,0,0,0,22000,-22000,-22000
054530,台光電國泰97購03,0,0,0,0,0,0,0,0,0,-22000,0,0,0,0,22000,-22000,-22000
053339,友達國票97購02  ,0,0,0,0,0,0,0,0,0,-22000,0,0,0,0,22000,-22000,-22000
054297,台郡元大98購01  ,0,0,0,0,0,0,0,0,0,-22000,0,0,0,0,22000,-22000,-22000
059995,南亞科元富99購01,0,0,0,0,0,0,0,0,0,-22000,0,0,0,0,22000,-22000,-22000
059885,台積電國票99購12,0,0,0,0,0,0,0,0,0,-22000,0,0,0,11000,33000,-22000,-22000
059214,國巨元大99購20  ,0,0,0,0,0,0,0,0,0,-22000,0,0,0,1000,23000,-22000,-22000
059172,台郡凱基99購03  ,0,0,0,0,0,0,0,0,0,-22000,0,0,0,0,22000,-22000,-22000
058389,聯茂國票9A購01  ,0,0,0,0,0,0,0,0,0,-22000,0,0,0,2000,24000,-22000,-22000
057947,和碩國票99購01  ,0,0,0,0,0,0,0,0,0,-22000,0,0,0,38000,60000,-22000,-22000
063257,牧德國泰01購01  ,0,0,0,0,0,0,0,0,0,-22000,0,0,0,5000,27000,-22000,-22000
058572,百和凱基9A購01  ,0,0,0,0,0,0,0,0,0,-22000,0,0,0,0,22000,-22000,-22000
058576,南亞科群益99購01,0,0,0,0,0,0,0,0,0,-22000,0,0,0,8000,30000,-22000,-22000
063477,訊芯元大9B購01  ,0,0,0,0,0,0,0,0,0,-22000,0,0,0,0,22000,-22000,-22000
063383,億豐永豐9B購02  ,0,0,0,0,0,0,0,0,0,-22000,0,0,0,264000,286000,-22000,-22000
063353,上銀元富9B購03  ,0,0,0,0,0,0,0,0,0,-22000,0,0,0,0,22000,-22000,-22000
063420,奇力新凱基9B購03,0,0,0,0,0,0,0,0,0,-22000,0,0,0,11000,33000,-22000,-22000
059348,日月光凱基99購01,0,0,0,0,0,0,0,0,0,-22000,0,0,0,0,22000,-22000,-22000
058920,SGBR2X元富99購06,0,0,0,0,0,0,0,0,0,-22000,0,0,0,1000,23000,-22000,-22000
059453,奇力新永豐99購01,0,0,0,0,0,0,0,0,0,-22000,0,0,0,0,22000,-22000,-22000
061452,大成鋼凱基9A購01,0,0,0,0,0,0,0,0,0,-22000,0,0,0,4000,26000,-22000,-22000
07685P,玉晶光凱基9B售03,0,0,0,0,0,0,0,0,0,-22000,0,0,0,10000,32000,-22000,-22000
07929P,旺宏統一9B售07  ,0,0,0,0,0,0,0,0,0,-22000,0,0,0,28000,50000,-22000,-22000
07013P,玉晶光群益9A售06,0,0,0,0,0,0,0,0,0,-22000,0,0,0,3000,25000,-22000,-22000
06706P,智原台新98售02  ,0,0,0,0,0,0,0,0,0,-22000,0,0,0,48000,70000,-22000,-22000
07211P,南亞科凱基99售05,0,0,0,0,0,0,0,0,0,-22000,0,0,0,0,22000,-22000,-22000
064596,台表科統一01購03,0,0,0,0,0,0,0,0,0,-22000,0,0,0,11000,33000,-22000,-22000
064631,臺股指元大9C購17,0,0,0,0,0,0,0,0,0,-22000,0,0,0,0,22000,-22000,-22000
064014,貿聯國票01購01  ,0,0,0,0,0,0,0,0,0,-22000,0,0,0,0,22000,-22000,-22000
063927,奇力新統一02購01,0,0,0,0,0,0,0,0,0,-22000,0,0,0,0,22000,-22000,-22000
8033,雷虎            ,27000,49000,-22000,0,0,0,0,0,0,0,0,0,0,0,0,0,-22000
5269,祥碩            ,224500,367775,-143275,0,0,0,97000,10000,87000,34000,18000,3000,15000,25000,6000,19000,-22275
061740,華新科凱基03購01,0,0,0,0,0,0,0,0,0,-23000,0,0,0,0,23000,-23000,-23000
062147,大毅國票9B購02  ,0,0,0,0,0,0,0,0,0,-23000,0,0,0,10000,33000,-23000,-23000
2010,春源            ,34000,57000,-23000,0,0,0,0,0,0,0,0,0,0,0,0,0,-23000
062192,南六元大9B購01  ,0,0,0,0,0,0,0,0,0,-23000,0,0,0,18000,41000,-23000,-23000
061593,智原永豐9A購01  ,0,0,0,0,0,0,0,0,0,-23000,0,0,0,65000,88000,-23000,-23000
062852,聯發科永豐9B購02,0,0,0,0,0,0,0,0,0,-23000,0,0,0,30000,53000,-23000,-23000
062896,中興電元大9B購01,0,0,0,0,0,0,0,0,0,-23000,0,0,0,45000,68000,-23000,-23000
053400,緯穎中信9A購01  ,0,0,0,0,0,0,0,0,0,-23000,0,0,0,2000,25000,-23000,-23000
053162,緯穎元大97購01  ,0,0,0,0,0,0,0,0,0,-23000,0,0,0,20000,43000,-23000,-23000
056339,聯發科凱基99購02,0,0,0,0,0,0,0,0,0,-23000,0,0,0,0,23000,-23000,-23000
057097,致新元富98購01  ,0,0,0,0,0,0,0,0,0,-23000,0,0,0,10000,33000,-23000,-23000
056921,京元電兆豐98購01,0,0,0,0,0,0,0,0,0,-23000,0,0,0,13000,36000,-23000,-23000
056623,禾伸堂永豐98購01,0,0,0,0,0,0,0,0,0,-23000,0,0,0,0,23000,-23000,-23000
055963,欣興元大97購04  ,0,0,0,0,0,0,0,0,0,-23000,0,0,0,50000,73000,-23000,-23000
058840,T50反1群益99購02,0,0,0,0,0,0,0,0,0,-23000,0,0,0,0,23000,-23000,-23000
063282,奇力新元大9B購06,0,0,0,0,0,0,0,0,0,-23000,0,0,0,0,23000,-23000,-23000
058361,美律凱基99購06  ,0,0,0,0,0,0,0,0,0,-23000,0,0,0,0,23000,-23000,-23000
059882,臺股指凱基9C購06,0,0,0,0,0,0,0,0,0,-23000,0,0,0,60000,83000,-23000,-23000
059096,百和元大99購04  ,0,0,0,0,0,0,0,0,0,-23000,0,0,0,0,23000,-23000,-23000
060767,世紀鋼元大9A購02,0,0,0,0,0,0,0,0,0,-23000,0,0,0,0,23000,-23000,-23000
064060,同欣電麥證01購01,0,0,0,50000,73000,-23000,0,0,0,-23000,0,0,0,50000,73000,-23000,-23000
063732,建準元大9B購02  ,0,0,0,0,0,0,0,0,0,-23000,0,0,0,313000,336000,-23000,-23000
064329,國巨元大01購03  ,0,0,0,0,0,0,0,0,0,-23000,0,0,0,0,23000,-23000,-23000
064265,嘉聯益永豐9C購02,0,0,0,0,0,0,0,0,0,-23000,0,0,0,82000,105000,-23000,-23000
08120P,南亞科國票9C售01,0,0,0,0,0,0,0,0,0,-23000,0,0,0,27000,50000,-23000,-23000
4106,雃博            ,684000,700000,-16000,0,0,0,0,0,0,-7000,0,7000,-7000,0,0,0,-23000
3090,日電貿          ,204000,234000,-30000,0,0,0,0,0,0,7000,3000,0,3000,5000,1000,4000,-23000
6698,旭暉應材        ,33000,56000,-23000,0,0,0,0,0,0,0,0,0,0,0,0,0,-23000
8341,日友            ,35000,59235,-24235,0,0,0,0,0,0,1000,1000,0,1000,0,0,0,-23235
2851,中再保          ,47000,70700,-23700,0,0,0,0,0,0,0,0,0,0,0,0,0,-23700
062898,華通元大9B購05  ,0,0,0,0,0,0,0,0,0,-24000,0,0,0,15000,39000,-24000,-24000
062796,技嘉統一9C購01  ,0,0,0,0,0,0,0,0,0,-24000,0,0,0,40000,64000,-24000,-24000
062991,台光電群益9B購03,0,0,0,0,0,0,0,0,0,-24000,0,0,0,108000,132000,-24000,-24000
061259,台積電凱基9A購21,0,0,0,0,0,0,0,0,0,-24000,0,0,0,2000,26000,-24000,-24000
062684,華新科統一01購02,0,0,0,0,0,0,0,0,0,-24000,0,0,0,0,24000,-24000,-24000
061499,嘉晶國票9A購03  ,0,0,0,0,0,0,0,0,0,-24000,0,0,0,9000,33000,-24000,-24000
062151,世紀鋼國票01購01,0,0,0,0,0,0,0,0,0,-24000,0,0,0,0,24000,-24000,-24000
1451,年興            ,38000,55000,-17000,0,0,0,0,0,0,-7000,5000,12000,-7000,0,0,0,-24000
1459,聯發            ,36000,60000,-24000,0,0,0,0,0,0,0,0,0,0,0,0,0,-24000
061762,台塑元大9B購01  ,0,0,0,0,0,0,0,0,0,-24000,0,0,0,40000,64000,-24000,-24000
056637,台光電日盛9A購01,0,0,0,0,0,0,0,0,0,-24000,0,0,0,0,24000,-24000,-24000
060888,金像電統一9C購01,0,0,0,0,0,0,0,0,0,-24000,0,0,0,156000,180000,-24000,-24000
056772,欣興元大99購01  ,0,0,0,0,0,0,0,0,0,-24000,0,0,0,35000,59000,-24000,-24000
057078,國巨統一9A購02  ,0,0,0,0,0,0,0,0,0,-24000,0,0,0,100000,124000,-24000,-24000
055318,華通國票98購01  ,0,0,0,0,0,0,0,0,0,-24000,0,0,0,16000,40000,-24000,-24000
057232,京元電凱基98購02,0,0,0,0,0,0,0,0,0,-24000,0,0,0,40000,64000,-24000,-24000
057299,立積永豐98購02  ,0,0,0,0,0,0,0,0,0,-24000,0,0,0,3000,27000,-24000,-24000
054577,世芯元大98購01  ,0,0,0,0,0,0,0,0,0,-24000,0,0,0,1000,25000,-24000,-24000
054756,世紀鋼凱基99購01,0,0,0,0,0,0,0,0,0,-24000,0,0,0,16000,40000,-24000,-24000
00709,富邦歐洲        ,0,0,0,0,0,0,0,0,0,-24000,0,0,0,90000,114000,-24000,-24000
054926,神達凱基98購01  ,0,0,0,0,0,0,0,0,0,-24000,0,0,0,0,24000,-24000,-24000
060730,台積電群益9A購03,0,0,0,0,0,0,0,0,0,-24000,0,0,0,3000,27000,-24000,-24000
059115,美食永豐99購01  ,0,0,0,0,0,0,0,0,0,-24000,0,0,0,3000,27000,-24000,-24000
060096,聯發科元大99購43,0,0,0,0,0,0,0,0,0,-24000,0,0,0,0,24000,-24000,-24000
058275,S&P500中信9B購01,0,0,0,0,0,0,0,0,0,-24000,0,0,0,0,24000,-24000,-24000
063300,華通凱基9B購05  ,0,0,0,0,0,0,0,0,0,-24000,0,0,0,10000,34000,-24000,-24000
063256,鴻海國泰01購02  ,0,0,0,0,0,0,0,0,0,-24000,0,0,0,10000,34000,-24000,-24000
059360,全新永豐99購02  ,0,0,0,0,0,0,0,0,0,-24000,0,0,0,0,24000,-24000,-24000
061482,健策元大9C購01  ,0,0,0,0,0,0,0,0,0,-24000,0,0,0,2000,26000,-24000,-24000
07689P,旺宏元大9A售13  ,0,0,0,0,0,0,0,0,0,-24000,0,0,0,4000,28000,-24000,-24000
07172P,臺股指國票99售09,0,0,0,0,0,0,0,0,0,-24000,0,0,0,0,24000,-24000,-24000
064258,臻鼎國泰01購02  ,0,0,0,0,0,0,0,0,0,-24000,0,0,0,38000,62000,-24000,-24000
064332,聯發科元大01購01,6000,0,6000,0,0,0,0,0,0,-30000,0,0,0,13000,43000,-30000,-24000
063558,聚陽元大9B購02  ,0,0,0,0,0,0,0,0,0,-24000,0,0,0,114000,138000,-24000,-24000
064020,華通元大01購01  ,0,0,0,0,0,0,0,0,0,-24000,0,0,0,1000,25000,-24000,-24000
061892,亞德客永豐9B購01,0,0,0,0,0,0,0,0,0,-25000,0,0,0,5000,30000,-25000,-25000
061932,上銀國票9B購01  ,0,0,0,0,0,0,0,0,0,-25000,0,0,0,15000,40000,-25000,-25000
061794,國巨永豐9B購01  ,0,0,0,0,0,0,0,0,0,-25000,0,0,0,0,25000,-25000,-25000
061436,上銀凱基9A購07  ,0,0,0,0,0,0,0,0,0,-25000,0,0,0,0,25000,-25000,-25000
1904,正隆            ,481000,589000,-108000,0,0,0,37000,0,37000,46000,3000,0,3000,45000,2000,43000,-25000
2012,春雨            ,3000,28000,-25000,0,0,0,0,0,0,0,0,0,0,0,0,0,-25000
06222P,致茂元富97售02  ,0,0,0,0,0,0,0,0,0,-25000,0,0,0,0,25000,-25000,-25000
062269,葡萄王群益9B購01,0,0,0,0,0,0,0,0,0,-25000,0,0,0,86000,111000,-25000,-25000
062460,京鼎群益9C購01  ,0,0,0,0,0,0,0,0,0,-25000,0,0,0,25000,50000,-25000,-25000
061281,台積電統一9C購05,0,0,0,0,0,0,0,0,0,-25000,0,0,0,0,25000,-25000,-25000
062774,儒鴻元大9C購01  ,0,0,0,0,0,0,0,0,0,-25000,0,0,0,12000,37000,-25000,-25000
062719,微星凱基9B購01  ,0,0,0,0,0,0,0,0,0,-25000,0,0,0,0,25000,-25000,-25000
053111,緯創兆豐97購01  ,0,0,0,0,0,0,0,0,0,-25000,0,0,0,0,25000,-25000,-25000
055228,聯發科國票98購03,0,0,0,0,0,0,0,0,0,-25000,0,0,0,2000,27000,-25000,-25000
051536,玉晶光國票97購01,0,0,0,0,0,0,0,0,0,-25000,0,0,0,53000,78000,-25000,-25000
052654,友達統一97購01  ,0,0,0,0,0,0,0,0,0,-25000,0,0,0,0,25000,-25000,-25000
056495,泰鼎國泰99購01  ,0,0,0,0,0,0,0,0,0,-25000,0,0,0,0,25000,-25000,-25000
055594,華新科元大98購02,0,0,0,0,0,0,0,0,0,-25000,0,0,0,0,25000,-25000,-25000
057462,光磊永豐98購02  ,0,0,0,0,0,0,0,0,0,-25000,0,0,0,49000,74000,-25000,-25000
060184,建準元富9A購01  ,0,0,0,0,0,0,0,0,0,-25000,0,0,0,0,25000,-25000,-25000
059020,元油2X統一9B購02,0,0,0,0,0,0,0,0,0,-25000,0,0,0,40000,65000,-25000,-25000
058783,臺股指國票99購02,0,0,0,0,0,0,0,0,0,-25000,0,0,0,33000,58000,-25000,-25000
058746,華通凱基9A購02  ,0,0,0,0,0,0,0,0,0,-25000,0,0,0,15000,40000,-25000,-25000
058904,晶技元大99購05  ,0,0,0,0,0,0,0,0,0,-25000,0,0,0,0,25000,-25000,-25000
060454,葡萄王元大9A購01,0,0,0,0,0,0,0,0,0,-25000,0,0,0,85000,110000,-25000,-25000
060498,華通元大9A購03  ,0,0,0,0,0,0,0,0,0,-25000,0,0,0,0,25000,-25000,-25000
06339P,上銀統一97售06  ,0,0,0,0,0,0,0,0,0,-25000,0,0,0,5000,30000,-25000,-25000
063458,正隆元大9B購01  ,0,0,0,0,0,0,0,0,0,-25000,0,0,0,16000,41000,-25000,-25000
058290,南電國票9A購01  ,0,0,0,0,0,0,0,0,0,-25000,0,0,0,59000,84000,-25000,-25000
058367,大立光凱基9A購01,0,0,0,0,0,0,0,0,0,-25000,0,0,0,0,25000,-25000,-25000
057888,貿聯群益98購02  ,0,0,0,0,0,0,0,0,0,-25000,0,0,0,0,25000,-25000,-25000
058014,上銀凱基99購02  ,0,0,0,0,0,0,0,0,0,-25000,0,0,0,0,25000,-25000,-25000
058455,玉晶光永豐99購03,0,0,0,0,0,0,0,0,0,-25000,0,0,0,6000,31000,-25000,-25000
057685,台灣50凱基9C購01,0,0,0,0,0,0,0,0,0,-25000,0,0,0,0,25000,-25000,-25000
060127,牧德永豐99購02  ,0,0,0,0,0,0,0,0,0,-25000,0,0,0,156000,181000,-25000,-25000
060063,可成兆豐9B購01  ,0,0,0,0,0,0,0,0,0,-25000,0,0,0,5000,30000,-25000,-25000
058187,泰碩永豐99購01  ,0,0,0,0,0,0,0,0,0,-25000,0,0,0,0,25000,-25000,-25000
059876,智易凱基99購02  ,0,0,0,0,0,0,0,0,0,-25000,0,0,0,0,25000,-25000,-25000
060684,同欣電元大9A購01,0,0,0,0,0,0,0,0,0,-25000,0,0,0,110000,135000,-25000,-25000
064039,亞德客統一02購01,0,0,0,0,0,0,0,0,0,-25000,0,0,0,0,25000,-25000,-25000
063958,瑞祺元大9C購01  ,0,0,0,0,0,0,0,0,0,-25000,0,0,0,0,25000,-25000,-25000
063967,華新科國票01購01,0,0,0,0,0,0,0,0,0,-25000,0,0,0,10000,35000,-25000,-25000
063902,志超群益9C購01  ,0,0,0,0,0,0,0,0,0,-25000,0,0,0,125000,150000,-25000,-25000
063831,帆宣國票01購01  ,0,0,0,0,0,0,0,0,0,-25000,0,0,0,14000,39000,-25000,-25000
063552,晶技國票9B購03  ,0,0,0,0,0,0,0,0,0,-25000,0,0,0,0,25000,-25000,-25000
064328,華通元大9C購04  ,0,0,0,0,0,0,0,0,0,-25000,0,0,0,0,25000,-25000,-25000
064270,華通元大9C購03  ,0,0,0,0,0,0,0,0,0,-25000,0,0,0,0,25000,-25000,-25000
064292,南茂元大01購01  ,0,0,0,0,0,0,0,0,0,-25000,0,0,0,65000,90000,-25000,-25000
064231,鴻海統一01購03  ,0,0,0,0,0,0,0,0,0,-25000,0,0,0,2000,27000,-25000,-25000
064628,南六元大9C購05  ,0,0,0,0,0,0,0,0,0,-25000,0,0,0,10000,35000,-25000,-25000
064592,同欣電永豐9C購01,0,0,0,0,0,0,0,0,0,-25000,0,0,0,0,25000,-25000,-25000
07176P,臺股指凱基99售18,0,0,0,0,0,0,0,0,0,-25000,0,0,0,0,25000,-25000,-25000
07473P,祥碩元大9A售01  ,0,0,0,0,0,0,0,0,0,-25000,0,0,0,10000,35000,-25000,-25000
06948P,FBVIX元大01售02 ,0,0,0,0,0,0,0,0,0,-25000,0,0,0,0,25000,-25000,-25000
07024P,臺股指永豐99售02,0,0,0,0,0,0,0,0,0,-25000,0,0,0,0,25000,-25000,-25000
07025P,玉晶光凱基99售01,0,0,0,0,0,0,0,0,0,-25000,0,0,0,377000,402000,-25000,-25000
07683P,宏達電凱基9A售03,0,0,0,0,0,0,0,0,0,-25000,0,0,0,10000,35000,-25000,-25000
08099P,聯發科中信9B售04,0,0,0,0,0,0,0,0,0,-25000,0,0,0,0,25000,-25000,-25000
6558,興能高          ,203000,230900,-27900,0,0,0,0,0,0,2000,2000,0,2000,0,0,0,-25900
062917,旭富元大9C購03  ,0,0,0,0,0,0,0,0,0,-26000,0,0,0,54000,80000,-26000,-26000
061184,大立光國泰9C購01,0,0,0,0,0,0,0,0,0,-26000,0,0,0,122000,148000,-26000,-26000
061084,京元電兆豐9A購02,0,0,0,0,0,0,0,0,0,-26000,0,0,0,0,26000,-26000,-26000
061031,神隆永豐9A購02  ,0,0,0,0,0,0,0,0,0,-26000,0,0,0,580000,606000,-26000,-26000
062276,瑞昱群益9B購01  ,0,0,0,0,0,0,0,0,0,-26000,0,0,0,0,26000,-26000,-26000
061496,華新科國票9A購07,0,0,0,0,0,0,0,0,0,-26000,0,0,0,10000,36000,-26000,-26000
060978,國巨元大9A購13  ,0,0,0,0,0,0,0,0,0,-26000,0,0,0,0,26000,-26000,-26000
062694,遠東新元大9B購01,0,0,0,0,0,0,0,0,0,-26000,0,0,0,5000,31000,-26000,-26000
08320P,智邦統一9C售02  ,0,0,0,0,0,0,0,0,0,-26000,0,0,0,117000,143000,-26000,-26000
063040,聯詠凱基9B購03  ,0,0,0,0,0,0,0,0,0,-26000,0,0,0,0,26000,-26000,-26000
061708,同欣電國票9A購02,0,0,0,0,0,0,0,0,0,-26000,0,0,0,78000,104000,-26000,-26000
056233,超眾凱基97購02  ,0,0,0,0,0,0,0,0,0,-26000,0,0,0,0,26000,-26000,-26000
057451,大立光元富9B購01,0,0,0,0,0,0,0,0,0,-26000,0,0,0,30000,56000,-26000,-26000
056844,欣興元富98購03  ,0,0,0,0,0,0,0,0,0,-26000,0,0,0,39000,65000,-26000,-26000
054841,亞德客兆豐97購01,0,0,0,0,0,0,0,0,0,-26000,0,0,0,0,26000,-26000,-26000
054768,泰碩國票99購02  ,0,0,0,0,0,0,0,0,0,-26000,0,0,0,0,26000,-26000,-26000
053378,台積電元大98購02,0,0,0,0,0,0,0,0,0,-26000,0,0,0,6000,32000,-26000,-26000
056376,玉晶光統一98購01,0,0,0,0,0,0,0,0,0,-26000,0,0,0,0,26000,-26000,-26000
054043,漢唐元大97購01  ,0,0,0,0,0,0,0,0,0,-26000,0,0,0,0,26000,-26000,-26000
057176,全新元大99購02  ,0,0,0,0,0,0,0,0,0,-26000,0,0,0,0,26000,-26000,-26000
059114,華新科永豐99購05,0,0,0,0,0,0,0,0,0,-26000,0,0,0,0,26000,-26000,-26000
058204,世芯凱基9A購01  ,0,0,0,0,0,0,0,0,0,-26000,0,0,0,0,26000,-26000,-26000
057818,泰碩元大9A購01  ,0,0,0,0,0,0,0,0,0,-26000,0,0,0,0,26000,-26000,-26000
057825,和碩元大98購02  ,0,0,0,0,0,0,0,0,0,-26000,0,0,0,0,26000,-26000,-26000
060823,旺宏元大9A購05  ,0,0,0,0,0,0,0,0,0,-26000,0,0,0,0,26000,-26000,-26000
063317,大立光群益9B購06,0,0,0,0,0,0,0,0,0,-26000,0,0,0,0,26000,-26000,-26000
063223,牧德群益9B購04  ,0,0,0,0,0,0,0,0,0,-26000,0,0,0,10000,36000,-26000,-26000
058923,華新科元富99購06,0,0,0,0,0,0,0,0,0,-26000,0,0,0,0,26000,-26000,-26000
058957,貿聯國票9A購01  ,0,0,0,0,0,0,0,0,0,-26000,0,0,0,0,26000,-26000,-26000
062043,牧德凱基9B購04  ,0,0,0,0,0,0,0,0,0,-26000,0,0,0,6000,32000,-26000,-26000
07692P,玉晶光元大9A售11,0,0,0,0,0,0,0,0,0,-26000,0,0,0,94000,120000,-26000,-26000
06857P,超眾永豐98售02  ,0,0,0,0,0,0,0,0,0,-26000,0,0,0,46000,72000,-26000,-26000
064670,智伸科元大9C購01,0,0,0,0,0,0,0,0,0,-26000,0,0,0,0,26000,-26000,-26000
063752,瑞祺國票9C購01  ,0,0,0,0,0,0,0,0,0,-26000,0,0,0,36000,62000,-26000,-26000
063783,儒鴻中信9C購01  ,0,0,0,0,0,0,0,0,0,-26000,0,0,0,2000,28000,-26000,-26000
063928,可成統一01購02  ,0,0,0,0,0,0,0,0,0,-26000,0,0,0,72000,98000,-26000,-26000
4438,廣越            ,25000,39000,-14000,0,0,0,0,0,0,-12000,0,12000,-12000,0,0,0,-26000
062572,元金反群益9C購01,0,0,0,0,0,0,0,0,0,-27000,0,0,0,0,27000,-27000,-27000
061964,台積電統一01購05,0,0,0,0,0,0,0,0,0,-27000,0,0,0,77000,104000,-27000,-27000
06187P,國巨統一97售05  ,0,0,0,0,0,0,0,0,0,-27000,0,0,0,20000,47000,-27000,-27000
08310P,南電凱基9C售01  ,0,0,0,0,0,0,0,0,0,-27000,0,0,0,8000,35000,-27000,-27000
1737,臺鹽            ,27000,50000,-23000,0,0,0,0,0,0,-4000,1000,5000,-4000,0,0,0,-27000
062170,健策永豐9B購04  ,0,0,0,0,0,0,0,0,0,-27000,0,0,0,20000,47000,-27000,-27000
062363,燿華元大9B購03  ,0,0,0,0,0,0,0,0,0,-27000,0,0,0,156000,183000,-27000,-27000
062781,微星元大9C購01  ,0,0,0,0,0,0,0,0,0,-27000,0,0,0,5000,32000,-27000,-27000
056291,聯茂永豐97購03  ,0,0,0,0,0,0,0,0,0,-27000,0,0,0,13000,40000,-27000,-27000
057440,台積電統一98購10,0,0,0,0,0,0,0,0,0,-27000,0,0,0,0,27000,-27000,-27000
056079,世紀鋼元大97購02,0,0,0,0,0,0,0,0,0,-27000,0,0,0,24000,51000,-27000,-27000
058175,旺宏凱基99購03  ,0,0,0,0,0,0,0,0,0,-27000,0,0,0,0,27000,-27000,-27000
058931,玉晶光統一9C購01,0,0,0,0,0,0,0,0,0,-27000,0,0,0,23000,50000,-27000,-27000
059343,宏達電凱基99購04,0,0,0,0,0,0,0,0,0,-27000,0,0,0,16000,43000,-27000,-27000
058535,玉晶光統一9A購06,0,0,0,0,0,0,0,0,0,-27000,0,0,0,15000,42000,-27000,-27000
059702,台積電凱基9A購14,0,0,0,0,0,0,0,0,0,-27000,0,0,0,0,27000,-27000,-27000
063138,聯發科統一01購05,0,0,0,0,0,0,0,0,0,-27000,0,0,0,0,27000,-27000,-27000
058558,鴻海日盛9A購02  ,0,0,0,0,0,0,0,0,0,-27000,0,0,0,0,27000,-27000,-27000
063453,創意統一9C購01  ,0,0,0,0,0,0,0,0,0,-27000,0,0,0,8000,35000,-27000,-27000
060849,力成國票9A購01  ,0,0,0,0,0,0,0,0,0,-27000,0,0,0,0,27000,-27000,-27000
057852,國巨國票99購05  ,0,0,0,0,0,0,0,0,0,-27000,0,0,0,0,27000,-27000,-27000
057714,聯發科統一98購05,0,0,0,0,0,0,0,0,0,-27000,0,0,0,0,27000,-27000,-27000
057923,晶豪科凱基98購02,0,0,0,0,0,0,0,0,0,-27000,0,0,0,18000,45000,-27000,-27000
057980,聯詠永豐98購01  ,0,0,0,0,0,0,0,0,0,-27000,0,0,0,0,27000,-27000,-27000
060702,玉晶光國泰9C購02,0,0,0,0,0,0,0,0,0,-27000,0,0,0,4000,31000,-27000,-27000
060638,玉晶光永豐9A購04,0,0,0,0,0,0,0,0,0,-27000,0,0,0,0,27000,-27000,-27000
059940,微星永豐99購01  ,0,0,0,0,0,0,0,0,0,-27000,0,0,0,0,27000,-27000,-27000
059755,宏達電國泰9A購01,0,0,0,0,0,0,0,0,0,-27000,0,0,0,52000,79000,-27000,-27000
063557,聚陽元大9B購01  ,0,0,0,0,0,0,0,0,0,-27000,0,0,0,1000,28000,-27000,-27000
063625,儒鴻元大9B購03  ,0,0,0,0,0,0,0,0,0,-27000,0,0,0,34000,61000,-27000,-27000
064733,南六統一9C購03  ,0,0,0,0,0,0,0,0,0,-27000,0,0,0,49000,76000,-27000,-27000
064244,GIS統一02購01   ,0,0,0,0,0,0,0,0,0,-27000,0,0,0,0,27000,-27000,-27000
064382,台積電國泰01購01,0,0,0,0,0,0,0,0,0,-27000,0,0,0,2000,29000,-27000,-27000
07190P,臺股指富邦9C售02,0,0,0,0,0,0,0,0,0,-27000,0,0,0,30000,57000,-27000,-27000
07986P,大成鋼統一9B售02,0,0,0,0,0,0,0,0,0,-27000,0,0,0,0,27000,-27000,-27000
4725,信昌化          ,0,27000,-27000,0,0,0,0,0,0,0,0,0,0,0,0,0,-27000
5258,虹堡            ,7000,45000,-38000,0,0,0,0,0,0,11000,11000,0,11000,0,0,0,-27000
9188,精熙-DR         ,0,27000,-27000,0,0,0,0,0,0,0,0,0,0,0,0,0,-27000
061346,玉晶光元大9B購03,0,0,0,0,0,0,0,0,0,-28000,0,0,0,0,28000,-28000,-28000
061303,玉晶光永豐9B購03,0,0,0,0,0,0,0,0,0,-28000,0,0,0,0,28000,-28000,-28000
061298,華新科富邦01購02,0,0,0,0,0,0,0,0,0,-28000,0,0,0,0,28000,-28000,-28000
062263,康控元大9B購03  ,0,0,0,0,0,0,0,0,0,-28000,0,0,0,58000,86000,-28000,-28000
062477,聯詠國票9B購01  ,0,0,0,0,0,0,0,0,0,-28000,0,0,0,2000,30000,-28000,-28000
062153,智邦麥證9B購01  ,0,0,0,72000,100000,-28000,0,0,0,-28000,0,0,0,72000,100000,-28000,-28000
08386P,臺股指群益9C售14,0,0,0,0,0,0,0,0,0,-28000,0,0,0,2000,30000,-28000,-28000
2528,皇普            ,16000,44000,-28000,0,0,0,0,0,0,0,3000,3000,0,0,0,0,-28000
060909,金像電元大9B購01,0,0,0,0,0,0,0,0,0,-28000,0,0,0,88000,116000,-28000,-28000
056247,台郡群益97購01  ,0,0,0,0,0,0,0,0,0,-28000,0,0,0,0,28000,-28000,-28000
057128,台光電凱基98購03,0,0,0,0,0,0,0,0,0,-28000,0,0,0,0,28000,-28000,-28000
057147,新日興國票99購01,0,0,0,0,0,0,0,0,0,-28000,0,0,0,0,28000,-28000,-28000
057482,微星元大98購03  ,0,0,0,0,0,0,0,0,0,-28000,0,0,0,0,28000,-28000,-28000
054080,微星中信98購01  ,0,0,0,0,0,0,0,0,0,-28000,0,0,0,20000,48000,-28000,-28000
057279,國揚元大98購01  ,0,0,0,0,0,0,0,0,0,-28000,0,0,0,77000,105000,-28000,-28000
057216,聯發科群益99購01,0,0,0,0,0,0,0,0,0,-28000,0,0,0,0,28000,-28000,-28000
053063,力山群益98購01  ,0,0,0,0,0,0,0,0,0,-28000,0,0,0,10000,38000,-28000,-28000
060686,康友元大9A購02  ,0,0,0,0,0,0,0,0,0,-28000,0,0,0,117000,145000,-28000,-28000
059125,台積電第一03購02,0,0,0,0,0,0,0,0,0,-28000,0,0,0,102000,130000,-28000,-28000
058443,T50正2富邦01購01,0,0,0,0,0,0,0,0,0,-28000,0,0,0,16000,44000,-28000,-28000
063500,嘉晶永豐9B購02  ,0,0,0,0,0,0,0,0,0,-28000,0,0,0,0,28000,-28000,-28000
063294,美律麥證9B購01  ,0,0,0,7000,35000,-28000,0,0,0,-28000,0,0,0,7000,35000,-28000,-28000
063412,寶成國票9C購01  ,0,0,0,0,0,0,0,0,0,-28000,0,0,0,0,28000,-28000,-28000
058518,玉晶光元大99購13,0,0,0,0,0,0,0,0,0,-28000,0,0,0,62000,90000,-28000,-28000
07819P,旺宏國票9B售01  ,0,0,0,0,0,0,0,0,0,-28000,0,0,0,92000,120000,-28000,-28000
08054P,臺股指國票9B售19,0,0,0,0,0,0,0,0,0,-28000,0,0,0,35000,63000,-28000,-28000
08123P,台表科國票9C售01,0,0,0,0,0,0,0,0,0,-28000,0,0,0,2000,30000,-28000,-28000
07530P,聯發科凱基9A售11,0,0,0,0,0,0,0,0,0,-28000,0,0,0,2000,30000,-28000,-28000
064363,聯發科統一9C購14,0,0,0,0,0,0,0,0,0,-28000,0,0,0,0,28000,-28000,-28000
064607,台灣50元大9C購41,0,0,0,0,0,0,0,0,0,-28000,0,0,0,0,28000,-28000,-28000
063544,華新科台新9B購02,0,0,0,0,0,0,0,0,0,-28000,0,0,0,0,28000,-28000,-28000
064079,英業達中信9C購01,0,0,0,0,0,0,0,0,0,-28000,0,0,0,40000,68000,-28000,-28000
2374,佳能            ,22000,52000,-30000,0,0,0,0,0,0,1000,1000,0,1000,0,0,0,-29000
2375,凱美            ,407000,440000,-33000,0,0,0,0,0,0,4000,1000,8000,-7000,38000,27000,11000,-29000
061927,玉晶光凱基9C購01,0,0,0,0,0,0,0,0,0,-29000,0,0,0,1000,30000,-29000,-29000
061819,茂林群益9B購01  ,0,0,0,0,0,0,0,0,0,-29000,0,0,0,7000,36000,-29000,-29000
062160,南六凱基9B購01  ,0,0,0,0,0,0,0,0,0,-29000,0,0,0,52000,81000,-29000,-29000
062141,遠東新國票9B購01,0,0,0,0,0,0,0,0,0,-29000,0,0,0,9000,38000,-29000,-29000
062868,葡萄王中信9B購01,0,0,0,0,0,0,0,0,0,-29000,0,0,0,19000,48000,-29000,-29000
055217,緯創凱基97購02  ,0,0,0,0,0,0,0,0,0,-29000,0,0,0,30000,59000,-29000,-29000
057334,技嘉國票98購02  ,0,0,0,0,0,0,0,0,0,-29000,0,0,0,47000,76000,-29000,-29000
057303,喬山兆豐99購01  ,0,0,0,0,0,0,0,0,0,-29000,0,0,0,71000,100000,-29000,-29000
055771,台積電日盛97購04,0,0,0,0,0,0,0,0,0,-29000,0,0,0,41000,70000,-29000,-29000
055774,台光電凱基97購02,0,0,0,0,0,0,0,0,0,-29000,0,0,0,0,29000,-29000,-29000
060180,上証2X元富9A購02,0,0,0,0,0,0,0,0,0,-29000,0,0,0,0,29000,-29000,-29000
058803,世紀鋼元大99購03,0,0,0,0,0,0,0,0,0,-29000,0,0,0,11000,40000,-29000,-29000
058567,華新科凱基9A購02,0,0,0,0,0,0,0,0,0,-29000,0,0,0,16000,45000,-29000,-29000
059694,創意永豐99購03  ,0,0,0,0,0,0,0,0,0,-29000,0,0,0,0,29000,-29000,-29000
058342,鴻海群益9A購01  ,0,0,0,0,0,0,0,0,0,-29000,0,0,0,2000,31000,-29000,-29000
060824,旺宏元大9A購06  ,0,0,0,0,0,0,0,0,0,-29000,0,0,0,21000,50000,-29000,-29000
058249,緯穎元大99購04  ,0,0,0,0,0,0,0,0,0,-29000,0,0,0,0,29000,-29000,-29000
060156,光磊永豐9A購01  ,0,0,0,0,0,0,0,0,0,-29000,0,0,0,95000,124000,-29000,-29000
063887,香港2X中信02購01,0,0,0,0,0,0,0,0,0,-29000,0,0,0,1000,30000,-29000,-29000
064575,鈺齊群益9C購01  ,0,0,0,0,0,0,0,0,0,-29000,0,0,0,42000,71000,-29000,-29000
064518,華新科群益02購01,0,0,0,0,0,0,0,0,0,-29000,0,0,0,0,29000,-29000,-29000
08153P,台表科統一9B售01,0,0,0,0,0,0,0,0,0,-29000,0,0,0,44000,73000,-29000,-29000
08168P,金像電群益9B售03,0,0,0,0,0,0,0,0,0,-29000,0,0,0,65000,94000,-29000,-29000
07711P,世芯元大9A售07  ,0,0,0,0,0,0,0,0,0,-29000,0,0,0,158000,187000,-29000,-29000
062836,同欣電群益9B購02,0,0,0,0,0,0,0,0,0,-30000,0,0,0,337000,367000,-30000,-30000
061064,可成凱基9B購02  ,0,0,0,0,0,0,0,0,0,-30000,0,0,0,5000,35000,-30000,-30000
061617,微星群益9A購02  ,0,0,0,0,0,0,0,0,0,-30000,0,0,0,0,30000,-30000,-30000
061272,超眾凱基9A購03  ,0,0,0,0,0,0,0,0,0,-30000,0,0,0,0,30000,-30000,-30000
061160,瑞祺群益9A購01  ,0,0,0,0,0,0,0,0,0,-30000,0,0,0,0,30000,-30000,-30000
061228,聯茂中信9A購01  ,0,0,0,0,0,0,0,0,0,-30000,0,0,0,36000,66000,-30000,-30000
062810,華通兆豐9B購02  ,0,0,0,0,0,0,0,0,0,-30000,0,0,0,10000,40000,-30000,-30000
062730,致伸凱基9B購01  ,0,0,0,0,0,0,0,0,0,-30000,0,0,0,105000,135000,-30000,-30000
062941,大立光凱基9B購07,0,0,0,0,0,0,0,0,0,-30000,0,0,0,0,30000,-30000,-30000
062116,元金2X第一9B購01,0,0,0,0,0,0,0,0,0,-30000,0,0,0,0,30000,-30000,-30000
062321,力成台新9B購01  ,0,0,0,0,0,0,0,0,0,-30000,0,0,0,0,30000,-30000,-30000
062302,聯詠中信05購02  ,0,0,0,0,0,0,0,0,0,-30000,0,0,0,10000,40000,-30000,-30000
062668,國巨中信9B購04  ,0,0,0,0,0,0,0,0,0,-30000,0,0,0,0,30000,-30000,-30000
06263P,燿華凱基97售04  ,0,0,0,0,0,0,0,0,0,-30000,0,0,0,0,30000,-30000,-30000
061917,亞德客凱基9B購02,0,0,0,0,0,0,0,0,0,-30000,0,0,0,20000,50000,-30000,-30000
062563,緯穎凱基9B購03  ,0,0,0,0,0,0,0,0,0,-30000,0,0,0,20000,50000,-30000,-30000
08292P,華新科台新9C售01,0,0,0,0,0,0,0,0,0,-30000,0,0,0,0,30000,-30000,-30000
2495,普安            ,9000,30000,-21000,0,0,0,0,0,0,-9000,1000,10000,-9000,0,0,0,-30000
056665,上証2X國票99購02,0,0,0,0,0,0,0,0,0,-30000,0,0,0,0,30000,-30000,-30000
060899,超眾凱基9A購01  ,0,0,0,0,0,0,0,0,0,-30000,0,0,0,0,30000,-30000,-30000
060918,康友國泰9C購01  ,0,0,0,0,0,0,0,0,0,-30000,0,0,0,30000,60000,-30000,-30000
060275,元黃金元大9A購01,0,0,0,0,0,0,0,0,0,-30000,0,0,0,0,30000,-30000,-30000
058183,國巨富邦9A購06  ,0,0,0,0,0,0,0,0,0,-30000,0,0,0,0,30000,-30000,-30000
056527,大成鋼凱基98購03,0,0,0,0,0,0,0,0,0,-30000,0,0,0,0,30000,-30000,-30000
056543,京鼎凱基98購01  ,0,0,0,0,0,0,0,0,0,-30000,0,0,0,20000,50000,-30000,-30000
05593P,鴻海國票97售03  ,0,0,0,0,0,0,0,0,0,-30000,0,0,0,0,30000,-30000,-30000
055850,聯詠元大97購06  ,0,0,0,0,0,0,0,0,0,-30000,0,0,0,0,30000,-30000,-30000
055909,大成鋼凱基98購02,0,0,0,0,0,0,0,0,0,-30000,0,0,0,0,30000,-30000,-30000
055876,美食元富9A購01  ,0,0,0,0,0,0,0,0,0,-30000,0,0,0,70000,100000,-30000,-30000
056116,義隆群益97購02  ,0,0,0,0,0,0,0,0,0,-30000,0,0,0,0,30000,-30000,-30000
056147,鴻海日盛97購05  ,0,0,0,0,0,0,0,0,0,-30000,0,0,0,0,30000,-30000,-30000
056160,智易凱基97購03  ,0,0,0,0,0,0,0,0,0,-30000,0,0,0,0,30000,-30000,-30000
057080,華新科統一99購02,0,0,0,0,0,0,0,0,0,-30000,0,0,0,0,30000,-30000,-30000
057023,美律凱基99購02  ,0,0,0,0,0,0,0,0,0,-30000,0,0,0,0,30000,-30000,-30000
056819,奇力新永豐98購01,0,0,0,0,0,0,0,0,0,-30000,0,0,0,0,30000,-30000,-30000
056979,微星群益98購01  ,0,0,0,0,0,0,0,0,0,-30000,0,0,0,0,30000,-30000,-30000
056458,日月光凱基98購02,0,0,0,0,0,0,0,0,0,-30000,0,0,0,0,30000,-30000,-30000
055358,臻鼎凱基97購01  ,0,0,0,0,0,0,0,0,0,-30000,0,0,0,0,30000,-30000,-30000
055411,國巨富邦9A購02  ,0,0,0,0,0,0,0,0,0,-30000,0,0,0,0,30000,-30000,-30000
053398,和鑫中信99購01  ,0,0,0,0,0,0,0,0,0,-30000,0,0,0,0,30000,-30000,-30000
054177,牧德台新97購01  ,0,0,0,0,0,0,0,0,0,-30000,0,0,0,0,30000,-30000,-30000
054309,禾伸堂凱基98購01,0,0,0,0,0,0,0,0,0,-30000,0,0,0,0,30000,-30000,-30000
054383,傳奇群益97購01  ,0,0,0,0,0,0,0,0,0,-30000,0,0,0,0,30000,-30000,-30000
054404,新日興康和96購01,0,0,0,0,0,0,0,0,0,-30000,0,0,0,0,30000,-30000,-30000
053612,T50反1群益96購01,0,0,0,0,0,0,0,0,0,-30000,0,0,0,0,30000,-30000,-30000
054747,麗豐凱基98購01  ,0,0,0,0,0,0,0,0,0,-30000,0,0,0,0,30000,-30000,-30000
053088,奇鋐元大98購01  ,0,0,0,0,0,0,0,0,0,-30000,0,0,0,0,30000,-30000,-30000
053107,旺宏兆豐97購01  ,0,0,0,0,0,0,0,0,0,-30000,0,0,0,20000,50000,-30000,-30000
052885,高鐵兆豐98購01  ,0,0,0,0,0,0,0,0,0,-30000,0,0,0,0,30000,-30000,-30000
05207P,高股息中信97售03,0,0,0,0,0,0,0,0,0,-30000,0,0,0,0,30000,-30000,-30000
058242,玉晶光元大9A購01,0,0,0,0,0,0,0,0,0,-30000,0,0,0,0,30000,-30000,-30000
059127,國巨中信99購04  ,0,0,0,0,0,0,0,0,0,-30000,0,0,0,0,30000,-30000,-30000
059147,矽創國票99購01  ,0,0,0,0,0,0,0,0,0,-30000,0,0,0,0,30000,-30000,-30000
060666,聯茂凱基9A購02  ,0,0,0,0,0,0,0,0,0,-30000,0,0,0,0,30000,-30000,-30000
060841,宏達電國票9B購01,0,0,0,0,0,0,0,0,0,-30000,0,0,0,79000,109000,-30000,-30000
060775,世芯凱基9A購02  ,0,0,0,0,0,0,0,0,0,-30000,0,0,0,0,30000,-30000,-30000
060553,祥碩凱基9A購01  ,0,0,0,0,0,0,0,0,0,-30000,0,0,0,0,30000,-30000,-30000
060554,中租凱基9A購01  ,0,0,0,0,0,0,0,0,0,-30000,0,0,0,0,30000,-30000,-30000
058319,大毅永豐9A購01  ,0,0,0,0,0,0,0,0,0,-30000,0,0,0,0,30000,-30000,-30000
059203,勤誠永豐99購02  ,0,0,0,0,0,0,0,0,0,-30000,0,0,0,4000,34000,-30000,-30000
057847,聯茂永豐98購01  ,0,0,0,0,0,0,0,0,0,-30000,0,0,0,0,30000,-30000,-30000
05773P,臺股指凱基99售03,0,0,0,0,0,0,0,0,0,-30000,0,0,0,610000,640000,-30000,-30000
057944,新日興國票99購02,0,0,0,0,0,0,0,0,0,-30000,0,0,0,0,30000,-30000,-30000
057877,神達元大99購01  ,0,0,0,0,0,0,0,0,0,-30000,0,0,0,50000,80000,-30000,-30000
058021,牧德凱基98購02  ,0,0,0,0,0,0,0,0,0,-30000,0,0,0,70000,100000,-30000,-30000
058038,滬深反元大98購01,0,0,0,0,0,0,0,0,0,-30000,0,0,0,0,30000,-30000,-30000
059687,卜蜂永豐99購01  ,0,0,0,0,0,0,0,0,0,-30000,0,0,0,0,30000,-30000,-30000
063176,南亞科兆豐9B購01,0,0,0,0,0,0,0,0,0,-30000,0,0,0,0,30000,-30000,-30000
063202,南亞科統一9C購02,0,0,0,0,0,0,0,0,0,-30000,0,0,0,40000,70000,-30000,-30000
059654,T50反1元大99購09,0,0,0,0,0,0,0,0,0,-30000,0,0,0,0,30000,-30000,-30000
059647,超眾凱基99購04  ,0,0,0,0,0,0,0,0,0,-30000,0,0,0,0,30000,-30000,-30000
057632,傳奇永豐98購01  ,0,0,0,0,0,0,0,0,0,-30000,0,0,0,0,30000,-30000,-30000
063417,金像電凱基9B購03,0,0,0,0,0,0,0,0,0,-30000,0,0,0,47000,77000,-30000,-30000
063319,神達群益9B購01  ,0,0,0,0,0,0,0,0,0,-30000,0,0,0,50000,80000,-30000,-30000
058810,國巨統一9B購04  ,0,0,0,0,0,0,0,0,0,-30000,0,0,0,0,30000,-30000,-30000
060449,元金2X元大9A購02,0,0,0,0,0,0,0,0,0,-30000,0,0,0,10000,40000,-30000,-30000
058908,貿聯元大99購03  ,0,0,0,0,0,0,0,0,0,-30000,0,0,0,20000,50000,-30000,-30000
058955,台積電國票9A購04,0,0,0,0,0,0,0,0,0,-30000,0,0,0,28000,58000,-30000,-30000
058998,鴻海元大99購22  ,0,0,0,0,0,0,0,0,0,-30000,0,0,0,0,30000,-30000,-30000
058519,嘉澤元大99購01  ,0,0,0,0,0,0,0,0,0,-30000,0,0,0,5000,35000,-30000,-30000
059577,旺宏元富99購04  ,0,0,0,0,0,0,0,0,0,-30000,0,0,0,0,30000,-30000,-30000
058464,矽創兆豐9A購01  ,0,0,0,0,0,0,0,0,0,-30000,0,0,0,0,30000,-30000,-30000
058482,祥碩凱基99購02  ,0,0,0,0,0,0,0,0,0,-30000,0,0,0,0,30000,-30000,-30000
059434,全新元大99購05  ,0,0,0,0,0,0,0,0,0,-30000,0,0,0,0,30000,-30000,-30000
058677,矽格群益99購01  ,0,0,0,0,0,0,0,0,0,-30000,0,0,0,0,30000,-30000,-30000
07722P,玉晶光凱基9A售10,0,0,0,0,0,0,0,0,0,-30000,0,0,0,0,30000,-30000,-30000
07974P,上証2X元大9B售02,0,0,0,0,0,0,0,0,0,-30000,0,0,0,0,30000,-30000,-30000
061458,臻鼎凱基9A購02  ,0,0,0,0,0,0,0,0,0,-30000,0,0,0,30000,60000,-30000,-30000
062028,晶技群益9B購01  ,0,0,0,0,0,0,0,0,0,-30000,0,0,0,98000,128000,-30000,-30000
07409P,台積電台新99售07,0,0,0,0,0,0,0,0,0,-30000,0,0,0,0,30000,-30000,-30000
07382P,台積電群益9B售01,0,0,0,0,0,0,0,0,0,-30000,0,0,0,0,30000,-30000,-30000
07202P,台灣50凱基9C售04,0,0,0,0,0,0,0,0,0,-30000,0,0,0,204000,234000,-30000,-30000
07300P,臺股指元大9A售33,0,0,0,0,0,0,0,0,0,-30000,0,0,0,0,30000,-30000,-30000
07318P,鴻海凱基01售02  ,0,0,0,0,0,0,0,0,0,-30000,0,0,0,0,30000,-30000,-30000
07346P,FBVIX群益99售04 ,0,0,0,0,0,0,0,0,0,-30000,0,0,0,0,30000,-30000,-30000
07040P,台灣50元大9C售02,0,0,0,0,0,0,0,0,0,-30000,0,0,0,0,30000,-30000,-30000
07009P,臺股指中信9B售01,0,0,0,0,0,0,0,0,0,-30000,0,0,0,20000,50000,-30000,-30000
06455P,上銀統一99售03  ,0,0,0,0,0,0,0,0,0,-30000,0,0,0,0,30000,-30000,-30000
064604,聯茂元富9C購01  ,0,0,0,0,0,0,0,0,0,-30000,0,0,0,0,30000,-30000,-30000
064652,台灣50元大9C購43,0,0,0,0,0,0,0,0,0,-30000,0,0,0,0,30000,-30000,-30000
06514P,國巨凱基98售05  ,0,0,0,0,0,0,0,0,0,-30000,0,0,0,0,30000,-30000,-30000
064386,友達富邦01購01  ,0,0,0,0,0,0,0,0,0,-30000,0,0,0,0,30000,-30000,-30000
064413,世紀鋼凱基02購01,0,0,0,0,0,0,0,0,0,-30000,0,0,0,0,30000,-30000,-30000
063906,T50反1凱基02購03,0,0,0,0,0,0,0,0,0,-30000,0,0,0,0,30000,-30000,-30000
064019,上銀元大9C購05  ,0,0,0,0,0,0,0,0,0,-30000,0,0,0,0,30000,-30000,-30000
063624,GIS兆豐9B購01   ,0,0,0,0,0,0,0,0,0,-30000,0,0,0,20000,50000,-30000,-30000
063765,上銀元富9B購09  ,0,0,0,0,0,0,0,0,0,-30000,0,0,0,10000,40000,-30000,-30000
5305,敦南            ,114000,144000,-30000,0,0,0,0,0,0,0,1000,1000,0,0,0,0,-30000
1439,中和            ,33000,65000,-32000,0,0,0,0,0,0,1000,1000,0,1000,0,0,0,-31000
061664,上銀中信9A購01  ,0,0,0,0,0,0,0,0,0,-31000,0,0,0,0,31000,-31000,-31000
061362,台塑國票9B購01  ,0,0,0,0,0,0,0,0,0,-31000,0,0,0,19000,50000,-31000,-31000
062626,台積電國票9C購04,0,0,0,0,0,0,0,0,0,-31000,0,0,0,43000,74000,-31000,-31000
062631,奇力新國票9B購01,0,0,0,0,0,0,0,0,0,-31000,0,0,0,0,31000,-31000,-31000
062438,台光電元大9B購04,0,0,0,0,0,0,0,0,0,-31000,0,0,0,0,31000,-31000,-31000
060988,華新科元大9A購12,0,0,0,0,0,0,0,0,0,-31000,0,0,0,120000,151000,-31000,-31000
062313,聯詠凱基9C購01  ,0,0,0,0,0,0,0,0,0,-31000,0,0,0,0,31000,-31000,-31000
061027,儒鴻永豐9A購02  ,0,0,0,0,0,0,0,0,0,-31000,0,0,0,2000,33000,-31000,-31000
055365,華通元大97購03  ,0,0,0,0,0,0,0,0,0,-31000,0,0,0,30000,61000,-31000,-31000
058178,國巨國泰9A購02  ,0,0,0,0,0,0,0,0,0,-31000,0,0,0,0,31000,-31000,-31000
059027,神達台新99購02  ,0,0,0,0,0,0,0,0,0,-31000,0,0,0,0,31000,-31000,-31000
060191,亞光元富9A購02  ,0,0,0,0,0,0,0,0,0,-31000,0,0,0,1000,32000,-31000,-31000
059493,國巨國票9B購01  ,0,0,0,0,0,0,0,0,0,-31000,0,0,0,0,31000,-31000,-31000
063411,和潤國票9C購01  ,0,0,0,0,0,0,0,0,0,-31000,0,0,0,6000,37000,-31000,-31000
063416,台積電凱基9B購10,0,0,0,0,0,0,0,0,0,-31000,0,0,0,2000,33000,-31000,-31000
057985,華通元富02購03  ,0,0,0,0,0,0,0,0,0,-31000,0,0,0,2000,33000,-31000,-31000
057973,神達富邦9A購01  ,0,0,0,0,0,0,0,0,0,-31000,0,0,0,60000,91000,-31000,-31000
057772,台積電群益99購01,0,0,0,0,0,0,0,0,0,-31000,0,0,0,0,31000,-31000,-31000
060571,京元電永豐9A購01,0,0,0,0,0,0,0,0,0,-31000,0,0,0,0,31000,-31000,-31000
06376P,上銀統一99售01  ,0,0,0,0,0,0,0,0,0,-31000,0,0,0,9000,40000,-31000,-31000
064278,高鐵元大9C購02  ,0,0,0,0,0,0,0,0,0,-31000,0,0,0,33000,64000,-31000,-31000
064581,葡萄王永豐9C購01,0,0,0,0,0,0,0,0,0,-31000,0,0,0,0,31000,-31000,-31000
06999P,玉晶光國票9B售01,0,0,0,0,0,0,0,0,0,-31000,0,0,0,13000,44000,-31000,-31000
06730P,祥碩元大98售07  ,0,0,0,0,0,0,0,0,0,-31000,0,0,0,402000,433000,-31000,-31000
07773P,台灣50群益9A售15,0,0,0,0,0,0,0,0,0,-31000,0,0,0,10000,41000,-31000,-31000
4141,龍燈-KY         ,1000,22000,-21000,0,0,0,0,0,0,-10000,2000,12000,-10000,0,0,0,-31000
061518,達方永豐9A購02  ,0,0,0,0,0,0,0,0,0,-32000,0,0,0,1000,33000,-32000,-32000
062178,上銀元大9B購03  ,0,0,0,0,0,0,0,0,0,-32000,0,0,0,0,32000,-32000,-32000
061131,崇越永豐9A購01  ,0,0,0,0,0,0,0,0,0,-32000,0,0,0,0,32000,-32000,-32000
059009,世紀鋼元大99購04,0,0,0,0,0,0,0,0,0,-32000,0,0,0,112000,144000,-32000,-32000
05606P,TPK國票97售02   ,0,0,0,0,0,0,0,0,0,-32000,0,0,0,0,32000,-32000,-32000
055205,京鼎中信99購01  ,0,0,0,0,0,0,0,0,0,-32000,0,0,0,98000,130000,-32000,-32000
05730P,臺股指凱基97售03,0,0,0,0,0,0,0,0,0,-32000,0,0,0,20000,52000,-32000,-32000
06059P,泰碩元大97售02  ,0,0,0,0,0,0,0,0,0,-32000,0,0,0,38000,70000,-32000,-32000
058387,國巨國票9A購03  ,0,0,0,0,0,0,0,0,0,-32000,0,0,0,5000,37000,-32000,-32000
058004,大立光群益98購03,0,0,0,0,0,0,0,0,0,-32000,0,0,0,20000,52000,-32000,-32000
058195,鈺齊永豐99購01  ,0,0,0,0,0,0,0,0,0,-32000,0,0,0,100000,132000,-32000,-32000
060104,新日興元大99購03,0,0,0,0,0,0,0,0,0,-32000,0,0,0,2000,34000,-32000,-32000
058503,鴻海元大99購14  ,0,0,0,0,0,0,0,0,0,-32000,0,0,0,0,32000,-32000,-32000
058516,健鼎元大99購02  ,0,0,0,0,0,0,0,0,0,-32000,0,0,0,33000,65000,-32000,-32000
058930,華新科統一9B購01,0,0,0,0,0,0,0,0,0,-32000,0,0,0,38000,70000,-32000,-32000
060408,和潤國泰9C購01  ,0,0,0,0,0,0,0,0,0,-32000,0,0,0,7000,39000,-32000,-32000
058790,楠梓電元大99購03,0,0,0,0,0,0,0,0,0,-32000,0,0,0,11000,43000,-32000,-32000
063934,寶成統一02購01  ,0,0,0,0,0,0,0,0,0,-32000,0,0,0,10000,42000,-32000,-32000
063969,晶豪科國票01購01,0,0,0,0,0,0,0,0,0,-32000,0,0,0,2000,34000,-32000,-32000
4967,十銓            ,249000,281000,-32000,0,0,0,0,0,0,0,1000,1000,0,0,0,0,-32000
4720,德淵            ,56000,87000,-31000,0,0,0,0,0,0,-1000,1000,2000,-1000,0,0,0,-32000
061388,台積電群益9A購05,0,0,0,0,0,0,0,0,0,-33000,0,0,0,3000,36000,-33000,-33000
061689,國巨群益9A購12  ,0,0,0,0,0,0,0,0,0,-33000,0,0,0,18000,51000,-33000,-33000
061992,祥碩元大9B購02  ,0,0,0,0,0,0,0,0,0,-33000,0,0,0,0,33000,-33000,-33000
08338P,台灣50凱基9C售11,0,0,0,0,0,0,0,0,0,-33000,0,0,0,52000,85000,-33000,-33000
062615,亞德客元大9B購02,0,0,0,0,0,0,0,0,0,-33000,0,0,0,40000,73000,-33000,-33000
062425,可成統一01購01  ,0,0,0,0,0,0,0,0,0,-33000,0,0,0,0,33000,-33000,-33000
062256,聯發科元大9B購08,0,0,0,0,0,0,0,0,0,-33000,0,0,0,0,33000,-33000,-33000
061270,彩晶凱基9A購02  ,0,0,0,0,0,0,0,0,0,-33000,0,0,0,21000,54000,-33000,-33000
054923,晶技凱基98購01  ,0,0,0,0,0,0,0,0,0,-33000,0,0,0,5000,38000,-33000,-33000
054248,燿華元大97購02  ,0,0,0,0,0,0,0,0,0,-33000,0,0,0,2000,35000,-33000,-33000
03421B,臺股指元大99熊01,0,0,0,0,0,0,0,0,0,-33000,0,0,0,0,33000,-33000,-33000
056245,嘉澤群益97購01  ,0,0,0,0,0,0,0,0,0,-33000,0,0,0,0,33000,-33000,-33000
058527,世紀鋼元大99購01,0,0,0,0,0,0,0,0,0,-33000,0,0,0,114000,147000,-33000,-33000
057580,玉山金中信9A購01,0,0,0,0,0,0,0,0,0,-33000,0,0,0,1000,34000,-33000,-33000
063305,亞光凱基9B購01  ,0,0,0,0,0,0,0,0,0,-33000,0,0,0,82000,115000,-33000,-33000
063493,金像電富邦01購01,0,0,0,0,0,0,0,0,0,-33000,0,0,0,71000,104000,-33000,-33000
059928,道瓊銀富邦03購01,0,0,0,0,0,0,0,0,0,-33000,0,0,0,5000,38000,-33000,-33000
060383,葡萄王凱基9A購01,0,0,0,0,0,0,0,0,0,-33000,0,0,0,66000,99000,-33000,-33000
058010,帆宣國票98購01  ,0,0,0,0,0,0,0,0,0,-33000,0,0,0,0,33000,-33000,-33000
058071,大立光凱基98購19,0,0,0,0,0,0,0,0,0,-33000,0,0,0,0,33000,-33000,-33000
057956,全新元大99購04  ,0,0,0,0,0,0,0,0,0,-33000,0,0,0,0,33000,-33000,-33000
059282,嘉聯益永豐99購01,0,0,0,0,0,0,0,0,0,-33000,0,0,0,0,33000,-33000,-33000
058270,上緯控永豐99購01,0,0,0,0,0,0,0,0,0,-33000,0,0,0,55000,88000,-33000,-33000
060784,鴻海富邦9C購01  ,0,0,0,0,0,0,0,0,0,-33000,0,0,0,126000,159000,-33000,-33000
064012,泰碩國票01購02  ,0,0,0,0,0,0,0,0,0,-33000,0,0,0,2000,35000,-33000,-33000
064043,台積電統一9C購10,0,0,0,0,0,0,0,0,0,-33000,0,0,0,269000,302000,-33000,-33000
064083,群創中信06購01  ,0,0,0,0,0,0,0,0,0,-33000,0,0,0,4000,37000,-33000,-33000
063684,上銀永豐9B購02  ,0,0,0,0,0,0,0,0,0,-33000,0,0,0,0,33000,-33000,-33000
063640,貿聯元大9B購03  ,0,0,0,0,0,0,0,0,0,-33000,0,0,0,0,33000,-33000,-33000
064170,儒鴻元富9C購01  ,0,0,0,0,0,0,0,0,0,-33000,0,0,0,36000,69000,-33000,-33000
064401,台達電凱基06購01,0,0,0,0,0,0,0,0,0,-33000,0,0,0,0,33000,-33000,-33000
061476,大毅元大9A購02  ,0,0,0,0,0,0,0,0,0,-33000,0,0,0,11000,44000,-33000,-33000
07133P,臺股指元大9A售27,0,0,0,0,0,0,0,0,0,-33000,0,0,0,58000,91000,-33000,-33000
062379,致新元大9B購01  ,0,0,0,0,0,0,0,0,0,-34000,0,0,0,49000,83000,-34000,-34000
1104,環泥            ,40000,78000,-38000,0,0,0,0,0,0,4000,4000,0,4000,0,0,0,-34000
1432,大魯閣          ,1000,35000,-34000,0,0,0,0,0,0,0,0,0,0,0,0,0,-34000
061853,晶技國票9B購02  ,0,0,0,0,0,0,0,0,0,-34000,0,0,0,38000,72000,-34000,-34000
056142,超眾元大97購06  ,0,0,0,0,0,0,0,0,0,-34000,0,0,0,13000,47000,-34000,-34000
056001,美食永豐97購01  ,0,0,0,0,0,0,0,0,0,-34000,0,0,0,0,34000,-34000,-34000
060247,牧德元大9A購02  ,0,0,0,0,0,0,0,0,0,-34000,0,0,0,0,34000,-34000,-34000
055029,帆宣國泰99購01  ,0,0,0,0,0,0,0,0,0,-34000,0,0,0,0,34000,-34000,-34000
060848,聯茂國票9A購02  ,0,0,0,0,0,0,0,0,0,-34000,0,0,0,0,34000,-34000,-34000
057742,喬山永豐98購02  ,0,0,0,0,0,0,0,0,0,-34000,0,0,0,3000,37000,-34000,-34000
057962,超眾元大99購03  ,0,0,0,0,0,0,0,0,0,-34000,0,0,0,7000,41000,-34000,-34000
060661,台積電凱基9A購18,0,0,0,0,0,0,0,0,0,-34000,0,0,0,6000,40000,-34000,-34000
059732,超眾元大9A購01  ,0,0,0,0,0,0,0,0,0,-34000,0,0,0,13000,47000,-34000,-34000
063339,智邦統一01購01  ,0,0,0,0,0,0,0,0,0,-34000,0,0,0,212000,246000,-34000,-34000
07442P,華航康和9A售02  ,0,0,0,0,0,0,0,0,0,-34000,0,0,0,0,34000,-34000,-34000
06847P,奇力新元大98售05,0,0,0,0,0,0,0,0,0,-34000,0,0,0,181000,215000,-34000,-34000
08150P,立積國票9C售01  ,0,0,0,0,0,0,0,0,0,-34000,0,0,0,0,34000,-34000,-34000
06426P,T50正2元大9B售01,0,0,0,0,0,0,0,0,0,-34000,0,0,0,0,34000,-34000,-34000
064491,金像電元大9C購03,0,0,0,0,0,0,0,0,0,-34000,0,0,0,14000,48000,-34000,-34000
063630,智邦元大9B購09  ,0,0,0,0,0,0,0,0,0,-34000,0,0,0,173000,207000,-34000,-34000
063710,光寶科凱基9C購01,0,0,0,0,0,0,0,0,0,-34000,0,0,0,21000,55000,-34000,-34000
063897,神達群益9C購01  ,0,0,0,0,0,0,0,0,0,-34000,0,0,0,0,34000,-34000,-34000
06190P,玉晶光永豐97售05,0,0,0,0,0,0,0,0,0,-35000,0,0,0,0,35000,-35000,-35000
061833,華新科凱基02購01,0,0,0,0,0,0,0,0,0,-35000,0,0,0,10000,45000,-35000,-35000
1313,聯成            ,313000,366000,-53000,0,0,0,0,0,0,18000,18000,0,18000,0,0,0,-35000
2605,新興            ,332000,243000,89000,0,0,0,0,120000,-120000,-4000,0,4000,-4000,0,0,0,-35000
062437,廣達元大9B購01  ,0,0,0,0,0,0,0,0,0,-35000,0,0,0,0,35000,-35000,-35000
061334,華通元大9A購09  ,0,0,0,0,0,0,0,0,0,-35000,0,0,0,7000,42000,-35000,-35000
061567,華通元大9A購11  ,0,0,0,0,0,0,0,0,0,-35000,0,0,0,1000,36000,-35000,-35000
062769,臺股指凱基9B購13,0,0,0,0,0,0,0,0,0,-35000,0,0,0,0,35000,-35000,-35000
056252,聯發科兆豐97購03,0,0,0,0,0,0,0,0,0,-35000,0,0,0,0,35000,-35000,-35000
063469,牧德元大9C購02  ,0,0,0,0,0,0,0,0,0,-35000,0,0,0,10000,45000,-35000,-35000
063451,漢翔統一9C購01  ,0,0,0,0,0,0,0,0,0,-35000,0,0,0,0,35000,-35000,-35000
063523,微星凱基9B購03  ,0,0,0,0,0,0,0,0,0,-35000,0,0,0,0,35000,-35000,-35000
059594,奇力新元大9B購01,0,0,0,0,0,0,0,0,0,-35000,0,0,0,0,35000,-35000,-35000
059907,道瓊指元大99購03,0,0,0,0,0,0,0,0,0,-35000,0,0,0,0,35000,-35000,-35000
060640,京鼎永豐9A購01  ,0,0,0,0,0,0,0,0,0,-35000,0,0,0,57000,92000,-35000,-35000
060774,南亞科凱基9A購01,0,0,0,0,0,0,0,0,0,-35000,0,0,0,0,35000,-35000,-35000
060776,世芯凱基9B購01  ,0,0,0,0,0,0,0,0,0,-35000,0,0,0,0,35000,-35000,-35000
063849,奇鋐元大9C購01  ,0,0,0,0,0,0,0,0,0,-35000,0,0,0,1000,36000,-35000,-35000
063733,聯發科元大9B購27,0,0,0,0,0,0,0,0,0,-35000,0,0,0,264000,299000,-35000,-35000
063638,華新科元大9B購14,0,0,0,0,0,0,0,0,0,-35000,0,0,0,0,35000,-35000,-35000
064473,技嘉麥證9C購01  ,0,0,0,0,35000,-35000,0,0,0,-35000,0,0,0,0,35000,-35000,-35000
06453P,群創元大9B售02  ,0,0,0,0,0,0,0,0,0,-35000,0,0,0,65000,100000,-35000,-35000
064535,國產國票01購01  ,0,0,0,0,0,0,0,0,0,-35000,0,0,0,0,35000,-35000,-35000
064536,富邦金國票01購01,0,0,0,0,0,0,0,0,0,-35000,0,0,0,34000,69000,-35000,-35000
064537,健鼎國票01購02  ,0,0,0,0,0,0,0,0,0,-35000,0,0,0,0,35000,-35000,-35000
064590,牧德永豐9C購01  ,0,0,0,0,0,0,0,0,0,-35000,0,0,0,2000,37000,-35000,-35000
064296,奇鋐國票01購01  ,0,0,0,0,0,0,0,0,0,-35000,0,0,0,0,35000,-35000,-35000
064337,大毅元大01購02  ,0,0,0,0,0,0,0,0,0,-35000,0,0,0,83000,118000,-35000,-35000
08063P,立積國票9B售03  ,0,0,0,0,0,0,0,0,0,-35000,0,0,0,0,35000,-35000,-35000
08202P,台表科國泰01售04,0,0,0,0,0,0,0,0,0,-35000,0,0,0,5000,40000,-35000,-35000
07917P,可成永豐9B售01  ,0,0,0,0,0,0,0,0,0,-35000,0,0,0,0,35000,-35000,-35000
07124P,台積電元大99售21,0,0,0,0,0,0,0,0,0,-35000,0,0,0,85000,120000,-35000,-35000
4306,炎洲            ,40000,70000,-30000,0,0,0,0,0,0,-5000,5000,10000,-5000,0,0,0,-35000
8429,金麗-KY         ,31000,66000,-35000,0,0,0,0,0,0,0,0,0,0,0,0,0,-35000
063092,聯發科中信9B購03,0,0,0,0,0,0,0,0,0,-36000,0,0,0,0,36000,-36000,-36000
063105,健策群益9C購01  ,0,0,0,0,0,0,0,0,0,-36000,0,0,0,78000,114000,-36000,-36000
061212,聯鈞元大9A購04  ,0,0,0,0,0,0,0,0,0,-36000,0,0,0,46000,82000,-36000,-36000
062091,世紀鋼元大9B購01,0,0,0,0,0,0,0,0,0,-36000,0,0,0,23000,59000,-36000,-36000
060884,超眾中信9B購01  ,0,0,0,0,0,0,0,0,0,-36000,0,0,0,0,36000,-36000,-36000
056506,晶豪科永豐98購02,0,0,0,0,0,0,0,0,0,-36000,0,0,0,0,36000,-36000,-36000
057150,貿聯國票99購02  ,0,0,0,0,0,0,0,0,0,-36000,0,0,0,0,36000,-36000,-36000
055235,金寶台新98購01  ,0,0,0,0,0,0,0,0,0,-36000,0,0,0,0,36000,-36000,-36000
054929,群電凱基97購01  ,0,0,0,0,0,0,0,0,0,-36000,0,0,0,19000,55000,-36000,-36000
00771,元大US高息特別股,0,0,0,0,0,0,0,0,0,-36000,0,0,0,12000,48000,-36000,-36000
054757,南亞國票98購01  ,0,0,0,0,0,0,0,0,0,-36000,0,0,0,0,36000,-36000,-36000
057788,嘉聯益國票99購01,0,0,0,0,0,0,0,0,0,-36000,0,0,0,3000,39000,-36000,-36000
060027,元金2X永豐99購02,0,0,0,0,0,0,0,0,0,-36000,0,0,0,0,36000,-36000,-36000
059509,奇力新永豐99購02,0,0,0,0,0,0,0,0,0,-36000,0,0,0,0,36000,-36000,-36000
058706,聯鈞元大9C購01  ,0,0,0,0,0,0,0,0,0,-36000,0,0,0,102000,138000,-36000,-36000
059692,聯詠永豐99購01  ,0,0,0,0,0,0,0,0,0,-36000,0,0,0,10000,46000,-36000,-36000
06887P,華新科元大98售04,0,0,0,0,0,0,0,0,0,-36000,0,0,0,10000,46000,-36000,-36000
064390,台塑永豐9C購01  ,0,0,0,0,0,0,0,0,0,-36000,0,0,0,0,36000,-36000,-36000
063764,上銀元富9B購08  ,0,0,0,0,0,0,0,0,0,-36000,0,0,0,0,36000,-36000,-36000
063821,南亞科麥證9C購01,0,0,0,24000,60000,-36000,0,0,0,-36000,0,0,0,24000,60000,-36000,-36000
064062,創意國泰01購01  ,0,0,0,0,0,0,0,0,0,-36000,0,0,0,193000,229000,-36000,-36000
9934,成霖            ,91000,127000,-36000,0,0,0,0,0,0,0,0,0,0,0,0,0,-36000
6409,旭隼            ,133050,170600,-37550,0,0,0,0,0,0,1000,1000,0,1000,0,0,0,-36550
062140,元金2X國票9B購03,0,0,0,0,0,0,0,0,0,-37000,0,0,0,0,37000,-37000,-37000
062971,英業達元富9B購01,0,0,0,0,0,0,0,0,0,-37000,0,0,0,82000,119000,-37000,-37000
08318P,台積電台新01售01,0,0,0,0,0,0,0,0,0,-37000,0,0,0,83000,120000,-37000,-37000
00770,國泰北美科技    ,8000,0,8000,0,0,0,0,0,0,-45000,0,0,0,99000,144000,-45000,-37000
042793,台積電台新9C購01,0,0,0,0,0,0,0,0,0,-37000,0,0,0,0,37000,-37000,-37000
057466,泰鼎永豐98購01  ,0,0,0,0,0,0,0,0,0,-37000,0,0,0,22000,59000,-37000,-37000
057112,立積群益99購01  ,0,0,0,0,0,0,0,0,0,-37000,0,0,0,8000,45000,-37000,-37000
057364,國巨元大98購18  ,0,0,0,0,0,0,0,0,0,-37000,0,0,0,1000,38000,-37000,-37000
057507,貿聯國票98購02  ,0,0,0,0,0,0,0,0,0,-37000,0,0,0,0,37000,-37000,-37000
063502,南電永豐9B購02  ,0,0,0,0,0,0,0,0,0,-37000,0,0,0,65000,102000,-37000,-37000
063486,聚陽國泰9C購01  ,0,0,0,0,0,0,0,0,0,-37000,0,0,0,2000,39000,-37000,-37000
063487,國巨國泰01購02  ,0,0,0,0,0,0,0,0,0,-37000,0,0,0,31000,68000,-37000,-37000
059363,超眾永豐99購02  ,0,0,0,0,0,0,0,0,0,-37000,0,0,0,0,37000,-37000,-37000
060476,瑞祺元大9A購02  ,0,0,0,0,0,0,0,0,0,-37000,0,0,0,2000,39000,-37000,-37000
057572,明泰永豐98購01  ,0,0,0,0,0,0,0,0,0,-37000,0,0,0,0,37000,-37000,-37000
060043,全新群益9B購02  ,0,0,0,0,0,0,0,0,0,-37000,0,0,0,0,37000,-37000,-37000
059731,康控元大99購04  ,0,0,0,0,0,0,0,0,0,-37000,0,0,0,13000,50000,-37000,-37000
059831,聯詠康和99購01  ,0,0,0,0,0,0,0,0,0,-37000,0,0,0,0,37000,-37000,-37000
059942,全新永豐99購04  ,0,0,0,0,0,0,0,0,0,-37000,0,0,0,0,37000,-37000,-37000
064002,仁寶凱基9C購01  ,0,0,0,0,0,0,0,0,0,-37000,0,0,0,61000,98000,-37000,-37000
064117,中興電元大9C購01,0,0,0,0,0,0,0,0,0,-37000,0,0,0,0,37000,-37000,-37000
064504,玉晶光元大01購02,0,0,0,0,0,0,0,0,0,-37000,0,0,0,11000,48000,-37000,-37000
07110P,台灣50群益9B售03,0,0,0,0,0,0,0,0,0,-37000,0,0,0,0,37000,-37000,-37000
061463,智邦群益9A購02  ,0,0,0,0,0,0,0,0,0,-37000,0,0,0,50000,87000,-37000,-37000
4935,茂林-KY         ,358000,218000,140000,0,0,0,0,123000,-123000,-54000,36000,51000,-15000,5000,44000,-39000,-37000
2852,第一保          ,10000,47000,-37000,0,0,0,0,0,0,0,0,0,0,0,0,0,-37000
2913,農林            ,165000,211000,-46000,0,0,0,0,0,0,9000,9000,0,9000,0,0,0,-37000
3050,鈺德            ,7000,44000,-37000,0,0,0,0,0,0,0,0,0,0,0,0,0,-37000
061248,健策群益9A購03  ,0,0,0,0,0,0,0,0,0,-38000,0,0,0,0,38000,-38000,-38000
062365,台光電元大9B購03,0,0,0,0,0,0,0,0,0,-38000,0,0,0,0,38000,-38000,-38000
056496,康控國泰99購01  ,0,0,0,0,0,0,0,0,0,-38000,0,0,0,0,38000,-38000,-38000
060183,南亞科元富9A購01,0,0,0,0,0,0,0,0,0,-38000,0,0,0,0,38000,-38000,-38000
059064,緯穎凱基99購02  ,0,0,0,0,0,0,0,0,0,-38000,0,0,0,0,38000,-38000,-38000
05131P,聯詠統一97售01  ,0,0,0,0,0,0,0,0,0,-38000,0,0,0,2000,40000,-38000,-38000
03448B,臺股指元大9C熊11,0,0,0,0,0,0,0,0,0,-38000,0,0,0,61000,99000,-38000,-38000
054540,泰鼎國票99購01  ,0,0,0,0,0,0,0,0,0,-38000,0,0,0,30000,68000,-38000,-38000
057335,技嘉國票99購01  ,0,0,0,0,0,0,0,0,0,-38000,0,0,0,45000,83000,-38000,-38000
053971,聯發科元大97購09,0,0,0,0,0,0,0,0,0,-38000,0,0,0,0,38000,-38000,-38000
060010,義隆群益99購02  ,0,0,0,0,0,0,0,0,0,-38000,0,0,0,2000,40000,-38000,-38000
060842,新光金國票9B購01,0,0,0,0,0,0,0,0,0,-38000,0,0,0,0,38000,-38000,-38000
058050,台郡元大99購05  ,0,0,0,0,0,0,0,0,0,-38000,0,0,0,0,38000,-38000,-38000
059597,大立光元大99購21,0,0,0,0,0,0,0,0,0,-38000,0,0,0,0,38000,-38000,-38000
058912,祥碩元大99購01  ,0,0,0,0,0,0,0,0,0,-38000,0,0,0,3000,41000,-38000,-38000
063290,GIS元大9B購02   ,0,0,0,0,0,0,0,0,0,-38000,0,0,0,25000,63000,-38000,-38000
07471P,南亞科元大9A售01,0,0,0,0,0,0,0,0,0,-38000,0,0,0,62000,100000,-38000,-38000
063848,大立光元大9C購09,0,0,0,0,0,0,0,0,0,-38000,0,0,0,0,38000,-38000,-38000
063888,TPK中信01購01   ,0,0,0,0,0,0,0,0,0,-38000,0,0,0,133000,171000,-38000,-38000
063750,和鑫國票9B購01  ,0,0,0,0,0,0,0,0,0,-38000,0,0,0,0,38000,-38000,-38000
063597,健策中信9B購02  ,0,0,0,0,0,0,0,0,0,-38000,0,0,0,188000,226000,-38000,-38000
3454,晶睿            ,22000,62000,-40000,0,0,0,0,0,0,2000,2000,0,2000,0,0,0,-38000
061210,玉山金元大9A購02,0,0,0,0,0,0,0,0,0,-39000,0,0,0,92000,131000,-39000,-39000
062906,全新元大9B購03  ,0,0,0,0,0,0,0,0,0,-39000,0,0,0,10000,49000,-39000,-39000
050758,聯發科元富9B購01,0,0,0,0,0,0,0,0,0,-39000,0,0,0,6000,45000,-39000,-39000
060248,日月光元大9A購01,0,0,0,0,0,0,0,0,0,-39000,0,0,0,30000,69000,-39000,-39000
056644,宏達電凱基98購04,0,0,0,0,0,0,0,0,0,-39000,0,0,0,35000,74000,-39000,-39000
060213,牧德康和9A購01  ,0,0,0,0,0,0,0,0,0,-39000,0,0,0,0,39000,-39000,-39000
060928,明泰永豐9A購01  ,0,0,0,0,0,0,0,0,0,-39000,0,0,0,0,39000,-39000,-39000
056124,華通國票98購02  ,0,0,0,0,0,0,0,0,0,-39000,0,0,0,21000,60000,-39000,-39000
055979,聯鈞統一97購03  ,0,0,0,0,0,0,0,0,0,-39000,0,0,0,0,39000,-39000,-39000
063246,嘉晶元大9C購01  ,0,0,0,0,0,0,0,0,0,-39000,0,0,0,170000,209000,-39000,-39000
060423,智易永豐9A購01  ,0,0,0,0,0,0,0,0,0,-39000,0,0,0,5000,44000,-39000,-39000
059536,新光金凱基99購05,0,0,0,0,0,0,0,0,0,-39000,0,0,0,1000,40000,-39000,-39000
057919,技嘉凱基98購03  ,0,0,0,0,0,0,0,0,0,-39000,0,0,0,39000,78000,-39000,-39000
059791,超眾元大99購06  ,0,0,0,0,0,0,0,0,0,-39000,0,0,0,11000,50000,-39000,-39000
060028,國揚永豐99購01  ,0,0,0,0,0,0,0,0,0,-39000,0,0,0,136000,175000,-39000,-39000
060079,台郡台新99購03  ,0,0,0,0,0,0,0,0,0,-39000,0,0,0,0,39000,-39000,-39000
060083,和大元大99購02  ,0,0,0,0,0,0,0,0,0,-39000,0,0,0,13000,52000,-39000,-39000
059128,友達中信99購02  ,0,0,0,0,0,0,0,0,0,-39000,0,0,0,21000,60000,-39000,-39000
064136,致新元大9C購01  ,0,0,0,0,0,0,0,0,0,-39000,0,0,0,0,39000,-39000,-39000
064085,儒鴻凱基9C購02  ,0,0,0,0,0,0,0,0,0,-39000,0,0,0,19000,58000,-39000,-39000
064095,鴻海群益01購02  ,0,0,0,0,0,0,0,0,0,-39000,0,0,0,0,39000,-39000,-39000
064626,聯茂元大9C購01  ,0,0,0,0,0,0,0,0,0,-39000,0,0,0,0,39000,-39000,-39000
4581,光隆精密-KY     ,11000,50000,-39000,0,0,0,0,0,0,0,0,0,0,0,0,0,-39000
3588,通嘉            ,226000,87000,139000,0,0,0,0,177000,-177000,-1000,0,1000,-1000,0,0,0,-39000
061235,台積電元大9A購23,0,0,0,0,0,0,0,0,0,-40000,0,0,0,0,40000,-40000,-40000
062410,台積電第一9B購02,0,0,0,0,0,0,0,0,0,-40000,0,0,0,0,40000,-40000,-40000
061528,超眾凱基9A購04  ,0,0,0,0,0,0,0,0,0,-40000,0,0,0,0,40000,-40000,-40000
062601,富邦金台新9B購01,0,0,0,0,0,0,0,0,0,-40000,0,0,0,50000,90000,-40000,-40000
08389P,技嘉國票9C售01  ,0,0,0,0,0,0,0,0,0,-40000,0,0,0,0,40000,-40000,-40000
1218,泰山            ,753000,798000,-45000,0,0,0,0,0,0,5000,5000,0,5000,0,0,0,-40000
061835,華新科凱基02購03,0,0,0,0,0,0,0,0,0,-40000,0,0,0,0,40000,-40000,-40000
061989,晶技元大9B購04  ,0,0,0,0,0,0,0,0,0,-40000,0,0,0,54000,94000,-40000,-40000
061742,奇鋐凱基9B購01  ,0,0,0,0,0,0,0,0,0,-40000,0,0,0,10000,50000,-40000,-40000
055885,大成鋼統一97購02,0,0,0,0,0,0,0,0,0,-40000,0,0,0,0,40000,-40000,-40000
055865,臺股指元大97購02,0,0,0,0,0,0,0,0,0,-40000,0,0,0,0,40000,-40000,-40000
056523,光寶科中信98購01,0,0,0,0,0,0,0,0,0,-40000,0,0,0,96000,136000,-40000,-40000
056100,楠梓電永豐97購02,0,0,0,0,0,0,0,0,0,-40000,0,0,0,0,40000,-40000,-40000
056080,世紀鋼元大97購03,0,0,0,0,0,0,0,0,0,-40000,0,0,0,0,40000,-40000,-40000
060230,台積電元大9A購07,0,0,0,0,0,0,0,0,0,-40000,0,0,0,1000,41000,-40000,-40000
059056,技嘉凱基99購02  ,0,0,0,0,0,0,0,0,0,-40000,0,0,0,17000,57000,-40000,-40000
055551,致茂凱基98購01  ,0,0,0,0,0,0,0,0,0,-40000,0,0,0,0,40000,-40000,-40000
055670,矽創群益98購02  ,0,0,0,0,0,0,0,0,0,-40000,0,0,0,9000,49000,-40000,-40000
057430,富邦金兆豐98購01,0,0,0,0,0,0,0,0,0,-40000,0,0,0,0,40000,-40000,-40000
057034,道瓊反元大9B購01,0,0,0,0,0,0,0,0,0,-40000,0,0,0,0,40000,-40000,-40000
057491,美食元大98購03  ,0,0,0,0,0,0,0,0,0,-40000,0,0,0,10000,50000,-40000,-40000
053022,欣興國泰98購01  ,0,0,0,0,0,0,0,0,0,-40000,0,0,0,0,40000,-40000,-40000
057311,玉晶光日盛9A購01,0,0,0,0,0,0,0,0,0,-40000,0,0,0,1000,41000,-40000,-40000
054531,聯發科國泰97購02,0,0,0,0,0,0,0,0,0,-40000,0,0,0,0,40000,-40000,-40000
054642,訊芯中信9A購01  ,0,0,0,0,0,0,0,0,0,-40000,0,0,0,0,40000,-40000,-40000
054287,台積電元大97購11,0,0,0,0,0,0,0,0,0,-40000,0,0,0,0,40000,-40000,-40000
053490,為升兆豐97購01  ,0,0,0,0,0,0,0,0,0,-40000,0,0,0,0,40000,-40000,-40000
060615,T50反1元大9A購07,0,0,0,0,0,0,0,0,0,-40000,0,0,0,0,40000,-40000,-40000
060061,旺宏兆豐99購02  ,0,0,0,0,0,0,0,0,0,-40000,0,0,0,0,40000,-40000,-40000
060048,元金2X凱基99購03,0,0,0,0,0,0,0,0,0,-40000,0,0,0,0,40000,-40000,-40000
059880,世紀鋼凱基99購02,0,0,0,0,0,0,0,0,0,-40000,0,0,0,20000,60000,-40000,-40000
057903,聯鈞永豐99購01  ,0,0,0,0,0,0,0,0,0,-40000,0,0,0,10000,50000,-40000,-40000
058385,創意中信99購01  ,0,0,0,0,0,0,0,0,0,-40000,0,0,0,0,40000,-40000,-40000
059253,康控凱基9B購02  ,0,0,0,0,0,0,0,0,0,-40000,0,0,0,10000,50000,-40000,-40000
059204,台灣50元大01購02,0,0,0,0,0,0,0,0,0,-40000,0,0,0,0,40000,-40000,-40000
059174,訊芯凱基99購01  ,0,0,0,0,0,0,0,0,0,-40000,0,0,0,13000,53000,-40000,-40000
058345,台光電群益99購03,0,0,0,0,0,0,0,0,0,-40000,0,0,0,1000,41000,-40000,-40000
059564,鴻海凱基9A購15  ,0,0,0,0,0,0,0,0,0,-40000,0,0,0,1000,41000,-40000,-40000
058493,台積電群益9A購01,0,0,0,0,0,0,0,0,0,-40000,0,0,0,0,40000,-40000,-40000
057593,聯發科兆豐98購03,0,0,0,0,0,0,0,0,0,-40000,0,0,0,19000,59000,-40000,-40000
058688,矽創凱基9A購01  ,0,0,0,0,0,0,0,0,0,-40000,0,0,0,51000,91000,-40000,-40000
06323P,台郡統一97售01  ,0,0,0,0,0,0,0,0,0,-40000,0,0,0,0,40000,-40000,-40000
059639,大立光凱基9A購06,0,0,0,0,0,0,0,0,0,-40000,0,0,0,0,40000,-40000,-40000
058570,臻鼎凱基9A購01  ,0,0,0,0,0,0,0,0,0,-40000,0,0,0,0,40000,-40000,-40000
063315,京元電群益9B購03,0,0,0,0,0,0,0,0,0,-40000,0,0,0,30000,70000,-40000,-40000
063423,聯詠凱基9C購02  ,0,0,0,0,0,0,0,0,0,-40000,0,0,0,0,40000,-40000,-40000
063362,台表科國泰01購03,0,0,0,0,0,0,0,0,0,-40000,0,0,0,0,40000,-40000,-40000
063369,聚陽永豐9B購01  ,0,0,0,0,0,0,0,0,0,-40000,0,0,0,0,40000,-40000,-40000
063497,東元永豐9B購01  ,0,0,0,0,0,0,0,0,0,-40000,0,0,0,0,40000,-40000,-40000
064563,全新群益02購01  ,0,0,0,0,0,0,0,0,0,-40000,0,0,0,0,40000,-40000,-40000
06534P,聯發科群益98售04,0,0,0,0,0,0,0,0,0,-40000,0,0,0,20000,60000,-40000,-40000
06658P,台灣50富邦9C售01,0,0,0,0,0,0,0,0,0,-40000,0,0,0,13000,53000,-40000,-40000
064360,台積電統一9C購12,0,0,0,0,0,0,0,0,0,-40000,0,0,0,76000,116000,-40000,-40000
064250,亞光元富9C購01  ,0,0,0,0,0,0,0,0,0,-40000,0,0,0,65000,105000,-40000,-40000
064176,京元電國泰01購01,0,0,0,0,0,0,0,0,0,-40000,0,0,0,100000,140000,-40000,-40000
064091,台郡凱基01購01  ,0,0,0,0,0,0,0,0,0,-40000,0,0,0,0,40000,-40000,-40000
064003,台積電凱基01購03,0,0,0,0,0,0,0,0,0,-40000,0,0,0,2000,42000,-40000,-40000
063910,漢唐凱基9C購01  ,0,0,0,0,0,0,0,0,0,-40000,0,0,0,20000,60000,-40000,-40000
063526,台光電凱基9B購04,0,0,0,0,0,0,0,0,0,-40000,0,0,0,0,40000,-40000,-40000
063647,超眾元大9B購02  ,0,0,0,0,0,0,0,0,0,-40000,0,0,0,10000,50000,-40000,-40000
07360P,台積電元大99售46,0,0,0,0,0,0,0,0,0,-40000,0,0,0,0,40000,-40000,-40000
1592,英瑞-KY         ,50000,91000,-41000,0,0,0,0,0,0,0,1000,1000,0,0,0,0,-41000
2530,華建            ,29000,74000,-45000,0,0,0,0,0,0,4000,5000,1000,4000,0,0,0,-41000
2506,太設            ,5000,46000,-41000,0,0,0,0,0,0,0,0,0,0,0,0,0,-41000
2022,聚亨            ,14000,13000,1000,0,0,0,0,0,0,-42000,0,42000,-42000,0,0,0,-41000
2030,彰源            ,6000,67000,-61000,0,0,0,0,0,0,20000,20000,0,20000,0,0,0,-41000
062616,玉晶光元大9C購06,0,0,0,0,0,0,0,0,0,-41000,0,0,0,0,41000,-41000,-41000
062625,華通國票9B購02  ,0,0,0,0,0,0,0,0,0,-41000,0,0,0,0,41000,-41000,-41000
062886,中興電群益9B購01,0,0,0,0,0,0,0,0,0,-41000,0,0,0,0,41000,-41000,-41000
057234,宏達電凱基98購05,0,0,0,0,0,0,0,0,0,-41000,0,0,0,64000,105000,-41000,-41000
057495,牧德元大99購04  ,0,0,0,0,0,0,0,0,0,-41000,0,0,0,20000,61000,-41000,-41000
057107,華新科群益98購06,0,0,0,0,0,0,0,0,0,-41000,0,0,0,0,41000,-41000,-41000
057399,滬深反群益9C購01,0,0,0,0,0,0,0,0,0,-41000,0,0,0,1000,42000,-41000,-41000
059183,T50反1台新03購02,0,0,0,0,0,0,0,0,0,-41000,0,0,0,0,41000,-41000,-41000
059860,台積電群益9A購02,0,0,0,0,0,0,0,0,0,-41000,0,0,0,18000,59000,-41000,-41000
07088P,訊芯永豐99售02  ,0,0,0,0,0,0,0,0,0,-41000,0,0,0,142000,183000,-41000,-41000
08229P,祥碩國票9B售04  ,0,0,0,0,0,0,0,0,0,-41000,0,0,0,61000,102000,-41000,-41000
063838,上銀元大9C購01  ,0,0,0,0,0,0,0,0,0,-41000,0,0,0,19000,60000,-41000,-41000
063868,嘉晶永豐9C購01  ,0,0,0,0,0,0,0,0,0,-41000,0,0,0,30000,71000,-41000,-41000
064317,日月光群益9C購01,0,0,0,0,0,0,0,0,0,-41000,0,0,0,0,41000,-41000,-41000
062608,智易凱基9B購01  ,0,0,0,0,0,0,0,0,0,-42000,0,0,0,0,42000,-42000,-42000
1731,美吾華          ,13000,55000,-42000,0,0,0,0,0,0,0,0,0,0,0,0,0,-42000
1445,大宇            ,8000,50000,-42000,0,0,0,0,0,0,0,0,0,0,0,0,0,-42000
061428,南六元大9A購01  ,0,0,0,0,0,0,0,0,0,-42000,0,0,0,6000,48000,-42000,-42000
056742,玉晶光凱基9A購01,0,0,0,0,0,0,0,0,0,-42000,0,0,0,13000,55000,-42000,-42000
056352,鴻海元大99購01  ,0,0,0,0,0,0,0,0,0,-42000,0,0,0,200000,242000,-42000,-42000
054220,國巨統一97購02  ,0,0,0,0,0,0,0,0,0,-42000,0,0,0,0,42000,-42000,-42000
00702,國泰標普低波高息,10000,0,10000,0,0,0,0,0,0,-52000,0,0,0,0,52000,-52000,-42000
00714,群益道瓊美國地產,21000,0,21000,0,0,0,0,0,0,-63000,0,0,0,1009000,1072000,-63000,-42000
059870,全新凱基99購05  ,0,0,0,0,0,0,0,0,0,-42000,0,0,0,0,42000,-42000,-42000
060299,友訊國泰9B購01  ,0,0,0,0,0,0,0,0,0,-42000,0,0,0,5000,47000,-42000,-42000
060722,矽格永豐9A購01  ,0,0,0,0,0,0,0,0,0,-42000,0,0,0,0,42000,-42000,-42000
057737,國巨富邦99購02  ,0,0,0,0,0,0,0,0,0,-42000,0,0,0,0,42000,-42000,-42000
059277,群創元大99購05  ,0,0,0,0,0,0,0,0,0,-42000,0,0,0,38000,80000,-42000,-42000
063333,同欣電國票9C購01,0,0,0,0,0,0,0,0,0,-42000,0,0,0,57000,99000,-42000,-42000
059623,聯電凱基99購02  ,0,0,0,0,0,0,0,0,0,-42000,0,0,0,65000,107000,-42000,-42000
063163,京元電永豐9B購01,0,0,0,0,0,0,0,0,0,-42000,0,0,0,0,42000,-42000,-42000
059618,台積電日盛99購01,0,0,0,0,0,0,0,0,0,-42000,0,0,0,131000,173000,-42000,-42000
058909,神達元大99購03  ,0,0,0,0,0,0,0,0,0,-42000,0,0,0,18000,60000,-42000,-42000
064459,創意統一02購01  ,0,0,0,0,0,0,0,0,0,-42000,0,0,0,9000,51000,-42000,-42000
064467,南亞科元富9C購02,0,0,0,0,0,0,0,0,0,-42000,0,0,0,0,42000,-42000,-42000
063900,GIS群益9C購03   ,0,0,0,0,0,0,0,0,0,-42000,0,0,0,0,42000,-42000,-42000
07794P,智邦國票9A售03  ,0,0,0,0,0,0,0,0,0,-42000,0,0,0,20000,62000,-42000,-42000
06964P,臺股指凱基9B售01,0,0,0,0,0,0,0,0,0,-42000,0,0,0,0,42000,-42000,-42000
3040,遠見            ,115000,155000,-40000,0,0,0,0,0,0,-2000,0,2000,-2000,0,0,0,-42000
061397,上銀台新9A購01  ,0,0,0,0,0,0,0,0,0,-43000,0,0,0,0,43000,-43000,-43000
061146,台表科中信9A購02,0,0,0,0,0,0,0,0,0,-43000,0,0,0,20000,63000,-43000,-43000
061866,力山元大9C購01  ,0,0,0,0,0,0,0,0,0,-43000,0,0,0,171000,214000,-43000,-43000
1109,信大            ,11000,54000,-43000,0,0,0,0,0,0,0,0,0,0,0,0,0,-43000
061274,臺股指凱基9A購24,0,0,0,0,0,0,0,0,0,-43000,0,0,0,0,43000,-43000,-43000
061247,玉晶光群益9A購09,0,0,0,0,0,0,0,0,0,-43000,0,0,0,25000,68000,-43000,-43000
00866,新光Shiller CAPE,0,0,0,0,0,0,0,0,0,-43000,0,0,0,26000,69000,-43000,-43000
057306,玉晶光兆豐99購01,0,0,0,0,0,0,0,0,0,-43000,0,0,0,5000,48000,-43000,-43000
056383,上銀國泰99購01  ,0,0,0,0,0,0,0,0,0,-43000,0,0,0,0,43000,-43000,-43000
057100,國巨中信9A購02  ,0,0,0,0,0,0,0,0,0,-43000,0,0,0,0,43000,-43000,-43000
056581,超眾元大99購01  ,0,0,0,0,0,0,0,0,0,-43000,0,0,0,9000,52000,-43000,-43000
058865,群創凱基01購01  ,0,0,0,0,0,0,0,0,0,-43000,0,0,0,17000,60000,-43000,-43000
060475,瑞祺元大9A購01  ,0,0,0,0,0,0,0,0,0,-43000,0,0,0,23000,66000,-43000,-43000
057649,嘉聯益元大99購04,0,0,0,0,0,0,0,0,0,-43000,0,0,0,28000,71000,-43000,-43000
058450,旺宏永豐99購01  ,0,0,0,0,0,0,0,0,0,-43000,0,0,0,0,43000,-43000,-43000
057708,臺股指群益98購08,0,0,0,0,0,0,0,0,0,-43000,0,0,0,0,43000,-43000,-43000
057938,台表科群益98購02,0,0,0,0,0,0,0,0,0,-43000,0,0,0,0,43000,-43000,-43000
060708,康友富邦9B購01  ,0,0,0,0,0,0,0,0,0,-43000,0,0,0,0,43000,-43000,-43000
058231,技嘉元大99購02  ,0,0,0,0,0,0,0,0,0,-43000,0,0,0,6000,49000,-43000,-43000
059864,亞德客凱基99購01,0,0,0,0,0,0,0,0,0,-43000,0,0,0,0,43000,-43000,-43000
064714,和大統一02購02  ,0,0,0,0,0,0,0,0,0,-43000,0,0,0,0,43000,-43000,-43000
6668,中揚光          ,50000,91000,-41000,0,0,0,0,0,0,-2000,0,2000,-2000,0,0,0,-43000
2886,兆豐金          ,7687000,8384611,-697611,0,0,0,816000,60000,756000,-102000,70000,8000,62000,0,164000,-164000,-43611
062831,嘉澤群益9B購01  ,0,0,0,0,0,0,0,0,0,-44000,0,0,0,0,44000,-44000,-44000
061642,創意元大9A購04  ,0,0,0,0,0,0,0,0,0,-44000,0,0,0,42000,86000,-44000,-44000
061801,祥碩永豐9B購01  ,0,0,0,0,0,0,0,0,0,-44000,0,0,0,0,44000,-44000,-44000
061802,勤誠永豐9B購01  ,0,0,0,0,0,0,0,0,0,-44000,0,0,0,91000,135000,-44000,-44000
061660,禾伸堂永豐9A購01,0,0,0,0,0,0,0,0,0,-44000,0,0,0,147000,191000,-44000,-44000
055971,矽力元大97購05  ,0,0,0,0,0,0,0,0,0,-44000,0,0,0,47000,91000,-44000,-44000
060215,柏文康和9A購01  ,0,0,0,0,0,0,0,0,0,-44000,0,0,0,1000,45000,-44000,-44000
056770,國產元大98購02  ,0,0,0,0,0,0,0,0,0,-44000,0,0,0,24000,68000,-44000,-44000
056791,嘉聯益群益98購01,0,0,0,0,0,0,0,0,0,-44000,0,0,0,1000,45000,-44000,-44000
056477,欣興元大98購02  ,0,0,0,0,0,0,0,0,0,-44000,0,0,0,0,44000,-44000,-44000
056481,創意元大98購01  ,0,0,0,0,0,0,0,0,0,-44000,0,0,0,54000,98000,-44000,-44000
057214,瑞昱群益98購01  ,0,0,0,0,0,0,0,0,0,-44000,0,0,0,6000,50000,-44000,-44000
046937,聯電元大99購01  ,0,0,0,0,0,0,0,0,0,-44000,0,0,0,20000,64000,-44000,-44000
060945,緯穎國票9A購02  ,0,0,0,0,0,0,0,0,0,-44000,0,0,0,15000,59000,-44000,-44000
059146,貿聯國票9A購02  ,0,0,0,0,0,0,0,0,0,-44000,0,0,0,0,44000,-44000,-44000
057953,聚陽元大98購01  ,0,0,0,0,0,0,0,0,0,-44000,0,0,0,5000,49000,-44000,-44000
057739,新日興富邦9B購01,0,0,0,0,0,0,0,0,0,-44000,0,0,0,120000,164000,-44000,-44000
059296,大立光元富99購06,0,0,0,0,0,0,0,0,0,-44000,0,0,0,0,44000,-44000,-44000
060788,嘉晶富邦9B購01  ,0,0,0,0,0,0,0,0,0,-44000,0,0,0,0,44000,-44000,-44000
063189,臻鼎凱基9B購01  ,0,0,0,0,0,0,0,0,0,-44000,0,0,0,10000,54000,-44000,-44000
063478,GIS元大9B購03   ,0,0,0,0,0,0,0,0,0,-44000,0,0,0,20000,64000,-44000,-44000
06046P,健策統一96售03  ,0,0,0,0,0,0,0,0,0,-44000,0,0,0,16000,60000,-44000,-44000
064365,美食統一01購02  ,0,0,0,0,0,0,0,0,0,-44000,0,0,0,35000,79000,-44000,-44000
064010,GIS凱基02購01   ,0,0,0,0,0,0,0,0,0,-44000,0,0,0,0,44000,-44000,-44000
5531,鄉林            ,110000,154000,-44000,0,0,0,0,0,0,0,0,0,0,0,0,0,-44000
061415,健策群益9A購04  ,0,0,0,0,0,0,0,0,0,-45000,0,0,0,3000,48000,-45000,-45000
061958,鴻海統一01購01  ,0,0,0,0,0,0,0,0,0,-45000,0,0,0,22000,67000,-45000,-45000
061216,世芯元大9A購06  ,0,0,0,0,0,0,0,0,0,-45000,0,0,0,22000,67000,-45000,-45000
062970,智邦元富9B購01  ,0,0,0,0,0,0,0,0,0,-45000,0,0,0,78000,123000,-45000,-45000
062596,緯穎統一01購02  ,0,0,0,0,0,0,0,0,0,-45000,0,0,0,80000,125000,-45000,-45000
062195,聚陽中信9C購01  ,0,0,0,0,0,0,0,0,0,-45000,0,0,0,125000,170000,-45000,-45000
062476,神隆國票9B購01  ,0,0,0,0,0,0,0,0,0,-45000,0,0,0,145000,190000,-45000,-45000
045189,大立光元富98購01,0,0,0,0,0,0,0,0,0,-45000,0,0,0,0,45000,-45000,-45000
055736,宏達電元富99購01,0,0,0,0,0,0,0,0,0,-45000,0,0,0,75000,120000,-45000,-45000
055603,超眾元大97購04  ,0,0,0,0,0,0,0,0,0,-45000,0,0,0,1000,46000,-45000,-45000
058100,聯茂國泰99購02  ,0,0,0,0,0,0,0,0,0,-45000,0,0,0,21000,66000,-45000,-45000
055958,台光電元大97購02,0,0,0,0,0,0,0,0,0,-45000,0,0,0,9000,54000,-45000,-45000
056209,超眾永豐97購02  ,0,0,0,0,0,0,0,0,0,-45000,0,0,0,0,45000,-45000,-45000
063481,緯穎元大9B購08  ,0,0,0,0,0,0,0,0,0,-45000,0,0,0,25000,70000,-45000,-45000
063440,上銀統一01購02  ,0,0,0,0,0,0,0,0,0,-45000,0,0,0,0,45000,-45000,-45000
058591,台灣50統一9B購02,0,0,0,0,0,0,0,0,0,-45000,0,0,0,0,45000,-45000,-45000
060626,貿聯元大9A購04  ,0,0,0,0,0,0,0,0,0,-45000,0,0,0,4000,49000,-45000,-45000
060286,佳世達元大9C購01,0,0,0,0,0,0,0,0,0,-45000,0,0,0,55000,100000,-45000,-45000
060002,T50反1群益9A購01,0,0,0,0,0,0,0,0,0,-45000,0,0,0,0,45000,-45000,-45000
064096,台積電群益9C購07,0,0,0,0,0,0,0,0,0,-45000,0,0,0,50000,95000,-45000,-45000
063650,矽創元大9B購03  ,0,0,0,0,0,0,0,0,0,-45000,0,0,0,46000,91000,-45000,-45000
063751,祥碩國票9C購02  ,0,0,0,0,0,0,0,0,0,-45000,0,0,0,13000,58000,-45000,-45000
07645P,華通元大9A售06  ,0,0,0,0,0,0,0,0,0,-45000,0,0,0,0,45000,-45000,-45000
07883P,可成凱基9B售03  ,0,0,0,0,0,0,0,0,0,-45000,0,0,0,75000,120000,-45000,-45000
08213P,台光電統一9B售03,0,0,0,0,0,0,0,0,0,-45000,0,0,0,123000,168000,-45000,-45000
2929,淘帝-KY         ,83000,129000,-46000,0,0,0,0,0,0,1000,1000,0,1000,0,0,0,-45000
063074,創意永豐9B購02  ,0,0,0,0,0,0,0,0,0,-46000,0,0,0,0,46000,-46000,-46000
061048,國巨中信9A購05  ,0,0,0,0,0,0,0,0,0,-46000,0,0,0,4000,50000,-46000,-46000
062567,祥碩中信9C購01  ,0,0,0,0,0,0,0,0,0,-46000,0,0,0,61000,107000,-46000,-46000
061831,智邦凱基9B購02  ,0,0,0,0,0,0,0,0,0,-46000,0,0,0,98000,144000,-46000,-46000
2352,佳世達          ,1055000,1111000,-56000,0,0,0,0,1000,-1000,11000,55000,83000,-28000,42000,3000,39000,-46000
055966,茂林元大99購01  ,0,0,0,0,0,0,0,0,0,-46000,0,0,0,66000,112000,-46000,-46000
056572,義隆元大99購01  ,0,0,0,0,0,0,0,0,0,-46000,0,0,0,12000,58000,-46000,-46000
058116,正崴中信99購02  ,0,0,0,0,0,0,0,0,0,-46000,0,0,0,0,46000,-46000,-46000
03662C,FBVIX凱基03牛01 ,0,0,0,0,0,0,0,0,0,-46000,0,0,0,139000,185000,-46000,-46000
03446B,臺股指元大9B熊26,0,0,0,0,0,0,0,0,0,-46000,0,0,0,135000,181000,-46000,-46000
057683,技嘉日盛98購01  ,0,0,0,0,0,0,0,0,0,-46000,0,0,0,11000,57000,-46000,-46000
063276,和大元大9B購01  ,0,0,0,0,0,0,0,0,0,-46000,0,0,0,122000,168000,-46000,-46000
059004,嘉晶元大99購05  ,0,0,0,0,0,0,0,0,0,-46000,0,0,0,47000,93000,-46000,-46000
064090,祥碩凱基9C購03  ,0,0,0,0,0,0,0,0,0,-46000,0,0,0,45000,91000,-46000,-46000
064042,國巨統一9C購12  ,0,0,0,0,0,0,0,0,0,-46000,0,0,0,0,46000,-46000,-46000
064314,信邦群益9C購01  ,0,0,0,0,0,0,0,0,0,-46000,0,0,0,0,46000,-46000,-46000
9955,佳龍            ,23000,67000,-44000,0,0,0,0,0,0,-2000,3000,5000,-2000,0,0,0,-46000
2239,英利-KY         ,244000,293000,-49000,0,0,0,0,0,0,2000,2000,0,2000,0,0,0,-47000
061808,聯發科統一01購02,0,0,0,0,0,0,0,0,0,-47000,0,0,0,93000,140000,-47000,-47000
061278,和大統一9A購01  ,0,0,0,0,0,0,0,0,0,-47000,0,0,0,93000,140000,-47000,-47000
062946,祥碩國泰9C購02  ,0,0,0,0,0,0,0,0,0,-47000,0,0,0,15000,62000,-47000,-47000
062491,矽創永豐9B購01  ,0,0,0,0,0,0,0,0,0,-47000,0,0,0,1000,48000,-47000,-47000
062106,華邦電國票9B購02,0,0,0,0,0,0,0,0,0,-47000,0,0,0,0,47000,-47000,-47000
056346,聯茂凱基99購02  ,0,0,0,0,0,0,0,0,0,-47000,0,0,0,0,47000,-47000,-47000
054739,義隆凱基98購02  ,0,0,0,0,0,0,0,0,0,-47000,0,0,0,4000,51000,-47000,-47000
054795,合勤控群益98購01,0,0,0,0,0,0,0,0,0,-47000,0,0,0,3000,50000,-47000,-47000
060900,超眾凱基9B購01  ,0,0,0,0,0,0,0,0,0,-47000,0,0,0,1000,48000,-47000,-47000
056104,義隆永豐97購01  ,0,0,0,0,0,0,0,0,0,-47000,0,0,0,0,47000,-47000,-47000
057420,美食凱基98購01  ,0,0,0,0,0,0,0,0,0,-47000,0,0,0,0,47000,-47000,-47000
058793,鴻海元大99購19  ,0,0,0,0,0,0,0,0,0,-47000,0,0,0,3000,50000,-47000,-47000
058540,嘉聯益國泰9A購02,0,0,0,0,0,0,0,0,0,-47000,0,0,0,0,47000,-47000,-47000
059951,台塑康和99購01  ,0,0,0,0,0,0,0,0,0,-47000,0,0,0,0,47000,-47000,-47000
060313,淘帝永豐9A購01  ,0,0,0,0,0,0,0,0,0,-47000,0,0,0,10000,57000,-47000,-47000
057773,技嘉群益9A購02  ,0,0,0,0,0,0,0,0,0,-47000,0,0,0,7000,54000,-47000,-47000
058026,上銀富邦9A購01  ,0,0,0,0,0,0,0,0,0,-47000,0,0,0,15000,62000,-47000,-47000
063996,貿聯群益9C購01  ,0,0,0,0,0,0,0,0,0,-47000,0,0,0,2000,49000,-47000,-47000
07660P,聯茂凱基9A售03  ,0,0,0,0,0,0,0,0,0,-47000,0,0,0,105000,152000,-47000,-47000
062482,台表科國票9B購01,0,0,0,0,0,0,0,0,0,-48000,0,0,0,2000,50000,-48000,-48000
062055,鴻海統一9C購07  ,0,0,0,0,0,0,0,0,0,-48000,0,0,0,0,48000,-48000,-48000
062919,聯茂元大9B購01  ,0,0,0,0,0,0,0,0,0,-48000,0,0,0,70000,118000,-48000,-48000
063090,道瓊反中信9C購02,0,0,0,0,0,0,0,0,0,-48000,0,0,0,2000,50000,-48000,-48000
061823,勤誠群益9B購01  ,0,0,0,0,0,0,0,0,0,-48000,0,0,0,0,48000,-48000,-48000
061792,和大永豐9B購01  ,0,0,0,0,0,0,0,0,0,-48000,0,0,0,310000,358000,-48000,-48000
057465,智易永豐98購02  ,0,0,0,0,0,0,0,0,0,-48000,0,0,0,0,48000,-48000,-48000
056715,瀚宇博永豐98購01,0,0,0,0,0,0,0,0,0,-48000,0,0,0,20000,68000,-48000,-48000
055443,台虹國票98購01  ,0,0,0,0,0,0,0,0,0,-48000,0,0,0,7000,55000,-48000,-48000
056558,台達電群益98購01,0,0,0,0,0,0,0,0,0,-48000,0,0,0,0,48000,-48000,-48000
054546,玉晶光中信9B購01,0,0,0,0,0,0,0,0,0,-48000,0,0,0,2235000,2283000,-48000,-48000
056355,台積電元大98購08,0,0,0,0,0,0,0,0,0,-48000,0,0,0,42000,90000,-48000,-48000
060528,友達中信9C購01  ,0,0,0,0,0,0,0,0,0,-48000,0,0,0,12000,60000,-48000,-48000
059957,中信金康和99購01,0,0,0,0,0,0,0,0,0,-48000,0,0,0,0,48000,-48000,-48000
060015,國巨康和99購03  ,0,0,0,0,0,0,0,0,0,-48000,0,0,0,0,48000,-48000,-48000
057616,聯電凱基99購01  ,0,0,0,0,0,0,0,0,0,-48000,0,0,0,30000,78000,-48000,-48000
063284,大立光元大9B購07,0,0,0,0,0,0,0,0,0,-48000,0,0,0,2000,50000,-48000,-48000
063406,麗豐國票9C購01  ,0,0,0,0,0,0,0,0,0,-48000,0,0,0,37000,85000,-48000,-48000
059424,SGBR2X元大9A購01,0,0,0,0,0,0,0,0,0,-48000,0,0,0,264000,312000,-48000,-48000
058517,景碩元大99購06  ,0,0,0,0,0,0,0,0,0,-48000,0,0,0,11000,59000,-48000,-48000
06822P,上銀富邦99售03  ,0,0,0,0,0,0,0,0,0,-48000,0,0,0,387000,435000,-48000,-48000
063991,南六永豐9C購02  ,0,0,0,0,0,0,0,0,0,-48000,0,0,0,153000,201000,-48000,-48000
063712,高鐵凱基9C購01  ,0,0,0,0,0,0,0,0,0,-48000,0,0,0,20000,68000,-48000,-48000
063036,聯發科凱基9B購11,0,0,0,0,0,0,0,0,0,-49000,0,0,0,20000,69000,-49000,-49000
061713,華邦電凱基9A購01,0,0,0,0,0,0,0,0,0,-49000,0,0,0,21000,70000,-49000,-49000
061773,和潤元大9B購01  ,0,0,0,0,0,0,0,0,0,-49000,0,0,0,20000,69000,-49000,-49000
2059,川湖            ,35000,45000,-10000,0,0,0,0,35000,-35000,-4000,2000,6000,-4000,0,0,0,-49000
061574,大毅元大9B購01  ,0,0,0,0,0,0,0,0,0,-49000,0,0,0,10000,59000,-49000,-49000
062368,聯詠元大9B購01  ,0,0,0,0,0,0,0,0,0,-49000,0,0,0,12000,61000,-49000,-49000
061511,緯穎富邦9B購02  ,1000,10000,-9000,0,0,0,0,0,0,-40000,0,0,0,664000,704000,-40000,-49000
060967,鈺齊凱基9A購02  ,0,0,0,0,0,0,0,0,0,-49000,0,0,0,56000,105000,-49000,-49000
057230,建準凱基98購02  ,0,0,0,0,0,0,0,0,0,-49000,0,0,0,0,49000,-49000,-49000
057297,新日興永豐98購01,0,0,0,0,0,0,0,0,0,-49000,0,0,0,0,49000,-49000,-49000
053316,友達群益9A購01  ,0,0,0,0,0,0,0,0,0,-49000,0,0,0,10000,59000,-49000,-49000
055104,台達電凱基98購01,0,0,0,0,0,0,0,0,0,-49000,0,0,0,0,49000,-49000,-49000
057059,易華電元大99購01,0,0,0,0,0,0,0,0,0,-49000,0,0,0,0,49000,-49000,-49000
056905,欣興元大98購03  ,0,0,0,0,0,0,0,0,0,-49000,0,0,0,27000,76000,-49000,-49000
063450,華新科統一02購01,0,0,0,0,0,0,0,0,0,-49000,0,0,0,46000,95000,-49000,-49000
063468,聯詠元大9B購04  ,0,0,0,0,0,0,0,0,0,-49000,0,0,0,27000,76000,-49000,-49000
057599,技嘉群益9A購01  ,0,0,0,0,0,0,0,0,0,-49000,0,0,0,7000,56000,-49000,-49000
057873,義隆元大98購03  ,0,0,0,0,0,0,0,0,0,-49000,0,0,0,1000,50000,-49000,-49000
063728,國巨元大9B購21  ,0,0,0,0,0,0,0,0,0,-49000,0,0,0,11000,60000,-49000,-49000
063565,旺宏元大9B購08  ,0,0,0,0,0,0,0,0,0,-49000,0,0,0,20000,69000,-49000,-49000
064013,創意國票01購01  ,0,0,0,0,0,0,0,0,0,-49000,0,0,0,0,49000,-49000,-49000
07103P,南電元大99售04  ,0,0,0,0,0,0,0,0,0,-49000,0,0,0,51000,100000,-49000,-49000
07938P,國巨統一9B售10  ,0,0,0,0,0,0,0,0,0,-49000,0,0,0,50000,99000,-49000,-49000
060961,台光電凱基9A購03,0,0,0,0,0,0,0,0,0,-50000,0,0,0,0,50000,-50000,-50000
062441,華新科元大9C購01,0,0,0,0,0,0,0,0,0,-50000,0,0,0,0,50000,-50000,-50000
062685,華新科統一9C購03,0,0,0,0,0,0,0,0,0,-50000,0,0,0,0,50000,-50000,-50000
062369,創意元大9B購01  ,0,0,0,0,0,0,0,0,0,-50000,0,0,0,0,50000,-50000,-50000
062358,國巨元大9B購12  ,0,0,0,0,0,0,0,0,0,-50000,0,0,0,0,50000,-50000,-50000
062352,南六群益9B購02  ,0,0,0,0,0,0,0,0,0,-50000,0,0,0,24000,74000,-50000,-50000
062076,美律元大9B購02  ,0,0,0,0,0,0,0,0,0,-50000,0,0,0,0,50000,-50000,-50000
062453,聚陽群益9C購01  ,0,0,0,0,0,0,0,0,0,-50000,0,0,0,0,50000,-50000,-50000
062458,全新群益9B購03  ,0,0,0,0,0,0,0,0,0,-50000,0,0,0,0,50000,-50000,-50000
062268,力山群益9B購01  ,0,0,0,0,0,0,0,0,0,-50000,0,0,0,0,50000,-50000,-50000
062248,國巨元大9B購08  ,0,0,0,0,0,0,0,0,0,-50000,0,0,0,0,50000,-50000,-50000
062224,玉晶光統一9C購03,0,0,0,0,0,0,0,0,0,-50000,0,0,0,0,50000,-50000,-50000
061576,華新科元大9A購21,0,0,0,0,0,0,0,0,0,-50000,0,0,0,0,50000,-50000,-50000
061622,臻鼎群益9A購01  ,0,0,0,0,0,0,0,0,0,-50000,0,0,0,50000,100000,-50000,-50000
062837,復盛群益9B購01  ,0,0,0,0,0,0,0,0,0,-50000,0,0,0,20000,70000,-50000,-50000
061273,臺股指凱基9A購23,0,0,0,0,0,0,0,0,0,-50000,0,0,0,0,50000,-50000,-50000
061218,臺股指元大9A購55,0,0,0,0,0,0,0,0,0,-50000,0,0,0,0,50000,-50000,-50000
061197,矽創永豐9A購02  ,0,0,0,0,0,0,0,0,0,-50000,0,0,0,30000,80000,-50000,-50000
061178,晶技凱基9B購01  ,0,0,0,0,0,0,0,0,0,-50000,0,0,0,0,50000,-50000,-50000
062853,大毅永豐9B購03  ,0,0,0,0,0,0,0,0,0,-50000,0,0,0,30000,80000,-50000,-50000
062948,台積電富邦01購02,0,0,0,0,0,0,0,0,0,-50000,0,0,0,75000,125000,-50000,-50000
062907,可成元大9C購03  ,0,0,0,0,0,0,0,0,0,-50000,0,0,0,34000,84000,-50000,-50000
062918,祥碩元大9C購02  ,0,0,0,0,0,0,0,0,0,-50000,0,0,0,20000,70000,-50000,-50000
062724,可成凱基9B購04  ,0,0,0,0,0,0,0,0,0,-50000,0,0,0,6000,56000,-50000,-50000
061766,華新科元大9B購02,0,0,0,0,0,0,0,0,0,-50000,0,0,0,0,50000,-50000,-50000
062564,矽創凱基9B購01  ,0,0,0,0,0,0,0,0,0,-50000,0,0,0,62000,112000,-50000,-50000
062541,臻鼎國泰01購01  ,0,0,0,0,0,0,0,0,0,-50000,0,0,0,0,50000,-50000,-50000
08288P,鴻海統一9C售17  ,0,0,0,0,0,0,0,0,0,-50000,0,0,0,0,50000,-50000,-50000
061904,台灣50中信9B購01,0,0,0,0,0,0,0,0,0,-50000,0,0,0,0,50000,-50000,-50000
061353,康控元大9A購01  ,0,0,0,0,0,0,0,0,0,-50000,0,0,0,34000,84000,-50000,-50000
06110P,國巨國泰98售02  ,0,0,0,0,0,0,0,0,0,-50000,0,0,0,0,50000,-50000,-50000
056984,嘉晶群益98購01  ,0,0,0,0,0,0,0,0,0,-50000,0,0,0,0,50000,-50000,-50000
057401,晶豪科群益99購01,0,0,0,0,0,0,0,0,0,-50000,0,0,0,0,50000,-50000,-50000
057403,亞光群益98購04  ,0,0,0,0,0,0,0,0,0,-50000,0,0,0,0,50000,-50000,-50000
057374,禾伸堂元大99購03,0,0,0,0,0,0,0,0,0,-50000,0,0,0,24000,74000,-50000,-50000
056792,訊芯群益98購01  ,0,0,0,0,0,0,0,0,0,-50000,0,0,0,0,50000,-50000,-50000
057072,日月光永豐98購01,0,0,0,0,0,0,0,0,0,-50000,0,0,0,0,50000,-50000,-50000
056452,亞光凱基98購02  ,0,0,0,0,0,0,0,0,0,-50000,0,0,0,0,50000,-50000,-50000
056688,聯詠統一98購01  ,0,0,0,0,0,0,0,0,0,-50000,0,0,0,0,50000,-50000,-50000
05538P,玉晶光國票97售02,0,0,0,0,0,0,0,0,0,-50000,0,0,0,0,50000,-50000,-50000
055597,禾伸堂元大98購02,0,0,0,0,0,0,0,0,0,-50000,0,0,0,0,50000,-50000,-50000
055698,茂林國票98購03  ,0,0,0,0,0,0,0,0,0,-50000,0,0,0,0,50000,-50000,-50000
056563,華新科群益98購04,0,0,0,0,0,0,0,0,0,-50000,0,0,0,0,50000,-50000,-50000
055955,微星元大97購01  ,0,0,0,0,0,0,0,0,0,-50000,0,0,0,0,50000,-50000,-50000
055887,上銀統一97購03  ,0,0,0,0,0,0,0,0,0,-50000,0,0,0,0,50000,-50000,-50000
056227,奇力新凱基98購04,0,0,0,0,0,0,0,0,0,-50000,0,0,0,0,50000,-50000,-50000
058131,義隆元大99購02  ,0,0,0,0,0,0,0,0,0,-50000,0,0,0,0,50000,-50000,-50000
059083,華通元大99購07  ,0,0,0,0,0,0,0,0,0,-50000,0,0,0,12000,62000,-50000,-50000
059029,旺宏兆豐99購01  ,0,0,0,0,0,0,0,0,0,-50000,0,0,0,0,50000,-50000,-50000
060253,昇陽半元大9C購01,0,0,0,0,0,0,0,0,0,-50000,0,0,0,12000,62000,-50000,-50000
055118,嘉聯益凱基98購02,0,0,0,0,0,0,0,0,0,-50000,0,0,0,0,50000,-50000,-50000
055026,健和興國泰98購01,0,0,0,0,0,0,0,0,0,-50000,0,0,0,0,50000,-50000,-50000
055251,華新科統一99購01,0,0,0,0,0,0,0,0,0,-50000,0,0,0,0,50000,-50000,-50000
054959,禾伸堂元大98購01,0,0,0,0,0,0,0,0,0,-50000,0,0,0,3000,53000,-50000,-50000
054932,台肥元大97購01  ,0,0,0,0,0,0,0,0,0,-50000,0,0,0,0,50000,-50000,-50000
051979,群創凱基97購01  ,0,0,0,0,0,0,0,0,0,-50000,0,0,0,0,50000,-50000,-50000
053256,上銀富邦98購01  ,0,0,0,0,0,0,0,0,0,-50000,0,0,0,0,50000,-50000,-50000
054416,禾伸堂元大97購01,0,0,0,0,0,0,0,0,0,-50000,0,0,0,0,50000,-50000,-50000
054318,台虹凱基98購01  ,0,0,0,0,0,0,0,0,0,-50000,0,0,0,0,50000,-50000,-50000
054585,禾伸堂國泰99購01,0,0,0,0,0,0,0,0,0,-50000,0,0,0,0,50000,-50000,-50000
054735,漢唐凱基98購01  ,0,0,0,0,0,0,0,0,0,-50000,0,0,0,20000,70000,-50000,-50000
054788,華新科群益98購02,0,0,0,0,0,0,0,0,0,-50000,0,0,0,0,50000,-50000,-50000
056398,南茂永豐98購01  ,0,0,0,0,0,0,0,0,0,-50000,0,0,0,110000,160000,-50000,-50000
057228,友達凱基9B購01  ,0,0,0,0,0,0,0,0,0,-50000,0,0,0,0,50000,-50000,-50000
056320,京鼎群益99購01  ,0,0,0,0,0,0,0,0,0,-50000,0,0,0,5000,55000,-50000,-50000
054062,TPK國票96購02   ,0,0,0,0,0,0,0,0,0,-50000,0,0,0,0,50000,-50000,-50000
057771,鴻海群益99購01  ,0,0,0,0,0,0,0,0,0,-50000,0,0,0,0,50000,-50000,-50000
058433,台積電統一9B購04,0,0,0,0,0,0,0,0,0,-50000,0,0,0,0,50000,-50000,-50000
058422,百和麥證99購01  ,0,0,0,0,50000,-50000,0,0,0,-50000,0,0,0,0,50000,-50000,-50000
058356,華邦電凱基99購01,0,0,0,0,0,0,0,0,0,-50000,0,0,0,0,50000,-50000,-50000
057778,大立光群益98購02,0,0,0,0,0,0,0,0,0,-50000,0,0,0,0,50000,-50000,-50000
057838,台郡國泰99購01  ,0,0,0,0,0,0,0,0,0,-50000,0,0,0,0,50000,-50000,-50000
059981,聯發科元大99購36,0,0,0,0,0,0,0,0,0,-50000,0,0,0,0,50000,-50000,-50000
060086,鴻海元大99購42  ,0,0,0,0,0,0,0,0,0,-50000,0,0,0,0,50000,-50000,-50000
060343,台積電統一9C購02,0,0,0,0,0,0,0,0,0,-50000,0,0,0,0,50000,-50000,-50000
059163,台積電凱基99購10,0,0,0,0,0,0,0,0,0,-50000,0,0,0,16000,66000,-50000,-50000
060660,國巨凱基9B購04  ,0,0,0,0,0,0,0,0,0,-50000,0,0,0,0,50000,-50000,-50000
058549,藍天永豐99購01  ,0,0,0,0,0,0,0,0,0,-50000,0,0,0,0,50000,-50000,-50000
058600,國巨元大99購15  ,0,0,0,0,0,0,0,0,0,-50000,0,0,0,0,50000,-50000,-50000
057585,鴻海國票99購05  ,0,0,0,0,0,0,0,0,0,-50000,0,0,0,0,50000,-50000,-50000
058792,鴻海元大99購18  ,0,0,0,0,0,0,0,0,0,-50000,0,0,0,0,50000,-50000,-50000
058747,友達凱基9A購03  ,0,0,0,0,0,0,0,0,0,-50000,0,0,0,0,50000,-50000,-50000
060419,漢翔永豐9A購01  ,0,0,0,0,0,0,0,0,0,-50000,0,0,0,0,50000,-50000,-50000
058881,全新永豐99購01  ,0,0,0,0,0,0,0,0,0,-50000,0,0,0,0,50000,-50000,-50000
07865P,可成元大9B售02  ,0,0,0,0,0,0,0,0,0,-50000,0,0,0,0,50000,-50000,-50000
08038P,臺股指群益9B售11,0,0,0,0,0,0,0,0,0,-50000,0,0,0,0,50000,-50000,-50000
08133P,臺股指元大9B售39,0,0,0,0,0,0,0,0,0,-50000,0,0,0,0,50000,-50000,-50000
06718P,聯詠元大98售01  ,0,0,0,0,0,0,0,0,0,-50000,0,0,0,0,50000,-50000,-50000
07512P,國巨元大9A售08  ,0,0,0,0,0,0,0,0,0,-50000,0,0,0,0,50000,-50000,-50000
07533P,臺股指中信9C售04,0,0,0,0,0,0,0,0,0,-50000,0,0,0,20000,70000,-50000,-50000
064122,國巨元大9C購17  ,0,0,0,0,0,0,0,0,0,-50000,0,0,0,0,50000,-50000,-50000
063941,國巨元大9C購12  ,0,0,0,0,0,0,0,0,0,-50000,0,0,0,0,50000,-50000,-50000
063820,華邦電麥證01購01,0,0,0,20000,67000,-47000,0,0,0,-50000,0,0,0,37000,87000,-50000,-50000
063794,亞德客凱基9C購01,0,0,0,0,0,0,0,0,0,-50000,0,0,0,0,50000,-50000,-50000
064260,矽創富邦9C購01  ,0,0,0,0,0,0,0,0,0,-50000,0,0,0,0,50000,-50000,-50000
064272,鴻海元大9C購09  ,0,0,0,0,0,0,0,0,0,-50000,0,0,0,0,50000,-50000,-50000
064743,聯詠國票01購01  ,0,0,0,0,0,0,0,0,0,-50000,0,0,0,0,50000,-50000,-50000
06655P,TPK元大98售02   ,0,0,0,0,0,0,0,0,0,-50000,0,0,0,50000,100000,-50000,-50000
064495,南亞科元大9C購03,0,0,0,0,0,0,0,0,0,-50000,0,0,0,0,50000,-50000,-50000
064623,創意元大9C購04  ,0,0,0,0,0,0,0,0,0,-50000,0,0,0,0,50000,-50000,-50000
064660,華通元大9C購05  ,0,0,0,0,0,0,0,0,0,-50000,0,0,0,0,50000,-50000,-50000
2015,豐興            ,52000,63000,-11000,0,0,0,0,40000,-40000,0,0,0,0,0,0,0,-51000
2444,兆勁            ,18000,67000,-49000,0,0,0,0,0,0,-2000,1000,3000,-2000,0,0,0,-51000
061067,貿聯凱基9A購03  ,0,0,0,0,0,0,0,0,0,-51000,0,0,0,0,51000,-51000,-51000
053458,聯詠國泰97購01  ,0,0,0,0,0,0,0,0,0,-51000,0,0,0,4000,55000,-51000,-51000
020015,統一MSCI美低波N ,0,0,0,0,0,0,0,0,0,-51000,0,0,0,221000,272000,-51000,-51000
00710B,FH彭博高收益債  ,1000,1000,0,0,0,0,0,0,0,-51000,0,0,0,74000,125000,-51000,-51000
050014,國巨富邦98購01  ,0,0,0,0,0,0,0,0,0,-51000,0,0,0,0,51000,-51000,-51000
058874,聯鈞國票9A購01  ,0,0,0,0,0,0,0,0,0,-51000,0,0,0,16000,67000,-51000,-51000
064546,燿華凱基02購01  ,0,0,0,0,0,0,0,0,0,-51000,0,0,0,18000,69000,-51000,-51000
064008,日月光凱基9C購01,0,0,0,0,0,0,0,0,0,-51000,0,0,0,9000,60000,-51000,-51000
6139,亞翔            ,132000,192000,-60000,0,0,0,0,0,0,9000,9000,0,9000,0,0,0,-51000
6206,飛捷            ,47000,105000,-58000,0,0,0,0,0,0,7000,7000,0,7000,0,0,0,-51000
061318,智邦凱基9B購01  ,0,0,0,0,0,0,0,0,0,-52000,0,0,0,176000,228000,-52000,-52000
062700,台光電元大9B購05,0,0,0,0,0,0,0,0,0,-52000,0,0,0,25000,77000,-52000,-52000
062336,茂林統一01購02  ,0,0,0,0,0,0,0,0,0,-52000,0,0,0,0,52000,-52000,-52000
062638,茂林國票9C購01  ,0,0,0,0,0,0,0,0,0,-52000,0,0,0,36000,88000,-52000,-52000
1810,和成            ,14000,66000,-52000,0,0,0,0,0,0,0,0,0,0,0,0,0,-52000
061788,信邦群益9B購01  ,0,0,0,0,0,0,0,0,0,-52000,0,0,0,0,52000,-52000,-52000
063064,台表科元富9B購01,0,0,0,0,0,0,0,0,0,-52000,0,0,0,172000,224000,-52000,-52000
061882,矽創元大9B購01  ,0,0,0,0,0,0,0,0,0,-52000,0,0,0,18000,70000,-52000,-52000
062554,台積電凱基9B購08,0,0,0,0,0,0,0,0,0,-52000,0,0,0,2000,54000,-52000,-52000
056685,光罩統一98購03  ,0,0,0,0,0,0,0,0,0,-52000,0,0,0,0,52000,-52000,-52000
055591,全新元大98購01  ,0,0,0,0,0,0,0,0,0,-52000,0,0,0,0,52000,-52000,-52000
060424,中租永豐9A購01  ,0,0,0,0,0,0,0,0,0,-52000,0,0,0,0,52000,-52000,-52000
058480,新日興凱基9A購01,0,0,0,0,0,0,0,0,0,-52000,0,0,0,0,52000,-52000,-52000
063258,緯穎國泰9C購01  ,0,0,0,0,0,0,0,0,0,-52000,0,0,0,165000,217000,-52000,-52000
059118,晶技永豐9A購01  ,0,0,0,0,0,0,0,0,0,-52000,0,0,0,0,52000,-52000,-52000
059949,啟碁永豐99購01  ,0,0,0,0,0,0,0,0,0,-52000,0,0,0,0,52000,-52000,-52000
063833,致新國票01購01  ,0,0,0,0,0,0,0,0,0,-52000,0,0,0,38000,90000,-52000,-52000
063629,台積電元大9B購08,0,0,0,0,0,0,0,0,0,-52000,0,0,0,0,52000,-52000,-52000
064397,旭富永豐9C購01  ,0,0,0,0,0,0,0,0,0,-52000,0,0,0,0,52000,-52000,-52000
061995,超眾元大01購01  ,0,0,0,0,0,0,0,0,0,-53000,0,0,0,0,53000,-53000,-53000
061135,聯發科統一9C購03,0,0,0,0,0,0,0,0,0,-53000,0,0,0,0,53000,-53000,-53000
1340,勝悅-KY         ,19000,72000,-53000,0,0,0,0,0,0,0,0,0,0,0,0,0,-53000
062310,南亞科凱基9B購02,0,0,0,0,0,0,0,0,0,-53000,0,0,0,5000,58000,-53000,-53000
062134,國巨群益9B購04  ,0,0,0,0,0,0,0,0,0,-53000,0,0,0,67000,120000,-53000,-53000
062983,緯穎元富9B購01  ,0,0,0,0,0,0,0,0,0,-53000,0,0,0,60000,113000,-53000,-53000
061606,景碩凱基9A購02  ,0,0,0,0,0,0,0,0,0,-53000,0,0,0,361000,414000,-53000,-53000
056586,光罩統一98購02  ,0,0,0,0,0,0,0,0,0,-53000,0,0,0,59000,112000,-53000,-53000
056394,晶豪科永豐98購01,0,0,0,0,0,0,0,0,0,-53000,0,0,0,60000,113000,-53000,-53000
059950,百和永豐99購02  ,0,0,0,0,0,0,0,0,0,-53000,0,0,0,0,53000,-53000,-53000
060611,同欣電凱基9A購02,0,0,0,0,0,0,0,0,0,-53000,0,0,0,45000,98000,-53000,-53000
060799,茂林永豐9A購01  ,0,0,0,0,0,0,0,0,0,-53000,0,0,0,56000,109000,-53000,-53000
058520,智易元大99購03  ,0,0,0,0,0,0,0,0,0,-53000,0,0,0,0,53000,-53000,-53000
059619,台積電日盛9A購04,0,0,0,0,0,0,0,0,0,-53000,0,0,0,5000,58000,-53000,-53000
063610,儒鴻群益9B購02  ,0,0,0,0,0,0,0,0,0,-53000,0,0,0,21000,74000,-53000,-53000
064005,義隆凱基01購01  ,0,0,0,0,0,0,0,0,0,-53000,0,0,0,104000,157000,-53000,-53000
063999,日月光兆豐9C購01,0,0,0,0,0,0,0,0,0,-53000,0,0,0,5000,58000,-53000,-53000
6598,ABC-KY          ,29000,62000,-33000,0,0,0,0,0,0,-20000,0,20000,-20000,0,0,0,-53000
062927,同欣電國票9B購02,0,0,0,0,0,0,0,0,0,-54000,0,0,0,19000,73000,-54000,-54000
062462,GIS群益9B購01   ,0,0,0,0,0,0,0,0,0,-54000,0,0,0,10000,64000,-54000,-54000
061981,聯發科元大9B購02,0,0,0,0,0,0,0,0,0,-54000,0,0,0,12000,66000,-54000,-54000
054961,玉晶光元大99購01,0,0,0,0,0,0,0,0,0,-54000,0,0,0,0,54000,-54000,-54000
059084,鴻海元大99購24  ,0,0,0,0,0,0,0,0,0,-54000,0,0,0,1000,55000,-54000,-54000
058673,華新科群益9A購02,0,0,0,0,0,0,0,0,0,-54000,0,0,0,0,54000,-54000,-54000
060432,達方永豐9A購01  ,0,0,0,0,0,0,0,0,0,-54000,0,0,0,25000,79000,-54000,-54000
058731,貿聯永豐99購02  ,0,0,0,0,0,0,0,0,0,-54000,0,0,0,1000,55000,-54000,-54000
058838,國巨中信99購03  ,0,0,0,0,0,0,0,0,0,-54000,0,0,0,61000,115000,-54000,-54000
063244,華新科元大9B購11,0,0,0,0,0,0,0,0,0,-54000,0,0,0,0,54000,-54000,-54000
059632,聯發科凱基01購01,0,0,0,0,0,0,0,0,0,-54000,0,0,0,4000,58000,-54000,-54000
059970,台灣50元大9B購07,0,0,0,0,0,0,0,0,0,-54000,0,0,0,0,54000,-54000,-54000
060105,牧德元大9B購01  ,0,0,0,0,0,0,0,0,0,-54000,0,0,0,0,54000,-54000,-54000
060033,臻鼎永豐99購01  ,0,0,0,0,0,0,0,0,0,-54000,0,0,0,2000,56000,-54000,-54000
064050,景碩統一01購01  ,0,0,0,0,0,0,0,0,0,-54000,0,0,0,116000,170000,-54000,-54000
064059,新日興麥證01購01,0,0,0,0,54000,-54000,0,0,0,-54000,0,0,0,0,54000,-54000,-54000
063763,上銀元富9B購07  ,0,0,0,0,0,0,0,0,0,-54000,0,0,0,10000,64000,-54000,-54000
064443,同欣電凱基03購01,0,0,0,0,0,0,0,0,0,-54000,0,0,0,205000,259000,-54000,-54000
064351,中租元大9C購01  ,0,0,0,0,0,0,0,0,0,-54000,0,0,0,0,54000,-54000,-54000
061478,奇鋐元大9A購01  ,0,0,0,0,0,0,0,0,0,-54000,0,0,0,0,54000,-54000,-54000
07845P,南亞科元大9A售08,0,0,0,0,0,0,0,0,0,-54000,0,0,0,46000,100000,-54000,-54000
6670,復盛應用        ,169000,26000,143000,0,0,0,0,89000,-89000,-108000,5000,103000,-98000,0,10000,-10000,-54000
061867,旺宏元大9B購02  ,0,0,0,0,0,0,0,0,0,-55000,0,0,0,69000,124000,-55000,-55000
061928,群創凱基9B購06  ,0,0,0,0,0,0,0,0,0,-55000,0,0,0,0,55000,-55000,-55000
061355,康友元大9A購03  ,0,0,0,0,0,0,0,0,0,-55000,0,0,0,60000,115000,-55000,-55000
061174,鴻海凱基9A購23  ,0,0,0,0,0,0,0,0,0,-55000,0,0,0,0,55000,-55000,-55000
059036,可成群益9B購03  ,0,0,0,0,0,0,0,0,0,-55000,0,0,0,5000,60000,-55000,-55000
056012,勤誠中信99購01  ,0,0,0,0,0,0,0,0,0,-55000,0,0,0,0,55000,-55000,-55000
055430,宏達電群益97購01,0,0,0,0,0,0,0,0,0,-55000,0,0,0,15000,70000,-55000,-55000
055741,健策元富97購01  ,0,0,0,0,0,0,0,0,0,-55000,0,0,0,152000,207000,-55000,-55000
057449,華新科元富99購02,0,0,0,0,0,0,0,0,0,-55000,0,0,0,0,55000,-55000,-55000
05749P,臺股指群益99售03,0,0,0,0,0,0,0,0,0,-55000,0,0,0,5000,60000,-55000,-55000
057158,義隆永豐99購01  ,0,0,0,0,0,0,0,0,0,-55000,0,0,0,10000,65000,-55000,-55000
057169,微星元大98購01  ,0,0,0,0,0,0,0,0,0,-55000,0,0,0,0,55000,-55000,-55000
056787,健鼎群益98購01  ,0,0,0,0,0,0,0,0,0,-55000,0,0,0,0,55000,-55000,-55000
057368,微星元大98購02  ,0,0,0,0,0,0,0,0,0,-55000,0,0,0,0,55000,-55000,-55000
056963,建準永豐98購01  ,0,0,0,0,0,0,0,0,0,-55000,0,0,0,10000,65000,-55000,-55000
057330,台積電國票99購03,0,0,0,0,0,0,0,0,0,-55000,0,0,0,2000,57000,-55000,-55000
053951,T50反1台新06購02,0,0,0,0,0,0,0,0,0,-55000,0,0,0,0,55000,-55000,-55000
053798,台積電中信98購02,0,0,0,0,0,0,0,0,0,-55000,0,0,0,0,55000,-55000,-55000
056304,創意元大97購03  ,0,0,0,0,0,0,0,0,0,-55000,0,0,0,5000,60000,-55000,-55000
054791,泰碩群益99購02  ,0,0,0,0,0,0,0,0,0,-55000,0,0,0,0,55000,-55000,-55000
060688,世紀鋼元大9C購01,0,0,0,0,0,0,0,0,0,-55000,0,0,0,8000,63000,-55000,-55000
058095,昇陽半元大98購03,0,0,0,0,0,0,0,0,0,-55000,0,0,0,30000,85000,-55000,-55000
058077,超眾凱基98購02  ,0,0,0,0,0,0,0,0,0,-55000,0,0,0,6000,61000,-55000,-55000
063382,南茂永豐9B購01  ,0,0,0,0,0,0,0,0,0,-55000,0,0,0,16000,71000,-55000,-55000
060413,東元永豐9A購01  ,0,0,0,0,0,0,0,0,0,-55000,0,0,0,0,55000,-55000,-55000
08196P,上銀元大9B售07  ,0,0,0,0,0,0,0,0,0,-55000,0,0,0,0,55000,-55000,-55000
064398,聚陽凱基01購01  ,0,0,0,0,0,0,0,0,0,-55000,0,0,0,0,55000,-55000,-55000
064131,群創元大01購02  ,0,0,0,0,0,0,0,0,0,-55000,0,0,0,45000,100000,-55000,-55000
063871,瀚宇博永豐9C購01,0,0,0,0,0,0,0,0,0,-55000,0,0,0,13000,68000,-55000,-55000
063854,南電元大9C購01  ,0,0,0,0,0,0,0,0,0,-55000,0,0,0,86000,141000,-55000,-55000
062995,聚陽國票9C購01  ,0,0,0,0,0,0,0,0,0,-56000,0,0,0,0,56000,-56000,-56000
062854,日電貿永豐9B購01,0,0,0,0,0,0,0,0,0,-56000,0,0,0,0,56000,-56000,-56000
062109,聯詠國票9C購01  ,0,0,0,0,0,0,0,0,0,-56000,0,0,0,5000,61000,-56000,-56000
061855,台郡國票9B購01  ,0,0,0,0,0,0,0,0,0,-56000,0,0,0,0,56000,-56000,-56000
2459,敦吉            ,21000,78000,-57000,0,0,0,0,0,0,1000,1000,0,1000,0,0,0,-56000
054377,臺股指中信99購09,0,0,0,0,0,0,0,0,0,-56000,0,0,0,0,56000,-56000,-56000
054951,大毅元大97購01  ,0,0,0,0,0,0,0,0,0,-56000,0,0,0,0,56000,-56000,-56000
056983,大立光群益99購02,0,0,0,0,0,0,0,0,0,-56000,0,0,0,0,56000,-56000,-56000
056845,揚明光元富98購01,0,0,0,0,0,0,0,0,0,-56000,0,0,0,21000,77000,-56000,-56000
055907,台虹兆豐98購01  ,0,0,0,0,0,0,0,0,0,-56000,0,0,0,0,56000,-56000,-56000
058704,台積電元大99購17,0,0,0,0,0,0,0,0,0,-56000,0,0,0,5000,61000,-56000,-56000
060400,南電國票9A購03  ,0,0,0,0,0,0,0,0,0,-56000,0,0,0,26000,82000,-56000,-56000
058939,台積電中信9B購01,0,0,0,0,0,0,0,0,0,-56000,0,0,0,21000,77000,-56000,-56000
059461,鈺齊永豐99購03  ,0,0,0,0,0,0,0,0,0,-56000,0,0,0,0,56000,-56000,-56000
059529,華新科凱基9A購04,0,0,0,0,0,0,0,0,0,-56000,0,0,0,0,56000,-56000,-56000
060796,世芯永豐9A購03  ,0,0,0,0,0,0,0,0,0,-56000,0,0,0,5000,61000,-56000,-56000
060705,台光電富邦9B購01,0,0,0,0,0,0,0,0,0,-56000,0,0,0,0,56000,-56000,-56000
063948,高鐵元大9C購01  ,0,0,0,0,0,0,0,0,0,-56000,0,0,0,33000,89000,-56000,-56000
064371,矽格統一9C購02  ,0,0,0,0,0,0,0,0,0,-56000,0,0,0,16000,72000,-56000,-56000
064285,貿聯元大9C購02  ,0,0,0,0,0,0,0,0,0,-56000,0,0,0,0,56000,-56000,-56000
064304,信邦兆豐01購01  ,0,0,0,0,0,0,0,0,0,-56000,0,0,0,287000,343000,-56000,-56000
8016,矽創            ,409000,691000,-282000,0,0,0,245000,0,245000,-19000,3000,0,3000,5000,27000,-22000,-56000
6226,光鼎            ,97000,145000,-48000,0,0,0,0,0,0,-8000,2000,10000,-8000,0,0,0,-56000
061959,鴻海統一9B購04  ,0,0,0,0,0,0,0,0,0,-57000,0,0,0,103000,160000,-57000,-57000
061769,晶技元大9B購03  ,0,0,0,0,0,0,0,0,0,-57000,0,0,0,152000,209000,-57000,-57000
062446,聯詠元大9B購02  ,0,0,0,0,0,0,0,0,0,-57000,0,0,0,60000,117000,-57000,-57000
062217,旺宏統一9C購01  ,0,0,0,0,0,0,0,0,0,-57000,0,0,0,0,57000,-57000,-57000
062645,國巨國泰9B購08  ,0,0,0,0,0,0,0,0,0,-57000,0,0,0,2000,59000,-57000,-57000
062707,致伸元大9B購01  ,0,0,0,0,0,0,0,0,0,-57000,0,0,0,39000,96000,-57000,-57000
062884,康控兆豐9C購01  ,0,0,0,0,0,0,0,0,0,-57000,0,0,0,0,57000,-57000,-57000
062804,玉晶光統一9C購04,0,0,0,0,0,0,0,0,0,-57000,0,0,0,25000,82000,-57000,-57000
061170,南茂兆豐9B購01  ,0,0,0,0,0,0,0,0,0,-57000,0,0,0,526000,583000,-57000,-57000
056224,聯發科凱基97購08,0,0,0,0,0,0,0,0,0,-57000,0,0,0,0,57000,-57000,-57000
056065,奇鋐元大97購01  ,0,0,0,0,0,0,0,0,0,-57000,0,0,0,2000,59000,-57000,-57000
057517,矽創元富98購02  ,0,0,0,0,0,0,0,0,0,-57000,0,0,0,80000,137000,-57000,-57000
055254,聯詠統一97購03  ,0,0,0,0,0,0,0,0,0,-57000,0,0,0,0,57000,-57000,-57000
053181,滬深2X元富99購02,0,0,0,0,0,0,0,0,0,-57000,0,0,0,3000,60000,-57000,-57000
054477,聯發科中信9C購02,0,0,0,0,0,0,0,0,0,-57000,0,0,0,0,57000,-57000,-57000
060022,勤誠康和99購01  ,0,0,0,0,0,0,0,0,0,-57000,0,0,0,0,57000,-57000,-57000
060868,致伸永豐9A購01  ,0,0,0,0,0,0,0,0,0,-57000,0,0,0,35000,92000,-57000,-57000
060541,正隆凱基9A購01  ,0,0,0,0,0,0,0,0,0,-57000,0,0,0,0,57000,-57000,-57000
057848,台表科永豐98購02,0,0,0,0,0,0,0,0,0,-57000,0,0,0,0,57000,-57000,-57000
057957,嘉晶元大98購01  ,0,0,0,0,0,0,0,0,0,-57000,0,0,0,7000,64000,-57000,-57000
063828,台積電國票01購02,0,0,0,0,0,0,0,0,0,-57000,0,0,0,3000,60000,-57000,-57000
063533,緯穎凱基9B購06  ,0,0,0,0,0,0,0,0,0,-57000,0,0,0,15000,72000,-57000,-57000
061607,台表科凱基9B購02,0,0,0,0,0,0,0,0,0,-58000,0,0,0,176000,234000,-58000,-58000
062820,禾伸堂兆豐9B購01,0,0,0,0,0,0,0,0,0,-58000,0,0,0,1000,59000,-58000,-58000
061771,玉晶光元大9C購04,0,0,0,0,0,0,0,0,0,-58000,0,0,0,0,58000,-58000,-58000
061384,T50反1群益9A購04,0,0,0,0,0,0,0,0,0,-58000,0,0,0,22000,80000,-58000,-58000
061645,超眾元大9A購06  ,0,0,0,0,0,0,0,0,0,-58000,0,0,0,9000,67000,-58000,-58000
061155,華新科群益9A購06,0,0,0,0,0,0,0,0,0,-58000,0,0,0,0,58000,-58000,-58000
061796,興勤永豐9B購01  ,0,0,0,0,0,0,0,0,0,-58000,0,0,0,0,58000,-58000,-58000
053644,台表科國票97購03,0,0,0,0,0,0,0,0,0,-58000,0,0,0,8000,66000,-58000,-58000
054363,世芯凱基97購01  ,0,0,0,0,0,0,0,0,0,-58000,0,0,0,0,58000,-58000,-58000
056139,貿聯元大97購04  ,0,0,0,0,0,0,0,0,0,-58000,0,0,0,10000,68000,-58000,-58000
056647,晶技凱基98購02  ,0,0,0,0,0,0,0,0,0,-58000,0,0,0,0,58000,-58000,-58000
060284,南港元大01購01  ,0,0,0,0,0,0,0,0,0,-58000,0,0,0,163000,221000,-58000,-58000
059765,嘉聯益永豐99購02,0,0,0,0,0,0,0,0,0,-58000,0,0,0,26000,84000,-58000,-58000
060154,堤維西永豐9A購01,0,0,0,0,0,0,0,0,0,-58000,0,0,0,30000,88000,-58000,-58000
060602,京元電凱基9A購01,0,0,0,0,0,0,0,0,0,-58000,0,0,0,2000,60000,-58000,-58000
059535,玉山金凱基99購01,0,0,0,0,0,0,0,0,0,-58000,0,0,0,4000,62000,-58000,-58000
059450,和大永豐99購01  ,0,0,0,0,0,0,0,0,0,-58000,0,0,0,138000,196000,-58000,-58000
063398,信邦群益9B購02  ,0,0,0,0,0,0,0,0,0,-58000,0,0,0,0,58000,-58000,-58000
063422,奇鋐凱基9B購04  ,0,0,0,0,0,0,0,0,0,-58000,0,0,0,1000,59000,-58000,-58000
058603,台積電元大99購12,0,0,0,0,0,0,0,0,0,-58000,0,0,0,26000,84000,-58000,-58000
064622,晶技元大01購01  ,0,0,0,0,0,0,0,0,0,-58000,0,0,0,0,58000,-58000,-58000
07359P,台積電元大99售45,0,0,0,0,0,0,0,0,0,-58000,0,0,0,5000,63000,-58000,-58000
061963,台積電統一01購04,0,0,0,0,0,0,0,0,0,-59000,0,0,0,82000,141000,-59000,-59000
062744,超眾國泰9C購01  ,0,0,0,0,0,0,0,0,0,-59000,0,0,0,8000,67000,-59000,-59000
061327,台郡凱基9A購02  ,0,0,0,0,0,0,0,0,0,-59000,0,0,0,0,59000,-59000,-59000
062606,聯電凱基9C購02  ,0,0,0,0,0,0,0,0,0,-59000,0,0,0,222000,281000,-59000,-59000
058108,台郡台新99購01  ,0,0,0,0,0,0,0,0,0,-59000,0,0,0,0,59000,-59000,-59000
056006,義隆亞東97購01  ,0,0,0,0,0,0,0,0,0,-59000,0,0,0,0,59000,-59000,-59000
055444,致新台新97購01  ,0,0,0,0,0,0,0,0,0,-59000,0,0,0,0,59000,-59000,-59000
058523,聯茂元大99購08  ,0,0,0,0,0,0,0,0,0,-59000,0,0,0,18000,77000,-59000,-59000
060678,聯詠元大9A購03  ,0,0,0,0,0,0,0,0,0,-59000,0,0,0,0,59000,-59000,-59000
057949,南電國票99購01  ,0,0,0,0,0,0,0,0,0,-59000,0,0,0,84000,143000,-59000,-59000
057802,卜蜂元大98購01  ,0,0,0,0,0,0,0,0,0,-59000,0,0,0,58000,117000,-59000,-59000
07166P,台灣50兆豐03售01,0,0,0,0,0,0,0,0,0,-59000,0,0,0,0,59000,-59000,-59000
08239P,南六永豐9B售03  ,0,0,0,0,0,0,0,0,0,-59000,0,0,0,0,59000,-59000,-59000
064185,裕隆永豐9C購01  ,0,0,0,0,0,0,0,0,0,-59000,0,0,0,5000,64000,-59000,-59000
064388,緯穎富邦9C購01  ,0,0,0,0,0,0,0,0,0,-59000,0,0,0,135000,194000,-59000,-59000
064414,臺股指凱基9C購10,0,0,0,0,0,0,0,0,0,-59000,0,0,0,4000,63000,-59000,-59000
063531,台表科凱基9B購04,0,0,0,0,0,0,0,0,0,-59000,0,0,0,100000,159000,-59000,-59000
063594,上銀中信9C購01  ,0,0,0,0,0,0,0,0,0,-59000,0,0,0,0,59000,-59000,-59000
064130,創意元大9C購02  ,0,0,0,0,0,0,0,0,0,-59000,0,0,0,75000,134000,-59000,-59000
064025,友達元大02購01  ,0,0,0,0,0,0,0,0,0,-59000,0,0,0,16000,75000,-59000,-59000
062162,世紀鋼凱基9B購03,0,0,0,0,0,0,0,0,0,-60000,0,0,0,0,60000,-60000,-60000
061492,超眾兆豐9B購01  ,0,0,0,0,0,0,0,0,0,-60000,0,0,0,0,60000,-60000,-60000
061291,玉晶光統一01購05,0,0,0,0,0,0,0,0,0,-60000,0,0,0,0,60000,-60000,-60000
061082,台光電兆豐9A購01,0,0,0,0,0,0,0,0,0,-60000,0,0,0,0,60000,-60000,-60000
061926,晶技凱基9B購02  ,0,0,0,0,0,0,0,0,0,-60000,0,0,0,0,60000,-60000,-60000
061790,中租群益9B購01  ,0,0,0,0,0,0,0,0,0,-60000,0,0,0,0,60000,-60000,-60000
061836,華新科凱基05購01,0,0,0,0,0,0,0,0,0,-60000,0,0,0,0,60000,-60000,-60000
063039,大立光凱基9C購02,0,0,0,0,0,0,0,0,0,-60000,0,0,0,14000,74000,-60000,-60000
063049,上海銀兆豐9B購01,0,0,0,0,0,0,0,0,0,-60000,0,0,0,0,60000,-60000,-60000
055518,華新科中信99購01,0,0,0,0,0,0,0,0,0,-60000,0,0,0,0,60000,-60000,-60000
057508,康控國票99購03  ,0,0,0,0,0,0,0,0,0,-60000,0,0,0,20000,80000,-60000,-60000
055337,超眾兆豐98購01  ,0,0,0,0,0,0,0,0,0,-60000,0,0,0,0,60000,-60000,-60000
057366,智邦元大98購08  ,0,0,0,0,0,0,0,0,0,-60000,0,0,0,43000,103000,-60000,-60000
056961,凱美永豐98購01  ,0,0,0,0,0,0,0,0,0,-60000,0,0,0,0,60000,-60000,-60000
057121,立積康和98購01  ,0,0,0,0,0,0,0,0,0,-60000,0,0,0,0,60000,-60000,-60000
057007,奇力新中信98購04,0,0,0,0,0,0,0,0,0,-60000,0,0,0,0,60000,-60000,-60000
058106,神達統一98購02  ,0,0,0,0,0,0,0,0,0,-60000,0,0,0,50000,110000,-60000,-60000
054753,復盛凱基98購01  ,0,0,0,0,0,0,0,0,0,-60000,0,0,0,0,60000,-60000,-60000
056300,聯發科元大97購23,0,0,0,0,0,0,0,0,0,-60000,0,0,0,0,60000,-60000,-60000
056399,上証2X群益9C購01,0,0,0,0,0,0,0,0,0,-60000,0,0,0,0,60000,-60000,-60000
057283,欣興元大98購07  ,0,0,0,0,0,0,0,0,0,-60000,0,0,0,0,60000,-60000,-60000
054931,緯穎凱基98購01  ,0,0,0,0,0,0,0,0,0,-60000,0,0,0,0,60000,-60000,-60000
035276,南亞科台新97購01,0,0,0,0,0,0,0,0,0,-60000,0,0,0,0,60000,-60000,-60000
060798,旭富永豐9A購01  ,0,0,0,0,0,0,0,0,0,-60000,0,0,0,0,60000,-60000,-60000
060641,聯鈞永豐9A購01  ,0,0,0,0,0,0,0,0,0,-60000,0,0,0,0,60000,-60000,-60000
060635,義隆永豐9A購01  ,0,0,0,0,0,0,0,0,0,-60000,0,0,0,0,60000,-60000,-60000
060721,瑞儀永豐9A購01  ,0,0,0,0,0,0,0,0,0,-60000,0,0,0,37000,97000,-60000,-60000
059917,華新科元大99購19,0,0,0,0,0,0,0,0,0,-60000,0,0,0,0,60000,-60000,-60000
058814,南亞科台新99購01,0,0,0,0,0,0,0,0,0,-60000,0,0,0,0,60000,-60000,-60000
063410,南六國票9C購01  ,0,0,0,0,0,0,0,0,0,-60000,0,0,0,2000,62000,-60000,-60000
063313,南亞科群益9B購02,0,0,0,0,0,0,0,0,0,-60000,0,0,0,0,60000,-60000,-60000
063344,臺企銀統一9C購01,0,0,0,0,0,0,0,0,0,-60000,0,0,0,0,60000,-60000,-60000
064447,喬山統一02購01  ,0,0,0,0,0,0,0,0,0,-60000,0,0,0,0,60000,-60000,-60000
064197,智伸科群益9C購01,0,0,0,0,0,0,0,0,0,-60000,0,0,0,99000,159000,-60000,-60000
064211,友達凱基02購01  ,0,0,0,0,0,0,0,0,0,-60000,0,0,0,0,60000,-60000,-60000
064713,和大統一02購01  ,0,0,0,0,0,0,0,0,0,-60000,0,0,0,0,60000,-60000,-60000
07997P,上銀凱基9B售04  ,0,0,0,0,0,0,0,0,0,-60000,0,0,0,20000,80000,-60000,-60000
07418P,聯發科元大99售45,0,0,0,0,0,0,0,0,0,-60000,0,0,0,240000,300000,-60000,-60000
07074P,FBVIX凱基9A售01 ,0,0,0,0,0,0,0,0,0,-60000,0,0,0,0,60000,-60000,-60000
062550,啟碁永豐9B購01  ,0,0,0,0,0,0,0,0,0,-61000,0,0,0,65000,126000,-61000,-61000
2442,新美齊          ,51000,121000,-70000,0,0,0,0,1000,-1000,10000,10000,0,10000,0,0,0,-61000
2107,厚生            ,231000,276000,-45000,0,0,0,0,0,0,-16000,0,16000,-16000,0,0,0,-61000
063118,中鋼元大9C購01  ,0,0,0,0,0,0,0,0,0,-61000,0,0,0,0,61000,-61000,-61000
062923,緯穎元大9B購06  ,0,0,0,0,0,0,0,0,0,-61000,0,0,0,0,61000,-61000,-61000
062191,台郡元大9B購05  ,0,0,0,0,0,0,0,0,0,-61000,0,0,0,100000,161000,-61000,-61000
062128,祥碩統一01購01  ,0,0,0,0,0,0,0,0,0,-61000,0,0,0,76000,137000,-61000,-61000
062318,台郡凱基9B購01  ,0,0,0,0,0,0,0,0,0,-61000,0,0,0,0,61000,-61000,-61000
060224,台灣50元大9A購09,0,0,0,0,0,0,0,0,0,-61000,0,0,0,0,61000,-61000,-61000
056526,力山凱基98購01  ,0,0,0,0,0,0,0,0,0,-61000,0,0,0,0,61000,-61000,-61000
056061,國泰金元大97購02,0,0,0,0,0,0,0,0,0,-61000,0,0,0,60000,121000,-61000,-61000
060520,臺指2X中信01購02,0,0,0,0,0,0,0,0,0,-61000,0,0,0,10000,71000,-61000,-61000
060300,佐登國泰9B購01  ,0,0,0,0,0,0,0,0,0,-61000,0,0,0,4000,65000,-61000,-61000
8210,勤誠            ,232000,292000,-60000,0,0,0,0,0,0,-1000,3000,0,3000,10000,14000,-4000,-61000
062478,牧德國票9B購03  ,0,0,0,0,0,0,0,0,0,-62000,0,0,0,2000,64000,-62000,-62000
061501,嘉澤國票9A購01  ,0,0,0,0,0,0,0,0,0,-62000,0,0,0,15000,77000,-62000,-62000
062413,台光電中信9B購02,0,0,0,0,0,0,0,0,0,-62000,0,0,0,10000,72000,-62000,-62000
059031,元石油中信03購01,0,0,0,0,0,0,0,0,0,-62000,0,0,0,1000,63000,-62000,-62000
053860,台積電元大98購03,0,0,0,0,0,0,0,0,0,-62000,0,0,0,0,62000,-62000,-62000
058295,欣興凱基99購02  ,0,0,0,0,0,0,0,0,0,-62000,0,0,0,221000,283000,-62000,-62000
057934,華新科群益98購07,0,0,0,0,0,0,0,0,0,-62000,0,0,0,0,62000,-62000,-62000
057747,致新永豐98購01  ,0,0,0,0,0,0,0,0,0,-62000,0,0,0,0,62000,-62000,-62000
063496,儒鴻永豐9B購01  ,0,0,0,0,0,0,0,0,0,-62000,0,0,0,0,62000,-62000,-62000
063518,儒鴻凱基9B購02  ,0,0,0,0,0,0,0,0,0,-62000,0,0,0,0,62000,-62000,-62000
08113P,台灣50凱基02售04,0,0,0,0,0,0,0,0,0,-62000,0,0,0,0,62000,-62000,-62000
06448P,華通元大99售01  ,0,0,0,0,0,0,0,0,0,-62000,0,0,0,114000,176000,-62000,-62000
063966,大毅國票01購01  ,0,0,0,0,0,0,0,0,0,-62000,0,0,0,0,62000,-62000,-62000
062407,同欣電永豐9B購01,0,0,0,0,0,0,0,0,0,-63000,0,0,0,169000,232000,-63000,-63000
062511,台光電國票9B購02,0,0,0,0,0,0,0,0,0,-63000,0,0,0,2000,65000,-63000,-63000
062598,華通台新9B購02  ,0,0,0,0,0,0,0,0,0,-63000,0,0,0,213000,276000,-63000,-63000
062646,聯發科國泰01購02,0,0,0,0,0,0,0,0,0,-63000,0,0,0,0,63000,-63000,-63000
062654,技嘉永豐9B購01  ,0,0,0,0,0,0,0,0,0,-63000,0,0,0,25000,88000,-63000,-63000
061584,勤誠元大9A購01  ,0,0,0,0,0,0,0,0,0,-63000,0,0,0,88000,151000,-63000,-63000
2034,允強            ,71000,152000,-81000,0,0,0,0,0,0,18000,18000,0,18000,0,0,0,-63000
061939,中租國票9B購01  ,0,0,0,0,0,0,0,0,0,-63000,0,0,0,0,63000,-63000,-63000
054873,帆宣群益99購01  ,0,0,0,0,0,0,0,0,0,-63000,0,0,0,13000,76000,-63000,-63000
059030,奇力新兆豐99購03,0,0,0,0,0,0,0,0,0,-63000,0,0,0,0,63000,-63000,-63000
058154,泰碩統一9A購01  ,0,0,0,0,0,0,0,0,0,-63000,0,0,0,2000,65000,-63000,-63000
056895,技嘉元大98購01  ,0,0,0,0,0,0,0,0,0,-63000,0,0,0,8000,71000,-63000,-63000
056683,台積電統一98購05,0,0,0,0,0,0,0,0,0,-63000,0,0,0,0,63000,-63000,-63000
056721,台灣50永昌9A購01,0,0,0,0,0,0,0,0,0,-63000,0,0,0,397000,460000,-63000,-63000
063435,儒鴻統一01購02  ,0,0,0,0,0,0,0,0,0,-63000,0,0,0,0,63000,-63000,-63000
063390,嘉晶兆豐9B購01  ,0,0,0,0,0,0,0,0,0,-63000,0,0,0,82000,145000,-63000,-63000
059452,全新永豐99購03  ,0,0,0,0,0,0,0,0,0,-63000,0,0,0,0,63000,-63000,-63000
058811,台積電統一9A購05,0,0,0,0,0,0,0,0,0,-63000,0,0,0,1000,64000,-63000,-63000
057959,欣興元大98購14  ,0,0,0,0,0,0,0,0,0,-63000,0,0,0,34000,97000,-63000,-63000
057789,上銀統一9A購01  ,0,0,0,0,0,0,0,0,0,-63000,0,0,0,4000,67000,-63000,-63000
060753,上銀元大9A購05  ,0,0,0,0,0,0,0,0,0,-63000,0,0,0,0,63000,-63000,-63000
063959,GIS元大9C購02   ,0,0,0,0,0,0,0,0,0,-63000,0,0,0,10000,73000,-63000,-63000
064570,TPK群益9C購03   ,0,0,0,0,0,0,0,0,0,-63000,0,0,0,89000,152000,-63000,-63000
4526,東台            ,25000,85000,-60000,0,0,0,0,0,0,-3000,0,3000,-3000,0,0,0,-63000
061876,明泰元大9B購01  ,0,0,0,0,0,0,0,0,0,-64000,0,0,0,7000,71000,-64000,-64000
061684,T50反1群益9A購06,0,0,0,0,0,0,0,0,0,-64000,0,0,0,56000,120000,-64000,-64000
062827,神基群益9B購01  ,0,0,0,0,0,0,0,0,0,-64000,0,0,0,0,64000,-64000,-64000
062973,聯發科元富05購01,0,0,0,0,0,0,0,0,0,-64000,0,0,0,0,64000,-64000,-64000
062705,美食元大9B購01  ,0,0,0,0,0,0,0,0,0,-64000,0,0,0,10000,74000,-64000,-64000
056910,超眾元大99購02  ,0,0,0,0,0,0,0,0,0,-64000,0,0,0,57000,121000,-64000,-64000
056964,聯發科永豐98購03,0,0,0,0,0,0,0,0,0,-64000,0,0,0,20000,84000,-64000,-64000
056978,技嘉群益99購01  ,0,0,0,0,0,0,0,0,0,-64000,0,0,0,11000,75000,-64000,-64000
058153,景碩統一9B購01  ,0,2000,-2000,0,0,0,0,0,0,-62000,0,0,0,560000,622000,-62000,-64000
060238,強茂元大9C購01  ,0,0,0,0,0,0,0,0,0,-64000,0,0,0,4000,68000,-64000,-64000
056150,台光電凱基98購02,0,0,0,0,0,0,0,0,0,-64000,0,0,0,0,64000,-64000,-64000
060712,建準永豐9A購01  ,0,0,0,0,0,0,0,0,0,-64000,0,0,0,58000,122000,-64000,-64000
058801,致伸元大99購01  ,0,0,0,0,0,0,0,0,0,-64000,0,0,0,147000,211000,-64000,-64000
063381,和潤永豐9B購01  ,0,0,0,0,0,0,0,0,0,-64000,0,0,0,10000,74000,-64000,-64000
064542,聯電凱基02購01  ,0,0,0,0,0,0,0,0,0,-64000,0,0,0,52000,116000,-64000,-64000
06525P,上証2X國泰99售01,0,0,0,0,0,0,0,0,0,-64000,0,0,0,16000,80000,-64000,-64000
064308,國巨群益9C購09  ,0,0,0,0,0,0,0,0,0,-64000,0,0,0,0,64000,-64000,-64000
063618,智邦兆豐9C購01  ,0,0,0,0,0,0,0,0,0,-64000,0,0,0,55000,119000,-64000,-64000
061034,晶豪科永豐9A購01,0,0,0,0,0,0,0,0,0,-65000,0,0,0,0,65000,-65000,-65000
061168,力成兆豐9A購01  ,0,0,0,0,0,0,0,0,0,-65000,0,0,0,70000,135000,-65000,-65000
061552,南六群益9A購02  ,0,0,0,0,0,0,0,0,0,-65000,0,0,0,35000,100000,-65000,-65000
063041,貿聯凱基9B購01  ,0,0,0,0,0,0,0,0,0,-65000,0,0,0,0,65000,-65000,-65000
061776,晶技國票9B購01  ,0,0,0,0,0,0,0,0,0,-65000,0,0,0,3000,68000,-65000,-65000
061961,台積電統一01購02,0,0,0,0,0,0,0,0,0,-65000,0,0,0,5000,70000,-65000,-65000
061984,華新科元大9B購05,0,0,0,0,0,0,0,0,0,-65000,0,0,0,1000,66000,-65000,-65000
062574,美食群益9B購02  ,0,0,0,0,0,0,0,0,0,-65000,0,0,0,1000,66000,-65000,-65000
055842,建準元大98購01  ,0,0,0,0,0,0,0,0,0,-65000,0,0,0,40000,105000,-65000,-65000
060896,晶技凱基9A購02  ,0,0,0,0,0,0,0,0,0,-65000,0,0,0,110000,175000,-65000,-65000
057367,技嘉元大98購02  ,0,0,0,0,0,0,0,0,0,-65000,0,0,0,0,65000,-65000,-65000
055311,健策群益98購02  ,0,0,0,0,0,0,0,0,0,-65000,0,0,0,63000,128000,-65000,-65000
055227,聯發科國票98購02,0,0,0,0,0,0,0,0,0,-65000,0,0,0,0,65000,-65000,-65000
053055,聯詠國票97購01  ,0,0,0,0,0,0,0,0,0,-65000,0,0,0,0,65000,-65000,-65000
055124,建準兆豐97購01  ,0,0,0,0,0,0,0,0,0,-65000,0,0,0,0,65000,-65000,-65000
060467,神基元大9A購01  ,0,0,0,0,0,0,0,0,0,-65000,0,0,0,23000,88000,-65000,-65000
060455,葡萄王元大9A購02,0,0,0,0,0,0,0,0,0,-65000,0,0,0,105000,170000,-65000,-65000
060329,鎧勝群益9B購01  ,0,0,0,0,0,0,0,0,0,-65000,0,0,0,51000,116000,-65000,-65000
060129,祥碩永豐99購03  ,0,0,0,0,0,0,0,0,0,-65000,0,0,0,0,65000,-65000,-65000
064214,群創凱基03購01  ,0,0,0,0,0,0,0,0,0,-65000,0,0,0,0,65000,-65000,-65000
064480,聚陽永豐9C購01  ,0,0,0,0,0,0,0,0,0,-65000,0,0,0,10000,75000,-65000,-65000
064572,同欣電群益9C購02,0,0,0,0,0,0,0,0,0,-65000,0,0,0,0,65000,-65000,-65000
06729P,聯詠元大98售03  ,0,0,0,0,0,0,0,0,0,-65000,0,0,0,0,65000,-65000,-65000
8105,凌巨            ,138000,205000,-67000,0,0,0,0,0,0,2000,5000,3000,2000,0,0,0,-65000
061950,日月光群益9B購01,0,0,0,0,0,0,0,0,0,-66000,0,0,0,19000,85000,-66000,-66000
061675,華新科元大9A購23,0,0,0,0,0,0,0,0,0,-66000,0,0,0,0,66000,-66000,-66000
061104,華新科元大9A購13,0,0,0,0,0,0,0,0,0,-66000,0,0,0,2000,68000,-66000,-66000
1558,伸興            ,18000,86000,-68000,0,0,0,0,0,0,2000,2000,0,2000,0,0,0,-66000
062421,台積電統一9C購09,0,0,0,0,0,0,0,0,0,-66000,0,0,0,1000,67000,-66000,-66000
062597,世紀鋼統一01購01,0,0,0,0,0,0,0,0,0,-66000,0,0,0,16000,82000,-66000,-66000
062184,奇鋐元大9B購02  ,0,0,0,0,0,0,0,0,0,-66000,0,0,0,2000,68000,-66000,-66000
062159,聯詠凱基9B購01  ,0,0,0,0,0,0,0,0,0,-66000,0,0,0,0,66000,-66000,-66000
062380,巨大元大9B購01  ,0,0,0,0,0,0,0,0,0,-66000,0,0,0,2000,68000,-66000,-66000
052235,聯發科國票96購02,0,0,0,0,0,0,0,0,0,-66000,0,0,0,10000,76000,-66000,-66000
053152,大立光元大99購01,0,0,0,0,0,0,0,0,0,-66000,0,0,0,0,66000,-66000,-66000
057137,鈺齊凱基98購01  ,0,0,0,0,0,0,0,0,0,-66000,0,0,0,16000,82000,-66000,-66000
060347,大立光統一02購01,0,0,0,0,0,0,0,0,0,-66000,0,0,0,2000,68000,-66000,-66000
059094,臻鼎元大99購03  ,0,0,0,0,0,0,0,0,0,-66000,0,0,0,0,66000,-66000,-66000
060699,華新科國泰9B購03,0,0,0,0,0,0,0,0,0,-66000,0,0,0,68000,134000,-66000,-66000
060697,鴻海國泰9C購01  ,0,0,0,0,0,0,0,0,0,-66000,0,0,0,1000,67000,-66000,-66000
06067P,華新科康和97售01,0,0,0,0,0,0,0,0,0,-66000,0,0,0,104000,170000,-66000,-66000
060409,味全永豐9A購01  ,0,0,0,0,0,0,0,0,0,-66000,0,0,0,0,66000,-66000,-66000
063408,茂林國票9C購02  ,0,0,0,0,0,0,0,0,0,-66000,0,0,0,0,66000,-66000,-66000
063281,京元電元大9B購01,0,0,0,0,0,0,0,0,0,-66000,0,0,0,118000,184000,-66000,-66000
064610,儒鴻元大9C購03  ,0,0,0,0,0,0,0,0,0,-66000,0,0,0,2000,68000,-66000,-66000
064207,國巨凱基03購02  ,0,0,0,0,0,0,0,0,0,-66000,0,0,0,0,66000,-66000,-66000
064241,貿聯統一02購02  ,0,0,0,0,0,0,0,0,0,-66000,0,0,0,19000,85000,-66000,-66000
063655,華通元富9B購01  ,0,0,0,0,0,0,0,0,0,-66000,0,0,0,15000,81000,-66000,-66000
063691,聯鈞永豐9B購01  ,0,0,0,0,0,0,0,0,0,-66000,0,0,0,29000,95000,-66000,-66000
8039,台虹            ,229000,347000,-118000,0,0,0,0,0,0,52000,4000,2000,2000,61000,11000,50000,-66000
061302,晶技永豐9A購04  ,0,0,0,0,0,0,0,0,0,-67000,0,0,0,0,67000,-67000,-67000
2365,昆盈            ,26000,87000,-61000,0,0,0,0,0,0,-6000,8000,14000,-6000,0,0,0,-67000
061372,世紀鋼國泰9C購01,0,0,0,0,0,0,0,0,0,-67000,0,0,0,134000,201000,-67000,-67000
061360,智邦兆豐9B購02  ,0,0,0,0,0,0,0,0,0,-67000,0,0,0,174000,241000,-67000,-67000
061908,台積電中信05購01,0,0,0,0,0,0,0,0,0,-67000,0,0,0,20000,87000,-67000,-67000
055408,力成國泰98購01  ,0,0,0,0,0,0,0,0,0,-67000,0,0,0,89000,156000,-67000,-67000
056694,欣興群益98購04  ,0,0,0,0,0,0,0,0,0,-67000,0,0,0,79000,146000,-67000,-67000
058180,華新科國泰9A購01,0,0,0,0,0,0,0,0,0,-67000,0,0,0,120000,187000,-67000,-67000
054296,世芯元大97購01  ,0,0,0,0,0,0,0,0,0,-67000,0,0,0,12000,79000,-67000,-67000
057317,技嘉凱基98購02  ,0,0,0,0,0,0,0,0,0,-67000,0,0,0,68000,135000,-67000,-67000
063471,泰鼎元大9C購01  ,0,0,0,0,0,0,0,0,0,-67000,0,0,0,45000,112000,-67000,-67000
060396,友達國票9A購01  ,0,0,0,0,0,0,0,0,0,-67000,0,0,0,0,67000,-67000,-67000
060713,聯詠永豐9A購01  ,0,0,0,0,0,0,0,0,0,-67000,0,0,0,10000,77000,-67000,-67000
059295,大立光元富99購05,0,0,0,0,0,0,0,0,0,-67000,0,0,0,4000,71000,-67000,-67000
059281,創意永豐99購02  ,0,0,0,0,0,0,0,0,0,-67000,0,0,0,24000,91000,-67000,-67000
063778,亞德客永豐9B購02,0,0,0,0,0,0,0,0,0,-67000,0,0,0,0,67000,-67000,-67000
063527,美食凱基01購01  ,0,0,0,0,0,0,0,0,0,-67000,0,0,0,0,67000,-67000,-67000
063551,美食國票9B購02  ,0,0,0,0,0,0,0,0,0,-67000,0,0,0,28000,95000,-67000,-67000
063994,台光電群益9C購01,0,0,0,0,0,0,0,0,0,-67000,0,0,0,63000,130000,-67000,-67000
061877,貿聯元大9B購01  ,0,0,0,0,0,0,0,0,0,-68000,0,0,0,18000,86000,-68000,-68000
061865,力山元大9B購01  ,0,0,0,0,0,0,0,0,0,-68000,0,0,0,159000,227000,-68000,-68000
062528,全新統一9C購01  ,0,0,0,0,0,0,0,0,0,-68000,0,0,0,0,68000,-68000,-68000
062560,奇鋐凱基9B購02  ,0,0,0,0,0,0,0,0,0,-68000,0,0,0,0,68000,-68000,-68000
061768,晶技元大9B購02  ,0,0,0,0,0,0,0,0,0,-68000,0,0,0,0,68000,-68000,-68000
062522,同欣電元大9B購02,0,0,0,0,0,0,0,0,0,-68000,0,0,0,70000,138000,-68000,-68000
061348,聯鈞元大9A購05  ,0,0,0,0,0,0,0,0,0,-68000,0,0,0,0,68000,-68000,-68000
061680,崇越元大9A購01  ,0,0,0,0,0,0,0,0,0,-68000,0,0,0,0,68000,-68000,-68000
1338,廣華-KY         ,174000,245000,-71000,0,0,0,0,0,0,3000,3000,0,3000,0,0,0,-68000
062770,臺股指凱基9B購14,0,0,0,0,0,0,0,0,0,-68000,0,0,0,48000,116000,-68000,-68000
062367,禾伸堂元大9B購02,0,0,0,0,0,0,0,0,0,-68000,0,0,0,0,68000,-68000,-68000
062442,華新科元大9C購02,0,0,0,0,0,0,0,0,0,-68000,0,0,0,0,68000,-68000,-68000
062169,禾伸堂永豐9B購01,0,0,0,0,0,0,0,0,0,-68000,0,0,0,0,68000,-68000,-68000
061544,大毅群益9B購02  ,0,0,0,0,0,0,0,0,0,-68000,0,0,0,41000,109000,-68000,-68000
057189,康控元大98購02  ,0,0,0,0,0,0,0,0,0,-68000,0,0,0,0,68000,-68000,-68000
053875,GIS元大97購01   ,0,0,0,0,0,0,0,0,0,-68000,0,0,0,0,68000,-68000,-68000
055131,茂林康和97購01  ,0,0,0,0,0,0,0,0,0,-68000,0,0,0,12000,80000,-68000,-68000
060266,潤泰全國票9A購01,0,0,0,0,0,0,0,0,0,-68000,0,0,0,0,68000,-68000,-68000
060912,華新科元大9A購10,0,0,0,0,0,0,0,0,0,-68000,0,0,0,0,68000,-68000,-68000
056551,台郡凱基98購04  ,0,0,0,0,0,0,0,0,0,-68000,0,0,0,0,68000,-68000,-68000
056574,亞光元大99購03  ,0,0,0,0,0,0,0,0,0,-68000,0,0,0,0,68000,-68000,-68000
055403,泰鼎元富97購01  ,0,0,0,0,0,0,0,0,0,-68000,0,0,0,0,68000,-68000,-68000
060865,創意永豐9A購01  ,0,0,0,0,0,0,0,0,0,-68000,0,0,0,0,68000,-68000,-68000
060285,聯電元大9C購01  ,0,0,0,0,0,0,0,0,0,-68000,0,0,0,43000,111000,-68000,-68000
058951,南電群益99購01  ,0,0,0,0,0,0,0,0,0,-68000,0,0,0,58000,126000,-68000,-68000
058969,亞德客永豐99購01,0,0,0,0,0,0,0,0,0,-68000,0,0,0,10000,78000,-68000,-68000
058513,宏達電元大99購05,0,0,0,0,0,0,0,0,0,-68000,0,0,0,6000,74000,-68000,-68000
057639,國巨元大99購07  ,0,0,0,0,0,0,0,0,0,-68000,0,0,0,0,68000,-68000,-68000
063162,國喬永豐9B購01  ,0,0,0,0,0,0,0,0,0,-68000,0,0,0,0,68000,-68000,-68000
059695,聯鈞永豐99購02  ,0,0,0,0,0,0,0,0,0,-68000,0,0,0,0,68000,-68000,-68000
064100,義隆群益9C購01  ,0,0,0,0,0,0,0,0,0,-68000,0,0,0,114000,182000,-68000,-68000
064187,亞光永豐9C購01  ,0,0,0,0,0,0,0,0,0,-68000,0,0,0,0,68000,-68000,-68000
062450,臻鼎元大9B購02  ,0,0,0,0,0,0,0,0,0,-69000,0,0,0,0,69000,-69000,-69000
061092,可成統一9C購02  ,0,0,0,0,0,0,0,0,0,-69000,0,0,0,130000,199000,-69000,-69000
061109,臻鼎元大9A購03  ,0,0,0,0,0,0,0,0,0,-69000,0,0,0,4000,73000,-69000,-69000
055288,日電貿元大97購02,0,0,0,0,0,0,0,0,0,-69000,0,0,0,0,69000,-69000,-69000
054874,帆宣群益99購02  ,0,0,0,0,0,0,0,0,0,-69000,0,0,0,2000,71000,-69000,-69000
058577,南亞科群益99購02,0,0,0,0,0,0,0,0,0,-69000,0,0,0,10000,79000,-69000,-69000
063434,和潤元富9B購01  ,0,0,0,0,0,0,0,0,0,-69000,0,0,0,84000,153000,-69000,-69000
058497,新日興群益9B購01,0,0,0,0,0,0,0,0,0,-69000,0,0,0,35000,104000,-69000,-69000
059454,亞光永豐99購01  ,0,0,0,0,0,0,0,0,0,-69000,0,0,0,20000,89000,-69000,-69000
058709,臺股指元大9A購22,0,0,0,0,0,0,0,0,0,-69000,0,0,0,7000,76000,-69000,-69000
060958,儒鴻凱基9A購02  ,0,0,0,0,0,0,0,0,0,-69000,0,0,0,71000,140000,-69000,-69000
059772,可成群益9A購05  ,0,0,0,0,0,0,0,0,0,-69000,0,0,0,6000,75000,-69000,-69000
060763,聯鈞元大9A購03  ,0,0,0,0,0,0,0,0,0,-69000,0,0,0,8000,77000,-69000,-69000
063608,力成凱基9B購03  ,0,0,0,0,0,0,0,0,0,-69000,0,0,0,21000,90000,-69000,-69000
063755,上銀統一9C購03  ,0,0,0,0,0,0,0,0,0,-69000,0,0,0,0,69000,-69000,-69000
08215P,旺宏群益9B售04  ,0,0,0,0,0,0,0,0,0,-69000,0,0,0,11000,80000,-69000,-69000
8150,南茂            ,1215000,1257000,-42000,0,0,0,0,0,0,-27000,8000,1000,7000,99000,133000,-34000,-69000
061668,信邦中信9B購01  ,0,0,0,0,0,0,0,0,0,-70000,0,0,0,14000,84000,-70000,-70000
062122,國巨統一02購01  ,0,0,0,0,0,0,0,0,0,-70000,0,0,0,0,70000,-70000,-70000
062761,嘉晶凱基9C購01  ,0,0,0,0,0,0,0,0,0,-70000,0,0,0,174000,244000,-70000,-70000
062861,世芯國票9C購01  ,0,0,0,0,0,0,0,0,0,-70000,0,0,0,31000,101000,-70000,-70000
056333,台積電日盛9B購01,0,0,0,0,0,0,0,0,0,-70000,0,0,0,135000,205000,-70000,-70000
052585,友達永豐97購01  ,0,0,0,0,0,0,0,0,0,-70000,0,0,0,0,70000,-70000,-70000
055380,智易元大98購02  ,0,0,0,0,0,0,0,0,0,-70000,0,0,0,0,70000,-70000,-70000
057423,台郡凱基98購06  ,0,0,0,0,0,0,0,0,0,-70000,0,0,0,0,70000,-70000,-70000
056909,嘉聯益元大99購03,0,0,0,0,0,0,0,0,0,-70000,0,0,0,3000,73000,-70000,-70000
060351,滬深2X元富9A購01,0,0,0,0,0,0,0,0,0,-70000,0,0,0,0,70000,-70000,-70000
060107,旭富元大99購03  ,0,0,0,0,0,0,0,0,0,-70000,0,0,0,25000,95000,-70000,-70000
058499,滬深2X元大9C購01,0,0,0,0,0,0,0,0,0,-70000,0,0,0,2000,72000,-70000,-70000
058511,華新科元大9B購01,0,0,0,0,0,0,0,0,0,-70000,0,0,0,4681000,4751000,-70000,-70000
059537,大立光凱基99購09,0,0,0,0,0,0,0,0,0,-70000,0,0,0,0,70000,-70000,-70000
08004P,大毅永豐9B售02  ,0,0,0,0,0,0,0,0,0,-70000,0,0,0,111000,181000,-70000,-70000
07825P,健策國泰9B售04  ,0,0,0,0,0,0,0,0,0,-70000,0,0,0,40000,110000,-70000,-70000
07241P,台灣50國票9A售05,0,0,0,0,0,0,0,0,0,-70000,0,0,0,0,70000,-70000,-70000
063799,華邦電凱基9C購02,0,0,0,0,0,0,0,0,0,-70000,0,0,0,23000,93000,-70000,-70000
064048,大立光統一9C購07,0,0,0,0,0,0,0,0,0,-70000,0,0,0,45000,115000,-70000,-70000
064316,貿聯群益9C購02  ,0,0,0,0,0,0,0,0,0,-70000,0,0,0,0,70000,-70000,-70000
057404,貿聯群益99購01  ,0,0,0,0,0,0,0,0,0,-71000,0,0,0,0,71000,-71000,-71000
056127,致新國票98購02  ,0,0,0,0,0,0,0,0,0,-71000,0,0,0,0,71000,-71000,-71000
042752,台灣50元大96購03,0,0,0,0,0,0,0,0,0,-71000,0,0,0,71000,142000,-71000,-71000
054533,泰碩國泰98購01  ,0,0,0,0,0,0,0,0,0,-71000,0,0,0,7000,78000,-71000,-71000
054308,嘉晶凱基98購01  ,0,0,0,0,0,0,0,0,0,-71000,0,0,0,92000,163000,-71000,-71000
059000,台積電元大99購25,0,0,0,0,0,0,0,0,0,-71000,0,0,0,2000,73000,-71000,-71000
058822,樺漢國泰9B購01  ,0,0,0,0,0,0,0,0,0,-71000,0,0,0,90000,161000,-71000,-71000
063171,光寶科中信9B購01,0,0,0,0,0,0,0,0,0,-71000,0,0,0,139000,210000,-71000,-71000
060114,緯穎元大99購10  ,0,0,0,0,0,0,0,0,0,-71000,0,0,0,10000,81000,-71000,-71000
057744,健策永豐98購02  ,0,0,0,0,0,0,0,0,0,-71000,0,0,0,8000,79000,-71000,-71000
064199,南六群益01購01  ,0,0,0,0,0,0,0,0,0,-71000,0,0,0,0,71000,-71000,-71000
064006,晶技凱基9C購02  ,0,0,0,0,0,0,0,0,0,-71000,0,0,0,0,71000,-71000,-71000
062764,世芯凱基9B購02  ,0,0,0,0,0,0,0,0,0,-72000,0,0,0,22000,94000,-72000,-72000
062746,致伸永豐9B購01  ,0,0,0,0,0,0,0,0,0,-72000,0,0,0,0,72000,-72000,-72000
061814,聯發科群益9B購04,0,0,0,0,0,0,0,0,0,-72000,0,0,0,8000,80000,-72000,-72000
056375,玉晶光統一01購01,0,0,0,0,0,0,0,0,0,-72000,0,0,0,170000,242000,-72000,-72000
051849,旺宏中信98購01  ,0,0,0,0,0,0,0,0,0,-72000,0,0,0,659000,731000,-72000,-72000
057377,康控元大99購02  ,0,0,0,0,0,0,0,0,0,-72000,0,0,0,9000,81000,-72000,-72000
056724,臻鼎中信9A購01  ,0,0,0,0,0,0,0,0,0,-72000,0,0,0,70000,142000,-72000,-72000
063352,上銀元富9B購02  ,0,0,0,0,0,0,0,0,0,-72000,0,0,0,50000,122000,-72000,-72000
058515,健鼎元大99購01  ,0,0,0,0,0,0,0,0,0,-72000,0,0,0,33000,105000,-72000,-72000
063801,GIS凱基01購01   ,0,0,0,0,0,0,0,0,0,-72000,0,0,0,8000,80000,-72000,-72000
4560,強信-KY         ,148000,220000,-72000,0,0,0,0,0,0,0,0,0,0,0,0,0,-72000
061144,玉晶光中信9B購02,0,0,0,0,0,0,0,0,0,-73000,0,0,0,0,73000,-73000,-73000
062767,GIS凱基9B購02   ,0,0,0,0,0,0,0,0,0,-73000,0,0,0,0,73000,-73000,-73000
061070,超眾凱基9C購01  ,0,0,0,0,0,0,0,0,0,-73000,0,0,0,0,73000,-73000,-73000
052468,超眾統一96購02  ,0,0,0,0,0,0,0,0,0,-73000,0,0,0,0,73000,-73000,-73000
057181,亞光元大98購02  ,0,0,0,0,0,0,0,0,0,-73000,0,0,0,0,73000,-73000,-73000
057558,致新凱基98購01  ,0,0,0,0,0,0,0,0,0,-73000,0,0,0,0,73000,-73000,-73000
057547,技嘉凱基99購01  ,0,0,0,0,0,0,0,0,0,-73000,0,0,0,1000,74000,-73000,-73000
058851,大立光群益99購07,0,0,0,0,0,0,0,0,0,-73000,0,0,0,0,73000,-73000,-73000
063251,同欣電元大9B購04,0,0,0,0,0,0,0,0,0,-73000,0,0,0,90000,163000,-73000,-73000
057883,中環群益98購01  ,0,0,0,0,0,0,0,0,0,-73000,0,0,0,0,73000,-73000,-73000
058061,貿聯元富9B購01  ,0,0,0,0,0,0,0,0,0,-73000,0,0,0,0,73000,-73000,-73000
058298,聯茂凱基99購05  ,0,0,0,0,0,0,0,0,0,-73000,0,0,0,20000,93000,-73000,-73000
060360,南亞科元富9A購02,0,0,0,0,0,0,0,0,0,-73000,0,0,0,38000,111000,-73000,-73000
059121,瑞儀永豐99購01  ,0,0,0,0,0,0,0,0,0,-73000,0,0,0,4000,77000,-73000,-73000
063560,力山元大9B購05  ,0,0,0,0,0,0,0,0,0,-73000,0,0,0,78000,151000,-73000,-73000
063589,美食永豐9B購02  ,0,0,0,0,0,0,0,0,0,-73000,0,0,0,15000,88000,-73000,-73000
064102,宏達電群益9C購01,0,0,0,0,0,0,0,0,0,-73000,0,0,0,11000,84000,-73000,-73000
064585,中壽永豐9C購01  ,0,0,0,0,0,0,0,0,0,-73000,0,0,0,0,73000,-73000,-73000
064507,臻鼎元大9C購02  ,0,0,0,0,0,0,0,0,0,-73000,0,0,0,0,73000,-73000,-73000
064538,鈺齊國票01購01  ,0,0,0,0,0,0,0,0,0,-73000,0,0,0,5000,78000,-73000,-73000
3607,谷崧            ,5000,80000,-75000,0,0,0,0,0,0,2000,3000,1000,2000,0,0,0,-73000
061344,禾伸堂元大9A購02,0,0,0,0,0,0,0,0,0,-74000,0,0,0,19000,93000,-74000,-74000
062630,全新國票9B購02  ,0,0,0,0,0,0,0,0,0,-74000,0,0,0,16000,90000,-74000,-74000
059166,友達凱基99購05  ,0,0,0,0,0,0,0,0,0,-74000,0,0,0,10000,84000,-74000,-74000
06604P,聯發科元富02售02,0,0,0,0,0,0,0,0,0,-74000,0,0,0,50000,124000,-74000,-74000
064245,GIS統一02購02   ,0,0,0,0,0,0,0,0,0,-74000,0,0,0,0,74000,-74000,-74000
063899,同欣電群益9C購01,0,0,0,0,0,0,0,0,0,-74000,0,0,0,98000,172000,-74000,-74000
063614,美食群益9B購03  ,0,0,0,0,0,0,0,0,0,-74000,0,0,0,0,74000,-74000,-74000
6552,易華電          ,168000,244000,-76000,0,0,0,0,0,0,2000,1000,0,1000,1000,0,1000,-74000
062093,台積電富邦9C購11,0,0,0,0,0,0,0,0,0,-75000,0,0,0,75000,150000,-75000,-75000
062753,台積電麥證9B購01,0,0,0,0,75000,-75000,0,0,0,-75000,0,0,0,0,75000,-75000,-75000
063115,台積電麥證9B購02,0,0,0,0,75000,-75000,0,0,0,-75000,0,0,0,0,75000,-75000,-75000
063048,聯詠兆豐9B購01  ,0,0,0,0,0,0,0,0,0,-75000,0,0,0,142000,217000,-75000,-75000
061949,大立光群益9B購03,0,0,0,0,0,0,0,0,0,-75000,0,0,0,54000,129000,-75000,-75000
054586,健鼎國泰99購01  ,0,0,0,0,0,0,0,0,0,-75000,0,0,0,0,75000,-75000,-75000
054589,聯鈞國泰99購01  ,0,0,0,0,0,0,0,0,0,-75000,0,0,0,0,75000,-75000,-75000
057054,立積元大98購03  ,0,0,0,0,0,0,0,0,0,-75000,0,0,0,19000,94000,-75000,-75000
063174,臺股指中信01購04,0,0,0,0,0,0,0,0,0,-75000,0,0,0,8000,83000,-75000,-75000
057629,泰碩永豐98購02  ,0,0,0,0,0,0,0,0,0,-75000,0,0,0,0,75000,-75000,-75000
063310,和大群益9B購02  ,0,0,0,0,0,0,0,0,0,-75000,0,0,0,86000,161000,-75000,-75000
063814,嘉晶群益9C購01  ,0,0,0,0,0,0,0,0,0,-75000,0,0,0,55000,130000,-75000,-75000
063858,鴻海國泰02購01  ,0,0,0,0,0,0,0,0,0,-75000,0,0,0,0,75000,-75000,-75000
064110,國巨國票01購01  ,0,0,0,0,0,0,0,0,0,-75000,0,0,0,58000,133000,-75000,-75000
064088,大立光凱基02購01,0,0,0,0,0,0,0,0,0,-75000,0,0,0,0,75000,-75000,-75000
064216,矽格凱基01購01  ,0,0,0,0,0,0,0,0,0,-75000,0,0,0,11000,86000,-75000,-75000
061472,台積電元大9A購32,0,0,0,0,0,0,0,0,0,-75000,0,0,0,1000,76000,-75000,-75000
062558,義隆凱基9B購02  ,0,0,0,0,0,0,0,0,0,-76000,0,0,0,47000,123000,-76000,-76000
062717,華邦電凱基9C購01,0,0,0,0,0,0,0,0,0,-76000,0,0,0,41000,117000,-76000,-76000
061614,亞德客群益9A購01,0,0,0,0,0,0,0,0,0,-76000,0,0,0,0,76000,-76000,-76000
062504,旭富群益9B購02  ,0,0,0,0,0,0,0,0,0,-76000,0,0,0,40000,116000,-76000,-76000
055327,致新國票98購01  ,0,0,0,0,0,0,0,0,0,-76000,0,0,0,0,76000,-76000,-76000
058110,光寶科元富98購01,0,0,0,0,0,0,0,0,0,-76000,0,0,0,103000,179000,-76000,-76000
057353,玉晶光統一99購01,0,0,0,0,0,0,0,0,0,-76000,0,0,0,4000,80000,-76000,-76000
063232,裕隆元大9B購01  ,0,0,0,0,0,0,0,0,0,-76000,0,0,0,3000,79000,-76000,-76000
057563,旭富國泰9A購01  ,0,0,0,0,0,0,0,0,0,-76000,0,0,0,0,76000,-76000,-76000
059187,國巨富邦9B購02  ,0,0,0,0,0,0,0,0,0,-76000,0,0,0,0,76000,-76000,-76000
061441,大毅永豐9A購04  ,0,0,0,0,0,0,0,0,0,-76000,0,0,0,0,76000,-76000,-76000
07908P,台積電統一9B售11,0,0,0,0,0,0,0,0,0,-76000,0,0,0,0,76000,-76000,-76000
064156,大立光統一01購06,0,0,0,0,0,0,0,0,0,-76000,0,0,0,0,76000,-76000,-76000
061616,鴻海群益9A購07  ,0,0,0,0,0,0,0,0,0,-77000,0,0,0,26000,103000,-77000,-77000
06209P,旺宏統一97售07  ,0,0,0,0,0,0,0,0,0,-77000,0,0,0,5000,82000,-77000,-77000
061842,牧德凱基9C購01  ,0,0,0,0,0,0,0,0,0,-77000,0,0,0,10000,87000,-77000,-77000
061929,嘉澤凱基9B購01  ,0,0,0,0,0,0,0,0,0,-77000,0,0,0,2000,79000,-77000,-77000
061914,台光電中信9B購01,0,0,0,0,0,0,0,0,0,-77000,0,0,0,10000,87000,-77000,-77000
061373,華通富邦9A購02  ,0,0,0,0,0,0,0,0,0,-77000,0,0,0,165000,242000,-77000,-77000
00693U,街口S&P黃豆     ,175000,85000,90000,0,0,0,0,0,0,-167000,0,0,0,7000,174000,-167000,-77000
058104,國巨統一9A購04  ,0,0,0,0,0,0,0,0,0,-77000,0,0,0,0,77000,-77000,-77000
060283,台肥元大9C購01  ,0,0,0,0,0,0,0,0,0,-77000,0,0,0,2000,79000,-77000,-77000
059100,元油2X統一9C購02,0,0,0,0,0,0,0,0,0,-77000,0,0,0,120000,197000,-77000,-77000
057548,微星凱基99購01  ,0,0,0,0,0,0,0,0,0,-77000,0,0,0,48000,125000,-77000,-77000
058905,京鼎元大99購01  ,0,0,0,0,0,0,0,0,0,-77000,0,0,0,14000,91000,-77000,-77000
063853,同欣電元大9C購02,0,0,0,0,0,0,0,0,0,-77000,0,0,0,37000,114000,-77000,-77000
07420P,可成元大99售07  ,0,0,0,0,0,0,0,0,0,-77000,0,0,0,10000,87000,-77000,-77000
07101P,台郡元大99售06  ,0,0,0,0,0,0,0,0,0,-77000,0,0,0,52000,129000,-77000,-77000
06937P,GIS元大98售03   ,0,0,0,0,0,0,0,0,0,-77000,0,0,0,163000,240000,-77000,-77000
062573,大毅群益9B購03  ,0,0,0,0,0,0,0,0,0,-78000,0,0,0,45000,123000,-78000,-78000
062252,華邦電元大9C購01,0,0,0,0,0,0,0,0,0,-78000,0,0,0,52000,130000,-78000,-78000
062255,聯發科元大9B購07,0,0,0,0,0,0,0,0,0,-78000,0,0,0,17000,95000,-78000,-78000
063119,華通元大9B購07  ,0,0,0,0,0,0,0,0,0,-78000,0,0,0,85000,163000,-78000,-78000
058145,聯茂元大99購03  ,0,0,0,0,0,0,0,0,0,-78000,0,0,0,0,78000,-78000,-78000
00675L,富邦臺灣加權正2 ,0,0,0,0,0,0,0,0,0,-78000,0,0,0,1378000,1456000,-78000,-78000
056395,玉晶光永豐9B購01,0,0,0,0,0,0,0,0,0,-78000,0,0,0,0,78000,-78000,-78000
057537,聯茂元大98購04  ,0,0,0,0,0,0,0,0,0,-78000,0,0,0,0,78000,-78000,-78000
060809,康友群益9A購01  ,0,0,0,0,0,0,0,0,0,-78000,0,0,0,53000,131000,-78000,-78000
057705,臺股指群益98購05,0,0,0,0,0,0,0,0,0,-78000,0,0,0,600000,678000,-78000,-78000
064158,健鼎統一02購01  ,0,0,0,0,0,0,0,0,0,-78000,0,0,0,0,78000,-78000,-78000
061279,鴻海統一9C購04  ,0,0,0,0,0,0,0,0,0,-79000,0,0,0,1000,80000,-79000,-79000
054916,聯發科凱基98購04,0,0,0,0,0,0,0,0,0,-79000,0,0,0,38000,117000,-79000,-79000
03017X,元展17          ,0,0,0,0,0,0,0,0,0,-79000,0,0,0,0,79000,-79000,-79000
060234,凱美元大9C購01  ,0,0,0,0,0,0,0,0,0,-79000,0,0,0,0,79000,-79000,-79000
058399,美律元大99購05  ,0,0,0,0,0,0,0,0,0,-79000,0,0,0,10000,89000,-79000,-79000
059252,聯詠凱基99購03  ,0,0,0,0,0,0,0,0,0,-79000,0,0,0,10000,89000,-79000,-79000
060431,復盛永豐9A購01  ,0,0,0,0,0,0,0,0,0,-79000,0,0,0,0,79000,-79000,-79000
063248,創意元大9C購01  ,0,0,0,0,0,0,0,0,0,-79000,0,0,0,6000,85000,-79000,-79000
059688,燿華永豐99購01  ,0,0,0,0,0,0,0,0,0,-79000,0,0,0,228000,307000,-79000,-79000
063274,鈺齊兆豐9B購01  ,0,0,0,0,0,0,0,0,0,-79000,0,0,0,92000,171000,-79000,-79000
063429,南電凱基01購01  ,0,0,0,0,0,0,0,0,0,-79000,0,0,0,92000,171000,-79000,-79000
4943,康控-KY         ,287000,351000,-64000,0,0,0,0,0,0,-15000,3000,0,3000,11000,29000,-18000,-79000
063135,國巨統一9B購16  ,0,0,0,0,0,0,0,0,0,-80000,0,0,0,0,80000,-80000,-80000
062617,京鼎元大9B購01  ,0,0,0,0,0,0,0,0,0,-80000,0,0,0,140000,220000,-80000,-80000
062674,百和中信03購01  ,0,0,0,0,0,0,0,0,0,-80000,0,0,0,5000,85000,-80000,-80000
061960,國巨統一01購05  ,0,0,0,0,0,0,0,0,0,-80000,0,0,0,0,80000,-80000,-80000
063021,大立光元大9C購05,0,0,0,0,0,0,0,0,0,-80000,0,0,0,0,80000,-80000,-80000
058168,國巨凱基9A購04  ,0,0,0,0,0,0,0,0,0,-80000,0,0,0,0,80000,-80000,-80000
055362,GIS凱基97購03   ,0,0,0,0,0,0,0,0,0,-80000,0,0,0,0,80000,-80000,-80000
04373P,滬深2X元大97售01,0,0,0,0,0,0,0,0,0,-80000,0,0,0,1000,81000,-80000,-80000
050679,上証2X元富97購02,0,0,0,0,0,0,0,0,0,-80000,0,0,0,0,80000,-80000,-80000
053036,聯電凱基98購01  ,0,0,0,0,0,0,0,0,0,-80000,0,0,0,0,80000,-80000,-80000
054621,華新科兆豐98購01,0,0,0,0,0,0,0,0,0,-80000,0,0,0,0,80000,-80000,-80000
054479,緯創中信98購01  ,0,0,0,0,0,0,0,0,0,-80000,0,0,0,9000,89000,-80000,-80000
054229,超眾元富96購05  ,0,0,0,0,0,0,0,0,0,-80000,0,0,0,6000,86000,-80000,-80000
056289,合勤控永豐97購01,0,0,0,0,0,0,0,0,0,-80000,0,0,0,0,80000,-80000,-80000
063173,矽格中信9B購01  ,0,0,0,0,0,0,0,0,0,-80000,0,0,0,0,80000,-80000,-80000
060414,中興電永豐9A購01,0,0,0,0,0,0,0,0,0,-80000,0,0,0,0,80000,-80000,-80000
059823,奇力新凱基99購07,0,0,0,0,0,0,0,0,0,-80000,0,0,0,0,80000,-80000,-80000
064261,力山永豐9C購01  ,0,0,0,0,0,0,0,0,0,-80000,0,0,0,0,80000,-80000,-80000
064284,京鼎元大9C購01  ,0,0,0,0,0,0,0,0,0,-80000,0,0,0,62000,142000,-80000,-80000
064455,美食統一01購03  ,0,0,0,0,0,0,0,0,0,-80000,0,0,0,35000,115000,-80000,-80000
064426,群創兆豐9C購01  ,0,0,0,0,0,0,0,0,0,-80000,0,0,0,0,80000,-80000,-80000
064035,GIS元大9C購03   ,0,0,0,0,0,0,0,0,0,-80000,0,0,0,20000,100000,-80000,-80000
064058,儒鴻麥證01購01  ,0,0,0,0,80000,-80000,0,0,0,-80000,0,0,0,0,80000,-80000,-80000
07391P,台灣50國泰02售01,0,0,0,0,0,0,0,0,0,-80000,0,0,0,0,80000,-80000,-80000
07525P,臺股指中信9B售07,0,0,0,0,0,0,0,0,0,-80000,0,0,0,20000,100000,-80000,-80000
07280P,FBVIX凱基99售01 ,0,0,0,0,0,0,0,0,0,-80000,0,0,0,0,80000,-80000,-80000
07294P,滬深2X元富9C售08,0,0,0,0,0,0,0,0,0,-80000,0,0,0,0,80000,-80000,-80000
07947P,國巨統一9B售12  ,0,0,0,0,0,0,0,0,0,-80000,0,0,0,20000,100000,-80000,-80000
9907,統一實          ,404000,506000,-102000,0,0,0,0,0,0,22000,22000,0,22000,0,0,0,-80000
061145,臻鼎中信9A購02  ,0,0,0,0,0,0,0,0,0,-81000,0,0,0,20000,101000,-81000,-81000
062562,瑞儀凱基9B購02  ,0,0,0,0,0,0,0,0,0,-81000,0,0,0,4000,85000,-81000,-81000
061490,茂林兆豐9B購01  ,0,0,0,0,0,0,0,0,0,-81000,0,0,0,4000,85000,-81000,-81000
061055,康控群益9A購01  ,0,0,0,0,0,0,0,0,0,-81000,0,0,0,0,81000,-81000,-81000
057354,聯鈞統一99購03  ,0,0,0,0,0,0,0,0,0,-81000,0,0,0,35000,116000,-81000,-81000
053361,友達元富99購01  ,0,0,0,0,0,0,0,0,0,-81000,0,0,0,50000,131000,-81000,-81000
051292,牧德統一97購01  ,0,0,0,0,0,0,0,0,0,-81000,0,0,0,6000,87000,-81000,-81000
057394,台積電中信9C購02,0,0,0,0,0,0,0,0,0,-81000,0,0,0,0,81000,-81000,-81000
058139,臻鼎元大99購01  ,0,0,0,0,0,0,0,0,0,-81000,0,0,0,25000,106000,-81000,-81000
056136,京鼎元大98購01  ,0,0,0,0,0,0,0,0,0,-81000,0,0,0,0,81000,-81000,-81000
057988,鈺齊元富98購02  ,0,0,0,0,0,0,0,0,0,-81000,0,0,0,60000,141000,-81000,-81000
063259,廣達富邦9C購01  ,0,0,0,0,0,0,0,0,0,-81000,0,0,0,22000,103000,-81000,-81000
064016,南六國票01購01  ,0,0,0,0,0,0,0,0,0,-81000,0,0,0,5000,86000,-81000,-81000
064084,群創中信06購02  ,0,0,0,0,0,0,0,0,0,-81000,0,0,0,0,81000,-81000,-81000
064255,泰碩國泰02購01  ,0,0,0,0,0,0,0,0,0,-81000,0,0,0,0,81000,-81000,-81000
062185,禾伸堂元大9B購01,0,0,0,0,0,0,0,0,0,-82000,0,0,0,0,82000,-82000,-82000
056475,宏達電元大99購02,0,0,0,0,0,0,0,0,0,-82000,0,0,0,40000,122000,-82000,-82000
054943,群光元大97購01  ,0,0,0,0,0,0,0,0,0,-82000,0,0,0,5000,87000,-82000,-82000
063466,美食元大9B購02  ,0,0,0,0,0,0,0,0,0,-82000,0,0,0,15000,97000,-82000,-82000
058693,旭富國票9A購01  ,0,0,0,0,0,0,0,0,0,-82000,0,0,0,0,82000,-82000,-82000
060514,南電元大9A購02  ,0,0,0,0,0,0,0,0,0,-82000,0,0,0,139000,221000,-82000,-82000
064353,力成元大9C購02  ,0,0,0,0,0,0,0,0,0,-82000,0,0,0,0,82000,-82000,-82000
064565,高鐵群益01購01  ,0,0,0,0,0,0,0,0,0,-82000,0,0,0,0,82000,-82000,-82000
063745,喬山國票9C購01  ,0,0,0,0,0,0,0,0,0,-82000,0,0,0,0,82000,-82000,-82000
063564,台積電元大9B購07,0,0,0,0,0,0,0,0,0,-82000,0,0,0,60000,142000,-82000,-82000
062048,義隆台新9B購01  ,0,0,0,0,0,0,0,0,0,-82000,0,0,0,0,82000,-82000,-82000
9917,中保科          ,127000,207000,-80000,0,0,0,0,2000,-2000,0,0,0,0,0,0,0,-82000
062280,大立光群益9C購01,0,0,0,0,0,0,0,0,0,-83000,0,0,0,11000,94000,-83000,-83000
062967,上銀元富9B購01  ,0,0,0,0,0,0,0,0,0,-83000,0,0,0,31000,114000,-83000,-83000
061649,緯穎元大9A購06  ,0,0,0,0,0,0,0,0,0,-83000,0,0,0,9000,92000,-83000,-83000
063025,超眾元大9B購01  ,0,0,0,0,0,0,0,0,0,-83000,0,0,0,24000,107000,-83000,-83000
057244,鈺齊凱基99購01  ,0,0,0,0,0,0,0,0,0,-83000,0,0,0,20000,103000,-83000,-83000
059351,台虹凱基99購01  ,0,0,0,0,0,0,0,0,0,-83000,0,0,0,104000,187000,-83000,-83000
058635,華新科兆豐99購03,0,0,0,0,0,0,0,0,0,-83000,0,0,0,0,83000,-83000,-83000
059176,臺股指凱基99購27,0,0,0,0,0,0,0,0,0,-83000,0,0,0,27000,110000,-83000,-83000
064488,台達電元大9C購01,0,0,0,0,0,0,0,0,0,-83000,0,0,0,29000,112000,-83000,-83000
06645P,上銀元大98售05  ,0,0,0,0,0,0,0,0,0,-83000,0,0,0,128000,211000,-83000,-83000
064253,貿聯元富9C購01  ,0,0,0,0,0,0,0,0,0,-83000,0,0,0,2000,85000,-83000,-83000
2832,台產            ,14000,98000,-84000,0,0,0,0,0,0,0,0,0,0,0,0,0,-84000
063077,巨大永豐9B購03  ,0,0,0,0,0,0,0,0,0,-84000,0,0,0,239000,323000,-84000,-84000
062904,台光電元大9B購06,0,0,0,0,0,0,0,0,0,-84000,0,0,0,152000,236000,-84000,-84000
061600,聯電凱基9B購01  ,0,0,0,0,0,0,0,0,0,-84000,0,0,0,37000,121000,-84000,-84000
062871,大成鋼兆豐9B購01,0,0,0,0,0,0,0,0,0,-84000,0,0,0,38000,122000,-84000,-84000
062449,臻鼎元大9B購01  ,0,0,0,0,0,0,0,0,0,-84000,0,0,0,0,84000,-84000,-84000
062644,中環國泰9C購01  ,0,0,0,0,0,0,0,0,0,-84000,0,0,0,0,84000,-84000,-84000
058687,聯茂凱基9A購01  ,0,0,0,0,0,0,0,0,0,-84000,0,0,0,38000,122000,-84000,-84000
058531,華通元富99購01  ,0,0,0,0,0,0,0,0,0,-84000,0,0,0,0,84000,-84000,-84000
063225,茂林群益9B購04  ,0,0,0,0,0,0,0,0,0,-84000,0,0,0,0,84000,-84000,-84000
064448,裕隆統一02購01  ,0,0,0,0,0,0,0,0,0,-84000,0,0,0,35000,119000,-84000,-84000
063976,正崴兆豐9C購01  ,0,0,0,0,0,0,0,0,0,-84000,0,0,0,104000,188000,-84000,-84000
062035,瑞祺群益9B購01  ,0,0,0,0,0,0,0,0,0,-84000,0,0,0,109000,193000,-84000,-84000
07576P,可成元大9A售01  ,0,0,0,0,0,0,0,0,0,-84000,0,0,0,1000,85000,-84000,-84000
062418,台積電統一01購06,0,0,0,0,0,0,0,0,0,-85000,0,0,0,1000,86000,-85000,-85000
060983,南亞科元大9A購06,0,0,0,0,0,0,0,0,0,-85000,0,0,0,0,85000,-85000,-85000
062253,燿華元大9B購02  ,0,0,0,0,0,0,0,0,0,-85000,0,0,0,183000,268000,-85000,-85000
06165P,臺股指凱基9A售03,0,0,0,0,0,0,0,0,0,-85000,0,0,0,1000,86000,-85000,-85000
061390,大立光群益9A購04,0,0,0,0,0,0,0,0,0,-85000,0,0,0,0,85000,-85000,-85000
061723,嘉聯益永豐9A購03,0,0,0,0,0,0,0,0,0,-85000,0,0,0,0,85000,-85000,-85000
056356,台積電元大99購01,0,0,0,0,0,0,0,0,0,-85000,0,0,0,17000,102000,-85000,-85000
056276,同欣電國泰98購01,0,0,0,0,0,0,0,0,0,-85000,0,0,0,0,85000,-85000,-85000
056744,麗豐凱基9A購01  ,0,0,0,0,0,0,0,0,0,-85000,0,0,0,0,85000,-85000,-85000
055381,茂林元大97購02  ,0,0,0,0,0,0,0,0,0,-85000,0,0,0,10000,95000,-85000,-85000
055421,玉晶光永豐98購04,0,0,0,0,0,0,0,0,0,-85000,0,0,0,0,85000,-85000,-85000
060882,大立光中信9A購05,0,0,0,0,0,0,0,0,0,-85000,0,0,0,0,85000,-85000,-85000
063318,京鼎群益9C購02  ,0,0,0,0,0,0,0,0,0,-85000,0,0,0,16000,101000,-85000,-85000
058700,鴻海元大99購15  ,0,0,0,0,0,0,0,0,0,-85000,0,0,0,0,85000,-85000,-85000
060472,中租元大9A購02  ,0,0,0,0,0,0,0,0,0,-85000,0,0,0,70000,155000,-85000,-85000
058883,旭富永豐99購01  ,0,0,0,0,0,0,0,0,0,-85000,0,0,0,0,85000,-85000,-85000
059359,精元永豐99購01  ,0,0,0,0,0,0,0,0,0,-85000,0,0,0,0,85000,-85000,-85000
058788,喬山元大99購01  ,0,0,0,0,0,0,0,0,0,-85000,0,0,0,20000,105000,-85000,-85000
060322,卜蜂群益9A購01  ,0,0,0,0,0,0,0,0,0,-85000,0,0,0,1000,86000,-85000,-85000
07560P,台積電國泰9B售01,0,0,0,0,0,0,0,0,0,-85000,0,0,0,35000,120000,-85000,-85000
08222P,南六凱基9B售05  ,0,0,0,0,0,0,0,0,0,-85000,0,0,0,38000,123000,-85000,-85000
063987,台灣50永豐9C購01,0,0,0,0,0,0,0,0,0,-85000,0,0,0,0,85000,-85000,-85000
063943,台光電元大9C購02,0,0,0,0,0,0,0,0,0,-85000,0,0,0,0,85000,-85000,-85000
063528,元大金凱基9B購01,0,0,0,0,0,0,0,0,0,-85000,0,0,0,0,85000,-85000,-85000
063652,國泰金台新9B購01,0,0,0,0,0,0,0,0,0,-85000,0,0,0,3000,88000,-85000,-85000
063810,香港反群益03購01,0,0,0,0,0,0,0,0,0,-85000,0,0,0,0,85000,-85000,-85000
064573,復盛群益9C購01  ,0,0,0,0,0,0,0,0,0,-85000,0,0,0,0,85000,-85000,-85000
064605,GIS元富9C購01   ,0,0,0,0,0,0,0,0,0,-85000,0,0,0,0,85000,-85000,-85000
064613,聯電元大9C購05  ,0,0,0,0,0,0,0,0,0,-85000,0,0,0,0,85000,-85000,-85000
062003,國巨國泰01購01  ,0,45000,-45000,0,0,0,0,0,0,-41000,0,0,0,70000,111000,-41000,-86000
061693,華新科群益9B購02,0,0,0,0,0,0,0,0,0,-86000,0,0,0,0,86000,-86000,-86000
2428,興勤            ,174000,266000,-92000,0,0,0,0,0,0,6000,2000,0,2000,5000,1000,4000,-86000
062497,遠東新群益9B購01,0,0,0,0,0,0,0,0,0,-86000,0,0,0,127000,213000,-86000,-86000
056578,智易元大99購02  ,0,0,0,0,0,0,0,0,0,-86000,0,0,0,17000,103000,-86000,-86000
055923,矽力凱基98購01  ,0,0,0,0,0,0,0,0,0,-86000,0,0,0,14000,100000,-86000,-86000
056995,華新科日盛99購01,0,0,0,0,0,0,0,0,0,-86000,0,0,0,0,86000,-86000,-86000
060100,新光金元大9C購01,0,0,0,0,0,0,0,0,0,-86000,0,0,0,2000,88000,-86000,-86000
060009,南亞科群益99購03,0,0,0,0,0,0,0,0,0,-86000,0,0,0,0,86000,-86000,-86000
058661,臺股指中信9C購01,0,0,0,0,0,0,0,0,0,-86000,0,0,0,50000,136000,-86000,-86000
062636,聯鈞國票9B購01  ,0,0,0,0,0,0,0,0,0,-87000,0,0,0,10000,97000,-87000,-87000
062735,和大國票9B購01  ,0,0,0,0,0,0,0,0,0,-87000,0,0,0,89000,176000,-87000,-87000
1733,五鼎            ,58000,146000,-88000,0,0,0,0,0,0,1000,3000,2000,1000,0,0,0,-87000
063024,祥碩元大9B購05  ,0,0,0,0,0,0,0,0,0,-87000,0,0,0,93000,180000,-87000,-87000
060190,國泰金元富9A購01,0,0,0,0,0,0,0,0,0,-87000,0,0,0,55000,142000,-87000,-87000
051486,玉晶光凱基97購03,0,0,0,0,0,0,0,0,0,-87000,0,0,0,30000,117000,-87000,-87000
060511,群創元大9B購08  ,0,0,0,0,0,0,0,0,0,-87000,0,0,0,0,87000,-87000,-87000
060361,南亞科元富9A購03,0,0,0,0,0,0,0,0,0,-87000,0,0,0,10000,97000,-87000,-87000
064617,台光電元大01購01,0,0,0,0,0,0,0,0,0,-87000,0,0,0,0,87000,-87000,-87000
064295,聚陽國票01購01  ,0,0,0,0,0,0,0,0,0,-87000,0,0,0,2000,89000,-87000,-87000
063536,美食統一01購01  ,0,0,0,0,0,0,0,0,0,-87000,0,0,0,46000,133000,-87000,-87000
08034P,台積電兆豐9B售02,0,0,0,0,0,0,0,0,0,-87000,0,0,0,1000,88000,-87000,-87000
07781P,高鐵凱基9A售02  ,0,0,0,0,0,0,0,0,0,-87000,0,0,0,218000,305000,-87000,-87000
2451,創見            ,112000,136710,-24710,0,0,0,0,0,0,-63000,5000,0,5000,0,68000,-68000,-87710
2485,兆赫            ,146000,229000,-83000,0,0,0,0,0,0,-5000,5000,10000,-5000,0,0,0,-88000
063018,聯發科元大9B購14,0,0,0,0,0,0,0,0,0,-88000,0,0,0,12000,100000,-88000,-88000
062679,技嘉統一01購01  ,0,0,0,0,0,0,0,0,0,-88000,0,0,0,45000,133000,-88000,-88000
062787,超眾元大9C購02  ,0,0,0,0,0,0,0,0,0,-88000,0,0,0,0,88000,-88000,-88000
061237,晶技元大9A購01  ,0,0,0,0,0,0,0,0,0,-88000,0,0,0,0,88000,-88000,-88000
062323,上銀統一9B購03  ,0,0,0,0,0,0,0,0,0,-88000,0,0,0,10000,98000,-88000,-88000
057190,立積元大9A購02  ,0,0,0,0,0,0,0,0,0,-88000,0,0,0,36000,124000,-88000,-88000
053593,晶技元大98購01  ,0,0,0,0,0,0,0,0,0,-88000,0,0,0,77000,165000,-88000,-88000
057706,臺股指群益98購06,0,0,0,0,0,0,0,0,0,-88000,0,0,0,0,88000,-88000,-88000
060513,緯穎元大9B購01  ,0,0,0,0,0,0,0,0,0,-88000,0,0,0,52000,140000,-88000,-88000
057665,技嘉元大99購01  ,0,0,0,0,0,0,0,0,0,-88000,0,0,0,3000,91000,-88000,-88000
07292P,臺股指凱基99售44,0,0,0,0,0,0,0,0,0,-88000,0,0,0,83000,171000,-88000,-88000
061826,台郡麥證9B購01  ,0,0,0,0,89000,-89000,0,0,0,-89000,0,0,0,0,89000,-89000,-89000
061127,美食永豐9A購01  ,0,0,0,0,0,0,0,0,0,-89000,0,0,0,41000,130000,-89000,-89000
1907,永豐餘          ,192000,299000,-107000,0,0,0,0,0,0,18000,19000,1000,18000,0,0,0,-89000
054351,華新科國泰97購03,0,0,0,0,0,0,0,0,0,-89000,0,0,0,0,89000,-89000,-89000
057182,禾伸堂元大99購02,0,0,0,0,0,0,0,0,0,-89000,0,0,0,0,89000,-89000,-89000
056552,台表科凱基99購01,0,0,0,0,0,0,0,0,0,-89000,0,0,0,6000,95000,-89000,-89000
056554,GIS凱基99購01   ,0,0,0,0,0,0,0,0,0,-89000,0,0,0,259000,348000,-89000,-89000
056198,台光電永豐97購02,0,0,0,0,0,0,0,0,0,-89000,0,0,0,1000,90000,-89000,-89000
055536,嘉聯益群益99購02,0,0,0,0,0,0,0,0,0,-89000,0,0,0,3000,92000,-89000,-89000
058878,旭富國泰9B購01  ,0,0,0,0,0,0,0,0,0,-89000,0,0,0,2000,91000,-89000,-89000
058645,康控富邦01購01  ,0,0,0,0,0,0,0,0,0,-89000,0,0,0,122000,211000,-89000,-89000
060355,元金2X元富9C購01,0,0,0,0,0,0,0,0,0,-89000,0,0,0,0,89000,-89000,-89000
08231P,上銀元富9B售10  ,0,0,0,0,0,0,0,0,0,-89000,0,0,0,131000,220000,-89000,-89000
063741,GIS元大9B購04   ,0,0,0,0,0,0,0,0,0,-89000,0,0,0,64000,153000,-89000,-89000
063956,神達元大9C購01  ,0,0,0,0,0,0,0,0,0,-89000,0,0,0,180000,269000,-89000,-89000
064196,健策群益01購01  ,0,0,0,0,0,0,0,0,0,-89000,0,0,0,84000,173000,-89000,-89000
08422P,玉晶光群益02售03,0,0,0,0,0,0,0,0,0,-90000,0,0,0,0,90000,-90000,-90000
061141,臻鼎統一9A購01  ,0,0,0,0,0,0,0,0,0,-90000,0,0,0,0,90000,-90000,-90000
061089,台積電統一9C購04,0,0,0,0,0,0,0,0,0,-90000,0,0,0,0,90000,-90000,-90000
062123,台積電統一9B購13,0,0,0,0,0,0,0,0,0,-90000,0,0,0,0,90000,-90000,-90000
060996,臻鼎元大9A購01  ,0,0,0,0,0,0,0,0,0,-90000,0,0,0,0,90000,-90000,-90000
061233,國巨元大9A購17  ,0,0,0,0,0,0,0,0,0,-90000,0,0,0,0,90000,-90000,-90000
061605,華新科凱基9A購14,0,0,0,0,0,0,0,0,0,-90000,0,0,0,0,90000,-90000,-90000
062958,長榮航麥證9B購01,0,0,0,8000,98000,-90000,0,0,0,-90000,0,0,0,8000,98000,-90000,-90000
055429,華新科群益99購01,0,0,0,0,0,0,0,0,0,-90000,0,0,0,0,90000,-90000,-90000
057381,微星國泰9A購01  ,0,0,0,0,0,0,0,0,0,-90000,0,0,0,8000,98000,-90000,-90000
056130,新日興麥證97購01,0,0,0,0,90000,-90000,0,0,0,-90000,0,0,0,0,90000,-90000,-90000
056243,創意群益97購03  ,0,0,0,0,0,0,0,0,0,-90000,0,0,0,10000,100000,-90000,-90000
05395P,旺宏元大96售06  ,0,0,0,0,0,0,0,0,0,-90000,0,0,0,0,90000,-90000,-90000
054550,旺宏凱基98購02  ,0,0,0,0,0,0,0,0,0,-90000,0,0,0,0,90000,-90000,-90000
00762,元大全球AI      ,2000,2000,0,0,0,0,0,0,0,-90000,0,0,0,104000,194000,-90000,-90000
060338,鴻海統一9C購02  ,0,0,0,0,0,0,0,0,0,-90000,0,0,0,41000,131000,-90000,-90000
058093,神達元大9A購01  ,0,0,0,0,0,0,0,0,0,-90000,0,0,0,1000,91000,-90000,-90000
057955,技嘉元大98購07  ,0,0,0,0,0,0,0,0,0,-90000,0,0,0,4000,94000,-90000,-90000
064290,GIS元大9C購04   ,0,0,0,0,0,0,0,0,0,-90000,0,0,0,20000,110000,-90000,-90000
064403,正崴凱基01購01  ,0,0,0,0,0,0,0,0,0,-90000,0,0,0,0,90000,-90000,-90000
064593,鈺齊永豐9C購01  ,0,0,0,0,0,0,0,0,0,-90000,0,0,0,0,90000,-90000,-90000
064497,可成元大01購02  ,0,0,0,0,0,0,0,0,0,-90000,0,0,0,22000,112000,-90000,-90000
06600P,貿聯永豐98售01  ,0,0,0,0,0,0,0,0,0,-90000,0,0,0,0,90000,-90000,-90000
063944,建準元大9C購01  ,0,0,0,0,0,0,0,0,0,-90000,0,0,0,2000,92000,-90000,-90000
064094,達新群益9C購01  ,0,0,0,0,0,0,0,0,0,-90000,0,0,0,10000,100000,-90000,-90000
063807,超眾兆豐01購01  ,0,0,0,0,0,0,0,0,0,-90000,0,0,0,0,90000,-90000,-90000
07994P,臺股指群益9B售04,0,0,0,0,0,0,0,0,0,-90000,0,0,0,172000,262000,-90000,-90000
07230P,滬深2X群益01售02,0,0,0,0,0,0,0,0,0,-90000,0,0,0,10000,100000,-90000,-90000
062765,祥碩凱基9B購04  ,0,0,0,0,0,0,0,0,0,-91000,0,0,0,29000,120000,-91000,-91000
061430,致新元大9A購01  ,0,0,0,0,0,0,0,0,0,-91000,0,0,0,0,91000,-91000,-91000
063014,技嘉元大9B購03  ,0,0,0,0,0,0,0,0,0,-91000,0,0,0,27000,118000,-91000,-91000
055648,可成元富97購01  ,0,0,0,0,0,0,0,0,0,-91000,0,0,0,50000,141000,-91000,-91000
057823,神達元大98購01  ,0,0,0,0,0,0,0,0,0,-91000,0,0,0,0,91000,-91000,-91000
060561,台積電富邦04購01,0,0,0,0,0,0,0,0,0,-91000,0,0,0,75000,166000,-91000,-91000
058262,大立光富邦9C購02,0,0,0,0,0,0,0,0,0,-91000,0,0,0,0,91000,-91000,-91000
060633,玉晶光富邦02購01,0,0,0,0,0,0,0,0,0,-91000,0,0,0,24000,115000,-91000,-91000
063374,嘉澤永豐9B購04  ,0,0,0,0,0,0,0,0,0,-91000,0,0,0,25000,116000,-91000,-91000
063554,GIS國票9C購03   ,0,0,0,0,0,0,0,0,0,-91000,0,0,0,62000,153000,-91000,-91000
06456P,聯發科統一98售03,0,0,0,0,0,0,0,0,0,-91000,0,0,0,60000,151000,-91000,-91000
064335,可成元大9C購05  ,0,0,0,0,0,0,0,0,0,-91000,0,0,0,9000,100000,-91000,-91000
061998,緯穎元大9B購03  ,0,0,0,0,0,0,0,0,0,-92000,0,0,0,0,92000,-92000,-92000
062912,新日興元大9B購01,0,0,0,0,0,0,0,0,0,-92000,0,0,0,0,92000,-92000,-92000
061232,和大元大9A購03  ,0,0,0,0,0,0,0,0,0,-92000,0,0,0,31000,123000,-92000,-92000
062376,中租元大9B購02  ,0,0,0,0,0,0,0,0,0,-92000,0,0,0,50000,142000,-92000,-92000
058143,瑞儀元大99購02  ,0,0,0,0,0,0,0,0,0,-92000,0,0,0,8000,100000,-92000,-92000
063364,聯發科富邦01購02,0,0,0,0,0,0,0,0,0,-92000,0,0,0,13000,105000,-92000,-92000
063250,同欣電元大9B購03,0,0,0,0,0,0,0,0,0,-92000,0,0,0,164000,256000,-92000,-92000
058711,鴻海統一9A購02  ,0,0,0,0,0,0,0,0,0,-92000,0,0,0,1000,93000,-92000,-92000
060685,康友元大9A購01  ,0,0,0,0,0,0,0,0,0,-92000,0,0,0,9000,101000,-92000,-92000
060011,臺股指群益9C購06,0,0,0,0,0,0,0,0,0,-92000,0,0,0,3000,95000,-92000,-92000
063653,儒鴻元富9B購01  ,0,0,0,0,0,0,0,0,0,-92000,0,0,0,20000,112000,-92000,-92000
064147,瑞昱統一01購04  ,0,0,0,0,0,0,0,0,0,-92000,0,0,0,303000,395000,-92000,-92000
063947,大毅元大9C購02  ,0,0,0,0,0,0,0,0,0,-92000,0,0,0,0,92000,-92000,-92000
08201P,祥碩元大9B售09  ,0,0,0,0,0,0,0,0,0,-92000,0,0,0,50000,142000,-92000,-92000
062069,喬山元大9B購01  ,0,0,0,0,0,0,0,0,0,-93000,0,0,0,17000,110000,-93000,-93000
061583,矽創元大9A購01  ,0,0,0,0,0,0,0,0,0,-93000,0,0,0,30000,123000,-93000,-93000
061028,聚陽永豐9A購01  ,0,0,0,0,0,0,0,0,0,-93000,0,0,0,6000,99000,-93000,-93000
060164,合勤控永豐9A購01,0,0,0,0,0,0,0,0,0,-93000,0,0,0,10000,103000,-93000,-93000
060911,大毅元大9A購01  ,0,0,0,0,0,0,0,0,0,-93000,0,0,0,4000,97000,-93000,-93000
055207,致新中信99購01  ,0,0,0,0,0,0,0,0,0,-93000,0,0,0,0,93000,-93000,-93000
060411,達新永豐9A購01  ,0,0,0,0,0,0,0,0,0,-93000,0,0,0,41000,134000,-93000,-93000
063213,智伸科國票9C購01,0,0,0,0,0,0,0,0,0,-93000,0,0,0,12000,105000,-93000,-93000
057618,台光電凱基99購01,0,0,0,0,0,0,0,0,0,-93000,0,0,0,0,93000,-93000,-93000
063482,緯穎元大9B購09  ,0,0,0,0,0,0,0,0,0,-93000,0,0,0,17000,110000,-93000,-93000
063480,南六元大9C購01  ,0,0,0,0,0,0,0,0,0,-93000,0,0,0,59000,152000,-93000,-93000
064620,大立光元大01購03,0,0,0,0,0,0,0,0,0,-93000,0,0,0,0,93000,-93000,-93000
061573,義隆元大9A購02  ,0,0,0,0,0,0,0,0,0,-94000,0,0,0,71000,165000,-94000,-94000
061841,晶技凱基9C購01  ,0,0,0,0,0,0,0,0,0,-94000,0,0,0,11000,105000,-94000,-94000
063066,同欣電麥證9B購01,0,0,0,88000,182000,-94000,0,0,0,-94000,0,0,0,88000,182000,-94000,-94000
054057,晶豪科國票97購01,0,0,0,0,0,0,0,0,0,-94000,0,0,0,0,94000,-94000,-94000
055755,禾伸堂兆豐97購02,0,0,0,0,0,0,0,0,0,-94000,0,0,0,0,94000,-94000,-94000
055899,群創中信99購01  ,0,0,0,0,0,0,0,0,0,-94000,0,0,0,0,94000,-94000,-94000
061473,台積電元大9A購33,0,0,0,0,0,0,0,0,0,-94000,0,0,0,0,94000,-94000,-94000
08316P,祥碩元大9C售04  ,0,0,0,0,0,0,0,0,0,-95000,0,0,0,25000,120000,-95000,-95000
2723,美食-KY         ,597000,662000,-65000,0,0,0,5000,67000,-62000,32000,2000,10000,-8000,43000,3000,40000,-95000
2421,建準            ,1268000,605000,663000,0,0,0,0,785000,-785000,27000,2000,8000,-6000,45000,12000,33000,-95000
062722,京元電凱基9B購02,0,0,0,0,0,0,0,0,0,-95000,0,0,0,147000,242000,-95000,-95000
062483,致新國票9B購01  ,0,0,0,0,0,0,0,0,0,-95000,0,0,0,30000,125000,-95000,-95000
061005,可成兆豐9A購01  ,0,0,0,0,0,0,0,0,0,-95000,0,0,0,127000,222000,-95000,-95000
062512,美食國票9B購01  ,0,0,0,0,0,0,0,0,0,-95000,0,0,0,0,95000,-95000,-95000
056626,同欣電永豐98購01,0,0,0,0,0,0,0,0,0,-95000,0,0,0,0,95000,-95000,-95000
060212,華航康和9A購01  ,0,0,0,0,0,0,0,0,0,-95000,0,0,0,0,95000,-95000,-95000
057161,亞德客元大98購02,0,0,0,0,0,0,0,0,0,-95000,0,0,0,100000,195000,-95000,-95000
057606,健策統一98購03  ,0,0,0,0,0,0,0,0,0,-95000,0,0,0,143000,238000,-95000,-95000
057664,台積電元大9A購03,0,0,0,0,0,0,0,0,0,-95000,0,0,0,16000,111000,-95000,-95000
058712,鴻海統一9B購03  ,0,0,0,0,0,0,0,0,0,-95000,0,0,0,0,95000,-95000,-95000
058732,矽格永豐99購01  ,0,0,0,0,0,0,0,0,0,-95000,0,0,0,10000,105000,-95000,-95000
057531,禾伸堂元大99購04,0,0,0,0,0,0,0,0,0,-95000,0,0,0,0,95000,-95000,-95000
059945,嘉澤永豐99購03  ,0,0,0,0,0,0,0,0,0,-95000,0,0,0,2000,97000,-95000,-95000
060944,國泰金國票9A購01,0,0,0,0,0,0,0,0,0,-95000,0,0,0,0,95000,-95000,-95000
07466P,亞德客元大9A售02,0,0,0,0,0,0,0,0,0,-95000,0,0,0,50000,145000,-95000,-95000
06996P,臺股指凱基99售17,0,0,0,0,0,0,0,0,0,-95000,0,0,0,0,95000,-95000,-95000
064306,和潤兆豐01購01  ,0,0,0,0,0,0,0,0,0,-95000,0,0,0,8000,103000,-95000,-95000
063942,台積電元大01購03,0,0,0,0,0,0,0,0,0,-95000,0,0,0,7000,102000,-95000,-95000
4739,康普            ,172000,70000,102000,0,0,0,0,195000,-195000,-2000,0,0,0,0,2000,-2000,-95000
061581,貿聯元大9A購05  ,0,0,0,0,0,0,0,0,0,-96000,0,0,0,8000,104000,-96000,-96000
061786,義隆群益9B購01  ,0,0,0,0,0,0,0,0,0,-96000,0,0,0,11000,107000,-96000,-96000
056762,亞德客元大98購01,0,0,0,0,0,0,0,0,0,-96000,0,0,0,3000,99000,-96000,-96000
057183,玉晶光元大99購07,0,0,0,0,0,0,0,0,0,-96000,0,0,0,8000,104000,-96000,-96000
058358,技嘉凱基9A購01  ,0,0,0,0,0,0,0,0,0,-96000,0,0,0,6000,102000,-96000,-96000
058927,勤誠元富99購02  ,0,0,0,0,0,0,0,0,0,-96000,0,0,0,0,96000,-96000,-96000
063288,泰鼎元大9B購02  ,0,0,0,0,0,0,0,0,0,-96000,0,0,0,177000,273000,-96000,-96000
064138,亞德客統一01購02,0,0,0,0,0,0,0,0,0,-96000,0,0,0,34000,130000,-96000,-96000
064493,南亞科元大9C購01,0,0,0,0,0,0,0,0,0,-96000,0,0,0,115000,211000,-96000,-96000
3062,建漢            ,136000,237000,-101000,0,0,0,0,0,0,5000,5000,0,5000,0,0,0,-96000
063068,聯發科國泰01購03,0,0,0,0,0,0,0,0,0,-97000,0,0,0,3000,100000,-97000,-97000
062833,世芯群益9B購01  ,0,0,0,0,0,0,0,0,0,-97000,0,0,0,0,97000,-97000,-97000
062891,台汽電群益9B購01,0,0,0,0,0,0,0,0,0,-97000,0,0,0,143000,240000,-97000,-97000
062468,台積電凱基9B購06,0,0,0,0,0,0,0,0,0,-97000,0,0,0,3000,100000,-97000,-97000
053970,聯發科元大97購08,0,0,0,0,0,0,0,0,0,-97000,0,0,0,89000,186000,-97000,-97000
054957,興富發元大97購01,0,0,0,0,0,0,0,0,0,-97000,0,0,0,0,97000,-97000,-97000
056044,同欣電凱基97購03,0,0,0,0,0,0,0,0,0,-97000,0,0,0,0,97000,-97000,-97000
064475,台積電國泰02購03,0,0,0,0,0,0,0,0,0,-97000,0,0,0,86000,183000,-97000,-97000
063863,儒鴻富邦02購01  ,0,0,0,0,0,0,0,0,0,-97000,0,0,0,5000,102000,-97000,-97000
062422,億光統一01購01  ,0,0,0,0,0,0,0,0,0,-98000,0,0,0,13000,111000,-98000,-98000
062194,遠東新中信9C購01,0,0,0,0,0,0,0,0,0,-98000,0,0,0,0,98000,-98000,-98000
061340,義隆元大9A購01  ,0,0,0,0,0,0,0,0,0,-98000,0,0,0,2000,100000,-98000,-98000
1589,永冠-KY         ,56000,115000,-59000,0,0,0,0,0,0,-39000,1000,40000,-39000,0,0,0,-98000
059061,晶技凱基9A購01  ,0,0,0,0,0,0,0,0,0,-98000,0,0,0,50000,148000,-98000,-98000
056987,南茂群益98購01  ,0,0,0,0,0,0,0,0,0,-98000,0,0,0,10000,108000,-98000,-98000
054265,GIS元大96購03   ,0,0,0,0,0,0,0,0,0,-98000,0,0,0,0,98000,-98000,-98000
058556,百和永豐99購01  ,0,0,0,0,0,0,0,0,0,-98000,0,0,0,48000,146000,-98000,-98000
059274,國巨元大99購22  ,0,0,0,0,0,0,0,0,0,-98000,0,0,0,2000,100000,-98000,-98000
063666,京元電統一9C購01,0,0,0,0,0,0,0,0,0,-98000,0,0,0,0,98000,-98000,-98000
08209P,上銀元富9B售06  ,0,0,0,0,0,0,0,0,0,-98000,0,0,0,156000,254000,-98000,-98000
061110,超眾元大9A購03  ,0,0,0,0,0,0,0,0,0,-99000,0,0,0,8000,107000,-99000,-99000
062552,南電永豐9B購01  ,0,0,0,0,0,0,0,0,0,-99000,0,0,0,0,99000,-99000,-99000
062766,台郡凱基9B購02  ,0,0,0,0,0,0,0,0,0,-99000,0,0,0,0,99000,-99000,-99000
062956,同欣電永豐9B購02,0,0,0,0,0,0,0,0,0,-99000,0,0,0,40000,139000,-99000,-99000
06296P,燿華元大98售01  ,0,0,0,0,0,0,0,0,0,-99000,0,0,0,44000,143000,-99000,-99000
054263,聯茂元大96購02  ,0,0,0,0,0,0,0,0,0,-99000,0,0,0,1000,100000,-99000,-99000
05331P,上証2X國票96售01,0,0,0,0,0,0,0,0,0,-99000,0,0,0,1000,100000,-99000,-99000
060825,聯詠元大9A購05  ,0,0,0,0,0,0,0,0,0,-99000,0,0,0,19000,118000,-99000,-99000
059991,超眾元大9A購02  ,0,0,0,0,0,0,0,0,0,-99000,0,0,0,0,99000,-99000,-99000
060416,神隆永豐9A購01  ,0,0,0,0,0,0,0,0,0,-99000,0,0,0,454000,553000,-99000,-99000
061443,大立光統一9C購02,0,0,0,0,0,0,0,0,0,-99000,0,0,0,0,99000,-99000,-99000
063553,同欣電國票9B購03,0,0,0,0,0,0,0,0,0,-99000,0,0,0,65000,164000,-99000,-99000
063756,鴻海統一9B購09  ,0,0,0,0,0,0,0,0,0,-99000,0,0,0,2000,101000,-99000,-99000
064037,寶成元大9C購02  ,0,0,0,0,0,0,0,0,0,-99000,0,0,0,50000,149000,-99000,-99000
061626,超眾群益9A購02  ,0,0,0,0,0,0,0,0,0,-100000,0,0,0,6000,106000,-100000,-100000
06173P,華通元大97售02  ,0,0,0,0,0,0,0,0,0,-100000,0,0,0,0,100000,-100000,-100000
061406,華通國票9A購06  ,0,0,0,0,0,0,0,0,0,-100000,0,0,0,0,100000,-100000,-100000
2476,鉅祥            ,17000,118000,-101000,0,0,0,0,0,0,1000,1000,0,1000,0,0,0,-100000
054147,GIS元大96購02   ,0,0,0,0,0,0,0,0,0,-100000,0,0,0,0,100000,-100000,-100000
056297,台光電元大97購04,0,0,0,0,0,0,0,0,0,-100000,0,0,0,0,100000,-100000,-100000
057187,群創元大9B購04  ,0,0,0,0,0,0,0,0,0,-100000,0,0,0,0,100000,-100000,-100000
055312,台虹群益99購01  ,0,0,0,0,0,0,0,0,0,-100000,0,0,0,0,100000,-100000,-100000
055262,台虹國泰98購01  ,0,0,0,0,0,0,0,0,0,-100000,0,0,0,0,100000,-100000,-100000
052631,T50反1凱基98購02,0,0,0,0,0,0,0,0,0,-100000,0,0,0,0,100000,-100000,-100000
052003,泰碩國泰97購02  ,0,0,0,0,0,0,0,0,0,-100000,0,0,0,0,100000,-100000,-100000
056977,國巨群益9A購01  ,0,0,0,0,0,0,0,0,0,-100000,0,0,0,0,100000,-100000,-100000
057045,美律元大99購04  ,0,0,0,0,0,0,0,0,0,-100000,0,0,0,0,100000,-100000,-100000
057070,美律永豐98購02  ,0,0,0,0,0,0,0,0,0,-100000,0,0,0,0,100000,-100000,-100000
057001,華邦電國票99購02,0,0,0,0,0,0,0,0,0,-100000,0,0,0,0,100000,-100000,-100000
057512,華邦電台新98購01,0,0,0,0,0,0,0,0,0,-100000,0,0,0,0,100000,-100000,-100000
055377,揚明光元大98購01,0,0,0,0,0,0,0,0,0,-100000,0,0,0,10000,110000,-100000,-100000
056114,台達電群益97購02,0,0,0,0,0,0,0,0,0,-100000,0,0,0,0,100000,-100000,-100000
060420,神基永豐9A購01  ,0,0,0,0,0,0,0,0,0,-100000,0,0,0,0,100000,-100000,-100000
058656,燿華中信99購01  ,0,0,0,0,0,0,0,0,0,-100000,0,0,0,236000,336000,-100000,-100000
059559,T50反1凱基99購07,0,0,0,0,0,0,0,0,0,-100000,0,0,0,0,100000,-100000,-100000
063179,群創兆豐9B購01  ,0,0,0,0,0,0,0,0,0,-100000,0,0,0,85000,185000,-100000,-100000
060757,台積電元大9A購18,0,0,0,0,0,0,0,0,0,-100000,0,0,0,0,100000,-100000,-100000
059124,台積電第一03購01,0,0,0,0,0,0,0,0,0,-100000,0,0,0,0,100000,-100000,-100000
057851,鴻海國票99購06  ,0,0,0,0,0,0,0,0,0,-100000,0,0,0,0,100000,-100000,-100000
058082,美律群益98購05  ,0,0,0,0,0,0,0,0,0,-100000,0,0,0,0,100000,-100000,-100000
063714,超眾凱基9B購03  ,0,0,0,0,0,0,0,0,0,-100000,0,0,0,15000,115000,-100000,-100000
063825,道瓊銀國票01購01,0,0,0,0,0,0,0,0,0,-100000,0,0,0,0,100000,-100000,-100000
064602,玉晶光元富9C購03,0,0,0,0,0,0,0,0,0,-100000,0,0,0,0,100000,-100000,-100000
064345,創意元大9C購03  ,0,0,0,0,0,0,0,0,0,-100000,0,0,0,0,100000,-100000,-100000
064415,群創麥證9C購01  ,0,0,0,0,100000,-100000,0,0,0,-100000,0,0,0,0,100000,-100000,-100000
062024,臺股指中信9C購05,0,0,0,0,0,0,0,0,0,-100000,0,0,0,0,100000,-100000,-100000
08002P,大毅國票9B售03  ,0,0,0,0,0,0,0,0,0,-100000,0,0,0,0,100000,-100000,-100000
07868P,健策元大9B售05  ,0,0,0,0,0,0,0,0,0,-100000,0,0,0,0,100000,-100000,-100000
07790P,台灣50元大9A售19,0,0,0,0,0,0,0,0,0,-100000,0,0,0,0,100000,-100000,-100000
07019P,鴻海台新99售01  ,0,0,0,0,0,0,0,0,0,-100000,0,0,0,0,100000,-100000,-100000
06764P,聯發科元大98售11,0,0,0,0,0,0,0,0,0,-100000,0,0,0,0,100000,-100000,-100000
07437P,臺股指麥證9A售04,0,0,0,0,100000,-100000,0,0,0,-100000,0,0,0,0,100000,-100000,-100000
6209,今國光          ,139000,240000,-101000,0,0,0,0,0,0,1000,1000,0,1000,0,0,0,-100000
061956,和大統一01購01  ,0,0,0,0,0,0,0,0,0,-101000,0,0,0,131000,232000,-101000,-101000
062501,台積電群益9C購03,0,0,0,0,0,0,0,0,0,-101000,0,0,0,19000,120000,-101000,-101000
061074,儒鴻兆豐9B購01  ,0,0,0,0,0,0,0,0,0,-101000,0,0,0,17000,118000,-101000,-101000
06239P,奇力新元大97售08,0,0,0,0,0,0,0,0,0,-101000,0,0,0,110000,211000,-101000,-101000
061509,SP黃豆富邦9C購01,0,0,0,0,0,0,0,0,0,-101000,0,0,0,0,101000,-101000,-101000
057269,鈺齊兆豐98購01  ,0,0,0,0,0,0,0,0,0,-101000,0,0,0,7000,108000,-101000,-101000
054347,上緯控國票96購02,0,0,0,0,0,0,0,0,0,-101000,0,0,0,0,101000,-101000,-101000
053646,臺股指國票96購09,0,0,0,0,0,0,0,0,0,-101000,0,0,0,0,101000,-101000,-101000
060376,瑞祺元富9A購01  ,0,0,0,0,0,0,0,0,0,-101000,0,0,0,139000,240000,-101000,-101000
059832,超眾康和99購01  ,0,0,0,0,0,0,0,0,0,-101000,0,0,0,10000,111000,-101000,-101000
060093,友達元大03購01  ,0,0,0,0,0,0,0,0,0,-101000,0,0,0,2000,103000,-101000,-101000
059713,滬深2X元大9C購04,0,0,0,0,0,0,0,0,0,-101000,0,0,0,0,101000,-101000,-101000
060456,正隆元大9A購01  ,0,0,0,0,0,0,0,0,0,-101000,0,0,0,47000,148000,-101000,-101000
08055P,臺股指國票9B售20,0,0,0,0,0,0,0,0,0,-101000,0,0,0,34000,135000,-101000,-101000
064531,旭富兆豐9C購01  ,0,0,0,0,0,0,0,0,0,-101000,0,0,0,0,101000,-101000,-101000
063984,華邦電國泰02購01,0,0,0,0,0,0,0,0,0,-101000,0,0,0,75000,176000,-101000,-101000
061186,牧德國泰9C購01  ,0,0,0,0,0,0,0,0,0,-102000,0,0,0,34000,136000,-102000,-102000
062762,聯詠凱基9B購02  ,0,0,0,0,0,0,0,0,0,-102000,0,0,0,0,102000,-102000,-102000
062817,富邦金兆豐9B購01,0,0,0,0,0,0,0,0,0,-102000,0,0,0,112000,214000,-102000,-102000
2607,榮運            ,126000,228000,-102000,0,0,0,0,0,0,0,0,0,0,0,0,0,-102000
05639P,欣興統一97售01  ,0,0,0,0,0,0,0,0,0,-102000,0,0,0,108000,210000,-102000,-102000
054040,中石化元大9C購01,0,0,0,0,0,0,0,0,0,-102000,0,0,0,0,102000,-102000,-102000
056534,京元電凱基98購01,0,0,0,0,0,0,0,0,0,-102000,0,0,0,16000,118000,-102000,-102000
060221,大立光凱基9A購07,0,0,0,0,0,0,0,0,0,-102000,0,0,0,0,102000,-102000,-102000
056422,全新統一98購02  ,0,0,0,0,0,0,0,0,0,-102000,0,0,0,70000,172000,-102000,-102000
064300,英業達兆豐9C購01,0,0,0,0,0,0,0,0,0,-102000,0,0,0,0,102000,-102000,-102000
061612,南六統一9A購01  ,0,0,0,0,0,0,0,0,0,-103000,0,0,0,130000,233000,-103000,-103000
062237,緯創凱基9B購01  ,0,0,0,0,0,0,0,0,0,-103000,0,0,0,43000,146000,-103000,-103000
054466,欣興凱基97購03  ,0,0,0,0,0,0,0,0,0,-103000,0,0,0,77000,180000,-103000,-103000
053293,聯發科中信9B購01,0,0,0,0,0,0,0,0,0,-103000,0,0,0,0,103000,-103000,-103000
058982,台積電凱基99購08,0,0,0,0,0,0,0,0,0,-103000,0,0,0,0,103000,-103000,-103000
059918,華新科元大99購20,0,0,0,0,0,0,0,0,0,-103000,0,0,0,0,103000,-103000,-103000
060758,台積電元大9A購19,0,0,0,0,0,0,0,0,0,-103000,0,0,0,70000,173000,-103000,-103000
060870,旭富群益9A購01  ,0,0,0,0,0,0,0,0,0,-103000,0,0,0,10000,113000,-103000,-103000
064127,聯發科元大9C購06,0,0,0,0,0,0,0,0,0,-103000,0,0,0,1000,104000,-103000,-103000
064118,喬山元大01購01  ,0,0,0,0,0,0,0,0,0,-103000,0,0,0,10000,113000,-103000,-103000
063929,高鐵統一02購01  ,0,0,0,0,0,0,0,0,0,-103000,0,0,0,0,103000,-103000,-103000
063677,台光電國泰9C購02,0,0,0,0,0,0,0,0,0,-103000,0,0,0,0,103000,-103000,-103000
062383,大立光國泰01購01,0,0,0,0,0,0,0,0,0,-104000,0,0,0,43000,147000,-104000,-104000
061077,國巨兆豐9B購01  ,0,0,0,0,0,0,0,0,0,-104000,0,0,0,30000,134000,-104000,-104000
061036,晶技永豐9A購03  ,0,0,0,0,0,0,0,0,0,-104000,0,0,0,0,104000,-104000,-104000
062913,創意元大9B購02  ,0,0,0,0,0,0,0,0,0,-104000,0,0,0,3000,107000,-104000,-104000
08423P,台積電統一9C售13,0,0,0,0,0,0,0,0,0,-104000,0,0,0,0,104000,-104000,-104000
053381,友達元大9A購02  ,0,0,0,0,0,0,0,0,0,-104000,0,0,0,104000,208000,-104000,-104000
055338,GIS兆豐97購01   ,0,0,0,0,0,0,0,0,0,-104000,0,0,0,0,104000,-104000,-104000
057082,玉晶光統一9A購04,0,0,0,0,0,0,0,0,0,-104000,0,0,0,177000,281000,-104000,-104000
060817,華邦電台新9A購01,0,0,0,0,0,0,0,0,0,-104000,0,0,0,300000,404000,-104000,-104000
060103,聯詠元大99購01  ,0,0,0,0,0,0,0,0,0,-104000,0,0,0,3000,107000,-104000,-104000
063793,和大凱基9C購01  ,0,0,0,0,0,0,0,0,0,-104000,0,0,0,123000,227000,-104000,-104000
063644,祥碩元大9B購10  ,0,0,0,0,0,0,0,0,0,-104000,0,0,0,0,104000,-104000,-104000
064007,嘉澤凱基02購01  ,0,0,0,0,0,0,0,0,0,-104000,0,0,0,30000,134000,-104000,-104000
064273,華邦電元大9C購02,0,0,0,0,0,0,0,0,0,-104000,0,0,0,0,104000,-104000,-104000
064180,國巨富邦02購03  ,0,0,0,0,0,0,0,0,0,-104000,0,0,0,23000,127000,-104000,-104000
08135P,玉晶光國泰01售02,0,0,0,0,0,0,0,0,0,-104000,0,0,0,269000,373000,-104000,-104000
07264P,台積電元大99售38,0,0,0,0,0,0,0,0,0,-104000,0,0,0,0,104000,-104000,-104000
061100,SP黃豆元大9A購04,0,0,0,0,0,0,0,0,0,-105000,0,0,0,0,105000,-105000,-105000
063055,創意統一9B購02  ,0,0,0,0,0,0,0,0,0,-105000,0,0,0,113000,218000,-105000,-105000
061230,臺指反元大01購04,0,0,0,0,0,0,0,0,0,-105000,0,0,0,20000,125000,-105000,-105000
060977,亞德客元大9A購04,0,0,0,0,0,0,0,0,0,-105000,0,0,0,6000,111000,-105000,-105000
056894,佳世達元大99購01,0,0,0,0,0,0,0,0,0,-105000,0,0,0,20000,125000,-105000,-105000
056353,鴻海元大99購02  ,0,0,0,0,0,0,0,0,0,-105000,0,0,0,0,105000,-105000,-105000
055197,致新元富97購02  ,0,0,0,0,0,0,0,0,0,-105000,0,0,0,0,105000,-105000,-105000
058190,貿聯永豐99購01  ,0,0,0,0,0,0,0,0,0,-105000,0,0,0,0,105000,-105000,-105000
057798,貿聯兆豐99購01  ,0,0,0,0,0,0,0,0,0,-105000,0,0,0,12000,117000,-105000,-105000
057707,臺股指群益98購07,0,0,0,0,0,0,0,0,0,-105000,0,0,0,0,105000,-105000,-105000
058702,國巨元大99購16  ,0,0,0,0,0,0,0,0,0,-105000,0,0,0,15000,120000,-105000,-105000
064036,矽創元大9C購01  ,0,0,0,0,0,0,0,0,0,-105000,0,0,0,31000,136000,-105000,-105000
063532,GIS凱基9B購03   ,0,0,0,0,0,0,0,0,0,-105000,0,0,0,7000,112000,-105000,-105000
063721,道瓊銀元大9B購03,0,0,0,0,0,0,0,0,0,-105000,0,0,0,0,105000,-105000,-105000
062164,禾伸堂國泰01購01,0,0,0,0,0,0,0,0,0,-106000,0,0,0,0,106000,-106000,-106000
062391,台達電富邦9C購01,0,0,0,0,0,0,0,0,0,-106000,0,0,0,64000,170000,-106000,-106000
062246,力山元大9B購02  ,0,0,0,0,0,0,0,0,0,-106000,0,0,0,123000,229000,-106000,-106000
062910,亞光元大9B購01  ,0,0,0,0,0,0,0,0,0,-106000,0,0,0,12000,118000,-106000,-106000
061734,全新中信9B購02  ,0,0,0,0,0,0,0,0,0,-106000,0,0,0,20000,126000,-106000,-106000
052491,泰碩國票99購01  ,0,0,0,0,0,0,0,0,0,-106000,0,0,0,0,106000,-106000,-106000
03675C,臺股指元大04牛02,0,0,0,0,0,0,0,0,0,-106000,0,0,0,0,106000,-106000,-106000
054890,聯鈞統一99購01  ,0,0,0,0,0,0,0,0,0,-106000,0,0,0,6000,112000,-106000,-106000
063657,茂林元富9B購04  ,0,0,0,0,0,0,0,0,0,-106000,0,0,0,24000,130000,-106000,-106000
064009,超眾凱基01購01  ,0,0,0,0,0,0,0,0,0,-106000,0,0,0,16000,122000,-106000,-106000
6451,訊芯-KY         ,322000,413000,-91000,0,0,0,0,0,0,-15000,4000,6000,-2000,0,13000,-13000,-106000
9942,茂順            ,12000,122000,-110000,0,0,0,0,0,0,4000,4000,0,4000,0,0,0,-106000
062607,美食凱基9B購01  ,0,0,0,0,0,0,0,0,0,-107000,0,0,0,41000,148000,-107000,-107000
060466,玉山金元大9A購01,0,0,0,0,0,0,0,0,0,-107000,0,0,0,24000,131000,-107000,-107000
062712,晶技麥證9B購02  ,0,0,0,21000,129000,-108000,0,0,0,-108000,0,0,0,21000,129000,-108000,-108000
061262,智邦凱基9A購02  ,0,0,0,0,0,0,0,0,0,-108000,0,0,0,0,108000,-108000,-108000
061037,嘉澤永豐9A購01  ,0,0,0,0,0,0,0,0,0,-108000,0,0,0,10000,118000,-108000,-108000
056939,康控元富98購01  ,0,0,0,0,0,0,0,0,0,-108000,0,0,0,0,108000,-108000,-108000
058631,鈺齊國票9A購01  ,0,0,0,0,0,0,0,0,0,-108000,0,0,0,18000,126000,-108000,-108000
058405,訊連元大99購02  ,0,0,0,0,0,0,0,0,0,-108000,0,0,0,0,108000,-108000,-108000
057928,鈺齊凱基98購02  ,0,0,0,0,0,0,0,0,0,-108000,0,0,0,83000,191000,-108000,-108000
060845,欣興國票9A購01  ,0,0,0,0,0,0,0,0,0,-108000,0,0,0,54000,162000,-108000,-108000
060307,南港永豐9A購01  ,0,0,0,0,0,0,0,0,0,-108000,0,0,0,196000,304000,-108000,-108000
063578,瑞祺元大9B購03  ,0,0,0,0,0,0,0,0,0,-108000,0,0,0,52000,160000,-108000,-108000
07972P,大立光統一9C售05,0,0,0,0,0,0,0,0,0,-108000,0,0,0,3000,111000,-108000,-108000
061126,京元電永豐9A購02,0,0,0,0,0,0,0,0,0,-109000,0,0,0,5000,114000,-109000,-109000
2707,晶華            ,118000,195000,-77000,0,0,0,0,0,0,-32000,8000,40000,-32000,0,0,0,-109000
056676,國產元富98購01  ,0,0,0,0,0,0,0,0,0,-109000,0,0,0,147000,256000,-109000,-109000
060923,全新永豐9A購01  ,0,0,0,0,0,0,0,0,0,-109000,0,0,0,0,109000,-109000,-109000
056385,創意國泰99購01  ,0,0,0,0,0,0,0,0,0,-109000,0,0,0,90000,199000,-109000,-109000
059005,嘉晶元大99購06  ,0,0,0,0,0,0,0,0,0,-109000,0,0,0,20000,129000,-109000,-109000
061669,崇越中信9A購01  ,0,0,0,0,0,0,0,0,0,-110000,0,0,0,10000,120000,-110000,-110000
062230,緯穎統一01購01  ,0,10000,-10000,0,0,0,0,0,0,-100000,0,0,0,57000,157000,-100000,-110000
062444,大立光元大9C購01,0,0,0,0,0,0,0,0,0,-110000,0,0,0,0,110000,-110000,-110000
057225,華新凱基98購01  ,0,0,0,0,0,0,0,0,0,-110000,0,0,0,0,110000,-110000,-110000
056292,統一元大97購01  ,0,0,0,0,0,0,0,0,0,-110000,0,0,0,6000,116000,-110000,-110000
052699,友達國票97購01  ,0,0,0,0,0,0,0,0,0,-110000,0,0,0,30000,140000,-110000,-110000
056946,國巨統一98購05  ,0,0,0,0,0,0,0,0,0,-110000,0,0,0,45000,155000,-110000,-110000
058889,元油2X元大9C購05,0,0,0,0,0,0,0,0,0,-110000,0,0,0,0,110000,-110000,-110000
058809,國巨統一9B購03  ,0,0,0,0,0,0,0,0,0,-110000,0,0,0,509000,619000,-110000,-110000
059438,群創元大99購06  ,0,0,0,0,0,0,0,0,0,-110000,0,0,0,0,110000,-110000,-110000
063197,遠東新統一9C購01,0,0,0,0,0,0,0,0,0,-110000,0,0,0,40000,150000,-110000,-110000
060362,建準元富9A購02  ,0,0,0,0,0,0,0,0,0,-110000,0,0,0,0,110000,-110000,-110000
059735,T50反1元富99購06,0,0,0,0,0,0,0,0,0,-110000,0,0,0,0,110000,-110000,-110000
059278,群創元大9A購04  ,0,0,0,0,0,0,0,0,0,-110000,0,0,0,212000,322000,-110000,-110000
063731,台積電元大9B購10,0,0,0,0,0,0,0,0,0,-110000,0,0,0,199000,309000,-110000,-110000
064132,神達元大9C購02  ,0,0,0,0,0,0,0,0,0,-110000,0,0,0,61000,171000,-110000,-110000
063953,世芯元大01購01  ,0,0,0,0,0,0,0,0,0,-110000,0,0,0,5000,115000,-110000,-110000
063076,柏文永豐9B購02  ,0,0,0,0,0,0,0,0,0,-111000,0,0,0,232000,343000,-111000,-111000
061679,健策元大9B購04  ,0,0,0,0,0,0,0,0,0,-111000,0,0,0,142000,253000,-111000,-111000
061418,世紀鋼群益9A購02,0,0,0,0,0,0,0,0,0,-111000,0,0,0,611000,722000,-111000,-111000
056657,華邦電元大99購01,0,0,0,0,0,0,0,0,0,-111000,0,0,0,0,111000,-111000,-111000
056619,強茂永豐98購01  ,0,0,0,0,0,0,0,0,0,-111000,0,0,0,75000,186000,-111000,-111000
063867,全新永豐9C購01  ,0,0,0,0,0,0,0,0,0,-111000,0,0,0,4000,115000,-111000,-111000
064097,友訊群益9C購01  ,0,0,0,0,0,0,0,0,0,-111000,0,0,0,60000,171000,-111000,-111000
064032,群創元大9C購06  ,0,0,0,0,0,0,0,0,0,-111000,0,0,0,2000,113000,-111000,-111000
063742,道瓊指國票9C購01,0,0,0,0,0,0,0,0,0,-111000,0,0,0,0,111000,-111000,-111000
061716,瑞儀凱基9B購01  ,0,0,0,0,0,0,0,0,0,-112000,0,0,0,72000,184000,-112000,-112000
061944,聯電群益9B購01  ,0,0,0,0,0,0,0,0,0,-112000,0,0,0,0,112000,-112000,-112000
062947,國巨富邦01購01  ,0,0,0,0,0,0,0,0,0,-112000,0,0,0,33000,145000,-112000,-112000
062676,南六台新9B購01  ,0,0,0,0,0,0,0,0,0,-112000,0,0,0,6000,118000,-112000,-112000
055972,GIS元大97購04   ,0,0,0,0,0,0,0,0,0,-112000,0,0,0,1000,113000,-112000,-112000
060161,牧德永豐9A購02  ,0,0,0,0,0,0,0,0,0,-112000,0,0,0,32000,144000,-112000,-112000
059017,台灣50統一9B購03,0,0,0,0,0,0,0,0,0,-112000,0,0,0,0,112000,-112000,-112000
055689,台郡凱基99購01  ,0,0,0,0,0,0,0,0,0,-112000,0,0,0,0,112000,-112000,-112000
056746,超眾凱基99購01  ,0,0,0,0,0,0,0,0,0,-112000,0,0,0,59000,171000,-112000,-112000
054170,泰鼎凱基98購01  ,0,0,0,0,0,0,0,0,0,-112000,0,0,0,2000,114000,-112000,-112000
063725,聯電元大9C購03  ,0,0,0,0,0,0,0,0,0,-112000,0,0,0,100000,212000,-112000,-112000
064293,勤誠元大9C購01  ,0,0,0,0,0,0,0,0,0,-112000,0,0,0,42000,154000,-112000,-112000
064444,聚陽統一01購02  ,0,0,0,0,0,0,0,0,0,-112000,0,0,0,0,112000,-112000,-112000
08145P,台灣50群益9B售11,0,0,0,0,0,0,0,0,0,-112000,0,0,0,56000,168000,-112000,-112000
08181P,華新科國泰9C售02,0,0,0,0,0,0,0,0,0,-112000,0,0,0,50000,162000,-112000,-112000
08077P,亞德客國票9B售02,0,0,0,0,0,0,0,0,0,-112000,0,0,0,160000,272000,-112000,-112000
062094,台積電富邦9C購12,0,0,0,0,0,0,0,0,0,-113000,0,0,0,2000,115000,-113000,-113000
063110,牧德兆豐9B購01  ,0,0,0,0,0,0,0,0,0,-113000,0,0,0,10000,123000,-113000,-113000
061780,國巨群益9C購01  ,0,0,0,0,0,0,0,0,0,-113000,0,0,0,2000,115000,-113000,-113000
057917,台積電凱基98購17,0,0,0,0,0,0,0,0,0,-113000,0,0,0,2000,115000,-113000,-113000
057556,智易凱基99購01  ,0,0,0,0,0,0,0,0,0,-113000,0,0,0,30000,143000,-113000,-113000
058832,立積永豐99購01  ,0,0,0,0,0,0,0,0,0,-113000,0,0,0,0,113000,-113000,-113000
1608,華榮            ,42000,156000,-114000,0,0,0,0,0,0,0,0,0,0,0,0,0,-114000
062909,大立光元大9C購04,0,0,0,0,0,0,0,0,0,-114000,0,0,0,0,114000,-114000,-114000
062484,臺股指國票9B購10,0,0,0,0,0,0,0,0,0,-114000,0,0,0,0,114000,-114000,-114000
06262P,國巨凱基97售07  ,0,0,0,0,0,0,0,0,0,-114000,0,0,0,23000,137000,-114000,-114000
056774,和鑫元大98購01  ,0,0,0,0,0,0,0,0,0,-114000,0,0,0,1000,115000,-114000,-114000
063483,致新元大9B購03  ,0,0,0,0,0,0,0,0,0,-114000,0,0,0,68000,182000,-114000,-114000
057958,禾伸堂元大99購05,0,0,0,0,0,0,0,0,0,-114000,0,0,0,3000,117000,-114000,-114000
060591,富邦金台新9A購01,0,0,0,0,0,0,0,0,0,-114000,0,0,0,5000,119000,-114000,-114000
064307,聚陽群益9C購03  ,0,0,0,0,0,0,0,0,0,-114000,0,0,0,30000,144000,-114000,-114000
063914,和碩凱基9C購01  ,0,0,0,0,0,0,0,0,0,-114000,0,0,0,32000,146000,-114000,-114000
3022,威強電          ,102000,216000,-114000,0,0,0,0,0,0,0,0,0,0,0,0,0,-114000
3008,大立光          ,373396,479368,-105972,0,0,0,0,8000,-8000,-1000,2000,7000,-5000,7000,3000,4000,-114972
060991,京鼎元大9A購01  ,0,0,0,0,0,0,0,0,0,-115000,0,0,0,28000,143000,-115000,-115000
062916,智易元大9B購01  ,0,0,0,0,0,0,0,0,0,-115000,0,0,0,19000,134000,-115000,-115000
061347,創意元大9A購02  ,0,0,0,0,0,0,0,0,0,-115000,0,0,0,80000,195000,-115000,-115000
08367P,臺股指凱基9C售11,0,0,0,0,0,0,0,0,0,-115000,0,0,0,152000,267000,-115000,-115000
2392,正崴            ,343000,469000,-126000,0,0,0,0,0,0,11000,32000,24000,8000,37000,34000,3000,-115000
057383,玉晶光富邦9A購01,0,0,0,0,0,0,0,0,0,-115000,0,0,0,0,115000,-115000,-115000
055775,友達凱基9A購01  ,0,0,0,0,0,0,0,0,0,-115000,0,0,0,0,115000,-115000,-115000
063380,台表科永豐9B購03,0,0,0,0,0,0,0,0,0,-115000,0,0,0,3000,118000,-115000,-115000
064159,新日興統一01購02,0,0,0,0,0,0,0,0,0,-115000,0,0,0,0,115000,-115000,-115000
07319P,台積電凱基01售02,0,0,0,0,0,0,0,0,0,-115000,0,0,0,20000,135000,-115000,-115000
058173,台積電凱基99購04,0,0,0,0,0,0,0,0,0,-116000,0,0,0,4000,120000,-116000,-116000
057024,義隆凱基99購01  ,0,0,0,0,0,0,0,0,0,-116000,0,0,0,81000,197000,-116000,-116000
057242,台郡凱基98購05  ,0,0,0,0,0,0,0,0,0,-116000,0,0,0,0,116000,-116000,-116000
063235,台積電元大9B購06,0,0,0,0,0,0,0,0,0,-116000,0,0,0,0,116000,-116000,-116000
060871,台灣50中信01購03,0,0,0,0,0,0,0,0,0,-116000,0,0,0,3000,119000,-116000,-116000
06832P,玉晶光凱基98售03,0,0,0,0,0,0,0,0,0,-116000,0,0,0,100000,216000,-116000,-116000
061470,鈺齊群益9A購02  ,0,0,0,0,0,0,0,0,0,-116000,0,0,0,52000,168000,-116000,-116000
064240,群創統一02購02  ,0,0,0,0,0,0,0,0,0,-116000,0,0,0,35000,151000,-116000,-116000
063722,遠東新元大9B購02,0,0,0,0,0,0,0,0,0,-116000,0,0,0,1000,117000,-116000,-116000
061783,友達群益9B購01  ,0,0,0,0,0,0,0,0,0,-117000,0,0,0,10000,127000,-117000,-117000
061381,台灣50群益9B購07,0,0,0,0,0,0,0,0,0,-117000,0,0,0,10000,127000,-117000,-117000
061931,力山國票9B購02  ,0,0,0,0,0,0,0,0,0,-117000,0,0,0,24000,141000,-117000,-117000
061745,南電凱基9B購02  ,0,0,0,0,0,0,0,0,0,-117000,0,0,0,33000,150000,-117000,-117000
061196,世芯永豐9A購06  ,0,0,0,0,0,0,0,0,0,-117000,0,0,0,42000,159000,-117000,-117000
054866,宏盛群益98購01  ,0,0,0,0,0,0,0,0,0,-117000,0,0,0,0,117000,-117000,-117000
054828,正崴國泰99購01  ,0,0,0,0,0,0,0,0,0,-117000,0,0,0,100000,217000,-117000,-117000
054740,強茂凱基99購01  ,0,0,0,0,0,0,0,0,0,-117000,0,0,0,0,117000,-117000,-117000
064229,台表科國票01購01,0,0,0,0,0,0,0,0,0,-117000,0,0,0,74000,191000,-117000,-117000
064445,聚陽統一02購01  ,0,0,0,0,0,0,0,0,0,-117000,0,0,0,35000,152000,-117000,-117000
064614,友訊元大9C購02  ,0,0,0,0,0,0,0,0,0,-117000,0,0,0,0,117000,-117000,-117000
062704,大毅元大9C購01  ,0,0,0,0,0,0,0,0,0,-118000,0,0,0,102000,220000,-118000,-118000
062360,華邦電元大9B購01,0,0,0,0,0,0,0,0,0,-118000,0,0,0,152000,270000,-118000,-118000
057249,華邦電統一9A購01,0,0,0,0,0,0,0,0,0,-118000,0,0,0,0,118000,-118000,-118000
055586,旺宏元大98購06  ,0,0,0,0,0,0,0,0,0,-118000,0,0,0,50000,168000,-118000,-118000
058244,神達元大99購02  ,0,0,0,0,0,0,0,0,0,-118000,0,0,0,5000,123000,-118000,-118000
060715,日電貿永豐9A購01,0,0,0,0,0,0,0,0,0,-118000,0,0,0,5000,123000,-118000,-118000
063187,全新凱基9B購02  ,0,0,0,0,0,0,0,0,0,-118000,0,0,0,33000,151000,-118000,-118000
059364,昇陽半永豐99購02,0,0,0,0,0,0,0,0,0,-118000,0,0,0,2000,120000,-118000,-118000
06437P,玉晶光國票99售01,0,0,0,0,0,0,0,0,0,-118000,0,0,0,0,118000,-118000,-118000
063719,T50反1元大9B購11,0,0,0,0,0,0,0,0,0,-118000,0,0,0,70000,188000,-118000,-118000
062049,亞德客統一01購01,0,0,0,0,0,0,0,0,0,-119000,0,0,0,50000,169000,-119000,-119000
061054,台積電群益9A購04,0,0,0,0,0,0,0,0,0,-119000,0,0,0,89000,208000,-119000,-119000
061972,華新元大9B購01  ,0,0,0,0,0,0,0,0,0,-119000,0,0,0,17000,136000,-119000,-119000
061643,嘉澤元大9A購05  ,0,0,0,0,0,0,0,0,0,-119000,0,0,0,24000,143000,-119000,-119000
061701,友達國票9B購02  ,0,0,0,0,0,0,0,0,0,-119000,0,0,0,1000,120000,-119000,-119000
053965,聯電元大98購04  ,0,0,0,0,0,0,0,0,0,-119000,0,0,0,100000,219000,-119000,-119000
063377,泰鼎永豐9B購03  ,0,0,0,0,0,0,0,0,0,-119000,0,0,0,10000,129000,-119000,-119000
064143,旺宏統一01購05  ,0,0,0,0,0,0,0,0,0,-119000,0,0,0,0,119000,-119000,-119000
07472P,和碩元大9A售03  ,0,0,0,0,0,0,0,0,0,-119000,0,0,0,22000,141000,-119000,-119000
2103,台橡            ,319000,446000,-127000,0,0,0,0,0,0,7000,7000,0,7000,0,0,0,-120000
08325P,臺股指凱基9C售08,0,0,0,0,0,0,0,0,0,-120000,0,0,0,99000,219000,-120000,-120000
063013,技嘉元大9B購02  ,0,0,0,0,0,0,0,0,0,-120000,0,0,0,173000,293000,-120000,-120000
054446,美食兆豐97購01  ,0,0,0,0,0,0,0,0,0,-120000,0,0,0,10000,130000,-120000,-120000
053401,臺股指中信99購01,0,0,0,0,0,0,0,0,0,-120000,0,0,0,0,120000,-120000,-120000
056498,A50正2富邦9B購01,0,0,0,0,0,0,0,0,0,-120000,0,0,0,0,120000,-120000,-120000
055701,亞德客富邦99購01,0,0,0,0,0,0,0,0,0,-120000,0,0,0,0,120000,-120000,-120000
056650,彩晶凱基9A購01  ,0,0,0,0,0,0,0,0,0,-120000,0,0,0,60000,180000,-120000,-120000
056155,嘉晶凱基97購01  ,0,0,0,0,0,0,0,0,0,-120000,0,0,0,2000,122000,-120000,-120000
063418,京元電凱基9B購03,0,0,0,0,0,0,0,0,0,-120000,0,0,0,0,120000,-120000,-120000
058643,T50正2富邦03購01,0,0,0,0,0,0,0,0,0,-120000,0,0,0,126000,246000,-120000,-120000
060417,正隆永豐9A購01  ,0,0,0,0,0,0,0,0,0,-120000,0,0,0,0,120000,-120000,-120000
058664,百和兆豐99購01  ,0,0,0,0,0,0,0,0,0,-120000,0,0,0,8000,128000,-120000,-120000
059908,元金2X元大99購01,0,0,0,0,0,0,0,0,0,-120000,0,0,0,0,120000,-120000,-120000
057780,台郡群益98購02  ,0,0,0,0,0,0,0,0,0,-120000,0,0,0,0,120000,-120000,-120000
057837,康控國泰99購02  ,0,0,0,0,0,0,0,0,0,-120000,0,0,0,0,120000,-120000,-120000
07821P,臺股指國票9A售12,0,0,0,0,0,0,0,0,0,-120000,0,0,0,331000,451000,-120000,-120000
064380,超眾元富9C購03  ,0,0,0,0,0,0,0,0,0,-120000,0,0,0,0,120000,-120000,-120000
064745,聯鈞國票01購01  ,0,0,0,0,0,0,0,0,0,-120000,0,0,0,0,120000,-120000,-120000
064052,創意統一01購02  ,0,0,0,0,0,0,0,0,0,-120000,0,0,0,164000,284000,-120000,-120000
3530,晶相光          ,111000,211000,-100000,0,0,0,0,0,0,-20000,0,0,0,0,20000,-20000,-120000
061308,元金2X中信9A購01,0,0,0,0,0,0,0,0,0,-121000,0,0,0,0,121000,-121000,-121000
061368,南六國票9A購01  ,0,0,0,0,0,0,0,0,0,-121000,0,0,0,3000,124000,-121000,-121000
054378,楠梓電群益98購01,0,0,0,0,0,0,0,0,0,-121000,0,0,0,0,121000,-121000,-121000
051423,GIS國票97購01   ,0,0,0,0,0,0,0,0,0,-121000,0,0,0,0,121000,-121000,-121000
059849,興勤永豐99購01  ,0,0,0,0,0,0,0,0,0,-121000,0,0,0,0,121000,-121000,-121000
057578,可成中信99購01  ,0,0,0,0,0,0,0,0,0,-121000,0,0,0,53000,174000,-121000,-121000
064141,國巨統一01購08  ,0,0,0,0,0,0,0,0,0,-121000,0,0,0,0,121000,-121000,-121000
064356,矽創元大01購01  ,0,0,0,0,0,0,0,0,0,-121000,0,0,0,38000,159000,-121000,-121000
2836,高雄銀          ,26000,148000,-122000,0,0,0,0,0,0,0,0,0,0,0,0,0,-122000
056755,聯茂兆豐98購01  ,0,0,0,0,0,0,0,0,0,-122000,0,0,0,31000,153000,-122000,-122000
064344,緯創元大9C購01  ,0,0,0,0,0,0,0,0,0,-122000,0,0,0,24000,146000,-122000,-122000
064564,義隆群益9C購02  ,0,0,0,0,0,0,0,0,0,-122000,0,0,0,0,122000,-122000,-122000
063591,麗豐永豐9B購02  ,0,0,0,0,0,0,0,0,0,-122000,0,0,0,0,122000,-122000,-122000
07715P,台灣50群益9A售14,0,0,0,0,0,0,0,0,0,-122000,0,0,0,35000,157000,-122000,-122000
061457,TPK凱基9A購01   ,0,0,0,0,0,0,0,0,0,-122000,0,0,0,293000,415000,-122000,-122000
062881,緯創兆豐9C購01  ,0,0,0,0,0,0,0,0,0,-123000,0,0,0,35000,158000,-123000,-123000
062980,康控元富9B購01  ,0,0,0,0,0,0,0,0,0,-123000,0,0,0,85000,208000,-123000,-123000
062784,世芯元大9B購01  ,0,0,0,0,0,0,0,0,0,-123000,0,0,0,70000,193000,-123000,-123000
057514,華新科元富99購03,0,0,0,0,0,0,0,0,0,-123000,0,0,0,0,123000,-123000,-123000
056958,喬山永豐98購01  ,0,0,0,0,0,0,0,0,0,-123000,0,0,0,0,123000,-123000,-123000
056986,超眾群益98購03  ,0,0,0,0,0,0,0,0,0,-123000,0,0,0,0,123000,-123000,-123000
060943,宏達電國票9B購02,0,0,0,0,0,0,0,0,0,-123000,0,0,0,35000,158000,-123000,-123000
060821,SP黃豆元大9A購02,0,0,0,0,0,0,0,0,0,-123000,0,0,0,0,123000,-123000,-123000
058293,光寶科凱基9A購01,0,0,0,0,0,0,0,0,0,-123000,0,0,0,57000,180000,-123000,-123000
07150P,和碩元大99售01  ,0,0,0,0,0,0,0,0,0,-123000,0,0,0,49000,172000,-123000,-123000
064015,立積國票01購01  ,0,0,0,0,0,0,0,0,0,-123000,0,0,0,135000,258000,-123000,-123000
064603,和碩元富9C購01  ,0,0,0,0,0,0,0,0,0,-123000,0,0,0,5000,128000,-123000,-123000
061546,大立光群益9A購05,0,0,0,0,0,0,0,0,0,-124000,0,0,0,12000,136000,-124000,-124000
055763,鎧勝群益97購01  ,0,0,0,0,0,0,0,0,0,-124000,0,0,0,100000,224000,-124000,-124000
058107,全新台新99購01  ,0,0,0,0,0,0,0,0,0,-124000,0,0,0,0,124000,-124000,-124000
060707,台郡富邦9A購01  ,0,0,0,0,0,0,0,0,0,-124000,0,0,0,10000,134000,-124000,-124000
07953P,健策元大9B售07  ,0,0,0,0,0,0,0,0,0,-124000,0,0,0,0,124000,-124000,-124000
062882,新日興兆豐9C購01,0,0,0,0,0,0,0,0,0,-125000,0,0,0,85000,210000,-125000,-125000
062832,嘉澤群益9B購02  ,0,0,0,0,0,0,0,0,0,-125000,0,0,0,0,125000,-125000,-125000
08406P,緯穎元大9C售01  ,0,0,0,0,0,0,0,0,0,-125000,0,0,0,35000,160000,-125000,-125000
1537,廣隆            ,10000,135000,-125000,0,0,0,0,0,0,0,0,0,0,0,0,0,-125000
057464,大立光永豐98購02,0,0,0,0,0,0,0,0,0,-125000,0,0,0,0,125000,-125000,-125000
055153,台光電元大98購02,0,0,0,0,0,0,0,0,0,-125000,0,0,0,10000,135000,-125000,-125000
058245,訊連元大99購01  ,0,0,0,0,0,0,0,0,0,-125000,0,0,0,0,125000,-125000,-125000
060296,和碩元大9A購01  ,0,0,0,0,0,0,0,0,0,-125000,0,0,0,52000,177000,-125000,-125000
060506,京元電元大9A購02,0,0,0,0,0,0,0,0,0,-125000,0,0,0,65000,190000,-125000,-125000
059691,大立光永豐99購02,0,0,0,0,0,0,0,0,0,-125000,0,0,0,0,125000,-125000,-125000
06779P,智邦元大98售12  ,0,0,0,0,0,0,0,0,0,-125000,0,0,0,220000,345000,-125000,-125000
5534,長虹            ,162000,215000,-53000,0,0,0,30000,100000,-70000,-2000,0,2000,-2000,0,0,0,-125000
063133,喬山統一01購01  ,0,0,0,0,0,0,0,0,0,-126000,0,0,0,242000,368000,-126000,-126000
060239,國揚元大9C購01  ,0,0,0,0,0,0,0,0,0,-126000,0,0,0,92000,218000,-126000,-126000
063407,泰鼎國票9C購01  ,0,0,0,0,0,0,0,0,0,-126000,0,0,0,0,126000,-126000,-126000
059836,大立光國泰9B購02,0,0,0,0,0,0,0,0,0,-126000,0,0,0,13000,139000,-126000,-126000
060050,鴻海凱基9B購01  ,0,0,0,0,0,0,0,0,0,-126000,0,0,0,0,126000,-126000,-126000
064645,義隆凱基03購01  ,0,0,0,0,0,0,0,0,0,-126000,0,0,0,300000,426000,-126000,-126000
063957,臻鼎元大9C購01  ,0,0,0,0,0,0,0,0,0,-126000,0,0,0,16000,142000,-126000,-126000
062748,祥碩永豐9B購02  ,0,0,0,0,0,0,0,0,0,-127000,0,0,0,85000,212000,-127000,-127000
062239,台汽電凱基9B購01,0,0,0,0,0,0,0,0,0,-127000,0,0,0,33000,160000,-127000,-127000
057523,大成鋼元大99購01,0,0,0,0,0,0,0,0,0,-127000,0,0,0,80000,207000,-127000,-127000
054578,世芯元大99購01  ,0,0,0,0,0,0,0,0,0,-127000,0,0,0,63000,190000,-127000,-127000
060953,富邦金群益9A購01,0,0,0,0,0,0,0,0,0,-127000,0,0,0,60000,187000,-127000,-127000
059847,喬山永豐99購01  ,0,0,0,0,0,0,0,0,0,-127000,0,0,0,0,127000,-127000,-127000
059958,鎧勝康和99購01  ,0,0,0,0,0,0,0,0,0,-127000,0,0,0,18000,145000,-127000,-127000
063320,旭富群益9B購03  ,0,0,0,0,0,0,0,0,0,-127000,0,0,0,0,127000,-127000,-127000
064366,群創統一01購01  ,0,0,0,0,0,0,0,0,0,-127000,0,0,0,35000,162000,-127000,-127000
062142,喬山國票9B購01  ,0,0,0,0,0,0,0,0,0,-128000,0,0,0,2000,130000,-128000,-128000
061604,台光電凱基9B購01,0,0,0,0,0,0,0,0,0,-128000,0,0,0,2000,130000,-128000,-128000
2617,台航            ,145000,275000,-130000,0,0,0,0,0,0,2000,2000,0,2000,0,0,0,-128000
061378,南六永豐9A購03  ,0,0,0,0,0,0,0,0,0,-128000,0,0,0,6000,134000,-128000,-128000
055652,聯詠元富01購01  ,0,0,0,0,0,0,0,0,0,-128000,0,0,0,0,128000,-128000,-128000
057646,玉山金元大98購01,0,0,0,0,0,0,0,0,0,-128000,0,0,0,0,128000,-128000,-128000
060434,台汽電永豐9A購01,0,0,0,0,0,0,0,0,0,-128000,0,0,0,20000,148000,-128000,-128000
061663,南六永豐9A購05  ,0,0,0,0,0,0,0,0,0,-129000,0,0,0,77000,206000,-129000,-129000
1447,力鵬            ,261000,390000,-129000,0,0,0,0,0,0,0,0,0,0,0,0,0,-129000
062332,大立光統一9B購11,0,0,0,0,0,0,0,0,0,-129000,0,0,0,61000,190000,-129000,-129000
054354,技嘉富邦97購01  ,0,0,0,0,0,0,0,0,0,-129000,0,0,0,7000,136000,-129000,-129000
059996,美律元富99購01  ,0,0,0,0,0,0,0,0,0,-129000,0,0,0,56000,185000,-129000,-129000
060363,美律元富9A購01  ,0,0,0,0,0,0,0,0,0,-129000,0,0,0,116000,245000,-129000,-129000
064166,和潤統一02購01  ,0,0,0,0,0,0,0,0,0,-129000,0,0,0,0,129000,-129000,-129000
061342,華新科元大9A購17,0,0,0,0,0,0,0,0,0,-130000,0,0,0,0,130000,-130000,-130000
061665,旺宏中信9C購01  ,0,0,0,0,0,0,0,0,0,-130000,0,0,0,0,130000,-130000,-130000
051484,玉晶光凱基97購01,0,0,0,0,0,0,0,0,0,-130000,0,0,0,86000,216000,-130000,-130000
055416,欣興富邦98購01  ,0,0,0,0,0,0,0,0,0,-130000,0,0,0,80000,210000,-130000,-130000
056840,友達元富98購02  ,0,0,0,0,0,0,0,0,0,-130000,0,0,0,0,130000,-130000,-130000
05624P,同欣電中信98售01,0,0,0,0,0,0,0,0,0,-130000,0,0,0,20000,150000,-130000,-130000
057925,貿聯凱基99購01  ,0,0,0,0,0,0,0,0,0,-130000,0,0,0,0,130000,-130000,-130000
058763,和碩群益99購01  ,0,0,0,0,0,0,0,0,0,-130000,0,0,0,241000,371000,-130000,-130000
06661P,玉晶光永豐98售05,0,0,0,0,0,0,0,0,0,-130000,0,0,0,0,130000,-130000,-130000
064028,大毅元大01購01  ,0,0,0,0,0,0,0,0,0,-130000,0,0,0,0,130000,-130000,-130000
1473,台南            ,29000,161000,-132000,0,0,0,0,0,0,1000,3000,2000,1000,0,0,0,-131000
055896,南電統一97購02  ,0,0,0,0,0,0,0,0,0,-131000,0,0,0,80000,211000,-131000,-131000
051929,GIS中信96購01   ,0,0,0,0,0,0,0,0,0,-131000,0,0,0,0,131000,-131000,-131000
063391,南電兆豐9C購01  ,0,0,0,0,0,0,0,0,0,-131000,0,0,0,5000,136000,-131000,-131000
060855,華新科富邦01購01,0,0,0,0,0,0,0,0,0,-131000,0,0,0,0,131000,-131000,-131000
05729P,臺股指凱基97售02,0,0,0,0,0,0,0,0,0,-132000,0,0,0,17000,149000,-132000,-132000
056020,義隆群益97購01  ,0,0,0,0,0,0,0,0,0,-132000,0,0,0,0,132000,-132000,-132000
055787,聯茂凱基99購01  ,0,0,0,0,0,0,0,0,0,-132000,0,0,0,48000,180000,-132000,-132000
056599,臻鼎元富98購01  ,0,0,0,0,0,0,0,0,0,-132000,0,0,0,20000,152000,-132000,-132000
055639,上銀元富97購02  ,0,0,0,0,0,0,0,0,0,-132000,0,0,0,2000,134000,-132000,-132000
056457,嘉澤凱基98購01  ,0,0,0,0,0,0,0,0,0,-132000,0,0,0,1000,133000,-132000,-132000
058018,南亞科凱基99購03,0,0,0,0,0,0,0,0,0,-132000,0,0,0,0,132000,-132000,-132000
063350,台表科統一02購02,0,0,0,0,0,0,0,0,0,-132000,0,0,0,85000,217000,-132000,-132000
063509,超眾群益9B購03  ,0,0,0,0,0,0,0,0,0,-132000,0,0,0,0,132000,-132000,-132000
060437,宏全永豐9A購01  ,0,0,0,0,0,0,0,0,0,-132000,0,0,0,0,132000,-132000,-132000
063107,矽創群益9B購01  ,0,0,0,0,0,0,0,0,0,-133000,0,0,0,81000,214000,-133000,-133000
055063,玉晶光永豐99購01,0,0,0,0,0,0,0,0,0,-133000,0,0,0,68000,201000,-133000,-133000
060737,瑞儀統一9C購01  ,0,0,0,0,0,0,0,0,0,-133000,0,0,0,4000,137000,-133000,-133000
056602,嘉澤國泰99購01  ,0,0,0,0,0,0,0,0,0,-134000,0,0,0,0,134000,-134000,-134000
063492,台積電富邦02購02,0,0,0,0,0,0,0,0,0,-134000,0,0,0,1000,135000,-134000,-134000
064103,大立光群益9C購03,0,0,0,0,0,0,0,0,0,-134000,0,0,0,11000,145000,-134000,-134000
062138,力成群益9B購01  ,0,0,0,0,0,0,0,0,0,-135000,0,0,0,6000,141000,-135000,-135000
061994,瑞儀元大9B購01  ,0,0,0,0,0,0,0,0,0,-135000,0,0,0,12000,147000,-135000,-135000
057268,臻鼎兆豐99購01  ,0,0,0,0,0,0,0,0,0,-135000,0,0,0,0,135000,-135000,-135000
063252,緯穎元大9B購07  ,0,0,0,0,0,0,0,0,0,-135000,0,0,0,250000,385000,-135000,-135000
063997,泰鼎群益9C購01  ,0,0,0,0,0,0,0,0,0,-135000,0,0,0,45000,180000,-135000,-135000
06431P,新日興元大97售05,0,0,0,0,0,0,0,0,0,-135000,0,0,0,15000,150000,-135000,-135000
2889,國票金          ,1504000,1656000,-152000,0,0,0,0,0,0,17000,17000,0,17000,0,0,0,-135000
046061,中石化凱基98購01,0,0,0,0,0,0,0,0,0,-136000,0,0,0,0,136000,-136000,-136000
05644P,大立光中信9A售03,0,0,0,0,0,0,0,0,0,-136000,0,0,0,388000,524000,-136000,-136000
057405,麗豐群益98購01  ,0,0,0,0,0,0,0,0,0,-136000,0,0,0,0,136000,-136000,-136000
063643,臻鼎元大9B購03  ,0,0,0,0,0,0,0,0,0,-136000,0,0,0,12000,148000,-136000,-136000
08261P,玉晶光元大9C售08,0,0,0,0,0,0,0,0,0,-137000,0,0,0,63000,200000,-137000,-137000
055931,冠德群益97購02  ,0,0,0,0,0,0,0,0,0,-137000,0,0,0,11000,148000,-137000,-137000
056272,嘉澤統一99購01  ,0,0,0,0,0,0,0,0,0,-137000,0,0,0,0,137000,-137000,-137000
063658,瑞祺元富9B購01  ,0,0,0,0,0,0,0,0,0,-137000,0,0,0,174000,311000,-137000,-137000
063819,致新群益9C購01  ,0,0,0,0,0,0,0,0,0,-137000,0,0,0,19000,156000,-137000,-137000
07898P,國巨國泰9C售02  ,0,0,0,0,0,0,0,0,0,-137000,0,0,0,219000,356000,-137000,-137000
08047P,臺股指國票9B售12,0,0,0,0,0,0,0,0,0,-137000,0,0,0,3000,140000,-137000,-137000
2812,台中銀          ,1648000,1750000,-102000,0,0,0,0,0,0,-36000,37000,73000,-36000,0,0,0,-138000
062814,台光電兆豐9B購01,0,0,0,0,0,0,0,0,0,-138000,0,0,0,95000,233000,-138000,-138000
054164,強茂凱基98購01  ,0,0,0,0,0,0,0,0,0,-138000,0,0,0,71000,209000,-138000,-138000
056566,臻鼎群益98購01  ,0,0,0,0,0,0,0,0,0,-138000,0,0,0,80000,218000,-138000,-138000
063401,中租群益9B購03  ,0,0,0,0,0,0,0,0,0,-138000,0,0,0,20000,158000,-138000,-138000
058651,FBVIX中信9C購01 ,0,0,0,0,0,0,0,0,0,-138000,0,0,0,116000,254000,-138000,-138000
058694,鈺齊國票9A購02  ,0,0,0,0,0,0,0,0,0,-138000,0,0,0,0,138000,-138000,-138000
058495,元大金群益9B購01,0,0,0,0,0,0,0,0,0,-138000,0,0,0,0,138000,-138000,-138000
058524,超眾元大99購04  ,0,0,0,0,0,0,0,0,0,-138000,0,0,0,12000,150000,-138000,-138000
060378,台灣50凱基04購01,0,0,0,0,0,0,0,0,0,-138000,0,0,0,0,138000,-138000,-138000
3052,夆典            ,136000,273000,-137000,0,0,0,0,0,0,-1000,0,1000,-1000,0,0,0,-138000
062264,南六元大9B購02  ,0,0,0,0,0,0,0,0,0,-139000,0,0,0,63000,202000,-139000,-139000
063027,台汽電元大9B購01,0,0,0,0,0,0,0,0,0,-139000,0,0,0,58000,197000,-139000,-139000
060144,全新國票9B購01  ,0,0,0,0,0,0,0,0,0,-139000,0,0,0,10000,149000,-139000,-139000
058898,台積電元大99購20,0,0,0,0,0,0,0,0,0,-139000,0,0,0,150000,289000,-139000,-139000
063992,大立光中信9C購03,0,0,0,0,0,0,0,0,0,-139000,0,0,0,0,139000,-139000,-139000
064355,南六元大01購01  ,0,0,0,0,0,0,0,0,0,-139000,0,0,0,0,139000,-139000,-139000
061743,祥碩凱基9B購02  ,0,0,0,0,0,0,0,0,0,-140000,0,0,0,1000,141000,-140000,-140000
062208,旭富國票9C購01  ,0,0,0,0,0,0,0,0,0,-140000,0,0,0,0,140000,-140000,-140000
062734,臺指反國票9C購03,0,0,0,0,0,0,0,0,0,-140000,0,0,0,140000,280000,-140000,-140000
060259,潤泰全凱基9C購01,0,0,0,0,0,0,0,0,0,-140000,0,0,0,0,140000,-140000,-140000
056456,群創凱基9B購01  ,0,0,0,0,0,0,0,0,0,-140000,0,0,0,0,140000,-140000,-140000
00635U,元大S&P黃金     ,7000,11000,-4000,0,0,0,0,0,0,-136000,0,0,0,287000,423000,-136000,-140000
060052,宏碁凱基99購01  ,0,0,0,0,0,0,0,0,0,-140000,0,0,0,50000,190000,-140000,-140000
059932,世紀鋼富邦9A購02,0,0,0,0,0,0,0,0,0,-140000,0,0,0,50000,190000,-140000,-140000
058383,道瓊指中信9C購02,0,0,0,0,0,0,0,0,0,-140000,0,0,0,0,140000,-140000,-140000
063830,智伸科國票01購01,0,0,0,0,0,0,0,0,0,-140000,0,0,0,13000,153000,-140000,-140000
07835P,台表科群益9A售02,0,0,0,0,0,0,0,0,0,-140000,0,0,0,13000,153000,-140000,-140000
07989P,玉晶光凱基9B售07,0,0,0,0,0,0,0,0,0,-140000,0,0,0,70000,210000,-140000,-140000
06956P,國巨日盛99售04  ,0,0,0,0,0,0,0,0,0,-140000,0,0,0,0,140000,-140000,-140000
063224,泰鼎群益9B購02  ,0,0,0,0,0,0,0,0,0,-141000,0,0,0,20000,161000,-141000,-141000
063575,矽格元大9B購02  ,0,0,0,0,0,0,0,0,0,-141000,0,0,0,36000,177000,-141000,-141000
064552,巨大凱基01購01  ,0,0,0,0,0,0,0,0,0,-141000,0,0,0,10000,151000,-141000,-141000
062660,神隆群益9B購02  ,0,0,0,0,0,0,0,0,0,-142000,0,0,0,571000,713000,-142000,-142000
061730,旺宏統一01購02  ,0,0,0,0,0,0,0,0,0,-142000,0,0,0,20000,162000,-142000,-142000
046383,群創凱基98購01  ,0,0,0,0,0,0,0,0,0,-142000,0,0,0,0,142000,-142000,-142000
053805,奇鋐凱基98購02  ,0,0,0,0,0,0,0,0,0,-142000,0,0,0,20000,162000,-142000,-142000
056450,可成凱基98購05  ,0,0,0,0,0,0,0,0,0,-142000,0,0,0,40000,182000,-142000,-142000
055442,矽創國票98購02  ,0,0,0,0,0,0,0,0,0,-142000,0,0,0,0,142000,-142000,-142000
055745,臻鼎元富97購01  ,0,0,0,0,0,0,0,0,0,-142000,0,0,0,10000,152000,-142000,-142000
064591,臻鼎永豐9C購01  ,0,0,0,0,0,0,0,0,0,-142000,0,0,0,0,142000,-142000,-142000
06690P,玉晶光群益9A售05,0,0,0,0,0,0,0,0,0,-142000,0,0,0,33000,175000,-142000,-142000
08152P,祥碩統一9B售02  ,0,0,0,0,0,0,0,0,0,-142000,0,0,0,110000,252000,-142000,-142000
061427,旭富元大9A購02  ,0,0,0,0,0,0,0,0,0,-143000,0,0,0,17000,160000,-143000,-143000
00682U,元大美元指數    ,0,0,0,0,0,0,0,0,0,-143000,0,0,0,0,143000,-143000,-143000
063263,高鐵永豐9B購01  ,0,0,0,0,0,0,0,0,0,-143000,0,0,0,0,143000,-143000,-143000
064178,台郡國泰01購01  ,0,0,0,0,0,0,0,0,0,-143000,0,0,0,0,143000,-143000,-143000
063962,台達電國票01購01,0,0,0,0,0,0,0,0,0,-143000,0,0,0,1000,144000,-143000,-143000
061996,矽格元大9B購01  ,0,0,0,0,0,0,0,0,0,-144000,0,0,0,62000,206000,-144000,-144000
062007,台光電國泰9C購01,0,0,0,0,0,0,0,0,0,-144000,0,0,0,18000,162000,-144000,-144000
2406,國碩            ,91000,239000,-148000,0,0,0,0,0,0,4000,4000,0,4000,0,0,0,-144000
062384,聯詠國泰9C購01  ,0,0,0,0,0,0,0,0,0,-144000,0,0,0,21000,165000,-144000,-144000
062325,鴻海統一9B購05  ,0,0,0,0,0,0,0,0,0,-144000,0,0,0,1000,145000,-144000,-144000
056537,冠德凱基98購01  ,0,0,0,0,0,0,0,0,0,-144000,0,0,0,6000,150000,-144000,-144000
063141,聯發科統一9C購10,0,0,0,0,0,0,0,0,0,-144000,0,0,0,26000,170000,-144000,-144000
058526,鈺齊元大99購02  ,0,0,0,0,0,0,0,0,0,-144000,0,0,0,138000,282000,-144000,-144000
063535,聯發科統一9B購13,0,0,0,0,0,0,0,0,0,-144000,0,0,0,115000,259000,-144000,-144000
08053P,臺股指國票9B售18,0,0,0,0,0,0,0,0,0,-144000,0,0,0,26000,170000,-144000,-144000
062490,聯茂永豐9B購01  ,0,0,0,0,0,0,0,0,0,-145000,0,0,0,10000,155000,-145000,-145000
2809,京城銀          ,1200000,1276000,-76000,0,0,0,0,1000,-1000,-68000,44000,112000,-68000,0,0,0,-145000
061913,宏碁中信9B購01  ,0,0,0,0,0,0,0,0,0,-145000,0,0,0,0,145000,-145000,-145000
057428,正崴兆豐98購01  ,0,0,0,0,0,0,0,0,0,-145000,0,0,0,10000,155000,-145000,-145000
03433B,臺股指元大9C熊01,0,0,0,0,0,0,0,0,0,-145000,0,0,0,81000,226000,-145000,-145000
057211,鴻海群益98購05  ,0,0,0,0,0,0,0,0,0,-145000,0,0,0,2000,147000,-145000,-145000
054751,GIS凱基98購01   ,0,0,0,0,0,0,0,0,0,-145000,0,0,0,0,145000,-145000,-145000
058504,台積電元大99購07,0,0,0,0,0,0,0,0,0,-145000,0,0,0,0,145000,-145000,-145000
08207P,金像電群益9B售05,0,0,0,0,0,0,0,0,0,-145000,0,0,0,149000,294000,-145000,-145000
08009P,華擎統一9B售02  ,0,0,0,0,0,0,0,0,0,-145000,0,0,0,30000,175000,-145000,-145000
063898,旭富群益9C購01  ,0,0,0,0,0,0,0,0,0,-146000,0,0,0,140000,286000,-146000,-146000
064492,技嘉元大9C購01  ,0,0,0,0,0,0,0,0,0,-146000,0,0,0,0,146000,-146000,-146000
062846,國泰金富邦9C購01,0,0,0,0,0,0,0,0,0,-147000,0,0,0,31000,178000,-147000,-147000
048383,元金2X國票99購01,0,0,0,0,0,0,0,0,0,-147000,0,0,0,105000,252000,-147000,-147000
055877,奇鋐元富97購01  ,0,0,0,0,0,0,0,0,0,-147000,0,0,0,17000,164000,-147000,-147000
060397,群創國票9A購01  ,0,0,0,0,0,0,0,0,0,-147000,0,0,0,0,147000,-147000,-147000
059643,日月光凱基99購02,0,0,0,0,0,0,0,0,0,-147000,0,0,0,15000,162000,-147000,-147000
058053,上銀統一9B購01  ,0,0,0,0,0,0,0,0,0,-147000,0,0,0,275000,422000,-147000,-147000
060628,和大富邦9B購01  ,0,0,0,0,0,0,0,0,0,-147000,0,0,0,370000,517000,-147000,-147000
06471P,臺股指凱基99售11,0,0,0,0,0,0,0,0,0,-147000,0,0,0,23000,170000,-147000,-147000
064446,聚陽統一02購02  ,0,0,0,0,0,0,0,0,0,-147000,0,0,0,0,147000,-147000,-147000
07826P,台積電富邦9B售07,0,0,0,0,0,0,0,0,0,-147000,0,0,0,3000,150000,-147000,-147000
063091,聯電中信9B購01  ,0,0,0,0,0,0,0,0,0,-148000,0,0,0,95000,243000,-148000,-148000
061879,超眾元大9C購01  ,0,0,0,0,0,0,0,0,0,-148000,0,0,0,36000,184000,-148000,-148000
061817,高鐵群益9B購01  ,0,0,0,0,0,0,0,0,0,-148000,0,0,0,0,148000,-148000,-148000
054695,世芯永豐98購01  ,0,0,0,0,0,0,0,0,0,-148000,0,0,0,19000,167000,-148000,-148000
057720,日電貿元富98購01,0,0,0,0,0,0,0,0,0,-148000,0,0,0,0,148000,-148000,-148000
059290,全新元富99購01  ,0,0,0,0,0,0,0,0,0,-148000,0,0,0,10000,158000,-148000,-148000
059230,滬深2X國票9B購02,0,0,0,0,0,0,0,0,0,-148000,0,0,0,0,148000,-148000,-148000
063446,台光電統一01購02,0,0,0,0,0,0,0,0,0,-148000,0,0,0,0,148000,-148000,-148000
064349,泰鼎元大9C購02  ,0,0,0,0,0,0,0,0,0,-148000,0,0,0,24000,172000,-148000,-148000
064521,群創群益02購01  ,0,0,0,0,0,0,0,0,0,-148000,0,0,0,0,148000,-148000,-148000
064514,喬山群益9C購01  ,0,0,0,0,0,0,0,0,0,-148000,0,0,0,0,148000,-148000,-148000
064641,神隆凱基9C購01  ,0,0,0,0,0,0,0,0,0,-148000,0,0,0,113000,261000,-148000,-148000
063637,聯發科元大9C購02,0,0,0,0,0,0,0,0,0,-148000,0,0,0,10000,158000,-148000,-148000
063017,台光電元大9B購07,0,0,0,0,0,0,0,0,0,-149000,0,0,0,1000,150000,-149000,-149000
055039,神達富邦99購01  ,0,0,0,0,0,0,0,0,0,-149000,0,0,0,37000,186000,-149000,-149000
03604P,群創凱基98售05  ,0,0,0,0,0,0,0,0,0,-149000,0,0,0,0,149000,-149000,-149000
06545P,致茂元大98售01  ,0,0,0,0,0,0,0,0,0,-149000,0,0,0,53000,202000,-149000,-149000
061489,高鐵兆豐9A購01  ,0,0,0,0,0,0,0,0,0,-149000,0,0,0,1000,150000,-149000,-149000
061422,台積電元大9A購30,0,0,0,0,0,0,0,0,0,-150000,0,0,0,0,150000,-150000,-150000
052328,台表科中信99購01,0,0,0,0,0,0,0,0,0,-150000,0,0,0,65000,215000,-150000,-150000
054590,嘉聯益國泰98購01,0,0,0,0,0,0,0,0,0,-150000,0,0,0,0,150000,-150000,-150000
057237,群創凱基9B購02  ,0,0,0,0,0,0,0,0,0,-150000,0,0,0,0,150000,-150000,-150000
057355,彩晶統一98購03  ,0,0,0,0,0,0,0,0,0,-150000,0,0,0,0,150000,-150000,-150000
056327,樺漢兆豐98購01  ,0,0,0,0,0,0,0,0,0,-150000,0,0,0,0,150000,-150000,-150000
056321,創意群益98購02  ,0,0,0,0,0,0,0,0,0,-150000,0,0,0,0,150000,-150000,-150000
060410,台苯永豐9A購01  ,0,0,0,0,0,0,0,0,0,-150000,0,0,0,0,150000,-150000,-150000
058973,麗豐永豐99購01  ,0,0,0,0,0,0,0,0,0,-150000,0,0,0,47000,197000,-150000,-150000
060790,日月光富邦9A購01,0,0,0,0,0,0,0,0,0,-150000,0,0,0,50000,200000,-150000,-150000
059830,台郡凱基99購05  ,0,0,0,0,0,0,0,0,0,-150000,0,0,0,0,150000,-150000,-150000
064517,國巨群益02購01  ,0,0,0,0,0,0,0,0,0,-150000,0,0,0,0,150000,-150000,-150000
063930,高鐵統一02購02  ,0,0,0,0,0,0,0,0,0,-150000,0,0,0,0,150000,-150000,-150000
064004,全新凱基01購01  ,0,0,0,0,0,0,0,0,0,-150000,0,0,0,0,150000,-150000,-150000
06412P,南亞科日盛97售01,0,0,0,0,0,0,0,0,0,-150000,0,0,0,0,150000,-150000,-150000
061392,泰鼎群益9A購02  ,0,0,0,0,0,0,0,0,0,-151000,0,0,0,0,151000,-151000,-151000
062855,嘉澤永豐9B購02  ,0,0,0,0,0,0,0,0,0,-151000,0,0,0,0,151000,-151000,-151000
054201,聯詠富邦97購02  ,0,0,0,0,0,0,0,0,0,-151000,0,0,0,0,151000,-151000,-151000
058137,玉晶光元大99購11,0,0,0,0,0,0,0,0,0,-151000,0,0,0,461000,612000,-151000,-151000
063983,麗豐兆豐9C購01  ,0,0,0,0,0,0,0,0,0,-151000,0,0,0,0,151000,-151000,-151000
5608,四維航          ,168000,317000,-149000,0,0,0,0,0,0,-2000,1000,3000,-2000,0,0,0,-151000
062915,嘉澤元大9B購03  ,0,0,0,0,0,0,0,0,0,-152000,0,0,0,247000,399000,-152000,-152000
062168,大毅永豐9B購01  ,0,0,0,0,0,0,0,0,0,-152000,0,0,0,0,152000,-152000,-152000
061413,台勝科群益9A購01,0,0,0,0,0,0,0,0,0,-152000,0,0,0,172000,324000,-152000,-152000
057016,中石化凱基9B購01,0,0,0,0,0,0,0,0,0,-152000,0,0,0,15000,167000,-152000,-152000
057043,台積電元大99購02,0,0,0,0,0,0,0,0,0,-152000,0,0,0,26000,178000,-152000,-152000
046629,群創統一98購01  ,0,0,0,0,0,0,0,0,0,-152000,0,0,0,94000,246000,-152000,-152000
060762,長榮航元大9A購02,0,0,0,0,0,0,0,0,0,-152000,0,0,0,0,152000,-152000,-152000
059515,牧德永豐99購01  ,0,0,0,0,0,0,0,0,0,-152000,0,0,0,43000,195000,-152000,-152000
064630,巨大元大9C購01  ,0,0,0,0,0,0,0,0,0,-152000,0,0,0,0,152000,-152000,-152000
08080P,祥碩國票9B售03  ,0,0,0,0,0,0,0,0,0,-152000,0,0,0,15000,167000,-152000,-152000
1325,恆大            ,574000,757000,-183000,0,0,0,0,0,0,30000,56000,52000,4000,26000,0,26000,-153000
051266,國巨富邦99購01  ,4000,0,4000,0,0,0,0,0,0,-157000,0,0,0,0,157000,-157000,-153000
060422,台勝科永豐9A購01,0,0,0,0,0,0,0,0,0,-153000,0,0,0,136000,289000,-153000,-153000
060031,旭富永豐99購02  ,0,0,0,0,0,0,0,0,0,-153000,0,0,0,3000,156000,-153000,-153000
060133,牧德群益9B購01  ,0,0,0,0,0,0,0,0,0,-153000,0,0,0,0,153000,-153000,-153000
057733,嘉聯益國泰99購01,0,0,0,0,0,0,0,0,0,-153000,0,0,0,38000,191000,-153000,-153000
061466,創意群益9A購01  ,0,0,0,0,0,0,0,0,0,-153000,0,0,0,0,153000,-153000,-153000
064333,義隆元大9C購02  ,0,0,0,0,0,0,0,0,0,-153000,0,0,0,167000,320000,-153000,-153000
1802,台玻            ,873000,1049000,-176000,0,0,0,0,0,0,22000,22000,0,22000,0,0,0,-154000
062292,旭富永豐9B購01  ,0,0,0,0,0,0,0,0,0,-154000,0,0,0,85000,239000,-154000,-154000
062922,南六元大9B購03  ,0,0,0,0,0,0,0,0,0,-154000,0,0,0,126000,280000,-154000,-154000
056497,GIS國泰99購01   ,0,0,0,0,0,0,0,0,0,-154000,0,0,0,20000,174000,-154000,-154000
056550,瑞儀凱基99購01  ,0,0,0,0,0,0,0,0,0,-154000,0,0,0,52000,206000,-154000,-154000
064427,喬山凱基01購01  ,0,0,0,0,0,0,0,0,0,-154000,0,0,0,0,154000,-154000,-154000
064294,和大中信9C購01  ,0,0,0,0,0,0,0,0,0,-154000,0,0,0,387000,541000,-154000,-154000
062592,牧德統一01購01  ,0,0,0,0,0,0,0,0,0,-155000,0,0,0,70000,225000,-155000,-155000
2387,精元            ,379000,532000,-153000,0,0,0,0,0,0,-2000,3000,1000,2000,4000,8000,-4000,-155000
046881,智原富邦99購01  ,0,0,0,0,0,0,0,0,0,-155000,0,0,0,0,155000,-155000,-155000
057987,大立光元富98購02,0,0,0,0,0,0,0,0,0,-155000,0,0,0,191000,346000,-155000,-155000
059844,大立光富邦9C購04,0,0,0,0,0,0,0,0,0,-155000,0,0,0,0,155000,-155000,-155000
064392,喬山永豐9C購01  ,0,0,0,0,0,0,0,0,0,-155000,0,0,0,0,155000,-155000,-155000
064651,GIS凱基9C購02   ,0,0,0,0,0,0,0,0,0,-155000,0,0,0,0,155000,-155000,-155000
063758,聯發科統一9B購14,0,0,0,0,0,0,0,0,0,-155000,0,0,0,118000,273000,-155000,-155000
063706,台虹群益9B購01  ,0,0,0,0,0,0,0,0,0,-155000,0,0,0,5000,160000,-155000,-155000
061997,台郡元大9B購03  ,0,0,0,0,0,0,0,0,0,-156000,0,0,0,158000,314000,-156000,-156000
052313,聯電元大98購01  ,0,0,0,0,0,0,0,0,0,-156000,0,0,0,41000,197000,-156000,-156000
062166,致新國泰01購01  ,0,0,0,0,0,0,0,0,0,-157000,0,0,0,0,157000,-157000,-157000
062945,世芯國泰01購01  ,0,0,0,0,0,0,0,0,0,-157000,0,0,0,31000,188000,-157000,-157000
055657,超眾元富97購02  ,0,0,0,0,0,0,0,0,0,-157000,0,0,0,0,157000,-157000,-157000
058741,欣興日盛99購01  ,0,0,0,0,0,0,0,0,0,-157000,0,0,0,64000,221000,-157000,-157000
058968,T50正2永豐99購01,0,0,0,0,0,0,0,0,0,-157000,0,0,0,5000,162000,-157000,-157000
063402,GIS群益9B購02   ,0,0,0,0,0,0,0,0,0,-157000,0,0,0,0,157000,-157000,-157000
063287,嘉澤元大9B購05  ,0,0,0,0,0,0,0,0,0,-157000,0,0,0,14000,171000,-157000,-157000
064483,瑞儀永豐9C購01  ,0,0,0,0,0,0,0,0,0,-157000,0,0,0,0,157000,-157000,-157000
061597,南六永豐9A購04  ,0,0,0,0,0,0,0,0,0,-158000,0,0,0,24000,182000,-158000,-158000
2820,華票            ,90000,248000,-158000,0,0,0,0,0,0,0,0,0,0,0,0,0,-158000
058522,聯茂元大99購07  ,0,0,0,0,0,0,0,0,0,-158000,0,0,0,272000,430000,-158000,-158000
064342,晶技元大9C購01  ,0,0,0,0,0,0,0,0,0,-158000,0,0,0,0,158000,-158000,-158000
08006P,長榮航中信03售01,0,0,0,0,0,0,0,0,0,-158000,0,0,0,0,158000,-158000,-158000
07635P,世芯永豐9A售05  ,0,0,0,0,0,0,0,0,0,-158000,0,0,0,60000,218000,-158000,-158000
061030,喬山永豐9A購01  ,0,0,0,0,0,0,0,0,0,-159000,0,0,0,18000,177000,-159000,-159000
061243,麗豐兆豐9A購01  ,0,0,0,0,0,0,0,0,0,-159000,0,0,0,0,159000,-159000,-159000
058764,康友群益99購01  ,0,0,0,0,0,0,0,0,0,-159000,0,0,0,35000,194000,-159000,-159000
07227P,聯發科元富99售05,0,0,0,0,0,0,0,0,0,-159000,0,0,0,330000,489000,-159000,-159000
062972,京元電元富9B購01,0,0,0,0,0,0,0,0,0,-160000,0,0,0,103000,263000,-160000,-160000
062609,帆宣凱基9B購01  ,0,0,0,0,0,0,0,0,0,-160000,0,0,0,82000,242000,-160000,-160000
053585,友達元大9C購03  ,0,0,0,0,0,0,0,0,0,-160000,0,0,0,0,160000,-160000,-160000
064312,大立光群益01購01,0,0,0,0,0,0,0,0,0,-160000,0,0,0,0,160000,-160000,-160000
063656,台光電元富03購01,0,0,0,0,0,0,0,0,0,-160000,0,0,0,146000,306000,-160000,-160000
061503,臻鼎國票9B購01  ,0,0,0,0,0,0,0,0,0,-161000,0,0,0,1000,162000,-161000,-161000
063086,祥碩凱基9C購01  ,0,0,0,0,0,0,0,0,0,-161000,0,0,0,96000,257000,-161000,-161000
07892P,臺股指國票9B售02,0,0,0,0,0,0,0,0,0,-161000,0,0,0,71000,232000,-161000,-161000
060297,和碩元大9A購02  ,0,0,0,0,0,0,0,0,0,-162000,0,0,0,17000,179000,-162000,-162000
07673P,電子類元大9A售01,0,0,0,0,0,0,0,0,0,-162000,0,0,0,11000,173000,-162000,-162000
062461,智伸科群益9B購01,0,0,0,0,0,0,0,0,0,-163000,0,0,0,71000,234000,-163000,-163000
061880,台郡元大9B購02  ,0,0,0,0,0,0,0,0,0,-163000,0,0,0,0,163000,-163000,-163000
061782,智邦群益9B購01  ,0,0,0,0,0,0,0,0,0,-163000,0,0,0,12000,175000,-163000,-163000
054827,宏全元大9A購01  ,0,0,0,0,0,0,0,0,0,-163000,0,0,0,23000,186000,-163000,-163000
055388,華通統一97購03  ,0,0,0,0,0,0,0,0,0,-163000,0,0,0,0,163000,-163000,-163000
059307,T50反1元大99購06,0,0,0,0,0,0,0,0,0,-163000,0,0,0,219000,382000,-163000,-163000
061579,京鼎元大9A購02  ,0,0,0,0,0,0,0,0,0,-164000,0,0,0,13000,177000,-164000,-164000
2501,國建            ,95000,261000,-166000,0,0,0,0,0,0,1000,1000,0,1000,0,0,0,-165000
057088,上銀元富98購01  ,0,0,0,0,0,0,0,0,0,-165000,0,0,0,0,165000,-165000,-165000
063926,南亞科統一03購01,0,0,0,0,0,0,0,0,0,-165000,0,0,0,40000,205000,-165000,-165000
061903,宏全永豐9B購01  ,0,0,0,0,0,0,0,0,0,-166000,0,0,0,0,166000,-166000,-166000
060913,宏達電元大9A購03,0,0,0,0,0,0,0,0,0,-166000,0,0,0,56000,222000,-166000,-166000
057741,超眾富邦98購01  ,0,0,0,0,0,0,0,0,0,-166000,0,0,0,0,166000,-166000,-166000
058705,長榮航元大99購01,0,0,0,0,0,0,0,0,0,-166000,0,0,0,2000,168000,-166000,-166000
058901,美律元大99購07  ,0,0,0,0,0,0,0,0,0,-166000,0,0,0,19000,185000,-166000,-166000
064267,南六永豐9C購03  ,0,0,0,0,0,0,0,0,0,-166000,0,0,0,3000,169000,-166000,-166000
061610,力成統一9C購01  ,0,0,0,0,0,0,0,0,0,-167000,0,0,0,35000,202000,-167000,-167000
061020,超眾國票9A購02  ,0,0,0,0,0,0,0,0,0,-167000,0,0,0,0,167000,-167000,-167000
061633,統一元大9A購01  ,0,0,0,0,0,0,0,0,0,-167000,0,0,0,0,167000,-167000,-167000
062405,泰鼎永豐9B購02  ,0,0,0,0,0,0,0,0,0,-167000,0,0,0,20000,187000,-167000,-167000
059073,元油2X元大9C購14,0,0,0,0,0,0,0,0,0,-167000,0,0,0,3000,170000,-167000,-167000
056842,全新元富98購01  ,0,0,0,0,0,0,0,0,0,-167000,0,0,0,0,167000,-167000,-167000
059938,凱美永豐99購01  ,0,0,0,0,0,0,0,0,0,-167000,0,0,0,154000,321000,-167000,-167000
059992,S&P正2元富9B購04,0,0,0,0,0,0,0,0,0,-167000,0,0,0,2000,169000,-167000,-167000
060327,美律群益9A購02  ,0,0,0,0,0,0,0,0,0,-167000,0,0,0,32000,199000,-167000,-167000
063661,聚陽統一9C購02  ,0,0,0,0,0,0,0,0,0,-167000,0,0,0,35000,202000,-167000,-167000
062036,致新群益9B購01  ,0,0,0,0,0,0,0,0,0,-167000,0,0,0,0,167000,-167000,-167000
061267,玉山金凱基9B購01,0,0,0,0,0,0,0,0,0,-168000,0,0,0,4000,172000,-168000,-168000
08277P,嘉晶元富9C售02  ,0,0,0,0,0,0,0,0,0,-168000,0,0,0,107000,275000,-168000,-168000
056307,貿聯元大97購05  ,0,0,0,0,0,0,0,0,0,-168000,0,0,0,0,168000,-168000,-168000
06770P,台灣50第一9C售01,0,0,0,0,0,0,0,0,0,-168000,0,0,0,0,168000,-168000,-168000
063593,GIS永豐9B購01   ,0,0,0,0,0,0,0,0,0,-168000,0,0,0,10000,178000,-168000,-168000
062908,晶豪科元大9B購03,0,0,0,0,0,0,0,0,0,-169000,0,0,0,189000,358000,-169000,-169000
057087,台郡統一99購01  ,0,0,0,0,0,0,0,0,0,-169000,0,0,0,0,169000,-169000,-169000
057914,日月光日盛9A購01,0,0,0,0,0,0,0,0,0,-169000,0,0,0,0,169000,-169000,-169000
063268,GIS中信9B購01   ,0,0,0,0,0,0,0,0,0,-169000,0,0,0,116000,285000,-169000,-169000
062161,南六凱基9C購01  ,0,0,0,0,0,0,0,0,0,-170000,0,0,0,31000,201000,-170000,-170000
052176,景碩元大96購01  ,0,0,0,0,0,0,0,0,0,-170000,0,0,0,0,170000,-170000,-170000
058676,聯茂群益99購01  ,0,0,0,0,0,0,0,0,0,-170000,0,0,0,0,170000,-170000,-170000
063784,華通中信06購01  ,0,0,0,0,0,0,0,0,0,-170000,0,0,0,0,170000,-170000,-170000
062031,臻鼎群益9B購01  ,0,0,0,0,0,0,0,0,0,-170000,0,0,0,35000,205000,-170000,-170000
063072,裕隆永豐9B購01  ,0,0,0,0,0,0,0,0,0,-171000,0,0,0,40000,211000,-171000,-171000
1723,中碳            ,76000,250000,-174000,0,0,0,0,0,0,3000,3000,0,3000,0,0,0,-171000
060209,喬山康和9A購01  ,0,0,0,0,0,0,0,0,0,-171000,0,0,0,21000,192000,-171000,-171000
059519,台郡永豐99購01  ,0,0,0,0,0,0,0,0,0,-171000,0,0,0,0,171000,-171000,-171000
060281,卜蜂元大9C購01  ,0,0,0,0,0,0,0,0,0,-172000,0,0,0,0,172000,-172000,-172000
054808,東元元大9A購01  ,0,0,0,0,0,0,0,0,0,-172000,0,0,0,201000,373000,-172000,-172000
063516,香港反凱基03購01,0,0,0,0,0,0,0,0,0,-172000,0,0,0,253000,425000,-172000,-172000
4977,眾達-KY         ,709000,170000,539000,0,0,0,0,678000,-678000,-33000,0,32000,-32000,0,1000,-1000,-172000
055814,晶豪科國票97購02,0,0,0,0,0,0,0,0,0,-173000,0,0,0,0,173000,-173000,-173000
063475,同欣電元大9C購01,0,0,0,0,0,0,0,0,0,-173000,0,0,0,216000,389000,-173000,-173000
058506,台積電元大99購09,0,0,0,0,0,0,0,0,0,-173000,0,0,0,102000,275000,-173000,-173000
059178,臺股指凱基99購30,0,0,0,0,0,0,0,0,0,-173000,0,0,0,0,173000,-173000,-173000
08090P,嘉澤統一9B售01  ,0,0,0,0,0,0,0,0,0,-173000,0,0,0,60000,233000,-173000,-173000
061816,長榮航群益9B購02,0,0,0,0,0,0,0,0,0,-174000,0,0,0,12000,186000,-174000,-174000
063026,南六元大9B購04  ,0,0,0,0,0,0,0,0,0,-174000,0,0,0,37000,211000,-174000,-174000
061930,臺股指凱基9B購05,0,0,0,0,0,0,0,0,0,-174000,0,0,0,4000,178000,-174000,-174000
061269,嘉澤凱基9A購01  ,0,0,0,0,0,0,0,0,0,-174000,0,0,0,7000,181000,-174000,-174000
056851,瑞儀元富98購01  ,0,0,0,0,0,0,0,0,0,-174000,0,0,0,0,174000,-174000,-174000
059613,泰鼎永豐99購02  ,0,0,0,0,0,0,0,0,0,-174000,0,0,0,10000,184000,-174000,-174000
063237,微星元大9B購02  ,0,0,0,0,0,0,0,0,0,-174000,0,0,0,12000,186000,-174000,-174000
063805,技嘉兆豐9C購01  ,0,0,0,0,0,0,0,0,0,-174000,0,0,0,179000,353000,-174000,-174000
3004,豐達科          ,156000,230000,-74000,0,0,0,0,80000,-80000,-20000,1000,21000,-20000,0,0,0,-174000
063100,聚陽群益9C購02  ,0,0,0,0,0,0,0,0,0,-175000,0,0,0,90000,265000,-175000,-175000
056994,緯穎兆豐98購02  ,0,0,0,0,0,0,0,0,0,-175000,0,0,0,449000,624000,-175000,-175000
055376,群創元大01購01  ,0,0,0,0,0,0,0,0,0,-175000,0,0,0,30000,205000,-175000,-175000
056584,鴻海統一9B購01  ,0,0,0,0,0,0,0,0,0,-175000,0,0,0,1024000,1199000,-175000,-175000
054785,建準群益98購01  ,0,0,0,0,0,0,0,0,0,-175000,0,0,0,99000,274000,-175000,-175000
054627,義隆凱基98購01  ,0,0,0,0,0,0,0,0,0,-175000,0,0,0,11000,186000,-175000,-175000
063409,GIS國票9C購02   ,0,0,0,0,0,0,0,0,0,-175000,0,0,0,5000,180000,-175000,-175000
063584,南六國泰01購01  ,0,0,0,0,0,0,0,0,0,-175000,0,0,0,77000,252000,-175000,-175000
2897,王道銀行        ,112000,285000,-173000,0,0,0,0,2000,-2000,0,0,0,0,0,0,0,-175000
050515,聯電元大96購01  ,0,0,0,0,0,0,0,0,0,-176000,0,0,0,85000,261000,-176000,-176000
052968,燿華群益98購01  ,0,0,0,0,0,0,0,0,0,-176000,0,0,0,20000,196000,-176000,-176000
057794,T50反1兆豐99購02,0,0,0,0,0,0,0,0,0,-176000,0,0,0,326000,502000,-176000,-176000
061553,南電群益9A購03  ,0,0,0,0,0,0,0,0,0,-177000,0,0,0,256000,433000,-177000,-177000
055030,帆宣國泰99購02  ,0,0,0,0,0,0,0,0,0,-177000,0,0,0,8000,185000,-177000,-177000
054803,味全元大9A購01  ,0,0,0,0,0,0,0,0,0,-177000,0,0,0,28000,205000,-177000,-177000
056658,美食元大98購01  ,0,0,0,0,0,0,0,0,0,-177000,0,0,0,4000,181000,-177000,-177000
060851,國巨國泰9C購01  ,0,0,0,0,0,0,0,0,0,-177000,0,0,0,261000,438000,-177000,-177000
058736,鈺齊永豐99購02  ,0,0,0,0,0,0,0,0,0,-177000,0,0,0,34000,211000,-177000,-177000
058721,立積元富9C購01  ,0,0,0,0,0,0,0,0,0,-177000,0,0,0,180000,357000,-177000,-177000
063782,致新永豐9B購02  ,0,0,0,0,0,0,0,0,0,-177000,0,0,0,0,177000,-177000,-177000
063701,燿華群益9B購02  ,0,0,0,0,0,0,0,0,0,-177000,0,0,0,266000,443000,-177000,-177000
062331,大立光統一9B購10,0,0,0,0,0,0,0,0,0,-178000,0,0,0,0,178000,-178000,-178000
055398,超眾統一97購03  ,0,0,0,0,0,0,0,0,0,-178000,0,0,0,0,178000,-178000,-178000
03050X,元展47          ,0,0,0,0,0,0,0,0,0,-178000,0,0,0,56000,234000,-178000,-178000
058583,臻鼎群益99購01  ,0,0,0,0,0,0,0,0,0,-178000,0,0,0,0,178000,-178000,-178000
057675,同欣電元大98購02,0,0,0,0,0,0,0,0,0,-178000,0,0,0,325000,503000,-178000,-178000
063634,台光電元大9B購09,0,0,0,0,0,0,0,0,0,-178000,0,0,0,6000,184000,-178000,-178000
6452,康友-KY         ,163000,321000,-158000,0,0,0,0,0,0,-20000,1000,0,1000,1000,22000,-21000,-178000
046949,群創元大99購01  ,0,0,0,0,0,0,0,0,0,-179000,0,0,0,23000,202000,-179000,-179000
058546,玉晶光富邦9B購01,0,0,0,0,0,0,0,0,0,-179000,0,0,0,40000,219000,-179000,-179000
061021,聯電國泰9B購01  ,0,0,0,0,0,0,0,0,0,-180000,0,0,0,48000,228000,-180000,-180000
052863,友達凱基98購02  ,0,0,0,0,0,0,0,0,0,-180000,0,0,0,20000,200000,-180000,-180000
055672,國巨日盛97購02  ,0,0,0,0,0,0,0,0,0,-180000,0,0,0,0,180000,-180000,-180000
057989,旺宏統一99購04  ,0,0,0,0,0,0,0,0,0,-180000,0,0,0,0,180000,-180000,-180000
058012,鈺齊國票99購01  ,0,0,0,0,0,0,0,0,0,-180000,0,0,0,42000,222000,-180000,-180000
057738,旺宏富邦9A購01  ,0,0,0,0,0,0,0,0,0,-180000,0,0,0,30000,210000,-180000,-180000
063672,GIS統一9C購01   ,0,0,0,0,0,0,0,0,0,-180000,0,0,0,158000,338000,-180000,-180000
064399,和大凱基02購01  ,0,0,0,0,0,0,0,0,0,-180000,0,0,0,156000,336000,-180000,-180000
06891P,緯穎富邦99售03  ,0,0,0,0,0,0,0,0,0,-180000,0,0,0,0,180000,-180000,-180000
061300,臺股指富邦9A購02,0,0,0,0,0,0,0,0,0,-181000,0,0,0,20000,201000,-181000,-181000
056674,華邦電元富98購01,0,0,0,0,0,0,0,0,0,-181000,0,0,0,0,181000,-181000,-181000
056883,美食康和98購01  ,0,0,0,0,0,0,0,0,0,-181000,0,0,0,1000,182000,-181000,-181000
058142,瑞儀元大99購01  ,0,0,0,0,0,0,0,0,0,-181000,0,0,0,1000,182000,-181000,-181000
060614,T50反1元大9A購06,0,0,0,0,0,0,0,0,0,-181000,0,0,0,0,181000,-181000,-181000
060290,興富發元大9C購01,0,0,0,0,0,0,0,0,0,-181000,0,0,0,5000,186000,-181000,-181000
061241,晶技兆豐9A購01  ,0,0,0,0,0,0,0,0,0,-182000,0,0,0,8000,190000,-182000,-182000
059177,臺股指凱基99購28,0,0,0,0,0,0,0,0,0,-182000,0,0,0,3000,185000,-182000,-182000
061349,嘉澤元大9A購02  ,0,0,0,0,0,0,0,0,0,-183000,0,0,0,90000,273000,-183000,-183000
063432,金寶元富9B購01  ,0,0,0,0,0,0,0,0,0,-183000,0,0,0,102000,285000,-183000,-183000
061937,聯發科國票9B購02,0,0,0,0,0,0,0,0,0,-184000,0,0,0,104000,288000,-184000,-184000
062732,南六凱基9B購03  ,0,0,0,0,0,0,0,0,0,-184000,0,0,0,6000,190000,-184000,-184000
062136,南亞科群益9B購01,0,0,0,0,0,0,0,0,0,-184000,0,0,0,0,184000,-184000,-184000
00757,統一FANG+       ,1000,0,1000,0,0,0,0,0,0,-185000,0,0,0,203000,388000,-185000,-184000
054893,帆宣統一99購01  ,0,0,0,0,0,0,0,0,0,-184000,0,0,0,28000,212000,-184000,-184000
063265,瑞祺永豐9B購01  ,0,0,0,0,0,0,0,0,0,-184000,0,0,0,16000,200000,-184000,-184000
061465,聯詠群益9A購01  ,0,0,0,0,0,0,0,0,0,-184000,0,0,0,15000,199000,-184000,-184000
061901,柏文永豐9B購01  ,0,0,0,0,0,0,0,0,0,-185000,0,0,0,0,185000,-185000,-185000
063479,南六元大9B購06  ,0,0,0,0,0,0,0,0,0,-185000,0,0,0,56000,241000,-185000,-185000
050890,南電富邦99購01  ,0,0,0,0,0,0,0,0,0,-186000,0,0,0,219000,405000,-186000,-186000
3030,德律            ,504000,689000,-185000,0,0,0,0,0,0,-1000,1000,2000,-1000,0,0,0,-186000
1734,杏輝            ,288000,479000,-191000,0,0,0,0,0,0,4000,4000,0,4000,0,0,0,-187000
053677,同欣電國泰97購01,0,0,0,0,0,0,0,0,0,-187000,0,0,0,4000,191000,-187000,-187000
057415,和碩日盛98購01  ,0,0,0,0,0,0,0,0,0,-187000,0,0,0,83000,270000,-187000,-187000
060716,新唐永豐9A購01  ,0,0,0,0,0,0,0,0,0,-187000,0,0,0,0,187000,-187000,-187000
056943,華通統一99購01  ,0,0,0,0,0,0,0,0,0,-189000,0,0,0,55000,244000,-189000,-189000
058123,亞光國票9A購01  ,0,0,0,0,0,0,0,0,0,-189000,0,0,0,20000,209000,-189000,-189000
063447,聯發科統一9B購12,0,0,0,0,0,0,0,0,0,-189000,0,0,0,57000,246000,-189000,-189000
063314,美律群益9B購01  ,0,0,0,0,0,0,0,0,0,-189000,0,0,0,10000,199000,-189000,-189000
058536,群創統一9B購01  ,0,0,0,0,0,0,0,0,0,-189000,0,0,0,46000,235000,-189000,-189000
062037,華新凱基9B購01  ,0,0,0,0,0,0,0,0,0,-189000,0,0,0,1000,190000,-189000,-189000
063662,上銀統一01購03  ,0,0,0,0,0,0,0,0,0,-189000,0,0,0,0,189000,-189000,-189000
063530,同欣電凱基9C購02,0,0,0,0,0,0,0,0,0,-189000,0,0,0,55000,244000,-189000,-189000
054163,燿華凱基97購02  ,0,0,0,0,0,0,0,0,0,-190000,0,0,0,10000,200000,-190000,-190000
051055,友達群益98購01  ,0,0,0,0,0,0,0,0,0,-190000,0,0,0,0,190000,-190000,-190000
060457,中橡元大9A購02  ,0,0,0,0,0,0,0,0,0,-190000,0,0,0,106000,296000,-190000,-190000
063012,技嘉元大9B購01  ,0,0,0,0,0,0,0,0,0,-191000,0,0,0,20000,211000,-191000,-191000
060375,葡萄王元富9A購01,0,0,0,0,0,0,0,0,0,-191000,0,0,0,287000,478000,-191000,-191000
063873,南六永豐9C購01  ,0,0,0,0,0,0,0,0,0,-191000,0,0,0,20000,211000,-191000,-191000
9105,泰金寶-DR       ,0,191000,-191000,0,0,0,0,0,0,0,0,0,0,0,0,0,-191000
062524,鴻海統一9C購09  ,0,0,0,0,0,0,0,0,0,-192000,0,0,0,1000,193000,-192000,-192000
063042,同欣電凱基9C購01,0,0,0,0,0,0,0,0,0,-193000,0,0,0,58000,251000,-193000,-193000
053083,中環元大99購01  ,0,0,0,0,0,0,0,0,0,-193000,0,0,0,0,193000,-193000,-193000
063715,鈺齊凱基9C購01  ,0,0,0,0,0,0,0,0,0,-193000,0,0,0,90000,283000,-193000,-193000
8131,福懋科          ,152000,198000,-46000,0,0,0,0,152000,-152000,5000,8000,0,8000,0,3000,-3000,-193000
1504,東元            ,442000,581000,-139000,0,0,0,0,9000,-9000,-46000,12000,40000,-28000,38000,56000,-18000,-194000
056555,矽創凱基98購01  ,0,0,0,0,0,0,0,0,0,-194000,0,0,0,45000,239000,-194000,-194000
057357,超眾統一98購01  ,0,0,0,0,0,0,0,0,0,-194000,0,0,0,6000,200000,-194000,-194000
063896,世芯群益9C購01  ,0,0,0,0,0,0,0,0,0,-194000,0,0,0,112000,306000,-194000,-194000
8464,億豐            ,417199,585041,-167842,0,0,0,8000,0,8000,-35000,1000,0,1000,7000,43000,-36000,-194842
061763,聯電元大9C購02  ,0,0,0,0,0,0,0,0,0,-195000,0,0,0,72000,267000,-195000,-195000
058648,聯陽永豐99購01  ,0,0,0,0,0,0,0,0,0,-195000,0,0,0,56000,251000,-195000,-195000
063286,嘉澤元大9B購04  ,0,0,0,0,0,0,0,0,0,-195000,0,0,0,28000,223000,-195000,-195000
063454,瑞儀統一9B購01  ,0,0,0,0,0,0,0,0,0,-195000,0,0,0,142000,337000,-195000,-195000
063886,南電元富9C購01  ,0,0,0,0,0,0,0,0,0,-195000,0,0,0,209000,404000,-195000,-195000
064256,玉晶光國泰02購02,0,0,0,0,0,0,0,0,0,-195000,0,0,0,106000,301000,-195000,-195000
063085,嘉澤凱基9C購01  ,0,0,0,0,0,0,0,0,0,-196000,0,0,0,40000,236000,-196000,-196000
062197,聯發科中信01購03,0,0,0,0,0,0,0,0,0,-196000,0,0,0,61000,257000,-196000,-196000
063506,嘉晶群益9B購01  ,0,0,0,0,0,0,0,0,0,-196000,0,0,0,236000,432000,-196000,-196000
057912,美律日盛99購01  ,0,0,0,0,0,0,0,0,0,-196000,0,0,0,61000,257000,-196000,-196000
06801P,技嘉群益99售02  ,0,0,0,0,0,0,0,0,0,-196000,0,0,0,255000,451000,-196000,-196000
053095,台光電統一98購01,0,0,0,0,0,0,0,0,0,-197000,0,0,0,0,197000,-197000,-197000
00766L,台新MSCI中國正2 ,0,0,0,0,0,0,0,0,0,-197000,0,0,0,163000,360000,-197000,-197000
057570,技嘉永豐98購02  ,0,0,0,0,0,0,0,0,0,-197000,0,0,0,110000,307000,-197000,-197000
062793,鴻海統一9B購06  ,0,0,0,0,0,0,0,0,0,-198000,0,0,0,0,198000,-198000,-198000
063029,喬山凱基9B購01  ,0,0,0,0,0,0,0,0,0,-198000,0,0,0,1000,199000,-198000,-198000
08393P,鴻海群益9C售05  ,0,0,0,0,0,0,0,0,0,-198000,0,0,0,1990000,2188000,-198000,-198000
08225P,臺股指凱基9B售20,0,0,0,0,0,0,0,0,0,-198000,0,0,0,258000,456000,-198000,-198000
063915,祥碩凱基01購01  ,0,0,0,0,0,0,0,0,0,-198000,0,0,0,26000,224000,-198000,-198000
062459,聯詠群益9B購01  ,0,0,0,0,0,0,0,0,0,-199000,0,0,0,0,199000,-199000,-199000
053094,聯電統一97購02  ,0,0,0,0,0,0,0,0,0,-199000,0,0,0,0,199000,-199000,-199000
059631,京元電凱基99購02,0,0,0,0,0,0,0,0,0,-199000,0,0,0,90000,289000,-199000,-199000
9938,百和            ,628000,386000,242000,0,0,0,31000,419000,-388000,-53000,6000,74000,-68000,19000,4000,15000,-199000
061043,百和永豐9A購01  ,0,0,0,0,0,0,0,0,0,-200000,0,0,0,0,200000,-200000,-200000
057235,亞光凱基98購04  ,0,0,0,0,0,0,0,0,0,-200000,0,0,0,0,200000,-200000,-200000
059480,美律群益9A購01  ,0,0,0,0,0,0,0,0,0,-200000,0,0,0,0,200000,-200000,-200000
058825,同欣電富邦9A購01,0,0,0,0,0,0,0,0,0,-200000,0,0,0,0,200000,-200000,-200000
058406,聯茂元大99購06  ,0,0,0,0,0,0,0,0,0,-200000,0,0,0,0,200000,-200000,-200000
058305,華邦電元大99購02,0,0,0,0,0,0,0,0,0,-200000,0,0,0,0,200000,-200000,-200000
064649,同欣電凱基01購01,0,0,0,0,0,0,0,0,0,-200000,0,0,0,0,200000,-200000,-200000
064571,帆宣群益9C購01  ,0,0,0,0,0,0,0,0,0,-200000,0,0,0,0,200000,-200000,-200000
064708,帆宣永豐9C購01  ,0,0,0,0,0,0,0,0,0,-200000,0,0,0,0,200000,-200000,-200000
064710,元金2X統一03購01,0,0,0,0,0,0,0,0,0,-200000,0,0,0,0,200000,-200000,-200000
08210P,健策元富9B售02  ,0,0,0,0,0,0,0,0,0,-200000,0,0,0,20000,220000,-200000,-200000
060654,大毅群益9B購01  ,0,0,0,0,0,0,0,0,0,-201000,0,0,0,5000,206000,-201000,-201000
059103,旭富元富99購03  ,0,0,0,0,0,0,0,0,0,-201000,0,0,0,0,201000,-201000,-201000
058996,台達電元大99購02,0,0,0,0,0,0,0,0,0,-201000,0,0,0,4000,205000,-201000,-201000
062084,台郡元大9B購04  ,0,0,0,0,0,0,0,0,0,-202000,0,0,0,40000,242000,-202000,-202000
062056,國巨統一9C購08  ,0,0,0,0,0,0,0,0,0,-202000,0,0,0,0,202000,-202000,-202000
061491,嘉聯益兆豐9B購01,0,0,0,0,0,0,0,0,0,-202000,0,0,0,14000,216000,-202000,-202000
061707,超眾國票9B購01  ,0,0,0,0,0,0,0,0,0,-202000,0,0,0,0,202000,-202000,-202000
00703,台新MSCI中國    ,0,0,0,0,0,0,0,0,0,-202000,0,0,0,222000,424000,-202000,-202000
06564P,國巨富邦9A售04  ,0,0,0,0,0,0,0,0,0,-202000,0,0,0,10000,212000,-202000,-202000
063340,英業達統一9B購01,0,0,0,0,0,0,0,0,0,-203000,0,0,0,61000,264000,-203000,-203000
063901,緯穎群益9C購01  ,0,0,0,0,0,0,0,0,0,-203000,0,0,0,26000,229000,-203000,-203000
059090,台新金元大99購01,0,0,0,0,0,0,0,0,0,-204000,0,0,0,0,204000,-204000,-204000
063883,超眾元富9C購02  ,0,0,0,0,0,0,0,0,0,-204000,0,0,0,0,204000,-204000,-204000
063120,台光電元大9C購01,0,0,0,0,0,0,0,0,0,-205000,0,0,0,0,205000,-205000,-205000
058025,聯茂國泰99購01  ,0,0,0,0,0,0,0,0,0,-205000,0,0,0,66000,271000,-205000,-205000
063355,超眾元富9B購01  ,0,0,0,0,0,0,0,0,0,-205000,0,0,0,97000,302000,-205000,-205000
061592,義隆永豐9A購03  ,0,0,0,0,0,0,0,0,0,-206000,0,0,0,120000,326000,-206000,-206000
048270,T50反1富邦99購01,0,0,0,0,0,0,0,0,0,-206000,0,0,0,24000,230000,-206000,-206000
060199,台郡元富9A購01  ,0,0,0,0,0,0,0,0,0,-206000,0,0,0,0,206000,-206000,-206000
060115,南電元大99購06  ,0,0,0,0,0,0,0,0,0,-206000,0,0,0,14000,220000,-206000,-206000
063676,上銀國泰9C購02  ,0,0,0,0,0,0,0,0,0,-206000,0,0,0,0,206000,-206000,-206000
064523,聯茂群益9C購01  ,0,0,0,0,0,0,0,0,0,-206000,0,0,0,40000,246000,-206000,-206000
062133,大成鋼群益9B購01,0,0,0,0,0,0,0,0,0,-207000,0,0,0,41000,248000,-207000,-207000
057745,泰鼎永豐99購01  ,0,0,0,0,0,0,0,0,0,-207000,0,0,0,15000,222000,-207000,-207000
057767,緯穎凱基98購06  ,0,0,0,0,0,0,0,0,0,-207000,0,0,0,30000,237000,-207000,-207000
060402,神隆國泰9B購01  ,0,0,0,0,0,0,0,0,0,-207000,0,0,0,718000,925000,-207000,-207000
064330,燿華元大9C購02  ,0,0,0,0,0,0,0,0,0,-207000,0,0,0,341000,548000,-207000,-207000
058615,矽創元大99購01  ,0,0,0,0,0,0,0,0,0,-208000,0,0,0,154000,362000,-208000,-208000
060782,道瓊指富邦9C購01,0,0,0,0,0,0,0,0,0,-208000,0,0,0,0,208000,-208000,-208000
060058,牧德凱基9B購01  ,0,0,0,0,0,0,0,0,0,-208000,0,0,0,33000,241000,-208000,-208000
063649,南六元大9C購02  ,0,0,0,0,0,0,0,0,0,-208000,0,0,0,33000,241000,-208000,-208000
062096,神隆永豐9B購01  ,0,0,0,0,0,0,0,0,0,-209000,0,0,0,398000,607000,-209000,-209000
062481,同欣電國票9B購01,0,0,0,0,0,0,0,0,0,-209000,0,0,0,2000,211000,-209000,-209000
058929,可成統一9C購01  ,0,0,0,0,0,0,0,0,0,-209000,0,0,0,117000,326000,-209000,-209000
061283,智邦統一9A購01  ,10000,0,10000,0,0,0,0,0,0,-220000,0,0,0,643000,863000,-220000,-210000
056981,全新群益99購03  ,0,0,0,0,0,0,0,0,0,-210000,0,0,0,0,210000,-210000,-210000
051570,和碩富邦97購01  ,0,0,0,0,0,0,0,0,0,-210000,0,0,0,10000,220000,-210000,-210000
060596,元黃金凱基9A購02,0,0,0,0,0,0,0,0,0,-210000,0,0,0,0,210000,-210000,-210000
057968,可成國泰9A購01  ,0,0,0,0,0,0,0,0,0,-210000,0,0,0,0,210000,-210000,-210000
063665,南亞科統一01購02,0,0,0,0,0,0,0,0,0,-210000,0,0,0,24000,234000,-210000,-210000
064583,光寶科永豐9C購01,0,0,0,0,0,0,0,0,0,-210000,0,0,0,3000,213000,-210000,-210000
064732,GIS統一01購03   ,0,0,0,0,0,0,0,0,0,-210000,0,0,0,0,210000,-210000,-210000
062949,聯發科富邦01購01,0,0,0,0,0,0,0,0,0,-211000,0,0,0,101000,312000,-211000,-211000
057298,旭富永豐98購01  ,0,0,0,0,0,0,0,0,0,-211000,0,0,0,54000,265000,-211000,-211000
054137,聯詠元大97購02  ,0,0,0,0,0,0,0,0,0,-211000,0,0,0,0,211000,-211000,-211000
060556,緯穎凱基9A購04  ,0,0,0,0,0,0,0,0,0,-211000,0,0,0,72000,283000,-211000,-211000
063292,致新元大9B購02  ,0,0,0,0,0,0,0,0,0,-211000,0,0,0,7000,218000,-211000,-211000
054558,劍麟群益99購01  ,0,0,0,0,0,0,0,0,0,-212000,0,0,0,33000,245000,-212000,-212000
058795,可成元大99購03  ,0,0,0,0,0,0,0,0,0,-212000,0,0,0,11000,223000,-212000,-212000
063664,漢唐統一9C購01  ,0,0,0,0,0,0,0,0,0,-212000,0,0,0,22000,234000,-212000,-212000
062059,聯發科統一9C購06,0,0,0,0,0,0,0,0,0,-213000,0,0,0,40000,253000,-213000,-213000
057197,立積台新98購01  ,0,0,0,0,0,0,0,0,0,-213000,0,0,0,114000,327000,-213000,-213000
056767,大毅元大99購01  ,0,0,0,0,0,0,0,0,0,-213000,0,0,0,33000,246000,-213000,-213000
060537,台灣50凱基9B購01,0,0,0,0,0,0,0,0,0,-213000,0,0,0,0,213000,-213000,-213000
063954,世芯元大01購02  ,0,0,0,0,0,0,0,0,0,-213000,0,0,0,46000,259000,-213000,-213000
07482P,南亞科元富9A售04,0,0,0,0,0,0,0,0,0,-213000,0,0,0,185000,398000,-213000,-213000
060804,T50反1群益9A購02,0,0,0,0,0,0,0,0,0,-214000,0,0,0,66000,280000,-214000,-214000
058325,昇陽半永豐99購01,0,0,0,0,0,0,0,0,0,-214000,0,0,0,44000,258000,-214000,-214000
061226,台積電中信9A購05,0,0,0,0,0,0,0,0,0,-215000,0,0,0,55000,270000,-215000,-215000
055399,超眾統一99購01  ,0,0,0,0,0,0,0,0,0,-215000,0,0,0,0,215000,-215000,-215000
054370,台積電中信9A購01,0,0,0,0,0,0,0,0,0,-215000,0,0,0,417000,632000,-215000,-215000
060714,晶技永豐9A購02  ,0,0,0,0,0,0,0,0,0,-215000,0,0,0,0,215000,-215000,-215000
4532,瑞智            ,42000,259000,-217000,0,0,0,0,0,0,2000,2000,0,2000,0,0,0,-215000
058776,台積電國票9A購03,0,0,0,0,0,0,0,0,0,-216000,0,0,0,600000,816000,-216000,-216000
062677,儒鴻統一01購01  ,0,0,0,0,0,0,0,0,0,-217000,0,0,0,30000,247000,-217000,-217000
057493,聯詠元大98購02  ,0,0,0,0,0,0,0,0,0,-217000,0,0,0,0,217000,-217000,-217000
063208,鈺齊統一9C購01  ,0,0,0,0,0,0,0,0,0,-217000,0,0,0,96000,313000,-217000,-217000
060308,劍麟永豐9A購01  ,0,0,0,0,0,0,0,0,0,-217000,0,0,0,58000,275000,-217000,-217000
061481,嘉澤元大9A購03  ,0,0,0,0,0,0,0,0,0,-217000,0,0,0,76000,293000,-217000,-217000
055176,大毅統一98購02  ,0,0,0,0,0,0,0,0,0,-218000,0,0,0,0,218000,-218000,-218000
058514,潤泰全元大99購01,0,0,0,0,0,0,0,0,0,-218000,0,0,0,48000,266000,-218000,-218000
062293,麗豐永豐9B購01  ,0,0,0,0,0,0,0,0,0,-219000,0,0,0,0,219000,-219000,-219000
058658,瑞儀中信99購01  ,0,0,0,0,0,0,0,0,0,-219000,0,0,0,23000,242000,-219000,-219000
059097,世紀鋼元大99購05,0,0,0,0,0,0,0,0,0,-219000,0,0,0,22000,241000,-219000,-219000
2390,云辰            ,750000,971000,-221000,0,0,0,0,0,0,1000,3000,2000,1000,0,0,0,-220000
057598,鴻海群益98購07  ,0,0,0,0,0,0,0,0,0,-220000,0,0,0,0,220000,-220000,-220000
063427,南六凱基9B購04  ,0,0,0,0,0,0,0,0,0,-220000,0,0,0,7000,227000,-220000,-220000
07117P,SGBR2X凱基9C售01,0,0,0,0,0,0,0,0,0,-220000,0,0,0,0,220000,-220000,-220000
063270,喬山兆豐9C購01  ,0,0,0,0,0,0,0,0,0,-221000,0,0,0,0,221000,-221000,-221000
059397,T50反1元富99購05,0,0,0,0,0,0,0,0,0,-221000,0,0,0,5000,226000,-221000,-221000
062029,牧德群益9B購03  ,0,0,0,0,0,0,0,0,0,-221000,0,0,0,100000,321000,-221000,-221000
064452,微星統一01購02  ,0,0,0,0,0,0,0,0,0,-221000,0,0,0,47000,268000,-221000,-221000
2867,三商壽          ,1328000,1554000,-226000,0,0,0,0,0,0,5000,19000,14000,5000,0,0,0,-221000
2464,盟立            ,54000,291000,-237000,0,0,0,0,0,0,15000,16000,0,16000,0,1000,-1000,-222000
063307,同欣電凱基9B購02,0,0,0,0,0,0,0,0,0,-222000,0,0,0,65000,287000,-222000,-222000
059093,旭富元大99購01  ,0,0,0,0,0,0,0,0,0,-222000,0,0,0,86000,308000,-222000,-222000
063917,南六凱基02購01  ,0,0,0,0,0,0,0,0,0,-223000,0,0,0,1000,224000,-223000,-223000
061548,聯詠群益9A購02  ,0,0,0,0,0,0,0,0,0,-224000,0,0,0,0,224000,-224000,-224000
063592,瑞祺永豐9B購02  ,0,0,0,0,0,0,0,0,0,-224000,0,0,0,42000,266000,-224000,-224000
062806,世芯統一02購01  ,0,0,0,0,0,0,0,0,0,-225000,0,0,0,688000,913000,-225000,-225000
061974,光寶科元大9B購01,0,0,0,0,0,0,0,0,0,-225000,0,0,0,73000,298000,-225000,-225000
061647,南六元大9A購03  ,0,0,0,0,0,0,0,0,0,-225000,0,0,0,48000,273000,-225000,-225000
057340,玉晶光元富98購04,0,0,0,0,0,0,0,0,0,-225000,0,0,0,21000,246000,-225000,-225000
056579,麗豐元大99購01  ,0,0,0,0,0,0,0,0,0,-225000,0,0,0,447000,672000,-225000,-225000
063295,京元電麥證9B購01,0,0,0,0,225000,-225000,0,0,0,-225000,0,0,0,0,225000,-225000,-225000
064464,台郡統一01購01  ,0,0,0,0,0,0,0,0,0,-225000,0,0,0,35000,260000,-225000,-225000
06538P,國巨凱基98售11  ,0,0,0,0,0,0,0,0,0,-225000,0,0,0,119000,344000,-225000,-225000
07897P,臺股指元大9B售17,0,0,0,0,0,0,0,0,0,-225000,0,0,0,0,225000,-225000,-225000
5522,遠雄            ,252000,418000,-166000,0,0,0,0,0,0,-59000,2000,61000,-59000,0,0,0,-225000
062785,世芯元大9C購01  ,0,0,0,0,0,0,0,0,0,-226000,0,0,0,71000,297000,-226000,-226000
061062,和大凱基9A購02  ,0,0,0,0,0,0,0,0,0,-226000,0,0,0,118000,344000,-226000,-226000
060298,鎧勝元大9C購01  ,0,0,0,0,0,0,0,0,0,-226000,0,0,0,113000,339000,-226000,-226000
063646,帆宣元大9B購02  ,0,0,0,0,0,0,0,0,0,-227000,0,0,0,53000,280000,-227000,-227000
062943,世芯凱基9B購03  ,0,0,0,0,0,0,0,0,0,-228000,0,0,0,79000,307000,-228000,-228000
063062,群創元富9B購01  ,0,0,0,0,0,0,0,0,0,-228000,0,0,0,10000,238000,-228000,-228000
2420,新巨            ,44000,273000,-229000,0,0,0,0,0,0,1000,1000,0,1000,0,0,0,-228000
1477,聚陽            ,1836000,1842000,-6000,0,0,0,0,37000,-37000,-185000,24000,213000,-189000,16000,12000,4000,-228000
056906,玉晶光元大9B購01,0,0,0,0,0,0,0,0,0,-228000,0,0,0,297000,525000,-228000,-228000
058189,嘉澤永豐99購01  ,0,0,0,0,0,0,0,0,0,-228000,0,0,0,69000,297000,-228000,-228000
060683,泰鼎元大9A購02  ,0,0,0,0,0,0,0,0,0,-228000,0,0,0,16000,244000,-228000,-228000
1444,力麗            ,132000,367000,-235000,0,0,0,0,0,0,6000,6000,0,6000,0,0,0,-229000
061275,臺股指凱基9A購25,0,0,0,0,0,0,0,0,0,-229000,0,0,0,58000,287000,-229000,-229000
056998,麗豐康和98購01  ,0,0,0,0,0,0,0,0,0,-229000,0,0,0,281000,510000,-229000,-229000
064218,南六凱基01購01  ,0,0,0,0,0,0,0,0,0,-229000,0,0,0,4000,233000,-229000,-229000
062577,泰鼎群益9B購01  ,0,0,0,0,0,0,0,0,0,-230000,0,0,0,4000,234000,-230000,-230000
064672,同欣電元大01購01,0,0,0,0,0,0,0,0,0,-230000,0,0,0,0,230000,-230000,-230000
063862,世紀鋼國泰02購01,0,0,0,0,0,0,0,0,0,-230000,0,0,0,0,230000,-230000,-230000
08228P,華擎國票9C售01  ,0,0,0,0,0,0,0,0,0,-230000,0,0,0,61000,291000,-230000,-230000
062097,台光電永豐9B購01,0,0,0,0,0,0,0,0,0,-231000,0,0,0,0,231000,-231000,-231000
056769,國產元大98購01  ,0,0,0,0,0,0,0,0,0,-231000,0,0,0,50000,281000,-231000,-231000
058140,臻鼎元大99購02  ,0,0,0,0,0,0,0,0,0,-231000,0,0,0,3000,234000,-231000,-231000
064173,國產元富9C購01  ,0,0,0,0,0,0,0,0,0,-231000,0,0,0,95000,326000,-231000,-231000
062319,南六凱基9B購02  ,0,0,0,0,0,0,0,0,0,-232000,0,0,0,28000,260000,-232000,-232000
058105,旺宏統一9A購02  ,0,0,0,0,0,0,0,0,0,-232000,0,0,0,68000,300000,-232000,-232000
056492,全新國泰9A購01  ,0,0,0,0,0,0,0,0,0,-232000,0,0,0,1000,233000,-232000,-232000
062344,力山群益9B購02  ,0,0,0,0,0,0,0,0,0,-233000,0,0,0,67000,300000,-233000,-233000
062942,嘉澤凱基9B購02  ,0,0,0,0,0,0,0,0,0,-234000,0,0,0,20000,254000,-234000,-234000
058707,泰鼎元大99購02  ,0,0,0,0,0,0,0,0,0,-234000,0,0,0,34000,268000,-234000,-234000
060243,潤泰全元大9C購02,0,0,0,0,0,0,0,0,0,-235000,0,0,0,115000,350000,-235000,-235000
053651,台光電凱基98購01,0,0,0,0,0,0,0,0,0,-235000,0,0,0,125000,360000,-235000,-235000
057581,元大金中信9A購01,0,0,0,0,0,0,0,0,0,-235000,0,0,0,475000,710000,-235000,-235000
063195,訊連元富9B購01  ,0,0,0,0,0,0,0,0,0,-235000,0,0,0,0,235000,-235000,-235000
064264,智伸科永豐9C購01,0,0,0,0,0,0,0,0,0,-235000,0,0,0,52000,287000,-235000,-235000
063924,致新元富9C購01  ,0,0,0,0,0,0,0,0,0,-235000,0,0,0,85000,320000,-235000,-235000
063196,力成元富9B購01  ,0,0,0,0,0,0,0,0,0,-236000,0,0,0,0,236000,-236000,-236000
058323,泰鼎永豐9A購01  ,0,0,0,0,0,0,0,0,0,-236000,0,0,0,0,236000,-236000,-236000
064075,台積電中信06購01,0,0,0,0,0,0,0,0,0,-236000,0,0,0,16000,252000,-236000,-236000
3563,牧德            ,106000,339000,-233000,0,0,0,0,67000,-67000,64000,17000,23000,-6000,77000,7000,70000,-236000
062828,聯詠群益9B購02  ,0,0,0,0,0,0,0,0,0,-237000,0,0,0,10000,247000,-237000,-237000
061369,T50反1國泰9B購03,0,0,0,0,0,0,0,0,0,-237000,0,0,0,3000,240000,-237000,-237000
057017,和大凱基98購01  ,0,0,0,0,0,0,0,0,0,-237000,0,0,0,162000,399000,-237000,-237000
3669,圓展            ,531000,767000,-236000,0,0,0,0,0,0,-1000,1000,2000,-1000,0,0,0,-237000
056480,京鼎元大98購02  ,0,0,0,0,0,0,0,0,0,-238000,0,0,0,2000,240000,-238000,-238000
062877,可成兆豐9C購01  ,0,0,0,0,0,0,0,0,0,-239000,0,0,0,133000,372000,-239000,-239000
061535,群創統一9C購01  ,0,0,0,0,0,0,0,0,0,-239000,0,0,0,10000,249000,-239000,-239000
061379,鈺齊永豐9A購02  ,0,0,0,0,0,0,0,0,0,-241000,0,0,0,156000,397000,-241000,-241000
1519,華城            ,94000,336000,-242000,0,0,0,0,0,0,1000,1000,0,1000,0,0,0,-241000
059261,華邦電中信01購01,0,0,0,0,0,0,0,0,0,-241000,0,0,0,60000,301000,-241000,-241000
063087,南六凱基9C購02  ,0,0,0,0,0,0,0,0,0,-242000,0,0,0,9000,251000,-242000,-242000
062373,泰鼎元大9B購01  ,0,0,0,0,0,0,0,0,0,-243000,0,0,0,15000,258000,-243000,-243000
062057,華邦電統一01購01,0,0,0,0,0,0,0,0,0,-243000,0,0,0,11000,254000,-243000,-243000
064378,群創元富9C購01  ,0,0,0,0,0,0,0,0,0,-243000,0,0,0,54000,297000,-243000,-243000
2371,大同            ,2578000,2685755,-107755,0,0,0,0,0,0,-136000,5000,141000,-136000,0,0,0,-243755
08321P,世芯永豐9C售01  ,0,0,0,0,0,0,0,0,0,-244000,0,0,0,30000,274000,-244000,-244000
053537,玉晶光永豐98購02,0,0,0,0,0,0,0,0,0,-244000,0,0,0,40000,284000,-244000,-244000
058735,南茂永豐99購01  ,0,0,0,0,0,0,0,0,0,-244000,0,0,0,153000,397000,-244000,-244000
05579P,友達凱基98售03  ,0,0,0,0,0,0,0,0,0,-245000,0,0,0,15000,260000,-245000,-245000
056605,台積電富邦9B購02,0,0,0,0,0,0,0,0,0,-245000,0,0,0,185000,430000,-245000,-245000
057656,大成鋼兆豐98購01,0,0,0,0,0,0,0,0,0,-245000,0,0,0,0,245000,-245000,-245000
059656,T50反1元大99購11,0,0,0,0,0,0,0,0,0,-245000,0,0,0,4000,249000,-245000,-245000
2454,聯發科          ,7071309,7542675,-471366,0,0,0,216000,208000,8000,218000,97000,25000,72000,210000,64000,146000,-245366
062987,祥碩中信01購01  ,0,0,0,0,0,0,0,0,0,-246000,0,0,0,191000,437000,-246000,-246000
063501,旭富永豐9B購02  ,0,0,0,0,0,0,0,0,0,-246000,0,0,0,0,246000,-246000,-246000
059095,訊芯元大99購01  ,0,0,0,0,0,0,0,0,0,-246000,0,0,0,0,246000,-246000,-246000
059766,同欣電永豐99購03,0,0,0,0,0,0,0,0,0,-246000,0,0,0,94000,340000,-246000,-246000
063836,台塑元大9C購01  ,0,0,0,0,0,0,0,0,0,-246000,0,0,0,0,246000,-246000,-246000
062994,祥碩群益9B購05  ,0,0,0,0,0,0,0,0,0,-247000,0,0,0,41000,288000,-247000,-247000
056472,美律元大99購03  ,0,0,0,0,0,0,0,0,0,-247000,0,0,0,6000,253000,-247000,-247000
053449,超眾凱基98購01  ,0,0,0,0,0,0,0,0,0,-247000,0,0,0,40000,287000,-247000,-247000
063548,同欣電兆豐9B購01,0,0,0,0,0,0,0,0,0,-247000,0,0,0,50000,297000,-247000,-247000
064441,嘉澤凱基9C購02  ,0,0,0,0,0,0,0,0,0,-247000,0,0,0,40000,287000,-247000,-247000
062715,T50反1凱基03購01,0,0,0,0,0,0,0,0,0,-248000,0,0,0,1000,249000,-248000,-248000
064463,聯茂統一01購02  ,0,0,0,0,0,0,0,0,0,-248000,0,0,0,510000,758000,-248000,-248000
063766,南茂元富9B購01  ,0,0,0,0,0,0,0,0,0,-248000,0,0,0,94000,342000,-248000,-248000
062288,南六群益9B購01  ,0,0,0,0,0,0,0,0,0,-249000,0,0,0,7000,256000,-249000,-249000
2634,漢翔            ,291000,540000,-249000,0,0,0,0,1000,-1000,1000,4000,5000,-1000,4000,2000,2000,-249000
043442,大立光台新01購01,0,0,0,0,0,0,0,0,0,-249000,0,0,0,35000,284000,-249000,-249000
057411,臺股指群益99購05,0,0,0,0,0,0,0,0,0,-249000,0,0,0,30000,279000,-249000,-249000
063780,高鐵永豐9B購02  ,0,0,0,0,0,0,0,0,0,-249000,0,0,0,0,249000,-249000,-249000
063645,瑞儀元大9B購02  ,0,0,0,0,0,0,0,0,0,-249000,0,0,0,7000,256000,-249000,-249000
062473,同欣電凱基9B購01,0,0,0,0,0,0,0,0,0,-250000,0,0,0,138000,388000,-250000,-250000
062131,臺指反群益9B購03,0,0,0,0,0,0,0,0,0,-250000,0,0,0,0,250000,-250000,-250000
058314,欣興富邦9B購01  ,0,0,0,0,0,0,0,0,0,-250000,0,0,0,50000,300000,-250000,-250000
058698,華通元大99購05  ,0,0,0,0,0,0,0,0,0,-250000,0,0,0,10000,260000,-250000,-250000
07059P,華通國票9A售02  ,0,0,0,0,0,0,0,0,0,-250000,0,0,0,10000,260000,-250000,-250000
07248P,可成凱基99售06  ,0,0,0,0,0,0,0,0,0,-250000,0,0,0,10000,260000,-250000,-250000
061085,聯茂兆豐9A購01  ,0,0,0,0,0,0,0,0,0,-251000,0,0,0,313000,564000,-251000,-251000
063322,台郡群益9B購02  ,0,0,0,0,0,0,0,0,0,-251000,0,0,0,50000,301000,-251000,-251000
07492P,臺股指國票9A售10,0,0,0,0,0,0,0,0,0,-251000,0,0,0,0,251000,-251000,-251000
1590,亞德客-KY       ,575107,686124,-111017,0,0,0,11000,152000,-141000,1000,1000,0,1000,9000,9000,0,-251017
063452,創意統一01購01  ,0,0,0,0,0,0,0,0,0,-252000,0,0,0,13000,265000,-252000,-252000
059476,道瓊指群益9C購01,0,0,0,0,0,0,0,0,0,-252000,0,0,0,0,252000,-252000,-252000
062981,祥碩元富9B購01  ,0,0,0,0,0,0,0,0,0,-253000,0,0,0,191000,444000,-253000,-253000
058507,美律元大9A購01  ,0,0,0,0,0,0,0,0,0,-253000,0,0,0,57000,310000,-253000,-253000
060965,中租凱基9B購01  ,0,0,0,0,0,0,0,0,0,-254000,0,0,0,18000,272000,-254000,-254000
1312,國喬            ,1386000,1657000,-271000,0,0,0,0,0,0,17000,4000,36000,-32000,49000,0,49000,-254000
060312,潤泰全永豐9A購01,0,0,0,0,0,0,0,0,0,-254000,0,0,0,0,254000,-254000,-254000
064469,臻鼎元富9C購01  ,0,0,0,0,0,0,0,0,0,-254000,0,0,0,108000,362000,-254000,-254000
9946,三發地產        ,0,254000,-254000,0,0,0,0,0,0,0,0,0,0,0,0,0,-254000
059841,國巨富邦9C購01  ,0,0,0,0,0,0,0,0,0,-255000,0,0,0,129000,384000,-255000,-255000
054640,健策中信9B購01  ,0,0,0,0,0,0,0,0,0,-256000,0,0,0,403000,659000,-256000,-256000
058773,和碩兆豐99購01  ,0,0,0,0,0,0,0,0,0,-257000,0,0,0,154000,411000,-257000,-257000
062426,大立光統一02購02,0,0,0,0,0,0,0,0,0,-258000,0,0,0,1000,259000,-258000,-258000
055746,同欣電元富97購01,0,0,0,0,0,0,0,0,0,-258000,0,0,0,128000,386000,-258000,-258000
057776,京元電群益98購02,0,0,0,0,0,0,0,0,0,-258000,0,0,0,25000,283000,-258000,-258000
062743,微星國泰01購01  ,0,0,0,0,0,0,0,0,0,-259000,0,0,0,85000,344000,-259000,-259000
053919,可成國票97購02  ,0,0,0,0,0,0,0,0,0,-259000,0,0,0,0,259000,-259000,-259000
056271,嘉澤統一97購01  ,0,0,0,0,0,0,0,0,0,-259000,0,0,0,23000,282000,-259000,-259000
063368,遠東新永豐9B購01,0,0,0,0,0,0,0,0,0,-259000,0,0,0,0,259000,-259000,-259000
057740,茂林富邦9A購01  ,0,0,0,0,0,0,0,0,0,-260000,0,0,0,30000,290000,-260000,-260000
058457,創意永豐99購01  ,0,0,0,0,0,0,0,0,0,-260000,0,0,0,0,260000,-260000,-260000
058197,國巨中信99購02  ,0,0,0,0,0,0,0,0,0,-260000,0,0,0,0,260000,-260000,-260000
060658,台灣50凱基01購04,0,0,0,0,0,0,0,0,0,-261000,0,0,0,0,261000,-261000,-261000
06908P,健策國泰99售02  ,0,0,0,0,0,0,0,0,0,-261000,0,0,0,18000,279000,-261000,-261000
062911,聯詠元大9B購03  ,0,0,0,0,0,0,0,0,0,-263000,0,0,0,0,263000,-263000,-263000
056852,矽格元富98購01  ,0,0,0,0,0,0,0,0,0,-263000,0,0,0,35000,298000,-263000,-263000
063392,聯電群益9B購02  ,0,0,0,0,0,0,0,0,0,-263000,0,0,0,72000,335000,-263000,-263000
062385,玉晶光國泰01購01,0,0,0,0,0,0,0,0,0,-264000,0,0,0,9000,273000,-264000,-264000
062286,台郡群益9B購01  ,0,0,0,0,0,0,0,0,0,-264000,0,0,0,0,264000,-264000,-264000
055894,欣興統一97購03  ,0,0,0,0,0,0,0,0,0,-264000,0,0,0,50000,314000,-264000,-264000
2231,為升            ,121000,334000,-213000,0,0,0,0,0,0,-51318,5000,49000,-44000,0,7318,-7318,-264318
059039,致伸群益99購01  ,0,0,0,0,0,0,0,0,0,-265000,0,0,0,0,265000,-265000,-265000
058637,晶技兆豐99購01  ,0,0,0,0,0,0,0,0,0,-265000,0,0,0,15000,280000,-265000,-265000
060566,聯詠富邦9C購01  ,0,0,0,0,0,0,0,0,0,-265000,0,0,0,25000,290000,-265000,-265000
2328,廣宇            ,203000,458000,-255000,0,0,0,0,0,0,-11000,9000,20000,-11000,0,0,0,-266000
03840P,台積電統一99售02,0,0,0,0,0,0,0,0,0,-266000,0,0,0,0,266000,-266000,-266000
064150,全新統一01購03  ,0,0,0,0,0,0,0,0,0,-266000,0,0,0,20000,286000,-266000,-266000
2838,聯邦銀          ,168000,435000,-267000,0,0,0,0,0,0,0,0,0,0,0,0,0,-267000
053913,華新國票97購01  ,0,0,0,0,0,0,0,0,0,-267000,0,0,0,0,267000,-267000,-267000
060886,國巨統一01購03  ,0,0,0,0,0,0,0,0,0,-267000,0,0,0,1000,268000,-267000,-267000
8249,菱光            ,21000,294000,-273000,0,0,0,0,0,0,6000,6000,0,6000,0,0,0,-267000
062485,華通國泰01購01  ,0,0,0,0,0,0,0,0,0,-268000,0,0,0,0,268000,-268000,-268000
060733,和大統一9C購01  ,0,0,0,0,0,0,0,0,0,-268000,0,0,0,235000,503000,-268000,-268000
064054,中租統一02購01  ,0,0,0,0,0,0,0,0,0,-268000,0,0,0,53000,321000,-268000,-268000
062653,正隆永豐9B購01  ,0,0,0,0,0,0,0,0,0,-269000,0,0,0,0,269000,-269000,-269000
054371,台積電中信9C購01,0,0,0,0,0,0,0,0,0,-269000,0,0,0,81000,350000,-269000,-269000
058312,大毅國泰9B購01  ,0,0,0,0,0,0,0,0,0,-269000,0,0,0,92000,361000,-269000,-269000
058928,國巨統一9C購01  ,0,0,0,0,0,0,0,0,0,-269000,0,0,0,195000,464000,-269000,-269000
063373,晶技永豐9B購02  ,0,0,0,0,0,0,0,0,0,-269000,0,0,0,0,269000,-269000,-269000
063343,美律統一9C購01  ,0,0,0,0,0,0,0,0,0,-269000,0,0,0,234000,503000,-269000,-269000
064478,聚陽富邦01購01  ,0,0,0,0,0,0,0,0,0,-270000,0,0,0,0,270000,-270000,-270000
2228,劍麟            ,96000,248000,-152000,0,0,0,50000,130000,-80000,-39000,2000,45000,-43000,4000,0,4000,-271000
063205,貿聯統一9C購01  ,0,0,0,0,0,0,0,0,0,-271000,0,0,0,8000,279000,-271000,-271000
060644,泰鼎永豐9A購02  ,0,0,0,0,0,0,0,0,0,-271000,0,0,0,3000,274000,-271000,-271000
063311,喬山群益9B購01  ,0,0,0,0,0,0,0,0,0,-272000,0,0,0,88000,360000,-272000,-272000
059396,T50反1元富99購04,0,0,0,0,0,0,0,0,0,-272000,0,0,0,145000,417000,-272000,-272000
060995,泰鼎元大9A購03  ,0,0,0,0,0,0,0,0,0,-273000,0,0,0,29000,302000,-273000,-273000
064466,聯電元富9C購01  ,0,0,0,0,0,0,0,0,0,-273000,0,0,0,85000,358000,-273000,-273000
3036,文曄            ,191000,442000,-251000,0,0,0,0,1000,-1000,-21000,21000,5000,16000,20000,57000,-37000,-273000
062856,世芯永豐9B購02  ,0,0,0,0,0,0,0,0,0,-274000,0,0,0,15000,289000,-274000,-274000
053821,群創群益98購08  ,0,0,0,0,0,0,0,0,0,-274000,0,0,0,150000,424000,-274000,-274000
063207,聯茂統一01購01  ,0,0,0,0,0,0,0,0,0,-274000,0,0,0,364000,638000,-274000,-274000
057792,群創統一99購01  ,0,0,0,0,0,0,0,0,0,-274000,0,0,0,192000,466000,-274000,-274000
062226,臻鼎統一9B購01  ,0,0,0,0,0,0,0,0,0,-275000,0,0,0,20000,295000,-275000,-275000
058221,上銀統一99購04  ,0,0,0,0,0,0,0,0,0,-275000,0,0,0,0,275000,-275000,-275000
07535P,上銀元富9A售03  ,0,0,0,0,0,0,0,0,0,-275000,0,0,0,25000,300000,-275000,-275000
07617P,聯發科中信9C售04,0,0,0,0,0,0,0,0,0,-275000,0,0,0,20000,295000,-275000,-275000
063349,台郡統一9C購01  ,0,0,0,0,0,0,0,0,0,-276000,0,0,0,2000,278000,-276000,-276000
07098P,台積電元大99售18,0,0,0,0,0,0,0,0,0,-276000,0,0,0,103000,379000,-276000,-276000
2915,潤泰全          ,578000,778368,-200368,0,0,0,0,0,0,-76000,3000,18000,-15000,33000,94000,-61000,-276368
058910,泰鼎元大99購03  ,0,0,0,0,0,0,0,0,0,-277000,0,0,0,47000,324000,-277000,-277000
07875P,祥碩群益9B售01  ,0,0,0,0,0,0,0,0,0,-277000,0,0,0,0,277000,-277000,-277000
062914,嘉澤元大9B購02  ,0,0,0,0,0,0,0,0,0,-278000,0,0,0,29000,307000,-278000,-278000
058239,景碩元大99購03  ,0,0,0,0,0,0,0,0,0,-278000,0,0,0,82000,360000,-278000,-278000
08190P,宏達電元富9B售04,0,0,0,0,0,0,0,0,0,-280000,0,0,0,21000,301000,-280000,-280000
062018,台勝科永豐9B購01,0,0,0,0,0,0,0,0,0,-282000,0,0,0,63000,345000,-282000,-282000
046942,友達元大99購01  ,0,0,0,0,0,0,0,0,0,-282000,0,0,0,396000,678000,-282000,-282000
059051,和大凱基9A購01  ,0,0,0,0,0,0,0,0,0,-282000,0,0,0,157000,439000,-282000,-282000
057730,聯鈞國泰9A購01  ,0,0,0,0,0,0,0,0,0,-282000,0,0,0,54000,336000,-282000,-282000
062982,同欣電元富9B購01,0,0,0,0,0,0,0,0,0,-283000,0,0,0,316000,599000,-283000,-283000
063675,亞德客國泰01購01,0,0,0,0,0,0,0,0,0,-283000,0,0,0,3000,286000,-283000,-283000
061517,瑞祺永豐9A購03  ,0,0,0,0,0,0,0,0,0,-284000,0,0,0,85000,369000,-284000,-284000
063167,同欣電永豐9B購03,0,0,0,0,0,0,0,0,0,-284000,0,0,0,272000,556000,-284000,-284000
062869,帆宣中信9B購01  ,0,0,0,0,0,0,0,0,0,-285000,0,0,0,9000,294000,-285000,-285000
061357,寶成元大9A購01  ,0,0,0,0,0,0,0,0,0,-285000,0,0,0,7000,292000,-285000,-285000
064251,緯創元富9C購01  ,0,0,0,0,0,0,0,0,0,-285000,0,0,0,49000,334000,-285000,-285000
062975,京鼎元富9B購01  ,0,0,0,0,0,0,0,0,0,-288000,0,0,0,98000,386000,-288000,-288000
060862,美律永豐9A購01  ,0,0,0,0,0,0,0,0,0,-288000,0,0,0,139000,427000,-288000,-288000
3044,健鼎            ,851000,879688,-28688,0,0,0,0,258000,-258000,-2000,67000,78000,-11000,30000,21000,9000,-288688
056941,台郡元富9B購01  ,0,0,0,0,0,0,0,0,0,-289000,0,0,0,25000,314000,-289000,-289000
064354,同欣電元大9C購05,0,0,0,0,0,0,0,0,0,-289000,0,0,0,45000,334000,-289000,-289000
063393,華通群益9C購05  ,0,0,0,0,0,0,0,0,0,-290000,0,0,0,10000,300000,-290000,-290000
058723,元石油國泰9A購01,0,0,0,0,0,0,0,0,0,-290000,0,0,0,40000,330000,-290000,-290000
060477,和潤元大9A購01  ,0,0,0,0,0,0,0,0,0,-290000,0,0,0,7000,297000,-290000,-290000
063760,聯詠統一9C購02  ,0,0,0,0,0,0,0,0,0,-291000,0,0,0,44000,335000,-291000,-291000
07646P,世芯元大9A售04  ,0,0,0,0,0,0,0,0,0,-291000,0,0,0,201000,492000,-291000,-291000
063053,聯發科統一01購04,0,0,0,0,0,0,0,0,0,-292000,0,0,0,5000,297000,-292000,-292000
056089,同欣電統一98購01,0,0,0,0,0,0,0,0,0,-292000,0,0,0,43000,335000,-292000,-292000
063990,世芯永豐01購01  ,0,0,0,0,0,0,0,0,0,-293000,0,0,0,5000,298000,-293000,-293000
063379,帆宣永豐9B購01  ,0,0,0,0,0,0,0,0,0,-294000,0,0,0,0,294000,-294000,-294000
064157,健鼎統一01購02  ,0,0,0,0,0,0,0,0,0,-294000,0,0,0,645000,939000,-294000,-294000
060783,亞德客富邦9B購01,0,0,0,0,0,0,0,0,0,-295000,0,0,0,10000,305000,-295000,-295000
063885,南六元富9C購01  ,0,0,0,0,0,0,0,0,0,-297000,0,0,0,54000,351000,-297000,-297000
057393,台積電中信02購01,0,0,0,0,0,0,0,0,0,-298000,0,0,0,0,298000,-298000,-298000
054517,高鐵元大96購01  ,0,0,0,0,0,0,0,0,0,-298000,0,0,0,100000,398000,-298000,-298000
063923,世芯元富9C購01  ,0,0,0,0,0,0,0,0,0,-299000,0,0,0,75000,374000,-299000,-299000
064579,大立光富邦03購02,0,0,0,0,0,0,0,0,0,-299000,0,0,0,100000,399000,-299000,-299000
062271,華通群益9C購02  ,0,0,0,0,0,0,0,0,0,-300000,0,0,0,6000,306000,-300000,-300000
056848,泰鼎元富98購01  ,0,0,0,0,0,0,0,0,0,-300000,0,0,0,0,300000,-300000,-300000
060242,潤泰全元大9C購01,0,0,0,0,0,0,0,0,0,-300000,0,0,0,43000,343000,-300000,-300000
058035,旭富永豐98購02  ,0,0,0,0,0,0,0,0,0,-300000,0,0,0,0,300000,-300000,-300000
064291,南六元大9C購04  ,0,0,0,0,0,0,0,0,0,-300000,0,0,0,23000,323000,-300000,-300000
064000,台郡兆豐9C購01  ,0,0,0,0,0,0,0,0,0,-300000,0,0,0,85000,385000,-300000,-300000
06748P,智邦台新98售02  ,0,0,0,0,0,0,0,0,0,-300000,0,0,0,0,300000,-300000,-300000
062594,祥碩統一01購02  ,0,0,0,0,0,0,0,0,0,-301000,0,0,0,109000,410000,-301000,-301000
062019,嘉澤永豐9B購01  ,0,0,0,0,0,0,0,0,0,-301000,0,0,0,20000,321000,-301000,-301000
1474,弘裕            ,515000,816000,-301000,0,0,0,0,0,0,0,0,0,0,0,0,0,-301000
057886,聯詠群益98購01  ,0,0,0,0,0,0,0,0,0,-302000,0,0,0,10000,312000,-302000,-302000
057579,長榮航中信9A購01,0,0,0,0,0,0,0,0,0,-302000,0,0,0,84000,386000,-302000,-302000
063749,聯發科國票9C購04,0,0,0,0,0,0,0,0,0,-302000,0,0,0,138000,440000,-302000,-302000
061033,台光電永豐9A購01,0,0,0,0,0,0,0,0,0,-303000,0,0,0,46000,349000,-303000,-303000
06465P,國巨統一98售04  ,0,0,0,0,0,0,0,0,0,-303000,0,0,0,197000,500000,-303000,-303000
2850,新產            ,6000,329000,-323000,0,0,0,0,0,0,20000,20000,0,20000,0,0,0,-303000
062591,新日興統一9C購01,0,0,0,0,0,0,0,0,0,-304000,0,0,0,125000,429000,-304000,-304000
057674,台郡元大99購03  ,0,0,0,0,0,0,0,0,0,-304000,0,0,0,85000,389000,-304000,-304000
5264,鎧勝-KY         ,1589000,1290000,299000,0,0,0,378000,1171000,-793000,190000,8000,5000,3000,187000,0,187000,-304000
062527,美律統一01購01  ,0,0,0,0,0,0,0,0,0,-305000,0,0,0,204000,509000,-305000,-305000
058456,京鼎永豐99購01  ,0,0,0,0,0,0,0,0,0,-305000,0,0,0,68000,373000,-305000,-305000
064606,南電元富9C購03  ,0,0,0,0,0,0,0,0,0,-305000,0,0,0,0,305000,-305000,-305000
057626,技嘉富邦9A購01  ,0,0,0,0,0,0,0,0,0,-307000,0,0,0,84000,391000,-307000,-307000
064056,GIS統一01購02   ,0,0,0,0,0,0,0,0,0,-307000,0,0,0,99000,406000,-307000,-307000
054158,國巨日盛99購01  ,0,0,0,0,0,0,0,0,0,-309000,0,0,0,50000,359000,-309000,-309000
060051,台積電凱基9B購01,0,0,0,0,0,0,0,0,0,-309000,0,0,0,150000,459000,-309000,-309000
061828,T50反1凱基02購01,0,0,0,0,0,0,0,0,0,-310000,0,0,0,0,310000,-310000,-310000
050911,光磊中信98購01  ,0,0,0,0,0,0,0,0,0,-310000,0,0,0,0,310000,-310000,-310000
055803,鎧勝永豐97購01  ,0,0,0,0,0,0,0,0,0,-310000,0,0,0,0,310000,-310000,-310000
07122P,欣興凱基99售05  ,0,0,0,0,0,0,0,0,0,-310000,0,0,0,10000,320000,-310000,-310000
05722P,玉晶光國票97售03,0,0,0,0,0,0,0,0,0,-312000,0,0,0,396000,708000,-312000,-312000
057442,玉晶光統一98購03,0,0,0,0,0,0,0,0,0,-313000,0,0,0,193000,506000,-313000,-313000
063143,嘉澤統一9B購02  ,0,0,0,0,0,0,0,0,0,-313000,0,0,0,41000,354000,-313000,-313000
2601,益航            ,299000,609000,-310000,0,0,0,0,0,0,-4000,0,4000,-4000,0,0,0,-314000
058766,力山兆豐99購01  ,0,0,0,0,0,0,0,0,0,-314000,0,0,0,155000,469000,-314000,-314000
058196,台塑中信99購01  ,0,0,0,0,0,0,0,0,0,-314000,0,0,0,100000,414000,-314000,-314000
061123,燿華永豐9A購01  ,0,0,0,0,0,0,0,0,0,-315000,0,0,0,119000,434000,-315000,-315000
062214,金寶統一01購01  ,0,0,0,0,0,0,0,0,0,-315000,0,0,0,0,315000,-315000,-315000
062950,貿聯富邦01購01  ,0,0,0,0,0,0,0,0,0,-316000,0,0,0,9000,325000,-316000,-316000
057186,群創元大99購04  ,0,0,0,0,0,0,0,0,0,-316000,0,0,0,0,316000,-316000,-316000
058936,國喬中信99購01  ,0,0,0,0,0,0,0,0,0,-316000,0,0,0,26000,342000,-316000,-316000
063144,超眾統一9C購02  ,0,0,0,0,0,0,0,0,0,-316000,0,0,0,107000,423000,-316000,-316000
056699,光罩國泰99購01  ,0,0,0,0,0,0,0,0,0,-318000,0,0,0,12000,330000,-318000,-318000
064057,緯穎統一02購01  ,0,0,0,0,0,0,0,0,0,-318000,0,0,0,15000,333000,-318000,-318000
2606,裕民            ,241000,564000,-323000,0,0,0,0,3000,-3000,7000,7000,0,7000,0,0,0,-319000
03682C,臺股指凱基9C牛07,0,0,0,0,0,0,0,0,0,-319000,0,0,0,132000,451000,-319000,-319000
058774,台郡兆豐9A購01  ,0,0,0,0,0,0,0,0,0,-319000,0,0,0,0,319000,-319000,-319000
06320P,上銀統一97售04  ,0,0,0,0,0,0,0,0,0,-320000,0,0,0,96000,416000,-320000,-320000
058299,同欣電凱基9A購01,0,0,0,0,0,0,0,0,0,-320000,0,0,0,107000,427000,-320000,-320000
064462,致伸統一02購01  ,0,0,0,0,0,0,0,0,0,-320000,0,0,0,0,320000,-320000,-320000
055261,帆宣統一98購01  ,0,0,0,0,0,0,0,0,0,-321000,0,0,0,14000,335000,-321000,-321000
06618P,智邦元大98售04  ,0,0,0,0,0,0,0,0,0,-321000,0,0,0,0,321000,-321000,-321000
07081P,南電群益9A售01  ,0,0,0,0,0,0,0,0,0,-321000,0,0,0,25000,346000,-321000,-321000
059581,日月光元富99購02,0,0,0,0,0,0,0,0,0,-322000,0,0,0,61000,383000,-322000,-322000
062428,超眾統一9B購01  ,0,0,0,0,0,0,0,0,0,-323000,0,0,0,0,323000,-323000,-323000
6120,達運            ,336000,677000,-341000,0,0,0,0,0,0,18000,18000,0,18000,0,0,0,-323000
062978,世芯元富9B購01  ,0,0,0,0,0,0,0,0,0,-325000,0,0,0,111000,436000,-325000,-325000
062984,致新元富9B購01  ,0,0,0,0,0,0,0,0,0,-325000,0,0,0,107000,432000,-325000,-325000
054673,京鼎國泰98購01  ,0,0,0,0,0,0,0,0,0,-325000,0,0,0,0,325000,-325000,-325000
055244,國巨統一98購01  ,0,0,0,0,0,0,0,0,0,-326000,0,0,0,15000,341000,-326000,-326000
064461,致伸統一01購01  ,0,0,0,0,0,0,0,0,0,-326000,0,0,0,19000,345000,-326000,-326000
061900,志超永豐9B購01  ,0,0,0,0,0,0,0,0,0,-327000,0,0,0,5000,332000,-327000,-327000
064532,聯茂兆豐01購01  ,0,0,0,0,0,0,0,0,0,-327000,0,0,0,0,327000,-327000,-327000
057940,和大國票99購01  ,0,0,0,0,0,0,0,0,0,-328000,0,0,0,219000,547000,-328000,-328000
061439,寶成凱基9A購01  ,0,0,0,0,0,0,0,0,0,-328000,0,0,0,50000,378000,-328000,-328000
062496,矽創中信9B購01  ,0,0,0,0,0,0,0,0,0,-329000,0,0,0,99000,428000,-329000,-329000
2402,毅嘉            ,136000,478000,-342000,0,0,0,0,0,0,11000,11000,0,11000,0,0,0,-331000
058585,S&P正2中信9B購02,0,0,0,0,0,0,0,0,0,-331000,0,0,0,157000,488000,-331000,-331000
063539,世紀鋼統一9B購02,0,0,0,0,0,0,0,0,0,-331000,0,0,0,0,331000,-331000,-331000
060503,技嘉元大9A購01  ,0,0,0,0,0,0,0,0,0,-332000,0,0,0,164000,496000,-332000,-332000
9919,康那香          ,2227000,2559000,-332000,0,0,0,0,0,0,0,0,0,0,0,0,0,-332000
063437,聚陽統一01購01  ,0,0,0,0,0,0,0,0,0,-333000,0,0,0,2000,335000,-333000,-333000
063336,大成鋼統一9C購02,0,0,0,0,0,0,0,0,0,-334000,0,0,0,0,334000,-334000,-334000
059139,全新兆豐9A購01  ,0,0,0,0,0,0,0,0,0,-336000,0,0,0,0,336000,-336000,-336000
07170P,臺股指國票99售07,0,0,0,0,0,0,0,0,0,-336000,0,0,0,103000,439000,-336000,-336000
062537,聯電國泰9C購01  ,0,0,0,0,0,0,0,0,0,-338000,0,0,0,0,338000,-338000,-338000
056178,嘉澤元富97購02  ,0,0,0,0,0,0,0,0,0,-338000,0,0,0,18000,356000,-338000,-338000
056206,泰鼎永豐97購01  ,0,0,0,0,0,0,0,0,0,-338000,0,0,0,5000,343000,-338000,-338000
062954,世芯永豐9B購03  ,0,0,0,0,0,0,0,0,0,-340000,0,0,0,93000,433000,-340000,-340000
062976,嘉澤元富9B購01  ,0,0,0,0,0,0,0,0,0,-342000,0,0,0,0,342000,-342000,-342000
063511,南電群益9B購02  ,0,0,0,0,0,0,0,0,0,-342000,0,0,0,65000,407000,-342000,-342000
2912,統一超          ,384000,717304,-333304,0,0,0,0,14000,-14000,5000,5000,0,5000,0,0,0,-342304
08111P,臺股指中信01售06,0,0,0,0,0,0,0,0,0,-343000,0,0,0,494000,837000,-343000,-343000
2548,華固            ,512000,862000,-350000,0,0,0,0,0,0,6000,8000,2000,6000,0,0,0,-344000
00683L,元大美元指數正2 ,0,0,0,0,0,0,0,0,0,-344000,0,0,0,30000,374000,-344000,-344000
063663,台光電統一9C購01,0,0,0,0,0,0,0,0,0,-344000,0,0,0,5000,349000,-344000,-344000
063057,祥碩統一03購01  ,0,0,0,0,0,0,0,0,0,-345000,0,0,0,326000,671000,-345000,-345000
057663,國巨元大99購08  ,0,0,0,0,0,0,0,0,0,-345000,0,0,0,0,345000,-345000,-345000
062872,華通兆豐9C購01  ,0,0,0,0,0,0,0,0,0,-347000,0,0,0,10000,357000,-347000,-347000
062172,南六永豐9B購01  ,0,0,0,0,0,0,0,0,0,-347000,0,0,0,91000,438000,-347000,-347000
059365,T50反1台新99購01,0,0,0,0,0,0,0,0,0,-347000,0,0,0,0,347000,-347000,-347000
064112,宏碁國票01購01  ,0,0,0,0,0,0,0,0,0,-348000,0,0,0,0,348000,-348000,-348000
064070,祥碩永豐9C購01  ,0,0,0,0,0,0,0,0,0,-348000,0,0,0,203000,551000,-348000,-348000
3380,明泰            ,966000,1360000,-394000,0,0,0,0,0,0,46000,110000,70000,40000,16000,10000,6000,-348000
060428,瑞祺永豐9A購01  ,0,0,0,0,0,0,0,0,0,-349000,0,0,0,123000,472000,-349000,-349000
062406,臻鼎永豐9B購01  ,0,0,0,0,0,0,0,0,0,-350000,0,0,0,10000,360000,-350000,-350000
058483,道瓊指國票9A購01,0,0,0,0,0,0,0,0,0,-350000,0,0,0,0,350000,-350000,-350000
064175,華通國泰02購01  ,0,0,0,0,0,0,0,0,0,-350000,0,0,0,30000,380000,-350000,-350000
08214P,南六統一9B售03  ,0,0,0,0,0,0,0,0,0,-350000,0,0,0,113000,463000,-350000,-350000
2385,群光            ,1249819,1509000,-259181,0,0,0,0,3000,-3000,-88000,16000,28000,-12000,0,76000,-76000,-350181
063674,力山國泰01購02  ,0,0,0,0,0,0,0,0,0,-351000,0,0,0,492000,843000,-351000,-351000
8163,達方            ,262000,608000,-346000,0,0,0,0,0,0,-5000,13000,8000,5000,0,10000,-10000,-351000
061765,義隆元大9B購01  ,0,0,0,0,0,0,0,0,0,-352000,0,0,0,0,352000,-352000,-352000
062835,瑞儀群益9B購01  ,0,0,0,0,0,0,0,0,0,-352000,0,0,0,168000,520000,-352000,-352000
055973,亞德客統一97購01,0,0,0,0,0,0,0,0,0,-352000,0,0,0,0,352000,-352000,-352000
062456,台積電群益9B購05,0,0,0,0,0,0,0,0,0,-353000,0,0,0,29000,382000,-353000,-353000
057184,群創元大98購05  ,0,0,0,0,0,0,0,0,0,-353000,0,0,0,0,353000,-353000,-353000
064227,和碩國票01購01  ,0,0,0,0,0,0,0,0,0,-353000,0,0,0,66000,419000,-353000,-353000
064364,高鐵統一9C購02  ,0,0,0,0,0,0,0,0,0,-353000,0,0,0,0,353000,-353000,-353000
062233,神隆凱基9B購01  ,0,0,0,0,0,0,0,0,0,-355000,0,0,0,162000,517000,-355000,-355000
2547,日勝生          ,260000,599000,-339000,0,0,0,0,0,0,-16000,0,16000,-16000,0,0,0,-355000
063075,祥碩永豐9B購04  ,0,0,0,0,0,0,0,0,0,-356000,0,0,0,34000,390000,-356000,-356000
053276,友達元大9C購01  ,0,0,0,0,0,0,0,0,0,-356000,0,0,0,0,356000,-356000,-356000
061957,上銀統一01購01  ,0,0,0,0,0,0,0,0,0,-358000,0,0,0,127000,485000,-358000,-358000
062543,華通富邦9C購01  ,0,0,0,0,0,0,0,0,0,-359000,0,0,0,7000,366000,-359000,-359000
08408P,臺股指元大9C售14,0,0,0,0,0,0,0,0,0,-360000,0,0,0,40000,400000,-360000,-360000
058994,道瓊指元大99購01,0,0,0,0,0,0,0,0,0,-360000,0,0,0,0,360000,-360000,-360000
064153,中壽統一9C購01  ,0,0,0,0,0,0,0,0,0,-360000,0,0,0,2000,362000,-360000,-360000
060309,佳世達永豐9A購01,0,0,0,0,0,0,0,0,0,-361000,0,0,0,5000,366000,-361000,-361000
064174,致新元富9C購02  ,0,0,0,0,0,0,0,0,0,-361000,0,0,0,30000,391000,-361000,-361000
063667,全新統一01購02  ,0,0,0,0,0,0,0,0,0,-361000,0,0,0,20000,381000,-361000,-361000
2340,光磊            ,433000,789000,-356000,0,0,0,0,0,0,-7000,21000,0,21000,0,28000,-28000,-363000
00640L,富邦日本正2     ,0,9000,-9000,0,0,0,0,0,0,-354000,0,0,0,966000,1320000,-354000,-363000
056177,嘉澤元富97購01  ,0,0,0,0,0,0,0,0,0,-363000,0,0,0,17000,380000,-363000,-363000
5215,科嘉-KY         ,572000,249000,323000,0,0,0,0,685000,-685000,-1000,2000,3000,-1000,0,0,0,-363000
062542,南電國泰9C購01  ,0,0,0,0,0,0,0,0,0,-364000,0,0,0,443000,807000,-364000,-364000
062857,SP黃豆國票9C購01,0,0,0,0,0,0,0,0,0,-365000,0,0,0,0,365000,-365000,-365000
06458P,玉晶光統一9A售02,0,0,0,0,0,0,0,0,0,-365000,0,0,0,73000,438000,-365000,-365000
07677P,祥碩永豐9A售01  ,0,0,0,0,0,0,0,0,0,-365000,0,0,0,70000,435000,-365000,-365000
063327,燿華國票9C購02  ,0,0,0,0,0,0,0,0,0,-366000,0,0,0,133000,499000,-366000,-366000
053661,嘉澤凱基97購01  ,0,0,0,0,0,0,0,0,0,-368000,0,0,0,10000,378000,-368000,-368000
059293,宏達電元富9B購01,0,0,0,0,0,0,0,0,0,-368000,0,0,0,245000,613000,-368000,-368000
063529,聯茂凱基9B購02  ,0,0,0,0,0,0,0,0,0,-369000,0,0,0,18000,387000,-369000,-369000
055653,聯詠元富01購02  ,0,0,0,0,0,0,0,0,0,-370000,0,0,0,3000,373000,-370000,-370000
064149,美律統一02購01  ,0,0,0,0,0,0,0,0,0,-370000,0,0,0,174000,544000,-370000,-370000
064252,嘉澤元富9C購01  ,0,0,0,0,0,0,0,0,0,-370000,0,0,0,0,370000,-370000,-370000
064297,台郡國票01購01  ,0,0,0,0,0,0,0,0,0,-371000,0,0,0,35000,406000,-371000,-371000
063538,神達統一9C購01  ,0,0,0,0,0,0,0,0,0,-371000,0,0,0,0,371000,-371000,-371000
063490,儒鴻富邦9C購01  ,0,0,0,0,0,0,0,0,0,-372000,0,0,0,60000,432000,-372000,-372000
058925,旭富元富99購02  ,0,0,0,0,0,0,0,0,0,-372000,0,0,0,0,372000,-372000,-372000
063890,正隆群益9C購01  ,0,0,0,0,0,0,0,0,0,-372000,0,0,0,86000,458000,-372000,-372000
08132P,南六元大9B售05  ,0,0,0,0,0,0,0,0,0,-372000,0,0,0,204000,576000,-372000,-372000
053797,台積電中信98購01,0,0,0,0,0,0,0,0,0,-376000,0,0,0,0,376000,-376000,-376000
062020,智伸科永豐9B購01,0,0,0,0,0,0,0,0,0,-377000,0,0,0,60000,437000,-377000,-377000
062017,京鼎永豐9B購01  ,0,0,0,0,0,0,0,0,0,-378000,0,0,0,12000,390000,-378000,-378000
061339,京元電元大9A購05,0,0,0,0,0,0,0,0,0,-379000,0,0,0,0,379000,-379000,-379000
054088,華新群益98購02  ,0,0,0,0,0,0,0,0,0,-380000,0,0,0,42000,422000,-380000,-380000
055874,中環元富9A購01  ,0,0,0,0,0,0,0,0,0,-382000,0,0,0,150000,532000,-382000,-382000
9958,世紀鋼          ,474000,613000,-139000,0,0,0,0,260000,-260000,17000,20000,10000,10000,74000,67000,7000,-382000
061231,聚陽元大9A購02  ,0,0,0,0,0,0,0,0,0,-383000,0,0,0,4000,387000,-383000,-383000
063438,聚陽統一9C購01  ,0,0,0,0,0,0,0,0,0,-383000,0,0,0,12000,395000,-383000,-383000
020016,統一MSCI美科技N ,0,0,0,0,0,0,0,0,0,-385000,0,0,0,70000,455000,-385000,-385000
062539,可成國泰01購01  ,0,0,0,0,0,0,0,0,0,-386000,0,0,0,182000,568000,-386000,-386000
046628,大立光統一98購01,0,0,0,0,0,0,0,0,0,-387000,0,0,0,116000,503000,-387000,-387000
057670,欣興元大99購02  ,0,0,0,0,0,0,0,0,0,-387000,0,0,0,126000,513000,-387000,-387000
063798,台積電凱基02購03,0,0,0,0,0,0,0,0,0,-388000,0,0,0,7000,395000,-388000,-388000
064179,上銀富邦01購01  ,0,0,0,0,0,0,0,0,0,-389000,0,0,0,0,389000,-389000,-389000
064184,矽格富邦02購01  ,0,0,0,0,0,0,0,0,0,-389000,0,0,0,0,389000,-389000,-389000
05631P,國巨富邦9A售01  ,0,0,0,0,0,0,0,0,0,-390000,0,0,0,120000,510000,-390000,-390000
058441,T50反1台新03購01,0,0,0,0,0,0,0,0,0,-390000,0,0,0,10000,400000,-390000,-390000
07433P,臺股指國票9A售05,0,0,0,0,0,0,0,0,0,-390000,0,0,0,0,390000,-390000,-390000
062388,旭富國泰01購01  ,0,0,0,0,0,0,0,0,0,-392000,0,0,0,0,392000,-392000,-392000
3338,泰碩            ,203000,208000,-5000,0,0,0,0,300000,-300000,-87000,5000,86000,-81000,6000,12000,-6000,-392000
062296,南六永豐9B購02  ,0,0,0,0,0,0,0,0,0,-393000,0,0,0,15000,408000,-393000,-393000
061042,致新永豐9A購02  ,0,0,0,0,0,0,0,0,0,-393000,0,0,0,3000,396000,-393000,-393000
061080,華邦電兆豐9B購01,0,0,0,0,0,0,0,0,0,-395000,0,0,0,208000,603000,-395000,-395000
061991,牧德元大9C購01  ,0,0,0,0,0,0,0,0,0,-395000,0,0,0,5000,400000,-395000,-395000
058868,元油2X國票99購06,0,0,0,0,0,0,0,0,0,-398000,0,0,0,0,398000,-398000,-398000
061282,台積電統一9C購06,0,0,0,0,0,0,0,0,0,-399000,0,0,0,6000,405000,-399000,-399000
061389,華新科群益9B購01,0,0,0,0,0,0,0,0,0,-400000,0,0,0,0,400000,-400000,-400000
057595,健鼎兆豐98購01  ,0,0,0,0,0,0,0,0,0,-402000,0,0,0,124000,526000,-402000,-402000
056835,聯電元富99購01  ,0,0,0,0,0,0,0,0,0,-403000,0,0,0,129000,532000,-403000,-403000
060435,鈺齊永豐9A購01  ,0,0,0,0,0,0,0,0,0,-404000,0,0,0,227000,631000,-404000,-404000
058720,旭富元富99購01  ,0,0,0,0,0,0,0,0,0,-404000,0,0,0,0,404000,-404000,-404000
063641,泰鼎元大9B購04  ,0,0,0,0,0,0,0,0,0,-404000,0,0,0,222000,626000,-404000,-404000
063925,祥碩元富9C購01  ,0,0,0,0,0,0,0,0,0,-404000,0,0,0,90000,494000,-404000,-404000
061087,國巨統一01購04  ,0,0,0,0,0,0,0,0,0,-405000,0,0,0,30000,435000,-405000,-405000
063895,新光金群益01購01,0,0,0,0,0,0,0,0,0,-405000,0,0,0,0,405000,-405000,-405000
057716,神達統一98購01  ,0,0,0,0,0,0,0,0,0,-406000,0,0,0,10000,416000,-406000,-406000
4904,遠傳            ,1470653,1888000,-417347,0,0,0,0,10000,-10000,18000,69000,47000,22000,0,4000,-4000,-409347
057833,聯發科元富02購06,0,0,0,0,0,0,0,0,0,-410000,0,0,0,0,410000,-410000,-410000
056954,聯詠富邦9A購01  ,0,0,0,0,0,0,0,0,0,-411000,0,0,0,213000,624000,-411000,-411000
064373,和大元富03購01  ,0,0,0,0,0,0,0,0,0,-412000,0,0,0,1315000,1727000,-412000,-412000
059101,康控統一9A購01  ,0,0,0,0,0,0,0,0,0,-413000,0,0,0,0,413000,-413000,-413000
2456,奇力新          ,668000,895000,-227000,0,0,0,0,0,0,-186046,73000,255046,-182046,15000,19000,-4000,-413046
052738,聯電元大98購02  ,0,0,0,0,0,0,0,0,0,-414000,0,0,0,189000,603000,-414000,-414000
3376,新日興          ,227000,665000,-438000,0,0,0,20000,49000,-29000,53000,52000,14000,38000,17000,2000,15000,-414000
6271,同欣電          ,1475000,2333000,-858000,0,0,0,510000,210000,300000,144000,160000,162000,-2000,219000,73000,146000,-414000
063874,志超永豐9C購01  ,0,0,0,0,0,0,0,0,0,-415000,0,0,0,45000,460000,-415000,-415000
058547,世紀鋼富邦9A購01,0,0,0,0,0,0,0,0,0,-416000,0,0,0,0,416000,-416000,-416000
063262,南六富邦9C購01  ,0,0,0,0,0,0,0,0,0,-416000,0,0,0,211000,627000,-416000,-416000
064080,宏達電中信06購01,0,0,0,0,0,0,0,0,0,-416000,0,0,0,0,416000,-416000,-416000
064358,台達電統一01購02,0,0,0,0,0,0,0,0,0,-416000,0,0,0,35000,451000,-416000,-416000
06949P,台表科元大99售01,0,0,0,0,0,0,0,0,0,-416000,0,0,0,0,416000,-416000,-416000
058328,世紀鋼統一9B購01,0,0,0,0,0,0,0,0,0,-417000,0,0,0,55000,472000,-417000,-417000
063804,華邦電兆豐01購01,0,0,0,0,0,0,0,0,0,-417000,0,0,0,0,417000,-417000,-417000
062649,緯穎富邦9B購03  ,0,0,0,0,0,0,0,0,0,-419000,0,0,0,2000,421000,-419000,-419000
061886,力山國泰01購01  ,0,0,0,0,0,0,0,0,0,-420000,0,0,0,85000,505000,-420000,-420000
061661,京鼎永豐9A購02  ,0,0,0,0,0,0,0,0,0,-422000,0,0,0,19000,441000,-422000,-422000
1710,東聯            ,587000,1008000,-421000,0,0,0,0,4000,-4000,2000,2000,0,2000,0,0,0,-423000
060901,臺股指凱基9A購13,0,0,0,0,0,0,0,0,0,-423000,0,0,0,2000,425000,-423000,-423000
058113,百和元富98購01  ,0,0,0,0,0,0,0,0,0,-424000,0,0,0,116000,540000,-424000,-424000
063582,瑞祺國泰9C購01  ,0,0,0,0,0,0,0,0,0,-424000,0,0,0,109000,533000,-424000,-424000
2049,上銀            ,1226800,1172495,54305,0,0,0,19000,472750,-453750,-26000,41000,52000,-11000,14000,29000,-15000,-425445
1711,永光            ,95000,521000,-426000,0,0,0,0,0,0,-1000,3000,4000,-1000,0,0,0,-427000
060695,同欣電麥證9A購01,0,0,0,4000,431000,-427000,0,0,0,-427000,0,0,0,4000,431000,-427000,-427000
063433,臻鼎元富9B購01  ,0,0,0,0,0,0,0,0,0,-432000,0,0,0,114000,546000,-432000,-432000
062532,聯詠統一9C購01  ,0,0,0,0,0,0,0,0,0,-434000,0,0,0,124000,558000,-434000,-434000
058614,台郡元大9A購01  ,0,0,0,0,0,0,0,0,0,-434000,0,0,0,103000,537000,-434000,-434000
062351,瑞祺群益9C購01  ,0,0,0,0,0,0,0,0,0,-436000,0,0,0,11000,447000,-436000,-436000
07899P,和大凱基9B售01  ,0,0,0,0,0,0,0,0,0,-437000,0,0,0,20000,457000,-437000,-437000
6202,盛群            ,120000,561000,-441000,0,0,0,0,0,0,1000,6000,0,6000,0,5000,-5000,-440000
059776,台灣50元大9C購17,0,0,0,0,0,0,0,0,0,-441000,0,0,0,0,441000,-441000,-441000
054894,GIS統一97購01   ,0,0,0,0,0,0,0,0,0,-442000,0,0,0,60000,502000,-442000,-442000
1304,台聚            ,321000,825000,-504000,0,0,0,0,0,0,61000,61000,0,61000,0,0,0,-443000
059685,T50正2永豐99購02,0,0,0,0,0,0,0,0,0,-443000,0,0,0,0,443000,-443000,-443000
063405,聯發科國票9C購03,0,0,0,0,0,0,0,0,0,-444000,0,0,0,9000,453000,-444000,-444000
055496,高鐵元大97購02  ,0,0,0,0,0,0,0,0,0,-448000,0,0,0,100000,548000,-448000,-448000
063056,嘉澤統一9C購02  ,0,0,0,0,0,0,0,0,0,-449000,0,0,0,10000,459000,-449000,-449000
061370,晶技國泰9C購01  ,0,0,0,0,0,0,0,0,0,-449000,0,0,0,86000,535000,-449000,-449000
063154,南六元富9B購02  ,0,0,0,0,0,0,0,0,0,-449000,0,0,0,36000,485000,-449000,-449000
07322P,鴻海元大99售33  ,0,0,0,0,0,0,0,0,0,-450000,0,0,0,0,450000,-450000,-450000
057582,亞光中信9A購02  ,0,0,0,0,0,0,0,0,0,-451000,0,0,0,40000,491000,-451000,-451000
062666,和碩群益9B購01  ,0,0,0,0,0,0,0,0,0,-452000,0,0,0,200000,652000,-452000,-452000
054134,強茂元大96購01  ,0,0,0,0,0,0,0,0,0,-452000,0,0,0,63000,515000,-452000,-452000
052777,燿華國票98購01  ,0,0,0,0,0,0,0,0,0,-454000,0,0,0,100000,554000,-454000,-454000
063324,道瓊反國票9B購03,0,0,0,0,0,0,0,0,0,-454000,0,0,0,436000,890000,-454000,-454000
054556,世芯凱基99購01  ,0,0,0,0,0,0,0,0,0,-455000,0,0,0,89000,544000,-455000,-455000
058722,台郡元富99購01  ,0,0,0,0,0,0,0,0,0,-455000,0,0,0,25000,480000,-455000,-455000
062163,大毅國泰01購01  ,0,0,0,0,0,0,0,0,0,-456000,0,0,0,88000,544000,-456000,-456000
063449,全新統一9B購02  ,0,0,0,0,0,0,0,0,0,-458000,0,0,0,20000,478000,-458000,-458000
061662,瑞儀永豐9A購02  ,0,0,0,0,0,0,0,0,0,-460000,0,0,0,10000,470000,-460000,-460000
057718,旺宏元富02購02  ,0,0,0,0,0,0,0,0,0,-460000,0,0,0,7000,467000,-460000,-460000
062533,嘉澤統一9C購01  ,0,0,0,0,0,0,0,0,0,-461000,0,0,0,32000,493000,-461000,-461000
062650,南電富邦01購01  ,0,0,0,0,0,0,0,0,0,-462000,0,0,0,15000,477000,-462000,-462000
6239,力成            ,833203,1142777,-309574,0,0,0,188000,360000,-172000,19000,25000,8000,17000,17000,15000,2000,-462574
1760,寶齡富錦        ,901000,1366000,-465000,0,0,0,0,0,0,0,0,0,0,0,0,0,-465000
063359,泰鼎國泰01購01  ,0,0,0,0,0,0,0,0,0,-469000,0,0,0,19000,488000,-469000,-469000
061694,玉山金群益9A購01,0,0,0,0,0,0,0,0,0,-470000,0,0,0,75000,545000,-470000,-470000
063112,祥碩兆豐9B購01  ,0,0,0,0,0,0,0,0,0,-472000,0,0,0,32000,504000,-472000,-472000
059403,T50反1台新03購03,0,0,0,0,0,0,0,0,0,-472000,0,0,0,0,472000,-472000,-472000
064599,台積電元富9C購03,0,0,0,0,0,0,0,0,0,-476000,0,0,0,0,476000,-476000,-476000
057217,奇力新群益99購01,0,0,0,0,0,0,0,0,0,-480000,0,0,0,0,480000,-480000,-480000
055458,燿華永豐98購01  ,0,0,0,0,0,0,0,0,0,-480000,0,0,0,20000,500000,-480000,-480000
060956,超眾群益9A購01  ,0,0,0,0,0,0,0,0,0,-481000,0,0,0,0,481000,-481000,-481000
064477,南六國泰02購01  ,0,0,0,0,0,0,0,0,0,-482000,0,0,0,108000,590000,-482000,-482000
062549,中租永豐9B購01  ,0,0,0,0,0,0,0,0,0,-483000,0,0,0,0,483000,-483000,-483000
060289,京元電元大9A購01,0,0,0,0,0,0,0,0,0,-483000,0,0,0,106000,589000,-483000,-483000
061350,牧德元大9B購03  ,0,0,0,0,0,0,0,0,0,-485000,0,0,0,114000,599000,-485000,-485000
3704,合勤控          ,488000,998000,-510000,0,0,0,0,0,0,25000,13000,0,13000,14000,2000,12000,-485000
063071,華新科富邦02購01,0,0,0,0,0,0,0,0,0,-487000,0,0,0,5000,492000,-487000,-487000
062651,世紀鋼富邦9C購01,0,0,0,0,0,0,0,0,0,-487000,0,0,0,20000,507000,-487000,-487000
062228,南六統一02購01  ,0,0,0,0,0,0,0,0,0,-487000,0,0,0,9000,496000,-487000,-487000
063580,立積國泰9C購01  ,0,0,0,0,0,0,0,0,0,-488000,0,0,0,0,488000,-488000,-488000
6251,定穎            ,1065000,815000,250000,0,0,0,0,533000,-533000,-208000,7000,15000,-8000,0,200000,-200000,-491000
061306,瑞祺永豐9A購02  ,0,0,0,0,0,0,0,0,0,-492000,0,0,0,0,492000,-492000,-492000
061896,景碩永豐9B購01  ,0,0,0,0,0,0,0,0,0,-493000,0,0,0,290000,783000,-493000,-493000
058739,喬山中信99購01  ,0,0,0,0,0,0,0,0,0,-493000,0,0,0,188000,681000,-493000,-493000
063583,GIS國泰01購01   ,0,0,0,0,0,0,0,0,0,-493000,0,0,0,72000,565000,-493000,-493000
063153,南六元富9B購01  ,0,0,0,0,0,0,0,0,0,-495000,0,0,0,69000,564000,-495000,-495000
5876,上海商銀        ,2466685,2987000,-520315,0,0,0,0,0,0,25000,35000,7000,28000,0,3000,-3000,-495315
2511,太子            ,172000,668000,-496000,0,0,0,0,0,0,0,0,0,0,0,0,0,-496000
2354,鴻準            ,786651,1313029,-526378,0,0,0,0,0,0,30000,33000,3000,30000,0,0,0,-496378
062879,美食兆豐9B購01  ,0,0,0,0,0,0,0,0,0,-497000,0,0,0,0,497000,-497000,-497000
057704,台虹群益98購03  ,0,0,0,0,0,0,0,0,0,-497000,0,0,0,1000,498000,-497000,-497000
063978,美食兆豐9C購01  ,0,0,0,0,0,0,0,0,0,-498000,0,0,0,0,498000,-498000,-498000
061244,和碩兆豐9A購01  ,0,0,0,0,0,0,0,0,0,-499000,0,0,0,301000,800000,-499000,-499000
048272,新光金富邦98購01,0,0,0,0,0,0,0,0,0,-499000,0,0,0,0,499000,-499000,-499000
07844P,可成國票9A售01  ,0,0,0,0,0,0,0,0,0,-499000,0,0,0,0,499000,-499000,-499000
060867,智伸科永豐9A購01,0,0,0,0,0,0,0,0,0,-500000,0,0,0,67000,567000,-500000,-500000
058966,元油2X日盛99購03,0,0,0,0,0,0,0,0,0,-500000,0,0,0,0,500000,-500000,-500000
060143,台積電國票9B購03,0,0,0,0,0,0,0,0,0,-502000,0,0,0,2000,504000,-502000,-502000
064068,義隆永豐9C購01  ,0,0,0,0,0,0,0,0,0,-502000,0,0,0,413000,915000,-502000,-502000
2855,統一證          ,268000,650000,-382000,0,0,0,0,120000,-120000,0,0,0,0,0,0,0,-502000
062423,聯發科統一9C購07,0,0,0,0,0,0,0,0,0,-504000,0,0,0,53000,557000,-504000,-504000
061577,泰碩元大9A購03  ,0,0,0,0,0,0,0,0,0,-505000,0,0,0,20000,525000,-505000,-505000
062647,南電國泰9C購02  ,0,0,0,0,0,0,0,0,0,-506000,0,0,0,885000,1391000,-506000,-506000
057149,京鼎國票99購02  ,0,0,0,0,0,0,0,0,0,-506000,0,0,0,99000,605000,-506000,-506000
063779,華邦電永豐9B購01,0,0,0,0,0,0,0,0,0,-506000,0,0,0,0,506000,-506000,-506000
063574,茂林元大9B購07  ,0,0,0,0,0,0,0,0,0,-507000,0,0,0,68000,575000,-507000,-507000
03857P,聯發科元富99售02,0,0,0,0,0,0,0,0,0,-509000,0,0,0,0,509000,-509000,-509000
058222,玉晶光統一9B購01,0,0,0,0,0,0,0,0,0,-511000,0,0,0,5000,516000,-511000,-511000
064191,聯發科中信03購01,0,0,0,0,0,0,0,0,0,-511000,0,0,0,0,511000,-511000,-511000
060968,台灣50元大9C購28,0,0,0,0,0,0,0,0,0,-514000,0,0,0,0,514000,-514000,-514000
061916,元金2X凱基02購01,0,0,0,0,0,0,0,0,0,-515000,0,0,0,0,515000,-515000,-515000
064145,宏碁統一02購01  ,0,0,0,0,0,0,0,0,0,-515000,0,0,0,246000,761000,-515000,-515000
053568,智伸科富邦98購01,0,0,0,0,0,0,0,0,0,-517000,0,0,0,53000,570000,-517000,-517000
056803,群創台新99購02  ,0,0,0,0,0,0,0,0,0,-519000,0,0,0,80000,599000,-519000,-519000
063623,祥碩兆豐9B購02  ,0,0,0,0,0,0,0,0,0,-523000,0,0,0,182000,705000,-523000,-523000
059796,台積電國票99購10,0,0,0,0,0,0,0,0,0,-524000,0,0,0,2000,526000,-524000,-524000
063705,臻鼎群益9B購03  ,0,0,0,0,0,0,0,0,0,-524000,0,0,0,40000,564000,-524000,-524000
060907,金像電元大9A購02,0,0,0,0,0,0,0,0,0,-525000,0,0,0,70000,595000,-525000,-525000
063495,台光電富邦9C購01,0,0,0,0,0,0,0,0,0,-525000,0,0,0,7000,532000,-525000,-525000
061747,南亞科統一01購01,0,0,0,0,0,0,0,0,0,-526000,0,0,0,286000,812000,-526000,-526000
058379,臺股指凱基99購14,0,0,0,0,0,0,0,0,0,-526000,0,0,0,1038000,1564000,-526000,-526000
063470,泰鼎元大9B購03  ,0,0,0,0,0,0,0,0,0,-528000,0,0,0,11000,539000,-528000,-528000
062015,喬山永豐9B購01  ,0,0,0,0,0,0,0,0,0,-530000,0,0,0,0,530000,-530000,-530000
057969,緯穎國泰99購01  ,0,0,0,0,0,0,0,0,0,-530000,0,0,0,41000,571000,-530000,-530000
053573,臺股指統一99購01,0,0,0,0,0,0,0,0,0,-532000,0,0,0,5000,537000,-532000,-532000
064246,南六統一9C購02  ,0,0,0,0,0,0,0,0,0,-533000,0,0,0,129000,662000,-533000,-533000
061613,南六統一9C購01  ,0,0,0,0,0,0,0,0,0,-538000,0,0,0,293000,831000,-538000,-538000
061521,亞光兆豐9A購02  ,0,0,0,0,0,0,0,0,0,-542000,0,0,0,115000,657000,-542000,-542000
054819,裕民元大9A購01  ,0,0,0,0,0,0,0,0,0,-542000,0,0,0,36000,578000,-542000,-542000
055824,臺股指國票97購11,0,0,0,0,0,0,0,0,0,-543000,0,0,0,20000,563000,-543000,-543000
056920,友達兆豐98購02  ,0,0,0,0,0,0,0,0,0,-544000,0,0,0,0,544000,-544000,-544000
053799,矽創中信9A購01  ,0,0,0,0,0,0,0,0,0,-545000,0,0,0,330000,875000,-545000,-545000
057347,國巨統一9A購03  ,0,0,0,0,0,0,0,0,0,-547000,0,0,0,25000,572000,-547000,-547000
057713,美律統一99購01  ,0,0,0,0,0,0,0,0,0,-550000,0,0,0,0,550000,-550000,-550000
063441,台達電統一9C購01,0,0,0,0,0,0,0,0,0,-551000,0,0,0,157000,708000,-551000,-551000
03650C,T50反1元大98牛05,0,0,0,0,0,0,0,0,0,-553000,0,0,0,45000,598000,-553000,-553000
062220,台光電統一01購01,0,0,0,0,0,0,0,0,0,-554000,0,0,0,12000,566000,-554000,-554000
060194,旭富元富9A購01  ,0,0,0,0,0,0,0,0,0,-559000,0,0,0,40000,599000,-559000,-559000
056677,智伸科元富98購01,0,0,0,0,0,0,0,0,0,-560000,0,0,0,225000,785000,-560000,-560000
063893,微星群益9C購01  ,0,0,0,0,0,0,0,0,0,-560000,0,0,0,114000,674000,-560000,-560000
07123P,鴻海元大99售23  ,0,0,0,0,0,0,0,0,0,-560000,0,0,0,255000,815000,-560000,-560000
063159,嘉澤國泰01購01  ,0,0,0,0,0,0,0,0,0,-562000,0,0,0,0,562000,-562000,-562000
03445B,臺股指元大02熊01,0,5000,-5000,0,0,0,0,0,0,-562000,0,0,0,474000,1036000,-562000,-567000
057119,微星康和98購01  ,0,0,0,0,0,0,0,0,0,-568000,0,0,0,0,568000,-568000,-568000
063063,泰鼎元富9B購01  ,0,0,0,0,0,0,0,0,0,-572000,0,0,0,61000,633000,-572000,-572000
06953P,景碩統一9A售01  ,0,0,0,0,0,0,0,0,0,-572000,0,0,0,0,572000,-572000,-572000
063671,GIS統一01購01   ,0,0,0,0,0,0,0,0,0,-573000,0,0,0,453000,1026000,-573000,-573000
059074,元油2X元大9C購15,0,0,0,0,0,0,0,0,0,-574000,0,0,0,70000,644000,-574000,-574000
061800,泰鼎永豐9B購01  ,0,0,0,0,0,0,0,0,0,-576000,0,0,0,0,576000,-576000,-576000
061024,南電國泰9B購01  ,0,0,0,0,0,0,0,0,0,-576000,0,0,0,339000,915000,-576000,-576000
062416,和大統一01購02  ,0,0,0,0,0,0,0,0,0,-578000,0,0,0,853000,1431000,-578000,-578000
062427,嘉澤統一01購01  ,0,0,0,0,0,0,0,0,0,-580000,0,0,0,10000,590000,-580000,-580000
057002,友達國票98購01  ,0,0,0,0,0,0,0,0,0,-580000,0,0,0,0,580000,-580000,-580000
060826,牧德元大9B購02  ,0,0,0,0,0,0,0,0,0,-580000,0,0,0,115000,695000,-580000,-580000
053291,旺宏中信9A購01  ,0,0,0,0,0,0,0,0,0,-585000,0,0,0,0,585000,-585000,-585000
053337,聯電國票97購01  ,0,0,0,0,0,0,0,0,0,-585000,0,0,0,0,585000,-585000,-585000
063204,高鐵統一9C購01  ,0,0,0,0,0,0,0,0,0,-587000,0,0,0,77000,664000,-587000,-587000
064186,燿華永豐9C購01  ,0,0,0,0,0,0,0,0,0,-588000,0,0,0,341000,929000,-588000,-588000
062221,奇力新統一01購01,0,0,0,0,0,0,0,0,0,-589000,0,0,0,50000,639000,-589000,-589000
063774,GIS富邦9B購02   ,0,0,0,0,0,0,0,0,0,-591000,0,0,0,0,591000,-591000,-591000
063139,聯發科統一9B購07,0,0,0,0,0,0,0,0,0,-593000,0,0,0,27000,620000,-593000,-593000
055619,同欣電國票98購02,0,0,0,0,0,0,0,0,0,-595000,0,0,0,228000,823000,-595000,-595000
060008,華邦電群益9A購01,0,0,0,0,0,0,0,0,0,-599000,0,0,0,20000,619000,-599000,-599000
056571,燿華元大98購02  ,0,0,0,0,0,0,0,0,0,-600000,0,0,0,403000,1003000,-600000,-600000
06595P,祥碩元大98售03  ,0,0,0,0,0,0,0,0,0,-600000,0,0,0,220000,820000,-600000,-600000
063198,仁寶統一01購02  ,0,0,0,0,0,0,0,0,0,-604000,0,0,0,206000,810000,-604000,-604000
1101,台泥            ,10355733,11410996,-1055263,0,0,0,604000,814000,-210000,661000,896000,82000,814000,0,153000,-153000,-604263
5880,合庫金          ,6683000,7283397,-600397,0,0,0,0,53000,-53000,46000,47000,0,47000,0,1000,-1000,-607397
063080,裕隆凱基9B購01  ,0,0,0,0,0,0,0,0,0,-608000,0,0,0,1000,609000,-608000,-608000
058327,大毅統一9B購01  ,0,0,0,0,0,0,0,0,0,-610000,0,0,0,47000,657000,-610000,-610000
062025,台達電群益9B購01,0,0,0,0,0,0,0,0,0,-614000,0,0,0,57000,671000,-614000,-614000
061293,聯茂統一9A購01  ,0,0,0,0,0,0,0,0,0,-617000,0,0,0,177000,794000,-617000,-617000
061611,南六統一01購01  ,0,0,0,0,0,0,0,0,0,-619000,0,0,0,87000,706000,-619000,-619000
2439,美律            ,272000,918000,-646000,0,0,0,0,0,0,25000,95000,53000,42000,38000,55000,-17000,-621000
03658C,T50反1元大9A牛02,0,0,0,0,0,0,0,0,0,-621000,0,0,0,10000,631000,-621000,-621000
063323,同欣電群益9B購03,0,0,0,0,0,0,0,0,0,-626000,0,0,0,289000,915000,-626000,-626000
2489,瑞軒            ,279000,926000,-647000,0,0,0,0,0,0,19000,19000,0,19000,0,0,0,-628000
056823,智伸科永豐98購01,0,0,0,0,0,0,0,0,0,-632000,0,0,0,0,632000,-632000,-632000
059297,大立光元富9C購01,0,0,0,0,0,0,0,0,0,-634000,0,0,0,67000,701000,-634000,-634000
062885,臻鼎兆豐9C購01  ,0,0,0,0,0,0,0,0,0,-636000,0,0,0,101000,737000,-636000,-636000
3576,聯合再生        ,365000,1017000,-652000,0,0,0,0,0,0,13000,13000,0,13000,0,0,0,-639000
038489,T50反1台新9A購01,0,0,0,0,0,0,0,0,0,-640000,0,0,0,0,640000,-640000,-640000
063542,泰鼎元富9B購02  ,0,0,0,0,0,0,0,0,0,-641000,0,0,0,0,641000,-641000,-641000
057782,台積電國票99購07,0,0,0,0,0,0,0,0,0,-643000,0,0,0,0,643000,-643000,-643000
00652,富邦印度        ,24000,58000,-34000,0,0,0,0,0,0,-611000,0,0,0,63000,674000,-611000,-645000
9103,美德醫療-DR     ,92000,738000,-646000,0,0,0,0,0,0,0,0,0,0,0,0,0,-646000
058733,同欣電永豐99購02,0,0,0,0,0,0,0,0,0,-647000,0,0,0,397000,1044000,-647000,-647000
1310,台苯            ,120000,819000,-699000,0,0,0,0,0,0,49000,22000,0,22000,27000,0,27000,-650000
061824,聯電麥證9B購01  ,0,0,0,35000,687000,-652000,0,0,0,-652000,0,0,0,35000,687000,-652000,-652000
5469,瀚宇博          ,322000,862975,-540975,0,0,0,0,0,0,-115000,6000,0,6000,9000,130000,-121000,-655975
056465,臺股指凱基99購07,0,0,0,0,0,0,0,0,0,-659000,0,0,0,8000,667000,-659000,-659000
063680,寶成富邦9C購01  ,0,0,0,0,0,0,0,0,0,-661000,0,0,0,1000,662000,-661000,-661000
8112,至上            ,537000,1210000,-673000,0,0,0,0,0,0,9000,9000,0,9000,0,0,0,-664000
060195,旭富元富9A購02  ,0,0,0,0,0,0,0,0,0,-667000,0,0,0,0,667000,-667000,-667000
4906,正文            ,381000,1054000,-673000,0,0,0,0,0,0,5000,35000,7000,28000,0,23000,-23000,-668000
061188,大成鋼富邦9B購01,0,0,0,0,0,0,0,0,0,-669000,0,0,0,291000,960000,-669000,-669000
058605,華邦電元大99購04,0,0,0,0,0,0,0,0,0,-669000,0,0,0,0,669000,-669000,-669000
059188,京元電富邦9B購01,0,0,0,0,0,0,0,0,0,-672000,0,0,0,11000,683000,-672000,-672000
053294,聯發科中信9C購01,0,0,0,0,0,0,0,0,0,-673000,0,0,0,21000,694000,-673000,-673000
052602,聯電元大97購01  ,0,0,0,0,0,0,0,0,0,-679000,0,0,0,1000,680000,-679000,-679000
2637,慧洋-KY         ,452000,1037000,-585000,0,0,0,0,1000,-1000,-101000,0,101000,-101000,0,0,0,-687000
2323,中環            ,978000,1561000,-583000,0,0,0,0,0,0,-104170,33000,4000,29000,35000,168170,-133170,-687170
062227,南六統一01購02  ,0,0,0,0,0,0,0,0,0,-692000,0,0,0,56000,748000,-692000,-692000
061912,台積電中信05購05,0,0,0,0,0,0,0,0,0,-694000,0,0,0,6000,700000,-694000,-694000
1227,佳格            ,460644,1052000,-591356,0,0,0,0,105000,-105000,0,0,0,0,0,0,0,-696356
07491P,臺股指國票9A售09,0,0,0,0,0,0,0,0,0,-697000,0,0,0,5000,702000,-697000,-697000
6282,康舒            ,217000,905000,-688000,0,0,0,0,0,0,-13000,19000,23000,-4000,5000,14000,-9000,-701000
061915,T50反1凱基02購02,0,0,0,0,0,0,0,0,0,-706000,0,0,0,269000,975000,-706000,-706000
062798,台光電統一9B購01,0,0,0,0,0,0,0,0,0,-708000,0,0,0,115000,823000,-708000,-708000
1611,中電            ,126000,841000,-715000,0,0,0,0,0,0,6000,7000,1000,6000,0,0,0,-709000
4968,立積            ,331000,1100000,-769000,0,0,0,61000,0,61000,-2000,1000,33000,-32000,60000,30000,30000,-710000
6005,群益證          ,703000,860000,-157000,0,0,0,0,555000,-555000,0,0,0,0,0,0,0,-712000
062213,和大統一9B購02  ,0,0,0,0,0,0,0,0,0,-716000,0,0,0,143000,859000,-716000,-716000
00668,國泰美國道瓊    ,7000,6000,1000,0,0,0,0,0,0,-718000,0,0,0,140000,858000,-718000,-717000
061555,聯電國票9B購01  ,0,0,0,0,0,0,0,0,0,-722000,0,0,0,0,722000,-722000,-722000
4414,如興            ,737000,1462000,-725000,0,0,0,0,0,0,1000,1000,0,1000,0,0,0,-724000
2536,宏普            ,138000,812000,-674000,0,0,0,0,50000,-50000,-1000,0,1000,-1000,0,0,0,-725000
064193,華新群益9C購01  ,0,0,0,0,0,0,0,0,0,-728000,0,0,0,0,728000,-728000,-728000
1909,榮成            ,1418000,2181000,-763000,0,0,0,0,0,0,16000,53000,37000,16000,0,0,0,-747000
055902,同欣電中信99購01,0,0,0,0,0,0,0,0,0,-757000,0,0,0,695000,1452000,-757000,-757000
062229,南六統一9B購01  ,0,0,0,0,0,0,0,0,0,-759000,0,0,0,79000,838000,-759000,-759000
5471,松翰            ,1329000,2057000,-728000,0,0,0,0,43000,-43000,2000,4000,2000,2000,0,0,0,-769000
064140,台達電統一01購01,0,0,0,0,0,0,0,0,0,-774000,0,0,0,28000,802000,-774000,-774000
3515,華擎            ,420000,994000,-574000,0,0,0,61000,109000,-48000,-153000,13000,18000,-5000,56000,204000,-148000,-775000
2342,茂矽            ,1096000,1880000,-784000,0,0,0,0,0,0,3000,3000,0,3000,0,0,0,-781000
2404,漢唐            ,476000,1316000,-840000,0,0,0,57000,0,57000,2000,52000,18000,34000,6000,38000,-32000,-781000
2492,華新科          ,996955,1445731,-448776,0,0,0,0,317000,-317000,-21000,116000,104000,12000,122000,155000,-33000,-786776
058054,台積電統一9C購01,0,0,0,0,0,0,0,0,0,-789000,0,0,0,969000,1758000,-789000,-789000
06684P,緯穎元大98售06  ,0,0,0,0,0,0,0,0,0,-800000,0,0,0,0,800000,-800000,-800000
063932,世芯統一01購01  ,0,0,0,0,0,0,0,0,0,-802000,0,0,0,176000,978000,-802000,-802000
057475,聯電元大9A購01  ,0,0,0,0,0,0,0,0,0,-806000,0,0,0,151000,957000,-806000,-806000
059024,大立光統一9B購04,0,0,0,0,0,0,0,0,0,-811000,0,0,0,0,811000,-811000,-811000
1714,和桐            ,287000,1102000,-815000,0,0,0,0,0,0,3000,3000,0,3000,0,0,0,-812000
00875,國泰網路資安    ,3000,226000,-223000,0,0,0,0,0,0,-594000,0,0,0,113000,707000,-594000,-817000
062218,燿華統一01購01  ,0,0,0,0,0,0,0,0,0,-829000,0,0,0,1214000,2043000,-829000,-829000
07258P,台灣50台新9A售01,0,0,0,0,0,0,0,0,0,-829000,0,0,0,0,829000,-829000,-829000
00646,元大S&P500      ,1000,115000,-114000,0,0,0,0,0,0,-721000,195000,0,195000,753000,1669000,-916000,-835000
063347,祥碩統一01購03  ,0,0,0,0,0,0,0,0,0,-841000,0,0,0,89000,930000,-841000,-841000
00631L,元大台灣50正2   ,1587000,2029000,-442000,0,0,0,0,0,0,-401000,0,40000,-40000,1938000,2299000,-361000,-843000
064071,台郡永豐9C購01  ,0,0,0,0,0,0,0,0,0,-848000,0,0,0,0,848000,-848000,-848000
8996,高力            ,600000,362000,238000,0,0,0,0,1087000,-1087000,0,0,0,0,0,0,0,-849000
08410P,臺股指元大9C售16,0,0,0,0,0,0,0,0,0,-850000,0,0,0,0,850000,-850000,-850000
2841,台開            ,68000,916000,-848000,0,0,0,0,0,0,-3000,4000,7000,-3000,0,0,0,-851000
2101,南港            ,580000,1419000,-839000,0,0,0,36000,0,36000,-69000,6000,30000,-24000,45000,90000,-45000,-872000
063348,祥碩統一01購04  ,0,0,0,0,0,0,0,0,0,-875000,0,0,0,172000,1047000,-875000,-875000
064204,瑞儀兆豐01購01  ,0,0,0,0,0,0,0,0,0,-879000,0,0,0,10000,889000,-879000,-879000
3010,華立            ,81000,961000,-880000,0,0,0,0,0,0,0,2000,2000,0,0,0,0,-880000
064182,臻鼎富邦01購01  ,0,0,0,0,0,0,0,0,0,-888000,0,0,0,20000,908000,-888000,-888000
3019,亞光            ,539000,1466000,-927000,0,0,0,0,0,0,33000,44000,27000,17000,27000,11000,16000,-894000
058210,臺股指凱基9C購04,0,0,0,0,0,0,0,0,0,-899000,0,0,0,219000,1118000,-899000,-899000
9933,中鼎            ,1198000,1892000,-694000,0,0,0,0,75000,-75000,-136000,186000,322000,-136000,0,0,0,-905000
2329,華泰            ,327000,1238000,-911000,0,0,0,0,0,0,5000,9000,3000,6000,0,1000,-1000,-906000
063876,華新元富9C購01  ,0,0,0,0,0,0,0,0,0,-918000,0,0,0,85000,1003000,-918000,-918000
063209,巨大統一01購01  ,0,0,0,0,0,0,0,0,0,-920000,0,0,0,553000,1473000,-920000,-920000
3005,神基            ,383000,1214000,-831000,0,0,0,0,0,0,-104000,22000,0,22000,0,126000,-126000,-935000
1216,統一            ,4406000,5277349,-871349,0,0,0,0,86000,-86000,14000,9000,2000,7000,8000,1000,7000,-943349
058692,華邦電國票9B購01,0,0,0,0,0,0,0,0,0,-950000,0,0,0,1000,951000,-950000,-950000
00830,國泰費城半導體  ,4000,239000,-235000,0,0,0,0,0,0,-721000,70000,0,70000,20000,811000,-791000,-956000
2002,中鋼            ,5868000,6851036,-983036,0,0,0,0,68000,-68000,91000,119000,22000,97000,0,6000,-6000,-960036
3682,亞太電          ,682000,1672000,-990000,0,0,0,0,0,0,13000,13000,0,13000,0,0,0,-977000
063581,同欣電國泰9C購01,0,0,0,0,0,0,0,0,0,-981000,0,0,0,406000,1387000,-981000,-981000
050283,T50反1凱基9A購01,0,0,0,0,0,0,0,0,0,-991000,0,0,0,68000,1059000,-991000,-991000
07648P,祥碩國票9B售01  ,0,0,0,0,0,0,0,0,0,-992000,0,0,0,0,992000,-992000,-992000
059560,T50反1凱基99購08,0,0,0,0,0,0,0,0,0,-995000,0,0,0,0,995000,-995000,-995000
061134,大成鋼統一9C購01,0,0,0,0,0,0,0,0,0,-998000,0,0,0,196000,1194000,-998000,-998000
047564,滬深2X國票99購01,0,0,0,0,0,0,0,0,0,-998000,0,0,0,300000,1298000,-998000,-998000
8046,南電            ,3131000,3837000,-706000,0,0,0,1487000,1960000,-473000,175000,291000,199000,92000,507000,424000,83000,-1004000
062386,京鼎國泰9C購01  ,0,0,0,0,0,0,0,0,0,-1012000,0,0,0,33000,1045000,-1012000,-1012000
05692P,聯發科中信9A售02,0,0,0,0,0,0,0,0,0,-1018000,0,0,0,524000,1542000,-1018000,-1018000
1409,新纖            ,233000,1105000,-872000,0,0,0,0,141000,-141000,-9000,6000,15000,-9000,0,0,0,-1022000
03657C,T50反1元大99牛01,0,0,0,0,0,0,0,0,0,-1040000,0,0,0,162000,1202000,-1040000,-1040000
064164,祥碩統一01購05  ,0,0,0,0,0,0,0,0,0,-1043000,0,0,0,500000,1543000,-1043000,-1043000
2382,廣達            ,5621970,8073487,-2451517,0,0,0,0,27000,-27000,1428000,1546000,34000,1512000,0,84000,-84000,-1050517
058807,和大統一9B購01  ,0,0,0,0,0,0,0,0,0,-1056000,0,0,0,1702000,2758000,-1056000,-1056000
062699,台積電元大01購02,0,0,0,0,0,0,0,0,0,-1082000,0,0,0,213000,1295000,-1082000,-1082000
056417,欣興中信98購01  ,0,0,0,0,0,0,0,0,0,-1086000,0,0,0,294000,1380000,-1086000,-1086000
00715L,街口布蘭特油正2 ,1000,1085000,-1084000,0,0,0,0,0,0,-20000,0,0,0,10000,30000,-20000,-1104000
053118,大立光中信9C購01,0,0,0,0,0,0,0,0,0,-1123000,0,0,0,15000,1138000,-1123000,-1123000
059395,T50反1元富99購03,0,0,0,0,0,0,0,0,0,-1134000,0,0,0,5000,1139000,-1134000,-1134000
064053,祥碩統一02購01  ,0,0,0,0,0,0,0,0,0,-1134000,0,0,0,255000,1389000,-1134000,-1134000
1102,亞泥            ,4004708,5489298,-1484590,0,0,0,529000,25000,504000,-163000,3000,17000,-14000,0,149000,-149000,-1143590
2027,大成鋼          ,1702000,2800000,-1098000,0,0,0,0,0,0,-63000,18000,72000,-54000,380000,389000,-9000,-1161000
064047,義隆統一02購01  ,0,0,0,0,0,0,0,0,0,-1162000,0,0,0,320000,1482000,-1162000,-1162000
058156,超眾統一9A購02  ,0,0,0,0,0,0,0,0,0,-1176000,0,0,0,5000,1181000,-1176000,-1176000
063146,南六統一9B購02  ,0,0,0,0,0,0,0,0,0,-1180000,0,0,0,346000,1526000,-1180000,-1180000
057727,華邦電國泰9A購01,0,0,0,0,0,0,0,0,0,-1183000,0,0,0,0,1183000,-1183000,-1183000
3017,奇鋐            ,1275000,913000,362000,0,0,0,0,1500000,-1500000,-56000,10000,0,10000,4000,70000,-66000,-1194000
3049,和鑫            ,1471000,2679000,-1208000,0,0,0,0,0,0,10000,11000,1000,10000,0,0,0,-1198000
6116,彩晶            ,2069000,3029000,-960000,0,0,0,0,0,0,-244000,60000,37000,23000,179000,446000,-267000,-1204000
062026,華邦電群益9B購01,0,0,0,0,0,0,0,0,0,-1209000,0,0,0,20000,1229000,-1209000,-1209000
064055,台郡統一02購01  ,0,0,0,0,0,0,0,0,0,-1233000,0,0,0,50000,1283000,-1233000,-1233000
064165,同欣電統一01購01,0,0,0,0,0,0,0,0,0,-1257000,0,0,0,229000,1486000,-1257000,-1257000
060682,牧德元大9A購03  ,0,0,0,0,0,0,0,0,0,-1310000,0,0,0,40000,1350000,-1310000,-1310000
064161,世芯統一01購02  ,0,0,0,0,0,0,0,0,0,-1315000,0,0,0,479000,1794000,-1315000,-1315000
00642U,元大S&P石油     ,73000,7000,66000,0,0,0,0,0,0,-1382000,0,0,0,110000,1492000,-1382000,-1316000
053297,鎧勝中信98購01  ,0,0,0,0,0,0,0,0,0,-1345000,0,0,0,151000,1496000,-1345000,-1345000
062809,同欣電統一9C購01,0,0,0,0,0,0,0,0,0,-1347000,0,0,0,81000,1428000,-1347000,-1347000
063824,S&P反1國票9C購01,0,0,0,0,0,0,0,0,0,-1418000,0,0,0,634000,2052000,-1418000,-1418000
00647L,元大S&P500正2   ,77000,72000,5000,0,0,0,0,0,0,-1441000,0,0,0,448000,1889000,-1441000,-1436000
2327,國巨            ,1878511,2796813,-918302,0,0,0,0,449000,-449000,-87000,191000,212000,-21000,192000,258000,-66000,-1454302
3035,智原            ,695000,2009000,-1314000,0,0,0,0,150000,-150000,-11000,24000,23000,1000,4000,16000,-12000,-1475000
064172,義隆元富9C購01  ,0,0,0,0,0,0,0,0,0,-1532000,0,0,0,111000,1643000,-1532000,-1532000
2883,開發金          ,9419000,10321469,-902469,0,0,0,0,74000,-74000,-603000,16000,485000,-469000,100000,234000,-134000,-1579469
00686R,群益臺灣加權反1 ,0,0,0,0,0,0,0,0,0,-1589000,0,0,0,411000,2000000,-1589000,-1589000
2357,華碩            ,851736,2751455,-1899719,0,0,0,250000,3000,247000,-35000,15000,30000,-15000,0,20000,-20000,-1687719
06662P,玉晶光中信9A售01,0,0,0,0,0,0,0,0,0,-1702000,0,0,0,980000,2682000,-1702000,-1702000
064423,義隆兆豐9C購02  ,0,0,0,0,0,0,0,0,0,-1714000,0,0,0,97000,1811000,-1714000,-1714000
2880,華南金          ,3637000,5353029,-1716029,0,0,0,0,51000,-51000,44000,65000,20000,45000,0,1000,-1000,-1723029
051369,新光金富邦9A購01,0,0,0,0,0,0,0,0,0,-1737000,0,0,0,0,1737000,-1737000,-1737000
053117,大立光中信9A購02,0,0,0,0,0,0,0,0,0,-1742000,0,0,0,188000,1930000,-1742000,-1742000
00670L,富邦NASDAQ正2   ,124000,1241000,-1117000,0,0,0,0,0,0,-638000,1124000,0,1124000,469000,2231000,-1762000,-1755000
3702,大聯大          ,742000,2584562,-1842562,0,0,0,0,1000,-1000,14000,298000,0,298000,0,284000,-284000,-1829562
1326,台化            ,2356000,4163426,-1807426,0,0,0,0,20000,-20000,-50000,14000,8000,6000,0,56000,-56000,-1877426
053851,鴻海國泰98購03  ,0,0,0,0,0,0,0,0,0,-1969000,0,0,0,0,1969000,-1969000,-1969000
9904,寶成            ,2765428,4806000,-2040572,0,0,0,0,14000,-14000,78000,109000,15000,94000,23000,39000,-16000,-1976572
3706,神達            ,728000,1684000,-956000,0,0,0,0,1000000,-1000000,-73000,26000,25000,1000,88000,162000,-74000,-2029000
2881,富邦金          ,3495904,5509000,-2013096,0,0,0,0,41000,-41000,-76000,62000,4000,58000,52000,186000,-134000,-2130096
062807,和碩統一9B購01  ,0,0,0,0,0,0,0,0,0,-2153000,0,0,0,459000,2612000,-2153000,-2153000
056638,臺股指日盛98購01,0,0,0,0,0,0,0,0,0,-2197000,0,0,0,16000,2213000,-2197000,-2197000
2882,國泰金          ,6303000,8751251,-2448251,0,0,0,0,48000,-48000,182000,90000,15000,75000,193000,86000,107000,-2314251
1301,台塑            ,2098000,4680328,-2582328,0,0,0,320000,70000,250000,-3000,21000,29000,-8000,15000,10000,5000,-2335328
058209,臺股指凱基01購01,0,0,0,0,0,0,0,0,0,-2408000,0,0,0,391000,2799000,-2408000,-2408000
2408,南亞科          ,2410000,5108226,-2698226,0,0,0,428000,251000,177000,98000,490000,351000,139000,80000,121000,-41000,-2423226
1605,華新            ,1945000,4509185,-2564185,0,0,0,0,2000,-2000,114000,92000,6000,86000,599000,571000,28000,-2452185
063140,聯發科統一9B購08,0,0,0,0,0,0,0,0,0,-2478000,0,0,0,40000,2518000,-2478000,-2478000
064151,義隆統一01購01  ,0,0,0,0,0,0,0,0,0,-2568000,0,0,0,26000,2594000,-2568000,-2568000
3673,TPK-KY          ,695000,2942000,-2247000,0,0,0,0,2000,-2000,-539000,67000,22000,45000,56000,640000,-584000,-2788000
058380,臺股指凱基99購15,0,0,0,0,0,0,0,0,0,-2886000,0,0,0,125000,3011000,-2886000,-2886000
2347,聯強            ,1674000,4533134,-2859134,0,0,0,393000,0,393000,-661000,33000,553000,-520000,0,141000,-141000,-3127134
00712,FH富時不動產    ,396000,974000,-578000,0,0,0,0,0,0,-2576000,0,0,0,224000,2800000,-2576000,-3154000
2801,彰銀            ,2717000,5900996,-3183996,0,0,0,0,36000,-36000,20000,20000,10000,10000,10000,0,10000,-3199996
2542,興富發          ,1874000,4934000,-3060000,0,0,0,0,0,0,-212000,64000,281000,-217000,5000,0,5000,-3272000
2474,可成            ,663000,3701957,-3038957,0,0,0,0,203000,-203000,-45000,29000,12000,17000,17000,79000,-62000,-3286957
2312,金寶            ,646000,4179000,-3533000,0,0,0,0,0,0,-49000,26000,5000,21000,8000,78000,-70000,-3582000
064152,義隆統一02購02  ,0,0,0,0,0,0,0,0,0,-3930000,0,0,0,68000,3998000,-3930000,-3930000
2104,國際中橡        ,608000,4637000,-4029000,0,0,0,0,0,0,-10000,4000,0,4000,9000,23000,-14000,-4039000
2498,宏達電          ,522000,4526000,-4004000,0,0,0,0,0,0,-186000,50000,33000,17000,112000,315000,-203000,-4190000
2892,第一金          ,7920000,12193855,-4273855,0,0,0,0,54000,-54000,75000,80000,5000,75000,0,0,0,-4252855
3037,欣興            ,6730000,12721000,-5991000,0,0,0,1529000,355000,1174000,200000,1456000,840000,616000,277000,693000,-416000,-4617000
2337,旺宏            ,2539000,5473000,-2934000,0,0,0,0,1305000,-1305000,-571000,174000,344000,-170000,85000,486000,-401000,-4810000
2834,臺企銀          ,3017000,8405036,-5388036,0,0,0,0,26000,-26000,-10000,31000,46000,-15000,15000,10000,5000,-5424036
2885,元大金          ,10884685,17837027,-6952342,0,0,0,0,380000,-380000,946000,1229000,113000,1116000,0,170000,-170000,-6386342
2887,台新金          ,5064000,12051873,-6987873,0,0,0,0,53000,-53000,32000,18000,0,18000,15000,1000,14000,-7008873
3189,景碩            ,2644000,11644000,-9000000,0,0,0,1305000,187000,1118000,154000,591000,345000,246000,114000,206000,-92000,-7728000
2367,燿華            ,7093000,15714000,-8621000,0,0,0,0,0,0,317000,150000,80000,70000,1829000,1582000,247000,-8304000
2368,金像電          ,2867000,6829000,-3962000,0,0,0,0,5746000,-5746000,350000,652000,355000,297000,168000,115000,53000,-9358000
00653L,富邦印度正2     ,134000,4565000,-4431000,0,0,0,0,0,0,-6600000,0,0,0,6079000,12679000,-6600000,-11031000
2891,中信金          ,17784229,28510105,-10725876,0,0,0,0,360738,-360738,17000,35000,2000,33000,15000,31000,-16000,-11069614
2344,華邦電          ,9673835,23223530,-13549695,0,0,0,0,4000,-4000,2180000,1702000,90000,1612000,699000,131000,568000,-11373695
2884,玉山金          ,16565897,33717599,-17151702,0,0,0,0,59000,-59000,-19000,4000,7000,-3000,43000,59000,-16000,-17229702
2890,永豐金          ,5861873,19715535,-13853662,0,0,0,0,5057000,-5057000,-1585000,9000,1593000,-1584000,0,1000,-1000,-20495662
00632R,元大台灣50反1   ,32511000,12791000,19720000,0,0,0,0,0,0,-40653000,2823000,2620000,203000,32688000,73544000,-40856000,-20933000
00852L,國泰美國道瓊正2 ,249000,921000,-672000,0,0,0,0,0,0,-31863000,639000,0,639000,3572000,36074000,-32502000,-32535000
