證券代號,證券名稱,外陸資買進股數(不含外資自營商),外陸資賣出股數(不含外資自營商),外陸資買賣超股數(不含外資自營商),外資自營商買進股數,外資自營商賣出股數,外資自營商買賣超股數,投信買進股數,投信賣出股數,投信買賣超股數,自營商買賣超股數,自營商買進股數(自行買賣),自營商賣出股數(自行買賣),自營商買賣超股數(自行買賣),自營商買進股數(避險),自營商賣出股數(避險),自營商買賣超股數(避險),三大法人買賣超股數
00673R,元大S&P原油反1  ,22409000,0,22409000,0,0,0,0,0,0,45483000,2398000,0,2398000,43188000,103000,43085000,67892000
3481,群創            ,63277600,48707000,14570600,0,0,0,16063000,0,16063000,4044000,15071000,3324000,11747000,3248000,10951000,-7703000,34677600
2448,晶電            ,18661000,1639000,17022000,0,0,0,90000,400000,-310000,472000,517000,51000,466000,6000,0,6000,17184000
00637L,元大滬深300正2  ,7696000,79000,7617000,0,0,0,60000,0,60000,6008000,500000,0,500000,21853000,16345000,5508000,13685000
2312,金寶            ,8295000,846000,7449000,0,0,0,0,0,0,2426000,913000,12000,901000,1544000,19000,1525000,9875000
2330,台積電          ,18655552,8579000,10076552,0,0,0,170000,110000,60000,-682000,358000,512000,-154000,146000,674000,-528000,9454552
2313,華通            ,10589451,7070000,3519451,0,0,0,2887000,1550000,1337000,2477000,2828000,832000,1996000,770000,289000,481000,7333451
00861,元大全球未來通訊,424000,0,424000,0,0,0,0,0,0,6424000,0,0,0,6548000,124000,6424000,6848000
2368,金像電          ,9003000,3922000,5081000,0,0,0,0,0,0,849000,1590000,741000,849000,0,0,0,5930000
2344,華邦電          ,9669500,5105000,4564500,0,0,0,0,0,0,76000,221000,219000,2000,368000,294000,74000,4640500
2308,台達電          ,8396206,4273190,4123016,0,0,0,110000,0,110000,192000,115000,85000,30000,188000,26000,162000,4425016
1101,台泥            ,4955300,1236782,3718518,0,0,0,516000,173368,342632,133000,102000,65000,37000,178000,82000,96000,4194150
3231,緯創            ,5474600,2218000,3256600,0,0,0,304000,0,304000,594000,35000,0,35000,570000,11000,559000,4154600
3034,聯詠            ,5695200,1991000,3704200,0,0,0,100000,84000,16000,-74000,159000,120000,39000,67000,180000,-113000,3646200
2890,永豐金          ,6391900,4105280,2286620,0,0,0,1129000,0,1129000,15000,7000,2000,5000,10000,0,10000,3430620
2892,第一金          ,5913100,3044575,2868525,0,0,0,1238000,797000,441000,43000,11000,0,11000,32000,0,32000,3352525
2886,兆豐金          ,6748900,4805000,1943900,0,0,0,1203000,0,1203000,145000,83000,3000,80000,65000,0,65000,3291900
2884,玉山金          ,5156076,3295846,1860230,0,0,0,1201000,216804,984196,213000,260000,81000,179000,50000,16000,34000,3057426
6213,聯茂            ,2737000,1717000,1020000,0,0,0,1253000,0,1253000,650000,337000,100000,237000,483000,70000,413000,2923000
2316,楠梓電          ,2524000,182000,2342000,0,0,0,0,0,0,575000,1000,1000,0,580000,5000,575000,2917000
3006,晶豪科          ,2541000,382000,2159000,0,0,0,10000,0,10000,626000,196000,37000,159000,516000,49000,467000,2795000
3035,智原            ,2017000,763000,1254000,0,0,0,771000,0,771000,642000,339000,2000,337000,336000,31000,305000,2667000
00633L,富邦上証正2     ,356000,642000,-286000,0,0,0,0,0,0,2853000,70000,100000,-30000,4452000,1569000,2883000,2567000
8150,南茂            ,2569000,646000,1923000,0,0,0,0,0,0,583000,8000,1000,7000,609000,33000,576000,2506000
5305,敦南            ,2648000,121000,2527000,0,0,0,0,0,0,-55000,0,1000,-1000,4000,58000,-54000,2472000
2332,友訊            ,1936000,471000,1465000,0,0,0,0,0,0,889000,526000,2000,524000,365000,0,365000,2354000
053032,國巨兆豐97購02  ,0,0,0,0,0,0,0,0,0,2315000,0,0,0,2678000,363000,2315000,2315000
051431,群創元富99購02  ,0,0,0,0,0,0,0,0,0,2280000,0,0,0,2462000,182000,2280000,2280000
052655,群創統一97購01  ,0,0,0,0,0,0,0,0,0,2228000,0,0,0,3696000,1468000,2228000,2228000
04446P,元油2X凱基94售03,0,0,0,0,0,0,0,0,0,2120000,0,0,0,2121000,1000,2120000,2120000
2449,京元電子        ,4940000,3110000,1830000,0,0,0,0,0,0,137000,22000,6000,16000,317000,196000,121000,1967000
3711,日月光投控      ,6871180,5326000,1545180,0,0,0,39000,0,39000,370000,57000,150000,-93000,514000,51000,463000,1954180
052150,台積電富邦95購07,49000,0,49000,0,0,0,0,0,0,1870000,0,0,0,2496000,626000,1870000,1919000
051133,台積電永豐95購02,0,0,0,0,0,0,0,0,0,1915000,0,0,0,2481000,566000,1915000,1915000
2324,仁寶            ,3231300,2026000,1205300,0,0,0,496000,0,496000,156000,20000,2000,18000,138000,0,138000,1857300
6251,定穎            ,1845000,368000,1477000,0,0,0,0,0,0,364000,364000,0,364000,0,0,0,1841000
00655L,國泰中國A50正2  ,0,0,0,0,0,0,0,0,0,1822100,0,0,0,2899100,1077000,1822100,1822100
03720P,元油2X富邦95售01,0,0,0,0,0,0,0,0,0,1794000,0,0,0,1794000,0,1794000,1794000
047206,元金2X國泰94購01,0,0,0,0,0,0,0,0,0,1744000,0,0,0,2273000,529000,1744000,1744000
04787P,台積電永昌96售04,0,0,0,0,0,0,0,0,0,1737000,0,0,0,1833000,96000,1737000,1737000
2880,華南金          ,3052400,2304464,747936,0,0,0,973000,0,973000,9000,10000,1000,9000,0,0,0,1729936
047824,臺股指凱基93購18,0,0,0,0,0,0,0,0,0,1703000,0,0,0,1850000,147000,1703000,1703000
049904,矽力元富94購01  ,0,0,0,0,0,0,0,0,0,1692000,0,0,0,1769000,77000,1692000,1692000
047418,智邦富邦97購01  ,0,0,0,0,0,0,0,0,0,1675000,0,0,0,1923000,248000,1675000,1675000
6669,緯穎            ,1888200,495000,1393200,0,0,0,132000,0,132000,87000,64000,82000,-18000,146000,41000,105000,1612200
2393,億光            ,1520000,475000,1045000,0,0,0,0,0,0,528000,16000,0,16000,532000,20000,512000,1573000
042255,群創國票92購01  ,0,499000,-499000,0,0,0,0,0,0,2037000,0,0,0,2603000,566000,2037000,1538000
054980,國巨元富97購01  ,0,0,0,0,0,0,0,0,0,1527000,0,0,0,2410000,883000,1527000,1527000
2360,致茂            ,1604324,499000,1105324,0,0,0,244000,1000,243000,167000,178000,67000,111000,56000,0,56000,1515324
6451,訊芯-KY         ,1013000,542000,471000,0,0,0,637000,0,637000,372000,14000,35000,-21000,415000,22000,393000,1480000
5880,合庫金          ,2900200,2473744,426456,0,0,0,993000,0,993000,51000,51000,0,51000,0,0,0,1470456
05164P,南亞科元富95售04,0,0,0,0,0,0,0,0,0,1451000,0,0,0,1666000,215000,1451000,1451000
2633,台灣高鐵        ,1816700,498000,1318700,0,0,0,0,103000,-103000,204000,274000,103000,171000,64000,31000,33000,1419700
040721,大立光富邦92購01,0,0,0,0,0,0,0,0,0,1410000,0,0,0,1410000,0,1410000,1410000
2352,佳世達          ,657000,644000,13000,0,0,0,1303000,0,1303000,89000,95000,6000,89000,0,0,0,1405000
053564,台積電富邦99購01,0,0,0,0,0,0,0,0,0,1399000,0,0,0,2475000,1076000,1399000,1399000
041409,創意中信93購01  ,0,0,0,0,0,0,0,0,0,1396000,0,0,0,1803000,407000,1396000,1396000
05564P,玉晶光元大97售02,0,0,0,0,0,0,0,0,0,1379000,0,0,0,1540000,161000,1379000,1379000
2618,長榮航          ,3095463,1891841,1203622,0,0,0,310000,0,310000,-155000,72000,227000,-155000,0,0,0,1358622
1909,榮成            ,1897000,635164,1261836,0,0,0,0,0,0,40000,53000,13000,40000,0,0,0,1301836
3443,創意            ,1050000,157000,893000,0,0,0,50000,2000,48000,359000,126000,40000,86000,279000,6000,273000,1300000
8112,至上            ,1783000,584000,1199000,0,0,0,38000,0,38000,17000,17000,0,17000,0,0,0,1254000
041546,群創統一93購01  ,0,0,0,0,0,0,0,0,0,1222000,0,0,0,1670000,448000,1222000,1222000
051143,鴻海凱基95購11  ,0,0,0,0,0,0,0,0,0,1219000,0,0,0,1349000,130000,1219000,1219000
6239,力成            ,2641600,2988000,-346400,0,0,0,1066000,0,1066000,487000,222000,5000,217000,296000,26000,270000,1206600
044201,群創國票95購01  ,0,0,0,0,0,0,0,0,0,1149000,0,0,0,1636000,487000,1149000,1149000
042298,群創元大92購01  ,0,0,0,0,0,0,0,0,0,1121000,0,0,0,1297000,176000,1121000,1121000
2377,微星            ,1304500,305000,999500,0,0,0,18000,0,18000,97000,6000,1000,5000,107000,15000,92000,1114500
2049,上銀            ,1415700,658030,757670,0,0,0,174000,200000,-26000,365000,39000,48000,-9000,405000,31000,374000,1096670
051280,台積電兆豐95購04,0,0,0,0,0,0,0,0,0,1084000,0,0,0,2507000,1423000,1084000,1084000
053377,台積電元大98購01,0,0,0,0,0,0,0,0,0,1077000,0,0,0,1890000,813000,1077000,1077000
050759,貿聯元富94購02  ,0,0,0,0,0,0,0,0,0,1069000,0,0,0,1494000,425000,1069000,1069000
052000,鈺齊元大95購03  ,0,0,0,0,0,0,0,0,0,1059000,0,0,0,1191000,132000,1059000,1059000
051473,台積電凱基95購10,0,0,0,0,0,0,0,0,0,1050000,0,0,0,1081000,31000,1050000,1050000
2382,廣達            ,2447500,1692000,755500,0,0,0,296000,0,296000,-4000,27000,88000,-61000,57000,0,57000,1047500
05450P,臺股指元大95售27,0,0,0,0,0,0,0,0,0,1035000,0,0,0,1061000,26000,1035000,1035000
053860,台積電元大98購03,0,0,0,0,0,0,0,0,0,1020000,0,0,0,1569000,549000,1020000,1020000
2603,長榮            ,1669054,1362167,306887,0,0,0,720000,23000,697000,16000,228000,217000,11000,5000,0,5000,1019887
03250P,日月光元富07售02,0,0,0,0,0,0,0,0,0,1019000,0,0,0,1149000,130000,1019000,1019000
05980P,台積電永昌96售09,0,0,0,0,0,0,0,0,0,1009000,0,0,0,2342000,1333000,1009000,1009000
03388P,元油2X元富98售02,0,0,0,0,0,0,0,0,0,1008000,0,0,0,1010000,2000,1008000,1008000
03544P,鴻海群益02售07  ,0,0,0,0,0,0,0,0,0,998000,0,0,0,998000,0,998000,998000
054036,T50反1元大96購08,0,0,0,0,0,0,0,0,0,996000,0,0,0,1006000,10000,996000,996000
2379,瑞昱            ,2222700,1501720,720980,0,0,0,50000,0,50000,217000,48000,28000,20000,256000,59000,197000,987980
05449P,臺股指元大95售26,0,0,0,0,0,0,0,0,0,974000,0,0,0,994000,20000,974000,974000
053563,台積電富邦97購01,0,0,0,0,0,0,0,0,0,964000,0,0,0,989000,25000,964000,964000
1513,中興電          ,871000,146000,725000,0,0,0,170000,0,170000,60000,62000,2000,60000,0,0,0,955000
3406,玉晶光          ,1375000,971476,403524,0,0,0,247000,0,247000,300000,300000,89000,211000,126000,37000,89000,950524
2371,大同            ,1366300,441000,925300,0,0,0,0,0,0,23000,24000,1000,23000,0,0,0,948300
3545,敦泰            ,1618000,633000,985000,0,0,0,0,0,0,-39000,0,39000,-39000,0,0,0,946000
04018P,亞光永豐93售01  ,0,0,0,0,0,0,0,0,0,941000,0,0,0,941000,0,941000,941000
03304P,欣興元富02售02  ,0,0,0,0,0,0,0,0,0,910000,0,0,0,910000,0,910000,910000
044290,群創凱基93購05  ,0,0,0,0,0,0,0,0,0,901000,0,0,0,1868000,967000,901000,901000
050098,嘉聯益國泰95購02,0,0,0,0,0,0,0,0,0,900000,0,0,0,1006000,106000,900000,900000
049798,台積電元大94購18,0,0,0,0,0,0,0,0,0,896000,0,0,0,1482000,586000,896000,896000
052225,台積電凱基96購03,0,0,0,0,0,0,0,0,0,886000,0,0,0,1077000,191000,886000,886000
053482,矽力元大96購03  ,0,0,0,0,0,0,0,0,0,882000,0,0,0,1138000,256000,882000,882000
050115,群創元大96購01  ,0,0,0,0,0,0,0,0,0,881000,0,0,0,1631000,750000,881000,881000
00636,國泰中國A50     ,541000,43000,498000,0,0,0,0,0,0,364001,10000,30000,-20000,522001,138000,384001,862001
050755,和大元富94購01  ,0,0,0,0,0,0,0,0,0,861000,0,0,0,1304000,443000,861000,861000
053763,T50反1富邦98購01,0,0,0,0,0,0,0,0,0,860000,0,0,0,860000,0,860000,860000
049125,禾伸堂元富94購01,0,0,0,0,0,0,0,0,0,860000,0,0,0,1939000,1079000,860000,860000
00643,群益深証中小    ,1033000,0,1033000,0,0,0,0,0,0,-175000,0,0,0,106000,281000,-175000,858000
044693,滬深2X元大94購01,0,0,0,0,0,0,0,0,0,856000,0,0,0,1096000,240000,856000,856000
2801,彰銀            ,2159475,1377006,782469,0,0,0,649000,591000,58000,9000,11000,8000,3000,6000,0,6000,849469
055002,群創元富99購04  ,0,0,0,0,0,0,0,0,0,844000,0,0,0,1156000,312000,844000,844000
05229P,台積電群益95售05,0,0,0,0,0,0,0,0,0,842000,0,0,0,1235000,393000,842000,842000
03111P,元油2X富邦97售01,0,0,0,0,0,0,0,0,0,829000,0,0,0,830000,1000,829000,829000
1102,亞泥            ,3501500,2562000,939500,0,0,0,9000,0,9000,-130000,89000,210000,-121000,70000,79000,-9000,818500
054725,國巨日盛97購01  ,0,0,0,0,0,0,0,0,0,815000,0,0,0,829000,14000,815000,815000
04467P,元油2X元大94售03,0,0,0,0,0,0,0,0,0,807000,0,0,0,807000,0,807000,807000
6257,矽格            ,1578000,300302,1277698,0,0,0,0,506000,-506000,32000,39000,94000,-55000,245000,158000,87000,803698
053567,群創富邦97購01  ,0,0,0,0,0,0,0,0,0,795000,0,0,0,913000,118000,795000,795000
053255,貿聯國泰97購01  ,0,0,0,0,0,0,0,0,0,784000,0,0,0,875000,91000,784000,784000
05260P,和碩元富95售02  ,0,0,0,0,0,0,0,0,0,778000,0,0,0,891000,113000,778000,778000
050686,欣興兆豐96購01  ,0,0,0,0,0,0,0,0,0,768000,0,0,0,798000,30000,768000,768000
2367,燿華            ,2192000,1456000,736000,0,0,0,0,0,0,31000,2000,0,2000,148000,119000,29000,767000
00639,富邦深100       ,800000,0,800000,0,0,0,0,0,0,-50000,20000,20000,0,910000,960000,-50000,750000
5607,遠雄港          ,776000,26000,750000,0,0,0,0,0,0,-4000,0,4000,-4000,0,0,0,746000
045580,冠德元大92購02  ,0,0,0,0,0,0,0,0,0,739000,0,0,0,762000,23000,739000,739000
045853,緯穎永豐92購02  ,0,0,0,0,0,0,0,0,0,734000,0,0,0,972000,238000,734000,734000
053614,台積電群益96購08,0,0,0,0,0,0,0,0,0,730000,0,0,0,2431000,1701000,730000,730000
054377,臺股指中信99購09,0,0,0,0,0,0,0,0,0,730000,0,0,0,785000,55000,730000,730000
6715,嘉基            ,726000,0,726000,0,0,0,0,0,0,0,0,0,0,0,0,0,726000
6282,康舒            ,774000,61000,713000,0,0,0,0,0,0,10000,7000,2000,5000,10000,5000,5000,723000
00634R,富邦上証反1     ,640000,0,640000,0,0,0,0,0,0,82000,0,0,0,199000,117000,82000,722000
040760,T50反1凱基95購01,0,0,0,0,0,0,0,0,0,719000,0,0,0,3137000,2418000,719000,719000
052115,T50反1國票95購03,0,0,0,0,0,0,0,0,0,719000,0,0,0,1149000,430000,719000,719000
048744,儒鴻元富97購01  ,0,0,0,0,0,0,0,0,0,718000,0,0,0,733000,15000,718000,718000
045854,貿聯富邦93購01  ,0,0,0,0,0,0,0,0,0,711000,0,0,0,875000,164000,711000,711000
052919,鈺齊富邦98購01  ,0,0,0,0,0,0,0,0,0,704000,0,0,0,777000,73000,704000,704000
046480,群創元富96購01  ,0,0,0,0,0,0,0,0,0,698000,0,0,0,785000,87000,698000,698000
048940,晶相光永豐94購01,0,0,0,0,0,0,0,0,0,692000,0,0,0,883000,191000,692000,692000
048590,貿聯兆豐94購02  ,0,0,0,0,0,0,0,0,0,690000,0,0,0,850000,160000,690000,690000
5876,上海商銀        ,1502500,890336,612164,0,0,0,0,0,0,77000,5000,0,5000,133000,61000,72000,689164
045855,緯穎富邦93購01  ,0,0,0,0,0,0,0,0,0,685000,0,0,0,745000,60000,685000,685000
052465,聯詠統一95購02  ,0,0,0,0,0,0,0,0,0,683000,0,0,0,763000,80000,683000,683000
03298P,台積電統一03售15,0,0,0,0,0,0,0,0,0,671000,0,0,0,671000,0,671000,671000
2323,中環            ,1618000,1050000,568000,0,0,0,0,0,0,103000,95000,17000,78000,198000,173000,25000,671000
2461,光群雷          ,698000,32000,666000,0,0,0,0,0,0,-5000,0,5000,-5000,0,0,0,661000
05221P,玉晶光元大95售04,0,0,0,0,0,0,0,0,0,659000,0,0,0,731000,72000,659000,659000
03892P,元油2X中信95售01,0,0,0,0,0,0,0,0,0,655000,0,0,0,655000,0,655000,655000
053013,台積電統一97購01,0,0,0,0,0,0,0,0,0,654000,0,0,0,754000,100000,654000,654000
051077,台郡國泰96購02  ,0,0,0,0,0,0,0,0,0,650000,0,0,0,662000,12000,650000,650000
054197,台積電永昌96購07,0,0,0,0,0,0,0,0,0,649000,0,0,0,2525000,1876000,649000,649000
2498,宏達電          ,954000,361000,593000,0,0,0,0,0,0,56000,14000,3000,11000,107000,62000,45000,649000
00737,國泰AI+Robo     ,560000,0,560000,0,0,0,0,0,0,87000,0,0,0,335000,248000,87000,647000
2201,裕隆            ,1210000,616000,594000,0,0,0,0,0,0,51000,0,0,0,68000,17000,51000,645000
006205,富邦上証        ,0,0,0,0,0,0,0,0,0,639356,30000,0,30000,1678356,1069000,609356,639356
044964,旺宏中信94購01  ,0,0,0,0,0,0,0,0,0,639000,0,0,0,958000,319000,639000,639000
048243,儒鴻兆豐94購01  ,0,0,0,0,0,0,0,0,0,627000,0,0,0,692000,65000,627000,627000
1590,亞德客-KY       ,1077000,499000,578000,0,0,0,113000,0,113000,-64000,0,85000,-85000,38000,17000,21000,627000
3041,揚智            ,893000,271000,622000,0,0,0,0,0,0,0,0,0,0,0,0,0,622000
046864,和大統一97購01  ,0,0,0,0,0,0,0,0,0,619000,0,0,0,1263000,644000,619000,619000
050100,台積電永昌96購02,0,0,0,0,0,0,0,0,0,618000,0,0,0,1064000,446000,618000,618000
052092,貿聯元大96購02  ,0,0,0,0,0,0,0,0,0,608000,0,0,0,1301000,693000,608000,608000
051068,台積電國票97購01,0,0,0,0,0,0,0,0,0,604000,0,0,0,618000,14000,604000,604000
044768,深中小元大94購02,0,0,0,0,0,0,0,0,0,600000,0,0,0,600000,0,600000,600000
050979,鴻海元富96購02  ,0,0,0,0,0,0,0,0,0,599000,0,0,0,700000,101000,599000,599000
08469P,富邦金凱基9C售01,0,0,0,0,0,0,0,0,0,599000,0,0,0,599000,0,599000,599000
052627,中壽中信98購01  ,0,0,0,0,0,0,0,0,0,598000,0,0,0,680000,82000,598000,598000
052061,樺漢國票96購01  ,0,0,0,0,0,0,0,0,0,598000,0,0,0,599000,1000,598000,598000
053359,矽力統一96購02  ,0,0,0,0,0,0,0,0,0,595000,0,0,0,615000,20000,595000,595000
046745,國喬凱基93購01  ,0,0,0,0,0,0,0,0,0,595000,0,0,0,644000,49000,595000,595000
051114,鈺齊中信95購01  ,0,0,0,0,0,0,0,0,0,592000,0,0,0,868000,276000,592000,592000
053102,祥碩元富96購01  ,0,0,0,0,0,0,0,0,0,590000,0,0,0,680000,90000,590000,590000
051780,矽力群益95購01  ,0,0,0,0,0,0,0,0,0,588000,0,0,0,749000,161000,588000,588000
052669,群創群益98購06  ,0,0,0,0,0,0,0,0,0,587000,0,0,0,984000,397000,587000,587000
5519,隆大            ,832000,245000,587000,0,0,0,0,0,0,0,0,0,0,0,0,0,587000
052918,智易富邦97購02  ,0,0,0,0,0,0,0,0,0,586000,0,0,0,586000,0,586000,586000
051747,貿聯國泰96購01  ,0,0,0,0,0,0,0,0,0,586000,0,0,0,827000,241000,586000,586000
051001,緯穎元大96購02  ,0,0,0,0,0,0,0,0,0,585000,0,0,0,651000,66000,585000,585000
044013,友達凱基93購01  ,0,0,0,0,0,0,0,0,0,582000,0,0,0,657000,75000,582000,582000
048211,大立光日盛93購01,0,0,0,0,0,0,0,0,0,582000,0,0,0,582000,0,582000,582000
06092P,嘉聯益統一97售01,0,0,0,0,0,0,0,0,0,581000,0,0,0,701000,120000,581000,581000
051084,華通元大95購06  ,0,0,0,0,0,0,0,0,0,579000,0,0,0,829000,250000,579000,579000
052670,茂林群益96購02  ,0,0,0,0,0,0,0,0,0,576000,0,0,0,650000,74000,576000,576000
052618,群創國泰98購01  ,0,0,0,0,0,0,0,0,0,576000,0,0,0,589000,13000,576000,576000
053439,台積電凱基96購11,0,0,0,0,0,0,0,0,0,575000,0,0,0,622000,47000,575000,575000
03644C,臺股指元大94牛28,0,0,0,0,0,0,0,0,0,570000,0,0,0,576000,6000,570000,570000
03734P,新日興元大93售01,0,0,0,0,0,0,0,0,0,567000,0,0,0,567000,0,567000,567000
00692,富邦公司治理    ,0,0,0,0,0,0,0,0,0,560000,0,0,0,1897000,1337000,560000,560000
05785P,臺股指元大96售19,0,0,0,0,0,0,0,0,0,556000,0,0,0,668000,112000,556000,556000
044751,鴻海凱基93購08  ,0,0,0,0,0,0,0,0,0,554000,0,0,0,1548000,994000,554000,554000
054125,元油反元大96購09,0,0,0,0,0,0,0,0,0,553000,0,0,0,583000,30000,553000,553000
2359,所羅門          ,570000,18000,552000,0,0,0,0,0,0,0,0,0,0,0,0,0,552000
051494,中環兆豐95購01  ,0,0,0,0,0,0,0,0,0,550000,0,0,0,623000,73000,550000,550000
052316,台積電元大96購10,0,0,0,0,0,0,0,0,0,550000,0,0,0,1012000,462000,550000,550000
2474,可成            ,1232163,658500,573663,0,0,0,0,0,0,-24000,7000,13000,-6000,7000,25000,-18000,549663
053816,聯發科群益96購02,0,0,0,0,0,0,0,0,0,548000,0,0,0,548000,0,548000,548000
053856,台積電富邦98購01,0,0,0,0,0,0,0,0,0,547000,0,0,0,689000,142000,547000,547000
053917,友達國票97購03  ,0,0,0,0,0,0,0,0,0,546000,0,0,0,1191000,645000,546000,546000
045053,聯發科元富98購01,0,0,0,0,0,0,0,0,0,545000,0,0,0,651000,106000,545000,545000
050220,台積電元富96購01,0,0,0,0,0,0,0,0,0,545000,0,0,0,929000,384000,545000,545000
05066P,康控元大95售03  ,0,0,0,0,0,0,0,0,0,543000,0,0,0,543000,0,543000,543000
054056,華新科國票96購02,0,0,0,0,0,0,0,0,0,542000,0,0,0,543000,1000,542000,542000
049875,台積電永豐94購04,0,0,0,0,0,0,0,0,0,539000,0,0,0,1942000,1403000,539000,539000
048146,大立光統一93購11,0,0,0,0,0,0,0,0,0,538000,0,0,0,548000,10000,538000,538000
047493,旺宏元富96購01  ,0,0,0,0,0,0,0,0,0,533000,0,0,0,752000,219000,533000,533000
052013,台積電永豐95購04,0,0,0,0,0,0,0,0,0,531000,0,0,0,609000,78000,531000,531000
049015,鴻海群益94購03  ,0,0,0,0,0,0,0,0,0,526000,0,0,0,866000,340000,526000,526000
044108,華新科國票91購03,0,0,0,0,0,0,0,0,0,523000,0,0,0,554000,31000,523000,523000
045900,臻鼎元大92購05  ,0,0,0,0,0,0,0,0,0,523000,0,0,0,543000,20000,523000,523000
050724,國巨國票96購01  ,0,0,0,0,0,0,0,0,0,523000,0,0,0,524000,1000,523000,523000
052284,日月光凱基96購01,0,0,0,0,0,0,0,0,0,522000,0,0,0,601000,79000,522000,522000
053132,國巨國票97購02  ,0,0,0,0,0,0,0,0,0,520000,0,0,0,587000,67000,520000,520000
052466,聯詠統一95購03  ,0,0,0,0,0,0,0,0,0,519000,0,0,0,519000,0,519000,519000
046290,儒鴻統一93購01  ,0,0,0,0,0,0,0,0,0,519000,0,0,0,519000,0,519000,519000
04640P,上銀凱基94售05  ,0,0,0,0,0,0,0,0,0,513000,0,0,0,513000,0,513000,513000
051031,康友元富95購02  ,0,0,0,0,0,0,0,0,0,513000,0,0,0,703000,190000,513000,513000
054201,聯詠富邦97購02  ,0,0,0,0,0,0,0,0,0,512000,0,0,0,1194000,682000,512000,512000
046444,矽力日盛92購01  ,0,0,0,0,0,0,0,0,0,510000,0,0,0,510000,0,510000,510000
047483,新光金凱基99購04,0,0,0,0,0,0,0,0,0,510000,0,0,0,510000,0,510000,510000
052211,台積電元大95購22,0,0,0,0,0,0,0,0,0,510000,0,0,0,1057000,547000,510000,510000
05348P,美律元富98售01  ,0,0,0,0,0,0,0,0,0,509000,0,0,0,509000,0,509000,509000
044722,滬深2X永豐93購01,0,0,0,0,0,0,0,0,0,509000,0,0,0,549000,40000,509000,509000
053175,矽力群益96購01  ,0,0,0,0,0,0,0,0,0,506000,0,0,0,666000,160000,506000,506000
048876,牧德國票95購02  ,0,0,0,0,0,0,0,0,0,501000,0,0,0,506000,5000,501000,501000
04874P,高股息中信97售01,0,0,0,0,0,0,0,0,0,500000,0,0,0,500000,0,500000,500000
03340P,瀚宇博國票04售01,0,0,0,0,0,0,0,0,0,499000,0,0,0,499000,0,499000,499000
05721P,全新群益98售02  ,0,0,0,0,0,0,0,0,0,499000,0,0,0,651000,152000,499000,499000
045096,達方元大92購01  ,0,0,0,0,0,0,0,0,0,498000,0,0,0,498000,0,498000,498000
043735,元金2X元大94購01,0,0,0,0,0,0,0,0,0,496000,0,0,0,501000,5000,496000,496000
044876,同欣電統一91購01,0,0,0,0,0,0,0,0,0,495000,0,0,0,598000,103000,495000,495000
047098,大毅國泰94購01  ,0,0,0,0,0,0,0,0,0,495000,0,0,0,507000,12000,495000,495000
05170P,世芯元大95售01  ,0,0,0,0,0,0,0,0,0,495000,0,0,0,584000,89000,495000,495000
047978,元油反群益97購01,0,0,0,0,0,0,0,0,0,491000,0,0,0,491000,0,491000,491000
045059,同欣電國泰93購01,0,0,0,0,0,0,0,0,0,490000,0,0,0,854000,364000,490000,490000
00638R,元大滬深300反1  ,480000,0,480000,0,0,0,0,0,0,9000,0,0,0,217000,208000,9000,489000
053219,祥碩凱基96購01  ,0,0,0,0,0,0,0,0,0,485000,0,0,0,523000,38000,485000,485000
054566,貿聯群益97購02  ,0,0,0,0,0,0,0,0,0,485000,0,0,0,542000,57000,485000,485000
052893,聯電群益98購01  ,0,0,0,0,0,0,0,0,0,484000,0,0,0,511000,27000,484000,484000
03493P,世紀鋼元大02售02,0,0,0,0,0,0,0,0,0,482000,0,0,0,482000,0,482000,482000
04032P,聯茂凱基94售02  ,0,0,0,0,0,0,0,0,0,480000,0,0,0,496000,16000,480000,480000
049260,華新科元大96購01,0,0,0,0,0,0,0,0,0,480000,0,0,0,491000,11000,480000,480000
051258,鈺齊國泰97購01  ,0,0,0,0,0,0,0,0,0,480000,0,0,0,559000,79000,480000,480000
053607,大立光第一96購01,0,0,0,0,0,0,0,0,0,479000,0,0,0,489000,10000,479000,479000
046449,台達電凱基92購02,0,0,0,0,0,0,0,0,0,478000,0,0,0,478000,0,478000,478000
036805,國巨元富93購02  ,0,0,0,0,0,0,0,0,0,469000,0,0,0,876000,407000,469000,469000
05688P,臺股指元大96售13,0,0,0,0,0,0,0,0,0,464000,0,0,0,753000,289000,464000,464000
054007,貿聯統一96購01  ,0,0,0,0,0,0,0,0,0,462000,0,0,0,580000,118000,462000,462000
03481P,欣興群益02售08  ,0,0,0,0,0,0,0,0,0,462000,0,0,0,472000,10000,462000,462000
00739,元大MSCI A股    ,51000,0,51000,0,0,0,0,0,0,410725,0,0,0,488725,78000,410725,461725
045887,台光電元大92購07,0,0,0,0,0,0,0,0,0,458000,0,0,0,556000,98000,458000,458000
052322,力成元大96購01  ,0,0,0,0,0,0,0,0,0,458000,0,0,0,723000,265000,458000,458000
053480,祥碩元大96購02  ,0,0,0,0,0,0,0,0,0,457000,0,0,0,671000,214000,457000,457000
2353,宏碁            ,1138800,724000,414800,0,0,0,0,0,0,39000,11000,0,11000,41000,13000,28000,453800
052678,群創富邦96購01  ,0,0,0,0,0,0,0,0,0,453000,0,0,0,664000,211000,453000,453000
049434,茂林國票95購01  ,0,0,0,0,0,0,0,0,0,453000,0,0,0,453000,0,453000,453000
052837,友達國泰97購01  ,0,0,0,0,0,0,0,0,0,452000,0,0,0,496000,44000,452000,452000
041210,群創元富93購01  ,0,0,0,0,0,0,0,0,0,452000,0,0,0,697000,245000,452000,452000
049363,旺宏元大94購07  ,0,0,0,0,0,0,0,0,0,451000,0,0,0,518000,67000,451000,451000
043780,瑞儀中信92購01  ,0,0,0,0,0,0,0,0,0,450000,0,0,0,450000,0,450000,450000
047802,滬深2X凱基95購03,0,0,0,0,0,0,0,0,0,448000,0,0,0,748000,300000,448000,448000
048147,元油反元富95購01,0,0,0,0,0,0,0,0,0,445000,0,0,0,445000,0,445000,445000
051141,鈺齊永豐95購01  ,0,0,0,0,0,0,0,0,0,445000,0,0,0,493000,48000,445000,445000
054465,亞光凱基97購01  ,0,0,0,0,0,0,0,0,0,444000,0,0,0,511000,67000,444000,444000
054880,華泰統一97購01  ,0,0,0,0,0,0,0,0,0,443000,0,0,0,483000,40000,443000,443000
04805P,創意元富94售01  ,0,0,0,0,0,0,0,0,0,440000,0,0,0,475000,35000,440000,440000
054794,貿聯群益98購01  ,0,0,0,0,0,0,0,0,0,438000,0,0,0,453000,15000,438000,438000
048657,大成鋼統一93購04,0,0,0,0,0,0,0,0,0,437000,0,0,0,443000,6000,437000,437000
03756P,創意永豐93售01  ,0,0,0,0,0,0,0,0,0,432000,0,0,0,432000,0,432000,432000
050708,臺股指凱基96購06,0,0,0,0,0,0,0,0,0,432000,0,0,0,459000,27000,432000,432000
046833,晶技群益93購01  ,0,0,0,0,0,0,0,0,0,430000,0,0,0,503000,73000,430000,430000
00752,中信中國50      ,0,0,0,0,0,0,0,0,0,429000,0,0,0,1571000,1142000,429000,429000
039727,台積電群益91購02,0,0,0,0,0,0,0,0,0,428000,0,0,0,428000,0,428000,428000
044190,聯詠富邦93購01  ,0,0,0,0,0,0,0,0,0,428000,0,0,0,797000,369000,428000,428000
6278,台表科          ,845000,937000,-92000,0,0,0,565000,101000,464000,55000,64000,10000,54000,23000,22000,1000,427000
047576,技嘉群益94購01  ,0,0,0,0,0,0,0,0,0,422000,0,0,0,422000,0,422000,422000
05764P,世紀鋼永豐96售03,0,0,0,0,0,0,0,0,0,421000,0,0,0,509000,88000,421000,421000
048773,貿聯凱基94購01  ,0,0,0,0,0,0,0,0,0,419000,0,0,0,520000,101000,419000,419000
053254,群創國泰98購02  ,0,0,0,0,0,0,0,0,0,417000,0,0,0,751000,334000,417000,417000
053574,奇力新元富99購01,0,0,0,0,0,0,0,0,0,416000,0,0,0,446000,30000,416000,416000
053938,彩晶元富96購01  ,0,0,0,0,0,0,0,0,0,415000,0,0,0,415000,0,415000,415000
047014,元油反元大99購01,0,0,0,0,0,0,0,0,0,413000,0,0,0,413000,0,413000,413000
05122P,鴻海永昌96售06  ,0,0,0,0,0,0,0,0,0,412000,0,0,0,1519000,1107000,412000,412000
054982,國巨元富97購03  ,0,0,0,0,0,0,0,0,0,410000,0,0,0,457000,47000,410000,410000
044493,京元電元大92購02,0,0,0,0,0,0,0,0,0,408000,0,0,0,408000,0,408000,408000
3042,晶技            ,531000,174000,357000,0,0,0,0,0,0,47000,11000,0,11000,62000,26000,36000,404000
053667,鴻海統一96購12  ,0,0,0,0,0,0,0,0,0,400000,0,0,0,400000,0,400000,400000
045467,智易元大93購03  ,0,0,0,0,0,0,0,0,0,400000,0,0,0,400000,0,400000,400000
04258P,健策國票94售01  ,0,0,0,0,0,0,0,0,0,400000,0,0,0,400000,0,400000,400000
053602,台虹元大96購01  ,1000,0,1000,0,0,0,0,0,0,397000,0,0,0,705000,308000,397000,398000
04458P,世紀鋼統一96售01,1000,0,1000,0,0,0,0,0,0,397000,0,0,0,398000,1000,397000,398000
00783,富邦中証500     ,141000,0,141000,0,0,0,0,0,0,255000,0,0,0,1020000,765000,255000,396000
052288,敦南統一95購01  ,0,0,0,0,0,0,0,0,0,396000,0,0,0,432000,36000,396000,396000
052129,鴻海凱基97購02  ,0,0,0,0,0,0,0,0,0,396000,0,0,0,519000,123000,396000,396000
08943P,嘉晶國票03售01  ,0,0,0,0,0,0,0,0,0,396000,0,0,0,396000,0,396000,396000
05515P,台積電群益96售03,0,0,0,0,0,0,0,0,0,395000,0,0,0,1855000,1460000,395000,395000
05583P,訊芯凱基96售01  ,0,0,0,0,0,0,0,0,0,395000,0,0,0,400000,5000,395000,395000
048203,矽力元大93購02  ,0,0,0,0,0,0,0,0,0,392000,0,0,0,460000,68000,392000,392000
052986,聯發科元大97購05,0,0,0,0,0,0,0,0,0,391000,0,0,0,1015000,624000,391000,391000
052589,群創永豐97購01  ,0,0,0,0,0,0,0,0,0,390000,0,0,0,582000,192000,390000,390000
055029,帆宣國泰99購01  ,0,0,0,0,0,0,0,0,0,390000,0,0,0,448000,58000,390000,390000
052797,樺漢兆豐96購01  ,0,0,0,0,0,0,0,0,0,388000,0,0,0,418000,30000,388000,388000
054117,宏全康和96購01  ,0,0,0,0,0,0,0,0,0,388000,0,0,0,495000,107000,388000,388000
054506,矽格永豐96購01  ,0,0,0,0,0,0,0,0,0,388000,0,0,0,390000,2000,388000,388000
054120,奇力新永豐96購01,0,0,0,0,0,0,0,0,0,387000,0,0,0,723000,336000,387000,387000
048868,劍麟國票94購01  ,0,0,0,0,0,0,0,0,0,386000,0,0,0,396000,10000,386000,386000
054762,奇力新國票99購01,0,0,0,0,0,0,0,0,0,385000,0,0,0,451000,66000,385000,385000
05507P,聯茂凱基96售02  ,0,0,0,0,0,0,0,0,0,384000,0,0,0,499000,115000,384000,384000
1536,和大            ,955000,203000,752000,0,0,0,37000,0,37000,-406000,19000,257000,-238000,22000,190000,-168000,383000
048378,貿聯元富93購01  ,0,0,0,0,0,0,0,0,0,382000,0,0,0,388000,6000,382000,382000
2345,智邦            ,2010700,2015156,-4456,0,0,0,0,18000,-18000,404000,288000,99000,189000,275000,60000,215000,381544
044934,玉晶光元大93購01,0,0,0,0,0,0,0,0,0,381000,0,0,0,479000,98000,381000,381000
05646P,聯發科國票96售05,0,0,0,0,0,0,0,0,0,381000,0,0,0,381000,0,381000,381000
04503P,元油2X元富98售09,0,0,0,0,0,0,0,0,0,380000,0,0,0,380000,0,380000,380000
052005,矽力國泰97購02  ,0,0,0,0,0,0,0,0,0,379000,0,0,0,821000,442000,379000,379000
049797,台積電元大94購17,0,0,0,0,0,0,0,0,0,379000,0,0,0,379000,0,379000,379000
04239P,上銀凱基93售08  ,0,0,0,0,0,0,0,0,0,377000,0,0,0,377000,0,377000,377000
051844,宏達電富邦96購01,0,0,0,0,0,0,0,0,0,377000,0,0,0,412000,35000,377000,377000
04341P,美律永豐93售03  ,0,0,0,0,0,0,0,0,0,376000,0,0,0,376000,0,376000,376000
046884,元油反群益95購01,0,0,0,0,0,0,0,0,0,376000,0,0,0,376000,0,376000,376000
051790,貿聯國票95購03  ,0,0,0,0,0,0,0,0,0,376000,0,0,0,471000,95000,376000,376000
045000,鴻海富邦93購01  ,0,0,0,0,0,0,0,0,0,375000,0,0,0,375000,0,375000,375000
053188,旺宏統一97購03  ,0,0,0,0,0,0,0,0,0,372000,0,0,0,440000,68000,372000,372000
050757,聯發科元富94購03,0,0,0,0,0,0,0,0,0,372000,0,0,0,402000,30000,372000,372000
052794,群創兆豐97購01  ,0,0,0,0,0,0,0,0,0,371000,0,0,0,629000,258000,371000,371000
052653,臺股指永豐97購01,0,0,0,0,0,0,0,0,0,371000,0,0,0,437000,66000,371000,371000
051673,玉晶光元大96購04,0,0,0,0,0,0,0,0,0,371000,0,0,0,400000,29000,371000,371000
053200,華邦電日盛96購01,0,0,0,0,0,0,0,0,0,366000,0,0,0,367000,1000,366000,366000
053236,群創永豐97購02  ,0,0,0,0,0,0,0,0,0,366000,0,0,0,812000,446000,366000,366000
051283,亞德客統一95購01,0,0,0,0,0,0,0,0,0,363000,0,0,0,504000,141000,363000,363000
053451,致新凱基96購02  ,0,0,0,0,0,0,0,0,0,362000,0,0,0,362000,0,362000,362000
050196,嘉聯益元大97購01,0,0,0,0,0,0,0,0,0,362000,0,0,0,363000,1000,362000,362000
052401,智原凱基95購01  ,0,0,0,0,0,0,0,0,0,361000,0,0,0,398000,37000,361000,361000
045311,GIS元大94購01   ,0,0,0,0,0,0,0,0,0,361000,0,0,0,404000,43000,361000,361000
054112,台積電麥證96購02,0,0,0,360000,0,360000,0,0,0,360000,0,0,0,360000,0,360000,360000
053280,群創元大9C購01  ,0,0,0,0,0,0,0,0,0,358000,0,0,0,823000,465000,358000,358000
054787,華新科群益97購04,0,0,0,0,0,0,0,0,0,357000,0,0,0,423000,66000,357000,357000
050331,鈺齊永豐94購02  ,0,0,0,0,0,0,0,0,0,356000,0,0,0,590000,234000,356000,356000
2385,群光            ,799000,478000,321000,0,0,0,11000,0,11000,24000,3000,1000,2000,22000,0,22000,356000
1515,力山            ,468000,197000,271000,0,0,0,0,0,0,85000,0,0,0,90000,5000,85000,356000
051840,康友國泰97購02  ,0,0,0,0,0,0,0,0,0,355000,0,0,0,703000,348000,355000,355000
053699,臺股指元大96購22,0,0,0,0,0,0,0,0,0,354000,0,0,0,519000,165000,354000,354000
051703,台積電群益95購04,0,0,0,0,0,0,0,0,0,351000,0,0,0,364000,13000,351000,351000
5521,工信            ,492000,146453,345547,0,0,0,0,0,0,5000,5000,0,5000,0,0,0,350547
054561,奇力新群益97購03,0,0,0,0,0,0,0,0,0,350000,0,0,0,1266000,916000,350000,350000
044425,友達國泰92購01  ,0,0,0,0,0,0,0,0,0,350000,0,0,0,361000,11000,350000,350000
043137,嘉聯益永豐92購01,0,0,0,0,0,0,0,0,0,350000,0,0,0,350000,0,350000,350000
053392,致新元大96購01  ,0,0,0,0,0,0,0,0,0,349000,0,0,0,373000,24000,349000,349000
053186,健策中信9C購01  ,0,0,0,0,0,0,0,0,0,348000,0,0,0,389000,41000,348000,348000
052596,群創群益98購05  ,0,0,0,0,0,0,0,0,0,348000,0,0,0,1078000,730000,348000,348000
053649,台積電凱基97購05,0,0,0,0,0,0,0,0,0,348000,0,0,0,384000,36000,348000,348000
051311,瑞昱麥證95購01  ,0,0,0,561000,228000,333000,0,0,0,343000,0,0,0,571000,228000,343000,343000
052464,大立光統一95購05,0,0,0,0,0,0,0,0,0,342000,0,0,0,385000,43000,342000,342000
046159,群創群益98購04  ,0,0,0,0,0,0,0,0,0,342000,0,0,0,777000,435000,342000,342000
051465,鴻海富邦97購02  ,0,0,0,0,0,0,0,0,0,341000,0,0,0,341000,0,341000,341000
050491,旺宏國泰96購01  ,0,0,0,0,0,0,0,0,0,341000,0,0,0,386000,45000,341000,341000
047052,大毅國票93購01  ,0,0,0,0,0,0,0,0,0,340000,0,0,0,346000,6000,340000,340000
046612,群創麥證93購01  ,0,0,0,340000,0,340000,0,0,0,340000,0,0,0,340000,0,340000,340000
044255,群創元大93購01  ,0,0,0,0,0,0,0,0,0,339000,0,0,0,545000,206000,339000,339000
053457,旺宏國泰98購03  ,0,0,0,0,0,0,0,0,0,338000,0,0,0,358000,20000,338000,338000
052675,新光金國泰98購01,0,0,0,0,0,0,0,0,0,337000,0,0,0,353000,16000,337000,337000
054584,貿聯元富97購01  ,0,0,0,0,0,0,0,0,0,337000,0,0,0,337000,0,337000,337000
05175P,TPK富邦99售01   ,0,0,0,0,0,0,0,0,0,337000,0,0,0,377000,40000,337000,337000
04966P,台表科元大94售04,0,0,0,0,0,0,0,0,0,335000,0,0,0,335000,0,335000,335000
2889,國票金          ,943190,687000,256190,0,0,0,68000,0,68000,10000,10000,0,10000,0,0,0,334190
053388,群創元大9C購02  ,0,0,0,0,0,0,0,0,0,330000,0,0,0,698000,368000,330000,330000
05683P,矽創元大96售01  ,0,0,0,0,0,0,0,0,0,330000,0,0,0,360000,30000,330000,330000
00631L,元大台灣50正2   ,0,0,0,0,0,0,22000,0,22000,307000,114000,0,114000,707000,514000,193000,329000
047287,貿聯統一95購01  ,0,0,0,0,0,0,0,0,0,329000,0,0,0,405000,76000,329000,329000
051099,台郡元大95購03  ,0,0,0,0,0,0,0,0,0,329000,0,0,0,349000,20000,329000,329000
053056,同欣電國票97購01,0,0,0,0,0,0,0,0,0,328000,0,0,0,350000,22000,328000,328000
053674,臺股指元富96購01,0,0,0,0,0,0,0,0,0,327000,0,0,0,327000,0,327000,327000
054342,亞光元富99購01  ,0,0,0,0,0,0,0,0,0,326000,0,0,0,350000,24000,326000,326000
4935,茂林-KY         ,71000,85000,-14000,0,0,0,231000,0,231000,109000,239000,14000,225000,3000,119000,-116000,326000
053686,台積電元大97購08,0,0,0,0,0,0,0,0,0,325000,0,0,0,499000,174000,325000,325000
047010,聯詠統一93購05  ,0,0,0,0,0,0,0,0,0,325000,0,0,0,404000,79000,325000,325000
046939,燿華元大96購01  ,0,0,0,0,0,0,0,0,0,325000,0,0,0,395000,70000,325000,325000
049570,華新科統一94購04,0,0,0,0,0,0,0,0,0,325000,0,0,0,436000,111000,325000,325000
051548,鈺齊康和95購01  ,0,0,0,0,0,0,0,0,0,325000,0,0,0,325000,0,325000,325000
053675,臺股指元富96購02,0,0,0,0,0,0,0,0,0,323000,0,0,0,398000,75000,323000,323000
040197,晶電群益92購01  ,0,0,0,0,0,0,0,0,0,321000,0,0,0,321000,0,321000,321000
046764,亞光凱基93購03  ,0,0,0,0,0,0,0,0,0,321000,0,0,0,471000,150000,321000,321000
05832P,臺股指元富96售04,0,0,0,0,0,0,0,0,0,321000,0,0,0,341000,20000,321000,321000
04402P,TPK兆豐95售01   ,0,0,0,0,0,0,0,0,0,319000,0,0,0,319000,0,319000,319000
052855,群創日盛99購01  ,0,0,0,0,0,0,0,0,0,317000,0,0,0,503000,186000,317000,317000
06045P,臺股指永豐96售03,0,0,0,0,0,0,0,0,0,317000,0,0,0,343000,26000,317000,317000
042943,金寶國票92購01  ,0,0,0,0,0,0,0,0,0,316000,0,0,0,316000,0,316000,316000
051958,貿聯台新95購01  ,0,0,0,0,0,0,0,0,0,316000,0,0,0,407000,91000,316000,316000
050685,緯穎元富94購02  ,0,0,0,0,0,0,0,0,0,316000,0,0,0,1394000,1078000,316000,316000
03958P,嘉聯益統一93售01,0,0,0,0,0,0,0,0,0,315000,0,0,0,320000,5000,315000,315000
048897,日電貿國泰95購01,0,0,0,0,0,0,0,0,0,315000,0,0,0,392000,77000,315000,315000
051210,S&P反1統一97購01,0,0,0,0,0,0,0,0,0,315000,0,0,0,315000,0,315000,315000
044995,大立光國泰94購01,0,0,0,0,0,0,0,0,0,314000,0,0,0,521000,207000,314000,314000
049025,華擎群益94購01  ,0,0,0,0,0,0,0,0,0,314000,0,0,0,380000,66000,314000,314000
04369P,台光電凱基94售04,0,0,0,0,0,0,0,0,0,313000,0,0,0,313000,0,313000,313000
054713,國巨中信9B購01  ,0,0,0,0,0,0,0,0,0,311000,0,0,0,934000,623000,311000,311000
050472,和大永豐94購01  ,0,0,0,0,0,0,0,0,0,311000,0,0,0,320000,9000,311000,311000
053993,旺宏群益98購02  ,0,0,0,0,0,0,0,0,0,310000,0,0,0,379000,69000,310000,310000
04062P,可成兆豐93售04  ,0,0,0,0,0,0,0,0,0,310000,0,0,0,310000,0,310000,310000
03005P,旭富群益01售05  ,0,0,0,0,0,0,0,0,0,310000,0,0,0,310000,0,310000,310000
049138,台積電元大94購05,0,0,0,0,0,0,0,0,0,310000,0,0,0,341000,31000,310000,310000
050526,貿聯元大95購01  ,0,0,0,0,0,0,0,0,0,310000,0,0,0,499000,189000,310000,310000
050980,欣興元富95購02  ,0,0,0,0,0,0,0,0,0,310000,0,0,0,360000,50000,310000,310000
050018,高股息元大94購02,0,0,0,0,0,0,0,0,0,308000,0,0,0,338000,30000,308000,308000
3030,德律            ,318000,14000,304000,0,0,0,0,0,0,4000,4000,0,4000,0,0,0,308000
2395,研華            ,466571,164000,302571,0,0,0,0,0,0,5000,7000,2000,5000,0,0,0,307571
047549,聯發科凱基93購12,0,0,0,0,0,0,0,0,0,307000,0,0,0,378000,71000,307000,307000
051103,緯穎元大96購03  ,0,0,0,0,0,0,0,0,0,307000,0,0,0,553000,246000,307000,307000
054534,台積電富邦98購03,0,0,0,0,0,0,0,0,0,306000,0,0,0,316000,10000,306000,306000
044269,群創中信95購01  ,0,0,0,0,0,0,0,0,0,306000,0,0,0,631000,325000,306000,306000
052849,可成統一97購01  ,0,0,0,0,0,0,0,0,0,305000,0,0,0,305000,0,305000,305000
052822,泰碩永豐97購01  ,0,0,0,0,0,0,0,0,0,305000,0,0,0,320000,15000,305000,305000
00640L,富邦日本正2     ,1000,1000,0,0,0,0,0,0,0,304000,0,0,0,686000,382000,304000,304000
046575,GIS國泰93購01   ,0,0,0,0,0,0,0,0,0,304000,0,0,0,402000,98000,304000,304000
051871,同欣電凱基95購02,0,0,0,0,0,0,0,0,0,304000,0,0,0,359000,55000,304000,304000
8110,華東            ,350000,42000,308000,0,0,0,0,0,0,-4000,10000,14000,-4000,0,0,0,304000
043861,和大元大91購01  ,0,0,0,0,0,0,0,0,0,302000,0,0,0,403000,101000,302000,302000
046967,元油反群益93購01,0,0,0,0,0,0,0,0,0,302000,0,0,0,302000,0,302000,302000
051277,聯發科中信9A購01,0,0,0,0,0,0,0,0,0,301000,0,0,0,662000,361000,301000,301000
049976,台積電凱基94購28,0,0,0,0,0,0,0,0,0,301000,0,0,0,331000,30000,301000,301000
4927,泰鼎-KY         ,199000,219000,-20000,0,0,0,91000,0,91000,230000,128000,0,128000,105000,3000,102000,301000
06007P,世芯永豐96售01  ,0,0,0,0,0,0,0,0,0,301000,0,0,0,301000,0,301000,301000
052487,國巨國票96購07  ,0,0,0,0,0,0,0,0,0,300000,0,0,0,400000,100000,300000,300000
040199,宏達電群益92購01,0,0,0,0,0,0,0,0,0,300000,0,0,0,300000,0,300000,300000
043754,神基元大91購02  ,0,0,0,0,0,0,0,0,0,300000,0,0,0,300000,0,300000,300000
03695P,台表科永豐93售01,0,0,0,0,0,0,0,0,0,300000,0,0,0,300000,0,300000,300000
03811P,鴻海群益93售06  ,0,0,0,0,0,0,0,0,0,300000,0,0,0,300000,0,300000,300000
03889P,國巨國泰94售04  ,0,0,0,0,0,0,0,0,0,300000,0,0,0,300000,0,300000,300000
045527,建準永豐92購01  ,0,0,0,0,0,0,0,0,0,300000,0,0,0,300000,0,300000,300000
049218,燿華國票94購02  ,0,0,0,0,0,0,0,0,0,300000,0,0,0,300000,0,300000,300000
049420,日電貿凱基94購01,0,0,0,0,0,0,0,0,0,300000,0,0,0,300000,0,300000,300000
051163,鴻海元大95購04  ,0,0,0,0,0,0,0,0,0,300000,0,0,0,716000,416000,300000,300000
08967P,聯電元大01售03  ,0,0,0,0,0,0,0,0,0,300000,0,0,0,300000,0,300000,300000
042941,永冠國票93購01  ,0,0,0,0,0,0,0,0,0,299000,0,0,0,305000,6000,299000,299000
047341,貿聯第一93購01  ,0,0,0,0,0,0,0,0,0,299000,0,0,0,299000,0,299000,299000
045137,鴻海兆豐92購02  ,0,0,0,0,0,0,0,0,0,297000,0,0,0,337000,40000,297000,297000
052808,矽力元大96購02  ,0,0,0,0,0,0,0,0,0,296000,0,0,0,373000,77000,296000,296000
04703P,樺漢統一95售01  ,0,0,0,0,0,0,0,0,0,296000,0,0,0,299000,3000,296000,296000
2891,中信金          ,12140913,14049000,-1908087,0,0,0,2066000,0,2066000,138000,101000,0,101000,92000,55000,37000,295913
3044,健鼎            ,712000,431000,281000,0,0,0,3000,0,3000,11000,9000,0,9000,6000,4000,2000,295000
051843,聯發科富邦99購01,0,0,0,0,0,0,0,0,0,293000,0,0,0,353000,60000,293000,293000
053137,旺宏富邦98購01  ,0,0,0,0,0,0,0,0,0,292000,0,0,0,324000,32000,292000,292000
047981,南亞科群益93購02,0,0,0,0,0,0,0,0,0,292000,0,0,0,334000,42000,292000,292000
048828,禾伸堂凱基94購02,0,0,0,0,0,0,0,0,0,292000,0,0,0,408000,116000,292000,292000
050804,和大日盛95購01  ,0,0,0,0,0,0,0,0,0,292000,0,0,0,320000,28000,292000,292000
054497,國巨永豐96購05  ,20000,0,20000,0,0,0,0,0,0,271000,0,0,0,945000,674000,271000,291000
041991,元油2X國票98購01,0,0,0,0,0,0,0,0,0,291000,0,0,0,323000,32000,291000,291000
04790P,台積電元大94售19,0,0,0,0,0,0,0,0,0,290000,0,0,0,290000,0,290000,290000
04744P,臻鼎元富94售04  ,0,0,0,0,0,0,0,0,0,290000,0,0,0,301000,11000,290000,290000
050714,深中小群益98購01,0,0,0,0,0,0,0,0,0,290000,0,0,0,300000,10000,290000,290000
06113P,台積電群益97售01,0,0,0,0,0,0,0,0,0,290000,0,0,0,290000,0,290000,290000
054464,奇力新凱基98購02,0,0,0,0,0,0,0,0,0,288000,0,0,0,423000,135000,288000,288000
044602,大立光國泰93購01,0,0,0,0,0,0,0,0,0,288000,0,0,0,311000,23000,288000,288000
1609,大亞            ,363000,88000,275000,0,0,0,0,0,0,12000,12000,0,12000,0,0,0,287000
2634,漢翔            ,742000,465000,277000,0,0,0,0,0,0,10000,10000,0,10000,0,0,0,287000
06089P,矽創永豐97售01  ,0,0,0,0,0,0,0,0,0,286000,0,0,0,286000,0,286000,286000
045390,新唐元大92購01  ,0,0,0,0,0,0,0,0,0,285000,0,0,0,285000,0,285000,285000
046931,聯詠統一93購01  ,0,0,0,0,0,0,0,0,0,285000,0,0,0,357000,72000,285000,285000
052023,鈺齊永豐95購02  ,0,0,0,0,0,0,0,0,0,285000,0,0,0,353000,68000,285000,285000
051056,華新科群益95購03,0,0,0,0,0,0,0,0,0,285000,0,0,0,1047000,762000,285000,285000
3209,全科            ,311000,25000,286000,0,0,0,0,0,0,-1000,0,1000,-1000,0,0,0,285000
043916,群創凱基93購01  ,0,0,0,0,0,0,0,0,0,284000,0,0,0,286000,2000,284000,284000
046788,貿聯永豐93購01  ,0,0,0,0,0,0,0,0,0,283000,0,0,0,450000,167000,283000,283000
6668,中揚光          ,620000,384000,236000,0,0,0,20000,0,20000,27000,45000,15000,30000,1000,4000,-3000,283000
044479,群創統一91購01  ,0,0,0,0,0,0,0,0,0,282000,0,0,0,625000,343000,282000,282000
046134,致新國泰93購02  ,0,0,0,0,0,0,0,0,0,282000,0,0,0,317000,35000,282000,282000
054439,健策台新96購03  ,0,0,0,0,0,0,0,0,0,280000,0,0,0,299000,19000,280000,280000
054448,矽力兆豐96購01  ,0,0,0,0,0,0,0,0,0,280000,0,0,0,304000,24000,280000,280000
045275,台光電統一92購03,0,0,0,0,0,0,0,0,0,280000,0,0,0,300000,20000,280000,280000
046804,群創元大94購01  ,0,0,0,0,0,0,0,0,0,280000,0,0,0,927000,647000,280000,280000
052806,玉晶光元大98購04,0,0,0,0,0,0,0,0,0,279000,0,0,0,312000,33000,279000,279000
4977,眾達-KY         ,504000,224588,279412,0,0,0,0,0,0,-1000,2000,16000,-14000,13000,0,13000,278412
2105,正新            ,707100,441000,266100,0,0,0,0,0,0,11000,24000,13000,11000,0,0,0,277100
055030,帆宣國泰99購02  ,0,0,0,0,0,0,0,0,0,276000,0,0,0,369000,93000,276000,276000
053089,貿聯元大97購02  ,0,0,0,0,0,0,0,0,0,274000,0,0,0,290000,16000,274000,274000
054893,帆宣統一99購01  ,0,0,0,0,0,0,0,0,0,274000,0,0,0,473000,199000,274000,274000
05477P,華新科群益95售06,0,0,0,0,0,0,0,0,0,273000,0,0,0,289000,16000,273000,273000
044143,台光電群益91購01,0,0,0,0,0,0,0,0,0,273000,0,0,0,273000,0,273000,273000
04834P,鴻海元大94售17  ,0,0,0,0,0,0,0,0,0,272000,0,0,0,289000,17000,272000,272000
052317,台積電元大96購11,0,0,0,0,0,0,0,0,0,272000,0,0,0,283000,11000,272000,272000
052807,貿聯元大98購01  ,0,0,0,0,0,0,0,0,0,271000,0,0,0,846000,575000,271000,271000
052610,貿聯元大97購01  ,0,0,0,0,0,0,0,0,0,271000,0,0,0,612000,341000,271000,271000
047146,智邦群益93購01  ,0,0,0,0,0,0,0,0,0,271000,0,0,0,376000,105000,271000,271000
052818,智邦永豐96購01  ,0,0,0,0,0,0,0,0,0,270000,0,0,0,292000,22000,270000,270000
053481,同欣電元大97購01,0,0,0,0,0,0,0,0,0,270000,0,0,0,396000,126000,270000,270000
04862P,台積電元大94售26,0,0,0,0,0,0,0,0,0,270000,0,0,0,501000,231000,270000,270000
052593,台積電群益96購02,0,20000,-20000,0,0,0,0,0,0,289000,0,0,0,403000,114000,289000,269000
04610P,世紀鋼永豐94售03,0,0,0,0,0,0,0,0,0,269000,0,0,0,269000,0,269000,269000
051301,聯發科凱基95購08,0,0,0,0,0,0,0,0,0,269000,0,0,0,619000,350000,269000,269000
054228,貿聯元富96購03  ,0,0,0,0,0,0,0,0,0,268000,0,0,0,312000,44000,268000,268000
044784,華邦電中信96購01,0,0,0,0,0,0,0,0,0,268000,0,0,0,315000,47000,268000,268000
051405,世芯永豐95購01  ,0,0,0,0,0,0,0,0,0,268000,0,0,0,472000,204000,268000,268000
046998,同欣電國泰94購01,0,0,0,0,0,0,0,0,0,267000,0,0,0,268000,1000,267000,267000
050368,國巨元大94購14  ,0,0,0,0,0,0,0,0,0,267000,0,0,0,378000,111000,267000,267000
052923,台積電永豐96購02,0,0,0,0,0,0,0,0,0,266000,0,0,0,399000,133000,266000,266000
053414,臻鼎國票97購01  ,0,0,0,0,0,0,0,0,0,266000,0,0,0,318000,52000,266000,266000
048745,儒鴻元富97購02  ,0,0,0,0,0,0,0,0,0,266000,0,0,0,266000,0,266000,266000
051567,台積電富邦95購06,0,0,0,0,0,0,0,0,0,266000,0,0,0,287000,21000,266000,266000
053795,群創亞東96購01  ,0,0,0,0,0,0,0,0,0,265000,0,0,0,265000,0,265000,265000
04575P,新日興統一94售02,0,0,0,0,0,0,0,0,0,265000,0,0,0,265000,0,265000,265000
051827,智邦元大95購04  ,0,0,0,0,0,0,0,0,0,265000,0,0,0,441000,176000,265000,265000
050935,劍麟國票96購01  ,0,0,0,0,0,0,0,0,0,265000,0,0,0,267000,2000,265000,265000
053650,華邦電凱基98購01,0,0,0,0,0,0,0,0,0,264000,0,0,0,282000,18000,264000,264000
050585,矽格國票94購01  ,0,0,0,0,0,0,0,0,0,263000,0,0,0,263000,0,263000,263000
053357,可成統一96購02  ,0,0,0,0,0,0,0,0,0,262000,0,0,0,332000,70000,262000,262000
04894P,世紀鋼元大94售02,0,0,0,0,0,0,0,0,0,262000,0,0,0,270000,8000,262000,262000
053671,可成統一96購03  ,0,0,0,0,0,0,0,0,0,261000,0,0,0,261000,0,261000,261000
046476,鴻海統一96購01  ,0,0,0,0,0,0,0,0,0,261000,0,0,0,366000,105000,261000,261000
051893,瀚宇博元富95購01,0,0,0,0,0,0,0,0,0,261000,0,0,0,359000,98000,261000,261000
052994,群創台新99購01  ,0,0,0,0,0,0,0,0,0,260000,0,0,0,402000,142000,260000,260000
041452,滬深2X元富93購01,0,0,0,0,0,0,0,0,0,260000,0,0,0,418000,158000,260000,260000
053415,聯茂國票97購01  ,0,0,0,0,0,0,0,0,0,259000,0,0,0,262000,3000,259000,259000
053784,奇力新元大97購02,0,0,0,0,0,0,0,0,0,259000,0,0,0,266000,7000,259000,259000
048959,凌華康和94購01  ,0,0,0,0,0,0,0,0,0,259000,0,0,0,311000,52000,259000,259000
3413,京鼎            ,228000,396000,-168000,0,0,0,172000,0,172000,254000,104000,21000,83000,197000,26000,171000,258000
052695,台表科中信98購01,0,0,0,0,0,0,0,0,0,257000,0,0,0,270000,13000,257000,257000
048036,隆達凱基93購01  ,0,0,0,0,0,0,0,0,0,257000,0,0,0,347000,90000,257000,257000
051351,台積電元大95購15,0,0,0,0,0,0,0,0,0,255000,0,0,0,649000,394000,255000,255000
044264,大立光富邦93購03,0,0,0,0,0,0,0,0,0,254000,0,0,0,262000,8000,254000,254000
05971P,世紀鋼永豐96售04,0,0,0,0,0,0,0,0,0,254000,0,0,0,254000,0,254000,254000
04871P,力成元富94售02  ,0,0,0,0,0,0,0,0,0,253000,0,0,0,263000,10000,253000,253000
051543,鈺齊國票96購01  ,0,0,0,0,0,0,0,0,0,252000,0,0,0,292000,40000,252000,252000
050533,致新元大94購03  ,0,0,0,0,0,0,0,0,0,252000,0,0,0,294000,42000,252000,252000
047261,聯詠國票93購02  ,0,0,0,0,0,0,0,0,0,251000,0,0,0,255000,4000,251000,251000
05069P,鴻海統一96售03  ,0,0,0,0,0,0,0,0,0,251000,0,0,0,301000,50000,251000,251000
055156,華新科元大99購02,0,0,0,0,0,0,0,0,0,251000,0,0,0,316000,65000,251000,251000
052925,日電貿永豐96購01,0,0,0,0,0,0,0,0,0,250000,0,0,0,350000,100000,250000,250000
043026,康友元大92購01  ,0,0,0,0,0,0,0,0,0,250000,0,0,0,250000,0,250000,250000
03626P,可成兆豐93售03  ,0,0,0,0,0,0,0,0,0,250000,0,0,0,300000,50000,250000,250000
047517,元油反元大96購01,0,0,0,0,0,0,0,0,0,250000,0,0,0,250000,0,250000,250000
06090P,旺宏統一97售06  ,0,0,0,0,0,0,0,0,0,250000,0,0,0,250000,0,250000,250000
5269,祥碩            ,310000,92000,218000,0,0,0,34000,0,34000,-2000,36000,31000,5000,11000,18000,-7000,250000
048131,全新國票94購02  ,0,0,0,0,0,0,0,0,0,249000,0,0,0,316000,67000,249000,249000
050641,上証反凱基96購01,0,0,0,0,0,0,0,0,0,249000,0,0,0,499000,250000,249000,249000
05005P,台表科統一95售01,0,0,0,0,0,0,0,0,0,249000,0,0,0,327000,78000,249000,249000
053452,臺股指凱基97購01,0,0,0,0,0,0,0,0,0,248000,0,0,0,299000,51000,248000,248000
2101,南港            ,293000,90000,203000,0,0,0,0,0,0,45000,4000,0,4000,41000,0,41000,248000
053512,台積電群益96購06,0,0,0,0,0,0,0,0,0,247000,0,0,0,313000,66000,247000,247000
051370,聯詠富邦97購01  ,0,0,0,0,0,0,0,0,0,247000,0,0,0,1185000,938000,247000,247000
053936,旺宏元富96購04  ,0,0,0,0,0,0,0,0,0,245000,0,0,0,258000,13000,245000,245000
05049P,矽創永豐95售01  ,0,0,0,0,0,0,0,0,0,245000,0,0,0,310000,65000,245000,245000
054394,奇力新永豐96購03,0,0,0,0,0,0,0,0,0,244000,0,0,0,246000,2000,244000,244000
053584,友達元大9B購02  ,0,0,0,0,0,0,0,0,0,244000,0,0,0,244000,0,244000,244000
047574,和大群益93購03  ,0,0,0,0,0,0,0,0,0,244000,0,0,0,318000,74000,244000,244000
04944P,元油2X永豐94售06,0,0,0,0,0,0,0,0,0,244000,0,0,0,244000,0,244000,244000
9938,百和            ,396000,310000,86000,0,0,0,145000,0,145000,13000,20000,0,20000,33000,40000,-7000,244000
052878,台虹凱基96購01  ,0,0,0,0,0,0,0,0,0,243000,0,0,0,298000,55000,243000,243000
050499,台達電凱基94購11,0,0,0,0,0,0,0,0,0,243000,0,0,0,331000,88000,243000,243000
054403,同欣電永豐96購02,0,0,0,0,0,0,0,0,0,242000,0,0,0,310000,68000,242000,242000
05174P,元金2X富邦9B售01,0,0,0,0,0,0,0,0,0,242000,0,0,0,245000,3000,242000,242000
052193,國巨元富95購06  ,0,0,0,0,0,0,0,0,0,241000,0,0,0,369000,128000,241000,241000
05871P,全新凱基96售04  ,0,0,0,0,0,0,0,0,0,241000,0,0,0,300000,59000,241000,241000
045163,瀚宇博國泰93購01,0,0,0,0,0,0,0,0,0,240000,0,0,0,240000,0,240000,240000
047096,元油反國泰96購01,0,0,0,0,0,0,0,0,0,240000,0,0,0,250000,10000,240000,240000
049609,全新兆豐95購01  ,0,0,0,0,0,0,0,0,0,240000,0,0,0,510000,270000,240000,240000
053029,國巨第一96購01  ,0,0,0,0,0,0,0,0,0,239000,0,0,0,1344000,1105000,239000,239000
051997,康友元大95購02  ,0,0,0,0,0,0,0,0,0,238000,0,0,0,793000,555000,238000,238000
05306P,泰碩國泰97售01  ,0,0,0,0,0,0,0,0,0,237000,0,0,0,320000,83000,237000,237000
047535,台光電日盛93購01,0,0,0,0,0,0,0,0,0,237000,0,0,0,237000,0,237000,237000
053180,同欣電統一96購01,0,0,0,0,0,0,0,0,0,235000,0,0,0,309000,74000,235000,235000
043774,瑞昱兆豐92購01  ,0,0,0,0,0,0,0,0,0,235000,0,0,0,364000,129000,235000,235000
051750,華通富邦96購01  ,0,0,0,0,0,0,0,0,0,235000,0,0,0,235000,0,235000,235000
047899,貿聯群益93購03  ,0,0,0,0,0,0,0,0,0,234000,0,0,0,275000,41000,234000,234000
00850,元大臺灣ESG永續 ,0,0,0,0,0,0,0,0,0,233000,20000,0,20000,765000,552000,213000,233000
5434,崇越            ,338000,134452,203548,0,0,0,22000,0,22000,7000,7000,15000,-8000,16000,1000,15000,232548
046928,奇鋐富邦97購01  ,0,0,0,0,0,0,0,0,0,232000,0,0,0,291000,59000,232000,232000
5871,中租-KY         ,1507500,1286681,220819,0,0,0,16000,0,16000,-5000,2000,8000,-6000,1000,0,1000,231819
053024,國巨富邦97購02  ,0,0,0,0,0,0,0,0,0,231000,0,0,0,381000,150000,231000,231000
052917,大立光富邦99購02,0,0,0,0,0,0,0,0,0,231000,0,0,0,318000,87000,231000,231000
044817,可成兆豐93購01  ,0,0,0,0,0,0,0,0,0,231000,0,0,0,231000,0,231000,231000
047780,友達中信96購01  ,0,0,0,0,0,0,0,0,0,231000,0,0,0,236000,5000,231000,231000
1904,正隆            ,252000,50000,202000,0,0,0,0,0,0,29000,29000,0,29000,0,0,0,231000
052721,友達統一96購01  ,0,0,0,0,0,0,0,0,0,230000,0,0,0,230000,0,230000,230000
054715,中橡康和97購01  ,0,0,0,0,0,0,0,0,0,230000,0,0,0,230000,0,230000,230000
045893,貿聯元大92購04  ,0,0,0,0,0,0,0,0,0,230000,0,0,0,386000,156000,230000,230000
045738,強茂群益92購01  ,0,0,0,0,0,0,0,0,0,230000,0,0,0,230000,0,230000,230000
037536,道瓊反元富93購01,0,0,0,0,0,0,0,0,0,230000,0,0,0,230000,0,230000,230000
050410,燿華永豐95購03  ,0,0,0,0,0,0,0,0,0,229000,0,0,0,233000,4000,229000,229000
05402P,台郡永豐95售02  ,0,0,0,0,0,0,0,0,0,228000,0,0,0,427000,199000,228000,228000
049030,凌華群益94購01  ,0,0,0,0,0,0,0,0,0,228000,0,0,0,238000,10000,228000,228000
046486,樺漢國泰94購01  ,0,0,0,0,0,0,0,0,0,228000,0,0,0,297000,69000,228000,228000
050017,百和富邦94購01  ,0,0,0,0,0,0,0,0,0,228000,0,0,0,228000,0,228000,228000
051681,日月光兆豐95購01,0,0,0,0,0,0,0,0,0,228000,0,0,0,300000,72000,228000,228000
042994,葡萄王元大94購02,0,0,0,0,0,0,0,0,0,227000,0,0,0,240000,13000,227000,227000
044636,創意統一94購01  ,0,0,0,0,0,0,0,0,0,227000,0,0,0,227000,0,227000,227000
052367,聯茂國票96購02  ,0,0,0,0,0,0,0,0,0,226000,0,0,0,250000,24000,226000,226000
044970,大毅永豐92購01  ,0,0,0,0,0,0,0,0,0,226000,0,0,0,226000,0,226000,226000
048742,瀚宇博統一94購01,0,0,0,0,0,0,0,0,0,226000,0,0,0,226000,0,226000,226000
053281,茂林元大96購02  ,0,0,0,0,0,0,0,0,0,225000,0,0,0,248000,23000,225000,225000
053911,臺股指凱基96購31,0,0,0,0,0,0,0,0,0,225000,0,0,0,276000,51000,225000,225000
03149P,鴻海群益01售12  ,0,0,0,0,0,0,0,0,0,225000,0,0,0,225000,0,225000,225000
043394,易華電元大94購01,0,0,0,0,0,0,0,0,0,225000,0,0,0,250000,25000,225000,225000
045576,智邦元大92購07  ,0,0,0,0,0,0,0,0,0,224000,0,0,0,264000,40000,224000,224000
046629,群創統一98購01  ,0,0,0,0,0,0,0,0,0,224000,0,0,0,411000,187000,224000,224000
048905,旺宏富邦96購01  ,0,0,0,0,0,0,0,0,0,223000,0,0,0,307000,84000,223000,223000
053868,群創元大99購02  ,0,0,0,0,0,0,0,0,0,222000,0,0,0,560000,338000,222000,222000
052990,超眾元大97購01  ,0,0,0,0,0,0,0,0,0,222000,0,0,0,274000,52000,222000,222000
051907,台積電元大97購05,0,0,0,0,0,0,0,0,0,222000,0,0,0,369000,147000,222000,222000
041973,台灣50中信94購01,0,0,0,0,0,0,0,0,0,221000,0,0,0,457000,236000,221000,221000
051260,鴻海永昌96購04  ,0,0,0,0,0,0,0,0,0,221000,0,0,0,1107000,886000,221000,221000
05986P,大立光統一97售03,0,0,0,0,0,0,0,0,0,221000,0,0,0,274000,53000,221000,221000
054428,禾伸堂富邦98購01,0,0,0,0,0,0,0,0,0,220000,0,0,0,270000,50000,220000,220000
054432,台積電台新96購05,0,0,0,0,0,0,0,0,0,220000,0,0,0,220000,0,220000,220000
049154,玉晶光元大95購02,0,0,0,0,0,0,0,0,0,220000,0,0,0,453000,233000,220000,220000
047357,欣興麥證93購01  ,0,0,0,500000,280000,220000,0,0,0,220000,0,0,0,500000,280000,220000,220000
046520,瀚宇博元大92購02,0,0,0,0,0,0,0,0,0,220000,0,0,0,220000,0,220000,220000
046363,華泰永豐92購01  ,0,0,0,0,0,0,0,0,0,220000,0,0,0,220000,0,220000,220000
051511,鈺齊中信97購01  ,0,0,0,0,0,0,0,0,0,220000,0,0,0,388000,168000,220000,220000
052744,聯詠元大97購01  ,0,0,0,0,0,0,0,0,0,219000,0,0,0,947000,728000,219000,219000
050142,聯發科元富9A購01,0,0,0,0,0,0,0,0,0,219000,0,0,0,366000,147000,219000,219000
054287,台積電元大97購11,0,0,0,0,0,0,0,0,0,218000,0,0,0,228000,10000,218000,218000
052182,鴻海群益96購01  ,0,0,0,0,0,0,0,0,0,218000,0,0,0,218000,0,218000,218000
050674,瑞昱富邦94購02  ,0,0,0,0,0,0,0,0,0,217000,0,0,0,458000,241000,217000,217000
3530,晶相光          ,240000,99000,141000,0,0,0,0,0,0,76000,1000,0,1000,171000,96000,75000,217000
054023,和大康和96購01  ,0,0,0,0,0,0,0,0,0,216000,0,0,0,251000,35000,216000,216000
052805,晶技元大97購01  ,0,0,0,0,0,0,0,0,0,216000,0,0,0,868000,652000,216000,216000
03754P,致茂永豐93售01  ,0,0,0,0,0,0,0,0,0,216000,0,0,0,284000,68000,216000,216000
049796,國巨元大94購10  ,0,0,0,0,0,0,0,0,0,216000,0,0,0,221000,5000,216000,216000
053812,台積電群益96購09,0,0,0,0,0,0,0,0,0,215000,0,0,0,215000,0,215000,215000
04370P,聯茂凱基94售05  ,0,0,0,0,0,0,0,0,0,215000,0,0,0,225000,10000,215000,215000
04590P,元石油元大97售01,0,0,0,0,0,0,0,0,0,215000,0,0,0,215000,0,215000,215000
05051P,鴻海群益95售05  ,0,0,0,0,0,0,0,0,0,215000,0,0,0,215000,0,215000,215000
2027,大成鋼          ,359000,257000,102000,0,0,0,0,0,0,113000,24000,10000,14000,110000,11000,99000,215000
2542,興富發          ,507900,302000,205900,0,0,0,0,0,0,9000,37000,28000,9000,0,0,0,214900
054507,鈺齊永豐96購01  ,0,0,0,0,0,0,0,0,0,214000,0,0,0,332000,118000,214000,214000
04621P,楠梓電統一94售02,0,0,0,0,0,0,0,0,0,214000,0,0,0,214000,0,214000,214000
053766,友達富邦97購01  ,0,0,0,0,0,0,0,0,0,212000,0,0,0,481000,269000,212000,212000
03706P,上銀群益93售03  ,0,0,0,0,0,0,0,0,0,212000,0,0,0,321000,109000,212000,212000
050560,聯詠統一94購02  ,0,0,0,0,0,0,0,0,0,212000,0,0,0,356000,144000,212000,212000
050069,禾伸堂凱基94購04,0,0,0,0,0,0,0,0,0,212000,0,0,0,222000,10000,212000,212000
049027,智易群益94購02  ,0,0,0,0,0,0,0,0,0,211000,0,0,0,211000,0,211000,211000
048404,大立光群益93購11,0,0,0,0,0,0,0,0,0,211000,0,0,0,231000,20000,211000,211000
1582,信錦            ,226000,17000,209000,0,0,0,0,0,0,2000,2000,0,2000,0,0,0,211000
045280,儒鴻富邦94購01  ,0,0,0,0,0,0,0,0,0,210000,0,0,0,211000,1000,210000,210000
048589,國巨兆豐96購01  ,0,0,0,0,0,0,0,0,0,210000,0,0,0,210000,0,210000,210000
049739,大立光群益94購05,0,0,0,0,0,0,0,0,0,210000,0,0,0,235000,25000,210000,210000
051814,鈺齊凱基95購01  ,0,0,0,0,0,0,0,0,0,210000,0,0,0,210000,0,210000,210000
052134,智邦凱基95購09  ,0,0,0,0,0,0,0,0,0,209000,0,0,0,267000,58000,209000,209000
05725P,嘉聯益永豐96售02,0,0,0,0,0,0,0,0,0,209000,0,0,0,285000,76000,209000,209000
052748,群創元大9A購02  ,0,0,0,0,0,0,0,0,0,208000,0,0,0,569000,361000,208000,208000
046073,日月光凱基92購03,0,0,0,0,0,0,0,0,0,208000,0,0,0,400000,192000,208000,208000
050936,國巨國票95購04  ,0,0,0,0,0,0,0,0,0,208000,0,0,0,233000,25000,208000,208000
1446,宏和            ,226000,19000,207000,0,0,0,0,0,0,1000,1000,0,1000,0,0,0,208000
053969,瑞昱元大97購01  ,0,0,0,0,0,0,0,0,0,206000,0,0,0,360000,154000,206000,206000
048167,旺宏永豐93購04  ,0,0,0,0,0,0,0,0,0,206000,0,0,0,232000,26000,206000,206000
049316,茂林凱基94購02  ,0,0,0,0,0,0,0,0,0,206000,0,0,0,206000,0,206000,206000
047000,和大統一93購01  ,0,0,0,0,0,0,0,0,0,206000,0,0,0,323000,117000,206000,206000
052321,華擎元大95購01  ,0,0,0,0,0,0,0,0,0,206000,0,0,0,221000,15000,206000,206000
054045,奇力新元大97購03,0,0,0,0,0,0,0,0,0,205000,0,0,0,234000,29000,205000,205000
04003P,麗豐凱基94售03  ,0,0,0,0,0,0,0,0,0,205000,0,0,0,240000,35000,205000,205000
043469,宏達電元大92購02,0,0,0,0,0,0,0,0,0,205000,0,0,0,205000,0,205000,205000
048939,華擎永豐94購01  ,0,0,0,0,0,0,0,0,0,205000,0,0,0,207000,2000,205000,205000
051488,健策凱基96購04  ,0,0,0,0,0,0,0,0,0,205000,0,0,0,851000,646000,205000,205000
052983,國巨元大96購07  ,0,0,0,0,0,0,0,0,0,204000,0,0,0,392000,188000,204000,204000
048212,美利達日盛93購01,0,0,0,0,0,0,0,0,0,204000,0,0,0,204000,0,204000,204000
048407,貿聯群益93購04  ,0,0,0,0,0,0,0,0,0,204000,0,0,0,234000,30000,204000,204000
2537,聯上發          ,292000,91000,201000,0,0,0,0,0,0,3000,3000,0,3000,0,0,0,204000
054200,美律富邦97購02  ,0,0,0,0,0,0,0,0,0,203000,0,0,0,204000,1000,203000,203000
047867,旺宏永豐93購02  ,0,0,0,0,0,0,0,0,0,203000,0,0,0,339000,136000,203000,203000
049156,緯穎元大96購01  ,0,0,0,0,0,0,0,0,0,203000,0,0,0,306000,103000,203000,203000
047041,貿聯群益93購02  ,0,0,0,0,0,0,0,0,0,203000,0,0,0,293000,90000,203000,203000
03444P,道瓊銀群益02售04,0,0,0,0,0,0,0,0,0,202000,0,0,0,202000,0,202000,202000
051127,同欣電群益95購01,0,0,0,0,0,0,0,0,0,202000,0,0,0,399000,197000,202000,202000
045817,滬深2X凱基95購02,0,0,0,0,0,0,0,0,0,201000,0,0,0,206000,5000,201000,201000
046822,亞光凱基93購04  ,0,0,0,0,0,0,0,0,0,201000,0,0,0,328000,127000,201000,201000
049152,大立光元大95購06,0,0,0,0,0,0,0,0,0,201000,0,0,0,240000,39000,201000,201000
054168,貿聯凱基97購02  ,0,0,0,0,0,0,0,0,0,200000,0,0,0,233000,33000,200000,200000
054003,鴻海統一96購13  ,0,0,0,0,0,0,0,0,0,200000,0,0,0,200000,0,200000,200000
054409,亞光國票97購02  ,0,0,0,0,0,0,0,0,0,200000,0,0,0,215000,15000,200000,200000
054656,深中小元大97購01,0,0,0,0,0,0,0,0,0,200000,0,0,0,200000,0,200000,200000
052486,元油反國票96購01,0,0,0,0,0,0,0,0,0,200000,0,0,0,200000,0,200000,200000
053537,玉晶光永豐98購02,0,0,0,0,0,0,0,0,0,200000,0,0,0,310000,110000,200000,200000
044739,美利達國泰93購01,0,0,0,0,0,0,0,0,0,200000,0,0,0,200000,0,200000,200000
03214P,技嘉群益02售02  ,0,0,0,0,0,0,0,0,0,200000,0,0,0,200000,0,200000,200000
044228,群創群益91購02  ,0,0,0,0,0,0,0,0,0,200000,0,0,0,200000,0,200000,200000
047629,深中小元大96購01,0,0,0,0,0,0,0,0,0,200000,0,0,0,200000,0,200000,200000
044912,瀚宇博凱基91購02,0,0,0,0,0,0,0,0,0,200000,0,0,0,200000,0,200000,200000
045599,神基中信92購01  ,0,0,0,0,0,0,0,0,0,200000,0,0,0,200000,0,200000,200000
047302,為升富邦97購01  ,0,0,0,0,0,0,0,0,0,200000,0,0,0,200000,0,200000,200000
04784P,超眾元富94售01  ,0,0,0,0,0,0,0,0,0,200000,0,0,0,300000,100000,200000,200000
046554,S&P反1凱基92購01,0,0,0,0,0,0,0,0,0,200000,0,0,0,200000,0,200000,200000
048750,智原元富94購01  ,0,0,0,0,0,0,0,0,0,200000,0,0,0,200000,0,200000,200000
051395,聯詠兆豐95購01  ,0,0,0,0,0,0,0,0,0,200000,0,0,0,478000,278000,200000,200000
050895,聯發科元大97購01,0,0,0,0,0,0,0,0,0,200000,0,0,0,255000,55000,200000,200000
053296,貿聯中信98購01  ,0,0,0,0,0,0,0,0,0,199000,0,0,0,205000,6000,199000,199000
044974,鴻海國票94購01  ,0,0,0,0,0,0,0,0,0,199000,0,0,0,626000,427000,199000,199000
045165,台虹國泰93購01  ,0,0,0,0,0,0,0,0,0,199000,0,0,0,199000,0,199000,199000
03453P,儒鴻康和02售01  ,0,0,0,0,0,0,0,0,0,199000,0,0,0,199000,0,199000,199000
049569,光磊統一94購02  ,0,0,0,0,0,0,0,0,0,199000,0,0,0,199000,0,199000,199000
06001P,樺漢台新96售01  ,0,0,0,0,0,0,0,0,0,199000,0,0,0,199000,0,199000,199000
05573P,仁寶元富96售02  ,0,0,0,0,0,0,0,0,0,199000,0,0,0,199000,0,199000,199000
05574P,英業達元富96售01,0,0,0,0,0,0,0,0,0,199000,0,0,0,199000,0,199000,199000
054631,台郡凱基98購02  ,0,0,0,0,0,0,0,0,0,198000,0,0,0,200000,2000,198000,198000
051435,聯茂元富95購01  ,0,0,0,0,0,0,0,0,0,198000,0,0,0,253000,55000,198000,198000
06021P,世紀鋼元富96售03,0,0,0,0,0,0,0,0,0,198000,0,0,0,237000,39000,198000,198000
042679,群創元大92購02  ,0,0,0,0,0,0,0,0,0,197000,0,0,0,480000,283000,197000,197000
045553,華邦電國票92購02,0,0,0,0,0,0,0,0,0,197000,0,0,0,198000,1000,197000,197000
046294,台勝科統一92購01,0,0,0,0,0,0,0,0,0,197000,0,0,0,197000,0,197000,197000
052202,矽力統一96購01  ,0,0,0,0,0,0,0,0,0,196000,0,0,0,208000,12000,196000,196000
05084P,嘉聯益永豐95售02,0,0,0,0,0,0,0,0,0,196000,0,0,0,198000,2000,196000,196000
6414,樺漢            ,196000,24000,172000,0,0,0,0,0,0,24000,14000,16000,-2000,50000,24000,26000,196000
052006,康友富邦98購01  ,0,0,0,0,0,0,0,0,0,195000,0,0,0,1059000,864000,195000,195000
051157,華新科富邦98購01,0,0,0,0,0,0,0,0,0,195000,0,0,0,281000,86000,195000,195000
054954,華新科元大97購06,0,0,0,0,0,0,0,0,0,195000,0,0,0,218000,23000,195000,195000
044184,南亞科國泰93購01,0,0,0,0,0,0,0,0,0,194000,0,0,0,231000,37000,194000,194000
043936,和大兆豐92購01  ,0,0,0,0,0,0,0,0,0,194000,0,0,0,292000,98000,194000,194000
04853P,易華電永豐94售03,0,0,0,0,0,0,0,0,0,194000,0,0,0,194000,0,194000,194000
3533,嘉澤            ,302000,86000,216000,0,0,0,21000,61000,-40000,18000,61000,62000,-1000,22000,3000,19000,194000
052531,台積電國泰96購06,0,0,0,0,0,0,0,0,0,193000,0,0,0,405000,212000,193000,193000
052532,台積電國泰96購07,0,0,0,0,0,0,0,0,0,193000,0,0,0,889000,696000,193000,193000
052880,台積電凱基96購06,0,0,0,0,0,0,0,0,0,193000,0,0,0,218000,25000,193000,193000
6670,復盛應用        ,156000,23000,133000,0,0,0,0,0,0,60000,16000,10000,6000,54000,0,54000,193000
1589,永冠-KY         ,374000,212000,162000,0,0,0,0,0,0,31000,2000,1000,1000,34000,4000,30000,193000
04747P,臺股指元大94售22,0,0,0,0,0,0,0,0,0,192000,0,0,0,898000,706000,192000,192000
05729P,臺股指凱基97售02,0,0,0,0,0,0,0,0,0,192000,0,0,0,202000,10000,192000,192000
03881P,易華電永豐93售02,0,0,0,0,0,0,0,0,0,190000,0,0,0,190000,0,190000,190000
00693U,街口S&P黃豆     ,0,0,0,0,0,0,0,0,0,190000,0,0,0,364000,174000,190000,190000
048435,致新國票93購01  ,0,0,0,0,0,0,0,0,0,190000,0,0,0,202000,12000,190000,190000
048313,南亞科凱基93購06,0,0,0,0,0,0,0,0,0,190000,0,0,0,191000,1000,190000,190000
049043,新唐兆豐94購01  ,0,0,0,0,0,0,0,0,0,190000,0,0,0,200000,10000,190000,190000
05393P,鴻海統一95售14  ,0,0,0,0,0,0,0,0,0,189000,0,0,0,264000,75000,189000,189000
043862,和大元大92購01  ,0,0,0,0,0,0,0,0,0,189000,0,0,0,189000,0,189000,189000
051142,臺股指永豐95購02,0,0,0,0,0,0,0,0,0,189000,0,0,0,209000,20000,189000,189000
050984,大立光國泰97購01,0,0,0,0,0,0,0,0,0,189000,0,0,0,288000,99000,189000,189000
9945,潤泰新          ,403400,227200,176200,0,0,0,8000,0,8000,4000,4000,0,4000,0,0,0,188200
054051,貿聯元大97購03  ,0,0,0,0,0,0,0,0,0,188000,0,0,0,229000,41000,188000,188000
052635,奇力新凱基98購01,0,0,0,0,0,0,0,0,0,188000,0,0,0,216000,28000,188000,188000
053532,台積電永豐96購03,0,0,0,0,0,0,0,0,0,188000,0,0,0,188000,0,188000,188000
048100,貿聯凱基93購02  ,0,0,0,0,0,0,0,0,0,188000,0,0,0,218000,30000,188000,188000
053910,嘉聯益凱基98購01,0,0,0,0,0,0,0,0,0,187000,0,0,0,207000,20000,187000,187000
048063,聯發科統一93購03,0,0,0,0,0,0,0,0,0,187000,0,0,0,232000,45000,187000,187000
04729P,臺股指中信96售01,0,0,0,0,0,0,0,0,0,187000,0,0,0,250000,63000,187000,187000
048900,精成科國泰95購01,0,0,0,0,0,0,0,0,0,187000,0,0,0,380000,193000,187000,187000
047492,儒鴻元富93購01  ,0,0,0,0,0,0,0,0,0,187000,0,0,0,187000,0,187000,187000
05098P,鴻海凱基95售15  ,0,0,0,0,0,0,0,0,0,187000,0,0,0,187000,0,187000,187000
053833,彩晶台新97購02  ,0,0,0,0,0,0,0,0,0,186000,0,0,0,186000,0,186000,186000
054774,同欣電國票98購01,0,0,0,0,0,0,0,0,0,186000,0,0,0,186000,0,186000,186000
053438,玉晶光麥證97購02,0,0,0,261000,75000,186000,0,0,0,186000,0,0,0,261000,75000,186000,186000
052538,和大統一95購02  ,0,0,0,0,0,0,0,0,0,186000,0,0,0,266000,80000,186000,186000
5225,東科-KY         ,199000,14000,185000,0,0,0,0,0,0,1000,1000,0,1000,0,0,0,186000
05823P,臺股指凱基96售20,0,0,0,0,0,0,0,0,0,186000,0,0,0,186000,0,186000,186000
047674,群創元富96購02  ,0,0,0,0,0,0,0,0,0,185000,0,0,0,278000,93000,185000,185000
047759,復盛元富93購01  ,0,0,0,0,0,0,0,0,0,185000,0,0,0,313000,128000,185000,185000
04358P,TPK永豐94售01   ,0,0,0,0,0,0,0,0,0,185000,0,0,0,235000,50000,185000,185000
043599,宏達電元大93購03,0,0,0,0,0,0,0,0,0,185000,0,0,0,185000,0,185000,185000
04154P,南亞科永豐93售02,0,0,0,0,0,0,0,0,0,185000,0,0,0,185000,0,185000,185000
046703,瑞昱元富95購01  ,0,0,0,0,0,0,0,0,0,185000,0,0,0,249000,64000,185000,185000
05730P,臺股指凱基97售03,0,0,0,0,0,0,0,0,0,185000,0,0,0,185000,0,185000,185000
053231,奇力新康和96購01,0,0,0,0,0,0,0,0,0,184000,0,0,0,213000,29000,184000,184000
04595P,臺股指元大94售13,0,0,0,0,0,0,0,0,0,184000,0,0,0,600000,416000,184000,184000
049121,元油2X元富94購06,0,0,0,0,0,0,0,0,0,184000,0,0,0,194000,10000,184000,184000
051225,台積電群益95購02,0,0,0,0,0,0,0,0,0,184000,0,0,0,237000,53000,184000,184000
2426,鼎元            ,219000,35000,184000,0,0,0,0,0,0,0,0,0,0,0,0,0,184000
053253,友達國泰97購02  ,0,0,0,0,0,0,0,0,0,183000,0,0,0,183000,0,183000,183000
050010,鈺齊永豐94購01  ,0,0,0,0,0,0,0,0,0,183000,0,0,0,228000,45000,183000,183000
053077,同欣電永豐96購01,0,0,0,0,0,0,0,0,0,182000,0,0,0,182000,0,182000,182000
05401P,聯茂永豐95售03  ,0,0,0,0,0,0,0,0,0,182000,0,0,0,250000,68000,182000,182000
049052,台積電永豐94購02,0,0,0,0,0,0,0,0,0,182000,0,0,0,202000,20000,182000,182000
049438,嘉晶國泰96購01  ,0,0,0,0,0,0,0,0,0,182000,0,0,0,230000,48000,182000,182000
050989,台表科富邦95購01,0,0,0,0,0,0,0,0,0,182000,0,0,0,182000,0,182000,182000
054435,華新科台新97購02,0,0,0,0,0,0,0,0,0,181000,0,0,0,220000,39000,181000,181000
052361,大成鋼國票96購01,0,0,0,0,0,0,0,0,0,181000,0,0,0,200000,19000,181000,181000
052722,群創統一97購02  ,0,0,0,0,0,0,0,0,0,181000,0,0,0,442000,261000,181000,181000
049534,華擎永豐94購02  ,0,0,0,0,0,0,0,0,0,181000,0,0,0,181000,0,181000,181000
046289,群創兆豐92購03  ,0,0,0,0,0,0,0,0,0,181000,0,0,0,181000,0,181000,181000
049922,禾伸堂元大95購01,0,0,0,0,0,0,0,0,0,181000,0,0,0,188000,7000,181000,181000
052305,GIS永豐95購03   ,0,0,0,0,0,0,0,0,0,181000,0,0,0,214000,33000,181000,181000
052396,台積電凱基97購01,0,0,0,0,0,0,0,0,0,180000,0,0,0,181000,1000,180000,180000
04213P,台光電凱基93售11,0,0,0,0,0,0,0,0,0,180000,0,0,0,180000,0,180000,180000
05204P,TPK元大95售03   ,0,0,0,0,0,0,0,0,0,180000,0,0,0,200000,20000,180000,180000
2002,中鋼            ,3944886,5012000,-1067114,0,0,0,1308000,10000,1298000,-51000,10000,61000,-51000,0,0,0,179886
044834,旺宏元大93購02  ,0,0,0,0,0,0,0,0,0,179000,0,0,0,192000,13000,179000,179000
03856P,易華電永豐93售01,0,0,0,0,0,0,0,0,0,179000,0,0,0,179000,0,179000,179000
2812,台中銀          ,189000,282000,-93000,0,0,0,272000,0,272000,0,0,0,0,0,0,0,179000
8046,南電            ,812000,301000,511000,0,0,0,0,341000,-341000,9000,8000,0,8000,22000,21000,1000,179000
8215,明基材          ,259000,80000,179000,0,0,0,0,0,0,0,0,0,0,0,0,0,179000
2428,興勤            ,204474,28000,176474,0,0,0,0,0,0,2000,0,0,0,3000,1000,2000,178474
052924,旺宏永豐96購01  ,0,0,0,0,0,0,0,0,0,178000,0,0,0,188000,10000,178000,178000
048613,智原凱基93購03  ,0,0,0,0,0,0,0,0,0,178000,0,0,0,191000,13000,178000,178000
048672,日電貿永豐93購02,0,0,0,0,0,0,0,0,0,178000,0,0,0,178000,0,178000,178000
050385,貿聯國票95購02  ,0,0,0,0,0,0,0,0,0,178000,0,0,0,190000,12000,178000,178000
2388,威盛            ,213000,36000,177000,0,0,0,0,0,0,1000,1000,0,1000,0,0,0,178000
043611,台積電群益92購03,0,0,0,0,0,0,0,0,0,177000,0,0,0,277000,100000,177000,177000
048341,全新元大94購03  ,0,0,0,0,0,0,0,0,0,177000,0,0,0,187000,10000,177000,177000
049101,聯詠國泰95購01  ,0,0,0,0,0,0,0,0,0,177000,0,0,0,184000,7000,177000,177000
054195,亞泥國泰98購01  ,0,0,0,0,0,0,0,0,0,176000,0,0,0,280000,104000,176000,176000
042927,道瓊反中信94購01,0,0,0,0,0,0,0,0,0,176000,0,0,0,185000,9000,176000,176000
046031,建準元大92購03  ,0,0,0,0,0,0,0,0,0,176000,0,0,0,176000,0,176000,176000
3702A,大聯大甲特      ,0,0,0,0,0,0,0,0,0,176000,176000,0,176000,0,0,0,176000
2929,淘帝-KY         ,178683,11340,167343,0,0,0,0,0,0,8000,2000,0,2000,6000,0,6000,175343
043765,GIS元大93購04   ,0,0,0,0,0,0,0,0,0,175000,0,0,0,200000,25000,175000,175000
049188,可成台新94購01  ,0,0,0,0,0,0,0,0,0,175000,0,0,0,197000,22000,175000,175000
049479,矽格永豐94購01  ,0,0,0,0,0,0,0,0,0,175000,0,0,0,365000,190000,175000,175000
047872,貿聯永豐93購02  ,0,0,0,0,0,0,0,0,0,175000,0,0,0,345000,170000,175000,175000
052253,康控永豐95購04  ,0,0,0,0,0,0,0,0,0,175000,0,0,0,175000,0,175000,175000
051938,旭富群益95購01  ,0,0,0,0,0,0,0,0,0,175000,0,0,0,175000,0,175000,175000
053664,臺股指凱基96購25,0,0,0,0,0,0,0,0,0,174000,0,0,0,174000,0,174000,174000
00676R,富邦臺灣加權反1 ,0,0,0,0,0,0,0,0,0,174000,0,0,0,719000,545000,174000,174000
04268P,南電元富93售03  ,0,0,0,0,0,0,0,0,0,174000,0,0,0,174000,0,174000,174000
051269,康友富邦97購01  ,0,0,0,0,0,0,0,0,0,174000,0,0,0,174000,0,174000,174000
050101,台積電永昌96購03,0,0,0,0,0,0,0,0,0,174000,0,0,0,227000,53000,174000,174000
053070,訊芯群益96購01  ,0,0,0,0,0,0,0,0,0,173000,0,0,0,525000,352000,173000,173000
053312,緯穎凱基96購02  ,0,0,0,0,0,0,0,0,0,173000,0,0,0,233000,60000,173000,173000
03605P,美利達統一92售01,0,0,0,0,0,0,0,0,0,173000,0,0,0,173000,0,173000,173000
051461,聯詠國泰96購01  ,0,0,0,0,0,0,0,0,0,173000,0,0,0,465000,292000,173000,173000
8996,高力            ,233000,223000,10000,0,0,0,0,0,0,163000,163000,0,163000,0,0,0,173000
053026,奇力新富邦98購01,0,0,0,0,0,0,0,0,0,172000,0,0,0,245000,73000,172000,172000
054663,同欣電元大97購03,0,0,0,0,0,0,0,0,0,172000,0,0,0,212000,40000,172000,172000
047795,臺股指群益93購06,0,0,0,0,0,0,0,0,0,172000,0,0,0,172000,0,172000,172000
046332,同欣電元大92購01,0,0,0,0,0,0,0,0,0,172000,0,0,0,196000,24000,172000,172000
049281,嘉聯益國票95購01,0,0,0,0,0,0,0,0,0,172000,0,0,0,172000,0,172000,172000
051530,鴻海國票97購01  ,0,0,0,0,0,0,0,0,0,172000,0,0,0,400000,228000,172000,172000
054503,京鼎永豐96購04  ,0,0,0,0,0,0,0,0,0,171000,0,0,0,324000,153000,171000,171000
044850,南亞科統一94購01,0,0,0,0,0,0,0,0,0,171000,0,0,0,176000,5000,171000,171000
054456,華泰群益99購01  ,0,0,0,0,0,0,0,0,0,170000,0,0,0,170000,0,170000,170000
03365P,元油2X富邦98售01,0,0,0,0,0,0,0,0,0,170000,0,0,0,170000,0,170000,170000
048370,可成統一93購04  ,0,0,0,0,0,0,0,0,0,170000,0,0,0,170000,0,170000,170000
054953,華新科元大97購05,0,0,0,0,0,0,0,0,0,170000,0,0,0,181000,11000,170000,170000
054425,聯發科富邦99購03,0,0,0,0,0,0,0,0,0,169000,0,0,0,178000,9000,169000,169000
054085,華新科統一96購04,0,0,0,0,0,0,0,0,0,169000,0,0,0,367000,198000,169000,169000
050296,亞光凱基94購03  ,0,0,0,0,0,0,0,0,0,169000,0,0,0,309000,140000,169000,169000
05434P,世紀鋼元富95售02,0,0,0,0,0,0,0,0,0,168000,0,0,0,183000,15000,168000,168000
054519,禾伸堂元大97購02,0,0,0,0,0,0,0,0,0,168000,0,0,0,184000,16000,168000,168000
052687,國泰金元大96購03,0,0,0,0,0,0,0,0,0,168000,0,0,0,218000,50000,168000,168000
047688,亞德客富邦95購01,0,0,0,0,0,0,0,0,0,168000,0,0,0,754000,586000,168000,168000
050089,臻鼎台新94購01  ,0,0,0,0,0,0,0,0,0,168000,0,0,0,168000,0,168000,168000
050778,瑞儀元大96購01  ,0,0,0,0,0,0,0,0,0,168000,0,0,0,244000,76000,168000,168000
052671,祥碩群益96購01  ,0,0,0,0,0,0,0,0,0,167000,0,0,0,238000,71000,167000,167000
054137,聯詠元大97購02  ,0,0,0,0,0,0,0,0,0,167000,0,0,0,334000,167000,167000,167000
044424,儒鴻國泰92購01  ,0,0,0,0,0,0,0,0,0,167000,0,0,0,177000,10000,167000,167000
048172,祥碩永豐93購02  ,0,0,0,0,0,0,0,0,0,167000,0,0,0,352000,185000,167000,167000
052131,台積電凱基96購01,0,0,0,0,0,0,0,0,0,167000,0,0,0,470000,303000,167000,167000
053413,台積電國票99購01,0,0,0,0,0,0,0,0,0,166000,0,0,0,193000,27000,166000,166000
053626,台積電兆豐96購03,0,0,0,0,0,0,0,0,0,166000,0,0,0,536000,370000,166000,166000
03759P,世紀鋼永豐93售01,0,0,0,0,0,0,0,0,0,166000,0,0,0,166000,0,166000,166000
046421,群創元大92購11  ,0,0,0,0,0,0,0,0,0,166000,0,0,0,166000,0,166000,166000
050188,貿聯元大96購01  ,0,0,0,0,0,0,0,0,0,166000,0,0,0,441000,275000,166000,166000
4564,元翎            ,167000,0,167000,0,0,0,0,0,0,-1000,0,0,0,0,1000,-1000,166000
054095,同欣電群益98購03,0,0,0,0,0,0,0,0,0,165000,0,0,0,245000,80000,165000,165000
049584,台積電元大96購04,0,0,0,0,0,0,0,0,0,164000,0,0,0,195000,31000,164000,164000
051232,貿聯群益95購02  ,0,0,0,0,0,0,0,0,0,164000,0,0,0,351000,187000,164000,164000
05843P,台積電元大96售16,0,0,0,0,0,0,0,0,0,164000,0,0,0,302000,138000,164000,164000
054698,同欣電永豐97購01,0,0,0,0,0,0,0,0,0,163000,0,0,0,163000,0,163000,163000
045001,旺宏富邦94購01  ,0,0,0,0,0,0,0,0,0,163000,0,0,0,231000,68000,163000,163000
048797,美律國泰95購02  ,0,0,0,0,0,0,0,0,0,163000,0,0,0,320000,157000,163000,163000
046333,康友元大92購05  ,0,0,0,0,0,0,0,0,0,162000,0,0,0,245000,83000,162000,162000
053841,美律統一96購01  ,0,0,0,0,0,0,0,0,0,161000,0,0,0,161000,0,161000,161000
045939,緯穎群益92購03  ,0,0,0,0,0,0,0,0,0,161000,0,0,0,199000,38000,161000,161000
051466,玉晶光富邦97購01,0,0,0,0,0,0,0,0,0,161000,0,0,0,163000,2000,161000,161000
1718,中纖            ,279000,118000,161000,0,0,0,0,0,0,0,0,0,0,0,0,0,161000
053924,京鼎國票97購01  ,0,0,0,0,0,0,0,0,0,160000,0,0,0,160000,0,160000,160000
054189,貿聯永豐96購03  ,0,0,0,0,0,0,0,0,0,160000,0,0,0,170000,10000,160000,160000
054741,亞光凱基99購01  ,0,0,0,0,0,0,0,0,0,160000,0,0,0,208000,48000,160000,160000
05245P,台積電元大95售18,0,0,0,0,0,0,0,0,0,160000,0,0,0,443000,283000,160000,160000
043879,貿聯元大92購01  ,0,0,0,0,0,0,0,0,0,160000,0,0,0,160000,0,160000,160000
046548,傳奇永豐92購02  ,0,0,0,0,0,0,0,0,0,160000,0,0,0,160000,0,160000,160000
046127,臻鼎元大92購07  ,0,0,0,0,0,0,0,0,0,160000,0,0,0,300000,140000,160000,160000
046845,燿華永豐93購01  ,0,0,0,0,0,0,0,0,0,160000,0,0,0,160000,0,160000,160000
050795,超眾富邦94購01  ,0,0,0,0,0,0,0,0,0,160000,0,0,0,160000,0,160000,160000
05655P,南亞科統一96售01,0,0,0,0,0,0,0,0,0,160000,0,0,0,162000,2000,160000,160000
052841,群創富邦96購02  ,0,0,0,0,0,0,0,0,0,159000,0,0,0,766000,607000,159000,159000
054770,健策國票98購01  ,0,0,0,0,0,0,0,0,0,159000,0,0,0,169000,10000,159000,159000
054490,臻鼎台新96購02  ,0,0,0,0,0,0,0,0,0,159000,0,0,0,299000,140000,159000,159000
054047,富邦金元大97購01,0,0,0,0,0,0,0,0,0,159000,0,0,0,160000,1000,159000,159000
045930,康控永豐92購01  ,0,0,0,0,0,0,0,0,0,159000,0,0,0,219000,60000,159000,159000
044337,大立光統一91購10,0,0,0,0,0,0,0,0,0,159000,0,0,0,159000,0,159000,159000
2855,統一證          ,246000,114000,132000,0,0,0,27000,0,27000,0,0,0,0,0,0,0,159000
053096,康控統一96購01  ,0,0,0,0,0,0,0,0,0,158000,0,0,0,188000,30000,158000,158000
046630,京元電元富95購03,0,0,0,0,0,0,0,0,0,158000,0,0,0,158000,0,158000,158000
052161,義隆永豐95購03  ,0,0,0,0,0,0,0,0,0,158000,0,0,0,420000,262000,158000,158000
051829,玉晶光元大98購02,0,0,0,0,0,0,0,0,0,158000,0,0,0,168000,10000,158000,158000
052552,智邦國票97購01  ,0,0,0,0,0,0,0,0,0,157000,0,0,0,204000,47000,157000,157000
046195,聯詠凱基92購08  ,0,0,0,0,0,0,0,0,0,157000,0,0,0,182000,25000,157000,157000
048962,宏全康和94購01  ,0,0,0,0,0,0,0,0,0,157000,0,0,0,157000,0,157000,157000
052089,聯發科元大96購02,0,0,0,0,0,0,0,0,0,157000,0,0,0,302000,145000,157000,157000
053848,聯發科元富96購03,0,0,0,0,0,0,0,0,0,156000,0,0,0,166000,10000,156000,156000
054337,智邦統一96購01  ,0,0,0,0,0,0,0,0,0,156000,0,0,0,198000,42000,156000,156000
044307,GIS兆豐93購01   ,0,0,0,0,0,0,0,0,0,156000,0,0,0,309000,153000,156000,156000
039900,上証2X國泰92購01,0,0,0,0,0,0,0,0,0,156000,0,0,0,184000,28000,156000,156000
049341,旺宏統一95購01  ,0,0,0,0,0,0,0,0,0,156000,0,0,0,170000,14000,156000,156000
050240,聯發科凱基94購13,0,0,0,0,0,0,0,0,0,156000,0,0,0,176000,20000,156000,156000
043771,鴻海兆豐92購01  ,0,0,0,0,0,0,0,0,0,155000,0,0,0,330000,175000,155000,155000
048934,日電貿永豐94購01,0,0,0,0,0,0,0,0,0,155000,0,0,0,155000,0,155000,155000
053014,旺宏統一97購02  ,0,0,0,0,0,0,0,0,0,154000,0,0,0,225000,71000,154000,154000
006206,元大上證50      ,0,1000,-1000,0,0,0,0,0,0,155000,0,0,0,155000,0,155000,154000
04923P,GIS凱基94售06   ,0,0,0,0,0,0,0,0,0,154000,0,0,0,154000,0,154000,154000
053091,同欣電元大96購01,0,0,0,0,0,0,0,0,0,153000,0,0,0,199000,46000,153000,153000
054683,川湖永豐97購01  ,0,0,0,0,0,0,0,0,0,153000,0,0,0,153000,0,153000,153000
054949,奇力新元大98購01,0,0,0,0,0,0,0,0,0,153000,0,0,0,211000,58000,153000,153000
055003,群創元富99購05  ,0,0,0,0,0,0,0,0,0,153000,0,0,0,195000,42000,153000,153000
050468,矽格中信94購01  ,0,0,0,0,0,0,0,0,0,152000,0,0,0,162000,10000,152000,152000
050430,京元電凱基94購03,0,0,0,0,0,0,0,0,0,152000,0,0,0,152000,0,152000,152000
052168,鴻海元大96購10  ,0,0,0,0,0,0,0,0,0,152000,0,0,0,302000,150000,152000,152000
051432,群創元富99購03  ,0,0,0,0,0,0,0,0,0,152000,0,0,0,202000,50000,152000,152000
2103,台橡            ,231000,87000,144000,0,0,0,0,0,0,8000,8000,0,8000,0,0,0,152000
03321P,智邦凱基03售01  ,0,0,0,0,0,0,0,0,0,150000,0,0,0,150000,0,150000,150000
047885,元金2X富邦99購01,0,0,0,0,0,0,0,0,0,150000,0,0,0,300000,150000,150000,150000
047305,卜蜂元大93購02  ,0,0,0,0,0,0,0,0,0,150000,0,0,0,150000,0,150000,150000
048556,技嘉元大93購03  ,0,0,0,0,0,0,0,0,0,150000,0,0,0,150000,0,150000,150000
046626,台光電統一94購01,0,0,0,0,0,0,0,0,0,150000,0,0,0,150000,0,150000,150000
048248,聯發科兆豐95購01,0,0,0,0,0,0,0,0,0,150000,0,0,0,150000,0,150000,150000
051447,新光金元大97購01,0,0,0,0,0,0,0,0,0,150000,0,0,0,150000,0,150000,150000
051371,超眾富邦95購01  ,0,0,0,0,0,0,0,0,0,150000,0,0,0,150000,0,150000,150000
05161P,華新科國票96售01,0,0,0,0,0,0,0,0,0,150000,0,0,0,150000,0,150000,150000
050460,GIS元大95購03   ,0,0,0,0,0,0,0,0,0,150000,0,0,0,216000,66000,150000,150000
053113,瀚宇博兆豐97購01,0,0,0,0,0,0,0,0,0,149000,0,0,0,149000,0,149000,149000
044499,中磊元大91購02  ,0,0,0,0,0,0,0,0,0,149000,0,0,0,149000,0,149000,149000
045095,緯穎元大94購02  ,0,0,0,0,0,0,0,0,0,149000,0,0,0,149000,0,149000,149000
048339,友達元大95購01  ,0,0,0,0,0,0,0,0,0,149000,0,0,0,210000,61000,149000,149000
046792,京元電元富96購01,0,0,0,0,0,0,0,0,0,149000,0,0,0,213000,64000,149000,149000
050261,國巨元大95購04  ,0,0,0,0,0,0,0,0,0,149000,0,0,0,222000,73000,149000,149000
050223,聯茂元富94購02  ,0,0,0,0,0,0,0,0,0,149000,0,0,0,208000,59000,149000,149000
052852,國巨元富96購02  ,0,0,0,0,0,0,0,0,0,148000,0,0,0,788000,640000,148000,148000
054375,貿聯中信99購01  ,0,0,0,0,0,0,0,0,0,148000,0,0,0,200000,52000,148000,148000
044776,致伸元大91購02  ,0,0,0,0,0,0,0,0,0,148000,0,0,0,148000,0,148000,148000
046892,聯發科群益93購04,0,0,0,0,0,0,0,0,0,148000,0,0,0,259000,111000,148000,148000
050400,臻鼎中信97購01  ,0,0,0,0,0,0,0,0,0,148000,0,0,0,240000,92000,148000,148000
051970,元黃金凱基98購01,0,0,0,0,0,0,0,0,0,148000,0,0,0,186000,38000,148000,148000
054937,國巨元大97購03  ,0,0,0,0,0,0,0,0,0,148000,0,0,0,163000,15000,148000,148000
052884,台積電兆豐96購01,0,0,0,0,0,0,0,0,0,147000,0,0,0,359000,212000,147000,147000
046858,群創元大94購02  ,0,0,0,0,0,0,0,0,0,147000,0,0,0,1014000,867000,147000,147000
05149P,緯穎國泰96售01  ,0,0,0,0,0,0,0,0,0,147000,0,0,0,451000,304000,147000,147000
049988,貿聯凱基94購02  ,0,0,0,0,0,0,0,0,0,146000,0,0,0,427000,281000,146000,146000
05673P,台積電群益96售05,0,0,0,0,0,0,0,0,0,146000,0,0,0,1065000,919000,146000,146000
053995,奇力新群益97購02,0,0,0,0,0,0,0,0,0,145000,0,0,0,244000,99000,145000,145000
054198,台積電永昌96購08,0,0,0,0,0,0,0,0,0,145000,0,0,0,145000,0,145000,145000
054165,亞光凱基96購02  ,0,0,0,0,0,0,0,0,0,145000,0,0,0,245000,100000,145000,145000
044779,GIS元大93購05   ,0,0,0,0,0,0,0,0,0,145000,0,0,0,150000,5000,145000,145000
045356,智易凱基92購01  ,0,0,0,0,0,0,0,0,0,145000,0,0,0,145000,0,145000,145000
05731P,創意統一96售03  ,0,0,0,0,0,0,0,0,0,145000,0,0,0,174000,29000,145000,145000
3673,TPK-KY          ,324000,275000,49000,0,0,0,0,0,0,96000,91000,0,91000,19000,14000,5000,145000
052650,台郡永豐96購01  ,0,0,0,0,0,0,0,0,0,144000,0,0,0,150000,6000,144000,144000
05330P,臺股指凱基95售14,0,0,0,0,0,0,0,0,0,144000,0,0,0,193000,49000,144000,144000
050026,友達元大96購01  ,0,0,0,0,0,0,0,0,0,144000,0,0,0,209000,65000,144000,144000
052176,景碩元大96購01  ,0,0,0,0,0,0,0,0,0,144000,0,0,0,150000,6000,144000,144000
06078P,臺股指凱基9A售01,0,0,0,0,0,0,0,0,0,144000,0,0,0,244000,100000,144000,144000
052534,貿聯國泰96購02  ,0,0,0,0,0,0,0,0,0,143000,0,0,0,218000,75000,143000,143000
052448,新光金元大96購03,0,0,0,0,0,0,0,0,0,143000,0,0,0,203000,60000,143000,143000
053751,康控永豐96購02  ,0,0,0,0,0,0,0,0,0,143000,0,0,0,143000,0,143000,143000
045127,鴻海統一92購01  ,0,0,0,0,0,0,0,0,0,143000,0,0,0,198000,55000,143000,143000
044163,台光電元大92購01,0,0,0,0,0,0,0,0,0,143000,0,0,0,167000,24000,143000,143000
2402,毅嘉            ,235000,92000,143000,0,0,0,0,0,0,0,0,0,0,0,0,0,143000
05740P,宏達電元富96售01,0,0,0,0,0,0,0,0,0,143000,0,0,0,194000,51000,143000,143000
053154,聯詠元大96購01  ,0,0,0,0,0,0,0,0,0,142000,0,0,0,648000,506000,142000,142000
045968,貿聯凱基92購03  ,0,0,0,0,0,0,0,0,0,142000,0,0,0,147000,5000,142000,142000
045167,玉晶光富邦92購01,0,0,0,0,0,0,0,0,0,142000,0,0,0,142000,0,142000,142000
051297,台積電凱基95購07,0,0,0,0,0,0,0,0,0,142000,0,0,0,336000,194000,142000,142000
050633,義隆群益96購02  ,0,0,0,0,0,0,0,0,0,142000,0,0,0,152000,10000,142000,142000
05776P,鴻海統一98售02  ,0,0,0,0,0,0,0,0,0,142000,0,0,0,145000,3000,142000,142000
052658,友達元富9C購01  ,0,0,0,0,0,0,0,0,0,141000,0,0,0,141000,0,141000,141000
054260,貿聯元大96購03  ,0,0,0,0,0,0,0,0,0,141000,0,0,0,162000,21000,141000,141000
054533,泰碩國泰98購01  ,0,0,0,0,0,0,0,0,0,141000,0,0,0,141000,0,141000,141000
050806,華新科日盛95購01,0,0,0,0,0,0,0,0,0,141000,0,0,0,175000,34000,141000,141000
051073,同欣電國票96購01,0,0,0,0,0,0,0,0,0,141000,0,0,0,142000,1000,141000,141000
2031,新光鋼          ,185000,33000,152000,0,0,0,0,0,0,-11000,0,11000,-11000,0,0,0,141000
054700,致新永豐97購01  ,0,0,0,0,0,0,0,0,0,140000,0,0,0,195000,55000,140000,140000
052673,T50反1國泰97購01,0,0,0,0,0,0,0,0,0,140000,0,0,0,150000,10000,140000,140000
044639,京元電元富94購01,0,0,0,0,0,0,0,0,0,140000,0,0,0,330000,190000,140000,140000
042942,永冠國票94購01  ,0,0,0,0,0,0,0,0,0,140000,0,0,0,140000,0,140000,140000
046217,康友富邦94購01  ,0,0,0,0,0,0,0,0,0,140000,0,0,0,140000,0,140000,140000
048269,瀚宇博國泰95購01,0,0,0,0,0,0,0,0,0,140000,0,0,0,260000,120000,140000,140000
046428,矽力元大92購02  ,0,0,0,0,0,0,0,0,0,140000,0,0,0,250000,110000,140000,140000
051777,聯發科群益95購04,0,0,0,0,0,0,0,0,0,140000,0,0,0,171000,31000,140000,140000
050534,臻鼎兆豐94購01  ,0,0,0,0,0,0,0,0,0,140000,0,0,0,150000,10000,140000,140000
050151,台積電群益94購12,0,0,0,0,0,0,0,0,0,140000,0,0,0,200000,60000,140000,140000
2458,義隆            ,965000,826000,139000,0,0,0,0,0,0,1000,5000,60000,-55000,69000,13000,56000,140000
04301P,微星中信93售01  ,0,0,0,0,0,0,0,0,0,139000,0,0,0,139000,0,139000,139000
047726,友達群益94購02  ,0,0,0,0,0,0,0,0,0,139000,0,0,0,208000,69000,139000,139000
046369,同欣電日盛92購01,0,0,0,0,0,0,0,0,0,139000,0,0,0,292000,153000,139000,139000
046293,聯發科統一94購01,0,0,0,0,0,0,0,0,0,139000,0,0,0,482000,343000,139000,139000
05653P,華邦電統一96售02,0,0,0,0,0,0,0,0,0,139000,0,0,0,156000,17000,139000,139000
053187,國巨統一96購05  ,0,0,0,0,0,0,0,0,0,138000,0,0,0,248000,110000,138000,138000
054252,奇力新元大96購04,0,0,0,0,0,0,0,0,0,138000,0,0,0,140000,2000,138000,138000
046105,同欣電永豐92購02,0,0,0,0,0,0,0,0,0,138000,0,0,0,276000,138000,138000,138000
051291,聯詠統一95購01  ,0,0,0,0,0,0,0,0,0,138000,0,0,0,356000,218000,138000,138000
053888,和大群益97購01  ,0,0,0,0,0,0,0,0,0,137000,0,0,0,326000,189000,137000,137000
04411P,智易統一96售01  ,0,0,0,0,0,0,0,0,0,136000,0,0,0,136000,0,136000,136000
00766L,台新MSCI中國正2 ,0,0,0,0,0,0,0,0,0,136000,0,0,0,392000,256000,136000,136000
048109,旺宏群益94購02  ,0,0,0,0,0,0,0,0,0,136000,0,0,0,150000,14000,136000,136000
049593,群創元大9A購01  ,0,0,0,0,0,0,0,0,0,136000,0,0,0,822000,686000,136000,136000
049970,康控國票95購03  ,0,0,0,0,0,0,0,0,0,136000,0,0,0,136000,0,136000,136000
04978P,台表科凱基94售02,0,0,0,0,0,0,0,0,0,136000,0,0,0,136000,0,136000,136000
050715,台積電群益96購01,0,0,0,0,0,0,0,0,0,136000,0,0,0,181000,45000,136000,136000
9946,三發地產        ,197000,65000,132000,0,0,0,0,0,0,4000,4000,0,4000,0,0,0,136000
054366,和大中信98購01  ,0,0,0,0,0,0,0,0,0,135000,0,0,0,152000,17000,135000,135000
046146,南亞科第一92購01,0,0,0,0,0,0,0,0,0,135000,0,0,0,135000,0,135000,135000
051051,鴻海群益95購04  ,0,0,0,0,0,0,0,0,0,135000,0,0,0,812000,677000,135000,135000
051850,臻鼎中信96購01  ,0,0,0,0,0,0,0,0,0,135000,0,0,0,165000,30000,135000,135000
05961P,鴻海群益97售01  ,0,0,0,0,0,0,0,0,0,135000,0,0,0,150000,15000,135000,135000
052528,茂林元大95購05  ,0,0,0,0,0,0,0,0,0,134000,0,0,0,134000,0,134000,134000
047703,台積電凱基93購19,0,0,0,0,0,0,0,0,0,134000,0,0,0,134000,0,134000,134000
6416,瑞祺電通        ,133000,8000,125000,0,0,0,0,0,0,9000,15000,6000,9000,0,0,0,134000
3023,信邦            ,256000,146232,109768,0,0,0,4000,0,4000,20000,4000,1000,3000,21000,4000,17000,133768
6415,矽力-KY         ,374000,210000,164000,0,0,0,6000,0,6000,-37000,10000,3000,7000,8000,52000,-44000,133000
2524,京城            ,154000,21000,133000,0,0,0,0,0,0,0,0,0,0,0,0,0,133000
05824P,臺股指凱基96售21,0,0,0,0,0,0,0,0,0,133000,0,0,0,245000,112000,133000,133000
046844,旺宏永豐93購01  ,0,0,0,0,0,0,0,0,0,132000,0,0,0,242000,110000,132000,132000
050529,矽格元大94購05  ,0,0,0,0,0,0,0,0,0,132000,0,0,0,234000,102000,132000,132000
052629,訊芯中信99購01  ,0,0,0,0,0,0,0,0,0,131000,0,0,0,703000,572000,131000,131000
053020,貿聯元富96購01  ,0,0,0,0,0,0,0,0,0,131000,0,0,0,243000,112000,131000,131000
054535,旺宏富邦97購02  ,0,0,0,0,0,0,0,0,0,131000,0,0,0,500000,369000,131000,131000
044110,智原國票91購02  ,0,0,0,0,0,0,0,0,0,131000,0,0,0,131000,0,131000,131000
043148,裕隆統一93購01  ,0,0,0,0,0,0,0,0,0,131000,0,0,0,190000,59000,131000,131000
050387,鴻海統一94購08  ,0,0,0,0,0,0,0,0,0,131000,0,0,0,174000,43000,131000,131000
6412,群電            ,244000,117000,127000,0,0,0,0,0,0,4000,4000,0,4000,0,0,0,131000
053779,台光電元大96購02,0,0,0,0,0,0,0,0,0,130000,0,0,0,181000,51000,130000,130000
044077,元油反國票92購01,0,0,0,0,0,0,0,0,0,130000,0,0,0,130000,0,130000,130000
044336,中信金統一91購01,0,0,0,0,0,0,0,0,0,130000,0,0,0,130000,0,130000,130000
047537,聯發科日盛93購01,0,0,0,0,0,0,0,0,0,130000,0,0,0,150000,20000,130000,130000
051122,美食群益95購01  ,0,0,0,0,0,0,0,0,0,130000,0,0,0,213000,83000,130000,130000
051213,華新科統一95購01,0,0,0,0,0,0,0,0,0,130000,0,0,0,134000,4000,130000,130000
05622P,台積電中信96售02,0,0,0,0,0,0,0,0,0,130000,0,0,0,130000,0,130000,130000
052461,和大統一95購01  ,0,0,0,0,0,0,0,0,0,129000,0,0,0,180000,51000,129000,129000
051263,深中小富邦96購01,0,0,0,0,0,0,0,0,0,129000,0,0,0,499000,370000,129000,129000
051295,國巨元富95購04  ,0,0,0,0,0,0,0,0,0,129000,0,0,0,241000,112000,129000,129000
050678,美律統一94購04  ,0,0,0,0,0,0,0,0,0,129000,0,0,0,284000,155000,129000,129000
052951,GIS國票97購02   ,0,0,0,0,0,0,0,0,0,128000,0,0,0,152000,24000,128000,128000
053440,台積電凱基96購12,0,0,0,0,0,0,0,0,0,128000,0,0,0,128000,0,128000,128000
00703,台新MSCI中國    ,0,0,0,0,0,0,0,0,0,128000,0,0,0,236000,108000,128000,128000
04851P,創意永豐94售02  ,0,0,0,0,0,0,0,0,0,128000,0,0,0,128000,0,128000,128000
049644,台積電凱基94購21,0,0,0,0,0,0,0,0,0,128000,0,0,0,166000,38000,128000,128000
049948,聯發科麥證94購01,0,0,0,128000,0,128000,0,0,0,128000,0,0,0,128000,0,128000,128000
051201,台積電麥證95購02,0,0,0,138000,10000,128000,0,0,0,128000,0,0,0,138000,10000,128000,128000
052311,台積電富邦95購09,0,0,0,0,0,0,0,0,0,128000,0,0,0,128000,0,128000,128000
2520,冠德            ,248000,125000,123000,0,0,0,0,0,0,5000,8000,1000,7000,9000,11000,-2000,128000
053327,彩晶台新97購01  ,0,0,0,0,0,0,0,0,0,127000,0,0,0,127000,0,127000,127000
05282P,可成元大95售09  ,0,0,0,0,0,0,0,0,0,127000,0,0,0,202000,75000,127000,127000
04162P,南亞科統一94售02,0,0,0,0,0,0,0,0,0,127000,0,0,0,262000,135000,127000,127000
048481,瑞儀中信93購01  ,0,0,0,0,0,0,0,0,0,127000,0,0,0,127000,0,127000,127000
047946,南亞科統一93購04,0,0,0,0,0,0,0,0,0,127000,0,0,0,175000,48000,127000,127000
052430,泰碩永豐95購02  ,0,0,0,0,0,0,0,0,0,126000,0,0,0,146000,20000,126000,126000
052521,友達元大9B購01  ,0,0,0,0,0,0,0,0,0,126000,0,0,0,153000,27000,126000,126000
053339,友達國票97購02  ,0,0,0,0,0,0,0,0,0,126000,0,0,0,136000,10000,126000,126000
053791,同欣電元大96購05,0,0,0,0,0,0,0,0,0,126000,0,0,0,167000,41000,126000,126000
041912,上緯控元大92購01,0,0,0,0,0,0,0,0,0,126000,0,0,0,126000,0,126000,126000
045995,台表科富邦93購01,0,0,0,0,0,0,0,0,0,126000,0,0,0,126000,0,126000,126000
050152,聯發科群益94購07,0,0,0,0,0,0,0,0,0,126000,0,0,0,150000,24000,126000,126000
050583,瑞儀國票94購01  ,0,0,0,0,0,0,0,0,0,126000,0,0,0,126000,0,126000,126000
053717,聯發科凱基96購17,0,0,0,0,0,0,0,0,0,125000,0,0,0,195000,70000,125000,125000
053118,大立光中信9C購01,0,0,0,0,0,0,0,0,0,125000,0,0,0,125000,0,125000,125000
053199,旺宏日盛96購01  ,0,0,0,0,0,0,0,0,0,125000,0,0,0,125000,0,125000,125000
044186,宏達電國泰92購01,0,0,0,0,0,0,0,0,0,125000,0,0,0,125000,0,125000,125000
046082,矽力凱基92購01  ,0,0,0,0,0,0,0,0,0,125000,0,0,0,137000,12000,125000,125000
00753L,中信中國50正2   ,0,0,0,0,0,0,0,0,0,125000,0,0,0,172000,47000,125000,125000
043391,康控元大94購01  ,0,0,0,0,0,0,0,0,0,125000,0,0,0,135000,10000,125000,125000
048664,華新科統一94購01,0,0,0,0,0,0,0,0,0,125000,0,0,0,129000,4000,125000,125000
049108,玉晶光富邦96購02,0,0,0,0,0,0,0,0,0,125000,0,0,0,153000,28000,125000,125000
2104,國際中橡        ,668000,523000,145000,0,0,0,0,0,0,-20000,0,0,0,0,20000,-20000,125000
06039P,亞光台新96售03  ,0,0,0,0,0,0,0,0,0,125000,0,0,0,125000,0,125000,125000
05726P,易華電永豐96售02,0,0,0,0,0,0,0,0,0,125000,0,0,0,125000,0,125000,125000
052961,國巨凱基97購02  ,0,0,0,0,0,0,0,0,0,124000,0,0,0,282000,158000,124000,124000
045749,智邦富邦93購01  ,0,0,0,0,0,0,0,0,0,124000,0,0,0,185000,61000,124000,124000
04496P,國巨國泰96售02  ,0,0,0,0,0,0,0,0,0,124000,0,0,0,690000,566000,124000,124000
046919,大毅永豐93購01  ,0,0,0,0,0,0,0,0,0,124000,0,0,0,557000,433000,124000,124000
047959,南電永豐93購03  ,0,0,0,0,0,0,0,0,0,124000,0,0,0,124000,0,124000,124000
050516,華通元大95購05  ,0,0,0,0,0,0,0,0,0,124000,0,0,0,647000,523000,124000,124000
050114,群創元大95購01  ,0,0,0,0,0,0,0,0,0,124000,0,0,0,291000,167000,124000,124000
051668,智邦元大95購02  ,0,0,0,0,0,0,0,0,0,124000,0,0,0,153000,29000,124000,124000
2208,台船            ,161000,41000,120000,0,0,0,0,0,0,4000,4000,0,4000,0,0,0,124000
047765,瑞昱元大93購12  ,0,0,0,0,0,0,0,0,0,123000,0,0,0,236000,113000,123000,123000
046896,臻鼎群益94購01  ,0,0,0,0,0,0,0,0,0,123000,0,0,0,231000,108000,123000,123000
046790,康友永豐93購01  ,0,0,0,0,0,0,0,0,0,123000,0,0,0,145000,22000,123000,123000
4540,全球傳動        ,160000,37000,123000,0,0,0,0,0,0,0,0,0,0,0,0,0,123000
053378,台積電元大98購02,0,0,0,0,0,0,0,0,0,122000,0,0,0,366000,244000,122000,122000
048487,華邦電富邦93購02,0,0,0,0,0,0,0,0,0,122000,0,0,0,122000,0,122000,122000
049756,瀚宇博永豐94購01,0,0,0,0,0,0,0,0,0,122000,0,0,0,162000,40000,122000,122000
050495,大立光永昌96購01,0,0,0,0,0,0,0,0,0,122000,0,0,0,131000,9000,122000,122000
052738,聯電元大98購02  ,0,0,0,0,0,0,0,0,0,121000,0,0,0,205000,84000,121000,121000
052468,超眾統一96購02  ,0,0,0,0,0,0,0,0,0,121000,0,0,0,211000,90000,121000,121000
053879,元油反中信98購02,0,0,0,0,0,0,0,0,0,121000,0,0,0,121000,0,121000,121000
042997,新光鋼元大94購01,0,0,0,0,0,0,0,0,0,121000,0,0,0,159000,38000,121000,121000
048464,康控台新94購01  ,0,0,0,0,0,0,0,0,0,121000,0,0,0,131000,10000,121000,121000
048423,聯發科元富93購02,0,0,0,0,0,0,0,0,0,121000,0,0,0,121000,0,121000,121000
050439,新日興凱基94購01,0,0,0,0,0,0,0,0,0,121000,0,0,0,121000,0,121000,121000
05270P,台表科元大95售05,0,0,0,0,0,0,0,0,0,120000,0,0,0,120000,0,120000,120000
053100,美律元富96購01  ,0,0,0,0,0,0,0,0,0,120000,0,0,0,134000,14000,120000,120000
044866,旺宏國票91購05  ,0,0,0,0,0,0,0,0,0,120000,0,0,0,120000,0,120000,120000
048059,欣興國泰95購01  ,0,0,0,0,0,0,0,0,0,120000,0,0,0,120000,0,120000,120000
046425,臻鼎元大92購12  ,0,0,0,0,0,0,0,0,0,120000,0,0,0,199000,79000,120000,120000
048875,晶相光國票94購01,0,0,0,0,0,0,0,0,0,120000,0,0,0,120000,0,120000,120000
047004,台積電統一99購01,0,1000,-1000,0,0,0,0,0,0,121000,0,0,0,522000,401000,121000,120000
051662,大立光永昌96購03,0,0,0,0,0,0,0,0,0,120000,0,0,0,122000,2000,120000,120000
052158,華泰永豐95購01  ,0,0,0,0,0,0,0,0,0,120000,0,0,0,120000,0,120000,120000
051642,鈺齊台新95購01  ,0,0,0,0,0,0,0,0,0,120000,0,0,0,120000,0,120000,120000
051483,玉晶光凱基96購02,0,0,0,0,0,0,0,0,0,120000,0,0,0,126000,6000,120000,120000
4137,麗豐-KY         ,155000,47000,108000,0,0,0,2000,0,2000,10000,6000,0,6000,5000,1000,4000,120000
053103,瀚宇博元富96購01,0,0,0,0,0,0,0,0,0,119000,0,0,0,129000,10000,119000,119000
053474,聯發科元大97購06,0,0,0,0,0,0,0,0,0,119000,0,0,0,432000,313000,119000,119000
054113,奇力新台新97購01,0,0,0,0,0,0,0,0,0,119000,0,0,0,167000,48000,119000,119000
045019,臺股指元大92購13,0,0,0,0,0,0,0,0,0,119000,0,0,0,120000,1000,119000,119000
03908P,致茂元大93售03  ,0,0,0,0,0,0,0,0,0,119000,0,0,0,119000,0,119000,119000
050978,鴻海元富95購03  ,0,0,0,0,0,0,0,0,0,119000,0,0,0,200000,81000,119000,119000
046000,台光電統一92購06,0,0,0,0,0,0,0,0,0,118000,0,0,0,118000,0,118000,118000
050836,緯穎凱基95購01  ,0,0,0,0,0,0,0,0,0,118000,0,0,0,202000,84000,118000,118000
049806,臺企銀元大94購01,0,0,0,0,0,0,0,0,0,118000,0,0,0,118000,0,118000,118000
051768,臻鼎元大95購04  ,0,0,0,0,0,0,0,0,0,118000,0,0,0,224000,106000,118000,118000
053849,聯發科元富96購04,0,0,0,0,0,0,0,0,0,117000,0,0,0,117000,0,117000,117000
054563,泰碩群益99購01  ,0,0,0,0,0,0,0,0,0,117000,0,0,0,117000,0,117000,117000
052977,奇力新麥證97購01,0,0,0,140000,20000,120000,0,0,0,117000,0,0,0,140000,23000,117000,117000
046970,聯詠群益93購01  ,0,0,0,0,0,0,0,0,0,117000,0,0,0,150000,33000,117000,117000
046794,智伸科元富93購01,0,0,0,0,0,0,0,0,0,117000,0,0,0,122000,5000,117000,117000
048666,康控統一93購01  ,0,0,0,0,0,0,0,0,0,117000,0,0,0,147000,30000,117000,117000
052719,致新凱基96購01  ,0,0,0,0,0,0,0,0,0,116000,0,0,0,189000,73000,116000,116000
052685,技嘉元大96購01  ,0,0,0,0,0,0,0,0,0,116000,0,0,0,171000,55000,116000,116000
053076,貿聯永豐96購01  ,0,0,0,0,0,0,0,0,0,116000,0,0,0,134000,18000,116000,116000
053864,義隆元大96購01  ,0,0,0,0,0,0,0,0,0,116000,0,0,0,375000,259000,116000,116000
045274,華邦電統一92購03,0,0,0,0,0,0,0,0,0,116000,0,0,0,116000,0,116000,116000
046801,中橡元大93購01  ,0,0,0,0,0,0,0,0,0,116000,0,0,0,116000,0,116000,116000
055004,群創元富99購06  ,0,0,0,0,0,0,0,0,0,116000,0,0,0,208000,92000,116000,116000
054173,奇力新台新97購02,0,0,0,0,0,0,0,0,0,115000,0,0,0,249000,134000,115000,115000
053600,同欣電元大96購04,0,0,0,0,0,0,0,0,0,115000,0,0,0,390000,275000,115000,115000
00674R,元大S&P黃金反1  ,0,0,0,0,0,0,0,0,0,115000,0,0,0,136000,21000,115000,115000
042389,台灣50富邦92購02,0,0,0,0,0,0,0,0,0,115000,0,0,0,115000,0,115000,115000
049496,和鑫元大95購01  ,0,0,0,0,0,0,0,0,0,115000,0,0,0,125000,10000,115000,115000
050972,台虹永豐95購01  ,0,0,0,0,0,0,0,0,0,115000,0,0,0,283000,168000,115000,115000
05592P,可成群益96售03  ,0,0,0,0,0,0,0,0,0,115000,0,0,0,115000,0,115000,115000
06061P,訊芯統一97售01  ,0,0,0,0,0,0,0,0,0,115000,0,0,0,150000,35000,115000,115000
3563,牧德            ,149000,219000,-70000,0,0,0,112000,0,112000,73000,23000,3000,20000,74000,21000,53000,115000
052690,台表科元大97購01,0,0,0,0,0,0,0,0,0,114000,0,0,0,125000,11000,114000,114000
053797,台積電中信98購01,0,0,0,0,0,0,0,0,0,114000,0,0,0,114000,0,114000,114000
044965,大立光中信95購01,0,0,0,0,0,0,0,0,0,114000,0,0,0,150000,36000,114000,114000
050226,華新科中信94購01,0,0,0,0,0,0,0,0,0,114000,0,0,0,134000,20000,114000,114000
054396,日電貿永豐96購02,0,0,0,0,0,0,0,0,0,113000,0,0,0,123000,10000,113000,113000
053381,友達元大9A購02  ,0,0,0,0,0,0,0,0,0,113000,0,0,0,128000,15000,113000,113000
047620,貿聯凱基93購01  ,0,0,0,0,0,0,0,0,0,113000,0,0,0,198000,85000,113000,113000
03535P,臺股指凱基02售14,0,0,0,0,0,0,0,0,0,113000,0,0,0,213000,100000,113000,113000
043854,華新科富邦93購01,0,0,0,0,0,0,0,0,0,113000,0,0,0,115000,2000,113000,113000
050046,矽力兆豐94購01  ,0,0,0,0,0,0,0,0,0,113000,0,0,0,128000,15000,113000,113000
050992,台積電元大97購01,0,0,0,0,0,0,0,0,0,113000,0,0,0,158000,45000,113000,113000
052098,臺股指富邦95購01,0,0,0,0,0,0,0,0,0,113000,0,0,0,116000,3000,113000,113000
051510,新光金中信97購01,0,0,0,0,0,0,0,0,0,113000,0,0,0,113000,0,113000,113000
3048,益登            ,110000,0,110000,0,0,0,0,0,0,3000,3000,0,3000,0,0,0,113000
053283,同欣電元大96購03,0,0,0,0,0,0,0,0,0,112000,0,0,0,188000,76000,112000,112000
052641,聯詠台新96購01  ,0,0,0,0,0,0,0,0,0,112000,0,0,0,208000,96000,112000,112000
03276P,聯發科台新02售01,0,0,0,0,0,0,0,0,0,112000,0,0,0,112000,0,112000,112000
049457,彩晶統一94購02  ,0,0,0,0,0,0,0,0,0,112000,0,0,0,112000,0,112000,112000
049148,全新元大95購01  ,0,0,0,0,0,0,0,0,0,112000,0,0,0,162000,50000,112000,112000
047038,亞光群益93購01  ,0,0,0,0,0,0,0,0,0,112000,0,0,0,154000,42000,112000,112000
046281,正崴永豐92購01  ,0,0,0,0,0,0,0,0,0,112000,0,0,0,112000,0,112000,112000
050888,群創富邦95購01  ,0,0,0,0,0,0,0,0,0,112000,0,0,0,138000,26000,112000,112000
2905,三商            ,129000,17000,112000,0,0,0,0,0,0,0,0,0,0,0,0,0,112000
6456,GIS-KY          ,269000,120469,148531,0,0,0,0,0,0,-37000,1000,0,1000,14000,52000,-38000,111531
052914,奇力新元富96購01,0,0,0,0,0,0,0,0,0,111000,0,0,0,164000,53000,111000,111000
053093,緯穎元大96購06  ,0,0,0,0,0,0,0,0,0,111000,0,0,0,359000,248000,111000,111000
054348,康控國票97購03  ,0,0,0,0,0,0,0,0,0,111000,0,0,0,111000,0,111000,111000
054231,國巨群益98購03  ,0,0,0,0,0,0,0,0,0,111000,0,0,0,115000,4000,111000,111000
042037,台灣50群益93購03,0,0,0,0,0,0,0,0,0,111000,0,0,0,129000,18000,111000,111000
048224,聯發科凱基93購31,0,0,0,0,0,0,0,0,0,111000,0,0,0,149000,38000,111000,111000
050407,聯詠台新94購02  ,0,0,0,0,0,0,0,0,0,111000,0,0,0,136000,25000,111000,111000
053677,同欣電國泰97購01,0,0,0,0,0,0,0,0,0,110000,0,0,0,366000,256000,110000,110000
053150,聯發科元大96購11,0,0,0,0,0,0,0,0,0,110000,0,0,0,129000,19000,110000,110000
052363,廣達國票96購01  ,0,0,0,0,0,0,0,0,0,110000,0,0,0,144000,34000,110000,110000
045660,欣興富邦93購03  ,0,0,0,0,0,0,0,0,0,110000,0,0,0,110000,0,110000,110000
00688L,國泰20年美債正2 ,0,0,0,0,0,0,0,0,0,110000,0,0,0,273000,163000,110000,110000
048050,元油反中信93購01,0,0,0,0,0,0,0,0,0,110000,0,0,0,110000,0,110000,110000
046064,中工凱基94購01  ,0,0,0,0,0,0,0,0,0,110000,0,0,0,110000,0,110000,110000
046426,臻鼎元大92購13  ,0,0,0,0,0,0,0,0,0,110000,0,0,0,110000,0,110000,110000
050657,宏達電麥證94購01,0,0,0,120000,10000,110000,0,0,0,110000,0,0,0,120000,10000,110000,110000
051763,新光金元大98購01,0,0,0,0,0,0,0,0,0,110000,0,0,0,110000,0,110000,110000
06056P,台積電凱基98售02,0,0,0,0,0,0,0,0,0,110000,0,0,0,110000,0,110000,110000
052591,康友永豐97購01  ,0,0,0,0,0,0,0,0,0,109000,0,0,0,236000,127000,109000,109000
053505,瑞儀兆豐97購01  ,0,0,0,0,0,0,0,0,0,109000,0,0,0,120000,11000,109000,109000
053735,矽力中信97購01  ,0,0,0,0,0,0,0,0,0,109000,0,0,0,347000,238000,109000,109000
054647,禾伸堂群益99購01,0,0,0,0,0,0,0,0,0,109000,0,0,0,150000,41000,109000,109000
054818,奇力新元大97購05,0,0,0,0,0,0,0,0,0,109000,0,0,0,394000,285000,109000,109000
03952P,晶技凱基93售02  ,0,0,0,0,0,0,0,0,0,109000,0,0,0,109000,0,109000,109000
046628,大立光統一98購01,0,0,0,0,0,0,0,0,0,109000,0,0,0,147000,38000,109000,109000
051278,臻鼎中信97購02  ,0,0,0,0,0,0,0,0,0,109000,0,0,0,110000,1000,109000,109000
049931,矽力元大94購01  ,0,0,0,0,0,0,0,0,0,109000,0,0,0,172000,63000,109000,109000
05527P,聯茂群益96售01  ,0,0,0,0,0,0,0,0,0,109000,0,0,0,120000,11000,109000,109000
05706P,TPK永豐96售02   ,0,0,0,0,0,0,0,0,0,109000,0,0,0,109000,0,109000,109000
054693,神基永豐97購01  ,0,0,0,0,0,0,0,0,0,108000,0,0,0,108000,0,108000,108000
05277P,深中小統一95售02,0,0,0,0,0,0,0,0,0,108000,0,0,0,108000,0,108000,108000
044093,南亞科統一91購06,0,0,0,0,0,0,0,0,0,108000,0,0,0,108000,0,108000,108000
044339,亞光統一91購01  ,0,0,0,0,0,0,0,0,0,108000,0,0,0,118000,10000,108000,108000
047359,台達電群益93購01,0,0,0,0,0,0,0,0,0,108000,0,0,0,120000,12000,108000,108000
048368,燿華統一93購01  ,0,0,0,0,0,0,0,0,0,108000,0,0,0,108000,0,108000,108000
046933,台泥元富93購01  ,0,0,0,0,0,0,0,0,0,108000,0,0,0,125000,17000,108000,108000
046793,聯發科元富99購01,0,0,0,0,0,0,0,0,0,108000,0,0,0,156000,48000,108000,108000
046512,和鑫元大92購01  ,0,0,0,0,0,0,0,0,0,108000,0,0,0,108000,0,108000,108000
05616P,台光電永豐96售01,0,0,0,0,0,0,0,0,0,108000,0,0,0,108000,0,108000,108000
2881A,富邦特          ,2000,0,2000,0,0,0,0,0,0,106000,106000,0,106000,0,0,0,108000
052702,群創國票97購03  ,0,0,0,0,0,0,0,0,0,107000,0,0,0,107000,0,107000,107000
04325P,創意元大93售06  ,0,0,0,0,0,0,0,0,0,107000,0,0,0,110000,3000,107000,107000
049326,聯發科元富94購01,0,0,0,0,0,0,0,0,0,107000,0,0,0,115000,8000,107000,107000
046298,聯發科富邦94購01,0,0,0,0,0,0,0,0,0,107000,0,0,0,129000,22000,107000,107000
050470,智邦台新94購01  ,0,0,0,0,0,0,0,0,0,107000,0,0,0,107000,0,107000,107000
06067P,華新科康和97售01,0,0,0,0,0,0,0,0,0,107000,0,0,0,107000,0,107000,107000
052404,臻鼎凱基95購05  ,0,0,0,0,0,0,0,0,0,106000,0,0,0,146000,40000,106000,106000
048161,旺宏麥證94購01  ,0,0,0,120000,15000,105000,0,0,0,106000,0,0,0,121000,15000,106000,106000
050083,旺宏元富94購01  ,0,0,0,0,0,0,0,0,0,106000,0,0,0,111000,5000,106000,106000
051826,智邦元大95購03  ,0,0,0,0,0,0,0,0,0,106000,0,0,0,236000,130000,106000,106000
052096,力成元大95購01  ,0,0,0,0,0,0,0,0,0,106000,0,0,0,127000,21000,106000,106000
052079,康友元富98購01  ,0,0,0,0,0,0,0,0,0,106000,0,0,0,153000,47000,106000,106000
053082,聯電元大98購03  ,0,0,0,0,0,0,0,0,0,105000,0,0,0,165000,60000,105000,105000
054662,同欣電元大97購02,0,0,0,0,0,0,0,0,0,105000,0,0,0,234000,129000,105000,105000
053963,百和永豐96購01  ,0,0,0,0,0,0,0,0,0,105000,0,0,0,280000,175000,105000,105000
048064,可成統一93購02  ,0,0,0,0,0,0,0,0,0,105000,0,0,0,165000,60000,105000,105000
04891P,友達元大94售01  ,0,0,0,0,0,0,0,0,0,105000,0,0,0,105000,0,105000,105000
05186P,鈺齊中信95售02  ,0,0,0,0,0,0,0,0,0,105000,0,0,0,155000,50000,105000,105000
051945,智邦統一95購03  ,0,0,0,0,0,0,0,0,0,105000,0,0,0,155000,50000,105000,105000
051632,全新國票96購01  ,0,0,0,0,0,0,0,0,0,105000,0,0,0,105000,0,105000,105000
050274,GIS元大94購05   ,0,0,0,0,0,0,0,0,0,105000,0,0,0,165000,60000,105000,105000
050325,台積電永豐94購05,0,0,0,0,0,0,0,0,0,105000,0,0,0,105000,0,105000,105000
053842,聯發科統一96購08,0,0,0,0,0,0,0,0,0,104000,0,0,0,109000,5000,104000,104000
045881,同欣電元富92購01,0,0,0,0,0,0,0,0,0,104000,0,0,0,158000,54000,104000,104000
043759,貿聯元大91購03  ,0,0,0,0,0,0,0,0,0,104000,0,0,0,104000,0,104000,104000
047141,宏達電兆豐94購01,0,0,0,0,0,0,0,0,0,104000,0,0,0,296000,192000,104000,104000
05091P,台積電元大95售11,0,0,0,0,0,0,0,0,0,104000,0,0,0,587000,483000,104000,104000
050211,貿聯國票95購01  ,0,0,0,0,0,0,0,0,0,104000,0,0,0,109000,5000,104000,104000
049995,GIS台新94購01   ,0,0,0,0,0,0,0,0,0,104000,0,0,0,164000,60000,104000,104000
049775,旺宏統一95購02  ,0,0,0,0,0,0,0,0,0,104000,0,0,0,104000,0,104000,104000
049688,台光電元大94購04,0,0,0,0,0,0,0,0,0,104000,0,0,0,149000,45000,104000,104000
053803,聯發科凱基96購18,0,0,0,0,0,0,0,0,0,103000,0,0,0,108000,5000,103000,103000
054600,中壽台新97購01  ,0,0,0,0,0,0,0,0,0,103000,0,0,0,128000,25000,103000,103000
054824,同欣電元大97購04,0,0,0,0,0,0,0,0,0,103000,0,0,0,120000,17000,103000,103000
052832,益航群益96購01  ,0,0,0,0,0,0,0,0,0,103000,0,0,0,113000,10000,103000,103000
047512,宏達電國票94購01,0,0,0,0,0,0,0,0,0,103000,0,0,0,308000,205000,103000,103000
050120,GIS元大95購02   ,0,0,0,0,0,0,0,0,0,103000,0,0,0,103000,0,103000,103000
050639,GIS國票96購01   ,0,0,0,0,0,0,0,0,0,103000,0,0,0,126000,23000,103000,103000
052333,嘉聯益兆豐96購01,0,0,0,0,0,0,0,0,0,102000,0,0,0,142000,40000,102000,102000
045054,聯發科元富98購02,0,0,0,0,0,0,0,0,0,102000,0,0,0,102000,0,102000,102000
047560,超眾凱基94購01  ,0,0,0,0,0,0,0,0,0,102000,0,0,0,150000,48000,102000,102000
050558,台積電統一94購14,0,0,0,0,0,0,0,0,0,102000,0,0,0,102000,0,102000,102000
050956,鈺齊群益95購01  ,0,0,0,0,0,0,0,0,0,102000,0,0,0,104000,2000,102000,102000
050006,華擎永豐94購03  ,0,0,0,0,0,0,0,0,0,102000,0,0,0,123000,21000,102000,102000
051332,奇力新永豐95購01,0,0,0,0,0,0,0,0,0,102000,0,0,0,142000,40000,102000,102000
052148,康友群益95購03  ,0,0,0,0,0,0,0,0,0,102000,0,0,0,130000,28000,102000,102000
06017P,亞光凱基96售04  ,0,0,0,0,0,0,0,0,0,102000,0,0,0,102000,0,102000,102000
8081,致新            ,186000,90000,96000,0,0,0,0,0,0,6000,2000,0,2000,17000,13000,4000,102000
053012,國巨統一96購03  ,0,0,0,0,0,0,0,0,0,101000,0,0,0,340000,239000,101000,101000
054801,康友群益97購02  ,0,0,0,0,0,0,0,0,0,101000,0,0,0,214000,113000,101000,101000
054653,聯發科麥證97購02,0,0,0,101000,0,101000,0,0,0,101000,0,0,0,101000,0,101000,101000
053830,台積電台新96購02,0,0,0,0,0,0,0,0,0,101000,0,0,0,101000,0,101000,101000
044993,友達國泰93購01  ,0,0,0,0,0,0,0,0,0,101000,0,0,0,101000,0,101000,101000
03827P,矽創國票94售01  ,0,0,0,0,0,0,0,0,0,101000,0,0,0,101000,0,101000,101000
047419,聯發科富邦95購01,0,0,0,0,0,0,0,0,0,101000,0,0,0,101000,0,101000,101000
047513,嘉晶國票93購03  ,0,0,0,0,0,0,0,0,0,101000,0,0,0,102000,1000,101000,101000
051996,康友元大95購01  ,0,0,0,0,0,0,0,0,0,101000,0,0,0,160000,59000,101000,101000
050074,訊芯凱基94購05  ,0,0,0,0,0,0,0,0,0,101000,0,0,0,126000,25000,101000,101000
050303,S&P反1中信96購01,0,0,0,0,0,0,0,0,0,101000,0,0,0,101000,0,101000,101000
049605,旺宏第一94購01  ,0,0,0,0,0,0,0,0,0,101000,0,0,0,101000,0,101000,101000
049731,A50正2群益94購02,0,0,0,0,0,0,0,0,0,101000,0,0,0,101000,0,101000,101000
050914,健鼎中信95購01  ,0,0,0,0,0,0,0,0,0,101000,0,0,0,110000,9000,101000,101000
08944P,臺股指國票01售01,0,0,0,0,0,0,0,0,0,101000,0,0,0,101000,0,101000,101000
05369P,可成元富95售04  ,0,0,0,0,0,0,0,0,0,100000,0,0,0,100000,0,100000,100000
054236,貿聯群益96購01  ,0,0,0,0,0,0,0,0,0,100000,0,0,0,121000,21000,100000,100000
054336,台積電統一96購11,0,0,0,0,0,0,0,0,0,100000,0,0,0,100000,0,100000,100000
052620,上証2X富邦97購02,0,0,0,0,0,0,0,0,0,100000,0,0,0,100000,0,100000,100000
05266P,華新科元大95售11,0,0,0,0,0,0,0,0,0,100000,0,0,0,100000,0,100000,100000
052732,新唐國泰97購01  ,0,0,0,0,0,0,0,0,0,100000,0,0,0,100000,0,100000,100000
052746,泰碩元大97購01  ,0,0,0,0,0,0,0,0,0,100000,0,0,0,100000,0,100000,100000
03796P,宏碁元大93售01  ,0,0,0,0,0,0,0,0,0,100000,0,0,0,100000,0,100000,100000
03957P,創意統一94售02  ,0,0,0,0,0,0,0,0,0,100000,0,0,0,100000,0,100000,100000
043693,為升兆豐93購01  ,0,0,0,0,0,0,0,0,0,100000,0,0,0,100000,0,100000,100000
043529,泰鼎元大92購01  ,0,0,0,0,0,0,0,0,0,100000,0,0,0,300000,200000,100000,100000
03993P,滬深2X中信94售03,0,0,0,0,0,0,0,0,0,100000,0,0,0,300000,200000,100000,100000
04381P,世紀鋼元大94售01,0,0,0,0,0,0,0,0,0,100000,0,0,0,100000,0,100000,100000
03305P,台達電台新02售01,0,0,0,0,0,0,0,0,0,100000,0,0,0,100000,0,100000,100000
041857,宏達電元大92購01,0,0,0,0,0,0,0,0,0,100000,0,0,0,100000,0,100000,100000
042168,台灣50凱基96購01,0,0,0,0,0,0,0,0,0,100000,0,0,0,100000,0,100000,100000
04480P,微星兆豐94售01  ,0,0,0,0,0,0,0,0,0,100000,0,0,0,100000,0,100000,100000
044725,禾伸堂永豐91購01,0,0,0,0,0,0,0,0,0,100000,0,0,0,100000,0,100000,100000
045676,京元電元大92購03,0,0,0,0,0,0,0,0,0,100000,0,0,0,110000,10000,100000,100000
045682,致伸元大92購01  ,0,0,0,0,0,0,0,0,0,100000,0,0,0,100000,0,100000,100000
045763,南亞科統一93購01,0,0,0,0,0,0,0,0,0,100000,0,0,0,134000,34000,100000,100000
045777,強茂元大92購02  ,0,0,0,0,0,0,0,0,0,100000,0,0,0,130000,30000,100000,100000
042593,S&P反1統一92購01,0,0,0,0,0,0,0,0,0,100000,0,0,0,100000,0,100000,100000
043970,為升富邦94購01  ,0,0,0,0,0,0,0,0,0,100000,0,0,0,100000,0,100000,100000
042227,元油2X永豐93購01,0,0,0,0,0,0,0,0,0,100000,0,0,0,100000,0,100000,100000
044056,致茂元大91購01  ,0,0,0,0,0,0,0,0,0,100000,0,0,0,100000,0,100000,100000
044937,瀚宇博元大91購02,0,0,0,0,0,0,0,0,0,100000,0,0,0,100000,0,100000,100000
045085,新日興元大92購01,0,0,0,0,0,0,0,0,0,100000,0,0,0,100000,0,100000,100000
044136,百和凱基93購01  ,0,0,0,0,0,0,0,0,0,100000,0,0,0,100000,0,100000,100000
045240,世紀鋼國票92購02,0,0,0,0,0,0,0,0,0,100000,0,0,0,100000,0,100000,100000
04560P,台積電凱基94售16,0,0,0,0,0,0,0,0,0,100000,0,0,0,100000,0,100000,100000
045621,超眾永豐92購02  ,0,0,0,0,0,0,0,0,0,100000,0,0,0,100000,0,100000,100000
045373,台化元大92購01  ,0,0,0,0,0,0,0,0,0,100000,0,0,0,100000,0,100000,100000
047684,景碩國泰94購01  ,0,0,0,0,0,0,0,0,0,100000,0,0,0,100000,0,100000,100000
047628,新光金國票95購02,0,0,0,0,0,0,0,0,0,100000,0,0,0,203000,103000,100000,100000
047651,復盛元大93購01  ,0,0,0,0,0,0,0,0,0,100000,0,0,0,168000,68000,100000,100000
044364,超眾中信94購01  ,0,0,0,0,0,0,0,0,0,100000,0,0,0,200000,100000,100000,100000
04613P,台積電群益94售10,0,0,0,0,0,0,0,0,0,100000,0,0,0,100000,0,100000,100000
04616P,臺股指群益95售02,0,0,0,0,0,0,0,0,0,100000,0,0,0,250000,150000,100000,100000
046821,奇鋐凱基93購02  ,0,0,0,0,0,0,0,0,0,100000,0,0,0,132000,32000,100000,100000
04893P,創意元大94售03  ,0,0,0,0,0,0,0,0,0,100000,0,0,0,100000,0,100000,100000
049462,康友元富94購01  ,0,0,0,0,0,0,0,0,0,100000,0,0,0,106000,6000,100000,100000
046561,可成凱基92購11  ,0,0,0,0,0,0,0,0,0,100000,0,0,0,100000,0,100000,100000
047951,元油反永豐94購01,0,0,0,0,0,0,0,0,0,100000,0,0,0,100000,0,100000,100000
046448,亞德客凱基92購03,0,0,0,0,0,0,0,0,0,100000,0,0,0,150000,50000,100000,100000
046484,華泰國泰93購01  ,0,0,0,0,0,0,0,0,0,100000,0,0,0,100000,0,100000,100000
050981,GIS元富95購01   ,0,0,0,0,0,0,0,0,0,100000,0,0,0,110000,10000,100000,100000
050555,道瓊銀統一94購01,0,0,0,0,0,0,0,0,0,100000,0,0,0,100000,0,100000,100000
050326,正崴永豐94購03  ,0,0,0,0,0,0,0,0,0,100000,0,0,0,100000,0,100000,100000
050494,可成永昌96購01  ,0,0,0,0,0,0,0,0,0,100000,0,0,0,150000,50000,100000,100000
051208,GIS麥證95購01   ,0,0,0,100000,0,100000,0,0,0,100000,0,0,0,100000,0,100000,100000
051223,台化群益95購01  ,0,0,0,0,0,0,0,0,0,100000,0,0,0,100000,0,100000,100000
055106,台積電凱基98購05,0,0,0,0,0,0,0,0,0,100000,0,0,0,100000,0,100000,100000
6552,易華電          ,98000,29000,69000,0,0,0,0,0,0,31000,3000,1000,2000,29000,0,29000,100000
8464,億豐            ,134500,181000,-46500,0,0,0,133000,0,133000,13000,13000,0,13000,0,0,0,99500
052551,台積電國票97購03,0,0,0,0,0,0,0,0,0,99000,0,0,0,112000,13000,99000,99000
053130,聯發科麥證96購01,0,0,0,99000,0,99000,0,0,0,99000,0,0,0,99000,0,99000,99000
053159,同欣電元大96購02,0,0,0,0,0,0,0,0,0,99000,0,0,0,143000,44000,99000,99000
054020,技嘉台新97購01  ,0,0,0,0,0,0,0,0,0,99000,0,0,0,99000,0,99000,99000
053736,友達麥證96購01  ,0,0,0,219000,120000,99000,0,0,0,99000,0,0,0,219000,120000,99000,99000
045593,GIS元大92購04   ,0,0,0,0,0,0,0,0,0,99000,0,0,0,99000,0,99000,99000
045891,健鼎元大92購01  ,0,0,0,0,0,0,0,0,0,99000,0,0,0,104000,5000,99000,99000
046042,台勝科元大92購03,0,0,0,0,0,0,0,0,0,99000,0,0,0,99000,0,99000,99000
043010,友達元大92購01  ,0,0,0,0,0,0,0,0,0,99000,0,0,0,109000,10000,99000,99000
045304,潤泰全元大92購01,0,0,0,0,0,0,0,0,0,99000,0,0,0,99000,0,99000,99000
03290P,亞德客元大02售01,0,0,0,0,0,0,0,0,0,99000,0,0,0,99000,0,99000,99000
046499,技嘉元大92購02  ,0,0,0,0,0,0,0,0,0,99000,0,0,0,103000,4000,99000,99000
046466,台虹凱基92購01  ,0,0,0,0,0,0,0,0,0,99000,0,0,0,140000,41000,99000,99000
049113,大立光統一94購06,0,0,0,0,0,0,0,0,0,99000,0,0,0,104000,5000,99000,99000
051384,康友群益95購01  ,0,0,0,0,0,0,0,0,0,99000,0,0,0,240000,141000,99000,99000
050917,瀚宇博兆豐96購01,0,0,0,0,0,0,0,0,0,99000,0,0,0,115000,16000,99000,99000
050899,旭富元大95購01  ,0,0,0,0,0,0,0,0,0,99000,0,0,0,109000,10000,99000,99000
050249,瑞儀凱基94購01  ,0,0,0,0,0,0,0,0,0,99000,0,0,0,109000,10000,99000,99000
6005,群益證          ,355000,379000,-24000,0,0,0,123000,0,123000,0,0,0,0,0,0,0,99000
053813,友達群益9A購03  ,0,0,0,0,0,0,0,0,0,98000,0,0,0,347000,249000,98000,98000
054525,奇鋐元富96購01  ,0,0,0,0,0,0,0,0,0,98000,0,0,0,98000,0,98000,98000
054459,鈺齊群益96購01  ,0,0,0,0,0,0,0,0,0,98000,0,0,0,348000,250000,98000,98000
053117,大立光中信9A購02,0,0,0,0,0,0,0,0,0,98000,0,0,0,98000,0,98000,98000
053511,鴻海群益96購04  ,0,0,0,0,0,0,0,0,0,98000,0,0,0,98000,0,98000,98000
044534,南亞科麥證92購01,0,0,0,107000,9000,98000,0,0,0,98000,0,0,0,107000,9000,98000,98000
050784,美律國泰96購01  ,70000,0,70000,0,0,0,0,0,0,28000,0,0,0,165000,137000,28000,98000
051427,聯發科統一95購04,0,0,0,0,0,0,0,0,0,98000,0,0,0,200000,102000,98000,98000
08602P,台灣50凱基96售04,0,0,0,0,0,0,0,0,0,98000,0,0,0,108000,10000,98000,98000
053016,鈺齊統一96購01  ,0,0,0,0,0,0,0,0,0,97000,0,0,0,97000,0,97000,97000
053279,景碩元大97購01  ,0,0,0,0,0,0,0,0,0,97000,0,0,0,132000,35000,97000,97000
053276,友達元大9C購01  ,0,0,0,0,0,0,0,0,0,97000,0,0,0,229000,132000,97000,97000
03648C,T50反1元大96牛07,0,0,0,0,0,0,0,0,0,97000,0,0,0,100000,3000,97000,97000
042618,台灣50群益92購04,0,0,0,0,0,0,0,0,0,97000,0,0,0,116000,19000,97000,97000
048911,玉晶光富邦96購01,0,0,0,0,0,0,0,0,0,97000,0,0,0,97000,0,97000,97000
046836,聯茂群益93購01  ,0,0,0,0,0,0,0,0,0,97000,0,0,0,111000,14000,97000,97000
047191,同欣電元大93購02,0,0,0,0,0,0,0,0,0,97000,0,0,0,151000,54000,97000,97000
047036,台光電群益93購02,0,0,0,0,0,0,0,0,0,97000,0,0,0,100000,3000,97000,97000
046398,群創富邦93購01  ,0,0,0,0,0,0,0,0,0,97000,0,0,0,97000,0,97000,97000
048597,台達電國票93購02,0,0,0,0,0,0,0,0,0,97000,0,0,0,160000,63000,97000,97000
05080P,亞光永豐95售02  ,0,0,0,0,0,0,0,0,0,97000,0,0,0,106000,9000,97000,97000
049745,國巨永豐94購04  ,0,0,0,0,0,0,0,0,0,97000,0,0,0,312000,215000,97000,97000
052542,友達元富98購01  ,0,0,0,0,0,0,0,0,0,96000,0,0,0,173000,77000,96000,96000
05233P,台郡台新95售02  ,0,0,0,0,0,0,0,0,0,96000,0,0,0,96000,0,96000,96000
042712,元石油國票95購01,0,0,0,0,0,0,0,0,0,96000,0,0,0,120000,24000,96000,96000
046459,大立光凱基92購12,0,0,0,0,0,0,0,0,0,96000,0,0,0,96000,0,96000,96000
048484,大立光國泰95購02,0,0,0,0,0,0,0,0,0,96000,0,0,0,128000,32000,96000,96000
04743P,台積電元富94售07,0,0,0,0,0,0,0,0,0,96000,0,0,0,100000,4000,96000,96000
047515,智易國票94購01  ,0,0,0,0,0,0,0,0,0,96000,0,0,0,96000,0,96000,96000
048909,聯詠富邦94購01  ,0,0,0,0,0,0,0,0,0,96000,0,0,0,96000,0,96000,96000
049909,國巨元大95購01  ,0,0,0,0,0,0,0,0,0,96000,0,0,0,110000,14000,96000,96000
050882,華泰國泰96購01  ,0,0,0,0,0,0,0,0,0,96000,0,0,0,141000,45000,96000,96000
051393,新光金兆豐96購01,0,0,0,0,0,0,0,0,0,96000,0,0,0,166000,70000,96000,96000
051805,元黃金凱基97購02,0,0,0,0,0,0,0,0,0,96000,0,0,0,110000,14000,96000,96000
05684P,臺股指元大96售09,0,0,0,0,0,0,0,0,0,96000,0,0,0,648000,552000,96000,96000
2912,統一超          ,334282,236000,98282,0,0,0,0,7000,-7000,4000,3000,0,3000,1000,0,1000,95282
052680,T50反1元大96購04,0,0,0,0,0,0,0,0,0,95000,0,0,0,100000,5000,95000,95000
053468,鴻海元大98購01  ,0,0,0,0,0,0,0,0,0,95000,0,0,0,1057000,962000,95000,95000
054689,華新科永豐97購01,0,0,0,0,0,0,0,0,0,95000,0,0,0,240000,145000,95000,95000
043442,大立光台新01購01,0,0,0,0,0,0,0,0,0,95000,0,0,0,105000,10000,95000,95000
047945,滬深2X統一94購01,0,0,0,0,0,0,0,0,0,95000,0,0,0,95000,0,95000,95000
048364,臺股指永豐93購04,0,0,0,0,0,0,0,0,0,95000,0,0,0,120000,25000,95000,95000
048411,嘉聯益群益93購02,0,0,0,0,0,0,0,0,0,95000,0,0,0,95000,0,95000,95000
051868,貿聯凱基96購01  ,0,0,0,0,0,0,0,0,0,95000,0,0,0,134000,39000,95000,95000
049861,正崴兆豐94購01  ,0,0,0,0,0,0,0,0,0,95000,0,0,0,111000,16000,95000,95000
3008,大立光          ,317355,226000,91355,0,0,0,5000,16100,-11100,14000,19000,3000,16000,3000,5000,-2000,94255
054873,帆宣群益99購01  ,0,0,0,0,0,0,0,0,0,94000,0,0,0,94000,0,94000,94000
053973,晶豪科元大96購01,0,0,0,0,0,0,0,0,0,94000,0,0,0,192000,98000,94000,94000
053273,國巨元大96購08  ,0,0,0,0,0,0,0,0,0,94000,0,0,0,139000,45000,94000,94000
00650L,FH香港正2       ,0,24000,-24000,0,0,0,0,0,0,118000,0,0,0,451000,333000,118000,94000
043947,致伸兆豐91購01  ,0,0,0,0,0,0,0,0,0,94000,0,0,0,94000,0,94000,94000
045205,鈺齊凱基92購01  ,0,0,0,0,0,0,0,0,0,94000,0,0,0,105000,11000,94000,94000
047497,聯發科康和93購01,0,0,0,0,0,0,0,0,0,94000,0,0,0,94000,0,94000,94000
05038P,牧德元大95售03  ,0,0,0,0,0,0,0,0,0,94000,0,0,0,100000,6000,94000,94000
051569,緯創富邦95購02  ,0,0,0,0,0,0,0,0,0,94000,0,0,0,94000,0,94000,94000
053810,台達電群益96購01,0,0,0,0,0,0,0,0,0,93000,0,0,0,110000,17000,93000,93000
053759,晶相光國泰98購01,0,0,0,0,0,0,0,0,0,93000,0,0,0,466000,373000,93000,93000
053669,台積電統一96購08,0,0,0,0,0,0,0,0,0,93000,0,0,0,94000,1000,93000,93000
054323,旺宏台新96購02  ,0,0,0,0,0,0,0,0,0,93000,0,0,0,99000,6000,93000,93000
044094,南亞科統一92購01,0,0,0,0,0,0,0,0,0,93000,0,0,0,93000,0,93000,93000
045949,貿聯日盛92購01  ,0,0,0,0,0,0,0,0,0,93000,0,0,0,96000,3000,93000,93000
044698,奇力新元大93購01,0,0,0,0,0,0,0,0,0,93000,0,0,0,103000,10000,93000,93000
04049P,大立光元大95售02,0,0,0,0,0,0,0,0,0,93000,0,0,0,120000,27000,93000,93000
047386,南亞科元大93購01,0,0,0,0,0,0,0,0,0,93000,0,0,0,93000,0,93000,93000
048425,聯茂元富96購02  ,0,0,0,0,0,0,0,0,0,93000,0,0,0,96000,3000,93000,93000
046718,群創富邦93購02  ,0,0,0,0,0,0,0,0,0,93000,0,0,0,93000,0,93000,93000
046795,瀚宇博元富93購01,0,0,0,0,0,0,0,0,0,93000,0,0,0,193000,100000,93000,93000
049325,智邦元富94購02  ,0,0,0,0,0,0,0,0,0,93000,0,0,0,158000,65000,93000,93000
052273,新光金群益95購02,0,0,0,0,0,0,0,0,0,93000,0,0,0,143000,50000,93000,93000
2723,美食-KY         ,243000,181000,62000,0,0,0,0,0,0,31000,2000,0,2000,32000,3000,29000,93000
8021,尖點            ,144000,52000,92000,0,0,0,0,0,0,1000,1000,0,1000,0,0,0,93000
05790P,臺股指永昌96售07,0,0,0,0,0,0,0,0,0,93000,0,0,0,114000,21000,93000,93000
06123P,玉晶光元大97售04,0,0,0,0,0,0,0,0,0,93000,0,0,0,256000,163000,93000,93000
054349,同欣電國票97購02,0,0,0,0,0,0,0,0,0,92000,0,0,0,92000,0,92000,92000
053665,臺股指凱基96購26,0,0,0,0,0,0,0,0,0,92000,0,0,0,94000,2000,92000,92000
053744,台郡國票97購03  ,0,0,0,0,0,0,0,0,0,92000,0,0,0,167000,75000,92000,92000
044464,滬深2X群益95購01,0,0,0,0,0,0,0,0,0,92000,0,0,0,272000,180000,92000,92000
047675,群創元富96購03  ,0,0,0,0,0,0,0,0,0,92000,0,0,0,235000,143000,92000,92000
048928,華新科永豐94購02,0,0,0,0,0,0,0,0,0,92000,0,0,0,183000,91000,92000,92000
047212,宏達電富邦97購01,0,0,0,0,0,0,0,0,0,92000,0,0,0,92000,0,92000,92000
046225,南亞科元大92購05,0,0,0,0,0,0,0,0,0,92000,0,0,0,100000,8000,92000,92000
050380,台積電亞東94購02,0,0,0,0,0,0,0,0,0,92000,0,0,0,92000,0,92000,92000
050627,華通中信94購02  ,0,0,0,0,0,0,0,0,0,92000,0,0,0,104000,12000,92000,92000
5283,禾聯碩          ,98000,9000,89000,0,0,0,0,0,0,3000,0,0,0,3000,0,3000,92000
3605,宏致            ,263000,177000,86000,0,0,0,0,0,0,6000,6000,0,6000,0,0,0,92000
053580,國巨元大96購10  ,0,0,0,0,0,0,0,0,0,91000,0,0,0,204000,113000,91000,91000
047709,聯發科凱基93購18,0,0,0,0,0,0,0,0,0,91000,0,0,0,92000,1000,91000,91000
044457,滬深2X國票97購01,0,0,0,0,0,0,0,0,0,91000,0,0,0,291000,200000,91000,91000
04338P,亞光元大93售04  ,0,0,0,0,0,0,0,0,0,91000,0,0,0,111000,20000,91000,91000
049463,華新科富邦97購01,0,0,0,0,0,0,0,0,0,91000,0,0,0,142000,51000,91000,91000
050103,群創富邦94購01  ,0,0,0,0,0,0,0,0,0,91000,0,0,0,107000,16000,91000,91000
051870,台郡凱基95購04  ,0,0,0,0,0,0,0,0,0,91000,0,0,0,91000,0,91000,91000
051501,康友群益95購02  ,0,0,0,0,0,0,0,0,0,91000,0,0,0,104000,13000,91000,91000
2485,兆赫            ,35000,19000,16000,0,0,0,0,0,0,75000,10000,4000,6000,73000,4000,69000,91000
052436,正崴富邦95購01  ,0,0,0,0,0,0,0,0,0,90000,0,0,0,90000,0,90000,90000
05388P,南亞科元大95售04,0,0,0,0,0,0,0,0,0,90000,0,0,0,159000,69000,90000,90000
054360,智邦凱基96購03  ,0,0,0,0,0,0,0,0,0,90000,0,0,0,146000,56000,90000,90000
043665,和鑫元大93購01  ,0,0,0,0,0,0,0,0,0,90000,0,0,0,90000,0,90000,90000
044498,智易元大91購02  ,0,0,0,0,0,0,0,0,0,90000,0,0,0,90000,0,90000,90000
044351,台光電元大92購02,0,0,0,0,0,0,0,0,0,90000,0,0,0,95000,5000,90000,90000
044315,大立光永豐92購01,0,0,0,0,0,0,0,0,0,90000,0,0,0,200000,110000,90000,90000
047596,元油反元富97購01,0,0,0,0,0,0,0,0,0,90000,0,0,0,90000,0,90000,90000
044046,台達電麥證91購01,0,0,0,90000,0,90000,0,0,0,90000,0,0,0,90000,0,90000,90000
045363,台達電兆豐92購01,0,0,0,0,0,0,0,0,0,90000,0,0,0,100000,10000,90000,90000
047090,緯創元富93購01  ,0,0,0,0,0,0,0,0,0,90000,0,0,0,150000,60000,90000,90000
046233,臻鼎元大92購08  ,0,0,0,0,0,0,0,0,0,90000,0,0,0,100000,10000,90000,90000
046445,台化麥證92購01  ,0,0,0,110000,20000,90000,0,0,0,90000,0,0,0,110000,20000,90000,90000
048283,亞德客中信94購01,0,0,0,0,0,0,0,0,0,90000,0,0,0,90000,0,90000,90000
048800,瑞昱富邦94購01  ,0,0,0,0,0,0,0,0,0,90000,0,0,0,90000,0,90000,90000
051315,同欣電麥證95購01,0,0,0,100000,0,100000,0,0,0,90000,0,0,0,100000,10000,90000,90000
051883,智原永豐95購03  ,0,0,0,0,0,0,0,0,0,90000,0,0,0,160000,70000,90000,90000
051995,矽力元大95購03  ,0,0,0,0,0,0,0,0,0,90000,0,0,0,192000,102000,90000,90000
052308,大立光國泰97購02,0,0,0,0,0,0,0,0,0,90000,0,0,0,122000,32000,90000,90000
049749,創意永豐94購01  ,0,0,0,0,0,0,0,0,0,90000,0,0,0,90000,0,90000,90000
049736,宏達電群益95購03,0,0,0,0,0,0,0,0,0,90000,0,0,0,100000,10000,90000,90000
049616,卜蜂群益94購01  ,0,0,0,0,0,0,0,0,0,90000,0,0,0,90000,0,90000,90000
049662,燿華永豐95購02  ,0,0,0,0,0,0,0,0,0,90000,0,0,0,90000,0,90000,90000
050770,全新元大94購04  ,0,0,0,0,0,0,0,0,0,90000,0,0,0,200000,110000,90000,90000
050766,燿華元大96購02  ,0,0,0,0,0,0,0,0,0,90000,0,0,0,120000,30000,90000,90000
1514,亞力            ,118000,28000,90000,0,0,0,0,0,0,0,0,0,0,0,0,0,90000
06084P,宏達電元富97售02,0,0,0,0,0,0,0,0,0,90000,0,0,0,90000,0,90000,90000
053991,鴻海群益96購05  ,0,0,0,0,0,0,0,0,0,89000,0,0,0,100000,11000,89000,89000
052343,同欣電凱基95購03,0,0,0,0,0,0,0,0,0,89000,0,0,0,244000,155000,89000,89000
052379,鈺齊元大95購04  ,0,0,0,0,0,0,0,0,0,89000,0,0,0,215000,126000,89000,89000
045558,冠德國票92購01  ,0,0,0,0,0,0,0,0,0,89000,0,0,0,99000,10000,89000,89000
045038,臻鼎群益93購01  ,0,0,0,0,0,0,0,0,0,89000,0,0,0,149000,60000,89000,89000
042993,葡萄王元大94購01,0,0,0,0,0,0,0,0,0,89000,0,0,0,89000,0,89000,89000
046506,全新元大92購05  ,0,0,0,0,0,0,0,0,0,89000,0,0,0,99000,10000,89000,89000
047213,新日興富邦97購01,0,0,0,0,0,0,0,0,0,89000,0,0,0,109000,20000,89000,89000
050995,貿聯元大95購02  ,0,0,0,0,0,0,0,0,0,89000,0,0,0,89000,0,89000,89000
051347,國巨元大95購06  ,0,0,0,0,0,0,0,0,0,89000,0,0,0,92000,3000,89000,89000
08801P,聯發科元大01售13,0,0,0,0,0,0,0,0,0,89000,0,0,0,89000,0,89000,89000
054945,正崴元大97購01  ,0,0,0,0,0,0,0,0,0,89000,0,0,0,97000,8000,89000,89000
052362,瑞昱國票96購02  ,0,0,0,0,0,0,0,0,0,88000,0,0,0,90000,2000,88000,88000
052813,T50正2永豐96購01,0,0,0,0,0,0,0,0,0,88000,0,0,0,98000,10000,88000,88000
052759,京元電群益96購01,0,0,0,0,0,0,0,0,0,88000,0,0,0,158000,70000,88000,88000
053585,友達元大9C購03  ,0,0,0,0,0,0,0,0,0,88000,0,0,0,143000,55000,88000,88000
053313,世紀鋼凱基96購01,0,0,0,0,0,0,0,0,0,88000,0,0,0,201000,113000,88000,88000
053908,貿聯凱基98購01  ,0,0,0,0,0,0,0,0,0,88000,0,0,0,114000,26000,88000,88000
054325,奇力新台新97購03,0,0,0,0,0,0,0,0,0,88000,0,0,0,97000,9000,88000,88000
044358,TPK元大92購02   ,0,0,0,0,0,0,0,0,0,88000,0,0,0,88000,0,88000,88000
046349,康控兆豐93購02  ,0,0,0,0,0,0,0,0,0,88000,0,0,0,138000,50000,88000,88000
051394,奇鋐兆豐95購01  ,0,0,0,0,0,0,0,0,0,88000,0,0,0,98000,10000,88000,88000
051806,華通凱基96購02  ,0,0,0,0,0,0,0,0,0,88000,0,0,0,138000,50000,88000,88000
05953P,台積電國票98售02,0,0,0,0,0,0,0,0,0,88000,0,0,0,247000,159000,88000,88000
9939,宏全            ,160000,47000,113000,0,0,0,12000,0,12000,-37000,33000,31000,2000,0,39000,-39000,88000
053206,聯發科麥證96購02,0,0,0,87000,0,87000,0,0,0,87000,0,0,0,87000,0,87000,87000
052975,嘉聯益群益96購01,0,0,0,0,0,0,0,0,0,87000,0,0,0,126000,39000,87000,87000
052525,聯詠元大95購06  ,0,0,0,0,0,0,0,0,0,87000,0,0,0,143000,56000,87000,87000
046302,亞德客元大92購02,0,0,0,0,0,0,0,0,0,87000,0,0,0,97000,10000,87000,87000
046972,同欣電群益93購01,0,0,0,0,0,0,0,0,0,87000,0,0,0,112000,25000,87000,87000
049408,旺宏日盛94購01  ,0,0,0,0,0,0,0,0,0,87000,0,0,0,188000,101000,87000,87000
052141,百和凱基95購02  ,0,0,0,0,0,0,0,0,0,87000,0,0,0,116000,29000,87000,87000
049627,嘉聯益群益94購02,0,0,0,0,0,0,0,0,0,87000,0,0,0,98000,11000,87000,87000
04992P,元油2X富邦97售04,0,0,0,0,0,0,0,0,0,87000,0,0,0,87000,0,87000,87000
050007,貿聯永豐94購01  ,0,0,0,0,0,0,0,0,0,87000,0,0,0,127000,40000,87000,87000
052943,奇力新國票96購02,0,0,0,0,0,0,0,0,0,86000,0,0,0,87000,1000,86000,86000
053954,貿聯康和96購01  ,0,0,0,0,0,0,0,0,0,86000,0,0,0,86000,0,86000,86000
045663,元油2X元富94購01,0,0,0,0,0,0,0,0,0,86000,0,0,0,118000,32000,86000,86000
03987P,亞光群益93售02  ,0,0,0,0,0,0,0,0,0,86000,0,0,0,96000,10000,86000,86000
03450P,元油2X元富98售05,0,0,0,0,0,0,0,0,0,86000,0,0,0,111000,25000,86000,86000
048312,致茂凱基93購02  ,0,0,0,0,0,0,0,0,0,86000,0,0,0,92000,6000,86000,86000
04974P,聯發科凱基96售02,0,0,0,0,0,0,0,0,0,86000,0,0,0,326000,240000,86000,86000
051732,華通國票97購01  ,0,0,0,0,0,0,0,0,0,86000,0,0,0,286000,200000,86000,86000
051739,奇力新國票97購01,0,0,0,0,0,0,0,0,0,86000,0,0,0,86000,0,86000,86000
053290,元油反中信97購01,0,0,0,0,0,0,0,0,0,85000,0,0,0,85000,0,85000,85000
053385,聯詠元大96購02  ,0,0,0,0,0,0,0,0,0,85000,0,0,0,217000,132000,85000,85000
03744P,致茂凱基93售01  ,0,0,0,0,0,0,0,0,0,85000,0,0,0,95000,10000,85000,85000
047906,中石化元大94購01,0,0,0,0,0,0,0,0,0,85000,0,0,0,90000,5000,85000,85000
046419,聯鈞元大92購01  ,100000,0,100000,0,0,0,0,0,0,-15000,0,0,0,343000,358000,-15000,85000
050642,和大凱基94購03  ,0,0,0,0,0,0,0,0,0,85000,0,0,0,159000,74000,85000,85000
06072P,牧德永豐97售01  ,0,0,0,0,0,0,0,0,0,85000,0,0,0,115000,30000,85000,85000
05815P,台積電凱基97售06,0,0,0,0,0,0,0,0,0,85000,0,0,0,113000,28000,85000,85000
053572,彩晶統一96購01  ,0,0,0,0,0,0,0,0,0,84000,0,0,0,167000,83000,84000,84000
052962,台積電凱基97購03,0,0,0,0,0,0,0,0,0,84000,0,0,0,129000,45000,84000,84000
052540,華新科統一95購03,0,0,0,0,0,0,0,0,0,84000,0,0,0,84000,0,84000,84000
054035,聯詠麥證96購01  ,0,0,0,204000,120000,84000,0,0,0,84000,0,0,0,204000,120000,84000,84000
054821,貿聯元大9A購01  ,0,0,0,0,0,0,0,0,0,84000,0,0,0,260000,176000,84000,84000
044614,聯茂兆豐92購02  ,0,0,0,0,0,0,0,0,0,84000,0,0,0,100000,16000,84000,84000
044340,TPK統一93購01   ,0,0,0,0,0,0,0,0,0,84000,0,0,0,84000,0,84000,84000
044496,群創元大93購02  ,0,0,0,0,0,0,0,0,0,84000,0,0,0,536000,452000,84000,84000
045630,技嘉凱基93購02  ,0,0,0,0,0,0,0,0,0,84000,0,0,0,104000,20000,84000,84000
048281,矽力永豐93購02  ,0,0,0,0,0,0,0,0,0,84000,0,0,0,122000,38000,84000,84000
04820P,聯茂永豐94售02  ,0,0,0,0,0,0,0,0,0,84000,0,0,0,187000,103000,84000,84000
049583,台積電元大95購04,0,0,0,0,0,0,0,0,0,84000,0,0,0,113000,29000,84000,84000
05053P,新日興群益95售01,0,0,0,0,0,0,0,0,0,84000,0,0,0,84000,0,84000,84000
051591,玉晶光元大97購01,0,0,0,0,0,0,0,0,0,84000,0,0,0,111000,27000,84000,84000
054928,帆宣凱基98購01  ,0,0,0,0,0,0,0,0,0,84000,0,0,0,94000,10000,84000,84000
6288,聯嘉            ,358000,313000,45000,0,0,0,0,0,0,39000,55000,16000,39000,0,0,0,84000
054697,凌華永豐97購01  ,0,0,0,0,0,0,0,0,0,83000,0,0,0,153000,70000,83000,83000
053876,可成永昌98購01  ,0,0,0,0,0,0,0,0,0,83000,0,0,0,140000,57000,83000,83000
046033,義隆元大92購03  ,0,0,0,0,0,0,0,0,0,83000,0,0,0,94000,11000,83000,83000
048019,GIS麥證94購01   ,0,0,0,143000,60000,83000,0,0,0,83000,0,0,0,143000,60000,83000,83000
03155P,玉晶光群益01售08,0,0,0,0,0,0,0,0,0,83000,0,0,0,83000,0,83000,83000
04914P,國巨國泰95售06  ,0,0,0,0,0,0,0,0,0,83000,0,0,0,183000,100000,83000,83000
051609,貿聯群益95購03  ,0,0,0,0,0,0,0,0,0,83000,0,0,0,209000,126000,83000,83000
051104,鈺齊元大96購01  ,0,0,0,0,0,0,0,0,0,83000,0,0,0,261000,178000,83000,83000
052240,臻鼎國票96購03  ,0,0,0,0,0,0,0,0,0,83000,0,0,0,88000,5000,83000,83000
054950,奇力新元大98購02,0,0,0,0,0,0,0,0,0,83000,0,0,0,157000,74000,83000,83000
05960P,欣興統一96售01  ,0,0,0,0,0,0,0,0,0,83000,0,0,0,83000,0,83000,83000
052499,合勤控永豐95購01,0,0,0,0,0,0,0,0,0,82000,0,0,0,82000,0,82000,82000
052688,新日興元大96購01,0,0,0,0,0,0,0,0,0,82000,0,0,0,82000,0,82000,82000
053158,茂林元大96購01  ,0,0,0,0,0,0,0,0,0,82000,0,0,0,82000,0,82000,82000
045774,義隆元大92購02  ,0,0,0,0,0,0,0,0,0,82000,0,0,0,82000,0,82000,82000
045765,康控統一92購01  ,0,0,0,0,0,0,0,0,0,82000,0,0,0,122000,40000,82000,82000
047246,華新科群益93購01,0,0,0,0,0,0,0,0,0,82000,0,0,0,125000,43000,82000,82000
048152,力山兆豐94購01  ,0,0,0,0,0,0,0,0,0,82000,0,0,0,82000,0,82000,82000
052323,矽力元大95購04  ,0,0,0,0,0,0,0,0,0,82000,0,0,0,128000,46000,82000,82000
051381,玉晶光群益98購01,0,0,0,0,0,0,0,0,0,82000,0,0,0,106000,24000,82000,82000
050335,正崴國泰96購01  ,0,0,0,0,0,0,0,0,0,82000,0,0,0,100000,18000,82000,82000
053785,聯詠元大96購05  ,0,0,0,0,0,0,0,0,0,81000,0,0,0,262000,181000,81000,81000
054111,緯穎凱基97購01  ,0,0,0,0,0,0,0,0,0,81000,0,0,0,84000,3000,81000,81000
054421,臺股指元大99購03,0,0,0,0,0,0,0,0,0,81000,0,0,0,81000,0,81000,81000
04185P,欣興統一93售05  ,0,0,0,0,0,0,0,0,0,81000,0,0,0,100000,19000,81000,81000
04148P,GIS凱基93售05   ,0,0,0,0,0,0,0,0,0,81000,0,0,0,154000,73000,81000,81000
044524,瑞儀凱基93購02  ,0,0,0,0,0,0,0,0,0,81000,0,0,0,91000,10000,81000,81000
048336,光磊元大93購02  ,0,0,0,0,0,0,0,0,0,81000,0,0,0,281000,200000,81000,81000
06043P,創意永豐96售06  ,0,0,0,0,0,0,0,0,0,81000,0,0,0,131000,50000,81000,81000
06036P,台表科凱基96售04,0,0,0,0,0,0,0,0,0,81000,0,0,0,117000,36000,81000,81000
055155,奇力新元大99購01,0,0,0,0,0,0,0,0,0,81000,0,0,0,114000,33000,81000,81000
05744P,台表科元大96售04,0,0,0,0,0,0,0,0,0,81000,0,0,0,84000,3000,81000,81000
054602,聯詠台新97購01  ,0,0,0,0,0,0,0,0,0,80000,0,0,0,180000,100000,80000,80000
052602,聯電元大97購01  ,0,0,0,0,0,0,0,0,0,80000,0,0,0,122000,42000,80000,80000
044608,奇力新富邦93購01,0,0,0,0,0,0,0,0,0,80000,0,0,0,80000,0,80000,80000
045994,康控富邦94購01  ,0,0,0,0,0,0,0,0,0,80000,0,0,0,80000,0,80000,80000
045899,臻鼎元大92購03  ,0,0,0,0,0,0,0,0,0,80000,0,0,0,100000,20000,80000,80000
04314P,聯茂元富93售01  ,0,0,0,0,0,0,0,0,0,80000,0,0,0,100000,20000,80000,80000
042347,康控富邦91購01  ,0,0,0,0,0,0,0,0,0,80000,0,0,0,80000,0,80000,80000
042143,奇鋐元大92購01  ,0,0,0,0,0,0,0,0,0,80000,0,0,0,80000,0,80000,80000
03922P,中磊凱基93售01  ,0,0,0,0,0,0,0,0,0,80000,0,0,0,80000,0,80000,80000
046645,技嘉國泰94購01  ,0,0,0,0,0,0,0,0,0,80000,0,0,0,84000,4000,80000,80000
046951,GIS元大93購08   ,0,0,0,0,0,0,0,0,0,80000,0,0,0,90000,10000,80000,80000
046135,南亞科富邦92購01,0,0,0,0,0,0,0,0,0,80000,0,0,0,80000,0,80000,80000
046177,矽創永豐92購01  ,0,0,0,0,0,0,0,0,0,80000,0,0,0,80000,0,80000,80000
04807P,聯茂元富94售01  ,0,0,0,0,0,0,0,0,0,80000,0,0,0,100000,20000,80000,80000
049507,和大凱基94購01  ,0,0,0,0,0,0,0,0,0,80000,0,0,0,101000,21000,80000,80000
050666,道瓊銀永豐94購01,0,0,0,0,0,0,0,0,0,80000,0,0,0,95000,15000,80000,80000
050612,台積電元大95購06,0,0,0,0,0,0,0,0,0,80000,0,0,0,80000,0,80000,80000
050890,南電富邦99購01  ,0,0,0,0,0,0,0,0,0,80000,0,0,0,80000,0,80000,80000
049780,智易統一94購02  ,0,0,0,0,0,0,0,0,0,80000,0,0,0,80000,0,80000,80000
049863,京元電兆豐94購01,0,0,0,0,0,0,0,0,0,80000,0,0,0,150000,70000,80000,80000
052074,鴻海元富95購10  ,0,0,0,0,0,0,0,0,0,80000,0,0,0,80000,0,80000,80000
05885P,牧德統一96售01  ,0,0,0,0,0,0,0,0,0,80000,0,0,0,160000,80000,80000,80000
055134,元油反國泰99購01,0,0,0,0,0,0,0,0,0,80000,0,0,0,80000,0,80000,80000
054933,南港元大97購01  ,0,0,0,0,0,0,0,0,0,80000,0,0,0,100000,20000,80000,80000
06010P,國泰金元富96售01,0,0,0,0,0,0,0,0,0,80000,0,0,0,80000,0,80000,80000
9955,佳龍            ,112000,32000,80000,0,0,0,0,0,0,0,0,0,0,0,0,0,80000
053382,友達元大9C購02  ,0,0,0,0,0,0,0,0,0,79000,0,0,0,158000,79000,79000,79000
054410,國巨元大96購14  ,0,0,0,0,0,0,0,0,0,79000,0,0,0,128000,49000,79000,79000
045076,富邦金元大92購01,0,0,0,0,0,0,0,0,0,79000,0,0,0,89000,10000,79000,79000
049387,緯穎元大94購03  ,0,0,0,0,0,0,0,0,0,79000,0,0,0,242000,163000,79000,79000
04782P,智伸科統一96售01,0,0,0,0,0,0,0,0,0,79000,0,0,0,99000,20000,79000,79000
052180,緯穎元大96購05  ,0,0,0,0,0,0,0,0,0,79000,0,0,0,361000,282000,79000,79000
051592,健策元大96購05  ,0,0,0,0,0,0,0,0,0,79000,0,0,0,139000,60000,79000,79000
050137,臺指反國票96購01,0,0,0,0,0,0,0,0,0,79000,0,0,0,84000,5000,79000,79000
6477,安集            ,82000,2000,80000,0,0,0,0,0,0,-1000,0,1000,-1000,0,0,0,79000
2406,國碩            ,204000,125335,78665,0,0,0,0,0,0,0,0,0,0,0,0,0,78665
054427,潤泰全富邦97購01,0,0,0,0,0,0,0,0,0,78000,0,0,0,98000,20000,78000,78000
053966,旺宏元大96購08  ,0,0,0,0,0,0,0,0,0,78000,0,0,0,388000,310000,78000,78000
053895,智易群益96購02  ,0,0,0,0,0,0,0,0,0,78000,0,0,0,78000,0,78000,78000
053551,可成凱基96購05  ,0,0,0,0,0,0,0,0,0,78000,0,0,0,118000,40000,78000,78000
052388,旺宏群益96購05  ,0,0,0,0,0,0,0,0,0,78000,0,0,0,88000,10000,78000,78000
044164,京元電元大92購01,0,0,0,0,0,0,0,0,0,78000,0,0,0,110000,32000,78000,78000
045937,臻鼎群益93購02  ,0,0,0,0,0,0,0,0,0,78000,0,0,0,99000,21000,78000,78000
045021,臺股指中信94購02,0,0,0,0,0,0,0,0,0,78000,0,0,0,78000,0,78000,78000
048004,康控元大93購05  ,0,0,0,0,0,0,0,0,0,78000,0,0,0,81000,3000,78000,78000
00852L,國泰美國道瓊正2 ,0,0,0,0,0,0,0,0,0,78000,0,0,0,161000,83000,78000,78000
048499,達運元大96購01  ,0,0,0,0,0,0,0,0,0,78000,0,0,0,100000,22000,78000,78000
048878,康控國票95購02  ,0,0,0,0,0,0,0,0,0,78000,0,0,0,78000,0,78000,78000
050185,和鑫元大95購02  ,0,0,0,0,0,0,0,0,0,78000,0,0,0,78000,0,78000,78000
049715,華泰凱基94購02  ,0,0,0,0,0,0,0,0,0,78000,0,0,0,78000,0,78000,78000
050926,禾伸堂凱基95購01,0,0,0,0,0,0,0,0,0,78000,0,0,0,105000,27000,78000,78000
050947,聯發科群益95購01,0,0,0,0,0,0,0,0,0,78000,0,0,0,79000,1000,78000,78000
050683,智原元富94購02  ,0,0,0,0,0,0,0,0,0,78000,0,0,0,385000,307000,78000,78000
051590,玉晶光元大96購02,0,0,0,0,0,0,0,0,0,78000,0,0,0,133000,55000,78000,78000
051095,貿聯元大95購03  ,0,0,0,0,0,0,0,0,0,78000,0,0,0,78000,0,78000,78000
06147P,國巨元大97售05  ,0,0,0,0,0,0,0,0,0,78000,0,0,0,209000,131000,78000,78000
05883P,致伸永豐96售03  ,0,0,0,0,0,0,0,0,0,78000,0,0,0,78000,0,78000,78000
05631P,國巨富邦9A售01  ,0,0,0,0,0,0,0,0,0,78000,0,0,0,90000,12000,78000,78000
6285,啟碁            ,196000,156000,40000,0,0,0,5000,1000,4000,34000,3000,2000,1000,59000,26000,33000,78000
053246,聯詠國票97購02  ,0,0,0,0,0,0,0,0,0,77000,0,0,0,80000,3000,77000,77000
053028,康控富邦98購01  ,0,0,0,0,0,0,0,0,0,77000,0,0,0,107000,30000,77000,77000
053734,友達中信98購02  ,0,0,0,0,0,0,0,0,0,77000,0,0,0,167000,90000,77000,77000
053730,樺漢凱基98購01  ,0,0,0,0,0,0,0,0,0,77000,0,0,0,100000,23000,77000,77000
045087,玉晶光元大95購01,0,0,0,0,0,0,0,0,0,77000,0,0,0,107000,30000,77000,77000
049386,嘉聯益元大95購01,0,0,0,0,0,0,0,0,0,77000,0,0,0,80000,3000,77000,77000
048065,群創統一93購04  ,0,0,0,0,0,0,0,0,0,77000,0,0,0,77000,0,77000,77000
048692,致伸群益94購01  ,0,0,0,0,0,0,0,0,0,77000,0,0,0,98000,21000,77000,77000
052136,瑞儀凱基95購01  ,0,0,0,0,0,0,0,0,0,77000,0,0,0,87000,10000,77000,77000
052313,聯電元大98購01  ,0,0,0,0,0,0,0,0,0,77000,0,0,0,97000,20000,77000,77000
050219,台積電元富95購03,0,0,0,0,0,0,0,0,0,77000,0,0,0,107000,30000,77000,77000
4725,信昌化          ,77000,0,77000,0,0,0,0,0,0,0,0,0,0,0,0,0,77000
05656P,台表科統一96售01,0,0,0,0,0,0,0,0,0,77000,0,0,0,200000,123000,77000,77000
05917P,宏達電元大96售02,0,0,0,0,0,0,0,0,0,77000,0,0,0,279000,202000,77000,77000
047760,元油反元大96購03,0,0,0,0,0,0,0,0,0,76000,0,0,0,76000,0,76000,76000
00648R,元大S&P500反1   ,0,1000,-1000,0,0,0,0,0,0,77000,0,0,0,395000,318000,77000,76000
048591,台郡兆豐94購01  ,0,0,0,0,0,0,0,0,0,76000,0,0,0,81000,5000,76000,76000
048777,瀚宇博凱基94購02,0,0,0,0,0,0,0,0,0,76000,0,0,0,76000,0,76000,76000
049244,亞光元富94購01  ,0,0,0,0,0,0,0,0,0,76000,0,0,0,100000,24000,76000,76000
050862,燿華永豐95購04  ,0,0,0,0,0,0,0,0,0,76000,0,0,0,76000,0,76000,76000
050645,台積電凱基94購39,0,0,0,0,0,0,0,0,0,76000,0,0,0,111000,35000,76000,76000
052080,康友元富98購02  ,0,0,0,0,0,0,0,0,0,76000,0,0,0,93000,17000,76000,76000
052025,國巨群益96購01  ,0,0,0,0,0,0,0,0,0,76000,0,0,0,179000,103000,76000,76000
051884,樺漢永豐95購01  ,0,0,0,0,0,0,0,0,0,76000,0,0,0,85000,9000,76000,76000
054121,奇鋐永豐96購02  ,0,0,0,0,0,0,0,0,0,75000,0,0,0,75000,0,75000,75000
054068,華通國泰96購02  ,0,0,0,0,0,0,0,0,0,75000,0,0,0,232000,157000,75000,75000
053138,華邦電富邦96購01,0,0,0,0,0,0,0,0,0,75000,0,0,0,75000,0,75000,75000
052875,樺漢凱基96購02  ,0,0,0,0,0,0,0,0,0,75000,0,0,0,80000,5000,75000,75000
00675L,富邦臺灣加權正2 ,0,0,0,0,0,0,0,0,0,75000,0,0,0,89000,14000,75000,75000
045823,康普凱基92購02  ,0,0,0,0,0,0,0,0,0,75000,0,0,0,125000,50000,75000,75000
042173,台灣50永豐93購01,0,0,0,0,0,0,0,0,0,75000,0,0,0,75000,0,75000,75000
049242,佳世達元富96購01,0,0,0,0,0,0,0,0,0,75000,0,0,0,125000,50000,75000,75000
049132,大成鋼元大94購01,0,0,0,0,0,0,0,0,0,75000,0,0,0,75000,0,75000,75000
049413,台達電凱基94購06,0,0,0,0,0,0,0,0,0,75000,0,0,0,121000,46000,75000,75000
047108,華邦電元大93購03,0,0,0,0,0,0,0,0,0,75000,0,0,0,377000,302000,75000,75000
047389,義隆元大94購01  ,0,0,0,0,0,0,0,0,0,75000,0,0,0,100000,25000,75000,75000
051020,健策凱基96購02  ,0,0,0,0,0,0,0,0,0,75000,0,0,0,213000,138000,75000,75000
05144P,美律永豐95售02  ,0,0,0,0,0,0,0,0,0,75000,0,0,0,75000,0,75000,75000
050339,鴻海統一94購06  ,0,0,0,0,0,0,0,0,0,75000,0,0,0,75000,0,75000,75000
050133,鈺齊凱基94購01  ,0,0,0,0,0,0,0,0,0,75000,0,0,0,206000,131000,75000,75000
08962P,大立光凱基03售05,0,0,0,0,0,0,0,0,0,75000,0,0,0,75000,0,75000,75000
05999P,世芯元大96售01  ,0,0,0,0,0,0,0,0,0,75000,0,0,0,92000,17000,75000,75000
3029,零壹            ,139000,64000,75000,0,0,0,0,0,0,0,0,0,0,0,0,0,75000
053777,台積電元大96購20,0,0,0,0,0,0,0,0,0,74000,0,0,0,438000,364000,74000,74000
054311,世芯凱基96購02  ,0,0,0,0,0,0,0,0,0,74000,0,0,0,75000,1000,74000,74000
047368,南電群益93購01  ,0,0,0,0,0,0,0,0,0,74000,0,0,0,150000,76000,74000,74000
047833,全新元大94購02  ,0,0,0,0,0,0,0,0,0,74000,0,0,0,94000,20000,74000,74000
047550,聯發科凱基93購13,0,0,0,0,0,0,0,0,0,74000,0,0,0,74000,0,74000,74000
050175,台光電元大94購08,0,0,0,0,0,0,0,0,0,74000,0,0,0,213000,139000,74000,74000
052229,奇力新凱基96購01,0,0,0,0,0,0,0,0,0,74000,0,0,0,74000,0,74000,74000
6533,晶心科          ,125000,51000,74000,0,0,0,0,0,0,0,0,0,0,0,0,0,74000
052950,超眾國票98購01  ,0,0,0,0,0,0,0,0,0,73000,0,0,0,118000,45000,73000,73000
044735,光磊國泰93購01  ,0,0,0,0,0,0,0,0,0,73000,0,0,0,73000,0,73000,73000
04542P,致伸永豐94售01  ,0,0,0,0,0,0,0,0,0,73000,0,0,0,173000,100000,73000,73000
049159,同欣電中信96購01,0,0,0,0,0,0,0,0,0,73000,0,0,0,219000,146000,73000,73000
051582,聯發科元大97購02,0,0,0,0,0,0,0,0,0,73000,0,0,0,151000,78000,73000,73000
051650,矽力永豐95購01  ,0,0,0,0,0,0,0,0,0,73000,0,0,0,138000,65000,73000,73000
049831,日月光凱基94購01,0,0,0,0,0,0,0,0,0,73000,0,0,0,81000,8000,73000,73000
053325,GIS群益96購02   ,0,0,0,0,0,0,0,0,0,72000,0,0,0,72000,0,72000,72000
054785,建準群益98購01  ,0,0,0,0,0,0,0,0,0,72000,0,0,0,77000,5000,72000,72000
048977,晶相光元大94購01,0,0,0,0,0,0,0,0,0,72000,0,0,0,212000,140000,72000,72000
049597,泰鼎元大96購01  ,0,0,0,0,0,0,0,0,0,72000,0,0,0,112000,40000,72000,72000
046937,聯電元大99購01  ,0,0,0,0,0,0,0,0,0,72000,0,0,0,73000,1000,72000,72000
051017,聯發科凱基95購04,0,0,0,0,0,0,0,0,0,72000,0,0,0,96000,24000,72000,72000
054356,可成兆豐97購01  ,0,0,0,0,0,0,0,0,0,71000,0,0,0,71000,0,71000,71000
053984,康友元大96購05  ,0,0,0,0,0,0,0,0,0,71000,0,0,0,192000,121000,71000,71000
053341,聯發科國票97購03,0,0,0,0,0,0,0,0,0,71000,0,0,0,124000,53000,71000,71000
052801,友達元大9A購01  ,0,0,0,0,0,0,0,0,0,71000,0,0,0,97000,26000,71000,71000
042068,台灣50富邦93購02,0,0,0,0,0,0,0,0,0,71000,0,0,0,98000,27000,71000,71000
044873,聯詠統一91購02  ,0,0,0,0,0,0,0,0,0,71000,0,0,0,71000,0,71000,71000
043236,台灣50兆豐93購02,12000,0,12000,0,0,0,0,0,0,59000,0,0,0,157000,98000,59000,71000
047007,大立光統一93購05,0,0,0,0,0,0,0,0,0,71000,0,0,0,71000,0,71000,71000
046158,聯發科群益92購02,0,0,0,0,0,0,0,0,0,71000,0,0,0,91000,20000,71000,71000
049494,華新科元大95購05,0,0,0,0,0,0,0,0,0,71000,0,0,0,71000,0,71000,71000
051320,燿華國票96購01  ,0,0,0,0,0,0,0,0,0,71000,0,0,0,71000,0,71000,71000
052032,臺股指群益95購05,0,0,0,0,0,0,0,0,0,71000,0,0,0,71000,0,71000,71000
051749,矽力國泰97購01  ,0,0,0,0,0,0,0,0,0,71000,0,0,0,324000,253000,71000,71000
052676,聯發科永昌98購01,0,0,0,0,0,0,0,0,0,70000,0,0,0,157000,87000,70000,70000
052745,欣興元大96購04  ,0,0,0,0,0,0,0,0,0,70000,0,0,0,70000,0,70000,70000
052939,富邦金兆豐96購01,0,0,0,0,0,0,0,0,0,70000,0,0,0,70000,0,70000,70000
052929,可成元大96購02  ,0,0,0,0,0,0,0,0,0,70000,0,0,0,106000,36000,70000,70000
052451,旭富元大95購02  ,0,0,0,0,0,0,0,0,0,70000,0,0,0,70000,0,70000,70000
052652,台虹永豐96購01  ,0,0,0,0,0,0,0,0,0,70000,0,0,0,212000,142000,70000,70000
053027,玉晶光富邦98購01,0,0,0,0,0,0,0,0,0,70000,0,0,0,70000,0,70000,70000
053996,晶相光群益97購01,0,0,0,0,0,0,0,0,0,70000,0,0,0,491000,421000,70000,70000
054118,國巨永豐96購04  ,0,0,0,0,0,0,0,0,0,70000,0,0,0,90000,20000,70000,70000
054249,技嘉元大96購03  ,0,0,0,0,0,0,0,0,0,70000,0,0,0,70000,0,70000,70000
054451,上銀亞東98購01  ,0,0,0,0,0,0,0,0,0,70000,0,0,0,70000,0,70000,70000
03126P,旭富凱基01售04  ,0,0,0,0,0,0,0,0,0,70000,0,0,0,70000,0,70000,70000
043753,聯發科元大92購02,0,0,0,0,0,0,0,0,0,70000,0,0,0,90000,20000,70000,70000
045526,台光電永豐92購01,0,0,0,0,0,0,0,0,0,70000,0,0,0,70000,0,70000,70000
046199,致伸凱基92購05  ,0,0,0,0,0,0,0,0,0,70000,0,0,0,70000,0,70000,70000
046142,康舒統一93購01  ,0,0,0,0,0,0,0,0,0,70000,0,0,0,90000,20000,70000,70000
046771,聯發科國泰94購02,0,0,0,0,0,0,0,0,0,70000,0,0,0,86000,16000,70000,70000
047142,中磊兆豐93購02  ,0,0,0,0,0,0,0,0,0,70000,0,0,0,100000,30000,70000,70000
047947,欣興統一93購04  ,0,0,0,0,0,0,0,0,0,70000,0,0,0,70000,0,70000,70000
046330,祥碩元大92購02  ,0,0,0,0,0,0,0,0,0,70000,0,0,0,206000,136000,70000,70000
048342,強茂元大93購01  ,0,0,0,0,0,0,0,0,0,70000,0,0,0,70000,0,70000,70000
051755,台積電元大96購08,0,0,0,0,0,0,0,0,0,70000,0,0,0,157000,87000,70000,70000
051863,技嘉凱基95購01  ,0,0,0,0,0,0,0,0,0,70000,0,0,0,70000,0,70000,70000
051217,聯發科元富95購01,0,0,0,0,0,0,0,0,0,70000,0,0,0,70000,0,70000,70000
050871,麗豐永豐95購01  ,0,0,0,0,0,0,0,0,0,70000,0,0,0,70000,0,70000,70000
050748,道瓊銀統一94購04,0,0,0,0,0,0,0,0,0,70000,0,0,0,70000,0,70000,70000
9105,泰金寶-DR       ,70000,0,70000,0,0,0,0,0,0,0,0,0,0,0,0,0,70000
2702,華園            ,102000,32000,70000,0,0,0,0,0,0,0,0,0,0,0,0,0,70000
08795P,聯發科凱基01售11,0,0,0,0,0,0,0,0,0,70000,0,0,0,270000,200000,70000,70000
08164P,滬深2X中信95售04,0,0,0,0,0,0,0,0,0,70000,0,0,0,70000,0,70000,70000
055013,訊連元富97購01  ,0,0,0,0,0,0,0,0,0,70000,0,0,0,70000,0,70000,70000
054119,燿華永豐96購05  ,0,0,0,0,0,0,0,0,0,69000,0,0,0,69000,0,69000,69000
053914,國巨國票96購08  ,0,0,0,0,0,0,0,0,0,69000,0,0,0,79000,10000,69000,69000
053562,玉晶光國泰98購02,0,0,0,0,0,0,0,0,0,69000,0,0,0,414000,345000,69000,69000
045113,玉晶光永豐92購01,0,0,0,0,0,0,0,0,0,69000,0,0,0,176000,107000,69000,69000
04453P,聯發科富邦94售04,0,0,0,0,0,0,0,0,0,69000,0,0,0,118000,49000,69000,69000
043647,台積電國票92購01,0,0,0,0,0,0,0,0,0,69000,0,0,0,195000,126000,69000,69000
04010P,上銀元大93售07  ,0,0,0,0,0,0,0,0,0,69000,0,0,0,69000,0,69000,69000
04719P,台達電凱基94售09,0,0,0,0,0,0,0,0,0,69000,0,0,0,69000,0,69000,69000
049529,華新科中信95購01,0,0,0,0,0,0,0,0,0,69000,0,0,0,217000,148000,69000,69000
050742,新日興永豐94購01,0,0,0,0,0,0,0,0,0,69000,0,0,0,69000,0,69000,69000
049826,光磊凱基94購02  ,0,0,0,0,0,0,0,0,0,69000,0,0,0,69000,0,69000,69000
050155,華新科群益95購01,0,0,0,0,0,0,0,0,0,69000,0,0,0,128000,59000,69000,69000
051306,嘉聯益凱基96購01,0,0,0,0,0,0,0,0,0,69000,0,0,0,99000,30000,69000,69000
051075,智邦國泰97購01  ,0,0,0,0,0,0,0,0,0,69000,0,0,0,279000,210000,69000,69000
053636,全新永豐96購02  ,0,0,0,0,0,0,0,0,0,68000,0,0,0,68000,0,68000,68000
053536,明泰永豐96購01  ,0,0,0,0,0,0,0,0,0,68000,0,0,0,68000,0,68000,68000
053445,可成凱基96購04  ,0,0,0,0,0,0,0,0,0,68000,0,0,0,68000,0,68000,68000
053065,大立光群益96購01,0,0,0,0,0,0,0,0,0,68000,0,0,0,72000,4000,68000,68000
053232,友達永豐97購02  ,0,0,0,0,0,0,0,0,0,68000,0,0,0,98000,30000,68000,68000
052864,奇力新凱基96購02,0,0,0,0,0,0,0,0,0,68000,0,0,0,85000,17000,68000,68000
052812,致伸康和96購01  ,0,0,0,0,0,0,0,0,0,68000,0,0,0,68000,0,68000,68000
053642,瀚宇博永豐96購01,0,0,0,0,0,0,0,0,0,68000,0,0,0,68000,0,68000,68000
054498,燿華永豐96購06  ,0,0,0,0,0,0,0,0,0,68000,0,0,0,105000,37000,68000,68000
054330,世芯永豐96購02  ,0,0,0,0,0,0,0,0,0,68000,0,0,0,68000,0,68000,68000
054293,健策元大98購02  ,0,0,0,0,0,0,0,0,0,68000,0,0,0,232000,164000,68000,68000
040430,和大群益92購01  ,0,0,0,0,0,0,0,0,0,68000,0,0,0,68000,0,68000,68000
04203P,超眾元大93售04  ,0,0,0,0,0,0,0,0,0,68000,0,0,0,68000,0,68000,68000
045646,瑞儀凱基93購05  ,0,0,0,0,0,0,0,0,0,68000,0,0,0,106000,38000,68000,68000
047738,美律永豐93購02  ,0,0,0,0,0,0,0,0,0,68000,0,0,0,68000,0,68000,68000
047811,聯發科凱基93購23,0,0,0,0,0,0,0,0,0,68000,0,0,0,72000,4000,68000,68000
047818,台郡凱基93購04  ,0,0,0,0,0,0,0,0,0,68000,0,0,0,68000,0,68000,68000
048032,可成凱基93購13  ,0,0,0,0,0,0,0,0,0,68000,0,0,0,68000,0,68000,68000
049481,為升元大94購03  ,0,0,0,0,0,0,0,0,0,68000,0,0,0,68000,0,68000,68000
049412,為升凱基94購01  ,0,0,0,0,0,0,0,0,0,68000,0,0,0,68000,0,68000,68000
04943P,臻鼎康和94售01  ,0,0,0,0,0,0,0,0,0,68000,0,0,0,68000,0,68000,68000
049357,微星富邦94購01  ,0,0,0,0,0,0,0,0,0,68000,0,0,0,90000,22000,68000,68000
046825,瀚宇博凱基93購02,0,0,0,0,0,0,0,0,0,68000,0,0,0,68000,0,68000,68000
047013,超眾元富96購01  ,0,0,0,0,0,0,0,0,0,68000,0,0,0,120000,52000,68000,68000
047229,大立光凱基93購18,0,0,0,0,0,0,0,0,0,68000,0,0,0,68000,0,68000,68000
048219,為升凱基93購06  ,0,0,0,0,0,0,0,0,0,68000,0,0,0,68000,0,68000,68000
046319,新日興元大92購03,0,0,0,0,0,0,0,0,0,68000,0,0,0,68000,0,68000,68000
046382,明泰凱基93購01  ,0,0,0,0,0,0,0,0,0,68000,0,0,0,68000,0,68000,68000
046728,明泰元大93購01  ,0,0,0,0,0,0,0,0,0,68000,0,0,0,68000,0,68000,68000
046696,可成凱基93購02  ,0,0,0,0,0,0,0,0,0,68000,0,0,0,68000,0,68000,68000
046259,和大凱基92購02  ,0,0,0,0,0,0,0,0,0,68000,0,0,0,68000,0,68000,68000
048673,智伸科永豐93購02,0,0,0,0,0,0,0,0,0,68000,0,0,0,68000,0,68000,68000
051044,GIS永豐95購01   ,0,0,0,0,0,0,0,0,0,68000,0,0,0,68000,0,68000,68000
051092,禾伸堂元大95購02,0,0,0,0,0,0,0,0,0,68000,0,0,0,136000,68000,68000,68000
051185,強茂永豐95購03  ,0,0,0,0,0,0,0,0,0,68000,0,0,0,78000,10000,68000,68000
051330,宏碁永豐95購01  ,0,0,0,0,0,0,0,0,0,68000,0,0,0,68000,0,68000,68000
051865,聯發科凱基96購04,0,0,0,0,0,0,0,0,0,68000,0,0,0,68000,0,68000,68000
051985,智邦元大95購05  ,0,0,0,0,0,0,0,0,0,68000,0,0,0,141000,73000,68000,68000
051986,燿華元大96購04  ,0,0,0,0,0,0,0,0,0,68000,0,0,0,68000,0,68000,68000
051724,康控永豐95購03  ,0,0,0,0,0,0,0,0,0,68000,0,0,0,68000,0,68000,68000
052162,智伸科永豐95購01,0,0,0,0,0,0,0,0,0,68000,0,0,0,68000,0,68000,68000
049823,為升凱基94購04  ,0,0,0,0,0,0,0,0,0,68000,0,0,0,68000,0,68000,68000
050863,聯發科永豐95購01,0,0,0,0,0,0,0,0,0,68000,0,0,0,68000,0,68000,68000
050498,為升凱基94購07  ,0,0,0,0,0,0,0,0,0,68000,0,0,0,68000,0,68000,68000
050505,可成凱基94購12  ,0,0,0,0,0,0,0,0,0,68000,0,0,0,68000,0,68000,68000
050619,TPK元大95購02   ,0,0,0,0,0,0,0,0,0,68000,0,0,0,68000,0,68000,68000
050559,聯發科統一94購10,0,0,0,0,0,0,0,0,0,68000,0,0,0,84000,16000,68000,68000
05637P,聯電元大96售04  ,0,0,0,0,0,0,0,0,0,68000,0,0,0,164000,96000,68000,68000
8131,福懋科          ,178000,131000,47000,0,0,0,22000,0,22000,-1000,1000,0,1000,0,2000,-2000,68000
6409,旭隼            ,144442,73969,70473,0,0,0,0,3000,-3000,0,0,0,0,0,0,0,67473
054382,康控群益96購03  ,0,0,0,0,0,0,0,0,0,67000,0,0,0,67000,0,67000,67000
054772,康控國票98購02  ,0,0,0,0,0,0,0,0,0,67000,0,0,0,67000,0,67000,67000
053743,康控國票97購02  ,0,0,0,0,0,0,0,0,0,67000,0,0,0,67000,0,67000,67000
053837,貿聯永豐96購02  ,0,0,0,0,0,0,0,0,0,67000,0,0,0,143000,76000,67000,67000
053008,達方永豐96購01  ,0,0,0,0,0,0,0,0,0,67000,0,0,0,117000,50000,67000,67000
053429,彩晶永豐96購01  ,0,0,0,0,0,0,0,0,0,67000,0,0,0,108000,41000,67000,67000
048033,大立光凱基93購28,0,0,0,0,0,0,0,0,0,67000,0,0,0,165000,98000,67000,67000
04505P,佳世達元富96售03,0,0,0,0,0,0,0,0,0,67000,0,0,0,67000,0,67000,67000
042644,貿聯兆豐92購01  ,0,0,0,0,0,0,0,0,0,67000,0,0,0,217000,150000,67000,67000
043834,華新科國票91購02,0,0,0,0,0,0,0,0,0,67000,0,0,0,67000,0,67000,67000
047491,旺宏統一94購03  ,0,0,0,0,0,0,0,0,0,67000,0,0,0,98000,31000,67000,67000
046101,大立光永豐92購04,0,0,0,0,0,0,0,0,0,67000,0,0,0,67000,0,67000,67000
051476,聯發科凱基95購09,0,0,0,0,0,0,0,0,0,67000,0,0,0,70000,3000,67000,67000
053221,彩晶凱基98購01  ,0,0,0,0,0,0,0,0,0,66000,0,0,0,66000,0,66000,66000
053872,臻鼎元大96購04  ,0,0,0,0,0,0,0,0,0,66000,0,0,0,114000,48000,66000,66000
045703,技嘉日盛92購01  ,0,0,0,0,0,0,0,0,0,66000,0,0,0,66000,0,66000,66000
045035,潤泰全群益93購01,0,0,0,0,0,0,0,0,0,66000,0,0,0,66000,0,66000,66000
044198,友達國票92購01  ,0,0,0,0,0,0,0,0,0,66000,0,0,0,71000,5000,66000,66000
046336,致新元大92購02  ,0,0,0,0,0,0,0,0,0,66000,0,0,0,76000,10000,66000,66000
048348,矽力元大93購03  ,0,0,0,0,0,0,0,0,0,66000,0,0,0,130000,64000,66000,66000
051647,華新科永豐95購02,0,0,0,0,0,0,0,0,0,66000,0,0,0,76000,10000,66000,66000
050792,可成富邦96購01  ,0,0,0,0,0,0,0,0,0,66000,0,0,0,70000,4000,66000,66000
05997P,嘉聯益群益96售02,0,0,0,0,0,0,0,0,0,66000,0,0,0,66000,0,66000,66000
054069,亞光國泰98購01  ,0,0,0,0,0,0,0,0,0,65000,0,0,0,645000,580000,65000,65000
054001,康友群益96購02  ,0,0,0,0,0,0,0,0,0,65000,0,0,0,107000,42000,65000,65000
054788,華新科群益98購02,0,0,0,0,0,0,0,0,0,65000,0,0,0,71000,6000,65000,65000
054416,禾伸堂元大97購01,0,0,0,0,0,0,0,0,0,65000,0,0,0,65000,0,65000,65000
05359P,嘉澤元大95售02  ,0,0,0,0,0,0,0,0,0,65000,0,0,0,76000,11000,65000,65000
05267P,欣興元大95售08  ,0,0,0,0,0,0,0,0,0,65000,0,0,0,65000,0,65000,65000
052402,健策凱基97購01  ,0,0,0,0,0,0,0,0,0,65000,0,0,0,164000,99000,65000,65000
045203,同欣電凱基92購01,0,0,0,0,0,0,0,0,0,65000,0,0,0,116000,51000,65000,65000
042181,易華電統一92購01,0,0,0,0,0,0,0,0,0,65000,0,0,0,65000,0,65000,65000
044000,群創第一91購01  ,0,0,0,0,0,0,0,0,0,65000,0,0,0,65000,0,65000,65000
04226P,宏達電元富93售01,0,0,0,0,0,0,0,0,0,65000,0,0,0,65000,0,65000,65000
048405,嘉晶群益93購03  ,0,0,0,0,0,0,0,0,0,65000,0,0,0,115000,50000,65000,65000
048767,欣興凱基94購01  ,0,0,0,0,0,0,0,0,0,65000,0,0,0,65000,0,65000,65000
046789,祥碩永豐93購01  ,0,0,0,0,0,0,0,0,0,65000,0,0,0,85000,20000,65000,65000
047095,聯詠麥證93購01  ,0,0,0,95000,30000,65000,0,0,0,65000,0,0,0,95000,30000,65000,65000
046878,康友國泰94購01  ,0,0,0,0,0,0,0,0,0,65000,0,0,0,96000,31000,65000,65000
05119P,聯發科國泰96售02,0,0,0,0,0,0,0,0,0,65000,0,0,0,239000,174000,65000,65000
051849,旺宏中信98購01  ,0,0,0,0,0,0,0,0,0,65000,0,0,0,65000,0,65000,65000
6592,和潤企業        ,78000,18000,60000,0,0,0,0,0,0,5000,5000,0,5000,0,0,0,65000
05305P,華新科國泰97售01,0,0,0,0,0,0,0,0,0,64000,0,0,0,75000,11000,64000,64000
053048,同欣電麥證96購01,0,0,0,99000,42000,57000,0,0,0,64000,0,0,0,122000,58000,64000,64000
053124,聯發科凱基96購12,0,0,0,0,0,0,0,0,0,64000,0,0,0,209000,145000,64000,64000
04173P,上海銀凱基93售02,0,0,0,0,0,0,0,0,0,64000,0,0,0,64000,0,64000,64000
045803,旺宏國票93購01  ,0,0,0,0,0,0,0,0,0,64000,0,0,0,125000,61000,64000,64000
044708,臻鼎元大91購03  ,0,0,0,0,0,0,0,0,0,64000,0,0,0,64000,0,64000,64000
045873,元油2X元富98購04,0,0,0,0,0,0,0,0,0,64000,0,0,0,114000,50000,64000,64000
049585,旺宏元大95購02  ,0,0,0,0,0,0,0,0,0,64000,0,0,0,178000,114000,64000,64000
048967,凌陽元大95購01  ,0,0,0,0,0,0,0,0,0,64000,0,0,0,68000,4000,64000,64000
047540,技嘉麥證93購01  ,0,0,0,80000,16000,64000,0,0,0,64000,0,0,0,80000,16000,64000,64000
051980,樺漢凱基96購01  ,0,0,0,0,0,0,0,0,0,64000,0,0,0,113000,49000,64000,64000
051618,智邦凱基95購06  ,0,0,0,0,0,0,0,0,0,64000,0,0,0,222000,158000,64000,64000
050791,聯發科富邦96購01,0,0,0,0,0,0,0,0,0,64000,0,0,0,129000,65000,64000,64000
8404,百和興業-KY     ,77000,13000,64000,0,0,0,0,0,0,0,0,0,0,0,0,0,64000
1702,南僑            ,74000,13000,61000,0,0,0,0,0,0,3000,3000,0,3000,0,0,0,64000
05521P,創意永豐96售01  ,0,0,0,0,0,0,0,0,0,64000,0,0,0,74000,10000,64000,64000
2207,和泰車          ,305100,245000,60100,0,0,0,0,0,0,3000,4000,1000,3000,0,0,0,63100
053407,台積電兆豐96購02,0,0,0,0,0,0,0,0,0,63000,0,0,0,63000,0,63000,63000
052347,GIS凱基95購05   ,0,0,0,0,0,0,0,0,0,63000,0,0,0,155000,92000,63000,63000
052871,群創凱基98購07  ,0,0,0,0,0,0,0,0,0,63000,0,0,0,64000,1000,63000,63000
044081,鴻海國票92購01  ,0,0,0,0,0,0,0,0,0,63000,0,0,0,130000,67000,63000,63000
04079P,燿華元大93售04  ,0,0,0,0,0,0,0,0,0,63000,0,0,0,63000,0,63000,63000
048305,深100凱基96購01 ,0,0,0,0,0,0,0,0,0,63000,0,0,0,209000,146000,63000,63000
049161,聯發科亞東94購01,0,0,0,0,0,0,0,0,0,63000,0,0,0,63000,0,63000,63000
049480,同欣電永豐94購01,0,0,0,0,0,0,0,0,0,63000,0,0,0,145000,82000,63000,63000
049532,同欣電台新94購01,0,0,0,0,0,0,0,0,0,63000,0,0,0,145000,82000,63000,63000
047313,華新科元大93購08,0,0,0,0,0,0,0,0,0,63000,0,0,0,72000,9000,63000,63000
050923,南亞科凱基95購03,0,0,0,0,0,0,0,0,0,63000,0,0,0,81000,18000,63000,63000
050886,台積電富邦95購04,0,0,0,0,0,0,0,0,0,63000,0,0,0,63000,0,63000,63000
050183,奇鋐元大96購01  ,0,0,0,0,0,0,0,0,0,63000,0,0,0,167000,104000,63000,63000
051267,美律富邦96購01  ,0,0,0,0,0,0,0,0,0,63000,0,0,0,64000,1000,63000,63000
052290,鴻海元富97購01  ,0,0,0,0,0,0,0,0,0,63000,0,0,0,68000,5000,63000,63000
9933,中鼎            ,295000,232000,63000,0,0,0,0,0,0,0,0,0,0,0,0,0,63000
4956,光鋐            ,73000,12000,61000,0,0,0,0,0,0,2000,2000,0,2000,0,0,0,63000
052345,矽力凱基95購01  ,0,0,0,0,0,0,0,0,0,62000,0,0,0,64000,2000,62000,62000
052508,矽力日盛95購02  ,0,0,0,0,0,0,0,0,0,62000,0,0,0,72000,10000,62000,62000
05429P,鴻海統一95售16  ,0,0,0,0,0,0,0,0,0,62000,0,0,0,62000,0,62000,62000
045114,玉晶光永豐93購02,0,0,0,0,0,0,0,0,0,62000,0,0,0,62000,0,62000,62000
047673,瑞昱元富96購01  ,0,0,0,0,0,0,0,0,0,62000,0,0,0,78000,16000,62000,62000
044466,和大群益93購01  ,0,0,0,0,0,0,0,0,0,62000,0,0,0,261000,199000,62000,62000
049017,旺宏群益96購03  ,0,0,0,0,0,0,0,0,0,62000,0,0,0,94000,32000,62000,62000
048433,聯詠國票94購01  ,0,0,0,0,0,0,0,0,0,62000,0,0,0,62000,0,62000,62000
051769,矽力元大95購01  ,0,0,0,0,0,0,0,0,0,62000,0,0,0,138000,76000,62000,62000
051551,新日興永豐95購01,0,0,0,0,0,0,0,0,0,62000,0,0,0,62000,0,62000,62000
049740,禾伸堂群益94購01,0,0,0,0,0,0,0,0,0,62000,0,0,0,167000,105000,62000,62000
049645,台積電凱基94購22,0,0,0,0,0,0,0,0,0,62000,0,0,0,62000,0,62000,62000
050490,上証2X國泰95購01,0,0,0,0,0,0,0,0,0,62000,0,0,0,62000,0,62000,62000
2838A,聯邦銀甲特      ,0,0,0,0,0,0,0,0,0,62000,82000,20000,62000,0,0,0,62000
3033,威健            ,71000,12000,59000,0,0,0,0,0,0,3000,3000,0,3000,0,0,0,62000
06022P,緯穎永豐96售03  ,0,0,0,0,0,0,0,0,0,62000,0,0,0,68000,6000,62000,62000
054005,旺宏統一97購04  ,0,0,0,0,0,0,0,0,0,61000,0,0,0,109000,48000,61000,61000
052623,台郡兆豐96購01  ,0,0,0,0,0,0,0,0,0,61000,0,0,0,72000,11000,61000,61000
04438P,微星群益94售01  ,0,0,0,0,0,0,0,0,0,61000,0,0,0,61000,0,61000,61000
041308,群創群益92購01  ,0,0,0,0,0,0,0,0,0,61000,0,0,0,207000,146000,61000,61000
042283,南電富邦92購01  ,0,0,0,0,0,0,0,0,0,61000,0,0,0,70000,9000,61000,61000
048114,景碩群益93購02  ,0,0,0,0,0,0,0,0,0,61000,0,0,0,61000,0,61000,61000
051815,百和凱基96購01  ,0,0,0,0,0,0,0,0,0,61000,0,0,0,85000,24000,61000,61000
051979,群創凱基97購01  ,0,0,0,0,0,0,0,0,0,61000,0,0,0,263000,202000,61000,61000
2887E,台新戊特        ,0,0,0,0,0,0,0,0,0,61000,61000,0,61000,0,0,0,61000
053616,奇力新群益97購01,0,0,0,0,0,0,0,0,0,60000,0,0,0,119000,59000,60000,60000
053722,新光金凱基9C購01,0,0,0,0,0,0,0,0,0,60000,0,0,0,94000,34000,60000,60000
054532,強茂國泰98購01  ,0,0,0,0,0,0,0,0,0,60000,0,0,0,60000,0,60000,60000
054627,義隆凱基98購01  ,0,0,0,0,0,0,0,0,0,60000,0,0,0,60000,0,60000,60000
054701,宏全永豐97購01  ,0,0,0,0,0,0,0,0,0,60000,0,0,0,60000,0,60000,60000
04114P,電子類富邦93售02,0,0,0,0,0,0,0,0,0,60000,0,0,0,60000,0,60000,60000
044718,宏達電統一93購02,0,0,0,0,0,0,0,0,0,60000,0,0,0,60000,0,60000,60000
044480,瀚宇博統一91購01,0,0,0,0,0,0,0,0,0,60000,0,0,0,60000,0,60000,60000
044202,易華電國票91購02,0,0,0,0,0,0,0,0,0,60000,0,0,0,60000,0,60000,60000
047631,味全元大93購01  ,0,0,0,0,0,0,0,0,0,60000,0,0,0,60000,0,60000,60000
047683,亞德客國泰95購01,0,0,0,0,0,0,0,0,0,60000,0,0,0,71000,11000,60000,60000
045529,大立光永豐92購03,0,0,0,0,0,0,0,0,0,60000,0,0,0,65000,5000,60000,60000
045462,美律元大93購04  ,0,0,0,0,0,0,0,0,0,60000,0,0,0,106000,46000,60000,60000
047210,漢唐富邦95購01  ,0,0,0,0,0,0,0,0,0,60000,0,0,0,60000,0,60000,60000
046929,大立光統一93購03,0,0,0,0,0,0,0,0,0,60000,0,0,0,60000,0,60000,60000
048906,強茂富邦95購01  ,0,0,0,0,0,0,0,0,0,60000,0,0,0,60000,0,60000,60000
048973,禾伸堂元大94購01,0,0,0,0,0,0,0,0,0,60000,0,0,0,60000,0,60000,60000
048986,訊連元大94購01  ,0,0,0,0,0,0,0,0,0,60000,0,0,0,60000,0,60000,60000
049110,臻鼎富邦94購01  ,0,0,0,0,0,0,0,0,0,60000,0,0,0,62000,2000,60000,60000
048332,台積電富邦94購02,0,0,0,0,0,0,0,0,0,60000,0,0,0,60000,0,60000,60000
048372,美利達統一93購01,0,0,0,0,0,0,0,0,0,60000,0,0,0,60000,0,60000,60000
048150,矽力元富93購01  ,0,0,0,0,0,0,0,0,0,60000,0,0,0,63000,3000,60000,60000
046343,和鑫國票93購02  ,0,0,0,0,0,0,0,0,0,60000,0,0,0,61000,1000,60000,60000
046457,可成凱基92購09  ,0,0,0,0,0,0,0,0,0,60000,0,0,0,60000,0,60000,60000
048805,瀚宇博富邦95購01,0,0,0,0,0,0,0,0,0,60000,0,0,0,70000,10000,60000,60000
048847,A50群益98購01   ,0,0,0,0,0,0,0,0,0,60000,0,0,0,70000,10000,60000,60000
048565,康控元大94購04  ,0,0,0,0,0,0,0,0,0,60000,0,0,0,60000,0,60000,60000
051791,智伸科國票96購01,0,0,0,0,0,0,0,0,0,60000,0,0,0,91000,31000,60000,60000
051756,台積電元大97購04,0,0,0,0,0,0,0,0,0,60000,0,0,0,120000,60000,60000,60000
052110,可成元富95購02  ,0,0,0,0,0,0,0,0,0,60000,0,0,0,60000,0,60000,60000
051576,台積電元大97購02,0,0,0,0,0,0,0,0,0,60000,0,0,0,89000,29000,60000,60000
051628,瀚宇博麥證95購01,0,0,0,60000,0,60000,0,0,0,60000,0,0,0,60000,0,60000,60000
051391,聯發科兆豐95購02,0,0,0,0,0,0,0,0,0,60000,0,0,0,110000,50000,60000,60000
051244,正崴元大95購01  ,0,0,0,0,0,0,0,0,0,60000,0,0,0,86000,26000,60000,60000
051097,嘉聯益元大96購02,0,0,0,0,0,0,0,0,0,60000,0,0,0,60000,0,60000,60000
050640,致新國票94購01  ,0,0,0,0,0,0,0,0,0,60000,0,0,0,60000,0,60000,60000
050676,道瓊銀統一96購02,0,0,0,0,0,0,0,0,0,60000,0,0,0,70000,10000,60000,60000
050825,嘉澤凱基95購01  ,0,0,0,0,0,0,0,0,0,60000,0,0,0,60000,0,60000,60000
049769,和鑫元富96購01  ,0,0,0,0,0,0,0,0,0,60000,0,0,0,60000,0,60000,60000
06046P,健策統一96售03  ,0,0,0,0,0,0,0,0,0,60000,0,0,0,219000,159000,60000,60000
05657P,樺漢統一97售01  ,0,0,0,0,0,0,0,0,0,60000,0,0,0,120000,60000,60000,60000
05445P,聯詠元大95售05  ,0,0,0,0,0,0,0,0,0,59000,0,0,0,70000,11000,59000,59000
052414,聯電麥證95購01  ,0,0,0,61000,1000,60000,0,0,0,59000,0,0,0,61000,2000,59000,59000
046875,康友元富93購01  ,0,0,0,0,0,0,0,0,0,59000,0,0,0,62000,3000,59000,59000
050869,健策永豐95購01  ,0,0,0,0,0,0,0,0,0,59000,0,0,0,139000,80000,59000,59000
050528,瑞儀元大94購02  ,0,0,0,0,0,0,0,0,0,59000,0,0,0,82000,23000,59000,59000
051222,世紀鋼元富95購01,0,0,0,0,0,0,0,0,0,59000,0,0,0,315000,256000,59000,59000
051686,宏達電凱基95購04,0,0,0,0,0,0,0,0,0,59000,0,0,0,59000,0,59000,59000
054918,華新科凱基98購02,0,0,0,0,0,0,0,0,0,59000,0,0,0,104000,45000,59000,59000
052369,矽力國票96購02  ,0,0,0,0,0,0,0,0,0,58000,0,0,0,64000,6000,58000,58000
052982,鴻海元大97購06  ,0,0,0,0,0,0,0,0,0,58000,0,0,0,120000,62000,58000,58000
05467P,聯電元大95售02  ,0,0,0,0,0,0,0,0,0,58000,0,0,0,68000,10000,58000,58000
054586,健鼎國泰99購01  ,0,0,0,0,0,0,0,0,0,58000,0,0,0,100000,42000,58000,58000
054284,和大元大96購03  ,0,0,0,0,0,0,0,0,0,58000,0,0,0,167000,109000,58000,58000
045575,智邦元大92購06  ,0,0,0,0,0,0,0,0,0,58000,0,0,0,68000,10000,58000,58000
046032,全新元大92購04  ,0,0,0,0,0,0,0,0,0,58000,0,0,0,68000,10000,58000,58000
044221,群創凱基93購03  ,0,0,0,0,0,0,0,0,0,58000,0,0,0,130000,72000,58000,58000
044352,南亞科元大91購11,0,0,0,0,0,0,0,0,0,58000,0,0,0,68000,10000,58000,58000
045789,致伸元大92購02  ,0,0,0,0,0,0,0,0,0,58000,0,0,0,68000,10000,58000,58000
044846,旺宏統一93購01  ,0,0,0,0,0,0,0,0,0,58000,0,0,0,72000,14000,58000,58000
042909,順德元大94購01  ,0,0,0,0,0,0,0,0,0,58000,0,0,0,92000,34000,58000,58000
04282P,微星永豐93售02  ,0,0,0,0,0,0,0,0,0,58000,0,0,0,58000,0,58000,58000
00743,國泰中國A150    ,24000,0,24000,0,0,0,0,0,0,34000,0,0,0,36000,2000,34000,58000
04711P,台光電元大94售05,0,0,0,0,0,0,0,0,0,58000,0,0,0,83000,25000,58000,58000
047328,瀚宇博元大93購04,0,0,0,0,0,0,0,0,0,58000,0,0,0,68000,10000,58000,58000
049465,美律台新94購01  ,0,0,0,0,0,0,0,0,0,58000,0,0,0,58000,0,58000,58000
048682,奇力新富邦96購01,0,0,0,0,0,0,0,0,0,58000,0,0,0,58000,0,58000,58000
048345,緯創元大94購01  ,0,0,0,0,0,0,0,0,0,58000,0,0,0,89000,31000,58000,58000
05193P,台郡台新95售01  ,0,0,0,0,0,0,0,0,0,58000,0,0,0,58000,0,58000,58000
052205,台積電中信95購09,0,0,0,0,0,0,0,0,0,58000,0,0,0,58000,0,58000,58000
052267,可成亞東95購02  ,0,0,0,0,0,0,0,0,0,58000,0,0,0,58000,0,58000,58000
051349,國巨元大95購08  ,0,0,0,0,0,0,0,0,0,58000,0,0,0,58000,0,58000,58000
050111,全新元大95購02  ,0,0,0,0,0,0,0,0,0,58000,0,0,0,223000,165000,58000,58000
054159,T50正2凱基99購01,0,0,0,0,0,0,0,0,0,57000,0,0,0,77000,20000,57000,57000
053680,臺股指富邦96購01,0,0,0,0,0,0,0,0,0,57000,0,0,0,58000,1000,57000,57000
053788,泰鼎元大97購01  ,0,0,0,0,0,0,0,0,0,57000,0,0,0,122000,65000,57000,57000
053859,台積電元大97購09,0,0,0,0,0,0,0,0,0,57000,0,0,0,190000,133000,57000,57000
053127,貿聯凱基97購01  ,0,0,0,0,0,0,0,0,0,57000,0,0,0,72000,15000,57000,57000
039828,鴻海統一91購01  ,0,0,0,0,0,0,0,0,0,57000,0,0,0,57000,0,57000,57000
043843,台積電元富91購01,0,0,0,0,0,0,0,0,0,57000,0,0,0,57000,0,57000,57000
044588,元金2X統一93購01,0,0,0,0,0,0,0,0,0,57000,0,0,0,370000,313000,57000,57000
049418,大立光凱基94購05,0,0,0,0,0,0,0,0,0,57000,0,0,0,65000,8000,57000,57000
046949,群創元大99購01  ,0,0,0,0,0,0,0,0,0,57000,0,0,0,1034000,977000,57000,57000
051487,健策凱基96購03  ,0,0,0,0,0,0,0,0,0,57000,0,0,0,62000,5000,57000,57000
08897P,國巨群益01售10  ,0,0,0,0,0,0,0,0,0,57000,0,0,0,57000,0,57000,57000
053216,京鼎凱基96購02  ,0,0,0,0,0,0,0,0,0,56000,0,0,0,191000,135000,56000,56000
052536,聯茂國泰97購01  ,0,0,0,0,0,0,0,0,0,56000,0,0,0,319000,263000,56000,56000
053972,華新科元大96購06,0,0,0,0,0,0,0,0,0,56000,0,0,0,103000,47000,56000,56000
054783,國巨群益98購04  ,0,0,0,0,0,0,0,0,0,56000,0,0,0,58000,2000,56000,56000
044357,貿聯元大92購02  ,0,0,0,0,0,0,0,0,0,56000,0,0,0,56000,0,56000,56000
047599,大立光統一93購08,0,0,0,0,0,0,0,0,0,56000,0,0,0,76000,20000,56000,56000
042387,台積電永昌93購02,0,0,0,0,0,0,0,0,0,56000,0,0,0,109000,53000,56000,56000
045277,瑞儀統一92購01  ,0,0,0,0,0,0,0,0,0,56000,0,0,0,56000,0,56000,56000
045637,可成凱基92購08  ,0,0,0,0,0,0,0,0,0,56000,0,0,0,56000,0,56000,56000
046969,聯發科群益93購05,0,0,0,0,0,0,0,0,0,56000,0,0,0,58000,2000,56000,56000
049269,超眾元大96購02  ,0,0,0,0,0,0,0,0,0,56000,0,0,0,65000,9000,56000,56000
049295,全新群益94購02  ,0,0,0,0,0,0,0,0,0,56000,0,0,0,61000,5000,56000,56000
048668,奇力新永豐93購04,0,0,0,0,0,0,0,0,0,56000,0,0,0,85000,29000,56000,56000
1444,力麗            ,237000,183000,54000,0,0,0,0,0,0,2000,2000,0,2000,0,0,0,56000
054623,華新科第一97購01,0,0,0,0,0,0,0,0,0,55000,0,0,0,500000,445000,55000,55000
053737,華新科麥證96購01,0,0,0,55000,0,55000,0,0,0,55000,0,0,0,55000,0,55000,55000
052809,訊芯元大97購01  ,0,0,0,0,0,0,0,0,0,55000,0,0,0,111000,56000,55000,55000
045645,祥碩凱基93購03  ,0,0,0,0,0,0,0,0,0,55000,0,0,0,159000,104000,55000,55000
04343P,啟碁永豐93售02  ,0,0,0,0,0,0,0,0,0,55000,0,0,0,55000,0,55000,55000
047670,矽力永豐93購01  ,0,0,0,0,0,0,0,0,0,55000,0,0,0,164000,109000,55000,55000
047685,嘉聯益國泰95購01,0,0,0,0,0,0,0,0,0,55000,0,0,0,82000,27000,55000,55000
04819P,嘉澤永豐94售01  ,0,0,0,0,0,0,0,0,0,55000,0,0,0,60000,5000,55000,55000
048720,智易永豐94購02  ,0,0,0,0,0,0,0,0,0,55000,0,0,0,55000,0,55000,55000
046681,漢唐群益93購01  ,0,0,0,0,0,0,0,0,0,55000,0,0,0,55000,0,55000,55000
049432,聯詠國票95購01  ,0,0,0,0,0,0,0,0,0,55000,0,0,0,55000,0,55000,55000
049258,美律元大94購03  ,0,0,0,0,0,0,0,0,0,55000,0,0,0,139000,84000,55000,55000
049211,昇陽半群益94購03,0,0,0,0,0,0,0,0,0,55000,0,0,0,55000,0,55000,55000
046089,南亞科兆豐92購01,0,0,0,0,0,0,0,0,0,55000,0,0,0,59000,4000,55000,55000
051589,健鼎元大95購02  ,0,0,0,0,0,0,0,0,0,55000,0,0,0,55000,0,55000,55000
052226,旺宏凱基95購06  ,0,0,0,0,0,0,0,0,0,55000,0,0,0,115000,60000,55000,55000
051838,國巨國泰97購01  ,0,0,0,0,0,0,0,0,0,55000,0,0,0,55000,0,55000,55000
050132,日電貿凱基94購02,0,0,0,0,0,0,0,0,0,55000,0,0,0,80000,25000,55000,55000
06064P,台積電台新98售01,0,0,0,0,0,0,0,0,0,55000,0,0,0,55000,0,55000,55000
05852P,嘉晶群益96售01  ,0,0,0,0,0,0,0,0,0,55000,0,0,0,60000,5000,55000,55000
05778P,台積電統一96售05,0,0,0,0,0,0,0,0,0,55000,0,0,0,60000,5000,55000,55000
9935,慶豐富          ,362000,300000,62000,0,0,0,0,0,0,-7000,1000,8000,-7000,0,0,0,55000
052791,友達兆豐97購01  ,0,0,0,0,0,0,0,0,0,54000,0,0,0,214000,160000,54000,54000
052913,鴻海元富96購05  ,0,0,0,0,0,0,0,0,0,54000,0,0,0,63000,9000,54000,54000
053265,南亞科群益96購02,0,0,0,0,0,0,0,0,0,54000,0,0,0,54000,0,54000,54000
053123,京元電凱基96購01,0,0,0,0,0,0,0,0,0,54000,0,0,0,78000,24000,54000,54000
053060,大立光永昌96購05,0,0,0,0,0,0,0,0,0,54000,0,0,0,58000,4000,54000,54000
053539,智易永豐96購01  ,0,0,0,0,0,0,0,0,0,54000,0,0,0,54000,0,54000,54000
053354,康控兆豐97購02  ,0,0,0,0,0,0,0,0,0,54000,0,0,0,76000,22000,54000,54000
054187,亞光永豐96購03  ,0,0,0,0,0,0,0,0,0,54000,0,0,0,81000,27000,54000,54000
045183,台光電統一92購02,0,0,0,0,0,0,0,0,0,54000,0,0,0,377000,323000,54000,54000
03680P,矽創元大92售05  ,0,0,0,0,0,0,0,0,0,54000,0,0,0,54000,0,54000,54000
04025P,宏達電國泰94售01,0,0,0,0,0,0,0,0,0,54000,0,0,0,100000,46000,54000,54000
03904P,啟碁統一93售01  ,0,0,0,0,0,0,0,0,0,54000,0,0,0,98000,44000,54000,54000
046509,中壽元大92購01  ,0,0,0,0,0,0,0,0,0,54000,0,0,0,109000,55000,54000,54000
049205,聯發科群益94購05,0,0,0,0,0,0,0,0,0,54000,0,0,0,78000,24000,54000,54000
049423,臺股指凱基95購02,0,0,0,0,0,0,0,0,0,54000,0,0,0,54000,0,54000,54000
049561,道瓊銀統一96購01,0,0,0,0,0,0,0,0,0,54000,0,0,0,75000,21000,54000,54000
047370,聯發科國票93購03,0,0,0,0,0,0,0,0,0,54000,0,0,0,176000,122000,54000,54000
050036,矽格元大94購03  ,0,0,0,0,0,0,0,0,0,54000,0,0,0,228000,174000,54000,54000
052195,健策元富95購01  ,0,0,0,0,0,0,0,0,0,54000,0,0,0,87000,33000,54000,54000
05640P,旺宏元富96售03  ,0,0,0,0,0,0,0,0,0,54000,0,0,0,60000,6000,54000,54000
2342,茂矽            ,66000,15000,51000,0,0,0,0,0,0,3000,3000,0,3000,0,0,0,54000
053787,健策元大97購02  ,0,0,0,0,0,0,0,0,0,53000,0,0,0,313000,260000,53000,53000
053681,臺股指富邦96購02,0,0,0,0,0,0,0,0,0,53000,0,0,0,67000,14000,53000,53000
054434,友達台新96購03  ,0,0,0,0,0,0,0,0,0,53000,0,0,0,191000,138000,53000,53000
053470,華邦電元大96購02,0,0,0,0,0,0,0,0,0,53000,0,0,0,458000,405000,53000,53000
052971,京元電群益98購01,0,0,0,0,0,0,0,0,0,53000,0,0,0,63000,10000,53000,53000
043523,奇鋐元大93購01  ,0,0,0,0,0,0,0,0,0,53000,0,0,0,73000,20000,53000,53000
03307P,臺股指中信05售02,0,0,0,0,0,0,0,0,0,53000,0,0,0,53000,0,53000,53000
043281,漢唐元大92購02  ,0,0,0,0,0,0,0,0,0,53000,0,0,0,78000,25000,53000,53000
042754,元黃金元大93購01,0,0,0,0,0,0,0,0,0,53000,0,0,0,73000,20000,53000,53000
044303,群創兆豐92購01  ,0,0,0,0,0,0,0,0,0,53000,0,0,0,255000,202000,53000,53000
048555,技嘉元大93購02  ,0,0,0,0,0,0,0,0,0,53000,0,0,0,54000,1000,53000,53000
051830,健策元大97購01  ,0,0,0,0,0,0,0,0,0,53000,0,0,0,75000,22000,53000,53000
051611,鈺齊群益95購02  ,0,0,0,0,0,0,0,0,0,53000,0,0,0,116000,63000,53000,53000
049848,聯發科群益94購06,0,0,0,0,0,0,0,0,0,53000,0,0,0,102000,49000,53000,53000
1218,泰山            ,97000,44000,53000,0,0,0,0,0,0,0,0,0,0,0,0,0,53000
052366,聯詠國票96購01  ,0,0,0,0,0,0,0,0,0,52000,0,0,0,65000,13000,52000,52000
053444,奇力新凱基96購03,0,0,0,0,0,0,0,0,0,52000,0,0,0,507000,455000,52000,52000
053510,聯電群益97購01  ,0,0,0,0,0,0,0,0,0,52000,0,0,0,118000,66000,52000,52000
053210,華邦電凱基97購02,0,0,0,0,0,0,0,0,0,52000,0,0,0,55000,3000,52000,52000
054515,華通元大98購02  ,0,0,0,0,0,0,0,0,0,52000,0,0,0,150000,98000,52000,52000
054645,奇力新群益97購04,0,0,0,0,0,0,0,0,0,52000,0,0,0,239000,187000,52000,52000
054742,京鼎凱基99購01  ,0,0,0,0,0,0,0,0,0,52000,0,0,0,52000,0,52000,52000
044593,緯創國票91購01  ,0,0,0,0,0,0,0,0,0,52000,0,0,0,52000,0,52000,52000
047777,寶成元大93購01  ,0,0,0,0,0,0,0,0,0,52000,0,0,0,119000,67000,52000,52000
04556P,大成鋼群益94售02,0,0,0,0,0,0,0,0,0,52000,0,0,0,52000,0,52000,52000
042527,台灣50永豐94購01,0,0,0,0,0,0,0,0,0,52000,0,0,0,52000,0,52000,52000
03118P,台積電國票01售07,0,0,0,0,0,0,0,0,0,52000,0,0,0,57000,5000,52000,52000
03714P,台積電台新93售02,0,0,0,0,0,0,0,0,0,52000,0,0,0,52000,0,52000,52000
048670,華新科永豐93購03,0,0,0,0,0,0,0,0,0,52000,0,0,0,76000,24000,52000,52000
049545,台積電群益94購09,0,0,0,0,0,0,0,0,0,52000,0,0,0,351000,299000,52000,52000
049568,台積電統一94購08,0,0,0,0,0,0,0,0,0,52000,0,0,0,52000,0,52000,52000
049022,聯詠群益94購01  ,0,0,0,0,0,0,0,0,0,52000,0,0,0,99000,47000,52000,52000
046848,和大元大93購01  ,0,0,0,0,0,0,0,0,0,52000,0,0,0,52000,0,52000,52000
04707P,喬山元大94售01  ,0,0,0,0,0,0,0,0,0,52000,0,0,0,140000,88000,52000,52000
047110,智邦元大93購05  ,0,0,0,0,0,0,0,0,0,52000,0,0,0,72000,20000,52000,52000
05094P,大立光元大95售07,0,0,0,0,0,0,0,0,0,52000,0,0,0,52000,0,52000,52000
050829,臻鼎凱基96購01  ,0,0,0,0,0,0,0,0,0,52000,0,0,0,120000,68000,52000,52000
051560,玉晶光國泰97購03,0,0,0,0,0,0,0,0,0,52000,0,0,0,52000,0,52000,52000
051932,康控國票96購02  ,0,0,0,0,0,0,0,0,0,52000,0,0,0,52000,0,52000,52000
052029,矽力群益95購02  ,0,0,0,0,0,0,0,0,0,52000,0,0,0,159000,107000,52000,52000
054400,健策永豐96購02  ,0,0,0,0,0,0,0,0,0,51000,0,0,0,342000,291000,51000,51000
054127,台積電元大96購21,0,0,0,0,0,0,0,0,0,51000,0,0,0,100000,49000,51000,51000
053635,技嘉永豐96購01  ,0,0,0,0,0,0,0,0,0,51000,0,0,0,53000,2000,51000,51000
053586,建準元大96購01  ,0,0,0,0,0,0,0,0,0,51000,0,0,0,126000,75000,51000,51000
052741,聯發科元大96購08,0,0,0,0,0,0,0,0,0,51000,0,0,0,104000,53000,51000,51000
043775,友達兆豐92購01  ,0,0,0,0,0,0,0,0,0,51000,0,0,0,131000,80000,51000,51000
042752,台灣50元大96購03,0,0,0,0,0,0,0,0,0,51000,0,0,0,51000,0,51000,51000
04127P,聯茂國票93售02  ,0,0,0,0,0,0,0,0,0,51000,0,0,0,51000,0,51000,51000
048038,樺漢凱基93購03  ,0,0,0,0,0,0,0,0,0,51000,0,0,0,291000,240000,51000,51000
04811P,上銀元大94售02  ,0,0,0,0,0,0,0,0,0,51000,0,0,0,53000,2000,51000,51000
049149,華新科元大95購03,0,0,0,0,0,0,0,0,0,51000,0,0,0,52000,1000,51000,51000
052252,大立光永豐95購03,0,0,0,0,0,0,0,0,0,51000,0,0,0,60000,9000,51000,51000
051660,緯穎國泰96購02  ,0,0,0,0,0,0,0,0,0,51000,0,0,0,51000,0,51000,51000
051364,鴻海國泰97購03  ,0,0,0,0,0,0,0,0,0,51000,0,0,0,51000,0,51000,51000
051164,鴻海元大95購05  ,0,0,0,0,0,0,0,0,0,51000,0,0,0,514000,463000,51000,51000
050462,寶成元大94購01  ,0,0,0,0,0,0,0,0,0,51000,0,0,0,68000,17000,51000,51000
05042P,GIS凱基95售03   ,0,0,0,0,0,0,0,0,0,51000,0,0,0,51000,0,51000,51000
049980,奇力新凱基94購04,0,0,0,0,0,0,0,0,0,51000,0,0,0,65000,14000,51000,51000
05275P,國巨凱基95售05  ,0,0,0,0,0,0,0,0,0,50000,0,0,0,200000,150000,50000,50000
05286P,矽力統一95售02  ,0,0,0,0,0,0,0,0,0,50000,0,0,0,83000,33000,50000,50000
052845,旺宏統一97購01  ,0,0,0,0,0,0,0,0,0,50000,0,0,0,73000,23000,50000,50000
052840,友達富邦96購01  ,0,0,0,0,0,0,0,0,0,50000,0,0,0,50000,0,50000,50000
052342,茂林凱基96購01  ,0,0,0,0,0,0,0,0,0,50000,0,0,0,50000,0,50000,50000
052348,台光電富邦95購01,0,0,0,0,0,0,0,0,0,50000,0,0,0,60000,10000,50000,50000
052527,泰鼎元大96購02  ,0,0,0,0,0,0,0,0,0,50000,0,0,0,92000,42000,50000,50000
053450,同欣電凱基96購02,0,0,0,0,0,0,0,0,0,50000,0,0,0,60000,10000,50000,50000
053472,漢唐元大96購02  ,0,0,0,0,0,0,0,0,0,50000,0,0,0,138000,88000,50000,50000
053052,旺宏國票97購02  ,0,0,0,0,0,0,0,0,0,50000,0,0,0,150000,100000,50000,50000
053038,華邦電凱基97購01,0,0,0,0,0,0,0,0,0,50000,0,0,0,50000,0,50000,50000
053002,鴻海永豐96購01  ,0,0,0,0,0,0,0,0,0,50000,0,0,0,50000,0,50000,50000
053970,聯發科元大97購08,0,0,0,0,0,0,0,0,0,50000,0,0,0,60000,10000,50000,50000
054160,華泰凱基98購01  ,0,0,0,0,0,0,0,0,0,50000,0,0,0,50000,0,50000,50000
053800,華通凱基97購03  ,0,0,0,0,0,0,0,0,0,50000,0,0,0,50000,0,50000,50000
05391P,鴻海統一95售12  ,0,0,0,0,0,0,0,0,0,50000,0,0,0,79000,29000,50000,50000
05437P,聯詠永豐95售02  ,0,0,0,0,0,0,0,0,0,50000,0,0,0,50000,0,50000,50000
054411,光磊元大97購02  ,0,0,0,0,0,0,0,0,0,50000,0,0,0,50000,0,50000,50000
048022,儒鴻凱基93購04  ,0,0,0,0,0,0,0,0,0,50000,0,0,0,75000,25000,50000,50000
047710,聯發科凱基93購21,0,0,0,0,0,0,0,0,0,50000,0,0,0,50000,0,50000,50000
047694,SP黃豆國票9B購01,0,0,0,0,0,0,0,0,0,50000,0,0,0,50000,0,50000,50000
044606,鈺齊國泰92購01  ,0,0,0,0,0,0,0,0,0,50000,0,0,0,50000,0,50000,50000
044610,A50正2兆豐93購01,0,0,0,0,0,0,0,0,0,50000,0,0,0,50000,0,50000,50000
044576,禾伸堂凱基91購03,0,0,0,0,0,0,0,0,0,50000,0,0,0,70000,20000,50000,50000
044286,智邦凱基91購04  ,0,0,0,0,0,0,0,0,0,50000,0,0,0,60000,10000,50000,50000
044248,臻鼎元富91購01  ,0,0,0,0,0,0,0,0,0,50000,0,0,0,50000,0,50000,50000
044332,華邦電統一91購01,0,0,0,0,0,0,0,0,0,50000,0,0,0,50000,0,50000,50000
045473,聯茂元大92購05  ,0,0,0,0,0,0,0,0,0,50000,0,0,0,50000,0,50000,50000
045399,康控富邦93購02  ,0,0,0,0,0,0,0,0,0,50000,0,0,0,50000,0,50000,50000
045310,康友元大92購04  ,0,0,0,0,0,0,0,0,0,50000,0,0,0,50000,0,50000,50000
045186,鴻海元富92購02  ,0,0,0,0,0,0,0,0,0,50000,0,0,0,60000,10000,50000,50000
044147,群創群益91購01  ,0,0,0,0,0,0,0,0,0,50000,0,0,0,50000,0,50000,50000
045129,智邦統一92購01  ,0,0,0,0,0,0,0,0,0,50000,0,0,0,50000,0,50000,50000
045993,美律富邦93購01  ,0,0,0,0,0,0,0,0,0,50000,0,0,0,50000,0,50000,50000
04320P,亞德客元大93售07,0,0,0,0,0,0,0,0,0,50000,0,0,0,50000,0,50000,50000
043346,TPK富邦93購01   ,0,0,0,0,0,0,0,0,0,50000,0,0,0,50000,0,50000,50000
044765,啟碁凱基91購02  ,0,0,0,0,0,0,0,0,0,50000,0,0,0,50000,0,50000,50000
04529P,正文凱基94售04  ,0,0,0,0,0,0,0,0,0,50000,0,0,0,50000,0,50000,50000
043678,台達電凱基91購02,0,0,0,0,0,0,0,0,0,50000,0,0,0,50000,0,50000,50000
03503P,欣興元富05售02  ,0,0,0,0,0,0,0,0,0,50000,0,0,0,50000,0,50000,50000
03590P,臺股指元大03售13,0,0,0,0,0,0,0,0,0,50000,0,0,0,50000,0,50000,50000
03570P,台積電元大03售09,0,0,0,0,0,0,0,0,0,50000,0,0,0,50000,0,50000,50000
03152P,聯發科群益01售15,0,0,0,0,0,0,0,0,0,50000,0,0,0,50000,0,50000,50000
03186P,台積電元大01售50,0,0,0,0,0,0,0,0,0,50000,0,0,0,50000,0,50000,50000
03772P,聯茂元大93售02  ,0,0,0,0,0,0,0,0,0,50000,0,0,0,100000,50000,50000,50000
03800P,景碩元大93售01  ,0,0,0,0,0,0,0,0,0,50000,0,0,0,50000,0,50000,50000
049002,光寶科中信94購01,0,0,0,0,0,0,0,0,0,50000,0,0,0,50000,0,50000,50000
048929,裕民永豐94購01  ,0,0,0,0,0,0,0,0,0,50000,0,0,0,50000,0,50000,50000
049554,禾伸堂富邦96購01,0,0,0,0,0,0,0,0,0,50000,0,0,0,50000,0,50000,50000
049487,智邦元大94購03  ,0,0,0,0,0,0,0,0,0,50000,0,0,0,50000,0,50000,50000
049470,楠梓電永豐94購03,0,0,0,0,0,0,0,0,0,50000,0,0,0,50000,0,50000,50000
049369,義隆元大95購01  ,0,0,0,0,0,0,0,0,0,50000,0,0,0,50000,0,50000,50000
049371,可成元大94購04  ,0,0,0,0,0,0,0,0,0,50000,0,0,0,50000,0,50000,50000
047307,儒鴻元大93購04  ,0,0,0,0,0,0,0,0,0,50000,0,0,0,50000,0,50000,50000
046103,麗豐永豐92購01  ,0,0,0,0,0,0,0,0,0,50000,0,0,0,50000,0,50000,50000
047099,華通富邦94購01  ,0,0,0,0,0,0,0,0,0,50000,0,0,0,50000,0,50000,50000
047101,南亞科富邦93購01,0,0,0,0,0,0,0,0,0,50000,0,0,0,50000,0,50000,50000
04714P,上海銀元大94售01,0,0,0,0,0,0,0,0,0,50000,0,0,0,50000,0,50000,50000
046206,為升國泰93購01  ,0,0,0,0,0,0,0,0,0,50000,0,0,0,100000,50000,50000,50000
048333,大立光富邦95購01,0,0,0,0,0,0,0,0,0,50000,0,0,0,50000,0,50000,50000
048500,樺漢元大93購03  ,0,0,0,0,0,0,0,0,0,50000,0,0,0,50000,0,50000,50000
047481,可成凱基93購08  ,0,0,0,0,0,0,0,0,0,50000,0,0,0,57000,7000,50000,50000
046623,臻鼎凱基93購02  ,0,0,0,0,0,0,0,0,0,50000,0,0,0,70000,20000,50000,50000
046590,同欣電元大92購02,0,0,0,0,0,0,0,0,0,50000,0,0,0,60000,10000,50000,50000
04823P,台積電元富94售09,0,0,0,0,0,0,0,0,0,50000,0,0,0,50000,0,50000,50000
046531,臻鼎兆豐92購02  ,0,0,0,0,0,0,0,0,0,50000,0,0,0,90000,40000,50000,50000
048743,美利達統一94購01,0,0,0,0,0,0,0,0,0,50000,0,0,0,51000,1000,50000,50000
04754P,宏達電元富94售02,0,0,0,0,0,0,0,0,0,50000,0,0,0,50000,0,50000,50000
049998,奇力新永豐94購03,0,0,0,0,0,0,0,0,0,50000,0,0,0,76000,26000,50000,50000
050015,友達富邦95購01  ,0,0,0,0,0,0,0,0,0,50000,0,0,0,50000,0,50000,50000
050097,可成國泰96購02  ,0,0,0,0,0,0,0,0,0,50000,0,0,0,115000,65000,50000,50000
050071,明泰凱基94購01  ,0,0,0,0,0,0,0,0,0,50000,0,0,0,50000,0,50000,50000
050190,麗豐元大95購02  ,0,0,0,0,0,0,0,0,0,50000,0,0,0,50000,0,50000,50000
050298,智伸科凱基94購02,0,0,0,0,0,0,0,0,0,50000,0,0,0,50000,0,50000,50000
050416,高股息凱基96購02,0,0,0,0,0,0,0,0,0,50000,0,0,0,150000,100000,50000,50000
050662,智易元大96購01  ,0,0,0,0,0,0,0,0,0,50000,0,0,0,50000,0,50000,50000
050700,健策凱基96購01  ,0,0,0,0,0,0,0,0,0,50000,0,0,0,71000,21000,50000,50000
05090P,國巨元大95售05  ,0,0,0,0,0,0,0,0,0,50000,0,0,0,647000,597000,50000,50000
051136,可成永豐95購02  ,0,0,0,0,0,0,0,0,0,50000,0,0,0,50000,0,50000,50000
051270,百和富邦95購01  ,0,0,0,0,0,0,0,0,0,50000,0,0,0,90000,40000,50000,50000
051513,台積電凱基95購13,0,0,0,0,0,0,0,0,0,50000,0,0,0,115000,65000,50000,50000
051514,智邦凱基95購05  ,0,0,0,0,0,0,0,0,0,50000,0,0,0,50000,0,50000,50000
051729,華新國票96購01  ,0,0,0,0,0,0,0,0,0,50000,0,0,0,60000,10000,50000,50000
08672P,聯發科統一01售09,0,0,0,0,0,0,0,0,0,50000,0,0,0,50000,0,50000,50000
05713P,大立光統一96售05,0,0,0,0,0,0,0,0,0,50000,0,0,0,50000,0,50000,50000
05820P,臺股指凱基96售17,0,0,0,0,0,0,0,0,0,50000,0,0,0,98000,48000,50000,50000
05743P,創意元大96售01  ,0,0,0,0,0,0,0,0,0,50000,0,0,0,50000,0,50000,50000
05866P,致伸元大96售01  ,0,0,0,0,0,0,0,0,0,50000,0,0,0,150000,100000,50000,50000
054290,奇力新元大96購05,0,0,0,0,0,0,0,0,0,49000,0,0,0,54000,5000,49000,49000
054569,GIS群益98購01   ,0,0,0,0,0,0,0,0,0,49000,0,0,0,59000,10000,49000,49000
054791,泰碩群益99購02  ,0,0,0,0,0,0,0,0,0,49000,0,0,0,49000,0,49000,49000
053815,聯發科群益96購01,0,0,0,0,0,0,0,0,0,49000,0,0,0,59000,10000,49000,49000
053760,牧德國泰98購01  ,0,0,0,0,0,0,0,0,0,49000,0,0,0,143000,94000,49000,49000
054150,國巨國泰97購05  ,0,0,0,0,0,0,0,0,0,49000,0,0,0,49000,0,49000,49000
053316,友達群益9A購01  ,0,0,0,0,0,0,0,0,0,49000,0,0,0,59000,10000,49000,49000
052941,康控兆豐97購01  ,0,0,0,0,0,0,0,0,0,49000,0,0,0,59000,10000,49000,49000
03641C,臺股指凱基95牛18,0,0,0,0,0,0,0,0,0,49000,0,0,0,49000,0,49000,49000
043654,臻鼎國泰92購01  ,0,0,0,0,0,0,0,0,0,49000,0,0,0,49000,0,49000,49000
04178P,聯茂元大93售07  ,0,0,0,0,0,0,0,0,0,49000,0,0,0,106000,57000,49000,49000
048771,嘉澤凱基94購01  ,0,0,0,0,0,0,0,0,0,49000,0,0,0,50000,1000,49000,49000
046194,禾伸堂凱基92購02,0,0,0,0,0,0,0,0,0,49000,0,0,0,63000,14000,49000,49000
047147,嘉晶群益93購02  ,0,0,0,0,0,0,0,0,0,49000,0,0,0,49000,0,49000,49000
049488,智邦元大95購01  ,0,0,0,0,0,0,0,0,0,49000,0,0,0,70000,21000,49000,49000
051340,健策永豐95購03  ,0,0,0,0,0,0,0,0,0,49000,0,0,0,284000,235000,49000,49000
051400,國巨永豐95購01  ,0,0,0,0,0,0,0,0,0,49000,0,0,0,67000,18000,49000,49000
051378,奇力新群益95購01,0,0,0,0,0,0,0,0,0,49000,0,0,0,156000,107000,49000,49000
051019,大立光凱基95購08,0,0,0,0,0,0,0,0,0,49000,0,0,0,50000,1000,49000,49000
050159,超眾群益94購03  ,0,0,0,0,0,0,0,0,0,49000,0,0,0,50000,1000,49000,49000
05890P,彩晶元大99售01  ,0,0,0,0,0,0,0,0,0,49000,0,0,0,49000,0,49000,49000
05749P,臺股指群益99售03,0,0,0,0,0,0,0,0,0,49000,0,0,0,49000,0,49000,49000
05497P,聯詠統一96售01  ,0,0,0,0,0,0,0,0,0,49000,0,0,0,56000,7000,49000,49000
054981,國巨元富97購02  ,0,0,0,0,0,0,0,0,0,49000,0,0,0,50000,1000,49000,49000
2454,聯發科          ,3414452,3057054,357398,0,0,0,32000,65000,-33000,-276000,85000,230000,-145000,83000,214000,-131000,48398
052715,可成凱基96購01  ,0,0,0,0,0,0,0,0,0,48000,0,0,0,116000,68000,48000,48000
052502,瀚宇博永豐95購02,0,0,0,0,0,0,0,0,0,48000,0,0,0,48000,0,48000,48000
052472,和碩亞東95購01  ,0,0,0,0,0,0,0,0,0,48000,0,0,0,48000,0,48000,48000
053547,台積電凱基96購14,0,0,0,0,0,0,0,0,0,48000,0,0,0,167000,119000,48000,48000
054171,台郡凱基97購01  ,0,0,0,0,0,0,0,0,0,48000,0,0,0,68000,20000,48000,48000
053866,景碩元大97購02  ,0,0,0,0,0,0,0,0,0,48000,0,0,0,68000,20000,48000,48000
00652,富邦印度        ,61000,0,61000,0,0,0,0,0,0,-13000,0,0,0,9000,22000,-13000,48000
04451P,可成凱基94售04  ,0,0,0,0,0,0,0,0,0,48000,0,0,0,130000,82000,48000,48000
044296,嘉聯益凱基93購01,0,0,0,0,0,0,0,0,0,48000,0,0,0,48000,0,48000,48000
045160,致新凱基92購01  ,0,0,0,0,0,0,0,0,0,48000,0,0,0,58000,10000,48000,48000
04933P,中石化中信96售01,0,0,0,0,0,0,0,0,0,48000,0,0,0,48000,0,48000,48000
046968,台積電群益94購03,0,0,0,0,0,0,0,0,0,48000,0,0,0,88000,40000,48000,48000
050023,國巨元大94購12  ,0,0,0,0,0,0,0,0,0,48000,0,0,0,115000,67000,48000,48000
05112P,燿華統一95售01  ,0,0,0,0,0,0,0,0,0,48000,0,0,0,48000,0,48000,48000
051409,美律國票96購01  ,0,0,0,0,0,0,0,0,0,48000,0,0,0,48000,0,48000,48000
051648,TPK永豐95購01   ,0,0,0,0,0,0,0,0,0,48000,0,0,0,68000,20000,48000,48000
052052,嘉澤凱基95購02  ,0,0,0,0,0,0,0,0,0,48000,0,0,0,68000,20000,48000,48000
052160,美律永豐95購03  ,0,0,0,0,0,0,0,0,0,48000,0,0,0,48000,0,48000,48000
1736,喬山            ,778000,809000,-31000,0,0,0,0,130000,-130000,209000,0,0,0,233000,24000,209000,48000
05978P,麗豐永豐96售02  ,0,0,0,0,0,0,0,0,0,48000,0,0,0,48000,0,48000,48000
05758P,光罩永豐96售02  ,0,0,0,0,0,0,0,0,0,48000,0,0,0,48000,0,48000,48000
2704,國賓            ,113000,65000,48000,0,0,0,0,0,0,0,0,0,0,0,0,0,48000
054874,帆宣群益99購02  ,0,0,0,0,0,0,0,0,0,47000,0,0,0,47000,0,47000,47000
054744,晶相光凱基99購01,0,0,0,0,0,0,0,0,0,47000,0,0,0,123000,76000,47000,47000
053581,台積電元大96購14,0,0,0,0,0,0,0,0,0,47000,0,0,0,180000,133000,47000,47000
053400,緯穎中信9A購01  ,0,0,0,0,0,0,0,0,0,47000,0,0,0,109000,62000,47000,47000
05301P,矽力元大95售02  ,0,0,0,0,0,0,0,0,0,47000,0,0,0,47000,0,47000,47000
052771,GIS群益96購01   ,0,0,0,0,0,0,0,0,0,47000,0,0,0,154000,107000,47000,47000
04214P,美利達凱基93售04,0,0,0,0,0,0,0,0,0,47000,0,0,0,47000,0,47000,47000
049372,華新科元大95購04,0,0,0,0,0,0,0,0,0,47000,0,0,0,109000,62000,47000,47000
049587,美律元大95購01  ,0,0,0,0,0,0,0,0,0,47000,0,0,0,382000,335000,47000,47000
049206,大立光群益94購04,0,0,0,0,0,0,0,0,0,47000,0,0,0,51000,4000,47000,47000
04880P,GIS永豐94售02   ,0,0,0,0,0,0,0,0,0,47000,0,0,0,47000,0,47000,47000
048134,祥碩國票93購02  ,0,0,0,0,0,0,0,0,0,47000,0,0,0,65000,18000,47000,47000
048168,致茂永豐93購02  ,0,0,0,0,0,0,0,0,0,47000,0,0,0,48000,1000,47000,47000
049974,聯發科日盛94購02,0,0,0,0,0,0,0,0,0,47000,0,0,0,47000,0,47000,47000
050477,矽力永豐94購01  ,0,0,0,0,0,0,0,0,0,47000,0,0,0,71000,24000,47000,47000
05924P,超眾元富96售04  ,0,0,0,0,0,0,0,0,0,47000,0,0,0,93000,46000,47000,47000
055041,致新富邦97購01  ,0,0,0,0,0,0,0,0,0,47000,0,0,0,47000,0,47000,47000
1611,中電            ,123000,76000,47000,0,0,0,0,0,0,0,0,0,0,0,0,0,47000
052966,光磊群益96購01  ,0,0,0,0,0,0,0,0,0,46000,0,0,0,66000,20000,46000,46000
052467,嘉聯益統一96購01,0,0,0,0,0,0,0,0,0,46000,0,0,0,100000,54000,46000,46000
052375,奇力新元大96購02,0,0,0,0,0,0,0,0,0,46000,0,0,0,137000,91000,46000,46000
052628,樺漢中信96購01  ,0,0,0,0,0,0,0,0,0,46000,0,0,0,51000,5000,46000,46000
054768,泰碩國票99購02  ,0,0,0,0,0,0,0,0,0,46000,0,0,0,46000,0,46000,46000
054371,台積電中信9C購01,0,0,0,0,0,0,0,0,0,46000,0,0,0,126000,80000,46000,46000
053925,群創國票98購01  ,0,0,0,0,0,0,0,0,0,46000,0,0,0,66000,20000,46000,46000
053738,群創麥證96購01  ,0,0,0,56000,10000,46000,0,0,0,46000,0,0,0,56000,10000,46000,46000
054289,聯發科元大97購11,0,0,0,0,0,0,0,0,0,46000,0,0,0,96000,50000,46000,46000
054126,和大元大96購02  ,0,0,0,0,0,0,0,0,0,46000,0,0,0,167000,121000,46000,46000
044016,義隆凱基93購01  ,0,0,0,0,0,0,0,0,0,46000,0,0,0,50000,4000,46000,46000
006208,富邦台50        ,1000,0,1000,0,0,0,0,0,0,45000,0,0,0,359000,314000,45000,46000
04035P,全新群益93售03  ,0,0,0,0,0,0,0,0,0,46000,0,0,0,107000,61000,46000,46000
044218,禾伸堂凱基91購01,0,0,0,0,0,0,0,0,0,46000,0,0,0,56000,10000,46000,46000
044433,華新科元大92購06,0,0,0,0,0,0,0,0,0,46000,0,0,0,48000,2000,46000,46000
046039,新日興元大92購02,0,0,0,0,0,0,0,0,0,46000,0,0,0,48000,2000,46000,46000
045839,台郡群益92購01  ,0,0,0,0,0,0,0,0,0,46000,0,0,0,46000,0,46000,46000
045559,奇鋐國票92購01  ,0,0,0,0,0,0,0,0,0,46000,0,0,0,46000,0,46000,46000
048066,樺漢統一93購01  ,0,0,0,0,0,0,0,0,0,46000,0,0,0,184000,138000,46000,46000
048747,華通元富97購01  ,0,0,0,0,0,0,0,0,0,46000,0,0,0,118000,72000,46000,46000
049046,同欣電兆豐94購01,0,0,0,0,0,0,0,0,0,46000,0,0,0,241000,195000,46000,46000
049417,奇力新凱基94購02,0,0,0,0,0,0,0,0,0,46000,0,0,0,56000,10000,46000,46000
046104,智伸科永豐92購02,0,0,0,0,0,0,0,0,0,46000,0,0,0,46000,0,46000,46000
046811,和大凱基93購01  ,0,0,0,0,0,0,0,0,0,46000,0,0,0,56000,10000,46000,46000
050014,國巨富邦98購01  ,0,0,0,0,0,0,0,0,0,46000,0,0,0,102000,56000,46000,46000
05208P,TPK中信95售01   ,0,0,0,0,0,0,0,0,0,46000,0,0,0,46000,0,46000,46000
4967,十銓            ,100000,54000,46000,0,0,0,0,0,0,0,0,0,0,0,0,0,46000
4976,佳凌            ,74000,28000,46000,0,0,0,0,0,0,0,0,0,0,0,0,0,46000
4552,力達-KY         ,63000,17000,46000,0,0,0,0,0,0,0,0,0,0,0,0,0,46000
4426,利勤            ,62000,16000,46000,0,0,0,0,0,0,-420,2000,0,2000,0,2420,-2420,45580
054058,晶豪科國票98購01,0,0,0,0,0,0,0,0,0,45000,0,0,0,101000,56000,45000,45000
054251,聯發科元大96購21,0,0,0,0,0,0,0,0,0,45000,0,0,0,86000,41000,45000,45000
04456P,日月光統一94售01,0,0,0,0,0,0,0,0,0,45000,0,0,0,48000,3000,45000,45000
047676,臺股指元富99購01,0,0,0,0,0,0,0,0,0,45000,0,0,0,45000,0,45000,45000
043778,智原兆豐92購01  ,0,0,0,0,0,0,0,0,0,45000,0,0,0,47000,2000,45000,45000
046149,宏達電國票93購01,0,0,0,0,0,0,0,0,0,45000,0,0,0,45000,0,45000,45000
048098,嘉澤凱基93購04  ,0,0,0,0,0,0,0,0,0,45000,0,0,0,67000,22000,45000,45000
047055,旭富國票93購01  ,0,0,0,0,0,0,0,0,0,45000,0,0,0,45000,0,45000,45000
046942,友達元大99購01  ,0,0,0,0,0,0,0,0,0,45000,0,0,0,59000,14000,45000,45000
047529,嘉晶元大94購02  ,0,0,0,0,0,0,0,0,0,45000,0,0,0,210000,165000,45000,45000
048330,大立光永昌93購07,0,0,0,0,0,0,0,0,0,45000,0,0,0,49000,4000,45000,45000
052095,彩晶元大97購01  ,0,0,0,0,0,0,0,0,0,45000,0,0,0,45000,0,45000,45000
051505,台積電元富95購05,0,0,0,0,0,0,0,0,0,45000,0,0,0,299000,254000,45000,45000
051139,康友永豐95購01  ,0,0,0,0,0,0,0,0,0,45000,0,0,0,123000,78000,45000,45000
050118,臻鼎元大94購01  ,0,0,0,0,0,0,0,0,0,45000,0,0,0,100000,55000,45000,45000
050270,景碩元大94購01  ,0,0,0,0,0,0,0,0,0,45000,0,0,0,55000,10000,45000,45000
050623,致新元大94購05  ,0,0,0,0,0,0,0,0,0,45000,0,0,0,82000,37000,45000,45000
050744,健策永豐94購04  ,0,0,0,0,0,0,0,0,0,45000,0,0,0,304000,259000,45000,45000
9911,櫻花            ,104000,65000,39000,0,0,0,0,0,0,6000,6000,0,6000,0,0,0,45000
054199,大立光永昌96購07,0,0,0,0,0,0,0,0,0,44000,0,0,0,44000,0,44000,44000
053143,昇陽半永豐96購03,0,0,0,0,0,0,0,0,0,44000,0,0,0,60000,16000,44000,44000
053379,南亞科元大96購01,0,0,0,0,0,0,0,0,0,44000,0,0,0,64000,20000,44000,44000
006207,FH滬深          ,94000,0,94000,0,0,0,0,0,0,-50000,0,0,0,459000,509000,-50000,44000
04131P,裕隆群益93售01  ,0,0,0,0,0,0,0,0,0,44000,0,0,0,44000,0,44000,44000
042388,大立光永昌93購02,0,0,0,0,0,0,0,0,0,44000,0,0,0,48000,4000,44000,44000
048062,南亞科統一93購05,0,0,0,0,0,0,0,0,0,44000,0,0,0,92000,48000,44000,44000
048027,京元電凱基93購03,0,0,0,0,0,0,0,0,0,44000,0,0,0,48000,4000,44000,44000
045246,同欣電群益92購01,0,0,0,0,0,0,0,0,0,44000,0,0,0,54000,10000,44000,44000
04603P,訊芯凱基94售03  ,0,0,0,0,0,0,0,0,0,44000,0,0,0,51000,7000,44000,44000
048346,智易元大95購01  ,0,0,0,0,0,0,0,0,0,44000,0,0,0,50000,6000,44000,44000
046328,臻鼎元大92購09  ,0,0,0,0,0,0,0,0,0,44000,0,0,0,100000,56000,44000,44000
048855,華新科群益94購02,0,0,0,0,0,0,0,0,0,44000,0,0,0,78000,34000,44000,44000
048581,南亞科富邦93購02,0,0,0,0,0,0,0,0,0,44000,0,0,0,44000,0,44000,44000
047047,旺宏國票95購01  ,0,0,0,0,0,0,0,0,0,44000,0,0,0,109000,65000,44000,44000
050760,矽力元富94購03  ,0,0,0,0,0,0,0,0,0,44000,0,0,0,71000,27000,44000,44000
050590,晶技永豐95購01  ,0,0,0,0,0,0,0,0,0,44000,0,0,0,44000,0,44000,44000
050189,旭富元大94購01  ,0,0,0,0,0,0,0,0,0,44000,0,0,0,44000,0,44000,44000
04971P,矽力元富94售02  ,0,0,0,0,0,0,0,0,0,44000,0,0,0,280000,236000,44000,44000
051577,台積電元大97購03,0,0,0,0,0,0,0,0,0,44000,0,0,0,46000,2000,44000,44000
051625,聯發科麥證95購01,0,0,0,94000,50000,44000,0,0,0,44000,0,0,0,94000,50000,44000,44000
051610,GIS群益95購02   ,0,0,0,0,0,0,0,0,0,44000,0,0,0,163000,119000,44000,44000
051963,利勤永豐95購01  ,0,0,0,0,0,0,0,0,0,44000,0,0,0,54000,10000,44000,44000
052016,神基永豐95購01  ,0,0,0,0,0,0,0,0,0,44000,0,0,0,44000,0,44000,44000
05679P,台表科群益96售05,0,0,0,0,0,0,0,0,0,44000,0,0,0,44000,0,44000,44000
05635P,健策台新96售02  ,0,0,0,0,0,0,0,0,0,44000,0,0,0,100000,56000,44000,44000
053611,聯茂麥證96購01  ,0,0,0,120000,150000,-30000,0,0,0,43000,0,0,0,193000,150000,43000,43000
052567,台積電凱基96購05,0,0,0,0,0,0,0,0,0,43000,0,0,0,127000,84000,43000,43000
054086,日月光亞東98購01,0,0,0,0,0,0,0,0,0,43000,0,0,0,48000,5000,43000,43000
054357,可成兆豐97購02  ,0,0,0,0,0,0,0,0,0,43000,0,0,0,75000,32000,43000,43000
04428P,台光電元大94售02,0,0,0,0,0,0,0,0,0,43000,0,0,0,43000,0,43000,43000
03088P,大立光元大01售17,0,0,0,0,0,0,0,0,0,43000,0,0,0,43000,0,43000,43000
048105,滬深2X群益99購02,0,0,0,0,0,0,0,0,0,43000,0,0,0,69000,26000,43000,43000
049342,聯發科統一94購05,0,0,0,0,0,0,0,0,0,43000,0,0,0,43000,0,43000,43000
047496,旺宏台新93購02  ,0,0,0,0,0,0,0,0,0,43000,0,0,0,43000,0,43000,43000
048793,超眾元大95購02  ,0,0,0,0,0,0,0,0,0,43000,0,0,0,52000,9000,43000,43000
047825,道瓊反元大96購01,0,0,0,0,0,0,0,0,0,43000,0,0,0,43000,0,43000,43000
051665,台積電元大96購07,0,0,0,0,0,0,0,0,0,43000,0,0,0,566000,523000,43000,43000
051343,鴻海元大95購07  ,0,0,0,0,0,0,0,0,0,43000,0,0,0,110000,67000,43000,43000
051155,聯發科國泰96購01,0,0,0,0,0,0,0,0,0,43000,0,0,0,252000,209000,43000,43000
051065,台積電國票96購01,0,0,0,0,0,0,0,0,0,43000,0,0,0,68000,25000,43000,43000
05014P,臺股指元大95售05,0,0,0,0,0,0,0,0,0,43000,0,0,0,43000,0,43000,43000
050090,鈺齊康和94購01  ,0,0,0,0,0,0,0,0,0,43000,0,0,0,43000,0,43000,43000
05782P,聯詠元富96售02  ,0,0,0,0,0,0,0,0,0,43000,0,0,0,45000,2000,43000,43000
06082P,華通統一98售01  ,0,0,0,0,0,0,0,0,0,43000,0,0,0,45000,2000,43000,43000
054440,TPK台新98購01   ,0,0,0,0,0,0,0,0,0,42000,0,0,0,42000,0,42000,42000
054129,技嘉元大96購02  ,0,0,0,0,0,0,0,0,0,42000,0,0,0,42000,0,42000,42000
054147,GIS元大96購02   ,0,0,0,0,0,0,0,0,0,42000,0,0,0,56000,14000,42000,42000
053821,群創群益98購08  ,0,0,0,0,0,0,0,0,0,42000,0,0,0,196000,154000,42000,42000
052432,康友永豐95購04  ,0,0,0,0,0,0,0,0,0,42000,0,0,0,86000,44000,42000,42000
052429,禾伸堂永豐95購02,0,0,0,0,0,0,0,0,0,42000,0,0,0,88000,46000,42000,42000
052967,智邦群益96購01  ,0,0,0,0,0,0,0,0,0,42000,0,0,0,154000,112000,42000,42000
044857,玉晶光第一91購01,0,0,0,0,0,0,0,0,0,42000,0,0,0,53000,11000,42000,42000
047895,台積電群益94購04,0,0,0,0,0,0,0,0,0,42000,0,0,0,101000,59000,42000,42000
047690,美律富邦97購01  ,0,0,0,0,0,0,0,0,0,42000,0,0,0,62000,20000,42000,42000
045184,京元電統一93購01,0,0,0,0,0,0,0,0,0,42000,0,0,0,118000,76000,42000,42000
045361,鈺齊凱基93購01  ,0,0,0,0,0,0,0,0,0,42000,0,0,0,52000,10000,42000,42000
046603,貿聯群益93購01  ,0,0,0,0,0,0,0,0,0,42000,0,0,0,84000,42000,42000,42000
049310,台積電凱基94購15,0,0,0,0,0,0,0,0,0,42000,0,0,0,77000,35000,42000,42000
049416,美律凱基94購04  ,0,0,0,0,0,0,0,0,0,42000,0,0,0,110000,68000,42000,42000
048989,矽格元大94購02  ,0,0,0,0,0,0,0,0,0,42000,0,0,0,128000,86000,42000,42000
046866,台積電統一94購03,0,0,0,0,0,0,0,0,0,42000,0,0,0,44000,2000,42000,42000
046871,美律元富93購01  ,0,0,0,0,0,0,0,0,0,42000,0,0,0,153000,111000,42000,42000
049681,旺宏統一94購04  ,0,0,0,0,0,0,0,0,0,42000,0,0,0,54000,12000,42000,42000
049894,嘉聯益富邦98購01,0,0,0,0,0,0,0,0,0,42000,0,0,0,254000,212000,42000,42000
050611,鴻海元大95購02  ,0,0,0,0,0,0,0,0,0,42000,0,0,0,272000,230000,42000,42000
050346,康友元富94購03  ,0,0,0,0,0,0,0,0,0,42000,0,0,0,45000,3000,42000,42000
051257,光寶科國泰96購01,0,0,0,0,0,0,0,0,0,42000,0,0,0,73000,31000,42000,42000
051796,和碩康和95購01  ,0,0,0,0,0,0,0,0,0,42000,0,0,0,92000,50000,42000,42000
051900,臻鼎富邦95購01  ,0,0,0,0,0,0,0,0,0,42000,0,0,0,71000,29000,42000,42000
6283,淳安            ,50000,10000,40000,0,0,0,0,0,0,2000,2000,0,2000,0,0,0,42000
052758,友達群益99購01  ,0,0,0,0,0,0,0,0,0,41000,0,0,0,69000,28000,41000,41000
052750,臺股指元大96購04,0,0,0,0,0,0,0,0,0,41000,0,0,0,41000,0,41000,41000
053465,聯電元大96購05  ,0,0,0,0,0,0,0,0,0,41000,0,0,0,129000,88000,41000,41000
054447,國泰金兆豐96購01,0,0,0,0,0,0,0,0,0,41000,0,0,0,41000,0,41000,41000
045202,力成凱基92購01  ,0,0,0,0,0,0,0,0,0,41000,0,0,0,92000,51000,41000,41000
044899,智邦凱基91購08  ,0,0,0,0,0,0,0,0,0,41000,0,0,0,41000,0,41000,41000
047821,臺股指凱基93購15,0,0,0,0,0,0,0,0,0,41000,0,0,0,41000,0,41000,41000
044577,欣興凱基91購06  ,0,0,0,0,0,0,0,0,0,41000,0,0,0,41000,0,41000,41000
00665L,富邦恒生國企正2 ,2000,0,2000,0,0,0,0,0,0,39000,0,0,0,40000,1000,39000,41000
043580,大立光元富94購01,0,0,0,0,0,0,0,0,0,41000,0,0,0,51000,10000,41000,41000
046918,台光電永豐93購02,0,0,0,0,0,0,0,0,0,41000,0,0,0,41000,0,41000,41000
046204,致新凱基93購01  ,0,0,0,0,0,0,0,0,0,41000,0,0,0,225000,184000,41000,41000
047230,大立光凱基93購19,0,0,0,0,0,0,0,0,0,41000,0,0,0,41000,0,41000,41000
047022,聯發科元大93購07,0,0,0,0,0,0,0,0,0,41000,0,0,0,43000,2000,41000,41000
048910,和鑫富邦98購01  ,0,0,0,0,0,0,0,0,0,41000,0,0,0,41000,0,41000,41000
048957,玉晶光康和94購01,0,0,0,0,0,0,0,0,0,41000,0,0,0,59000,18000,41000,41000
048254,深中小統一93購01,0,0,0,0,0,0,0,0,0,41000,0,0,0,51000,10000,41000,41000
052009,群創第一95購01  ,0,0,0,0,0,0,0,0,0,41000,0,0,0,67000,26000,41000,41000
051239,國巨元大96購02  ,0,0,0,0,0,0,0,0,0,41000,0,0,0,45000,4000,41000,41000
051449,玉晶光元大96購01,0,0,0,0,0,0,0,0,0,41000,0,0,0,41000,0,41000,41000
050732,台虹國票94購01  ,0,0,0,0,0,0,0,0,0,41000,0,0,0,41000,0,41000,41000
049960,嘉聯益統一94購01,0,0,0,0,0,0,0,0,0,41000,0,0,0,41000,0,41000,41000
05596P,可成統一96售01  ,0,0,0,0,0,0,0,0,0,41000,0,0,0,41000,0,41000,41000
053831,台積電台新97購02,0,0,0,0,0,0,0,0,0,40000,0,0,0,40000,0,40000,40000
053890,華新科群益98購01,0,0,0,0,0,0,0,0,0,40000,0,0,0,157000,117000,40000,40000
053971,聯發科元大97購09,0,0,0,0,0,0,0,0,0,40000,0,0,0,70000,30000,40000,40000
053441,旺宏凱基98購01  ,0,0,0,0,0,0,0,0,0,40000,0,0,0,262000,222000,40000,40000
053362,元油反國泰98購01,0,0,0,0,0,0,0,0,0,40000,0,0,0,40000,0,40000,40000
053369,T50反1元大96購06,0,0,0,0,0,0,0,0,0,40000,0,0,0,40000,0,40000,40000
053594,京鼎元大96購02  ,0,0,0,0,0,0,0,0,0,40000,0,0,0,332000,292000,40000,40000
053209,台積電凱基96購07,0,0,0,0,0,0,0,0,0,40000,0,0,0,60000,20000,40000,40000
053234,奇鋐永豐96購01  ,0,0,0,0,0,0,0,0,0,40000,0,0,0,40000,0,40000,40000
053308,智易凱基96購02  ,0,0,0,0,0,0,0,0,0,40000,0,0,0,40000,0,40000,40000
052485,深中小國票96購01,0,0,0,0,0,0,0,0,0,40000,0,0,0,50000,10000,40000,40000
043644,台達電國票91購01,0,0,0,0,0,0,0,0,0,40000,0,0,0,40000,0,40000,40000
04052P,上銀國泰94售01  ,0,0,0,0,0,0,0,0,0,40000,0,0,0,42000,2000,40000,40000
040680,華新科富邦91購01,0,0,0,0,0,0,0,0,0,40000,0,0,0,40000,0,40000,40000
03903P,美律永豐93售01  ,0,0,0,0,0,0,0,0,0,40000,0,0,0,40000,0,40000,40000
044835,南亞科元大91購14,0,0,0,0,0,0,0,0,0,40000,0,0,0,60000,20000,40000,40000
045715,華邦電凱基92購04,0,0,0,0,0,0,0,0,0,40000,0,0,0,60000,20000,40000,40000
044815,宏碁兆豐93購01  ,0,0,0,0,0,0,0,0,0,40000,0,0,0,47000,7000,40000,40000
043270,康控國泰92購01  ,0,0,0,0,0,0,0,0,0,40000,0,0,0,40000,0,40000,40000
044771,南亞科元大91購13,0,0,0,0,0,0,0,0,0,40000,0,0,0,50000,10000,40000,40000
04473P,國巨元大94售03  ,0,0,0,0,0,0,0,0,0,40000,0,0,0,100000,60000,40000,40000
04135P,亞德客元大93售04,0,0,0,0,0,0,0,0,0,40000,0,0,0,40000,0,40000,40000
04116P,京元電元大94售02,0,0,0,0,0,0,0,0,0,40000,0,0,0,40000,0,40000,40000
04168P,元金2X凱基99售01,0,0,0,0,0,0,0,0,0,40000,0,0,0,70000,30000,40000,40000
043971,友達富邦92購01  ,0,0,0,0,0,0,0,0,0,40000,0,0,0,40000,0,40000,40000
044236,瑞昱永豐91購01  ,0,0,0,0,0,0,0,0,0,40000,0,0,0,40000,0,40000,40000
044400,大立光凱基92購01,0,0,0,0,0,0,0,0,0,40000,0,0,0,40000,0,40000,40000
047689,瑞昱富邦97購01  ,0,0,0,0,0,0,0,0,0,40000,0,0,0,155000,115000,40000,40000
047668,聯茂永豐93購02  ,0,0,0,0,0,0,0,0,0,40000,0,0,0,40000,0,40000,40000
044884,嘉澤群益93購01  ,0,0,0,0,0,0,0,0,0,40000,0,0,0,60000,20000,40000,40000
045456,鴻海元大93購04  ,0,0,0,0,0,0,0,0,0,40000,0,0,0,76000,36000,40000,40000
04417P,光罩國泰95售02  ,0,0,0,0,0,0,0,0,0,40000,0,0,0,40000,0,40000,40000
048617,瀚宇博凱基93購04,0,0,0,0,0,0,0,0,0,40000,0,0,0,40000,0,40000,40000
048410,和碩群益93購01  ,0,15000,-15000,0,0,0,0,0,0,55000,0,0,0,55000,0,55000,40000
046299,大立光富邦93購04,0,0,0,0,0,0,0,0,0,40000,0,0,0,40000,0,40000,40000
046387,臻鼎凱基92購04  ,0,0,0,0,0,0,0,0,0,40000,0,0,0,40000,0,40000,40000
046439,嘉聯益群益92購01,0,0,0,0,0,0,0,0,0,40000,0,0,0,40000,0,40000,40000
048488,大立光富邦93購05,0,0,0,0,0,0,0,0,0,40000,0,0,0,44000,4000,40000,40000
048680,智邦富邦93購02  ,0,0,0,0,0,0,0,0,0,40000,0,0,0,40000,0,40000,40000
048681,漢唐富邦96購01  ,0,0,0,0,0,0,0,0,0,40000,0,0,0,40000,0,40000,40000
048577,GIS國泰94購01   ,0,0,0,0,0,0,0,0,0,40000,0,0,0,41000,1000,40000,40000
049039,富邦金兆豐94購01,0,0,0,0,0,0,0,0,0,40000,0,0,0,40000,0,40000,40000
047031,麗豐元大93購01  ,0,0,0,0,0,0,0,0,0,40000,0,0,0,40000,0,40000,40000
047249,欣興群益93購03  ,0,0,0,0,0,0,0,0,0,40000,0,0,0,40000,0,40000,40000
046940,瑞昱元大93購07  ,0,0,0,0,0,0,0,0,0,40000,0,0,0,50000,10000,40000,40000
04889P,華通元大94售03  ,0,0,0,0,0,0,0,0,0,40000,0,0,0,85000,45000,40000,40000
048903,華通富邦95購01  ,0,0,0,0,0,0,0,0,0,40000,0,0,0,40000,0,40000,40000
048088,台積電凱基93購23,0,0,0,0,0,0,0,0,0,40000,0,0,0,75000,35000,40000,40000
050169,臺指反元大97購01,0,0,0,0,0,0,0,0,0,40000,0,0,0,40000,0,40000,40000
050222,瑞儀元富94購01  ,0,0,0,0,0,0,0,0,0,40000,0,0,0,41000,1000,40000,40000
050310,卜蜂兆豐94購01  ,0,0,0,0,0,0,0,0,0,40000,0,0,0,40000,0,40000,40000
049814,超眾元大95購04  ,0,0,0,0,0,0,0,0,0,40000,0,0,0,73000,33000,40000,40000
049615,香港2X群益98購01,0,0,0,0,0,0,0,0,0,40000,0,0,0,50000,10000,40000,40000
049714,國巨凱基94購02  ,0,0,0,0,0,0,0,0,0,40000,0,0,0,50000,10000,40000,40000
050794,大立光富邦96購04,0,0,0,0,0,0,0,0,0,40000,0,0,0,40000,0,40000,40000
050883,嘉聯益國泰96購01,0,0,0,0,0,0,0,0,0,40000,0,0,0,50000,10000,40000,40000
050441,和碩凱基94購01  ,0,0,0,0,0,0,0,0,0,40000,0,0,0,50000,10000,40000,40000
050600,瑞儀國泰95購01  ,0,0,0,0,0,0,0,0,0,40000,0,0,0,60000,20000,40000,40000
050675,奇鋐富邦96購01  ,0,0,0,0,0,0,0,0,0,40000,0,0,0,45000,5000,40000,40000
051623,和碩凱基96購02  ,0,0,0,0,0,0,0,0,0,40000,0,0,0,50000,10000,40000,40000
051240,台積電元大95購12,0,0,0,0,0,0,0,0,0,40000,0,0,0,198000,158000,40000,40000
051947,矽力統一95購01  ,0,0,0,0,0,0,0,0,0,40000,0,0,0,50000,10000,40000,40000
054984,華泰元富97購01  ,0,0,0,0,0,0,0,0,0,40000,0,0,0,40000,0,40000,40000
054971,帆宣元大97購02  ,0,0,0,0,0,0,0,0,0,40000,0,0,0,80000,40000,40000,40000
4164,承業醫          ,31000,4000,27000,0,0,0,0,0,0,13000,17000,4000,13000,0,0,0,40000
3057,喬鼎            ,40000,0,40000,0,0,0,0,0,0,0,0,0,0,0,0,0,40000
052836,旺宏國泰98購01  ,0,0,0,0,0,0,0,0,0,39000,0,0,0,235000,196000,39000,39000
053107,旺宏兆豐97購01  ,0,0,0,0,0,0,0,0,0,39000,0,0,0,39000,0,39000,39000
053502,智伸科兆豐97購01,0,0,0,0,0,0,0,0,0,39000,0,0,0,49000,10000,39000,39000
054084,旺宏統一97購05  ,0,0,0,0,0,0,0,0,0,39000,0,0,0,92000,53000,39000,39000
054262,瀚宇博元大96購03,0,0,0,0,0,0,0,0,0,39000,0,0,0,39000,0,39000,39000
054304,台積電凱基96購23,0,0,0,0,0,0,0,0,0,39000,0,0,0,64000,25000,39000,39000
044105,聯詠中信95購01  ,0,0,0,0,0,0,0,0,0,39000,0,0,0,69000,30000,39000,39000
044003,聯發科兆豐93購01,0,0,0,0,0,0,0,0,0,39000,0,0,0,45000,6000,39000,39000
044717,旺宏統一94購01  ,0,0,0,0,0,0,0,0,0,39000,0,0,0,949000,910000,39000,39000
045694,智邦兆豐93購05  ,0,0,0,0,0,0,0,0,0,39000,0,0,0,55000,16000,39000,39000
047267,瀚宇博台新93購01,0,0,0,0,0,0,0,0,0,39000,0,0,0,39000,0,39000,39000
048534,貿聯國票94購01  ,0,0,0,0,0,0,0,0,0,39000,0,0,0,39000,0,39000,39000
05121P,創意國泰96售01  ,0,0,0,0,0,0,0,0,0,39000,0,0,0,121000,82000,39000,39000
051089,旺宏元大96購04  ,0,0,0,0,0,0,0,0,0,39000,0,0,0,224000,185000,39000,39000
051608,新日興群益96購01,0,0,0,0,0,0,0,0,0,39000,0,0,0,39000,0,39000,39000
05132P,鴻海元富95售07  ,0,0,0,0,0,0,0,0,0,39000,0,0,0,70000,31000,39000,39000
050955,達方群益97購01  ,0,0,0,0,0,0,0,0,0,39000,0,0,0,40000,1000,39000,39000
050756,京元電元富94購03,0,0,0,0,0,0,0,0,0,39000,0,0,0,43000,4000,39000,39000
5234,達興材料        ,65000,26000,39000,0,0,0,0,0,0,0,0,0,0,0,0,0,39000
05490P,鴻海元大95售23  ,0,0,0,0,0,0,0,0,0,39000,0,0,0,51000,12000,39000,39000
05699P,茂林凱基96售05  ,0,0,0,0,0,0,0,0,0,39000,0,0,0,46000,7000,39000,39000
053639,禾伸堂永豐96購01,0,0,0,0,0,0,0,0,0,38000,0,0,0,51000,13000,38000,38000
053490,為升兆豐97購01  ,0,0,0,0,0,0,0,0,0,38000,0,0,0,38000,0,38000,38000
053409,和碩兆豐96購02  ,0,0,0,0,0,0,0,0,0,38000,0,0,0,38000,0,38000,38000
053046,智易中信96購01  ,0,0,0,0,0,0,0,0,0,38000,0,0,0,38000,0,38000,38000
052439,寶成富邦97購01  ,0,0,0,0,0,0,0,0,0,38000,0,0,0,40000,2000,38000,38000
03891P,晶技國泰94售02  ,0,0,0,0,0,0,0,0,0,38000,0,0,0,145000,107000,38000,38000
03977P,上海銀元大93售01,0,0,0,0,0,0,0,0,0,38000,0,0,0,38000,0,38000,38000
046014,緯穎元富92購02  ,0,0,0,0,0,0,0,0,0,38000,0,0,0,53000,15000,38000,38000
045577,台光電元大92購06,0,0,0,0,0,0,0,0,0,38000,0,0,0,68000,30000,38000,38000
047612,瑞昱群益93購03  ,0,0,0,0,0,0,0,0,0,38000,0,0,0,64000,26000,38000,38000
045174,美律國票92購01  ,0,0,0,0,0,0,0,0,0,38000,0,0,0,38000,0,38000,38000
048739,華新科統一94購02,0,0,0,0,0,0,0,0,0,38000,0,0,0,48000,10000,38000,38000
047388,京元電元大95購01,0,0,0,0,0,0,0,0,0,38000,0,0,0,78000,40000,38000,38000
048237,致茂國票94購01  ,0,0,0,0,0,0,0,0,0,38000,0,0,0,38000,0,38000,38000
048271,可成富邦95購02  ,0,0,0,0,0,0,0,0,0,38000,0,0,0,43000,5000,38000,38000
047002,鴻海統一93購04  ,0,0,0,0,0,0,0,0,0,38000,0,0,0,95000,57000,38000,38000
050768,聯發科元大94購16,0,0,0,0,0,0,0,0,0,38000,0,0,0,66000,28000,38000,38000
051000,台郡元大96購01  ,0,0,0,0,0,0,0,0,0,38000,0,0,0,345000,307000,38000,38000
050309,亞泥兆豐94購01  ,0,0,0,0,0,0,0,0,0,38000,0,0,0,71000,33000,38000,38000
050242,義隆凱基94購04  ,0,0,0,0,0,0,0,0,0,38000,0,0,0,38000,0,38000,38000
05163P,聯發科統一96售02,0,0,0,0,0,0,0,0,0,38000,0,0,0,50000,12000,38000,38000
051042,中磊永豐95購01  ,0,0,0,0,0,0,0,0,0,38000,0,0,0,38000,0,38000,38000
051204,正崴麥證95購01  ,0,0,0,43000,5000,38000,0,0,0,38000,0,0,0,43000,5000,38000,38000
052219,大立光日盛95購02,0,0,0,0,0,0,0,0,0,38000,0,0,0,38000,0,38000,38000
055010,佐登元富97購01  ,0,0,0,0,0,0,0,0,0,38000,0,0,0,70000,32000,38000,38000
2459,敦吉            ,47000,10000,37000,0,0,0,0,0,0,1000,1000,0,1000,0,0,0,38000
4438,廣越            ,41000,4000,37000,0,0,0,0,0,0,1000,1000,0,1000,0,0,0,38000
052406,力成凱基95購03  ,0,0,0,0,0,0,0,0,0,37000,0,0,0,45000,8000,37000,37000
052991,台積電台新96購01,0,0,0,0,0,0,0,0,0,37000,0,0,0,37000,0,37000,37000
053267,華新科群益96購02,0,0,0,0,0,0,0,0,0,37000,0,0,0,57000,20000,37000,37000
054123,易華電永豐96購03,0,0,0,0,0,0,0,0,0,37000,0,0,0,44000,7000,37000,37000
053989,奇力新兆豐97購01,0,0,0,0,0,0,0,0,0,37000,0,0,0,51000,14000,37000,37000
054835,致新中信97購01  ,0,0,0,0,0,0,0,0,0,37000,0,0,0,37000,0,37000,37000
046980,智邦兆豐94購01  ,0,0,0,0,0,0,0,0,0,37000,0,0,0,86000,49000,37000,37000
048968,可成元大94購02  ,0,0,0,0,0,0,0,0,0,37000,0,0,0,39000,2000,37000,37000
049262,大立光元大94購09,0,0,0,0,0,0,0,0,0,37000,0,0,0,130000,93000,37000,37000
046567,正崴元富92購01  ,0,0,0,0,0,0,0,0,0,37000,0,0,0,37000,0,37000,37000
047960,鈺齊永豐93購01  ,0,0,0,0,0,0,0,0,0,37000,0,0,0,58000,21000,37000,37000
052055,緯穎凱基95購03  ,0,0,0,0,0,0,0,0,0,37000,0,0,0,93000,56000,37000,37000
051412,奇力新國票96購01,0,0,0,0,0,0,0,0,0,37000,0,0,0,37000,0,37000,37000
050774,健策元大96購02  ,0,0,0,0,0,0,0,0,0,37000,0,0,0,48000,11000,37000,37000
050673,旺宏富邦96購02  ,0,0,0,0,0,0,0,0,0,37000,0,0,0,87000,50000,37000,37000
3024,憶聲            ,43000,6000,37000,0,0,0,0,0,0,0,0,0,0,0,0,0,37000
054633,臺股指凱基9A購02,0,0,0,0,0,0,0,0,0,36000,0,0,0,60000,24000,36000,36000
054630,聯鈞凱基98購01  ,0,0,0,0,0,0,0,0,0,36000,0,0,0,80000,44000,36000,36000
054445,技嘉兆豐96購01  ,0,0,0,0,0,0,0,0,0,36000,0,0,0,36000,0,36000,36000
053757,聯發科國泰96購04,0,0,0,0,0,0,0,0,0,36000,0,0,0,70000,34000,36000,36000
053778,旺宏元大97購03  ,0,0,0,0,0,0,0,0,0,36000,0,0,0,206000,170000,36000,36000
053956,旺宏永豐96購04  ,0,0,0,0,0,0,0,0,0,36000,0,0,0,36000,0,36000,36000
053941,國巨國泰96購05  ,0,0,0,0,0,0,0,0,0,36000,0,0,0,36000,0,36000,36000
052969,建準群益97購01  ,0,0,0,0,0,0,0,0,0,36000,0,0,0,36000,0,36000,36000
052899,和大國票97購01  ,0,0,0,0,0,0,0,0,0,36000,0,0,0,111000,75000,36000,36000
052757,華邦電群益96購01,0,0,0,0,0,0,0,0,0,36000,0,0,0,82000,46000,36000,36000
045511,同欣電凱基92購02,0,0,0,0,0,0,0,0,0,36000,0,0,0,54000,18000,36000,36000
045128,旺宏統一92購01  ,0,0,0,0,0,0,0,0,0,36000,0,0,0,72000,36000,36000,36000
00659R,國泰日本反1     ,0,0,0,0,0,0,0,0,0,36000,0,0,0,72000,36000,36000,36000
00866,新光Shiller CAPE,0,0,0,0,0,0,0,0,0,36000,0,0,0,96000,60000,36000,36000
043047,永冠國泰93購01  ,0,0,0,0,0,0,0,0,0,36000,0,0,0,50000,14000,36000,36000
042977,京元電凱基92購01,0,0,0,0,0,0,0,0,0,36000,0,0,0,66000,30000,36000,36000
048812,上証2X凱基96購01,0,0,0,0,0,0,0,0,0,36000,0,0,0,140000,104000,36000,36000
046547,大立光永豐92購05,0,0,0,0,0,0,0,0,0,36000,0,0,0,46000,10000,36000,36000
048230,瀚宇博凱基93購03,0,0,0,0,0,0,0,0,0,36000,0,0,0,36000,0,36000,36000
048422,瑞昱元富96購02  ,0,0,0,0,0,0,0,0,0,36000,0,0,0,53000,17000,36000,36000
046291,友達統一94購01  ,0,0,0,0,0,0,0,0,0,36000,0,0,0,42000,6000,36000,36000
049028,麗豐群益94購01  ,0,0,0,0,0,0,0,0,0,36000,0,0,0,50000,14000,36000,36000
04931P,臻鼎元富94售09  ,0,0,0,0,0,0,0,0,0,36000,0,0,0,46000,10000,36000,36000
046932,聯詠統一93購02  ,0,0,0,0,0,0,0,0,0,36000,0,0,0,98000,62000,36000,36000
047005,南亞科統一93購03,0,0,0,0,0,0,0,0,0,36000,0,0,0,39000,3000,36000,36000
050982,台積電國泰96購04,0,0,0,0,0,0,0,0,0,36000,0,0,0,46000,10000,36000,36000
050970,康舒永豐95購01  ,0,0,0,0,0,0,0,0,0,36000,0,0,0,36000,0,36000,36000
050864,亞光永豐95購01  ,0,0,0,0,0,0,0,0,0,36000,0,0,0,91000,55000,36000,36000
050236,旺宏凱基94購06  ,0,0,0,0,0,0,0,0,0,36000,0,0,0,118000,82000,36000,36000
049803,華新科元大95購07,0,0,0,0,0,0,0,0,0,36000,0,0,0,66000,30000,36000,36000
052309,健策國泰97購01  ,0,0,0,0,0,0,0,0,0,36000,0,0,0,36000,0,36000,36000
1457,宜進            ,47000,11000,36000,0,0,0,0,0,0,0,0,0,0,0,0,0,36000
05878P,創意群益98售01  ,0,0,0,0,0,0,0,0,0,36000,0,0,0,36000,0,36000,36000
052826,嘉聯益永豐96購01,0,0,0,0,0,0,0,0,0,35000,0,0,0,75000,40000,35000,35000
052452,茂林元大95購03  ,0,0,0,0,0,0,0,0,0,35000,0,0,0,35000,0,35000,35000
052590,祥碩永豐96購01  ,0,0,0,0,0,0,0,0,0,35000,0,0,0,351000,316000,35000,35000
052604,建準元大97購01  ,0,0,0,0,0,0,0,0,0,35000,0,0,0,128000,93000,35000,35000
052605,聯發科元大96購06,0,0,0,0,0,0,0,0,0,35000,0,0,0,225000,190000,35000,35000
053037,國巨凱基96購08  ,0,0,0,0,0,0,0,0,0,35000,0,0,0,160000,125000,35000,35000
053310,彩晶凱基98購02  ,0,0,0,0,0,0,0,0,0,35000,0,0,0,35000,0,35000,35000
053507,百和兆豐96購01  ,0,0,0,0,0,0,0,0,0,35000,0,0,0,61000,26000,35000,35000
053540,健策永豐96購01  ,0,0,0,0,0,0,0,0,0,35000,0,0,0,175000,140000,35000,35000
043051,天鈺國泰93購01  ,0,0,0,0,0,0,0,0,0,35000,0,0,0,65000,30000,35000,35000
045688,祥碩元大92購01  ,0,0,0,0,0,0,0,0,0,35000,0,0,0,565000,530000,35000,35000
04329P,TPK群益93售04   ,0,0,0,0,0,0,0,0,0,35000,0,0,0,65000,30000,35000,35000
041976,可成中信92購01  ,0,0,0,0,0,0,0,0,0,35000,0,0,0,35000,0,35000,35000
00678,群益NBI生技     ,7000,0,7000,0,0,0,0,0,0,28000,0,0,0,482000,454000,28000,35000
00651R,FH香港反1       ,0,5000,-5000,0,0,0,0,0,0,40000,0,0,0,204000,164000,40000,35000
045955,宏碁凱基93購01  ,0,0,0,0,0,0,0,0,0,35000,0,0,0,35000,0,35000,35000
045348,大立光凱基93購06,0,0,0,0,0,0,0,0,0,35000,0,0,0,36000,1000,35000,35000
048018,南亞科麥證93購01,0,0,0,35000,0,35000,0,0,0,35000,0,0,0,35000,0,35000,35000
047923,聯發科凱基94購02,0,0,0,0,0,0,0,0,0,35000,0,0,0,40000,5000,35000,35000
047822,臺股指凱基93購16,0,0,0,0,0,0,0,0,0,35000,0,0,0,37000,2000,35000,35000
047173,群創永豐93購01  ,0,0,0,0,0,0,0,0,0,35000,0,0,0,63000,28000,35000,35000
048993,昇陽半元大94購03,0,0,0,0,0,0,0,0,0,35000,0,0,0,35000,0,35000,35000
049151,大立光元大94購07,0,0,0,0,0,0,0,0,0,35000,0,0,0,40000,5000,35000,35000
049141,旺宏元大95購01  ,0,0,0,0,0,0,0,0,0,35000,0,0,0,46000,11000,35000,35000
04915P,鴻海永昌96售02  ,0,0,0,0,0,0,0,0,0,35000,0,0,0,93000,58000,35000,35000
048216,元油反凱基93購01,0,0,0,0,0,0,0,0,0,35000,0,0,0,35000,0,35000,35000
051864,聯發科凱基96購03,0,0,0,0,0,0,0,0,0,35000,0,0,0,68000,33000,35000,35000
051583,可成元大95購07  ,0,0,0,0,0,0,0,0,0,35000,0,0,0,40000,5000,35000,35000
051528,亞泥國票96購01  ,0,0,0,0,0,0,0,0,0,35000,0,0,0,35000,0,35000,35000
051538,和碩國票96購01  ,0,0,0,0,0,0,0,0,0,35000,0,0,0,35000,0,35000,35000
050974,大成鋼統一95購01,0,0,0,0,0,0,0,0,0,35000,0,0,0,61000,26000,35000,35000
050752,美律統一94購05  ,0,0,0,0,0,0,0,0,0,35000,0,0,0,78000,43000,35000,35000
050503,聯發科凱基94購22,0,0,0,0,0,0,0,0,0,35000,0,0,0,130000,95000,35000,35000
05842P,台積電元大96售15,0,0,0,0,0,0,0,0,0,35000,0,0,0,97000,62000,35000,35000
054927,帆宣凱基97購01  ,0,0,0,0,0,0,0,0,0,35000,0,0,0,52000,17000,35000,35000
2731,雄獅            ,66000,31000,35000,0,0,0,0,0,0,0,0,0,0,0,0,0,35000
053122,美律凱基98購01  ,0,0,0,0,0,0,0,0,0,34000,0,0,0,54000,20000,34000,34000
052378,矽力元大96購01  ,0,0,0,0,0,0,0,0,0,34000,0,0,0,92000,58000,34000,34000
052896,宏達電群益96購01,0,0,0,0,0,0,0,0,0,34000,0,0,0,66000,32000,34000,34000
053794,燿華亞東96購01  ,0,0,0,0,0,0,0,0,0,34000,0,0,0,34000,0,34000,34000
054546,玉晶光中信9B購01,0,0,0,0,0,0,0,0,0,34000,0,0,0,817000,783000,34000,34000
044671,台積電兆豐93購01,0,0,0,0,0,0,0,0,0,34000,0,0,0,65000,31000,34000,34000
044101,聯茂國泰92購01  ,0,0,0,0,0,0,0,0,0,34000,0,0,0,159000,125000,34000,34000
03283P,台灣50群益03售03,0,0,0,0,0,0,0,0,0,34000,0,0,0,34000,0,34000,34000
03564P,為升群益02售02  ,0,0,0,0,0,0,0,0,0,34000,0,0,0,74000,40000,34000,34000
044792,康友群益93購01  ,0,0,0,0,0,0,0,0,0,34000,0,0,0,73000,39000,34000,34000
042317,台灣50永豐96購01,0,0,0,0,0,0,0,0,0,34000,0,0,0,72000,38000,34000,34000
047343,台達電中信95購01,0,0,0,0,0,0,0,0,0,34000,0,0,0,183000,149000,34000,34000
048879,瀚宇博國票95購01,0,0,0,0,0,0,0,0,0,34000,0,0,0,34000,0,34000,34000
050119,瀚宇博元大95購03,0,0,0,0,0,0,0,0,0,34000,0,0,0,34000,0,34000,34000
051227,技嘉群益97購01  ,0,0,0,0,0,0,0,0,0,34000,0,0,0,34000,0,34000,34000
052163,康舒永豐95購02  ,0,0,0,0,0,0,0,0,0,34000,0,0,0,118000,84000,34000,34000
6431,光麗-KY         ,34000,0,34000,0,0,0,0,0,0,0,0,0,0,0,0,0,34000
05718P,國巨元大96售09  ,0,0,0,0,0,0,0,0,0,34000,0,0,0,163000,129000,34000,34000
054872,瀚宇博群益98購01,0,0,0,0,0,0,0,0,0,33000,0,0,0,33000,0,33000,33000
053447,京鼎凱基96購03  ,0,0,0,0,0,0,0,0,0,33000,0,0,0,47000,14000,33000,33000
042979,奇力新凱基92購01,0,0,0,0,0,0,0,0,0,33000,0,0,0,33000,0,33000,33000
039319,華新科國泰92購01,0,0,0,0,0,0,0,0,0,33000,0,0,0,41000,8000,33000,33000
045138,技嘉兆豐92購01  ,0,0,0,0,0,0,0,0,0,33000,0,0,0,33000,0,33000,33000
044922,玉晶光永豐93購01,0,0,0,0,0,0,0,0,0,33000,0,0,0,33000,0,33000,33000
04457P,同欣電統一94售01,0,0,0,0,0,0,0,0,0,33000,0,0,0,53000,20000,33000,33000
04800P,聯茂元大94售08  ,0,0,0,0,0,0,0,0,0,33000,0,0,0,48000,15000,33000,33000
047279,日月光永豐93購01,0,0,0,0,0,0,0,0,0,33000,0,0,0,48000,15000,33000,33000
049078,瑞昱凱基94購02  ,0,0,0,0,0,0,0,0,0,33000,0,0,0,55000,22000,33000,33000
049297,日電貿群益95購01,0,0,0,0,0,0,0,0,0,33000,0,0,0,33000,0,33000,33000
04806P,臻鼎元富94售06  ,0,0,0,0,0,0,0,0,0,33000,0,0,0,33000,0,33000,33000
046404,友達元大93購02  ,0,0,0,0,0,0,0,0,0,33000,0,0,0,33000,0,33000,33000
046357,聯發科台新92購01,0,0,0,0,0,0,0,0,0,33000,0,0,0,33000,0,33000,33000
047353,台郡凱基93購03  ,0,0,0,0,0,0,0,0,0,33000,0,0,0,33000,0,33000,33000
047571,滬深2X群益99購01,0,0,0,0,0,0,0,0,0,33000,0,0,0,53000,20000,33000,33000
048823,漢唐凱基94購01  ,0,0,0,0,0,0,0,0,0,33000,0,0,0,33000,0,33000,33000
047470,聯發科中信94購03,0,0,0,0,0,0,0,0,0,33000,0,0,0,335000,302000,33000,33000
050102,鴻海富邦95購04  ,0,0,0,0,0,0,0,0,0,33000,0,0,0,33000,0,33000,33000
050099,台積電永昌96購01,0,0,0,0,0,0,0,0,0,33000,0,0,0,33000,0,33000,33000
050254,大立光富邦96購02,0,0,0,0,0,0,0,0,0,33000,0,0,0,55000,22000,33000,33000
050218,世紀鋼統一94購02,0,0,0,0,0,0,0,0,0,33000,0,0,0,108000,75000,33000,33000
050197,矽格元大94購04  ,0,0,0,0,0,0,0,0,0,33000,0,0,0,243000,210000,33000,33000
049646,旺宏凱基94購01  ,0,0,0,0,0,0,0,0,0,33000,0,0,0,53000,20000,33000,33000
054913,億光凱基97購01  ,0,0,0,0,0,0,0,0,0,33000,0,0,0,67000,34000,33000,33000
1229,聯華            ,110000,94000,16000,0,0,0,10000,0,10000,7000,7000,0,7000,0,0,0,33000
2348,海悅            ,60000,26000,34000,0,0,0,0,0,0,-1000,0,1000,-1000,0,0,0,33000
910322,康師傅-DR       ,33000,0,33000,0,0,0,0,0,0,0,0,0,0,0,0,0,33000
4994,傳奇            ,70000,40000,30000,0,0,0,0,0,0,3000,3000,0,3000,3000,3000,0,33000
053571,奇鋐統一96購02  ,0,0,0,0,0,0,0,0,0,32000,0,0,0,66000,34000,32000,32000
052945,嘉晶國票97購01  ,0,0,0,0,0,0,0,0,0,32000,0,0,0,41000,9000,32000,32000
052387,台積電群益95購08,0,0,0,0,0,0,0,0,0,32000,0,0,0,72000,40000,32000,32000
052543,聯詠元富95購01  ,0,0,0,0,0,0,0,0,0,32000,0,0,0,40000,8000,32000,32000
054520,健鼎元大96購02  ,0,0,0,0,0,0,0,0,0,32000,0,0,0,100000,68000,32000,32000
053687,智邦元大96購02  ,0,0,0,0,0,0,0,0,0,32000,0,0,0,117000,85000,32000,32000
054250,漢唐元大96購04  ,0,0,0,0,0,0,0,0,0,32000,0,0,0,68000,36000,32000,32000
054221,華新科統一96購05,0,0,0,0,0,0,0,0,0,32000,0,0,0,35000,3000,32000,32000
047713,大立光凱基93購24,0,0,0,0,0,0,0,0,0,32000,0,0,0,32000,0,32000,32000
045162,玉晶光國泰94購04,0,0,0,0,0,0,0,0,0,32000,0,0,0,32000,0,32000,32000
045118,臻鼎日盛92購01  ,0,0,0,0,0,0,0,0,0,32000,0,0,0,32000,0,32000,32000
038111,新光金中信91購01,0,0,0,0,0,0,0,0,0,32000,0,0,0,82000,50000,32000,32000
04047P,華邦電元大94售03,0,0,0,0,0,0,0,0,0,32000,0,0,0,45000,13000,32000,32000
043896,台積電群益92購06,0,0,0,0,0,0,0,0,0,32000,0,0,0,45000,13000,32000,32000
046242,大立光中信93購02,0,0,0,0,0,0,0,0,0,32000,0,0,0,32000,0,32000,32000
048156,正崴兆豐93購01  ,0,0,0,0,0,0,0,0,0,32000,0,0,0,32000,0,32000,32000
048965,佳世達元大94購01,0,0,0,0,0,0,0,0,0,32000,0,0,0,227000,195000,32000,32000
046962,群創中信95購03  ,0,0,0,0,0,0,0,0,0,32000,0,0,0,97000,65000,32000,32000
046796,南電元富93購01  ,0,0,0,0,0,0,0,0,0,32000,0,0,0,40000,8000,32000,32000
049923,智原元大95購02  ,0,0,0,0,0,0,0,0,0,32000,0,0,0,117000,85000,32000,32000
050614,聯發科元大95購04,0,0,0,0,0,0,0,0,0,32000,0,0,0,121000,89000,32000,32000
051214,大立光統一95購02,0,0,0,0,0,0,0,0,0,32000,0,0,0,63000,31000,32000,32000
051259,鴻海永昌96購03  ,0,0,0,0,0,0,0,0,0,32000,0,0,0,898000,866000,32000,32000
051030,康友元富95購01  ,0,0,0,0,0,0,0,0,0,32000,0,0,0,43000,11000,32000,32000
051120,南亞科群益95購01,0,0,0,0,0,0,0,0,0,32000,0,0,0,68000,36000,32000,32000
051129,GIS群益95購01   ,0,0,0,0,0,0,0,0,0,32000,0,0,0,32000,0,32000,32000
2608,嘉里大榮        ,22000,11000,11000,0,0,0,20000,0,20000,1000,1000,0,1000,0,0,0,32000
1459,聯發            ,32000,0,32000,0,0,0,0,0,0,0,0,0,0,0,0,0,32000
05607P,華通日盛96售01  ,0,0,0,0,0,0,0,0,0,32000,0,0,0,125000,93000,32000,32000
054214,京鼎國票97購02  ,0,0,0,0,0,0,0,0,0,31000,0,0,0,43000,12000,31000,31000
054583,玉晶光統一97購02,0,0,0,0,0,0,0,0,0,31000,0,0,0,268000,237000,31000,31000
054380,世芯群益97購02  ,0,0,0,0,0,0,0,0,0,31000,0,0,0,43000,12000,31000,31000
05251P,喬山台新95售02  ,2000,0,2000,0,0,0,0,0,0,29000,0,0,0,51000,22000,29000,31000
052739,國巨元大96購04  ,0,0,0,0,0,0,0,0,0,31000,0,0,0,51000,20000,31000,31000
053262,華邦電群益96購02,0,0,0,0,0,0,0,0,0,31000,0,0,0,75000,44000,31000,31000
044852,華邦電國泰93購02,0,0,0,0,0,0,0,0,0,31000,0,0,0,43000,12000,31000,31000
03689P,TPK元富93售01   ,0,0,0,0,0,0,0,0,0,31000,0,0,0,80000,49000,31000,31000
03416B,臺股指凱基95熊05,0,0,0,0,0,0,0,0,0,31000,0,0,0,78000,47000,31000,31000
045153,大立光凱基93購04,0,0,0,0,0,0,0,0,0,31000,0,0,0,31000,0,31000,31000
044887,亞光麥證93購01  ,0,0,0,41000,10000,31000,0,0,0,31000,0,0,0,41000,10000,31000,31000
045216,鴻海元大93購02  ,0,0,0,0,0,0,0,0,0,31000,0,0,0,84000,53000,31000,31000
04684P,欣興元大94售07  ,0,0,0,0,0,0,0,0,0,31000,0,0,0,31000,0,31000,31000
047104,和大元大93購02  ,0,0,0,0,0,0,0,0,0,31000,0,0,0,67000,36000,31000,31000
049116,瑞儀統一94購01  ,0,0,0,0,0,0,0,0,0,31000,0,0,0,59000,28000,31000,31000
049256,瑞昱元大94購04  ,0,0,0,0,0,0,0,0,0,31000,0,0,0,149000,118000,31000,31000
048335,和大元大93購03  ,0,0,0,0,0,0,0,0,0,31000,0,0,0,41000,10000,31000,31000
048315,聯發科凱基93購32,0,0,0,0,0,0,0,0,0,31000,0,0,0,31000,0,31000,31000
046722,智邦元大93購02  ,0,0,0,0,0,0,0,0,0,31000,0,0,0,61000,30000,31000,31000
048842,矽格凱基94購01  ,0,0,0,0,0,0,0,0,0,31000,0,0,0,119000,88000,31000,31000
047365,隆達群益93購01  ,0,0,0,0,0,0,0,0,0,31000,0,0,0,59000,28000,31000,31000
051323,康控國票96購01  ,0,0,0,0,0,0,0,0,0,31000,0,0,0,38000,7000,31000,31000
051353,聯發科元大95購08,0,0,0,0,0,0,0,0,0,31000,0,0,0,51000,20000,31000,31000
051899,欣興國泰97購01  ,0,0,0,0,0,0,0,0,0,31000,0,0,0,31000,0,31000,31000
049892,國巨富邦96購01  ,0,0,0,0,0,0,0,0,0,31000,0,0,0,74000,43000,31000,31000
049672,臺股指富邦94購01,0,0,0,0,0,0,0,0,0,31000,0,0,0,31000,0,31000,31000
050207,百和群益95購01  ,0,0,0,0,0,0,0,0,0,31000,0,0,0,68000,37000,31000,31000
055040,台虹富邦99購01  ,0,0,0,0,0,0,0,0,0,31000,0,0,0,200000,169000,31000,31000
055084,國巨第一97購01  ,0,0,0,0,0,0,0,0,0,31000,0,0,0,36000,5000,31000,31000
1789,神隆            ,117000,87000,30000,0,0,0,0,0,0,1000,3000,2000,1000,0,0,0,31000
3038,全台            ,108000,64000,44000,0,0,0,0,0,0,-13000,0,13000,-13000,0,0,0,31000
2887,台新金          ,2290300,3320764,-1030464,0,0,0,1079000,0,1079000,-18000,8000,100000,-92000,74000,0,74000,30536
053183,大立光元富96購03,0,0,0,0,0,0,0,0,0,30000,0,0,0,30000,0,30000,30000
053403,彩晶群益98購01  ,0,0,0,0,0,0,0,0,0,30000,0,0,0,30000,0,30000,30000
05278P,台郡元富95售02  ,0,0,0,0,0,0,0,0,0,30000,0,0,0,30000,0,30000,30000
052944,宏達電國票97購01,0,0,0,0,0,0,0,0,0,30000,0,0,0,60000,30000,30000,30000
05291P,鴻海凱基95售16  ,0,0,0,0,0,0,0,0,0,30000,0,0,0,30000,0,30000,30000
052619,茂林國泰99購01  ,0,0,0,0,0,0,0,0,0,30000,0,0,0,60000,30000,30000,30000
052407,樺漢凱基95購01  ,0,0,0,0,0,0,0,0,0,30000,0,0,0,30000,0,30000,30000
054591,GIS國泰98購01   ,0,0,0,0,0,0,0,0,0,30000,0,0,0,50000,20000,30000,30000
054202,樺漢富邦97購01  ,0,0,0,0,0,0,0,0,0,30000,0,0,0,30000,0,30000,30000
054203,滬深2X國票96購03,0,0,0,0,0,0,0,0,0,30000,0,0,0,32000,2000,30000,30000
054242,元油反元大98購02,0,0,0,0,0,0,0,0,0,30000,0,0,0,30000,0,30000,30000
053701,台積電兆豐96購05,0,0,0,0,0,0,0,0,0,30000,0,0,0,30000,0,30000,30000
053726,TPK凱基96購02   ,0,0,0,0,0,0,0,0,0,30000,0,0,0,52000,22000,30000,30000
053944,亞泥富邦97購01  ,0,0,0,0,0,0,0,0,0,30000,0,0,0,53000,23000,30000,30000
053949,康控富邦9A購01  ,0,0,0,0,0,0,0,0,0,30000,0,0,0,80000,50000,30000,30000
04513P,元石油中信94售01,0,0,0,0,0,0,0,0,0,30000,0,0,0,30000,0,30000,30000
04492P,元油2X永豐94售03,0,0,0,0,0,0,0,0,0,30000,0,0,0,30000,0,30000,30000
044966,台表科中信94購01,0,0,0,0,0,0,0,0,0,30000,0,0,0,50000,20000,30000,30000
045996,南電富邦94購01  ,0,0,0,0,0,0,0,0,0,30000,0,0,0,60000,30000,30000,30000
046002,美律統一93購01  ,0,0,0,0,0,0,0,0,0,30000,0,0,0,231000,201000,30000,30000
045027,漢唐國票92購02  ,0,0,0,0,0,0,0,0,0,30000,0,0,0,30000,0,30000,30000
045008,南亞科元大92購02,0,0,0,0,0,0,0,0,0,30000,0,0,0,70000,40000,30000,30000
044523,致伸凱基91購02  ,0,0,0,0,0,0,0,0,0,30000,0,0,0,30000,0,30000,30000
044506,智邦凱基91購05  ,0,0,0,0,0,0,0,0,0,30000,0,0,0,60000,30000,30000,30000
047737,義隆麥證94購01  ,0,0,0,30000,0,30000,0,0,0,30000,0,0,0,30000,0,30000,30000
047810,聯發科凱基93購22,0,0,0,0,0,0,0,0,0,30000,0,0,0,30000,0,30000,30000
048008,聯發科富邦95購02,0,0,0,0,0,0,0,0,0,30000,0,0,0,30000,0,30000,30000
048028,聯發科凱基93購25,0,0,0,0,0,0,0,0,0,30000,0,0,0,47000,17000,30000,30000
047608,聯發科第一95購01,0,0,0,0,0,0,0,0,0,30000,0,0,0,30000,0,30000,30000
047618,義隆凱基94購02  ,0,0,0,0,0,0,0,0,0,30000,0,0,0,50000,20000,30000,30000
039985,聯詠國泰91購01  ,0,0,0,0,0,0,0,0,0,30000,0,0,0,30000,0,30000,30000
043696,瑞儀兆豐93購01  ,0,0,0,0,0,0,0,0,0,30000,0,0,0,70000,40000,30000,30000
03228P,緯穎凱基02售02  ,0,0,0,30000,0,30000,0,0,0,30000,0,0,0,30000,0,30000,30000
03103P,聯發科元富01售02,0,0,0,0,0,0,0,0,0,30000,0,0,0,30000,0,30000,30000
045301,聯發科元大92購05,0,0,0,0,0,0,0,0,0,30000,0,0,0,30000,0,30000,30000
045751,智邦國泰93購01  ,0,0,0,0,0,0,0,0,0,30000,0,0,0,71000,41000,30000,30000
044789,嘉晶群益91購01  ,0,0,0,0,0,0,0,0,0,30000,0,0,0,30000,0,30000,30000
041916,大立光中信93購01,0,0,0,0,0,0,0,0,0,30000,0,0,0,30000,0,30000,30000
042820,上銀麥證92購01  ,0,0,0,70000,40000,30000,0,0,0,30000,0,0,0,70000,40000,30000,30000
047881,和鑫國泰95購01  ,0,0,0,0,0,0,0,0,0,30000,0,0,0,30000,0,30000,30000
048727,大成鋼麥證94購01,0,0,0,30000,0,30000,0,0,0,30000,0,0,0,30000,0,30000,30000
04872P,高股息中信94售01,0,0,0,0,0,0,0,0,0,30000,0,0,0,30000,0,30000,30000
048801,漢唐富邦96購02  ,0,0,0,0,0,0,0,0,0,30000,0,0,0,40000,10000,30000,30000
047970,鴻海富邦95購01  ,0,0,0,0,0,0,0,0,0,30000,0,0,0,30000,0,30000,30000
047442,聯詠元大93購09  ,0,0,0,0,0,0,0,0,0,30000,0,0,0,36000,6000,30000,30000
048593,華新科群益93購04,0,0,0,0,0,0,0,0,0,30000,0,0,0,40000,10000,30000,30000
046712,勤誠永豐93購01  ,0,0,0,0,0,0,0,0,0,30000,0,0,0,30000,0,30000,30000
046280,國巨永豐92購03  ,0,0,0,0,0,0,0,0,0,30000,0,0,0,30000,0,30000,30000
046735,聯發科國票93購01,0,0,0,0,0,0,0,0,0,30000,0,0,0,40000,10000,30000,30000
048420,祥碩統一93購01  ,0,0,0,0,0,0,0,0,0,30000,0,0,0,30000,0,30000,30000
049234,可成統一94購02  ,0,0,0,0,0,0,0,0,0,30000,0,0,0,30000,0,30000,30000
049106,大立光富邦94購01,0,0,0,0,0,0,0,0,0,30000,0,0,0,34000,4000,30000,30000
049146,南亞科元大94購02,0,0,0,0,0,0,0,0,0,30000,0,0,0,50000,20000,30000,30000
049073,光罩凱基94購01  ,0,0,0,0,0,0,0,0,0,30000,0,0,0,46000,16000,30000,30000
049377,聯詠元大94購01  ,0,0,0,0,0,0,0,0,0,30000,0,0,0,85000,55000,30000,30000
049439,牧德國泰96購01  ,0,0,0,0,0,0,0,0,0,30000,0,0,0,30000,0,30000,30000
049562,和大統一94購01  ,0,0,0,0,0,0,0,0,0,30000,0,0,0,35000,5000,30000,30000
049524,可成兆豐95購02  ,0,0,0,0,0,0,0,0,0,30000,0,0,0,30000,0,30000,30000
047171,聯發科永豐93購01,0,0,0,0,0,0,0,0,0,30000,0,0,0,30000,0,30000,30000
046108,A50正2元大95購02,0,0,0,0,0,0,0,0,0,30000,0,0,0,60000,30000,30000,30000
047048,華邦電國票93購02,0,0,0,0,0,0,0,0,0,30000,0,0,0,30000,0,30000,30000
05010P,台郡元富95售01  ,0,0,0,0,0,0,0,0,0,30000,0,0,0,30000,0,30000,30000
049959,創意統一95購02  ,0,0,0,0,0,0,0,0,0,30000,0,0,0,30000,0,30000,30000
050548,華固凱基95購01  ,0,0,0,0,0,0,0,0,0,30000,0,0,0,30000,0,30000,30000
050433,華新科凱基94購11,0,0,0,0,0,0,0,0,0,30000,0,0,0,42000,12000,30000,30000
050354,瀚宇博群益94購02,0,0,0,0,0,0,0,0,0,30000,0,0,0,45000,15000,30000,30000
050751,聯電統一94購05  ,0,0,0,0,0,0,0,0,0,30000,0,0,0,80000,50000,30000,30000
05079P,可成永豐95售01  ,0,0,0,0,0,0,0,0,0,30000,0,0,0,55000,25000,30000,30000
050819,宏達電凱基95購01,0,0,0,0,0,0,0,0,0,30000,0,0,0,30000,0,30000,30000
05086P,鴻海凱基95售13  ,0,0,0,0,0,0,0,0,0,30000,0,0,0,30000,0,30000,30000
051881,上証2X永豐95購02,0,0,0,0,0,0,0,0,0,30000,0,0,0,30000,0,30000,30000
052007,滬深2X第一95購01,0,0,0,0,0,0,0,0,0,30000,0,0,0,30000,0,30000,30000
052004,泰碩國泰97購03  ,0,0,0,0,0,0,0,0,0,30000,0,0,0,30000,0,30000,30000
051735,台積電國票96購06,0,0,0,0,0,0,0,0,0,30000,0,0,0,30000,0,30000,30000
052169,鴻海元大97購02  ,0,0,0,0,0,0,0,0,0,30000,0,0,0,360000,330000,30000,30000
052218,大立光日盛95購01,0,0,0,0,0,0,0,0,0,30000,0,0,0,30000,0,30000,30000
052254,康友永豐95購03  ,0,0,0,0,0,0,0,0,0,30000,0,0,0,75000,45000,30000,30000
051356,全新元大96購04  ,0,0,0,0,0,0,0,0,0,30000,0,0,0,158000,128000,30000,30000
051379,新光金群益95購01,0,0,0,0,0,0,0,0,0,30000,0,0,0,30000,0,30000,30000
051445,可成元大95購06  ,0,0,0,0,0,0,0,0,0,30000,0,0,0,30000,0,30000,30000
051079,鴻海富邦96購02  ,0,0,0,0,0,0,0,0,0,30000,0,0,0,30000,0,30000,30000
3018,同開            ,31000,1000,30000,0,0,0,0,0,0,0,0,0,0,0,0,0,30000
3015,全漢            ,45000,16000,29000,0,0,0,0,0,0,1000,1000,0,1000,0,0,0,30000
8482,商億-KY         ,241000,211000,30000,0,0,0,0,0,0,0,0,0,0,0,0,0,30000
2436,偉詮電          ,39000,10000,29000,0,0,0,0,0,0,1000,3000,2000,1000,0,0,0,30000
1449,佳和            ,61000,31000,30000,0,0,0,0,0,0,0,0,0,0,0,0,0,30000
08865P,欣興元大01售02  ,0,0,0,0,0,0,0,0,0,30000,0,0,0,30000,0,30000,30000
06047P,聯發科富邦99售04,0,0,0,0,0,0,0,0,0,30000,0,0,0,30000,0,30000,30000
05992P,華通元大96售05  ,0,0,0,0,0,0,0,0,0,30000,0,0,0,110000,80000,30000,30000
05928P,華邦電康和96售01,0,0,0,0,0,0,0,0,0,30000,0,0,0,30000,0,30000,30000
05514P,康舒永豐96售01  ,0,0,0,0,0,0,0,0,0,30000,0,0,0,30000,0,30000,30000
05694P,台積電凱基96售09,0,0,0,0,0,0,0,0,0,30000,0,0,0,30000,0,30000,30000
05800P,台積電兆豐96售04,0,0,0,0,0,0,0,0,0,30000,0,0,0,30000,0,30000,30000
053897,台郡群益96購01  ,0,0,0,0,0,0,0,0,0,29000,0,0,0,47000,18000,29000,29000
052585,友達永豐97購01  ,0,0,0,0,0,0,0,0,0,29000,0,0,0,138000,109000,29000,29000
052707,景碩台新96購01  ,0,0,0,0,0,0,0,0,0,29000,0,0,0,30000,1000,29000,29000
053269,同欣電群益96購01,0,0,0,0,0,0,0,0,0,29000,0,0,0,180000,151000,29000,29000
043177,致新國泰93購01  ,0,0,0,0,0,0,0,0,0,29000,0,0,0,29000,0,29000,29000
045680,創意元大92購06  ,0,0,0,0,0,0,0,0,0,29000,0,0,0,49000,20000,29000,29000
047714,禾伸堂凱基93購03,0,0,0,0,0,0,0,0,0,29000,0,0,0,29000,0,29000,29000
044568,台積電凱基91購19,0,0,0,0,0,0,0,0,0,29000,0,0,0,30000,1000,29000,29000
045101,玉晶光中信94購01,0,0,0,0,0,0,0,0,0,29000,0,0,0,983000,954000,29000,29000
04507P,台光電元大94售03,0,0,0,0,0,0,0,0,0,29000,0,0,0,79000,50000,29000,29000
045834,兆豐金群益92購01,0,0,0,0,0,0,0,0,0,29000,0,0,0,40000,11000,29000,29000
045365,智邦兆豐93購04  ,0,0,0,0,0,0,0,0,0,29000,0,0,0,85000,56000,29000,29000
04694P,TPK台新94售02   ,0,0,0,0,0,0,0,0,0,29000,0,0,0,29000,0,29000,29000
046828,聯發科群益94購01,0,0,0,0,0,0,0,0,0,29000,0,0,0,35000,6000,29000,29000
049051,滬深2X永豐94購05,0,0,0,0,0,0,0,0,0,29000,0,0,0,29000,0,29000,29000
046557,亞泥凱基93購02  ,0,0,0,0,0,0,0,0,0,29000,0,0,0,50000,21000,29000,29000
051128,台表科群益95購02,0,0,0,0,0,0,0,0,0,29000,0,0,0,66000,37000,29000,29000
05126P,牧德群益95售01  ,0,0,0,0,0,0,0,0,0,29000,0,0,0,30000,1000,29000,29000
051193,新日興兆豐96購01,0,0,0,0,0,0,0,0,0,29000,0,0,0,199000,170000,29000,29000
052210,華夏元大95購01  ,0,0,0,0,0,0,0,0,0,29000,0,0,0,30000,1000,29000,29000
052065,臺股指國票95購12,0,0,0,0,0,0,0,0,0,29000,0,0,0,34000,5000,29000,29000
052090,聯發科元大97購03,0,0,0,0,0,0,0,0,0,29000,0,0,0,188000,159000,29000,29000
050281,台積電日盛94購03,0,0,0,0,0,0,0,0,0,29000,0,0,0,29000,0,29000,29000
05613P,臻鼎台新96售01  ,0,0,0,0,0,0,0,0,0,29000,0,0,0,61000,32000,29000,29000
05544P,台表科元富96售01,0,0,0,0,0,0,0,0,0,29000,0,0,0,30000,1000,29000,29000
05926P,智易永豐96售02  ,0,0,0,0,0,0,0,0,0,29000,0,0,0,29000,0,29000,29000
3004,豐達科          ,42000,4000,38000,0,0,0,0,0,0,-9000,0,9000,-9000,0,0,0,29000
052848,聯發科統一96購03,0,0,0,0,0,0,0,0,0,28000,0,0,0,30000,2000,28000,28000
052446,聯發科元大96購03,0,0,0,0,0,0,0,0,0,28000,0,0,0,40000,12000,28000,28000
053835,南亞科永豐96購02,0,0,0,0,0,0,0,0,0,28000,0,0,0,68000,40000,28000,28000
054089,台積電群益96購11,0,0,0,0,0,0,0,0,0,28000,0,0,0,358000,330000,28000,28000
054067,百和國票97購03  ,0,0,0,0,0,0,0,0,0,28000,0,0,0,32000,4000,28000,28000
054746,貿聯凱基98購02  ,0,0,0,0,0,0,0,0,0,28000,0,0,0,28000,0,28000,28000
03050X,元展47          ,0,0,0,0,0,0,0,0,0,28000,0,0,0,40000,12000,28000,28000
04033P,啟碁凱基93售04  ,0,0,0,0,0,0,0,0,0,28000,0,0,0,28000,0,28000,28000
046549,康友永豐92購02  ,0,0,0,0,0,0,0,0,0,28000,0,0,0,55000,27000,28000,28000
046529,臻鼎中信92購01  ,0,0,0,0,0,0,0,0,0,28000,0,0,0,232000,204000,28000,28000
048696,台達電國票96購01,0,0,0,0,0,0,0,0,0,28000,0,0,0,28000,0,28000,28000
048559,京元電元大93購03,0,0,0,0,0,0,0,0,0,28000,0,0,0,68000,40000,28000,28000
048193,旺宏元大94購05  ,0,0,0,0,0,0,0,0,0,28000,0,0,0,75000,47000,28000,28000
049147,美律元大94購02  ,0,0,0,0,0,0,0,0,0,28000,0,0,0,64000,36000,28000,28000
048102,矽力凱基94購01  ,0,0,0,0,0,0,0,0,0,28000,0,0,0,28000,0,28000,28000
047274,華新科永豐93購02,0,0,0,0,0,0,0,0,0,28000,0,0,0,50000,22000,28000,28000
050615,奇力新元大95購03,0,0,0,0,0,0,0,0,0,28000,0,0,0,38000,10000,28000,28000
052256,台泥國泰96購01  ,0,0,0,0,0,0,0,0,0,28000,0,0,0,81000,53000,28000,28000
051178,大立光凱基95購10,0,0,0,0,0,0,0,0,0,28000,0,0,0,28000,0,28000,28000
3149,正達            ,57000,28000,29000,0,0,0,0,0,0,-1000,0,1000,-1000,0,0,0,28000
06060P,玉晶光元大97售03,0,0,0,0,0,0,0,0,0,28000,0,0,0,38000,10000,28000,28000
05493P,華新科富邦99售02,0,0,0,0,0,0,0,0,0,28000,0,0,0,40000,12000,28000,28000
054333,茂林永豐96購03  ,0,0,0,0,0,0,0,0,0,27000,0,0,0,27000,0,27000,27000
054017,茂林永豐96購02  ,0,0,0,0,0,0,0,0,0,27000,0,0,0,27000,0,27000,27000
053898,康友群益97購01  ,0,0,0,0,0,0,0,0,0,27000,0,0,0,66000,39000,27000,27000
053781,友達元大9B購03  ,0,0,0,0,0,0,0,0,0,27000,0,0,0,77000,50000,27000,27000
052642,滬深2X永豐96購03,0,0,0,0,0,0,0,0,0,27000,0,0,0,47000,20000,27000,27000
053363,旺宏國泰98購02  ,0,0,0,0,0,0,0,0,0,27000,0,0,0,582000,555000,27000,27000
053529,國巨麥證96購01  ,0,0,0,37000,10000,27000,0,0,0,27000,0,0,0,37000,10000,27000,27000
04053P,聯茂國泰94售01  ,0,0,0,0,0,0,0,0,0,27000,0,0,0,70000,43000,27000,27000
041146,世紀鋼國泰91購01,0,0,0,0,0,0,0,0,0,27000,0,0,0,27000,0,27000,27000
047286,美律統一93購02  ,0,0,0,0,0,0,0,0,0,27000,0,0,0,282000,255000,27000,27000
049318,樺漢凱基94購01  ,0,0,0,0,0,0,0,0,0,27000,0,0,0,102000,75000,27000,27000
048179,臻鼎富邦97購01  ,0,0,0,0,0,0,0,0,0,27000,0,0,0,57000,30000,27000,27000
046458,大立光凱基92購11,0,0,0,0,0,0,0,0,0,27000,0,0,0,37000,10000,27000,27000
051390,京元電兆豐95購01,0,0,0,0,0,0,0,0,0,27000,0,0,0,82000,55000,27000,27000
052042,台積電日盛95購02,0,0,0,0,0,0,0,0,0,27000,0,0,0,27000,0,27000,27000
051687,大立光凱基95購12,0,0,0,0,0,0,0,0,0,27000,0,0,0,30000,3000,27000,27000
050659,宏達電元大96購01,0,0,0,0,0,0,0,0,0,27000,0,0,0,27000,0,27000,27000
050351,華新科群益95購02,0,0,0,0,0,0,0,0,0,27000,0,0,0,27000,0,27000,27000
050035,聯茂元大94購07  ,0,0,0,0,0,0,0,0,0,27000,0,0,0,273000,246000,27000,27000
054970,帆宣元大97購01  ,0,0,0,0,0,0,0,0,0,27000,0,0,0,27000,0,27000,27000
06077P,GIS凱基97售02   ,0,0,0,0,0,0,0,0,0,27000,0,0,0,27000,0,27000,27000
2849,安泰銀          ,30000,3000,27000,0,0,0,0,0,0,0,0,0,0,0,0,0,27000
053292,美律中信98購01  ,0,0,0,0,0,0,0,0,0,26000,0,0,0,35000,9000,26000,26000
052553,技嘉國票96購01  ,0,0,0,0,0,0,0,0,0,26000,0,0,0,26000,0,26000,26000
052350,鴻海統一96購06  ,0,0,0,0,0,0,0,0,0,26000,0,0,0,81000,55000,26000,26000
052752,臺股指元大96購06,0,0,0,0,0,0,0,0,0,26000,0,0,0,28000,2000,26000,26000
054615,牧德永豐98購01  ,0,0,0,0,0,0,0,0,0,26000,0,0,0,100000,74000,26000,26000
054767,日電貿國票98購01,0,0,0,0,0,0,0,0,0,26000,0,0,0,26000,0,26000,26000
04318P,大成鋼永豐93售02,0,0,0,0,0,0,0,0,0,26000,0,0,0,26000,0,26000,26000
045285,禾伸堂永豐92購01,0,0,0,0,0,0,0,0,0,26000,0,0,0,30000,4000,26000,26000
041816,元油2X凱基92購01,0,0,0,0,0,0,0,0,0,26000,0,0,0,40000,14000,26000,26000
043734,大立光富邦92購07,0,0,0,0,0,0,0,0,0,26000,0,0,0,26000,0,26000,26000
045484,聯電亞東94購01  ,0,0,0,0,0,0,0,0,0,26000,0,0,0,46000,20000,26000,26000
044437,台郡元大92購02  ,0,0,0,0,0,0,0,0,0,26000,0,0,0,68000,42000,26000,26000
044651,旺宏台新93購01  ,0,0,0,0,0,0,0,0,0,26000,0,0,0,26000,0,26000,26000
048263,台積電元富95購01,0,0,0,0,0,0,0,0,0,26000,0,0,0,63000,37000,26000,26000
048788,華新科元大95購02,0,0,0,0,0,0,0,0,0,26000,0,0,0,84000,58000,26000,26000
048705,GIS國票95購01   ,0,0,0,0,0,0,0,0,0,26000,0,0,0,76000,50000,26000,26000
047584,元金2X永豐95購01,0,0,0,0,0,0,0,0,0,26000,0,0,0,188000,162000,26000,26000
048714,巨大康和94購01  ,0,0,0,0,0,0,0,0,0,26000,0,0,0,94000,68000,26000,26000
046580,正崴元大92購01  ,0,0,0,0,0,0,0,0,0,26000,0,0,0,27000,1000,26000,26000
049343,華新科統一94購03,0,0,0,0,0,0,0,0,0,26000,0,0,0,26000,0,26000,26000
049179,高鐵凱基94購01  ,0,0,0,0,0,0,0,0,0,26000,0,0,0,62000,36000,26000,26000
046891,南亞科群益93購01,0,0,0,0,0,0,0,0,0,26000,0,0,0,40000,14000,26000,26000
046775,聯發科台新93購01,0,0,0,0,0,0,0,0,0,26000,0,0,0,57000,31000,26000,26000
050295,大立光凱基94購16,0,0,0,0,0,0,0,0,0,26000,0,0,0,26000,0,26000,26000
049830,智易凱基94購02  ,0,0,0,0,0,0,0,0,0,26000,0,0,0,37000,11000,26000,26000
052039,聯詠永昌96購01  ,0,0,0,0,0,0,0,0,0,26000,0,0,0,43000,17000,26000,26000
05228P,大立光元富95售09,0,0,0,0,0,0,0,0,0,26000,0,0,0,36000,10000,26000,26000
051575,國巨元大96購03  ,0,0,0,0,0,0,0,0,0,26000,0,0,0,79000,53000,26000,26000
051491,貿聯凱基95購01  ,0,0,0,0,0,0,0,0,0,26000,0,0,0,44000,18000,26000,26000
05110P,上銀統一95售01  ,0,0,0,0,0,0,0,0,0,26000,0,0,0,32000,6000,26000,26000
3266,昇陽            ,27000,1000,26000,0,0,0,0,0,0,0,0,0,0,0,0,0,26000
2233,宇隆            ,33000,7000,26000,0,0,0,0,0,0,0,0,0,0,0,0,0,26000
054314,嘉聯益凱基97購01,0,0,0,0,0,0,0,0,0,25000,0,0,0,32000,7000,25000,25000
054259,健策元大97購03  ,0,0,0,0,0,0,0,0,0,25000,0,0,0,186000,161000,25000,25000
052765,新日興群益97購01,0,0,0,0,0,0,0,0,0,25000,0,0,0,105000,80000,25000,25000
052433,滬深2X國泰96購02,0,0,0,0,0,0,0,0,0,25000,0,0,0,43000,18000,25000,25000
053278,禾伸堂元大96購01,0,0,0,0,0,0,0,0,0,25000,0,0,0,60000,35000,25000,25000
053443,智邦凱基97購01  ,0,0,0,0,0,0,0,0,0,25000,0,0,0,89000,64000,25000,25000
044418,臻鼎統一91購01  ,0,0,0,0,0,0,0,0,0,25000,0,0,0,25000,0,25000,25000
046080,同欣電凱基92購03,0,0,0,0,0,0,0,0,0,25000,0,0,0,79000,54000,25000,25000
048035,聯詠凱基93購06  ,0,0,0,0,0,0,0,0,0,25000,0,0,0,87000,62000,25000,25000
048048,大立光永豐93購03,0,0,0,0,0,0,0,0,0,25000,0,0,0,25000,0,25000,25000
04419P,奇力新永豐94售01,0,0,0,0,0,0,0,0,0,25000,0,0,0,25000,0,25000,25000
045961,宏達電凱基92購03,0,0,0,0,0,0,0,0,0,25000,0,0,0,25000,0,25000,25000
044961,聯電中信94購01  ,0,0,0,0,0,0,0,0,0,25000,0,0,0,40000,15000,25000,25000
044919,晶技永豐91購02  ,0,0,0,0,0,0,0,0,0,25000,0,0,0,25000,0,25000,25000
044034,美律群益92購04  ,0,0,0,0,0,0,0,0,0,25000,0,0,0,30000,5000,25000,25000
043671,GIS元大93購03   ,0,0,0,0,0,0,0,0,0,25000,0,0,0,125000,100000,25000,25000
03823P,嘉澤元富93售01  ,0,0,0,0,0,0,0,0,0,25000,0,0,0,25000,0,25000,25000
03021P,玉晶光群益02售25,0,0,0,0,0,0,0,0,0,25000,0,0,0,25000,0,25000,25000
044769,智邦元大91購03  ,0,0,0,0,0,0,0,0,0,25000,0,0,0,35000,10000,25000,25000
04291P,鴻海富邦93售04  ,0,0,0,0,0,0,0,0,0,25000,0,0,0,25000,0,25000,25000
04251P,欣興統一93售06  ,0,0,0,0,0,0,0,0,0,25000,0,0,0,25000,0,25000,25000
04218P,正文國票93售03  ,0,0,0,0,0,0,0,0,0,25000,0,0,0,25000,0,25000,25000
049139,台積電元大94購06,0,0,0,0,0,0,0,0,0,25000,0,0,0,57000,32000,25000,25000
048998,玉晶光國票95購03,0,0,0,0,0,0,0,0,0,25000,0,0,0,180000,155000,25000,25000
048950,達方永豐94購01  ,0,0,0,0,0,0,0,0,0,25000,0,0,0,26000,1000,25000,25000
048816,光寶科凱基94購01,0,0,0,0,0,0,0,0,0,25000,0,0,0,25000,0,25000,25000
047457,旺宏群益95購01  ,0,0,0,0,0,0,0,0,0,25000,0,0,0,53000,28000,25000,25000
048143,聯發科統一94購03,0,0,0,0,0,0,0,0,0,25000,0,0,0,55000,30000,25000,25000
048398,康普國票94購01  ,0,0,0,0,0,0,0,0,0,25000,0,0,0,25000,0,25000,25000
048384,遠東新國票94購01,0,0,0,0,0,0,0,0,0,25000,0,0,0,50000,25000,25000,25000
046353,聯發科群益92購04,0,0,0,0,0,0,0,0,0,25000,0,0,0,27000,2000,25000,25000
046746,儒鴻凱基93購03  ,0,0,0,0,0,0,0,0,0,25000,0,0,0,25000,0,25000,25000
051013,旺宏凱基95購03  ,0,0,0,0,0,0,0,0,0,25000,0,0,0,25000,0,25000,25000
051322,國泰金國票96購01,0,0,0,0,0,0,0,0,0,25000,0,0,0,65000,40000,25000,25000
051568,智邦富邦95購01  ,0,0,0,0,0,0,0,0,0,25000,0,0,0,130000,105000,25000,25000
051365,瀚宇博國泰97購01,0,0,0,0,0,0,0,0,0,25000,0,0,0,98000,73000,25000,25000
051443,聯發科元大95購10,0,0,0,0,0,0,0,0,0,25000,0,0,0,78000,53000,25000,25000
051810,欣興凱基95購03  ,0,0,0,0,0,0,0,0,0,25000,0,0,0,50000,25000,25000,25000
050315,和碩兆豐95購01  ,0,0,0,0,0,0,0,0,0,25000,0,0,0,50000,25000,25000,25000
050154,可成群益94購05  ,0,0,0,0,0,0,0,0,0,25000,0,0,0,25000,0,25000,25000
050479,上証2X國票95購02,0,0,0,0,0,0,0,0,0,25000,0,0,0,25000,0,25000,25000
055035,興勤富邦98購01  ,0,0,0,0,0,0,0,0,0,25000,0,0,0,25000,0,25000,25000
05523P,聯發科國票96售04,0,0,0,0,0,0,0,0,0,25000,0,0,0,28000,3000,25000,25000
05806P,宏達電永豐96售03,0,0,0,0,0,0,0,0,0,25000,0,0,0,37000,12000,25000,25000
4551,智伸科          ,48000,27000,21000,0,0,0,0,0,0,4000,1000,1000,0,5000,1000,4000,25000
3032,偉訓            ,25000,0,25000,0,0,0,0,0,0,0,0,0,0,0,0,0,25000
8463,潤泰材          ,36000,12000,24000,0,0,0,0,0,0,1000,1000,0,1000,0,0,0,25000
053398,和鑫中信99購01  ,0,0,0,0,0,0,0,0,0,24000,0,0,0,24000,0,24000,24000
053525,台積電中信96購04,0,0,0,0,0,0,0,0,0,24000,0,0,0,24000,0,24000,24000
053478,京鼎元大96購01  ,0,0,0,0,0,0,0,0,0,24000,0,0,0,196000,172000,24000,24000
053565,台光電富邦98購01,0,0,0,0,0,0,0,0,0,24000,0,0,0,26000,2000,24000,24000
053094,聯電統一97購02  ,0,0,0,0,0,0,0,0,0,24000,0,0,0,56000,32000,24000,24000
052491,泰碩國票99購01  ,0,0,0,0,0,0,0,0,0,24000,0,0,0,24000,0,24000,24000
052523,奇力新元大97購01,0,0,0,0,0,0,0,0,0,24000,0,0,0,146000,122000,24000,24000
053713,漢唐凱基96購04  ,0,0,0,0,0,0,0,0,0,24000,0,0,0,29000,5000,24000,24000
053688,燿華元大96購05  ,0,0,0,0,0,0,0,0,0,24000,0,0,0,77000,53000,24000,24000
053828,貿聯麥證96購01  ,0,0,0,79000,40000,39000,0,0,0,24000,0,0,0,79000,55000,24000,24000
042072,GIS富邦91購02   ,0,0,0,0,0,0,0,0,0,24000,0,0,0,24000,0,24000,24000
00730,富邦臺灣優質高息,0,0,0,0,0,0,0,0,0,24000,0,0,0,219000,195000,24000,24000
045926,康控康和92購01  ,0,0,0,0,0,0,0,0,0,24000,0,0,0,24000,0,24000,24000
045181,華邦電統一92購01,0,0,0,0,0,0,0,0,0,24000,0,0,0,132000,108000,24000,24000
044291,群創凱基93購06  ,0,0,0,0,0,0,0,0,0,24000,0,0,0,2663000,2639000,24000,24000
048394,正崴國票94購01  ,0,0,0,0,0,0,0,0,0,24000,0,0,0,33000,9000,24000,24000
048450,聯詠凱基93購09  ,0,0,0,0,0,0,0,0,0,24000,0,0,0,73000,49000,24000,24000
048320,聯詠凱基93購08  ,0,0,0,0,0,0,0,0,0,24000,0,0,0,114000,90000,24000,24000
047997,南亞科元大93購03,0,0,0,0,0,0,0,0,0,24000,0,0,0,61000,37000,24000,24000
047551,聯發科凱基93購14,0,0,0,0,0,0,0,0,0,24000,0,0,0,34000,10000,24000,24000
047269,同欣電康和93購01,0,0,0,0,0,0,0,0,0,24000,0,0,0,24000,0,24000,24000
048872,玉晶光國票94購02,0,0,0,0,0,0,0,0,0,24000,0,0,0,145000,121000,24000,24000
050426,國巨凱基94購14  ,0,0,0,0,0,0,0,0,0,24000,0,0,0,64000,40000,24000,24000
05031P,台光電元富95售01,0,0,0,0,0,0,0,0,0,24000,0,0,0,24000,0,24000,24000
2614,東森            ,51000,31000,20000,0,0,0,0,0,0,4000,5000,1000,4000,0,0,0,24000
05633P,台表科群益96售04,0,0,0,0,0,0,0,0,0,24000,0,0,0,35000,11000,24000,24000
05628P,茂林國票97售02  ,0,0,0,0,0,0,0,0,0,24000,0,0,0,25000,1000,24000,24000
055108,智邦凱基98購01  ,0,0,0,0,0,0,0,0,0,24000,0,0,0,27000,3000,24000,24000
08982P,泰碩凱基01售01  ,0,0,0,0,0,0,0,0,0,24000,0,0,0,498000,474000,24000,24000
053704,國巨群益96購06  ,0,0,0,0,0,0,0,0,0,23000,0,0,0,45000,22000,23000,23000
053745,康友國票97購01  ,0,0,0,0,0,0,0,0,0,23000,0,0,0,23000,0,23000,23000
054384,瀚宇博群益96購02,0,0,0,0,0,0,0,0,0,23000,0,0,0,23000,0,23000,23000
052478,大立光群益95購05,0,0,0,0,0,0,0,0,0,23000,0,0,0,27000,4000,23000,23000
053179,大立光統一96購04,0,0,0,0,0,0,0,0,0,23000,0,0,0,43000,20000,23000,23000
053630,奇鋐兆豐97購01  ,0,0,0,0,0,0,0,0,0,23000,0,0,0,23000,0,23000,23000
053311,同欣電凱基96購01,0,0,0,0,0,0,0,0,0,23000,0,0,0,163000,140000,23000,23000
045081,大立光元大93購07,0,0,0,0,0,0,0,0,0,23000,0,0,0,23000,0,23000,23000
04563P,可成凱基94售05  ,0,0,0,0,0,0,0,0,0,23000,0,0,0,48000,25000,23000,23000
045299,友達元大92購02  ,0,0,0,0,0,0,0,0,0,23000,0,0,0,23000,0,23000,23000
045674,友達元大92購03  ,0,0,0,0,0,0,0,0,0,23000,0,0,0,23000,0,23000,23000
046806,瀚宇博元大93購03,0,0,0,0,0,0,0,0,0,23000,0,0,0,36000,13000,23000,23000
046181,智邦凱基92購04  ,0,0,0,0,0,0,0,0,0,23000,0,0,0,91000,68000,23000,23000
047392,大立光元大93購24,0,0,0,0,0,0,0,0,0,23000,0,0,0,27000,4000,23000,23000
048441,台積電凱基93購29,0,0,0,0,0,0,0,0,0,23000,0,0,0,33000,10000,23000,23000
048514,嘉澤凱基93購06  ,0,0,0,0,0,0,0,0,0,23000,0,0,0,57000,34000,23000,23000
046433,康友中信92購01  ,0,0,0,0,0,0,0,0,0,23000,0,0,0,26000,3000,23000,23000
050082,聯發科統一94購08,0,0,0,0,0,0,0,0,0,23000,0,0,0,23000,0,23000,23000
049921,大立光元大94購16,0,0,0,0,0,0,0,0,0,23000,0,0,0,55000,32000,23000,23000
050353,華擎群益95購01  ,0,0,0,0,0,0,0,0,0,23000,0,0,0,250000,227000,23000,23000
050519,旺宏元大95購03  ,0,0,0,0,0,0,0,0,0,23000,0,0,0,292000,269000,23000,23000
050849,智伸科國票95購01,0,0,0,0,0,0,0,0,0,23000,0,0,0,26000,3000,23000,23000
051522,玉晶光凱基95購05,0,0,0,0,0,0,0,0,0,23000,0,0,0,71000,48000,23000,23000
051054,正崴群益95購01  ,0,0,0,0,0,0,0,0,0,23000,0,0,0,23000,0,23000,23000
06000P,GIS元大96售04   ,0,0,0,0,0,0,0,0,0,23000,0,0,0,23000,0,23000,23000
4532,瑞智            ,32000,10000,22000,0,0,0,0,0,0,1000,1000,0,1000,0,0,0,23000
2539,櫻花建          ,24000,1650,22350,0,0,0,0,0,0,0,0,0,0,0,0,0,22350
053340,建準國票97購01  ,0,0,0,0,0,0,0,0,0,22000,0,0,0,22000,0,22000,22000
054363,世芯凱基97購01  ,0,0,0,0,0,0,0,0,0,22000,0,0,0,31000,9000,22000,22000
054655,貿聯麥證98購01  ,0,0,0,22000,0,22000,0,0,0,22000,0,0,0,22000,0,22000,22000
054065,樺漢國票97購01  ,0,0,0,0,0,0,0,0,0,22000,0,0,0,31000,9000,22000,22000
04187P,麗豐元富93售02  ,0,0,0,0,0,0,0,0,0,22000,0,0,0,22000,0,22000,22000
04398P,致伸群益94售02  ,0,0,0,0,0,0,0,0,0,22000,0,0,0,22000,0,22000,22000
00771,元大US高息特別股,0,0,0,0,0,0,0,0,0,22000,0,0,0,34000,12000,22000,22000
0051,元大中型100     ,2000,0,2000,0,0,0,0,0,0,20000,0,0,0,24000,4000,20000,22000
044927,聯詠國泰94購01  ,0,0,0,0,0,0,0,0,0,22000,0,0,0,22000,0,22000,22000
045830,亞德客群益92購02,0,0,0,0,0,0,0,0,0,22000,0,0,0,32000,10000,22000,22000
04557P,茂林群益94售03  ,0,0,0,0,0,0,0,0,0,22000,0,0,0,96000,74000,22000,22000
045383,大毅元大92購01  ,0,0,0,0,0,0,0,0,0,22000,0,0,0,22000,0,22000,22000
047912,台郡麥證94購01  ,0,0,0,22000,0,22000,0,0,0,22000,0,0,0,22000,0,22000,22000
047677,亞德客台新93購01,0,0,0,0,0,0,0,0,0,22000,0,0,0,22000,0,22000,22000
048297,GIS群益93購02   ,0,0,0,0,0,0,0,0,0,22000,0,0,0,22000,0,22000,22000
047105,和大元大94購01  ,0,0,0,0,0,0,0,0,0,22000,0,0,0,22000,0,22000,22000
046973,矽力群益93購01  ,0,0,0,0,0,0,0,0,0,22000,0,0,0,152000,130000,22000,22000
049072,台積電凱基94購08,0,0,0,0,0,0,0,0,0,22000,0,0,0,22000,0,22000,22000
051324,康友國票96購01  ,0,0,0,0,0,0,0,0,0,22000,0,0,0,22000,0,22000,22000
051348,國巨元大95購07  ,0,0,0,0,0,0,0,0,0,22000,0,0,0,22000,0,22000,22000
052140,鈺齊凱基95購02  ,0,0,0,0,0,0,0,0,0,22000,0,0,0,32000,10000,22000,22000
050603,致新國泰96購01  ,0,0,0,0,0,0,0,0,0,22000,0,0,0,150000,128000,22000,22000
049835,緯穎凱基94購05  ,0,0,0,0,0,0,0,0,0,22000,0,0,0,259000,237000,22000,22000
049971,台郡國票95購01  ,0,0,0,0,0,0,0,0,0,22000,0,0,0,35000,13000,22000,22000
3005,神基            ,99000,143000,-44000,0,0,0,8000,0,8000,58000,7000,0,7000,51000,0,51000,22000
4952,凌通            ,28000,6000,22000,0,0,0,0,0,0,0,0,0,0,0,0,0,22000
8101,華冠            ,21000,0,21000,0,0,0,0,0,0,1000,1000,0,1000,0,0,0,22000
05649P,矽創國票97售03  ,0,0,0,0,0,0,0,0,0,22000,0,0,0,22000,0,22000,22000
1227,佳格            ,190300,169000,21300,0,0,0,0,0,0,0,0,0,0,0,0,0,21300
05381P,聯詠群益95售02  ,0,0,0,0,0,0,0,0,0,21000,0,0,0,30000,9000,21000,21000
054680,華新科康和97購02,0,0,0,0,0,0,0,0,0,21000,0,0,0,51000,30000,21000,21000
054585,禾伸堂國泰99購01,0,0,0,0,0,0,0,0,0,21000,0,0,0,227000,206000,21000,21000
053318,全新群益99購01  ,0,0,0,0,0,0,0,0,0,21000,0,0,0,207000,186000,21000,21000
053252,華邦電國泰98購01,0,0,0,0,0,0,0,0,0,21000,0,0,0,114000,93000,21000,21000
052622,貿聯兆豐97購01  ,0,0,0,0,0,0,0,0,0,21000,0,0,0,252000,231000,21000,21000
052706,台虹國票97購01  ,0,0,0,0,0,0,0,0,0,21000,0,0,0,69000,48000,21000,21000
052853,友達日盛99購01  ,0,0,0,0,0,0,0,0,0,21000,0,0,0,21000,0,21000,21000
045439,A50正2元富92購01,0,0,0,0,0,0,0,0,0,21000,0,0,0,21000,0,21000,21000
04522P,卜蜂凱基94售02  ,0,0,0,0,0,0,0,0,0,21000,0,0,0,21000,0,21000,21000
044129,群創凱基93購02  ,0,0,0,0,0,0,0,0,0,21000,0,0,0,31000,10000,21000,21000
045677,聯發科元大92購10,0,0,0,0,0,0,0,0,0,21000,0,0,0,31000,10000,21000,21000
047040,台勝科群益93購01,0,0,0,0,0,0,0,0,0,21000,0,0,0,21000,0,21000,21000
048170,智原永豐93購02  ,0,0,0,0,0,0,0,0,0,21000,0,0,0,31000,10000,21000,21000
046435,聯發科群益92購06,0,0,0,0,0,0,0,0,0,21000,0,0,0,21000,0,21000,21000
047361,致茂群益93購01  ,0,0,0,0,0,0,0,0,0,21000,0,0,0,319000,298000,21000,21000
046571,瑞昱國泰93購01  ,0,0,0,0,0,0,0,0,0,21000,0,0,0,239000,218000,21000,21000
04742P,瑞昱統一94售01  ,0,0,0,0,0,0,0,0,0,21000,0,0,0,74000,53000,21000,21000
048495,南亞科元大93購04,0,0,0,0,0,0,0,0,0,21000,0,0,0,41000,20000,21000,21000
050518,台積電元大94購28,0,0,0,0,0,0,0,0,0,21000,0,0,0,121000,100000,21000,21000
050875,訊芯永豐95購01  ,0,0,0,0,0,0,0,0,0,21000,0,0,0,114000,93000,21000,21000
050841,國巨國票96購02  ,0,0,0,0,0,0,0,0,0,21000,0,0,0,131000,110000,21000,21000
050813,旺宏凱基96購01  ,0,0,0,0,0,0,0,0,0,21000,0,0,0,47000,26000,21000,21000
051408,台積電國票95購03,0,0,0,0,0,0,0,0,0,21000,0,0,0,69000,48000,21000,21000
051094,健策元大96購03  ,0,0,0,0,0,0,0,0,0,21000,0,0,0,25000,4000,21000,21000
1315,達新            ,42000,21000,21000,0,0,0,0,0,0,0,0,0,0,0,0,0,21000
05930P,景碩康和96售01  ,0,0,0,0,0,0,0,0,0,21000,0,0,0,33000,12000,21000,21000
05577P,上銀凱基96售02  ,0,0,0,0,0,0,0,0,0,21000,0,0,0,147000,126000,21000,21000
054966,貿聯元大98購02  ,0,0,0,0,0,0,0,0,0,21000,0,0,0,174000,153000,21000,21000
6525,捷敏-KY         ,41000,21000,20000,0,0,0,0,0,0,1000,3000,2000,1000,0,0,0,21000
6206,飛捷            ,23000,4000,19000,0,0,0,0,0,0,2000,2000,0,2000,0,0,0,21000
8442,威宏-KY         ,30000,10000,20000,0,0,0,0,0,0,1000,1000,0,1000,0,0,0,21000
3679,新至陞          ,21000,2000,19000,0,0,0,0,0,0,2000,2000,0,2000,0,0,0,21000
052769,達興群益96購01  ,0,0,0,0,0,0,0,0,0,20000,0,0,0,20000,0,20000,20000
052753,電子類元大96購02,0,0,0,0,0,0,0,0,0,20000,0,0,0,20000,0,20000,20000
052779,欣興國票97購01  ,0,0,0,0,0,0,0,0,0,20000,0,0,0,20000,0,20000,20000
052606,聯發科元大97購04,0,0,0,0,0,0,0,0,0,20000,0,0,0,152000,132000,20000,20000
052541,大立光統一95購06,0,0,0,0,0,0,0,0,0,20000,0,0,0,28000,8000,20000,20000
052456,滬深2X元富9B購03,0,0,0,0,0,0,0,0,0,20000,0,0,0,20000,0,20000,20000
053448,智易凱基96購03  ,0,0,0,0,0,0,0,0,0,20000,0,0,0,20000,0,20000,20000
054489,牧德台新97購02  ,0,0,0,0,0,0,0,0,0,20000,0,0,0,80000,60000,20000,20000
054328,台化康和96購01  ,0,0,0,0,0,0,0,0,0,20000,0,0,0,20000,0,20000,20000
05472P,國巨統一96售02  ,0,0,0,0,0,0,0,0,0,20000,0,0,0,40000,20000,20000,20000
054761,台光電國票98購02,0,0,0,0,0,0,0,0,0,20000,0,0,0,45000,25000,20000,20000
053846,友達元富99購02  ,0,0,0,0,0,0,0,0,0,20000,0,0,0,20000,0,20000,20000
053937,光磊元富96購01  ,0,0,0,0,0,0,0,0,0,20000,0,0,0,20000,0,20000,20000
053953,群創台新97購01  ,0,0,0,0,0,0,0,0,0,20000,0,0,0,189000,169000,20000,20000
053968,華邦電元大97購01,0,0,0,0,0,0,0,0,0,20000,0,0,0,21000,1000,20000,20000
053773,上銀元大96購04  ,0,0,0,0,0,0,0,0,0,20000,0,0,0,49000,29000,20000,20000
053806,鎧勝凱基96購02  ,0,0,0,0,0,0,0,0,0,20000,0,0,0,20000,0,20000,20000
054077,中石化中信98購01,0,0,0,0,0,0,0,0,0,20000,0,0,0,20000,0,20000,20000
054098,嘉晶國票97購04  ,0,0,0,0,0,0,0,0,0,20000,0,0,0,20000,0,20000,20000
054180,亞泥康和96購01  ,0,0,0,0,0,0,0,0,0,20000,0,0,0,20000,0,20000,20000
04580P,楠梓電康和94售02,0,0,0,0,0,0,0,0,0,20000,0,0,0,20000,0,20000,20000
045753,大立光國泰94購02,0,0,0,0,0,0,0,0,0,20000,0,0,0,20000,0,20000,20000
045741,嘉晶群益92購01  ,0,0,0,0,0,0,0,0,0,20000,0,0,0,20000,0,20000,20000
042069,T50正2富邦93購01,0,0,0,0,0,0,0,0,0,20000,0,0,0,20000,0,20000,20000
042214,宏達電麥證91購01,0,0,0,20000,0,20000,0,0,0,20000,0,0,0,20000,0,20000,20000
043980,旺宏元大92購05  ,0,0,0,0,0,0,0,0,0,20000,0,0,0,20000,0,20000,20000
043943,聯詠兆豐91購01  ,0,0,0,0,0,0,0,0,0,20000,0,0,0,20000,0,20000,20000
042767,世紀鋼元大92購01,0,0,0,0,0,0,0,0,0,20000,0,0,0,20000,0,20000,20000
042896,台積電永昌93購04,0,0,0,0,0,0,0,0,0,20000,0,0,0,20000,0,20000,20000
042990,南電凱基92購01  ,0,0,0,0,0,0,0,0,0,20000,0,0,0,20000,0,20000,20000
04322P,可成元大94售01  ,0,0,0,0,0,0,0,0,0,20000,0,0,0,95000,75000,20000,20000
00733,富邦臺灣中小    ,0,0,0,0,0,0,0,0,0,20000,0,0,0,220000,200000,20000,20000
03937P,聯詠元大93售08  ,0,0,0,0,0,0,0,0,0,20000,0,0,0,60000,40000,20000,20000
03200P,台積電統一03售11,0,0,0,0,0,0,0,0,0,20000,0,0,0,20000,0,20000,20000
043757,欣興元大93購01  ,0,0,0,0,0,0,0,0,0,20000,0,0,0,20000,0,20000,20000
043653,可成國泰92購02  ,0,0,0,0,0,0,0,0,0,20000,0,0,0,50000,30000,20000,20000
043728,美律國泰93購01  ,0,0,0,0,0,0,0,0,0,20000,0,0,0,320000,300000,20000,20000
040692,可成統一92購01  ,0,0,0,0,0,0,0,0,0,20000,0,0,0,20000,0,20000,20000
040722,新日興富邦91購01,0,0,0,0,0,0,0,0,0,20000,0,0,0,20000,0,20000,20000
040679,大立光國泰91購02,0,0,0,0,0,0,0,0,0,20000,0,0,0,20000,0,20000,20000
043793,大立光凱基91購20,0,0,0,0,0,0,0,0,0,20000,0,0,0,20000,0,20000,20000
03332P,台積電元大02售17,0,0,0,0,0,0,0,0,0,20000,0,0,0,20000,0,20000,20000
043466,南亞科元大92購01,0,0,0,0,0,0,0,0,0,20000,0,0,0,20000,0,20000,20000
044127,義隆凱基91購04  ,0,0,0,0,0,0,0,0,0,20000,0,0,0,20000,0,20000,20000
044189,鴻海富邦91購03  ,0,0,0,0,0,0,0,0,0,20000,0,0,0,20000,0,20000,20000
04415P,牧德元富94售05  ,0,0,0,0,0,0,0,0,0,20000,0,0,0,30000,10000,20000,20000
046030,南亞科元大92購04,0,0,0,0,0,0,0,0,0,20000,0,0,0,20000,0,20000,20000
044106,瀚宇博中信91購01,0,0,0,0,0,0,0,0,0,20000,0,0,0,20000,0,20000,20000
046026,友訊元大92購01  ,0,0,0,0,0,0,0,0,0,20000,0,0,0,20000,0,20000,20000
04509P,臺股指元大94售04,0,0,0,0,0,0,0,0,0,20000,0,0,0,40000,20000,20000,20000
045136,台肥兆豐92購01  ,0,0,0,0,0,0,0,0,0,20000,0,0,0,20000,0,20000,20000
045231,南電元大94購01  ,0,0,0,0,0,0,0,0,0,20000,0,0,0,20000,0,20000,20000
045210,鴻海富邦93購02  ,0,0,0,0,0,0,0,0,0,20000,0,0,0,20000,0,20000,20000
045260,可成凱基92購04  ,0,0,0,0,0,0,0,0,0,20000,0,0,0,20000,0,20000,20000
045901,中磊元大92購01  ,0,0,0,0,0,0,0,0,0,20000,0,0,0,20000,0,20000,20000
045426,TPK凱基93購02   ,0,0,0,0,0,0,0,0,0,20000,0,0,0,20000,0,20000,20000
045424,友達凱基92購02  ,0,0,0,0,0,0,0,0,0,20000,0,0,0,20000,0,20000,20000
045381,南亞科元大92購03,0,0,0,0,0,0,0,0,0,20000,0,0,0,20000,0,20000,20000
045396,群創國泰94購01  ,0,0,0,0,0,0,0,0,0,20000,0,0,0,20000,0,20000,20000
045344,可成凱基92購06  ,0,0,0,0,0,0,0,0,0,20000,0,0,0,20000,0,20000,20000
045501,國泰金凱基92購01,0,0,0,0,0,0,0,0,0,20000,0,0,0,20000,0,20000,20000
047600,富邦金中信93購01,0,0,0,0,0,0,0,0,0,20000,0,0,0,20000,0,20000,20000
047896,京元電群益93購01,0,0,0,0,0,0,0,0,0,20000,0,0,0,20000,0,20000,20000
044265,滬深2X中信95購05,0,0,0,0,0,0,0,0,0,20000,0,0,0,20000,0,20000,20000
04427P,滬深2X元大97售02,0,0,0,0,0,0,0,0,0,20000,0,0,0,20000,0,20000,20000
044622,旺宏元大92購06  ,0,0,0,0,0,0,0,0,0,20000,0,0,0,30000,10000,20000,20000
044341,啟碁統一91購01  ,0,0,0,0,0,0,0,0,0,20000,0,0,0,20000,0,20000,20000
044411,A50正2統一93購01,0,0,0,0,0,0,0,0,0,20000,0,0,0,20000,0,20000,20000
044513,義隆凱基93購02  ,0,0,0,0,0,0,0,0,0,20000,0,0,0,30000,10000,20000,20000
048799,台積電富邦94購03,0,0,0,0,0,0,0,0,0,20000,0,0,0,20000,0,20000,20000
048772,智易凱基94購01  ,0,0,0,0,0,0,0,0,0,20000,0,0,0,20000,0,20000,20000
048776,正文凱基94購01  ,0,0,0,0,0,0,0,0,0,20000,0,0,0,20000,0,20000,20000
046620,智伸科凱基93購01,0,0,0,0,0,0,0,0,0,20000,0,0,0,20000,0,20000,20000
047953,台積電永豐93購04,0,0,0,0,0,0,0,0,0,20000,0,0,0,20000,0,20000,20000
047453,電子類元大93購04,0,0,0,0,0,0,0,0,0,20000,0,0,0,20000,0,20000,20000
047440,聯發科元大93購14,0,0,0,0,0,0,0,0,0,20000,0,0,0,20000,0,20000,20000
046633,健策元富93購01  ,0,0,0,0,0,0,0,0,0,20000,0,0,0,20000,0,20000,20000
046641,新唐永豐93購01  ,0,0,0,0,0,0,0,0,0,20000,0,0,0,20000,0,20000,20000
048584,欣興富邦95購01  ,0,0,0,0,0,0,0,0,0,20000,0,0,0,20000,0,20000,20000
047565,美律國票93購02  ,0,0,0,0,0,0,0,0,0,20000,0,0,0,24000,4000,20000,20000
047558,臻鼎凱基93購06  ,0,0,0,0,0,0,0,0,0,20000,0,0,0,30000,10000,20000,20000
048693,GIS群益94購02   ,0,0,0,0,0,0,0,0,0,20000,0,0,0,20000,0,20000,20000
046536,聯發科群益92購08,0,0,0,0,0,0,0,0,0,20000,0,0,0,20000,0,20000,20000
046539,奇鋐群益92購02  ,0,0,0,0,0,0,0,0,0,20000,0,0,0,20000,0,20000,20000
048231,台表科凱基93購06,0,0,0,0,0,0,0,0,0,20000,0,0,0,30000,10000,20000,20000
047848,可成統一93購01  ,0,0,0,0,0,0,0,0,0,20000,0,0,0,20000,0,20000,20000
046453,台積電凱基92購21,0,0,0,0,0,0,0,0,0,20000,0,0,0,40000,20000,20000,20000
046463,臻鼎凱基92購05  ,0,0,0,0,0,0,0,0,0,20000,0,0,0,20000,0,20000,20000
046356,智伸科群益93購01,0,0,0,0,0,0,0,0,0,20000,0,0,0,64000,44000,20000,20000
046335,矽創元大92購04  ,0,0,0,0,0,0,0,0,0,20000,0,0,0,20000,0,20000,20000
046707,友達康和93購01  ,0,0,0,0,0,0,0,0,0,20000,0,0,0,20000,0,20000,20000
048072,GIS元富93購05   ,0,0,0,0,0,0,0,0,0,20000,0,0,0,20000,0,20000,20000
046757,漢唐凱基93購02  ,0,0,0,0,0,0,0,0,0,20000,0,0,0,40000,20000,20000,20000
048598,瑞昱國票93購03  ,0,0,0,0,0,0,0,0,0,20000,0,0,0,99000,79000,20000,20000
048642,聯發科元大94購02,0,0,0,0,0,0,0,0,0,20000,0,0,0,27000,7000,20000,20000
048437,義隆麥證93購01  ,0,0,0,20000,0,20000,0,0,0,20000,0,0,0,20000,0,20000,20000
048483,可成國泰95購01  ,0,0,0,0,0,0,0,0,0,20000,0,0,0,42000,22000,20000,20000
046113,旺宏元大93購04  ,0,0,0,0,0,0,0,0,0,20000,0,0,0,20000,0,20000,20000
046977,潤泰全永豐93購01,0,0,0,0,0,0,0,0,0,20000,0,0,0,20000,0,20000,20000
04728P,美律亞東94售02  ,0,0,0,0,0,0,0,0,0,20000,0,0,0,20000,0,20000,20000
047130,台達電凱基93購03,0,0,0,0,0,0,0,0,0,20000,0,0,0,20000,0,20000,20000
046925,華新科國泰94購03,0,0,0,0,0,0,0,0,0,20000,0,0,0,20000,0,20000,20000
046185,正崴凱基93購02  ,0,0,0,0,0,0,0,0,0,20000,0,0,0,23000,3000,20000,20000
046200,上海銀凱基93購01,0,0,0,0,0,0,0,0,0,20000,0,0,0,20000,0,20000,20000
046175,瀚宇博永豐92購02,0,0,0,0,0,0,0,0,0,20000,0,0,0,20000,0,20000,20000
046148,友達中信94購01  ,0,0,0,0,0,0,0,0,0,20000,0,0,0,40000,20000,20000,20000
046819,台中銀凱基93購01,0,0,0,0,0,0,0,0,0,20000,0,0,0,20000,0,20000,20000
046785,禾伸堂永豐93購01,0,0,0,0,0,0,0,0,0,20000,0,0,0,60000,40000,20000,20000
046773,GIS富邦94購01   ,0,0,0,0,0,0,0,0,0,20000,0,0,0,21000,1000,20000,20000
046220,滬深2X元大95購03,0,0,0,0,0,0,0,0,0,20000,0,0,0,20000,0,20000,20000
048938,玉晶光永豐95購02,0,0,0,0,0,0,0,0,0,20000,0,0,0,20000,0,20000,20000
048952,川湖康和94購01  ,0,0,0,0,0,0,0,0,0,20000,0,0,0,20000,0,20000,20000
049008,傳奇中信95購01  ,0,0,0,0,0,0,0,0,0,20000,0,0,0,30000,10000,20000,20000
049437,可成國泰96購01  ,0,0,0,0,0,0,0,0,0,20000,0,0,0,52000,32000,20000,20000
049518,宏達電國票95購02,0,0,0,0,0,0,0,0,0,20000,0,0,0,220000,200000,20000,20000
051106,華通統一95購02  ,0,0,0,0,0,0,0,0,0,20000,0,0,0,486000,466000,20000,20000
051012,台積電凱基95購04,0,0,0,0,0,0,0,0,0,20000,0,0,0,40000,20000,20000,20000
051018,可成凱基95購03  ,0,0,0,0,0,0,0,0,0,20000,0,0,0,20000,0,20000,20000
051321,建準國票96購01  ,0,0,0,0,0,0,0,0,0,20000,0,0,0,20000,0,20000,20000
05128P,聯發科中信97售03,0,0,0,0,0,0,0,0,0,20000,0,0,0,20000,0,20000,20000
051346,仁寶元大95購01  ,0,0,0,0,0,0,0,0,0,20000,0,0,0,20000,0,20000,20000
051504,TPK統一95購01   ,0,0,0,0,0,0,0,0,0,20000,0,0,0,48000,28000,20000,20000
051550,日電貿永豐95購01,0,0,0,0,0,0,0,0,0,20000,0,0,0,57000,37000,20000,20000
051649,中磊永豐95購02  ,0,0,0,0,0,0,0,0,0,20000,0,0,0,20000,0,20000,20000
052113,漢唐中信98購01  ,0,0,0,0,0,0,0,0,0,20000,0,0,0,20000,0,20000,20000
052145,京元電群益95購02,0,0,0,0,0,0,0,0,0,20000,0,0,0,20000,0,20000,20000
052036,臺股指群益95購09,0,0,0,0,0,0,0,0,0,20000,0,0,0,60000,40000,20000,20000
052054,台表科凱基96購01,0,0,0,0,0,0,0,0,0,20000,0,0,0,20000,0,20000,20000
052078,大立光元富95購10,0,0,0,0,0,0,0,0,0,20000,0,0,0,32000,12000,20000,20000
052268,新光金亞東96購01,0,0,0,0,0,0,0,0,0,20000,0,0,0,20000,0,20000,20000
051839,和鑫國泰96購01  ,0,0,0,0,0,0,0,0,0,20000,0,0,0,20000,0,20000,20000
051943,台積電麥證95購03,0,0,0,30000,10000,20000,0,0,0,20000,0,0,0,30000,10000,20000,20000
051929,GIS中信96購01   ,0,0,0,0,0,0,0,0,0,20000,0,0,0,20000,0,20000,20000
050696,台光電凱基96購01,0,0,0,0,0,0,0,0,0,20000,0,0,0,35000,15000,20000,20000
050924,京元電凱基95購02,0,0,0,0,0,0,0,0,0,20000,0,0,0,20000,0,20000,20000
050919,台積電凱基95購03,0,0,0,0,0,0,0,0,0,20000,0,0,0,45000,25000,20000,20000
050540,台積電凱基94購38,0,0,0,0,0,0,0,0,0,20000,0,0,0,45000,25000,20000,20000
050613,台光電元大94購09,0,0,0,0,0,0,0,0,0,20000,0,0,0,149000,129000,20000,20000
050092,鴻海永豐94購04  ,0,0,0,0,0,0,0,0,0,20000,0,0,0,30000,10000,20000,20000
050312,大立光兆豐94購04,0,0,0,0,0,0,0,0,0,20000,0,0,0,20000,0,20000,20000
050279,彩晶第一94購01  ,0,0,0,0,0,0,0,0,0,20000,0,0,0,20000,0,20000,20000
050291,聯發科凱基94購16,0,0,0,0,0,0,0,0,0,20000,0,0,0,20000,0,20000,20000
050241,聯發科凱基94購14,0,0,0,0,0,0,0,0,0,20000,0,0,0,20000,0,20000,20000
050234,國巨凱基94購10  ,0,0,0,0,0,0,0,0,0,20000,0,0,0,32000,12000,20000,20000
049847,旺宏群益94購04  ,0,0,0,0,0,0,0,0,0,20000,0,0,0,21000,1000,20000,20000
049937,臺股指元大94購18,0,0,0,0,0,0,0,0,0,20000,0,0,0,20000,0,20000,20000
049659,旺宏台新95購01  ,0,0,0,0,0,0,0,0,0,20000,0,0,0,20000,0,20000,20000
049654,臺股指凱基94購15,0,0,0,0,0,0,0,0,0,20000,0,0,0,20000,0,20000,20000
049618,美律群益94購03  ,0,0,0,0,0,0,0,0,0,20000,0,0,0,80000,60000,20000,20000
049762,華邦電國泰95購01,0,0,0,0,0,0,0,0,0,20000,0,0,0,32000,12000,20000,20000
9918,欣天然          ,11000,1000,10000,0,0,0,0,0,0,10000,10000,0,10000,0,0,0,20000
6139,亞翔            ,73000,54000,19000,0,0,0,0,0,0,1000,1000,0,1000,0,0,0,20000
055151,台積電元大98購05,0,0,0,0,0,0,0,0,0,20000,0,0,0,610000,590000,20000,20000
055068,亞翔永豐97購01  ,0,0,0,0,0,0,0,0,0,20000,0,0,0,20000,0,20000,20000
05617P,大立光統一97售02,0,0,0,0,0,0,0,0,0,20000,0,0,0,52000,32000,20000,20000
05672P,鴻海群益96售03  ,0,0,0,0,0,0,0,0,0,20000,0,0,0,20000,0,20000,20000
05792P,臺股指中信99售07,0,0,0,0,0,0,0,0,0,20000,0,0,0,20000,0,20000,20000
05873P,華通群益97售02  ,0,0,0,0,0,0,0,0,0,20000,0,0,0,60000,40000,20000,20000
05880P,創意康和96售01  ,0,0,0,0,0,0,0,0,0,20000,0,0,0,25000,5000,20000,20000
05944P,富邦金中信96售01,0,0,0,0,0,0,0,0,0,20000,0,0,0,20000,0,20000,20000
06112P,台積電兆豐97售01,0,0,0,0,0,0,0,0,0,20000,0,0,0,120000,100000,20000,20000
1707,葡萄王          ,22000,3000,19000,0,0,0,0,0,0,1000,1000,0,1000,0,0,0,20000
2357,華碩            ,419600,413000,6600,0,0,0,0,0,0,13000,6000,1000,5000,8000,0,8000,19600
054015,晶豪科永豐96購03,0,0,0,0,0,0,0,0,0,19000,0,0,0,25000,6000,19000,19000
054729,聯發科日盛97購02,0,0,0,0,0,0,0,0,0,19000,0,0,0,24000,5000,19000,19000
053576,智原元富96購01  ,0,0,0,0,0,0,0,0,0,19000,0,0,0,125000,106000,19000,19000
052336,矽力日盛95購01  ,0,0,0,0,0,0,0,0,0,19000,0,0,0,121000,102000,19000,19000
052572,群創凱基99購01  ,0,0,0,0,0,0,0,0,0,19000,0,0,0,30000,11000,19000,19000
052614,聯電國泰97購01  ,0,0,0,0,0,0,0,0,0,19000,0,0,0,212000,193000,19000,19000
052751,臺股指元大96購05,0,0,0,0,0,0,0,0,0,19000,0,0,0,19000,0,19000,19000
052964,台表科凱基96購03,0,0,0,0,0,0,0,0,0,19000,0,0,0,64000,45000,19000,19000
04431P,牧德元大94售03  ,0,0,0,0,0,0,0,0,0,19000,0,0,0,100000,81000,19000,19000
04764P,台光電台新94售01,0,0,0,0,0,0,0,0,0,19000,0,0,0,19000,0,19000,19000
047650,矽力元大93購01  ,0,0,0,0,0,0,0,0,0,19000,0,0,0,32000,13000,19000,19000
047768,大立光元大95購01,0,0,0,0,0,0,0,0,0,19000,0,0,0,26000,7000,19000,19000
045441,南亞科元富92購01,0,0,0,0,0,0,0,0,0,19000,0,0,0,31000,12000,19000,19000
044165,聯發科元大92購04,0,0,0,0,0,0,0,0,0,19000,0,0,0,19000,0,19000,19000
03953P,易華電凱基94售01,0,0,0,0,0,0,0,0,0,19000,0,0,0,19000,0,19000,19000
04336P,台達電元大93售04,0,0,0,0,0,0,0,0,0,19000,0,0,0,69000,50000,19000,19000
045632,正崴凱基93購01  ,0,0,0,0,0,0,0,0,0,19000,0,0,0,25000,6000,19000,19000
049399,台光電群益94購02,0,0,0,0,0,0,0,0,0,19000,0,0,0,128000,109000,19000,19000
04939P,國巨國票95售03  ,0,0,0,0,0,0,0,0,0,19000,0,0,0,57000,38000,19000,19000
049176,漢唐凱基94購02  ,0,0,0,0,0,0,0,0,0,19000,0,0,0,49000,30000,19000,19000
049225,達方國票94購01  ,0,0,0,0,0,0,0,0,0,19000,0,0,0,29000,10000,19000,19000
048199,大立光元大94購03,0,0,0,0,0,0,0,0,0,19000,0,0,0,47000,28000,19000,19000
048787,義隆元大94購02  ,0,0,0,0,0,0,0,0,0,19000,0,0,0,71000,52000,19000,19000
049695,新光金元大9A購01,0,0,0,0,0,0,0,0,0,19000,0,0,0,19000,0,19000,19000
049689,正崴元大94購02  ,0,0,0,0,0,0,0,0,0,19000,0,0,0,65000,46000,19000,19000
050650,大立光凱基96購01,0,0,0,0,0,0,0,0,0,19000,0,0,0,19000,0,19000,19000
050500,台積電凱基94購36,0,0,0,0,0,0,0,0,0,19000,0,0,0,45000,26000,19000,19000
052238,智易國票96購01  ,0,0,0,0,0,0,0,0,0,19000,0,0,0,19000,0,19000,19000
052132,旺宏凱基9B購01  ,0,0,0,0,0,0,0,0,0,19000,0,0,0,51000,32000,19000,19000
05147P,鴻海元大95售11  ,0,0,0,0,0,0,0,0,0,19000,0,0,0,471000,452000,19000,19000
05146P,鴻海元大95售10  ,0,0,0,0,0,0,0,0,0,19000,0,0,0,447000,428000,19000,19000
05991P,聯茂群益96售05  ,0,0,0,0,0,0,0,0,0,19000,0,0,0,31000,12000,19000,19000
05550P,臺股指元大96售07,0,0,0,0,0,0,0,0,0,19000,0,0,0,41000,22000,19000,19000
5471,松翰            ,27000,8000,19000,0,0,0,0,0,0,0,0,0,0,0,0,0,19000
6449,鈺邦            ,55000,35000,20000,0,0,0,0,0,0,-1000,1000,2000,-1000,0,0,0,19000
8261,富鼎            ,28000,10000,18000,0,0,0,0,0,0,1000,1000,0,1000,0,0,0,19000
8926,台汽電          ,43000,52000,-9000,0,0,0,26000,0,26000,2000,2000,0,2000,0,0,0,19000
3419,譁裕            ,27000,11000,16000,0,0,0,0,0,0,3000,3000,0,3000,0,0,0,19000
3019,亞光            ,1020000,1289000,-269000,0,0,0,0,0,0,288000,143000,40000,103000,268000,83000,185000,19000
3031,佰鴻            ,27000,11000,16000,0,0,0,0,0,0,3000,3000,0,3000,0,0,0,19000
2408,南亞科          ,3720700,5271500,-1550800,0,0,0,1421000,0,1421000,148000,179000,109000,70000,229000,151000,78000,18200
052895,台積電群益96購04,0,0,0,0,0,0,0,0,0,18000,0,0,0,18000,0,18000,18000
054346,世芯國票97購01  ,0,0,0,0,0,0,0,0,0,18000,0,0,0,18000,0,18000,18000
054283,元油反元大99購02,0,0,0,0,0,0,0,0,0,18000,0,0,0,38000,20000,18000,18000
00647L,元大S&P500正2   ,0,0,0,0,0,0,0,0,0,18000,0,0,0,18000,0,18000,18000
045417,華新凱基93購01  ,0,0,0,0,0,0,0,0,0,18000,0,0,0,38000,20000,18000,18000
048227,亞光凱基93購05  ,0,0,0,0,0,0,0,0,0,18000,0,0,0,31000,13000,18000,18000
048976,華擎元大94購01  ,0,0,0,0,0,0,0,0,0,18000,0,0,0,37000,19000,18000,18000
051480,大立光凱基97購01,0,0,0,0,0,0,0,0,0,18000,0,0,0,20000,2000,18000,18000
051498,智易群益96購01  ,0,0,0,0,0,0,0,0,0,18000,0,0,0,18000,0,18000,18000
050358,致新群益94購01  ,0,0,0,0,0,0,0,0,0,18000,0,0,0,106000,88000,18000,18000
050915,健策中信98購01  ,0,0,0,0,0,0,0,0,0,18000,0,0,0,29000,11000,18000,18000
050681,南亞科元富94購01,0,0,0,0,0,0,0,0,0,18000,0,0,0,28000,10000,18000,18000
050143,臻鼎元富94購05  ,0,0,0,0,0,0,0,0,0,18000,0,0,0,281000,263000,18000,18000
050109,國巨元大94購13  ,0,0,0,0,0,0,0,0,0,18000,0,0,0,19000,1000,18000,18000
050044,聯詠兆豐94購02  ,0,0,0,0,0,0,0,0,0,18000,0,0,0,18000,0,18000,18000
05957P,友達國票97售04  ,0,0,0,0,0,0,0,0,0,18000,0,0,0,30000,12000,18000,18000
4560,強信-KY         ,152000,134000,18000,0,0,0,0,0,0,0,0,0,0,0,0,0,18000
053693,欣興元大96購05  ,0,0,0,0,0,0,0,0,0,17000,0,0,0,76000,59000,17000,17000
053661,嘉澤凱基97購01  ,0,0,0,0,0,0,0,0,0,17000,0,0,0,50000,33000,17000,17000
054442,啟碁台新96購01  ,0,0,0,0,0,0,0,0,0,17000,0,0,0,50000,33000,17000,17000
054452,華通亞東96購01  ,0,0,0,0,0,0,0,0,0,17000,0,0,0,17000,0,17000,17000
053494,南亞科兆豐96購02,0,0,0,0,0,0,0,0,0,17000,0,0,0,20000,3000,17000,17000
053484,國巨國票97購03  ,0,0,0,0,0,0,0,0,0,17000,0,0,0,173000,156000,17000,17000
053428,中磊永豐96購02  ,0,0,0,0,0,0,0,0,0,17000,0,0,0,17000,0,17000,17000
045082,聯詠元大92購01  ,0,0,0,0,0,0,0,0,0,17000,0,0,0,77000,60000,17000,17000
047788,欣興群益93購05  ,0,0,0,0,0,0,0,0,0,17000,0,0,0,717000,700000,17000,17000
047724,智邦群益93購03  ,0,0,0,0,0,0,0,0,0,17000,0,0,0,28000,11000,17000,17000
048029,聯發科凱基93購26,0,0,0,0,0,0,0,0,0,17000,0,0,0,43000,26000,17000,17000
038944,上海銀國泰92購01,0,0,0,0,0,0,0,0,0,17000,0,0,0,17000,0,17000,17000
045729,日月光亞東93購01,0,0,0,0,0,0,0,0,0,17000,0,0,0,17000,0,17000,17000
049040,亞光兆豐95購01  ,0,0,0,0,0,0,0,0,0,17000,0,0,0,17000,0,17000,17000
048097,聯詠凱基93購07  ,0,0,0,0,0,0,0,0,0,17000,0,0,0,27000,10000,17000,17000
048123,大立光元大93購27,0,0,0,0,0,0,0,0,0,17000,0,0,0,21000,4000,17000,17000
048229,華晶科凱基93購02,0,0,0,0,0,0,0,0,0,17000,0,0,0,17000,0,17000,17000
048403,聯發科群益93購10,0,0,0,0,0,0,0,0,0,17000,0,0,0,17000,0,17000,17000
049668,大立光國泰96購02,0,0,0,0,0,0,0,0,0,17000,0,0,0,46000,29000,17000,17000
050821,國泰金凱基95購01,0,0,0,0,0,0,0,0,0,17000,0,0,0,25000,8000,17000,17000
050389,鴻海統一95購04  ,0,0,0,0,0,0,0,0,0,17000,0,0,0,27000,10000,17000,17000
050618,緯創元大95購01  ,0,0,0,0,0,0,0,0,0,17000,0,0,0,100000,83000,17000,17000
050553,緯穎凱基94購06  ,0,0,0,0,0,0,0,0,0,17000,0,0,0,186000,169000,17000,17000
051331,全新永豐96購01  ,0,0,0,0,0,0,0,0,0,17000,0,0,0,17000,0,17000,17000
052048,景碩凱基95購01  ,0,0,0,0,0,0,0,0,0,17000,0,0,0,17000,0,17000,17000
052296,TPK國票96購01   ,0,0,0,0,0,0,0,0,0,17000,0,0,0,17000,0,17000,17000
052318,友達元大98購01  ,0,0,0,0,0,0,0,0,0,17000,0,0,0,22000,5000,17000,17000
2495,普安            ,28000,11000,17000,0,0,0,0,0,0,0,0,0,0,0,0,0,17000
1537,廣隆            ,18000,5000,13000,0,0,0,0,0,0,4000,4000,0,4000,0,0,0,17000
1762,中化生          ,34000,17000,17000,0,0,0,0,0,0,0,0,0,0,0,0,0,17000
05783P,嘉澤元富96售01  ,0,0,0,0,0,0,0,0,0,17000,0,0,0,20000,3000,17000,17000
053331,玉晶光永豐97購02,0,0,0,0,0,0,0,0,0,16000,0,0,0,20000,4000,16000,16000
053548,旺宏凱基96購04  ,0,0,0,0,0,0,0,0,0,16000,0,0,0,40000,24000,16000,16000
052963,智邦凱基96購02  ,0,0,0,0,0,0,0,0,0,16000,0,0,0,85000,69000,16000,16000
052734,台表科國泰98購02,0,0,0,0,0,0,0,0,0,16000,0,0,0,121000,105000,16000,16000
052545,康控元富95購02  ,0,0,0,0,0,0,0,0,0,16000,0,0,0,26000,10000,16000,16000
05235P,健鼎康和95售02  ,0,0,0,0,0,0,0,0,0,16000,0,0,0,16000,0,16000,16000
052384,臺股指元大95購30,0,0,0,0,0,0,0,0,0,16000,0,0,0,21000,5000,16000,16000
05442P,鴻海元大96售13  ,0,0,0,0,0,0,0,0,0,16000,0,0,0,161000,145000,16000,16000
044810,為升國票93購01  ,0,0,0,0,0,0,0,0,0,16000,0,0,0,16000,0,16000,16000
043856,GIS富邦92購01   ,0,0,0,0,0,0,0,0,0,16000,0,0,0,16000,0,16000,16000
00689R,國泰20年美債反1 ,0,0,0,0,0,0,0,0,0,16000,0,0,0,116000,100000,16000,16000
00709,富邦歐洲        ,0,0,0,0,0,0,0,0,0,16000,0,0,0,116000,100000,16000,16000
047787,正崴群益93購01  ,0,0,0,0,0,0,0,0,0,16000,0,0,0,34000,18000,16000,16000
044585,聯茂元富91購04  ,0,0,0,0,0,0,0,0,0,16000,0,0,0,16000,0,16000,16000
044689,超眾凱基93購03  ,0,0,0,0,0,0,0,0,0,16000,0,0,0,21000,5000,16000,16000
046003,欣興統一92購02  ,0,0,0,0,0,0,0,0,0,16000,0,0,0,16000,0,16000,16000
045314,國巨國票92購01  ,0,0,0,0,0,0,0,0,0,16000,0,0,0,16000,0,16000,16000
045254,台積電凱基92購05,0,0,0,0,0,0,0,0,0,16000,0,0,0,16000,0,16000,16000
046264,美律凱基93購05  ,0,0,0,0,0,0,0,0,0,16000,0,0,0,33000,17000,16000,16000
046719,元石油元大95購02,0,0,0,0,0,0,0,0,0,16000,0,0,0,20000,4000,16000,16000
048519,緯穎凱基93購02  ,0,0,0,0,0,0,0,0,0,16000,0,0,0,30000,14000,16000,16000
046385,群創凱基98購03  ,0,0,0,0,0,0,0,0,0,16000,0,0,0,34000,18000,16000,16000
04868P,可成統一94售03  ,0,0,0,0,0,0,0,0,0,16000,0,0,0,16000,0,16000,16000
048704,台表科國票95購01,0,0,0,0,0,0,0,0,0,16000,0,0,0,26000,10000,16000,16000
048786,瑞昱元大94購02  ,0,0,0,0,0,0,0,0,0,16000,0,0,0,121000,105000,16000,16000
048569,台虹元大93購03  ,0,0,0,0,0,0,0,0,0,16000,0,0,0,26000,10000,16000,16000
04683P,南亞科元大94售04,0,0,0,0,0,0,0,0,0,16000,0,0,0,16000,0,16000,16000
049490,京元電元大95購02,0,0,0,0,0,0,0,0,0,16000,0,0,0,301000,285000,16000,16000
049491,聯發科元大95購01,0,0,0,0,0,0,0,0,0,16000,0,0,0,37000,21000,16000,16000
049586,正崴元大94購01  ,0,0,0,0,0,0,0,0,0,16000,0,0,0,27000,11000,16000,16000
052185,奇力新群益95購03,0,0,0,0,0,0,0,0,0,16000,0,0,0,97000,81000,16000,16000
051982,深中小元大95購01,0,0,0,0,0,0,0,0,0,16000,0,0,0,24000,8000,16000,16000
051266,國巨富邦99購01  ,0,0,0,0,0,0,0,0,0,16000,0,0,0,126000,110000,16000,16000
051152,鴻海國泰97購01  ,0,0,0,0,0,0,0,0,0,16000,0,0,0,41000,25000,16000,16000
05065P,燿華元大96售03  ,0,0,0,0,0,0,0,0,0,16000,0,0,0,134000,118000,16000,16000
05073P,臺股指中信95售09,0,0,0,0,0,0,0,0,0,16000,0,0,0,22000,6000,16000,16000
050944,智邦群益95購01  ,0,0,0,0,0,0,0,0,0,16000,0,0,0,16000,0,16000,16000
049880,健策永豐94購02  ,0,0,0,0,0,0,0,0,0,16000,0,0,0,136000,120000,16000,16000
049856,緯穎群益94購02  ,0,0,0,0,0,0,0,0,0,16000,0,0,0,190000,174000,16000,16000
05567P,致伸群益96售01  ,0,0,0,0,0,0,0,0,0,16000,0,0,0,16000,0,16000,16000
05505P,聯發科凱基96售09,0,0,0,0,0,0,0,0,0,16000,0,0,0,17000,1000,16000,16000
055076,福懋科永豐97購01,0,0,0,0,0,0,0,0,0,16000,0,0,0,16000,0,16000,16000
1304,台聚            ,70000,69000,1000,0,0,0,0,0,0,15000,15000,0,15000,0,0,0,16000
1108,幸福            ,17000,1000,16000,0,0,0,0,0,0,0,0,0,0,0,0,0,16000
3356,奇偶            ,18000,5000,13000,0,0,0,0,0,0,3000,3000,0,3000,0,0,0,16000
054395,華新科永豐96購03,0,0,0,0,0,0,0,0,0,15000,0,0,0,706000,691000,15000,15000
05430P,台積電統一95售07,0,0,0,0,0,0,0,0,0,15000,0,0,0,50000,35000,15000,15000
054884,友達統一99購01  ,0,0,0,0,0,0,0,0,0,15000,0,0,0,40000,25000,15000,15000
053926,晶相光國票97購01,0,0,0,0,0,0,0,0,0,15000,0,0,0,93000,78000,15000,15000
05387P,鴻海元大95售21  ,0,0,0,0,0,0,0,0,0,15000,0,0,0,25000,10000,15000,15000
05416P,喬山永豐95售04  ,0,0,0,0,0,0,0,0,0,15000,0,0,0,35000,20000,15000,15000
054157,國巨亞東96購01  ,0,0,0,0,0,0,0,0,0,15000,0,0,0,975000,960000,15000,15000
05398P,康控國票96售03  ,0,0,0,0,0,0,0,0,0,15000,0,0,0,15000,0,15000,15000
05397P,大立光凱基96售08,0,0,0,0,0,0,0,0,0,15000,0,0,0,16000,1000,15000,15000
052766,玉晶光群益9A購01,0,0,0,0,0,0,0,0,0,15000,0,0,0,135000,120000,15000,15000
053477,大立光元大97購03,0,0,0,0,0,0,0,0,0,15000,0,0,0,59000,44000,15000,15000
053356,聯發科統一96購07,0,0,0,0,0,0,0,0,0,15000,0,0,0,15000,0,15000,15000
04518P,高鐵群益95售01  ,0,0,0,0,0,0,0,0,0,15000,0,0,0,15000,0,15000,15000
044911,和碩凱基91購01  ,0,0,0,0,0,0,0,0,0,15000,0,0,0,15000,0,15000,15000
04584P,楠梓電永豐94售01,0,0,0,0,0,0,0,0,0,15000,0,0,0,15000,0,15000,15000
045385,華新科元大93購04,0,0,0,0,0,0,0,0,0,15000,0,0,0,15000,0,15000,15000
045980,百和凱基93購03  ,0,0,0,0,0,0,0,0,0,15000,0,0,0,15000,0,15000,15000
044959,彩晶凱基92購01  ,0,0,0,0,0,0,0,0,0,15000,0,0,0,15000,0,15000,15000
046067,富邦金凱基92購02,0,0,0,0,0,0,0,0,0,15000,0,0,0,15000,0,15000,15000
04468P,元油2X元大94售04,0,0,0,0,0,0,0,0,0,15000,0,0,0,15000,0,15000,15000
044560,台光電日盛91購01,0,0,0,0,0,0,0,0,0,15000,0,0,0,15000,0,15000,15000
00690,兆豐藍籌30      ,0,0,0,0,0,0,0,0,0,15000,0,0,0,166000,151000,15000,15000
043513,台灣50元大96購05,0,0,0,0,0,0,0,0,0,15000,0,0,0,16000,1000,15000,15000
03454P,台積電凱基03售14,0,0,0,0,0,0,0,0,0,15000,0,0,0,15000,0,15000,15000
049525,華新科兆豐94購01,0,0,0,0,0,0,0,0,0,15000,0,0,0,25000,10000,15000,15000
049391,廣宇中信94購01  ,0,0,0,0,0,0,0,0,0,15000,0,0,0,15000,0,15000,15000
049312,亞光凱基94購02  ,0,0,0,0,0,0,0,0,0,15000,0,0,0,83000,68000,15000,15000
048961,矽創康和94購01  ,0,0,0,0,0,0,0,0,0,15000,0,0,0,15000,0,15000,15000
049272,世紀鋼元大96購02,0,0,0,0,0,0,0,0,0,15000,0,0,0,15000,0,15000,15000
04693P,超眾群益95售01  ,0,0,0,0,0,0,0,0,0,15000,0,0,0,39000,24000,15000,15000
047420,全新富邦97購01  ,0,0,0,0,0,0,0,0,0,15000,0,0,0,110000,95000,15000,15000
047408,嘉晶統一95購01  ,0,0,0,0,0,0,0,0,0,15000,0,0,0,15000,0,15000,15000
047827,東陽元大93購01  ,0,0,0,0,0,0,0,0,0,15000,0,0,0,40000,25000,15000,15000
046593,臺股指元大92購27,0,0,0,0,0,0,0,0,0,15000,0,0,0,15000,0,15000,15000
046311,聯發科元大92購16,0,0,0,0,0,0,0,0,0,15000,0,0,0,15000,0,15000,15000
046443,超眾兆豐93購01  ,0,0,0,0,0,0,0,0,0,15000,0,0,0,25000,10000,15000,15000
048517,致伸凱基93購06  ,0,0,0,0,0,0,0,0,0,15000,0,0,0,15000,0,15000,15000
048491,A50元大93購01   ,0,0,0,0,0,0,0,0,0,15000,0,0,0,15000,0,15000,15000
048162,矽力麥證93購01  ,0,0,0,30000,15000,15000,0,0,0,15000,0,0,0,30000,15000,15000,15000
049700,瀚宇博元大97購01,0,0,0,0,0,0,0,0,0,15000,0,0,0,16000,1000,15000,15000
049705,緯穎元大94購05  ,0,0,0,0,0,0,0,0,0,15000,0,0,0,230000,215000,15000,15000
050050,國泰金群益94購02,0,0,0,0,0,0,0,0,0,15000,0,0,0,15000,0,15000,15000
050180,華新科元大95購08,0,0,0,0,0,0,0,0,0,15000,0,0,0,15000,0,15000,15000
050411,聯發科永豐94購05,0,0,0,0,0,0,0,0,0,15000,0,0,0,21000,6000,15000,15000
051183,建準永豐95購02  ,0,0,0,0,0,0,0,0,0,15000,0,0,0,25000,10000,15000,15000
051344,鴻海元大95購08  ,0,0,0,0,0,0,0,0,0,15000,0,0,0,344000,329000,15000,15000
051352,南亞科元大95購02,0,0,0,0,0,0,0,0,0,15000,0,0,0,15000,0,15000,15000
051354,聯發科元大95購09,0,0,0,0,0,0,0,0,0,15000,0,0,0,26000,11000,15000,15000
051444,聯發科元大95購11,0,0,0,0,0,0,0,0,0,15000,0,0,0,22000,7000,15000,15000
051566,鴻海富邦95購05  ,0,0,0,0,0,0,0,0,0,15000,0,0,0,30000,15000,15000,15000
05160P,國巨國票96售03  ,0,0,0,0,0,0,0,0,0,15000,0,0,0,15000,0,15000,15000
05216P,國巨永豐95售02  ,0,0,0,0,0,0,0,0,0,15000,0,0,0,115000,100000,15000,15000
052044,華通凱基97購01  ,0,0,0,0,0,0,0,0,0,15000,0,0,0,45000,30000,15000,15000
052248,元油反永豐95購01,0,0,0,0,0,0,0,0,0,15000,0,0,0,15000,0,15000,15000
2707,晶華            ,45000,49000,-4000,0,0,0,0,0,0,19000,0,1000,-1000,20000,0,20000,15000
2882B,國泰金乙特      ,0,0,0,0,0,0,0,0,0,15000,15000,0,15000,0,0,0,15000
6281,全國電          ,15000,0,15000,0,0,0,0,0,0,0,0,0,0,0,0,0,15000
6152,百一            ,22000,7000,15000,0,0,0,0,0,0,0,0,0,0,0,0,0,15000
08680P,聯發科元大01售10,0,0,0,0,0,0,0,0,0,15000,0,0,0,15000,0,15000,15000
06137P,玉晶光永豐97售04,0,0,0,0,0,0,0,0,0,15000,0,0,0,15000,0,15000,15000
2528,皇普            ,18000,3000,15000,0,0,0,0,0,0,0,0,0,0,0,0,0,15000
05491P,茂林元大95售04  ,0,0,0,0,0,0,0,0,0,15000,0,0,0,19000,4000,15000,15000
05662P,景碩元富96售01  ,0,0,0,0,0,0,0,0,0,15000,0,0,0,15000,0,15000,15000
05666P,聯發科凱基96售14,0,0,0,0,0,0,0,0,0,15000,0,0,0,15000,0,15000,15000
053030,南亞科第一96購01,0,0,0,0,0,0,0,0,0,14000,0,0,0,250000,236000,14000,14000
052987,華新科元大99購01,0,0,0,0,0,0,0,0,0,14000,0,0,0,32000,18000,14000,14000
052999,臺股指康和96購01,0,0,0,0,0,0,0,0,0,14000,0,0,0,15000,1000,14000,14000
052870,玉晶光凱基96購03,0,0,0,0,0,0,0,0,0,14000,0,0,0,24000,10000,14000,14000
052426,國巨台新96購01  ,0,0,0,0,0,0,0,0,0,14000,0,0,0,14000,0,14000,14000
053877,奇力新亞東96購01,0,0,0,0,0,0,0,0,0,14000,0,0,0,14000,0,14000,14000
054830,世芯國泰99購01  ,0,0,0,0,0,0,0,0,0,14000,0,0,0,51000,37000,14000,14000
054407,美律國票97購02  ,0,0,0,0,0,0,0,0,0,14000,0,0,0,14000,0,14000,14000
00657,國泰日經225     ,13000,0,13000,0,0,0,0,0,0,1000,0,0,0,101000,100000,1000,14000
04581P,楠梓電康和94售03,0,0,0,0,0,0,0,0,0,14000,0,0,0,14000,0,14000,14000
044530,台積電富邦94購01,0,0,0,0,0,0,0,0,0,14000,0,0,0,14000,0,14000,14000
044604,嘉聯益國泰93購01,0,0,0,0,0,0,0,0,0,14000,0,0,0,52000,38000,14000,14000
047639,聯發科元大93購16,0,0,0,0,0,0,0,0,0,14000,0,0,0,25000,11000,14000,14000
044944,技嘉群益93購01  ,0,0,0,0,0,0,0,0,0,14000,0,0,0,17000,3000,14000,14000
045074,華新科元大93購03,0,0,0,0,0,0,0,0,0,14000,0,0,0,14000,0,14000,14000
045199,可成凱基92購02  ,0,0,0,0,0,0,0,0,0,14000,0,0,0,14000,0,14000,14000
048629,滬深2X元大96購04,0,0,0,0,0,0,0,0,0,14000,0,0,0,26000,12000,14000,14000
048505,滬深2X群益99購03,0,0,0,0,0,0,0,0,0,14000,0,0,0,19000,5000,14000,14000
046715,美律國泰94購01  ,0,0,0,0,0,0,0,0,0,14000,0,0,0,40000,26000,14000,14000
046706,智邦台新93購01  ,0,0,0,0,0,0,0,0,0,14000,0,0,0,14000,0,14000,14000
047488,臺股指凱基93購04,0,0,0,0,0,0,0,0,0,14000,0,0,0,14000,0,14000,14000
047437,旺宏元大94購02  ,0,0,0,0,0,0,0,0,0,14000,0,0,0,85000,71000,14000,14000
046936,祥碩元富93購01  ,0,0,0,0,0,0,0,0,0,14000,0,0,0,14000,0,14000,14000
046479,群創元富94購01  ,0,0,0,0,0,0,0,0,0,14000,0,0,0,98000,84000,14000,14000
048972,晶豪科元大94購01,0,0,0,0,0,0,0,0,0,14000,0,0,0,76000,62000,14000,14000
052133,華邦電凱基9B購01,0,0,0,0,0,0,0,0,0,14000,0,0,0,84000,70000,14000,14000
052103,台積電兆豐95購06,0,0,0,0,0,0,0,0,0,14000,0,0,0,405000,391000,14000,14000
051940,康舒群益95購01  ,0,0,0,0,0,0,0,0,0,14000,0,0,0,14000,0,14000,14000
051793,臻鼎國票95購02  ,0,0,0,0,0,0,0,0,0,14000,0,0,0,14000,0,14000,14000
051442,正崴元大95購02  ,0,0,0,0,0,0,0,0,0,14000,0,0,0,54000,40000,14000,14000
051389,台達電兆豐95購01,0,0,0,0,0,0,0,0,0,14000,0,0,0,23000,9000,14000,14000
050493,聯發科永昌96購01,0,0,0,0,0,0,0,0,0,14000,0,0,0,81000,67000,14000,14000
050788,台郡國泰96購01  ,0,0,0,0,0,0,0,0,0,14000,0,0,0,14000,0,14000,14000
049633,臺股指群益94購06,0,0,0,0,0,0,0,0,0,14000,0,0,0,14000,0,14000,14000
2483,百容            ,16000,2000,14000,0,0,0,0,0,0,0,0,0,0,0,0,0,14000
2228,劍麟            ,73000,59000,14000,0,0,0,0,0,0,0,0,0,0,0,0,0,14000
2059,川湖            ,57000,44000,13000,0,0,0,0,0,0,1000,1000,1000,0,1000,0,1000,14000
2062,橋椿            ,16000,4000,12000,0,0,0,0,0,0,2000,2000,0,2000,0,0,0,14000
054310,牧德凱基98購01  ,0,0,0,0,0,0,0,0,0,13000,0,0,0,83000,70000,13000,13000
054351,華新科國泰97購03,0,0,0,0,0,0,0,0,0,13000,0,0,0,53000,40000,13000,13000
053678,南亞科富邦97購01,0,0,0,0,0,0,0,0,0,13000,0,0,0,13000,0,13000,13000
053670,台積電統一96購09,0,0,0,0,0,0,0,0,0,13000,0,0,0,38000,25000,13000,13000
05371P,臺股指中信95售10,0,0,0,0,0,0,0,0,0,13000,0,0,0,50000,37000,13000,13000
052393,康友群益95購05  ,0,0,0,0,0,0,0,0,0,13000,0,0,0,33000,20000,13000,13000
052833,康控群益96購01  ,0,0,0,0,0,0,0,0,0,13000,0,0,0,103000,90000,13000,13000
045458,智邦元大92購05  ,0,0,0,0,0,0,0,0,0,13000,0,0,0,61000,48000,13000,13000
044124,燿華凱基93購01  ,0,0,0,0,0,0,0,0,0,13000,0,0,0,42000,29000,13000,13000
046011,欣興元富95購01  ,0,0,0,0,0,0,0,0,0,13000,0,0,0,19000,6000,13000,13000
04772P,欣興元大94售08  ,0,0,0,0,0,0,0,0,0,13000,0,0,0,22000,9000,13000,13000
04397P,玉晶光群益95售03,0,0,0,0,0,0,0,0,0,13000,0,0,0,20000,7000,13000,13000
00663L,國泰臺灣加權正2 ,0,0,0,0,0,0,0,0,0,13000,0,0,0,19000,6000,13000,13000
00654R,富邦印度反1     ,0,0,0,0,0,0,0,0,0,13000,0,0,0,14000,1000,13000,13000
03712P,京元電統一93售02,0,0,0,0,0,0,0,0,0,13000,0,0,0,13000,0,13000,13000
03927P,旺宏台新94售01  ,0,0,0,0,0,0,0,0,0,13000,0,0,0,13000,0,13000,13000
043701,大立光永豐91購02,0,0,0,0,0,0,0,0,0,13000,0,0,0,15000,2000,13000,13000
049020,可成群益94購02  ,0,0,0,0,0,0,0,0,0,13000,0,0,0,13000,0,13000,13000
049526,緯穎兆豐95購01  ,0,0,0,0,0,0,0,0,0,13000,0,0,0,13000,0,13000,13000
047187,亞光元大94購01  ,0,0,0,0,0,0,0,0,0,13000,0,0,0,20000,7000,13000,13000
048782,亞泥元大94購01  ,0,0,0,0,0,0,0,0,0,13000,0,0,0,44000,31000,13000,13000
046269,禾伸堂凱基92購03,0,0,0,0,0,0,0,0,0,13000,0,0,0,14000,1000,13000,13000
048201,智易元大93購06  ,0,0,0,0,0,0,0,0,0,13000,0,0,0,13000,0,13000,13000
048185,台郡群益93購04  ,0,0,0,0,0,0,0,0,0,13000,0,0,0,36000,23000,13000,13000
049671,上証2X富邦95購01,0,0,0,0,0,0,0,0,0,13000,0,0,0,13000,0,13000,13000
050172,臺指反元大98購02,0,0,0,0,0,0,0,0,0,13000,0,0,0,25000,12000,13000,13000
050928,日月光凱基95購01,0,0,0,0,0,0,0,0,0,13000,0,0,0,70000,57000,13000,13000
051388,大立光麥證95購03,0,0,0,13000,0,13000,0,0,0,13000,0,0,0,13000,0,13000,13000
051713,大立光台新95購03,0,0,0,0,0,0,0,0,0,13000,0,0,0,13000,0,13000,13000
06128P,玉晶光元富97售05,0,0,0,0,0,0,0,0,0,13000,0,0,0,13000,0,13000,13000
05589P,大立光中信9A售01,0,0,0,0,0,0,0,0,0,13000,0,0,0,13000,0,13000,13000
05599P,欣興台新96售01  ,0,0,0,0,0,0,0,0,0,13000,0,0,0,13000,0,13000,13000
05886P,華通元富96售01  ,0,0,0,0,0,0,0,0,0,13000,0,0,0,13000,0,13000,13000
5203,訊連            ,48000,19000,29000,0,0,0,0,0,0,-16000,0,7000,-7000,0,9000,-9000,13000
2354,鴻準            ,1064400,993000,71400,0,0,0,6000,1000,5000,-64000,15000,79000,-64000,0,0,0,12400
052810,易華電元大96購02,0,0,0,0,0,0,0,0,0,12000,0,0,0,112000,100000,12000,12000
052431,茂林永豐95購03  ,0,0,0,0,0,0,0,0,0,12000,0,0,0,12000,0,12000,12000
052447,聯發科元大96購04,0,0,0,0,0,0,0,0,0,12000,0,0,0,26000,14000,12000,12000
052493,上証2X中信97購02,0,0,0,0,0,0,0,0,0,12000,0,0,0,14000,2000,12000,12000
052570,華新科凱基96購06,0,0,0,0,0,0,0,0,0,12000,0,0,0,47000,35000,12000,12000
053059,聯發科永昌99購01,0,0,0,0,0,0,0,0,0,12000,0,0,0,85000,73000,12000,12000
053228,康友台新97購01  ,0,0,0,0,0,0,0,0,0,12000,0,0,0,19000,7000,12000,12000
053380,南亞科元大97購01,0,0,0,0,0,0,0,0,0,12000,0,0,0,52000,40000,12000,12000
053402,A50正2群益9A購02,0,0,0,0,0,0,0,0,0,12000,0,0,0,12000,0,12000,12000
053405,台達電兆豐96購01,0,0,0,0,0,0,0,0,0,12000,0,0,0,40000,28000,12000,12000
053406,國巨兆豐96購02  ,0,0,0,0,0,0,0,0,0,12000,0,0,0,27000,15000,12000,12000
053533,光罩永豐96購03  ,0,0,0,0,0,0,0,0,0,12000,0,0,0,32000,20000,12000,12000
053691,聯發科元大96購16,0,0,0,0,0,0,0,0,0,12000,0,0,0,22000,10000,12000,12000
053840,燿華統一96購02  ,0,0,0,0,0,0,0,0,0,12000,0,0,0,40000,28000,12000,12000
05431P,台光電統一97售01,0,0,0,0,0,0,0,0,0,12000,0,0,0,12000,0,12000,12000
054493,同欣電台新96購01,0,0,0,0,0,0,0,0,0,12000,0,0,0,60000,48000,12000,12000
043755,聯詠元大91購04  ,0,0,0,0,0,0,0,0,0,12000,0,0,0,12000,0,12000,12000
043756,聯詠元大91購05  ,0,0,0,0,0,0,0,0,0,12000,0,0,0,12000,0,12000,12000
040269,上証2X中信92購01,0,0,0,0,0,0,0,0,0,12000,0,0,0,12000,0,12000,12000
040772,滬深2X元富92購02,0,0,0,0,0,0,0,0,0,12000,0,0,0,22000,10000,12000,12000
043483,和鑫群益92購01  ,0,0,0,0,0,0,0,0,0,12000,0,0,0,12000,0,12000,12000
00865B,國泰US短期公債  ,0,0,0,0,0,0,0,0,0,12000,0,0,0,12000,0,12000,12000
0061,元大寶滬深      ,0,0,0,0,0,0,0,0,0,12000,0,0,0,24000,12000,12000,12000
043972,大立光富邦93購02,0,0,0,0,0,0,0,0,0,12000,0,0,0,54000,42000,12000,12000
04174P,上銀群益93售06  ,0,0,0,0,0,0,0,0,0,12000,0,0,0,12000,0,12000,12000
043063,台郡中信92購01  ,0,0,0,0,0,0,0,0,0,12000,0,0,0,12000,0,12000,12000
045303,華新科元大92購10,0,0,0,0,0,0,0,0,0,12000,0,0,0,12000,0,12000,12000
044867,漢唐國票91購03  ,0,0,0,0,0,0,0,0,0,12000,0,0,0,73000,61000,12000,12000
044703,緯創元大91購03  ,0,0,0,0,0,0,0,0,0,12000,0,0,0,40000,28000,12000,12000
042023,大立光富邦92購04,0,0,0,0,0,0,0,0,0,12000,0,0,0,12000,0,12000,12000
047913,美利達麥證93購01,0,0,0,13000,0,13000,0,0,0,12000,0,0,0,13000,1000,12000,12000
045086,玉晶光元大94購02,0,0,0,0,0,0,0,0,0,12000,0,0,0,37000,25000,12000,12000
045011,華新科元大92購08,0,0,0,0,0,0,0,0,0,12000,0,0,0,12000,0,12000,12000
045349,大立光凱基93購07,0,0,0,0,0,0,0,0,0,12000,0,0,0,12000,0,12000,12000
045850,嘉澤永豐92購01  ,0,0,0,0,0,0,0,0,0,12000,0,0,0,49000,37000,12000,12000
044900,建準凱基93購01  ,0,0,0,0,0,0,0,0,0,12000,0,0,0,12000,0,12000,12000
048340,聯發科元大93購25,0,0,0,0,0,0,0,0,0,12000,0,0,0,43000,31000,12000,12000
046501,友達元大92購05  ,0,0,0,0,0,0,0,0,0,12000,0,0,0,12000,0,12000,12000
048848,滬深2X群益98購02,0,0,0,0,0,0,0,0,0,12000,0,0,0,32000,20000,12000,12000
046677,矽創元大93購03  ,0,0,0,0,0,0,0,0,0,12000,0,0,0,12000,0,12000,12000
048235,滬深2X國票93購04,0,0,0,0,0,0,0,0,0,12000,0,0,0,12000,0,12000,12000
047542,華通凱基94購02  ,0,0,0,0,0,0,0,0,0,12000,0,0,0,138000,126000,12000,12000
048694,緯穎群益94購01  ,0,0,0,0,0,0,0,0,0,12000,0,0,0,12000,0,12000,12000
048765,奇力新凱基94購01,0,0,0,0,0,0,0,0,0,12000,0,0,0,12000,0,12000,12000
048766,禾伸堂凱基94購01,0,0,0,0,0,0,0,0,0,12000,0,0,0,22000,10000,12000,12000
047117,禾伸堂元大93購02,0,0,0,0,0,0,0,0,0,12000,0,0,0,12000,0,12000,12000
046853,友達元大93購03  ,0,0,0,0,0,0,0,0,0,12000,0,0,0,12000,0,12000,12000
046107,勤誠永豐92購01  ,0,0,0,0,0,0,0,0,0,12000,0,0,0,12000,0,12000,12000
047315,大立光元大93購23,0,0,0,0,0,0,0,0,0,12000,0,0,0,16000,4000,12000,12000
049255,旺宏元大97購02  ,0,0,0,0,0,0,0,0,0,12000,0,0,0,72000,60000,12000,12000
049263,大立光元大94購10,0,0,0,0,0,0,0,0,0,12000,0,0,0,32000,20000,12000,12000
051914,健策元大96購06  ,0,0,0,0,0,0,0,0,0,12000,0,0,0,48000,36000,12000,12000
051974,華新科凱基96購05,0,0,0,0,0,0,0,0,0,12000,0,0,0,52000,40000,12000,12000
052242,台達電台新96購01,0,0,0,0,0,0,0,0,0,12000,0,0,0,12000,0,12000,12000
05138P,嘉聯益凱基96售02,0,0,0,0,0,0,0,0,0,12000,0,0,0,12000,0,12000,12000
051350,台積電元大95購14,0,0,0,0,0,0,0,0,0,12000,0,0,0,215000,203000,12000,12000
051160,亞德客元大95購02,0,0,0,0,0,0,0,0,0,12000,0,0,0,89000,77000,12000,12000
051087,國巨元大97購01  ,0,0,0,0,0,0,0,0,0,12000,0,0,0,22000,10000,12000,12000
051011,國巨凱基95購03  ,0,0,0,0,0,0,0,0,0,12000,0,0,0,12000,0,12000,12000
050842,旺宏國票97購01  ,0,0,0,0,0,0,0,0,0,12000,0,0,0,23000,11000,12000,12000
050636,上証2X國票94購01,0,0,0,0,0,0,0,0,0,12000,0,0,0,55000,43000,12000,12000
050521,聯發科元大94購15,0,0,0,0,0,0,0,0,0,12000,0,0,0,12000,0,12000,12000
049873,華新科台新94購02,0,0,0,0,0,0,0,0,0,12000,0,0,0,12000,0,12000,12000
049895,國巨統一94購04  ,0,0,0,0,0,0,0,0,0,12000,0,0,0,12000,0,12000,12000
1526,日馳            ,13000,1000,12000,0,0,0,0,0,0,0,1000,1000,0,0,0,0,12000
1614,三洋電          ,13000,2000,11000,0,0,0,0,0,0,1000,1000,0,1000,0,0,0,12000
05927P,正文永豐96售03  ,0,0,0,0,0,0,0,0,0,12000,0,0,0,42000,30000,12000,12000
05604P,聯發科元大96售10,0,0,0,0,0,0,0,0,0,12000,0,0,0,103000,91000,12000,12000
05526P,茂林群益96售03  ,0,0,0,0,0,0,0,0,0,12000,0,0,0,22000,10000,12000,12000
055161,貿聯元大98購03  ,0,0,0,0,0,0,0,0,0,12000,0,0,0,55000,43000,12000,12000
2881B,富邦金乙特      ,0,0,0,0,0,0,0,0,0,12000,22000,10000,12000,0,0,0,12000
054789,高鐵群益98購01  ,0,0,0,0,0,0,0,0,0,11000,0,0,0,17000,6000,11000,11000
053817,華新科群益97購02,0,0,0,0,0,0,0,0,0,11000,0,0,0,42000,31000,11000,11000
054183,亞光康和96購01  ,0,0,0,0,0,0,0,0,0,11000,0,0,0,27000,16000,11000,11000
054278,晶技群益97購02  ,0,0,0,0,0,0,0,0,0,11000,0,0,0,11000,0,11000,11000
053637,強茂永豐96購01  ,0,0,0,0,0,0,0,0,0,11000,0,0,0,73000,62000,11000,11000
053314,A50正2群益9A購01,0,0,0,0,0,0,0,0,0,11000,0,0,0,11000,0,11000,11000
053172,瑞儀群益97購01  ,0,0,0,0,0,0,0,0,0,11000,0,0,0,11000,0,11000,11000
052874,超眾凱基96購01  ,0,0,0,0,0,0,0,0,0,11000,0,0,0,17000,6000,11000,11000
044883,玉晶光群益93購01,0,0,0,0,0,0,0,0,0,11000,0,0,0,11000,0,11000,11000
045368,群創兆豐92購02  ,0,0,0,0,0,0,0,0,0,11000,0,0,0,30000,19000,11000,11000
044956,聯詠凱基92購01  ,0,0,0,0,0,0,0,0,0,11000,0,0,0,20000,9000,11000,11000
045106,玉晶光群益95購01,0,0,0,0,0,0,0,0,0,11000,0,0,0,17000,6000,11000,11000
044156,華新科永豐91購02,0,0,0,0,0,0,0,0,0,11000,0,0,0,11000,0,11000,11000
047732,美利達群益93購01,0,0,0,0,0,0,0,0,0,11000,0,0,0,11000,0,11000,11000
047792,美利達群益93購02,0,0,0,0,0,0,0,0,0,11000,0,0,0,11000,0,11000,11000
044696,旺宏元大91購04  ,0,0,0,0,0,0,0,0,0,11000,0,0,0,11000,0,11000,11000
04517P,宏達電群益95售01,0,0,0,0,0,0,0,0,0,11000,0,0,0,151000,140000,11000,11000
044515,禾伸堂凱基91購02,0,0,0,0,0,0,0,0,0,11000,0,0,0,21000,10000,11000,11000
043929,燿華永豐91購01  ,0,0,0,0,0,0,0,0,0,11000,0,0,0,11000,0,11000,11000
040879,宏達電元大91購01,0,0,0,0,0,0,0,0,0,11000,0,0,0,11000,0,11000,11000
00662,富邦NASDAQ      ,0,0,0,0,0,0,0,0,0,11000,0,0,0,121000,110000,11000,11000
03887P,大立光元富93售02,0,0,0,0,0,0,0,0,0,11000,0,0,0,11000,0,11000,11000
043522,華新科元大92購04,0,0,0,0,0,0,0,0,0,11000,0,0,0,11000,0,11000,11000
043468,華新科元大92購03,0,0,0,0,0,0,0,0,0,11000,0,0,0,11000,0,11000,11000
04344P,台達電國泰94售01,0,0,0,0,0,0,0,0,0,11000,0,0,0,140000,129000,11000,11000
03562P,台灣50群益02售13,0,0,0,0,0,0,0,0,0,11000,0,0,0,11000,0,11000,11000
049004,聯發科中信96購01,0,0,0,0,0,0,0,0,0,11000,0,0,0,11000,0,11000,11000
049069,元油2X凱基95購04,0,0,0,0,0,0,0,0,0,11000,0,0,0,11000,0,11000,11000
049546,正崴群益94購01  ,0,0,0,0,0,0,0,0,0,11000,0,0,0,17000,6000,11000,11000
046934,智邦元富96購01  ,0,0,0,0,0,0,0,0,0,11000,0,0,0,21000,10000,11000,11000
047046,台積電國票94購01,0,0,0,0,0,0,0,0,0,11000,0,0,0,51000,40000,11000,11000
04756P,大立光元富94售08,0,0,0,0,0,0,0,0,0,11000,0,0,0,36000,25000,11000,11000
047413,台積電永昌93購05,0,0,0,0,0,0,0,0,0,11000,0,0,0,85000,74000,11000,11000
047870,嘉澤永豐93購02  ,0,0,0,0,0,0,0,0,0,11000,0,0,0,59000,48000,11000,11000
046588,大立光元大93購13,0,0,0,0,0,0,0,0,0,11000,0,0,0,15000,4000,11000,11000
048790,大立光元大95購05,0,0,0,0,0,0,0,0,0,11000,0,0,0,151000,140000,11000,11000
048351,旺宏台新94購02  ,0,0,0,0,0,0,0,0,0,11000,0,0,0,11000,0,11000,11000
048449,強茂凱基93購03  ,0,0,0,0,0,0,0,0,0,11000,0,0,0,11000,0,11000,11000
048650,台表科元大93購05,0,0,0,0,0,0,0,0,0,11000,0,0,0,21000,10000,11000,11000
049941,臺股指元大94購24,0,0,0,0,0,0,0,0,0,11000,0,0,0,11000,0,11000,11000
049708,滬深2X凱基94購02,0,0,0,0,0,0,0,0,0,11000,0,0,0,37000,26000,11000,11000
049694,華新科元大95購06,0,0,0,0,0,0,0,0,0,11000,0,0,0,11000,0,11000,11000
049770,康控元富95購01  ,0,0,0,0,0,0,0,0,0,11000,0,0,0,12000,1000,11000,11000
049744,亞德客永豐94購01,0,0,0,0,0,0,0,0,0,11000,0,0,0,11000,0,11000,11000
050157,臻鼎群益94購02  ,0,0,0,0,0,0,0,0,0,11000,0,0,0,199000,188000,11000,11000
050201,光磊群益94購01  ,0,0,0,0,0,0,0,0,0,11000,0,0,0,11000,0,11000,11000
050052,致伸群益94購04  ,0,0,0,0,0,0,0,0,0,11000,0,0,0,11000,0,11000,11000
050431,聯發科凱基94購18,0,0,0,0,0,0,0,0,0,11000,0,0,0,116000,105000,11000,11000
050918,南亞科日盛95購01,0,0,0,0,0,0,0,0,0,11000,0,0,0,28000,17000,11000,11000
050887,台積電富邦95購05,0,0,0,0,0,0,0,0,0,11000,0,0,0,11000,0,11000,11000
05077P,智易群益95售02  ,0,0,0,0,0,0,0,0,0,11000,0,0,0,11000,0,11000,11000
050682,南亞科元富94購02,0,0,0,0,0,0,0,0,0,11000,0,0,0,11000,0,11000,11000
050695,台積電凱基94購40,0,0,0,0,0,0,0,0,0,11000,0,0,0,11000,0,11000,11000
050716,可成群益96購01  ,0,0,0,0,0,0,0,0,0,11000,0,0,0,11000,0,11000,11000
051121,裕民群益97購01  ,0,0,0,0,0,0,0,0,0,11000,0,0,0,11000,0,11000,11000
051119,光寶科群益95購01,0,0,0,0,0,0,0,0,0,11000,0,0,0,11000,0,11000,11000
051459,臺股指元大95購19,0,0,0,0,0,0,0,0,0,11000,0,0,0,11000,0,11000,11000
051420,康控國票95購05  ,0,0,0,0,0,0,0,0,0,11000,0,0,0,11000,0,11000,11000
052319,可成元大95購12  ,0,0,0,0,0,0,0,0,0,11000,0,0,0,179000,168000,11000,11000
2548,華固            ,276000,241000,35000,0,0,0,25000,0,25000,-49000,2000,55000,-53000,4000,0,4000,11000
4916,事欣科          ,17000,6000,11000,0,0,0,0,0,0,0,0,0,0,0,0,0,11000
6164,華興            ,11000,0,11000,0,0,0,0,0,0,0,0,0,0,0,0,0,11000
5288,豐祥-KY         ,15000,4000,11000,0,0,0,0,0,0,0,0,0,0,0,0,0,11000
9927,泰銘            ,21000,10000,11000,0,0,0,0,0,0,0,0,0,0,0,0,0,11000
05715P,創意元富96售05  ,0,0,0,0,0,0,0,0,0,11000,0,0,0,11000,0,11000,11000
05853P,欣興群益96售05  ,0,0,0,0,0,0,0,0,0,11000,0,0,0,11000,0,11000,11000
05760P,京鼎永豐96售02  ,0,0,0,0,0,0,0,0,0,11000,0,0,0,11000,0,11000,11000
06006P,欣興永豐96售04  ,0,0,0,0,0,0,0,0,0,11000,0,0,0,11000,0,11000,11000
06091P,華新科統一97售01,0,0,0,0,0,0,0,0,0,11000,0,0,0,14000,3000,11000,11000
06068P,玉晶光康和97售01,0,0,0,0,0,0,0,0,0,11000,0,0,0,11000,0,11000,11000
07480P,FBVIX凱基94售01 ,0,0,0,0,0,0,0,0,0,11000,0,0,0,13000,2000,11000,11000
2497,怡利電          ,13000,2000,11000,0,0,0,0,0,0,0,0,0,0,0,0,0,11000
052868,緯創凱基96購03  ,0,0,0,0,0,0,0,0,0,10000,0,0,0,25000,15000,10000,10000
052927,友達元大98購02  ,0,0,0,0,0,0,0,0,0,10000,0,0,0,10000,0,10000,10000
052796,和碩兆豐96購01  ,0,0,0,0,0,0,0,0,0,10000,0,0,0,10000,0,10000,10000
052761,可成群益96購02  ,0,0,0,0,0,0,0,0,0,10000,0,0,0,10000,0,10000,10000
052740,聯發科元大96購07,0,0,0,0,0,0,0,0,0,10000,0,0,0,44000,34000,10000,10000
052742,可成元大96購01  ,0,0,0,0,0,0,0,0,0,10000,0,0,0,209000,199000,10000,10000
052736,T50反1元大96購05,0,0,0,0,0,0,0,0,0,10000,0,0,0,10000,0,10000,10000
052725,為升元富96購01  ,0,0,0,0,0,0,0,0,0,10000,0,0,0,30000,20000,10000,10000
052647,晶技永豐97購01  ,0,0,0,0,0,0,0,0,0,10000,0,0,0,10000,0,10000,10000
052663,奇鋐國票97購01  ,0,0,0,0,0,0,0,0,0,10000,0,0,0,10000,0,10000,10000
052500,元翎永豐95購01  ,0,0,0,0,0,0,0,0,0,10000,0,0,0,10000,0,10000,10000
052501,茂林永豐95購04  ,0,0,0,0,0,0,0,0,0,10000,0,0,0,10000,0,10000,10000
052481,利勤群益95購01  ,0,0,0,0,0,0,0,0,0,10000,0,0,0,10000,0,10000,10000
05246P,南電元大95售04  ,0,0,0,0,0,0,0,0,0,10000,0,0,0,10000,0,10000,10000
052445,南亞科元大95購05,0,0,0,0,0,0,0,0,0,10000,0,0,0,134000,124000,10000,10000
052417,聯發科兆豐9B購01,0,0,0,0,0,0,0,0,0,10000,0,0,0,10000,0,10000,10000
052355,為升永豐95購02  ,0,0,0,0,0,0,0,0,0,10000,0,0,0,30000,20000,10000,10000
053171,中磊群益96購01  ,0,0,0,0,0,0,0,0,0,10000,0,0,0,41000,31000,10000,10000
053263,華邦電群益96購03,0,0,0,0,0,0,0,0,0,10000,0,0,0,70000,60000,10000,10000
053061,GIS富邦97購01   ,0,0,0,0,0,0,0,0,0,10000,0,0,0,10000,0,10000,10000
053075,欣興永豐96購01  ,0,0,0,0,0,0,0,0,0,10000,0,0,0,40000,30000,10000,10000
053433,友達日盛99購06  ,0,0,0,0,0,0,0,0,0,10000,0,0,0,10000,0,10000,10000
053461,台郡永昌99購01  ,0,0,0,0,0,0,0,0,0,10000,0,0,0,10000,0,10000,10000
053603,臺股指元大96購20,0,0,0,0,0,0,0,0,0,10000,0,0,0,10000,0,10000,10000
053590,新光金元大9A購02,0,0,0,0,0,0,0,0,0,10000,0,0,0,10000,0,10000,10000
053593,晶技元大98購01  ,0,0,0,0,0,0,0,0,0,10000,0,0,0,45000,35000,10000,10000
053520,康友群益96購01  ,0,0,0,0,0,0,0,0,0,10000,0,0,0,10000,0,10000,10000
053508,元油反群益9A購01,0,0,0,0,0,0,0,0,0,10000,0,0,0,10000,0,10000,10000
053498,大立光兆豐96購03,0,0,0,0,0,0,0,0,0,10000,0,0,0,10000,0,10000,10000
054247,華邦電元大96購04,0,0,0,0,0,0,0,0,0,10000,0,0,0,10000,0,10000,10000
054154,智易國泰97購01  ,0,0,0,0,0,0,0,0,0,10000,0,0,0,10000,0,10000,10000
054026,台積電凱基97購08,0,0,0,0,0,0,0,0,0,10000,0,0,0,10000,0,10000,10000
054030,台苯中信98購01  ,0,0,0,0,0,0,0,0,0,10000,0,0,0,10000,0,10000,10000
054106,元油反凱基9C購01,0,0,0,0,0,0,0,0,0,10000,0,0,0,10000,0,10000,10000
05404P,台積電群益95售06,0,0,0,0,0,0,0,0,0,10000,0,0,0,20000,10000,10000,10000
053892,景碩群益96購02  ,0,0,0,0,0,0,0,0,0,10000,0,0,0,10000,0,10000,10000
053724,聯詠凱基96購04  ,0,0,0,0,0,0,0,0,0,10000,0,0,0,20000,10000,10000,10000
053711,鴻海凱基96購14  ,0,0,0,0,0,0,0,0,0,10000,0,0,0,10000,0,10000,10000
053662,矽力凱基97購01  ,0,0,0,0,0,0,0,0,0,10000,0,0,0,10000,0,10000,10000
05366P,鴻海元富95售12  ,0,0,0,0,0,0,0,0,0,10000,0,0,0,10000,0,10000,10000
053780,南亞科元大96購03,0,0,0,0,0,0,0,0,0,10000,0,0,0,12000,2000,10000,10000
053748,燿華永豐96購04  ,0,0,0,0,0,0,0,0,0,10000,0,0,0,10000,0,10000,10000
054836,勤誠中信97購01  ,0,0,0,0,0,0,0,0,0,10000,0,0,0,10000,0,10000,10000
054816,聯發科元大97購12,0,0,0,0,0,0,0,0,0,10000,0,0,0,13000,3000,10000,10000
054858,台肥群益97購01  ,0,0,0,0,0,0,0,0,0,10000,0,0,0,10000,0,10000,10000
05475P,聯茂亞東95售01  ,0,0,0,0,0,0,0,0,0,10000,0,0,0,10000,0,10000,10000
054718,可成永豐97購01  ,0,0,0,0,0,0,0,0,0,10000,0,0,0,25000,15000,10000,10000
054652,裕隆麥證97購01  ,0,0,0,20000,10000,10000,0,0,0,10000,0,0,0,20000,10000,10000,10000
054644,A50正2群益9B購01,0,0,0,0,0,0,0,0,0,10000,0,0,0,13000,3000,10000,10000
054609,正崴永豐97購01  ,0,0,0,0,0,0,0,0,0,10000,0,0,0,10000,0,10000,10000
054595,正崴麥證97購01  ,0,0,0,10000,0,10000,0,0,0,10000,0,0,0,10000,0,10000,10000
054502,泰碩永豐96購01  ,0,0,0,0,0,0,0,0,0,10000,0,0,0,10000,0,10000,10000
054312,TPK凱基98購01   ,0,0,0,0,0,0,0,0,0,10000,0,0,0,10000,0,10000,10000
054429,中石化台新97購01,0,0,0,0,0,0,0,0,0,10000,0,0,0,10000,0,10000,10000
054389,為升元富96購02  ,0,0,0,0,0,0,0,0,0,10000,0,0,0,20000,10000,10000,10000
054391,宏達電元富96購04,0,0,0,0,0,0,0,0,0,10000,0,0,0,10000,0,10000,10000
03637C,臺股指凱基94牛18,0,0,0,0,0,0,0,0,0,10000,0,0,0,30000,20000,10000,10000
043484,TPK群益93購01   ,0,0,0,0,0,0,0,0,0,10000,0,0,0,10000,0,10000,10000
043475,聯茂元大92購01  ,0,0,0,0,0,0,0,0,0,10000,0,0,0,20000,10000,10000,10000
03522P,牧德元大02售05  ,0,0,0,0,0,0,0,0,0,10000,0,0,0,10000,0,10000,10000
03334P,宏達電元大02售04,0,0,0,0,0,0,0,0,0,10000,0,0,0,10000,0,10000,10000
03294P,欣興永豐02售01  ,0,0,0,0,0,0,0,0,0,10000,0,0,0,10000,0,10000,10000
03414P,臺股指元大03售06,0,0,0,0,0,0,0,0,0,10000,0,0,0,20000,10000,10000,10000
03399P,欣興中信02售03  ,0,0,0,0,0,0,0,0,0,10000,0,0,0,10000,0,10000,10000
04036P,臻鼎群益93售03  ,0,0,0,0,0,0,0,0,0,10000,0,0,0,10000,0,10000,10000
040381,元金2X元富95購01,0,0,0,0,0,0,0,0,0,10000,0,0,0,10000,0,10000,10000
04038P,聯茂群益93售03  ,0,0,0,0,0,0,0,0,0,10000,0,0,0,30000,20000,10000,10000
04380P,欣興元大94售02  ,0,0,0,0,0,0,0,0,0,10000,0,0,0,10000,0,10000,10000
04382P,美律國泰95售01  ,0,0,0,0,0,0,0,0,0,10000,0,0,0,31000,21000,10000,10000
03988P,上海銀群益93售01,0,0,0,0,0,0,0,0,0,10000,0,0,0,10000,0,10000,10000
043730,旭富國泰93購01  ,0,0,0,0,0,0,0,0,0,10000,0,0,0,16000,6000,10000,10000
043749,南亞科元大91購07,0,0,0,0,0,0,0,0,0,10000,0,0,0,10000,0,10000,10000
043682,台積電凱基91購12,0,0,0,0,0,0,0,0,0,10000,0,0,0,10000,0,10000,10000
043616,南亞科亞東91購01,0,0,0,0,0,0,0,0,0,10000,0,0,0,10000,0,10000,10000
043631,華新科凱基91購06,0,0,0,0,0,0,0,0,0,10000,0,0,0,11000,1000,10000,10000
04359P,中磊永豐94售01  ,0,0,0,0,0,0,0,0,0,10000,0,0,0,10000,0,10000,10000
03932P,欣興統一93售01  ,0,0,0,0,0,0,0,0,0,10000,0,0,0,10000,0,10000,10000
03925P,大立光群益93售08,0,0,0,0,0,0,0,0,0,10000,0,0,0,67000,57000,10000,10000
03822P,創意元富93售02  ,0,0,0,0,0,0,0,0,0,10000,0,0,0,10000,0,10000,10000
03758P,GIS永豐93售01   ,0,0,0,0,0,0,0,0,0,10000,0,0,0,10000,0,10000,10000
03177P,國巨群益01售12  ,0,0,0,0,0,0,0,0,0,10000,0,0,0,10000,0,10000,10000
00682U,元大美元指數    ,0,0,0,0,0,0,0,0,0,10000,0,0,0,50000,40000,10000,10000
00757,統一FANG+       ,0,0,0,0,0,0,0,0,0,10000,0,0,0,224000,214000,10000,10000
04083P,欣興統一94售01  ,0,0,0,0,0,0,0,0,0,10000,0,0,0,10000,0,10000,10000
041150,群創富邦91購01  ,0,0,0,0,0,0,0,0,0,10000,0,0,0,10000,0,10000,10000
043940,京元電兆豐92購01,0,0,0,0,0,0,0,0,0,10000,0,0,0,10000,0,10000,10000
043911,可成凱基91購05  ,0,0,0,0,0,0,0,0,0,10000,0,0,0,10000,0,10000,10000
043984,京元電元大91購04,0,0,0,0,0,0,0,0,0,10000,0,0,0,10000,0,10000,10000
043987,禾伸堂元大91購01,0,0,0,0,0,0,0,0,0,10000,0,0,0,10000,0,10000,10000
041528,國泰金中信93購01,0,0,0,0,0,0,0,0,0,10000,0,0,0,10000,0,10000,10000
04163P,可成統一93售03  ,0,0,0,0,0,0,0,0,0,10000,0,0,0,10000,0,10000,10000
044001,南亞科兆豐91購02,0,0,0,0,0,0,0,0,0,10000,0,0,0,10000,0,10000,10000
043027,康友元大92購02  ,0,0,0,0,0,0,0,0,0,10000,0,0,0,10000,0,10000,10000
04311P,奇力新統一95售01,0,0,0,0,0,0,0,0,0,10000,0,0,0,20000,10000,10000,10000
043234,緯穎中信93購01  ,0,0,0,0,0,0,0,0,0,10000,0,0,0,10000,0,10000,10000
042819,聯茂中信92購01  ,0,0,0,0,0,0,0,0,0,10000,0,0,0,100000,90000,10000,10000
042796,永冠元大93購01  ,0,0,0,0,0,0,0,0,0,10000,0,0,0,10000,0,10000,10000
042805,智邦統一93購01  ,0,0,0,0,0,0,0,0,0,10000,0,0,0,10000,0,10000,10000
042765,健鼎元大91購01  ,0,0,0,0,0,0,0,0,0,10000,0,0,0,10000,0,10000,10000
04264P,宏碁統一93售01  ,0,0,0,0,0,0,0,0,0,10000,0,0,0,10000,0,10000,10000
042566,新光金凱基91購02,0,0,0,0,0,0,0,0,0,10000,0,0,0,10000,0,10000,10000
04257P,景碩國票93售01  ,0,0,0,0,0,0,0,0,0,10000,0,0,0,10000,0,10000,10000
04250P,嘉晶統一95售02  ,0,0,0,0,0,0,0,0,0,10000,0,0,0,10000,0,10000,10000
04241P,欣興國泰95售02  ,0,0,0,0,0,0,0,0,0,10000,0,0,0,10000,0,10000,10000
041981,可成兆豐91購01  ,0,0,0,0,0,0,0,0,0,10000,0,0,0,10000,0,10000,10000
041920,可成群益92購01  ,0,0,0,0,0,0,0,0,0,10000,0,0,0,10000,0,10000,10000
041851,台積電元大92購01,0,0,0,0,0,0,0,0,0,10000,0,0,0,10000,0,10000,10000
04186P,創意元富93售04  ,0,0,0,0,0,0,0,0,0,10000,0,0,0,10000,0,10000,10000
043356,聯詠國票92購01  ,0,0,0,0,0,0,0,0,0,10000,0,0,0,10000,0,10000,10000
044756,強茂凱基93購01  ,0,0,0,0,0,0,0,0,0,10000,0,0,0,10000,0,10000,10000
045634,友達凱基93購02  ,0,0,0,0,0,0,0,0,0,10000,0,0,0,10000,0,10000,10000
044778,力成元大91購02  ,0,0,0,0,0,0,0,0,0,10000,0,0,0,10000,0,10000,10000
045641,聯詠凱基92購05  ,0,0,0,0,0,0,0,0,0,10000,0,0,0,30000,20000,10000,10000
045658,儒鴻國泰93購01  ,0,0,0,0,0,0,0,0,0,10000,0,0,0,45000,35000,10000,10000
045701,聯發科中信92購02,0,0,0,0,0,0,0,0,0,10000,0,0,0,20000,10000,10000,10000
045298,旺宏元大94購01  ,0,0,0,0,0,0,0,0,0,10000,0,0,0,10000,0,10000,10000
045813,緯穎國票92購04  ,0,0,0,0,0,0,0,0,0,10000,0,0,0,10000,0,10000,10000
045828,緯穎凱基92購03  ,0,0,0,0,0,0,0,0,0,10000,0,0,0,10000,0,10000,10000
045276,臻鼎統一92購01  ,0,0,0,0,0,0,0,0,0,10000,0,0,0,10000,0,10000,10000
045787,TPK元大93購04   ,0,0,0,0,0,0,0,0,0,10000,0,0,0,10000,0,10000,10000
04576P,上海銀統一94售04,0,0,0,0,0,0,0,0,0,10000,0,0,0,40000,30000,10000,10000
044517,新日興凱基91購01,0,0,0,0,0,0,0,0,0,10000,0,0,0,10000,0,10000,10000
044571,南亞科凱基91購11,0,0,0,0,0,0,0,0,0,10000,0,0,0,10000,0,10000,10000
046085,儒鴻麥證92購01  ,0,0,0,30000,20000,10000,0,0,0,10000,0,0,0,30000,20000,10000,10000
046078,致伸凱基92購04  ,0,0,0,0,0,0,0,0,0,10000,0,0,0,10000,0,10000,10000
044342,亞德客國泰92購01,0,0,0,0,0,0,0,0,0,10000,0,0,0,10000,0,10000,10000
044344,傳奇國泰92購01  ,0,0,0,0,0,0,0,0,0,10000,0,0,0,10000,0,10000,10000
044416,台光電統一91購03,0,0,0,0,0,0,0,0,0,10000,0,0,0,10000,0,10000,10000
044386,滬深2X日盛91購01,0,0,0,0,0,0,0,0,0,10000,0,0,0,10000,0,10000,10000
044241,華新科統一92購01,0,0,0,0,0,0,0,0,0,10000,0,0,0,21000,11000,10000,10000
044302,智邦兆豐93購02  ,0,0,0,0,0,0,0,0,0,10000,0,0,0,35000,25000,10000,10000
044687,南寶凱基93購01  ,0,0,0,0,0,0,0,0,0,10000,0,0,0,10000,0,10000,10000
044678,南亞科凱基91購13,0,0,0,0,0,0,0,0,0,10000,0,0,0,10000,0,10000,10000
044595,鈺齊國票91購01  ,0,0,0,0,0,0,0,0,0,10000,0,0,0,10000,0,10000,10000
044574,潤泰全凱基93購01,0,0,0,0,0,0,0,0,0,10000,0,0,0,10000,0,10000,10000
047814,宏達電凱基93購02,0,0,0,0,0,0,0,0,0,10000,0,0,0,10000,0,10000,10000
04778P,可成凱基94售10  ,0,0,0,0,0,0,0,0,0,10000,0,0,0,45000,35000,10000,10000
047922,聯發科凱基94購01,0,0,0,0,0,0,0,0,0,10000,0,0,0,105000,95000,10000,10000
04802P,國巨凱基94售07  ,0,0,0,0,0,0,0,0,0,10000,0,0,0,60000,50000,10000,10000
048009,中壽富邦94購01  ,0,0,0,0,0,0,0,0,0,10000,0,0,0,10000,0,10000,10000
047672,欣興統一93購03  ,0,0,0,0,0,0,0,0,0,10000,0,0,0,10000,0,10000,10000
047664,智邦永豐93購02  ,0,0,0,0,0,0,0,0,0,10000,0,0,0,110000,100000,10000,10000
048055,燿華國泰95購02  ,0,0,0,0,0,0,0,0,0,10000,0,0,0,30000,20000,10000,10000
044173,矽創元大92購02  ,0,0,0,0,0,0,0,0,0,10000,0,0,0,10000,0,10000,10000
044141,旺宏群益91購02  ,0,0,0,0,0,0,0,0,0,10000,0,0,0,10000,0,10000,10000
045108,康友群益93購02  ,0,0,0,0,0,0,0,0,0,10000,0,0,0,10000,0,10000,10000
046069,禾伸堂凱基92購01,0,0,0,0,0,0,0,0,0,10000,0,0,0,14000,4000,10000,10000
046054,冠德群益93購01  ,0,0,0,0,0,0,0,0,0,10000,0,0,0,10000,0,10000,10000
045143,矽力兆豐92購01  ,0,0,0,0,0,0,0,0,0,10000,0,0,0,10000,0,10000,10000
045148,友達凱基92購01  ,0,0,0,0,0,0,0,0,0,10000,0,0,0,10000,0,10000,10000
045115,玉晶光永豐94購01,0,0,0,0,0,0,0,0,0,10000,0,0,0,10000,0,10000,10000
044923,TPK永豐91購04   ,0,0,0,0,0,0,0,0,0,10000,0,0,0,10000,0,10000,10000
044038,群創群益93購02  ,0,0,0,0,0,0,0,0,0,10000,0,0,0,10000,0,10000,10000
044060,美律元大92購05  ,0,0,0,0,0,0,0,0,0,10000,0,0,0,11000,1000,10000,10000
044996,嘉晶國泰95購01  ,0,0,0,0,0,0,0,0,0,10000,0,0,0,10000,0,10000,10000
045010,可成元大92購04  ,0,0,0,0,0,0,0,0,0,10000,0,0,0,10000,0,10000,10000
045052,聯發科元富92購01,0,0,0,0,0,0,0,0,0,10000,0,0,0,11000,1000,10000,10000
045966,聯詠凱基92購07  ,0,0,0,0,0,0,0,0,0,10000,0,0,0,20000,10000,10000,10000
045970,日月光凱基92購02,0,0,0,0,0,0,0,0,0,10000,0,0,0,60000,50000,10000,10000
046004,群創統一93購02  ,0,0,0,0,0,0,0,0,0,10000,0,0,0,20000,10000,10000,10000
045353,聯詠凱基92購03  ,0,0,0,0,0,0,0,0,0,10000,0,0,0,50000,40000,10000,10000
04534P,臻鼎元富94售03  ,0,0,0,0,0,0,0,0,0,10000,0,0,0,10000,0,10000,10000
045323,可成統一92購03  ,0,0,0,0,0,0,0,0,0,10000,0,0,0,10000,0,10000,10000
045403,喬山台新92購01  ,0,0,0,0,0,0,0,0,0,10000,0,0,0,10000,0,10000,10000
045425,可成凱基92購07  ,0,0,0,0,0,0,0,0,0,10000,0,0,0,10000,0,10000,10000
045433,康友永豐92購01  ,0,0,0,0,0,0,0,0,0,10000,0,0,0,10000,0,10000,10000
045469,貿聯元大92購03  ,0,0,0,0,0,0,0,0,0,10000,0,0,0,223000,213000,10000,10000
045444,群創元富98購02  ,0,0,0,0,0,0,0,0,0,10000,0,0,0,10000,0,10000,10000
045502,聯詠凱基92購04  ,0,0,0,0,0,0,0,0,0,10000,0,0,0,21000,11000,10000,10000
045475,矽力元大92購01  ,0,0,0,0,0,0,0,0,0,10000,0,0,0,10000,0,10000,10000
045531,台郡永豐92購01  ,0,0,0,0,0,0,0,0,0,10000,0,0,0,10000,0,10000,10000
044889,台泥凱基91購01  ,0,0,0,0,0,0,0,0,0,10000,0,0,0,10000,0,10000,10000
045879,致伸元富92購01  ,0,0,0,0,0,0,0,0,0,10000,0,0,0,10000,0,10000,10000
045880,超眾元富92購01  ,0,0,0,0,0,0,0,0,0,10000,0,0,0,10000,0,10000,10000
045870,元油2X元富96購02,0,0,0,0,0,0,0,0,0,10000,0,0,0,15000,5000,10000,10000
045883,元油2X元大95購07,0,0,0,0,0,0,0,0,0,10000,0,0,0,35000,25000,10000,10000
045234,元黃金台新92購01,0,0,0,0,0,0,0,0,0,10000,0,0,0,10000,0,10000,10000
048151,世紀鋼元富93購01,0,0,0,0,0,0,0,0,0,10000,0,0,0,10000,0,10000,10000
048139,南電國票94購02  ,0,0,0,0,0,0,0,0,0,10000,0,0,0,10000,0,10000,10000
048133,臻鼎國票94購01  ,0,0,0,0,0,0,0,0,0,10000,0,0,0,10000,0,10000,10000
048176,美利達國泰94購01,0,0,0,0,0,0,0,0,0,10000,0,0,0,32000,22000,10000,10000
048171,創意永豐93購03  ,0,0,0,0,0,0,0,0,0,10000,0,0,0,10000,0,10000,10000
048452,緯創凱基93購04  ,0,0,0,0,0,0,0,0,0,10000,0,0,0,11000,1000,10000,10000
048454,合勤控凱基94購01,0,0,0,0,0,0,0,0,0,10000,0,0,0,10000,0,10000,10000
048475,台郡永豐93購02  ,0,0,0,0,0,0,0,0,0,10000,0,0,0,10000,0,10000,10000
048386,華新國票94購01  ,0,0,0,0,0,0,0,0,0,10000,0,0,0,10000,0,10000,10000
048282,世紀鋼永豐94購01,0,0,0,0,0,0,0,0,0,10000,0,0,0,10000,0,10000,10000
048285,華新科亞東93購01,0,0,0,0,0,0,0,0,0,10000,0,0,0,10000,0,10000,10000
048331,臺指反富邦97購01,0,0,0,0,0,0,0,0,0,10000,0,0,0,10000,0,10000,10000
048322,康控凱基93購02  ,0,0,0,0,0,0,0,0,0,10000,0,0,0,10000,0,10000,10000
048325,美利達凱基93購05,0,0,0,0,0,0,0,0,0,10000,0,0,0,10000,0,10000,10000
046502,建準元大92購04  ,0,0,0,0,0,0,0,0,0,10000,0,0,0,10000,0,10000,10000
046456,聯發科凱基92購08,0,0,0,0,0,0,0,0,0,10000,0,0,0,20000,10000,10000,10000
046424,正文元大92購04  ,0,0,0,0,0,0,0,0,0,10000,0,0,0,10000,0,10000,10000
046409,富邦金元大92購02,0,0,0,0,0,0,0,0,0,10000,0,0,0,10000,0,10000,10000
046312,可成元大92購10  ,0,0,0,0,0,0,0,0,0,10000,0,0,0,10000,0,10000,10000
046378,聯發科凱基92購04,0,0,0,0,0,0,0,0,0,10000,0,0,0,10000,0,10000,10000
046743,啟碁日盛93購01  ,0,0,0,0,0,0,0,0,0,10000,0,0,0,10000,0,10000,10000
046729,智伸科元大93購01,0,0,0,0,0,0,0,0,0,10000,0,0,0,10000,0,10000,10000
046699,臻鼎凱基93購03  ,0,0,0,0,0,0,0,0,0,10000,0,0,0,20000,10000,10000,10000
046702,旺宏元富93購02  ,0,0,0,0,0,0,0,0,0,10000,0,0,0,12000,2000,10000,10000
048490,寶成富邦93購01  ,0,0,0,0,0,0,0,0,0,10000,0,0,0,10000,0,10000,10000
048791,智原元大94購02  ,0,0,0,0,0,0,0,0,0,10000,0,0,0,282000,272000,10000,10000
048803,大立光富邦96購01,0,0,0,0,0,0,0,0,0,10000,0,0,0,10000,0,10000,10000
048789,大立光元大95購04,0,0,0,0,0,0,0,0,0,10000,0,0,0,122000,112000,10000,10000
048825,華新科凱基94購05,0,0,0,0,0,0,0,0,0,10000,0,0,0,10000,0,10000,10000
048826,宏達電凱基94購01,0,0,0,0,0,0,0,0,0,10000,0,0,0,10000,0,10000,10000
048820,台積電凱基94購06,0,0,0,0,0,0,0,0,0,10000,0,0,0,74000,64000,10000,10000
047966,華通國泰94購01  ,0,0,0,0,0,0,0,0,0,10000,0,0,0,10000,0,10000,10000
047968,南電國泰94購01  ,0,0,0,0,0,0,0,0,0,10000,0,0,0,10000,0,10000,10000
04665P,臺股指國票94售04,0,0,0,0,0,0,0,0,0,10000,0,0,0,10000,0,10000,10000
046651,TPK富邦94購02   ,0,0,0,0,0,0,0,0,0,10000,0,0,0,10000,0,10000,10000
047439,漢唐元大95購01  ,0,0,0,0,0,0,0,0,0,10000,0,0,0,10000,0,10000,10000
047462,和鑫群益93購02  ,0,0,0,0,0,0,0,0,0,10000,0,0,0,10000,0,10000,10000
047494,華邦電元富96購01,0,0,0,0,0,0,0,0,0,10000,0,0,0,12000,2000,10000,10000
046538,大立光群益93購06,0,0,0,0,0,0,0,0,0,10000,0,0,0,28000,18000,10000,10000
047387,美律元大93購05  ,0,0,0,0,0,0,0,0,0,10000,0,0,0,96000,86000,10000,10000
047871,健策永豐93購02  ,0,0,0,0,0,0,0,0,0,10000,0,0,0,91000,81000,10000,10000
046530,聯發科兆豐92購02,0,0,0,0,0,0,0,0,0,10000,0,0,0,10000,0,10000,10000
048244,廣宇兆豐93購01  ,0,0,0,0,0,0,0,0,0,10000,0,0,0,10000,0,10000,10000
048245,台積電兆豐93購07,0,0,0,0,0,0,0,0,0,10000,0,0,0,10000,0,10000,10000
047835,華新科元大93購09,0,0,0,0,0,0,0,0,0,10000,0,0,0,10000,0,10000,10000
047573,儒鴻群益93購04  ,0,0,0,0,0,0,0,0,0,10000,0,0,0,10000,0,10000,10000
047544,台積電凱基93購17,0,0,0,0,0,0,0,0,0,10000,0,0,0,10000,0,10000,10000
048728,台達電麥證94購01,0,0,0,70000,60000,10000,0,0,0,10000,0,0,0,70000,60000,10000,10000
048734,美利達麥證94購01,0,0,0,10000,0,10000,0,0,0,10000,0,0,0,10000,0,10000,10000
048697,華新科國票94購06,0,0,0,0,0,0,0,0,0,10000,0,0,0,14000,4000,10000,10000
046136,南茂富邦92購01  ,0,0,0,0,0,0,0,0,0,10000,0,0,0,10000,0,10000,10000
046959,技嘉中信93購01  ,0,0,0,0,0,0,0,0,0,10000,0,0,0,10000,0,10000,10000
047316,大立光元大94購01,0,0,0,0,0,0,0,0,0,10000,0,0,0,14000,4000,10000,10000
04732P,聯茂群益94售01  ,0,0,0,0,0,0,0,0,0,10000,0,0,0,30000,20000,10000,10000
047290,台積電元富93購04,0,0,0,0,0,0,0,0,0,10000,0,0,0,10000,0,10000,10000
047312,聯發科元大93購13,0,0,0,0,0,0,0,0,0,10000,0,0,0,10000,0,10000,10000
047301,啟碁國泰94購01  ,0,0,0,0,0,0,0,0,0,10000,0,0,0,19000,9000,10000,10000
046824,祥碩凱基93購06  ,0,0,0,0,0,0,0,0,0,10000,0,0,0,10000,0,10000,10000
046221,台化元大92購02  ,0,0,0,0,0,0,0,0,0,10000,0,0,0,10000,0,10000,10000
046213,可成統一92購06  ,0,0,0,0,0,0,0,0,0,10000,0,0,0,10000,0,10000,10000
046770,聯發科國泰94購01,0,0,0,0,0,0,0,0,0,10000,0,0,0,10000,0,10000,10000
046798,元油2X元大96購01,0,0,0,0,0,0,0,0,0,10000,0,0,0,20000,10000,10000,10000
046143,京元電元富92購01,0,0,0,0,0,0,0,0,0,10000,0,0,0,10000,0,10000,10000
046191,新光金凱基98購01,0,0,0,0,0,0,0,0,0,10000,0,0,0,10000,0,10000,10000
046193,大立光凱基92購06,0,0,0,0,0,0,0,0,0,10000,0,0,0,10000,0,10000,10000
046187,友達凱基93購03  ,0,0,0,0,0,0,0,0,0,10000,0,0,0,10000,0,10000,10000
047122,康友元大93購02  ,0,0,0,0,0,0,0,0,0,10000,0,0,0,10000,0,10000,10000
047124,華新中信93購01  ,0,0,0,0,0,0,0,0,0,10000,0,0,0,20000,10000,10000,10000
047093,寶成元富93購01  ,0,0,0,0,0,0,0,0,0,10000,0,0,0,10000,0,10000,10000
047094,聯發科麥證93購02,0,0,0,20000,10000,10000,0,0,0,10000,0,0,0,20000,10000,10000,10000
046873,可成元富93購01  ,0,0,0,0,0,0,0,0,0,10000,0,0,0,10000,0,10000,10000
04685P,訊芯元大94售02  ,0,0,0,0,0,0,0,0,0,10000,0,0,0,10000,0,10000,10000
047205,GIS元富93購03   ,0,0,0,0,0,0,0,0,0,10000,0,0,0,15000,5000,10000,10000
04715P,聯茂元大94售06  ,0,0,0,0,0,0,0,0,0,10000,0,0,0,25000,15000,10000,10000
047136,潤泰全凱基94購01,0,0,0,0,0,0,0,0,0,10000,0,0,0,10000,0,10000,10000
046905,新光金凱基99購01,0,0,0,0,0,0,0,0,0,10000,0,0,0,10000,0,10000,10000
049552,鴻海國泰96購01  ,0,0,0,0,0,0,0,0,0,10000,0,0,0,10000,0,10000,10000
049520,TPK國票95購01   ,0,0,0,0,0,0,0,0,0,10000,0,0,0,10000,0,10000,10000
049503,矽創元大94購01  ,0,0,0,0,0,0,0,0,0,10000,0,0,0,10000,0,10000,10000
049504,臺股指元大94購15,0,0,0,0,0,0,0,0,0,10000,0,0,0,10000,0,10000,10000
049574,新日興統一94購03,0,0,0,0,0,0,0,0,0,10000,0,0,0,20000,10000,10000,10000
049321,緯穎凱基94購02  ,0,0,0,0,0,0,0,0,0,10000,0,0,0,10000,0,10000,10000
049365,美律元大94購04  ,0,0,0,0,0,0,0,0,0,10000,0,0,0,19000,9000,10000,10000
049358,可成富邦94購01  ,0,0,0,0,0,0,0,0,0,10000,0,0,0,10000,0,10000,10000
049392,臺股指麥證94購01,0,0,0,10000,0,10000,0,0,0,10000,0,0,0,10000,0,10000,10000
049446,為升統一94購01  ,0,0,0,0,0,0,0,0,0,10000,0,0,0,20000,10000,10000,10000
049449,宏碁統一94購01  ,0,0,0,0,0,0,0,0,0,10000,0,0,0,10000,0,10000,10000
049012,大成鋼群益94購01,0,0,0,0,0,0,0,0,0,10000,0,0,0,10000,0,10000,10000
048923,國巨永豐94購02  ,0,0,0,0,0,0,0,0,0,10000,0,0,0,52000,42000,10000,10000
049267,瀚宇博元大95購02,0,0,0,0,0,0,0,0,0,10000,0,0,0,10000,0,10000,10000
04922P,日月光凱基94售02,0,0,0,0,0,0,0,0,0,10000,0,0,0,11000,1000,10000,10000
049246,大成鋼元大94購02,0,0,0,0,0,0,0,0,0,10000,0,0,0,10000,0,10000,10000
049228,台塑富邦94購01  ,0,0,0,0,0,0,0,0,0,10000,0,0,0,20000,10000,10000,10000
049099,華新科國泰95購02,0,0,0,0,0,0,0,0,0,10000,0,0,0,10000,0,10000,10000
049102,智伸科國泰96購01,0,0,0,0,0,0,0,0,0,10000,0,0,0,10000,0,10000,10000
049123,可成元富94購01  ,0,0,0,0,0,0,0,0,0,10000,0,0,0,10000,0,10000,10000
05230P,京元電群益95售01,0,0,0,0,0,0,0,0,0,10000,0,0,0,10000,0,10000,10000
052241,台郡國票96購01  ,0,0,0,0,0,0,0,0,0,10000,0,0,0,10000,0,10000,10000
052265,聯發科亞東95購01,0,0,0,0,0,0,0,0,0,10000,0,0,0,10000,0,10000,10000
052228,聯發科凱基96購06,0,0,0,0,0,0,0,0,0,10000,0,0,0,11000,1000,10000,10000
052109,可成元富95購01  ,0,0,0,0,0,0,0,0,0,10000,0,0,0,10000,0,10000,10000
052146,泰碩群益95購01  ,0,0,0,0,0,0,0,0,0,10000,0,0,0,18000,8000,10000,10000
05214P,台積電國票97售02,0,0,0,0,0,0,0,0,0,10000,0,0,0,100000,90000,10000,10000
052153,GIS富邦96購02   ,0,0,0,0,0,0,0,0,0,10000,0,0,0,10000,0,10000,10000
051937,廣達群益95購01  ,0,0,0,0,0,0,0,0,0,10000,0,0,0,39000,29000,10000,10000
051886,道瓊反統一95購03,0,0,0,0,0,0,0,0,0,10000,0,0,0,40000,30000,10000,10000
051709,TPK群益95購02   ,0,0,0,0,0,0,0,0,0,10000,0,0,0,21000,11000,10000,10000
051666,旺宏元大96購05  ,0,0,0,0,0,0,0,0,0,10000,0,0,0,15000,5000,10000,10000
051669,建準元大95購01  ,0,0,0,0,0,0,0,0,0,10000,0,0,0,15000,5000,10000,10000
05142P,華新科台新95售01,0,0,0,0,0,0,0,0,0,10000,0,0,0,10000,0,10000,10000
051441,鴻海元大95購13  ,0,0,0,0,0,0,0,0,0,10000,0,0,0,310000,300000,10000,10000
051433,中磊元富95購01  ,0,0,0,0,0,0,0,0,0,10000,0,0,0,20000,10000,10000,10000
051357,可成元大95購05  ,0,0,0,0,0,0,0,0,0,10000,0,0,0,10000,0,10000,10000
051387,新光金麥證96購01,0,0,0,20000,10000,10000,0,0,0,10000,0,0,0,20000,10000,10000,10000
051403,玉晶光永豐95購05,0,0,0,0,0,0,0,0,0,10000,0,0,0,10000,0,10000,10000
051658,深中小國泰97購01,0,0,0,0,0,0,0,0,0,10000,0,0,0,10000,0,10000,10000
051646,華通永豐96購01  ,0,0,0,0,0,0,0,0,0,10000,0,0,0,10000,0,10000,10000
051540,力成國票95購01  ,0,0,0,0,0,0,0,0,0,10000,0,0,0,10000,0,10000,10000
051518,富邦金凱基95購01,0,0,0,0,0,0,0,0,0,10000,0,0,0,10000,0,10000,10000
05151P,台光電群益95售02,0,0,0,0,0,0,0,0,0,10000,0,0,0,10000,0,10000,10000
05101P,大立光凱基95售11,0,0,0,0,0,0,0,0,0,10000,0,0,0,10000,0,10000,10000
051062,超眾群益95購02  ,0,0,0,0,0,0,0,0,0,10000,0,0,0,40000,30000,10000,10000
051207,聯茂麥證95購01  ,0,0,0,10000,0,10000,0,0,0,10000,0,0,0,10000,0,10000,10000
051245,南亞科元大95購01,0,0,0,0,0,0,0,0,0,10000,0,0,0,16000,6000,10000,10000
051246,美律元大96購01  ,0,0,0,0,0,0,0,0,0,10000,0,0,0,20000,10000,10000,10000
051276,SGBR2X中信97購01,0,0,0,0,0,0,0,0,0,10000,0,0,0,10000,0,10000,10000
051285,鴻海統一95購07  ,0,0,0,0,0,0,0,0,0,10000,0,0,0,10000,0,10000,10000
050699,京鼎凱基96購01  ,0,0,0,0,0,0,0,0,0,10000,0,0,0,136000,126000,10000,10000
050726,可成國票96購01  ,0,0,0,0,0,0,0,0,0,10000,0,0,0,20000,10000,10000,10000
050745,茂林永豐94購06  ,0,0,0,0,0,0,0,0,0,10000,0,0,0,10000,0,10000,10000
050793,大立光富邦96購03,0,0,0,0,0,0,0,0,0,10000,0,0,0,20000,10000,10000,10000
050846,緯創國票96購01  ,0,0,0,0,0,0,0,0,0,10000,0,0,0,10000,0,10000,10000
05095P,景碩元大95售01  ,0,0,0,0,0,0,0,0,0,10000,0,0,0,50000,40000,10000,10000
050427,台積電凱基94購34,0,0,0,0,0,0,0,0,0,10000,0,0,0,10000,0,10000,10000
050478,致新永豐94購02  ,0,0,0,0,0,0,0,0,0,10000,0,0,0,10000,0,10000,10000
050466,瑞儀中信94購01  ,0,0,0,0,0,0,0,0,0,10000,0,0,0,10000,0,10000,10000
050406,台積電台新95購02,0,0,0,0,0,0,0,0,0,10000,0,0,0,10000,0,10000,10000
050394,大立光元富94購09,0,0,0,0,0,0,0,0,0,10000,0,0,0,10000,0,10000,10000
050328,臻鼎永豐94購03  ,0,0,0,0,0,0,0,0,0,10000,0,0,0,10000,0,10000,10000
050594,康友永豐94購01  ,0,0,0,0,0,0,0,0,0,10000,0,0,0,46000,36000,10000,10000
050576,南亞科國票95購01,0,0,0,0,0,0,0,0,0,10000,0,0,0,60000,50000,10000,10000
050577,美律國票94購03  ,0,0,0,0,0,0,0,0,0,10000,0,0,0,10000,0,10000,10000
050620,和碩元大94購04  ,0,0,0,0,0,0,0,0,0,10000,0,0,0,35000,25000,10000,10000
050651,大立光凱基96購02,0,0,0,0,0,0,0,0,0,10000,0,0,0,10000,0,10000,10000
050066,華固凱基94購01  ,0,0,0,0,0,0,0,0,0,10000,0,0,0,10000,0,10000,10000
050009,昇陽半永豐94購02,0,0,0,0,0,0,0,0,0,10000,0,0,0,70000,60000,10000,10000
049987,智易凱基94購03  ,0,0,0,0,0,0,0,0,0,10000,0,0,0,13000,3000,10000,10000
050037,金融類元大94購03,0,0,0,0,0,0,0,0,0,10000,0,0,0,10000,0,10000,10000
050204,華新科群益94購05,0,0,0,0,0,0,0,0,0,10000,0,0,0,70000,60000,10000,10000
050174,技嘉元大94購01  ,0,0,0,0,0,0,0,0,0,10000,0,0,0,10000,0,10000,10000
050187,群創元大94購03  ,0,0,0,0,0,0,0,0,0,10000,0,0,0,96000,86000,10000,10000
050321,GIS國票95購02   ,0,0,0,0,0,0,0,0,0,10000,0,0,0,10000,0,10000,10000
049742,日月光群益94購02,0,0,0,0,0,0,0,0,0,10000,0,0,0,106000,96000,10000,10000
049771,GIS元富94購02   ,0,0,0,0,0,0,0,0,0,10000,0,0,0,10000,0,10000,10000
049764,TPK國泰95購01   ,0,0,0,0,0,0,0,0,0,10000,0,0,0,40000,30000,10000,10000
049641,台達電凱基94購08,0,0,0,0,0,0,0,0,0,10000,0,0,0,30000,20000,10000,10000
049801,可成元大94購09  ,0,0,0,0,0,0,0,0,0,10000,0,0,0,10000,0,10000,10000
049802,可成元大94購10  ,0,0,0,0,0,0,0,0,0,10000,0,0,0,10000,0,10000,10000
08625P,台灣50凱基96售05,0,0,0,0,0,0,0,0,0,10000,0,0,0,10000,0,10000,10000
1109,信大            ,48000,38000,10000,0,0,0,0,0,0,0,0,0,0,0,0,0,10000
08951P,臺股指國票01售08,0,0,0,0,0,0,0,0,0,10000,0,0,0,10000,0,10000,10000
06062P,宏達電元富97售01,0,0,0,0,0,0,0,0,0,10000,0,0,0,10000,0,10000,10000
06027P,鴻海台新96售04  ,0,0,0,0,0,0,0,0,0,10000,0,0,0,10000,0,10000,10000
05985P,燿華統一96售03  ,0,0,0,0,0,0,0,0,0,10000,0,0,0,10000,0,10000,10000
05948P,茂林元大96售03  ,0,0,0,0,0,0,0,0,0,10000,0,0,0,10000,0,10000,10000
05717P,鴻海元大97售07  ,0,0,0,0,0,0,0,0,0,10000,0,0,0,68000,58000,10000,10000
05658P,日月光元富96售02,0,0,0,0,0,0,0,0,0,10000,0,0,0,10000,0,10000,10000
05625P,國巨國票97售01  ,0,0,0,0,0,0,0,0,0,10000,0,0,0,14000,4000,10000,10000
05591P,義隆群益96售03  ,0,0,0,0,0,0,0,0,0,10000,0,0,0,10000,0,10000,10000
05612P,台積電元大96售13,0,0,0,0,0,0,0,0,0,10000,0,0,0,217000,207000,10000,10000
05586P,臺股指凱基96售15,0,0,0,0,0,0,0,0,0,10000,0,0,0,20000,10000,10000,10000
05542P,滬深2X元富96售01,0,0,0,0,0,0,0,0,0,10000,0,0,0,10000,0,10000,10000
05508P,華通統一97售01  ,0,0,0,0,0,0,0,0,0,10000,0,0,0,10000,0,10000,10000
054975,福懋科元大97購01,0,0,0,0,0,0,0,0,0,10000,0,0,0,10000,0,10000,10000
3617,碩天            ,20000,11000,9000,0,0,0,0,0,0,1000,1000,0,1000,0,0,0,10000
9906,欣巴巴          ,8000,1665,6335,0,0,0,0,0,0,3000,3000,0,3000,0,0,0,9335
054461,台積電凱基97購09,0,0,0,0,0,0,0,0,0,9000,0,0,0,60000,51000,9000,9000
054522,康友元大96購07  ,0,0,0,0,0,0,0,0,0,9000,0,0,0,125000,116000,9000,9000
054733,鴻海凱基98購04  ,0,0,0,0,0,0,0,0,0,9000,0,0,0,9000,0,9000,9000
054764,亞光國票98購01  ,0,0,0,0,0,0,0,0,0,9000,0,0,0,10000,1000,9000,9000
053783,聯發科元大96購17,0,0,0,0,0,0,0,0,0,9000,0,0,0,65000,56000,9000,9000
05367P,鴻海元富95售13  ,0,0,0,0,0,0,0,0,0,9000,0,0,0,9000,0,9000,9000
053913,華新國票97購01  ,0,0,0,0,0,0,0,0,0,9000,0,0,0,19000,10000,9000,9000
053871,臻鼎元大96購03  ,0,0,0,0,0,0,0,0,0,9000,0,0,0,65000,56000,9000,9000
054175,高鐵台新97購01  ,0,0,0,0,0,0,0,0,0,9000,0,0,0,38000,29000,9000,9000
053526,正崴中信96購01  ,0,0,0,0,0,0,0,0,0,9000,0,0,0,9000,0,9000,9000
053350,台表科國票97購02,0,0,0,0,0,0,0,0,0,9000,0,0,0,25000,16000,9000,9000
052483,超眾群益95購03  ,0,0,0,0,0,0,0,0,0,9000,0,0,0,42000,33000,9000,9000
052876,GIS凱基96購03   ,0,0,0,0,0,0,0,0,0,9000,0,0,0,94000,85000,9000,9000
045606,喬山群益92購01  ,0,0,0,0,0,0,0,0,0,9000,0,0,0,10000,1000,9000,9000
045443,群創元富98購01  ,0,0,0,0,0,0,0,0,0,9000,0,0,0,9000,0,9000,9000
045992,鴻海富邦94購01  ,0,0,0,0,0,0,0,0,0,9000,0,0,0,9000,0,9000,9000
044848,華邦電統一94購01,0,0,0,0,0,0,0,0,0,9000,0,0,0,37000,28000,9000,9000
045640,嘉晶凱基93購01  ,0,0,0,0,0,0,0,0,0,9000,0,0,0,35000,26000,9000,9000
044705,群創元大93購03  ,0,0,0,0,0,0,0,0,0,9000,0,0,0,220000,211000,9000,9000
042681,嘉聯益元大92購01,0,0,0,0,0,0,0,0,0,9000,0,0,0,10000,1000,9000,9000
00658L,國泰日本正2     ,0,0,0,0,0,0,0,0,0,9000,0,0,0,172000,163000,9000,9000
043718,鴻海統一91購04  ,0,0,0,0,0,0,0,0,0,9000,0,0,0,10000,1000,9000,9000
049231,鴻海富邦95購02  ,0,0,0,0,0,0,0,0,0,9000,0,0,0,14000,5000,9000,9000
04903P,全新永豐94售05  ,0,0,0,0,0,0,0,0,0,9000,0,0,0,48000,39000,9000,9000
049294,南亞科群益94購01,0,0,0,0,0,0,0,0,0,9000,0,0,0,20000,11000,9000,9000
046162,致新群益92購01  ,0,0,0,0,0,0,0,0,0,9000,0,0,0,9000,0,9000,9000
047239,瀚宇博凱基94購01,0,0,0,0,0,0,0,0,0,9000,0,0,0,9000,0,9000,9000
046265,高鐵凱基92購03  ,0,0,0,0,0,0,0,0,0,9000,0,0,0,10000,1000,9000,9000
046268,嘉晶凱基93購02  ,0,0,0,0,0,0,0,0,0,9000,0,0,0,9000,0,9000,9000
048615,貿聯凱基93購04  ,0,0,0,0,0,0,0,0,0,9000,0,0,0,9000,0,9000,9000
049851,致伸群益94購03  ,0,0,0,0,0,0,0,0,0,9000,0,0,0,151000,142000,9000,9000
050390,聯發科統一94購09,0,0,0,0,0,0,0,0,0,9000,0,0,0,9000,0,9000,9000
05043P,佳世達元富95售01,0,1000,-1000,0,0,0,0,0,0,10000,0,0,0,10000,0,10000,9000
050844,大立光國票96購01,30000,20000,10000,0,0,0,0,0,0,-1000,0,0,0,30000,31000,-1000,9000
050894,旺宏元大96購03  ,0,0,0,0,0,0,0,0,0,9000,0,0,0,9000,0,9000,9000
051274,華新科亞東96購01,0,0,0,0,0,0,0,0,0,9000,0,0,0,9000,0,9000,9000
051334,宏達電永豐95購01,0,0,0,0,0,0,0,0,0,9000,0,0,0,37000,28000,9000,9000
052227,瑞昱凱基95購05  ,0,0,0,0,0,0,0,0,0,9000,0,0,0,20000,11000,9000,9000
9931,欣高            ,9000,0,9000,0,0,0,0,0,0,0,0,0,0,0,0,0,9000
6531,愛普            ,213000,197000,16000,0,0,0,0,0,0,-7000,8000,15000,-7000,0,0,0,9000
3346,麗清            ,10000,1000,9000,0,0,0,0,0,0,0,0,0,0,0,0,0,9000
3003,健和興          ,42000,63000,-21000,0,0,0,25000,0,25000,5000,3000,1000,2000,3000,0,3000,9000
055042,得力永豐97購01  ,0,0,0,0,0,0,0,0,0,9000,0,0,0,60000,51000,9000,9000
055136,聯發科富邦99購06,0,0,0,0,0,0,0,0,0,9000,0,0,0,10000,1000,9000,9000
05798P,臺股指群益96售12,0,0,0,0,0,0,0,0,0,9000,0,0,0,21000,12000,9000,9000
1256,鮮活果汁-KY     ,11000,2000,9000,0,0,0,0,0,0,0,0,0,0,0,0,0,9000
052998,拓凱康和96購01  ,0,0,0,0,0,0,0,0,0,8000,0,0,0,30000,22000,8000,8000
05239P,欣興永豐95售03  ,0,0,0,0,0,0,0,0,0,8000,0,0,0,8000,0,8000,8000
052511,聯發科凱基95購14,0,0,0,0,0,0,0,0,0,8000,0,0,0,10000,2000,8000,8000
052555,漢唐國票97購01  ,0,0,0,0,0,0,0,0,0,8000,0,0,0,49000,41000,8000,8000
053320,華新科群益97購01,0,0,0,0,0,0,0,0,0,8000,0,0,0,25000,17000,8000,8000
053437,啟碁日盛96購01  ,0,0,0,0,0,0,0,0,0,8000,0,0,0,43000,35000,8000,8000
053295,奇力新中信96購01,0,0,0,0,0,0,0,0,0,8000,0,0,0,29000,21000,8000,8000
054212,聯詠國票97購03  ,0,0,0,0,0,0,0,0,0,8000,0,0,0,8000,0,8000,8000
053853,康控國泰97購02  ,0,0,0,0,0,0,0,0,0,8000,0,0,0,38000,30000,8000,8000
053690,南亞科元大96購02,0,0,0,0,0,0,0,0,0,8000,0,0,0,8000,0,8000,8000
054547,鴻海凱基98購02  ,0,0,0,0,0,0,0,0,0,8000,0,0,0,13000,5000,8000,8000
043705,力成永豐91購01  ,0,0,0,0,0,0,0,0,0,8000,0,0,0,8000,0,8000,8000
035275,台積電台新97購01,0,0,0,0,0,0,0,0,0,8000,0,0,0,8000,0,8000,8000
03638C,T50反1元大94牛03,0,0,0,0,0,0,0,0,0,8000,0,0,0,20000,12000,8000,8000
03640C,元油2X元大9B牛02,0,0,0,0,0,0,0,0,0,8000,0,0,0,10000,2000,8000,8000
00645,富邦日本        ,0,0,0,0,0,0,0,0,0,8000,0,0,0,74000,66000,8000,8000
00763U,街口道瓊銅      ,0,0,0,0,0,0,0,0,0,8000,0,0,0,8000,0,8000,8000
03005X,元展05          ,0,0,0,0,0,0,0,0,0,8000,0,0,0,8000,0,8000,8000
03740P,奇鋐群益94售01  ,0,0,0,0,0,0,0,0,0,8000,0,0,0,8000,0,8000,8000
042558,瑞昱中信94購01  ,0,0,0,0,0,0,0,0,0,8000,0,0,0,220000,212000,8000,8000
04323P,強茂元大93售02  ,0,0,0,0,0,0,0,0,0,8000,0,0,0,58000,50000,8000,8000
041921,台灣50凱基93購04,0,0,0,0,0,0,0,0,0,8000,0,0,0,8000,0,8000,8000
044878,元上證群益93購01,0,0,0,0,0,0,0,0,0,8000,0,0,0,8000,0,8000,8000
045055,聯發科元富98購03,0,0,0,0,0,0,0,0,0,8000,0,0,0,10000,2000,8000,8000
044998,玉晶光國泰94購01,0,0,0,0,0,0,0,0,0,8000,0,0,0,8000,0,8000,8000
046025,台積電元大92購18,0,0,0,0,0,0,0,0,0,8000,0,0,0,8000,0,8000,8000
045252,國巨凱基93購03  ,0,0,0,0,0,0,0,0,0,8000,0,0,0,10000,2000,8000,8000
04585P,楠梓電永豐94售02,0,0,0,0,0,0,0,0,0,8000,0,0,0,10000,2000,8000,8000
048013,智易國票93購01  ,0,0,0,0,0,0,0,0,0,8000,0,0,0,8000,0,8000,8000
047699,亞德客凱基93購04,0,0,0,0,0,0,0,0,0,8000,0,0,0,20000,12000,8000,8000
048417,國巨統一94購01  ,0,0,0,0,0,0,0,0,0,8000,0,0,0,10000,2000,8000,8000
046322,群創元大92購08  ,0,0,0,0,0,0,0,0,0,8000,0,0,0,8000,0,8000,8000
046642,南電永豐93購01  ,0,0,0,0,0,0,0,0,0,8000,0,0,0,42000,34000,8000,8000
048860,玉晶光群益96購03,0,0,0,0,0,0,0,0,0,8000,0,0,0,114000,106000,8000,8000
047276,中工永豐93購01  ,0,0,0,0,0,0,0,0,0,8000,0,0,0,8000,0,8000,8000
047266,嘉聯益國票94購02,0,0,0,0,0,0,0,0,0,8000,0,0,0,24000,16000,8000,8000
046831,大立光群益94購01,0,0,0,0,0,0,0,0,0,8000,0,0,0,14000,6000,8000,8000
049430,國巨國票95購02  ,0,0,0,0,0,0,0,0,0,8000,0,0,0,8000,0,8000,8000
049485,台積電元大96購03,0,0,0,0,0,0,0,0,0,8000,0,0,0,10000,2000,8000,8000
049261,大立光元大94購08,0,0,0,0,0,0,0,0,0,8000,0,0,0,47000,39000,8000,8000
049170,亞德客凱基94購01,0,0,0,0,0,0,0,0,0,8000,0,0,0,27000,19000,8000,8000
052212,可成元大95購11  ,0,0,0,0,0,0,0,0,0,8000,0,0,0,10000,2000,8000,8000
052049,緯創凱基97購01  ,0,0,0,0,0,0,0,0,0,8000,0,0,0,22000,14000,8000,8000
052075,旺宏元富95購03  ,0,0,0,0,0,0,0,0,0,8000,0,0,0,28000,20000,8000,8000
05123P,鴻海永昌96售07  ,0,0,0,0,0,0,0,0,0,8000,0,0,0,740000,732000,8000,8000
05088P,大立光富邦99售01,0,0,0,0,0,0,0,0,0,8000,0,0,0,8000,0,8000,8000
050896,華新科元大96購02,0,0,0,0,0,0,0,0,0,8000,0,0,0,50000,42000,8000,8000
05087P,GIS國泰96售01   ,0,0,0,0,0,0,0,0,0,8000,0,0,0,10000,2000,8000,8000
050718,茂林群益94購04  ,0,0,0,0,0,0,0,0,0,8000,0,0,0,8000,0,8000,8000
050372,全新元大96購03  ,0,0,0,0,0,0,0,0,0,8000,0,0,0,131000,123000,8000,8000
050669,嘉晶永豐96購01  ,0,0,0,0,0,0,0,0,0,8000,0,0,0,8000,0,8000,8000
049799,旺宏元大96購01  ,0,0,0,0,0,0,0,0,0,8000,0,0,0,31000,23000,8000,8000
1225,福懋油          ,9000,1000,8000,0,0,0,0,0,0,0,0,0,0,0,0,0,8000
1436,華友聯          ,12000,4000,8000,0,0,0,0,0,0,0,0,0,0,0,0,0,8000
05945P,聯詠中信96售01  ,0,0,0,0,0,0,0,0,0,8000,0,0,0,8000,0,8000,8000
2114,鑫永銓          ,9000,1000,8000,0,0,0,0,0,0,0,0,0,0,0,0,0,8000
05545P,台表科國泰98售01,0,0,0,0,0,0,0,0,0,8000,0,0,0,30000,22000,8000,8000
055149,國巨元大97購06  ,0,0,0,0,0,0,0,0,0,8000,0,0,0,8000,0,8000,8000
055107,旺宏凱基98購04  ,0,0,0,0,0,0,0,0,0,8000,0,0,0,10000,2000,8000,8000
2546,根基            ,13000,5000,8000,0,0,0,0,0,0,0,0,0,0,0,0,0,8000
4576,大銀微系統      ,8000,0,8000,0,0,0,0,0,0,0,0,0,0,0,0,0,8000
9904,寶成            ,1134700,1415000,-280300,0,0,0,304000,0,304000,-16000,0,9000,-9000,2000,9000,-7000,7700
054514,道瓊銀元大98購01,0,0,0,0,0,0,0,0,0,7000,0,0,0,32000,25000,7000,7000
054771,茂林國票98購02  ,0,0,0,0,0,0,0,0,0,7000,0,0,0,7000,0,7000,7000
054606,台積電永豐97購02,0,0,0,0,0,0,0,0,0,7000,0,0,0,7000,0,7000,7000
053905,華新科凱基96購10,0,0,0,0,0,0,0,0,0,7000,0,0,0,17000,10000,7000,7000
054288,華邦電元大96購05,0,0,0,0,0,0,0,0,0,7000,0,0,0,12000,5000,7000,7000
054133,奇力新元大97購04,0,0,0,0,0,0,0,0,0,7000,0,0,0,32000,25000,7000,7000
054075,GIS富邦97購02   ,0,0,0,0,0,0,0,0,0,7000,0,0,0,10000,3000,7000,7000
05412P,泰碩國票95售02  ,0,0,0,0,0,0,0,0,0,7000,0,0,0,27000,20000,7000,7000
053981,康控元大96購05  ,0,0,0,0,0,0,0,0,0,7000,0,0,0,454000,447000,7000,7000
053189,聯發科統一96購05,0,0,0,0,0,0,0,0,0,7000,0,0,0,7000,0,7000,7000
053401,臺股指中信99購01,0,0,0,0,0,0,0,0,0,7000,0,0,0,12000,5000,7000,7000
053546,台積電凱基96購13,0,0,0,0,0,0,0,0,0,7000,0,0,0,7000,0,7000,7000
053587,京元電元大98購01,0,0,0,0,0,0,0,0,0,7000,0,0,0,408000,401000,7000,7000
047806,旺宏凱基93購05  ,0,0,0,0,0,0,0,0,0,7000,0,0,0,90000,83000,7000,7000
044633,台郡元大92購03  ,0,0,0,0,0,0,0,0,0,7000,0,0,0,7000,0,7000,7000
04452P,超眾國泰95售01  ,0,0,0,0,0,0,0,0,0,7000,0,0,0,89000,82000,7000,7000
044474,鈺齊群益91購01  ,0,0,0,0,0,0,0,0,0,7000,0,0,0,11000,4000,7000,7000
045258,漢唐凱基93購01  ,0,0,0,0,0,0,0,0,0,7000,0,0,0,27000,20000,7000,7000
04547P,高鐵元大94售01  ,0,0,0,0,0,0,0,0,0,7000,0,0,0,11000,4000,7000,7000
044155,台積電永豐91購03,0,0,0,0,0,0,0,0,0,7000,0,0,0,7000,0,7000,7000
044126,奇力新凱基93購01,0,0,0,0,0,0,0,0,0,7000,0,0,0,150000,143000,7000,7000
044182,鴻海元富92購01  ,0,0,0,0,0,0,0,0,0,7000,0,0,0,7000,0,7000,7000
04392P,牧德凱基94售05  ,0,0,0,0,0,0,0,0,0,7000,0,0,0,10000,3000,7000,7000
039726,台積電群益91購01,0,0,0,0,0,0,0,0,0,7000,0,0,0,7000,0,7000,7000
03645C,臺股指凱基96牛27,0,0,0,0,0,0,0,0,0,7000,0,0,0,7000,0,7000,7000
03420P,牧德群益02售04  ,0,0,0,0,0,0,0,0,0,7000,0,0,0,216000,209000,7000,7000
049254,台積電元大96購02,0,0,0,0,0,0,0,0,0,7000,0,0,0,7000,0,7000,7000
048949,昇陽半永豐94購01,0,0,0,0,0,0,0,0,0,7000,0,0,0,7000,0,7000,7000
049580,國巨元大94購07  ,0,0,0,0,0,0,0,0,0,7000,0,0,0,7000,0,7000,7000
046799,儒鴻元大93購01  ,0,0,0,0,0,0,0,0,0,7000,0,0,0,7000,0,7000,7000
046155,道瓊反群益94購01,0,0,0,0,0,0,0,0,0,7000,0,0,0,12000,5000,7000,7000
047311,台積電元大93購19,0,0,0,0,0,0,0,0,0,7000,0,0,0,36000,29000,7000,7000
046964,祥碩中信93購01  ,0,0,0,0,0,0,0,0,0,7000,0,0,0,47000,40000,7000,7000
046961,大立光中信95購02,0,0,0,0,0,0,0,0,0,7000,0,0,0,22000,15000,7000,7000
048719,亞光永豐94購01  ,0,0,0,0,0,0,0,0,0,7000,0,0,0,10000,3000,7000,7000
046321,群創元大92購07  ,0,0,0,0,0,0,0,0,0,7000,0,0,0,7000,0,7000,7000
046300,嘉聯益富邦94購01,0,0,0,0,0,0,0,0,0,7000,0,0,0,33000,26000,7000,7000
046236,緯穎元大93購05  ,0,0,0,0,0,0,0,0,0,7000,0,0,0,7000,0,7000,7000
048667,旺宏永豐94購02  ,0,0,0,0,0,0,0,0,0,7000,0,0,0,93000,86000,7000,7000
048223,微星凱基93購02  ,0,0,0,0,0,0,0,0,0,7000,0,0,0,7000,0,7000,7000
048214,滬深2X凱基96購03,0,0,0,0,0,0,0,0,0,7000,0,0,0,7000,0,7000,7000
049805,美食元大94購02  ,0,0,0,0,0,0,0,0,0,7000,0,0,0,7000,0,7000,7000
049837,臺股指凱基96購02,0,0,0,0,0,0,0,0,0,7000,0,0,0,7000,0,7000,7000
049759,元黃金富邦9A購01,0,0,0,0,0,0,0,0,0,7000,0,0,0,77000,70000,7000,7000
050239,廣達凱基94購01  ,0,0,0,0,0,0,0,0,0,7000,0,0,0,107000,100000,7000,7000
050557,台積電統一94購13,0,0,0,0,0,0,0,0,0,7000,0,0,0,7000,0,7000,7000
051150,宏達電凱基95購02,0,0,0,0,0,0,0,0,0,7000,0,0,0,12000,5000,7000,7000
051450,世芯元大95購02  ,0,0,0,0,0,0,0,0,0,7000,0,0,0,27000,20000,7000,7000
051471,國巨凱基97購01  ,0,0,0,0,0,0,0,0,0,7000,0,0,0,18000,11000,7000,7000
05187P,力山凱基95售01  ,0,0,0,0,0,0,0,0,0,7000,0,0,0,7000,0,7000,7000
05745P,富邦金兆豐96售02,0,0,0,0,0,0,0,0,0,7000,0,0,0,7000,0,7000,7000
2305,全友            ,10000,0,10000,0,0,0,0,0,0,-3000,0,3000,-3000,0,0,0,7000
1473,台南            ,33000,29000,4000,0,0,0,0,0,0,3000,3000,0,3000,0,0,0,7000
2506,太設            ,7000,0,7000,0,0,0,0,0,0,0,0,0,0,0,0,0,7000
1467,南緯            ,0,0,0,0,0,0,0,0,0,7000,7000,0,7000,0,0,0,7000
2705,六福            ,9000,2750,6250,0,0,0,0,0,0,0,0,0,0,0,0,0,6250
053550,聯發科凱基96購15,0,0,0,0,0,0,0,0,0,6000,0,0,0,25000,19000,6000,6000
053257,華通富邦97購01  ,0,0,0,0,0,0,0,0,0,6000,0,0,0,230000,224000,6000,6000
052659,上証2X國票99購01,0,0,0,0,0,0,0,0,0,6000,0,0,0,6000,0,6000,6000
052383,臺股指元大95購29,0,0,0,0,0,0,0,0,0,6000,0,0,0,6000,0,6000,6000
05232P,緯穎群益95售01  ,0,0,0,0,0,0,0,0,0,6000,0,0,0,16000,10000,6000,6000
052795,健策兆豐97購01  ,0,0,0,0,0,0,0,0,0,6000,0,0,0,70000,64000,6000,6000
052814,上証2X永豐96購02,0,0,0,0,0,0,0,0,0,6000,0,0,0,9000,3000,6000,6000
054011,旺宏永豐96購05  ,0,0,0,0,0,0,0,0,0,6000,0,0,0,6000,0,6000,6000
053659,智原凱基97購01  ,0,0,0,0,0,0,0,0,0,6000,0,0,0,15000,9000,6000,6000
053660,群創凱基98購08  ,0,0,0,0,0,0,0,0,0,6000,0,0,0,6000,0,6000,6000
054613,大立光永豐97購02,0,0,0,0,0,0,0,0,0,6000,0,0,0,10000,4000,6000,6000
054544,統一中信97購01  ,0,0,0,0,0,0,0,0,0,6000,0,0,0,20000,14000,6000,6000
043840,臺股指國票91購14,0,0,0,0,0,0,0,0,0,6000,0,0,0,6000,0,6000,6000
00742,新光內需收益    ,0,0,0,0,0,0,0,0,0,6000,0,0,0,6000,0,6000,6000
045736,台積電群益94購01,0,0,0,0,0,0,0,0,0,6000,0,0,0,33000,27000,6000,6000
045281,鴻海富邦92購01  ,0,0,0,0,0,0,0,0,0,6000,0,0,0,6000,0,6000,6000
044844,國巨統一93購04  ,0,0,0,0,0,0,0,0,0,6000,0,0,0,6000,0,6000,6000
044831,同欣電永豐91購01,0,0,0,0,0,0,0,0,0,6000,0,0,0,10000,4000,6000,6000
042086,新光金凱基91購01,0,0,0,0,0,0,0,0,0,6000,0,0,0,6000,0,6000,6000
043378,宏達電元大93購02,0,0,0,0,0,0,0,0,0,6000,0,0,0,6000,0,6000,6000
045986,南亞科永昌93購01,0,0,0,0,0,0,0,0,0,6000,0,0,0,14000,8000,6000,6000
046010,大立光元富92購03,0,0,0,0,0,0,0,0,0,6000,0,0,0,11000,5000,6000,6000
045440,旺宏元富92購01  ,0,0,0,0,0,0,0,0,0,6000,0,0,0,11000,5000,6000,6000
044670,台積電富邦91購03,0,0,0,0,0,0,0,0,0,6000,0,0,0,6000,0,6000,6000
044275,欣興群益92購01  ,0,0,0,0,0,0,0,0,0,6000,0,0,0,6000,0,6000,6000
047804,鴻海凱基93購26  ,0,0,0,0,0,0,0,0,0,6000,0,0,0,19000,13000,6000,6000
047663,亞德客永豐93購03,0,0,0,0,0,0,0,0,0,6000,0,0,0,104000,98000,6000,6000
048217,亞德客凱基93購06,0,0,0,0,0,0,0,0,0,6000,0,0,0,30000,24000,6000,6000
048293,聯詠群益93購04  ,0,0,0,0,0,0,0,0,0,6000,0,0,0,67000,61000,6000,6000
046252,冠德群益92購01  ,0,0,0,0,0,0,0,0,0,6000,0,0,0,10000,4000,6000,6000
048511,美律凱基93購07  ,0,0,0,0,0,0,0,0,0,6000,0,0,0,16000,10000,6000,6000
046324,健策元大92購05  ,0,0,0,0,0,0,0,0,0,6000,0,0,0,6000,0,6000,6000
046441,儒鴻兆豐92購01  ,0,0,0,0,0,0,0,0,0,6000,0,0,0,16000,10000,6000,6000
048706,緯穎國票94購01  ,0,0,0,0,0,0,0,0,0,6000,0,0,0,6000,0,6000,6000
047405,香港2X統一96購01,0,0,0,0,0,0,0,0,0,6000,0,0,0,6000,0,6000,6000
047840,新日興元大93購03,0,0,0,0,0,0,0,0,0,6000,0,0,0,6000,0,6000,6000
047396,力成元大93購01  ,0,0,0,0,0,0,0,0,0,6000,0,0,0,30000,24000,6000,6000
047982,奇力新群益93購05,0,0,0,0,0,0,0,0,0,6000,0,0,0,6000,0,6000,6000
048802,聯發科富邦94購03,0,0,0,0,0,0,0,0,0,6000,0,0,0,6000,0,6000,6000
047235,嘉澤凱基93購01  ,0,0,0,0,0,0,0,0,0,6000,0,0,0,30000,24000,6000,6000
047211,華新科富邦99購01,0,0,0,0,0,0,0,0,0,6000,0,0,0,6000,0,6000,6000
04731P,臺股指中信96售03,0,0,0,0,0,0,0,0,0,6000,0,0,0,41000,35000,6000,6000
046151,矽創國票92購02  ,0,0,0,0,0,0,0,0,0,6000,0,0,0,6000,0,6000,6000
048091,漢唐凱基93購03  ,0,0,0,0,0,0,0,0,0,6000,0,0,0,10000,4000,6000,6000
04905P,國巨國票94售04  ,0,0,0,0,0,0,0,0,0,6000,0,0,0,51000,45000,6000,6000
049091,訊連凱基94購01  ,0,0,0,0,0,0,0,0,0,6000,0,0,0,6000,0,6000,6000
051788,奇力新國票97購02,0,0,0,0,0,0,0,0,0,6000,0,0,0,60000,54000,6000,6000
05212P,台積電國票96售04,0,0,0,0,0,0,0,0,0,6000,0,0,0,36000,30000,6000,6000
051571,南茂富邦95購01  ,0,0,0,0,0,0,0,0,0,6000,0,0,0,210000,204000,6000,6000
05158P,華通永豐95售01  ,0,0,0,0,0,0,0,0,0,6000,0,0,0,6000,0,6000,6000
051594,和碩元大96購01  ,0,0,0,0,0,0,0,0,0,6000,0,0,0,16000,10000,6000,6000
051145,台積電凱基95購05,0,0,0,0,0,0,0,0,0,6000,0,0,0,6000,0,6000,6000
051026,健策統一96購01  ,0,0,0,0,0,0,0,0,0,6000,0,0,0,71000,65000,6000,6000
050243,華新科凱基94購10,0,0,0,0,0,0,0,0,0,6000,0,0,0,53000,47000,6000,6000
050028,華新科元大94購03,0,0,0,0,0,0,0,0,0,6000,0,0,0,7000,1000,6000,6000
050059,旺宏凱基94購03  ,0,0,0,0,0,0,0,0,0,6000,0,0,0,64000,58000,6000,6000
04986P,茂林永豐94售05  ,0,0,0,0,0,0,0,0,0,6000,0,0,0,6000,0,6000,6000
2891C,中信金丙特      ,0,0,0,0,0,0,0,0,0,6000,6000,0,6000,0,0,0,6000
4739,康普            ,27000,21000,6000,0,0,0,0,0,0,0,0,0,0,0,0,0,6000
4989,榮科            ,12000,6000,6000,0,0,0,0,0,0,0,0,0,0,0,0,0,6000
3094,聯傑            ,27000,21000,6000,0,0,0,0,0,0,0,0,0,0,0,0,0,6000
8462,柏文            ,16000,9000,7000,0,0,0,0,0,0,-1000,0,0,0,1000,2000,-1000,6000
9941,裕融            ,18000,16000,2000,0,0,0,3000,0,3000,1000,1000,0,1000,0,0,0,6000
2501,國建            ,116000,114000,2000,0,0,0,0,0,0,4000,4000,0,4000,0,0,0,6000
2433,互盛電          ,9000,3000,6000,0,0,0,0,0,0,0,0,0,0,0,0,0,6000
2453,凌群            ,8000,2000,6000,0,0,0,0,0,0,0,0,0,0,0,0,0,6000
1503,士電            ,8000,2000,6000,0,0,0,0,0,0,0,0,0,0,0,0,0,6000
1533,車王電          ,5000,0,5000,0,0,0,0,0,0,1000,1000,0,1000,0,0,0,6000
1808,潤隆            ,13000,7000,6000,0,0,0,0,0,0,0,0,0,0,0,0,0,6000
2002A,中鋼特          ,0,0,0,0,0,0,0,0,0,6000,6000,0,6000,0,0,0,6000
05756P,臺股指中信99售05,0,0,0,0,0,0,0,0,0,6000,0,0,0,7000,1000,6000,6000
05697P,友達凱基96售01  ,0,0,0,0,0,0,0,0,0,6000,0,0,0,9000,3000,6000,6000
05432P,國巨元富95售07  ,0,0,0,0,0,0,0,0,0,5000,0,0,0,5000,0,5000,5000
054599,正崴台新97購01  ,0,0,0,0,0,0,0,0,0,5000,0,0,0,53000,48000,5000,5000
05468P,鴻海元大96售14  ,0,0,0,0,0,0,0,0,0,5000,0,0,0,5000,0,5000,5000
053683,上証2X元大96購03,0,0,0,0,0,0,0,0,0,5000,0,0,0,5000,0,5000,5000
053719,可成凱基96購08  ,0,0,0,0,0,0,0,0,0,5000,0,0,0,76000,71000,5000,5000
053758,華新科國泰97購02,0,0,0,0,0,0,0,0,0,5000,0,0,0,5000,0,5000,5000
053855,康友國泰98購01  ,0,0,0,0,0,0,0,0,0,5000,0,0,0,413000,408000,5000,5000
054010,致伸元富96購01  ,0,0,0,0,0,0,0,0,0,5000,0,0,0,10000,5000,5000,5000
052743,華新科元大97購01,0,0,0,0,0,0,0,0,0,5000,0,0,0,5000,0,5000,5000
052866,大立光凱基96購12,0,0,0,0,0,0,0,0,0,5000,0,0,0,12000,7000,5000,5000
052373,鴻海元大95購22  ,0,0,0,0,0,0,0,0,0,5000,0,0,0,5000,0,5000,5000
052398,瑞昱凱基95購06  ,0,0,0,0,0,0,0,0,0,5000,0,0,0,111000,106000,5000,5000
052574,茂林凱基96購02  ,0,0,0,0,0,0,0,0,0,5000,0,0,0,5000,0,5000,5000
053224,矽力凱基96購02  ,0,0,0,0,0,0,0,0,0,5000,0,0,0,5000,0,5000,5000
053084,國巨元大98購01  ,0,0,0,0,0,0,0,0,0,5000,0,0,0,8000,3000,5000,5000
053064,國巨群益96購04  ,0,0,0,0,0,0,0,0,0,5000,0,0,0,5000,0,5000,5000
053071,南電群益96購01  ,0,0,0,0,0,0,0,0,0,5000,0,0,0,5000,0,5000,5000
053588,聯發科元大97購07,0,0,0,0,0,0,0,0,0,5000,0,0,0,102000,97000,5000,5000
053573,臺股指統一99購01,0,0,0,0,0,0,0,0,0,5000,0,0,0,5000,0,5000,5000
053597,牧德元大99購01  ,0,0,0,0,0,0,0,0,0,5000,0,0,0,99000,94000,5000,5000
053608,彩晶第一96購01  ,0,0,0,0,0,0,0,0,0,5000,0,0,0,90000,85000,5000,5000
053449,超眾凱基98購01  ,0,0,0,0,0,0,0,0,0,5000,0,0,0,7000,2000,5000,5000
053347,茂林國票98購01  ,0,0,0,0,0,0,0,0,0,5000,0,0,0,5000,0,5000,5000
048047,全新永豐93購02  ,0,0,0,0,0,0,0,0,0,5000,0,0,0,10000,5000,5000,5000
047931,日月光凱基93購01,0,0,0,0,0,0,0,0,0,5000,0,0,0,73000,68000,5000,5000
047920,南亞科凱基93購04,0,0,0,0,0,0,0,0,0,5000,0,0,0,5000,0,5000,5000
044675,廣宇凱基93購02  ,0,0,0,0,0,0,0,0,0,5000,0,0,0,5000,0,5000,5000
044695,國巨元大93購03  ,0,0,0,0,0,0,0,0,0,5000,0,0,0,5000,0,5000,5000
044625,宏達電元大92購03,0,0,0,0,0,0,0,0,0,5000,0,0,0,5000,0,5000,5000
044532,康控富邦93購01  ,0,0,0,0,0,0,0,0,0,5000,0,0,0,25000,20000,5000,5000
046072,台勝科凱基92購03,0,0,0,0,0,0,0,0,0,5000,0,0,0,25000,20000,5000,5000
045437,大立光統一94購02,0,0,0,0,0,0,0,0,0,5000,0,0,0,5000,0,5000,5000
045392,滬深2X國泰93購01,0,0,0,0,0,0,0,0,0,5000,0,0,0,5000,0,5000,5000
045331,旺宏群益94購01  ,0,0,0,0,0,0,0,0,0,5000,0,0,0,5000,0,5000,5000
045247,遠東新凱基92購01,0,0,0,0,0,0,0,0,0,5000,0,0,0,15000,10000,5000,5000
045230,嘉聯益元大93購01,0,0,0,0,0,0,0,0,0,5000,0,0,0,32000,27000,5000,5000
045851,健策永豐92購01  ,0,0,0,0,0,0,0,0,0,5000,0,0,0,93000,88000,5000,5000
044886,台表科群益91購06,0,0,0,0,0,0,0,0,0,5000,0,0,0,15000,10000,5000,5000
045058,華邦電國泰94購01,0,0,0,0,0,0,0,0,0,5000,0,0,0,147000,142000,5000,5000
044994,宏達電國泰93購01,0,0,0,0,0,0,0,0,0,5000,0,0,0,10000,5000,5000,5000
044979,微星國票92購01  ,0,0,0,0,0,0,0,0,0,5000,0,0,0,5000,0,5000,5000
044087,世紀鋼國票92購01,0,0,0,0,0,0,0,0,0,5000,0,0,0,5000,0,5000,5000
044191,旺宏第一91購01  ,0,0,0,0,0,0,0,0,0,5000,0,0,0,5000,0,5000,5000
046061,中石化凱基98購01,0,0,0,0,0,0,0,0,0,5000,0,0,0,80000,75000,5000,5000
043267,旺宏麥證92購01  ,0,0,0,5000,0,5000,0,0,0,5000,0,0,0,5000,0,5000,5000
04208P,臺股指元大93售48,0,0,0,0,0,0,0,0,0,5000,0,0,0,5000,0,5000,5000
044760,明泰凱基91購01  ,0,0,0,0,0,0,0,0,0,5000,0,0,0,5000,0,5000,5000
044820,臻鼎兆豐93購02  ,0,0,0,0,0,0,0,0,0,5000,0,0,0,45000,40000,5000,5000
045829,滬深2X群益95購02,0,0,0,0,0,0,0,0,0,5000,0,0,0,5000,0,5000,5000
045785,揚明光元大93購04,0,0,0,0,0,0,0,0,0,5000,0,0,0,5000,0,5000,5000
043932,嘉澤永豐91購01  ,0,0,0,0,0,0,0,0,0,5000,0,0,0,15000,10000,5000,5000
04396P,玉晶光群益94售02,0,0,0,0,0,0,0,0,0,5000,0,0,0,35000,30000,5000,5000
042560,康控兆豐92購01  ,0,0,0,0,0,0,0,0,0,5000,0,0,0,5000,0,5000,5000
042502,上銀凱基93購01  ,0,0,0,0,0,0,0,0,0,5000,0,0,0,20000,15000,5000,5000
00731,FH富時高息低波  ,0,0,0,0,0,0,0,0,0,5000,0,0,0,79000,74000,5000,5000
03736P,南電元大93售02  ,0,0,0,0,0,0,0,0,0,5000,0,0,0,5000,0,5000,5000
03027X,元展24          ,0,0,0,0,0,0,0,0,0,5000,0,0,0,5000,0,5000,5000
03064X,元展59          ,0,0,0,0,0,0,0,0,0,5000,0,0,0,5000,0,5000,5000
039645,瑞儀群益91購01  ,0,0,0,0,0,0,0,0,0,5000,0,0,0,5000,0,5000,5000
03765P,大立光元富96售01,0,0,0,0,0,0,0,0,0,5000,0,0,0,10000,5000,5000,5000
040160,SP黃豆元富95購01,0,0,0,0,0,0,0,0,0,5000,0,0,0,5000,0,5000,5000
043607,GIS元大93購02   ,0,0,0,0,0,0,0,0,0,5000,0,0,0,5000,0,5000,5000
03618P,嘉澤元大92售03  ,0,0,0,0,0,0,0,0,0,5000,0,0,0,5000,0,5000,5000
049257,南亞科元大94購03,0,0,0,0,0,0,0,0,0,5000,0,0,0,31000,26000,5000,5000
048970,裕民元大94購01  ,0,0,0,0,0,0,0,0,0,5000,0,0,0,15000,10000,5000,5000
049511,奇力新凱基94購03,0,0,0,0,0,0,0,0,0,5000,0,0,0,5000,0,5000,5000
049445,遠東新統一94購01,0,0,0,0,0,0,0,0,0,5000,0,0,0,15000,10000,5000,5000
049354,致新永豐94購01  ,0,0,0,0,0,0,0,0,0,5000,0,0,0,5000,0,5000,5000
046514,群創元大92購12  ,0,0,0,0,0,0,0,0,0,5000,0,0,0,10000,5000,5000,5000
047165,東陽康和93購01  ,0,0,0,0,0,0,0,0,0,5000,0,0,0,30000,25000,5000,5000
047109,華邦電元大94購01,0,0,0,0,0,0,0,0,0,5000,0,0,0,5000,0,5000,5000
047006,大立光統一93購04,0,0,0,0,0,0,0,0,0,5000,0,0,0,5000,0,5000,5000
046991,健策凱基93購04  ,0,0,0,0,0,0,0,0,0,5000,0,0,0,5000,0,5000,5000
047222,鴻海凱基94購04  ,0,0,0,0,0,0,0,0,0,5000,0,0,0,39000,34000,5000,5000
047511,義隆國票93購02  ,0,0,0,0,0,0,0,0,0,5000,0,0,0,10000,5000,5000,5000
047980,東陽群益93購02  ,0,0,0,0,0,0,0,0,0,5000,0,0,0,25000,20000,5000,5000
046616,中橡凱基93購01  ,0,0,0,0,0,0,0,0,0,5000,0,0,0,5000,0,5000,5000
047948,瑞儀統一93購01  ,0,0,0,0,0,0,0,0,0,5000,0,0,0,5000,0,5000,5000
048588,世紀鋼中信94購01,0,0,0,0,0,0,0,0,0,5000,0,0,0,5000,0,5000,5000
047861,臺股指國票93購16,0,0,0,0,0,0,0,0,0,5000,0,0,0,5000,0,5000,5000
047823,臺股指凱基93購17,0,0,0,0,0,0,0,0,0,5000,0,0,0,12000,7000,5000,5000
047404,香港2X統一94購01,0,0,0,0,0,0,0,0,0,5000,0,0,0,5000,0,5000,5000
048700,和鑫國票95購01  ,0,0,0,0,0,0,0,0,0,5000,0,0,0,5000,0,5000,5000
048733,台勝科麥證95購02,0,0,0,5000,0,5000,0,0,0,5000,0,0,0,5000,0,5000,5000
046410,國泰金元大92購03,0,0,0,0,0,0,0,0,0,5000,0,0,0,10000,5000,5000,5000
046317,亞光元大92購04  ,0,0,0,0,0,0,0,0,0,5000,0,0,0,6000,1000,5000,5000
048071,創意元富93購03  ,0,0,0,0,0,0,0,0,0,5000,0,0,0,5000,0,5000,5000
04831P,聯詠富邦96售01  ,0,0,0,0,0,0,0,0,0,5000,0,0,0,60000,55000,5000,5000
04866P,台積電統一95售02,0,0,0,0,0,0,0,0,0,5000,0,0,0,5000,0,5000,5000
049832,麗豐凱基94購05  ,0,0,0,0,0,0,0,0,0,5000,0,0,0,5000,0,5000,5000
049813,康控元大96購02  ,0,0,0,0,0,0,0,0,0,5000,0,0,0,5000,0,5000,5000
049778,宏達電統一94購02,0,0,0,0,0,0,0,0,0,5000,0,0,0,5000,0,5000,5000
04959P,可成凱基94售14  ,0,0,0,0,0,0,0,0,0,5000,0,0,0,39000,34000,5000,5000
050736,台積電康和94購01,0,0,0,0,0,0,0,0,0,5000,0,0,0,5000,0,5000,5000
050709,嘉聯益第一96購01,0,0,0,0,0,0,0,0,0,5000,0,0,0,5000,0,5000,5000
050782,台積電國泰96購03,0,0,0,0,0,0,0,0,0,5000,0,0,0,5000,0,5000,5000
05089P,亞德客元大95售01,0,0,0,0,0,0,0,0,0,5000,0,0,0,5000,0,5000,5000
050962,聯發科永豐95購02,0,0,0,0,0,0,0,0,0,5000,0,0,0,15000,10000,5000,5000
050966,日月光永豐95購01,0,0,0,0,0,0,0,0,0,5000,0,0,0,5000,0,5000,5000
050998,訊連元大95購01  ,0,0,0,0,0,0,0,0,0,5000,0,0,0,5000,0,5000,5000
051247,可成元大95購04  ,0,0,0,0,0,0,0,0,0,5000,0,0,0,10000,5000,5000,5000
051294,鴻海元富95購06  ,0,0,0,0,0,0,0,0,0,5000,0,0,0,5000,0,5000,5000
051587,大立光元大95購08,0,0,0,0,0,0,0,0,0,5000,0,0,0,45000,40000,5000,5000
051434,中磊元富95購02  ,0,0,0,0,0,0,0,0,0,5000,0,0,0,20000,15000,5000,5000
052274,大立光群益95購03,0,0,0,0,0,0,0,0,0,5000,0,0,0,39000,34000,5000,5000
051760,奇力新元大95購04,0,0,0,0,0,0,0,0,0,5000,0,0,0,5000,0,5000,5000
05630P,大立光永昌96售06,0,0,0,0,0,0,0,0,0,5000,0,0,0,5000,0,5000,5000
05755P,臺股指中信99售04,0,0,0,0,0,0,0,0,0,5000,0,0,0,31000,26000,5000,5000
05817P,可成凱基96售07  ,0,0,0,0,0,0,0,0,0,5000,0,0,0,30000,25000,5000,5000
05893P,國巨兆豐96售04  ,0,0,0,0,0,0,0,0,0,5000,0,0,0,10000,5000,5000,5000
05896P,宏達電群益96售03,0,0,0,0,0,0,0,0,0,5000,0,0,0,151000,146000,5000,5000
2108,南帝            ,30000,30000,0,0,0,0,0,0,0,5000,5000,0,5000,0,0,0,5000
06065P,大立光台新97售01,0,0,0,0,0,0,0,0,0,5000,0,0,0,5000,0,5000,5000
06035P,同欣電凱基96售03,0,0,0,0,0,0,0,0,0,5000,0,0,0,5000,0,5000,5000
9943,好樂迪          ,5000,0,5000,0,0,0,0,0,0,0,0,0,0,0,0,0,5000
8114,振樺電          ,6000,1000,5000,0,0,0,0,0,0,0,0,0,0,0,0,0,5000
3167,大量            ,14000,9000,5000,0,0,0,0,0,0,0,0,0,0,0,0,0,5000
2910,統領            ,4000,0,4000,0,0,0,0,0,0,1000,1000,0,1000,0,0,0,5000
4912,聯德控股-KY     ,6000,1799,4201,0,0,0,0,0,0,0,0,0,0,0,0,0,4201
053553,聯詠凱基96購03  ,0,0,0,0,0,0,0,0,0,4000,0,0,0,4000,0,4000,4000
053039,聯發科凱基96購11,0,0,0,0,0,0,0,0,0,4000,0,0,0,26000,22000,4000,4000
05327P,臺股指凱基95售11,0,0,0,0,0,0,0,0,0,4000,0,0,0,4000,0,4000,4000
052505,友達日盛9B購02  ,0,0,0,0,0,0,0,0,0,4000,0,0,0,4000,0,4000,4000
052661,奇力新國票97購03,0,0,0,0,0,0,0,0,0,4000,0,0,0,4000,0,4000,4000
052859,國巨凱基96購07  ,0,0,0,0,0,0,0,0,0,4000,0,0,0,18000,14000,4000,4000
053000,臺股指康和96購02,0,0,0,0,0,0,0,0,0,4000,0,0,0,5000,1000,4000,4000
052928,美律元大98購01  ,0,0,0,0,0,0,0,0,0,4000,0,0,0,53000,49000,4000,4000
052784,緯穎國票97購02  ,0,0,0,0,0,0,0,0,0,4000,0,0,0,4000,0,4000,4000
054276,國巨群益96購07  ,0,0,0,0,0,0,0,0,0,4000,0,0,0,37000,33000,4000,4000
053850,嘉澤元富96購03  ,0,0,0,0,0,0,0,0,0,4000,0,0,0,10000,6000,4000,4000
05392P,鴻海統一95售13  ,0,0,0,0,0,0,0,0,0,4000,0,0,0,4000,0,4000,4000
053934,A50正2元富96購02,0,0,0,0,0,0,0,0,0,4000,0,0,0,4000,0,4000,4000
054415,奇力新元大96購06,0,0,0,0,0,0,0,0,0,4000,0,0,0,111000,107000,4000,4000
00700,富邦恒生國企    ,0,0,0,0,0,0,0,0,0,4000,0,0,0,108000,104000,4000,4000
042983,亞光凱基92購01  ,0,0,0,0,0,0,0,0,0,4000,0,0,0,20000,16000,4000,4000
04166P,美利達元富93售03,0,0,0,0,0,0,0,0,0,4000,0,0,0,4000,0,4000,4000
04146P,可成凱基93售14  ,0,0,0,0,0,0,0,0,0,4000,0,0,0,29000,25000,4000,4000
043938,華邦電兆豐93購01,0,0,0,0,0,0,0,0,0,4000,0,0,0,10000,6000,4000,4000
043904,A50正2日盛91購01,0,0,0,0,0,0,0,0,0,4000,0,0,0,4000,0,4000,4000
044928,玉晶光國泰93購01,0,0,0,0,0,0,0,0,0,4000,0,0,0,4000,0,4000,4000
044935,玉晶光元大93購03,0,0,0,0,0,0,0,0,0,4000,0,0,0,14000,10000,4000,4000
045598,上証2X中信94購02,0,0,0,0,0,0,0,0,0,4000,0,0,0,4000,0,4000,4000
045374,鴻海元大92購07  ,0,0,0,0,0,0,0,0,0,4000,0,0,0,14000,10000,4000,4000
044538,南亞科群益91購05,0,0,0,0,0,0,0,0,0,4000,0,0,0,4000,0,4000,4000
044512,奇力新凱基93購02,0,0,0,0,0,0,0,0,0,4000,0,0,0,4000,0,4000,4000
048034,大立光凱基93購29,0,0,0,0,0,0,0,0,0,4000,0,0,0,4000,0,4000,4000
047691,群創第一93購01  ,0,0,0,0,0,0,0,0,0,4000,0,0,0,24000,20000,4000,4000
047720,聯茂凱基94購03  ,0,0,0,0,0,0,0,0,0,4000,0,0,0,5000,1000,4000,4000
04833P,鴻海元大94售16  ,0,0,0,0,0,0,0,0,0,4000,0,0,0,10000,6000,4000,4000
046351,智邦群益92購01  ,0,0,0,0,0,0,0,0,0,4000,0,0,0,15000,11000,4000,4000
046491,滬深2X富邦95購02,0,0,0,0,0,0,0,0,0,4000,0,0,0,5000,1000,4000,4000
047829,旺宏元大93購06  ,0,0,0,0,0,0,0,0,0,4000,0,0,0,10000,6000,4000,4000
046678,臺股指元大93購22,0,0,0,0,0,0,0,0,0,4000,0,0,0,4000,0,4000,4000
047446,TPK元大94購01   ,0,0,0,0,0,0,0,0,0,4000,0,0,0,4000,0,4000,4000
048824,聯發科凱基94購03,0,0,0,0,0,0,0,0,0,4000,0,0,0,44000,40000,4000,4000
048852,旺宏群益96購02  ,0,0,0,0,0,0,0,0,0,4000,0,0,0,14000,10000,4000,4000
046943,聯發科元大93購06,0,0,0,0,0,0,0,0,0,4000,0,0,0,4000,0,4000,4000
048904,鴻海富邦94購02  ,0,0,0,0,0,0,0,0,0,4000,0,0,0,6000,2000,4000,4000
046921,日電貿永豐93購01,0,0,0,0,0,0,0,0,0,4000,0,0,0,39000,35000,4000,4000
047087,亞泥元富93購01  ,0,0,0,0,0,0,0,0,0,4000,0,0,0,54000,50000,4000,4000
049023,玉晶光群益96購04,0,0,0,0,0,0,0,0,0,4000,0,0,0,163000,159000,4000,4000
049250,華通元大95購04  ,0,0,0,0,0,0,0,0,0,4000,0,0,0,115000,111000,4000,4000
049199,茂林永豐95購01  ,0,0,0,0,0,0,0,0,0,4000,0,0,0,4000,0,4000,4000
052107,台積電統一95購06,0,0,0,0,0,0,0,0,0,4000,0,0,0,146000,142000,4000,4000
051423,GIS國票97購01   ,0,0,0,0,0,0,0,0,0,4000,0,0,0,20000,16000,4000,4000
051627,華新科麥證95購03,0,0,0,4000,0,4000,0,0,0,4000,0,0,0,4000,0,4000,4000
051519,國泰金凱基95購02,0,0,0,0,0,0,0,0,0,4000,0,0,0,8000,4000,4000,4000
051024,南亞科統一95購01,0,0,0,0,0,0,0,0,0,4000,0,0,0,47000,43000,4000,4000
050783,旺宏國泰96購02  ,0,0,0,0,0,0,0,0,0,4000,0,0,0,122000,118000,4000,4000
050578,聯發科國票95購03,0,0,0,0,0,0,0,0,0,4000,0,0,0,11000,7000,4000,4000
050541,智邦凱基94購04  ,0,0,0,0,0,0,0,0,0,4000,0,0,0,4000,0,4000,4000
049697,群創元大98購01  ,0,0,0,0,0,0,0,0,0,4000,0,0,0,628000,624000,4000,4000
049827,正崴凱基94購01  ,0,0,0,0,0,0,0,0,0,4000,0,0,0,8000,4000,4000,4000
050117,麗豐元大96購02  ,0,0,0,0,0,0,0,0,0,4000,0,0,0,104000,100000,4000,4000
4763,材料-KY         ,11000,8000,3000,0,0,0,0,0,0,1000,0,0,0,1000,0,1000,4000
4566,時碩工業        ,11000,7000,4000,0,0,0,0,0,0,0,0,0,0,0,0,0,4000
2545,皇翔            ,41000,37000,4000,0,0,0,0,0,0,0,0,0,0,0,0,0,4000
6666,羅麗芬-KY       ,4000,0,4000,0,0,0,0,0,0,0,0,0,0,0,0,0,4000
8011,台通            ,6000,4000,2000,0,0,0,0,0,0,2000,2000,0,2000,0,0,0,4000
8033,雷虎            ,6000,2000,4000,0,0,0,0,0,0,0,0,0,0,0,0,0,4000
6235,華孚            ,3000,0,3000,0,0,0,0,0,0,1000,1000,0,1000,0,0,0,4000
9908,大台北          ,6000,2000,4000,0,0,0,0,0,0,0,0,0,0,0,0,0,4000
8367,建新國際        ,9000,8000,1000,0,0,0,0,0,0,3000,3000,0,3000,0,0,0,4000
8481,政伸            ,4000,0,4000,0,0,0,0,0,0,0,0,0,0,0,0,0,4000
9905,大華            ,5000,1000,4000,0,0,0,0,0,0,0,0,0,0,0,0,0,4000
06054P,臺股指中信9A售01,0,0,0,0,0,0,0,0,0,4000,0,0,0,5000,1000,4000,4000
08890P,為升元大01售04  ,0,0,0,0,0,0,0,0,0,4000,0,0,0,4000,0,4000,4000
2038,海光            ,4000,0,4000,0,0,0,0,0,0,0,0,0,0,0,0,0,4000
2032,新鋼            ,4000,0,4000,0,0,0,0,0,0,0,0,0,0,0,0,0,4000
1583,程泰            ,6000,2000,4000,0,0,0,0,0,0,0,0,0,0,0,0,0,4000
1540,喬福            ,8000,4000,4000,0,0,0,0,0,0,0,0,0,0,0,0,0,4000
2415,錩新            ,4000,0,4000,0,0,0,0,0,0,0,0,0,0,0,0,0,4000
05737P,臺股指統一96售07,0,0,0,0,0,0,0,0,0,4000,0,0,0,4000,0,4000,4000
05676P,欣興群益96售04  ,0,0,0,0,0,0,0,0,0,4000,0,0,0,13000,9000,4000,4000
055074,台虹永豐97購01  ,0,0,0,0,0,0,0,0,0,4000,0,0,0,14000,10000,4000,4000
054305,光磊凱基98購01  ,0,0,0,0,0,0,0,0,0,3000,0,0,0,68000,65000,3000,3000
054554,大立光凱基98購02,0,0,0,0,0,0,0,0,0,3000,0,0,0,3000,0,3000,3000
054508,臺股指永豐96購04,0,0,0,0,0,0,0,0,0,3000,0,0,0,3000,0,3000,3000
054695,世芯永豐98購01  ,0,0,0,0,0,0,0,0,0,3000,0,0,0,8000,5000,3000,3000
054166,日電貿凱基98購01,0,0,0,0,0,0,0,0,0,3000,0,0,0,3000,0,3000,3000
054013,聯發科永豐96購02,0,0,0,0,0,0,0,0,0,3000,0,0,0,3000,0,3000,3000
053975,大立光元大98購04,0,0,0,0,0,0,0,0,0,3000,0,0,0,47000,44000,3000,3000
05269P,臻鼎元大95售05  ,0,0,0,0,0,0,0,0,0,3000,0,0,0,5000,2000,3000,3000
052854,聯詠日盛96購01  ,0,0,0,0,0,0,0,0,0,3000,0,0,0,67000,64000,3000,3000
05252P,華通凱基95售01  ,0,0,0,0,0,0,0,0,0,3000,0,0,0,19000,16000,3000,3000
053289,臺股指元大96購17,0,0,0,0,0,0,0,0,0,3000,0,0,0,5000,2000,3000,3000
053213,建準凱基96購02  ,0,0,0,0,0,0,0,0,0,3000,0,0,0,3000,0,3000,3000
053148,華邦電元大96購01,0,0,0,0,0,0,0,0,0,3000,0,0,0,161000,158000,3000,3000
053575,聯詠元富96購01  ,0,0,0,0,0,0,0,0,0,3000,0,0,0,50000,47000,3000,3000
053589,宏達電元大97購02,0,0,0,0,0,0,0,0,0,3000,0,0,0,5000,2000,3000,3000
047917,台積電凱基94購01,0,0,0,0,0,0,0,0,0,3000,0,0,0,13000,10000,3000,3000
047643,新光金元大95購02,0,0,0,0,0,0,0,0,0,3000,0,0,0,3000,0,3000,3000
044318,群創永豐91購01  ,0,0,0,0,0,0,0,0,0,3000,0,0,0,68000,65000,3000,3000
044646,旺宏群益93購01  ,0,0,0,0,0,0,0,0,0,3000,0,0,0,3000,0,3000,3000
044242,宏達電統一93購01,0,0,0,0,0,0,0,0,0,3000,0,0,0,5000,2000,3000,3000
045327,智伸科永豐92購01,0,0,0,0,0,0,0,0,0,3000,0,0,0,25000,22000,3000,3000
045386,新光金元大93購02,0,0,0,0,0,0,0,0,0,3000,0,0,0,3000,0,3000,3000
045510,力成凱基92購02  ,0,0,0,0,0,0,0,0,0,3000,0,0,0,20000,17000,3000,3000
044978,智邦國票92購01  ,0,0,0,0,0,0,0,0,0,3000,0,0,0,3000,0,3000,3000
045080,大立光元大93購06,0,0,0,0,0,0,0,0,0,3000,0,0,0,3000,0,3000,3000
04297P,微星元大93售03  ,0,0,0,0,0,0,0,0,0,3000,0,0,0,36000,33000,3000,3000
042419,大立光元大91購06,0,0,0,0,0,0,0,0,0,3000,0,0,0,3000,0,3000,3000
042501,台灣50凱基96購06,0,0,0,0,0,0,0,0,0,3000,0,0,0,4000,1000,3000,3000
042793,台積電台新9C購01,0,0,0,0,0,0,0,0,0,3000,0,0,0,3000,0,3000,3000
045737,友達群益94購01  ,0,0,0,0,0,0,0,0,0,3000,0,0,0,3000,0,3000,3000
00660,元大歐洲50      ,0,0,0,0,0,0,0,0,0,3000,0,0,0,3000,0,3000,3000
0057,富邦摩台        ,0,0,0,0,0,0,0,0,0,3000,0,0,0,20000,17000,3000,3000
03713P,GIS元富93售02   ,0,0,0,0,0,0,0,0,0,3000,0,0,0,3000,0,3000,3000
00736,國泰新興市場    ,0,0,0,0,0,0,0,0,0,3000,0,0,0,106000,103000,3000,3000
03033X,元展30          ,0,0,0,0,0,0,0,0,0,3000,0,0,0,3000,0,3000,3000
03237P,大立光元大02售04,0,0,0,0,0,0,0,0,0,3000,0,0,0,10000,7000,3000,3000
03419B,臺股指元富99熊03,0,0,0,0,0,0,0,0,0,3000,0,0,0,5000,2000,3000,3000
03420B,臺股指元大95熊31,0,0,0,0,0,0,0,0,0,3000,0,0,0,11000,8000,3000,3000
03366P,TPK元大02售03   ,0,0,0,0,0,0,0,0,0,3000,0,0,0,3000,0,3000,3000
04900P,矽格中信94售02  ,0,0,0,0,0,0,0,0,0,3000,0,0,0,3000,0,3000,3000
049362,國巨元大94購04  ,0,0,0,0,0,0,0,0,0,3000,0,0,0,7000,4000,3000,3000
049288,聯茂兆豐95購02  ,0,0,0,0,0,0,0,0,0,3000,0,0,0,3000,0,3000,3000
049442,滬深2X統一99購01,0,0,0,0,0,0,0,0,0,3000,0,0,0,3000,0,3000,3000
046846,智伸科永豐93購01,0,0,0,0,0,0,0,0,0,3000,0,0,0,3000,0,3000,3000
048086,鴻海凱基93購33  ,0,0,0,0,0,0,0,0,0,3000,0,0,0,22000,19000,3000,3000
046888,鴻海群益93購05  ,0,0,0,0,0,0,0,0,0,3000,0,0,0,18000,15000,3000,3000
046945,大毅元大93購01  ,0,0,0,0,0,0,0,0,0,3000,0,0,0,42000,39000,3000,3000
047231,大立光凱基95購03,0,0,0,0,0,0,0,0,0,3000,0,0,0,6000,3000,3000,3000
047220,華新科麥證93購02,0,0,0,3000,0,3000,0,0,0,3000,0,0,0,3000,0,3000,3000
047027,新光金元大95購01,0,0,0,0,0,0,0,0,0,3000,0,0,0,3000,0,3000,3000
048850,聯電群益96購01  ,0,0,0,0,0,0,0,0,0,3000,0,0,0,84000,81000,3000,3000
048867,台積電兆豐95購01,0,0,0,0,0,0,0,0,0,3000,0,0,0,3000,0,3000,3000
047996,華邦電元大93購04,0,0,0,0,0,0,0,0,0,3000,0,0,0,5000,2000,3000,3000
047850,彩晶統一94購01  ,0,0,0,0,0,0,0,0,0,3000,0,0,0,3000,0,3000,3000
047875,南電永豐93購02  ,0,0,0,0,0,0,0,0,0,3000,0,0,0,4000,1000,3000,3000
046537,聯發科群益93購02,0,0,0,0,0,0,0,0,0,3000,0,0,0,3000,0,3000,3000
047401,南茂永豐93購01  ,0,0,0,0,0,0,0,0,0,3000,0,0,0,4000,1000,3000,3000
046411,新光金元大92購01,0,0,0,0,0,0,0,0,0,3000,0,0,0,3000,0,3000,3000
046447,儒鴻凱基92購04  ,0,0,0,0,0,0,0,0,0,3000,0,0,0,3000,0,3000,3000
046314,宏達電元大92購05,0,0,0,0,0,0,0,0,0,3000,0,0,0,14000,11000,3000,3000
046727,新光金元大93購03,0,0,0,0,0,0,0,0,0,3000,0,0,0,3000,0,3000,3000
048195,聯發科元大93購23,0,0,0,0,0,0,0,0,0,3000,0,0,0,32000,29000,3000,3000
050063,聯發科凱基94購09,0,0,0,0,0,0,0,0,0,3000,0,0,0,58000,55000,3000,3000
050055,道瓊反凱基95購01,0,0,0,0,0,0,0,0,0,3000,0,0,0,3000,0,3000,3000
050233,香港2X凱基96購01,0,0,0,0,0,0,0,0,0,3000,0,0,0,3000,0,3000,3000
050289,光磊凱基94購04  ,0,0,0,0,0,0,0,0,0,3000,0,0,0,3000,0,3000,3000
049807,新光金元大96購02,0,0,0,0,0,0,0,0,0,3000,0,0,0,3000,0,3000,3000
049637,元石油凱基94購01,0,0,0,0,0,0,0,0,0,3000,0,0,0,3000,0,3000,3000
05063P,聯電元大96售03  ,0,0,0,0,0,0,0,0,0,3000,0,0,0,3000,0,3000,3000
05061P,鴻海富邦96售03  ,0,0,0,0,0,0,0,0,0,3000,0,0,0,5000,2000,3000,3000
051147,南亞科凱基95購05,0,0,0,0,0,0,0,0,0,3000,0,0,0,3000,0,3000,3000
051525,日月光凱基95購02,0,0,0,0,0,0,0,0,0,3000,0,0,0,3000,0,3000,3000
052278,國巨凱基95購06  ,0,0,0,0,0,0,0,0,0,3000,0,0,0,13000,10000,3000,3000
052230,大立光凱基96購09,0,0,0,0,0,0,0,0,0,3000,0,0,0,4000,1000,3000,3000
051951,聯發科元富95購02,0,0,0,0,0,0,0,0,0,3000,0,0,0,3000,0,3000,3000
052003,泰碩國泰97購02  ,0,0,0,0,0,0,0,0,0,3000,0,0,0,64000,61000,3000,3000
05513P,玉山金台新96售01,0,0,0,0,0,0,0,0,0,3000,0,0,0,3000,0,3000,3000
054948,聯發科元大97購14,0,0,0,0,0,0,0,0,0,3000,0,0,0,6000,3000,3000,3000
05605P,嘉聯益元大97售02,0,0,0,0,0,0,0,0,0,3000,0,0,0,3000,0,3000,3000
2441,超豐            ,30000,43000,-13000,0,0,0,8000,0,8000,8000,14000,6000,8000,0,0,0,3000
1618,合機            ,2000,0,2000,0,0,0,0,0,0,1000,1000,0,1000,0,0,0,3000
06130P,玉晶光元富97售07,0,0,0,0,0,0,0,0,0,3000,0,0,0,11000,8000,3000,3000
1413,宏洲            ,5000,2000,3000,0,0,0,0,0,0,0,0,0,0,0,0,0,3000
1233,天仁            ,3000,0,3000,0,0,0,0,0,0,0,0,0,0,0,0,0,3000
5706,鳳凰            ,11000,7000,4000,0,0,0,0,0,0,-1000,1000,2000,-1000,0,0,0,3000
6641,基士德-KY       ,4000,1000,3000,0,0,0,0,0,0,0,0,0,0,0,0,0,3000
6581,鋼聯            ,4000,1000,3000,0,0,0,0,0,0,0,0,0,0,0,0,0,3000
2739,寒舍            ,4000,1000,3000,0,0,0,0,0,0,0,0,0,0,0,0,0,3000
4155,訊映            ,14000,12000,2000,0,0,0,0,0,0,1000,1000,0,1000,0,0,0,3000
4755,三福化          ,3000,0,3000,0,0,0,0,0,0,0,0,0,0,0,0,0,3000
4106,雃博            ,3000,0,3000,0,0,0,0,0,0,0,0,0,0,0,0,0,3000
053463,可成富邦98購01  ,0,0,0,0,0,0,0,0,0,2000,0,0,0,2000,0,2000,2000
052520,南亞科元大95購06,0,0,0,0,0,0,0,0,0,2000,0,0,0,2000,0,2000,2000
052576,聯茂凱基96購01  ,0,0,0,0,0,0,0,0,0,2000,0,0,0,10000,8000,2000,2000
052560,康舒國票97購01  ,0,0,0,0,0,0,0,0,0,2000,0,0,0,2000,0,2000,2000
052592,華通群益98購01  ,0,0,0,0,0,0,0,0,0,2000,0,0,0,2000,0,2000,2000
052879,滬深2X凱基97購02,0,0,0,0,0,0,0,0,0,2000,0,0,0,2000,0,2000,2000
052955,國巨日盛96購01  ,0,0,0,0,0,0,0,0,0,2000,0,0,0,22000,20000,2000,2000
052978,貿聯麥證97購01  ,0,0,0,22000,20000,2000,0,0,0,2000,0,0,0,22000,20000,2000,2000
052835,滬深2X國泰98購01,0,0,0,0,0,0,0,0,0,2000,0,0,0,2000,0,2000,2000
053883,大立光中信98購02,0,0,0,0,0,0,0,0,0,2000,0,0,0,20000,18000,2000,2000
054714,和鑫台新98購01  ,0,0,0,0,0,0,0,0,0,2000,0,0,0,2000,0,2000,2000
054624,台積電凱基98購03,0,0,0,0,0,0,0,0,0,2000,0,0,0,2000,0,2000,2000
054607,台積電永豐97購03,0,0,0,0,0,0,0,0,0,2000,0,0,0,2000,0,2000,2000
054865,可成群益97購01  ,0,0,0,0,0,0,0,0,0,2000,0,0,0,40000,38000,2000,2000
054495,滬深2X永豐97購02,0,0,0,0,0,0,0,0,0,2000,0,0,0,2000,0,2000,2000
054574,美律元大99購01  ,0,0,0,0,0,0,0,0,0,2000,0,0,0,20000,18000,2000,2000
03383P,聯電凱基02售04  ,0,0,0,0,0,0,0,0,0,2000,0,0,0,2000,0,2000,2000
043673,緯穎元大93購02  ,0,0,0,0,0,0,0,0,0,2000,0,0,0,2000,0,2000,2000
040744,滬深2X國票94購01,0,0,0,0,0,0,0,0,0,2000,0,0,0,2000,0,2000,2000
03063X,元展58          ,0,0,0,0,0,0,0,0,0,2000,0,0,0,2000,0,2000,2000
03064P,台灣50群益01售14,0,0,0,0,0,0,0,0,0,2000,0,0,0,2000,0,2000,2000
00681R,元大美債20反1   ,0,0,0,0,0,0,0,0,0,2000,0,0,0,2000,0,2000,2000
00770,國泰北美科技    ,0,0,0,0,0,0,0,0,0,2000,0,0,0,8000,6000,2000,2000
006203,元大MSCI台灣    ,1000,0,1000,0,0,0,0,0,0,1000,0,0,0,1000,0,1000,2000
04483P,元油2X凱基97售04,0,0,0,0,0,0,0,0,0,2000,0,0,0,3000,1000,2000,2000
044752,台積電凱基91購23,0,0,0,0,0,0,0,0,0,2000,0,0,0,2000,0,2000,2000
042157,上証2X中信91購04,0,0,0,0,0,0,0,0,0,2000,0,0,0,2000,0,2000,2000
043381,大立光元大93購02,0,0,0,0,0,0,0,0,0,2000,0,0,0,10000,8000,2000,2000
042900,卜蜂元大92購01  ,0,0,0,0,0,0,0,0,0,2000,0,0,0,2000,0,2000,2000
041400,大立光元大91購01,0,0,0,0,0,0,0,0,0,2000,0,0,0,2000,0,2000,2000
043967,廣越國泰92購01  ,0,0,0,0,0,0,0,0,0,2000,0,0,0,32000,30000,2000,2000
042282,亞德客富邦91購01,0,0,0,0,0,0,0,0,0,2000,0,0,0,2000,0,2000,2000
045079,大立光元大93購05,0,0,0,0,0,0,0,0,0,2000,0,0,0,2000,0,2000,2000
045150,聯發科凱基93購03,0,0,0,0,0,0,0,0,0,2000,0,0,0,2000,0,2000,2000
044064,大立光元大92購08,0,0,0,0,0,0,0,0,0,2000,0,0,0,2000,0,2000,2000
045935,台光電群益92購01,0,0,0,0,0,0,0,0,0,2000,0,0,0,2000,0,2000,2000
045013,大立光元大93購04,0,0,0,0,0,0,0,0,0,2000,0,0,0,10000,8000,2000,2000
045568,上証2X元大95購01,0,0,0,0,0,0,0,0,0,2000,0,0,0,2000,0,2000,2000
045438,台郡統一94購01  ,0,0,0,0,0,0,0,0,0,2000,0,0,0,2000,0,2000,2000
045378,智邦元大92購04  ,0,0,0,0,0,0,0,0,0,2000,0,0,0,2000,0,2000,2000
044905,欣興凱基91購07  ,0,0,0,0,0,0,0,0,0,2000,0,0,0,2000,0,2000,2000
044908,玉晶光凱基93購01,0,0,0,0,0,0,0,0,0,2000,0,0,0,2000,0,2000,2000
045911,廣達國票92購01  ,0,0,0,0,0,0,0,0,0,2000,0,0,0,2000,0,2000,2000
045845,台塑康和92購01  ,0,0,0,0,0,0,0,0,0,2000,0,0,0,96000,94000,2000,2000
04429P,和鑫元大94售01  ,0,0,0,0,0,0,0,0,0,2000,0,0,0,2000,0,2000,2000
044623,奇力新元大92購01,0,0,0,0,0,0,0,0,0,2000,0,0,0,2000,0,2000,2000
044456,鈺齊永豐91購02  ,0,0,0,0,0,0,0,0,0,2000,0,0,0,24000,22000,2000,2000
047655,聯發科兆豐93購02,0,0,0,0,0,0,0,0,0,2000,0,0,0,12000,10000,2000,2000
047903,滬深2X元大96購01,0,0,0,0,0,0,0,0,0,2000,0,0,0,2000,0,2000,2000
048328,滬深2X永昌94購01,0,0,0,0,0,0,0,0,0,2000,0,0,0,2000,0,2000,2000
048440,國巨凱基93購08  ,0,0,0,0,0,0,0,0,0,2000,0,0,0,2000,0,2000,2000
048486,傳奇國泰95購01  ,0,0,0,0,0,0,0,0,0,2000,0,0,0,2000,0,2000,2000
046229,大立光元大92購19,0,0,0,0,0,0,0,0,0,2000,0,0,0,2000,0,2000,2000
046374,台積電凱基92購20,0,0,0,0,0,0,0,0,0,2000,0,0,0,12000,10000,2000,2000
046375,友達凱基98購01  ,0,0,0,0,0,0,0,0,0,2000,0,0,0,2000,0,2000,2000
048729,鴻海麥證94購01  ,0,0,0,2000,0,2000,0,0,0,2000,0,0,0,2000,0,2000,2000
046546,義隆永豐92購03  ,0,0,0,0,0,0,0,0,0,2000,0,0,0,2000,0,2000,2000
047385,華邦電元大94購02,0,0,0,0,0,0,0,0,0,2000,0,0,0,3000,1000,2000,2000
047878,日股2X中信95購01,0,0,0,0,0,0,0,0,0,2000,0,0,0,2000,0,2000,2000
047869,景碩永豐93購01  ,0,0,0,0,0,0,0,0,0,2000,0,0,0,2000,0,2000,2000
047957,鎧勝永豐93購01  ,0,0,0,0,0,0,0,0,0,2000,0,0,0,2000,0,2000,2000
04879P,康控永豐94售02  ,0,0,0,0,0,0,0,0,0,2000,0,0,0,2000,0,2000,2000
046667,晶技元大93購01  ,0,0,0,0,0,0,0,0,0,2000,0,0,0,2000,0,2000,2000
046668,嘉澤元大93購01  ,0,0,0,0,0,0,0,0,0,2000,0,0,0,122000,120000,2000,2000
047032,台虹元大93購01  ,0,0,0,0,0,0,0,0,0,2000,0,0,0,2000,0,2000,2000
04695P,正崴康和94售01  ,0,0,0,0,0,0,0,0,0,2000,0,0,0,4000,2000,2000,2000
048902,昇陽半國泰96購01,0,0,0,0,0,0,0,0,0,2000,0,0,0,2000,0,2000,2000
048880,昇陽半國票94購01,0,0,0,0,0,0,0,0,0,2000,0,0,0,2000,0,2000,2000
046877,燿華國泰94購01  ,0,0,0,0,0,0,0,0,0,2000,0,0,0,60000,58000,2000,2000
048099,健策凱基93購06  ,0,0,0,0,0,0,0,0,0,2000,0,0,0,2000,0,2000,2000
04718P,亞德客凱基94售03,0,0,0,0,0,0,0,0,0,2000,0,0,0,2000,0,2000,2000
046172,美律永豐92購01  ,0,0,0,0,0,0,0,0,0,2000,0,0,0,32000,30000,2000,2000
049378,聯詠元大94購02  ,0,0,0,0,0,0,0,0,0,2000,0,0,0,2000,0,2000,2000
049374,大立光元大94購12,0,0,0,0,0,0,0,0,0,2000,0,0,0,76000,74000,2000,2000
049368,奇力新元大94購02,0,0,0,0,0,0,0,0,0,2000,0,0,0,2000,0,2000,2000
049414,台積電凱基94購18,0,0,0,0,0,0,0,0,0,2000,0,0,0,2000,0,2000,2000
049359,台達電元大94購06,0,0,0,0,0,0,0,0,0,2000,0,0,0,2000,0,2000,2000
04951P,緯創中信94售01  ,0,0,0,0,0,0,0,0,0,2000,0,0,0,12000,10000,2000,2000
049589,奇力新元大95購02,0,0,0,0,0,0,0,0,0,2000,0,0,0,2000,0,2000,2000
049590,華新科元大94購01,0,0,0,0,0,0,0,0,0,2000,0,0,0,15000,13000,2000,2000
049032,百和群益94購04  ,0,0,0,0,0,0,0,0,0,2000,0,0,0,18000,16000,2000,2000
049048,玉晶光台新94購01,0,0,0,0,0,0,0,0,0,2000,0,0,0,22000,20000,2000,2000
049175,台積電凱基94購12,0,0,0,0,0,0,0,0,0,2000,0,0,0,27000,25000,2000,2000
051677,達方元大95購01  ,0,0,0,0,0,0,0,0,0,2000,0,0,0,40000,38000,2000,2000
051734,台積電國票95購04,0,0,0,0,0,0,0,0,0,2000,0,0,0,2000,0,2000,2000
052232,貿聯凱基96購02  ,0,0,0,0,0,0,0,0,0,2000,0,0,0,2000,0,2000,2000
05219P,鴻海元大95售17  ,0,0,0,0,0,0,0,0,0,2000,0,0,0,306000,304000,2000,2000
05231P,GIS群益95售03   ,0,0,0,0,0,0,0,0,0,2000,0,0,0,2000,0,2000,2000
052306,鴻海國泰97購05  ,0,0,0,0,0,0,0,0,0,2000,0,0,0,102000,100000,2000,2000
051574,鴻海元大96購06  ,0,0,0,0,0,0,0,0,0,2000,0,0,0,2000,0,2000,2000
051615,華通凱基96購01  ,0,0,0,0,0,0,0,0,0,2000,0,0,0,18000,16000,2000,2000
051482,玉晶光凱基96購01,0,0,0,0,0,0,0,0,0,2000,0,0,0,75000,73000,2000,2000
051367,可成富邦97購01  ,0,0,0,0,0,0,0,0,0,2000,0,0,0,3000,1000,2000,2000
051363,矽創元大95購03  ,0,0,0,0,0,0,0,0,0,2000,0,0,0,20000,18000,2000,2000
051081,聯茂富邦96購01  ,0,0,0,0,0,0,0,0,0,2000,0,0,0,2000,0,2000,2000
051082,上証2X元大98購01,0,0,0,0,0,0,0,0,0,2000,0,0,0,10000,8000,2000,2000
050510,元油2X元大94購10,0,0,0,0,0,0,0,0,0,2000,0,0,0,3000,1000,2000,2000
050412,全新永豐94購04  ,0,0,0,0,0,0,0,0,0,2000,0,0,0,112000,110000,2000,2000
05083P,麗豐永豐95售02  ,0,0,0,0,0,0,0,0,0,2000,0,0,0,2000,0,2000,2000
049629,臺股指群益94購02,0,0,0,0,0,0,0,0,0,2000,0,0,0,6000,4000,2000,2000
049709,力山凱基94購04  ,0,0,0,0,0,0,0,0,0,2000,0,0,0,2000,0,2000,2000
049725,台郡國票94購03  ,0,0,0,0,0,0,0,0,0,2000,0,0,0,2000,0,2000,2000
049774,元油2X統一94購05,0,0,0,0,0,0,0,0,0,2000,0,0,0,2000,0,2000,2000
049777,華新科統一94購06,0,0,0,0,0,0,0,0,0,2000,0,0,0,42000,40000,2000,2000
050305,正崴中信95購01  ,0,0,0,0,0,0,0,0,0,2000,0,0,0,2000,0,2000,2000
050149,東元群益94購01  ,0,0,0,0,0,0,0,0,0,2000,0,0,0,2000,0,2000,2000
050127,台積電凱基94購31,0,0,0,0,0,0,0,0,0,2000,0,0,0,2000,0,2000,2000
050073,傳奇凱基94購02  ,0,0,0,0,0,0,0,0,0,2000,0,0,0,2000,0,2000,2000
4104,佳醫            ,5000,3000,2000,0,0,0,0,0,0,0,0,0,0,0,0,0,2000
3694,海華            ,1000,0,1000,0,0,0,0,0,0,1000,1000,0,1000,0,0,0,2000
4557,永新-KY         ,2000,0,2000,0,0,0,0,0,0,0,0,0,0,0,0,0,2000
2712,遠雄來          ,2000,0,2000,0,0,0,0,0,0,0,0,0,0,0,0,0,2000
2891B,中信金乙特      ,0,0,0,0,0,0,0,0,0,2000,2000,0,2000,0,0,0,2000
3027,盛達            ,5000,3000,2000,0,0,0,0,0,0,0,0,0,0,0,0,0,2000
3021,鴻名            ,2000,0,2000,0,0,0,0,0,0,0,0,0,0,0,0,0,2000
3025,星通            ,5000,4000,1000,0,0,0,0,0,0,1000,1000,0,1000,0,0,0,2000
6582,申豐            ,3000,1000,2000,0,0,0,0,0,0,0,0,0,0,0,0,0,2000
6541,泰福-KY         ,40000,38000,2000,0,0,0,0,0,0,0,0,0,0,0,0,0,2000
6491,晶碩            ,3000,1000,2000,0,0,0,0,0,0,0,0,0,0,0,0,0,2000
8222,寶一            ,0,1000,-1000,0,0,0,0,0,0,3000,3000,0,3000,0,0,0,2000
6183,關貿            ,3000,1000,2000,0,0,0,0,0,0,0,0,0,0,0,0,0,2000
9136,巨騰-DR         ,5000,3000,2000,0,0,0,0,0,0,0,0,0,0,0,0,0,2000
05941P,聯發科凱基96售22,0,0,0,0,0,0,0,0,0,2000,0,0,0,2000,0,2000,2000
1735,日勝化          ,2000,0,2000,0,0,0,0,0,0,0,0,0,0,0,0,0,2000
1535,中宇            ,3000,1000,2000,0,0,0,0,0,0,0,0,0,0,0,0,0,2000
1521,大億            ,1000,0,1000,0,0,0,0,0,0,1000,1000,0,1000,0,0,0,2000
2017,官田鋼          ,1000,0,1000,0,0,0,0,0,0,1000,1000,0,1000,0,0,0,2000
2109,華豐            ,2000,0,2000,0,0,0,0,0,0,0,0,0,0,0,0,0,2000
2069,運錩            ,6000,4000,2000,0,0,0,0,0,0,0,0,0,0,0,0,0,2000
2231,為升            ,13000,8000,5000,0,0,0,0,0,0,-3000,1000,0,1000,0,4000,-4000,2000
05805P,義隆永豐96售02  ,0,0,0,0,0,0,0,0,0,2000,0,0,0,2000,0,2000,2000
1709,和益            ,35000,33250,1750,0,0,0,0,0,0,0,0,0,0,0,0,0,1750
1708,東鹼            ,2000,800,1200,0,0,0,0,0,0,0,0,0,0,0,0,0,1200
054509,上証反元大99購01,0,0,0,0,0,0,0,0,0,1000,0,0,0,1000,0,1000,1000
054361,技嘉凱基96購01  ,0,0,0,0,0,0,0,0,0,1000,0,0,0,11000,10000,1000,1000
05478P,智伸科國票96售02,0,0,0,0,0,0,0,0,0,1000,0,0,0,1000,0,1000,1000
054146,康友元大96購06  ,0,0,0,0,0,0,0,0,0,1000,0,0,0,116000,115000,1000,1000
054217,台表科國票97購05,0,0,0,0,0,0,0,0,0,1000,0,0,0,22000,21000,1000,1000
05421P,鴻海元大96售12  ,0,0,0,0,0,0,0,0,0,1000,0,0,0,92000,91000,1000,1000
05279P,上銀元大95售02  ,0,0,0,0,0,0,0,0,0,1000,0,0,0,1000,0,1000,1000
052800,國巨元大96購05  ,0,0,0,0,0,0,0,0,0,1000,0,0,0,4000,3000,1000,1000
052686,華新科元大96購03,0,0,0,0,0,0,0,0,0,1000,0,0,0,1000,0,1000,1000
052973,冠德群益96購01  ,0,0,0,0,0,0,0,0,0,1000,0,0,0,1000,0,1000,1000
052930,華新科元大97購03,0,0,0,0,0,0,0,0,0,1000,0,0,0,1000,0,1000,1000
05293P,廣達凱基95售01  ,0,0,0,0,0,0,0,0,0,1000,0,0,0,1000,0,1000,1000
052662,華新科國票97購01,0,0,0,0,0,0,0,0,0,1000,0,0,0,1000,0,1000,1000
052637,欣興凱基97購01  ,0,0,0,0,0,0,0,0,0,1000,0,0,0,1000,0,1000,1000
052400,聯詠凱基97購01  ,0,0,0,0,0,0,0,0,0,1000,0,0,0,1000,0,1000,1000
052391,瑞儀群益95購01  ,0,0,0,0,0,0,0,0,0,1000,0,0,0,37000,36000,1000,1000
052380,臺股指元大95購21,0,0,0,0,0,0,0,0,0,1000,0,0,0,2000,1000,1000,1000
05248P,矽創群益96售01  ,0,0,0,0,0,0,0,0,0,1000,0,0,0,25000,24000,1000,1000
052419,上証2X國票96購02,0,0,0,0,0,0,0,0,0,1000,0,0,0,1000,0,1000,1000
053430,樺漢永豐96購01  ,0,0,0,0,0,0,0,0,0,1000,0,0,0,10000,9000,1000,1000
053371,滬深2X元大99購01,0,0,0,0,0,0,0,0,0,1000,0,0,0,1000,0,1000,1000
053615,光罩群益96購01  ,0,0,0,0,0,0,0,0,0,1000,0,0,0,21000,20000,1000,1000
053152,大立光元大99購01,0,0,0,0,0,0,0,0,0,1000,0,0,0,102000,101000,1000,1000
05319P,上銀凱基95售02  ,0,0,0,0,0,0,0,0,0,1000,0,0,0,1000,0,1000,1000
053286,臺股指元大96購14,0,0,0,0,0,0,0,0,0,1000,0,0,0,1000,0,1000,1000
053258,上証2X群益9A購03,0,0,0,0,0,0,0,0,0,1000,0,0,0,1000,0,1000,1000
053042,大立光凱基97購03,0,0,0,0,0,0,0,0,0,1000,0,0,0,1000,0,1000,1000
053031,華新科第一96購01,0,0,0,0,0,0,0,0,0,1000,0,0,0,1000,0,1000,1000
053085,華新科元大97購04,0,0,0,0,0,0,0,0,0,1000,0,0,0,45000,44000,1000,1000
053108,南亞科兆豐96購01,0,0,0,0,0,0,0,0,0,1000,0,0,0,1000,0,1000,1000
053129,緯穎凱基96購01  ,0,0,0,0,0,0,0,0,0,1000,0,0,0,1000,0,1000,1000
047924,可成凱基93購10  ,0,0,0,0,0,0,0,0,0,1000,0,0,0,136000,135000,1000,1000
047928,禾伸堂凱基93購04,0,0,0,0,0,0,0,0,0,1000,0,0,0,11000,10000,1000,1000
047942,華新科國票94購04,0,0,0,0,0,0,0,0,0,1000,0,0,0,1000,0,1000,1000
047611,滬深2X群益93購02,0,0,0,0,0,0,0,0,0,1000,0,0,0,101000,100000,1000,1000
047796,臺股指群益93購07,0,0,0,0,0,0,0,0,0,1000,0,0,0,1000,0,1000,1000
047789,景碩群益93購01  ,0,0,0,0,0,0,0,0,0,1000,0,0,0,1000,0,1000,1000
047767,聯發科元大93購20,0,0,0,0,0,0,0,0,0,1000,0,0,0,1000,0,1000,1000
044556,健策永豐91購01  ,0,0,0,0,0,0,0,0,0,1000,0,0,0,1000,0,1000,1000
044396,燿華凱基93購02  ,0,0,0,0,0,0,0,0,0,1000,0,0,0,1000,0,1000,1000
044632,超眾元大91購03  ,0,0,0,0,0,0,0,0,0,1000,0,0,0,401000,400000,1000,1000
044680,華新科凱基93購06,0,0,0,0,0,0,0,0,0,1000,0,0,0,1000,0,1000,1000
044258,超眾元大92購02  ,0,0,0,0,0,0,0,0,0,1000,0,0,0,1000,0,1000,1000
04591P,上銀元大94售01  ,0,0,0,0,0,0,0,0,0,1000,0,0,0,11000,10000,1000,1000
044917,奇力新永豐91購02,0,0,0,0,0,0,0,0,0,1000,0,0,0,1000,0,1000,1000
045603,傳奇國票92購01  ,0,0,0,0,0,0,0,0,0,1000,0,0,0,1000,0,1000,1000
045268,康普凱基92購01  ,0,0,0,0,0,0,0,0,0,1000,0,0,0,1000,0,1000,1000
045379,智邦元大93購01  ,0,0,0,0,0,0,0,0,0,1000,0,0,0,31000,30000,1000,1000
045369,康控兆豐93購01  ,0,0,0,0,0,0,0,0,0,1000,0,0,0,1000,0,1000,1000
045556,可成國票93購01  ,0,0,0,0,0,0,0,0,0,1000,0,0,0,1000,0,1000,1000
045012,大立光元大92購09,0,0,0,0,0,0,0,0,0,1000,0,0,0,1000,0,1000,1000
045045,南亞科凱基92購01,0,0,0,0,0,0,0,0,0,1000,0,0,0,11000,10000,1000,1000
044968,旺宏麥證92購02  ,0,0,0,1000,0,1000,0,0,0,1000,0,0,0,1000,0,1000,1000
044070,旺宏永豐91購03  ,0,0,0,0,0,0,0,0,0,1000,0,0,0,1000,0,1000,1000
044983,玉晶光國票93購01,0,0,0,0,0,0,0,0,0,1000,0,0,0,1000,0,1000,1000
046062,遠東新凱基92購02,0,0,0,0,0,0,0,0,0,1000,0,0,0,1000,0,1000,1000
044175,亞光統一92購01  ,0,0,0,0,0,0,0,0,0,1000,0,0,0,30000,29000,1000,1000
044167,大立光元大93購03,0,0,0,0,0,0,0,0,0,1000,0,0,0,1000,0,1000,1000
042287,台灣50元大93購10,0,0,0,0,0,0,0,0,0,1000,0,0,0,1000,0,1000,1000
04310P,京元電統一93售03,0,0,0,0,0,0,0,0,0,1000,0,0,0,11000,10000,1000,1000
042641,國巨麥證91購03  ,0,0,0,1000,0,1000,0,0,0,1000,0,0,0,1000,0,1000,1000
042548,新光金元大91購01,0,0,0,0,0,0,0,0,0,1000,0,0,0,1000,0,1000,1000
04254P,亞德客國票93售03,0,0,0,0,0,0,0,0,0,1000,0,0,0,1000,0,1000,1000
04252P,台達電元富93售02,0,0,0,0,0,0,0,0,0,1000,0,0,0,21000,20000,1000,1000
042411,台積電元大91購06,0,0,0,0,0,0,0,0,0,1000,0,0,0,15000,14000,1000,1000
043285,聯發科元大92購01,0,0,0,0,0,0,0,0,0,1000,0,0,0,1000,0,1000,1000
04335P,大成鋼元大93售01,0,0,0,0,0,0,0,0,0,1000,0,0,0,1000,0,1000,1000
044711,台郡元大93購01  ,0,0,0,0,0,0,0,0,0,1000,0,0,0,11000,10000,1000,1000
044874,新日興統一91購02,0,0,0,0,0,0,0,0,0,1000,0,0,0,16000,15000,1000,1000
044816,漢唐兆豐93購02  ,0,0,0,0,0,0,0,0,0,1000,0,0,0,36000,35000,1000,1000
04574P,台達電統一94售05,0,0,0,0,0,0,0,0,0,1000,0,0,0,11000,10000,1000,1000
045779,大立光元大93購11,0,0,0,0,0,0,0,0,0,1000,0,0,0,1000,0,1000,1000
045799,微星亞東93購01  ,0,0,0,0,0,0,0,0,0,1000,0,0,0,1000,0,1000,1000
020008,元大特股高息N   ,0,0,0,0,0,0,0,0,0,1000,0,0,0,16000,15000,1000,1000
03022X,富展01          ,0,0,0,0,0,0,0,0,0,1000,0,0,0,1000,0,1000,1000
00707R,元大S&P日圓反1  ,0,0,0,0,0,0,0,0,0,1000,0,0,0,43000,42000,1000,1000
00732,國泰RMB短期報酬 ,0,0,0,0,0,0,0,0,0,1000,0,0,0,101000,100000,1000,1000
039382,聯發科國泰92購01,0,0,0,0,0,0,0,0,0,1000,0,0,0,1000,0,1000,1000
03203P,台積電凱基01售26,0,0,0,0,0,0,0,0,0,1000,0,0,0,1000,0,1000,1000
03824P,燿華元大94售01  ,0,0,0,0,0,0,0,0,0,1000,0,0,0,1000,0,1000,1000
03849P,大成鋼凱基93售03,0,0,0,0,0,0,0,0,0,1000,0,0,0,1000,0,1000,1000
03928P,鎧勝康和93售01  ,0,0,0,0,0,0,0,0,0,1000,0,0,0,1000,0,1000,1000
043864,鴻海元大91購07  ,0,0,0,0,0,0,0,0,0,1000,0,0,0,1000,0,1000,1000
04043P,復盛元富93售02  ,0,0,0,0,0,0,0,0,0,1000,0,0,0,1000,0,1000,1000
043816,鈺齊永豐91購01  ,0,0,0,0,0,0,0,0,0,1000,0,0,0,1000,0,1000,1000
043663,大立光元大92購07,0,0,0,0,0,0,0,0,0,1000,0,0,0,1000,0,1000,1000
043752,聯發科元大91購09,0,0,0,0,0,0,0,0,0,1000,0,0,0,1000,0,1000,1000
03402P,大立光凱基02售07,0,0,0,0,0,0,0,0,0,1000,0,0,0,1000,0,1000,1000
03643C,臺股指元富99牛04,0,0,0,0,0,0,0,0,0,1000,0,0,0,1000,0,1000,1000
049189,訊芯康和94購01  ,0,0,0,0,0,0,0,0,0,1000,0,0,0,11000,10000,1000,1000
049215,國巨國票94購03  ,0,0,0,0,0,0,0,0,0,1000,0,0,0,1000,0,1000,1000
04907P,超眾國票95售01  ,0,0,0,0,0,0,0,0,0,1000,0,0,0,42000,41000,1000,1000
049527,國巨中信95購01  ,0,0,0,0,0,0,0,0,0,1000,0,0,0,12000,11000,1000,1000
049495,欣興元大94購06  ,0,0,0,0,0,0,0,0,0,1000,0,0,0,1000,0,1000,1000
049313,晶技凱基94購01  ,0,0,0,0,0,0,0,0,0,1000,0,0,0,1000,0,1000,1000
049382,牧德元大94購04  ,0,0,0,0,0,0,0,0,0,1000,0,0,0,1000,0,1000,1000
048087,國巨凱基93購07  ,0,0,0,0,0,0,0,0,0,1000,0,0,0,1000,0,1000,1000
04808P,訊芯永豐94售02  ,0,0,0,0,0,0,0,0,0,1000,0,0,0,1000,0,1000,1000
046838,勤誠群益93購01  ,0,0,0,0,0,0,0,0,0,1000,0,0,0,21000,20000,1000,1000
046835,傳奇群益93購01  ,0,0,0,0,0,0,0,0,0,1000,0,0,0,1000,0,1000,1000
047151,台積電國票94購02,0,0,0,0,0,0,0,0,0,1000,0,0,0,1000,0,1000,1000
046874,聯詠元富93購01  ,0,0,0,0,0,0,0,0,0,1000,0,0,0,20000,19000,1000,1000
046869,聯發科統一95購01,0,0,0,0,0,0,0,0,0,1000,0,0,0,6000,5000,1000,1000
046856,健鼎元大93購01  ,0,0,0,0,0,0,0,0,0,1000,0,0,0,1000,0,1000,1000
047238,傳奇凱基94購01  ,0,0,0,0,0,0,0,0,0,1000,0,0,0,1000,0,1000,1000
046638,台積電永豐93購01,0,0,0,0,0,0,0,0,0,1000,0,0,0,1000,0,1000,1000
048570,鈺齊元大93購01  ,0,0,0,0,0,0,0,0,0,1000,0,0,0,1000,0,1000,1000
048529,京元電國票94購01,0,0,0,0,0,0,0,0,0,1000,0,0,0,1000,0,1000,1000
047949,燿華台新93購01  ,0,0,0,0,0,0,0,0,0,1000,0,0,0,1000,0,1000,1000
047860,臺股指國票93購15,0,0,0,0,0,0,0,0,0,1000,0,0,0,1000,0,1000,1000
047383,鴻海元大95購01  ,0,0,0,0,0,0,0,0,0,1000,0,0,0,17000,16000,1000,1000
046560,南亞科凱基92購04,0,0,0,0,0,0,0,0,0,1000,0,0,0,1000,0,1000,1000
048724,台達電日盛94購01,0,0,0,0,0,0,0,0,0,1000,0,0,0,6000,5000,1000,1000
048754,瀚宇博元富97購01,0,0,0,0,0,0,0,0,0,1000,0,0,0,1000,0,1000,1000
046379,奇力新凱基93購03,0,0,0,0,0,0,0,0,0,1000,0,0,0,1000,0,1000,1000
046346,旺宏兆豐92購02  ,0,0,0,0,0,0,0,0,0,1000,0,0,0,1000,0,1000,1000
046420,群創元大92購10  ,0,0,0,0,0,0,0,0,0,1000,0,0,0,1000,0,1000,1000
046489,大立光永昌92購01,0,0,0,0,0,0,0,0,0,1000,0,0,0,36000,35000,1000,1000
046477,台積電統一94購02,0,0,0,0,0,0,0,0,0,1000,0,0,0,1000,0,1000,1000
046748,喬山凱基93購01  ,0,0,0,0,0,0,0,0,0,1000,0,0,0,1000,0,1000,1000
046734,華通國票93購02  ,0,0,0,0,0,0,0,0,0,1000,0,0,0,21000,20000,1000,1000
046292,聯發科統一92購02,0,0,0,0,0,0,0,0,0,1000,0,0,0,1000,0,1000,1000
048070,聯發科元富99購03,0,0,0,0,0,0,0,0,0,1000,0,0,0,1000,0,1000,1000
048068,南亞科元富95購01,0,0,0,0,0,0,0,0,0,1000,0,0,0,1000,0,1000,1000
046730,瀚宇博元大93購02,0,0,0,0,0,0,0,0,0,1000,0,0,0,1000,0,1000,1000
048390,國巨國票94購02  ,0,0,0,0,0,0,0,0,0,1000,0,0,0,1000,0,1000,1000
048649,瀚宇博元大93購05,0,0,0,0,0,0,0,0,0,1000,0,0,0,11000,10000,1000,1000
048619,台表科凱基93購07,0,0,0,0,0,0,0,0,0,1000,0,0,0,20000,19000,1000,1000
050095,國巨國泰95購04  ,0,0,0,0,0,0,0,0,0,1000,0,0,0,1000,0,1000,1000
050038,金融類元大94購04,0,0,0,0,0,0,0,0,0,1000,0,0,0,1000,0,1000,1000
04998P,京元電永豐95售01,0,0,0,0,0,0,0,0,0,1000,0,0,0,1000,0,1000,1000
04994P,大成鋼凱基95售01,0,0,0,0,0,0,0,0,0,1000,0,0,0,1000,0,1000,1000
05015P,臺股指元大95售06,0,0,0,0,0,0,0,0,0,1000,0,0,0,1000,0,1000,1000
050210,華新科國票94購08,0,0,0,0,0,0,0,0,0,1000,0,0,0,1000,0,1000,1000
050273,GIS元大94購04   ,0,0,0,0,0,0,0,0,0,1000,0,0,0,1000,0,1000,1000
049727,台積電中信94購02,0,0,0,0,0,0,0,0,0,1000,0,0,0,35000,34000,1000,1000
049721,晶技凱基94購02  ,0,0,0,0,0,0,0,0,0,1000,0,0,0,48000,47000,1000,1000
049716,台積電凱基94購24,0,0,0,0,0,0,0,0,0,1000,0,0,0,1000,0,1000,1000
049693,可成元大94購08  ,0,0,0,0,0,0,0,0,0,1000,0,0,0,1000,0,1000,1000
049649,信邦凱基94購01  ,0,0,0,0,0,0,0,0,0,1000,0,0,0,5000,4000,1000,1000
049839,聯發科亞東94購02,0,0,0,0,0,0,0,0,0,1000,0,0,0,1000,0,1000,1000
049900,台積電元富94購06,0,0,0,0,0,0,0,0,0,1000,0,0,0,182000,181000,1000,1000
049940,臺股指元大94購21,0,0,0,0,0,0,0,0,0,1000,0,0,0,1000,0,1000,1000
050831,超眾凱基95購01  ,0,0,0,0,0,0,0,0,0,1000,0,0,0,1000,0,1000,1000
050722,聯電國票96購01  ,0,0,0,0,0,0,0,0,0,1000,0,0,0,1000,0,1000,1000
050950,健鼎群益96購01  ,0,0,0,0,0,0,0,0,0,1000,0,0,0,10000,9000,1000,1000
050348,鴻海群益94購06  ,0,0,0,0,0,0,0,0,0,1000,0,0,0,23000,22000,1000,1000
050445,鴻海元大94購21  ,0,0,0,0,0,0,0,0,0,1000,0,0,0,142000,141000,1000,1000
050475,揚明光永豐95購01,0,0,0,0,0,0,0,0,0,1000,0,0,0,1000,0,1000,1000
05047P,強茂永豐95售02  ,0,0,0,0,0,0,0,0,0,1000,0,0,0,51000,50000,1000,1000
050514,聯電元大94購01  ,0,0,0,0,0,0,0,0,0,1000,0,0,0,38000,37000,1000,1000
051015,南亞科凱基95購04,0,0,0,0,0,0,0,0,0,1000,0,0,0,3000,2000,1000,1000
051137,聯詠永豐95購01  ,0,0,0,0,0,0,0,0,0,1000,0,0,0,2000,1000,1000,1000
051115,華通麥證96購01  ,0,0,0,79000,78000,1000,0,0,0,1000,0,0,0,79000,78000,1000,1000
051254,健策元大96購04  ,0,0,0,0,0,0,0,0,0,1000,0,0,0,3000,2000,1000,1000
051220,大立光元富95購08,0,0,0,0,0,0,0,0,0,1000,0,0,0,2000,1000,1000,1000
051195,台郡中信95購01  ,0,0,0,0,0,0,0,0,0,1000,0,0,0,65000,64000,1000,1000
051401,華新科永豐95購01,0,0,0,0,0,0,0,0,0,1000,0,0,0,71000,70000,1000,1000
051419,麗豐國票96購01  ,0,0,0,0,0,0,0,0,0,1000,0,0,0,1000,0,1000,1000
051499,康控群益95購02  ,0,0,0,0,0,0,0,0,0,1000,0,0,0,5000,4000,1000,1000
05223P,臻鼎凱基95售02  ,0,0,0,0,0,0,0,0,0,1000,0,0,0,11000,10000,1000,1000
052105,南亞科兆豐95購01,0,0,0,0,0,0,0,0,0,1000,0,0,0,1000,0,1000,1000
052142,滬深2X群益99購04,0,0,0,0,0,0,0,0,0,1000,0,0,0,5000,4000,1000,1000
052170,台積電元大95購20,0,0,0,0,0,0,0,0,0,1000,0,0,0,128000,127000,1000,1000
052094,瀚宇博元大96購02,0,0,0,0,0,0,0,0,0,1000,0,0,0,16000,15000,1000,1000
052038,國巨永昌96購01  ,0,0,0,0,0,0,0,0,0,1000,0,0,0,1000,0,1000,1000
052033,臺股指群益95購06,0,0,0,0,0,0,0,0,0,1000,0,0,0,1000,0,1000,1000
051678,鈺齊元大95購02  ,0,0,0,0,0,0,0,0,0,1000,0,0,0,11000,10000,1000,1000
051690,超眾凱基95購03  ,0,0,0,0,0,0,0,0,0,1000,0,0,0,1000,0,1000,1000
051800,旺宏永豐95購02  ,0,0,0,0,0,0,0,0,0,1000,0,0,0,1000,0,1000,1000
051831,緯穎元大96購04  ,0,0,0,0,0,0,0,0,0,1000,0,0,0,124000,123000,1000,1000
05200P,臺股指永豐95售03,0,0,0,0,0,0,0,0,0,1000,0,0,0,11000,10000,1000,1000
051976,淘帝凱基95購01  ,0,0,0,0,0,0,0,0,0,1000,0,0,0,1000,0,1000,1000
1724,台硝            ,1000,0,1000,0,0,0,0,0,0,0,0,0,0,0,0,0,1000
1731,美吾華          ,0,0,0,0,0,0,0,0,0,1000,1000,0,1000,0,0,0,1000
1714,和桐            ,134000,145000,-11000,0,0,0,0,0,0,12000,12000,0,12000,0,0,0,1000
1516,川飛            ,1000,0,1000,0,0,0,0,0,0,0,0,0,0,0,0,0,1000
1525,江申            ,1000,0,1000,0,0,0,0,0,0,0,0,0,0,0,0,0,1000
1539,巨庭            ,0,0,0,0,0,0,0,0,0,1000,1000,0,1000,0,0,0,1000
1541,錩泰            ,1000,0,1000,0,0,0,0,0,0,0,0,0,0,0,0,0,1000
1568,倉佑            ,1000,0,1000,0,0,0,0,0,0,0,0,0,0,0,0,0,1000
2033,佳大            ,1000,0,1000,0,0,0,0,0,0,0,0,0,0,0,0,0,1000
2012,春雨            ,1000,0,1000,0,0,0,0,0,0,0,0,0,0,0,0,0,1000
2024,志聯            ,1000,0,1000,0,0,0,0,0,0,0,0,0,0,0,0,0,1000
1810,和成            ,2000,2000,0,0,0,0,0,0,0,1000,1000,0,1000,0,0,0,1000
2427,三商電          ,0,0,0,0,0,0,0,0,0,1000,1000,0,1000,0,0,0,1000
2460,建通            ,0,0,0,0,0,0,0,0,0,1000,1000,0,1000,0,0,0,1000
2466,冠西電          ,0,0,0,0,0,0,0,0,0,1000,1000,0,1000,0,0,0,1000
2397,友通            ,2000,1000,1000,0,0,0,0,0,0,0,0,0,0,0,0,0,1000
05947P,大成鋼元大96售03,0,0,0,0,0,0,0,0,0,1000,0,0,0,1000,0,1000,1000
05962P,大立光群益96售07,0,0,0,0,0,0,0,0,0,1000,0,0,0,1000,0,1000,1000
06098P,T50反1日盛97售02,0,0,0,0,0,0,0,0,0,1000,0,0,0,1000,0,1000,1000
1452,宏益            ,1000,0,1000,0,0,0,0,0,0,0,0,0,0,0,0,0,1000
1101B,台泥乙特        ,0,0,0,0,0,0,0,0,0,1000,1000,0,1000,0,0,0,1000
07383P,聯發科群益99售06,0,0,0,0,0,0,0,0,0,1000,0,0,0,1000,0,1000,1000
05781P,臺股指統一99售02,0,0,0,0,0,0,0,0,0,1000,0,0,0,5000,4000,1000,1000
05727P,新光金日盛96售02,0,0,0,0,0,0,0,0,0,1000,0,0,0,1000,0,1000,1000
05922P,京元電兆豐96售01,0,0,0,0,0,0,0,0,0,1000,0,0,0,1000,0,1000,1000
05860P,旺宏康和96售01  ,0,0,0,0,0,0,0,0,0,1000,0,0,0,1000,0,1000,1000
05602P,國巨元大96售06  ,0,0,0,0,0,0,0,0,0,1000,0,0,0,1000,0,1000,1000
054916,聯發科凱基98購04,0,0,0,0,0,0,0,0,0,1000,0,0,0,1000,0,1000,1000
8497,格威傳媒        ,1000,0,1000,0,0,0,0,0,0,0,0,0,0,0,0,0,1000
8466,美吉吉-KY       ,1000,1000,0,0,0,0,0,0,0,1000,1000,0,1000,0,0,0,1000
8443,阿瘦            ,1000,0,1000,0,0,0,0,0,0,0,0,0,0,0,0,0,1000
8427,基勝-KY         ,1000,0,1000,0,0,0,0,0,0,0,0,0,0,0,0,0,1000
9912,偉聯            ,0,1000,-1000,0,0,0,0,0,0,2000,2000,0,2000,0,0,0,1000
9937,全國            ,0,0,0,0,0,0,0,0,0,1000,1000,0,1000,0,0,0,1000
9941A,裕融甲特        ,0,0,0,0,0,0,0,0,0,1000,1000,0,1000,0,0,0,1000
6216,居易            ,1000,0,1000,0,0,0,0,0,0,0,0,0,0,0,0,0,1000
6117,迎廣            ,1000,0,1000,0,0,0,0,0,0,0,0,0,0,0,0,0,1000
8103,瀚荃            ,2000,1000,1000,0,0,0,0,0,0,0,0,0,0,0,0,0,1000
6579,研揚            ,1000,0,1000,0,0,0,0,0,0,0,0,0,0,0,0,0,1000
6442,光聖            ,1000,0,1000,0,0,0,0,0,0,0,0,0,0,0,0,0,1000
3054,立萬利          ,2000,1000,1000,0,0,0,0,0,0,0,0,0,0,0,0,0,1000
2888A,新光金甲特      ,1000,0,1000,0,0,0,0,0,0,0,0,0,0,0,0,0,1000
2939,凱羿-KY         ,2000,0,2000,0,0,0,0,0,0,-1000,0,1000,-1000,0,0,0,1000
2904,匯僑            ,0,0,0,0,0,0,0,0,0,1000,1000,0,1000,0,0,0,1000
4572,駐龍            ,3000,2000,1000,0,0,0,0,0,0,0,0,0,0,0,0,0,1000
3296,勝德            ,0,0,0,0,0,0,0,0,0,1000,1000,0,1000,0,0,0,1000
3416,融程電          ,1000,0,1000,0,0,0,0,0,0,0,0,0,0,0,0,0,1000
008201,BP上證50        ,0,0,0,0,0,0,0,0,0,200,0,0,0,500,300,200,200
8454,富邦媒          ,13000,12830,170,0,0,0,0,0,0,0,0,0,0,0,0,0,170
053116,華新科中信96購01,0,0,0,0,0,0,0,0,0,0,0,0,0,20000,20000,0,0
053073,技嘉康和96購01  ,0,0,0,0,0,0,0,0,0,0,0,0,0,2000,2000,0,0
053090,新唐元大96購01  ,0,0,0,0,0,0,0,0,0,0,0,0,0,100000,100000,0,0
053247,麗豐國票97購01  ,0,0,0,0,0,0,0,0,0,0,0,0,0,10000,10000,0,0
05326P,臺股指凱基95售10,0,0,0,0,0,0,0,0,0,0,0,0,0,100000,100000,0,0
053274,旺宏元大98購03  ,0,0,0,0,0,0,0,0,0,0,0,0,0,43000,43000,0,0
053155,晶技元大97購02  ,0,0,0,0,0,0,0,0,0,0,0,0,0,36000,36000,0,0
05362P,可成富邦97售02  ,0,0,0,0,0,0,0,0,0,0,0,0,0,30000,30000,0,0
053617,宏達電群益96購02,0,0,0,0,0,0,0,0,0,0,0,0,0,3000,3000,0,0
053535,宏達電永豐96購02,0,0,0,0,0,0,0,0,0,0,0,0,0,13000,13000,0,0
053495,聯發科兆豐96購02,0,0,0,0,0,0,0,0,0,0,0,0,0,20000,20000,0,0
053365,彩晶國泰98購01  ,0,0,0,0,0,0,0,0,0,0,0,0,0,85000,85000,0,0
053384,聯發科元大96購13,0,0,0,0,0,0,0,0,0,0,0,0,0,216000,216000,0,0
053375,鴻海元大96購18  ,0,0,0,0,0,0,0,0,0,0,0,0,0,150000,150000,0,0
053376,鴻海元大96購19  ,0,0,0,0,0,0,0,0,0,0,0,0,0,48000,48000,0,0
053343,宏達電國票97購02,0,0,0,0,0,0,0,0,0,0,0,0,0,39000,39000,0,0
053427,鎧勝永豐96購02  ,0,0,0,0,0,0,0,0,0,0,0,0,0,10000,10000,0,0
053467,鴻海元大96購20  ,0,0,0,0,0,0,0,0,0,0,0,0,0,173000,173000,0,0
053456,大立光元富96購04,0,0,0,0,0,0,0,0,0,0,0,0,0,13000,13000,0,0
052411,嘉聯益亞東95購02,0,0,0,0,0,0,0,0,0,0,0,0,0,48000,48000,0,0
052434,茂林國泰97購01  ,0,0,0,0,0,0,0,0,0,0,0,0,0,50000,50000,0,0
05243P,鴻海元大95售19  ,0,0,0,0,0,0,0,0,0,0,0,0,0,331000,331000,0,0
052441,亞泥元大95購01  ,0,0,0,0,0,0,0,0,0,0,0,0,0,14000,14000,0,0
052443,台積電元大95購23,0,0,0,0,0,0,0,0,0,0,0,0,0,150000,150000,0,0
052489,義隆國票96購02  ,0,0,0,0,0,0,0,0,0,0,0,0,0,20000,20000,0,0
052389,聯發科群益95購05,0,0,0,0,0,0,0,0,0,0,0,0,0,1000,1000,0,0
052638,緯創凱基96購02  ,0,0,0,0,0,0,0,0,0,0,0,0,0,13000,13000,0,0
052633,國巨凱基96購05  ,0,0,0,0,0,0,0,0,0,0,0,0,0,24000,24000,0,0
052578,大立光統一97購01,0,0,0,0,0,0,0,0,0,0,0,0,0,9000,9000,0,0
052559,茂林國票97購01  ,0,0,0,0,0,0,0,0,0,0,0,0,0,26000,26000,0,0
052546,友達中信98購01  ,0,0,0,0,0,0,0,0,0,0,0,0,0,20000,20000,0,0
052515,矽力凱基95購02  ,0,0,0,0,0,0,0,0,0,0,0,0,0,10000,10000,0,0
052974,瀚宇博群益96購01,0,0,0,0,0,0,0,0,0,0,0,0,0,45000,45000,0,0
05296P,牧德凱基96售01  ,0,0,0,0,0,0,0,0,0,0,0,0,0,100000,100000,0,0
052997,國巨康和96購01  ,0,0,0,0,0,0,0,0,0,0,0,0,0,11000,11000,0,0
052988,智易元大96購02  ,0,0,0,0,0,0,0,0,0,0,0,0,0,27000,27000,0,0
052862,正崴凱基96購01  ,0,0,0,0,0,0,0,0,0,0,0,0,0,4000,4000,0,0
052860,旺宏凱基96購03  ,0,0,0,0,0,0,0,0,0,0,0,0,0,39000,39000,0,0
052894,國巨群益96購03  ,0,0,0,0,0,0,0,0,0,0,0,0,0,20000,20000,0,0
05288P,寶成元富95售02  ,0,0,0,0,0,0,0,0,0,0,0,0,0,30000,30000,0,0
052691,GIS元大96購01   ,0,0,0,0,0,0,0,0,0,0,0,0,0,1000,1000,0,0
052704,TPK國票97購01   ,0,0,0,0,0,0,0,0,0,0,0,0,0,100000,100000,0,0
052712,旺宏凱基96購02  ,0,0,0,0,0,0,0,0,0,0,0,0,0,72000,72000,0,0
052820,宏達電永豐96購01,0,0,0,0,0,0,0,0,0,0,0,0,0,58000,58000,0,0
052777,燿華國票98購01  ,0,0,0,0,0,0,0,0,0,0,0,0,0,34000,34000,0,0
054234,可成群益96購05  ,0,0,0,0,0,0,0,0,0,0,0,0,0,11000,11000,0,0
054245,鴻海元大96購23  ,0,0,0,0,0,0,0,0,0,0,0,0,0,311000,311000,0,0
054253,宏達電元大97購03,0,0,0,0,0,0,0,0,0,0,0,0,0,3000,3000,0,0
054281,世芯群益97購01  ,0,0,0,0,0,0,0,0,0,0,0,0,0,11000,11000,0,0
054286,台積電元大96購22,0,0,0,0,0,0,0,0,0,0,0,0,0,150000,150000,0,0
054264,超眾元大97購02  ,0,0,0,0,0,0,0,0,0,0,0,0,0,1000,1000,0,0
054265,GIS元大96購03   ,0,0,0,0,0,0,0,0,0,0,0,0,0,71000,71000,0,0
054140,智易元大97購03  ,0,0,0,0,0,0,0,0,0,0,0,0,0,26000,26000,0,0
054142,致伸元大97購01  ,0,0,0,0,0,0,0,0,0,0,0,0,0,50000,50000,0,0
054134,強茂元大96購01  ,0,0,0,0,0,0,0,0,0,0,0,0,0,105000,105000,0,0
054177,牧德台新97購01  ,0,0,0,0,0,0,0,0,0,0,0,0,0,3000,3000,0,0
054014,宏達電永豐96購04,0,0,0,0,0,0,0,0,0,0,0,0,0,2000,2000,0,0
054041,鴻海元大96購22  ,0,0,0,0,0,0,0,0,0,0,0,0,0,230000,230000,0,0
053847,美律元富96購02  ,0,0,0,0,0,0,0,0,0,0,0,0,0,162000,162000,0,0
053844,GIS統一96購01   ,0,0,0,0,0,0,0,0,0,0,0,0,0,40000,40000,0,0
053902,S&P反1凱基97購01,0,0,0,0,0,0,0,0,0,0,0,0,0,200000,200000,0,0
05396P,台郡元大95售05  ,0,0,0,0,0,0,0,0,0,0,0,0,0,69000,69000,0,0
053750,致伸永豐96購02  ,0,0,0,0,0,0,0,0,0,0,0,0,0,68000,68000,0,0
053775,鴻海元大96購21  ,0,0,0,0,0,0,0,0,0,0,0,0,0,300000,300000,0,0
053776,台積電元大96購19,0,0,0,0,0,0,0,0,0,0,0,0,0,405000,405000,0,0
05379P,可成凱基95售11  ,0,0,0,0,0,0,0,0,0,0,0,0,0,5000,5000,0,0
053684,台積電元大96購17,0,0,0,0,0,0,0,0,0,0,0,0,0,11000,11000,0,0
053666,臺股指凱基96購29,0,0,0,0,0,0,0,0,0,0,0,0,0,1000,1000,0,0
053644,台表科國票97購03,0,0,0,0,0,0,0,0,0,0,0,0,0,26000,26000,0,0
054798,超眾群益97購01  ,0,0,0,0,0,0,0,0,0,0,0,0,0,13000,13000,0,0
054817,聯發科元大97購13,0,0,0,0,0,0,0,0,0,0,0,0,0,28000,28000,0,0
054812,鴻海元大97購08  ,0,0,0,0,0,0,0,0,0,0,0,0,0,150000,150000,0,0
054827,宏全元大9A購01  ,1000,0,1000,0,0,0,0,0,0,-1000,0,0,0,0,1000,-1000,0
054625,旺宏凱基98購03  ,0,0,0,0,0,0,0,0,0,0,0,0,0,10000,10000,0,0
054678,麗豐台新98購02  ,0,0,0,0,0,0,0,0,0,0,0,0,0,30000,30000,0,0
054671,國巨國泰98購01  ,0,0,0,0,0,0,0,0,0,0,0,0,0,71000,71000,0,0
054672,華新科國泰99購01,0,0,0,0,0,0,0,0,0,0,0,0,0,33000,33000,0,0
054296,世芯元大97購01  ,0,0,0,0,0,0,0,0,0,0,0,0,0,1000,1000,0,0
05441P,華通元大95售09  ,0,0,0,0,0,0,0,0,0,0,0,0,0,96000,96000,0,0
054499,台光電永豐96購02,0,0,0,0,0,0,0,0,0,0,0,0,0,68000,68000,0,0
054462,旺宏凱基96購08  ,0,0,0,0,0,0,0,0,0,0,0,0,0,11000,11000,0,0
054542,台表科國票98購01,0,0,0,0,0,0,0,0,0,0,0,0,0,21000,21000,0,0
054550,旺宏凱基98購02  ,0,0,0,0,0,0,0,0,0,0,0,0,0,10000,10000,0,0
054552,聯發科凱基98購03,0,0,0,0,0,0,0,0,0,0,0,0,0,1000,1000,0,0
054521,TPK元大96購03   ,0,0,0,0,0,0,0,0,0,0,0,0,0,103000,103000,0,0
054531,聯發科國泰97購02,0,0,0,0,0,0,0,0,0,0,0,0,0,10000,10000,0,0
00774B,新光中國政金綠債,0,0,0,0,0,0,0,0,0,0,0,0,0,2000,2000,0,0
00775B,新光投等債15+   ,0,0,0,0,0,0,0,0,0,0,0,0,0,2000,2000,0,0
00767,FH美國金融股    ,0,0,0,0,0,0,0,0,0,0,0,0,0,100000,100000,0,0
00684R,元大美元指數反1 ,0,0,0,0,0,0,0,0,0,0,0,0,0,40000,40000,0,0
006204,永豐臺灣加權    ,0,0,0,0,0,0,0,0,0,0,0,0,0,40000,40000,0,0
00625K,富邦上証+R      ,0,0,0,0,0,0,0,0,0,0,0,0,0,50000,50000,0,0
00657K,國泰日經225+U   ,0,0,0,0,0,0,0,0,0,0,0,0,0,100,100,0,0
00666R,富邦恒生國企反1 ,0,0,0,0,0,0,0,0,0,0,0,0,0,81000,81000,0,0
00668K,國泰美國道瓊+U  ,0,0,0,0,0,0,0,0,0,0,0,0,0,100,100,0,0
00691R,兆豐藍籌30反1   ,0,0,0,0,0,0,0,0,0,0,0,0,0,47000,47000,0,0
039194,國巨凱基91購04  ,0,0,0,0,0,0,0,0,0,0,0,0,0,10000,10000,0,0
03727P,致茂元大93售01  ,0,0,0,0,0,0,0,0,0,0,0,0,0,68000,68000,0,0
03618C,高股息凱基95牛01,0,0,0,0,0,0,0,0,0,0,0,0,0,4000,4000,0,0
03521P,欣興元大02售16  ,0,0,0,0,0,0,0,0,0,0,0,0,0,10000,10000,0,0
03413P,華擎元大02售02  ,0,0,0,0,0,0,0,0,0,0,0,0,0,1000,1000,0,0
03335P,台積電兆豐03售07,0,0,0,0,0,0,0,0,0,0,0,0,0,10000,10000,0,0
03318P,台積電元富08售12,0,0,0,0,0,0,0,0,0,0,0,0,0,10000,10000,0,0
03478P,義隆台新02售01  ,0,0,0,0,0,0,0,0,0,0,0,0,0,10000,10000,0,0
03449P,玉晶光元大02售08,0,0,0,0,0,0,0,0,0,0,0,0,0,40000,40000,0,0
043764,康友元大92購03  ,0,0,0,0,0,0,0,0,0,0,0,0,0,4000,4000,0,0
043695,臻鼎兆豐92購01  ,0,0,0,0,0,0,0,0,0,0,0,0,0,10000,10000,0,0
040145,國巨凱基92購01  ,0,0,0,0,0,0,0,0,0,0,0,0,0,4000,4000,0,0
04015P,可成元大93售10  ,0,0,0,0,0,0,0,0,0,0,0,0,0,25000,25000,0,0
04051P,友達中信94售02  ,0,0,0,0,0,0,0,0,0,0,0,0,0,200000,200000,0,0
045818,鴻海凱基93購10  ,0,0,0,0,0,0,0,0,0,0,0,0,0,29000,29000,0,0
045819,台積電凱基92購14,0,0,0,0,0,0,0,0,0,0,0,0,0,20000,20000,0,0
045824,嘉聯益凱基93購02,0,0,0,0,0,0,0,0,0,0,0,0,0,7000,7000,0,0
04528P,智原凱基94售01  ,0,0,0,0,0,0,0,0,0,0,0,0,0,55000,55000,0,0
045307,群創元大93購04  ,0,0,0,0,0,0,0,0,0,0,0,0,0,60000,60000,0,0
045768,大立光元富95購02,0,0,0,0,0,0,0,0,0,0,0,0,0,8000,8000,0,0
045671,鴻海元大92購10  ,0,0,0,0,0,0,0,0,0,0,0,0,0,64000,64000,0,0
044845,台積電統一91購11,0,1000,-1000,0,0,0,0,0,0,1000,0,0,0,1000,0,1000,0
044838,同欣電元大91購01,0,0,0,0,0,0,0,0,0,0,0,0,0,10000,10000,0,0
044750,鴻海凱基93購07  ,0,0,0,0,0,0,0,0,0,0,0,0,0,100000,100000,0,0
045644,祥碩凱基92購01  ,0,0,0,0,0,0,0,0,0,0,0,0,0,19000,19000,0,0
045633,南亞科凱基92購02,0,0,0,0,0,0,0,0,0,0,0,0,0,3000,3000,0,0
044799,華邦電凱基93購01,0,0,0,0,0,0,0,0,0,0,0,0,0,62000,62000,0,0
04332P,A50正2日盛93售01,0,0,0,0,0,0,0,0,0,0,0,0,0,24000,24000,0,0
041817,鴻海凱基92購01  ,0,0,0,0,0,0,0,0,0,0,0,0,0,3000,3000,0,0
042134,群創富邦91購02  ,0,0,0,0,0,0,0,0,0,0,0,0,0,30000,30000,0,0
04235P,鴻海群益93售08  ,0,0,0,0,0,0,0,0,0,0,0,0,0,30000,30000,0,0
04253P,聯發科元富93售01,0,0,0,0,0,0,0,0,0,0,0,0,0,20000,20000,0,0
04244P,可成元大93售12  ,0,0,0,0,0,0,0,0,0,0,0,0,0,50000,50000,0,0
04247P,宏達電永豐93售02,0,0,0,0,0,0,0,0,0,0,0,0,0,18000,18000,0,0
042647,台積電統一91購04,0,0,0,0,0,0,0,0,0,0,0,0,0,10000,10000,0,0
04276P,聯發科凱基93售33,0,0,0,0,0,0,0,0,0,0,0,0,0,13000,13000,0,0
04306P,上銀凱基93售10  ,0,0,0,0,0,0,0,0,0,0,0,0,0,2000,2000,0,0
04308P,京元電凱基93售06,0,0,0,0,0,0,0,0,0,0,0,0,0,2000,2000,0,0
04229P,臺股指中信95售05,0,0,0,0,0,0,0,0,0,0,0,0,0,1000,1000,0,0
044010,華通凱基93購01  ,0,0,0,0,0,0,0,0,0,0,0,0,0,10000,10000,0,0
041473,滬深2X群益93購01,0,0,0,0,0,0,0,0,0,0,0,0,0,10000,10000,0,0
04165P,南亞科元富95售03,0,0,0,0,0,0,0,0,0,0,0,0,0,10000,10000,0,0
04109P,臺股指永昌93售04,0,0,0,0,0,0,0,0,0,0,0,0,0,60000,60000,0,0
04123P,可成凱基93售11  ,0,0,0,0,0,0,0,0,0,0,0,0,0,25000,25000,0,0
043965,宏盛國泰92購01  ,0,0,0,0,0,0,0,0,0,0,0,0,0,10000,10000,0,0
043962,亞泥國泰92購01  ,0,0,0,0,0,0,0,0,0,0,0,0,0,15000,15000,0,0
043907,鴻海凱基93購01  ,0,0,0,0,0,0,0,0,0,0,0,0,0,17000,17000,0,0
043921,台表科凱基93購01,0,0,0,0,0,0,0,0,0,0,0,0,0,10000,10000,0,0
044132,中磊凱基91購02  ,0,0,0,0,0,0,0,0,0,0,0,0,0,10000,10000,0,0
044043,旺宏中信91購02  ,0,0,0,0,0,0,0,0,0,0,0,0,0,20000,20000,0,0
045072,可成元大92購05  ,0,0,0,0,0,0,0,0,0,0,0,0,0,100000,100000,0,0
045963,新光金凱基93購01,0,0,0,0,0,0,0,0,0,0,0,0,0,10000,10000,0,0
045504,群創凱基94購01  ,0,0,0,0,0,0,0,0,0,0,0,0,0,1000,1000,0,0
045496,鴻海凱基92購07  ,0,0,0,0,0,0,0,0,0,0,0,0,0,7000,7000,0,0
04548P,大立光元大94售14,0,0,0,0,0,0,0,0,0,0,0,0,0,10000,10000,0,0
045455,鴻海元大92購08  ,0,0,0,0,0,0,0,0,0,0,0,0,0,69000,69000,0,0
045461,廣達元大92購01  ,0,0,0,0,0,0,0,0,0,0,0,0,0,10000,10000,0,0
045346,潤泰全凱基92購02,0,0,0,0,0,0,0,0,0,0,0,0,0,10000,10000,0,0
045339,鴻海凱基92購06  ,0,0,0,0,0,0,0,0,0,0,0,0,0,3000,3000,0,0
045341,華邦電凱基93購04,0,0,0,0,0,0,0,0,0,0,0,0,0,2000,2000,0,0
045436,友達統一93購02  ,0,0,0,0,0,0,0,0,0,0,0,0,0,4000,4000,0,0
045400,康友富邦93購01  ,0,0,0,0,0,0,0,0,0,0,0,0,0,6000,6000,0,0
045270,南電凱基92購03  ,0,0,0,0,0,0,0,0,0,0,0,0,0,10000,10000,0,0
045255,華邦電凱基93購03,0,0,0,0,0,0,0,0,0,0,0,0,0,2000,2000,0,0
045215,鴻海元大92購05  ,0,0,0,0,0,0,0,0,0,0,0,0,0,48000,48000,0,0
044906,晶技凱基91購01  ,0,0,0,0,0,0,0,0,0,0,0,0,0,9000,9000,0,0
044246,力成統一91購01  ,0,0,0,0,0,0,0,0,0,0,0,0,0,2000,2000,0,0
044266,亞德客中信91購01,0,0,0,0,0,0,0,0,0,0,0,0,0,10000,10000,0,0
04422P,玉晶光永豐94售03,0,0,0,0,0,0,0,0,0,0,0,0,0,472000,472000,0,0
047892,康控兆豐94購01  ,0,0,0,0,0,0,0,0,0,0,0,0,0,100000,100000,0,0
044643,滬深2X群益96購01,0,0,0,0,0,0,0,0,0,0,0,0,0,10000,10000,0,0
044631,聯茂元大92購02  ,0,0,0,0,0,0,0,0,0,0,0,0,0,68000,68000,0,0
044355,景碩元大91購02  ,0,0,0,0,0,0,0,0,0,0,0,0,0,10000,10000,0,0
044320,瀚宇博永豐91購01,0,0,0,0,0,0,0,0,0,0,0,0,0,49000,49000,0,0
044335,冠德統一91購05  ,0,0,0,0,0,0,0,0,0,0,0,0,0,10000,10000,0,0
044570,智邦凱基91購06  ,0,0,0,0,0,0,0,0,0,0,0,0,0,20000,20000,0,0
044478,友達統一93購01  ,0,0,0,0,0,0,0,0,0,0,0,0,0,2000,2000,0,0
044495,可成元大91購09  ,0,0,0,0,0,0,0,0,0,0,0,0,0,111000,111000,0,0
044482,訊芯統一91購01  ,0,0,0,0,0,0,0,0,0,0,0,0,0,10000,10000,0,0
047734,欣興兆豐94購02  ,0,0,0,0,0,0,0,0,0,0,0,0,0,50000,50000,0,0
047745,廣宇元富93購01  ,0,0,0,0,0,0,0,0,0,0,0,0,0,40000,40000,0,0
047695,聯發科國票93購06,0,0,0,0,0,0,0,0,0,0,0,0,0,2000,2000,0,0
04771P,友達元大96售02  ,0,0,0,0,0,0,0,0,0,0,0,0,0,1000,1000,0,0
047701,鴻海凱基94購12  ,0,0,0,0,0,0,0,0,0,0,0,0,0,1000,1000,0,0
04761P,可成凱基94售09  ,0,0,0,0,0,0,0,0,0,0,0,0,0,25000,25000,0,0
047615,為升凱基93購05  ,0,0,0,0,0,0,0,0,0,0,0,0,0,68000,68000,0,0
047616,鴻海凱基94購10  ,0,0,0,0,0,0,0,0,0,0,0,0,0,21000,21000,0,0
047598,深中小統一94購01,0,0,0,0,0,0,0,0,0,0,0,0,0,60000,60000,0,0
04765P,宏達電永豐94售02,0,0,0,0,0,0,0,0,0,0,0,0,0,108000,108000,0,0
047641,可成元大93購09  ,0,0,0,0,0,0,0,0,0,0,0,0,0,14000,14000,0,0
047932,麗豐凱基93購01  ,0,0,0,0,0,0,0,0,0,0,0,0,0,20000,20000,0,0
047925,可成凱基94購01  ,0,0,0,0,0,0,0,0,0,0,0,0,0,1000,1000,0,0
047918,智邦凱基93購08  ,0,0,0,0,0,0,0,0,0,0,0,0,0,68000,68000,0,0
048037,台表科凱基93購05,0,0,0,0,0,0,0,0,0,0,0,0,0,20000,20000,0,0
048012,嘉晶國票94購01  ,0,0,0,0,0,0,0,0,0,0,0,0,0,30000,30000,0,0
048030,聯發科凱基93購27,0,0,0,0,0,0,0,0,0,0,0,0,0,210000,210000,0,0
048640,南亞科元大93購06,0,0,0,0,0,0,0,0,0,0,0,0,0,10000,10000,0,0
048641,美律元大94購01  ,0,0,0,0,0,0,0,0,0,0,0,0,0,19000,19000,0,0
048616,智伸科凱基93購07,0,0,0,0,0,0,0,0,0,0,0,0,0,25000,25000,0,0
048609,京元電凱基93購07,0,0,0,0,0,0,0,0,0,0,0,0,0,2000,2000,0,0
048612,嘉晶凱基93購05  ,0,0,0,0,0,0,0,0,0,0,0,0,0,190000,190000,0,0
048599,和鑫國票96購01  ,0,0,0,0,0,0,0,0,0,0,0,0,0,15000,15000,0,0
048653,巨大元大96購02  ,0,0,0,0,0,0,0,0,0,0,0,0,0,50000,50000,0,0
048658,鴻海統一93購09  ,0,0,0,0,0,0,0,0,0,0,0,0,0,40000,40000,0,0
048196,聯發科元大93購24,0,0,0,0,0,0,0,0,0,0,0,0,0,6000,6000,0,0
048198,大立光元大93購28,0,0,0,0,0,0,0,0,0,0,0,0,0,4000,4000,0,0
048385,亞德客國票94購01,0,0,0,0,0,0,0,0,0,0,0,0,0,1000,1000,0,0
048298,華通麥證94購01  ,0,0,0,10000,10000,0,0,0,0,0,0,0,0,10000,10000,0,0
048338,正崴元大93購01  ,0,0,0,0,0,0,0,0,0,0,0,0,0,2000,2000,0,0
048343,大立光元大93購29,0,0,0,0,0,0,0,0,0,0,0,0,0,100000,100000,0,0
048344,大立光元大93購30,0,0,0,0,0,0,0,0,0,0,0,0,0,34000,34000,0,0
048373,A50正2元富95購01,0,0,0,0,0,0,0,0,0,0,0,0,0,1000,1000,0,0
048367,華邦電統一93購01,0,0,0,0,0,0,0,0,0,0,0,0,0,50000,50000,0,0
04670P,臺股指國票94售09,0,0,0,0,0,0,0,0,0,0,0,0,0,70000,70000,0,0
048075,美利達元富93購02,0,0,0,0,0,0,0,0,0,0,0,0,0,1000,1000,0,0
047509,技嘉國票93購01  ,0,0,0,0,0,0,0,0,0,0,0,0,0,1000,1000,0,0
048069,南亞科元富95購02,0,0,0,0,0,0,0,0,0,0,0,0,0,10000,10000,0,0
046271,日月光凱基92購05,0,0,0,0,0,0,0,0,0,0,0,0,0,68000,68000,0,0
046275,台表科凱基94購01,0,0,0,0,0,0,0,0,0,0,0,0,0,20000,20000,0,0
046249,聯發科群益92購03,0,0,0,0,0,0,0,0,0,0,0,0,0,18000,18000,0,0
04625P,燿華元大94售03  ,0,0,0,0,0,0,0,0,0,0,0,0,0,75000,75000,0,0
046738,台積電群益93購05,0,0,0,0,0,0,0,0,0,0,0,0,0,46000,46000,0,0
046750,鴻海凱基93購17  ,0,0,0,0,0,0,0,0,0,0,0,0,0,23000,23000,0,0
046756,廣達凱基93購01  ,0,0,0,0,0,0,0,0,0,0,0,0,0,25000,25000,0,0
046759,聯發科凱基93購06,0,0,0,0,0,0,0,0,0,0,0,0,0,20000,20000,0,0
046487,鴻海永昌92購01  ,0,0,0,0,0,0,0,0,0,0,0,0,0,213000,213000,0,0
046485,群創國泰93購02  ,0,0,0,0,0,0,0,0,0,0,0,0,0,126000,126000,0,0
046496,鴻海元大92購16  ,0,0,0,0,0,0,0,0,0,0,0,0,0,35000,35000,0,0
046422,健策元大92購06  ,0,0,0,0,0,0,0,0,0,0,0,0,0,1000,1000,0,0
046402,華泰元大92購03  ,0,0,0,0,0,0,0,0,0,0,0,0,0,113000,113000,0,0
046450,鴻海凱基93購12  ,0,0,0,0,0,0,0,0,0,0,0,0,0,18000,18000,0,0
046303,台積電元大92購25,0,0,0,0,0,0,0,0,0,0,0,0,0,10000,10000,0,0
048758,美利達元富96購02,0,0,0,0,0,0,0,0,0,0,0,0,0,1000,1000,0,0
04870P,大立光元富94售11,0,0,0,0,0,0,0,0,0,0,0,0,0,20000,20000,0,0
047588,大立光永豐94購01,0,0,0,0,0,0,0,0,0,0,0,0,0,4000,4000,0,0
047411,康控元富93購02  ,0,0,0,0,0,0,0,0,0,0,0,0,0,10000,10000,0,0
047412,鴻海永昌93購05  ,0,0,0,0,0,0,0,0,0,0,0,0,0,125000,125000,0,0
04741P,台積電統一94售10,0,0,0,0,0,0,0,0,0,0,0,0,0,20000,20000,0,0
047543,鴻海凱基94購09  ,0,0,0,0,0,0,0,0,0,0,0,0,0,19000,19000,0,0
047541,深中小凱基94購01,0,0,0,0,0,0,0,0,0,0,0,0,0,60000,60000,0,0
047581,康控台新93購01  ,0,0,0,0,0,0,0,0,0,0,0,0,0,120000,120000,0,0
047582,滬深2X永豐95購02,0,0,0,0,0,0,0,0,0,0,0,0,0,200000,200000,0,0
046585,潤泰全元大92購03,0,0,0,0,0,0,0,0,0,0,0,0,0,68000,68000,0,0
046535,宏碁群益92購01  ,0,0,0,0,0,0,0,0,0,0,0,0,0,3000,3000,0,0
046552,晶技麥證92購01  ,0,0,0,10000,10000,0,0,0,0,0,0,0,0,10000,10000,0,0
047393,景碩元大93購02  ,0,0,0,0,0,0,0,0,0,0,0,0,0,2000,2000,0,0
047843,超眾元大93購02  ,0,0,0,0,0,0,0,0,0,0,0,0,0,1000,1000,0,0
047839,景碩元大93購03  ,0,0,0,0,0,0,0,0,0,0,0,0,0,1000,1000,0,0
048241,樺漢國票93購01  ,0,0,0,0,0,0,0,0,0,0,0,0,0,5000,5000,0,0
048864,昇陽半群益94購01,0,0,0,0,0,0,0,0,0,0,0,0,0,5000,5000,0,0
048822,燿華凱基94購03  ,0,0,0,0,0,0,0,0,0,0,0,0,0,10000,10000,0,0
047958,矽創永豐93購02  ,0,0,0,0,0,0,0,0,0,0,0,0,0,5000,5000,0,0
047955,南亞科永豐93購01,0,0,0,0,0,0,0,0,0,0,0,0,0,30000,30000,0,0
047999,聯發科元大93購22,0,0,0,0,0,0,0,0,0,0,0,0,0,5000,5000,0,0
047986,明泰群益93購01  ,0,0,0,0,0,0,0,0,0,0,0,0,0,11000,11000,0,0
048798,華新科國泰95購01,0,0,0,0,0,0,0,0,0,0,0,0,0,1000,1000,0,0
048784,台積電元大94購04,0,0,0,0,0,0,0,0,0,0,0,0,0,32000,32000,0,0
048561,可成元大93購13  ,0,0,0,0,0,0,0,0,0,0,0,0,0,35000,35000,0,0
04858P,健策元富94售01  ,0,0,0,0,0,0,0,0,0,0,0,0,0,10000,10000,0,0
04857P,美律元富94售01  ,0,0,0,0,0,0,0,0,0,0,0,0,0,3000,3000,0,0
048580,台達電富邦93購01,0,0,0,0,0,0,0,0,0,0,0,0,0,10000,10000,0,0
046671,彩晶元大93購03  ,0,0,0,0,0,0,0,0,0,0,0,0,0,20000,20000,0,0
047441,聯發科元大93購15,0,0,0,0,0,0,0,0,0,0,0,0,0,11000,11000,0,0
046691,儒鴻凱基93購02  ,0,0,0,0,0,0,0,0,0,0,0,0,0,15000,15000,0,0
047309,鴻海元大93購13  ,0,0,0,0,0,0,0,0,0,0,0,0,0,53000,53000,0,0
047248,奇鋐群益95購01  ,0,0,0,0,0,0,0,0,0,0,0,0,0,40000,40000,0,0
047291,台積電元富93購05,0,0,0,0,0,0,0,0,0,0,0,0,0,2000,2000,0,0
047034,東陽群益93購01  ,0,0,0,0,0,0,0,0,0,0,0,0,0,30000,30000,0,0
047035,華邦電群益94購02,0,0,0,0,0,0,0,0,0,0,0,0,0,3000,3000,0,0
046986,台積電凱基93購09,0,0,0,0,0,0,0,0,0,0,0,0,0,10000,10000,0,0
047001,大成鋼統一93購01,0,0,0,0,0,0,0,0,0,0,0,0,0,10000,10000,0,0
047314,大立光元大93購22,0,0,0,0,0,0,0,0,0,0,0,0,0,4000,4000,0,0
048124,大立光元大95購03,0,0,0,0,0,0,0,0,0,0,0,0,0,4000,4000,0,0
048112,宏達電群益93購05,0,0,0,0,0,0,0,0,0,0,0,0,0,100000,100000,0,0
047345,鴻海凱基94購06  ,0,0,0,0,0,0,0,0,0,0,0,0,0,20000,20000,0,0
048885,中環元富94購01  ,0,0,0,0,0,0,0,0,0,0,0,0,0,50000,50000,0,0
048886,慧洋元富94購01  ,0,0,0,0,0,0,0,0,0,0,0,0,0,10000,10000,0,0
046947,禾伸堂元大93購01,0,0,0,0,0,0,0,0,0,0,0,0,0,10000,10000,0,0
046950,隆達元大93購01  ,0,0,0,0,0,0,0,0,0,0,0,0,0,24000,24000,0,0
047518,儒鴻元大93購07  ,0,0,0,0,0,0,0,0,0,0,0,0,0,1000,1000,0,0
046857,群創元大93購06  ,0,0,0,0,0,0,0,0,0,0,0,0,0,35000,35000,0,0
048101,致伸凱基93購05  ,0,0,0,0,0,0,0,0,0,0,0,0,0,31000,31000,0,0
046870,大立光統一95購01,0,0,0,0,0,0,0,0,0,0,0,0,0,34000,34000,0,0
047115,可成元大93購06  ,0,0,0,0,0,0,0,0,0,0,0,0,0,42000,42000,0,0
047127,臻鼎中信95購01  ,0,0,0,0,0,0,0,0,0,0,0,0,0,30000,30000,0,0
047113,聯發科元大93購12,0,0,0,0,0,0,0,0,0,0,0,0,0,2000,2000,0,0
047138,智伸科凱基93購04,0,0,0,0,0,0,0,0,0,0,0,0,0,49000,49000,0,0
047133,旺宏凱基93購03  ,0,0,0,0,0,0,0,0,0,0,0,0,0,2000,2000,0,0
046911,達方凱基93購01  ,0,0,0,0,0,0,0,0,0,0,0,0,0,30000,30000,0,0
047186,大立光元大93購20,0,0,0,0,0,0,0,0,0,0,0,0,0,4000,4000,0,0
047179,台積電元大93購17,0,0,0,0,0,0,0,0,0,0,0,0,0,29000,29000,0,0
046814,鴻海凱基93購20  ,0,0,0,0,0,0,0,0,0,0,0,0,0,9000,9000,0,0
046144,康控元富92購01  ,0,0,0,0,0,0,0,0,0,0,0,0,0,10000,10000,0,0
046178,聯發科日盛92購01,0,0,0,0,0,0,0,0,0,0,0,0,0,2000,2000,0,0
049375,大立光元大94購13,0,0,0,0,0,0,0,0,0,0,0,0,0,110000,110000,0,0
049306,元油2X凱基96購01,0,0,0,0,0,0,0,0,0,0,0,0,0,100000,100000,0,0
049373,大立光元大94購11,0,0,0,0,0,0,0,0,0,0,0,0,0,20000,20000,0,0
049327,台郡元富94購01  ,0,0,0,0,0,0,0,0,0,0,0,0,0,10000,10000,0,0
049492,聯發科元大95購02,0,0,0,0,0,0,0,0,0,0,0,0,0,47000,47000,0,0
049528,台積電中信94購01,0,0,0,0,0,0,0,0,0,0,0,0,0,20000,20000,0,0
049155,同欣電元大94購01,0,0,0,0,0,0,0,0,0,0,0,0,0,61000,61000,0,0
049140,台積電元大94購07,0,0,0,0,0,0,0,0,0,0,0,0,0,43000,43000,0,0
04921P,TPK凱基94售05   ,0,0,0,0,0,0,0,0,0,0,0,0,0,24000,24000,0,0
049173,鴻海凱基94購15  ,0,0,0,0,0,0,0,0,0,0,0,0,0,40000,40000,0,0
049174,台積電凱基94購11,0,0,0,0,0,0,0,0,0,0,0,0,0,28000,28000,0,0
049177,美律凱基94購02  ,0,0,0,0,0,0,0,0,0,0,0,0,0,10000,10000,0,0
049251,國巨元大95購02  ,0,0,0,0,0,0,0,0,0,0,0,0,0,1000,1000,0,0
049247,光寶科元大94購02,0,0,0,0,0,0,0,0,0,0,0,0,0,1000,1000,0,0
049019,美律群益94購02  ,0,0,0,0,0,0,0,0,0,0,0,0,0,63000,63000,0,0
049003,智邦中信95購01  ,0,0,0,0,0,0,0,0,0,0,0,0,0,71000,71000,0,0
048994,南電元大94購03  ,0,0,0,0,0,0,0,0,0,0,0,0,0,10000,10000,0,0
048974,日電貿元大94購01,0,0,0,0,0,0,0,0,0,0,0,0,0,21000,21000,0,0
051973,華新科凱基96購04,0,0,0,0,0,0,0,0,0,0,0,0,0,3000,3000,0,0
052028,健策群益95購02  ,0,0,0,0,0,0,0,0,0,0,0,0,0,21000,21000,0,0
05168P,鴻海元大95售14  ,0,0,0,0,0,0,0,0,0,0,0,0,0,83000,83000,0,0
051712,嘉聯益群益95購01,0,0,0,0,0,0,0,0,0,0,0,0,0,118000,118000,0,0
051663,鴻海元大95購18  ,0,0,0,0,0,0,0,0,0,0,0,0,0,10000,10000,0,0
051664,鴻海元大96購07  ,0,0,0,0,0,0,0,0,0,0,0,0,0,10000,10000,0,0
051740,可成國票96購04  ,0,0,0,0,0,0,0,0,0,0,0,0,0,6000,6000,0,0
052060,旺宏國票96購02  ,0,0,0,0,0,0,0,0,0,0,0,0,0,1000,1000,0,0
052101,滬深2X兆豐96購01,0,0,0,0,0,0,0,0,0,0,0,0,0,900000,900000,0,0
052171,台積電元大95購21,0,0,0,0,0,0,0,0,0,0,0,0,0,90000,90000,0,0
052175,可成元大95購10  ,0,0,0,0,0,0,0,0,0,0,0,0,0,180000,180000,0,0
052138,易華電凱基97購01,0,0,0,0,0,0,0,0,0,0,0,0,0,10000,10000,0,0
052128,聯發科日盛95購03,0,0,0,0,0,0,0,0,0,0,0,0,0,10000,10000,0,0
052279,旺宏凱基95購07  ,0,0,0,0,0,0,0,0,0,0,0,0,0,10000,10000,0,0
052262,華新亞東95購02  ,0,0,0,0,0,0,0,0,0,0,0,0,0,48000,48000,0,0
052209,深中小元大95購02,0,0,0,0,0,0,0,0,0,0,0,0,0,200000,200000,0,0
051601,群創兆豐95購02  ,0,0,0,0,0,0,0,0,0,0,0,0,0,58000,58000,0,0
051579,宏碁元大95購01  ,0,0,0,0,0,0,0,0,0,0,0,0,0,2000,2000,0,0
051637,嘉聯益國票96購01,0,0,0,0,0,0,0,0,0,0,0,0,0,8000,8000,0,0
051657,台郡元富98購01  ,0,0,0,0,0,0,0,0,0,0,0,0,0,20000,20000,0,0
051426,道瓊反統一95購02,0,0,0,0,0,0,0,0,0,0,0,0,0,10000,10000,0,0
051446,中壽元大96購01  ,0,0,0,0,0,0,0,0,0,0,0,0,0,24000,24000,0,0
051386,富邦金麥證96購01,0,0,0,10000,10000,0,0,0,0,0,0,0,0,10000,10000,0,0
051342,光寶科元大95購01,0,0,0,0,0,0,0,0,0,0,0,0,0,1000,1000,0,0
051197,光寶科麥證95購01,0,0,0,0,1000,-1000,0,0,0,0,0,0,0,1000,1000,0,0
051206,大立光麥證95購02,0,0,0,5000,0,5000,0,0,0,0,0,0,0,5000,5000,0,0
051235,鴻海元大95購06  ,0,0,0,0,0,0,0,0,0,0,0,0,0,7000,7000,0,0
051237,鴻海元大97購01  ,0,0,0,0,0,0,0,0,0,0,0,0,0,246000,246000,0,0
051256,中磊元大95購01  ,0,0,0,0,0,0,0,0,0,0,0,0,0,4000,4000,0,0
051288,可成統一95購03  ,0,0,0,0,0,0,0,0,0,0,0,0,0,13000,13000,0,0
05131P,聯詠統一97售01  ,0,0,0,0,0,0,0,0,0,0,0,0,0,6000,6000,0,0
051085,鴻海元大95購03  ,0,0,0,0,0,0,0,0,0,0,0,0,0,387000,387000,0,0
051086,鴻海元大96購04  ,0,0,0,0,0,0,0,0,0,0,0,0,0,49000,49000,0,0
051064,鴻海國票95購01  ,0,0,0,0,0,0,0,0,0,0,0,0,0,50000,50000,0,0
051123,和鑫群益95購01  ,0,0,0,0,0,0,0,0,0,0,0,0,0,11000,11000,0,0
051146,旺宏凱基95購04  ,0,0,0,0,0,0,0,0,0,0,0,0,0,10000,10000,0,0
051016,京元電凱基95購03,0,0,0,0,0,0,0,0,0,0,0,0,0,3000,3000,0,0
051041,大立光永豐95購01,0,0,0,0,0,0,0,0,0,0,0,0,0,4000,4000,0,0
051061,中磊群益95購01  ,0,0,0,0,0,0,0,0,0,0,0,0,0,5000,5000,0,0
050542,宏碁凱基95購01  ,0,0,0,0,0,0,0,0,0,0,0,0,0,37000,37000,0,0
050537,鴻海凱基95購05  ,0,0,0,0,0,0,0,0,0,0,0,0,0,22000,22000,0,0
050544,聯發科凱基95購02,0,0,0,0,0,0,0,0,0,0,0,0,0,37000,37000,0,0
050628,美律中信94購02  ,0,0,0,0,0,0,0,0,0,0,0,0,0,20000,20000,0,0
050610,鴻海元大94購24  ,0,0,0,0,0,0,0,0,0,0,0,0,0,141000,141000,0,0
050609,鴻海元大94購23  ,0,0,0,0,0,0,0,0,0,0,0,0,0,26000,26000,0,0
050644,國巨凱基96購01  ,0,0,0,0,0,0,0,0,0,0,0,0,0,22000,22000,0,0
050486,可成元富94購05  ,0,0,0,0,0,0,0,0,0,0,0,0,0,10000,10000,0,0
050502,聯發科凱基94購21,0,0,0,0,0,0,0,0,0,0,0,0,0,2000,2000,0,0
050446,鴻海元大94購22  ,0,0,0,0,0,0,0,0,0,0,0,0,0,17000,17000,0,0
050448,義隆元大94購04  ,0,0,0,0,0,0,0,0,0,0,0,0,0,1000,1000,0,0
050463,百和元大94購04  ,0,0,0,0,0,0,0,0,0,0,0,0,0,3000,3000,0,0
050443,復盛凱基94購02  ,0,0,0,0,0,0,0,0,0,0,0,0,0,11000,11000,0,0
050432,聯發科凱基94購19,0,0,0,0,0,0,0,0,0,0,0,0,0,3000,3000,0,0
050420,鴻海凱基95購03  ,0,0,0,0,0,0,0,0,0,0,0,0,0,5000,5000,0,0
050341,光寶科元富94購01,0,0,0,0,0,0,0,0,0,0,0,0,0,1000,1000,0,0
050337,南電國泰95購01  ,0,0,0,0,0,0,0,0,0,0,0,0,0,142000,142000,0,0
050302,百和凱基94購03  ,0,0,0,0,0,0,0,0,0,0,0,0,0,8000,8000,0,0
050375,矽創元大94購02  ,0,0,0,0,0,0,0,0,0,0,0,0,0,12000,12000,0,0
050360,T50反1元大94購06,0,0,0,0,0,0,0,0,0,0,0,0,0,299000,299000,0,0
050366,鴻海元大94購19  ,0,0,0,0,0,0,0,0,0,0,0,0,0,27000,27000,0,0
050367,鴻海元大94購20  ,0,0,0,0,0,0,0,0,0,0,0,0,0,204000,204000,0,0
050419,鴻海凱基95購02  ,0,0,0,0,0,0,0,0,0,0,0,0,0,18000,18000,0,0
050395,大立光元富94購10,0,0,0,0,0,0,0,0,0,0,0,0,0,19000,19000,0,0
05036P,義隆元大95售03  ,0,0,0,0,0,0,0,0,0,0,0,0,0,10000,10000,0,0
050951,緯創群益96購01  ,0,0,0,0,0,0,0,0,0,0,0,0,0,25000,25000,0,0
050964,晶技永豐95購02  ,0,0,0,0,0,0,0,0,0,0,0,0,0,20000,20000,0,0
050937,可成國票96購02  ,0,0,0,0,0,0,0,0,0,0,0,0,0,6000,6000,0,0
05093P,可成元大95售03  ,0,0,0,0,0,0,0,0,0,0,0,0,0,43000,43000,0,0
050969,台郡永豐95購01  ,0,0,0,0,0,0,0,0,0,0,0,0,0,50000,50000,0,0
050880,大立光元富95購03,0,0,0,0,0,0,0,0,0,0,0,0,0,8000,8000,0,0
050855,華通台新95購01  ,0,0,0,0,0,0,0,0,0,0,0,0,0,48000,48000,0,0
050692,鴻海凱基96購04  ,0,0,0,0,0,0,0,0,0,0,0,0,0,9000,9000,0,0
050812,台積電凱基95購01,0,0,0,0,0,0,0,0,0,0,0,0,0,1000,1000,0,0
050810,鴻海凱基95購09  ,0,0,0,0,0,0,0,0,0,0,0,0,0,14000,14000,0,0
050809,鴻海凱基95購08  ,0,0,0,0,0,0,0,0,0,0,0,0,0,8000,8000,0,0
050769,聯發科元大94購17,0,0,0,0,0,0,0,0,0,0,0,0,0,1000,1000,0,0
050764,鴻海元大94購27  ,0,0,0,0,0,0,0,0,0,0,0,0,0,411000,411000,0,0
049920,大立光元大94購15,0,0,0,0,0,0,0,0,0,0,0,0,0,110000,110000,0,0
049927,健策元大94購02  ,0,0,0,0,0,0,0,0,0,0,0,0,0,1000,1000,0,0
049905,為升元大94購05  ,0,0,0,0,0,0,0,0,0,0,0,0,0,3000,3000,0,0
049906,光寶科元大94購03,0,0,0,0,0,0,0,0,0,0,0,0,0,1000,1000,0,0
049878,宏達電永豐94購01,0,0,0,0,0,0,0,0,0,0,0,0,0,14000,14000,0,0
049887,嘉聯益永昌95購01,0,0,0,0,0,0,0,0,0,0,0,0,0,10000,10000,0,0
049843,康友中信95購01  ,0,0,0,0,0,0,0,0,0,0,0,0,0,159000,159000,0,0
049804,華固元大94購01  ,0,0,0,0,0,0,0,0,0,0,0,0,0,38000,38000,0,0
049691,可成元大94購06  ,0,0,0,0,0,0,0,0,0,0,0,0,0,38000,38000,0,0
049642,鴻海凱基94購16  ,0,0,0,0,0,0,0,0,0,0,0,0,0,7000,7000,0,0
049712,為升凱基94購03  ,0,0,0,0,0,0,0,0,0,0,0,0,0,10000,10000,0,0
049713,鴻海凱基94購17  ,0,0,0,0,0,0,0,0,0,0,0,0,0,2000,2000,0,0
049765,上証2X元富94購01,0,0,0,0,0,0,0,0,0,0,0,0,0,10000,10000,0,0
049748,智原永豐94購01  ,0,0,0,0,0,0,0,0,0,0,0,0,0,68000,68000,0,0
050260,鴻海元大94購15  ,0,0,0,0,0,0,0,0,0,0,0,0,0,251000,251000,0,0
050269,欣興元大94購09  ,0,0,0,0,0,0,0,0,0,0,0,0,0,5000,5000,0,0
050259,鴻海元大94購14  ,0,0,0,0,0,0,0,0,0,0,0,0,0,37000,37000,0,0
050245,大立光凱基94購12,0,0,0,0,0,0,0,0,0,0,0,0,0,1000,1000,0,0
050128,旺宏凱基94購04  ,0,0,0,0,0,0,0,0,0,0,0,0,0,11000,11000,0,0
050136,柏文兆豐94購01  ,0,0,0,0,0,0,0,0,0,0,0,0,0,188000,188000,0,0
049957,智邦統一94購01  ,0,0,0,0,0,0,0,0,0,0,0,0,0,48000,48000,0,0
049961,GIS統一94購01   ,0,0,0,0,0,0,0,0,0,0,0,0,0,65000,65000,0,0
050021,鴻海元大94購10  ,0,0,0,0,0,0,0,0,0,0,0,0,0,8000,8000,0,0
049997,聯發科永豐94購04,0,0,0,0,0,0,0,0,0,0,0,0,0,31000,31000,0,0
050107,鴻海元大94購12  ,0,0,0,0,0,0,0,0,0,0,0,0,0,46000,46000,0,0
050108,鴻海元大94購13  ,0,0,0,0,0,0,0,0,0,0,0,0,0,45000,45000,0,0
050076,百和凱基94購02  ,0,0,0,0,0,0,0,0,0,0,0,0,0,21000,21000,0,0
050057,國巨凱基94購05  ,0,0,0,0,0,0,0,0,0,0,0,0,0,3000,3000,0,0
8411,福貞-KY         ,0,1000,-1000,0,0,0,0,0,0,1000,1000,0,1000,0,0,0,0
8478,東哥遊艇        ,1000,1000,0,0,0,0,0,0,0,0,0,0,0,0,0,0,0
8163,達方            ,404000,405000,-1000,0,0,0,0,0,0,1000,4000,0,4000,9000,12000,-3000,0
6024,群益期          ,4000,4000,0,0,0,0,0,0,0,0,0,0,0,0,0,0,0
5608,四維航          ,5000,5000,0,0,0,0,0,0,0,0,0,0,0,0,0,0,0
3060,銘異            ,2000,2000,0,0,0,0,0,0,0,0,1000,1000,0,0,0,0,0
4722,國精化          ,2000,2000,0,0,0,0,0,0,0,0,0,0,0,0,0,0,0
2923,鼎固-KY         ,3000,3000,0,0,0,0,0,0,0,0,0,0,0,0,0,0,0
2906,高林            ,2000,2000,0,0,0,0,0,0,0,0,0,0,0,0,0,0,0
3028,增你強          ,21000,21000,0,0,0,0,0,0,0,0,0,0,0,0,0,0,0
054964,智易元大99購01  ,0,0,0,0,0,0,0,0,0,0,0,0,0,27000,27000,0,0
054940,台積電元大97購16,0,0,0,0,0,0,0,0,0,0,0,0,0,50000,50000,0,0
054936,鴻海元大97購10  ,0,0,0,0,0,0,0,0,0,0,0,0,0,100000,100000,0,0
054939,台積電元大97購15,0,0,0,0,0,0,0,0,0,0,0,0,0,100000,100000,0,0
05503P,智邦日盛96售01  ,0,0,0,0,0,0,0,0,0,0,0,0,0,20000,20000,0,0
055147,鴻海元大97購11  ,0,0,0,0,0,0,0,0,0,0,0,0,0,286000,286000,0,0
055150,台積電元大98購04,0,0,0,0,0,0,0,0,0,0,0,0,0,627000,627000,0,0
055109,正崴凱基98購01  ,0,0,0,0,0,0,0,0,0,0,0,0,0,4000,4000,0,0
055275,台積電元大97購19,0,0,0,0,0,0,0,0,0,0,0,0,0,100000,100000,0,0
055217,緯創凱基97購02  ,0,0,0,0,0,0,0,0,0,0,0,0,0,10000,10000,0,0
05520P,聯詠凱基96售01  ,0,0,0,0,0,0,0,0,0,0,0,0,0,10000,10000,0,0
05621P,聯電中信96售01  ,0,0,0,0,0,0,0,0,0,0,0,0,0,146000,146000,0,0
05562P,鴻海元大96售16  ,0,0,0,0,0,0,0,0,0,0,0,0,0,1000,1000,0,0
055280,智邦元大97購01  ,0,0,0,0,0,0,0,0,0,0,0,0,0,7000,7000,0,0
055282,聯發科元大97購15,0,0,0,0,0,0,0,0,0,0,0,0,0,11000,11000,0,0
055295,瀚宇博元大97購02,0,0,0,0,0,0,0,0,0,0,0,0,0,30000,30000,0,0
05719P,可成元大96售03  ,0,0,0,0,0,0,0,0,0,0,0,0,0,25000,25000,0,0
05629P,聯發科永昌99售02,0,0,0,0,0,0,0,0,0,0,0,0,0,58000,58000,0,0
05865P,大立光元大96售09,0,0,0,0,0,0,0,0,0,0,0,0,0,138000,138000,0,0
05742P,可成元大96售04  ,0,0,0,0,0,0,0,0,0,0,0,0,0,142000,142000,0,0
05769P,台積電凱基96售16,0,0,0,0,0,0,0,0,0,0,0,0,0,137000,137000,0,0
05799P,臺股指群益96售13,0,0,0,0,0,0,0,0,0,0,0,0,0,70000,70000,0,0
05793P,臺股指中信99售08,2000,0,2000,0,0,0,0,0,0,-2000,0,0,0,0,2000,-2000,0
05811P,臺股指國票96售04,0,0,0,0,0,0,0,0,0,0,0,0,0,60000,60000,0,0
06171P,台積電統一97售06,0,0,0,0,0,0,0,0,0,0,0,0,0,28000,28000,0,0
1472,三洋紡          ,0,1000,-1000,0,0,0,0,0,0,1000,1000,0,1000,0,0,0,0
06093P,華通元富97售03  ,0,0,0,0,0,0,0,0,0,0,0,0,0,2000,2000,0,0
06076P,大立光凱基98售03,0,0,0,0,0,0,0,0,0,0,0,0,0,50000,50000,0,0
06087P,國巨永豐97售01  ,0,0,0,0,0,0,0,0,0,0,0,0,0,59000,59000,0,0
06033P,可成凱基96售09  ,0,0,0,0,0,0,0,0,0,0,0,0,0,25000,25000,0,0
05939P,聯發科凱基96售20,0,0,0,0,0,0,0,0,0,0,0,0,0,18000,18000,0,0
05929P,宏達電康和96售01,0,0,0,0,0,0,0,0,0,0,0,0,0,140000,140000,0,0
05931P,鴻海凱基96售15  ,0,0,0,0,0,0,0,0,0,0,0,0,0,17000,17000,0,0
05935P,台積電凱基96售19,0,0,0,0,0,0,0,0,0,0,0,0,0,10000,10000,0,0
05936P,台積電凱基96售20,0,0,0,0,0,0,0,0,0,0,0,0,0,160000,160000,0,0
05990P,台積電群益96售13,0,0,0,0,0,0,0,0,0,0,0,0,0,50000,50000,0,0
05984P,台積電統一98售01,0,0,0,0,0,0,0,0,0,0,0,0,0,8000,8000,0,0
06023P,超眾國票96售03  ,0,0,0,0,0,0,0,0,0,0,0,0,0,30000,30000,0,0
2413,環科            ,2000,2000,0,0,0,0,0,0,0,0,0,0,0,0,0,0,0
2505,國揚            ,149000,160000,-11000,0,0,0,0,0,0,11000,5000,3000,2000,9000,0,9000,0
1906,寶隆            ,0,1000,-1000,0,0,0,0,0,0,1000,1000,0,1000,0,0,0,0
1783,和康生          ,5000,5000,0,0,0,0,0,0,0,0,0,0,0,0,0,0,0
2227,裕日車          ,4000,7000,-3000,0,0,0,3000,0,3000,0,0,0,0,0,0,0,0
2239,英利-KY         ,5000,5000,0,0,0,0,0,0,0,0,0,0,0,0,0,0,0
1530,亞崴            ,1000,1000,0,0,0,0,0,0,0,0,0,0,0,0,0,0,0
1732,毛寶            ,13000,13000,0,0,0,0,0,0,0,0,0,0,0,0,0,0,0
1615,大山            ,1000,0,1000,0,0,0,0,0,0,-1000,0,1000,-1000,0,0,0,0
2509,全坤建          ,0,520,-520,0,0,0,0,0,0,0,0,0,0,0,0,0,-520
1410,南染            ,1000,1750,-750,0,0,0,0,0,0,0,0,0,0,0,0,0,-750
054556,世芯凱基99購01  ,0,0,0,0,0,0,0,0,0,-1000,0,0,0,0,1000,-1000,-1000
05438P,康控永豐95售05  ,0,0,0,0,0,0,0,0,0,-1000,0,0,0,0,1000,-1000,-1000
05469P,台積電元大95售24,0,0,0,0,0,0,0,0,0,-1000,0,0,0,252000,253000,-1000,-1000
053646,臺股指國票96購09,0,0,0,0,0,0,0,0,0,-1000,0,0,0,0,1000,-1000,-1000
053695,智易元大97購02  ,0,0,0,0,0,0,0,0,0,-1000,0,0,0,0,1000,-1000,-1000
05380P,鴻海群益95售11  ,0,0,0,0,0,0,0,0,0,-1000,0,0,0,0,1000,-1000,-1000
054103,T50反1凱基99購04,0,0,0,0,0,0,0,0,0,-1000,0,0,0,0,1000,-1000,-1000
05418P,瑞昱永豐95售02  ,0,0,0,0,0,0,0,0,0,-1000,0,0,0,0,1000,-1000,-1000
054257,揚明光元大96購02,0,0,0,0,0,0,0,0,0,-1000,0,0,0,2000,3000,-1000,-1000
052701,群創國票96購01  ,0,0,0,0,0,0,0,0,0,-1000,0,0,0,10000,11000,-1000,-1000
052353,高鐵群益97購01  ,0,0,0,0,0,0,0,0,0,-1000,0,0,0,8000,9000,-1000,-1000
053422,可成永豐96購01  ,0,0,0,0,0,0,0,0,0,-1000,0,0,0,0,1000,-1000,-1000
053391,嘉聯益元大99購01,0,0,0,0,0,0,0,0,0,-1000,0,0,0,3000,4000,-1000,-1000
053513,義隆群益96購05  ,0,0,0,0,0,0,0,0,0,-1000,0,0,0,2000,3000,-1000,-1000
053212,友達凱基99購04  ,0,0,0,0,0,0,0,0,0,-1000,0,0,0,0,1000,-1000,-1000
053248,智伸科國票97購01,0,0,0,0,0,0,0,0,0,-1000,0,0,0,16000,17000,-1000,-1000
053078,昇陽半永豐97購02,0,0,0,0,0,0,0,0,0,-1000,0,0,0,4000,5000,-1000,-1000
053010,鴻海統一96購11  ,0,0,0,0,0,0,0,0,0,-1000,0,0,0,1000,2000,-1000,-1000
053049,T50反1國票98購01,0,0,0,0,0,0,0,0,0,-1000,0,0,0,0,1000,-1000,-1000
047926,可成凱基94購02  ,0,0,0,0,0,0,0,0,0,-1000,0,0,0,110000,111000,-1000,-1000
047633,力山元大94購01  ,0,0,0,0,0,0,0,0,0,-1000,0,0,0,0,1000,-1000,-1000
047696,聯發科國票94購02,0,0,0,0,0,0,0,0,0,-1000,0,0,0,30000,31000,-1000,-1000
047807,華邦電凱基93購06,0,0,0,0,0,0,0,0,0,-1000,0,0,0,4000,5000,-1000,-1000
044562,元油2X凱基92購05,0,0,0,0,0,0,0,0,0,-1000,0,0,0,0,1000,-1000,-1000
044247,道瓊反元富97購01,0,0,0,0,0,0,0,0,0,-1000,0,0,0,0,1000,-1000,-1000
044914,元油2X永豐91購04,0,0,0,0,0,0,0,0,0,-1000,0,0,0,0,1000,-1000,-1000
045613,祥碩群益92購01  ,0,0,0,0,0,0,0,0,0,-1000,0,0,0,29000,30000,-1000,-1000
045207,智易國泰93購02  ,0,0,0,0,0,0,0,0,0,-1000,0,0,0,0,1000,-1000,-1000
045401,大立光兆豐93購01,0,0,0,0,0,0,0,0,0,-1000,0,0,0,0,1000,-1000,-1000
045452,儒鴻元大92購03  ,0,0,0,0,0,0,0,0,0,-1000,0,0,0,0,1000,-1000,-1000
04549P,茂林元大94售02  ,0,0,0,0,0,0,0,0,0,-1000,0,0,0,0,1000,-1000,-1000
045480,滬深2X中信94購01,0,0,0,0,0,0,0,0,0,-1000,0,0,0,0,1000,-1000,-1000
045525,智邦永豐92購01  ,0,0,0,0,0,0,0,0,0,-1000,0,0,0,0,1000,-1000,-1000
045938,緯穎群益92購02  ,0,0,0,0,0,0,0,0,0,-1000,0,0,0,0,1000,-1000,-1000
044942,國巨群益94購01  ,0,0,0,0,0,0,0,0,0,-1000,0,0,0,1000,2000,-1000,-1000
043954,京元電統一91購02,0,0,0,0,0,0,0,0,0,-1000,0,0,0,60000,61000,-1000,-1000
042195,元石油元大93購01,0,0,0,0,0,0,0,0,0,-1000,0,0,0,0,1000,-1000,-1000
043231,鴻海中信95購01  ,0,0,0,0,0,0,0,0,0,-1000,0,0,0,0,1000,-1000,-1000
042557,中石化中信92購01,0,0,0,0,0,0,0,0,0,-1000,0,0,0,0,1000,-1000,-1000
04237P,超眾群益93售02  ,0,0,0,0,0,0,0,0,0,-1000,0,0,0,10000,11000,-1000,-1000
044759,新日興凱基93購01,0,0,0,0,0,0,0,0,0,-1000,0,0,0,0,1000,-1000,-1000
045284,神基永豐92購01  ,0,0,0,0,0,0,0,0,0,-1000,0,0,0,0,1000,-1000,-1000
04020P,南茂永豐93售02  ,0,0,0,0,0,0,0,0,0,-1000,0,0,0,0,1000,-1000,-1000
04034P,技嘉群益93售03  ,0,0,0,0,0,0,0,0,0,-1000,0,0,0,0,1000,-1000,-1000
043557,元金2X永豐92購01,0,0,0,0,0,0,0,0,0,-1000,0,0,0,0,1000,-1000,-1000
03678P,欣興元大92售09  ,0,0,0,0,0,0,0,0,0,-1000,0,0,0,0,1000,-1000,-1000
03792P,台光電永豐93售01,0,0,0,0,0,0,0,0,0,-1000,0,0,0,0,1000,-1000,-1000
03896P,長榮航凱基95售01,0,0,0,0,0,0,0,0,0,-1000,0,0,0,0,1000,-1000,-1000
03900P,瀚宇博群益93售03,0,0,0,0,0,0,0,0,0,-1000,0,0,0,0,1000,-1000,-1000
03860P,群創元富97售01  ,0,0,0,0,0,0,0,0,0,-1000,0,0,0,0,1000,-1000,-1000
03026X,元展23          ,0,0,0,0,0,0,0,0,0,-1000,0,0,0,0,1000,-1000,-1000
00713,元大台灣高息低波,1000,0,1000,0,0,0,0,0,0,-2000,0,0,0,3000,5000,-2000,-1000
01002T,土銀國泰R1      ,0,1000,-1000,0,0,0,0,0,0,0,0,0,0,0,0,0,-1000
048999,康普國票95購01  ,0,0,0,0,0,0,0,0,0,-1000,0,0,0,4000,5000,-1000,-1000
049079,聯發科凱基94購04,0,0,0,0,0,0,0,0,0,-1000,0,0,0,2000,3000,-1000,-1000
049245,和鑫元富95購01  ,0,0,0,0,0,0,0,0,0,-1000,0,0,0,0,1000,-1000,-1000
049273,臺股指元大94購08,0,0,0,0,0,0,0,0,0,-1000,0,0,0,0,1000,-1000,-1000
049274,臺股指元大94購09,0,0,0,0,0,0,0,0,0,-1000,0,0,0,0,1000,-1000,-1000
049229,台化富邦94購01  ,0,0,0,0,0,0,0,0,0,-1000,0,0,0,0,1000,-1000,-1000
049145,南亞科元大94購01,0,0,0,0,0,0,0,0,0,-1000,0,0,0,41000,42000,-1000,-1000
048096,大立光凱基93購33,0,0,0,0,0,0,0,0,0,-1000,0,0,0,0,1000,-1000,-1000
046791,台郡統一96購01  ,0,0,0,0,0,0,0,0,0,-1000,0,0,0,15000,16000,-1000,-1000
046944,奇力新元大96購01,0,0,0,0,0,0,0,0,0,-1000,0,0,0,7000,8000,-1000,-1000
046957,台達電中信93購01,0,0,0,0,0,0,0,0,0,-1000,0,0,0,0,1000,-1000,-1000
04810P,亞德客元大94售01,0,0,0,0,0,0,0,0,0,-1000,0,0,0,0,1000,-1000,-1000
047039,晶技群益93購02  ,0,0,0,0,0,0,0,0,0,-1000,0,0,0,0,1000,-1000,-1000
047461,大立光群益93購09,0,0,0,0,0,0,0,0,0,-1000,0,0,0,18000,19000,-1000,-1000
04798P,牧德元大95售02  ,0,0,0,0,0,0,0,0,0,-1000,0,0,0,0,1000,-1000,-1000
047971,南亞科富邦95購01,0,0,0,0,0,0,0,0,0,-1000,0,0,0,1000,2000,-1000,-1000
048247,聯發科兆豐93購03,0,0,0,0,0,0,0,0,0,-1000,0,0,0,0,1000,-1000,-1000
047853,臺股指元富93購03,0,0,0,0,0,0,0,0,0,-1000,0,0,0,0,1000,-1000,-1000
048676,和鑫國泰94購02  ,0,0,0,0,0,0,0,0,0,-1000,0,0,0,10000,11000,-1000,-1000
046341,A50正2國票93購01,0,0,0,0,0,0,0,0,0,-1000,0,0,0,0,1000,-1000,-1000
046432,宏達電中信94購01,0,0,0,0,0,0,0,0,0,-1000,0,0,0,0,1000,-1000,-1000
046227,聯發科元大92購12,0,0,0,0,0,0,0,0,0,-1000,0,0,0,0,1000,-1000,-1000
046272,致伸凱基92購06  ,0,0,0,0,0,0,0,0,0,-1000,0,0,0,0,1000,-1000,-1000
046731,嘉聯益元大93購03,0,0,0,0,0,0,0,0,0,-1000,0,0,0,88000,89000,-1000,-1000
048303,A50凱基96購01   ,0,0,0,0,0,0,0,0,0,-1000,0,0,0,1000,2000,-1000,-1000
048284,臺股指中信95購04,0,0,0,0,0,0,0,0,0,-1000,0,0,0,2000,3000,-1000,-1000
048321,欣興凱基93購03  ,0,0,0,0,0,0,0,0,0,-1000,0,0,0,0,1000,-1000,-1000
048208,臺股指元大93購42,0,0,0,0,0,0,0,0,0,-1000,0,0,0,0,1000,-1000,-1000
048622,南電凱基93購07  ,0,0,0,0,0,0,0,0,0,-1000,0,0,0,0,1000,-1000,-1000
050078,臺指反統一97購01,0,0,0,0,0,0,0,0,0,-1000,0,0,0,2000,3000,-1000,-1000
050104,元石油元大97購02,0,0,0,0,0,0,0,0,0,-1000,0,0,0,0,1000,-1000,-1000
049950,南亞科群益94購02,0,0,0,0,0,0,0,0,0,-1000,0,0,0,0,1000,-1000,-1000
049951,全新群益94購03  ,0,0,0,0,0,0,0,0,0,-1000,0,0,0,91000,92000,-1000,-1000
049656,臺股指凱基94購17,0,0,0,0,0,0,0,0,0,-1000,0,0,0,0,1000,-1000,-1000
04977P,力成凱基96售01  ,0,0,0,0,0,0,0,0,0,-1000,0,0,0,0,1000,-1000,-1000
049917,華新科元大94購02,0,0,0,0,0,0,0,0,0,-1000,0,0,0,16000,17000,-1000,-1000
050772,美食元大94購06  ,0,0,0,0,0,0,0,0,0,-1000,0,0,0,0,1000,-1000,-1000
050802,康控群益95購01  ,0,0,0,0,0,0,0,0,0,-1000,0,0,0,10000,11000,-1000,-1000
05082P,健策永豐95售02  ,0,0,0,0,0,0,0,0,0,-1000,0,0,0,0,1000,-1000,-1000
050710,元黃金中信96購01,0,0,0,0,0,0,0,0,0,-1000,0,0,0,0,1000,-1000,-1000
050911,光磊中信98購01  ,0,0,0,0,0,0,0,0,0,-1000,0,0,0,0,1000,-1000,-1000
050391,大立光統一94購07,0,0,0,0,0,0,0,0,0,-1000,0,0,0,0,1000,-1000,-1000
050417,喬山凱基94購01  ,0,0,0,0,0,0,0,0,0,-1000,0,0,0,1000,2000,-1000,-1000
050355,瑞儀群益94購01  ,0,0,0,0,0,0,0,0,0,-1000,0,0,0,11000,12000,-1000,-1000
050425,國巨凱基94購12  ,0,0,0,0,0,0,0,0,0,-1000,0,0,0,53000,54000,-1000,-1000
050434,富邦金凱基94購02,0,0,0,0,0,0,0,0,0,-1000,0,0,0,0,1000,-1000,-1000
050597,聯電麥證94購01  ,0,0,0,0,1000,-1000,0,0,0,-1000,0,0,0,0,1000,-1000,-1000
050630,大立光亞東96購01,0,0,0,0,0,0,0,0,0,-1000,0,0,0,0,1000,-1000,-1000
05056P,訊芯群益95售01  ,0,0,0,0,0,0,0,0,0,-1000,0,0,0,0,1000,-1000,-1000
051176,聯發科凱基95購07,0,0,0,0,0,0,0,0,0,-1000,0,0,0,1000,2000,-1000,-1000
051474,智邦凱基95購04  ,0,0,0,0,0,0,0,0,0,-1000,0,0,0,0,1000,-1000,-1000
051467,GIS富邦96購01   ,0,0,0,0,0,0,0,0,0,-1000,0,0,0,9000,10000,-1000,-1000
051536,玉晶光國票97購01,0,0,0,0,0,0,0,0,0,-1000,0,0,0,151000,152000,-1000,-1000
052244,廣達康和95購01  ,0,0,0,0,0,0,0,0,0,-1000,0,0,0,0,1000,-1000,-1000
052076,可成元富98購01  ,0,0,0,0,0,0,0,0,0,-1000,0,0,0,2000,3000,-1000,-1000
052081,臺股指元富95購03,0,0,0,0,0,0,0,0,0,-1000,0,0,0,0,1000,-1000,-1000
052041,鴻海日盛95購02  ,0,0,0,0,0,0,0,0,0,-1000,0,0,0,25000,26000,-1000,-1000
051697,康友中信95購02  ,0,0,0,0,0,0,0,0,0,-1000,0,0,0,24000,25000,-1000,-1000
051784,國巨兆豐95購01  ,0,0,0,0,0,0,0,0,0,-1000,0,0,0,0,1000,-1000,-1000
051911,大立光元大98購02,0,0,0,0,0,0,0,0,0,-1000,0,0,0,98000,99000,-1000,-1000
1441,大東            ,2000,3000,-1000,0,0,0,0,0,0,0,0,0,0,0,0,0,-1000
1453,大將            ,0,1000,-1000,0,0,0,0,0,0,0,0,0,0,0,0,0,-1000
1325,恆大            ,10000,11000,-1000,0,0,0,0,0,0,0,0,0,0,0,0,0,-1000
06159P,牧德元富97售02  ,0,0,0,0,0,0,0,0,0,-1000,0,0,0,0,1000,-1000,-1000
05998P,台積電元大97售12,0,0,0,0,0,0,0,0,0,-1000,0,0,0,745000,746000,-1000,-1000
06050P,玉晶光國票98售01,0,0,0,0,0,0,0,0,0,-1000,0,0,0,0,1000,-1000,-1000
2527,宏璟            ,0,3000,-3000,0,0,0,0,0,0,2000,2000,0,2000,0,0,0,-1000
2467,志聖            ,14000,15000,-1000,0,0,0,0,0,0,0,0,0,0,0,0,0,-1000
2424,隴華            ,0,1000,-1000,0,0,0,0,0,0,0,0,0,0,0,0,0,-1000
2431,聯昌            ,12000,13000,-1000,0,0,0,0,0,0,0,0,0,0,0,0,0,-1000
2380,虹光            ,0,1000,-1000,0,0,0,0,0,0,0,0,0,0,0,0,0,-1000
1617,榮星            ,0,1000,-1000,0,0,0,0,0,0,0,0,0,0,0,0,0,-1000
1734,杏輝            ,0,2000,-2000,0,0,0,0,0,0,1000,1000,0,1000,0,0,0,-1000
1817,凱撒衛          ,0,2000,-2000,0,0,0,0,0,0,1000,1000,0,1000,0,0,0,-1000
05779P,台積電統一96售06,0,0,0,0,0,0,0,0,0,-1000,0,0,0,5000,6000,-1000,-1000
05879P,台積電台新96售03,0,0,0,0,0,0,0,0,0,-1000,0,0,0,2000,3000,-1000,-1000
05911P,南亞科永豐96售03,0,0,0,0,0,0,0,0,0,-1000,0,0,0,0,1000,-1000,-1000
05674P,瑞昱群益96售02  ,0,0,0,0,0,0,0,0,0,-1000,0,0,0,10000,11000,-1000,-1000
05590P,臺股指中信96售05,0,0,0,0,0,0,0,0,0,-1000,0,0,0,5000,6000,-1000,-1000
055215,智邦凱基98購02  ,0,0,0,0,0,0,0,0,0,-1000,0,0,0,0,1000,-1000,-1000
05522P,友達元富96售02  ,0,0,0,0,0,0,0,0,0,-1000,0,0,0,1000,2000,-1000,-1000
055033,漢唐富邦98購01  ,0,0,0,0,0,0,0,0,0,-1000,0,0,0,0,1000,-1000,-1000
2706,第一店          ,0,1000,-1000,0,0,0,0,0,0,0,0,0,0,0,0,0,-1000
2597,潤弘            ,3000,4000,-1000,0,0,0,0,0,0,0,0,0,0,0,0,0,-1000
4562,穎漢            ,0,1000,-1000,0,0,0,0,0,0,0,0,0,0,0,0,0,-1000
4144,康聯-KY         ,1000,2000,-1000,0,0,0,0,0,0,0,0,0,0,0,0,0,-1000
3164,景岳            ,0,0,0,0,0,0,0,0,0,-1000,0,1000,-1000,0,0,0,-1000
3229,晟鈦            ,0,1000,-1000,0,0,0,0,0,0,0,0,0,0,0,0,0,-1000
3432,台端            ,0,1000,-1000,0,0,0,0,0,0,0,0,0,0,0,0,0,-1000
3669,圓展            ,0,1000,-1000,0,0,0,0,0,0,0,0,0,0,0,0,0,-1000
3593,力銘            ,0,1000,-1000,0,0,0,0,0,0,0,0,0,0,0,0,0,-1000
5538,東明-KY         ,0,0,0,0,0,0,0,1000,-1000,0,0,0,0,0,0,0,-1000
5484,慧友            ,0,1000,-1000,0,0,0,0,0,0,0,0,0,0,0,0,0,-1000
6674,鋐寶科技        ,0,1000,-1000,0,0,0,0,0,0,0,0,0,0,0,0,0,-1000
8467,波力-KY         ,1000,2000,-1000,0,0,0,0,0,0,0,0,0,0,0,0,0,-1000
1592,英瑞-KY         ,3000,4727,-1727,0,0,0,0,0,0,0,0,0,0,0,0,0,-1727
3022,威強電          ,12000,13800,-1800,0,0,0,0,0,0,0,0,0,0,0,0,0,-1800
053053,京元電國票97購02,0,0,0,0,0,0,0,0,0,-2000,0,0,0,0,2000,-2000,-2000
053134,南亞科國票97購01,0,0,0,0,0,0,0,0,0,-2000,0,0,0,0,2000,-2000,-2000
053226,國巨台新97購02  ,0,0,0,0,0,0,0,0,0,-2000,0,0,0,199000,201000,-2000,-2000
053240,巨路永豐96購01  ,0,0,0,0,0,0,0,0,0,-2000,0,0,0,0,2000,-2000,-2000
053222,聯茂凱基96購03  ,0,0,0,0,0,0,0,0,0,-2000,0,0,0,6000,8000,-2000,-2000
053542,超眾永豐96購01  ,0,0,0,0,0,0,0,0,0,-2000,0,0,0,7000,9000,-2000,-2000
053619,和碩群益96購01  ,0,0,0,0,0,0,0,0,0,-2000,0,0,0,10000,12000,-2000,-2000
053423,亞光永豐96購01  ,0,0,0,0,0,0,0,0,0,-2000,0,0,0,12000,14000,-2000,-2000
053412,台達電國票97購02,0,0,0,0,0,0,0,0,0,-2000,0,0,0,6000,8000,-2000,-2000
052651,台表科永豐96購02,0,0,0,0,0,0,0,0,0,-2000,0,0,0,0,2000,-2000,-2000
052714,義隆凱基96購02  ,0,0,0,0,0,0,0,0,0,-2000,0,0,0,5000,7000,-2000,-2000
052760,盟立群益96購01  ,0,0,0,0,0,0,0,0,0,-2000,0,0,0,0,2000,-2000,-2000
052906,緯創國票97購01  ,0,0,0,0,0,0,0,0,0,-2000,0,0,0,0,2000,-2000,-2000
052934,中磊元大96購01  ,0,0,0,0,0,0,0,0,0,-2000,0,0,0,31000,33000,-2000,-2000
054072,台積電富邦98購02,10000,0,10000,0,0,0,0,0,0,-12000,0,0,0,431000,443000,-12000,-2000
053873,力成元大96購03  ,0,0,0,0,0,0,0,0,0,-2000,0,0,0,68000,70000,-2000,-2000
053725,晶相光凱基96購01,0,0,0,0,0,0,0,0,0,-2000,0,0,0,80000,82000,-2000,-2000
053653,京元電凱基96購02,0,0,0,0,0,0,0,0,0,-2000,0,0,0,18000,20000,-2000,-2000
053676,新光金國泰98購02,0,0,0,0,0,0,0,0,0,-2000,0,0,0,0,2000,-2000,-2000
053805,奇鋐凱基98購02  ,0,0,0,0,0,0,0,0,0,-2000,0,0,0,0,2000,-2000,-2000
05373P,臺股指中信95售11,0,0,0,0,0,0,0,0,0,-2000,0,0,0,0,2000,-2000,-2000
05473P,聯詠統一97售02  ,0,0,0,0,0,0,0,0,0,-2000,0,0,0,13000,15000,-2000,-2000
054813,鴻海元大97購09  ,0,0,0,0,0,0,0,0,0,-2000,0,0,0,255000,257000,-2000,-2000
054778,世紀鋼國票99購01,0,0,0,0,0,0,0,0,0,-2000,0,0,0,0,2000,-2000,-2000
05454P,奇鋐群益95售04  ,0,0,0,0,0,0,0,0,0,-2000,0,0,0,0,2000,-2000,-2000
054467,隆達凱基97購01  ,0,0,0,0,0,0,0,0,0,-2000,0,0,0,3000,5000,-2000,-2000
03119P,滬深2X元大01售13,0,0,0,0,0,0,0,0,0,-2000,0,0,0,0,2000,-2000,-2000
042538,新光金國泰92購01,0,0,0,0,0,0,0,0,0,-2000,0,0,0,0,2000,-2000,-2000
043171,冠德國泰93購01  ,0,0,0,0,0,0,0,0,0,-2000,0,0,0,0,2000,-2000,-2000
04094P,臺股指國票93售01,0,0,0,0,0,0,0,0,0,-2000,0,0,0,0,2000,-2000,-2000
04511P,臺股指元大94售06,0,0,0,0,0,0,0,0,0,-2000,0,0,0,0,2000,-2000,-2000
045519,宏達電元富92購01,0,0,0,0,0,0,0,0,0,-2000,0,0,0,0,2000,-2000,-2000
045410,華邦電群益94購01,0,0,0,0,0,0,0,0,0,-2000,0,0,0,0,2000,-2000,-2000
04541P,智易永豐94售03  ,0,0,0,0,0,0,0,0,0,-2000,0,0,0,0,2000,-2000,-2000
045189,大立光元富98購01,0,0,0,0,0,0,0,0,0,-2000,0,0,0,45000,47000,-2000,-2000
045236,元油2X國票92購05,0,0,0,0,0,0,0,0,0,-2000,0,0,0,0,2000,-2000,-2000
045841,巨大群益92購01  ,0,0,0,0,0,0,0,0,0,-2000,0,0,0,0,2000,-2000,-2000
047351,聯詠凱基93購02  ,0,0,0,0,0,0,0,0,0,-2000,0,0,0,19000,21000,-2000,-2000
044273,微星群益92購01  ,0,0,0,0,0,0,0,0,0,-2000,0,0,0,0,2000,-2000,-2000
044660,貿聯永豐91購02  ,0,0,0,0,0,0,0,0,0,-2000,0,0,0,0,2000,-2000,-2000
044514,亞光凱基93購02  ,0,0,0,0,0,0,0,0,0,-2000,0,0,0,232000,234000,-2000,-2000
047914,華新凱基93購03  ,0,0,0,0,0,0,0,0,0,-2000,0,0,0,0,2000,-2000,-2000
048221,鴻海凱基95購01  ,0,0,0,0,0,0,0,0,0,-2000,0,0,0,0,2000,-2000,-2000
048287,嘉晶兆豐94購01  ,0,0,0,0,0,0,0,0,0,-2000,0,0,0,0,2000,-2000,-2000
048308,儒鴻凱基93購05  ,0,0,0,0,0,0,0,0,0,-2000,0,0,0,0,2000,-2000,-2000
048469,微星永豐93購03  ,0,0,0,0,0,0,0,0,0,-2000,0,0,0,0,2000,-2000,-2000
046244,大成鋼亞東93購01,0,0,0,0,0,0,0,0,0,-2000,0,0,0,0,2000,-2000,-2000
04630P,嘉聯益元大95售02,0,0,0,0,0,0,0,0,0,-2000,0,0,0,28000,30000,-2000,-2000
048748,國巨元富96購01  ,0,0,0,0,0,0,0,0,0,-2000,0,0,0,0,2000,-2000,-2000
048595,儒鴻國票96購01  ,0,0,0,0,0,0,0,0,0,-2000,0,0,0,0,2000,-2000,-2000
048125,和鑫元大96購01  ,0,0,0,0,0,0,0,0,0,-2000,0,0,0,0,2000,-2000,-2000
047330,康舒元大93購01  ,0,0,0,0,0,0,0,0,0,-2000,0,0,0,0,2000,-2000,-2000
047243,為升群益93購02  ,0,0,0,0,0,0,0,0,0,-2000,0,0,0,0,2000,-2000,-2000
046982,瀚宇博兆豐94購02,0,0,0,0,0,0,0,0,0,-2000,0,0,0,0,2000,-2000,-2000
048883,玉晶光統一94購01,0,0,0,0,0,0,0,0,0,-2000,0,0,0,7000,9000,-2000,-2000
048893,南電元富94購01  ,0,0,0,0,0,0,0,0,0,-2000,0,0,0,5000,7000,-2000,-2000
047083,大立光永豐93購01,0,0,0,0,0,0,0,0,0,-2000,0,0,0,4000,6000,-2000,-2000
047167,農林康和93購01  ,0,0,0,0,0,0,0,0,0,-2000,0,0,0,0,2000,-2000,-2000
047168,廣越康和93購01  ,0,0,0,0,0,0,0,0,0,-2000,0,0,0,0,2000,-2000,-2000
04716P,中石化凱基94售01,0,0,0,0,0,0,0,0,0,-2000,0,0,0,2000,4000,-2000,-2000
049252,國巨元大96購01  ,0,0,0,0,0,0,0,0,0,-2000,0,0,0,3000,5000,-2000,-2000
049033,大成鋼兆豐94購01,0,0,0,0,0,0,0,0,0,-2000,0,0,0,10000,12000,-2000,-2000
048926,燿華永豐95購01  ,0,0,0,0,0,0,0,0,0,-2000,0,0,0,0,2000,-2000,-2000
049543,國巨群益94購04  ,0,0,0,0,0,0,0,0,0,-2000,0,0,0,0,2000,-2000,-2000
049290,元油2X群益94購02,0,0,0,0,0,0,0,0,0,-2000,0,0,0,0,2000,-2000,-2000
051879,健策台新96購01  ,0,0,0,0,0,0,0,0,0,-2000,0,0,0,0,2000,-2000,-2000
051779,大立光群益95購02,0,0,0,0,0,0,0,0,0,-2000,0,0,0,10000,12000,-2000,-2000
051711,臻鼎群益95購03  ,0,0,0,0,0,0,0,0,0,-2000,0,0,0,50000,52000,-2000,-2000
051696,新日興中信96購01,0,0,0,0,0,0,0,0,0,-2000,0,0,0,0,2000,-2000,-2000
052034,臺股指群益95購07,0,0,0,0,0,0,0,0,0,-2000,0,0,0,0,2000,-2000,-2000
052157,東元永豐95購01  ,0,0,0,0,0,0,0,0,0,-2000,0,0,0,0,2000,-2000,-2000
051539,瀚宇博國票97購01,0,0,0,0,0,0,0,0,0,-2000,0,0,0,0,2000,-2000,-2000
051607,緯創群益96購02  ,0,0,0,0,0,0,0,0,0,-2000,0,0,0,24000,26000,-2000,-2000
051194,大立光中信96購02,0,0,0,0,0,0,0,0,0,-2000,0,0,0,0,2000,-2000,-2000
050384,嘉澤國票94購02  ,0,0,0,0,0,0,0,0,0,-2000,0,0,0,0,2000,-2000,-2000
050779,超眾元大96購03  ,0,0,0,0,0,0,0,0,0,-2000,0,0,0,1000,3000,-2000,-2000
049809,聯詠元大94購04  ,0,0,0,0,0,0,0,0,0,-2000,0,0,0,17000,19000,-2000,-2000
049620,美食群益94購01  ,0,0,0,0,0,0,0,0,0,-2000,0,0,0,0,2000,-2000,-2000
049986,嘉澤凱基94購02  ,0,0,0,0,0,0,0,0,0,-2000,0,0,0,72000,74000,-2000,-2000
2908,特力            ,1000,3000,-2000,0,0,0,0,0,0,0,0,0,0,0,0,0,-2000
2901,欣欣            ,0,2000,-2000,0,0,0,0,0,0,0,0,0,0,0,0,0,-2000
3002,歐格            ,0,2000,-2000,0,0,0,0,0,0,0,0,0,0,0,0,0,-2000
2616,山隆            ,3000,6000,-3000,0,0,0,0,0,0,1000,1000,0,1000,0,0,0,-2000
2636,台驊投控        ,1000,3000,-2000,0,0,0,0,0,0,0,0,0,0,0,0,0,-2000
2727,王品            ,18000,20000,-2000,0,0,0,0,0,0,0,0,0,0,0,0,0,-2000
3550,聯穎            ,0,2000,-2000,0,0,0,0,0,0,0,0,0,0,0,0,0,-2000
4545,銘鈺            ,3000,5000,-2000,0,0,0,0,0,0,0,0,0,0,0,0,0,-2000
4555,氣立            ,0,2000,-2000,0,0,0,0,0,0,0,0,0,0,0,0,0,-2000
8480,泰昇-KY         ,0,0,0,0,0,0,0,2000,-2000,0,0,0,0,0,0,0,-2000
8940,新天地          ,0,2000,-2000,0,0,0,0,0,0,0,0,0,0,0,0,0,-2000
9902,台火            ,9000,12000,-3000,0,0,0,0,0,0,1000,1000,0,1000,0,0,0,-2000
1528,恩德            ,0,2000,-2000,0,0,0,0,0,0,0,0,0,0,0,0,0,-2000
1725,元禎            ,0,2000,-2000,0,0,0,0,0,0,0,0,0,0,0,0,0,-2000
2243,宏旭-KY         ,0,2000,-2000,0,0,0,0,0,0,0,0,0,0,0,0,0,-2000
2451,創見            ,121000,160000,-39000,0,0,0,0,0,0,37000,13000,3000,10000,27000,0,27000,-2000
06122P,亞光元大98售01  ,0,0,0,0,0,0,0,0,0,-2000,0,0,0,0,2000,-2000,-2000
1220,台榮            ,0,2000,-2000,0,0,0,0,0,0,0,0,0,0,0,0,0,-2000
1414,東和            ,1000,3000,-2000,0,0,0,0,0,0,0,0,0,0,0,0,0,-2000
1323,永裕            ,2000,4000,-2000,0,0,0,0,0,0,0,0,0,0,0,0,0,-2000
055237,晶豪科台新97購01,0,0,0,0,0,0,0,0,0,-2000,0,0,0,0,2000,-2000,-2000
055118,嘉聯益凱基98購02,0,0,0,0,0,0,0,0,0,-2000,0,0,0,6000,8000,-2000,-2000
055079,台光電中信97購01,0,0,0,0,0,0,0,0,0,-2000,0,0,0,0,2000,-2000,-2000
05670P,台積電國票98售01,0,0,0,0,0,0,0,0,0,-2000,0,0,0,0,2000,-2000,-2000
05903P,聯發科統一96售09,0,0,0,0,0,0,0,0,0,-2000,0,0,0,0,2000,-2000,-2000
1529,樂士            ,0,2705,-2705,0,0,0,0,0,0,0,0,0,0,0,0,0,-2705
054433,南亞科台新96購02,0,0,0,0,0,0,0,0,0,-3000,0,0,0,22000,25000,-3000,-3000
053857,宏達電富邦97購02,0,0,0,0,0,0,0,0,0,-3000,0,0,0,0,3000,-3000,-3000
053922,亞光國票96購01  ,0,0,0,0,0,0,0,0,0,-3000,0,0,0,0,3000,-3000,-3000
053986,矽創第一96購01  ,0,0,0,0,0,0,0,0,0,-3000,0,0,0,0,3000,-3000,-3000
054149,達方元大96購01  ,0,0,0,0,0,0,0,0,0,-3000,0,0,0,89000,92000,-3000,-3000
052911,友達統一97購02  ,0,0,0,0,0,0,0,0,0,-3000,0,0,0,87000,90000,-3000,-3000
052798,滬深2X元大96購07,0,0,0,0,0,0,0,0,0,-3000,0,0,0,0,3000,-3000,-3000
052644,聯發科永豐96購01,0,0,0,0,0,0,0,0,0,-3000,0,0,0,0,3000,-3000,-3000
052616,鴻海國泰98購02  ,0,0,0,0,0,0,0,0,0,-3000,0,0,0,10000,13000,-3000,-3000
052569,聯發科凱基96購08,0,0,0,0,0,0,0,0,0,-3000,0,0,0,32000,35000,-3000,-3000
052385,滬深2X群益99購05,0,0,0,0,0,0,0,0,0,-3000,0,0,0,0,3000,-3000,-3000
053612,T50反1群益96購01,0,0,0,0,0,0,0,0,0,-3000,0,0,0,0,3000,-3000,-3000
053233,大立光永豐96購01,0,0,0,0,0,0,0,0,0,-3000,0,0,0,0,3000,-3000,-3000
047939,亞德客國票93購02,0,0,0,0,0,0,0,0,0,-3000,0,0,0,0,3000,-3000,-3000
047786,燿華群益93購03  ,0,0,0,0,0,0,0,0,0,-3000,0,0,0,0,3000,-3000,-3000
044569,華邦電凱基92購01,0,0,0,0,0,0,0,0,0,-3000,0,0,0,10000,13000,-3000,-3000
044354,奇鋐元大93購02  ,0,0,0,0,0,0,0,0,0,-3000,0,0,0,0,3000,-3000,-3000
044395,台積電凱基91購16,0,0,0,0,0,0,0,0,0,-3000,0,0,0,0,3000,-3000,-3000
045117,玉晶光日盛92購01,0,0,0,0,0,0,0,0,0,-3000,0,0,0,7000,10000,-3000,-3000
044037,大立光群益92購01,0,0,0,0,0,0,0,0,0,-3000,0,0,0,17000,20000,-3000,-3000
043895,鴻海群益92購01  ,0,0,0,0,0,0,0,0,0,-3000,0,0,0,20000,23000,-3000,-3000
04142P,元油反凱基99售01,0,0,0,0,0,0,0,0,0,-3000,0,0,0,0,3000,-3000,-3000
042116,元油2X國票97購01,0,0,0,0,0,0,0,0,0,-3000,0,0,0,0,3000,-3000,-3000
043323,緯穎統一92購01  ,0,0,0,0,0,0,0,0,0,-3000,0,0,0,0,3000,-3000,-3000
03243P,台積電統一02售08,0,0,0,0,0,0,0,0,0,-3000,0,0,0,0,3000,-3000,-3000
03943P,可成群益93售01  ,0,0,0,0,0,0,0,0,0,-3000,0,0,0,0,3000,-3000,-3000
03880P,華新科永豐93售01,0,0,0,0,0,0,0,0,0,-3000,0,0,0,0,3000,-3000,-3000
03583P,微星元大02售03  ,0,0,0,0,0,0,0,0,0,-3000,0,0,0,0,3000,-3000,-3000
03612C,臺股指元大95牛01,0,0,0,0,0,0,0,0,0,-3000,0,0,0,0,3000,-3000,-3000
043707,臺股指永豐91購01,0,0,0,0,0,0,0,0,0,-3000,0,0,0,0,3000,-3000,-3000
043799,臺股指凱基91購10,0,0,0,0,0,0,0,0,0,-3000,0,0,0,0,3000,-3000,-3000
046907,華晶科凱基93購01,0,0,0,0,0,0,0,0,0,-3000,0,0,0,0,3000,-3000,-3000
046895,智伸科群益93購02,0,0,0,0,0,0,0,0,0,-3000,0,0,0,0,3000,-3000,-3000
04713P,創意元大95售01  ,0,0,0,0,0,0,0,0,0,-3000,0,0,0,0,3000,-3000,-3000
047057,瀚宇博國票93購01,0,0,0,0,0,0,0,0,0,-3000,0,0,0,1000,4000,-3000,-3000
04724P,可成凱基94售08  ,0,0,0,0,0,0,0,0,0,-3000,0,0,0,25000,28000,-3000,-3000
048858,大立光群益94購03,0,0,0,0,0,0,0,0,0,-3000,0,0,0,4000,7000,-3000,-3000
048781,臺股指凱基96購01,0,0,0,0,0,0,0,0,0,-3000,0,0,0,0,3000,-3000,-3000
048775,智伸科凱基94購01,0,0,0,0,0,0,0,0,0,-3000,0,0,0,42000,45000,-3000,-3000
04758P,國巨凱基94售03  ,0,0,0,0,0,0,0,0,0,-3000,0,0,0,0,3000,-3000,-3000
048690,美律群益94購01  ,0,0,0,0,0,0,0,0,0,-3000,0,0,0,0,3000,-3000,-3000
047554,聯詠凱基93購04  ,0,0,0,0,0,0,0,0,0,-3000,0,0,0,2000,5000,-3000,-3000
046368,嘉聯益永豐92購04,0,0,0,0,0,0,0,0,0,-3000,0,0,0,57000,60000,-3000,-3000
048515,貿聯凱基93購03  ,0,0,0,0,0,0,0,0,0,-3000,0,0,0,2000,5000,-3000,-3000
048447,美律凱基93購06  ,0,0,0,0,0,0,0,0,0,-3000,0,0,0,0,3000,-3000,-3000
048402,聯茂兆豐95購01  ,0,0,0,0,0,0,0,0,0,-3000,0,0,0,400000,403000,-3000,-3000
048273,南電富邦97購01  ,0,0,0,0,0,0,0,0,0,-3000,0,0,0,42000,45000,-3000,-3000
048606,聯發科日盛93購02,0,0,0,0,0,0,0,0,0,-3000,0,0,0,0,3000,-3000,-3000
050077,臺股指凱基99購02,0,0,0,0,0,0,0,0,0,-3000,0,0,0,1000,4000,-3000,-3000
049829,裕民凱基94購01  ,0,0,0,0,0,0,0,0,0,-3000,0,0,0,0,3000,-3000,-3000
050932,台塑國票96購01  ,0,0,0,0,0,0,0,0,0,-3000,0,0,0,0,3000,-3000,-3000
05040P,聯發科凱基95售05,0,0,0,0,0,0,0,0,0,-3000,0,0,0,0,3000,-3000,-3000
050492,漢唐國泰96購01  ,0,0,0,0,0,0,0,0,0,-3000,0,0,0,0,3000,-3000,-3000
050458,台郡元大94購03  ,0,0,0,0,0,0,0,0,0,-3000,0,0,0,11000,14000,-3000,-3000
050459,台表科元大94購03,0,0,0,0,0,0,0,0,0,-3000,0,0,0,31000,34000,-3000,-3000
050561,上証2X元富97購01,0,0,0,0,0,0,0,0,0,-3000,0,0,0,0,3000,-3000,-3000
050543,聯發科凱基95購01,0,0,0,0,0,0,0,0,0,-3000,0,0,0,13000,16000,-3000,-3000
051189,鴻海兆豐96購01  ,0,0,0,0,0,0,0,0,0,-3000,0,0,0,0,3000,-3000,-3000
051309,卜蜂麥證95購01  ,0,0,0,0,3000,-3000,0,0,0,-3000,0,0,0,0,3000,-3000,-3000
051130,百和群益96購01  ,0,0,0,0,0,0,0,0,0,-3000,0,0,0,41000,44000,-3000,-3000
051486,玉晶光凱基97購03,0,0,0,0,0,0,0,0,0,-3000,0,0,0,51000,54000,-3000,-3000
052235,聯發科國票96購02,0,0,0,0,0,0,0,0,0,-3000,0,0,0,50000,53000,-3000,-3000
051862,旺宏凱基95購05  ,0,0,0,0,0,0,0,0,0,-3000,0,0,0,41000,44000,-3000,-3000
051869,康控凱基96購01  ,0,0,0,0,0,0,0,0,0,-3000,0,0,0,0,3000,-3000,-3000
2430,燦坤            ,0,3000,-3000,0,0,0,0,0,0,0,0,0,0,0,0,0,-3000
2516,新建            ,0,3000,-3000,0,0,0,0,0,0,0,0,0,0,0,0,0,-3000
2358,廷鑫            ,11000,14000,-3000,0,0,0,0,0,0,0,0,0,0,0,0,0,-3000
1340,勝悅-KY         ,2000,7000,-5000,0,0,0,0,0,0,2000,2000,0,2000,0,0,0,-3000
06145P,華新科永豐97售02,0,0,0,0,0,0,0,0,0,-3000,0,0,0,30000,33000,-3000,-3000
06099P,鴻海日盛97售03  ,0,0,0,0,0,0,0,0,0,-3000,0,0,0,0,3000,-3000,-3000
06005P,晶豪科永豐96售04,0,0,0,0,0,0,0,0,0,-3000,0,0,0,0,3000,-3000,-3000
06024P,台郡國票97售05  ,0,0,0,0,0,0,0,0,0,-3000,0,0,0,0,3000,-3000,-3000
05937P,台積電凱基96售21,0,0,0,0,0,0,0,0,0,-3000,0,0,0,0,3000,-3000,-3000
05692P,聯發科中信9A售02,0,0,0,0,0,0,0,0,0,-3000,0,0,0,0,3000,-3000,-3000
055299,康友元大97購02  ,0,0,0,0,0,0,0,0,0,-3000,0,0,0,33000,36000,-3000,-3000
05535P,台積電元大97售06,0,0,0,0,0,0,0,0,0,-3000,0,0,0,201000,204000,-3000,-3000
055110,美律凱基98購02  ,0,0,0,0,0,0,0,0,0,-3000,0,0,0,0,3000,-3000,-3000
05496P,聯詠統一95售04  ,0,0,0,0,0,0,0,0,0,-3000,0,0,0,5000,8000,-3000,-3000
054897,信錦康和97購01  ,0,0,0,0,0,0,0,0,0,-3000,0,0,0,0,3000,-3000,-3000
8499,鼎炫-KY         ,28000,4000,24000,0,0,0,0,0,0,-27000,5000,32000,-27000,0,0,0,-3000
8104,錸寶            ,16000,19000,-3000,0,0,0,0,0,0,0,0,0,0,0,0,0,-3000
8105,凌巨            ,106000,109000,-3000,0,0,0,0,0,0,0,0,0,0,0,0,0,-3000
6115,鎰勝            ,9000,12000,-3000,0,0,0,0,0,0,0,0,0,0,0,0,0,-3000
6192,巨路            ,20000,23000,-3000,0,0,0,0,0,0,0,0,0,0,0,0,0,-3000
3588,通嘉            ,17000,20000,-3000,0,0,0,0,0,0,0,0,0,0,0,0,0,-3000
4119,旭富            ,16000,20000,-4000,0,0,0,0,0,0,1000,1000,0,1000,0,0,0,-3000
3058,立德            ,0,3000,-3000,0,0,0,0,0,0,0,0,0,0,0,0,0,-3000
5284,jpp-KY          ,1000,4255,-3255,0,0,0,0,0,0,0,0,0,0,0,0,0,-3255
053250,百和國票97購02  ,0,0,0,0,0,0,0,0,0,-4000,0,0,0,0,4000,-4000,-4000
053067,牧德群益96購01  ,0,0,0,0,0,0,0,0,0,-4000,0,0,0,0,4000,-4000,-4000
053627,宏碁兆豐97購01  ,0,0,0,0,0,0,0,0,0,-4000,0,0,0,6000,10000,-4000,-4000
053557,聯茂凱基96購04  ,0,0,0,0,0,0,0,0,0,-4000,0,0,0,0,4000,-4000,-4000
053351,A50正2兆豐97購01,0,0,0,0,0,0,0,0,0,-4000,0,0,0,40000,44000,-4000,-4000
05240P,玉晶光永豐96售01,0,0,0,0,0,0,0,0,0,-4000,0,0,0,0,4000,-4000,-4000
052965,廣宇群益97購01  ,0,0,0,0,0,0,0,0,0,-4000,0,0,0,5000,9000,-4000,-4000
054080,微星中信98購01  ,0,0,0,0,0,0,0,0,0,-4000,0,0,0,5000,9000,-4000,-4000
05378P,台積電凱基96售02,0,0,0,0,0,0,0,0,0,-4000,0,0,0,0,4000,-4000,-4000
054567,拓凱群益98購01  ,0,0,0,0,0,0,0,0,0,-4000,0,0,0,10000,14000,-4000,-4000
054555,欣興凱基98購01  ,0,0,0,0,0,0,0,0,0,-4000,0,0,0,1000,5000,-4000,-4000
054669,凌華元富97購01  ,0,0,0,0,0,0,0,0,0,-4000,0,0,0,0,4000,-4000,-4000
040508,上証2X國泰93購01,0,0,0,0,0,0,0,0,0,-4000,0,0,0,1000,5000,-4000,-4000
04339P,欣興元大93售08  ,0,0,0,0,0,0,0,0,0,-4000,0,0,0,5000,9000,-4000,-4000
04347P,全新群益94售01  ,0,0,0,0,0,0,0,0,0,-4000,0,0,0,11000,15000,-4000,-4000
035277,景碩台新97購01  ,0,0,0,0,0,0,0,0,0,-4000,0,0,0,6000,10000,-4000,-4000
039212,台達電台新9A購01,0,0,0,0,0,0,0,0,0,-4000,0,0,0,167000,171000,-4000,-4000
03950P,聯發科中信93售03,0,0,0,0,0,0,0,0,0,-4000,0,0,0,0,4000,-4000,-4000
020011,統一微波高息20N ,0,0,0,0,0,0,0,0,0,-4000,0,0,0,0,4000,-4000,-4000
045757,台表科國泰93購03,0,0,0,0,0,0,0,0,0,-4000,0,0,0,0,4000,-4000,-4000
045669,華通元大93購02  ,0,0,0,0,0,0,0,0,0,-4000,0,0,0,19000,23000,-4000,-4000
042944,全新國票92購01  ,0,0,0,0,0,0,0,0,0,-4000,0,0,0,0,4000,-4000,-4000
045156,群創凱基92購01  ,0,0,0,0,0,0,0,0,0,-4000,0,0,0,1000,5000,-4000,-4000
044112,超眾國票92購01  ,0,0,0,0,0,0,0,0,0,-4000,0,0,0,0,4000,-4000,-4000
045907,鴻海中信94購02  ,0,0,0,0,0,0,0,0,0,-4000,0,0,0,0,4000,-4000,-4000
044898,旺宏凱基93購01  ,0,0,0,0,0,0,0,0,0,-4000,0,0,0,149000,153000,-4000,-4000
045898,康控元大93購04  ,0,0,0,0,0,0,0,0,0,-4000,0,0,0,127000,131000,-4000,-4000
047897,可成群益94購01  ,0,0,0,0,0,0,0,0,0,-4000,0,0,0,300000,304000,-4000,-4000
045176,台表科國票92購01,0,0,0,0,0,0,0,0,0,-4000,0,0,0,0,4000,-4000,-4000
047764,燿華元大93購03  ,0,0,0,0,0,0,0,0,0,-4000,0,0,0,68000,72000,-4000,-4000
047805,台積電凱基93購21,0,0,0,0,0,0,0,0,0,-4000,0,0,0,0,4000,-4000,-4000
047758,康舒元富93購01  ,0,0,0,0,0,0,0,0,0,-4000,0,0,0,12000,16000,-4000,-4000
047755,麗豐元富93購01  ,0,0,0,0,0,0,0,0,0,-4000,0,0,0,20000,24000,-4000,-4000
047733,友達兆豐95購01  ,0,0,0,0,0,0,0,0,0,-4000,0,0,0,46000,50000,-4000,-4000
04781P,欣興凱基94售06  ,0,0,0,0,0,0,0,0,0,-4000,0,0,0,0,4000,-4000,-4000
047943,欣興國票93購06  ,0,0,0,0,0,0,0,0,0,-4000,0,0,0,0,4000,-4000,-4000
047908,南亞科元大93購02,0,0,0,0,0,0,0,0,0,-4000,0,0,0,30000,34000,-4000,-4000
047614,台郡群益93購02  ,0,0,0,0,0,0,0,0,0,-4000,0,0,0,32000,36000,-4000,-4000
047687,元金2X富邦96購01,0,0,0,0,0,0,0,0,0,-4000,0,0,0,1000,5000,-4000,-4000
04671P,華通統一94售01  ,0,0,0,0,0,0,0,0,0,-4000,0,0,0,0,4000,-4000,-4000
046250,全新群益92購04  ,0,0,0,0,0,0,0,0,0,-4000,0,0,0,0,4000,-4000,-4000
046437,大立光群益93購05,0,0,0,0,0,0,0,0,0,-4000,0,0,0,0,4000,-4000,-4000
047556,群創凱基95購01  ,0,0,0,0,0,0,0,0,0,-4000,0,0,0,0,4000,-4000,-4000
047434,台積電元大93購21,0,0,0,0,0,0,0,0,0,-4000,0,0,0,57000,61000,-4000,-4000
048234,美利達凱基93購03,0,0,0,0,0,0,0,0,0,-4000,0,0,0,10000,14000,-4000,-4000
047366,台表科群益93購01,0,0,0,0,0,0,0,0,0,-4000,0,0,0,0,4000,-4000,-4000
048778,聯茂凱基94購04  ,0,0,0,0,0,0,0,0,0,-4000,0,0,0,0,4000,-4000,-4000
048115,樺漢群益93購01  ,0,0,0,0,0,0,0,0,0,-4000,0,0,0,0,4000,-4000,-4000
046897,康舒群益93購01  ,0,0,0,0,0,0,0,0,0,-4000,0,0,0,2000,6000,-4000,-4000
046829,義隆群益93購01  ,0,0,0,0,0,0,0,0,0,-4000,0,0,0,0,4000,-4000,-4000
046211,南電元富92購01  ,0,0,0,0,0,0,0,0,0,-4000,0,0,0,0,4000,-4000,-4000
049564,聯電統一94購03  ,0,0,0,0,0,0,0,0,0,-4000,0,0,0,0,4000,-4000,-4000
049031,矽格群益94購01  ,0,0,0,0,0,0,0,0,0,-4000,0,0,0,139000,143000,-4000,-4000
049092,聯茂凱基94購07  ,0,0,0,0,0,0,0,0,0,-4000,0,0,0,0,4000,-4000,-4000
051685,台光電凱基95購01,0,0,0,0,0,0,0,0,0,-4000,0,0,0,11000,15000,-4000,-4000
052286,力成凱基95購02  ,0,0,0,0,0,0,0,0,0,-4000,0,0,0,0,4000,-4000,-4000
052062,臺股指國票95購09,0,0,0,0,0,0,0,0,0,-4000,0,0,0,0,4000,-4000,-4000
051485,玉晶光凱基97購02,0,0,0,0,0,0,0,0,0,-4000,0,0,0,62000,66000,-4000,-4000
051645,光寶科永豐95購01,0,0,0,0,0,0,0,0,0,-4000,0,0,0,80000,84000,-4000,-4000
051534,景碩國票97購01  ,0,0,0,0,0,0,0,0,0,-4000,0,0,0,0,4000,-4000,-4000
051516,全新凱基96購02  ,0,0,0,0,0,0,0,0,0,-4000,0,0,0,10000,14000,-4000,-4000
051069,智邦國票96購01  ,0,0,0,0,0,0,0,0,0,-4000,0,0,0,199000,203000,-4000,-4000
051212,國巨統一95購01  ,0,0,0,0,0,0,0,0,0,-4000,0,0,0,0,4000,-4000,-4000
050832,力成凱基95購01  ,0,0,0,0,0,0,0,0,0,-4000,0,0,0,1000,5000,-4000,-4000
049946,智邦兆豐95購01  ,0,0,0,0,0,0,0,0,0,-4000,0,0,0,7000,11000,-4000,-4000
050200,致新元大94購01  ,0,0,0,0,0,0,0,0,0,-4000,0,0,0,0,4000,-4000,-4000
050318,景碩國票94購02  ,0,0,0,0,0,0,0,0,0,-4000,0,0,0,0,4000,-4000,-4000
6165,捷泰            ,16000,20000,-4000,0,0,0,0,0,0,0,0,0,0,0,0,0,-4000
6205,詮欣            ,0,4000,-4000,0,0,0,0,0,0,0,0,0,0,0,0,0,-4000
6672,騰輝電子-KY     ,59000,63000,-4000,0,0,0,0,0,0,0,0,0,0,0,0,0,-4000
3052,夆典            ,26000,30000,-4000,0,0,0,0,0,0,0,0,0,0,0,0,0,-4000
2613,中櫃            ,2000,6000,-4000,0,0,0,0,0,0,0,0,0,0,0,0,0,-4000
4439,冠星-KY         ,1000,5000,-4000,0,0,0,0,0,0,0,0,0,0,0,0,0,-4000
4764,雙鍵            ,0,4000,-4000,0,0,0,0,0,0,0,0,0,0,0,0,0,-4000
055199,國喬群益97購01  ,0,0,0,0,0,0,0,0,0,-4000,0,0,0,0,4000,-4000,-4000
05680P,聯發科元大96售12,0,0,0,0,0,0,0,0,0,-4000,0,0,0,1000,5000,-4000,-4000
05659P,A50正2中信97售01,0,0,0,0,0,0,0,0,0,-4000,0,0,0,0,4000,-4000,-4000
05954P,旺宏國票97售03  ,0,0,0,0,0,0,0,0,0,-4000,0,0,0,0,4000,-4000,-4000
05950P,台積電國票97售04,0,0,0,0,0,0,0,0,0,-4000,0,0,0,4000,8000,-4000,-4000
05989P,健策元富96售01  ,0,0,0,0,0,0,0,0,0,-4000,0,0,0,30000,34000,-4000,-4000
1338,廣華-KY         ,8000,12000,-4000,0,0,0,0,0,0,0,0,0,0,0,0,0,-4000
1442,名軒            ,29000,34000,-5000,0,0,0,0,0,0,1000,1000,0,1000,0,0,0,-4000
1440,南紡            ,102000,113000,-11000,0,0,0,0,0,0,7000,7000,0,7000,0,0,0,-4000
2488,漢平            ,9000,13000,-4000,0,0,0,0,0,0,0,0,0,0,0,0,0,-4000
2429,銘旺科          ,24000,28000,-4000,0,0,0,0,0,0,0,0,0,0,0,0,0,-4000
2462,良得電          ,0,4000,-4000,0,0,0,0,0,0,0,0,0,0,0,0,0,-4000
1560,中砂            ,96000,30000,66000,0,0,0,0,70000,-70000,0,0,0,0,0,0,0,-4000
2015,豐興            ,77000,95565,-18565,0,0,0,14000,0,14000,0,0,0,0,0,0,0,-4565
05466P,旺宏富邦97售01  ,0,0,0,0,0,0,0,0,0,-5000,0,0,0,0,5000,-5000,-5000
054773,台郡國票98購01  ,0,0,0,0,0,0,0,0,0,-5000,0,0,0,0,5000,-5000,-5000
054822,祥碩元大97購01  ,0,0,0,0,0,0,0,0,0,-5000,0,0,0,119000,124000,-5000,-5000
054548,鴻海凱基98購03  ,0,0,0,0,0,0,0,0,0,-5000,0,0,0,0,5000,-5000,-5000
054472,道瓊反中信9A購01,0,0,0,0,0,0,0,0,0,-5000,0,0,0,0,5000,-5000,-5000
054399,智易永豐96購03  ,0,0,0,0,0,0,0,0,0,-5000,0,0,0,10000,15000,-5000,-5000
054006,智易統一97購01  ,0,0,0,0,0,0,0,0,0,-5000,0,0,0,72000,77000,-5000,-5000
054141,TPK元大96購02   ,0,0,0,0,0,0,0,0,0,-5000,0,0,0,0,5000,-5000,-5000
054272,華通中信98購01  ,0,0,0,0,0,0,0,0,0,-5000,0,0,0,5000,10000,-5000,-5000
054235,欣興群益96購06  ,0,0,0,0,0,0,0,0,0,-5000,0,0,0,13000,18000,-5000,-5000
052956,聯發科日盛96購01,0,0,0,0,0,0,0,0,0,-5000,0,0,0,20000,25000,-5000,-5000
052948,景碩國票97購02  ,0,0,0,0,0,0,0,0,0,-5000,0,0,0,0,5000,-5000,-5000
052696,玉晶光麥證97購01,0,0,0,1000,6000,-5000,0,0,0,-5000,0,0,0,1000,6000,-5000,-5000
05257P,欣興凱基95售04  ,0,0,0,0,0,0,0,0,0,-5000,0,0,0,0,5000,-5000,-5000
05337P,臺股指國票95售06,0,0,0,0,0,0,0,0,0,-5000,0,0,0,0,5000,-5000,-5000
053319,可成群益96購04  ,0,0,0,0,0,0,0,0,0,-5000,0,0,0,0,5000,-5000,-5000
053408,友達兆豐98購01  ,0,0,0,0,0,0,0,0,0,-5000,0,0,0,35000,40000,-5000,-5000
053521,緯穎群益96購02  ,0,0,0,0,0,0,0,0,0,-5000,0,0,0,377000,382000,-5000,-5000
053087,冠德元大96購02  ,0,0,0,0,0,0,0,0,0,-5000,0,0,0,5000,10000,-5000,-5000
053238,麗豐永豐96購01  ,0,0,0,0,0,0,0,0,0,-5000,0,0,0,25000,30000,-5000,-5000
053277,大立光元大96購04,0,0,0,0,0,0,0,0,0,-5000,0,0,0,10000,15000,-5000,-5000
05314P,臺股指群益95售13,0,0,0,0,0,0,0,0,0,-5000,0,0,0,0,5000,-5000,-5000
053165,大立光群益96購03,0,0,0,0,0,0,0,0,0,-5000,0,0,0,22000,27000,-5000,-5000
04767P,台積電國泰95售04,0,0,0,0,0,0,0,0,0,-5000,0,0,0,25000,30000,-5000,-5000
047669,台表科永豐93購02,0,0,0,0,0,0,0,0,0,-5000,0,0,0,0,5000,-5000,-5000
047757,達運元富93購01  ,0,0,0,0,0,0,0,0,0,-5000,0,0,0,5000,10000,-5000,-5000
045172,欣興兆豐94購01  ,0,0,0,0,0,0,0,0,0,-5000,0,0,0,0,5000,-5000,-5000
044347,上証2X元大94購01,0,0,0,0,0,0,0,0,0,-5000,0,0,0,10000,15000,-5000,-5000
045910,華通國票92購01  ,0,0,0,0,0,0,0,0,0,-5000,0,0,0,0,5000,-5000,-5000
045594,緯穎元大93購04  ,0,0,0,0,0,0,0,0,0,-5000,0,0,0,25000,30000,-5000,-5000
045411,奇力新群益92購02,0,0,0,0,0,0,0,0,0,-5000,0,0,0,0,5000,-5000,-5000
04532P,臺股指凱基94售04,0,0,0,0,0,0,0,0,0,-5000,0,0,0,0,5000,-5000,-5000
045447,鴻海國泰94購02  ,0,0,0,0,0,0,0,0,0,-5000,0,0,0,43000,48000,-5000,-5000
04418P,燿華永豐94售01  ,0,0,0,0,0,0,0,0,0,-5000,0,0,0,0,5000,-5000,-5000
045142,聯茂兆豐93購02  ,0,0,0,0,0,0,0,0,0,-5000,0,0,0,44000,49000,-5000,-5000
045131,瑞昱統一92購02  ,0,0,0,0,0,0,0,0,0,-5000,0,0,0,13000,18000,-5000,-5000
045088,康控元大94購02  ,0,0,0,0,0,0,0,0,0,-5000,0,0,0,10000,15000,-5000,-5000
044061,聯發科元大92購03,0,0,0,0,0,0,0,0,0,-5000,0,0,0,5000,10000,-5000,-5000
045070,全新元大93購02  ,0,0,0,0,0,0,0,0,0,-5000,0,0,0,105000,110000,-5000,-5000
045991,為升富邦95購01  ,0,0,0,0,0,0,0,0,0,-5000,0,0,0,0,5000,-5000,-5000
042919,GIS元大93購01   ,0,0,0,0,0,0,0,0,0,-5000,0,0,0,110000,115000,-5000,-5000
04280P,宏達電台新93售01,0,0,0,0,0,0,0,0,0,-5000,0,0,0,0,5000,-5000,-5000
043891,羅麗芬元大94購01,0,0,0,0,0,0,0,0,0,-5000,0,0,0,0,5000,-5000,-5000
043909,台光電凱基93購01,0,0,0,0,0,0,0,0,0,-5000,0,0,0,14000,19000,-5000,-5000
043961,道瓊反國泰94購01,0,0,0,0,0,0,0,0,0,-5000,0,0,0,0,5000,-5000,-5000
04106P,滬深2X永豐93售02,0,0,0,0,0,0,0,0,0,-5000,0,0,0,0,5000,-5000,-5000
045695,英業達兆豐93購01,0,0,0,0,0,0,0,0,0,-5000,0,0,0,35000,40000,-5000,-5000
045700,道瓊指中信94購01,0,0,0,0,0,0,0,0,0,-5000,0,0,0,0,5000,-5000,-5000
044825,旺宏永豐91購05  ,0,0,0,0,0,0,0,0,0,-5000,0,0,0,25000,30000,-5000,-5000
045766,上証2X元富92購01,0,0,0,0,0,0,0,0,0,-5000,0,0,0,0,5000,-5000,-5000
045781,聯詠元大92購03  ,0,0,0,0,0,0,0,0,0,-5000,0,0,0,15000,20000,-5000,-5000
041824,元油2X國票96購01,0,0,0,0,0,0,0,0,0,-5000,0,0,0,0,5000,-5000,-5000
00851,台新全球AI      ,0,0,0,0,0,0,0,0,0,-5000,0,0,0,37000,42000,-5000,-5000
00735,國泰臺韓科技    ,0,0,0,0,0,0,0,0,0,-5000,0,0,0,107000,112000,-5000,-5000
0053,元大電子        ,0,0,0,0,0,0,0,0,0,-5000,0,0,0,1000,6000,-5000,-5000
03052X,元展49          ,0,0,0,0,0,0,0,0,0,-5000,0,0,0,0,5000,-5000,-5000
03929P,元油2X永豐93售04,0,0,0,0,0,0,0,0,0,-5000,0,0,0,0,5000,-5000,-5000
03435P,聯電永豐02售05  ,0,0,0,0,0,0,0,0,0,-5000,0,0,0,0,5000,-5000,-5000
03422B,臺股指凱基96熊28,0,0,0,0,0,0,0,0,0,-5000,0,0,0,0,5000,-5000,-5000
03424B,臺股指元大96熊26,0,0,0,0,0,0,0,0,0,-5000,0,0,0,0,5000,-5000,-5000
04019P,聯茂永豐93售01  ,0,0,0,0,0,0,0,0,0,-5000,0,0,0,148000,153000,-5000,-5000
049103,易華電國泰96購01,0,0,0,0,0,0,0,0,0,-5000,0,0,0,0,5000,-5000,-5000
049122,元油2X元富94購07,0,0,0,0,0,0,0,0,0,-5000,0,0,0,0,5000,-5000,-5000
049117,矽格統一96購01  ,0,0,0,0,0,0,0,0,0,-5000,0,0,0,247000,252000,-5000,-5000
049222,和碩國票94購01  ,0,0,0,0,0,0,0,0,0,-5000,0,0,0,0,5000,-5000,-5000
049201,劍麟群益94購01  ,0,0,0,0,0,0,0,0,0,-5000,0,0,0,6000,11000,-5000,-5000
048918,上証2X永豐94購01,0,0,0,0,0,0,0,0,0,-5000,0,0,0,5000,10000,-5000,-5000
049565,楠梓電統一94購01,0,0,0,0,0,0,0,0,0,-5000,0,0,0,30000,35000,-5000,-5000
04940P,台積電國票95售02,0,0,0,0,0,0,0,0,0,-5000,0,0,0,0,5000,-5000,-5000
049458,SP黃豆元富96購01,0,0,0,0,0,0,0,0,0,-5000,0,0,0,0,5000,-5000,-5000
046145,矽力元富95購01  ,0,0,0,0,0,0,0,0,0,-5000,0,0,0,0,5000,-5000,-5000
04682P,臺股指統一96售01,0,0,0,0,0,0,0,0,0,-5000,0,0,0,0,5000,-5000,-5000
046902,台光電凱基93購10,0,0,0,0,0,0,0,0,0,-5000,0,0,0,0,5000,-5000,-5000
047193,南電元大94購02  ,0,0,0,0,0,0,0,0,0,-5000,0,0,0,0,5000,-5000,-5000
047131,鴻海凱基94購03  ,0,0,0,0,0,0,0,0,0,-5000,0,0,0,0,5000,-5000,-5000
046863,康友元大93購01  ,0,0,0,0,0,0,0,0,0,-5000,0,0,0,85000,90000,-5000,-5000
048111,奇力新群益93購06,0,0,0,0,0,0,0,0,0,-5000,0,0,0,5000,10000,-5000,-5000
047273,奇力新永豐93購03,0,0,0,0,0,0,0,0,0,-5000,0,0,0,0,5000,-5000,-5000
047299,樺漢元富93購01  ,0,0,0,0,0,0,0,0,0,-5000,0,0,0,0,5000,-5000,-5000
046124,健策元大92購04  ,0,0,0,0,0,0,0,0,0,-5000,0,0,0,1000,6000,-5000,-5000
046669,新唐元大93購01  ,0,0,0,0,0,0,0,0,0,-5000,0,0,0,0,5000,-5000,-5000
046556,道瓊指凱基92購01,0,0,0,0,0,0,0,0,0,-5000,0,0,0,0,5000,-5000,-5000
04752P,大立光群益94售07,0,0,0,0,0,0,0,0,0,-5000,0,0,0,0,5000,-5000,-5000
04638P,臺股指群益94售13,0,0,0,0,0,0,0,0,0,-5000,0,0,0,0,5000,-5000,-5000
046306,瑞昱元大92購02  ,0,0,0,0,0,0,0,0,0,-5000,0,0,0,55000,60000,-5000,-5000
046261,中環凱基93購01  ,0,0,0,0,0,0,0,0,0,-5000,0,0,0,5000,10000,-5000,-5000
046257,A50正2國票94購01,0,0,0,0,0,0,0,0,0,-5000,0,0,0,113000,118000,-5000,-5000
046740,大立光群益95購01,0,0,0,0,0,0,0,0,0,-5000,0,0,0,4000,9000,-5000,-5000
048656,大立光元富93購05,0,0,0,0,0,0,0,0,0,-5000,0,0,0,8000,13000,-5000,-5000
04814P,健策元大96售01  ,0,0,0,0,0,0,0,0,0,-5000,0,0,0,0,5000,-5000,-5000
048160,GIS兆豐95購01   ,0,0,0,0,0,0,0,0,0,-5000,0,0,0,0,5000,-5000,-5000
048389,國巨國票94購01  ,0,0,0,0,0,0,0,0,0,-5000,0,0,0,0,5000,-5000,-5000
048419,智易統一93購01  ,0,0,0,0,0,0,0,0,0,-5000,0,0,0,0,5000,-5000,-5000
048307,道瓊指凱基93購01,0,0,0,0,0,0,0,0,0,-5000,0,0,0,0,5000,-5000,-5000
050284,台泥凱基94購01  ,0,0,0,0,0,0,0,0,0,-5000,0,0,0,0,5000,-5000,-5000
050008,超眾永豐94購02  ,0,0,0,0,0,0,0,0,0,-5000,0,0,0,0,5000,-5000,-5000
049924,欣興元大95購04  ,0,0,0,0,0,0,0,0,0,-5000,0,0,0,0,5000,-5000,-5000
04984P,臺股指康和94售04,0,0,0,0,0,0,0,0,0,-5000,0,0,0,0,5000,-5000,-5000
050787,致伸國泰96購01  ,0,0,0,0,0,0,0,0,0,-5000,0,0,0,10000,15000,-5000,-5000
050790,昇陽半國泰96購02,0,0,0,0,0,0,0,0,0,-5000,0,0,0,15000,20000,-5000,-5000
050712,和碩中信94購01  ,0,0,0,0,0,0,0,0,0,-5000,0,0,0,3000,8000,-5000,-5000
05071P,鴻海統一96售05  ,0,0,0,0,0,0,0,0,0,-5000,0,0,0,0,5000,-5000,-5000
050556,道瓊銀統一95購01,0,0,0,0,0,0,0,0,0,-5000,0,0,0,0,5000,-5000,-5000
051070,正崴國票96購01  ,0,0,0,0,0,0,0,0,0,-5000,0,0,0,0,5000,-5000,-5000
051071,聯發科國票96購01,0,0,0,0,0,0,0,0,0,-5000,0,0,0,10000,15000,-5000,-5000
051535,新日興國票96購01,0,0,0,0,0,0,0,0,0,-5000,0,0,0,230000,235000,-5000,-5000
051552,牧德永豐95購03  ,0,0,0,0,0,0,0,0,0,-5000,0,0,0,33000,38000,-5000,-5000
051620,可成凱基95購10  ,0,0,0,0,0,0,0,0,0,-5000,0,0,0,19000,24000,-5000,-5000
052086,鴻海元大96購08  ,0,0,0,0,0,0,0,0,0,-5000,0,0,0,0,5000,-5000,-5000
052282,宏達電凱基95購05,0,0,0,0,0,0,0,0,0,-5000,0,0,0,0,5000,-5000,-5000
052220,T50反1凱基98購01,0,0,0,0,0,0,0,0,0,-5000,0,0,0,0,5000,-5000,-5000
05176P,台積電凱基95售11,0,0,0,0,0,0,0,0,0,-5000,0,0,0,0,5000,-5000,-5000
051764,欣興元大95購07  ,0,0,0,0,0,0,0,0,0,-5000,0,0,0,0,5000,-5000,-5000
051766,泰鼎元大95購02  ,0,0,0,0,0,0,0,0,0,-5000,0,0,0,81000,86000,-5000,-5000
05178P,大立光凱基96售05,0,0,0,0,0,0,0,0,0,-5000,0,0,0,25000,30000,-5000,-5000
052021,易華電永豐95購03,0,0,0,0,0,0,0,0,0,-5000,0,0,0,20000,25000,-5000,-5000
051994,瀚宇博元大96購01,0,0,0,0,0,0,0,0,0,-5000,0,0,0,53000,58000,-5000,-5000
051978,泰碩凱基96購01  ,0,0,0,0,0,0,0,0,0,-5000,0,0,0,0,5000,-5000,-5000
051984,台塑元大95購01  ,0,0,0,0,0,0,0,0,0,-5000,0,0,0,0,5000,-5000,-5000
051961,泰碩永豐95購01  ,0,0,0,0,0,0,0,0,0,-5000,0,0,0,0,5000,-5000,-5000
2471,資通            ,0,5000,-5000,0,0,0,0,0,0,0,0,0,0,0,0,0,-5000
2405,浩鑫            ,70000,75000,-5000,0,0,0,0,0,0,0,0,0,0,0,0,0,-5000
1466,聚隆            ,2000,7000,-5000,0,0,0,0,0,0,0,0,0,0,0,0,0,-5000
06155P,智邦統一97售02  ,0,0,0,0,0,0,0,0,0,-5000,0,0,0,11000,16000,-5000,-5000
05981P,可成永昌98售02  ,0,0,0,0,0,0,0,0,0,-5000,0,0,0,25000,30000,-5000,-5000
06026P,華通台新97售01  ,0,0,0,0,0,0,0,0,0,-5000,0,0,0,88000,93000,-5000,-5000
06085P,義隆台新97售01  ,0,0,0,0,0,0,0,0,0,-5000,0,0,0,0,5000,-5000,-5000
06048P,大立光富邦96售05,0,0,0,0,0,0,0,0,0,-5000,0,0,0,0,5000,-5000,-5000
06014P,聯發科富邦97售02,0,0,0,0,0,0,0,0,0,-5000,0,0,0,0,5000,-5000,-5000
05652P,臻鼎群益96售01  ,0,0,0,0,0,0,0,0,0,-5000,0,0,0,95000,100000,-5000,-5000
05678P,群創群益97售01  ,0,0,0,0,0,0,0,0,0,-5000,0,0,0,0,5000,-5000,-5000
05702P,矽創凱基96售02  ,0,0,0,0,0,0,0,0,0,-5000,0,0,0,0,5000,-5000,-5000
05705P,上証2X永豐96售03,0,0,0,0,0,0,0,0,0,-5000,0,0,0,0,5000,-5000,-5000
05601P,鴻海元大97售04  ,0,0,0,0,0,0,0,0,0,-5000,0,0,0,46000,51000,-5000,-5000
05904P,大立光統一96售07,0,0,0,0,0,0,0,0,0,-5000,0,0,0,0,5000,-5000,-5000
05908P,大立光元富96售05,0,0,0,0,0,0,0,0,0,-5000,0,0,0,0,5000,-5000,-5000
05910P,力山永豐96售02  ,0,0,0,0,0,0,0,0,0,-5000,0,0,0,0,5000,-5000,-5000
05918P,大立光元大96售11,0,0,0,0,0,0,0,0,0,-5000,0,0,0,0,5000,-5000,-5000
05846P,大立光元大96售07,0,0,0,0,0,0,0,0,0,-5000,0,0,0,131000,136000,-5000,-5000
05787P,臺股指永昌96售04,0,0,0,0,0,0,0,0,0,-5000,0,0,0,0,5000,-5000,-5000
05788P,臺股指永昌96售05,0,0,0,0,0,0,0,0,0,-5000,0,0,0,0,5000,-5000,-5000
055117,臻鼎凱基98購02  ,0,0,0,0,0,0,0,0,0,-5000,0,0,0,0,5000,-5000,-5000
054988,凱美元富97購02  ,0,0,0,0,0,0,0,0,0,-5000,0,0,0,5000,10000,-5000,-5000
4930,燦星網          ,4000,9000,-5000,0,0,0,0,0,0,0,0,0,0,0,0,0,-5000
3535,晶彩科          ,20000,25000,-5000,0,0,0,0,0,0,0,0,0,0,0,0,0,-5000
6189,豐藝            ,14000,19000,-5000,0,0,0,0,0,0,0,1000,1000,0,0,0,0,-5000
5531,鄉林            ,22000,31000,-9000,0,0,0,0,0,0,4000,4000,0,4000,0,0,0,-5000
911622,泰聚亨-DR       ,0,5000,-5000,0,0,0,0,0,0,0,0,0,0,0,0,0,-5000
05313P,臺股指群益95售12,0,0,0,0,0,0,0,0,0,-6000,0,0,0,6000,12000,-6000,-6000
053523,T50反1中信9A購01,0,0,0,0,0,0,0,0,0,-6000,0,0,0,0,6000,-6000,-6000
053622,臺股指群益96購08,0,0,0,0,0,0,0,0,0,-6000,0,0,0,4000,10000,-6000,-6000
053591,大立光元大99購03,0,0,0,0,0,0,0,0,0,-6000,0,0,0,25000,31000,-6000,-6000
052337,臺股指日盛95購02,0,0,0,0,0,0,0,0,0,-6000,0,0,0,0,6000,-6000,-6000
054232,台積電群益96購12,0,0,0,0,0,0,0,0,0,-6000,0,0,0,0,6000,-6000,-6000
054277,亞光群益97購01  ,0,0,0,0,0,0,0,0,0,-6000,0,0,0,33000,39000,-6000,-6000
054299,南電元大96購03  ,0,0,0,0,0,0,0,0,0,-6000,0,0,0,20000,26000,-6000,-6000
054558,劍麟群益99購01  ,0,0,0,0,0,0,0,0,0,-6000,0,0,0,5000,11000,-6000,-6000
054565,玉晶光群益99購02,0,0,0,0,0,0,0,0,0,-6000,0,0,0,12000,18000,-6000,-6000
05461P,台積電亞東97售01,0,0,0,0,0,0,0,0,0,-6000,0,0,0,0,6000,-6000,-6000
04054P,滬深2X富邦96售02,0,0,0,0,0,0,0,0,0,-6000,0,0,0,0,6000,-6000,-6000
03701P,祥碩元大93售01  ,0,0,0,0,0,0,0,0,0,-6000,0,0,0,4000,10000,-6000,-6000
044800,華邦電凱基93購02,0,0,0,0,0,0,0,0,0,-6000,0,0,0,10000,16000,-6000,-6000
044839,同欣電元大91購02,0,0,0,0,0,0,0,0,0,-6000,0,0,0,24000,30000,-6000,-6000
044819,新日興兆豐93購02,0,0,0,0,0,0,0,0,0,-6000,0,0,0,0,6000,-6000,-6000
043920,瑞儀凱基93購01  ,0,0,0,0,0,0,0,0,0,-6000,0,0,0,0,6000,-6000,-6000
042801,達邁元大93購01  ,0,0,0,0,0,0,0,0,0,-6000,0,0,0,18000,24000,-6000,-6000
045089,中磊元大94購01  ,0,0,0,0,0,0,0,0,0,-6000,0,0,0,0,6000,-6000,-6000
044115,旺宏日盛91購01  ,0,0,0,0,0,0,0,0,0,-6000,0,0,0,0,6000,-6000,-6000
045371,元石油元大95購01,0,0,0,0,0,0,0,0,0,-6000,0,0,0,6000,12000,-6000,-6000
045429,復盛凱基92購01  ,0,0,0,0,0,0,0,0,0,-6000,0,0,0,20000,26000,-6000,-6000
045213,A50正2元大95購01,0,0,0,0,0,0,0,0,0,-6000,0,0,0,0,6000,-6000,-6000
044692,鈺齊凱基91購01  ,0,0,0,0,0,0,0,0,0,-6000,0,0,0,11000,17000,-6000,-6000
046516,TPK元大92購03   ,0,0,0,0,0,0,0,0,0,-6000,0,0,0,0,6000,-6000,-6000
048007,明基材元大96購01,0,0,0,0,0,0,0,0,0,-6000,0,0,0,114000,120000,-6000,-6000
048159,聯詠兆豐93購03  ,0,0,0,0,0,0,0,0,0,-6000,0,0,0,102000,108000,-6000,-6000
04864P,欣興元大94售10  ,0,0,0,0,0,0,0,0,0,-6000,0,0,0,0,6000,-6000,-6000
046758,聯發科凱基93購05,0,0,0,0,0,0,0,0,0,-6000,0,0,0,1000,7000,-6000,-6000
046465,GIS凱基95購01   ,0,0,0,0,0,0,0,0,0,-6000,0,0,0,0,6000,-6000,-6000
048874,玉晶光國票96購01,0,0,0,0,0,0,0,0,0,-6000,0,0,0,30000,36000,-6000,-6000
047153,聯發科國票93購02,0,0,0,0,0,0,0,0,0,-6000,0,0,0,4000,10000,-6000,-6000
049390,元油2X中信96購01,0,0,0,0,0,0,0,0,0,-6000,0,0,0,0,6000,-6000,-6000
048996,中環第一94購01  ,0,0,0,0,0,0,0,0,0,-6000,0,0,0,0,6000,-6000,-6000
049044,和碩兆豐94購01  ,0,0,0,0,0,0,0,0,0,-6000,0,0,0,0,6000,-6000,-6000
049086,晶相光凱基94購01,0,0,0,0,0,0,0,0,0,-6000,0,0,0,145000,151000,-6000,-6000
051917,瑞儀元大95購01  ,0,0,0,0,0,0,0,0,0,-6000,0,0,0,4000,10000,-6000,-6000
051794,臻鼎國票96購02  ,0,0,0,0,0,0,0,0,0,-6000,0,0,0,194000,200000,-6000,-6000
052047,建準凱基96購01  ,0,0,0,0,0,0,0,0,0,-6000,0,0,0,0,6000,-6000,-6000
052059,臺股指凱基95購17,0,0,0,0,0,0,0,0,0,-6000,0,0,0,0,6000,-6000,-6000
051597,T50反1中信99購02,0,0,0,0,0,0,0,0,0,-6000,0,0,0,0,6000,-6000,-6000
051083,A50正2元大98購01,0,0,0,0,0,0,0,0,0,-6000,0,0,0,5000,11000,-6000,-6000
050961,美律永豐95購01  ,0,0,0,0,0,0,0,0,0,-6000,0,0,0,20000,26000,-6000,-6000
049828,華新科凱基94購06,0,0,0,0,0,0,0,0,0,-6000,0,0,0,112000,118000,-6000,-6000
049929,祥碩元大94購03  ,0,0,0,0,0,0,0,0,0,-6000,0,0,0,12000,18000,-6000,-6000
049680,臺股指國票94購13,0,0,0,0,0,0,0,0,0,-6000,0,0,0,1000,7000,-6000,-6000
049670,鈺齊國泰96購01  ,0,0,0,0,0,0,0,0,0,-6000,0,0,0,59000,65000,-6000,-6000
050016,緯穎富邦95購01  ,0,0,0,0,0,0,0,0,0,-6000,0,0,0,163000,169000,-6000,-6000
050313,大立光兆豐94購05,0,0,0,0,0,0,0,0,0,-6000,0,0,0,1000,7000,-6000,-6000
3257,虹冠電          ,0,7000,-7000,0,0,0,0,0,0,1000,1000,0,1000,0,0,0,-6000
3130,一零四          ,0,6000,-6000,0,0,0,0,0,0,0,0,0,0,0,0,0,-6000
4148,全宇生技-KY     ,3000,9000,-6000,0,0,0,0,0,0,0,0,0,0,0,0,0,-6000
054907,帆宣康和97購01  ,0,0,0,0,0,0,0,0,0,-6000,0,0,0,0,6000,-6000,-6000
054965,健策元大98購04  ,0,0,0,0,0,0,0,0,0,-6000,0,0,0,326000,332000,-6000,-6000
055184,群創統一98購02  ,0,0,0,0,0,0,0,0,0,-6000,0,0,0,170000,176000,-6000,-6000
05738P,臺股指統一97售01,0,0,0,0,0,0,0,0,0,-6000,0,0,0,0,6000,-6000,-6000
05626P,景碩國票97售03  ,0,0,0,0,0,0,0,0,0,-6000,0,0,0,0,6000,-6000,-6000
06134P,緯穎元富97售03  ,0,0,0,0,0,0,0,0,0,-6000,0,0,0,0,6000,-6000,-6000
3045,台灣大          ,2108145,2279000,-170855,0,0,0,33000,0,33000,131000,133000,2000,131000,0,0,0,-6855
054629,華新科凱基98購01,0,0,0,0,0,0,0,0,0,-7000,0,0,0,4000,11000,-7000,-7000
054326,宏達電台新97購02,0,0,0,0,0,0,0,0,0,-7000,0,0,0,0,7000,-7000,-7000
054406,旺宏國票98購01  ,0,0,0,0,0,0,0,0,0,-7000,0,0,0,0,7000,-7000,-7000
054042,華泰元大96購01  ,0,0,0,0,0,0,0,0,0,-7000,0,0,0,93000,100000,-7000,-7000
052377,景碩元大96購02  ,0,0,0,0,0,0,0,0,0,-7000,0,0,0,103000,110000,-7000,-7000
053634,劍麟永豐96購01  ,0,0,0,0,0,0,0,0,0,-7000,0,0,0,207000,214000,-7000,-7000
053136,彩晶國票97購01  ,0,0,0,0,0,0,0,0,0,-7000,0,0,0,16000,23000,-7000,-7000
053300,大成鋼凱基96購02,0,0,0,0,0,0,0,0,0,-7000,0,0,0,0,7000,-7000,-7000
047916,台積電凱基93購22,0,0,0,0,0,0,0,0,0,-7000,0,0,0,27000,34000,-7000,-7000
047654,鴻海兆豐93購01  ,0,0,0,0,0,0,0,0,0,-7000,0,0,0,0,7000,-7000,-7000
047750,開發金元富93購01,0,0,0,0,0,0,0,0,0,-7000,0,0,0,270000,277000,-7000,-7000
044304,臻鼎兆豐93購01  ,0,0,0,0,0,0,0,0,0,-7000,0,0,0,3000,10000,-7000,-7000
044426,欣興國泰93購02  ,0,0,0,0,0,0,0,0,0,-7000,0,0,0,3000,10000,-7000,-7000
045350,大立光凱基93購09,0,0,0,0,0,0,0,0,0,-7000,0,0,0,0,7000,-7000,-7000
045018,矽創元大93購01  ,0,0,0,0,0,0,0,0,0,-7000,0,0,0,0,7000,-7000,-7000
043144,台肥統一93購01  ,0,0,0,0,0,0,0,0,0,-7000,0,0,0,13000,20000,-7000,-7000
041990,A50正2國票97購01,0,0,0,0,0,0,0,0,0,-7000,0,0,0,5000,12000,-7000,-7000
03647P,京元電元富95售02,0,0,0,0,0,0,0,0,0,-7000,0,0,0,3000,10000,-7000,-7000
047202,欣興元富96購01  ,0,0,0,0,0,0,0,0,0,-7000,0,0,0,0,7000,-7000,-7000
046976,國巨永豐93購02  ,0,0,0,0,0,0,0,0,0,-7000,0,0,0,0,7000,-7000,-7000
046737,鴻海群益93購04  ,0,0,0,0,0,0,0,0,0,-7000,0,0,0,53000,60000,-7000,-7000
048735,美利達麥證95購01,0,0,0,4000,10000,-6000,0,0,0,-7000,0,0,0,4000,11000,-7000,-7000
050179,全新元大96購02  ,0,0,0,0,0,0,0,0,0,-7000,0,0,0,210000,217000,-7000,-7000
04981P,華新科亞東94售01,0,0,0,0,0,0,0,0,0,-7000,0,0,0,0,7000,-7000,-7000
050740,旺宏永豐94購03  ,0,0,0,0,0,0,0,0,0,-7000,0,0,0,142000,149000,-7000,-7000
050624,鈺齊元大94購01  ,0,0,0,0,0,0,0,0,0,-7000,0,0,0,56000,63000,-7000,-7000
051072,強茂國票95購02  ,0,0,0,0,0,0,0,0,0,-7000,0,0,0,7000,14000,-7000,-7000
051655,欣興元富95購04  ,0,0,0,0,0,0,0,0,0,-7000,0,0,0,0,7000,-7000,-7000
051463,世芯國泰97購02  ,0,0,0,0,0,0,0,0,0,-7000,0,0,0,73000,80000,-7000,-7000
052072,健策統一95購02  ,0,0,0,0,0,0,0,0,0,-7000,0,0,0,261000,268000,-7000,-7000
052191,超眾群益96購01  ,0,0,0,0,0,0,0,0,0,-7000,0,0,0,12000,19000,-7000,-7000
4961,天鈺            ,32000,39000,-7000,0,0,0,0,0,0,0,0,0,0,3000,3000,0,-7000
1232,大統益          ,0,7000,-7000,0,0,0,0,0,0,0,0,0,0,0,0,0,-7000
1307,三芳            ,2000,9000,-7000,0,0,0,0,0,0,0,0,0,0,0,0,0,-7000
05967P,臺股指麥證96售02,0,0,0,80000,87000,-7000,0,0,0,-7000,0,0,0,80000,87000,-7000,-7000
2438,翔耀            ,0,0,0,0,0,0,0,0,0,-7000,0,7000,-7000,0,0,0,-7000
1786,科妍            ,10000,17000,-7000,0,0,0,0,0,0,0,2000,2000,0,0,0,0,-7000
1723,中碳            ,13000,20000,-7000,0,0,0,0,0,0,0,0,0,0,0,0,0,-7000
05555P,健策群益98售01  ,0,0,0,0,0,0,0,0,0,-7000,0,0,0,0,7000,-7000,-7000
05913P,國巨元大96售11  ,0,0,0,0,0,0,0,0,0,-7000,0,0,0,233000,240000,-7000,-7000
054892,彩晶統一99購01  ,0,0,0,0,0,0,0,0,0,-7000,0,0,0,3000,10000,-7000,-7000
053023,泰鼎國泰97購01  ,0,0,0,0,0,0,0,0,0,-8000,0,0,0,42000,50000,-8000,-8000
053349,台郡國票97購02  ,0,0,0,0,0,0,0,0,0,-8000,0,0,0,0,8000,-8000,-8000
052580,高鐵元富96購01  ,0,0,0,0,0,0,0,0,0,-8000,0,0,0,0,8000,-8000,-8000
052522,聯發科元大96購05,0,0,0,0,0,0,0,0,0,-8000,0,0,0,73000,81000,-8000,-8000
052533,聯發科國泰96購03,0,0,0,0,0,0,0,0,0,-8000,0,0,0,113000,121000,-8000,-8000
052601,大成鋼元大96購01,0,0,0,0,0,0,0,0,0,-8000,0,0,0,8000,16000,-8000,-8000
053985,矽創元大96購02  ,0,0,0,0,0,0,0,0,0,-8000,0,0,0,6000,14000,-8000,-8000
053792,百和元大96購01  ,0,0,0,0,0,0,0,0,0,-8000,0,0,0,10000,18000,-8000,-8000
054309,禾伸堂凱基98購01,0,0,0,0,0,0,0,0,0,-8000,0,0,0,2000,10000,-8000,-8000
054339,聯詠統一96購02  ,0,0,0,0,0,0,0,0,0,-8000,0,0,0,129000,137000,-8000,-8000
054528,台光電統一96購02,0,0,0,0,0,0,0,0,0,-8000,0,0,0,178000,186000,-8000,-8000
054475,鴻海中信96購04  ,0,0,0,0,0,0,0,0,0,-8000,0,0,0,0,8000,-8000,-8000
054777,昇陽半國票98購01,0,0,0,0,0,0,0,0,0,-8000,0,0,0,0,8000,-8000,-8000
03642C,臺股指元大94牛27,0,0,0,0,0,0,0,0,0,-8000,0,0,0,0,8000,-8000,-8000
03364P,金像電元大02售05,0,0,0,0,0,0,0,0,0,-8000,0,0,0,40000,48000,-8000,-8000
03398P,瑞昱中信06售03  ,0,0,0,0,0,0,0,0,0,-8000,0,0,0,0,8000,-8000,-8000
00702,國泰標普低波高息,0,0,0,0,0,0,0,0,0,-8000,0,0,0,4000,12000,-8000,-8000
045687,達興元大92購02  ,0,0,0,0,0,0,0,0,0,-8000,0,0,0,0,8000,-8000,-8000
045672,台積電元大92購15,0,0,0,0,0,0,0,0,0,-8000,0,0,0,0,8000,-8000,-8000
042930,大立光中信94購01,0,0,0,0,0,0,0,0,0,-8000,0,0,0,2000,10000,-8000,-8000
042902,光寶科元大94購01,0,0,0,0,0,0,0,0,0,-8000,0,0,0,3000,11000,-8000,-8000
044123,旺宏凱基91購06  ,0,0,0,0,0,0,0,0,0,-8000,0,0,0,2000,10000,-8000,-8000
04801P,矽力元大94售02  ,0,0,0,0,0,0,0,0,0,-8000,0,0,0,4000,12000,-8000,-8000
048575,旺宏國泰94購04  ,0,0,0,0,0,0,0,0,0,-8000,0,0,0,20000,28000,-8000,-8000
048780,臺股指凱基94購03,0,0,0,0,0,0,0,0,0,-8000,0,0,0,0,8000,-8000,-8000
048794,易華電元大97購01,0,0,0,0,0,0,0,0,0,-8000,0,0,0,0,8000,-8000,-8000
046241,聯發科中信94購02,0,0,0,0,0,0,0,0,0,-8000,0,0,0,162000,170000,-8000,-8000
048648,祥碩元大93購03  ,0,0,0,0,0,0,0,0,0,-8000,0,0,0,4000,12000,-8000,-8000
047284,華通統一93購03  ,0,0,0,0,0,0,0,0,0,-8000,0,0,0,40000,48000,-8000,-8000
047180,台積電元大93購18,0,0,0,0,0,0,0,0,0,-8000,0,0,0,0,8000,-8000,-8000
049165,元油2X凱基97購01,0,0,0,0,0,0,0,0,0,-8000,0,0,0,0,8000,-8000,-8000
049240,華通元富94購01  ,0,0,0,0,0,0,0,0,0,-8000,0,0,0,162000,170000,-8000,-8000
049066,元石油凱基97購01,0,0,0,0,0,0,0,0,0,-8000,0,0,0,10000,18000,-8000,-8000
049335,聯電統一97購01  ,0,0,0,0,0,0,0,0,0,-8000,0,0,0,0,8000,-8000,-8000
049521,致伸國票95購01  ,0,0,0,0,0,0,0,0,0,-8000,0,0,0,0,8000,-8000,-8000
051939,同欣電群益97購01,0,0,0,0,0,0,0,0,0,-8000,0,0,0,121000,129000,-8000,-8000
051888,國巨元富95購05  ,0,0,0,0,0,0,0,0,0,-8000,0,0,0,1420000,1428000,-8000,-8000
051481,聯詠凱基95購02  ,0,0,0,0,0,0,0,0,0,-8000,0,0,0,15000,23000,-8000,-8000
051452,貿聯元大95購04  ,0,0,0,0,0,0,0,0,0,-8000,0,0,0,34000,42000,-8000,-8000
051573,鴻海元大95購15  ,0,0,0,0,0,0,0,0,0,-8000,0,0,0,125000,133000,-8000,-8000
05104P,智邦台新95售02  ,0,0,0,0,0,0,0,0,0,-8000,0,0,0,0,8000,-8000,-8000
051281,健策兆豐96購01  ,0,0,0,0,0,0,0,0,0,-8000,0,0,0,23000,31000,-8000,-8000
050527,嘉聯益元大96購01,0,0,0,0,0,0,0,0,0,-8000,0,0,0,2000,10000,-8000,-8000
050334,鴻海國泰96購07  ,0,0,0,0,0,0,0,0,0,-8000,0,0,0,40000,48000,-8000,-8000
049918,宏達電元大94購01,0,0,0,0,0,0,0,0,0,-8000,0,0,0,0,8000,-8000,-8000
049653,緯穎凱基94購03  ,0,0,0,0,0,0,0,0,0,-8000,0,0,0,79000,87000,-8000,-8000
049635,臺股指群益94購08,0,0,0,0,0,0,0,0,0,-8000,0,0,0,2000,10000,-8000,-8000
050182,淘帝元大94購01  ,0,0,0,0,0,0,0,0,0,-8000,0,0,0,0,8000,-8000,-8000
049996,元油2X永豐94購05,0,0,0,0,0,0,0,0,0,-8000,0,0,0,0,8000,-8000,-8000
050029,美食元大94購04  ,0,0,0,0,0,0,0,0,0,-8000,0,0,0,3000,11000,-8000,-8000
05794P,華邦電群益96售04,0,0,0,0,0,0,0,0,0,-8000,0,0,0,0,8000,-8000,-8000
06037P,超眾國票98售02  ,0,0,0,0,0,0,0,0,0,-8000,0,0,0,15000,23000,-8000,-8000
06057P,大立光凱基98售01,0,0,0,0,0,0,0,0,0,-8000,0,0,0,2000,10000,-8000,-8000
06100P,台積電日盛97售03,0,0,0,0,0,0,0,0,0,-8000,0,0,0,200000,208000,-8000,-8000
1339,昭輝            ,74000,82000,-8000,0,0,0,0,0,0,0,0,0,0,0,0,0,-8000
06173P,華通元大97售02  ,0,0,0,0,0,0,0,0,0,-8000,0,0,0,0,8000,-8000,-8000
5525,順天            ,26000,34000,-8000,0,0,0,0,0,0,0,0,0,0,0,0,0,-8000
6573,虹揚-KY         ,2000,10000,-8000,0,0,0,0,0,0,0,0,0,0,0,0,0,-8000
6605,帝寶            ,2000,10613,-8613,0,0,0,0,0,0,0,0,0,0,0,0,0,-8613
054782,國巨群益97購01  ,0,0,0,0,0,0,0,0,0,-9000,0,0,0,0,9000,-9000,-9000
054457,強茂群益96購01  ,0,0,0,0,0,0,0,0,0,-9000,0,0,0,11000,20000,-9000,-9000
054364,智伸科凱基96購01,0,0,0,0,0,0,0,0,0,-9000,0,0,0,70000,79000,-9000,-9000
053761,健策國泰98購01  ,0,0,0,0,0,0,0,0,0,-9000,0,0,0,1344000,1353000,-9000,-9000
053658,亞光凱基96購01  ,0,0,0,0,0,0,0,0,0,-9000,0,0,0,24000,33000,-9000,-9000
05287P,鴻海元富95售09  ,0,0,0,0,0,0,0,0,0,-9000,0,0,0,21000,30000,-9000,-9000
053126,健策凱基97購02  ,0,0,0,0,0,0,0,0,0,-9000,0,0,0,14000,23000,-9000,-9000
048006,瑞儀元大93購03  ,0,0,0,0,0,0,0,0,0,-9000,0,0,0,1000,10000,-9000,-9000
047752,健鼎元富93購01  ,0,0,0,0,0,0,0,0,0,-9000,0,0,0,0,9000,-9000,-9000
047740,樺漢永豐93購01  ,0,0,0,0,0,0,0,0,0,-9000,0,0,0,10000,19000,-9000,-9000
046079,瑞儀凱基92購03  ,0,0,0,0,0,0,0,0,0,-9000,0,0,0,1000,10000,-9000,-9000
046081,康舒凱基92購01  ,0,0,0,0,0,0,0,0,0,-9000,0,0,0,7000,16000,-9000,-9000
044270,群創中信95購02  ,0,0,0,0,0,0,0,0,0,-9000,0,0,0,164000,173000,-9000,-9000
04537P,新光金統一94售01,0,0,0,0,0,0,0,0,0,-9000,0,0,0,1000,10000,-9000,-9000
045448,宏達電國泰93購02,0,0,0,0,0,0,0,0,0,-9000,0,0,0,51000,60000,-9000,-9000
045503,群創凱基93購09  ,0,0,0,0,0,0,0,0,0,-9000,0,0,0,0,9000,-9000,-9000
03716P,大成鋼永豐93售01,0,0,0,0,0,0,0,0,0,-9000,0,0,0,1000,10000,-9000,-9000
03264P,聯茂國票04售01  ,0,0,0,0,0,0,0,0,0,-9000,0,0,0,1000,10000,-9000,-9000
03425B,臺股指元大9A熊01,0,0,0,0,0,0,0,0,0,-9000,0,0,0,0,9000,-9000,-9000
049096,南茂凱基94購01  ,0,0,0,0,0,0,0,0,0,-9000,0,0,0,0,9000,-9000,-9000
047019,台積電元大93購14,0,0,0,0,0,0,0,0,0,-9000,0,0,0,8000,17000,-9000,-9000
046091,健鼎兆豐92購01  ,0,0,0,0,0,0,0,0,0,-9000,0,0,0,0,9000,-9000,-9000
048294,智原群益93購02  ,0,0,0,0,0,0,0,0,0,-9000,0,0,0,5000,14000,-9000,-9000
048460,盛群凱基94購01  ,0,0,0,0,0,0,0,0,0,-9000,0,0,0,0,9000,-9000,-9000
04844P,京元電亞東94售01,0,0,0,0,0,0,0,0,0,-9000,0,0,0,1000,10000,-9000,-9000
04838P,宏達電元大95售02,0,0,0,0,0,0,0,0,0,-9000,0,0,0,50000,59000,-9000,-9000
046753,台積電凱基93購04,0,0,0,0,0,0,0,0,0,-9000,0,0,0,15000,24000,-9000,-9000
046767,南茂凱基93購03  ,0,0,0,0,0,0,0,0,0,-9000,0,0,0,32000,41000,-9000,-9000
048792,瑞儀元大94購01  ,0,0,0,0,0,0,0,0,0,-9000,0,0,0,1000,10000,-9000,-9000
048813,元黃金凱基94購01,0,0,0,0,0,0,0,0,0,-9000,0,0,0,1000,10000,-9000,-9000
048558,漢唐元大93購06  ,0,0,0,0,0,0,0,0,0,-9000,0,0,0,3000,12000,-9000,-9000
047533,瑞儀元大93購02  ,0,0,0,0,0,0,0,0,0,-9000,0,0,0,1000,10000,-9000,-9000
050126,國巨凱基94購08  ,0,0,0,0,0,0,0,0,0,-9000,0,0,0,26000,35000,-9000,-9000
049928,祥碩元大94購02  ,0,0,0,0,0,0,0,0,0,-9000,0,0,0,1000,10000,-9000,-9000
049926,智易元大95購02  ,0,0,0,0,0,0,0,0,0,-9000,0,0,0,1000,10000,-9000,-9000
050634,華新科群益96購01,0,0,0,0,0,0,0,0,0,-9000,0,0,0,2000,11000,-9000,-9000
050656,瑞儀凱基96購01  ,0,0,0,0,0,0,0,0,0,-9000,0,0,0,1000,10000,-9000,-9000
050728,新日興國票94購01,0,0,0,0,0,0,0,0,0,-9000,0,0,0,57000,66000,-9000,-9000
051230,聯詠群益95購01  ,0,0,0,0,0,0,0,0,0,-9000,0,0,0,96000,105000,-9000,-9000
051100,同欣電元大95購01,0,0,0,0,0,0,0,0,0,-9000,0,0,0,21000,30000,-9000,-9000
051633,可成國票96購03  ,0,0,0,0,0,0,0,0,0,-9000,0,0,0,0,9000,-9000,-9000
051484,玉晶光凱基97購01,0,0,0,0,0,0,0,0,0,-9000,0,0,0,65000,74000,-9000,-9000
051380,禾伸堂群益95購01,0,0,0,0,0,0,0,0,0,-9000,0,0,0,137000,146000,-9000,-9000
051823,矽力元富95購02  ,0,0,0,0,0,0,0,0,0,-9000,0,0,0,75000,84000,-9000,-9000
051674,臻鼎元大95購02  ,0,0,0,0,0,0,0,0,0,-9000,0,0,0,222000,231000,-9000,-9000
051675,瑞儀元大96購02  ,0,0,0,0,0,0,0,0,0,-9000,0,0,0,1000,10000,-9000,-9000
052085,聯電元大95購01  ,0,0,0,0,0,0,0,0,0,-9000,0,0,0,52000,61000,-9000,-9000
052269,T50反1日盛9B購01,0,0,0,0,0,0,0,0,0,-9000,0,0,0,0,9000,-9000,-9000
8422,可寧衛          ,8000,21000,-13000,0,0,0,4000,0,4000,0,0,0,0,0,0,0,-9000
9930,中聯資源        ,5000,14000,-9000,0,0,0,0,0,0,0,0,0,0,0,0,0,-9000
06124P,超眾元大97售03  ,0,0,0,0,0,0,0,0,0,-9000,0,0,0,132000,141000,-9000,-9000
06105P,國巨國票98售02  ,0,0,0,0,0,0,0,0,0,-9000,0,0,0,5000,14000,-9000,-9000
1720,生達            ,9000,18000,-9000,0,0,0,0,0,0,0,0,0,0,0,0,0,-9000
1616,億泰            ,0,9000,-9000,0,0,0,0,0,0,0,0,0,0,0,0,0,-9000
2530,華建            ,2000,11000,-9000,0,0,0,0,0,0,0,0,0,0,0,0,0,-9000
05552P,聯詠群益96售01  ,0,0,0,0,0,0,0,0,0,-9000,0,0,0,0,9000,-9000,-9000
05571P,大立光統一96售03,0,0,0,0,0,0,0,0,0,-9000,0,0,0,0,9000,-9000,-9000
05311P,臺股指群益95售10,0,0,0,0,0,0,0,0,0,-10000,0,0,0,0,10000,-10000,-10000
053088,奇鋐元大98購01  ,0,0,0,0,0,0,0,0,0,-10000,0,0,0,0,10000,-10000,-10000
053092,台表科元大97購02,0,0,0,0,0,0,0,0,0,-10000,0,0,0,0,10000,-10000,-10000
053301,華通凱基96購04  ,0,0,0,0,0,0,0,0,0,-10000,0,0,0,0,10000,-10000,-10000
053298,SP黃豆凱基99購01,0,0,0,0,0,0,0,0,0,-10000,0,0,0,0,10000,-10000,-10000
053275,燿華元大97購01  ,0,0,0,0,0,0,0,0,0,-10000,0,0,0,45000,55000,-10000,-10000
053229,南電台新97購01  ,0,0,0,0,0,0,0,0,0,-10000,0,0,0,0,10000,-10000,-10000
053160,台表科元大96購03,0,0,0,0,0,0,0,0,0,-10000,0,0,0,0,10000,-10000,-10000
053177,華邦電統一96購01,0,0,0,0,0,0,0,0,0,-10000,0,0,0,72000,82000,-10000,-10000
053335,易華電永豐96購01,0,0,0,0,0,0,0,0,0,-10000,0,0,0,0,10000,-10000,-10000
053434,國泰金日盛96購01,0,0,0,0,0,0,0,0,0,-10000,0,0,0,0,10000,-10000,-10000
053442,光罩凱基96購01  ,0,0,0,0,0,0,0,0,0,-10000,0,0,0,1000,11000,-10000,-10000
05347P,滬深2X元富9B售02,0,0,0,0,0,0,0,0,0,-10000,0,0,0,0,10000,-10000,-10000
052782,超眾國票96購02  ,0,0,0,0,0,0,0,0,0,-10000,0,0,0,0,10000,-10000,-10000
052773,大成鋼亞東97購01,0,0,0,0,0,0,0,0,0,-10000,0,0,0,0,10000,-10000,-10000
05259P,臺股指凱基96售12,0,0,0,0,0,0,0,0,0,-10000,0,0,0,0,10000,-10000,-10000
052503,大成鋼日盛95購02,0,0,0,0,0,0,0,0,0,-10000,0,0,0,0,10000,-10000,-10000
053720,宏達電凱基97購01,0,0,0,0,0,0,0,0,0,-10000,0,0,0,0,10000,-10000,-10000
053752,超眾永豐96購02  ,0,0,0,0,0,0,0,0,0,-10000,0,0,0,0,10000,-10000,-10000
053727,麗豐凱基97購01  ,0,0,0,0,0,0,0,0,0,-10000,0,0,0,0,10000,-10000,-10000
053808,大成鋼群益97購01,0,0,0,0,0,0,0,0,0,-10000,0,0,0,0,10000,-10000,-10000
053798,台積電中信98購02,0,0,0,0,0,0,0,0,0,-10000,0,0,0,30000,40000,-10000,-10000
053891,欣興群益98購01  ,0,0,0,0,0,0,0,0,0,-10000,0,0,0,50000,60000,-10000,-10000
053874,台表科元大96購05,0,0,0,0,0,0,0,0,0,-10000,0,0,0,0,10000,-10000,-10000
053826,光磊麥證97購01  ,0,0,0,0,10000,-10000,0,0,0,-10000,0,0,0,0,10000,-10000,-10000
054108,台積電凱基96購22,0,0,0,0,0,0,0,0,0,-10000,0,0,0,0,10000,-10000,-10000
054273,宏達電中信98購01,0,0,0,0,0,0,0,0,0,-10000,0,0,0,38000,48000,-10000,-10000
054225,華新元富96購01  ,0,0,0,0,0,0,0,0,0,-10000,0,0,0,10000,20000,-10000,-10000
054248,燿華元大97購02  ,0,0,0,0,0,0,0,0,0,-10000,0,0,0,50000,60000,-10000,-10000
054188,欣興永豐96購03  ,0,0,0,0,0,0,0,0,0,-10000,0,0,0,0,10000,-10000,-10000
054170,泰鼎凱基98購01  ,0,0,0,0,0,0,0,0,0,-10000,0,0,0,0,10000,-10000,-10000
05433P,智原元富95售02  ,0,0,0,0,0,0,0,0,0,-10000,0,0,0,10000,20000,-10000,-10000
054298,台表科元大97購03,0,0,0,0,0,0,0,0,0,-10000,0,0,0,0,10000,-10000,-10000
054327,亞光台新96購02  ,0,0,0,0,0,0,0,0,0,-10000,0,0,0,0,10000,-10000,-10000
054408,義隆國票98購01  ,0,0,0,0,0,0,0,0,0,-10000,0,0,0,0,10000,-10000,-10000
054422,T50反1富邦9A購01,0,0,0,0,0,0,0,0,0,-10000,0,0,0,0,10000,-10000,-10000
054383,傳奇群益97購01  ,0,0,0,0,0,0,0,0,0,-10000,0,0,0,10000,20000,-10000,-10000
054367,鴻海中信98購03  ,0,0,0,0,0,0,0,0,0,-10000,0,0,0,0,10000,-10000,-10000
054491,瀚宇博台新96購02,0,0,0,0,0,0,0,0,0,-10000,0,0,0,0,10000,-10000,-10000
054478,可成中信97購01  ,0,0,0,0,0,0,0,0,0,-10000,0,0,0,50000,60000,-10000,-10000
054529,T50反1國泰97購02,0,0,0,0,0,0,0,0,0,-10000,0,0,0,0,10000,-10000,-10000
05452P,亞德客群益95售02,0,0,0,0,0,0,0,0,0,-10000,0,0,0,0,10000,-10000,-10000
054553,宏達電凱基99購01,0,0,0,0,0,0,0,0,0,-10000,0,0,0,0,10000,-10000,-10000
054792,揚明光群益97購01,0,0,0,0,0,0,0,0,0,-10000,0,0,0,0,10000,-10000,-10000
05487P,台表科凱基95售02,0,0,0,0,0,0,0,0,0,-10000,0,0,0,0,10000,-10000,-10000
054651,台化麥證97購01  ,0,0,0,0,10000,-10000,0,0,0,-10000,0,0,0,0,10000,-10000,-10000
054664,台表科元大97購04,0,0,0,0,0,0,0,0,0,-10000,0,0,0,0,10000,-10000,-10000
054667,神基元富97購01  ,0,0,0,0,0,0,0,0,0,-10000,0,0,0,0,10000,-10000,-10000
054747,麗豐凱基98購01  ,0,0,0,0,0,0,0,0,0,-10000,0,0,0,0,10000,-10000,-10000
05471P,聯電統一95售01  ,0,0,0,0,0,0,0,0,0,-10000,0,0,0,0,10000,-10000,-10000
03416P,聯電台新02售02  ,0,0,0,0,0,0,0,0,0,-10000,0,0,0,0,10000,-10000,-10000
03597P,玉晶光凱基03售12,0,0,0,0,0,0,0,0,0,-10000,0,0,0,0,10000,-10000,-10000
03603P,群創凱基98售04  ,0,0,0,0,0,0,0,0,0,-10000,0,0,0,0,10000,-10000,-10000
03690P,亞德客永豐93售01,0,0,0,0,0,0,0,0,0,-10000,0,0,0,0,10000,-10000,-10000
043474,創意元大92購01  ,0,0,0,0,0,0,0,0,0,-10000,0,0,0,84000,94000,-10000,-10000
043748,漢唐元大93購01  ,0,0,0,0,0,0,0,0,0,-10000,0,0,0,18000,28000,-10000,-10000
043758,創意元大92購03  ,0,0,0,0,0,0,0,0,0,-10000,0,0,0,0,10000,-10000,-10000
04362P,聯詠統一94售01  ,0,0,0,0,0,0,0,0,0,-10000,0,0,0,0,10000,-10000,-10000
03185P,台積電元大01售49,0,0,0,0,0,0,0,0,0,-10000,0,0,0,0,10000,-10000,-10000
03271P,台積電群益02售06,0,0,0,0,0,0,0,0,0,-10000,0,0,0,10000,20000,-10000,-10000
03092P,臺股指元大01售21,0,0,0,0,0,0,0,0,0,-10000,0,0,0,0,10000,-10000,-10000
03181P,台灣50元大01售40,0,0,0,0,0,0,0,0,0,-10000,0,0,0,0,10000,-10000,-10000
03879P,智邦永豐93售01  ,0,0,0,0,0,0,0,0,0,-10000,0,0,0,0,10000,-10000,-10000
03847P,大立光元大93售18,0,0,0,0,0,0,0,0,0,-10000,0,0,0,0,10000,-10000,-10000
03832P,臺股指中信95售03,0,0,0,0,0,0,0,0,0,-10000,0,0,0,0,10000,-10000,-10000
03016P,滬深2X群益01售09,0,0,0,0,0,0,0,0,0,-10000,0,0,0,0,10000,-10000,-10000
00683L,元大美元指數正2 ,0,0,0,0,0,0,0,0,0,-10000,0,0,0,40000,50000,-10000,-10000
04290P,滬深2X富邦96售03,0,0,0,0,0,0,0,0,0,-10000,0,0,0,0,10000,-10000,-10000
042761,全新元大91購02  ,0,0,0,0,0,0,0,0,0,-10000,0,0,0,0,10000,-10000,-10000
042480,創意元大91購02  ,0,0,0,0,0,0,0,0,0,-10000,0,0,0,0,10000,-10000,-10000
042425,台郡元大91購01  ,0,0,0,0,0,0,0,0,0,-10000,0,0,0,0,10000,-10000,-10000
043918,日月光凱基91購02,0,0,0,0,0,0,0,0,0,-10000,0,0,0,10000,20000,-10000,-10000
043892,矽創元大92購01  ,0,0,0,0,0,0,0,0,0,-10000,0,0,0,0,10000,-10000,-10000
043888,台郡元大91購03  ,0,0,0,0,0,0,0,0,0,-10000,0,0,0,0,10000,-10000,-10000
04172P,大立光凱基93售34,0,0,0,0,0,0,0,0,0,-10000,0,0,0,0,10000,-10000,-10000
043996,台表科元大91購03,0,0,0,0,0,0,0,0,0,-10000,0,0,0,0,10000,-10000,-10000
04223P,友達統一93售05  ,0,0,0,0,0,0,0,0,0,-10000,0,0,0,0,10000,-10000,-10000
045668,奇力新元富92購01,0,0,0,0,0,0,0,0,0,-10000,0,0,0,0,10000,-10000,-10000
045698,致伸兆豐93購01  ,0,0,0,0,0,0,0,0,0,-10000,0,0,0,0,10000,-10000,-10000
045686,臻鼎元大92購02  ,0,0,0,0,0,0,0,0,0,-10000,0,0,0,0,10000,-10000,-10000
045714,台積電凱基92購13,0,0,0,0,0,0,0,0,0,-10000,0,0,0,0,10000,-10000,-10000
044858,儒鴻亞東93購01  ,0,0,0,0,0,0,0,0,0,-10000,0,0,0,0,10000,-10000,-10000
045772,台光電元大93購01,0,0,0,0,0,0,0,0,0,-10000,0,0,0,7000,17000,-10000,-10000
045739,宏達電群益92購02,0,0,0,0,0,0,0,0,0,-10000,0,0,0,0,10000,-10000,-10000
045821,聯詠凱基92購06  ,0,0,0,0,0,0,0,0,0,-10000,0,0,0,21000,31000,-10000,-10000
04200P,奇力新群益93售07,0,0,0,0,0,0,0,0,0,-10000,0,0,0,0,10000,-10000,-10000
041956,聯發科富邦91購01,0,0,0,0,0,0,0,0,0,-10000,0,0,0,0,10000,-10000,-10000
04216P,燿華國票93售02  ,0,0,0,0,0,0,0,0,0,-10000,0,0,0,20000,30000,-10000,-10000
043324,緯穎統一93購01  ,0,0,0,0,0,0,0,0,0,-10000,0,0,0,0,10000,-10000,-10000
044798,鴻海凱基93購09  ,0,0,0,0,0,0,0,0,0,-10000,0,0,0,0,10000,-10000,-10000
044724,亞光永豐91購01  ,0,0,0,0,0,0,0,0,0,-10000,0,0,0,0,10000,-10000,-10000
045500,聯發科凱基93購04,0,0,0,0,0,0,0,0,0,-10000,0,0,0,0,10000,-10000,-10000
045470,康控元大94購03  ,0,0,0,0,0,0,0,0,0,-10000,0,0,0,0,10000,-10000,-10000
045493,台肥凱基92購01  ,0,0,0,0,0,0,0,0,0,-10000,0,0,0,0,10000,-10000,-10000
045376,友訊元大93購01  ,0,0,0,0,0,0,0,0,0,-10000,0,0,0,0,10000,-10000,-10000
045358,嘉聯益凱基92購01,0,0,0,0,0,0,0,0,0,-10000,0,0,0,0,10000,-10000,-10000
045318,鴻海統一92購03  ,0,0,0,0,0,0,0,0,0,-10000,0,0,0,0,10000,-10000,-10000
045442,南亞科元富92購02,0,0,0,0,0,0,0,0,0,-10000,0,0,0,0,10000,-10000,-10000
04543P,鴻海富邦95售03  ,0,0,0,0,0,0,0,0,0,-10000,0,0,0,0,10000,-10000,-10000
045220,漢唐元大94購01  ,0,0,0,0,0,0,0,0,0,-10000,0,0,0,0,10000,-10000,-10000
045221,美律元大92購07  ,0,0,0,0,0,0,0,0,0,-10000,0,0,0,0,10000,-10000,-10000
045218,華邦電元大92購03,0,0,0,0,0,0,0,0,0,-10000,0,0,0,0,10000,-10000,-10000
045262,華固凱基92購01  ,0,0,0,0,0,0,0,0,0,-10000,0,0,0,0,10000,-10000,-10000
045263,高鐵凱基92購01  ,0,0,0,0,0,0,0,0,0,-10000,0,0,0,0,10000,-10000,-10000
045264,嘉晶凱基92購01  ,0,0,0,0,0,0,0,0,0,-10000,0,0,0,10000,20000,-10000,-10000
045626,上銀凱基93購05  ,0,0,0,0,0,0,0,0,0,-10000,0,0,0,0,10000,-10000,-10000
045848,光磊永豐92購01  ,0,0,0,0,0,0,0,0,0,-10000,0,0,0,0,10000,-10000,-10000
045886,華邦電元大92購04,0,0,0,0,0,0,0,0,0,-10000,0,0,0,0,10000,-10000,-10000
04412P,欣興元富94售01  ,0,0,0,0,0,0,0,0,0,-10000,0,0,0,0,10000,-10000,-10000
044130,嘉澤凱基91購03  ,0,0,0,0,0,0,0,0,0,-10000,0,0,0,0,10000,-10000,-10000
044168,嘉澤元大91購01  ,0,0,0,0,0,0,0,0,0,-10000,0,0,0,0,10000,-10000,-10000
046021,台泥元大92購01  ,0,0,0,0,0,0,0,0,0,-10000,0,0,0,0,10000,-10000,-10000
045121,康控元大93購03  ,0,0,0,0,0,0,0,0,0,-10000,0,0,0,69000,79000,-10000,-10000
046057,致伸群益92購01  ,0,0,0,0,0,0,0,0,0,-10000,0,0,0,0,10000,-10000,-10000
04606P,高股息中信96售01,0,0,0,0,0,0,0,0,0,-10000,0,0,0,0,10000,-10000,-10000
04500P,燿華統一94售01  ,0,0,0,0,0,0,0,0,0,-10000,0,0,0,0,10000,-10000,-10000
045029,亞德客群益92購01,0,0,0,0,0,0,0,0,0,-10000,0,0,0,0,10000,-10000,-10000
045036,TPK群益93購02   ,0,0,0,0,0,0,0,0,0,-10000,0,0,0,0,10000,-10000,-10000
045044,台積電凱基92購01,0,0,0,0,0,0,0,0,0,-10000,0,0,0,0,10000,-10000,-10000
044943,旺宏群益93購03  ,0,0,0,0,0,0,0,0,0,-10000,0,0,0,11000,21000,-10000,-10000
044020,嘉澤凱基91購01  ,0,0,0,0,0,0,0,0,0,-10000,0,0,0,0,10000,-10000,-10000
044025,台表科凱基93購02,0,0,0,0,0,0,0,0,0,-10000,0,0,0,0,10000,-10000,-10000
044230,台表科群益91購03,0,0,0,0,0,0,0,0,0,-10000,0,0,0,0,10000,-10000,-10000
044222,嘉澤凱基91購04  ,0,0,0,0,0,0,0,0,0,-10000,0,0,0,0,10000,-10000,-10000
044306,瑞儀兆豐93購02  ,0,0,0,0,0,0,0,0,0,-10000,0,0,0,0,10000,-10000,-10000
044309,臻鼎國票91購01  ,0,0,0,0,0,0,0,0,0,-10000,0,0,0,0,10000,-10000,-10000
044292,嘉澤凱基91購05  ,0,0,0,0,0,0,0,0,0,-10000,0,0,0,0,10000,-10000,-10000
044297,台郡凱基91購02  ,0,0,0,0,0,0,0,0,0,-10000,0,0,0,0,10000,-10000,-10000
045158,和碩凱基92購01  ,0,0,0,0,0,0,0,0,0,-10000,0,0,0,0,10000,-10000,-10000
04516P,台積電群益94售07,0,0,0,0,0,0,0,0,0,-10000,0,0,0,10000,20000,-10000,-10000
044688,傳奇凱基93購01  ,0,0,0,0,0,0,0,0,0,-10000,0,0,0,0,10000,-10000,-10000
044329,日月光元富91購01,0,0,0,0,0,0,0,0,0,-10000,0,0,0,25000,35000,-10000,-10000
044414,燿華統一91購03  ,0,0,0,0,0,0,0,0,0,-10000,0,0,0,0,10000,-10000,-10000
04435P,台積電中信95售07,0,0,0,0,0,0,0,0,0,-10000,0,0,0,0,10000,-10000,-10000
044353,宏達電元大93購04,0,0,0,0,0,0,0,0,0,-10000,0,0,0,0,10000,-10000,-10000
044573,元大金凱基91購02,0,0,0,0,0,0,0,0,0,-10000,0,0,0,0,10000,-10000,-10000
044525,台郡凱基91購03  ,0,0,0,0,0,0,0,0,0,-10000,0,0,0,0,10000,-10000,-10000
044461,滬深2X兆豐93購01,0,0,0,0,0,0,0,0,0,-10000,0,0,0,0,10000,-10000,-10000
047723,廣宇群益94購01  ,0,0,0,0,0,0,0,0,0,-10000,0,0,0,0,10000,-10000,-10000
047711,華新科凱基94購03,0,0,0,0,0,0,0,0,0,-10000,0,0,0,10000,20000,-10000,-10000
047763,旺宏元大94購04  ,0,0,0,0,0,0,0,0,0,-10000,0,0,0,64000,74000,-10000,-10000
047785,嘉聯益第一93購01,0,0,0,0,0,0,0,0,0,-10000,0,0,0,0,10000,-10000,-10000
04792P,智邦元大94售06  ,0,0,0,0,0,0,0,0,0,-10000,0,0,0,8000,18000,-10000,-10000
047634,亞德客元大93購01,0,0,0,0,0,0,0,0,0,-10000,0,0,0,0,10000,-10000,-10000
047530,智伸科元大93購04,0,0,0,0,0,0,0,0,0,-10000,0,0,0,0,10000,-10000,-10000
047525,漢唐元大93購04  ,0,0,0,0,0,0,0,0,0,-10000,0,0,0,0,10000,-10000,-10000
047409,寶成統一93購01  ,0,0,0,0,0,0,0,0,0,-10000,0,0,0,0,10000,-10000,-10000
047547,友達凱基99購02  ,0,0,0,0,0,0,0,0,0,-10000,0,0,0,0,10000,-10000,-10000
047578,新光金群益93購01,0,0,0,0,0,0,0,0,0,-10000,0,0,0,0,10000,-10000,-10000
047569,世紀鋼國票94購02,0,0,0,0,0,0,0,0,0,-10000,0,0,0,0,10000,-10000,-10000
048715,A50正2永豐94購01,0,0,0,0,0,0,0,0,0,-10000,0,0,0,87000,97000,-10000,-10000
048678,統一富邦93購01  ,0,0,0,0,0,0,0,0,0,-10000,0,0,0,15000,25000,-10000,-10000
048684,上海銀富邦93購02,0,0,0,0,0,0,0,0,0,-10000,0,0,0,0,10000,-10000,-10000
046579,台積電元大92購32,0,0,0,0,0,0,0,0,0,-10000,0,0,0,0,10000,-10000,-10000
047390,富邦金元大93購01,0,0,0,0,0,0,0,0,0,-10000,0,0,0,0,10000,-10000,-10000
047380,統一元大93購01  ,0,0,0,0,0,0,0,0,0,-10000,0,0,0,7000,17000,-10000,-10000
047879,台積電中信93購04,0,0,0,0,0,0,0,0,0,-10000,0,0,0,10000,20000,-10000,-10000
047852,矽創元富93購01  ,0,0,0,0,0,0,0,0,0,-10000,0,0,0,20000,30000,-10000,-10000
047832,漢唐元大94購03  ,0,0,0,0,0,0,0,0,0,-10000,0,0,0,0,10000,-10000,-10000
047830,智邦元大93購08  ,0,0,0,0,0,0,0,0,0,-10000,0,0,0,0,10000,-10000,-10000
048551,鴻海元大94購02  ,0,0,0,0,0,0,0,0,0,-10000,0,0,0,0,10000,-10000,-10000
048573,世紀鋼元大93購05,0,0,0,0,0,0,0,0,0,-10000,0,0,0,0,10000,-10000,-10000
048567,台郡元大93購03  ,0,0,0,0,0,0,0,0,0,-10000,0,0,0,0,10000,-10000,-10000
048528,華泰國票94購01  ,0,0,0,0,0,0,0,0,0,-10000,0,0,0,0,10000,-10000,-10000
047479,美律凱基94購01  ,0,0,0,0,0,0,0,0,0,-10000,0,0,0,0,10000,-10000,-10000
046666,欣興元大93購05  ,0,0,0,0,0,0,0,0,0,-10000,0,0,0,0,10000,-10000,-10000
046673,樺漢元大93購01  ,0,0,0,0,0,0,0,0,0,-10000,0,0,0,0,10000,-10000,-10000
046649,致伸國泰94購01  ,0,0,0,0,0,0,0,0,0,-10000,0,0,0,39000,49000,-10000,-10000
046656,華邦電元大93購02,0,0,0,0,0,0,0,0,0,-10000,0,0,0,0,10000,-10000,-10000
047482,新光金凱基99購03,0,0,0,0,0,0,0,0,0,-10000,0,0,0,0,10000,-10000,-10000
046692,鴻海凱基93購15  ,0,0,0,0,0,0,0,0,0,-10000,0,0,0,17000,27000,-10000,-10000
048853,凌陽群益94購01  ,0,0,0,0,0,0,0,0,0,-10000,0,0,0,20000,30000,-10000,-10000
048832,玉晶光凱基95購02,0,0,0,0,0,0,0,0,0,-10000,0,0,0,0,10000,-10000,-10000
048838,牧德凱基94購07  ,0,0,0,0,0,0,0,0,0,-10000,0,0,0,1000,11000,-10000,-10000
047956,麗豐永豐93購02  ,0,0,0,0,0,0,0,0,0,-10000,0,0,0,0,10000,-10000,-10000
047992,東陽元大96購01  ,0,0,0,0,0,0,0,0,0,-10000,0,0,0,0,10000,-10000,-10000
047993,鑽全元大96購01  ,0,0,0,0,0,0,0,0,0,-10000,0,0,0,0,10000,-10000,-10000
046736,儒鴻群益93購01  ,0,0,0,0,0,0,0,0,0,-10000,0,0,0,10000,20000,-10000,-10000
046726,台新金元大93購01,0,0,0,0,0,0,0,0,0,-10000,0,0,0,0,10000,-10000,-10000
048523,TPK元富94購01   ,0,0,0,0,0,0,0,0,0,-10000,0,0,0,0,10000,-10000,-10000
046697,麗豐凱基94購01  ,0,0,0,0,0,0,0,0,0,-10000,0,0,0,0,10000,-10000,-10000
04645P,禾伸堂凱基94售03,0,0,0,0,0,0,0,0,0,-10000,0,0,0,0,10000,-10000,-10000
04646P,TPK凱基94售03   ,0,0,0,0,0,0,0,0,0,-10000,0,0,0,64000,74000,-10000,-10000
046417,聯詠元大92購06  ,0,0,0,0,0,0,0,0,0,-10000,0,0,0,0,10000,-10000,-10000
046308,廣達元大92購02  ,0,0,0,0,0,0,0,0,0,-10000,0,0,0,0,10000,-10000,-10000
046329,臻鼎元大92購10  ,0,0,0,0,0,0,0,0,0,-10000,0,0,0,0,10000,-10000,-10000
046334,緯穎元大92購05  ,0,0,0,0,0,0,0,0,0,-10000,0,0,0,40000,50000,-10000,-10000
046391,上海銀統一94購01,0,0,0,0,0,0,0,0,0,-10000,0,0,0,1000,11000,-10000,-10000
046381,緯創凱基93購03  ,0,0,0,0,0,0,0,0,0,-10000,0,0,0,35000,45000,-10000,-10000
046360,儒鴻永豐92購01  ,0,0,0,0,0,0,0,0,0,-10000,0,0,0,0,10000,-10000,-10000
048379,台郡元富96購01  ,0,0,0,0,0,0,0,0,0,-10000,0,0,0,0,10000,-10000,-10000
048414,滬深2X統一98購01,0,0,0,0,0,0,0,0,0,-10000,0,0,0,0,10000,-10000,-10000
048415,深中小統一93購03,0,0,0,0,0,0,0,0,0,-10000,0,0,0,0,10000,-10000,-10000
048350,世紀鋼元大95購01,0,0,0,0,0,0,0,0,0,-10000,0,0,0,0,10000,-10000,-10000
048334,A50正2元大96購01,0,0,0,0,0,0,0,0,0,-10000,0,0,0,0,10000,-10000,-10000
048601,智易國票94購03  ,0,0,0,0,0,0,0,0,0,-10000,0,0,0,0,10000,-10000,-10000
048618,超眾凱基93購08  ,0,0,0,0,0,0,0,0,0,-10000,0,0,0,0,10000,-10000,-10000
048166,滬深2X永豐96購02,0,0,0,0,0,0,0,0,0,-10000,0,0,0,0,10000,-10000,-10000
048164,台光電康和93購01,0,0,0,0,0,0,0,0,0,-10000,0,0,0,10000,20000,-10000,-10000
048202,瑞儀元大93購04  ,0,0,0,0,0,0,0,0,0,-10000,0,0,0,0,10000,-10000,-10000
048277,建準永豐93購02  ,0,0,0,0,0,0,0,0,0,-10000,0,0,0,195000,205000,-10000,-10000
047063,漢唐凱基95購01  ,0,0,0,0,0,0,0,0,0,-10000,0,0,0,0,10000,-10000,-10000
046114,燿華元大92購04  ,0,0,0,0,0,0,0,0,0,-10000,0,0,0,0,10000,-10000,-10000
046109,遠東新元大92購01,0,0,0,0,0,0,0,0,0,-10000,0,0,0,0,10000,-10000,-10000
046981,智伸科兆豐94購01,0,0,0,0,0,0,0,0,0,-10000,0,0,0,0,10000,-10000,-10000
047020,智邦元大93購04  ,0,0,0,0,0,0,0,0,0,-10000,0,0,0,86000,96000,-10000,-10000
047012,台積電元富93購02,0,0,0,0,0,0,0,0,0,-10000,0,0,0,0,10000,-10000,-10000
047317,聯詠元大93購06  ,0,0,0,0,0,0,0,0,0,-10000,0,0,0,17000,27000,-10000,-10000
04726P,TPK凱基94售04   ,0,0,0,0,0,0,0,0,0,-10000,0,0,0,44000,54000,-10000,-10000
047295,欣興元富96購02  ,0,0,0,0,0,0,0,0,0,-10000,0,0,0,0,10000,-10000,-10000
047304,元油2X元大96購02,0,0,0,0,0,0,0,0,0,-10000,0,0,0,0,10000,-10000,-10000
047251,麗豐群益93購01  ,0,0,0,0,0,0,0,0,0,-10000,0,0,0,0,10000,-10000,-10000
047236,智伸科凱基93購05,0,0,0,0,0,0,0,0,0,-10000,0,0,0,29000,39000,-10000,-10000
047161,世紀鋼國票94購01,0,0,0,0,0,0,0,0,0,-10000,0,0,0,0,10000,-10000,-10000
046910,超眾凱基93購06  ,0,0,0,0,0,0,0,0,0,-10000,0,0,0,0,10000,-10000,-10000
046882,智易富邦97購01  ,0,0,0,0,0,0,0,0,0,-10000,0,0,0,0,10000,-10000,-10000
048108,鴻海群益93購07  ,0,0,0,0,0,0,0,0,0,-10000,0,0,0,0,10000,-10000,-10000
047114,全新元大94購01  ,0,0,0,0,0,0,0,0,0,-10000,0,0,0,0,10000,-10000,-10000
047082,元上證永豐93購01,0,0,0,0,0,0,0,0,0,-10000,0,0,0,0,10000,-10000,-10000
047085,柏文永豐93購01  ,0,0,0,0,0,0,0,0,0,-10000,0,0,0,0,10000,-10000,-10000
046222,上銀元大92購08  ,0,0,0,0,0,0,0,0,0,-10000,0,0,0,0,10000,-10000,-10000
046810,瑞昱第一93購01  ,0,0,0,0,0,0,0,0,0,-10000,0,0,0,0,10000,-10000,-10000
046156,光磊群益92購01  ,0,0,0,0,0,0,0,0,0,-10000,0,0,0,0,10000,-10000,-10000
048085,鴻海凱基93購32  ,0,0,0,0,0,0,0,0,0,-10000,0,0,0,57000,67000,-10000,-10000
046515,嘉澤元大92購04  ,0,0,0,0,0,0,0,0,0,-10000,0,0,0,0,10000,-10000,-10000
046513,景碩元大92購02  ,0,0,0,0,0,0,0,0,0,-10000,0,0,0,0,10000,-10000,-10000
046201,台郡凱基92購01  ,0,0,0,0,0,0,0,0,0,-10000,0,0,0,0,10000,-10000,-10000
049105,亞泥富邦94購01  ,0,0,0,0,0,0,0,0,0,-10000,0,0,0,0,10000,-10000,-10000
049133,為升元大94購02  ,0,0,0,0,0,0,0,0,0,-10000,0,0,0,0,10000,-10000,-10000
049236,元油2X元富96購06,0,0,0,0,0,0,0,0,0,-10000,0,0,0,0,10000,-10000,-10000
049172,鴻海凱基94購14  ,0,0,0,0,0,0,0,0,0,-10000,0,0,0,42000,52000,-10000,-10000
049187,義隆台新94購01  ,0,0,0,0,0,0,0,0,0,-10000,0,0,0,0,10000,-10000,-10000
049057,元翎永豐94購01  ,0,0,0,0,0,0,0,0,0,-10000,0,0,0,0,10000,-10000,-10000
049058,茂林永豐94購02  ,0,0,0,0,0,0,0,0,0,-10000,0,0,0,0,10000,-10000,-10000
049036,燿華兆豐95購01  ,0,0,0,0,0,0,0,0,0,-10000,0,0,0,11000,21000,-10000,-10000
04901P,臺股指麥證94售02,0,0,0,0,10000,-10000,0,0,0,-10000,0,0,0,0,10000,-10000,-10000
048985,茂林元大94購01  ,0,0,0,0,0,0,0,0,0,-10000,0,0,0,0,10000,-10000,-10000
048908,慧洋富邦95購01  ,0,0,0,0,0,0,0,0,0,-10000,0,0,0,0,10000,-10000,-10000
048921,劍麟永豐94購01  ,0,0,0,0,0,0,0,0,0,-10000,0,0,0,0,10000,-10000,-10000
048944,茂林永豐94購01  ,0,0,0,0,0,0,0,0,0,-10000,0,0,0,0,10000,-10000,-10000
049519,新光金國票95購03,0,0,0,0,0,0,0,0,0,-10000,0,0,0,0,10000,-10000,-10000
049553,鴻海國泰96購02  ,0,0,0,0,0,0,0,0,0,-10000,0,0,0,0,10000,-10000,-10000
049478,祥碩永豐94購02  ,0,0,0,0,0,0,0,0,0,-10000,0,0,0,154000,164000,-10000,-10000
04957P,上証2X凱基96售02,0,0,0,0,0,0,0,0,0,-10000,0,0,0,0,10000,-10000,-10000
049336,台達電統一94購02,0,0,0,0,0,0,0,0,0,-10000,0,0,0,0,10000,-10000,-10000
049339,鴻海統一94購02  ,0,0,0,0,0,0,0,0,0,-10000,0,0,0,0,10000,-10000,-10000
049333,深中小統一94購03,0,0,0,0,0,0,0,0,0,-10000,0,0,0,0,10000,-10000,-10000
049344,華固統一94購01  ,0,0,0,0,0,0,0,0,0,-10000,0,0,0,0,10000,-10000,-10000
052066,華邦電兆豐96購01,0,0,0,0,0,0,0,0,0,-10000,0,0,0,0,10000,-10000,-10000
052189,玉晶光群益96購06,0,0,0,0,0,0,0,0,0,-10000,0,0,0,0,10000,-10000,-10000
052104,英業達兆豐96購01,0,0,0,0,0,0,0,0,0,-10000,0,0,0,0,10000,-10000,-10000
051701,華通群益97購01  ,0,0,0,0,0,0,0,0,0,-10000,0,0,0,19000,29000,-10000,-10000
051748,超眾國泰96購01  ,0,0,0,0,0,0,0,0,0,-10000,0,0,0,0,10000,-10000,-10000
051751,聯茂富邦95購01  ,0,0,0,0,0,0,0,0,0,-10000,0,0,0,201000,211000,-10000,-10000
051782,昇陽半群益95購01,0,0,0,0,0,0,0,0,0,-10000,0,0,0,10000,20000,-10000,-10000
051786,A50正2國票95購02,0,0,0,0,0,0,0,0,0,-10000,0,0,0,20000,30000,-10000,-10000
051890,智邦元富95購03  ,0,0,0,0,0,0,0,0,0,-10000,0,0,0,0,10000,-10000,-10000
051891,智邦元富95購04  ,0,0,0,0,0,0,0,0,0,-10000,0,0,0,0,10000,-10000,-10000
05192P,玉晶光台新96售02,0,0,0,0,0,0,0,0,0,-10000,0,0,0,0,10000,-10000,-10000
051905,道瓊銀元大95購01,0,0,0,0,0,0,0,0,0,-10000,0,0,0,0,10000,-10000,-10000
051967,康友永豐95購02  ,0,0,0,0,0,0,0,0,0,-10000,0,0,0,22000,32000,-10000,-10000
05194P,玉晶光康和95售01,0,0,0,0,0,0,0,0,0,-10000,0,0,0,0,10000,-10000,-10000
052010,兆豐金中信95購01,0,0,0,0,0,0,0,0,0,-10000,0,0,0,0,10000,-10000,-10000
052024,臺股指永豐95購04,0,0,0,0,0,0,0,0,0,-10000,0,0,0,10000,20000,-10000,-10000
052017,奇鋐永豐95購01  ,0,0,0,0,0,0,0,0,0,-10000,0,0,0,0,10000,-10000,-10000
05133P,臺股指日盛95售01,0,0,0,0,0,0,0,0,0,-10000,0,0,0,0,10000,-10000,-10000
051372,樺漢富邦96購01  ,0,0,0,0,0,0,0,0,0,-10000,0,0,0,35000,45000,-10000,-10000
051457,寶成元大95購01  ,0,0,0,0,0,0,0,0,0,-10000,0,0,0,0,10000,-10000,-10000
051436,訊芯元富95購01  ,0,0,0,0,0,0,0,0,0,-10000,0,0,0,10000,20000,-10000,-10000
051549,健鼎永豐95購01  ,0,0,0,0,0,0,0,0,0,-10000,0,0,0,0,10000,-10000,-10000
051512,超眾麥證95購01  ,0,0,0,0,10000,-10000,0,0,0,-10000,0,0,0,0,10000,-10000,-10000
05113P,臺股指元富95售01,0,0,0,0,0,0,0,0,0,-10000,0,0,0,0,10000,-10000,-10000
051066,台積電國票96購02,0,0,0,0,0,0,0,0,0,-10000,0,0,0,51000,61000,-10000,-10000
051169,瀚宇博元大95購05,0,0,0,0,0,0,0,0,0,-10000,0,0,0,0,10000,-10000,-10000
051199,鴻海麥證95購03  ,0,0,0,0,10000,-10000,0,0,0,-10000,0,0,0,0,10000,-10000,-10000
05130P,聯發科統一95售03,0,0,0,0,0,0,0,0,0,-10000,0,0,0,0,10000,-10000,-10000
050733,寶成國票94購01  ,0,0,0,0,0,0,0,0,0,-10000,0,0,0,0,10000,-10000,-10000
050703,矽格凱基94購02  ,0,0,0,0,0,0,0,0,0,-10000,0,0,0,0,10000,-10000,-10000
050689,力山凱基94購07  ,0,0,0,0,0,0,0,0,0,-10000,0,0,0,0,10000,-10000,-10000
050789,矽創國泰96購01  ,0,0,0,0,0,0,0,0,0,-10000,0,0,0,20000,30000,-10000,-10000
050820,美食凱基95購01  ,0,0,0,0,0,0,0,0,0,-10000,0,0,0,0,10000,-10000,-10000
05099P,台積電凱基95售06,0,0,0,0,0,0,0,0,0,-10000,0,0,0,10000,20000,-10000,-10000
050853,南電國票96購01  ,0,0,0,0,0,0,0,0,0,-10000,0,0,0,0,10000,-10000,-10000
050870,旭富永豐95購01  ,0,0,0,0,0,0,0,0,0,-10000,0,0,0,0,10000,-10000,-10000
050664,全新台新94購02  ,0,0,0,0,0,0,0,0,0,-10000,0,0,0,0,10000,-10000,-10000
050599,美食麥證94購01  ,0,0,0,0,10000,-10000,0,0,0,-10000,0,0,0,0,10000,-10000,-10000
050607,為升元大94購10  ,0,0,0,0,0,0,0,0,0,-10000,0,0,0,0,10000,-10000,-10000
05050P,華通群益96售02  ,0,0,0,0,0,0,0,0,0,-10000,0,0,0,0,10000,-10000,-10000
050513,亞泥元大94購02  ,0,0,0,0,0,0,0,0,0,-10000,0,0,0,42000,52000,-10000,-10000
05054P,臻鼎群益95售02  ,0,0,0,0,0,0,0,0,0,-10000,0,0,0,0,10000,-10000,-10000
050340,鴻海統一94購07  ,0,0,0,0,0,0,0,0,0,-10000,0,0,0,0,10000,-10000,-10000
050418,為升凱基94購06  ,0,0,0,0,0,0,0,0,0,-10000,0,0,0,0,10000,-10000,-10000
050405,新光金麥證94購01,0,0,0,0,10000,-10000,0,0,0,-10000,0,0,0,0,10000,-10000,-10000
049935,南電元大94購08  ,0,0,0,0,0,0,0,0,0,-10000,0,0,0,0,10000,-10000,-10000
049916,台光電元大94購06,0,0,0,0,0,0,0,0,0,-10000,0,0,0,15000,25000,-10000,-10000
049902,大立光元富94購05,0,0,0,0,0,0,0,0,0,-10000,0,0,0,0,10000,-10000,-10000
04979P,臺股指凱基96售07,0,0,0,0,0,0,0,0,0,-10000,0,0,0,0,10000,-10000,-10000
049870,南電兆豐94購01  ,0,0,0,0,0,0,0,0,0,-10000,0,0,0,0,10000,-10000,-10000
049639,力山凱基94購03  ,0,0,0,0,0,0,0,0,0,-10000,0,0,0,0,10000,-10000,-10000
049621,美食群益94購02  ,0,0,0,0,0,0,0,0,0,-10000,0,0,0,0,10000,-10000,-10000
049599,樺漢元大95購01  ,0,0,0,0,0,0,0,0,0,-10000,0,0,0,0,10000,-10000,-10000
049608,旺宏兆豐94購02  ,0,0,0,0,0,0,0,0,0,-10000,0,0,0,0,10000,-10000,-10000
049647,美食凱基94購01  ,0,0,0,0,0,0,0,0,0,-10000,0,0,0,0,10000,-10000,-10000
049758,GIS永豐94購01   ,0,0,0,0,0,0,0,0,0,-10000,0,0,0,0,10000,-10000,-10000
050084,宏達電元富94購03,0,0,0,0,0,0,0,0,0,-10000,0,0,0,0,10000,-10000,-10000
050020,為升元大94購06  ,0,0,0,0,0,0,0,0,0,-10000,0,0,0,0,10000,-10000,-10000
050027,義隆元大94購03  ,0,0,0,0,0,0,0,0,0,-10000,0,0,0,1000,11000,-10000,-10000
050000,盟立永豐94購01  ,0,0,0,0,0,0,0,0,0,-10000,0,0,0,0,10000,-10000,-10000
049958,華新科統一94購08,0,0,0,0,0,0,0,0,0,-10000,0,0,0,15000,25000,-10000,-10000
049968,麗豐國票95購01  ,0,0,0,0,0,0,0,0,0,-10000,0,0,0,0,10000,-10000,-10000
050130,華新科凱基94購09,0,0,0,0,0,0,0,0,0,-10000,0,0,0,21000,31000,-10000,-10000
050141,國巨統一94購07  ,0,0,0,0,0,0,0,0,0,-10000,0,0,0,7000,17000,-10000,-10000
050283,T50反1凱基9A購01,0,0,0,0,0,0,0,0,0,-10000,0,0,0,0,10000,-10000,-10000
050244,富邦金凱基94購01,0,0,0,0,0,0,0,0,0,-10000,0,0,0,0,10000,-10000,-10000
050256,臺指反元大98購03,0,0,0,0,0,0,0,0,0,-10000,0,0,0,0,10000,-10000,-10000
05569P,漢唐統一97售01  ,0,0,0,0,0,0,0,0,0,-10000,0,0,0,0,10000,-10000,-10000
05540P,亞德客凱基96售01,0,0,0,0,0,0,0,0,0,-10000,0,0,0,0,10000,-10000,-10000
05642P,玉晶光兆豐97售02,0,0,0,0,0,0,0,0,0,-10000,0,0,0,0,10000,-10000,-10000
05693P,滬深2X凱基98售02,0,0,0,0,0,0,0,0,0,-10000,0,0,0,0,10000,-10000,-10000
05789P,臺股指永昌96售06,0,0,0,0,0,0,0,0,0,-10000,3000,0,3000,0,13000,-13000,-10000
05915P,聯發科元大96售19,0,0,0,0,0,0,0,0,0,-10000,0,0,0,0,10000,-10000,-10000
05881P,彩晶康和96售01  ,0,0,0,0,0,0,0,0,0,-10000,0,0,0,0,10000,-10000,-10000
05845P,大立光元大96售06,0,0,0,0,0,0,0,0,0,-10000,0,0,0,148000,158000,-10000,-10000
05876P,聯發科群益96售03,0,0,0,0,0,0,0,0,0,-10000,0,0,0,0,10000,-10000,-10000
054888,泰碩統一97購01  ,0,0,0,0,0,0,0,0,0,-10000,0,0,0,0,10000,-10000,-10000
054894,GIS統一97購01   ,0,0,0,0,0,0,0,0,0,-10000,0,0,0,0,10000,-10000,-10000
054911,敬鵬凱基97購01  ,0,0,0,0,0,0,0,0,0,-10000,0,0,0,0,10000,-10000,-10000
054987,凱美元富97購01  ,0,0,0,0,0,0,0,0,0,-10000,0,0,0,0,10000,-10000,-10000
055000,玉晶光元富97購04,0,0,0,0,0,0,0,0,0,-10000,0,0,0,0,10000,-10000,-10000
055014,達興元富97購01  ,0,0,0,0,0,0,0,0,0,-10000,0,0,0,0,10000,-10000,-10000
055190,華新科元富97購01,0,0,0,0,0,0,0,0,0,-10000,0,0,0,1000,11000,-10000,-10000
055154,聯發科元大98購01,0,0,0,0,0,0,0,0,0,-10000,0,0,0,24000,34000,-10000,-10000
055218,彩晶凱基99購01  ,0,0,0,0,0,0,0,0,0,-10000,0,0,0,0,10000,-10000,-10000
055254,聯詠統一97購03  ,0,0,0,0,0,0,0,0,0,-10000,0,0,0,0,10000,-10000,-10000
055265,玉晶光永豐98購03,0,0,0,0,0,0,0,0,0,-10000,0,0,0,6000,16000,-10000,-10000
055092,開發金群益9B購01,0,0,0,0,0,0,0,0,0,-10000,0,0,0,0,10000,-10000,-10000
1730,花仙子          ,20000,30000,-10000,0,0,0,0,0,0,0,0,0,0,0,0,0,-10000
06086P,台積電康和97售01,0,0,0,0,0,0,0,0,0,-10000,0,0,0,0,10000,-10000,-10000
05952P,台積電國票97售06,0,0,0,0,0,0,0,0,0,-10000,0,0,0,61000,71000,-10000,-10000
05966P,矽力凱基96售03  ,0,0,0,0,0,0,0,0,0,-10000,0,0,0,0,10000,-10000,-10000
06002P,華通康和96售01  ,0,0,0,0,0,0,0,0,0,-10000,0,0,0,0,10000,-10000,-10000
06120P,大立光凱基98售05,0,0,0,0,0,0,0,0,0,-10000,0,0,0,0,10000,-10000,-10000
06133P,帆宣元富97售02  ,0,0,0,0,0,0,0,0,0,-10000,0,0,0,0,10000,-10000,-10000
06154P,超眾元大98售01  ,0,0,0,0,0,0,0,0,0,-10000,0,0,0,0,10000,-10000,-10000
06156P,大立光統一97售05,0,0,0,0,0,0,0,0,0,-10000,0,0,0,0,10000,-10000,-10000
06160P,台達電群益97售01,0,0,0,0,0,0,0,0,0,-10000,0,0,0,0,10000,-10000,-10000
08213P,台光電統一9B售03,0,0,0,0,0,0,0,0,0,-10000,0,0,0,0,10000,-10000,-10000
08974P,可成群益02售02  ,0,0,0,0,0,0,0,0,0,-10000,0,0,0,0,10000,-10000,-10000
1312A,國喬特          ,0,0,0,0,0,0,0,0,0,-10000,0,10000,-10000,0,0,0,-10000
9924,福興            ,4000,14000,-10000,0,0,0,0,0,0,0,0,0,0,0,0,0,-10000
6277,宏正            ,1000,11000,-10000,0,0,0,0,0,0,0,0,0,0,0,0,0,-10000
6168,宏齊            ,3000,13000,-10000,0,0,0,0,0,0,0,0,0,0,0,0,0,-10000
054570,易華電群益98購01,0,0,0,0,0,0,0,0,0,-11000,0,0,0,0,11000,-11000,-11000
054437,欣興台新97購02  ,0,0,0,0,0,0,0,0,0,-11000,0,0,0,28000,39000,-11000,-11000
054352,世芯國泰98購01  ,0,0,0,0,0,0,0,0,0,-11000,0,0,0,5000,16000,-11000,-11000
054215,創意國票97購02  ,0,0,0,0,0,0,0,0,0,-11000,0,0,0,107000,118000,-11000,-11000
054210,台光電國票97購03,0,0,0,0,0,0,0,0,0,-11000,0,0,0,0,11000,-11000,-11000
054279,揚明光群益98購01,0,0,0,0,0,0,0,0,0,-11000,0,0,0,0,11000,-11000,-11000
052509,鴻海凱基96購10  ,0,0,0,0,0,0,0,0,0,-11000,0,0,0,0,11000,-11000,-11000
052371,元金2X元大95購01,0,0,0,0,0,0,0,0,0,-11000,0,0,0,0,11000,-11000,-11000
052392,台表科群益96購02,0,0,0,0,0,0,0,0,0,-11000,0,0,0,6000,17000,-11000,-11000
052358,台表科永豐95購02,0,0,0,0,0,0,0,0,0,-11000,0,0,0,0,11000,-11000,-11000
052484,矽創群益95購02  ,0,0,0,0,0,0,0,0,0,-11000,0,0,0,0,11000,-11000,-11000
052480,麗豐群益95購01  ,0,0,0,0,0,0,0,0,0,-11000,0,0,0,0,11000,-11000,-11000
052787,國巨中信96購02  ,0,0,0,0,0,0,0,0,0,-11000,0,0,0,100000,111000,-11000,-11000
052831,華固群益96購01  ,0,0,0,0,0,0,0,0,0,-11000,0,0,0,0,11000,-11000,-11000
052851,滬深2X元富96購02,0,0,0,0,0,0,0,0,0,-11000,0,0,0,12000,23000,-11000,-11000
052891,台泥群益96購01  ,0,0,0,0,0,0,0,0,0,-11000,0,0,0,0,11000,-11000,-11000
053509,華新群益98購01  ,0,0,0,0,0,0,0,0,0,-11000,0,0,0,0,11000,-11000,-11000
053176,矽力群益96購02  ,0,0,0,0,0,0,0,0,0,-11000,0,0,0,60000,71000,-11000,-11000
053217,群創凱基99購02  ,0,0,0,0,0,0,0,0,0,-11000,0,0,0,39000,50000,-11000,-11000
053066,欣興群益96購02  ,0,0,0,0,0,0,0,0,0,-11000,0,0,0,0,11000,-11000,-11000
04404P,玉晶光國票94售01,0,0,0,0,0,0,0,0,0,-11000,0,0,0,95000,106000,-11000,-11000
045185,致伸統一94購01  ,0,0,0,0,0,0,0,0,0,-11000,0,0,0,45000,56000,-11000,-11000
045414,康控群益94購02  ,0,0,0,0,0,0,0,0,0,-11000,0,0,0,0,11000,-11000,-11000
045352,亞光凱基92購03  ,0,0,0,0,0,0,0,0,0,-11000,0,0,0,41000,52000,-11000,-11000
045342,台光電凱基92購03,0,0,0,0,0,0,0,0,0,-11000,0,0,0,14000,25000,-11000,-11000
045572,元油2X元大98購01,0,0,0,0,0,0,0,0,0,-11000,0,0,0,0,11000,-11000,-11000
00656R,國泰中國A50反1  ,0,0,0,0,0,0,0,0,0,-11000,0,0,0,73000,84000,-11000,-11000
043784,鴻海凱基94購01  ,0,0,0,0,0,0,0,0,0,-11000,0,0,0,0,11000,-11000,-11000
03409P,台積電元大02售26,0,0,0,0,0,0,0,0,0,-11000,0,0,0,4000,15000,-11000,-11000
03523P,南電元大02售09  ,0,0,0,0,0,0,0,0,0,-11000,0,0,0,0,11000,-11000,-11000
049021,慧洋群益94購01  ,0,0,0,0,0,0,0,0,0,-11000,0,0,0,11000,22000,-11000,-11000
049203,智邦群益94購01  ,0,0,0,0,0,0,0,0,0,-11000,0,0,0,0,11000,-11000,-11000
046816,智邦凱基93購02  ,0,0,0,0,0,0,0,0,0,-11000,0,0,0,68000,79000,-11000,-11000
048117,南電群益93購02  ,0,0,0,0,0,0,0,0,0,-11000,0,0,0,0,11000,-11000,-11000
049985,華擎凱基94購01  ,0,0,0,0,0,0,0,0,0,-11000,0,0,0,0,11000,-11000,-11000
050024,旺宏元大94購09  ,0,0,0,0,0,0,0,0,0,-11000,0,0,0,37000,48000,-11000,-11000
049811,聯鈞元大94購01  ,0,0,0,0,0,0,0,0,0,-11000,0,0,0,59000,70000,-11000,-11000
05060P,台達電富邦97售02,0,0,0,0,0,0,0,0,0,-11000,0,0,0,101000,112000,-11000,-11000
050987,台泥富邦95購01  ,0,0,0,0,0,0,0,0,0,-11000,0,0,0,9000,20000,-11000,-11000
05092P,全新元大95售03  ,0,0,0,0,0,0,0,0,0,-11000,0,0,0,27000,38000,-11000,-11000
050797,聯發科中信99購01,0,0,0,0,0,0,0,0,0,-11000,0,0,0,4000,15000,-11000,-11000
051272,嘉晶群益95購01  ,0,0,0,0,0,0,0,0,0,-11000,0,0,0,0,11000,-11000,-11000
05117P,瑞昱群益95售02  ,0,0,0,0,0,0,0,0,0,-11000,0,0,0,0,11000,-11000,-11000
051029,緯創元富95購01  ,0,0,0,0,0,0,0,0,0,-11000,0,0,0,10000,21000,-11000,-11000
051617,台積電凱基95購14,0,0,0,0,0,0,0,0,0,-11000,0,0,0,245000,256000,-11000,-11000
051683,A50正2凱基97購01,0,0,0,0,0,0,0,0,0,-11000,0,0,0,10000,21000,-11000,-11000
05218P,大立光永昌96售04,0,0,0,0,0,0,0,0,0,-11000,0,0,0,200000,211000,-11000,-11000
052188,欣興群益95購03  ,0,0,0,0,0,0,0,0,0,-11000,0,0,0,0,11000,-11000,-11000
6226,光鼎            ,23000,34000,-11000,0,0,0,0,0,0,0,0,0,0,0,0,0,-11000
5007,三星            ,8000,20000,-12000,0,0,0,0,0,0,1000,1000,0,1000,0,0,0,-11000
9942,茂順            ,0,12000,-12000,0,0,0,0,0,0,1000,1000,0,1000,0,0,0,-11000
3501,維熹            ,1000,12000,-11000,0,0,0,0,0,0,0,0,0,0,0,0,0,-11000
06053P,緯穎國票97售05  ,0,0,0,0,0,0,0,0,0,-11000,0,0,0,0,11000,-11000,-11000
1711,永光            ,0,11000,-11000,0,0,0,0,0,0,0,0,0,0,0,0,0,-11000
2482,連宇            ,0,11000,-11000,0,0,0,0,0,0,0,0,0,0,0,0,0,-11000
2484,希華            ,83000,94000,-11000,0,0,0,0,0,0,0,0,0,0,0,0,0,-11000
2464,盟立            ,24000,34000,-10000,0,0,0,0,0,0,-1000,0,1000,-1000,0,0,0,-11000
2373,震旦行          ,0,11000,-11000,0,0,0,0,0,0,0,0,0,0,0,0,0,-11000
055048,台積電永豐97購04,0,0,0,0,0,0,0,0,0,-11000,0,0,0,20000,31000,-11000,-11000
054912,群光凱基97購01  ,0,0,0,0,0,0,0,0,0,-11000,0,0,0,25000,36000,-11000,-11000
054944,精元元大97購01  ,0,0,0,0,0,0,0,0,0,-11000,0,0,0,0,11000,-11000,-11000
4141,龍燈-KY         ,0,11060,-11060,0,0,0,0,0,0,0,0,0,0,0,0,0,-11060
053185,友達中信99購01  ,0,0,0,0,0,0,0,0,0,-12000,0,0,0,98000,110000,-12000,-12000
052698,深中小國票99購01,0,0,0,0,0,0,0,0,0,-12000,0,0,0,15000,27000,-12000,-12000
052397,燿華凱基96購02  ,0,0,0,0,0,0,0,0,0,-12000,0,0,0,0,12000,-12000,-12000
052607,大立光元大96購03,0,0,0,0,0,0,0,0,0,-12000,0,0,0,69000,81000,-12000,-12000
052613,易華電元大96購01,0,0,0,0,0,0,0,0,0,-12000,0,0,0,0,12000,-12000,-12000
054263,聯茂元大96購02  ,0,0,0,0,0,0,0,0,0,-12000,0,0,0,70000,82000,-12000,-12000
053886,亞光兆豐96購01  ,0,0,0,0,0,0,0,0,0,-12000,0,0,0,12000,24000,-12000,-12000
054414,全新元大97購02  ,0,0,0,0,0,0,0,0,0,-12000,0,0,0,68000,80000,-12000,-12000
054527,國巨統一97購03  ,0,0,0,0,0,0,0,0,0,-12000,0,0,0,78000,90000,-12000,-12000
054646,華新科群益97購03,0,0,0,0,0,0,0,0,0,-12000,0,0,0,12000,24000,-12000,-12000
054616,智伸科永豐97購01,0,0,0,0,0,0,0,0,0,-12000,0,0,0,56000,68000,-12000,-12000
054592,美律永昌9A購01  ,0,0,0,0,0,0,0,0,0,-12000,0,0,0,12000,24000,-12000,-12000
040762,滬深2X凱基92購01,0,0,0,0,0,0,0,0,0,-12000,0,0,0,0,12000,-12000,-12000
044877,旺宏元富91購01  ,0,0,0,0,0,0,0,0,0,-12000,0,0,0,105000,117000,-12000,-12000
044963,台積電中信96購01,0,0,0,0,0,0,0,0,0,-12000,0,0,0,10000,22000,-12000,-12000
04766P,緯穎永豐94售02  ,0,0,0,0,0,0,0,0,0,-12000,0,0,0,0,12000,-12000,-12000
04463P,可成元富94售03  ,0,0,0,0,0,0,0,0,0,-12000,0,0,0,3000,15000,-12000,-12000
048869,光罩國票94購01  ,0,0,0,0,0,0,0,0,0,-12000,0,0,0,69000,81000,-12000,-12000
04750P,臺股指元大94售26,0,0,0,0,0,0,0,0,0,-12000,0,0,0,0,12000,-12000,-12000
047072,義隆兆豐94購01  ,0,0,0,0,0,0,0,0,0,-12000,0,0,0,0,12000,-12000,-12000
046188,京元電凱基92購06,0,0,0,0,0,0,0,0,0,-12000,0,0,0,300000,312000,-12000,-12000
049337,台達電統一94購03,0,0,0,0,0,0,0,0,0,-12000,0,0,0,50000,62000,-12000,-12000
049535,臻鼎永豐94購01  ,0,0,0,0,0,0,0,0,0,-12000,0,0,0,60000,72000,-12000,-12000
048267,元金反中信93購01,0,0,0,0,0,0,0,0,0,-12000,0,0,0,0,12000,-12000,-12000
048443,旺宏凱基93購08  ,0,0,0,0,0,0,0,0,0,-12000,0,0,0,13000,25000,-12000,-12000
046354,聯詠群益92購02  ,0,0,0,0,0,0,0,0,0,-12000,0,0,0,52000,64000,-12000,-12000
046468,日月光台新92購01,0,0,0,0,0,0,0,0,0,-12000,0,0,0,0,12000,-12000,-12000
04628P,欣興元大95售01  ,0,0,0,0,0,0,0,0,0,-12000,0,0,0,0,12000,-12000,-12000
047484,聯詠凱基93購03  ,0,0,0,0,0,0,0,0,0,-12000,0,0,0,4000,16000,-12000,-12000
048553,光磊元大93購03  ,0,0,0,0,0,0,0,0,0,-12000,0,0,0,11000,23000,-12000,-12000
047882,超眾國泰94購01  ,0,0,0,0,0,0,0,0,0,-12000,0,0,0,49000,61000,-12000,-12000
052164,啟碁永豐95購01  ,0,0,0,0,0,0,0,0,0,-12000,0,0,0,12000,24000,-12000,-12000
05202P,鴻海元大95售16  ,0,0,0,0,0,0,0,0,0,-12000,0,0,0,15000,27000,-12000,-12000
052257,燿華國泰96購01  ,0,0,0,0,0,0,0,0,0,-12000,0,0,0,10000,22000,-12000,-12000
051688,大立光凱基97購02,0,0,0,0,0,0,0,0,0,-12000,0,0,0,12000,24000,-12000,-12000
05183P,台積電元富95售07,0,0,0,0,0,0,0,0,0,-12000,0,0,0,0,12000,-12000,-12000
051848,元金2X中信98購02,0,0,0,0,0,0,0,0,0,-12000,0,0,0,0,12000,-12000,-12000
05199P,訊芯永豐95售02  ,0,0,0,0,0,0,0,0,0,-12000,0,0,0,1000,13000,-12000,-12000
051988,台光電元大95購01,0,0,0,0,0,0,0,0,0,-12000,0,0,0,147000,159000,-12000,-12000
051876,宏達電國票96購01,0,0,0,0,0,0,0,0,0,-12000,0,0,0,0,12000,-12000,-12000
051854,鴻海麥證95購04  ,0,0,0,0,12000,-12000,0,0,0,-12000,0,0,0,0,12000,-12000,-12000
051377,鴻海群益95購07  ,0,0,0,0,0,0,0,0,0,-12000,0,0,0,35000,47000,-12000,-12000
051112,台郡統一95購01  ,0,0,0,0,0,0,0,0,0,-12000,0,0,0,28000,40000,-12000,-12000
050693,鴻海凱基96購05  ,0,0,0,0,0,0,0,0,0,-12000,0,0,0,11000,23000,-12000,-12000
050945,致茂群益95購01  ,0,0,0,0,0,0,0,0,0,-12000,0,0,0,66000,78000,-12000,-12000
050621,易華電元大95購01,0,0,0,0,0,0,0,0,0,-12000,0,0,0,0,12000,-12000,-12000
050554,百和凱基95購01  ,0,0,0,0,0,0,0,0,0,-12000,0,0,0,69000,81000,-12000,-12000
050509,元油2X元大94購09,0,0,0,0,0,0,0,0,0,-12000,0,0,0,0,12000,-12000,-12000
049903,大立光元富94購06,0,0,0,0,0,0,0,0,0,-12000,0,0,0,7000,19000,-12000,-12000
049720,欣興凱基94購05  ,0,0,0,0,0,0,0,0,0,-12000,0,0,0,0,12000,-12000,-12000
049613,華通中信94購01  ,0,0,0,0,0,0,0,0,0,-12000,0,0,0,0,12000,-12000,-12000
050173,旺宏元大96購02  ,0,0,0,0,0,0,0,0,0,-12000,0,0,0,79000,91000,-12000,-12000
3305,昇貿            ,3000,15000,-12000,0,0,0,0,0,0,0,0,0,0,0,0,0,-12000
2816,旺旺保          ,11000,22000,-11000,0,0,0,0,0,0,-1000,0,1000,-1000,0,0,0,-12000
054914,億光凱基98購01  ,0,0,0,0,0,0,0,0,0,-12000,0,0,0,67000,79000,-12000,-12000
055271,鴻海元大98購03  ,0,0,0,0,0,0,0,0,0,-12000,0,0,0,0,12000,-12000,-12000
05757P,旺宏永豐96售03  ,0,0,0,0,0,0,0,0,0,-12000,0,0,0,0,12000,-12000,-12000
1733,五鼎            ,6000,19000,-13000,0,0,0,0,0,0,1000,1000,0,1000,0,0,0,-12000
06083P,華通統一98售02  ,0,0,0,0,0,0,0,0,0,-12000,0,0,0,0,12000,-12000,-12000
08539P,元油2X國票99售01,0,0,0,0,0,0,0,0,0,-12000,0,0,0,8000,20000,-12000,-12000
1460,宏遠            ,9000,22640,-13640,0,0,0,0,0,0,1000,1000,0,1000,0,0,0,-12640
054626,建準凱基98購01  ,0,0,0,0,0,0,0,0,0,-13000,0,0,0,0,13000,-13000,-13000
054638,國泰金中信99購01,0,0,0,0,0,0,0,0,0,-13000,0,0,0,0,13000,-13000,-13000
054426,國泰金富邦97購02,0,0,0,0,0,0,0,0,0,-13000,0,0,0,1000,14000,-13000,-13000
054332,世芯永豐97購01  ,0,0,0,0,0,0,0,0,0,-13000,0,0,0,28000,41000,-13000,-13000
053952,南亞科台新96購01,0,0,0,0,0,0,0,0,0,-13000,0,0,0,0,13000,-13000,-13000
052668,聯發科群益97購01,0,0,0,0,0,0,0,0,0,-13000,0,0,0,3000,16000,-13000,-13000
05320P,華通凱基96售03  ,0,0,0,0,0,0,0,0,0,-13000,0,0,0,16000,29000,-13000,-13000
053167,欣興群益96購03  ,0,0,0,0,0,0,0,0,0,-13000,0,0,0,30000,43000,-13000,-13000
044219,智原凱基91購03  ,0,0,0,0,0,0,0,0,0,-13000,0,0,0,37000,50000,-13000,-13000
044462,漢唐兆豐93購01  ,0,0,0,0,0,0,0,0,0,-13000,0,0,0,0,13000,-13000,-13000
044312,A50正2永豐92購01,0,0,0,0,0,0,0,0,0,-13000,0,0,0,270000,283000,-13000,-13000
045691,南茂元大92購03  ,0,0,0,0,0,0,0,0,0,-13000,0,0,0,106000,119000,-13000,-13000
045797,健策中信93購01  ,0,0,0,0,0,0,0,0,0,-13000,0,0,0,17000,30000,-13000,-13000
045651,力成凱基93購01  ,0,0,0,0,0,0,0,0,0,-13000,0,0,0,0,13000,-13000,-13000
04260P,亞德客群益93售01,0,0,0,0,0,0,0,0,0,-13000,0,0,0,12000,25000,-13000,-13000
036628,統一台新99購01  ,0,0,0,0,0,0,0,0,0,-13000,0,0,0,0,13000,-13000,-13000
03868P,統一凱基93售02  ,0,0,0,0,0,0,0,0,0,-13000,0,0,0,0,13000,-13000,-13000
047866,得力永豐93購01  ,0,0,0,0,0,0,0,0,0,-13000,0,0,0,57000,70000,-13000,-13000
047417,台塑富邦97購01  ,0,0,0,0,0,0,0,0,0,-13000,0,0,0,10000,23000,-13000,-13000
047504,滬深2X國票9A購01,0,0,0,0,0,0,0,0,0,-13000,0,0,0,0,13000,-13000,-13000
046482,超眾元富92購03  ,0,0,0,0,0,0,0,0,0,-13000,0,0,0,5000,18000,-13000,-13000
046342,聯發科國票92購02,0,0,0,0,0,0,0,0,0,-13000,0,0,0,40000,53000,-13000,-13000
04947P,聯詠元大94售05  ,0,0,0,0,0,0,0,0,0,-13000,0,0,0,0,13000,-13000,-13000
049424,中石化兆豐94購01,0,0,0,0,0,0,0,0,0,-13000,0,0,0,0,13000,-13000,-13000
049224,致新國票95購01  ,0,0,0,0,0,0,0,0,0,-13000,0,0,0,0,13000,-13000,-13000
049112,可成統一94購01  ,0,0,0,0,0,0,0,0,0,-13000,0,0,0,10000,23000,-13000,-13000
046182,燿華凱基93購04  ,0,0,0,0,0,0,0,0,0,-13000,0,0,0,0,13000,-13000,-13000
047078,上海銀兆豐93購01,0,0,0,0,0,0,0,0,0,-13000,0,0,0,8000,21000,-13000,-13000
04809P,台光電群益94售04,0,0,0,0,0,0,0,0,0,-13000,0,0,0,11000,24000,-13000,-13000
047198,奇鋐統一93購01  ,0,0,0,0,0,0,0,0,0,-13000,0,0,0,2000,15000,-13000,-13000
047030,日月光元大93購02,0,0,0,0,0,0,0,0,0,-13000,0,0,0,26000,39000,-13000,-13000
05025P,聯發科群益95售02,0,0,0,0,0,0,0,0,0,-13000,0,0,0,18000,31000,-13000,-13000
050264,聯發科元大94購13,0,0,0,0,0,0,0,0,0,-13000,0,0,0,0,13000,-13000,-13000
050124,元金2X凱基95購01,0,0,0,0,0,0,0,0,0,-13000,0,0,0,0,13000,-13000,-13000
049888,智邦國泰96購01  ,0,0,0,0,0,0,0,0,0,-13000,0,0,0,111000,124000,-13000,-13000
050512,台泥元大94購01  ,0,0,0,0,0,0,0,0,0,-13000,0,0,0,57000,70000,-13000,-13000
050507,聯詠凱基94購06  ,0,0,0,0,0,0,0,0,0,-13000,0,0,0,0,13000,-13000,-13000
050437,聯詠凱基94購04  ,0,0,0,0,0,0,0,0,0,-13000,0,0,0,93000,106000,-13000,-13000
050968,超眾永豐95購01  ,0,0,0,0,0,0,0,0,0,-13000,0,0,0,19000,32000,-13000,-13000
050907,臺股指元大95購14,0,0,0,0,0,0,0,0,0,-13000,0,0,0,0,13000,-13000,-13000
051327,元油2X永豐95購02,0,0,0,0,0,0,0,0,0,-13000,0,0,0,0,13000,-13000,-13000
051468,智邦日盛95購01  ,0,0,0,0,0,0,0,0,0,-13000,0,0,0,1000,14000,-13000,-13000
051523,牧德凱基95購02  ,0,0,0,0,0,0,0,0,0,-13000,0,0,0,198000,211000,-13000,-13000
051875,聯發科兆豐95購04,0,0,0,0,0,0,0,0,0,-13000,0,0,0,11000,24000,-13000,-13000
051684,瑞昱凱基95購02  ,0,0,0,0,0,0,0,0,0,-13000,0,0,0,13000,26000,-13000,-13000
051718,上証2X永豐95購01,0,0,0,0,0,0,0,0,0,-13000,0,0,0,0,13000,-13000,-13000
05226P,智邦統一95售01  ,0,0,0,0,0,0,0,0,0,-13000,0,0,0,0,13000,-13000,-13000
052051,京鼎凱基95購01  ,0,0,0,0,0,0,0,0,0,-13000,0,0,0,1000,14000,-13000,-13000
06148P,台積電元大97售17,0,0,0,0,0,0,0,0,0,-13000,0,0,0,0,13000,-13000,-13000
05977P,旺宏永豐96售06  ,0,0,0,0,0,0,0,0,0,-13000,0,0,0,0,13000,-13000,-13000
1507,永大            ,14000,27000,-13000,0,0,0,0,0,0,0,0,0,0,0,0,0,-13000
1760,寶齡富錦        ,6000,15000,-9000,0,0,0,0,0,0,-4000,1000,0,1000,0,5000,-5000,-13000
2477,美隆電          ,16000,29000,-13000,0,0,0,0,0,0,0,0,0,0,0,0,0,-13000
05796P,臺股指群益96售10,0,0,0,0,0,0,0,0,0,-13000,0,0,0,17000,30000,-13000,-13000
054938,國巨元大97購04  ,0,0,0,0,0,0,0,0,0,-13000,0,0,0,142000,155000,-13000,-13000
05501P,健策國票97售01  ,0,0,0,0,0,0,0,0,0,-13000,0,0,0,385000,398000,-13000,-13000
2832,台產            ,5000,19000,-14000,0,0,0,0,0,0,1000,1000,0,1000,0,0,0,-13000
2642,宅配通          ,0,13000,-13000,0,0,0,0,0,0,0,0,0,0,0,0,0,-13000
4306,炎洲            ,57000,71000,-14000,0,0,0,0,0,0,1000,1000,0,1000,0,0,0,-13000
053035,台表科兆豐97購01,0,0,0,0,0,0,0,0,0,-14000,0,0,0,5000,19000,-14000,-14000
052898,樺漢群益96購01  ,0,0,0,0,0,0,0,0,0,-14000,0,0,0,21000,35000,-14000,-14000
052660,京元電國票97購01,0,0,0,0,0,0,0,0,0,-14000,0,0,0,13000,27000,-14000,-14000
052519,旺宏元大95購05  ,0,0,0,0,0,0,0,0,0,-14000,0,0,0,220000,234000,-14000,-14000
05382P,電子類群益95售02,0,0,0,0,0,0,0,0,0,-14000,0,0,0,0,14000,-14000,-14000
054301,楠梓電凱基98購01,0,0,0,0,0,0,0,0,0,-14000,0,0,0,70000,84000,-14000,-14000
054492,嘉聯益台新96購01,0,0,0,0,0,0,0,0,0,-14000,0,0,0,0,14000,-14000,-14000
054696,嘉聯益永豐97購01,0,0,0,0,0,0,0,0,0,-14000,0,0,0,10000,24000,-14000,-14000
03936P,上銀元大93售06  ,0,0,0,0,0,0,0,0,0,-14000,0,0,0,1000,15000,-14000,-14000
00685L,群益臺灣加權正2 ,1000,1000,0,0,0,0,0,0,0,-14000,0,0,0,17000,31000,-14000,-14000
04321P,國巨元大93售12  ,0,0,0,0,0,0,0,0,0,-14000,0,0,0,0,14000,-14000,-14000
043923,矽力凱基91購01  ,0,0,0,0,0,0,0,0,0,-14000,0,0,0,0,14000,-14000,-14000
043274,聯茂富邦92購01  ,0,0,0,0,0,0,0,0,0,-14000,0,0,0,20000,34000,-14000,-14000
044875,玉晶光統一93購01,0,0,0,0,0,0,0,0,0,-14000,0,0,0,16000,30000,-14000,-14000
04607P,A50中信94售01   ,0,0,0,0,0,0,0,0,0,-14000,0,0,0,0,14000,-14000,-14000
044640,力成元富91購01  ,0,0,0,0,0,0,0,0,0,-14000,0,0,0,52000,66000,-14000,-14000
04466P,大立光元富94售04,0,0,0,0,0,0,0,0,0,-14000,0,0,0,0,14000,-14000,-14000
047909,超眾元大93購03  ,0,0,0,0,0,0,0,0,0,-14000,0,0,0,7000,21000,-14000,-14000
048040,百和凱基93購07  ,0,0,0,0,0,0,0,0,0,-14000,0,0,0,47000,61000,-14000,-14000
047819,南茂凱基93購04  ,0,0,0,0,0,0,0,0,0,-14000,0,0,0,2000,16000,-14000,-14000
045022,聯電亞東93購01  ,0,0,0,0,0,0,0,0,0,-14000,0,0,0,0,14000,-14000,-14000
045569,元油2X元大92購01,0,0,0,0,0,0,0,0,0,-14000,0,0,0,0,14000,-14000,-14000
045266,群創凱基92購02  ,0,0,0,0,0,0,0,0,0,-14000,0,0,0,0,14000,-14000,-14000
044916,美律永豐91購03  ,0,0,0,0,0,0,0,0,0,-14000,0,0,0,42000,56000,-14000,-14000
049109,嘉澤富邦95購01  ,0,0,0,0,0,0,0,0,0,-14000,0,0,0,0,14000,-14000,-14000
049230,台達電富邦96購01,0,0,0,0,0,0,0,0,0,-14000,0,0,0,10000,24000,-14000,-14000
049499,康控元大96購01  ,0,0,0,0,0,0,0,0,0,-14000,0,0,0,100000,114000,-14000,-14000
046472,亞光永豐92購01  ,0,0,0,0,0,0,0,0,0,-14000,0,0,0,19000,33000,-14000,-14000
046721,中鋼元大93購01  ,0,0,0,0,0,0,0,0,0,-14000,0,0,0,6000,20000,-14000,-14000
048446,南亞科凱基93購07,0,0,0,0,0,0,0,0,0,-14000,0,0,0,0,14000,-14000,-14000
046683,宏達電群益93購02,0,0,0,0,0,0,0,0,0,-14000,0,0,0,10000,24000,-14000,-14000
047414,智邦永昌93購01  ,0,0,0,0,0,0,0,0,0,-14000,0,0,0,10000,24000,-14000,-14000
048711,台郡台新94購01  ,0,0,0,0,0,0,0,0,0,-14000,0,0,0,11000,25000,-14000,-14000
048746,台達電元富94購01,0,0,0,0,0,0,0,0,0,-14000,0,0,0,13000,27000,-14000,-14000
047880,聯發科國泰94購03,0,0,0,0,0,0,0,0,0,-14000,0,0,0,38000,52000,-14000,-14000
052031,臺股指群益95購04,0,0,0,0,0,0,0,0,0,-14000,0,0,0,0,14000,-14000,-14000
052217,台光電日盛95購01,0,0,0,0,0,0,0,0,0,-14000,0,0,0,0,14000,-14000,-14000
051866,聯發科凱基96購05,0,0,0,0,0,0,0,0,0,-14000,0,0,0,8000,22000,-14000,-14000
05100P,智邦凱基95售02  ,0,0,0,0,0,0,0,0,0,-14000,0,0,0,0,14000,-14000,-14000
05081P,京鼎永豐95售01  ,0,0,0,0,0,0,0,0,0,-14000,0,0,0,1000,15000,-14000,-14000
049815,緯穎元大94購06  ,0,0,0,0,0,0,0,0,0,-14000,0,0,0,27000,41000,-14000,-14000
049983,智原凱基94購02  ,0,0,0,0,0,0,0,0,0,-14000,0,0,0,200000,214000,-14000,-14000
3311,閎暉            ,2000,16000,-14000,0,0,0,0,0,0,0,0,0,0,0,0,0,-14000
3013,晟銘電          ,0,14000,-14000,0,0,0,0,0,0,0,0,0,0,0,0,0,-14000
055270,上銀元大97購03  ,0,0,0,0,0,0,0,0,0,-14000,0,0,0,103000,117000,-14000,-14000
05808P,臺股指國票96售01,0,0,0,0,0,0,0,0,0,-14000,0,0,0,9000,23000,-14000,-14000
2514,龍邦            ,0,14000,-14000,0,0,0,0,0,0,0,0,0,0,0,0,0,-14000
2420,新巨            ,5000,19000,-14000,0,0,0,0,0,0,0,0,0,0,0,0,0,-14000
1737,臺鹽            ,9000,23000,-14000,0,0,0,0,0,0,0,0,0,0,0,0,0,-14000
054523,GIS元大96購05   ,0,0,0,0,0,0,0,0,0,-15000,0,0,0,0,15000,-15000,-15000
054582,致新元大97購01  ,0,0,0,0,0,0,0,0,0,-15000,0,0,0,3000,18000,-15000,-15000
05455P,聯詠日盛95售01  ,0,0,0,0,0,0,0,0,0,-15000,0,0,0,10000,25000,-15000,-15000
053939,台表科元富96購03,0,0,0,0,0,0,0,0,0,-15000,0,0,0,15000,30000,-15000,-15000
053685,台積電元大96購18,0,0,0,0,0,0,0,0,0,-15000,0,0,0,150000,165000,-15000,-15000
054145,嘉聯益元大98購01,0,0,0,0,0,0,0,0,0,-15000,0,0,0,8000,23000,-15000,-15000
052564,美食日盛96購01  ,0,0,0,0,0,0,0,0,0,-15000,0,0,0,0,15000,-15000,-15000
052346,訊芯凱基95購01  ,0,0,0,0,0,0,0,0,0,-15000,0,0,0,1000,16000,-15000,-15000
052937,國巨兆豐97購01  ,0,0,0,0,0,0,0,0,0,-15000,0,0,0,230000,245000,-15000,-15000
052804,淘帝元大96購01  ,0,0,0,0,0,0,0,0,0,-15000,0,0,0,0,15000,-15000,-15000
045932,亞泥群益92購01  ,0,0,0,0,0,0,0,0,0,-15000,0,0,0,45000,60000,-15000,-15000
045226,TPK元大93購02   ,0,0,0,0,0,0,0,0,0,-15000,0,0,0,5000,20000,-15000,-15000
045522,滬深2X永豐94購01,0,0,0,0,0,0,0,0,0,-15000,0,0,0,20000,35000,-15000,-15000
045491,東陽凱基92購01  ,0,0,0,0,0,0,0,0,0,-15000,0,0,0,45000,60000,-15000,-15000
045796,廣達中信93購01  ,0,0,0,0,0,0,0,0,0,-15000,0,0,0,0,15000,-15000,-15000
044710,中磊元大93購01  ,0,0,0,0,0,0,0,0,0,-15000,0,0,0,0,15000,-15000,-15000
044737,奇鋐國泰93購02  ,0,0,0,0,0,0,0,0,0,-15000,0,0,0,0,15000,-15000,-15000
043964,台肥國泰92購01  ,0,0,0,0,0,0,0,0,0,-15000,0,0,0,0,15000,-15000,-15000
040987,上証2X凱基92購01,0,0,0,0,0,0,0,0,0,-15000,0,0,0,0,15000,-15000,-15000
043990,智易元大93購01  ,0,0,0,0,0,0,0,0,0,-15000,0,0,0,0,15000,-15000,-15000
043973,元金2X元大94購02,0,0,0,0,0,0,0,0,0,-15000,0,0,0,0,15000,-15000,-15000
00714,群益道瓊美國地產,0,0,0,0,0,0,0,0,0,-15000,0,0,0,100000,115000,-15000,-15000
020002,元富新中國N     ,0,0,0,0,0,0,0,0,0,-15000,0,0,0,12000,27000,-15000,-15000
03281P,台積電凱基04售01,0,0,0,0,0,0,0,0,0,-15000,0,0,0,0,15000,-15000,-15000
03939P,康控元大95售02  ,0,0,0,0,0,0,0,0,0,-15000,0,0,0,0,15000,-15000,-15000
03421B,臺股指元大99熊01,0,0,0,0,0,0,0,0,0,-15000,0,0,0,0,15000,-15000,-15000
03417B,臺股指凱基95熊19,0,0,0,0,0,0,0,0,0,-15000,0,0,0,10000,25000,-15000,-15000
047391,潤泰全元大93購02,0,0,0,0,0,0,0,0,0,-15000,0,0,0,84000,99000,-15000,-15000
046564,聯詠凱基92購09  ,0,0,0,0,0,0,0,0,0,-15000,0,0,0,27000,42000,-15000,-15000
048677,智伸科國泰94購01,0,0,0,0,0,0,0,0,0,-15000,0,0,0,42000,57000,-15000,-15000
046675,GIS元大93購06   ,0,0,0,0,0,0,0,0,0,-15000,0,0,0,0,15000,-15000,-15000
047465,滬深2X國泰94購01,0,0,0,0,0,0,0,0,0,-15000,0,0,0,0,15000,-15000,-15000
047459,全新群益93購02  ,0,0,0,0,0,0,0,0,0,-15000,0,0,0,0,15000,-15000,-15000
048634,華通元大94購01  ,0,0,0,0,0,0,0,0,0,-15000,0,0,0,36000,51000,-15000,-15000
04674P,全新統一95售01  ,0,0,0,0,0,0,0,0,0,-15000,0,0,0,0,15000,-15000,-15000
049361,華通元大94購02  ,0,0,0,0,0,0,0,0,0,-15000,0,0,0,40000,55000,-15000,-15000
049309,台達電凱基94購05,0,0,0,0,0,0,0,0,0,-15000,0,0,0,4000,19000,-15000,-15000
048951,宏全永豐94購01  ,0,0,0,0,0,0,0,0,0,-15000,0,0,0,67000,82000,-15000,-15000
048126,TPK元大94購02   ,0,0,0,0,0,0,0,0,0,-15000,0,0,0,35000,50000,-15000,-15000
046953,嘉聯益國票94購01,0,0,0,0,0,0,0,0,0,-15000,0,0,0,11000,26000,-15000,-15000
047118,欣興元大93購06  ,0,0,0,0,0,0,0,0,0,-15000,0,0,0,0,15000,-15000,-15000
04709P,台積電元大94售15,0,0,0,0,0,0,0,0,0,-15000,0,0,0,201000,216000,-15000,-15000
046180,裕隆凱基93購01  ,0,0,0,0,0,0,0,0,0,-15000,0,0,0,0,15000,-15000,-15000
050056,國巨凱基94購04  ,0,0,0,0,0,0,0,0,0,-15000,0,0,0,1000,16000,-15000,-15000
049794,台達電元大94購10,0,0,0,0,0,0,0,0,0,-15000,0,0,0,0,15000,-15000,-15000
049893,日月光富邦98購01,0,0,0,0,0,0,0,0,0,-15000,0,0,0,62000,77000,-15000,-15000
049619,宏達電群益95購02,0,0,0,0,0,0,0,0,0,-15000,0,0,0,0,15000,-15000,-15000
050922,南亞科凱基95購02,0,0,0,0,0,0,0,0,0,-15000,0,0,0,0,15000,-15000,-15000
051049,亞德客群益95購01,0,0,0,0,0,0,0,0,0,-15000,0,0,0,21000,36000,-15000,-15000
05124P,華新科富邦97售02,0,0,0,0,0,0,0,0,0,-15000,0,0,0,17000,32000,-15000,-15000
051198,鴻海麥證95購02  ,0,0,0,0,15000,-15000,0,0,0,-15000,0,0,0,0,15000,-15000,-15000
051545,裕隆康和95購01  ,0,0,0,0,0,0,0,0,0,-15000,0,0,0,110000,125000,-15000,-15000
051399,玉晶光台新96購01,0,0,0,0,0,0,0,0,0,-15000,0,0,0,0,15000,-15000,-15000
051715,和碩台新95購01  ,0,0,0,0,0,0,0,0,0,-15000,0,0,0,0,15000,-15000,-15000
05169P,玉晶光元大95售03,0,0,0,0,0,0,0,0,0,-15000,0,0,0,20000,35000,-15000,-15000
051700,深中小群益99購04,0,0,0,0,0,0,0,0,0,-15000,0,0,0,300000,315000,-15000,-15000
05206P,南茂元大95售01  ,0,0,0,0,0,0,0,0,0,-15000,0,0,0,0,15000,-15000,-15000
05213P,台積電國票96售05,0,0,0,0,0,0,0,0,0,-15000,0,0,0,0,15000,-15000,-15000
1603,華電            ,0,15000,-15000,0,0,0,0,0,0,0,0,0,0,0,0,0,-15000
06115P,台積電統一97售04,0,0,0,0,0,0,0,0,0,-15000,0,0,0,0,15000,-15000,-15000
1316,上曜            ,91000,108000,-17000,0,0,0,0,0,0,2000,2000,0,2000,0,0,0,-15000
1234,黑松            ,6000,21000,-15000,0,0,0,0,0,0,0,0,0,0,0,0,0,-15000
05802P,臺股指兆豐96售02,0,0,0,0,0,0,0,0,0,-15000,0,0,0,0,15000,-15000,-15000
05777P,台積電統一96售04,0,0,0,0,0,0,0,0,0,-15000,0,0,0,0,15000,-15000,-15000
05847P,大立光元大96售08,0,0,0,0,0,0,0,0,0,-15000,0,0,0,0,15000,-15000,-15000
05664P,國巨凱基96售09  ,0,0,0,0,0,0,0,0,0,-15000,0,0,0,60000,75000,-15000,-15000
05650P,台積電富邦96售01,0,0,0,0,0,0,0,0,0,-15000,0,0,0,35000,50000,-15000,-15000
055258,玉晶光統一97購03,0,0,0,0,0,0,0,0,0,-15000,0,0,0,0,15000,-15000,-15000
055259,玉晶光統一9A購01,0,0,0,0,0,0,0,0,0,-15000,0,0,0,0,15000,-15000,-15000
055085,大毅國票97購01  ,0,0,0,0,0,0,0,0,0,-15000,0,0,0,0,15000,-15000,-15000
2852,第一保          ,21000,36000,-15000,0,0,0,0,0,0,0,0,0,0,0,0,0,-15000
3312,弘憶股          ,13000,28000,-15000,0,0,0,0,0,0,0,0,0,0,0,0,0,-15000
6271,同欣電          ,1296000,1387000,-91000,0,0,0,695000,608000,87000,-11000,137000,74000,63000,46000,120000,-74000,-15000
3014,聯陽            ,13000,44437,-31437,0,0,0,0,0,0,16000,16000,0,16000,0,0,0,-15437
052953,百和國票97購01  ,0,0,0,0,0,0,0,0,0,-16000,0,0,0,0,16000,-16000,-16000
05249P,臻鼎國票95售01  ,0,0,0,0,0,0,0,0,0,-16000,0,0,0,14000,30000,-16000,-16000
05409P,京元電元富95售05,0,0,0,0,0,0,0,0,0,-16000,0,0,0,96000,112000,-16000,-16000
054092,大立光群益97購01,0,0,0,0,0,0,0,0,0,-16000,0,0,0,2000,18000,-16000,-16000
05395P,旺宏元大96售06  ,0,0,0,0,0,0,0,0,0,-16000,0,0,0,5000,21000,-16000,-16000
053836,亞光永豐96購02  ,0,0,0,0,0,0,0,0,0,-16000,0,0,0,25000,41000,-16000,-16000
053811,國巨群益98購02  ,0,0,0,0,0,0,0,0,0,-16000,0,0,0,39000,55000,-16000,-16000
054759,台化國票98購01  ,0,0,0,0,0,0,0,0,0,-16000,0,0,0,0,16000,-16000,-16000
0052,富邦科技        ,3000,6000,-3000,0,0,0,0,0,0,-13000,0,0,0,87000,100000,-13000,-16000
04401P,玉晶光兆豐94售01,0,0,0,0,0,0,0,0,0,-16000,0,0,0,104000,120000,-16000,-16000
045090,瀚宇博元大93購01,0,0,0,0,0,0,0,0,0,-16000,0,0,0,0,16000,-16000,-16000
048987,崇越元大94購01  ,0,0,0,0,0,0,0,0,0,-16000,0,0,0,0,16000,-16000,-16000
049059,超眾永豐94購01  ,0,0,0,0,0,0,0,0,0,-16000,0,0,0,10000,26000,-16000,-16000
049055,聯詠永豐94購01  ,0,0,0,0,0,0,0,0,0,-16000,0,0,0,581000,597000,-16000,-16000
049216,華邦電國票95購01,0,0,0,0,0,0,0,0,0,-16000,0,0,0,64000,80000,-16000,-16000
049169,統一凱基94購01  ,0,0,0,0,0,0,0,0,0,-16000,0,0,0,0,16000,-16000,-16000
046455,瑞昱凱基92購03  ,0,0,0,0,0,0,0,0,0,-16000,0,0,0,1000,17000,-16000,-16000
04860P,鴻海群益94售07  ,0,0,0,0,0,0,0,0,0,-16000,0,0,0,0,16000,-16000,-16000
048568,緯穎元大93購06  ,0,0,0,0,0,0,0,0,0,-16000,0,0,0,16000,32000,-16000,-16000
048808,美律亞東94購01  ,0,0,0,0,0,0,0,0,0,-16000,0,0,0,0,16000,-16000,-16000
052186,宏達電群益95購04,0,0,0,0,0,0,0,0,0,-16000,0,0,0,3000,19000,-16000,-16000
052204,台泥中信96購01  ,0,0,0,0,0,0,0,0,0,-16000,0,0,0,0,16000,-16000,-16000
051965,傳奇永豐95購01  ,0,0,0,0,0,0,0,0,0,-16000,0,0,0,0,16000,-16000,-16000
050450,富邦金元大94購03,0,0,0,0,0,0,0,0,0,-16000,0,0,0,0,16000,-16000,-16000
049816,緯穎元大94購07  ,0,0,0,0,0,0,0,0,0,-16000,0,0,0,8000,24000,-16000,-16000
050250,台郡凱基94購03  ,0,0,0,0,0,0,0,0,0,-16000,0,0,0,0,16000,-16000,-16000
050194,臻鼎元大94購03  ,0,0,0,0,0,0,0,0,0,-16000,0,0,0,1000,17000,-16000,-16000
050224,台泥中信94購01  ,0,0,0,0,0,0,0,0,0,-16000,0,0,0,0,16000,-16000,-16000
2911,麗嬰房          ,3000,20000,-17000,0,0,0,0,0,0,1000,1000,0,1000,0,0,0,-16000
2850,新產            ,11000,30000,-19000,0,0,0,0,0,0,3000,3000,0,3000,0,0,0,-16000
2851,中再保          ,5000,22000,-17000,0,0,0,0,0,0,1000,1000,0,1000,0,0,0,-16000
055090,國巨群益97購03  ,0,0,0,0,0,0,0,0,0,-16000,0,0,0,3000,19000,-16000,-16000
05502P,台表科國票97售01,0,0,0,0,0,0,0,0,0,-16000,0,0,0,13000,29000,-16000,-16000
05634P,玉晶光台新97售01,0,0,0,0,0,0,0,0,0,-16000,0,0,0,0,16000,-16000,-16000
05710P,禾伸堂國票97售02,0,0,0,0,0,0,0,0,0,-16000,0,0,0,0,16000,-16000,-16000
1773,勝一            ,7000,23000,-16000,0,0,0,0,0,0,0,0,0,0,0,0,0,-16000
054329,華新科永豐96購02,0,0,0,0,0,0,0,0,0,-17000,0,0,0,278000,295000,-17000,-17000
053994,微星群益96購01  ,0,0,0,0,0,0,0,0,0,-17000,0,0,0,20000,37000,-17000,-17000
054132,聯發科元大97購10,0,0,0,0,0,0,0,0,0,-17000,0,0,0,674000,691000,-17000,-17000
052482,茂林群益95購01  ,0,0,0,0,0,0,0,0,0,-17000,0,0,0,15000,32000,-17000,-17000
053044,南茂凱基96購02  ,0,0,0,0,0,0,0,0,0,-17000,0,0,0,20000,37000,-17000,-17000
053099,正崴元富96購01  ,0,0,0,0,0,0,0,0,0,-17000,0,0,0,17000,34000,-17000,-17000
053373,台泥元大96購01  ,0,0,0,0,0,0,0,0,0,-17000,0,0,0,65000,82000,-17000,-17000
046024,鴻海元大92購11  ,0,0,0,0,0,0,0,0,0,-17000,0,0,0,3000,20000,-17000,-17000
046007,緯穎統一92購02  ,0,0,0,0,0,0,0,0,0,-17000,0,0,0,30000,47000,-17000,-17000
043453,上銀元大92購01  ,0,0,0,0,0,0,0,0,0,-17000,0,0,0,129000,146000,-17000,-17000
043655,微星富邦93購01  ,0,0,0,0,0,0,0,0,0,-17000,0,0,0,61000,78000,-17000,-17000
048392,宏碁國票94購01  ,0,0,0,0,0,0,0,0,0,-17000,0,0,0,43000,60000,-17000,-17000
046288,創意兆豐92購03  ,0,0,0,0,0,0,0,0,0,-17000,0,0,0,0,17000,-17000,-17000
049352,泰鼎永豐95購01  ,0,0,0,0,0,0,0,0,0,-17000,0,0,0,16000,33000,-17000,-17000
048092,聯發科凱基93購29,0,0,0,0,0,0,0,0,0,-17000,0,0,0,1000,18000,-17000,-17000
050192,康控元大97購01  ,0,0,0,0,0,0,0,0,0,-17000,0,0,0,191000,208000,-17000,-17000
050186,京鼎元大94購01  ,0,0,0,0,0,0,0,0,0,-17000,0,0,0,1000,18000,-17000,-17000
049886,華通永昌95購01  ,0,0,0,0,0,0,0,0,0,-17000,0,0,0,20000,37000,-17000,-17000
04993P,上銀兆豐96售01  ,0,0,0,0,0,0,0,0,0,-17000,0,0,0,2000,19000,-17000,-17000
050444,卜蜂元大94購03  ,0,0,0,0,0,0,0,0,0,-17000,0,0,0,0,17000,-17000,-17000
050547,華新科凱基95購01,0,0,0,0,0,0,0,0,0,-17000,0,0,0,5000,22000,-17000,-17000
050993,聯發科元大95購05,0,0,0,0,0,0,0,0,0,-17000,0,0,0,23000,40000,-17000,-17000
052030,GIS群益95購04   ,0,0,0,0,0,0,0,0,0,-17000,0,0,0,437000,454000,-17000,-17000
051335,華固永豐95購01  ,0,0,0,0,0,0,0,0,0,-17000,0,0,0,0,17000,-17000,-17000
1701,中化            ,19000,39000,-20000,0,0,0,0,0,0,3000,3000,0,3000,0,0,0,-17000
06102P,智邦凱基97售03  ,0,0,0,0,0,0,0,0,0,-17000,0,0,0,0,17000,-17000,-17000
06063P,玉晶光元富97售01,0,0,0,0,0,0,0,0,0,-17000,0,0,0,63000,80000,-17000,-17000
05563P,台積電元大97售07,0,0,0,0,0,0,0,0,0,-17000,0,0,0,413000,430000,-17000,-17000
05620P,大立光富邦9B售01,0,0,0,0,0,0,0,0,0,-17000,0,0,0,0,17000,-17000,-17000
05906P,國巨元富96售05  ,0,0,0,0,0,0,0,0,0,-17000,0,0,0,3000,20000,-17000,-17000
2882A,國泰特          ,0,0,0,0,0,0,0,0,0,-17000,3000,20000,-17000,0,0,0,-17000
3622,洋華            ,13000,33000,-20000,0,0,0,0,0,0,3000,6000,3000,3000,0,0,0,-17000
3698,隆達            ,99000,128000,-29000,0,0,0,0,0,0,12000,13000,1000,12000,0,0,0,-17000
4999,鑫禾            ,0,17000,-17000,0,0,0,0,0,0,0,0,0,0,0,0,0,-17000
8070,長華*           ,1000,11000,-10000,0,0,0,0,8000,-8000,1000,1000,0,1000,0,0,0,-17000
053330,燿華永豐96購03  ,0,0,0,0,0,0,0,0,0,-18000,0,0,0,10000,28000,-18000,-18000
053605,臺股指永昌96購01,0,0,0,0,0,0,0,0,0,-18000,0,0,0,2000,20000,-18000,-18000
053069,同欣電群益98購01,0,0,0,0,0,0,0,0,0,-18000,0,0,0,115000,133000,-18000,-18000
053198,亞德客日盛96購01,0,0,0,0,0,0,0,0,0,-18000,0,0,0,61000,79000,-18000,-18000
052356,聯詠永豐95購03  ,0,0,0,0,0,0,0,0,0,-18000,0,0,0,101000,119000,-18000,-18000
05422P,大立光中信97售02,0,0,0,0,0,0,0,0,0,-18000,0,0,0,7000,25000,-18000,-18000
054122,康友永豐96購01  ,0,0,0,0,0,0,0,0,0,-18000,0,0,0,105000,123000,-18000,-18000
053823,茂林群益96購06  ,0,0,0,0,0,0,0,0,0,-18000,0,0,0,2000,20000,-18000,-18000
053756,亞光元富96購02  ,0,0,0,0,0,0,0,0,0,-18000,0,0,0,0,18000,-18000,-18000
054604,麗豐台新98購01  ,0,0,0,0,0,0,0,0,0,-18000,0,0,0,30000,48000,-18000,-18000
054799,超眾群益98購01  ,0,0,0,0,0,0,0,0,0,-18000,0,0,0,26000,44000,-18000,-18000
03427B,臺股指元大9A熊02,0,0,0,0,0,0,0,0,0,-18000,0,0,0,0,18000,-18000,-18000
03109P,台積電元大01售41,0,0,0,0,0,0,0,0,0,-18000,0,0,0,285000,303000,-18000,-18000
041527,T50反1中信96購01,0,0,0,0,0,0,0,0,0,-18000,0,0,0,0,18000,-18000,-18000
04084P,台表科統一93售01,0,0,0,0,0,0,0,0,0,-18000,0,0,0,0,18000,-18000,-18000
045808,台表科國票92購02,0,0,0,0,0,0,0,0,0,-18000,0,0,0,0,18000,-18000,-18000
045726,矽創凱基92購01  ,0,0,0,0,0,0,0,0,0,-18000,0,0,0,0,18000,-18000,-18000
044909,玉晶光凱基93購02,0,0,0,0,0,0,0,0,0,-18000,0,0,0,29000,47000,-18000,-18000
044471,京鼎群益91購01  ,0,0,0,0,0,0,0,0,0,-18000,0,0,0,2000,20000,-18000,-18000
046802,聯電元大93購01  ,0,0,0,0,0,0,0,0,0,-18000,0,0,0,2000,20000,-18000,-18000
047319,晶技元大93購02  ,0,0,0,0,0,0,0,0,0,-18000,0,0,0,2000,20000,-18000,-18000
049537,元石油群益97購01,0,0,0,0,0,0,0,0,0,-18000,0,0,0,2000,20000,-18000,-18000
049538,元油2X群益98購01,0,0,0,0,0,0,0,0,0,-18000,0,0,0,0,18000,-18000,-18000
049204,京元電群益94購02,0,0,0,0,0,0,0,0,0,-18000,0,0,0,41000,59000,-18000,-18000
049238,元油2X元富96購08,0,0,0,0,0,0,0,0,0,-18000,0,0,0,0,18000,-18000,-18000
046440,義隆亞東93購01  ,0,0,0,0,0,0,0,0,0,-18000,0,0,0,76000,94000,-18000,-18000
046305,台積電元大92購27,0,0,0,0,0,0,0,0,0,-18000,0,0,0,0,18000,-18000,-18000
048592,漢唐群益93購04  ,0,0,0,0,0,0,0,0,0,-18000,0,0,0,25000,43000,-18000,-18000
051641,矽創國票96購01  ,0,0,0,0,0,0,0,0,0,-18000,0,0,0,0,18000,-18000,-18000
052056,緯穎凱基95購04  ,0,0,0,0,0,0,0,0,0,-18000,0,0,0,40000,58000,-18000,-18000
052015,漢唐永豐95購02  ,0,0,0,0,0,0,0,0,0,-18000,0,0,0,0,18000,-18000,-18000
051892,台光電元富95購03,0,0,0,0,0,0,0,0,0,-18000,0,0,0,0,18000,-18000,-18000
049945,樺漢第一94購01  ,0,0,0,0,0,0,0,0,0,-18000,0,0,0,0,18000,-18000,-18000
049877,南亞科永豐94購01,0,0,0,0,0,0,0,0,0,-18000,0,0,0,26000,44000,-18000,-18000
6136,富爾特          ,0,19000,-19000,0,0,0,0,0,0,1000,1000,0,1000,0,0,0,-18000
05825P,臺股指凱基96售22,0,0,0,0,0,0,0,0,0,-18000,0,0,0,179000,197000,-18000,-18000
055281,台光電元大98購03,0,0,0,0,0,0,0,0,0,-18000,0,0,0,0,18000,-18000,-18000
055099,可成日盛97購01  ,0,0,0,0,0,0,0,0,0,-18000,0,0,0,0,18000,-18000,-18000
06044P,同欣電永豐96售03,0,0,0,0,0,0,0,0,0,-18000,0,0,0,70000,88000,-18000,-18000
2107,厚生            ,7000,24000,-17000,0,0,0,0,0,0,-1000,0,1000,-1000,0,0,0,-18000
054628,可成凱基98購01  ,0,0,0,0,0,0,0,0,0,-19000,0,0,0,165000,184000,-19000,-19000
054303,國巨凱基96購15  ,0,0,0,0,0,0,0,0,0,-19000,0,0,0,56000,75000,-19000,-19000
054413,台光電元大96購03,0,0,0,0,0,0,0,0,0,-19000,0,0,0,21000,40000,-19000,-19000
054387,台積電統一98購02,0,0,0,0,0,0,0,0,0,-19000,0,0,0,358000,377000,-19000,-19000
053863,聯發科元大96購18,0,0,0,0,0,0,0,0,0,-19000,0,0,0,223000,242000,-19000,-19000
05298P,上銀元大95售03  ,0,0,0,0,0,0,0,0,0,-19000,0,0,0,11000,30000,-19000,-19000
053230,達方台新97購01  ,0,0,0,0,0,0,0,0,0,-19000,0,0,0,30000,49000,-19000,-19000
044676,台積電凱基91購20,0,0,0,0,0,0,0,0,0,-19000,0,0,0,1000,20000,-19000,-19000
047907,燿華元大93購05  ,0,0,0,0,0,0,0,0,0,-19000,0,0,0,68000,87000,-19000,-19000
045662,華邦電統一94購02,0,0,0,0,0,0,0,0,0,-19000,0,0,0,180000,199000,-19000,-19000
04120P,智邦凱基93售09  ,0,0,0,0,0,0,0,0,0,-19000,0,0,0,0,19000,-19000,-19000
043050,欣興國泰93購01  ,0,0,0,0,0,0,0,0,0,-19000,0,0,0,0,19000,-19000,-19000
048566,上海銀元大93購04,0,0,0,0,0,0,0,0,0,-19000,0,0,0,10000,29000,-19000,-19000
047447,台郡元大94購02  ,0,0,0,0,0,0,0,0,0,-19000,0,0,0,6000,25000,-19000,-19000
046586,大立光元大92購26,0,0,0,0,0,0,0,0,0,-19000,0,0,0,1000,20000,-19000,-19000
046528,聯詠中信94購01  ,0,0,0,0,0,0,0,0,0,-19000,0,0,0,30000,49000,-19000,-19000
046396,矽創國泰93購01  ,0,0,0,0,0,0,0,0,0,-19000,0,0,0,4000,23000,-19000,-19000
048431,瑞昱國票94購01  ,0,0,0,0,0,0,0,0,0,-19000,0,0,0,0,19000,-19000,-19000
048600,嘉澤國票94購01  ,0,0,0,0,0,0,0,0,0,-19000,0,0,0,0,19000,-19000,-19000
049291,華通群益94購04  ,0,0,0,0,0,0,0,0,0,-19000,0,0,0,13000,32000,-19000,-19000
049436,義隆國泰96購02  ,0,0,0,0,0,0,0,0,0,-19000,0,0,0,35000,54000,-19000,-19000
046827,漢唐群益93購02  ,0,0,0,0,0,0,0,0,0,-19000,0,0,0,0,19000,-19000,-19000
046197,日月光凱基92購04,0,0,0,0,0,0,0,0,0,-19000,0,0,0,20000,39000,-19000,-19000
049808,聯詠元大94購03  ,0,0,0,0,0,0,0,0,0,-19000,0,0,0,0,19000,-19000,-19000
050255,GIS富邦95購01   ,0,0,0,0,0,0,0,0,0,-19000,0,0,0,8000,27000,-19000,-19000
050064,華新科凱基94購08,0,0,0,0,0,0,0,0,0,-19000,0,0,0,2000,21000,-19000,-19000
050702,崇越凱基94購01  ,0,0,0,0,0,0,0,0,0,-19000,0,0,0,50000,69000,-19000,-19000
050647,聯發科凱基96購01,0,0,0,0,0,0,0,0,0,-19000,0,0,0,0,19000,-19000,-19000
050485,國巨統一96購01  ,0,0,0,0,0,0,0,0,0,-19000,0,0,0,5000,24000,-19000,-19000
05041P,大立光凱基95售09,0,0,0,0,0,0,0,0,0,-19000,0,0,0,2000,21000,-19000,-19000
052026,漢唐群益95購01  ,0,0,0,0,0,0,0,0,0,-19000,0,0,0,0,19000,-19000,-19000
051014,智邦凱基95購01  ,0,0,0,0,0,0,0,0,0,-19000,0,0,0,50000,69000,-19000,-19000
051088,台積電元大95購09,0,0,0,0,0,0,0,0,0,-19000,0,0,0,216000,235000,-19000,-19000
1519,華城            ,49000,70000,-21000,0,0,0,0,0,0,2000,2000,0,2000,0,0,0,-19000
2374,佳能            ,16000,38000,-22000,0,0,0,0,0,0,3000,3000,0,3000,0,0,0,-19000
06075P,智邦凱基97售02  ,0,0,0,0,0,0,0,0,0,-19000,0,0,0,4000,23000,-19000,-19000
05632P,大立光群益96售02,0,0,0,0,0,0,0,0,0,-19000,0,0,0,0,19000,-19000,-19000
05724P,致茂永豐96售01  ,0,0,0,0,0,0,0,0,0,-19000,0,0,0,16000,35000,-19000,-19000
053307,泰碩凱基97購01  ,0,0,0,0,0,0,0,0,0,-20000,0,0,0,0,20000,-20000,-20000
053514,麗豐群益96購01  ,0,0,0,0,0,0,0,0,0,-20000,0,0,0,0,20000,-20000,-20000
053501,明泰兆豐96購01  ,0,0,0,0,0,0,0,0,0,-20000,0,0,0,0,20000,-20000,-20000
053479,達興元大96購01  ,0,0,0,0,0,0,0,0,0,-20000,0,0,0,30000,50000,-20000,-20000
053522,臺股指群益99購01,0,0,0,0,0,0,0,0,0,-20000,0,0,0,9000,29000,-20000,-20000
053534,微星永豐96購02  ,0,0,0,0,0,0,0,0,0,-20000,0,0,0,13000,33000,-20000,-20000
05345P,臺股指統一95售05,0,0,0,0,0,0,0,0,0,-20000,0,0,0,0,20000,-20000,-20000
053396,漢唐中信9A購01  ,0,0,0,0,0,0,0,0,0,-20000,0,0,0,20000,40000,-20000,-20000
052942,聯發科中信97購04,0,0,0,0,0,0,0,0,0,-20000,0,0,0,166000,186000,-20000,-20000
052877,矽創凱基96購01  ,0,0,0,0,0,0,0,0,0,-20000,0,0,0,0,20000,-20000,-20000
05271P,國巨富邦97售01  ,0,0,0,0,0,0,0,0,0,-20000,0,0,0,0,20000,-20000,-20000
052577,台積電統一96購01,0,0,0,0,0,0,0,0,0,-20000,0,0,0,51000,71000,-20000,-20000
053818,富邦金群益98購01,0,0,0,0,0,0,0,0,0,-20000,0,0,0,0,20000,-20000,-20000
053933,大立光統一96購06,0,0,0,0,0,0,0,0,0,-20000,0,0,0,0,20000,-20000,-20000
053749,揚明光永豐97購01,0,0,0,0,0,0,0,0,0,-20000,0,0,0,0,20000,-20000,-20000
054055,全新國票99購02  ,0,0,0,0,0,0,0,0,0,-20000,0,0,0,20000,40000,-20000,-20000
05424P,台達電亞東96售02,0,0,0,0,0,0,0,0,0,-20000,0,0,0,0,20000,-20000,-20000
054156,聯電亞東98購01  ,0,0,0,0,0,0,0,0,0,-20000,0,0,0,0,20000,-20000,-20000
054206,鴻海國票99購01  ,0,0,0,0,0,0,0,0,0,-20000,0,0,0,5000,25000,-20000,-20000
054350,美律國泰98購01  ,0,0,0,0,0,0,0,0,0,-20000,0,0,0,30000,50000,-20000,-20000
054517,高鐵元大96購01  ,0,0,0,0,0,0,0,0,0,-20000,0,0,0,121000,141000,-20000,-20000
054454,滬深2X群益96購04,0,0,0,0,0,0,0,0,0,-20000,0,0,0,0,20000,-20000,-20000
054471,T50反1中信9C購01,0,0,0,0,0,0,0,0,0,-20000,0,0,0,0,20000,-20000,-20000
054590,嘉聯益國泰98購01,0,0,0,0,0,0,0,0,0,-20000,0,0,0,32000,52000,-20000,-20000
054819,裕民元大9A購01  ,0,0,0,0,0,0,0,0,0,-20000,0,0,0,0,20000,-20000,-20000
05483P,國巨凱基95售07  ,0,0,0,0,0,0,0,0,0,-20000,0,0,0,0,20000,-20000,-20000
054832,興勤中信97購01  ,0,0,0,0,0,0,0,0,0,-20000,0,0,0,10000,30000,-20000,-20000
054834,帆宣中信97購01  ,0,0,0,0,0,0,0,0,0,-20000,0,0,0,0,20000,-20000,-20000
043019,華晶科元大94購01,0,0,0,0,0,0,0,0,0,-20000,0,0,0,0,20000,-20000,-20000
04261P,大立光群益93售12,0,0,0,0,0,0,0,0,0,-20000,0,0,0,0,20000,-20000,-20000
04269P,華通國票93售03  ,0,0,0,0,0,0,0,0,0,-20000,0,0,0,100000,120000,-20000,-20000
04267P,康控元富93售04  ,0,0,0,0,0,0,0,0,0,-20000,0,0,0,0,20000,-20000,-20000
043956,聯茂統一91購02  ,0,0,0,0,0,0,0,0,0,-20000,0,0,0,0,20000,-20000,-20000
04388P,滬深2X凱基95售05,0,0,0,0,0,0,0,0,0,-20000,0,0,0,0,20000,-20000,-20000
043880,日月光元大91購03,0,0,0,0,0,0,0,0,0,-20000,0,0,0,0,20000,-20000,-20000
043887,力成元大91購01  ,0,0,0,0,0,0,0,0,0,-20000,0,0,0,0,20000,-20000,-20000
043974,亞德客元大91購02,0,0,0,0,0,0,0,0,0,-20000,0,0,0,0,20000,-20000,-20000
042281,元油2X富邦96購02,0,0,0,0,0,0,0,0,0,-20000,0,0,0,0,20000,-20000,-20000
042312,嘉晶凱基91購01  ,0,0,0,0,0,0,0,0,0,-20000,0,0,0,0,20000,-20000,-20000
044754,漢唐凱基91購05  ,0,0,0,0,0,0,0,0,0,-20000,0,0,0,10000,30000,-20000,-20000
044761,嘉澤凱基91購07  ,0,0,0,0,0,0,0,0,0,-20000,0,0,0,0,20000,-20000,-20000
044770,漢唐元大93購02  ,0,0,0,0,0,0,0,0,0,-20000,0,0,0,0,20000,-20000,-20000
04326P,泰鼎元大93售06  ,0,0,0,0,0,0,0,0,0,-20000,0,0,0,0,20000,-20000,-20000
043282,美律元大92購02  ,0,0,0,0,0,0,0,0,0,-20000,0,0,0,50000,70000,-20000,-20000
042169,元油2X凱基92購03,0,0,0,0,0,0,0,0,0,-20000,0,0,0,0,20000,-20000,-20000
03059X,元展54          ,0,0,0,0,0,0,0,0,0,-20000,0,0,0,0,20000,-20000,-20000
03859P,聯詠元富93售04  ,0,0,0,0,0,0,0,0,0,-20000,0,0,0,0,20000,-20000,-20000
03788P,聯發科群益94售02,0,0,0,0,0,0,0,0,0,-20000,0,0,0,0,20000,-20000,-20000
03404B,臺股指元富91熊09,0,0,0,0,0,0,0,0,0,-20000,0,0,0,40000,60000,-20000,-20000
03351P,台積電麥證02售07,0,0,0,0,0,0,0,0,0,-20000,0,0,0,0,20000,-20000,-20000
03636C,元油2X元富04牛01,0,0,0,0,0,0,0,0,0,-20000,0,0,0,0,20000,-20000,-20000
043660,華新科元大93購01,0,0,0,0,0,0,0,0,0,-20000,0,0,0,11000,31000,-20000,-20000
044691,緯穎凱基91購05  ,0,0,0,0,0,0,0,0,0,-20000,0,0,0,0,20000,-20000,-20000
044488,亞德客元大91購05,0,0,0,0,0,0,0,0,0,-20000,0,0,0,0,20000,-20000,-20000
044563,亞德客凱基92購01,0,0,0,0,0,0,0,0,0,-20000,0,0,0,0,20000,-20000,-20000
044406,臻鼎凱基92購01  ,0,0,0,0,0,0,0,0,0,-20000,0,0,0,20000,40000,-20000,-20000
044401,亞光凱基93購01  ,0,0,0,0,0,0,0,0,0,-20000,0,0,0,10000,30000,-20000,-20000
044423,元油2X國泰92購01,0,0,0,0,0,0,0,0,0,-20000,0,0,0,0,20000,-20000,-20000
047746,宏碁元富93購01  ,0,0,0,0,0,0,0,0,0,-20000,0,0,0,10000,30000,-20000,-20000
048024,鴻海凱基93購29  ,0,0,0,0,0,0,0,0,0,-20000,0,0,0,12000,32000,-20000,-20000
047930,嘉澤凱基93購03  ,0,0,0,0,0,0,0,0,0,-20000,0,0,0,10000,30000,-20000,-20000
047944,中石化元富96購01,0,0,0,0,0,0,0,0,0,-20000,0,0,0,80000,100000,-20000,-20000
047678,景碩台新93購01  ,0,0,0,0,0,0,0,0,0,-20000,0,0,0,0,20000,-20000,-20000
048057,宏達電國泰94購02,0,0,0,0,0,0,0,0,0,-20000,0,0,0,2000,22000,-20000,-20000
044904,聯詠凱基91購04  ,0,0,0,0,0,0,0,0,0,-20000,0,0,0,20000,40000,-20000,-20000
045832,建準群益92購01  ,0,0,0,0,0,0,0,0,0,-20000,0,0,0,0,20000,-20000,-20000
045273,鴻海統一92購02  ,0,0,0,0,0,0,0,0,0,-20000,0,0,0,0,20000,-20000,-20000
045486,喬山日盛92購01  ,0,0,0,0,0,0,0,0,0,-20000,0,0,0,0,20000,-20000,-20000
045474,力成元大92購01  ,0,0,0,0,0,0,0,0,0,-20000,0,0,0,0,20000,-20000,-20000
045537,華新群益94購01  ,0,0,0,0,0,0,0,0,0,-20000,0,0,0,0,20000,-20000,-20000
045007,台光電元大92購04,0,0,0,0,0,0,0,0,0,-20000,0,0,0,20000,40000,-20000,-20000
044024,祥碩凱基93購01  ,0,0,0,0,0,0,0,0,0,-20000,0,0,0,0,20000,-20000,-20000
044930,元黃金富邦93購01,0,0,0,0,0,0,0,0,0,-20000,0,0,0,10000,30000,-20000,-20000
045119,美律元大92購06  ,0,0,0,0,0,0,0,0,0,-20000,0,0,0,0,20000,-20000,-20000
046202,台表科凱基93購04,0,0,0,0,0,0,0,0,0,-20000,0,0,0,0,20000,-20000,-20000
046190,宏盛凱基92購01  ,0,0,0,0,0,0,0,0,0,-20000,0,0,0,0,20000,-20000,-20000
047119,臻鼎元大93購01  ,0,0,0,0,0,0,0,0,0,-20000,0,0,0,0,20000,-20000,-20000
046867,瑞昱統一93購01  ,0,0,0,0,0,0,0,0,0,-20000,0,0,0,20000,40000,-20000,-20000
046901,英業達凱基93購02,0,0,0,0,0,0,0,0,0,-20000,0,0,0,0,20000,-20000,-20000
04691P,智邦群益94售02  ,0,0,0,0,0,0,0,0,0,-20000,0,0,0,7000,27000,-20000,-20000
047234,晶技凱基93購01  ,0,0,0,0,0,0,0,0,0,-20000,0,0,0,0,20000,-20000,-20000
048891,傳奇元富97購02  ,0,0,0,0,0,0,0,0,0,-20000,0,0,0,0,20000,-20000,-20000
048907,高鐵富邦94購01  ,0,0,0,0,0,0,0,0,0,-20000,0,0,0,0,20000,-20000,-20000
047510,奇力新國票94購01,0,0,0,0,0,0,0,0,0,-20000,0,0,0,0,20000,-20000,-20000
047058,聯茂國票94購01  ,0,0,0,0,0,0,0,0,0,-20000,0,0,0,31000,51000,-20000,-20000
049456,上海銀統一94購03,0,0,0,0,0,0,0,0,0,-20000,0,0,0,10000,30000,-20000,-20000
049461,嘉聯益元富94購01,0,0,0,0,0,0,0,0,0,-20000,0,0,0,0,20000,-20000,-20000
049389,元石油中信97購02,0,0,0,0,0,0,0,0,0,-20000,0,0,0,0,20000,-20000,-20000
049558,深中小統一94購04,0,0,0,0,0,0,0,0,0,-20000,0,0,0,10000,30000,-20000,-20000
04949P,致新元大94售04  ,0,0,0,0,0,0,0,0,0,-20000,0,0,0,0,20000,-20000,-20000
04956P,臺股指日盛94售02,0,0,0,0,0,0,0,0,0,-20000,0,0,0,0,20000,-20000,-20000
048971,美食元大94購01  ,0,0,0,0,0,0,0,0,0,-20000,0,0,0,0,20000,-20000,-20000
048639,漢唐元大93購07  ,0,0,0,0,0,0,0,0,0,-20000,0,0,0,0,20000,-20000,-20000
048496,南亞科元大93購05,0,0,0,0,0,0,0,0,0,-20000,0,0,0,10000,30000,-20000,-20000
04812P,國巨元大95售03  ,0,0,0,0,0,0,0,0,0,-20000,0,0,0,0,20000,-20000,-20000
048130,美利達元大96購01,0,0,0,0,0,0,0,0,0,-20000,0,0,0,0,20000,-20000,-20000
048275,A50正2永豐93購01,0,0,0,0,0,0,0,0,0,-20000,0,0,0,0,20000,-20000,-20000
048358,嘉晶永豐93購03  ,0,0,0,0,0,0,0,0,0,-20000,0,0,0,20000,40000,-20000,-20000
048304,滬深2X凱基93購04,0,0,0,0,0,0,0,0,0,-20000,0,0,0,0,20000,-20000,-20000
048316,可成凱基93購15  ,0,0,0,0,0,0,0,0,0,-20000,0,0,0,0,20000,-20000,-20000
046315,淘帝元大92購01  ,0,0,0,0,0,0,0,0,0,-20000,0,0,0,0,20000,-20000,-20000
046325,日月光元大92購03,0,0,0,0,0,0,0,0,0,-20000,0,0,0,0,20000,-20000,-20000
046278,緯創台新92購01  ,0,0,0,0,0,0,0,0,0,-20000,0,0,0,0,20000,-20000,-20000
046246,嘉聯益亞東93購01,0,0,0,0,0,0,0,0,0,-20000,0,0,0,30000,50000,-20000,-20000
046223,華通元大92購04  ,0,0,0,0,0,0,0,0,0,-20000,0,0,0,0,20000,-20000,-20000
048516,麗豐凱基93購02  ,0,0,0,0,0,0,0,0,0,-20000,0,0,0,0,20000,-20000,-20000
048497,京元電元大93購02,0,0,0,0,0,0,0,0,0,-20000,0,0,0,0,20000,-20000,-20000
046534,鴻海群益92購05  ,0,0,0,0,0,0,0,0,0,-20000,0,0,0,0,20000,-20000,-20000
047841,致伸元大94購01  ,0,0,0,0,0,0,0,0,0,-20000,0,0,0,0,20000,-20000,-20000
046589,康控元大92購03  ,0,0,0,0,0,0,0,0,0,-20000,0,0,0,0,20000,-20000,-20000
046609,深中小國票93購01,0,0,0,0,0,0,0,0,0,-20000,0,0,0,0,20000,-20000,-20000
048752,廣越元富95購01  ,0,0,0,0,0,0,0,0,0,-20000,0,0,0,0,20000,-20000,-20000
048755,志超元富96購01  ,0,0,0,0,0,0,0,0,0,-20000,0,0,0,0,20000,-20000,-20000
048764,台光電凱基94購03,0,0,0,0,0,0,0,0,0,-20000,0,0,0,14000,34000,-20000,-20000
04753P,台積電統一94售11,0,0,0,0,0,0,0,0,0,-20000,0,0,0,0,20000,-20000,-20000
047455,儒鴻群益93購03  ,0,0,0,0,0,0,0,0,0,-20000,0,0,0,45000,65000,-20000,-20000
047477,台積電凱基93購15,0,0,0,0,0,0,0,0,0,-20000,0,0,0,53000,73000,-20000,-20000
046653,鴻海元大93購05  ,0,0,0,0,0,0,0,0,0,-20000,0,0,0,0,20000,-20000,-20000
046631,創意元富93購01  ,0,0,0,0,0,0,0,0,0,-20000,0,0,0,0,20000,-20000,-20000
046646,冠德國泰94購01  ,0,0,0,0,0,0,0,0,0,-20000,0,0,0,6000,26000,-20000,-20000
048536,南電國票93購04  ,0,0,0,0,0,0,0,0,0,-20000,0,0,0,0,20000,-20000,-20000
048834,牧德凱基94購01  ,0,0,0,0,0,0,0,0,0,-20000,0,0,0,25000,45000,-20000,-20000
046618,南亞科凱基93購01,0,0,0,0,0,0,0,0,0,-20000,0,0,0,0,20000,-20000,-20000
051153,鴻海國泰97購02  ,0,0,0,0,0,0,0,0,0,-20000,0,0,0,10000,30000,-20000,-20000
051252,健鼎元大95購01  ,0,0,0,0,0,0,0,0,0,-20000,0,0,0,0,20000,-20000,-20000
051203,微星麥證95購01  ,0,0,0,0,20000,-20000,0,0,0,-20000,0,0,0,0,20000,-20000,-20000
051177,可成凱基95購05  ,0,0,0,0,0,0,0,0,0,-20000,0,0,0,0,20000,-20000,-20000
051860,為升凱基95購01  ,0,0,0,0,0,0,0,0,0,-20000,0,0,0,20000,40000,-20000,-20000
051925,瀚宇博第一95購01,0,0,0,0,0,0,0,0,0,-20000,0,0,0,0,20000,-20000,-20000
051910,大立光元大97購01,0,0,0,0,0,0,0,0,0,-20000,0,0,0,0,20000,-20000,-20000
051741,可成國票97購01  ,0,0,0,0,0,0,0,0,0,-20000,0,0,0,0,20000,-20000,-20000
052192,SP黃豆元富95購04,0,0,0,0,0,0,0,0,0,-20000,0,0,0,0,20000,-20000,-20000
052293,泰碩國票95購03  ,0,0,0,0,0,0,0,0,0,-20000,0,0,0,30000,50000,-20000,-20000
050365,中石化元大94購02,0,0,0,0,0,0,0,0,0,-20000,0,0,0,0,20000,-20000,-20000
050671,超眾永豐94購04  ,0,0,0,0,0,0,0,0,0,-20000,0,0,0,8000,28000,-20000,-20000
050649,華新科凱基96購01,0,0,0,0,0,0,0,0,0,-20000,0,0,0,2000,22000,-20000,-20000
050604,上証2X永昌94購01,0,0,0,0,0,0,0,0,0,-20000,0,0,0,50000,70000,-20000,-20000
05057P,鴻海國票96售01  ,0,0,0,0,0,0,0,0,0,-20000,0,0,0,0,20000,-20000,-20000
050569,英業達中信94購01,0,0,0,0,0,0,0,0,0,-20000,0,0,0,0,20000,-20000,-20000
050694,國巨凱基96購03  ,0,0,0,0,0,0,0,0,0,-20000,0,0,0,45000,65000,-20000,-20000
050721,台泥國票94購01  ,0,0,0,0,0,0,0,0,0,-20000,0,0,0,0,20000,-20000,-20000
05075P,台積電麥證95售01,0,0,0,0,20000,-20000,0,0,0,-20000,0,0,0,0,20000,-20000,-20000
050954,樺漢群益95購01  ,0,0,0,0,0,0,0,0,0,-20000,0,0,0,10000,30000,-20000,-20000
050068,美食凱基94購03  ,0,0,0,0,0,0,0,0,0,-20000,0,0,0,0,20000,-20000,-20000
049982,嘉晶凱基94購01  ,0,0,0,0,0,0,0,0,0,-20000,0,0,0,15000,35000,-20000,-20000
049969,泰鼎國票95購01  ,0,0,0,0,0,0,0,0,0,-20000,0,0,0,0,20000,-20000,-20000
049965,矽創元富94購01  ,0,0,0,0,0,0,0,0,0,-20000,0,0,0,0,20000,-20000,-20000
050039,鴻海中信94購03  ,0,0,0,0,0,0,0,0,0,-20000,0,0,0,0,20000,-20000,-20000
050040,鴻海中信94購04  ,0,0,0,0,0,0,0,0,0,-20000,0,0,0,0,20000,-20000,-20000
050263,旺宏元大94購10  ,0,0,0,0,0,0,0,0,0,-20000,0,0,0,63000,83000,-20000,-20000
050306,聯發科中信97購01,0,0,0,0,0,0,0,0,0,-20000,0,0,0,0,20000,-20000,-20000
05018P,臺股指元大95售09,0,0,0,0,0,0,0,0,0,-20000,0,0,0,0,20000,-20000,-20000
05020P,廣達中信95售01  ,0,0,0,0,0,0,0,0,0,-20000,0,0,0,0,20000,-20000,-20000
050162,中環國泰95購01  ,0,0,0,0,0,0,0,0,0,-20000,0,0,0,10000,30000,-20000,-20000
050129,聯發科凱基94購11,0,0,0,0,0,0,0,0,0,-20000,0,0,0,0,20000,-20000,-20000
04980P,臺股指凱基96售08,0,0,0,0,0,0,0,0,0,-20000,0,0,0,0,20000,-20000,-20000
049901,瑞昱元富94購01  ,0,0,0,0,0,0,0,0,0,-20000,0,0,0,0,20000,-20000,-20000
049936,柏文元大94購02  ,0,0,0,0,0,0,0,0,0,-20000,0,0,0,0,20000,-20000,-20000
049933,GIS元大95購01   ,0,0,0,0,0,0,0,0,0,-20000,0,0,0,100000,120000,-20000,-20000
049729,日月光中信94購01,0,0,0,0,0,0,0,0,0,-20000,0,0,0,0,20000,-20000,-20000
049753,傳奇永豐94購01  ,0,0,0,0,0,0,0,0,0,-20000,0,0,0,0,20000,-20000,-20000
05768P,台積電凱基96售15,0,0,0,0,0,0,0,0,0,-20000,0,0,0,0,20000,-20000,-20000
05835P,臺股指元富96售07,0,0,0,0,0,0,0,0,0,-20000,0,0,0,0,20000,-20000,-20000
05643P,大立光中信98售01,0,0,0,0,0,0,0,0,0,-20000,0,0,0,0,20000,-20000,-20000
05700P,臻鼎凱基96售02  ,0,0,0,0,0,0,0,0,0,-20000,0,0,0,0,20000,-20000,-20000
05559P,臺股指麥證96售01,0,0,0,40000,60000,-20000,0,0,0,-20000,0,0,0,40000,60000,-20000,-20000
055277,旺宏元大97購04  ,0,0,0,0,0,0,0,0,0,-20000,0,0,0,0,20000,-20000,-20000
055226,聯發科國票97購05,0,0,0,0,0,0,0,0,0,-20000,0,0,0,0,20000,-20000,-20000
055026,健和興國泰98購01,0,0,0,0,0,0,0,0,0,-20000,0,0,0,0,20000,-20000,-20000
055024,興勤國泰98購01  ,0,0,0,0,0,0,0,0,0,-20000,0,0,0,0,20000,-20000,-20000
054992,南亞科元富97購02,0,0,0,0,0,0,0,0,0,-20000,0,0,0,0,20000,-20000,-20000
054999,玉晶光元富97購03,0,0,0,0,0,0,0,0,0,-20000,0,0,0,0,20000,-20000,-20000
054920,智原凱基98購01  ,0,0,0,0,0,0,0,0,0,-20000,0,0,0,2000,22000,-20000,-20000
06051P,嘉聯益國票97售04,0,0,0,0,0,0,0,0,0,-20000,0,0,0,0,20000,-20000,-20000
06144P,台光電永豐97售01,0,0,0,0,0,0,0,0,0,-20000,0,0,0,0,20000,-20000,-20000
2444,兆勁            ,37000,57000,-20000,0,0,0,0,0,0,0,0,0,0,0,0,0,-20000
6224,聚鼎            ,4000,27000,-23000,0,0,0,0,0,0,3000,3000,0,3000,0,0,0,-20000
3454,晶睿            ,5000,26000,-21000,0,0,0,0,0,0,1000,1000,0,1000,0,0,0,-20000
054562,亞光群益98購01  ,0,0,0,0,0,0,0,0,0,-21000,0,0,0,23000,44000,-21000,-21000
053733,華邦電中信98購01,0,0,0,0,0,0,0,0,0,-21000,0,0,0,58000,79000,-21000,-21000
053741,漢唐國票97購03  ,0,0,0,0,0,0,0,0,0,-21000,0,0,0,10000,31000,-21000,-21000
052603,鴻海元大96購15  ,0,0,0,0,0,0,0,0,0,-21000,0,0,0,76000,97000,-21000,-21000
052324,康友元大96購02  ,0,0,0,0,0,0,0,0,0,-21000,0,0,0,146000,167000,-21000,-21000
052897,緯創群益96購03  ,0,0,0,0,0,0,0,0,0,-21000,0,0,0,42000,63000,-21000,-21000
053110,大立光兆豐97購01,0,0,0,0,0,0,0,0,0,-21000,0,0,0,49000,70000,-21000,-21000
053058,台光電永昌99購01,0,0,0,0,0,0,0,0,0,-21000,0,0,0,15000,36000,-21000,-21000
045111,亞德客永豐92購01,0,0,0,0,0,0,0,0,0,-21000,0,0,0,40000,61000,-21000,-21000
045931,緯穎永豐93購01  ,0,0,0,0,0,0,0,0,0,-21000,0,0,0,30000,51000,-21000,-21000
047747,致茂元富93購01  ,0,0,0,0,0,0,0,0,0,-21000,0,0,0,0,21000,-21000,-21000
044321,超眾永豐91購01  ,0,0,0,0,0,0,0,0,0,-21000,0,0,0,0,21000,-21000,-21000
04447P,上銀凱基94售02  ,0,0,0,0,0,0,0,0,0,-21000,0,0,0,1000,22000,-21000,-21000
047898,嘉澤群益93購02  ,0,0,0,0,0,0,0,0,0,-21000,0,0,0,40000,61000,-21000,-21000
043642,元金2X國票97購01,0,0,0,0,0,0,0,0,0,-21000,0,0,0,10000,31000,-21000,-21000
044870,上銀統一91購02  ,0,0,0,0,0,0,0,0,0,-21000,0,0,0,41000,62000,-21000,-21000
042313,聯鈞凱基91購01  ,0,0,0,0,0,0,0,0,0,-21000,0,0,0,31000,52000,-21000,-21000
048863,超眾群益94購01  ,0,0,0,0,0,0,0,0,0,-21000,0,0,0,0,21000,-21000,-21000
049415,智邦凱基94購02  ,0,0,0,0,0,0,0,0,0,-21000,0,0,0,68000,89000,-21000,-21000
046966,南茂中信93購01  ,0,0,0,0,0,0,0,0,0,-21000,0,0,0,0,21000,-21000,-21000
046209,全新元富92購01  ,0,0,0,0,0,0,0,0,0,-21000,0,0,0,10000,31000,-21000,-21000
050939,健鼎國票96購01  ,0,0,0,0,0,0,0,0,0,-21000,0,0,0,104000,125000,-21000,-21000
050780,台表科元大96購01,0,0,0,0,0,0,0,0,0,-21000,0,0,0,0,21000,-21000,-21000
050511,元油2X元大94購11,0,0,0,0,0,0,0,0,0,-21000,0,0,0,35000,56000,-21000,-21000
050379,易華電群益96購01,0,0,0,0,0,0,0,0,0,-21000,0,0,0,0,21000,-21000,-21000
051761,富邦金元大96購01,0,0,0,0,0,0,0,0,0,-21000,0,0,0,1000,22000,-21000,-21000
051448,聯詠元大95購02  ,0,0,0,0,0,0,0,0,0,-21000,0,0,0,44000,65000,-21000,-21000
3705,永信            ,1000,22000,-21000,0,0,0,0,0,0,0,0,0,0,0,0,0,-21000
2476,鉅祥            ,24000,44000,-20000,0,0,0,0,0,0,-1000,0,1000,-1000,0,0,0,-21000
2390,云辰            ,59000,78000,-19000,0,0,0,0,0,0,-2000,0,2000,-2000,0,0,0,-21000
1713,國化            ,0,21000,-21000,0,0,0,0,0,0,0,0,0,0,0,0,0,-21000
2013,中鋼構          ,13000,34000,-21000,0,0,0,0,0,0,0,0,0,0,0,0,0,-21000
06080P,景碩群益98售02  ,0,0,0,0,0,0,0,0,0,-21000,0,0,0,0,21000,-21000,-21000
05665P,台積電凱基96售08,0,0,0,0,0,0,0,0,0,-21000,0,0,0,0,21000,-21000,-21000
05861P,瀚宇博永豐96售02,0,0,0,0,0,0,0,0,0,-21000,0,0,0,0,21000,-21000,-21000
053305,聯詠凱基96購02  ,0,0,0,0,0,0,0,0,0,-22000,0,0,0,0,22000,-22000,-22000
052933,祥碩元大96購01  ,0,0,0,0,0,0,0,0,0,-22000,0,0,0,222000,244000,-22000,-22000
053899,矽創群益96購02  ,0,0,0,0,0,0,0,0,0,-22000,0,0,0,0,22000,-22000,-22000
054209,台積電國票97購08,30000,0,30000,0,0,0,0,0,0,-52000,0,0,0,6000,58000,-52000,-22000
054021,義隆台新96購01  ,0,0,0,0,0,0,0,0,0,-22000,0,0,0,0,22000,-22000,-22000
054359,南亞科日盛96購02,0,0,0,0,0,0,0,0,0,-22000,0,0,0,0,22000,-22000,-22000
054735,漢唐凱基98購01  ,0,0,0,0,0,0,0,0,0,-22000,0,0,0,0,22000,-22000,-22000
03010X,元展10          ,0,0,0,0,0,0,0,0,0,-22000,0,0,0,0,22000,-22000,-22000
044950,玉晶光群益94購01,0,0,0,0,0,0,0,0,0,-22000,0,0,0,19000,41000,-22000,-22000
046904,大毅凱基93購01  ,0,0,0,0,0,0,0,0,0,-22000,0,0,0,29000,51000,-22000,-22000
046862,台郡元大94購01  ,0,0,0,0,0,0,0,0,0,-22000,0,0,0,3000,25000,-22000,-22000
046890,瑞昱群益93購02  ,0,0,0,0,0,0,0,0,0,-22000,0,0,0,22000,44000,-22000,-22000
047247,淘帝群益93購01  ,0,0,0,0,0,0,0,0,0,-22000,0,0,0,10000,32000,-22000,-22000
048525,華通國票94購02  ,0,0,0,0,0,0,0,0,0,-22000,0,0,0,2000,24000,-22000,-22000
048453,嘉澤凱基93購05  ,0,0,0,0,0,0,0,0,0,-22000,0,0,0,116000,138000,-22000,-22000
048169,瑞昱永豐93購02  ,0,0,0,0,0,0,0,0,0,-22000,0,0,0,3000,25000,-22000,-22000
051361,泰鼎元大95購01  ,0,0,0,0,0,0,0,0,0,-22000,0,0,0,62000,84000,-22000,-22000
051639,康友國票96購02  ,0,0,0,0,0,0,0,0,0,-22000,0,0,0,0,22000,-22000,-22000
051558,元金2X國泰97購01,0,0,0,0,0,0,0,0,0,-22000,0,0,0,17000,39000,-22000,-22000
051564,和碩國泰96購01  ,0,0,0,0,0,0,0,0,0,-22000,0,0,0,23000,45000,-22000,-22000
051053,台光電群益95購01,0,0,0,0,0,0,0,0,0,-22000,0,0,0,303000,325000,-22000,-22000
051902,T50反1元大97購01,0,0,0,0,0,0,0,0,0,-22000,0,0,0,15000,37000,-22000,-22000
05201P,玉晶光國泰97售02,0,0,0,0,0,0,0,0,0,-22000,0,0,0,80000,102000,-22000,-22000
049699,祥碩元大94購01  ,0,0,0,0,0,0,0,0,0,-22000,0,0,0,12000,34000,-22000,-22000
049667,大立光國泰96購01,0,0,0,0,0,0,0,0,0,-22000,0,0,0,73000,95000,-22000,-22000
049825,台積電凱基94購26,0,0,0,0,0,0,0,0,0,-22000,0,0,0,288000,310000,-22000,-22000
05030P,台積電元富95售04,0,0,0,0,0,0,0,0,0,-22000,0,0,0,2000,24000,-22000,-22000
050058,國巨凱基94購06  ,0,0,0,0,0,0,0,0,0,-22000,0,0,0,50000,72000,-22000,-22000
05828P,台積電統一97售02,0,0,0,0,0,0,0,0,0,-22000,0,0,0,0,22000,-22000,-22000
05921P,同欣電元大96售06,0,0,0,0,0,0,0,0,0,-22000,0,0,0,64000,86000,-22000,-22000
055249,大毅統一99購01  ,0,0,0,0,0,0,0,0,0,-22000,0,0,0,0,22000,-22000,-22000
06101P,聯發科日盛97售03,0,0,0,0,0,0,0,0,0,-22000,0,0,0,10000,32000,-22000,-22000
06052P,台郡國票97售06  ,0,0,0,0,0,0,0,0,0,-22000,0,0,0,10000,32000,-22000,-22000
1417,嘉裕            ,41000,63000,-22000,0,0,0,0,0,0,0,0,0,0,0,0,0,-22000
1598,岱宇            ,25000,46000,-21000,0,0,0,0,0,0,-1000,0,1000,-1000,0,0,0,-22000
2493,揚博            ,0,22000,-22000,0,0,0,0,0,0,0,0,0,0,0,0,0,-22000
4766,南寶            ,21000,44000,-23000,0,0,0,0,0,0,1000,0,0,0,1000,0,1000,-22000
3050,鈺德            ,0,26000,-26000,0,0,0,0,0,0,4000,5000,1000,4000,0,0,0,-22000
054300,華通凱基96購07  ,0,0,0,0,0,0,0,0,0,-23000,0,0,0,238000,261000,-23000,-23000
054412,智邦元大96購03  ,0,0,0,0,0,0,0,0,0,-23000,0,0,0,89000,112000,-23000,-23000
054500,美律永豐96購02  ,0,0,0,0,0,0,0,0,0,-23000,0,0,0,17000,40000,-23000,-23000
054176,亞光台新96購01  ,0,0,0,0,0,0,0,0,0,-23000,0,0,0,10000,33000,-23000,-23000
053697,臻鼎元大96購02  ,0,0,0,0,0,0,0,0,0,-23000,0,0,0,73000,96000,-23000,-23000
052454,力成元大95購02  ,0,0,0,0,0,0,0,0,0,-23000,0,0,0,13000,36000,-23000,-23000
053204,旺宏麥證96購01  ,0,0,0,21000,44000,-23000,0,0,0,-23000,0,0,0,21000,44000,-23000,-23000
045227,致伸元大93購01  ,0,0,0,0,0,0,0,0,0,-23000,0,0,0,0,23000,-23000,-23000
044427,群創國泰93購01  ,0,0,0,0,0,0,0,0,0,-23000,0,0,0,63000,86000,-23000,-23000
04132P,瑞昱群益93售04  ,0,0,0,0,0,0,0,0,0,-23000,0,0,0,0,23000,-23000,-23000
045795,瀚宇博兆豐94購01,0,0,0,0,0,0,0,0,0,-23000,0,0,0,37000,60000,-23000,-23000
04207P,臺股指元大93售47,0,0,0,0,0,0,0,0,0,-23000,0,0,0,45000,68000,-23000,-23000
04626P,聯發科元大94售07,0,0,0,0,0,0,0,0,0,-23000,0,0,0,0,23000,-23000,-23000
047318,聯詠元大93購07  ,0,0,0,0,0,0,0,0,0,-23000,0,0,0,57000,80000,-23000,-23000
046965,復盛中信93購01  ,0,0,0,0,0,0,0,0,0,-23000,0,0,0,0,23000,-23000,-23000
049284,瑞昱中信94購02  ,0,0,0,0,0,0,0,0,0,-23000,0,0,0,35000,58000,-23000,-23000
049210,昇陽半群益94購02,0,0,0,0,0,0,0,0,0,-23000,0,0,0,20000,43000,-23000,-23000
049915,瑞昱元大94購07  ,0,0,0,0,0,0,0,0,0,-23000,0,0,0,61000,84000,-23000,-23000
050523,義隆元大94購05  ,0,0,0,0,0,0,0,0,0,-23000,0,0,0,1000,24000,-23000,-23000
050711,TPK中信94購01   ,0,0,0,0,0,0,0,0,0,-23000,0,0,0,0,23000,-23000,-23000
050717,京鼎群益96購01  ,0,0,0,0,0,0,0,0,0,-23000,0,0,0,318000,341000,-23000,-23000
050861,鴻海永豐95購01  ,0,0,0,0,0,0,0,0,0,-23000,0,0,0,76000,99000,-23000,-23000
052206,燿華中信95購02  ,0,0,0,0,0,0,0,0,0,-23000,0,0,0,21000,44000,-23000,-23000
052172,致茂元大95購01  ,0,0,0,0,0,0,0,0,0,-23000,0,0,0,306000,329000,-23000,-23000
052084,台泥元大95購01  ,0,0,0,0,0,0,0,0,0,-23000,0,0,0,17000,40000,-23000,-23000
05141P,華通台新96售01  ,0,0,0,0,0,0,0,0,0,-23000,0,0,0,0,23000,-23000,-23000
2617,台航            ,2000,25000,-23000,0,0,0,0,0,0,0,0,0,0,0,0,0,-23000
5258,虹堡            ,12000,35000,-23000,0,0,0,0,0,0,0,0,0,0,0,0,0,-23000
5533,皇鼎            ,3000,26000,-23000,0,0,0,0,0,0,0,0,0,0,0,0,0,-23000
9917,中保科          ,112000,115000,-3000,0,0,0,0,0,0,-20000,2000,22000,-20000,0,0,0,-23000
2535,達欣工          ,47000,70000,-23000,0,0,0,0,0,0,0,0,0,0,0,0,0,-23000
2365,昆盈            ,8000,31000,-23000,0,0,0,0,0,0,0,0,0,0,0,0,0,-23000
2020,美亞            ,14000,37000,-23000,0,0,0,0,0,0,0,0,0,0,0,0,0,-23000
2006,東和鋼鐵        ,98000,132000,-34000,0,0,0,0,0,0,11000,11000,0,11000,0,0,0,-23000
2314,台揚            ,55000,124000,-69000,0,0,0,0,0,0,46000,6000,1000,5000,41000,0,41000,-23000
06149P,台積電元大97售18,0,0,0,0,0,0,0,0,0,-23000,0,0,0,60000,83000,-23000,-23000
06038P,國泰金台新96售01,0,0,0,0,0,0,0,0,0,-23000,0,0,0,15000,38000,-23000,-23000
06029P,聯發科台新96售02,0,0,0,0,0,0,0,0,0,-23000,0,0,0,0,23000,-23000,-23000
05489P,臺股指凱基95售22,0,0,0,0,0,0,0,0,0,-23000,0,0,0,191000,214000,-23000,-23000
05884P,旺宏統一96售01  ,0,0,0,0,0,0,0,0,0,-23000,0,0,0,0,23000,-23000,-23000
055284,全新元大99購01  ,0,0,0,0,0,0,0,0,0,-23000,0,0,0,0,23000,-23000,-23000
053121,上証2X凱基9C購01,0,0,0,0,0,0,0,0,0,-24000,0,0,0,0,24000,-24000,-24000
053609,華新中信9A購01  ,0,0,0,0,0,0,0,0,0,-24000,0,0,0,0,24000,-24000,-24000
05280P,華通元大95售08  ,0,0,0,0,0,0,0,0,0,-24000,0,0,0,124000,148000,-24000,-24000
053774,台達電元大96購04,0,0,0,0,0,0,0,0,0,-24000,0,0,0,1000,25000,-24000,-24000
054402,康控永豐96購03  ,0,0,0,0,0,0,0,0,0,-24000,0,0,0,0,24000,-24000,-24000
054297,台郡元大98購01  ,0,0,0,0,0,0,0,0,0,-24000,0,0,0,6000,30000,-24000,-24000
054596,聯發科麥證97購01,0,0,0,1000,25000,-24000,0,0,0,-24000,0,0,0,1000,25000,-24000,-24000
054825,康友元大97購01  ,0,0,0,0,0,0,0,0,0,-24000,0,0,0,109000,133000,-24000,-24000
054765,亞光國票98購02  ,0,0,0,0,0,0,0,0,0,-24000,0,0,0,10000,34000,-24000,-24000
00635U,元大S&P黃金     ,66000,300000,-234000,0,0,0,0,0,0,210000,0,0,0,367000,157000,210000,-24000
044200,群創國票93購01  ,0,0,0,0,0,0,0,0,0,-24000,0,0,0,38000,62000,-24000,-24000
046020,滬深2X元大95購02,0,0,0,0,0,0,0,0,0,-24000,0,0,0,265000,289000,-24000,-24000
049209,GIS群益94購03   ,0,0,0,0,0,0,0,0,0,-24000,0,0,0,51000,75000,-24000,-24000
049016,國巨群益94購02  ,0,0,0,0,0,0,0,0,0,-24000,0,0,0,18000,42000,-24000,-24000
05154P,台積電兆豐95售05,0,0,0,0,0,0,0,0,0,-24000,0,0,0,17000,41000,-24000,-24000
052249,大成鋼永豐95購01,0,0,0,0,0,0,0,0,0,-24000,0,0,0,0,24000,-24000,-24000
051858,上銀凱基95購01  ,0,0,0,0,0,0,0,0,0,-24000,0,0,0,0,24000,-24000,-24000
051832,復盛元大95購01  ,0,0,0,0,0,0,0,0,0,-24000,0,0,0,0,24000,-24000,-24000
05096P,台積電日盛95售01,0,0,0,0,0,0,0,0,0,-24000,0,0,0,40000,64000,-24000,-24000
05889P,群創元大98售02  ,0,0,0,0,0,0,0,0,0,-24000,0,0,0,45000,69000,-24000,-24000
05919P,京鼎元大96售03  ,0,0,0,0,0,0,0,0,0,-24000,0,0,0,1000,25000,-24000,-24000
05795P,華邦電群益96售05,0,0,0,0,0,0,0,0,0,-24000,0,0,0,10000,34000,-24000,-24000
055142,健策永豐98購01  ,0,0,0,0,0,0,0,0,0,-24000,0,0,0,0,24000,-24000,-24000
054610,聯發科永豐97購01,0,0,0,0,0,0,0,0,0,-25000,0,0,0,55000,80000,-25000,-25000
054370,台積電中信9A購01,0,0,0,0,0,0,0,0,0,-25000,0,0,0,49000,74000,-25000,-25000
053647,臺股指國票96購10,0,0,0,0,0,0,0,0,0,-25000,0,0,0,55000,80000,-25000,-25000
054153,宏達電國泰97購01,0,0,0,0,0,0,0,0,0,-25000,0,0,0,48000,73000,-25000,-25000
054155,美律第一96購01  ,0,0,0,0,0,0,0,0,0,-25000,0,0,0,0,25000,-25000,-25000
054138,晶技元大98購02  ,0,0,0,0,0,0,0,0,0,-25000,0,0,0,0,25000,-25000,-25000
054270,寶滬深中信98購01,0,0,0,0,0,0,0,0,0,-25000,0,0,0,0,25000,-25000,-25000
052726,鴻海元富96購03  ,0,0,0,0,0,0,0,0,0,-25000,0,0,0,275000,300000,-25000,-25000
052883,百和亞東97購01  ,0,0,0,0,0,0,0,0,0,-25000,0,0,0,0,25000,-25000,-25000
05265P,正崴元大95售03  ,0,0,0,0,0,0,0,0,0,-25000,0,0,0,0,25000,-25000,-25000
052636,大立光凱基96購10,0,0,0,0,0,0,0,0,0,-25000,0,0,0,20000,45000,-25000,-25000
05352P,臺股指元富95售06,0,0,0,0,0,0,0,0,0,-25000,0,0,0,0,25000,-25000,-25000
053174,同欣電群益98購02,0,0,0,0,0,0,0,0,0,-25000,0,0,0,123000,148000,-25000,-25000
053306,晶技凱基97購01  ,0,0,0,0,0,0,0,0,0,-25000,0,0,0,0,25000,-25000,-25000
04520P,欣興群益94售02  ,0,0,0,0,0,0,0,0,0,-25000,0,0,0,0,25000,-25000,-25000
047771,緯創元大93購01  ,0,0,0,0,0,0,0,0,0,-25000,0,0,0,73000,98000,-25000,-25000
04330P,台達電亞東93售02,0,0,0,0,0,0,0,0,0,-25000,0,0,0,1000,26000,-25000,-25000
043944,欣興兆豐93購02  ,0,0,0,0,0,0,0,0,0,-25000,0,0,0,0,25000,-25000,-25000
04230P,臺股指中信95售06,0,0,0,0,0,0,0,0,0,-25000,0,0,0,21000,46000,-25000,-25000
049248,台達電元大94購04,0,0,0,0,0,0,0,0,0,-25000,0,0,0,0,25000,-25000,-25000
04916P,大立光永昌96售02,0,0,0,0,0,0,0,0,0,-25000,0,0,0,0,25000,-25000,-25000
049135,台達電元大94購03,0,0,0,0,0,0,0,0,0,-25000,0,0,0,0,25000,-25000,-25000
049501,台郡元大95購01  ,0,0,0,0,0,0,0,0,0,-25000,0,0,0,0,25000,-25000,-25000
048638,台光電元大94購01,0,0,0,0,0,0,0,0,0,-25000,0,0,0,2000,27000,-25000,-25000
048377,燿華元富93購01  ,0,0,0,0,0,0,0,0,0,-25000,0,0,0,0,25000,-25000,-25000
04749P,臺股指元大94售25,0,0,0,0,0,0,0,0,0,-25000,0,0,0,0,25000,-25000,-25000
048836,牧德凱基94購03  ,0,0,0,0,0,0,0,0,0,-25000,0,0,0,194000,219000,-25000,-25000
04876P,台光電中信94售02,0,0,0,0,0,0,0,0,0,-25000,0,0,0,0,25000,-25000,-25000
047526,可成元大93購08  ,0,0,0,0,0,0,0,0,0,-25000,0,0,0,0,25000,-25000,-25000
051003,中環中信97購01  ,0,0,0,0,0,0,0,0,0,-25000,0,0,0,0,25000,-25000,-25000
050963,強茂永豐95購01  ,0,0,0,0,0,0,0,0,0,-25000,0,0,0,5000,30000,-25000,-25000
050608,台達電元大94購12,0,0,0,0,0,0,0,0,0,-25000,0,0,0,0,25000,-25000,-25000
050392,群創統一96購01  ,0,0,0,0,0,0,0,0,0,-25000,0,0,0,68000,93000,-25000,-25000
049849,欣興群益94購04  ,0,0,0,0,0,0,0,0,0,-25000,0,0,0,0,25000,-25000,-25000
049696,欣興元大95購02  ,0,0,0,0,0,0,0,0,0,-25000,0,0,0,0,25000,-25000,-25000
050193,臻鼎元大94購02  ,0,0,0,0,0,0,0,0,0,-25000,0,0,0,15000,40000,-25000,-25000
05171P,臺股指元大95售15,0,0,0,0,0,0,0,0,0,-25000,0,0,0,20000,45000,-25000,-25000
051990,泰碩元大95購01  ,0,0,0,0,0,0,0,0,0,-25000,0,0,0,0,25000,-25000,-25000
052100,滬深2X永昌96購01,0,0,0,0,0,0,0,0,0,-25000,0,0,0,0,25000,-25000,-25000
051440,鴻海元大95購12  ,0,0,0,0,0,0,0,0,0,-25000,0,0,0,15000,40000,-25000,-25000
051438,喬山元大95購03  ,0,0,0,0,0,0,0,0,0,-25000,0,0,0,74000,99000,-25000,-25000
051472,台積電凱基95購09,0,0,0,0,0,0,0,0,0,-25000,0,0,0,75000,100000,-25000,-25000
051392,玉山金兆豐95購01,0,0,0,0,0,0,0,0,0,-25000,0,0,0,60000,85000,-25000,-25000
05488P,臺股指凱基95售21,0,0,0,0,0,0,0,0,0,-25000,0,0,0,0,25000,-25000,-25000
05741P,聯發科元大96售14,0,0,0,0,0,0,0,0,0,-25000,0,0,0,49000,74000,-25000,-25000
08749P,鴻海台新01售02  ,0,0,0,0,0,0,0,0,0,-25000,0,0,0,0,25000,-25000,-25000
1110,東泥            ,0,25000,-25000,0,0,0,0,0,0,0,0,0,0,0,0,0,-25000
1604,聲寶            ,16000,41000,-25000,0,0,0,0,0,0,0,0,0,0,0,0,0,-25000
2425,承啟            ,35000,60000,-25000,0,0,0,0,0,0,0,0,0,0,0,0,0,-25000
053261,國巨群益96購05  ,0,0,0,0,0,0,0,0,0,-26000,0,0,0,19000,45000,-26000,-26000
053149,京元電元大96購02,0,0,0,0,0,0,0,0,0,-26000,0,0,0,0,26000,-26000,-26000
054000,訊芯群益96購02  ,0,0,0,0,0,0,0,0,0,-26000,0,0,0,92000,118000,-26000,-26000
053974,大立光元大96購10,0,0,0,0,0,0,0,0,0,-26000,0,0,0,4000,30000,-26000,-26000
053672,嘉澤元富96購02  ,0,0,0,0,0,0,0,0,0,-26000,0,0,0,10000,36000,-26000,-26000
053940,康友元富96購01  ,0,0,0,0,0,0,0,0,0,-26000,0,0,0,88000,114000,-26000,-26000
054841,亞德客兆豐97購01,0,0,0,0,0,0,0,0,0,-26000,0,0,0,0,26000,-26000,-26000
043390,康控元大93購01  ,0,0,0,0,0,0,0,0,0,-26000,0,0,0,74000,100000,-26000,-26000
01010T,京城樂富R1      ,0,0,0,0,0,0,0,0,0,-26000,0,26000,-26000,0,0,0,-26000
045866,南茂統一94購01  ,0,0,0,0,0,0,0,0,0,-26000,0,0,0,4000,30000,-26000,-26000
047399,華通康和93購01  ,0,0,0,0,0,0,0,0,0,-26000,0,0,0,40000,66000,-26000,-26000
048688,瑞昱群益94購01  ,0,0,0,0,0,0,0,0,0,-26000,0,0,0,2000,28000,-26000,-26000
048426,超眾元富93購01  ,0,0,0,0,0,0,0,0,0,-26000,0,0,0,50000,76000,-26000,-26000
048371,華固統一93購02  ,0,0,0,0,0,0,0,0,0,-26000,0,0,0,0,26000,-26000,-26000
048218,上銀凱基93購07  ,0,0,0,0,0,0,0,0,0,-26000,0,0,0,0,26000,-26000,-26000
048521,華通統一93購05  ,0,0,0,0,0,0,0,0,0,-26000,0,0,0,50000,76000,-26000,-26000
049307,上銀凱基94購03  ,0,0,0,0,0,0,0,0,0,-26000,0,0,0,0,26000,-26000,-26000
049167,元油2X凱基97購03,0,0,0,0,0,0,0,0,0,-26000,0,0,0,0,26000,-26000,-26000
049192,元油2X永豐96購02,0,0,0,0,0,0,0,0,0,-26000,0,0,0,0,26000,-26000,-26000
05165P,欣興元富95售03  ,0,0,0,0,0,0,0,0,0,-26000,0,0,0,0,26000,-26000,-26000
052123,泰碩國票95購01  ,0,0,0,0,0,0,0,0,0,-26000,0,0,0,0,26000,-26000,-26000
051987,廣達元大95購01  ,0,0,0,0,0,0,0,0,0,-26000,0,0,0,85000,111000,-26000,-26000
051765,健鼎元大95購03  ,0,0,0,0,0,0,0,0,0,-26000,0,0,0,0,26000,-26000,-26000
05046P,台光電永豐95售02,0,0,0,0,0,0,0,0,0,-26000,0,0,0,97000,123000,-26000,-26000
050632,國巨群益94購07  ,0,0,0,0,0,0,0,0,0,-26000,0,0,0,36000,62000,-26000,-26000
050897,嘉晶元大95購03  ,0,0,0,0,0,0,0,0,0,-26000,0,0,0,0,26000,-26000,-26000
050771,華新科元大94購06,0,0,0,0,0,0,0,0,0,-26000,0,0,0,28000,54000,-26000,-26000
1464,得力            ,78000,108000,-30000,0,0,0,0,0,0,4000,0,0,0,9000,5000,4000,-26000
06110P,國巨國泰98售02  ,0,0,0,0,0,0,0,0,0,-26000,0,0,0,137000,163000,-26000,-26000
06106P,國巨群益97售02  ,0,0,0,0,0,0,0,0,0,-26000,0,0,0,6000,32000,-26000,-26000
05857P,旺宏中信98售02  ,0,0,0,0,0,0,0,0,0,-26000,0,0,0,10000,36000,-26000,-26000
055300,緯穎元大98購01  ,0,0,0,0,0,0,0,0,0,-26000,0,0,0,13000,39000,-26000,-26000
055058,大毅永豐97購01  ,0,0,0,0,0,0,0,0,0,-26000,0,0,0,55000,81000,-26000,-26000
8210,勤誠            ,61000,113000,-52000,0,0,0,0,0,0,26000,20000,0,20000,8000,2000,6000,-26000
4526,東台            ,0,26000,-26000,0,0,0,0,0,0,0,0,0,0,0,0,0,-26000
4536,拓凱            ,17000,46000,-29000,0,0,0,0,0,0,3000,3000,0,3000,0,0,0,-26000
054793,牧德群益9A購01  ,0,0,0,0,0,0,0,0,0,-27000,0,0,0,40000,67000,-27000,-27000
054861,智邦群益97購01  ,0,0,0,0,0,0,0,0,0,-27000,0,0,0,95000,122000,-27000,-27000
054578,世芯元大99購01  ,0,0,0,0,0,0,0,0,0,-27000,0,0,0,89000,116000,-27000,-27000
053641,正文永豐96購01  ,0,0,0,0,0,0,0,0,0,-27000,0,0,0,0,27000,-27000,-27000
053753,啟碁永豐96購01  ,0,0,0,0,0,0,0,0,0,-27000,0,0,0,34000,61000,-27000,-27000
054246,國巨元大96購12  ,0,0,0,0,0,0,0,0,0,-27000,0,0,0,100000,127000,-27000,-27000
053561,玉晶光國泰98購01,0,0,0,0,0,0,0,0,0,-27000,0,0,0,403000,430000,-27000,-27000
05241P,鴻海國泰97售04  ,0,0,0,0,0,0,0,0,0,-27000,0,0,0,147000,174000,-27000,-27000
052376,聯詠元大95購04  ,0,0,0,0,0,0,0,0,0,-27000,0,0,0,22000,49000,-27000,-27000
045534,深中小群益94購01,0,0,0,0,0,0,0,0,0,-27000,0,0,0,2000,29000,-27000,-27000
047809,瑞昱凱基93購08  ,0,0,0,0,0,0,0,0,0,-27000,0,0,0,14000,41000,-27000,-27000
04430P,晶相光元大94售04,0,0,0,0,0,0,0,0,0,-27000,0,0,0,80000,107000,-27000,-27000
04353P,全新永豐94售01  ,0,0,0,0,0,0,0,0,0,-27000,0,0,0,10000,37000,-27000,-27000
045636,京元電凱基92購03,0,0,0,0,0,0,0,0,0,-27000,0,0,0,0,27000,-27000,-27000
043156,大立光統一94購01,0,0,0,0,0,0,0,0,0,-27000,0,0,0,8000,35000,-27000,-27000
04690P,國巨群益94售06  ,0,0,0,0,0,0,0,0,0,-27000,0,0,0,5000,32000,-27000,-27000
048149,泰鼎元富95購01  ,0,0,0,0,0,0,0,0,0,-27000,0,0,0,9000,36000,-27000,-27000
048691,智伸科群益94購01,0,0,0,0,0,0,0,0,0,-27000,0,0,0,0,27000,-27000,-27000
046578,聯電元大92購01  ,0,0,0,0,0,0,0,0,0,-27000,0,0,0,3000,30000,-27000,-27000
050879,樺漢統一95購02  ,0,0,0,0,0,0,0,0,0,-27000,0,0,0,100000,127000,-27000,-27000
3591,艾笛森          ,1000,29000,-28000,0,0,0,0,0,0,1000,1000,0,1000,0,0,0,-27000
3010,華立            ,25000,51000,-26000,0,0,0,0,0,0,-1000,0,1000,-1000,0,0,0,-27000
055172,凱美統一97購02  ,0,0,0,0,0,0,0,0,0,-27000,0,0,0,0,27000,-27000,-27000
05784P,臺股指元大96售18,0,0,0,0,0,0,0,0,0,-27000,0,0,0,0,27000,-27000,-27000
05804P,美律永豐96售01  ,0,0,0,0,0,0,0,0,0,-27000,0,0,0,0,27000,-27000,-27000
06088P,建準永豐97售01  ,0,0,0,0,0,0,0,0,0,-27000,0,0,0,0,27000,-27000,-27000
05976P,國巨凱基96售14  ,0,0,0,0,0,0,0,0,0,-27000,0,0,0,10000,37000,-27000,-27000
1416,廣豐            ,0,27000,-27000,0,0,0,0,0,0,0,0,0,0,0,0,0,-27000
06138P,台積電中信99售01,0,0,0,0,0,0,0,0,0,-27000,0,0,0,0,27000,-27000,-27000
2496,卓越            ,1000,27000,-26000,0,0,0,0,0,0,-1000,0,1000,-1000,0,0,0,-27000
052568,漢唐凱基96購02  ,0,0,0,0,0,0,0,0,0,-28000,0,0,0,50000,78000,-28000,-28000
053337,聯電國票97購01  ,0,0,0,0,0,0,0,0,0,-28000,0,0,0,10000,38000,-28000,-28000
053361,友達元富99購01  ,0,0,0,0,0,0,0,0,0,-28000,0,0,0,253000,281000,-28000,-28000
053264,南亞科群益96購01,0,0,0,0,0,0,0,0,0,-28000,0,0,0,58000,86000,-28000,-28000
054064,台郡國票97購04  ,0,0,0,0,0,0,0,0,0,-28000,0,0,0,100000,128000,-28000,-28000
054632,緯穎凱基9A購01  ,0,0,0,0,0,0,0,0,0,-28000,0,0,0,50000,78000,-28000,-28000
054749,聯茂凱基98購01  ,0,0,0,0,0,0,0,0,0,-28000,0,0,0,0,28000,-28000,-28000
045653,南茂凱基93購02  ,0,0,0,0,0,0,0,0,0,-28000,0,0,0,2000,30000,-28000,-28000
045746,燿華永豐92購01  ,0,0,0,0,0,0,0,0,0,-28000,0,0,0,10000,38000,-28000,-28000
044849,南亞科統一91購07,0,0,0,0,0,0,0,0,0,-28000,0,0,0,0,28000,-28000,-28000
03921P,亞光凱基94售01  ,0,0,0,0,0,0,0,0,0,-28000,0,0,0,2000,30000,-28000,-28000
044407,聯茂凱基93購01  ,0,0,0,0,0,0,0,0,0,-28000,0,0,0,30000,58000,-28000,-28000
045627,聯電凱基93購03  ,0,0,0,0,0,0,0,0,0,-28000,0,0,0,12000,40000,-28000,-28000
045016,創意元大94購01  ,0,0,0,0,0,0,0,0,0,-28000,0,0,0,30000,58000,-28000,-28000
045975,祥碩凱基93購04  ,0,0,0,0,0,0,0,0,0,-28000,0,0,0,71000,99000,-28000,-28000
046717,世紀鋼國泰94購01,0,0,0,0,0,0,0,0,0,-28000,0,0,0,0,28000,-28000,-28000
047144,華通群益94購01  ,0,0,0,0,0,0,0,0,0,-28000,0,0,0,23000,51000,-28000,-28000
047086,群創統一93購03  ,0,0,0,0,0,0,0,0,0,-28000,0,0,0,119000,147000,-28000,-28000
047240,樺漢凱基93購01  ,0,0,0,0,0,0,0,0,0,-28000,0,0,0,0,28000,-28000,-28000
049089,正文凱基94購02  ,0,0,0,0,0,0,0,0,0,-28000,0,0,0,0,28000,-28000,-28000
049346,新光金統一95購01,0,0,0,0,0,0,0,0,0,-28000,0,0,0,22000,50000,-28000,-28000
049398,微星群益94購02  ,0,0,0,0,0,0,0,0,0,-28000,0,0,0,0,28000,-28000,-28000
050927,聯詠凱基95購01  ,0,0,0,0,0,0,0,0,0,-28000,0,0,0,70000,98000,-28000,-28000
050587,緯穎國票94購02  ,0,0,0,0,0,0,0,0,0,-28000,0,0,0,0,28000,-28000,-28000
051202,智邦麥證95購01  ,0,0,0,12000,40000,-28000,0,0,0,-28000,0,0,0,12000,40000,-28000,-28000
051231,健策群益97購01  ,0,0,0,0,0,0,0,0,0,-28000,0,0,0,77000,105000,-28000,-28000
05970P,超眾永豐96售03  ,0,0,0,0,0,0,0,0,0,-28000,0,0,0,0,28000,-28000,-28000
05698P,群創凱基96售01  ,0,0,0,0,0,0,0,0,0,-28000,0,0,0,300000,328000,-28000,-28000
055104,台達電凱基98購01,0,0,0,0,0,0,0,0,0,-28000,0,0,0,0,28000,-28000,-28000
6202,盛群            ,52000,47000,5000,0,0,0,0,0,0,-33000,0,33000,-33000,0,0,0,-28000
05448P,臺股指元大95售25,0,0,0,0,0,0,0,0,0,-29000,0,0,0,30000,59000,-29000,-29000
054071,泰鼎國泰97購02  ,0,0,0,0,0,0,0,0,0,-29000,0,0,0,0,29000,-29000,-29000
053979,健策元大98購01  ,0,0,0,0,0,0,0,0,0,-29000,0,0,0,118000,147000,-29000,-29000
053988,友達亞東96購01  ,0,0,0,0,0,0,0,0,0,-29000,0,0,0,65000,94000,-29000,-29000
053948,大立光富邦99購04,0,0,0,0,0,0,0,0,0,-29000,0,0,0,156000,185000,-29000,-29000
053309,泰鼎凱基96購03  ,0,0,0,0,0,0,0,0,0,-29000,0,0,0,33000,62000,-29000,-29000
053018,旺宏元富96購02  ,0,0,0,0,0,0,0,0,0,-29000,0,0,0,5000,34000,-29000,-29000
052390,聯詠群益95購03  ,0,0,0,0,0,0,0,0,0,-29000,0,0,0,69000,98000,-29000,-29000
052900,大成鋼國票97購01,0,0,0,0,0,0,0,0,0,-29000,0,0,0,0,29000,-29000,-29000
052703,貿聯國票97購01  ,0,0,0,0,0,0,0,0,0,-29000,0,0,0,49000,78000,-29000,-29000
046066,長榮航凱基94購01,0,0,0,0,0,0,0,0,0,-29000,0,0,0,1000,30000,-29000,-29000
044860,元油2X中信93購01,0,0,0,0,0,0,0,0,0,-29000,0,0,0,1000,30000,-29000,-29000
049577,台達電元大94購08,0,0,0,0,0,0,0,0,0,-29000,0,0,0,1000,30000,-29000,-29000
04618P,電子類群益94售02,0,0,0,0,0,0,0,0,0,-29000,0,0,0,1000,30000,-29000,-29000
046286,高鐵兆豐93購01  ,0,0,0,0,0,0,0,0,0,-29000,0,0,0,0,29000,-29000,-29000
048687,旺宏群益96購01  ,0,0,0,0,0,0,0,0,0,-29000,0,0,0,7000,36000,-29000,-29000
051211,道瓊反統一95購01,0,0,0,0,0,0,0,0,0,-29000,0,0,0,4000,33000,-29000,-29000
051007,台光電麥證95購01,0,0,0,69000,89000,-20000,0,0,0,-29000,0,0,0,69000,98000,-29000,-29000
051596,超眾元大95購05  ,0,0,0,0,0,0,0,0,0,-29000,0,0,0,1000,30000,-29000,-29000
051737,瑞昱國票96購01  ,0,0,0,0,0,0,0,0,0,-29000,0,0,0,40000,69000,-29000,-29000
050515,聯電元大96購01  ,0,0,0,0,0,0,0,0,0,-29000,0,0,0,26000,55000,-29000,-29000
04972P,緯穎元富94售03  ,0,0,0,0,0,0,0,0,0,-29000,0,0,0,6000,35000,-29000,-29000
049617,光罩群益94購03  ,121000,0,121000,0,0,0,0,0,0,-150000,0,0,0,111000,261000,-150000,-29000
3321,同泰            ,22000,21000,1000,0,0,0,0,0,0,-30000,0,30000,-30000,0,0,0,-29000
4414,如興            ,58000,86000,-28000,0,0,0,0,0,0,-1000,0,1000,-1000,0,0,0,-29000
05844P,旺宏元大96售07  ,0,0,0,0,0,0,0,0,0,-29000,0,0,0,75000,104000,-29000,-29000
06158P,玉晶光元富97售08,0,0,0,0,0,0,0,0,0,-29000,0,0,0,0,29000,-29000,-29000
2328,廣宇            ,161000,195000,-34000,0,0,0,0,0,0,5000,6000,0,6000,0,1000,-1000,-29000
052683,鴻海元大97購03  ,0,0,0,0,0,0,0,0,0,-30000,0,0,0,100000,130000,-30000,-30000
052793,健鼎兆豐96購01  ,0,0,0,0,0,0,0,0,0,-30000,0,0,0,70000,100000,-30000,-30000
052756,國巨群益96購02  ,0,0,0,0,0,0,0,0,0,-30000,0,0,0,36000,66000,-30000,-30000
05285P,同欣電群益95售02,0,0,0,0,0,0,0,0,0,-30000,0,0,0,12000,42000,-30000,-30000
052630,滬深2X日盛96購01,0,0,0,0,0,0,0,0,0,-30000,0,0,0,0,30000,-30000,-30000
053302,國巨凱基96購10  ,0,0,0,0,0,0,0,0,0,-30000,0,0,0,11000,41000,-30000,-30000
053291,旺宏中信9A購01  ,0,0,0,0,0,0,0,0,0,-30000,0,0,0,42000,72000,-30000,-30000
053394,鴻海中信9A購01  ,0,0,0,0,0,0,0,0,0,-30000,0,0,0,0,30000,-30000,-30000
054261,智伸科元大96購03,0,0,0,0,0,0,0,0,0,-30000,0,0,0,90000,120000,-30000,-30000
054460,和大凱基97購01  ,0,0,0,0,0,0,0,0,0,-30000,0,0,0,191000,221000,-30000,-30000
054594,國巨麥證97購01  ,0,0,0,0,30000,-30000,0,0,0,-30000,0,0,0,0,30000,-30000,-30000
054844,華邦電兆豐98購01,0,0,0,0,0,0,0,0,0,-30000,0,0,0,10000,40000,-30000,-30000
044814,華邦電兆豐93購02,0,0,0,0,0,0,0,0,0,-30000,0,0,0,0,30000,-30000,-30000
045711,亞德客凱基92購02,0,0,0,0,0,0,0,0,0,-30000,0,0,0,10000,40000,-30000,-30000
045825,力成凱基93購02  ,0,0,0,0,0,0,0,0,0,-30000,0,0,0,0,30000,-30000,-30000
04188P,康控元富93售03  ,0,0,0,0,0,0,0,0,0,-30000,0,0,0,0,30000,-30000,-30000
043175,傳奇國泰93購01  ,0,0,0,0,0,0,0,0,0,-30000,0,0,0,10000,40000,-30000,-30000
042918,矽格元大94購01  ,0,0,0,0,0,0,0,0,0,-30000,0,0,0,0,30000,-30000,-30000
042366,元油2X國票92購01,0,0,0,0,0,0,0,0,0,-30000,0,0,0,0,30000,-30000,-30000
04155P,全新永豐93售01  ,0,0,0,0,0,0,0,0,0,-30000,0,0,0,0,30000,-30000,-30000
043902,祥碩群益91購01  ,0,0,0,0,0,0,0,0,0,-30000,0,0,0,0,30000,-30000,-30000
043884,臻鼎元大92購01  ,0,0,0,0,0,0,0,0,0,-30000,0,0,0,0,30000,-30000,-30000
04100P,臺股指國票93售07,0,0,0,0,0,0,0,0,0,-30000,0,0,0,0,30000,-30000,-30000
03180P,台灣50元大01售39,0,0,0,0,0,0,0,0,0,-30000,0,0,0,0,30000,-30000,-30000
03247P,聯電元富03售02  ,0,0,0,0,0,0,0,0,0,-30000,0,0,0,20000,50000,-30000,-30000
00711B,FH彭博新興債    ,0,0,0,0,0,0,0,0,0,-30000,0,0,0,106000,136000,-30000,-30000
03549P,聯發科凱基02售10,0,0,0,0,0,0,0,0,0,-30000,0,0,0,0,30000,-30000,-30000
046046,世紀鋼元大93購03,0,0,0,0,0,0,0,0,0,-30000,0,0,0,0,30000,-30000,-30000
045100,亞光中信93購01  ,0,0,0,0,0,0,0,0,0,-30000,0,0,0,1000,31000,-30000,-30000
044119,台郡兆豐92購01  ,0,0,0,0,0,0,0,0,0,-30000,0,0,0,0,30000,-30000,-30000
045629,智邦凱基92購01  ,0,0,0,0,0,0,0,0,0,-30000,0,0,0,0,30000,-30000,-30000
045249,亞德客凱基93購01,0,0,0,0,0,0,0,0,0,-30000,0,0,0,10000,40000,-30000,-30000
045903,緯穎元大92購02  ,0,0,0,0,0,0,0,0,0,-30000,0,0,0,0,30000,-30000,-30000
045540,全新群益92購03  ,0,0,0,0,0,0,0,0,0,-30000,0,0,0,0,30000,-30000,-30000
045573,喬山元大92購01  ,0,0,0,0,0,0,0,0,0,-30000,0,0,0,68000,98000,-30000,-30000
045477,南茂元大92購02  ,0,0,0,0,0,0,0,0,0,-30000,0,0,0,0,30000,-30000,-30000
04545P,國巨元大94售05  ,0,0,0,0,0,0,0,0,0,-30000,0,0,0,70000,100000,-30000,-30000
045465,冠德元大92購01  ,0,0,0,0,0,0,0,0,0,-30000,0,0,0,0,30000,-30000,-30000
044376,日月光兆豐92購01,0,0,0,0,0,0,0,0,0,-30000,0,0,0,0,30000,-30000,-30000
044348,亞德客元大91購04,0,0,0,0,0,0,0,0,0,-30000,0,0,0,0,30000,-30000,-30000
044345,世紀鋼國泰92購01,0,0,0,0,0,0,0,0,0,-30000,0,0,0,0,30000,-30000,-30000
04760P,旺宏凱基94售02  ,0,0,0,0,0,0,0,0,0,-30000,0,0,0,20000,50000,-30000,-30000
047865,健鼎康和93購01  ,0,0,0,0,0,0,0,0,0,-30000,0,0,0,10000,40000,-30000,-30000
048835,牧德凱基94購02  ,0,0,0,0,0,0,0,0,0,-30000,0,0,0,8000,38000,-30000,-30000
046627,高鐵統一95購01  ,0,0,0,0,0,0,0,0,0,-30000,0,0,0,38000,68000,-30000,-30000
047994,亞德客元大93購03,0,0,0,0,0,0,0,0,0,-30000,0,0,0,23000,53000,-30000,-30000
047490,元油反統一93購01,0,0,0,0,0,0,0,0,0,-30000,0,0,0,0,30000,-30000,-30000
046659,瑞昱元大93購02  ,0,0,0,0,0,0,0,0,0,-30000,0,0,0,0,30000,-30000,-30000
047444,晶技元大93購03  ,0,0,0,0,0,0,0,0,0,-30000,0,0,0,23000,53000,-30000,-30000
048078,嘉聯益亞東93購02,0,0,0,0,0,0,0,0,0,-30000,0,0,0,0,30000,-30000,-30000
04850P,全新永豐94售03  ,0,0,0,0,0,0,0,0,0,-30000,0,0,0,19000,49000,-30000,-30000
046307,瑞昱元大92購03  ,0,0,0,0,0,0,0,0,0,-30000,0,0,0,0,30000,-30000,-30000
048632,大成鋼元大93購02,0,0,0,0,0,0,0,0,0,-30000,0,0,0,120000,150000,-30000,-30000
048266,臺指反中信95購01,0,0,0,0,0,0,0,0,0,-30000,0,0,0,0,30000,-30000,-30000
048354,滬深2X永豐93購03,0,0,0,0,0,0,0,0,0,-30000,0,0,0,0,30000,-30000,-30000
046183,瑞昱凱基92購02  ,0,0,0,0,0,0,0,0,0,-30000,0,0,0,0,30000,-30000,-30000
046889,燿華群益93購02  ,0,0,0,0,0,0,0,0,0,-30000,0,0,0,0,30000,-30000,-30000
048116,矽創群益93購02  ,0,0,0,0,0,0,0,0,0,-30000,0,0,0,0,30000,-30000,-30000
046935,義隆元富93購01  ,0,0,0,0,0,0,0,0,0,-30000,0,0,0,0,30000,-30000,-30000
049571,華固統一94購02  ,0,0,0,0,0,0,0,0,0,-30000,0,0,0,0,30000,-30000,-30000
049572,華固統一94購03  ,0,0,0,0,0,0,0,0,0,-30000,0,0,0,0,30000,-30000,-30000
04938P,亞德客國票95售01,0,0,0,0,0,0,0,0,0,-30000,0,0,0,0,30000,-30000,-30000
049285,宏碁兆豐94購01  ,0,0,0,0,0,0,0,0,0,-30000,0,0,0,32000,62000,-30000,-30000
049104,元油2X富邦97購02,0,0,0,0,0,0,0,0,0,-30000,0,0,0,0,30000,-30000,-30000
049191,元油2X永豐95購01,0,0,0,0,0,0,0,0,0,-30000,0,0,0,0,30000,-30000,-30000
049065,T50反1凱基96購04,0,0,0,0,0,0,0,0,0,-30000,0,0,0,0,30000,-30000,-30000
048975,玉晶光元大94購03,0,0,0,0,0,0,0,0,0,-30000,0,0,0,0,30000,-30000,-30000
049833,正文凱基94購05  ,0,0,0,0,0,0,0,0,0,-30000,0,0,0,20000,50000,-30000,-30000
050202,建準群益95購01  ,0,0,0,0,0,0,0,0,0,-30000,0,0,0,22000,52000,-30000,-30000
050278,上証2X第一94購01,0,0,0,0,0,0,0,0,0,-30000,0,0,0,0,30000,-30000,-30000
050677,光寶科統一94購01,0,0,0,0,0,0,0,0,0,-30000,0,0,0,29000,59000,-30000,-30000
050909,華夏中信95購01  ,0,0,0,0,0,0,0,0,0,-30000,0,0,0,10000,40000,-30000,-30000
050811,國巨凱基95購02  ,0,0,0,0,0,0,0,0,0,-30000,0,0,0,87000,117000,-30000,-30000
05184P,緯穎元富95售01  ,0,0,0,0,0,0,0,0,0,-30000,0,0,0,0,30000,-30000,-30000
051872,矽力凱基96購01  ,0,0,0,0,0,0,0,0,0,-30000,0,0,0,10000,40000,-30000,-30000
05157P,全新台新96售01  ,0,0,0,0,0,0,0,0,0,-30000,0,0,0,0,30000,-30000,-30000
051659,力山國泰97購01  ,0,0,0,0,0,0,0,0,0,-30000,0,0,0,0,30000,-30000,-30000
05153P,台表科群益96售01,0,0,0,0,0,0,0,0,0,-30000,0,0,0,3000,33000,-30000,-30000
051338,揚明光永豐95購02,0,0,0,0,0,0,0,0,0,-30000,0,0,0,0,30000,-30000,-30000
05125P,鴻海群益95售06  ,0,0,0,0,0,0,0,0,0,-30000,0,0,0,0,30000,-30000,-30000
051319,光磊國票96購02  ,0,0,0,0,0,0,0,0,0,-30000,0,0,0,0,30000,-30000,-30000
06177P,玉晶光元大98售07,0,0,0,0,0,0,0,0,0,-30000,0,0,0,0,30000,-30000,-30000
08609P,世紀鋼永豐9C售03,0,0,0,0,0,0,0,0,0,-30000,0,0,0,0,30000,-30000,-30000
1310,台苯            ,24000,105000,-81000,0,0,0,51000,0,51000,0,0,0,0,0,0,0,-30000
05993P,國巨元大96售13  ,0,0,0,0,0,0,0,0,0,-30000,0,0,0,0,30000,-30000,-30000
06094P,台達電中信97售01,0,0,0,0,0,0,0,0,0,-30000,0,0,0,0,30000,-30000,-30000
05862P,大立光國泰98售01,0,0,0,0,0,0,0,0,0,-30000,0,0,0,0,30000,-30000,-30000
05907P,聯發科元富96售05,0,0,0,0,0,0,0,0,0,-30000,0,0,0,0,30000,-30000,-30000
05668P,滬深2X永豐96售04,0,0,0,0,0,0,0,0,0,-30000,0,0,0,0,30000,-30000,-30000
055113,大立光凱基98購06,0,0,0,0,0,0,0,0,0,-30000,0,0,0,0,30000,-30000,-30000
05492P,聯茂元大95售02  ,0,0,0,0,0,0,0,0,0,-30000,0,0,0,80000,110000,-30000,-30000
054991,南亞科元富97購01,0,0,0,0,0,0,0,0,0,-30000,0,0,0,6000,36000,-30000,-30000
3055,蔚華科          ,25000,55000,-30000,0,0,0,0,0,0,0,0,0,0,0,0,0,-30000
054877,百和群益98購01  ,0,0,0,0,0,0,0,0,0,-31000,0,0,0,18000,49000,-31000,-31000
054720,禾伸堂永豐97購01,0,0,0,0,0,0,0,0,0,-31000,0,0,0,0,31000,-31000,-31000
05436P,台積電群益95售07,0,0,0,0,0,0,0,0,0,-31000,0,0,0,0,31000,-31000,-31000
054220,國巨統一97購02  ,0,0,0,0,0,0,0,0,0,-31000,0,0,0,4000,35000,-31000,-31000
054102,百和國票97購04  ,0,0,0,0,0,0,0,0,0,-31000,0,0,0,0,31000,-31000,-31000
053824,樺漢群益96購02  ,0,0,0,0,0,0,0,0,0,-31000,0,0,0,21000,52000,-31000,-31000
053355,超眾兆豐97購01  ,0,0,0,0,0,0,0,0,0,-31000,0,0,0,0,31000,-31000,-31000
044697,美律元大93購02  ,0,0,0,0,0,0,0,0,0,-31000,0,0,0,18000,49000,-31000,-31000
044941,鴻海群益93購01  ,0,0,0,0,0,0,0,0,0,-31000,0,0,0,0,31000,-31000,-31000
049332,深中小統一94購02,0,0,0,0,0,0,0,0,0,-31000,0,0,0,0,31000,-31000,-31000
049498,茂林元大95購01  ,0,0,0,0,0,0,0,0,0,-31000,0,0,0,0,31000,-31000,-31000
046930,亞光統一93購01  ,0,0,0,0,0,0,0,0,0,-31000,0,0,0,122000,153000,-31000,-31000
046664,聯詠元大93購01  ,0,0,0,0,0,0,0,0,0,-31000,0,0,0,59000,90000,-31000,-31000
048856,高鐵群益94購01  ,0,0,0,0,0,0,0,0,0,-31000,0,0,0,25000,56000,-31000,-31000
051228,聯發科群益95購03,0,0,0,0,0,0,0,0,0,-31000,0,0,0,158000,189000,-31000,-31000
051411,聯發科國票95購05,0,0,0,0,0,0,0,0,0,-31000,0,0,0,10000,41000,-31000,-31000
051490,世芯凱基96購01  ,0,0,0,0,0,0,0,0,0,-31000,0,0,0,21000,52000,-31000,-31000
05000P,臺股指永豐95售01,0,0,0,0,0,0,0,0,0,-31000,0,0,0,0,31000,-31000,-31000
9919,康那香          ,23000,54000,-31000,0,0,0,0,0,0,0,0,0,0,0,0,0,-31000
05840P,臺股指富邦96售07,0,0,0,0,0,0,0,0,0,-31000,0,0,0,0,31000,-31000,-31000
05332P,臺股指國票95售01,0,0,0,0,0,0,0,0,0,-32000,0,0,0,12000,44000,-32000,-32000
053610,矽力中信98購01  ,0,0,0,0,0,0,0,0,0,-32000,0,0,0,144000,176000,-32000,-32000
053552,華新科凱基96購08,0,0,0,0,0,0,0,0,0,-32000,0,0,0,21000,53000,-32000,-32000
053882,聯發科中信98購02,0,0,0,0,0,0,0,0,0,-32000,0,0,0,70000,102000,-32000,-32000
054081,聯電元富96購01  ,0,0,0,0,0,0,0,0,0,-32000,0,0,0,45000,77000,-32000,-32000
054381,世芯群益98購01  ,0,0,0,0,0,0,0,0,0,-32000,0,0,0,1000,33000,-32000,-32000
044645,元金2X群益93購01,0,0,0,0,0,0,0,0,0,-32000,0,0,0,38000,70000,-32000,-32000
048118,百和群益94購03  ,0,0,0,0,0,0,0,0,0,-32000,0,0,0,35000,67000,-32000,-32000
047080,仁寶康和93購01  ,0,0,0,0,0,0,0,0,0,-32000,0,0,0,0,32000,-32000,-32000
050079,元油2X統一94購06,0,0,0,0,0,0,0,0,0,-32000,0,0,0,0,32000,-32000,-32000
050251,樺漢凱基94購02  ,0,0,0,0,0,0,0,0,0,-32000,0,0,0,45000,77000,-32000,-32000
049737,美食群益94購03  ,0,0,0,0,0,0,0,0,0,-32000,0,0,0,10000,42000,-32000,-32000
050965,揚明光永豐96購01,0,0,0,0,0,0,0,0,0,-32000,0,0,0,25000,57000,-32000,-32000
051524,貿聯凱基95購02  ,0,0,0,0,0,0,0,0,0,-32000,0,0,0,192000,224000,-32000,-32000
051181,鴻海永豐95購03  ,0,0,0,0,0,0,0,0,0,-32000,0,0,0,140000,172000,-32000,-32000
051023,S&P反1統一95購02,0,0,0,0,0,0,0,0,0,-32000,0,0,0,0,32000,-32000,-32000
051953,矽力元富95購03  ,0,0,0,0,0,0,0,0,0,-32000,0,0,0,388000,420000,-32000,-32000
051819,燿華統一96購01  ,0,0,0,0,0,0,0,0,0,-32000,0,0,0,0,32000,-32000,-32000
052173,廣達元大95購02  ,0,0,0,0,0,0,0,0,0,-32000,0,0,0,74000,106000,-32000,-32000
054922,文曄凱基98購01  ,0,0,0,0,0,0,0,0,0,-32000,0,0,0,0,32000,-32000,-32000
055175,建準統一97購01  ,0,0,0,0,0,0,0,0,0,-32000,0,0,0,0,32000,-32000,-32000
054317,昇陽半凱基98購01,0,0,0,0,0,0,0,0,0,-33000,0,0,0,0,33000,-33000,-33000
054090,瑞昱群益97購01  ,0,0,0,0,0,0,0,0,0,-33000,0,0,0,43000,76000,-33000,-33000
053424,欣興永豐96購02  ,0,0,0,0,0,0,0,0,0,-33000,0,0,0,0,33000,-33000,-33000
052910,鴻海統一96購10  ,0,0,0,0,0,0,0,0,0,-33000,0,0,0,15000,48000,-33000,-33000
052709,光寶科日盛96購01,0,0,0,0,0,0,0,0,0,-33000,0,0,0,15000,48000,-33000,-33000
049301,致新群益95購01  ,0,0,0,0,0,0,0,0,0,-33000,0,0,0,17000,50000,-33000,-33000
048154,旺宏兆豐94購01  ,0,0,0,0,0,0,0,0,0,-33000,0,0,0,22000,55000,-33000,-33000
05222P,致伸凱基95售02  ,0,0,0,0,0,0,0,0,0,-33000,0,0,0,0,33000,-33000,-33000
051927,國巨中信96購01  ,0,0,0,0,0,0,0,0,0,-33000,0,0,0,10000,43000,-33000,-33000
051916,和碩元大95購02  ,0,0,0,0,0,0,0,0,0,-33000,0,0,0,2000,35000,-33000,-33000
051489,世芯凱基95購01  ,0,0,0,0,0,0,0,0,0,-33000,0,0,0,69000,102000,-33000,-33000
050872,致伸永豐95購01  ,0,0,0,0,0,0,0,0,0,-33000,0,0,0,0,33000,-33000,-33000
050517,台積電元大94購27,0,0,0,0,0,0,0,0,0,-33000,0,0,0,179000,212000,-33000,-33000
050319,康控國票95購04  ,0,0,0,0,0,0,0,0,0,-33000,0,0,0,99000,132000,-33000,-33000
055008,隆達元富97購01  ,0,0,0,0,0,0,0,0,0,-33000,0,0,0,20000,53000,-33000,-33000
05868P,台積電凱基96售17,0,0,0,0,0,0,0,0,0,-33000,0,0,0,65000,98000,-33000,-33000
1437,勤益控          ,5000,38000,-33000,0,0,0,0,0,0,0,0,0,0,0,0,0,-33000
2480,敦陽科          ,18000,54000,-36000,0,0,0,0,0,0,3000,3000,0,3000,0,0,0,-33000
2486,一詮            ,16000,50000,-34000,0,0,0,0,0,0,1000,1000,0,1000,0,0,0,-33000
1531,高林股          ,2000,35000,-33000,0,0,0,0,0,0,0,0,0,0,0,0,0,-33000
2538,基泰            ,9000,42000,-33000,0,0,0,0,0,0,0,0,0,0,0,0,0,-33000
052666,瑞昱群益96購01  ,0,0,0,0,0,0,0,0,0,-34000,0,0,0,16000,50000,-34000,-34000
052926,旺宏元大98購02  ,0,0,0,0,0,0,0,0,0,-34000,0,0,0,325000,359000,-34000,-34000
053181,滬深2X元富99購02,0,0,0,0,0,0,0,0,0,-34000,0,0,0,15000,49000,-34000,-34000
053072,國巨台新97購01  ,0,0,0,0,0,0,0,0,0,-34000,0,0,0,208000,242000,-34000,-34000
053081,上銀元大97購02  ,0,0,0,0,0,0,0,0,0,-34000,0,0,0,54000,88000,-34000,-34000
054341,燿華元富96購03  ,0,0,0,0,0,0,0,0,0,-34000,0,0,0,0,34000,-34000,-34000
054866,宏盛群益98購01  ,0,0,0,0,0,0,0,0,0,-34000,0,0,0,0,34000,-34000,-34000
045102,京元電亞東93購01,0,0,0,0,0,0,0,0,0,-34000,0,0,0,21000,55000,-34000,-34000
048387,台達電國票94購01,0,0,0,0,0,0,0,0,0,-34000,0,0,0,10000,44000,-34000,-34000
047255,訊芯群益93購01  ,0,0,0,0,0,0,0,0,0,-34000,0,0,0,72000,106000,-34000,-34000
049738,神基群益94購01  ,0,0,0,0,0,0,0,0,0,-34000,0,0,0,64000,98000,-34000,-34000
04987P,昇陽半永豐94售04,0,0,0,0,0,0,0,0,0,-34000,0,0,0,26000,60000,-34000,-34000
050596,昇陽半永豐94購03,0,0,0,0,0,0,0,0,0,-34000,0,0,0,6000,40000,-34000,-34000
050773,京鼎元大94購02  ,0,0,0,0,0,0,0,0,0,-34000,0,0,0,127000,161000,-34000,-34000
051502,南茂群益95購01  ,0,0,0,0,0,0,0,0,0,-34000,0,0,0,0,34000,-34000,-34000
051553,牧德永豐96購02  ,0,0,0,0,0,0,0,0,0,-34000,0,0,0,96000,130000,-34000,-34000
051410,京元電國票96購01,0,0,0,0,0,0,0,0,0,-34000,0,0,0,87000,121000,-34000,-34000
051382,玉晶光群益98購02,0,0,0,0,0,0,0,0,0,-34000,0,0,0,21000,55000,-34000,-34000
052147,上緯控群益95購01,0,0,0,0,0,0,0,0,0,-34000,0,0,0,0,34000,-34000,-34000
052073,矽力統一95購03  ,0,0,0,0,0,0,0,0,0,-34000,0,0,0,154000,188000,-34000,-34000
2601,益航            ,71000,113000,-42000,0,0,0,0,0,0,8000,8000,0,8000,0,0,0,-34000
6504,南六            ,0,35000,-35000,0,0,0,0,0,0,1000,1000,0,1000,0,0,0,-34000
1522,堤維西          ,102000,114000,-12000,0,0,0,0,0,0,-22000,0,22000,-22000,0,0,0,-34000
1712,興農            ,1000,35000,-34000,0,0,0,0,0,0,0,0,0,0,0,0,0,-34000
2450,神腦            ,0,34000,-34000,0,0,0,0,0,0,0,0,0,0,0,0,0,-34000
2331,精英            ,45000,88000,-43000,0,0,0,0,0,0,9000,12000,3000,9000,0,0,0,-34000
1308,亞聚            ,0,35000,-35000,0,0,0,0,0,0,1000,1000,0,1000,0,0,0,-34000
05963P,貿聯國票97售02  ,0,0,0,0,0,0,0,0,0,-34000,0,0,0,0,34000,-34000,-34000
05849P,臺股指元大96售25,0,0,0,0,0,0,0,0,0,-34000,0,0,0,2000,36000,-34000,-34000
3712,永崴投控        ,13000,49800,-36800,0,0,0,0,0,0,2000,2000,0,2000,0,0,0,-34800
054862,群光群益97購01  ,0,0,0,0,0,0,0,0,0,-35000,0,0,0,0,35000,-35000,-35000
054781,台化群益99購01  ,0,0,0,0,0,0,0,0,0,-35000,0,0,0,0,35000,-35000,-35000
054362,亞光凱基96購03  ,0,0,0,0,0,0,0,0,0,-35000,0,0,0,13000,48000,-35000,-35000
05427P,聯發科凱基96售07,0,0,0,0,0,0,0,0,0,-35000,0,0,0,0,35000,-35000,-35000
052677,景碩富邦97購01  ,0,0,0,0,0,0,0,0,0,-35000,0,0,0,57000,92000,-35000,-35000
052566,國巨凱基96購04  ,0,0,0,0,0,0,0,0,0,-35000,0,0,0,21000,56000,-35000,-35000
045091,嘉聯益元大92購02,0,0,0,0,0,0,0,0,0,-35000,0,0,0,15000,50000,-35000,-35000
043190,宏達電元大93購01,0,0,0,0,0,0,0,0,0,-35000,0,0,0,40000,75000,-35000,-35000
047347,台積電凱基93購14,0,0,0,0,0,0,0,0,0,-35000,0,0,0,6000,41000,-35000,-35000
047188,聯詠元大93購04  ,0,0,0,0,0,0,0,0,0,-35000,0,0,0,10000,45000,-35000,-35000
046344,超眾國票94購01  ,0,0,0,0,0,0,0,0,0,-35000,0,0,0,0,35000,-35000,-35000
047360,鴻海群益95購02  ,0,0,0,0,0,0,0,0,0,-35000,0,0,0,123000,158000,-35000,-35000
048695,滬深2X國票95購03,0,0,0,0,0,0,0,0,0,-35000,0,0,0,0,35000,-35000,-35000
052307,潤泰全國泰96購01,0,0,0,0,0,0,0,0,0,-35000,0,0,0,5000,40000,-35000,-35000
051052,台積電群益95購01,0,0,0,0,0,0,0,0,0,-35000,0,0,0,75000,110000,-35000,-35000
051118,台塑群益95購01  ,0,0,0,0,0,0,0,0,0,-35000,0,0,0,32000,67000,-35000,-35000
051190,可成兆豐95購03  ,0,0,0,0,0,0,0,0,0,-35000,0,0,0,0,35000,-35000,-35000
050949,亞光群益96購01  ,0,0,0,0,0,0,0,0,0,-35000,0,0,0,28000,63000,-35000,-35000
050282,T50反1凱基97購01,0,0,0,0,0,0,0,0,0,-35000,0,0,0,0,35000,-35000,-35000
6155,鈞寶            ,54000,89000,-35000,0,0,0,0,0,0,0,0,0,0,0,0,0,-35000
05780P,台積電統一96售07,0,0,0,0,0,0,0,0,0,-35000,0,0,0,152000,187000,-35000,-35000
05568P,台積電統一96售03,0,0,0,0,0,0,0,0,0,-35000,0,0,0,0,35000,-35000,-35000
055135,聯發科富邦99購05,0,0,0,0,0,0,0,0,0,-35000,0,0,0,0,35000,-35000,-35000
05317P,臺股指永昌95售02,0,0,0,0,0,0,0,0,0,-36000,0,0,0,0,36000,-36000,-36000
053284,樺漢元大97購01  ,0,0,0,0,0,0,0,0,0,-36000,0,0,0,14000,50000,-36000,-36000
054295,世芯元大96購03  ,0,0,0,0,0,0,0,0,0,-36000,0,0,0,15000,51000,-36000,-36000
05451P,臺股指元大95售28,0,0,0,0,0,0,0,0,0,-36000,0,0,0,7000,43000,-36000,-36000
05474P,智邦亞東95售01  ,0,0,0,0,0,0,0,0,0,-36000,0,0,0,0,36000,-36000,-36000
054617,超眾永豐97購01  ,0,0,0,0,0,0,0,0,0,-36000,0,0,0,10000,46000,-36000,-36000
042346,創意富邦92購01  ,0,0,0,0,0,0,0,0,0,-36000,0,0,0,50000,86000,-36000,-36000
045717,微星凱基92購03  ,0,0,0,0,0,0,0,0,0,-36000,0,0,0,50000,86000,-36000,-36000
045166,深100富邦92購01 ,0,0,0,0,0,0,0,0,0,-36000,0,0,0,64000,100000,-36000,-36000
04421P,玉晶光永豐94售02,0,0,0,0,0,0,0,0,0,-36000,0,0,0,20000,56000,-36000,-36000
046647,高鐵國泰93購01  ,0,0,0,0,0,0,0,0,0,-36000,0,0,0,0,36000,-36000,-36000
04672P,台積電統一94售09,0,0,0,0,0,0,0,0,0,-36000,0,0,0,100000,136000,-36000,-36000
048084,華通凱基93購05  ,0,0,0,0,0,0,0,0,0,-36000,0,0,0,48000,84000,-36000,-36000
046090,冠德兆豐92購01  ,0,0,0,0,0,0,0,0,0,-36000,0,0,0,0,36000,-36000,-36000
050165,泰鼎國泰95購02  ,0,0,0,0,0,0,0,0,0,-36000,0,0,0,3000,39000,-36000,-36000
04995P,台達電凱基96售03,0,0,0,0,0,0,0,0,0,-36000,0,0,0,111000,147000,-36000,-36000
050356,緯穎群益94購05  ,0,0,0,0,0,0,0,0,0,-36000,0,0,0,219000,255000,-36000,-36000
051417,揚明光國票96購01,0,0,0,0,0,0,0,0,0,-36000,0,0,0,0,36000,-36000,-36000
051462,世芯國泰97購01  ,0,0,0,0,0,0,0,0,0,-36000,0,0,0,101000,137000,-36000,-36000
052245,緯創康和95購01  ,0,0,0,0,0,0,0,0,0,-36000,0,0,0,13000,49000,-36000,-36000
052068,瑞儀兆豐96購01  ,0,0,0,0,0,0,0,0,0,-36000,0,0,0,4000,40000,-36000,-36000
055036,中工富邦9B購01  ,0,0,0,0,0,0,0,0,0,-36000,0,0,0,0,36000,-36000,-36000
05874P,台積電群益96售10,0,0,0,0,0,0,0,0,0,-36000,0,0,0,90000,126000,-36000,-36000
06028P,智邦台新97售01  ,0,0,0,0,0,0,0,0,0,-36000,0,0,0,0,36000,-36000,-36000
2443,億麗            ,1000,37000,-36000,0,0,0,0,0,0,0,0,0,0,0,0,0,-36000
2014,中鴻            ,353000,94000,259000,0,0,0,0,0,0,-295000,5000,300000,-295000,0,0,0,-36000
5907,大洋-KY         ,10000,46000,-36000,0,0,0,0,0,0,0,0,0,0,0,0,0,-36000
1626,艾美特-KY       ,31000,67648,-36648,0,0,0,0,0,0,0,0,0,0,0,0,0,-36648
054331,世芯永豐96購03  ,0,0,0,0,0,0,0,0,0,-37000,0,0,0,75000,112000,-37000,-37000
054436,高鐵台新97購02  ,0,0,0,0,0,0,0,0,0,-37000,0,0,0,45000,82000,-37000,-37000
054179,上海銀台新97購01,0,0,0,0,0,0,0,0,0,-37000,0,0,0,0,37000,-37000,-37000
053003,國巨永豐96購02  ,0,0,0,0,0,0,0,0,0,-37000,0,0,0,29000,66000,-37000,-37000
044518,京鼎凱基92購01  ,0,0,0,0,0,0,0,0,0,-37000,0,0,0,42000,79000,-37000,-37000
042705,台積電亞東93購01,0,0,0,0,0,0,0,0,0,-37000,0,0,0,0,37000,-37000,-37000
046839,喬山台新93購01  ,0,0,0,0,0,0,0,0,0,-37000,0,0,0,0,37000,-37000,-37000
046755,瑞昱凱基93購05  ,0,0,0,0,0,0,0,0,0,-37000,0,0,0,11000,48000,-37000,-37000
052184,台光電群益95購03,0,0,0,0,0,0,0,0,0,-37000,0,0,0,75000,112000,-37000,-37000
051310,台達電麥證95購01,0,0,0,37000,75000,-38000,0,0,0,-37000,0,0,0,38000,75000,-37000,-37000
2009,第一銅          ,1000,38000,-37000,0,0,0,0,0,0,0,0,0,0,0,0,0,-37000
2489,瑞軒            ,78000,120000,-42000,0,0,0,0,0,0,5000,5000,0,5000,0,0,0,-37000
3515,華擎            ,146000,172000,-26000,0,0,0,0,0,0,-11000,1000,0,1000,4000,16000,-12000,-37000
052993,欣興台新97購01  ,0,0,0,0,0,0,0,0,0,-38000,0,0,0,0,38000,-38000,-38000
052905,潤泰全國票97購01,0,0,0,0,0,0,0,0,0,-38000,0,0,0,0,38000,-38000,-38000
054158,國巨日盛99購01  ,0,0,0,0,0,0,0,0,0,-38000,0,0,0,57000,95000,-38000,-38000
054795,合勤控群益98購01,0,0,0,0,0,0,0,0,0,-38000,0,0,0,0,38000,-38000,-38000
048073,南電元富93購02  ,0,0,0,0,0,0,0,0,0,-38000,0,0,0,0,38000,-38000,-38000
046339,訊芯中信92購01  ,0,0,0,0,0,0,0,0,0,-38000,0,0,0,10000,48000,-38000,-38000
048295,泰鼎群益93購01  ,0,0,0,0,0,0,0,0,0,-38000,0,0,0,17000,55000,-38000,-38000
049298,矽格群益95購01  ,0,0,0,0,0,0,0,0,0,-38000,0,0,0,80000,118000,-38000,-38000
049348,瑞昱台新94購01  ,0,0,0,0,0,0,0,0,0,-38000,0,0,0,0,38000,-38000,-38000
049448,光磊統一94購01  ,0,0,0,0,0,0,0,0,0,-38000,0,0,0,54000,92000,-38000,-38000
049477,泰鼎永豐94購01  ,0,0,0,0,0,0,0,0,0,-38000,0,0,0,22000,60000,-38000,-38000
048982,牧德元大94購02  ,0,0,0,0,0,0,0,0,0,-38000,0,0,0,0,38000,-38000,-38000
051318,上銀國票96購01  ,0,0,0,0,0,0,0,0,0,-38000,0,0,0,0,38000,-38000,-38000
051413,富邦金國票96購02,0,0,0,0,0,0,0,0,0,-38000,0,0,0,0,38000,-38000,-38000
051643,瑞昱康和95購01  ,0,0,0,0,0,0,0,0,0,-38000,0,0,0,0,38000,-38000,-38000
05189P,新光金凱基97售02,0,0,0,0,0,0,0,0,0,-38000,0,0,0,0,38000,-38000,-38000
050457,力成元大94購01  ,0,0,0,0,0,0,0,0,0,-38000,0,0,0,1000,39000,-38000,-38000
050110,京元電元大94購03,0,0,0,0,0,0,0,0,0,-38000,0,0,0,0,38000,-38000,-38000
050294,宏達電凱基94購04,0,0,0,0,0,0,0,0,0,-38000,0,0,0,30000,68000,-38000,-38000
049791,元油2X元大94購07,0,0,0,0,0,0,0,0,0,-38000,0,0,0,3000,41000,-38000,-38000
049785,華新科兆豐95購01,0,0,0,0,0,0,0,0,0,-38000,0,0,0,211000,249000,-38000,-38000
2748,雲品            ,7000,11000,-4000,0,0,0,0,34000,-34000,0,0,0,0,0,0,0,-38000
2417,圓剛            ,3000,44000,-41000,0,0,0,0,0,0,3000,3000,0,3000,0,0,0,-38000
8341,日友            ,33345,73000,-39655,0,0,0,0,0,0,1000,1000,0,1000,0,0,0,-38655
054842,台達電兆豐98購01,0,0,0,0,0,0,0,0,0,-39000,0,0,0,10000,49000,-39000,-39000
052615,鴻海國泰98購01  ,0,0,0,0,0,0,0,0,0,-39000,0,0,0,3000,42000,-39000,-39000
052422,聯電國票96購03  ,0,0,0,0,0,0,0,0,0,-39000,0,0,0,0,39000,-39000,-39000
052415,台表科麥證95購02,0,0,0,31000,70000,-39000,0,0,0,-39000,0,0,0,31000,70000,-39000,-39000
047782,燿華國泰95購01  ,0,0,0,0,0,0,0,0,0,-39000,0,0,0,117000,156000,-39000,-39000
047728,嘉聯益群益93購01,0,0,0,0,0,0,0,0,0,-39000,0,0,0,20000,59000,-39000,-39000
044066,聯詠元大91購06  ,0,0,0,0,0,0,0,0,0,-39000,0,0,0,1000,40000,-39000,-39000
049472,楠梓電永豐95購01,0,0,0,0,0,0,0,0,0,-39000,0,0,0,0,39000,-39000,-39000
046769,百和凱基93購06  ,0,0,0,0,0,0,0,0,0,-39000,0,0,0,33000,72000,-39000,-39000
046208,滬深2X元富95購03,0,0,0,0,0,0,0,0,0,-39000,0,0,0,1000,40000,-39000,-39000
046116,京元電元大92購05,0,0,0,0,0,0,0,0,0,-39000,0,0,0,0,39000,-39000,-39000
048829,欣興凱基94購02  ,0,0,0,0,0,0,0,0,0,-39000,0,0,0,0,39000,-39000,-39000
050121,南電元大95購02  ,0,0,0,0,0,0,0,0,0,-39000,0,0,0,0,39000,-39000,-39000
051416,創意國票96購02  ,0,0,0,0,0,0,0,0,0,-39000,0,0,0,43000,82000,-39000,-39000
2423,固緯            ,3000,43000,-40000,0,0,0,0,0,0,1000,1000,0,1000,0,0,0,-39000
05946P,和碩中信96售01  ,0,0,0,0,0,0,0,0,0,-39000,0,0,0,51000,90000,-39000,-39000
1215,卜蜂            ,7000,53000,-46000,0,0,0,0,0,0,7000,10000,0,10000,0,3000,-3000,-39000
05902P,華通國票96售02  ,0,0,0,0,0,0,0,0,0,-39000,0,0,0,0,39000,-39000,-39000
054926,神達凱基98購01  ,0,0,0,0,0,0,0,0,0,-39000,0,0,0,0,39000,-39000,-39000
052856,滬深2X凱基98購01,0,0,0,0,0,0,0,0,0,-40000,0,0,0,0,40000,-40000,-40000
052979,上銀元大96購02  ,0,0,0,0,0,0,0,0,0,-40000,0,0,0,207000,247000,-40000,-40000
053106,鴻海兆豐98購01  ,0,0,0,0,0,0,0,0,0,-40000,0,0,0,0,40000,-40000,-40000
053196,康控元富96購01  ,0,0,0,0,0,0,0,0,0,-40000,0,0,0,4000,44000,-40000,-40000
053418,旺宏永豐96購02  ,0,0,0,0,0,0,0,0,0,-40000,0,0,0,20000,60000,-40000,-40000
053504,祥碩兆豐96購01  ,0,0,0,0,0,0,0,0,0,-40000,0,0,0,10000,50000,-40000,-40000
05480P,滬深2X凱基96售05,0,0,0,0,0,0,0,0,0,-40000,0,0,0,10000,50000,-40000,-40000
05456P,鴻海凱基95售19  ,0,0,0,0,0,0,0,0,0,-40000,0,0,0,0,40000,-40000,-40000
046060,台塑凱基92購01  ,0,0,0,0,0,0,0,0,0,-40000,0,0,0,10000,50000,-40000,-40000
046038,欣興元大92購07  ,0,0,0,0,0,0,0,0,0,-40000,0,0,0,0,40000,-40000,-40000
045454,上銀元大93購01  ,0,0,0,0,0,0,0,0,0,-40000,0,0,0,0,40000,-40000,-40000
045476,南茂元大92購01  ,0,0,0,0,0,0,0,0,0,-40000,0,0,0,0,40000,-40000,-40000
045865,緯穎統一93購02  ,0,0,0,0,0,0,0,0,0,-40000,0,0,0,0,40000,-40000,-40000
045585,欣興元大93購03  ,0,0,0,0,0,0,0,0,0,-40000,0,0,0,0,40000,-40000,-40000
044567,華通凱基93購03  ,0,0,0,0,0,0,0,0,0,-40000,0,0,0,0,40000,-40000,-40000
044368,華通永豐91購02  ,0,0,0,0,0,0,0,0,0,-40000,0,0,0,0,40000,-40000,-40000
044369,全新永豐91購03  ,0,0,0,0,0,0,0,0,0,-40000,0,0,0,40000,80000,-40000,-40000
044375,亞光兆豐92購01  ,0,0,0,0,0,0,0,0,0,-40000,0,0,0,0,40000,-40000,-40000
044211,亞德客凱基91購02,0,0,0,0,0,0,0,0,0,-40000,0,0,0,40000,80000,-40000,-40000
042787,新日興兆豐93購01,0,0,0,0,0,0,0,0,0,-40000,0,0,0,20000,60000,-40000,-40000
043883,臻鼎元大91購02  ,0,0,0,0,0,0,0,0,0,-40000,0,0,0,0,40000,-40000,-40000
043894,百和元大92購01  ,0,0,0,0,0,0,0,0,0,-40000,0,0,0,0,40000,-40000,-40000
043951,喬山統一91購03  ,0,0,0,0,0,0,0,0,0,-40000,0,0,0,0,40000,-40000,-40000
044841,台光電元富91購04,0,0,0,0,0,0,0,0,0,-40000,0,0,0,10000,50000,-40000,-40000
045308,泰鼎元大93購02  ,0,0,0,0,0,0,0,0,0,-40000,0,0,0,0,40000,-40000,-40000
041871,元油2X凱基92購02,0,0,0,0,0,0,0,0,0,-40000,0,0,0,0,40000,-40000,-40000
044728,上緯控永豐91購02,0,0,0,0,0,0,0,0,0,-40000,0,0,0,0,40000,-40000,-40000
03639P,祥碩凱基93售05  ,0,0,0,0,0,0,0,0,0,-40000,0,0,0,0,40000,-40000,-40000
03580P,玉晶光永豐02售06,0,0,0,0,0,0,0,0,0,-40000,0,0,0,0,40000,-40000,-40000
04366P,全新元富95售01  ,0,0,0,0,0,0,0,0,0,-40000,0,0,0,0,40000,-40000,-40000
04044P,鴻海元大93售18  ,0,0,0,0,0,0,0,0,0,-40000,0,0,0,0,40000,-40000,-40000
04379P,大立光元大94售06,0,0,0,0,0,0,0,0,0,-40000,0,0,0,0,40000,-40000,-40000
046648,和鑫國泰94購01  ,0,0,0,0,0,0,0,0,0,-40000,0,0,0,5000,45000,-40000,-40000
048757,美利達元富96購01,0,0,0,0,0,0,0,0,0,-40000,0,0,0,1000,41000,-40000,-40000
048759,巨大元富96購01  ,0,0,0,0,0,0,0,0,0,-40000,0,0,0,0,40000,-40000,-40000
047831,台光電元大93購07,0,0,0,0,0,0,0,0,0,-40000,0,0,0,0,40000,-40000,-40000
047834,義隆元大93購02  ,0,0,0,0,0,0,0,0,0,-40000,0,0,0,1000,41000,-40000,-40000
048366,深中小統一93購02,0,0,0,0,0,0,0,0,0,-40000,0,0,0,0,40000,-40000,-40000
048197,義隆元大93購04  ,0,0,0,0,0,0,0,0,0,-40000,0,0,0,25000,65000,-40000,-40000
048191,亞德客元大93購06,0,0,0,0,0,0,0,0,0,-40000,0,0,0,0,40000,-40000,-40000
048259,新日興統一93購01,0,0,0,0,0,0,0,0,0,-40000,0,0,0,25000,65000,-40000,-40000
048225,全新凱基93購03  ,0,0,0,0,0,0,0,0,0,-40000,0,0,0,10000,50000,-40000,-40000
048624,美律台新93購01  ,0,0,0,0,0,0,0,0,0,-40000,0,0,0,103000,143000,-40000,-40000
048627,T50反1元大96購02,0,0,0,0,0,0,0,0,0,-40000,0,0,0,0,40000,-40000,-40000
046370,全新麥證93購01  ,0,0,0,0,40000,-40000,0,0,0,-40000,0,0,0,0,40000,-40000,-40000
046243,麗豐中信92購01  ,0,0,0,0,0,0,0,0,0,-40000,0,0,0,10000,50000,-40000,-40000
04751P,智邦兆豐95售02  ,0,0,0,0,0,0,0,0,0,-40000,0,0,0,0,40000,-40000,-40000
048895,光罩國泰95購01  ,0,0,0,0,0,0,0,0,0,-40000,0,0,0,10000,50000,-40000,-40000
048887,牧德元富94購01  ,0,0,0,0,0,0,0,0,0,-40000,0,0,0,1000,41000,-40000,-40000
047033,日月光中信95購01,0,0,0,0,0,0,0,0,0,-40000,0,0,0,10000,50000,-40000,-40000
046782,建準永豐93購01  ,0,0,0,0,0,0,0,0,0,-40000,0,0,0,10000,50000,-40000,-40000
046903,友達凱基99購01  ,0,0,0,0,0,0,0,0,0,-40000,0,0,0,0,40000,-40000,-40000
049471,楠梓電永豐94購04,0,0,0,0,0,0,0,0,0,-40000,0,0,0,0,40000,-40000,-40000
049455,上海銀統一94購02,0,0,0,0,0,0,0,0,0,-40000,0,0,0,10000,50000,-40000,-40000
049443,元石油統一94購02,0,0,0,0,0,0,0,0,0,-40000,0,0,0,0,40000,-40000,-40000
049345,富邦金統一94購02,0,0,0,0,0,0,0,0,0,-40000,0,0,0,10000,50000,-40000,-40000
049489,美律元大94購05  ,0,0,0,0,0,0,0,0,0,-40000,0,0,0,10000,50000,-40000,-40000
04899P,力成中信94售02  ,0,0,0,0,0,0,0,0,0,-40000,0,0,0,21000,61000,-40000,-40000
049259,聯發科元大94購04,0,0,0,0,0,0,0,0,0,-40000,0,0,0,12000,52000,-40000,-40000
049137,華通元大95購02  ,0,0,0,0,0,0,0,0,0,-40000,0,0,0,2000,42000,-40000,-40000
051458,臺股指元大95購18,0,0,0,0,0,0,0,0,0,-40000,0,0,0,0,40000,-40000,-40000
051563,泰鼎國泰96購01  ,0,0,0,0,0,0,0,0,0,-40000,0,0,0,10000,50000,-40000,-40000
051503,玉晶光統一97購01,0,0,0,0,0,0,0,0,0,-40000,0,0,0,1000,41000,-40000,-40000
051241,台積電元大95購13,0,0,0,0,0,0,0,0,0,-40000,0,0,0,150000,190000,-40000,-40000
051135,建準永豐95購01  ,0,0,0,0,0,0,0,0,0,-40000,0,0,0,0,40000,-40000,-40000
051758,瑞昱元大95購01  ,0,0,0,0,0,0,0,0,0,-40000,0,0,0,266000,306000,-40000,-40000
049992,國巨台新94購02  ,0,0,0,0,0,0,0,0,0,-40000,0,0,0,0,40000,-40000,-40000
050265,美食元大94購05  ,0,0,0,0,0,0,0,0,0,-40000,0,0,0,4000,44000,-40000,-40000
049754,豐祥永豐94購01  ,0,0,0,0,0,0,0,0,0,-40000,0,0,0,0,40000,-40000,-40000
050938,智原國票96購01  ,0,0,0,0,0,0,0,0,0,-40000,0,0,0,24000,64000,-40000,-40000
054998,玉晶光元富97購02,0,0,0,0,0,0,0,0,0,-40000,0,0,0,0,40000,-40000,-40000
054968,佐登元大97購01  ,0,0,0,0,0,0,0,0,0,-40000,0,0,0,9000,49000,-40000,-40000
05529P,臺股指群益96售02,0,0,0,0,0,0,0,0,0,-40000,0,0,0,0,40000,-40000,-40000
06096P,全新永豐97售02  ,0,0,0,0,0,0,0,0,0,-40000,0,0,0,30000,70000,-40000,-40000
9925,新保            ,0,24000,-24000,0,0,0,0,0,0,-16000,0,16000,-16000,0,0,0,-40000
6112,聚碩            ,22000,62000,-40000,0,0,0,0,0,0,0,0,0,0,0,0,0,-40000
5515,建國            ,2000,42120,-40120,0,0,0,0,0,0,0,0,0,0,0,0,0,-40120
054469,同欣電凱基97購01,0,0,0,0,0,0,0,0,0,-41000,0,0,0,107000,148000,-41000,-41000
054850,上海銀兆豐97購01,0,0,0,0,0,0,0,0,0,-41000,0,0,0,0,41000,-41000,-41000
053982,臻鼎元大96購05  ,0,0,0,0,0,0,0,0,0,-41000,0,0,0,207000,248000,-41000,-41000
053961,揚明光永豐96購04,0,0,0,0,0,0,0,0,0,-41000,0,0,0,0,41000,-41000,-41000
053133,華邦電國票97購01,0,0,0,0,0,0,0,0,0,-41000,0,0,0,0,41000,-41000,-41000
053054,禾伸堂國票97購01,0,0,0,0,0,0,0,0,0,-41000,0,0,0,25000,66000,-41000,-41000
00712,FH富時不動產    ,0,0,0,0,0,0,0,0,0,-41000,0,0,0,35000,76000,-41000,-41000
03828P,致茂中信95售01  ,0,0,0,0,0,0,0,0,0,-41000,0,0,0,47000,88000,-41000,-41000
045733,瑞昱國票93購01  ,0,0,0,0,0,0,0,0,0,-41000,0,0,0,65000,106000,-41000,-41000
04243P,大立光永昌93售08,0,0,0,0,0,0,0,0,0,-41000,0,0,0,100000,141000,-41000,-41000
045271,元油2X統一93購01,0,0,0,0,0,0,0,0,0,-41000,0,0,0,30000,71000,-41000,-41000
045888,宏達電元大92購04,0,0,0,0,0,0,0,0,0,-41000,0,0,0,59000,100000,-41000,-41000
04599P,南亞科凱基94售03,0,0,0,0,0,0,0,0,0,-41000,0,0,0,44000,85000,-41000,-41000
049143,智邦元大94購02  ,0,0,0,0,0,0,0,0,0,-41000,0,0,0,20000,61000,-41000,-41000
049497,茂林元大94購04  ,0,0,0,0,0,0,0,0,0,-41000,0,0,0,5000,46000,-41000,-41000
046872,全新元富93購02  ,0,0,0,0,0,0,0,0,0,-41000,0,0,0,0,41000,-41000,-41000
050822,亞光凱基95購01  ,0,0,0,0,0,0,0,0,0,-41000,0,0,0,60000,101000,-41000,-41000
050535,台表科群益94購02,0,0,0,0,0,0,0,0,0,-41000,0,0,0,26000,67000,-41000,-41000
049732,國巨群益94購05  ,0,0,0,0,0,0,0,0,0,-41000,0,0,0,0,41000,-41000,-41000
049934,緯穎元大94購08  ,0,0,0,0,0,0,0,0,0,-41000,0,0,0,185000,226000,-41000,-41000
050198,緯穎元大94購09  ,0,0,0,0,0,0,0,0,0,-41000,0,0,0,21000,62000,-41000,-41000
2472,立隆電          ,31000,69000,-38000,0,0,0,0,0,0,-3000,8000,11000,-3000,0,0,0,-41000
055272,國巨元大98購04  ,0,0,0,0,0,0,0,0,0,-41000,0,0,0,0,41000,-41000,-41000
053459,康控國泰97購01  ,0,0,0,0,0,0,0,0,0,-42000,0,0,0,38000,80000,-42000,-42000
053947,義隆富邦97購01  ,0,0,0,0,0,0,0,0,0,-42000,0,0,0,112000,154000,-42000,-42000
054856,得力群益99購01  ,0,0,0,0,0,0,0,0,0,-42000,0,0,0,0,42000,-42000,-42000
045820,京元電凱基92購04,0,0,0,0,0,0,0,0,0,-42000,0,0,0,110000,152000,-42000,-42000
04913P,聯詠元富94售02  ,0,0,0,0,0,0,0,0,0,-42000,0,0,0,13000,55000,-42000,-42000
048480,FB上証中信94購01,0,0,0,0,0,0,0,0,0,-42000,0,0,0,61000,103000,-42000,-42000
048192,華通元大96購01  ,0,0,0,0,0,0,0,0,0,-42000,0,0,0,110000,152000,-42000,-42000
047583,深中小永豐94購01,0,0,0,0,0,0,0,0,0,-42000,0,0,0,0,42000,-42000,-42000
049858,百和群益94購05  ,0,0,0,0,0,0,0,0,0,-42000,0,0,0,27000,69000,-42000,-42000
051895,聯茂元富95購02  ,0,0,0,0,0,0,0,0,0,-42000,0,0,0,0,42000,-42000,-42000
052247,深中小永豐95購01,0,0,0,0,0,0,0,0,0,-42000,0,0,0,0,42000,-42000,-42000
051101,台表科元大96購02,0,0,0,0,0,0,0,0,0,-42000,0,0,0,111000,153000,-42000,-42000
05765P,臺股指永豐96售01,0,0,0,0,0,0,0,0,0,-42000,0,0,0,60000,102000,-42000,-42000
2340,光磊            ,264000,386000,-122000,0,0,0,0,0,0,80000,17000,2000,15000,116000,51000,65000,-42000
1517,利奇            ,0,43000,-43000,0,0,0,0,0,0,1000,1000,0,1000,0,0,0,-42000
6443,元晶            ,1000,42570,-41570,0,0,0,0,0,0,-1000,0,1000,-1000,0,0,0,-42570
053729,聯茂凱基96購05  ,0,0,0,0,0,0,0,0,0,-43000,0,0,0,52000,95000,-43000,-43000
053471,正崴元大96購01  ,0,0,0,0,0,0,0,0,0,-43000,0,0,0,35000,78000,-43000,-43000
053383,京元電元大97購01,0,0,0,0,0,0,0,0,0,-43000,0,0,0,122000,165000,-43000,-43000
053197,超眾元富96購02  ,0,0,0,0,0,0,0,0,0,-43000,0,0,0,80000,123000,-43000,-43000
052981,鴻海元大97購05  ,0,0,0,0,0,0,0,0,0,-43000,0,0,0,157000,200000,-43000,-43000
048821,光磊凱基95購01  ,0,0,0,0,0,0,0,0,0,-43000,0,0,0,0,43000,-43000,-43000
04859P,台達電群益94售04,0,0,0,0,0,0,0,0,0,-43000,0,0,0,35000,78000,-43000,-43000
048418,瑞昱統一93購04  ,0,0,0,0,0,0,0,0,0,-43000,0,0,0,148000,191000,-43000,-43000
049311,漢唐凱基94購03  ,0,0,0,0,0,0,0,0,0,-43000,0,0,0,17000,60000,-43000,-43000
046852,燿華元大93購02  ,0,0,0,0,0,0,0,0,0,-43000,0,0,0,2000,45000,-43000,-43000
051998,昇陽半元大96購02,0,0,0,0,0,0,0,0,0,-43000,0,0,0,10000,53000,-43000,-43000
049899,台積電元富94購05,0,0,0,0,0,0,0,0,0,-43000,0,0,0,331000,374000,-43000,-43000
04965P,日月光元大94售02,0,0,0,0,0,0,0,0,0,-43000,0,0,0,7000,50000,-43000,-43000
050088,禾伸堂台新94購01,0,0,0,0,0,0,0,0,0,-43000,0,0,0,47000,90000,-43000,-43000
050765,鴻海元大96購02  ,0,0,0,0,0,0,0,0,0,-43000,0,0,0,418000,461000,-43000,-43000
8016,矽創            ,216000,84000,132000,0,0,0,0,196000,-196000,21000,2000,0,2000,20000,1000,19000,-43000
05531P,臺股指群益96售04,0,0,0,0,0,0,0,0,0,-43000,0,0,0,7000,50000,-43000,-43000
05556P,全新國票96售04  ,0,0,0,0,0,0,0,0,0,-43000,0,0,0,41000,84000,-43000,-43000
052922,國巨永豐96購01  ,0,0,0,0,0,0,0,0,0,-44000,0,0,0,127000,171000,-44000,-44000
052827,昇陽半永豐97購01,0,0,0,0,0,0,0,0,0,-44000,0,0,0,0,44000,-44000,-44000
053493,智邦兆豐97購02  ,0,0,0,0,0,0,0,0,0,-44000,0,0,0,21000,65000,-44000,-44000
053998,泰鼎群益98購01  ,0,0,0,0,0,0,0,0,0,-44000,0,0,0,6000,50000,-44000,-44000
054124,達方永豐96購02  ,0,0,0,0,0,0,0,0,0,-44000,0,0,0,0,44000,-44000,-44000
054226,燿華元富96購02  ,0,0,0,0,0,0,0,0,0,-44000,0,0,0,0,44000,-44000,-44000
00715L,街口布蘭特油正2 ,0,0,0,0,0,0,0,0,0,-44000,0,0,0,1000,45000,-44000,-44000
035274,華新台新97購01  ,0,0,0,0,0,0,0,0,0,-44000,0,0,0,56000,100000,-44000,-44000
044972,元金2X國票96購01,0,0,0,0,0,0,0,0,0,-44000,0,0,0,0,44000,-44000,-44000
047197,美律統一94購01  ,0,0,0,0,0,0,0,0,0,-44000,0,0,0,124000,168000,-44000,-44000
046999,康控富邦99購01  ,0,0,0,0,0,0,0,0,0,-44000,0,0,0,145000,189000,-44000,-44000
046952,南茂元大93購02  ,0,0,0,0,0,0,0,0,0,-44000,0,0,0,78000,122000,-44000,-44000
049115,創意統一94購03  ,0,0,0,0,0,0,0,0,0,-44000,0,0,0,125000,169000,-44000,-44000
049050,崇越康和94購01  ,0,0,0,0,0,0,0,0,0,-44000,0,0,0,60000,104000,-44000,-44000
048314,京元電凱基93購04,0,0,0,0,0,0,0,0,0,-44000,0,0,0,0,44000,-44000,-44000
048129,力成元大93購02  ,0,0,0,0,0,0,0,0,0,-44000,0,0,0,15000,59000,-44000,-44000
047974,新光金兆豐93購01,0,0,0,0,0,0,0,0,0,-44000,0,0,0,30000,74000,-44000,-44000
049842,道瓊反中信98購01,0,0,0,0,0,0,0,0,0,-44000,0,0,0,15000,59000,-44000,-44000
051918,聯茂元大95購01  ,0,0,0,0,0,0,0,0,0,-44000,0,0,0,303000,347000,-44000,-44000
052216,康友元大96購01  ,0,0,0,0,0,0,0,0,0,-44000,0,0,0,51000,95000,-44000,-44000
05116P,台積電群益95售03,0,0,0,0,0,0,0,0,0,-44000,0,0,0,10000,54000,-44000,-44000
051422,超眾國票96購01  ,0,0,0,0,0,0,0,0,0,-44000,0,0,0,0,44000,-44000,-44000
055171,凱美統一97購01  ,0,0,0,0,0,0,0,0,0,-44000,0,0,0,0,44000,-44000,-44000
054985,光罩元富97購01  ,0,0,0,0,0,0,0,0,0,-44000,0,0,0,0,44000,-44000,-44000
1337,再生-KY         ,16000,62000,-46000,0,0,0,0,0,0,2000,2000,0,2000,0,0,0,-44000
1477,聚陽            ,28589,170000,-141411,0,0,0,95000,0,95000,2000,2000,0,2000,0,0,0,-44411
054148,矽創元大96購03  ,0,0,0,0,0,0,0,0,0,-45000,0,0,0,71000,116000,-45000,-45000
053997,健策群益97購02  ,0,0,0,0,0,0,0,0,0,-45000,0,0,0,30000,75000,-45000,-45000
053983,樺漢元大97購02  ,0,0,0,0,0,0,0,0,0,-45000,0,0,0,73000,118000,-45000,-45000
053731,矽創凱基96購03  ,0,0,0,0,0,0,0,0,0,-45000,0,0,0,0,45000,-45000,-45000
054622,漢唐第一97購01  ,0,0,0,0,0,0,0,0,0,-45000,0,0,0,0,45000,-45000,-45000
054473,鴻海中信96購02  ,0,0,0,0,0,0,0,0,0,-45000,0,0,0,3000,48000,-45000,-45000
054576,健策元大98購03  ,0,0,0,0,0,0,0,0,0,-45000,0,0,0,36000,81000,-45000,-45000
054372,南亞科中信96購01,0,0,0,0,0,0,0,0,0,-45000,0,0,0,0,45000,-45000,-45000
05353P,臺股指元富95售07,0,0,0,0,0,0,0,0,0,-45000,0,0,0,0,45000,-45000,-45000
052881,康控凱基97購01  ,0,0,0,0,0,0,0,0,0,-45000,0,0,0,0,45000,-45000,-45000
052972,義隆群益96購04  ,0,0,0,0,0,0,0,0,0,-45000,0,0,0,2000,47000,-45000,-45000
052341,泰鼎凱基96購02  ,0,0,0,0,0,0,0,0,0,-45000,0,0,0,0,45000,-45000,-45000
045882,滬深2X元大95購01,0,0,0,0,0,0,0,0,0,-45000,0,0,0,0,45000,-45000,-45000
04775P,台積電凱基94售29,0,0,0,0,0,0,0,0,0,-45000,0,0,0,10000,55000,-45000,-45000
03413B,臺股指凱基94熊19,100000,0,100000,0,0,0,0,0,0,-145000,0,0,0,215000,360000,-145000,-45000
03686P,大立光統一98售02,0,0,0,0,0,0,0,0,0,-45000,0,0,0,0,45000,-45000,-45000
045826,樺漢凱基92購02  ,0,0,0,0,0,0,0,0,0,-45000,0,0,0,0,45000,-45000,-45000
047433,鴻海元大93購16  ,0,0,0,0,0,0,0,0,0,-45000,0,0,0,63000,108000,-45000,-45000
047523,瑞昱元大93購09  ,0,0,0,0,0,0,0,0,0,-45000,0,0,0,38000,83000,-45000,-45000
049576,元油2X元大94購06,0,0,0,0,0,0,0,0,0,-45000,0,0,0,0,45000,-45000,-45000
048881,美律統一94購02  ,0,0,0,0,0,0,0,0,0,-45000,0,0,0,0,45000,-45000,-45000
051598,瑞昱兆豐95購01  ,0,0,0,0,0,0,0,0,0,-45000,0,0,0,57000,102000,-45000,-45000
051314,嘉聯益麥證96購01,0,0,0,0,45000,-45000,0,0,0,-45000,0,0,0,0,45000,-45000,-45000
052285,康控凱基95購02  ,0,0,0,0,0,0,0,0,0,-45000,0,0,0,80000,125000,-45000,-45000
052046,漢唐凱基96購01  ,0,0,0,0,0,0,0,0,0,-45000,0,0,0,0,45000,-45000,-45000
05012P,台積電元大95售07,0,0,0,0,0,0,0,0,0,-45000,0,0,0,5000,50000,-45000,-45000
050301,矽創凱基94購03  ,0,0,0,0,0,0,0,0,0,-45000,0,0,0,0,45000,-45000,-45000
050843,富邦金國票96購01,0,0,0,0,0,0,0,0,0,-45000,0,0,0,0,45000,-45000,-45000
1558,伸興            ,3000,36000,-33000,0,0,0,0,0,0,-12000,0,12000,-12000,0,0,0,-45000
1612,宏泰            ,0,45000,-45000,0,0,0,0,0,0,0,0,0,0,0,0,0,-45000
06066P,群創台新98售01  ,0,0,0,0,0,0,0,0,0,-45000,0,0,0,0,45000,-45000,-45000
05775P,台積電國泰98售02,0,0,0,0,0,0,0,0,0,-45000,0,0,0,10000,55000,-45000,-45000
05786P,臺股指永昌96售03,0,0,0,0,0,0,0,0,0,-45000,37000,0,37000,60000,142000,-82000,-45000
2356,英業達          ,1107800,1309000,-201200,0,0,0,0,0,0,156000,67000,4000,63000,93000,0,93000,-45200
052984,漢唐元大96購01  ,0,0,0,0,0,0,0,0,0,-46000,0,0,0,4000,50000,-46000,-46000
053404,致新群益96購01  ,0,0,0,0,0,0,0,0,0,-46000,0,0,0,115000,161000,-46000,-46000
053004,燿華永豐96購01  ,0,0,0,0,0,0,0,0,0,-46000,0,0,0,0,46000,-46000,-46000
054320,國喬台新96購01  ,0,0,0,0,0,0,0,0,0,-46000,0,0,0,1000,47000,-46000,-46000
054829,亞光國泰99購01  ,0,0,0,0,0,0,0,0,0,-46000,0,0,0,93000,139000,-46000,-46000
054797,臻鼎群益97購01  ,0,0,0,0,0,0,0,0,0,-46000,0,0,0,46000,92000,-46000,-46000
047773,超眾元大96購01  ,0,0,0,0,0,0,0,0,0,-46000,0,0,0,68000,114000,-46000,-46000
044071,聯發科永豐91購01,0,0,0,0,0,0,0,0,0,-46000,0,0,0,0,46000,-46000,-46000
045031,上銀群益93購02  ,0,0,0,0,0,0,0,0,0,-46000,0,0,0,0,46000,-46000,-46000
044095,大立光統一92購01,0,0,0,0,0,0,0,0,0,-46000,0,0,0,3000,49000,-46000,-46000
04898P,瑞儀中信95售01  ,0,0,0,0,0,0,0,0,0,-46000,0,0,0,0,46000,-46000,-46000
047557,麗豐凱基94購02  ,0,0,0,0,0,0,0,0,0,-46000,0,0,0,0,46000,-46000,-46000
050893,鴻海元大96購03  ,0,0,0,0,0,0,0,0,0,-46000,0,0,0,79000,125000,-46000,-46000
050404,元大金麥證94購01,5000,0,5000,37000,88000,-51000,0,0,0,-51000,0,0,0,37000,88000,-51000,-46000
049956,國巨統一94購05  ,0,0,0,0,0,0,0,0,0,-46000,0,0,0,0,46000,-46000,-46000
049925,創意元大95購02  ,0,0,0,0,0,0,0,0,0,-46000,0,0,0,203000,249000,-46000,-46000
052082,臺股指元富95購04,0,0,0,0,0,0,0,0,0,-46000,0,0,0,16000,62000,-46000,-46000
052130,國巨凱基9B購01  ,0,0,0,0,0,0,0,0,0,-46000,0,0,0,65000,111000,-46000,-46000
051730,為升國票96購02  ,0,0,0,0,0,0,0,0,0,-46000,0,0,0,0,46000,-46000,-46000
06059P,泰碩元大97售02  ,0,0,0,0,0,0,0,0,0,-46000,0,0,0,0,46000,-46000,-46000
054925,神達凱基97購01  ,0,0,0,0,0,0,0,0,0,-46000,0,0,0,99000,145000,-46000,-46000
055153,台光電元大98購02,0,0,0,0,0,0,0,0,0,-46000,0,0,0,38000,84000,-46000,-46000
6197,佳必琪          ,28000,76000,-48000,0,0,0,0,0,0,2000,3000,1000,2000,0,0,0,-46000
4746,台耀            ,135000,186000,-51000,0,0,0,0,0,0,5000,12000,7000,5000,0,0,0,-46000
054334,超眾永豐96購04  ,0,0,0,0,0,0,0,0,0,-47000,0,0,0,0,47000,-47000,-47000
054254,晶豪科元大96購02,0,0,0,0,0,0,0,0,0,-47000,0,0,0,273000,320000,-47000,-47000
048427,百和元富95購01  ,0,0,0,0,0,0,0,0,0,-47000,0,0,0,0,47000,-47000,-47000
049364,燿華元大94購02  ,0,0,0,0,0,0,0,0,0,-47000,0,0,0,58000,105000,-47000,-47000
049419,欣興凱基94購04  ,0,0,0,0,0,0,0,0,0,-47000,0,0,0,0,47000,-47000,-47000
048894,光罩國泰94購01  ,0,0,0,0,0,0,0,0,0,-47000,0,0,0,53000,100000,-47000,-47000
048901,矽格國泰95購01  ,0,0,0,0,0,0,0,0,0,-47000,0,0,0,412000,459000,-47000,-47000
051691,台表科凱基95購01,0,0,0,0,0,0,0,0,0,-47000,0,0,0,14000,61000,-47000,-47000
051968,勤誠永豐95購01  ,0,0,0,0,0,0,0,0,0,-47000,0,0,0,12000,59000,-47000,-47000
052088,漢唐元大95購02  ,0,0,0,0,0,0,0,0,0,-47000,0,0,0,20000,67000,-47000,-47000
049600,緯穎元大95購02  ,0,0,0,0,0,0,0,0,0,-47000,0,0,0,159000,206000,-47000,-47000
050275,緯穎元大94購10  ,0,0,0,0,0,0,0,0,0,-47000,0,0,0,9000,56000,-47000,-47000
054943,群光元大97購01  ,0,0,0,0,0,0,0,0,0,-47000,0,0,0,32000,79000,-47000,-47000
05588P,群創兆豐97售02  ,0,0,0,0,0,0,0,0,0,-47000,0,0,0,0,47000,-47000,-47000
06140P,華新科群益97售06,0,0,0,0,0,0,0,0,0,-47000,0,0,0,0,47000,-47000,-47000
4958,臻鼎-KY         ,1257900,1502000,-244100,0,0,0,270000,0,270000,-73000,126000,176000,-50000,53000,76000,-23000,-47100
054028,臻鼎凱基96購03  ,0,0,0,0,0,0,0,0,0,-48000,0,0,0,8000,56000,-48000,-48000
054087,矽創亞東96購01  ,0,0,0,0,0,0,0,0,0,-48000,0,0,0,0,48000,-48000,-48000
054484,仁寶台新96購01  ,0,0,0,0,0,0,0,0,0,-48000,0,0,0,0,48000,-48000,-48000
052529,力成元大95購03  ,0,0,0,0,0,0,0,0,0,-48000,0,0,0,1000,49000,-48000,-48000
047725,廣達群益93購01  ,0,0,0,0,0,0,0,0,0,-48000,0,0,0,0,48000,-48000,-48000
047910,全新麥證94購01  ,0,0,0,70000,118000,-48000,0,0,0,-48000,0,0,0,70000,118000,-48000,-48000
046074,佐登凱基92購01  ,0,0,0,0,0,0,0,0,0,-48000,0,0,0,40000,88000,-48000,-48000
044528,元油2X國泰92購02,0,0,0,0,0,0,0,0,0,-48000,0,0,0,0,48000,-48000,-48000
044720,創意亞東93購01  ,0,0,0,0,0,0,0,0,0,-48000,0,0,0,0,48000,-48000,-48000
044785,台達電亞東93購01,0,0,0,0,0,0,0,0,0,-48000,0,0,0,0,48000,-48000,-48000
03781P,智邦凱基93售03  ,0,0,0,0,0,0,0,0,0,-48000,0,0,0,0,48000,-48000,-48000
047181,智邦元大93購06  ,0,0,0,0,0,0,0,0,0,-48000,0,0,0,2000,50000,-48000,-48000
04952P,台光電亞東94售01,0,0,0,0,0,0,0,0,0,-48000,0,0,0,0,48000,-48000,-48000
049166,元油2X凱基97購02,0,0,0,0,0,0,0,0,0,-48000,0,0,0,0,48000,-48000,-48000
046352,智邦群益92購02  ,0,0,0,0,0,0,0,0,0,-48000,0,0,0,0,48000,-48000,-48000
047567,欣興國票93購05  ,0,0,0,0,0,0,0,0,0,-48000,0,0,0,0,48000,-48000,-48000
047426,創意亞東93購02  ,0,0,0,0,0,0,0,0,0,-48000,0,0,0,0,48000,-48000,-48000
048709,瑞昱亞東94購01  ,0,0,0,0,0,0,0,0,0,-48000,0,0,0,0,48000,-48000,-48000
04867P,美律統一94售03  ,0,0,0,0,0,0,0,0,0,-48000,0,0,0,0,48000,-48000,-48000
050139,華通亞東94購01  ,0,0,0,0,0,0,0,0,0,-48000,0,0,0,10000,58000,-48000,-48000
049603,富邦金亞東94購01,0,0,0,0,0,0,0,0,0,-48000,0,0,0,0,48000,-48000,-48000
049683,美食統一94購01  ,0,0,0,0,0,0,0,0,0,-48000,0,0,0,0,48000,-48000,-48000
050959,元金2X永豐95購02,0,0,0,0,0,0,0,0,0,-48000,0,0,0,0,48000,-48000,-48000
052179,康友元大95購03  ,0,0,0,0,0,0,0,0,0,-48000,0,0,0,175000,223000,-48000,-48000
052320,緯創元大95購05  ,0,0,0,0,0,0,0,0,0,-48000,0,0,0,23000,71000,-48000,-48000
051680,國泰金第一95購01,0,0,0,0,0,0,0,0,0,-48000,0,0,0,0,48000,-48000,-48000
051373,華新亞東95購01  ,0,0,0,0,0,0,0,0,0,-48000,0,0,0,0,48000,-48000,-48000
05654P,台光電統一96售01,0,0,0,0,0,0,0,0,0,-48000,0,0,0,0,48000,-48000,-48000
05333P,臺股指國票95售02,0,0,0,0,0,0,0,0,0,-49000,0,0,0,75000,124000,-49000,-49000
053519,力成群益96購02  ,0,0,0,0,0,0,0,0,0,-49000,0,0,0,1000,50000,-49000,-49000
054319,世紀鋼凱基96購02,0,0,0,0,0,0,0,0,0,-49000,0,0,0,0,49000,-49000,-49000
054755,世紀鋼凱基98購01,0,0,0,0,0,0,0,0,0,-49000,0,0,0,0,49000,-49000,-49000
054057,晶豪科國票97購01,0,0,0,0,0,0,0,0,0,-49000,0,0,0,0,49000,-49000,-49000
054002,GIS群益96購03   ,0,0,0,0,0,0,0,0,0,-49000,0,0,0,11000,60000,-49000,-49000
054216,聯茂國票97購03  ,0,0,0,0,0,0,0,0,0,-49000,0,0,0,52000,101000,-49000,-49000
042093,台灣50群益94購02,10000,0,10000,0,0,0,0,0,0,-59000,0,0,0,84000,143000,-59000,-49000
044853,亞光國泰93購01  ,0,0,0,0,0,0,0,0,0,-49000,0,0,0,180000,229000,-49000,-49000
045720,台光電凱基93購07,0,0,0,0,0,0,0,0,0,-49000,0,0,0,22000,71000,-49000,-49000
047772,泰鼎元大93購05  ,0,0,0,0,0,0,0,0,0,-49000,0,0,0,18000,67000,-49000,-49000
045833,京元電群益92購02,0,0,0,0,0,0,0,0,0,-49000,0,0,0,10000,59000,-49000,-49000
045219,瑞昱元大92購01  ,0,0,0,0,0,0,0,0,0,-49000,0,0,0,1000,50000,-49000,-49000
048851,台達電群益94購01,0,0,0,0,0,0,0,0,0,-49000,0,0,0,40000,89000,-49000,-49000
048594,泰鼎群益93購02  ,0,0,0,0,0,0,0,0,0,-49000,0,0,0,8000,57000,-49000,-49000
046429,矽力元大92購03  ,0,0,0,0,0,0,0,0,0,-49000,0,0,0,15000,64000,-49000,-49000
049515,同欣電凱基94購01,0,0,0,0,0,0,0,0,0,-49000,0,0,0,1000,50000,-49000,-49000
048093,聯發科凱基93購30,0,0,0,0,0,0,0,0,0,-49000,0,0,0,1000,50000,-49000,-49000
047289,啟碁統一97購01  ,0,0,0,0,0,0,0,0,0,-49000,0,0,0,0,49000,-49000,-49000
051307,康舒凱基95購01  ,0,0,0,0,0,0,0,0,0,-49000,0,0,0,0,49000,-49000,-49000
051704,智邦群益95購02  ,0,0,0,0,0,0,0,0,0,-49000,0,0,0,46000,95000,-49000,-49000
050704,復盛凱基94購03  ,0,0,0,0,0,0,0,0,0,-49000,0,0,0,11000,60000,-49000,-49000
050483,樺漢國票94購01  ,0,0,0,0,0,0,0,0,0,-49000,0,0,0,5000,54000,-49000,-49000
04963P,鴻海元大94售25  ,0,0,0,0,0,0,0,0,0,-49000,0,0,0,30000,79000,-49000,-49000
049782,世紀鋼統一94購01,0,0,0,0,0,0,0,0,0,-49000,0,0,0,0,49000,-49000,-49000
055052,凱美永豐97購01  ,0,0,0,0,0,0,0,0,0,-49000,0,0,0,0,49000,-49000,-49000
1463,強盛            ,0,49000,-49000,0,0,0,0,0,0,0,0,0,0,0,0,0,-49000
1321,大洋            ,9000,58000,-49000,0,0,0,0,0,0,0,0,0,0,0,0,0,-49000
3437,榮創            ,55000,108000,-53000,0,0,0,0,0,0,4000,4000,0,4000,0,0,0,-49000
054207,國巨國票98購01  ,0,0,0,0,0,0,0,0,0,-50000,0,0,0,140000,190000,-50000,-50000
054194,國巨麥證96購02  ,0,0,0,0,60000,-60000,0,0,0,-50000,0,0,0,10000,60000,-50000,-50000
054237,茂林群益97購01  ,0,0,0,0,0,0,0,0,0,-50000,0,0,0,0,50000,-50000,-50000
054066,緯穎國票97購03  ,0,0,0,0,0,0,0,0,0,-50000,0,0,0,11000,61000,-50000,-50000
054088,華新群益98購02  ,0,0,0,0,0,0,0,0,0,-50000,0,0,0,22000,72000,-50000,-50000
054078,鴻海中信98購01  ,0,0,0,0,0,0,0,0,0,-50000,0,0,0,0,50000,-50000,-50000
054097,淘帝國票97購01  ,0,0,0,0,0,0,0,0,0,-50000,0,0,0,0,50000,-50000,-50000
053862,南亞科元大97購02,0,0,0,0,0,0,0,0,0,-50000,0,0,0,0,50000,-50000,-50000
05470P,康控元大95售05  ,0,0,0,0,0,0,0,0,0,-50000,0,0,0,0,50000,-50000,-50000
054668,傳奇元富97購03  ,0,0,0,0,0,0,0,0,0,-50000,0,0,0,0,50000,-50000,-50000
054605,鴻海永豐97購01  ,0,0,0,0,0,0,0,0,0,-50000,0,0,0,20000,70000,-50000,-50000
054871,明泰群益98購01  ,0,0,0,0,0,0,0,0,0,-50000,0,0,0,0,50000,-50000,-50000
054347,上緯控國票96購02,0,0,0,0,0,0,0,0,0,-50000,0,0,0,0,50000,-50000,-50000
053582,英業達元大97購01,0,0,0,0,0,0,0,0,0,-50000,0,0,0,0,50000,-50000,-50000
053005,微星永豐96購01  ,0,0,0,0,0,0,0,0,0,-50000,0,0,0,68000,118000,-50000,-50000
053086,宏達電元大97購01,0,0,0,0,0,0,0,0,0,-50000,0,0,0,3000,53000,-50000,-50000
053237,揚明光永豐96購03,0,0,0,0,0,0,0,0,0,-50000,0,0,0,0,50000,-50000,-50000
052357,揚明光永豐95購03,0,0,0,0,0,0,0,0,0,-50000,0,0,0,0,50000,-50000,-50000
052989,麗豐元大98購01  ,0,0,0,0,0,0,0,0,0,-50000,0,0,0,0,50000,-50000,-50000
052799,上銀元大96購01  ,0,0,0,0,0,0,0,0,0,-50000,0,0,0,56000,106000,-50000,-50000
045566,南寶國泰93購01  ,0,0,0,0,0,0,0,0,0,-50000,0,0,0,0,50000,-50000,-50000
045506,麗豐凱基92購02  ,0,0,0,0,0,0,0,0,0,-50000,0,0,0,0,50000,-50000,-50000
045099,日股反中信93購01,0,0,0,0,0,0,0,0,0,-50000,0,0,0,0,50000,-50000,-50000
044199,亞光國票91購01  ,0,0,0,0,0,0,0,0,0,-50000,0,0,0,0,50000,-50000,-50000
04600P,可成凱基94售07  ,0,0,0,0,0,0,0,0,0,-50000,0,0,0,25000,75000,-50000,-50000
048044,儒鴻永豐93購01  ,0,0,0,0,0,0,0,0,0,-50000,0,0,0,0,50000,-50000,-50000
044465,元油2X群益97購01,0,0,0,0,0,0,0,0,0,-50000,0,0,0,0,50000,-50000,-50000
044330,T50反1統一93購01,0,0,0,0,0,0,0,0,0,-50000,0,0,0,0,50000,-50000,-50000
047894,大成鋼群益93購01,0,0,0,0,0,0,0,0,0,-50000,0,0,0,0,50000,-50000,-50000
044662,力成永豐91購02  ,0,0,0,0,0,0,0,0,0,-50000,0,0,0,0,50000,-50000,-50000
045288,元油2X元大95購02,0,0,0,0,0,0,0,0,0,-50000,0,0,0,0,50000,-50000,-50000
045780,奇鋐元大94購01  ,0,0,0,0,0,0,0,0,0,-50000,0,0,0,0,50000,-50000,-50000
04202P,華新科元大93售10,0,0,0,0,0,0,0,0,0,-50000,0,0,0,30000,80000,-50000,-50000
044801,微星凱基93購01  ,0,0,0,0,0,0,0,0,0,-50000,0,0,0,0,50000,-50000,-50000
04245P,上海銀元大93售03,0,0,0,0,0,0,0,0,0,-50000,0,0,0,0,50000,-50000,-50000
043049,奇鋐國泰93購01  ,0,0,0,0,0,0,0,0,0,-50000,0,0,0,0,50000,-50000,-50000
04082P,智邦統一93售03  ,0,0,0,0,0,0,0,0,0,-50000,0,0,0,47000,97000,-50000,-50000
03844P,康友元富93售03  ,0,0,0,0,0,0,0,0,0,-50000,0,0,0,0,50000,-50000,-50000
03883P,鴻海元大93售11  ,0,0,0,0,0,0,0,0,0,-50000,0,0,0,0,50000,-50000,-50000
03266P,寶成國票04售01  ,0,0,0,0,0,0,0,0,0,-50000,0,0,0,220000,270000,-50000,-50000
03938P,聯鈞元大93售01  ,0,0,0,0,0,0,0,0,0,-50000,0,0,0,0,50000,-50000,-50000
03971P,智邦亞東93售01  ,0,0,0,0,0,0,0,0,0,-50000,0,0,0,0,50000,-50000,-50000
00686R,群益臺灣加權反1 ,0,0,0,0,0,0,0,0,0,-50000,0,0,0,5000,55000,-50000,-50000
04346P,大立光兆豐95售02,0,0,0,0,0,0,0,0,0,-50000,0,0,0,0,50000,-50000,-50000
03569P,台積電元大02售41,0,0,0,0,0,0,0,0,0,-50000,0,0,0,0,50000,-50000,-50000
03655P,臺股指元大92售17,0,0,0,0,0,0,0,0,0,-50000,0,0,0,0,50000,-50000,-50000
03516P,臺股指國票02售05,0,0,0,0,0,0,0,0,0,-50000,0,0,0,0,50000,-50000,-50000
04023P,臺股指元富99售02,0,0,0,0,0,0,0,0,0,-50000,0,0,0,0,50000,-50000,-50000
043605,創意元大93購01  ,0,0,0,0,0,0,0,0,0,-50000,0,0,0,0,50000,-50000,-50000
047327,中磊元大93購04  ,0,0,0,0,0,0,0,0,0,-50000,0,0,0,0,50000,-50000,-50000
04890P,台積電元大95售05,0,0,0,0,0,0,0,0,0,-50000,0,0,0,0,50000,-50000,-50000
046948,聯詠元大93購03  ,0,0,0,0,0,0,0,0,0,-50000,0,0,0,30000,80000,-50000,-50000
047519,台達電元大93購02,0,0,0,0,0,0,0,0,0,-50000,0,0,0,0,50000,-50000,-50000
046115,京元電元大92購04,0,0,0,0,0,0,0,0,0,-50000,0,0,0,0,50000,-50000,-50000
046941,瑞昱元大93購08  ,0,0,0,0,0,0,0,0,0,-50000,0,0,0,1000,51000,-50000,-50000
047103,台苯元大93購01  ,0,0,0,0,0,0,0,0,0,-50000,0,0,0,50000,100000,-50000,-50000
049351,揚明光永豐94購01,0,0,0,0,0,0,0,0,0,-50000,0,0,0,0,50000,-50000,-50000
049323,百和凱基94購01  ,0,0,0,0,0,0,0,0,0,-50000,0,0,0,17000,67000,-50000,-50000
048963,川湖元大94購01  ,0,0,0,0,0,0,0,0,0,-50000,0,0,0,0,50000,-50000,-50000
046337,智原第一92購01  ,0,0,0,0,0,0,0,0,0,-50000,0,0,0,0,50000,-50000,-50000
048409,致伸群益93購05  ,0,0,0,0,0,0,0,0,0,-50000,0,0,0,0,50000,-50000,-50000
048455,上緯控凱基94購01,0,0,0,0,0,0,0,0,0,-50000,0,0,0,0,50000,-50000,-50000
048602,上緯控國票96購01,0,0,0,0,0,0,0,0,0,-50000,0,0,0,0,50000,-50000,-50000
048611,宏達電凱基93購04,0,0,0,0,0,0,0,0,0,-50000,0,0,0,50000,100000,-50000,-50000
04815P,致伸元大94售04  ,0,0,0,0,0,0,0,0,0,-50000,0,0,0,0,50000,-50000,-50000
048256,鴻海統一93購08  ,0,0,0,0,0,0,0,0,0,-50000,0,0,0,0,50000,-50000,-50000
048576,義隆國泰95購01  ,0,0,0,0,0,0,0,0,0,-50000,0,0,0,54000,104000,-50000,-50000
048818,台達電凱基94購01,0,0,0,0,0,0,0,0,0,-50000,0,0,0,13000,63000,-50000,-50000
047988,志超群益93購02  ,0,0,0,0,0,0,0,0,0,-50000,0,0,0,0,50000,-50000,-50000
04660P,臺股指富邦94售03,0,0,0,0,0,0,0,0,0,-50000,0,0,0,0,50000,-50000,-50000
048730,智原麥證94購01  ,0,0,0,0,50000,-50000,0,0,0,-50000,0,0,0,0,50000,-50000,-50000
047432,台達電元大93購01,0,0,0,0,0,0,0,0,0,-50000,0,0,0,0,50000,-50000,-50000
046573,上緯控國泰94購01,0,0,0,0,0,0,0,0,0,-50000,0,0,0,0,50000,-50000,-50000
049734,瑞昱群益94購02  ,0,0,0,0,0,0,0,0,0,-50000,0,0,0,20000,70000,-50000,-50000
04968P,台積電富邦94售06,0,0,0,0,0,0,0,0,0,-50000,0,0,0,0,50000,-50000,-50000
049912,燿華元大94購04  ,0,0,0,0,0,0,0,0,0,-50000,0,0,0,0,50000,-50000,-50000
049897,華新科統一94購07,0,0,0,0,0,0,0,0,0,-50000,0,0,0,0,50000,-50000,-50000
049790,滬深2X元大97購04,0,0,0,0,0,0,0,0,0,-50000,0,0,0,0,50000,-50000,-50000
050147,為升永豐94購01  ,0,0,0,0,0,0,0,0,0,-50000,0,0,0,0,50000,-50000,-50000
050447,廣達元大94購01  ,0,0,0,0,0,0,0,0,0,-50000,0,0,0,0,50000,-50000,-50000
050422,鴻海凱基96購01  ,0,0,0,0,0,0,0,0,0,-50000,0,0,0,0,50000,-50000,-50000
050423,鴻海凱基96購02  ,0,0,0,0,0,0,0,0,0,-50000,0,0,0,0,50000,-50000,-50000
05032P,台積電國泰96售05,0,0,0,0,0,0,0,0,0,-50000,0,0,0,10000,60000,-50000,-50000
050698,明泰凱基96購01  ,0,0,0,0,0,0,0,0,0,-50000,0,0,0,0,50000,-50000,-50000
050957,T50反1台新05購01,0,0,0,0,0,0,0,0,0,-50000,0,0,0,0,50000,-50000,-50000
050930,矽格凱基95購01  ,0,0,0,0,0,0,0,0,0,-50000,0,0,0,0,50000,-50000,-50000
051989,華固元大95購02  ,0,0,0,0,0,0,0,0,0,-50000,0,0,0,0,50000,-50000,-50000
052297,旭富國票96購01  ,0,0,0,0,0,0,0,0,0,-50000,0,0,0,10000,60000,-50000,-50000
052124,京鼎國票95購01  ,0,0,0,0,0,0,0,0,0,-50000,0,0,0,20000,70000,-50000,-50000
051248,華固元大95購01  ,0,0,0,0,0,0,0,0,0,-50000,0,0,0,0,50000,-50000,-50000
051113,聯電元富95購01  ,0,0,0,0,0,0,0,0,0,-50000,0,0,0,205000,255000,-50000,-50000
051048,臺指反群益96購01,0,0,0,0,0,0,0,0,0,-50000,0,0,0,50000,100000,-50000,-50000
051559,宏達電國泰96購01,0,0,0,0,0,0,0,0,0,-50000,0,0,0,21000,71000,-50000,-50000
6142,友勁            ,0,50000,-50000,0,0,0,0,0,0,0,0,0,0,0,0,0,-50000
9929,秋雨            ,0,50000,-50000,0,0,0,0,0,0,0,0,0,0,0,0,0,-50000
08966P,臺指反元大04售07,0,0,0,0,0,0,0,0,0,-50000,0,0,0,0,50000,-50000,-50000
06034P,世芯凱基96售03  ,0,0,0,0,0,0,0,0,0,-50000,0,0,0,0,50000,-50000,-50000
2536,宏普            ,72000,114000,-42000,0,0,0,0,0,0,-8000,0,8000,-8000,0,0,0,-50000
2206,三陽工業        ,2000,52000,-50000,0,0,0,0,0,0,0,0,0,0,0,0,0,-50000
055025,華新科國泰98購02,0,0,0,0,0,0,0,0,0,-50000,0,0,0,0,50000,-50000,-50000
054932,台肥元大97購01  ,0,0,0,0,0,0,0,0,0,-50000,0,0,0,0,50000,-50000,-50000
054905,國揚康和97購01  ,0,0,0,0,0,0,0,0,0,-50000,0,0,0,0,50000,-50000,-50000
055181,日電貿統一97購01,0,0,0,0,0,0,0,0,0,-50000,0,0,0,0,50000,-50000,-50000
05519P,上証2X凱基98售01,0,0,0,0,0,0,0,0,0,-50000,0,0,0,0,50000,-50000,-50000
05572P,群創統一96售02  ,0,0,0,0,0,0,0,0,0,-50000,0,0,0,0,50000,-50000,-50000
05579P,友達凱基98售03  ,0,0,0,0,0,0,0,0,0,-50000,0,0,0,20000,70000,-50000,-50000
052907,嘉澤國票97購01  ,0,0,0,0,0,0,0,0,0,-51000,0,0,0,32000,83000,-51000,-51000
052621,台郡富邦97購01  ,0,0,0,0,0,0,0,0,0,-51000,0,0,0,18000,69000,-51000,-51000
053272,鴻海元大96購17  ,0,0,0,0,0,0,0,0,0,-51000,0,0,0,0,51000,-51000,-51000
053918,美律國票97購01  ,0,0,0,0,0,0,0,0,0,-51000,0,0,0,5000,56000,-51000,-51000
03625P,欣興群益92售04  ,0,0,0,0,0,0,0,0,0,-51000,0,0,0,5000,56000,-51000,-51000
03183P,鴻海元大01售28  ,0,0,0,0,0,0,0,0,0,-51000,0,0,0,0,51000,-51000,-51000
04265P,滬深2X元富93售04,0,0,0,0,0,0,0,0,0,-51000,0,0,0,8000,59000,-51000,-51000
046690,元油2X凱基93購03,0,0,0,0,0,0,0,0,0,-51000,0,0,0,0,51000,-51000,-51000
046741,GIS群益94購01   ,0,0,0,0,0,0,0,0,0,-51000,0,0,0,11000,62000,-51000,-51000
049523,微星兆豐94購02  ,0,0,0,0,0,0,0,0,0,-51000,0,0,0,0,51000,-51000,-51000
048122,台達電元大96購02,0,0,0,0,0,0,0,0,0,-51000,0,0,0,14000,65000,-51000,-51000
051731,聯電國票96購02  ,0,0,0,0,0,0,0,0,0,-51000,0,0,0,0,51000,-51000,-51000
049857,緯穎群益94購03  ,0,0,0,0,0,0,0,0,0,-51000,0,0,0,137000,188000,-51000,-51000
055120,南港兆豐97購01  ,0,0,0,0,0,0,0,0,0,-51000,0,0,0,25000,76000,-51000,-51000
06151P,華新科元大97售07,0,0,0,0,0,0,0,0,0,-51000,0,0,0,30000,81000,-51000,-51000
1439,中和            ,13000,64000,-51000,0,0,0,0,0,0,0,0,0,0,0,0,0,-51000
6214,精誠            ,31000,78000,-47000,0,0,0,0,0,0,-4000,1000,5000,-4000,0,0,0,-51000
1231,聯華食          ,0,51600,-51600,0,0,0,0,0,0,0,0,0,0,0,0,0,-51600
053867,創意元大96購04  ,0,0,0,0,0,0,0,0,0,-52000,0,0,0,130000,182000,-52000,-52000
053657,元大金凱基96購01,0,0,0,0,0,0,0,0,0,-52000,0,0,0,0,52000,-52000,-52000
054597,南亞台新97購01  ,0,0,0,0,0,0,0,0,0,-52000,0,0,0,0,52000,-52000,-52000
054754,昇陽半凱基98購02,0,0,0,0,0,0,0,0,0,-52000,0,0,0,0,52000,-52000,-52000
054758,南亞國票9A購01  ,0,0,0,0,0,0,0,0,0,-52000,0,0,0,0,52000,-52000,-52000
053145,元黃金元大96購02,0,0,0,0,0,0,0,0,0,-52000,0,0,0,2000,54000,-52000,-52000
052992,冠德台新96購01  ,0,0,0,0,0,0,0,0,0,-52000,0,0,0,0,52000,-52000,-52000
042137,元油2X元大93購01,0,0,0,0,0,0,0,0,0,-52000,0,0,0,5000,57000,-52000,-52000
036804,國巨元富93購01  ,0,0,0,0,0,0,0,0,0,-52000,0,0,0,443000,495000,-52000,-52000
045984,亞光麥證93購02  ,0,0,0,3000,55000,-52000,0,0,0,-52000,0,0,0,3000,55000,-52000,-52000
047189,聯詠元大93購05  ,0,0,0,0,0,0,0,0,0,-52000,0,0,0,11000,63000,-52000,-52000
048983,牧德元大95購01  ,0,0,0,0,0,0,0,0,0,-52000,0,0,0,2000,54000,-52000,-52000
049049,玉晶光康和94購02,0,0,0,0,0,0,0,0,0,-52000,0,0,0,16000,68000,-52000,-52000
049795,華通元大96購02  ,0,0,0,0,0,0,0,0,0,-52000,0,0,0,124000,176000,-52000,-52000
050901,樺漢元大95購02  ,0,0,0,0,0,0,0,0,0,-52000,0,0,0,15000,67000,-52000,-52000
050801,元金2X群益98購01,0,0,0,0,0,0,0,0,0,-52000,0,0,0,5000,57000,-52000,-52000
052037,全新國泰96購02  ,0,0,0,0,0,0,0,0,0,-52000,0,0,0,77000,129000,-52000,-52000
051057,信邦群益95購01  ,0,0,0,0,0,0,0,0,0,-52000,0,0,0,66000,118000,-52000,-52000
2029,盛餘            ,7000,59000,-52000,0,0,0,0,0,0,0,0,0,0,0,0,0,-52000
1608,華榮            ,1000,53000,-52000,0,0,0,0,0,0,0,0,0,0,0,0,0,-52000
3532,台勝科          ,33000,104912,-71912,0,0,0,0,0,0,19000,1000,0,1000,26000,8000,18000,-52912
052372,台泥元大95購02  ,0,0,0,0,0,0,0,0,0,-53000,0,0,0,0,53000,-53000,-53000
053410,啟碁兆豐96購01  ,0,0,0,0,0,0,0,0,0,-53000,0,0,0,0,53000,-53000,-53000
054756,世紀鋼凱基99購01,0,0,0,0,0,0,0,0,0,-53000,0,0,0,0,53000,-53000,-53000
054637,智邦中信98購01  ,0,0,0,0,0,0,0,0,0,-53000,0,0,0,104000,157000,-53000,-53000
053865,欣興元大97購02  ,0,0,0,0,0,0,0,0,0,-53000,0,0,0,22000,75000,-53000,-53000
053827,漢唐麥證9A購01  ,0,0,0,20000,73000,-53000,0,0,0,-53000,0,0,0,20000,73000,-53000,-53000
054032,上銀中信96購01  ,0,0,0,0,0,0,0,0,0,-53000,0,0,0,208000,261000,-53000,-53000
044975,台積電國票92購02,0,0,0,0,0,0,0,0,0,-53000,0,0,0,235000,288000,-53000,-53000
044663,緯穎永豐91購03  ,0,0,0,0,0,0,0,0,0,-53000,0,0,0,0,53000,-53000,-53000
042724,群創群益93購01  ,0,0,0,0,0,0,0,0,0,-53000,0,0,0,767000,820000,-53000,-53000
049060,易華電永豐94購02,0,0,0,0,0,0,0,0,0,-53000,0,0,0,0,53000,-53000,-53000
049009,南亞科麥證94購01,0,0,0,41000,109000,-68000,0,0,0,-53000,0,0,0,56000,109000,-53000,-53000
046686,上銀國票93購01  ,0,0,0,0,0,0,0,0,0,-53000,0,0,0,1000,54000,-53000,-53000
047438,台光電元大93購06,0,0,0,0,0,0,0,0,0,-53000,0,0,0,0,53000,-53000,-53000
051717,祥碩康和95購01  ,0,0,0,0,0,0,0,0,0,-53000,0,0,0,71000,124000,-53000,-53000
050946,瑞昱群益95購01  ,0,0,0,0,0,0,0,0,0,-53000,0,0,0,43000,96000,-53000,-53000
050660,欣興元大96購02  ,0,0,0,0,0,0,0,0,0,-53000,0,0,0,7000,60000,-53000,-53000
050049,華通群益96購01  ,0,0,0,0,0,0,0,0,0,-53000,0,0,0,40000,93000,-53000,-53000
2034,允強            ,29000,82000,-53000,0,0,0,0,0,0,0,0,0,0,0,0,0,-53000
05974P,國巨富邦97售03  ,0,0,0,0,0,0,0,0,0,-53000,0,0,0,49000,102000,-53000,-53000
055070,聯茂永豐97購01  ,0,0,0,0,0,0,0,0,0,-53000,0,0,0,0,53000,-53000,-53000
055194,昇陽半元富97購01,0,0,0,0,0,0,0,0,0,-53000,0,0,0,0,53000,-53000,-53000
05762P,昇陽半永豐96售04,0,0,0,0,0,0,0,0,0,-53000,0,0,0,1000,54000,-53000,-53000
9921,巨大            ,841000,841111,-111,0,0,0,0,52000,-52000,-1000,0,0,0,1000,2000,-1000,-53111
2204,中華            ,71000,124680,-53680,0,0,0,0,0,0,0,0,0,0,0,0,0,-53680
054285,國巨元大98購02  ,0,0,0,0,0,0,0,0,0,-54000,0,0,0,33000,87000,-54000,-54000
054855,得力群益98購01  ,0,0,0,0,0,0,0,0,0,-54000,0,0,0,0,54000,-54000,-54000
053251,世紀鋼國票97購02,0,0,0,0,0,0,0,0,0,-54000,0,0,0,18000,72000,-54000,-54000
052768,泰鼎群益96購01  ,0,0,0,0,0,0,0,0,0,-54000,0,0,0,13000,67000,-54000,-54000
045418,上銀凱基92購01  ,0,0,0,0,0,0,0,0,0,-54000,0,0,0,0,54000,-54000,-54000
048857,晶豪科群益94購01,0,0,0,0,0,0,0,0,0,-54000,0,0,0,86000,140000,-54000,-54000
048809,創意亞東94購01  ,0,0,0,0,0,0,0,0,0,-54000,0,0,0,0,54000,-54000,-54000
049955,崇越群益95購01  ,0,0,0,0,0,0,0,0,0,-54000,0,0,0,0,54000,-54000,-54000
049622,聯詠群益94購02  ,0,0,0,0,0,0,0,0,0,-54000,0,0,0,62000,116000,-54000,-54000
050350,全新群益94購04  ,0,0,0,0,0,0,0,0,0,-54000,0,0,0,11000,65000,-54000,-54000
050921,旺宏凱基95購02  ,0,0,0,0,0,0,0,0,0,-54000,0,0,0,84000,138000,-54000,-54000
055072,康友永豐97購02  ,0,0,0,0,0,0,0,0,0,-54000,0,0,0,16000,70000,-54000,-54000
052892,大成鋼群益96購01,0,0,0,0,0,0,0,0,0,-55000,0,0,0,0,55000,-55000,-55000
053592,亞光元大96購01  ,0,0,0,0,0,0,0,0,0,-55000,0,0,0,33000,88000,-55000,-55000
053475,華新科元大96購05,0,0,0,0,0,0,0,0,0,-55000,0,0,0,185000,240000,-55000,-55000
053990,晶技兆豐96購01  ,0,0,0,0,0,0,0,0,0,-55000,0,0,0,0,55000,-55000,-55000
053880,智邦中信96購01  ,0,0,0,0,0,0,0,0,0,-55000,0,0,0,60000,115000,-55000,-55000
053904,漢唐凱基97購01  ,0,0,0,0,0,0,0,0,0,-55000,0,0,0,0,55000,-55000,-55000
053786,新日興元大96購02,0,0,0,0,0,0,0,0,0,-55000,0,0,0,28000,83000,-55000,-55000
044673,上銀凱基93購04  ,0,0,0,0,0,0,0,0,0,-55000,0,0,0,0,55000,-55000,-55000
04432P,昇陽半元大94售04,0,0,0,0,0,0,0,0,0,-55000,0,0,0,0,55000,-55000,-55000
043908,鴻海凱基93購02  ,0,0,0,0,0,0,0,0,0,-55000,0,0,0,110000,165000,-55000,-55000
041427,滬深2X國票93購01,0,0,0,0,0,0,0,0,0,-55000,0,0,0,7000,62000,-55000,-55000
043357,聯詠國票92購02  ,0,0,0,0,0,0,0,0,0,-55000,0,0,0,8000,63000,-55000,-55000
04475P,欣興元大94售03  ,0,0,0,0,0,0,0,0,0,-55000,0,0,0,30000,85000,-55000,-55000
03412P,滬深2X群益98售01,0,0,0,0,0,0,0,0,0,-55000,0,0,0,65000,120000,-55000,-55000
03890P,聯詠國泰94售02  ,0,0,0,0,0,0,0,0,0,-55000,0,0,0,0,55000,-55000,-55000
048540,百和國票93購01  ,0,0,0,0,0,0,0,0,0,-55000,0,0,0,0,55000,-55000,-55000
048979,晶相光元大94購03,0,0,0,0,0,0,0,0,0,-55000,0,0,0,182000,237000,-55000,-55000
048919,堤維西永豐94購01,0,0,0,0,0,0,0,0,0,-55000,0,0,0,0,55000,-55000,-55000
04932P,香港2X中信96售01,0,0,0,0,0,0,0,0,0,-55000,0,0,0,0,55000,-55000,-55000
049397,台達電群益94購03,0,0,0,0,0,0,0,0,0,-55000,0,0,0,0,55000,-55000,-55000
049453,新日興統一94購01,0,0,0,0,0,0,0,0,0,-55000,0,0,0,0,55000,-55000,-55000
049464,燿華台新95購01  ,0,0,0,0,0,0,0,0,0,-55000,0,0,0,0,55000,-55000,-55000
050892,聯電元大96購02  ,0,0,0,0,0,0,0,0,0,-55000,0,0,0,10000,65000,-55000,-55000
05034P,台積電元大95售08,0,0,0,0,0,0,0,0,0,-55000,0,0,0,291000,346000,-55000,-55000
049773,臺股指元富94購02,0,0,0,0,0,0,0,0,0,-55000,0,0,0,60000,115000,-55000,-55000
050005,京鼎永豐94購01  ,0,0,0,0,0,0,0,0,0,-55000,0,0,0,329000,384000,-55000,-55000
050176,正崴元大94購03  ,0,0,0,0,0,0,0,0,0,-55000,0,0,0,53000,108000,-55000,-55000
052099,臺股指富邦95購02,0,0,0,0,0,0,0,0,0,-55000,0,0,0,109000,164000,-55000,-55000
051495,玉晶光第一95購02,0,0,0,0,0,0,0,0,0,-55000,0,0,0,12000,67000,-55000,-55000
051407,南茂永豐95購02  ,0,0,0,0,0,0,0,0,0,-55000,0,0,0,0,55000,-55000,-55000
2362,藍天            ,202000,277000,-75000,0,0,0,0,0,0,20000,21000,1000,20000,0,0,0,-55000
054063,聯茂國票97購02  ,0,0,0,0,0,0,0,0,0,-56000,0,0,0,77000,133000,-56000,-56000
054192,國巨中信98購01  ,0,0,0,0,0,0,0,0,0,-56000,0,0,0,55000,111000,-56000,-56000
053629,玉山金兆豐96購01,0,0,0,0,0,0,0,0,0,-56000,0,0,0,0,56000,-56000,-56000
053266,全新群益98購01  ,0,0,0,0,0,0,0,0,0,-56000,0,0,0,48000,104000,-56000,-56000
053098,國巨元富96購04  ,0,0,0,0,0,0,0,0,0,-56000,0,0,0,55000,111000,-56000,-56000
05281P,南亞科元大95售03,0,0,0,0,0,0,0,0,0,-56000,0,0,0,2000,58000,-56000,-56000
044773,創意元大93購02  ,0,0,0,0,0,0,0,0,0,-56000,0,0,0,80000,136000,-56000,-56000
04768P,大立光國泰96售03,0,0,0,0,0,0,0,0,0,-56000,0,0,0,0,56000,-56000,-56000
04550P,超眾元大94售01  ,0,0,0,0,0,0,0,0,0,-56000,0,0,0,134000,190000,-56000,-56000
047176,力山元大93購01  ,0,0,0,0,0,0,0,0,0,-56000,0,0,0,0,56000,-56000,-56000
046916,欣興台新93購01  ,0,0,0,0,0,0,0,0,0,-56000,0,0,0,0,56000,-56000,-56000
04692P,大立光群益94售06,0,0,0,0,0,0,0,0,0,-56000,0,0,0,55000,111000,-56000,-56000
048376,台達電元富93購01,0,0,0,0,0,0,0,0,0,-56000,0,0,0,0,56000,-56000,-56000
051226,英業達群益95購01,0,0,0,0,0,0,0,0,0,-56000,0,0,0,0,56000,-56000,-56000
050053,訊芯群益94購03  ,0,0,0,0,0,0,0,0,0,-56000,0,0,0,137000,193000,-56000,-56000
049919,美食元大94購03  ,0,0,0,0,0,0,0,0,0,-56000,0,0,0,0,56000,-56000,-56000
05925P,晶技永豐96售03  ,0,0,0,0,0,0,0,0,0,-56000,0,0,0,0,56000,-56000,-56000
05547P,群創元大96售03  ,0,0,0,0,0,0,0,0,0,-56000,0,0,0,46000,102000,-56000,-56000
055293,晶相光元大97購01,0,0,0,0,0,0,0,0,0,-56000,0,0,0,0,56000,-56000,-56000
6108,競國            ,24000,80000,-56000,0,0,0,0,0,0,0,0,0,0,0,0,0,-56000
052710,玉晶光日盛96購01,0,0,0,0,0,0,0,0,0,-57000,0,0,0,14000,71000,-57000,-57000
053178,南亞科統一98購01,0,0,0,0,0,0,0,0,0,-57000,0,0,0,108000,165000,-57000,-57000
053668,鴻海統一97購01  ,0,0,0,0,0,0,0,0,0,-57000,0,0,0,1000,58000,-57000,-57000
046239,中石化中信92購02,0,0,0,0,0,0,0,0,0,-57000,0,0,0,3000,60000,-57000,-57000
046254,台表科群益92購02,0,0,0,0,0,0,0,0,0,-57000,0,0,0,0,57000,-57000,-57000
048485,泰鼎國泰94購02  ,0,0,0,0,0,0,0,0,0,-57000,0,0,0,3000,60000,-57000,-57000
048870,義隆國票96購01  ,0,0,0,0,0,0,0,0,0,-57000,0,0,0,3000,60000,-57000,-57000
047293,全新元富93購03  ,0,0,0,0,0,0,0,0,0,-57000,0,0,0,0,57000,-57000,-57000
047175,台塑元大93購01  ,0,0,0,0,0,0,0,0,0,-57000,0,0,0,11000,68000,-57000,-57000
047160,台郡國票94購01  ,0,0,0,0,0,0,0,0,0,-57000,0,0,0,0,57000,-57000,-57000
046880,瑞昱永昌93購01  ,0,0,0,0,0,0,0,0,0,-57000,0,0,0,17000,74000,-57000,-57000
046813,聯電凱基96購01  ,0,0,0,0,0,0,0,0,0,-57000,0,0,0,3000,60000,-57000,-57000
049074,光罩凱基94購02  ,0,0,0,0,0,0,0,0,0,-57000,0,0,0,124000,181000,-57000,-57000
049217,智邦國票95購01  ,0,0,0,0,0,0,0,0,0,-57000,0,0,0,3000,60000,-57000,-57000
049800,瑞昱元大94購05  ,0,0,0,0,0,0,0,0,0,-57000,0,0,0,6000,63000,-57000,-57000
050094,T50反1國泰95購01,0,0,0,0,0,0,0,0,0,-57000,0,0,0,0,57000,-57000,-57000
050135,禾伸堂兆豐95購01,0,0,0,0,0,0,0,0,0,-57000,0,0,0,26000,83000,-57000,-57000
050442,復盛凱基94購01  ,0,0,0,0,0,0,0,0,0,-57000,0,0,0,11000,68000,-57000,-57000
052135,聯發科凱基9B購01,0,0,0,0,0,0,0,0,0,-57000,0,0,0,37000,94000,-57000,-57000
051828,微星元大95購03  ,0,0,0,0,0,0,0,0,0,-57000,0,0,0,11000,68000,-57000,-57000
6177,達麗            ,38000,95000,-57000,0,0,0,0,0,0,0,0,0,0,0,0,0,-57000
05858P,矽力中信96售01  ,0,0,0,0,0,0,0,0,0,-57000,0,0,0,44000,101000,-57000,-57000
053967,華邦電元大96購03,0,0,0,0,0,0,0,0,0,-58000,0,0,0,297000,355000,-58000,-58000
054775,復盛國票98購01  ,0,0,0,0,0,0,0,0,0,-58000,0,0,0,0,58000,-58000,-58000
054539,欣興國票98購01  ,0,0,0,0,0,0,0,0,0,-58000,0,0,0,2000,60000,-58000,-58000
052921,大成鋼永豐96購01,0,0,0,0,0,0,0,0,0,-58000,0,0,0,0,58000,-58000,-58000
052970,美律群益96購01  ,0,0,0,0,0,0,0,0,0,-58000,0,0,0,97000,155000,-58000,-58000
052512,全新凱基96購03  ,0,0,0,0,0,0,0,0,0,-58000,0,0,0,0,58000,-58000,-58000
049111,元油2X統一94購03,0,0,0,0,0,0,0,0,0,-58000,0,0,0,12000,70000,-58000,-58000
048920,川湖永豐94購01  ,0,0,0,0,0,0,0,0,0,-58000,0,0,0,158000,216000,-58000,-58000
048914,川湖台新94購01  ,0,0,0,0,0,0,0,0,0,-58000,0,0,0,0,58000,-58000,-58000
048291,台積電群益93購09,0,0,0,0,0,0,0,0,0,-58000,0,0,0,10000,68000,-58000,-58000
051803,矽創永豐95購03  ,0,0,0,0,0,0,0,0,0,-58000,0,0,0,0,58000,-58000,-58000
051251,信邦元大95購01  ,0,0,0,0,0,0,0,0,0,-58000,0,0,0,156000,214000,-58000,-58000
049746,全新永豐95購01  ,0,0,0,0,0,0,0,0,0,-58000,0,0,0,10000,68000,-58000,-58000
055064,碩天永豐97購01  ,0,0,0,0,0,0,0,0,0,-58000,0,0,0,0,58000,-58000,-58000
055054,群光永豐97購01  ,0,0,0,0,0,0,0,0,0,-58000,0,0,0,0,58000,-58000,-58000
055044,信錦永豐97購01  ,0,0,0,0,0,0,0,0,0,-58000,0,0,0,0,58000,-58000,-58000
2903,遠百            ,229000,290000,-61000,0,0,0,0,0,0,3000,3000,0,3000,0,0,0,-58000
052600,力山元大97購01  ,0,0,0,0,0,0,0,0,0,-59000,0,0,0,0,59000,-59000,-59000
052476,台光電群益98購01,0,0,0,0,0,0,0,0,0,-59000,0,0,0,85000,144000,-59000,-59000
052946,智原國票97購02  ,0,0,0,0,0,0,0,0,0,-59000,0,0,0,0,59000,-59000,-59000
053620,臺股指群益96購06,0,0,0,0,0,0,0,0,0,-59000,0,0,0,3000,62000,-59000,-59000
054750,聯茂凱基98購02  ,0,0,0,0,0,0,0,0,0,-59000,0,0,0,204000,263000,-59000,-59000
054665,華通元富97購02  ,0,0,0,0,0,0,0,0,0,-59000,0,0,0,29000,88000,-59000,-59000
053945,國巨富邦98購02  ,0,0,0,0,0,0,0,0,0,-59000,0,0,0,298000,357000,-59000,-59000
045592,台郡元大92購04  ,0,0,0,0,0,0,0,0,0,-59000,0,0,0,0,59000,-59000,-59000
04102P,臺股指國票93售09,0,0,0,0,0,0,0,0,0,-59000,0,0,0,50000,109000,-59000,-59000
042470,元油2X元大93購04,0,0,0,0,0,0,0,0,0,-59000,0,0,0,1000,60000,-59000,-59000
042357,嘉晶元大91購01  ,0,0,0,0,0,0,0,0,0,-59000,0,0,0,0,59000,-59000,-59000
03635C,滬深2X元富99牛01,0,0,0,0,0,0,0,0,0,-59000,0,0,0,150000,209000,-59000,-59000
046611,樺漢日盛93購01  ,0,0,0,0,0,0,0,0,0,-59000,0,0,0,10000,69000,-59000,-59000
049219,聯發科國票95購01,0,0,0,0,0,0,0,0,0,-59000,0,0,0,89000,148000,-59000,-59000
046784,嘉晶永豐93購02  ,0,0,0,0,0,0,0,0,0,-59000,0,0,0,13000,72000,-59000,-59000
050311,上銀兆豐95購01  ,0,0,0,0,0,0,0,0,0,-59000,0,0,0,184000,243000,-59000,-59000
051286,國巨統一97購01  ,0,0,0,0,0,0,0,0,0,-59000,0,0,0,12000,71000,-59000,-59000
051243,微星元大95購01  ,0,0,0,0,0,0,0,0,0,-59000,0,0,0,53000,112000,-59000,-59000
051584,可成元大95購08  ,0,0,0,0,0,0,0,0,0,-59000,0,0,0,29000,88000,-59000,-59000
054891,聯鈞統一99購02  ,0,0,0,0,0,0,0,0,0,-59000,0,0,0,20000,79000,-59000,-59000
05920P,力成元大96售04  ,0,0,0,0,0,0,0,0,0,-59000,0,0,0,1000,60000,-59000,-59000
053964,上銀元大96購05  ,0,0,0,0,0,0,0,0,0,-60000,0,0,0,95000,155000,-60000,-60000
053896,麗豐群益97購01  ,0,0,0,0,0,0,0,0,0,-60000,0,0,0,0,60000,-60000,-60000
05363P,臺股指富邦95售03,0,0,0,0,0,0,0,0,0,-60000,0,0,0,0,60000,-60000,-60000
05414P,台表科國票96售02,0,0,0,0,0,0,0,0,0,-60000,0,0,0,5000,65000,-60000,-60000
054266,緯穎元大96購07  ,0,0,0,0,0,0,0,0,0,-60000,0,0,0,154000,214000,-60000,-60000
054046,義隆元大96購02  ,0,0,0,0,0,0,0,0,0,-60000,0,0,0,260000,320000,-60000,-60000
054786,全新群益99購02  ,0,0,0,0,0,0,0,0,0,-60000,0,0,0,28000,88000,-60000,-60000
054537,南亞科亞東97購01,0,0,0,0,0,0,0,0,0,-60000,0,0,0,10000,70000,-60000,-60000
054487,京元電台新97購01,0,0,0,0,0,0,0,0,0,-60000,0,0,0,10000,70000,-60000,-60000
054505,揚明光永豐97購02,0,0,0,0,0,0,0,0,0,-60000,0,0,0,0,60000,-60000,-60000
054322,國巨台新96購02  ,0,0,0,0,0,0,0,0,0,-60000,0,0,0,29000,89000,-60000,-60000
054417,牧德元大96購01  ,0,0,0,0,0,0,0,0,0,-60000,0,0,0,1000,61000,-60000,-60000
053530,聯發科康和96購01,0,0,0,0,0,0,0,0,0,-60000,0,0,0,40000,100000,-60000,-60000
053243,楠梓電國票97購02,0,0,0,0,0,0,0,0,0,-60000,0,0,0,0,60000,-60000,-60000
053245,全新國票97購01  ,0,0,0,0,0,0,0,0,0,-60000,0,0,0,0,60000,-60000,-60000
053135,信邦國票96購01  ,0,0,0,0,0,0,0,0,0,-60000,0,0,0,0,60000,-60000,-60000
053050,華通國票97購02  ,0,0,0,0,0,0,0,0,0,-60000,0,0,0,0,60000,-60000,-60000
052713,智邦凱基96購01  ,0,0,0,0,0,0,0,0,0,-60000,0,0,0,8000,68000,-60000,-60000
052496,華通台新96購02  ,0,0,0,0,0,0,0,0,0,-60000,0,0,0,0,60000,-60000,-60000
03560P,台積電兆豐03售10,0,0,0,0,0,0,0,0,0,-60000,0,0,0,0,60000,-60000,-60000
04234P,華通群益94售02  ,0,0,0,0,0,0,0,0,0,-60000,0,0,0,0,60000,-60000,-60000
043915,聯詠凱基91購03  ,0,0,0,0,0,0,0,0,0,-60000,0,0,0,0,60000,-60000,-60000
044713,南電元大91購04  ,0,0,0,0,0,0,0,0,0,-60000,0,0,0,0,60000,-60000,-60000
045664,元油2X元富96購01,0,0,0,0,0,0,0,0,0,-60000,0,0,0,0,60000,-60000,-60000
045638,強茂凱基93購02  ,0,0,0,0,0,0,0,0,0,-60000,0,0,0,0,60000,-60000,-60000
045734,全新國票93購01  ,0,0,0,0,0,0,0,0,0,-60000,0,0,0,0,60000,-60000,-60000
04508P,臺股指元大94售03,0,0,0,0,0,0,0,0,0,-60000,0,0,0,0,60000,-60000,-60000
045130,瑞昱統一92購01  ,0,0,0,0,0,0,0,0,0,-60000,0,0,0,40000,100000,-60000,-60000
047626,全新國票94購01  ,0,0,0,0,0,0,0,0,0,-60000,0,0,0,0,60000,-60000,-60000
047602,GIS中信93購02   ,0,0,0,0,0,0,0,0,0,-60000,0,0,0,0,60000,-60000,-60000
044262,致伸國泰92購01  ,0,0,0,0,0,0,0,0,0,-60000,0,0,0,0,60000,-60000,-60000
046979,台泥兆豐93購01  ,0,0,0,0,0,0,0,0,0,-60000,0,0,0,0,60000,-60000,-60000
048945,訊連永豐94購01  ,0,0,0,0,0,0,0,0,0,-60000,0,0,0,37000,97000,-60000,-60000
049302,聯茂日盛94購01  ,0,0,0,0,0,0,0,0,0,-60000,0,0,0,0,60000,-60000,-60000
049578,台達電元大94購09,0,0,0,0,0,0,0,0,0,-60000,0,0,0,0,60000,-60000,-60000
048815,川湖凱基94購01  ,0,0,0,0,0,0,0,0,0,-60000,0,0,0,40000,100000,-60000,-60000
04654P,臺股指凱基94售13,0,0,0,0,0,0,0,0,0,-60000,0,0,0,57000,117000,-60000,-60000
047568,創意國票93購03  ,0,0,0,0,0,0,0,0,0,-60000,0,0,0,0,60000,-60000,-60000
048434,樺漢國票93購02  ,0,0,0,0,0,0,0,0,0,-60000,0,0,0,0,60000,-60000,-60000
046744,元油2X凱基94購01,0,0,0,0,0,0,0,0,0,-60000,0,0,0,0,60000,-60000,-60000
046318,聯詠元大92購04  ,0,0,0,0,0,0,0,0,0,-60000,0,0,0,20000,80000,-60000,-60000
046473,晶技永豐92購01  ,0,0,0,0,0,0,0,0,0,-60000,0,0,0,0,60000,-60000,-60000
051250,大立光元大98購01,0,0,0,0,0,0,0,0,0,-60000,0,0,0,0,60000,-60000,-60000
051313,緯創麥證95購02  ,0,0,0,0,60000,-60000,0,0,0,-60000,0,0,0,0,60000,-60000,-60000
051034,正崴兆豐95購01  ,0,0,0,0,0,0,0,0,0,-60000,0,0,0,0,60000,-60000,-60000
051009,緯創麥證95購01  ,0,0,0,0,60000,-60000,0,0,0,-60000,0,0,0,0,60000,-60000,-60000
051144,鴻海凱基95購12  ,0,0,0,0,0,0,0,0,0,-60000,0,0,0,0,60000,-60000,-60000
051770,南茂元大95購02  ,0,0,0,0,0,0,0,0,0,-60000,0,0,0,120000,180000,-60000,-60000
051787,燿華國票96購02  ,0,0,0,0,0,0,0,0,0,-60000,0,0,0,50000,110000,-60000,-60000
052127,日月光國票96購01,0,0,0,0,0,0,0,0,0,-60000,0,0,0,0,60000,-60000,-60000
052119,漢唐國票96購01  ,0,0,0,0,0,0,0,0,0,-60000,0,0,0,40000,100000,-60000,-60000
050209,華通國票95購01  ,0,0,0,0,0,0,0,0,0,-60000,0,0,0,0,60000,-60000,-60000
05004P,健策統一95售01  ,0,0,0,0,0,0,0,0,0,-60000,0,0,0,370000,430000,-60000,-60000
049598,超眾元大95購03  ,0,0,0,0,0,0,0,0,0,-60000,0,0,0,0,60000,-60000,-60000
050469,聯電台新94購01  ,0,0,0,0,0,0,0,0,0,-60000,0,0,0,0,60000,-60000,-60000
050605,上証2X元大97購02,0,0,0,0,0,0,0,0,0,-60000,0,0,0,0,60000,-60000,-60000
050588,矽創國票95購01  ,0,0,0,0,0,0,0,0,0,-60000,0,0,0,0,60000,-60000,-60000
050839,楠梓電國票96購01,0,0,0,0,0,0,0,0,0,-60000,0,0,0,0,60000,-60000,-60000
050749,道瓊銀統一96購03,0,0,0,0,0,0,0,0,0,-60000,0,0,0,10000,70000,-60000,-60000
05801P,正崴兆豐96售01  ,0,0,0,0,0,0,0,0,0,-60000,0,0,0,10000,70000,-60000,-60000
05575P,玉晶光元富96售01,0,0,0,0,0,0,0,0,0,-60000,0,0,0,290000,350000,-60000,-60000
054942,凱美元大97購02  ,0,0,0,0,0,0,0,0,0,-60000,0,0,0,0,60000,-60000,-60000
055102,上銀凱基98購01  ,0,0,0,0,0,0,0,0,0,-60000,0,0,0,10000,70000,-60000,-60000
055127,台虹兆豐97購01  ,0,0,0,0,0,0,0,0,0,-60000,0,0,0,0,60000,-60000,-60000
2511,太子            ,9000,72000,-63000,0,0,0,0,0,0,3000,3000,0,3000,0,0,0,-60000
06166P,大立光國票98售01,0,0,0,0,0,0,0,0,0,-60000,0,0,0,0,60000,-60000,-60000
08388P,台灣50中信03售09,0,0,0,0,0,0,0,0,0,-60000,0,0,0,0,60000,-60000,-60000
053366,樺漢國泰98購01  ,0,0,0,0,0,0,0,0,0,-61000,0,0,0,256000,317000,-61000,-61000
054483,聯電台新96購01  ,0,0,0,0,0,0,0,0,0,-61000,0,0,0,0,61000,-61000,-61000
044171,訊芯元大91購02  ,0,0,0,0,0,0,0,0,0,-61000,0,0,0,9000,70000,-61000,-61000
04333P,儒鴻凱基93售06  ,0,0,0,0,0,0,0,0,0,-61000,0,0,0,0,61000,-61000,-61000
042904,金寶元大94購02  ,0,0,0,0,0,0,0,0,0,-61000,0,0,0,59000,120000,-61000,-61000
043847,台光電國泰92購01,0,0,0,0,0,0,0,0,0,-61000,0,0,0,41000,102000,-61000,-61000
048545,嘉澤永豐93購03  ,0,0,0,0,0,0,0,0,0,-61000,0,0,0,135000,196000,-61000,-61000
049308,台達電凱基94購04,0,0,0,0,0,0,0,0,0,-61000,0,0,0,22000,83000,-61000,-61000
049299,矽創群益94購01  ,0,0,0,0,0,0,0,0,0,-61000,0,0,0,0,61000,-61000,-61000
048997,智原國票95購01  ,0,0,0,0,0,0,0,0,0,-61000,0,0,0,7000,68000,-61000,-61000
047221,日月光麥證93購01,0,0,0,0,62000,-62000,0,0,0,-61000,0,0,0,1000,62000,-61000,-61000
047021,台光電元大93購03,0,0,0,0,0,0,0,0,0,-61000,0,0,0,2000,63000,-61000,-61000
049966,旺宏國票95購02  ,0,0,0,0,0,0,0,0,0,-61000,0,0,0,0,61000,-61000,-61000
051161,喬山元大95購02  ,0,0,0,0,0,0,0,0,0,-61000,0,0,0,18000,79000,-61000,-61000
051404,牧德永豐96購01  ,0,0,0,0,0,0,0,0,0,-61000,0,0,0,60000,121000,-61000,-61000
051345,鴻海元大95購09  ,0,0,0,0,0,0,0,0,0,-61000,0,0,0,411000,472000,-61000,-61000
054960,新日興元大97購02,0,0,0,0,0,0,0,0,0,-61000,0,0,0,0,61000,-61000,-61000
054579,聯茂元大97購01  ,0,0,0,0,0,0,0,0,0,-62000,0,0,0,117000,179000,-62000,-62000
054857,信錦群益97購01  ,0,0,0,0,0,0,0,0,0,-62000,0,0,0,0,62000,-62000,-62000
054878,和大統一97購02  ,0,0,0,0,0,0,0,0,0,-62000,0,0,0,90000,152000,-62000,-62000
054676,牧德台新98購01  ,0,0,0,0,0,0,0,0,0,-62000,0,0,0,19000,81000,-62000,-62000
053652,友達凱基98購04  ,0,0,0,0,0,0,0,0,0,-62000,0,0,0,8000,70000,-62000,-62000
05329P,臺股指凱基95售13,0,0,0,0,0,0,0,0,0,-62000,0,0,0,0,62000,-62000,-62000
05283P,健鼎元大95售04  ,0,0,0,0,0,0,0,0,0,-62000,0,0,0,0,62000,-62000,-62000
03833P,台光電群益93售01,0,0,0,0,0,0,0,0,0,-62000,0,0,0,11000,73000,-62000,-62000
044362,元油2X中信94購01,0,0,0,0,0,0,0,0,0,-62000,0,0,0,0,62000,-62000,-62000
04700P,臺股指元富94售06,0,0,0,0,0,0,0,0,0,-62000,0,0,0,238000,300000,-62000,-62000
049265,揚明光元大94購03,0,0,0,0,0,0,0,0,0,-62000,0,0,0,0,62000,-62000,-62000
047450,南茂元大93購05  ,0,0,0,0,0,0,0,0,0,-62000,0,0,0,116000,178000,-62000,-62000
048430,瑞昱國票93購02  ,0,0,0,0,0,0,0,0,0,-62000,0,0,0,0,62000,-62000,-62000
051785,臻鼎兆豐96購01  ,0,0,0,0,0,0,0,0,0,-62000,0,0,0,19000,81000,-62000,-62000
051817,元金2X統一95購01,0,0,0,0,0,0,0,0,0,-62000,0,0,0,3000,65000,-62000,-62000
051842,大成鋼富邦97購01,0,0,0,0,0,0,0,0,0,-62000,0,0,0,0,62000,-62000,-62000
051667,光磊元大96購02  ,0,0,0,0,0,0,0,0,0,-62000,0,0,0,6000,68000,-62000,-62000
050072,京鼎凱基94購02  ,0,0,0,0,0,0,0,0,0,-62000,0,0,0,61000,123000,-62000,-62000
050828,康控凱基95購01  ,0,0,0,0,0,0,0,0,0,-62000,0,0,0,10000,72000,-62000,-62000
054935,華通元大98購03  ,0,0,0,0,0,0,0,0,0,-62000,0,0,0,1000,63000,-62000,-62000
1326,台化            ,675567,1147000,-471433,0,0,0,467000,62000,405000,4000,16000,50000,-34000,40000,2000,38000,-62433
052634,華邦電凱基96購01,0,0,0,0,0,0,0,0,0,-63000,0,0,0,27000,90000,-63000,-63000
053225,昇陽半凱基96購01,0,0,0,0,0,0,0,0,0,-63000,0,0,0,0,63000,-63000,-63000
053559,台積電國泰98購01,0,0,0,0,0,0,0,0,0,-63000,0,0,0,288000,351000,-63000,-63000
054043,漢唐元大97購01  ,0,0,0,0,0,0,0,0,0,-63000,0,0,0,29000,92000,-63000,-63000
054796,康普群益98購01  ,0,0,0,0,0,0,0,0,0,-63000,0,0,0,38000,101000,-63000,-63000
04593P,台積電元大94售11,0,0,0,0,0,0,0,0,0,-63000,0,0,0,0,63000,-63000,-63000
045208,力成國泰94購01  ,0,0,0,0,0,0,0,0,0,-63000,0,0,0,0,63000,-63000,-63000
046644,台達電國泰93購01,0,0,0,0,0,0,0,0,0,-63000,0,0,0,69000,132000,-63000,-63000
048839,牧德凱基95購01  ,0,0,0,0,0,0,0,0,0,-63000,0,0,0,78000,141000,-63000,-63000
047844,台虹元大93購02  ,0,0,0,0,0,0,0,0,0,-63000,0,0,0,127000,190000,-63000,-63000
047855,美律國票94購01  ,0,0,0,0,0,0,0,0,0,-63000,0,0,0,21000,84000,-63000,-63000
047298,聯茂元富96購01  ,0,0,0,0,0,0,0,0,0,-63000,0,0,0,0,63000,-63000,-63000
05140P,台表科國票96售01,0,0,0,0,0,0,0,0,0,-63000,0,0,0,15000,78000,-63000,-63000
051108,鴻海統一96購02  ,0,0,0,0,0,0,0,0,0,-63000,0,0,0,2000,65000,-63000,-63000
1303,南亞            ,952274,1660335,-708061,0,0,0,644000,0,644000,1000,24000,25000,-1000,2000,0,2000,-63061
054258,牧德元大97購01  ,0,0,0,0,0,0,0,0,0,-64000,0,0,0,53000,117000,-64000,-64000
05377P,鴻海凱基95售18  ,0,0,0,0,0,0,0,0,0,-64000,0,0,0,0,64000,-64000,-64000
053820,大立光群益96購05,0,0,0,0,0,0,0,0,0,-64000,0,0,0,76000,140000,-64000,-64000
053625,國巨兆豐96購03  ,0,0,0,0,0,0,0,0,0,-64000,0,0,0,52000,116000,-64000,-64000
053497,新光金兆豐97購01,0,0,0,0,0,0,0,0,0,-64000,0,0,0,0,64000,-64000,-64000
053411,深中小國票9B購01,0,0,0,0,0,0,0,0,0,-64000,0,0,0,7000,71000,-64000,-64000
052354,健策群益96購02  ,0,0,0,0,0,0,0,0,0,-64000,0,0,0,84000,148000,-64000,-64000
048708,智邦亞東94購01  ,0,0,0,0,0,0,0,0,0,-64000,0,0,0,0,64000,-64000,-64000
051754,廣宇元大95購01  ,0,0,0,0,0,0,0,0,0,-64000,0,0,0,39000,103000,-64000,-64000
052121,全新國票96購03  ,0,0,0,0,0,0,0,0,0,-64000,0,0,0,0,64000,-64000,-64000
050496,鴻海富邦96購01  ,0,0,0,0,0,0,0,0,0,-64000,0,0,0,758000,822000,-64000,-64000
050456,聯茂元大94購09  ,0,0,0,0,0,0,0,0,0,-64000,0,0,0,176000,240000,-64000,-64000
050205,牧德群益94購02  ,0,0,0,0,0,0,0,0,0,-64000,0,0,0,116000,180000,-64000,-64000
053055,聯詠國票97購01  ,0,0,0,0,0,0,0,0,0,-65000,0,0,0,20000,85000,-65000,-65000
054682,東元永豐97購01  ,0,0,0,0,0,0,0,0,0,-65000,0,0,0,0,65000,-65000,-65000
054757,南亞國票98購01  ,0,0,0,0,0,0,0,0,0,-65000,0,0,0,0,65000,-65000,-65000
045077,國泰金元大92購01,0,0,0,0,0,0,0,0,0,-65000,0,0,0,0,65000,-65000,-65000
046610,義隆國票93購01  ,0,0,0,0,0,0,0,0,0,-65000,0,0,0,0,65000,-65000,-65000
048326,滬深2X國泰94購03,0,0,0,0,0,0,0,0,0,-65000,0,0,0,0,65000,-65000,-65000
047049,聯發科國票94購01,0,0,0,0,0,0,0,0,0,-65000,0,0,0,5000,70000,-65000,-65000
049932,GIS元大94購03   ,0,0,0,0,0,0,0,0,0,-65000,0,0,0,0,65000,-65000,-65000
050940,嘉澤國票95購01  ,0,0,0,0,0,0,0,0,0,-65000,0,0,0,0,65000,-65000,-65000
051798,國巨永豐95購03  ,0,0,0,0,0,0,0,0,0,-65000,0,0,0,48000,113000,-65000,-65000
051317,亞德客國票96購01,0,0,0,0,0,0,0,0,0,-65000,0,0,0,0,65000,-65000,-65000
051293,鴻海元富95購05  ,0,0,0,0,0,0,0,0,0,-65000,0,0,0,580000,645000,-65000,-65000
055050,敬鵬永豐97購01  ,0,0,0,0,0,0,0,0,0,-65000,0,0,0,0,65000,-65000,-65000
2609,陽明            ,24000,89000,-65000,0,0,0,0,0,0,0,0,0,0,0,0,0,-65000
054516,國巨元大97購02  ,0,0,0,0,0,0,0,0,0,-66000,0,0,0,86000,152000,-66000,-66000
054280,牧德群益98購01  ,0,0,0,0,0,0,0,0,0,-66000,0,0,0,50000,116000,-66000,-66000
054128,台積電元大97購10,0,0,0,0,0,0,0,0,0,-66000,0,0,0,389000,455000,-66000,-66000
052477,美律群益98購01  ,0,0,0,0,0,0,0,0,0,-66000,0,0,0,136000,202000,-66000,-66000
00653L,富邦印度正2     ,0,124000,-124000,0,0,0,0,0,0,58000,0,0,0,176000,118000,58000,-66000
048121,亞德客元大93購05,0,0,0,0,0,0,0,0,0,-66000,0,0,0,0,66000,-66000,-66000
047091,南茂元富93購01  ,0,0,0,0,0,0,0,0,0,-66000,0,0,0,28000,94000,-66000,-66000
049018,光罩群益94購01  ,0,0,0,0,0,0,0,0,0,-66000,0,0,0,13000,79000,-66000,-66000
049517,台光電國票94購02,0,0,0,0,0,0,0,0,0,-66000,0,0,0,9000,75000,-66000,-66000
049502,訊芯元大94購01  ,0,0,0,0,0,0,0,0,0,-66000,0,0,0,134000,200000,-66000,-66000
048324,訊芯凱基93購03  ,0,0,0,0,0,0,0,0,0,-66000,0,0,0,229000,295000,-66000,-66000
048527,鴻海國票94購02  ,0,0,0,0,0,0,0,0,0,-66000,0,0,0,30000,96000,-66000,-66000
051919,台郡元大96購02  ,0,0,0,0,0,0,0,0,0,-66000,0,0,0,9000,75000,-66000,-66000
052277,台達電凱基97購01,0,0,0,0,0,0,0,0,0,-66000,0,0,0,16000,82000,-66000,-66000
050877,美律統一95購01  ,0,0,0,0,0,0,0,0,0,-66000,0,0,0,98000,164000,-66000,-66000
050805,光寶科日盛95購01,0,0,0,0,0,0,0,0,0,-66000,0,0,0,34000,100000,-66000,-66000
049836,矽創凱基94購02  ,0,0,0,0,0,0,0,0,0,-66000,0,0,0,0,66000,-66000,-66000
055021,亞德客國泰98購01,0,0,0,0,0,0,0,0,0,-66000,0,0,0,59000,125000,-66000,-66000
052437,聯發科富邦99購02,0,0,0,0,0,0,0,0,0,-67000,0,0,0,72000,139000,-67000,-67000
053710,華通凱基96購05  ,0,0,0,0,0,0,0,0,0,-67000,0,0,0,79000,146000,-67000,-67000
054572,國巨元大98購03  ,0,0,0,0,0,0,0,0,0,-67000,0,0,0,100000,167000,-67000,-67000
00706L,元大S&P日圓正2  ,0,0,0,0,0,0,0,0,0,-67000,0,0,0,17000,84000,-67000,-67000
043991,TPK元大92購01   ,0,0,0,0,0,0,0,0,0,-67000,0,0,0,0,67000,-67000,-67000
048557,瑞昱元大94購01  ,0,0,0,0,0,0,0,0,0,-67000,0,0,0,15000,82000,-67000,-67000
046507,宏達電元大92購07,0,0,0,0,0,0,0,0,0,-67000,0,0,0,33000,100000,-67000,-67000
049289,樺漢兆豐94購01  ,0,0,0,0,0,0,0,0,0,-67000,0,0,0,111000,178000,-67000,-67000
048980,嘉澤元大94購02  ,0,0,0,0,0,0,0,0,0,-67000,0,0,0,15000,82000,-67000,-67000
049136,華通元大95購01  ,0,0,0,0,0,0,0,0,0,-67000,0,0,0,78000,145000,-67000,-67000
049082,晶豪科凱基94購01,0,0,0,0,0,0,0,0,0,-67000,0,0,0,71000,138000,-67000,-67000
049675,台光電國票95購01,0,0,0,0,0,0,0,0,0,-67000,0,0,0,23000,90000,-67000,-67000
050997,麗豐元大95購03  ,0,0,0,0,0,0,0,0,0,-67000,0,0,0,0,67000,-67000,-67000
05134P,鴻海凱基96售06  ,0,0,0,0,0,0,0,0,0,-67000,0,0,0,0,67000,-67000,-67000
055062,文曄永豐97購01  ,0,0,0,0,0,0,0,0,0,-67000,0,0,0,0,67000,-67000,-67000
055263,華新科富邦9A購01,0,0,0,0,0,0,0,0,0,-67000,0,0,0,0,67000,-67000,-67000
2351,順德            ,71000,39000,32000,0,0,0,0,100000,-100000,1000,1000,0,1000,0,0,0,-67000
6141,柏承            ,40000,108000,-68000,0,0,0,0,0,0,1000,2000,1000,1000,0,0,0,-67000
5285,界霖            ,96000,162000,-66000,0,0,0,0,0,0,-1000,0,1000,-1000,0,0,0,-67000
054823,祥碩元大97購02  ,0,0,0,0,0,0,0,0,0,-68000,0,0,0,171000,239000,-68000,-68000
052364,全新國票95購02  ,0,0,0,0,0,0,0,0,0,-68000,0,0,0,45000,113000,-68000,-68000
052639,康控凱基96購02  ,0,0,0,0,0,0,0,0,0,-68000,0,0,0,0,68000,-68000,-68000
052514,嘉澤凱基96購01  ,0,0,0,0,0,0,0,0,0,-68000,0,0,0,0,68000,-68000,-68000
045639,冠德凱基93購01  ,0,0,0,0,0,0,0,0,0,-68000,0,0,0,10000,78000,-68000,-68000
03795P,智邦元大93售03  ,0,0,0,0,0,0,0,0,0,-68000,0,0,0,0,68000,-68000,-68000
03669P,智邦凱基92售07  ,0,0,0,0,0,0,0,0,0,-68000,0,0,0,0,68000,-68000,-68000
03511P,臺股指群益02售16,0,0,0,0,0,0,0,0,0,-68000,0,0,0,0,68000,-68000,-68000
045214,上銀元大92購06  ,0,0,0,0,0,0,0,0,0,-68000,0,0,0,0,68000,-68000,-68000
047642,宏達電元大93購08,0,0,0,0,0,0,0,0,0,-68000,0,0,0,3000,71000,-68000,-68000
047927,宏達電凱基93購03,0,0,0,0,0,0,0,0,0,-68000,0,0,0,0,68000,-68000,-68000
047776,志超元大93購01  ,0,0,0,0,0,0,0,0,0,-68000,0,0,0,0,68000,-68000,-68000
047762,華新元大93購02  ,0,0,0,0,0,0,0,0,0,-68000,0,0,0,0,68000,-68000,-68000
049181,正文凱基94購03  ,0,0,0,0,0,0,0,0,0,-68000,0,0,0,0,68000,-68000,-68000
048943,智伸科永豐94購01,0,0,0,0,0,0,0,0,0,-68000,0,0,0,0,68000,-68000,-68000
046899,鴻海凱基93購21  ,0,0,0,0,0,0,0,0,0,-68000,0,0,0,0,68000,-68000,-68000
047061,鴻海凱基93購23  ,0,0,0,0,0,0,0,0,0,-68000,0,0,0,0,68000,-68000,-68000
046263,智邦凱基92購05  ,0,0,0,0,0,0,0,0,0,-68000,0,0,0,68000,136000,-68000,-68000
048319,嘉晶凱基93購04  ,0,0,0,0,0,0,0,0,0,-68000,0,0,0,0,68000,-68000,-68000
048157,美律兆豐93購01  ,0,0,0,0,0,0,0,0,0,-68000,0,0,0,161000,229000,-68000,-68000
048643,強茂元大94購01  ,0,0,0,0,0,0,0,0,0,-68000,0,0,0,0,68000,-68000,-68000
048554,燿華元大93購06  ,0,0,0,0,0,0,0,0,0,-68000,0,0,0,0,68000,-68000,-68000
04667P,臺股指國票94售06,0,0,0,0,0,0,0,0,0,-68000,0,0,0,40000,108000,-68000,-68000
047381,台化元大93購01  ,0,0,0,0,0,0,0,0,0,-68000,0,0,0,50000,118000,-68000,-68000
051229,亞光群益95購01  ,0,0,0,0,0,0,0,0,0,-68000,0,0,0,37000,105000,-68000,-68000
052298,易華電國票96購01,0,0,0,0,0,0,0,0,0,-68000,0,0,0,0,68000,-68000,-68000
050777,臻鼎元大94購05  ,0,0,0,0,0,0,0,0,0,-68000,0,0,0,102000,170000,-68000,-68000
050592,矽格永豐94購02  ,0,0,0,0,0,0,0,0,0,-68000,0,0,0,48000,116000,-68000,-68000
050622,昇陽半元大94購05,0,0,0,0,0,0,0,0,0,-68000,0,0,0,0,68000,-68000,-68000
050616,潤泰全元大94購01,0,0,0,0,0,0,0,0,0,-68000,0,0,0,0,68000,-68000,-68000
049747,嘉晶永豐94購02  ,0,0,0,0,0,0,0,0,0,-68000,0,0,0,0,68000,-68000,-68000
049834,康控凱基94購01  ,0,0,0,0,0,0,0,0,0,-68000,0,0,0,0,68000,-68000,-68000
05013P,台積電元大96售05,0,0,0,0,0,0,0,0,0,-68000,0,0,0,1000,69000,-68000,-68000
6698,旭暉應材        ,9000,77000,-68000,0,0,0,0,0,0,0,0,0,0,0,0,0,-68000
3704,合勤控          ,96000,146000,-50000,0,0,0,0,0,0,-18000,1000,0,1000,0,19000,-19000,-68000
05610P,國巨群益98售01  ,0,0,0,0,0,0,0,0,0,-68000,0,0,0,41000,109000,-68000,-68000
052645,美食永豐96購01  ,0,0,0,0,0,0,0,0,0,-69000,0,0,0,0,69000,-69000,-69000
052586,晶豪科永豐96購01,0,0,0,0,0,0,0,0,0,-69000,0,0,0,144000,213000,-69000,-69000
052349,鴻海統一95購15  ,0,0,0,0,0,0,0,0,0,-69000,0,0,0,100000,169000,-69000,-69000
052325,高股息中信99購01,0,0,0,0,0,0,0,0,0,-69000,0,0,0,0,69000,-69000,-69000
052886,世紀鋼兆豐96購01,0,0,0,0,0,0,0,0,0,-69000,0,0,0,0,69000,-69000,-69000
053583,漢唐元大96購03  ,0,0,0,0,0,0,0,0,0,-69000,0,0,0,0,69000,-69000,-69000
054181,華新康和96購01  ,0,0,0,0,0,0,0,0,0,-69000,0,0,0,0,69000,-69000,-69000
048562,宏達電元大95購01,0,0,0,0,0,0,0,0,0,-69000,0,0,0,2000,71000,-69000,-69000
047507,台塑國票93購01  ,0,0,0,0,0,0,0,0,0,-69000,0,0,0,0,69000,-69000,-69000
049162,聯詠亞東94購01  ,0,0,0,0,0,0,0,0,0,-69000,0,0,0,0,69000,-69000,-69000
049475,高鐵永豐94購01  ,0,0,0,0,0,0,0,0,0,-69000,0,0,0,25000,94000,-69000,-69000
049522,華通兆豐94購02  ,0,0,0,0,0,0,0,0,0,-69000,0,0,0,157000,226000,-69000,-69000
050524,宏達電元大95購04,0,0,0,0,0,0,0,0,0,-69000,0,0,0,2000,71000,-69000,-69000
050381,鴻海兆豐94購01  ,0,0,0,0,0,0,0,0,0,-69000,0,0,0,10000,79000,-69000,-69000
050767,京元電元大96購01,0,0,0,0,0,0,0,0,0,-69000,0,0,0,41000,110000,-69000,-69000
051209,百和麥證95購01  ,0,0,0,41000,111000,-70000,0,0,0,-69000,0,0,0,42000,111000,-69000,-69000
051093,聯詠元大95購01  ,0,0,0,0,0,0,0,0,0,-69000,0,0,0,28000,97000,-69000,-69000
051588,聯詠元大95購03  ,0,0,0,0,0,0,0,0,0,-69000,0,0,0,32000,101000,-69000,-69000
05767P,國巨凱基96售11  ,0,0,0,0,0,0,0,0,0,-69000,0,0,0,115000,184000,-69000,-69000
055182,京鼎統一98購01  ,0,0,0,0,0,0,0,0,0,-69000,0,0,0,3000,72000,-69000,-69000
055130,京鼎康和97購01  ,0,0,0,0,0,0,0,0,0,-69000,0,0,0,0,69000,-69000,-69000
06031P,新光金兆豐96售02,0,0,0,0,0,0,0,0,0,-69000,0,0,0,1000,70000,-69000,-69000
2836,高雄銀          ,39000,112000,-73000,0,0,0,0,0,0,4000,4000,0,4000,0,0,0,-69000
4938,和碩            ,2304500,2124000,180500,0,0,0,58000,352000,-294000,44000,59000,26000,33000,44000,33000,11000,-69500
054802,高股息元大97購01,0,0,0,0,0,0,0,0,0,-70000,0,0,0,0,70000,-70000,-70000
054482,大成鋼台新96購01,0,0,0,0,0,0,0,0,0,-70000,0,0,0,0,70000,-70000,-70000
053419,光罩永豐96購01  ,0,0,0,0,0,0,0,0,0,-70000,0,0,0,68000,138000,-70000,-70000
052667,漢唐群益96購01  ,0,0,0,0,0,0,0,0,0,-70000,0,0,0,10000,80000,-70000,-70000
048061,鴻海統一95購03  ,0,0,0,0,0,0,0,0,0,-70000,0,0,0,40000,110000,-70000,-70000
03199P,台積電統一01售16,0,0,0,0,0,0,0,0,0,-70000,0,0,0,48000,118000,-70000,-70000
03025P,國巨元大01售12  ,0,0,0,0,0,0,0,0,0,-70000,0,0,0,0,70000,-70000,-70000
049563,華新統一95購01  ,0,0,0,0,0,0,0,0,0,-70000,0,0,0,20000,90000,-70000,-70000
049513,宏達電凱基94購03,0,0,0,0,0,0,0,0,0,-70000,0,0,0,0,70000,-70000,-70000
049411,大成鋼凱基94購01,0,0,0,0,0,0,0,0,0,-70000,0,0,0,50000,120000,-70000,-70000
04723P,美律凱基94售06  ,0,0,0,0,0,0,0,0,0,-70000,0,0,0,10000,80000,-70000,-70000
047190,聯茂元大93購03  ,0,0,0,0,0,0,0,0,0,-70000,0,0,0,0,70000,-70000,-70000
046855,嘉晶元大94購01  ,0,0,0,0,0,0,0,0,0,-70000,0,0,0,0,70000,-70000,-70000
047126,拓凱中信93購01  ,0,0,0,0,0,0,0,0,0,-70000,0,0,0,0,70000,-70000,-70000
046652,上銀元大93購02  ,0,0,0,0,0,0,0,0,0,-70000,0,0,0,0,70000,-70000,-70000
047559,彩晶凱基94購03  ,0,0,0,0,0,0,0,0,0,-70000,0,0,0,10000,80000,-70000,-70000
048181,A50正2群益95購01,0,0,0,0,0,0,0,0,0,-70000,0,0,0,0,70000,-70000,-70000
046282,全新永豐92購01  ,0,0,0,0,0,0,0,0,0,-70000,0,0,0,80000,150000,-70000,-70000
051580,宏碁元大95購02  ,0,0,0,0,0,0,0,0,0,-70000,0,0,0,1000,71000,-70000,-70000
051533,健鼎國票96購02  ,0,0,0,0,0,0,0,0,0,-70000,0,0,0,0,70000,-70000,-70000
052224,楠梓電凱基97購01,0,0,0,0,0,0,0,0,0,-70000,0,0,0,0,70000,-70000,-70000
051941,樺漢群益95購02  ,0,0,0,0,0,0,0,0,0,-70000,0,0,0,0,70000,-70000,-70000
051822,和碩元富95購01  ,0,0,0,0,0,0,0,0,0,-70000,0,0,0,3000,73000,-70000,-70000
050570,聯發科中信97購02,0,0,0,0,0,0,0,0,0,-70000,0,0,0,0,70000,-70000,-70000
050638,創意國票94購02  ,0,0,0,0,0,0,0,0,0,-70000,0,0,0,0,70000,-70000,-70000
04988P,楠梓電元大94售01,0,1000,-1000,0,0,0,0,0,0,-69000,0,0,0,31000,100000,-69000,-70000
2615,萬海            ,484000,288000,196000,0,0,0,0,278000,-278000,12000,12000,0,12000,0,0,0,-70000
05511P,T50反1台新06售01,0,0,0,0,0,0,0,0,0,-70000,0,0,0,0,70000,-70000,-70000
055055,精元永豐97購01  ,0,0,0,0,0,0,0,0,0,-70000,0,0,0,0,70000,-70000,-70000
055087,瑞昱亞東97購01  ,0,0,0,0,0,0,0,0,0,-70000,0,0,0,0,70000,-70000,-70000
055081,健鼎中信97購01  ,0,0,0,0,0,0,0,0,0,-70000,0,0,0,0,70000,-70000,-70000
055185,晶相光統一97購01,0,0,0,0,0,0,0,0,0,-70000,0,0,0,0,70000,-70000,-70000
055189,台虹統一97購01  ,0,0,0,0,0,0,0,0,0,-70000,0,0,0,4000,74000,-70000,-70000
055200,和大群益98購01  ,0,0,0,0,0,0,0,0,0,-70000,0,0,0,23000,93000,-70000,-70000
055051,藍天永豐97購01  ,0,0,0,0,0,0,0,0,0,-70000,0,0,0,0,70000,-70000,-70000
054898,台肥康和97購01  ,0,0,0,0,0,0,0,0,0,-70000,0,0,0,0,70000,-70000,-70000
05877P,大立光群益96售06,0,0,0,0,0,0,0,0,0,-70000,0,0,0,0,70000,-70000,-70000
052334,大成鋼日盛95購01,0,0,0,0,0,0,0,0,0,-71000,0,0,0,0,71000,-71000,-71000
052368,力成國票96購01  ,0,0,0,0,0,0,0,0,0,-71000,0,0,0,0,71000,-71000,-71000
053628,微星兆豐96購01  ,0,0,0,0,0,0,0,0,0,-71000,0,0,0,5000,76000,-71000,-71000
054580,樺漢元大98購01  ,0,0,0,0,0,0,0,0,0,-71000,0,0,0,44000,115000,-71000,-71000
04363P,儒鴻元富94售01  ,0,0,0,0,0,0,0,0,0,-71000,0,0,0,14000,85000,-71000,-71000
048265,創意元富93購05  ,0,0,0,0,0,0,0,0,0,-71000,0,0,0,0,71000,-71000,-71000
049787,麗豐兆豐94購01  ,0,0,0,0,0,0,0,0,0,-71000,0,0,0,0,71000,-71000,-71000
051005,緯創中信95購02  ,0,0,0,0,0,0,0,0,0,-71000,0,0,0,0,71000,-71000,-71000
2349,錸德            ,183000,253000,-70000,0,0,0,0,0,0,-1000,0,1000,-1000,0,0,0,-71000
054711,禾伸堂元富97購01,0,0,0,0,0,0,0,0,0,-72000,0,0,0,20000,92000,-72000,-72000
054073,群創富邦96購03  ,0,0,0,0,0,0,0,0,0,-72000,0,0,0,197000,269000,-72000,-72000
053742,創意國票97購01  ,0,0,0,0,0,0,0,0,0,-72000,0,0,0,0,72000,-72000,-72000
052374,瑞昱元大95購02  ,0,0,0,0,0,0,0,0,0,-72000,0,0,0,279000,351000,-72000,-72000
047603,瑞昱國泰94購01  ,0,0,0,0,0,0,0,0,0,-72000,0,0,0,130000,202000,-72000,-72000
045161,玉晶光國泰94購03,0,0,0,0,0,0,0,0,0,-72000,0,0,0,20000,92000,-72000,-72000
045858,元油2X統一94購02,0,0,0,0,0,0,0,0,0,-72000,0,0,0,0,72000,-72000,-72000
045514,南茂凱基93購01  ,0,0,0,0,0,0,0,0,0,-72000,0,0,0,2000,74000,-72000,-72000
048924,光罩永豐94購01  ,0,0,0,0,0,0,0,0,0,-72000,0,0,0,58000,130000,-72000,-72000
050184,信邦元大94購01  ,0,0,0,0,0,0,0,0,0,-72000,0,0,0,13000,85000,-72000,-72000
050307,欣興中信95購01  ,0,0,0,0,0,0,0,0,0,-72000,0,0,0,0,72000,-72000,-72000
051542,南茂國票96購01  ,0,0,0,0,0,0,0,0,0,-72000,0,0,0,15000,87000,-72000,-72000
2022,聚亨            ,10000,82000,-72000,0,0,0,0,0,0,0,0,0,0,0,0,0,-72000
055292,聯鈞元大97購02  ,0,0,0,0,0,0,0,0,0,-72000,0,0,0,0,72000,-72000,-72000
3708,上緯投控        ,16000,102000,-86000,0,0,0,0,0,0,14000,0,0,0,14000,0,14000,-72000
052731,宏達電國泰98購01,0,0,0,0,0,0,0,0,0,-73000,0,0,0,98000,171000,-73000,-73000
054369,鴻海中信9C購01  ,0,0,0,0,0,0,0,0,0,-73000,0,0,0,0,73000,-73000,-73000
045286,創意永豐92購01  ,0,0,0,0,0,0,0,0,0,-73000,0,0,0,20000,93000,-73000,-73000
047183,台光電元大93購05,0,0,0,0,0,0,0,0,0,-73000,0,0,0,0,73000,-73000,-73000
048683,日月光富邦93購01,0,0,0,0,0,0,0,0,0,-73000,0,0,0,15000,88000,-73000,-73000
052215,樺漢元大96購02  ,0,0,0,0,0,0,0,0,0,-73000,0,0,0,106000,179000,-73000,-73000
049979,美律凱基94購07  ,0,0,0,0,0,0,0,0,0,-73000,0,0,0,0,73000,-73000,-73000
050858,欣興台新95購01  ,0,0,0,0,0,0,0,0,0,-73000,0,0,0,0,73000,-73000,-73000
06109P,華新科群益97售05,0,0,0,0,0,0,0,0,0,-73000,0,0,0,24000,97000,-73000,-73000
054538,台光電國票98購01,0,0,0,0,0,0,0,0,0,-74000,0,0,0,12000,86000,-74000,-74000
054845,智邦兆豐98購01  ,0,0,0,0,0,0,0,0,0,-74000,0,0,0,70000,144000,-74000,-74000
054790,禾伸堂群益98購01,0,0,0,0,0,0,0,0,0,-74000,0,0,0,62000,136000,-74000,-74000
054096,佳世達國票97購01,0,0,0,0,0,0,0,0,0,-74000,0,0,0,7000,81000,-74000,-74000
052504,鴻海日盛95購03  ,0,0,0,0,0,0,0,0,0,-74000,0,0,0,15000,89000,-74000,-74000
053009,大成鋼統一96購02,0,0,0,0,0,0,0,0,0,-74000,0,0,0,10000,84000,-74000,-74000
04176P,台達電元大94售01,0,0,0,0,0,0,0,0,0,-74000,0,0,0,4000,78000,-74000,-74000
04395P,台積電群益94售06,0,0,0,0,0,0,0,0,0,-74000,0,0,0,30000,104000,-74000,-74000
00661,元大日經225     ,0,0,0,0,0,0,0,0,0,-74000,0,0,0,103000,177000,-74000,-74000
048060,台達電統一93購01,0,0,0,0,0,0,0,0,0,-74000,0,0,0,20000,94000,-74000,-74000
047995,台達電元大96購01,0,0,0,0,0,0,0,0,0,-74000,0,0,0,1000,75000,-74000,-74000
047975,緯創兆豐93購01  ,0,0,0,0,0,0,0,0,0,-74000,0,0,0,54000,128000,-74000,-74000
048204,訊芯元大93購06  ,0,0,0,0,0,0,0,0,0,-74000,0,0,0,60000,134000,-74000,-74000
048498,嘉澤元大94購01  ,0,0,0,0,0,0,0,0,0,-74000,0,0,0,32000,106000,-74000,-74000
046415,嘉晶元大92購03  ,0,0,0,0,0,0,0,0,0,-74000,0,0,0,26000,100000,-74000,-74000
049280,創意國票95購01  ,0,0,0,0,0,0,0,0,0,-74000,0,0,0,0,74000,-74000,-74000
050876,復盛永豐95購01  ,0,0,0,0,0,0,0,0,0,-74000,0,0,0,152000,226000,-74000,-74000
05029P,鴻海元富95售04  ,0,0,0,0,0,0,0,0,0,-74000,0,0,0,1000,75000,-74000,-74000
049661,喬山永豐94購01  ,0,0,0,0,0,0,0,0,0,-74000,0,0,0,10000,84000,-74000,-74000
051175,國巨凱基95購04  ,0,0,0,0,0,0,0,0,0,-74000,0,0,0,46000,120000,-74000,-74000
053017,世紀鋼統一96購02,0,0,0,0,0,0,0,0,0,-75000,0,0,0,20000,95000,-75000,-75000
053324,康舒群益96購01  ,0,0,0,0,0,0,0,0,0,-75000,0,0,0,23000,98000,-75000,-75000
05370P,矽創元富95售01  ,0,0,0,0,0,0,0,0,0,-75000,0,0,0,150000,225000,-75000,-75000
053705,滬深2X凱基99購01,0,0,0,0,0,0,0,0,0,-75000,0,0,0,10000,85000,-75000,-75000
054480,和碩中信98購01  ,0,0,0,0,0,0,0,0,0,-75000,0,0,0,80000,155000,-75000,-75000
054291,高鐵元大97購01  ,0,0,0,0,0,0,0,0,0,-75000,0,0,0,0,75000,-75000,-75000
047638,瑞昱元大93購11  ,0,0,0,0,0,0,0,0,0,-75000,0,0,0,0,75000,-75000,-75000
044511,全新凱基92購01  ,0,0,0,0,0,0,0,0,0,-75000,0,0,0,26000,101000,-75000,-75000
03719P,矽創永豐93售01  ,0,0,0,0,0,0,0,0,0,-75000,0,0,0,0,75000,-75000,-75000
04221P,大立光兆豐93售05,0,0,0,0,0,0,0,0,0,-75000,0,0,0,0,75000,-75000,-75000
047321,日月光元大93購03,0,0,0,0,0,0,0,0,0,-75000,0,0,0,5000,80000,-75000,-75000
048506,華通群益94購03  ,0,0,0,0,0,0,0,0,0,-75000,0,0,0,16000,91000,-75000,-75000
048837,牧德凱基94購04  ,0,0,0,0,0,0,0,0,0,-75000,0,0,0,77000,152000,-75000,-75000
051572,上銀元大95購01  ,0,0,0,0,0,0,0,0,0,-75000,0,0,0,84000,159000,-75000,-75000
051812,臻鼎凱基95購03  ,0,0,0,0,0,0,0,0,0,-75000,0,0,0,22000,97000,-75000,-75000
050584,瑞儀國票95購01  ,0,0,0,0,0,0,0,0,0,-75000,0,0,0,10000,85000,-75000,-75000
050455,貿聯元大94購02  ,0,0,0,0,0,0,0,0,0,-75000,0,0,0,22000,97000,-75000,-75000
1455,集盛            ,18000,93000,-75000,0,0,0,0,0,0,0,0,0,0,0,0,0,-75000
1806,冠軍            ,2000,77000,-75000,0,0,0,0,0,0,0,0,0,0,0,0,0,-75000
2329,華泰            ,233000,80000,153000,0,0,0,0,0,0,-228000,1000,0,1000,26000,255000,-229000,-75000
05875P,旺宏群益98售01  ,0,0,0,0,0,0,0,0,0,-75000,0,0,0,2000,77000,-75000,-75000
3376,新日興          ,74000,263000,-189000,0,0,0,0,0,0,114000,120000,8000,112000,12000,10000,2000,-75000
054455,楠梓電群益98購02,0,0,0,0,0,0,0,0,0,-76000,0,0,0,0,76000,-76000,-76000
053460,緯穎國泰97購01  ,0,0,0,0,0,0,0,0,0,-76000,0,0,0,583000,659000,-76000,-76000
053040,全新凱基98購01  ,0,0,0,0,0,0,0,0,0,-76000,0,0,0,0,76000,-76000,-76000
048278,聯發科永豐93購03,0,0,0,0,0,0,0,0,0,-76000,0,0,0,119000,195000,-76000,-76000
047157,智伸科國票93購01,0,0,0,0,0,0,0,0,0,-76000,0,0,0,0,76000,-76000,-76000
049459,全新元富95購02  ,0,0,0,0,0,0,0,0,0,-76000,0,0,0,20000,96000,-76000,-76000
049890,嘉澤國泰95購01  ,0,0,0,0,0,0,0,0,0,-76000,0,0,0,60000,136000,-76000,-76000
051801,牧德永豐95購04  ,0,0,0,0,0,0,0,0,0,-76000,0,0,0,70000,146000,-76000,-76000
051676,康舒元大95購01  ,0,0,0,0,0,0,0,0,0,-76000,0,0,0,50000,126000,-76000,-76000
052315,廣宇元大95購02  ,0,0,0,0,0,0,0,0,0,-76000,0,0,0,0,76000,-76000,-76000
05139P,臺股指凱基95售06,0,0,0,0,0,0,0,0,0,-76000,0,0,0,24000,100000,-76000,-76000
4737,華廣            ,18000,94000,-76000,0,0,0,0,0,0,0,0,0,0,0,0,0,-76000
054946,億光元大97購01  ,0,0,0,0,0,0,0,0,0,-76000,0,0,0,70000,146000,-76000,-76000
6706,惠特            ,49000,144055,-95055,0,0,0,10000,0,10000,9000,14000,5000,9000,0,0,0,-76055
052524,新光金元大9B購01,0,0,0,0,0,0,0,0,0,-77000,0,0,0,3000,80000,-77000,-77000
052646,淘帝永豐96購01  ,0,0,0,0,0,0,0,0,0,-77000,0,0,0,0,77000,-77000,-77000
05458P,台積電凱基97售02,0,0,0,0,0,0,0,0,0,-77000,0,0,0,5000,82000,-77000,-77000
054044,京元電元大96購03,0,0,0,0,0,0,0,0,0,-77000,0,0,0,103000,180000,-77000,-77000
054282,泰鼎群益98購02  ,0,0,0,0,0,0,0,0,0,-77000,0,0,0,27000,104000,-77000,-77000
048888,牧德元富94購02  ,0,0,0,0,0,0,0,0,0,-77000,0,0,0,13000,90000,-77000,-77000
048128,超眾元大95購01  ,0,0,0,0,0,0,0,0,0,-77000,0,0,0,1000,78000,-77000,-77000
047480,全新凱基93購01  ,0,0,0,0,0,0,0,0,0,-77000,0,0,0,10000,87000,-77000,-77000
051912,健鼎元大96購01  ,0,0,0,0,0,0,0,0,0,-77000,0,0,0,20000,97000,-77000,-77000
049898,緯穎統一95購01  ,0,0,0,0,0,0,0,0,0,-77000,0,0,0,100000,177000,-77000,-77000
050690,台達電凱基96購01,0,0,0,0,0,0,0,0,0,-77000,0,0,0,0,77000,-77000,-77000
055264,國巨永豐98購01  ,0,0,0,0,0,0,0,0,0,-77000,0,0,0,0,77000,-77000,-77000
05695P,台積電凱基96售10,0,0,0,0,0,0,0,0,0,-77000,0,0,0,0,77000,-77000,-77000
2030,彰源            ,1000,78000,-77000,0,0,0,0,0,0,0,0,0,0,0,0,0,-77000
054420,緯穎元大96購08  ,0,0,0,0,0,0,0,0,0,-78000,0,0,0,99000,177000,-78000,-78000
053344,嘉晶國票97購02  ,0,0,0,0,0,0,0,0,0,-78000,0,0,0,0,78000,-78000,-78000
053596,嘉澤元大96購01  ,0,0,0,0,0,0,0,0,0,-78000,0,0,0,0,78000,-78000,-78000
04295P,智邦元大93售10  ,0,0,0,0,0,0,0,0,0,-78000,0,0,0,0,78000,-78000,-78000
03414B,臺股指凱基99熊01,0,0,0,0,0,0,0,0,0,-78000,0,0,0,90000,168000,-78000,-78000
048841,聯茂凱基94購06  ,0,0,0,0,0,0,0,0,0,-78000,0,0,0,2000,80000,-78000,-78000
052717,正文凱基96購01  ,0,0,0,0,0,0,0,0,0,-79000,0,0,0,0,79000,-79000,-79000
052968,燿華群益98購01  ,0,0,0,0,0,0,0,0,0,-79000,0,0,0,61000,140000,-79000,-79000
054318,台虹凱基98購01  ,0,0,0,0,0,0,0,0,0,-79000,0,0,0,86000,165000,-79000,-79000
054031,中鋼中信98購01  ,0,0,0,0,0,0,0,0,0,-79000,0,0,0,0,79000,-79000,-79000
054022,南亞康和96購01  ,0,0,0,0,0,0,0,0,0,-79000,0,0,0,0,79000,-79000,-79000
00641R,富邦日本反1     ,20000,0,20000,0,0,0,0,0,0,-99000,0,0,0,150000,249000,-99000,-79000
047637,旺宏元大94購03  ,0,0,0,0,0,0,0,0,0,-79000,0,0,0,128000,207000,-79000,-79000
047416,台泥富邦94購01  ,0,0,0,0,0,0,0,0,0,-79000,0,0,0,0,79000,-79000,-79000
050484,世紀鋼國票95購02,0,0,0,0,0,0,0,0,0,-79000,0,0,0,11000,90000,-79000,-79000
05118P,超眾元大96售04  ,0,0,0,0,0,0,0,0,0,-79000,0,0,0,22000,101000,-79000,-79000
051105,台光電國票96購01,0,0,0,0,0,0,0,0,0,-79000,0,0,0,13000,92000,-79000,-79000
05532P,臺股指群益96售05,0,0,0,0,0,0,0,0,0,-79000,0,0,0,97000,176000,-79000,-79000
05905P,晶技統一97售01  ,0,0,0,0,0,0,0,0,0,-79000,0,0,0,0,79000,-79000,-79000
055180,文曄統一97購01  ,0,0,0,0,0,0,0,0,0,-79000,0,0,0,0,79000,-79000,-79000
055157,晶豪科元大97購01,0,0,0,0,0,0,0,0,0,-79000,0,0,0,100000,179000,-79000,-79000
8429,金麗-KY         ,4000,83000,-79000,0,0,0,0,0,0,0,0,0,0,0,0,0,-79000
053960,晶技永豐96購02  ,0,0,0,0,0,0,0,0,0,-80000,0,0,0,0,80000,-80000,-80000
05346P,臺股指統一95售06,0,0,0,0,0,0,0,0,0,-80000,0,0,0,0,80000,-80000,-80000
053270,台塑元大96購01  ,0,0,0,0,0,0,0,0,0,-80000,0,0,0,0,80000,-80000,-80000
044281,滬深2X凱基91購02,0,0,0,0,0,0,0,0,0,-80000,0,0,0,0,80000,-80000,-80000
044224,超眾凱基93購01  ,0,0,0,0,0,0,0,0,0,-80000,0,0,0,0,80000,-80000,-80000
04788P,台積電永昌96售05,0,0,0,0,0,0,0,0,0,-80000,0,0,0,0,80000,-80000,-80000
04394P,臻鼎凱基94售01  ,0,0,0,0,0,0,0,0,0,-80000,0,0,0,0,80000,-80000,-80000
044811,創意國票91購02  ,0,0,0,0,0,0,0,0,0,-80000,0,0,0,20000,100000,-80000,-80000
047838,亞光元大93購03  ,0,0,0,0,0,0,0,0,0,-80000,0,0,0,23000,103000,-80000,-80000
047454,滬深2X群益96購03,0,0,0,0,0,0,0,0,0,-80000,0,0,0,20000,100000,-80000,-80000
048429,旺宏國票94購02  ,0,0,0,0,0,0,0,0,0,-80000,0,0,0,40000,120000,-80000,-80000
047111,台光電元大93購04,0,0,0,0,0,0,0,0,0,-80000,0,0,0,4000,84000,-80000,-80000
046842,喬山永豐93購01  ,0,0,0,0,0,0,0,0,0,-80000,0,0,0,170000,250000,-80000,-80000
046150,欣興國票92購02  ,0,0,0,0,0,0,0,0,0,-80000,0,0,0,20000,100000,-80000,-80000
049509,台達電凱基94購07,0,0,0,0,0,0,0,0,0,-80000,0,0,0,0,80000,-80000,-80000
051600,新日興兆豐96購02,0,0,0,0,0,0,0,0,0,-80000,0,0,0,10000,90000,-80000,-80000
051975,美食凱基95購02  ,0,0,0,0,0,0,0,0,0,-80000,0,0,0,10000,90000,-80000,-80000
051767,臻鼎元大95購03  ,0,0,0,0,0,0,0,0,0,-80000,0,0,0,98000,178000,-80000,-80000
050874,康控永豐95購01  ,0,0,0,0,0,0,0,0,0,-80000,0,0,0,0,80000,-80000,-80000
049676,美食國票94購01  ,0,0,0,0,0,0,0,0,0,-80000,0,0,0,0,80000,-80000,-80000
3059,華晶科          ,72000,152000,-80000,0,0,0,0,0,0,0,0,0,0,0,0,0,-80000
2481,強茂            ,165000,209000,-44000,0,0,0,0,0,0,-36000,3000,0,3000,4000,43000,-39000,-80000
1103,嘉泥            ,147000,238000,-91000,0,0,0,0,0,0,11000,0,0,0,24000,13000,11000,-80000
05318P,臺股指永昌95售03,0,0,0,0,0,0,0,0,0,-81000,0,0,0,3000,84000,-81000,-81000
052858,華通凱基97購02  ,0,0,0,0,0,0,0,0,0,-81000,0,0,0,25000,106000,-81000,-81000
054186,高鐵永豐96購01  ,0,0,0,0,0,0,0,0,0,-81000,0,0,0,4000,85000,-81000,-81000
050943,楠梓電群益96購01,0,0,0,0,0,0,0,0,0,-81000,0,0,0,93000,174000,-81000,-81000
050808,台達電凱基96購02,0,0,0,0,0,0,0,0,0,-81000,0,0,0,0,81000,-81000,-81000
051654,致新永豐95購01  ,0,0,0,0,0,0,0,0,0,-81000,0,0,0,29000,110000,-81000,-81000
051182,旺宏永豐95購01  ,0,0,0,0,0,0,0,0,0,-81000,0,0,0,35000,116000,-81000,-81000
054115,台塑康和96購01  ,0,0,0,0,0,0,0,0,0,-82000,0,0,0,0,82000,-82000,-82000
053790,嘉聯益元大99購02,0,0,0,0,0,0,0,0,0,-82000,0,0,0,8000,90000,-82000,-82000
047042,佐登群益93購01  ,0,0,0,0,0,0,0,0,0,-82000,0,0,0,10000,92000,-82000,-82000
047232,禾伸堂凱基93購02,0,0,0,0,0,0,0,0,0,-82000,0,0,0,83000,165000,-82000,-82000
048186,元黃金元大96購01,0,0,0,0,0,0,0,0,0,-82000,0,0,0,0,82000,-82000,-82000
046248,技嘉群益93購02  ,0,0,0,0,0,0,0,0,0,-82000,0,0,0,0,82000,-82000,-82000
046572,貿聯國泰94購01  ,0,0,0,0,0,0,0,0,0,-82000,0,0,0,252000,334000,-82000,-82000
051455,樺漢元大96購01  ,0,0,0,0,0,0,0,0,0,-82000,0,0,0,120000,202000,-82000,-82000
052087,鴻海元大96購09  ,0,0,0,0,0,0,0,0,0,-82000,0,0,0,50000,132000,-82000,-82000
050552,禾伸堂凱基94購05,0,0,0,0,0,0,0,0,0,-82000,0,0,0,91000,173000,-82000,-82000
049743,全新台新94購01  ,0,0,0,0,0,0,0,0,0,-82000,0,0,0,48000,130000,-82000,-82000
055073,易華電永豐97購01,0,0,0,0,0,0,0,0,0,-82000,0,0,0,0,82000,-82000,-82000
05712P,友達統一97售03  ,0,0,0,0,0,0,0,0,0,-82000,0,0,0,66000,148000,-82000,-82000
3016,嘉晶            ,107000,196000,-89000,0,0,0,0,0,0,7000,0,25000,-25000,59000,27000,32000,-82000
053765,智邦富邦96購01  ,0,0,0,0,0,0,0,0,0,-83000,0,0,0,189000,272000,-83000,-83000
053999,台表科群益96購06,0,0,0,0,0,0,0,0,0,-83000,0,0,0,36000,119000,-83000,-83000
054479,緯創中信98購01  ,0,0,0,0,0,0,0,0,0,-83000,0,0,0,0,83000,-83000,-83000
054524,華通元富96購03  ,0,0,0,0,0,0,0,0,0,-83000,0,0,0,2000,85000,-83000,-83000
052824,揚明光永豐96購02,0,0,0,0,0,0,0,0,0,-83000,0,0,0,0,83000,-83000,-83000
00646,元大S&P500      ,20000,276000,-256000,0,0,0,0,0,0,173000,54000,0,54000,325000,206000,119000,-83000
048000,義隆元大93購03  ,0,0,0,0,0,0,0,0,0,-83000,0,0,0,1000,84000,-83000,-83000
046022,國喬元大92購01  ,0,0,0,0,0,0,0,0,0,-83000,0,0,0,11000,94000,-83000,-83000
046416,聯詠元大92購05  ,0,0,0,0,0,0,0,0,0,-83000,0,0,0,10000,93000,-83000,-83000
04648P,臺股指凱基94售07,0,0,0,0,0,0,0,0,0,-83000,0,0,0,0,83000,-83000,-83000
04954P,健策國票96售01  ,0,0,0,0,0,0,0,0,0,-83000,0,0,0,0,83000,-83000,-83000
052159,瑞昱永豐95購01  ,0,0,0,0,0,0,0,0,0,-83000,0,0,0,52000,135000,-83000,-83000
051287,台積電統一95購05,0,0,0,0,0,0,0,0,0,-83000,0,0,0,335000,418000,-83000,-83000
2414,精技            ,0,83000,-83000,0,0,0,0,0,0,0,0,0,0,0,0,0,-83000
052888,台表科中信9A購01,0,0,0,0,0,0,0,0,0,-84000,0,0,0,0,84000,-84000,-84000
05238P,禾伸堂永豐95售01,0,0,0,0,0,0,0,0,0,-84000,0,0,0,0,84000,-84000,-84000
053268,日月光群益96購01,0,0,0,0,0,0,0,0,0,-84000,0,0,0,50000,134000,-84000,-84000
054059,欣興國票97購03  ,0,0,0,0,0,0,0,0,0,-84000,0,0,0,0,84000,-84000,-84000
045446,鴻海國泰94購01  ,0,0,0,0,0,0,0,0,0,-84000,0,0,0,0,84000,-84000,-84000
049197,信邦永豐94購01  ,0,0,0,0,0,0,0,0,0,-84000,0,0,0,0,84000,-84000,-84000
04612P,上銀群益94售01  ,0,0,0,0,0,0,0,0,0,-84000,0,0,0,3000,87000,-84000,-84000
048439,上銀凱基93購09  ,0,0,0,0,0,0,0,0,0,-84000,0,0,0,0,84000,-84000,-84000
051451,世芯元大95購03  ,0,0,0,0,0,0,0,0,0,-84000,0,0,0,4000,88000,-84000,-84000
051624,智邦麥證95購02  ,0,0,0,12000,96000,-84000,0,0,0,-84000,0,0,0,12000,96000,-84000,-84000
1447,力鵬            ,24000,108000,-84000,0,0,0,0,0,0,0,0,0,0,0,0,0,-84000
055167,友訊統一97購01  ,0,0,0,0,0,0,0,0,0,-84000,0,0,0,0,84000,-84000,-84000
4133,亞諾法          ,2000,86000,-84000,0,0,0,0,0,0,0,0,0,0,0,0,0,-84000
9940,信義            ,23000,114000,-91000,0,0,0,0,0,0,7000,7000,0,7000,0,0,0,-84000
054107,上銀凱基97購01  ,0,0,0,0,0,0,0,0,0,-85000,0,0,0,26000,111000,-85000,-85000
054684,裕隆永豐97購01  ,0,0,0,0,0,0,0,0,0,-85000,0,0,0,0,85000,-85000,-85000
052563,京元電日盛96購01,0,0,0,0,0,0,0,0,0,-85000,0,0,0,0,85000,-85000,-85000
048352,嘉澤台新93購01  ,0,0,0,0,0,0,0,0,0,-85000,0,0,0,0,85000,-85000,-85000
046946,益航元大94購01  ,0,0,0,0,0,0,0,0,0,-85000,0,0,0,0,85000,-85000,-85000
047079,GIS兆豐94購01   ,0,0,0,0,0,0,0,0,0,-85000,0,0,0,5000,90000,-85000,-85000
049279,元油2X國票94購02,0,0,0,0,0,0,0,0,0,-85000,0,0,0,39000,124000,-85000,-85000
048947,凌華永豐94購01  ,0,0,0,0,0,0,0,0,0,-85000,0,0,0,65000,150000,-85000,-85000
05220P,台積電元大95售16,0,0,0,0,0,0,0,0,0,-85000,0,0,0,0,85000,-85000,-85000
055235,金寶台新98購01  ,0,0,0,0,0,0,0,0,0,-85000,0,0,0,0,85000,-85000,-85000
055290,玉晶光元大98購08,0,0,0,0,0,0,0,0,0,-85000,0,0,0,6000,91000,-85000,-85000
053570,京元電統一96購01,0,0,0,0,0,0,0,0,0,-86000,0,0,0,70000,156000,-86000,-86000
053601,台表科元大98購01,0,0,0,0,0,0,0,0,0,-86000,0,0,0,108000,194000,-86000,-86000
054353,世紀鋼國泰98購01,0,0,0,0,0,0,0,0,0,-86000,0,0,0,3000,89000,-86000,-86000
053712,台光電凱基96購04,0,0,0,0,0,0,0,0,0,-86000,0,0,0,0,86000,-86000,-86000
044879,上証2X群益93購01,0,0,0,0,0,0,0,0,0,-86000,0,0,0,25000,111000,-86000,-86000
044988,玉晶光統一95購01,0,0,0,0,0,0,0,0,0,-86000,0,0,0,14000,100000,-86000,-86000
03970P,奇鋐國票93售01  ,0,0,0,0,0,0,0,0,0,-86000,0,0,0,0,86000,-86000,-86000
03826P,瀚宇博元大95售01,0,0,0,0,0,0,0,0,0,-86000,0,0,0,0,86000,-86000,-86000
043601,亞光元大93購01  ,0,0,0,0,0,0,0,0,0,-86000,0,0,0,163000,249000,-86000,-86000
049026,晶相光群益94購01,0,0,0,0,0,0,0,0,0,-86000,0,0,0,87000,173000,-86000,-86000
049153,大立光元大96購02,0,0,0,0,0,0,0,0,0,-86000,0,0,0,164000,250000,-86000,-86000
049547,新光金群益94購01,0,0,0,0,0,0,0,0,0,-86000,0,0,0,14000,100000,-86000,-86000
049486,旺宏元大94購08  ,0,0,0,0,0,0,0,0,0,-86000,0,0,0,57000,143000,-86000,-86000
053782,京元電元大98購02,0,0,0,0,0,0,0,0,0,-87000,0,0,0,103000,190000,-87000,-87000
054079,鴻海中信98購02  ,0,0,0,0,0,0,0,0,0,-87000,0,0,0,0,87000,-87000,-87000
044408,聯茂凱基93購02  ,0,0,0,0,0,0,0,0,0,-87000,0,0,0,444000,531000,-87000,-87000
047029,日月光元大93購01,0,0,0,0,0,0,0,0,0,-87000,0,0,0,42000,129000,-87000,-87000
048712,樺漢台新94購01  ,0,0,0,0,0,0,0,0,0,-87000,0,0,0,20000,107000,-87000,-87000
047991,元油反元大96購05,0,0,0,0,0,0,0,0,0,-87000,0,0,0,13000,100000,-87000,-87000
051753,華通元大96購03  ,0,0,0,0,0,0,0,0,0,-87000,0,0,0,129000,216000,-87000,-87000
051428,玉晶光統一96購01,0,0,0,0,0,0,0,0,0,-87000,0,0,0,5000,92000,-87000,-87000
055096,緯穎群益97購01  ,0,0,0,0,0,0,0,0,0,-87000,0,0,0,64000,151000,-87000,-87000
06032P,健策群益97售03  ,0,0,0,0,0,0,0,0,0,-87000,0,0,0,0,87000,-87000,-87000
054292,欣興元大96購06  ,0,0,0,0,0,0,0,0,0,-88000,0,0,0,82000,170000,-88000,-88000
054386,鴻海統一98購03  ,0,0,0,0,0,0,0,0,0,-88000,0,0,0,0,88000,-88000,-88000
053338,台光電國票97購01,0,0,0,0,0,0,0,0,0,-88000,0,0,0,2000,90000,-88000,-88000
052684,旺宏元大98購01  ,0,0,0,0,0,0,0,0,0,-88000,0,0,0,321000,409000,-88000,-88000
044683,聯鈞凱基93購01  ,0,0,0,0,0,0,0,0,0,-88000,0,0,0,196000,284000,-88000,-88000
044125,美律凱基93購01  ,0,0,0,0,0,0,0,0,0,-88000,0,0,0,15000,103000,-88000,-88000
048607,上銀凱基93購11  ,0,0,0,0,0,0,0,0,0,-88000,0,0,0,0,88000,-88000,-88000
047292,台光電元富96購01,0,0,0,0,0,0,0,0,0,-88000,0,0,0,0,88000,-88000,-88000
051362,台郡元大95購04  ,0,0,0,0,0,0,0,0,0,-88000,0,0,0,0,88000,-88000,-88000
049733,旺宏群益94購03  ,0,0,0,0,0,0,0,0,0,-88000,0,0,0,74000,162000,-88000,-88000
050719,世紀鋼群益96購01,0,0,0,0,0,0,0,0,0,-88000,0,0,0,20000,108000,-88000,-88000
06041P,全新永豐96售03  ,0,0,0,0,0,0,0,0,0,-88000,0,0,0,37000,125000,-88000,-88000
055267,百和永豐97購01  ,0,0,0,0,0,0,0,0,0,-88000,0,0,0,15000,103000,-88000,-88000
052778,智原國票97購01  ,0,0,0,0,0,0,0,0,0,-89000,0,0,0,24000,113000,-89000,-89000
053317,友達群益9A購02  ,0,0,0,0,0,0,0,0,0,-89000,0,0,0,57000,146000,-89000,-89000
054654,全新麥證99購01  ,0,0,0,0,89000,-89000,0,0,0,-89000,0,0,0,0,89000,-89000,-89000
04061P,臺股指群益93售15,0,0,0,0,0,0,0,0,0,-89000,0,0,0,136000,225000,-89000,-89000
03047X,元展44          ,0,0,0,0,0,0,0,0,0,-89000,0,0,0,0,89000,-89000,-89000
04644P,全新凱基94售01  ,0,0,0,0,0,0,0,0,0,-89000,0,0,0,79000,168000,-89000,-89000
048502,百和元大93購01  ,0,0,0,0,0,0,0,0,0,-89000,0,0,0,34000,123000,-89000,-89000
046569,同欣電元富92購02,0,0,0,0,0,0,0,0,0,-89000,0,0,0,193000,282000,-89000,-89000
049845,台積電麥證94購01,0,0,0,21000,110000,-89000,0,0,0,-89000,0,0,0,21000,110000,-89000,-89000
051546,慧洋康和95購01  ,0,0,0,0,0,0,0,0,0,-89000,0,0,0,0,89000,-89000,-89000
05774P,臺股指凱基99售04,0,0,0,0,0,0,0,0,0,-89000,0,0,0,35000,124000,-89000,-89000
2820,華票            ,27000,120000,-93000,0,0,0,0,0,0,4000,4000,0,4000,0,0,0,-89000
2605,新興            ,153000,263480,-110480,0,0,0,0,0,0,21000,21000,0,21000,0,0,0,-89480
054294,世芯元大96購02  ,0,0,0,0,0,0,0,0,0,-90000,0,0,0,1000,91000,-90000,-90000
054444,緯穎台新97購01  ,0,0,0,0,0,0,0,0,0,-90000,0,0,0,8000,98000,-90000,-90000
054169,上緯控凱基98購01,0,0,0,0,0,0,0,0,0,-90000,0,0,0,0,90000,-90000,-90000
053342,全新國票99購01  ,0,0,0,0,0,0,0,0,0,-90000,0,0,0,56000,146000,-90000,-90000
052526,智伸科元大96購02,0,0,0,0,0,0,0,0,0,-90000,0,0,0,10000,100000,-90000,-90000
00670L,富邦NASDAQ正2   ,0,0,0,0,0,0,0,0,0,-90000,0,0,0,129000,219000,-90000,-90000
045309,訊芯元大92購01  ,0,0,0,0,0,0,0,0,0,-90000,0,0,0,0,90000,-90000,-90000
045256,致茂凱基92購01  ,0,0,0,0,0,0,0,0,0,-90000,0,0,0,20000,110000,-90000,-90000
045345,新光金凱基92購01,0,0,0,0,0,0,0,0,0,-90000,0,0,0,0,90000,-90000,-90000
044249,T50反1中信94購01,0,0,0,0,0,0,0,0,0,-90000,0,0,0,0,90000,-90000,-90000
047649,啟碁元大93購07  ,0,0,0,0,0,0,0,0,0,-90000,0,0,0,10000,100000,-90000,-90000
047660,南茂麥證93購02  ,0,0,0,20000,116000,-96000,0,0,0,-90000,0,0,0,26000,116000,-90000,-90000
047427,貿聯亞東93購01  ,0,0,0,0,0,0,0,0,0,-90000,0,0,0,2000,92000,-90000,-90000
047524,瑞昱元大93購10  ,0,0,0,0,0,0,0,0,0,-90000,0,0,0,46000,136000,-90000,-90000
048494,瑞昱元大93購13  ,0,0,0,0,0,0,0,0,0,-90000,0,0,0,29000,119000,-90000,-90000
047344,亞德客凱基93購02,0,0,0,0,0,0,0,0,0,-90000,0,0,0,10000,100000,-90000,-90000
051302,可成凱基95購06  ,0,0,0,0,0,0,0,0,0,-90000,0,0,0,0,90000,-90000,-90000
051859,劍麟凱基96購01  ,0,0,0,0,0,0,0,0,0,-90000,0,0,0,10000,100000,-90000,-90000
052310,聯電富邦95購01  ,0,0,0,0,0,0,0,0,0,-90000,0,0,0,0,90000,-90000,-90000
050013,淘帝國泰95購01  ,0,0,0,0,0,0,0,0,0,-90000,0,0,0,0,90000,-90000,-90000
050025,燿華元大94購05  ,0,0,0,0,0,0,0,0,0,-90000,0,0,0,0,90000,-90000,-90000
05538P,玉晶光國票97售02,0,0,0,0,0,0,0,0,0,-90000,0,0,0,0,90000,-90000,-90000
055122,國巨兆豐98購01  ,0,0,0,0,0,0,0,0,0,-90000,0,0,0,12000,102000,-90000,-90000
05994P,奇鋐元大96售02  ,0,0,0,0,0,0,0,0,0,-90000,0,0,0,10000,100000,-90000,-90000
2401,凌陽            ,6000,90000,-84000,0,0,0,0,0,0,-6000,19000,25000,-6000,0,0,0,-90000
053503,臻鼎兆豐97購01  ,0,0,0,0,0,0,0,0,0,-91000,0,0,0,54000,145000,-91000,-91000
045015,玉晶光元大94購01,0,0,0,0,0,0,0,0,0,-91000,0,0,0,55000,146000,-91000,-91000
047066,力成凱基93購04  ,0,0,0,0,0,0,0,0,0,-91000,0,0,0,56000,147000,-91000,-91000
048107,華通群益93購02  ,0,0,0,0,0,0,0,0,0,-91000,0,0,0,5000,96000,-91000,-91000
048955,慧洋康和94購01  ,0,0,0,0,0,0,0,0,0,-91000,0,0,0,7000,98000,-91000,-91000
050252,聯發科國泰95購01,0,0,0,0,0,0,0,0,0,-91000,0,0,0,9000,100000,-91000,-91000
049776,全新統一95購02  ,0,0,0,0,0,0,0,0,0,-91000,0,0,0,222000,313000,-91000,-91000
05068P,鴻海統一95售06  ,0,0,0,0,0,0,0,0,0,-91000,0,0,0,434000,525000,-91000,-91000
05595P,友達統一96售02  ,0,0,0,0,0,0,0,0,0,-91000,0,0,0,0,91000,-91000,-91000
05831P,臺股指元富96售03,0,0,0,0,0,0,0,0,0,-91000,0,0,0,60000,151000,-91000,-91000
1476,儒鴻            ,127349,157000,-29651,0,0,0,0,50000,-50000,-12000,15000,9000,6000,3000,21000,-18000,-91651
052901,台達電國票97購01,0,0,0,0,0,0,0,0,0,-92000,0,0,0,0,92000,-92000,-92000
054255,亞光元大96購05  ,0,0,0,0,0,0,0,0,0,-92000,0,0,0,38000,130000,-92000,-92000
054776,矽創國票98購01  ,0,0,0,0,0,0,0,0,0,-92000,0,0,0,6000,98000,-92000,-92000
045002,高股息元大92購02,0,0,0,0,0,0,0,0,0,-92000,0,0,0,20000,112000,-92000,-92000
045334,全新日盛92購01  ,0,0,0,0,0,0,0,0,0,-92000,0,0,0,0,92000,-92000,-92000
03269P,健策元大02售04  ,0,0,0,0,0,0,0,0,0,-92000,0,0,0,0,92000,-92000,-92000
049410,統一凱基94購02  ,0,0,0,0,0,0,0,0,0,-92000,0,0,0,0,92000,-92000,-92000
049384,致伸元大94購02  ,0,0,0,0,0,0,0,0,0,-92000,0,0,0,30000,122000,-92000,-92000
047250,日月光群益94購01,0,0,0,0,0,0,0,0,0,-92000,0,0,0,92000,184000,-92000,-92000
050329,超眾永豐94購03  ,0,0,0,0,0,0,0,0,0,-92000,0,0,0,10000,102000,-92000,-92000
050248,臻鼎凱基94購03  ,0,0,0,0,0,0,0,0,0,-92000,0,0,0,10000,102000,-92000,-92000
051090,光磊元大96購01  ,0,0,0,0,0,0,0,0,0,-92000,0,0,0,68000,160000,-92000,-92000
054393,漢唐永豐96購01  ,0,0,0,0,0,0,0,0,0,-93000,0,0,0,50000,143000,-93000,-93000
052328,台表科中信99購01,0,0,0,0,0,0,0,0,0,-93000,0,0,0,100000,193000,-93000,-93000
053599,崇越元大96購01  ,0,0,0,0,0,0,0,0,0,-93000,0,0,0,0,93000,-93000,-93000
041978,貿聯中信93購01  ,0,0,0,0,0,0,0,0,0,-93000,0,0,0,184000,277000,-93000,-93000
047987,力成群益93購01  ,0,0,0,0,0,0,0,0,0,-93000,0,0,0,40000,133000,-93000,-93000
047469,華通中信93購01  ,0,0,0,0,0,0,0,0,0,-93000,0,0,0,46000,139000,-93000,-93000
051506,台積電元富95購06,0,0,0,0,0,0,0,0,0,-93000,0,0,0,374000,467000,-93000,-93000
053119,日月光中信97購01,0,0,0,0,0,0,0,0,0,-94000,0,0,0,58000,152000,-94000,-94000
053111,緯創兆豐97購01  ,0,0,0,0,0,0,0,0,0,-94000,0,0,0,0,94000,-94000,-94000
052359,百和永豐95購01  ,0,0,0,0,0,0,0,0,0,-94000,0,0,0,27000,121000,-94000,-94000
054769,創意國票98購01  ,0,0,0,0,0,0,0,0,0,-94000,0,0,0,0,94000,-94000,-94000
044855,南電國泰93購01  ,0,0,0,0,0,0,0,0,0,-94000,0,0,0,129000,223000,-94000,-94000
045329,富邦金亞東93購01,0,0,0,0,0,0,0,0,0,-94000,0,0,0,0,94000,-94000,-94000
044204,TPK亞東92購01   ,0,0,0,0,0,0,0,0,0,-94000,0,0,0,0,94000,-94000,-94000
044483,台光電康和91購01,0,0,0,0,0,0,0,0,0,-94000,0,0,0,0,94000,-94000,-94000
046898,南茂麥證93購01  ,0,0,0,16000,117000,-101000,0,0,0,-94000,0,0,0,23000,117000,-94000,-94000
046153,京元電亞東92購01,0,0,0,0,0,0,0,0,0,-94000,0,0,0,0,94000,-94000,-94000
049350,麗豐康和94購01  ,0,0,0,0,0,0,0,0,0,-94000,0,0,0,0,94000,-94000,-94000
051873,緯穎凱基95購02  ,0,0,0,0,0,0,0,0,0,-94000,0,0,0,36000,130000,-94000,-94000
051999,勤誠元大95購01  ,0,0,0,0,0,0,0,0,0,-94000,0,0,0,295000,389000,-94000,-94000
2442,新美齊          ,60000,160000,-100000,0,0,0,0,0,0,6000,6000,0,6000,0,0,0,-94000
055152,旺宏元大98購04  ,0,0,0,0,0,0,0,0,0,-94000,0,0,0,78000,172000,-94000,-94000
054726,台積電日盛97購01,0,0,0,0,0,0,0,0,0,-95000,0,0,0,5000,100000,-95000,-95000
053851,鴻海國泰98購03  ,0,0,0,0,0,0,0,0,0,-95000,0,0,0,13000,108000,-95000,-95000
04454P,大立光富邦98售02,0,0,0,0,0,0,0,0,0,-95000,0,0,0,0,95000,-95000,-95000
044289,群創凱基93購04  ,0,0,0,0,0,0,0,0,0,-95000,0,0,0,30000,125000,-95000,-95000
048010,嘉聯益富邦97購01,0,0,0,0,0,0,0,0,0,-95000,0,0,0,6000,101000,-95000,-95000
044861,玉晶光兆豐93購01,0,0,0,0,0,0,0,0,0,-95000,0,0,0,12000,107000,-95000,-95000
03912P,臺股指元大93售36,0,0,0,0,0,0,0,0,0,-95000,0,0,0,130000,225000,-95000,-95000
03498P,矽創凱基02售02  ,0,0,0,0,0,0,0,0,0,-95000,0,0,0,54000,149000,-95000,-95000
046751,鴻海凱基93購18  ,0,0,0,0,0,0,0,0,0,-95000,0,0,0,20000,115000,-95000,-95000
051238,中環元大96購01  ,0,0,0,0,0,0,0,0,0,-95000,0,0,0,5000,100000,-95000,-95000
055129,鈺齊兆豐97購01  ,0,0,0,0,0,0,0,0,0,-95000,0,0,0,0,95000,-95000,-95000
2612,中航            ,5000,103000,-98000,0,0,0,0,0,0,3000,3000,0,3000,0,0,0,-95000
054275,華通群益97購03  ,0,0,0,0,0,0,0,0,0,-96000,0,0,0,22000,118000,-96000,-96000
054882,台光電統一97購02,0,0,0,0,0,0,0,0,0,-96000,0,0,0,30000,126000,-96000,-96000
053166,聯詠群益96購02  ,0,0,0,0,0,0,0,0,0,-96000,0,0,0,11000,107000,-96000,-96000
044080,上銀國票91購03  ,0,0,0,0,0,0,0,0,0,-96000,0,0,0,64000,160000,-96000,-96000
046591,康舒元大92購01  ,0,0,0,0,0,0,0,0,0,-96000,0,0,0,0,96000,-96000,-96000
051851,TPK群益95購03   ,0,0,0,0,0,0,0,0,0,-96000,0,0,0,2000,98000,-96000,-96000
051802,同欣電永豐95購02,0,0,0,0,0,0,0,0,0,-96000,0,0,0,173000,269000,-96000,-96000
050730,復盛國票94購01  ,0,0,0,0,0,0,0,0,0,-96000,0,0,0,97000,193000,-96000,-96000
055186,正文統一97購01  ,0,0,0,0,0,0,0,0,0,-96000,0,0,0,0,96000,-96000,-96000
05914P,友達元大96售04  ,0,0,0,0,0,0,0,0,0,-96000,0,0,0,0,96000,-96000,-96000
046517,南寶元大92購02  ,0,0,0,0,0,0,0,0,0,-97000,0,0,0,0,97000,-97000,-97000
047586,聯發科永豐94購01,0,0,0,0,0,0,0,0,0,-97000,0,0,0,891000,988000,-97000,-97000
050854,世紀鋼國票97購01,0,0,0,0,0,0,0,0,0,-97000,0,0,0,9000,106000,-97000,-97000
050601,台表科國泰96購01,0,0,0,0,0,0,0,0,0,-97000,0,0,0,6000,103000,-97000,-97000
053170,茂林群益96購04  ,0,0,0,0,0,0,0,0,0,-98000,0,0,0,10000,108000,-98000,-98000
053271,喬山元大97購01  ,0,0,0,0,0,0,0,0,0,-98000,0,0,0,58000,156000,-98000,-98000
053147,楠梓電元大98購01,0,0,0,0,0,0,0,0,0,-98000,0,0,0,12000,110000,-98000,-98000
052494,百和中信95購02  ,0,0,0,0,0,0,0,0,0,-98000,0,0,0,0,98000,-98000,-98000
052539,華邦電統一95購01,0,0,0,0,0,0,0,0,0,-98000,0,0,0,0,98000,-98000,-98000
052682,上銀元大97購01  ,0,0,0,0,0,0,0,0,0,-98000,0,0,0,108000,206000,-98000,-98000
054453,上海銀亞東96購01,0,0,0,0,0,0,0,0,0,-98000,0,0,0,0,98000,-98000,-98000
044929,康控國泰93購01  ,0,0,0,0,0,0,0,0,0,-98000,0,0,0,28000,126000,-98000,-98000
03871P,智邦群益93售02  ,0,0,0,0,0,0,0,0,0,-98000,0,0,0,0,98000,-98000,-98000
03956P,欣興統一93售02  ,0,0,0,0,0,0,0,0,0,-98000,0,0,0,6000,104000,-98000,-98000
04275P,南亞科凱基93售08,0,0,0,0,0,0,0,0,0,-98000,0,0,0,13000,111000,-98000,-98000
042784,上銀兆豐93購01  ,0,0,0,0,0,0,0,0,0,-98000,0,0,0,0,98000,-98000,-98000
048731,創意麥證94購01  ,0,0,0,10000,108000,-98000,0,0,0,-98000,0,0,0,10000,108000,-98000,-98000
047354,訊芯凱基94購01  ,0,0,0,0,0,0,0,0,0,-98000,0,0,0,77000,175000,-98000,-98000
046566,臻鼎凱基92購06  ,0,0,0,0,0,0,0,0,0,-98000,0,0,0,0,98000,-98000,-98000
046467,台虹凱基92購02  ,0,0,0,0,0,0,0,0,0,-98000,0,0,0,177000,275000,-98000,-98000
05037P,華新科元大95售09,0,0,0,0,0,0,0,0,0,-98000,0,0,0,2000,100000,-98000,-98000
050860,喬山永豐95購01  ,0,0,0,0,0,0,0,0,0,-98000,0,0,0,10000,108000,-98000,-98000
049989,臻鼎凱基94購02  ,0,0,0,0,0,0,0,0,0,-98000,0,0,0,0,98000,-98000,-98000
050085,國泰金元富94購01,0,0,0,0,0,0,0,0,0,-98000,0,0,0,0,98000,-98000,-98000
051852,啟碁群益95購01  ,0,0,0,0,0,0,0,0,0,-98000,0,0,0,0,98000,-98000,-98000
052239,泰鼎國票97購01  ,0,0,0,0,0,0,0,0,0,-98000,0,0,0,0,98000,-98000,-98000
051385,矽創群益95購01  ,0,0,0,0,0,0,0,0,0,-98000,0,0,0,0,98000,-98000,-98000
1532,勤美            ,7000,105000,-98000,0,0,0,0,0,0,0,0,0,0,0,0,0,-98000
1809,中釉            ,10000,108000,-98000,0,0,0,0,0,0,0,0,0,0,0,0,0,-98000
4142,國光生          ,124000,221000,-97000,0,0,0,0,0,0,-1000,0,1000,-1000,0,0,0,-98000
2915,潤泰全          ,112500,241000,-128500,0,0,0,0,0,0,30000,0,2000,-2000,39000,7000,32000,-98500
054398,牧德永豐96購03  ,0,0,0,0,0,0,0,0,0,-99000,0,0,0,28000,127000,-99000,-99000
053965,聯電元大98購04  ,0,0,0,0,0,0,0,0,0,-99000,0,0,0,1000,100000,-99000,-99000
05375P,健策國票96售02  ,0,0,0,0,0,0,0,0,0,-99000,0,0,0,243000,342000,-99000,-99000
052936,華通兆豐98購01  ,0,0,0,0,0,0,0,0,0,-99000,0,0,0,51000,150000,-99000,-99000
053164,台光電群益96購02,0,0,0,0,0,0,0,0,0,-99000,0,0,0,272000,371000,-99000,-99000
053579,華通元大97購01  ,0,0,0,0,0,0,0,0,0,-99000,0,0,0,80000,179000,-99000,-99000
053496,義隆兆豐96購02  ,0,0,0,0,0,0,0,0,0,-99000,0,0,0,0,99000,-99000,-99000
043983,華邦電元大92購01,0,0,0,0,0,0,0,0,0,-99000,0,0,0,51000,150000,-99000,-99000
044764,聯茂凱基93購03  ,0,0,0,0,0,0,0,0,0,-99000,0,0,0,0,99000,-99000,-99000
045325,元油2X永豐94購01,0,0,0,0,0,0,0,0,0,-99000,0,0,0,0,99000,-99000,-99000
047635,華新元大93購01  ,0,0,0,0,0,0,0,0,0,-99000,0,0,0,3000,102000,-99000,-99000
048493,微星元大93購04  ,0,0,0,0,0,0,0,0,0,-99000,0,0,0,1000,100000,-99000,-99000
048814,上銀凱基94購01  ,0,0,0,0,0,0,0,0,0,-99000,0,0,0,23000,122000,-99000,-99000
052300,力成台新95購01  ,0,0,0,0,0,0,0,0,0,-99000,0,0,0,32000,131000,-99000,-99000
051923,聯發科日盛95購02,0,0,0,0,0,0,0,0,0,-99000,0,0,0,46000,145000,-99000,-99000
049967,華新科國票94購07,0,0,0,0,0,0,0,0,0,-99000,0,0,0,47000,146000,-99000,-99000
050761,華通元大94購05  ,0,0,0,0,0,0,0,0,0,-99000,0,0,0,77000,176000,-99000,-99000
050409,華通永豐94購01  ,0,0,0,0,0,0,0,0,0,-99000,0,0,0,1000,100000,-99000,-99000
06058P,玉晶光凱基97售04,0,0,0,0,0,0,0,0,0,-99000,0,0,0,25000,124000,-99000,-99000
05495P,大立光統一95售07,0,0,0,0,0,0,0,0,0,-99000,0,0,0,1000,100000,-99000,-99000
054983,國巨元富97購04  ,0,0,0,0,0,0,0,0,0,-99000,0,0,0,261000,360000,-99000,-99000
053476,冠德元大96購03  ,0,0,0,0,0,0,0,0,0,-100000,0,0,0,45000,145000,-100000,-100000
053544,華新凱基96購01  ,0,0,0,0,0,0,0,0,0,-100000,0,0,0,0,100000,-100000,-100000
053321,智原群益96購02  ,0,0,0,0,0,0,0,0,0,-100000,0,0,0,159000,259000,-100000,-100000
053374,台達電元大96購03,0,0,0,0,0,0,0,0,0,-100000,0,0,0,10000,110000,-100000,-100000
052863,友達凱基98購02  ,0,0,0,0,0,0,0,0,0,-100000,0,0,0,0,100000,-100000,-100000
052612,康舒元大97購01  ,0,0,0,0,0,0,0,0,0,-100000,0,0,0,0,100000,-100000,-100000
052609,智易元大97購01  ,0,0,0,0,0,0,0,0,0,-100000,0,0,0,0,100000,-100000,-100000
052479,TPK群益95購04   ,0,0,0,0,0,0,0,0,0,-100000,0,0,0,0,100000,-100000,-100000
05244P,台積電元大95售17,0,0,0,0,0,0,0,0,0,-100000,0,0,0,257000,357000,-100000,-100000
054151,瑞昱國泰97購01  ,0,0,0,0,0,0,0,0,0,-100000,0,0,0,90000,190000,-100000,-100000
05405P,大立光群益95售04,0,0,0,0,0,0,0,0,0,-100000,0,0,0,0,100000,-100000,-100000
054109,南亞科凱基96購05,0,0,0,0,0,0,0,0,0,-100000,0,0,0,0,100000,-100000,-100000
053987,宏碁亞東96購01  ,0,0,0,0,0,0,0,0,0,-100000,0,0,0,0,100000,-100000,-100000
054355,上海銀富邦98購01,0,0,0,0,0,0,0,0,0,-100000,0,0,0,0,100000,-100000,-100000
054575,聯鈞元大97購01  ,0,0,0,0,0,0,0,0,0,-100000,0,0,0,411000,511000,-100000,-100000
054879,大成鋼統一97購01,0,0,0,0,0,0,0,0,0,-100000,0,0,0,0,100000,-100000,-100000
054870,新日興群益98購01,0,0,0,0,0,0,0,0,0,-100000,0,0,0,11000,111000,-100000,-100000
054837,欣興第一97購01  ,0,0,0,0,0,0,0,0,0,-100000,0,0,0,0,100000,-100000,-100000
054804,南亞元大9A購01  ,0,0,0,0,0,0,0,0,0,-100000,0,0,0,0,100000,-100000,-100000
054593,滬深2X永昌9A購01,0,0,0,0,0,0,0,0,0,-100000,0,0,0,0,100000,-100000,-100000
047700,華新凱基94購01  ,0,0,0,0,0,0,0,0,0,-100000,0,0,0,0,100000,-100000,-100000
044277,彩晶群益92購01  ,0,0,0,0,0,0,0,0,0,-100000,0,0,0,0,100000,-100000,-100000
044536,深中小群益92購01,0,0,0,0,0,0,0,0,0,-100000,0,0,0,10000,110000,-100000,-100000
044508,微星凱基92購02  ,0,0,0,0,0,0,0,0,0,-100000,0,0,0,0,100000,-100000,-100000
044430,上銀元大92購03  ,0,0,0,0,0,0,0,0,0,-100000,0,0,0,144000,244000,-100000,-100000
044397,微星凱基92購01  ,0,0,0,0,0,0,0,0,0,-100000,0,0,0,0,100000,-100000,-100000
044327,大立光元富91購04,0,0,0,0,0,0,0,0,0,-100000,0,0,0,0,100000,-100000,-100000
044338,大立光統一91購11,0,0,0,0,0,0,0,0,0,-100000,0,0,0,0,100000,-100000,-100000
045415,聯茂群益92購02  ,0,0,0,0,0,0,0,0,0,-100000,0,0,0,0,100000,-100000,-100000
045384,強茂元大92購01  ,0,0,0,0,0,0,0,0,0,-100000,0,0,0,15000,115000,-100000,-100000
04546P,台積電元大94售09,0,0,0,0,0,0,0,0,0,-100000,0,0,0,0,100000,-100000,-100000
045890,欣興元大92購06  ,0,0,0,0,0,0,0,0,0,-100000,0,0,0,323000,423000,-100000,-100000
04495P,台積電國票95售01,0,0,0,0,0,0,0,0,0,-100000,0,0,0,0,100000,-100000,-100000
044187,泰鼎國泰93購01  ,0,0,0,0,0,0,0,0,0,-100000,0,0,0,0,100000,-100000,-100000
045092,聯茂元大92購03  ,0,0,0,0,0,0,0,0,0,-100000,0,0,0,0,100000,-100000,-100000
04604P,華新科國票95售01,0,0,0,0,0,0,0,0,0,-100000,0,0,0,90000,190000,-100000,-100000
045652,緯穎凱基92購01  ,0,0,0,0,0,0,0,0,0,-100000,0,0,0,10000,110000,-100000,-100000
04204P,臺股指元大93售44,0,0,0,0,0,0,0,0,0,-100000,0,0,0,0,100000,-100000,-100000
043978,台積電元大91購22,0,0,0,0,0,0,0,0,0,-100000,0,0,0,0,100000,-100000,-100000
04160P,儒鴻中信93售01  ,0,0,0,0,0,0,0,0,0,-100000,0,0,0,0,100000,-100000,-100000
04133P,友達群益93售01  ,0,0,0,0,0,0,0,0,0,-100000,0,0,0,0,100000,-100000,-100000
043060,欣興中信93購01  ,0,0,0,0,0,0,0,0,0,-100000,0,0,0,0,100000,-100000,-100000
03976P,智原元大93售02  ,0,0,0,0,0,0,0,0,0,-100000,0,0,0,30000,130000,-100000,-100000
03091P,臺股指元大01售20,0,0,0,0,0,0,0,0,0,-100000,0,0,0,0,100000,-100000,-100000
03909P,奇鋐元大93售04  ,0,0,0,0,0,0,0,0,0,-100000,0,0,0,0,100000,-100000,-100000
03557P,欣興元大02售17  ,0,0,0,0,0,0,0,0,0,-100000,0,0,0,0,100000,-100000,-100000
043855,創意富邦93購01  ,0,0,0,0,0,0,0,0,0,-100000,0,0,0,0,100000,-100000,-100000
04011P,台積電元大93售22,0,0,0,0,0,0,0,0,0,-100000,0,0,0,100000,200000,-100000,-100000
043835,宏達電國票92購01,0,0,0,0,0,0,0,0,0,-100000,0,0,0,0,100000,-100000,-100000
04368P,台積電凱基94售02,0,0,0,0,0,0,0,0,0,-100000,0,0,0,0,100000,-100000,-100000
048817,光寶科凱基94購02,0,0,0,0,0,0,0,0,0,-100000,0,0,0,13000,113000,-100000,-100000
046602,新日興群益94購01,0,0,0,0,0,0,0,0,0,-100000,0,0,0,0,100000,-100000,-100000
046408,宏達電元大92購06,0,0,0,0,0,0,0,0,0,-100000,0,0,0,3000,103000,-100000,-100000
046427,樺漢元大92購02  ,0,0,0,0,0,0,0,0,0,-100000,0,0,0,78000,178000,-100000,-100000
048646,上緯控元大93購01,0,0,0,0,0,0,0,0,0,-100000,0,0,0,0,100000,-100000,-100000
048148,欣興元富93購02  ,0,0,0,0,0,0,0,0,0,-100000,0,0,0,0,100000,-100000,-100000
048215,A50正2凱基95購01,0,0,0,0,0,0,0,0,0,-100000,0,0,0,0,100000,-100000,-100000
048329,台積電永昌93購07,0,0,0,0,0,0,0,0,0,-100000,0,0,0,0,100000,-100000,-100000
049533,美食永豐94購03  ,0,0,0,0,0,0,0,0,0,-100000,0,0,0,0,100000,-100000,-100000
048978,晶相光元大94購02,0,0,0,0,0,0,0,0,0,-100000,0,0,0,112000,212000,-100000,-100000
049014,台達電群益94購02,0,0,0,0,0,0,0,0,0,-100000,0,0,0,42000,142000,-100000,-100000
049126,玉晶光元富94購02,0,0,0,0,0,0,0,0,0,-100000,0,0,0,1000,101000,-100000,-100000
049128,滬深2X元大97購03,0,0,0,0,0,0,0,0,0,-100000,0,0,0,0,100000,-100000,-100000
049268,聯茂元大94購03  ,0,0,0,0,0,0,0,0,0,-100000,0,0,0,0,100000,-100000,-100000
048079,燿華日盛93購01  ,0,0,0,0,0,0,0,0,0,-100000,0,0,0,0,100000,-100000,-100000
047120,啟碁元大93購02  ,0,0,0,0,0,0,0,0,0,-100000,0,0,0,0,100000,-100000,-100000
047322,日月光元大93購04,0,0,0,0,0,0,0,0,0,-100000,0,0,0,5000,105000,-100000,-100000
046984,友達日盛93購01  ,0,0,0,0,0,0,0,0,0,-100000,0,0,0,0,100000,-100000,-100000
04699P,臺股指元富94售05,0,0,0,0,0,0,0,0,0,-100000,0,0,0,0,100000,-100000,-100000
050402,緯穎中信96購01  ,0,0,0,0,0,0,0,0,0,-100000,0,0,0,78000,178000,-100000,-100000
050449,宏達電元大95購03,0,0,0,0,0,0,0,0,0,-100000,0,0,0,2000,102000,-100000,-100000
050606,劍麟元大94購02  ,0,0,0,0,0,0,0,0,0,-100000,0,0,0,0,100000,-100000,-100000
050672,上証2X富邦97購01,0,0,0,0,0,0,0,0,0,-100000,0,0,0,0,100000,-100000,-100000
050663,麗豐元大96購03  ,0,0,0,0,0,0,0,0,0,-100000,0,0,0,0,100000,-100000,-100000
050549,慧洋凱基95購01  ,0,0,0,0,0,0,0,0,0,-100000,0,0,0,0,100000,-100000,-100000
050885,T50反1富邦95購01,0,0,0,0,0,0,0,0,0,-100000,0,0,0,0,100000,-100000,-100000
050902,南電元大96購01  ,0,0,0,0,0,0,0,0,0,-100000,0,0,0,0,100000,-100000,-100000
050991,元油2X元大96購04,0,0,0,0,0,0,0,0,0,-100000,0,0,0,0,100000,-100000,-100000
050116,嘉澤元大94購03  ,0,0,0,0,0,0,0,0,0,-100000,0,0,0,0,100000,-100000,-100000
049859,味全兆豐95購01  ,0,0,0,0,0,0,0,0,0,-100000,0,0,0,0,100000,-100000,-100000
051833,昇陽半元大96購01,0,0,0,0,0,0,0,0,0,-100000,0,0,0,0,100000,-100000,-100000
052214,智伸科元大96購01,0,0,0,0,0,0,0,0,0,-100000,0,0,0,0,100000,-100000,-100000
052178,台郡元大96購03  ,0,0,0,0,0,0,0,0,0,-100000,0,0,0,0,100000,-100000,-100000
052093,麗豐元大96購04  ,0,0,0,0,0,0,0,0,0,-100000,0,0,0,0,100000,-100000,-100000
051396,健鼎兆豐95購01  ,0,0,0,0,0,0,0,0,0,-100000,0,0,0,0,100000,-100000,-100000
051439,川湖元大95購01  ,0,0,0,0,0,0,0,0,0,-100000,0,0,0,40000,140000,-100000,-100000
051453,智伸科元大95購02,0,0,0,0,0,0,0,0,0,-100000,0,0,0,0,100000,-100000,-100000
054967,神達元大97購01  ,0,0,0,0,0,0,0,0,0,-100000,0,0,0,0,100000,-100000,-100000
055006,晶相光元富9A購01,0,0,0,0,0,0,0,0,0,-100000,0,0,0,0,100000,-100000,-100000
055022,精元國泰99購01  ,0,0,0,0,0,0,0,0,0,-100000,0,0,0,0,100000,-100000,-100000
054961,玉晶光元大99購01,0,0,0,0,0,0,0,0,0,-100000,0,0,0,400000,500000,-100000,-100000
054952,大毅元大97購02  ,0,0,0,0,0,0,0,0,0,-100000,0,0,0,332000,432000,-100000,-100000
054957,興富發元大97購01,0,0,0,0,0,0,0,0,0,-100000,0,0,0,50000,150000,-100000,-100000
055166,台積電統一97購05,0,0,0,0,0,0,0,0,0,-100000,0,0,0,0,100000,-100000,-100000
055146,華通元大98購04  ,0,0,0,0,0,0,0,0,0,-100000,0,0,0,3000,103000,-100000,-100000
055088,聯詠亞東97購01  ,0,0,0,0,0,0,0,0,0,-100000,0,0,0,0,100000,-100000,-100000
05704P,矽力群益96售04  ,0,0,0,0,0,0,0,0,0,-100000,0,0,0,0,100000,-100000,-100000
06143P,鴻海永豐97售02  ,0,0,0,0,0,0,0,0,0,-100000,0,0,0,0,100000,-100000,-100000
9103,美德醫療-DR     ,0,100000,-100000,0,0,0,0,0,0,0,0,0,0,0,0,0,-100000
05383P,鴻海富邦95售06  ,0,0,0,0,0,0,0,0,0,-101000,0,0,0,829000,930000,-101000,-101000
03984P,上銀群益93售05  ,0,0,0,0,0,0,0,0,0,-101000,0,0,0,25000,126000,-101000,-101000
04487P,南亞科凱基94售01,0,0,0,0,0,0,0,0,0,-101000,0,0,0,10000,111000,-101000,-101000
045450,元油2X富邦93購04,0,0,0,0,0,0,0,0,0,-101000,0,0,0,0,101000,-101000,-101000
049024,玉晶光群益97購01,0,0,0,0,0,0,0,0,0,-101000,0,0,0,12000,113000,-101000,-101000
048662,京元電統一93購04,0,0,0,0,0,0,0,0,0,-101000,0,0,0,20000,121000,-101000,-101000
051109,美律統一95購02  ,0,0,0,0,0,0,0,0,0,-101000,0,0,0,18000,119000,-101000,-101000
049624,嘉澤群益94購01  ,0,0,0,0,0,0,0,0,0,-101000,0,0,0,20000,121000,-101000,-101000
050976,台光電統一95購01,0,0,0,0,0,0,0,0,0,-101000,0,0,0,9000,110000,-101000,-101000
054979,南港元富97購01  ,0,0,0,0,0,0,0,0,0,-101000,0,0,0,0,101000,-101000,-101000
053814,美律群益97購02  ,0,0,0,0,0,0,0,0,0,-102000,0,0,0,48000,150000,-102000,-102000
053977,新日興元大96購03,0,0,0,0,0,0,0,0,0,-102000,0,0,0,18000,120000,-102000,-102000
054621,華新科兆豐98購01,0,0,0,0,0,0,0,0,0,-102000,0,0,0,38000,140000,-102000,-102000
054541,康控國票98購01  ,0,0,0,0,0,0,0,0,0,-102000,0,0,0,6000,108000,-102000,-102000
052327,聯詠中信95購03  ,0,0,0,0,0,0,0,0,0,-102000,0,0,0,0,102000,-102000,-102000
052339,光寶科凱基95購01,0,0,0,0,0,0,0,0,0,-102000,0,0,0,14000,116000,-102000,-102000
052839,上海銀國泰97購01,0,0,0,0,0,0,0,0,0,-102000,0,0,0,31000,133000,-102000,-102000
053097,超眾統一96購03  ,0,0,0,0,0,0,0,0,0,-102000,0,0,0,0,102000,-102000,-102000
045337,滬深2X凱基95購01,0,0,0,0,0,0,0,0,0,-102000,0,0,0,104000,206000,-102000,-102000
044439,南電元大93購01  ,0,0,0,0,0,0,0,0,0,-102000,0,0,0,0,102000,-102000,-102000
046574,泰鼎國泰94購01  ,0,0,0,0,0,0,0,0,0,-102000,0,0,0,50000,152000,-102000,-102000
04706P,力山元大95售01  ,0,0,0,0,0,0,0,0,0,-102000,0,0,0,0,102000,-102000,-102000
050713,矽格麥證94購01  ,0,0,0,26000,128000,-102000,0,0,0,-102000,0,0,0,26000,128000,-102000,-102000
049607,台積電兆豐94購04,0,0,0,0,0,0,0,0,0,-102000,0,0,0,40000,142000,-102000,-102000
049868,傳奇兆豐94購01  ,0,0,0,0,0,0,0,0,0,-102000,0,0,0,0,102000,-102000,-102000
050168,緯創富邦95購01  ,0,0,0,0,0,0,0,0,0,-102000,0,0,0,13000,115000,-102000,-102000
055291,京鼎元大97購02  ,0,0,0,0,0,0,0,0,0,-102000,0,0,0,0,102000,-102000,-102000
2023,燁輝            ,71000,192000,-121000,0,0,0,0,0,0,19000,19000,0,19000,0,0,0,-102000
052457,日月光元富95購01,0,0,0,0,0,0,0,0,0,-103000,0,0,0,0,103000,-103000,-103000
054463,瑞昱凱基97購01  ,0,0,0,0,0,0,0,0,0,-103000,0,0,0,5000,108000,-103000,-103000
047424,南亞科亞東93購01,0,0,0,0,0,0,0,0,0,-103000,0,0,0,0,103000,-103000,-103000
050030,嘉晶元大94購03  ,0,0,0,0,0,0,0,0,0,-103000,0,0,0,14000,117000,-103000,-103000
050687,上銀日盛94購01  ,0,0,0,0,0,0,0,0,0,-103000,0,0,0,0,103000,-103000,-103000
050563,臻鼎元富94購07  ,0,0,0,0,0,0,0,0,0,-103000,0,0,0,0,103000,-103000,-103000
1710,東聯            ,121000,225000,-104000,0,0,0,0,0,0,1000,1000,0,1000,0,0,0,-103000
055093,京鼎群益98購01  ,0,0,0,0,0,0,0,0,0,-103000,0,0,0,34000,137000,-103000,-103000
1309,台達化          ,70000,187680,-117680,0,0,0,0,0,0,14000,14000,0,14000,0,0,0,-103680
3576,聯合再生        ,440000,543978,-103978,0,0,0,0,0,0,0,5000,5000,0,0,0,0,-103978
052442,中環元大95購02  ,0,0,0,0,0,0,0,0,0,-104000,0,0,0,0,104000,-104000,-104000
05303P,華通國泰97售01  ,0,0,0,0,0,0,0,0,0,-104000,0,0,0,13000,117000,-104000,-104000
045179,義隆永豐92購02  ,0,0,0,0,0,0,0,0,0,-104000,0,0,0,0,104000,-104000,-104000
00762,元大全球AI      ,1000,0,1000,0,0,0,0,0,0,-105000,0,0,0,65000,170000,-105000,-104000
050646,美律凱基96購01  ,0,0,0,0,0,0,0,0,0,-104000,0,0,0,0,104000,-104000,-104000
053541,泰鼎永豐96購02  ,0,0,0,0,0,0,0,0,0,-105000,0,0,0,26000,131000,-105000,-105000
054241,深中小元大98購01,0,0,0,0,0,0,0,0,0,-105000,0,0,0,0,105000,-105000,-105000
047264,貿聯國票93購02  ,0,0,0,0,0,0,0,0,0,-105000,0,0,0,35000,140000,-105000,-105000
050701,上緯控凱基94購04,0,0,0,0,0,0,0,0,0,-105000,0,0,0,0,105000,-105000,-105000
049717,微星凱基94購01  ,0,0,0,0,0,0,0,0,0,-105000,0,0,0,0,105000,-105000,-105000
051167,京鼎元大95購01  ,0,0,0,0,0,0,0,0,0,-105000,0,0,0,46000,151000,-105000,-105000
052070,GIS兆豐95購03   ,0,0,0,0,0,0,0,0,0,-105000,0,0,0,0,105000,-105000,-105000
1319,東陽            ,136408,49000,87408,0,0,0,0,200000,-200000,7000,3000,0,3000,4000,0,4000,-105592
05400P,台積電永豐95售05,0,0,0,0,0,0,0,0,0,-106000,0,0,0,1547000,1653000,-106000,-106000
048184,達運群益93購01  ,0,0,0,0,0,0,0,0,0,-106000,0,0,0,14000,120000,-106000,-106000
04639P,臺股指群益94售14,0,0,0,0,0,0,0,0,0,-106000,0,0,0,120000,226000,-106000,-106000
05205P,緯穎元大95售03  ,0,0,0,0,0,0,0,0,0,-106000,0,0,0,0,106000,-106000,-106000
051723,嘉澤永豐95購01  ,0,0,0,0,0,0,0,0,0,-106000,0,0,0,68000,174000,-106000,-106000
055276,台積電元大97購20,0,0,0,0,0,0,0,0,0,-106000,0,0,0,100000,206000,-106000,-106000
053555,日月光凱基97購01,0,0,0,0,0,0,0,0,0,-107000,0,0,0,0,107000,-107000,-107000
053007,致伸永豐96購01  ,0,0,0,0,0,0,0,0,0,-107000,0,0,0,68000,175000,-107000,-107000
042916,佐登元大94購01  ,0,0,0,0,0,0,0,0,0,-107000,0,0,0,52000,159000,-107000,-107000
044205,聯茂亞東92購01  ,0,0,0,0,0,0,0,0,0,-107000,0,0,0,0,107000,-107000,-107000
047901,復盛群益93購01  ,0,0,0,0,0,0,0,0,0,-107000,0,0,0,11000,118000,-107000,-107000
04633P,旺宏群益96售04  ,0,0,0,0,0,0,0,0,0,-107000,0,0,0,0,107000,-107000,-107000
048158,大立光兆豐95購01,0,0,0,0,0,0,0,0,0,-107000,0,0,0,0,107000,-107000,-107000
051102,訊芯元大96購01  ,0,0,0,0,0,0,0,0,0,-107000,0,0,0,187000,294000,-107000,-107000
051078,力山富邦97購01  ,0,0,0,0,0,0,0,0,0,-107000,0,0,0,29000,136000,-107000,-107000
053045,國巨中信97購01  ,0,0,0,0,0,0,0,0,0,-108000,0,0,0,182000,290000,-108000,-108000
047636,台達電元大93購03,0,0,0,0,0,0,0,0,0,-108000,0,0,0,2000,110000,-108000,-108000
046029,微星元大92購02  ,0,0,0,0,0,0,0,0,0,-108000,0,0,0,0,108000,-108000,-108000
048261,鴻海元富95購01  ,0,0,0,0,0,0,0,0,0,-108000,0,0,0,0,108000,-108000,-108000
046695,瑞昱凱基93購03  ,0,0,0,0,0,0,0,0,0,-108000,0,0,0,6000,114000,-108000,-108000
047528,高鐵元大93購03  ,0,0,0,0,0,0,0,0,0,-108000,0,0,0,0,108000,-108000,-108000
047837,嘉晶元大93購01  ,0,0,0,0,0,0,0,0,0,-108000,0,0,0,0,108000,-108000,-108000
051962,晶相光永豐95購02,0,0,0,0,0,0,0,0,0,-108000,0,0,0,111000,219000,-108000,-108000
051954,矽力元富95購04  ,0,0,0,0,0,0,0,0,0,-108000,0,0,0,91000,199000,-108000,-108000
050277,上銀亞東94購01  ,0,0,0,0,0,0,0,0,0,-108000,0,0,0,0,108000,-108000,-108000
055247,聯發科統一98購01,0,0,0,0,0,0,0,0,0,-108000,0,0,0,0,108000,-108000,-108000
053080,力山元大96購02  ,0,0,0,0,0,0,0,0,0,-109000,0,0,0,145000,254000,-109000,-109000
053566,大立光富邦99購03,0,0,0,0,0,0,0,0,0,-109000,0,0,0,36000,145000,-109000,-109000
053746,彰銀康和96購01  ,0,0,0,0,0,0,0,0,0,-109000,0,0,0,0,109000,-109000,-109000
054588,玉晶光國泰99購02,0,0,0,0,0,0,0,0,0,-109000,0,0,0,221000,330000,-109000,-109000
046028,微星元大92購01  ,0,0,0,0,0,0,0,0,0,-109000,0,0,0,0,109000,-109000,-109000
04259P,滬深2X群益93售03,0,0,0,0,0,0,0,0,0,-109000,0,0,0,1000,110000,-109000,-109000
04476P,玉晶光元大94售05,0,0,0,0,0,0,0,0,0,-109000,0,0,0,50000,159000,-109000,-109000
049614,聯茂中信94購01  ,0,0,0,0,0,0,0,0,0,-109000,0,0,0,0,109000,-109000,-109000
051036,喬山台新95購01  ,0,0,0,0,0,0,0,0,0,-109000,0,0,0,0,109000,-109000,-109000
051039,台表科康和95購01,0,0,0,0,0,0,0,0,0,-109000,0,0,0,0,109000,-109000,-109000
05162P,玉晶光國票96售03,0,0,0,0,0,0,0,0,0,-109000,0,0,0,17000,126000,-109000,-109000
5264,鎧勝-KY         ,67000,174000,-107000,0,0,0,0,0,0,-2000,1000,0,1000,0,3000,-3000,-109000
053455,台光電元富96購02,0,0,0,0,0,0,0,0,0,-110000,0,0,0,2000,112000,-110000,-110000
05302P,華通國泰96售01  ,0,0,0,0,0,0,0,0,0,-110000,0,0,0,0,110000,-110000,-110000
04161P,全新國泰94售01  ,0,0,0,0,0,0,0,0,0,-110000,0,0,0,30000,140000,-110000,-110000
043776,奇力新兆豐92購01,0,0,0,0,0,0,0,0,0,-110000,0,0,0,0,110000,-110000,-110000
045068,台光電元大92購05,0,0,0,0,0,0,0,0,0,-110000,0,0,0,0,110000,-110000,-110000
045579,全新元大93購03  ,0,0,0,0,0,0,0,0,0,-110000,0,0,0,0,110000,-110000,-110000
048025,鴻海凱基93購30  ,0,0,0,0,0,0,0,0,0,-110000,0,0,0,58000,168000,-110000,-110000
044346,力山富邦95購01  ,0,0,0,0,0,0,0,0,0,-110000,0,0,0,0,110000,-110000,-110000
047828,華新元大93購03  ,0,0,0,0,0,0,0,0,0,-110000,0,0,0,2000,112000,-110000,-110000
048964,劍麟元大94購01  ,0,0,0,0,0,0,0,0,0,-110000,0,0,0,0,110000,-110000,-110000
051268,創意富邦97購01  ,0,0,0,0,0,0,0,0,0,-110000,0,0,0,309000,419000,-110000,-110000
051944,智邦統一95購02  ,0,0,0,0,0,0,0,0,0,-110000,0,0,0,115000,225000,-110000,-110000
052207,台郡中信95購02  ,0,0,0,0,0,0,0,0,0,-110000,0,0,0,11000,121000,-110000,-110000
049651,訊芯凱基94購04  ,0,0,0,0,0,0,0,0,0,-110000,0,0,0,158000,268000,-110000,-110000
049711,劍麟凱基94購01  ,0,0,0,0,0,0,0,0,0,-110000,0,0,0,0,110000,-110000,-110000
049723,緯穎凱基94購04  ,0,0,0,0,0,0,0,0,0,-110000,0,0,0,0,110000,-110000,-110000
050648,全新凱基96購01  ,0,0,0,0,0,0,0,0,0,-110000,0,0,0,0,110000,-110000,-110000
054973,台郡元大98購02  ,0,0,0,0,0,0,0,0,0,-110000,0,0,0,1000,111000,-110000,-110000
054895,南電統一97購01  ,0,0,0,0,0,0,0,0,0,-110000,0,0,0,0,110000,-110000,-110000
05682P,大立光元大98售03,0,0,0,0,0,0,0,0,0,-110000,0,0,0,12000,122000,-110000,-110000
053193,超眾統一97購01  ,0,0,0,0,0,0,0,0,0,-111000,0,0,0,0,111000,-111000,-111000
052594,友訊群益98購01  ,0,0,0,0,0,0,0,0,0,-111000,0,0,0,52000,163000,-111000,-111000
05440P,緯穎國票96售02  ,0,0,0,0,0,0,0,0,0,-111000,0,0,0,10000,121000,-111000,-111000
045692,南茂元大92購04  ,0,0,0,0,0,0,0,0,0,-111000,0,0,0,65000,176000,-111000,-111000
047334,南茂元大93購03  ,0,0,0,0,0,0,0,0,0,-111000,0,0,0,6000,117000,-111000,-111000
046639,嘉晶永豐93購01  ,0,0,0,0,0,0,0,0,0,-111000,0,0,0,12000,123000,-111000,-111000
050996,隆達元大95購01  ,0,0,0,0,0,0,0,0,0,-111000,0,0,0,0,111000,-111000,-111000
052281,全新凱基97購01  ,0,0,0,0,0,0,0,0,0,-111000,0,0,0,10000,121000,-111000,-111000
051184,聯發科永豐95購03,0,0,0,0,0,0,0,0,0,-111000,0,0,0,3000,114000,-111000,-111000
051383,京鼎群益96購02  ,0,0,0,0,0,0,0,0,0,-111000,0,0,0,148000,259000,-111000,-111000
6591,動力-KY         ,43000,178000,-135000,0,0,0,0,0,0,24000,26000,2000,24000,0,0,0,-111000
054486,漢唐台新96購01  ,0,0,0,0,0,0,0,0,0,-112000,0,0,0,10000,122000,-112000,-112000
054736,南亞科凱基98購01,30000,0,30000,0,0,0,0,0,0,-142000,0,0,0,20000,162000,-142000,-112000
053957,瑞昱永豐96購01  ,0,0,0,0,0,0,0,0,0,-112000,0,0,0,16000,128000,-112000,-112000
053527,創意中信97購01  ,0,0,0,0,0,0,0,0,0,-112000,0,0,0,0,112000,-112000,-112000
042040,大立光群益93購01,0,0,0,0,0,0,0,0,0,-112000,0,0,0,92000,204000,-112000,-112000
03751P,旺宏富邦95售01  ,0,0,0,0,0,0,0,0,0,-112000,0,0,0,3000,115000,-112000,-112000
051670,欣興元大95購06  ,0,0,0,0,0,0,0,0,0,-112000,0,0,0,77000,189000,-112000,-112000
050525,嘉晶元大95購02  ,0,0,0,0,0,0,0,0,0,-112000,0,0,0,10000,122000,-112000,-112000
4919,新唐            ,17000,52000,-35000,0,0,0,0,0,0,-77000,0,0,0,0,77000,-77000,-112000
1409,新纖            ,135000,288000,-153000,0,0,0,32000,0,32000,9000,9000,0,9000,0,0,0,-112000
08525P,台灣50凱基96售02,0,0,0,0,0,0,0,0,0,-112000,0,0,0,0,112000,-112000,-112000
054474,鴻海中信96購03  ,0,0,0,0,0,0,0,0,0,-113000,0,0,0,0,113000,-113000,-113000
00728,第一金工業30    ,0,0,0,0,0,0,0,0,0,-113000,0,0,0,673000,786000,-113000,-113000
04393P,牧德凱基94售06  ,0,0,0,0,0,0,0,0,0,-113000,0,0,0,10000,123000,-113000,-113000
048550,中鴻元大96購01  ,0,0,0,0,0,0,0,0,0,-113000,0,0,0,0,113000,-113000,-113000
046608,超眾兆豐93購02  ,0,0,0,0,0,0,0,0,0,-113000,0,0,0,100000,213000,-113000,-113000
050960,台光電永豐95購01,0,0,0,0,0,0,0,0,0,-113000,0,0,0,0,113000,-113000,-113000
051180,喬山永豐95購03  ,0,0,0,0,0,0,0,0,0,-113000,0,0,0,5000,118000,-113000,-113000
2102,泰豐            ,13000,135000,-122000,0,0,0,0,0,0,9000,9000,0,9000,0,0,0,-113000
055067,禾聯碩永豐97購01,0,0,0,0,0,0,0,0,0,-113000,0,0,0,0,113000,-113000,-113000
053869,嘉澤元大96購02  ,0,0,0,0,0,0,0,0,0,-114000,0,0,0,0,114000,-114000,-114000
053489,上銀兆豐97購01  ,0,0,0,0,0,0,0,0,0,-114000,0,0,0,0,114000,-114000,-114000
051242,台積電元大96購06,0,0,0,0,0,0,0,0,0,-114000,0,0,0,890000,1004000,-114000,-114000
051733,中環國票96購02  ,0,0,0,0,0,0,0,0,0,-114000,0,0,0,0,114000,-114000,-114000
051935,味全群益95購01  ,0,0,0,0,0,0,0,0,0,-114000,0,0,0,0,114000,-114000,-114000
050958,日月光台新95購01,0,0,0,0,0,0,0,0,0,-114000,0,0,0,0,114000,-114000,-114000
05587P,鴻海凱基96售12  ,0,0,0,0,0,0,0,0,0,-114000,0,0,0,160000,274000,-114000,-114000
052597,茂林群益96購01  ,0,0,0,0,0,0,0,0,0,-115000,0,0,0,11000,126000,-115000,-115000
052530,台郡元大96購04  ,0,0,0,0,0,0,0,0,0,-115000,0,0,0,22000,137000,-115000,-115000
053893,京鼎群益97購02  ,0,0,0,0,0,0,0,0,0,-115000,0,0,0,60000,175000,-115000,-115000
045752,全新國泰93購01  ,0,0,0,0,0,0,0,0,0,-115000,0,0,0,20000,135000,-115000,-115000
04462P,全新元富96售01  ,0,0,0,0,0,0,0,0,0,-115000,0,0,0,0,115000,-115000,-115000
047395,聯茂元大94購01  ,0,0,0,0,0,0,0,0,0,-115000,0,0,0,8000,123000,-115000,-115000
047973,華通兆豐94購01  ,0,0,0,0,0,0,0,0,0,-115000,0,0,0,15000,130000,-115000,-115000
049054,禾伸堂永豐94購01,0,0,0,0,0,0,0,0,0,-115000,0,0,0,68000,183000,-115000,-115000
049596,智伸科元大95購01,0,0,0,0,0,0,0,0,0,-115000,0,0,0,0,115000,-115000,-115000
04930P,國巨統一94售08  ,0,0,0,0,0,0,0,0,0,-115000,0,0,0,135000,250000,-115000,-115000
050848,日月光國票95購01,0,0,0,0,0,0,0,0,0,-115000,0,0,0,320000,435000,-115000,-115000
050564,臻鼎元富94購08  ,0,0,0,0,0,0,0,0,0,-115000,0,0,0,171000,286000,-115000,-115000
052156,滬深2X永豐95購03,0,0,0,0,0,0,0,0,0,-115000,0,0,0,0,115000,-115000,-115000
05120P,聯發科國泰97售01,0,0,0,0,0,0,0,0,0,-115000,0,0,0,85000,200000,-115000,-115000
055251,華新科統一99購01,0,0,0,0,0,0,0,0,0,-115000,0,0,0,0,115000,-115000,-115000
2369,菱生            ,178000,296000,-118000,0,0,0,0,0,0,3000,3000,0,3000,0,0,0,-115000
06073P,健策永豐97售01  ,0,0,0,0,0,0,0,0,0,-115000,0,0,0,116000,231000,-115000,-115000
2913,農林            ,45000,127000,-82000,0,0,0,0,0,0,-33000,8000,1000,7000,0,40000,-40000,-115000
053487,台泥兆豐97購01  ,0,0,0,0,0,0,0,0,0,-116000,0,0,0,3000,119000,-116000,-116000
044052,鴻海元大92購04  ,0,0,0,0,0,0,0,0,0,-116000,0,0,0,49000,165000,-116000,-116000
048357,漢唐永豐93購04  ,0,0,0,0,0,0,0,0,0,-116000,0,0,0,0,116000,-116000,-116000
050376,百和元大95購01  ,0,0,0,0,0,0,0,0,0,-116000,0,0,0,52000,168000,-116000,-116000
049911,智邦元大94購05  ,0,0,0,0,0,0,0,0,0,-116000,0,0,0,2000,118000,-116000,-116000
050112,高鐵元大94購02  ,0,0,0,0,0,0,0,0,0,-116000,0,0,0,13000,129000,-116000,-116000
050080,國巨統一94購06  ,0,0,0,0,0,0,0,0,0,-116000,0,0,0,0,116000,-116000,-116000
053006,玉晶光永豐96購03,0,0,0,0,0,0,0,0,0,-117000,0,0,0,72000,189000,-117000,-117000
044284,聯電凱基92購01  ,0,0,0,0,0,0,0,0,0,-117000,0,0,0,86000,203000,-117000,-117000
043018,新光金元大93購01,0,0,0,0,0,0,0,0,0,-117000,0,0,0,3000,120000,-117000,-117000
049575,美食康和94購02  ,0,0,0,0,0,0,0,0,0,-117000,0,0,0,0,117000,-117000,-117000
050891,喬山元大95購01  ,0,0,0,0,0,0,0,0,0,-117000,0,0,0,148000,265000,-117000,-117000
051762,國泰金元大95購01,0,0,0,0,0,0,0,0,0,-117000,0,0,0,0,117000,-117000,-117000
1717,長興            ,321000,438000,-117000,0,0,0,0,0,0,0,0,0,0,0,0,0,-117000
05759P,智邦永豐96售02  ,0,0,0,0,0,0,0,0,0,-117000,0,0,0,0,117000,-117000,-117000
052535,日月光國泰96購01,0,0,0,0,0,0,0,0,0,-118000,0,0,0,126000,244000,-118000,-118000
050332,鴻海國泰96購05  ,0,0,0,0,0,0,0,0,0,-118000,0,0,0,51000,169000,-118000,-118000
050451,嘉晶元大95購01  ,0,0,0,0,0,0,0,0,0,-118000,0,0,0,479000,597000,-118000,-118000
1527,鑽全            ,28000,146000,-118000,0,0,0,0,0,0,0,0,0,0,0,0,0,-118000
052885,高鐵兆豐98購01  ,0,0,0,0,0,0,0,0,0,-119000,0,0,0,20000,139000,-119000,-119000
054308,嘉晶凱基98購01  ,0,0,0,0,0,0,0,0,0,-119000,0,0,0,8000,127000,-119000,-119000
050823,信邦凱基95購01  ,0,0,0,0,0,0,0,0,0,-119000,0,0,0,195000,314000,-119000,-119000
051599,健鼎兆豐95購02  ,0,0,0,0,0,0,0,0,0,-119000,0,0,0,6000,125000,-119000,-119000
1217,愛之味          ,7000,127000,-120000,0,0,0,0,0,0,1000,1000,0,1000,0,0,0,-119000
2897,王道銀行        ,12000,144000,-132000,0,0,0,0,0,0,13000,13000,0,13000,0,0,0,-119000
054518,亞光元大97購01  ,0,0,0,0,0,0,0,0,0,-120000,0,0,0,167000,287000,-120000,-120000
053190,聯發科統一99購01,0,0,0,0,0,0,0,0,0,-120000,0,0,0,0,120000,-120000,-120000
04289P,臺股指中信95售07,0,0,0,0,0,0,0,0,0,-120000,0,0,0,0,120000,-120000,-120000
04152P,喬山永豐93售02  ,0,0,0,0,0,0,0,0,0,-120000,0,0,0,40000,160000,-120000,-120000
044552,元油2X永豐91購02,0,0,0,0,0,0,0,0,0,-120000,0,0,0,0,120000,-120000,-120000
045042,亞泥凱基92購01  ,0,0,0,0,0,0,0,0,0,-120000,0,0,0,10000,130000,-120000,-120000
048436,聯茂日盛93購01  ,0,0,0,0,0,0,0,0,0,-120000,0,0,0,0,120000,-120000,-120000
048503,百和元大93購02  ,0,0,0,0,0,0,0,0,0,-120000,0,0,0,21000,141000,-120000,-120000
046503,京元電元大92購08,0,0,0,0,0,0,0,0,0,-120000,0,0,0,0,120000,-120000,-120000
046541,超眾群益93購01  ,0,0,0,0,0,0,0,0,0,-120000,0,0,0,0,120000,-120000,-120000
047546,瑞昱凱基93購06  ,0,0,0,0,0,0,0,0,0,-120000,0,0,0,13000,133000,-120000,-120000
05181P,健策凱基95售01  ,0,0,0,0,0,0,0,0,0,-120000,0,0,0,0,120000,-120000,-120000
051759,全新元大95購04  ,0,0,0,0,0,0,0,0,0,-120000,0,0,0,0,120000,-120000,-120000
5215,科嘉-KY         ,362000,578000,-216000,0,0,0,69000,0,69000,27000,27000,0,27000,0,0,0,-120000
2838,聯邦銀          ,360000,489710,-129710,0,0,0,0,0,0,9000,9000,0,9000,0,0,0,-120710
054315,訊芯凱基98購01  ,0,0,0,0,0,0,0,0,0,-121000,0,0,0,123000,244000,-121000,-121000
054324,美律台新97購01  ,0,0,0,0,0,0,0,0,0,-121000,0,0,0,88000,209000,-121000,-121000
054131,南亞科元大96購04,0,0,0,0,0,0,0,0,0,-121000,0,0,0,85000,206000,-121000,-121000
045523,元油2X永豐92購03,0,0,0,0,0,0,0,0,0,-121000,0,0,0,0,121000,-121000,-121000
052057,臺股指凱基95購15,0,0,0,0,0,0,0,0,0,-121000,0,0,0,80000,201000,-121000,-121000
052294,創意國票96購03  ,0,0,0,0,0,0,0,0,0,-121000,0,0,0,0,121000,-121000,-121000
05838P,臺股指富邦96售05,0,0,0,0,0,0,0,0,0,-121000,0,0,0,0,121000,-121000,-121000
054951,大毅元大97購01  ,0,0,0,0,0,0,0,0,0,-121000,0,0,0,99000,220000,-121000,-121000
2823,中壽            ,2025600,1987400,38200,0,0,0,0,0,0,-160000,2000,2000,0,4000,164000,-160000,-121800
053718,全新凱基97購02  ,0,0,0,0,0,0,0,0,0,-122000,0,0,0,10000,132000,-122000,-122000
054577,世芯元大98購01  ,0,0,0,0,0,0,0,0,0,-122000,0,0,0,0,122000,-122000,-122000
045517,元油2X元富98購01,0,0,0,0,0,0,0,0,0,-122000,0,0,0,0,122000,-122000,-122000
03888P,大立光元富93售03,0,0,0,0,0,0,0,0,0,-122000,0,0,0,0,122000,-122000,-122000
048725,京元電日盛94購01,0,0,0,0,0,0,0,0,0,-122000,0,0,0,86000,208000,-122000,-122000
049542,鴻海群益94購05  ,0,0,0,0,0,0,0,0,0,-122000,0,0,0,5000,127000,-122000,-122000
049539,元油2X群益9A購01,0,0,0,0,0,0,0,0,0,-122000,0,0,0,0,122000,-122000,-122000
051492,臻鼎凱基95購01  ,0,0,0,0,0,0,0,0,0,-122000,0,0,0,7000,129000,-122000,-122000
053025,燿華富邦98購02  ,0,0,0,0,0,0,0,0,0,-123000,0,0,0,236000,359000,-123000,-123000
052581,訊芯元富98購01  ,0,0,0,0,0,0,0,0,0,-123000,0,0,0,17000,140000,-123000,-123000
045412,宏達電群益93購01,0,0,0,0,0,0,0,0,0,-123000,0,0,0,3000,126000,-123000,-123000
047332,訊芯元大93購04  ,0,0,0,0,0,0,0,0,0,-123000,0,0,0,2000,125000,-123000,-123000
048445,瑞昱凱基93購11  ,0,0,0,0,0,0,0,0,0,-123000,0,0,0,0,123000,-123000,-123000
05156P,群創兆豐95售01  ,0,0,0,0,0,0,0,0,0,-123000,0,0,0,0,123000,-123000,-123000
051853,京元電亞東95購01,0,0,0,0,0,0,0,0,0,-123000,0,0,0,0,123000,-123000,-123000
050723,楠梓電國票94購01,0,0,0,0,0,0,0,0,0,-123000,0,0,0,0,123000,-123000,-123000
2547,日勝生          ,116000,239000,-123000,0,0,0,0,0,0,0,0,0,0,0,0,0,-123000
05897P,國巨凱基96售12  ,0,0,0,0,0,0,0,0,0,-123000,0,0,0,20000,143000,-123000,-123000
053068,智伸科群益96購01,0,0,0,0,0,0,0,0,0,-124000,0,0,0,0,124000,-124000,-124000
054335,緯穎永豐96購02  ,0,0,0,0,0,0,0,0,0,-124000,0,0,0,68000,192000,-124000,-124000
04410P,大立光統一94售05,0,0,0,0,0,0,0,0,0,-124000,0,0,0,0,124000,-124000,-124000
04471P,華通元大95售03  ,0,0,0,0,0,0,0,0,0,-124000,0,0,0,10000,134000,-124000,-124000
046927,上銀富邦95購01  ,0,0,0,0,0,0,0,0,0,-124000,0,0,0,31000,155000,-124000,-124000
049846,台泥群益94購01  ,0,0,0,0,0,0,0,0,0,-124000,0,0,0,1000,125000,-124000,-124000
9914,美利達          ,8000,116000,-108000,0,0,0,0,22000,-22000,6000,16000,0,16000,0,10000,-10000,-124000
054815,台積電元大97購14,0,0,0,0,0,0,0,0,0,-125000,0,0,0,311000,436000,-125000,-125000
054012,廣達永豐96購01  ,0,0,0,0,0,0,0,0,0,-125000,0,0,0,0,125000,-125000,-125000
054049,亞光元大96購03  ,0,0,0,0,0,0,0,0,0,-125000,0,0,0,23000,148000,-125000,-125000
05304P,國巨國泰97售02  ,0,0,0,0,0,0,0,0,0,-125000,0,0,0,124000,249000,-125000,-125000
053598,日月光元大96購04,0,0,0,0,0,0,0,0,0,-125000,0,0,0,5000,130000,-125000,-125000
052549,喬山國票97購01  ,0,0,0,0,0,0,0,0,0,-125000,0,0,0,0,125000,-125000,-125000
052830,台光電群益96購01,0,0,0,0,0,0,0,0,0,-125000,0,0,0,99000,224000,-125000,-125000
042288,元油2X元大93購03,0,0,0,0,0,0,0,0,0,-125000,0,0,0,0,125000,-125000,-125000
044925,漢唐國泰93購01  ,0,0,0,0,0,0,0,0,0,-125000,0,0,0,45000,170000,-125000,-125000
049034,台達電兆豐94購01,0,0,0,0,0,0,0,0,0,-125000,0,0,0,26000,151000,-125000,-125000
050933,南亞國票95購01  ,0,0,0,0,0,0,0,0,0,-125000,0,0,0,72000,197000,-125000,-125000
051570,和碩富邦97購01  ,0,0,0,0,0,0,0,0,0,-125000,0,0,0,51000,176000,-125000,-125000
051010,美律日盛95購01  ,0,0,0,0,0,0,0,0,0,-125000,0,0,0,95000,220000,-125000,-125000
6558,興能高          ,6000,64000,-58000,0,0,0,33000,100000,-67000,0,0,0,0,0,0,0,-125000
053825,南電群益96購02  ,0,0,0,0,0,0,0,0,0,-126000,0,0,0,24000,150000,-126000,-126000
045355,聯鈞凱基92購01  ,0,0,0,0,0,0,0,0,0,-126000,0,0,0,80000,206000,-126000,-126000
045512,訊芯凱基92購01  ,0,0,0,0,0,0,0,0,0,-126000,0,0,0,0,126000,-126000,-126000
00668,國泰美國道瓊    ,0,10000,-10000,0,0,0,0,0,0,-116000,0,0,0,24000,140000,-116000,-126000
049171,台達電凱基94購03,0,0,0,0,0,0,0,0,0,-126000,0,0,0,6000,132000,-126000,-126000
047067,啟碁凱基93購01  ,0,0,0,0,0,0,0,0,0,-126000,0,0,0,0,126000,-126000,-126000
051035,百和兆豐95購01  ,0,0,0,0,0,0,0,0,0,-126000,0,0,0,111000,237000,-126000,-126000
051224,華通群益96購03  ,0,0,0,0,0,0,0,0,0,-126000,0,0,0,6000,132000,-126000,-126000
052275,日月光群益95購01,0,0,0,0,0,0,0,0,0,-126000,0,0,0,39000,165000,-126000,-126000
8249,菱光            ,7000,133000,-126000,0,0,0,0,0,0,0,0,0,0,0,0,0,-126000
05708P,奇力新國票97售04,0,0,0,0,0,0,0,0,0,-126000,0,0,0,0,126000,-126000,-126000
054470,緯穎國票97購04  ,0,0,0,0,0,0,0,0,0,-127000,0,0,0,0,127000,-127000,-127000
052674,智邦國泰98購01  ,0,0,0,0,0,0,0,0,0,-127000,0,0,0,180000,307000,-127000,-127000
053104,台表科元富96購02,0,0,0,0,0,0,0,0,0,-127000,0,0,0,0,127000,-127000,-127000
04708P,國巨元大94售11  ,0,0,0,0,0,0,0,0,0,-127000,0,0,0,28000,155000,-127000,-127000
047245,聯發科群益94購03,0,0,0,0,0,0,0,0,0,-127000,0,0,0,10000,137000,-127000,-127000
046118,高鐵元大92購01  ,0,0,0,0,0,0,0,0,0,-127000,0,0,0,95000,222000,-127000,-127000
049142,智邦元大94購01  ,0,0,0,0,0,0,0,0,0,-127000,0,0,0,62000,189000,-127000,-127000
049286,美律兆豐94購01  ,0,0,0,0,0,0,0,0,0,-127000,0,0,0,0,127000,-127000,-127000
051500,聯茂群益95購01  ,0,0,0,0,0,0,0,0,0,-127000,0,0,0,117000,244000,-127000,-127000
052463,聯電統一96購01  ,0,0,0,0,0,0,0,0,0,-128000,0,0,0,31000,159000,-128000,-128000
053931,楠梓電統一96購01,0,0,0,0,0,0,0,0,0,-128000,0,0,0,0,128000,-128000,-128000
054135,大立光元大97購04,0,0,0,0,0,0,0,0,0,-128000,0,0,0,24000,152000,-128000,-128000
03769P,聯發科元大93售04,0,0,0,0,0,0,0,0,0,-128000,0,0,0,873000,1001000,-128000,-128000
048984,上緯控元大94購01,0,0,0,0,0,0,0,0,0,-128000,0,0,0,0,128000,-128000,-128000
050814,微星凱基95購01  ,0,0,0,0,0,0,0,0,0,-128000,0,0,0,0,128000,-128000,-128000
05964P,華通凱基96售06  ,0,0,0,0,0,0,0,0,0,-128000,0,0,0,27000,155000,-128000,-128000
4942,嘉彰            ,8000,138000,-130000,0,0,0,0,0,0,2000,2000,0,2000,0,0,0,-128000
045483,智邦第一92購01  ,0,0,0,0,0,0,0,0,0,-129000,0,0,0,0,129000,-129000,-129000
044605,超眾國泰93購02  ,0,0,0,0,0,0,0,0,0,-129000,0,0,0,105000,234000,-129000,-129000
047808,智邦凱基93購07  ,0,0,0,0,0,0,0,0,0,-129000,0,0,0,1000,130000,-129000,-129000
048276,旺宏永豐94購01  ,0,0,0,0,0,0,0,0,0,-129000,0,0,0,0,129000,-129000,-129000
046251,宏達電群益92購03,0,0,0,0,0,0,0,0,0,-129000,0,0,0,3000,132000,-129000,-129000
049913,微星元大94購01  ,0,0,0,0,0,0,0,0,0,-129000,0,0,0,0,129000,-129000,-129000
050214,嘉晶台新94購01  ,0,0,0,0,0,0,0,0,0,-129000,0,0,0,75000,204000,-129000,-129000
051076,緯創國泰96購01  ,0,0,0,0,0,0,0,0,0,-129000,0,0,0,153000,282000,-129000,-129000
052011,欣興中信96購01  ,0,0,0,0,0,0,0,0,0,-129000,0,0,0,0,129000,-129000,-129000
3450,聯鈞            ,514000,1501000,-987000,0,0,0,100000,0,100000,758000,58000,20000,38000,774000,54000,720000,-129000
05403P,台積電富邦95售08,0,0,0,0,0,0,0,0,0,-130000,0,0,0,20000,150000,-130000,-130000
052776,力山國票97購01  ,0,0,0,0,0,0,0,0,0,-130000,0,0,0,0,130000,-130000,-130000
045206,創意國泰93購02  ,0,0,0,0,0,0,0,0,0,-130000,0,0,0,184000,314000,-130000,-130000
04408P,台積電統一94售06,0,0,0,0,0,0,0,0,0,-130000,0,0,0,0,130000,-130000,-130000
03026P,國巨元大01售13  ,0,0,0,0,0,0,0,0,0,-130000,0,0,0,20000,150000,-130000,-130000
041974,元油2X中信92購01,0,0,0,0,0,0,0,0,0,-130000,0,0,0,0,130000,-130000,-130000
047177,上銀元大93購05  ,0,0,0,0,0,0,0,0,0,-130000,0,0,0,86000,216000,-130000,-130000
051897,台光電國泰97購01,0,0,0,0,0,0,0,0,0,-130000,0,0,0,73000,203000,-130000,-130000
052043,瑞昱日盛95購01  ,0,0,0,0,0,0,0,0,0,-130000,0,0,0,79000,209000,-130000,-130000
051265,鴻海富邦96購04  ,0,0,0,0,0,0,0,0,0,-130000,0,0,0,20000,150000,-130000,-130000
050065,冠德凱基94購01  ,0,0,0,0,0,0,0,0,0,-130000,0,0,0,0,130000,-130000,-130000
049850,上緯控群益94購01,0,0,0,0,0,0,0,0,0,-130000,0,0,0,0,130000,-130000,-130000
050852,矽創國票95購02  ,0,0,0,0,0,0,0,0,0,-130000,0,0,0,5000,135000,-130000,-130000
3583,辛耘            ,88000,118000,-30000,0,0,0,0,100000,-100000,0,0,0,0,0,0,0,-130000
054766,智原國票98購01  ,0,0,0,0,0,0,0,0,0,-131000,0,0,0,4000,135000,-131000,-131000
9934,成霖            ,27000,157000,-130000,0,0,0,0,0,0,-1000,0,1000,-1000,0,0,0,-131000
053011,鴻海統一98購01  ,0,0,0,0,0,0,0,0,0,-132000,0,0,0,0,132000,-132000,-132000
053260,喬山群益96購01  ,0,0,0,0,0,0,0,0,0,-132000,0,0,0,11000,143000,-132000,-132000
049042,玉晶光兆豐95購01,0,0,0,0,0,0,0,0,0,-132000,0,0,0,34000,166000,-132000,-132000
048663,聯發科統一96購01,0,0,0,0,0,0,0,0,0,-132000,0,0,0,1000,133000,-132000,-132000
04837P,華新科元大94售05,0,0,0,0,0,0,0,0,0,-132000,0,0,0,20000,152000,-132000,-132000
04745P,祥碩元大94售04  ,0,0,0,0,0,0,0,0,0,-132000,0,0,0,229000,361000,-132000,-132000
049730,滬深2X群益94購02,0,0,0,0,0,0,0,0,0,-132000,0,0,0,1000,133000,-132000,-132000
051928,大立光中信96購03,0,0,0,0,0,0,0,0,0,-132000,0,0,0,63000,195000,-132000,-132000
051926,聯電中信97購01  ,0,0,0,0,0,0,0,0,0,-132000,0,0,0,1000,133000,-132000,-132000
2637,慧洋-KY         ,148000,218000,-70000,0,0,0,0,0,0,-62000,6000,100000,-94000,32000,0,32000,-132000
053595,創意元大96購02  ,0,0,0,0,0,0,0,0,0,-133000,0,0,0,235000,368000,-133000,-133000
053861,台光電元大98購01,0,0,0,0,0,0,0,0,0,-133000,0,0,0,23000,156000,-133000,-133000
053715,美律凱基96購04  ,0,0,0,0,0,0,0,0,0,-133000,0,0,0,10000,143000,-133000,-133000
044957,貿聯凱基92購01  ,0,0,0,0,0,0,0,0,0,-133000,0,0,0,87000,220000,-133000,-133000
04953P,台積電群益94售13,0,0,0,0,0,0,0,0,0,-133000,0,0,0,95000,228000,-133000,-133000
049557,南電元富94購02  ,0,0,0,0,0,0,0,0,0,-133000,0,0,0,0,133000,-133000,-133000
04948P,瑞儀元大94售03  ,0,0,0,0,0,0,0,0,0,-133000,0,0,0,0,133000,-133000,-133000
047770,聯詠元大93購10  ,0,0,0,0,0,0,0,0,0,-134000,0,0,0,70000,204000,-134000,-134000
052314,鴻海元大96購11  ,0,0,0,0,0,0,0,0,0,-134000,0,0,0,70000,204000,-134000,-134000
051355,聯發科元大96購01,0,0,0,0,0,0,0,0,0,-134000,0,0,0,56000,190000,-134000,-134000
05584P,臺股指凱基96售13,0,0,0,0,0,0,0,0,0,-134000,0,0,0,238000,372000,-134000,-134000
053387,緯創元大97購01  ,0,0,0,0,0,0,0,0,0,-135000,0,0,0,48000,183000,-135000,-135000
053079,世紀鋼永豐96購01,0,0,0,0,0,0,0,0,0,-135000,0,0,0,99000,234000,-135000,-135000
052783,台郡國票97購01  ,0,0,0,0,0,0,0,0,0,-135000,0,0,0,31000,166000,-135000,-135000
05274P,嘉聯益亞東95售01,0,0,0,0,0,0,0,0,0,-135000,0,0,0,55000,190000,-135000,-135000
048956,美食康和94購01  ,0,0,0,0,0,0,0,0,0,-135000,0,0,0,0,135000,-135000,-135000
047954,漢唐永豐93購02  ,0,0,0,0,0,0,0,0,0,-135000,0,0,0,25000,160000,-135000,-135000
051430,瑞昱元富95購02  ,0,0,0,0,0,0,0,0,0,-135000,0,0,0,0,135000,-135000,-135000
051156,鴻海富邦97購01  ,0,0,0,0,0,0,0,0,0,-135000,0,0,0,122000,257000,-135000,-135000
049690,義隆元大95購02  ,0,0,0,0,0,0,0,0,0,-135000,0,0,0,0,135000,-135000,-135000
050161,鴻海國泰96購03  ,0,0,0,0,0,0,0,0,0,-135000,0,0,0,13000,148000,-135000,-135000
050953,臻鼎群益95購01  ,0,0,0,0,0,0,0,0,0,-135000,0,0,0,0,135000,-135000,-135000
054958,亞光元大97購03  ,0,0,0,0,0,0,0,0,0,-135000,0,0,0,6000,141000,-135000,-135000
3047,訊舟            ,0,140000,-140000,0,0,0,0,0,0,5000,5000,0,5000,0,0,0,-135000
05253P,智邦凱基95售08  ,0,0,0,0,0,0,0,0,0,-136000,0,0,0,14000,150000,-136000,-136000
053640,上緯控永豐96購01,0,0,0,0,0,0,0,0,0,-136000,0,0,0,0,136000,-136000,-136000
048045,上銀永豐93購02  ,0,0,0,0,0,0,0,0,0,-136000,0,0,0,0,136000,-136000,-136000
044531,欣興富邦93購01  ,0,0,0,0,0,0,0,0,0,-136000,0,0,0,0,136000,-136000,-136000
04589P,祥碩永豐94售01  ,0,0,0,0,0,0,0,0,0,-136000,0,0,0,115000,251000,-136000,-136000
048726,儒鴻麥證95購01  ,0,0,0,2000,138000,-136000,0,0,0,-136000,0,0,0,2000,138000,-136000,-136000
04737P,正崴永豐94售02  ,0,0,0,0,0,0,0,0,0,-136000,0,0,0,0,136000,-136000,-136000
046106,致新永豐92購01  ,0,0,0,0,0,0,0,0,0,-136000,0,0,0,5000,141000,-136000,-136000
050763,楠梓電元大94購03,0,0,0,0,0,0,0,0,0,-136000,0,0,0,56000,192000,-136000,-136000
3056,總太            ,46000,182000,-136000,0,0,0,0,0,0,0,0,0,0,0,0,0,-136000
2457,飛宏            ,14000,152000,-138000,0,0,0,0,0,0,2000,2000,0,2000,0,0,0,-136000
054239,台郡群益96購02  ,0,0,0,0,0,0,0,0,0,-137000,0,0,0,95000,232000,-137000,-137000
053161,康友元大96購04  ,0,0,0,0,0,0,0,0,0,-137000,0,0,0,228000,365000,-137000,-137000
053346,群創國票97購04  ,0,0,0,0,0,0,0,0,0,-137000,0,0,0,36000,173000,-137000,-137000
045283,上銀永豐92購01  ,0,0,0,0,0,0,0,0,0,-137000,0,0,0,12000,149000,-137000,-137000
050729,聯鈞國票94購01  ,0,0,0,0,0,0,0,0,0,-137000,0,0,0,200000,337000,-137000,-137000
052772,台虹群益96購01  ,0,0,0,0,0,0,0,0,0,-138000,0,0,0,80000,218000,-138000,-138000
053655,全新凱基98購02  ,0,0,0,0,0,0,0,0,0,-138000,0,0,0,98000,236000,-138000,-138000
00680L,元大美債20正2   ,0,12000,-12000,0,0,0,0,0,0,-126000,0,0,0,75000,201000,-126000,-138000
04345P,景碩國泰94售02  ,0,0,0,0,0,0,0,0,0,-138000,0,0,0,119000,257000,-138000,-138000
04449P,智邦凱基94售01  ,0,0,0,0,0,0,0,0,0,-138000,0,0,0,0,138000,-138000,-138000
3062,建漢            ,131000,275000,-144000,0,0,0,0,0,0,6000,6000,0,6000,0,0,0,-138000
054152,漢唐國泰98購02  ,0,0,0,0,0,0,0,0,0,-139000,0,0,0,290000,429000,-139000,-139000
03793P,超眾永豐93售01  ,0,0,0,0,0,0,0,0,0,-139000,0,0,0,0,139000,-139000,-139000
052976,台表科群益96購03,0,0,0,0,0,0,0,0,0,-140000,0,0,0,17000,157000,-140000,-140000
043750,美律元大93購01  ,0,0,0,0,0,0,0,0,0,-140000,0,0,0,24000,164000,-140000,-140000
044282,上銀凱基93購03  ,0,0,0,0,0,0,0,0,0,-140000,0,0,0,22000,162000,-140000,-140000
047121,訊芯元大93購03  ,0,0,0,0,0,0,0,0,0,-140000,0,0,0,13000,153000,-140000,-140000
047864,信邦康和93購01  ,0,0,0,0,0,0,0,0,0,-140000,0,0,0,0,140000,-140000,-140000
047527,高鐵元大93購02  ,0,0,0,0,0,0,0,0,0,-140000,0,0,0,0,140000,-140000,-140000
046405,京元電元大92購07,0,0,0,0,0,0,0,0,0,-140000,0,0,0,0,140000,-140000,-140000
050913,全新中信97購01  ,0,0,0,0,0,0,0,0,0,-140000,0,0,0,45000,185000,-140000,-140000
052137,台表科凱基96購02,0,0,0,0,0,0,0,0,0,-140000,0,0,0,40000,180000,-140000,-140000
05197P,智原永豐95售02  ,0,0,0,0,0,0,0,0,0,-140000,0,0,0,10000,150000,-140000,-140000
05173P,臺股指元大95售17,0,0,0,0,0,0,0,0,0,-140000,0,0,0,0,140000,-140000,-140000
053015,緯創統一96購01  ,0,0,0,0,0,0,0,0,0,-141000,0,0,0,0,141000,-141000,-141000
045571,元油2X元大95購04,0,0,0,0,0,0,0,0,0,-141000,0,0,0,0,141000,-141000,-141000
048249,嘉澤兆豐94購01  ,0,0,0,0,0,0,0,0,0,-141000,0,0,0,0,141000,-141000,-141000
046894,日月光群益93購01,0,0,0,0,0,0,0,0,0,-141000,0,0,0,25000,166000,-141000,-141000
052270,力成日盛95購01  ,0,0,0,0,0,0,0,0,0,-141000,0,0,0,55000,196000,-141000,-141000
1451,年興            ,8000,153000,-145000,0,0,0,0,0,0,4000,4000,0,4000,0,0,0,-141000
06139P,台積電中信99售02,0,0,0,0,0,0,0,0,0,-141000,0,0,0,0,141000,-141000,-141000
055140,晶相光永豐97購01,0,0,0,0,0,0,0,0,0,-141000,0,0,0,0,141000,-141000,-141000
053466,華通元大98購01  ,0,0,0,0,0,0,0,0,0,-142000,0,0,0,73000,215000,-142000,-142000
054800,訊芯群益99購01  ,0,0,0,0,0,0,0,0,0,-142000,0,0,0,25000,167000,-142000,-142000
045043,台達電凱基93購01,0,0,0,0,0,0,0,0,0,-142000,0,0,0,218000,360000,-142000,-142000
050750,上銀統一94購02  ,0,0,0,0,0,0,0,0,0,-142000,0,0,0,42000,184000,-142000,-142000
050562,瑞昱元富94購02  ,0,0,0,0,0,0,0,0,0,-142000,0,0,0,109000,251000,-142000,-142000
050287,台達電凱基94購10,0,0,0,0,0,0,0,0,0,-142000,0,0,0,0,142000,-142000,-142000
06136P,華新科國泰99售02,0,0,0,0,0,0,0,0,0,-142000,0,0,0,86000,228000,-142000,-142000
054635,台達電中信98購01,0,0,0,0,0,0,0,0,0,-143000,0,0,0,50000,193000,-143000,-143000
053095,台光電統一98購01,0,0,0,0,0,0,0,0,0,-143000,0,0,0,10000,153000,-143000,-143000
044212,鴻海凱基93購04  ,0,0,0,0,0,0,0,0,0,-143000,0,0,0,30000,173000,-143000,-143000
047591,訊芯永豐93購02  ,0,0,0,0,0,0,0,0,0,-143000,0,0,0,302000,445000,-143000,-143000
046348,嘉澤兆豐93購01  ,0,0,0,0,0,0,0,0,0,-143000,0,0,0,17000,160000,-143000,-143000
054559,台光電群益99購01,0,0,0,0,0,0,0,0,0,-144000,0,0,0,7000,151000,-144000,-144000
054240,訊芯群益96購03  ,0,0,0,0,0,0,0,0,0,-144000,0,0,0,155000,299000,-144000,-144000
044326,大立光元富91購03,0,0,0,0,0,0,0,0,0,-144000,0,0,0,62000,206000,-144000,-144000
03629C,元油2X元富98牛06,0,0,0,0,0,0,0,0,0,-144000,0,0,0,2000,146000,-144000,-144000
046881,智原富邦99購01  ,0,0,0,0,0,0,0,0,0,-144000,0,0,0,72000,216000,-144000,-144000
050566,高股息中信97購02,0,0,0,0,0,0,0,0,0,-144000,0,0,0,15000,159000,-144000,-144000
050342,華通元富94購02  ,0,0,0,0,0,0,0,0,0,-144000,0,0,0,34000,178000,-144000,-144000
053976,亞光元大96購02  ,0,0,0,0,0,0,0,0,0,-145000,0,0,0,34000,179000,-145000,-145000
052506,日月光日盛95購01,0,0,0,0,0,0,0,0,0,-145000,0,0,0,9000,154000,-145000,-145000
00830,國泰費城半導體  ,0,307000,-307000,0,0,0,0,0,0,162000,320000,0,320000,160000,318000,-158000,-145000
045624,緯穎永豐92購01  ,0,0,0,0,0,0,0,0,0,-145000,0,0,0,31000,176000,-145000,-145000
050753,百和統一94購01  ,0,0,0,0,0,0,0,0,0,-145000,0,0,0,89000,234000,-145000,-145000
050847,創意國票96購01  ,0,0,0,0,0,0,0,0,0,-145000,0,0,0,0,145000,-145000,-145000
049885,緯穎永豐94購01  ,0,0,0,0,0,0,0,0,0,-145000,0,0,0,107000,252000,-145000,-145000
049876,智邦永豐94購01  ,0,0,0,0,0,0,0,0,0,-145000,0,0,0,0,145000,-145000,-145000
05951P,台積電國票97售05,0,0,0,0,0,0,0,0,0,-145000,0,0,0,0,145000,-145000,-145000
055123,億光兆豐97購01  ,0,0,0,0,0,0,0,0,0,-145000,0,0,0,0,145000,-145000,-145000
053131,華通國票97購03  ,0,0,0,0,0,0,0,0,0,-146000,0,0,0,15000,161000,-146000,-146000
054244,華新元大96購01  ,0,0,0,0,0,0,0,0,0,-146000,0,0,0,3000,149000,-146000,-146000
054881,光罩統一97購01  ,0,0,0,0,0,0,0,0,0,-146000,0,0,0,4000,150000,-146000,-146000
044065,亞光元大92購02  ,0,0,0,0,0,0,0,0,0,-146000,0,0,0,6000,152000,-146000,-146000
05035P,聯發科元大95售06,0,0,0,0,0,0,0,0,0,-146000,0,0,0,270000,416000,-146000,-146000
05463P,創意國票96售04  ,0,0,0,0,0,0,0,0,0,-147000,0,0,0,3000,150000,-147000,-147000
052611,力成元大96購02  ,0,0,0,0,0,0,0,0,0,-147000,0,0,0,32000,179000,-147000,-147000
051325,台光電台新96購01,0,0,0,0,0,0,0,0,0,-147000,0,0,0,0,147000,-147000,-147000
055028,佐登國泰98購01  ,0,0,0,0,0,0,0,0,0,-147000,0,0,0,41000,188000,-147000,-147000
05551P,電子類元大96售01,0,0,0,0,0,0,0,0,0,-147000,0,0,0,156000,303000,-147000,-147000
052912,日月光統一96購01,0,0,0,0,0,0,0,0,0,-148000,0,0,0,53000,201000,-148000,-148000
053352,義隆兆豐96購01  ,0,0,0,0,0,0,0,0,0,-148000,0,0,0,0,148000,-148000,-148000
045535,A50正2群益94購01,0,0,0,0,0,0,0,0,0,-148000,0,0,0,0,148000,-148000,-148000
00710B,FH彭博高收益債  ,0,0,0,0,0,0,0,0,0,-148000,0,0,0,312000,460000,-148000,-148000
047107,上銀元大93購04  ,0,0,0,0,0,0,0,0,0,-148000,0,0,0,159000,307000,-148000,-148000
051896,柏文元富95購01  ,0,0,0,0,0,0,0,0,0,-148000,0,0,0,0,148000,-148000,-148000
045182,瑞昱統一92購05  ,0,0,0,0,0,0,0,0,0,-149000,0,0,0,50000,199000,-149000,-149000
046661,冠德元大93購01  ,0,0,0,0,0,0,0,0,0,-149000,0,0,0,71000,220000,-149000,-149000
050476,瑞儀永豐94購01  ,0,0,0,0,0,0,0,0,0,-149000,0,0,0,0,149000,-149000,-149000
2355,敬鵬            ,28000,181000,-153000,0,0,0,0,0,0,4000,5000,1000,4000,0,0,0,-149000
053162,緯穎元大97購01  ,0,0,0,0,0,0,0,0,0,-150000,0,0,0,94000,244000,-150000,-150000
054846,瑞昱兆豐97購01  ,0,0,0,0,0,0,0,0,0,-150000,0,0,0,10000,160000,-150000,-150000
054405,樺漢康和96購01  ,0,0,0,0,0,0,0,0,0,-150000,0,0,0,70000,220000,-150000,-150000
054114,新光金台新97購01,0,0,0,0,0,0,0,0,0,-150000,0,0,0,0,150000,-150000,-150000
03955P,華通統一93售04  ,0,0,0,0,0,0,0,0,0,-150000,0,0,0,500000,650000,-150000,-150000
03223P,華通凱基03售03  ,0,0,0,0,0,0,0,0,0,-150000,0,0,0,0,150000,-150000,-150000
045814,可成麥證93購01  ,0,0,0,20000,170000,-150000,0,0,0,-150000,0,0,0,20000,170000,-150000,-150000
04215P,鴻海國票93售02  ,0,0,0,0,0,0,0,0,0,-150000,0,0,0,0,150000,-150000,-150000
04103P,臺股指國票93售10,0,0,0,0,0,0,0,0,0,-150000,0,0,0,15000,165000,-150000,-150000
04288P,台積電中信95售06,0,0,0,0,0,0,0,0,0,-150000,0,0,0,0,150000,-150000,-150000
046522,樺漢元大92購03  ,0,0,0,0,0,0,0,0,0,-150000,0,0,0,5000,155000,-150000,-150000
048476,同欣電永豐93購01,0,0,0,0,0,0,0,0,0,-150000,0,0,0,78000,228000,-150000,-150000
048889,牧德元富94購03  ,0,0,0,0,0,0,0,0,0,-150000,0,0,0,35000,185000,-150000,-150000
048966,佳世達元大95購01,0,0,0,0,0,0,0,0,0,-150000,0,0,0,33000,183000,-150000,-150000
050429,漢唐凱基94購04  ,0,0,0,0,0,0,0,0,0,-150000,0,0,0,16000,166000,-150000,-150000
08506P,台灣50中信96售02,0,0,0,0,0,0,0,0,0,-150000,0,0,0,0,150000,-150000,-150000
053858,台達電元大96購05,0,0,0,0,0,0,0,0,0,-151000,0,0,0,34000,185000,-151000,-151000
054443,樺漢台新96購02  ,0,0,0,0,0,0,0,0,0,-151000,0,0,0,0,151000,-151000,-151000
052847,漢唐統一99購01  ,0,0,0,0,0,0,0,0,0,-151000,0,0,0,0,151000,-151000,-151000
048844,訊芯凱基94購02  ,0,0,0,0,0,0,0,0,0,-151000,0,0,0,13000,164000,-151000,-151000
1905,華紙            ,10000,164000,-154000,0,0,0,0,0,0,3000,3000,0,3000,0,0,0,-151000
055065,神達永豐97購01  ,0,0,0,0,0,0,0,0,0,-151000,0,0,0,0,151000,-151000,-151000
05262P,台積電元大95售19,0,0,0,0,0,0,0,0,0,-152000,0,0,0,183000,335000,-152000,-152000
054659,亞光元大97購02  ,0,0,0,0,0,0,0,0,0,-152000,0,0,0,34000,186000,-152000,-152000
04298P,祥碩元大93售02  ,0,0,0,0,0,0,0,0,0,-152000,0,0,0,1000,153000,-152000,-152000
045643,臻鼎凱基93購01  ,0,0,0,0,0,0,0,0,0,-152000,0,0,0,15000,167000,-152000,-152000
048689,台光電群益94購01,0,0,0,0,0,0,0,0,0,-152000,0,0,0,24000,176000,-152000,-152000
050454,嘉澤元大94購04  ,0,0,0,0,0,0,0,0,0,-152000,0,0,0,48000,200000,-152000,-152000
050268,智原元大95購03  ,0,0,0,0,0,0,0,0,0,-152000,0,0,0,212000,364000,-152000,-152000
052250,光磊永豐95購01  ,0,0,0,0,0,0,0,0,0,-152000,0,0,0,110000,262000,-152000,-152000
052312,美律富邦96購02  ,0,0,0,0,0,0,0,0,0,-152000,0,0,0,50000,202000,-152000,-152000
052693,微星中信96購01  ,0,0,0,0,0,0,0,0,0,-153000,0,0,0,20000,173000,-153000,-153000
044463,全新兆豐93購01  ,0,0,0,0,0,0,0,0,0,-153000,0,0,0,10000,163000,-153000,-153000
049315,上緯控凱基94購03,0,0,0,0,0,0,0,0,0,-153000,0,0,0,0,153000,-153000,-153000
05167P,百和元富95售03  ,0,0,0,0,0,0,0,0,0,-153000,0,0,0,0,153000,-153000,-153000
050670,牧德永豐94購03  ,0,0,0,0,0,0,0,0,0,-153000,0,0,0,54000,207000,-153000,-153000
053839,華通統一96購01  ,0,0,0,0,0,0,0,0,0,-154000,0,0,0,196000,350000,-154000,-154000
045515,滬深2X統一92購01,0,0,0,0,0,0,0,0,0,-154000,0,0,0,100000,254000,-154000,-154000
044787,上銀群益93購01  ,0,0,0,0,0,0,0,0,0,-154000,0,0,0,16000,170000,-154000,-154000
04571P,華新科國泰95售03,0,0,0,0,0,0,0,0,0,-154000,0,0,0,110000,264000,-154000,-154000
046295,超眾統一92購01  ,0,0,0,0,0,0,0,0,0,-154000,0,0,0,0,154000,-154000,-154000
050033,日月光元大94購01,0,0,0,0,0,0,0,0,0,-154000,0,0,0,5000,159000,-154000,-154000
052450,嘉澤元大95購03  ,0,0,0,0,0,0,0,0,0,-155000,0,0,0,30000,185000,-155000,-155000
053173,矽格群益97購01  ,0,0,0,0,0,0,0,0,0,-155000,0,0,0,44000,199000,-155000,-155000
053469,光磊元大97購01  ,0,0,0,0,0,0,0,0,0,-155000,0,0,0,0,155000,-155000,-155000
044863,矽創兆豐93購01  ,0,0,0,0,0,0,0,0,0,-155000,0,0,0,0,155000,-155000,-155000
046043,日月光元大92購02,0,0,0,0,0,0,0,0,0,-155000,0,0,0,0,155000,-155000,-155000
04797P,華新科元大94售04,0,0,0,0,0,0,0,0,0,-155000,0,0,0,15000,170000,-155000,-155000
049427,瑞昱兆豐94購01  ,0,0,0,0,0,0,0,0,0,-155000,0,0,0,2000,157000,-155000,-155000
05006P,華通元富95售01  ,0,0,0,0,0,0,0,0,0,-155000,0,0,0,76000,231000,-155000,-155000
051692,深中小統一95購01,0,0,0,0,0,0,0,0,0,-155000,0,0,0,45000,200000,-155000,-155000
052276,力成群益96購01  ,0,0,0,0,0,0,0,0,0,-155000,0,0,0,5000,160000,-155000,-155000
052111,智原元富95購01  ,0,0,0,0,0,0,0,0,0,-155000,0,0,0,15000,170000,-155000,-155000
05867P,友達兆豐97售02  ,0,0,0,0,0,0,0,0,0,-155000,0,0,0,2000,157000,-155000,-155000
05934P,國巨凱基96售13  ,0,0,0,0,0,0,0,0,0,-155000,0,0,0,11000,166000,-155000,-155000
045874,東元元富92購01  ,0,0,0,0,0,0,0,0,0,-156000,0,0,0,0,156000,-156000,-156000
049264,奇鋐元大95購01  ,0,0,0,0,0,0,0,0,0,-156000,0,0,0,109000,265000,-156000,-156000
051924,聯茂日盛95購01  ,0,0,0,0,0,0,0,0,0,-156000,0,0,0,0,156000,-156000,-156000
04961P,貿聯凱基94售03  ,0,0,0,0,0,0,0,0,0,-156000,0,0,0,5000,161000,-156000,-156000
049640,大成鋼凱基94購02,0,0,0,0,0,0,0,0,0,-156000,0,0,0,0,156000,-156000,-156000
053153,大立光元大99購02,0,0,0,0,0,0,0,0,0,-157000,0,0,0,67000,224000,-157000,-157000
049530,上銀台新94購01  ,0,0,0,0,0,0,0,0,0,-158000,0,0,0,0,158000,-158000,-158000
2478,大毅            ,372000,884000,-512000,0,0,0,0,0,0,354000,206000,5000,201000,307000,154000,153000,-158000
055089,金寶群益98購01  ,0,0,0,0,0,0,0,0,0,-158000,0,0,0,0,158000,-158000,-158000
054564,玉晶光群益99購01,0,0,0,0,0,0,0,0,0,-159000,0,0,0,170000,329000,-159000,-159000
049460,宏達電元富94購01,0,0,0,0,0,0,0,0,0,-159000,0,0,0,0,159000,-159000,-159000
048912,牧德富邦94購01  ,0,0,0,0,0,0,0,0,0,-159000,0,0,0,79000,238000,-159000,-159000
055128,致新兆豐97購01  ,0,0,0,0,0,0,0,0,0,-159000,0,0,0,0,159000,-159000,-159000
053946,全新富邦97購02  ,0,0,0,0,0,0,0,0,0,-160000,0,0,0,105000,265000,-160000,-160000
045586,創意元大93購03  ,0,0,0,0,0,0,0,0,0,-160000,0,0,0,67000,227000,-160000,-160000
043396,世紀鋼元大93購01,0,0,0,0,0,0,0,0,0,-160000,0,0,0,0,160000,-160000,-160000
04021P,寶滬深元富93售01,0,0,0,0,0,0,0,0,0,-160000,0,0,0,40000,200000,-160000,-160000
04697P,臺股指元富94售03,0,0,0,0,0,0,0,0,0,-160000,0,0,0,0,160000,-160000,-160000
048723,世紀鋼永豐94購02,0,0,0,0,0,0,0,0,0,-160000,0,0,0,40000,200000,-160000,-160000
046362,華通永豐92購02  ,0,0,0,0,0,0,0,0,0,-160000,0,0,0,18000,178000,-160000,-160000
049601,矽創元大95購02  ,0,0,0,0,0,0,0,0,0,-160000,0,0,0,40000,200000,-160000,-160000
05546P,全新元大97售01  ,0,0,0,0,0,0,0,0,0,-160000,0,0,0,0,160000,-160000,-160000
054385,矽創群益98購01  ,0,0,0,0,0,0,0,0,0,-161000,0,0,0,300000,461000,-161000,-161000
04594P,緯穎元大94售04  ,0,0,0,0,0,0,0,0,0,-161000,0,0,0,105000,266000,-161000,-161000
05841P,華通元大96售04  ,0,0,0,0,0,0,0,0,0,-161000,0,0,0,116000,277000,-161000,-161000
8213,志超            ,19000,183000,-164000,0,0,0,0,0,0,3000,3000,0,3000,0,0,0,-161000
6196,帆宣            ,248000,379000,-131000,0,0,0,0,4000,-4000,-26000,2000,0,2000,3000,31000,-28000,-161000
053942,超眾國泰96購02  ,0,0,0,0,0,0,0,0,0,-162000,0,0,0,132000,294000,-162000,-162000
044134,訊芯凱基93購01  ,0,0,0,0,0,0,0,0,0,-162000,0,0,0,93000,255000,-162000,-162000
046230,亞光元大92購03  ,0,0,0,0,0,0,0,0,0,-162000,0,0,0,59000,221000,-162000,-162000
050150,國巨群益95購01  ,0,0,0,0,0,0,0,0,0,-162000,0,0,0,61000,223000,-162000,-162000
051725,緯穎永豐95購02  ,0,0,0,0,0,0,0,0,0,-162000,0,0,0,187000,349000,-162000,-162000
4960,誠美材          ,0,162000,-162000,0,0,0,0,0,0,0,0,0,0,0,0,0,-162000
047106,喬山元大93購01  ,0,0,0,0,0,0,0,0,0,-163000,0,0,0,15000,178000,-163000,-163000
053935,華通元富96購02  ,0,0,0,0,0,0,0,0,0,-164000,0,0,0,23000,187000,-164000,-164000
054612,慧洋永豐97購01  ,0,0,0,0,0,0,0,0,0,-164000,0,0,0,0,164000,-164000,-164000
051233,力成群益97購01  ,0,0,0,0,0,0,0,0,0,-164000,0,0,0,20000,184000,-164000,-164000
053169,貿聯群益97購01  ,0,0,0,0,0,0,0,0,0,-165000,0,0,0,106000,271000,-165000,-165000
045718,瑞昱凱基92購01  ,0,0,0,0,0,0,0,0,0,-165000,0,0,0,2000,167000,-165000,-165000
043048,金寶國泰93購01  ,0,0,0,0,0,0,0,0,0,-165000,0,0,0,2000,167000,-165000,-165000
048884,川湖元富94購01  ,0,0,0,0,0,0,0,0,0,-165000,0,0,0,1000,166000,-165000,-165000
04925P,和碩元大94售03  ,0,0,0,0,0,0,0,0,0,-165000,0,0,0,0,165000,-165000,-165000
051602,南茂兆豐96購01  ,0,0,0,0,0,0,0,0,0,-165000,0,0,0,117000,282000,-165000,-165000
051841,南茂國泰96購01  ,0,0,0,0,0,0,0,0,0,-165000,0,0,0,56000,221000,-165000,-165000
052208,力成麥證95購01  ,0,0,0,0,165000,-165000,0,0,0,-165000,0,0,0,0,165000,-165000,-165000
050333,鴻海國泰96購06  ,0,0,0,0,0,0,0,0,0,-165000,0,0,0,38000,203000,-165000,-165000
3703,欣陸            ,4000,169000,-165000,0,0,0,0,0,0,0,0,0,0,0,0,0,-165000
2606,裕民            ,96000,272000,-176000,0,0,0,11000,0,11000,0,23000,23000,0,0,0,0,-165000
047545,智邦凱基93購05  ,0,0,0,0,0,0,0,0,0,-166000,0,0,0,101000,267000,-166000,-166000
046665,智原元大93購01  ,0,0,0,0,0,0,0,0,0,-166000,0,0,0,299000,465000,-166000,-166000
050900,台郡元大95購02  ,0,0,0,0,0,0,0,0,0,-166000,0,0,0,27000,193000,-166000,-166000
047887,智原富邦97購01  ,0,0,0,0,0,0,0,0,0,-167000,0,0,0,70000,237000,-167000,-167000
06012P,世芯國票96售01  ,0,0,0,0,0,0,0,0,0,-167000,0,0,0,133000,300000,-167000,-167000
053323,群創群益98購07  ,0,0,0,0,0,0,0,0,0,-168000,0,0,0,531000,699000,-168000,-168000
050031,嘉澤元大95購01  ,0,0,0,0,0,0,0,0,0,-168000,0,0,0,41000,209000,-168000,-168000
053524,聯電中信97購02  ,0,0,0,0,0,0,0,0,0,-169000,0,0,0,0,169000,-169000,-169000
052735,燿華富邦98購01  ,0,0,0,0,0,0,0,0,0,-169000,0,0,0,240000,409000,-169000,-169000
051634,大立光國票96購03,0,0,0,0,0,0,0,0,0,-169000,0,0,0,15000,184000,-169000,-169000
051651,易華電永豐95購01,0,0,0,0,0,0,0,0,0,-169000,0,0,0,0,169000,-169000,-169000
051253,緯創元大95購02  ,0,0,0,0,0,0,0,0,0,-169000,0,0,0,13000,182000,-169000,-169000
05995P,T50正2中信9C售01,0,0,0,0,0,0,0,0,0,-169000,0,0,0,0,169000,-169000,-169000
052344,台表科凱基98購01,0,0,0,0,0,0,0,0,0,-170000,0,0,0,0,170000,-170000,-170000
05263P,台積電元大96售09,0,0,0,0,0,0,0,0,0,-170000,0,0,0,20000,190000,-170000,-170000
053293,聯發科中信9B購01,0,0,0,0,0,0,0,0,0,-170000,0,0,0,30000,200000,-170000,-170000
053036,聯電凱基98購01  ,0,0,0,0,0,0,0,0,0,-170000,0,0,0,58000,228000,-170000,-170000
054568,訊芯群益97購01  ,0,0,0,0,0,0,0,0,0,-170000,0,0,0,19000,189000,-170000,-170000
045075,長榮航元大92購01,0,0,0,0,0,0,0,0,0,-170000,0,0,0,0,170000,-170000,-170000
04206P,臺股指元大93售46,0,0,0,0,0,0,0,0,0,-170000,0,0,0,0,170000,-170000,-170000
04748P,臺股指元大94售23,0,0,0,0,0,0,0,0,0,-170000,0,0,0,100000,270000,-170000,-170000
049241,智邦元富94購01  ,0,0,0,0,0,0,0,0,0,-170000,0,0,0,3000,173000,-170000,-170000
050148,啟碁永豐94購01  ,0,0,0,0,0,0,0,0,0,-170000,0,0,0,0,170000,-170000,-170000
049735,台光電群益94購03,0,0,0,0,0,0,0,0,0,-170000,0,0,0,81000,251000,-170000,-170000
1305,華夏            ,15000,225720,-210720,0,0,0,0,0,0,40000,40000,0,40000,0,0,0,-170720
054611,全新永豐97購01  ,0,0,0,0,0,0,0,0,0,-171000,0,0,0,0,171000,-171000,-171000
054076,義隆第一96購01  ,0,0,0,0,0,0,0,0,0,-171000,0,0,0,0,171000,-171000,-171000
053205,台光電麥證96購01,0,0,0,112000,298000,-186000,0,0,0,-171000,0,0,0,128000,299000,-171000,-171000
046704,智原元富93購01  ,0,0,0,0,0,0,0,0,0,-171000,0,0,0,2000,173000,-171000,-171000
055018,緯穎元富97購02  ,0,0,0,0,0,0,0,0,0,-171000,0,0,0,0,171000,-171000,-171000
052386,鴻海群益96購02  ,0,0,0,0,0,0,0,0,0,-172000,0,0,0,88000,260000,-172000,-172000
052846,智邦統一97購01  ,0,0,0,0,0,0,0,0,0,-172000,0,0,0,215000,387000,-172000,-172000
043848,日月光國泰92購01,0,0,0,0,0,0,0,0,0,-172000,0,0,0,50000,222000,-172000,-172000
048946,崇越永豐94購01  ,0,0,0,0,0,0,0,0,0,-172000,0,0,0,2000,174000,-172000,-172000
04904P,奇力新永豐94售05,0,0,0,0,0,0,0,0,0,-172000,0,0,0,260000,432000,-172000,-172000
049819,百和元大94購02  ,0,0,0,0,0,0,0,0,0,-172000,0,0,0,21000,193000,-172000,-172000
050393,樺漢統一94購01  ,0,0,0,0,0,0,0,0,0,-172000,0,0,0,293000,465000,-172000,-172000
1795,美時            ,76000,270000,-194000,0,0,0,0,0,0,22000,32000,10000,22000,0,0,0,-172000
04413P,玉晶光元富94售01,0,0,0,0,0,0,0,0,0,-173000,0,0,0,17000,190000,-173000,-173000
04935P,鴻海中信96售01  ,0,0,0,0,0,0,0,0,0,-173000,0,0,0,216000,389000,-173000,-173000
052177,京鼎元大95購02  ,0,0,0,0,0,0,0,0,0,-173000,0,0,0,292000,465000,-173000,-173000
2399,映泰            ,81000,257000,-176000,0,0,0,0,0,0,3000,3000,0,3000,0,0,0,-173000
055047,南港永豐97購01  ,0,0,0,0,0,0,0,0,0,-173000,0,0,0,0,173000,-173000,-173000
046013,緯穎元富92購01  ,0,0,0,0,0,0,0,0,0,-174000,0,0,0,155000,329000,-174000,-174000
045287,元油2X元大95購01,0,0,0,0,0,0,0,0,0,-174000,0,0,0,10000,184000,-174000,-174000
052271,力成日盛95購02  ,0,0,0,0,0,0,0,0,0,-174000,0,0,0,0,174000,-174000,-174000
051773,元大金中信95購02,2000,0,2000,0,0,0,0,0,0,-176000,0,0,0,0,176000,-176000,-174000
051173,元油2X凱基98購01,0,0,0,0,0,0,0,0,0,-174000,0,0,0,11000,185000,-174000,-174000
050653,聯鈞凱基96購01  ,0,0,0,0,0,0,0,0,0,-174000,0,0,0,50000,224000,-174000,-174000
04991P,台表科元大94售05,0,0,0,0,0,0,0,0,0,-174000,0,0,0,5000,179000,-174000,-174000
3661,世芯-KY         ,216000,289000,-73000,0,0,0,0,92000,-92000,-9000,21000,33000,-12000,13000,10000,3000,-174000
053208,鴻海凱基96購13  ,0,0,0,0,0,0,0,0,0,-175000,0,0,0,35000,210000,-175000,-175000
054650,南亞麥證97購01  ,0,0,0,0,175000,-175000,0,0,0,-175000,0,0,0,0,175000,-175000,-175000
03874P,臺股指群益95售01,0,0,0,0,0,0,0,0,0,-175000,0,0,0,190000,365000,-175000,-175000
045235,致茂中信93購01  ,0,0,0,0,0,0,0,0,0,-175000,0,0,0,0,175000,-175000,-175000
046974,上銀台新93購01  ,0,0,0,0,0,0,0,0,0,-175000,0,0,0,1000,176000,-175000,-175000
055031,南港富邦99購01  ,0,0,0,0,0,0,0,0,0,-175000,0,0,0,67000,242000,-175000,-175000
1104,環泥            ,3000,178000,-175000,0,0,0,0,0,0,0,0,0,0,0,0,0,-175000
054843,中環兆豐97購01  ,0,0,0,0,0,0,0,0,0,-176000,0,0,0,10000,186000,-176000,-176000
047233,智原凱基93購01  ,0,0,0,0,0,0,0,0,0,-176000,0,0,0,60000,236000,-176000,-176000
047026,大毅元大93購02  ,0,0,0,0,0,0,0,0,0,-176000,0,0,0,62000,238000,-176000,-176000
04958P,和大凱基94售04  ,0,0,0,0,0,0,0,0,0,-176000,0,0,0,4000,180000,-176000,-176000
046663,亞光元大93購02  ,0,0,0,0,0,0,0,0,0,-176000,0,0,0,16000,192000,-176000,-176000
046672,聯茂元大93購01  ,0,0,0,0,0,0,0,0,0,-177000,0,0,0,97000,274000,-177000,-177000
047445,創意元大93購04  ,0,0,0,0,0,0,0,0,0,-177000,0,0,0,0,177000,-177000,-177000
049914,瑞昱元大94購06  ,0,0,0,0,0,0,0,0,0,-177000,0,0,0,68000,245000,-177000,-177000
050272,訊芯元大94購03  ,0,0,0,0,0,0,0,0,0,-177000,0,0,0,495000,672000,-177000,-177000
054161,友訊凱基98購01  ,0,0,0,0,0,0,0,0,0,-178000,0,0,0,12000,190000,-178000,-178000
048016,啟碁國票94購01  ,0,0,0,0,0,0,0,0,0,-178000,0,0,0,0,178000,-178000,-178000
049271,百和元大94購01  ,0,0,0,0,0,0,0,0,0,-178000,0,0,0,26000,204000,-178000,-178000
053829,力成麥證96購01  ,0,0,0,0,179000,-179000,0,0,0,-179000,0,0,0,0,179000,-179000,-179000
052453,崇越元大95購01  ,0,0,0,0,0,0,0,0,0,-179000,0,0,0,6000,185000,-179000,-179000
044537,上銀群益92購01  ,0,0,0,0,0,0,0,0,0,-179000,0,0,0,0,179000,-179000,-179000
048548,緯穎永豐93購02  ,0,0,0,0,0,0,0,0,0,-179000,0,0,0,44000,223000,-179000,-179000
05887P,友達元富99售03  ,0,0,0,0,0,0,0,0,0,-179000,0,0,0,0,179000,-179000,-179000
053568,智伸科富邦98購01,0,0,0,0,0,0,0,0,0,-180000,0,0,0,20000,200000,-180000,-180000
053364,友達國泰98購01  ,0,0,0,0,0,0,0,0,0,-180000,0,0,0,30000,210000,-180000,-180000
054208,台積電國票97購07,0,0,0,0,0,0,0,0,0,-180000,0,0,0,57000,237000,-180000,-180000
045570,元油2X元大92購02,0,0,0,0,0,0,0,0,0,-180000,0,0,0,0,180000,-180000,-180000
03252P,台積電台新02售01,0,0,0,0,0,0,0,0,0,-180000,0,0,0,1000,181000,-180000,-180000
048246,京元電兆豐93購02,0,0,0,0,0,0,0,0,0,-180000,0,0,0,0,180000,-180000,-180000
046497,鴻海元大92購17  ,0,0,0,0,0,0,0,0,0,-180000,0,0,0,4000,184000,-180000,-180000
049071,台達電凱基94購02,0,0,0,0,0,0,0,0,0,-180000,0,0,0,0,180000,-180000,-180000
049652,GIS凱基94購05   ,0,0,0,0,0,0,0,0,0,-180000,0,0,0,0,180000,-180000,-180000
051304,緯創凱基96購01  ,0,0,0,0,0,0,0,0,0,-180000,0,0,0,73000,253000,-180000,-180000
05479P,華新科台新96售01,0,0,0,0,0,0,0,0,0,-181000,0,0,0,220000,401000,-181000,-181000
052819,義隆永豐96購01  ,0,0,0,0,0,0,0,0,0,-181000,0,0,0,0,181000,-181000,-181000
048428,滬深2X國票93購05,0,0,0,0,0,0,0,0,0,-181000,0,0,0,0,181000,-181000,-181000
050530,台表科元大95購04,0,0,0,0,0,0,0,0,0,-181000,0,0,0,4000,185000,-181000,-181000
055231,大毅國票98購02  ,0,0,0,0,0,0,0,0,0,-181000,0,0,0,0,181000,-181000,-181000
054376,聯茂中信97購01  ,0,0,0,0,0,0,0,0,0,-182000,0,0,0,50000,232000,-182000,-182000
048630,南亞元大93購01  ,0,0,0,0,0,0,0,0,0,-182000,0,0,0,0,182000,-182000,-182000
046987,智邦凱基93購04  ,0,0,0,0,0,0,0,0,0,-182000,0,0,0,79000,261000,-182000,-182000
050758,聯發科元富9B購01,0,0,0,0,0,0,0,0,0,-182000,0,0,0,40000,222000,-182000,-182000
051025,晶華統一95購01  ,0,0,0,0,0,0,0,0,0,-182000,0,0,0,41000,223000,-182000,-182000
9910,豐泰            ,445000,606700,-161700,0,0,0,0,45000,-45000,24000,24000,0,24000,0,0,0,-182700
052352,力成元富95購01  ,0,0,0,0,0,0,0,0,0,-183000,0,0,0,1000,184000,-183000,-183000
053120,復盛中信9A購01  ,0,0,0,0,0,0,0,0,0,-183000,0,0,0,0,183000,-183000,-183000
046975,元金2X永豐93購01,0,0,0,0,0,0,0,0,0,-183000,0,0,0,18000,201000,-183000,-183000
048393,台光電國票93購02,0,0,0,0,0,0,0,0,0,-183000,0,0,0,380000,563000,-183000,-183000
048736,台達電統一94購01,0,0,0,0,0,0,0,0,0,-183000,0,0,0,112000,295000,-183000,-183000
052045,瑞昱凱基96購01  ,0,0,0,0,0,0,0,0,0,-183000,0,0,0,1000,184000,-183000,-183000
052790,智邦兆豐97購01  ,0,0,0,0,0,0,0,0,0,-184000,0,0,0,0,184000,-184000,-184000
054054,光磊國票97購02  ,0,0,0,0,0,0,0,0,0,-184000,0,0,0,2925000,3109000,-184000,-184000
046098,南茂國票92購01  ,0,0,0,0,0,0,0,0,0,-184000,0,0,0,4000,188000,-184000,-184000
049334,上銀統一94購01  ,0,0,0,0,0,0,0,0,0,-184000,0,0,0,10000,194000,-184000,-184000
054243,國喬元大96購01  ,0,0,0,0,0,0,0,0,0,-185000,0,0,0,53000,238000,-185000,-185000
03857P,聯發科元富99售02,0,0,0,0,0,0,0,0,0,-185000,0,0,0,0,185000,-185000,-185000
03415B,臺股指元大93熊49,0,0,0,0,0,0,0,0,0,-185000,0,0,0,101000,286000,-185000,-185000
047174,百和永豐93購01  ,0,0,0,0,0,0,0,0,0,-185000,0,0,0,0,185000,-185000,-185000
044592,元油2X國票93購02,0,0,0,0,0,0,0,0,0,-186000,0,0,0,10000,196000,-186000,-186000
04941P,台達電台新94售02,0,0,0,0,0,0,0,0,0,-186000,0,0,0,0,186000,-186000,-186000
051040,漢唐永豐95購01  ,0,0,0,0,0,0,0,0,0,-186000,0,0,0,25000,211000,-186000,-186000
051630,力山國票96購01  ,0,0,0,0,0,0,0,0,0,-186000,0,0,0,0,186000,-186000,-186000
055158,亞光元大99購01  ,0,0,0,0,0,0,0,0,0,-186000,0,0,0,18000,204000,-186000,-186000
053755,亞光元富96購01  ,0,0,0,0,0,0,0,0,0,-187000,0,0,0,15000,202000,-187000,-187000
053019,禾伸堂元富96購01,0,0,0,0,0,0,0,0,0,-187000,0,0,0,17000,204000,-187000,-187000
053294,聯發科中信9C購01,0,0,0,0,0,0,0,0,0,-187000,0,0,0,25000,212000,-187000,-187000
046694,智邦凱基93購01  ,0,0,0,0,0,0,0,0,0,-187000,0,0,0,118000,305000,-187000,-187000
2106,建大            ,14000,206000,-192000,0,0,0,0,0,0,5000,5000,0,5000,0,0,0,-187000
2841,台開            ,203000,399000,-196000,0,0,0,0,0,0,9000,9000,0,9000,0,0,0,-187000
05294P,亞光凱基95售02  ,0,0,0,0,0,0,0,0,0,-188000,0,0,0,625000,813000,-188000,-188000
048127,麗豐元大94購01  ,0,0,0,0,0,0,0,0,0,-188000,0,0,0,64000,252000,-188000,-188000
047449,南茂元大93購04  ,0,0,0,0,0,0,0,0,0,-188000,0,0,0,100000,288000,-188000,-188000
049056,玉晶光永豐95購03,0,0,0,0,0,0,0,0,0,-188000,0,0,0,460000,648000,-188000,-188000
2419,仲琦            ,149000,338000,-189000,0,0,0,0,0,0,1000,1000,0,1000,0,0,0,-188000
054430,上銀台新96購02  ,0,0,0,0,0,0,0,0,0,-189000,0,0,0,0,189000,-189000,-189000
054338,全新統一96購01  ,0,0,0,0,0,0,0,0,0,-189000,0,0,0,262000,451000,-189000,-189000
048981,牧德元大94購01  ,0,0,0,0,0,0,0,0,0,-189000,0,0,0,96000,285000,-189000,-189000
052181,南茂元大95購05  ,0,0,0,0,0,0,0,0,0,-189000,0,0,0,181000,370000,-189000,-189000
052251,台光電永豐95購03,0,0,0,0,0,0,0,0,0,-189000,0,0,0,5000,194000,-189000,-189000
052194,旺宏元富95購04  ,0,0,0,0,0,0,0,0,0,-189000,0,0,0,5000,194000,-189000,-189000
048031,全新凱基93購02  ,0,0,0,0,0,0,0,0,0,-190000,0,0,0,376000,566000,-190000,-190000
043524,亞光元大92購01  ,0,0,0,0,0,0,0,0,0,-190000,0,0,0,12000,202000,-190000,-190000
049508,上銀凱基94購04  ,0,0,0,0,0,0,0,0,0,-190000,0,0,0,10000,200000,-190000,-190000
04710P,台積電元大94售16,0,0,0,0,0,0,0,0,0,-190000,0,0,0,0,190000,-190000,-190000
048136,聯茂國票93購04  ,0,0,0,0,0,0,0,0,0,-190000,0,0,0,0,190000,-190000,-190000
051638,聯茂國票96購01  ,0,0,0,0,0,0,0,0,0,-190000,0,0,0,0,190000,-190000,-190000
053063,力山群益98購01  ,0,0,0,0,0,0,0,0,0,-191000,0,0,0,0,191000,-191000,-191000
04367P,滬深2X凱基95售04,0,0,0,0,0,0,0,0,0,-191000,0,0,0,142000,333000,-191000,-191000
048001,中工元大96購01  ,0,0,0,0,0,0,0,0,0,-191000,0,0,0,160000,351000,-191000,-191000
047015,上銀元大93購03  ,0,0,0,0,0,0,0,0,0,-191000,0,0,0,48000,239000,-191000,-191000
051640,GIS國票96購03   ,0,0,0,0,0,0,0,0,0,-191000,0,0,0,0,191000,-191000,-191000
051738,全新國票96購02  ,0,0,0,0,0,0,0,0,0,-191000,0,0,0,0,191000,-191000,-191000
044104,鴻海中信95購03  ,0,0,0,0,0,0,0,0,0,-192000,0,0,0,50000,242000,-192000,-192000
03418B,臺股指元大95熊20,0,0,0,0,0,0,0,0,0,-192000,0,0,0,324000,516000,-192000,-192000
044824,元油2X永豐93購02,0,0,0,0,0,0,0,0,0,-192000,0,0,0,15000,207000,-192000,-192000
047285,鴻海統一95購02  ,0,0,0,0,0,0,0,0,0,-192000,0,0,0,72000,264000,-192000,-192000
049144,瑞昱元大94購03  ,0,0,0,0,0,0,0,0,0,-192000,0,0,0,5000,197000,-192000,-192000
052817,楠梓電永豐96購02,0,0,0,0,0,0,0,0,0,-193000,0,0,0,0,193000,-193000,-193000
052664,麗豐國票96購02  ,0,0,0,0,0,0,0,0,0,-193000,0,0,0,0,193000,-193000,-193000
054343,世紀鋼元富96購02,0,0,0,0,0,0,0,0,0,-193000,0,0,0,0,193000,-193000,-193000
054256,創意元大96購07  ,0,0,0,0,0,0,0,0,0,-193000,0,0,0,132000,325000,-193000,-193000
045861,智邦統一93購02  ,0,0,0,0,0,0,0,0,0,-193000,0,0,0,263000,456000,-193000,-193000
047296,日月光元富96購01,0,0,0,0,0,0,0,0,0,-193000,0,0,0,77000,270000,-193000,-193000
05453P,智邦群益95售03  ,0,0,0,0,0,0,0,0,0,-194000,0,0,0,0,194000,-194000,-194000
054477,聯發科中信9C購02,0,0,0,0,0,0,0,0,0,-194000,0,0,0,9000,203000,-194000,-194000
053569,漢唐統一98購01  ,0,0,0,0,0,0,0,0,0,-194000,0,0,0,48000,242000,-194000,-194000
047194,世紀鋼元大96購01,0,0,0,0,0,0,0,0,0,-194000,0,0,0,0,194000,-194000,-194000
051328,力山永豐95購01  ,0,0,0,0,0,0,0,0,0,-194000,0,0,0,75000,269000,-194000,-194000
055032,億光富邦99購01  ,0,0,0,0,0,0,0,0,0,-194000,0,0,0,200000,394000,-194000,-194000
053184,世紀鋼元富96購01,0,0,0,0,0,0,0,0,0,-195000,0,0,0,37000,232000,-195000,-195000
054419,嘉聯益元大98購02,0,0,0,0,0,0,0,0,0,-195000,0,0,0,57000,252000,-195000,-195000
048383,元金2X國票99購01,0,0,0,0,0,0,0,0,0,-195000,0,0,0,0,195000,-195000,-195000
047522,微星元大93購02  ,0,0,0,0,0,0,0,0,0,-195000,0,0,0,5000,200000,-195000,-195000
052255,T50反1國泰96購01,0,0,0,0,0,0,0,0,0,-195000,0,0,0,0,195000,-195000,-195000
052154,緯創台新95購01  ,0,0,0,0,0,0,0,0,0,-195000,0,0,0,0,195000,-195000,-195000
054560,全新群益98購03  ,0,0,0,0,0,0,0,0,0,-196000,0,0,0,14000,210000,-196000,-196000
052455,樺漢元大96購03  ,0,0,0,0,0,0,0,0,0,-196000,0,0,0,4000,200000,-196000,-196000
045762,微星統一92購01  ,0,0,0,0,0,0,0,0,0,-196000,0,0,0,20000,216000,-196000,-196000
050581,美食國票94購02  ,0,0,0,0,0,0,0,0,0,-196000,0,0,0,151000,347000,-196000,-196000
053545,上銀凱基96購03  ,0,0,0,0,0,0,0,0,0,-197000,0,0,0,58000,255000,-197000,-197000
053771,華新元大97購01  ,0,0,0,0,0,0,0,0,0,-197000,0,0,0,17000,214000,-197000,-197000
048795,復盛元大94購01  ,0,0,0,0,0,0,0,0,0,-197000,0,0,0,12000,209000,-197000,-197000
053578,華新元大98購01  ,0,0,0,0,0,0,0,0,0,-198000,0,0,0,2000,200000,-198000,-198000
053754,英業達元富96購02,0,0,0,0,0,0,0,0,0,-199000,0,0,0,0,199000,-199000,-199000
045024,宏達電兆豐93購01,0,0,0,0,0,0,0,0,0,-199000,0,0,0,1000,200000,-199000,-199000
048865,世紀鋼群益94購01,0,0,0,0,0,0,0,0,0,-199000,0,0,0,0,199000,-199000,-199000
04717P,和大凱基94售02  ,0,0,0,0,0,0,0,0,0,-199000,0,0,0,1000,200000,-199000,-199000
052233,台郡凱基96購01  ,0,0,0,0,0,0,0,0,0,-199000,0,0,0,7000,206000,-199000,-199000
051920,南茂元大95購03  ,0,0,0,0,0,0,0,0,0,-199000,0,0,0,62000,261000,-199000,-199000
053768,S&P反1元大99購01,0,0,0,0,0,0,0,0,0,-200000,0,0,0,0,200000,-200000,-200000
053819,大立光群益96購04,0,0,0,0,0,0,0,0,0,-200000,0,0,0,4000,204000,-200000,-200000
054316,矽創凱基97購01  ,0,0,0,0,0,0,0,0,0,-200000,0,0,0,0,200000,-200000,-200000
053214,冠德凱基96購02  ,0,0,0,0,0,0,0,0,0,-200000,0,0,0,0,200000,-200000,-200000
052931,麗豐元大97購01  ,0,0,0,0,0,0,0,0,0,-200000,0,0,0,0,200000,-200000,-200000
047693,T50反1國票95購01,0,0,0,0,0,0,0,0,0,-200000,0,0,0,0,200000,-200000,-200000
044620,上銀元大92購04  ,0,0,0,0,0,0,0,0,0,-200000,0,0,0,0,200000,-200000,-200000
04444P,玉晶光永豐94售06,0,0,0,0,0,0,0,0,0,-200000,0,0,0,0,200000,-200000,-200000
042350,力山元大92購01  ,0,0,0,0,0,0,0,0,0,-200000,0,0,0,0,200000,-200000,-200000
03492P,創意元大02售03  ,0,0,0,0,0,0,0,0,0,-200000,0,0,0,0,200000,-200000,-200000
043454,上銀元大92購02  ,0,0,0,0,0,0,0,0,0,-200000,0,0,0,50000,250000,-200000,-200000
047092,志超元富93購01  ,0,0,0,0,0,0,0,0,0,-200000,0,0,0,0,200000,-200000,-200000
049296,義隆群益96購01  ,0,0,0,0,0,0,0,0,0,-200000,0,0,0,0,200000,-200000,-200000
049317,啟碁凱基94購02  ,0,0,0,0,0,0,0,0,0,-200000,0,0,0,0,200000,-200000,-200000
04875P,台積電中信94售04,0,0,0,0,0,0,0,0,0,-200000,0,0,0,0,200000,-200000,-200000
04669P,臺股指國票94售08,0,0,0,0,0,0,0,0,0,-200000,0,0,0,0,200000,-200000,-200000
046747,華新凱基93購02  ,0,0,0,0,0,0,0,0,0,-200000,0,0,0,0,200000,-200000,-200000
046380,神基凱基93購01  ,0,0,0,0,0,0,0,0,0,-200000,0,0,0,0,200000,-200000,-200000
051972,廣達凱基95購02  ,0,0,0,0,0,0,0,0,0,-200000,0,0,0,0,200000,-200000,-200000
051368,國泰金富邦97購01,0,0,0,0,0,0,0,0,0,-200000,0,0,0,0,200000,-200000,-200000
050807,群臺反凱基95購01,0,0,0,0,0,0,0,0,0,-200000,0,0,0,0,200000,-200000,-200000
049650,啟碁凱基94購03  ,0,0,0,0,0,0,0,0,0,-200000,0,0,0,0,200000,-200000,-200000
049820,世紀鋼元大96購03,0,0,0,0,0,0,0,0,0,-200000,0,0,0,0,200000,-200000,-200000
050237,智邦凱基94購03  ,0,0,0,0,0,0,0,0,0,-200000,0,0,0,0,200000,-200000,-200000
054955,宏達電元大98購01,0,0,0,0,0,0,0,0,0,-200000,0,0,0,0,200000,-200000,-200000
055164,矽創元大98購01  ,0,0,0,0,0,0,0,0,0,-200000,0,0,0,11000,211000,-200000,-200000
046389,百和凱基93購04  ,0,0,0,0,0,0,0,0,0,-201000,0,0,0,18000,219000,-201000,-201000
049944,日月光第一94購01,0,0,0,0,0,0,0,0,0,-201000,0,0,0,0,201000,-201000,-201000
051993,和碩元大95購03  ,0,0,0,0,0,0,0,0,0,-201000,0,0,0,62000,263000,-201000,-201000
3036,文曄            ,687000,470052,216948,0,0,0,26000,0,26000,-444000,5000,464000,-459000,20000,5000,15000,-201052
3645,達邁            ,40000,189650,-149650,0,0,0,0,0,0,-52000,0,52000,-52000,0,0,0,-201650
054224,亞光統一98購01  ,0,0,0,0,0,0,0,0,0,-202000,0,0,0,135000,337000,-202000,-202000
049243,佳世達元富96購02,0,0,0,0,0,0,0,0,0,-202000,0,0,0,20000,222000,-202000,-202000
049994,聯茂台新94購02  ,0,0,0,0,0,0,0,0,0,-202000,0,0,0,0,202000,-202000,-202000
3380,明泰            ,213000,374000,-161000,0,0,0,0,0,0,-41000,7000,62000,-55000,14000,0,14000,-202000
06174P,國巨元大97售07  ,0,0,0,0,0,0,0,0,0,-202000,0,0,0,0,202000,-202000,-202000
05987P,健策統一96售02  ,0,0,0,0,0,0,0,0,0,-202000,0,0,0,30000,232000,-202000,-202000
052490,禾伸堂國票95購01,0,0,0,0,0,0,0,0,0,-203000,0,0,0,0,203000,-203000,-203000
053083,中環元大99購01  ,0,0,0,0,0,0,0,0,0,-203000,0,0,0,20000,223000,-203000,-203000
049573,長榮航統一95購01,0,0,0,0,0,0,0,0,0,-203000,0,0,0,1000,204000,-203000,-203000
049867,日月光兆豐94購01,0,0,0,0,0,0,0,0,0,-203000,0,0,0,70000,273000,-203000,-203000
051547,健鼎康和95購01  ,0,0,0,0,0,0,0,0,0,-203000,0,0,0,0,203000,-203000,-203000
05901P,臺股指凱基9C售01,0,0,0,0,0,0,0,0,0,-203000,0,0,0,0,203000,-203000,-203000
052507,日月光日盛95購02,0,0,0,0,0,0,0,0,0,-204000,0,0,0,0,204000,-204000,-204000
054702,智邦第一97購01  ,0,0,0,0,0,0,0,0,0,-204000,0,0,0,0,204000,-204000,-204000
04219P,鴻海兆豐93售02  ,0,0,0,0,0,0,0,0,0,-204000,0,0,0,0,204000,-204000,-204000
044716,上銀麥證93購01  ,0,0,0,20000,224000,-204000,0,0,0,-204000,0,0,0,20000,224000,-204000,-204000
06030P,友達兆豐96售02  ,0,0,0,0,0,0,0,0,0,-204000,0,0,0,0,204000,-204000,-204000
5243,乙盛-KY         ,184000,387000,-203000,0,0,0,0,0,0,-1000,0,1000,-1000,0,0,0,-204000
052749,日月光元大96購02,0,0,0,0,0,0,0,0,0,-205000,0,0,0,49000,254000,-205000,-205000
053157,日月光元大96購03,0,0,0,0,0,0,0,0,0,-205000,0,0,0,5000,210000,-205000,-205000
047632,儒鴻元大93購08  ,0,0,0,0,0,0,0,0,0,-205000,0,0,0,0,205000,-205000,-205000
048142,聯電統一93購01  ,0,0,0,0,0,0,0,0,0,-205000,0,0,0,49000,254000,-205000,-205000
048279,聯鈞永豐93購01  ,0,0,0,0,0,0,0,0,0,-205000,0,0,0,105000,310000,-205000,-205000
048165,嘉澤康和93購01  ,0,0,0,0,0,0,0,0,0,-205000,0,0,0,0,205000,-205000,-205000
051903,T50反1元大97購02,0,0,0,0,0,0,0,0,0,-205000,0,0,0,0,205000,-205000,-205000
051825,中環元大95購01  ,0,0,0,0,0,0,0,0,0,-205000,0,0,0,12000,217000,-205000,-205000
4968,立積            ,198000,403000,-205000,0,0,0,0,0,0,0,0,0,0,0,0,0,-205000
042191,元油2X富邦93購01,0,0,0,0,0,0,0,0,0,-206000,0,0,0,0,206000,-206000,-206000
048960,矽格康和94購01  ,0,0,0,0,0,0,0,0,0,-206000,0,0,0,665000,871000,-206000,-206000
055125,智原兆豐97購01  ,0,0,0,0,0,0,0,0,0,-206000,0,0,0,6000,212000,-206000,-206000
055061,聯詠永豐97購01  ,0,0,0,0,0,0,0,0,0,-206000,0,0,0,0,206000,-206000,-206000
055141,牧德永豐98購02  ,0,0,0,0,0,0,0,0,0,-207000,0,0,0,24000,231000,-207000,-207000
05826P,臺股指凱基96售23,0,0,0,0,0,0,0,0,0,-207000,0,0,0,312000,519000,-207000,-207000
6452,康友-KY         ,116000,285230,-169230,0,0,0,0,0,0,-38564,0,12000,-12000,51000,77564,-26564,-207794
047448,啟碁元大93購06  ,0,0,0,0,0,0,0,0,0,-208000,0,0,0,0,208000,-208000,-208000
051578,智邦元大96購01  ,0,0,0,0,0,0,0,0,0,-208000,0,0,0,12000,220000,-208000,-208000
050602,訊芯國泰96購01  ,0,0,0,0,0,0,0,0,0,-208000,0,0,0,166000,374000,-208000,-208000
054233,聯發科群益96購04,0,0,0,0,0,0,0,0,0,-209000,0,0,0,8000,217000,-209000,-209000
043958,臻鼎元富94購01  ,0,0,0,0,0,0,0,0,0,-209000,0,0,0,299000,508000,-209000,-209000
046231,創意元大92購07  ,0,0,0,0,0,0,0,0,0,-209000,0,0,0,63000,272000,-209000,-209000
050377,華通第一94購01  ,0,0,0,0,0,0,0,0,0,-209000,0,0,0,50000,259000,-209000,-209000
051218,聯發科元富9B購02,0,0,0,0,0,0,0,0,0,-209000,0,0,0,0,209000,-209000,-209000
053558,訊芯凱基96購02  ,0,0,0,0,0,0,0,0,0,-210000,0,0,0,50000,260000,-210000,-210000
052952,矽創國票97購02  ,0,0,0,0,0,0,0,0,0,-210000,0,0,0,0,210000,-210000,-210000
04058P,臺股指群益93售12,0,0,0,0,0,0,0,0,0,-210000,0,0,0,0,210000,-210000,-210000
04855P,上証2X元富94售02,0,0,0,0,0,0,0,0,0,-210000,0,0,0,0,210000,-210000,-210000
049198,聯鈞永豐94購01  ,0,0,0,0,0,0,0,0,0,-210000,0,0,0,148000,358000,-210000,-210000
046938,致茂元大93購02  ,0,0,0,0,0,0,0,0,0,-210000,0,0,0,44000,254000,-210000,-210000
05076P,深中小群益99售02,0,0,0,0,0,0,0,0,0,-210000,0,0,0,399000,609000,-210000,-210000
05593P,鴻海國票97售03  ,0,0,0,0,0,0,0,0,0,-210000,0,0,0,0,210000,-210000,-210000
053386,聯詠元大96購03  ,0,0,0,0,0,0,0,0,0,-211000,0,0,0,250000,461000,-211000,-211000
053315,漢唐群益96購02  ,0,0,0,0,0,0,0,0,0,-211000,0,0,0,0,211000,-211000,-211000
053156,緯創元大96購02  ,0,0,0,0,0,0,0,0,0,-212000,0,0,0,23000,235000,-212000,-212000
052903,致茂國票97購01  ,0,0,0,0,0,0,0,0,0,-213000,0,0,0,0,213000,-213000,-213000
052656,力山元富96購01  ,0,0,0,0,0,0,0,0,0,-213000,0,0,0,10000,223000,-213000,-213000
054091,晶豪科群益96購01,0,0,0,0,0,0,0,0,0,-213000,0,0,0,29000,242000,-213000,-213000
054753,復盛凱基98購01  ,0,0,0,0,0,0,0,0,0,-213000,0,0,0,0,213000,-213000,-213000
053955,華通永豐96購04  ,0,0,0,0,0,0,0,0,0,-214000,0,0,0,0,214000,-214000,-214000
04193P,智原永豐93售01  ,0,0,0,0,0,0,0,0,0,-214000,0,0,0,10000,224000,-214000,-214000
047166,台達電康和93購01,0,0,0,0,0,0,0,0,0,-214000,0,0,0,0,214000,-214000,-214000
050737,聯詠康和94購01  ,0,0,0,0,0,0,0,0,0,-214000,0,0,0,114000,328000,-214000,-214000
055005,晶相光元富97購01,0,0,0,0,0,0,0,0,0,-214000,0,0,0,10000,224000,-214000,-214000
04696P,亞德客國泰95售02,0,0,0,0,0,0,0,0,0,-215000,0,0,0,10000,225000,-215000,-215000
047242,上銀群益93購04  ,0,0,0,0,0,0,0,0,0,-215000,0,0,0,114000,329000,-215000,-215000
048587,康控中信93購01  ,0,0,0,0,0,0,0,0,0,-215000,0,0,0,0,215000,-215000,-215000
049812,致伸元大94購03  ,0,0,0,0,0,0,0,0,0,-215000,0,0,0,6000,221000,-215000,-215000
051159,力山元大96購01  ,0,0,0,0,0,0,0,0,0,-215000,0,0,0,0,215000,-215000,-215000
2404,漢唐            ,194000,474000,-280000,0,0,0,0,0,0,65000,7000,0,7000,61000,3000,58000,-215000
04294P,台積電元大95售01,0,0,0,0,0,0,0,0,0,-216000,0,0,0,0,216000,-216000,-216000
046016,緯穎元富92購04  ,0,0,0,0,0,0,0,0,0,-216000,0,0,0,60000,276000,-216000,-216000
049425,喬山兆豐95購01  ,0,0,0,0,0,0,0,0,0,-216000,0,0,0,60000,276000,-216000,-216000
050324,訊芯台新94購01  ,0,0,0,0,0,0,0,0,0,-217000,0,0,0,56000,273000,-217000,-217000
06013P,世芯國泰97售03  ,0,0,0,0,0,0,0,0,0,-217000,0,0,0,90000,307000,-217000,-217000
054392,華通永豐96購05  ,0,0,0,0,0,0,0,0,0,-218000,0,0,0,0,218000,-218000,-218000
06150P,奇力新元大97售06,0,0,0,0,0,0,0,0,0,-218000,0,0,0,75000,293000,-218000,-218000
054649,聯茂群益97購01  ,0,0,0,0,0,0,0,0,0,-219000,0,0,0,8000,227000,-219000,-219000
052985,美律元大96購02  ,0,0,0,0,0,0,0,0,0,-219000,0,0,0,92000,311000,-219000,-219000
6120,達運            ,51000,272000,-221000,0,0,0,0,0,0,2000,2000,0,2000,0,0,0,-219000
1210,大成            ,455000,688850,-233850,0,0,0,37000,0,37000,-23000,1000,24000,-23000,0,0,0,-219850
053368,京元電富邦98購01,0,0,0,0,0,0,0,0,0,-220000,0,0,0,4000,224000,-220000,-220000
054707,聯茂亞東97購01  ,0,0,0,0,0,0,0,0,0,-220000,0,0,0,0,220000,-220000,-220000
04455P,台積電統一94售07,0,0,0,0,0,0,0,0,0,-220000,0,0,0,0,220000,-220000,-220000
043538,元石油國票97購01,0,0,0,0,0,0,0,0,0,-220000,0,0,0,5000,225000,-220000,-220000
03722P,華通元大93售04  ,0,0,0,0,0,0,0,0,0,-220000,0,0,0,10000,230000,-220000,-220000
049381,欣興元大94購05  ,0,0,0,0,0,0,0,0,0,-220000,0,0,0,0,220000,-220000,-220000
047372,創意國票94購01  ,0,0,0,0,0,0,0,0,0,-220000,0,0,0,700000,920000,-220000,-220000
049977,瑞昱凱基94購03  ,0,0,0,0,0,0,0,0,0,-220000,0,0,0,10000,230000,-220000,-220000
049910,智邦元大94購04  ,0,0,0,0,0,0,0,0,0,-220000,0,0,0,0,220000,-220000,-220000
05111P,台積電統一95售04,0,0,0,0,0,0,0,0,0,-220000,0,0,0,0,220000,-220000,-220000
05172P,臺股指元大95售16,0,0,0,0,0,0,0,0,0,-220000,0,0,0,0,220000,-220000,-220000
051930,國泰金兆豐97購01,0,0,0,0,0,0,0,0,0,-220000,0,0,0,0,220000,-220000,-220000
055193,世芯元富97購02  ,0,0,0,0,0,0,0,0,0,-220000,0,0,0,0,220000,-220000,-220000
053101,創意元富96購03  ,0,0,0,0,0,0,0,0,0,-221000,0,0,0,10000,231000,-221000,-221000
049591,開發金元大98購01,0,0,0,0,0,0,0,0,0,-221000,0,0,0,0,221000,-221000,-221000
049751,牧德永豐95購01  ,0,0,0,0,0,0,0,0,0,-221000,0,0,0,21000,242000,-221000,-221000
048661,瑞昱統一93購05  ,0,0,0,0,0,0,0,0,0,-222000,0,0,0,240000,462000,-222000,-222000
052069,聯茂兆豐96購01  ,0,0,0,0,0,0,0,0,0,-222000,0,0,0,10000,232000,-222000,-222000
047466,新光金國泰95購01,0,0,0,0,0,0,0,0,0,-223000,0,0,0,4000,227000,-223000,-223000
052020,聯茂永豐95購02  ,0,0,0,0,0,0,0,0,0,-223000,0,0,0,28000,251000,-223000,-223000
048861,牧德群益94購01  ,0,0,0,0,0,0,0,0,0,-224000,0,0,0,167000,391000,-224000,-224000
054494,訊芯台新96購01  ,0,0,0,0,0,0,0,0,0,-225000,0,0,0,96000,321000,-225000,-225000
049007,玉晶光中信96購01,0,0,0,0,0,0,0,0,0,-225000,0,0,0,115000,340000,-225000,-225000
1802,台玻            ,4000,239000,-235000,0,0,0,0,0,0,9000,9000,0,9000,0,0,0,-226000
052595,奇力新群益96購01,0,0,0,0,0,0,0,0,0,-227000,0,0,0,461000,688000,-227000,-227000
055230,大毅國票98購01  ,0,0,0,0,0,0,0,0,0,-227000,0,0,0,0,227000,-227000,-227000
054238,聯茂群益96購04  ,0,0,0,0,0,0,0,0,0,-228000,0,0,0,26000,254000,-228000,-228000
051132,喬山永豐95購02  ,0,0,0,0,0,0,0,0,0,-228000,0,0,0,0,228000,-228000,-228000
054219,楠梓電統一97購01,0,0,0,0,0,0,0,0,0,-229000,0,0,0,0,229000,-229000,-229000
053074,嘉晶永豐96購02  ,0,0,0,0,0,0,0,0,0,-229000,0,0,0,25000,254000,-229000,-229000
048942,上緯控永豐94購01,0,0,0,0,0,0,0,0,0,-229000,0,0,0,0,229000,-229000,-229000
049604,創意亞東94購02  ,0,0,0,0,0,0,0,0,0,-229000,0,0,0,0,229000,-229000,-229000
053235,智原永豐96購01  ,0,0,0,0,0,0,0,0,0,-230000,0,0,0,131000,361000,-230000,-230000
053696,日月光元大96購05,0,0,0,0,0,0,0,0,0,-230000,0,0,0,86000,316000,-230000,-230000
054863,億光群益97購01  ,0,0,0,0,0,0,0,0,0,-230000,0,0,0,0,230000,-230000,-230000
03882P,鴻海元大93售10  ,0,0,0,0,0,0,0,0,0,-230000,0,0,0,10000,240000,-230000,-230000
04327P,台積電國泰95售01,0,0,0,0,0,0,0,0,0,-230000,0,0,0,200000,430000,-230000,-230000
046843,上銀永豐93購01  ,0,0,0,0,0,0,0,0,0,-230000,0,0,0,170000,400000,-230000,-230000
047952,華通永豐93購03  ,0,0,0,0,0,0,0,0,0,-230000,0,0,0,62000,292000,-230000,-230000
051679,百和元大95購02  ,0,0,0,0,0,0,0,0,0,-230000,0,0,0,144000,374000,-230000,-230000
054016,嘉晶永豐96購04  ,0,0,0,0,0,0,0,0,0,-231000,0,0,0,12000,243000,-231000,-231000
049200,元黃金群益98購01,0,0,0,0,0,0,0,0,0,-231000,0,0,0,5000,236000,-231000,-231000
049404,訊芯群益94購02  ,0,0,0,0,0,0,0,0,0,-231000,0,0,0,38000,269000,-231000,-231000
051619,智邦凱基95購07  ,0,0,0,0,0,0,0,0,0,-231000,0,0,0,8000,239000,-231000,-231000
050238,瑞昱凱基94購05  ,0,0,0,0,0,0,0,0,0,-231000,0,0,0,17000,248000,-231000,-231000
050988,廣達富邦95購01  ,0,0,0,0,0,0,0,0,0,-231000,0,0,0,30000,261000,-231000,-231000
050345,創意元富94購02  ,0,0,0,0,0,0,0,0,0,-231000,0,0,0,0,231000,-231000,-231000
05530P,臺股指群益96售03,0,0,0,0,0,0,0,0,0,-231000,0,0,0,0,231000,-231000,-231000
052428,嘉晶永豐95購01  ,0,0,0,0,0,0,0,0,0,-232000,0,0,0,21000,253000,-232000,-232000
051824,華通元大95購07  ,0,0,0,0,0,0,0,0,0,-232000,0,0,0,20000,252000,-232000,-232000
054185,喬山永豐96購02  ,0,0,0,0,0,0,0,0,0,-233000,0,0,0,10000,243000,-233000,-233000
054851,樺漢兆豐97購01  ,0,0,0,0,0,0,0,0,0,-233000,0,0,0,53000,286000,-233000,-233000
046742,智原日盛93購01  ,0,0,0,0,0,0,0,0,0,-233000,0,0,0,47000,280000,-233000,-233000
048512,全新凱基93購04  ,0,0,0,0,0,0,0,0,0,-233000,0,0,0,10000,243000,-233000,-233000
051781,緯穎群益96購01  ,0,0,0,0,0,0,0,0,0,-233000,0,0,0,215000,448000,-233000,-233000
051946,健策統一98購01  ,0,0,0,0,0,0,0,0,0,-234000,0,0,0,320000,554000,-234000,-234000
053923,亞光國票97購01  ,0,0,0,0,0,0,0,0,0,-235000,0,0,0,70000,305000,-235000,-235000
046088,台光電兆豐92購02,0,0,0,0,0,0,0,0,0,-235000,0,0,0,0,235000,-235000,-235000
052292,緯穎元富95購02  ,0,0,0,0,0,0,0,0,0,-235000,0,0,0,159000,394000,-235000,-235000
048391,友訊國票94購01  ,0,0,0,0,0,0,0,0,0,-236000,0,0,0,84000,320000,-236000,-236000
051098,矽格元大95購01  ,0,0,0,0,0,0,0,0,0,-236000,0,0,0,170000,406000,-236000,-236000
052565,上銀凱基96購01  ,0,0,0,0,0,0,0,0,0,-237000,0,0,0,36000,273000,-237000,-237000
048442,友訊凱基94購01  ,0,0,0,0,0,0,0,0,0,-237000,0,0,0,147000,384000,-237000,-237000
049038,高鐵兆豐94購01  ,0,0,0,0,0,0,0,0,0,-237000,0,0,0,10000,247000,-237000,-237000
052679,致伸富邦98購01  ,0,0,0,0,0,0,0,0,0,-238000,0,0,0,0,238000,-238000,-238000
05677P,玉晶光群益98售03,0,0,0,0,0,0,0,0,0,-238000,0,0,0,0,238000,-238000,-238000
055173,瑞昱統一97購01  ,0,0,0,0,0,0,0,0,0,-238000,0,0,0,10000,248000,-238000,-238000
05504P,台積電凱基96售04,0,0,0,0,0,0,0,0,0,-238000,0,0,0,0,238000,-238000,-238000
052537,力成富邦95購01  ,0,0,0,0,0,0,0,0,0,-239000,0,0,0,0,239000,-239000,-239000
053464,喬山元大96購01  ,0,0,0,0,0,0,0,0,0,-239000,0,0,0,139000,378000,-239000,-239000
053483,嘉澤第一96購01  ,0,0,0,0,0,0,0,0,0,-239000,0,0,0,90000,329000,-239000,-239000
03869P,和大群益93售02  ,0,0,0,0,0,0,0,0,0,-239000,0,0,0,2000,241000,-239000,-239000
049766,滬深2X元富94購02,0,0,0,0,0,0,0,0,0,-239000,0,0,0,42000,281000,-239000,-239000
049595,麗豐元大95購01  ,0,0,0,0,0,0,0,0,0,-240000,0,0,0,0,240000,-240000,-240000
04886P,臺股指凱基94售20,0,0,0,0,0,0,0,0,0,-240000,0,0,0,0,240000,-240000,-240000
04746P,臺股指元大94售17,0,0,0,0,0,0,0,0,0,-240000,0,0,0,0,240000,-240000,-240000
046568,臻鼎元富95購01  ,0,0,0,0,0,0,0,0,0,-240000,0,0,0,354000,594000,-240000,-240000
049871,T50反1台新9A購02,0,0,0,0,0,0,0,0,0,-240000,0,0,0,10000,250000,-240000,-240000
051021,啟碁凱基95購02  ,0,0,0,0,0,0,0,0,0,-240000,0,0,0,0,240000,-240000,-240000
06108P,奇力新群益97售05,0,0,0,0,0,0,0,0,0,-241000,0,0,0,79000,320000,-241000,-241000
054716,緯穎康和97購01  ,0,0,0,0,0,0,0,0,0,-242000,0,0,0,0,242000,-242000,-242000
2301,光寶科          ,1248100,1582000,-333900,0,0,0,0,0,0,91000,33000,1000,32000,70000,11000,59000,-242900
047443,智原元大94購01  ,0,0,0,0,0,0,0,0,0,-243000,0,0,0,0,243000,-243000,-243000
048645,創意元大94購02  ,0,0,0,0,0,0,0,0,0,-243000,0,0,0,16000,259000,-243000,-243000
051074,矽力國票96購01  ,0,0,0,0,0,0,0,0,0,-243000,0,0,0,67000,310000,-243000,-243000
053062,緯穎富邦97購01  ,0,0,0,0,0,0,0,0,0,-244000,0,0,0,54000,298000,-244000,-244000
053001,力山永豐96購01  ,0,0,0,0,0,0,0,0,0,-244000,0,0,0,56000,300000,-244000,-244000
045094,樺漢元大92購01  ,0,0,0,0,0,0,0,0,0,-244000,0,0,0,96000,340000,-244000,-244000
052014,光罩永豐95購01  ,0,0,0,0,0,0,0,0,0,-244000,0,0,0,60000,304000,-244000,-244000
053767,臻鼎富邦97購02  ,0,0,0,0,0,0,0,0,0,-245000,0,0,0,90000,335000,-245000,-245000
048194,華邦電元大94購04,0,0,0,0,0,0,0,0,0,-245000,0,0,0,89000,334000,-245000,-245000
05224P,華通統一95售03  ,0,0,0,0,0,0,0,0,0,-245000,0,0,0,27000,272000,-245000,-245000
2515,中工            ,426000,663000,-237000,0,0,0,0,0,0,-8000,9000,18000,-9000,1000,0,1000,-245000
053915,光罩國票96購02  ,0,0,0,0,0,0,0,0,0,-246000,0,0,0,83000,329000,-246000,-246000
054848,群創兆豐98購01  ,0,0,0,0,0,0,0,0,0,-246000,0,0,0,24000,270000,-246000,-246000
054321,上銀台新96購01  ,0,0,0,0,0,0,0,0,0,-246000,0,0,0,0,246000,-246000,-246000
053057,聯電國泰97購02  ,0,0,0,0,0,0,0,0,0,-246000,0,0,0,96000,342000,-246000,-246000
047646,貿聯元大94購01  ,0,0,0,0,0,0,0,0,0,-246000,0,0,0,552000,798000,-246000,-246000
042196,元油2X元大93購02,0,0,0,0,0,0,0,0,0,-246000,0,0,0,2000,248000,-246000,-246000
049087,晶相光凱基94購02,0,0,0,0,0,0,0,0,0,-246000,0,0,0,74000,320000,-246000,-246000
049978,瑞昱凱基94購04  ,0,0,0,0,0,0,0,0,0,-246000,0,0,0,1000,247000,-246000,-246000
05528P,臺股指群益96售01,0,0,0,0,0,0,0,0,0,-246000,0,0,0,2000,248000,-246000,-246000
3596,智易            ,139000,247160,-108160,0,0,0,0,146088,-146088,6265,3000,6000,-3000,38000,28735,9265,-247983
053425,京鼎永豐96購01  ,0,0,0,0,0,0,0,0,0,-248000,0,0,0,98000,346000,-248000,-248000
047967,南亞科國泰95購01,0,0,0,0,0,0,0,0,0,-248000,0,0,0,183000,431000,-248000,-248000
050091,喬山永豐94購02  ,0,0,0,0,0,0,0,0,0,-248000,0,0,0,35000,283000,-248000,-248000
049779,創意統一95購01  ,0,0,0,0,0,0,0,0,0,-248000,0,0,0,0,248000,-248000,-248000
052102,台泥兆豐96購01  ,0,0,0,0,0,0,0,0,0,-248000,0,0,0,0,248000,-248000,-248000
3504,揚明光          ,34000,136000,-102000,0,0,0,0,166000,-166000,20000,2000,0,2000,18000,0,18000,-248000
055046,上銀永豐97購01  ,0,0,0,0,0,0,0,0,0,-248000,0,0,0,0,248000,-248000,-248000
048675,台達電國泰94購02,0,0,0,0,0,0,0,0,0,-249000,0,0,0,171000,420000,-249000,-249000
054008,大立光元富96購06,0,0,0,0,0,0,0,0,0,-250000,0,0,0,50000,300000,-250000,-250000
03576P,台灣50元富06售01,0,0,0,0,0,0,0,0,0,-250000,0,0,0,10000,260000,-250000,-250000
03438P,群創群益98售03  ,0,0,0,0,0,0,0,0,0,-250000,0,0,0,0,250000,-250000,-250000
04416P,牧德元富94售06  ,0,0,0,0,0,0,0,0,0,-250000,0,0,0,100000,350000,-250000,-250000
047207,晶技國泰94購01  ,0,0,0,0,0,0,0,0,0,-250000,0,0,0,60000,310000,-250000,-250000
051149,可成凱基95購04  ,0,0,0,0,0,0,0,0,0,-250000,0,0,0,12000,262000,-250000,-250000
049701,聯茂元大94購05  ,0,0,0,0,0,0,0,0,0,-250000,0,0,0,67000,317000,-250000,-250000
049636,上証反凱基9A購01,0,0,0,0,0,0,0,0,0,-250000,0,0,0,0,250000,-250000,-250000
050293,強茂凱基94購01  ,0,0,0,0,0,0,0,0,0,-250000,0,0,0,0,250000,-250000,-250000
050898,智原元大96購01  ,0,0,0,0,0,0,0,0,0,-250000,0,0,0,14000,264000,-250000,-250000
050859,訊芯康和95購01  ,0,0,0,0,0,0,0,0,0,-250000,0,0,0,0,250000,-250000,-250000
054674,台光電台新97購01,0,0,0,0,0,0,0,0,0,-251000,0,0,0,85000,336000,-251000,-251000
052733,台郡國泰97購01  ,0,0,0,0,0,0,0,0,0,-251000,0,0,0,375000,626000,-251000,-251000
046240,中鋼中信94購01  ,0,0,0,0,0,0,0,0,0,-251000,0,0,0,0,251000,-251000,-251000
051708,創意群益95購02  ,0,0,0,0,0,0,0,0,0,-251000,0,0,0,0,251000,-251000,-251000
05714P,群創統一97售03  ,0,0,0,0,0,0,0,0,0,-251000,0,0,0,0,251000,-251000,-251000
054704,玉晶光第一97購01,0,0,0,0,0,0,0,0,0,-252000,0,0,0,48000,300000,-252000,-252000
05114P,臺股指元富95售02,0,0,0,0,0,0,0,0,0,-252000,0,0,0,70000,322000,-252000,-252000
047972,康控富邦95購01  ,0,0,0,0,0,0,0,0,0,-253000,0,0,0,0,253000,-253000,-253000
051360,緯創元大95購03  ,0,0,0,0,0,0,0,0,0,-253000,0,0,0,23000,276000,-253000,-253000
051913,緯創元大96購01  ,0,0,0,0,0,0,0,0,0,-253000,0,0,0,54000,307000,-253000,-253000
054620,南茂永豐97購01  ,0,0,0,0,0,0,0,0,0,-254000,0,0,0,0,254000,-254000,-254000
046685,世紀鋼群益93購02,0,0,0,0,0,0,0,0,0,-254000,0,0,0,0,254000,-254000,-254000
054972,聯茂元大97購02  ,0,0,0,0,0,0,0,0,0,-254000,0,0,0,214000,468000,-254000,-254000
054864,聯發科群益97購02,30000,0,30000,0,0,0,0,0,0,-285000,0,0,0,1000,286000,-285000,-255000
051296,鴻海凱基97購01  ,0,0,0,0,0,0,0,0,0,-255000,0,0,0,0,255000,-255000,-255000
050971,緯穎永豐95購01  ,0,0,0,0,0,0,0,0,0,-255000,0,0,0,132000,387000,-255000,-255000
048056,全新國泰94購02  ,0,0,0,0,0,0,0,0,0,-256000,0,0,0,132000,388000,-256000,-256000
051915,日月光元大96購01,0,0,0,0,0,0,0,0,0,-256000,0,0,0,358000,614000,-256000,-256000
5388,中磊            ,113000,296000,-183000,0,0,0,0,0,0,-73000,1000,111000,-110000,40000,3000,37000,-256000
052444,友訊元大95購01  ,0,0,0,0,0,0,0,0,0,-257000,0,0,0,0,257000,-257000,-257000
05722P,玉晶光國票97售03,0,0,0,0,0,0,0,0,0,-257000,0,0,0,996000,1253000,-257000,-257000
052462,上銀統一95購03  ,0,0,0,0,0,0,0,0,0,-258000,0,0,0,60000,318000,-258000,-258000
047410,上銀元富96購01  ,0,0,0,0,0,0,0,0,0,-258000,0,0,0,108000,366000,-258000,-258000
05525P,奇力新群益96售02,0,0,0,0,0,0,0,0,0,-258000,0,0,0,12000,270000,-258000,-258000
06152P,玉晶光元大98售06,0,0,0,0,0,0,0,0,0,-258000,0,0,0,71000,329000,-258000,-258000
053022,欣興國泰98購01  ,0,0,0,0,0,0,0,0,0,-259000,0,0,0,0,259000,-259000,-259000
054136,亞光元大96購04  ,0,0,0,0,0,0,0,0,0,-259000,0,0,0,21000,280000,-259000,-259000
047961,百和永豐93購03  ,0,0,0,0,0,0,0,0,0,-259000,0,0,0,84000,343000,-259000,-259000
050837,力山國票95購01  ,0,0,0,0,0,0,0,0,0,-259000,0,0,0,0,259000,-259000,-259000
050453,創意元大95購03  ,0,0,0,0,0,0,0,0,0,-259000,0,0,0,22000,281000,-259000,-259000
055183,聯鈞統一97購01  ,0,0,0,0,0,0,0,0,0,-259000,0,0,0,15000,274000,-259000,-259000
054641,祥碩中信98購01  ,0,0,0,0,0,0,0,0,0,-260000,0,0,0,416000,676000,-260000,-260000
04233P,儒鴻兆豐93售01  ,0,0,0,0,0,0,0,0,0,-260000,0,0,0,17000,277000,-260000,-260000
048083,台達電凱基93購04,0,0,0,0,0,0,0,0,0,-260000,0,0,0,155000,415000,-260000,-260000
051507,彩晶元富95購01  ,0,0,0,0,0,0,0,0,0,-260000,0,0,0,33000,293000,-260000,-260000
055049,智邦永豐97購01  ,0,0,0,0,0,0,0,0,0,-260000,0,0,0,0,260000,-260000,-260000
05949P,台積電國票96售09,0,0,0,0,0,0,0,0,0,-260000,0,0,0,44000,304000,-260000,-260000
049396,元油2X群益97購03,0,0,0,0,0,0,0,0,0,-262000,0,0,0,0,262000,-262000,-262000
050595,緯穎永豐94購03  ,0,0,0,0,0,0,0,0,0,-262000,0,0,0,0,262000,-262000,-262000
05687P,臺股指元大96售12,0,0,0,0,0,0,0,0,0,-262000,0,0,0,7000,269000,-262000,-262000
049703,訊芯元大95購01  ,0,0,0,0,0,0,0,0,0,-263000,0,0,0,66000,329000,-263000,-263000
051300,台光電凱基96購02,0,0,0,0,0,0,0,0,0,-263000,0,0,0,24000,287000,-263000,-263000
053889,致茂群益97購01  ,0,0,0,0,0,0,0,0,0,-264000,0,0,0,29000,293000,-264000,-264000
053517,崇越群益97購01  ,0,0,0,0,0,0,0,0,0,-264000,0,0,0,2000,266000,-264000,-264000
03840P,台積電統一99售02,0,0,0,0,0,0,0,0,0,-264000,0,0,0,50000,314000,-264000,-264000
2607,榮運            ,49000,203000,-154000,0,0,0,0,0,0,-110000,10000,120000,-110000,0,0,0,-264000
044039,康控群益93購01  ,0,0,0,0,0,0,0,0,0,-265000,0,0,0,5000,270000,-265000,-265000
047077,日月光兆豐93購01,0,0,0,0,0,0,0,0,0,-265000,0,0,0,15000,280000,-265000,-265000
05686P,臺股指元大96售11,0,0,0,0,0,0,0,0,0,-265000,0,0,0,0,265000,-265000,-265000
049962,台光電元富94購01,0,0,0,0,0,0,0,0,0,-266000,0,0,0,29000,295000,-266000,-266000
05062P,大立光富邦98售03,0,0,0,0,0,0,0,0,0,-266000,0,0,0,22000,288000,-266000,-266000
053518,聯茂群益96購03  ,0,0,0,0,0,0,0,0,0,-267000,0,0,0,70000,337000,-267000,-267000
046983,南茂兆豐94購01  ,0,0,0,0,0,0,0,0,0,-267000,0,0,0,74000,341000,-267000,-267000
049874,全新康和94購01  ,0,0,0,0,0,0,0,0,0,-267000,0,0,0,168000,435000,-267000,-267000
04506P,旺宏元大94售06  ,0,0,0,0,0,0,0,0,0,-268000,0,0,0,3000,271000,-268000,-268000
052019,創意永豐95購02  ,0,0,0,0,0,0,0,0,0,-268000,0,0,0,0,268000,-268000,-268000
054919,興富發凱基97購01,0,0,0,0,0,0,0,0,0,-268000,0,0,0,63000,331000,-268000,-268000
053194,緯穎統一99購01  ,0,0,0,0,0,0,0,0,0,-269000,0,0,0,64000,333000,-269000,-269000
054379,光磊群益98購01  ,0,0,0,0,0,0,0,0,0,-269000,0,0,0,0,269000,-269000,-269000
054082,楠梓電元富96購01,0,0,0,0,0,0,0,0,0,-270000,0,0,0,30000,300000,-270000,-270000
052996,聯電康和96購01  ,0,0,0,0,0,0,0,0,0,-270000,0,0,0,68000,338000,-270000,-270000
047886,京元電富邦95購01,0,0,0,0,0,0,0,0,0,-270000,0,0,0,210000,480000,-270000,-270000
050131,新光金凱基94購01,0,0,0,0,0,0,0,0,0,-270000,0,0,0,0,270000,-270000,-270000
06081P,深中小元大97售02,0,0,0,0,0,0,0,0,0,-270000,0,0,0,130000,400000,-270000,-270000
2499,東貝            ,8000,278000,-270000,0,0,0,0,0,0,0,0,0,0,0,0,0,-270000
054053,聯茂元大96購01  ,0,0,0,0,0,0,0,0,0,-271000,0,0,0,150000,421000,-271000,-271000
050002,智原永豐94購02  ,0,0,0,0,0,0,0,0,0,-271000,0,0,0,113000,384000,-271000,-271000
051921,南茂元大95購04  ,0,0,0,0,0,0,0,0,0,-271000,0,0,0,70000,341000,-271000,-271000
051045,南茂永豐95購01  ,0,0,0,0,0,0,0,0,0,-271000,0,0,0,10000,281000,-271000,-271000
1216,統一            ,4765391,5537706,-772315,0,0,0,509000,0,509000,-8000,10000,15000,-5000,9000,12000,-3000,-271315
053950,緯穎富邦97購02  ,0,0,0,0,0,0,0,0,0,-272000,0,0,0,39000,311000,-272000,-272000
048337,致茂元大93購04  ,0,0,0,0,0,0,0,0,0,-272000,0,0,0,10000,282000,-272000,-272000
051050,鴻海群益95購03  ,0,0,0,0,0,0,0,0,0,-272000,0,0,0,0,272000,-272000,-272000
052264,台達電亞東96購01,0,0,0,0,0,0,0,0,0,-272000,0,0,0,0,272000,-272000,-272000
050464,華通國泰95購01  ,0,0,0,0,0,0,0,0,0,-272000,0,0,0,63000,335000,-272000,-272000
055262,台虹國泰98購01  ,0,0,0,0,0,0,0,0,0,-272000,0,0,0,0,272000,-272000,-272000
5522,遠雄            ,206000,555000,-349000,0,0,0,19000,0,19000,58000,58000,0,58000,0,0,0,-272000
051215,大立光統一95購03,30000,30000,0,0,0,0,0,0,0,-273000,0,0,0,333000,606000,-273000,-273000
055138,大毅永豐97購02  ,0,0,0,0,0,0,0,0,0,-273000,0,0,0,0,273000,-273000,-273000
054438,群創台新96購01  ,0,0,0,0,0,0,0,0,0,-274000,0,0,0,318000,592000,-274000,-274000
050414,泰鼎永豐94購04  ,0,0,0,0,0,0,0,0,0,-274000,0,0,0,41000,315000,-274000,-274000
050203,美律群益94購04  ,0,0,0,0,0,0,0,0,0,-274000,0,0,0,107000,381000,-274000,-274000
054052,日月光元大96購06,0,0,0,0,0,0,0,0,0,-275000,0,0,0,56000,331000,-275000,-275000
053034,上海銀兆豐96購01,0,0,0,0,0,0,0,0,0,-275000,0,0,0,0,275000,-275000,-275000
05360P,健策元大95售03  ,0,0,0,0,0,0,0,0,0,-277000,0,0,0,32000,309000,-277000,-277000
052995,上銀康和96購01  ,0,0,0,0,0,0,0,0,0,-277000,0,0,0,68000,345000,-277000,-277000
050276,百和元大94購03  ,0,0,0,0,0,0,0,0,0,-277000,0,0,0,32000,309000,-277000,-277000
050539,鴻海凱基95購07  ,0,0,0,0,0,0,0,0,0,-277000,0,0,0,0,277000,-277000,-277000
051429,智邦元富95購01  ,0,0,0,0,0,0,0,0,0,-277000,0,0,0,36000,313000,-277000,-277000
054902,億光康和97購01  ,0,0,0,0,0,0,0,0,0,-277000,0,0,0,0,277000,-277000,-277000
8028,昇陽半導體      ,101000,289000,-188000,0,0,0,0,80000,-80000,-10000,1000,1000,0,1000,11000,-10000,-278000
050062,聯發科凱基94購08,0,0,0,0,0,0,0,0,0,-279000,0,0,0,72000,351000,-279000,-279000
052724,力成統一97購01  ,0,0,0,0,0,0,0,0,0,-280000,0,0,0,31000,311000,-280000,-280000
053709,台達電凱基96購04,0,0,0,0,0,0,0,0,0,-280000,0,0,0,1000,281000,-280000,-280000
047617,瑞昱凱基93購07  ,0,0,0,0,0,0,0,0,0,-281000,0,0,0,3000,284000,-281000,-281000
048310,台達電凱基93購05,0,0,0,0,0,0,0,0,0,-281000,0,0,0,1000,282000,-281000,-281000
046460,聯鈞凱基93購02  ,0,0,0,0,0,0,0,0,0,-281000,0,0,0,100000,381000,-281000,-281000
051861,鴻海凱基98購01  ,0,0,0,0,0,0,0,0,0,-281000,0,0,0,0,281000,-281000,-281000
053694,創意元大96購03  ,0,0,0,0,0,0,0,0,0,-283000,0,0,0,244000,527000,-283000,-283000
052091,緯創元大95購04  ,0,0,0,0,0,0,0,0,0,-283000,0,0,0,14000,297000,-283000,-283000
050045,祥碩兆豐94購01  ,0,0,0,0,0,0,0,0,0,-283000,0,0,0,105000,388000,-283000,-283000
4190,佐登-KY         ,5000,136000,-131000,0,0,0,0,0,0,-152000,3000,163000,-160000,8000,0,8000,-283000
051807,瑞昱凱基95購03  ,0,0,0,0,0,0,0,0,0,-284000,0,0,0,1000,285000,-284000,-284000
051835,百和元大95購03  ,0,0,0,0,0,0,0,0,0,-284000,0,0,0,142000,426000,-284000,-284000
055285,華新科元大99購03,0,0,0,0,0,0,0,0,0,-284000,0,0,0,0,284000,-284000,-284000
05732P,臺股指統一96售02,0,0,0,0,0,0,0,0,0,-284000,0,0,0,0,284000,-284000,-284000
054196,台光電國泰97購02,0,0,0,0,0,0,0,0,0,-286000,0,0,0,128000,414000,-286000,-286000
054896,聯茂日盛97購01  ,0,0,0,0,0,0,0,0,0,-286000,0,0,0,8000,294000,-286000,-286000
054849,日月光兆豐97購01,0,0,0,0,0,0,0,0,0,-287000,0,0,0,0,287000,-287000,-287000
044666,創意國泰93購01  ,0,0,0,0,0,0,0,0,0,-287000,0,0,0,1000,288000,-287000,-287000
04946P,華通元大94售04  ,0,0,0,0,0,0,0,0,0,-287000,0,0,0,165000,452000,-287000,-287000
054446,美食兆豐97購01  ,0,0,0,0,0,0,0,0,0,-288000,0,0,0,0,288000,-288000,-288000
047965,景碩中信93購01  ,0,0,0,0,0,0,0,0,0,-288000,0,0,0,10000,298000,-288000,-288000
9188,精熙-DR         ,0,288000,-288000,0,0,0,0,0,0,0,0,0,0,0,0,0,-288000
053142,緯穎永豐96購01  ,0,0,0,0,0,0,0,0,0,-289000,0,0,0,79000,368000,-289000,-289000
08637P,台灣50中信96售03,0,0,0,0,0,0,0,0,0,-289000,0,0,0,708000,997000,-289000,-289000
053884,緯穎第一96購01  ,0,0,0,0,0,0,0,0,0,-290000,0,0,0,187000,477000,-290000,-290000
04826P,華新科麥證95售01,0,0,0,1000,291000,-290000,0,0,0,-290000,0,0,0,1000,291000,-290000,-290000
051196,喬山麥證95購01  ,0,0,0,10000,300000,-290000,0,0,0,-290000,0,0,0,10000,300000,-290000,-290000
047505,元金2X國票9B購01,0,0,0,0,0,0,0,0,0,-291000,0,0,0,30000,321000,-291000,-291000
054887,大毅統一98購01  ,0,0,0,0,0,0,0,0,0,-291000,0,0,0,0,291000,-291000,-291000
04080P,可成元大93售11  ,0,0,0,0,0,0,0,0,0,-292000,0,0,0,0,292000,-292000,-292000
049860,亞德客兆豐94購01,0,0,0,0,0,0,0,0,0,-292000,0,0,0,55000,347000,-292000,-292000
054093,智原群益97購01  ,0,0,0,0,0,0,0,0,0,-293000,0,0,0,16000,309000,-293000,-293000
045631,台光電凱基93購06,0,0,0,0,0,0,0,0,0,-294000,0,0,0,17000,311000,-294000,-294000
047514,亞光國票94購01  ,0,0,0,0,0,0,0,0,0,-294000,0,0,0,35000,329000,-294000,-294000
047704,智邦凱基93購06  ,0,0,0,0,0,0,0,0,0,-295000,0,0,0,8000,303000,-295000,-295000
051603,深中小群益99購03,0,0,0,0,0,0,0,0,0,-295000,0,0,0,0,295000,-295000,-295000
05447P,臺股指元大95售24,0,0,0,0,0,0,0,0,0,-296000,0,0,0,136000,432000,-296000,-296000
044579,臻鼎凱基92購02  ,0,0,0,0,0,0,0,0,0,-296000,0,0,0,40000,336000,-296000,-296000
050488,美食元富94購02  ,0,0,0,0,0,0,0,0,0,-296000,0,0,0,0,296000,-296000,-296000
046045,聯茂元大92購07  ,0,0,0,0,0,0,0,0,0,-298000,0,0,0,407000,705000,-298000,-298000
045305,嘉晶元大92購01  ,0,0,0,0,0,0,0,0,0,-298000,0,0,0,3000,301000,-298000,-298000
051063,台郡群益95購01  ,0,0,0,0,0,0,0,0,0,-298000,0,0,0,82000,380000,-298000,-298000
2010,春源            ,0,298000,-298000,0,0,0,0,0,0,0,0,0,0,0,0,0,-298000
054681,味全永豐97購01  ,0,0,0,0,0,0,0,0,0,-299000,0,0,0,0,299000,-299000,-299000
052582,喬山台新96購01  ,0,0,0,0,0,0,0,0,0,-299000,0,0,0,0,299000,-299000,-299000
044777,超眾元大93購01  ,0,0,0,0,0,0,0,0,0,-299000,0,0,0,1000,300000,-299000,-299000
1434,福懋            ,224707,523000,-298293,0,0,0,0,0,0,-1000,0,1000,-1000,0,0,0,-299293
052413,上証反中信97購01,0,0,0,0,0,0,0,0,0,-300000,0,0,0,0,300000,-300000,-300000
03387P,台積電凱基03售11,0,0,0,0,0,0,0,0,0,-300000,0,0,0,0,300000,-300000,-300000
04490P,聯發科台新94售02,0,0,0,0,0,0,0,0,0,-300000,0,0,0,0,300000,-300000,-300000
047893,嘉聯益兆豐94購01,0,0,0,0,0,0,0,0,0,-300000,0,0,0,0,300000,-300000,-300000
047224,台光電凱基94購01,0,0,0,0,0,0,0,0,0,-300000,0,0,0,1000,301000,-300000,-300000
050941,T50反1群益95購01,0,0,0,0,0,0,0,0,0,-300000,0,0,0,299000,599000,-300000,-300000
043641,深中小國票94購01,0,0,0,0,0,0,0,0,0,-301000,0,0,0,60000,361000,-301000,-301000
05996P,華新科群益96售03,0,0,0,0,0,0,0,0,0,-301000,0,0,0,13000,314000,-301000,-301000
2421,建準            ,788000,1098000,-310000,0,0,0,0,0,0,9000,6000,0,6000,21000,18000,3000,-301000
052708,楠梓電永豐97購01,0,0,0,0,0,0,0,0,0,-302000,0,0,0,0,302000,-302000,-302000
053322,京鼎群益97購01  ,0,0,0,0,0,0,0,0,0,-302000,0,0,0,164000,466000,-302000,-302000
054130,漢唐元大97購02  ,0,0,0,0,0,0,0,0,0,-302000,0,0,0,52000,354000,-302000,-302000
04687P,全新凱基94售02  ,0,0,0,0,0,0,0,0,0,-302000,0,0,0,147000,449000,-302000,-302000
055168,光罩統一98購01  ,0,0,0,0,0,0,0,0,0,-303000,0,0,0,0,303000,-303000,-303000
048810,玉晶光第一94購01,0,0,0,0,0,0,0,0,0,-304000,0,0,0,2000,306000,-304000,-304000
047653,上銀兆豐94購01  ,0,0,0,0,0,0,0,0,0,-305000,0,0,0,0,305000,-305000,-305000
046886,喬山群益93購01  ,0,0,0,0,0,0,0,0,0,-305000,0,0,0,0,305000,-305000,-305000
049068,元油2X凱基95購03,0,0,0,0,0,0,0,0,0,-305000,0,0,0,0,305000,-305000,-305000
052200,台光電統一95購02,0,0,0,0,0,0,0,0,0,-306000,0,0,0,96000,402000,-306000,-306000
053843,訊芯統一96購01  ,0,0,0,0,0,0,0,0,0,-308000,0,0,0,88000,396000,-308000,-308000
054826,復盛元大9A購01  ,0,0,0,0,0,0,0,0,0,-308000,0,0,0,56000,364000,-308000,-308000
048769,聯鈞凱基94購01  ,0,0,0,0,0,0,0,0,0,-308000,0,0,0,106000,414000,-308000,-308000
054847,創意兆豐97購01  ,0,0,0,0,0,0,0,0,0,-309000,0,0,0,0,309000,-309000,-309000
054358,矽創兆豐96購01  ,0,0,0,0,0,0,0,0,0,-309000,0,0,0,20000,329000,-309000,-309000
051336,智原永豐95購01  ,0,0,0,0,0,0,0,0,0,-309000,0,0,0,143000,452000,-309000,-309000
2504,國產            ,244000,572000,-328000,0,0,0,0,0,0,19000,19000,0,19000,0,0,0,-309000
051402,玉晶光永豐95購04,0,0,0,0,0,0,0,0,0,-310000,0,0,0,151000,461000,-310000,-310000
04854P,鴻海國泰96售04  ,0,0,0,0,0,0,0,0,0,-311000,0,0,0,186000,497000,-311000,-311000
2375,凱美            ,217000,533000,-316000,0,0,0,0,0,0,5000,0,0,0,5000,0,5000,-311000
048270,T50反1富邦99購01,0,0,0,0,0,0,0,0,0,-312000,0,0,0,3000,315000,-312000,-312000
047075,群創兆豐93購01  ,0,0,0,0,0,0,0,0,0,-312000,0,0,0,18000,330000,-312000,-312000
050975,楠梓電統一95購01,0,0,0,0,0,0,0,0,0,-313000,0,0,0,100000,413000,-313000,-313000
05850P,台積電兆豐96售06,0,0,0,0,0,0,0,0,0,-313000,0,0,0,226000,539000,-313000,-313000
048052,力成中信93購01  ,0,0,0,0,0,0,0,0,0,-314000,0,0,0,0,314000,-314000,-314000
047534,聯茂元大93購05  ,0,0,0,0,0,0,0,0,0,-314000,0,0,0,68000,382000,-314000,-314000
05899P,臺股指凱基96售30,0,0,0,0,0,0,0,0,0,-314000,0,0,0,12000,326000,-314000,-314000
055053,瑞昱永豐97購01  ,0,0,0,0,0,0,0,0,0,-314000,0,0,0,22000,336000,-314000,-314000
054573,漢唐元大98購01  ,0,0,0,0,0,0,0,0,0,-315000,0,0,0,0,315000,-315000,-315000
054204,元金2X國票9B購02,0,0,0,0,0,0,0,0,0,-315000,0,0,0,0,315000,-315000,-315000
04799P,健策元大94售03  ,0,0,0,0,0,0,0,0,0,-315000,0,0,0,0,315000,-315000,-315000
047572,深中小群益95購01,0,0,0,0,0,0,0,0,0,-315000,0,0,0,0,315000,-315000,-315000
051124,創意群益95購01  ,0,0,0,0,0,0,0,0,0,-316000,0,0,0,22000,338000,-316000,-316000
05203P,華新科元大95售10,0,0,0,0,0,0,0,0,0,-316000,0,0,0,100000,416000,-316000,-316000
054070,創意國泰96購02  ,0,0,0,0,0,0,0,0,0,-317000,0,0,0,985000,1302000,-317000,-317000
052861,台光電凱基96購03,0,0,0,0,0,0,0,0,0,-317000,0,0,0,56000,373000,-317000,-317000
051774,聯茂中信96購01  ,0,0,0,0,0,0,0,0,0,-317000,0,0,0,65000,382000,-317000,-317000
053454,創意統一96購02  ,0,0,0,0,0,0,0,0,0,-318000,0,0,0,61000,379000,-318000,-318000
053239,崇越永豐96購01  ,0,0,0,0,0,0,0,0,0,-318000,0,0,0,2000,320000,-318000,-318000
044578,緯創凱基93購02  ,0,0,0,0,0,0,0,0,0,-318000,0,0,0,74000,392000,-318000,-318000
04615P,華新科群益94售03,0,0,0,0,0,0,0,0,0,-318000,0,0,0,0,318000,-318000,-318000
04608P,晶相光永豐94售02,0,0,0,0,0,0,0,0,0,-318000,0,0,0,6000,324000,-318000,-318000
050934,喬山國票96購01  ,0,0,0,0,0,0,0,0,0,-318000,0,0,0,55000,373000,-318000,-318000
049884,訊芯永豐94購01  ,0,0,0,0,0,0,0,0,0,-318000,0,0,0,83000,401000,-318000,-318000
05026P,貿聯群益95售01  ,0,0,0,0,0,0,0,0,0,-318000,0,0,0,3000,321000,-318000,-318000
052498,台積電永豐95購06,0,0,0,0,0,0,0,0,0,-319000,0,0,0,669000,988000,-319000,-319000
051969,世紀鋼永豐95購01,0,0,0,0,0,0,0,0,0,-319000,0,0,0,35000,354000,-319000,-319000
047681,滬深反中信95購01,0,0,0,0,0,0,0,0,0,-320000,0,0,0,0,320000,-320000,-320000
04869P,鴻海元富95售02  ,0,0,0,0,0,0,0,0,0,-320000,0,0,0,135000,455000,-320000,-320000
053703,緯穎兆豐96購01  ,0,0,0,0,0,0,0,0,0,-321000,0,0,0,75000,396000,-321000,-321000
08163P,T50正2中信95售01,0,0,0,0,0,0,0,0,0,-321000,0,0,0,10000,331000,-321000,-321000
051889,智邦元富95購02  ,0,0,0,0,0,0,0,0,0,-322000,0,0,0,57000,379000,-322000,-322000
051376,力山群益95購01  ,0,0,0,0,0,0,0,0,0,-322000,0,0,0,10000,332000,-322000,-322000
054648,智原群益98購01  ,0,0,0,0,0,0,0,0,0,-323000,0,0,0,70000,393000,-323000,-323000
049013,川湖群益94購01  ,0,0,0,0,0,0,0,0,0,-323000,0,0,0,1000,324000,-323000,-323000
047798,臺股指群益93購09,0,0,0,0,0,0,0,0,0,-324000,0,0,0,84000,408000,-324000,-324000
044049,元金2X元大94購03,0,0,0,0,0,0,0,0,0,-324000,0,0,0,26000,350000,-324000,-324000
051771,上銀中信95購01  ,0,0,0,0,0,0,0,0,0,-324000,0,0,0,100000,424000,-324000,-324000
049949,燿華群益96購01  ,0,0,0,0,0,0,0,0,0,-324000,0,0,0,0,324000,-324000,-324000
053168,晶技群益98購01  ,0,0,0,0,0,0,0,0,0,-326000,0,0,0,10000,336000,-326000,-326000
043457,鴻海元大93購01  ,0,0,0,0,0,0,0,0,0,-326000,0,0,0,43000,369000,-326000,-326000
053638,信邦永豐96購01  ,0,0,0,0,0,0,0,0,0,-327000,0,0,0,138000,465000,-327000,-327000
04104P,臺股指國票93售11,0,0,0,0,0,0,0,0,0,-327000,0,0,0,116000,443000,-327000,-327000
044997,信邦國泰93購01  ,0,0,0,0,0,0,0,0,0,-327000,0,0,0,183000,510000,-327000,-327000
049367,全新元大96購01  ,0,0,0,0,0,0,0,0,0,-327000,0,0,0,205000,532000,-327000,-327000
053432,世紀鋼永豐96購02,0,0,0,0,0,0,0,0,0,-328000,0,0,0,70000,398000,-328000,-328000
054831,緯穎國泰98購01  ,0,0,0,0,0,0,0,0,0,-328000,0,0,0,154000,482000,-328000,-328000
053885,全新兆豐96購01  ,0,0,0,0,0,0,0,0,0,-328000,0,0,0,88000,416000,-328000,-328000
045716,智邦凱基92購02  ,0,0,0,0,0,0,0,0,0,-328000,0,0,0,0,328000,-328000,-328000
054450,聯茂第一96購01  ,0,0,0,0,0,0,0,0,0,-330000,0,0,0,0,330000,-330000,-330000
049076,佳世達凱基94購01,0,0,0,0,0,0,0,0,0,-330000,0,0,0,10000,340000,-330000,-330000
05895P,奇力新群益96售03,0,0,0,0,0,0,0,0,0,-330000,0,0,0,44000,374000,-330000,-330000
05716P,T50反1元大98售03,0,0,0,0,0,0,0,0,0,-330000,0,0,0,0,330000,-330000,-330000
047940,台光電國票93購01,0,0,0,0,0,0,0,0,0,-332000,0,0,0,65000,397000,-332000,-332000
054708,華通統一97購02  ,0,0,0,0,0,0,0,0,0,-334000,0,0,0,216000,550000,-334000,-334000
053051,楠梓電國票97購01,0,0,0,0,0,0,0,0,0,-334000,0,0,0,0,334000,-334000,-334000
054699,復盛永豐97購01  ,0,0,0,0,0,0,0,0,0,-335000,0,0,0,0,335000,-335000,-335000
4906,正文            ,27000,408000,-381000,0,0,0,0,0,0,46000,63000,35000,28000,23000,5000,18000,-335000
05310P,智原永豐95售04  ,0,0,0,0,0,0,0,0,0,-336000,0,0,0,43000,379000,-336000,-336000
048067,台光電元富93購01,0,0,0,0,0,0,0,0,0,-336000,0,0,0,10000,346000,-336000,-336000
049761,亞德客國泰95購03,0,0,0,0,0,0,0,0,0,-336000,0,0,0,204000,540000,-336000,-336000
053651,台光電凱基98購01,0,0,0,0,0,0,0,0,0,-337000,0,0,0,172000,509000,-337000,-337000
050834,啟碁凱基95購01  ,0,0,0,0,0,0,0,0,0,-337000,0,0,0,25000,362000,-337000,-337000
054833,京鼎中信97購01  ,0,0,0,0,0,0,0,0,0,-340000,0,0,0,65000,405000,-340000,-340000
054449,中環第一96購01  ,0,0,0,0,0,0,0,0,0,-342000,0,0,0,0,342000,-342000,-342000
046732,啟碁元大93購01  ,0,0,0,0,0,0,0,0,0,-342000,0,0,0,0,342000,-342000,-342000
052959,聯電凱基97購01  ,0,0,0,0,0,0,0,0,0,-343000,0,0,0,70000,413000,-343000,-343000
045690,啟碁元大92購01  ,0,0,0,0,0,0,0,0,0,-343000,0,0,0,0,343000,-343000,-343000
046139,京元電統一92購04,0,0,0,0,0,0,0,0,0,-344000,0,0,0,157000,501000,-344000,-344000
055178,晶豪科統一97購01,0,0,0,0,0,0,0,0,0,-344000,0,0,0,0,344000,-344000,-344000
1313,聯成            ,21000,372000,-351000,0,0,0,0,0,0,4000,4000,0,4000,0,0,0,-347000
050146,訊芯康和94購02  ,0,0,0,0,0,0,0,0,0,-348000,0,0,0,75000,423000,-348000,-348000
04046P,台積電元大93售24,0,0,0,0,0,0,0,0,0,-350000,0,0,0,0,350000,-350000,-350000
049473,光罩永豐94購03  ,0,0,0,0,0,0,0,0,0,-350000,0,0,0,10000,360000,-350000,-350000
048189,臺指反元大96購06,0,0,0,0,0,0,0,0,0,-350000,0,0,0,0,350000,-350000,-350000
049728,正崴中信94購01  ,0,0,0,0,0,0,0,0,0,-350000,0,0,0,0,350000,-350000,-350000
054397,創意永豐96購05  ,0,0,0,0,0,0,0,0,0,-352000,0,0,0,58000,410000,-352000,-352000
050093,國巨永豐94購05  ,0,0,0,0,0,0,0,0,0,-352000,0,0,0,284000,636000,-352000,-352000
044510,台光電凱基93購04,0,0,0,0,0,0,0,0,0,-353000,0,0,0,18000,371000,-353000,-353000
05553P,智原群益96售01  ,0,0,0,0,0,0,0,0,0,-353000,0,0,0,22000,375000,-353000,-353000
047271,華通永豐93購01  ,0,0,0,0,0,0,0,0,0,-354000,0,0,0,149000,503000,-354000,-354000
042903,金寶元大94購01  ,0,0,0,0,0,0,0,0,0,-355000,0,0,0,203000,558000,-355000,-355000
051096,日月光元大95購01,0,0,0,0,0,0,0,0,0,-356000,0,0,0,26000,382000,-356000,-356000
054543,元金2X中信01購01,0,0,0,0,0,0,0,0,0,-357000,0,0,0,0,357000,-357000,-357000
05411P,台積電國票96售08,0,0,0,0,0,0,0,0,0,-360000,0,0,0,0,360000,-360000,-360000
054050,創意元大96購06  ,0,0,0,0,0,0,0,0,0,-361000,0,0,0,59000,420000,-361000,-361000
053506,南茂兆豐97購01  ,0,0,0,0,0,0,0,0,0,-361000,0,0,0,8000,369000,-361000,-361000
042803,天鈺元大93購01  ,0,0,0,0,0,0,0,0,0,-361000,0,0,0,6000,367000,-361000,-361000
054581,訊芯元大97購02  ,0,0,0,0,0,0,0,0,0,-362000,0,0,0,441000,803000,-362000,-362000
050051,智原群益94購01  ,0,0,0,0,0,0,0,0,0,-362000,0,0,0,40000,402000,-362000,-362000
049611,緯穎兆豐95購02  ,0,0,0,0,0,0,0,0,0,-362000,0,0,0,30000,392000,-362000,-362000
050565,矽格元富94購01  ,0,0,0,0,0,0,0,0,0,-362000,0,0,0,101000,463000,-362000,-362000
5534,長虹            ,108000,377418,-269418,0,0,0,0,75000,-75000,-18000,4000,22000,-18000,0,0,0,-362418
8039,台虹            ,233000,878000,-645000,0,0,0,280000,0,280000,2000,18000,42000,-24000,90000,64000,26000,-363000
049293,友訊群益95購01  ,0,0,0,0,0,0,0,0,0,-364000,0,0,0,48000,412000,-364000,-364000
05446P,緯穎元大95售04  ,0,0,0,0,0,0,0,0,0,-365000,0,0,0,20000,385000,-365000,-365000
04414P,牧德元富94售04  ,0,0,0,0,0,0,0,0,0,-365000,0,0,0,10000,375000,-365000,-365000
048936,玉晶光永豐94購05,0,0,0,0,0,0,0,0,0,-365000,0,0,0,184000,549000,-365000,-365000
048268,長榮航中信95購01,0,0,0,0,0,0,0,0,0,-365000,0,0,0,0,365000,-365000,-365000
046540,創意群益92購04  ,0,0,0,0,0,0,0,0,0,-365000,0,0,0,51000,416000,-365000,-365000
049763,美食國泰96購01  ,0,0,0,0,0,0,0,0,0,-365000,0,0,0,208000,573000,-365000,-365000
03996P,旺宏國泰95售01  ,0,0,0,0,0,0,0,0,0,-367000,0,0,0,8000,375000,-367000,-367000
6209,今國光          ,20000,391000,-371000,0,0,0,0,0,0,4000,4000,0,4000,0,0,0,-367000
054571,楠梓電元大99購01,0,0,0,0,0,0,0,0,0,-369000,0,0,0,233000,602000,-369000,-369000
053978,創意元大96購05  ,0,0,0,0,0,0,0,0,0,-369000,0,0,0,128000,497000,-369000,-369000
050123,群臺反凱基96購01,0,0,0,0,0,0,0,0,0,-369000,0,0,0,0,369000,-369000,-369000
050867,聯鈞永豐95購01  ,0,0,0,0,0,0,0,0,0,-369000,0,0,0,109000,478000,-369000,-369000
053417,上銀永豐96購02  ,0,0,0,0,0,0,0,0,0,-370000,0,0,0,143000,513000,-370000,-370000
04337P,台積電元大93售25,0,0,0,0,0,0,0,0,0,-370000,0,0,0,0,370000,-370000,-370000
044405,材料凱基93購01  ,0,0,0,0,0,0,0,0,0,-370000,0,0,0,50000,420000,-370000,-370000
054587,玉晶光國泰99購01,0,0,0,0,0,0,0,0,0,-371000,0,0,0,220000,591000,-371000,-371000
05048P,同欣電永豐95售01,0,0,0,0,0,0,0,0,0,-372000,0,0,0,2000,374000,-372000,-372000
048583,智原富邦98購01  ,0,0,0,0,0,0,0,0,0,-373000,0,0,0,103000,476000,-373000,-373000
049466,創意台新94購01  ,0,0,0,0,0,0,0,0,0,-373000,0,0,0,60000,433000,-373000,-373000
052980,上銀元大96購03  ,0,0,0,0,0,0,0,0,0,-375000,0,0,0,313000,688000,-375000,-375000
046094,南茂兆豐92購01  ,0,0,0,0,0,0,0,0,0,-375000,0,0,0,0,375000,-375000,-375000
048807,崇越中信94購01  ,0,0,0,0,0,0,0,0,0,-375000,0,0,0,0,375000,-375000,-375000
055176,大毅統一98購02  ,0,0,0,0,0,0,0,0,0,-375000,0,0,0,0,375000,-375000,-375000
053700,臺股指元大96購23,0,0,0,0,0,0,0,0,0,-376000,0,0,0,20000,396000,-376000,-376000
047969,台達電富邦97購01,0,0,0,0,0,0,0,0,0,-376000,0,0,0,114000,490000,-376000,-376000
2867,三商壽          ,121000,510000,-389000,0,0,0,0,0,0,13000,13000,0,13000,0,0,0,-376000
053426,創意永豐96購04  ,0,0,0,0,0,0,0,0,0,-377000,0,0,0,342000,719000,-377000,-377000
00738U,元大道瓊白銀    ,10000,64000,-54000,0,0,0,0,0,0,-323000,0,0,0,317000,640000,-323000,-377000
050253,百和國泰96購01  ,0,0,0,0,0,0,0,0,0,-377000,0,0,0,22000,399000,-377000,-377000
04975P,華新科凱基96售02,0,0,0,0,0,0,0,0,0,-378000,0,0,0,0,378000,-378000,-378000
053962,聯茂永豐96購01  ,0,0,0,0,0,0,0,0,0,-379000,0,0,0,12000,391000,-379000,-379000
048547,訊芯永豐93購03  ,0,0,0,0,0,0,0,0,0,-379000,0,0,0,86000,465000,-379000,-379000
049053,可成永豐94購01  ,0,0,0,0,0,0,0,0,0,-380000,0,0,0,0,380000,-380000,-380000
1907,永豐餘          ,3000,442000,-439000,0,0,0,57000,0,57000,0,0,0,0,0,0,0,-382000
052165,訊芯永豐95購03  ,0,0,0,0,0,0,0,0,0,-383000,0,0,0,67000,450000,-383000,-383000
055143,臻鼎永豐97購01  ,0,0,0,0,0,0,0,0,0,-383000,0,0,0,0,383000,-383000,-383000
053399,創意中信96購01  ,0,0,0,0,0,0,0,0,0,-384000,0,0,0,0,384000,-384000,-384000
051187,晶相光永豐95購01,0,0,0,0,0,0,0,0,0,-384000,0,0,0,434000,818000,-384000,-384000
053854,聯茂國泰97購02  ,0,0,0,0,0,0,0,0,0,-385000,0,0,0,68000,453000,-385000,-385000
050835,GIS凱基96購01   ,0,0,0,0,0,0,0,0,0,-385000,0,0,0,30000,415000,-385000,-385000
050762,楠梓電元大94購02,0,0,0,0,0,0,0,0,0,-385000,0,0,0,0,385000,-385000,-385000
053894,創意群益96購01  ,0,0,0,0,0,0,0,0,0,-386000,0,0,0,26000,412000,-386000,-386000
050397,力成元富94購01  ,0,0,0,0,0,0,0,0,0,-387000,0,0,0,17000,404000,-387000,-387000
054458,復盛群益96購01  ,0,0,0,0,0,0,0,0,0,-388000,0,0,0,98000,486000,-388000,-388000
054642,訊芯中信9A購01  ,0,0,0,0,0,0,0,0,0,-389000,0,0,0,83000,472000,-389000,-389000
053334,訊芯永豐96購01  ,0,0,0,0,0,0,0,0,0,-392000,0,0,0,298000,690000,-392000,-392000
2882,國泰金          ,3923100,5057006,-1133906,0,0,0,912000,218000,694000,47000,47000,36000,11000,39000,3000,36000,-392906
054545,奇力新中信98購01,0,0,0,0,0,0,0,0,0,-393000,0,0,0,18000,411000,-393000,-393000
047196,上銀統一97購01  ,0,0,0,0,0,0,0,0,0,-393000,0,0,0,519000,912000,-393000,-393000
054390,智邦元富96購03  ,0,0,0,0,0,0,0,0,0,-396000,0,0,0,58000,454000,-396000,-396000
043511,上銀富邦93購01  ,0,0,0,0,0,0,0,0,0,-396000,0,0,0,262000,658000,-396000,-396000
051279,喬山兆豐96購01  ,0,0,0,0,0,0,0,0,0,-397000,0,0,0,10000,407000,-397000,-397000
052399,台光電凱基95購03,0,0,0,0,0,0,0,0,0,-398000,0,0,0,20000,418000,-398000,-398000
045516,聯茂統一94購01  ,0,0,0,0,0,0,0,0,0,-398000,0,0,0,51000,449000,-398000,-398000
047498,力成康和93購01  ,0,0,0,0,0,0,0,0,0,-399000,0,0,0,205000,604000,-399000,-399000
047983,宏達電群益93購04,0,0,0,0,0,0,0,0,0,-399000,0,0,0,0,399000,-399000,-399000
046606,世紀鋼群益93購01,0,0,0,0,0,0,0,0,0,-399000,0,0,0,0,399000,-399000,-399000
054374,信邦中信96購01  ,0,0,0,0,0,0,0,0,0,-400000,0,0,0,80000,480000,-400000,-400000
04540P,聯詠永豐94售02  ,0,0,0,0,0,0,0,0,0,-400000,0,0,0,0,400000,-400000,-400000
043842,寶滬深元富91購01,0,0,0,0,0,0,0,0,0,-400000,0,0,0,0,400000,-400000,-400000
050415,力成永豐94購01  ,0,0,0,0,0,0,0,0,0,-400000,0,0,0,33000,433000,-400000,-400000
055039,神達富邦99購01  ,0,0,0,0,0,0,0,0,0,-400000,0,0,0,0,400000,-400000,-400000
053436,聯茂日盛96購01  ,0,0,0,0,0,0,0,0,0,-401000,0,0,0,271000,672000,-401000,-401000
050531,訊芯元大95購02  ,0,0,0,0,0,0,0,0,0,-401000,0,0,0,178000,579000,-401000,-401000
04786P,鴻海永昌96售01  ,0,0,0,0,0,0,0,0,0,-402000,0,0,0,3000,405000,-402000,-402000
051358,台新金元大95購01,0,0,0,0,0,0,0,0,0,-402000,0,0,0,0,402000,-402000,-402000
2383,台光電          ,390787,1411000,-1020213,0,0,0,373000,6000,367000,250000,360000,359000,1000,364000,115000,249000,-403213
047604,智原國泰95購01  ,0,0,0,0,0,0,0,0,0,-404000,0,0,0,93000,497000,-404000,-404000
053689,台光電元大96購01,0,0,0,0,0,0,0,0,0,-405000,0,0,0,50000,455000,-405000,-405000
055017,緯穎元富97購01  ,0,0,0,0,0,0,0,0,0,-405000,0,0,0,0,405000,-405000,-405000
047783,聯茂國泰94購02  ,0,0,0,0,0,0,0,0,0,-408000,0,0,0,193000,601000,-408000,-408000
051359,中信金元大95購01,0,0,0,0,0,0,0,0,0,-408000,0,0,0,804000,1212000,-408000,-408000
3518,柏騰            ,136000,593000,-457000,0,0,0,0,0,0,48000,48000,0,48000,0,0,0,-409000
054094,創意群益96購02  ,0,0,0,0,0,0,0,0,0,-410000,0,0,0,5000,415000,-410000,-410000
050973,S&P反1統一95購01,0,0,0,0,0,0,0,0,0,-410000,0,0,0,0,410000,-410000,-410000
6166,凌華            ,72000,492000,-420000,0,0,0,0,0,0,10000,15000,1000,14000,5000,9000,-4000,-410000
053332,創意永豐96購03  ,0,0,0,0,0,0,0,0,0,-411000,0,0,0,231000,642000,-411000,-411000
048026,瑞昱凱基94購01  ,0,0,0,0,0,0,0,0,0,-414000,0,0,0,12000,426000,-414000,-414000
05912P,和大元大96售01  ,0,0,0,0,0,0,0,0,0,-414000,0,0,0,52000,466000,-414000,-414000
051614,元金2X凱基97購01,0,0,0,0,0,0,0,0,0,-417000,0,0,0,580000,997000,-417000,-417000
05882P,華新科永豐96售01,0,0,0,0,0,0,0,0,0,-417000,0,0,0,124000,541000,-417000,-417000
050452,智原元大95購04  ,0,0,0,0,0,0,0,0,0,-418000,0,0,0,74000,492000,-418000,-418000
047397,啟碁元大93購05  ,0,0,0,0,0,0,0,0,0,-419000,0,0,0,0,419000,-419000,-419000
051186,創意永豐95購01  ,0,0,0,0,0,0,0,0,0,-419000,0,0,0,0,419000,-419000,-419000
055160,玉晶光元大99購03,0,0,0,0,0,0,0,0,0,-419000,0,0,0,112000,531000,-419000,-419000
048941,牧德永豐94購02  ,0,0,0,0,0,0,0,0,0,-420000,0,0,0,162000,582000,-420000,-420000
049379,智原元大95購01  ,0,0,0,0,0,0,0,0,0,-420000,0,0,0,142000,562000,-420000,-420000
050388,鴻海統一94購09  ,0,0,0,0,0,0,0,0,0,-420000,0,0,0,545000,965000,-420000,-420000
05854P,華新科凱基96售09,0,0,0,0,0,0,0,0,0,-420000,0,0,0,0,420000,-420000,-420000
2387,精元            ,165000,516000,-351000,0,0,0,0,80000,-80000,9000,0,0,0,9000,0,9000,-422000
1201,味全            ,74000,548000,-474000,0,0,0,0,0,0,51000,0,0,0,51000,0,51000,-423000
054670,康友元富97購01  ,0,0,0,0,0,0,0,0,0,-424000,0,0,0,130000,554000,-424000,-424000
1402,遠東新          ,1458779,2237000,-778221,0,0,0,418000,0,418000,-65000,12000,75000,-63000,3000,5000,-2000,-425221
045665,聯電元富92購01  ,0,0,0,0,0,0,0,0,0,-426000,0,0,0,20000,446000,-426000,-426000
051604,喬山群益95購01  ,0,0,0,0,0,0,0,0,0,-426000,0,0,0,0,426000,-426000,-426000
046474,創意永豐92購03  ,0,0,0,0,0,0,0,0,0,-429000,0,0,0,3000,432000,-429000,-429000
049500,聯茂元大94購04  ,0,0,0,0,0,0,0,0,0,-430000,0,0,0,68000,498000,-430000,-430000
06042P,華新科永豐96售04,0,0,0,0,0,0,0,0,0,-431000,0,0,0,129000,560000,-431000,-431000
054886,大毅統一97購01  ,0,0,0,0,0,0,0,0,0,-432000,0,0,0,151000,583000,-432000,-432000
047218,南茂日盛93購01  ,0,0,0,0,0,0,0,0,0,-435000,0,0,0,0,435000,-435000,-435000
047257,南茂群益93購01  ,0,0,0,0,0,0,0,0,0,-435000,0,0,0,50000,485000,-435000,-435000
049623,創意群益94購01  ,0,0,0,0,0,0,0,0,0,-437000,0,0,0,7000,444000,-437000,-437000
054903,億光康和97購02  ,0,0,0,0,0,0,0,0,0,-438000,0,0,0,0,438000,-438000,-438000
053395,致茂中信96購01  ,0,0,0,0,0,0,0,0,0,-444000,0,0,0,30000,474000,-444000,-444000
04228P,貿聯永豐93售03  ,0,0,0,0,0,0,0,0,0,-444000,0,0,0,22000,466000,-444000,-444000
052935,康友元大96購03  ,0,0,0,0,0,0,0,0,0,-446000,0,0,0,196000,642000,-446000,-446000
043652,微星國泰93購01  ,0,0,0,0,0,0,0,0,0,-446000,0,0,0,0,446000,-446000,-446000
051437,百和元富95購02  ,0,0,0,0,0,0,0,0,0,-446000,0,0,0,1000,447000,-446000,-446000
051028,台光電元富95購02,0,0,0,0,0,0,0,0,0,-447000,0,0,0,16000,463000,-447000,-447000
05180P,玉晶光凱基95售04,0,0,0,0,0,0,0,0,0,-449000,0,0,0,220000,669000,-449000,-449000
048382,T50反1國票96購01,0,0,0,0,0,0,0,0,0,-450000,0,0,0,0,450000,-450000,-450000
049663,正崴永豐94購01  ,0,0,0,0,0,0,0,0,0,-450000,0,0,0,0,450000,-450000,-450000
045807,上緯控國票93購01,0,0,0,0,0,0,0,0,0,-453000,0,0,0,2000,455000,-453000,-453000
046173,聯發科永豐92購01,0,0,0,0,0,0,0,0,0,-454000,0,0,0,1732000,2186000,-454000,-454000
051162,楠梓電元大95購01,0,0,0,0,0,0,0,0,0,-454000,0,0,0,0,454000,-454000,-454000
052915,創意元富96購01  ,0,0,0,0,0,0,0,0,0,-455000,0,0,0,13000,468000,-455000,-455000
053215,禾伸堂凱基96購01,0,0,0,0,0,0,0,0,0,-455000,0,0,0,124000,579000,-455000,-455000
049516,光罩國票94購02  ,0,0,0,0,0,0,0,0,0,-455000,0,0,0,50000,505000,-455000,-455000
052008,創意第一95購01  ,0,0,0,0,0,0,0,0,0,-455000,0,0,0,0,455000,-455000,-455000
049045,上海銀兆豐94購01,0,0,0,0,0,0,0,0,0,-456000,0,0,0,0,456000,-456000,-456000
051366,康友國泰97購01  ,0,0,0,0,0,0,0,0,0,-457000,0,0,0,710000,1167000,-457000,-457000
054074,健策富邦98購01  ,0,0,0,0,0,0,0,0,0,-458000,0,0,0,845000,1303000,-458000,-458000
054618,訊芯永豐97購01  ,0,0,0,0,0,0,0,0,0,-460000,0,0,0,0,460000,-460000,-460000
046184,台光電凱基93購08,0,0,0,0,0,0,0,0,0,-461000,0,0,0,4000,465000,-461000,-461000
04835P,鴻海元大94售18  ,0,0,0,0,0,0,0,0,0,-461000,0,0,0,0,461000,-461000,-461000
052829,上銀群益96購01  ,0,0,0,0,0,0,0,0,0,-462000,0,0,0,223000,685000,-462000,-462000
047149,聯鈞群益93購01  ,0,0,0,0,0,0,0,0,0,-463000,0,0,0,151000,614000,-463000,-463000
05351P,臺股指元富95售05,0,0,0,0,0,0,0,0,0,-464000,0,0,0,135000,599000,-464000,-464000
047503,T50反1國票93購03,0,0,0,0,0,0,0,0,0,-465000,0,0,0,0,465000,-465000,-465000
054661,嘉聯益元大97購03,0,0,0,0,0,0,0,0,0,-466000,0,0,0,19000,485000,-466000,-466000
044487,元油2X元大94購01,0,0,0,0,0,0,0,0,0,-466000,0,0,0,0,466000,-466000,-466000
045618,元油2X永豐98購01,0,0,0,0,0,0,0,0,0,-466000,0,0,0,0,466000,-466000,-466000
051991,泰碩元大95購02  ,0,0,0,0,0,0,0,0,0,-466000,0,0,0,164000,630000,-466000,-466000
044600,上銀國泰93購01  ,0,0,0,0,0,0,0,0,0,-467000,0,0,0,62000,529000,-467000,-467000
047329,聯茂元大93購04  ,0,0,0,0,0,0,0,0,0,-468000,0,0,0,111000,579000,-468000,-468000
2439,美律            ,200000,686000,-486000,0,0,0,0,0,0,18000,70000,87000,-17000,77000,42000,35000,-468000
045856,南亞科國泰94購01,0,0,0,0,0,0,0,0,0,-470000,0,0,0,26000,496000,-470000,-470000
020000,富邦特選蘋果N   ,0,0,0,0,0,0,0,0,0,-471000,0,0,0,111000,582000,-471000,-471000
054530,台光電國泰97購03,0,0,0,0,0,0,0,0,0,-472000,0,0,0,156000,628000,-472000,-472000
053114,聯茂兆豐97購01  ,0,0,0,0,0,0,0,0,0,-472000,0,0,0,0,472000,-472000,-472000
052152,創意富邦98購01  ,0,0,0,0,0,0,0,0,0,-472000,0,0,0,23000,495000,-472000,-472000
05536P,奇力新元大96售03,0,0,0,0,0,0,0,0,0,-473000,0,0,0,1000,474000,-473000,-473000
054267,上銀第一96購01  ,0,0,0,0,0,0,0,0,0,-474000,0,0,0,0,474000,-474000,-474000
055056,億光永豐97購01  ,0,0,0,0,0,0,0,0,0,-476000,0,0,0,0,476000,-476000,-476000
047054,聯詠國票93購01  ,0,0,0,0,0,0,0,0,0,-480000,0,0,0,60000,540000,-480000,-480000
052672,世紀鋼群益96購02,0,0,0,0,0,0,0,0,0,-484000,0,0,0,0,484000,-484000,-484000
054230,上銀群益96購03  ,0,0,0,0,0,0,0,0,0,-485000,0,0,0,29000,514000,-485000,-485000
048937,玉晶光永豐95購01,0,0,0,0,0,0,0,0,0,-485000,0,0,0,260000,745000,-485000,-485000
05585P,臺股指凱基96售14,0,0,0,0,0,0,0,0,0,-486000,0,0,0,79000,565000,-486000,-486000
2534,宏盛            ,150000,637280,-487280,0,0,0,0,0,0,1000,0,0,0,2000,1000,1000,-486280
053560,漢唐國泰98購01  ,0,0,0,0,0,0,0,0,0,-487000,0,0,0,130000,617000,-487000,-487000
047451,世紀鋼元大93購04,0,0,0,0,0,0,0,0,0,-488000,0,0,0,0,488000,-488000,-488000
050680,上銀元富94購01  ,0,0,0,0,0,0,0,0,0,-488000,0,0,0,30000,518000,-488000,-488000
052351,中環元富95購01  ,0,0,0,0,0,0,0,0,0,-489000,0,0,0,0,489000,-489000,-489000
054378,楠梓電群益98購01,0,0,0,0,0,0,0,0,0,-489000,0,0,0,168000,657000,-489000,-489000
046350,上銀群益92購02  ,0,0,0,0,0,0,0,0,0,-491000,0,0,0,0,491000,-491000,-491000
053770,元金2X元大98購01,0,0,0,0,0,0,0,0,0,-493000,0,0,0,45000,538000,-493000,-493000
04512P,臺股指元大94售07,0,0,0,0,0,0,0,0,0,-493000,0,0,0,130000,623000,-493000,-493000
3706,神達            ,68000,325000,-257000,0,0,0,13000,300000,-287000,50750,14000,1250,12750,38000,0,38000,-493250
045846,喬山康和92購01  ,0,0,0,0,0,0,0,0,0,-499000,0,0,0,0,499000,-499000,-499000
049706,世紀鋼元大95購02,0,0,0,0,0,0,0,0,0,-499000,0,0,0,0,499000,-499000,-499000
045459,致茂元大92購01  ,0,0,0,0,0,0,0,0,0,-500000,0,0,0,9000,509000,-500000,-500000
03777P,華通中信95售01  ,0,0,0,0,0,0,0,0,0,-500000,0,0,0,0,500000,-500000,-500000
054838,京鼎第一97購01  ,0,0,0,0,0,0,0,0,0,-504000,0,0,0,1000,505000,-504000,-504000
054828,正崴國泰99購01  ,0,0,0,0,0,0,0,0,0,-506000,0,0,0,192000,698000,-506000,-506000
043066,上銀兆豐93購02  ,0,0,0,0,0,0,0,0,0,-506000,0,0,0,46000,552000,-506000,-506000
043650,喬山國泰93購02  ,0,0,0,0,0,0,0,0,0,-507000,0,0,0,194000,701000,-507000,-507000
047938,台化國票93購01  ,0,0,0,0,0,0,0,0,0,-507000,0,0,0,0,507000,-507000,-507000
048155,瑞昱兆豐93購01  ,0,0,0,0,0,0,0,0,0,-508000,0,0,0,70000,578000,-508000,-508000
05821P,臺股指凱基96售18,0,0,0,0,0,0,0,0,0,-509000,0,0,0,10000,519000,-509000,-509000
054962,玉晶光元大99購02,0,0,0,0,0,0,0,0,0,-513000,0,0,0,174000,687000,-513000,-513000
045871,元油2X元富96購03,0,0,0,0,0,0,0,0,0,-516000,0,0,0,0,516000,-516000,-516000
049669,訊芯國泰95購01  ,0,0,0,0,0,0,0,0,0,-517000,0,0,0,173000,690000,-517000,-517000
048871,晶豪科國票94購01,0,0,0,0,0,0,0,0,0,-518000,0,0,0,288000,806000,-518000,-518000
052747,京鼎元大97購01  ,0,0,0,0,0,0,0,0,0,-520000,0,0,0,267000,787000,-520000,-520000
03647C,T50反1元富99牛02,0,0,0,0,0,0,0,0,0,-520000,0,0,0,470000,990000,-520000,-520000
051470,玉晶光日盛95購01,0,0,0,0,0,0,0,0,0,-520000,0,0,0,14000,534000,-520000,-520000
2317,鴻海            ,13263546,12805800,457746,0,0,0,40000,1188000,-1148000,166000,33000,73000,-40000,681000,475000,206000,-524254
043525,創意元大92購02  ,0,0,0,0,0,0,0,0,0,-525000,0,0,0,0,525000,-525000,-525000
045139,台光電兆豐92購01,0,0,0,0,0,0,0,0,0,-525000,0,0,0,0,525000,-525000,-525000
047781,上銀國泰94購02  ,0,0,0,0,0,0,0,0,0,-525000,0,0,0,93000,618000,-525000,-525000
054685,國巨永豐97購02  ,0,0,0,0,0,0,0,0,0,-527000,0,0,0,316000,843000,-527000,-527000
6230,超眾            ,144000,696000,-552000,0,0,0,53000,61000,-8000,33000,37000,20000,17000,34000,18000,16000,-527000
00664R,國泰臺灣加權反1 ,0,0,0,0,0,0,0,0,0,-528000,0,0,0,506000,1034000,-528000,-528000
052223,聯電凱基96購02  ,0,0,0,0,0,0,0,0,0,-528000,0,0,0,45000,573000,-528000,-528000
9958,世紀鋼          ,100000,285000,-185000,0,0,0,0,544000,-544000,199000,7000,11000,-4000,220000,17000,203000,-530000
052816,上銀永豐96購01  ,0,0,0,0,0,0,0,0,0,-531000,0,0,0,433000,964000,-531000,-531000
051644,聯茂康和95購01  ,0,0,0,0,0,0,0,0,0,-531000,0,0,0,0,531000,-531000,-531000
06069P,台積電永豐97售01,0,0,0,0,0,0,0,0,0,-533000,0,0,0,1090000,1623000,-533000,-533000
051284,上銀統一95購02  ,0,0,0,0,0,0,0,0,0,-535000,0,0,0,0,535000,-535000,-535000
054889,京鼎統一99購01  ,0,0,0,0,0,0,0,0,0,-536000,0,0,0,382000,918000,-536000,-536000
055023,億光國泰98購01  ,0,0,0,0,0,0,0,0,0,-538000,0,0,0,190000,728000,-538000,-538000
06127P,泰碩元富97售01  ,0,0,0,0,0,0,0,0,0,-539000,0,0,0,10000,549000,-539000,-539000
052909,上銀統一96購01  ,0,0,0,0,0,0,0,0,0,-554000,0,0,0,52000,606000,-554000,-554000
06129P,玉晶光元富97售06,0,0,0,0,0,0,0,0,0,-555000,0,0,0,6000,561000,-555000,-555000
052823,創意永豐96購02  ,0,0,0,0,0,0,0,0,0,-558000,0,0,0,340000,898000,-558000,-558000
047348,台光電凱基94購02,0,0,0,0,0,0,0,0,0,-561000,0,0,0,0,561000,-561000,-561000
044960,京元電兆豐93購01,0,0,0,0,0,0,0,0,0,-562000,0,0,0,42000,604000,-562000,-562000
050304,台光電中信94購01,0,0,0,0,0,0,0,0,0,-562000,0,0,0,65000,627000,-562000,-562000
04316P,華新科國票94售05,0,0,0,0,0,0,0,0,0,-569000,0,0,0,100000,669000,-569000,-569000
04201P,智原群益93售01  ,0,0,0,0,0,0,0,0,0,-569000,0,0,0,221000,790000,-569000,-569000
055001,京鼎元富97購01  ,0,0,0,0,0,0,0,0,0,-570000,0,0,0,34000,604000,-570000,-570000
051397,聯茂兆豐95購03  ,0,0,0,0,0,0,0,0,0,-571000,0,0,0,5000,576000,-571000,-571000
2303,聯電            ,23526700,26725000,-3198300,0,0,0,930000,0,930000,1696000,777000,208000,569000,1327000,200000,1127000,-572300
2347,聯強            ,895500,1550000,-654500,0,0,0,10000,0,10000,72000,14000,0,14000,58000,0,58000,-572500
4943,康控-KY         ,124000,369000,-245000,0,0,0,0,311000,-311000,-17000,2000,0,2000,18000,37000,-19000,-573000
052027,智原群益95購01  ,0,0,0,0,0,0,0,0,0,-576000,0,0,0,55000,631000,-576000,-576000
054883,億光統一97購01  ,0,0,0,0,0,0,0,0,0,-577000,0,0,0,70000,647000,-577000,-577000
04783P,貿聯元富94售01  ,0,0,0,0,0,0,0,0,0,-580000,0,0,0,20000,600000,-580000,-580000
2327,國巨            ,1497800,1925000,-427200,0,0,0,140000,160000,-20000,-133000,60000,146000,-86000,65000,112000,-47000,-580200
00717,富邦美國特別股  ,0,0,0,0,0,0,0,0,0,-585000,0,0,0,300000,885000,-585000,-585000
048395,南亞科國票93購02,0,0,0,0,0,0,0,0,0,-589000,0,0,0,389000,978000,-589000,-589000
1902,台紙            ,10000,612000,-602000,0,0,0,0,0,0,10000,10000,0,10000,0,0,0,-592000
05322P,台積電凱基95售17,0,0,0,0,0,0,0,0,0,-594000,0,0,0,0,594000,-594000,-594000
053951,T50反1台新06購02,0,0,0,0,0,0,0,0,0,-596000,0,0,0,10000,606000,-596000,-596000
05942P,奇力新凱基96售04,0,0,0,0,0,0,0,0,0,-596000,0,0,0,0,596000,-596000,-596000
054934,金寶元大97購01  ,0,0,0,0,0,0,0,0,0,-597000,0,0,0,3000,600000,-597000,-597000
050743,京鼎永豐94購02  ,0,0,0,0,0,0,0,0,0,-598000,0,0,0,570000,1168000,-598000,-598000
03969P,華新科國票94售01,0,0,0,0,0,0,0,0,0,-599000,0,0,0,106000,705000,-599000,-599000
054675,美律台新98購01  ,0,0,0,0,0,0,0,0,0,-600000,0,0,0,20000,620000,-600000,-600000
047270,元油2X永豐94購02,0,0,0,0,0,0,0,0,0,-600000,0,0,0,0,600000,-600000,-600000
049431,光罩國票96購01  ,0,0,0,0,0,0,0,0,0,-600000,0,0,0,14000,614000,-600000,-600000
049220,聯發科國票95購02,0,0,0,0,0,0,0,0,0,-601000,0,0,0,399000,1000000,-601000,-601000
054900,金寶康和97購01  ,0,0,0,0,0,0,0,0,0,-602000,0,0,0,64000,666000,-602000,-602000
05641P,貿聯元富96售02  ,0,0,0,0,0,0,0,0,0,-604000,0,0,0,8000,612000,-604000,-604000
052770,聯茂群益96購02  ,0,0,0,0,0,0,0,0,0,-607000,0,0,0,0,607000,-607000,-607000
049185,南電凱基94購03  ,0,0,0,0,0,0,0,0,0,-610000,0,0,0,0,610000,-610000,-610000
03543P,台泥中信02售01  ,0,0,0,0,0,0,0,0,0,-611000,0,0,0,20000,631000,-611000,-611000
3702,大聯大          ,823100,683120,139980,0,0,0,38000,0,38000,-790000,44000,900000,-856000,66000,0,66000,-612020
052640,台表科凱基97購01,0,0,0,0,0,0,0,0,0,-613000,0,0,0,0,613000,-613000,-613000
04592P,台積電元大94售10,0,0,0,0,0,0,0,0,0,-618000,0,0,0,20000,638000,-618000,-618000
2455,全新            ,315000,1146000,-831000,0,0,0,20000,50000,-30000,243000,186000,28000,158000,118000,33000,85000,-618000
049741,創意群益94購02  ,0,0,0,0,0,0,0,0,0,-627000,0,0,0,11000,638000,-627000,-627000
048933,晶豪科永豐94購01,0,0,0,0,0,0,0,0,0,-631000,0,0,0,252000,883000,-631000,-631000
05374P,台積電國票96售07,0,0,0,0,0,0,0,0,0,-636000,0,0,0,39000,675000,-636000,-636000
05746P,台積電群益96售07,0,0,0,0,0,0,0,0,0,-637000,0,0,0,96000,733000,-637000,-637000
06153P,健策元大97售04  ,0,0,0,0,0,0,0,0,0,-639000,0,0,0,0,639000,-639000,-639000
051299,致茂凱基95購01  ,0,0,0,0,0,0,0,0,0,-643000,0,0,0,18000,661000,-643000,-643000
048882,智原統一96購01  ,0,0,0,0,0,0,0,0,0,-645000,0,0,0,64000,709000,-645000,-645000
048014,貿聯國票93購03  ,0,0,0,0,0,0,0,0,0,-652000,0,0,0,57000,709000,-652000,-652000
049869,訊芯兆豐94購01  ,0,0,0,0,0,0,0,0,0,-654000,0,0,0,41000,695000,-654000,-654000
047062,鴻海凱基93購24  ,0,0,0,0,0,0,0,0,0,-660000,0,0,0,590000,1250000,-660000,-660000
053809,上銀群益96購02  ,0,0,0,0,0,0,0,0,0,-661000,0,0,0,57000,718000,-661000,-661000
04434P,玉晶光國票96售02,0,0,0,0,0,0,0,0,0,-661000,0,0,0,203000,864000,-661000,-661000
051936,力山群益95購02  ,0,0,0,0,0,0,0,0,0,-661000,0,0,0,0,661000,-661000,-661000
048935,玉晶光永豐94購04,0,0,0,0,0,0,0,0,0,-665000,0,0,0,218000,883000,-665000,-665000
055163,訊芯元大98購01  ,0,0,0,0,0,0,0,0,0,-671000,0,0,0,82000,753000,-671000,-671000
04391P,玉晶光凱基95售03,0,0,0,0,0,0,0,0,0,-674000,0,0,0,0,674000,-674000,-674000
04191P,儒鴻永豐93售02  ,0,0,0,0,0,0,0,0,0,-675000,0,0,0,0,675000,-675000,-675000
051752,緯穎富邦96購01  ,0,0,0,0,0,0,0,0,0,-675000,0,0,0,322000,997000,-675000,-675000
054608,致茂永豐97購01  ,0,0,0,0,0,0,0,0,0,-683000,0,0,0,70000,753000,-683000,-683000
05002P,台積電統一95售03,0,0,0,0,0,0,0,0,0,-683000,0,0,0,50000,733000,-683000,-683000
05300P,健策元大95售02  ,0,0,0,0,0,0,0,0,0,-689000,0,0,0,0,689000,-689000,-689000
06011P,貿聯元富96售04  ,0,0,0,0,0,0,0,0,0,-692000,0,0,0,0,692000,-692000,-692000
05660P,玉晶光第一96售01,0,0,0,0,0,0,0,0,0,-695000,0,0,0,40000,735000,-695000,-695000
05739P,臺股指統一97售02,0,0,0,0,0,0,0,0,0,-697000,0,0,0,20000,717000,-697000,-697000
053959,晶豪科永豐96購02,0,0,0,0,0,0,0,0,0,-706000,0,0,0,63000,769000,-706000,-706000
2363,矽統            ,142000,879000,-737000,0,0,0,0,0,0,15000,15000,0,15000,0,0,0,-722000
00671R,富邦NASDAQ反1   ,3000,55000,-52000,0,0,0,0,0,0,-671000,0,0,0,0,671000,-671000,-723000
049114,玉晶光統一94購02,0,0,0,0,0,0,0,0,0,-723000,0,0,0,947000,1670000,-723000,-723000
3338,泰碩            ,106000,231000,-125000,0,0,0,0,579000,-579000,-23000,6000,21000,-15000,7000,15000,-8000,-727000
053845,和大元富96購01  ,0,0,0,0,0,0,0,0,0,-728000,0,0,0,511000,1239000,-728000,-728000
3026,禾伸堂          ,170000,764000,-594000,0,0,0,0,0,0,-144000,4000,0,4000,24000,172000,-148000,-738000
054890,聯鈞統一99購01  ,0,0,0,0,0,0,0,0,0,-741000,0,0,0,0,741000,-741000,-741000
042280,元石油富邦96購01,0,0,0,0,0,0,0,0,0,-745000,0,0,0,0,745000,-745000,-745000
054441,力成台新96購01  ,0,0,0,0,0,0,0,0,0,-748000,0,0,0,0,748000,-748000,-748000
03520P,臺股指國票02售09,0,0,0,0,0,0,0,0,0,-750000,0,0,0,0,750000,-750000,-750000
3665,貿聯-KY         ,443000,810000,-367000,0,0,0,21000,93000,-72000,-316000,163000,130000,33000,52000,401000,-349000,-755000
3653,健策            ,235000,1201000,-966000,0,0,0,122000,181000,-59000,263000,234000,40000,194000,166000,97000,69000,-762000
054963,牧德元大97購02  ,0,0,0,0,0,0,0,0,0,-764000,0,0,0,249000,1013000,-764000,-764000
3090,日電貿          ,50000,745000,-695000,0,0,0,0,0,0,-75000,5000,0,5000,16000,96000,-80000,-770000
050467,力成中信94購01  ,0,0,0,0,0,0,0,0,0,-771000,0,0,0,58000,829000,-771000,-771000
9802,鈺齊-KY         ,154000,787000,-633000,0,0,0,40000,0,40000,-182000,1000,37000,-36000,25000,171000,-146000,-775000
054504,聯鈞永豐96購01  ,0,0,0,0,0,0,0,0,0,-776000,0,0,0,74000,850000,-776000,-776000
051757,佳世達元大95購02,0,0,0,0,0,0,0,0,0,-778000,0,0,0,0,778000,-778000,-778000
055063,玉晶光永豐99購01,0,0,0,0,0,0,0,0,0,-779000,0,0,0,125000,904000,-779000,-779000
045936,富邦金群益94購01,0,0,0,0,0,0,0,0,0,-789000,0,0,0,0,789000,-789000,-789000
2845,遠東銀          ,112000,904702,-792702,0,0,0,0,0,0,0,0,0,0,0,0,0,-792702
048988,聯茂元大94購02  ,0,0,0,0,0,0,0,0,0,-802000,0,0,0,10000,812000,-802000,-802000
055159,玉晶光元大98購05,0,0,0,0,0,0,0,0,0,-809000,0,0,0,11000,820000,-809000,-809000
044356,創意元大92購04  ,0,0,0,0,0,0,0,0,0,-815000,0,0,0,68000,883000,-815000,-815000
052243,致茂康和95購01  ,0,0,0,0,0,0,0,0,0,-816000,0,0,0,119000,935000,-816000,-816000
053538,京鼎永豐96購03  ,0,0,0,0,0,0,0,0,0,-822000,0,0,0,130000,952000,-822000,-822000
2338,光罩            ,281000,1463000,-1182000,0,0,0,0,0,0,360000,45000,1000,44000,324000,8000,316000,-822000
3017,奇鋐            ,152000,944000,-792000,0,0,0,0,0,0,-30000,0,0,0,21000,51000,-30000,-822000
051027,楠梓電元富95購01,0,0,0,0,0,0,0,0,0,-828000,0,0,0,0,828000,-828000,-828000
048381,T50反1國票94購03,0,0,0,0,0,0,0,0,0,-830000,0,0,0,0,830000,-830000,-830000
045872,元油2X元富98購03,5000,0,5000,0,0,0,0,0,0,-843000,0,0,0,153000,996000,-843000,-838000
2809,京城銀          ,26000,931000,-905000,0,0,0,0,0,0,60000,67000,7000,60000,0,0,0,-845000
051107,鴻海統一95購05  ,0,0,0,0,0,0,0,0,0,-854000,0,0,0,220000,1074000,-854000,-854000
051799,台積電永豐96購01,0,0,0,0,0,0,0,0,0,-855000,0,0,0,63000,918000,-855000,-855000
06004P,奇力新永豐96售02,0,0,0,0,0,0,0,0,0,-855000,0,0,0,30000,885000,-855000,-855000
044615,聯茂兆豐93購01  ,0,0,0,0,0,0,0,0,0,-859000,0,0,0,170000,1029000,-859000,-859000
055191,牧德元富97購01  ,0,0,0,0,0,0,0,0,0,-859000,0,0,0,0,859000,-859000,-859000
053192,創意統一96購01  ,0,0,0,0,0,0,0,0,0,-864000,0,0,0,88000,952000,-864000,-864000
054345,世芯國票96購02  ,0,0,0,0,0,0,0,0,0,-865000,0,0,0,129000,994000,-865000,-865000
05211P,國巨國票96售05  ,0,0,0,0,0,0,0,0,0,-871000,0,0,0,31000,902000,-871000,-871000
05268P,玉晶光元大98售01,0,0,0,0,0,0,0,0,0,-872000,0,0,0,144000,1016000,-872000,-872000
050884,聯茂國泰96購01  ,0,0,0,0,0,0,0,0,0,-880000,0,0,0,315000,1195000,-880000,-880000
052449,創意元大95購04  ,0,0,0,0,0,0,0,0,0,-894000,0,0,0,45000,939000,-894000,-894000
047950,滬深2X永豐94購02,0,0,0,0,0,0,0,0,0,-904000,0,0,0,80000,984000,-904000,-904000
048931,晶華永豐94購01  ,0,0,0,0,0,0,0,0,0,-905000,0,0,0,10000,915000,-905000,-905000
044509,台光電凱基93購03,0,0,0,0,0,0,0,0,0,-924000,0,0,0,17000,941000,-924000,-924000
052190,創意群益95購03  ,0,0,0,0,0,0,0,0,0,-926000,0,0,0,0,926000,-926000,-926000
051585,美食元大95購01  ,0,0,0,0,0,0,0,0,0,-938000,0,0,0,65000,1003000,-938000,-938000
053992,中環群益96購01  ,0,0,0,0,0,0,0,0,0,-941000,0,0,0,0,941000,-941000,-941000
052497,楠梓電永豐96購01,0,0,0,0,0,0,0,0,0,-945000,0,0,0,0,945000,-945000,-945000
1722,台肥            ,170000,276000,-106000,0,0,0,0,0,0,-850000,0,845000,-845000,13000,18000,-5000,-956000
054268,健策第一96購01  ,0,0,0,0,0,0,0,0,0,-957000,0,0,0,641000,1598000,-957000,-957000
050754,元金2X元富9B購01,0,0,0,0,0,0,0,0,0,-975000,0,0,0,111000,1086000,-975000,-975000
054658,道瓊銀元大9A購01,0,0,0,0,0,0,0,0,0,-980000,0,0,0,0,980000,-980000,-980000
04060P,臺股指群益93售14,0,0,0,0,0,0,0,0,0,-989000,0,0,0,0,989000,-989000,-989000
05518P,T50反1凱基98售03,0,0,0,0,0,0,0,0,0,-1000000,0,0,0,500000,1500000,-1000000,-1000000
1605,華新            ,538000,1781000,-1243000,0,0,0,0,0,0,237000,33000,6000,27000,253000,43000,210000,-1006000
04655P,臺股指凱基94售14,0,0,0,0,0,0,0,0,0,-1011000,0,0,0,233000,1244000,-1011000,-1011000
5469,瀚宇博          ,763000,1527670,-764670,0,0,0,0,0,0,-251000,2000,0,2000,2000,255000,-253000,-1015670
053852,南亞科國泰98購01,0,0,0,0,0,0,0,0,0,-1022000,0,0,0,74000,1096000,-1022000,-1022000
053458,聯詠國泰97購01  ,0,0,0,0,0,0,0,0,0,-1030000,0,0,0,401000,1431000,-1030000,-1030000
9907,統一實          ,76000,1113000,-1037000,0,0,0,0,0,0,5000,5000,0,5000,0,0,0,-1032000
03913P,臺股指元大93售37,0,0,0,0,0,0,0,0,0,-1034000,0,0,0,0,1034000,-1034000,-1034000
047624,台達電國票93購01,0,0,0,0,0,0,0,0,0,-1044000,0,0,0,591000,1635000,-1044000,-1044000
048178,上銀富邦95購02  ,0,0,0,0,0,0,0,0,0,-1045000,0,0,0,155000,1200000,-1045000,-1045000
8271,宇瞻            ,156000,1205000,-1049000,0,0,0,0,0,0,3000,3000,0,3000,0,0,0,-1046000
048898,晶相光國泰96購01,0,0,0,0,0,0,0,0,0,-1049000,0,0,0,776000,1825000,-1049000,-1049000
05516P,台積電元大96售12,0,0,0,0,0,0,0,0,0,-1056000,0,0,0,100000,1156000,-1056000,-1056000
05638P,國巨統一96售04  ,0,0,0,0,0,0,0,0,0,-1078000,0,0,0,439000,1517000,-1078000,-1078000
054673,京鼎國泰98購01  ,0,0,0,0,0,0,0,0,0,-1086000,0,0,0,178000,1264000,-1086000,-1086000
2885,元大金          ,4279800,6668000,-2388200,0,0,0,1202000,478000,724000,564000,564000,0,564000,0,0,0,-1100200
1301,台塑            ,1389717,2415000,-1025283,0,0,0,4000,30000,-26000,-49000,55000,108000,-53000,10000,6000,4000,-1100283
053887,聯茂兆豐97購02  ,0,0,0,0,0,0,0,0,0,-1109000,0,0,0,100000,1209000,-1109000,-1109000
049212,T50反1國票94購04,0,0,0,0,0,0,0,0,0,-1128000,0,0,0,638000,1766000,-1128000,-1128000
050785,全新國泰96購01  ,0,0,0,0,0,0,0,0,0,-1132000,0,0,0,20000,1152000,-1132000,-1132000
055027,牧德國泰99購01  ,0,0,0,0,0,0,0,0,0,-1133000,0,0,0,189000,1322000,-1133000,-1133000
049824,鴻海凱基94購18  ,0,0,0,0,0,0,0,0,0,-1145000,0,0,0,91000,1236000,-1145000,-1145000
08484P,台灣50中信96售01,0,0,0,0,0,0,0,0,0,-1149000,0,0,0,0,1149000,-1149000,-1149000
2392,正崴            ,165000,1282000,-1117000,0,0,0,0,0,0,-45000,45000,28000,17000,76000,138000,-62000,-1162000
044971,元油2X國票92購02,0,0,0,0,0,0,0,0,0,-1169000,0,0,0,0,1169000,-1169000,-1169000
2376,技嘉            ,230000,1414000,-1184000,0,0,0,7000,0,7000,-23000,8000,0,8000,40000,71000,-31000,-1200000
6176,瑞儀            ,124000,1330224,-1206224,0,0,0,0,0,0,-3000,19000,29000,-10000,23000,16000,7000,-1209224
05103P,臺股指凱基96售10,0,0,0,0,0,0,0,0,0,-1216000,0,0,0,0,1216000,-1216000,-1216000
047421,聯茂富邦97購01  ,0,0,0,0,0,0,0,0,0,-1230000,0,0,0,419000,1649000,-1230000,-1230000
3049,和鑫            ,225000,1422000,-1197000,0,0,0,0,0,0,-65000,0,0,0,2000,67000,-65000,-1262000
040498,滬深2X國票92購01,0,0,0,0,0,0,0,0,0,-1269000,0,0,0,124000,1393000,-1269000,-1269000
050363,臺指反元大98購04,0,0,0,0,0,0,0,0,0,-1276000,0,0,0,79000,1355000,-1276000,-1276000
054694,聯鈞永豐97購01  ,0,0,0,0,0,0,0,0,0,-1314000,0,0,0,82000,1396000,-1314000,-1314000
054485,華邦電台新96購01,0,0,0,0,0,0,0,0,0,-1315000,0,0,0,159000,1474000,-1315000,-1315000
054589,聯鈞國泰99購01  ,0,0,0,0,0,0,0,0,0,-1317000,0,0,0,318000,1635000,-1317000,-1317000
6191,精成科          ,431000,1606000,-1175000,0,0,0,0,0,0,-144000,2000,78000,-76000,66000,134000,-68000,-1319000
0050,元大台灣50      ,1092000,3136000,-2044000,0,0,0,79000,52000,27000,695000,40000,210000,-170000,1548000,683000,865000,-1322000
051836,華通國泰95購02  ,0,0,0,0,0,0,0,0,0,-1343000,0,0,0,204000,1547000,-1343000,-1343000
052018,京鼎永豐95購02  ,0,0,0,0,0,0,0,0,0,-1373000,0,0,0,1000,1374000,-1373000,-1373000
4915,致伸            ,601000,2005000,-1404000,0,0,0,0,0,0,23000,8000,0,8000,36000,21000,15000,-1381000
054614,玉晶光永豐97購03,0,0,0,0,0,0,0,0,0,-1426000,0,0,0,337000,1763000,-1426000,-1426000
03267P,台灣50元大02售06,0,0,0,0,0,0,0,0,0,-1459000,0,0,0,26000,1485000,-1459000,-1459000
6269,台郡            ,651000,2108000,-1457000,0,0,0,0,156000,-156000,139000,183000,24000,159000,35000,55000,-20000,-1474000
3189,景碩            ,373000,890000,-517000,0,0,0,0,1023000,-1023000,-42000,22000,17000,5000,9000,56000,-47000,-1582000
044429,元金2X元大94購04,0,0,0,0,0,0,0,0,0,-1656000,0,0,0,0,1656000,-1656000,-1656000
051033,台積電兆豐95購03,0,0,0,0,0,0,0,0,0,-1666000,0,0,0,491000,2157000,-1666000,-1666000
041900,元油2X富邦96購01,0,0,0,0,0,0,0,0,0,-1727000,0,0,0,75000,1802000,-1727000,-1727000
043040,永冠元富94購01  ,0,0,0,0,0,0,0,0,0,-1756000,0,0,0,138000,1894000,-1756000,-1756000
03253P,台灣50國泰03售02,0,0,0,0,0,0,0,0,0,-1775000,0,0,0,10000,1785000,-1775000,-1775000
053256,上銀富邦98購01  ,0,0,0,0,0,0,0,0,0,-1902000,0,0,0,210000,2112000,-1902000,-1902000
0056,元大高股息      ,4325,1000,3325,0,0,0,70000,0,70000,-2007000,180000,20000,160000,75000,2242000,-2167000,-1933675
2834,臺企銀          ,966216,3499576,-2533360,0,0,0,558000,0,558000,-185000,6000,195000,-189000,4000,0,4000,-2160360
6505,台塑化          ,597042,2628000,-2030958,0,0,0,0,55000,-55000,-87000,24000,111000,-87000,0,0,0,-2172958
00669R,國泰美國道瓊反1 ,0,58000,-58000,0,0,0,0,0,0,-2198000,0,0,0,185000,2383000,-2198000,-2256000
6153,嘉聯益          ,428000,2755570,-2327570,0,0,0,0,0,0,52000,49000,0,49000,143000,140000,3000,-2275570
00708L,元大S&P黃金正2  ,45000,100000,-55000,0,0,0,0,0,0,-2245000,0,0,0,2023000,4268000,-2245000,-2300000
3037,欣興            ,4346000,5893000,-1547000,0,0,0,0,868000,-868000,86000,178000,96000,82000,147000,143000,4000,-2329000
2412,中華電          ,809594,3836000,-3026406,0,0,0,538000,37000,501000,132000,112000,2000,110000,22000,0,22000,-2393406
2456,奇力新          ,453000,2618700,-2165700,0,0,0,0,85000,-85000,-271638,129000,221638,-92638,39000,218000,-179000,-2522338
2881,富邦金          ,4991500,8657000,-3665500,0,0,0,807000,0,807000,72000,57000,0,57000,48000,33000,15000,-2786500
2883,開發金          ,5068500,9748000,-4679500,0,0,0,1483000,0,1483000,216000,16000,20000,-4000,220000,0,220000,-2980500
2492,華新科          ,1863100,4772000,-2908900,0,0,0,129000,45000,84000,-177000,116000,121000,-5000,74000,246000,-172000,-3001900
2610,華航            ,1316000,5093000,-3777000,0,0,0,0,0,0,319000,319000,0,319000,0,0,0,-3458000
4904,遠傳            ,619564,3853000,-3233436,0,0,0,0,2000,-2000,-224000,24000,240000,-216000,0,8000,-8000,-3459436
00642U,元大S&P石油     ,15000,571000,-556000,0,0,0,0,0,0,-2950000,490000,427000,63000,468000,3481000,-3013000,-3506000
2888,新光金          ,3627300,5856456,-2229156,0,0,0,0,0,0,-2154000,12000,101000,-89000,93000,2158000,-2065000,-4383156
020012,富邦行動通訊N   ,0,0,0,0,0,0,0,0,0,-4464000,0,0,0,156000,4620000,-4464000,-4464000
03033P,微星國票03售01  ,0,0,0,0,0,0,0,0,0,-4545000,0,0,0,0,4545000,-4545000,-4545000
1314,中石化          ,5665000,9646550,-3981550,0,0,0,0,0,0,-806000,6000,3000,3000,1000,810000,-809000,-4787550
1312,國喬            ,384000,5164000,-4780000,0,0,0,0,0,0,-154000,11000,174000,-163000,9000,0,9000,-4934000
00632R,元大台灣50反1   ,6105000,377000,5728000,0,0,0,0,0,0,-10711000,2800000,1488000,1312000,4002000,16025000,-12023000,-4983000
1504,東元            ,476000,5937000,-5461000,0,0,0,0,0,0,3000,7000,4000,3000,0,0,0,-5458000
054640,健策中信9B購01  ,0,0,0,0,0,0,0,0,0,-5890000,0,0,0,398000,6288000,-5890000,-5890000
2337,旺宏            ,11536000,18184621,-6648621,0,0,0,328000,0,328000,-917000,697000,779000,-82000,398000,1233000,-835000,-7237621
00701,國泰股利精選30  ,0,0,0,0,0,0,0,454000,-454000,-6996000,0,0,0,351000,7347000,-6996000,-7450000
6116,彩晶            ,869000,8455000,-7586000,0,0,0,0,0,0,-274000,40000,62000,-22000,55000,307000,-252000,-7860000
00677U,富邦VIX         ,5166000,10606000,-5440000,0,0,0,0,0,0,-3789000,2100000,2000000,100000,499000,4388000,-3889000,-9229000
2409,友達            ,22124000,36253000,-14129000,0,0,0,200000,0,200000,-531000,553000,257000,296000,322000,1149000,-827000,-14460000
00672L,元大S&P原油正2  ,8000,42670000,-42662000,0,0,0,0,0,0,-98792000,0,3072000,-3072000,660000,96380000,-95720000,-141454000
