證券代號,證券名稱,外陸資買進股數(不含外資自營商),外陸資賣出股數(不含外資自營商),外陸資買賣超股數(不含外資自營商),外資自營商買進股數,外資自營商賣出股數,外資自營商買賣超股數,投信買進股數,投信賣出股數,投信買賣超股數,自營商買賣超股數,自營商買進股數(自行買賣),自營商賣出股數(自行買賣),自營商買賣超股數(自行買賣),自營商買進股數(避險),自營商賣出股數(避險),自營商買賣超股數(避險),三大法人買賣超股數
00637L,元大滬深300正2  ,8669000,10307000,-1638000,0,0,0,0,0,0,38972000,0,0,0,61875000,22903000,38972000,37334000
2330,台積電          ,34584608,9887859,24696749,0,0,0,3627000,311000,3316000,-354000,220000,345000,-125000,388000,617000,-229000,27658749
3037,欣興            ,18588100,7412000,11176100,0,0,0,1732000,43000,1689000,1412000,1318000,689000,629000,1170000,387000,783000,14277100
2303,聯電            ,12757527,8116000,4641527,0,0,0,9379000,65000,9314000,-304000,200000,9000,191000,262000,757000,-495000,13651527
0056,元大高股息      ,745000,30000,715000,0,0,0,0,100000,-100000,12589000,0,0,0,13153000,564000,12589000,13204000
00633L,富邦上証正2     ,3957000,435000,3522000,0,0,0,0,0,0,9399000,0,20000,-20000,13158000,3739000,9419000,12921000
2883,開發金          ,11233425,14522000,-3288575,0,0,0,0,81000,-81000,14574000,632000,13000,619000,14233000,278000,13955000,11204425
0050,元大台灣50      ,6871000,368000,6503000,0,0,0,0,0,0,3903000,95000,84000,11000,5513000,1621000,3892000,10406000
8150,南茂            ,8109000,421000,7688000,0,0,0,73000,0,73000,660000,30000,0,30000,852000,222000,630000,8421000
053564,台積電富邦99購01,0,0,0,0,0,0,0,0,0,8089000,0,0,0,8089000,0,8089000,8089000
3545,敦泰            ,10001000,2734000,7267000,0,0,0,0,0,0,-200000,0,200000,-200000,0,0,0,7067000
2308,台達電          ,7046746,1017000,6029746,0,0,0,193000,14000,179000,22000,894000,804000,90000,22000,90000,-68000,6230746
00655L,國泰中國A50正2  ,190000,180000,10000,0,0,0,0,0,0,5788655,0,0,0,6719655,931000,5788655,5798655
2504,國產            ,7512000,1790000,5722000,0,0,0,150000,0,150000,-316000,195000,120000,75000,732000,1123000,-391000,5556000
3041,揚智            ,6863637,1913000,4950637,0,0,0,0,0,0,508000,516000,8000,508000,0,0,0,5458637
2603,長榮            ,9017000,3564000,5453000,0,0,0,0,809000,-809000,652000,694000,44000,650000,2000,0,2000,5296000
056605,台積電富邦9B購02,0,0,0,0,0,0,0,0,0,5212000,0,0,0,5719000,507000,5212000,5212000
00861,元大全球未來通訊,2505000,0,2505000,0,0,0,0,0,0,2689000,0,0,0,2714000,25000,2689000,5194000
6257,矽格            ,4503000,852000,3651000,0,0,0,590000,0,590000,927000,368000,21000,347000,788000,208000,580000,5168000
2882,國泰金          ,5870426,1013272,4857154,0,0,0,0,57000,-57000,288000,10000,0,10000,349000,71000,278000,5088154
2313,華通            ,7920000,4129000,3791000,0,0,0,1761000,721000,1040000,106000,577000,384000,193000,519000,606000,-87000,4937000
2881,富邦金          ,7293981,2745000,4548981,0,0,0,0,48000,-48000,377000,238000,14000,224000,173000,20000,153000,4877981
3231,緯創            ,4164376,1706000,2458376,0,0,0,2940000,115000,2825000,-554000,14000,22000,-8000,13000,559000,-546000,4729376
00653L,富邦印度正2     ,603000,724000,-121000,0,0,0,0,0,0,4478900,0,0,0,7940000,3461100,4478900,4357900
057393,台積電中信02購01,0,0,0,0,0,0,0,0,0,4301000,0,0,0,4684000,383000,4301000,4301000
00852L,國泰美國道瓊正2 ,96000,0,96000,0,0,0,0,0,0,4132000,0,0,0,5885000,1753000,4132000,4228000
2368,金像電          ,6384000,3976000,2408000,0,0,0,548000,0,548000,1253000,290000,277000,13000,1315000,75000,1240000,4209000
6269,台郡            ,3024629,2179277,845352,0,0,0,2641000,517000,2124000,667000,710000,157000,553000,244000,130000,114000,3636352
2002,中鋼            ,4841416,1154786,3686630,0,0,0,0,78000,-78000,-20000,15000,0,15000,0,35000,-35000,3588630
00636,國泰中國A50     ,988000,0,988000,0,0,0,0,0,0,2430000,210000,40000,170000,2961000,701000,2260000,3418000
056829,台積電富邦9A購01,0,0,0,0,0,0,0,0,0,3391000,0,0,0,8486000,5095000,3391000,3391000
00850,元大臺灣ESG永續 ,306000,0,306000,0,0,0,0,0,0,3080000,0,0,0,3679000,599000,3080000,3386000
0061,元大寶滬深      ,1903000,79000,1824000,0,0,0,0,0,0,1340000,830000,70000,760000,663000,83000,580000,3164000
2885,元大金          ,6295678,3277000,3018678,0,0,0,0,65000,-65000,128000,94000,8000,86000,110000,68000,42000,3081678
3706,神達            ,4404000,961000,3443000,0,0,0,0,0,0,-409000,0,404000,-404000,304000,309000,-5000,3034000
2887,台新金          ,4872793,2059000,2813793,0,0,0,0,59000,-59000,43000,12000,0,12000,45000,14000,31000,2797793
060790,日月光富邦9A購01,0,0,0,0,0,0,0,0,0,2340000,0,0,0,2954000,614000,2340000,2340000
064809,冠德元大9C購01  ,0,0,0,0,0,0,0,0,0,2334000,0,0,0,2899000,565000,2334000,2334000
2317,鴻海            ,18935209,16703794,2231415,0,0,0,0,744000,-744000,798000,98000,317000,-219000,1044000,27000,1017000,2285415
060918,康友國泰9C購01  ,0,0,0,0,0,0,0,0,0,2252000,0,0,0,2601000,349000,2252000,2252000
2345,智邦            ,4358686,2712000,1646686,0,0,0,433000,1000,432000,152000,191000,65000,126000,154000,128000,26000,2230686
8046,南電            ,6007000,3392000,2615000,0,0,0,225000,245000,-20000,-439000,345000,573000,-228000,108000,319000,-211000,2156000
3016,嘉晶            ,1849000,800000,1049000,0,0,0,0,0,0,1066000,30000,10000,20000,1195000,149000,1046000,2115000
00692,富邦公司治理    ,18211,18000,211,0,0,0,0,0,0,2113000,0,0,0,3353000,1240000,2113000,2113211
2448,晶電            ,2004000,1161000,843000,0,0,0,1120000,0,1120000,82000,217000,135000,82000,0,0,0,2045000
065190,緯穎統一9C購02  ,0,0,0,0,0,0,0,0,0,2034000,0,0,0,2155000,121000,2034000,2034000
006205,富邦上証        ,2020000,285000,1735000,0,0,0,0,0,0,291120,80000,50000,30000,2018120,1757000,261120,2026120
2417,圓剛            ,2866000,1178000,1688000,0,0,0,0,0,0,250000,250000,0,250000,0,0,0,1938000
2888,新光金          ,4711826,2357246,2354580,0,0,0,0,70000,-70000,-515000,200000,10000,190000,348000,1053000,-705000,1769580
8039,台虹            ,980000,187000,793000,0,0,0,0,0,0,963000,362000,3000,359000,613000,9000,604000,1756000
2454,聯發科          ,3029696,3171322,-141626,0,0,0,1478000,90000,1388000,460000,304000,43000,261000,214000,15000,199000,1706374
00752,中信中國50      ,11000,22000,-11000,0,0,0,0,0,0,1684000,0,0,0,2000000,316000,1684000,1673000
3515,華擎            ,1313000,679000,634000,0,0,0,721000,509000,212000,775000,467000,66000,401000,501000,127000,374000,1621000
00672L,元大S&P原油正2  ,1553000,0,1553000,0,0,0,0,0,0,45000,0,0,0,1175000,1130000,45000,1598000
06477P,緯穎國票99售02  ,0,0,0,0,0,0,0,0,0,1592000,0,0,0,1592000,0,1592000,1592000
5388,中磊            ,1587000,102000,1485000,0,0,0,0,0,0,68000,0,2000,-2000,84000,14000,70000,1553000
2880,華南金          ,2397473,784000,1613473,0,0,0,0,58000,-58000,-8000,0,8000,-8000,0,0,0,1547473
054633,臺股指凱基9A購02,0,0,0,0,0,0,0,0,0,1520000,0,0,0,1520000,0,1520000,1520000
1717,長興            ,1092000,801000,291000,0,0,0,0,3000,-3000,1218000,1248000,30000,1218000,0,0,0,1506000
058210,臺股指凱基9C購04,0,0,0,0,0,0,0,0,0,1497000,0,0,0,1644000,147000,1497000,1497000
065019,華邦電富邦9C購01,0,0,0,0,0,0,0,0,0,1488000,0,0,0,1498000,10000,1488000,1488000
053118,大立光中信9C購01,0,0,0,0,0,0,0,0,0,1475000,0,0,0,1923000,448000,1475000,1475000
5880,合庫金          ,3313482,1818000,1495482,0,0,0,0,61000,-61000,-12000,0,12000,-12000,0,0,0,1422482
2823,中壽            ,2063668,585000,1478668,0,0,0,0,19000,-19000,-49615,0,2615,-2615,187000,234000,-47000,1410053
058229,為升元大99購02  ,0,0,0,0,0,0,0,0,0,1407000,0,0,0,1517000,110000,1407000,1407000
2377,微星            ,3711445,3410000,301445,0,0,0,1055000,2000,1053000,26000,199000,117000,82000,129000,185000,-56000,1380445
03446B,臺股指元大9B熊26,0,0,0,0,0,0,0,0,0,1358000,0,0,0,1420000,62000,1358000,1358000
064475,台積電國泰02購03,0,0,0,0,0,0,0,0,0,1318000,0,0,0,2356000,1038000,1318000,1318000
063973,緯穎國票9C購01  ,0,0,0,0,0,0,0,0,0,1281000,0,0,0,1454000,173000,1281000,1281000
2890,永豐金          ,3532196,2203000,1329196,0,0,0,0,62000,-62000,1000,0,0,0,1000,0,1000,1268196
2332,友訊            ,4641000,3158000,1483000,0,0,0,0,0,0,-216000,0,3000,-3000,70000,283000,-213000,1267000
058807,和大統一9B購01  ,0,0,0,0,0,0,0,0,0,1266000,0,0,0,1536000,270000,1266000,1266000
3376,新日興          ,1041000,304000,737000,0,0,0,262000,24000,238000,285000,108000,1000,107000,188000,10000,178000,1260000
5871,中租-KY         ,1572000,366000,1206000,0,0,0,69000,7000,62000,-68000,0,25000,-25000,12000,55000,-43000,1200000
2395,研華            ,1820525,599000,1221525,0,0,0,0,12000,-12000,-13000,0,13000,-13000,0,0,0,1196525
3653,健策            ,1961000,834000,1127000,0,0,0,77000,289000,-212000,280000,116000,45000,71000,261000,52000,209000,1195000
060821,SP黃豆元大9A購02,0,0,0,0,0,0,0,0,0,1184000,0,0,0,1184000,0,1184000,1184000
03447B,臺股指凱基9B熊16,0,0,0,0,0,0,0,0,0,1177000,0,0,0,1653000,476000,1177000,1177000
056672,元油2X元富98購10,0,0,0,0,0,0,0,0,0,1165000,0,0,0,1165000,0,1165000,1165000
054534,台積電富邦98購03,0,0,0,0,0,0,0,0,0,1164000,0,0,0,1164000,0,1164000,1164000
063656,台光電元富03購01,0,0,0,0,0,0,0,0,0,1152000,0,0,0,1410000,258000,1152000,1152000
063168,台表科永豐9B購01,0,0,0,0,0,0,0,0,0,1145000,0,0,0,1401000,256000,1145000,1145000
2436,偉詮電          ,1505000,366000,1139000,0,0,0,0,0,0,0,0,0,0,0,0,0,1139000
065366,英業達元大9C購02,0,0,0,0,0,0,0,0,0,1122000,0,0,0,1286000,164000,1122000,1122000
063671,GIS統一01購01   ,0,0,0,0,0,0,0,0,0,1116000,0,0,0,1611000,495000,1116000,1116000
6177,達麗            ,1175000,61000,1114000,0,0,0,0,0,0,0,0,0,0,0,0,0,1114000
058337,日月光元富99購01,0,0,0,0,0,0,0,0,0,1102000,0,0,0,1315000,213000,1102000,1102000
6005,群益證          ,1339000,234000,1105000,0,0,0,0,7000,-7000,0,0,0,0,0,0,0,1098000
059174,訊芯凱基99購01  ,0,0,0,0,0,0,0,0,0,1029000,0,0,0,1105000,76000,1029000,1029000
056937,智原元富98購01  ,0,0,0,0,0,0,0,0,0,1025000,0,0,0,1532000,507000,1025000,1025000
057307,瀚宇博兆豐99購01,0,0,0,0,0,0,0,0,0,1025000,0,0,0,1055000,30000,1025000,1025000
3443,創意            ,794000,315000,479000,0,0,0,332000,1000,331000,211000,284000,50000,234000,42000,65000,-23000,1021000
058899,旺宏元大99購10  ,0,0,0,0,0,0,0,0,0,995000,0,0,0,1070000,75000,995000,995000
059581,日月光元富99購02,0,0,0,0,0,0,0,0,0,989000,0,0,0,1227000,238000,989000,989000
063823,T50反1國票01購02,0,0,0,0,0,0,0,0,0,985000,0,0,0,985000,0,985000,985000
2618,長榮航          ,3063000,2015000,1048000,0,0,0,0,17000,-17000,-62000,14000,88000,-74000,12000,0,12000,969000
064880,神達兆豐9C購01  ,0,0,0,0,0,0,0,0,0,960000,0,0,0,1025000,65000,960000,960000
061726,台積電麥證9A購05,0,0,0,991000,41000,950000,0,0,0,950000,0,0,0,991000,41000,950000,950000
00739,元大MSCI A股    ,14000,14000,0,0,0,0,0,0,0,946000,0,0,0,1576000,630000,946000,946000
056849,瀚宇博元富98購01,0,0,0,0,0,0,0,0,0,945000,0,0,0,1123000,178000,945000,945000
061157,聯鈞群益9A購02  ,0,0,0,0,0,0,0,0,0,937000,0,0,0,950000,13000,937000,937000
061427,旭富元大9A購02  ,0,0,0,0,0,0,0,0,0,932000,0,0,0,938000,6000,932000,932000
063542,泰鼎元富9B購02  ,0,0,0,0,0,0,0,0,0,920000,0,0,0,955000,35000,920000,920000
064531,旭富兆豐9C購01  ,0,0,0,0,0,0,0,0,0,913000,0,0,0,948000,35000,913000,913000
064386,友達富邦01購01  ,0,0,0,0,0,0,0,0,0,911000,0,0,0,926000,15000,911000,911000
3665,貿聯-KY         ,1300000,491000,809000,0,0,0,112000,0,112000,-11000,30000,25000,5000,31000,47000,-16000,910000
4906,正文            ,856000,308000,548000,0,0,0,0,0,0,360000,139000,0,139000,221000,0,221000,908000
045517,元油2X元富98購01,0,0,0,0,0,0,0,0,0,907000,0,0,0,907000,0,907000,907000
2323,中環            ,1267000,631000,636000,0,0,0,0,0,0,268000,474000,44000,430000,23000,185000,-162000,904000
059943,信邦永豐99購01  ,0,0,0,0,0,0,0,0,0,897000,0,0,0,902000,5000,897000,897000
00639,富邦深100       ,1232000,321000,911000,0,0,0,0,0,0,-16907,10000,10000,0,990093,1007000,-16907,894093
5471,松翰            ,1488000,548000,940000,0,0,0,0,0,0,-54000,6000,60000,-54000,0,0,0,886000
056769,國產元大98購01  ,0,0,0,0,0,0,0,0,0,880000,0,0,0,1262000,382000,880000,880000
061724,訊芯永豐9A購01  ,0,0,0,0,0,0,0,0,0,880000,0,0,0,983000,103000,880000,880000
060506,京元電元大9A購02,0,0,0,0,0,0,0,0,0,877000,0,0,0,1048000,171000,877000,877000
065305,泰鼎元富9C購01  ,0,0,0,0,0,0,0,0,0,875000,0,0,0,994000,119000,875000,875000
057681,T50反1日盛9C購01,0,0,0,0,0,0,0,0,0,873000,0,0,0,896000,23000,873000,873000
8112,至上            ,1410000,544000,866000,0,0,0,0,0,0,-5000,0,5000,-5000,0,0,0,861000
063051,仁寶統一01購01  ,0,0,0,0,0,0,0,0,0,848000,0,0,0,1022000,174000,848000,848000
062416,和大統一01購02  ,0,0,0,0,0,0,0,0,0,833000,0,0,0,959000,126000,833000,833000
064107,友達兆豐01購01  ,0,0,0,0,0,0,0,0,0,832000,0,0,0,872000,40000,832000,832000
061550,聯鈞群益9A購03  ,0,0,0,0,0,0,0,0,0,830000,0,0,0,1146000,316000,830000,830000
3557,嘉威            ,936000,115000,821000,0,0,0,0,0,0,-1000,0,1000,-1000,0,0,0,820000
061857,康友國票9B購01  ,0,0,0,0,0,0,0,0,0,815000,0,0,0,926000,111000,815000,815000
065792,TPK永豐9C購02   ,0,0,0,0,0,0,0,0,0,800000,0,0,0,800000,0,800000,800000
060165,上緯控永豐9A購01,0,0,0,0,0,0,0,0,0,794000,0,0,0,854000,60000,794000,794000
057642,南亞科元大98購07,0,0,0,0,0,0,0,0,0,790000,0,0,0,790000,0,790000,790000
061734,全新中信9B購02  ,0,0,0,0,0,0,0,0,0,790000,0,0,0,820000,30000,790000,790000
064940,智伸科元富9C購01,0,0,0,0,0,0,0,0,0,785000,0,0,0,1061000,276000,785000,785000
060314,元翎永豐9A購01  ,0,0,0,0,0,0,0,0,0,784000,0,0,0,923000,139000,784000,784000
061008,群創兆豐9A購02  ,0,0,0,0,0,0,0,0,0,782000,0,0,0,782000,0,782000,782000
065819,京鼎元富03購01  ,0,0,0,0,0,0,0,0,0,778000,0,0,0,1033000,255000,778000,778000
063999,日月光兆豐9C購01,0,0,0,0,0,0,0,0,0,773000,0,0,0,782000,9000,773000,773000
2360,致茂            ,1023000,551000,472000,0,0,0,354000,20000,334000,-36000,26000,157000,-131000,101000,6000,95000,770000
064304,信邦兆豐01購01  ,0,0,0,0,0,0,0,0,0,750000,0,0,0,779000,29000,750000,750000
064318,彩晶群益9C購01  ,0,0,0,0,0,0,0,0,0,747000,0,0,0,747000,0,747000,747000
062908,晶豪科元大9B購03,0,0,0,0,0,0,0,0,0,745000,0,0,0,765000,20000,745000,745000
2383,台光電          ,1157000,1000000,157000,0,0,0,723000,3000,720000,-135000,137000,304000,-167000,123000,91000,32000,742000
065271,日月光元大9C購02,0,0,0,0,0,0,0,0,0,739000,0,0,0,843000,104000,739000,739000
08452P,智邦台新9C售05  ,0,0,0,0,0,0,0,0,0,733000,0,0,0,801000,68000,733000,733000
057298,旭富永豐98購01  ,0,0,0,0,0,0,0,0,0,731000,0,0,0,751000,20000,731000,731000
054893,帆宣統一99購01  ,0,0,0,0,0,0,0,0,0,731000,0,0,0,988000,257000,731000,731000
061347,創意元大9A購02  ,0,0,0,0,0,0,0,0,0,730000,0,0,0,741000,11000,730000,730000
065376,京鼎元大9C購02  ,0,0,0,0,0,0,0,0,0,728000,0,0,0,1228000,500000,728000,728000
4915,致伸            ,1995000,1289000,706000,0,0,0,0,0,0,22000,0,2000,-2000,25000,1000,24000,728000
062699,台積電元大01購02,0,0,0,0,0,0,0,0,0,719000,0,0,0,1040000,321000,719000,719000
057694,臺股指凱基98購12,0,0,0,0,0,0,0,0,0,718000,0,0,0,718000,0,718000,718000
058615,矽創元大99購01  ,0,0,0,0,0,0,0,0,0,713000,0,0,0,828000,115000,713000,713000
2385,群光            ,1313560,478000,835560,0,0,0,0,4000,-4000,-124000,32000,2000,30000,0,154000,-154000,707560
00643,群益深証中小    ,919000,211000,708000,0,0,0,0,0,0,-1000,0,0,0,150000,151000,-1000,707000
053082,聯電元大98購03  ,0,0,0,0,0,0,0,0,0,704000,0,0,0,839000,135000,704000,704000
3450,聯鈞            ,1431000,421000,1010000,0,0,0,0,0,0,-307000,17000,47000,-30000,159000,436000,-277000,703000
064167,緯穎統一01購03  ,0,0,0,0,0,0,0,0,0,701000,0,0,0,701000,0,701000,701000
055894,欣興統一97購03  ,0,480000,-480000,0,0,0,0,0,0,1179000,0,0,0,1967000,788000,1179000,699000
062975,京鼎元富9B購01  ,0,0,0,0,0,0,0,0,0,698000,0,0,0,938000,240000,698000,698000
3698,隆達            ,965000,469000,496000,0,0,0,0,0,0,200000,226000,0,226000,21000,47000,-26000,696000
053860,台積電元大98購03,0,0,0,0,0,0,0,0,0,688000,0,0,0,688000,0,688000,688000
00708L,元大S&P黃金正2  ,0,0,0,0,0,0,0,0,0,684000,0,0,0,1573000,889000,684000,684000
062886,中興電群益9B購01,0,0,0,0,0,0,0,0,0,684000,0,0,0,694000,10000,684000,684000
063359,泰鼎國泰01購01  ,0,0,0,0,0,0,0,0,0,681000,0,0,0,802000,121000,681000,681000
051370,聯詠富邦97購01  ,0,0,0,0,0,0,0,0,0,680000,0,0,0,680000,0,680000,680000
062033,瀚宇博群益9B購01,0,0,0,0,0,0,0,0,0,669000,0,0,0,1016000,347000,669000,669000
065349,玉晶光統一9C購05,0,0,0,0,0,0,0,0,0,666000,0,0,0,980000,314000,666000,666000
061720,智邦國泰9C購01  ,0,0,0,0,0,0,0,0,0,665000,0,0,0,819000,154000,665000,665000
064779,義隆群益9C購03  ,0,0,0,0,0,0,0,0,0,662000,0,0,0,823000,161000,662000,662000
061986,晶豪科元大9B購01,0,0,0,0,0,0,0,0,0,660000,0,0,0,660000,0,660000,660000
057329,緯穎群益98購02  ,0,0,0,0,0,0,0,0,0,649000,0,0,0,717000,68000,649000,649000
060308,劍麟永豐9A購01  ,0,0,0,0,0,0,0,0,0,649000,0,0,0,681000,32000,649000,649000
061477,晶豪科元大9A購01,0,0,0,0,0,0,0,0,0,649000,0,0,0,661000,12000,649000,649000
8081,致新            ,582000,149000,433000,0,0,0,0,0,0,211000,17000,0,17000,231000,37000,194000,644000
058455,玉晶光永豐99購03,0,0,0,0,0,0,0,0,0,643000,0,0,0,688000,45000,643000,643000
057696,聯電群益9A購01  ,0,0,0,0,0,0,0,0,0,640000,0,0,0,640000,0,640000,640000
062577,泰鼎群益9B購01  ,0,0,0,0,0,0,0,0,0,637000,0,0,0,637000,0,637000,637000
065306,泰鼎元富9C購02  ,0,0,0,0,0,0,0,0,0,631000,0,0,0,682000,51000,631000,631000
00701,國泰股利精選30  ,114000,0,114000,0,0,0,0,0,0,515000,0,0,0,844000,329000,515000,629000
060763,聯鈞元大9A購03  ,0,0,0,0,0,0,0,0,0,627000,0,0,0,683000,56000,627000,627000
1326,台化            ,1687322,1033240,654082,0,0,0,0,33000,-33000,4000,12000,8000,4000,0,0,0,625082
2382,廣達            ,2110652,2093000,17652,0,0,0,841000,18000,823000,-217000,144000,168000,-24000,144000,337000,-193000,623652
054803,味全元大9A購01  ,0,0,0,0,0,0,0,0,0,623000,0,0,0,676000,53000,623000,623000
061747,南亞科統一01購01,0,0,0,0,0,0,0,0,0,620000,0,0,0,620000,0,620000,620000
063470,泰鼎元大9B購03  ,0,0,0,0,0,0,0,0,0,620000,0,0,0,1018000,398000,620000,620000
063063,泰鼎元富9B購01  ,0,0,0,0,0,0,0,0,0,619000,0,0,0,672000,53000,619000,619000
2353,宏碁            ,1745299,858000,887299,0,0,0,0,10000,-10000,-260000,0,6000,-6000,54000,308000,-254000,617299
060306,台肥永豐9A購01  ,0,0,0,0,0,0,0,0,0,617000,0,0,0,792000,175000,617000,617000
3038,全台            ,3161000,2316000,845000,0,0,0,0,0,0,-230000,60000,290000,-230000,0,0,0,615000
052738,聯電元大98購02  ,0,0,0,0,0,0,0,0,0,614000,0,0,0,614000,0,614000,614000
056994,緯穎兆豐98購02  ,0,0,0,0,0,0,0,0,0,613000,0,0,0,713000,100000,613000,613000
5469,瀚宇博          ,4154000,3457000,697000,0,0,0,659000,0,659000,-743000,205000,30000,175000,178000,1096000,-918000,613000
064680,創意兆豐01購01  ,0,0,0,0,0,0,0,0,0,611000,0,0,0,718000,107000,611000,611000
064058,儒鴻麥證01購01  ,0,0,0,612000,1000,611000,0,0,0,611000,0,0,0,612000,1000,611000,611000
054357,可成兆豐97購02  ,0,0,0,0,0,0,0,0,0,610000,0,0,0,700000,90000,610000,610000
064426,群創兆豐9C購01  ,0,0,0,0,0,0,0,0,0,609000,0,0,0,609000,0,609000,609000
056481,創意元大98購01  ,0,0,0,0,0,0,0,0,0,606000,0,0,0,607000,1000,606000,606000
065341,華邦電統一01購02,0,0,0,0,0,0,0,0,0,602000,0,0,0,602000,0,602000,602000
057730,聯鈞國泰9A購01  ,0,0,0,0,0,0,0,0,0,602000,0,0,0,1227000,625000,602000,602000
061227,日月光中信9B購01,0,0,0,0,0,0,0,0,0,600000,0,0,0,673000,73000,600000,600000
056846,晶相光元富98購01,0,0,0,0,0,0,0,0,0,600000,0,0,0,600000,0,600000,600000
047571,滬深2X群益99購01,0,0,0,0,0,0,0,0,0,600000,0,0,0,600000,0,600000,600000
058106,神達統一98購02  ,0,0,0,0,0,0,0,0,0,600000,0,0,0,630000,30000,600000,600000
064303,新光金兆豐01購01,0,0,0,0,0,0,0,0,0,600000,0,0,0,600000,0,600000,600000
065603,聯發科元大9C購16,0,0,0,0,0,0,0,0,0,598000,0,0,0,711000,113000,598000,598000
065851,京鼎元大02購01  ,0,0,0,0,0,0,0,0,0,596000,0,0,0,834000,238000,596000,596000
2834,臺企銀          ,2781305,2070000,711305,0,0,0,0,31000,-31000,-85000,0,0,0,0,85000,-85000,595305
062807,和碩統一9B購01  ,0,0,0,0,0,0,0,0,0,591000,0,0,0,797000,206000,591000,591000
006207,FH滬深          ,1062000,691000,371000,0,0,0,0,0,0,214000,0,0,0,1968000,1754000,214000,585000
064068,義隆永豐9C購01  ,0,0,0,0,0,0,0,0,0,584000,0,0,0,747000,163000,584000,584000
065497,台積電富邦03購03,0,0,0,0,0,0,0,0,0,581000,0,0,0,818000,237000,581000,581000
057875,京鼎元大98購03  ,0,0,0,0,0,0,0,0,0,581000,0,0,0,586000,5000,581000,581000
063272,GIS兆豐9C購01   ,0,0,0,0,0,0,0,0,0,581000,0,0,0,601000,20000,581000,581000
060686,康友元大9A購02  ,0,0,0,0,0,0,0,0,0,577000,0,0,0,834000,257000,577000,577000
064804,英業達元大9C購01,0,0,0,0,0,0,0,0,0,577000,0,0,0,1037000,460000,577000,577000
054827,宏全元大9A購01  ,0,0,0,0,0,0,0,0,0,576000,0,0,0,576000,0,576000,576000
1312,國喬            ,1603000,1030000,573000,0,0,0,0,0,0,2000,2000,0,2000,0,0,0,575000
060283,台肥元大9C購01  ,0,0,0,0,0,0,0,0,0,574000,0,0,0,872000,298000,574000,574000
065531,聯電統一01購01  ,0,0,0,0,0,0,0,0,0,569000,0,0,0,844000,275000,569000,569000
00830,國泰費城半導體  ,388000,40000,348000,0,0,0,0,0,0,219000,0,0,0,510000,291000,219000,567000
6456,GIS-KY          ,1505000,1247000,258000,0,0,0,0,55000,-55000,364000,1000,50000,-49000,474000,61000,413000,567000
065189,台郡統一9C購03  ,0,0,0,0,0,0,0,0,0,565000,0,0,0,719000,154000,565000,565000
062655,漢唐永豐9B購01  ,0,0,0,0,0,0,0,0,0,561000,0,0,0,630000,69000,561000,561000
061800,泰鼎永豐9B購01  ,0,0,0,0,0,0,0,0,0,559000,0,0,0,600000,41000,559000,559000
056699,光罩國泰99購01  ,0,0,0,0,0,0,0,0,0,558000,0,0,0,625000,67000,558000,558000
064816,訊芯元大9C購01  ,0,0,0,0,0,0,0,0,0,558000,0,0,0,1072000,514000,558000,558000
063848,大立光元大9C購09,0,0,0,0,0,0,0,0,0,558000,0,0,0,820000,262000,558000,558000
064775,和大群益01購01  ,0,0,0,0,0,0,0,0,0,557000,0,0,0,557000,0,557000,557000
065097,貿聯元大9C購04  ,0,0,0,0,0,0,0,0,0,555000,0,0,0,653000,98000,555000,555000
2633,台灣高鐵        ,487583,513000,-25417,0,0,0,600000,12000,588000,-15000,10000,1000,9000,59000,83000,-24000,547583
064149,美律統一02購01  ,0,0,0,0,0,0,0,0,0,546000,0,0,0,546000,0,546000,546000
2605,新興            ,336000,102000,234000,0,0,0,0,0,0,310000,310000,0,310000,0,0,0,544000
056138,群創元大9B購01  ,0,0,0,0,0,0,0,0,0,543000,0,0,0,555000,12000,543000,543000
1904,正隆            ,1121000,2323000,-1202000,0,0,0,0,901000,-901000,2643000,319000,24000,295000,2361000,13000,2348000,540000
00647L,元大S&P500正2   ,1000,1000,0,0,0,0,0,0,0,539000,0,0,0,587000,48000,539000,539000
061102,台積電元大9A購22,0,0,0,0,0,0,0,0,0,537000,0,0,0,641000,104000,537000,537000
3034,聯詠            ,2554519,2911000,-356481,0,0,0,643000,13000,630000,263000,204000,216000,-12000,387000,112000,275000,536519
057475,聯電元大9A購01  ,0,0,0,0,0,0,0,0,0,535000,0,0,0,670000,135000,535000,535000
054072,台積電富邦98購02,0,0,0,0,0,0,0,0,0,534000,0,0,0,544000,10000,534000,534000
064140,台達電統一01購01,0,0,0,0,0,0,0,0,0,533000,0,0,0,861000,328000,533000,533000
2889,國票金          ,648000,115000,533000,0,0,0,0,0,0,-1000,0,1000,-1000,0,0,0,532000
053036,聯電凱基98購01  ,0,0,0,0,0,0,0,0,0,530000,0,0,0,530000,0,530000,530000
061956,和大統一01購01  ,0,0,0,0,0,0,0,0,0,530000,0,0,0,613000,83000,530000,530000
058496,文曄群益99購01  ,0,0,0,0,0,0,0,0,0,527000,0,0,0,527000,0,527000,527000
064456,禾伸堂統一01購01,0,0,0,0,0,0,0,0,0,522000,0,0,0,669000,147000,522000,522000
062950,貿聯富邦01購01  ,0,0,0,0,0,0,0,0,0,522000,0,0,0,522000,0,522000,522000
061466,創意群益9A購01  ,0,0,0,0,0,0,0,0,0,521000,0,0,0,531000,10000,521000,521000
07106P,國巨統一9B售05  ,0,0,0,0,0,0,0,0,0,519000,0,0,0,519000,0,519000,519000
059101,康控統一9A購01  ,0,0,0,0,0,0,0,0,0,519000,0,0,0,627000,108000,519000,519000
058776,台積電國票9A購03,0,0,0,0,0,0,0,0,0,519000,0,0,0,1062000,543000,519000,519000
053117,大立光中信9A購02,0,0,0,0,0,0,0,0,0,517000,0,0,0,722000,205000,517000,517000
063354,茂林元富9B購02  ,0,0,0,0,0,0,0,0,0,517000,0,0,0,629000,112000,517000,517000
3042,晶技            ,1728000,981000,747000,0,0,0,0,0,0,-230000,40000,220000,-180000,15000,65000,-50000,517000
065604,聯發科元大9C購17,0,0,0,0,0,0,0,0,0,515000,0,0,0,680000,165000,515000,515000
058101,台積電富邦9C購01,0,0,0,0,0,0,0,0,0,514000,0,0,0,2516000,2002000,514000,514000
063477,訊芯元大9B購01  ,0,0,0,0,0,0,0,0,0,513000,0,0,0,800000,287000,513000,513000
063260,信邦富邦9B購01  ,0,0,0,0,0,0,0,0,0,512000,0,0,0,637000,125000,512000,512000
058506,台積電元大99購09,0,0,0,0,0,0,0,0,0,511000,0,0,0,511000,0,511000,511000
063501,旭富永豐9B購02  ,0,0,0,0,0,0,0,0,0,509000,0,0,0,509000,0,509000,509000
1714,和桐            ,818000,311000,507000,0,0,0,0,0,0,0,0,0,0,0,0,0,507000
062980,康控元富9B購01  ,0,0,0,0,0,0,0,0,0,506000,0,0,0,611000,105000,506000,506000
058270,上緯控永豐99購01,0,0,0,0,0,0,0,0,0,505000,0,0,0,823000,318000,505000,505000
00766L,台新MSCI中國正2 ,0,0,0,0,0,0,0,0,0,504000,0,0,0,730000,226000,504000,504000
060284,南港元大01購01  ,0,0,0,0,0,0,0,0,0,504000,0,0,0,835000,331000,504000,504000
064368,日月光統一01購01,0,0,0,0,0,0,0,0,0,504000,0,0,0,569000,65000,504000,504000
064724,健鼎統一02購02  ,0,0,0,0,0,0,0,0,0,504000,0,0,0,745000,241000,504000,504000
060964,日月光凱基9A購01,0,0,0,0,0,0,0,0,0,503000,0,0,0,543000,40000,503000,503000
065308,葡萄王國票01購01,0,0,0,0,0,0,0,0,0,500000,0,0,0,500000,0,500000,500000
057960,聯鈞元大98購02  ,0,0,0,0,0,0,0,0,0,500000,0,0,0,562000,62000,500000,500000
056487,康友元大98購01  ,0,0,0,0,0,0,0,0,0,500000,0,0,0,500000,0,500000,500000
060279,SP黃豆元大9A購01,0,0,0,0,0,0,0,0,0,500000,0,0,0,700000,200000,500000,500000
060416,神隆永豐9A購01  ,0,0,0,0,0,0,0,0,0,500000,0,0,0,674000,174000,500000,500000
07491P,臺股指國票9A售09,0,0,0,0,0,0,0,0,0,499000,0,0,0,499000,0,499000,499000
053246,聯詠國票97購02  ,0,0,0,0,0,0,0,0,0,499000,0,0,0,499000,0,499000,499000
054370,台積電中信9A購01,0,0,0,0,0,0,0,0,0,499000,0,0,0,538000,39000,499000,499000
059676,台積電台新99購05,0,0,0,0,0,0,0,0,0,499000,0,0,0,499000,0,499000,499000
060367,緯穎元富9A購02  ,0,0,0,0,0,0,0,0,0,498000,0,0,0,581000,83000,498000,498000
058445,旺宏富邦9C購01  ,0,0,0,0,0,0,0,0,0,498000,0,0,0,650000,152000,498000,498000
065485,巨大元大9C購02  ,0,0,0,0,0,0,0,0,0,495000,0,0,0,507000,12000,495000,495000
061006,新光金兆豐9A購01,0,0,0,0,0,0,0,0,0,495000,0,0,0,495000,0,495000,495000
061640,智原元大9A購01  ,0,0,0,0,0,0,0,0,0,494000,0,0,0,735000,241000,494000,494000
058854,樺漢群益9B購01  ,0,0,0,0,0,0,0,0,0,494000,0,0,0,565000,71000,494000,494000
062660,神隆群益9B購02  ,0,0,0,0,0,0,0,0,0,494000,0,0,0,620000,126000,494000,494000
055415,禾伸堂富邦9B購01,0,0,0,0,0,0,0,0,0,493000,0,0,0,493000,0,493000,493000
060564,南亞科富邦9C購01,0,0,0,0,0,0,0,0,0,492000,0,0,0,492000,0,492000,492000
3023,信邦            ,720000,458476,261524,0,0,0,439000,111000,328000,-98000,10000,20000,-10000,3000,91000,-88000,491524
053686,台積電元大97購08,0,0,0,0,0,0,0,0,0,489000,0,0,0,489000,0,489000,489000
07963P,智邦統一9B售01  ,0,0,0,0,0,0,0,0,0,487000,0,0,0,510000,23000,487000,487000
060809,康友群益9A購01  ,0,0,0,0,0,0,0,0,0,485000,0,0,0,585000,100000,485000,485000
064163,康控統一01購01  ,0,0,0,0,0,0,0,0,0,485000,0,0,0,569000,84000,485000,485000
062126,創意統一9B購01  ,0,0,0,0,0,0,0,0,0,483000,0,0,0,635000,152000,483000,483000
058648,聯陽永豐99購01  ,0,0,0,0,0,0,0,0,0,482000,0,0,0,660000,178000,482000,482000
062343,中石化群益9B購01,0,0,0,0,0,0,0,0,0,482000,0,0,0,582000,100000,482000,482000
064072,康友永豐9C購01  ,0,0,0,0,0,0,0,0,0,481000,0,0,0,521000,40000,481000,481000
057516,和鑫元富98購01  ,0,0,0,0,0,0,0,0,0,480000,0,0,0,480000,0,480000,480000
058794,旺宏元大99購09  ,0,0,0,0,0,0,0,0,0,480000,0,0,0,494000,14000,480000,480000
059754,訊芯群益9A購01  ,0,0,0,0,0,0,0,0,0,480000,0,0,0,494000,14000,480000,480000
2379,瑞昱            ,2012103,2484000,-471897,0,0,0,703000,21000,682000,269000,252000,54000,198000,113000,42000,71000,479103
3052,夆典            ,574000,97000,477000,0,0,0,0,0,0,0,0,0,0,0,0,0,477000
061970,大立光統一9C購03,0,0,0,0,0,0,0,0,0,474000,0,0,0,499000,25000,474000,474000
058554,瀚宇博永豐99購01,0,0,0,0,0,0,0,0,0,471000,0,0,0,540000,69000,471000,471000
1310,台苯            ,742000,310000,432000,0,0,0,0,0,0,34000,0,0,0,106000,72000,34000,466000
046881,智原富邦99購01  ,0,0,0,0,0,0,0,0,0,466000,0,0,0,733000,267000,466000,466000
059922,大立光元大99購25,0,0,0,0,0,0,0,0,0,465000,0,0,0,526000,61000,465000,465000
061908,台積電中信05購01,0,0,0,0,0,0,0,0,0,462000,0,0,0,472000,10000,462000,462000
062451,瀚宇博元大9B購02,0,0,0,0,0,0,0,0,0,462000,0,0,0,839000,377000,462000,462000
058878,旭富國泰9B購01  ,0,0,0,0,0,0,0,0,0,457000,0,0,0,479000,22000,457000,457000
062190,瀚宇博元大9B購01,4000,0,4000,0,0,0,0,0,0,452000,0,0,0,680000,228000,452000,456000
060414,中興電永豐9A購01,0,0,0,0,0,0,0,0,0,454000,0,0,0,632000,178000,454000,454000
053799,矽創中信9A購01  ,0,0,0,0,0,0,0,0,0,453000,0,0,0,500000,47000,453000,453000
063198,仁寶統一01購02  ,0,0,0,0,0,0,0,0,0,452000,0,0,0,632000,180000,452000,452000
058054,台積電統一9C購01,0,0,0,0,0,0,0,0,0,451000,0,0,0,1738000,1287000,451000,451000
063777,儒鴻永豐9B購02  ,0,0,0,0,0,0,0,0,0,449000,0,0,0,700000,251000,449000,449000
065351,中租統一02購02  ,0,0,0,0,0,0,0,0,0,448000,0,0,0,660000,212000,448000,448000
059999,緯穎元富99購01  ,0,0,0,0,0,0,0,0,0,448000,0,0,0,492000,44000,448000,448000
058209,臺股指凱基01購01,0,0,0,0,0,0,0,0,0,447000,0,0,0,1304000,857000,447000,447000
064821,聯電統一02購01  ,0,0,0,0,0,0,0,0,0,447000,0,0,0,608000,161000,447000,447000
056775,康控元大99購01  ,0,0,0,0,0,0,0,0,0,446000,0,0,0,491000,45000,446000,446000
00670L,富邦NASDAQ正2   ,0,1000,-1000,0,0,0,0,0,0,446000,0,0,0,525000,79000,446000,445000
2484,希華            ,636000,191000,445000,0,0,0,0,0,0,0,0,0,0,0,0,0,445000
060158,廣達永豐9A購01  ,0,0,0,0,0,0,0,0,0,441000,0,0,0,783000,342000,441000,441000
062401,信邦永豐9B購01  ,0,0,0,0,0,0,0,0,0,441000,0,0,0,441000,0,441000,441000
056894,佳世達元大99購01,0,0,0,0,0,0,0,0,0,440000,0,0,0,478000,38000,440000,440000
2801,彰銀            ,869752,363000,506752,0,0,0,0,43000,-43000,-24000,0,6000,-6000,0,18000,-18000,439752
065390,達新群益9C購02  ,0,0,0,0,0,0,0,0,0,436000,0,0,0,436000,0,436000,436000
057941,聯電國票99購01  ,0,0,0,0,0,0,0,0,0,436000,0,0,0,473000,37000,436000,436000
061661,京鼎永豐9A購02  ,0,0,0,0,0,0,0,0,0,436000,0,0,0,438000,2000,436000,436000
058537,彩晶統一9B購01  ,0,0,0,0,0,0,0,0,0,434000,0,0,0,607000,173000,434000,434000
6197,佳必琪          ,583000,149000,434000,0,0,0,0,0,0,0,0,0,0,0,0,0,434000
060457,中橡元大9A購02  ,0,0,0,0,0,0,0,0,0,432000,0,0,0,443000,11000,432000,432000
061900,志超永豐9B購01  ,0,0,0,0,0,0,0,0,0,432000,0,0,0,432000,0,432000,432000
063195,訊連元富9B購01  ,0,0,0,0,0,0,0,0,0,432000,0,0,0,640000,208000,432000,432000
064238,玉晶光統一01購08,0,0,0,0,0,0,0,0,0,432000,0,0,0,486000,54000,432000,432000
064937,英業達元富9C購01,0,0,0,0,0,0,0,0,0,431000,0,0,0,712000,281000,431000,431000
065793,旭富永豐9C購02  ,0,0,0,0,0,0,0,0,0,431000,0,0,0,431000,0,431000,431000
057632,傳奇永豐98購01  ,0,0,0,0,0,0,0,0,0,430000,0,0,0,470000,40000,430000,430000
065372,漢唐元大9C購02  ,0,0,0,0,0,0,0,0,0,429000,0,0,0,432000,3000,429000,429000
064240,群創統一02購02  ,0,0,0,0,0,0,0,0,0,428000,0,0,0,428000,0,428000,428000
062534,力成統一01購01  ,0,0,0,0,0,0,0,0,0,428000,0,0,0,2106000,1678000,428000,428000
054272,華通中信98購01  ,0,0,0,0,0,0,0,0,0,427000,0,0,0,664000,237000,427000,427000
060331,台積電麥證9A購01,0,0,0,425000,0,425000,0,0,0,425000,0,0,0,425000,0,425000,425000
052542,友達元富98購01  ,0,0,0,0,0,0,0,0,0,424000,0,0,0,519000,95000,424000,424000
060307,南港永豐9A購01  ,0,0,0,0,0,0,0,0,0,424000,0,0,0,624000,200000,424000,424000
061668,信邦中信9B購01  ,0,0,0,0,0,0,0,0,0,424000,0,0,0,456000,32000,424000,424000
062279,晶豪科群益9B購01,0,0,0,0,0,0,0,0,0,423000,0,0,0,425000,2000,423000,423000
064314,信邦群益9C購01  ,0,0,0,0,0,0,0,0,0,423000,0,0,0,424000,1000,423000,423000
053965,聯電元大98購04  ,0,0,0,0,0,0,0,0,0,422000,0,0,0,551000,129000,422000,422000
064867,華新科永豐9C購03,0,0,0,0,0,0,0,0,0,422000,0,0,0,422000,0,422000,422000
6416,瑞祺電通        ,616000,434000,182000,0,0,0,114000,0,114000,126000,168000,96000,72000,151000,97000,54000,422000
6491,晶碩            ,259000,207000,52000,0,0,0,526000,150000,376000,-7000,4000,11000,-7000,0,0,0,421000
1303,南亞            ,1647460,1169130,478330,0,0,0,0,46000,-46000,-12000,0,10000,-10000,18000,20000,-2000,420330
07639P,緯穎國票9A售01  ,0,0,0,0,0,0,0,0,0,420000,0,0,0,604000,184000,420000,420000
056855,祥碩中信98購02  ,0,0,0,0,0,0,0,0,0,420000,0,0,0,420000,0,420000,420000
061398,力成中信9A購01  ,0,0,0,0,0,0,0,0,0,419000,0,0,0,596000,177000,419000,419000
00730,富邦臺灣優質高息,1000,1000,0,0,0,0,0,0,0,418000,0,0,0,819000,401000,418000,418000
061701,友達國票9B購02  ,0,0,0,0,0,0,0,0,0,418000,0,0,0,419000,1000,418000,418000
062986,T50反1中信02購01,0,0,0,0,0,0,0,0,0,416000,0,0,0,450000,34000,416000,416000
4968,立積            ,1097000,1059000,38000,0,0,0,244000,0,244000,133000,137000,79000,58000,167000,92000,75000,415000
057532,智原元大98購03  ,0,0,0,0,0,0,0,0,0,414000,0,0,0,736000,322000,414000,414000
058380,臺股指凱基99購15,0,0,0,0,0,0,0,0,0,414000,0,0,0,659000,245000,414000,414000
065146,帆宣凱基9C購01  ,0,0,0,0,0,0,0,0,0,413000,0,0,0,540000,127000,413000,413000
057287,彩晶元大9C購03  ,0,0,0,0,0,0,0,0,0,412000,0,0,0,512000,100000,412000,412000
063340,英業達統一9B購01,0,0,0,0,0,0,0,0,0,412000,0,0,0,436000,24000,412000,412000
064284,京鼎元大9C購01  ,0,0,0,0,0,0,0,0,0,412000,0,0,0,594000,182000,412000,412000
2354,鴻準            ,1166006,760780,405226,0,0,0,0,2000,-2000,7000,12000,5000,7000,0,0,0,410226
065457,旭富元富03購01  ,0,0,0,0,0,0,0,0,0,409000,0,0,0,409000,0,409000,409000
056638,臺股指日盛98購01,0,0,0,0,0,0,0,0,0,409000,0,0,0,469000,60000,409000,409000
061673,仁寶元大9B購01  ,0,0,0,0,0,0,0,0,0,409000,0,0,0,475000,66000,409000,409000
065749,友訊元大9C購03  ,0,0,0,0,0,0,0,0,0,407000,0,0,0,437000,30000,407000,407000
059992,S&P正2元富9B購04,0,0,0,0,0,0,0,0,0,407000,0,0,0,407000,0,407000,407000
061610,力成統一9C購01  ,0,0,0,0,0,0,0,0,0,407000,0,0,0,1023000,616000,407000,407000
063398,信邦群益9B購02  ,0,0,0,0,0,0,0,0,0,407000,0,0,0,456000,49000,407000,407000
060562,旺宏富邦9C購02  ,0,0,0,0,0,0,0,0,0,405000,0,0,0,406000,1000,405000,405000
063431,神隆元富9B購01  ,0,0,0,0,0,0,0,0,0,405000,0,0,0,509000,104000,405000,405000
6706,惠特            ,618000,263000,355000,0,0,0,47000,0,47000,2000,10000,10000,0,2000,0,2000,404000
00728,第一金工業30    ,7000,7000,0,0,0,0,0,0,0,403000,0,0,0,449000,46000,403000,403000
061969,大立光統一01購02,0,0,0,0,0,0,0,0,0,403000,0,0,0,506000,103000,403000,403000
060418,中橡永豐9A購01  ,0,0,0,0,0,0,0,0,0,403000,0,0,0,403000,0,403000,403000
062340,力成麥證9B購01  ,0,0,0,401000,0,401000,0,0,0,401000,0,0,0,401000,0,401000,401000
2426,鼎元            ,461000,58000,403000,0,0,0,0,0,0,-2000,0,2000,-2000,0,0,0,401000
4938,和碩            ,3506732,2122000,1384732,0,0,0,0,12000,-12000,-972000,0,630000,-630000,4000,346000,-342000,400732
06854P,鴻海富邦99售05  ,0,0,0,0,0,0,0,0,0,400000,0,0,0,410000,10000,400000,400000
07192P,聯發科元大99售23,0,0,0,0,0,0,0,0,0,400000,0,0,0,400000,0,400000,400000
08464P,牧德永豐9C售02  ,0,0,0,0,0,0,0,0,0,400000,0,0,0,700000,300000,400000,400000
054097,淘帝國票97購01  ,0,0,0,0,0,0,0,0,0,400000,0,0,0,400000,0,400000,400000
052203,T50反1中信99購03,0,0,0,0,0,0,0,0,0,399000,0,0,0,499000,100000,399000,399000
058250,台虹元大99購01  ,0,0,0,0,0,0,0,0,0,399000,0,0,0,454000,55000,399000,399000
058273,同欣電永豐99購01,0,0,0,0,0,0,0,0,0,399000,0,0,0,400000,1000,399000,399000
060194,旭富元富9A購01  ,0,0,0,0,0,0,0,0,0,397000,0,0,0,397000,0,397000,397000
058614,台郡元大9A購01  ,0,0,0,0,0,0,0,0,0,395000,0,0,0,484000,89000,395000,395000
2812,台中銀          ,595000,191000,404000,0,0,0,0,0,0,-9000,0,9000,-9000,0,0,0,395000
063916,瀚宇博凱基01購01,0,0,0,0,0,0,0,0,0,394000,0,0,0,669000,275000,394000,394000
053797,台積電中信98購01,0,0,0,0,0,0,0,0,0,393000,0,0,0,954000,561000,393000,393000
5876,上海商銀        ,855644,568000,287644,0,0,0,0,0,0,105000,0,1000,-1000,124000,18000,106000,392644
060784,鴻海富邦9C購01  ,0,0,0,0,0,0,0,0,0,391000,0,0,0,456000,65000,391000,391000
064315,創意群益9C購01  ,0,0,0,0,0,0,0,0,0,391000,0,0,0,391000,0,391000,391000
062849,中興電永豐9B購02,0,0,0,0,0,0,0,0,0,391000,0,0,0,391000,0,391000,391000
07212P,聯發科凱基99售14,0,0,0,0,0,0,0,0,0,390000,0,0,0,390000,0,390000,390000
061791,康友群益9B購01  ,0,0,0,0,0,0,0,0,0,385000,0,0,0,485000,100000,385000,385000
063054,健鼎統一01購01  ,0,0,0,0,0,0,0,0,0,384000,0,0,0,1068000,684000,384000,384000
064568,聯鈞群益9C購01  ,0,10000,-10000,0,0,0,0,0,0,394000,0,0,0,458000,64000,394000,384000
07768P,緯穎群益9A售02  ,0,0,0,0,0,0,0,0,0,382000,0,0,0,382000,0,382000,382000
065403,健鼎國泰02購01  ,0,0,0,0,0,0,0,0,0,382000,0,0,0,382000,0,382000,382000
061124,微星永豐9A購02  ,0,0,0,0,0,0,0,0,0,382000,0,0,0,470000,88000,382000,382000
058268,泰碩永豐9A購01  ,0,0,0,0,0,0,0,0,0,382000,0,0,0,402000,20000,382000,382000
064630,巨大元大9C購01  ,0,0,0,0,0,0,0,0,0,382000,0,0,0,404000,22000,382000,382000
06725P,聯電元富98售01  ,0,0,0,0,0,0,0,0,0,381000,0,0,0,442000,61000,381000,381000
1216,統一            ,2240042,1835000,405042,0,0,0,0,29000,-29000,4000,0,0,0,7000,3000,4000,380042
060668,上証2X元大9A購02,0,0,0,0,0,0,0,0,0,380000,0,0,0,380000,0,380000,380000
060130,瀚宇博永豐99購02,0,0,0,0,0,0,0,0,0,379000,0,0,0,489000,110000,379000,379000
065076,中橡元大9C購01  ,0,0,0,0,0,0,0,0,0,378000,0,0,0,400000,22000,378000,378000
060375,葡萄王元富9A購01,0,0,0,0,0,0,0,0,0,377000,0,0,0,587000,210000,377000,377000
07791P,奇鋐元大9A售02  ,0,0,0,0,0,0,0,0,0,376000,0,0,0,382000,6000,376000,376000
061021,聯電國泰9B購01  ,0,0,0,0,0,0,0,0,0,376000,0,0,0,544000,168000,376000,376000
06631P,玉晶光群益9A售03,0,0,0,0,0,0,0,0,0,375000,0,0,0,400000,25000,375000,375000
063393,華通群益9C購05  ,0,0,0,0,0,0,0,0,0,375000,0,0,0,604000,229000,375000,375000
062698,台積電元大01購01,0,0,0,0,0,0,0,0,0,375000,0,0,0,772000,397000,375000,375000
064049,信邦統一01購01  ,0,0,0,0,0,0,0,0,0,374000,0,0,0,511000,137000,374000,374000
063852,瀚宇博元大9C購01,0,0,0,0,0,0,0,0,0,373000,0,0,0,803000,430000,373000,373000
058587,台積電中信9C購03,0,0,0,0,0,0,0,0,0,371000,0,0,0,485000,114000,371000,371000
064173,國產元富9C購01  ,0,0,0,0,0,0,0,0,0,371000,0,0,0,1321000,950000,371000,371000
065887,巨大元富9C購01  ,0,0,0,0,0,0,0,0,0,370000,0,0,0,374000,4000,370000,370000
053282,彩晶元大9C購01  ,0,0,0,0,0,0,0,0,0,369000,0,0,0,369000,0,369000,369000
065709,瀚宇博群益9C購01,0,0,0,0,0,0,0,0,0,368000,0,0,0,666000,298000,368000,368000
057626,技嘉富邦9A購01  ,0,0,0,0,0,0,0,0,0,368000,0,0,0,506000,138000,368000,368000
039212,台達電台新9A購01,0,0,0,0,0,0,0,0,0,366000,0,0,0,389000,23000,366000,366000
062017,京鼎永豐9B購01  ,0,0,0,0,0,0,0,0,0,366000,0,0,0,366000,0,366000,366000
065419,立積國票01購03  ,0,0,0,0,0,0,0,0,0,364000,0,0,0,613000,249000,364000,364000
064409,彩晶凱基04購01  ,0,0,0,0,0,0,0,0,0,364000,0,0,0,385000,21000,364000,364000
07996P,亞德客凱基9B售03,0,0,0,0,0,0,0,0,0,363000,0,0,0,395000,32000,363000,363000
056677,智伸科元富98購01,0,0,0,0,0,0,0,0,0,363000,0,0,0,461000,98000,363000,363000
00875,國泰網路資安    ,514000,0,514000,0,0,0,0,0,0,-152000,0,0,0,227000,379000,-152000,362000
061646,力成元大9A購02  ,0,0,0,0,0,0,0,0,0,362000,0,0,0,512000,150000,362000,362000
058714,美律統一9B購01  ,0,0,0,0,0,0,0,0,0,362000,0,0,0,517000,155000,362000,362000
062388,旭富國泰01購01  ,0,0,0,0,0,0,0,0,0,362000,0,0,0,373000,11000,362000,362000
060390,聯鈞群益9A購01  ,0,0,0,0,0,0,0,0,0,360000,0,0,0,583000,223000,360000,360000
064843,巨大統一02購01  ,0,0,0,0,0,0,0,0,0,359000,0,0,0,361000,2000,359000,359000
057567,嘉聯益富邦9A購01,0,0,0,0,0,0,0,0,0,358000,0,0,0,376000,18000,358000,358000
061659,信邦永豐9A購01  ,0,0,0,0,0,0,0,0,0,358000,0,0,0,536000,178000,358000,358000
054472,道瓊反中信9A購01,0,0,0,0,0,0,0,0,0,355000,0,0,0,528000,173000,355000,355000
059261,華邦電中信01購01,0,0,0,0,0,0,0,0,0,355000,0,0,0,355000,0,355000,355000
063050,葡萄王統一01購01,0,0,0,0,0,0,0,0,0,355000,0,0,0,355000,0,355000,355000
063587,漢唐永豐9B購02  ,0,0,0,0,0,0,0,0,0,354000,0,0,0,354000,0,354000,354000
056398,南茂永豐98購01  ,0,0,0,0,0,0,0,0,0,352000,0,0,0,615000,263000,352000,352000
062231,台光電麥證9C購01,0,0,0,352000,0,352000,0,0,0,352000,0,0,0,352000,0,352000,352000
063384,巨大永豐9B購04  ,0,0,0,0,0,0,0,0,0,352000,0,0,0,357000,5000,352000,352000
060890,大立光統一01購01,0,0,0,0,0,0,0,0,0,351000,0,0,0,366000,15000,351000,351000
064850,智原元富9C購01  ,0,0,0,0,0,0,0,0,0,351000,0,0,0,531000,180000,351000,351000
065565,神隆群益01購01  ,0,0,0,0,0,0,0,0,0,350000,0,0,0,489000,139000,350000,350000
051536,玉晶光國票97購01,0,0,0,0,0,0,0,0,0,350000,0,0,0,350000,0,350000,350000
061595,智易永豐9A購02  ,0,0,0,0,0,0,0,0,0,350000,0,0,0,513000,163000,350000,350000
064096,台積電群益9C購07,0,0,0,0,0,0,0,0,0,350000,0,0,0,350000,0,350000,350000
061092,可成統一9C購02  ,0,0,0,0,0,0,0,0,0,348000,0,0,0,358000,10000,348000,348000
065193,和大元富03購02  ,0,0,0,0,0,0,0,0,0,346000,0,0,0,490000,144000,346000,346000
054593,滬深2X永昌9A購01,0,0,0,0,0,0,0,0,0,345000,0,0,0,345000,0,345000,345000
064915,美律統一02購02  ,0,0,0,0,0,0,0,0,0,344000,0,0,0,344000,0,344000,344000
062215,華通統一9B購01  ,0,0,0,0,0,0,0,0,0,343000,0,0,0,1028000,685000,343000,343000
063253,巨大元大9B購03  ,0,0,0,0,0,0,0,0,0,343000,0,0,0,357000,14000,343000,343000
065246,旭富兆豐01購01  ,0,0,0,0,0,0,0,0,0,342000,0,0,0,342000,0,342000,342000
060195,旭富元富9A購02  ,0,0,0,0,0,0,0,0,0,342000,0,0,0,342000,0,342000,342000
065536,健鼎統一02購04  ,0,0,0,0,0,0,0,0,0,341000,0,0,0,361000,20000,341000,341000
054624,台積電凱基98購03,0,0,0,0,0,0,0,0,0,340000,0,0,0,340000,0,340000,340000
057074,立積永豐98購01  ,0,0,0,0,0,0,0,0,0,340000,0,0,0,557000,217000,340000,340000
064349,泰鼎元大9C購02  ,0,0,0,0,0,0,0,0,0,339000,0,0,0,495000,156000,339000,339000
058035,旭富永豐98購02  ,0,0,0,0,0,0,0,0,0,338000,0,0,0,358000,20000,338000,338000
060239,國揚元大9C購01  ,0,0,0,0,0,0,0,0,0,338000,0,0,0,403000,65000,338000,338000
062644,中環國泰9C購01  ,0,0,0,0,0,0,0,0,0,338000,0,0,0,539000,201000,338000,338000
057641,旺宏元大98購10  ,0,0,0,0,0,0,0,0,0,337000,0,0,0,337000,0,337000,337000
057428,正崴兆豐98購01  ,0,0,0,0,0,0,0,0,0,337000,0,0,0,422000,85000,337000,337000
006208,富邦台50        ,0,0,0,0,0,0,0,0,0,337000,0,0,0,337000,0,337000,337000
061165,美律兆豐9A購01  ,0,0,0,0,0,0,0,0,0,335000,0,0,0,343000,8000,335000,335000
056710,漢唐永豐98購01  ,0,0,0,0,0,0,0,0,0,335000,0,0,0,336000,1000,335000,335000
065477,健鼎元大9C購03  ,0,0,0,0,0,0,0,0,0,334000,0,0,0,444000,110000,334000,334000
061080,華邦電兆豐9B購01,0,0,0,0,0,0,0,0,0,333000,0,0,0,340000,7000,333000,333000
060303,宏達電富邦9B購01,0,0,0,0,0,0,0,0,0,331000,0,0,0,422000,91000,331000,331000
064204,瑞儀兆豐01購01  ,0,0,0,0,0,0,0,0,0,331000,0,0,0,625000,294000,331000,331000
054164,強茂凱基98購01  ,0,0,0,0,0,0,0,0,0,330000,0,0,0,395000,65000,330000,330000
058323,泰鼎永豐9A購01  ,0,0,0,0,0,0,0,0,0,330000,0,0,0,458000,128000,330000,330000
063980,智易兆豐9C購02  ,0,0,0,0,0,0,0,0,0,330000,0,0,0,460000,130000,330000,330000
065614,緯穎元大01購02  ,0,0,0,0,0,0,0,0,0,329000,0,0,0,477000,148000,329000,329000
058246,帆宣元大99購01  ,0,0,0,0,0,0,0,0,0,329000,0,0,0,374000,45000,329000,329000
064434,微星凱基02購01  ,0,0,0,0,0,0,0,0,0,329000,0,0,0,539000,210000,329000,329000
064753,英業達凱基9C購01,0,0,0,0,0,0,0,0,0,329000,0,0,0,457000,128000,329000,329000
062896,中興電元大9B購01,0,0,0,0,0,0,0,0,0,328000,0,0,0,460000,132000,328000,328000
062549,中租永豐9B購01  ,0,0,0,0,0,0,0,0,0,328000,0,0,0,568000,240000,328000,328000
060744,鴻海國票9A購04  ,0,0,0,0,0,0,0,0,0,326000,0,0,0,396000,70000,326000,326000
063379,帆宣永豐9B購01  ,0,0,0,0,0,0,0,0,0,326000,0,0,0,366000,40000,326000,326000
064564,義隆群益9C購02  ,0,0,0,0,0,0,0,0,0,324000,0,0,0,361000,37000,324000,324000
08097P,嘉澤永豐9B售03  ,0,0,0,0,0,0,0,0,0,323000,0,0,0,342000,19000,323000,323000
064108,創意兆豐9C購01  ,0,0,0,0,0,0,0,0,0,323000,0,0,0,370000,47000,323000,323000
065525,瑞儀群益01購01  ,0,0,0,0,0,0,0,0,0,322000,0,0,0,327000,5000,322000,322000
065774,旭富國票01購01  ,0,0,0,0,0,0,0,0,0,322000,0,0,0,357000,35000,322000,322000
057552,禾伸堂凱基98購05,0,0,0,0,0,0,0,0,0,322000,0,0,0,392000,70000,322000,322000
056465,臺股指凱基99購07,0,0,0,0,0,0,0,0,0,322000,0,0,0,401000,79000,322000,322000
059539,緯穎凱基99購03  ,0,0,0,0,0,0,0,0,0,322000,0,0,0,341000,19000,322000,322000
063860,旺宏國泰02購01  ,0,0,0,0,0,0,0,0,0,322000,0,0,0,322000,0,322000,322000
063874,志超永豐9C購01  ,0,0,0,0,0,0,0,0,0,322000,0,0,0,322000,0,322000,322000
062373,泰鼎元大9B購01  ,0,0,0,0,0,0,0,0,0,322000,0,0,0,439000,117000,322000,322000
2472,立隆電          ,486000,140000,346000,0,0,0,0,0,0,-25000,1000,26000,-25000,0,0,0,321000
054558,劍麟群益99購01  ,0,0,0,0,0,0,0,0,0,320000,0,0,0,330000,10000,320000,320000
060238,強茂元大9C購01  ,0,0,0,0,0,0,0,0,0,320000,0,0,0,394000,74000,320000,320000
061306,瑞祺永豐9A購02  ,0,0,0,0,0,0,0,0,0,320000,0,0,0,681000,361000,320000,320000
064726,創意統一01購03  ,0,0,0,0,0,0,0,0,0,319000,0,0,0,469000,150000,319000,319000
063209,巨大統一01購01  ,0,0,0,0,0,0,0,0,0,318000,0,0,0,546000,228000,318000,318000
063950,信邦元大9C購01  ,0,0,0,0,0,0,0,0,0,316000,0,0,0,366000,50000,316000,316000
055259,玉晶光統一9A購01,0,0,0,0,0,0,0,0,0,315000,0,0,0,320000,5000,315000,315000
065896,智易統一02購01  ,0,0,0,0,0,0,0,0,0,313000,0,0,0,415000,102000,313000,313000
054872,瀚宇博群益98購01,0,0,0,0,0,0,0,0,0,313000,0,0,0,499000,186000,313000,313000
065126,世芯永豐9C購02  ,0,0,0,0,0,0,0,0,0,312000,0,0,0,366000,54000,312000,312000
061410,緯穎國票9A購03  ,0,0,0,0,0,0,0,0,0,312000,0,0,0,315000,3000,312000,312000
063484,達方元大9B購01  ,0,0,0,0,0,0,0,0,0,312000,0,0,0,386000,74000,312000,312000
054377,臺股指中信99購09,0,0,0,0,0,0,0,0,0,311000,0,0,0,311000,0,311000,311000
057804,為升元大98購01  ,0,0,0,0,0,0,0,0,0,310000,0,0,0,380000,70000,310000,310000
056483,TPK元大98購01   ,0,0,0,0,0,0,0,0,0,310000,0,0,0,387000,77000,310000,310000
063399,智原群益9B購01  ,0,0,0,0,0,0,0,0,0,310000,0,0,0,482000,172000,310000,310000
063077,巨大永豐9B購03  ,0,0,0,0,0,0,0,0,0,310000,0,0,0,382000,72000,310000,310000
061244,和碩兆豐9A購01  ,0,0,0,0,0,0,0,0,0,309000,0,0,0,316000,7000,309000,309000
053294,聯發科中信9C購01,0,0,0,0,0,0,0,0,0,309000,0,0,0,401000,92000,309000,309000
062665,智易群益9B購01  ,0,0,0,0,0,0,0,0,0,309000,0,0,0,309000,0,309000,309000
063691,聯鈞永豐9B購01  ,0,0,0,0,0,0,0,0,0,309000,0,0,0,384000,75000,309000,309000
055569,聚陽統一98購01  ,0,0,0,0,0,0,0,0,0,307000,0,0,0,307000,0,307000,307000
061593,智原永豐9A購01  ,0,0,0,0,0,0,0,0,0,307000,0,0,0,842000,535000,307000,307000
064839,旭富統一9C購01  ,0,0,0,0,0,0,0,0,0,307000,0,0,0,307000,0,307000,307000
064357,中橡統一9C購01  ,0,0,0,0,0,0,0,0,0,307000,0,0,0,307000,0,307000,307000
062884,康控兆豐9C購01  ,0,0,0,0,0,0,0,0,0,306000,0,0,0,306000,0,306000,306000
063485,巨大元大9B購04  ,0,0,0,0,0,0,0,0,0,306000,0,0,0,369000,63000,306000,306000
056385,創意國泰99購01  ,0,0,0,0,0,0,0,0,0,305000,0,0,0,305000,0,305000,305000
059040,訊芯群益99購03  ,0,0,0,0,0,0,0,0,0,305000,0,0,0,305000,0,305000,305000
064768,仁寶中信03購01  ,0,0,0,0,0,0,0,0,0,305000,0,0,0,315000,10000,305000,305000
054742,京鼎凱基99購01  ,0,0,0,0,0,0,0,0,0,304000,0,0,0,339000,35000,304000,304000
064747,彩晶國票01購01  ,0,0,0,0,0,0,0,0,0,304000,0,0,0,304000,0,304000,304000
2855,統一證          ,474000,170000,304000,0,0,0,0,0,0,0,0,0,0,0,0,0,304000
6141,柏承            ,538000,234000,304000,0,0,0,0,0,0,0,0,0,0,0,0,0,304000
062969,旺宏元富9B購01  ,0,0,0,0,0,0,0,0,0,303000,0,0,0,303000,0,303000,303000
065873,信邦群益02購01  ,0,0,0,0,0,0,0,0,0,302000,0,0,0,307000,5000,302000,302000
054371,台積電中信9C購01,0,0,0,0,0,0,0,0,0,302000,0,0,0,467000,165000,302000,302000
055437,禾伸堂中信99購01,0,0,0,0,0,0,0,0,0,302000,0,0,0,337000,35000,302000,302000
056470,旺宏元大99購01  ,0,0,0,0,0,0,0,0,0,302000,0,0,0,302000,0,302000,302000
062869,帆宣中信9B購01  ,0,0,0,0,0,0,0,0,0,302000,0,0,0,371000,69000,302000,302000
064552,巨大凱基01購01  ,0,0,0,0,0,0,0,0,0,302000,0,0,0,307000,5000,302000,302000
065101,力成元大9C購05  ,0,0,0,0,0,0,0,0,0,301000,0,0,0,359000,58000,301000,301000
064288,瀚宇博元大9C購02,0,0,0,0,0,0,0,0,0,301000,0,0,0,747000,446000,301000,301000
3669,圓展            ,509000,199000,310000,0,0,0,0,0,0,-9000,0,9000,-9000,0,0,0,301000
064947,台積電凱基01購08,0,0,0,0,0,0,0,0,0,300000,0,0,0,422000,122000,300000,300000
07738P,玉晶光永豐9A售06,0,0,0,0,0,0,0,0,0,300000,0,0,0,300000,0,300000,300000
058806,道瓊銀統一9B購01,0,0,0,0,0,0,0,0,0,300000,0,0,0,300000,0,300000,300000
058276,道瓊指中信9C購01,0,0,0,0,0,0,0,0,0,300000,0,0,0,300000,0,300000,300000
061845,SP黃豆國票9B購02,0,0,0,0,0,0,0,0,0,300000,0,0,0,300000,0,300000,300000
064474,華新科麥證01購01,0,0,0,300000,0,300000,0,0,0,300000,0,0,0,300000,0,300000,300000
063062,群創元富9B購01  ,0,0,0,0,0,0,0,0,0,300000,0,0,0,468000,168000,300000,300000
065235,旭富凱基02購01  ,0,0,0,0,0,0,0,0,0,299000,0,0,0,299000,0,299000,299000
060670,臺指反元大01購03,0,0,0,0,0,0,0,0,0,299000,0,0,0,299000,0,299000,299000
063449,全新統一9B購02  ,0,0,0,0,0,0,0,0,0,299000,0,0,0,546000,247000,299000,299000
062405,泰鼎永豐9B購02  ,0,0,0,0,0,0,0,0,0,299000,0,0,0,480000,181000,299000,299000
063994,台光電群益9C購01,0,0,0,0,0,0,0,0,0,299000,0,0,0,431000,132000,299000,299000
056363,華新科元大99購04,0,0,0,0,0,0,0,0,0,298000,0,0,0,308000,10000,298000,298000
061243,麗豐兆豐9A購01  ,0,0,0,0,0,0,0,0,0,298000,0,0,0,298000,0,298000,298000
063694,貿聯永豐9B購01  ,0,0,0,0,0,0,0,0,0,298000,0,0,0,335000,37000,298000,298000
07131P,緯穎元大99售06  ,0,0,0,0,0,0,0,0,0,297000,0,0,0,525000,228000,297000,297000
06980P,緯穎永豐99售02  ,0,0,0,0,0,0,0,0,0,297000,0,0,0,297000,0,297000,297000
043442,大立光台新01購01,0,0,0,0,0,0,0,0,0,297000,0,0,0,297000,0,297000,297000
08075P,聯電群益9C售01  ,0,0,0,0,0,0,0,0,0,296000,0,0,0,298000,2000,296000,296000
061987,大立光元大9B購03,0,0,0,0,0,0,0,0,0,296000,0,0,0,350000,54000,296000,296000
063693,智易永豐9B購02  ,0,0,0,0,0,0,0,0,0,296000,0,0,0,378000,82000,296000,296000
065234,旭富凱基01購01  ,0,0,0,0,0,0,0,0,0,295000,0,0,0,392000,97000,295000,295000
062609,帆宣凱基9B購01  ,0,0,0,0,0,0,0,0,0,295000,0,0,0,323000,28000,295000,295000
056136,京鼎元大98購01  ,0,0,0,0,0,0,0,0,0,294000,0,0,0,362000,68000,294000,294000
2845,遠東銀          ,331000,15000,316000,0,0,0,0,14000,-14000,-8000,0,8000,-8000,0,0,0,294000
060862,美律永豐9A購01  ,0,0,0,0,0,0,0,0,0,293000,0,0,0,308000,15000,293000,293000
6285,啟碁            ,437000,210000,227000,0,0,0,40000,0,40000,26000,27000,0,27000,0,1000,-1000,293000
1731,美吾華          ,442000,150000,292000,0,0,0,0,0,0,0,0,0,0,0,0,0,292000
056848,泰鼎元富98購01  ,0,0,0,0,0,0,0,0,0,292000,0,0,0,292000,0,292000,292000
058156,超眾統一9A購02  ,0,0,0,0,0,0,0,0,0,292000,0,0,0,392000,100000,292000,292000
063902,志超群益9C購01  ,0,0,0,0,0,0,0,0,0,292000,0,0,0,300000,8000,292000,292000
064600,技嘉元富9C購01  ,0,0,0,0,0,0,0,0,0,292000,0,0,0,292000,0,292000,292000
057792,群創統一99購01  ,0,0,0,0,0,0,0,0,0,291000,0,0,0,301000,10000,291000,291000
062096,神隆永豐9B購01  ,0,0,0,0,0,0,0,0,0,291000,0,0,0,344000,53000,291000,291000
064863,台積電永豐9C購01,0,0,0,0,0,0,0,0,0,291000,0,0,0,301000,10000,291000,291000
064117,中興電元大9C購01,0,0,0,0,0,0,0,0,0,291000,0,0,0,291000,0,291000,291000
063196,力成元富9B購01  ,0,0,0,0,0,0,0,0,0,291000,0,0,0,481000,190000,291000,291000
2493,揚博            ,459000,192000,267000,0,0,0,0,0,0,24000,24000,0,24000,0,0,0,291000
055026,健和興國泰98購01,0,0,0,0,0,0,0,0,0,290000,0,0,0,300000,10000,290000,290000
059238,台積電凱基99購11,0,0,0,0,0,0,0,0,0,290000,0,0,0,290000,0,290000,290000
064245,GIS統一02購02   ,0,0,0,0,0,0,0,0,0,290000,0,0,0,350000,60000,290000,290000
1309,台達化          ,669000,388000,281000,0,0,0,0,0,0,8000,8000,0,8000,0,0,0,289000
056619,強茂永豐98購01  ,0,0,0,0,0,0,0,0,0,289000,0,0,0,289000,0,289000,289000
065371,漢唐元大01購01  ,0,0,0,0,0,0,0,0,0,288000,0,0,0,348000,60000,288000,288000
056521,群創日盛98購01  ,0,0,0,0,0,0,0,0,0,288000,0,0,0,288000,0,288000,288000
056267,文曄統一97購02  ,0,0,0,0,0,0,0,0,0,288000,0,0,0,288000,0,288000,288000
055586,旺宏元大98購06  ,0,0,0,0,0,0,0,0,0,288000,0,0,0,288000,0,288000,288000
051055,友達群益98購01  ,0,0,0,0,0,0,0,0,0,288000,0,0,0,323000,35000,288000,288000
058768,南港兆豐99購01  ,0,0,0,0,0,0,0,0,0,287000,0,0,0,287000,0,287000,287000
061639,晶豪科元大9A購02,0,0,0,0,0,0,0,0,0,287000,0,0,0,360000,73000,287000,287000
064080,宏達電中信06購01,0,0,0,0,0,0,0,0,0,287000,0,0,0,337000,50000,287000,287000
063944,建準元大9C購01  ,0,0,0,0,0,0,0,0,0,287000,0,0,0,290000,3000,287000,287000
06851P,鈺齊元大98售01  ,0,0,0,0,0,0,0,0,0,286000,0,0,0,286000,0,286000,286000
08375P,聯電元富9C售02  ,0,0,0,0,0,0,0,0,0,286000,0,0,0,395000,109000,286000,286000
061015,旺宏麥證9A購03  ,0,0,0,286000,0,286000,0,0,0,286000,0,0,0,286000,0,286000,286000
062526,友達統一01購01  ,0,0,0,0,0,0,0,0,0,286000,0,0,0,296000,10000,286000,286000
08395P,燿華永豐9C售02  ,0,0,0,0,0,0,0,0,0,285000,0,0,0,348000,63000,285000,285000
065411,旺宏永豐9C購02  ,0,0,0,0,0,0,0,0,0,285000,0,0,0,293000,8000,285000,285000
065078,台積電元大02購01,0,0,0,0,0,0,0,0,0,285000,0,0,0,740000,455000,285000,285000
061763,聯電元大9C購02  ,0,0,0,0,0,0,0,0,0,285000,0,0,0,304000,19000,285000,285000
064139,裕隆統一01購02  ,0,0,0,0,0,0,0,0,0,285000,0,0,0,412000,127000,285000,285000
056676,國產元富98購01  ,0,0,0,0,0,0,0,0,0,284000,0,0,0,983000,699000,284000,284000
062731,力成凱基9B購02  ,0,0,0,0,0,0,0,0,0,284000,0,0,0,418000,134000,284000,284000
065196,技嘉元富06購01  ,0,0,0,0,0,0,0,0,0,283000,0,0,0,335000,52000,283000,283000
060468,聯鈞元大9A購02  ,0,0,0,0,0,0,0,0,0,283000,0,0,0,520000,237000,283000,283000
063572,麗豐元大9B購01  ,0,0,0,0,0,0,0,0,0,283000,0,0,0,493000,210000,283000,283000
064898,國產群益9C購01  ,0,0,0,0,0,0,0,0,0,282000,0,0,0,623000,341000,282000,282000
065443,智邦統一9C購03  ,0,0,0,0,0,0,0,0,0,282000,0,0,0,396000,114000,282000,282000
07459P,緯穎元大9A售01  ,0,0,0,0,0,0,0,0,0,282000,0,0,0,282000,0,282000,282000
059503,大立光富邦9B購04,0,0,0,0,0,0,0,0,0,281000,0,0,0,341000,60000,281000,281000
064075,台積電中信06購01,0,0,0,0,0,0,0,0,0,281000,0,0,0,328000,47000,281000,281000
060983,南亞科元大9A購06,0,0,0,0,0,0,0,0,0,280000,0,0,0,283000,3000,280000,280000
057423,台郡凱基98購06  ,0,0,0,0,0,0,0,0,0,280000,0,0,0,426000,146000,280000,280000
054088,華新群益98購02  ,0,0,0,0,0,0,0,0,0,280000,0,0,0,380000,100000,280000,280000
058363,全新凱基9A購02  ,0,0,0,0,0,0,0,0,0,280000,0,0,0,280000,0,280000,280000
061318,智邦凱基9B購01  ,0,0,0,0,0,0,0,0,0,278000,0,0,0,571000,293000,278000,278000
059623,聯電凱基99購02  ,0,0,0,0,0,0,0,0,0,278000,0,0,0,278000,0,278000,278000
064332,聯發科元大01購01,0,0,0,0,0,0,0,0,0,278000,0,0,0,343000,65000,278000,278000
3024,憶聲            ,511000,233000,278000,0,0,0,0,0,0,0,0,0,0,0,0,0,278000
063664,漢唐統一9C購01  ,0,0,0,0,0,0,0,0,0,277000,0,0,0,317000,40000,277000,277000
08089P,嘉澤凱基9B售03  ,0,0,0,0,0,0,0,0,0,276000,0,0,0,291000,15000,276000,276000
061129,文曄永豐9A購01  ,0,0,0,0,0,0,0,0,0,276000,0,0,0,276000,0,276000,276000
057923,晶豪科凱基98購02,0,0,0,0,0,0,0,0,0,276000,0,0,0,392000,116000,276000,276000
063615,瑞祺群益9B購03  ,0,0,0,0,0,0,0,0,0,276000,0,0,0,417000,141000,276000,276000
065775,神隆國泰03購01  ,0,0,0,0,0,0,0,0,0,275000,0,0,0,427000,152000,275000,275000
2485,兆赫            ,381000,103000,278000,0,0,0,0,0,0,-3000,1000,4000,-3000,0,0,0,275000
08002P,大毅國票9B售03  ,0,0,0,0,0,0,0,0,0,274000,0,0,0,286000,12000,274000,274000
058625,旺宏國票9A購01  ,0,0,0,0,0,0,0,0,0,274000,0,0,0,282000,8000,274000,274000
064137,台泥統一02購01  ,0,0,0,0,0,0,0,0,0,274000,0,0,0,852000,578000,274000,274000
057945,京鼎國票99購03  ,0,0,0,0,0,0,0,0,0,273000,0,0,0,278000,5000,273000,273000
061535,群創統一9C購01  ,0,0,0,0,0,0,0,0,0,273000,0,0,0,273000,0,273000,273000
065284,旺宏群益9C購03  ,0,0,0,0,0,0,0,0,0,272000,0,0,0,370000,98000,272000,272000
2106,建大            ,297000,25000,272000,0,0,0,0,0,0,0,0,0,0,0,0,0,272000
056321,創意群益98購02  ,0,0,0,0,0,0,0,0,0,271000,0,0,0,271000,0,271000,271000
059093,旭富元大99購01  ,0,0,0,0,0,0,0,0,0,271000,0,0,0,301000,30000,271000,271000
08590P,智邦凱基9C售04  ,0,0,0,0,0,0,0,0,0,270000,0,0,0,302000,32000,270000,270000
058013,SP黃豆凱基9A購01,0,0,0,0,0,0,0,0,0,270000,0,0,0,270000,0,270000,270000
053228,康友台新97購01  ,0,0,0,0,0,0,0,0,0,270000,0,0,0,270000,0,270000,270000
058456,京鼎永豐99購01  ,0,0,0,0,0,0,0,0,0,270000,0,0,0,291000,21000,270000,270000
058291,元油2X日盛99購01,0,0,0,0,0,0,0,0,0,270000,0,0,0,270000,0,270000,270000
061518,達方永豐9A購02  ,0,0,0,0,0,0,0,0,0,270000,0,0,0,624000,354000,270000,270000
061348,聯鈞元大9A購05  ,0,0,0,0,0,0,0,0,0,270000,0,0,0,334000,64000,270000,270000
062747,立積永豐9B購01  ,0,0,0,0,0,0,0,0,0,270000,0,0,0,408000,138000,270000,270000
05749P,臺股指群益99售03,0,0,0,0,0,0,0,0,0,268000,0,0,0,618000,350000,268000,268000
057727,華邦電國泰9A購01,0,0,0,0,0,0,0,0,0,268000,0,0,0,269000,1000,268000,268000
061439,寶成凱基9A購01  ,0,0,0,0,0,0,0,0,0,268000,0,0,0,268000,0,268000,268000
065449,中租統一9C購01  ,0,0,0,0,0,0,0,0,0,267000,0,0,0,268000,1000,267000,267000
055688,力成凱基98購02  ,0,0,0,0,0,0,0,0,0,267000,0,0,0,287000,20000,267000,267000
065174,華新科元大02購02,0,0,0,0,0,0,0,0,0,266000,0,0,0,266000,0,266000,266000
063339,智邦統一01購01  ,0,0,0,0,0,0,0,0,0,266000,0,0,0,327000,61000,266000,266000
057846,神達永豐98購01  ,0,0,0,0,0,0,0,0,0,265000,0,0,0,265000,0,265000,265000
060183,南亞科元富9A購01,0,0,0,0,0,0,0,0,0,265000,0,0,0,275000,10000,265000,265000
060865,創意永豐9A購01  ,0,0,0,0,0,0,0,0,0,265000,0,0,0,265000,0,265000,265000
062971,英業達元富9B購01,0,0,0,0,0,0,0,0,0,265000,0,0,0,640000,375000,265000,265000
064563,全新群益02購01  ,0,0,0,0,0,0,0,0,0,265000,0,0,0,338000,73000,265000,265000
064735,群創元富9C購02  ,0,0,0,0,0,0,0,0,0,265000,0,0,0,265000,0,265000,265000
065312,日月光國票01購01,0,0,0,0,0,0,0,0,0,264000,0,0,0,330000,66000,264000,264000
08553P,嘉澤群益9C售01  ,0,0,0,0,0,0,0,0,0,264000,0,0,0,348000,84000,264000,264000
046629,群創統一98購01  ,0,0,0,0,0,0,0,0,0,264000,0,0,0,287000,23000,264000,264000
1103,嘉泥            ,384000,120000,264000,0,0,0,0,0,0,-1000,0,1000,-1000,0,0,0,263000
053415,聯茂國票97購01  ,0,0,0,0,0,0,0,0,0,263000,0,0,0,308000,45000,263000,263000
057813,京元電元大98購03,0,0,0,0,0,0,0,0,0,263000,0,0,0,475000,212000,263000,263000
6271,同欣電          ,1184000,853000,331000,0,0,0,408000,621000,-213000,145000,127000,60000,67000,134000,56000,78000,263000
065727,冠德凱基9C購01  ,0,0,0,0,0,0,0,0,0,262000,0,0,0,492000,230000,262000,262000
057021,台積電凱基9A購02,0,0,0,0,0,0,0,0,0,262000,0,0,0,300000,38000,262000,262000
060028,國揚永豐99購01  ,0,0,0,0,0,0,0,0,0,261000,0,0,0,628000,367000,261000,261000
061267,玉山金凱基9B購01,0,0,0,0,0,0,0,0,0,261000,0,0,0,261000,0,261000,261000
064865,美律永豐9C購02  ,0,0,0,0,0,0,0,0,0,261000,0,0,0,261000,0,261000,261000
065333,冠德國票01購01  ,0,5000,-5000,0,0,0,0,0,0,265000,0,0,0,368000,103000,265000,260000
060565,大立光富邦01購01,0,0,0,0,0,0,0,0,0,260000,0,0,0,320000,60000,260000,260000
063205,貿聯統一9C購01  ,0,0,0,0,0,0,0,0,0,260000,0,0,0,339000,79000,260000,260000
9802,鈺齊-KY         ,943000,334000,609000,0,0,0,0,550000,-550000,200000,131000,0,131000,80000,11000,69000,259000
062031,臻鼎群益9B購01  ,0,0,0,0,0,0,0,0,0,258000,0,0,0,298000,40000,258000,258000
064192,巨大中信9C購01  ,0,0,0,0,0,0,0,0,0,258000,0,0,0,339000,81000,258000,258000
064317,日月光群益9C購01,0,0,0,0,0,0,0,0,0,257000,0,0,0,263000,6000,257000,257000
065576,泰鼎群益9C購02  ,0,0,0,0,0,0,0,0,0,256000,0,0,0,257000,1000,256000,256000
07385P,緯穎群益99售04  ,0,0,0,0,0,0,0,0,0,256000,0,0,0,297000,41000,256000,256000
057992,大立光日盛98購01,0,0,0,0,0,0,0,0,0,256000,0,0,0,560000,304000,256000,256000
057203,麗豐元富98購02  ,0,0,0,0,0,0,0,0,0,256000,0,0,0,386000,130000,256000,256000
060631,微星富邦9B購01  ,0,0,0,0,0,0,0,0,0,256000,0,0,0,391000,135000,256000,256000
08036P,嘉澤群益9B售03  ,0,0,0,0,0,0,0,0,0,255000,0,0,0,255000,0,255000,255000
051911,大立光元大98購02,0,0,0,0,0,0,0,0,0,255000,0,0,0,255000,0,255000,255000
065722,緯創兆豐9C購02  ,0,0,0,0,0,0,0,0,0,254000,0,0,0,263000,9000,254000,254000
065855,瀚宇博元大9C購03,0,0,0,0,0,0,0,0,0,254000,0,0,0,767000,513000,254000,254000
065393,旺宏群益9C購04  ,0,0,0,0,0,0,0,0,0,254000,0,0,0,266000,12000,254000,254000
064935,寶成統一02購02  ,0,0,0,0,0,0,0,0,0,254000,0,0,0,254000,0,254000,254000
056906,玉晶光元大9B購01,0,0,0,0,0,0,0,0,0,254000,0,0,0,375000,121000,254000,254000
060084,聯電元大99購02  ,0,0,0,0,0,0,0,0,0,254000,0,0,0,324000,70000,254000,254000
06644P,亞德客元大98售03,0,0,0,0,0,0,0,0,0,253000,0,0,0,353000,100000,253000,253000
056567,瀚宇博群益98購02,0,0,0,0,0,0,0,0,0,253000,0,0,0,271000,18000,253000,253000
057745,泰鼎永豐99購01  ,0,0,0,0,0,0,0,0,0,253000,0,0,0,355000,102000,253000,253000
059452,全新永豐99購03  ,0,0,0,0,0,0,0,0,0,253000,0,0,0,290000,37000,253000,253000
065382,緯穎元大9C購04  ,0,0,0,0,0,0,0,0,0,252000,0,0,0,258000,6000,252000,252000
07009P,臺股指中信9B售01,0,0,0,0,0,0,0,0,0,252000,0,0,0,280000,28000,252000,252000
058441,T50反1台新03購01,0,0,0,0,0,0,0,0,0,252000,0,0,0,252000,0,252000,252000
060437,宏全永豐9A購01  ,0,0,0,0,0,0,0,0,0,252000,0,0,0,335000,83000,252000,252000
064859,南亞科富邦01購01,0,0,0,0,0,0,0,0,0,252000,0,0,0,252000,0,252000,252000
064699,臻鼎群益9C購01  ,0,0,0,0,0,0,0,0,0,252000,0,0,0,270000,18000,252000,252000
3056,總太            ,1033000,781000,252000,0,0,0,0,0,0,0,0,0,0,0,0,0,252000
059064,緯穎凱基99購02  ,0,0,0,0,0,0,0,0,0,251000,0,0,0,354000,103000,251000,251000
060259,潤泰全凱基9C購01,0,0,0,0,0,0,0,0,0,251000,0,0,0,375000,124000,251000,251000
062743,微星國泰01購01  ,0,0,0,0,0,0,0,0,0,251000,0,0,0,425000,174000,251000,251000
061121,智邦永豐9A購02  ,0,0,0,0,0,0,0,0,0,250000,0,0,0,730000,480000,250000,250000
058549,藍天永豐99購01  ,0,0,0,0,0,0,0,0,0,250000,0,0,0,250000,0,250000,250000
064197,智伸科群益9C購01,0,0,0,0,0,0,0,0,0,250000,0,0,0,295000,45000,250000,250000
063997,泰鼎群益9C購01  ,0,0,0,0,0,0,0,0,0,250000,0,0,0,250000,0,250000,250000
065815,微星元富9C購01  ,0,0,0,0,0,0,0,0,0,249000,0,0,0,622000,373000,249000,249000
061014,台積電麥證9A購04,0,0,0,299000,50000,249000,0,0,0,249000,0,0,0,299000,50000,249000,249000
056816,華通永豐98購02  ,0,0,0,0,0,0,0,0,0,249000,0,0,0,520000,271000,249000,249000
058405,訊連元大99購02  ,0,0,0,0,0,0,0,0,0,249000,0,0,0,249000,0,249000,249000
062557,台光電凱基9B購02,0,0,0,0,0,0,0,0,0,249000,0,0,0,474000,225000,249000,249000
2390,云辰            ,179000,53000,126000,0,0,0,0,0,0,123000,5000,2000,3000,120000,0,120000,249000
056394,晶豪科永豐98購01,0,0,0,0,0,0,0,0,0,248000,0,0,0,263000,15000,248000,248000
060156,光磊永豐9A購01  ,0,0,0,0,0,0,0,0,0,248000,0,0,0,248000,0,248000,248000
059951,台塑康和99購01  ,0,0,0,0,0,0,0,0,0,247000,0,0,0,301000,54000,247000,247000
063288,泰鼎元大9B購02  ,0,0,0,0,0,0,0,0,0,247000,0,0,0,343000,96000,247000,247000
065518,聯鈞群益9C購02  ,0,0,0,0,0,0,0,0,0,246000,0,0,0,357000,111000,246000,246000
07370P,南亞科凱基99售08,0,0,0,0,0,0,0,0,0,246000,0,0,0,246000,0,246000,246000
065230,義隆凱基02購01  ,0,0,0,0,0,0,0,0,0,245000,0,0,0,368000,123000,245000,245000
063773,可成富邦9C購01  ,0,0,0,0,0,0,0,0,0,245000,0,0,0,305000,60000,245000,245000
8131,福懋科          ,277000,61000,216000,0,0,0,0,1000,-1000,30000,0,4000,-4000,49000,15000,34000,245000
065377,群創元大02購02  ,0,0,0,0,0,0,0,0,0,244000,0,0,0,322000,78000,244000,244000
064978,群創元大9C購07  ,0,0,0,0,0,0,0,0,0,244000,0,0,0,324000,80000,244000,244000
062351,瑞祺群益9C購01  ,0,0,0,0,0,0,0,0,0,244000,0,0,0,354000,110000,244000,244000
062252,華邦電元大9C購01,0,50000,-50000,0,0,0,0,0,0,293000,0,0,0,303000,10000,293000,243000
063397,廣達群益9B購02  ,0,0,0,0,0,0,0,0,0,243000,0,0,0,294000,51000,243000,243000
6288,聯嘉            ,480000,345000,135000,0,0,0,0,0,0,108000,110000,2000,108000,0,0,0,243000
056206,泰鼎永豐97購01  ,0,0,0,0,0,0,0,0,0,242000,0,0,0,255000,13000,242000,242000
060423,智易永豐9A購01  ,0,0,0,0,0,0,0,0,0,242000,0,0,0,304000,62000,242000,242000
064256,玉晶光國泰02購02,0,0,0,0,0,0,0,0,0,242000,0,0,0,473000,231000,242000,242000
065454,神隆元富9C購01  ,0,0,0,0,0,0,0,0,0,241000,0,0,0,300000,59000,241000,241000
006206,元大上證50      ,32000,18000,14000,0,0,0,0,0,0,227000,60000,50000,10000,1230000,1013000,217000,241000
065183,和大統一01購03  ,0,0,0,0,0,0,0,0,0,240000,0,0,0,262000,22000,240000,240000
054789,高鐵群益98購01  ,0,0,0,0,0,0,0,0,0,240000,0,0,0,240000,0,240000,240000
056673,中石化元富9B購01,0,0,0,0,0,0,0,0,0,240000,0,0,0,295000,55000,240000,240000
060698,旺宏國泰9C購01  ,0,0,0,0,0,0,0,0,0,240000,0,0,0,263000,23000,240000,240000
057257,台泥兆豐99購01  ,0,0,0,0,0,0,0,0,0,239000,0,0,0,242000,3000,239000,239000
063641,泰鼎元大9B購04  ,0,0,0,0,0,0,0,0,0,239000,0,0,0,578000,339000,239000,239000
065650,旭富元大9C購07  ,0,0,0,0,0,0,0,0,0,238000,0,0,0,519000,281000,238000,238000
063645,瑞儀元大9B購02  ,0,0,0,0,0,0,0,0,0,238000,0,0,0,258000,20000,238000,238000
064301,漢唐兆豐01購01  ,0,0,0,0,0,0,0,0,0,238000,0,0,0,377000,139000,238000,238000
064559,旺宏群益01購02  ,0,0,0,0,0,0,0,0,0,238000,0,0,0,244000,6000,238000,238000
065224,和大凱基02購02  ,0,0,0,0,0,0,0,0,0,237000,0,0,0,266000,29000,237000,237000
058536,群創統一9B購01  ,0,0,0,0,0,0,0,0,0,237000,0,0,0,333000,96000,237000,237000
063377,泰鼎永豐9B購03  ,0,0,0,0,0,0,0,0,0,237000,0,0,0,331000,94000,237000,237000
6112,聚碩            ,629000,392000,237000,0,0,0,0,0,0,0,0,0,0,0,0,0,237000
062383,大立光國泰01購01,0,0,0,0,0,0,0,0,0,236000,0,0,0,441000,205000,236000,236000
062413,台光電中信9B購02,0,0,0,0,0,0,0,0,0,236000,0,0,0,247000,11000,236000,236000
064347,貿聯元大9C購03  ,0,0,0,0,0,0,0,0,0,236000,0,0,0,264000,28000,236000,236000
3008,大立光          ,286131,163500,122631,0,0,0,99000,10180,88820,24000,30000,23000,7000,21000,4000,17000,235451
065253,和大元大01購02  ,0,0,0,0,0,0,0,0,0,235000,0,0,0,235000,0,235000,235000
065295,旭富群益9C購02  ,0,0,0,0,0,0,0,0,0,235000,0,0,0,235000,0,235000,235000
059396,T50反1元富99購04,0,0,0,0,0,0,0,0,0,235000,0,0,0,235000,0,235000,235000
060693,台積電麥證9A購02,0,0,0,288000,53000,235000,0,0,0,235000,0,0,0,288000,53000,235000,235000
061824,聯電麥證9B購01  ,0,0,0,285000,50000,235000,0,0,0,235000,0,0,0,285000,50000,235000,235000
063646,帆宣元大9B購02  ,0,0,0,0,0,0,0,0,0,235000,0,0,0,254000,19000,235000,235000
064151,義隆統一01購01  ,0,0,0,0,0,0,0,0,0,235000,0,0,0,249000,14000,235000,235000
063177,友達兆豐9B購01  ,0,0,0,0,0,0,0,0,0,235000,0,0,0,302000,67000,235000,235000
065846,華新科元大03購01,0,0,0,0,0,0,0,0,0,234000,0,0,0,234000,0,234000,234000
050890,南電富邦99購01  ,0,0,0,0,0,0,0,0,0,234000,0,0,0,234000,0,234000,234000
063325,SP黃豆國票9C購02,0,0,0,0,0,0,0,0,0,234000,0,0,0,319000,85000,234000,234000
059639,大立光凱基9A購06,0,0,0,0,0,0,0,0,0,233000,0,0,0,233000,0,233000,233000
060347,大立光統一02購01,0,0,0,0,0,0,0,0,0,233000,0,0,0,237000,4000,233000,233000
061577,泰碩元大9A購03  ,0,0,0,0,0,0,0,0,0,233000,0,0,0,333000,100000,233000,233000
064210,台光電凱基03購01,0,0,0,0,0,0,0,0,0,233000,0,0,0,439000,206000,233000,233000
064008,日月光凱基9C購01,0,0,0,0,0,0,0,0,0,233000,0,0,0,323000,90000,233000,233000
063705,臻鼎群益9B購03  ,0,0,0,0,0,0,0,0,0,233000,0,0,0,294000,61000,233000,233000
061355,康友元大9A購03  ,0,0,0,0,0,0,0,0,0,232000,0,0,0,483000,251000,232000,232000
058196,台塑中信99購01  ,0,0,0,0,0,0,0,0,0,232000,0,0,0,232000,0,232000,232000
062060,奇鋐統一9C購01  ,0,0,0,0,0,0,0,0,0,232000,0,0,0,293000,61000,232000,232000
063450,華新科統一02購01,0,0,0,0,0,0,0,0,0,232000,0,0,0,402000,170000,232000,232000
064959,巨大凱基9C購02  ,0,0,0,0,0,0,0,0,0,231000,0,0,0,231000,0,231000,231000
08576P,嘉澤凱基9C售03  ,0,0,0,0,0,0,0,0,0,230000,0,0,0,285000,55000,230000,230000
064506,康控元大9C購02  ,0,0,0,0,0,0,0,0,0,230000,0,0,0,238000,8000,230000,230000
059848,智邦永豐99購01  ,0,0,0,0,0,0,0,0,0,229000,0,0,0,259000,30000,229000,229000
063725,聯電元大9C購03  ,0,0,0,0,0,0,0,0,0,229000,0,0,0,233000,4000,229000,229000
062537,聯電國泰9C購01  ,0,0,0,0,0,0,0,0,0,229000,0,0,0,586000,357000,229000,229000
065017,和大富邦03購01  ,0,0,0,0,0,0,0,0,0,228000,0,0,0,457000,229000,228000,228000
058313,台積電富邦9B購04,0,0,0,0,0,0,0,0,0,228000,0,0,0,298000,70000,228000,228000
060432,達方永豐9A購01  ,0,0,0,0,0,0,0,0,0,228000,0,0,0,313000,85000,228000,228000
3380,明泰            ,507000,348000,159000,0,0,0,0,0,0,69000,177000,113000,64000,16000,11000,5000,228000
8926,台汽電          ,211000,27000,184000,0,0,0,0,2000,-2000,46000,73000,10000,63000,8000,25000,-17000,228000
065396,微星群益01購01  ,0,0,0,0,0,0,0,0,0,227000,0,0,0,257000,30000,227000,227000
05624P,同欣電中信98售01,0,0,0,0,0,0,0,0,0,227000,0,0,0,228000,1000,227000,227000
065360,和大元大01購03  ,0,0,0,0,0,0,0,0,0,226000,0,0,0,226000,0,226000,226000
03682C,臺股指凱基9C牛07,0,0,0,0,0,0,0,0,0,226000,0,0,0,232000,6000,226000,226000
061517,瑞祺永豐9A購03  ,0,0,0,0,0,0,0,0,0,226000,0,0,0,613000,387000,226000,226000
060534,友達麥證9A購01  ,0,0,0,226000,0,226000,0,0,0,226000,0,0,0,226000,0,226000,226000
062608,智易凱基9B購01  ,0,0,0,0,0,0,0,0,0,226000,0,0,0,294000,68000,226000,226000
056910,超眾元大99購02  ,0,0,0,0,0,0,0,0,0,225000,0,0,0,225000,0,225000,225000
1229,聯華            ,458000,233000,225000,0,0,0,0,1000,-1000,0,0,0,0,0,0,0,224000
056688,聯詠統一98購01  ,0,0,0,0,0,0,0,0,0,224000,0,0,0,1026000,802000,224000,224000
061094,彩晶統一9B購02  ,0,0,0,0,0,0,0,0,0,224000,0,0,0,224000,0,224000,224000
065340,旺宏統一9C購04  ,0,0,0,0,0,0,0,0,0,223000,0,0,0,245000,22000,223000,223000
057404,貿聯群益99購01  ,0,0,0,0,0,0,0,0,0,223000,0,0,0,245000,22000,223000,223000
057953,聚陽元大98購01  ,0,0,0,0,0,0,0,0,0,223000,0,0,0,223000,0,223000,223000
060640,京鼎永豐9A購01  ,0,0,0,0,0,0,0,0,0,223000,0,0,0,250000,27000,223000,223000
064396,創意永豐9C購01  ,0,0,0,0,0,0,0,0,0,223000,0,0,0,291000,68000,223000,223000
064701,巨大群益9C購02  ,0,0,0,0,0,0,0,0,0,222000,0,0,0,224000,2000,222000,222000
063277,大成鋼元大9B購03,0,0,0,0,0,0,0,0,0,222000,0,0,0,224000,2000,222000,222000
08074P,緯穎元富9B售02  ,0,0,0,0,0,0,0,0,0,221000,0,0,0,237000,16000,221000,221000
061792,和大永豐9B購01  ,0,0,0,0,0,0,0,0,0,221000,0,0,0,316000,95000,221000,221000
064838,旭富統一01購01  ,0,0,0,0,0,0,0,0,0,221000,0,0,0,251000,30000,221000,221000
07502P,美食元大9A售01  ,0,0,0,0,0,0,0,0,0,220000,0,0,0,299000,79000,220000,220000
08591P,台光電凱基9C售02,0,0,0,0,0,0,0,0,0,220000,0,0,0,320000,100000,220000,220000
057464,大立光永豐98購02,0,0,0,0,0,0,0,0,0,220000,0,0,0,220000,0,220000,220000
056941,台郡元富9B購01  ,0,0,0,0,0,0,0,0,0,220000,0,0,0,506000,286000,220000,220000
055112,晶豪科凱基98購01,0,0,0,0,0,0,0,0,0,220000,0,0,0,220000,0,220000,220000
060360,南亞科元富9A購02,0,0,0,0,0,0,0,0,0,220000,0,0,0,270000,50000,220000,220000
063895,新光金群益01購01,0,0,0,0,0,0,0,0,0,220000,0,0,0,652000,432000,220000,220000
08353P,聯電元大9C售04  ,0,0,0,0,0,0,0,0,0,219000,0,0,0,221000,2000,219000,219000
063830,智伸科國票01購01,0,0,0,0,0,0,0,0,0,219000,0,0,0,222000,3000,219000,219000
062360,華邦電元大9B購01,0,0,0,0,0,0,0,0,0,219000,0,0,0,219000,0,219000,219000
065561,同欣電麥證9C購03,0,0,0,258000,40000,218000,0,0,0,218000,0,0,0,258000,40000,218000,218000
059358,旺宏永豐99購02  ,0,0,0,0,0,0,0,0,0,218000,0,0,0,218000,0,218000,218000
063948,高鐵元大9C購01  ,0,0,0,0,0,0,0,0,0,218000,0,0,0,218000,0,218000,218000
059288,旺宏元富99購03  ,0,0,0,0,0,0,0,0,0,217000,0,0,0,217000,0,217000,217000
062393,智邦富邦9B購01  ,0,0,0,0,0,0,0,0,0,217000,0,0,0,389000,172000,217000,217000
00753L,中信中國50正2   ,891000,354000,537000,0,0,0,0,0,0,-321000,0,0,0,913000,1234000,-321000,216000
061025,創意富邦9B購01  ,0,0,0,0,0,0,0,0,0,216000,0,0,0,266000,50000,216000,216000
057930,旺宏群益99購04  ,0,0,0,0,0,0,0,0,0,216000,0,0,0,246000,30000,216000,216000
062991,台光電群益9B購03,0,0,0,0,0,0,0,0,0,216000,0,0,0,614000,398000,216000,216000
063688,建準永豐9B購03  ,0,0,0,0,0,0,0,0,0,216000,0,0,0,216000,0,216000,216000
064582,裕隆永豐9C購02  ,0,0,0,0,0,0,0,0,0,216000,0,0,0,216000,0,216000,216000
061212,聯鈞元大9A購04  ,0,0,0,0,0,0,0,0,0,215000,0,0,0,530000,315000,215000,215000
057546,台積電凱基02購01,0,0,0,0,0,0,0,0,0,215000,0,0,0,215000,0,215000,215000
064264,智伸科永豐9C購01,0,0,0,0,0,0,0,0,0,215000,0,0,0,345000,130000,215000,215000
063465,友達元大9C購10  ,0,0,0,0,0,0,0,0,0,215000,0,0,0,257000,42000,215000,215000
065436,力成凱基02購01  ,0,0,0,0,0,0,0,0,0,214000,0,0,0,254000,40000,214000,214000
00737,國泰AI+Robo     ,122000,3000,119000,0,0,0,0,0,0,95000,0,0,0,131000,36000,95000,214000
061642,創意元大9A購04  ,0,0,0,0,0,0,0,0,0,214000,0,0,0,254000,40000,214000,214000
060642,華擎永豐9A購02  ,0,0,0,0,0,0,0,0,0,214000,0,0,0,341000,127000,214000,214000
1582,信錦            ,182000,12000,170000,0,0,0,0,0,0,43000,0,0,0,43000,0,43000,213000
057176,全新元大99購02  ,0,0,0,0,0,0,0,0,0,213000,0,0,0,218000,5000,213000,213000
061187,瀚宇博國泰9C購01,0,0,0,0,0,0,0,0,0,212000,0,0,0,345000,133000,212000,212000
055851,智原元大98購01  ,0,0,0,0,0,0,0,0,0,212000,0,0,0,220000,8000,212000,212000
054533,泰碩國泰98購01  ,0,0,0,0,0,0,0,0,0,212000,0,0,0,212000,0,212000,212000
060717,康控永豐9A購01  ,0,0,0,0,0,0,0,0,0,212000,0,0,0,222000,10000,212000,212000
064299,宏碁兆豐9C購01  ,0,0,0,0,0,0,0,0,0,212000,0,0,0,307000,95000,212000,212000
064725,緯創統一02購01  ,0,0,0,0,0,0,0,0,0,212000,0,0,0,215000,3000,212000,212000
056579,麗豐元大99購01  ,0,0,0,0,0,0,0,0,0,211000,0,0,0,263000,52000,211000,211000
056496,康控國泰99購01  ,0,0,0,0,0,0,0,0,0,211000,0,0,0,211000,0,211000,211000
2820,華票            ,249000,37000,212000,0,0,0,0,0,0,-2000,0,2000,-2000,0,0,0,210000
060056,大立光凱基9B購01,0,0,0,0,0,0,0,0,0,209000,0,0,0,209000,0,209000,209000
058343,台積電群益99購02,0,0,0,0,0,0,0,0,0,209000,0,0,0,209000,0,209000,209000
056066,奇鋐元大98購02  ,0,0,0,0,0,0,0,0,0,208000,0,0,0,208000,0,208000,208000
064956,麗豐凱基9C購01  ,0,0,0,0,0,0,0,0,0,207000,0,0,0,263000,56000,207000,207000
061831,智邦凱基9B購02  ,0,0,0,0,0,0,0,0,0,207000,0,0,0,280000,73000,207000,207000
062527,美律統一01購01  ,0,0,0,0,0,0,0,0,0,207000,0,0,0,265000,58000,207000,207000
2836,高雄銀          ,222000,14000,208000,0,0,0,0,0,0,-1000,0,1000,-1000,0,0,0,207000
055817,京鼎國票99購01  ,0,0,0,0,0,0,0,0,0,206000,0,0,0,242000,36000,206000,206000
00783,富邦中証500     ,82000,10000,72000,0,0,0,0,0,0,134000,0,0,0,1133000,999000,134000,206000
059480,美律群益9A購01  ,0,0,0,0,0,0,0,0,0,206000,0,0,0,226000,20000,206000,206000
062497,遠東新群益9B購01,0,0,0,0,0,0,0,0,0,206000,0,0,0,211000,5000,206000,206000
063983,麗豐兆豐9C購01  ,0,0,0,0,0,0,0,0,0,206000,0,0,0,206000,0,206000,206000
06386P,欣興永豐97售03  ,0,0,0,0,0,0,0,0,0,206000,0,0,0,361000,155000,206000,206000
065514,建準群益9C購01  ,0,0,0,0,0,0,0,0,0,205000,0,0,0,208000,3000,205000,205000
07651P,道瓊指中信01售01,0,0,0,0,0,0,0,0,0,205000,0,0,0,215000,10000,205000,205000
055032,億光富邦99購01  ,0,0,0,0,0,0,0,0,0,205000,0,0,0,211000,6000,205000,205000
057824,日月光元大98購01,0,0,0,0,0,0,0,0,0,205000,0,0,0,351000,146000,205000,205000
6412,群電            ,279000,69000,210000,0,0,0,0,1000,-1000,-4000,0,0,0,3000,7000,-4000,205000
6592,和潤企業        ,269000,102000,167000,0,0,0,0,60000,-60000,98000,48000,0,48000,58000,8000,50000,205000
058018,南亞科凱基99購03,0,0,0,0,0,0,0,0,0,204000,0,0,0,204000,0,204000,204000
059607,台積電富邦9C購04,0,0,0,0,0,0,0,0,0,204000,0,0,0,219000,15000,204000,204000
2838,聯邦銀          ,285000,75000,210000,0,0,0,0,0,0,-6000,0,6000,-6000,0,0,0,204000
4960,誠美材          ,1342000,1137000,205000,0,0,0,0,0,0,-1000,0,1000,-1000,0,0,0,204000
065597,旺宏元大01購03  ,0,0,0,0,0,0,0,0,0,203000,0,0,0,213000,10000,203000,203000
061925,禾伸堂凱基9C購01,0,0,0,0,0,0,0,0,0,203000,0,0,0,225000,22000,203000,203000
061423,廣達元大9A購01  ,0,0,0,0,0,0,0,0,0,203000,0,0,0,467000,264000,203000,203000
063713,麗豐凱基9B購01  ,0,0,0,0,0,0,0,0,0,203000,0,0,0,203000,0,203000,203000
065850,緯創元大9C購06  ,0,0,0,0,0,0,0,0,0,202000,0,0,0,275000,73000,202000,202000
065498,台積電富邦04購02,0,0,0,0,0,0,0,0,0,202000,0,0,0,743000,541000,202000,202000
056236,台積電群益97購06,0,0,0,0,0,0,0,0,0,202000,0,0,0,202000,0,202000,202000
061473,台積電元大9A購33,0,0,0,0,0,0,0,0,0,202000,0,0,0,322000,120000,202000,202000
064812,旭富元大9C購04  ,0,0,0,0,0,0,0,0,0,202000,0,0,0,205000,3000,202000,202000
064384,聯電富邦01購01  ,0,0,0,0,0,0,0,0,0,202000,0,0,0,284000,82000,202000,202000
063180,台塑凱基9B購01  ,0,0,0,0,0,0,0,0,0,202000,0,0,0,220000,18000,202000,202000
065501,旭富富邦9C購01  ,0,0,0,0,0,0,0,0,0,201000,0,0,0,241000,40000,201000,201000
065288,華新科群益02購02,0,0,0,0,0,0,0,0,0,201000,0,0,0,240000,39000,201000,201000
065242,巨大凱基01購02  ,0,0,0,0,0,0,0,0,0,201000,0,0,0,203000,2000,201000,201000
057956,全新元大99購04  ,0,0,0,0,0,0,0,0,0,201000,0,0,0,201000,0,201000,201000
055408,力成國泰98購01  ,0,0,0,0,0,0,0,0,0,201000,0,0,0,265000,64000,201000,201000
060373,元金2X元富9A購01,0,0,0,0,0,0,0,0,0,201000,0,0,0,201000,0,201000,201000
063413,台積電麥證01購01,0,0,0,291000,75000,216000,0,0,0,201000,0,0,0,291000,90000,201000,201000
5534,長虹            ,309000,123000,186000,0,0,0,0,0,0,15000,16000,1000,15000,0,0,0,201000
065852,創意元大9C購06  ,0,0,0,0,0,0,0,0,0,200000,0,0,0,220000,20000,200000,200000
08059P,京鼎元大9B售02  ,0,0,0,0,0,0,0,0,0,200000,0,0,0,200000,0,200000,200000
08117P,聯發科元富9B售04,0,0,0,0,0,0,0,0,0,200000,0,0,0,240000,40000,200000,200000
055417,健策富邦98購02  ,0,0,0,0,0,0,0,0,0,200000,0,0,0,200000,0,200000,200000
055375,京鼎元大97購03  ,0,0,0,0,0,0,0,0,0,200000,0,0,0,200000,0,200000,200000
057829,臺股指元大98購12,0,0,0,0,0,0,0,0,0,200000,0,0,0,200000,0,200000,200000
055598,欣興元大97購03  ,0,0,0,0,0,0,0,0,0,200000,0,0,0,200000,0,200000,200000
06168P,台表科國票97售06,0,0,0,0,0,0,0,0,0,200000,0,0,0,200000,0,200000,200000
060054,華新科凱基9B購04,0,0,0,0,0,0,0,0,0,200000,0,0,0,310000,110000,200000,200000
059849,興勤永豐99購01  ,0,0,0,0,0,0,0,0,0,200000,0,0,0,200000,0,200000,200000
060716,新唐永豐9A購01  ,0,0,0,0,0,0,0,0,0,200000,0,0,0,585000,385000,200000,200000
061342,華新科元大9A購17,0,0,0,0,0,0,0,0,0,200000,0,0,0,200000,0,200000,200000
063176,南亞科兆豐9B購01,0,0,0,0,0,0,0,0,0,200000,0,0,0,200000,0,200000,200000
062328,南亞科統一9C購01,0,0,0,0,0,0,0,0,0,200000,0,0,0,259000,59000,200000,200000
062916,智易元大9B購01  ,0,0,0,0,0,0,0,0,0,200000,0,0,0,203000,3000,200000,200000
063680,寶成富邦9C購01  ,0,0,0,0,0,0,0,0,0,200000,0,0,0,200000,0,200000,200000
07173P,臺股指國票99售10,0,0,0,0,0,0,0,0,0,199000,0,0,0,199000,0,199000,199000
065394,英業達群益9C購01,0,0,0,0,0,0,0,0,0,199000,0,0,0,262000,63000,199000,199000
055527,旺宏群益99購03  ,0,0,0,0,0,0,0,0,0,199000,0,0,0,297000,98000,199000,199000
056880,緯穎國票98購02  ,0,0,0,0,0,0,0,0,0,199000,0,0,0,199000,0,199000,199000
061650,南電元大9A購07  ,0,0,0,0,0,0,0,0,0,199000,0,0,0,296000,97000,199000,199000
063850,玉晶光元大9C購07,0,0,0,0,0,0,0,0,0,199000,0,0,0,201000,2000,199000,199000
064094,達新群益9C購01  ,0,0,0,0,0,0,0,0,0,199000,0,0,0,199000,0,199000,199000
064685,裕隆群益9C購01  ,0,0,0,0,0,0,0,0,0,199000,0,0,0,199000,0,199000,199000
065075,葡萄王元大01購01,0,0,0,0,0,0,0,0,0,198000,0,0,0,357000,159000,198000,198000
055536,嘉聯益群益99購02,0,0,0,0,0,0,0,0,0,198000,0,0,0,198000,0,198000,198000
057921,可成凱基98購09  ,0,0,0,0,0,0,0,0,0,198000,0,0,0,198000,0,198000,198000
061645,超眾元大9A購06  ,0,0,0,0,0,0,0,0,0,198000,0,0,0,328000,130000,198000,198000
061505,力成國票9A購03  ,0,0,0,0,0,0,0,0,0,198000,0,0,0,236000,38000,198000,198000
063247,信邦元大9B購02  ,0,0,0,0,0,0,0,0,0,198000,0,0,0,292000,94000,198000,198000
065145,貿聯凱基9C購02  ,0,0,0,0,0,0,0,0,0,197000,0,0,0,275000,78000,197000,197000
065600,友達元大9C購11  ,0,0,0,0,0,0,0,0,0,197000,0,0,0,197000,0,197000,197000
055725,嘉聯益元大98購03,0,0,0,0,0,0,0,0,0,197000,0,0,0,197000,0,197000,197000
063219,友達群益9B購03  ,0,0,0,0,0,0,0,0,0,197000,0,0,0,198000,1000,197000,197000
062305,遠東新凱基9B購01,0,0,0,0,0,0,0,0,0,197000,0,0,0,202000,5000,197000,197000
064645,義隆凱基03購01  ,0,0,0,0,0,0,0,0,0,197000,0,0,0,458000,261000,197000,197000
065135,和大凱基01購01  ,0,0,0,0,0,0,0,0,0,196000,0,0,0,198000,2000,196000,196000
03657C,T50反1元大99牛01,0,0,0,0,0,0,0,0,0,196000,0,0,0,258000,62000,196000,196000
057917,台積電凱基98購17,0,0,0,0,0,0,0,0,0,196000,0,0,0,199000,3000,196000,196000
058580,華新科群益99購02,0,0,0,0,0,0,0,0,0,196000,0,0,0,196000,0,196000,196000
064239,群創統一02購01  ,0,0,0,0,0,0,0,0,0,196000,0,0,0,244000,48000,196000,196000
1560,中砂            ,210000,266000,-56000,0,0,0,73000,0,73000,178000,181000,3000,178000,0,0,0,195000
055377,揚明光元大98購01,0,0,0,0,0,0,0,0,0,195000,0,0,0,200000,5000,195000,195000
053361,友達元富99購01  ,0,0,0,0,0,0,0,0,0,195000,0,0,0,205000,10000,195000,195000
059468,智邦元大99購02  ,0,0,0,0,0,0,0,0,0,195000,0,0,0,240000,45000,195000,195000
060887,台積電統一01購01,0,0,0,0,0,0,0,0,0,195000,0,0,0,195000,0,195000,195000
063894,漢唐群益9C購01  ,0,0,0,0,0,0,0,0,0,195000,0,0,0,259000,64000,195000,195000
064715,和大統一02購03  ,0,0,0,0,0,0,0,0,0,195000,0,0,0,261000,66000,195000,195000
062694,遠東新元大9B購01,0,0,0,0,0,0,0,0,0,195000,0,0,0,234000,39000,195000,195000
00646,元大S&P500      ,107000,0,107000,0,0,0,0,0,0,87000,30000,0,30000,388000,331000,57000,194000
064374,旺宏元富9C購01  ,0,0,0,0,0,0,0,0,0,194000,0,0,0,204000,10000,194000,194000
064023,智邦元大9C購02  ,0,0,0,0,0,0,0,0,0,194000,0,0,0,392000,198000,194000,194000
2615,萬海            ,762000,612450,149550,0,0,0,50000,6000,44000,0,0,0,0,0,0,0,193550
062476,神隆國票9B購01  ,0,0,0,0,0,0,0,0,0,193000,0,0,0,335000,142000,193000,193000
065805,京鼎群益01購01  ,0,0,0,0,0,0,0,0,0,192000,0,0,0,192000,0,192000,192000
060721,瑞儀永豐9A購01  ,0,0,0,0,0,0,0,0,0,192000,0,0,0,196000,4000,192000,192000
062460,京鼎群益9C購01  ,0,0,0,0,0,0,0,0,0,192000,0,0,0,240000,48000,192000,192000
062643,緯穎國票9B購01  ,0,0,0,0,0,0,0,0,0,192000,0,0,0,315000,123000,192000,192000
9943,好樂迪          ,318000,126000,192000,0,0,0,0,0,0,0,0,0,0,0,0,0,192000
049700,瀚宇博元大97購01,0,0,0,0,0,0,0,0,0,191000,0,0,0,205000,14000,191000,191000
060700,華新科國泰9C購01,0,0,0,0,0,0,0,0,0,191000,0,0,0,257000,66000,191000,191000
065910,立積永豐9C購02  ,0,0,0,0,0,0,0,0,0,190000,0,0,0,206000,16000,190000,190000
062804,玉晶光統一9C購04,0,0,0,0,0,0,0,0,0,190000,0,0,0,191000,1000,190000,190000
062543,華通富邦9C購01  ,0,0,0,0,0,0,0,0,0,190000,0,0,0,294000,104000,190000,190000
063200,瑞昱統一9C購01  ,0,0,0,0,0,0,0,0,0,190000,0,0,0,202000,12000,190000,190000
1476,儒鴻            ,316837,178000,138837,0,0,0,0,11000,-11000,62000,64000,6000,58000,20000,16000,4000,189837
065134,中石化凱基01購01,0,0,0,0,0,0,0,0,0,189000,0,0,0,249000,60000,189000,189000
065048,世芯凱基01購01  ,0,0,0,0,0,0,0,0,0,189000,0,0,0,319000,130000,189000,189000
062185,禾伸堂元大9B購01,0,0,0,0,0,0,0,0,0,189000,0,0,0,219000,30000,189000,189000
064397,旭富永豐9C購01  ,0,0,0,0,0,0,0,0,0,189000,0,0,0,214000,25000,189000,189000
065666,旺宏凱基9C購03  ,0,0,0,0,0,0,0,0,0,188000,0,0,0,188000,0,188000,188000
08454P,台灣50凱基9C售12,0,0,0,0,0,0,0,0,0,188000,0,0,0,400000,212000,188000,188000
053573,臺股指統一99購01,0,0,0,0,0,0,0,0,0,188000,0,0,0,265000,77000,188000,188000
059995,南亞科元富99購01,0,0,0,0,0,0,0,0,0,188000,0,0,0,243000,55000,188000,188000
064684,巨大兆豐9C購01  ,0,0,0,0,0,0,0,0,0,188000,0,0,0,381000,193000,188000,188000
064024,漢唐元大9C購01  ,0,0,0,0,0,0,0,0,0,188000,0,0,0,191000,3000,188000,188000
064144,智邦統一01購02  ,0,0,0,0,0,0,0,0,0,188000,0,0,0,265000,77000,188000,188000
064145,宏碁統一02購01  ,0,0,0,0,0,0,0,0,0,188000,0,0,0,426000,238000,188000,188000
063473,茂林元大9B購05  ,0,0,0,0,0,0,0,0,0,188000,0,0,0,188000,0,188000,188000
2478,大毅            ,523000,343000,180000,0,0,0,0,0,0,8000,0,2000,-2000,16000,6000,10000,188000
08011P,玉晶光元大9B售05,0,0,0,0,0,0,0,0,0,187000,0,0,0,201000,14000,187000,187000
059947,貿聯永豐99購03  ,0,0,0,0,0,0,0,0,0,187000,0,0,0,226000,39000,187000,187000
060455,葡萄王元大9A購02,0,0,0,0,0,0,0,0,0,187000,0,0,0,230000,43000,187000,187000
063995,健鼎群益9C購01  ,0,0,0,0,0,0,0,0,0,187000,0,0,0,187000,0,187000,187000
064473,技嘉麥證9C購01  ,0,0,0,187000,0,187000,0,0,0,187000,0,0,0,187000,0,187000,187000
060915,旭富元大9A購01  ,0,0,0,0,0,0,0,0,0,186000,0,0,0,335000,149000,186000,186000
057734,訊芯國泰9A購01  ,0,0,0,0,0,0,0,0,0,186000,0,0,0,216000,30000,186000,186000
060251,易華電元大9C購01,0,0,0,0,0,0,0,0,0,186000,0,0,0,211000,25000,186000,186000
064150,全新統一01購03  ,0,0,0,0,0,0,0,0,0,186000,0,0,0,386000,200000,186000,186000
063946,聯發科元大9C購04,0,0,0,0,0,0,0,0,0,186000,0,0,0,188000,2000,186000,186000
063482,緯穎元大9B購09  ,0,0,0,0,0,0,0,0,0,186000,0,0,0,217000,31000,186000,186000
062755,茂林麥證9B購01  ,0,0,0,284000,98000,186000,0,0,0,186000,0,0,0,284000,98000,186000,186000
061081,宏碁兆豐9A購01  ,0,0,0,0,0,0,0,0,0,185000,0,0,0,404000,219000,185000,185000
062156,美律凱基9B購01  ,0,0,0,0,0,0,0,0,0,185000,0,0,0,185000,0,185000,185000
061717,力成凱基9B購01  ,0,0,0,0,0,0,0,0,0,185000,0,0,0,244000,59000,185000,185000
061633,統一元大9A購01  ,0,0,0,0,0,0,0,0,0,185000,0,0,0,253000,68000,185000,185000
062410,台積電第一9B購02,0,0,0,0,0,0,0,0,0,185000,0,0,0,185000,0,185000,185000
063586,燿華永豐9B購02  ,0,0,0,0,0,0,0,0,0,185000,0,0,0,201000,16000,185000,185000
063187,全新凱基9B購02  ,0,0,0,0,0,0,0,0,0,185000,0,0,0,303000,118000,185000,185000
063239,建準元大9B購01  ,0,0,0,0,0,0,0,0,0,185000,0,0,0,340000,155000,185000,185000
065569,智邦群益01購01  ,0,0,0,0,0,0,0,0,0,184000,0,0,0,222000,38000,184000,184000
055726,台表科元大98購03,0,0,0,0,0,0,0,0,0,184000,0,0,0,184000,0,184000,184000
059051,和大凱基9A購01  ,0,0,0,0,0,0,0,0,0,184000,0,0,0,205000,21000,184000,184000
062225,華擎統一01購01  ,0,0,0,0,0,0,0,0,0,184000,0,0,0,370000,186000,184000,184000
07145P,為升元大99售03  ,0,0,0,0,0,0,0,0,0,183000,0,0,0,200000,17000,183000,183000
062661,華通群益9B購05  ,0,0,0,0,0,0,0,0,0,183000,0,0,0,309000,126000,183000,183000
062906,全新元大9B購03  ,0,0,0,0,0,0,0,0,0,183000,0,0,0,223000,40000,183000,183000
064052,創意統一01購02  ,0,0,0,0,0,0,0,0,0,183000,0,0,0,191000,8000,183000,183000
065760,和碩元大9C購02  ,0,0,0,0,0,0,0,0,0,182000,0,0,0,365000,183000,182000,182000
065266,創意元大9C購05  ,0,0,0,0,0,0,0,0,0,182000,0,0,0,182000,0,182000,182000
056955,台灣50永豐98購01,0,0,0,0,0,0,0,0,0,182000,0,0,0,182000,0,182000,182000
060030,晶相光永豐99購03,0,0,0,0,0,0,0,0,0,182000,0,0,0,201000,19000,182000,182000
064346,貿聯元大01購01  ,0,0,0,0,0,0,0,0,0,182000,0,0,0,272000,90000,182000,182000
064746,貿聯國票01購02  ,0,0,0,0,0,0,0,0,0,182000,0,0,0,211000,29000,182000,182000
063107,矽創群益9B購01  ,0,0,0,0,0,0,0,0,0,182000,0,0,0,251000,69000,182000,182000
08406P,緯穎元大9C售01  ,0,0,0,0,0,0,0,0,0,181000,0,0,0,201000,20000,181000,181000
064494,南亞科元大9C購02,0,0,0,0,0,0,0,0,0,181000,0,0,0,249000,68000,181000,181000
1808,潤隆            ,214000,32000,182000,0,0,0,0,0,0,-1000,0,1000,-1000,0,0,0,181000
07935P,臺股指國票9B售07,0,0,0,0,0,0,0,0,0,180000,0,0,0,200000,20000,180000,180000
065860,南電元大02購01  ,0,0,0,0,0,0,0,0,0,180000,0,0,0,191000,11000,180000,180000
053485,矽創國票97購04  ,0,0,0,0,0,0,0,0,0,180000,0,0,0,180000,0,180000,180000
057619,玉晶光凱基98購02,0,0,0,0,0,0,0,0,0,180000,0,0,0,218000,38000,180000,180000
057592,美律兆豐99購01  ,0,0,0,0,0,0,0,0,0,180000,0,0,0,204000,24000,180000,180000
060032,利勤永豐99購01  ,0,0,0,0,0,0,0,0,0,180000,0,0,0,180000,0,180000,180000
058973,麗豐永豐99購01  ,0,0,0,0,0,0,0,0,0,180000,0,0,0,193000,13000,180000,180000
064431,台積電凱基01購05,0,0,0,0,0,0,0,0,0,180000,0,0,0,285000,105000,180000,180000
2441,超豐            ,464000,264000,200000,0,0,0,0,1000,-1000,-19000,0,19000,-19000,0,0,0,180000
065688,緯創元富9C購02  ,0,0,0,0,0,0,0,0,0,179000,0,0,0,185000,6000,179000,179000
065654,台表科元大9C購12,0,0,0,0,0,0,0,0,0,179000,0,0,0,182000,3000,179000,179000
065209,國泰金國票01購01,0,0,0,0,0,0,0,0,0,179000,0,0,0,179000,0,179000,179000
056550,瑞儀凱基99購01  ,0,0,0,0,0,0,0,0,0,179000,0,0,0,207000,28000,179000,179000
056768,宏達電元大99購03,0,0,0,0,0,0,0,0,0,179000,0,0,0,333000,154000,179000,179000
059456,智易永豐99購01  ,0,0,0,0,0,0,0,0,0,179000,0,0,0,211000,32000,179000,179000
064714,和大統一02購02  ,0,0,0,0,0,0,0,0,0,179000,0,0,0,241000,62000,179000,179000
1802,台玻            ,334000,155000,179000,0,0,0,0,0,0,0,0,0,0,0,0,0,179000
056571,燿華元大98購02  ,0,0,0,0,0,0,0,0,0,178000,0,0,0,247000,69000,178000,178000
057633,緯穎永豐98購02  ,0,0,0,0,0,0,0,0,0,178000,0,0,0,245000,67000,178000,178000
061031,神隆永豐9A購02  ,0,0,0,0,0,0,0,0,0,178000,0,0,0,178000,0,178000,178000
053569,漢唐統一98購01  ,0,0,0,0,0,0,0,0,0,178000,0,0,0,178000,0,178000,178000
060236,精元元大9C購01  ,0,0,0,0,0,0,0,0,0,178000,0,0,0,191000,13000,178000,178000
064366,群創統一01購01  ,0,0,0,0,0,0,0,0,0,178000,0,0,0,178000,0,178000,178000
064326,裕隆元大9C購01  ,0,0,0,0,0,0,0,0,0,178000,0,0,0,342000,164000,178000,178000
063517,遠東新凱基01購01,0,0,0,0,0,0,0,0,0,178000,0,0,0,178000,0,178000,178000
065216,群創國泰01購02  ,0,0,0,0,0,0,0,0,0,177000,0,0,0,213000,36000,177000,177000
065182,南電元大9C購05  ,0,0,0,0,0,0,0,0,0,177000,0,0,0,191000,14000,177000,177000
07990P,緯穎凱基9B售02  ,0,0,0,0,0,0,0,0,0,177000,0,0,0,525000,348000,177000,177000
055917,禾伸堂凱基98購02,0,0,0,0,0,0,0,0,0,177000,0,0,0,180000,3000,177000,177000
057193,力成元大98購02  ,0,0,0,0,0,0,0,0,0,177000,0,0,0,177000,0,177000,177000
058559,華新科日盛99購02,0,0,0,0,0,0,0,0,0,176000,0,0,0,177000,1000,176000,176000
063474,康控元大9B購04  ,0,0,0,0,0,0,0,0,0,176000,0,0,0,345000,169000,176000,176000
062308,旺宏凱基9B購04  ,0,0,0,0,0,0,0,0,0,176000,0,0,0,176000,0,176000,176000
08200P,祥碩元大9B售08  ,0,0,0,0,0,0,0,0,0,175000,0,0,0,175000,0,175000,175000
057181,亞光元大98購02  ,0,0,0,0,0,0,0,0,0,175000,0,0,0,180000,5000,175000,175000
056458,日月光凱基98購02,0,0,0,0,0,0,0,0,0,175000,0,0,0,230000,55000,175000,175000
059348,日月光凱基99購01,0,0,0,0,0,0,0,0,0,175000,0,0,0,175000,0,175000,175000
062753,台積電麥證9B購01,0,0,0,271000,96000,175000,0,0,0,175000,0,0,0,271000,96000,175000,175000
063368,遠東新永豐9B購01,0,0,0,0,0,0,0,0,0,175000,0,0,0,190000,15000,175000,175000
063574,茂林元大9B購07  ,0,0,0,0,0,0,0,0,0,175000,0,0,0,200000,25000,175000,175000
063121,友達元大9C購09  ,0,0,0,0,0,0,0,0,0,175000,0,0,0,313000,138000,175000,175000
063202,南亞科統一9C購02,0,0,0,0,0,0,0,0,0,175000,0,0,0,182000,7000,175000,175000
063647,超眾元大9B購02  ,0,0,0,0,0,0,0,0,0,175000,0,0,0,187000,12000,175000,175000
6278,台表科          ,1164000,427000,737000,0,0,0,52000,462000,-410000,-152000,71000,179000,-108000,29000,73000,-44000,175000
08168P,金像電群益9B售03,0,0,0,0,0,0,0,0,0,174000,0,0,0,254000,80000,174000,174000
060699,華新科國泰9B購03,0,0,0,0,0,0,0,0,0,174000,0,0,0,281000,107000,174000,174000
065164,和大元大01購01  ,0,0,0,0,0,0,0,0,0,173000,0,0,0,227000,54000,173000,173000
063344,臺企銀統一9C購01,0,0,0,0,0,0,0,0,0,173000,0,0,0,221000,48000,173000,173000
061077,國巨兆豐9B購01  ,0,0,0,0,0,0,0,0,0,172000,0,0,0,192000,20000,172000,172000
057815,信邦元大98購01  ,0,0,0,0,0,0,0,0,0,172000,0,0,0,227000,55000,172000,172000
062562,瑞儀凱基9B購02  ,0,0,0,0,0,0,0,0,0,172000,0,0,0,211000,39000,172000,172000
063883,超眾元富9C購02  ,0,0,0,0,0,0,0,0,0,172000,0,0,0,244000,72000,172000,172000
07711P,世芯元大9A售07  ,0,0,0,0,0,0,0,0,0,171000,0,0,0,197000,26000,171000,171000
061634,遠東新元大9A購01,0,0,0,0,0,0,0,0,0,171000,0,0,0,354000,183000,171000,171000
058314,欣興富邦9B購01  ,0,0,0,0,0,0,0,0,0,171000,0,0,0,171000,0,171000,171000
064026,建準元大9C購02  ,0,0,0,0,0,0,0,0,0,171000,0,0,0,174000,3000,171000,171000
063448,聯發科統一9C購11,0,0,0,0,0,0,0,0,0,171000,0,0,0,375000,204000,171000,171000
2520,冠德            ,1021000,444000,577000,0,0,0,0,0,0,-406000,68000,57000,11000,8000,425000,-417000,171000
056870,全新日盛9A購01  ,0,0,0,0,0,0,0,0,0,170000,0,0,0,170000,0,170000,170000
056911,緯穎元大99購01  ,0,0,0,0,0,0,0,0,0,170000,0,0,0,243000,73000,170000,170000
056810,群創統一9A購01  ,0,0,0,0,0,0,0,0,0,170000,0,0,0,170000,0,170000,170000
053723,奇鋐凱基98購01  ,0,0,0,0,0,0,0,0,0,170000,0,0,0,180000,10000,170000,170000
055822,臺股指國票97購09,0,0,0,0,0,0,0,0,0,170000,0,0,0,170000,0,170000,170000
062062,貿聯統一01購01  ,0,0,0,0,0,0,0,0,0,170000,0,0,0,378000,208000,170000,170000
062382,燿華國泰9C購01  ,0,0,0,0,0,0,0,0,0,170000,0,0,0,211000,41000,170000,170000
062805,台勝科統一9C購01,0,0,0,0,0,0,0,0,0,170000,0,0,0,290000,120000,170000,170000
064772,FBVIX群益9C購04 ,0,0,0,0,0,0,0,0,0,170000,0,0,0,200000,30000,170000,170000
07466P,亞德客元大9A售02,0,0,0,0,0,0,0,0,0,169000,0,0,0,214000,45000,169000,169000
052853,友達日盛99購01  ,0,0,0,0,0,0,0,0,0,169000,0,0,0,169000,0,169000,169000
062047,緯穎凱基9B購01  ,0,0,0,0,0,0,0,0,0,169000,0,0,0,322000,153000,169000,169000
064378,群創元富9C購01  ,0,0,0,0,0,0,0,0,0,169000,0,0,0,169000,0,169000,169000
2609,陽明            ,341000,172000,169000,0,0,0,0,0,0,0,0,0,0,0,0,0,169000
061055,康控群益9A購01  ,0,0,0,0,0,0,0,0,0,168000,0,0,0,190000,22000,168000,168000
056357,台積電元大9A購01,0,0,0,0,0,0,0,0,0,168000,0,0,0,178000,10000,168000,168000
059294,宏達電元富9B購02,0,0,0,0,0,0,0,0,0,168000,0,0,0,276000,108000,168000,168000
062826,奇力新群益9C購01,0,0,0,0,0,0,0,0,0,168000,0,0,0,218000,50000,168000,168000
064946,台積電凱基01購07,0,0,0,0,0,0,0,0,0,167000,0,0,0,218000,51000,167000,167000
065555,旭富凱基01購02  ,0,0,0,0,0,0,0,0,0,167000,0,0,0,167000,0,167000,167000
057556,智易凱基99購01  ,0,0,0,0,0,0,0,0,0,167000,0,0,0,400000,233000,167000,167000
062318,台郡凱基9B購01  ,0,0,0,0,0,0,0,0,0,167000,0,0,0,213000,46000,167000,167000
062454,華通群益9C購03  ,0,0,0,0,0,0,0,0,0,167000,0,0,0,214000,47000,167000,167000
063320,旭富群益9B購03  ,0,0,0,0,0,0,0,0,0,167000,0,0,0,167000,0,167000,167000
08124P,臻鼎群益9B售02  ,0,0,0,0,0,0,0,0,0,166000,0,0,0,219000,53000,166000,166000
00642U,元大S&P石油     ,17000,0,17000,0,0,0,0,0,0,149000,0,0,0,735000,586000,149000,166000
061472,台積電元大9A購32,0,0,0,0,0,0,0,0,0,166000,0,0,0,250000,84000,166000,166000
062647,南電國泰9C購02  ,0,0,0,0,0,0,0,0,0,166000,0,0,0,420000,254000,166000,166000
057425,臺股指凱基9C購02,0,0,0,0,0,0,0,0,0,165000,0,0,0,165000,0,165000,165000
060243,潤泰全元大9C購02,0,0,0,0,0,0,0,0,0,165000,0,0,0,201000,36000,165000,165000
060671,亞德客元大9A購03,0,0,0,0,0,0,0,0,0,165000,0,0,0,175000,10000,165000,165000
062682,全新統一9B購01  ,0,0,0,0,0,0,0,0,0,165000,0,0,0,442000,277000,165000,165000
062321,力成台新9B購01  ,0,0,0,0,0,0,0,0,0,165000,0,0,0,165000,0,165000,165000
063115,台積電麥證9B購02,0,0,0,259000,94000,165000,0,0,0,165000,0,0,0,259000,94000,165000,165000
08246P,亞德客群益01售01,0,0,0,0,0,0,0,0,0,164000,0,0,0,488000,324000,164000,164000
065206,旺宏國票01購02  ,0,0,0,0,0,0,0,0,0,164000,0,0,0,164000,0,164000,164000
062035,瑞祺群益9B購01  ,0,0,0,0,0,0,0,0,0,164000,0,0,0,165000,1000,164000,164000
058218,緯穎群益99購01  ,0,0,0,0,0,0,0,0,0,164000,0,0,0,164000,0,164000,164000
063560,力山元大9B購05  ,0,0,0,0,0,0,0,0,0,164000,0,0,0,322000,158000,164000,164000
062876,全新兆豐9B購01  ,0,0,0,0,0,0,0,0,0,164000,0,0,0,164000,0,164000,164000
064640,和大凱基03購01  ,0,0,0,0,0,0,0,0,0,164000,0,0,0,272000,108000,164000,164000
058589,群創中信01購01  ,0,0,0,0,0,0,0,0,0,163000,0,0,0,163000,0,163000,163000
3005,神基            ,628000,274000,354000,0,0,0,0,0,0,-191000,0,30000,-30000,0,161000,-161000,163000
065542,緯穎統一01購05  ,0,0,0,0,0,0,0,0,0,162000,0,0,0,163000,1000,162000,162000
059095,訊芯元大99購01  ,0,0,0,0,0,0,0,0,0,162000,0,0,0,320000,158000,162000,162000
062012,燿華富邦9C購01  ,0,0,0,0,0,0,0,0,0,162000,0,0,0,255000,93000,162000,162000
059680,台積電國泰9A購03,0,0,0,0,0,0,0,0,0,162000,0,0,0,162000,0,162000,162000
059569,旺宏凱基99購09  ,0,0,0,0,0,0,0,0,0,162000,0,0,0,162000,0,162000,162000
064343,健鼎元大9C購01  ,0,0,0,0,0,0,0,0,0,162000,0,0,0,178000,16000,162000,162000
065659,華新科永豐9C購04,0,0,0,0,0,0,0,0,0,161000,0,0,0,178000,17000,161000,161000
058061,貿聯元富9B購01  ,0,0,0,0,0,0,0,0,0,161000,0,0,0,299000,138000,161000,161000
062141,遠東新國票9B購01,0,0,0,0,0,0,0,0,0,161000,0,0,0,199000,38000,161000,161000
062194,遠東新中信9C購01,0,0,0,0,0,0,0,0,0,161000,0,0,0,223000,62000,161000,161000
058963,華新科兆豐99購05,0,0,0,0,0,0,0,0,0,161000,0,0,0,161000,0,161000,161000
064833,新光金統一02購01,0,0,0,0,0,0,0,0,0,161000,0,0,0,260000,99000,161000,161000
063025,超眾元大9B購01  ,0,0,0,0,0,0,0,0,0,161000,0,0,0,233000,72000,161000,161000
055681,奇鋐凱基98購03  ,0,0,0,0,0,0,0,0,0,160000,0,0,0,160000,0,160000,160000
058532,禾伸堂元富99購01,0,0,0,0,0,0,0,0,0,160000,0,0,0,160000,0,160000,160000
060422,台勝科永豐9A購01,0,0,0,0,0,0,0,0,0,160000,0,0,0,160000,0,160000,160000
061409,力成國票9A購02  ,0,0,0,0,0,0,0,0,0,160000,0,0,0,197000,37000,160000,160000
061934,台積電國票9B購06,0,0,0,0,0,0,0,0,0,160000,0,0,0,160000,0,160000,160000
060302,台積電富邦02購01,0,0,0,0,0,0,0,0,0,160000,0,0,0,170000,10000,160000,160000
063407,泰鼎國票9C購01  ,0,0,0,0,0,0,0,0,0,160000,0,0,0,366000,206000,160000,160000
062780,旺宏元大01購01  ,0,0,0,0,0,0,0,0,0,160000,0,0,0,170000,10000,160000,160000
3312,弘憶股          ,227000,67000,160000,0,0,0,0,0,0,0,0,0,0,0,0,0,160000
065464,健鼎中信9C購01  ,0,0,0,0,0,0,0,0,0,159000,0,0,0,228000,69000,159000,159000
061237,晶技元大9A購01  ,0,0,0,0,0,0,0,0,0,159000,0,0,0,209000,50000,159000,159000
056671,台灣50元富9A購01,0,0,0,0,0,0,0,0,0,159000,0,0,0,159000,0,159000,159000
057178,可成元大98購03  ,0,0,0,0,0,0,0,0,0,159000,0,0,0,159000,0,159000,159000
058645,康控富邦01購01  ,0,0,0,0,0,0,0,0,0,159000,0,0,0,327000,168000,159000,159000
064757,義隆凱基01購02  ,0,0,0,0,0,0,0,0,0,159000,0,0,0,280000,121000,159000,159000
064516,華通群益02購01  ,0,0,0,0,0,0,0,0,0,159000,0,0,0,159000,0,159000,159000
064466,聯電元富9C購01  ,0,0,0,0,0,0,0,0,0,159000,0,0,0,398000,239000,159000,159000
8011,台通            ,670000,510000,160000,0,0,0,0,0,0,-1000,0,1000,-1000,0,0,0,159000
065750,智邦元大9C購09  ,0,0,0,0,0,0,0,0,0,158000,0,0,0,327000,169000,158000,158000
060998,華通兆豐9A購01  ,0,0,0,0,0,0,0,0,0,158000,0,0,0,172000,14000,158000,158000
058424,滬深2X元富99購04,0,0,0,0,0,0,0,0,0,158000,0,0,0,158000,0,158000,158000
061960,國巨統一01購05  ,0,0,0,0,0,0,0,0,0,158000,0,0,0,200000,42000,158000,158000
063976,正崴兆豐9C購01  ,0,0,0,0,0,0,0,0,0,158000,0,0,0,274000,116000,158000,158000
064257,台勝科國泰01購01,0,0,0,0,0,0,0,0,0,158000,0,0,0,273000,115000,158000,158000
063700,台積電群益9B購09,0,0,0,0,0,0,0,0,0,158000,0,0,0,212000,54000,158000,158000
3031,佰鴻            ,231000,73000,158000,0,0,0,0,0,0,0,0,0,0,0,0,0,158000
065556,旭富凱基9C購02  ,0,0,0,0,0,0,0,0,0,157000,0,0,0,157000,0,157000,157000
058084,大立光群益98購04,0,0,0,0,0,0,0,0,0,157000,0,0,0,157000,0,157000,157000
060845,欣興國票9A購01  ,0,0,0,0,0,0,0,0,0,157000,0,0,0,198000,41000,157000,157000
061067,貿聯凱基9A購03  ,0,0,0,0,0,0,0,0,0,156000,0,0,0,249000,93000,156000,156000
057182,禾伸堂元大99購02,0,0,0,0,0,0,0,0,0,156000,0,0,0,171000,15000,156000,156000
062233,神隆凱基9B購01  ,0,0,0,0,0,0,0,0,0,156000,0,0,0,178000,22000,156000,156000
047969,台達電富邦97購01,0,0,0,0,0,0,0,0,0,155000,0,0,0,155000,0,155000,155000
054531,聯發科國泰97購02,0,0,0,0,0,0,0,0,0,155000,0,0,0,155000,0,155000,155000
060427,聯茂永豐9A購01  ,0,0,0,0,0,0,0,0,0,155000,0,0,0,215000,60000,155000,155000
061375,華通永豐9A購02  ,0,0,0,0,0,0,0,0,0,155000,0,0,0,183000,28000,155000,155000
061737,南亞科凱基9B購01,0,0,0,0,0,0,0,0,0,155000,0,0,0,155000,0,155000,155000
064841,彩晶統一02購02  ,0,0,0,0,0,0,0,0,0,155000,0,0,0,242000,87000,155000,155000
065626,華新科兆豐9C購02,0,0,0,0,0,0,0,0,0,154000,0,0,0,154000,0,154000,154000
065105,巨大元大01購01  ,0,0,0,0,0,0,0,0,0,154000,0,0,0,296000,142000,154000,154000
047504,滬深2X國票9A購01,0,0,0,0,0,0,0,0,0,154000,0,0,0,285000,131000,154000,154000
058154,泰碩統一9A購01  ,0,0,0,0,0,0,0,0,0,154000,0,0,0,300000,146000,154000,154000
059043,聯電日盛99購01  ,0,0,0,0,0,0,0,0,0,154000,0,0,0,154000,0,154000,154000
07806P,健策永豐9A售02  ,0,0,0,0,0,0,0,0,0,153000,0,0,0,153000,0,153000,153000
060454,葡萄王元大9A購01,0,0,0,0,0,0,0,0,0,153000,0,0,0,199000,46000,153000,153000
062008,南亞科國泰9C購01,0,0,0,0,0,0,0,0,0,153000,0,0,0,153000,0,153000,153000
060861,漢唐永豐9A購01  ,0,0,0,0,0,0,0,0,0,153000,0,0,0,153000,0,153000,153000
062269,葡萄王群益9B購01,0,0,0,0,0,0,0,0,0,153000,0,0,0,153000,0,153000,153000
063355,超眾元富9B購01  ,0,0,0,0,0,0,0,0,0,153000,0,0,0,283000,130000,153000,153000
065568,台積電群益01購04,0,0,0,0,0,0,0,0,0,152000,0,0,0,152000,0,152000,152000
050378,上証2X群益98購02,0,0,0,0,0,0,0,0,0,152000,0,0,0,152000,0,152000,152000
057405,麗豐群益98購01  ,0,0,0,0,0,0,0,0,0,152000,0,0,0,152000,0,152000,152000
057448,致茂元富98購01  ,0,0,0,0,0,0,0,0,0,152000,0,0,0,230000,78000,152000,152000
059865,國巨凱基01購01  ,0,0,0,0,0,0,0,0,0,152000,0,0,0,199000,47000,152000,152000
063170,智邦第一9B購01  ,0,0,0,0,0,0,0,0,0,152000,0,0,0,206000,54000,152000,152000
063218,台塑群益9B購01  ,0,0,0,0,0,0,0,0,0,152000,0,0,0,182000,30000,152000,152000
063910,漢唐凱基9C購01  ,0,0,0,0,0,0,0,0,0,152000,0,0,0,181000,29000,152000,152000
061235,台積電元大9A購23,0,0,0,0,0,0,0,0,0,151000,0,0,0,151000,0,151000,151000
058900,旺宏元大99購11  ,0,0,0,0,0,0,0,0,0,151000,0,0,0,151000,0,151000,151000
060182,旺宏元富9A購01  ,0,0,0,0,0,0,0,0,0,151000,0,0,0,151000,0,151000,151000
060203,緯穎元富9A購01  ,0,0,0,0,0,0,0,0,0,151000,0,0,0,171000,20000,151000,151000
064840,彩晶統一02購01  ,0,0,0,0,0,0,0,0,0,151000,0,0,0,233000,82000,151000,151000
064870,中租永豐9C購01  ,0,0,0,0,0,0,0,0,0,151000,0,0,0,335000,184000,151000,151000
9958,世紀鋼          ,227000,92000,135000,0,0,0,0,0,0,16000,20000,57000,-37000,68000,15000,53000,151000
065608,緯創元大9C購04  ,0,0,0,0,0,0,0,0,0,150000,0,0,0,177000,27000,150000,150000
065267,聯鈞元大9C購02  ,0,0,0,0,0,0,0,0,0,150000,0,0,0,479000,329000,150000,150000
08472P,和碩凱基9C售02  ,0,0,0,0,0,0,0,0,0,150000,0,0,0,150000,0,150000,150000
061101,道瓊銀元大9A購02,0,0,0,0,0,0,0,0,0,150000,0,0,0,150000,0,150000,150000
057671,群創元大9B購06  ,0,0,0,0,0,0,0,0,0,150000,0,0,0,153000,3000,150000,150000
057399,滬深反群益9C購01,0,0,0,0,0,0,0,0,0,150000,0,0,0,150000,0,150000,150000
047676,臺股指元富99購01,0,0,0,0,0,0,0,0,0,150000,0,0,0,150000,0,150000,150000
055399,超眾統一99購01  ,0,0,0,0,0,0,0,0,0,150000,0,0,0,150000,0,150000,150000
060493,美律元富01購01  ,0,0,0,0,0,0,0,0,0,150000,0,0,0,329000,179000,150000,150000
058205,神達凱基9B購01  ,0,0,0,0,0,0,0,0,0,150000,0,0,0,150000,0,150000,150000
058885,元石油元大9C購02,0,0,0,0,0,0,0,0,0,150000,0,0,0,150000,0,150000,150000
060685,康友元大9A購01  ,0,0,0,0,0,0,0,0,0,150000,0,0,0,200000,50000,150000,150000
064803,智邦元大9C購05  ,0,0,0,0,0,0,0,0,0,150000,0,0,0,326000,176000,150000,150000
064394,全新永豐9C購02  ,0,0,0,0,0,0,0,0,0,150000,0,0,0,150000,0,150000,150000
064407,貿聯凱基02購02  ,0,0,0,0,0,0,0,0,0,150000,0,0,0,215000,65000,150000,150000
063912,信邦凱基01購01  ,0,0,0,0,0,0,0,0,0,150000,0,0,0,151000,1000,150000,150000
064064,義隆富邦03購01  ,0,0,0,0,0,0,0,0,0,150000,0,0,0,197000,47000,150000,150000
062968,仁寶元富9B購01  ,0,0,0,0,0,0,0,0,0,150000,0,0,0,197000,47000,150000,150000
062423,聯發科統一9C購07,0,0,0,0,0,0,0,0,0,150000,0,0,0,223000,73000,150000,150000
062798,台光電統一9B購01,0,0,0,0,0,0,0,0,0,150000,0,0,0,458000,308000,150000,150000
065099,聯茂元大9C購03  ,0,0,0,0,0,0,0,0,0,149000,0,0,0,510000,361000,149000,149000
065894,漢翔統一03購01  ,0,0,0,0,0,0,0,0,0,149000,0,0,0,149000,0,149000,149000
06744P,嘉聯益永豐98售03,0,0,0,0,0,0,0,0,0,149000,0,0,0,155000,6000,149000,149000
053833,彩晶台新97購02  ,0,0,0,0,0,0,0,0,0,149000,0,0,0,149000,0,149000,149000
059613,泰鼎永豐99購02  ,0,0,0,0,0,0,0,0,0,149000,0,0,0,149000,0,149000,149000
061463,智邦群益9A購02  ,0,0,0,0,0,0,0,0,0,149000,0,0,0,204000,55000,149000,149000
061516,力成永豐9A購02  ,0,0,0,0,0,0,0,0,0,149000,0,0,0,340000,191000,149000,149000
059295,大立光元富99購05,0,0,0,0,0,0,0,0,0,149000,0,0,0,275000,126000,149000,149000
062983,緯穎元富9B購01  ,0,0,0,0,0,0,0,0,0,149000,0,0,0,149000,0,149000,149000
062336,茂林統一01購02  ,0,0,0,0,0,0,0,0,0,149000,0,0,0,170000,21000,149000,149000
064769,漢翔中信9C購01  ,0,0,0,0,0,0,0,0,0,149000,0,0,0,149000,0,149000,149000
065521,貿聯群益9C購04  ,0,0,0,0,0,0,0,0,0,148000,0,0,0,159000,11000,148000,148000
065273,南電元大9C購06  ,0,0,0,0,0,0,0,0,0,148000,0,0,0,151000,3000,148000,148000
08609P,世紀鋼永豐9C售03,0,0,0,0,0,0,0,0,0,148000,0,0,0,148000,0,148000,148000
08057P,京鼎群益9B售01  ,0,0,0,0,0,0,0,0,0,148000,0,0,0,158000,10000,148000,148000
057281,大立光元大98購16,0,0,0,0,0,0,0,0,0,148000,0,0,0,149000,1000,148000,148000
058448,滬深2X永豐9A購01,0,0,0,0,0,0,0,0,0,148000,0,0,0,148000,0,148000,148000
4766,南寶            ,174000,26000,148000,0,0,0,0,0,0,0,0,0,0,0,0,0,148000
065397,宏達電群益9C購03,0,0,0,0,0,0,0,0,0,147000,0,0,0,170000,23000,147000,147000
065059,神隆群益9C購01  ,0,0,0,0,0,0,0,0,0,147000,0,0,0,337000,190000,147000,147000
056089,同欣電統一98購01,0,0,0,0,0,0,0,0,0,147000,0,0,0,147000,0,147000,147000
060327,美律群益9A購02  ,0,0,0,0,0,0,0,0,0,147000,0,0,0,197000,50000,147000,147000
060849,力成國票9A購01  ,0,0,0,0,0,0,0,0,0,147000,0,0,0,154000,7000,147000,147000
061979,友達元大9C購08  ,0,0,0,0,0,0,0,0,0,147000,0,0,0,212000,65000,147000,147000
064399,和大凱基02購01  ,0,0,0,0,0,0,0,0,0,147000,0,0,0,207000,60000,147000,147000
062569,南電中信01購01  ,0,0,0,0,0,0,0,0,0,147000,0,0,0,350000,203000,147000,147000
065269,貿聯元大9C購05  ,0,0,0,0,0,0,0,0,0,146000,0,0,0,345000,199000,146000,146000
065874,智原群益9C購01  ,0,0,0,0,0,0,0,0,0,146000,0,0,0,181000,35000,146000,146000
057299,立積永豐98購02  ,0,0,0,0,0,0,0,0,0,146000,0,0,0,167000,21000,146000,146000
059886,可成國票99購04  ,0,0,0,0,0,0,0,0,0,146000,0,0,0,166000,20000,146000,146000
062520,晶豪科元大9B購02,0,0,0,0,0,0,0,0,0,146000,0,0,0,146000,0,146000,146000
062377,力成元大9B購01  ,0,0,0,0,0,0,0,0,0,146000,0,0,0,156000,10000,146000,146000
064495,南亞科元大9C購03,0,0,0,0,0,0,0,0,0,146000,0,0,0,196000,50000,146000,146000
064520,京鼎群益02購01  ,0,0,0,0,0,0,0,0,0,146000,0,0,0,154000,8000,146000,146000
064270,華通元大9C購03  ,0,0,0,0,0,0,0,0,0,146000,0,0,0,175000,29000,146000,146000
064287,日月光元大9C購01,0,0,0,0,0,0,0,0,0,146000,0,0,0,300000,154000,146000,146000
063690,健鼎永豐9B購01  ,0,0,0,0,0,0,0,0,0,146000,0,0,0,226000,80000,146000,146000
9919,康那香          ,607000,461000,146000,0,0,0,0,0,0,0,0,0,0,0,0,0,146000
052113,漢唐中信98購01  ,0,0,0,0,0,0,0,0,0,145000,0,0,0,155000,10000,145000,145000
064302,美律兆豐01購01  ,0,0,0,0,0,0,0,0,0,145000,0,0,0,247000,102000,145000,145000
063318,京鼎群益9C購02  ,0,0,0,0,0,0,0,0,0,145000,0,0,0,145000,0,145000,145000
063415,台積電凱基03購01,0,0,0,0,0,0,0,0,0,145000,0,0,0,244000,99000,145000,145000
065236,旭富凱基9C購01  ,0,0,0,0,0,0,0,0,0,144000,0,0,0,197000,53000,144000,144000
08084P,台表科元大9B售06,0,0,0,0,0,0,0,0,0,144000,0,0,0,144000,0,144000,144000
054589,聯鈞國泰99購01  ,0,0,0,0,0,0,0,0,0,144000,0,0,0,240000,96000,144000,144000
059875,信邦凱基99購02  ,0,0,0,0,0,0,0,0,0,144000,0,0,0,144000,0,144000,144000
058399,美律元大99購05  ,0,0,0,0,0,0,0,0,0,144000,0,0,0,154000,10000,144000,144000
6142,友勁            ,97000,38000,59000,0,0,0,0,0,0,85000,85000,0,85000,0,0,0,144000
2548,華固            ,252000,152000,100000,0,0,0,0,0,0,44000,44000,0,44000,0,0,0,144000
2471,資通            ,161000,17000,144000,0,0,0,0,0,0,0,0,0,0,0,0,0,144000
00762,元大全球AI      ,0,0,0,0,0,0,0,0,0,143000,0,0,0,162000,19000,143000,143000
056578,智易元大99購02  ,0,0,0,0,0,0,0,0,0,143000,0,0,0,193000,50000,143000,143000
058507,美律元大9A購01  ,0,0,0,0,0,0,0,0,0,143000,0,0,0,143000,0,143000,143000
060295,貿聯元大9A購03  ,0,0,0,0,0,0,0,0,0,143000,0,0,0,170000,27000,143000,143000
062236,信邦凱基9B購01  ,0,0,0,0,0,0,0,0,0,143000,0,0,0,248000,105000,143000,143000
060789,禾伸堂富邦9B購02,0,0,0,0,0,0,0,0,0,143000,0,0,0,143000,0,143000,143000
064585,中壽永豐9C購01  ,0,0,0,0,0,0,0,0,0,143000,0,0,0,143000,0,143000,143000
063805,技嘉兆豐9C購01  ,0,0,0,0,0,0,0,0,0,143000,0,0,0,281000,138000,143000,143000
065402,漢唐國泰02購01  ,0,0,0,0,0,0,0,0,0,142000,0,0,0,158000,16000,142000,142000
056448,全新凱基99購01  ,0,0,0,0,0,0,0,0,0,142000,0,0,0,143000,1000,142000,142000
057335,技嘉國票99購01  ,0,0,0,0,0,0,0,0,0,142000,0,0,0,174000,32000,142000,142000
061270,彩晶凱基9A購02  ,0,0,0,0,0,0,0,0,0,142000,0,0,0,230000,88000,142000,142000
062669,微星中信03購01  ,0,0,0,0,0,0,0,0,0,142000,0,0,0,171000,29000,142000,142000
065480,旭富元大9C購06  ,0,0,0,0,0,0,0,0,0,141000,0,0,0,369000,228000,141000,141000
054428,禾伸堂富邦98購01,0,0,0,0,0,0,0,0,0,141000,0,0,0,141000,0,141000,141000
057793,群創統一99購02  ,0,0,0,0,0,0,0,0,0,141000,0,0,0,141000,0,141000,141000
062138,力成群益9B購01  ,0,0,0,0,0,0,0,0,0,141000,0,0,0,143000,2000,141000,141000
062409,巨大永豐9B購02  ,0,0,0,0,0,0,0,0,0,141000,0,0,0,168000,27000,141000,141000
063993,華通群益01購01  ,0,0,0,0,0,0,0,0,0,141000,0,0,0,415000,274000,141000,141000
053390,彩晶元大9A購01  ,0,0,0,0,0,0,0,0,0,140000,0,0,0,140000,0,140000,140000
056177,嘉澤元富97購01  ,0,0,0,0,0,0,0,0,0,140000,0,0,0,281000,141000,140000,140000
062037,華新凱基9B購01  ,0,0,0,0,0,0,0,0,0,140000,0,0,0,189000,49000,140000,140000
059988,大立光元大9A購02,0,0,0,0,0,0,0,0,0,140000,0,0,0,140000,0,140000,140000
059281,創意永豐99購02  ,0,0,0,0,0,0,0,0,0,140000,0,0,0,150000,10000,140000,140000
061718,GIS凱基9B購01   ,0,0,0,0,0,0,0,0,0,140000,0,0,0,212000,72000,140000,140000
063785,華通中信06購02  ,0,0,0,0,0,0,0,0,0,140000,0,0,0,150000,10000,140000,140000
063845,旺宏元大9C購03  ,0,0,0,0,0,0,0,0,0,140000,0,0,0,222000,82000,140000,140000
064448,裕隆統一02購01  ,0,0,0,0,0,0,0,0,0,140000,0,0,0,140000,0,140000,140000
063103,技嘉群益9B購01  ,0,0,0,0,0,0,0,0,0,140000,0,0,0,230000,90000,140000,140000
065523,茂林群益9C購03  ,0,0,0,0,0,0,0,0,0,139000,0,0,0,149000,10000,139000,139000
065539,瑞儀統一01購01  ,0,0,0,0,0,0,0,0,0,139000,0,0,0,149000,10000,139000,139000
056202,國揚永豐97購01  ,0,0,0,0,0,0,0,0,0,139000,0,0,0,205000,66000,139000,139000
056186,智原統一97購01  ,0,0,0,0,0,0,0,0,0,139000,0,0,0,240000,101000,139000,139000
057958,禾伸堂元大99購05,0,0,0,0,0,0,0,0,0,139000,0,0,0,154000,15000,139000,139000
058457,創意永豐99購01  ,0,0,0,0,0,0,0,0,0,139000,0,0,0,139000,0,139000,139000
060410,台苯永豐9A購01  ,0,0,0,0,0,0,0,0,0,139000,0,0,0,449000,310000,139000,139000
059643,日月光凱基99購02,0,0,0,0,0,0,0,0,0,139000,0,0,0,142000,3000,139000,139000
062836,同欣電群益9B購02,0,0,0,0,0,0,0,0,0,139000,0,0,0,145000,6000,139000,139000
064350,茂林元大01購01  ,0,0,0,0,0,0,0,0,0,139000,0,0,0,197000,58000,139000,139000
063730,台積電元大9B購09,0,0,0,0,0,0,0,0,0,139000,0,0,0,167000,28000,139000,139000
064156,大立光統一01購06,0,0,0,0,0,0,0,0,0,139000,0,0,0,200000,61000,139000,139000
064148,瑞昱統一02購01  ,0,0,0,0,0,0,0,0,0,139000,0,0,0,374000,235000,139000,139000
2449,京元電子        ,2219000,3658000,-1439000,0,0,0,2605000,266000,2339000,-761000,0,603000,-603000,351000,509000,-158000,139000
3257,虹冠電          ,262000,123000,139000,0,0,0,0,0,0,0,0,0,0,0,0,0,139000
065538,健鼎統一9C購01  ,0,0,0,0,0,0,0,0,0,138000,0,0,0,191000,53000,138000,138000
065084,南亞科元大9C購08,0,0,0,0,0,0,0,0,0,138000,0,0,0,138000,0,138000,138000
057954,宏碁元大99購01  ,0,0,0,0,0,0,0,0,0,138000,0,0,0,191000,53000,138000,138000
054873,帆宣群益99購01  ,0,0,0,0,0,0,0,0,0,138000,0,0,0,178000,40000,138000,138000
060475,瑞祺元大9A購01  ,0,0,0,0,0,0,0,0,0,138000,0,0,0,252000,114000,138000,138000
064508,力成元大9C購03  ,0,0,0,0,0,0,0,0,0,138000,0,0,0,238000,100000,138000,138000
062372,旭富元大9B購01  ,0,0,0,0,0,0,0,0,0,138000,0,0,0,200000,62000,138000,138000
062496,矽創中信9B購01  ,0,0,0,0,0,0,0,0,0,138000,0,0,0,340000,202000,138000,138000
065229,友達凱基02購03  ,0,0,0,0,0,0,0,0,0,137000,0,0,0,222000,85000,137000,137000
065313,聯茂國票01購01  ,0,0,0,0,0,0,0,0,0,137000,0,0,0,243000,106000,137000,137000
058720,旭富元富99購01  ,0,0,0,0,0,0,0,0,0,137000,0,0,0,137000,0,137000,137000
061928,群創凱基9B購06  ,0,0,0,0,0,0,0,0,0,137000,0,0,0,174000,37000,137000,137000
062835,瑞儀群益9B購01  ,0,0,0,0,0,0,0,0,0,137000,0,0,0,227000,90000,137000,137000
064615,智邦元大01購01  ,0,0,0,0,0,0,0,0,0,137000,0,0,0,445000,308000,137000,137000
064103,大立光群益9C購03,0,0,0,0,0,0,0,0,0,137000,0,0,0,145000,8000,137000,137000
065011,智邦國泰02購01  ,0,0,0,0,0,0,0,0,0,136000,0,0,0,435000,299000,136000,136000
060665,康控凱基9A購01  ,0,0,0,0,0,0,0,0,0,136000,0,0,0,136000,0,136000,136000
058685,TPK凱基99購01   ,0,0,0,0,0,0,0,0,0,136000,0,0,0,136000,0,136000,136000
062917,旭富元大9C購03  ,0,0,0,0,0,0,0,0,0,136000,0,0,0,200000,64000,136000,136000
06492P,上銀永豐98售01  ,0,0,0,0,0,0,0,0,0,135000,0,0,0,135000,0,135000,135000
065272,聯茂元大9C購05  ,0,0,0,0,0,0,0,0,0,135000,0,0,0,185000,50000,135000,135000
065500,健鼎富邦01購01  ,0,0,0,0,0,0,0,0,0,135000,0,0,0,135000,0,135000,135000
065433,緯創凱基9C購01  ,0,0,0,0,0,0,0,0,0,135000,0,0,0,152000,17000,135000,135000
08149P,祥碩群益9B售07  ,0,0,0,0,0,0,0,0,0,135000,0,0,0,286000,151000,135000,135000
053510,聯電群益97購01  ,0,0,0,0,0,0,0,0,0,135000,0,0,0,135000,0,135000,135000
061190,力山永豐9A購02  ,0,0,0,0,0,0,0,0,0,135000,0,0,0,184000,49000,135000,135000
058655,鴻海中信03購02  ,0,0,0,0,0,0,0,0,0,135000,0,0,0,135000,0,135000,135000
059580,大立光元富99購07,0,0,0,0,0,0,0,0,0,135000,0,0,0,162000,27000,135000,135000
062690,華擎統一9B購01  ,0,0,0,0,0,0,0,0,0,135000,0,0,0,535000,400000,135000,135000
062406,臻鼎永豐9B購01  ,0,0,0,0,0,0,0,0,0,135000,0,0,0,264000,129000,135000,135000
063722,遠東新元大9B購02,0,0,0,0,0,0,0,0,0,135000,0,0,0,191000,56000,135000,135000
2401,凌陽            ,493000,438000,55000,0,0,0,0,0,0,80000,80000,0,80000,0,0,0,135000
07940P,國巨群益9B售06  ,0,0,0,0,0,0,0,0,0,134000,0,0,0,154000,20000,134000,134000
065342,華邦電統一02購01,0,0,0,0,0,0,0,0,0,134000,0,0,0,136000,2000,134000,134000
061037,嘉澤永豐9A購01  ,0,0,0,0,0,0,0,0,0,134000,0,0,0,175000,41000,134000,134000
062434,華通元大9B購04  ,0,0,0,0,0,0,0,0,0,134000,0,0,0,135000,1000,134000,134000
064974,燿華元大9C購03  ,0,0,0,0,0,0,0,0,0,133000,0,0,0,238000,105000,133000,133000
057863,美律凱基9A購01  ,0,0,0,0,0,0,0,0,0,133000,0,0,0,133000,0,133000,133000
056860,正崴群益98購01  ,0,0,0,0,0,0,0,0,0,133000,0,0,0,133000,0,133000,133000
062030,旭富群益9B購01  ,0,0,0,0,0,0,0,0,0,133000,0,0,0,133000,0,133000,133000
062020,智伸科永豐9B購01,0,0,0,0,0,0,0,0,0,133000,0,0,0,212000,79000,133000,133000
062937,旺宏凱基9B購08  ,0,0,0,0,0,0,0,0,0,133000,0,0,0,147000,14000,133000,133000
064079,英業達中信9C購01,0,0,0,0,0,0,0,0,0,133000,0,0,0,310000,177000,133000,133000
064015,立積國票01購01  ,0,0,0,0,0,0,0,0,0,133000,0,0,0,173000,40000,133000,133000
064442,嘉聯益凱基9C購01,0,0,0,0,0,0,0,0,0,133000,0,0,0,187000,54000,133000,133000
065083,南亞科元大01購01,0,0,0,0,0,0,0,0,0,132000,0,0,0,132000,0,132000,132000
056843,冠德元富98購01  ,0,0,0,0,0,0,0,0,0,132000,0,0,0,136000,4000,132000,132000
061013,台積電麥證9A購03,0,0,0,209000,77000,132000,0,0,0,132000,0,0,0,209000,77000,132000,132000
061184,大立光國泰9C購01,0,0,0,0,0,0,0,0,0,132000,0,0,0,172000,40000,132000,132000
057925,貿聯凱基99購01  ,0,0,0,0,0,0,0,0,0,132000,0,0,0,132000,0,132000,132000
056468,鴻海元大98購07  ,0,0,0,0,0,0,0,0,0,132000,0,0,0,138000,6000,132000,132000
062034,同欣電群益9B購01,0,0,0,0,0,0,0,0,0,132000,0,0,0,255000,123000,132000,132000
061582,麗豐元大9A購01  ,0,0,0,0,0,0,0,0,0,132000,0,0,0,187000,55000,132000,132000
058941,華新科中信99購03,0,0,0,0,0,0,0,0,0,132000,0,0,0,132000,0,132000,132000
064739,智邦國票01購01  ,0,0,0,0,0,0,0,0,0,132000,0,0,0,274000,142000,132000,132000
064037,寶成元大9C購02  ,0,0,0,0,0,0,0,0,0,132000,0,0,0,132000,0,132000,132000
059296,大立光元富99購06,0,0,0,0,0,0,0,0,0,131000,0,0,0,339000,208000,131000,131000
08077P,亞德客國票9B售02,0,0,0,0,0,0,0,0,0,130000,0,0,0,154000,24000,130000,130000
056517,茂林兆豐99購01  ,0,0,0,0,0,0,0,0,0,130000,0,0,0,235000,105000,130000,130000
061027,儒鴻永豐9A購02  ,0,0,0,0,0,0,0,0,0,130000,0,0,0,258000,128000,130000,130000
057451,大立光元富9B購01,0,0,0,0,0,0,0,0,0,130000,0,0,0,151000,21000,130000,130000
059290,全新元富99購01  ,0,0,0,0,0,0,0,0,0,130000,0,0,0,301000,171000,130000,130000
060470,台勝科元大9A購03,0,0,0,0,0,0,0,0,0,130000,0,0,0,135000,5000,130000,130000
058925,旭富元富99購02  ,0,0,0,0,0,0,0,0,0,130000,0,0,0,130000,0,130000,130000
058215,貿聯群益99購02  ,0,0,0,0,0,0,0,0,0,130000,0,0,0,148000,18000,130000,130000
058181,華新科國泰9B購01,0,0,0,0,0,0,0,0,0,130000,0,0,0,130000,0,130000,130000
061879,超眾元大9C購01  ,0,0,0,0,0,0,0,0,0,130000,0,0,0,192000,62000,130000,130000
060285,聯電元大9C購01  ,0,0,0,0,0,0,0,0,0,130000,0,0,0,176000,46000,130000,130000
059762,禾伸堂永豐99購02,0,0,0,0,0,0,0,0,0,130000,0,0,0,156000,26000,130000,130000
064463,聯茂統一01購02  ,0,0,0,0,0,0,0,0,0,130000,0,0,0,234000,104000,130000,130000
063331,瑞儀國票9C購01  ,0,0,0,0,0,0,0,0,0,130000,0,0,0,130000,0,130000,130000
063640,貿聯元大9B購03  ,0,0,0,0,0,0,0,0,0,130000,0,0,0,188000,58000,130000,130000
1789,神隆            ,1263000,917000,346000,0,0,0,0,0,0,-216000,0,0,0,38000,254000,-216000,130000
065202,南電元富06購01  ,0,0,0,0,0,0,0,0,0,129000,0,0,0,242000,113000,129000,129000
065810,台表科群益9C購05,0,0,0,0,0,0,0,0,0,129000,0,0,0,199000,70000,129000,129000
059103,旭富元富99購03  ,0,0,0,0,0,0,0,0,0,129000,0,0,0,129000,0,129000,129000
061357,寶成元大9A購01  ,0,0,0,0,0,0,0,0,0,129000,0,0,0,134000,5000,129000,129000
059278,群創元大9A購04  ,0,0,0,0,0,0,0,0,0,129000,0,0,0,132000,3000,129000,129000
062367,禾伸堂元大9B購02,0,0,0,0,0,0,0,0,0,129000,0,0,0,129000,0,129000,129000
2601,益航            ,325000,196000,129000,0,0,0,0,0,0,0,0,0,0,0,0,0,129000
054220,國巨統一97購02  ,0,0,0,0,0,0,0,0,0,128000,0,0,0,128000,0,128000,128000
051849,旺宏中信98購01  ,0,0,0,0,0,0,0,0,0,128000,0,0,0,291000,163000,128000,128000
060233,宏碁元大9A購01  ,0,0,0,0,0,0,0,0,0,128000,0,0,0,128000,0,128000,128000
060463,台積電元大9A購10,0,0,0,0,0,0,0,0,0,128000,0,0,0,128000,0,128000,128000
060107,旭富元大99購03  ,0,0,0,0,0,0,0,0,0,128000,0,0,0,170000,42000,128000,128000
063867,全新永豐9C購01  ,0,0,0,0,0,0,0,0,0,128000,0,0,0,206000,78000,128000,128000
1907,永豐餘          ,614000,486000,128000,0,0,0,0,0,0,0,0,0,0,0,0,0,128000
065100,聯茂元大9C購04  ,0,0,0,0,0,0,0,0,0,127000,0,0,0,230000,103000,127000,127000
064916,玉山金統一02購01,0,0,0,0,0,0,0,0,0,127000,0,0,0,248000,121000,127000,127000
064195,晶豪科群益9C購01,0,0,0,0,0,0,0,0,0,127000,0,0,0,165000,38000,127000,127000
064641,神隆凱基9C購01  ,0,0,0,0,0,0,0,0,0,127000,0,0,0,297000,170000,127000,127000
062772,T50反1元大9B購06,0,0,0,0,0,0,0,0,0,127000,0,0,0,132000,5000,127000,127000
3059,華晶科          ,259000,129000,130000,0,0,0,0,0,0,-3000,0,3000,-3000,0,0,0,127000
2049,上銀            ,343079,229000,114079,0,0,0,0,10000,-10000,22000,14000,8000,6000,18000,2000,16000,126079
065226,華通凱基01購01  ,0,0,0,0,0,0,0,0,0,126000,0,0,0,197000,71000,126000,126000
065289,冠德群益9C購01  ,0,0,0,0,0,0,0,0,0,126000,0,0,0,486000,360000,126000,126000
057961,茂林元大9A購01  ,0,0,0,0,0,0,0,0,0,126000,0,0,0,146000,20000,126000,126000
061662,瑞儀永豐9A購02  ,0,0,0,0,0,0,0,0,0,126000,0,0,0,160000,34000,126000,126000
058766,力山兆豐99購01  ,0,0,0,0,0,0,0,0,0,126000,0,0,0,130000,4000,126000,126000
062766,台郡凱基9B購02  ,0,0,0,0,0,0,0,0,0,126000,0,0,0,142000,16000,126000,126000
062504,旭富群益9B購02  ,0,0,0,0,0,0,0,0,0,126000,0,0,0,126000,0,126000,126000
064065,大立光富邦02購02,0,0,0,0,0,0,0,0,0,126000,0,0,0,146000,20000,126000,126000
065491,華新科國泰02購01,0,0,0,0,0,0,0,0,0,125000,0,0,0,192000,67000,125000,125000
057289,力成元大98購03  ,0,0,0,0,0,0,0,0,0,125000,0,0,0,523000,398000,125000,125000
054868,國泰金群益9A購01,0,0,0,0,0,0,0,0,0,125000,0,0,0,125000,0,125000,125000
059170,康控凱基9B購01  ,0,0,0,0,0,0,0,0,0,125000,0,0,0,125000,0,125000,125000
060048,元金2X凱基99購03,0,0,0,0,0,0,0,0,0,125000,0,0,0,125000,0,125000,125000
064031,玉晶光元大02購01,0,0,0,0,0,0,0,0,0,125000,0,0,0,128000,3000,125000,125000
064827,友達統一02購02  ,0,0,0,0,0,0,0,0,0,125000,0,0,0,125000,0,125000,125000
062273,國巨群益9C購02  ,0,0,0,0,0,0,0,0,0,125000,0,0,0,136000,11000,125000,125000
062932,滬深2X凱基01購01,0,0,0,0,0,0,0,0,0,125000,0,0,0,125000,0,125000,125000
2617,台航            ,149000,84000,65000,0,0,0,0,0,0,60000,60000,0,60000,0,0,0,125000
065245,國泰金兆豐9C購01,0,0,0,0,0,0,0,0,0,124000,0,0,0,213000,89000,124000,124000
08140P,祥碩元大9B售07  ,0,0,0,0,0,0,0,0,0,124000,0,0,0,326000,202000,124000,124000
056189,樺漢統一97購02  ,0,0,0,0,0,0,0,0,0,124000,0,0,0,124000,0,124000,124000
061001,智邦兆豐9B購01  ,0,0,0,0,0,0,0,0,0,124000,0,0,0,124000,0,124000,124000
061131,崇越永豐9A購01  ,0,0,0,0,0,0,0,0,0,124000,0,0,0,124000,0,124000,124000
2402,毅嘉            ,319000,195000,124000,0,0,0,0,0,0,0,0,0,0,0,0,0,124000
07978P,茂林群益9B售02  ,0,0,0,0,0,0,0,0,0,123000,0,0,0,164000,41000,123000,123000
065391,和大群益01購03  ,0,0,0,0,0,0,0,0,0,123000,0,0,0,123000,0,123000,123000
065904,群創富邦02購01  ,0,0,0,0,0,0,0,0,0,123000,0,0,0,123000,0,123000,123000
057540,緯穎日盛99購01  ,0,0,0,0,0,0,0,0,0,123000,0,0,0,151000,28000,123000,123000
055205,京鼎中信99購01  ,0,0,0,0,0,0,0,0,0,123000,0,0,0,290000,167000,123000,123000
063321,泰鼎群益9B購03  ,0,0,0,0,0,0,0,0,0,123000,0,0,0,123000,0,123000,123000
064664,微星元大9C購04  ,0,0,0,0,0,0,0,0,0,123000,0,0,0,194000,71000,123000,123000
063733,聯發科元大9B購27,0,0,0,0,0,0,0,0,0,123000,0,0,0,125000,2000,123000,123000
065661,智原永豐9C購01  ,0,0,0,0,0,0,0,0,0,122000,0,0,0,181000,59000,122000,122000
064896,華新科群益01購02,0,0,0,0,0,0,0,0,0,122000,0,0,0,122000,0,122000,122000
08018P,牧德國票9B售04  ,0,0,0,0,0,0,0,0,0,122000,0,0,0,193000,71000,122000,122000
046949,群創元大99購01  ,0,0,0,0,0,0,0,0,0,122000,0,0,0,887000,765000,122000,122000
00743,國泰中國A150    ,0,40000,-40000,0,0,0,0,0,0,162000,0,0,0,192000,30000,162000,122000
064744,創意國票01購02  ,0,0,0,0,0,0,0,0,0,122000,0,0,0,161000,39000,122000,122000
062630,全新國票9B購02  ,0,0,0,0,0,0,0,0,0,122000,0,0,0,122000,0,122000,122000
8110,華東            ,310000,179000,131000,0,0,0,0,0,0,-9000,0,9000,-9000,0,0,0,122000
08338P,台灣50凱基9C售11,0,0,0,0,0,0,0,0,0,121000,0,0,0,212000,91000,121000,121000
08588P,緯穎元富03售01  ,0,0,0,0,0,0,0,0,0,121000,0,0,0,344000,223000,121000,121000
065034,玉晶光統一01購11,0,0,0,0,0,0,0,0,0,121000,0,0,0,201000,80000,121000,121000
055151,台積電元大98購05,0,0,0,0,0,0,0,0,0,121000,0,0,0,121000,0,121000,121000
057385,光罩永豐99購01  ,0,0,0,0,0,0,0,0,0,121000,0,0,0,200000,79000,121000,121000
056472,美律元大99購03  ,0,0,0,0,0,0,0,0,0,121000,0,0,0,129000,8000,121000,121000
062883,智易兆豐9C購01  ,0,0,0,0,0,0,0,0,0,121000,0,0,0,235000,114000,121000,121000
064305,健鼎兆豐9C購02  ,0,0,0,0,0,0,0,0,0,121000,0,0,0,141000,20000,121000,121000
6202,盛群            ,246000,120000,126000,0,0,0,0,0,0,-5000,0,0,0,12000,17000,-5000,121000
056366,玉晶光元大99購04,0,0,0,0,0,0,0,0,0,120000,0,0,0,145000,25000,120000,120000
058017,漢唐凱基99購01  ,0,0,0,0,0,0,0,0,0,120000,0,0,0,168000,48000,120000,120000
061684,T50反1群益9A購06,0,0,0,0,0,0,0,0,0,120000,0,0,0,120000,0,120000,120000
059830,台郡凱基99購05  ,0,0,0,0,0,0,0,0,0,120000,0,0,0,130000,10000,120000,120000
061959,鴻海統一9B購04  ,0,0,0,0,0,0,0,0,0,120000,0,0,0,268000,148000,120000,120000
062164,禾伸堂國泰01購01,0,0,0,0,0,0,0,0,0,120000,0,0,0,120000,0,120000,120000
061541,旺宏群益9A購03  ,0,0,0,0,0,0,0,0,0,120000,0,0,0,120000,0,120000,120000
060242,潤泰全元大9C購01,0,0,0,0,0,0,0,0,0,120000,0,0,0,120000,0,120000,120000
063642,茂林元大9B購08  ,0,0,0,0,0,0,0,0,0,120000,0,0,0,120000,0,120000,120000
063986,聯發科富邦02購01,0,0,0,0,0,0,0,0,0,120000,0,0,0,121000,1000,120000,120000
062717,華邦電凱基9C購01,0,0,0,0,0,0,0,0,0,120000,0,0,0,150000,30000,120000,120000
062601,富邦金台新9B購01,0,0,0,0,0,0,0,0,0,120000,0,0,0,120000,0,120000,120000
063496,儒鴻永豐9B購01  ,0,0,0,0,0,0,0,0,0,120000,0,0,0,261000,141000,120000,120000
3033,威健            ,101000,41000,60000,0,0,0,0,0,0,60000,60000,0,60000,0,0,0,120000
065045,信邦凱基9C購01  ,0,0,0,0,0,0,0,0,0,119000,0,0,0,257000,138000,119000,119000
065177,旭富元大9C購05  ,0,0,0,0,0,0,0,0,0,119000,0,0,0,208000,89000,119000,119000
065558,嘉聯益凱基9C購02,0,0,0,0,0,0,0,0,0,119000,0,0,0,163000,44000,119000,119000
065756,緯創元大9C購05  ,0,0,0,0,0,0,0,0,0,119000,0,0,0,291000,172000,119000,119000
053292,美律中信98購01  ,0,0,0,0,0,0,0,0,0,119000,0,0,0,119000,0,119000,119000
059164,旺宏凱基99購06  ,0,0,0,0,0,0,0,0,0,119000,0,0,0,146000,27000,119000,119000
058528,世紀鋼元大99購02,0,0,0,0,0,0,0,0,0,119000,0,0,0,132000,13000,119000,119000
062851,建準永豐9B購02  ,0,0,0,0,0,0,0,0,0,119000,0,0,0,134000,15000,119000,119000
065475,聯發科元大01購04,0,0,0,0,0,0,0,0,0,118000,0,0,0,184000,66000,118000,118000
056232,瑞儀凱基98購01  ,0,0,0,0,0,0,0,0,0,118000,0,0,0,138000,20000,118000,118000
061137,晶技統一9B購01  ,0,0,0,0,0,0,0,0,0,118000,0,0,0,148000,30000,118000,118000
062005,旺宏國泰01購01  ,0,0,0,0,0,0,0,0,0,118000,0,0,0,133000,15000,118000,118000
063818,矽創群益9C購01  ,0,0,0,0,0,0,0,0,0,118000,0,0,0,190000,72000,118000,118000
064565,高鐵群益01購01  ,0,0,0,0,0,0,0,0,0,118000,0,0,0,218000,100000,118000,118000
065000,和大國票02購01  ,0,0,0,0,0,0,0,0,0,117000,0,0,0,117000,0,117000,117000
065535,健鼎統一02購03  ,0,0,0,0,0,0,0,0,0,117000,0,0,0,165000,48000,117000,117000
065545,華通兆豐9C購03  ,0,0,0,0,0,0,0,0,0,117000,0,0,0,117000,0,117000,117000
08493P,嘉澤元大9C售01  ,0,0,0,0,0,0,0,0,0,117000,0,0,0,213000,96000,117000,117000
052095,彩晶元大97購01  ,0,0,0,0,0,0,0,0,0,117000,0,0,0,117000,0,117000,117000
056998,麗豐康和98購01  ,0,0,0,0,0,0,0,0,0,117000,0,0,0,120000,3000,117000,117000
058070,華新科凱基98購07,0,0,0,0,0,0,0,0,0,117000,0,0,0,155000,38000,117000,117000
059241,旺宏凱基99購07  ,0,0,0,0,0,0,0,0,0,117000,0,0,0,183000,66000,117000,117000
061749,群創統一9C購02  ,0,0,0,0,0,0,0,0,0,117000,0,0,0,117000,0,117000,117000
063704,麗豐群益9B購01  ,0,0,0,0,0,0,0,0,0,117000,0,0,0,225000,108000,117000,117000
065652,超眾元大01購02  ,0,0,0,0,0,0,0,0,0,116000,0,0,0,127000,11000,116000,116000
065712,緯穎群益9C購03  ,0,0,0,0,0,0,0,0,0,116000,0,0,0,145000,29000,116000,116000
053449,超眾凱基98購01  ,0,0,0,0,0,0,0,0,0,116000,0,0,0,131000,15000,116000,116000
03445B,臺股指元大02熊01,0,0,0,0,0,0,0,0,0,116000,0,0,0,1115000,999000,116000,116000
057502,訊芯群益98購02  ,0,0,0,0,0,0,0,0,0,116000,0,0,0,116000,0,116000,116000
056537,冠德凱基98購01  ,0,0,0,0,0,0,0,0,0,116000,0,0,0,136000,20000,116000,116000
064211,友達凱基02購01  ,0,0,0,0,0,0,0,0,0,116000,0,0,0,120000,4000,116000,116000
9911,櫻花            ,287000,166000,121000,0,0,0,0,0,0,-5000,0,5000,-5000,0,0,0,116000
065020,友達富邦01購02  ,0,0,0,0,0,0,0,0,0,115000,0,0,0,155000,40000,115000,115000
054171,台郡凱基97購01  ,0,0,0,0,0,0,0,0,0,115000,0,0,0,135000,20000,115000,115000
058613,茂林元大99購03  ,0,0,0,0,0,0,0,0,0,115000,0,0,0,204000,89000,115000,115000
061905,上証反中信03購01,0,0,0,0,0,0,0,0,0,115000,0,0,0,200000,85000,115000,115000
063799,華邦電凱基9C購02,0,0,0,0,0,0,0,0,0,115000,0,0,0,167000,52000,115000,115000
063929,高鐵統一02購01  ,0,0,0,0,0,0,0,0,0,115000,0,0,0,115000,0,115000,115000
062987,祥碩中信01購01  ,0,0,0,0,0,0,0,0,0,115000,0,0,0,128000,13000,115000,115000
3535,晶彩科          ,474000,359000,115000,0,0,0,0,0,0,0,0,0,0,0,0,0,115000
5607,遠雄港          ,195000,67000,128000,0,0,0,0,0,0,-13000,0,0,0,0,13000,-13000,115000
064975,南亞科元大9C購07,0,0,0,0,0,0,0,0,0,114000,0,0,0,114000,0,114000,114000
065212,瑞儀國票01購01  ,0,0,0,0,0,0,0,0,0,114000,0,0,0,198000,84000,114000,114000
08381P,台灣50群益9C售06,0,0,0,0,0,0,0,0,0,114000,0,0,0,730000,616000,114000,114000
057837,康控國泰99購02  ,0,0,0,0,0,0,0,0,0,114000,0,0,0,114000,0,114000,114000
051659,力山國泰97購01  ,0,0,0,0,0,0,0,0,0,114000,0,0,0,114000,0,114000,114000
061054,台積電群益9A購04,0,0,0,0,0,0,0,0,0,114000,0,0,0,114000,0,114000,114000
062189,康控元大9B購02  ,0,0,0,0,0,0,0,0,0,114000,0,0,0,122000,8000,114000,114000
060061,旺宏兆豐99購02  ,0,0,0,0,0,0,0,0,0,114000,0,0,0,114000,0,114000,114000
060421,華擎永豐9A購01  ,0,0,0,0,0,0,0,0,0,114000,0,0,0,485000,371000,114000,114000
063270,喬山兆豐9C購01  ,0,0,0,0,0,0,0,0,0,114000,0,0,0,114000,0,114000,114000
064415,群創麥證9C購01  ,0,0,0,230000,116000,114000,0,0,0,114000,0,0,0,230000,116000,114000,114000
3708,上緯投控        ,337000,153000,184000,0,0,0,0,0,0,-70000,0,0,0,5000,75000,-70000,114000
053458,聯詠國泰97購01  ,0,0,0,0,0,0,0,0,0,113000,0,0,0,113000,0,113000,113000
061310,華新科麥證9A購01,0,0,0,114000,1000,113000,0,0,0,113000,0,0,0,114000,1000,113000,113000
065668,南亞科凱基9C購02,0,0,0,0,0,0,0,0,0,112000,0,0,0,112000,0,112000,112000
065513,旺宏群益9C購05  ,0,0,0,0,0,0,0,0,0,112000,0,0,0,112000,0,112000,112000
063790,南亞科台新9C購01,0,0,0,0,0,0,0,0,0,112000,0,0,0,112000,0,112000,112000
063703,晶豪科群益9B購02,0,0,0,0,0,0,0,0,0,112000,0,0,0,261000,149000,112000,112000
063001,巨大國票9B購01  ,0,0,0,0,0,0,0,0,0,112000,0,0,0,115000,3000,112000,112000
062623,元金2X國票01購01,0,0,0,0,0,0,0,0,0,112000,0,0,0,112000,0,112000,112000
065259,燿華元大9C購05  ,0,0,0,0,0,0,0,0,0,111000,0,0,0,218000,107000,111000,111000
07839P,嘉澤元大9A售04  ,0,0,0,0,0,0,0,0,0,111000,0,0,0,200000,89000,111000,111000
053630,奇鋐兆豐97購01  ,0,0,0,0,0,0,0,0,0,111000,0,0,0,111000,0,111000,111000
061110,超眾元大9A購03  ,0,0,0,0,0,0,0,0,0,111000,0,0,0,168000,57000,111000,111000
060208,卜蜂康和9A購01  ,0,0,0,0,0,0,0,0,0,111000,0,0,0,114000,3000,111000,111000
060573,力成永豐9A購01  ,0,0,0,0,0,0,0,0,0,111000,0,0,0,164000,53000,111000,111000
062447,華擎元大9C購01  ,0,0,0,0,0,0,0,0,0,111000,0,0,0,155000,44000,111000,111000
062365,台光電元大9B購03,0,0,0,0,0,0,0,0,0,111000,0,0,0,327000,216000,111000,111000
064250,亞光元富9C購01  ,0,0,0,0,0,0,0,0,0,111000,0,0,0,127000,16000,111000,111000
064535,國產國票01購01  ,0,0,0,0,0,0,0,0,0,111000,0,0,0,161000,50000,111000,111000
064765,緯穎凱基9C購02  ,0,0,0,0,0,0,0,0,0,111000,0,0,0,378000,267000,111000,111000
08106P,聯發科統一9B售09,0,0,0,0,0,0,0,0,0,110000,0,0,0,110000,0,110000,110000
07216P,大立光凱基99售08,0,0,0,0,0,0,0,0,0,110000,0,0,0,110000,0,110000,110000
065152,燿華群益9C購02  ,0,0,0,0,0,0,0,0,0,110000,0,0,0,110000,0,110000,110000
061140,華擎統一9C購01  ,0,0,0,0,0,0,0,0,0,110000,0,0,0,223000,113000,110000,110000
060982,旺宏元大9A購09  ,0,0,0,0,0,0,0,0,0,110000,0,0,0,161000,51000,110000,110000
056726,友達日盛9A購01  ,0,0,0,0,0,0,0,0,0,110000,0,0,0,110000,0,110000,110000
056649,智易凱基98購01  ,0,0,0,0,0,0,0,0,0,110000,0,0,0,110000,0,110000,110000
057969,緯穎國泰99購01  ,0,0,0,0,0,0,0,0,0,110000,0,0,0,127000,17000,110000,110000
055159,玉晶光元大98購05,0,0,0,0,0,0,0,0,0,110000,0,0,0,110000,0,110000,110000
055216,友達凱基98購05  ,0,0,0,0,0,0,0,0,0,110000,0,0,0,146000,36000,110000,110000
060121,新光金富邦99購01,0,0,0,0,0,0,0,0,0,110000,0,0,0,510000,400000,110000,110000
061696,南茂群益9A購01  ,0,0,0,0,0,0,0,0,0,110000,0,0,0,178000,68000,110000,110000
060551,大立光凱基9B購02,0,0,0,0,0,0,0,0,0,110000,0,0,0,110000,0,110000,110000
060384,葡萄王凱基9B購01,0,0,0,0,0,0,0,0,0,110000,0,0,0,110000,0,110000,110000
061609,華新科統一9C購01,0,0,0,0,0,0,0,0,0,110000,0,0,0,120000,10000,110000,110000
060505,友達元大9C購05  ,0,0,0,0,0,0,0,0,0,110000,0,0,0,220000,110000,110000,110000
061417,力成群益9A購01  ,0,0,0,0,0,0,0,0,0,110000,0,0,0,309000,199000,110000,110000
058476,旺宏凱基9A購01  ,0,0,0,0,0,0,0,0,0,110000,0,0,0,110000,0,110000,110000
058203,信邦凱基99購01  ,0,0,0,0,0,0,0,0,0,110000,0,0,0,211000,101000,110000,110000
059200,京鼎永豐99購02  ,0,0,0,0,0,0,0,0,0,110000,0,0,0,110000,0,110000,110000
059080,亞泥元大99購01  ,0,0,0,0,0,0,0,0,0,110000,0,0,0,315000,205000,110000,110000
059063,康控凱基99購04  ,0,0,0,0,0,0,0,0,0,110000,0,0,0,110000,0,110000,110000
059530,華新科凱基9A購05,0,0,0,0,0,0,0,0,0,110000,0,0,0,110000,0,110000,110000
063252,緯穎元大9B購07  ,0,0,0,0,0,0,0,0,0,110000,0,0,0,618000,508000,110000,110000
065362,華通元大9C購06  ,0,0,0,0,0,0,0,0,0,109000,0,0,0,416000,307000,109000,109000
065596,鴻海元大9C購16  ,0,0,0,0,0,0,0,0,0,109000,0,0,0,313000,204000,109000,109000
07292P,臺股指凱基99售44,0,0,0,0,0,0,0,0,0,109000,0,0,0,109000,0,109000,109000
050566,高股息中信97購02,0,0,0,0,0,0,0,0,0,109000,0,0,0,109000,0,109000,109000
057377,康控元大99購02  ,0,0,0,0,0,0,0,0,0,109000,0,0,0,225000,116000,109000,109000
061764,旺宏元大9B購01  ,0,0,0,0,0,0,0,0,0,109000,0,0,0,109000,0,109000,109000
058540,嘉聯益國泰9A購02,0,0,0,0,0,0,0,0,0,109000,0,0,0,109000,0,109000,109000
059959,訊芯康和99購01  ,0,0,0,0,0,0,0,0,0,109000,0,0,0,109000,0,109000,109000
060880,中壽中信9C購01  ,0,0,0,0,0,0,0,0,0,109000,0,0,0,203000,94000,109000,109000
063029,喬山凱基9B購01  ,0,0,0,0,0,0,0,0,0,109000,0,0,0,110000,1000,109000,109000
063401,中租群益9B購03  ,0,0,0,0,0,0,0,0,0,109000,0,0,0,219000,110000,109000,109000
062294,盛群永豐9B購01  ,0,0,0,0,0,0,0,0,0,109000,0,0,0,109000,0,109000,109000
064789,和大國票01購01  ,0,0,0,0,0,0,0,0,0,109000,0,0,0,109000,0,109000,109000
064208,智邦凱基02購01  ,0,0,0,0,0,0,0,0,0,109000,0,0,0,342000,233000,109000,109000
065432,景碩凱基9C購03  ,0,0,0,0,0,0,0,0,0,108000,0,0,0,109000,1000,108000,108000
061788,信邦群益9B購01  ,0,0,0,0,0,0,0,0,0,108000,0,0,0,108000,0,108000,108000
058134,信邦元大99購01  ,0,0,0,0,0,0,0,0,0,108000,0,0,0,108000,0,108000,108000
060426,盛群永豐9A購01  ,0,0,0,0,0,0,0,0,0,108000,0,0,0,199000,91000,108000,108000
062264,南六元大9B購02  ,0,0,0,0,0,0,0,0,0,108000,0,0,0,119000,11000,108000,108000
063454,瑞儀統一9B購01  ,0,0,0,0,0,0,0,0,0,108000,0,0,0,153000,45000,108000,108000
063537,華擎統一9C購03  ,0,0,0,0,0,0,0,0,0,108000,0,0,0,535000,427000,108000,108000
061069,嘉聯益凱基9A購01,0,0,0,0,0,0,0,0,0,107000,0,0,0,112000,5000,107000,107000
057175,美律元大98購03  ,0,0,0,0,0,0,0,0,0,107000,0,0,0,187000,80000,107000,107000
061769,晶技元大9B購03  ,0,0,0,0,0,0,0,0,0,107000,0,0,0,220000,113000,107000,107000
060409,味全永豐9A購01  ,0,0,0,0,0,0,0,0,0,107000,0,0,0,132000,25000,107000,107000
063567,漢唐元大9B購03  ,0,0,0,0,0,0,0,0,0,107000,0,0,0,238000,131000,107000,107000
064003,台積電凱基01購03,0,0,0,0,0,0,0,0,0,107000,0,0,0,107000,0,107000,107000
063714,超眾凱基9B購03  ,0,0,0,0,0,0,0,0,0,107000,0,0,0,141000,34000,107000,107000
065339,旺宏統一01購08  ,0,0,0,0,0,0,0,0,0,106000,0,0,0,106000,0,106000,106000
065802,義隆群益9C購05  ,0,0,0,0,0,0,0,0,0,106000,0,0,0,106000,0,106000,106000
08378P,世紀鋼元富9C售02,0,0,0,0,0,0,0,0,0,106000,0,0,0,106000,0,106000,106000
055780,禾伸堂凱基99購01,0,0,0,0,0,0,0,0,0,106000,0,0,0,126000,20000,106000,106000
060288,群光元大9C購01  ,0,0,0,0,0,0,0,0,0,106000,0,0,0,158000,52000,106000,106000
059952,旺宏康和99購01  ,0,0,0,0,0,0,0,0,0,106000,0,0,0,106000,0,106000,106000
061896,景碩永豐9B購01  ,0,0,0,0,0,0,0,0,0,106000,0,0,0,148000,42000,106000,106000
064009,超眾凱基01購01  ,0,0,0,0,0,0,0,0,0,106000,0,0,0,122000,16000,106000,106000
064487,和大元大9C購01  ,0,0,0,0,0,0,0,0,0,106000,0,0,0,106000,0,106000,106000
064362,友達統一01購02  ,0,0,0,0,0,0,0,0,0,106000,0,0,0,109000,3000,106000,106000
062944,茂林凱基9B購02  ,0,0,0,0,0,0,0,0,0,106000,0,0,0,128000,22000,106000,106000
08521P,台達電元大9C售03,0,0,0,0,0,0,0,0,0,105000,0,0,0,120000,15000,105000,105000
056835,聯電元富99購01  ,0,0,0,0,0,0,0,0,0,105000,0,0,0,274000,169000,105000,105000
054780,中石化群益99購01,0,0,0,0,0,0,0,0,0,105000,0,0,0,105000,0,105000,105000
056610,鴻海永豐98購01  ,0,0,0,0,0,0,0,0,0,105000,0,0,0,105000,0,105000,105000
056401,國巨群益98購07  ,0,0,0,0,0,0,0,0,0,105000,0,0,0,105000,0,105000,105000
057366,智邦元大98購08  ,0,0,0,0,0,0,0,0,0,105000,0,0,0,129000,24000,105000,105000
057718,旺宏元富02購02  ,0,0,0,0,0,0,0,0,0,105000,0,0,0,105000,0,105000,105000
061381,台灣50群益9B購07,0,0,0,0,0,0,0,0,0,105000,0,0,0,151000,46000,105000,105000
058534,友達統一9B購01  ,0,0,0,0,0,0,0,0,0,105000,0,0,0,105000,0,105000,105000
062281,奇鋐群益9B購01  ,0,0,0,0,0,0,0,0,0,105000,0,0,0,109000,4000,105000,105000
063091,聯電中信9B購01  ,0,0,0,0,0,0,0,0,0,105000,0,0,0,266000,161000,105000,105000
063804,華邦電兆豐01購01,0,0,0,0,0,0,0,0,0,105000,0,0,0,105000,0,105000,105000
9935,慶豐富          ,201000,95000,106000,0,0,0,0,0,0,-1000,0,1000,-1000,0,0,0,105000
065285,宏碁群益01購01  ,0,0,0,0,0,0,0,0,0,104000,0,0,0,104000,0,104000,104000
059004,嘉晶元大99購05  ,0,0,0,0,0,0,0,0,0,104000,0,0,0,104000,0,104000,104000
059139,全新兆豐9A購01  ,0,0,0,0,0,0,0,0,0,104000,0,0,0,104000,0,104000,104000
060025,台積電富邦9C購06,0,0,0,0,0,0,0,0,0,104000,0,0,0,104000,0,104000,104000
063784,華通中信06購01  ,0,0,0,0,0,0,0,0,0,104000,0,0,0,104000,0,104000,104000
063224,泰鼎群益9B購02  ,0,0,0,0,0,0,0,0,0,104000,0,0,0,104000,0,104000,104000
062636,聯鈞國票9B購01  ,0,0,0,0,0,0,0,0,0,104000,0,0,0,159000,55000,104000,104000
6165,捷泰            ,111000,7000,104000,0,0,0,0,0,0,0,0,0,0,0,0,0,104000
06688P,鴻海中信02售01  ,0,0,0,0,0,0,0,0,0,103000,0,0,0,109000,6000,103000,103000
056156,禾伸堂凱基98購04,0,0,0,0,0,0,0,0,0,103000,0,0,0,113000,10000,103000,103000
051277,聯發科中信9A購01,0,0,0,0,0,0,0,0,0,103000,0,0,0,103000,0,103000,103000
00641R,富邦日本反1     ,0,34000,-34000,0,0,0,0,0,0,137000,0,0,0,380000,243000,137000,103000
061567,華通元大9A購11  ,0,0,0,0,0,0,0,0,0,103000,0,0,0,157000,54000,103000,103000
062622,南電元大9B購03  ,0,0,0,0,0,0,0,0,0,103000,0,0,0,167000,64000,103000,103000
064489,宏碁元大9C購01  ,0,0,0,0,0,0,0,0,0,103000,0,0,0,144000,41000,103000,103000
064571,帆宣群益9C購01  ,0,0,0,0,0,0,0,0,0,103000,0,0,0,103000,0,103000,103000
064742,奇鋐國票01購02  ,0,0,0,0,0,0,0,0,0,103000,0,0,0,103000,0,103000,103000
06865P,亞德客元大98售04,0,0,0,0,0,0,0,0,0,102000,0,0,0,110000,8000,102000,102000
065228,南亞科凱基01購03,0,0,0,0,0,0,0,0,0,102000,0,0,0,152000,50000,102000,102000
08187P,大毅群益9B售04  ,0,0,0,0,0,0,0,0,0,102000,0,0,0,102000,0,102000,102000
055578,群創統一98購03  ,0,0,0,0,0,0,0,0,0,102000,0,0,0,102000,0,102000,102000
055305,旺宏群益99購01  ,0,0,0,0,0,0,0,0,0,102000,0,0,0,102000,0,102000,102000
056960,光罩永豐98購01  ,0,0,0,0,0,0,0,0,0,102000,0,0,0,102000,0,102000,102000
058736,鈺齊永豐99購02  ,0,0,0,0,0,0,0,0,0,102000,0,0,0,182000,80000,102000,102000
060020,康控康和99購01  ,0,0,0,0,0,0,0,0,0,102000,0,0,0,175000,73000,102000,102000
060286,佳世達元大9C購01,0,0,0,0,0,0,0,0,0,102000,0,0,0,102000,0,102000,102000
061903,宏全永豐9B購01  ,0,0,0,0,0,0,0,0,0,102000,0,0,0,414000,312000,102000,102000
064133,力成元大9C購01  ,0,0,0,0,0,0,0,0,0,102000,0,0,0,204000,102000,102000,102000
2059,川湖            ,85000,19000,66000,0,0,0,58000,22000,36000,0,0,0,0,0,0,0,102000
07060P,台表科國票9A售01,0,0,0,0,0,0,0,0,0,101000,0,0,0,121000,20000,101000,101000
065338,旺宏統一01購07  ,0,0,0,0,0,0,0,0,0,101000,0,0,0,101000,0,101000,101000
053651,台光電凱基98購01,0,0,0,0,0,0,0,0,0,101000,0,0,0,102000,1000,101000,101000
056432,鴻海凱基98購08  ,0,0,0,0,0,0,0,0,0,101000,0,0,0,135000,34000,101000,101000
061155,華新科群益9A購06,0,0,0,0,0,0,0,0,0,101000,0,0,0,107000,6000,101000,101000
060884,超眾中信9B購01  ,0,0,0,0,0,0,0,0,0,101000,0,0,0,141000,40000,101000,101000
059786,全新元大99購06  ,0,0,0,0,0,0,0,0,0,101000,0,0,0,114000,13000,101000,101000
059695,聯鈞永豐99購02  ,0,0,0,0,0,0,0,0,0,101000,0,0,0,154000,53000,101000,101000
058505,台積電元大99購08,0,0,0,0,0,0,0,0,0,101000,0,0,0,101000,0,101000,101000
060232,友訊元大9C購01  ,0,0,0,0,0,0,0,0,0,101000,0,0,0,119000,18000,101000,101000
064131,群創元大01購02  ,0,0,0,0,0,0,0,0,0,101000,0,0,0,113000,12000,101000,101000
2538,基泰            ,156000,55000,101000,0,0,0,0,0,0,0,0,0,0,0,0,0,101000
064992,玉晶光兆豐01購01,0,0,0,0,0,0,0,0,0,100000,0,0,0,113000,13000,100000,100000
06683P,訊芯元大98售07  ,0,0,0,0,0,0,0,0,0,100000,0,0,0,100000,0,100000,100000
07316P,長榮航康和99售01,0,0,0,0,0,0,0,0,0,100000,0,0,0,100000,0,100000,100000
07472P,和碩元大9A售03  ,0,0,0,0,0,0,0,0,0,100000,0,0,0,100000,0,100000,100000
07578P,高鐵元大9A售02  ,0,0,0,0,0,0,0,0,0,100000,0,0,0,100000,0,100000,100000
07580P,緯穎元大9A售03  ,0,0,0,0,0,0,0,0,0,100000,0,0,0,100000,0,100000,100000
08046P,臺股指國票9B售11,0,0,0,0,0,0,0,0,0,100000,0,0,0,100000,0,100000,100000
07667P,亞德客元大9A售05,0,0,0,0,0,0,0,0,0,100000,0,0,0,215000,115000,100000,100000
08407P,臺股指元大9C售13,0,0,0,0,0,0,0,0,0,100000,0,0,0,100000,0,100000,100000
060943,宏達電國票9B購02,0,0,0,0,0,0,0,0,0,100000,0,0,0,100000,0,100000,100000
057762,全新凱基99購03  ,0,0,0,0,0,0,0,0,0,100000,0,0,0,100000,0,100000,100000
058062,上銀中信98購01  ,0,0,0,0,0,0,0,0,0,100000,0,0,0,230000,130000,100000,100000
058048,群創元大9B購07  ,0,0,0,0,0,0,0,0,0,100000,0,0,0,102000,2000,100000,100000
057531,禾伸堂元大99購04,0,0,0,0,0,0,0,0,0,100000,0,0,0,106000,6000,100000,100000
056657,華邦電元大99購01,0,0,0,0,0,0,0,0,0,100000,0,0,0,100000,0,100000,100000
056765,友達元大9B購05  ,0,0,0,0,0,0,0,0,0,100000,0,0,0,100000,0,100000,100000
056180,南茂元富97購01  ,0,0,0,0,0,0,0,0,0,100000,0,0,0,100000,0,100000,100000
057161,亞德客元大98購02,0,0,0,0,0,0,0,0,0,100000,0,0,0,160000,60000,100000,100000
055710,亞德客元大97購03,0,0,0,0,0,0,0,0,0,100000,0,0,0,100000,0,100000,100000
055603,超眾元大97購04  ,0,0,0,0,0,0,0,0,0,100000,0,0,0,100000,0,100000,100000
056936,禾伸堂元富98購01,0,0,0,0,0,0,0,0,0,100000,0,0,0,100000,0,100000,100000
056907,群創元大9C購04  ,0,0,0,0,0,0,0,0,0,100000,0,0,0,102000,2000,100000,100000
055183,聯鈞統一97購01  ,0,0,0,0,0,0,0,0,0,100000,0,0,0,100000,0,100000,100000
055096,緯穎群益97購01  ,0,0,0,0,0,0,0,0,0,100000,0,0,0,100000,0,100000,100000
054959,禾伸堂元大98購01,0,0,0,0,0,0,0,0,0,100000,0,0,0,183000,83000,100000,100000
054383,傳奇群益97購01  ,0,0,0,0,0,0,0,0,0,100000,0,0,0,100000,0,100000,100000
061321,華新科凱基9A購09,0,0,0,0,0,0,0,0,0,100000,0,0,0,100000,0,100000,100000
058599,T50反1元大99購05,0,0,0,0,0,0,0,0,0,100000,0,0,0,110000,10000,100000,100000
058984,全新凱基9A購03  ,0,0,0,0,0,0,0,0,0,100000,0,0,0,100000,0,100000,100000
059018,滬深2X統一9A購01,0,0,0,0,0,0,0,0,0,100000,0,0,0,100000,0,100000,100000
058825,同欣電富邦9A購01,0,0,0,0,0,0,0,0,0,100000,0,0,0,100000,0,100000,100000
061817,高鐵群益9B購01  ,0,0,0,0,0,0,0,0,0,100000,0,0,0,107000,7000,100000,100000
061868,旺宏元大9B購03  ,0,0,0,0,0,0,0,0,0,100000,0,0,0,100000,0,100000,100000
061978,旺宏元大9C購01  ,0,0,0,0,0,0,0,0,0,100000,0,0,0,150000,50000,100000,100000
062116,元金2X第一9B購01,0,0,0,0,0,0,0,0,0,100000,0,0,0,100000,0,100000,100000
062074,旺宏元大9B購04  ,0,0,0,0,0,0,0,0,0,100000,0,0,0,100000,0,100000,100000
063699,國巨群益9B購07  ,0,0,0,0,0,0,0,0,0,100000,0,0,0,100000,0,100000,100000
063879,台積電元富9C購01,0,0,0,0,0,0,0,0,0,100000,0,0,0,100000,0,100000,100000
062928,富邦金台新9B購02,0,0,0,0,0,0,0,0,0,100000,0,0,0,100000,0,100000,100000
062260,華新科元大9B購09,0,0,0,0,0,0,0,0,0,100000,0,0,0,100000,0,100000,100000
063110,牧德兆豐9B購01  ,0,0,0,0,0,0,0,0,0,100000,0,0,0,120000,20000,100000,100000
063472,茂林元大9B購04  ,0,0,0,0,0,0,0,0,0,100000,0,0,0,100000,0,100000,100000
1734,杏輝            ,1024000,925000,99000,0,0,0,0,0,0,0,0,0,0,0,0,0,99000
06705P,臻鼎元富98售03  ,0,0,0,0,0,0,0,0,0,99000,0,0,0,109000,10000,99000,99000
06836P,玉晶光國票99售06,0,0,0,0,0,0,0,0,0,99000,0,0,0,774000,675000,99000,99000
055998,臺股指富邦99購01,0,0,0,0,0,0,0,0,0,99000,0,0,0,99000,0,99000,99000
053396,漢唐中信9A購01  ,0,0,0,0,0,0,0,0,0,99000,0,0,0,170000,71000,99000,99000
057754,臺股指國票98購10,0,0,0,0,0,0,0,0,0,99000,0,0,0,99000,0,99000,99000
061132,志超永豐9A購01  ,0,0,0,0,0,0,0,0,0,99000,0,0,0,124000,25000,99000,99000
060819,國巨統一9C購04  ,0,0,0,0,0,0,0,0,0,99000,0,0,0,99000,0,99000,99000
059618,台積電日盛99購01,0,0,0,0,0,0,0,0,0,99000,0,0,0,230000,131000,99000,99000
060106,旭富元大99購02  ,0,0,0,0,0,0,0,0,0,99000,0,0,0,135000,36000,99000,99000
059121,瑞儀永豐99購01  ,0,0,0,0,0,0,0,0,0,99000,0,0,0,103000,4000,99000,99000
058771,神達兆豐99購01  ,0,0,0,0,0,0,0,0,0,99000,0,0,0,219000,120000,99000,99000
061263,微星凱基9A購01  ,0,0,0,0,0,0,0,0,0,99000,0,0,0,188000,89000,99000,99000
063698,上銀群益9B購05  ,0,0,0,0,0,0,0,0,0,99000,0,0,0,99000,0,99000,99000
064033,茂林元大9C購02  ,0,0,0,0,0,0,0,0,0,99000,0,0,0,107000,8000,99000,99000
064221,華通國票01購01  ,0,0,0,0,0,0,0,0,0,99000,0,0,0,927000,828000,99000,99000
064727,群創統一02購03  ,0,0,0,0,0,0,0,0,0,99000,0,0,0,99000,0,99000,99000
08364P,聯發科凱基02售02,0,0,0,0,0,0,0,0,0,98000,0,0,0,98000,0,98000,98000
057751,神達國票99購02  ,0,0,0,0,0,0,0,0,0,98000,0,0,0,125000,27000,98000,98000
057690,美律凱基99購03  ,0,0,0,0,0,0,0,0,0,98000,0,0,0,98000,0,98000,98000
053316,友達群益9A購01  ,0,0,0,0,0,0,0,0,0,98000,0,0,0,98000,0,98000,98000
057770,亞德客群益98購01,0,0,0,0,0,0,0,0,0,98000,0,0,0,98000,0,98000,98000
060230,台積電元大9A購07,0,0,0,0,0,0,0,0,0,98000,0,0,0,98000,0,98000,98000
058558,鴻海日盛9A購02  ,0,0,0,0,0,0,0,0,0,98000,0,0,0,164000,66000,98000,98000
058177,華新科凱基99購02,0,0,0,0,0,0,0,0,0,98000,0,0,0,98000,0,98000,98000
060064,華新科兆豐99購07,0,0,0,0,0,0,0,0,0,98000,0,0,0,98000,0,98000,98000
058082,美律群益98購05  ,0,0,0,0,0,0,0,0,0,98000,0,0,0,98000,0,98000,98000
061995,超眾元大01購01  ,0,0,0,0,0,0,0,0,0,98000,0,0,0,110000,12000,98000,98000
064695,京鼎群益02購02  ,0,0,0,0,0,0,0,0,0,98000,0,0,0,128000,30000,98000,98000
064862,創意富邦03購01  ,0,0,0,0,0,0,0,0,0,98000,0,0,0,98000,0,98000,98000
062754,台勝科麥證9B購01,0,0,0,98000,0,98000,0,0,0,98000,0,0,0,98000,0,98000,98000
5269,祥碩            ,377185,282000,95185,0,0,0,0,0,0,2000,11000,9000,2000,8000,8000,0,97185
07855P,旺宏凱基9A售09  ,0,0,0,0,0,0,0,0,0,97000,0,0,0,102000,5000,97000,97000
055689,台郡凱基99購01  ,0,0,0,0,0,0,0,0,0,97000,0,0,0,222000,125000,97000,97000
057507,貿聯國票98購02  ,0,0,0,0,0,0,0,0,0,97000,0,0,0,97000,0,97000,97000
058934,台灣50中信03購03,0,0,0,0,0,0,0,0,0,97000,0,0,0,97000,0,97000,97000
060214,茂林康和9A購01  ,0,0,0,0,0,0,0,0,0,97000,0,0,0,97000,0,97000,97000
061304,創意永豐9A購02  ,0,0,0,0,0,0,0,0,0,97000,0,0,0,207000,110000,97000,97000
064503,日電貿元大9C購01,0,0,0,0,0,0,0,0,0,97000,0,0,0,100000,3000,97000,97000
064032,群創元大9C購06  ,0,0,0,0,0,0,0,0,0,97000,0,0,0,155000,58000,97000,97000
065184,和大統一02購04  ,0,0,0,0,0,0,0,0,0,96000,0,0,0,198000,102000,96000,96000
052456,滬深2X元富9B購03,0,0,0,0,0,0,0,0,0,96000,0,0,0,96000,0,96000,96000
056922,全新兆豐99購01  ,0,0,0,0,0,0,0,0,0,96000,0,0,0,97000,1000,96000,96000
058659,力成中信99購01  ,0,0,0,0,0,0,0,0,0,96000,0,0,0,96000,0,96000,96000
061753,南亞科台新9B購01,0,0,0,0,0,0,0,0,0,96000,0,0,0,106000,10000,96000,96000
063751,祥碩國票9C購02  ,0,0,0,0,0,0,0,0,0,96000,0,0,0,98000,2000,96000,96000
063871,瀚宇博永豐9C購01,0,0,0,0,0,0,0,0,0,96000,0,0,0,241000,145000,96000,96000
064786,GIS群益9C購04   ,0,0,0,0,0,0,0,0,0,96000,0,0,0,96000,0,96000,96000
064612,聯電元大01購01  ,0,0,0,0,0,0,0,0,0,96000,0,0,0,106000,10000,96000,96000
062801,宏達電統一01購01,0,0,0,0,0,0,0,0,0,96000,0,0,0,300000,204000,96000,96000
062580,華通統一9C購03  ,0,0,0,0,0,0,0,0,0,96000,0,0,0,141000,45000,96000,96000
063426,茂林凱基9B購03  ,0,0,0,0,0,0,0,0,0,96000,0,0,0,126000,30000,96000,96000
063232,裕隆元大9B購01  ,0,0,0,0,0,0,0,0,0,96000,0,0,0,96000,0,96000,96000
065108,建準國票01購01  ,0,0,0,0,0,0,0,0,0,95000,0,0,0,135000,40000,95000,95000
057887,智原群益98購04  ,0,0,0,0,0,0,0,0,0,95000,0,0,0,95000,0,95000,95000
054961,玉晶光元大99購01,0,0,0,0,0,0,0,0,0,95000,0,0,0,108000,13000,95000,95000
057397,茂林中信9A購01  ,0,0,0,0,0,0,0,0,0,95000,0,0,0,95000,0,95000,95000
056417,欣興中信98購01  ,0,0,0,0,0,0,0,0,0,95000,0,0,0,528000,433000,95000,95000
061296,台積電國泰9C購01,0,0,0,0,0,0,0,0,0,95000,0,0,0,148000,53000,95000,95000
061923,友達凱基9B購04  ,0,0,0,0,0,0,0,0,0,95000,0,0,0,95000,0,95000,95000
063395,金像電群益9B購02,0,0,0,0,0,0,0,0,0,95000,0,0,0,105000,10000,95000,95000
064689,台積電群益9C購09,0,0,0,0,0,0,0,0,0,95000,0,0,0,105000,10000,95000,95000
064581,葡萄王永豐9C購01,0,0,0,0,0,0,0,0,0,95000,0,0,0,130000,35000,95000,95000
064369,彩晶統一01購01  ,0,0,0,0,0,0,0,0,0,95000,0,0,0,198000,103000,95000,95000
065570,台光電群益01購01,0,0,0,0,0,0,0,0,0,94000,0,0,0,213000,119000,94000,94000
060037,鴻海國票99購10  ,0,0,0,0,0,0,0,0,0,94000,0,0,0,105000,11000,94000,94000
058174,台積電凱基9A購05,0,0,0,0,0,0,0,0,0,94000,0,0,0,181000,87000,94000,94000
058520,智易元大99購03  ,0,0,0,0,0,0,0,0,0,94000,0,0,0,221000,127000,94000,94000
064382,台積電國泰01購01,0,0,0,0,0,0,0,0,0,94000,0,0,0,151000,57000,94000,94000
063741,GIS元大9B購04   ,0,0,0,0,0,0,0,0,0,94000,0,0,0,245000,151000,94000,94000
064251,緯創元富9C購01  ,0,0,0,0,0,0,0,0,0,94000,0,0,0,119000,25000,94000,94000
063549,國巨國票9C購05  ,0,0,0,0,0,0,0,0,0,94000,0,0,0,102000,8000,94000,94000
062919,聯茂元大9B購01  ,0,0,0,0,0,0,0,0,0,94000,0,0,0,167000,73000,94000,94000
062760,漢唐凱基9B購01  ,0,0,0,0,0,0,0,0,0,94000,0,0,0,94000,0,94000,94000
4720,德淵            ,179000,85000,94000,0,0,0,0,0,0,0,0,0,0,0,0,0,94000
2906,高林            ,379000,285000,94000,0,0,0,0,0,0,0,0,0,0,0,0,0,94000
065215,義隆國泰02購02  ,0,0,0,0,0,0,0,0,0,93000,0,0,0,431000,338000,93000,93000
058521,日月光元大99購01,0,0,0,0,0,0,0,0,0,93000,0,0,0,113000,20000,93000,93000
059188,京元電富邦9B購01,0,0,0,0,0,0,0,0,0,93000,0,0,0,336000,243000,93000,93000
061295,台積電國泰9B購02,0,0,0,0,0,0,0,0,0,93000,0,0,0,123000,30000,93000,93000
058841,深中小群益01購01,0,0,0,0,0,0,0,0,0,93000,0,0,0,663000,570000,93000,93000
060336,南電康和9A購01  ,0,0,0,0,0,0,0,0,0,93000,0,0,0,121000,28000,93000,93000
061795,智邦永豐9B購01  ,0,0,0,0,0,0,0,0,0,93000,0,0,0,113000,20000,93000,93000
062718,技嘉凱基9B購01  ,0,0,0,0,0,0,0,0,0,93000,0,0,0,137000,44000,93000,93000
064388,緯穎富邦9C購01  ,0,0,0,0,0,0,0,0,0,93000,0,0,0,308000,215000,93000,93000
064618,南亞科元大9C購04,0,0,0,0,0,0,0,0,0,93000,0,0,0,100000,7000,93000,93000
065149,遠東新群益9C購01,0,0,0,0,0,0,0,0,0,92000,0,0,0,136000,44000,92000,92000
065713,緯穎群益9C購04  ,0,0,0,0,0,0,0,0,0,92000,0,0,0,130000,38000,92000,92000
065875,創意群益9C購05  ,0,0,0,0,0,0,0,0,0,92000,0,0,0,92000,0,92000,92000
08132P,南六元大9B售05  ,0,0,0,0,0,0,0,0,0,92000,0,0,0,206000,114000,92000,92000
057637,上銀元大98購07  ,0,0,0,0,0,0,0,0,0,92000,0,0,0,93000,1000,92000,92000
061023,茂林國泰9B購02  ,0,0,0,0,0,0,0,0,0,92000,0,0,0,92000,0,92000,92000
056818,正崴永豐98購01  ,0,0,0,0,0,0,0,0,0,92000,0,0,0,92000,0,92000,92000
061877,貿聯元大9B購01  ,0,0,0,0,0,0,0,0,0,92000,0,0,0,245000,153000,92000,92000
062226,臻鼎統一9B購01  ,0,0,0,0,0,0,0,0,0,92000,0,0,0,345000,253000,92000,92000
064619,南亞科元大9C購05,0,0,0,0,0,0,0,0,0,92000,0,0,0,92000,0,92000,92000
062539,可成國泰01購01  ,0,0,0,0,0,0,0,0,0,92000,0,0,0,406000,314000,92000,92000
063113,聯茂兆豐9B購01  ,0,0,0,0,0,0,0,0,0,92000,0,0,0,112000,20000,92000,92000
3622,洋華            ,120000,28000,92000,0,0,0,0,0,0,0,0,0,0,0,0,0,92000
1903,士紙            ,125000,63000,62000,0,0,0,0,0,0,30000,30000,0,30000,0,0,0,92000
1709,和益            ,163000,72000,91000,0,0,0,0,0,0,0,0,0,0,0,0,0,91000
065696,旺宏群益9C購06  ,0,0,0,0,0,0,0,0,0,91000,0,0,0,91000,0,91000,91000
057903,聯鈞永豐99購01  ,0,0,0,0,0,0,0,0,0,91000,0,0,0,161000,70000,91000,91000
053584,友達元大9B購02  ,0,0,0,0,0,0,0,0,0,91000,0,0,0,116000,25000,91000,91000
057466,泰鼎永豐98購01  ,0,0,0,0,0,0,0,0,0,91000,0,0,0,138000,47000,91000,91000
057568,友訊永豐99購01  ,0,0,0,0,0,0,0,0,0,91000,0,0,0,174000,83000,91000,91000
056743,貿聯凱基98購04  ,0,0,0,0,0,0,0,0,0,91000,0,0,0,125000,34000,91000,91000
057109,信邦群益98購01  ,0,0,0,0,0,0,0,0,0,91000,0,0,0,271000,180000,91000,91000
061866,力山元大9C購01  ,0,0,0,0,0,0,0,0,0,91000,0,0,0,101000,10000,91000,91000
060596,元黃金凱基9A購02,0,0,0,0,0,0,0,0,0,91000,0,0,0,91000,0,91000,91000
060714,晶技永豐9A購02  ,0,0,0,0,0,0,0,0,0,91000,0,0,0,103000,12000,91000,91000
064806,微星元大01購01  ,0,0,0,0,0,0,0,0,0,91000,0,0,0,256000,165000,91000,91000
064045,南亞科統一9C購04,0,0,0,0,0,0,0,0,0,91000,0,0,0,163000,72000,91000,91000
063913,貿聯凱基02購01  ,0,0,0,0,0,0,0,0,0,91000,0,0,0,154000,63000,91000,91000
065725,技嘉凱基9C購03  ,0,0,0,0,0,0,0,0,0,90000,0,0,0,140000,50000,90000,90000
1708,東鹼            ,132000,51000,81000,0,0,0,0,0,0,9000,9000,0,9000,0,0,0,90000
057990,美律統一99購02  ,0,0,0,0,0,0,0,0,0,90000,0,0,0,90000,0,90000,90000
056233,超眾凱基97購02  ,0,0,0,0,0,0,0,0,0,90000,0,0,0,100000,10000,90000,90000
05634P,玉晶光台新97售01,0,0,0,0,0,0,0,0,0,90000,0,0,0,90000,0,90000,90000
060987,華新科元大9A購11,0,0,0,0,0,0,0,0,0,90000,0,0,0,100000,10000,90000,90000
052152,創意富邦98購01  ,0,0,0,0,0,0,0,0,0,90000,0,0,0,110000,20000,90000,90000
048270,T50反1富邦99購01,0,0,0,0,0,0,0,0,0,90000,0,0,0,100000,10000,90000,90000
053276,友達元大9C購01  ,0,0,0,0,0,0,0,0,0,90000,0,0,0,210000,120000,90000,90000
055323,貿聯國票98購01  ,0,0,0,0,0,0,0,0,0,90000,0,0,0,113000,23000,90000,90000
062228,南六統一02購01  ,0,0,0,0,0,0,0,0,0,90000,0,0,0,200000,110000,90000,90000
062243,臺指反元大02購04,0,0,0,0,0,0,0,0,0,90000,0,0,0,90000,0,90000,90000
062148,奇鋐國票9B購01  ,0,0,0,0,0,0,0,0,0,90000,0,0,0,90000,0,90000,90000
059814,SP黃豆凱基9A購02,0,0,0,0,0,0,0,0,0,90000,0,0,0,110000,20000,90000,90000
060299,友訊國泰9B購01  ,0,0,0,0,0,0,0,0,0,90000,0,0,0,90000,0,90000,90000
058139,臻鼎元大99購01  ,0,0,0,0,0,0,0,0,0,90000,0,0,0,100000,10000,90000,90000
063965,漢唐國票01購01  ,0,0,0,0,0,0,0,0,0,90000,0,0,0,90000,0,90000,90000
063971,健鼎國票01購01  ,0,0,0,0,0,0,0,0,0,90000,0,0,0,98000,8000,90000,90000
064492,技嘉元大9C購01  ,0,0,0,0,0,0,0,0,0,90000,0,0,0,307000,217000,90000,90000
062783,大立光元大9C購03,0,0,0,0,0,0,0,0,0,90000,0,0,0,121000,31000,90000,90000
065742,宏達電麥證9C購01,0,0,0,89000,8000,81000,0,0,0,89000,0,0,0,97000,8000,89000,89000
058355,旺宏凱基99購04  ,0,0,0,0,0,0,0,0,0,89000,0,0,0,89000,0,89000,89000
064708,帆宣永豐9C購01  ,0,0,0,0,0,0,0,0,0,89000,0,0,0,89000,0,89000,89000
063738,奇鋐元大9B購03  ,0,0,0,0,0,0,0,0,0,89000,0,0,0,95000,6000,89000,89000
6533,晶心科          ,635000,546000,89000,0,0,0,0,0,0,0,0,0,0,0,0,0,89000
065517,緯創群益9C購02  ,0,0,0,0,0,0,0,0,0,88000,0,0,0,88000,0,88000,88000
08377P,臻鼎元富9C售02  ,0,0,0,0,0,0,0,0,0,88000,0,0,0,126000,38000,88000,88000
07929P,旺宏統一9B售07  ,0,0,0,0,0,0,0,0,0,88000,0,0,0,88000,0,88000,88000
057791,可成統一99購01  ,0,0,0,0,0,0,0,0,0,88000,0,0,0,505000,417000,88000,88000
054160,華泰凱基98購01  ,0,0,0,0,0,0,0,0,0,88000,0,0,0,108000,20000,88000,88000
055716,致茂元大97購01  ,0,0,0,0,0,0,0,0,0,88000,0,0,0,100000,12000,88000,88000
061713,華邦電凱基9A購01,0,0,0,0,0,0,0,0,0,88000,0,0,0,124000,36000,88000,88000
059889,華新科國票99購04,0,0,0,0,0,0,0,0,0,88000,0,0,0,96000,8000,88000,88000
061886,力山國泰01購01  ,0,0,0,0,0,0,0,0,0,88000,0,0,0,184000,96000,88000,88000
064098,正崴群益9C購01  ,0,0,0,0,0,0,0,0,0,88000,0,0,0,88000,0,88000,88000
062263,康控元大9B購03  ,0,0,0,0,0,0,0,0,0,88000,0,0,0,96000,8000,88000,88000
065581,寶成群益9C購01  ,0,0,0,0,0,0,0,0,0,87000,0,0,0,87000,0,87000,87000
057549,台光電凱基98購05,0,0,0,0,0,0,0,0,0,87000,0,0,0,109000,22000,87000,87000
056788,日月光群益98購01,0,0,0,0,0,0,0,0,0,87000,0,0,0,98000,11000,87000,87000
059163,台積電凱基99購10,0,0,0,0,0,0,0,0,0,87000,0,0,0,92000,5000,87000,87000
058795,可成元大99購03  ,0,0,0,0,0,0,0,0,0,87000,0,0,0,95000,8000,87000,87000
062703,可成元大9C購02  ,0,0,0,0,0,0,0,0,0,87000,0,0,0,151000,64000,87000,87000
063012,技嘉元大9B購01  ,0,0,0,0,0,0,0,0,0,87000,0,0,0,127000,40000,87000,87000
2457,飛宏            ,334000,247000,87000,0,0,0,0,0,0,0,0,0,0,0,0,0,87000
065346,台光電統一02購01,0,0,0,0,0,0,0,0,0,86000,0,0,0,106000,20000,86000,86000
056518,美律國票99購01  ,0,0,0,0,0,0,0,0,0,86000,0,0,0,86000,0,86000,86000
061204,國巨元大9A購16  ,0,0,0,0,0,0,0,0,0,86000,0,0,0,99000,13000,86000,86000
055742,健策元富97購02  ,0,0,0,0,0,0,0,0,0,86000,0,0,0,86000,0,86000,86000
059123,訊芯永豐99購03  ,0,0,0,0,0,0,0,0,0,86000,0,0,0,90000,4000,86000,86000
058149,百和元大99購02  ,0,0,0,0,0,0,0,0,0,86000,0,0,0,86000,0,86000,86000
061491,嘉聯益兆豐9B購01,0,0,0,0,0,0,0,0,0,86000,0,0,0,117000,31000,86000,86000
061275,臺股指凱基9A購25,0,0,0,0,0,0,0,0,0,86000,0,0,0,146000,60000,86000,86000
059259,FBVIX中信03購06 ,0,0,0,0,0,0,0,0,0,86000,0,0,0,123000,37000,86000,86000
063238,漢唐元大9B購02  ,0,0,0,0,0,0,0,0,0,86000,0,0,0,91000,5000,86000,86000
063476,台表科元大9C購03,0,0,0,0,0,0,0,0,0,86000,0,0,0,242000,156000,86000,86000
064574,達方群益01購01  ,0,0,0,0,0,0,0,0,0,86000,0,0,0,176000,90000,86000,86000
065689,群創元富9C購04  ,0,0,0,0,0,0,0,0,0,85000,0,0,0,85000,0,85000,85000
08229P,祥碩國票9B售04  ,0,0,0,0,0,0,0,0,0,85000,0,0,0,130000,45000,85000,85000
08314P,國巨元大9C售14  ,0,0,0,0,0,0,0,0,0,85000,0,0,0,85000,0,85000,85000
08587P,聯發科中信01售05,0,0,0,0,0,0,0,0,0,85000,0,0,0,85000,0,85000,85000
054739,義隆凱基98購02  ,0,0,0,0,0,0,0,0,0,85000,0,0,0,235000,150000,85000,85000
057506,聯鈞國票99購02  ,0,0,0,0,0,0,0,0,0,85000,0,0,0,201000,116000,85000,85000
057096,緯穎元富98購01  ,0,0,0,0,0,0,0,0,0,85000,0,0,0,115000,30000,85000,85000
059914,台積電元大99購47,0,0,0,0,0,0,0,0,0,85000,0,0,0,225000,140000,85000,85000
060850,康友國票9A購03  ,0,0,0,0,0,0,0,0,0,85000,0,0,0,119000,34000,85000,85000
061370,晶技國泰9C購01  ,0,0,0,0,0,0,0,0,0,85000,0,0,0,90000,5000,85000,85000
064780,義隆群益9C購04  ,0,20000,-20000,0,0,0,0,0,0,105000,0,0,0,166000,61000,105000,85000
063043,台灣50兆豐9B購02,0,0,0,0,0,0,0,0,0,85000,0,0,0,85000,0,85000,85000
056178,嘉澤元富97購02  ,0,0,0,0,0,0,0,0,0,84000,0,0,0,140000,56000,84000,84000
055131,茂林康和97購01  ,0,0,0,0,0,0,0,0,0,84000,0,0,0,84000,0,84000,84000
057888,貿聯群益98購02  ,0,0,0,0,0,0,0,0,0,84000,0,0,0,128000,44000,84000,84000
058379,臺股指凱基99購14,0,0,0,0,0,0,0,0,0,84000,0,0,0,87000,3000,84000,84000
059116,晶豪科永豐99購01,0,0,0,0,0,0,0,0,0,84000,0,0,0,152000,68000,84000,84000
060870,旭富群益9A購01  ,0,0,0,0,0,0,0,0,0,84000,0,0,0,89000,5000,84000,84000
063148,建準元富9B購01  ,0,0,0,0,0,0,0,0,0,84000,0,0,0,94000,10000,84000,84000
063546,國巨兆豐9C購03  ,0,0,0,0,0,0,0,0,0,84000,0,0,0,85000,1000,84000,84000
062591,新日興統一9C購01,0,0,0,0,0,0,0,0,0,84000,0,0,0,160000,76000,84000,84000
064417,創意中信9C購01  ,0,0,0,0,0,0,0,0,0,84000,0,0,0,157000,73000,84000,84000
2012,春雨            ,85000,1000,84000,0,0,0,0,0,0,0,0,0,0,0,0,0,84000
6024,群益期          ,97000,13000,84000,0,0,0,0,0,0,0,0,0,0,0,0,0,84000
08482P,亞德客群益9C售02,0,0,0,0,0,0,0,0,0,83000,0,0,0,181000,98000,83000,83000
065520,台勝科群益9C購03,0,0,0,0,0,0,0,0,0,83000,0,0,0,85000,2000,83000,83000
065474,旺宏元大9C購06  ,0,0,0,0,0,0,0,0,0,83000,0,0,0,83000,0,83000,83000
065062,亞光群益9C購01  ,0,0,0,0,0,0,0,0,0,83000,0,0,0,83000,0,83000,83000
057609,友訊元富98購01  ,0,0,0,0,0,0,0,0,0,83000,0,0,0,83000,0,83000,83000
060733,和大統一9C購01  ,0,0,0,0,0,0,0,0,0,83000,0,0,0,95000,12000,83000,83000
061950,日月光群益9B購01,0,0,0,0,0,0,0,0,0,83000,0,0,0,103000,20000,83000,83000
061953,台積電台新9B購04,0,0,0,0,0,0,0,0,0,83000,0,0,0,174000,91000,83000,83000
059242,南亞科凱基99購06,0,0,0,0,0,0,0,0,0,83000,0,0,0,102000,19000,83000,83000
058516,健鼎元大99購02  ,0,0,0,0,0,0,0,0,0,83000,0,0,0,88000,5000,83000,83000
061485,鴻海兆豐9A購01  ,0,0,0,0,0,0,0,0,0,83000,0,0,0,90000,7000,83000,83000
064420,台積電兆豐9C購03,0,0,0,0,0,0,0,0,0,83000,0,0,0,174000,91000,83000,83000
064436,聯發科凱基03購02,0,0,0,0,0,0,0,0,0,83000,0,0,0,87000,4000,83000,83000
064736,超眾元富9C購04  ,0,0,0,0,0,0,0,0,0,83000,0,0,0,97000,14000,83000,83000
062456,台積電群益9B購05,0,0,0,0,0,0,0,0,0,83000,0,0,0,165000,82000,83000,83000
062782,聯發科元大9B購12,0,0,0,0,0,0,0,0,0,83000,0,0,0,94000,11000,83000,83000
063603,友達凱基9B購05  ,0,0,0,0,0,0,0,0,0,83000,0,0,0,93000,10000,83000,83000
063053,聯發科統一01購04,0,0,0,0,0,0,0,0,0,83000,0,0,0,342000,259000,83000,83000
6573,虹揚-KY         ,86000,3000,83000,0,0,0,0,0,0,0,0,0,0,0,0,0,83000
065473,鴻海元大9C購14  ,0,0,0,0,0,0,0,0,0,82000,0,0,0,130000,48000,82000,82000
065790,創意永豐9C購02  ,0,0,0,0,0,0,0,0,0,82000,0,0,0,92000,10000,82000,82000
061052,和大群益9A購01  ,0,0,0,0,0,0,0,0,0,82000,0,0,0,120000,38000,82000,82000
057142,力成兆豐98購01  ,0,0,0,0,0,0,0,0,0,82000,0,0,0,82000,0,82000,82000
056919,英業達兆豐98購01,0,0,0,0,0,0,0,0,0,82000,0,0,0,82000,0,82000,82000
059996,美律元富99購01  ,0,0,0,0,0,0,0,0,0,82000,0,0,0,96000,14000,82000,82000
063975,台積電兆豐9C購01,0,0,0,0,0,0,0,0,0,82000,0,0,0,82000,0,82000,82000
052764,景碩群益98購01  ,0,0,0,0,0,0,0,0,0,81000,0,0,0,81000,0,81000,81000
056515,燿華兆豐99購01  ,0,0,0,0,0,0,0,0,0,81000,0,0,0,81000,0,81000,81000
057508,康控國票99購03  ,0,0,0,0,0,0,0,0,0,81000,0,0,0,141000,60000,81000,81000
061732,智邦中信9B購01  ,0,0,0,0,0,0,0,0,0,81000,0,0,0,150000,69000,81000,81000
059037,宏達電群益99購02,0,0,0,0,0,0,0,0,0,81000,0,0,0,187000,106000,81000,81000
064241,貿聯統一02購02  ,0,0,0,0,0,0,0,0,0,81000,0,0,0,246000,165000,81000,81000
064599,台積電元富9C購03,0,0,0,0,0,0,0,0,0,81000,0,0,0,81000,0,81000,81000
064657,和大元大9C購02  ,0,0,0,0,0,0,0,0,0,81000,0,0,0,81000,0,81000,81000
064376,美律元富9C購01  ,0,0,0,0,0,0,0,0,0,81000,0,0,0,197000,116000,81000,81000
062287,康友群益9B購02  ,0,0,0,0,0,0,0,0,0,81000,0,0,0,411000,330000,81000,81000
1720,生達            ,202000,125000,77000,0,0,0,0,0,0,3000,3000,0,3000,0,0,0,80000
07931P,國巨元大9B售03  ,0,0,0,0,0,0,0,0,0,80000,0,0,0,100000,20000,80000,80000
061136,可成統一9A購01  ,0,0,0,0,0,0,0,0,0,80000,0,0,0,80000,0,80000,80000
057658,玉晶光兆豐99購02,0,0,0,0,0,0,0,0,0,80000,0,0,0,80000,0,80000,80000
057438,禾伸堂國票99購01,0,0,0,0,0,0,0,0,0,80000,0,0,0,80000,0,80000,80000
056655,旺宏元大99購02  ,0,0,0,0,0,0,0,0,0,80000,0,0,0,80000,0,80000,80000
00713,元大台灣高息低波,4000,4000,0,0,0,0,0,0,0,80000,0,0,0,90000,10000,80000,80000
055700,緯穎國泰98購02  ,0,0,0,0,0,0,0,0,0,80000,0,0,0,80000,0,80000,80000
049406,T50反1日盛97購01,0,0,0,0,0,0,0,0,0,80000,0,0,0,80000,0,80000,80000
056892,旺宏元大9A購02  ,0,0,0,0,0,0,0,0,0,80000,0,0,0,80000,0,80000,80000
055450,台積電元富97購01,0,0,0,0,0,0,0,0,0,80000,0,0,0,225000,145000,80000,80000
058463,宏達電兆豐99購02,0,0,0,0,0,0,0,0,0,80000,0,0,0,80000,0,80000,80000
058385,創意中信99購01  ,0,0,0,0,0,0,0,0,0,80000,0,0,0,80000,0,80000,80000
058365,奇力新凱基9A購01,0,0,0,0,0,0,0,0,0,80000,0,0,0,90000,10000,80000,80000
059722,南亞科元大99購02,0,0,0,0,0,0,0,0,0,80000,0,0,0,80000,0,80000,80000
061913,宏碁中信9B購01  ,0,0,0,0,0,0,0,0,0,80000,0,0,0,86000,6000,80000,80000
062333,嘉晶統一9C購01  ,0,0,0,0,0,0,0,0,0,80000,0,0,0,842000,762000,80000,80000
062720,南亞科凱基9B購03,0,0,0,0,0,0,0,0,0,80000,0,0,0,100000,20000,80000,80000
062787,超眾元大9C購02  ,0,0,0,0,0,0,0,0,0,80000,0,0,0,164000,84000,80000,80000
063055,創意統一9B購02  ,0,0,0,0,0,0,0,0,0,80000,0,0,0,96000,16000,80000,80000
063016,微星元大9C購02  ,0,0,0,0,0,0,0,0,0,80000,0,0,0,80000,0,80000,80000
063332,矽格國票9B購01  ,0,0,0,0,0,0,0,0,0,80000,0,0,0,126000,46000,80000,80000
064006,晶技凱基9C購02  ,0,0,0,0,0,0,0,0,0,80000,0,0,0,85000,5000,80000,80000
063724,亞德客元大9B購03,0,0,0,0,0,0,0,0,0,80000,0,0,0,80000,0,80000,80000
07288P,台灣50凱基99售06,0,0,0,0,0,0,0,0,0,79000,0,0,0,80000,1000,79000,79000
065438,緯穎凱基9C購04  ,0,0,0,0,0,0,0,0,0,79000,0,0,0,146000,67000,79000,79000
065158,和碩群益9C購01  ,0,0,0,0,0,0,0,0,0,79000,0,0,0,90000,11000,79000,79000
056209,超眾永豐97購02  ,0,0,0,0,0,0,0,0,0,79000,0,0,0,79000,0,79000,79000
057049,新日興元大98購02,0,0,0,0,0,0,0,0,0,79000,0,0,0,245000,166000,79000,79000
057534,旭富元大98購01  ,0,0,0,0,0,0,0,0,0,79000,0,0,0,93000,14000,79000,79000
057356,彩晶統一98購04  ,0,0,0,0,0,0,0,0,0,79000,0,0,0,79000,0,79000,79000
061873,友達元大9C購07  ,0,0,0,0,0,0,0,0,0,79000,0,0,0,90000,11000,79000,79000
062052,華通統一01購01  ,0,0,0,0,0,0,0,0,0,79000,0,0,0,109000,30000,79000,79000
058376,貿聯凱基9A購01  ,0,0,0,0,0,0,0,0,0,79000,0,0,0,109000,30000,79000,79000
061603,瑞昱凱基9A購02  ,0,0,0,0,0,0,0,0,0,79000,0,0,0,176000,97000,79000,79000
063144,超眾統一9C購02  ,0,0,0,0,0,0,0,0,0,79000,0,0,0,80000,1000,79000,79000
062404,新唐永豐9B購01  ,0,0,0,0,0,0,0,0,0,79000,0,0,0,282000,203000,79000,79000
062606,聯電凱基9C購02  ,0,0,0,0,0,0,0,0,0,79000,0,0,0,168000,89000,79000,79000
065483,聯茂元大9C購06  ,0,0,0,0,0,0,0,0,0,78000,0,0,0,100000,22000,78000,78000
065408,華通永豐9C購02  ,0,0,0,0,0,0,0,0,0,78000,0,0,0,142000,64000,78000,78000
061062,和大凱基9A購02  ,0,0,0,0,0,0,0,0,0,78000,0,0,0,78000,0,78000,78000
057955,技嘉元大98購07  ,0,0,0,0,0,0,0,0,0,78000,0,0,0,78000,0,78000,78000
055956,瑞昱元大97購05  ,0,0,0,0,0,0,0,0,0,78000,0,0,0,98000,20000,78000,78000
058947,SGBR2X群益9B購02,0,0,0,0,0,0,0,0,0,78000,0,0,0,165000,87000,78000,78000
062237,緯創凱基9B購01  ,0,0,0,0,0,0,0,0,0,78000,0,0,0,87000,9000,78000,78000
061994,瑞儀元大9B購01  ,0,0,0,0,0,0,0,0,0,78000,0,0,0,86000,8000,78000,78000
061782,智邦群益9B購01  ,0,0,0,0,0,0,0,0,0,78000,0,0,0,98000,20000,78000,78000
062617,京鼎元大9B購01  ,0,0,0,0,0,0,0,0,0,78000,0,0,0,239000,161000,78000,78000
062666,和碩群益9B購01  ,0,0,0,0,0,0,0,0,0,78000,0,0,0,88000,10000,78000,78000
062903,燿華元大9B購04  ,0,0,0,0,0,0,0,0,0,78000,0,0,0,78000,0,78000,78000
063665,南亞科統一01購02,0,0,0,0,0,0,0,0,0,78000,0,0,0,162000,84000,78000,78000
064530,康控中信9C購01  ,0,0,0,0,0,0,0,0,0,78000,0,0,0,108000,30000,78000,78000
064679,晶技兆豐9C購01  ,0,0,0,0,0,0,0,0,0,78000,0,0,0,151000,73000,78000,78000
2109,華豐            ,146000,68000,78000,0,0,0,0,0,0,0,0,0,0,0,0,0,78000
2355,敬鵬            ,262000,253000,9000,0,0,0,0,0,0,69000,64000,0,64000,5000,0,5000,78000
065318,聯電凱基9C購03  ,0,0,0,0,0,0,0,0,0,77000,0,0,0,82000,5000,77000,77000
065033,和碩兆豐9C購01  ,0,0,0,0,0,0,0,0,0,77000,0,0,0,169000,92000,77000,77000
065755,日電貿元大9C購02,0,0,0,0,0,0,0,0,0,77000,0,0,0,83000,6000,77000,77000
053882,聯發科中信98購02,0,0,0,0,0,0,0,0,0,77000,0,0,0,87000,10000,77000,77000
051268,創意富邦97購01  ,0,0,0,0,0,0,0,0,0,77000,0,0,0,77000,0,77000,77000
056507,創意永豐98購02  ,0,0,0,0,0,0,0,0,0,77000,0,0,0,124000,47000,77000,77000
061767,信邦元大9B購01  ,0,0,0,0,0,0,0,0,0,77000,0,0,0,452000,375000,77000,77000
060245,聯陽元大9C購01  ,0,0,0,0,0,0,0,0,0,77000,0,0,0,104000,27000,77000,77000
063380,台表科永豐9B購03,0,0,0,0,0,0,0,0,0,77000,0,0,0,78000,1000,77000,77000
063459,華通元大9B購08  ,0,0,0,0,0,0,0,0,0,77000,0,0,0,117000,40000,77000,77000
065332,漢唐國票01購02  ,0,0,0,0,0,0,0,0,0,76000,0,0,0,76000,0,76000,76000
1442,名軒            ,92000,16000,76000,0,0,0,0,0,0,0,0,0,0,0,0,0,76000
08425P,世紀鋼元富9C售03,0,0,0,0,0,0,0,0,0,76000,0,0,0,89000,13000,76000,76000
057440,台積電統一98購10,0,0,0,0,0,0,0,0,0,76000,0,0,0,112000,36000,76000,76000
058769,友達兆豐99購01  ,0,0,0,0,0,0,0,0,0,76000,0,0,0,312000,236000,76000,76000
059546,FBVIX群益99購03 ,0,0,0,0,0,0,0,0,0,76000,0,0,0,90000,14000,76000,76000
062663,聯發科群益9B購07,0,0,0,0,0,0,0,0,0,76000,0,0,0,99000,23000,76000,76000
064795,致伸國票01購01  ,0,0,0,0,0,0,0,0,0,76000,0,0,0,76000,0,76000,76000
064595,超眾統一02購01  ,0,0,0,0,0,0,0,0,0,76000,0,0,0,176000,100000,76000,76000
064505,康控元大9C購01  ,0,0,0,0,0,0,0,0,0,76000,0,0,0,101000,25000,76000,76000
064467,南亞科元富9C購02,0,0,0,0,0,0,0,0,0,76000,0,0,0,80000,4000,76000,76000
9105,泰金寶-DR       ,100000,24000,76000,0,0,0,0,0,0,0,0,0,0,0,0,0,76000
08118P,嘉澤元富9B售02  ,0,0,0,0,0,0,0,0,0,75000,0,0,0,119000,44000,75000,75000
052893,聯電群益98購01  ,0,0,0,0,0,0,0,0,0,75000,0,0,0,75000,0,75000,75000
054351,華新科國泰97購03,0,0,0,0,0,0,0,0,0,75000,0,0,0,75000,0,75000,75000
061920,台積電凱基9C購02,0,0,0,0,0,0,0,0,0,75000,0,0,0,80000,5000,75000,75000
064509,台表科元大9C購08,0,0,0,0,0,0,0,0,0,75000,0,0,0,81000,6000,75000,75000
063833,致新國票01購01  ,0,0,0,0,0,0,0,0,0,75000,0,0,0,75000,0,75000,75000
064153,中壽統一9C購01  ,0,0,0,0,0,0,0,0,0,75000,0,0,0,479000,404000,75000,75000
062421,台積電統一9C購09,0,0,0,0,0,0,0,0,0,75000,0,0,0,75000,0,75000,75000
3437,榮創            ,181000,100000,81000,0,0,0,0,0,0,-6000,0,6000,-6000,0,0,0,75000
065304,台勝科元富03購01,0,0,0,0,0,0,0,0,0,74000,0,0,0,90000,16000,74000,74000
065204,神隆國票01購01  ,0,0,0,0,0,0,0,0,0,74000,0,0,0,126000,52000,74000,74000
065427,台積電凱基02購04,0,0,0,0,0,0,0,0,0,74000,0,0,0,124000,50000,74000,74000
056921,京元電兆豐98購01,0,0,0,0,0,0,0,0,0,74000,0,0,0,89000,15000,74000,74000
057772,台積電群益99購01,0,0,0,0,0,0,0,0,0,74000,0,0,0,74000,0,74000,74000
020000,富邦特選蘋果N   ,0,0,0,0,0,0,0,0,0,74000,0,0,0,76000,2000,74000,74000
061074,儒鴻兆豐9B購01  ,0,0,0,0,0,0,0,0,0,74000,0,0,0,74000,0,74000,74000
061991,牧德元大9C購01  ,0,0,0,0,0,0,0,0,0,74000,0,0,0,79000,5000,74000,74000
062540,茂林國泰9C購01  ,0,0,0,0,0,0,0,0,0,74000,0,0,0,110000,36000,74000,74000
063179,群創兆豐9B購01  ,0,0,0,0,0,0,0,0,0,74000,0,0,0,299000,225000,74000,74000
064236,奇力新統一01購04,0,0,0,0,0,0,0,0,0,74000,0,0,0,74000,0,74000,74000
065072,和大元大9C購03  ,0,0,0,0,0,0,0,0,0,73000,0,0,0,100000,27000,73000,73000
060900,超眾凱基9B購01  ,0,0,0,0,0,0,0,0,0,73000,0,0,0,88000,15000,73000,73000
061034,晶豪科永豐9A購01,0,0,0,0,0,0,0,0,0,73000,0,0,0,73000,0,73000,73000
056519,創意國票99購01  ,0,0,0,0,0,0,0,0,0,73000,0,0,0,74000,1000,73000,73000
057197,立積台新98購01  ,0,0,0,0,0,0,0,0,0,73000,0,0,0,73000,0,73000,73000
00770,國泰北美科技    ,1000,0,1000,0,0,0,0,0,0,72000,0,0,0,136000,64000,72000,73000
060867,智伸科永豐9A購01,0,0,0,0,0,0,0,0,0,73000,0,0,0,73000,0,73000,73000
060641,聯鈞永豐9A購01  ,0,0,0,0,0,0,0,0,0,73000,0,0,0,143000,70000,73000,73000
058989,茂林凱基99購02  ,0,0,0,0,0,0,0,0,0,73000,0,0,0,73000,0,73000,73000
058153,景碩統一9B購01  ,0,0,0,0,0,0,0,0,0,73000,0,0,0,73000,0,73000,73000
060172,智原台新9A購01  ,0,0,0,0,0,0,0,0,0,73000,0,0,0,73000,0,73000,73000
064588,玉晶光永豐9C購05,0,0,0,0,0,0,0,0,0,73000,0,0,0,100000,27000,73000,73000
063222,群創群益9B購03  ,0,0,0,0,0,0,0,0,0,73000,0,0,0,77000,4000,73000,73000
063334,復盛國票9B購01  ,0,0,0,0,0,0,0,0,0,73000,0,0,0,94000,21000,73000,73000
065363,國巨元大01購04  ,0,0,0,0,0,0,0,0,0,72000,0,0,0,105000,33000,72000,72000
065543,緯穎元富01購01  ,0,0,0,0,0,0,0,0,0,72000,0,0,0,257000,185000,72000,72000
065880,訊芯群益9C購01  ,0,0,0,0,0,0,0,0,0,72000,0,0,0,72000,0,72000,72000
06597P,國巨富邦9A售05  ,0,0,0,0,0,0,0,0,0,72000,0,0,0,115000,43000,72000,72000
06880P,鈺齊凱基98售03  ,0,0,0,0,0,0,0,0,0,72000,0,0,0,72000,0,72000,72000
06731P,聯茂元大98售05  ,0,0,0,0,0,0,0,0,0,72000,0,0,0,422000,350000,72000,72000
059028,嘉聯益台新99購02,0,0,0,0,0,0,0,0,0,72000,0,0,0,77000,5000,72000,72000
062250,台積電元大9B購02,0,0,0,0,0,0,0,0,0,72000,0,0,0,72000,0,72000,72000
059626,台積電凱基01購01,0,0,0,0,0,0,0,0,0,72000,0,0,0,72000,0,72000,72000
058881,全新永豐99購01  ,0,0,0,0,0,0,0,0,0,72000,0,0,0,102000,30000,72000,72000
065683,嘉聯益統一03購01,0,0,0,0,0,0,0,0,0,71000,0,0,0,71000,0,71000,71000
065675,茂林凱基03購01  ,0,0,0,0,0,0,0,0,0,71000,0,0,0,81000,10000,71000,71000
065833,中租凱基02購01  ,0,0,0,0,0,0,0,0,0,71000,0,0,0,127000,56000,71000,71000
064891,台達電群益9C購01,0,0,0,0,0,0,0,0,0,71000,0,0,0,124000,53000,71000,71000
00757,統一FANG+       ,0,0,0,0,0,0,0,0,0,71000,0,0,0,294000,223000,71000,71000
053582,英業達元大97購01,0,0,0,0,0,0,0,0,0,71000,0,0,0,91000,20000,71000,71000
060906,旺宏元大9A購07  ,0,0,0,0,0,0,0,0,0,71000,0,0,0,72000,1000,71000,71000
060404,台勝科國泰9B購01,0,0,0,0,0,0,0,0,0,71000,0,0,0,223000,152000,71000,71000
062032,崇越群益9B購01  ,0,0,0,0,0,0,0,0,0,71000,0,0,0,72000,1000,71000,71000
060653,全新群益9A購02  ,0,0,0,0,0,0,0,0,0,71000,0,0,0,119000,48000,71000,71000
060169,群電永豐9A購01  ,0,0,0,0,0,0,0,0,0,71000,0,0,0,126000,55000,71000,71000
061587,美律富邦9A購02  ,0,0,0,0,0,0,0,0,0,71000,0,0,0,181000,110000,71000,71000
063155,緯穎元富9B購03  ,0,0,0,0,0,0,0,0,0,71000,0,0,0,71000,0,71000,71000
064261,力山永豐9C購01  ,0,0,0,0,0,0,0,0,0,71000,0,0,0,72000,1000,71000,71000
063943,台光電元大9C購02,0,0,0,0,0,0,0,0,0,71000,0,0,0,102000,31000,71000,71000
063666,京元電統一9C購01,0,0,0,0,0,0,0,0,0,71000,0,0,0,380000,309000,71000,71000
056356,台積電元大99購01,0,0,0,0,0,0,0,0,0,70000,0,0,0,316000,246000,70000,70000
055871,群創台新97購02  ,0,0,0,0,0,0,0,0,0,70000,0,0,0,70000,0,70000,70000
053505,瑞儀兆豐97購01  ,0,0,0,0,0,0,0,0,0,70000,0,0,0,120000,50000,70000,70000
053291,旺宏中信9A購01  ,0,0,0,0,0,0,0,0,0,70000,0,0,0,90000,20000,70000,70000
061489,高鐵兆豐9A購01  ,0,0,0,0,0,0,0,0,0,70000,0,0,0,181000,111000,70000,70000
059091,中信金元大99購01,0,0,0,0,0,0,0,0,0,70000,0,0,0,489000,419000,70000,70000
058297,茂林凱基9A購02  ,0,0,0,0,0,0,0,0,0,70000,0,0,0,70000,0,70000,70000
060583,南亞科元富9A購05,0,0,0,0,0,0,0,0,0,70000,0,0,0,70000,0,70000,70000
060864,可成永豐9A購01  ,0,0,0,0,0,0,0,0,0,70000,0,0,0,71000,1000,70000,70000
062165,聯茂國泰01購01  ,0,0,0,0,0,0,0,0,0,70000,0,0,0,70000,0,70000,70000
061703,信邦國票9A購01  ,0,0,0,0,0,0,0,0,0,70000,0,0,0,234000,164000,70000,70000
059693,智原永豐99購01  ,0,0,0,0,0,0,0,0,0,70000,0,0,0,72000,2000,70000,70000
058910,泰鼎元大99購03  ,0,0,0,0,0,0,0,0,0,70000,0,0,0,72000,2000,70000,70000
060289,京元電元大9A購01,0,7000,-7000,0,0,0,0,0,0,77000,0,0,0,256000,179000,77000,70000
060290,興富發元大9C購01,0,0,0,0,0,0,0,0,0,70000,0,0,0,170000,100000,70000,70000
063697,香港反群益9C購01,0,0,0,0,0,0,0,0,0,70000,0,0,0,80000,10000,70000,70000
064268,緯穎永豐9C購01  ,0,0,0,0,0,0,0,0,0,70000,0,0,0,70000,0,70000,70000
064273,華邦電元大9C購02,0,0,0,0,0,0,0,0,0,70000,0,0,0,118000,48000,70000,70000
064130,創意元大9C購02  ,0,0,0,0,0,0,0,0,0,70000,0,0,0,90000,20000,70000,70000
064457,禾伸堂統一01購02,0,0,0,0,0,0,0,0,0,70000,0,0,0,70000,0,70000,70000
064319,南電群益9C購01  ,0,0,0,0,0,0,0,0,0,70000,0,0,0,135000,65000,70000,70000
062769,臺股指凱基9B購13,0,0,0,0,0,0,0,0,0,70000,0,0,0,100000,30000,70000,70000
06286P,世芯國票97售02  ,0,0,0,0,0,0,0,0,0,70000,0,0,0,70000,0,70000,70000
2387,精元            ,1610000,1387000,223000,0,0,0,0,0,0,-153000,40000,140000,-100000,6000,59000,-53000,70000
9907,統一實          ,784000,713000,71000,0,0,0,0,0,0,-1000,0,1000,-1000,0,0,0,70000
065586,嘉聯益富邦03購01,0,0,0,0,0,0,0,0,0,69000,0,0,0,70000,1000,69000,69000
056508,揚明光永豐98購01,0,0,0,0,0,0,0,0,0,69000,0,0,0,132000,63000,69000,69000
056332,台郡國票99購01  ,0,0,0,0,0,0,0,0,0,69000,0,0,0,95000,26000,69000,69000
057649,嘉聯益元大99購04,0,0,0,0,0,0,0,0,0,69000,0,0,0,92000,23000,69000,69000
057616,聯電凱基99購01  ,0,0,0,0,0,0,0,0,0,69000,0,0,0,231000,162000,69000,69000
060297,和碩元大9A購02  ,0,0,0,0,0,0,0,0,0,69000,0,0,0,134000,65000,69000,69000
059714,A50正2元大9C購01,0,0,0,0,0,0,0,0,0,69000,0,0,0,69000,0,69000,69000
061592,義隆永豐9A購03  ,0,0,0,0,0,0,0,0,0,69000,0,0,0,88000,19000,69000,69000
063214,康控國票9C購01  ,0,0,0,0,0,0,0,0,0,69000,0,0,0,79000,10000,69000,69000
063617,鴻海兆豐01購01  ,0,0,0,0,0,0,0,0,0,69000,0,0,0,74000,5000,69000,69000
064333,義隆元大9C購02  ,0,0,0,0,0,0,0,0,0,69000,0,0,0,284000,215000,69000,69000
064100,義隆群益9C購01  ,0,0,0,0,0,0,0,0,0,69000,0,0,0,74000,5000,69000,69000
2534,宏盛            ,151000,82000,69000,0,0,0,0,0,0,0,0,0,0,2000,2000,0,69000
065698,旺宏群益9C購08  ,0,0,0,0,0,0,0,0,0,68000,0,0,0,68000,0,68000,68000
065368,技嘉元大9C購04  ,0,0,0,0,0,0,0,0,0,68000,0,0,0,217000,149000,68000,68000
08623P,健策群益01售04  ,0,0,0,0,0,0,0,0,0,68000,0,0,0,68000,0,68000,68000
057662,上銀元大9A購01  ,0,0,0,0,0,0,0,0,0,68000,0,0,0,68000,0,68000,68000
057577,廣宇中信9A購01  ,0,0,0,0,0,0,0,0,0,68000,0,0,0,90000,22000,68000,68000
058051,同欣電元大98購03,0,0,0,0,0,0,0,0,0,68000,0,0,0,68000,0,68000,68000
057370,可成元大98購07  ,0,0,0,0,0,0,0,0,0,68000,0,0,0,68000,0,68000,68000
061130,牧德永豐9A購04  ,0,0,0,0,0,0,0,0,0,68000,0,0,0,68000,0,68000,68000
056312,茂林元大98購01  ,0,0,0,0,0,0,0,0,0,68000,0,0,0,68000,0,68000,68000
056361,美律元大99購02  ,0,0,0,0,0,0,0,0,0,68000,0,0,0,68000,0,68000,68000
056581,超眾元大99購01  ,0,0,0,0,0,0,0,0,0,68000,0,0,0,70000,2000,68000,68000
056909,嘉聯益元大99購03,0,0,0,0,0,0,0,0,0,68000,0,0,0,139000,71000,68000,68000
054799,超眾群益98購01  ,0,0,0,0,0,0,0,0,0,68000,0,0,0,68000,0,68000,68000
054378,楠梓電群益98購01,0,0,0,0,0,0,0,0,0,68000,0,0,0,68000,0,68000,68000
061572,奇力新元大9A購04,0,0,0,0,0,0,0,0,0,68000,0,0,0,68000,0,68000,68000
060200,同欣電元富9A購01,0,0,0,0,0,0,0,0,0,68000,0,0,0,70000,2000,68000,68000
058704,台積電元大99購17,0,0,0,0,0,0,0,0,0,68000,0,0,0,68000,0,68000,68000
061272,超眾凱基9A購03  ,0,0,0,0,0,0,0,0,0,68000,0,0,0,68000,0,68000,68000
061305,帆宣永豐9A購01  ,0,0,0,0,0,0,0,0,0,68000,0,0,0,78000,10000,68000,68000
059976,道瓊銀元大99購01,0,0,0,0,0,0,0,0,0,68000,0,0,0,81000,13000,68000,68000
059984,華新科元大99購21,0,0,0,0,0,0,0,0,0,68000,0,0,0,68000,0,68000,68000
061657,智原國票9A購01  ,0,0,0,0,0,0,0,0,0,68000,0,0,0,193000,125000,68000,68000
058883,旭富永豐99購01  ,0,0,0,0,0,0,0,0,0,68000,0,0,0,68000,0,68000,68000
062023,寶成永豐9B購01  ,0,0,0,0,0,0,0,0,0,68000,0,0,0,68000,0,68000,68000
061947,旺宏群益9B購02  ,0,0,0,0,0,0,0,0,0,68000,0,0,0,98000,30000,68000,68000
060759,南亞科元大9A購03,0,0,0,0,0,0,0,0,0,68000,0,0,0,68000,0,68000,68000
064311,新光金群益01購02,0,0,0,0,0,0,0,0,0,68000,0,0,0,166000,98000,68000,68000
064621,大立光元大9C購20,0,0,0,0,0,0,0,0,0,68000,0,0,0,72000,4000,68000,68000
063559,力山元大9B購04  ,0,0,0,0,0,0,0,0,0,68000,0,0,0,108000,40000,68000,68000
063039,大立光凱基9C購02,0,0,0,0,0,0,0,0,0,68000,0,0,0,210000,142000,68000,68000
062469,旺宏凱基9B購05  ,0,0,0,0,0,0,0,0,0,68000,0,0,0,68000,0,68000,68000
6166,凌華            ,106000,31000,75000,0,0,0,0,0,0,-7000,0,0,0,0,7000,-7000,68000
08060P,嘉澤元大9B售01  ,0,0,0,0,0,0,0,0,0,67000,0,0,0,77000,10000,67000,67000
065348,中壽統一9C購02  ,0,0,0,0,0,0,0,0,0,67000,0,0,0,234000,167000,67000,67000
065512,友訊群益01購01  ,0,0,0,0,0,0,0,0,0,67000,0,0,0,116000,49000,67000,67000
054585,禾伸堂國泰99購01,0,0,0,0,0,0,0,0,0,67000,0,0,0,67000,0,67000,67000
056506,晶豪科永豐98購02,0,0,0,0,0,0,0,0,0,67000,0,0,0,112000,45000,67000,67000
057190,立積元大9A購02  ,0,0,0,0,0,0,0,0,0,67000,0,0,0,109000,42000,67000,67000
061106,群創元大9B購09  ,0,0,0,0,0,0,0,0,0,67000,0,0,0,86000,19000,67000,67000
061041,南電永豐9A購03  ,0,0,0,0,0,0,0,0,0,67000,0,0,0,83000,16000,67000,67000
060962,義隆凱基9B購01  ,0,0,0,0,0,0,0,0,0,67000,0,0,0,83000,16000,67000,67000
060664,聯詠凱基9A購01  ,0,0,0,0,0,0,0,0,0,67000,0,0,0,104000,37000,67000,67000
060561,台積電富邦04購01,0,0,0,0,0,0,0,0,0,67000,0,0,0,124000,57000,67000,67000
060785,國巨富邦9B購04  ,0,0,0,0,0,0,0,0,0,67000,0,0,0,71000,4000,67000,67000
061910,台積電中信05購03,0,0,0,0,0,0,0,0,0,67000,0,0,0,108000,41000,67000,67000
061569,旺宏元大9A購14  ,0,0,0,0,0,0,0,0,0,67000,0,0,0,67000,0,67000,67000
061716,瑞儀凱基9B購01  ,0,0,0,0,0,0,0,0,0,67000,0,0,0,224000,157000,67000,67000
059055,旺宏凱基9B購02  ,0,0,0,0,0,0,0,0,0,67000,0,0,0,67000,0,67000,67000
062453,聚陽群益9C購01  ,0,0,0,0,0,0,0,0,0,67000,0,0,0,77000,10000,67000,67000
062560,奇鋐凱基9B購02  ,0,0,0,0,0,0,0,0,0,67000,0,0,0,126000,59000,67000,67000
063385,可成中信9C購01  ,0,0,0,0,0,0,0,0,0,67000,0,0,0,100000,33000,67000,67000
064352,嘉聯益元大9C購01,0,0,0,0,0,0,0,0,0,67000,0,0,0,120000,53000,67000,67000
4961,天鈺            ,402000,330000,72000,0,0,0,0,0,0,-5000,0,5000,-5000,0,0,0,67000
065214,友達國泰01購01  ,0,0,0,0,0,0,0,0,0,66000,0,0,0,286000,220000,66000,66000
065283,台積電群益01購01,0,0,0,0,0,0,0,0,0,66000,0,0,0,66000,0,66000,66000
065142,華邦電凱基01購01,0,0,0,0,0,0,0,0,0,66000,0,0,0,66000,0,66000,66000
065766,南電元大9C購08  ,0,0,0,0,0,0,0,0,0,66000,0,0,0,109000,43000,66000,66000
08636P,華通國票01售03  ,0,0,0,0,0,0,0,0,0,66000,0,0,0,66000,0,66000,66000
057982,帆宣永豐98購01  ,0,0,0,0,0,0,0,0,0,66000,0,0,0,66000,0,66000,66000
058015,旺宏凱基99購02  ,0,0,0,0,0,0,0,0,0,66000,0,0,0,66000,0,66000,66000
058225,旺宏元富99購01  ,0,0,0,0,0,0,0,0,0,66000,0,0,0,66000,0,66000,66000
061297,台積電富邦9C購09,0,0,0,0,0,0,0,0,0,66000,0,0,0,66000,0,66000,66000
062184,奇鋐元大9B購02  ,0,0,0,0,0,0,0,0,0,66000,0,0,0,70000,4000,66000,66000
064316,貿聯群益9C購02  ,0,0,0,0,0,0,0,0,0,66000,0,0,0,66000,0,66000,66000
064613,聯電元大9C購05  ,0,0,0,0,0,0,0,0,0,66000,0,0,0,134000,68000,66000,66000
064158,健鼎統一02購01  ,0,0,0,0,0,0,0,0,0,66000,0,0,0,176000,110000,66000,66000
063932,世芯統一01購01  ,0,0,0,0,0,0,0,0,0,66000,0,0,0,152000,86000,66000,66000
062462,GIS群益9B購01   ,0,0,0,0,0,0,0,0,0,66000,0,0,0,108000,42000,66000,66000
062857,SP黃豆國票9C購01,0,0,0,0,0,0,0,0,0,66000,0,0,0,66000,0,66000,66000
6715,嘉基            ,278000,207000,71000,0,0,0,0,0,0,-5000,140000,145000,-5000,0,0,0,66000
065893,華新科統一02購02,0,0,0,0,0,0,0,0,0,65000,0,0,0,70000,5000,65000,65000
065387,台光電兆豐9C購02,0,0,0,0,0,0,0,0,0,65000,0,0,0,210000,145000,65000,65000
056290,正文永豐98購01  ,0,0,0,0,0,0,0,0,0,65000,0,0,0,92000,27000,65000,65000
057538,緯穎元大98購07  ,0,0,0,0,0,0,0,0,0,65000,0,0,0,105000,40000,65000,65000
057722,臺股指元富98購01,0,0,0,0,0,0,0,0,0,65000,0,0,0,65000,0,65000,65000
054079,鴻海中信98購02  ,0,0,0,0,0,0,0,0,0,65000,0,0,0,160000,95000,65000,65000
057882,華通群益9A購03  ,0,0,0,0,0,0,0,0,0,65000,0,0,0,83000,18000,65000,65000
062188,貿聯元大9B購02  ,0,0,0,0,0,0,0,0,0,65000,0,0,0,85000,20000,65000,65000
059689,南亞科永豐99購02,0,0,0,0,0,0,0,0,0,65000,0,0,0,68000,3000,65000,65000
058356,華邦電凱基99購01,0,0,0,0,0,0,0,0,0,65000,0,0,0,70000,5000,65000,65000
062480,茂林國票9B購01  ,0,0,0,0,0,0,0,0,0,65000,0,0,0,103000,38000,65000,65000
062310,南亞科凱基9B購02,0,0,0,0,0,0,0,0,0,65000,0,0,0,65000,0,65000,65000
063387,台積電兆豐9B購03,0,0,0,0,0,0,0,0,0,65000,0,0,0,83000,18000,65000,65000
063236,旺宏元大9B購07  ,0,0,0,0,0,0,0,0,0,65000,0,0,0,123000,58000,65000,65000
063313,南亞科群益9B購02,0,0,0,0,0,0,0,0,0,65000,0,0,0,65000,0,65000,65000
063276,和大元大9B購01  ,0,0,0,0,0,0,0,0,0,65000,0,0,0,73000,8000,65000,65000
064143,旺宏統一01購05  ,0,0,0,0,0,0,0,0,0,65000,0,0,0,65000,0,65000,65000
064025,友達元大02購01  ,0,0,0,0,0,0,0,0,0,65000,0,0,0,101000,36000,65000,65000
064846,旺宏元富03購01  ,0,0,0,0,0,0,0,0,0,65000,0,0,0,75000,10000,65000,65000
2331,精英            ,39000,28000,11000,0,0,0,0,0,0,54000,55000,1000,54000,0,0,0,65000
1537,廣隆            ,76000,12000,64000,0,0,0,0,0,0,0,0,0,0,0,0,0,64000
055039,神達富邦99購01  ,0,0,0,0,0,0,0,0,0,64000,0,0,0,64000,0,64000,64000
056133,可成元大97購05  ,0,0,0,0,0,0,0,0,0,64000,0,0,0,69000,5000,64000,64000
056534,京元電凱基98購01,0,0,0,0,0,0,0,0,0,64000,0,0,0,117000,53000,64000,64000
061581,貿聯元大9A購05  ,0,0,0,0,0,0,0,0,0,64000,0,0,0,177000,113000,64000,64000
060033,臻鼎永豐99購01  ,0,0,0,0,0,0,0,0,0,64000,0,0,0,101000,37000,64000,64000
061842,牧德凱基9C購01  ,0,0,0,0,0,0,0,0,0,64000,0,0,0,71000,7000,64000,64000
063269,儒鴻兆豐9C購01  ,0,0,0,0,0,0,0,0,0,64000,0,0,0,232000,168000,64000,64000
065587,亞德客永豐9C購02,0,0,0,0,0,0,0,0,0,63000,0,0,0,63000,0,63000,63000
056618,京元電永豐98購01,0,0,0,0,0,0,0,0,0,63000,0,0,0,150000,87000,63000,63000
061144,玉晶光中信9B購02,0,0,0,0,0,0,0,0,0,63000,0,0,0,105000,42000,63000,63000
00690,兆豐藍籌30      ,3000,2000,1000,0,0,0,0,0,0,62000,0,0,0,226000,164000,62000,63000
060679,聯詠元大9A購04  ,0,0,0,0,0,0,0,0,0,63000,0,0,0,79000,16000,63000,63000
061681,南電元大9A購08  ,0,0,0,0,0,0,0,0,0,63000,0,0,0,116000,53000,63000,63000
059047,元油2X凱基9A購10,0,0,0,0,0,0,0,0,0,63000,0,0,0,139000,76000,63000,63000
063184,台光電凱基9B購03,0,0,0,0,0,0,0,0,0,63000,0,0,0,122000,59000,63000,63000
062254,台光電元大9B購02,0,0,0,0,0,0,0,0,0,63000,0,0,0,97000,34000,63000,63000
062724,可成凱基9B購04  ,0,0,0,0,0,0,0,0,0,63000,0,0,0,68000,5000,63000,63000
065739,正崴麥證9C購01  ,0,0,0,63000,1000,62000,0,0,0,62000,0,0,0,63000,1000,62000,62000
065292,緯創群益9C購01  ,0,0,0,0,0,0,0,0,0,62000,0,0,0,187000,125000,62000,62000
065053,南電凱基02購01  ,0,0,0,0,0,0,0,0,0,62000,0,0,0,75000,13000,62000,62000
064911,光寶科統一02購01,0,0,0,0,0,0,0,0,0,62000,0,0,0,93000,31000,62000,62000
1517,利奇            ,126000,64000,62000,0,0,0,0,0,0,0,0,0,0,0,0,0,62000
07611P,大立光國票9A售05,0,0,0,0,0,0,0,0,0,62000,0,0,0,237000,175000,62000,62000
056904,大立光元大99購05,0,0,0,0,0,0,0,0,0,62000,0,0,0,82000,20000,62000,62000
061262,智邦凱基9A購02  ,0,0,0,0,0,0,0,0,0,62000,0,0,0,143000,81000,62000,62000
062566,嘉晶中信9C購01  ,0,0,0,0,0,0,0,0,0,62000,0,0,0,82000,20000,62000,62000
063192,技嘉台新9B購01  ,0,0,0,0,0,0,0,0,0,62000,0,0,0,144000,82000,62000,62000
064328,華通元大9C購04  ,0,0,0,0,0,0,0,0,0,62000,0,0,0,62000,0,62000,62000
063798,台積電凱基02購03,0,0,0,0,0,0,0,0,0,62000,0,0,0,208000,146000,62000,62000
1532,勤美            ,189000,128000,61000,0,0,0,0,0,0,0,0,0,0,0,0,0,61000
08453P,玉晶光台新9C售02,0,0,0,0,0,0,0,0,0,61000,0,0,0,78000,17000,61000,61000
055271,鴻海元大98購03  ,0,0,0,0,0,0,0,0,0,61000,0,0,0,131000,70000,61000,61000
056096,超眾元富9A購01  ,0,0,0,0,0,0,0,0,0,61000,0,0,0,121000,60000,61000,61000
058813,旺宏統一9B購04  ,0,0,0,0,0,0,0,0,0,61000,0,0,0,61000,0,61000,61000
058377,茂林凱基9A購03  ,0,0,0,0,0,0,0,0,0,61000,0,0,0,111000,50000,61000,61000
059224,大立光元大99購15,0,0,0,0,0,0,0,0,0,61000,0,0,0,70000,9000,61000,61000
060760,南亞科元大9A購04,0,0,0,0,0,0,0,0,0,61000,0,0,0,63000,2000,61000,61000
064483,瑞儀永豐9C購01  ,0,0,0,0,0,0,0,0,0,61000,0,0,0,67000,6000,61000,61000
064567,晶技群益01購01  ,0,0,0,0,0,0,0,0,0,61000,0,0,0,165000,104000,61000,61000
063635,漢唐元大9B購04  ,0,0,0,0,0,0,0,0,0,61000,0,0,0,122000,61000,61000,61000
062878,宏達電兆豐9B購01,0,0,0,0,0,0,0,0,0,61000,0,0,0,149000,88000,61000,61000
07334P,臺股指國票99售19,0,0,0,0,0,0,0,0,0,60000,0,0,0,90000,30000,60000,60000
08041P,臺股指群益9B售14,0,0,0,0,0,0,0,0,0,60000,0,0,0,60000,0,60000,60000
065160,聯茂群益9C購02  ,0,0,0,0,0,0,0,0,0,60000,0,0,0,60000,0,60000,60000
065981,超眾元大02購01  ,0,0,0,0,0,0,0,0,0,60000,0,0,0,100000,40000,60000,60000
06603P,立積統一99售01  ,0,0,0,0,0,0,0,0,0,60000,0,0,0,60000,0,60000,60000
054058,晶豪科國票98購01,0,0,0,0,0,0,0,0,0,60000,0,0,0,110000,50000,60000,60000
054297,台郡元大98購01  ,0,0,0,0,0,0,0,0,0,60000,0,0,0,116000,56000,60000,60000
054586,健鼎國泰99購01  ,0,0,0,0,0,0,0,0,0,60000,0,0,0,60000,0,60000,60000
054740,強茂凱基99購01  ,0,0,0,0,0,0,0,0,0,60000,0,0,0,196000,136000,60000,60000
055973,亞德客統一97購01,0,0,0,0,0,0,0,0,0,60000,0,0,0,60000,0,60000,60000
055979,聯鈞統一97購03  ,0,0,0,0,0,0,0,0,0,60000,0,0,0,60000,0,60000,60000
055174,精元統一97購01  ,0,0,0,0,0,0,0,0,0,60000,0,0,0,60000,0,60000,60000
052523,奇力新元大97購01,0,0,0,0,0,0,0,0,0,60000,0,0,0,60000,0,60000,60000
055640,鴻海元富97購03  ,0,0,0,0,0,0,0,0,0,60000,0,0,0,60000,0,60000,60000
055661,亞德客中信98購01,0,0,0,0,0,0,0,0,0,60000,0,0,0,60000,0,60000,60000
053770,元金2X元大98購01,0,0,0,0,0,0,0,0,0,60000,0,0,0,60000,0,60000,60000
050561,上証2X元富97購01,0,0,0,0,0,0,0,0,0,60000,0,0,0,60000,0,60000,60000
050171,臺指反元大97購03,0,0,0,0,0,0,0,0,0,60000,0,0,0,60000,0,60000,60000
061253,臺股指群益9A購04,0,0,0,0,0,0,0,0,0,60000,0,0,0,70000,10000,60000,60000
061000,旺宏兆豐9A購02  ,0,0,0,0,0,0,0,0,0,60000,0,0,0,60000,0,60000,60000
057595,健鼎兆豐98購01  ,0,0,0,0,0,0,0,0,0,60000,0,0,0,90000,30000,60000,60000
056422,全新統一98購02  ,0,0,0,0,0,0,0,0,0,60000,0,0,0,60000,0,60000,60000
057962,超眾元大99購03  ,0,0,0,0,0,0,0,0,0,60000,0,0,0,104000,44000,60000,60000
062108,晶豪科國票9B購01,0,0,0,0,0,0,0,0,0,60000,0,0,0,110000,50000,60000,60000
061911,台積電中信05購04,0,0,0,0,0,0,0,0,0,60000,0,0,0,100000,40000,60000,60000
059720,台積電元大99購43,0,0,0,0,0,0,0,0,0,60000,0,0,0,60000,0,60000,60000
058987,華新科凱基9B購01,0,0,0,0,0,0,0,0,0,60000,0,0,0,100000,40000,60000,60000
058596,旺宏台新99購01  ,0,0,0,0,0,0,0,0,0,60000,0,0,0,60000,0,60000,60000
059312,元石油元大99購05,0,0,0,0,0,0,0,0,0,60000,0,0,0,60000,0,60000,60000
060424,中租永豐9A購01  ,0,0,0,0,0,0,0,0,0,60000,0,0,0,104000,44000,60000,60000
062662,友達群益9B購02  ,0,0,0,0,0,0,0,0,0,60000,0,0,0,60000,0,60000,60000
062493,元金反中信9B購01,0,0,0,0,0,0,0,0,0,60000,0,0,0,60000,0,60000,60000
062293,麗豐永豐9B購01  ,0,0,0,0,0,0,0,0,0,60000,0,0,0,60000,0,60000,60000
063386,國巨兆豐9B購04  ,0,0,0,0,0,0,0,0,0,60000,0,0,0,110000,50000,60000,60000
063330,神達國票9C購01  ,0,0,0,0,0,0,0,0,0,60000,0,0,0,60000,0,60000,60000
063188,TPK凱基9B購01   ,0,0,0,0,0,0,0,0,0,60000,0,0,0,272000,212000,60000,60000
064526,臺股指群益9C購11,0,0,0,0,0,0,0,0,0,60000,0,0,0,60000,0,60000,60000
064514,喬山群益9C購01  ,0,0,0,0,0,0,0,0,0,60000,0,0,0,77000,17000,60000,60000
064749,巨大國票01購01  ,0,0,0,0,0,0,0,0,0,60000,0,0,0,101000,41000,60000,60000
063686,國巨永豐9B購04  ,0,0,0,0,0,0,0,0,0,60000,0,0,0,60000,0,60000,60000
063678,友達國泰9C購01  ,0,0,0,0,0,0,0,0,0,60000,0,0,0,130000,70000,60000,60000
063963,鴻海國票01購01  ,0,0,0,0,0,0,0,0,0,60000,0,0,0,65000,5000,60000,60000
063968,新光金國票01購01,0,0,0,0,0,0,0,0,0,60000,0,0,0,196000,136000,60000,60000
063836,台塑元大9C購01  ,0,0,0,0,0,0,0,0,0,60000,0,0,0,73000,13000,60000,60000
064004,全新凱基01購01  ,0,0,0,0,0,0,0,0,0,60000,0,0,0,146000,86000,60000,60000
2608,嘉里大榮        ,73000,12000,61000,0,0,0,0,0,0,-1000,0,1000,-1000,0,0,0,60000
065779,台勝科國泰01購02,0,0,0,0,0,0,0,0,0,59000,0,0,0,146000,87000,59000,59000
07013P,玉晶光群益9A售06,0,0,0,0,0,0,0,0,0,59000,0,0,0,179000,120000,59000,59000
08541P,景碩國票01售02  ,0,0,0,0,0,0,0,0,0,59000,0,0,0,241000,182000,59000,59000
1308,亞聚            ,178000,119000,59000,0,0,0,0,0,0,0,0,0,0,0,0,0,59000
1321,大洋            ,65000,5000,60000,0,0,0,0,0,0,-1000,0,1000,-1000,0,0,0,59000
056430,鴻海凱基98購06  ,0,0,0,0,0,0,0,0,0,59000,0,0,0,68000,9000,59000,59000
058022,樺漢凱基99購02  ,0,0,0,0,0,0,0,0,0,59000,0,0,0,79000,20000,59000,59000
057401,晶豪科群益99購01,0,0,0,0,0,0,0,0,0,59000,0,0,0,59000,0,59000,59000
058067,台積電第一9C購01,0,0,0,0,0,0,0,0,0,59000,0,0,0,146000,87000,59000,59000
053378,台積電元大98購02,0,0,0,0,0,0,0,0,0,59000,0,0,0,69000,10000,59000,59000
058641,鴻海麥證99購02  ,0,0,0,119000,54000,65000,0,0,0,59000,0,0,0,122000,63000,59000,59000
061706,旭富國票9A購02  ,0,0,0,0,0,0,0,0,0,59000,0,0,0,69000,10000,59000,59000
058360,台光電凱基9A購02,0,0,0,0,0,0,0,0,0,59000,0,0,0,60000,1000,59000,59000
058124,玉晶光國票9A購01,0,0,0,0,0,0,0,0,0,59000,0,0,0,70000,11000,59000,59000
059640,聯詠凱基99購04  ,0,0,0,0,0,0,0,0,0,59000,0,0,0,65000,6000,59000,59000
061823,勤誠群益9B購01  ,0,0,0,0,0,0,0,0,0,59000,0,0,0,59000,0,59000,59000
064425,華新科兆豐9C購01,0,0,0,0,0,0,0,0,0,59000,0,0,0,59000,0,59000,59000
063451,漢翔統一9C購01  ,0,0,0,0,0,0,0,0,0,59000,0,0,0,159000,100000,59000,59000
1104,環泥            ,98000,39000,59000,0,0,0,0,0,0,-1000,0,1000,-1000,0,0,0,58000
065471,和大元大9C購05  ,0,0,0,0,0,0,0,0,0,58000,0,0,0,126000,68000,58000,58000
053764,A50正2富邦99購01,0,0,0,0,0,0,0,0,0,58000,0,0,0,58000,0,58000,58000
061257,上銀凱基9A購06  ,0,0,0,0,0,0,0,0,0,58000,0,0,0,68000,10000,58000,58000
056535,全新凱基99購02  ,0,0,0,0,0,0,0,0,0,58000,0,0,0,58000,0,58000,58000
056411,緯穎國票99購01  ,0,0,0,0,0,0,0,0,0,58000,0,0,0,96000,38000,58000,58000
060281,卜蜂元大9C購01  ,0,0,0,0,0,0,0,0,0,58000,0,0,0,58000,0,58000,58000
059917,華新科元大99購19,0,0,0,0,0,0,0,0,0,58000,0,0,0,60000,2000,58000,58000
059728,聯鈞元大99購01  ,0,0,0,0,0,0,0,0,0,58000,0,0,0,60000,2000,58000,58000
063248,創意元大9C購01  ,0,0,0,0,0,0,0,0,0,58000,0,0,0,70000,12000,58000,58000
065426,台積電凱基01購09,0,0,0,0,0,0,0,0,0,57000,0,0,0,74000,17000,57000,57000
065831,緯創凱基9C購03  ,0,0,0,0,0,0,0,0,0,57000,0,0,0,60000,3000,57000,57000
1730,花仙子          ,68000,11000,57000,0,0,0,0,0,0,0,0,0,0,0,0,0,57000
07815P,美律群益9A售04  ,0,0,0,0,0,0,0,0,0,57000,0,0,0,67000,10000,57000,57000
057320,玉晶光凱基98購01,0,0,0,0,0,0,0,0,0,57000,0,0,0,68000,11000,57000,57000
057409,台虹群益98購02  ,0,0,0,0,0,0,0,0,0,57000,0,0,0,260000,203000,57000,57000
057618,台光電凱基99購01,0,0,0,0,0,0,0,0,0,57000,0,0,0,273000,216000,57000,57000
057767,緯穎凱基98購06  ,0,0,0,0,0,0,0,0,0,57000,0,0,0,97000,40000,57000,57000
057805,華通元大98購06  ,0,0,0,0,0,0,0,0,0,57000,0,0,0,186000,129000,57000,57000
05473P,聯詠統一97售02  ,0,0,0,0,0,0,0,0,0,57000,0,0,0,122000,65000,57000,57000
059868,台光電凱基99購03,0,0,0,0,0,0,0,0,0,57000,0,0,0,60000,3000,57000,57000
060871,台灣50中信01購03,0,0,0,0,0,0,0,0,0,57000,0,0,0,77000,20000,57000,57000
062246,力山元大9B購02  ,0,0,0,0,0,0,0,0,0,57000,0,0,0,92000,35000,57000,57000
059061,晶技凱基9A購01  ,0,0,0,0,0,0,0,0,0,57000,0,0,0,210000,153000,57000,57000
063660,儒鴻統一9C購01  ,0,0,0,0,0,0,0,0,0,57000,0,0,0,57000,0,57000,57000
063750,和鑫國票9B購01  ,0,0,0,0,0,0,0,0,0,57000,0,0,0,122000,65000,57000,57000
5515,建國            ,58000,1000,57000,0,0,0,0,0,0,0,0,0,0,0,0,0,57000
08177P,金像電元大9B售02,0,0,0,0,0,0,0,0,0,56000,0,0,0,182000,126000,56000,56000
065798,華通群益01購03  ,0,0,0,0,0,0,0,0,0,56000,0,0,0,72000,16000,56000,56000
065717,創意中信9C購02  ,0,0,0,0,0,0,0,0,0,56000,0,0,0,77000,21000,56000,56000
065907,南亞科永豐9C購01,0,0,0,0,0,0,0,0,0,56000,0,0,0,56000,0,56000,56000
065178,和碩元大9C購01  ,0,0,0,0,0,0,0,0,0,56000,0,0,0,225000,169000,56000,56000
055736,宏達電元富99購01,0,0,0,0,0,0,0,0,0,56000,0,0,0,56000,0,56000,56000
057119,微星康和98購01  ,0,0,0,0,0,0,0,0,0,56000,0,0,0,132000,76000,56000,56000
061530,智邦台新9A購02  ,0,0,0,0,0,0,0,0,0,56000,0,0,0,58000,2000,56000,56000
060661,台積電凱基9A購18,0,0,0,0,0,0,0,0,0,56000,0,0,0,56000,0,56000,56000
061649,緯穎元大9A購06  ,0,0,0,0,0,0,0,0,0,56000,0,0,0,62000,6000,56000,56000
063000,緯穎國票9B購03  ,0,0,0,0,0,0,0,0,0,56000,0,0,0,60000,4000,56000,56000
063106,台表科群益9B購03,0,0,0,0,0,0,0,0,0,56000,0,0,0,56000,0,56000,56000
065447,緯創統一02購02  ,0,0,0,0,0,0,0,0,0,55000,0,0,0,55000,0,55000,55000
065984,緯創富邦03購01  ,0,0,0,0,0,0,0,0,0,55000,0,0,0,169000,114000,55000,55000
08061P,大毅國票9B售04  ,0,0,0,0,0,0,0,0,0,55000,0,0,0,55000,0,55000,55000
057045,美律元大99購04  ,0,0,0,0,0,0,0,0,0,55000,0,0,0,55000,0,55000,55000
057317,技嘉凱基98購02  ,0,0,0,0,0,0,0,0,0,55000,0,0,0,139000,84000,55000,55000
057494,玉晶光元大99購09,0,0,0,0,0,0,0,0,0,55000,0,0,0,59000,4000,55000,55000
049200,元黃金群益98購01,0,0,0,0,0,0,0,0,0,55000,0,0,0,55000,0,55000,55000
042793,台積電台新9C購01,0,0,0,0,0,0,0,0,0,55000,0,0,0,360000,305000,55000,55000
052135,聯發科凱基9B購01,0,0,0,0,0,0,0,0,0,55000,0,0,0,55000,0,55000,55000
053358,晶技統一98購01  ,0,0,0,0,0,0,0,0,0,55000,0,0,0,84000,29000,55000,55000
05306P,泰碩國泰97售01  ,0,0,0,0,0,0,0,0,0,55000,0,0,0,55000,0,55000,55000
054735,漢唐凱基98購01  ,0,0,0,0,0,0,0,0,0,55000,0,0,0,55000,0,55000,55000
056041,禾伸堂凱基98購03,0,0,0,0,0,0,0,0,0,55000,0,0,0,55000,0,55000,55000
054166,日電貿凱基98購01,0,0,0,0,0,0,0,0,0,55000,0,0,0,60000,5000,55000,55000
056823,智伸科永豐98購01,0,0,0,0,0,0,0,0,0,55000,0,0,0,66000,11000,55000,55000
059939,技嘉永豐99購01  ,0,0,0,0,0,0,0,0,0,55000,0,0,0,65000,10000,55000,55000
062145,億光國票9B購01  ,0,0,0,0,0,0,0,0,0,55000,0,0,0,55000,0,55000,55000
059029,旺宏兆豐99購01  ,0,0,0,0,0,0,0,0,0,55000,0,0,0,55000,0,55000,55000
063628,華通元大9B購09  ,0,0,0,0,0,0,0,0,0,55000,0,0,0,90000,35000,55000,55000
063607,中租凱基9B購02  ,0,0,0,0,0,0,0,0,0,55000,0,0,0,97000,42000,55000,55000
062374,茂林元大9B購03  ,0,0,0,0,0,0,0,0,0,55000,0,0,0,65000,10000,55000,55000
064062,創意國泰01購01  ,0,0,0,0,0,0,0,0,0,55000,0,0,0,143000,88000,55000,55000
064513,T50反1群益9C購01,0,0,0,0,0,0,0,0,0,55000,0,0,0,85000,30000,55000,55000
5288,豐祥-KY         ,36000,31000,5000,0,0,0,50000,0,50000,0,0,0,0,0,0,0,55000
2393,億光            ,267000,230000,37000,0,0,0,0,0,0,18000,0,16000,-16000,45000,11000,34000,55000
08365P,貿聯凱基9C售01  ,0,0,0,0,0,0,0,0,0,54000,0,0,0,56000,2000,54000,54000
065640,聯電元大01購02  ,0,0,0,0,0,0,0,0,0,54000,0,0,0,109000,55000,54000,54000
065452,康友統一02購01  ,0,0,0,0,0,0,0,0,0,54000,0,0,0,56000,2000,54000,54000
065194,和大元富9C購01  ,0,0,0,0,0,0,0,0,0,54000,0,0,0,213000,159000,54000,54000
064970,東元元大9C購01  ,0,0,0,0,0,0,0,0,0,54000,0,0,0,54000,0,54000,54000
061471,台積電元大9A購31,0,0,0,0,0,0,0,0,0,54000,0,0,0,116000,62000,54000,54000
061443,大立光統一9C購02,0,0,0,0,0,0,0,0,0,54000,0,0,0,55000,1000,54000,54000
060248,日月光元大9A購01,0,0,0,0,0,0,0,0,0,54000,0,0,0,64000,10000,54000,54000
058718,台灣50元富03購01,0,0,0,0,0,0,0,0,0,54000,0,0,0,56000,2000,54000,54000
061912,台積電中信05購05,0,0,0,0,0,0,0,0,0,54000,0,0,0,54000,0,54000,54000
061690,旺宏群益9A購05  ,0,0,0,0,0,0,0,0,0,54000,0,0,0,90000,36000,54000,54000
060351,滬深2X元富9A購01,0,0,0,0,0,0,0,0,0,54000,0,0,0,55000,1000,54000,54000
064091,台郡凱基01購01  ,0,0,0,0,0,0,0,0,0,54000,0,0,0,225000,171000,54000,54000
062369,創意元大9B購01  ,0,0,0,0,0,0,0,0,0,54000,0,0,0,54000,0,54000,54000
063599,智邦凱基9B購04  ,0,0,0,0,0,0,0,0,0,54000,0,0,0,146000,92000,54000,54000
1340,勝悅-KY         ,66000,13000,53000,0,0,0,0,0,0,0,0,0,0,0,0,0,53000
06919P,臺股指日盛98售02,0,0,0,0,0,0,0,0,0,53000,0,0,0,93000,40000,53000,53000
056851,瑞儀元富98購01  ,0,0,0,0,0,0,0,0,0,53000,0,0,0,63000,10000,53000,53000
054539,欣興國票98購01  ,0,0,0,0,0,0,0,0,0,53000,0,0,0,53000,0,53000,53000
056548,瀚宇博凱基98購02,0,0,0,0,0,0,0,0,0,53000,0,0,0,115000,62000,53000,53000
062086,瑞祺元大9B購01  ,0,0,0,0,0,0,0,0,0,53000,0,0,0,479000,426000,53000,53000
058796,可成元大99購04  ,0,0,0,0,0,0,0,0,0,53000,0,0,0,180000,127000,53000,53000
063064,台表科元富9B購01,0,0,0,0,0,0,0,0,0,53000,0,0,0,63000,10000,53000,53000
062710,盛群元大9B購01  ,0,0,0,0,0,0,0,0,0,53000,0,0,0,346000,293000,53000,53000
064077,台積電中信06購03,0,0,0,0,0,0,0,0,0,53000,0,0,0,53000,0,53000,53000
064083,群創中信06購01  ,0,0,0,0,0,0,0,0,0,53000,0,0,0,162000,109000,53000,53000
064555,力山群益01購01  ,0,0,0,0,0,0,0,0,0,53000,0,0,0,98000,45000,53000,53000
064364,高鐵統一9C購02  ,0,0,0,0,0,0,0,0,0,53000,0,0,0,93000,40000,53000,53000
2208,台船            ,94000,39000,55000,0,0,0,0,0,0,-2000,0,2000,-2000,0,0,0,53000
2903,遠百            ,136000,83000,53000,0,0,0,0,0,0,0,0,0,0,0,0,0,53000
07011P,宏達電凱基99售02,0,0,0,0,0,0,0,0,0,52000,0,0,0,62000,10000,52000,52000
08161P,台表科元富9B售02,0,0,0,0,0,0,0,0,0,52000,0,0,0,97000,45000,52000,52000
064971,裕隆元大01購01  ,0,0,0,0,0,0,0,0,0,52000,0,0,0,122000,70000,52000,52000
065008,TPK國票01購02   ,0,0,0,0,0,0,0,0,0,52000,0,0,0,52000,0,52000,52000
060159,健和興永豐9A購01,0,0,0,0,0,0,0,0,0,52000,0,0,0,64000,12000,52000,52000
061114,南電元大9A購04  ,0,0,0,0,0,0,0,0,0,52000,0,0,0,57000,5000,52000,52000
057446,旺宏元富02購01  ,0,0,0,0,0,0,0,0,0,52000,0,0,0,52000,0,52000,52000
057465,智易永豐98購02  ,0,0,0,0,0,0,0,0,0,52000,0,0,0,120000,68000,52000,52000
054556,世芯凱基99購01  ,0,0,0,0,0,0,0,0,0,52000,0,0,0,58000,6000,52000,52000
055730,建準元富97購02  ,0,0,0,0,0,0,0,0,0,52000,0,0,0,52000,0,52000,52000
058673,華新科群益9A購02,0,0,0,0,0,0,0,0,0,52000,0,0,0,53000,1000,52000,52000
062082,嘉晶元大9B購01  ,0,0,0,0,0,0,0,0,0,52000,0,0,0,52000,0,52000,52000
059631,京元電凱基99購02,0,0,0,0,0,0,0,0,0,52000,0,0,0,108000,56000,52000,52000
064861,緯創富邦9C購01  ,0,0,0,0,0,0,0,0,0,52000,0,0,0,67000,15000,52000,52000
062742,技嘉國泰01購01  ,0,0,0,0,0,0,0,0,0,52000,0,0,0,130000,78000,52000,52000
062993,華新科群益9B購05,0,0,0,0,0,0,0,0,0,52000,0,0,0,52000,0,52000,52000
8021,尖點            ,184000,132000,52000,0,0,0,0,0,0,0,0,0,0,0,0,0,52000
8464,億豐            ,274739,183000,91739,0,0,0,0,50000,-50000,10000,12000,0,12000,0,2000,-2000,51739
08414P,超眾凱基9C售02  ,0,0,0,0,0,0,0,0,0,51000,0,0,0,51000,0,51000,51000
07100P,華航元大99售01  ,0,0,0,0,0,0,0,0,0,51000,0,0,0,61000,10000,51000,51000
054258,牧德元大97購01  ,0,0,0,0,0,0,0,0,0,51000,0,0,0,51000,0,51000,51000
058049,帆宣元大98購01  ,0,0,0,0,0,0,0,0,0,51000,0,0,0,84000,33000,51000,51000
060984,南亞科元大9A購07,0,0,0,0,0,0,0,0,0,51000,0,0,0,51000,0,51000,51000
059949,啟碁永豐99購01  ,0,0,0,0,0,0,0,0,0,51000,0,0,0,91000,40000,51000,51000
060093,友達元大03購01  ,0,0,0,0,0,0,0,0,0,51000,0,0,0,51000,0,51000,51000
060595,台灣50凱基04購04,0,0,0,0,0,0,0,0,0,51000,0,0,0,71000,20000,51000,51000
060654,大毅群益9B購01  ,0,0,0,0,0,0,0,0,0,51000,0,0,0,51000,0,51000,51000
061847,力山國票9B購01  ,0,0,0,0,0,0,0,0,0,51000,0,0,0,91000,40000,51000,51000
058472,亞德客凱基9A購01,0,0,0,0,0,0,0,0,0,51000,0,0,0,100000,49000,51000,51000
063221,京元電群益9B購02,0,0,0,0,0,0,0,0,0,51000,0,0,0,51000,0,51000,51000
063408,茂林國票9C購02  ,0,0,0,0,0,0,0,0,0,51000,0,0,0,89000,38000,51000,51000
063372,漢翔永豐9B購01  ,0,0,0,0,0,0,0,0,0,51000,0,0,0,51000,0,51000,51000
062642,帆宣國票9B購01  ,0,0,0,0,0,0,0,0,0,51000,0,0,0,97000,46000,51000,51000
064099,億光群益9C購01  ,0,0,0,0,0,0,0,0,0,51000,0,0,0,51000,0,51000,51000
064127,聯發科元大9C購06,0,0,0,0,0,0,0,0,0,51000,0,0,0,55000,4000,51000,51000
064125,聯發科元大02購01,0,0,0,0,0,0,0,0,0,51000,0,0,0,52000,1000,51000,51000
064002,仁寶凱基9C購01  ,0,0,0,0,0,0,0,0,0,51000,0,0,0,64000,13000,51000,51000
064252,嘉澤元富9C購01  ,0,0,0,0,0,0,0,0,0,51000,0,0,0,146000,95000,51000,51000
07342P,大立光凱基99售14,0,0,0,0,0,0,0,0,0,50000,0,0,0,60000,10000,50000,50000
07361P,聯發科元大99售34,0,0,0,0,0,0,0,0,0,50000,0,0,0,50000,0,50000,50000
07318P,鴻海凱基01售02  ,0,0,0,0,0,0,0,0,0,50000,0,0,0,50000,0,50000,50000
07217P,大立光凱基9A售05,0,0,0,0,0,0,0,0,0,50000,0,0,0,50000,0,50000,50000
07457P,宏達電元大9A售01,0,0,0,0,0,0,0,0,0,50000,0,0,0,50000,0,50000,50000
07700P,臺股指元大9A售53,0,0,0,0,0,0,0,0,0,50000,0,0,0,50000,0,50000,50000
07748P,茂林凱基9A售04  ,0,0,0,0,0,0,0,0,0,50000,0,0,0,50000,0,50000,50000
07749P,台郡凱基9A售01  ,0,0,0,0,0,0,0,0,0,50000,0,0,0,50000,0,50000,50000
08523P,金像電元大9C售06,0,0,0,0,0,0,0,0,0,50000,0,0,0,50000,0,50000,50000
08143P,聯發科凱基9C售05,0,0,0,0,0,0,0,0,0,50000,0,0,0,50000,0,50000,50000
08202P,台表科國泰01售04,0,0,0,0,0,0,0,0,0,50000,0,0,0,90000,40000,50000,50000
08327P,聯發科兆豐9C售03,0,0,0,0,0,0,0,0,0,50000,0,0,0,100000,50000,50000,50000
08303P,聯發科富邦9C售05,0,0,0,0,0,0,0,0,0,50000,0,0,0,50000,0,50000,50000
064954,奇鋐凱基9C購01  ,0,0,0,0,0,0,0,0,0,50000,0,0,0,90000,40000,50000,50000
065612,聯茂元大9C購07  ,0,0,0,0,0,0,0,0,0,50000,0,0,0,50000,0,50000,50000
065583,超眾國泰02購01  ,0,0,0,0,0,0,0,0,0,50000,0,0,0,67000,17000,50000,50000
065723,新日興兆豐01購01,0,0,0,0,0,0,0,0,0,50000,0,0,0,163000,113000,50000,50000
065726,京元電凱基9C購02,0,0,0,0,0,0,0,0,0,50000,0,0,0,201000,151000,50000,50000
065799,友訊群益01購03  ,0,0,0,0,0,0,0,0,0,50000,0,0,0,139000,89000,50000,50000
065763,台表科元大9C購14,0,0,0,0,0,0,0,0,0,50000,0,0,0,50000,0,50000,50000
06822P,上銀富邦99售03  ,0,0,0,0,0,0,0,0,0,50000,0,0,0,75000,25000,50000,50000
061020,超眾國票9A購02  ,0,0,0,0,0,0,0,0,0,50000,0,0,0,50000,0,50000,50000
057472,T50正2元大9B購03,0,0,0,0,0,0,0,0,0,50000,0,0,0,50000,0,50000,50000
060895,華新科凱基9B購05,0,0,0,0,0,0,0,0,0,50000,0,0,0,50000,0,50000,50000
061258,華通凱基9A購06  ,0,0,0,0,0,0,0,0,0,50000,0,0,0,51000,1000,50000,50000
061232,和大元大9A購03  ,0,0,0,0,0,0,0,0,0,50000,0,0,0,60000,10000,50000,50000
061210,玉山金元大9A購02,0,0,0,0,0,0,0,0,0,50000,0,0,0,150000,100000,50000,50000
061206,旺宏元大9A購12  ,0,0,0,0,0,0,0,0,0,50000,0,0,0,50000,0,50000,50000
057357,超眾統一98購01  ,0,0,0,0,0,0,0,0,0,50000,0,0,0,50000,0,50000,50000
057334,技嘉國票98購02  ,0,0,0,0,0,0,0,0,0,50000,0,0,0,98000,48000,50000,50000
058030,國巨永豐98購08  ,0,0,0,0,0,0,0,0,0,50000,0,0,0,50000,0,50000,50000
057646,玉山金元大98購01,0,0,0,0,0,0,0,0,0,50000,0,0,0,100000,50000,50000,50000
056566,臻鼎群益98購01  ,0,0,0,0,0,0,0,0,0,50000,0,0,0,50000,0,50000,50000
056585,台積電統一9A購01,0,0,0,0,0,0,0,0,0,50000,0,0,0,50000,0,50000,50000
057249,華邦電統一9A購01,0,0,0,0,0,0,0,0,0,50000,0,0,0,50000,0,50000,50000
057248,台積電統一98購08,0,0,0,0,0,0,0,0,0,50000,0,0,0,50000,0,50000,50000
056427,上銀凱基98購03  ,0,0,0,0,0,0,0,0,0,50000,0,0,0,50000,0,50000,50000
056403,茂林群益98購01  ,0,0,0,0,0,0,0,0,0,50000,0,0,0,50000,0,50000,50000
056484,聯茂元大98購02  ,0,0,0,0,0,0,0,0,0,50000,0,0,0,50000,0,50000,50000
056141,聯茂元大97購05  ,0,0,0,0,0,0,0,0,0,50000,0,0,0,50000,0,50000,50000
054922,文曄凱基98購01  ,0,0,0,0,0,0,0,0,0,50000,0,0,0,50000,0,50000,50000
055137,GIS富邦98購01   ,0,0,0,0,0,0,0,0,0,50000,0,0,0,50000,0,50000,50000
054777,昇陽半國票98購01,0,0,0,0,0,0,0,0,0,50000,0,0,0,50000,0,50000,50000
054416,禾伸堂元大97購01,0,0,0,0,0,0,0,0,0,50000,0,0,0,50000,0,50000,50000
056010,力成中信97購01  ,0,0,0,0,0,0,0,0,0,50000,0,0,0,50000,0,50000,50000
053979,健策元大98購01  ,0,0,0,0,0,0,0,0,0,50000,0,0,0,50000,0,50000,50000
055949,亞德客元大97購04,0,0,0,0,0,0,0,0,0,50000,0,0,0,50000,0,50000,50000
055930,可成群益98購01  ,0,0,0,0,0,0,0,0,0,50000,0,0,0,50000,0,50000,50000
057909,台光電兆豐98購01,0,0,0,0,0,0,0,0,0,50000,0,0,0,50000,0,50000,50000
055762,智伸科群益97購01,0,0,0,0,0,0,0,0,0,50000,0,0,0,50000,0,50000,50000
052328,台表科中信99購01,0,0,0,0,0,0,0,0,0,50000,0,0,0,50000,0,50000,50000
050142,聯發科元富9A購01,0,0,0,0,0,0,0,0,0,50000,0,0,0,50000,0,50000,50000
058479,亞光凱基9A購01  ,0,0,0,0,0,0,0,0,0,50000,0,0,0,50000,0,50000,50000
058515,健鼎元大99購01  ,0,0,0,0,0,0,0,0,0,50000,0,0,0,50000,0,50000,50000
058228,為升元大99購01  ,0,0,0,0,0,0,0,0,0,50000,0,0,0,50000,0,50000,50000
059044,聯電日盛99購02  ,0,0,0,0,0,0,0,0,0,50000,0,0,0,50000,0,50000,50000
059036,可成群益9B購03  ,0,0,0,0,0,0,0,0,0,50000,0,0,0,62000,12000,50000,50000
059168,奇力新凱基99購05,0,0,0,0,0,0,0,0,0,50000,0,0,0,50000,0,50000,50000
058693,旭富國票9A購01  ,0,0,0,0,0,0,0,0,0,50000,0,0,0,50000,0,50000,50000
058707,泰鼎元大99購02  ,0,0,0,0,0,0,0,0,0,50000,0,0,0,52000,2000,50000,50000
058708,臺股指元大9A購21,0,0,0,0,0,0,0,0,0,50000,0,0,0,50000,0,50000,50000
059378,台光電群益9B購01,0,0,0,0,0,0,0,0,0,50000,0,0,0,50000,0,50000,50000
060228,亞德客元大9A購01,0,0,0,0,0,0,0,0,0,50000,0,0,0,50000,0,50000,50000
059319,台光電元大99購04,0,0,0,0,0,0,0,0,0,50000,0,0,0,50000,0,50000,50000
061264,全新凱基9B購01  ,0,0,0,0,0,0,0,0,0,50000,0,0,0,50000,0,50000,50000
061324,華新科凱基9C購01,0,0,0,0,0,0,0,0,0,50000,0,0,0,50000,0,50000,50000
061413,台勝科群益9A購01,0,0,0,0,0,0,0,0,0,50000,0,0,0,182000,132000,50000,50000
060511,群創元大9B購08  ,0,0,0,0,0,0,0,0,0,50000,0,0,0,88000,38000,50000,50000
060466,玉山金元大9A購01,0,0,0,0,0,0,0,0,0,50000,0,0,0,114000,64000,50000,50000
061492,超眾兆豐9B購01  ,0,0,0,0,0,0,0,0,0,50000,0,0,0,135000,85000,50000,50000
061711,台積電凱基9A購27,0,0,0,0,0,0,0,0,0,50000,0,0,0,50000,0,50000,50000
061605,華新科凱基9A購14,0,0,0,0,0,0,0,0,0,50000,0,0,0,100000,50000,50000,50000
061628,緯穎群益9A購04  ,0,0,0,0,0,0,0,0,0,50000,0,0,0,50000,0,50000,50000
060644,泰鼎永豐9A購02  ,0,0,0,0,0,0,0,0,0,50000,0,0,0,53000,3000,50000,50000
060737,瑞儀統一9C購01  ,0,0,0,0,0,0,0,0,0,50000,0,0,0,50000,0,50000,50000
062038,鴻海凱基9B購05  ,0,0,0,0,0,0,0,0,0,50000,0,0,0,54000,4000,50000,50000
060097,華新科元大99購23,0,0,0,0,0,0,0,0,0,50000,0,0,0,53000,3000,50000,50000
059721,旺宏元大99購16  ,0,0,0,0,0,0,0,0,0,50000,0,0,0,57000,7000,50000,50000
059712,滬深2X元大9C購03,0,0,0,0,0,0,0,0,0,50000,0,0,0,50000,0,50000,50000
060101,大立光元大99購31,0,0,0,0,0,0,0,0,0,50000,0,0,0,50000,0,50000,50000
061699,燿華國票9A購01  ,0,0,0,0,0,0,0,0,0,50000,0,0,0,150000,100000,50000,50000
059870,全新凱基99購05  ,0,0,0,0,0,0,0,0,0,50000,0,0,0,50000,0,50000,50000
064022,台積電元大9C購07,0,0,0,0,0,0,0,0,0,50000,0,0,0,50000,0,50000,50000
064121,國巨元大9C購16  ,0,0,0,0,0,0,0,0,0,50000,0,0,0,50000,0,50000,50000
063712,高鐵凱基9C購01  ,0,0,0,0,0,0,0,0,0,50000,0,0,0,50000,0,50000,50000
063843,台積電元大9C購03,0,0,0,0,0,0,0,0,0,50000,0,0,0,50000,0,50000,50000
063931,牧德統一01購02  ,0,0,0,0,0,0,0,0,0,50000,0,0,0,50000,0,50000,50000
064802,台積電元大01購04,0,0,0,0,0,0,0,0,0,50000,0,0,0,89000,39000,50000,50000
064777,南亞科群益9C購01,0,0,0,0,0,0,0,0,0,50000,0,0,0,50000,0,50000,50000
064665,南亞科元大9C購06,0,0,0,0,0,0,0,0,0,50000,0,0,0,50000,0,50000,50000
06432P,上銀群益98售01  ,0,0,0,0,0,0,0,0,0,50000,0,0,0,50000,0,50000,50000
064428,裕隆凱基02購01  ,0,0,0,0,0,0,0,0,0,50000,0,0,0,50000,0,50000,50000
064561,友達群益9C購02  ,0,0,0,0,0,0,0,0,0,50000,0,0,0,50000,0,50000,50000
064586,緯創永豐9C購01  ,0,0,0,0,0,0,0,0,0,50000,0,0,0,101000,51000,50000,50000
062641,瀚宇博國票9B購01,0,0,0,0,0,0,0,0,0,50000,0,0,0,147000,97000,50000,50000
062621,緯穎元大9B購05  ,0,0,0,0,0,0,0,0,0,50000,0,0,0,50000,0,50000,50000
062458,全新群益9B購03  ,0,0,0,0,0,0,0,0,0,50000,0,0,0,133000,83000,50000,50000
062600,可成台新9B購01  ,0,0,0,0,0,0,0,0,0,50000,0,0,0,50000,0,50000,50000
063349,台郡統一9C購01  ,0,0,0,0,0,0,0,0,0,50000,0,0,0,50000,0,50000,50000
063006,道瓊反元大9C購01,0,0,0,0,0,0,0,0,0,50000,0,0,0,50000,0,50000,50000
063080,裕隆凱基9B購01  ,0,0,0,0,0,0,0,0,0,50000,0,0,0,50000,0,50000,50000
065939,創意群益01購01  ,0,0,0,0,0,0,0,0,0,49000,0,0,0,49000,0,49000,49000
065695,友訊群益01購02  ,0,0,0,0,0,0,0,0,0,49000,0,0,0,49000,0,49000,49000
065677,南亞科統一03購02,0,0,0,0,0,0,0,0,0,49000,0,0,0,49000,0,49000,49000
065532,台光電統一02購02,0,0,0,0,0,0,0,0,0,49000,0,0,0,195000,146000,49000,49000
065092,健鼎元大9C購02  ,0,0,0,0,0,0,0,0,0,49000,0,0,0,166000,117000,49000,49000
065451,台表科統一02購04,0,0,0,0,0,0,0,0,0,49000,0,0,0,137000,88000,49000,49000
065431,大立光凱基02購02,0,0,0,0,0,0,0,0,0,49000,0,0,0,169000,120000,49000,49000
056330,玉晶光國票99購03,0,0,0,0,0,0,0,0,0,49000,0,0,0,73000,24000,49000,49000
056687,元大金統一98購01,0,0,0,0,0,0,0,0,0,49000,0,0,0,49000,0,49000,49000
061666,友達中信01購01  ,0,0,0,0,0,0,0,0,0,49000,0,0,0,94000,45000,49000,49000
059662,旭富元大9C購01  ,0,0,0,0,0,0,0,0,0,49000,0,0,0,54000,5000,49000,49000
061939,中租國票9B購01  ,0,0,0,0,0,0,0,0,0,49000,0,0,0,81000,32000,49000,49000
061803,巨大永豐9B購01  ,0,0,0,0,0,0,0,0,0,49000,0,0,0,54000,5000,49000,49000
061389,華新科群益9B購01,0,0,0,0,0,0,0,0,0,49000,0,0,0,51000,2000,49000,49000
061315,滬深2X凱基9C購06,0,0,0,0,0,0,0,0,0,49000,0,0,0,51000,2000,49000,49000
059050,元油2X凱基9B購08,0,0,0,0,0,0,0,0,0,49000,0,0,0,50000,1000,49000,49000
063133,喬山統一01購01  ,0,0,0,0,0,0,0,0,0,49000,0,0,0,334000,285000,49000,49000
063227,祥碩群益9B購06  ,0,0,0,0,0,0,0,0,0,49000,0,0,0,58000,9000,49000,49000
063231,台泥元大9B購01  ,0,0,0,0,0,0,0,0,0,49000,0,0,0,511000,462000,49000,49000
064402,宏碁凱基01購01  ,0,0,0,0,0,0,0,0,0,49000,0,0,0,115000,66000,49000,49000
064799,裕隆元大9C購02  ,0,0,0,0,0,0,0,0,0,49000,0,0,0,110000,61000,49000,49000
063838,上銀元大9C購01  ,0,0,0,0,0,0,0,0,0,49000,0,0,0,49000,0,49000,49000
6243,迅杰            ,79000,30000,49000,0,0,0,0,0,0,0,0,0,0,0,0,0,49000
4108,懷特            ,272000,223000,49000,0,0,0,0,0,0,0,0,0,0,0,0,0,49000
065429,微星凱基02購02  ,0,0,0,0,0,0,0,0,0,48000,0,0,0,90000,42000,48000,48000
065311,TPK國票01購03   ,0,0,0,0,0,0,0,0,0,48000,0,0,0,48000,0,48000,48000
065530,亞德客統一9C購02,0,0,0,0,0,0,0,0,0,48000,0,0,0,97000,49000,48000,48000
065571,神基群益01購01  ,0,0,0,0,0,0,0,0,0,48000,0,0,0,48000,0,48000,48000
061202,和大元大9A購02  ,0,0,0,0,0,0,0,0,0,48000,0,0,0,63000,15000,48000,48000
055701,亞德客富邦99購01,0,0,0,0,0,0,0,0,0,48000,0,0,0,51000,3000,48000,48000
059056,技嘉凱基99購02  ,0,0,0,0,0,0,0,0,0,48000,0,0,0,54000,6000,48000,48000
058202,鴻海凱基9A購04  ,0,0,0,0,0,0,0,0,0,48000,0,0,0,86000,38000,48000,48000
060835,亞德客國票9A購01,0,0,0,0,0,0,0,0,0,48000,0,0,0,48000,0,48000,48000
061974,光寶科元大9B購01,0,0,0,0,0,0,0,0,0,48000,0,0,0,83000,35000,48000,48000
063849,奇鋐元大9C購01  ,0,0,0,0,0,0,0,0,0,48000,0,0,0,65000,17000,48000,48000
063793,和大凱基9C購01  ,0,0,0,0,0,0,0,0,0,48000,0,0,0,48000,0,48000,48000
064203,康控兆豐9C購02  ,0,0,0,0,0,0,0,0,0,48000,0,0,0,48000,0,48000,48000
064361,旺宏統一01購06  ,0,0,0,0,0,0,0,0,0,48000,0,0,0,109000,61000,48000,48000
064459,創意統一02購01  ,0,0,0,0,0,0,0,0,0,48000,0,0,0,235000,187000,48000,48000
062446,聯詠元大9B購02  ,0,0,0,0,0,0,0,0,0,48000,0,0,0,106000,58000,48000,48000
5305,敦南            ,59000,10000,49000,0,0,0,0,0,0,-1000,0,1000,-1000,0,0,0,48000
2236,百達-KY         ,53000,5000,48000,0,0,0,0,0,0,0,0,0,0,0,0,0,48000
2841,台開            ,266000,218000,48000,0,0,0,0,0,0,0,0,0,0,0,0,0,48000
2704,國賓            ,66000,18000,48000,0,0,0,0,0,0,0,0,0,0,0,0,0,48000
065579,南茂群益9C購02  ,0,0,0,0,0,0,0,0,0,47000,0,0,0,131000,84000,47000,47000
065643,聯發科元大01購06,0,0,0,0,0,0,0,0,0,47000,0,0,0,120000,73000,47000,47000
064903,新唐群益9C購01  ,0,0,0,0,0,0,0,0,0,47000,0,0,0,241000,194000,47000,47000
00678,群益NBI生技     ,49000,2000,47000,0,0,0,0,0,0,0,0,0,0,600000,600000,0,47000
061033,台光電永豐9A購01,0,0,0,0,0,0,0,0,0,47000,0,0,0,294000,247000,47000,47000
057524,旺宏元大99購04  ,0,0,0,0,0,0,0,0,0,47000,0,0,0,47000,0,47000,47000
058019,美律凱基99購04  ,0,0,0,0,0,0,0,0,0,47000,0,0,0,67000,20000,47000,47000
061971,力山元大9C購02  ,0,0,0,0,0,0,0,0,0,47000,0,0,0,47000,0,47000,47000
060673,旺宏元大9A購04  ,0,0,0,0,0,0,0,0,0,47000,0,0,0,47000,0,47000,47000
060040,康控國票99購04  ,0,0,0,0,0,0,0,0,0,47000,0,0,0,57000,10000,47000,47000
061680,崇越元大9A購01  ,0,0,0,0,0,0,0,0,0,47000,0,0,0,323000,276000,47000,47000
061647,南六元大9A購03  ,0,0,0,0,0,0,0,0,0,47000,0,0,0,59000,12000,47000,47000
059882,臺股指凱基9C購06,0,0,0,0,0,0,0,0,0,47000,0,0,0,68000,21000,47000,47000
058911,茂林元大99購04  ,0,0,0,0,0,0,0,0,0,47000,0,0,0,183000,136000,47000,47000
062350,台表科群益9B購01,0,0,0,0,0,0,0,0,0,47000,0,0,0,129000,82000,47000,47000
062706,大立光元大9B購06,0,0,0,0,0,0,0,0,0,47000,0,0,0,60000,13000,47000,47000
062707,致伸元大9B購01  ,0,0,0,0,0,0,0,0,0,47000,0,0,0,140000,93000,47000,47000
063422,奇鋐凱基9B購04  ,0,0,0,0,0,0,0,0,0,47000,0,0,0,79000,32000,47000,47000
064566,大立光群益9C購04,0,0,0,0,0,0,0,0,0,47000,0,0,0,47000,0,47000,47000
064836,群創統一9C購04  ,0,0,0,0,0,0,0,0,0,47000,0,0,0,47000,0,47000,47000
063937,上銀元大9C購02  ,0,0,0,0,0,0,0,0,0,47000,0,0,0,68000,21000,47000,47000
4526,東台            ,75000,28000,47000,0,0,0,0,0,0,0,0,0,0,0,0,0,47000
8454,富邦媒          ,66000,26000,40000,0,0,0,0,0,0,7000,8000,1000,7000,0,0,0,47000
065087,可成元大9C購08  ,0,0,0,0,0,0,0,0,0,46000,0,0,0,122000,76000,46000,46000
065238,聯茂凱基02購01  ,0,0,0,0,0,0,0,0,0,46000,0,0,0,50000,4000,46000,46000
065635,智伸科國票01購02,0,0,0,0,0,0,0,0,0,46000,0,0,0,46000,0,46000,46000
08302P,長榮航國泰02售01,0,0,0,0,0,0,0,0,0,46000,0,0,0,98000,52000,46000,46000
057525,光磊元大99購01  ,0,0,0,0,0,0,0,0,0,46000,0,0,0,100000,54000,46000,46000
060961,台光電凱基9A購03,0,0,0,0,0,0,0,0,0,46000,0,0,0,66000,20000,46000,46000
061159,同欣電群益9A購01,0,0,0,0,0,0,0,0,0,46000,0,0,0,50000,4000,46000,46000
03687C,臺股指凱基9C牛22,0,0,0,0,0,0,0,0,0,46000,0,0,0,431000,385000,46000,46000
051971,元金2X凱基97購02,0,0,0,0,0,0,0,0,0,46000,0,0,0,53000,7000,46000,46000
054567,拓凱群益98購01  ,0,0,0,0,0,0,0,0,0,46000,0,0,0,61000,15000,46000,46000
054926,神達凱基98購01  ,0,0,0,0,0,0,0,0,0,46000,0,0,0,46000,0,46000,46000
058951,南電群益99購01  ,0,0,0,0,0,0,0,0,0,46000,0,0,0,46000,0,46000,46000
060552,群創凱基9B購05  ,0,0,0,0,0,0,0,0,0,46000,0,0,0,46000,0,46000,46000
060545,台積電凱基9B購02,0,0,0,0,0,0,0,0,0,46000,0,0,0,46000,0,46000,46000
060813,高鐵凱基9A購01  ,0,0,0,0,0,0,0,0,0,46000,0,0,0,80000,34000,46000,46000
062160,南六凱基9B購01  ,0,0,0,0,0,0,0,0,0,46000,0,0,0,60000,14000,46000,46000
062888,漢唐群益9B購01  ,0,0,0,0,0,0,0,0,0,46000,0,0,0,46000,0,46000,46000
08282P,南六群益9C售01  ,0,0,0,0,0,0,0,0,0,45000,0,0,0,51000,6000,45000,45000
065854,臻鼎元大9C購05  ,0,0,0,0,0,0,0,0,0,45000,0,0,0,77000,32000,45000,45000
064913,燿華統一02購01  ,0,0,0,0,0,0,0,0,0,45000,0,0,0,105000,60000,45000,45000
053377,台積電元大98購01,0,0,0,0,0,0,0,0,0,45000,0,0,0,45000,0,45000,45000
061066,嘉晶凱基9B購01  ,0,0,0,0,0,0,0,0,0,45000,0,0,0,45000,0,45000,45000
057123,上銀凱基98購05  ,0,0,0,0,0,0,0,0,0,45000,0,0,0,45000,0,45000,45000
056658,美食元大98購01  ,0,0,0,0,0,0,0,0,0,45000,0,0,0,50000,5000,45000,45000
060854,台積電富邦9C購08,0,0,0,0,0,0,0,0,0,45000,0,0,0,45000,0,45000,45000
059730,晶相光元大9C購02,0,0,0,0,0,0,0,0,0,45000,0,0,0,136000,91000,45000,45000
060060,台積電兆豐99購05,0,0,0,0,0,0,0,0,0,45000,0,0,0,45000,0,45000,45000
060337,FBVIX統一9A購01 ,0,0,0,0,0,0,0,0,0,45000,0,0,0,70000,25000,45000,45000
059016,晶相光元富99購03,0,0,0,0,0,0,0,0,0,45000,0,0,0,100000,55000,45000,45000
058449,台積電永豐99購01,0,0,0,0,0,0,0,0,0,45000,0,0,0,103000,58000,45000,45000
058723,元石油國泰9A購01,0,0,0,0,0,0,0,0,0,45000,0,0,0,49000,4000,45000,45000
062438,台光電元大9B購04,0,0,0,0,0,0,0,0,0,45000,0,0,0,185000,140000,45000,45000
063613,全新群益9C購01  ,0,0,0,0,0,0,0,0,0,45000,0,0,0,163000,118000,45000,45000
063581,同欣電國泰9C購01,0,0,0,0,0,0,0,0,0,45000,0,0,0,571000,526000,45000,45000
064205,台灣50凱基01購14,0,0,0,0,0,0,0,0,0,45000,0,0,0,45000,0,45000,45000
064104,TPK群益9C購02   ,0,0,0,0,0,0,0,0,0,45000,0,0,0,55000,10000,45000,45000
064617,台光電元大01購01,0,0,0,0,0,0,0,0,0,45000,0,0,0,349000,304000,45000,45000
8215,明基材          ,256000,211000,45000,0,0,0,0,0,0,0,0,0,0,0,0,0,45000
3055,蔚華科          ,12000,16000,-4000,0,0,0,0,0,0,49000,50000,1000,49000,0,0,0,45000
2610,華航            ,1347000,1307000,40000,0,0,0,0,11000,-11000,16000,0,0,0,16000,0,16000,45000
2399,映泰            ,95000,50000,45000,0,0,0,0,0,0,0,0,0,0,0,0,0,45000
065751,台光電元大9C購06,0,0,0,0,0,0,0,0,0,44000,0,0,0,202000,158000,44000,44000
08271P,華通元富9C售01  ,0,0,0,0,0,0,0,0,0,44000,0,0,0,624000,580000,44000,44000
00635U,元大S&P黃金     ,0,0,0,0,0,0,0,0,0,44000,50000,0,50000,128000,134000,-6000,44000
055858,聯茂元大97購03  ,0,0,0,0,0,0,0,0,0,44000,0,0,0,44000,0,44000,44000
055119,力成凱基98購01  ,0,0,0,0,0,0,0,0,0,44000,0,0,0,114000,70000,44000,44000
060419,漢翔永豐9A購01  ,0,0,0,0,0,0,0,0,0,44000,0,0,0,44000,0,44000,44000
061344,禾伸堂元大9A購02,0,0,0,0,0,0,0,0,0,44000,0,0,0,122000,78000,44000,44000
062028,晶技群益9B購01  ,0,0,0,0,0,0,0,0,0,44000,0,0,0,109000,65000,44000,44000
064408,TPK凱基02購01   ,0,0,0,0,0,0,0,0,0,44000,0,0,0,184000,140000,44000,44000
063996,貿聯群益9C購01  ,0,0,0,0,0,0,0,0,0,44000,0,0,0,117000,73000,44000,44000
062509,SP黃豆國票9B購03,0,0,0,0,0,0,0,0,0,44000,0,0,0,44000,0,44000,44000
062659,台灣50群益9B購10,0,0,0,0,0,0,0,0,0,44000,0,0,0,44000,0,44000,44000
2340,光磊            ,187300,126000,61300,0,0,0,0,0,0,-18000,0,0,0,0,18000,-18000,43300
08222P,南六凱基9B售05  ,0,0,0,0,0,0,0,0,0,43000,0,0,0,78000,35000,43000,43000
08520P,和大元大9C售04  ,0,0,0,0,0,0,0,0,0,43000,0,0,0,76000,33000,43000,43000
08471P,日月光凱基9C售02,0,0,0,0,0,0,0,0,0,43000,0,0,0,120000,77000,43000,43000
07674P,金融類元大9A售01,0,0,0,0,0,0,0,0,0,43000,0,0,0,43000,0,43000,43000
065697,旺宏群益9C購07  ,0,0,0,0,0,0,0,0,0,43000,0,0,0,43000,0,43000,43000
065794,麗豐永豐9C購01  ,0,0,0,0,0,0,0,0,0,43000,0,0,0,91000,48000,43000,43000
065899,神基麥證9C購02  ,0,0,0,43000,0,43000,0,0,0,43000,0,0,0,43000,0,43000,43000
064945,中橡凱基9C購01  ,0,0,0,0,0,0,0,0,0,43000,0,0,0,43000,0,43000,43000
057838,台郡國泰99購01  ,0,0,0,0,0,0,0,0,0,43000,0,0,0,130000,87000,43000,43000
046942,友達元大99購01  ,0,0,0,0,0,0,0,0,0,43000,0,0,0,653000,610000,43000,43000
053186,健策中信9C購01  ,0,0,0,0,0,0,0,0,0,43000,0,0,0,63000,20000,43000,43000
057267,康控兆豐99購01  ,0,0,0,0,0,0,0,0,0,43000,0,0,0,43000,0,43000,43000
057189,康控元大98購02  ,0,0,0,0,0,0,0,0,0,43000,0,0,0,92000,49000,43000,43000
057328,京鼎群益99購02  ,0,0,0,0,0,0,0,0,0,43000,0,0,0,43000,0,43000,43000
057292,國巨國泰9B購01  ,0,0,0,0,0,0,0,0,0,43000,0,0,0,64000,21000,43000,43000
061881,緯穎元大9B購02  ,0,0,0,0,0,0,0,0,0,43000,0,0,0,58000,15000,43000,43000
062158,禾伸堂凱基9B購01,0,0,0,0,0,0,0,0,0,43000,0,0,0,43000,0,43000,43000
059253,康控凱基9B購02  ,0,0,0,0,0,0,0,0,0,43000,0,0,0,43000,0,43000,43000
058901,美律元大99購07  ,0,0,0,0,0,0,0,0,0,43000,0,0,0,73000,30000,43000,43000
062820,禾伸堂兆豐9B購01,0,0,0,0,0,0,0,0,0,43000,0,0,0,75000,32000,43000,43000
062284,華擎群益9C購03  ,0,0,0,0,0,0,0,0,0,43000,0,0,0,50000,7000,43000,43000
063358,華擎國泰01購01  ,0,0,0,0,0,0,0,0,0,43000,0,0,0,1271000,1228000,43000,43000
064185,裕隆永豐9C購01  ,0,0,0,0,0,0,0,0,0,43000,0,0,0,136000,93000,43000,43000
064527,裕隆中信01購01  ,0,0,0,0,0,0,0,0,0,43000,0,0,0,45000,2000,43000,43000
2034,允強            ,76000,13000,63000,0,0,0,0,0,0,-20000,0,20000,-20000,0,0,0,43000
064901,牧德群益9C購01  ,0,0,0,0,0,0,0,0,0,42000,0,0,0,42000,0,42000,42000
065225,神隆凱基01購01  ,0,0,0,0,0,0,0,0,0,42000,0,0,0,166000,124000,42000,42000
065465,麗豐中信9C購01  ,0,0,0,0,0,0,0,0,0,42000,0,0,0,52000,10000,42000,42000
07898P,國巨國泰9C售02  ,0,0,0,0,0,0,0,0,0,42000,0,0,0,66000,24000,42000,42000
056693,國產群益98購01  ,0,0,0,0,0,0,0,0,0,42000,0,0,0,126000,84000,42000,42000
056431,鴻海凱基98購07  ,0,0,0,0,0,0,0,0,0,42000,0,0,0,49000,7000,42000,42000
060052,宏碁凱基99購01  ,0,0,0,0,0,0,0,0,0,42000,0,0,0,73000,31000,42000,42000
061964,台積電統一01購05,0,0,0,0,0,0,0,0,0,42000,0,0,0,151000,109000,42000,42000
060774,南亞科凱基9A購01,0,0,0,0,0,0,0,0,0,42000,0,0,0,42000,0,42000,42000
061531,奇鋐台新9A購01  ,0,0,0,0,0,0,0,0,0,42000,0,0,0,136000,94000,42000,42000
064537,健鼎國票01購02  ,0,0,0,0,0,0,0,0,0,42000,0,0,0,77000,35000,42000,42000
064263,貿聯永豐9C購01  ,0,0,0,0,0,0,0,0,0,42000,0,0,0,93000,51000,42000,42000
063945,京元電元大9C購01,0,0,0,0,0,0,0,0,0,42000,0,0,0,68000,26000,42000,42000
063229,台表科群益9B購04,0,0,0,0,0,0,0,0,0,42000,0,0,0,92000,50000,42000,42000
063167,同欣電永豐9B購03,0,0,0,0,0,0,0,0,0,42000,0,0,0,248000,206000,42000,42000
062495,友達中信01購02  ,0,0,0,0,0,0,0,0,0,42000,0,0,0,52000,10000,42000,42000
062559,嘉晶凱基9B購02  ,0,0,0,0,0,0,0,0,0,42000,0,0,0,55000,13000,42000,42000
062638,茂林國票9C購01  ,0,0,0,0,0,0,0,0,0,42000,0,0,0,92000,50000,42000,42000
3703,欣陸            ,27000,45000,-18000,0,0,0,0,0,0,60000,60000,0,60000,0,0,0,42000
07630P,臺股指凱基9A售11,0,0,0,0,0,0,0,0,0,41000,0,0,0,52000,11000,41000,41000
07197P,臺股指元大99售13,0,0,0,0,0,0,0,0,0,41000,0,0,0,41000,0,41000,41000
065421,康友國票01購01  ,0,0,0,0,0,0,0,0,0,41000,0,0,0,116000,75000,41000,41000
065261,技嘉元大9C購03  ,0,0,0,0,0,0,0,0,0,41000,0,0,0,236000,195000,41000,41000
065812,寶成群益9C購02  ,0,0,0,0,0,0,0,0,0,41000,0,0,0,41000,0,41000,41000
065646,健鼎元大9C購04  ,0,0,0,0,0,0,0,0,0,41000,0,0,0,41000,0,41000,41000
056551,台郡凱基98購04  ,0,0,0,0,0,0,0,0,0,41000,0,0,0,100000,59000,41000,41000
057150,貿聯國票99購02  ,0,0,0,0,0,0,0,0,0,41000,0,0,0,91000,50000,41000,41000
057547,技嘉凱基99購01  ,0,0,0,0,0,0,0,0,0,41000,0,0,0,55000,14000,41000,41000
03026X,元展23          ,0,0,0,0,0,0,0,0,0,41000,0,0,0,41000,0,41000,41000
055829,上銀元大97購06  ,0,0,0,0,0,0,0,0,0,41000,0,0,0,41000,0,41000,41000
055368,台積電元大97購24,0,0,0,0,0,0,0,0,0,41000,0,0,0,41000,0,41000,41000
061542,旺宏群益9A購04  ,0,0,0,0,0,0,0,0,0,41000,0,0,0,41000,0,41000,41000
059297,大立光元富9C購01,0,0,0,0,0,0,0,0,0,41000,0,0,0,159000,118000,41000,41000
059511,宏達電永豐99購02,0,0,0,0,0,0,0,0,0,41000,0,0,0,116000,75000,41000,41000
060704,台積電富邦01購01,0,0,0,0,0,0,0,0,0,41000,0,0,0,41000,0,41000,41000
062090,南電元大9B購02  ,0,0,0,0,0,0,0,0,0,41000,0,0,0,45000,4000,41000,41000
064265,嘉聯益永豐9C購02,0,0,0,0,0,0,0,0,0,41000,0,0,0,58000,17000,41000,41000
064435,聯發科凱基02購03,0,0,0,0,0,0,0,0,0,41000,0,0,0,71000,30000,41000,41000
4942,嘉彰            ,73000,32000,41000,0,0,0,0,0,0,0,0,0,0,0,0,0,41000
2421,建準            ,1086000,715000,371000,0,0,0,0,337000,-337000,7000,0,0,0,60000,53000,7000,41000
6698,旭暉應材        ,59000,18000,41000,0,0,0,0,0,0,0,0,0,0,0,0,0,41000
065589,景碩永豐9C購02  ,0,0,0,0,0,0,0,0,0,40000,0,0,0,50000,10000,40000,40000
065866,鴻海群益9C購07  ,0,0,0,0,0,0,0,0,0,40000,0,0,0,45000,5000,40000,40000
064894,漢唐群益9C購02  ,0,0,0,0,0,0,0,0,0,40000,0,0,0,43000,3000,40000,40000
08278P,玉晶光元富9C售02,0,0,0,0,0,0,0,0,0,40000,0,0,0,150000,110000,40000,40000
055487,國巨元大98購07  ,0,0,0,0,0,0,0,0,0,40000,0,0,0,49000,9000,40000,40000
055196,致新元富97購01  ,0,0,0,0,0,0,0,0,0,40000,0,0,0,90000,50000,40000,40000
055084,國巨第一97購01  ,0,0,0,0,0,0,0,0,0,40000,0,0,0,40000,0,40000,40000
054309,禾伸堂凱基98購01,0,0,0,0,0,0,0,0,0,40000,0,0,0,66000,26000,40000,40000
054169,上緯控凱基98購01,0,0,0,0,0,0,0,0,0,40000,0,0,0,75000,35000,40000,40000
053904,漢唐凱基97購01  ,0,0,0,0,0,0,0,0,0,40000,0,0,0,40000,0,40000,40000
055893,大立光統一97購07,0,0,0,0,0,0,0,0,0,40000,0,0,0,40000,0,40000,40000
055675,亞德客凱基97購02,0,0,0,0,0,0,0,0,0,40000,0,0,0,40000,0,40000,40000
053522,臺股指群益99購01,0,0,0,0,0,0,0,0,0,40000,0,0,0,40000,0,40000,40000
050508,上証2X元大97購01,0,0,0,0,0,0,0,0,0,40000,0,0,0,140000,100000,40000,40000
050714,深中小群益98購01,0,0,0,0,0,0,0,0,0,40000,0,0,0,40000,0,40000,40000
050797,聯發科中信99購01,0,0,0,0,0,0,0,0,0,40000,0,0,0,40000,0,40000,40000
053152,大立光元大99購01,0,0,0,0,0,0,0,0,0,40000,0,0,0,40000,0,40000,40000
053013,台積電統一97購01,0,0,0,0,0,0,0,0,0,40000,0,0,0,69000,29000,40000,40000
0054,元大台商50      ,0,0,0,0,0,0,0,0,0,40000,0,0,0,40000,0,40000,40000
057368,微星元大98購02  ,0,0,0,0,0,0,0,0,0,40000,0,0,0,50000,10000,40000,40000
056320,京鼎群益99購01  ,0,0,0,0,0,0,0,0,0,40000,0,0,0,156000,116000,40000,40000
057279,國揚元大98購01  ,0,0,0,0,0,0,0,0,0,40000,0,0,0,40000,0,40000,40000
056764,友達元大9A購03  ,0,0,0,0,0,0,0,0,0,40000,0,0,0,40000,0,40000,40000
062241,滬深2X元大9B購03,0,0,0,0,0,0,0,0,0,40000,0,0,0,40000,0,40000,40000
061955,FANG+統一9B購01 ,0,0,0,0,0,0,0,0,0,40000,0,0,0,40000,0,40000,40000
060601,技嘉凱基9A購02  ,0,0,0,0,0,0,0,0,0,40000,0,0,0,40000,0,40000,40000
060566,聯詠富邦9C購01  ,0,0,0,0,0,0,0,0,0,40000,0,0,0,40000,0,40000,40000
060031,旭富永豐99購02  ,0,0,0,0,0,0,0,0,0,40000,0,0,0,40000,0,40000,40000
060346,華新科統一01購01,0,0,0,0,0,0,0,0,0,40000,0,0,0,40000,0,40000,40000
060381,元黃金凱基9A購01,0,0,0,0,0,0,0,0,0,40000,0,0,0,40000,0,40000,40000
059559,T50反1凱基99購07,0,0,0,0,0,0,0,0,0,40000,0,0,0,50000,10000,40000,40000
058239,景碩元大99購03  ,0,0,0,0,0,0,0,0,0,40000,0,0,0,50000,10000,40000,40000
058568,宏達電凱基9A購02,0,0,0,0,0,0,0,0,0,40000,0,0,0,43000,3000,40000,40000
061316,台積電凱基9A購24,0,0,0,0,0,0,0,0,0,40000,0,0,0,51000,11000,40000,40000
061281,台積電統一9C購05,0,0,0,0,0,0,0,0,0,40000,0,0,0,40000,0,40000,40000
061437,燿華凱基9A購01  ,0,0,0,0,0,0,0,0,0,40000,0,0,0,100000,60000,40000,40000
064423,義隆兆豐9C購02  ,0,0,0,0,0,0,0,0,0,40000,0,0,0,117000,77000,40000,40000
064542,聯電凱基02購01  ,0,0,0,0,0,0,0,0,0,40000,0,0,0,118000,78000,40000,40000
064458,玉晶光統一01購09,0,0,0,0,0,0,0,0,0,40000,0,0,0,40000,0,40000,40000
064783,貿聯群益9C購03  ,0,0,0,0,0,0,0,0,0,40000,0,0,0,40000,0,40000,40000
064193,華新群益9C購01  ,0,0,0,0,0,0,0,0,0,40000,0,0,0,144000,104000,40000,40000
064170,儒鴻元富9C購01  ,0,0,0,0,0,0,0,0,0,40000,0,0,0,246000,206000,40000,40000
063826,中興電國票01購01,0,0,0,0,0,0,0,0,0,40000,0,0,0,78000,38000,40000,40000
063762,緯穎統一9C購01  ,0,0,0,0,0,0,0,0,0,40000,0,0,0,40000,0,40000,40000
062618,祥碩元大9B購04  ,0,0,0,0,0,0,0,0,0,40000,0,0,0,40000,0,40000,40000
062673,台新金中信03購01,0,0,0,0,0,0,0,0,0,40000,0,0,0,60000,20000,40000,40000
062952,台積電永豐9B購02,0,0,0,0,0,0,0,0,0,40000,0,0,0,40000,0,40000,40000
062277,廣達群益9B購01  ,0,0,0,0,0,0,0,0,0,40000,0,0,0,157000,117000,40000,40000
063041,貿聯凱基9B購01  ,0,0,0,0,0,0,0,0,0,40000,0,0,0,70000,30000,40000,40000
063367,GIS富邦9B購01   ,0,0,0,0,0,0,0,0,0,40000,0,0,0,120000,80000,40000,40000
06332P,世紀鋼群益98售01,0,0,0,0,0,0,0,0,0,40000,0,0,0,40000,0,40000,40000
063535,聯發科統一9B購13,0,0,0,0,0,0,0,0,0,40000,0,0,0,40000,0,40000,40000
6224,聚鼎            ,50000,36000,14000,0,0,0,0,0,0,26000,26000,0,26000,0,0,0,40000
2239,英利-KY         ,56000,16000,40000,0,0,0,0,0,0,0,0,0,0,0,0,0,40000
1590,亞德客-KY       ,272535,195000,77535,0,0,0,0,35000,-35000,-3000,0,1000,-1000,0,2000,-2000,39535
07851P,聯發科國票9A售05,0,0,0,0,0,0,0,0,0,39000,0,0,0,150000,111000,39000,39000
08003P,國巨國泰9B售07  ,0,0,0,0,0,0,0,0,0,39000,0,0,0,39000,0,39000,39000
064905,嘉聯益群益9C購01,0,0,0,0,0,0,0,0,0,39000,0,0,0,39000,0,39000,39000
065845,友達元大9C購12  ,0,0,0,0,0,0,0,0,0,39000,0,0,0,59000,20000,39000,39000
065559,超眾凱基9C購03  ,0,0,0,0,0,0,0,0,0,39000,0,0,0,42000,3000,39000,39000
057243,樺漢凱基99購01  ,0,0,0,0,0,0,0,0,0,39000,0,0,0,44000,5000,39000,39000
057365,智邦元大98購07  ,0,0,0,0,0,0,0,0,0,39000,0,0,0,58000,19000,39000,39000
054555,欣興凱基98購01  ,0,0,0,0,0,0,0,0,0,39000,0,0,0,133000,94000,39000,39000
059284,緯穎永豐99購03  ,0,0,0,0,0,0,0,0,0,39000,0,0,0,39000,0,39000,39000
059731,康控元大99購04  ,0,0,0,0,0,0,0,0,0,39000,0,0,0,67000,28000,39000,39000
060029,嘉晶永豐99購03  ,0,0,0,0,0,0,0,0,0,39000,0,0,0,110000,71000,39000,39000
063327,燿華國票9C購02  ,0,0,0,0,0,0,0,0,0,39000,0,0,0,130000,91000,39000,39000
063376,神達永豐9B購01  ,0,0,0,0,0,0,0,0,0,39000,0,0,0,301000,262000,39000,39000
062437,廣達元大9B購01  ,0,0,0,0,0,0,0,0,0,39000,0,0,0,220000,181000,39000,39000
064353,力成元大9C購02  ,0,0,0,0,0,0,0,0,0,39000,0,0,0,162000,123000,39000,39000
055416,欣興富邦98購01  ,0,0,0,0,0,0,0,0,0,38000,0,0,0,68000,30000,38000,38000
055318,華通國票98購01  ,0,0,0,0,0,0,0,0,0,38000,0,0,0,84000,46000,38000,38000
020012,富邦行動通訊N   ,0,0,0,0,0,0,0,0,0,38000,0,0,0,152000,114000,38000,38000
057940,和大國票99購01  ,0,0,0,0,0,0,0,0,0,38000,0,0,0,38000,0,38000,38000
056669,貿聯國票99購01  ,0,0,0,0,0,0,0,0,0,38000,0,0,0,38000,0,38000,38000
062111,台勝科國票9B購01,0,0,0,0,0,0,0,0,0,38000,0,0,0,38000,0,38000,38000
061617,微星群益9A購02  ,0,0,0,0,0,0,0,0,0,38000,0,0,0,38000,0,38000,38000
064767,宏全凱基9C購01  ,0,0,0,0,0,0,0,0,0,38000,0,0,0,88000,50000,38000,38000
064253,貿聯元富9C購01  ,0,0,0,0,0,0,0,0,0,38000,0,0,0,311000,273000,38000,38000
064242,TPK統一02購01   ,0,0,0,0,0,0,0,0,0,38000,0,0,0,38000,0,38000,38000
062402,台勝科永豐9B購02,0,0,0,0,0,0,0,0,0,38000,0,0,0,38000,0,38000,38000
062814,台光電兆豐9B購01,0,0,0,0,0,0,0,0,0,38000,0,0,0,48000,10000,38000,38000
063412,寶成國票9C購01  ,0,0,0,0,0,0,0,0,0,38000,0,0,0,38000,0,38000,38000
063507,奇鋐群益9B購02  ,0,0,0,0,0,0,0,0,0,38000,0,0,0,38000,0,38000,38000
063081,技嘉凱基9B購02  ,0,0,0,0,0,0,0,0,0,38000,0,0,0,134000,96000,38000,38000
6168,宏齊            ,60000,22000,38000,0,0,0,0,0,0,0,0,0,0,0,0,0,38000
4137,麗豐-KY         ,124000,62000,62000,0,0,0,0,0,0,-24000,0,0,0,1000,25000,-24000,38000
3026,禾伸堂          ,187000,212000,-25000,0,0,0,212000,100000,112000,-49000,0,0,0,11000,60000,-49000,38000
9906,欣巴巴          ,41000,3000,38000,0,0,0,0,0,0,0,0,0,0,0,0,0,38000
065898,神基麥證9C購01  ,0,0,0,37000,0,37000,0,0,0,37000,0,0,0,37000,0,37000,37000
065977,旭富元大02購01  ,0,0,0,0,0,0,0,0,0,37000,0,0,0,65000,28000,37000,37000
064990,世紀鋼元大01購01,0,0,0,0,0,0,0,0,0,37000,0,0,0,68000,31000,37000,37000
065428,旺宏凱基03購01  ,0,0,0,0,0,0,0,0,0,37000,0,0,0,37000,0,37000,37000
08309P,GIS凱基9C售01   ,0,0,0,0,0,0,0,0,0,37000,0,0,0,52000,15000,37000,37000
08171P,嘉澤國票9C售01  ,0,0,0,0,0,0,0,0,0,37000,0,0,0,51000,14000,37000,37000
056603,嘉聯益國泰9A購01,0,0,0,0,0,0,0,0,0,37000,0,0,0,42000,5000,37000,37000
057672,茂林元大98購02  ,0,0,0,0,0,0,0,0,0,37000,0,0,0,105000,68000,37000,37000
061194,聯鈞永豐9A購02  ,0,0,0,0,0,0,0,0,0,37000,0,0,0,37000,0,37000,37000
061026,南電富邦9B購01  ,0,0,0,0,0,0,0,0,0,37000,0,0,0,60000,23000,37000,37000
052937,國巨兆豐97購01  ,0,0,0,0,0,0,0,0,0,37000,0,0,0,37000,0,37000,37000
050077,臺股指凱基99購02,0,0,0,0,0,0,0,0,0,37000,0,0,0,645000,608000,37000,37000
057812,友達元大9A購05  ,0,0,0,0,0,0,0,0,0,37000,0,0,0,255000,218000,37000,37000
054890,聯鈞統一99購01  ,0,0,0,0,0,0,0,0,0,37000,0,0,0,80000,43000,37000,37000
058375,群創凱基9B購04  ,0,0,0,0,0,0,0,0,0,37000,0,0,0,47000,10000,37000,37000
062220,台光電統一01購01,0,0,0,0,0,0,0,0,0,37000,0,0,0,180000,143000,37000,37000
061808,聯發科統一01購02,0,0,0,0,0,0,0,0,0,37000,0,0,0,40000,3000,37000,37000
060126,創意永豐99購04  ,0,0,0,0,0,0,0,0,0,37000,0,0,0,67000,30000,37000,37000
06239P,奇力新元大97售08,0,0,0,0,0,0,0,0,0,37000,0,0,0,37000,0,37000,37000
063984,華邦電國泰02購01,0,0,0,0,0,0,0,0,0,37000,0,0,0,109000,72000,37000,37000
063880,可成元富9C購01  ,0,0,0,0,0,0,0,0,0,37000,0,0,0,74000,37000,37000,37000
064413,世紀鋼凱基02購01,0,0,0,0,0,0,0,0,0,37000,0,0,0,42000,5000,37000,37000
064504,玉晶光元大01購02,0,0,0,0,0,0,0,0,0,37000,0,0,0,62000,25000,37000,37000
064497,可成元大01購02  ,0,0,0,0,0,0,0,0,0,37000,0,0,0,90000,53000,37000,37000
8261,富鼎            ,353000,316000,37000,0,0,0,0,0,0,0,0,0,0,0,0,0,37000
9940,信義            ,57000,20000,37000,0,0,0,0,0,0,0,0,0,0,0,0,0,37000
08186P,泰碩永豐9B售03  ,0,0,0,0,0,0,0,0,0,36000,0,0,0,80000,44000,36000,36000
065131,晶技兆豐01購01  ,0,0,0,0,0,0,0,0,0,36000,0,0,0,82000,46000,36000,36000
056980,建準群益98購02  ,0,0,0,0,0,0,0,0,0,36000,0,0,0,36000,0,36000,36000
055621,國巨國泰98購03  ,0,0,0,0,0,0,0,0,0,36000,0,0,0,36000,0,36000,36000
020008,元大特股高息N   ,0,0,0,0,0,0,0,0,0,36000,0,0,0,38000,2000,36000,36000
057431,京鼎兆豐98購02  ,0,0,0,0,0,0,0,0,0,36000,0,0,0,56000,20000,36000,36000
058073,大立光凱基99購04,0,0,0,0,0,0,0,0,0,36000,0,0,0,36000,0,36000,36000
058068,旺宏凱基98購11  ,0,0,0,0,0,0,0,0,0,36000,0,0,0,68000,32000,36000,36000
062106,華邦電國票9B購02,0,0,0,0,0,0,0,0,0,36000,0,0,0,114000,78000,36000,36000
062022,緯穎永豐9B購01  ,0,0,0,0,0,0,0,0,0,36000,0,0,0,40000,4000,36000,36000
063914,和碩凱基9C購01  ,0,0,0,0,0,0,0,0,0,36000,0,0,0,134000,98000,36000,36000
064128,國產元大9C購01  ,0,0,0,0,0,0,0,0,0,36000,0,0,0,473000,437000,36000,36000
062550,啟碁永豐9B購01  ,0,0,0,0,0,0,0,0,0,36000,0,0,0,37000,1000,36000,36000
062999,聯茂國票9C購01  ,0,0,0,0,0,0,0,0,0,36000,0,0,0,41000,5000,36000,36000
6226,光鼎            ,100000,64000,36000,0,0,0,0,0,0,0,0,0,0,0,0,0,36000
065112,台表科國票02購01,0,0,0,0,0,0,0,0,0,35000,0,0,0,35000,0,35000,35000
065417,嘉晶國票01購02  ,0,0,0,0,0,0,0,0,0,35000,0,0,0,35000,0,35000,35000
065327,台表科凱基9C購02,0,0,0,0,0,0,0,0,0,35000,0,0,0,142000,107000,35000,35000
08175P,金像電統一9B售02,0,0,0,0,0,0,0,0,0,35000,0,0,0,40000,5000,35000,35000
08019P,緯穎國票9B售02  ,0,0,0,0,0,0,0,0,0,35000,0,0,0,155000,120000,35000,35000
07627P,超眾凱基9A售02  ,0,0,0,0,0,0,0,0,0,35000,0,0,0,35000,0,35000,35000
07055P,景碩群益9A售02  ,0,0,0,0,0,0,0,0,0,35000,0,0,0,35000,0,35000,35000
057638,上銀元大99購01  ,0,0,0,0,0,0,0,0,0,35000,0,0,0,35000,0,35000,35000
061138,晶技統一9C購01  ,0,0,0,0,0,0,0,0,0,35000,0,0,0,35000,0,35000,35000
056464,臺股指凱基99購06,0,0,0,0,0,0,0,0,0,35000,0,0,0,55000,20000,35000,35000
056404,嘉聯益群益9A購01,0,0,0,0,0,0,0,0,0,35000,0,0,0,35000,0,35000,35000
056969,智易永豐98購01  ,0,0,0,0,0,0,0,0,0,35000,0,0,0,45000,10000,35000,35000
055249,大毅統一99購01  ,0,0,0,0,0,0,0,0,0,35000,0,0,0,35000,0,35000,35000
054540,泰鼎國票99購01  ,0,0,0,0,0,0,0,0,0,35000,0,0,0,35000,0,35000,35000
061975,華通元大9B購01  ,0,0,0,0,0,0,0,0,0,35000,0,0,0,98000,63000,35000,35000
061935,台積電國票9B購07,0,0,0,0,0,0,0,0,0,35000,0,0,0,35000,0,35000,35000
061770,泰碩元大9B購02  ,0,0,0,0,0,0,0,0,0,35000,0,0,0,50000,15000,35000,35000
061665,旺宏中信9C購01  ,0,0,0,0,0,0,0,0,0,35000,0,0,0,35000,0,35000,35000
059515,牧德永豐99購01  ,0,0,0,0,0,0,0,0,0,35000,0,0,0,49000,14000,35000,35000
061521,亞光兆豐9A購02  ,0,0,0,0,0,0,0,0,0,35000,0,0,0,160000,125000,35000,35000
062998,泰碩國票01購01  ,0,0,0,0,0,0,0,0,0,35000,0,0,0,35000,0,35000,35000
063251,同欣電元大9B購04,0,0,0,0,0,0,0,0,0,35000,0,0,0,156000,121000,35000,35000
063420,奇力新凱基9B購03,0,0,0,0,0,0,0,0,0,35000,0,0,0,55000,20000,35000,35000
063369,聚陽永豐9B購01  ,0,0,0,0,0,0,0,0,0,35000,0,0,0,338000,303000,35000,35000
062479,TPK國票9B購01   ,0,0,0,0,0,0,0,0,0,35000,0,0,0,38000,3000,35000,35000
064122,國巨元大9C購17  ,0,0,0,0,0,0,0,0,0,35000,0,0,0,52000,17000,35000,35000
064157,健鼎統一01購02  ,0,0,0,0,0,0,0,0,0,35000,0,0,0,428000,393000,35000,35000
063756,鴻海統一9B購09  ,0,0,0,0,0,0,0,0,0,35000,0,0,0,40000,5000,35000,35000
063772,智邦富邦9B購02  ,0,0,0,0,0,0,0,0,0,35000,0,0,0,81000,46000,35000,35000
06436P,台光電國票98售04,0,0,0,0,0,0,0,0,0,35000,0,0,0,35000,0,35000,35000
064295,聚陽國票01購01  ,0,0,0,0,0,0,0,0,0,35000,0,0,0,35000,0,35000,35000
6155,鈞寶            ,51000,16000,35000,0,0,0,0,0,0,0,0,0,0,0,0,0,35000
2852,第一保          ,39000,3000,36000,0,0,0,0,0,0,-1000,0,1000,-1000,0,0,0,35000
065005,台光電國票01購02,0,0,0,0,0,0,0,0,0,34000,0,0,0,131000,97000,34000,34000
061213,群創元大9A購05  ,0,0,0,0,0,0,0,0,0,34000,0,0,0,58000,24000,34000,34000
057374,禾伸堂元大99購03,0,0,0,0,0,0,0,0,0,34000,0,0,0,34000,0,34000,34000
057544,鴻海凱基02購01  ,0,0,0,0,0,0,0,0,0,34000,0,0,0,484000,450000,34000,34000
060510,大立光元大9A購03,0,0,0,0,0,0,0,0,0,34000,0,0,0,74000,40000,34000,34000
061327,台郡凱基9A購02  ,0,0,0,0,0,0,0,0,0,34000,0,0,0,75000,41000,34000,34000
060777,茂林凱基9C購01  ,0,0,0,0,0,0,0,0,0,34000,0,0,0,74000,40000,34000,34000
062097,台光電永豐9B購01,0,0,0,0,0,0,0,0,0,34000,0,0,0,262000,228000,34000,34000
064191,聯發科中信03購01,0,0,0,0,0,0,0,0,0,34000,0,0,0,55000,21000,34000,34000
064112,宏碁國票01購01  ,0,0,0,0,0,0,0,0,0,34000,0,0,0,72000,38000,34000,34000
063544,華新科台新9B購02,0,0,0,0,0,0,0,0,0,34000,0,0,0,40000,6000,34000,34000
3454,晶睿            ,52000,20000,32000,0,0,0,0,0,0,2000,2000,0,2000,0,0,0,34000
8462,柏文            ,40000,8000,32000,0,0,0,0,0,0,2000,0,0,0,2000,0,2000,34000
065219,緯穎國泰01購01  ,0,0,0,0,0,0,0,0,0,33000,0,0,0,80000,47000,33000,33000
06803P,臺股指群益98售09,0,0,0,0,0,0,0,0,0,33000,0,0,0,35000,2000,33000,33000
065720,義隆兆豐9C購03  ,0,0,0,0,0,0,0,0,0,33000,0,0,0,207000,174000,33000,33000
08201P,祥碩元大9B售09  ,0,0,0,0,0,0,0,0,0,33000,0,0,0,320000,287000,33000,33000
1615,大山            ,43000,8000,35000,0,0,0,0,0,0,-2000,0,2000,-2000,0,0,0,33000
056724,臻鼎中信9A購01  ,0,0,0,0,0,0,0,0,0,33000,0,0,0,363000,330000,33000,33000
057973,神達富邦9A購01  ,0,0,0,0,0,0,0,0,0,33000,0,0,0,750000,717000,33000,33000
056914,臺股指元大99購09,0,0,0,0,0,0,0,0,0,33000,0,0,0,33000,0,33000,33000
060747,聯鈞國票9A購02  ,0,0,0,0,0,0,0,0,0,33000,0,0,0,60000,27000,33000,33000
061698,智邦國票9A購04  ,0,0,0,0,0,0,0,0,0,33000,0,0,0,33000,0,33000,33000
060109,茂林元大99購05  ,0,0,0,0,0,0,0,0,0,33000,0,0,0,70000,37000,33000,33000
060051,台積電凱基9B購01,0,0,0,0,0,0,0,0,0,33000,0,0,0,116000,83000,33000,33000
058628,宏達電國票9A購01,0,0,0,0,0,0,0,0,0,33000,0,0,0,33000,0,33000,33000
058504,台積電元大99購07,0,0,0,0,0,0,0,0,0,33000,0,0,0,85000,52000,33000,33000
064546,燿華凱基02購01  ,0,0,0,0,0,0,0,0,0,33000,0,0,0,39000,6000,33000,33000
064578,TPK國泰02購01   ,0,0,0,0,0,0,0,0,0,33000,0,0,0,54000,21000,33000,33000
064624,群創元大02購01  ,0,0,0,0,0,0,0,0,0,33000,0,0,0,102000,69000,33000,33000
08561P,台表科國票01售02,0,0,0,0,0,0,0,0,0,32000,0,0,0,52000,20000,32000,32000
08233P,國泰金元富9B售01,0,0,0,0,0,0,0,0,0,32000,0,0,0,32000,0,32000,32000
065844,南亞科元大9C購09,0,0,0,0,0,0,0,0,0,32000,0,0,0,63000,31000,32000,32000
065567,台積電群益01購03,0,0,0,0,0,0,0,0,0,32000,0,0,0,36000,4000,32000,32000
065213,南六國票01購03  ,0,0,0,0,0,0,0,0,0,32000,0,0,0,35000,3000,32000,32000
065147,寶成凱基01購01  ,0,0,0,0,0,0,0,0,0,32000,0,0,0,32000,0,32000,32000
058249,緯穎元大99購04  ,0,0,0,0,0,0,0,0,0,32000,0,0,0,139000,107000,32000,32000
058937,仁寶中信99購01  ,0,0,0,0,0,0,0,0,0,32000,0,0,0,32000,0,32000,32000
060469,台勝科元大9A購02,0,0,0,0,0,0,0,0,0,32000,0,0,0,40000,8000,32000,32000
061414,牧德群益9B購02  ,0,0,0,0,0,0,0,0,0,32000,0,0,0,32000,0,32000,32000
060154,堤維西永豐9A購01,0,0,0,0,0,0,0,0,0,32000,0,0,0,32000,0,32000,32000
062071,華通元大9B購02  ,0,0,0,0,0,0,0,0,0,32000,0,0,0,111000,79000,32000,32000
061931,力山國票9B購02  ,0,0,0,0,0,0,0,0,0,32000,0,0,0,32000,0,32000,32000
061976,國巨元大9B購01  ,0,0,0,0,0,0,0,0,0,32000,0,0,0,73000,41000,32000,32000
064672,同欣電元大01購01,0,0,0,0,0,0,0,0,0,32000,0,0,0,187000,155000,32000,32000
063400,華擎群益9B購03  ,0,0,0,0,0,0,0,0,0,32000,0,0,0,82000,50000,32000,32000
063468,聯詠元大9B購04  ,0,0,0,0,0,0,0,0,0,32000,0,0,0,69000,37000,32000,32000
063301,鴻海凱基9B購08  ,0,0,0,0,0,0,0,0,0,32000,0,0,0,38000,6000,32000,32000
063026,南六元大9B購04  ,0,0,0,0,0,0,0,0,0,32000,0,0,0,81000,49000,32000,32000
062625,華通國票9B購02  ,0,0,0,0,0,0,0,0,0,32000,0,0,0,52000,20000,32000,32000
062771,臺股指凱基9B購15,0,0,0,0,0,0,0,0,0,32000,0,0,0,32000,0,32000,32000
065173,可成元大9C購10  ,0,0,0,0,0,0,0,0,0,31000,0,0,0,32000,1000,31000,31000
065839,鴻海元大9C購17  ,0,0,0,0,0,0,0,0,0,31000,0,0,0,31000,0,31000,31000
054479,緯創中信98購01  ,0,0,0,0,0,0,0,0,0,31000,0,0,0,41000,10000,31000,31000
053888,和大群益97購01  ,0,0,0,0,0,0,0,0,0,31000,0,0,0,31000,0,31000,31000
00700,富邦恒生國企    ,0,0,0,0,0,0,0,0,0,31000,0,0,0,131000,100000,31000,31000
00731,FH富時高息低波  ,2000,2000,0,0,0,0,0,0,0,31000,0,0,0,1104000,1073000,31000,31000
057242,台郡凱基98購05  ,0,0,0,0,0,0,0,0,0,31000,0,0,0,108000,77000,31000,31000
056545,TPK凱基98購02   ,0,0,0,0,0,0,0,0,0,31000,0,0,0,31000,0,31000,31000
061004,友達兆豐9A購01  ,0,0,0,0,0,0,0,0,0,31000,0,0,0,31000,0,31000,31000
061936,旺宏國票9B購03  ,0,0,0,0,0,0,0,0,0,31000,0,0,0,31000,0,31000,31000
060688,世紀鋼元大9C購01,0,0,0,0,0,0,0,0,0,31000,0,0,0,31000,0,31000,31000
058157,華通台新99購01  ,0,0,0,0,0,0,0,0,0,31000,0,0,0,31000,0,31000,31000
063604,群創凱基01購02  ,0,0,0,0,0,0,0,0,0,31000,0,0,0,36000,5000,31000,31000
06445P,大立光凱基98售09,0,0,0,0,0,0,0,0,0,31000,0,0,0,31000,0,31000,31000
063812,智邦群益9C購02  ,0,0,0,0,0,0,0,0,0,31000,0,0,0,42000,11000,31000,31000
6189,豐藝            ,35000,4000,31000,0,0,0,0,0,0,0,0,0,0,0,0,0,31000
2468,華經            ,71000,39000,32000,0,0,0,0,0,0,-1000,0,1000,-1000,0,0,0,31000
3661,世芯-KY         ,140000,101600,38400,0,0,0,0,5000,-5000,-3000,16000,6000,10000,5000,18000,-13000,30400
065822,緯創台新9C購01  ,0,0,0,0,0,0,0,0,0,30000,0,0,0,30000,0,30000,30000
065777,正崴國泰03購01  ,0,0,0,0,0,0,0,0,0,30000,0,0,0,50000,20000,30000,30000
065784,正崴永豐9C購01  ,0,0,0,0,0,0,0,0,0,30000,0,0,0,85000,55000,30000,30000
065524,康控群益01購01  ,0,0,0,0,0,0,0,0,0,30000,0,0,0,50000,20000,30000,30000
065047,群創凱基9C購01  ,0,0,0,0,0,0,0,0,0,30000,0,0,0,37000,7000,30000,30000
064988,志超元大9C購01  ,0,0,0,0,0,0,0,0,0,30000,0,0,0,215000,185000,30000,30000
065201,世芯元富9C購02  ,0,0,0,0,0,0,0,0,0,30000,0,0,0,30000,0,30000,30000
065251,宏達電國泰02購01,0,0,0,0,0,0,0,0,0,30000,0,0,0,73000,43000,30000,30000
1451,年興            ,84000,58000,26000,0,0,0,0,0,0,4000,4000,0,4000,0,0,0,30000
07051P,大立光中信99售02,0,0,0,0,0,0,0,0,0,30000,0,0,0,50000,20000,30000,30000
07015P,國巨元大99售13  ,0,0,0,0,0,0,0,0,0,30000,0,0,0,30000,0,30000,30000
06902P,聯電凱基98售02  ,0,0,0,0,0,0,0,0,0,30000,0,0,0,30000,0,30000,30000
07062P,台積電元大99售15,0,0,0,0,0,0,0,0,0,30000,0,0,0,30000,0,30000,30000
07445P,大立光凱基9A售08,0,0,0,0,0,0,0,0,0,30000,0,0,0,30000,0,30000,30000
07552P,技嘉元大9A售03  ,0,0,0,0,0,0,0,0,0,30000,0,0,0,30000,0,30000,30000
07260P,台灣50元大9A售01,0,0,0,0,0,0,0,0,0,30000,0,0,0,30000,0,30000,30000
07703P,玉晶光中信9B售03,0,0,0,0,0,0,0,0,0,30000,0,0,0,30000,0,30000,30000
07892P,臺股指國票9B售02,0,0,0,0,0,0,0,0,0,30000,0,0,0,30000,0,30000,30000
07842P,力成元大9A售01  ,0,0,0,0,0,0,0,0,0,30000,0,0,0,30000,0,30000,30000
07998P,聯電凱基9C售01  ,0,0,0,0,0,0,0,0,0,30000,0,0,0,36000,6000,30000,30000
060996,臻鼎元大9A購01  ,0,0,0,0,0,0,0,0,0,30000,0,0,0,30000,0,30000,30000
061181,牧德凱基9A購01  ,0,0,0,0,0,0,0,0,0,30000,0,0,0,30000,0,30000,30000
061238,晶技元大9A購02  ,7000,0,7000,0,0,0,0,0,0,23000,0,0,0,109000,86000,23000,30000
061089,台積電統一9C購04,0,0,0,0,0,0,0,0,0,30000,0,0,0,30000,0,30000,30000
057309,南茂兆豐99購01  ,0,0,0,0,0,0,0,0,0,30000,0,0,0,30000,0,30000,30000
058037,台灣50元大9B購02,0,0,0,0,0,0,0,0,0,30000,0,0,0,30000,0,30000,30000
057597,華通群益9A購02  ,0,0,0,0,0,0,0,0,0,30000,0,0,0,30000,0,30000,30000
056553,啟碁凱基98購02  ,0,0,0,0,0,0,0,0,0,30000,0,0,0,30000,0,30000,30000
056623,禾伸堂永豐98購01,0,0,0,0,0,0,0,0,0,30000,0,0,0,30000,0,30000,30000
057972,群創富邦9C購01  ,0,0,0,0,0,0,0,0,0,30000,0,0,0,55000,25000,30000,30000
053085,華新科元大97購04,0,0,0,0,0,0,0,0,0,30000,0,0,0,30000,0,30000,30000
05348P,美律元富98售01  ,0,0,0,0,0,0,0,0,0,30000,0,0,0,80000,50000,30000,30000
053484,國巨國票97購03  ,0,0,0,0,0,0,0,0,0,30000,0,0,0,30000,0,30000,30000
055812,台積電國票99購02,0,0,0,0,0,0,0,0,0,30000,0,0,0,30000,0,30000,30000
050605,上証2X元大97購02,0,0,0,0,0,0,0,0,0,30000,0,0,0,30000,0,30000,30000
049335,聯電統一97購01  ,0,0,0,0,0,0,0,0,0,30000,0,0,0,30000,0,30000,30000
055599,TPK元大97購01   ,0,0,0,0,0,0,0,0,0,30000,0,0,0,30000,0,30000,30000
051902,T50反1元大97購01,0,0,0,0,0,0,0,0,0,30000,0,0,0,30000,0,30000,30000
054156,聯電亞東98購01  ,0,0,0,0,0,0,0,0,0,30000,0,0,0,30000,0,30000,30000
054196,台光電國泰97購02,0,0,0,0,0,0,0,0,0,30000,0,0,0,36000,6000,30000,30000
054771,茂林國票98購02  ,0,0,0,0,0,0,0,0,0,30000,0,0,0,30000,0,30000,30000
055197,致新元富97購02  ,0,0,0,0,0,0,0,0,0,30000,0,0,0,94000,64000,30000,30000
055496,高鐵元大97購02  ,0,0,0,0,0,0,0,0,0,30000,0,0,0,30000,0,30000,30000
058442,玉晶光台新99購01,0,0,0,0,0,0,0,0,0,30000,0,0,0,30000,0,30000,30000
058207,南茂凱基99購01  ,0,0,0,0,0,0,0,0,0,30000,0,0,0,145000,115000,30000,30000
058762,貿聯群益99購03  ,0,0,0,0,0,0,0,0,0,30000,0,0,0,30000,0,30000,30000
059019,元石油統一9B購03,0,0,0,0,0,0,0,0,0,30000,0,0,0,30000,0,30000,30000
06143P,鴻海永豐97售02  ,0,0,0,0,0,0,0,0,0,30000,0,0,0,30000,0,30000,30000
060464,台積電元大9A購11,0,0,0,0,0,0,0,0,0,30000,0,0,0,30000,0,30000,30000
060474,中租元大9B購01  ,0,0,0,0,0,0,0,0,0,30000,0,0,0,30000,0,30000,30000
060425,凌華永豐9A購01  ,0,0,0,0,0,0,0,0,0,30000,0,0,0,117000,87000,30000,30000
060227,和大元大9A購01  ,0,0,0,0,0,0,0,0,0,30000,0,0,0,30000,0,30000,30000
058671,旺宏群益9A購01  ,0,0,0,0,0,0,0,0,0,30000,0,0,0,30000,0,30000,30000
058658,瑞儀中信99購01  ,0,0,0,0,0,0,0,0,0,30000,0,0,0,50000,20000,30000,30000
060657,旺宏統一9B購05  ,0,0,0,0,0,0,0,0,0,30000,0,0,0,50000,20000,30000,30000
060720,嘉聯益永豐9A購02,0,0,0,0,0,0,0,0,0,30000,0,0,0,30000,0,30000,30000
058069,美律凱基99購05  ,0,0,0,0,0,0,0,0,0,30000,0,0,0,40000,10000,30000,30000
058099,鴻海國泰9A購02  ,0,0,0,0,0,0,0,0,0,30000,0,0,0,30000,0,30000,30000
060758,台積電元大9A購19,0,0,0,0,0,0,0,0,0,30000,0,0,0,159000,129000,30000,30000
06214P,國巨國票98售04  ,0,0,0,0,0,0,0,0,0,30000,0,0,0,30000,0,30000,30000
060083,和大元大99購02  ,0,0,0,0,0,0,0,0,0,30000,0,0,0,30000,0,30000,30000
060383,葡萄王凱基9A購01,0,0,0,0,0,0,0,0,0,30000,0,0,0,65000,35000,30000,30000
059248,華新科凱基99購04,0,0,0,0,0,0,0,0,0,30000,0,0,0,61000,31000,30000,30000
059877,康控凱基99購05  ,0,0,0,0,0,0,0,0,0,30000,0,0,0,51000,21000,30000,30000
060313,淘帝永豐9A購01  ,0,0,0,0,0,0,0,0,0,30000,0,0,0,30000,0,30000,30000
059819,台積電凱基99購17,0,0,0,0,0,0,0,0,0,30000,0,0,0,40000,10000,30000,30000
059789,貿聯元大9A購02  ,0,0,0,0,0,0,0,0,0,30000,0,0,0,30000,0,30000,30000
063821,南亞科麥證9C購01,0,0,0,30000,0,30000,0,0,0,30000,0,0,0,30000,0,30000,30000
063919,大立光元富03購01,0,0,0,0,0,0,0,0,0,30000,0,0,0,180000,150000,30000,30000
063727,鴻海元大9C購05  ,0,0,0,0,0,0,0,0,0,30000,0,0,0,35000,5000,30000,30000
064057,緯穎統一02購01  ,0,0,0,0,0,0,0,0,0,30000,0,0,0,385000,355000,30000,30000
06457P,玉晶光統一98售02,0,0,0,0,0,0,0,0,0,30000,0,0,0,30000,0,30000,30000
064549,神基凱基9C購01  ,0,0,0,0,0,0,0,0,0,30000,0,0,0,50000,20000,30000,30000
064608,滬深2X元大9C購11,0,0,0,0,0,0,0,0,0,30000,0,0,0,30000,0,30000,30000
064761,神達凱基9C購01  ,0,0,0,0,0,0,0,0,0,30000,0,0,0,213000,183000,30000,30000
063636,聯發科元大9B購26,0,0,0,0,0,0,0,0,0,30000,0,0,0,30000,0,30000,30000
063030,華通凱基9B購03  ,0,0,0,0,0,0,0,0,0,30000,0,0,0,31000,1000,30000,30000
063018,聯發科元大9B購14,0,0,0,0,0,0,0,0,0,30000,0,0,0,60000,30000,30000,30000
063134,裕隆統一01購01  ,0,0,0,0,0,0,0,0,0,30000,0,0,0,555000,525000,30000,30000
063126,TPK元大9B購01   ,0,0,0,0,0,0,0,0,0,30000,0,0,0,30000,0,30000,30000
063257,牧德國泰01購01  ,0,0,0,0,0,0,0,0,0,30000,0,0,0,30000,0,30000,30000
063203,華新科統一9C購04,0,0,0,0,0,0,0,0,0,30000,0,0,0,74000,44000,30000,30000
062862,瑞儀國票9B購01  ,0,0,0,0,0,0,0,0,0,30000,0,0,0,75000,45000,30000,30000
06296P,燿華元大98售01  ,0,0,0,0,0,0,0,0,0,30000,0,0,0,42000,12000,30000,30000
062568,緯穎中信9C購01  ,0,0,0,0,0,0,0,0,0,30000,0,0,0,110000,80000,30000,30000
062282,禾伸堂群益9B購01,0,0,0,0,0,0,0,0,0,30000,0,0,0,60000,30000,30000,30000
062292,旭富永豐9B購01  ,0,0,0,0,0,0,0,0,0,30000,0,0,0,30000,0,30000,30000
062325,鴻海統一9B購05  ,0,0,0,0,0,0,0,0,0,30000,0,0,0,115000,85000,30000,30000
06921P,台光電凱基98售06,0,0,0,0,0,0,0,0,0,29000,0,0,0,29000,0,29000,29000
064983,力成元大9C購04  ,0,0,0,0,0,0,0,0,0,29000,0,0,0,194000,165000,29000,29000
064925,和碩統一02購01  ,0,0,0,0,0,0,0,0,0,29000,0,0,0,535000,506000,29000,29000
065549,智邦凱基9C購03  ,0,0,0,0,0,0,0,0,0,29000,0,0,0,162000,133000,29000,29000
065786,神基永豐9C購01  ,0,0,0,0,0,0,0,0,0,29000,0,0,0,29000,0,29000,29000
054210,台光電國票97購03,0,0,0,0,0,0,0,0,0,29000,0,0,0,29000,0,29000,29000
056171,鴻海元富97購10  ,0,0,0,0,0,0,0,0,0,29000,0,0,0,29000,0,29000,29000
056479,玉晶光元大99購05,0,0,0,0,0,0,0,0,0,29000,0,0,0,48000,19000,29000,29000
056787,健鼎群益98購01  ,0,0,0,0,0,0,0,0,0,29000,0,0,0,29000,0,29000,29000
057477,智邦元大98購09  ,0,0,0,0,0,0,0,0,0,29000,0,0,0,67000,38000,29000,29000
060547,瑞昱凱基9A購01  ,0,0,0,0,0,0,0,0,0,29000,0,0,0,29000,0,29000,29000
061990,台勝科元大9C購01,0,0,0,0,0,0,0,0,0,29000,0,0,0,90000,61000,29000,29000
061973,上銀元大9B購01  ,0,0,0,0,0,0,0,0,0,29000,0,0,0,29000,0,29000,29000
058721,立積元富9C購01  ,0,0,0,0,0,0,0,0,0,29000,0,0,0,630000,601000,29000,29000
058586,鴻海中信01購02  ,0,0,0,0,0,0,0,0,0,29000,0,0,0,42000,13000,29000,29000
060503,技嘉元大9A購01  ,0,0,0,0,0,0,0,0,0,29000,0,0,0,42000,13000,29000,29000
061458,臻鼎凱基9A購02  ,0,0,0,0,0,0,0,0,0,29000,0,0,0,39000,10000,29000,29000
061719,緯穎凱基9A購06  ,0,0,0,0,0,0,0,0,0,29000,0,0,0,96000,67000,29000,29000
059117,禾伸堂永豐99購01,0,0,0,0,0,0,0,0,0,29000,0,0,0,39000,10000,29000,29000
062823,台表科兆豐9B購01,0,0,0,0,0,0,0,0,0,29000,0,0,0,29000,0,29000,29000
063217,元金2X群益9B購03,0,0,0,0,0,0,0,0,0,29000,0,0,0,29000,0,29000,29000
064666,華新科元大02購01,0,0,0,0,0,0,0,0,0,29000,0,0,0,102000,73000,29000,29000
064752,台達電凱基01購01,0,0,0,0,0,0,0,0,0,29000,0,0,0,192000,163000,29000,29000
064427,喬山凱基01購01  ,0,0,0,0,0,0,0,0,0,29000,0,0,0,50000,21000,29000,29000
064084,群創中信06購02  ,0,0,0,0,0,0,0,0,0,29000,0,0,0,154000,125000,29000,29000
064078,台積電中信06購04,0,0,0,0,0,0,0,0,0,29000,0,0,0,32000,3000,29000,29000
064014,貿聯國票01購01  ,0,0,0,0,0,0,0,0,0,29000,0,0,0,29000,0,29000,29000
064029,宏達電元大9C購01,0,0,0,0,0,0,0,0,0,29000,0,0,0,56000,27000,29000,29000
064182,臻鼎富邦01購01  ,0,0,0,0,0,0,0,0,0,29000,0,0,0,333000,304000,29000,29000
4763,材料-KY         ,57000,17000,40000,0,0,0,0,10000,-10000,-1000,2000,3000,-1000,0,0,0,29000
4952,凌通            ,322000,253000,69000,0,0,0,0,0,0,-40000,0,40000,-40000,0,0,0,29000
2414,精技            ,46000,17000,29000,0,0,0,0,0,0,0,0,0,0,0,0,0,29000
8103,瀚荃            ,36000,7000,29000,0,0,0,0,0,0,0,0,0,0,0,0,0,29000
065527,巨大群益9C購03  ,0,0,0,0,0,0,0,0,0,28000,0,0,0,28000,0,28000,28000
065627,貿聯兆豐9C購02  ,0,0,0,0,0,0,0,0,0,28000,0,0,0,92000,64000,28000,28000
06693P,臺股指凱基98售01,0,0,0,0,0,0,0,0,0,28000,0,0,0,36000,8000,28000,28000
065007,群創國票01購01  ,0,0,0,0,0,0,0,0,0,28000,0,0,0,28000,0,28000,28000
065441,義隆麥證9C購01  ,0,0,0,29000,1000,28000,0,0,0,28000,0,0,0,29000,1000,28000,28000
07010P,T50正2凱基9C售01,0,0,0,0,0,0,0,0,0,28000,0,0,0,50000,22000,28000,28000
07319P,台積電凱基01售02,0,0,0,0,0,0,0,0,0,28000,0,0,0,60000,32000,28000,28000
07462P,臺股指元大9B售05,0,0,0,0,0,0,0,0,0,28000,0,0,0,30000,2000,28000,28000
07764P,世紀鋼永豐9A售04,0,0,0,0,0,0,0,0,0,28000,0,0,0,28000,0,28000,28000
1506,正道            ,31000,3000,28000,0,0,0,0,0,0,0,0,0,0,0,0,0,28000
1529,樂士            ,54000,27000,27000,0,0,0,0,0,0,1000,1000,0,1000,0,0,0,28000
057625,泰鼎國泰9A購01  ,0,0,0,0,0,0,0,0,0,28000,0,0,0,28000,0,28000,28000
056523,光寶科中信98購01,0,0,0,0,0,0,0,0,0,28000,0,0,0,50000,22000,28000,28000
05625P,國巨國票97售01  ,0,0,0,0,0,0,0,0,0,28000,0,0,0,28000,0,28000,28000
053153,大立光元大99購02,0,0,0,0,0,0,0,0,0,28000,0,0,0,30000,2000,28000,28000
059062,群創凱基99購05  ,0,0,0,0,0,0,0,0,0,28000,0,0,0,42000,14000,28000,28000
058151,台積電統一9A購04,0,0,0,0,0,0,0,0,0,28000,0,0,0,38000,10000,28000,28000
061604,台光電凱基9B購01,0,0,0,0,0,0,0,0,0,28000,0,0,0,110000,82000,28000,28000
058640,台灣50麥證9A購01,0,0,0,29000,1000,28000,0,0,0,28000,0,0,0,29000,1000,28000,28000
060548,友達凱基9B購03  ,0,0,0,0,0,0,0,0,0,28000,0,0,0,28000,0,28000,28000
060342,台積電統一02購01,0,0,0,0,0,0,0,0,0,28000,0,0,0,33000,5000,28000,28000
060065,大立光兆豐9B購01,0,0,0,0,0,0,0,0,0,28000,0,0,0,28000,0,28000,28000
063981,貿聯兆豐9C購01  ,0,0,0,0,0,0,0,0,0,28000,0,0,0,83000,55000,28000,28000
063745,喬山國票9C購01  ,0,0,0,0,0,0,0,0,0,28000,0,0,0,28000,0,28000,28000
063677,台光電國泰9C購02,0,0,0,0,0,0,0,0,0,28000,0,0,0,36000,8000,28000,28000
063901,緯穎群益9C購01  ,0,0,0,0,0,0,0,0,0,28000,0,0,0,51000,23000,28000,28000
064584,英業達永豐9C購01,0,0,0,0,0,0,0,0,0,28000,0,0,0,91000,63000,28000,28000
064667,大立光元大02購01,0,0,0,0,0,0,0,0,0,28000,0,0,0,117000,89000,28000,28000
063557,聚陽元大9B購01  ,0,0,0,0,0,0,0,0,0,28000,0,0,0,122000,94000,28000,28000
1313,聯成            ,278000,251000,27000,0,0,0,0,0,0,0,0,0,0,0,0,0,27000
065198,玉晶光元富06購01,0,0,0,0,0,0,0,0,0,27000,0,0,0,56000,29000,27000,27000
065205,金寶國票01購01  ,0,0,0,0,0,0,0,0,0,27000,0,0,0,27000,0,27000,27000
065207,奇力新國票9C購02,0,0,0,0,0,0,0,0,0,27000,0,0,0,37000,10000,27000,27000
065168,台積電元大02購02,0,0,0,0,0,0,0,0,0,27000,0,0,0,108000,81000,27000,27000
055874,中環元富9A購01  ,0,0,0,0,0,0,0,0,0,27000,0,0,0,115000,88000,27000,27000
054874,帆宣群益99購02  ,0,0,0,0,0,0,0,0,0,27000,0,0,0,75000,48000,27000,27000
054627,義隆凱基98購01  ,0,0,0,0,0,0,0,0,0,27000,0,0,0,30000,3000,27000,27000
057028,台郡凱基99購02  ,0,0,0,0,0,0,0,0,0,27000,0,0,0,88000,61000,27000,27000
057774,台光電群益99購02,0,0,0,0,0,0,0,0,0,27000,0,0,0,105000,78000,27000,27000
057964,緯穎元大99購03  ,0,0,0,0,0,0,0,0,0,27000,0,0,0,71000,44000,27000,27000
057527,億光元大98購01  ,0,0,0,0,0,0,0,0,0,27000,0,0,0,27000,0,27000,27000
060899,超眾凱基9A購01  ,0,0,0,0,0,0,0,0,0,27000,0,0,0,50000,23000,27000,27000
061247,玉晶光群益9A購09,0,0,0,0,0,0,0,0,0,27000,0,0,0,58000,31000,27000,27000
060133,牧德群益9B購01  ,0,0,0,0,0,0,0,0,0,27000,0,0,0,125000,98000,27000,27000
059850,日電貿永豐99購01,0,0,0,0,0,0,0,0,0,27000,0,0,0,27000,0,27000,27000
061723,嘉聯益永豐9A購03,0,0,0,0,0,0,0,0,0,27000,0,0,0,27000,0,27000,27000
058783,臺股指國票99購02,0,0,0,0,0,0,0,0,0,27000,0,0,0,62000,35000,27000,27000
063406,麗豐國票9C購01  ,0,0,0,0,0,0,0,0,0,27000,0,0,0,59000,32000,27000,27000
062824,國巨群益9C購03  ,0,0,0,0,0,0,0,0,0,27000,0,0,0,99000,72000,27000,27000
062829,泰碩群益9B購01  ,0,0,0,0,0,0,0,0,0,27000,0,0,0,32000,5000,27000,27000
062578,超眾群益9B購01  ,0,0,0,0,0,0,0,0,0,27000,0,0,0,49000,22000,27000,27000
063729,國巨元大9C購08  ,0,0,0,0,0,0,0,0,0,27000,0,0,0,38000,11000,27000,27000
065211,世芯國票01購03  ,0,0,0,0,0,0,0,0,0,26000,0,0,0,26000,0,26000,26000
065610,牧德元大02購01  ,0,0,0,0,0,0,0,0,0,26000,0,0,0,26000,0,26000,26000
08443P,臺股指麥證01售02,0,0,0,80000,54000,26000,0,0,0,26000,0,0,0,80000,54000,26000,26000
07986P,大成鋼統一9B售02,0,0,0,0,0,0,0,0,0,26000,0,0,0,26000,0,26000,26000
061170,南茂兆豐9B購01  ,0,0,0,0,0,0,0,0,0,26000,0,0,0,334000,308000,26000,26000
060921,中橡永豐9A購02  ,0,0,0,0,0,0,0,0,0,26000,0,0,0,26000,0,26000,26000
056214,義隆國票99購01  ,0,0,0,0,0,0,0,0,0,26000,0,0,0,74000,48000,26000,26000
057810,技嘉元大98購06  ,0,0,0,0,0,0,0,0,0,26000,0,0,0,129000,103000,26000,26000
00703,台新MSCI中國    ,0,0,0,0,0,0,0,0,0,26000,0,0,0,248000,222000,26000,26000
058773,和碩兆豐99購01  ,0,0,0,0,0,0,0,0,0,26000,0,0,0,89000,63000,26000,26000
061421,台積電元大9A購29,0,0,0,0,0,0,0,0,0,26000,0,0,0,26000,0,26000,26000
061502,嘉澤國票9A購02  ,0,0,0,0,0,0,0,0,0,26000,0,0,0,26000,0,26000,26000
059291,華新科元富9B購01,0,0,0,0,0,0,0,0,0,26000,0,0,0,26000,0,26000,26000
059282,嘉聯益永豐99購01,0,0,0,0,0,0,0,0,0,26000,0,0,0,36000,10000,26000,26000
060328,可成群益9A購06  ,0,0,0,0,0,0,0,0,0,26000,0,0,0,30000,4000,26000,26000
063969,晶豪科國票01購01,0,0,0,0,0,0,0,0,0,26000,0,0,0,115000,89000,26000,26000
063837,亞德客元大01購01,0,0,0,0,0,0,0,0,0,26000,0,0,0,26000,0,26000,26000
064410,超眾凱基02購01  ,0,0,0,0,0,0,0,0,0,26000,0,0,0,47000,21000,26000,26000
062363,燿華元大9B購03  ,0,0,0,0,0,0,0,0,0,26000,0,0,0,53000,27000,26000,26000
062620,台表科元大9B購04,0,0,0,0,0,0,0,0,0,26000,0,0,0,40000,14000,26000,26000
063522,技嘉凱基9B購03  ,0,0,0,0,0,0,0,0,0,26000,0,0,0,146000,120000,26000,26000
063311,喬山群益9B購01  ,0,0,0,0,0,0,0,0,0,26000,0,0,0,30000,4000,26000,26000
2427,三商電          ,30000,4000,26000,0,0,0,0,0,0,0,0,0,0,0,0,0,26000
2867,三商壽          ,192000,161000,31000,0,0,0,0,0,0,-5000,0,5000,-5000,0,0,0,26000
07535P,上銀元富9A售03  ,0,0,0,0,0,0,0,0,0,25000,0,0,0,25000,0,25000,25000
07255P,國巨凱基99售15  ,0,0,0,0,0,0,0,0,0,25000,0,0,0,30000,5000,25000,25000
08457P,大毅元大9C售03  ,0,0,0,0,0,0,0,0,0,25000,0,0,0,28000,3000,25000,25000
06615P,鴻海元大9C售02  ,0,0,0,0,0,0,0,0,0,25000,0,0,0,130000,105000,25000,25000
06872P,亞德客元富98售04,0,0,0,0,0,0,0,0,0,25000,0,0,0,25000,0,25000,25000
065252,玉晶光永豐9C購08,0,0,0,0,0,0,0,0,0,25000,0,0,0,61000,36000,25000,25000
06529P,貿聯富邦99售03  ,0,0,0,0,0,0,0,0,0,25000,0,0,0,30000,5000,25000,25000
065383,南電元大01購02  ,0,0,0,0,0,0,0,0,0,25000,0,0,0,43000,18000,25000,25000
064932,緯穎統一01購04  ,0,0,0,0,0,0,0,0,0,25000,0,0,0,65000,40000,25000,25000
055884,臺股指元富97購01,0,0,0,0,0,0,0,0,0,25000,0,0,0,25000,0,25000,25000
057787,TPK國票99購01   ,0,0,0,0,0,0,0,0,0,25000,0,0,0,65000,40000,25000,25000
056200,大毅永豐98購01  ,0,0,0,0,0,0,0,0,0,25000,0,0,0,25000,0,25000,25000
056476,智原元大98購02  ,0,0,0,0,0,0,0,0,0,25000,0,0,0,25000,0,25000,25000
056369,彩晶元大01購01  ,0,0,0,0,0,0,0,0,0,25000,0,0,0,25000,0,25000,25000
057533,晶相光元大98購02,0,0,0,0,0,0,0,0,0,25000,0,0,0,25000,0,25000,25000
057363,華通元大99購02  ,0,0,0,0,0,0,0,0,0,25000,0,0,0,33000,8000,25000,25000
057665,技嘉元大99購01  ,0,0,0,0,0,0,0,0,0,25000,0,0,0,34000,9000,25000,25000
057623,友訊國泰99購01  ,0,0,0,0,0,0,0,0,0,25000,0,0,0,25000,0,25000,25000
059791,超眾元大99購06  ,0,0,0,0,0,0,0,0,0,25000,0,0,0,75000,50000,25000,25000
059853,超眾永豐99購03  ,0,0,0,0,0,0,0,0,0,25000,0,0,0,25000,0,25000,25000
058850,華新科群益99購03,0,0,0,0,0,0,0,0,0,25000,0,0,0,26000,1000,25000,25000
059647,超眾凱基99購04  ,0,0,0,0,0,0,0,0,0,25000,0,0,0,25000,0,25000,25000
060046,S&P反1凱基99購02,0,0,0,0,0,0,0,0,0,25000,0,0,0,30000,5000,25000,25000
061998,緯穎元大9B購03  ,0,0,0,0,0,0,0,0,0,25000,0,0,0,47000,22000,25000,25000
062222,華新科統一9B購04,0,0,0,0,0,0,0,0,0,25000,0,0,0,25000,0,25000,25000
060783,亞德客富邦9B購01,0,0,0,0,0,0,0,0,0,25000,0,0,0,34000,9000,25000,25000
058630,日月光國票9A購01,0,0,0,0,0,0,0,0,0,25000,0,0,0,25000,0,25000,25000
061353,康控元大9A購01  ,0,0,0,0,0,0,0,0,0,25000,0,0,0,167000,142000,25000,25000
060225,S&P反1元大9A購02,0,0,0,0,0,0,0,0,0,25000,0,0,0,25000,0,25000,25000
061465,聯詠群益9A購01  ,0,0,0,0,0,0,0,0,0,25000,0,0,0,25000,0,25000,25000
058931,玉晶光統一9C購01,0,0,0,0,0,0,0,0,0,25000,0,0,0,31000,6000,25000,25000
058955,台積電國票9A購04,0,0,0,0,0,0,0,0,0,25000,0,0,0,49000,24000,25000,25000
059528,華新科凱基99購06,0,0,0,0,0,0,0,0,0,25000,0,0,0,25000,0,25000,25000
058923,華新科元富99購06,0,0,0,0,0,0,0,0,0,25000,0,0,0,25000,0,25000,25000
058257,聯陽國泰9B購01  ,0,0,0,0,0,0,0,0,0,25000,0,0,0,25000,0,25000,25000
063136,智邦統一9B購02  ,0,0,0,0,0,0,0,0,0,25000,0,0,0,1076000,1051000,25000,25000
064201,新光金兆豐9C購01,0,0,0,0,0,0,0,0,0,25000,0,0,0,25000,0,25000,25000
065170,智邦元大9C購07  ,0,0,0,0,0,0,0,0,0,24000,0,0,0,346000,322000,24000,24000
065063,玉晶光群益02購04,0,0,0,0,0,0,0,0,0,24000,0,0,0,62000,38000,24000,24000
065644,義隆元大9C購08  ,0,0,0,0,0,0,0,0,0,24000,0,0,0,90000,66000,24000,24000
065554,群創凱基02購02  ,0,0,0,0,0,0,0,0,0,24000,0,0,0,129000,105000,24000,24000
065728,嘉晶凱基9C購04  ,0,0,0,0,0,0,0,0,0,24000,0,0,0,133000,109000,24000,24000
08397P,國巨元富9C售04  ,0,0,0,0,0,0,0,0,0,24000,0,0,0,24000,0,24000,24000
07166P,台灣50兆豐03售01,0,0,0,0,0,0,0,0,0,24000,0,0,0,24000,0,24000,24000
07751P,世紀鋼凱基9A售02,0,0,0,0,0,0,0,0,0,24000,0,0,0,24000,0,24000,24000
060933,南電永豐9A購02  ,0,0,0,0,0,0,0,0,0,24000,0,0,0,68000,44000,24000,24000
056642,旺宏凱基98購07  ,0,0,0,0,0,0,0,0,0,24000,0,0,0,28000,4000,24000,24000
055167,友訊統一97購01  ,0,0,0,0,0,0,0,0,0,24000,0,0,0,24000,0,24000,24000
059092,聯陽元大99購01  ,0,0,0,0,0,0,0,0,0,24000,0,0,0,30000,6000,24000,24000
061546,大立光群益9A購05,0,0,0,0,0,0,0,0,0,24000,0,0,0,27000,3000,24000,24000
06125P,楠梓電元富99售01,0,0,0,0,0,0,0,0,0,24000,0,0,0,24000,0,24000,24000
062061,台勝科統一01購01,0,0,0,0,0,0,0,0,0,24000,0,0,0,30000,6000,24000,24000
061891,力山永豐9B購01  ,0,0,0,0,0,0,0,0,0,24000,0,0,0,34000,10000,24000,24000
060312,潤泰全永豐9A購01,0,0,0,0,0,0,0,0,0,24000,0,0,0,24000,0,24000,24000
063936,道瓊反元大9C購02,0,0,0,0,0,0,0,0,0,24000,0,0,0,60000,36000,24000,24000
064694,玉晶光群益02購02,0,0,0,0,0,0,0,0,0,24000,0,0,0,36000,12000,24000,24000
063014,技嘉元大9B購03  ,0,0,0,0,0,0,0,0,0,24000,0,0,0,233000,209000,24000,24000
062990,台積電群益9B購06,0,0,0,0,0,0,0,0,0,24000,0,0,0,25000,1000,24000,24000
063452,創意統一01購01  ,0,0,0,0,0,0,0,0,0,24000,0,0,0,43000,19000,24000,24000
062552,南電永豐9B購01  ,0,0,0,0,0,0,0,0,0,24000,0,0,0,30000,6000,24000,24000
2431,聯昌            ,153000,129000,24000,0,0,0,0,0,0,0,0,0,0,0,0,0,24000
4977,眾達-KY         ,257000,221000,36000,0,0,0,90000,100000,-10000,-2000,0,1000,-1000,0,1000,-1000,24000
5258,虹堡            ,34000,10000,24000,0,0,0,0,0,0,0,0,0,0,0,0,0,24000
8016,矽創            ,206000,152000,54000,0,0,0,0,35000,-35000,5000,0,0,0,11000,6000,5000,24000
07877P,晶技永豐9B售01  ,0,0,0,0,0,0,0,0,0,23000,0,0,0,23000,0,23000,23000
065856,中租元大9C購03  ,0,0,0,0,0,0,0,0,0,23000,0,0,0,130000,107000,23000,23000
065503,燿華永豐9C購04  ,0,0,0,0,0,0,0,0,0,23000,0,0,0,36000,13000,23000,23000
057022,智邦凱基98購04  ,0,0,0,0,0,0,0,0,0,23000,0,0,0,50000,27000,23000,23000
054137,聯詠元大97購02  ,0,0,0,0,0,0,0,0,0,23000,0,0,0,33000,10000,23000,23000
055804,祥碩永豐97購02  ,0,0,0,0,0,0,0,0,0,23000,0,0,0,23000,0,23000,23000
053371,滬深2X元大99購01,0,0,0,0,0,0,0,0,0,23000,0,0,0,523000,500000,23000,23000
056715,瀚宇博永豐98購01,0,0,0,0,0,0,0,0,0,23000,0,0,0,347000,324000,23000,23000
057121,立積康和98購01  ,0,0,0,0,0,0,0,0,0,23000,0,0,0,25000,2000,23000,23000
059975,元金2X元大99購02,0,0,0,0,0,0,0,0,0,23000,0,0,0,38000,15000,23000,23000
061787,華新科群益9C購01,0,0,0,0,0,0,0,0,0,23000,0,0,0,23000,0,23000,23000
058080,台積電群益98購06,0,0,0,0,0,0,0,0,0,23000,0,0,0,39000,16000,23000,23000
060626,貿聯元大9A購04  ,0,0,0,0,0,0,0,0,0,23000,0,0,0,23000,0,23000,23000
059292,華新科元富9B購02,0,0,0,0,0,0,0,0,0,23000,0,0,0,27000,4000,23000,23000
061525,華新科凱基9A購13,0,0,0,0,0,0,0,0,0,23000,0,0,0,23000,0,23000,23000
059172,台郡凱基99購03  ,0,0,0,0,0,0,0,0,0,23000,0,0,0,119000,96000,23000,23000
062736,漢唐國票9B購01  ,0,0,0,0,0,0,0,0,0,23000,0,0,0,28000,5000,23000,23000
062953,大立光永豐9B購01,0,0,0,0,0,0,0,0,0,23000,0,0,0,23000,0,23000,23000
062941,大立光凱基9B購07,0,0,0,0,0,0,0,0,0,23000,0,0,0,134000,111000,23000,23000
064713,和大統一02購01  ,0,0,0,0,0,0,0,0,0,23000,0,0,0,67000,44000,23000,23000
064342,晶技元大9C購01  ,0,0,0,0,0,0,0,0,0,23000,0,0,0,91000,68000,23000,23000
063779,華邦電永豐9B購01,0,0,0,0,0,0,0,0,0,23000,0,0,0,23000,0,23000,23000
063674,力山國泰01購02  ,0,0,0,0,0,0,0,0,0,23000,0,0,0,153000,130000,23000,23000
064124,台積電元大9C購10,0,0,0,0,0,0,0,0,0,23000,0,0,0,50000,27000,23000,23000
3543,州巧            ,25000,2000,23000,0,0,0,0,0,0,0,0,0,0,0,0,0,23000
065463,大立光中信01購02,0,0,0,0,0,0,0,0,0,22000,0,0,0,51000,29000,22000,22000
065137,中鋼凱基01購01  ,0,0,0,0,0,0,0,0,0,22000,0,0,0,32000,10000,22000,22000
064917,元大金統一02購01,0,0,0,0,0,0,0,0,0,22000,0,0,0,487000,465000,22000,22000
065736,同欣電凱基9C購05,0,0,0,0,0,0,0,0,0,22000,0,0,0,50000,28000,22000,22000
065660,晶豪科永豐9C購01,0,0,0,0,0,0,0,0,0,22000,0,0,0,26000,4000,22000,22000
07814P,華通群益9A售06  ,0,0,0,0,0,0,0,0,0,22000,0,0,0,22000,0,22000,22000
056222,台積電凱基9A購01,0,0,0,0,0,0,0,0,0,22000,0,0,0,22000,0,22000,22000
056511,超眾永豐98購01  ,0,0,0,0,0,0,0,0,0,22000,0,0,0,23000,1000,22000,22000
061095,台積電台新9B購03,0,0,0,0,0,0,0,0,0,22000,0,0,0,23000,1000,22000,22000
00662,富邦NASDAQ      ,0,0,0,0,0,0,0,0,0,22000,0,0,0,168000,146000,22000,22000
053461,台郡永昌99購01  ,0,0,0,0,0,0,0,0,0,22000,0,0,0,22000,0,22000,22000
054170,泰鼎凱基98購01  ,0,0,0,0,0,0,0,0,0,22000,0,0,0,22000,0,22000,22000
054161,友訊凱基98購01  ,0,0,0,0,0,0,0,0,0,22000,0,0,0,22000,0,22000,22000
054065,樺漢國票97購01  ,0,0,0,0,0,0,0,0,0,22000,0,0,0,22000,0,22000,22000
054916,聯發科凱基98購04,0,0,0,0,0,0,0,0,0,22000,0,0,0,31000,9000,22000,22000
054552,聯發科凱基98購03,0,0,0,0,0,0,0,0,0,22000,0,0,0,23000,1000,22000,22000
057029,緯穎凱基98購04  ,0,0,0,0,0,0,0,0,0,22000,0,0,0,46000,24000,22000,22000
057783,台積電國票9A購01,0,0,0,0,0,0,0,0,0,22000,0,0,0,25000,3000,22000,22000
057834,聯發科元富02購07,0,0,0,0,0,0,0,0,0,22000,0,0,0,22000,0,22000,22000
056852,矽格元富98購01  ,0,0,0,0,0,0,0,0,0,22000,0,0,0,410000,388000,22000,22000
056856,華通群益9A購01  ,0,0,0,0,0,0,0,0,0,22000,0,0,0,27000,5000,22000,22000
058949,上銀群益99購02  ,0,0,0,0,0,0,0,0,0,22000,0,0,0,76000,54000,22000,22000
058367,大立光凱基9A購01,0,0,0,0,0,0,0,0,0,22000,0,0,0,76000,54000,22000,22000
060637,玉晶光永豐9A購03,0,0,0,0,0,0,0,0,0,22000,0,0,0,40000,18000,22000,22000
062181,義隆元大9B購03  ,0,0,0,0,0,0,0,0,0,22000,0,0,0,51000,29000,22000,22000
059967,聯發科凱基99購20,0,0,0,0,0,0,0,0,0,22000,0,0,0,22000,0,22000,22000
059867,華邦電凱基99購02,0,0,0,0,0,0,0,0,0,22000,0,0,0,60000,38000,22000,22000
058863,可成凱基99購02  ,0,0,0,0,0,0,0,0,0,22000,0,0,0,110000,88000,22000,22000
064562,友達群益9C購03  ,0,0,0,0,0,0,0,0,0,22000,0,0,0,138000,116000,22000,22000
064477,南六國泰02購01  ,0,0,0,0,0,0,0,0,0,22000,0,0,0,39000,17000,22000,22000
064507,臻鼎元大9C購02  ,0,0,0,0,0,0,0,0,0,22000,0,0,0,118000,96000,22000,22000
064660,華通元大9C購05  ,0,0,0,0,0,0,0,0,0,22000,0,0,0,32000,10000,22000,22000
064654,元金2X元大9C購03,0,0,0,0,0,0,0,0,0,22000,0,0,0,22000,0,22000,22000
062286,台郡群益9B購01  ,0,0,0,0,0,0,0,0,0,22000,0,0,0,42000,20000,22000,22000
063502,南電永豐9B購02  ,0,0,0,0,0,0,0,0,0,22000,0,0,0,22000,0,22000,22000
06326P,鴻海中信01售01  ,0,0,0,0,0,0,0,0,0,22000,0,0,0,42000,20000,22000,22000
3025,星通            ,22000,0,22000,0,0,0,0,0,0,0,0,0,0,0,0,0,22000
3032,偉訓            ,28000,6000,22000,0,0,0,0,0,0,0,0,0,0,0,0,0,22000
4560,強信-KY         ,180000,158000,22000,0,0,0,0,0,0,0,0,0,0,0,0,0,22000
2433,互盛電          ,63000,41000,22000,0,0,0,0,0,0,0,0,0,0,0,0,0,22000
6674,鋐寶科技        ,41000,19000,22000,0,0,0,0,0,0,0,0,0,0,0,0,0,22000
9924,福興            ,3000,26000,-23000,0,0,0,45000,0,45000,0,0,0,0,0,0,0,22000
07895P,美律元大9B售01  ,0,0,0,0,0,0,0,0,0,21000,0,0,0,91000,70000,21000,21000
08027P,嘉晶元大9B售03  ,0,0,0,0,0,0,0,0,0,21000,0,0,0,27000,6000,21000,21000
06950P,鴻海統一9B售02  ,0,0,0,0,0,0,0,0,0,21000,0,0,0,21000,0,21000,21000
08388P,台灣50中信03售09,0,0,0,0,0,0,0,0,0,21000,0,0,0,25000,4000,21000,21000
08455P,台積電凱基9C售05,0,0,0,0,0,0,0,0,0,21000,0,0,0,21000,0,21000,21000
065992,立積永豐01購01  ,0,0,0,0,0,0,0,0,0,21000,0,0,0,27000,6000,21000,21000
06510P,燿華永豐98售03  ,0,0,0,0,0,0,0,0,0,21000,0,0,0,21000,0,21000,21000
065448,緯創統一9C購01  ,0,0,0,0,0,0,0,0,0,21000,0,0,0,92000,71000,21000,21000
054212,聯詠國票97購03  ,0,0,0,0,0,0,0,0,0,21000,0,0,0,100000,79000,21000,21000
053559,台積電國泰98購01,0,0,0,0,0,0,0,0,0,21000,0,0,0,21000,0,21000,21000
060905,台積電元大9A購20,0,0,0,0,0,0,0,0,0,21000,0,0,0,50000,29000,21000,21000
056457,嘉澤凱基98購01  ,0,0,0,0,0,0,0,0,0,21000,0,0,0,21000,0,21000,21000
056594,台積電元富98購03,0,0,0,0,0,0,0,0,0,21000,0,0,0,21000,0,21000,21000
056213,建準國票98購02  ,0,0,0,0,0,0,0,0,0,21000,0,0,0,21000,0,21000,21000
059591,台積電元大9A購04,0,0,0,0,0,0,0,0,0,21000,0,0,0,22000,1000,21000,21000
059719,台積電元大99購42,0,0,0,0,0,0,0,0,0,21000,0,0,0,21000,0,21000,21000
062087,瑞祺元大9B購02  ,0,0,0,0,0,0,0,0,0,21000,0,0,0,520000,499000,21000,21000
061835,華新科凱基02購03,0,0,0,0,0,0,0,0,0,21000,0,0,0,62000,41000,21000,21000
058143,瑞儀元大99購02  ,0,0,0,0,0,0,0,0,0,21000,0,0,0,21000,0,21000,21000
058483,道瓊指國票9A購01,0,0,0,0,0,0,0,0,0,21000,0,0,0,21000,0,21000,21000
059125,台積電第一03購02,0,0,0,0,0,0,0,0,0,21000,0,0,0,21000,0,21000,21000
058999,台積電元大99購24,0,0,0,0,0,0,0,0,0,21000,0,0,0,21000,0,21000,21000
061396,台灣50台新9C購03,0,0,0,0,0,0,0,0,0,21000,0,0,0,25000,4000,21000,21000
063298,統一凱基9B購01  ,0,0,0,0,0,0,0,0,0,21000,0,0,0,92000,71000,21000,21000
062538,台積電國泰9C購02,0,0,0,0,0,0,0,0,0,21000,0,0,0,62000,41000,21000,21000
062956,同欣電永豐9B購02,0,0,0,0,0,0,0,0,0,21000,0,0,0,21000,0,21000,21000
062759,旺宏凱基9B購07  ,0,0,0,0,0,0,0,0,0,21000,0,0,0,71000,50000,21000,21000
06431P,新日興元大97售05,0,0,0,0,0,0,0,0,0,21000,0,0,0,21000,0,21000,21000
064403,正崴凱基01購01  ,0,0,0,0,0,0,0,0,0,21000,0,0,0,24000,3000,21000,21000
064281,大立光元大9C購12,0,0,0,0,0,0,0,0,0,21000,0,0,0,21000,0,21000,21000
063909,旺宏凱基02購01  ,0,0,0,0,0,0,0,0,0,21000,0,0,0,73000,52000,21000,21000
6525,捷敏-KY         ,40000,19000,21000,0,0,0,0,0,0,0,0,0,0,0,0,0,21000
2459,敦吉            ,27000,6000,21000,0,0,0,0,0,0,0,0,0,0,0,0,0,21000
065470,聚陽元大01購01  ,0,0,0,0,0,0,0,0,0,20000,0,0,0,335000,315000,20000,20000
065336,華新統一02購01  ,0,0,0,0,0,0,0,0,0,20000,0,0,0,20000,0,20000,20000
065256,上銀元大9C購10  ,0,0,0,0,0,0,0,0,0,20000,0,0,0,20000,0,20000,20000
065148,滬深2X群益02購02,0,0,0,0,0,0,0,0,0,20000,0,0,0,20000,0,20000,20000
065144,大立光凱基01購06,0,0,0,0,0,0,0,0,0,20000,0,0,0,20000,0,20000,20000
065036,世芯統一02購02  ,0,0,0,0,0,0,0,0,0,20000,0,0,0,20000,0,20000,20000
065870,正崴群益02購01  ,0,0,0,0,0,0,0,0,0,20000,0,0,0,20000,0,20000,20000
065534,台光電統一9C購02,0,0,0,0,0,0,0,0,0,20000,0,0,0,20000,0,20000,20000
08389P,技嘉國票9C售01  ,0,0,0,0,0,0,0,0,0,20000,0,0,0,20000,0,20000,20000
08292P,華新科台新9C售01,0,0,0,0,0,0,0,0,0,20000,0,0,0,40000,20000,20000,20000
08228P,華擎國票9C售01  ,0,0,0,0,0,0,0,0,0,20000,0,0,0,20000,0,20000,20000
08582P,臺股指元大9C售30,0,0,0,0,0,0,0,0,0,20000,0,0,0,22000,2000,20000,20000
08632P,聯發科元大9C售19,0,0,0,0,0,0,0,0,0,20000,0,0,0,20000,0,20000,20000
08560P,茂林國票01售01  ,0,0,0,0,0,0,0,0,0,20000,0,0,0,40000,20000,20000,20000
06899P,嘉澤群益98售01  ,0,0,0,0,0,0,0,0,0,20000,0,0,0,20000,0,20000,20000
07069P,欣興元富99售02  ,0,0,0,0,0,0,0,0,0,20000,0,0,0,70000,50000,20000,20000
07093P,台積電凱基99售07,0,0,0,0,0,0,0,0,0,20000,0,0,0,20000,0,20000,20000
07257P,臺股指凱基99售37,0,0,0,0,0,0,0,0,0,20000,0,0,0,20000,0,20000,20000
07391P,台灣50國泰02售01,0,0,0,0,0,0,0,0,0,20000,0,0,0,20000,0,20000,20000
07369P,台積電凱基99售20,0,0,0,0,0,0,0,0,0,20000,0,0,0,20000,0,20000,20000
08054P,臺股指國票9B售19,0,0,0,0,0,0,0,0,0,20000,0,0,0,60000,40000,20000,20000
08070P,晶技國泰9C售02  ,0,0,0,0,0,0,0,0,0,20000,0,0,0,43000,23000,20000,20000
057239,貿聯凱基98購05  ,0,0,0,0,0,0,0,0,0,20000,0,0,0,20000,0,20000,20000
057206,立積元富98購01  ,0,0,0,0,0,0,0,0,0,20000,0,0,0,20000,0,20000,20000
057158,義隆永豐99購01  ,0,0,0,0,0,0,0,0,0,20000,0,0,0,33000,13000,20000,20000
057103,禾伸堂中信9A購01,0,0,0,0,0,0,0,0,0,20000,0,0,0,40000,20000,20000,20000
057268,臻鼎兆豐99購01  ,0,0,0,0,0,0,0,0,0,20000,0,0,0,20000,0,20000,20000
056562,奇力新群益98購01,0,0,0,0,0,0,0,0,0,20000,0,0,0,20000,0,20000,20000
056446,聯發科凱基98購08,0,0,0,0,0,0,0,0,0,20000,0,0,0,20000,0,20000,20000
056434,國巨凱基98購03  ,0,0,0,0,0,0,0,0,0,20000,0,0,0,69000,49000,20000,20000
056467,上証2X元大98購02,0,0,0,0,0,0,0,0,0,20000,0,0,0,20000,0,20000,20000
056659,泰碩元大99購01  ,0,0,0,0,0,0,0,0,0,20000,0,0,0,79000,59000,20000,20000
060995,泰鼎元大9A購03  ,0,0,0,0,0,0,0,0,0,20000,0,0,0,47000,27000,20000,20000
061048,國巨中信9A購05  ,0,0,0,0,0,0,0,0,0,20000,0,0,0,20000,0,20000,20000
06105P,國巨國票98售02  ,0,0,0,0,0,0,0,0,0,20000,0,0,0,52000,32000,20000,20000
061162,南電群益9A購02  ,0,0,0,0,0,0,0,0,0,20000,0,0,0,25000,5000,20000,20000
061225,台積電中信9A購04,0,0,0,0,0,0,0,0,0,20000,0,0,0,50000,30000,20000,20000
057621,崇越凱基98購01  ,0,0,0,0,0,0,0,0,0,20000,0,0,0,20000,0,20000,20000
057582,亞光中信9A購02  ,0,0,0,0,0,0,0,0,0,20000,0,0,0,20000,0,20000,20000
057442,玉晶光統一98購03,0,0,0,0,0,0,0,0,0,20000,0,0,0,35000,15000,20000,20000
057738,旺宏富邦9A購01  ,0,0,0,0,0,0,0,0,0,20000,0,0,0,20000,0,20000,20000
057713,美律統一99購01  ,0,0,0,0,0,0,0,0,0,20000,0,0,0,20000,0,20000,20000
058042,鴻海元大98購12  ,0,0,0,0,0,0,0,0,0,20000,0,0,0,66000,46000,20000,20000
05730P,臺股指凱基97售03,0,0,0,0,0,0,0,0,0,20000,0,0,0,20000,0,20000,20000
057293,力成國泰99購01  ,0,0,0,0,0,0,0,0,0,20000,0,0,0,20000,0,20000,20000
053855,康友國泰98購01  ,0,0,0,0,0,0,0,0,0,20000,0,0,0,20000,0,20000,20000
053502,智伸科兆豐97購01,0,0,0,0,0,0,0,0,0,20000,0,0,0,20000,0,20000,20000
052385,滬深2X群益99購05,0,0,0,0,0,0,0,0,0,20000,0,0,0,20000,0,20000,20000
048848,滬深2X群益98購02,0,0,0,0,0,0,0,0,0,20000,0,0,0,20000,0,20000,20000
045873,元油2X元富98購04,0,0,0,0,0,0,0,0,0,20000,0,0,0,20000,0,20000,20000
01009T,王道圓滿R1      ,0,0,0,0,0,0,0,0,0,20000,20000,0,20000,0,0,0,20000
035276,南亞科台新97購01,0,0,0,0,0,0,0,0,0,20000,0,0,0,80000,60000,20000,20000
054111,緯穎凱基97購01  ,0,0,0,0,0,0,0,0,0,20000,0,0,0,20000,0,20000,20000
054128,台積電元大97購10,0,0,0,0,0,0,0,0,0,20000,0,0,0,20000,0,20000,20000
054795,合勤控群益98購01,0,0,0,0,0,0,0,0,0,20000,0,0,0,20000,0,20000,20000
055106,台積電凱基98購05,0,0,0,0,0,0,0,0,0,20000,0,0,0,20000,0,20000,20000
054477,聯發科中信9C購02,0,0,0,0,0,0,0,0,0,20000,0,0,0,20000,0,20000,20000
054421,臺股指元大99購03,0,0,0,0,0,0,0,0,0,20000,0,0,0,20000,0,20000,20000
055945,上証2X元大97購04,0,0,0,0,0,0,0,0,0,20000,0,0,0,20000,0,20000,20000
056817,國巨永豐98購04  ,0,0,0,0,0,0,0,0,0,20000,0,0,0,20000,0,20000,20000
055222,臺股指凱基97購05,0,0,0,0,0,0,0,0,0,20000,0,0,0,20000,0,20000,20000
055426,旺宏群益99購02  ,0,0,0,0,0,0,0,0,0,20000,0,0,0,30000,10000,20000,20000
055433,嘉聯益群益99購01,0,0,0,0,0,0,0,0,0,20000,0,0,0,20000,0,20000,20000
055420,欣興永豐98購01  ,0,0,0,0,0,0,0,0,0,20000,0,0,0,20000,0,20000,20000
05537P,群創中信98售01  ,0,0,0,0,0,0,0,0,0,20000,0,0,0,20000,0,20000,20000
057780,台郡群益98購02  ,0,0,0,0,0,0,0,0,0,20000,0,0,0,20000,0,20000,20000
057858,T50正2康和98購01,0,0,0,0,0,0,0,0,0,20000,0,0,0,20000,0,20000,20000
061533,友達統一9C購02  ,0,0,0,0,0,0,0,0,0,20000,0,0,0,20000,0,20000,20000
061302,晶技永豐9A購04  ,0,0,0,0,0,0,0,0,0,20000,0,0,0,20000,0,20000,20000
060161,牧德永豐9A購02  ,0,0,0,0,0,0,0,0,0,20000,0,0,0,20000,0,20000,20000
058662,禾伸堂兆豐99購01,0,0,0,0,0,0,0,0,0,20000,0,0,0,20000,0,20000,20000
059194,元金2X永豐99購01,0,0,0,0,0,0,0,0,0,20000,0,0,0,20000,0,20000,20000
058981,國巨凱基99購10  ,0,0,0,0,0,0,0,0,0,20000,0,0,0,20000,0,20000,20000
059512,晶豪科永豐99購02,0,0,0,0,0,0,0,0,0,20000,0,0,0,20000,0,20000,20000
058772,茂林兆豐9A購01  ,0,0,0,0,0,0,0,0,0,20000,0,0,0,71000,51000,20000,20000
059408,台灣50國票9B購02,0,0,0,0,0,0,0,0,0,20000,0,0,0,20000,0,20000,20000
059470,華新科元大99購16,0,0,0,0,0,0,0,0,0,20000,0,0,0,21000,1000,20000,20000
058116,正崴中信99購02  ,0,0,0,0,0,0,0,0,0,20000,0,0,0,70000,50000,20000,20000
058195,鈺齊永豐99購01  ,0,0,0,0,0,0,0,0,0,20000,0,0,0,20000,0,20000,20000
058345,台光電群益99購03,0,0,0,0,0,0,0,0,0,20000,0,0,0,20000,0,20000,20000
058401,華航元大9A購01  ,0,0,0,0,0,0,0,0,0,20000,0,0,0,170000,150000,20000,20000
060682,牧德元大9A購03  ,0,0,0,0,0,0,0,0,0,20000,0,0,0,40000,20000,20000,20000
059665,嘉聯益元大99購06,0,0,0,0,0,0,0,0,0,20000,0,0,0,20000,0,20000,20000
060415,葡萄王永豐9A購01,0,0,0,0,0,0,0,0,0,20000,0,0,0,20000,0,20000,20000
060546,旺宏凱基9A購02  ,0,0,0,0,0,0,0,0,0,20000,0,0,0,20000,0,20000,20000
059635,華新科凱基9A購06,0,0,0,0,0,0,0,0,0,20000,0,0,0,20000,0,20000,20000
058865,群創凱基01購01  ,0,0,0,0,0,0,0,0,0,20000,0,0,0,29000,9000,20000,20000
059869,友達凱基99購07  ,0,0,0,0,0,0,0,0,0,20000,0,0,0,20000,0,20000,20000
059909,鴻海元大99購36  ,0,0,0,0,0,0,0,0,0,20000,0,0,0,20000,0,20000,20000
063930,高鐵統一02購02  ,0,0,0,0,0,0,0,0,0,20000,0,0,0,30000,10000,20000,20000
063831,帆宣國票01購01  ,0,0,0,0,0,0,0,0,0,20000,0,0,0,20000,0,20000,20000
064232,鴻海統一01購04  ,0,0,0,0,0,0,0,0,0,20000,0,0,0,45000,25000,20000,20000
064337,大毅元大01購02  ,0,0,0,0,0,0,0,0,0,20000,0,0,0,51000,31000,20000,20000
064515,中橡群益9C購01  ,0,0,0,0,0,0,0,0,0,20000,0,0,0,20000,0,20000,20000
064711,國喬統一02購01  ,0,0,0,0,0,0,0,0,0,20000,0,0,0,20000,0,20000,20000
064737,中石化國票01購01,0,0,0,0,0,0,0,0,0,20000,0,0,0,38000,18000,20000,20000
06487P,聯發科統一99售02,0,0,0,0,0,0,0,0,0,20000,0,0,0,20000,0,20000,20000
062730,致伸凱基9B購01  ,0,0,0,0,0,0,0,0,0,20000,0,0,0,20000,0,20000,20000
062845,微星富邦01購01  ,0,0,0,0,0,0,0,0,0,20000,0,0,0,30000,10000,20000,20000
062865,臺股指國票9B購22,0,0,0,0,0,0,0,0,0,20000,0,0,0,30000,10000,20000,20000
062847,臺股指富邦9B購01,0,0,0,0,0,0,0,0,0,20000,0,0,0,20000,0,20000,20000
062887,台積電群益9C購05,0,0,0,0,0,0,0,0,0,20000,0,0,0,20000,0,20000,20000
062501,台積電群益9C購03,0,0,0,0,0,0,0,0,0,20000,0,0,0,20000,0,20000,20000
063293,億豐元大9B購01  ,0,0,0,0,0,0,0,0,0,20000,0,0,0,40000,20000,20000,20000
063040,聯詠凱基9B購03  ,0,0,0,0,0,0,0,0,0,20000,0,0,0,20000,0,20000,20000
063084,可成凱基9C購01  ,0,0,0,0,0,0,0,0,0,20000,0,0,0,24000,4000,20000,20000
2316,楠梓電          ,498000,600000,-102000,0,0,0,0,0,0,122000,0,20000,-20000,159000,17000,142000,20000
2013,中鋼構          ,55000,35000,20000,0,0,0,0,0,0,0,0,0,0,0,0,0,20000
4989,榮科            ,100000,80000,20000,0,0,0,0,0,0,0,0,0,0,0,0,0,20000
5531,鄉林            ,94000,74000,20000,0,0,0,0,0,0,0,0,0,0,0,0,0,20000
08017P,華新科國票9B售01,0,0,0,0,0,0,0,0,0,19000,0,0,0,21000,2000,19000,19000
07903P,台積電群益9B售03,0,0,0,0,0,0,0,0,0,19000,0,0,0,37000,18000,19000,19000
06925P,致茂群益9A售02  ,0,0,0,0,0,0,0,0,0,19000,0,0,0,19000,0,19000,19000
065706,奇鋐群益9C購02  ,0,0,0,0,0,0,0,0,0,19000,0,0,0,19000,0,19000,19000
055166,台積電統一97購05,0,0,0,0,0,0,0,0,0,19000,0,0,0,19000,0,19000,19000
055506,台郡元大99購02  ,0,0,0,0,0,0,0,0,0,19000,0,0,0,19000,0,19000,19000
055333,晶豪科兆豐97購01,0,0,0,0,0,0,0,0,0,19000,0,0,0,19000,0,19000,19000
054587,玉晶光國泰99購01,0,0,0,0,0,0,0,0,0,19000,0,0,0,23000,4000,19000,19000
054215,創意國票97購02  ,0,0,0,0,0,0,0,0,0,19000,0,0,0,19000,0,19000,19000
054237,茂林群益97購01  ,0,0,0,0,0,0,0,0,0,19000,0,0,0,20000,1000,19000,19000
03050X,元展47          ,0,0,0,0,0,0,0,0,0,19000,0,0,0,64000,45000,19000,19000
061154,可成群益9B購04  ,0,0,0,0,0,0,0,0,0,19000,0,0,0,22000,3000,19000,19000
060932,南六永豐9A購02  ,0,0,0,0,0,0,0,0,0,19000,0,0,0,20000,1000,19000,19000
056702,欣興國泰9A購01  ,0,0,0,0,0,0,0,0,0,19000,0,0,0,37000,18000,19000,19000
057072,日月光永豐98購01,0,0,0,0,0,0,0,0,0,19000,0,0,0,90000,71000,19000,19000
056230,可成凱基98購03  ,0,0,0,0,0,0,0,0,0,19000,0,0,0,20000,1000,19000,19000
060667,力成凱基9A購01  ,0,0,0,0,0,0,0,0,0,19000,0,0,0,69000,50000,19000,19000
058078,景碩國票99購01  ,0,0,0,0,0,0,0,0,0,19000,0,0,0,24000,5000,19000,19000
062029,牧德群益9B購03  ,0,0,0,0,0,0,0,0,0,19000,0,0,0,19000,0,19000,19000
062040,玉晶光凱基01購01,0,0,0,0,0,0,0,0,0,19000,0,0,0,20000,1000,19000,19000
058454,嘉晶永豐99購01  ,0,0,0,0,0,0,0,0,0,19000,0,0,0,25000,6000,19000,19000
059324,智易元大99購04  ,0,0,0,0,0,0,0,0,0,19000,0,0,0,19000,0,19000,19000
061548,聯詠群益9A購02  ,0,0,0,0,0,0,0,0,0,19000,0,0,0,19000,0,19000,19000
061612,南六統一9A購01  ,0,0,0,0,0,0,0,0,0,19000,0,0,0,19000,0,19000,19000
062474,台表科凱基9C購01,0,0,0,0,0,0,0,0,0,19000,0,0,0,64000,45000,19000,19000
062806,世芯統一02購01  ,0,0,0,0,0,0,0,0,0,19000,0,0,0,29000,10000,19000,19000
062927,同欣電國票9B購02,0,0,0,0,0,0,0,0,0,19000,0,0,0,40000,21000,19000,19000
064834,大立光統一02購05,0,0,0,0,0,0,0,0,0,19000,0,0,0,20000,1000,19000,19000
063868,嘉晶永豐9C購01  ,0,0,0,0,0,0,0,0,0,19000,0,0,0,21000,2000,19000,19000
5519,隆大            ,41000,22000,19000,0,0,0,0,0,0,0,0,0,0,0,0,0,19000
4581,光隆精密-KY     ,19000,0,19000,0,0,0,0,0,0,0,0,0,0,0,0,0,19000
6605,帝寶            ,36000,17000,19000,0,0,0,0,0,0,0,0,0,0,0,0,0,19000
065637,台灣50元大9C購50,0,0,0,0,0,0,0,0,0,18000,0,0,0,44000,26000,18000,18000
065051,和碩凱基02購01  ,0,0,0,0,0,0,0,0,0,18000,0,0,0,219000,201000,18000,18000
1323,永裕            ,19000,1000,18000,0,0,0,0,0,0,0,0,0,0,0,0,0,18000
056243,創意群益97購03  ,0,0,0,0,0,0,0,0,0,18000,0,0,0,18000,0,18000,18000
057095,祥碩元富98購02  ,0,0,0,0,0,0,0,0,0,18000,0,0,0,18000,0,18000,18000
061070,超眾凱基9C購01  ,0,0,0,0,0,0,0,0,0,18000,0,0,0,68000,50000,18000,18000
061075,亞德客兆豐9A購01,0,0,0,0,0,0,0,0,0,18000,0,0,0,20000,2000,18000,18000
061082,台光電兆豐9A購01,0,0,0,0,0,0,0,0,0,18000,0,0,0,40000,22000,18000,18000
053314,A50正2群益9A購01,0,0,0,0,0,0,0,0,0,18000,0,0,0,18000,0,18000,18000
00680L,元大美債20正2   ,0,0,0,0,0,0,0,0,0,18000,0,0,0,20000,2000,18000,18000
0052,富邦科技        ,3000,3000,0,0,0,0,0,0,0,18000,0,0,0,129000,111000,18000,18000
044247,道瓊反元富97購01,0,0,0,0,0,0,0,0,0,18000,0,0,0,18000,0,18000,18000
056020,義隆群益97購01  ,0,0,0,0,0,0,0,0,0,18000,0,0,0,18000,0,18000,18000
057869,大立光凱基99購01,0,0,0,0,0,0,0,0,0,18000,0,0,0,22000,4000,18000,18000
061573,義隆元大9A購02  ,0,0,0,0,0,0,0,0,0,18000,0,0,0,34000,16000,18000,18000
061447,鴻海中信04購02  ,0,0,0,0,0,0,0,0,0,18000,0,0,0,35000,17000,18000,18000
061356,南電元大9A購06  ,0,0,0,0,0,0,0,0,0,18000,0,0,0,18000,0,18000,18000
059283,康友永豐99購02  ,0,0,0,0,0,0,0,0,0,18000,0,0,0,30000,12000,18000,18000
059267,群創中信01購02  ,0,0,0,0,0,0,0,0,0,18000,0,0,0,18000,0,18000,18000
061938,大立光國票9B購03,0,0,0,0,0,0,0,0,0,18000,0,0,0,18000,0,18000,18000
062057,華邦電統一01購01,0,0,0,0,0,0,0,0,0,18000,0,0,0,83000,65000,18000,18000
059732,超眾元大9A購01  ,0,0,0,0,0,0,0,0,0,18000,0,0,0,51000,33000,18000,18000
059673,玉山金元富99購01,0,0,0,0,0,0,0,0,0,18000,0,0,0,21000,3000,18000,18000
063961,世紀鋼元大9C購05,0,0,0,0,0,0,0,0,0,18000,0,0,0,86000,68000,18000,18000
063702,聯發科群益9C購04,0,0,0,0,0,0,0,0,0,18000,0,0,0,50000,32000,18000,18000
064214,群創凱基03購01  ,0,0,0,0,0,0,0,0,0,18000,0,0,0,36000,18000,18000,18000
064869,景碩永豐9C購01  ,0,0,0,0,0,0,0,0,0,18000,0,0,0,75000,57000,18000,18000
062858,微星國票9B購01  ,0,0,0,0,0,0,0,0,0,18000,0,0,0,41000,23000,18000,18000
062728,健策凱基9B購04  ,0,0,0,0,0,0,0,0,0,18000,0,0,0,149000,131000,18000,18000
062671,國泰金中信03購01,0,0,0,0,0,0,0,0,0,18000,0,0,0,48000,30000,18000,18000
062513,玉晶光國票9C購01,0,0,0,0,0,0,0,0,0,18000,0,0,0,41000,23000,18000,18000
063481,緯穎元大9B購08  ,0,0,0,0,0,0,0,0,0,18000,0,0,0,20000,2000,18000,18000
063618,智邦兆豐9C購01  ,0,0,0,0,0,0,0,0,0,18000,0,0,0,216000,198000,18000,18000
2722,夏都            ,21000,3000,18000,0,0,0,0,0,0,0,0,0,0,0,0,0,18000
1472,三洋紡          ,25000,8000,17000,0,0,0,0,0,0,0,0,0,0,0,0,0,17000
065085,聯發科元大01購02,0,0,0,0,0,0,0,0,0,17000,0,0,0,76000,59000,17000,17000
06867P,訊芯元大98售08  ,0,0,0,0,0,0,0,0,0,17000,0,0,0,77000,60000,17000,17000
057876,隆達元大98購01  ,0,0,0,0,0,0,0,0,0,17000,0,0,0,93000,76000,17000,17000
056845,揚明光元富98購01,0,0,0,0,0,0,0,0,0,17000,0,0,0,48000,31000,17000,17000
055955,微星元大97購01  ,0,0,0,0,0,0,0,0,0,17000,0,0,0,21000,4000,17000,17000
054644,A50正2群益9B購01,0,0,0,0,0,0,0,0,0,17000,0,0,0,17000,0,17000,17000
055623,貿聯國泰99購01  ,0,0,0,0,0,0,0,0,0,17000,0,0,0,22000,5000,17000,17000
055657,超眾元富97購02  ,0,0,0,0,0,0,0,0,0,17000,0,0,0,17000,0,17000,17000
060057,欣興凱基9B購01  ,0,0,0,0,0,0,0,0,0,17000,0,0,0,20000,3000,17000,17000
059733,緯穎元大99購08  ,0,0,0,0,0,0,0,0,0,17000,0,0,0,27000,10000,17000,17000
059823,奇力新凱基99購07,0,0,0,0,0,0,0,0,0,17000,0,0,0,17000,0,17000,17000
061457,TPK凱基9A購01   ,0,0,0,0,0,0,0,0,0,17000,0,0,0,30000,13000,17000,17000
061486,國巨兆豐9B購02  ,0,0,0,0,0,0,0,0,0,17000,0,0,0,145000,128000,17000,17000
063079,儒鴻凱基9B購01  ,0,0,0,0,0,0,0,0,0,17000,0,0,0,50000,33000,17000,17000
063089,巨大凱基9C購01  ,0,0,0,0,0,0,0,0,0,17000,0,0,0,62000,45000,17000,17000
063127,TPK元大9B購02   ,0,0,0,0,0,0,0,0,0,17000,0,0,0,25000,8000,17000,17000
063150,聯發科元富05購03,0,0,0,0,0,0,0,0,0,17000,0,0,0,17000,0,17000,17000
062386,京鼎國泰9C購01  ,0,0,0,0,0,0,0,0,0,17000,0,0,0,438000,421000,17000,17000
064050,景碩統一01購01  ,0,0,0,0,0,0,0,0,0,17000,0,0,0,17000,0,17000,17000
063655,華通元富9B購01  ,0,0,0,0,0,0,0,0,0,17000,0,0,0,58000,41000,17000,17000
2537,聯上發          ,103000,85000,18000,0,0,0,0,0,0,-1000,0,1000,-1000,0,0,0,17000
065745,裕隆元大9C購03  ,0,0,0,0,0,0,0,0,0,16000,0,0,0,367000,351000,16000,16000
065054,百和凱基02購01  ,0,0,0,0,0,0,0,0,0,16000,0,0,0,16000,0,16000,16000
065220,義隆富邦01購02  ,0,0,0,0,0,0,0,0,0,16000,0,0,0,619000,603000,16000,16000
065293,玉晶光群益01購07,0,0,0,0,0,0,0,0,0,16000,0,0,0,44000,28000,16000,16000
065405,華新科富邦03購01,0,0,0,0,0,0,0,0,0,16000,0,0,0,76000,60000,16000,16000
1416,廣豐            ,25000,9000,16000,0,0,0,0,0,0,0,0,0,0,0,0,0,16000
1108,幸福            ,26000,10000,16000,0,0,0,0,0,0,0,0,0,0,0,0,0,16000
07085P,超眾元富9C售01  ,0,0,0,0,0,0,0,0,0,16000,0,0,0,40000,24000,16000,16000
053705,滬深2X凱基99購01,0,0,0,0,0,0,0,0,0,16000,0,0,0,16000,0,16000,16000
055809,T50反1國票98購02,0,0,0,0,0,0,0,0,0,16000,0,0,0,16000,0,16000,16000
055020,上証2X國泰98購01,0,0,0,0,0,0,0,0,0,16000,0,0,0,16000,0,16000,16000
055482,聚陽元大97購02  ,0,0,0,0,0,0,0,0,0,16000,0,0,0,16000,0,16000,16000
057773,技嘉群益9A購02  ,0,0,0,0,0,0,0,0,0,16000,0,0,0,16000,0,16000,16000
057839,台積電富邦9A購02,0,0,0,0,0,0,0,0,0,16000,0,0,0,21000,5000,16000,16000
061211,玉晶光元大9A購12,0,0,0,0,0,0,0,0,0,16000,0,0,0,16000,0,16000,16000
057294,台灣50永豐99購01,0,0,0,0,0,0,0,0,0,16000,0,0,0,16000,0,16000,16000
057330,台積電國票99購03,0,0,0,0,0,0,0,0,0,16000,0,0,0,68000,52000,16000,16000
057611,技嘉元富98購02  ,0,0,0,0,0,0,0,0,0,16000,0,0,0,39000,23000,16000,16000
057082,玉晶光統一9A購04,0,0,0,0,0,0,0,0,0,16000,0,0,0,23000,7000,16000,16000
058008,禾伸堂國票99購02,0,0,0,0,0,0,0,0,0,16000,0,0,0,17000,1000,16000,16000
056712,京鼎永豐98購01  ,0,0,0,0,0,0,0,0,0,16000,0,0,0,91000,75000,16000,16000
058150,中502X統一9B購01,0,0,0,0,0,0,0,0,0,16000,0,0,0,16000,0,16000,16000
058970,鴻海永豐99購02  ,0,0,0,0,0,0,0,0,0,16000,0,0,0,20000,4000,16000,16000
059165,南亞科凱基99購04,0,0,0,0,0,0,0,0,0,16000,0,0,0,76000,60000,16000,16000
060151,旺宏富邦9A購02  ,0,0,0,0,0,0,0,0,0,16000,0,0,0,16000,0,16000,16000
062234,廣達凱基9B購01  ,0,0,0,0,0,0,0,0,0,16000,0,0,0,16000,0,16000,16000
063972,緯創國票9C購01  ,0,0,0,0,0,0,0,0,0,16000,0,0,0,16000,0,16000,16000
063940,國巨元大01購02  ,0,0,0,0,0,0,0,0,0,16000,0,0,0,23000,7000,16000,16000
063954,世芯元大01購02  ,0,0,0,0,0,0,0,0,0,16000,0,0,0,37000,21000,16000,16000
063839,華通元大9C購02  ,0,0,0,0,0,0,0,0,0,16000,0,0,0,31000,15000,16000,16000
063847,聯發科元大9C購03,0,0,0,0,0,0,0,0,0,16000,0,0,0,22000,6000,16000,16000
064085,儒鴻凱基9C購02  ,0,0,0,0,0,0,0,0,0,16000,0,0,0,86000,70000,16000,16000
064180,國巨富邦02購03  ,0,0,0,0,0,0,0,0,0,16000,0,0,0,115000,99000,16000,16000
064248,億光元富9C購01  ,0,0,0,0,0,0,0,0,0,16000,0,0,0,116000,100000,16000,16000
064283,奇鋐元大9C購02  ,0,0,0,0,0,0,0,0,0,16000,0,0,0,26000,10000,16000,16000
064745,聯鈞國票01購01  ,0,0,0,0,0,0,0,0,0,16000,0,0,0,440000,424000,16000,16000
062316,康控凱基9B購03  ,0,0,0,0,0,0,0,0,0,16000,0,0,0,36000,20000,16000,16000
062598,華通台新9B購02  ,0,0,0,0,0,0,0,0,0,16000,0,0,0,90000,74000,16000,16000
062685,華新科統一9C購03,0,0,0,0,0,0,0,0,0,16000,0,0,0,16000,0,16000,16000
1783,和康生          ,154000,138000,16000,0,0,0,0,0,0,0,0,0,0,0,0,0,16000
06935P,神達元大98售02  ,0,0,0,0,0,0,0,0,0,15000,0,0,0,20000,5000,15000,15000
07328P,FBVIX國泰9B售01 ,0,0,0,0,0,0,0,0,0,15000,0,0,0,15000,0,15000,15000
07344P,鴻海富邦9A售03  ,0,0,0,0,0,0,0,0,0,15000,0,0,0,15000,0,15000,15000
08635P,大成鋼國票01售01,0,0,0,0,0,0,0,0,0,15000,0,0,0,15000,0,15000,15000
08370P,台積電凱基01售06,0,0,0,0,0,0,0,0,0,15000,0,0,0,15000,0,15000,15000
065476,聯發科元大9C購14,0,0,0,0,0,0,0,0,0,15000,0,0,0,15000,0,15000,15000
065074,亞德客元大9C購03,0,0,0,0,0,0,0,0,0,15000,0,0,0,28000,13000,15000,15000
065180,台表科元大9C購10,0,0,0,0,0,0,0,0,0,15000,0,0,0,19000,4000,15000,15000
065710,嘉聯益群益9C購02,0,0,0,0,0,0,0,0,0,15000,0,0,0,15000,0,15000,15000
06666P,台積電日盛9A售02,0,0,0,0,0,0,0,0,0,15000,0,0,0,45000,30000,15000,15000
057272,台積電元大98購14,0,0,0,0,0,0,0,0,0,15000,0,0,0,15000,0,15000,15000
056592,台積電元富98購01,0,0,0,0,0,0,0,0,0,15000,0,0,0,15000,0,15000,15000
056663,臺股指元大9A購10,0,0,0,0,0,0,0,0,0,15000,0,0,0,121000,106000,15000,15000
056463,台虹凱基98購02  ,0,0,0,0,0,0,0,0,0,15000,0,0,0,205000,190000,15000,15000
057998,玉晶光麥證9A購01,0,0,0,21000,0,21000,0,0,0,15000,0,0,0,21000,6000,15000,15000
056150,台光電凱基98購02,0,0,0,0,0,0,0,0,0,15000,0,0,0,105000,90000,15000,15000
057564,台積電富邦9B購03,0,0,0,0,0,0,0,0,0,15000,0,0,0,28000,13000,15000,15000
057683,技嘉日盛98購01  ,0,0,0,0,0,0,0,0,0,15000,0,0,0,75000,60000,15000,15000
057541,台灣50康和9A購04,0,0,0,0,0,0,0,0,0,15000,0,0,0,15000,0,15000,15000
057375,欣興元大98購09  ,0,0,0,0,0,0,0,0,0,15000,0,0,0,15000,0,15000,15000
061207,美律元大9A購04  ,6000,0,6000,0,0,0,0,0,0,9000,0,0,0,18000,9000,9000,15000
061087,國巨統一01購04  ,0,0,0,0,0,0,0,0,0,15000,0,0,0,25000,10000,15000,15000
060928,明泰永豐9A購01  ,0,0,0,0,0,0,0,0,0,15000,0,0,0,15000,0,15000,15000
057478,智邦元大99購01  ,0,0,0,0,0,0,0,0,0,15000,0,0,0,15000,0,15000,15000
056918,台積電兆豐98購01,0,0,0,0,0,0,0,0,0,15000,0,0,0,15000,0,15000,15000
055264,國巨永豐98購01  ,0,0,0,0,0,0,0,0,0,15000,0,0,0,15000,0,15000,15000
055114,新日興凱基98購01,0,0,0,0,0,0,0,0,0,15000,0,0,0,58000,43000,15000,15000
054066,緯穎國票97購03  ,0,0,0,0,0,0,0,0,0,15000,0,0,0,15000,0,15000,15000
054673,京鼎國泰98購01  ,0,0,0,0,0,0,0,0,0,15000,0,0,0,15000,0,15000,15000
056059,美律元大98購02  ,0,0,0,0,0,0,0,0,0,15000,0,0,0,15000,0,15000,15000
054354,技嘉富邦97購01  ,0,0,0,0,0,0,0,0,0,15000,0,0,0,15000,0,15000,15000
055645,技嘉元富97購01  ,0,0,0,0,0,0,0,0,0,15000,0,0,0,15000,0,15000,15000
04454P,大立光富邦98售02,0,0,0,0,0,0,0,0,0,15000,0,0,0,15000,0,15000,15000
051365,瀚宇博國泰97購01,0,0,0,0,0,0,0,0,0,15000,0,0,0,15000,0,15000,15000
0055,元大MSCI金融    ,0,0,0,0,0,0,0,0,0,15000,0,0,0,15000,0,15000,15000
006203,元大MSCI台灣    ,1000,1000,0,0,0,0,0,0,0,15000,0,0,0,16000,1000,15000,15000
062018,台勝科永豐9B購01,0,0,0,0,0,0,0,0,0,15000,0,0,0,15000,0,15000,15000
061772,健策元大9B購06  ,0,0,0,0,0,0,0,0,0,15000,0,0,0,149000,134000,15000,15000
060848,聯茂國票9A購02  ,0,0,0,0,0,0,0,0,0,15000,0,0,0,15000,0,15000,15000
061704,景碩國票9A購01  ,0,0,0,0,0,0,0,0,0,15000,0,0,0,15000,0,15000,15000
061648,緯穎元大9A購04  ,0,0,0,0,0,0,0,0,0,15000,0,0,0,21000,6000,15000,15000
059783,旺宏元大99購17  ,0,0,0,0,0,0,0,0,0,15000,0,0,0,17000,2000,15000,15000
059864,亞德客凱基99購01,0,0,0,0,0,0,0,0,0,15000,0,0,0,15000,0,15000,15000
059641,群創凱基99購06  ,0,0,0,0,0,0,0,0,0,15000,0,0,0,20000,5000,15000,15000
059597,大立光元大99購21,0,0,0,0,0,0,0,0,0,15000,0,0,0,15000,0,15000,15000
058908,貿聯元大99購03  ,0,0,0,0,0,0,0,0,0,15000,0,0,0,15000,0,15000,15000
058988,大立光凱基9A購02,0,0,0,0,0,0,0,0,0,15000,0,0,0,15000,0,15000,15000
059083,華通元大99購07  ,0,0,0,0,0,0,0,0,0,15000,0,0,0,38000,23000,15000,15000
059053,鴻海凱基99購07  ,0,0,0,0,0,0,0,0,0,15000,0,0,0,22000,7000,15000,15000
059510,華新科永豐99購07,0,0,0,0,0,0,0,0,0,15000,0,0,0,16000,1000,15000,15000
058739,喬山中信99購01  ,0,0,0,0,0,0,0,0,0,15000,0,0,0,46000,31000,15000,15000
058493,台積電群益9A購01,0,0,0,0,0,0,0,0,0,15000,0,0,0,15000,0,15000,15000
058383,道瓊指中信9C購02,0,0,0,0,0,0,0,0,0,15000,0,0,0,25000,10000,15000,15000
061488,奇力新兆豐9A購01,0,0,0,0,0,0,0,0,0,15000,0,0,0,15000,0,15000,15000
060521,鴻海中信01購03  ,0,0,0,0,0,0,0,0,0,15000,0,0,0,20000,5000,15000,15000
060160,聯陽永豐9A購01  ,0,0,0,0,0,0,0,0,0,15000,0,0,0,15000,0,15000,15000
062701,漢唐元大9B購01  ,0,0,0,0,0,0,0,0,0,15000,0,0,0,162000,147000,15000,15000
06284P,台積電國票98售03,0,0,0,0,0,0,0,0,0,15000,0,0,0,45000,30000,15000,15000
062551,緯穎永豐9B購02  ,0,0,0,0,0,0,0,0,0,15000,0,0,0,15000,0,15000,15000
062470,智邦凱基9C購01  ,0,0,0,0,0,0,0,0,0,15000,0,0,0,220000,205000,15000,15000
062455,鴻海群益9C購01  ,0,0,0,0,0,0,0,0,0,15000,0,0,0,25000,10000,15000,15000
062262,茂林元大9B購02  ,0,0,0,0,0,0,0,0,0,15000,0,0,0,15000,0,15000,15000
062391,台達電富邦9C購01,0,0,0,0,0,0,0,0,0,15000,0,0,0,15000,0,15000,15000
063374,嘉澤永豐9B購04  ,0,0,0,0,0,0,0,0,0,15000,0,0,0,25000,10000,15000,15000
064675,A50正2兆豐01購01,0,0,0,0,0,0,0,0,0,15000,0,0,0,20000,5000,15000,15000
064754,漢唐凱基02購01  ,0,0,0,0,0,0,0,0,0,15000,0,0,0,15000,0,15000,15000
064577,大立光國泰02購01,0,0,0,0,0,0,0,0,0,15000,0,0,0,35000,20000,15000,15000
064040,鴻海統一9C購18  ,0,0,0,0,0,0,0,0,0,15000,0,0,0,31000,16000,15000,15000
6205,詮欣            ,53000,37000,16000,0,0,0,0,0,0,-1000,0,1000,-1000,0,0,0,15000
8480,泰昇-KY         ,24000,9000,15000,0,0,0,0,0,0,0,0,0,0,0,0,0,15000
065185,和大統一02購05  ,0,0,0,0,0,0,0,0,0,14000,0,0,0,15000,1000,14000,14000
08611P,聯發科凱基01售08,0,0,0,0,0,0,0,0,0,14000,0,0,0,37000,23000,14000,14000
06929P,鴻海元大99售11  ,0,0,0,0,0,0,0,0,0,14000,0,0,0,14000,0,14000,14000
07014P,華通元大99售04  ,0,0,0,0,0,0,0,0,0,14000,0,0,0,19000,5000,14000,14000
00668,國泰美國道瓊    ,112000,1000,111000,0,0,0,0,0,0,-97000,0,0,0,55000,152000,-97000,14000
053627,宏碁兆豐97購01  ,0,0,0,0,0,0,0,0,0,14000,0,0,0,14000,0,14000,14000
054917,聯發科凱基98購05,0,0,0,0,0,0,0,0,0,14000,0,0,0,22000,8000,14000,14000
056839,台光電元富98購02,0,0,0,0,0,0,0,0,0,14000,0,0,0,14000,0,14000,14000
057856,聯鈞國票99購03  ,0,0,0,0,0,0,0,0,0,14000,0,0,0,14000,0,14000,14000
060963,禾伸堂凱基9A購01,0,0,0,0,0,0,0,0,0,14000,0,0,0,53000,39000,14000,14000
056450,可成凱基98購05  ,0,0,0,0,0,0,0,0,0,14000,0,0,0,14000,0,14000,14000
056526,力山凱基98購01  ,0,0,0,0,0,0,0,0,0,14000,0,0,0,14000,0,14000,14000
061528,超眾凱基9A購04  ,0,0,0,0,0,0,0,0,0,14000,0,0,0,22000,8000,14000,14000
058242,玉晶光元大9A購01,0,0,0,0,0,0,0,0,0,14000,0,0,0,29000,15000,14000,14000
058299,同欣電凱基9A購01,0,0,0,0,0,0,0,0,0,14000,0,0,0,50000,36000,14000,14000
058485,智邦國票9A購01  ,0,0,0,0,0,0,0,0,0,14000,0,0,0,30000,16000,14000,14000
059000,台積電元大99購25,0,0,0,0,0,0,0,0,0,14000,0,0,0,14000,0,14000,14000
060371,A50正2元富01購01,0,0,0,0,0,0,0,0,0,14000,0,0,0,14000,0,14000,14000
060009,南亞科群益99購03,0,0,0,0,0,0,0,0,0,14000,0,0,0,14000,0,14000,14000
060578,臺股指中信9C購03,0,0,0,0,0,0,0,0,0,14000,0,0,0,14000,0,14000,14000
060730,台積電群益9A購03,0,0,0,0,0,0,0,0,0,14000,0,0,0,14000,0,14000,14000
062161,南六凱基9C購01  ,0,0,0,0,0,0,0,0,0,14000,0,0,0,64000,50000,14000,14000
063998,聯發科兆豐9C購02,0,0,0,0,0,0,0,0,0,14000,0,0,0,73000,59000,14000,14000
064123,台積電元大9C購09,0,0,0,0,0,0,0,0,0,14000,0,0,0,15000,1000,14000,14000
063813,瑞昱群益9C購02  ,0,0,0,0,0,0,0,0,0,14000,0,0,0,130000,116000,14000,14000
063453,創意統一9C購01  ,0,0,0,0,0,0,0,0,0,14000,0,0,0,64000,50000,14000,14000
063120,台光電元大9C購01,0,0,0,0,0,0,0,0,0,14000,0,0,0,213000,199000,14000,14000
062911,聯詠元大9B購03  ,0,0,0,0,0,0,0,0,0,14000,0,0,0,24000,10000,14000,14000
6672,騰輝電子-KY     ,51000,37000,14000,0,0,0,0,0,0,0,0,0,0,0,0,0,14000
2616,山隆            ,32000,18000,14000,0,0,0,0,0,0,0,0,0,0,0,0,0,14000
08056P,華通群益9B售06  ,0,0,0,0,0,0,0,0,0,13000,0,0,0,13000,0,13000,13000
065026,世紀鋼永豐9C購02,0,0,0,0,0,0,0,0,0,13000,0,0,0,23000,10000,13000,13000
065522,旭富群益9C購03  ,0,0,0,0,0,0,0,0,0,13000,0,0,0,13000,0,13000,13000
065585,聯發科富邦03購02,0,0,0,0,0,0,0,0,0,13000,0,0,0,39000,26000,13000,13000
056586,光罩統一98購02  ,0,0,0,0,0,0,0,0,0,13000,0,0,0,13000,0,13000,13000
056435,台積電凱基98購09,0,0,0,0,0,0,0,0,0,13000,0,0,0,23000,10000,13000,13000
056428,台達電凱基99購01,0,0,0,0,0,0,0,0,0,13000,0,0,0,44000,31000,13000,13000
056376,玉晶光統一98購01,0,0,0,0,0,0,0,0,0,13000,0,0,0,13000,0,13000,13000
057111,立積群益98購02  ,0,0,0,0,0,0,0,0,0,13000,0,0,0,13000,0,13000,13000
057141,嘉聯益兆豐99購01,0,0,0,0,0,0,0,0,0,13000,0,0,0,69000,56000,13000,13000
055230,大毅國票98購01  ,0,0,0,0,0,0,0,0,0,13000,0,0,0,29000,16000,13000,13000
053593,晶技元大98購01  ,0,0,0,0,0,0,0,0,0,13000,0,0,0,13000,0,13000,13000
051597,T50反1中信99購02,0,0,0,0,0,0,0,0,0,13000,0,0,0,13000,0,13000,13000
046061,中石化凱基98購01,0,0,0,0,0,0,0,0,0,13000,0,0,0,35000,22000,13000,13000
00663L,國泰臺灣加權正2 ,1000,1000,0,0,0,0,0,0,0,13000,0,0,0,105000,92000,13000,13000
060353,A50正2元富9A購01,0,0,0,0,0,0,0,0,0,13000,0,0,0,13000,0,13000,13000
060264,華新科國票9A購02,0,0,0,0,0,0,0,0,0,13000,0,0,0,14000,1000,13000,13000
058874,聯鈞國票9A購01  ,0,0,0,0,0,0,0,0,0,13000,0,0,0,64000,51000,13000,13000
060326,群光群益9A購01  ,0,0,0,0,0,0,0,0,0,13000,0,0,0,138000,125000,13000,13000
058969,亞德客永豐99購01,0,0,0,0,0,0,0,0,0,13000,0,0,0,62000,49000,13000,13000
058272,超眾永豐9A購01  ,0,0,0,0,0,0,0,0,0,13000,0,0,0,13000,0,13000,13000
061476,大毅元大9A購02  ,0,0,0,0,0,0,0,0,0,13000,0,0,0,13000,0,13000,13000
061282,台積電統一9C購06,0,0,0,0,0,0,0,0,0,13000,0,0,0,13000,0,13000,13000
062942,嘉澤凱基9B購02  ,0,0,0,0,0,0,0,0,0,13000,0,0,0,119000,106000,13000,13000
064351,中租元大9C購01  ,0,0,0,0,0,0,0,0,0,13000,0,0,0,120000,107000,13000,13000
064614,友訊元大9C購02  ,0,0,0,0,0,0,0,0,0,13000,0,0,0,28000,15000,13000,13000
2428,興勤            ,46000,31000,15000,0,0,0,0,0,0,-2000,0,0,0,1000,3000,-2000,13000
3028,增你強          ,19000,6000,13000,0,0,0,0,0,0,0,0,0,0,0,0,0,13000
6235,華孚            ,55000,41000,14000,0,0,0,0,0,0,-1000,0,1000,-1000,0,0,0,13000
6558,興能高          ,80000,67000,13000,0,0,0,0,0,0,0,0,0,0,0,0,0,13000
06752P,訊芯凱基98售05  ,0,0,0,0,0,0,0,0,0,12000,0,0,0,12000,0,12000,12000
065319,鴻海凱基9C購03  ,0,0,0,0,0,0,0,0,0,12000,0,0,0,22000,10000,12000,12000
07303P,臺股指元大9A售36,0,0,0,0,0,0,0,0,0,12000,0,0,0,90000,78000,12000,12000
08558P,香港2X國票9C售01,0,0,0,0,0,0,0,0,0,12000,0,0,0,12000,0,12000,12000
08351P,南六國票01售02  ,0,0,0,0,0,0,0,0,0,12000,0,0,0,19000,7000,12000,12000
00714,群益道瓊美國地產,25000,0,25000,0,0,0,0,0,0,-13000,0,0,0,0,13000,-13000,12000
048414,滬深2X統一98購01,0,0,0,0,0,0,0,0,0,12000,0,0,0,20000,8000,12000,12000
056930,晶豪科台新98購01,0,0,0,0,0,0,0,0,0,12000,0,0,0,12000,0,12000,12000
054074,健策富邦98購01  ,0,0,0,0,0,0,0,0,0,12000,0,0,0,12000,0,12000,12000
057924,健策凱基98購02  ,0,0,0,0,0,0,0,0,0,12000,0,0,0,52000,40000,12000,12000
058007,南電群益98購02  ,0,0,0,0,0,0,0,0,0,12000,0,0,0,12000,0,12000,12000
056502,A50正2永豐98購01,0,0,0,0,0,0,0,0,0,12000,0,0,0,12000,0,12000,12000
057276,全新元大99購03  ,0,0,0,0,0,0,0,0,0,12000,0,0,0,22000,10000,12000,12000
061134,大成鋼統一9C購01,0,0,0,0,0,0,0,0,0,12000,0,0,0,13000,1000,12000,12000
057422,欣興凱基98購04  ,0,0,0,0,0,0,0,0,0,12000,0,0,0,97000,85000,12000,12000
057765,康舒凱基98購01  ,0,0,0,0,0,0,0,0,0,12000,0,0,0,12000,0,12000,12000
058583,臻鼎群益99購01  ,0,0,0,0,0,0,0,0,0,12000,0,0,0,100000,88000,12000,12000
061358,世紀鋼元大9A購04,0,0,0,0,0,0,0,0,0,12000,0,0,0,14000,2000,12000,12000
058396,力山元大99購01  ,0,0,0,0,0,0,0,0,0,12000,0,0,0,12000,0,12000,12000
059771,台積電群益99購11,0,0,0,0,0,0,0,0,0,12000,0,0,0,14000,2000,12000,12000
059876,智易凱基99購02  ,0,0,0,0,0,0,0,0,0,12000,0,0,0,12000,0,12000,12000
059619,台積電日盛9A購04,0,0,0,0,0,0,0,0,0,12000,0,0,0,24000,12000,12000,12000
061980,聯發科元大9B購01,0,0,0,0,0,0,0,0,0,12000,0,0,0,12000,0,12000,12000
061875,華新科元大9B購03,0,0,0,0,0,0,0,0,0,12000,0,0,0,12000,0,12000,12000
060712,建準永豐9A購01  ,0,0,0,0,0,0,0,0,0,12000,0,0,0,17000,5000,12000,12000
061858,南電國票9B購02  ,0,0,0,0,0,0,0,0,0,12000,0,0,0,14000,2000,12000,12000
064755,南亞科凱基01購02,0,0,0,0,0,0,0,0,0,12000,0,0,0,12000,0,12000,12000
064831,宏達電統一02購01,0,0,0,0,0,0,0,0,0,12000,0,0,0,20000,8000,12000,12000
064389,台泥永豐9C購01  ,0,0,0,0,0,0,0,0,0,12000,0,0,0,75000,63000,12000,12000
063764,上銀元富9B購08  ,0,0,0,0,0,0,0,0,0,12000,0,0,0,12000,0,12000,12000
064227,和碩國票01購01  ,0,0,0,0,0,0,0,0,0,12000,0,0,0,12000,0,12000,12000
064229,台表科國票01購01,0,0,0,0,0,0,0,0,0,12000,0,0,0,12000,0,12000,12000
062925,建準國票9B購01  ,0,0,0,0,0,0,0,0,0,12000,0,0,0,12000,0,12000,12000
062856,世芯永豐9B購02  ,0,0,0,0,0,0,0,0,0,12000,0,0,0,12000,0,12000,12000
062395,台表科富邦9C購01,0,0,0,0,0,0,0,0,0,12000,0,0,0,12000,0,12000,12000
062346,智邦群益9B購02  ,0,0,0,0,0,0,0,0,0,12000,0,0,0,15000,3000,12000,12000
062503,玉晶光群益01購03,0,0,0,0,0,0,0,0,0,12000,0,0,0,41000,29000,12000,12000
063008,華通元大9B購06  ,0,0,0,0,0,0,0,0,0,12000,0,0,0,90000,78000,12000,12000
063183,國巨凱基9B購12  ,0,0,0,0,0,0,0,0,0,12000,0,0,0,57000,45000,12000,12000
063411,和潤國票9C購01  ,0,0,0,0,0,0,0,0,0,12000,0,0,0,12000,0,12000,12000
063498,金像電永豐9B購02,0,0,0,0,0,0,0,0,0,12000,0,0,0,20000,8000,12000,12000
063552,晶技國票9B購03  ,0,0,0,0,0,0,0,0,0,12000,0,0,0,12000,0,12000,12000
2530,華建            ,39000,29000,10000,0,0,0,0,0,0,2000,2000,0,2000,0,0,0,12000
08325P,臺股指凱基9C售08,0,0,0,0,0,0,0,0,0,11000,0,0,0,86000,75000,11000,11000
07039P,南電台新99售01  ,0,0,0,0,0,0,0,0,0,11000,0,0,0,11000,0,11000,11000
07930P,聯發科統一9B售06,0,0,0,0,0,0,0,0,0,11000,0,0,0,11000,0,11000,11000
065322,聯發科凱基01購05,0,0,0,0,0,0,0,0,0,11000,0,0,0,28000,17000,11000,11000
065237,茂林凱基01購01  ,0,0,0,0,0,0,0,0,0,11000,0,0,0,79000,68000,11000,11000
065029,微星兆豐9C購01  ,0,0,0,0,0,0,0,0,0,11000,0,0,0,11000,0,11000,11000
064929,台表科統一02購03,0,0,0,0,0,0,0,0,0,11000,0,0,0,79000,68000,11000,11000
065632,正崴國票01購01  ,0,0,0,0,0,0,0,0,0,11000,0,0,0,22000,11000,11000,11000
065806,貿聯群益9C購05  ,0,0,0,0,0,0,0,0,0,11000,0,0,0,67000,56000,11000,11000
061105,宏達電元大9A購04,0,0,0,0,0,0,0,0,0,11000,0,0,0,76000,65000,11000,11000
061178,晶技凱基9B購01  ,0,0,0,0,0,0,0,0,0,11000,0,0,0,11000,0,11000,11000
057501,超眾群益98購04  ,0,0,0,0,0,0,0,0,0,11000,0,0,0,11000,0,11000,11000
057253,高股息中信99購02,0,0,0,0,0,0,0,0,0,11000,0,0,0,11000,0,11000,11000
056542,緯創凱基98購01  ,0,0,0,0,0,0,0,0,0,11000,0,0,0,11000,0,11000,11000
056516,晶豪科兆豐98購01,0,0,0,0,0,0,0,0,0,11000,0,0,0,13000,2000,11000,11000
057167,台積電元大99購03,0,0,0,0,0,0,0,0,0,11000,0,0,0,11000,0,11000,11000
056346,聯茂凱基99購02  ,0,0,0,0,0,0,0,0,0,11000,0,0,0,70000,59000,11000,11000
054069,亞光國泰98購01  ,0,0,0,0,0,0,0,0,0,11000,0,0,0,11000,0,11000,11000
055128,致新兆豐97購01  ,0,0,0,0,0,0,0,0,0,11000,0,0,0,11000,0,11000,11000
053983,樺漢元大97購02  ,0,0,0,0,0,0,0,0,0,11000,0,0,0,11000,0,11000,11000
057897,華通富邦99購01  ,0,0,0,0,0,0,0,0,0,11000,0,0,0,211000,200000,11000,11000
056986,超眾群益98購03  ,0,0,0,0,0,0,0,0,0,11000,0,0,0,20000,9000,11000,11000
053587,京元電元大98購01,0,0,0,0,0,0,0,0,0,11000,0,0,0,11000,0,11000,11000
060847,康控國票9A購01  ,0,0,0,0,0,0,0,0,0,11000,0,0,0,65000,54000,11000,11000
061768,晶技元大9B購02  ,0,0,0,0,0,0,0,0,0,11000,0,0,0,68000,57000,11000,11000
060683,泰鼎元大9A購02  ,0,0,0,0,0,0,0,0,0,11000,0,0,0,36000,25000,11000,11000
062015,喬山永豐9B購01  ,0,0,0,0,0,0,0,0,0,11000,0,0,0,11000,0,11000,11000
061700,瑞昱國票9A購02  ,0,0,0,0,0,0,0,0,0,11000,0,0,0,11000,0,11000,11000
058431,國巨統一9B購01  ,0,0,0,0,0,0,0,0,0,11000,0,0,0,446000,435000,11000,11000
058141,嘉聯益元大99購05,0,0,0,0,0,0,0,0,0,11000,0,0,0,11000,0,11000,11000
058939,台積電中信9B購01,0,0,0,0,0,0,0,0,0,11000,0,0,0,31000,20000,11000,11000
060487,盛群富邦9B購01  ,0,0,0,0,0,0,0,0,0,11000,0,0,0,11000,0,11000,11000
061392,泰鼎群益9A購02  ,0,0,0,0,0,0,0,0,0,11000,0,0,0,11000,0,11000,11000
061526,宏達電凱基9A購04,0,0,0,0,0,0,0,0,0,11000,0,0,0,56000,45000,11000,11000
058590,南電中信9A購02  ,0,0,0,0,0,0,0,0,0,11000,0,0,0,21000,10000,11000,11000
062511,台光電國票9B購02,0,0,0,0,0,0,0,0,0,11000,0,0,0,95000,84000,11000,11000
062345,和大群益9B購01  ,0,0,0,0,0,0,0,0,0,11000,0,0,0,61000,50000,11000,11000
062309,燿華凱基9B購01  ,0,0,0,0,0,0,0,0,0,11000,0,0,0,15000,4000,11000,11000
064255,泰碩國泰02購01  ,0,0,0,0,0,0,0,0,0,11000,0,0,0,11000,0,11000,11000
064111,國巨國票02購02  ,0,0,0,0,0,0,0,0,0,11000,0,0,0,29000,18000,11000,11000
064392,喬山永豐9C購01  ,0,0,0,0,0,0,0,0,0,11000,0,0,0,11000,0,11000,11000
2495,普安            ,21000,10000,11000,0,0,0,0,0,0,0,0,0,0,0,0,0,11000
2904,匯僑            ,20000,9000,11000,0,0,0,0,0,0,0,0,0,0,0,0,0,11000
065788,緯創永豐9C購02  ,0,0,0,0,0,0,0,0,0,10000,0,0,0,19000,9000,10000,10000
065694,國巨群益9C購19  ,0,0,0,0,0,0,0,0,0,10000,0,0,0,20000,10000,10000,10000
065733,茂林凱基9C購03  ,0,0,0,0,0,0,0,0,0,10000,0,0,0,183000,173000,10000,10000
06898P,FBVIX群益9C售03 ,0,0,0,0,0,0,0,0,0,10000,0,0,0,10000,0,10000,10000
06717P,可成元大98售09  ,0,0,0,0,0,0,0,0,0,10000,0,0,0,10000,0,10000,10000
065876,牧德群益02購01  ,0,0,0,0,0,0,0,0,0,10000,0,0,0,10000,0,10000,10000
064949,南亞科凱基9C購01,0,0,0,0,0,0,0,0,0,10000,0,0,0,10000,0,10000,10000
065329,億豐凱基9C購02  ,0,0,0,0,0,0,0,0,0,10000,0,0,0,10000,0,10000,10000
065365,國巨元大9C購19  ,0,0,0,0,0,0,0,0,0,10000,0,0,0,10000,0,10000,10000
07942P,健策凱基9B售03  ,0,0,0,0,0,0,0,0,0,10000,0,0,0,10000,0,10000,10000
07991P,鴻海群益9C售02  ,0,0,0,0,0,0,0,0,0,10000,0,0,0,11000,1000,10000,10000
08108P,聯發科元富9B售03,0,0,0,0,0,0,0,0,0,10000,0,0,0,50000,40000,10000,10000
07886P,國巨國票9B售06  ,0,0,0,0,0,0,0,0,0,10000,0,0,0,10000,0,10000,10000
07862P,聯發科凱基9B售05,0,0,0,0,0,0,0,0,0,10000,0,0,0,10000,0,10000,10000
07766P,美律群益9A售03  ,0,0,0,0,0,0,0,0,0,10000,0,0,0,10000,0,10000,10000
06959P,鴻海凱基9A售02  ,0,0,0,0,0,0,0,0,0,10000,0,0,0,10000,0,10000,10000
07147P,高鐵元大99售01  ,0,0,0,0,0,0,0,0,0,10000,0,0,0,10000,0,10000,10000
07183P,臺股指凱基99售25,0,0,0,0,0,0,0,0,0,10000,0,0,0,10000,0,10000,10000
07270P,台灣50元大01售09,0,0,0,0,0,0,0,0,0,10000,0,0,0,10000,0,10000,10000
07253P,台灣50凱基9A售05,0,0,0,0,0,0,0,0,0,10000,0,0,0,10000,0,10000,10000
07358P,鴻海元大99售39  ,0,0,0,0,0,0,0,0,0,10000,0,0,0,80000,70000,10000,10000
07309P,聯發科凱基99售18,0,0,0,0,0,0,0,0,0,10000,0,0,0,10000,0,10000,10000
07530P,聯發科凱基9A售11,0,0,0,0,0,0,0,0,0,10000,0,0,0,10000,0,10000,10000
07564P,臺股指中信01售01,0,0,0,0,0,0,0,0,0,10000,0,0,0,100000,90000,10000,10000
07608P,台灣50國票9C售03,0,0,0,0,0,0,0,0,0,10000,0,0,0,10000,0,10000,10000
08318P,台積電台新01售01,0,0,0,0,0,0,0,0,0,10000,0,0,0,10000,0,10000,10000
08215P,旺宏群益9B售04  ,0,0,0,0,0,0,0,0,0,10000,0,0,0,10000,0,10000,10000
08487P,同欣電群益01售01,0,0,0,0,0,0,0,0,0,10000,0,0,0,20000,10000,10000,10000
08490P,上銀元大9C售08  ,0,0,0,0,0,0,0,0,0,10000,0,0,0,10000,0,10000,10000
08616P,聯發科元富9C售02,0,0,0,0,0,0,0,0,0,10000,0,0,0,70000,60000,10000,10000
055823,臺股指國票97購10,0,0,0,0,0,0,0,0,0,10000,0,0,0,10000,0,10000,10000
055709,深中小元大97購03,0,0,0,0,0,0,0,0,0,10000,0,0,0,10000,0,10000,10000
055722,聯鈞元大97購03  ,0,0,0,0,0,0,0,0,0,10000,0,0,0,10000,0,10000,10000
055765,臺股指群益97購03,0,0,0,0,0,0,0,0,0,10000,0,0,0,10000,0,10000,10000
055775,友達凱基9A購01  ,0,0,0,0,0,0,0,0,0,10000,0,0,0,10000,0,10000,10000
048847,A50群益98購01   ,0,0,0,0,0,0,0,0,0,10000,0,0,0,10000,0,10000,10000
048236,A50正2國票97購02,0,0,0,0,0,0,0,0,0,10000,0,0,0,10000,0,10000,10000
046385,群創凱基98購03  ,0,0,0,0,0,0,0,0,0,10000,0,0,0,10000,0,10000,10000
047548,友達凱基99購03  ,0,0,0,0,0,0,0,0,0,10000,0,0,0,10000,0,10000,10000
047196,上銀統一97購01  ,0,0,0,0,0,0,0,0,0,10000,0,0,0,10000,0,10000,10000
051701,華通群益97購01  ,0,0,0,0,0,0,0,0,0,10000,0,0,0,10000,0,10000,10000
051657,台郡元富98購01  ,0,0,0,0,0,0,0,0,0,10000,0,0,0,10000,0,10000,10000
055577,晶技統一97購02  ,0,0,0,0,0,0,0,0,0,10000,0,0,0,10000,0,10000,10000
03012X,元展12          ,0,0,0,0,0,0,0,0,0,10000,0,0,0,10000,0,10000,10000
053280,群創元大9C購01  ,0,0,0,0,0,0,0,0,0,10000,0,0,0,10000,0,10000,10000
053190,聯發科統一99購01,0,0,0,0,0,0,0,0,0,10000,0,0,0,260000,250000,10000,10000
052888,台表科中信9A購01,0,0,0,0,0,0,0,0,0,10000,0,0,0,10000,0,10000,10000
05305P,華新科國泰97售01,0,0,0,0,0,0,0,0,0,10000,0,0,0,10000,0,10000,10000
053025,燿華富邦98購02  ,0,0,0,0,0,0,0,0,0,10000,0,0,0,10000,0,10000,10000
052619,茂林國泰99購01  ,0,0,0,0,0,0,0,0,0,10000,0,0,0,60000,50000,10000,10000
053387,緯創元大97購01  ,0,0,0,0,0,0,0,0,0,10000,0,0,0,10000,0,10000,10000
03861P,群創元富99售01  ,0,0,0,0,0,0,0,0,0,10000,0,0,0,10000,0,10000,10000
057017,和大凱基98購01  ,0,0,0,0,0,0,0,0,0,10000,0,0,0,10000,0,10000,10000
057019,台積電凱基98購14,0,0,0,0,0,0,0,0,0,10000,0,0,0,10000,0,10000,10000
057919,技嘉凱基98購03  ,0,0,0,0,0,0,0,0,0,10000,0,0,0,50000,40000,10000,10000
057842,緯穎富邦99購02  ,0,0,0,0,0,0,0,0,0,10000,0,0,0,10000,0,10000,10000
057795,鴻海兆豐99購02  ,0,0,0,0,0,0,0,0,0,10000,0,0,0,10000,0,10000,10000
055456,上銀富邦99購01  ,0,0,0,0,0,0,0,0,0,10000,0,0,0,10000,0,10000,10000
055380,智易元大98購02  ,0,0,0,0,0,0,0,0,0,10000,0,0,0,10000,0,10000,10000
055272,國巨元大98購04  ,0,0,0,0,0,0,0,0,0,10000,0,0,0,10000,0,10000,10000
055276,台積電元大97購20,0,0,0,0,0,0,0,0,0,10000,0,0,0,10000,0,10000,10000
055310,聯詠群益97購02  ,0,0,0,0,0,0,0,0,0,10000,0,0,0,10000,0,10000,10000
056881,台灣50康和9A購01,0,0,0,0,0,0,0,0,0,10000,0,0,0,10000,0,10000,10000
055943,瑞昱麥證97購01  ,0,0,0,10000,0,10000,0,0,0,10000,0,0,0,10000,0,10000,10000
055940,致新群益98購01  ,0,0,0,0,0,0,0,0,0,10000,0,0,0,10000,0,10000,10000
055934,景碩群益98購03  ,0,0,0,0,0,0,0,0,0,10000,0,0,0,10000,0,10000,10000
054643,上証2X群益9B購01,0,0,0,0,0,0,0,0,0,10000,0,0,0,10000,0,10000,10000
054576,健策元大98購03  ,0,0,0,0,0,0,0,0,0,10000,0,0,0,20000,10000,10000,10000
054637,智邦中信98購01  ,0,0,0,0,0,0,0,0,0,10000,0,0,0,10000,0,10000,10000
054774,同欣電國票98購01,0,0,0,0,0,0,0,0,0,10000,0,0,0,10000,0,10000,10000
057168,旺宏元大99購03  ,0,0,0,0,0,0,0,0,0,10000,0,0,0,10000,0,10000,10000
056140,康控元大98購01  ,0,0,0,0,0,0,0,0,0,10000,0,0,0,10000,0,10000,10000
056212,台光電國票98購03,0,0,0,0,0,0,0,0,0,10000,0,0,0,20000,10000,10000,10000
056192,智邦富邦98購01  ,0,0,0,0,0,0,0,0,0,10000,0,0,0,10000,0,10000,10000
057994,技嘉中信98購01  ,0,0,0,0,0,0,0,0,0,10000,0,0,0,10000,0,10000,10000
057138,亞德客兆豐98購01,0,0,0,0,0,0,0,0,0,10000,0,0,0,10000,0,10000,10000
057110,立積群益98購01  ,0,0,0,0,0,0,0,0,0,10000,0,0,0,10000,0,10000,10000
057093,臻鼎元富98購02  ,0,0,0,0,0,0,0,0,0,10000,0,0,0,10000,0,10000,10000
05659P,A50正2中信97售01,0,0,0,0,0,0,0,0,0,10000,0,0,0,10000,0,10000,10000
056665,上証2X國票99購02,0,0,0,0,0,0,0,0,0,10000,0,0,0,1023000,1013000,10000,10000
056641,華通凱基98購03  ,0,0,0,0,0,0,0,0,0,10000,0,0,0,26000,16000,10000,10000
056407,嘉晶國票99購01  ,0,0,0,0,0,0,0,0,0,10000,0,0,0,10000,0,10000,10000
056436,台積電凱基98購10,0,0,0,0,0,0,0,0,0,10000,0,0,0,10000,0,10000,10000
056444,南亞科凱基99購01,0,0,0,0,0,0,0,0,0,10000,0,0,0,10000,0,10000,10000
056438,旺宏凱基98購05  ,0,0,0,0,0,0,0,0,0,10000,0,0,0,10000,0,10000,10000
057258,中環兆豐98購01  ,0,0,0,0,0,0,0,0,0,10000,0,0,0,10000,0,10000,10000
057271,國巨元大98購17  ,0,0,0,0,0,0,0,0,0,10000,0,0,0,10000,0,10000,10000
056532,技嘉凱基98購01  ,0,0,0,0,0,0,0,0,0,10000,0,0,0,10000,0,10000,10000
057505,健策麥證98購01  ,0,0,0,10000,0,10000,0,0,0,10000,0,0,0,10000,0,10000,10000
059264,台光電中信99購02,0,0,0,0,0,0,0,0,0,10000,0,0,0,10000,0,10000,10000
060965,中租凱基9B購01  ,0,0,0,0,0,0,0,0,0,10000,0,0,0,10000,0,10000,10000
060991,京鼎元大9A購01  ,0,0,0,0,0,0,0,0,0,10000,0,0,0,10000,0,10000,10000
061117,美律國泰9C購01  ,0,0,0,0,0,0,0,0,0,10000,0,0,0,10000,0,10000,10000
057758,鴻海凱基99購03  ,0,0,0,0,0,0,0,0,0,10000,0,0,0,17000,7000,10000,10000
057699,可成群益9A購02  ,0,0,0,0,0,0,0,0,0,10000,0,0,0,53000,43000,10000,10000
057586,台積電國票99購06,0,0,0,0,0,0,0,0,0,10000,0,0,0,10000,0,10000,10000
057639,國巨元大99購07  ,0,0,0,0,0,0,0,0,0,10000,0,0,0,10000,0,10000,10000
057667,可成元大99購01  ,0,0,0,0,0,0,0,0,0,10000,0,0,0,10000,0,10000,10000
057388,奇鋐永豐98購02  ,0,0,0,0,0,0,0,0,0,10000,0,0,0,10000,0,10000,10000
057379,寶成元大98購02  ,0,0,0,0,0,0,0,0,0,10000,0,0,0,10000,0,10000,10000
057345,中50統一98購01  ,0,0,0,0,0,0,0,0,0,10000,0,0,0,10000,0,10000,10000
057348,台積電統一98購09,0,0,0,0,0,0,0,0,0,10000,0,0,0,10000,0,10000,10000
057355,彩晶統一98購03  ,0,0,0,0,0,0,0,0,0,10000,0,0,0,50000,40000,10000,10000
058052,南電元大98購02  ,0,0,0,0,0,0,0,0,0,10000,0,0,0,11000,1000,10000,10000
058029,台灣50永豐9A購01,0,0,0,0,0,0,0,0,0,10000,0,0,0,10000,0,10000,10000
05729P,臺股指凱基97售02,0,0,0,0,0,0,0,0,0,10000,0,0,0,10000,0,10000,10000
057308,同欣電兆豐99購01,0,0,0,0,0,0,0,0,0,10000,0,0,0,10000,0,10000,10000
05859P,台表科國票97售04,0,0,0,0,0,0,0,0,0,10000,0,0,0,10000,0,10000,10000
060166,佐登永豐9A購01  ,0,0,0,0,0,0,0,0,0,10000,0,0,0,10000,0,10000,10000
060219,聯發科凱基9A購09,0,0,0,0,0,0,0,0,0,10000,0,0,0,10000,0,10000,10000
060246,晶相光元大9C購03,0,0,0,0,0,0,0,0,0,10000,0,0,0,123000,113000,10000,10000
059323,新日興元大99購02,0,0,0,0,0,0,0,0,0,10000,0,0,0,10000,0,10000,10000
061483,TPK元大9A購01   ,0,0,0,0,0,0,0,0,0,10000,0,0,0,30000,20000,10000,10000
061585,台積電富邦9B購06,0,0,0,0,0,0,0,0,0,10000,0,0,0,10000,0,10000,10000
061391,晶技群益9A購02  ,0,0,0,0,0,0,0,0,0,10000,0,0,0,10000,0,10000,10000
061433,華通麥證9A購03  ,0,0,0,10000,0,10000,0,0,0,10000,0,0,0,10000,0,10000,10000
061371,嘉澤國泰9C購01  ,0,0,0,0,0,0,0,0,0,10000,0,0,0,10000,0,10000,10000
058938,台積電中信01購03,0,0,0,0,0,0,0,0,0,10000,0,0,0,30000,20000,10000,10000
058912,祥碩元大99購01  ,0,0,0,0,0,0,0,0,0,10000,0,0,0,10000,0,10000,10000
059531,華新科凱基9B購02,0,0,0,0,0,0,0,0,0,10000,0,0,0,11000,1000,10000,10000
058983,旺宏凱基99購05  ,0,0,0,0,0,0,0,0,0,10000,0,0,0,10000,0,10000,10000
059059,宏達電凱基99購03,0,0,0,0,0,0,0,0,0,10000,0,0,0,90000,80000,10000,10000
059120,致伸永豐99購01  ,0,0,0,0,0,0,0,0,0,10000,0,0,0,33000,23000,10000,10000
059203,勤誠永豐99購02  ,0,0,0,0,0,0,0,0,0,10000,0,0,0,10000,0,10000,10000
059124,台積電第一03購01,0,0,0,0,0,0,0,0,0,10000,0,0,0,10000,0,10000,10000
059102,聯鈞元富99購01  ,0,0,0,0,0,0,0,0,0,10000,0,0,0,10000,0,10000,10000
058747,友達凱基9A購03  ,0,0,0,0,0,0,0,0,0,10000,0,0,0,10000,0,10000,10000
058468,聯茂中信99購02  ,0,0,0,0,0,0,0,0,0,10000,0,0,0,10000,0,10000,10000
058510,全新元大9B購02  ,0,0,0,0,0,0,0,0,0,10000,0,0,0,10000,0,10000,10000
058514,潤泰全元大99購01,0,0,0,0,0,0,0,0,0,10000,0,0,0,50000,40000,10000,10000
058324,嘉聯益永豐9A購01,0,0,0,0,0,0,0,0,0,10000,0,0,0,10000,0,10000,10000
058373,晶技凱基99購02  ,0,0,0,0,0,0,0,0,0,10000,0,0,0,10000,0,10000,10000
058259,訊連國泰9B購01  ,0,0,0,0,0,0,0,0,0,10000,0,0,0,10000,0,10000,10000
058219,台灣50國票9A購02,0,0,0,0,0,0,0,0,0,10000,0,0,0,10000,0,10000,10000
060523,鴻海中信9C購03  ,0,0,0,0,0,0,0,0,0,10000,0,0,0,15000,5000,10000,10000
060554,中租凱基9A購01  ,0,0,0,0,0,0,0,0,0,10000,0,0,0,10000,0,10000,10000
061654,旺宏國票9A購02  ,0,0,0,0,0,0,0,0,0,10000,0,0,0,10000,0,10000,10000
060370,滬深2X元富04購01,0,0,0,0,0,0,0,0,0,10000,0,0,0,51000,41000,10000,10000
060079,台郡台新99購03  ,0,0,0,0,0,0,0,0,0,10000,0,0,0,10000,0,10000,10000
060155,友訊永豐9A購01  ,0,0,0,0,0,0,0,0,0,10000,0,0,0,30000,20000,10000,10000
060135,台灣50國票9C購02,0,0,0,0,0,0,0,0,0,10000,0,0,0,10000,0,10000,10000
059681,華新科國泰9B購02,0,0,0,0,0,0,0,0,0,10000,0,0,0,11000,1000,10000,10000
059729,群創元大9C購05  ,0,0,0,0,0,0,0,0,0,10000,0,0,0,10000,0,10000,10000
060260,京鼎凱基9C購01  ,0,0,0,0,0,0,0,0,0,10000,0,0,0,10000,0,10000,10000
059629,友達凱基99購06  ,0,0,0,0,0,0,0,0,0,10000,0,0,0,10000,0,10000,10000
059215,台積電元大99購28,0,0,0,0,0,0,0,0,0,10000,0,0,0,10000,0,10000,10000
059537,大立光凱基99購09,0,0,0,0,0,0,0,0,0,10000,0,0,0,10000,0,10000,10000
058831,茂林永豐99購01  ,0,0,0,0,0,0,0,0,0,10000,0,0,0,10000,0,10000,10000
059847,喬山永豐99購01  ,0,0,0,0,0,0,0,0,0,10000,0,0,0,20000,10000,10000,10000
059852,康控永豐99購02  ,0,0,0,0,0,0,0,0,0,10000,0,0,0,30000,20000,10000,10000
059908,元金2X元大99購01,0,0,0,0,0,0,0,0,0,10000,0,0,0,20000,10000,10000,10000
059932,世紀鋼富邦9A購02,0,0,0,0,0,0,0,0,0,10000,0,0,0,10000,0,10000,10000
059942,全新永豐99購04  ,0,0,0,0,0,0,0,0,0,10000,0,0,0,10000,0,10000,10000
059820,南亞科凱基99購07,0,0,0,0,0,0,0,0,0,10000,0,0,0,10000,0,10000,10000
060291,高鐵元大9A購01  ,0,0,0,0,0,0,0,0,0,10000,0,0,0,10000,0,10000,10000
062048,義隆台新9B購01  ,0,0,0,0,0,0,0,0,0,10000,0,0,0,10000,0,10000,10000
061952,臺股指群益9B購01,0,0,0,0,0,0,0,0,0,10000,0,0,0,10000,0,10000,10000
060680,玉晶光元大9C購03,0,0,0,0,0,0,0,0,0,10000,0,0,0,15000,5000,10000,10000
060658,台灣50凱基01購04,0,0,0,0,0,0,0,0,0,10000,0,0,0,10000,0,10000,10000
060697,鴻海國泰9C購01  ,0,0,0,0,0,0,0,0,0,10000,0,0,0,15000,5000,10000,10000
060734,華通統一9C購01  ,0,0,0,0,0,0,0,0,0,10000,0,0,0,10000,0,10000,10000
060818,上銀統一9C購01  ,0,0,0,0,0,0,0,0,0,10000,0,0,0,10000,0,10000,10000
060815,茂林凱基9B購01  ,0,0,0,0,0,0,0,0,0,10000,0,0,0,10000,0,10000,10000
061853,晶技國票9B購02  ,0,0,0,0,0,0,0,0,0,10000,0,0,0,50000,40000,10000,10000
061832,聯發科凱基9B購06,0,0,0,0,0,0,0,0,0,10000,0,0,0,10000,0,10000,10000
061833,華新科凱基02購01,0,0,0,0,0,0,0,0,0,10000,0,0,0,80000,70000,10000,10000
061789,群創群益9B購01  ,0,0,0,0,0,0,0,0,0,10000,0,0,0,12000,2000,10000,10000
061783,友達群益9B購01  ,0,0,0,0,0,0,0,0,0,10000,0,0,0,10000,0,10000,10000
064380,超眾元富9C購03  ,0,0,0,0,0,0,0,0,0,10000,0,0,0,95000,85000,10000,10000
064298,台灣50兆豐01購02,0,0,0,0,0,0,0,0,0,10000,0,0,0,10000,0,10000,10000
064583,光寶科永豐9C購01,0,0,0,0,0,0,0,0,0,10000,0,0,0,10000,0,10000,10000
064556,華通群益02購02  ,0,0,0,0,0,0,0,0,0,10000,0,0,0,91000,81000,10000,10000
06447P,上銀元大98售01  ,0,0,0,0,0,0,0,0,0,10000,0,0,0,10000,0,10000,10000
064756,友達凱基02購02  ,0,0,0,0,0,0,0,0,0,10000,0,0,0,10000,0,10000,10000
064826,南亞科統一01購03,0,0,0,0,0,0,0,0,0,10000,0,0,0,10000,0,10000,10000
064696,群創群益9C購02  ,0,0,0,0,0,0,0,0,0,10000,0,0,0,12000,2000,10000,10000
063815,玉晶光群益02購01,0,0,0,0,0,0,0,0,0,10000,0,0,0,10000,0,10000,10000
063824,S&P反1國票9C購01,0,0,0,0,0,0,0,0,0,10000,0,0,0,10000,0,10000,10000
062322,元金2X統一01購01,0,0,0,0,0,0,0,0,0,10000,0,0,0,10000,0,10000,10000
062267,滬深2X群益01購05,0,0,0,0,0,0,0,0,0,10000,0,0,0,11000,1000,10000,10000
062380,巨大元大9B購01  ,0,0,0,0,0,0,0,0,0,10000,0,0,0,12000,2000,10000,10000
062555,旺宏凱基9B購06  ,0,0,0,0,0,0,0,0,0,10000,0,0,0,10000,0,10000,10000
062522,同欣電元大9B購02,0,0,0,0,0,0,0,0,0,10000,0,0,0,60000,50000,10000,10000
062602,華通麥證9C購01  ,0,0,0,10000,0,10000,0,0,0,10000,0,0,0,10000,0,10000,10000
062563,緯穎凱基9B購03  ,0,0,0,0,0,0,0,0,0,10000,0,0,0,20000,10000,10000,10000
062902,智邦元大9B購07  ,0,0,0,0,0,0,0,0,0,10000,0,0,0,169000,159000,10000,10000
06295P,國巨元大97售14  ,0,0,0,0,0,0,0,0,0,10000,0,0,0,10000,0,10000,10000
062693,中石化元大02購01,0,0,0,0,0,0,0,0,0,10000,0,0,0,10000,0,10000,10000
063558,聚陽元大9B購02  ,0,0,0,0,0,0,0,0,0,10000,0,0,0,457000,447000,10000,10000
063529,聯茂凱基9B購02  ,0,0,0,0,0,0,0,0,0,10000,0,0,0,38000,28000,10000,10000
063404,金像電國票9B購01,0,0,0,0,0,0,0,0,0,10000,0,0,0,25000,15000,10000,10000
063475,同欣電元大9C購01,0,0,0,0,0,0,0,0,0,10000,0,0,0,181000,171000,10000,10000
063392,聯電群益9B購02  ,0,0,0,0,0,0,0,0,0,10000,0,0,0,20000,10000,10000,10000
063346,TPK統一9C購01   ,0,0,0,0,0,0,0,0,0,10000,0,0,0,17000,7000,10000,10000
063226,康控群益9B購03  ,0,0,0,0,0,0,0,0,0,10000,0,0,0,10000,0,10000,10000
063279,國巨元大9C購05  ,0,0,0,0,0,0,0,0,0,10000,0,0,0,10000,0,10000,10000
063020,奇力新元大9B購04,0,0,0,0,0,0,0,0,0,10000,0,0,0,10000,0,10000,10000
063002,上証2X元大9B購03,0,0,0,0,0,0,0,0,0,10000,0,0,0,10000,0,10000,10000
063058,A50正2元富02購01,0,0,0,0,0,0,0,0,0,10000,0,0,0,10000,0,10000,10000
063114,南電兆豐9B購01  ,0,0,0,0,0,0,0,0,0,10000,0,0,0,10000,0,10000,10000
3167,大量            ,10000,0,10000,0,0,0,0,0,0,0,0,0,0,0,0,0,10000
4571,鈞興-KY         ,10000,0,10000,0,0,0,0,0,0,0,0,0,0,0,0,0,10000
4545,銘鈺            ,18000,8000,10000,0,0,0,0,0,0,0,0,0,0,0,0,0,10000
6128,上福            ,13000,3000,10000,0,0,0,0,0,0,0,0,0,0,0,0,0,10000
00645,富邦日本        ,0,0,0,0,0,0,0,0,0,9348,0,0,0,122348,113000,9348,9348
1218,泰山            ,70000,61000,9000,0,0,0,0,0,0,0,0,0,0,0,0,0,9000
1409,新纖            ,949000,940000,9000,0,0,0,0,0,0,0,0,0,0,0,0,0,9000
07574P,國巨元大9A售12  ,0,0,0,0,0,0,0,0,0,9000,0,0,0,10000,1000,9000,9000
07604P,台灣50元大9B售09,0,0,0,0,0,0,0,0,0,9000,0,0,0,9000,0,9000,9000
065167,華通元大02購01  ,0,0,0,0,0,0,0,0,0,9000,0,0,0,14000,5000,9000,9000
065687,華通元富9C購03  ,0,0,0,0,0,0,0,0,0,9000,0,0,0,124000,115000,9000,9000
065827,正崴凱基9C購01  ,0,0,0,0,0,0,0,0,0,9000,0,0,0,10000,1000,9000,9000
00675L,富邦臺灣加權正2 ,102000,73000,29000,0,0,0,0,0,0,-20000,0,0,0,15000,35000,-20000,9000
00735,國泰臺韓科技    ,0,0,0,0,0,0,0,0,0,9000,0,0,0,179000,170000,9000,9000
051614,元金2X凱基97購01,0,0,0,0,0,0,0,0,0,9000,0,0,0,10000,1000,9000,9000
051544,T50反1康和98購01,0,0,0,0,0,0,0,0,0,9000,0,0,0,9000,0,9000,9000
047004,台積電統一99購01,0,0,0,0,0,0,0,0,0,9000,0,0,0,23000,14000,9000,9000
055721,聯詠元大97購04  ,0,0,0,0,0,0,0,0,0,9000,0,0,0,10000,1000,9000,9000
055029,帆宣國泰99購01  ,0,0,0,0,0,0,0,0,0,9000,0,0,0,146000,137000,9000,9000
054510,S&P反1元大98購01,0,0,0,0,0,0,0,0,0,9000,0,0,0,9000,0,9000,9000
055957,瑞昱元大97購06  ,0,0,0,0,0,0,0,0,0,9000,0,0,0,9000,0,9000,9000
057820,華擎元大98購02  ,0,0,0,0,0,0,0,0,0,9000,0,0,0,12000,3000,9000,9000
057383,玉晶光富邦9A購01,0,0,0,0,0,0,0,0,0,9000,0,0,0,23000,14000,9000,9000
057398,台郡中信99購01  ,0,0,0,0,0,0,0,0,0,9000,0,0,0,9000,0,9000,9000
056577,玉晶光元大99購06,0,0,0,0,0,0,0,0,0,9000,0,0,0,9000,0,9000,9000
060874,中鋼中信02購01  ,0,0,0,0,0,0,0,0,0,9000,0,0,0,10000,1000,9000,9000
061945,華通群益9B購04  ,0,0,0,0,0,0,0,0,0,9000,0,0,0,13000,4000,9000,9000
061930,臺股指凱基9B購05,0,0,0,0,0,0,0,0,0,9000,0,0,0,14000,5000,9000,9000
059954,華新科康和99購01,0,0,0,0,0,0,0,0,0,9000,0,0,0,11000,2000,9000,9000
05958P,聯發科國票97售04,0,0,0,0,0,0,0,0,0,9000,0,0,0,9000,0,9000,9000
059605,臺股指元大9A購42,0,0,0,0,0,0,0,0,0,9000,0,0,0,11000,2000,9000,9000
058481,玉晶光凱基9A購04,0,0,0,0,0,0,0,0,0,9000,0,0,0,24000,15000,9000,9000
058173,台積電凱基99購04,0,0,0,0,0,0,0,0,0,9000,0,0,0,165000,156000,9000,9000
059151,臺股指國票99購14,0,0,0,0,0,0,0,0,0,9000,0,0,0,15000,6000,9000,9000
061606,景碩凱基9A購02  ,0,0,0,0,0,0,0,0,0,9000,0,0,0,9000,0,9000,9000
058603,台積電元大99購12,0,0,0,0,0,0,0,0,0,9000,0,0,0,9000,0,9000,9000
058637,晶技兆豐99購01  ,0,0,0,0,0,0,0,0,0,9000,0,0,0,27000,18000,9000,9000
058585,S&P正2中信9B購02,0,0,0,0,0,0,0,0,0,9000,0,0,0,9000,0,9000,9000
062696,國巨元大9B購16  ,0,0,0,0,0,0,0,0,0,9000,0,0,0,9000,0,9000,9000
062677,儒鴻統一01購01  ,0,0,0,0,0,0,0,0,0,9000,0,0,0,39000,30000,9000,9000
062635,創意國票9B購01  ,0,0,0,0,0,0,0,0,0,9000,0,0,0,11000,2000,9000,9000
062510,台積電國票01購01,0,0,0,0,0,0,0,0,0,9000,0,0,0,15000,6000,9000,9000
063769,玉晶光國泰02購01,0,0,0,0,0,0,0,0,0,9000,0,0,0,11000,2000,9000,9000
064013,創意國票01購01  ,0,0,0,0,0,0,0,0,0,9000,0,0,0,28000,19000,9000,9000
064502,大立光元大9C購19,0,0,0,0,0,0,0,0,0,9000,0,0,0,9000,0,9000,9000
064404,奇力新凱基02購01,0,0,0,0,0,0,0,0,0,9000,0,0,0,9000,0,9000,9000
2114,鑫永銓          ,11000,1000,10000,0,0,0,0,0,0,-1000,0,1000,-1000,0,0,0,9000
9905,大華            ,11000,2000,9000,0,0,0,0,0,0,0,0,0,0,0,0,0,9000
06890P,金融類元大98售02,0,0,0,0,0,0,0,0,0,8000,0,0,0,8000,0,8000,8000
06844P,智邦元大98售13  ,0,0,0,0,0,0,0,0,0,8000,0,0,0,17000,9000,8000,8000
065466,台表科中信01購03,0,0,0,0,0,0,0,0,0,8000,0,0,0,10000,2000,8000,8000
065255,上銀元大01購01  ,0,0,0,0,0,0,0,0,0,8000,0,0,0,8000,0,8000,8000
07473P,祥碩元大9A售01  ,0,0,0,0,0,0,0,0,0,8000,0,0,0,196000,188000,8000,8000
07137P,大立光中信9B售01,0,0,0,0,0,0,0,0,0,8000,0,0,0,8000,0,8000,8000
07138P,台灣50群益9B售04,0,0,0,0,0,0,0,0,0,8000,0,0,0,8000,0,8000,8000
056564,亞光群益98購02  ,0,0,0,0,0,0,0,0,0,8000,0,0,0,8000,0,8000,8000
056399,上証2X群益9C購01,0,0,0,0,0,0,0,0,0,8000,0,0,0,100000,92000,8000,8000
056387,智伸科國泰99購01,0,0,0,0,0,0,0,0,0,8000,0,0,0,48000,40000,8000,8000
061039,台表科永豐9A購03,0,0,0,0,0,0,0,0,0,8000,0,0,0,8000,0,8000,8000
060939,鴻海國票9A購06  ,0,0,0,0,0,0,0,0,0,8000,0,0,0,13000,5000,8000,8000
057020,台積電凱基99購02,0,0,0,0,0,0,0,0,0,8000,0,0,0,50000,42000,8000,8000
056015,華通群益99購01  ,0,0,0,0,0,0,0,0,0,8000,0,0,0,8000,0,8000,8000
054845,智邦兆豐98購01  ,0,0,0,0,0,0,0,0,0,8000,0,0,0,18000,10000,8000,8000
043642,元金2X國票97購01,0,0,0,0,0,0,0,0,0,8000,0,0,0,8000,0,8000,8000
050316,上証2X國票98購01,0,0,0,0,0,0,0,0,0,8000,0,0,0,10000,2000,8000,8000
051907,台積電元大97購05,0,0,0,0,0,0,0,0,0,8000,0,0,0,8000,0,8000,8000
055563,智易凱基97購02  ,0,0,0,0,0,0,0,0,0,8000,0,0,0,8000,0,8000,8000
055589,台光電元大98購04,0,0,0,0,0,0,0,0,0,8000,0,0,0,24000,16000,8000,8000
00736,國泰新興市場    ,0,20000,-20000,0,0,0,0,0,0,28000,0,0,0,176000,148000,28000,8000
00683L,元大美元指數正2 ,0,0,0,0,0,0,0,0,0,8000,0,0,0,9000,1000,8000,8000
0051,元大中型100     ,1000,0,1000,0,0,0,0,0,0,7000,0,0,0,10000,3000,7000,8000
061287,大立光統一9B購06,0,0,0,0,0,0,0,0,0,8000,0,0,0,22000,14000,8000,8000
059359,精元永豐99購01  ,0,0,0,0,0,0,0,0,0,8000,0,0,0,65000,57000,8000,8000
058672,可成群益9B購02  ,0,0,0,0,0,0,0,0,0,8000,0,0,0,15000,7000,8000,8000
060199,台郡元富9A購01  ,0,0,0,0,0,0,0,0,0,8000,0,0,0,8000,0,8000,8000
061390,大立光群益9A購04,0,0,0,0,0,0,0,0,0,8000,0,0,0,20000,12000,8000,8000
059197,可成永豐99購02  ,0,0,0,0,0,0,0,0,0,8000,0,0,0,12000,4000,8000,8000
059532,華新科凱基9B購03,0,0,0,0,0,0,0,0,0,8000,0,0,0,13000,5000,8000,8000
059469,智邦元大99購03  ,0,0,0,0,0,0,0,0,0,8000,0,0,0,23000,15000,8000,8000
058310,大立光元大99購10,0,0,0,0,0,0,0,0,0,8000,0,0,0,8000,0,8000,8000
059628,智邦凱基99購04  ,0,0,0,0,0,0,0,0,0,8000,0,0,0,8000,0,8000,8000
059637,大立光凱基01購01,0,0,0,0,0,0,0,0,0,8000,0,0,0,8000,0,8000,8000
059240,台積電凱基9A購09,0,0,0,0,0,0,0,0,0,8000,0,0,0,8000,0,8000,8000
059785,美律元大9A購03  ,0,0,0,0,0,0,0,0,0,8000,0,0,0,8000,0,8000,8000
060334,群光康和9A購01  ,0,0,0,0,0,0,0,0,0,8000,0,0,0,12000,4000,8000,8000
059675,大立光元富99購08,0,0,0,0,0,0,0,0,0,8000,0,0,0,8000,0,8000,8000
060817,華邦電台新9A購01,0,0,0,0,0,0,0,0,0,8000,0,0,0,33000,25000,8000,8000
060838,華通國票9A購05  ,0,0,0,0,0,0,0,0,0,8000,0,0,0,10000,2000,8000,8000
064348,TPK元大9C購03   ,0,0,0,0,0,0,0,0,0,8000,0,0,0,9000,1000,8000,8000
064336,可成元大9C購06  ,0,0,0,0,0,0,0,0,0,8000,0,0,0,11000,3000,8000,8000
064481,技嘉永豐9C購01  ,0,0,0,0,0,0,0,0,0,8000,0,0,0,70000,62000,8000,8000
064681,牧德兆豐01購01  ,0,0,0,0,0,0,0,0,0,8000,0,0,0,10000,2000,8000,8000
064750,緯穎麥證9C購01  ,0,0,0,14000,6000,8000,0,0,0,8000,0,0,0,14000,6000,8000,8000
064830,可成統一9C購04  ,0,0,0,0,0,0,0,0,0,8000,0,0,0,67000,59000,8000,8000
064202,景碩兆豐9C購01  ,0,0,0,0,0,0,0,0,0,8000,0,0,0,10000,2000,8000,8000
064169,南電統一9C購01  ,0,0,0,0,0,0,0,0,0,8000,0,0,0,8000,0,8000,8000
063763,上銀元富9B購07  ,0,0,0,0,0,0,0,0,0,8000,0,0,0,12000,4000,8000,8000
063711,高鐵凱基9B購01  ,0,0,0,0,0,0,0,0,0,8000,0,0,0,60000,52000,8000,8000
063967,華新科國票01購01,0,0,0,0,0,0,0,0,0,8000,0,0,0,9000,1000,8000,8000
063933,TPK統一01購01   ,0,0,0,0,0,0,0,0,0,8000,0,0,0,8000,0,8000,8000
062744,超眾國泰9C購01  ,0,0,0,0,0,0,0,0,0,8000,0,0,0,14000,6000,8000,8000
062872,華通兆豐9C購01  ,0,0,0,0,0,0,0,0,0,8000,0,0,0,100000,92000,8000,8000
063017,台光電元大9B購07,0,0,0,0,0,0,0,0,0,8000,0,0,0,126000,118000,8000,8000
063194,華新科台新9B購01,0,0,0,0,0,0,0,0,0,8000,0,0,0,8000,0,8000,8000
8374,羅昇            ,13000,5000,8000,0,0,0,0,0,0,0,0,0,0,0,0,0,8000
3605,宏致            ,213000,204000,9000,0,0,0,0,0,0,-1000,0,1000,-1000,0,0,0,8000
06956P,國巨日盛99售04  ,0,0,0,0,0,0,0,0,0,7000,0,0,0,47000,40000,7000,7000
07997P,上銀凱基9B售04  ,0,0,0,0,0,0,0,0,0,7000,0,0,0,7000,0,7000,7000
065127,世芯永豐9C購03  ,0,0,0,0,0,0,0,0,0,7000,0,0,0,19000,12000,7000,7000
064941,台積電台新9C購04,0,0,0,0,0,0,0,0,0,7000,0,0,0,7000,0,7000,7000
06884P,台郡群益98售03  ,0,0,0,0,0,0,0,0,0,7000,0,0,0,7000,0,7000,7000
065800,技嘉群益9C購01  ,0,0,0,0,0,0,0,0,0,7000,0,0,0,7000,0,7000,7000
065759,TPK元大9C購05   ,0,0,0,0,0,0,0,0,0,7000,0,0,0,143000,136000,7000,7000
065746,光寶科元大9C購01,0,0,0,0,0,0,0,0,0,7000,0,0,0,7000,0,7000,7000
065657,智邦富邦9C購01  ,0,0,0,0,0,0,0,0,0,7000,0,0,0,26000,19000,7000,7000
051577,台積電元大97購03,0,0,0,0,0,0,0,0,0,7000,0,0,0,17000,10000,7000,7000
051227,技嘉群益97購01  ,0,0,0,0,0,0,0,0,0,7000,0,0,0,7000,0,7000,7000
03681C,台灣50凱基02牛02,0,0,0,0,0,0,0,0,0,7000,0,0,0,7000,0,7000,7000
055838,致茂元大97購03  ,0,0,0,0,0,0,0,0,0,7000,0,0,0,7000,0,7000,7000
054773,台郡國票98購01  ,0,0,0,0,0,0,0,0,0,7000,0,0,0,76000,69000,7000,7000
056054,亞德客元大97購05,0,0,0,0,0,0,0,0,0,7000,0,0,0,7000,0,7000,7000
055295,瀚宇博元大97購02,0,0,0,0,0,0,0,0,0,7000,0,0,0,7000,0,7000,7000
055472,大立光凱基97購07,0,0,0,0,0,0,0,0,0,7000,0,0,0,7000,0,7000,7000
057313,聯發科麥證99購01,0,0,0,7000,0,7000,0,0,0,7000,0,0,0,7000,0,7000,7000
056573,華新科元大99購06,0,0,0,0,0,0,0,0,0,7000,0,0,0,100000,93000,7000,7000
056746,超眾凱基99購01  ,0,0,0,0,0,0,0,0,0,7000,0,0,0,7000,0,7000,7000
060811,亞德客凱基9A購02,0,0,0,0,0,0,0,0,0,7000,0,0,0,7000,0,7000,7000
060801,滬深2X中信01購01,0,0,0,0,0,0,0,0,0,7000,0,0,0,8000,1000,7000,7000
061944,聯電群益9B購01  ,0,0,0,0,0,0,0,0,0,7000,0,0,0,19000,12000,7000,7000
061856,台郡國票9B購02  ,0,0,0,0,0,0,0,0,0,7000,0,0,0,20000,13000,7000,7000
061878,茂林元大9B購01  ,0,0,0,0,0,0,0,0,0,7000,0,0,0,7000,0,7000,7000
062024,臺股指中信9C購05,0,0,0,0,0,0,0,0,0,7000,0,0,0,7000,0,7000,7000
061957,上銀統一01購01  ,0,0,0,0,0,0,0,0,0,7000,0,0,0,7000,0,7000,7000
062219,燿華統一9B購01  ,0,0,0,0,0,0,0,0,0,7000,0,0,0,232000,225000,7000,7000
059803,S&P正2元富9B購03,0,0,0,0,0,0,0,0,0,7000,0,0,0,7000,0,7000,7000
060324,台積電群益9B購02,0,0,0,0,0,0,0,0,0,7000,0,0,0,95000,88000,7000,7000
059650,緯穎凱基99購04  ,0,0,0,0,0,0,0,0,0,7000,0,0,0,10000,3000,7000,7000
058339,康友元富99購02  ,0,0,0,0,0,0,0,0,0,7000,0,0,0,17000,10000,7000,7000
058200,世芯康和99購01  ,0,0,0,0,0,0,0,0,0,7000,0,0,0,7000,0,7000,7000
06138P,台積電中信99售01,0,0,0,0,0,0,0,0,0,7000,0,0,0,37000,30000,7000,7000
061451,南電中信9A購03  ,0,0,0,0,0,0,0,0,0,7000,0,0,0,561000,554000,7000,7000
061482,健策元大9C購01  ,0,0,0,0,0,0,0,0,0,7000,0,0,0,54000,47000,7000,7000
061553,南電群益9A購03  ,0,0,0,0,0,0,0,0,0,7000,0,0,0,68000,61000,7000,7000
060191,亞光元富9A購02  ,0,0,0,0,0,0,0,0,0,7000,0,0,0,67000,60000,7000,7000
063307,同欣電凱基9B購02,0,0,0,0,0,0,0,0,0,7000,0,0,0,50000,43000,7000,7000
062741,立積國票9B購02  ,0,0,0,0,0,0,0,0,0,7000,0,0,0,46000,39000,7000,7000
062637,智易國票9B購01  ,0,0,0,0,0,0,0,0,0,7000,0,0,0,53000,46000,7000,7000
062341,台表科麥證9C購01,0,0,0,7000,0,7000,0,0,0,7000,0,0,0,7000,0,7000,7000
063886,南電元富9C購01  ,0,0,0,0,0,0,0,0,0,7000,0,0,0,7000,0,7000,7000
064213,大立光凱基03購01,0,0,0,0,0,0,0,0,0,7000,0,0,0,17000,10000,7000,7000
064734,大立光元富9C購05,0,0,0,0,0,0,0,0,0,7000,0,0,0,12000,5000,7000,7000
3501,維熹            ,11000,4000,7000,0,0,0,0,0,0,0,0,0,0,0,0,0,7000
3311,閎暉            ,37000,30000,7000,0,0,0,0,0,0,0,0,0,0,0,0,0,7000
6117,迎廣            ,9000,2000,7000,0,0,0,0,0,0,0,0,0,0,0,0,0,7000
4725,信昌化          ,7000,0,7000,0,0,0,0,0,0,0,0,0,0,0,0,0,7000
2486,一詮            ,32000,25000,7000,0,0,0,0,0,0,0,0,0,0,0,0,0,7000
065117,臺股指國票9C購14,0,0,0,0,0,0,0,0,0,6000,0,0,0,6000,0,6000,6000
065176,玉晶光元大01購04,0,0,0,0,0,0,0,0,0,6000,0,0,0,67000,61000,6000,6000
07904P,聯發科群益9B售05,0,0,0,0,0,0,0,0,0,6000,0,0,0,26000,20000,6000,6000
08067P,大立光凱基9B售08,0,0,0,0,0,0,0,0,0,6000,0,0,0,6000,0,6000,6000
07841P,臻鼎元大9A售04  ,0,0,0,0,0,0,0,0,0,6000,0,0,0,30000,24000,6000,6000
07377P,聯發科元大99售40,0,0,0,0,0,0,0,0,0,6000,0,0,0,6000,0,6000,6000
1521,大億            ,8000,2000,6000,0,0,0,0,0,0,0,0,0,0,0,0,0,6000
1762,中化生          ,408000,401000,7000,0,0,0,0,0,0,-1000,0,1000,-1000,0,0,0,6000
08403P,上銀元大9C售07  ,0,0,0,0,0,0,0,0,0,6000,0,0,0,6000,0,6000,6000
056637,台光電日盛9A購01,0,0,0,0,0,0,0,0,0,6000,0,0,0,6000,0,6000,6000
057086,立積統一9C購01  ,0,0,0,0,0,0,0,0,0,6000,0,0,0,6000,0,6000,6000
057059,易華電元大99購01,0,0,0,0,0,0,0,0,0,6000,0,0,0,11000,5000,6000,6000
056119,欣興群益97購02  ,0,0,0,0,0,0,0,0,0,6000,0,0,0,20000,14000,6000,6000
057154,易華電國泰99購01,0,0,0,0,0,0,0,0,0,6000,0,0,0,8000,2000,6000,6000
058063,旺宏中信98購04  ,0,0,0,0,0,0,0,0,0,6000,0,0,0,7000,1000,6000,6000
057575,世紀鋼永豐98購02,0,0,0,0,0,0,0,0,0,6000,0,0,0,11000,5000,6000,6000
057757,鴻海凱基98購13  ,0,0,0,0,0,0,0,0,0,6000,0,0,0,62000,56000,6000,6000
060992,健策元大9A購05  ,0,0,0,0,0,0,0,0,0,6000,0,0,0,6000,0,6000,6000
055367,台積電元大97購23,0,0,0,0,0,0,0,0,0,6000,0,0,0,6000,0,6000,6000
056940,嘉聯益元富98購01,0,0,0,0,0,0,0,0,0,6000,0,0,0,6000,0,6000,6000
057809,英業達元大98購01,0,0,0,0,0,0,0,0,0,6000,0,0,0,6000,0,6000,6000
054468,台郡凱基98購01  ,0,0,0,0,0,0,0,0,0,6000,0,0,0,6000,0,6000,6000
054408,義隆國票98購01  ,0,0,0,0,0,0,0,0,0,6000,0,0,0,6000,0,6000,6000
054535,旺宏富邦97購02  ,0,0,0,0,0,0,0,0,0,6000,0,0,0,6000,0,6000,6000
054060,晶技國票97購02  ,0,0,0,0,0,0,0,0,0,6000,0,0,0,32000,26000,6000,6000
054282,泰鼎群益98購02  ,0,0,0,0,0,0,0,0,0,6000,0,0,0,6000,0,6000,6000
053560,漢唐國泰98購01  ,0,0,0,0,0,0,0,0,0,6000,0,0,0,6000,0,6000,6000
055759,技嘉群益98購02  ,0,0,0,0,0,0,0,0,0,6000,0,0,0,6000,0,6000,6000
045053,聯發科元富98購01,0,0,0,0,0,0,0,0,0,6000,0,0,0,6000,0,6000,6000
052318,友達元大98購01  ,0,0,0,0,0,0,0,0,0,6000,0,0,0,6000,0,6000,6000
053022,欣興國泰98購01  ,0,0,0,0,0,0,0,0,0,6000,0,0,0,6000,0,6000,6000
053115,滬深2X中信97購01,0,0,0,0,0,0,0,0,0,6000,0,0,0,6000,0,6000,6000
059347,京鼎凱基99購02  ,0,0,0,0,0,0,0,0,0,6000,0,0,0,6000,0,6000,6000
061532,和大統一9C購02  ,0,0,0,0,0,0,0,0,0,6000,0,0,0,6000,0,6000,6000
061707,超眾國票9B購01  ,0,0,0,0,0,0,0,0,0,6000,0,0,0,8000,2000,6000,6000
060490,華新科台新9A購01,0,0,0,0,0,0,0,0,0,6000,0,0,0,6000,0,6000,6000
059128,友達中信99購02  ,0,0,0,0,0,0,0,0,0,6000,0,0,0,16000,10000,6000,6000
059660,華新科元大9A購04,0,0,0,0,0,0,0,0,0,6000,0,0,0,7000,1000,6000,6000
059627,旺宏凱基99購10  ,0,0,0,0,0,0,0,0,0,6000,0,0,0,6000,0,6000,6000
058822,樺漢國泰9B購01  ,0,0,0,0,0,0,0,0,0,6000,0,0,0,6000,0,6000,6000
060125,強茂永豐99購01  ,0,0,0,0,0,0,0,0,0,6000,0,0,0,21000,15000,6000,6000
062076,美律元大9B購02  ,0,0,0,0,0,0,0,0,0,6000,0,0,0,6000,0,6000,6000
061949,大立光群益9B購03,0,0,0,0,0,0,0,0,0,6000,0,0,0,6000,0,6000,6000
064730,超眾統一02購02  ,0,0,0,0,0,0,0,0,0,6000,0,0,0,314000,308000,6000,6000
064717,台積電統一01購08,0,0,0,0,0,0,0,0,0,6000,0,0,0,20000,14000,6000,6000
064860,聯發科富邦03購01,0,0,0,0,0,0,0,0,0,6000,0,0,0,9000,3000,6000,6000
064591,臻鼎永豐9C購01  ,0,0,0,0,0,0,0,0,0,6000,0,0,0,87000,81000,6000,6000
064296,奇鋐國票01購01  ,0,0,0,0,0,0,0,0,0,6000,0,0,0,32000,26000,6000,6000
063710,光寶科凱基9C購01,0,0,0,0,0,0,0,0,0,6000,0,0,0,6000,0,6000,6000
062506,巨大群益9C購01  ,0,0,0,0,0,0,0,0,0,6000,0,0,0,13000,7000,6000,6000
062607,美食凱基9B購01  ,0,0,0,0,0,0,0,0,0,6000,0,0,0,9000,3000,6000,6000
062894,道瓊銀元大9B購02,0,0,0,0,0,0,0,0,0,6000,0,0,0,6000,0,6000,6000
063378,茂林永豐9B購02  ,0,0,0,0,0,0,0,0,0,6000,0,0,0,10000,4000,6000,6000
063518,儒鴻凱基9B購02  ,0,0,0,0,0,0,0,0,0,6000,0,0,0,112000,106000,6000,6000
2466,冠西電          ,6000,0,6000,0,0,0,0,0,0,0,0,0,0,0,0,0,6000
2233,宇隆            ,14000,12000,2000,0,0,0,0,0,0,4000,5000,1000,4000,0,0,0,6000
4148,全宇生技-KY     ,28000,22000,6000,0,0,0,0,0,0,0,0,0,0,0,0,0,6000
8114,振樺電          ,8000,2000,6000,0,0,0,0,0,0,0,0,0,0,0,0,0,6000
008201,BP上證50        ,0,0,0,0,0,0,0,0,0,5800,0,0,0,5800,0,5800,5800
6409,旭隼            ,53000,47458,5542,0,0,0,0,0,0,0,0,0,0,0,0,0,5542
08380P,GIS元大9C售06   ,0,0,0,0,0,0,0,0,0,5000,0,0,0,5000,0,5000,5000
08507P,臺股指國票9C售08,0,0,0,0,0,0,0,0,0,5000,0,0,0,65000,60000,5000,5000
08130P,義隆元大9B售05  ,0,0,0,0,0,0,0,0,0,5000,0,0,0,92000,87000,5000,5000
08263P,台表科元大9C售06,0,0,0,0,0,0,0,0,0,5000,0,0,0,105000,100000,5000,5000
1436,華友聯          ,6000,1000,5000,0,0,0,0,0,0,0,0,0,0,0,0,0,5000
08645P,臺股指中信03售01,0,0,0,0,0,0,0,0,0,5000,0,0,0,5000,0,5000,5000
07122P,欣興凱基99售05  ,0,0,0,0,0,0,0,0,0,5000,0,0,0,40000,35000,5000,5000
07642P,華通凱基9A售05  ,0,0,0,0,0,0,0,0,0,5000,0,0,0,5000,0,5000,5000
07664P,台灣50元大9C售30,0,0,0,0,0,0,0,0,0,5000,0,0,0,5000,0,5000,5000
07926P,上銀統一9B售02  ,0,0,0,0,0,0,0,0,0,5000,0,0,0,5000,0,5000,5000
07992P,玉晶光群益01售04,0,0,0,0,0,0,0,0,0,5000,0,0,0,112000,107000,5000,5000
064907,緯穎群益9C購02  ,0,0,0,0,0,0,0,0,0,5000,0,0,0,5000,0,5000,5000
064980,牧德元大01購01  ,0,0,0,0,0,0,0,0,0,5000,0,0,0,5000,0,5000,5000
065264,亞光元大9C購02  ,0,0,0,0,0,0,0,0,0,5000,0,0,0,5000,0,5000,5000
065669,義隆凱基01購03  ,0,0,0,0,0,0,0,0,0,5000,0,0,0,71000,66000,5000,5000
06570P,大立光永豐98售01,0,0,0,0,0,0,0,0,0,5000,0,0,0,5000,0,5000,5000
06862P,大立光凱基98售16,0,0,0,0,0,0,0,0,0,5000,0,0,0,10000,5000,5000,5000
06759P,台積電元大98售17,0,0,0,0,0,0,0,0,0,5000,0,0,0,5000,0,5000,5000
06804P,臺股指群益98售10,0,0,0,0,0,0,0,0,0,5000,0,0,0,10000,5000,5000,5000
06617P,智邦元大98售03  ,0,0,0,0,0,0,0,0,0,5000,0,0,0,5000,0,5000,5000
036628,統一台新99購01  ,0,0,0,0,0,0,0,0,0,5000,0,0,0,5000,0,5000,5000
053345,欣興國票97購02  ,0,0,0,0,0,0,0,0,0,5000,0,0,0,60000,55000,5000,5000
053412,台達電國票97購02,0,0,0,0,0,0,0,0,0,5000,0,0,0,5000,0,5000,5000
053413,台積電國票99購01,0,0,0,0,0,0,0,0,0,5000,0,0,0,5000,0,5000,5000
052004,泰碩國泰97購03  ,0,0,0,0,0,0,0,0,0,5000,0,0,0,5000,0,5000,5000
051776,上証2X群益99購01,0,0,0,0,0,0,0,0,0,5000,0,0,0,5000,0,5000,5000
047418,智邦富邦97購01  ,0,0,0,0,0,0,0,0,0,5000,0,0,0,5000,0,5000,5000
050801,元金2X群益98購01,0,0,0,0,0,0,0,0,0,5000,0,0,0,5000,0,5000,5000
050915,健策中信98購01  ,0,0,0,0,0,0,0,0,0,5000,0,0,0,25000,20000,5000,5000
055797,華通富邦98購01  ,0,0,0,0,0,0,0,0,0,5000,0,0,0,5000,0,5000,5000
055814,晶豪科國票97購02,0,0,0,0,0,0,0,0,0,5000,0,0,0,5000,0,5000,5000
054301,楠梓電凱基98購01,0,0,0,0,0,0,0,0,0,5000,0,0,0,5000,0,5000,5000
054965,健策元大98購04  ,0,0,0,0,0,0,0,0,0,5000,0,0,0,5000,0,5000,5000
054565,玉晶光群益99購02,0,0,0,0,0,0,0,0,0,5000,0,0,0,5000,0,5000,5000
056064,大立光元大97購14,0,0,0,0,0,0,0,0,0,5000,0,0,0,5000,0,5000,5000
056002,嘉晶永豐97購01  ,0,0,0,0,0,0,0,0,0,5000,0,0,0,10000,5000,5000,5000
056004,南電永豐97購02  ,0,0,0,0,0,0,0,0,0,5000,0,0,0,5000,0,5000,5000
055365,華通元大97購03  ,0,0,0,0,0,0,0,0,0,5000,0,0,0,5000,0,5000,5000
055499,大立光元大98購05,0,0,0,0,0,0,0,0,0,5000,0,0,0,5000,0,5000,5000
055161,貿聯元大98購03  ,0,0,0,0,0,0,0,0,0,5000,0,0,0,5000,0,5000,5000
055304,瑞昱第一98購01  ,0,0,0,0,0,0,0,0,0,5000,0,0,0,5000,0,5000,5000
055334,禾伸堂兆豐97購01,0,0,0,0,0,0,0,0,0,5000,0,0,0,5000,0,5000,5000
056867,華通麥證98購01  ,0,0,0,5000,0,5000,0,0,0,5000,0,0,0,5000,0,5000,5000
060990,新光金元大9B購03,0,0,0,0,0,0,0,0,0,5000,0,0,0,215000,210000,5000,5000
060942,智邦國票9A購02  ,0,0,0,0,0,0,0,0,0,5000,0,0,0,5000,0,5000,5000
061030,喬山永豐9A購01  ,0,0,0,0,0,0,0,0,0,5000,0,0,0,5000,0,5000,5000
057491,美食元大98購03  ,0,0,0,0,0,0,0,0,0,5000,0,0,0,5000,0,5000,5000
061245,晶技群益9A購01  ,0,0,0,0,0,0,0,0,0,5000,0,0,0,5000,0,5000,5000
061246,玉晶光群益9A購08,0,0,0,0,0,0,0,0,0,5000,0,0,0,5000,0,5000,5000
057685,台灣50凱基9C購01,0,0,0,0,0,0,0,0,0,5000,0,0,0,7000,2000,5000,5000
057583,啟碁中信9A購01  ,0,0,0,0,0,0,0,0,0,5000,0,0,0,5000,0,5000,5000
058059,晶技元富98購01  ,0,0,0,0,0,0,0,0,0,5000,0,0,0,5000,0,5000,5000
057412,臺股指群益99購06,0,0,0,0,0,0,0,0,0,5000,0,0,0,5000,0,5000,5000
057563,旭富國泰9A購01  ,0,0,0,0,0,0,0,0,0,5000,0,0,0,10000,5000,5000,5000
057232,京元電凱基98購02,0,0,0,0,0,0,0,0,0,5000,0,0,0,5000,0,5000,5000
057202,TPK元富98購02   ,0,0,0,0,0,0,0,0,0,5000,0,0,0,5000,0,5000,5000
056197,友訊永豐97購01  ,0,0,0,0,0,0,0,0,0,5000,0,0,0,5000,0,5000,5000
058005,茂林群益98購04  ,0,0,0,0,0,0,0,0,0,5000,0,0,0,49000,44000,5000,5000
057053,立積元大98購02  ,0,0,0,0,0,0,0,0,0,5000,0,0,0,5000,0,5000,5000
057915,台泥凱基98購01  ,0,0,0,0,0,0,0,0,0,5000,0,0,0,334000,329000,5000,5000
056624,景碩永豐98購01  ,0,0,0,0,0,0,0,0,0,5000,0,0,0,5000,0,5000,5000
056668,光磊國票99購01  ,0,0,0,0,0,0,0,0,0,5000,0,0,0,5000,0,5000,5000
056355,台積電元大98購08,0,0,0,0,0,0,0,0,0,5000,0,0,0,5000,0,5000,5000
056418,台光電元富98購01,0,0,0,0,0,0,0,0,0,5000,0,0,0,5000,0,5000,5000
056744,麗豐凱基9A購01  ,0,0,0,0,0,0,0,0,0,5000,0,0,0,10000,5000,5000,5000
056524,欣興中信98購02  ,0,0,0,0,0,0,0,0,0,5000,0,0,0,5000,0,5000,5000
056569,T50正2元大9B購02,0,0,0,0,0,0,0,0,0,5000,0,0,0,5000,0,5000,5000
057270,遠東新元大98購01,0,0,0,0,0,0,0,0,0,5000,0,0,0,5000,0,5000,5000
061882,矽創元大9B購01  ,0,0,0,0,0,0,0,0,0,5000,0,0,0,41000,36000,5000,5000
06196P,元上證元大97售01,0,0,0,0,0,0,0,0,0,5000,0,0,0,5000,0,5000,5000
062083,健策元大9C購03  ,0,0,0,0,0,0,0,0,0,5000,0,0,0,30000,25000,5000,5000
062054,鴻海統一9C購06  ,0,0,0,0,0,0,0,0,0,5000,0,0,0,10000,5000,5000,5000
062212,臻鼎台新9B購01  ,0,0,0,0,0,0,0,0,0,5000,0,0,0,52000,47000,5000,5000
062177,上銀元大9B購02  ,0,0,0,0,0,0,0,0,0,5000,0,0,0,5000,0,5000,5000
060569,台積電永豐9A購01,0,0,0,0,0,0,0,0,0,5000,0,0,0,5000,0,5000,5000
060605,大立光凱基9C購01,0,0,0,0,0,0,0,0,0,5000,0,0,0,5000,0,5000,5000
060651,瑞儀中信9B購01  ,0,0,0,0,0,0,0,0,0,5000,0,0,0,45000,40000,5000,5000
059663,旭富元大9C購02  ,0,0,0,0,0,0,0,0,0,5000,0,0,0,63000,58000,5000,5000
060039,大立光國票99購04,0,0,0,0,0,0,0,0,0,5000,0,0,0,40000,35000,5000,5000
060352,滬深2X元富9A購02,0,0,0,0,0,0,0,0,0,5000,0,0,0,5000,0,5000,5000
060386,台勝科凱基9B購01,0,0,0,0,0,0,0,0,0,5000,0,0,0,5000,0,5000,5000
059263,瑞昱中信01購01  ,0,0,0,0,0,0,0,0,0,5000,0,0,0,5000,0,5000,5000
059250,大立光凱基99購06,0,0,0,0,0,0,0,0,0,5000,0,0,0,20000,15000,5000,5000
060330,台灣50麥證9A購03,0,0,0,20000,15000,5000,0,0,0,5000,0,0,0,20000,15000,5000,5000
059821,美律凱基99購08  ,0,0,0,0,0,0,0,0,0,5000,0,0,0,25000,20000,5000,5000
059824,大立光凱基99購13,0,0,0,0,0,0,0,0,0,5000,0,0,0,5000,0,5000,5000
059796,台積電國票99購10,0,0,0,0,0,0,0,0,0,5000,0,0,0,10000,5000,5000,5000
059944,欣興永豐99購03  ,0,0,0,0,0,0,0,0,0,5000,0,0,0,5000,0,5000,5000
059177,臺股指凱基99購28,0,0,0,0,0,0,0,0,0,5000,0,0,0,12000,7000,5000,5000
059084,鴻海元大99購24  ,0,0,0,0,0,0,0,0,0,5000,0,0,0,5000,0,5000,5000
059006,樺漢元大99購01  ,0,0,0,0,0,0,0,0,0,5000,0,0,0,45000,40000,5000,5000
059012,臺股指元大9A購31,0,0,0,0,0,0,0,0,0,5000,0,0,0,5000,0,5000,5000
058957,貿聯國票9A購01  ,0,0,0,0,0,0,0,0,0,5000,0,0,0,5000,0,5000,5000
058108,台郡台新99購01  ,0,0,0,0,0,0,0,0,0,5000,0,0,0,25000,20000,5000,5000
058473,上銀凱基9A購03  ,0,0,0,0,0,0,0,0,0,5000,0,0,0,5000,0,5000,5000
058551,義隆永豐99購03  ,0,0,0,0,0,0,0,0,0,5000,0,0,0,5000,0,5000,5000
058322,玉晶光永豐99購02,0,0,0,0,0,0,0,0,0,5000,0,0,0,5000,0,5000,5000
058305,華邦電元大99購02,0,0,0,0,0,0,0,0,0,5000,0,0,0,5000,0,5000,5000
061365,國巨國票9B購05  ,0,0,0,0,0,0,0,0,0,5000,0,0,0,25000,20000,5000,5000
061453,台達電凱基9B購01,0,0,0,0,0,0,0,0,0,5000,0,0,0,25000,20000,5000,5000
058661,臺股指中信9C購01,0,0,0,0,0,0,0,0,0,5000,0,0,0,5000,0,5000,5000
060204,矽創元富9A購01  ,0,0,0,0,0,0,0,0,0,5000,0,0,0,5000,0,5000,5000
060231,台積電元大9A購08,0,0,0,0,0,0,0,0,0,5000,0,0,0,5000,0,5000,5000
058574,台積電群益99購03,0,0,0,0,0,0,0,0,0,5000,0,0,0,5000,0,5000,5000
058620,滬深2X國票9A購02,0,0,0,0,0,0,0,0,0,5000,0,0,0,10000,5000,5000,5000
059317,台積電元大99購34,0,0,0,0,0,0,0,0,0,5000,0,0,0,5000,0,5000,5000
063512,聯發科麥證9B購02,0,0,0,5000,0,5000,0,0,0,5000,0,0,0,5000,0,5000,5000
063361,台表科國泰01購02,0,0,0,0,0,0,0,0,0,5000,0,0,0,108000,103000,5000,5000
063391,南電兆豐9C購01  ,0,0,0,0,0,0,0,0,0,5000,0,0,0,5000,0,5000,5000
063243,聯發科元大9B購20,0,0,0,0,0,0,0,0,0,5000,0,0,0,5000,0,5000,5000
063197,遠東新統一9C購01,0,0,0,0,0,0,0,0,0,5000,0,0,0,69000,64000,5000,5000
063212,聯發科國票9C購02,0,0,0,0,0,0,0,0,0,5000,0,0,0,5000,0,5000,5000
063105,健策群益9C購01  ,0,0,0,0,0,0,0,0,0,5000,0,0,0,22000,17000,5000,5000
063142,奇力新統一9C購04,0,0,0,0,0,0,0,0,0,5000,0,0,0,5000,0,5000,5000
06260P,臺股指群益97售13,0,0,0,0,0,0,0,0,0,5000,0,0,0,20000,15000,5000,5000
062721,美律凱基9B購02  ,0,0,0,0,0,0,0,0,0,5000,0,0,0,14000,9000,5000,5000
062792,臺股指元大9B購35,0,0,0,0,0,0,0,0,0,5000,0,0,0,15000,10000,5000,5000
062459,聯詠群益9B購01  ,0,0,0,0,0,0,0,0,0,5000,0,0,0,37000,32000,5000,5000
062426,大立光統一02購02,0,0,0,0,0,0,0,0,0,5000,0,0,0,20000,15000,5000,5000
063893,微星群益9C購01  ,0,0,0,0,0,0,0,0,0,5000,0,0,0,49000,44000,5000,5000
063917,南六凱基02購01  ,0,0,0,0,0,0,0,0,0,5000,0,0,0,5000,0,5000,5000
064198,超眾群益9C購01  ,0,0,0,0,0,0,0,0,0,5000,0,0,0,5000,0,5000,5000
064176,京元電國泰01購01,0,0,0,0,0,0,0,0,0,5000,0,0,0,186000,181000,5000,5000
064422,聯發科兆豐01購02,0,0,0,0,0,0,0,0,0,5000,0,0,0,5000,0,5000,5000
064671,聯茂元大9C購02  ,0,0,0,0,0,0,0,0,0,5000,0,0,0,115000,110000,5000,5000
8072,陞泰            ,6000,1000,5000,0,0,0,0,0,0,0,0,0,0,0,0,0,5000
910322,康師傅-DR       ,5000,0,5000,0,0,0,0,0,0,0,0,0,0,0,0,0,5000
2881A,富邦特          ,0,0,0,0,0,0,0,0,0,5000,11000,6000,5000,0,0,0,5000
06599P,宏達電永豐98售02,0,0,0,0,0,0,0,0,0,4000,0,0,0,4000,0,4000,4000
065334,立積國票01購02  ,0,0,0,0,0,0,0,0,0,4000,0,0,0,4000,0,4000,4000
065157,世芯群益9C購02  ,0,0,0,0,0,0,0,0,0,4000,0,0,0,4000,0,4000,4000
065065,世芯群益01購01  ,0,0,0,0,0,0,0,0,0,4000,0,0,0,4000,0,4000,4000
065046,玉晶光凱基01購03,0,0,0,0,0,0,0,0,0,4000,0,0,0,30000,26000,4000,4000
07792P,牧德元大9A售04  ,0,0,0,0,0,0,0,0,0,4000,0,0,0,100000,96000,4000,4000
1417,嘉裕            ,167000,163000,4000,0,0,0,0,0,0,0,0,0,0,0,0,0,4000
08496P,金像電國票01售02,0,0,0,0,0,0,0,0,0,4000,0,0,0,4000,0,4000,4000
08504P,臺股指國票9C售06,0,0,0,0,0,0,0,0,0,4000,0,0,0,15000,11000,4000,4000
08529P,臻鼎元大9C售03  ,0,0,0,0,0,0,0,0,0,4000,0,0,0,13000,9000,4000,4000
056742,玉晶光凱基9A購01,0,0,0,0,0,0,0,0,0,4000,0,0,0,4000,0,4000,4000
056614,智邦永豐98購01  ,0,0,0,0,0,0,0,0,0,4000,0,0,0,91000,87000,4000,4000
057126,台積電凱基99購03,0,0,0,0,0,0,0,0,0,4000,0,0,0,5000,1000,4000,4000
056098,矽創元富97購02  ,0,0,0,0,0,0,0,0,0,4000,0,0,0,4000,0,4000,4000
057553,景碩凱基98購03  ,0,0,0,0,0,0,0,0,0,4000,0,0,0,5000,1000,4000,4000
058033,景碩永豐98購02  ,0,0,0,0,0,0,0,0,0,4000,0,0,0,4000,0,4000,4000
057640,台積電元大98購16,0,0,0,0,0,0,0,0,0,4000,0,0,0,4000,0,4000,4000
057703,矽力群益98購01  ,0,0,0,0,0,0,0,0,0,4000,0,0,0,4000,0,4000,4000
057741,超眾富邦98購01  ,0,0,0,0,0,0,0,0,0,4000,0,0,0,4000,0,4000,4000
057458,TPK富邦9A購01   ,0,0,0,0,0,0,0,0,0,4000,0,0,0,4000,0,4000,4000
061113,南電元大9A購03  ,0,0,0,0,0,0,0,0,0,4000,0,0,0,19000,15000,4000,4000
061024,南電國泰9B購01  ,0,0,0,0,0,0,0,0,0,4000,0,0,0,4000,0,4000,4000
055164,矽創元大98購01  ,0,0,0,0,0,0,0,0,0,4000,0,0,0,4000,0,4000,4000
057802,卜蜂元大98購01  ,0,0,0,0,0,0,0,0,0,4000,0,0,0,5000,1000,4000,4000
057782,台積電國票99購07,0,0,0,0,0,0,0,0,0,4000,0,0,0,71000,67000,4000,4000
053971,聯發科元大97購09,0,0,0,0,0,0,0,0,0,4000,0,0,0,14000,10000,4000,4000
053798,台積電中信98購02,0,0,0,0,0,0,0,0,0,4000,0,0,0,4000,0,4000,4000
051688,大立光凱基97購02,0,0,0,0,0,0,0,0,0,4000,0,0,0,4000,0,4000,4000
035275,台積電台新97購01,0,0,0,0,0,0,0,0,0,4000,0,0,0,6000,2000,4000,4000
053063,力山群益98購01  ,0,0,0,0,0,0,0,0,0,4000,0,0,0,24000,20000,4000,4000
053021,國巨國泰97購04  ,0,0,0,0,0,0,0,0,0,4000,0,0,0,4000,0,4000,4000
058601,台積電元大99購10,0,0,0,0,0,0,0,0,0,4000,0,0,0,4000,0,4000,4000
061277,智邦台新9A購01  ,0,0,0,0,0,0,0,0,0,4000,0,0,0,4000,0,4000,4000
061278,和大統一9A購01  ,0,0,0,0,0,0,0,0,0,4000,0,0,0,4000,0,4000,4000
058298,聯茂凱基99購05  ,0,0,0,0,0,0,0,0,0,4000,0,0,0,53000,49000,4000,4000
058107,全新台新99購01  ,0,0,0,0,0,0,0,0,0,4000,0,0,0,4000,0,4000,4000
058190,貿聯永豐99購01  ,0,0,0,0,0,0,0,0,0,4000,0,0,0,20000,16000,4000,4000
058967,可成麥證99購01  ,0,0,0,6000,1000,5000,0,0,0,4000,0,0,0,7000,3000,4000,4000
058786,元黃金元大99購01,0,0,0,0,0,0,0,0,0,4000,0,0,0,4000,0,4000,4000
059041,南茂群益99購02  ,0,0,0,0,0,0,0,0,0,4000,0,0,0,55000,51000,4000,4000
059841,國巨富邦9C購01  ,0,0,0,0,0,0,0,0,0,4000,0,0,0,37000,33000,4000,4000
059257,臺股指凱基99購35,0,0,0,0,0,0,0,0,0,4000,0,0,0,5000,1000,4000,4000
059630,美律凱基99購07  ,0,0,0,0,0,0,0,0,0,4000,0,0,0,4000,0,4000,4000
060406,瑞祺國泰9B購01  ,0,0,0,0,0,0,0,0,0,4000,0,0,0,4000,0,4000,4000
060364,奇力新元富9A購01,0,0,0,0,0,0,0,0,0,4000,0,0,0,24000,20000,4000,4000
060544,國巨凱基9B購03  ,0,0,0,0,0,0,0,0,0,4000,0,0,0,5000,1000,4000,4000
060560,欣興國泰9C購01  ,0,0,0,0,0,0,0,0,0,4000,0,0,0,4000,0,4000,4000
060540,南亞凱基9A購01  ,0,0,0,0,0,0,0,0,0,4000,0,0,0,62000,58000,4000,4000
061694,玉山金群益9A購01,0,0,0,0,0,0,0,0,0,4000,0,0,0,71000,67000,4000,4000
060752,上銀元大9A購04  ,0,0,0,0,0,0,0,0,0,4000,0,0,0,12000,8000,4000,4000
060885,世紀鋼中信9A購01,0,0,0,0,0,0,0,0,0,4000,0,0,0,4000,0,4000,4000
061859,勤誠國票9B購01  ,0,0,0,0,0,0,0,0,0,4000,0,0,0,38000,34000,4000,4000
062251,旺宏元大9B購06  ,0,0,0,0,0,0,0,0,0,4000,0,0,0,91000,87000,4000,4000
062088,緯穎元大9B購04  ,0,0,0,0,0,0,0,0,0,4000,0,0,0,170000,166000,4000,4000
062132,神隆群益9B購01  ,0,0,0,0,0,0,0,0,0,4000,0,0,0,38000,34000,4000,4000
061961,台積電統一01購02,0,0,0,0,0,0,0,0,0,4000,0,0,0,4000,0,4000,4000
062019,嘉澤永豐9B購01  ,0,0,0,0,0,0,0,0,0,4000,0,0,0,22000,18000,4000,4000
064766,矽創凱基9C購01  ,0,0,0,0,0,0,0,0,0,4000,0,0,0,5000,1000,4000,4000
064335,可成元大9C購05  ,0,0,0,0,0,0,0,0,0,4000,0,0,0,14000,10000,4000,4000
064570,TPK群益9C購03   ,0,0,0,0,0,0,0,0,0,4000,0,0,0,4000,0,4000,4000
062420,台積電統一9C購08,0,0,0,0,0,0,0,0,0,4000,0,0,0,4000,0,4000,4000
062940,華新科凱基9C購02,0,0,0,0,0,0,0,0,0,4000,0,0,0,8000,4000,4000,4000
062988,儒鴻群益9B購01  ,0,0,0,0,0,0,0,0,0,4000,0,0,0,18000,14000,4000,4000
063213,智伸科國票9C購01,0,0,0,0,0,0,0,0,0,4000,0,0,0,14000,10000,4000,4000
063323,同欣電群益9B購03,0,0,0,0,0,0,0,0,0,4000,0,0,0,14000,10000,4000,4000
4190,佐登-KY         ,23000,21000,2000,0,0,0,0,0,0,2000,0,0,0,4000,2000,2000,4000
5546,永固-KY         ,5000,1000,4000,0,0,0,0,0,0,0,0,0,0,0,0,0,4000
2636,台驊投控        ,749000,693000,56000,0,0,0,0,0,0,-52000,0,52000,-52000,0,0,0,4000
9941A,裕融甲特        ,0,0,0,0,0,0,0,0,0,4000,7000,3000,4000,0,0,0,4000
08374P,緯穎凱基9C售01  ,0,0,0,0,0,0,0,0,0,3000,0,0,0,44000,41000,3000,3000
08150P,立積國票9C售01  ,0,0,0,0,0,0,0,0,0,3000,0,0,0,3000,0,3000,3000
08213P,台光電統一9B售03,0,0,0,0,0,0,0,0,0,3000,0,0,0,18000,15000,3000,3000
1413,宏洲            ,3000,0,3000,0,0,0,0,0,0,0,0,0,0,0,0,0,3000
1232,大統益          ,7000,4000,3000,0,0,0,0,0,0,0,0,0,0,0,0,0,3000
06901P,亞德客凱基98售02,0,0,0,0,0,0,0,0,0,3000,0,0,0,5000,2000,3000,3000
07420P,可成元大99售07  ,0,0,0,0,0,0,0,0,0,3000,0,0,0,3000,0,3000,3000
07278P,台灣50元富9C售03,0,0,0,0,0,0,0,0,0,3000,0,0,0,3000,0,3000,3000
07612P,國巨國泰9B售06  ,0,0,0,0,0,0,0,0,0,3000,0,0,0,3000,0,3000,3000
065181,南電元大01購01  ,0,0,0,0,0,0,0,0,0,3000,0,0,0,3000,0,3000,3000
065001,中橡國票9C購01  ,0,0,0,0,0,0,0,0,0,3000,0,0,0,3000,0,3000,3000
064934,南電統一01購02  ,1000,0,1000,0,0,0,0,0,0,2000,0,0,0,157000,155000,2000,3000
06538P,國巨凱基98售11  ,0,0,0,0,0,0,0,0,0,3000,0,0,0,153000,150000,3000,3000
06739P,聯詠兆豐98售02  ,0,0,0,0,0,0,0,0,0,3000,0,0,0,3000,0,3000,3000
06802P,緯穎群益98售03  ,0,0,0,0,0,0,0,0,0,3000,0,0,0,3000,0,3000,3000
06834P,訊芯群益99售02  ,0,0,0,0,0,0,0,0,0,3000,0,0,0,3000,0,3000,3000
052986,聯發科元大97購05,0,20000,-20000,0,0,0,0,0,0,23000,0,0,0,23000,0,23000,3000
052766,玉晶光群益9A購01,0,0,0,0,0,0,0,0,0,3000,0,0,0,3000,0,3000,3000
053433,友達日盛99購06  ,0,0,0,0,0,0,0,0,0,3000,0,0,0,3000,0,3000,3000
052417,聯發科兆豐9B購01,0,0,0,0,0,0,0,0,0,3000,0,0,0,3000,0,3000,3000
00625K,富邦上証+R      ,0,0,0,0,0,0,0,0,0,3000,0,0,0,53000,50000,3000,3000
051466,玉晶光富邦97購01,0,0,0,0,0,0,0,0,0,3000,0,0,0,3000,0,3000,3000
051948,滬深2X元富9B購01,0,0,0,0,0,0,0,0,0,3000,0,0,0,3000,0,3000,3000
052325,高股息中信99購01,0,0,0,0,0,0,0,0,0,3000,0,0,0,3000,0,3000,3000
055801,景碩永豐97購02  ,0,0,0,0,0,0,0,0,0,3000,0,0,0,13000,10000,3000,3000
055670,矽創群益98購02  ,0,0,0,0,0,0,0,0,0,3000,0,0,0,3000,0,3000,3000
055338,GIS兆豐97購01   ,0,0,0,0,0,0,0,0,0,3000,0,0,0,3000,0,3000,3000
057840,健策富邦99購01  ,0,0,0,0,0,0,0,0,0,3000,0,0,0,138000,135000,3000,3000
060959,金像電凱基9A購01,0,0,0,0,0,0,0,0,0,3000,0,0,0,146000,143000,3000,3000
060968,台灣50元大9C購28,0,0,0,0,0,0,0,0,0,3000,0,0,0,3000,0,3000,3000
057482,微星元大98購03  ,0,0,0,0,0,0,0,0,0,3000,0,0,0,3000,0,3000,3000
057488,聯發科元大99購02,0,0,0,0,0,0,0,0,0,3000,0,0,0,3000,0,3000,3000
057589,超眾國票9A購01  ,0,0,0,0,0,0,0,0,0,3000,0,0,0,5000,2000,3000,3000
05793P,臺股指中信99售08,0,0,0,0,0,0,0,0,0,3000,0,0,0,3000,0,3000,3000
056252,聯發科兆豐97購03,0,0,0,0,0,0,0,0,0,3000,0,0,0,3000,0,3000,3000
057230,建準凱基98購02  ,0,0,0,0,0,0,0,0,0,3000,0,0,0,3000,0,3000,3000
056608,力山永豐98購01  ,0,0,0,0,0,0,0,0,0,3000,0,0,0,3000,0,3000,3000
056437,台積電凱基98購11,0,0,0,0,0,0,0,0,0,3000,0,0,0,3000,0,3000,3000
056389,鴻海富邦99購01  ,0,0,0,0,0,0,0,0,0,3000,0,0,0,3000,0,3000,3000
056670,樺漢國票99購01  ,0,0,0,0,0,0,0,0,0,3000,0,0,0,3000,0,3000,3000
056786,亞光群益98購03  ,0,0,0,0,0,0,0,0,0,3000,0,0,0,3000,0,3000,3000
056584,鴻海統一9B購01  ,0,0,0,0,0,0,0,0,0,3000,0,0,0,1946000,1943000,3000,3000
056590,樺漢統一9A購01  ,0,0,0,0,0,0,0,0,0,3000,0,0,0,44000,41000,3000,3000
056559,華通群益98購02  ,0,0,0,0,0,0,0,0,0,3000,0,0,0,3000,0,3000,3000
062013,奇鋐富邦9B購01  ,0,0,0,0,0,0,0,0,0,3000,0,0,0,155000,152000,3000,3000
062208,旭富國票9C購01  ,0,0,0,0,0,0,0,0,0,3000,0,0,0,53000,50000,3000,3000
06216P,上銀元富97售03  ,0,0,0,0,0,0,0,0,0,3000,0,0,0,3000,0,3000,3000
061781,台積電群益9C購01,0,0,0,0,0,0,0,0,0,3000,0,0,0,3000,0,3000,3000
060857,旭富富邦9B購01  ,0,0,0,0,0,0,0,0,0,3000,0,0,0,10000,7000,3000,3000
060531,大立光中信9A購04,0,0,0,0,0,0,0,0,0,3000,0,0,0,10000,7000,3000,3000
060090,台積電元大99購55,0,0,0,0,0,0,0,0,0,3000,0,0,0,3000,0,3000,3000
059788,華新科元大9A購05,0,0,0,0,0,0,0,0,0,3000,0,0,0,6000,3000,3000,3000
060292,聯詠元大9A購01  ,0,0,0,0,0,0,0,0,0,3000,0,0,0,3000,0,3000,3000
060282,聚陽元大9A購01  ,0,0,0,0,0,0,0,0,0,3000,0,0,0,3000,0,3000,3000
059153,臺股指國票99購16,0,0,0,0,0,0,0,0,0,3000,0,0,0,3000,0,3000,3000
059133,臺股指群益99購08,0,0,0,0,0,0,0,0,0,3000,0,0,0,3000,0,3000,3000
058777,台光電國票9A購01,0,0,0,0,0,0,0,0,0,3000,0,0,0,5000,2000,3000,3000
059475,元石油群益99購02,0,0,0,0,0,0,0,0,0,3000,0,0,0,3000,0,3000,3000
058936,國喬中信99購01  ,0,0,0,0,0,0,0,0,0,3000,0,0,0,68000,65000,3000,3000
058180,華新科國泰9A購01,0,0,0,0,0,0,0,0,0,3000,0,0,0,3000,0,3000,3000
058290,南電國票9A購01  ,0,0,0,0,0,0,0,0,0,3000,0,0,0,12000,9000,3000,3000
058319,大毅永豐9A購01  ,0,0,0,0,0,0,0,0,0,3000,0,0,0,3000,0,3000,3000
058439,玉晶光統一01購02,0,0,0,0,0,0,0,0,0,3000,0,0,0,3000,0,3000,3000
058462,台積電兆豐99購01,0,0,0,0,0,0,0,0,0,3000,0,0,0,3000,0,3000,3000
061351,智伸科元大9A購01,0,0,0,0,0,0,0,0,0,3000,0,0,0,3000,0,3000,3000
059360,全新永豐99購02  ,0,0,0,0,0,0,0,0,0,3000,0,0,0,42000,39000,3000,3000
063514,南電麥證9C購01  ,0,0,0,3000,0,3000,0,0,0,3000,0,0,0,3000,0,3000,3000
063511,南電群益9B購02  ,0,0,0,0,0,0,0,0,0,3000,0,0,0,4000,1000,3000,3000
063154,南六元富9B購02  ,0,0,0,0,0,0,0,0,0,3000,0,0,0,3000,0,3000,3000
063166,超眾永豐9B購01  ,0,0,0,0,0,0,0,0,0,3000,0,0,0,50000,47000,3000,3000
063011,台積電元大9C購01,0,0,0,0,0,0,0,0,0,3000,0,0,0,3000,0,3000,3000
062924,世紀鋼元大9C購04,0,0,0,0,0,0,0,0,0,3000,0,0,0,3000,0,3000,3000
062918,祥碩元大9C購02  ,0,0,0,0,0,0,0,0,0,3000,0,0,0,3000,0,3000,3000
062813,台積電兆豐9B購01,0,0,0,0,0,0,0,0,0,3000,0,0,0,75000,72000,3000,3000
062616,玉晶光元大9C購06,0,0,0,0,0,0,0,0,0,3000,0,0,0,84000,81000,3000,3000
062525,鴻海統一9C購10  ,0,0,0,0,0,0,0,0,0,3000,0,0,0,8000,5000,3000,3000
062558,義隆凱基9B購02  ,0,0,0,0,0,0,0,0,0,3000,0,0,0,19000,16000,3000,3000
064517,國巨群益02購01  ,0,0,0,0,0,0,0,0,0,3000,0,0,0,50000,47000,3000,3000
064797,道瓊反元大01購01,0,0,0,0,0,0,0,0,0,3000,0,0,0,3000,0,3000,3000
064872,南電永豐9C購02  ,0,0,0,0,0,0,0,0,0,3000,0,0,0,3000,0,3000,3000
064254,景碩台新9C購02  ,0,0,0,0,0,0,0,0,0,3000,0,0,0,3000,0,3000,3000
063935,上証2X元大9C購05,0,0,0,0,0,0,0,0,0,3000,0,0,0,5000,2000,3000,3000
063759,義隆統一9C購01  ,0,0,0,0,0,0,0,0,0,3000,0,0,0,3000,0,3000,3000
063800,玉晶光凱基9C購02,0,0,0,0,0,0,0,0,0,3000,0,0,0,3000,0,3000,3000
2429,銘旺科          ,3000,0,3000,0,0,0,0,0,0,0,0,0,0,0,0,0,3000
2314,台揚            ,208000,205000,3000,0,0,0,0,0,0,0,0,0,0,0,0,0,3000
6152,百一            ,4000,1000,3000,0,0,0,0,0,0,0,0,0,0,0,0,0,3000
5284,jpp-KY          ,6000,3000,3000,0,0,0,0,0,0,0,0,0,0,0,0,0,3000
4999,鑫禾            ,12000,8000,4000,0,0,0,0,0,0,-1000,0,1000,-1000,0,0,0,3000
3607,谷崧            ,14000,11000,3000,0,0,0,0,0,0,0,0,0,0,0,0,0,3000
06859P,元金2X中信9C售01,0,0,0,0,0,0,0,0,0,2000,0,0,0,2000,0,2000,2000
065828,大立光凱基06購01,0,0,0,0,0,0,0,0,0,2000,0,0,0,7000,5000,2000,2000
065446,宏達電統一9C購02,0,0,0,0,0,0,0,0,0,2000,0,0,0,2000,0,2000,2000
065022,同欣電富邦01購01,0,0,0,0,0,0,0,0,0,2000,0,0,0,8000,6000,2000,2000
07573P,國巨元大9A售11  ,0,0,0,0,0,0,0,0,0,2000,0,0,0,2000,0,2000,2000
07181P,臺股指凱基99售23,0,0,0,0,0,0,0,0,0,2000,0,0,0,2000,0,2000,2000
08550P,台灣50群益02售04,0,0,0,0,0,0,0,0,0,2000,0,0,0,2000,0,2000,2000
1445,大宇            ,4000,2000,2000,0,0,0,0,0,0,0,0,0,0,0,0,0,2000
08211P,台表科元富9B售03,0,0,0,0,0,0,0,0,0,2000,0,0,0,72000,70000,2000,2000
08236P,國巨富邦03售01  ,0,0,0,0,0,0,0,0,0,2000,0,0,0,2000,0,2000,2000
08382P,國巨群益01售02  ,0,0,0,0,0,0,0,0,0,2000,0,0,0,2000,0,2000,2000
08349P,南六元大9C售03  ,0,0,0,0,0,0,0,0,0,2000,0,0,0,40000,38000,2000,2000
056749,滬深2X兆豐99購01,0,0,0,0,0,0,0,0,0,2000,0,0,0,239000,237000,2000,2000
056762,亞德客元大98購01,0,0,0,0,0,0,0,0,0,2000,0,0,0,2000,0,2000,2000
056737,國巨凱基9A購01  ,0,0,0,0,0,0,0,0,0,2000,0,0,0,3000,1000,2000,2000
056379,玉晶光元富98購01,0,0,0,0,0,0,0,0,0,2000,0,0,0,2000,0,2000,2000
056408,奇鋐國票99購01  ,0,0,0,0,0,0,0,0,0,2000,0,0,0,2000,0,2000,2000
057179,可成元大98購04  ,0,0,0,0,0,0,0,0,0,2000,0,0,0,2000,0,2000,2000
056335,微星凱基98購01  ,0,0,0,0,0,0,0,0,0,2000,0,0,0,22000,20000,2000,2000
057943,可成國票99購03  ,0,0,0,0,0,0,0,0,0,2000,0,0,0,4000,2000,2000,2000
057929,上銀群益98購02  ,0,0,0,0,0,0,0,0,0,2000,0,0,0,2000,0,2000,2000
057636,上銀元大98購06  ,0,0,0,0,0,0,0,0,0,2000,0,0,0,2000,0,2000,2000
057756,瑞昱日盛99購01  ,0,0,0,0,0,0,0,0,0,2000,0,0,0,2000,0,2000,2000
057380,技嘉國泰9A購01  ,0,0,0,0,0,0,0,0,0,2000,0,0,0,2000,0,2000,2000
060910,聯發科元大9A購05,0,0,0,0,0,0,0,0,0,2000,0,0,0,2000,0,2000,2000
061032,金像電永豐9A購03,0,0,0,0,0,0,0,0,0,2000,0,0,0,156000,154000,2000,2000
061145,臻鼎中信9A購02  ,0,0,0,0,0,0,0,0,0,2000,0,0,0,15000,13000,2000,2000
061072,南電凱基9B購01  ,0,0,0,0,0,0,0,0,0,2000,0,0,0,77000,75000,2000,2000
061255,道瓊反凱基9C購01,0,0,0,0,0,0,0,0,0,2000,0,0,0,2000,0,2000,2000
057784,台積電國票9B購01,0,0,0,0,0,0,0,0,0,2000,0,0,0,2000,0,2000,2000
057000,亞德客國票99購01,0,0,0,0,0,0,0,0,0,2000,0,0,0,2000,0,2000,2000
056979,微星群益98購01  ,0,0,0,0,0,0,0,0,0,2000,0,0,0,2000,0,2000,2000
057908,國泰金亞東99購01,0,0,0,0,0,0,0,0,0,2000,0,0,0,2000,0,2000,2000
057873,義隆元大98購03  ,0,0,0,0,0,0,0,0,0,2000,0,0,0,2000,0,2000,2000
055157,晶豪科元大97購01,0,0,0,0,0,0,0,0,0,2000,0,0,0,2000,0,2000,2000
055502,群創元大9C購03  ,0,0,0,0,0,0,0,0,0,2000,0,0,0,2000,0,2000,2000
055284,全新元大99購01  ,0,0,0,0,0,0,0,0,0,2000,0,0,0,2000,0,2000,2000
054821,貿聯元大9A購01  ,0,0,0,0,0,0,0,0,0,2000,0,0,0,2000,0,2000,2000
056011,矽力中信99購01  ,0,0,0,0,0,0,0,0,0,2000,0,0,0,2000,0,2000,2000
054530,台光電國泰97購03,0,0,0,0,0,0,0,0,0,2000,0,0,0,24000,22000,2000,2000
055620,樺漢國票98購01  ,0,0,0,0,0,0,0,0,0,2000,0,0,0,38000,36000,2000,2000
055698,茂林國票98購03  ,0,0,0,0,0,0,0,0,0,2000,0,0,0,3000,1000,2000,2000
055717,聯發科元大97購19,0,0,0,0,0,0,0,0,0,2000,0,0,0,2000,0,2000,2000
055805,矽力永豐97購01  ,0,0,0,0,0,0,0,0,0,2000,0,0,0,2000,0,2000,2000
053742,創意國票97購01  ,0,0,0,0,0,0,0,0,0,2000,0,0,0,2000,0,2000,2000
053631,欣興兆豐97購01  ,0,0,0,0,0,0,0,0,0,2000,0,0,0,72000,70000,2000,2000
055839,瑞昱元大97購04  ,0,0,0,0,0,0,0,0,0,2000,0,0,0,2000,0,2000,2000
01003T,兆豐新光R1      ,2000,0,2000,0,0,0,0,0,0,0,0,0,0,0,0,0,2000
00733,富邦臺灣中小    ,0,0,0,0,0,0,0,0,0,2000,0,0,0,219000,217000,2000,2000
053391,嘉聯益元大99購01,0,0,0,0,0,0,0,0,0,2000,0,0,0,2000,0,2000,2000
03094X,大立光元大68展08,0,0,0,0,0,0,0,0,0,2000,0,0,0,2000,0,2000,2000
036630,玉山金台新99購01,0,0,0,0,0,0,0,0,0,2000,0,0,0,2000,0,2000,2000
03674C,臺股指元富9C牛02,0,0,0,0,0,0,0,0,0,2000,0,0,0,8000,6000,2000,2000
03680C,臺股指凱基9A牛26,0,0,0,0,0,0,0,0,0,2000,0,0,0,35000,33000,2000,2000
052828,滬深2X群益9A購02,0,0,0,0,0,0,0,0,0,2000,0,0,0,2000,0,2000,2000
052835,滬深2X國泰98購01,0,0,0,0,0,0,0,0,0,2000,0,0,0,301000,299000,2000,2000
052936,華通兆豐98購01  ,0,0,0,0,0,0,0,0,0,2000,0,0,0,2000,0,2000,2000
059350,樺漢凱基9A購01  ,0,0,0,0,0,0,0,0,0,2000,0,0,0,14000,12000,2000,2000
059336,台灣50凱基9A購02,0,0,0,0,0,0,0,0,0,2000,0,0,0,2000,0,2000,2000
058684,健策凱基99購02  ,0,0,0,0,0,0,0,0,0,2000,0,0,0,8000,6000,2000,2000
060187,華新科元富9A購02,0,0,0,0,0,0,0,0,0,2000,0,0,0,2000,0,2000,2000
060189,宏達電元富9B購03,0,0,0,0,0,0,0,0,0,2000,0,0,0,3000,1000,2000,2000
061394,FBVIX統一9B購01 ,0,0,0,0,0,0,0,0,0,2000,0,0,0,2000,0,2000,2000
061387,鴻海群益9A購05  ,0,0,0,0,0,0,0,0,0,2000,0,0,0,8000,6000,2000,2000
061388,台積電群益9A購05,0,0,0,0,0,0,0,0,0,2000,0,0,0,2000,0,2000,2000
061481,嘉澤元大9A購03  ,0,0,0,0,0,0,0,0,0,2000,0,0,0,122000,120000,2000,2000
061501,嘉澤國票9A購01  ,0,0,0,0,0,0,0,0,0,2000,0,0,0,118000,116000,2000,2000
058354,台積電凱基9A購06,0,0,0,0,0,0,0,0,0,2000,0,0,0,2000,0,2000,2000
058167,鴻海凱基9A購03  ,0,0,0,0,0,0,0,0,0,2000,0,0,0,9000,7000,2000,2000
058158,台積電台新99購01,0,0,0,0,0,0,0,0,0,2000,0,0,0,2000,0,2000,2000
058545,義隆富邦9C購01  ,0,0,0,0,0,0,0,0,0,2000,0,0,0,2000,0,2000,2000
058491,滬深2X群益01購01,0,0,0,0,0,0,0,0,0,2000,0,0,0,2000,0,2000,2000
059465,台灣50元大9C購09,0,0,0,0,0,0,0,0,0,2000,0,0,0,2000,0,2000,2000
059415,台灣50元大9A購03,0,0,0,0,0,0,0,0,0,2000,0,0,0,7000,5000,2000,2000
058812,台積電統一9B購06,0,0,0,0,0,0,0,0,0,2000,0,0,0,2000,0,2000,2000
058779,大立光國票9A購02,0,0,0,0,0,0,0,0,0,2000,0,0,0,22000,20000,2000,2000
059790,立積元大9C購02  ,0,0,0,0,0,0,0,0,0,2000,0,0,0,2000,0,2000,2000
059770,A50正2群益9C購01,0,0,0,0,0,0,0,0,0,2000,0,0,0,2000,0,2000,2000
059833,緯穎康和99購01  ,0,0,0,0,0,0,0,0,0,2000,0,0,0,2000,0,2000,2000
059218,台積電元大99購31,0,0,0,0,0,0,0,0,0,2000,0,0,0,2000,0,2000,2000
059219,旺宏元大99購12  ,0,0,0,0,0,0,0,0,0,2000,0,0,0,7000,5000,2000,2000
058855,台積電兆豐99購02,0,0,0,0,0,0,0,0,0,2000,0,0,0,3000,1000,2000,2000
058905,京鼎元大99購01  ,0,0,0,0,0,0,0,0,0,2000,0,0,0,2000,0,2000,2000
058897,國巨元大99購17  ,0,0,0,0,0,0,0,0,0,2000,0,0,0,4000,2000,2000,2000
060104,新日興元大99購03,0,0,0,0,0,0,0,0,0,2000,0,0,0,2000,0,2000,2000
059723,美律元大9A購02  ,0,0,0,0,0,0,0,0,0,2000,0,0,0,2000,0,2000,2000
059702,台積電凱基9A購14,0,0,0,0,0,0,0,0,0,2000,0,0,0,2000,0,2000,2000
061658,聯茂富邦9A購03  ,0,0,0,0,0,0,0,0,0,2000,0,0,0,2000,0,2000,2000
059768,上証2X群益9C購02,0,0,0,0,0,0,0,0,0,2000,0,0,0,2000,0,2000,2000
060400,南電國票9A購03  ,0,0,0,0,0,0,0,0,0,2000,0,0,0,2000,0,2000,2000
060727,高股息中信9C購02,0,0,0,0,0,0,0,0,0,2000,0,0,0,2000,0,2000,2000
062206,緯創國票9B購01  ,0,0,0,0,0,0,0,0,0,2000,0,0,0,2000,0,2000,2000
062125,嘉晶統一9B購01  ,0,0,0,0,0,0,0,0,0,2000,0,0,0,2000,0,2000,2000
062120,國巨台新9B購01  ,0,0,0,0,0,0,0,0,0,2000,0,0,0,2000,0,2000,2000
062084,台郡元大9B購04  ,0,0,0,0,0,0,0,0,0,2000,0,0,0,32000,30000,2000,2000
062064,台灣50元大9B購13,0,0,0,0,0,0,0,0,0,2000,0,0,0,2000,0,2000,2000
061898,茂林永豐9B購01  ,0,0,0,0,0,0,0,0,0,2000,0,0,0,2000,0,2000,2000
064047,義隆統一02購01  ,0,0,0,0,0,0,0,0,0,2000,0,0,0,2000,0,2000,2000
064592,同欣電永豐9C購01,0,0,0,0,0,0,0,0,0,2000,0,0,0,20000,18000,2000,2000
064541,元黃金凱基01購02,0,0,0,0,0,0,0,0,0,2000,0,0,0,2000,0,2000,2000
064393,友訊永豐9C購01  ,0,0,0,0,0,0,0,0,0,2000,0,0,0,56000,54000,2000,2000
062541,臻鼎國泰01購01  ,0,0,0,0,0,0,0,0,0,2000,0,0,0,12000,10000,2000,2000
062433,上銀元大9B購05  ,0,0,0,0,0,0,0,0,0,2000,0,0,0,9000,7000,2000,2000
062285,台勝科群益9B購01,0,0,0,0,0,0,0,0,0,2000,0,0,0,2000,0,2000,2000
062800,奇力新統一01購02,0,0,0,0,0,0,0,0,0,2000,0,0,0,2000,0,2000,2000
062881,緯創兆豐9C購01  ,0,0,0,0,0,0,0,0,0,2000,0,0,0,2000,0,2000,2000
063527,美食凱基01購01  ,0,0,0,0,0,0,0,0,0,2000,0,0,0,2000,0,2000,2000
063508,緯創群益9B購01  ,0,0,0,0,0,0,0,0,0,2000,0,0,0,5000,3000,2000,2000
063625,儒鴻元大9B購03  ,0,0,0,0,0,0,0,0,0,2000,0,0,0,164000,162000,2000,2000
063580,立積國泰9C購01  ,0,0,0,0,0,0,0,0,0,2000,0,0,0,12000,10000,2000,2000
063427,南六凱基9B購04  ,0,0,0,0,0,0,0,0,0,2000,0,0,0,2000,0,2000,2000
3209,全科            ,50000,48000,2000,0,0,0,0,0,0,0,0,0,0,0,0,0,2000
2881B,富邦金乙特      ,0,0,0,0,0,0,0,0,0,2000,2000,0,2000,0,0,0,2000
6136,富爾特          ,46000,44000,2000,0,0,0,0,0,0,0,0,0,0,0,0,0,2000
2358,廷鑫            ,4000,1000,3000,0,0,0,0,0,0,-1000,0,1000,-1000,0,0,0,2000
2406,國碩            ,129000,127000,2000,0,0,0,0,0,0,0,0,0,0,0,0,0,2000
2362,藍天            ,21000,12000,9000,0,0,0,0,0,0,-7000,0,0,0,0,7000,-7000,2000
2438,翔耀            ,2000,0,2000,0,0,0,0,0,0,0,0,0,0,0,0,0,2000
2477,美隆電          ,7000,5000,2000,0,0,0,0,0,0,0,0,0,0,0,0,0,2000
8478,東哥遊艇        ,7000,4000,3000,0,0,0,0,0,0,-1000,0,1000,-1000,0,0,0,2000
6671,三能-KY         ,2000,0,2000,0,0,0,0,0,0,0,0,0,0,0,0,0,2000
6464,台數科          ,4000,2000,2000,0,0,0,0,0,0,0,0,0,0,0,0,0,2000
6442,光聖            ,2000,0,2000,0,0,0,0,0,0,0,0,0,0,0,0,0,2000
08123P,台表科國票9C售01,0,0,0,0,0,0,0,0,0,1000,0,0,0,1000,0,1000,1000
1454,台富            ,3000,4000,-1000,0,0,0,0,0,0,2000,3000,1000,2000,0,0,0,1000
1626,艾美特-KY       ,22000,21000,1000,0,0,0,0,0,0,0,0,0,0,0,0,0,1000
1721,三晃            ,5000,4000,1000,0,0,0,0,0,0,0,0,0,0,0,0,0,1000
1233,天仁            ,2000,0,2000,0,0,0,0,0,0,-1000,0,1000,-1000,0,0,0,1000
1305,華夏            ,107000,104000,3000,0,0,0,0,0,0,-2000,1000,3000,-2000,0,0,0,1000
1203,味王            ,11000,10000,1000,0,0,0,0,0,0,0,0,0,0,0,0,0,1000
07123P,鴻海元大99售23  ,0,0,0,0,0,0,0,0,0,1000,0,0,0,1000,0,1000,1000
07241P,台灣50國票9A售05,0,0,0,0,0,0,0,0,0,1000,0,0,0,31000,30000,1000,1000
07856P,力成凱基9A售02  ,0,0,0,0,0,0,0,0,0,1000,0,0,0,21000,20000,1000,1000
08105P,景碩元大9B售01  ,0,0,0,0,0,0,0,0,0,1000,0,0,0,36000,35000,1000,1000
065032,TPK兆豐01購01   ,0,0,0,0,0,0,0,0,0,1000,0,0,0,1000,0,1000,1000
064886,燿華中信01購01  ,0,0,0,0,0,0,0,0,0,1000,0,0,0,1000,0,1000,1000
065187,聯發科統一02購02,0,0,0,0,0,0,0,0,0,1000,0,0,0,1000,0,1000,1000
065165,上銀元大9C購09  ,0,0,0,0,0,0,0,0,0,1000,0,0,0,1000,0,1000,1000
065294,創意群益9C購03  ,0,0,0,0,0,0,0,0,0,1000,0,0,0,1000,0,1000,1000
065631,台積電國票9C購10,0,0,0,0,0,0,0,0,0,1000,0,0,0,7000,6000,1000,1000
06755P,大立光永豐98售03,0,0,0,0,0,0,0,0,0,1000,0,0,0,1000,0,1000,1000
06698P,玉晶光國票99售05,0,0,0,0,0,0,0,0,0,1000,0,0,0,1000,0,1000,1000
06653P,美食元大98售02  ,0,0,0,0,0,0,0,0,0,1000,0,0,0,1000,0,1000,1000
065969,台積電元大01購06,0,0,0,0,0,0,0,0,0,1000,0,0,0,2000,1000,1000,1000
03679C,臺股指元大04牛04,0,0,0,0,0,0,0,0,0,1000,0,0,0,1000,0,1000,1000
03684C,臺股指元大06牛01,0,0,0,0,0,0,0,0,0,1000,0,0,0,1000,0,1000,1000
03052X,元展49          ,0,0,0,0,0,0,0,0,0,1000,0,0,0,1000,0,1000,1000
03060X,元展55          ,0,0,0,0,0,0,0,0,0,1000,0,0,0,1000,0,1000,1000
03431B,元油2X凱基9B熊03,0,0,0,0,0,0,0,0,0,1000,0,0,0,1000,0,1000,1000
00709,富邦歐洲        ,0,0,0,0,0,0,0,0,0,1000,0,0,0,102000,101000,1000,1000
00866,新光Shiller CAPE,0,0,0,0,0,0,0,0,0,1000,0,0,0,29000,28000,1000,1000
03007X,元展07          ,0,0,0,0,0,0,0,0,0,1000,0,0,0,1000,0,1000,1000
052437,聯發科富邦99購02,0,0,0,0,0,0,0,0,0,1000,0,0,0,1000,0,1000,1000
00661,元大日經225     ,0,0,0,0,0,0,0,0,0,1000,0,0,0,1000,0,1000,1000
055791,臺股指凱基97購14,0,0,0,0,0,0,0,0,0,1000,0,0,0,1000,0,1000,1000
055639,上銀元富97購02  ,0,0,0,0,0,0,0,0,0,1000,0,0,0,1000,0,1000,1000
055616,智原國票97購03  ,0,0,0,0,0,0,0,0,0,1000,0,0,0,1000,0,1000,1000
051486,玉晶光凱基97購03,0,0,0,0,0,0,0,0,0,1000,0,0,0,1000,0,1000,1000
051530,鴻海國票97購01  ,0,0,0,0,0,0,0,0,0,1000,0,0,0,1000,0,1000,1000
051897,台光電國泰97購01,0,0,0,0,0,0,0,0,0,1000,0,0,0,1000,0,1000,1000
045055,聯發科元富98購03,0,0,0,0,0,0,0,0,0,1000,0,0,0,1000,0,1000,1000
056033,T50正2凱基99購02,0,0,0,0,0,0,0,0,0,1000,0,0,0,1000,0,1000,1000
055942,臺股指群益9C購01,0,0,0,0,0,0,0,0,0,1000,0,0,0,1000,0,1000,1000
055935,創意群益97購02  ,0,0,0,0,0,0,0,0,0,1000,0,0,0,1000,0,1000,1000
055923,矽力凱基98購01  ,0,0,0,0,0,0,0,0,0,1000,0,0,0,12000,11000,1000,1000
054201,聯詠富邦97購02  ,0,0,0,0,0,0,0,0,0,1000,0,0,0,7000,6000,1000,1000
054769,創意國票98購01  ,0,0,0,0,0,0,0,0,0,1000,0,0,0,1000,0,1000,1000
054808,東元元大9A購01  ,0,0,0,0,0,0,0,0,0,1000,0,0,0,6000,5000,1000,1000
055124,建準兆豐97購01  ,0,0,0,0,0,0,0,0,0,1000,0,0,0,1000,0,1000,1000
054923,晶技凱基98購01  ,0,0,0,0,0,0,0,0,0,1000,0,0,0,11000,10000,1000,1000
054962,玉晶光元大99購02,0,0,0,0,0,0,0,0,0,1000,0,0,0,1000,0,1000,1000
055290,玉晶光元大98購08,0,0,0,0,0,0,0,0,0,1000,0,0,0,1000,0,1000,1000
056891,國巨元大99購03  ,0,0,0,0,0,0,0,0,0,1000,0,0,0,1000,0,1000,1000
055477,同欣電凱基98購01,0,0,0,0,0,0,0,0,0,1000,0,0,0,1000,0,1000,1000
055138,大毅永豐97購02  ,0,0,0,0,0,0,0,0,0,1000,0,0,0,1000,0,1000,1000
056989,鴻海兆豐98購02  ,0,0,0,0,0,0,0,0,0,1000,0,0,0,1000,0,1000,1000
056971,麗豐永豐98購01  ,0,0,0,0,0,0,0,0,0,1000,0,0,0,51000,50000,1000,1000
057024,義隆凱基99購01  ,0,0,0,0,0,0,0,0,0,1000,0,0,0,6000,5000,1000,1000
057803,上銀元大98購08  ,0,0,0,0,0,0,0,0,0,1000,0,0,0,1000,0,1000,1000
057814,聯發科元大98購12,0,0,0,0,0,0,0,0,0,1000,0,0,0,1000,0,1000,1000
057832,聯發科元富02購05,0,0,0,0,0,0,0,0,0,1000,0,0,0,1000,0,1000,1000
061169,GIS兆豐9A購01   ,0,0,0,0,0,0,0,0,0,1000,0,0,0,1000,0,1000,1000
06120P,大立光凱基98售05,0,0,0,0,0,0,0,0,0,1000,0,0,0,1000,0,1000,1000
061061,聯發科麥證9A購02,0,0,0,1000,0,1000,0,0,0,1000,0,0,0,1000,0,1000,1000
061139,玉晶光統一9C購02,0,0,0,0,0,0,0,0,0,1000,0,0,0,1000,0,1000,1000
061036,晶技永豐9A購03  ,0,0,0,0,0,0,0,0,0,1000,0,0,0,1000,0,1000,1000
060941,台積電國票9B購04,0,0,0,0,0,0,0,0,0,1000,0,0,0,1000,0,1000,1000
060912,華新科元大9A購10,0,0,0,0,0,0,0,0,0,1000,0,0,0,84000,83000,1000,1000
060917,台表科國泰9B購01,0,0,0,0,0,0,0,0,0,1000,0,0,0,1000,0,1000,1000
057467,祥碩永豐98購04  ,0,0,0,0,0,0,0,0,0,1000,0,0,0,1000,0,1000,1000
060892,超眾統一9C購01  ,0,0,0,0,0,0,0,0,0,1000,0,0,0,1000,0,1000,1000
057514,華新科元富99購03,0,0,0,0,0,0,0,0,0,1000,0,0,0,1000,0,1000,1000
058024,台積電國泰9A購01,0,0,0,0,0,0,0,0,0,1000,0,0,0,1000,0,1000,1000
057291,國巨國泰9A購01  ,0,0,0,0,0,0,0,0,0,1000,0,0,0,1000,0,1000,1000
057677,臺股指元大98購07,0,0,0,0,0,0,0,0,0,1000,0,0,0,1000,0,1000,1000
057692,臺股指凱基98購10,0,0,0,0,0,0,0,0,0,1000,0,0,0,10000,9000,1000,1000
057647,欣興元大98購10  ,0,0,0,0,0,0,0,0,0,1000,0,0,0,1000,0,1000,1000
057934,華新科群益98購07,0,0,0,0,0,0,0,0,0,1000,0,0,0,1000,0,1000,1000
05610P,國巨群益98售01  ,0,0,0,0,0,0,0,0,0,1000,0,0,0,1000,0,1000,1000
057947,和碩國票99購01  ,0,0,0,0,0,0,0,0,0,1000,0,0,0,48000,47000,1000,1000
056343,高鐵凱基98購02  ,0,0,0,0,0,0,0,0,0,1000,0,0,0,1000,0,1000,1000
057177,奇力新元大99購04,0,0,0,0,0,0,0,0,0,1000,0,0,0,1000,0,1000,1000
057196,茂林台新98購01  ,0,0,0,0,0,0,0,0,0,1000,0,0,0,3000,2000,1000,1000
056261,台積電統一97購07,0,0,0,0,0,0,0,0,0,1000,0,0,0,1000,0,1000,1000
056362,聯發科元大99購01,0,0,0,0,0,0,0,0,0,1000,0,0,0,1000,0,1000,1000
056598,京元電元富98購01,0,0,0,0,0,0,0,0,0,1000,0,0,0,1000,0,1000,1000
061948,美食群益9B購01  ,0,0,0,0,0,0,0,0,0,1000,0,0,0,1000,0,1000,1000
061933,光寶科國票9B購01,0,0,0,0,0,0,0,0,0,1000,0,0,0,9000,8000,1000,1000
061958,鴻海統一01購01  ,0,0,0,0,0,0,0,0,0,1000,0,0,0,8000,7000,1000,1000
060608,玉晶光凱基9A購08,0,0,0,0,0,0,0,0,0,1000,0,0,0,1000,0,1000,1000
060619,玉晶光元大9A購03,0,0,0,0,0,0,0,0,0,1000,0,0,0,1000,0,1000,1000
060575,大立光中信9B購02,0,0,0,0,0,0,0,0,0,1000,0,0,0,1000,0,1000,1000
060576,欣興中信9B購01  ,0,0,0,0,0,0,0,0,0,1000,0,0,0,1000,0,1000,1000
060851,國巨國泰9C購01  ,0,0,0,0,0,0,0,0,0,1000,0,0,0,42000,41000,1000,1000
060794,景碩永豐9A購02  ,0,0,0,0,0,0,0,0,0,1000,0,0,0,1000,0,1000,1000
060812,智邦凱基9A購01  ,0,0,0,0,0,0,0,0,0,1000,0,0,0,39000,38000,1000,1000
060841,宏達電國票9B購01,0,0,0,0,0,0,0,0,0,1000,0,0,0,1000,0,1000,1000
06082P,華通統一98售01  ,0,0,0,0,0,0,0,0,0,1000,0,0,0,9000,8000,1000,1000
061821,祥碩群益9B購02  ,0,0,0,0,0,0,0,0,0,1000,0,0,0,1000,0,1000,1000
061848,國巨國票9B購07  ,0,0,0,0,0,0,0,0,0,1000,0,0,0,2000,1000,1000,1000
060398,立積國票9B購01  ,0,0,0,0,0,0,0,0,0,1000,0,0,0,1000,0,1000,1000
059758,滬深2X永豐99購05,0,0,0,0,0,0,0,0,0,1000,0,0,0,1000,0,1000,1000
060344,聯發科統一01購01,0,0,0,0,0,0,0,0,0,1000,0,0,0,1000,0,1000,1000
059671,滬深2X元富99購05,0,0,0,0,0,0,0,0,0,1000,0,0,0,1000,0,1000,1000
060042,台積電群益99購12,0,0,0,0,0,0,0,0,0,1000,0,0,0,1000,0,1000,1000
060077,台積電台新9B購01,0,0,0,0,0,0,0,0,0,1000,0,0,0,1000,0,1000,1000
058884,世紀鋼永豐99購02,0,0,0,0,0,0,0,0,0,1000,0,0,0,1000,0,1000,1000
058876,南電國票9A購02  ,0,0,0,0,0,0,0,0,0,1000,0,0,0,6000,5000,1000,1000
059842,台積電富邦9C購05,0,0,0,0,0,0,0,0,0,1000,0,0,0,1000,0,1000,1000
059782,A50正2元大9C購04,0,0,0,0,0,0,0,0,0,1000,0,0,0,1000,0,1000,1000
059395,T50反1元富99購03,0,0,0,0,0,0,0,0,0,1000,0,0,0,1000,0,1000,1000
058927,勤誠元富99購02  ,0,0,0,0,0,0,0,0,0,1000,0,0,0,82000,81000,1000,1000
059505,上証2X永豐99購02,0,0,0,0,0,0,0,0,0,1000,0,0,0,1000,0,1000,1000
059138,台積電兆豐99購04,0,0,0,0,0,0,0,0,0,1000,0,0,0,1000,0,1000,1000
059147,矽創國票99購01  ,0,0,0,0,0,0,0,0,0,1000,0,0,0,8000,7000,1000,1000
059205,元石油元大99購01,0,0,0,0,0,0,0,0,0,1000,0,0,0,1000,0,1000,1000
059214,國巨元大99購20  ,0,0,0,0,0,0,0,0,0,1000,0,0,0,30000,29000,1000,1000
059007,南電元大99購05  ,0,0,0,0,0,0,0,0,0,1000,0,0,0,3000,2000,1000,1000
058996,台達電元大99購02,0,0,0,0,0,0,0,0,0,1000,0,0,0,1000,0,1000,1000
058295,欣興凱基99購02  ,0,0,0,0,0,0,0,0,0,1000,0,0,0,34000,33000,1000,1000
058262,大立光富邦9C購02,0,0,0,0,0,0,0,0,0,1000,0,0,0,1000,0,1000,1000
058235,大立光元大99購08,0,0,0,0,0,0,0,0,0,1000,0,0,0,1000,0,1000,1000
061570,瑞昱元大9A購05  ,0,0,0,0,0,0,0,0,0,1000,0,0,0,1000,0,1000,1000
060514,南電元大9A購02  ,0,0,0,0,0,0,0,0,0,1000,0,0,0,1000,0,1000,1000
061405,亞德客國票9B購01,0,0,0,0,0,0,0,0,0,1000,0,0,0,10000,9000,1000,1000
059311,元石油元大99購04,0,0,0,0,0,0,0,0,0,1000,0,0,0,1000,0,1000,1000
063425,台勝科凱基9B購02,0,0,0,0,0,0,0,0,0,1000,0,0,0,5000,4000,1000,1000
063141,聯發科統一9C購10,0,0,0,0,0,0,0,0,0,1000,0,0,0,1000,0,1000,1000
063112,祥碩兆豐9B購01  ,0,0,0,0,0,0,0,0,0,1000,0,0,0,1000,0,1000,1000
063240,聯發科元大9B購17,0,0,0,0,0,0,0,0,0,1000,0,0,0,78000,77000,1000,1000
063263,高鐵永豐9B購01  ,0,0,0,0,0,0,0,0,0,1000,0,0,0,17000,16000,1000,1000
063317,大立光群益9B購06,0,0,0,0,0,0,0,0,0,1000,0,0,0,1000,0,1000,1000
062861,世芯國票9C購01  ,0,0,0,0,0,0,0,0,0,1000,0,0,0,2000,1000,1000,1000
062866,臺股指國票9B購23,0,0,0,0,0,0,0,0,0,1000,0,0,0,4000,3000,1000,1000
062629,聯發科國票9C購01,0,0,0,0,0,0,0,0,0,1000,0,0,0,71000,70000,1000,1000
062646,聯發科國泰01購02,0,0,0,0,0,0,0,0,0,1000,0,0,0,2000,1000,1000,1000
062776,鴻海元大9B購03  ,0,0,0,0,0,0,0,0,0,1000,0,0,0,6000,5000,1000,1000
06276P,臺股指凱基97售08,0,0,0,0,0,0,0,0,0,1000,0,0,0,1000,0,1000,1000
062278,聯發科群益9C購01,0,0,0,0,0,0,0,0,0,1000,0,0,0,1000,0,1000,1000
062319,南六凱基9B購02  ,0,0,0,0,0,0,0,0,0,1000,0,0,0,22000,21000,1000,1000
062295,康友永豐9B購01  ,0,0,0,0,0,0,0,0,0,1000,0,0,0,1000,0,1000,1000
062428,超眾統一9B購01  ,0,0,0,0,0,0,0,0,0,1000,0,0,0,14000,13000,1000,1000
062371,健策元大9B購08  ,0,0,0,0,0,0,0,0,0,1000,0,0,0,40000,39000,1000,1000
062364,瑞昱元大9B購04  ,0,0,0,0,0,0,0,0,0,1000,0,0,0,33000,32000,1000,1000
062366,義隆元大9B購04  ,0,0,0,0,0,0,0,0,0,1000,0,0,0,17000,16000,1000,1000
062355,華通元大9B購03  ,0,0,0,0,0,0,0,0,0,1000,0,0,0,51000,50000,1000,1000
062592,牧德統一01購01  ,0,0,0,0,0,0,0,0,0,1000,0,0,0,1000,0,1000,1000
06258P,臺股指群益97售11,0,0,0,0,0,0,0,0,0,1000,0,0,0,1000,0,1000,1000
064871,緯穎永豐9C購03  ,0,0,0,0,0,0,0,0,0,1000,0,0,0,1000,0,1000,1000
064218,南六凱基01購01  ,0,0,0,0,0,0,0,0,0,1000,0,0,0,1000,0,1000,1000
064278,高鐵元大9C購02  ,0,0,0,0,0,0,0,0,0,1000,0,0,0,203000,202000,1000,1000
063795,上銀凱基9C購01  ,0,0,0,0,0,0,0,0,0,1000,0,0,0,1000,0,1000,1000
063797,台積電凱基02購02,0,0,0,0,0,0,0,0,0,1000,0,0,0,1000,0,1000,1000
063708,上銀凱基9B購06  ,0,0,0,0,0,0,0,0,0,1000,0,0,0,50000,49000,1000,1000
063970,大立光國票01購01,0,0,0,0,0,0,0,0,0,1000,0,0,0,1000,0,1000,1000
063892,旺宏群益01購01  ,0,0,0,0,0,0,0,0,0,1000,0,0,0,1000,0,1000,1000
063885,南六元富9C購01  ,0,0,0,0,0,0,0,0,0,1000,0,0,0,216000,215000,1000,1000
063854,南電元大9C購01  ,0,0,0,0,0,0,0,0,0,1000,0,0,0,1000,0,1000,1000
063858,鴻海國泰02購01  ,0,0,0,0,0,0,0,0,0,1000,0,0,0,1000,0,1000,1000
063828,台積電國票01購02,0,0,0,0,0,0,0,0,0,1000,0,0,0,1000,0,1000,1000
8201,無敵            ,1000,0,1000,0,0,0,0,0,0,0,0,0,0,0,0,0,1000
2509,全坤建          ,2000,1000,1000,0,0,0,0,0,0,0,0,0,0,0,0,0,1000
2460,建通            ,4000,4000,0,0,0,0,0,0,0,1000,2000,1000,1000,0,0,0,1000
2528,皇普            ,8000,7000,1000,0,0,0,0,0,0,0,0,0,0,0,0,0,1000
2543,皇昌            ,2000,1000,1000,0,0,0,0,0,0,0,0,0,0,0,0,0,1000
2891B,中信金乙特      ,0,0,0,0,0,0,0,0,0,1000,1000,0,1000,0,0,0,1000
3229,晟鈦            ,3000,2000,1000,0,0,0,0,0,0,0,0,0,0,0,0,0,1000
3050,鈺德            ,9000,8000,1000,0,0,0,0,0,0,0,0,0,0,0,0,0,1000
00636K,國泰中國A50+U   ,0,0,0,0,0,0,0,0,0,100,0,0,0,100,0,100,100
065954,大立光統一03購01,0,0,0,0,0,0,0,0,0,0,0,0,0,7000,7000,0,0
065963,鴻海元大01購05  ,0,0,0,0,0,0,0,0,0,0,0,0,0,5000,5000,0,0
065964,鴻海元大02購01  ,0,0,0,0,0,0,0,0,0,0,0,0,0,5000,5000,0,0
065983,亞德客國泰03購01,0,0,0,0,0,0,0,0,0,0,0,0,0,16000,16000,0,0
065941,超眾群益02購01  ,0,0,0,0,0,0,0,0,0,0,0,0,0,5000,5000,0,0
065934,智邦群益01購02  ,0,0,0,0,0,0,0,0,0,0,0,0,0,2000,2000,0,0
065944,大成鋼統一02購01,0,0,0,0,0,0,0,0,0,0,0,0,0,19000,19000,0,0
06594P,立積元大98售01  ,0,0,0,0,0,0,0,0,0,0,0,0,0,10000,10000,0,0
065991,牧德永豐01購01  ,0,0,0,0,0,0,0,0,0,0,0,0,0,1000,1000,0,0
065988,晶技永豐01購01  ,0,0,0,0,0,0,0,0,0,0,0,0,0,1000,1000,0,0
066025,宏達電群益01購01,0,0,0,0,0,0,0,0,0,0,0,0,0,6000,6000,0,0
066029,神達群益02購01  ,0,0,0,0,0,0,0,0,0,0,0,0,0,3000,3000,0,0
066035,南電群益01購01  ,0,0,0,0,0,0,0,0,0,0,0,0,0,1000,1000,0,0
066054,創意元大01購02  ,0,0,0,0,0,0,0,0,0,0,0,0,0,20000,20000,0,0
066063,南電元大01購04  ,0,0,0,0,0,0,0,0,0,0,0,0,0,1000,1000,0,0
065877,TPK群益9C購05   ,0,0,0,0,0,0,0,0,0,0,0,0,0,7000,7000,0,0
065888,鴻海統一03購01  ,0,0,0,0,0,0,0,0,0,0,0,0,0,5000,5000,0,0
065867,鴻海群益9C購08  ,0,0,0,0,0,0,0,0,0,0,0,0,0,5000,5000,0,0
065922,鴻海麥證01購01  ,0,0,0,5000,2000,3000,0,0,0,0,0,0,0,7000,7000,0,0
066072,華新科凱基01購03,0,0,0,0,0,0,0,0,0,0,0,0,0,50000,50000,0,0
06724P,台灣50國票98售01,0,0,0,0,0,0,0,0,0,0,0,0,0,20000,20000,0,0
06750P,聯發科元富02售03,0,0,0,0,0,0,0,0,0,0,0,0,0,10000,10000,0,0
06826P,臺股指國票98售02,0,0,0,0,0,0,0,0,0,0,0,0,0,25000,25000,0,0
065622,鴻海中信06購01  ,0,0,0,0,0,0,0,0,0,0,0,0,0,5000,5000,0,0
065560,同欣電麥證9C購02,0,0,0,300000,333000,-33000,0,0,0,0,0,0,0,333000,333000,0,0
065818,奇鋐元富9C購01  ,0,0,0,0,0,0,0,0,0,0,0,0,0,30000,30000,0,0
065804,大立光群益01購04,0,0,0,0,0,0,0,0,0,0,0,0,0,10000,10000,0,0
065764,康友元大9C購02  ,0,0,0,0,0,0,0,0,0,0,0,0,0,107000,107000,0,0
06577P,聯發科日盛9A售02,0,0,0,0,0,0,0,0,0,0,0,0,0,20000,20000,0,0
065787,奇鋐永豐9C購01  ,0,0,0,0,0,0,0,0,0,0,0,0,0,8000,8000,0,0
065693,國巨群益9C購18  ,0,0,0,0,0,0,0,0,0,0,0,0,0,3000,3000,0,0
065747,華通元大9C購07  ,0,0,0,0,0,0,0,0,0,0,0,0,0,5000,5000,0,0
065744,華新元大9C購01  ,0,0,0,0,0,0,0,0,0,0,0,0,0,10000,10000,0,0
065731,群創凱基03購02  ,0,0,0,0,0,0,0,0,0,0,0,0,0,6000,6000,0,0
065296,國巨統一01購10  ,0,0,0,0,0,0,0,0,0,0,0,0,0,1000,1000,0,0
065328,緯穎凱基9C購03  ,0,0,0,0,0,0,0,0,0,0,0,0,0,20000,20000,0,0
065472,華新元大01購01  ,0,0,0,0,0,0,0,0,0,0,0,0,0,10000,10000,0,0
065493,T50反1富邦03購01,0,0,0,0,0,0,0,0,0,0,0,0,0,190000,190000,0,0
065495,上銀富邦01購02  ,0,0,0,0,0,0,0,0,0,0,0,0,0,1000,1000,0,0
065507,亞德客群益01購02,0,0,0,0,0,0,0,0,0,0,0,0,0,49000,49000,0,0
065434,台勝科凱基01購01,0,0,0,0,0,0,0,0,0,0,0,0,0,20000,20000,0,0
065122,電子類富邦9C購01,0,0,0,0,0,0,0,0,0,0,0,0,0,10000,10000,0,0
065089,大立光元大9C購23,0,0,0,0,0,0,0,0,0,0,0,0,0,56000,56000,0,0
065113,南電國票01購02  ,0,0,0,0,0,0,0,0,0,0,0,0,0,33000,33000,0,0
064888,景碩中信9C購01  ,0,0,0,0,0,0,0,0,0,0,0,0,0,1000,1000,0,0
064985,台表科元大9C購09,0,0,0,0,0,0,0,0,0,0,0,0,0,7000,7000,0,0
08076P,國巨群益9C售05  ,0,0,0,0,0,0,0,0,0,0,0,0,0,200000,200000,0,0
08049P,臺股指國票9B售14,0,0,0,0,0,0,0,0,0,0,0,0,0,3000,3000,0,0
07952P,富邦金元大9B售02,0,0,0,0,0,0,0,0,0,0,0,0,0,50000,50000,0,0
07905P,大立光群益9B售04,0,0,0,0,0,0,0,0,0,0,0,0,0,142000,142000,0,0
07867P,晶技元大9B售01  ,0,0,0,0,0,0,0,0,0,0,0,0,0,11000,11000,0,0
07888P,大立光國票9B售01,0,0,0,0,0,0,0,0,0,0,0,0,0,182000,182000,0,0
07894P,燿華元大9B售01  ,0,0,0,0,0,0,0,0,0,0,0,0,0,10000,10000,0,0
07808P,超眾永豐9A售04  ,0,0,0,0,0,0,0,0,0,0,0,0,0,1000,1000,0,0
07818P,台積電國票9C售01,0,0,0,0,0,0,0,0,0,0,0,0,0,100000,100000,0,0
07693P,群創元大9B售10  ,0,0,0,0,0,0,0,0,0,0,0,0,0,30000,30000,0,0
07765P,台積電群益9A售06,0,0,0,0,0,0,0,0,0,0,0,0,0,5000,5000,0,0
07245P,台積電凱基99售16,0,0,0,0,0,0,0,0,0,0,0,0,0,12000,12000,0,0
07285P,上証2X群益01售02,0,0,0,0,0,0,0,0,0,0,0,0,0,200000,200000,0,0
07298P,台灣50元大9C售12,0,0,0,0,0,0,0,0,0,0,0,0,0,30000,30000,0,0
07366P,國巨康和99售02  ,0,0,0,0,0,0,0,0,0,0,0,0,0,310000,310000,0,0
07557P,玉晶光元大9A售09,0,0,0,0,0,0,0,0,0,0,0,0,0,30000,30000,0,0
07576P,可成元大9A售01  ,0,0,0,0,0,0,0,0,0,0,0,0,0,10000,10000,0,0
07431P,臺股指國票9A售03,0,0,0,0,0,0,0,0,0,0,0,0,0,10000,10000,0,0
07505P,台勝科元大9A售01,0,10000,-10000,0,0,0,0,0,0,10000,0,0,0,10000,0,10000,0
06937P,GIS元大98售03   ,0,0,0,0,0,0,0,0,0,0,0,0,0,30000,30000,0,0
06983P,台積電國泰9A售02,0,0,0,0,0,0,0,0,0,0,0,0,0,80000,80000,0,0
1109,信大            ,6000,6000,0,0,0,0,0,0,0,0,0,0,0,0,0,0,0
08652P,鴻海群益9C售09  ,0,0,0,0,0,0,0,0,0,0,0,0,0,3000,3000,0,0
1316,上曜            ,23000,23000,0,0,0,0,0,0,0,0,0,0,0,0,0,0,0
08567P,台勝科群益9C售01,0,0,0,0,0,0,0,0,0,0,0,0,0,56000,56000,0,0
1614,三洋電          ,15000,15000,0,0,0,0,0,0,0,0,0,0,0,0,0,0,0
1441,大東            ,3000,3000,0,0,0,0,0,0,0,0,0,0,0,0,0,0,0
1459,聯發            ,8000,8000,0,0,0,0,0,0,0,0,0,0,0,0,0,0,0
1463,強盛            ,1000,1000,0,0,0,0,0,0,0,0,0,0,0,0,0,0,0
1535,中宇            ,2000,2000,0,0,0,0,0,0,0,0,0,0,0,0,0,0,0
08216P,聯發科群益9C售05,0,0,0,0,0,0,0,0,0,0,0,0,0,10000,10000,0,0
08194P,同欣電國票9C售03,0,0,0,0,0,0,0,0,0,0,0,0,0,20000,20000,0,0
08328P,國巨國票9C售07  ,0,0,0,0,0,0,0,0,0,0,0,0,0,3000,3000,0,0
08514P,華新科凱基9C售05,0,0,0,0,0,0,0,0,0,0,0,0,0,68000,68000,0,0
08489P,臺股指群益9C售20,0,0,0,0,0,0,0,0,0,0,0,0,0,10000,10000,0,0
08456P,聯發科元大9C售13,0,0,0,0,0,0,0,0,0,0,0,0,0,10000,10000,0,0
0053,元大電子        ,0,0,0,0,0,0,0,0,0,0,0,0,0,8000,8000,0,0
00668K,國泰美國道瓊+U  ,0,0,0,0,0,0,0,0,0,0,0,0,0,100,100,0,0
00657K,國泰日經225+U   ,0,0,0,0,0,0,0,0,0,0,0,0,0,100,100,0,0
00689R,國泰20年美債反1 ,0,0,0,0,0,0,0,0,0,0,0,0,0,100000,100000,0,0
00865B,國泰US短期公債  ,0,0,0,0,0,0,0,0,0,0,0,0,0,100000,100000,0,0
00775B,新光投等債15+   ,0,0,0,0,0,0,0,0,0,0,0,0,0,2000,2000,0,0
00707R,元大S&P日圓反1  ,0,0,0,0,0,0,0,0,0,0,0,0,0,1000,1000,0,0
00732,國泰RMB短期報酬 ,0,0,0,0,0,0,0,0,0,0,0,0,0,100000,100000,0,0
052945,嘉晶國票97購01  ,50000,0,50000,0,0,0,0,0,0,-50000,0,0,0,0,50000,-50000,0
052572,群創凱基99購01  ,0,0,0,0,0,0,0,0,0,0,0,0,0,7000,7000,0,0
053092,台表科元大97購02,260000,0,260000,0,0,0,0,0,0,-260000,0,0,0,0,260000,-260000,0
053229,南電台新97購01  ,0,0,0,0,0,0,0,0,0,0,0,0,0,530000,530000,0,0
046384,群創凱基98購02  ,0,0,0,0,0,0,0,0,0,0,0,0,0,7000,7000,0,0
046905,新光金凱基99購01,0,0,0,0,0,0,0,0,0,0,0,0,0,20000,20000,0,0
050014,國巨富邦98購01  ,0,0,0,0,0,0,0,0,0,0,0,0,0,10000,10000,0,0
051830,健策元大97購01  ,0,0,0,0,0,0,0,0,0,0,0,0,0,2000,2000,0,0
051381,玉晶光群益98購01,0,0,0,0,0,0,0,0,0,0,0,0,0,2000,2000,0,0
05076P,深中小群益99售02,0,0,0,0,0,0,0,0,0,0,0,0,0,1000,1000,0,0
055572,鴻海統一98購04  ,0,0,0,0,0,0,0,0,0,0,0,0,0,7000,7000,0,0
055741,健策元富97購01  ,0,0,0,0,0,0,0,0,0,0,0,0,0,3000,3000,0,0
055911,可成凱基98購02  ,0,0,0,0,0,0,0,0,0,0,0,0,0,1000,1000,0,0
053528,南電中信9A購01  ,0,0,0,0,0,0,0,0,0,0,0,0,0,10000,10000,0,0
053660,群創凱基98購08  ,0,0,0,0,0,0,0,0,0,0,0,0,0,6000,6000,0,0
057788,嘉聯益國票99購01,0,0,0,0,0,0,0,0,0,0,0,0,0,1000,1000,0,0
057777,可成群益9A購03  ,0,0,0,0,0,0,0,0,0,0,0,0,0,1000,1000,0,0
057040,國巨元大98購12  ,0,0,0,0,0,0,0,0,0,0,0,0,0,3000,3000,0,0
056945,鴻海統一98購12  ,0,0,0,0,0,0,0,0,0,0,0,0,0,6000,6000,0,0
055255,欣興統一97購02  ,0,0,0,0,0,0,0,0,0,0,0,0,0,1497000,1497000,0,0
055448,健策統一97購02  ,0,0,0,0,0,0,0,0,0,0,0,0,0,216000,216000,0,0
055500,京鼎元大97購04  ,0,0,0,0,0,0,0,0,0,0,0,0,0,100000,100000,0,0
056876,群創凱基98購11  ,0,0,0,0,0,0,0,0,0,0,0,0,0,10000,10000,0,0
056885,元油2X元大99購03,0,0,0,0,0,0,0,0,0,0,0,0,0,100000,100000,0,0
056895,技嘉元大98購01  ,0,0,0,0,0,0,0,0,0,0,0,0,0,51000,51000,0,0
055308,聯發科群益97購04,0,0,0,0,0,0,0,0,0,0,0,0,0,5000,5000,0,0
056796,國巨麥證98購02  ,10000,0,10000,0,11000,-11000,0,0,0,-10000,0,0,0,1000,11000,-10000,0
054107,上銀凱基97購01  ,0,0,0,0,0,0,0,0,0,0,0,0,0,81000,81000,0,0
054080,微星中信98購01  ,0,0,0,0,0,0,0,0,0,0,0,0,0,20000,20000,0,0
055926,國巨群益98購06  ,0,0,0,0,0,0,0,0,0,0,0,0,0,1000,1000,0,0
055994,聯發科國泰99購02,0,0,0,0,0,0,0,0,0,0,0,0,0,342000,342000,0,0
055989,矽力元富9A購01  ,0,0,0,0,0,0,0,0,0,0,0,0,0,12000,12000,0,0
056067,智原元大97購01  ,0,0,0,0,0,0,0,0,0,0,0,0,0,37000,37000,0,0
056071,創意元大97購02  ,0,0,0,0,0,0,0,0,0,0,0,0,0,10000,10000,0,0
054511,香港反元大98購01,0,0,0,0,0,0,0,0,0,0,0,0,0,71000,71000,0,0
05728P,滬深2X凱基98售03,0,0,0,0,0,0,0,0,0,0,0,0,0,1000,1000,0,0
056736,國巨凱基99購03  ,0,0,0,0,0,0,0,0,0,0,0,0,0,1000,1000,0,0
056681,鴻海統一98購09  ,0,0,0,0,0,0,0,0,0,0,0,0,0,7000,7000,0,0
056682,鴻海統一98購10  ,0,0,0,0,0,0,0,0,0,0,0,0,0,7000,7000,0,0
056694,欣興群益98購04  ,0,0,0,0,0,0,0,0,0,0,0,0,0,160000,160000,0,0
056763,國巨元大99購02  ,0,0,0,0,0,0,0,0,0,0,0,0,0,4000,4000,0,0
056776,聯茂元大99購01  ,0,0,0,0,0,0,0,0,0,0,0,0,0,11000,11000,0,0
056771,嘉晶元大99購01  ,0,0,0,0,0,0,0,0,0,0,0,0,0,4000,4000,0,0
056354,國巨元大98購10  ,0,0,0,0,0,0,0,0,0,0,0,0,0,3000,3000,0,0
056358,友訊元大99購01  ,0,2000,-2000,0,0,0,0,0,0,2000,0,0,0,2000,0,2000,0
056412,上証2X中信9A購02,0,0,0,0,0,0,0,0,0,0,0,0,0,10000,10000,0,0
056410,康控國票99購01  ,0,0,0,0,0,0,0,0,0,0,0,0,0,38000,38000,0,0
056455,群創凱基9A購01  ,0,0,0,0,0,0,0,0,0,0,0,0,0,6000,6000,0,0
056662,臺股指元大9A購09,0,0,0,0,0,0,0,0,0,0,0,0,0,580000,580000,0,0
056302,大立光元大97購17,0,0,0,0,0,0,0,0,0,0,0,0,0,6000,6000,0,0
056198,台光電永豐97購02,0,0,0,0,0,0,0,0,0,0,0,0,0,37000,37000,0,0
057222,鴻海國票99購04  ,0,0,0,0,0,0,0,0,0,0,0,0,0,5000,5000,0,0
057171,台光電元大9B購01,0,0,0,0,0,0,0,0,0,0,0,0,0,10000,10000,0,0
057165,國巨元大99購05  ,0,0,0,0,0,0,0,0,0,0,0,0,0,5000,5000,0,0
056326,TPK兆豐98購01   ,0,0,0,0,0,0,0,0,0,0,0,0,0,120000,120000,0,0
057963,緯穎元大98購08  ,0,0,0,0,0,0,0,0,0,0,0,0,0,83000,83000,0,0
056132,台光電元大97購03,0,0,0,0,0,0,0,0,0,0,0,0,0,2000,2000,0,0
056137,聯鈞元大9A購01  ,0,0,0,0,0,0,0,0,0,0,0,0,0,10000,10000,0,0
057926,帆宣凱基98購02  ,0,0,0,0,0,0,0,0,0,0,0,0,0,50000,50000,0,0
057051,群創元大9B購03  ,0,0,0,0,0,0,0,0,0,0,0,0,0,2000,2000,0,0
057128,台光電凱基98購03,0,0,0,0,0,0,0,0,0,0,0,0,0,5000,5000,0,0
057674,台郡元大99購03  ,0,0,0,0,0,0,0,0,0,0,0,0,0,80000,80000,0,0
057603,樺漢群益98購02  ,0,0,0,0,0,0,0,0,0,0,0,0,0,10000,10000,0,0
057604,鴻海統一9C購01  ,0,0,0,0,0,0,0,0,0,0,0,0,0,5000,5000,0,0
057712,南亞科統一9A購01,0,0,0,0,0,0,0,0,0,0,0,0,0,15000,15000,0,0
057733,嘉聯益國泰99購01,0,0,0,0,0,0,0,0,0,0,0,0,0,7000,7000,0,0
057306,玉晶光兆豐99購01,0,0,0,0,0,0,0,0,0,0,0,0,0,4000,4000,0,0
057325,可成群益9A購01  ,0,0,0,0,0,0,0,0,0,0,0,0,0,5000,5000,0,0
057327,玉晶光群益9A購04,0,0,0,0,0,0,0,0,0,0,0,0,0,4000,4000,0,0
058044,鴻海元大99購07  ,0,0,0,0,0,0,0,0,0,0,0,0,0,7000,7000,0,0
057530,奇鋐元大99購01  ,0,0,0,0,0,0,0,0,0,0,0,0,0,16000,16000,0,0
057513,智邦台新98購01  ,0,0,0,0,0,0,0,0,0,0,0,0,0,6000,6000,0,0
060893,台灣50凱基01購07,0,0,0,0,0,0,0,0,0,0,0,0,0,20000,20000,0,0
057495,牧德元大99購04  ,0,0,0,0,0,0,0,0,0,0,0,0,0,1000,1000,0,0
060999,國巨兆豐9A購01  ,0,0,0,0,0,0,0,0,0,0,0,0,0,1000,1000,0,0
060981,旺宏元大9A購08  ,0,0,0,0,0,0,0,0,0,0,0,0,0,2000,2000,0,0
061038,TPK永豐9A購01   ,0,0,0,0,0,0,0,0,0,0,0,0,0,7000,7000,0,0
061108,臻鼎元大9A購02  ,0,0,0,0,0,0,0,0,0,0,0,0,0,10000,10000,0,0
06110P,國巨國泰98售02  ,0,0,0,0,0,0,0,0,0,0,0,0,0,45000,45000,0,0
059304,華新科兆豐99購06,0,0,0,0,0,0,0,0,0,0,0,0,0,8000,8000,0,0
059327,南茂元大99購01  ,0,0,0,0,0,0,0,0,0,0,0,0,0,10000,10000,0,0
058608,華新科元大99購13,0,0,0,0,0,0,0,0,0,0,0,0,0,81000,81000,0,0
058633,台灣50兆豐99購01,0,0,0,0,0,0,0,0,0,0,0,0,0,844000,844000,0,0
058571,緯穎凱基9A購02  ,0,0,0,0,0,0,0,0,0,0,0,0,0,10000,10000,0,0
058573,鴻海群益9A購02  ,0,0,0,0,0,0,0,0,0,0,0,0,0,13000,13000,0,0
061333,華通元大9A購08  ,0,0,0,0,0,0,0,0,0,0,0,0,0,2000,2000,0,0
061335,國巨元大9A購19  ,0,0,0,0,0,0,0,0,0,0,0,0,0,7000,7000,0,0
061309,鴻海統一9C購05  ,0,0,0,0,0,0,0,0,0,0,0,0,0,5000,5000,0,0
061279,鴻海統一9C購04  ,0,0,0,0,0,0,0,0,0,0,0,0,0,5000,5000,0,0
061268,玉晶光凱基9B購04,0,0,0,0,0,0,0,0,0,0,0,0,0,52000,52000,0,0
060190,國泰金元富9A購01,0,0,0,0,0,0,0,0,0,0,0,0,0,5000,5000,0,0
058731,貿聯永豐99購02  ,0,0,0,0,0,0,0,0,0,0,0,0,0,10000,10000,0,0
060202,康友元富9A購01  ,0,0,0,0,0,0,0,0,0,0,0,0,0,10000,10000,0,0
058717,南電台新99購02  ,0,0,0,0,0,0,0,0,0,0,0,0,0,2000,2000,0,0
058711,鴻海統一9A購02  ,0,0,0,0,0,0,0,0,0,0,0,0,0,5000,5000,0,0
058698,華通元大99購05  ,0,0,0,0,0,0,0,0,0,0,0,0,0,20000,20000,0,0
058654,鴻海中信03購01  ,0,0,0,0,0,0,0,0,0,0,0,0,0,6000,6000,0,0
059369,滬深2X元富9C購01,0,0,0,0,0,0,0,0,0,0,0,0,0,30000,30000,0,0
061380,巨大永豐9A購02  ,0,0,0,0,0,0,0,0,0,0,0,0,0,2000,2000,0,0
061430,致新元大9A購01  ,0,0,0,0,0,0,0,0,0,0,0,0,0,20000,20000,0,0
061424,華新科元大9A購18,0,0,0,0,0,0,0,0,0,0,0,0,0,2000,2000,0,0
061425,華新科元大9A購19,0,0,0,0,0,0,0,0,0,0,0,0,0,2000,2000,0,0
061428,南六元大9A購01  ,0,0,0,0,0,0,0,0,0,0,0,0,0,1000,1000,0,0
061454,國巨凱基9A購16  ,0,0,0,0,0,0,0,0,0,0,0,0,0,9000,9000,0,0
061450,嘉晶中信9A購01  ,0,0,0,0,0,0,0,0,0,0,0,0,0,20000,20000,0,0
061446,鴻海中信04購01  ,0,0,0,0,0,0,0,0,0,0,0,0,0,11000,11000,0,0
061462,國巨群益9A購11  ,0,0,0,0,0,0,0,0,0,0,0,0,0,1000,1000,0,0
060522,鴻海中信9A購03  ,0,0,0,0,0,0,0,0,0,0,0,0,0,5000,5000,0,0
06136P,華新科國泰99售02,0,0,0,0,0,0,0,0,0,0,0,0,0,50000,50000,0,0
060472,中租元大9A購02  ,0,0,0,0,0,0,0,0,0,0,0,0,0,10000,10000,0,0
060502,國巨元大9A購07  ,0,0,0,0,0,0,0,0,0,0,0,0,0,3000,3000,0,0
060461,鴻海元大9A購09  ,0,0,0,0,0,0,0,0,0,0,0,0,0,5000,5000,0,0
060462,鴻海元大9A購10  ,0,0,0,0,0,0,0,0,0,0,0,0,0,5000,5000,0,0
060452,儒鴻元大9A購01  ,0,0,0,0,0,0,0,0,0,0,0,0,0,40000,40000,0,0
061576,華新科元大9A購21,0,0,0,0,0,0,0,0,0,0,0,0,0,3000,3000,0,0
061566,華通元大9A購10  ,0,0,0,0,0,0,0,0,0,0,0,0,0,2000,2000,0,0
061551,GIS群益9A購01   ,0,0,0,0,0,0,0,0,0,0,0,0,0,2000,2000,0,0
061507,南電國票9A購05  ,0,0,0,0,0,0,0,0,0,0,0,0,0,4000,4000,0,0
061710,國巨凱基9A購18  ,0,0,0,0,0,0,0,0,0,0,0,0,0,5000,5000,0,0
06173P,華通元大97售02  ,0,0,0,0,0,0,0,0,0,0,0,0,0,3000,3000,0,0
061598,南電永豐9A購04  ,0,0,0,0,0,0,0,0,0,0,0,0,0,1000,1000,0,0
061616,鴻海群益9A購07  ,0,0,0,0,0,0,0,0,0,0,0,0,0,5000,5000,0,0
061624,中租群益9A購01  ,0,0,0,0,0,0,0,0,0,0,0,0,0,10000,10000,0,0
058248,聯茂元大99購05  ,0,0,0,0,0,0,0,0,0,0,0,0,0,111000,111000,0,0
058266,宏達電永豐99購01,0,0,0,0,0,0,0,0,0,0,0,0,0,15000,15000,0,0
058416,鴻海麥證99購01  ,0,0,0,7000,0,7000,0,0,0,0,0,0,0,7000,7000,0,0
058422,百和麥證99購01  ,0,0,0,50000,50000,0,0,0,0,0,0,0,0,50000,50000,0,0
058409,鴻海兆豐99購05  ,0,0,0,0,0,0,0,0,0,0,0,0,0,5000,5000,0,0
058387,國巨國票9A購03  ,0,0,0,0,0,0,0,0,0,0,0,0,0,17000,17000,0,0
058389,聯茂國票9A購01  ,0,0,0,0,0,0,0,0,0,0,0,0,0,1000,1000,0,0
058502,鴻海元大99購13  ,0,0,0,0,0,0,0,0,0,0,0,0,0,5000,5000,0,0
058464,矽創兆豐9A購01  ,0,0,0,0,0,0,0,0,0,0,0,0,0,13000,13000,0,0
058565,鴻海凱基9A購07  ,0,0,0,0,0,0,0,0,0,0,0,0,0,5000,5000,0,0
058118,瑞昱群益99購01  ,0,0,0,0,0,0,0,0,0,0,0,0,0,3000,3000,0,0
058127,FBVIX元大9C購01 ,0,0,0,0,0,0,0,0,0,0,0,0,0,10000,10000,0,0
058166,鴻海凱基9A購01  ,0,0,0,0,0,0,0,0,0,0,0,0,0,7000,7000,0,0
058187,泰碩永豐99購01  ,0,0,0,0,0,0,0,0,0,0,0,0,0,10000,10000,0,0
058742,鴻海康和99購01  ,0,0,0,0,0,0,0,0,0,0,0,0,0,5000,5000,0,0
058743,可成康和99購01  ,0,0,0,0,0,0,0,0,0,0,0,0,0,1000,1000,0,0
058980,鴻海凱基99購06  ,0,0,0,0,0,0,0,0,0,0,0,0,0,17000,17000,0,0
058998,鴻海元大99購22  ,0,0,0,0,0,0,0,0,0,0,0,0,0,5000,5000,0,0
059085,鴻海元大99購25  ,0,0,0,0,0,0,0,0,0,0,0,0,0,13000,13000,0,0
059212,鴻海元大99購28  ,0,0,0,0,0,0,0,0,0,0,0,0,0,5000,5000,0,0
059213,國巨元大99購19  ,0,0,0,0,0,0,0,0,0,0,0,0,0,11000,11000,0,0
059195,國巨永豐99購04  ,0,0,0,0,0,0,0,0,0,0,0,0,0,3000,3000,0,0
059161,鴻海凱基9A購09  ,0,0,0,0,0,0,0,0,0,0,0,0,0,4000,4000,0,0
059156,台灣50凱基01購03,0,0,0,0,0,0,0,0,0,0,0,0,0,20000,20000,0,0
059129,麗豐中信99購01  ,0,0,0,0,0,0,0,0,0,0,0,0,0,19000,19000,0,0
059140,大立光兆豐9A購02,0,0,0,0,0,0,0,0,0,0,0,0,0,64000,64000,0,0
059145,創意國票99購02  ,0,0,0,0,0,0,0,0,0,0,0,0,0,3000,3000,0,0
059118,晶技永豐9A購01  ,0,0,0,0,0,0,0,0,0,0,0,0,0,1000,1000,0,0
059079,SGBR2X元大99購01,0,0,0,0,0,0,0,0,0,0,0,0,0,20000,20000,0,0
059507,鴻海永豐99購03  ,0,0,0,0,0,0,0,0,0,0,0,0,0,5000,5000,0,0
059513,揚明光永豐99購01,0,0,0,0,0,0,0,0,0,0,0,0,0,17000,17000,0,0
058929,可成統一9C購01  ,0,0,0,0,0,0,0,0,0,0,0,0,0,32000,32000,0,0
059404,鴻海台新99購03  ,0,0,0,0,0,0,0,0,0,0,0,0,0,8000,8000,0,0
059427,國巨元大99購24  ,0,0,0,0,0,0,0,0,0,0,0,0,0,4000,4000,0,0
059434,全新元大99購05  ,0,0,0,0,0,0,0,0,0,0,0,0,0,10000,10000,0,0
059467,旺宏元大99購15  ,0,0,0,0,0,0,0,0,0,0,0,0,0,2000,2000,0,0
059440,康控元大9B購01  ,0,0,0,0,0,0,0,0,0,0,0,0,0,4000,4000,0,0
058780,牧德國票9A購01  ,0,0,0,0,0,0,0,0,0,0,0,0,0,38000,38000,0,0
058791,鴻海元大99購17  ,0,0,0,0,0,0,0,0,0,0,0,0,0,5000,5000,0,0
058792,鴻海元大99購18  ,0,0,0,0,0,0,0,0,0,0,0,0,0,35000,35000,0,0
058793,鴻海元大99購19  ,0,0,0,0,0,0,0,0,0,0,0,0,0,5000,5000,0,0
058800,健策元大99購03  ,0,0,0,0,0,0,0,0,0,0,0,0,0,26000,26000,0,0
058802,矽創元大99購02  ,0,0,0,0,0,0,0,0,0,0,0,0,0,12000,12000,0,0
059773,康控群益99購01  ,0,0,0,0,0,0,0,0,0,0,0,0,0,5000,5000,0,0
059797,大立光國票99購01,0,0,0,0,0,0,0,0,0,0,0,0,0,2000,2000,0,0
059784,台光電元大9A購01,0,0,0,0,0,0,0,0,0,0,0,0,0,16000,16000,0,0
060293,緯創元大9A購01  ,0,0,0,0,0,0,0,0,0,0,0,0,0,2000,2000,0,0
059862,全新群益99購04  ,0,0,0,0,0,0,0,0,0,0,0,0,0,84000,84000,0,0
059840,鴻海富邦9A購02  ,0,0,0,0,0,0,0,0,0,0,0,0,0,5000,5000,0,0
059946,健策永豐99購05  ,0,0,0,0,0,0,0,0,0,0,0,0,0,2000,2000,0,0
059236,鴻海凱基99購09  ,0,0,0,0,0,0,0,0,0,0,0,0,0,4000,4000,0,0
059237,鴻海凱基9A購10  ,0,0,0,0,0,0,0,0,0,0,0,0,0,7000,7000,0,0
058829,華新科永豐99購04,0,0,0,0,0,0,0,0,0,0,0,0,0,16000,16000,0,0
058839,瑞儀中信99購02  ,0,0,0,0,0,0,0,0,0,0,0,0,0,20000,20000,0,0
059636,宏達電凱基99購05,0,0,0,0,0,0,0,0,0,0,0,0,0,30000,30000,0,0
059659,旺宏元大9A購03  ,0,0,0,0,0,0,0,0,0,0,0,0,0,1000,1000,0,0
059594,奇力新元大9B購01,0,0,0,0,0,0,0,0,0,0,0,0,0,10000,10000,0,0
059588,鴻海元大99購32  ,0,0,0,0,0,0,0,0,0,0,0,0,0,6000,6000,0,0
059624,鴻海凱基01購01  ,0,0,0,0,0,0,0,0,0,0,0,0,0,5000,5000,0,0
060088,國巨元大99購30  ,0,0,0,0,0,0,0,0,0,0,0,0,0,6000,6000,0,0
060099,宏達電元大99購09,0,0,0,0,0,0,0,0,0,0,0,0,0,1000,1000,0,0
060059,鴻海兆豐99購06  ,0,0,0,0,0,0,0,0,0,0,0,0,0,7000,7000,0,0
059985,華新科元大99購22,0,0,0,0,0,0,0,0,0,0,0,0,0,1000,1000,0,0
059706,嘉晶凱基99購01  ,0,0,0,0,0,0,0,0,0,0,0,0,0,20000,20000,0,0
059716,鴻海元大99購35  ,0,0,0,0,0,0,0,0,0,0,0,0,0,22000,22000,0,0
059717,國巨元大99購21  ,0,0,0,0,0,0,0,0,0,0,0,0,0,8000,8000,0,0
059726,華新科元大99購18,0,0,0,0,0,0,0,0,0,0,0,0,0,4000,4000,0,0
060128,健策永豐99購06  ,0,0,0,0,0,0,0,0,0,0,0,0,0,2000,2000,0,0
060114,緯穎元大99購10  ,0,0,0,0,0,0,0,0,0,0,0,0,0,10000,10000,0,0
059755,宏達電國泰9A購01,0,0,0,0,0,0,0,0,0,0,0,0,0,37000,37000,0,0
060338,鴻海統一9C購02  ,0,0,0,0,0,0,0,0,0,0,0,0,0,5000,5000,0,0
059764,健策永豐99購04  ,0,0,0,0,0,0,0,0,0,0,0,0,0,2000,2000,0,0
060399,康友國票9A購02  ,0,0,0,0,0,0,0,0,0,0,0,0,0,60000,60000,0,0
061676,新光金元大9A購03,0,0,0,0,0,0,0,0,0,0,0,0,0,200000,200000,0,0
060543,鴻海凱基9B購02  ,0,0,0,0,0,0,0,0,0,0,0,0,0,5000,5000,0,0
061702,奇鋐國票9A購02  ,0,0,0,0,0,0,0,0,0,0,0,0,0,38000,38000,0,0
061849,國巨國票9B購08  ,0,0,0,0,0,0,0,0,0,0,0,0,0,1000,1000,0,0
061774,T50反1國票9B購06,0,0,0,0,0,0,0,0,0,0,0,0,0,100000,100000,0,0
060846,欣興國票9A購02  ,0,0,0,0,0,0,0,0,0,0,0,0,0,10000,10000,0,0
060856,健策富邦9B購02  ,0,0,0,0,0,0,0,0,0,0,0,0,0,5000,5000,0,0
060881,玉山金中信02購01,0,0,0,0,0,0,0,0,0,0,0,0,0,29000,29000,0,0
060598,鴻海凱基9A購20  ,0,0,0,0,0,0,0,0,0,0,0,0,0,5000,5000,0,0
060599,國巨凱基9C購01  ,0,0,0,0,0,0,0,0,0,0,0,0,0,7000,7000,0,0
060621,玉晶光元大9A購05,0,0,0,0,0,0,0,0,0,0,0,0,0,11000,11000,0,0
060630,國巨富邦9C購03  ,0,0,0,0,0,0,0,0,0,0,0,0,0,1000,1000,0,0
058076,神達凱基98購02  ,0,0,0,0,0,0,0,0,0,0,0,0,0,10000,10000,0,0
058086,鴻海元大98購14  ,0,0,0,0,0,0,0,0,0,0,0,0,0,7000,7000,0,0
060732,玉晶光群益9C購02,0,0,0,0,0,0,0,0,0,0,0,0,0,20000,20000,0,0
060735,鴻海統一9C購03  ,0,0,0,0,0,0,0,0,0,0,0,0,0,5000,5000,0,0
060743,鴻海國票9A購03  ,0,0,0,0,0,0,0,0,0,0,0,0,0,5000,5000,0,0
060692,鴻海麥證9A購01  ,0,0,0,7000,0,7000,0,0,0,0,0,0,0,7000,7000,0,0
061972,華新元大9B購01  ,0,0,0,0,0,0,0,0,0,0,0,0,0,10000,10000,0,0
061983,華新科元大9B購04,0,0,0,0,0,0,0,0,0,0,0,0,0,2000,2000,0,0
061984,華新科元大9B購05,0,0,0,0,0,0,0,0,0,0,0,0,0,68000,68000,0,0
062002,鴻海國泰01購01  ,0,0,0,0,0,0,0,0,0,0,0,0,0,5000,5000,0,0
062004,國巨國泰9C購03  ,0,0,0,0,0,0,0,0,0,0,0,0,0,1000,1000,0,0
061946,鴻海群益9B購03  ,0,0,0,0,0,0,0,0,0,0,0,0,0,5000,5000,0,0
061907,裕隆中信9B購01  ,0,0,0,0,0,0,0,0,0,0,0,0,0,10000,10000,0,0
061892,亞德客永豐9B購01,0,0,0,0,0,0,0,0,0,0,0,0,0,10000,10000,0,0
061893,鴻海永豐9B購01  ,0,0,0,0,0,0,0,0,0,0,0,0,0,5000,5000,0,0
062078,聯發科元大9B購05,0,0,0,0,0,0,0,0,0,0,0,0,0,37000,37000,0,0
062089,矽創元大9B購02  ,0,0,0,0,0,0,0,0,0,0,0,0,0,17000,17000,0,0
062124,大立光統一9B購09,0,0,0,0,0,0,0,0,0,0,0,0,0,7000,7000,0,0
062149,牧德國票9B購01  ,0,0,0,0,0,0,0,0,0,0,0,0,0,27000,27000,0,0
062202,國巨國票9C購04  ,0,0,0,0,0,0,0,0,0,0,0,0,0,1000,1000,0,0
062239,台汽電凱基9B購01,0,0,0,0,0,0,0,0,0,0,0,0,0,50000,50000,0,0
062182,華新科元大9B購07,0,0,0,0,0,0,0,0,0,0,0,0,0,2000,2000,0,0
063840,鴻海元大01購01  ,0,0,0,0,0,0,0,0,0,0,0,0,0,5000,5000,0,0
063841,國巨元大01購01  ,0,0,0,0,0,0,0,0,0,0,0,0,0,1000,1000,0,0
063873,南六永豐9C購01  ,0,0,0,0,0,0,0,0,0,0,0,0,0,68000,68000,0,0
063960,南電元大9C購03  ,0,0,0,0,0,0,0,0,0,0,0,0,0,1000,1000,0,0
063938,上銀元大9C購03  ,0,0,0,0,0,0,0,0,0,0,0,0,0,28000,28000,0,0
063941,國巨元大9C購12  ,0,0,0,0,0,0,0,0,0,0,0,0,0,3000,3000,0,0
063928,可成統一01購02  ,0,0,0,0,0,0,0,0,0,0,0,0,0,18000,18000,0,0
063896,世芯群益9C購01  ,0,0,0,0,0,0,0,0,0,0,0,0,0,15000,15000,0,0
063717,宏達電兆豐9B購02,0,0,0,0,0,0,0,0,0,0,0,0,0,7000,7000,0,0
063719,T50反1元大9B購11,0,0,0,0,0,0,0,0,0,0,0,0,0,10000,10000,0,0
063685,鴻海永豐9B購03  ,0,0,0,0,0,0,0,0,0,0,0,0,0,5000,5000,0,0
063794,亞德客凱基9C購01,0,0,0,0,0,0,0,0,0,0,0,0,0,20000,20000,0,0
063726,鴻海元大9B購04  ,0,0,0,0,0,0,0,0,0,0,0,0,0,5000,5000,0,0
064260,矽創富邦9C購01  ,0,0,0,0,0,0,0,0,0,0,0,0,0,50000,50000,0,0
064259,矽格富邦9C購01  ,0,0,0,0,0,0,0,0,0,0,0,0,0,1000,1000,0,0
06424P,大成鋼永豐97售01,0,0,0,0,0,0,0,0,0,0,0,0,0,10000,10000,0,0
064141,國巨統一01購08  ,0,0,0,0,0,0,0,0,0,0,0,0,0,1000,1000,0,0
064041,國巨統一01購07  ,0,0,0,0,0,0,0,0,0,0,0,0,0,1000,1000,0,0
064042,國巨統一9C購12  ,0,0,0,0,0,0,0,0,0,0,0,0,0,27000,27000,0,0
064007,嘉澤凱基02購01  ,0,0,0,0,0,0,0,0,0,0,0,0,0,100000,100000,0,0
064138,亞德客統一01購02,0,0,0,0,0,0,0,0,0,0,0,0,0,49000,49000,0,0
064135,復盛元大9C購01  ,0,0,0,0,0,0,0,0,0,0,0,0,0,33000,33000,0,0
06486P,麗豐元大98售02  ,0,0,0,0,0,0,0,0,0,0,0,0,0,2000,2000,0,0
064875,國巨兆豐01購01  ,0,0,0,0,0,0,0,0,0,0,0,0,0,150000,150000,0,0
064849,大立光元富9C購06,0,0,0,0,0,0,0,0,0,0,0,0,0,7000,7000,0,0
064842,南六統一9C購04  ,0,0,0,0,0,0,0,0,0,0,0,0,0,23000,23000,0,0
064670,智伸科元大9C購01,0,0,0,0,0,0,0,0,0,0,0,0,0,280000,280000,0,0
064661,鴻海元大01購02  ,0,0,0,0,0,0,0,0,0,0,0,0,0,5000,5000,0,0
064662,鴻海元大9C購10  ,0,0,0,0,0,0,0,0,0,0,0,0,0,5000,5000,0,0
064663,鴻海元大9C購11  ,0,0,0,0,0,0,0,0,0,0,0,0,0,5000,5000,0,0
064604,聯茂元富9C購01  ,0,0,0,0,0,0,0,0,0,0,0,0,0,10000,10000,0,0
064705,新光金富邦01購01,0,0,0,0,0,0,0,0,0,0,0,0,0,400000,400000,0,0
06472P,道瓊銀元大98售03,0,0,0,0,0,0,0,0,0,0,0,0,0,110000,110000,0,0
064411,台表科凱基02購01,0,0,0,0,0,0,0,0,0,0,0,0,0,70000,70000,0,0
064418,鴻海兆豐01購02  ,0,0,0,0,0,0,0,0,0,0,0,0,0,5000,5000,0,0
064419,鴻海兆豐9C購01  ,0,0,0,0,0,0,0,0,0,0,0,0,0,10000,10000,0,0
064429,鴻海凱基03購03  ,0,0,0,0,0,0,0,0,0,0,0,0,0,5000,5000,0,0
064293,勤誠元大9C購01  ,0,0,0,0,0,0,0,0,0,0,0,0,0,100000,100000,0,0
064554,儒鴻群益9C購01  ,0,0,0,0,0,0,0,0,0,0,0,0,0,9000,9000,0,0
064539,玉晶光麥證01購01,0,0,0,23000,0,23000,0,0,0,0,0,0,0,23000,23000,0,0
064590,牧德永豐9C購01  ,0,0,0,0,0,0,0,0,0,0,0,0,0,1000,1000,0,0
062582,鴻海統一9C購11  ,0,0,0,0,0,0,0,0,0,0,0,0,0,5000,5000,0,0
062584,鴻海統一9C購13  ,0,0,0,0,0,0,0,0,0,0,0,0,0,5000,5000,0,0
06257P,臺股指群益97售10,0,0,0,0,0,0,0,0,0,0,0,0,0,2000,2000,0,0
062524,鴻海統一9C購09  ,0,0,0,0,0,0,0,0,0,0,0,0,0,5000,5000,0,0
062553,台積電凱基9B購07,0,0,0,0,0,0,0,0,0,0,0,0,0,1000,1000,0,0
062441,華新科元大9C購01,0,0,0,0,0,0,0,0,0,0,0,0,0,1000,1000,0,0
062481,同欣電國票9B購01,0,0,0,0,0,0,0,0,0,0,0,0,0,31000,31000,0,0
062417,鴻海統一9C購08  ,0,0,0,0,0,0,0,0,0,0,0,0,0,5000,5000,0,0
062338,鴻海麥證9B購01  ,0,0,0,22000,0,22000,0,0,0,0,0,0,0,22000,22000,0,0
062257,聯發科元大9B購09,0,0,0,0,0,0,0,0,0,0,0,0,0,36000,36000,0,0
062777,鴻海元大9C購03  ,0,0,0,0,0,0,0,0,0,0,0,0,0,5000,5000,0,0
062793,鴻海統一9B購06  ,0,0,0,0,0,0,0,0,0,0,0,0,0,5000,5000,0,0
062758,國巨凱基9B購09  ,0,0,0,0,0,0,0,0,0,0,0,0,0,1000,1000,0,0
062716,鴻海凱基9B購06  ,0,0,0,0,0,0,0,0,0,0,0,0,0,5000,5000,0,0
062732,南六凱基9B購03  ,0,0,0,0,0,0,0,0,0,0,0,0,0,30000,30000,0,0
062723,聯發科凱基9B購09,0,0,0,0,0,0,0,0,0,0,0,0,0,10000,10000,0,0
062681,全新統一01購01  ,0,0,0,0,0,0,0,0,0,0,0,0,0,30000,30000,0,0
062811,鴻海兆豐9B購01  ,0,0,0,0,0,0,0,0,0,0,0,0,0,5000,5000,0,0
062913,創意元大9B購02  ,0,0,0,0,0,0,0,0,0,0,0,0,0,20000,20000,0,0
062889,可成群益9C購01  ,0,0,0,0,0,0,0,0,0,0,0,0,0,15000,15000,0,0
062951,鴻海永豐9B購02  ,0,0,0,0,0,0,0,0,0,0,0,0,0,5000,5000,0,0
062935,華通凱基9C購02  ,0,0,0,0,0,0,0,0,0,0,0,0,0,51000,51000,0,0
062957,鴻海麥證9C購01  ,0,0,0,5000,0,5000,0,0,0,0,0,0,0,5000,5000,0,0
062958,長榮航麥證9B購01,0,0,0,35000,35000,0,0,0,0,0,0,0,0,35000,35000,0,0
063094,玉晶光國票01購03,0,0,0,0,0,0,0,0,0,0,0,0,0,1000,1000,0,0
063157,鴻海台新9B購02  ,0,0,0,0,0,0,0,0,0,0,0,0,0,5000,5000,0,0
063132,台表科元大9C購02,0,0,0,0,0,0,0,0,0,0,0,0,0,4000,4000,0,0
063069,道瓊銀富邦05購01,0,0,0,0,0,0,0,0,0,0,0,0,0,5000,5000,0,0
063045,國巨兆豐9C購02  ,0,0,0,0,0,0,0,0,0,0,0,0,0,1000,1000,0,0
063028,巨大元大9B購02  ,0,0,0,0,0,0,0,0,0,0,0,0,0,2000,2000,0,0
063329,健策國票9C購01  ,0,0,0,0,0,0,0,0,0,0,0,0,0,67000,67000,0,0
063577,台表科元大9C購04,0,0,0,0,0,0,0,0,0,0,0,0,0,4000,4000,0,0
063569,美食元大9B購03  ,0,0,0,0,0,0,0,0,0,0,0,0,0,12000,12000,0,0
063534,鴻海統一9B購07  ,0,0,0,0,0,0,0,0,0,0,0,0,0,22000,22000,0,0
3130,一零四          ,122000,122000,0,0,0,0,0,0,0,0,0,0,0,0,0,0,0
3550,聯穎            ,1000,1000,0,0,0,0,0,0,0,0,0,0,0,0,0,0,0
3356,奇偶            ,114000,114000,0,0,0,0,0,0,0,0,0,0,0,0,0,0,0
2936,客思達-KY       ,1000,0,1000,0,0,0,0,0,0,-1000,0,1000,-1000,0,0,0,0
4755,三福化          ,11000,11000,0,0,0,0,0,0,0,0,0,0,0,0,0,0,0
3494,誠研            ,3000,3000,0,0,0,0,0,0,0,0,0,0,0,0,0,0,0
4807,日成-KY         ,1000,1000,0,0,0,0,0,0,0,0,0,0,0,0,0,0,0
4572,駐龍            ,14000,14000,0,0,0,0,0,0,0,0,0,0,0,0,0,0,0
4557,永新-KY         ,2000,2000,0,0,0,0,0,0,0,0,0,0,0,0,0,0,0
2612,中航            ,10000,10000,0,0,0,0,0,0,0,0,0,0,0,0,0,0,0
2701,萬企            ,3000,3000,0,0,0,0,0,0,0,0,0,0,0,0,0,0,0
2705,六福            ,26000,26000,0,0,0,0,0,0,0,0,0,0,0,0,0,0,0
2491,吉祥全          ,2000,2000,0,0,0,0,0,0,0,0,0,0,0,0,0,0,0
2305,全友            ,4000,4000,0,0,0,0,0,0,0,0,0,0,0,0,0,0,0
1806,冠軍            ,29000,29000,0,0,0,0,0,0,0,0,0,0,0,0,0,0,0
2002A,中鋼特          ,0,0,0,0,0,0,0,0,0,0,1000,1000,0,0,0,0,0
8222,寶一            ,1000,1000,0,0,0,0,0,0,0,0,0,0,0,0,0,0,0
9912,偉聯            ,3000,3000,0,0,0,0,0,0,0,0,0,0,0,0,0,0,0
9918,欣天然          ,0,2000,-2000,0,0,0,0,0,0,2000,2000,0,2000,0,0,0,0
6598,ABC-KY          ,108071,83150,24921,0,0,0,0,15000,-15000,-10000,0,10000,-10000,0,0,0,-79
08445P,臺股指麥證9C售03,0,0,0,4000,5000,-1000,0,0,0,-1000,0,0,0,4000,5000,-1000,-1000
08447P,緯穎永豐9C售02  ,0,0,0,0,0,0,0,0,0,-1000,0,0,0,55000,56000,-1000,-1000
08405P,聯發科元大9C售11,0,0,0,0,0,0,0,0,0,-1000,0,0,0,566000,567000,-1000,-1000
1539,巨庭            ,2000,3000,-1000,0,0,0,0,0,0,0,0,0,0,0,0,0,-1000
1558,伸興            ,6000,17000,-11000,0,0,0,0,0,0,10000,10000,0,10000,0,0,0,-1000
1503,士電            ,9000,10000,-1000,0,0,0,0,0,0,0,0,0,0,0,0,0,-1000
1726,永記            ,0,1000,-1000,0,0,0,0,0,0,0,0,0,0,0,0,0,-1000
1236,宏亞            ,1000,2000,-1000,0,0,0,0,0,0,0,0,0,0,0,0,0,-1000
08659P,聯發科統一9C售20,0,0,0,0,0,0,0,0,0,-1000,0,0,0,0,1000,-1000,-1000
06917P,聯電亞東99售01  ,0,0,0,0,0,0,0,0,0,-1000,0,0,0,0,1000,-1000,-1000
06992P,玉晶光日盛9B售01,0,0,0,0,0,0,0,0,0,-1000,0,0,0,0,1000,-1000,-1000
07478P,南電康和9A售02  ,0,0,0,0,0,0,0,0,0,-1000,0,0,0,0,1000,-1000,-1000
07544P,大立光凱基9A售09,0,0,0,0,0,0,0,0,0,-1000,0,0,0,0,1000,-1000,-1000
07545P,玉晶光凱基9A售07,0,0,0,0,0,0,0,0,0,-1000,0,0,0,20000,21000,-1000,-1000
07609P,台灣50國票9C售04,0,0,0,0,0,0,0,0,0,-1000,0,0,0,0,1000,-1000,-1000
07274P,上証2X群益01售01,0,0,0,0,0,0,0,0,0,-1000,0,0,0,0,1000,-1000,-1000
07326P,大立光元大99售23,0,0,0,0,0,0,0,0,0,-1000,0,0,0,0,1000,-1000,-1000
07249P,T50正2富邦03售02,0,0,0,0,0,0,0,0,0,-1000,0,0,0,0,1000,-1000,-1000
07790P,台灣50元大9A售19,0,0,0,0,0,0,0,0,0,-1000,0,0,0,0,1000,-1000,-1000
07900P,臺股指凱基9B售03,0,0,0,0,0,0,0,0,0,-1000,0,0,0,0,1000,-1000,-1000
07925P,台積電凱基9B售05,0,0,0,0,0,0,0,0,0,-1000,0,0,0,0,1000,-1000,-1000
08068P,宏達電國泰9C售01,0,0,0,0,0,0,0,0,0,-1000,0,0,0,142000,143000,-1000,-1000
08069P,大立光國泰01售02,0,0,0,0,0,0,0,0,0,-1000,0,0,0,50000,51000,-1000,-1000
064882,同欣電兆豐9C購01,0,0,0,0,0,0,0,0,0,-1000,0,0,0,0,1000,-1000,-1000
065418,緯創國票01購01  ,0,0,0,0,0,0,0,0,0,-1000,0,0,0,37000,38000,-1000,-1000
065335,玉晶光台新9C購03,0,0,0,0,0,0,0,0,0,-1000,0,0,0,768000,769000,-1000,-1000
065716,道瓊反中信03購01,0,0,0,0,0,0,0,0,0,-1000,0,0,0,0,1000,-1000,-1000
065595,鴻海元大9C購15  ,0,0,0,0,0,0,0,0,0,-1000,0,0,0,107000,108000,-1000,-1000
06722P,臺股指中信9A售04,0,0,0,0,0,0,0,0,0,-1000,0,0,0,0,1000,-1000,-1000
06610P,台積電凱基9A售03,0,0,0,0,0,0,0,0,0,-1000,0,0,0,0,1000,-1000,-1000
065918,可成凱基01購01  ,0,0,0,0,0,0,0,0,0,-1000,0,0,0,0,1000,-1000,-1000
066012,友訊元富01購01  ,0,0,0,0,0,0,0,0,0,-1000,0,0,0,0,1000,-1000,-1000
061128,大立光永豐9A購02,0,0,0,0,0,0,0,0,0,-1000,0,0,0,0,1000,-1000,-1000
061085,聯茂兆豐9A購01  ,0,0,0,0,0,0,0,0,0,-1000,0,0,0,215000,216000,-1000,-1000
06118P,上証2X凱基98售03,0,0,0,0,0,0,0,0,0,-1000,0,0,0,0,1000,-1000,-1000
061191,可成永豐9A購02  ,0,0,0,0,0,0,0,0,0,-1000,0,0,0,0,1000,-1000,-1000
061254,道瓊反凱基9A購02,0,0,0,0,0,0,0,0,0,-1000,0,0,0,0,1000,-1000,-1000
057492,大立光元大98購18,0,0,0,0,0,0,0,0,0,-1000,0,0,0,0,1000,-1000,-1000
057315,台灣50康和9A購03,0,0,0,0,0,0,0,0,0,-1000,0,0,0,0,1000,-1000,-1000
057764,台表科凱基9A購01,0,0,0,0,0,0,0,0,0,-1000,0,0,0,75000,76000,-1000,-1000
057596,聯茂兆豐99購01  ,0,0,0,0,0,0,0,0,0,-1000,0,0,0,1000,2000,-1000,-1000
057587,微星國票99購01  ,0,0,0,0,0,0,0,0,0,-1000,0,0,0,0,1000,-1000,-1000
058009,智易國票99購01  ,0,0,0,0,0,0,0,0,0,-1000,0,0,0,37000,38000,-1000,-1000
056333,台積電日盛9B購01,0,0,0,0,0,0,0,0,0,-1000,0,0,0,0,1000,-1000,-1000
05714P,群創統一97售03  ,0,0,0,0,0,0,0,0,0,-1000,0,0,0,0,1000,-1000,-1000
056193,聯發科富邦99購08,0,0,0,0,0,0,0,0,0,-1000,0,0,0,1000,2000,-1000,-1000
056646,奇鋐凱基99購02  ,0,0,0,0,0,0,0,0,0,-1000,0,0,0,0,1000,-1000,-1000
056611,國巨永豐98購03  ,0,0,0,0,0,0,0,0,0,-1000,0,0,0,0,1000,-1000,-1000
056621,宏達電永豐98購01,0,0,0,0,0,0,0,0,0,-1000,0,0,0,6000,7000,-1000,-1000
056501,貿聯富邦99購01  ,0,0,0,0,0,0,0,0,0,-1000,0,0,0,0,1000,-1000,-1000
056351,鴻海元大98購06  ,0,0,0,0,0,0,0,0,0,-1000,0,0,0,0,1000,-1000,-1000
056770,國產元大98購02  ,0,0,0,0,0,0,0,0,0,-1000,0,0,0,320000,321000,-1000,-1000
055037,宏盛富邦99購01  ,0,0,0,0,0,0,0,0,0,-1000,0,0,0,0,1000,-1000,-1000
056804,T50反1統一9A購03,0,0,0,0,0,0,0,0,0,-1000,0,0,0,0,1000,-1000,-1000
056869,國巨日盛99購03  ,0,0,0,0,0,0,0,0,0,-1000,0,0,0,0,1000,-1000,-1000
055381,茂林元大97購02  ,0,0,0,0,0,0,0,0,0,-1000,0,0,0,15000,16000,-1000,-1000
055411,國巨富邦9A購02  ,0,0,0,0,0,0,0,0,0,-1000,0,0,0,0,1000,-1000,-1000
055160,玉晶光元大99購03,0,0,0,0,0,0,0,0,0,-1000,0,0,0,0,1000,-1000,-1000
053181,滬深2X元富99購02,0,0,0,0,0,0,0,0,0,-1000,0,0,0,0,1000,-1000,-1000
052659,上証2X國票99購01,0,0,0,0,0,0,0,0,0,-1000,0,0,0,2000,3000,-1000,-1000
03419B,臺股指元富99熊03,0,0,0,0,0,0,0,0,0,-1000,0,0,0,0,1000,-1000,-1000
03039X,元展36          ,0,0,0,0,0,0,0,0,0,-1000,0,0,0,0,1000,-1000,-1000
03685C,臺股指元大9B牛43,0,0,0,0,0,0,0,0,0,-1000,0,0,0,0,1000,-1000,-1000
03678C,臺股指凱基01牛02,0,0,0,0,0,0,0,0,0,-1000,0,0,0,16000,17000,-1000,-1000
00682U,元大美元指數    ,0,0,0,0,0,0,0,0,0,-1000,0,0,0,0,1000,-1000,-1000
006204,永豐臺灣加權    ,0,0,0,0,0,0,0,0,0,-1000,0,0,0,1000,2000,-1000,-1000
062167,燿華永豐9B購01  ,0,0,0,0,0,0,0,0,0,-1000,0,0,0,0,1000,-1000,-1000
062135,國巨群益9B購05  ,0,0,0,0,0,0,0,0,0,-1000,0,0,0,0,1000,-1000,-1000
062058,瑞昱統一01購01  ,0,0,0,0,0,0,0,0,0,-1000,0,0,0,84000,85000,-1000,-1000
061941,道瓊指群益9B購01,0,0,0,0,0,0,0,0,0,-1000,0,0,0,0,1000,-1000,-1000
060824,旺宏元大9A購06  ,0,0,0,0,0,0,0,0,0,-1000,0,0,0,50000,51000,-1000,-1000
061810,S&P反1群益9B購02,0,0,0,0,0,0,0,0,0,-1000,0,0,0,0,1000,-1000,-1000
060526,台積電中信9A購02,0,0,0,0,0,0,0,0,0,-1000,0,0,0,1000,2000,-1000,-1000
059727,大立光元大9A購01,0,0,0,0,0,0,0,0,0,-1000,0,0,0,0,1000,-1000,-1000
059968,世紀鋼凱基99購03,0,0,0,0,0,0,0,0,0,-1000,0,0,0,0,1000,-1000,-1000
060075,台積電元富99購05,0,0,0,0,0,0,0,0,0,-1000,0,0,0,0,1000,-1000,-1000
060100,新光金元大9C購01,0,0,0,0,0,0,0,0,0,-1000,0,0,0,209000,210000,-1000,-1000
060055,宏達電凱基99購06,0,0,0,0,0,0,0,0,0,-1000,0,0,0,3000,4000,-1000,-1000
059560,T50反1凱基99購08,0,0,0,0,0,0,0,0,0,-1000,0,0,0,0,1000,-1000,-1000
059239,台積電凱基99購12,0,0,0,0,0,0,0,0,0,-1000,0,0,0,0,1000,-1000,-1000
059490,國巨國票99購09  ,0,0,0,0,0,0,0,0,0,-1000,0,0,0,0,1000,-1000,-1000
058956,健策國票9A購02  ,0,0,0,0,0,0,0,0,0,-1000,0,0,0,10000,11000,-1000,-1000
059198,華新科永豐99購06,0,0,0,0,0,0,0,0,0,-1000,0,0,0,0,1000,-1000,-1000
059031,元石油中信03購01,0,0,0,0,0,0,0,0,0,-1000,0,0,0,0,1000,-1000,-1000
058138,晶相光元大9C購01,0,0,0,0,0,0,0,0,0,-1000,0,0,0,0,1000,-1000,-1000
058527,世紀鋼元大99購01,0,0,0,0,0,0,0,0,0,-1000,0,0,0,0,1000,-1000,-1000
058450,旺宏永豐99購01  ,0,0,0,0,0,0,0,0,0,-1000,0,0,0,0,1000,-1000,-1000
058347,玉晶光群益9B購01,0,0,0,0,0,0,0,0,0,-1000,0,0,0,31000,32000,-1000,-1000
060467,神基元大9A購01  ,0,0,0,0,0,0,0,0,0,-1000,0,0,0,2000,3000,-1000,-1000
061378,南六永豐9A購03  ,0,0,0,0,0,0,0,0,0,-1000,0,0,0,10000,11000,-1000,-1000
061360,智邦兆豐9B購02  ,0,0,0,0,0,0,0,0,0,-1000,0,0,0,95000,96000,-1000,-1000
061438,牧德凱基9B購02  ,0,0,0,0,0,0,0,0,0,-1000,0,0,0,0,1000,-1000,-1000
061436,上銀凱基9A購07  ,0,0,0,0,0,0,0,0,0,-1000,0,0,0,0,1000,-1000,-1000
058665,台灣50群益9B購02,0,0,0,0,0,0,0,0,0,-1000,0,0,0,0,1000,-1000,-1000
058669,上銀群益99購01  ,0,0,0,0,0,0,0,0,0,-1000,0,0,0,2000,3000,-1000,-1000
058712,鴻海統一9B購03  ,0,0,0,0,0,0,0,0,0,-1000,0,0,0,5000,6000,-1000,-1000
058709,臺股指元大9A購22,0,0,0,0,0,0,0,0,0,-1000,0,0,0,0,1000,-1000,-1000
061308,元金2X中信9A購01,0,0,0,0,0,0,0,0,0,-1000,0,0,0,3000,4000,-1000,-1000
058635,華新科兆豐99購03,0,0,0,0,0,0,0,0,0,-1000,0,0,0,0,1000,-1000,-1000
063389,大立光兆豐9C購02,0,0,0,0,0,0,0,0,0,-1000,0,0,0,0,1000,-1000,-1000
063373,晶技永豐9B購02  ,0,0,0,0,0,0,0,0,0,-1000,0,0,0,0,1000,-1000,-1000
06345P,臺股指統一9A售01,0,0,0,0,0,0,0,0,0,-1000,0,0,0,0,1000,-1000,-1000
063447,聯發科統一9B購12,0,0,0,0,0,0,0,0,0,-1000,0,0,0,0,1000,-1000,-1000
062992,聯發科群益9B購09,0,0,0,0,0,0,0,0,0,-1000,0,0,0,10000,11000,-1000,-1000
063138,聯發科統一01購05,0,0,0,0,0,0,0,0,0,-1000,0,0,0,311000,312000,-1000,-1000
06330P,南亞科群益97售03,0,0,0,0,0,0,0,0,0,-1000,0,0,0,0,1000,-1000,-1000
063234,國巨元大9C購03  ,0,0,0,0,0,0,0,0,0,-1000,0,0,0,0,1000,-1000,-1000
063204,高鐵統一9C購01  ,0,0,0,0,0,0,0,0,0,-1000,0,0,0,430000,431000,-1000,-1000
062879,美食兆豐9B購01  ,0,0,0,0,0,0,0,0,0,-1000,0,0,0,19000,20000,-1000,-1000
062709,帆宣元大9B購01  ,0,0,0,0,0,0,0,0,0,-1000,0,0,0,4000,5000,-1000,-1000
062271,華通群益9C購02  ,0,0,0,0,0,0,0,0,0,-1000,0,0,0,1000,2000,-1000,-1000
062452,A50正2群益01購04,0,0,0,0,0,0,0,0,0,-1000,0,0,0,0,1000,-1000,-1000
064579,大立光富邦03購02,0,0,0,0,0,0,0,0,0,-1000,0,0,0,119000,120000,-1000,-1000
064395,華新科永豐9C購02,0,0,0,0,0,0,0,0,0,-1000,0,0,0,0,1000,-1000,-1000
064688,國巨群益9C購11  ,0,0,0,0,0,0,0,0,0,-1000,0,0,0,0,1000,-1000,-1000
064611,亞德客元大9C購02,0,0,0,0,0,0,0,0,0,-1000,0,0,0,0,1000,-1000,-1000
064126,聯發科元大9C購05,0,0,0,0,0,0,0,0,0,-1000,0,0,0,3000,4000,-1000,-1000
063991,南六永豐9C購02  ,0,0,0,0,0,0,0,0,0,-1000,0,0,0,0,1000,-1000,-1000
064267,南六永豐9C購03  ,0,0,0,0,0,0,0,0,0,-1000,0,0,0,0,1000,-1000,-1000
063648,台表科元大9C購05,0,0,0,0,0,0,0,0,0,-1000,0,0,0,7000,8000,-1000,-1000
6579,研揚            ,2000,3000,-1000,0,0,0,0,0,0,0,0,0,0,0,0,0,-1000
6655,科定            ,2000,3000,-1000,0,0,0,0,0,0,0,0,0,0,0,0,0,-1000
6206,飛捷            ,20000,21000,-1000,0,0,0,0,0,0,0,0,0,0,0,0,0,-1000
6164,華興            ,3000,4000,-1000,0,0,0,0,0,0,0,0,0,0,0,0,0,-1000
8473,山林水          ,1000,2000,-1000,0,0,0,0,0,0,0,0,0,0,0,0,0,-1000
8482,商億-KY         ,0,1000,-1000,0,0,0,0,0,0,0,0,0,0,0,0,0,-1000
8101,華冠            ,0,1000,-1000,0,0,0,0,0,0,0,0,0,0,0,0,0,-1000
2008,高興昌          ,0,1000,-1000,0,0,0,0,0,0,0,0,0,0,0,0,0,-1000
2022,聚亨            ,1000,2000,-1000,0,0,0,0,0,0,0,0,0,0,0,0,0,-1000
1906,寶隆            ,0,1000,-1000,0,0,0,0,0,0,0,0,0,0,0,0,0,-1000
2069,運錩            ,0,1000,-1000,0,0,0,0,0,0,0,0,0,0,0,0,0,-1000
2397,友通            ,2000,10000,-8000,0,0,0,0,0,0,7000,7000,0,7000,0,0,0,-1000
2462,良得電          ,1000,2000,-1000,0,0,0,0,0,0,0,0,0,0,0,0,0,-1000
2443,億麗            ,0,1000,-1000,0,0,0,0,0,0,0,0,0,0,0,0,0,-1000
2440,太空梭          ,0,1000,-1000,0,0,0,0,0,0,0,0,0,0,0,0,0,-1000
2712,遠雄來          ,0,1000,-1000,0,0,0,0,0,0,0,0,0,0,0,0,0,-1000
2849,安泰銀          ,0,1000,-1000,0,0,0,0,0,0,0,0,0,0,0,0,0,-1000
2540,愛山林          ,0,1000,-1000,0,0,0,0,0,0,0,0,0,0,0,0,0,-1000
3701,大眾控          ,1000,2000,-1000,0,0,0,0,0,0,0,0,0,0,0,0,0,-1000
5538,東明-KY         ,0,1000,-1000,0,0,0,0,0,0,0,0,0,0,0,0,0,-1000
3528,安馳            ,0,1000,-1000,0,0,0,0,0,0,0,0,0,0,0,0,0,-1000
3296,勝德            ,0,1000,-1000,0,0,0,0,0,0,0,0,0,0,0,0,0,-1000
066003,台表科國票02購02,0,0,0,0,0,0,0,0,0,-2000,0,0,0,0,2000,-2000,-2000
065999,燿華國票02購01  ,0,0,0,0,0,0,0,0,0,-2000,0,0,0,0,2000,-2000,-2000
066069,英業達凱基02購01,0,0,0,0,0,0,0,0,0,-2000,0,0,0,0,2000,-2000,-2000
065889,鴻海統一03購02  ,0,0,0,0,0,0,0,0,0,-2000,0,0,0,0,2000,-2000,-2000
065881,京元電台新9C購01,0,0,0,0,0,0,0,0,0,-2000,0,0,0,0,2000,-2000,-2000
066090,泰鼎永豐01購01  ,0,0,0,0,0,0,0,0,0,-2000,0,0,0,0,2000,-2000,-2000
066071,台光電凱基02購01,0,0,0,0,0,0,0,0,0,-2000,0,0,0,0,2000,-2000,-2000
066078,南電凱基02購02  ,0,0,0,0,0,0,0,0,0,-2000,0,0,0,1000,3000,-2000,-2000
06885P,國巨國票99售06  ,0,0,0,0,0,0,0,0,0,-2000,0,0,0,0,2000,-2000,-2000
06812P,台灣50元富9C售01,0,0,0,0,0,0,0,0,0,-2000,0,0,0,20000,22000,-2000,-2000
06583P,可成凱基98售07  ,0,0,0,0,0,0,0,0,0,-2000,0,0,0,0,2000,-2000,-2000
065415,台積電兆豐9C購05,0,0,0,0,0,0,0,0,0,-2000,0,0,0,92000,94000,-2000,-2000
06496P,台灣50日盛98售01,0,0,0,0,0,0,0,0,0,-2000,0,0,0,0,2000,-2000,-2000
065052,南六凱基02購02  ,0,0,0,0,0,0,0,0,0,-2000,0,0,0,0,2000,-2000,-2000
065130,奇鋐兆豐9C購01  ,0,0,0,0,0,0,0,0,0,-2000,0,0,0,8000,10000,-2000,-2000
08064P,上証2X凱基9C售02,0,0,0,0,0,0,0,0,0,-2000,0,0,0,0,2000,-2000,-2000
08078P,聯發科國票9B售04,0,0,0,0,0,0,0,0,0,-2000,0,0,0,0,2000,-2000,-2000
07902P,玉晶光國票01售01,0,0,0,0,0,0,0,0,0,-2000,0,0,0,9000,11000,-2000,-2000
07966P,瑞祺群益9B售02  ,0,0,0,0,0,0,0,0,0,-2000,0,0,0,0,2000,-2000,-2000
07864P,可成元大9B售01  ,0,0,0,0,0,0,0,0,0,-2000,0,0,0,0,2000,-2000,-2000
07868P,健策元大9B售05  ,0,0,0,0,0,0,0,0,0,-2000,0,0,0,0,2000,-2000,-2000
07772P,華新科國票9A售05,0,0,0,0,0,0,0,0,0,-2000,0,0,0,0,2000,-2000,-2000
07665P,台灣50元大9C售31,0,0,0,0,0,0,0,0,0,-2000,0,0,0,0,2000,-2000,-2000
07626P,台灣50凱基04售07,0,0,0,0,0,0,0,0,0,-2000,0,0,0,0,2000,-2000,-2000
07599P,台灣50凱基04售05,0,0,0,0,0,0,0,0,0,-2000,0,0,0,0,2000,-2000,-2000
07600P,台灣50凱基04售06,0,0,0,0,0,0,0,0,0,-2000,0,0,0,0,2000,-2000,-2000
07510P,台灣50元富04售02,0,0,0,0,0,0,0,0,0,-2000,0,0,0,1000,3000,-2000,-2000
07518P,臺股指元大9B售09,0,0,0,0,0,0,0,0,0,-2000,0,0,0,0,2000,-2000,-2000
07034P,大立光元富99售03,0,0,0,0,0,0,0,0,0,-2000,0,0,0,18000,20000,-2000,-2000
07188P,臺股指台新99售11,0,0,0,0,0,0,0,0,0,-2000,0,0,0,0,2000,-2000,-2000
07171P,臺股指國票99售08,0,0,0,0,0,0,0,0,0,-2000,0,0,0,0,2000,-2000,-2000
08661P,台灣50麥證9C售03,0,0,0,0,2000,-2000,0,0,0,-2000,0,0,0,0,2000,-2000,-2000
08673P,友訊元富01售03  ,0,0,0,0,0,0,0,0,0,-2000,0,0,0,0,2000,-2000,-2000
1110,東泥            ,0,2000,-2000,0,0,0,0,0,0,0,0,0,0,0,0,0,-2000
1256,鮮活果汁-KY     ,0,2000,-2000,0,0,0,0,0,0,0,0,0,0,0,0,0,-2000
1423,利華            ,0,2000,-2000,0,0,0,0,0,0,0,0,0,0,0,0,0,-2000
1324,地球            ,0,2000,-2000,0,0,0,0,0,0,0,0,0,0,0,0,0,-2000
1713,國化            ,0,1000,-1000,0,0,0,0,0,0,-1000,0,1000,-1000,0,0,0,-2000
1616,億泰            ,9000,11000,-2000,0,0,0,0,0,0,0,0,0,0,0,0,0,-2000
1617,榮星            ,7000,9000,-2000,0,0,0,0,0,0,0,0,0,0,0,0,0,-2000
1530,亞崴            ,0,2000,-2000,0,0,0,0,0,0,0,0,0,0,0,0,0,-2000
08401P,玉晶光元富9C售04,0,0,0,0,0,0,0,0,0,-2000,0,0,0,0,2000,-2000,-2000
08350P,臺股指中信9C售06,0,0,0,0,0,0,0,0,0,-2000,0,0,0,0,2000,-2000,-2000
08372P,大立光凱基01售04,0,0,0,0,0,0,0,0,0,-2000,0,0,0,0,2000,-2000,-2000
08458P,南電元大9C售04  ,0,0,0,0,0,0,0,0,0,-2000,0,0,0,0,2000,-2000,-2000
08307P,台積電凱基9C售03,0,0,0,0,0,0,0,0,0,-2000,0,0,0,10000,12000,-2000,-2000
08265P,臺股指元大9C售03,0,0,0,0,0,0,0,0,0,-2000,0,0,0,0,2000,-2000,-2000
00657,國泰日經225     ,0,12000,-12000,0,0,0,0,0,0,10000,0,0,0,112000,102000,10000,-2000
03421B,臺股指元大99熊01,0,0,0,0,0,0,0,0,0,-2000,0,0,0,0,2000,-2000,-2000
055795,茂林國泰98購01  ,0,0,0,0,0,0,0,0,0,-2000,0,0,0,0,2000,-2000,-2000
048505,滬深2X群益99購03,0,0,0,0,0,0,0,0,0,-2000,0,0,0,84000,86000,-2000,-2000
055322,欣興國票97購06  ,0,0,0,0,0,0,0,0,0,-2000,0,0,0,0,2000,-2000,-2000
054931,緯穎凱基98購01  ,0,0,0,0,0,0,0,0,0,-2000,0,0,0,0,2000,-2000,-2000
054758,南亞國票9A購01  ,0,0,0,0,0,0,0,0,0,-2000,0,0,0,1000,3000,-2000,-2000
054353,世紀鋼國泰98購01,0,0,0,0,0,0,0,0,0,-2000,0,0,0,17000,19000,-2000,-2000
056782,鴻海群益98購04  ,0,0,0,0,0,0,0,0,0,-2000,0,0,0,0,2000,-2000,-2000
057250,大立光統一98購08,0,0,0,0,0,0,0,0,0,-2000,0,0,0,0,2000,-2000,-2000
057949,南電國票99購01  ,0,0,0,0,0,0,0,0,0,-2000,0,0,0,0,2000,-2000,-2000
057135,立積凱基98購01  ,0,0,0,0,0,0,0,0,0,-2000,0,0,0,18000,20000,-2000,-2000
057054,立積元大98購03  ,0,0,0,0,0,0,0,0,0,-2000,0,0,0,0,2000,-2000,-2000
057437,可成國票99購01  ,0,0,0,0,0,0,0,0,0,-2000,0,0,0,6000,8000,-2000,-2000
057367,技嘉元大98購02  ,0,0,0,0,0,0,0,0,0,-2000,0,0,0,72000,74000,-2000,-2000
057353,玉晶光統一99購01,0,0,0,0,0,0,0,0,0,-2000,0,0,0,0,2000,-2000,-2000
057331,台積電國票99購04,0,0,0,0,0,0,0,0,0,-2000,0,0,0,1000,3000,-2000,-2000
057343,道瓊反統一9A購01,0,0,0,0,0,0,0,0,0,-2000,0,0,0,0,2000,-2000,-2000
057389,玉晶光永豐98購06,0,0,0,0,0,0,0,0,0,-2000,0,0,0,112000,114000,-2000,-2000
057543,華通凱基99購02  ,0,0,0,0,0,0,0,0,0,-2000,0,0,0,50000,52000,-2000,-2000
061043,百和永豐9A購01  ,0,0,0,0,0,0,0,0,0,-2000,0,0,0,0,2000,-2000,-2000
061319,聯發科凱基9A購16,0,0,0,0,0,0,0,0,0,-2000,0,0,0,10000,12000,-2000,-2000
058576,南亞科群益99購01,0,0,0,0,0,0,0,0,0,-2000,0,0,0,0,2000,-2000,-2000
058724,大立光國泰9B購01,0,0,0,0,0,0,0,0,0,-2000,0,0,0,0,2000,-2000,-2000
058687,聯茂凱基9A購01  ,0,0,0,0,0,0,0,0,0,-2000,0,0,0,60000,62000,-2000,-2000
059341,台積電凱基99購15,0,0,0,0,0,0,0,0,0,-2000,0,0,0,0,2000,-2000,-2000
061497,大立光國票9A購09,0,0,0,0,0,0,0,0,0,-2000,0,0,0,0,2000,-2000,-2000
061544,大毅群益9B購02  ,0,0,0,0,0,0,0,0,0,-2000,0,0,0,0,2000,-2000,-2000
058741,欣興日盛99購01  ,0,0,0,0,0,0,0,0,0,-2000,0,0,0,5000,7000,-2000,-2000
058737,鴻海第一01購01  ,0,0,0,0,0,0,0,0,0,-2000,0,0,0,0,2000,-2000,-2000
058168,國巨凱基9A購04  ,0,0,0,0,0,0,0,0,0,-2000,0,0,0,0,2000,-2000,-2000
059005,嘉晶元大99購06  ,0,0,0,0,0,0,0,0,0,-2000,0,0,0,23000,25000,-2000,-2000
059210,鴻海元大99購26  ,0,0,0,0,0,0,0,0,0,-2000,0,0,0,19000,21000,-2000,-2000
059169,可成凱基99購04  ,0,0,0,0,0,0,0,0,0,-2000,0,0,0,2000,4000,-2000,-2000
059114,華新科永豐99購05,0,0,0,0,0,0,0,0,0,-2000,0,0,0,0,2000,-2000,-2000
059499,滬深2X元富9C購07,0,0,0,0,0,0,0,0,0,-2000,0,0,0,3000,5000,-2000,-2000
059535,玉山金凱基99購01,0,0,0,0,0,0,0,0,0,-2000,0,0,0,1000,3000,-2000,-2000
059424,SGBR2X元大9A購01,0,0,0,0,0,0,0,0,0,-2000,0,0,0,0,2000,-2000,-2000
059246,奇力新凱基9A購02,0,0,0,0,0,0,0,0,0,-2000,0,0,0,0,2000,-2000,-2000
058890,元油2X元大9C購06,0,0,0,0,0,0,0,0,0,-2000,0,0,0,2000,4000,-2000,-2000
059645,祥碩凱基99購05  ,0,0,0,0,0,0,0,0,0,-2000,0,0,0,0,2000,-2000,-2000
059929,華新科富邦9C購03,0,0,0,0,0,0,0,0,0,-2000,0,0,0,0,2000,-2000,-2000
060322,卜蜂群益9A購01  ,0,0,0,0,0,0,0,0,0,-2000,0,0,0,2000,4000,-2000,-2000
05998P,台積電元大97售12,0,0,0,0,0,0,0,0,0,-2000,0,0,0,0,2000,-2000,-2000
060015,國巨康和99購03  ,0,0,0,0,0,0,0,0,0,-2000,0,0,0,3000,5000,-2000,-2000
059710,上証2X元大9C購02,0,0,0,0,0,0,0,0,0,-2000,0,0,0,0,2000,-2000,-2000
060131,GIS永豐99購03   ,0,0,0,0,0,0,0,0,0,-2000,0,0,0,10000,12000,-2000,-2000
061678,玉晶光元大9B購04,0,0,0,0,0,0,0,0,0,-2000,0,0,0,3000,5000,-2000,-2000
061777,臺指反群益9B購01,0,0,0,0,0,0,0,0,0,-2000,0,0,0,0,2000,-2000,-2000
060659,鴻海凱基9B購03  ,0,0,0,0,0,0,0,0,0,-2000,0,0,0,7000,9000,-2000,-2000
058088,鴻海元大9A購01  ,0,0,0,0,0,0,0,0,0,-2000,0,0,0,0,2000,-2000,-2000
058077,超眾凱基98購02  ,0,0,0,0,0,0,0,0,0,-2000,0,0,0,76000,78000,-2000,-2000
062166,致新國泰01購01  ,0,0,0,0,0,0,0,0,0,-2000,0,0,0,4000,6000,-2000,-2000
062191,台郡元大9B購05  ,0,0,0,0,0,0,0,0,0,-2000,0,0,0,264000,266000,-2000,-2000
063942,台積電元大01購03,0,0,0,0,0,0,0,0,0,-2000,0,0,0,22000,24000,-2000,-2000
064276,聯發科元大9C購07,0,0,0,0,0,0,0,0,0,-2000,0,0,0,0,2000,-2000,-2000
063977,義隆兆豐9C購01  ,0,0,0,0,0,0,0,0,0,-2000,0,0,0,0,2000,-2000,-2000
064120,鴻海元大9C購07  ,0,0,0,0,0,0,0,0,0,-2000,0,0,0,9000,11000,-2000,-2000
064106,國巨兆豐9C購04  ,0,0,0,0,0,0,0,0,0,-2000,0,0,0,1000,3000,-2000,-2000
064060,同欣電麥證01購01,0,0,0,0,2000,-2000,0,0,0,-2000,0,0,0,0,2000,-2000,-2000
064852,智邦台新9C購04  ,0,0,0,0,0,0,0,0,0,-2000,0,0,0,86000,88000,-2000,-2000
064877,可成兆豐9C購02  ,0,0,0,0,0,0,0,0,0,-2000,0,0,0,16000,18000,-2000,-2000
064405,美食凱基01購02  ,0,0,0,0,0,0,0,0,0,-2000,0,0,0,0,2000,-2000,-2000
064390,台塑永豐9C購01  ,0,0,0,0,0,0,0,0,0,-2000,0,0,0,0,2000,-2000,-2000
06435P,臺股指群益98售02,0,0,0,0,0,0,0,0,0,-2000,0,0,0,0,2000,-2000,-2000
062442,華新科元大9C購02,0,0,0,0,0,0,0,0,0,-2000,0,0,0,1000,3000,-2000,-2000
062530,大立光統一01購03,0,0,0,0,0,0,0,0,0,-2000,0,0,0,0,2000,-2000,-2000
062542,南電國泰9C購01  ,0,0,0,0,0,0,0,0,0,-2000,0,0,0,57000,59000,-2000,-2000
062378,台表科元大9C購01,0,0,0,0,0,0,0,0,0,-2000,0,0,0,24000,26000,-2000,-2000
062683,可成統一9B購04  ,0,0,0,0,0,0,0,0,0,-2000,0,0,0,0,2000,-2000,-2000
062684,華新科統一01購02,0,0,0,0,0,0,0,0,0,-2000,0,0,0,0,2000,-2000,-2000
062628,廣達國票9B購01  ,0,0,0,0,0,0,0,0,0,-2000,0,0,0,46000,48000,-2000,-2000
062827,神基群益9B購01  ,0,0,0,0,0,0,0,0,0,-2000,0,0,0,49000,51000,-2000,-2000
062959,上証2X元富9B購01,0,0,0,0,0,0,0,0,0,-2000,0,0,0,0,2000,-2000,-2000
06292P,臺股指國票97售06,0,0,0,0,0,0,0,0,0,-2000,0,0,0,0,2000,-2000,-2000
063302,國巨凱基9C購05  ,0,0,0,0,0,0,0,0,0,-2000,0,0,0,4000,6000,-2000,-2000
063314,美律群益9B購01  ,0,0,0,0,0,0,0,0,0,-2000,0,0,0,0,2000,-2000,-2000
063147,東元元富9B購01  ,0,0,0,0,0,0,0,0,0,-2000,0,0,0,0,2000,-2000,-2000
063035,燿華凱基9B購02  ,0,0,0,0,0,0,0,0,0,-2000,0,0,0,13000,15000,-2000,-2000
063466,美食元大9B購02  ,0,0,0,0,0,0,0,0,0,-2000,0,0,0,3000,5000,-2000,-2000
063510,台表科群益9C購01,0,0,0,0,0,0,0,0,0,-2000,0,0,0,120000,122000,-2000,-2000
3432,台端            ,0,2000,-2000,0,0,0,0,0,0,0,0,0,0,0,0,0,-2000
5525,順天            ,0,2000,-2000,0,0,0,0,0,0,0,0,0,0,0,0,0,-2000
5706,鳳凰            ,5000,6000,-1000,0,0,0,0,0,0,-1000,0,1000,-1000,0,0,0,-2000
5283,禾聯碩          ,1000,2000,-1000,0,0,0,0,0,0,-1000,0,1000,-1000,0,0,0,-2000
2545,皇翔            ,8000,10000,-2000,0,0,0,0,0,0,0,0,0,0,0,0,0,-2000
2630,亞航            ,0,2000,-2000,0,0,0,0,0,0,0,0,0,0,0,0,0,-2000
2380,虹光            ,0,2000,-2000,0,0,0,0,0,0,0,0,0,0,0,0,0,-2000
2033,佳大            ,0,1000,-1000,0,0,0,0,0,0,-1000,0,1000,-1000,0,0,0,-2000
1805,寶徠            ,0,2000,-2000,0,0,0,0,0,0,0,0,0,0,0,0,0,-2000
8210,勤誠            ,115000,116000,-1000,0,0,0,0,0,0,-1000,0,0,0,0,1000,-1000,-2000
8488,吉源-KY         ,0,2000,-2000,0,0,0,0,0,0,0,0,0,0,0,0,0,-2000
9908,大台北          ,3000,4000,-1000,0,0,0,0,0,0,-1000,0,1000,-1000,0,0,0,-2000
9103,美德醫療-DR     ,2000,4000,-2000,0,0,0,0,0,0,0,0,0,0,0,0,0,-2000
6216,居易            ,0,1000,-1000,0,0,0,0,0,0,-1000,0,1000,-1000,0,0,0,-2000
6666,羅麗芬-KY       ,0,2000,-2000,0,0,0,0,0,0,0,0,0,0,0,0,0,-2000
6581,鋼聯            ,0,1000,-1000,0,0,0,0,0,0,-1000,0,1000,-1000,0,0,0,-2000
9942,茂順            ,5000,5000,0,0,0,0,0,0,0,-2000,0,2000,-2000,0,0,0,-2000
9927,泰銘            ,0,0,0,0,0,0,0,0,0,-2000,0,2000,-2000,0,0,0,-2000
9931,欣高            ,0,2000,-2000,0,0,0,0,0,0,0,0,0,0,0,0,0,-2000
08293P,國巨元大9C售13  ,0,0,0,0,0,0,0,0,0,-3000,0,0,0,0,3000,-3000,-3000
08410P,臺股指元大9C售16,0,0,0,0,0,0,0,0,0,-3000,0,0,0,0,3000,-3000,-3000
1525,江申            ,0,3000,-3000,0,0,0,0,0,0,0,0,0,0,0,0,0,-3000
1465,偉全            ,0,3000,-3000,0,0,0,0,0,0,0,0,0,0,0,0,0,-3000
1443,立益            ,0,3000,-3000,0,0,0,0,0,0,0,0,0,0,0,0,0,-3000
1337,再生-KY         ,33000,36000,-3000,0,0,0,0,0,0,0,0,0,0,0,0,0,-3000
1432,大魯閣          ,0,3000,-3000,0,0,0,0,0,0,0,0,0,0,0,0,0,-3000
08680P,聯發科元大01售10,0,0,0,0,0,0,0,0,0,-3000,0,0,0,0,3000,-3000,-3000
08559P,瑞昱國票9C售01  ,0,0,0,0,0,0,0,0,0,-3000,0,0,0,12000,15000,-3000,-3000
07065P,臺股指元大9A售26,0,0,0,0,0,0,0,0,0,-3000,0,0,0,20000,23000,-3000,-3000
06938P,南電元大98售03  ,0,0,0,0,0,0,0,0,0,-3000,0,0,0,50000,53000,-3000,-3000
07266P,大立光元大99售19,0,0,0,0,0,0,0,0,0,-3000,0,0,0,0,3000,-3000,-3000
07415P,台積電元大99售52,0,0,0,0,0,0,0,0,0,-3000,0,0,0,10000,13000,-3000,-3000
07702P,台積電中信9A售06,0,0,0,0,0,0,0,0,0,-3000,0,0,0,0,3000,-3000,-3000
07805P,義隆永豐9A售02  ,0,0,0,0,0,0,0,0,0,-3000,0,0,0,0,3000,-3000,-3000
07972P,大立光統一9C售05,0,0,0,0,0,0,0,0,0,-3000,0,0,0,50000,53000,-3000,-3000
08080P,祥碩國票9B售03  ,0,0,0,0,0,0,0,0,0,-3000,0,0,0,0,3000,-3000,-3000
08095P,大立光元富9B售03,0,0,0,0,0,0,0,0,0,-3000,0,0,0,279000,282000,-3000,-3000
065373,聯發科元大01購03,0,0,0,0,0,0,0,0,0,-3000,0,0,0,0,3000,-3000,-3000
065437,台表科凱基9C購03,0,0,0,0,0,0,0,0,0,-3000,0,0,0,0,3000,-3000,-3000
065330,億豐凱基9C購03  ,0,0,0,0,0,0,0,0,0,-3000,0,0,0,0,3000,-3000,-3000
065317,上銀凱基9C購03  ,0,0,0,0,0,0,0,0,0,-3000,0,0,0,47000,50000,-3000,-3000
065797,臺指反群益9C購02,0,0,0,0,0,0,0,0,0,-3000,0,0,0,0,3000,-3000,-3000
065684,超眾統一03購01  ,0,0,0,0,0,0,0,0,0,-3000,0,0,0,0,3000,-3000,-3000
065633,聯發科國票01購02,0,0,0,0,0,0,0,0,0,-3000,0,0,0,5000,8000,-3000,-3000
06806P,臺股指群益98售12,0,0,0,0,0,0,0,0,0,-3000,0,0,0,1000,4000,-3000,-3000
06782P,大立光元大99售07,0,0,0,0,0,0,0,0,0,-3000,0,0,0,0,3000,-3000,-3000
066037,華通元大01購03  ,0,0,0,0,0,0,0,0,0,-3000,0,0,0,9000,12000,-3000,-3000
056165,矽力凱基98購02  ,0,0,0,0,0,0,0,0,0,-3000,0,0,0,7000,10000,-3000,-3000
056271,嘉澤統一97購01  ,0,0,0,0,0,0,0,0,0,-3000,0,0,0,73000,76000,-3000,-3000
056345,嘉聯益凱基99購01,0,0,0,0,0,0,0,0,0,-3000,0,0,0,10000,13000,-3000,-3000
054786,全新群益99購02  ,0,0,0,0,0,0,0,0,0,-3000,0,0,0,2000,5000,-3000,-3000
055232,泰碩國票98購01  ,0,0,0,0,0,0,0,0,0,-3000,0,0,0,2000,5000,-3000,-3000
055485,國巨元大97購09  ,0,0,0,0,0,0,0,0,0,-3000,0,0,0,0,3000,-3000,-3000
056978,技嘉群益99購01  ,0,0,0,0,0,0,0,0,0,-3000,0,0,0,0,3000,-3000,-3000
056984,嘉晶群益98購01  ,0,0,0,0,0,0,0,0,0,-3000,0,0,0,7000,10000,-3000,-3000
048070,聯發科元富99購03,0,0,0,0,0,0,0,0,0,-3000,0,0,0,2000,5000,-3000,-3000
053744,台郡國票97購03  ,0,0,0,0,0,0,0,0,0,-3000,0,0,0,7000,10000,-3000,-3000
053194,緯穎統一99購01  ,0,0,0,0,0,0,0,0,0,-3000,0,0,0,0,3000,-3000,-3000
00711B,FH彭博新興債    ,0,0,0,0,0,0,0,0,0,-3000,0,0,0,100000,103000,-3000,-3000
02001L,富邦蘋果正二N   ,0,0,0,0,0,0,0,0,0,-3000,0,0,0,1000,4000,-3000,-3000
062197,聯發科中信01購03,0,0,0,0,0,0,0,0,0,-3000,0,0,0,8000,11000,-3000,-3000
062200,臺指反國票03購01,0,0,0,0,0,0,0,0,0,-3000,0,0,0,79000,82000,-3000,-3000
062053,華通統一9C購02  ,0,0,0,0,0,0,0,0,0,-3000,0,0,0,0,3000,-3000,-3000
061916,元金2X凱基02購01,0,0,0,0,0,0,0,0,0,-3000,0,0,0,0,3000,-3000,-3000
060708,康友富邦9B購01  ,0,0,0,0,0,0,0,0,0,-3000,0,0,0,0,3000,-3000,-3000
060769,國巨麥證9A購02  ,0,0,0,0,4000,-4000,0,0,0,-3000,0,0,0,1000,4000,-3000,-3000
061776,晶技國票9B購01  ,0,0,0,0,0,0,0,0,0,-3000,0,0,0,2000,5000,-3000,-3000
06165P,臺股指凱基9A售03,0,0,0,0,0,0,0,0,0,-3000,0,0,0,0,3000,-3000,-3000
061683,台灣50群益9B購09,0,0,0,0,0,0,0,0,0,-3000,0,0,0,0,3000,-3000,-3000
060397,群創國票9A購01  ,0,0,0,0,0,0,0,0,0,-3000,0,0,0,0,3000,-3000,-3000
059990,健策元大9A購01  ,0,0,0,0,0,0,0,0,0,-3000,0,0,0,7000,10000,-3000,-3000
058835,元油2X中信9C購02,0,0,0,0,0,0,0,0,0,-3000,0,0,0,0,3000,-3000,-3000
058744,FBVIX凱基9C購03 ,0,0,0,0,0,0,0,0,0,-3000,0,0,0,0,3000,-3000,-3000
058112,神達元富98購01  ,0,0,0,0,0,0,0,0,0,-3000,0,0,0,103000,106000,-3000,-3000
058245,訊連元大99購01  ,0,0,0,0,0,0,0,0,0,-3000,0,0,0,22000,25000,-3000,-3000
061571,奇力新元大9A購03,0,0,0,0,0,0,0,0,0,-3000,0,0,0,0,3000,-3000,-3000
061594,玉晶光永豐9A購08,0,0,0,0,0,0,0,0,0,-3000,0,0,0,0,3000,-3000,-3000
061741,新光金凱基9B購01,0,0,0,0,0,0,0,0,0,-3000,0,0,0,0,3000,-3000,-3000
061725,國巨麥證9A購05  ,0,0,0,7000,11000,-4000,0,0,0,-3000,0,0,0,8000,11000,-3000,-3000
060222,貿聯凱基9A購02  ,0,0,0,0,0,0,0,0,0,-3000,0,0,0,17000,20000,-3000,-3000
063338,國巨統一9C購11  ,0,0,0,0,0,0,0,0,0,-3000,0,0,0,2000,5000,-3000,-3000
063031,鴻海凱基9C購01  ,0,0,0,0,0,0,0,0,0,-3000,0,0,0,8000,11000,-3000,-3000
063088,緯穎凱基9B購04  ,0,0,0,0,0,0,0,0,0,-3000,0,0,0,0,3000,-3000,-3000
063294,美律麥證9B購01  ,0,0,0,50000,53000,-3000,0,0,0,-3000,0,0,0,50000,53000,-3000,-3000
063173,矽格中信9B購01  ,0,0,0,0,0,0,0,0,0,-3000,0,0,0,59000,62000,-3000,-3000
063235,台積電元大9B購06,0,0,0,0,0,0,0,0,0,-3000,0,0,0,0,3000,-3000,-3000
062387,健策國泰01購01  ,0,0,0,0,0,0,0,0,0,-3000,0,0,0,33000,36000,-3000,-3000
062376,中租元大9B購02  ,0,0,0,0,0,0,0,0,0,-3000,0,0,0,45000,48000,-3000,-3000
062344,力山群益9B購02  ,0,0,0,0,0,0,0,0,0,-3000,0,0,0,0,3000,-3000,-3000
064334,可成元大01購01  ,0,0,0,0,0,0,0,0,0,-3000,0,0,0,18000,21000,-3000,-3000
064455,美食統一01購03  ,0,0,0,0,0,0,0,0,0,-3000,0,0,0,0,3000,-3000,-3000
063979,健鼎兆豐9C購01  ,0,0,0,0,0,0,0,0,0,-3000,0,0,0,10000,13000,-3000,-3000
063957,臻鼎元大9C購01  ,0,0,0,0,0,0,0,0,0,-3000,0,0,0,92000,95000,-3000,-3000
063891,國巨群益9C購07  ,0,0,0,0,0,0,0,0,0,-3000,0,0,0,7000,10000,-3000,-3000
063827,國巨國票02購01  ,0,0,0,0,0,0,0,0,0,-3000,0,0,0,25000,28000,-3000,-3000
9937,全國            ,0,3000,-3000,0,0,0,0,0,0,0,0,0,0,0,0,0,-3000
912000,晨訊科-DR       ,0,3000,-3000,0,0,0,0,0,0,0,0,0,0,0,0,0,-3000
8940,新天地          ,2000,5000,-3000,0,0,0,0,0,0,0,0,0,0,0,0,0,-3000
8367,建新國際        ,3000,6000,-3000,0,0,0,0,0,0,0,0,0,0,0,0,0,-3000
2038,海光            ,1000,4000,-3000,0,0,0,0,0,0,0,0,0,0,0,0,0,-3000
2032,新鋼            ,1000,4000,-3000,0,0,0,0,0,0,0,0,0,0,0,0,0,-3000
2115,六暉-KY         ,0,3000,-3000,0,0,0,0,0,0,0,0,0,0,0,0,0,-3000
2444,兆勁            ,34000,37000,-3000,0,0,0,0,0,0,0,0,0,0,0,0,0,-3000
2483,百容            ,0,3000,-3000,0,0,0,0,0,0,0,0,0,0,0,0,0,-3000
5225,東科-KY         ,93000,96000,-3000,0,0,0,0,0,0,0,0,0,0,0,0,0,-3000
6139,亞翔            ,155000,158000,-3000,0,0,0,0,0,0,0,0,0,0,0,0,0,-3000
4439,冠星-KY         ,0,3000,-3000,0,0,0,0,0,0,0,0,0,0,0,0,0,-3000
3518,柏騰            ,78000,81000,-3000,0,0,0,0,0,0,0,0,0,0,0,0,0,-3000
3593,力銘            ,1000,4000,-3000,0,0,0,0,0,0,0,0,0,0,0,0,0,-3000
3266,昇陽            ,2000,5000,-3000,0,0,0,0,0,0,0,0,0,0,0,0,0,-3000
066056,聯鈞元大01購02  ,0,0,0,0,0,0,0,0,0,-4000,0,0,0,0,4000,-4000,-4000
06839P,玉晶光統一9A售05,0,0,0,0,0,0,0,0,0,-4000,0,0,0,0,4000,-4000,-4000
06556P,臺股指元大99售08,0,0,0,0,0,0,0,0,0,-4000,0,0,0,0,4000,-4000,-4000
065544,和大兆豐01購01  ,0,0,0,0,0,0,0,0,0,-4000,0,0,0,17000,21000,-4000,-4000
065290,奇鋐群益9C購01  ,0,0,0,0,0,0,0,0,0,-4000,0,0,0,6000,10000,-4000,-4000
07617P,聯發科中信9C售04,0,0,0,0,0,0,0,0,0,-4000,0,0,0,0,4000,-4000,-4000
07418P,聯發科元大99售45,0,0,0,0,0,0,0,0,0,-4000,0,0,0,0,4000,-4000,-4000
07395P,台積電群益99售13,0,0,0,0,0,0,0,0,0,-4000,0,0,0,0,4000,-4000,-4000
07363P,大立光元大99售26,0,0,0,0,0,0,0,0,0,-4000,0,0,0,0,4000,-4000,-4000
07527P,台灣50凱基9B售02,0,0,0,0,0,0,0,0,0,-4000,0,0,0,204000,208000,-4000,-4000
07035P,大立光元富99售04,0,0,0,0,0,0,0,0,0,-4000,0,0,0,86000,90000,-4000,-4000
07134P,臺股指元大9A售28,0,0,0,0,0,0,0,0,0,-4000,0,0,0,0,4000,-4000,-4000
1456,怡華            ,1000,5000,-4000,0,0,0,0,0,0,0,0,0,0,0,0,0,-4000
1468,昶和            ,1000,5000,-4000,0,0,0,0,0,0,0,0,0,0,0,0,0,-4000
1516,川飛            ,0,4000,-4000,0,0,0,0,0,0,0,0,0,0,0,0,0,-4000
1735,日勝化          ,0,4000,-4000,0,0,0,0,0,0,0,0,0,0,0,0,0,-4000
00851,台新全球AI      ,0,0,0,0,0,0,0,0,0,-4000,0,0,0,6000,10000,-4000,-4000
055904,貿聯亞東99購01  ,0,0,0,0,0,0,0,0,0,-4000,0,0,0,0,4000,-4000,-4000
057907,台達電亞東99購01,0,0,0,0,0,0,0,0,0,-4000,0,0,0,10000,14000,-4000,-4000
057785,智邦國票99購02  ,0,0,0,0,0,0,0,0,0,-4000,0,0,0,6000,10000,-4000,-4000
054103,T50反1凱基99購04,0,0,0,0,0,0,0,0,0,-4000,0,0,0,0,4000,-4000,-4000
056651,聯茂凱基98購04  ,0,0,0,0,0,0,0,0,0,-4000,0,0,0,0,4000,-4000,-4000
056272,嘉澤統一99購01  ,0,0,0,0,0,0,0,0,0,-4000,0,0,0,4000,8000,-4000,-4000
056264,聯發科統一98購02,0,0,0,0,0,0,0,0,0,-4000,0,0,0,0,4000,-4000,-4000
057077,國巨統一98購06  ,0,0,0,0,0,0,0,0,0,-4000,0,0,0,1000,5000,-4000,-4000
057523,大成鋼元大99購01,0,0,0,0,0,0,0,0,0,-4000,0,0,0,1000,5000,-4000,-4000
057415,和碩日盛98購01  ,0,0,0,0,0,0,0,0,0,-4000,0,0,0,0,4000,-4000,-4000
058612,健策元大99購02  ,0,0,0,0,0,0,0,0,0,-4000,0,0,0,25000,29000,-4000,-4000
06148P,台積電元大97售17,0,0,0,0,0,0,0,0,0,-4000,0,0,0,0,4000,-4000,-4000
058749,康控凱基99購03  ,0,0,0,0,0,0,0,0,0,-4000,0,0,0,28000,32000,-4000,-4000
058182,日電貿國泰9A購01,0,0,0,0,0,0,0,0,0,-4000,0,0,0,6000,10000,-4000,-4000
059454,亞光永豐99購01  ,0,0,0,0,0,0,0,0,0,-4000,0,0,0,0,4000,-4000,-4000
059094,臻鼎元大99購03  ,0,0,0,0,0,0,0,0,0,-4000,0,0,0,53000,57000,-4000,-4000
059885,台積電國票99購12,0,0,0,0,0,0,0,0,0,-4000,0,0,0,21000,25000,-4000,-4000
059987,大立光元大99購28,0,0,0,0,0,0,0,0,0,-4000,0,0,0,60000,64000,-4000,-4000
064012,泰碩國票01購02  ,0,0,0,0,0,0,0,0,0,-4000,0,0,0,6000,10000,-4000,-4000
064224,玉晶光國票01購04,0,0,0,0,0,0,0,0,0,-4000,0,0,0,41000,45000,-4000,-4000
064237,奇鋐統一01購01  ,0,0,0,0,0,0,0,0,0,-4000,0,0,0,80000,84000,-4000,-4000
064142,國巨統一9C購13  ,0,0,0,0,0,0,0,0,0,-4000,0,0,0,1000,5000,-4000,-4000
06448P,華通元大99售01  ,0,0,0,0,0,0,0,0,0,-4000,0,0,0,1000,5000,-4000,-4000
064572,同欣電群益9C購02,0,0,0,0,0,0,0,0,0,-4000,0,0,0,95000,99000,-4000,-4000
064791,友達國票9C購01  ,0,0,0,0,0,0,0,0,0,-4000,0,0,0,31000,35000,-4000,-4000
064598,國巨元富9C購03  ,0,0,0,0,0,0,0,0,0,-4000,0,0,0,20000,24000,-4000,-4000
062256,聯發科元大9B購08,0,0,0,0,0,0,0,0,0,-4000,0,0,0,0,4000,-4000,-4000
062512,美食國票9B購01  ,0,0,0,0,0,0,0,0,0,-4000,0,0,0,45000,49000,-4000,-4000
062938,聯發科凱基9B購10,0,0,0,0,0,0,0,0,0,-4000,0,0,0,10000,14000,-4000,-4000
062700,台光電元大9B購05,0,0,0,0,0,0,0,0,0,-4000,0,0,0,47000,51000,-4000,-4000
062704,大毅元大9C購01  ,0,0,0,0,0,0,0,0,0,-4000,0,0,0,1000,5000,-4000,-4000
062770,臺股指凱基9B購14,0,0,0,0,0,0,0,0,0,-4000,0,0,0,0,4000,-4000,-4000
063419,聯發科凱基03購01,0,0,0,0,0,0,0,0,0,-4000,0,0,0,105000,109000,-4000,-4000
2901,欣欣            ,0,4000,-4000,0,0,0,0,0,0,0,0,0,0,0,0,0,-4000
4737,華廣            ,4000,8000,-4000,0,0,0,0,0,0,0,0,0,0,0,0,0,-4000
4912,聯德控股-KY     ,4000,8000,-4000,0,0,0,0,0,0,0,0,0,0,0,0,0,-4000
5533,皇鼎            ,3000,7000,-4000,0,0,0,0,0,0,0,0,0,0,0,0,0,-4000
2613,中櫃            ,2000,8000,-6000,0,0,0,0,0,0,2000,2000,0,2000,0,0,0,-4000
2516,新建            ,1000,5000,-4000,0,0,0,0,0,0,0,0,0,0,0,0,0,-4000
2243,宏旭-KY         ,9000,14000,-5000,0,0,0,0,0,0,1000,1000,0,1000,0,0,0,-4000
2031,新光鋼          ,64000,68000,-4000,0,0,0,0,0,0,0,0,0,0,0,0,0,-4000
2024,志聯            ,0,4000,-4000,0,0,0,0,0,0,0,0,0,0,0,0,0,-4000
9902,台火            ,0,4000,-4000,0,0,0,0,0,0,0,0,0,0,0,0,0,-4000
6625,必應            ,0,3000,-3000,0,0,0,0,0,0,-1000,0,1000,-1000,0,0,0,-4000
9925,新保            ,14000,16000,-2000,0,0,0,0,0,0,-2000,0,2000,-2000,0,0,0,-4000
1732,毛寶            ,99000,104000,-5000,0,0,0,0,0,0,0,0,0,0,0,0,0,-5000
1618,合機            ,4000,9000,-5000,0,0,0,0,0,0,0,0,0,0,0,0,0,-5000
1524,耿鼎            ,3000,8000,-5000,0,0,0,0,0,0,0,0,0,0,0,0,0,-5000
1568,倉佑            ,1000,6000,-5000,0,0,0,0,0,0,0,0,0,0,0,0,0,-5000
1453,大將            ,3000,8000,-5000,0,0,0,0,0,0,0,0,0,0,0,0,0,-5000
08601P,臺股指元大9C售33,0,0,0,0,0,0,0,0,0,-5000,0,0,0,0,5000,-5000,-5000
1234,黑松            ,0,5000,-5000,0,0,0,0,0,0,0,0,0,0,0,0,0,-5000
08385P,臺股指群益9C售13,0,0,0,0,0,0,0,0,0,-5000,0,0,0,5000,10000,-5000,-5000
08481P,臺股指凱基9C售19,0,0,0,0,0,0,0,0,0,-5000,0,0,0,0,5000,-5000,-5000
08284P,鴻海凱基01售03  ,0,0,0,0,0,0,0,0,0,-5000,0,0,0,0,5000,-5000,-5000
08286P,大立光凱基9C售04,0,0,0,0,0,0,0,0,0,-5000,0,0,0,0,5000,-5000,-5000
07067P,旺宏台新99售02  ,0,0,0,0,0,0,0,0,0,-5000,0,0,0,0,5000,-5000,-5000
07161P,臺股指群益99售12,0,0,0,0,0,0,0,0,0,-5000,0,0,0,0,5000,-5000,-5000
07032P,聯發科統一9C售02,0,0,0,0,0,0,0,0,0,-5000,0,0,0,100000,105000,-5000,-5000
06990P,康友元富99售03  ,0,0,0,0,0,0,0,0,0,-5000,0,0,0,0,5000,-5000,-5000
07524P,臺股指中信9B售06,0,0,0,0,0,0,0,0,0,-5000,0,0,0,0,5000,-5000,-5000
07474P,滬深2X群益9C售03,0,0,0,0,0,0,0,0,0,-5000,0,0,0,0,5000,-5000,-5000
07469P,台達電元大9A售01,0,0,0,0,0,0,0,0,0,-5000,0,0,0,0,5000,-5000,-5000
07387P,臺股指群益99售25,0,0,0,0,0,0,0,0,0,-5000,0,0,0,30000,35000,-5000,-5000
07388P,臺股指群益9C售07,0,0,0,0,0,0,0,0,0,-5000,0,0,0,0,5000,-5000,-5000
07235P,T50正2元大9C售02,0,0,0,0,0,0,0,0,0,-5000,0,0,0,0,5000,-5000,-5000
07304P,臺股指元大9A售37,0,0,0,0,0,0,0,0,0,-5000,0,0,0,10000,15000,-5000,-5000
07655P,台灣50凱基01售09,0,0,0,0,0,0,0,0,0,-5000,0,0,0,0,5000,-5000,-5000
07817P,同欣電群益9A售02,0,0,0,0,0,0,0,0,0,-5000,0,0,0,5000,10000,-5000,-5000
07835P,台表科群益9A售02,0,0,0,0,0,0,0,0,0,-5000,0,0,0,95000,100000,-5000,-5000
08088P,義隆凱基9B售03  ,0,0,0,0,0,0,0,0,0,-5000,0,0,0,0,5000,-5000,-5000
07951P,智邦元大9B售05  ,0,0,0,0,0,0,0,0,0,-5000,0,0,0,0,5000,-5000,-5000
065510,鴻海群益01購04  ,0,0,0,0,0,0,0,0,0,-5000,0,0,0,20000,25000,-5000,-5000
064923,牧德統一02購01  ,0,0,0,0,0,0,0,0,0,-5000,0,0,0,0,5000,-5000,-5000
064938,華新科元富9C購01,0,0,0,0,0,0,0,0,0,-5000,0,0,0,5000,10000,-5000,-5000
064952,國泰金凱基9C購01,0,0,0,0,0,0,0,0,0,-5000,0,0,0,0,5000,-5000,-5000
065602,聯發科元大9C購15,0,0,0,0,0,0,0,0,0,-5000,0,0,0,3000,8000,-5000,-5000
065825,鴻海凱基02購02  ,0,0,0,0,0,0,0,0,0,-5000,0,0,0,11000,16000,-5000,-5000
065838,鴻海元大03購01  ,0,0,0,0,0,0,0,0,0,-5000,0,0,0,49000,54000,-5000,-5000
06579P,臺股指麥證98售03,0,0,0,0,5000,-5000,0,0,0,-5000,0,0,0,0,5000,-5000,-5000
06767P,台積電永昌99售03,0,0,0,0,0,0,0,0,0,-5000,0,0,0,0,5000,-5000,-5000
06788P,臺股指元大98售05,0,0,0,0,0,0,0,0,0,-5000,0,0,0,200000,205000,-5000,-5000
066062,同欣電元大01購02,0,0,0,0,0,0,0,0,0,-5000,0,0,0,93000,98000,-5000,-5000
06675P,國巨國票99售02  ,0,0,0,0,0,0,0,0,0,-5000,0,0,0,0,5000,-5000,-5000
06737P,台郡凱基98售07  ,0,0,0,0,0,0,0,0,0,-5000,0,0,0,20000,25000,-5000,-5000
057390,台表科永豐98購01,0,0,0,0,0,0,0,0,0,-5000,0,0,0,15000,20000,-5000,-5000
057557,聯茂凱基99購04  ,0,0,0,0,0,0,0,0,0,-5000,0,0,0,3000,8000,-5000,-5000
060980,台積電元大9A購21,0,0,0,0,0,0,0,0,0,-5000,0,0,0,0,5000,-5000,-5000
060993,健策元大9B購03  ,0,0,0,0,0,0,0,0,0,-5000,0,0,0,19000,24000,-5000,-5000
05750P,臺股指群益99售04,0,0,0,0,0,0,0,0,0,-5000,0,0,0,17000,22000,-5000,-5000
060903,臺指反元大9A購01,0,0,0,0,0,0,0,0,0,-5000,0,0,0,0,5000,-5000,-5000
061228,聯茂中信9A購01  ,0,0,0,0,0,0,0,0,0,-5000,0,0,0,71000,76000,-5000,-5000
061160,瑞祺群益9A購01  ,0,0,0,0,0,0,0,0,0,-5000,0,0,0,0,5000,-5000,-5000
056129,義隆麥證97購01  ,0,0,0,5000,10000,-5000,0,0,0,-5000,0,0,0,5000,10000,-5000,-5000
056226,聯發科凱基97購10,0,0,0,0,0,0,0,0,0,-5000,0,0,0,0,5000,-5000,-5000
056341,宏達電凱基9A購01,0,0,0,0,0,0,0,0,0,-5000,0,0,0,35000,40000,-5000,-5000
056606,華新科富邦9A購02,0,0,0,0,0,0,0,0,0,-5000,0,0,0,0,5000,-5000,-5000
056604,鴻海富邦9A購01  ,0,0,0,0,0,0,0,0,0,-5000,0,0,0,0,5000,-5000,-5000
054976,上証2X元富9A購01,0,0,0,0,0,0,0,0,0,-5000,0,0,0,0,5000,-5000,-5000
057857,牧德國票99購01  ,0,0,0,0,0,0,0,0,0,-5000,0,0,0,0,5000,-5000,-5000
053761,健策國泰98購01  ,0,0,0,0,0,0,0,0,0,-5000,0,0,0,2000,7000,-5000,-5000
053768,S&P反1元大99購01,0,0,0,0,0,0,0,0,0,-5000,0,0,0,0,5000,-5000,-5000
053811,國巨群益98購02  ,0,0,0,0,0,0,0,0,0,-5000,0,0,0,5000,10000,-5000,-5000
055755,禾伸堂兆豐97購02,0,0,0,0,0,0,0,0,0,-5000,0,0,0,94000,99000,-5000,-5000
00706L,元大S&P日圓正2  ,0,0,0,0,0,0,0,0,0,-5000,0,0,0,1000,6000,-5000,-5000
0057,富邦摩台        ,0,0,0,0,0,0,0,0,0,-5000,0,0,0,20000,25000,-5000,-5000
053400,緯穎中信9A購01  ,0,0,0,0,0,0,0,0,0,-5000,0,0,0,0,5000,-5000,-5000
03686C,臺股指元大04牛05,0,0,0,0,0,0,0,0,0,-5000,0,0,0,0,5000,-5000,-5000
03449B,臺股指元大01熊01,0,0,0,0,0,0,0,0,0,-5000,0,0,0,0,5000,-5000,-5000
059961,T50反1凱基99購09,0,0,0,0,0,0,0,0,0,-5000,0,0,0,0,5000,-5000,-5000
060008,華邦電群益9A購01,0,0,0,0,0,0,0,0,0,-5000,0,0,0,0,5000,-5000,-5000
058836,FBVIX中信03購05 ,0,0,0,0,0,0,0,0,0,-5000,0,0,0,0,5000,-5000,-5000
059634,可成凱基99購07  ,0,0,0,0,0,0,0,0,0,-5000,0,0,0,1000,6000,-5000,-5000
059544,創意亞東99購01  ,0,0,0,0,0,0,0,0,0,-5000,0,0,0,0,5000,-5000,-5000
061852,大立光國票9B購02,0,0,0,0,0,0,0,0,0,-5000,0,0,0,0,5000,-5000,-5000
061837,華新科凱基05購02,0,0,0,0,0,0,0,0,0,-5000,0,0,0,10000,15000,-5000,-5000
060805,國巨群益9A購06  ,0,0,0,0,0,0,0,0,0,-5000,0,0,0,0,5000,-5000,-5000
061989,晶技元大9B購04  ,0,0,0,0,0,0,0,0,0,-5000,0,0,0,1000,6000,-5000,-5000
061967,旺宏統一01購04  ,0,0,0,0,0,0,0,0,0,-5000,0,0,0,0,5000,-5000,-5000
062192,南六元大9B購01  ,0,0,0,0,0,0,0,0,0,-5000,0,0,0,4000,9000,-5000,-5000
059493,國巨國票9B購01  ,0,0,0,0,0,0,0,0,0,-5000,0,0,0,0,5000,-5000,-5000
058135,景碩元大99購01  ,0,0,0,0,0,0,0,0,0,-5000,0,0,0,0,5000,-5000,-5000
058525,台虹元大99購02  ,0,0,0,0,0,0,0,0,0,-5000,0,0,0,205000,210000,-5000,-5000
061514,泰碩永豐9A購02  ,0,0,0,0,0,0,0,0,0,-5000,0,0,0,10000,15000,-5000,-5000
061547,禾伸堂群益9A購01,0,0,0,0,0,0,0,0,0,-5000,0,0,0,0,5000,-5000,-5000
061721,道瓊反富邦9B購01,0,0,0,0,0,0,0,0,0,-5000,0,0,0,0,5000,-5000,-5000
061740,華新科凱基03購01,0,0,0,0,0,0,0,0,0,-5000,0,0,0,0,5000,-5000,-5000
061750,台達電台新9B購01,0,0,0,0,0,0,0,0,0,-5000,0,0,0,1000,6000,-5000,-5000
061627,台表科群益9A購01,0,0,0,0,0,0,0,0,0,-5000,0,0,0,0,5000,-5000,-5000
061429,南六元大9A購02  ,0,0,0,0,0,0,0,0,0,-5000,0,0,0,5000,10000,-5000,-5000
061435,元金2X凱基9C購03,0,0,0,0,0,0,0,0,0,-5000,0,0,0,2000,7000,-5000,-5000
061364,國巨國票9A購09  ,0,0,0,0,0,0,0,0,0,-5000,0,0,0,19000,24000,-5000,-5000
059273,臺指反元大9C購03,0,0,0,0,0,0,0,0,0,-5000,0,0,0,0,5000,-5000,-5000
061301,華新科永豐9A購03,0,0,0,0,0,0,0,0,0,-5000,0,0,0,0,5000,-5000,-5000
060226,道瓊反元大9A購01,0,0,0,0,0,0,0,0,0,-5000,0,0,0,0,5000,-5000,-5000
063335,道瓊銀統一9C購01,0,0,0,0,0,0,0,0,0,-5000,0,0,0,0,5000,-5000,-5000
063578,瑞祺元大9B購03  ,0,0,0,0,0,0,0,0,0,-5000,0,0,0,386000,391000,-5000,-5000
063216,元黃金群益9B購02,0,0,0,0,0,0,0,0,0,-5000,0,0,0,0,5000,-5000,-5000
063282,奇力新元大9B購06,0,0,0,0,0,0,0,0,0,-5000,0,0,0,0,5000,-5000,-5000
063098,台灣50群益01購02,0,0,0,0,0,0,0,0,0,-5000,0,0,0,0,5000,-5000,-5000
063070,奇力新富邦01購01,0,0,0,0,0,0,0,0,0,-5000,0,0,0,0,5000,-5000,-5000
062997,嘉晶國票9B購03  ,0,0,0,0,0,0,0,0,0,-5000,0,0,0,0,5000,-5000,-5000
063007,儒鴻元大9B購01  ,0,0,0,0,0,0,0,0,0,-5000,0,0,0,30000,35000,-5000,-5000
062768,南電凱基9B購04  ,0,0,0,0,0,0,0,0,0,-5000,0,0,0,21000,26000,-5000,-5000
062749,元金2X中信9B購01,0,0,0,0,0,0,0,0,0,-5000,0,0,0,0,5000,-5000,-5000
062947,國巨富邦01購01  ,0,0,0,0,0,0,0,0,0,-5000,0,0,0,10000,15000,-5000,-5000
062482,台表科國票9B購01,0,0,0,0,0,0,0,0,0,-5000,0,0,0,0,5000,-5000,-5000
062463,世紀鋼麥證9B購01,0,0,0,0,5000,-5000,0,0,0,-5000,0,0,0,0,5000,-5000,-5000
062547,玉晶光永豐9B購05,0,0,0,0,0,0,0,0,0,-5000,0,0,0,11000,16000,-5000,-5000
062266,世紀鋼元大9B購02,0,0,0,0,0,0,0,0,0,-5000,0,0,0,0,5000,-5000,-5000
06461P,玉晶光國泰9A售01,0,0,0,0,0,0,0,0,0,-5000,0,0,0,0,5000,-5000,-5000
06466P,台積電統一9B售01,0,0,0,0,0,0,0,0,0,-5000,0,0,0,0,5000,-5000,-5000
064723,大立光統一02購04,0,0,0,0,0,0,0,0,0,-5000,0,0,0,35000,40000,-5000,-5000
064733,南六統一9C購03  ,0,0,0,0,0,0,0,0,0,-5000,0,0,0,5000,10000,-5000,-5000
064329,國巨元大01購03  ,0,0,0,0,0,0,0,0,0,-5000,0,0,0,5000,10000,-5000,-5000
063959,GIS元大9C購02   ,0,0,0,0,0,0,0,0,0,-5000,0,0,0,308000,313000,-5000,-5000
6431,光麗-KY         ,0,5000,-5000,0,0,0,0,0,0,0,0,0,0,0,0,0,-5000
8443,阿瘦            ,2000,7000,-5000,0,0,0,0,0,0,0,0,0,0,0,0,0,-5000
2816,旺旺保          ,0,5000,-5000,0,0,0,0,0,0,0,0,0,0,0,0,0,-5000
2706,第一店          ,2000,7000,-5000,0,0,0,0,0,0,0,0,0,0,0,0,0,-5000
5434,崇越            ,173000,156000,17000,0,0,0,0,0,0,-22000,8000,31000,-23000,4000,3000,1000,-5000
4930,燦星網          ,3000,8000,-5000,0,0,0,0,0,0,0,0,0,0,0,0,0,-5000
3383,新世紀          ,0,5000,-5000,0,0,0,0,0,0,0,0,0,0,0,0,0,-5000
3149,正達            ,47000,52000,-5000,0,0,0,0,0,0,0,0,0,0,0,0,0,-5000
06658P,台灣50富邦9C售01,0,0,0,0,0,0,0,0,0,-6000,0,0,0,9000,15000,-6000,-6000
06757P,台灣50元大9B售01,0,0,0,0,0,0,0,0,0,-6000,0,0,0,0,6000,-6000,-6000
065928,創意國票02購01  ,0,0,0,0,0,0,0,0,0,-6000,0,0,0,0,6000,-6000,-6000
065598,微星元大01購02  ,0,0,0,0,0,0,0,0,0,-6000,0,0,0,65000,71000,-6000,-6000
065533,台光電統一02購03,0,0,0,0,0,0,0,0,0,-6000,0,0,0,54000,60000,-6000,-6000
07946P,華通統一9B售02  ,0,0,0,0,0,0,0,0,0,-6000,0,0,0,24000,30000,-6000,-6000
07758P,台積電國票9A售06,0,0,0,0,0,0,0,0,0,-6000,0,0,0,0,6000,-6000,-6000
08225P,臺股指凱基9B售20,0,0,0,0,0,0,0,0,0,-6000,0,0,0,140000,146000,-6000,-6000
08391P,智邦凱基02售02  ,0,0,0,0,0,0,0,0,0,-6000,0,0,0,15000,21000,-6000,-6000
08660P,台灣50麥證9C售02,0,0,0,0,6000,-6000,0,0,0,-6000,0,0,0,0,6000,-6000,-6000
1219,福壽            ,0,6000,-6000,0,0,0,0,0,0,0,0,0,0,0,0,0,-6000
1727,中華化          ,3000,9000,-6000,0,0,0,0,0,0,0,0,0,0,0,0,0,-6000
053411,深中小國票9B購01,0,0,0,0,0,0,0,0,0,-6000,0,0,0,5000,11000,-6000,-6000
057816,欣興元大98購13  ,0,0,0,0,0,0,0,0,0,-6000,0,0,0,14000,20000,-6000,-6000
054679,台積電康和99購01,0,0,0,0,0,0,0,0,0,-6000,0,0,0,1000,7000,-6000,-6000
056419,欣興元富98購02  ,0,0,0,0,0,0,0,0,0,-6000,0,0,0,7000,13000,-6000,-6000
056745,聯茂凱基99購03  ,0,0,0,0,0,0,0,0,0,-6000,0,0,0,2000,8000,-6000,-6000
061122,敬鵬永豐9A購01  ,0,0,0,0,0,0,0,0,0,-6000,0,0,0,106000,112000,-6000,-6000
061168,力成兆豐9A購01  ,0,0,0,0,0,0,0,0,0,-6000,0,0,0,455000,461000,-6000,-6000
057421,智原凱基98購04  ,0,0,0,0,0,0,0,0,0,-6000,0,0,0,103000,109000,-6000,-6000
057605,旺宏統一99購03  ,0,0,0,0,0,0,0,0,0,-6000,0,0,0,0,6000,-6000,-6000
059346,新日興凱基99購03,0,0,0,0,0,0,0,0,0,-6000,0,0,0,0,6000,-6000,-6000
058683,可成凱基9A購01  ,0,0,0,0,0,0,0,0,0,-6000,0,0,0,40000,46000,-6000,-6000
061625,聯茂群益9A購02  ,0,0,0,0,0,0,0,0,0,-6000,0,0,0,76000,82000,-6000,-6000
061619,大立光群益9B購01,0,0,0,0,0,0,0,0,0,-6000,0,0,0,2000,8000,-6000,-6000
058503,鴻海元大99購14  ,0,0,0,0,0,0,0,0,0,-6000,0,0,0,23000,29000,-6000,-6000
061762,台塑元大9B購01  ,0,0,0,0,0,0,0,0,0,-6000,0,0,0,15000,21000,-6000,-6000
058390,樺漢國票9A購01  ,0,0,0,0,0,0,0,0,0,-6000,0,0,0,13000,19000,-6000,-6000
058950,國巨群益99購06  ,0,0,0,0,0,0,0,0,0,-6000,0,0,0,33000,39000,-6000,-6000
062227,南六統一01購02  ,0,0,0,0,0,0,0,0,0,-6000,0,0,0,0,6000,-6000,-6000
062041,華擎凱基9C購01  ,0,0,0,0,0,0,0,0,0,-6000,0,0,0,10000,16000,-6000,-6000
060676,京元電元大9A購03,0,0,0,0,0,0,0,0,0,-6000,0,0,0,290000,296000,-6000,-6000
058828,大毅永豐99購01  ,0,0,0,0,0,0,0,0,0,-6000,0,0,0,12000,18000,-6000,-6000
061663,南六永豐9A購05  ,0,0,0,0,0,0,0,0,0,-6000,0,0,0,0,6000,-6000,-6000
064286,TPK元大9C購02   ,0,0,0,0,0,0,0,0,0,-6000,0,0,0,180000,186000,-6000,-6000
064011,嘉晶國票9C購01  ,0,0,0,0,0,0,0,0,0,-6000,0,0,0,103000,109000,-6000,-6000
064309,聯發科群益9C購07,0,0,0,0,0,0,0,0,0,-6000,0,0,0,91000,97000,-6000,-6000
064498,可成元大01購03  ,0,0,0,0,0,0,0,0,0,-6000,0,0,0,8000,14000,-6000,-6000
062411,玉晶光第一9B購01,0,0,0,0,0,0,0,0,0,-6000,0,0,0,7000,13000,-6000,-6000
062926,嘉澤國票9B購01  ,0,0,0,0,0,0,0,0,0,-6000,0,0,0,5000,11000,-6000,-6000
062864,臺股指國票9B購21,0,0,0,0,0,0,0,0,0,-6000,0,0,0,5000,11000,-6000,-6000
062679,技嘉統一01購01  ,0,0,0,0,0,0,0,0,0,-6000,0,0,0,258000,264000,-6000,-6000
063244,華新科元大9B購11,0,0,0,0,0,0,0,0,0,-6000,0,0,0,0,6000,-6000,-6000
063223,牧德群益9B購04  ,0,0,0,0,0,0,0,0,0,-6000,0,0,0,92000,98000,-6000,-6000
063233,國巨元大9B購19  ,0,0,0,0,0,0,0,0,0,-6000,0,0,0,3000,9000,-6000,-6000
6133,金橋            ,0,6000,-6000,0,0,0,0,0,0,0,0,0,0,0,0,0,-6000
2482,連宇            ,0,6000,-6000,0,0,0,0,0,0,0,0,0,0,0,0,0,-6000
2497,怡利電          ,3000,9000,-6000,0,0,0,0,0,0,0,0,0,0,0,0,0,-6000
2465,麗臺            ,0,6000,-6000,0,0,0,0,0,0,0,0,0,0,0,0,0,-6000
8499,鼎炫-KY         ,38000,44000,-6000,0,0,0,0,0,0,0,0,0,0,0,0,0,-6000
9930,中聯資源        ,7000,13000,-6000,0,0,0,0,0,0,0,0,0,0,0,0,0,-6000
1587,吉茂            ,14000,21000,-7000,0,0,0,0,0,0,0,0,0,0,0,0,0,-7000
1419,新紡            ,2000,9000,-7000,0,0,0,0,0,0,0,0,0,0,0,0,0,-7000
08400P,美律元富9C售02  ,0,0,0,0,0,0,0,0,0,-7000,0,0,0,20000,27000,-7000,-7000
07406P,大立光凱基99售18,0,0,0,0,0,0,0,0,0,-7000,0,0,0,3000,10000,-7000,-7000
07531P,大立光國泰9B售03,0,0,0,0,0,0,0,0,0,-7000,0,0,0,20000,27000,-7000,-7000
07224P,鴻海元大9A售02  ,0,0,0,0,0,0,0,0,0,-7000,0,0,0,0,7000,-7000,-7000
06636P,可成凱基98售08  ,0,0,0,0,0,0,0,0,0,-7000,0,0,0,3000,10000,-7000,-7000
064951,聯發科凱基01購04,0,0,0,0,0,0,0,0,0,-7000,0,0,0,12000,19000,-7000,-7000
064996,T50反1國票01購03,0,0,0,0,0,0,0,0,0,-7000,0,0,0,250000,257000,-7000,-7000
065309,亞光國票01購01  ,0,0,0,0,0,0,0,0,0,-7000,0,0,0,31000,38000,-7000,-7000
065231,宏達電凱基01購01,0,0,0,0,0,0,0,0,0,-7000,0,0,0,53000,60000,-7000,-7000
065192,臺股指統一9C購03,0,0,0,0,0,0,0,0,0,-7000,0,0,0,0,7000,-7000,-7000
061047,大立光第一9A購01,0,0,0,0,0,0,0,0,0,-7000,0,0,0,8000,15000,-7000,-7000
056460,同欣電凱基99購01,0,0,0,0,0,0,0,0,0,-7000,0,0,0,125000,132000,-7000,-7000
056279,新日興富邦99購01,0,0,0,0,0,0,0,0,0,-7000,0,0,0,15000,22000,-7000,-7000
03064X,元展59          ,0,0,0,0,0,0,0,0,0,-7000,0,0,0,0,7000,-7000,-7000
046375,友達凱基98購01  ,0,0,0,0,0,0,0,0,0,-7000,0,0,0,3000,10000,-7000,-7000
05174P,元金2X富邦9B售01,0,0,0,0,0,0,0,0,0,-7000,0,0,0,0,7000,-7000,-7000
06054P,臺股指中信9A售01,0,0,0,0,0,0,0,0,0,-7000,0,0,0,0,7000,-7000,-7000
059708,立積凱基9A購02  ,0,0,0,0,0,0,0,0,0,-7000,0,0,0,3000,10000,-7000,-7000
059923,緯穎元大99購09  ,0,0,0,0,0,0,0,0,0,-7000,0,0,0,10000,17000,-7000,-7000
059907,道瓊指元大99購03,0,0,0,0,0,0,0,0,0,-7000,0,0,0,0,7000,-7000,-7000
060755,鴻海元大9A購15  ,0,0,0,0,0,0,0,0,0,-7000,0,0,0,5000,12000,-7000,-7000
058079,鴻海群益98購08  ,0,0,0,0,0,0,0,0,0,-7000,0,0,0,8000,15000,-7000,-7000
060634,矽創富邦9B購01  ,0,0,0,0,0,0,0,0,0,-7000,0,0,0,5000,12000,-7000,-7000
061836,華新科凱基05購01,0,0,0,0,0,0,0,0,0,-7000,0,0,0,63000,70000,-7000,-7000
061869,智邦元大9B購01  ,0,0,0,0,0,0,0,0,0,-7000,0,0,0,357000,364000,-7000,-7000
062196,聯發科中信01購02,0,0,0,0,0,0,0,0,0,-7000,0,0,0,11000,18000,-7000,-7000
062114,GIS國票9C購01   ,0,0,0,0,0,0,0,0,0,-7000,0,0,0,3000,10000,-7000,-7000
058522,聯茂元大99購07  ,0,0,0,0,0,0,0,0,0,-7000,0,0,0,505000,512000,-7000,-7000
061743,祥碩凱基9B購02  ,0,0,0,0,0,0,0,0,0,-7000,0,0,0,0,7000,-7000,-7000
059320,華新科元大99購15,0,0,0,0,0,0,0,0,0,-7000,0,0,0,3000,10000,-7000,-7000
058616,台虹元大9A購01  ,0,0,0,0,0,0,0,0,0,-7000,0,0,0,623000,630000,-7000,-7000
063562,國巨元大9C購06  ,0,0,0,0,0,0,0,0,0,-7000,0,0,0,0,7000,-7000,-7000
063608,力成凱基9B購03  ,0,0,0,0,0,0,0,0,0,-7000,0,0,0,24000,31000,-7000,-7000
063343,美律統一9C購01  ,0,0,0,0,0,0,0,0,0,-7000,0,0,0,49000,56000,-7000,-7000
062352,南六群益9B購02  ,0,0,0,0,0,0,0,0,0,-7000,0,0,0,3000,10000,-7000,-7000
062468,台積電凱基9B購06,0,0,0,0,0,0,0,0,0,-7000,0,0,0,22000,29000,-7000,-7000
064465,台表科統一01購02,0,0,0,0,0,0,0,0,0,-7000,0,0,0,54000,61000,-7000,-7000
06465P,國巨統一98售04  ,0,0,0,0,0,0,0,0,0,-7000,0,0,0,5000,12000,-7000,-7000
064073,南電永豐9C購01  ,0,0,0,0,0,0,0,0,0,-7000,0,0,0,14000,21000,-7000,-7000
064226,TPK國票01購01   ,0,0,0,0,0,0,0,0,0,-7000,0,0,0,32000,39000,-7000,-7000
2539,櫻花建          ,7000,11000,-4000,0,0,0,0,0,0,-3000,0,3000,-3000,0,0,0,-7000
2302,麗正            ,4000,11000,-7000,0,0,0,0,0,0,0,0,0,0,0,0,0,-7000
3305,昇貿            ,0,7000,-7000,0,0,0,0,0,0,0,0,0,0,0,0,0,-7000
065375,神基元大03購01  ,0,0,0,0,0,0,0,0,0,-8000,0,0,0,0,8000,-8000,-8000
065015,上証2X富邦01購01,0,0,0,0,0,0,0,0,0,-8000,0,0,0,0,8000,-8000,-8000
065090,大立光元大9C購24,0,0,0,0,0,0,0,0,0,-8000,0,0,0,3000,11000,-8000,-8000
06608P,立積群益99售02  ,0,0,0,0,0,0,0,0,0,-8000,0,0,0,102000,110000,-8000,-8000
06700P,臺股指統一99售05,0,0,0,0,0,0,0,0,0,-8000,0,0,0,32000,40000,-8000,-8000
06797P,臺股指凱基98售07,0,0,0,0,0,0,0,0,0,-8000,0,0,0,0,8000,-8000,-8000
066015,健策元富01購01  ,0,0,0,0,0,0,0,0,0,-8000,0,0,0,0,8000,-8000,-8000
066024,金像電群益01購04,0,0,0,0,0,0,0,0,0,-8000,0,0,0,0,8000,-8000,-8000
07587P,台灣50國票9A售11,0,0,0,0,0,0,0,0,0,-8000,0,0,0,32000,40000,-8000,-8000
07392P,台積電國泰02售01,0,0,0,0,0,0,0,0,0,-8000,0,0,0,32000,40000,-8000,-8000
07734P,台積電富邦9C售10,0,0,0,0,0,0,0,0,0,-8000,0,0,0,12000,20000,-8000,-8000
08154P,上銀元富9B售04  ,0,0,0,0,0,0,0,0,0,-8000,0,0,0,12000,20000,-8000,-8000
08333P,大立光富邦02售03,0,0,0,0,0,0,0,0,0,-8000,0,0,0,2000,10000,-8000,-8000
1220,台榮            ,0,8000,-8000,0,0,0,0,0,0,0,0,0,0,0,0,0,-8000
08555P,超眾國票01售01  ,0,0,0,0,0,0,0,0,0,-8000,0,0,0,0,8000,-8000,-8000
1528,恩德            ,6000,14000,-8000,0,0,0,0,0,0,0,0,0,0,0,0,0,-8000
1724,台硝            ,1000,9000,-8000,0,0,0,0,0,0,0,0,0,0,0,0,0,-8000
03425B,臺股指元大9A熊01,0,0,0,0,0,0,0,0,0,-8000,0,0,0,0,8000,-8000,-8000
052890,FB上証群益9B購01,0,0,0,0,0,0,0,0,0,-8000,0,0,0,2000,10000,-8000,-8000
00685L,群益臺灣加權正2 ,0,0,0,0,0,0,0,0,0,-8000,0,0,0,7000,15000,-8000,-8000
03022X,富展01          ,0,0,0,0,0,0,0,0,0,-8000,0,0,0,0,8000,-8000,-8000
055215,智邦凱基98購02  ,0,0,0,0,0,0,0,0,0,-8000,0,0,0,10000,18000,-8000,-8000
056865,樺漢群益98購01  ,0,0,0,0,0,0,0,0,0,-8000,0,0,0,0,8000,-8000,-8000
056331,聯鈞國票99購01  ,0,0,0,0,0,0,0,0,0,-8000,0,0,0,80000,88000,-8000,-8000
060940,國巨國票9B購03  ,0,0,0,0,0,0,0,0,0,-8000,0,0,0,23000,31000,-8000,-8000
061173,T50反1凱基04購01,0,0,0,0,0,0,0,0,0,-8000,0,0,0,0,8000,-8000,-8000
058703,台積電元大99購16,0,0,0,0,0,0,0,0,0,-8000,0,0,0,0,8000,-8000,-8000
058700,鴻海元大99購15  ,0,0,0,0,0,0,0,0,0,-8000,0,0,0,7000,15000,-8000,-8000
061479,泰碩元大9A購02  ,0,0,0,0,0,0,0,0,0,-8000,0,0,0,0,8000,-8000,-8000
058517,景碩元大99購06  ,0,0,0,0,0,0,0,0,0,-8000,0,0,0,4000,12000,-8000,-8000
058547,世紀鋼富邦9A購01,0,0,0,0,0,0,0,0,0,-8000,0,0,0,0,8000,-8000,-8000
058137,玉晶光元大99購11,0,0,0,0,0,0,0,0,0,-8000,0,0,0,0,8000,-8000,-8000
059474,元石油群益99購01,0,0,0,0,0,0,0,0,0,-8000,0,0,0,30000,38000,-8000,-8000
06064P,台積電台新98售01,0,0,0,0,0,0,0,0,0,-8000,0,0,0,0,8000,-8000,-8000
058849,奇力新群益99購02,0,0,0,0,0,0,0,0,0,-8000,0,0,0,0,8000,-8000,-8000
060123,光罩永豐99購02  ,0,0,0,0,0,0,0,0,0,-8000,0,0,0,16000,24000,-8000,-8000
060023,T50反1國泰9A購03,0,0,0,0,0,0,0,0,0,-8000,0,0,0,0,8000,-8000,-8000
060363,美律元富9A購01  ,0,0,0,0,0,0,0,0,0,-8000,0,0,0,127000,135000,-8000,-8000
063683,大成鋼永豐9B購01,0,0,0,0,0,0,0,0,0,-8000,0,0,0,4000,12000,-8000,-8000
064686,鴻海群益01購03  ,0,0,0,0,0,0,0,0,0,-8000,0,0,0,11000,19000,-8000,-8000
064781,嘉晶群益9C購04  ,0,0,0,0,0,0,0,0,0,-8000,0,0,0,85000,93000,-8000,-8000
064837,TPK統一9C購02   ,0,0,0,0,0,0,0,0,0,-8000,0,0,0,0,8000,-8000,-8000
064449,金寶統一01購02  ,0,0,0,0,0,0,0,0,0,-8000,0,0,0,75000,83000,-8000,-8000
064439,大立光凱基03購02,0,0,0,0,0,0,0,0,0,-8000,0,0,0,0,8000,-8000,-8000
062461,智伸科群益9B購01,0,0,0,0,0,0,0,0,0,-8000,0,0,0,0,8000,-8000,-8000
062674,百和中信03購01  ,0,0,0,0,0,0,0,0,0,-8000,0,0,0,10000,18000,-8000,-8000
062767,GIS凱基9B購02   ,0,0,0,0,0,0,0,0,0,-8000,0,0,0,0,8000,-8000,-8000
062967,上銀元富9B購01  ,0,0,0,0,0,0,0,0,0,-8000,0,0,0,107000,115000,-8000,-8000
063526,台光電凱基9B購04,0,0,0,0,0,0,0,0,0,-8000,0,0,0,81000,89000,-8000,-8000
3015,全漢            ,60000,68000,-8000,0,0,0,0,0,0,0,0,0,0,0,0,0,-8000
2010,春源            ,9000,17000,-8000,0,0,0,0,0,0,0,0,0,0,0,0,0,-8000
1809,中釉            ,30000,38000,-8000,0,0,0,0,0,0,0,0,0,0,0,0,0,-8000
2506,太設            ,4000,11000,-7000,0,0,0,0,0,0,-1000,0,1000,-1000,0,0,0,-8000
6449,鈺邦            ,10000,18000,-8000,0,0,0,0,0,0,0,0,0,0,0,0,0,-8000
6183,關貿            ,22000,30000,-8000,0,0,0,0,0,0,0,0,0,0,0,0,0,-8000
1473,台南            ,7000,16000,-9000,0,0,0,0,0,0,0,0,0,0,0,0,0,-9000
1474,弘裕            ,2000,10000,-8000,0,0,0,0,0,0,-1000,0,1000,-1000,0,0,0,-9000
08563P,金像電元富9C售03,0,0,0,0,0,0,0,0,0,-9000,0,0,0,0,9000,-9000,-9000
08599P,台表科元大9C售11,0,0,0,0,0,0,0,0,0,-9000,0,0,0,8000,17000,-9000,-9000
1231,聯華食          ,3000,12000,-9000,0,0,0,0,0,0,0,0,0,0,0,0,0,-9000
1414,東和            ,1000,10000,-9000,0,0,0,0,0,0,0,0,0,0,0,0,0,-9000
08511P,電子類富邦9C售02,0,0,0,0,0,0,0,0,0,-9000,0,0,0,0,9000,-9000,-9000
08491P,全新元大9C售01  ,0,0,0,0,0,0,0,0,0,-9000,0,0,0,0,9000,-9000,-9000
07246P,旺宏凱基99售08  ,0,0,0,0,0,0,0,0,0,-9000,0,0,0,0,9000,-9000,-9000
065920,日月光凱基02購01,0,0,0,0,0,0,0,0,0,-9000,0,0,0,1000,10000,-9000,-9000
06801P,技嘉群益99售02  ,0,0,0,0,0,0,0,0,0,-9000,0,0,0,0,9000,-9000,-9000
065161,矽格群益9C購01  ,0,0,0,0,0,0,0,0,0,-9000,0,0,0,128000,137000,-9000,-9000
065389,聯茂兆豐9C購01  ,0,0,0,0,0,0,0,0,0,-9000,0,0,0,2000,11000,-9000,-9000
060901,臺股指凱基9A購13,0,0,0,0,0,0,0,0,0,-9000,0,0,0,1000,10000,-9000,-9000
056580,泰鼎元大9A購01  ,0,0,0,0,0,0,0,0,0,-9000,0,0,0,1000,10000,-9000,-9000
053827,漢唐麥證9A購01  ,0,0,0,1000,10000,-9000,0,0,0,-9000,0,0,0,1000,10000,-9000,-9000
054928,帆宣凱基98購01  ,0,0,0,0,0,0,0,0,0,-9000,0,0,0,0,9000,-9000,-9000
054259,健策元大97購03  ,0,0,0,0,0,0,0,0,0,-9000,0,0,0,2000,11000,-9000,-9000
05961P,鴻海群益97售01  ,0,0,0,0,0,0,0,0,0,-9000,0,0,0,1000,10000,-9000,-9000
060674,瑞昱元大9A購03  ,0,0,0,0,0,0,0,0,0,-9000,0,0,0,1000,10000,-9000,-9000
062178,上銀元大9B購03  ,0,0,0,0,0,0,0,0,0,-9000,0,0,0,26000,35000,-9000,-9000
059459,訊芯永豐99購04  ,0,0,0,0,0,0,0,0,0,-9000,0,0,0,1000,10000,-9000,-9000
059148,百和國票9A購01  ,0,0,0,0,0,0,0,0,0,-9000,0,0,0,0,9000,-9000,-9000
059023,可成統一9B購02  ,0,0,0,0,0,0,0,0,0,-9000,0,0,0,21000,30000,-9000,-9000
058244,神達元大99購02  ,0,0,0,0,0,0,0,0,0,-9000,0,0,0,233000,242000,-9000,-9000
061524,華通凱基9A購07  ,0,0,0,0,0,0,0,0,0,-9000,0,0,0,145000,154000,-9000,-9000
061283,智邦統一9A購01  ,0,0,0,0,0,0,0,0,0,-9000,0,0,0,88000,97000,-9000,-9000
063520,上銀凱基9B購05  ,0,0,0,0,0,0,0,0,0,-9000,0,0,0,13000,22000,-9000,-9000
063553,同欣電國票9B購03,0,0,0,0,0,0,0,0,0,-9000,0,0,0,88000,97000,-9000,-9000
063092,聯發科中信9B購03,0,0,0,0,0,0,0,0,0,-9000,0,0,0,40000,49000,-9000,-9000
062712,晶技麥證9B購02  ,0,0,0,1000,10000,-9000,0,0,0,-9000,0,0,0,1000,10000,-9000,-9000
063689,可成永豐9B購04  ,0,0,0,0,0,0,0,0,0,-9000,0,0,0,87000,96000,-9000,-9000
063659,世紀鋼元富9B購01,0,0,0,0,0,0,0,0,0,-9000,0,0,0,50000,59000,-9000,-9000
064027,義隆元大9C購01  ,0,0,0,0,0,0,0,0,0,-9000,0,0,0,47000,56000,-9000,-9000
6281,全國電          ,12000,21000,-9000,0,0,0,0,0,0,0,0,0,0,0,0,0,-9000
2702,華園            ,5000,14000,-9000,0,0,0,0,0,0,0,0,0,0,0,0,0,-9000
3164,景岳            ,6000,15000,-9000,0,0,0,0,0,0,0,0,0,0,0,0,0,-9000
2524,京城            ,27000,52628,-25628,0,0,0,0,0,0,16000,17000,1000,16000,0,0,0,-9628
065406,緯穎富邦9C購02  ,0,0,0,0,0,0,0,0,0,-10000,0,0,0,0,10000,-10000,-10000
065509,上銀群益9C購04  ,0,0,0,0,0,0,0,0,0,-10000,0,0,0,0,10000,-10000,-10000
065468,FBVIX元大9C購04 ,0,0,0,0,0,0,0,0,0,-10000,0,0,0,0,10000,-10000,-10000
065128,大成鋼兆豐9C購01,0,0,0,0,0,0,0,0,0,-10000,0,0,0,0,10000,-10000,-10000
065043,新光金凱基02購01,0,0,0,0,0,0,0,0,0,-10000,0,0,0,20000,30000,-10000,-10000
065050,世芯凱基9C購01  ,0,0,0,0,0,0,0,0,0,-10000,0,0,0,10000,20000,-10000,-10000
06498P,臺股指元大9A售03,0,0,0,0,0,0,0,0,0,-10000,0,0,0,0,10000,-10000,-10000
064968,道瓊銀元大01購02,0,0,0,0,0,0,0,0,0,-10000,0,0,0,0,10000,-10000,-10000
064942,道瓊反凱基02購01,0,0,0,0,0,0,0,0,0,-10000,0,0,0,0,10000,-10000,-10000
06891P,緯穎富邦99售03  ,0,0,0,0,0,0,0,0,0,-10000,0,0,0,0,10000,-10000,-10000
06656P,GIS元大98售02   ,0,0,0,0,0,0,0,0,0,-10000,0,0,0,0,10000,-10000,-10000
06671P,台積電群益98售04,0,0,0,0,0,0,0,0,0,-10000,0,0,0,0,10000,-10000,-10000
065861,台汽電元大9C購01,0,0,0,0,0,0,0,0,0,-10000,0,0,0,0,10000,-10000,-10000
065868,燿華群益02購01  ,0,0,0,0,0,0,0,0,0,-10000,0,0,0,129000,139000,-10000,-10000
066004,國巨統一01購11  ,0,0,0,0,0,0,0,0,0,-10000,0,0,0,0,10000,-10000,-10000
066011,華通元富01購01  ,0,0,0,0,0,0,0,0,0,-10000,0,0,0,0,10000,-10000,-10000
065946,鴻海統一03購03  ,0,0,0,0,0,0,0,0,0,-10000,0,0,0,0,10000,-10000,-10000
065942,燿華元富01購01  ,0,0,0,0,0,0,0,0,0,-10000,0,0,0,0,10000,-10000,-10000
065620,金融類元大9C購03,0,0,0,0,0,0,0,0,0,-10000,0,0,0,0,10000,-10000,-10000
065636,台表科國票01購03,0,0,0,0,0,0,0,0,0,-10000,0,0,0,35000,45000,-10000,-10000
065670,華新科凱基01購02,0,0,0,0,0,0,0,0,0,-10000,0,0,0,0,10000,-10000,-10000
065762,台表科元大9C購13,0,0,0,0,0,0,0,0,0,-10000,0,0,0,2000,12000,-10000,-10000
065840,國巨元大03購01  ,0,0,0,0,0,0,0,0,0,-10000,0,0,0,0,10000,-10000,-10000
065808,力成群益9C購02  ,0,0,0,0,0,0,0,0,0,-10000,0,0,0,107000,117000,-10000,-10000
065691,國巨群益9C購16  ,0,0,0,0,0,0,0,0,0,-10000,0,0,0,0,10000,-10000,-10000
065701,聯發科群益9C購13,0,0,0,0,0,0,0,0,0,-10000,0,0,0,0,10000,-10000,-10000
07251P,台灣50元富01售04,0,0,0,0,0,0,0,0,0,-10000,0,0,0,0,10000,-10000,-10000
07276P,臺股指群益99售19,0,0,0,0,0,0,0,0,0,-10000,0,0,0,0,10000,-10000,-10000
07293P,臺股指凱基99售45,0,0,0,0,0,0,0,0,0,-10000,0,0,0,0,10000,-10000,-10000
07538P,玉晶光元富9A售05,0,0,0,0,0,0,0,0,0,-10000,0,0,0,0,10000,-10000,-10000
07064P,臺股指元大9A售25,0,0,0,0,0,0,0,0,0,-10000,0,0,0,0,10000,-10000,-10000
07076P,鴻海凱基9A售08  ,0,0,0,0,0,0,0,0,0,-10000,0,0,0,10000,20000,-10000,-10000
07128P,大毅元大99售04  ,0,0,0,0,0,0,0,0,0,-10000,0,0,0,0,10000,-10000,-10000
07107P,臺股指統一99售07,0,0,0,0,0,0,0,0,0,-10000,0,0,0,0,10000,-10000,-10000
06988P,鴻海元富99售09  ,0,0,0,0,0,0,0,0,0,-10000,0,0,0,0,10000,-10000,-10000
06981P,台灣50麥證99售02,0,0,0,0,10000,-10000,0,0,0,-10000,0,0,0,0,10000,-10000,-10000
06936P,瑞儀元大98售01  ,0,0,0,0,0,0,0,0,0,-10000,0,0,0,0,10000,-10000,-10000
07025P,玉晶光凱基99售01,0,0,0,0,0,0,0,0,0,-10000,0,0,0,0,10000,-10000,-10000
07030P,鈺齊群益99售01  ,0,0,0,0,0,0,0,0,0,-10000,0,0,0,10000,20000,-10000,-10000
06993P,鴻海凱基99售05  ,0,0,0,0,0,0,0,0,0,-10000,0,0,0,0,10000,-10000,-10000
06997P,台灣50中信03售01,0,0,0,0,0,0,0,0,0,-10000,0,0,0,0,10000,-10000,-10000
07006P,旺宏統一9B售03  ,0,0,0,0,0,0,0,0,0,-10000,0,0,0,3000,13000,-10000,-10000
07739P,緯穎永豐9A售01  ,0,0,0,0,0,0,0,0,0,-10000,0,0,0,0,10000,-10000,-10000
07709P,創意元大9A售01  ,0,0,0,0,0,0,0,0,0,-10000,0,0,0,0,10000,-10000,-10000
07666P,台灣50元大9C售32,0,0,0,0,0,0,0,0,0,-10000,0,0,0,0,10000,-10000,-10000
07675P,全新永豐9A售02  ,0,0,0,0,0,0,0,0,0,-10000,0,0,0,0,10000,-10000,-10000
07673P,電子類元大9A售01,0,0,0,0,0,0,0,0,0,-10000,0,0,0,0,10000,-10000,-10000
07785P,鴻海中信04售03  ,0,0,0,0,0,0,0,0,0,-10000,0,0,0,0,10000,-10000,-10000
07799P,南電國票9A售04  ,0,0,0,0,0,0,0,0,0,-10000,0,0,0,0,10000,-10000,-10000
07832P,台積電群益9A售08,0,0,0,0,0,0,0,0,0,-10000,0,0,0,0,10000,-10000,-10000
07863P,華新科凱基9B售07,0,0,0,0,0,0,0,0,0,-10000,0,0,0,15000,25000,-10000,-10000
07850P,健策群益9A售06  ,0,0,0,0,0,0,0,0,0,-10000,0,0,0,0,10000,-10000,-10000
07975P,國巨元大9B售15  ,0,0,0,0,0,0,0,0,0,-10000,0,0,0,0,10000,-10000,-10000
08101P,超眾群益9B售02  ,0,0,0,0,0,0,0,0,0,-10000,0,0,0,0,10000,-10000,-10000
08048P,臺股指國票9B售13,0,0,0,0,0,0,0,0,0,-10000,0,0,0,0,10000,-10000,-10000
08040P,臺股指群益9B售13,0,0,0,0,0,0,0,0,0,-10000,0,0,0,0,10000,-10000,-10000
08025P,臺股指凱基9B售11,0,0,0,0,0,0,0,0,0,-10000,0,0,0,0,10000,-10000,-10000
08518P,世芯群益9C售03  ,0,0,0,0,0,0,0,0,0,-10000,0,0,0,0,10000,-10000,-10000
08433P,臺股指凱基03售01,0,0,0,0,0,0,0,0,0,-10000,0,0,0,0,10000,-10000,-10000
08290P,高鐵統一01售01  ,0,0,0,0,0,0,0,0,0,-10000,0,0,0,0,10000,-10000,-10000
08237P,台積電富邦03售01,0,0,0,0,0,0,0,0,0,-10000,0,0,0,0,10000,-10000,-10000
08245P,台灣50群益9C售05,0,0,0,0,0,0,0,0,0,-10000,0,0,0,0,10000,-10000,-10000
08248P,旺宏群益9C售02  ,0,0,0,0,0,0,0,0,0,-10000,0,0,0,20000,30000,-10000,-10000
08169P,台光電群益9B售04,0,0,0,0,0,0,0,0,0,-10000,0,0,0,0,10000,-10000,-10000
08650P,臺股指元大9C售36,0,0,0,0,0,0,0,0,0,-10000,0,0,0,0,10000,-10000,-10000
08651P,台灣50群益02售05,0,0,0,0,0,0,0,0,0,-10000,0,0,0,0,10000,-10000,-10000
08666P,智邦國票02售01  ,0,0,0,0,0,0,0,0,0,-10000,0,0,0,0,10000,-10000,-10000
054063,聯茂國票97購02  ,0,0,0,0,0,0,0,0,0,-10000,0,0,0,0,10000,-10000,-10000
054756,世紀鋼凱基99購01,0,0,0,0,0,0,0,0,0,-10000,0,0,0,10000,20000,-10000,-10000
054784,順德群益9A購01  ,0,0,0,0,0,0,0,0,0,-10000,0,0,0,0,10000,-10000,-10000
055919,景碩凱基98購02  ,0,0,0,0,0,0,0,0,0,-10000,0,0,0,0,10000,-10000,-10000
056058,建準元大97購02  ,0,0,0,0,0,0,0,0,0,-10000,0,0,0,0,10000,-10000,-10000
055993,致茂國泰99購01  ,0,0,0,0,0,0,0,0,0,-10000,0,0,0,0,10000,-10000,-10000
055421,玉晶光永豐98購04,0,0,0,0,0,0,0,0,0,-10000,0,0,0,10000,20000,-10000,-10000
055388,華通統一97購03  ,0,0,0,0,0,0,0,0,0,-10000,0,0,0,0,10000,-10000,-10000
055182,京鼎統一98購01  ,0,0,0,0,0,0,0,0,0,-10000,0,0,0,0,10000,-10000,-10000
055206,台虹中信97購01  ,0,0,0,0,0,0,0,0,0,-10000,0,0,0,0,10000,-10000,-10000
055525,國巨群益98購05  ,0,0,0,0,0,0,0,0,0,-10000,0,0,0,3000,13000,-10000,-10000
055139,欣興永豐97購01  ,0,0,0,0,0,0,0,0,0,-10000,0,0,0,0,10000,-10000,-10000
057771,鴻海群益99購01  ,0,0,0,0,0,0,0,0,0,-10000,0,0,0,0,10000,-10000,-10000
057807,友訊元大98購02  ,0,0,0,0,0,0,0,0,0,-10000,0,0,0,8000,18000,-10000,-10000
057895,全新元富9B購01  ,0,0,0,0,0,0,0,0,0,-10000,0,0,0,0,10000,-10000,-10000
01001T,土銀富邦R1      ,0,0,0,0,0,0,0,0,0,-10000,0,10000,-10000,0,0,0,-10000
052987,華新科元大99購01,0,0,0,0,0,0,0,0,0,-10000,0,0,0,0,10000,-10000,-10000
052748,群創元大9A購02  ,0,0,0,0,0,0,0,0,0,-10000,0,0,0,0,10000,-10000,-10000
052581,訊芯元富98購01  ,0,0,0,0,0,0,0,0,0,-10000,0,0,0,0,10000,-10000,-10000
052838,新唐國泰98購01  ,0,0,0,0,0,0,0,0,0,-10000,0,0,0,20000,30000,-10000,-10000
052775,滬深2X國票99購02,0,0,0,0,0,0,0,0,0,-10000,0,0,0,0,10000,-10000,-10000
052785,滬深2X中信99購03,0,0,0,0,0,0,0,0,0,-10000,0,0,0,0,10000,-10000,-10000
053344,嘉晶國票97購02  ,0,0,0,0,0,0,0,0,0,-10000,0,0,0,0,10000,-10000,-10000
052400,聯詠凱基97購01  ,0,0,0,0,0,0,0,0,0,-10000,0,0,0,0,10000,-10000,-10000
046383,群創凱基98購01  ,0,0,0,0,0,0,0,0,0,-10000,0,0,0,10000,20000,-10000,-10000
049973,T50反1日盛9A購01,0,0,0,0,0,0,0,0,0,-10000,0,0,0,0,10000,-10000,-10000
050283,T50反1凱基9A購01,0,0,0,0,0,0,0,0,0,-10000,0,0,0,0,10000,-10000,-10000
055714,智邦元大97購03  ,0,0,0,0,0,0,0,0,0,-10000,0,0,0,0,10000,-10000,-10000
055585,國巨元大98購08  ,0,0,0,0,0,0,0,0,0,-10000,0,0,0,0,10000,-10000,-10000
055877,奇鋐元富97購01  ,0,0,0,0,0,0,0,0,0,-10000,0,0,0,0,10000,-10000,-10000
056558,台達電群益98購01,0,0,0,0,0,0,0,0,0,-10000,0,0,0,0,10000,-10000,-10000
056568,台表科群益98購01,0,0,0,0,0,0,0,0,0,-10000,0,0,0,0,10000,-10000,-10000
056544,貿聯凱基98購03  ,0,0,0,0,0,0,0,0,0,-10000,0,0,0,0,10000,-10000,-10000
056582,易華電元大98購01,0,0,0,0,0,0,0,0,0,-10000,0,0,0,0,10000,-10000,-10000
056703,群創國泰9A購01  ,0,0,0,0,0,0,0,0,0,-10000,0,0,0,0,10000,-10000,-10000
056701,國產國泰9A購01  ,0,0,0,0,0,0,0,0,0,-10000,0,0,0,0,10000,-10000,-10000
056480,京鼎元大98購02  ,0,0,0,0,0,0,0,0,0,-10000,0,0,0,37000,47000,-10000,-10000
056488,致新元大99購01  ,0,0,0,0,0,0,0,0,0,-10000,0,0,0,0,10000,-10000,-10000
056650,彩晶凱基9A購01  ,0,0,0,0,0,0,0,0,0,-10000,0,0,0,0,10000,-10000,-10000
056334,台積電凱基98購06,0,0,0,0,0,0,0,0,0,-10000,0,0,0,0,10000,-10000,-10000
057225,華新凱基98購01  ,0,0,0,0,0,0,0,0,0,-10000,0,0,0,29000,39000,-10000,-10000
056253,京鼎兆豐98購01  ,0,0,0,0,0,0,0,0,0,-10000,0,0,0,10000,20000,-10000,-10000
057078,國巨統一9A購02  ,0,0,0,0,0,0,0,0,0,-10000,0,0,0,0,10000,-10000,-10000
057055,立積元大99購01  ,0,0,0,0,0,0,0,0,0,-10000,0,0,0,50000,60000,-10000,-10000
057052,華擎元大98購01  ,0,0,0,0,0,0,0,0,0,-10000,0,0,0,0,10000,-10000,-10000
061012,國巨麥證9A購03  ,0,0,0,0,10000,-10000,0,0,0,-10000,0,0,0,0,10000,-10000,-10000
060966,台表科凱基9B購01,0,0,0,0,0,0,0,0,0,-10000,0,0,0,0,10000,-10000,-10000
061174,鴻海凱基9A購23  ,0,0,0,0,0,0,0,0,0,-10000,0,0,0,28000,38000,-10000,-10000
061161,南六群益9A購01  ,0,0,0,0,0,0,0,0,0,-10000,0,0,0,0,10000,-10000,-10000
061057,華新科國票9A購04,0,0,0,0,0,0,0,0,0,-10000,0,0,0,12000,22000,-10000,-10000
057576,南亞科第一9C購01,0,0,0,0,0,0,0,0,0,-10000,0,0,0,0,10000,-10000,-10000
057602,聯茂群益98購02  ,0,0,0,0,0,0,0,0,0,-10000,0,0,0,0,10000,-10000,-10000
057430,富邦金兆豐98購01,0,0,0,0,0,0,0,0,0,-10000,0,0,0,0,10000,-10000,-10000
057378,康友元大98購02  ,0,0,0,0,0,0,0,0,0,-10000,0,0,0,20000,30000,-10000,-10000
05754P,臺股指中信99售03,0,0,0,0,0,0,0,0,0,-10000,0,0,0,0,10000,-10000,-10000
058023,南電凱基98購02  ,0,0,0,0,0,0,0,0,0,-10000,0,0,0,0,10000,-10000,-10000
061260,台積電凱基9A購23,0,0,0,0,0,0,0,0,0,-10000,0,0,0,0,10000,-10000,-10000
061293,聯茂統一9A購01  ,0,0,0,0,0,0,0,0,0,-10000,0,0,0,65000,75000,-10000,-10000
061340,義隆元大9A購01  ,0,0,0,0,0,0,0,0,0,-10000,0,0,0,11000,21000,-10000,-10000
05933P,鴻海凱基97售03  ,0,0,0,0,0,0,0,0,0,-10000,0,0,0,0,10000,-10000,-10000
059363,超眾永豐99購02  ,0,0,0,0,0,0,0,0,0,-10000,0,0,0,0,10000,-10000,-10000
060174,T50反1元富04購01,0,0,0,0,0,0,0,0,0,-10000,0,0,0,0,10000,-10000,-10000
061738,聯發科凱基9B購04,0,0,0,0,0,0,0,0,0,-10000,0,0,0,0,10000,-10000,-10000
061620,禾伸堂群益9A購02,0,0,0,0,0,0,0,0,0,-10000,0,0,0,0,10000,-10000,-10000
061601,台積電凱基9A購26,0,0,0,0,0,0,0,0,0,-10000,0,0,0,0,10000,-10000,-10000
060436,巨大永豐9A購01  ,0,0,0,0,0,0,0,0,0,-10000,0,0,0,2000,12000,-10000,-10000
058227,台灣50元大9C購01,0,0,0,0,0,0,0,0,0,-10000,0,0,0,2000,12000,-10000,-10000
058274,世紀鋼永豐99購01,0,0,0,0,0,0,0,0,0,-10000,0,0,0,0,10000,-10000,-10000
058296,明泰凱基99購01  ,0,0,0,0,0,0,0,0,0,-10000,0,0,0,0,10000,-10000,-10000
058303,華通元大99購03  ,0,0,0,0,0,0,0,0,0,-10000,0,0,0,0,10000,-10000,-10000
058391,T50反1元大99購02,0,0,0,0,0,0,0,0,0,-10000,0,0,0,0,10000,-10000,-10000
058386,A50正2國票9B購01,0,0,0,0,0,0,0,0,0,-10000,0,0,0,0,10000,-10000,-10000
058402,欣興元大99購04  ,0,0,0,0,0,0,0,0,0,-10000,0,0,0,16000,26000,-10000,-10000
058328,世紀鋼統一9B購01,0,0,0,0,0,0,0,0,0,-10000,0,0,0,0,10000,-10000,-10000
058361,美律凱基99購06  ,0,0,0,0,0,0,0,0,0,-10000,0,0,0,40000,50000,-10000,-10000
059387,華通凱基9A購03  ,0,0,0,0,0,0,0,0,0,-10000,0,0,0,0,10000,-10000,-10000
058746,華通凱基9A購02  ,0,0,0,0,0,0,0,0,0,-10000,0,0,0,6000,16000,-10000,-10000
058197,國巨中信99購02  ,0,0,0,0,0,0,0,0,0,-10000,0,0,0,0,10000,-10000,-10000
058519,嘉澤元大99購01  ,0,0,0,0,0,0,0,0,0,-10000,0,0,0,37000,47000,-10000,-10000
059076,FBVIX元大99購04 ,0,0,0,0,0,0,0,0,0,-10000,0,0,0,0,10000,-10000,-10000
059160,華通凱基99購03  ,0,0,0,0,0,0,0,0,0,-10000,0,0,0,0,10000,-10000,-10000
058978,SGBR2X凱基9A購03,0,0,0,0,0,0,0,0,0,-10000,0,0,0,0,10000,-10000,-10000
058943,元石油群益9C購01,0,0,0,0,0,0,0,0,0,-10000,0,0,0,0,10000,-10000,-10000
058922,聯發科元富03購02,0,0,0,0,0,0,0,0,0,-10000,0,0,0,0,10000,-10000,-10000
062150,南六國票9B購01  ,0,0,0,0,0,0,0,0,0,-10000,0,0,0,0,10000,-10000,-10000
062110,華擎國票9B購01  ,0,0,0,0,0,0,0,0,0,-10000,0,0,0,5000,15000,-10000,-10000
062105,國巨國票9C購03  ,0,0,0,0,0,0,0,0,0,-10000,0,0,0,1000,11000,-10000,-10000
062077,聯發科元大9B購04,0,0,0,0,0,0,0,0,0,-10000,0,0,0,0,10000,-10000,-10000
062016,美食永豐9B購01  ,0,0,0,0,0,0,0,0,0,-10000,0,0,0,0,10000,-10000,-10000
062021,康控永豐9B購01  ,0,0,0,0,0,0,0,0,0,-10000,0,0,0,0,10000,-10000,-10000
060775,世芯凱基9A購02  ,0,0,0,0,0,0,0,0,0,-10000,0,0,0,0,10000,-10000,-10000
060761,南亞科元大9A購05,0,0,0,0,0,0,0,0,0,-10000,0,0,0,0,10000,-10000,-10000
060613,T50反1元大9A購05,0,0,0,0,0,0,0,0,0,-10000,0,0,0,0,10000,-10000,-10000
061820,康控群益9B購02  ,0,0,0,0,0,0,0,0,0,-10000,0,0,0,0,10000,-10000,-10000
05959P,聯發科國票98售01,0,0,0,0,0,0,0,0,0,-10000,0,0,0,10000,20000,-10000,-10000
059538,健策凱基99購03  ,0,0,0,0,0,0,0,0,0,-10000,0,0,0,7000,17000,-10000,-10000
059573,健策凱基9A購02  ,0,0,0,0,0,0,0,0,0,-10000,0,0,0,7000,17000,-10000,-10000
059648,台表科凱基99購03,0,0,0,0,0,0,0,0,0,-10000,0,0,0,0,10000,-10000,-10000
058824,晶技富邦9A購01  ,0,0,0,0,0,0,0,0,0,-10000,0,0,0,0,10000,-10000,-10000
058892,元油2X元大9C購08,0,0,0,0,0,0,0,0,0,-10000,0,0,0,40000,50000,-10000,-10000
059866,國巨凱基99購18  ,0,0,0,0,0,0,0,0,0,-10000,0,0,0,0,10000,-10000,-10000
059844,大立光富邦9C購04,0,0,0,0,0,0,0,0,0,-10000,0,0,0,5000,15000,-10000,-10000
059913,台積電元大99購44,0,0,0,0,0,0,0,0,0,-10000,0,0,0,0,10000,-10000,-10000
059825,嘉晶凱基99購02  ,0,0,0,0,0,0,0,0,0,-10000,0,0,0,10000,20000,-10000,-10000
059817,華通凱基99購05  ,0,0,0,0,0,0,0,0,0,-10000,0,0,0,0,10000,-10000,-10000
060341,國巨統一9C購02  ,0,0,0,0,0,0,0,0,0,-10000,0,0,0,0,10000,-10000,-10000
05974P,國巨富邦97售03  ,0,0,0,0,0,0,0,0,0,-10000,0,0,0,0,10000,-10000,-10000
060389,世紀鋼凱基9B購02,0,0,0,0,0,0,0,0,0,-10000,0,0,0,0,10000,-10000,-10000
060382,儒鴻凱基9A購01  ,0,0,0,0,0,0,0,0,0,-10000,0,0,0,0,10000,-10000,-10000
061655,微星國票9A購01  ,0,0,0,0,0,0,0,0,0,-10000,0,0,0,5000,15000,-10000,-10000
061677,泰碩元大9A購05  ,0,0,0,0,0,0,0,0,0,-10000,0,0,0,0,10000,-10000,-10000
061653,上証2X國票9A購02,0,0,0,0,0,0,0,0,0,-10000,0,0,0,0,10000,-10000,-10000
060091,技嘉元大99購03  ,0,0,0,0,0,0,0,0,0,-10000,0,0,0,1000,11000,-10000,-10000
060103,聯詠元大99購01  ,0,0,0,0,0,0,0,0,0,-10000,0,0,0,10000,20000,-10000,-10000
059699,華通凱基99購04  ,0,0,0,0,0,0,0,0,0,-10000,0,0,0,0,10000,-10000,-10000
064082,緯創中信06購01  ,0,0,0,0,0,0,0,0,0,-10000,0,0,0,0,10000,-10000,-10000
064110,國巨國票01購01  ,0,0,0,0,0,0,0,0,0,-10000,0,0,0,19000,29000,-10000,-10000
064231,鴻海統一01購03  ,0,0,0,0,0,0,0,0,0,-10000,0,0,0,5000,15000,-10000,-10000
064206,鴻海凱基03購02  ,0,0,0,0,0,0,0,0,0,-10000,0,0,0,6000,16000,-10000,-10000
063716,旺宏兆豐9B購01  ,0,0,0,0,0,0,0,0,0,-10000,0,0,0,30000,40000,-10000,-10000
063962,台達電國票01購01,0,0,0,0,0,0,0,0,0,-10000,0,0,0,10000,20000,-10000,-10000
063817,GIS群益9C購01   ,0,0,0,0,0,0,0,0,0,-10000,0,0,0,181000,191000,-10000,-10000
06443P,台積電凱基99售01,0,0,0,0,0,0,0,0,0,-10000,0,0,0,0,10000,-10000,-10000
064310,華新科群益9C購02,0,0,0,0,0,0,0,0,0,-10000,0,0,0,0,10000,-10000,-10000
064874,和大兆豐9C購01  ,0,0,0,0,0,0,0,0,0,-10000,0,0,0,75000,85000,-10000,-10000
06479P,聯發科中信99售02,0,0,0,0,0,0,0,0,0,-10000,0,0,0,0,10000,-10000,-10000
064819,華新統一01購02  ,0,0,0,0,0,0,0,0,0,-10000,0,0,0,0,10000,-10000,-10000
064603,和碩元富9C購01  ,0,0,0,0,0,0,0,0,0,-10000,0,0,0,186000,196000,-10000,-10000
064636,臺股指元大9C購22,0,0,0,0,0,0,0,0,0,-10000,0,0,0,5000,15000,-10000,-10000
062705,美食元大9B購01  ,0,0,0,0,0,0,0,0,0,-10000,0,0,0,0,10000,-10000,-10000
062702,可成元大9C購01  ,0,0,0,0,0,0,0,0,0,-10000,0,0,0,0,10000,-10000,-10000
062670,瑞昱中信03購01  ,0,0,0,0,0,0,0,0,0,-10000,0,0,0,0,10000,-10000,-10000
062658,聯茂第一9B購01  ,0,0,0,0,0,0,0,0,0,-10000,0,0,0,0,10000,-10000,-10000
062697,國巨元大9C購01  ,0,0,0,0,0,0,0,0,0,-10000,0,0,0,0,10000,-10000,-10000
062652,上証2X永豐9B購01,0,0,0,0,0,0,0,0,0,-10000,0,0,0,0,10000,-10000,-10000
062943,世芯凱基9B購03  ,0,0,0,0,0,0,0,0,0,-10000,0,0,0,0,10000,-10000,-10000
06294P,臺股指國票97售08,0,0,0,0,0,0,0,0,0,-10000,0,0,0,0,10000,-10000,-10000
062810,華通兆豐9B購02  ,0,0,0,0,0,0,0,0,0,-10000,0,0,0,0,10000,-10000,-10000
062605,上銀凱基9B購03  ,0,0,0,0,0,0,0,0,0,-10000,0,0,0,0,10000,-10000,-10000
062575,景碩群益9B購01  ,0,0,0,0,0,0,0,0,0,-10000,0,0,0,0,10000,-10000,-10000
06238P,台積電元大98售07,0,0,0,0,0,0,0,0,0,-10000,0,0,0,0,10000,-10000,-10000
062314,玉晶光凱基9B購06,0,0,0,0,0,0,0,0,0,-10000,0,0,0,0,10000,-10000,-10000
063130,聯茂元大9B購02  ,0,0,0,0,0,0,0,0,0,-10000,0,0,0,50000,60000,-10000,-10000
063037,聯發科凱基9C購02,0,0,0,0,0,0,0,0,0,-10000,0,0,0,10000,20000,-10000,-10000
063191,台表科凱基9B購03,0,0,0,0,0,0,0,0,0,-10000,0,0,0,3000,13000,-10000,-10000
063175,燿華兆豐9C購01  ,0,0,0,0,0,0,0,0,0,-10000,0,0,0,0,10000,-10000,-10000
063565,旺宏元大9B購08  ,0,0,0,0,0,0,0,0,0,-10000,0,0,0,0,10000,-10000,-10000
2514,龍邦            ,3000,12000,-9000,0,0,0,0,0,0,-1000,0,1000,-1000,0,0,0,-10000
2832,台產            ,5000,14000,-9000,0,0,0,0,0,0,-1000,0,1000,-1000,0,0,0,-10000
1810,和成            ,83000,92000,-9000,0,0,0,0,0,0,-1000,0,1000,-1000,0,0,0,-10000
5234,達興材料        ,27000,26000,1000,0,0,0,0,10000,-10000,-1000,0,0,0,0,1000,-1000,-10000
4764,雙鍵            ,0,10000,-10000,0,0,0,0,0,0,0,0,0,0,0,0,0,-10000
4555,氣立            ,40000,50000,-10000,0,0,0,0,0,0,0,0,0,0,0,0,0,-10000
08646P,臺股指中信03售02,0,0,0,0,0,0,0,0,0,-11000,0,0,0,0,11000,-11000,-11000
08190P,宏達電元富9B售04,0,0,0,0,0,0,0,0,0,-11000,0,0,0,21000,32000,-11000,-11000
08360P,國巨國泰02售01  ,0,0,0,0,0,0,0,0,0,-11000,0,0,0,60000,71000,-11000,-11000
07994P,臺股指群益9B售04,0,0,0,0,0,0,0,0,0,-11000,0,0,0,20000,31000,-11000,-11000
07789P,緯穎群益9A售03  ,0,0,0,0,0,0,0,0,0,-11000,0,0,0,26000,37000,-11000,-11000
07575P,瑞昱元大9A售02  ,0,0,0,0,0,0,0,0,0,-11000,0,0,0,0,11000,-11000,-11000
065795,康友永豐9C購02  ,0,0,0,0,0,0,0,0,0,-11000,0,0,0,3000,14000,-11000,-11000
065594,華通元大01購02  ,0,0,0,0,0,0,0,0,0,-11000,0,0,0,109000,120000,-11000,-11000
066070,金像電凱基01購03,0,0,0,0,0,0,0,0,0,-11000,0,0,0,46000,57000,-11000,-11000
065385,億豐元大03購01  ,0,0,0,0,0,0,0,0,0,-11000,0,0,0,0,11000,-11000,-11000
057490,可成元大98購10  ,0,0,0,0,0,0,0,0,0,-11000,0,0,0,20000,31000,-11000,-11000
057278,可成元大98購06  ,0,0,0,0,0,0,0,0,0,-11000,0,0,0,45000,56000,-11000,-11000
047564,滬深2X國票99購01,0,0,0,0,0,0,0,0,0,-11000,0,0,0,379000,390000,-11000,-11000
057790,台積電統一99購04,0,0,0,0,0,0,0,0,0,-11000,0,0,0,0,11000,-11000,-11000
054293,健策元大98購02  ,0,0,0,0,0,0,0,0,0,-11000,0,0,0,8000,19000,-11000,-11000
058102,楠梓電永豐98購04,0,0,0,0,0,0,0,0,0,-11000,0,0,0,0,11000,-11000,-11000
062085,同欣電元大9B購01,0,0,0,0,0,0,0,0,0,-11000,0,0,0,8000,19000,-11000,-11000
062183,奇鋐元大9B購01  ,0,0,0,0,0,0,0,0,0,-11000,0,0,0,136000,147000,-11000,-11000
058997,鴻海元大99購21  ,0,0,0,0,0,0,0,0,0,-11000,0,0,0,0,11000,-11000,-11000
061520,健策中信9A購01  ,0,0,0,0,0,0,0,0,0,-11000,0,0,0,0,11000,-11000,-11000
058623,國巨國票99購08  ,0,0,0,0,0,0,0,0,0,-11000,0,0,0,23000,34000,-11000,-11000
058624,台積電國票99購09,0,0,0,0,0,0,0,0,0,-11000,0,0,0,0,11000,-11000,-11000
063429,南電凱基01購01  ,0,0,0,0,0,0,0,0,0,-11000,0,0,0,3000,14000,-11000,-11000
063261,康控富邦03購01  ,0,0,0,0,0,0,0,0,0,-11000,0,0,0,31000,42000,-11000,-11000
063265,瑞祺永豐9B購01  ,0,0,0,0,0,0,0,0,0,-11000,0,0,0,657000,668000,-11000,-11000
063072,裕隆永豐9B購01  ,0,0,0,0,0,0,0,0,0,-11000,0,0,0,55000,66000,-11000,-11000
062253,燿華元大9B購02  ,0,0,0,0,0,0,0,0,0,-11000,0,0,0,68000,79000,-11000,-11000
062936,鴻海凱基9B購07  ,0,0,0,0,0,0,0,0,0,-11000,0,0,0,5000,16000,-11000,-11000
062794,鴻海統一9C購15  ,0,0,0,0,0,0,0,0,0,-11000,0,0,0,13000,24000,-11000,-11000
063753,矽創國票9C購01  ,0,0,0,0,0,0,0,0,0,-11000,0,0,0,50000,61000,-11000,-11000
064179,上銀富邦01購01  ,0,0,0,0,0,0,0,0,0,-11000,0,0,0,1000,12000,-11000,-11000
064039,亞德客統一02購01,0,0,0,0,0,0,0,0,0,-11000,0,0,0,10000,21000,-11000,-11000
3679,新至陞          ,0,11000,-11000,0,0,0,0,0,0,0,0,0,0,0,0,0,-11000
2923,鼎固-KY         ,16000,27000,-11000,0,0,0,0,0,0,0,0,0,0,0,0,0,-11000
2851,中再保          ,4000,15000,-11000,0,0,0,0,0,0,0,0,0,0,0,0,0,-11000
2527,宏璟            ,32000,20000,12000,0,0,0,0,0,0,-23000,0,23000,-23000,0,0,0,-11000
2464,盟立            ,0,10000,-10000,0,0,0,0,0,0,-1000,0,0,0,0,1000,-1000,-11000
6283,淳安            ,103000,114000,-11000,0,0,0,0,0,0,0,0,0,0,0,0,0,-11000
065425,國巨凱基01購03  ,0,0,0,0,0,0,0,0,0,-12000,0,0,0,0,12000,-12000,-12000
065274,南茂元大9C購03  ,0,0,0,0,0,0,0,0,0,-12000,0,0,0,468000,480000,-12000,-12000
065066,南電群益9C購02  ,0,0,0,0,0,0,0,0,0,-12000,0,0,0,7000,19000,-12000,-12000
065116,臺股指國票9C購13,0,0,0,0,0,0,0,0,0,-12000,0,0,0,3000,15000,-12000,-12000
06741P,台積電富邦98售04,0,0,0,0,0,0,0,0,0,-12000,0,0,0,63000,75000,-12000,-12000
06720P,智邦亞東99售01  ,0,0,0,0,0,0,0,0,0,-12000,0,0,0,0,12000,-12000,-12000
06879P,長榮航凱基98售02,0,0,0,0,0,0,0,0,0,-12000,0,0,0,27000,39000,-12000,-12000
06835P,台灣50國票9A售01,0,0,0,0,0,0,0,0,0,-12000,0,0,0,0,12000,-12000,-12000
07553P,嘉晶元大9A售02  ,0,0,0,0,0,0,0,0,0,-12000,0,0,0,5000,17000,-12000,-12000
06906P,國巨國泰99售01  ,0,0,0,0,0,0,0,0,0,-12000,0,0,0,6000,18000,-12000,-12000
06941P,國巨統一98售07  ,0,0,0,0,0,0,0,0,0,-12000,0,0,0,0,12000,-12000,-12000
07811P,華新科統一9A售02,0,0,0,0,0,0,0,0,0,-12000,0,0,0,0,12000,-12000,-12000
08045P,健策國票9B售01  ,0,0,0,0,0,0,0,0,0,-12000,0,0,0,50000,62000,-12000,-12000
08301P,台積電兆豐9C售02,0,0,0,0,0,0,0,0,0,-12000,0,0,0,0,12000,-12000,-12000
1457,宜進            ,1000,13000,-12000,0,0,0,0,0,0,0,0,0,0,0,0,0,-12000
1603,華電            ,0,12000,-12000,0,0,0,0,0,0,0,0,0,0,0,0,0,-12000
054542,台表科國票98購01,0,0,0,0,0,0,0,0,0,-12000,0,0,0,13000,25000,-12000,-12000
056905,欣興元大98購03  ,0,0,0,0,0,0,0,0,0,-12000,0,0,0,40000,52000,-12000,-12000
055265,玉晶光永豐98購03,0,0,0,0,0,0,0,0,0,-12000,0,0,0,419000,431000,-12000,-12000
03669C,滬深2X元富09牛01,0,0,0,0,0,0,0,0,0,-12000,0,0,0,0,12000,-12000,-12000
056549,嘉聯益凱基98購04,0,0,0,0,0,0,0,0,0,-12000,0,0,0,0,12000,-12000,-12000
056114,台達電群益97購02,0,0,0,0,0,0,0,0,0,-12000,0,0,0,0,12000,-12000,-12000
057221,華通國票98購03  ,0,0,0,0,0,0,0,0,0,-12000,0,0,0,0,12000,-12000,-12000
057725,台達電國泰9A購01,0,0,0,0,0,0,0,0,0,-12000,0,0,0,0,12000,-12000,-12000
058600,國巨元大99購15  ,0,0,0,0,0,0,0,0,0,-12000,0,0,0,60000,72000,-12000,-12000
061406,華通國票9A購06  ,0,0,0,0,0,0,0,0,0,-12000,0,0,0,0,12000,-12000,-12000
061400,可成兆豐9B購02  ,0,0,0,0,0,0,0,0,0,-12000,0,0,0,2000,14000,-12000,-12000
058942,南茂中信99購01  ,0,0,0,0,0,0,0,0,0,-12000,0,0,0,20000,32000,-12000,-12000
058544,FBVIX富邦9B購01 ,0,0,0,0,0,0,0,0,0,-12000,0,0,0,6000,18000,-12000,-12000
061897,泰碩永豐9B購01  ,0,0,0,0,0,0,0,0,0,-12000,0,0,0,0,12000,-12000,-12000
060843,大立光國票9A購06,0,0,0,0,0,0,0,0,0,-12000,0,0,0,10000,22000,-12000,-12000
061682,南電元大9B購01  ,0,0,0,0,0,0,0,0,0,-12000,0,0,0,80000,92000,-12000,-12000
061689,國巨群益9A購12  ,0,0,0,0,0,0,0,0,0,-12000,0,0,0,10000,22000,-12000,-12000
060294,嘉澤元大9A購01  ,0,0,0,0,0,0,0,0,0,-12000,0,0,0,18000,30000,-12000,-12000
064184,矽格富邦02購01  ,0,0,0,0,0,0,0,0,0,-12000,0,0,0,0,12000,-12000,-12000
06376P,上銀統一99售01  ,0,0,0,0,0,0,0,0,0,-12000,0,0,0,0,12000,-12000,-12000
064782,健策群益9C購02  ,10000,0,10000,0,0,0,0,0,0,-22000,0,0,0,57000,79000,-22000,-12000
064759,景碩凱基9C購01  ,0,0,0,0,0,0,0,0,0,-12000,0,0,0,191000,203000,-12000,-12000
064499,可成元大9C購07  ,0,0,0,0,0,0,0,0,0,-12000,0,0,0,4000,16000,-12000,-12000
062738,可成國票9B購02  ,0,0,0,0,0,0,0,0,0,-12000,0,0,0,4000,16000,-12000,-12000
063312,台積電群益9B購07,0,0,0,0,0,0,0,0,0,-12000,0,0,0,1000,13000,-12000,-12000
063182,國巨凱基9B購10  ,0,0,0,0,0,0,0,0,0,-12000,0,0,0,0,12000,-12000,-12000
063409,GIS國票9C購02   ,0,0,0,0,0,0,0,0,0,-12000,0,0,0,26000,38000,-12000,-12000
6277,宏正            ,8000,19000,-11000,0,0,0,0,0,0,-1000,0,1000,-1000,0,0,0,-12000
8404,百和興業-KY     ,23000,35000,-12000,0,0,0,0,0,0,0,0,0,0,0,0,0,-12000
2546,根基            ,7000,19000,-12000,0,0,0,0,0,0,0,0,0,0,0,0,0,-12000
2897,王道銀行        ,12000,13000,-1000,0,0,0,0,4000,-4000,-7000,0,7000,-7000,0,0,0,-12000
3046,建碁            ,0,12000,-12000,0,0,0,0,0,0,0,0,0,0,0,0,0,-12000
3702A,大聯大甲特      ,7000,4000,3000,0,0,0,0,0,0,-15000,0,15000,-15000,0,0,0,-12000
4133,亞諾法          ,76000,87000,-11000,0,0,0,0,0,0,-1000,4000,5000,-1000,0,0,0,-12000
4566,時碩工業        ,4000,16000,-12000,0,0,0,0,0,0,0,0,0,0,0,0,0,-12000
1439,中和            ,63000,76000,-13000,0,0,0,0,0,0,0,0,0,0,0,0,0,-13000
08613P,同欣電凱基9C售04,0,0,0,0,0,0,0,0,0,-13000,0,0,0,27000,40000,-13000,-13000
08574P,聯發科凱基02售04,0,0,0,0,0,0,0,0,0,-13000,0,0,0,0,13000,-13000,-13000
07435P,台積電富邦9C售07,0,0,0,0,0,0,0,0,0,-13000,0,0,0,0,13000,-13000,-13000
06691P,臺股指群益9C售05,0,0,0,0,0,0,0,0,0,-13000,0,0,0,0,13000,-13000,-13000
065968,國巨元大02購01  ,0,0,0,0,0,0,0,0,0,-13000,0,0,0,0,13000,-13000,-13000
065858,台表科元大03購01,0,0,0,0,0,0,0,0,0,-13000,0,0,0,88000,101000,-13000,-13000
065897,凌華統一03購01  ,0,0,0,0,0,0,0,0,0,-13000,0,0,0,0,13000,-13000,-13000
065526,台表科群益9C購03,0,0,0,0,0,0,0,0,0,-13000,0,0,0,95000,108000,-13000,-13000
065548,台達電凱基01購02,0,0,0,0,0,0,0,0,0,-13000,0,0,0,228000,241000,-13000,-13000
065796,T50反1群益01購02,0,0,0,0,0,0,0,0,0,-13000,0,0,0,0,13000,-13000,-13000
065320,技嘉凱基9C購02  ,0,0,0,0,0,0,0,0,0,-13000,0,0,0,93000,106000,-13000,-13000
065502,康友富邦03購01  ,0,0,0,0,0,0,0,0,0,-13000,0,0,0,187000,200000,-13000,-13000
057573,京鼎永豐98購02  ,0,0,0,0,0,0,0,0,0,-13000,0,0,0,15000,28000,-13000,-13000
060958,儒鴻凱基9A購02  ,0,0,0,0,0,0,0,0,0,-13000,0,0,0,20000,33000,-13000,-13000
056791,嘉聯益群益98購01,0,0,0,0,0,0,0,0,0,-13000,0,0,0,0,13000,-13000,-13000
055987,台表科元富97購01,0,0,0,0,0,0,0,0,0,-13000,0,0,0,0,13000,-13000,-13000
059860,台積電群益9A購02,0,0,0,0,0,0,0,0,0,-13000,0,0,0,42000,55000,-13000,-13000
058552,欣興永豐99購01  ,0,0,0,0,0,0,0,0,0,-13000,0,0,0,203000,216000,-13000,-13000
058808,大成鋼統一9B購01,0,0,0,0,0,0,0,0,0,-13000,0,0,0,0,13000,-13000,-13000
061511,緯穎富邦9B購02  ,0,0,0,0,0,0,0,0,0,-13000,0,0,0,306000,319000,-13000,-13000
061496,華新科國票9A購07,0,0,0,0,0,0,0,0,0,-13000,0,0,0,0,13000,-13000,-13000
061758,T50反1元大9B購02,0,0,0,0,0,0,0,0,0,-13000,0,0,0,0,13000,-13000,-13000
063539,世紀鋼統一9B購02,0,0,0,0,0,0,0,0,0,-13000,0,0,0,0,13000,-13000,-13000
063174,臺股指中信01購04,0,0,0,0,0,0,0,0,0,-13000,0,0,0,7000,20000,-13000,-13000
063242,聯發科元大9B購19,0,0,0,0,0,0,0,0,0,-13000,0,0,0,47000,60000,-13000,-13000
062615,亞德客元大9B購02,0,0,0,0,0,0,0,0,0,-13000,0,0,0,60000,73000,-13000,-13000
062818,大立光兆豐9C購01,0,0,0,0,0,0,0,0,0,-13000,0,0,0,2000,15000,-13000,-13000
062863,聯茂國票9B購01  ,0,0,0,0,0,0,0,0,0,-13000,0,0,0,69000,82000,-13000,-13000
062331,大立光統一9B購10,0,0,0,0,0,0,0,0,0,-13000,0,0,0,17000,30000,-13000,-13000
062384,聯詠國泰9C購01  ,0,0,0,0,0,0,0,0,0,-13000,0,0,0,0,13000,-13000,-13000
064543,華通凱基02購02  ,0,0,0,0,0,0,0,0,0,-13000,0,0,0,12000,25000,-13000,-13000
064018,儒鴻元大9C購02  ,0,0,0,0,0,0,0,0,0,-13000,0,0,0,72000,85000,-13000,-13000
06500P,臺股指元大9A售05,0,0,0,0,0,0,0,0,0,-14000,0,0,0,11000,25000,-14000,-14000
06553P,訊芯元大98售05  ,0,0,0,0,0,0,0,0,0,-14000,0,0,0,0,14000,-14000,-14000
066053,創意元大01購01  ,0,0,0,0,0,0,0,0,0,-14000,0,0,0,0,14000,-14000,-14000
06728P,全新元大98售03  ,0,0,0,0,0,0,0,0,0,-14000,0,0,0,0,14000,-14000,-14000
06627P,華新科元富99售01,0,0,0,0,0,0,0,0,0,-14000,0,0,0,12000,26000,-14000,-14000
06613P,華新科富邦9A售03,0,0,0,0,0,0,0,0,0,-14000,0,0,0,12000,26000,-14000,-14000
07046P,大立光富邦9C售03,0,0,0,0,0,0,0,0,0,-14000,0,0,0,0,14000,-14000,-14000
07943P,瑞昱元大9B售02  ,0,0,0,0,0,0,0,0,0,-14000,0,0,0,8000,22000,-14000,-14000
03670C,元油2X元富99牛01,0,0,0,0,0,0,0,0,0,-14000,0,0,0,0,14000,-14000,-14000
00702,國泰標普低波高息,0,0,0,0,0,0,0,0,0,-14000,0,0,0,0,14000,-14000,-14000
056471,台光電元大99購01,0,0,0,0,0,0,0,0,0,-14000,0,0,0,28000,42000,-14000,-14000
057241,超眾凱基99購02  ,0,0,0,0,0,0,0,0,0,-14000,0,0,0,17000,31000,-14000,-14000
056126,台郡國票98購02  ,0,0,0,0,0,0,0,0,0,-14000,0,0,0,32000,46000,-14000,-14000
061175,台積電凱基9A購19,0,0,0,0,0,0,0,0,0,-14000,0,0,0,2000,16000,-14000,-14000
057731,華擎國泰9A購02  ,0,0,0,0,0,0,0,0,0,-14000,0,0,0,10000,24000,-14000,-14000
059277,群創元大99購05  ,0,0,0,0,0,0,0,0,0,-14000,0,0,0,17000,31000,-14000,-14000
061343,大立光元大9A購04,0,0,0,0,0,0,0,0,0,-14000,0,0,0,0,14000,-14000,-14000
058797,大毅元大99購03  ,0,0,0,0,0,0,0,0,0,-14000,0,0,0,0,14000,-14000,-14000
059014,SGBR2X元富03購01,0,0,0,0,0,0,0,0,0,-14000,0,0,0,1000,15000,-14000,-14000
059871,義隆凱基99購03  ,0,0,0,0,0,0,0,0,0,-14000,0,0,0,23000,37000,-14000,-14000
061705,健策國票9A購06  ,0,0,0,0,0,0,0,0,0,-14000,0,0,0,40000,54000,-14000,-14000
064178,台郡國泰01購01  ,0,0,0,0,0,0,0,0,0,-14000,0,0,0,48000,62000,-14000,-14000
063731,台積電元大9B購10,0,0,0,0,0,0,0,0,0,-14000,0,0,0,400000,414000,-14000,-14000
063884,台表科元富03購01,0,0,0,0,0,0,0,0,0,-14000,0,0,0,6000,20000,-14000,-14000
064355,南六元大01購01  ,0,0,0,0,0,0,0,0,0,-14000,0,0,0,23000,37000,-14000,-14000
064344,緯創元大9C購01  ,0,0,0,0,0,0,0,0,0,-14000,0,0,0,37000,51000,-14000,-14000
062425,可成統一01購01  ,0,0,0,0,0,0,0,0,0,-14000,0,0,0,1000,15000,-14000,-14000
062312,大立光凱基9B購03,0,0,0,0,0,0,0,0,0,-14000,0,0,0,21000,35000,-14000,-14000
062485,華通國泰01購01  ,0,0,0,0,0,0,0,0,0,-14000,0,0,0,78000,92000,-14000,-14000
062498,華通群益9C購04  ,0,0,0,0,0,0,0,0,0,-14000,0,0,0,262000,276000,-14000,-14000
063489,新日興國泰01購01,0,0,0,0,0,0,0,0,0,-14000,0,0,0,0,14000,-14000,-14000
063614,美食群益9B購03  ,0,0,0,0,0,0,0,0,0,-14000,0,0,0,6000,20000,-14000,-14000
3018,同開            ,9000,23000,-14000,0,0,0,0,0,0,0,0,0,0,0,0,0,-14000
2850,新產            ,35000,36000,-1000,0,0,0,0,0,0,-13000,0,13000,-13000,0,0,0,-14000
1817,凱撒衛          ,3000,17000,-14000,0,0,0,0,0,0,0,0,0,0,0,0,0,-14000
2373,震旦行          ,6000,20000,-14000,0,0,0,0,0,0,0,0,0,0,0,0,0,-14000
08008P,華新科統一9B售05,0,0,0,0,0,0,0,0,0,-15000,0,0,0,0,15000,-15000,-15000
08026P,臺股指凱基9B售12,0,0,0,0,0,0,0,0,0,-15000,0,0,0,6000,21000,-15000,-15000
07869P,台灣50群益9C售04,0,0,0,0,0,0,0,0,0,-15000,0,0,0,0,15000,-15000,-15000
07636P,鴻海國票9A售05  ,0,0,0,0,0,0,0,0,0,-15000,0,0,0,0,15000,-15000,-15000
07716P,臺股指群益9A售05,0,0,0,0,0,0,0,0,0,-15000,0,0,0,0,15000,-15000,-15000
07560P,台積電國泰9B售01,0,0,0,0,0,0,0,0,0,-15000,0,0,0,0,15000,-15000,-15000
07590P,玉晶光國票9A售03,0,0,0,0,0,0,0,0,0,-15000,0,0,0,175000,190000,-15000,-15000
07407P,欣興凱基99售07  ,0,0,0,0,0,0,0,0,0,-15000,0,0,0,50000,65000,-15000,-15000
1225,福懋油          ,1000,16000,-15000,0,0,0,0,0,0,0,0,0,0,0,0,0,-15000
08427P,義隆國票9C售01  ,0,0,0,0,0,0,0,0,0,-15000,0,0,0,15000,30000,-15000,-15000
06793P,臺股指凱基98售03,0,0,0,0,0,0,0,0,0,-15000,0,0,0,0,15000,-15000,-15000
064926,臻鼎統一02購01  ,0,0,0,0,0,0,0,0,0,-15000,0,0,0,273000,288000,-15000,-15000
065086,可成元大01購04  ,0,0,0,0,0,0,0,0,0,-15000,0,0,0,1000,16000,-15000,-15000
065073,亞德客元大01購02,0,0,0,0,0,0,0,0,0,-15000,0,0,0,0,15000,-15000,-15000
065460,嘉聯益台新9C購01,0,0,0,0,0,0,0,0,0,-15000,0,0,0,23000,38000,-15000,-15000
057455,景碩國泰99購01  ,0,0,0,0,0,0,0,0,0,-15000,0,0,0,0,15000,-15000,-15000
058046,國巨元大9A購01  ,0,0,0,0,0,0,0,0,0,-15000,0,0,0,20000,35000,-15000,-15000
061152,微星群益9A購01  ,0,0,0,0,0,0,0,0,0,-15000,0,0,0,0,15000,-15000,-15000
057995,華新科中信98購02,0,0,0,0,0,0,0,0,0,-15000,0,0,0,0,15000,-15000,-15000
057991,健策統一9C購01  ,0,0,0,0,0,0,0,0,0,-15000,0,0,0,5000,20000,-15000,-15000
057151,易華電國票99購01,0,0,0,0,0,0,0,0,0,-15000,0,0,0,0,15000,-15000,-15000
056462,訊芯凱基98購03  ,0,0,0,0,0,0,0,0,0,-15000,0,0,0,0,15000,-15000,-15000
056377,智伸科統一9A購01,0,0,0,0,0,0,0,0,0,-15000,0,0,0,8000,23000,-15000,-15000
04006P,滬深2X國票9B售01,0,0,0,0,0,0,0,0,0,-15000,0,0,0,0,15000,-15000,-15000
052112,滬深2X中信99購01,0,0,0,0,0,0,0,0,0,-15000,0,0,0,5000,20000,-15000,-15000
051432,群創元富99購03  ,0,0,0,0,0,0,0,0,0,-15000,0,0,0,0,15000,-15000,-15000
053805,奇鋐凱基98購02  ,0,0,0,0,0,0,0,0,0,-15000,0,0,0,5000,20000,-15000,-15000
055713,國巨元大98購09  ,0,0,0,0,0,0,0,0,0,-15000,0,0,0,6000,21000,-15000,-15000
054632,緯穎凱基9A購01  ,0,0,0,0,0,0,0,0,0,-15000,0,0,0,0,15000,-15000,-15000
057818,泰碩元大9A購01  ,0,0,0,0,0,0,0,0,0,-15000,0,0,0,226000,241000,-15000,-15000
057899,台積電永豐98購04,0,0,0,0,0,0,0,0,0,-15000,0,0,0,0,15000,-15000,-15000
057862,智邦凱基99購01  ,0,0,0,0,0,0,0,0,0,-15000,0,0,0,36000,51000,-15000,-15000
056970,TPK永豐98購01   ,0,0,0,0,0,0,0,0,0,-15000,0,0,0,50000,65000,-15000,-15000
059940,微星永豐99購01  ,0,0,0,0,0,0,0,0,0,-15000,0,0,0,113000,128000,-15000,-15000
060320,元金2X群益02購01,0,0,0,0,0,0,0,0,0,-15000,0,0,0,6000,21000,-15000,-15000
060315,易華電永豐9A購01,0,0,0,0,0,0,0,0,0,-15000,0,0,0,64000,79000,-15000,-15000
059816,聯電凱基99購03  ,0,0,0,0,0,0,0,0,0,-15000,0,0,0,35000,50000,-15000,-15000
059831,聯詠康和99購01  ,0,0,0,0,0,0,0,0,0,-15000,0,0,0,0,15000,-15000,-15000
060834,道瓊反國票9C購01,0,0,0,0,0,0,0,0,0,-15000,0,0,0,0,15000,-15000,-15000
060806,華新科群益9A購03,0,0,0,0,0,0,0,0,0,-15000,0,0,0,57000,72000,-15000,-15000
060612,世紀鋼凱基9A購01,0,0,0,0,0,0,0,0,0,-15000,0,0,0,0,15000,-15000,-15000
060756,鴻海元大9A購16  ,0,0,0,0,0,0,0,0,0,-15000,0,0,0,10000,25000,-15000,-15000
062143,大成鋼國票9B購01,0,0,0,0,0,0,0,0,0,-15000,0,0,0,0,15000,-15000,-15000
062127,台勝科統一01購02,0,0,0,0,0,0,0,0,0,-15000,0,0,0,10000,25000,-15000,-15000
059162,國巨凱基99購12  ,0,0,0,0,0,0,0,0,0,-15000,0,0,0,33000,48000,-15000,-15000
058804,T50反1統一9B購01,0,0,0,0,0,0,0,0,0,-15000,0,0,0,0,15000,-15000,-15000
058136,景碩元大99購02  ,0,0,0,0,0,0,0,0,0,-15000,0,0,0,2000,17000,-15000,-15000
058308,全新元大9B購01  ,0,0,0,0,0,0,0,0,0,-15000,0,0,0,0,15000,-15000,-15000
058581,大立光群益99購05,0,0,0,0,0,0,0,0,0,-15000,0,0,0,0,15000,-15000,-15000
059265,美律中信01購01  ,0,0,0,0,0,0,0,0,0,-15000,0,0,0,20000,35000,-15000,-15000
059349,台郡凱基99購04  ,0,0,0,0,0,0,0,0,0,-15000,0,0,0,5000,20000,-15000,-15000
061751,華通台新9B購01  ,0,0,0,0,0,0,0,0,0,-15000,0,0,0,0,15000,-15000,-15000
061709,SP黃豆凱基01購02,0,0,0,0,0,0,0,0,0,-15000,0,0,0,20000,35000,-15000,-15000
061508,南六國泰9C購02  ,0,0,0,0,0,0,0,0,0,-15000,0,0,0,15000,30000,-15000,-15000
063190,聯茂凱基9B購01  ,0,0,0,0,0,0,0,0,0,-15000,0,0,0,1000,16000,-15000,-15000
063013,技嘉元大9B購02  ,0,0,0,0,0,0,0,0,0,-15000,0,0,0,81000,96000,-15000,-15000
062443,大立光元大9B購05,0,0,0,0,0,0,0,0,0,-15000,0,0,0,0,15000,-15000,-15000
062296,南六永豐9B購02  ,0,0,0,0,0,0,0,0,0,-15000,0,0,0,110000,125000,-15000,-15000
062297,億豐永豐9B購01  ,0,0,0,0,0,0,0,0,0,-15000,0,0,0,18000,33000,-15000,-15000
062299,台積電第一9B購01,0,0,0,0,0,0,0,0,0,-15000,0,0,0,20000,35000,-15000,-15000
064792,美律國票9C購01  ,0,0,0,0,0,0,0,0,0,-15000,0,0,0,0,15000,-15000,-15000
06371P,茂林國票98售04  ,0,0,0,0,0,0,0,0,0,-15000,0,0,0,5000,20000,-15000,-15000
063706,台虹群益9B購01  ,0,0,0,0,0,0,0,0,0,-15000,0,0,0,55000,70000,-15000,-15000
2374,佳能            ,1000,16000,-15000,0,0,0,0,0,0,0,0,0,0,0,0,0,-15000
2007,燁興            ,0,15000,-15000,0,0,0,0,0,0,0,0,0,0,0,0,0,-15000
2009,第一銅          ,3000,26000,-23000,0,0,0,0,0,0,8000,8000,0,8000,0,0,0,-15000
2939,凱羿-KY         ,22000,37000,-15000,0,0,0,0,0,0,0,0,0,0,0,0,0,-15000
2911,麗嬰房          ,4000,19000,-15000,0,0,0,0,0,0,0,0,0,0,0,0,0,-15000
8033,雷虎            ,66000,81000,-15000,0,0,0,0,0,0,0,0,0,0,0,0,0,-15000
065492,台灣50富邦03購02,0,0,0,0,0,0,0,0,0,-16000,0,0,0,0,16000,-16000,-16000
065218,世芯國泰02購02  ,0,0,0,0,0,0,0,0,0,-16000,0,0,0,12000,28000,-16000,-16000
064981,致伸元大9C購01  ,0,0,0,0,0,0,0,0,0,-16000,0,0,0,55000,71000,-16000,-16000
06807P,臺股指群益98售13,0,0,0,0,0,0,0,0,0,-16000,0,0,0,0,16000,-16000,-16000
065752,正崴元大9C購01  ,0,0,0,0,0,0,0,0,0,-16000,0,0,0,25000,41000,-16000,-16000
07058P,台積電凱基9A售07,0,0,0,0,0,0,0,0,0,-16000,0,0,0,0,16000,-16000,-16000
07133P,臺股指元大9A售27,0,0,0,0,0,0,0,0,0,-16000,0,0,0,50000,66000,-16000,-16000
07844P,可成國票9A售01  ,0,0,0,0,0,0,0,0,0,-16000,0,0,0,76000,92000,-16000,-16000
055220,緯穎凱基98購02  ,0,0,0,0,0,0,0,0,0,-16000,0,0,0,0,16000,-16000,-16000
055022,精元國泰99購01  ,0,0,0,0,0,0,0,0,0,-16000,0,0,0,27000,43000,-16000,-16000
053537,玉晶光永豐98購02,0,0,0,0,0,0,0,0,0,-16000,0,0,0,54000,70000,-16000,-16000
00742,新光內需收益    ,0,0,0,0,0,0,0,0,0,-16000,250000,250000,0,421000,437000,-16000,-16000
020007,凱基臺灣500N    ,0,0,0,0,0,0,0,0,0,-16000,0,0,0,4000,20000,-16000,-16000
057075,嘉聯益永豐98購01,0,0,0,0,0,0,0,0,0,-16000,0,0,0,10000,26000,-16000,-16000
058053,上銀統一9B購01  ,0,0,0,0,0,0,0,0,0,-16000,0,0,0,252000,268000,-16000,-16000
061366,台勝科國票9A購01,0,0,0,0,0,0,0,0,0,-16000,0,0,0,69000,85000,-16000,-16000
058264,瑞昱永豐99購01  ,0,0,0,0,0,0,0,0,0,-16000,0,0,0,0,16000,-16000,-16000
058803,世紀鋼元大99購03,0,0,0,0,0,0,0,0,0,-16000,0,0,0,5000,21000,-16000,-16000
059438,群創元大99購06  ,0,0,0,0,0,0,0,0,0,-16000,0,0,0,54000,70000,-16000,-16000
058990,GIS凱基99購02   ,0,0,0,0,0,0,0,0,0,-16000,0,0,0,10000,26000,-16000,-16000
06083P,華通統一98售02  ,0,0,0,0,0,0,0,0,0,-16000,0,0,0,0,16000,-16000,-16000
060277,道瓊反元大9A購02,0,0,0,0,0,0,0,0,0,-16000,0,0,0,0,16000,-16000,-16000
059921,大立光元大99購24,0,0,0,0,0,0,0,0,0,-16000,0,0,0,13000,29000,-16000,-16000
059912,國巨元大99購28  ,0,0,0,0,0,0,0,0,0,-16000,0,0,0,20000,36000,-16000,-16000
05954P,旺宏國票97售03  ,0,0,0,0,0,0,0,0,0,-16000,0,0,0,0,16000,-16000,-16000
060411,達新永豐9A購01  ,0,0,0,0,0,0,0,0,0,-16000,0,0,0,22000,38000,-16000,-16000
059687,卜蜂永豐99購01  ,0,0,0,0,0,0,0,0,0,-16000,0,0,0,0,16000,-16000,-16000
063832,矽創國票01購01  ,0,0,0,0,0,0,0,0,0,-16000,0,0,0,35000,51000,-16000,-16000
064247,廣達元富9C購01  ,0,0,0,0,0,0,0,0,0,-16000,0,0,0,487000,503000,-16000,-16000
064030,泰碩元大01購01  ,0,0,0,0,0,0,0,0,0,-16000,0,0,0,3000,19000,-16000,-16000
064001,華通凱基02購01  ,0,0,0,0,0,0,0,0,0,-16000,0,0,0,71000,87000,-16000,-16000
064087,華新科凱基9C購03,0,0,0,0,0,0,0,0,0,-16000,0,0,0,5000,21000,-16000,-16000
064443,同欣電凱基03購01,0,0,0,0,0,0,0,0,0,-16000,0,0,0,55000,71000,-16000,-16000
062556,瑞昱凱基9B購02  ,0,0,0,0,0,0,0,0,0,-16000,0,0,0,0,16000,-16000,-16000
063152,健策元富9C購01  ,0,0,0,0,0,0,0,0,0,-16000,0,0,0,0,16000,-16000,-16000
063619,聯發科兆豐01購01,0,0,0,0,0,0,0,0,0,-16000,0,0,0,31000,47000,-16000,-16000
6477,安集            ,32000,48000,-16000,0,0,0,0,0,0,0,0,0,0,0,0,0,-16000
2015,豐興            ,10000,26000,-16000,0,0,0,0,0,0,0,0,0,0,0,0,0,-16000
07795P,美律國票9A售03  ,0,0,0,0,0,0,0,0,0,-17000,0,0,0,59000,76000,-17000,-17000
08051P,臺股指國票9B售16,0,0,0,0,0,0,0,0,0,-17000,0,0,0,0,17000,-17000,-17000
08115P,聯發科凱基9B售13,0,0,0,0,0,0,0,0,0,-17000,0,0,0,80000,97000,-17000,-17000
08536P,台積電國票9C售08,0,0,0,0,0,0,0,0,0,-17000,0,0,0,10000,27000,-17000,-17000
08170P,緯穎群益9B售03  ,0,0,0,0,0,0,0,0,0,-17000,0,0,0,0,17000,-17000,-17000
1712,興農            ,26000,40000,-14000,0,0,0,0,0,0,-3000,0,3000,-3000,0,0,0,-17000
066075,景碩凱基02購01  ,0,0,0,0,0,0,0,0,0,-17000,0,0,0,1000,18000,-17000,-17000
057748,華通國票98購04  ,0,0,0,0,0,0,0,0,0,-17000,0,0,0,0,17000,-17000,-17000
061118,GIS富邦9A購01   ,0,0,0,0,0,0,0,0,0,-17000,0,0,0,10000,27000,-17000,-17000
057083,立積統一98購01  ,0,0,0,0,0,0,0,0,0,-17000,0,0,0,3000,20000,-17000,-17000
056639,國產康和98購01  ,0,0,0,0,0,0,0,0,0,-17000,0,0,0,81000,98000,-17000,-17000
055515,聚陽中信9A購01  ,0,0,0,0,0,0,0,0,0,-17000,0,0,0,3000,20000,-17000,-17000
061660,禾伸堂永豐9A購01,0,0,0,0,0,0,0,0,0,-17000,0,0,0,0,17000,-17000,-17000
062067,滬深2X元大9B購01,0,0,0,0,0,0,0,0,0,-17000,0,0,0,0,17000,-17000,-17000
061915,T50反1凱基02購02,0,0,0,0,0,0,0,0,0,-17000,0,0,0,145000,162000,-17000,-17000
061963,台積電統一01購04,0,0,0,0,0,0,0,0,0,-17000,0,0,0,103000,120000,-17000,-17000
059060,大立光凱基9A購03,0,0,0,0,0,0,0,0,0,-17000,0,0,0,4000,21000,-17000,-17000
058763,和碩群益99購01  ,0,0,0,0,0,0,0,0,0,-17000,0,0,0,17000,34000,-17000,-17000
061420,國巨元大9A購22  ,0,0,0,0,0,0,0,0,0,-17000,0,0,0,80000,97000,-17000,-17000
060215,柏文康和9A購01  ,0,0,0,0,0,0,0,0,0,-17000,0,0,0,2000,19000,-17000,-17000
063606,TPK凱基9C購01   ,0,0,0,0,0,0,0,0,0,-17000,0,0,0,183000,200000,-17000,-17000
063140,聯發科統一9B購08,0,0,0,0,0,0,0,0,0,-17000,0,0,0,81000,98000,-17000,-17000
062432,上銀元大9B購04  ,0,0,0,0,0,0,0,0,0,-17000,0,0,0,34000,51000,-17000,-17000
064313,嘉晶群益9C購02  ,0,0,0,0,0,0,0,0,0,-17000,0,0,0,213000,230000,-17000,-17000
064209,燿華凱基01購01  ,0,0,0,0,0,0,0,0,0,-17000,0,0,0,28000,45000,-17000,-17000
063747,國巨國票9C購06  ,0,0,0,0,0,0,0,0,0,-17000,0,0,0,1000,18000,-17000,-17000
2028,威致            ,3000,20000,-17000,0,0,0,0,0,0,0,0,0,0,0,0,0,-17000
2415,錩新            ,11000,28000,-17000,0,0,0,0,0,0,0,0,0,0,0,0,0,-17000
2739,寒舍            ,3000,20000,-17000,0,0,0,0,0,0,0,0,0,0,0,0,0,-17000
2461,光群雷          ,63000,80000,-17000,0,0,0,0,0,0,0,0,0,0,0,0,0,-17000
06677P,牧德國票98售02  ,0,0,0,0,0,0,0,0,0,-18000,0,0,0,62000,80000,-18000,-18000
065223,旺宏中信01購01  ,0,0,0,0,0,0,0,0,0,-18000,0,0,0,2000,20000,-18000,-18000
1438,裕豐            ,0,18000,-18000,0,0,0,0,0,0,0,0,0,0,0,0,0,-18000
1452,宏益            ,25000,78000,-53000,0,0,0,0,0,0,35000,35000,0,35000,0,0,0,-18000
08224P,臺股指凱基9B售19,0,0,0,0,0,0,0,0,0,-18000,0,0,0,79000,97000,-18000,-18000
08438P,鴻海國票01售02  ,0,0,0,0,0,0,0,0,0,-18000,0,0,0,0,18000,-18000,-18000
08355P,智邦元大9C售03  ,0,0,0,0,0,0,0,0,0,-18000,0,0,0,3000,21000,-18000,-18000
07967P,力山元大9B售03  ,0,0,0,0,0,0,0,0,0,-18000,0,0,0,0,18000,-18000,-18000
07741P,滬深2X凱基9B售04,0,0,0,0,0,0,0,0,0,-18000,0,0,0,92000,110000,-18000,-18000
06905P,上証2X國泰99售02,0,0,0,0,0,0,0,0,0,-18000,0,0,0,0,18000,-18000,-18000
056900,可成元大98購02  ,0,0,0,0,0,0,0,0,0,-18000,0,0,0,16000,34000,-18000,-18000
054920,智原凱基98購01  ,0,0,0,0,0,0,0,0,0,-18000,0,0,0,0,18000,-18000,-18000
054743,聯鈞凱基99購01  ,0,0,0,0,0,0,0,0,0,-18000,0,0,0,0,18000,-18000,-18000
054532,強茂國泰98購01  ,0,0,0,0,0,0,0,0,0,-18000,0,0,0,31000,49000,-18000,-18000
00660,元大歐洲50      ,0,0,0,0,0,0,0,0,0,-18000,0,0,0,17000,35000,-18000,-18000
061224,道瓊反中信01購01,0,0,0,0,0,0,0,0,0,-18000,0,0,0,0,18000,-18000,-18000
058652,SGBR2X中信01購01,0,0,0,0,0,0,0,0,0,-18000,0,0,0,20000,38000,-18000,-18000
061395,健策統一9C購02  ,0,0,0,0,0,0,0,0,0,-18000,0,0,0,10000,28000,-18000,-18000
061498,大立光國票9A購10,0,0,0,0,0,0,0,0,0,-18000,0,0,0,0,18000,-18000,-18000
059097,世紀鋼元大99購05,0,0,0,0,0,0,0,0,0,-18000,0,0,0,0,18000,-18000,-18000
058546,玉晶光富邦9B購01,0,0,0,0,0,0,0,0,0,-18000,0,0,0,12000,30000,-18000,-18000
062169,禾伸堂永豐9B購01,0,0,0,0,0,0,0,0,0,-18000,0,0,0,0,18000,-18000,-18000
060530,聯發科中信9C購03,0,0,0,0,0,0,0,0,0,-18000,0,0,0,11000,29000,-18000,-18000
059707,健策凱基9A購03  ,0,0,0,0,0,0,0,0,0,-18000,0,0,0,22000,40000,-18000,-18000
060073,台積電元富99購03,0,0,0,0,0,0,0,0,0,-18000,0,0,0,18000,36000,-18000,-18000
05953P,台積電國票98售02,0,0,0,0,0,0,0,0,0,-18000,0,0,0,0,18000,-18000,-18000
058875,台表科國票9A購02,0,0,0,0,0,0,0,0,0,-18000,0,0,0,13000,31000,-18000,-18000
063744,儒鴻國票9C購01  ,0,0,0,0,0,0,0,0,0,-18000,0,0,0,2000,20000,-18000,-18000
063783,儒鴻中信9C購01  ,0,0,0,0,0,0,0,0,0,-18000,0,0,0,0,18000,-18000,-18000
062871,大成鋼兆豐9B購01,0,0,0,0,0,0,0,0,0,-18000,0,0,0,20000,38000,-18000,-18000
062898,華通元大9B購05  ,0,0,0,0,0,0,0,0,0,-18000,0,0,0,51000,69000,-18000,-18000
063421,可成凱基9C購02  ,0,0,0,0,0,0,0,0,0,-18000,0,0,0,18000,36000,-18000,-18000
063353,上銀元富9B購03  ,0,0,0,0,0,0,0,0,0,-18000,0,0,0,96000,114000,-18000,-18000
2204,中華            ,48000,46000,2000,0,0,0,0,0,0,-20000,0,20000,-20000,0,0,0,-18000
4576,大銀微系統      ,15000,33000,-18000,0,0,0,0,0,0,0,0,0,0,0,0,0,-18000
6153,嘉聯益          ,654000,674000,-20000,0,0,0,0,0,0,2000,280000,122000,158000,48000,204000,-156000,-18000
9188,精熙-DR         ,0,18000,-18000,0,0,0,0,0,0,0,0,0,0,0,0,0,-18000
07071P,立積元富99售01  ,0,0,0,0,0,0,0,0,0,-19000,0,0,0,22000,41000,-19000,-19000
07988P,台積電台新9C售03,0,0,0,0,0,0,0,0,0,-19000,0,0,0,1000,20000,-19000,-19000
08096P,大立光元富9B售04,0,0,0,0,0,0,0,0,0,-19000,0,0,0,258000,277000,-19000,-19000
08548P,台勝科凱基9C售03,0,0,0,0,0,0,0,0,0,-19000,0,0,0,0,19000,-19000,-19000
065265,景碩元大9C購02  ,0,0,0,0,0,0,0,0,0,-19000,0,0,0,242000,261000,-19000,-19000
06726P,欣興元富98售04  ,0,0,0,0,0,0,0,0,0,-19000,0,0,0,0,19000,-19000,-19000
065937,大毅群益02購01  ,0,0,0,0,0,0,0,0,0,-19000,0,0,0,0,19000,-19000,-19000
065891,聯發科統一02購03,0,0,0,0,0,0,0,0,0,-19000,0,0,0,35000,54000,-19000,-19000
061083,京元電兆豐9A購01,0,0,0,0,0,0,0,0,0,-19000,0,0,0,65000,84000,-19000,-19000
057483,微星元大98購04  ,0,0,0,0,0,0,0,0,0,-19000,0,0,0,1000,20000,-19000,-19000
057600,大立光群益99購03,0,0,0,0,0,0,0,0,0,-19000,0,0,0,52000,71000,-19000,-19000
056263,友訊統一99購01  ,0,0,0,0,0,0,0,0,0,-19000,0,0,0,8000,27000,-19000,-19000
00771,元大US高息特別股,0,0,0,0,0,0,0,0,0,-19000,0,0,0,70000,89000,-19000,-19000
00710B,FH彭博高收益債  ,0,0,0,0,0,0,0,0,0,-19000,0,0,0,100000,119000,-19000,-19000
056075,瀚宇博元大97購03,0,0,0,0,0,0,0,0,0,-19000,0,0,0,105000,124000,-19000,-19000
053969,瑞昱元大97購01  ,0,0,0,0,0,0,0,0,0,-19000,0,0,0,2000,21000,-19000,-19000
054828,正崴國泰99購01  ,0,0,0,0,0,0,0,0,0,-19000,0,0,0,265000,284000,-19000,-19000
055311,健策群益98購02  ,0,0,0,0,0,0,0,0,0,-19000,0,0,0,0,19000,-19000,-19000
056800,臺股指麥證98購01,0,0,0,0,19000,-19000,0,0,0,-19000,0,0,0,0,19000,-19000,-19000
057849,南茂永豐98購02  ,0,0,0,0,0,0,0,0,0,-19000,0,0,0,94000,113000,-19000,-19000
060016,廣達康和99購01  ,0,0,0,0,0,0,0,0,0,-19000,0,0,0,298000,317000,-19000,-19000
058201,華通凱基9A購01  ,0,0,0,0,0,0,0,0,0,-19000,0,0,0,136000,155000,-19000,-19000
058406,聯茂元大99購06  ,0,0,0,0,0,0,0,0,0,-19000,0,0,0,68000,87000,-19000,-19000
061735,上銀凱基9B購01  ,0,0,0,0,0,0,0,0,0,-19000,0,0,0,0,19000,-19000,-19000
06334P,臺股指群益9C售03,0,0,0,0,0,0,0,0,0,-19000,0,0,0,0,19000,-19000,-19000
063533,緯穎凱基9B購06  ,0,0,0,0,0,0,0,0,0,-19000,0,0,0,1000,20000,-19000,-19000
062307,華通凱基9C購01  ,0,0,0,0,0,0,0,0,0,-19000,0,0,0,80000,99000,-19000,-19000
063758,聯發科統一9B購14,0,0,0,0,0,0,0,0,0,-19000,0,0,0,0,19000,-19000,-19000
064622,晶技元大01購01  ,0,0,0,0,0,0,0,0,0,-19000,0,0,0,6000,25000,-19000,-19000
6591,動力-KY         ,23000,43000,-20000,0,0,0,0,0,0,1000,2000,1000,1000,0,0,0,-19000
4746,台耀            ,731000,743000,-12000,0,0,0,0,0,0,-7000,4000,11000,-7000,0,0,0,-19000
3011,今皓            ,0,19000,-19000,0,0,0,0,0,0,0,0,0,0,0,0,0,-19000
3094,聯傑            ,100000,119000,-19000,0,0,0,0,0,0,0,0,0,0,0,0,0,-19000
2227,裕日車          ,2000,21000,-19000,0,0,0,0,0,0,0,0,0,0,0,0,0,-19000
06719P,台灣50群益9A售01,0,0,0,0,0,0,0,0,0,-20000,0,0,0,0,20000,-20000,-20000
06626P,大立光統一9A售01,0,0,0,0,0,0,0,0,0,-20000,0,0,0,0,20000,-20000,-20000
06638P,鴻海統一99售02  ,0,0,0,0,0,0,0,0,0,-20000,0,0,0,0,20000,-20000,-20000
066091,南電永豐01購01  ,0,0,0,0,0,0,0,0,0,-20000,0,0,0,0,20000,-20000,-20000
06789P,鴻海凱基98售12  ,0,0,0,0,0,0,0,0,0,-20000,0,0,0,25000,45000,-20000,-20000
06581P,南亞科凱基98售04,0,0,0,0,0,0,0,0,0,-20000,0,0,0,0,20000,-20000,-20000
065628,台積電國票01購03,0,0,0,0,0,0,0,0,0,-20000,0,0,0,34000,54000,-20000,-20000
065297,旺宏統一02購01  ,0,0,0,0,0,0,0,0,0,-20000,0,0,0,0,20000,-20000,-20000
065453,康友統一02購02  ,0,0,0,0,0,0,0,0,0,-20000,0,0,0,0,20000,-20000,-20000
06499P,臺股指元大9A售04,0,0,0,0,0,0,0,0,0,-20000,0,0,0,0,20000,-20000,-20000
064930,南六統一02購02  ,0,0,0,0,0,0,0,0,0,-20000,0,0,0,0,20000,-20000,-20000
06491P,台積電富邦99售02,0,0,0,0,0,0,0,0,0,-20000,0,0,0,0,20000,-20000,-20000
08571P,台積電兆豐9C售06,0,0,0,0,0,0,0,0,0,-20000,0,0,0,0,20000,-20000,-20000
08577P,臺指2X中信03售01,0,0,0,0,0,0,0,0,0,-20000,0,0,0,0,20000,-20000,-20000
08594P,台積電群益01售05,0,0,0,0,0,0,0,0,0,-20000,0,0,0,0,20000,-20000,-20000
08639P,聯發科永豐9C售03,0,0,0,0,0,0,0,0,0,-20000,0,0,0,0,20000,-20000,-20000
08665P,鴻海國票02售01  ,0,0,0,0,0,0,0,0,0,-20000,0,0,0,0,20000,-20000,-20000
08332P,智邦台新9C售03  ,0,0,0,0,0,0,0,0,0,-20000,0,0,0,0,20000,-20000,-20000
08386P,臺股指群益9C售14,0,0,0,0,0,0,0,0,0,-20000,0,0,0,235000,255000,-20000,-20000
08467P,長榮航統一9C售01,0,0,0,0,0,0,0,0,0,-20000,0,0,0,0,20000,-20000,-20000
08513P,聯發科凱基9C售08,0,0,0,0,0,0,0,0,0,-20000,0,0,0,0,20000,-20000,-20000
08199P,大毅元大9B售02  ,0,0,0,0,0,0,0,0,0,-20000,0,0,0,0,20000,-20000,-20000
08336P,聯發科中信9C售05,0,0,0,0,0,0,0,0,0,-20000,0,0,0,30000,50000,-20000,-20000
08330P,聯發科統一9C售13,0,0,0,0,0,0,0,0,0,-20000,0,0,0,0,20000,-20000,-20000
08321P,世芯永豐9C售01  ,0,0,0,0,0,0,0,0,0,-20000,0,0,0,0,20000,-20000,-20000
08324P,大立光凱基9C售05,0,0,0,0,0,0,0,0,0,-20000,0,0,0,44000,64000,-20000,-20000
07752P,台灣50元大9C售33,0,0,0,0,0,0,0,0,0,-20000,0,0,0,0,20000,-20000,-20000
07638P,長榮航國票9A售01,0,0,0,0,0,0,0,0,0,-20000,0,0,0,0,20000,-20000,-20000
07225P,台積電元大99售33,0,0,0,0,0,0,0,0,0,-20000,0,0,0,0,20000,-20000,-20000
07150P,和碩元大99售01  ,0,0,0,0,0,0,0,0,0,-20000,0,0,0,0,20000,-20000,-20000
06952P,大立光統一9A售03,0,0,0,0,0,0,0,0,0,-20000,0,0,0,0,20000,-20000,-20000
07211P,南亞科凱基99售05,0,0,0,0,0,0,0,0,0,-20000,0,0,0,0,20000,-20000,-20000
07546P,玉晶光凱基9A售09,0,0,0,0,0,0,0,0,0,-20000,0,0,0,0,20000,-20000,-20000
07450P,鴻海元大9A售03  ,0,0,0,0,0,0,0,0,0,-20000,0,0,0,0,20000,-20000,-20000
07479P,A50正2元富9A售03,0,0,0,0,0,0,0,0,0,-20000,0,0,0,0,20000,-20000,-20000
056944,鴻海統一98購11  ,0,0,0,0,0,0,0,0,0,-20000,0,0,0,5000,25000,-20000,-20000
057796,鴻海兆豐99購03  ,0,0,0,0,0,0,0,0,0,-20000,0,0,0,0,20000,-20000,-20000
057042,台積電元大98購10,0,0,0,0,0,0,0,0,0,-20000,0,0,0,0,20000,-20000,-20000
056811,健策統一9B購01  ,0,0,0,0,0,0,0,0,0,-20000,0,0,0,1000,21000,-20000,-20000
054763,宏達電國票99購01,0,0,0,0,0,0,0,0,0,-20000,0,0,0,0,20000,-20000,-20000
054090,瑞昱群益97購01  ,0,0,0,0,0,0,0,0,0,-20000,0,0,0,0,20000,-20000,-20000
054884,友達統一99購01  ,0,0,0,0,0,0,0,0,0,-20000,0,0,0,0,20000,-20000,-20000
055080,正崴中信99購01  ,0,0,0,0,0,0,0,0,0,-20000,0,0,0,0,20000,-20000,-20000
055336,茂林兆豐98購01  ,0,0,0,0,0,0,0,0,0,-20000,0,0,0,0,20000,-20000,-20000
056073,智伸科元大97購01,0,0,0,0,0,0,0,0,0,-20000,0,0,0,0,20000,-20000,-20000
054376,聯茂中信97購01  ,0,0,0,0,0,0,0,0,0,-20000,0,0,0,0,20000,-20000,-20000
020016,統一MSCI美科技N ,0,0,0,0,0,0,0,0,0,-20000,0,0,0,46000,66000,-20000,-20000
020011,統一微波高息20N ,0,0,0,0,0,0,0,0,0,-20000,0,0,0,11000,31000,-20000,-20000
053609,華新中信9A購01  ,0,0,0,0,0,0,0,0,0,-20000,0,0,0,0,20000,-20000,-20000
053488,中石化兆豐97購01,0,0,0,0,0,0,0,0,0,-20000,0,0,0,0,20000,-20000,-20000
055575,華新科統一98購01,0,0,0,0,0,0,0,0,0,-20000,0,0,0,0,20000,-20000,-20000
049893,日月光富邦98購01,0,0,0,0,0,0,0,0,0,-20000,0,0,0,0,20000,-20000,-20000
049442,滬深2X統一99購01,0,0,0,0,0,0,0,0,0,-20000,0,0,0,0,20000,-20000,-20000
056247,台郡群益97購01  ,0,0,0,0,0,0,0,0,0,-20000,0,0,0,25000,45000,-20000,-20000
056300,聯發科元大97購23,0,0,0,0,0,0,0,0,0,-20000,0,0,0,0,20000,-20000,-20000
056157,聯詠凱基97購03  ,0,0,0,0,0,0,0,0,0,-20000,0,0,0,0,20000,-20000,-20000
057170,瑞昱元大98購01  ,0,0,0,0,0,0,0,0,0,-20000,0,0,0,0,20000,-20000,-20000
056319,智原群益98購02  ,0,0,0,0,0,0,0,0,0,-20000,0,0,0,0,20000,-20000,-20000
058020,大立光凱基99購03,0,0,0,0,0,0,0,0,0,-20000,0,0,0,0,20000,-20000,-20000
056748,T50反1兆豐99購01,0,0,0,0,0,0,0,0,0,-20000,0,0,0,0,20000,-20000,-20000
056716,康舒永豐98購01  ,0,0,0,0,0,0,0,0,0,-20000,0,0,0,0,20000,-20000,-20000
056555,矽創凱基98購01  ,0,0,0,0,0,0,0,0,0,-20000,0,0,0,0,20000,-20000,-20000
057261,瑞昱兆豐98購01  ,0,0,0,0,0,0,0,0,0,-20000,0,0,0,0,20000,-20000,-20000
057670,欣興元大99購02  ,0,0,0,0,0,0,0,0,0,-20000,0,0,0,0,20000,-20000,-20000
057709,電子類群益98購01,0,0,0,0,0,0,0,0,0,-20000,0,0,0,30000,50000,-20000,-20000
057346,鴻海統一98購13  ,0,0,0,0,0,0,0,0,0,-20000,0,0,0,5000,25000,-20000,-20000
057554,新日興凱基99購02,0,0,0,0,0,0,0,0,0,-20000,0,0,0,81000,101000,-20000,-20000
060977,亞德客元大9A購04,0,0,0,0,0,0,0,0,0,-20000,0,0,0,0,20000,-20000,-20000
061003,南亞科兆豐9A購01,0,0,0,0,0,0,0,0,0,-20000,0,0,0,0,20000,-20000,-20000
061088,國巨統一9C購05  ,0,0,0,0,0,0,0,0,0,-20000,0,0,0,0,20000,-20000,-20000
061056,臺指反國票02購01,0,0,0,0,0,0,0,0,0,-20000,0,0,0,0,20000,-20000,-20000
061384,T50反1群益9A購04,0,0,0,0,0,0,0,0,0,-20000,0,0,0,0,20000,-20000,-20000
06141P,大立光日盛97售01,0,0,0,0,0,0,0,0,0,-20000,0,0,0,0,20000,-20000,-20000
061515,泰碩永豐9A購03  ,0,0,0,0,0,0,0,0,0,-20000,0,0,0,0,20000,-20000,-20000
061519,T50反1中信03購01,0,0,0,0,0,0,0,0,0,-20000,0,0,0,0,20000,-20000,-20000
061549,泰碩群益9A購01  ,0,0,0,0,0,0,0,0,0,-20000,0,0,0,0,20000,-20000,-20000
061537,SP黃豆群益9A購02,0,0,0,0,0,0,0,0,0,-20000,0,0,0,0,20000,-20000,-20000
061632,SP黃豆元大9A購06,0,0,0,0,0,0,0,0,0,-20000,0,0,0,0,20000,-20000,-20000
058604,華邦電元大99購03,0,0,0,0,0,0,0,0,0,-20000,0,0,0,0,20000,-20000,-20000
058398,中環元大99購02  ,0,0,0,0,0,0,0,0,0,-20000,0,0,0,0,20000,-20000,-20000
058267,奇鋐永豐99購01  ,0,0,0,0,0,0,0,0,0,-20000,0,0,0,113000,133000,-20000,-20000
058282,聯茂中信99購01  ,0,0,0,0,0,0,0,0,0,-20000,0,0,0,0,20000,-20000,-20000
058315,TPK富邦9C購01   ,0,0,0,0,0,0,0,0,0,-20000,0,0,0,0,20000,-20000,-20000
058231,技嘉元大99購02  ,0,0,0,0,0,0,0,0,0,-20000,0,0,0,2000,22000,-20000,-20000
061765,義隆元大9B購01  ,0,0,0,0,0,0,0,0,0,-20000,0,0,0,20000,40000,-20000,-20000
058557,健策第一01購01  ,0,0,0,0,0,0,0,0,0,-20000,0,0,0,0,20000,-20000,-20000
059058,可成凱基9B購01  ,0,0,0,0,0,0,0,0,0,-20000,0,0,0,8000,28000,-20000,-20000
059048,元油2X凱基9A購11,0,0,0,0,0,0,0,0,0,-20000,0,0,0,15000,35000,-20000,-20000
059065,南電凱基9A購01  ,0,0,0,0,0,0,0,0,0,-20000,0,0,0,10000,30000,-20000,-20000
059020,元油2X統一9B購02,0,0,0,0,0,0,0,0,0,-20000,0,0,0,20000,40000,-20000,-20000
059450,和大永豐99購01  ,0,0,0,0,0,0,0,0,0,-20000,0,0,0,40000,60000,-20000,-20000
060017,全新康和99購01  ,0,0,0,0,0,0,0,0,0,-20000,0,0,0,74000,94000,-20000,-20000
059974,臺指反元大9C購05,0,0,0,0,0,0,0,0,0,-20000,0,0,0,0,20000,-20000,-20000
061674,聯發科元大9A購12,0,0,0,0,0,0,0,0,0,-20000,0,0,0,0,20000,-20000,-20000
060340,國巨統一01購02  ,0,0,0,0,0,0,0,0,0,-20000,0,0,0,0,20000,-20000,-20000
058868,元油2X國票99購06,0,0,0,0,0,0,0,0,0,-20000,0,0,0,0,20000,-20000,-20000
059928,道瓊銀富邦03購01,0,0,0,0,0,0,0,0,0,-20000,0,0,0,0,20000,-20000,-20000
060309,佳世達永豐9A購01,0,0,0,0,0,0,0,0,0,-20000,0,0,0,2000,22000,-20000,-20000
062180,瑞昱元大9B購03  ,0,0,0,0,0,0,0,0,0,-20000,0,0,0,0,20000,-20000,-20000
062079,聯發科元大9B購06,0,0,0,0,0,0,0,0,0,-20000,0,0,0,35000,55000,-20000,-20000
061850,國巨國票9C購02  ,0,0,0,0,0,0,0,0,0,-20000,0,0,0,0,20000,-20000,-20000
060709,緯穎富邦9B購01  ,0,0,0,0,0,0,0,0,0,-20000,0,0,0,52000,72000,-20000,-20000
060572,景碩永豐9A購01  ,0,0,0,0,0,0,0,0,0,-20000,0,0,0,31000,51000,-20000,-20000
064653,T50反1元大9C購08,0,0,0,0,0,0,0,0,0,-20000,0,0,0,0,20000,-20000,-20000
064338,美食元大9C購01  ,0,0,0,0,0,0,0,0,0,-20000,0,0,0,10000,30000,-20000,-20000
064381,道瓊銀國泰02購01,0,0,0,0,0,0,0,0,0,-20000,0,0,0,0,20000,-20000,-20000
063853,同欣電元大9C購02,0,0,0,0,0,0,0,0,0,-20000,0,0,0,12000,32000,-20000,-20000
062449,臻鼎元大9B購01  ,0,0,0,0,0,0,0,0,0,-20000,0,0,0,68000,88000,-20000,-20000
062954,世芯永豐9B購03  ,0,0,0,0,0,0,0,0,0,-20000,0,0,0,4000,24000,-20000,-20000
062796,技嘉統一9C購01  ,0,0,0,0,0,0,0,0,0,-20000,0,0,0,321000,341000,-20000,-20000
063530,同欣電凱基9C購02,0,0,0,0,0,0,0,0,0,-20000,0,0,0,58000,78000,-20000,-20000
063563,國巨元大9C購07  ,0,0,0,0,0,0,0,0,0,-20000,0,0,0,0,20000,-20000,-20000
063561,上銀元大9B購08  ,0,0,0,0,0,0,0,0,0,-20000,0,0,0,4000,24000,-20000,-20000
063328,京元電國票9C購02,0,20000,-20000,0,0,0,0,0,0,0,0,0,0,52000,52000,0,-20000
06340P,鴻海統一98售06  ,0,0,0,0,0,0,0,0,0,-20000,0,0,0,0,20000,-20000,-20000
063075,祥碩永豐9B購04  ,0,0,0,0,0,0,0,0,0,-20000,0,0,0,67000,87000,-20000,-20000
063104,大立光群益9C購02,0,0,0,0,0,0,0,0,0,-20000,0,0,0,0,20000,-20000,-20000
063036,聯發科凱基9B購11,0,0,0,0,0,0,0,0,0,-20000,0,0,0,0,20000,-20000,-20000
063066,同欣電麥證9B購01,0,0,0,0,20000,-20000,0,0,0,-20000,0,0,0,0,20000,-20000,-20000
063300,華通凱基9B購05  ,0,0,0,0,0,0,0,0,0,-20000,0,0,0,16000,36000,-20000,-20000
2413,環科            ,135000,155000,-20000,0,0,0,0,0,0,0,0,0,0,0,0,0,-20000
3058,立德            ,26000,46000,-20000,0,0,0,0,0,0,0,0,0,0,0,0,0,-20000
3416,融程電          ,0,16000,-16000,0,0,0,0,0,0,-4000,1000,0,1000,0,5000,-5000,-20000
2882A,國泰特          ,0,0,0,0,0,0,0,0,0,-20000,0,20000,-20000,0,0,0,-20000
3686,達能            ,0,20000,-20000,0,0,0,0,0,0,0,0,0,0,0,0,0,-20000
6582,申豐            ,83000,112000,-29000,0,0,0,0,0,0,9000,9000,0,9000,0,0,0,-20000
8463,潤泰材          ,19000,39000,-20000,0,0,0,0,0,0,0,0,0,0,0,0,0,-20000
07547P,緯穎凱基9A售05  ,0,0,0,0,0,0,0,0,0,-21000,0,0,0,0,21000,-21000,-21000
08104P,晶技元大9B售06  ,0,0,0,0,0,0,0,0,0,-21000,0,0,0,0,21000,-21000,-21000
08090P,嘉澤統一9B售01  ,0,0,0,0,0,0,0,0,0,-21000,0,0,0,0,21000,-21000,-21000
08308P,聯發科凱基01售03,0,0,0,0,0,0,0,0,0,-21000,0,0,0,0,21000,-21000,-21000
08441P,同欣電元富9C售01,0,0,0,0,0,0,0,0,0,-21000,0,0,0,70000,91000,-21000,-21000
08469P,富邦金凱基9C售01,0,0,0,0,0,0,0,0,0,-21000,0,0,0,121000,142000,-21000,-21000
1339,昭輝            ,19000,40000,-21000,0,0,0,0,0,0,0,0,0,0,0,0,0,-21000
1533,車王電          ,1000,22000,-21000,0,0,0,0,0,0,0,0,0,0,0,0,0,-21000
1737,臺鹽            ,0,21000,-21000,0,0,0,0,0,0,0,0,0,0,0,0,0,-21000
065058,東元群益9C購01  ,0,0,0,0,0,0,0,0,0,-21000,0,0,0,43000,64000,-21000,-21000
065392,華通群益01購02  ,0,0,0,0,0,0,0,0,0,-21000,0,0,0,53000,74000,-21000,-21000
065282,國巨群益9C購14  ,0,0,0,0,0,0,0,0,0,-21000,0,0,0,1000,22000,-21000,-21000
065721,中壽兆豐9C購01  ,0,0,0,0,0,0,0,0,0,-21000,0,0,0,10000,31000,-21000,-21000
061177,大立光凱基9A購10,0,0,0,0,0,0,0,0,0,-21000,0,0,0,0,21000,-21000,-21000
055811,國巨國票98購05  ,0,0,0,0,0,0,0,0,0,-21000,0,0,0,0,21000,-21000,-21000
053220,瀚宇博凱基98購01,0,0,0,0,0,0,0,0,0,-21000,0,0,0,0,21000,-21000,-21000
060632,可成富邦9B購01  ,0,0,0,0,0,0,0,0,0,-21000,0,0,0,20000,41000,-21000,-21000
058096,南電元大98購04  ,0,0,0,0,0,0,0,0,0,-21000,0,0,0,0,21000,-21000,-21000
061838,華新科凱基05購03,0,0,0,0,0,0,0,0,0,-21000,0,0,0,13000,34000,-21000,-21000
062122,國巨統一02購01  ,0,0,0,0,0,0,0,0,0,-21000,0,0,0,0,21000,-21000,-21000
059945,嘉澤永豐99購03  ,0,0,0,0,0,0,0,0,0,-21000,0,0,0,0,21000,-21000,-21000
060265,宏達電國票9A購02,0,0,0,0,0,0,0,0,0,-21000,0,0,0,62000,83000,-21000,-21000
060355,元金2X元富9C購01,0,0,0,0,0,0,0,0,0,-21000,0,0,0,2000,23000,-21000,-21000
061611,南六統一01購01  ,0,0,0,0,0,0,0,0,0,-21000,0,0,0,2000,23000,-21000,-21000
063319,神達群益9B購01  ,0,0,0,0,0,0,0,0,0,-21000,0,0,0,30000,51000,-21000,-21000
063287,嘉澤元大9B購05  ,0,0,0,0,0,0,0,0,0,-21000,0,0,0,320000,341000,-21000,-21000
064275,台光電元大9C購03,0,0,0,0,0,0,0,0,0,-21000,0,0,0,155000,176000,-21000,-21000
064377,宏達電元富9C購01,0,0,0,0,0,0,0,0,0,-21000,0,0,0,93000,114000,-21000,-21000
064818,華新統一01購01  ,0,0,0,0,0,0,0,0,0,-21000,0,0,0,0,21000,-21000,-21000
2887F,台新戊特二      ,0,0,0,0,0,0,0,0,0,-21000,0,21000,-21000,0,0,0,-21000
3013,晟銘電          ,1000,22000,-21000,0,0,0,0,0,0,0,0,0,0,0,0,0,-21000
2029,盛餘            ,2000,23000,-21000,0,0,0,0,0,0,0,0,0,0,0,0,0,-21000
065832,貿聯凱基02購03  ,0,0,0,0,0,0,0,0,0,-22000,0,0,0,74000,96000,-22000,-22000
065783,友訊永豐9C購02  ,0,0,0,0,0,0,0,0,0,-22000,0,0,0,166000,188000,-22000,-22000
065919,禾伸堂凱基02購01,0,0,0,0,0,0,0,0,0,-22000,0,0,0,0,22000,-22000,-22000
065414,立積永豐9C購01  ,0,0,0,0,0,0,0,0,0,-22000,0,0,0,78000,100000,-22000,-22000
065504,宏達電永豐9C購01,0,0,0,0,0,0,0,0,0,-22000,0,0,0,14000,36000,-22000,-22000
065096,世芯元大9C購03  ,0,0,0,0,0,0,0,0,0,-22000,0,0,0,166000,188000,-22000,-22000
065140,國巨凱基01購02  ,0,0,0,0,0,0,0,0,0,-22000,0,0,0,20000,42000,-22000,-22000
065169,華邦電元大9C購03,0,0,0,0,0,0,0,0,0,-22000,0,0,0,218000,240000,-22000,-22000
1589,永冠-KY         ,134000,86000,48000,0,0,0,0,0,0,-70000,0,70000,-70000,0,0,0,-22000
1464,得力            ,59000,88000,-29000,0,0,0,0,0,0,7000,0,0,0,19000,12000,7000,-22000
07906P,中租群益9B售02  ,0,0,0,0,0,0,0,0,0,-22000,0,0,0,112000,134000,-22000,-22000
07230P,滬深2X群益01售02,0,0,0,0,0,0,0,0,0,-22000,0,0,0,0,22000,-22000,-22000
048583,智原富邦98購01  ,0,0,0,0,0,0,0,0,0,-22000,0,0,0,10000,32000,-22000,-22000
057498,台郡元大98購04  ,0,0,0,0,0,0,0,0,0,-22000,0,0,0,68000,90000,-22000,-22000
057599,技嘉群益9A購01  ,0,0,0,0,0,0,0,0,0,-22000,0,0,0,20000,42000,-22000,-22000
057073,康控永豐98購01  ,0,0,0,0,0,0,0,0,0,-22000,0,0,0,0,22000,-22000,-22000
057169,微星元大98購01  ,0,0,0,0,0,0,0,0,0,-22000,0,0,0,1000,23000,-22000,-22000
057183,玉晶光元大99購07,0,0,0,0,0,0,0,0,0,-22000,0,0,0,10000,32000,-22000,-22000
061336,國巨元大9A購20  ,0,0,0,0,0,0,0,0,0,-22000,0,0,0,10000,32000,-22000,-22000
059052,為升凱基99購01  ,0,0,0,0,0,0,0,0,0,-22000,0,0,0,0,22000,-22000,-22000
058443,T50正2富邦01購01,0,0,0,0,0,0,0,0,0,-22000,0,0,0,5000,27000,-22000,-22000
062107,台光電國票9B購01,0,0,0,0,0,0,0,0,0,-22000,0,0,0,72000,94000,-22000,-22000
064437,可成凱基02購01  ,0,0,0,0,0,0,0,0,0,-22000,0,0,0,1000,23000,-22000,-22000
063735,華新科元大9B購15,0,0,0,0,0,0,0,0,0,-22000,0,0,0,28000,50000,-22000,-22000
063463,瑞昱元大9B購05  ,0,0,0,0,0,0,0,0,0,-22000,0,0,0,2000,24000,-22000,-22000
063600,燿華凱基9B購04  ,0,0,0,0,0,0,0,0,0,-22000,0,0,0,9000,31000,-22000,-22000
062499,鴻海群益01購01  ,0,0,0,0,0,0,0,0,0,-22000,0,0,0,7000,29000,-22000,-22000
062486,瑞昱富邦9B購01  ,0,0,0,0,0,0,0,0,0,-22000,0,0,0,4000,26000,-22000,-22000
062489,可成永豐9B購02  ,0,0,0,0,0,0,0,0,0,-22000,0,0,0,0,22000,-22000,-22000
062472,大立光凱基9B購04,0,0,0,0,0,0,0,0,0,-22000,0,0,0,41000,63000,-22000,-22000
062288,南六群益9B購01  ,0,0,0,0,0,0,0,0,0,-22000,0,0,0,0,22000,-22000,-22000
2607,榮運            ,43000,63000,-20000,0,0,0,0,0,0,-2000,0,2000,-2000,0,0,0,-22000
4552,力達-KY         ,38000,60000,-22000,0,0,0,0,0,0,0,0,0,0,0,0,0,-22000
08062P,華擎國票9B售03  ,0,0,0,0,0,0,0,0,0,-23000,0,0,0,25000,48000,-23000,-23000
08595P,南電群益9C售03  ,0,0,0,0,0,0,0,0,0,-23000,0,0,0,20000,43000,-23000,-23000
08549P,大立光元大9C售25,0,0,0,0,0,0,0,0,0,-23000,0,0,0,31000,54000,-23000,-23000
065035,世芯統一01購03  ,0,0,0,0,0,0,0,0,0,-23000,0,0,0,9000,32000,-23000,-23000
065239,超眾凱基02購02  ,0,0,0,0,0,0,0,0,0,-23000,0,0,0,51000,74000,-23000,-23000
06624P,訊芯元大98售06  ,0,0,0,0,0,0,0,0,0,-23000,0,0,0,0,23000,-23000,-23000
066077,健策凱基01購01  ,0,0,0,0,0,0,0,0,0,-23000,0,0,0,27000,50000,-23000,-23000
056144,GIS元大98購01   ,0,0,0,0,0,0,0,0,0,-23000,0,0,0,49000,72000,-23000,-23000
056164,聯茂凱基98購03  ,0,0,0,0,0,0,0,0,0,-23000,0,0,0,0,23000,-23000,-23000
054538,台光電國票98購01,0,0,0,0,0,0,0,0,0,-23000,0,0,0,0,23000,-23000,-23000
054059,欣興國票97購03  ,0,0,0,0,0,0,0,0,0,-23000,0,0,0,10000,33000,-23000,-23000
057003,立積國票98購01  ,0,0,0,0,0,0,0,0,0,-23000,0,0,0,25000,48000,-23000,-23000
057843,晶技永豐98購02  ,0,0,0,0,0,0,0,0,0,-23000,0,0,0,0,23000,-23000,-23000
061851,智邦國票9B購01  ,0,0,0,0,0,0,0,0,0,-23000,0,0,0,10000,33000,-23000,-23000
059986,宏達電元大99購08,0,0,0,0,0,0,0,0,0,-23000,0,0,0,65000,88000,-23000,-23000
058175,旺宏凱基99購03  ,0,0,0,0,0,0,0,0,0,-23000,0,0,0,20000,43000,-23000,-23000
058570,臻鼎凱基9A購01  ,0,0,0,0,0,0,0,0,0,-23000,0,0,0,12000,35000,-23000,-23000
060188,華新科元富9A購03,0,0,0,0,0,0,0,0,0,-23000,0,0,0,78000,101000,-23000,-23000
063715,鈺齊凱基9C購01  ,0,0,0,0,0,0,0,0,0,-23000,0,0,0,170000,193000,-23000,-23000
064258,臻鼎國泰01購02  ,0,0,0,0,0,0,0,0,0,-23000,0,0,0,78000,101000,-23000,-23000
064233,燿華統一9C購02  ,0,0,0,0,0,0,0,0,0,-23000,0,0,0,16000,39000,-23000,-23000
064225,健策國票01購02  ,0,0,0,0,0,0,0,0,0,-23000,0,0,0,0,23000,-23000,-23000
064086,旺宏凱基9C購01  ,0,0,0,0,0,0,0,0,0,-23000,0,0,0,113000,136000,-23000,-23000
064471,國巨麥證9C購02  ,0,0,0,20000,43000,-23000,0,0,0,-23000,0,0,0,20000,43000,-23000,-23000
064626,聯茂元大9C購01  ,0,0,0,0,0,0,0,0,0,-23000,0,0,0,77000,100000,-23000,-23000
2423,固緯            ,1000,24000,-23000,0,0,0,0,0,0,0,0,0,0,0,0,0,-23000
8341,日友            ,66000,88000,-22000,0,0,0,0,0,0,-1000,0,1000,-1000,0,0,0,-23000
00652,富邦印度        ,76000,13000,63000,0,0,0,0,0,0,-86483,0,0,0,102517,189000,-86483,-23483
065853,智伸科元大9C購02,1000,0,1000,0,0,0,0,0,0,-25000,0,0,0,217000,242000,-25000,-24000
065970,燿華元大02購01  ,0,0,0,0,0,0,0,0,0,-24000,0,0,0,0,24000,-24000,-24000
065758,嘉澤元大9C購03  ,0,0,0,0,0,0,0,0,0,-24000,0,0,0,65000,89000,-24000,-24000
08575P,長榮航凱基9C售02,0,0,0,0,0,0,0,0,0,-24000,0,0,0,0,24000,-24000,-24000
08648P,健策凱基9C售05  ,0,0,0,0,0,0,0,0,0,-24000,0,0,0,55000,79000,-24000,-24000
1507,永大            ,24000,47000,-23000,0,0,0,0,0,0,-1000,0,1000,-1000,0,0,0,-24000
08053P,臺股指國票9B售18,0,0,0,0,0,0,0,0,0,-24000,0,0,0,10000,34000,-24000,-24000
051431,群創元富99購02  ,0,0,0,0,0,0,0,0,0,-24000,0,0,0,0,24000,-24000,-24000
055382,台郡元大99購01  ,0,0,0,0,0,0,0,0,0,-24000,0,0,0,0,24000,-24000,-24000
054766,智原國票98購01  ,0,0,0,0,0,0,0,0,0,-24000,0,0,0,20000,44000,-24000,-24000
053866,景碩元大97購02  ,0,0,0,0,0,0,0,0,0,-24000,0,0,0,6000,30000,-24000,-24000
057063,立積國泰9A購01  ,0,0,0,0,0,0,0,0,0,-24000,0,0,0,69000,93000,-24000,-24000
056739,美律凱基98購04  ,0,0,0,0,0,0,0,0,0,-24000,0,0,0,60000,84000,-24000,-24000
056442,瑞昱凱基98購02  ,0,0,0,0,0,0,0,0,0,-24000,0,0,0,6000,30000,-24000,-24000
061188,大成鋼富邦9B購01,0,0,0,0,0,0,0,0,0,-24000,0,0,0,5000,29000,-24000,-24000
061259,台積電凱基9A購21,0,0,0,0,0,0,0,0,0,-24000,0,0,0,0,24000,-24000,-24000
058474,鴻海凱基9A購06  ,0,0,0,0,0,0,0,0,0,-24000,0,0,0,96000,120000,-24000,-24000
058410,國巨兆豐99購03  ,0,0,0,0,0,0,0,0,0,-24000,0,0,0,1000,25000,-24000,-24000
060144,全新國票9B購01  ,0,0,0,0,0,0,0,0,0,-24000,0,0,0,141000,165000,-24000,-24000
060836,上銀國票9A購03  ,0,0,0,0,0,0,0,0,0,-24000,0,0,0,0,24000,-24000,-24000
064307,聚陽群益9C購03  ,0,0,0,0,0,0,0,0,0,-24000,0,0,0,85000,109000,-24000,-24000
064054,中租統一02購01  ,0,0,0,0,0,0,0,0,0,-24000,0,0,0,108000,132000,-24000,-24000
063934,寶成統一02購01  ,0,0,0,0,0,0,0,0,0,-24000,0,0,0,76000,100000,-24000,-24000
062320,南電凱基9B購03  ,0,0,0,0,0,0,0,0,0,-24000,0,0,0,5000,29000,-24000,-24000
062645,國巨國泰9B購08  ,0,0,0,0,0,0,0,0,0,-24000,0,0,0,85000,109000,-24000,-24000
063382,南茂永豐9B購01  ,0,0,0,0,0,0,0,0,0,-24000,0,0,0,63000,87000,-24000,-24000
3346,麗清            ,6000,30000,-24000,0,0,0,0,0,0,0,0,0,0,0,0,0,-24000
08081P,台灣50元大9B售20,0,0,0,0,0,0,0,0,0,-25000,0,0,0,0,25000,-25000,-25000
07953P,健策元大9B售07  ,0,0,0,0,0,0,0,0,0,-25000,0,0,0,65000,90000,-25000,-25000
07987P,大立光統一9B售13,0,0,0,0,0,0,0,0,0,-25000,0,0,0,0,25000,-25000,-25000
08612P,嘉晶凱基9C售03  ,0,0,0,0,0,0,0,0,0,-25000,0,0,0,0,25000,-25000,-25000
08670P,健策統一01售01  ,0,0,0,0,0,0,0,0,0,-25000,0,0,0,0,25000,-25000,-25000
08658P,聯發科統一9C售19,0,0,0,0,0,0,0,0,0,-25000,0,0,0,5000,30000,-25000,-25000
1437,勤益控          ,1000,26000,-25000,0,0,0,0,0,0,0,0,0,0,0,0,0,-25000
08219P,上銀凱基9B售08  ,0,0,0,0,0,0,0,0,0,-25000,0,0,0,4000,29000,-25000,-25000
065572,泰碩群益01購01  ,0,0,0,0,0,0,0,0,0,-25000,0,0,0,0,25000,-25000,-25000
06533P,上証2X中信9B售01,0,0,0,0,0,0,0,0,0,-25000,0,0,0,350000,375000,-25000,-25000
065409,鴻海永豐9C購01  ,0,0,0,0,0,0,0,0,0,-25000,0,0,0,7000,32000,-25000,-25000
061223,T50反1中信01購01,0,0,0,0,0,0,0,0,0,-25000,0,0,0,0,25000,-25000,-25000
060934,台汽電永豐9A購02,0,0,0,0,0,0,0,0,0,-25000,0,0,0,0,25000,-25000,-25000
056747,致新凱基99購01  ,0,0,0,0,0,0,0,0,0,-25000,0,0,0,0,25000,-25000,-25000
056557,世紀鋼凱基98購02,0,0,0,0,0,0,0,0,0,-25000,0,0,0,0,25000,-25000,-25000
056139,貿聯元大97購04  ,0,0,0,0,0,0,0,0,0,-25000,0,0,0,78000,103000,-25000,-25000
054778,世紀鋼國票99購01,0,0,0,0,0,0,0,0,0,-25000,0,0,0,40000,65000,-25000,-25000
055108,智邦凱基98購01  ,0,0,0,0,0,0,0,0,0,-25000,0,0,0,55000,80000,-25000,-25000
057794,T50反1兆豐99購02,0,0,0,0,0,0,0,0,0,-25000,0,0,0,0,25000,-25000,-25000
056963,建準永豐98購01  ,0,0,0,0,0,0,0,0,0,-25000,0,0,0,56000,81000,-25000,-25000
055631,創意永豐98購01  ,0,0,0,0,0,0,0,0,0,-25000,0,0,0,0,25000,-25000,-25000
00688L,國泰20年美債正2 ,0,0,0,0,0,0,0,0,0,-25000,0,0,0,100000,125000,-25000,-25000
052434,茂林國泰97購01  ,0,0,0,0,0,0,0,0,0,-25000,0,0,0,15000,40000,-25000,-25000
03603P,群創凱基98售04  ,0,0,0,0,0,0,0,0,0,-25000,0,0,0,0,25000,-25000,-25000
060799,茂林永豐9A購01  ,0,0,0,0,0,0,0,0,0,-25000,0,0,0,1000,26000,-25000,-25000
060145,牧德國票9A購02  ,0,0,0,0,0,0,0,0,0,-25000,0,0,0,4000,29000,-25000,-25000
058433,台積電統一9B購04,0,0,0,0,0,0,0,0,0,-25000,0,0,0,57000,82000,-25000,-25000
059115,美食永豐99購01  ,0,0,0,0,0,0,0,0,0,-25000,0,0,0,0,25000,-25000,-25000
058681,大立光康和9B購01,0,0,0,0,0,0,0,0,0,-25000,0,0,0,0,25000,-25000,-25000
058675,康控群益9B購01  ,0,0,0,0,0,0,0,0,0,-25000,0,0,0,10000,35000,-25000,-25000
061448,旺宏中信9A購02  ,0,0,0,0,0,0,0,0,0,-25000,0,0,0,0,25000,-25000,-25000
063590,華擎永豐9B購01  ,0,0,0,0,0,0,0,0,0,-25000,0,0,0,216000,241000,-25000,-25000
06353P,電子類富邦99售02,0,0,0,0,0,0,0,0,0,-25000,0,0,0,130000,155000,-25000,-25000
063506,嘉晶群益9B購01  ,0,0,0,0,0,0,0,0,0,-25000,0,0,0,276000,301000,-25000,-25000
062907,可成元大9C購03  ,0,0,0,0,0,0,0,0,0,-25000,0,0,0,4000,29000,-25000,-25000
062315,健策凱基9C購01  ,0,0,0,0,0,0,0,0,0,-25000,0,0,0,24000,49000,-25000,-25000
063816,TPK群益9C購01   ,0,0,0,0,0,0,0,0,0,-25000,0,0,0,0,25000,-25000,-25000
064154,大立光統一01購04,0,0,0,0,0,0,0,0,0,-25000,0,0,0,74000,99000,-25000,-25000
2450,神腦            ,22000,47000,-25000,0,0,0,0,0,0,0,0,0,0,0,0,0,-25000
2017,官田鋼          ,24000,49000,-25000,0,0,0,0,0,0,0,0,0,0,0,0,0,-25000
8466,美吉吉-KY       ,0,24000,-24000,0,0,0,0,0,0,-1000,0,1000,-1000,0,0,0,-25000
6192,巨路            ,14000,39000,-25000,0,0,0,0,0,0,0,0,0,0,0,0,0,-25000
065367,技嘉元大01購01  ,0,0,0,0,0,0,0,0,0,-26000,0,0,0,195000,221000,-26000,-26000
065753,正崴元大9C購02  ,0,0,0,0,0,0,0,0,0,-26000,0,0,0,10000,36000,-26000,-26000
06845P,億光元大98售02  ,0,0,0,0,0,0,0,0,0,-26000,0,0,0,105000,131000,-26000,-26000
08542P,台勝科國票02售01,0,0,0,0,0,0,0,0,0,-26000,0,0,0,0,26000,-26000,-26000
1307,三芳            ,20000,45000,-25000,0,0,0,0,0,0,-1000,0,1000,-1000,0,0,0,-26000
1527,鑽全            ,2000,28000,-26000,0,0,0,0,0,0,0,0,0,0,0,0,0,-26000
057870,大立光凱基99購02,0,0,0,0,0,0,0,0,0,-26000,0,0,0,0,26000,-26000,-26000
057062,立積國泰99購01  ,0,0,0,0,0,0,0,0,0,-26000,0,0,0,73000,99000,-26000,-26000
056709,華通永豐98購01  ,0,0,0,0,0,0,0,0,0,-26000,0,0,0,35000,61000,-26000,-26000
060897,健策凱基9A購04  ,0,0,0,0,0,0,0,0,0,-26000,0,0,0,9000,35000,-26000,-26000
057485,友達元大9C購04  ,0,0,0,0,0,0,0,0,0,-26000,0,0,0,30000,56000,-26000,-26000
061401,華擎兆豐9B購01  ,0,0,0,0,0,0,0,0,0,-26000,0,0,0,2000,28000,-26000,-26000
061499,嘉晶國票9A購03  ,0,0,0,0,0,0,0,0,0,-26000,0,0,0,7000,33000,-26000,-26000
059274,國巨元大99購22  ,0,0,0,0,0,0,0,0,0,-26000,0,0,0,0,26000,-26000,-26000
058495,元大金群益9B購01,0,0,0,0,0,0,0,0,0,-26000,0,0,0,199000,225000,-26000,-26000
060814,健策凱基9B購01  ,0,0,0,0,0,0,0,0,0,-26000,0,0,0,9000,35000,-26000,-26000
062046,矽格凱基9B購01  ,0,0,0,0,0,0,0,0,0,-26000,0,0,0,347000,373000,-26000,-26000
061902,百和永豐9B購01  ,0,0,0,0,0,0,0,0,0,-26000,0,0,0,0,26000,-26000,-26000
06405P,億光元富97售02  ,0,0,0,0,0,0,0,0,0,-26000,0,0,0,0,26000,-26000,-26000
063673,GIS統一9C購02   ,0,0,0,0,0,0,0,0,0,-26000,0,0,0,15000,41000,-26000,-26000
064493,南亞科元大9C購01,0,0,0,0,0,0,0,0,0,-26000,0,0,0,50000,76000,-26000,-26000
06259P,臺股指群益97售12,0,0,0,0,0,0,0,0,0,-26000,0,0,0,6000,32000,-26000,-26000
062593,健策統一9B購03  ,0,0,0,0,0,0,0,0,0,-26000,0,0,0,0,26000,-26000,-26000
063444,金像電統一03購01,0,0,0,0,0,0,0,0,0,-26000,0,0,0,94000,120000,-26000,-26000
2453,凌群            ,164000,190000,-26000,0,0,0,0,0,0,0,0,0,0,0,0,0,-26000
3617,碩天            ,4000,15000,-11000,0,0,0,0,15000,-15000,0,0,0,0,0,0,0,-26000
3004,豐達科          ,6000,30000,-24000,0,0,0,0,2000,-2000,0,0,0,0,0,0,0,-26000
4540,全球傳動        ,21000,47000,-26000,0,0,0,0,0,0,0,0,0,0,0,0,0,-26000
4306,炎洲            ,119000,145000,-26000,0,0,0,0,0,0,0,5000,5000,0,0,0,0,-26000
07757P,國巨國票9B售04  ,0,0,0,0,0,0,0,0,0,-27000,0,0,0,0,27000,-27000,-27000
07215P,大立光凱基99售07,0,0,0,0,0,0,0,0,0,-27000,0,0,0,3000,30000,-27000,-27000
065849,景碩元大9C購03  ,0,0,0,0,0,0,0,0,0,-27000,0,0,0,6000,33000,-27000,-27000
065519,台勝科群益9C購02,0,0,0,0,0,0,0,0,0,-27000,0,0,0,23000,50000,-27000,-27000
065634,聯發科國票9C購06,0,0,0,0,0,0,0,0,0,-27000,0,0,0,13000,40000,-27000,-27000
060911,大毅元大9A購01  ,0,0,0,0,0,0,0,0,0,-27000,0,0,0,0,27000,-27000,-27000
061230,臺指反元大01購04,0,0,0,0,0,0,0,0,0,-27000,0,0,0,16000,43000,-27000,-27000
056721,台灣50永昌9A購01,0,0,0,0,0,0,0,0,0,-27000,0,0,0,35000,62000,-27000,-27000
056109,彩晶永豐98購01  ,0,0,0,0,0,0,0,0,0,-27000,0,0,0,0,27000,-27000,-27000
057894,華通元富02購02  ,0,0,0,0,0,0,0,0,0,-27000,0,0,0,96000,123000,-27000,-27000
00684R,元大美元指數反1 ,0,0,0,0,0,0,0,0,0,-27000,0,0,0,0,27000,-27000,-27000
052313,聯電元大98購01  ,0,0,0,0,0,0,0,0,0,-27000,0,0,0,43000,70000,-27000,-27000
061909,台積電中信05購02,0,0,0,0,0,0,0,0,0,-27000,0,0,0,5000,32000,-27000,-27000
060361,南亞科元富9A購03,0,0,0,0,0,0,0,0,0,-27000,0,0,0,63000,90000,-27000,-27000
06037P,超眾國票98售02  ,0,0,0,0,0,0,0,0,0,-27000,0,0,0,10000,37000,-27000,-27000
060287,燿華元大9A購01  ,0,0,0,0,0,0,0,0,0,-27000,0,0,0,23000,50000,-27000,-27000
058982,台積電凱基99購08,0,0,0,0,0,0,0,0,0,-27000,0,0,0,95000,122000,-27000,-27000
061480,泰碩元大9B購01  ,0,0,0,0,0,0,0,0,0,-27000,0,0,0,0,27000,-27000,-27000
061474,瑞昱元大9A購04  ,0,0,0,0,0,0,0,0,0,-27000,0,0,0,53000,80000,-27000,-27000
064462,致伸統一02購01  ,0,0,0,0,0,0,0,0,0,-27000,0,0,0,30000,57000,-27000,-27000
06388P,鴻海兆豐97售04  ,0,0,0,0,0,0,0,0,0,-27000,0,0,0,0,27000,-27000,-27000
063911,大立光凱基9C購03,0,0,0,0,0,0,0,0,0,-27000,0,0,0,65000,92000,-27000,-27000
07164P,臺股指群益99售15,0,0,0,0,0,0,0,0,0,-28000,0,0,0,132000,160000,-28000,-28000
06923P,鴻海群益98售09  ,0,0,0,0,0,0,0,0,0,-28000,0,0,0,2000,30000,-28000,-28000
07770P,台積電國票9A售07,0,0,0,0,0,0,0,0,0,-28000,0,0,0,0,28000,-28000,-28000
08006P,長榮航中信03售01,0,0,0,0,0,0,0,0,0,-28000,0,0,0,50000,78000,-28000,-28000
08562P,南電國票01售03  ,0,0,0,0,0,0,0,0,0,-28000,0,0,0,2000,30000,-28000,-28000
08230P,台表科國票9C售03,0,0,0,0,0,0,0,0,0,-28000,0,0,0,58000,86000,-28000,-28000
08326P,臺股指凱基9C售09,0,0,0,0,0,0,0,0,0,-28000,0,0,0,0,28000,-28000,-28000
020015,統一MSCI美低波N ,0,0,0,0,0,0,0,0,0,-28000,0,0,0,20000,48000,-28000,-28000
054751,GIS凱基98購01   ,0,0,0,0,0,0,0,0,0,-28000,0,0,0,4000,32000,-28000,-28000
054628,可成凱基98購01  ,0,0,0,0,0,0,0,0,0,-28000,0,0,0,10000,38000,-28000,-28000
056783,國巨群益99購01  ,0,0,0,0,0,0,0,0,0,-28000,0,0,0,10000,38000,-28000,-28000
058598,T50反1元大99購04,0,0,0,0,0,0,0,0,0,-28000,0,0,0,50000,78000,-28000,-28000
059049,元油2X凱基9A購12,0,0,0,0,0,0,0,0,0,-28000,0,0,0,0,28000,-28000,-28000
059829,超眾凱基99購05  ,0,0,0,0,0,0,0,0,0,-28000,0,0,0,0,28000,-28000,-28000
059683,康控富邦9C購01  ,0,0,0,0,0,0,0,0,0,-28000,0,0,0,0,28000,-28000,-28000
061870,智邦元大9B購02  ,0,0,0,0,0,0,0,0,0,-28000,0,0,0,232000,260000,-28000,-28000
060684,同欣電元大9A購01,0,0,0,0,0,0,0,0,0,-28000,0,0,0,5000,33000,-28000,-28000
063897,神達群益9C購01  ,0,0,0,0,0,0,0,0,0,-28000,0,0,0,57000,85000,-28000,-28000
064101,可成群益01購01  ,0,0,0,0,0,0,0,0,0,-28000,0,0,0,3000,31000,-28000,-28000
064644,台光電凱基9C購01,0,0,0,0,0,0,0,0,0,-28000,0,0,0,189000,217000,-28000,-28000
063523,微星凱基9B購03  ,0,0,0,0,0,0,0,0,0,-28000,0,0,0,0,28000,-28000,-28000
062450,臻鼎元大9B購02  ,0,0,0,0,0,0,0,0,0,-28000,0,0,0,50000,78000,-28000,-28000
5907,大洋-KY         ,8000,36000,-28000,0,0,0,0,0,0,0,0,0,0,0,0,0,-28000
6184,大豐電          ,4000,32000,-28000,0,0,0,0,0,0,0,0,0,0,0,0,0,-28000
1446,宏和            ,0,29000,-29000,0,0,0,0,0,0,0,0,0,0,0,0,0,-29000
065987,大毅永豐01購01  ,0,0,0,0,0,0,0,0,0,-29000,0,0,0,0,29000,-29000,-29000
065023,大毅永豐9C購01  ,0,0,0,0,0,0,0,0,0,-29000,0,0,0,0,29000,-29000,-29000
057931,正崴群益98購02  ,0,0,0,0,0,0,0,0,0,-29000,0,0,0,72000,101000,-29000,-29000
057558,致新凱基98購01  ,0,0,0,0,0,0,0,0,0,-29000,0,0,0,0,29000,-29000,-29000
054375,貿聯中信99購01  ,0,0,0,0,0,0,0,0,0,-29000,0,0,0,1000,30000,-29000,-29000
052277,台達電凱基97購01,0,0,0,0,0,0,0,0,0,-29000,0,0,0,11000,40000,-29000,-29000
058075,貿聯凱基99購02  ,0,0,0,0,0,0,0,0,0,-29000,0,0,0,41000,70000,-29000,-29000
058775,台積電國票9A購02,0,0,0,0,0,0,0,0,0,-29000,0,0,0,29000,58000,-29000,-29000
059334,A50正2國票9A購02,0,0,0,0,0,0,0,0,0,-29000,0,0,0,17000,46000,-29000,-29000
060162,碩天永豐9A購01  ,0,0,0,0,0,0,0,0,0,-29000,0,0,0,0,29000,-29000,-29000
061586,智邦富邦9A購02  ,0,0,0,0,0,0,0,0,0,-29000,0,0,0,32000,61000,-29000,-29000
062850,友訊永豐9B購01  ,0,0,0,0,0,0,0,0,0,-29000,0,0,0,42000,71000,-29000,-29000
062632,嘉晶國票9B購01  ,0,0,0,0,0,0,0,0,0,-29000,0,0,0,15000,44000,-29000,-29000
062719,微星凱基9B購01  ,0,0,0,0,0,0,0,0,0,-29000,0,0,0,114000,143000,-29000,-29000
063428,矽創凱基9B購02  ,0,0,0,0,0,0,0,0,0,-29000,0,0,0,1000,30000,-29000,-29000
063215,台表科國票9C購02,0,0,0,0,0,0,0,0,0,-29000,0,0,0,0,29000,-29000,-29000
064020,華通元大01購01  ,0,0,0,0,0,0,0,0,0,-29000,0,0,0,56000,85000,-29000,-29000
063667,全新統一01購02  ,0,0,0,0,0,0,0,0,0,-29000,0,0,0,218000,247000,-29000,-29000
4104,佳醫            ,15000,44000,-29000,0,0,0,0,0,0,0,0,0,0,0,0,0,-29000
2488,漢平            ,1000,30000,-29000,0,0,0,0,0,0,0,0,0,0,0,0,0,-29000
2748,雲品            ,3000,32000,-29000,0,0,0,0,0,0,0,0,0,0,0,0,0,-29000
06502P,A50中信98售01   ,0,0,0,0,0,0,0,0,0,-30000,0,0,0,0,30000,-30000,-30000
064922,玉晶光統一01購10,0,0,0,0,0,0,0,0,0,-30000,0,0,0,0,30000,-30000,-30000
06504P,麗豐國票99售02  ,0,0,0,0,0,0,0,0,0,-30000,0,0,0,0,30000,-30000,-30000
065413,玉晶光永豐9C購10,0,0,0,0,0,0,0,0,0,-30000,0,0,0,0,30000,-30000,-30000
065240,矽創凱基01購01  ,0,0,0,0,0,0,0,0,0,-30000,0,0,0,0,30000,-30000,-30000
065993,立積永豐01購02  ,0,0,0,0,0,0,0,0,0,-30000,0,0,0,0,30000,-30000,-30000
065883,康友台新9C購01  ,0,0,0,0,0,0,0,0,0,-30000,0,0,0,19000,49000,-30000,-30000
06886P,旺宏元大99售07  ,0,0,0,0,0,0,0,0,0,-30000,0,0,0,0,30000,-30000,-30000
06751P,旺宏凱基98售10  ,0,0,0,0,0,0,0,0,0,-30000,0,0,0,0,30000,-30000,-30000
066082,康友國泰03購01  ,0,0,0,0,0,0,0,0,0,-30000,0,0,0,40000,70000,-30000,-30000
066073,奇鋐凱基01購01  ,0,0,0,0,0,0,0,0,0,-30000,0,0,0,0,30000,-30000,-30000
06712P,臺股指台新99售09,0,0,0,0,0,0,0,0,0,-30000,0,0,0,0,30000,-30000,-30000
06558P,旺宏元富98售02  ,0,0,0,0,0,0,0,0,0,-30000,0,0,0,0,30000,-30000,-30000
1710,東聯            ,66000,96000,-30000,0,0,0,0,0,0,0,0,0,0,0,0,0,-30000
08329P,台達電統一9C售02,0,0,0,0,0,0,0,0,0,-30000,0,0,0,10000,40000,-30000,-30000
08235P,南電國泰9C售03  ,0,0,0,0,0,0,0,0,0,-30000,0,0,0,150000,180000,-30000,-30000
08016P,臺股指凱基02售02,0,0,0,0,0,0,0,0,0,-30000,0,0,0,0,30000,-30000,-30000
08122P,晶技國票9C售01  ,0,0,0,0,0,0,0,0,0,-30000,0,0,0,0,30000,-30000,-30000
08037P,台表科群益9B售02,0,0,0,0,0,0,0,0,0,-30000,0,0,0,180000,210000,-30000,-30000
07780P,美律凱基9A售02  ,0,0,0,0,0,0,0,0,0,-30000,0,0,0,0,30000,-30000,-30000
07676P,華新科永豐9A售02,0,0,0,0,0,0,0,0,0,-30000,0,0,0,0,30000,-30000,-30000
07800P,華新科國泰9B售04,0,0,0,0,0,0,0,0,0,-30000,0,0,0,24000,54000,-30000,-30000
07820P,臺股指國票9A售11,0,0,0,0,0,0,0,0,0,-30000,0,0,0,0,30000,-30000,-30000
07023P,南電永豐99售02  ,0,0,0,0,0,0,0,0,0,-30000,0,0,0,0,30000,-30000,-30000
07233P,台灣50元大99售04,0,0,0,0,0,0,0,0,0,-30000,0,0,0,50000,80000,-30000,-30000
07218P,臺股指凱基99售31,0,0,0,0,0,0,0,0,0,-30000,0,0,0,120000,150000,-30000,-30000
07408P,台積電兆豐99售06,0,0,0,0,0,0,0,0,0,-30000,0,0,0,36000,66000,-30000,-30000
054640,健策中信9B購01  ,0,0,0,0,0,0,0,0,0,-30000,0,0,0,429000,459000,-30000,-30000
054138,晶技元大98購02  ,0,0,0,0,0,0,0,0,0,-30000,0,0,0,0,30000,-30000,-30000
057891,華新科統一9A購01,0,0,0,0,0,0,0,0,0,-30000,0,0,0,0,30000,-30000,-30000
055438,鴻海國票98購01  ,0,0,0,0,0,0,0,0,0,-30000,0,0,0,0,30000,-30000,-30000
057529,嘉晶元大99購02  ,0,0,0,0,0,0,0,0,0,-30000,0,0,0,2000,32000,-30000,-30000
057286,群創元大9B購05  ,0,0,0,0,0,0,0,0,0,-30000,0,0,0,0,30000,-30000,-30000
057101,新光金中信9A購01,0,0,0,0,0,0,0,0,0,-30000,0,0,0,0,30000,-30000,-30000
058006,台郡群益98購04  ,0,0,0,0,0,0,0,0,0,-30000,0,0,0,0,30000,-30000,-30000
056795,鴻海麥證98購01  ,0,0,0,2000,30000,-28000,0,0,0,-30000,0,0,0,2000,32000,-30000,-30000
056707,鴻海富邦99購03  ,0,0,0,0,0,0,0,0,0,-30000,0,0,0,0,30000,-30000,-30000
056609,楠梓電永豐98購02,0,0,0,0,0,0,0,0,0,-30000,0,0,0,100000,130000,-30000,-30000
056600,聯茂元富98購01  ,0,0,0,0,0,0,0,0,0,-30000,0,0,0,0,30000,-30000,-30000
061759,上証反元大02購01,0,0,0,0,0,0,0,0,0,-30000,0,0,0,0,30000,-30000,-30000
061449,大立光中信9C購02,0,0,0,0,0,0,0,0,0,-30000,0,0,0,0,30000,-30000,-30000
061404,臺指反國票04購01,0,0,0,0,0,0,0,0,0,-30000,0,0,0,0,30000,-30000,-30000
060513,緯穎元大9B購01  ,0,0,0,0,0,0,0,0,0,-30000,0,0,0,135000,165000,-30000,-30000
058622,國巨國票99購07  ,0,0,0,0,0,0,0,0,0,-30000,0,0,0,11000,41000,-30000,-30000
058577,南亞科群益99購02,0,0,0,0,0,0,0,0,0,-30000,0,0,0,0,30000,-30000,-30000
058774,台郡兆豐9A購01  ,0,0,0,0,0,0,0,0,0,-30000,0,0,0,252000,282000,-30000,-30000
058924,晶相光元富99購02,0,0,0,0,0,0,0,0,0,-30000,0,0,0,0,30000,-30000,-30000
059119,華擎永豐99購02  ,0,0,0,0,0,0,0,0,0,-30000,0,0,0,0,30000,-30000,-30000
058555,矽創永豐9A購01  ,0,0,0,0,0,0,0,0,0,-30000,0,0,0,0,30000,-30000,-30000
058145,聯茂元大99購03  ,0,0,0,0,0,0,0,0,0,-30000,0,0,0,68000,98000,-30000,-30000
058320,華新科永豐99購02,0,0,0,0,0,0,0,0,0,-30000,0,0,0,0,30000,-30000,-30000
058237,嘉晶元大99購04  ,0,0,0,0,0,0,0,0,0,-30000,0,0,0,0,30000,-30000,-30000
060656,國巨統一9C購03  ,0,0,0,0,0,0,0,0,0,-30000,0,0,0,0,30000,-30000,-30000
060611,同欣電凱基9A購02,0,0,0,0,0,0,0,0,0,-30000,0,0,0,50000,80000,-30000,-30000
060878,奇力新中信9C購01,0,0,0,0,0,0,0,0,0,-30000,0,0,0,0,30000,-30000,-30000
061918,上銀凱基9B購02  ,0,0,0,0,0,0,0,0,0,-30000,0,0,0,0,30000,-30000,-30000
061951,南電群益9B購01  ,0,0,0,0,0,0,0,0,0,-30000,0,0,0,157000,187000,-30000,-30000
059677,大立光台新99購01,0,0,0,0,0,0,0,0,0,-30000,0,0,0,0,30000,-30000,-30000
060105,牧德元大9B購01  ,0,0,0,0,0,0,0,0,0,-30000,0,0,0,12000,42000,-30000,-30000
060556,緯穎凱基9A購04  ,0,0,0,0,0,0,0,0,0,-30000,0,0,0,15000,45000,-30000,-30000
059654,T50反1元大99購09,0,0,0,0,0,0,0,0,0,-30000,0,0,0,0,30000,-30000,-30000
063768,華新科國泰9C購03,0,0,0,0,0,0,0,0,0,-30000,0,0,0,23000,53000,-30000,-30000
064741,南亞科國票01購01,0,0,0,0,0,0,0,0,0,-30000,0,0,0,0,30000,-30000,-30000
064876,旺宏兆豐9C購01  ,0,0,0,0,0,0,0,0,0,-30000,0,0,0,269000,299000,-30000,-30000
064478,聚陽富邦01購01  ,0,0,0,0,0,0,0,0,0,-30000,0,0,0,0,30000,-30000,-30000
06333P,臺股指群益9C售02,0,0,0,0,0,0,0,0,0,-30000,0,0,0,10000,40000,-30000,-30000
063629,台積電元大9B購08,0,0,0,0,0,0,0,0,0,-30000,0,0,0,0,30000,-30000,-30000
062695,華通元大9C購01  ,0,0,0,0,0,0,0,0,0,-30000,0,0,0,20000,50000,-30000,-30000
062439,聯發科元大9B購10,0,0,0,0,0,0,0,0,0,-30000,0,0,0,0,30000,-30000,-30000
062529,可成統一9C購03  ,0,0,0,0,0,0,0,0,0,-30000,0,0,0,0,30000,-30000,-30000
2731,雄獅            ,4000,34000,-30000,0,0,0,0,0,0,0,0,0,0,0,0,0,-30000
2420,新巨            ,9000,39000,-30000,0,0,0,0,0,0,0,0,0,0,0,0,0,-30000
4551,智伸科          ,389000,376000,13000,0,0,0,20000,0,20000,-63000,218000,208000,10000,31000,104000,-73000,-30000
5285,界霖            ,22000,52000,-30000,0,0,0,0,0,0,0,0,0,0,0,0,0,-30000
06735P,奇力新凱基98售07,0,0,0,0,0,0,0,0,0,-31000,0,0,0,5000,36000,-31000,-31000
06776P,鴻海元大99售05  ,0,0,0,0,0,0,0,0,0,-31000,0,0,0,0,31000,-31000,-31000
065925,鴻海國票04購01  ,0,0,0,0,0,0,0,0,0,-31000,0,0,0,0,31000,-31000,-31000
064957,台表科凱基02購02,0,0,0,0,0,0,0,0,0,-31000,0,0,0,64000,95000,-31000,-31000
057408,台郡群益98購01  ,0,0,0,0,0,0,0,0,0,-31000,0,0,0,56000,87000,-31000,-31000
054569,GIS群益98購01   ,0,0,0,0,0,0,0,0,0,-31000,0,0,0,30000,61000,-31000,-31000
062051,上銀統一9C購02  ,0,0,0,0,0,0,0,0,0,-31000,0,0,0,0,31000,-31000,-31000
059082,華通元大99購06  ,0,0,0,0,0,0,0,0,0,-31000,0,0,0,11000,42000,-31000,-31000
061416,聯茂群益9A購01  ,0,0,0,0,0,0,0,0,0,-31000,0,0,0,76000,107000,-31000,-31000
062313,聯詠凱基9C購01  ,0,0,0,0,0,0,0,0,0,-31000,0,0,0,84000,115000,-31000,-31000
063151,奇鋐元富9B購01  ,0,0,0,0,0,0,0,0,0,-31000,0,0,0,108000,139000,-31000,-31000
064486,聚陽元大9C購01  ,0,0,0,0,0,0,0,0,0,-31000,0,0,0,137000,168000,-31000,-31000
4438,廣越            ,0,24000,-24000,0,0,0,0,7000,-7000,0,0,0,0,0,0,0,-31000
2597,潤弘            ,7000,37000,-30000,0,0,0,0,0,0,-1000,0,1000,-1000,0,0,0,-31000
064927,瀚宇博統一02購01,0,0,0,0,0,0,0,0,0,-32000,0,0,0,626000,658000,-32000,-32000
065303,國泰金元富9C購01,0,0,0,0,0,0,0,0,0,-32000,0,0,0,6000,38000,-32000,-32000
066085,台積電富邦05購01,0,0,0,0,0,0,0,0,0,-32000,0,0,0,10000,42000,-32000,-32000
065767,T50反1國票03購01,0,0,0,0,0,0,0,0,0,-32000,0,0,0,0,32000,-32000,-32000
07086P,力成元富9C售01  ,0,0,0,0,0,0,0,0,0,-32000,0,0,0,148000,180000,-32000,-32000
07889P,旭富國票9B售01  ,0,0,0,0,0,0,0,0,0,-32000,0,0,0,204000,236000,-32000,-32000
08509P,臺股指國票9C售10,0,0,0,0,0,0,0,0,0,-32000,0,0,0,0,32000,-32000,-32000
08413P,臻鼎凱基9C售03  ,0,0,0,0,0,0,0,0,0,-32000,0,0,0,0,32000,-32000,-32000
08607P,聯發科富邦03售04,0,0,0,0,0,0,0,0,0,-32000,0,0,0,10000,42000,-32000,-32000
056520,鴻海日盛99購01  ,0,0,0,0,0,0,0,0,0,-32000,0,0,0,109000,141000,-32000,-32000
056182,台光電統一97購03,0,0,0,0,0,0,0,0,0,-32000,0,0,0,16000,48000,-32000,-32000
059087,台積電元大99購26,0,0,0,0,0,0,0,0,0,-32000,0,0,0,0,32000,-32000,-32000
062146,大毅國票9B購01  ,0,0,0,0,0,0,0,0,0,-32000,0,0,0,0,32000,-32000,-32000
061839,華新科凱基05購04,0,0,0,0,0,0,0,0,0,-32000,0,0,0,0,32000,-32000,-32000
060146,健策國票9A購03  ,0,0,0,0,0,0,0,0,0,-32000,0,0,0,0,32000,-32000,-32000
064646,群創凱基02購01  ,0,0,0,0,0,0,0,0,0,-32000,0,0,0,25000,57000,-32000,-32000
063414,鴻海凱基03購01  ,0,0,0,0,0,0,0,0,0,-32000,0,0,0,16000,48000,-32000,-32000
2206,三陽工業        ,12000,44000,-32000,0,0,0,0,0,0,0,0,0,0,0,0,0,-32000
3048,益登            ,81000,111000,-30000,0,0,0,0,0,0,-2000,0,2000,-2000,0,0,0,-32000
1101B,台泥乙特        ,0,32630,-32630,0,0,0,0,0,0,0,3000,3000,0,0,0,0,-32630
08432P,台勝科凱基9C售02,0,0,0,0,0,0,0,0,0,-33000,0,0,0,56000,89000,-33000,-33000
07959P,健策永豐9B售05  ,0,0,0,0,0,0,0,0,0,-33000,0,0,0,0,33000,-33000,-33000
065606,可成元大01購05  ,10000,0,10000,0,0,0,0,0,0,-43000,0,0,0,95000,138000,-43000,-33000
06843P,鴻海元大98售11  ,0,0,0,0,0,0,0,0,0,-33000,0,0,0,15000,48000,-33000,-33000
066001,景碩國票02購01  ,0,0,0,0,0,0,0,0,0,-33000,0,0,0,0,33000,-33000,-33000
065331,亞德客國票01購01,0,0,0,0,0,0,0,0,0,-33000,0,0,0,0,33000,-33000,-33000
065004,瑞昱國票01購02  ,0,0,0,0,0,0,0,0,0,-33000,0,0,0,30000,63000,-33000,-33000
064994,南電兆豐01購01  ,0,0,0,0,0,0,0,0,0,-33000,0,0,0,40000,73000,-33000,-33000
057214,瑞昱群益98購01  ,0,0,0,0,0,0,0,0,0,-33000,0,0,0,0,33000,-33000,-33000
057147,新日興國票99購01,0,0,0,0,0,0,0,0,0,-33000,0,0,0,0,33000,-33000,-33000
056317,華通群益99購02  ,0,0,0,0,0,0,0,0,0,-33000,0,0,0,0,33000,-33000,-33000
055455,健策國泰98購02  ,0,0,0,0,0,0,0,0,0,-33000,0,0,0,0,33000,-33000,-33000
063551,美食國票9B購02  ,0,0,0,0,0,0,0,0,0,-33000,0,0,0,51000,84000,-33000,-33000
062775,大成鋼元大9B購02,0,0,0,0,0,0,0,0,0,-33000,0,0,0,148000,181000,-33000,-33000
063789,智邦台新9C購01  ,0,0,0,0,0,0,0,0,0,-33000,0,0,0,25000,58000,-33000,-33000
064021,國巨元大9C購15  ,0,0,0,0,0,0,0,0,0,-33000,0,0,0,1000,34000,-33000,-33000
065143,聯發科凱基9C購07,0,0,0,0,0,0,0,0,0,-34000,0,0,0,26000,60000,-34000,-34000
065516,健鼎群益9C購02  ,0,0,0,0,0,0,0,0,0,-34000,0,0,0,13000,47000,-34000,-34000
06723P,台灣50麥證99售01,0,0,0,0,34000,-34000,0,0,0,-34000,0,0,0,0,34000,-34000,-34000
07939P,台積電統一9B售14,0,0,0,0,0,0,0,0,0,-34000,0,0,0,0,34000,-34000,-34000
08342P,健策永豐9C售01  ,0,0,0,0,0,0,0,0,0,-34000,0,0,0,23000,57000,-34000,-34000
08157P,大立光元富9B售06,0,0,0,0,0,0,0,0,0,-34000,0,0,0,180000,214000,-34000,-34000
054463,瑞昱凱基97購01  ,0,0,0,0,0,0,0,0,0,-34000,0,0,0,0,34000,-34000,-34000
042792,T50反1台新9C購01,0,0,0,0,0,0,0,0,0,-34000,0,0,0,0,34000,-34000,-34000
061226,台積電中信9A購05,0,0,0,0,0,0,0,0,0,-34000,0,0,0,0,34000,-34000,-34000
064005,義隆凱基01購01  ,0,0,0,0,0,0,0,0,0,-34000,0,0,0,29000,63000,-34000,-34000
064076,台積電中信06購02,0,0,0,0,0,0,0,0,0,-34000,0,0,0,0,34000,-34000,-34000
063949,大立光元大9C購10,0,0,0,0,0,0,0,0,0,-34000,0,0,0,0,34000,-34000,-34000
064545,智邦凱基9C購02  ,0,0,0,0,0,0,0,0,0,-34000,0,0,0,74000,108000,-34000,-34000
063531,台表科凱基9B購04,0,0,0,0,0,0,0,0,0,-34000,0,0,0,0,34000,-34000,-34000
063258,緯穎國泰9C購01  ,0,0,0,0,0,0,0,0,0,-34000,0,0,0,107000,141000,-34000,-34000
2020,美亞            ,41000,75000,-34000,0,0,0,0,0,0,0,0,0,0,0,0,0,-34000
6415,矽力-KY         ,186320,258609,-72289,0,0,0,71000,30000,41000,-3000,0,3000,-3000,0,0,0,-34289
08155P,聯發科元富9B售05,0,0,0,0,0,0,0,0,0,-35000,0,0,0,5000,40000,-35000,-35000
08239P,南六永豐9B售03  ,0,0,0,0,0,0,0,0,0,-35000,0,0,0,0,35000,-35000,-35000
08423P,台積電統一9C售13,0,0,0,0,0,0,0,0,0,-35000,0,0,0,0,35000,-35000,-35000
08508P,臺股指國票9C售09,0,0,0,0,0,0,0,0,0,-35000,0,0,0,0,35000,-35000,-35000
08042P,臺股指群益9B售15,0,0,0,0,0,0,0,0,0,-35000,0,0,0,25000,60000,-35000,-35000
07728P,臺股指凱基9A售20,0,0,0,0,0,0,0,0,0,-35000,0,0,0,1000,36000,-35000,-35000
07710P,華擎元大9A售05  ,0,0,0,0,0,0,0,0,0,-35000,0,0,0,0,35000,-35000,-35000
07555P,玉晶光元大9A售07,0,0,0,0,0,0,0,0,0,-35000,0,0,0,0,35000,-35000,-35000
07492P,臺股指國票9A售10,0,0,0,0,0,0,0,0,0,-35000,0,0,0,0,35000,-35000,-35000
065931,瑞祺國票02購01  ,0,0,0,0,0,0,0,0,0,-35000,0,0,0,0,35000,-35000,-35000
065700,京元電群益9C購01,0,0,0,0,0,0,0,0,0,-35000,0,0,0,155000,190000,-35000,-35000
065456,義隆元富9C購03  ,0,0,0,0,0,0,0,0,0,-35000,0,0,0,170000,205000,-35000,-35000
065222,玉晶光永豐9C購07,0,0,0,0,0,0,0,0,0,-35000,0,0,0,20000,55000,-35000,-35000
065136,正隆凱基9C購01  ,0,0,0,0,0,0,0,0,0,-35000,0,0,0,278000,313000,-35000,-35000
064892,台達電群益9C購02,0,0,0,0,0,0,0,0,0,-35000,0,0,0,85000,120000,-35000,-35000
056130,新日興麥證97購01,0,0,0,0,35000,-35000,0,0,0,-35000,0,0,0,0,35000,-35000,-35000
056420,台表科元富98購01,0,0,0,0,0,0,0,0,0,-35000,0,0,0,0,35000,-35000,-35000
053901,T50反1凱基99購03,0,0,0,0,0,0,0,0,0,-35000,0,0,0,35000,70000,-35000,-35000
054842,台達電兆豐98購01,0,0,0,0,0,0,0,0,0,-35000,0,0,0,21000,56000,-35000,-35000
060528,友達中信9C購01  ,0,0,0,0,0,0,0,0,0,-35000,0,0,0,29000,64000,-35000,-35000
059925,可成國泰9B購01  ,0,0,0,0,0,0,0,0,0,-35000,0,0,0,22000,57000,-35000,-35000
058105,旺宏統一9A購02  ,0,0,0,0,0,0,0,0,0,-35000,0,0,0,10000,45000,-35000,-35000
062248,國巨元大9B購08  ,0,0,0,0,0,0,0,0,0,-35000,0,0,0,0,35000,-35000,-35000
059035,旺宏群益99購06  ,0,0,0,0,0,0,0,0,0,-35000,0,0,0,0,35000,-35000,-35000
058160,奇鋐元富99購01  ,0,0,0,0,0,0,0,0,0,-35000,0,0,0,2000,37000,-35000,-35000
061452,大成鋼凱基9A購01,0,0,0,0,0,0,0,0,0,-35000,0,0,0,50000,85000,-35000,-35000
061367,瑞祺國票9A購01  ,0,0,0,0,0,0,0,0,0,-35000,0,0,0,263000,298000,-35000,-35000
061555,聯電國票9B購01  ,0,0,0,0,0,0,0,0,0,-35000,0,0,0,0,35000,-35000,-35000
061583,矽創元大9A購01  ,0,0,0,0,0,0,0,0,0,-35000,0,0,0,26000,61000,-35000,-35000
060420,神基永豐9A購01  ,0,0,0,0,0,0,0,0,0,-35000,0,0,0,0,35000,-35000,-35000
058651,FBVIX中信9C購01 ,0,0,0,0,0,0,0,0,0,-35000,0,0,0,0,35000,-35000,-35000
059343,宏達電凱基99購04,0,0,0,0,0,0,0,0,0,-35000,0,0,0,3000,38000,-35000,-35000
063129,祥碩元大9C購03  ,0,0,0,0,0,0,0,0,0,-35000,0,0,0,16000,51000,-35000,-35000
062995,聚陽國票9C購01  ,0,0,0,0,0,0,0,0,0,-35000,0,0,0,11000,46000,-35000,-35000
063360,茂林國泰9C購02  ,0,0,0,0,0,0,0,0,0,-35000,0,0,0,118000,153000,-35000,-35000
062909,大立光元大9C購04,0,0,0,0,0,0,0,0,0,-35000,0,0,0,4000,39000,-35000,-35000
062464,T50反1凱基9C購03,0,0,0,0,0,0,0,0,0,-35000,0,0,0,15000,50000,-35000,-35000
064553,臺指反群益9C購01,0,0,0,0,0,0,0,0,0,-35000,0,0,0,539000,574000,-35000,-35000
064845,華通元富9C購02  ,0,0,0,0,0,0,0,0,0,-35000,0,0,0,36000,71000,-35000,-35000
063669,宏達電統一9C購01,0,0,0,0,0,0,0,0,0,-35000,0,0,0,0,35000,-35000,-35000
064109,上銀國票01購01  ,0,0,0,0,0,0,0,0,0,-35000,0,0,0,0,35000,-35000,-35000
3090,日電貿          ,186000,181000,5000,0,0,0,0,0,0,-40000,0,0,0,2000,42000,-40000,-35000
065040,燿華凱基9C購01  ,0,0,0,0,0,0,0,0,0,-36000,0,0,0,0,36000,-36000,-36000
07308P,滬深2X凱基9A售01,0,0,0,0,0,0,0,0,0,-36000,0,0,0,0,36000,-36000,-36000
07027P,台積電群益99售04,0,0,0,0,0,0,0,0,0,-36000,0,0,0,0,36000,-36000,-36000
07880P,可成群益9B售05  ,0,0,0,0,0,0,0,0,0,-36000,0,0,0,0,36000,-36000,-36000
07899P,和大凱基9B售01  ,0,0,0,0,0,0,0,0,0,-36000,0,0,0,60000,96000,-36000,-36000
08243P,祥碩凱基9C售02  ,0,0,0,0,0,0,0,0,0,-36000,0,0,0,94000,130000,-36000,-36000
08557P,臺股指中信01售09,0,0,0,0,0,0,0,0,0,-36000,0,0,0,0,36000,-36000,-36000
054213,欣興國票97購04  ,0,0,0,0,0,0,0,0,0,-36000,0,0,0,0,36000,-36000,-36000
056127,致新國票98購02  ,0,0,0,0,0,0,0,0,0,-36000,0,0,0,0,36000,-36000,-36000
057985,華通元富02購03  ,0,0,0,0,0,0,0,0,0,-36000,0,0,0,5000,41000,-36000,-36000
060235,瑞昱元大9A購01  ,0,0,0,0,0,0,0,0,0,-36000,0,0,0,0,36000,-36000,-36000
061286,大立光統一9A購05,0,0,0,0,0,0,0,0,0,-36000,0,0,0,0,36000,-36000,-36000
058342,鴻海群益9A購01  ,0,0,0,0,0,0,0,0,0,-36000,0,0,0,51000,87000,-36000,-36000
061871,瑞昱元大9B購01  ,0,0,0,0,0,0,0,0,0,-36000,0,0,0,4000,40000,-36000,-36000
059926,世紀鋼國泰9B購01,0,0,0,0,0,0,0,0,0,-36000,0,0,0,40000,76000,-36000,-36000
060550,可成凱基9A購02  ,0,0,0,0,0,0,0,0,0,-36000,0,0,0,51000,87000,-36000,-36000
063908,國巨凱基9C購06  ,0,0,0,0,0,0,0,0,0,-36000,0,0,0,1000,37000,-36000,-36000
064496,聯發科元大9C購10,0,0,0,0,0,0,0,0,0,-36000,0,0,0,0,36000,-36000,-36000
06285P,台積電國票98售04,0,0,0,0,0,0,0,0,0,-36000,0,0,0,0,36000,-36000,-36000
063464,廣達元大9B購02  ,0,0,0,0,0,0,0,0,0,-36000,0,0,0,333000,369000,-36000,-36000
6115,鎰勝            ,18000,52000,-34000,0,0,0,0,0,0,-2000,0,2000,-2000,0,0,0,-36000
08435P,台積電群益9C售11,0,0,0,0,0,0,0,0,0,-37000,0,0,0,2000,39000,-37000,-37000
064966,FBVIX元大9C購03 ,0,0,0,0,0,0,0,0,0,-37000,0,0,0,0,37000,-37000,-37000
065006,景碩國票01購01  ,0,0,0,0,0,0,0,0,0,-37000,0,0,0,68000,105000,-37000,-37000
065885,神達元富9C購01  ,0,0,0,0,0,0,0,0,0,-37000,0,0,0,151000,188000,-37000,-37000
057321,台泥群益98購01  ,0,0,0,0,0,0,0,0,0,-37000,0,0,0,57000,94000,-37000,-37000
059778,上証2X元大9C購03,0,0,0,0,0,0,0,0,0,-37000,0,0,0,0,37000,-37000,-37000
061799,奇鋐永豐9B購01  ,0,0,0,0,0,0,0,0,0,-37000,0,0,0,13000,50000,-37000,-37000
061981,聯發科元大9B購02,0,0,0,0,0,0,0,0,0,-37000,0,0,0,63000,100000,-37000,-37000
059143,國巨國票9A購04  ,0,0,0,0,0,0,0,0,0,-37000,0,0,0,24000,61000,-37000,-37000
059268,鎧勝中信01購01  ,0,0,0,0,0,0,0,0,0,-37000,0,0,0,4000,41000,-37000,-37000
063442,金像電統一01購01,0,0,0,0,0,0,0,0,0,-37000,0,0,0,0,37000,-37000,-37000
063536,美食統一01購01  ,0,0,0,0,0,0,0,0,0,-37000,0,0,0,0,37000,-37000,-37000
063019,聯發科元大9C購01,0,0,0,0,0,0,0,0,0,-37000,0,0,0,18000,55000,-37000,-37000
062855,嘉澤永豐9B購02  ,0,0,0,0,0,0,0,0,0,-37000,0,0,0,15000,52000,-37000,-37000
062672,兆豐金中信03購01,0,0,0,0,0,0,0,0,0,-37000,0,0,0,146000,183000,-37000,-37000
062639,臻鼎國票9C購01  ,0,0,0,0,0,0,0,0,0,-37000,0,0,0,0,37000,-37000,-37000
062467,國巨凱基9B購08  ,0,0,0,0,0,0,0,0,0,-37000,0,0,0,1000,38000,-37000,-37000
062500,國巨群益01購01  ,0,0,0,0,0,0,0,0,0,-37000,0,0,0,15000,52000,-37000,-37000
062268,力山群益9B購01  ,0,0,0,0,0,0,0,0,0,-37000,0,0,0,4000,41000,-37000,-37000
063692,華擎永豐9B購02  ,0,0,0,0,0,0,0,0,0,-37000,0,0,0,59000,96000,-37000,-37000
064280,大立光元大9C購11,0,0,0,0,0,0,0,0,0,-37000,0,0,0,6000,43000,-37000,-37000
065955,健鼎統一01購03  ,0,0,0,0,0,0,0,0,0,-38000,0,0,0,6000,44000,-38000,-38000
065980,中租元大02購01  ,0,0,0,0,0,0,0,0,0,-38000,0,0,0,91000,129000,-38000,-38000
065314,矽創國票01購02  ,0,0,0,0,0,0,0,0,0,-38000,0,0,0,0,38000,-38000,-38000
065490,國巨國泰02購02  ,0,0,0,0,0,0,0,0,0,-38000,0,0,0,203000,241000,-38000,-38000
08606P,聯發科國票9C售05,0,0,0,0,0,0,0,0,0,-38000,0,0,0,20000,58000,-38000,-38000
057948,嘉聯益國票99購02,0,0,0,0,0,0,0,0,0,-38000,0,0,0,0,38000,-38000,-38000
054791,泰碩群益99購02  ,0,0,0,0,0,0,0,0,0,-38000,0,0,0,50000,88000,-38000,-38000
055104,台達電凱基98購01,0,0,0,0,0,0,0,0,0,-38000,0,0,0,236000,274000,-38000,-38000
055486,國巨元大98購06  ,0,0,0,0,0,0,0,0,0,-38000,0,0,0,2000,40000,-38000,-38000
055519,茂林中信99購01  ,0,0,0,0,0,0,0,0,0,-38000,0,0,0,10000,48000,-38000,-38000
056813,聯茂統一99購01  ,0,0,0,0,0,0,0,0,0,-38000,0,0,0,0,38000,-38000,-38000
057886,聯詠群益98購01  ,0,0,0,0,0,0,0,0,0,-38000,0,0,0,0,38000,-38000,-38000
03427B,臺股指元大9A熊02,0,0,0,0,0,0,0,0,0,-38000,0,0,0,161000,199000,-38000,-38000
00763U,街口道瓊銅      ,0,0,0,0,0,0,0,0,0,-38000,0,0,0,24000,62000,-38000,-38000
00674R,元大S&P黃金反1  ,0,0,0,0,0,0,0,0,0,-38000,0,0,0,90000,128000,-38000,-38000
059009,世紀鋼元大99購04,0,0,0,0,0,0,0,0,0,-38000,0,0,0,52000,90000,-38000,-38000
059504,台灣50永豐99購08,0,0,0,0,0,0,0,0,0,-38000,0,0,0,0,38000,-38000,-38000
058946,SGBR2X群益9B購01,0,0,0,0,0,0,0,0,0,-38000,0,0,0,112000,150000,-38000,-38000
062049,亞德客統一01購01,0,0,0,0,0,0,0,0,0,-38000,0,0,0,0,38000,-38000,-38000
060855,華新科富邦01購01,0,0,0,0,0,0,0,0,0,-38000,0,0,0,32000,70000,-38000,-38000
063987,台灣50永豐9C購01,0,0,0,0,0,0,0,0,0,-38000,0,0,0,0,38000,-38000,-38000
064034,台表科元大9C購07,0,0,0,0,0,0,0,0,0,-38000,0,0,0,6000,44000,-38000,-38000
063682,達新永豐9B購01  ,0,0,0,0,0,0,0,0,0,-38000,0,0,0,0,38000,-38000,-38000
063652,國泰金台新9B購01,0,0,0,0,0,0,0,0,0,-38000,0,0,0,0,38000,-38000,-38000
063653,儒鴻元富9B購01  ,0,0,0,0,0,0,0,0,0,-38000,0,0,0,223000,261000,-38000,-38000
064813,祥碩元大9C購05  ,0,0,0,0,0,0,0,0,0,-38000,0,0,0,137000,175000,-38000,-38000
6668,中揚光          ,11000,49000,-38000,0,0,0,0,0,0,0,1000,1000,0,0,0,0,-38000
07891P,臺股指國票9B售01,0,0,0,0,0,0,0,0,0,-39000,0,0,0,3000,42000,-39000,-39000
064906,台表科群益9C購02,0,0,0,0,0,0,0,0,0,-39000,0,0,0,1000,40000,-39000,-39000
065550,聯發科凱基01購07,0,0,0,0,0,0,0,0,0,-39000,0,0,0,78000,117000,-39000,-39000
065552,聯發科凱基9C購12,0,0,0,0,0,0,0,0,0,-39000,0,0,0,35000,74000,-39000,-39000
053500,新日興兆豐97購01,0,0,0,0,0,0,0,0,0,-39000,0,0,0,1000,40000,-39000,-39000
055176,大毅統一98購02  ,0,0,0,0,0,0,0,0,0,-39000,0,0,0,10000,49000,-39000,-39000
057981,臻鼎永豐98購01  ,0,0,0,0,0,0,0,0,0,-39000,0,0,0,71000,110000,-39000,-39000
056291,聯茂永豐97購03  ,0,0,0,0,0,0,0,0,0,-39000,0,0,0,35000,74000,-39000,-39000
056719,台虹永豐98購01  ,0,0,0,0,0,0,0,0,0,-39000,0,0,0,0,39000,-39000,-39000
056740,大立光凱基98購13,0,0,0,0,0,0,0,0,0,-39000,0,0,0,0,39000,-39000,-39000
057318,台光電凱基9A購01,0,0,0,0,0,0,0,0,0,-39000,0,0,0,144000,183000,-39000,-39000
057536,康控元大99購03  ,0,0,0,0,0,0,0,0,0,-39000,0,0,0,1000,40000,-39000,-39000
060602,京元電凱基9A購01,0,0,0,0,0,0,0,0,0,-39000,0,0,0,55000,94000,-39000,-39000
061899,復盛永豐9B購01  ,0,0,0,0,0,0,0,0,0,-39000,0,0,0,27000,66000,-39000,-39000
060305,得力永豐9A購01  ,0,0,0,0,0,0,0,0,0,-39000,0,0,0,81000,120000,-39000,-39000
059924,世紀鋼元大99購06,0,0,0,0,0,0,0,0,0,-39000,0,0,0,24000,63000,-39000,-39000
059611,台積電永豐99購05,0,0,0,0,0,0,0,0,0,-39000,0,0,0,0,39000,-39000,-39000
060402,神隆國泰9B購01  ,0,0,0,0,0,0,0,0,0,-39000,0,0,0,24000,63000,-39000,-39000
059113,群光永豐99購01  ,0,0,0,0,0,0,0,0,0,-39000,0,0,0,5000,44000,-39000,-39000
058213,欣興群益99購01  ,0,0,0,0,0,0,0,0,0,-39000,0,0,0,29000,68000,-39000,-39000
058284,滬深反群益01購01,0,0,0,0,0,0,0,0,0,-39000,0,0,0,0,39000,-39000,-39000
058144,聯茂元大99購02  ,0,0,0,0,0,0,0,0,0,-39000,0,0,0,68000,107000,-39000,-39000
064544,國巨凱基9C購09  ,0,0,0,0,0,0,0,0,0,-39000,0,0,0,18000,57000,-39000,-39000
063687,金像電永豐9B購04,0,0,0,0,0,0,0,0,0,-39000,0,0,0,0,39000,-39000,-39000
064095,鴻海群益01購02  ,0,0,0,0,0,0,0,0,0,-39000,0,0,0,275000,314000,-39000,-39000
062276,瑞昱群益9B購01  ,0,0,0,0,0,0,0,0,0,-39000,0,0,0,30000,69000,-39000,-39000
06327P,台積電中信01售01,0,0,0,0,0,0,0,0,0,-39000,0,0,0,0,39000,-39000,-39000
2496,卓越            ,4000,43000,-39000,0,0,0,0,0,0,0,0,0,0,0,0,0,-39000
065656,聯發科國泰03購01,0,0,0,0,0,0,0,0,0,-40000,0,0,0,144000,184000,-40000,-40000
065665,鴻海凱基9C購04  ,0,0,0,0,0,0,0,0,0,-40000,0,0,0,22000,62000,-40000,-40000
065842,技嘉元大9C購05  ,0,0,0,0,0,0,0,0,0,-40000,0,0,0,106000,146000,-40000,-40000
065909,大立光永豐9C購02,0,0,0,0,0,0,0,0,0,-40000,0,0,0,7000,47000,-40000,-40000
06718P,聯詠元大98售01  ,0,0,0,0,0,0,0,0,0,-40000,0,0,0,0,40000,-40000,-40000
066084,國巨富邦05購01  ,0,0,0,0,0,0,0,0,0,-40000,0,0,0,0,40000,-40000,-40000
065395,致茂群益01購01  ,0,0,0,0,0,0,0,0,0,-40000,0,0,0,81000,121000,-40000,-40000
065381,緯穎元大9C購03  ,0,0,0,0,0,0,0,0,0,-40000,0,0,0,160000,200000,-40000,-40000
065250,同欣電麥證9C購01,0,0,0,311000,351000,-40000,0,0,0,-40000,0,0,0,311000,351000,-40000,-40000
07819P,旺宏國票9B售01  ,0,0,0,0,0,0,0,0,0,-40000,0,0,0,0,40000,-40000,-40000
07645P,華通元大9A售06  ,0,0,0,0,0,0,0,0,0,-40000,0,0,0,0,40000,-40000,-40000
06994P,台光電凱基99售02,0,0,0,0,0,0,0,0,0,-40000,0,0,0,0,40000,-40000,-40000
07202P,台灣50凱基9C售04,0,0,0,0,0,0,0,0,0,-40000,0,0,0,0,40000,-40000,-40000
07263P,台積電元大99售37,0,0,0,0,0,0,0,0,0,-40000,0,0,0,60000,100000,-40000,-40000
08647P,鴻海凱基9C售06  ,0,0,0,0,0,0,0,0,0,-40000,0,0,0,20000,60000,-40000,-40000
08238P,嘉晶永豐9B售03  ,0,0,0,0,0,0,0,0,0,-40000,0,0,0,0,40000,-40000,-40000
08249P,聯發科群益9C售06,0,0,0,0,0,0,0,0,0,-40000,0,0,0,0,40000,-40000,-40000
08193P,同欣電國票9C售02,0,0,0,0,0,0,0,0,0,-40000,0,0,0,20000,60000,-40000,-40000
08208P,臺股指群益9B售16,0,0,0,0,0,0,0,0,0,-40000,0,0,0,0,40000,-40000,-40000
08205P,智邦凱基9B售03  ,0,0,0,0,0,0,0,0,0,-40000,0,0,0,0,40000,-40000,-40000
057624,新日興國泰99購01,0,0,0,0,0,0,0,0,0,-40000,0,0,0,0,40000,-40000,-40000
057629,泰碩永豐98購02  ,0,0,0,0,0,0,0,0,0,-40000,0,0,0,110000,150000,-40000,-40000
061109,臻鼎元大9A購03  ,0,0,0,0,0,0,0,0,0,-40000,0,0,0,47000,87000,-40000,-40000
057234,宏達電凱基98購05,0,0,0,0,0,0,0,0,0,-40000,0,0,0,34000,74000,-40000,-40000
055531,華新科群益98購03,0,0,0,0,0,0,0,0,0,-40000,0,0,0,0,40000,-40000,-40000
055389,國巨統一98購02  ,0,0,0,0,0,0,0,0,0,-40000,0,0,0,0,40000,-40000,-40000
05692P,聯發科中信9A售02,0,0,0,0,0,0,0,0,0,-40000,0,0,0,70000,110000,-40000,-40000
055006,晶相光元富9A購01,0,0,0,0,0,0,0,0,0,-40000,0,0,0,20000,60000,-40000,-40000
052402,健策凱基97購01  ,0,0,0,0,0,0,0,0,0,-40000,0,0,0,0,40000,-40000,-40000
058179,國巨國泰9B購02  ,0,0,0,0,0,0,0,0,0,-40000,0,0,0,0,40000,-40000,-40000
058351,上銀凱基9A購02  ,0,0,0,0,0,0,0,0,0,-40000,0,0,0,10000,50000,-40000,-40000
058979,上銀凱基99購04  ,0,0,0,0,0,0,0,0,0,-40000,0,0,0,0,40000,-40000,-40000
058966,元油2X日盛99購03,0,0,0,0,0,0,0,0,0,-40000,0,0,0,0,40000,-40000,-40000
059519,台郡永豐99購01  ,0,0,0,0,0,0,0,0,0,-40000,0,0,0,24000,64000,-40000,-40000
060180,上証2X元富9A購02,0,0,0,0,0,0,0,0,0,-40000,0,0,0,0,40000,-40000,-40000
059366,台積電台新99購04,0,0,0,0,0,0,0,0,0,-40000,0,0,0,0,40000,-40000,-40000
061503,臻鼎國票9B購01  ,0,0,0,0,0,0,0,0,0,-40000,0,0,0,0,40000,-40000,-40000
061374,力山永豐9A購04  ,0,0,0,0,0,0,0,0,0,-40000,0,0,0,10000,50000,-40000,-40000
059919,宏達電元大99購06,0,0,0,0,0,0,0,0,0,-40000,0,0,0,31000,71000,-40000,-40000
060604,宏達電凱基9B購01,0,0,0,0,0,0,0,0,0,-40000,0,0,0,114000,154000,-40000,-40000
063015,微星元大9B購01  ,0,0,0,0,0,0,0,0,0,-40000,0,0,0,3000,43000,-40000,-40000
064088,大立光凱基02購01,0,0,0,0,0,0,0,0,0,-40000,0,0,0,10000,50000,-40000,-40000
064235,美律統一9C購02  ,0,0,0,0,0,0,0,0,0,-40000,0,0,0,45000,85000,-40000,-40000
063809,矽創兆豐01購01  ,0,0,0,0,0,0,0,0,0,-40000,0,0,0,19000,59000,-40000,-40000
064866,義隆永豐9C購02  ,0,0,0,0,0,0,0,0,0,-40000,0,0,0,57000,97000,-40000,-40000
064620,大立光元大01購03,0,0,0,0,0,0,0,0,0,-40000,0,0,0,60000,100000,-40000,-40000
064738,裕隆國票01購01  ,0,0,0,0,0,0,0,0,0,-40000,0,0,0,0,40000,-40000,-40000
2476,鉅祥            ,29000,69000,-40000,0,0,0,0,0,0,0,0,0,0,0,0,0,-40000
07833P,大立光群益9B售02,0,0,0,0,0,0,0,0,0,-41000,0,0,0,1000,42000,-41000,-41000
07957P,晶技群益9B售02  ,0,0,0,0,0,0,0,0,0,-41000,0,0,0,14000,55000,-41000,-41000
08065P,瑞昱凱基9B售03  ,0,0,0,0,0,0,0,0,0,-41000,0,0,0,0,41000,-41000,-41000
065141,國巨凱基9C購10  ,0,0,0,0,0,0,0,0,0,-41000,0,0,0,59000,100000,-41000,-41000
065139,華通凱基03購01  ,0,0,0,0,0,0,0,0,0,-41000,0,0,0,127000,168000,-41000,-41000
065163,香港反元大03購01,0,0,0,0,0,0,0,0,0,-41000,0,0,0,0,41000,-41000,-41000
06778P,台積電元大99售06,0,0,0,0,0,0,0,0,0,-41000,0,0,0,60000,101000,-41000,-41000
055910,瑞昱凱基98購01  ,0,0,0,0,0,0,0,0,0,-41000,0,0,0,8000,49000,-41000,-41000
056864,新日興群益99購01,0,0,0,0,0,0,0,0,0,-41000,0,0,0,0,41000,-41000,-41000
057244,鈺齊凱基99購01  ,0,0,0,0,0,0,0,0,0,-41000,0,0,0,0,41000,-41000,-41000
057166,國巨元大99購06  ,0,0,0,0,0,0,0,0,0,-41000,0,0,0,90000,131000,-41000,-41000
061142,南電統一9A購01  ,0,0,0,0,0,0,0,0,0,-41000,0,0,0,83000,124000,-41000,-41000
061932,上銀國票9B購01  ,0,0,0,0,0,0,0,0,0,-41000,0,0,0,0,41000,-41000,-41000
061669,崇越中信9A購01  ,0,0,0,0,0,0,0,0,0,-41000,0,0,0,46000,87000,-41000,-41000
059993,上銀元富99購01  ,0,0,0,0,0,0,0,0,0,-41000,0,0,0,0,41000,-41000,-41000
058327,大毅統一9B購01  ,0,0,0,0,0,0,0,0,0,-41000,0,0,0,30000,71000,-41000,-41000
06242P,大立光元富9A售02,0,0,0,0,0,0,0,0,0,-41000,0,0,0,31000,72000,-41000,-41000
062875,瑞昱兆豐9C購01  ,0,0,0,0,0,0,0,0,0,-41000,0,0,0,1000,42000,-41000,-41000
3583,辛耘            ,44000,85000,-41000,0,0,0,0,0,0,0,0,0,0,0,0,0,-41000
065702,聯發科群益9C購14,0,0,0,0,0,0,0,0,0,-42000,0,0,0,0,42000,-42000,-42000
064902,健策群益01購03  ,0,0,0,0,0,0,0,0,0,-42000,0,0,0,5000,47000,-42000,-42000
1315,達新            ,0,29000,-29000,0,0,0,0,0,0,-13000,0,0,0,0,13000,-13000,-42000
057236,聯詠凱基98購03  ,0,0,0,0,0,0,0,0,0,-42000,0,0,0,102000,144000,-42000,-42000
056772,欣興元大99購01  ,0,0,0,0,0,0,0,0,0,-42000,0,0,0,75000,117000,-42000,-42000
055541,聚陽凱基98購01  ,0,0,0,0,0,0,0,0,0,-42000,0,0,0,0,42000,-42000,-42000
059086,國巨元大99購18  ,0,0,0,0,0,0,0,0,0,-42000,0,0,0,10000,52000,-42000,-42000
06139P,台積電中信99售02,0,0,0,0,0,0,0,0,0,-42000,0,0,0,38000,80000,-42000,-42000
062193,瑞昱第一9B購01  ,0,0,0,0,0,0,0,0,0,-42000,0,0,0,0,42000,-42000,-42000
062619,台表科元大9B購03,0,0,0,0,0,0,0,0,0,-42000,0,0,0,55000,97000,-42000,-42000
062545,嘉晶永豐9B購01  ,0,0,0,0,0,0,0,0,0,-42000,0,0,0,153000,195000,-42000,-42000
063515,香港2X凱基01購01,0,0,0,0,0,0,0,0,0,-42000,0,0,0,151000,193000,-42000,-42000
064533,技嘉國票01購01  ,0,0,0,0,0,0,0,0,0,-42000,0,0,0,58000,100000,-42000,-42000
2430,燦坤            ,24000,65000,-41000,0,0,0,0,0,0,-1000,0,1000,-1000,0,0,0,-42000
3043,科風            ,0,42800,-42800,0,0,0,0,0,0,0,0,0,0,0,0,0,-42800
07652P,臺股指中信9A售07,0,0,0,0,0,0,0,0,0,-43000,0,0,0,198000,241000,-43000,-43000
065615,南電元大01購03  ,0,0,0,0,0,0,0,0,0,-43000,0,0,0,18000,61000,-43000,-43000
055682,智原凱基98購02  ,0,0,0,0,0,0,0,0,0,-43000,0,0,0,40000,83000,-43000,-43000
057944,新日興國票99購02,0,0,0,0,0,0,0,0,0,-43000,0,0,0,9000,52000,-43000,-43000
061801,祥碩永豐9B購01  ,0,0,0,0,0,0,0,0,0,-43000,0,0,0,0,43000,-43000,-43000
061816,長榮航群益9B購02,0,0,0,0,0,0,0,0,0,-43000,0,0,0,3000,46000,-43000,-43000
060018,國產康和99購01  ,0,0,0,0,0,0,0,0,0,-43000,0,0,0,0,43000,-43000,-43000
060300,佐登國泰9B購01  ,0,0,0,0,0,0,0,0,0,-43000,0,0,0,12000,55000,-43000,-43000
06025P,臺股指元大99售02,0,0,0,0,0,0,0,0,0,-43000,0,0,0,71000,114000,-43000,-43000
059032,元石油群益9C購03,0,0,0,0,0,0,0,0,0,-43000,0,0,0,0,43000,-43000,-43000
064308,國巨群益9C購09  ,0,0,0,0,0,0,0,0,0,-43000,0,0,0,10000,53000,-43000,-43000
064764,聯茂凱基01購01  ,0,0,0,0,0,0,0,0,0,-43000,0,0,0,243000,286000,-43000,-43000
064219,滬深2X國票03購01,0,0,0,0,0,0,0,0,0,-43000,0,0,0,37000,80000,-43000,-43000
063153,南六元富9B購01  ,0,0,0,0,0,0,0,0,0,-43000,0,0,0,22000,65000,-43000,-43000
4994,傳奇            ,19000,46000,-27000,0,0,0,0,0,0,-16000,0,12000,-12000,0,4000,-4000,-43000
065732,健策凱基9C購04  ,0,0,0,0,0,0,0,0,0,-44000,0,0,0,4000,48000,-44000,-44000
065197,景碩元富06購01  ,0,0,0,0,0,0,0,0,0,-44000,0,0,0,6000,50000,-44000,-44000
065077,鴻海元大01購03  ,0,0,0,0,0,0,0,0,0,-44000,0,0,0,11000,55000,-44000,-44000
065298,健策統一9C購06  ,0,0,0,0,0,0,0,0,0,-44000,0,0,0,174000,218000,-44000,-44000
08014P,微星凱基9B售02  ,0,0,0,0,0,0,0,0,0,-44000,0,0,0,0,44000,-44000,-44000
1325,恆大            ,247000,318000,-71000,0,0,0,0,0,0,27000,9000,0,9000,18000,0,18000,-44000
058004,大立光群益98購03,0,0,0,0,0,0,0,0,0,-44000,0,0,0,4000,48000,-44000,-44000
061010,上銀麥證9A購02  ,0,0,0,5000,49000,-44000,0,0,0,-44000,0,0,0,5000,49000,-44000,-44000
060946,世紀鋼國票9A購02,0,0,0,0,0,0,0,0,0,-44000,0,0,0,27000,71000,-44000,-44000
055707,聯鈞永豐98購01  ,0,0,0,0,0,0,0,0,0,-44000,0,0,0,27000,71000,-44000,-44000
054466,欣興凱基97購03  ,0,0,0,0,0,0,0,0,0,-44000,0,0,0,10000,54000,-44000,-44000
054749,聯茂凱基98購01  ,0,0,0,0,0,0,0,0,0,-44000,0,0,0,0,44000,-44000,-44000
061368,南六國票9A購01  ,0,0,0,0,0,0,0,0,0,-44000,0,0,0,6000,50000,-44000,-44000
060435,鈺齊永豐9A購01  ,0,0,0,0,0,0,0,0,0,-44000,0,0,0,80000,124000,-44000,-44000
062025,台達電群益9B購01,0,0,0,0,0,0,0,0,0,-44000,0,0,0,70000,114000,-44000,-44000
063273,緯穎兆豐9C購01  ,0,0,0,0,0,0,0,0,0,-44000,0,0,0,6000,50000,-44000,-44000
063432,金寶元富9B購01  ,0,0,0,0,0,0,0,0,0,-44000,0,0,0,46000,90000,-44000,-44000
064046,聯發科統一9C購12,0,0,0,0,0,0,0,0,0,-44000,0,0,0,15000,59000,-44000,-44000
064430,鴻海凱基03購04  ,0,0,0,0,0,0,0,0,0,-44000,0,0,0,15000,59000,-44000,-44000
4144,康聯-KY         ,30000,74000,-44000,0,0,0,0,0,0,0,0,0,0,0,0,0,-44000
6670,復盛應用        ,10000,66000,-56000,0,0,0,0,0,0,12000,0,0,0,12000,0,12000,-44000
08173P,金像電凱基9B售02,0,0,0,0,0,0,0,0,0,-45000,0,0,0,51000,96000,-45000,-45000
07509P,牧德國票9A售03  ,0,0,0,0,0,0,0,0,0,-45000,0,0,0,15000,60000,-45000,-45000
07141P,台灣50國票9A售03,0,0,0,0,0,0,0,0,0,-45000,0,0,0,40000,85000,-45000,-45000
065232,健策凱基02購01  ,0,0,0,0,0,0,0,0,0,-45000,0,0,0,25000,70000,-45000,-45000
065095,玉晶光元大02購02,0,0,0,0,0,0,0,0,0,-45000,0,0,0,21000,66000,-45000,-45000
065629,台積電國票01購04,0,0,0,0,0,0,0,0,0,-45000,0,0,0,1000,46000,-45000,-45000
057878,台郡元大99購04  ,0,0,0,0,0,0,0,0,0,-45000,0,0,0,196000,241000,-45000,-45000
051603,深中小群益99購03,0,0,0,0,0,0,0,0,0,-45000,0,0,0,0,45000,-45000,-45000
03451B,臺股指凱基9C熊23,0,0,0,0,0,0,0,0,0,-45000,0,0,0,0,45000,-45000,-45000
061186,牧德國泰9C購01  ,0,0,0,0,0,0,0,0,0,-45000,0,0,0,14000,59000,-45000,-45000
057740,茂林富邦9A購01  ,0,0,0,0,0,0,0,0,0,-45000,0,0,0,0,45000,-45000,-45000
056674,華邦電元富98購01,0,0,0,0,0,0,0,0,0,-45000,0,0,0,0,45000,-45000,-45000
056429,華通凱基98購02  ,0,0,0,0,0,0,0,0,0,-45000,0,0,0,91000,136000,-45000,-45000
056599,臻鼎元富98購01  ,0,0,0,0,0,0,0,0,0,-45000,0,0,0,73000,118000,-45000,-45000
061929,嘉澤凱基9B購01  ,0,0,0,0,0,0,0,0,0,-45000,0,0,0,5000,50000,-45000,-45000
059223,大立光元大99購14,0,0,0,0,0,0,0,0,0,-45000,0,0,0,0,45000,-45000,-45000
059878,聯茂凱基99購07  ,0,0,0,0,0,0,0,0,0,-45000,0,0,0,0,45000,-45000,-45000
059166,友達凱基99購05  ,0,0,0,0,0,0,0,0,0,-45000,0,0,0,50000,95000,-45000,-45000
059536,新光金凱基99購05,0,0,0,0,0,0,0,0,0,-45000,0,0,0,10000,55000,-45000,-45000
058353,國巨凱基99購09  ,0,0,0,0,0,0,0,0,0,-45000,0,0,0,100000,145000,-45000,-45000
064858,鴻海富邦01購01  ,0,0,0,0,0,0,0,0,0,-45000,0,0,0,70000,115000,-45000,-45000
064627,矽格元大9C購01  ,0,0,0,0,0,0,0,0,0,-45000,0,0,0,1136000,1181000,-45000,-45000
063670,美食統一9C購01  ,0,0,0,0,0,0,0,0,0,-45000,0,0,0,0,45000,-45000,-45000
063556,儒鴻元大9B購02  ,0,0,0,0,0,0,0,0,0,-45000,0,0,0,229000,274000,-45000,-45000
063024,祥碩元大9B購05  ,0,0,0,0,0,0,0,0,0,-45000,0,0,0,95000,140000,-45000,-45000
062528,全新統一9C購01  ,0,0,0,0,0,0,0,0,0,-45000,0,0,0,12000,57000,-45000,-45000
062579,華通統一01購02  ,0,0,0,0,0,0,0,0,0,-45000,0,0,0,0,45000,-45000,-45000
065953,宏達電統一03購01,0,0,0,0,0,0,0,0,0,-46000,0,0,0,8000,54000,-46000,-46000
066057,華擎元大02購01  ,0,0,0,0,0,0,0,0,0,-46000,0,0,0,0,46000,-46000,-46000
07148P,富邦金元大99售01,0,0,0,0,0,0,0,0,0,-46000,0,0,0,4000,50000,-46000,-46000
08426P,奇力新國票01售01,0,0,0,0,0,0,0,0,0,-46000,0,0,0,0,46000,-46000,-46000
08610P,鴻海凱基9C售05  ,0,0,0,0,0,0,0,0,0,-46000,0,0,0,0,46000,-46000,-46000
057444,台泥元富98購01  ,0,0,0,0,0,0,0,0,0,-46000,0,0,0,252000,298000,-46000,-46000
057447,智邦元富02購01  ,0,0,0,0,0,0,0,0,0,-46000,0,0,0,300000,346000,-46000,-46000
060945,緯穎國票9A購02  ,0,0,0,0,0,0,0,0,0,-46000,0,0,0,45000,91000,-46000,-46000
055834,國巨元大97購13  ,0,0,0,0,0,0,0,0,0,-46000,0,0,0,2000,48000,-46000,-46000
058159,健策台新9A購01  ,0,0,0,0,0,0,0,0,0,-46000,0,0,0,1000,47000,-46000,-46000
059003,中壽元大99購01  ,0,0,0,0,0,0,0,0,0,-46000,0,0,0,95000,141000,-46000,-46000
059873,華新科凱基99購09,0,0,0,0,0,0,0,0,0,-46000,0,0,0,4000,50000,-46000,-46000
061656,華新科國票9A購08,0,0,0,0,0,0,0,0,0,-46000,0,0,0,0,46000,-46000,-46000
062882,新日興兆豐9C購01,0,0,0,0,0,0,0,0,0,-46000,0,0,0,5000,51000,-46000,-46000
062808,祥碩統一9C購01  ,0,0,0,0,0,0,0,0,0,-46000,0,0,0,0,46000,-46000,-46000
062922,南六元大9B購03  ,0,0,0,0,0,0,0,0,0,-46000,0,0,0,25000,71000,-46000,-46000
063631,燿華元大9B購06  ,0,0,0,0,0,0,0,0,0,-46000,0,0,0,16000,62000,-46000,-46000
063644,祥碩元大9B購10  ,0,0,0,0,0,0,0,0,0,-46000,0,0,0,26000,72000,-46000,-46000
064794,牧德國票01購01  ,0,0,0,0,0,0,0,0,0,-46000,0,0,0,89000,135000,-46000,-46000
6215,和椿            ,11000,57000,-46000,0,0,0,0,0,0,0,0,0,0,0,0,0,-46000
8996,高力            ,224000,244000,-20000,0,0,0,0,0,0,-26000,1000,27000,-26000,0,0,0,-46000
08564P,國巨群益9C售15  ,0,0,0,0,0,0,0,0,0,-47000,0,0,0,0,47000,-47000,-47000
08568P,臺股指富邦9C售05,0,0,0,0,0,0,0,0,0,-47000,0,0,0,0,47000,-47000,-47000
1611,中電            ,15000,60000,-45000,0,0,0,0,0,0,-2000,0,2000,-2000,0,0,0,-47000
08341P,國泰金台新9C售01,0,0,0,0,0,0,0,0,0,-47000,0,0,0,34000,81000,-47000,-47000
07101P,台郡元大99售06  ,0,0,0,0,0,0,0,0,0,-47000,0,0,0,352000,399000,-47000,-47000
07948P,大成鋼凱基9B售01,0,0,0,0,0,0,0,0,0,-47000,0,0,0,3000,50000,-47000,-47000
065243,聯發科兆豐01購03,0,0,0,0,0,0,0,0,0,-47000,0,0,0,8000,55000,-47000,-47000
055916,奇鋐凱基99購01  ,0,0,0,0,0,0,0,0,0,-47000,0,0,0,53000,100000,-47000,-47000
057445,華通元富02購01  ,0,0,0,0,0,0,0,0,0,-47000,0,0,0,47000,94000,-47000,-47000
058036,南電永豐98購01  ,0,0,0,0,0,0,0,0,0,-47000,0,0,0,39000,86000,-47000,-47000
058930,華新科統一9B購01,0,0,0,0,0,0,0,0,0,-47000,0,0,0,68000,115000,-47000,-47000
061363,儒鴻國票9B購01  ,0,0,0,0,0,0,0,0,0,-47000,0,0,0,11000,58000,-47000,-47000
061757,T50反1元大9B購01,0,0,0,0,0,0,0,0,0,-47000,0,0,0,0,47000,-47000,-47000
064536,富邦金國票01購01,0,0,0,0,0,0,0,0,0,-47000,0,0,0,50000,97000,-47000,-47000
064451,技嘉統一01購02  ,0,0,0,0,0,0,0,0,0,-47000,0,0,0,250000,297000,-47000,-47000
06336P,鴻海元大98售05  ,0,0,0,0,0,0,0,0,0,-47000,0,0,0,0,47000,-47000,-47000
063296,可成麥證9B購01  ,0,0,0,3000,47000,-44000,0,0,0,-47000,0,0,0,3000,50000,-47000,-47000
062610,啟碁凱基9B購01  ,0,0,0,0,0,0,0,0,0,-47000,0,0,0,20000,67000,-47000,-47000
062774,儒鴻元大9C購01  ,0,0,0,0,0,0,0,0,0,-47000,0,0,0,80000,127000,-47000,-47000
062255,聯發科元大9B購07,0,0,0,0,0,0,0,0,0,-47000,0,0,0,53000,100000,-47000,-47000
9946,三發地產        ,7000,54000,-47000,0,0,0,0,0,0,0,0,0,0,0,0,0,-47000
2908,特力            ,20000,67000,-47000,0,0,0,0,0,0,0,0,0,0,0,0,0,-47000
2030,彰源            ,0,45000,-45000,0,0,0,0,0,0,-2000,0,2000,-2000,0,0,0,-47000
07090P,台灣50凱基01售01,0,0,0,0,0,0,0,0,0,-48000,0,0,0,0,48000,-48000,-48000
08390P,旺宏凱基9C售02  ,0,0,0,0,0,0,0,0,0,-48000,0,0,0,20000,68000,-48000,-48000
08244P,同欣電凱基9C售03,0,0,0,0,0,0,0,0,0,-48000,0,0,0,0,48000,-48000,-48000
1541,錩泰            ,1000,49000,-48000,0,0,0,0,0,0,0,0,0,0,0,0,0,-48000
08592P,聯發科凱基01售06,0,0,0,0,0,0,0,0,0,-48000,0,0,0,2000,50000,-48000,-48000
057302,福懋科中信98購01,0,0,0,0,0,0,0,0,0,-48000,0,0,0,0,48000,-48000,-48000
057364,國巨元大98購18  ,0,0,0,0,0,0,0,0,0,-48000,0,0,0,3000,51000,-48000,-48000
057716,神達統一98購01  ,0,0,0,0,0,0,0,0,0,-48000,0,0,0,223000,271000,-48000,-48000
061079,台積電兆豐9A購02,0,0,0,0,0,0,0,0,0,-48000,0,0,0,0,48000,-48000,-48000
056307,貿聯元大97購05  ,0,0,0,0,0,0,0,0,0,-48000,0,0,0,1000,49000,-48000,-48000
054974,台表科元大98購02,0,0,0,0,0,0,0,0,0,-48000,0,0,0,0,48000,-48000,-48000
057861,台積電凱基98購16,0,0,0,0,0,0,0,0,0,-48000,0,0,0,6000,54000,-48000,-48000
058701,鴻海元大99購16  ,0,0,0,0,0,0,0,0,0,-48000,0,0,0,14000,62000,-48000,-48000
059461,鈺齊永豐99購03  ,0,0,0,0,0,0,0,0,0,-48000,0,0,0,0,48000,-48000,-48000
058358,技嘉凱基9A購01  ,0,0,0,0,0,0,0,0,0,-48000,0,0,0,19000,67000,-48000,-48000
060127,牧德永豐99購02  ,0,0,0,0,0,0,0,0,0,-48000,0,0,0,20000,68000,-48000,-48000
061872,友達元大9C購06  ,0,0,0,0,0,0,0,0,0,-48000,0,0,0,180000,228000,-48000,-48000
061841,晶技凱基9C購01  ,0,0,0,0,0,0,0,0,0,-48000,0,0,0,2000,50000,-48000,-48000
062473,同欣電凱基9B購01,0,0,0,0,0,0,0,0,0,-48000,0,0,0,16000,64000,-48000,-48000
063100,聚陽群益9C購02  ,0,0,0,0,0,0,0,0,0,-48000,0,0,0,78000,126000,-48000,-48000
063087,南六凱基9C購02  ,0,0,0,0,0,0,0,0,0,-48000,0,0,0,2000,50000,-48000,-48000
064529,友達中信01購03  ,0,0,0,0,0,0,0,0,0,-48000,0,0,0,0,48000,-48000,-48000
064610,儒鴻元大9C購03  ,0,0,0,0,0,0,0,0,0,-48000,0,0,0,110000,158000,-48000,-48000
064647,致伸凱基9C購01  ,0,0,0,0,0,0,0,0,0,-48000,0,0,0,0,48000,-48000,-48000
064720,長榮航統一02購01,0,0,0,0,0,0,0,0,0,-48000,0,0,0,10000,58000,-48000,-48000
064682,嘉聯益兆豐01購01,0,0,0,0,0,0,0,0,0,-48000,0,0,0,187000,235000,-48000,-48000
064683,台表科兆豐9C購02,0,0,0,0,0,0,0,0,0,-48000,0,0,0,56000,104000,-48000,-48000
063814,嘉晶群益9C購01  ,0,0,0,0,0,0,0,0,0,-48000,0,0,0,50000,98000,-48000,-48000
064102,宏達電群益9C購01,0,0,0,0,0,0,0,0,0,-48000,0,0,0,8000,56000,-48000,-48000
8429,金麗-KY         ,10000,57000,-47000,0,0,0,0,0,0,-1000,0,1000,-1000,0,0,0,-48000
910861,神州-DR         ,8000,56000,-48000,0,0,0,0,0,0,0,0,0,0,0,0,0,-48000
1338,廣華-KY         ,62000,111000,-49000,0,0,0,0,0,0,0,0,0,0,0,0,0,-49000
08347P,大立光元大9C售16,0,0,0,0,0,0,0,0,0,-49000,0,0,0,0,49000,-49000,-49000
06911P,鴻海元大99售09  ,0,0,0,0,0,0,0,0,0,-49000,0,0,0,0,49000,-49000,-49000
065262,義隆元大9C購06  ,25000,0,25000,0,0,0,0,0,0,-74000,0,0,0,69000,143000,-74000,-49000
065098,致伸元大9C購02  ,0,0,0,0,0,0,0,0,0,-49000,0,0,0,107000,156000,-49000,-49000
065156,可成群益01購02  ,0,0,0,0,0,0,0,0,0,-49000,0,0,0,1000,50000,-49000,-49000
065935,金像電群益01購03,0,0,0,0,0,0,0,0,0,-49000,0,0,0,0,49000,-49000,-49000
055102,上銀凱基98購01  ,0,0,0,0,0,0,0,0,0,-49000,0,0,0,0,49000,-49000,-49000
00648R,元大S&P500反1   ,38000,0,38000,0,0,0,0,0,0,-87000,0,0,0,88000,175000,-87000,-49000
058012,鈺齊國票99購01  ,0,0,0,0,0,0,0,0,0,-49000,0,0,0,29000,78000,-49000,-49000
058014,上銀凱基99購02  ,0,0,0,0,0,0,0,0,0,-49000,0,0,0,0,49000,-49000,-49000
061065,神基凱基9A購01  ,0,0,0,0,0,0,0,0,0,-49000,0,0,0,25000,74000,-49000,-49000
057510,泰碩統一98購02  ,0,0,0,0,0,0,0,0,0,-49000,0,0,0,1000,50000,-49000,-49000
058569,健策凱基9A購01  ,0,0,0,0,0,0,0,0,0,-49000,0,0,0,17000,66000,-49000,-49000
059828,健策凱基99購05  ,0,0,0,0,0,0,0,0,0,-49000,0,0,0,12000,61000,-49000,-49000
059642,健策凱基99購04  ,0,0,0,0,0,0,0,0,0,-49000,0,0,0,11000,60000,-49000,-49000
059293,宏達電元富9B購01,0,0,0,0,0,0,0,0,0,-49000,0,0,0,272000,321000,-49000,-49000
064277,可成元大9C購04  ,0,0,0,0,0,0,0,0,0,-49000,0,0,0,0,49000,-49000,-49000
063774,GIS富邦9B購02   ,0,0,0,0,0,0,0,0,0,-49000,0,0,0,883000,932000,-49000,-49000
064629,和潤元大9C購01  ,0,0,0,0,0,0,0,0,0,-49000,0,0,0,136000,185000,-49000,-49000
064623,創意元大9C購04  ,0,0,0,0,0,0,0,0,0,-49000,0,0,0,7000,56000,-49000,-49000
6541,泰福-KY         ,35000,84000,-49000,0,0,0,0,0,0,0,0,0,0,0,0,0,-49000
065927,智原國票02購01  ,0,0,0,0,0,0,0,0,0,-50000,0,0,0,0,50000,-50000,-50000
065921,GIS凱基01購02   ,0,0,0,0,0,0,0,0,0,-50000,0,0,0,25000,75000,-50000,-50000
06585P,鴻海元大99售04  ,0,0,0,0,0,0,0,0,0,-50000,0,0,0,0,50000,-50000,-50000
06586P,鴻海元大9C售01  ,0,0,0,0,0,0,0,0,0,-50000,0,0,0,0,50000,-50000,-50000
06799P,臺股指凱基98售09,0,0,0,0,0,0,0,0,0,-50000,0,0,0,0,50000,-50000,-50000
06783P,亞光元大98售03  ,0,0,0,0,0,0,0,0,0,-50000,0,0,0,0,50000,-50000,-50000
06761P,台積電元大99售05,0,0,0,0,0,0,0,0,0,-50000,0,0,0,0,50000,-50000,-50000
06758P,鴻海元大98售10  ,0,0,0,0,0,0,0,0,0,-50000,0,0,0,63000,113000,-50000,-50000
06863P,欣興凱基98售05  ,0,0,0,0,0,0,0,0,0,-50000,0,0,0,20000,70000,-50000,-50000
065540,台表科統一02購05,0,0,0,0,0,0,0,0,0,-50000,0,0,0,10000,60000,-50000,-50000
065153,金像電群益9C購03,0,0,0,0,0,0,0,0,0,-50000,0,0,0,20000,70000,-50000,-50000
06528P,台積電富邦99售03,0,0,0,0,0,0,0,0,0,-50000,0,0,0,0,50000,-50000,-50000
065424,華新凱基02購01  ,0,0,0,0,0,0,0,0,0,-50000,0,0,0,17000,67000,-50000,-50000
065450,同欣電統一01購03,0,0,0,0,0,0,0,0,0,-50000,0,0,0,130000,180000,-50000,-50000
07059P,華通國票9A售02  ,0,0,0,0,0,0,0,0,0,-50000,0,0,0,0,50000,-50000,-50000
07189P,聯發科富邦9B售03,0,0,0,0,0,0,0,0,0,-50000,0,0,0,0,50000,-50000,-50000
07583P,台積電富邦9B售05,0,0,0,0,0,0,0,0,0,-50000,0,0,0,0,50000,-50000,-50000
07294P,滬深2X元富9C售08,0,0,0,0,0,0,0,0,0,-50000,0,0,0,0,50000,-50000,-50000
07300P,臺股指元大9A售33,0,0,0,0,0,0,0,0,0,-50000,0,0,0,0,50000,-50000,-50000
08087P,聯發科凱基9B售12,0,0,0,0,0,0,0,0,0,-50000,0,0,0,0,50000,-50000,-50000
07682P,聯發科凱基9A售15,0,0,0,0,0,0,0,0,0,-50000,0,0,0,0,50000,-50000,-50000
07685P,玉晶光凱基9B售03,0,0,0,0,0,0,0,0,0,-50000,0,0,0,50000,100000,-50000,-50000
07660P,聯茂凱基9A售03  ,0,0,0,0,0,0,0,0,0,-50000,0,0,0,50000,100000,-50000,-50000
07740P,臺股指永豐9A售01,0,0,0,0,0,0,0,0,0,-50000,0,0,0,0,50000,-50000,-50000
07865P,可成元大9B售02  ,0,0,0,0,0,0,0,0,0,-50000,0,0,0,0,50000,-50000,-50000
07870P,鴻海群益9B售01  ,0,0,0,0,0,0,0,0,0,-50000,0,0,0,0,50000,-50000,-50000
08468P,台郡統一9C售02  ,0,0,0,0,0,0,0,0,0,-50000,0,0,0,0,50000,-50000,-50000
08287P,茂林凱基9C售02  ,0,0,0,0,0,0,0,0,0,-50000,0,0,0,53000,103000,-50000,-50000
08262P,茂林元大9C售01  ,0,0,0,0,0,0,0,0,0,-50000,0,0,0,0,50000,-50000,-50000
08340P,聯發科元富9C售01,0,0,0,0,0,0,0,0,0,-50000,0,0,0,20000,70000,-50000,-50000
08158P,嘉澤元富9B售03  ,0,0,0,0,0,0,0,0,0,-50000,0,0,0,0,50000,-50000,-50000
08188P,群創群益9B售04  ,0,0,0,0,0,0,0,0,0,-50000,0,0,0,40000,90000,-50000,-50000
060894,奇力新凱基9A購03,0,0,0,0,0,0,0,0,0,-50000,0,0,0,10000,60000,-50000,-50000
060913,宏達電元大9A購03,0,0,0,0,0,0,0,0,0,-50000,0,0,0,15000,65000,-50000,-50000
061071,復盛凱基9A購01  ,0,0,0,0,0,0,0,0,0,-50000,0,0,0,0,50000,-50000,-50000
057456,道瓊銀富邦9C購01,0,0,0,0,0,0,0,0,0,-50000,0,0,0,80000,130000,-50000,-50000
057663,國巨元大99購08  ,0,0,0,0,0,0,0,0,0,-50000,0,0,0,0,50000,-50000,-50000
057612,瑞昱元富02購01  ,0,0,0,0,0,0,0,0,0,-50000,0,0,0,3000,53000,-50000,-50000
058043,鴻海元大98購13  ,0,0,0,0,0,0,0,0,0,-50000,0,0,0,5000,55000,-50000,-50000
057548,微星凱基99購01  ,0,0,0,0,0,0,0,0,0,-50000,0,0,0,167000,217000,-50000,-50000
057394,台積電中信9C購02,0,0,0,0,0,0,0,0,0,-50000,0,0,0,1725000,1775000,-50000,-50000
057988,鈺齊元富98購02  ,0,0,0,0,0,0,0,0,0,-50000,0,0,0,0,50000,-50000,-50000
057928,鈺齊凱基98購02  ,0,0,0,0,0,0,0,0,0,-50000,0,0,0,49000,99000,-50000,-50000
057102,亞光中信9A購01  ,0,0,0,0,0,0,0,0,0,-50000,0,0,0,0,50000,-50000,-50000
057108,潤泰全群益98購01,0,0,0,0,0,0,0,0,0,-50000,0,0,0,0,50000,-50000,-50000
056277,上銀富邦99購02  ,0,0,0,0,0,0,0,0,0,-50000,0,0,0,50000,100000,-50000,-50000
056364,亞光元大99購02  ,0,0,0,0,0,0,0,0,0,-50000,0,0,0,0,50000,-50000,-50000
056538,國泰金凱基98購01,0,0,0,0,0,0,0,0,0,-50000,0,0,0,0,50000,-50000,-50000
03875P,滬深2X國票05售01,0,0,0,0,0,0,0,0,0,-50000,0,0,0,0,50000,-50000,-50000
052629,訊芯中信99購01  ,0,0,0,0,0,0,0,0,0,-50000,0,0,0,0,50000,-50000,-50000
051375,道瓊反群益9A購01,0,0,0,0,0,0,0,0,0,-50000,0,0,0,0,50000,-50000,-50000
055594,華新科元大98購02,0,0,0,0,0,0,0,0,0,-50000,0,0,0,0,50000,-50000,-50000
052299,T50反1台新05購03,0,0,0,0,0,0,0,0,0,-50000,0,0,0,0,50000,-50000,-50000
055118,嘉聯益凱基98購02,0,0,0,0,0,0,0,0,0,-50000,0,0,0,0,50000,-50000,-50000
055093,京鼎群益98購01  ,0,0,0,0,0,0,0,0,0,-50000,0,0,0,40000,90000,-50000,-50000
054772,康控國票98購02  ,0,0,0,0,0,0,0,0,0,-50000,0,0,0,0,50000,-50000,-50000
054064,台郡國票97購04  ,0,0,0,0,0,0,0,0,0,-50000,0,0,0,0,50000,-50000,-50000
057038,元油2X元大9B購06,0,0,0,0,0,0,0,0,0,-50000,0,0,0,0,50000,-50000,-50000
055327,致新國票98購01  ,0,0,0,0,0,0,0,0,0,-50000,0,0,0,1000,51000,-50000,-50000
058642,旺宏麥證9A購01  ,0,0,0,0,50000,-50000,0,0,0,-50000,0,0,0,0,50000,-50000,-50000
061266,國泰金凱基9B購01,0,0,0,0,0,0,0,0,0,-50000,0,0,0,0,50000,-50000,-50000
06050P,玉晶光國票98售01,0,0,0,0,0,0,0,0,0,-50000,0,0,0,100000,150000,-50000,-50000
058344,旺宏群益99購05  ,0,0,0,0,0,0,0,0,0,-50000,0,0,0,10000,60000,-50000,-50000
058312,大毅國泰9B購01  ,0,0,0,0,0,0,0,0,0,-50000,0,0,0,0,50000,-50000,-50000
058189,嘉澤永豐99購01  ,0,0,0,0,0,0,0,0,0,-50000,0,0,0,32000,82000,-50000,-50000
059252,聯詠凱基99購03  ,0,0,0,0,0,0,0,0,0,-50000,0,0,0,38000,88000,-50000,-50000
059818,鴻海凱基99購14  ,0,0,0,0,0,0,0,0,0,-50000,0,0,0,0,50000,-50000,-50000
059965,鴻海凱基99購16  ,0,0,0,0,0,0,0,0,0,-50000,0,0,0,0,50000,-50000,-50000
060339,國巨統一01購01  ,0,0,0,0,0,0,0,0,0,-50000,0,0,0,0,50000,-50000,-50000
061843,億豐凱基9C購01  ,0,0,0,0,0,0,0,0,0,-50000,0,0,0,15000,65000,-50000,-50000
061834,華新科凱基02購02,0,0,0,0,0,0,0,0,0,-50000,0,0,0,0,50000,-50000,-50000
06078P,臺股指凱基9A售01,0,0,0,0,0,0,0,0,0,-50000,0,0,0,140000,190000,-50000,-50000
060600,台積電凱基9C購01,0,0,0,0,0,0,0,0,0,-50000,0,0,0,20000,70000,-50000,-50000
060745,京元電國票9A購01,0,0,0,0,0,0,0,0,0,-50000,0,0,0,150000,200000,-50000,-50000
062043,牧德凱基9B購04  ,0,0,0,0,0,0,0,0,0,-50000,0,0,0,1000,51000,-50000,-50000
062172,南六永豐9B購01  ,0,0,0,0,0,0,0,0,0,-50000,0,0,0,0,50000,-50000,-50000
062235,億光凱基9B購01  ,0,0,0,0,0,0,0,0,0,-50000,0,0,0,0,50000,-50000,-50000
064716,國巨統一9C購14  ,0,0,0,0,0,0,0,0,0,-50000,0,0,0,0,50000,-50000,-50000
064751,亞德客凱基9C購02,0,0,0,0,0,0,0,0,0,-50000,0,0,0,0,50000,-50000,-50000
063788,矽創統一02購01  ,0,0,0,0,0,0,0,0,0,-50000,0,0,0,20000,70000,-50000,-50000
063803,世紀鋼凱基01購01,0,0,0,0,0,0,0,0,0,-50000,0,0,0,0,50000,-50000,-50000
063662,上銀統一01購03  ,0,0,0,0,0,0,0,0,0,-50000,0,0,0,0,50000,-50000,-50000
063676,上銀國泰9C購02  ,0,0,0,0,0,0,0,0,0,-50000,0,0,0,69000,119000,-50000,-50000
063808,台表科兆豐9C購01,0,0,0,0,0,0,0,0,0,-50000,0,0,0,8000,58000,-50000,-50000
063876,華新元富9C購01  ,0,0,0,0,0,0,0,0,0,-50000,0,0,0,85000,135000,-50000,-50000
063966,大毅國票01購01  ,0,0,0,0,0,0,0,0,0,-50000,0,0,0,38000,88000,-50000,-50000
063143,嘉澤統一9B購02  ,0,0,0,0,0,0,0,0,0,-50000,0,0,0,76000,126000,-50000,-50000
063228,聯茂群益9B購01  ,0,0,0,0,0,0,0,0,0,-50000,0,0,0,0,50000,-50000,-50000
063479,南六元大9B購06  ,0,0,0,0,0,0,0,0,0,-50000,0,0,0,11000,61000,-50000,-50000
062564,矽創凱基9B購01  ,0,0,0,0,0,0,0,0,0,-50000,0,0,0,35000,85000,-50000,-50000
062765,祥碩凱基9B購04  ,0,0,0,0,0,0,0,0,0,-50000,0,0,0,0,50000,-50000,-50000
062910,亞光元大9B購01  ,0,0,0,0,0,0,0,0,0,-50000,0,0,0,10000,60000,-50000,-50000
062897,上銀元大9B購06  ,0,0,0,0,0,0,0,0,0,-50000,0,0,0,10000,60000,-50000,-50000
08234P,華擎元富9B售03  ,0,0,0,0,0,0,0,0,0,-51000,0,0,0,44000,95000,-51000,-51000
08440P,玉晶光國票01售05,0,0,0,0,0,0,0,0,0,-51000,0,0,0,143000,194000,-51000,-51000
08537P,台光電國票01售03,0,0,0,0,0,0,0,0,0,-51000,0,0,0,0,51000,-51000,-51000
1531,高林股          ,3000,58000,-55000,0,0,0,0,0,0,4000,4000,0,4000,0,0,0,-51000
065323,聯發科凱基9C購09,0,0,0,0,0,0,0,0,0,-51000,0,0,0,149000,200000,-51000,-51000
055705,微星永豐97購01  ,0,0,0,0,0,0,0,0,0,-51000,0,0,0,19000,70000,-51000,-51000
057275,友達元大9A購04  ,0,0,0,0,0,0,0,0,0,-51000,0,0,0,49000,100000,-51000,-51000
056413,上証反中信9A購01,0,0,0,0,0,0,0,0,0,-51000,0,0,0,0,51000,-51000,-51000
061222,台灣50中信9A購02,0,0,0,0,0,0,0,0,0,-51000,0,0,0,5000,56000,-51000,-51000
060329,鎧勝群益9B購01  ,0,0,0,0,0,0,0,0,0,-51000,0,0,0,4000,55000,-51000,-51000
058856,新光金兆豐99購01,0,0,0,0,0,0,0,0,0,-51000,0,0,0,0,51000,-51000,-51000
058428,大立光元富99購02,0,0,0,0,0,0,0,0,0,-51000,0,0,0,17000,68000,-51000,-51000
058977,SGBR2X凱基03購01,0,0,0,0,0,0,0,0,0,-51000,0,0,0,76000,127000,-51000,-51000
058706,聯鈞元大9C購01  ,0,0,0,0,0,0,0,0,0,-51000,0,0,0,136000,187000,-51000,-51000
058656,燿華中信99購01  ,0,0,0,0,0,0,0,0,0,-51000,0,0,0,11000,62000,-51000,-51000
063545,華通兆豐9B購03  ,0,0,0,0,0,0,0,0,0,-51000,0,0,0,17000,68000,-51000,-51000
063119,華通元大9B購07  ,0,0,0,0,0,0,0,0,0,-51000,0,0,0,56000,107000,-51000,-51000
063038,富邦金凱基9B購02,0,0,0,0,0,0,0,0,0,-51000,0,0,0,223000,274000,-51000,-51000
063709,上銀凱基9B購07  ,0,0,0,0,0,0,0,0,0,-51000,0,0,0,49000,100000,-51000,-51000
064200,華通兆豐01購01  ,0,0,0,0,0,0,0,0,0,-51000,0,0,0,4000,55000,-51000,-51000
064521,群創群益02購01  ,0,0,0,0,0,0,0,0,0,-51000,0,0,0,49000,100000,-51000,-51000
064339,大立光元大01購01,0,0,0,0,0,0,0,0,0,-51000,0,0,0,6000,57000,-51000,-51000
2023,燁輝            ,34000,84000,-50000,0,0,0,0,0,0,-1000,0,1000,-1000,0,0,0,-51000
2642,宅配通          ,98000,148000,-50000,0,0,0,0,0,0,-1000,0,1000,-1000,0,0,0,-51000
065801,瑞昱群益9C購04  ,0,0,0,0,0,0,0,0,0,-52000,0,0,0,118000,170000,-52000,-52000
08220P,華邦電凱基9B售02,0,0,0,0,0,0,0,0,0,-52000,0,0,0,3000,55000,-52000,-52000
07884P,華新科凱基9B售08,0,0,0,0,0,0,0,0,0,-52000,0,0,0,0,52000,-52000,-52000
08063P,立積國票9B售03  ,0,0,0,0,0,0,0,0,0,-52000,0,0,0,0,52000,-52000,-52000
06999P,玉晶光國票9B售01,0,0,0,0,0,0,0,0,0,-52000,0,0,0,30000,82000,-52000,-52000
06928P,鴻海元大99售10  ,0,0,0,0,0,0,0,0,0,-52000,0,0,0,14000,66000,-52000,-52000
052090,聯發科元大97購03,0,0,0,0,0,0,0,0,0,-52000,0,0,0,30000,82000,-52000,-52000
056981,全新群益99購03  ,0,0,0,0,0,0,0,0,0,-52000,0,0,0,46000,98000,-52000,-52000
054733,鴻海凱基98購04  ,0,0,0,0,0,0,0,0,0,-52000,0,0,0,0,52000,-52000,-52000
060477,和潤元大9A購01  ,0,0,0,0,0,0,0,0,0,-52000,0,0,0,104000,156000,-52000,-52000
058985,可成凱基99購03  ,0,0,0,0,0,0,0,0,0,-52000,0,0,0,79000,131000,-52000,-52000
058217,新唐群益99購01  ,0,0,0,0,0,0,0,0,0,-52000,0,0,0,99000,151000,-52000,-52000
058861,國巨凱基9A購08  ,0,0,0,0,0,0,0,0,0,-52000,0,0,0,35000,87000,-52000,-52000
061943,上銀群益9B購02  ,0,0,0,0,0,0,0,0,0,-52000,0,0,0,98000,150000,-52000,-52000
060886,國巨統一01購03  ,0,0,0,0,0,0,0,0,0,-52000,0,0,0,0,52000,-52000,-52000
064401,台達電凱基06購01,0,0,0,0,0,0,0,0,0,-52000,0,0,0,121000,173000,-52000,-52000
063591,麗豐永豐9B購02  ,0,0,0,0,0,0,0,0,0,-52000,0,0,0,24000,76000,-52000,-52000
063446,台光電統一01購02,0,0,0,0,0,0,0,0,0,-52000,0,0,0,119000,171000,-52000,-52000
062757,華通凱基9B購02  ,0,0,0,0,0,0,0,0,0,-52000,0,0,0,50000,102000,-52000,-52000
062548,智易永豐9B購01  ,0,0,0,0,0,0,0,0,0,-52000,0,0,0,0,52000,-52000,-52000
2547,日勝生          ,22000,74000,-52000,0,0,0,0,0,0,0,0,0,0,0,0,0,-52000
4536,拓凱            ,12000,71000,-59000,0,0,0,0,16000,-16000,23000,38000,19000,19000,4000,0,4000,-52000
3022,威強電          ,155428,182000,-26572,0,0,0,0,0,0,-26000,0,26000,-26000,0,0,0,-52572
08191P,鴻海台新9B售03  ,0,0,0,0,0,0,0,0,0,-53000,0,0,0,0,53000,-53000,-53000
08363P,南亞科凱基01售01,0,0,0,0,0,0,0,0,0,-53000,0,0,0,18000,71000,-53000,-53000
065714,矽創群益9C購02  ,0,0,0,0,0,0,0,0,0,-53000,0,0,0,0,53000,-53000,-53000
065103,南六元大9C購06  ,0,0,0,0,0,0,0,0,0,-53000,0,0,0,120000,173000,-53000,-53000
064977,玉晶光元大01購03,0,0,0,0,0,0,0,0,0,-53000,0,0,0,89000,142000,-53000,-53000
055974,上銀統一97購05  ,0,0,0,0,0,0,0,0,0,-53000,0,0,0,0,53000,-53000,-53000
055261,帆宣統一98購01  ,0,0,0,0,0,0,0,0,0,-53000,0,0,0,196000,249000,-53000,-53000
061231,聚陽元大9A購02  ,0,0,0,0,0,0,0,0,0,-53000,0,0,0,47000,100000,-53000,-53000
056503,楠梓電永豐98購01,0,0,0,0,0,0,0,0,0,-53000,0,0,0,120000,173000,-53000,-53000
062159,聯詠凱基9B購01  ,0,0,0,0,0,0,0,0,0,-53000,0,0,0,21000,74000,-53000,-53000
060050,鴻海凱基9B購01  ,0,0,0,0,0,0,0,0,0,-53000,0,0,0,0,53000,-53000,-53000
061597,南六永豐9A購04  ,0,0,0,0,0,0,0,0,0,-53000,0,0,0,4000,57000,-53000,-53000
061545,華新科群益9A購09,0,0,0,0,0,0,0,0,0,-53000,0,0,0,2000,55000,-53000,-53000
063576,台表科元大9B購08,0,0,0,0,0,0,0,0,0,-53000,0,0,0,20000,73000,-53000,-53000
063267,台表科中信01購02,0,0,0,0,0,0,0,0,0,-53000,0,0,0,0,53000,-53000,-53000
064828,聯發科統一01購06,0,0,0,0,0,0,0,0,0,-53000,0,0,0,53000,106000,-53000,-53000
063955,TPK元大9C購01   ,0,0,0,0,0,0,0,0,0,-53000,0,0,0,3000,56000,-53000,-53000
3530,晶相光          ,145000,191000,-46000,0,0,0,0,0,0,-7000,0,0,0,2000,9000,-7000,-53000
2062,橋椿            ,3000,56000,-53000,0,0,0,0,0,0,0,0,0,0,0,0,0,-53000
064960,世紀鋼凱基03購01,0,0,0,0,0,0,0,0,0,-54000,0,0,0,0,54000,-54000,-54000
06746P,聯發科群益99售02,0,0,0,0,0,0,0,0,0,-54000,0,0,0,0,54000,-54000,-54000
08367P,臺股指凱基9C售11,0,0,0,0,0,0,0,0,0,-54000,0,0,0,39000,93000,-54000,-54000
08145P,台灣50群益9B售11,0,0,0,0,0,0,0,0,0,-54000,0,0,0,0,54000,-54000,-54000
08593P,聯發科凱基9C售13,0,0,0,0,0,0,0,0,0,-54000,0,0,0,6000,60000,-54000,-54000
08621P,景碩群益9C售01  ,0,0,0,0,0,0,0,0,0,-54000,0,0,0,18000,72000,-54000,-54000
07031P,台灣50中信03售02,0,0,0,0,0,0,0,0,0,-54000,0,0,0,0,54000,-54000,-54000
07803P,南亞科永豐9A售02,0,0,0,0,0,0,0,0,0,-54000,0,0,0,0,54000,-54000,-54000
061125,億光永豐9A購01  ,0,0,0,0,0,0,0,0,0,-54000,0,0,0,0,54000,-54000,-54000
057585,鴻海國票99購05  ,0,0,0,0,0,0,0,0,0,-54000,0,0,0,35000,89000,-54000,-54000
056943,華通統一99購01  ,0,0,0,0,0,0,0,0,0,-54000,0,0,0,243000,297000,-54000,-54000
052077,可成元富98購02  ,0,0,0,0,0,0,0,0,0,-54000,0,0,0,51000,105000,-54000,-54000
061552,南六群益9A購02  ,0,0,0,0,0,0,0,0,0,-54000,0,0,0,0,54000,-54000,-54000
059355,國巨富邦9B購03  ,0,0,0,0,0,0,0,0,0,-54000,0,0,0,0,54000,-54000,-54000
061352,茂林元大9A購04  ,0,0,0,0,0,0,0,0,0,-54000,0,0,0,33000,87000,-54000,-54000
059107,南茂國泰9A購01  ,0,0,0,0,0,0,0,0,0,-54000,0,0,0,67000,121000,-54000,-54000
061643,嘉澤元大9A購05  ,0,0,0,0,0,0,0,0,0,-54000,0,0,0,71000,125000,-54000,-54000
060388,世紀鋼凱基9B購01,0,0,0,0,0,0,0,0,0,-54000,0,0,0,0,54000,-54000,-54000
059956,玉山金康和99購01,0,0,0,0,0,0,0,0,0,-54000,0,0,0,35000,89000,-54000,-54000
061997,台郡元大9B購03  ,0,0,0,0,0,0,0,0,0,-54000,0,0,0,213000,267000,-54000,-54000
064162,貿聯統一02購01  ,0,0,0,0,0,0,0,0,0,-54000,0,0,0,84000,138000,-54000,-54000
064697,健策群益01購02  ,0,0,0,0,0,0,0,0,0,-54000,0,0,0,46000,100000,-54000,-54000
064327,金寶元大01購01  ,0,0,0,0,0,0,0,0,0,-54000,0,0,0,200000,254000,-54000,-54000
063128,智伸科元大9B購01,0,0,0,0,0,0,0,0,0,-54000,0,0,0,176000,230000,-54000,-54000
063492,台積電富邦02購02,0,0,0,0,0,0,0,0,0,-54000,0,0,0,34000,88000,-54000,-54000
062828,聯詠群益9B購02  ,0,0,0,0,0,0,0,0,0,-54000,0,0,0,74000,128000,-54000,-54000
2929,淘帝-KY         ,14000,66000,-52000,0,0,0,0,0,0,-2000,0,0,0,0,2000,-2000,-54000
4426,利勤            ,29000,75000,-46000,0,0,0,0,0,0,-8000,0,0,0,0,8000,-8000,-54000
07756P,台灣50國票04售01,0,0,0,0,0,0,0,0,0,-55000,0,0,0,0,55000,-55000,-55000
08091P,A50正2元富9B售02,0,0,0,0,0,0,0,0,0,-55000,0,0,0,0,55000,-55000,-55000
08083P,健策元大9C售05  ,0,0,0,0,0,0,0,0,0,-55000,0,0,0,0,55000,-55000,-55000
06991P,矽創群益99售01  ,0,0,0,0,0,0,0,0,0,-55000,0,0,0,25000,80000,-55000,-55000
07081P,南電群益9A售01  ,0,0,0,0,0,0,0,0,0,-55000,0,0,0,0,55000,-55000,-55000
08461P,長榮航國票9C售01,0,0,0,0,0,0,0,0,0,-55000,0,0,0,0,55000,-55000,-55000
064997,T50反1國票01購04,0,0,0,0,0,0,0,0,0,-55000,0,0,0,0,55000,-55000,-55000
065254,大成鋼元大9C購01,0,0,0,0,0,0,0,0,0,-55000,0,0,0,18000,73000,-55000,-55000
065221,神隆永豐9C購01  ,0,0,0,0,0,0,0,0,0,-55000,0,0,0,14000,69000,-55000,-55000
057750,神達國票99購01  ,0,0,0,0,0,0,0,0,0,-55000,0,0,0,15000,70000,-55000,-55000
056409,麗豐國票99購01  ,0,0,0,0,0,0,0,0,0,-55000,0,0,0,30000,85000,-55000,-55000
057936,健策群益99購01  ,0,0,0,0,0,0,0,0,0,-55000,0,0,0,9000,64000,-55000,-55000
057997,旺宏第一9C購01  ,0,0,0,0,0,0,0,0,0,-55000,0,0,0,45000,100000,-55000,-55000
057968,可成國泰9A購01  ,0,0,0,0,0,0,0,0,0,-55000,0,0,0,0,55000,-55000,-55000
060333,金寶康和9A購01  ,0,0,0,0,0,0,0,0,0,-55000,0,0,0,0,55000,-55000,-55000
061745,南電凱基9B購02  ,0,0,0,0,0,0,0,0,0,-55000,0,0,0,1000,56000,-55000,-55000
062272,鴻海群益9B購05  ,0,0,0,0,0,0,0,0,0,-55000,0,0,0,5000,60000,-55000,-55000
063988,華通永豐9C購01  ,0,0,0,0,0,0,0,0,0,-55000,0,0,0,0,55000,-55000,-55000
063732,建準元大9B購02  ,0,0,0,0,0,0,0,0,0,-55000,0,0,0,287000,342000,-55000,-55000
5243,乙盛-KY         ,67000,82000,-15000,0,0,0,0,0,0,-40000,0,40000,-40000,0,0,0,-55000
3532,台勝科          ,244000,277000,-33000,0,0,0,0,1000,-1000,-21000,0,0,0,7000,28000,-21000,-55000
9944,新麗            ,85000,139000,-54000,0,0,0,0,0,0,-1000,0,1000,-1000,0,0,0,-55000
065316,大成鋼凱基9C購01,0,0,0,0,0,0,0,0,0,-56000,0,0,0,0,56000,-56000,-56000
064899,大立光群益9C購06,0,0,0,0,0,0,0,0,0,-56000,0,0,0,24000,80000,-56000,-56000
06825P,臺股指國票98售01,0,0,0,0,0,0,0,0,0,-56000,0,0,0,14000,70000,-56000,-56000
065582,景碩國泰01購01  ,0,0,0,0,0,0,0,0,0,-56000,0,0,0,42000,98000,-56000,-56000
08288P,鴻海統一9C售17  ,0,0,0,0,0,0,0,0,0,-56000,0,0,0,0,56000,-56000,-56000
07846P,台灣50群益9A售17,0,0,0,0,0,0,0,0,0,-56000,0,0,0,0,56000,-56000,-56000
056454,欣興凱基98購02  ,0,0,0,0,0,0,0,0,0,-56000,0,0,0,20000,76000,-56000,-56000
060896,晶技凱基9A購02  ,0,0,0,0,0,0,0,0,0,-56000,0,0,0,129000,185000,-56000,-56000
057913,健策日盛98購01  ,0,0,0,0,0,0,0,0,0,-56000,0,0,0,0,56000,-56000,-56000
056841,友達元富98購03  ,0,0,0,0,0,0,0,0,0,-56000,0,0,0,0,56000,-56000,-56000
055030,帆宣國泰99購02  ,0,0,0,0,0,0,0,0,0,-56000,0,0,0,30000,86000,-56000,-56000
061337,台積電元大9A購27,0,0,0,0,0,0,0,0,0,-56000,0,0,0,3000,59000,-56000,-56000
059021,台積電統一9B購07,0,0,0,0,0,0,0,0,0,-56000,0,0,0,20000,76000,-56000,-56000
060868,致伸永豐9A購01  ,0,0,0,0,0,0,0,0,0,-56000,0,0,0,0,56000,-56000,-56000
064036,矽創元大9C購01  ,0,0,0,0,0,0,0,0,0,-56000,0,0,0,73000,129000,-56000,-56000
062270,上銀群益9B購03  ,0,0,0,0,0,0,0,0,0,-56000,0,0,0,98000,154000,-56000,-56000
062561,瀚宇博凱基9B購01,0,0,0,0,0,0,0,0,0,-56000,0,0,0,278000,334000,-56000,-56000
062885,臻鼎兆豐9C購01  ,0,0,0,0,0,0,0,0,0,-56000,0,0,0,371000,427000,-56000,-56000
063566,台光電元大9B購08,0,0,0,0,0,0,0,0,0,-56000,0,0,0,208000,264000,-56000,-56000
063352,上銀元富9B購02  ,0,0,0,0,0,0,0,0,0,-56000,0,0,0,7000,63000,-56000,-56000
063230,緯穎群益9B購02  ,0,0,0,0,0,0,0,0,0,-56000,0,0,0,62000,118000,-56000,-56000
08212P,鴻海統一9B售08  ,0,0,0,0,0,0,0,0,0,-57000,0,0,0,0,57000,-57000,-57000
08393P,鴻海群益9C售05  ,0,0,0,0,0,0,0,0,0,-57000,0,0,0,60000,117000,-57000,-57000
06777P,鴻海元大99售06  ,0,0,0,0,0,0,0,0,0,-57000,0,0,0,9000,66000,-57000,-57000
064995,世紀鋼兆豐9C購01,0,0,0,0,0,0,0,0,0,-57000,0,0,0,0,57000,-57000,-57000
065102,同欣電元大9C購07,0,0,0,0,0,0,0,0,0,-57000,0,0,0,86000,143000,-57000,-57000
058649,健策永豐99購01  ,0,0,0,0,0,0,0,0,0,-57000,0,0,0,3000,60000,-57000,-57000
063158,瑞昱台新9B購02  ,0,0,0,0,0,0,0,0,0,-57000,0,0,0,1000,58000,-57000,-57000
063436,儒鴻統一01購03  ,0,0,0,0,0,0,0,0,0,-57000,0,0,0,209000,266000,-57000,-57000
063490,儒鴻富邦9C購01  ,0,0,0,0,0,0,0,0,0,-57000,0,0,0,126000,183000,-57000,-57000
062603,台化凱基9B購01  ,0,0,0,0,0,0,0,0,0,-57000,0,0,0,3000,60000,-57000,-57000
064113,新日興國票01購01,0,0,0,0,0,0,0,0,0,-57000,0,0,0,153000,210000,-57000,-57000
063872,嘉聯益永豐9C購01,0,0,0,0,0,0,0,0,0,-57000,0,0,0,30000,87000,-57000,-57000
064807,義隆元大9C購03  ,0,0,0,0,0,0,0,0,0,-57000,0,0,0,421000,478000,-57000,-57000
9941,裕融            ,22000,78000,-56000,0,0,0,0,1000,-1000,0,0,0,0,0,0,0,-57000
4967,十銓            ,54000,110000,-56000,0,0,0,0,0,0,-1000,0,1000,-1000,0,0,0,-57000
066047,嘉晶元大01購04  ,0,0,0,0,0,0,0,0,0,-58000,0,0,0,3000,61000,-58000,-58000
08258P,旺宏元大9C售04  ,0,0,0,0,0,0,0,0,0,-58000,0,0,0,0,58000,-58000,-58000
07720P,臺股指群益9A售09,0,0,0,0,0,0,0,0,0,-58000,0,0,0,12000,70000,-58000,-58000
052731,宏達電國泰98購01,0,0,0,0,0,0,0,0,0,-58000,0,0,0,2000,60000,-58000,-58000
061205,旺宏元大9A購11  ,0,0,0,0,0,0,0,0,0,-58000,0,0,0,0,58000,-58000,-58000
059516,TPK永豐99購01   ,0,0,0,0,0,0,0,0,0,-58000,0,0,0,0,58000,-58000,-58000
061914,台光電中信9B購01,0,0,0,0,0,0,0,0,0,-58000,0,0,0,13000,71000,-58000,-58000
064438,大立光凱基01購03,0,0,0,0,0,0,0,0,0,-58000,0,0,0,89000,147000,-58000,-58000
063796,鴻海凱基9C購02  ,0,0,0,0,0,0,0,0,0,-58000,0,0,0,45000,103000,-58000,-58000
064274,燿華元大9C購01  ,0,0,0,0,0,0,0,0,0,-58000,0,0,0,77000,135000,-58000,-58000
062490,聯茂永豐9B購01  ,0,0,0,0,0,0,0,0,0,-58000,0,0,0,10000,68000,-58000,-58000
062342,上証2X群益01購03,0,0,0,0,0,0,0,0,0,-58000,0,0,0,0,58000,-58000,-58000
063528,元大金凱基9B購01,0,0,0,0,0,0,0,0,0,-58000,0,0,0,30000,88000,-58000,-58000
063146,南六統一9B購02  ,0,0,0,0,0,0,0,0,0,-58000,0,0,0,52000,110000,-58000,-58000
063169,台汽電永豐9B購01,0,0,0,0,0,0,0,0,0,-58000,0,0,0,0,58000,-58000,-58000
063262,南六富邦9C購01  ,0,0,0,0,0,0,0,0,0,-58000,0,0,0,0,58000,-58000,-58000
5007,三星            ,3000,61000,-58000,0,0,0,0,0,0,0,0,0,0,0,0,0,-58000
4141,龍燈-KY         ,4000,62000,-58000,0,0,0,0,0,0,0,0,0,0,0,0,0,-58000
07774P,台灣50群益9A售16,0,0,0,0,0,0,0,0,0,-59000,0,0,0,671000,730000,-59000,-59000
06742P,可成富邦99售02  ,0,0,0,0,0,0,0,0,0,-59000,0,0,0,40000,99000,-59000,-59000
057946,晶相光國票99購01,0,0,0,0,0,0,0,0,0,-59000,0,0,0,0,59000,-59000,-59000
054807,台化元大9A購02  ,0,0,0,0,0,0,0,0,0,-59000,0,0,0,22000,81000,-59000,-59000
055966,茂林元大99購01  ,0,0,0,0,0,0,0,0,0,-59000,0,0,0,29000,88000,-59000,-59000
060034,立積永豐99購04  ,0,0,0,0,0,0,0,0,0,-59000,0,0,0,65000,124000,-59000,-59000
058531,華通元富99購01  ,0,0,0,0,0,0,0,0,0,-59000,0,0,0,0,59000,-59000,-59000
058674,宏達電群益99購01,0,0,0,0,0,0,0,0,0,-59000,0,0,0,5000,64000,-59000,-59000
063135,國巨統一9B購16  ,0,0,0,0,0,0,0,0,0,-59000,0,0,0,0,59000,-59000,-59000
064367,貿聯統一01購02  ,0,0,0,0,0,0,0,0,0,-59000,0,0,0,186000,245000,-59000,-59000
064638,儒鴻凱基9C購03  ,0,0,0,0,0,0,0,0,0,-59000,0,0,0,20000,79000,-59000,-59000
8028,昇陽半導體      ,392000,564000,-172000,0,0,0,4000,0,4000,109000,0,2000,-2000,126000,15000,111000,-59000
065948,燿華統一01購02  ,0,0,0,0,0,0,0,0,0,-60000,0,0,0,0,60000,-60000,-60000
065945,鴻海統一02購01  ,0,0,0,0,0,0,0,0,0,-60000,0,0,0,0,60000,-60000,-60000
065924,東元國票02購01  ,0,0,0,0,0,0,0,0,0,-60000,0,0,0,0,60000,-60000,-60000
064973,智邦元大9C購06  ,0,0,0,0,0,0,0,0,0,-60000,0,0,0,332000,392000,-60000,-60000
065027,玉晶光中信03購01,0,0,0,0,0,0,0,0,0,-60000,0,0,0,119000,179000,-60000,-60000
064931,南六統一9C購05  ,0,0,0,0,0,0,0,0,0,-60000,0,0,0,0,60000,-60000,-60000
08047P,臺股指國票9B售12,0,0,0,0,0,0,0,0,0,-60000,0,0,0,0,60000,-60000,-60000
07082P,美律元大99售06  ,0,0,0,0,0,0,0,0,0,-60000,0,0,0,15000,75000,-60000,-60000
07109P,聯發科中信9B售02,0,0,0,0,0,0,0,0,0,-60000,0,0,0,0,60000,-60000,-60000
07426P,上証2X國票9B售01,0,0,0,0,0,0,0,0,0,-60000,0,0,0,210000,270000,-60000,-60000
07596P,上証2X中信01售01,0,0,0,0,0,0,0,0,0,-60000,0,0,0,0,60000,-60000,-60000
07468P,聯電元大9A售02  ,0,0,0,0,0,0,0,0,0,-60000,0,0,0,0,60000,-60000,-60000
08247P,台積電群益9C售06,0,0,0,0,0,0,0,0,0,-60000,0,0,0,330000,390000,-60000,-60000
08125P,聯茂群益9B售02  ,0,0,0,0,0,0,0,0,0,-60000,0,0,0,0,60000,-60000,-60000
08156P,大立光元富9B售05,0,0,0,0,0,0,0,0,0,-60000,0,0,0,38000,98000,-60000,-60000
055117,臻鼎凱基98購02  ,0,0,0,0,0,0,0,0,0,-60000,0,0,0,0,60000,-60000,-60000
057041,國巨元大99購04  ,5000,0,5000,0,0,0,0,0,0,-65000,0,0,0,80000,145000,-65000,-60000
051047,深中小群益99購01,0,0,0,0,0,0,0,0,0,-60000,0,0,0,10000,70000,-60000,-60000
046906,新光金凱基99購02,0,0,0,0,0,0,0,0,0,-60000,0,0,0,0,60000,-60000,-60000
057266,TPK兆豐98購02   ,0,0,0,0,0,0,0,0,0,-60000,0,0,0,20000,80000,-60000,-60000
057376,新日興元大98購04,0,0,0,0,0,0,0,0,0,-60000,0,0,0,0,60000,-60000,-60000
061752,瑞昱台新9B購01  ,0,0,0,0,0,0,0,0,0,-60000,0,0,0,0,60000,-60000,-60000
05855P,滬深2X中信9C售01,0,0,0,0,0,0,0,0,0,-60000,0,0,0,0,60000,-60000,-60000
058309,大毅元大99購02  ,0,0,0,0,0,0,0,0,0,-60000,0,0,0,0,60000,-60000,-60000
059534,國泰金凱基99購01,0,0,0,0,0,0,0,0,0,-60000,0,0,0,0,60000,-60000,-60000
064748,力成國票01購01  ,0,0,0,0,0,0,0,0,0,-60000,0,0,0,131000,191000,-60000,-60000
064732,GIS統一01購03   ,0,0,0,0,0,0,0,0,0,-60000,0,0,0,48000,108000,-60000,-60000
064722,大立光統一02購03,0,0,0,0,0,0,0,0,0,-60000,0,0,0,2000,62000,-60000,-60000
063734,可成元大9B購04  ,0,0,0,0,0,0,0,0,0,-60000,0,0,0,7000,67000,-60000,-60000
063964,瑞昱國票01購01  ,0,0,0,0,0,0,0,0,0,-60000,0,0,0,74000,134000,-60000,-60000
063543,技嘉台新9B購02  ,0,0,0,0,0,0,0,0,0,-60000,0,0,0,17000,77000,-60000,-60000
063582,瑞祺國泰9C購01  ,0,0,0,0,0,0,0,0,0,-60000,0,0,0,147000,207000,-60000,-60000
062348,聯發科群益9B購06,0,0,0,0,0,0,0,0,0,-60000,0,0,0,5000,65000,-60000,-60000
062590,亞光統一9B購01  ,0,0,0,0,0,0,0,0,0,-60000,0,0,0,0,60000,-60000,-60000
8070,長華*           ,2000,62000,-60000,0,0,0,0,0,0,0,0,0,0,0,0,0,-60000
065208,義隆國票01購01  ,0,0,0,0,0,0,0,0,0,-61000,0,0,0,55000,116000,-61000,-61000
054891,聯鈞統一99購02  ,0,0,0,0,0,0,0,0,0,-61000,0,0,0,40000,101000,-61000,-61000
062596,緯穎統一01購02  ,0,0,0,0,0,0,0,0,0,-61000,0,0,0,54000,115000,-61000,-61000
062289,緯穎群益9B購01  ,0,0,0,0,0,0,0,0,0,-61000,0,0,0,0,61000,-61000,-61000
064194,燿華群益9C購01  ,0,0,0,0,0,0,0,0,0,-61000,0,0,0,100000,161000,-61000,-61000
064300,英業達兆豐9C購01,0,0,0,0,0,0,0,0,0,-61000,0,0,0,362000,423000,-61000,-61000
08642P,華新科群益9C售06,0,0,0,0,0,0,0,0,0,-62000,0,0,0,0,62000,-62000,-62000
055615,宏達電國票99購02,0,0,0,0,0,0,0,0,0,-62000,0,0,0,50000,112000,-62000,-62000
00666R,富邦恒生國企反1 ,0,11000,-11000,0,0,0,0,0,0,-51000,0,0,0,134000,185000,-51000,-62000
057957,嘉晶元大98購01  ,0,0,0,0,0,0,0,0,0,-62000,0,0,0,2000,64000,-62000,-62000
058293,光寶科凱基9A購01,0,0,0,0,0,0,0,0,0,-62000,0,0,0,12000,74000,-62000,-62000
060428,瑞祺永豐9A購01  ,0,0,0,0,0,0,0,0,0,-62000,0,0,0,1349000,1411000,-62000,-62000
062207,牧德國票9B購02  ,0,0,0,0,0,0,0,0,0,-62000,0,0,0,58000,120000,-62000,-62000
064331,微星元大9C購03  ,0,0,0,0,0,0,0,0,0,-62000,0,0,0,173000,235000,-62000,-62000
064616,智邦元大9C購04  ,0,0,0,0,0,0,0,0,0,-62000,0,0,0,313000,375000,-62000,-62000
063786,瑞昱中信06購01  ,0,0,0,0,0,0,0,0,0,-62000,0,0,0,85000,147000,-62000,-62000
062306,華通凱基9B購01  ,0,0,0,0,0,0,0,0,0,-62000,0,0,0,27000,89000,-62000,-62000
063524,瑞昱凱基9B購05  ,0,0,0,0,0,0,0,0,0,-62000,0,0,0,36000,98000,-62000,-62000
08597P,聯發科元大9C售18,0,0,0,0,0,0,0,0,0,-63000,0,0,0,35000,98000,-63000,-63000
08299P,玉晶光國票02售01,0,0,0,0,0,0,0,0,0,-63000,0,0,0,60000,123000,-63000,-63000
08428P,GIS國票01售01   ,0,0,0,0,0,0,0,0,0,-63000,0,0,0,81000,144000,-63000,-63000
07002P,鴻海兆豐99售04  ,0,0,0,0,0,0,0,0,0,-63000,0,0,0,0,63000,-63000,-63000
065244,聯發科兆豐9C購05,0,0,0,0,0,0,0,0,0,-63000,0,0,0,32000,95000,-63000,-63000
065324,聯發科凱基9C購10,0,0,0,0,0,0,0,0,0,-63000,0,0,0,75000,138000,-63000,-63000
065337,華通統一01購03  ,0,0,0,0,0,0,0,0,0,-63000,0,0,0,42000,105000,-63000,-63000
057226,上銀凱基98購06  ,0,0,0,0,0,0,0,0,0,-63000,0,0,0,0,63000,-63000,-63000
057449,華新科元富99購02,0,0,0,0,0,0,0,0,0,-63000,0,0,0,0,63000,-63000,-63000
061019,大毅國票9A購01  ,0,0,0,0,0,0,0,0,0,-63000,0,0,0,0,63000,-63000,-63000
060058,牧德凱基9B購01  ,0,0,0,0,0,0,0,0,0,-63000,0,0,0,0,63000,-63000,-63000
059772,可成群益9A購05  ,0,0,0,0,0,0,0,0,0,-63000,0,0,0,2000,65000,-63000,-63000
059851,晶相光永豐99購02,0,0,0,0,0,0,0,0,0,-63000,0,0,0,32000,95000,-63000,-63000
060244,大立光元大9B購02,0,0,0,0,0,0,0,0,0,-63000,0,0,0,10000,73000,-63000,-63000
058676,聯茂群益99購01  ,0,0,0,0,0,0,0,0,0,-63000,0,0,0,35000,98000,-63000,-63000
063707,儒鴻凱基9C購01  ,0,0,0,0,0,0,0,0,0,-63000,0,0,0,133000,196000,-63000,-63000
065325,亞光凱基9C購01  ,0,0,0,0,0,0,0,0,0,-64000,0,0,0,4000,68000,-64000,-64000
065281,和大群益01購02  ,0,0,0,0,0,0,0,0,0,-64000,0,0,0,18000,82000,-64000,-64000
065111,瀚宇博國票01購01,0,0,0,0,0,0,0,0,0,-64000,0,0,0,30000,94000,-64000,-64000
065080,燿華元大01購01  ,0,0,0,0,0,0,0,0,0,-64000,0,0,0,11000,75000,-64000,-64000
065667,台光電凱基01購01,0,0,0,0,0,0,0,0,0,-64000,0,0,0,153000,217000,-64000,-64000
057392,福懋科永豐98購01,0,0,0,0,0,0,0,0,0,-64000,0,0,0,0,64000,-64000,-64000
057084,立積統一9B購01  ,0,0,0,0,0,0,0,0,0,-64000,0,0,0,15000,79000,-64000,-64000
058820,致茂國泰9B購01  ,0,0,0,0,0,0,0,0,0,-64000,0,0,0,18000,82000,-64000,-64000
060310,瑞昱永豐9A購01  ,0,0,0,0,0,0,0,0,0,-64000,0,0,0,26000,90000,-64000,-64000
064028,大毅元大01購01  ,0,0,0,0,0,0,0,0,0,-64000,0,0,0,0,64000,-64000,-64000
064359,華通統一9C購05  ,0,0,0,0,0,0,0,0,0,-64000,0,0,0,63000,127000,-64000,-64000
064294,和大中信9C購01  ,0,0,0,0,0,0,0,0,0,-64000,0,0,0,106000,170000,-64000,-64000
064482,微星永豐9C購01  ,0,0,0,0,0,0,0,0,0,-64000,0,0,0,21000,85000,-64000,-64000
063336,大成鋼統一9C購02,0,0,0,0,0,0,0,0,0,-64000,0,0,0,36000,100000,-64000,-64000
062762,聯詠凱基9B購02  ,0,0,0,0,0,0,0,0,0,-64000,0,0,0,14000,78000,-64000,-64000
065025,健策永豐9C購02  ,0,0,0,0,0,0,0,0,0,-65000,0,0,0,17000,82000,-65000,-65000
064963,T50反1元大9C購09,0,0,0,0,0,0,0,0,0,-65000,0,0,0,0,65000,-65000,-65000
06970P,旺宏元大99售08  ,0,0,0,0,0,0,0,0,0,-65000,0,0,0,55000,120000,-65000,-65000
08323P,華新科凱基9C售04,0,0,0,0,0,0,0,0,0,-65000,0,0,0,10000,75000,-65000,-65000
1592,英瑞-KY         ,32000,96000,-64000,0,0,0,0,0,0,-1000,0,1000,-1000,0,0,0,-65000
057092,健策元富98購01  ,0,0,0,0,0,0,0,0,0,-65000,0,0,0,75000,140000,-65000,-65000
056295,國巨元大97購16  ,0,0,0,0,0,0,0,0,0,-65000,0,0,0,4000,69000,-65000,-65000
056381,台虹元富98購01  ,0,0,0,0,0,0,0,0,0,-65000,0,0,0,40000,105000,-65000,-65000
062204,京元電國票9C購01,0,0,0,0,0,0,0,0,0,-65000,0,0,0,12000,77000,-65000,-65000
058670,鴻海群益9A購03  ,0,0,0,0,0,0,0,0,0,-65000,0,0,0,84000,149000,-65000,-65000
061564,華擎國票9A購02  ,0,0,0,0,0,0,0,0,0,-65000,0,0,0,13000,78000,-65000,-65000
062763,華擎凱基9C購02  ,0,0,0,0,0,0,0,0,0,-65000,0,0,0,69000,134000,-65000,-65000
062275,燿華群益9B購01  ,0,0,0,0,0,0,0,0,0,-65000,0,0,0,0,65000,-65000,-65000
062354,台達電元大9B購01,0,0,0,0,0,0,0,0,0,-65000,0,0,0,15000,80000,-65000,-65000
063627,上銀元大9B購09  ,0,0,0,0,0,0,0,0,0,-65000,0,0,0,0,65000,-65000,-65000
064687,國巨群益9C購10  ,0,0,0,0,0,0,0,0,0,-65000,0,0,0,25000,90000,-65000,-65000
6120,達運            ,153000,218000,-65000,0,0,0,0,0,0,0,0,0,0,0,0,0,-65000
06954P,大立光元富99售01,0,0,0,0,0,0,0,0,0,-66000,0,0,0,76000,142000,-66000,-66000
06766P,玉晶光元大99售10,0,0,0,0,0,0,0,0,0,-66000,0,0,0,98000,164000,-66000,-66000
056390,台積電富邦9B購01,0,0,0,0,0,0,0,0,0,-66000,0,0,0,20000,86000,-66000,-66000
056683,台積電統一98購05,0,0,0,0,0,0,0,0,0,-66000,0,0,0,2000,68000,-66000,-66000
056939,康控元富98購01  ,0,0,0,0,0,0,0,0,0,-66000,0,0,0,147000,213000,-66000,-66000
061796,興勤永豐9B購01  ,0,0,0,0,0,0,0,0,0,-66000,0,0,0,0,66000,-66000,-66000
058847,國巨群益99購05  ,0,0,0,0,0,0,0,0,0,-66000,0,0,0,70000,136000,-66000,-66000
063131,聯茂元大9B購03  ,0,0,0,0,0,0,0,0,0,-66000,0,0,0,52000,118000,-66000,-66000
3645,達邁            ,73000,139000,-66000,0,0,0,0,0,0,0,0,0,0,0,0,0,-66000
066008,大立光統一03購02,0,0,0,0,0,0,0,0,0,-67000,0,0,0,0,67000,-67000,-67000
064991,友達兆豐9C購01  ,0,0,0,0,0,0,0,0,0,-67000,0,0,0,18000,85000,-67000,-67000
07208P,台積電凱基99售14,0,0,0,0,0,0,0,0,0,-67000,0,0,0,10000,77000,-67000,-67000
07172P,臺股指國票99售09,0,0,0,0,0,0,0,0,0,-67000,0,0,0,5000,72000,-67000,-67000
08605P,聯發科中信9C售06,0,0,0,0,0,0,0,0,0,-67000,0,0,0,6000,73000,-67000,-67000
08147P,聯發科群益9B售10,0,0,0,0,0,0,0,0,0,-67000,0,0,0,34000,101000,-67000,-67000
056065,奇鋐元大97購01  ,0,0,0,0,0,0,0,0,0,-67000,0,0,0,30000,97000,-67000,-67000
056543,京鼎凱基98購01  ,0,0,0,0,0,0,0,0,0,-67000,0,0,0,58000,125000,-67000,-67000
057581,元大金中信9A購01,0,0,0,0,0,0,0,0,0,-67000,0,0,0,61000,128000,-67000,-67000
058074,欣興凱基99購01  ,0,0,0,0,0,0,0,0,0,-67000,0,0,0,121000,188000,-67000,-67000
061926,晶技凱基9B購02  ,0,0,0,0,0,0,0,0,0,-67000,0,0,0,0,67000,-67000,-67000
063283,華新科元大9C購03,0,0,0,0,0,0,0,0,0,-67000,0,0,0,5000,72000,-67000,-67000
062921,GIS元大9B購01   ,0,0,0,0,0,0,0,0,0,-67000,0,0,0,0,67000,-67000,-67000
4739,康普            ,26000,93000,-67000,0,0,0,0,0,0,0,0,0,0,0,0,0,-67000
08093P,英業達元富9B售02,0,0,0,0,0,0,0,0,0,-68000,0,0,0,36000,104000,-68000,-68000
065060,上銀群益9C購02  ,0,0,0,0,0,0,0,0,0,-68000,0,0,0,0,68000,-68000,-68000
065186,和大統一02購06  ,0,0,0,0,0,0,0,0,0,-68000,0,0,0,36000,104000,-68000,-68000
065172,義隆元大9C購05  ,0,0,0,0,0,0,0,0,0,-68000,0,0,0,75000,143000,-68000,-68000
065374,義隆元大9C購07  ,0,0,0,0,0,0,0,0,0,-68000,0,0,0,316000,384000,-68000,-68000
065703,大毅群益9C購01  ,0,0,0,0,0,0,0,0,0,-68000,0,0,0,0,68000,-68000,-68000
061214,華擎元大9A購04  ,0,0,0,0,0,0,0,0,0,-68000,0,0,0,112000,180000,-68000,-68000
061197,矽創永豐9A購02  ,0,0,0,0,0,0,0,0,0,-68000,0,0,0,0,68000,-68000,-68000
061198,世紀鋼永豐9A購03,0,0,0,0,0,0,0,0,0,-68000,0,0,0,10000,78000,-68000,-68000
056589,康控統一98購01  ,0,0,0,0,0,0,0,0,0,-68000,0,0,0,0,68000,-68000,-68000
056962,技嘉永豐98購01  ,0,0,0,0,0,0,0,0,0,-68000,0,0,0,76000,144000,-68000,-68000
057859,神達康和98購01  ,0,0,0,0,0,0,0,0,0,-68000,0,0,0,7000,75000,-68000,-68000
055899,群創中信99購01  ,0,0,0,0,0,0,0,0,0,-68000,0,0,0,0,68000,-68000,-68000
062081,華新科元大9B購06,0,0,0,0,0,0,0,0,0,-68000,0,0,0,0,68000,-68000,-68000
059918,華新科元大99購20,0,0,0,0,0,0,0,0,0,-68000,0,0,0,2000,70000,-68000,-68000
060197,臻鼎元富9A購02  ,0,0,0,0,0,0,0,0,0,-68000,0,0,0,0,68000,-68000,-68000
061341,華新科元大9A購16,0,0,0,0,0,0,0,0,0,-68000,0,0,0,0,68000,-68000,-68000
058263,大成鋼永豐99購01,0,0,0,0,0,0,0,0,0,-68000,0,0,0,0,68000,-68000,-68000
062877,可成兆豐9C購01  ,0,0,0,0,0,0,0,0,0,-68000,0,0,0,23000,91000,-68000,-68000
063289,台表科元大9B購07,0,0,0,0,0,0,0,0,0,-68000,0,0,0,6000,74000,-68000,-68000
063303,聯發科凱基9B購14,0,0,0,0,0,0,0,0,0,-68000,0,0,0,155000,223000,-68000,-68000
064306,和潤兆豐01購01  ,0,0,0,0,0,0,0,0,0,-68000,0,0,0,78000,146000,-68000,-68000
064391,亞德客永豐9C購01,0,0,0,0,0,0,0,0,0,-68000,0,0,0,0,68000,-68000,-68000
064019,上銀元大9C購05  ,0,0,0,0,0,0,0,0,0,-68000,0,0,0,0,68000,-68000,-68000
064291,南六元大9C購04  ,0,0,0,0,0,0,0,0,0,-68000,0,0,0,18000,86000,-68000,-68000
4532,瑞智            ,66000,184000,-118000,0,0,0,0,0,0,50000,50000,0,50000,0,0,0,-68000
065384,南電元大9C購07  ,0,0,0,0,0,0,0,0,0,-69000,0,0,0,7000,76000,-69000,-69000
07389P,臺股指群益9C售08,0,0,0,0,0,0,0,0,0,-69000,0,0,0,0,69000,-69000,-69000
08277P,嘉晶元富9C售02  ,0,0,0,0,0,0,0,0,0,-69000,0,0,0,108000,177000,-69000,-69000
08431P,景碩凱基9C售02  ,0,0,0,0,0,0,0,0,0,-69000,0,0,0,48000,117000,-69000,-69000
055850,聯詠元大97購06  ,0,0,0,0,0,0,0,0,0,-69000,0,0,0,3000,72000,-69000,-69000
057453,矽創元富98購01  ,0,0,0,0,0,0,0,0,0,-69000,0,0,0,82000,151000,-69000,-69000
058471,台積電日盛9C購01,0,0,0,0,0,0,0,0,0,-69000,0,0,0,1000,70000,-69000,-69000
061565,滬深2X元大9A購08,0,0,0,0,0,0,0,0,0,-69000,0,0,0,0,69000,-69000,-69000
064146,瑞昱統一01購03  ,0,0,0,0,0,0,0,0,0,-69000,0,0,0,5000,74000,-69000,-69000
063859,國巨國泰01購03  ,0,0,0,0,0,0,0,0,0,-69000,0,0,0,1000,70000,-69000,-69000
064643,瑞昱凱基04購01  ,0,0,0,0,0,0,0,0,0,-69000,0,0,0,33000,102000,-69000,-69000
064790,金像電國票01購01,0,0,0,0,0,0,0,0,0,-69000,0,0,0,87000,156000,-69000,-69000
063181,聚陽凱基9B購01  ,0,0,0,0,0,0,0,0,0,-69000,0,0,0,14000,83000,-69000,-69000
08586P,台積電第一9C售02,0,0,0,0,0,0,0,0,0,-70000,0,0,0,1000,71000,-70000,-70000
1707,葡萄王          ,20000,78000,-58000,0,0,0,0,10000,-10000,-2000,0,0,0,2000,4000,-2000,-70000
07402P,瑞昱凱基99售02  ,0,0,0,0,0,0,0,0,0,-70000,0,0,0,0,70000,-70000,-70000
07054P,華新科兆豐99售04,0,0,0,0,0,0,0,0,0,-70000,0,0,0,140000,210000,-70000,-70000
065553,聯詠凱基9C購03  ,0,0,0,0,0,0,0,0,0,-70000,0,0,0,50000,120000,-70000,-70000
06827P,臺股指國票98售03,0,0,0,0,0,0,0,0,0,-70000,0,0,0,0,70000,-70000,-70000
056741,大立光凱基98購14,0,0,0,0,0,0,0,0,0,-70000,0,0,0,0,70000,-70000,-70000
05347P,滬深2X元富9B售02,0,0,0,0,0,0,0,0,0,-70000,0,0,0,0,70000,-70000,-70000
057841,茂林富邦9A購02  ,0,0,0,0,0,0,0,0,0,-70000,0,0,0,10000,80000,-70000,-70000
059183,T50反1台新03購02,0,0,0,0,0,0,0,0,0,-70000,0,0,0,0,70000,-70000,-70000
06192P,高股息中信98售01,0,0,0,0,0,0,0,0,0,-70000,0,0,0,210000,280000,-70000,-70000
063516,香港反凱基03購01,0,0,0,0,0,0,0,0,0,-70000,0,0,0,30000,100000,-70000,-70000
062905,聯發科元大9B購13,0,0,0,0,0,0,0,0,0,-70000,0,0,0,143000,213000,-70000,-70000
062948,台積電富邦01購02,0,0,0,0,0,0,0,0,0,-70000,0,0,0,30000,100000,-70000,-70000
062361,智邦元大9B購06  ,0,0,0,0,0,0,0,0,0,-70000,0,0,0,71000,141000,-70000,-70000
062419,台積電統一9B購15,0,0,0,0,0,0,0,0,0,-70000,0,0,0,12000,82000,-70000,-70000
064597,鴻海元富9C購03  ,0,0,0,0,0,0,0,0,0,-70000,0,0,0,19000,89000,-70000,-70000
063834,滬深2X元大01購03,0,0,0,0,0,0,0,0,0,-70000,0,0,0,0,70000,-70000,-70000
063907,華通凱基9C購03  ,0,0,0,0,0,0,0,0,0,-70000,0,0,0,9000,79000,-70000,-70000
063918,復盛凱基9C購01  ,0,0,0,0,0,0,0,0,0,-70000,0,0,0,0,70000,-70000,-70000
065830,景碩凱基9C購04  ,0,0,0,0,0,0,0,0,0,-71000,0,0,0,0,71000,-71000,-71000
065430,可成凱基02購03  ,0,0,0,0,0,0,0,0,0,-71000,0,0,0,12000,83000,-71000,-71000
03647C,T50反1元富99牛02,0,0,0,0,0,0,0,0,0,-71000,0,0,0,0,71000,-71000,-71000
061179,華擎凱基9A購01  ,0,0,0,0,0,0,0,0,0,-71000,0,0,0,50000,121000,-71000,-71000
062113,瑞祺國票9B購01  ,0,0,0,0,0,0,0,0,0,-71000,0,0,0,87000,158000,-71000,-71000
8422,可寧衛          ,32000,146000,-114000,0,0,0,44000,0,44000,-1000,4000,5000,-1000,0,0,0,-71000
6531,愛普            ,5050,68994,-63944,0,0,0,0,0,0,-8000,4000,0,4000,31000,43000,-12000,-71944
065773,鴻海國票03購01  ,0,0,0,0,0,0,0,0,0,-72000,0,0,0,5000,77000,-72000,-72000
07057P,大立光康和9B售02,0,0,0,0,0,0,0,0,0,-72000,0,0,0,24000,96000,-72000,-72000
07070P,晶相光元富99售01,0,0,0,0,0,0,0,0,0,-72000,0,0,0,0,72000,-72000,-72000
060926,宏達電永豐9A購01,0,0,0,0,0,0,0,0,0,-72000,0,0,0,90000,162000,-72000,-72000
057977,台光電永豐98購02,0,0,0,0,0,0,0,0,0,-72000,0,0,0,46000,118000,-72000,-72000
056820,欣興永豐98購02  ,0,0,0,0,0,0,0,0,0,-72000,0,0,0,21000,93000,-72000,-72000
065765,GIS元大9C購09   ,0,0,0,0,0,0,0,0,0,-73000,0,0,0,49000,122000,-73000,-73000
065551,聯發科凱基9C購11,0,0,0,0,0,0,0,0,0,-73000,0,0,0,102000,175000,-73000,-73000
065642,台積電元大9C購13,0,0,0,0,0,0,0,0,0,-73000,0,0,0,20000,93000,-73000,-73000
057016,中石化凱基9B購01,0,0,0,0,0,0,0,0,0,-73000,0,0,0,70000,143000,-73000,-73000
060707,台郡富邦9A購01  ,0,0,0,0,0,0,0,0,0,-73000,0,0,0,323000,396000,-73000,-73000
05952P,台積電國票97售06,0,0,0,0,0,0,0,0,0,-73000,0,0,0,0,73000,-73000,-73000
064056,GIS統一01購02   ,0,0,0,0,0,0,0,0,0,-73000,0,0,0,268000,341000,-73000,-73000
064976,景碩元大9C購01  ,0,0,0,0,0,0,0,0,0,-74000,0,0,0,194000,268000,-74000,-74000
07121P,華新科凱基99售03,0,0,0,0,0,0,0,0,0,-74000,0,0,0,0,74000,-74000,-74000
08497P,華新科國票01售02,0,0,0,0,0,0,0,0,0,-74000,0,0,0,18000,92000,-74000,-74000
056347,GIS凱基9A購01   ,0,0,0,0,0,0,0,0,0,-74000,0,0,0,71000,145000,-74000,-74000
056547,臻鼎凱基99購01  ,0,0,0,0,0,0,0,0,0,-74000,0,0,0,57000,131000,-74000,-74000
059078,FBVIX元大99購06 ,0,0,0,0,0,0,0,0,0,-74000,0,0,0,0,74000,-74000,-74000
061540,台積電群益9A購07,0,0,0,0,0,0,0,0,0,-74000,0,0,0,1000,75000,-74000,-74000
058584,百和群益9A購01  ,0,0,0,0,0,0,0,0,0,-74000,0,0,0,0,74000,-74000,-74000
064155,大立光統一01購05,0,0,0,0,0,0,0,0,0,-74000,0,0,0,2000,76000,-74000,-74000
063862,世紀鋼國泰02購01,0,0,0,0,0,0,0,0,0,-74000,0,0,0,0,74000,-74000,-74000
064379,TPK元富9C購01   ,0,0,0,0,0,0,0,0,0,-74000,0,0,0,68000,142000,-74000,-74000
062332,大立光統一9B購11,0,0,0,0,0,0,0,0,0,-74000,0,0,0,10000,84000,-74000,-74000
062445,大立光元大9C購02,0,0,0,0,0,0,0,0,0,-74000,0,0,0,14000,88000,-74000,-74000
063622,健策兆豐9B購01  ,0,0,0,0,0,0,0,0,0,-74000,0,0,0,9000,83000,-74000,-74000
6196,帆宣            ,551000,567000,-16000,0,0,0,0,0,0,-58000,0,4000,-4000,27000,81000,-54000,-74000
2913,農林            ,45000,119000,-74000,0,0,0,0,0,0,0,0,0,0,0,0,0,-74000
08450P,台積電統一9C售14,0,0,0,0,0,0,0,0,0,-75000,0,0,0,0,75000,-75000,-75000
08398P,台積電元富9C售04,0,0,0,0,0,0,0,0,0,-75000,0,0,0,0,75000,-75000,-75000
07836P,大成鋼元大9A售01,0,0,0,0,0,0,0,0,0,-75000,0,0,0,90000,165000,-75000,-75000
064921,景碩統一02購01  ,0,0,0,0,0,0,0,0,0,-75000,0,0,0,102000,177000,-75000,-75000
065118,國巨富邦01購02  ,0,0,0,0,0,0,0,0,0,-75000,0,0,0,21000,96000,-75000,-75000
065439,台積電麥證9C購01,0,0,0,0,75000,-75000,0,0,0,-75000,0,0,0,0,75000,-75000,-75000
065484,康友元大9C購01  ,0,0,0,0,0,0,0,0,0,-75000,0,0,0,98000,173000,-75000,-75000
065511,台積電群益01購02,0,0,0,0,0,0,0,0,0,-75000,0,0,0,0,75000,-75000,-75000
065647,健鼎元大9C購05  ,0,0,0,0,0,0,0,0,0,-75000,0,0,0,72000,147000,-75000,-75000
065707,聯詠群益9C購02  ,0,0,0,0,0,0,0,0,0,-75000,0,0,0,65000,140000,-75000,-75000
06770P,台灣50第一9C售01,0,0,0,0,0,0,0,0,0,-75000,0,0,0,0,75000,-75000,-75000
065890,台積電統一03購01,0,0,0,0,0,0,0,0,0,-75000,0,0,0,0,75000,-75000,-75000
057763,康控凱基99購02  ,0,0,0,0,0,0,0,0,0,-75000,0,0,0,0,75000,-75000,-75000
02001R,富邦蘋果反一N   ,0,0,0,0,0,0,0,0,0,-75000,0,0,0,0,75000,-75000,-75000
061407,鴻海國票9A購07  ,0,0,0,0,0,0,0,0,0,-75000,0,0,0,0,75000,-75000,-75000
058971,台積電永豐99購03,0,0,0,0,0,0,0,0,0,-75000,0,0,0,0,75000,-75000,-75000
058751,南茂凱基9A購01  ,0,0,0,0,0,0,0,0,0,-75000,0,0,0,54000,129000,-75000,-75000
062128,祥碩統一01購01  ,0,0,0,0,0,0,0,0,0,-75000,0,0,0,21000,96000,-75000,-75000
062003,國巨國泰01購01  ,0,0,0,0,0,0,0,0,0,-75000,0,0,0,1000,76000,-75000,-75000
061962,台積電統一01購03,0,0,0,0,0,0,0,0,0,-75000,0,0,0,0,75000,-75000,-75000
063199,台積電統一01購07,0,0,0,0,0,0,0,0,0,-75000,0,0,0,0,75000,-75000,-75000
064548,漢翔凱基9C購01  ,0,0,0,0,0,0,0,0,0,-75000,0,0,0,0,75000,-75000,-75000
063887,香港2X中信02購01,0,0,0,0,0,0,0,0,0,-75000,0,0,0,20000,95000,-75000,-75000
064188,玉晶光永豐9C購02,0,0,0,0,0,0,0,0,0,-75000,0,0,0,74000,149000,-75000,-75000
064271,鴻海元大9C購08  ,0,0,0,0,0,0,0,0,0,-75000,0,0,0,5000,80000,-75000,-75000
064262,玉晶光永豐9C購03,0,0,0,0,0,0,0,0,0,-75000,0,0,0,21000,96000,-75000,-75000
06564P,國巨富邦9A售04  ,0,0,0,0,0,0,0,0,0,-76000,0,0,0,40000,116000,-76000,-76000
08181P,華新科國泰9C售02,0,0,0,0,0,0,0,0,0,-76000,0,0,0,70000,146000,-76000,-76000
052863,友達凱基98購02  ,0,0,0,0,0,0,0,0,0,-76000,0,0,0,27000,103000,-76000,-76000
056987,南茂群益98購01  ,0,0,0,0,0,0,0,0,0,-76000,0,0,0,0,76000,-76000,-76000
055354,宏達電凱基98購01,0,0,0,0,0,0,0,0,0,-76000,0,0,0,4000,80000,-76000,-76000
061977,國巨元大9B購02  ,0,0,0,0,0,0,0,0,0,-76000,0,0,0,2000,78000,-76000,-76000
062214,金寶統一01購01  ,0,0,0,0,0,0,0,0,0,-76000,0,0,0,0,76000,-76000,-76000
060772,FBVIX凱基9A購03 ,0,0,0,0,0,0,0,0,0,-76000,0,0,0,0,76000,-76000,-76000
061855,台郡國票9B購01  ,0,0,0,0,0,0,0,0,0,-76000,0,0,0,22000,98000,-76000,-76000
060385,台勝科凱基9A購01,0,0,0,0,0,0,0,0,0,-76000,0,0,0,29000,105000,-76000,-76000
064043,台積電統一9C購10,0,0,0,0,0,0,0,0,0,-76000,0,0,0,0,76000,-76000,-76000
064650,台表科凱基03購01,0,0,0,0,0,0,0,0,0,-76000,0,0,0,30000,106000,-76000,-76000
063554,GIS國票9C購03   ,0,0,0,0,0,0,0,0,0,-76000,0,0,0,18000,94000,-76000,-76000
062565,漢唐中信9C購01  ,0,0,0,0,0,0,0,0,0,-76000,0,0,0,24000,100000,-76000,-76000
062535,台積電麥證02購01,0,0,0,0,76000,-76000,0,0,0,-76000,0,0,0,0,76000,-76000,-76000
07033P,大立光統一9B售03,0,0,0,0,0,0,0,0,0,-77000,0,0,0,0,77000,-77000,-77000
060296,和碩元大9A購01  ,0,0,0,0,0,0,0,0,0,-77000,0,0,0,34000,111000,-77000,-77000
058188,華擎永豐99購01  ,0,0,0,0,0,0,0,0,0,-77000,0,0,0,388000,465000,-77000,-77000
061579,京鼎元大9A購02  ,0,0,0,0,0,0,0,0,0,-77000,0,0,0,214000,291000,-77000,-77000
062368,聯詠元大9B購01  ,0,0,0,0,0,0,0,0,0,-77000,0,0,0,134000,211000,-77000,-77000
063504,國巨群益9C購06  ,0,0,0,0,0,0,0,0,0,-77000,0,0,0,0,77000,-77000,-77000
063074,創意永豐9B購02  ,0,0,0,0,0,0,0,0,0,-77000,0,0,0,60000,137000,-77000,-77000
064851,勤誠元富03購01  ,0,0,0,0,0,0,0,0,0,-77000,0,0,0,0,77000,-77000,-77000
063947,大毅元大9C購02  ,0,0,0,0,0,0,0,0,0,-77000,0,0,0,0,77000,-77000,-77000
2419,仲琦            ,38000,130000,-92000,0,0,0,0,0,0,15000,15000,0,15000,0,0,0,-77000
08214P,南六統一9B售03  ,0,0,0,0,0,0,0,0,0,-78000,0,0,0,390000,468000,-78000,-78000
064969,達新元大9C購01  ,0,0,0,0,0,0,0,0,0,-78000,0,0,0,22000,100000,-78000,-78000
053891,欣興群益98購01  ,0,0,0,0,0,0,0,0,0,-78000,0,0,0,112000,190000,-78000,-78000
057480,技嘉元大98購03  ,0,0,0,0,0,0,0,0,0,-78000,0,0,0,21000,99000,-78000,-78000
058750,緯穎凱基9A購03  ,0,0,0,0,0,0,0,0,0,-78000,0,0,0,21000,99000,-78000,-78000
060675,南亞科元大9A購02,0,0,0,0,0,0,0,0,0,-78000,0,0,0,38000,116000,-78000,-78000
062179,旺宏元大9B購05  ,0,0,0,0,0,0,0,0,0,-78000,0,0,0,0,78000,-78000,-78000
064341,聯詠元大9C購01  ,0,0,0,0,0,0,0,0,0,-78000,0,0,0,137000,215000,-78000,-78000
063495,台光電富邦9C購01,0,0,0,0,0,0,0,0,0,-78000,0,0,0,20000,98000,-78000,-78000
062626,台積電國票9C購04,0,0,0,0,0,0,0,0,0,-78000,0,0,0,38000,116000,-78000,-78000
2442,新美齊          ,42000,119000,-77000,0,0,0,0,1000,-1000,0,0,0,0,0,0,0,-78000
056304,創意元大97購03  ,0,0,0,0,0,0,0,0,0,-79000,0,0,0,46000,125000,-79000,-79000
00665L,富邦恒生國企正2 ,15000,58000,-43000,0,0,0,0,0,0,-36000,0,0,0,497000,533000,-36000,-79000
062044,健策凱基9B購02  ,0,0,0,0,0,0,0,0,0,-79000,0,0,0,2000,81000,-79000,-79000
058832,立積永豐99購01  ,0,0,0,0,0,0,0,0,0,-79000,0,0,0,138000,217000,-79000,-79000
061271,聯茂凱基9A購04  ,0,0,0,0,0,0,0,0,0,-79000,0,0,0,0,79000,-79000,-79000
064550,南茂凱基01購01  ,0,0,0,0,0,0,0,0,0,-79000,0,0,0,51000,130000,-79000,-79000
065584,華通富邦01購01  ,0,0,0,0,0,0,0,0,0,-80000,0,0,0,0,80000,-80000,-80000
08404P,技嘉元大9C售02  ,0,0,0,0,0,0,0,0,0,-80000,0,0,0,0,80000,-80000,-80000
08495P,同欣電元大9C售08,0,0,0,0,0,0,0,0,0,-80000,0,0,0,0,80000,-80000,-80000
07163P,臺股指群益99售14,0,0,0,0,0,0,0,0,0,-80000,0,0,0,200000,280000,-80000,-80000
07918P,玉晶光永豐9B售04,0,0,0,0,0,0,0,0,0,-80000,0,0,0,20000,100000,-80000,-80000
052754,上証2X群益9A購01,0,0,0,0,0,0,0,0,0,-80000,0,0,0,0,80000,-80000,-80000
055827,中石化元大98購01,0,0,0,0,0,0,0,0,0,-80000,0,0,0,20000,100000,-80000,-80000
057201,華擎元富98購01  ,0,0,0,0,0,0,0,0,0,-80000,0,0,0,28000,108000,-80000,-80000
057269,鈺齊兆豐98購01  ,0,0,0,0,0,0,0,0,0,-80000,0,0,0,0,80000,-80000,-80000
058592,聯發科統一9C購01,0,0,0,0,0,0,0,0,0,-80000,0,0,0,24000,104000,-80000,-80000
061840,長榮航凱基9C購01,0,0,0,0,0,0,0,0,0,-80000,0,0,0,0,80000,-80000,-80000
063675,亞德客國泰01購01,0,0,0,0,0,0,0,0,0,-80000,0,0,0,0,80000,-80000,-80000
063650,矽創元大9B購03  ,0,0,0,0,0,0,0,0,0,-80000,0,0,0,15000,95000,-80000,-80000
064282,大立光元大9C購13,0,0,0,0,0,0,0,0,0,-80000,0,0,0,48000,128000,-80000,-80000
064166,和潤統一02購01  ,0,0,0,0,0,0,0,0,0,-80000,0,0,0,286000,366000,-80000,-80000
062678,華通統一9C購04  ,0,0,0,0,0,0,0,0,0,-80000,0,0,0,0,80000,-80000,-80000
062739,嘉晶國票9B購02  ,0,0,0,0,0,0,0,0,0,-80000,0,0,0,7000,87000,-80000,-80000
063085,嘉澤凱基9C購01  ,0,0,0,0,0,0,0,0,0,-80000,0,0,0,50000,130000,-80000,-80000
2467,志聖            ,55000,135000,-80000,0,0,0,0,0,0,0,0,0,0,0,0,0,-80000
07982P,全新群益9B售04  ,0,0,0,0,0,0,0,0,0,-81000,0,0,0,2000,83000,-81000,-81000
08532P,國巨元富06售02  ,0,0,0,0,0,0,0,0,0,-81000,0,0,0,20000,101000,-81000,-81000
065862,世紀鋼元大9C購06,0,0,0,0,0,0,0,0,0,-81000,0,0,0,0,81000,-81000,-81000
06888P,日月光元大98售02,0,0,0,0,0,0,0,0,0,-81000,0,0,0,16000,97000,-81000,-81000
064953,嘉晶凱基9C購02  ,0,0,0,0,0,0,0,0,0,-81000,0,0,0,83000,164000,-81000,-81000
056713,華擎永豐98購01  ,0,0,0,0,0,0,0,0,0,-81000,0,0,0,0,81000,-81000,-81000
057601,中磊群益98購01  ,0,0,0,0,0,0,0,0,0,-81000,0,0,0,324000,405000,-81000,-81000
061584,勤誠元大9A購01  ,0,0,0,0,0,0,0,0,0,-81000,0,0,0,16000,97000,-81000,-81000
059054,國巨凱基99購11  ,0,0,0,0,0,0,0,0,0,-81000,0,0,0,1000,82000,-81000,-81000
065179,同欣電元大02購01,0,50000,-50000,0,0,0,0,0,0,-32000,0,0,0,151000,183000,-32000,-82000
08462P,臻鼎國票9C售02  ,0,0,0,0,0,0,0,0,0,-82000,0,0,0,0,82000,-82000,-82000
08629P,緯創凱基9C售02  ,0,0,0,0,0,0,0,0,0,-82000,0,0,0,5000,87000,-82000,-82000
057598,鴻海群益98購07  ,0,0,0,0,0,0,0,0,0,-82000,0,0,0,0,82000,-82000,-82000
057937,神達群益98購02  ,0,0,0,0,0,0,0,0,0,-82000,0,0,0,3000,85000,-82000,-82000
055335,健策兆豐98購01  ,0,0,0,0,0,0,0,0,0,-82000,0,0,0,0,82000,-82000,-82000
054208,台積電國票97購07,0,0,0,0,0,0,0,0,0,-82000,0,0,0,0,82000,-82000,-82000
058408,華通兆豐99購02  ,0,0,0,0,0,0,0,0,0,-82000,0,0,0,11000,93000,-82000,-82000
061415,健策群益9A購04  ,0,0,0,0,0,0,0,0,0,-82000,0,0,0,45000,127000,-82000,-82000
062746,致伸永豐9B購01  ,0,0,0,0,0,0,0,0,0,-82000,0,0,0,0,82000,-82000,-82000
063723,儒鴻元大9B購04  ,0,0,0,0,0,0,0,0,0,-82000,0,0,0,153000,235000,-82000,-82000
08617P,緯創元富9C售03  ,0,0,0,0,0,0,0,0,0,-83000,0,0,0,6000,89000,-83000,-83000
08486P,富邦金群益9C售02,0,0,0,0,0,0,0,0,0,-83000,0,0,0,2000,85000,-83000,-83000
065494,滬深2X富邦01購01,0,0,0,0,0,0,0,0,0,-83000,0,0,0,2000,85000,-83000,-83000
061708,同欣電國票9A購02,0,0,0,0,0,0,0,0,0,-83000,0,0,0,0,83000,-83000,-83000
064297,台郡國票01購01  ,0,0,0,0,0,0,0,0,0,-83000,0,0,0,158000,241000,-83000,-83000
063125,華擎元大9C購02  ,0,0,0,0,0,0,0,0,0,-83000,0,0,0,292000,375000,-83000,-83000
063350,台表科統一02購02,0,0,0,0,0,0,0,0,0,-83000,0,0,0,30000,113000,-83000,-83000
2727,王品            ,28000,111000,-83000,0,0,0,0,0,0,0,0,0,0,0,0,0,-83000
2707,晶華            ,42000,15000,27000,0,0,0,0,110000,-110000,0,0,0,0,0,0,0,-83000
3027,盛達            ,224000,307000,-83000,0,0,0,0,0,0,0,0,0,0,0,0,0,-83000
3588,通嘉            ,125000,208000,-83000,0,0,0,0,0,0,0,0,0,0,0,0,0,-83000
065781,創意富邦01購01  ,0,0,0,0,0,0,0,0,0,-84000,0,0,0,234000,318000,-84000,-84000
08344P,旺宏元大01售02  ,0,0,0,0,0,0,0,0,0,-84000,0,0,0,0,84000,-84000,-84000
07669P,華新科元大9A售14,0,0,0,0,0,0,0,0,0,-84000,0,0,0,16000,100000,-84000,-84000
03662C,FBVIX凱基03牛01 ,0,0,0,0,0,0,0,0,0,-84000,0,0,0,4000,88000,-84000,-84000
058016,智邦凱基98購06  ,0,0,0,0,0,0,0,0,0,-84000,0,0,0,84000,168000,-84000,-84000
062230,緯穎統一01購01  ,0,0,0,0,0,0,0,0,0,-84000,0,0,0,75000,159000,-84000,-84000
059262,致茂中信01購01  ,0,0,0,0,0,0,0,0,0,-84000,0,0,0,20000,104000,-84000,-84000
063418,京元電凱基9B購03,0,0,0,0,0,0,0,0,0,-84000,0,0,0,108000,192000,-84000,-84000
062725,大立光凱基9B購06,0,0,0,0,0,0,0,0,0,-84000,0,0,0,29000,113000,-84000,-84000
07593P,臺股指凱基9A售08,0,0,0,0,0,0,0,0,0,-85000,0,0,0,20000,105000,-85000,-85000
08368P,台積電兆豐9C售04,0,0,0,0,0,0,0,0,0,-85000,0,0,0,0,85000,-85000,-85000
08312P,旺宏國票01售01  ,0,0,0,0,0,0,0,0,0,-85000,0,0,0,0,85000,-85000,-85000
065776,鴻海國泰03購01  ,0,0,0,0,0,0,0,0,0,-85000,0,0,0,38000,123000,-85000,-85000
065564,臺指反群益02購01,0,0,0,0,0,0,0,0,0,-85000,0,0,0,0,85000,-85000,-85000
065088,可成元大9C購09  ,0,0,0,0,0,0,0,0,0,-85000,0,0,0,11000,96000,-85000,-85000
064914,友達統一02購03  ,0,0,0,0,0,0,0,0,0,-85000,0,0,0,15000,100000,-85000,-85000
056191,世紀鋼統一97購01,0,0,0,0,0,0,0,0,0,-85000,0,0,0,0,85000,-85000,-85000
056217,A50正2中信99購02,0,0,0,0,0,0,0,0,0,-85000,0,0,0,0,85000,-85000,-85000
061468,神達群益9A購01  ,0,0,0,0,0,0,0,0,0,-85000,0,0,0,64000,149000,-85000,-85000
058513,宏達電元大99購05,0,0,0,0,0,0,0,0,0,-85000,0,0,0,16000,101000,-85000,-85000
059533,富邦金凱基99購01,0,0,0,0,0,0,0,0,0,-85000,0,0,0,0,85000,-85000,-85000
063280,燿華元大9B購05  ,0,0,0,0,0,0,0,0,0,-85000,0,0,0,17000,102000,-85000,-85000
064441,嘉澤凱基9C購02  ,0,0,0,0,0,0,0,0,0,-85000,0,0,0,100000,185000,-85000,-85000
3030,德律            ,178000,225000,-47000,0,0,0,0,0,0,-38000,0,38000,-38000,0,0,0,-85000
065013,矽創國泰02購01  ,0,0,0,0,0,0,0,0,0,-86000,0,0,0,186000,272000,-86000,-86000
06505P,康控國票99售02  ,0,0,0,0,0,0,0,0,0,-86000,0,0,0,20000,106000,-86000,-86000
065302,聯發科元富03購04,0,0,0,0,0,0,0,0,0,-86000,0,0,0,200000,286000,-86000,-86000
065655,緯穎元大9C購05  ,0,0,0,0,0,0,0,0,0,-86000,0,0,0,0,86000,-86000,-86000
056288,健鼎永豐97購01  ,0,0,0,0,0,0,0,0,0,-86000,0,0,0,0,86000,-86000,-86000
00656R,國泰中國A50反1  ,0,0,0,0,0,0,0,0,0,-86000,0,0,0,570000,656000,-86000,-86000
00686R,群益臺灣加權反1 ,0,0,0,0,0,0,0,0,0,-86000,0,0,0,68000,154000,-86000,-86000
058498,世紀鋼群益99購01,0,0,0,0,0,0,0,0,0,-86000,0,0,0,0,86000,-86000,-86000
058567,華新科凱基9A購02,0,0,0,0,0,0,0,0,0,-86000,0,0,0,0,86000,-86000,-86000
061693,華新科群益9B購02,0,0,0,0,0,0,0,0,0,-86000,0,0,0,1000,87000,-86000,-86000
062171,中磊永豐9B購01  ,0,0,0,0,0,0,0,0,0,-86000,0,0,0,64000,150000,-86000,-86000
064059,新日興麥證01購01,0,0,0,105000,191000,-86000,0,0,0,-86000,0,0,0,105000,191000,-86000,-86000
063021,大立光元大9C購05,0,0,0,0,0,0,0,0,0,-86000,0,0,0,10000,96000,-86000,-86000
063362,台表科國泰01購03,0,0,0,0,0,0,0,0,0,-86000,0,0,0,34000,120000,-86000,-86000
062781,微星元大9C購01  ,0,0,0,0,0,0,0,0,0,-86000,0,0,0,11000,97000,-86000,-86000
062860,華擎國票9B購02  ,0,0,0,0,0,0,0,0,0,-86000,0,0,0,5000,91000,-86000,-86000
065914,智邦凱基02購03  ,0,0,0,0,0,0,0,0,0,-87000,0,0,0,7000,94000,-87000,-87000
065104,南茂元大9C購02  ,0,0,0,0,0,0,0,0,0,-87000,0,0,0,411000,498000,-87000,-87000
08638P,泰碩國票9C售01  ,0,0,0,0,0,0,0,0,0,-87000,0,0,0,20000,107000,-87000,-87000
1702,南僑            ,52000,139000,-87000,0,0,0,0,0,0,0,0,0,0,0,0,0,-87000
056344,嘉晶凱基98購02  ,0,0,0,0,0,0,0,0,0,-87000,0,0,0,10000,97000,-87000,-87000
061180,華擎凱基9B購01  ,0,0,0,0,0,0,0,0,0,-87000,0,0,0,50000,137000,-87000,-87000
061819,茂林群益9B購01  ,0,0,0,0,0,0,0,0,0,-87000,0,0,0,145000,232000,-87000,-87000
058877,T50反1國泰9B購01,0,0,0,0,0,0,0,0,0,-87000,0,0,0,31000,118000,-87000,-87000
061373,華通富邦9A購02  ,0,0,0,0,0,0,0,0,0,-87000,0,0,0,5000,92000,-87000,-87000
062970,智邦元富9B購01  ,0,0,0,0,0,0,0,0,0,-87000,0,0,0,306000,393000,-87000,-87000
062727,華擎凱基9B購03  ,0,0,0,0,0,0,0,0,0,-87000,0,0,0,117000,204000,-87000,-87000
063342,台光電統一9B購02,0,0,0,0,0,0,0,0,0,-87000,0,0,0,107000,194000,-87000,-87000
3057,喬鼎            ,5000,92000,-87000,0,0,0,0,0,0,0,0,0,0,0,0,0,-87000
6214,精誠            ,106000,175000,-69000,0,0,0,0,0,0,-18000,0,18000,-18000,0,0,0,-87000
06984P,上銀富邦9B售01  ,0,0,0,0,0,0,0,0,0,-88000,0,0,0,22000,110000,-88000,-88000
08015P,可成凱基9B售05  ,0,0,0,0,0,0,0,0,0,-88000,0,0,0,20000,108000,-88000,-88000
065300,燿華元富9C購03  ,0,0,0,0,0,0,0,0,0,-88000,0,0,0,46000,134000,-88000,-88000
055679,華通凱基99購01  ,0,0,0,0,0,0,0,0,0,-88000,0,0,0,82000,170000,-88000,-88000
055787,聯茂凱基99購01  ,0,0,0,0,0,0,0,0,0,-88000,0,0,0,112000,200000,-88000,-88000
061269,嘉澤凱基9A購01  ,0,0,0,0,0,0,0,0,0,-88000,0,0,0,52000,140000,-88000,-88000
058733,同欣電永豐99購02,0,0,0,0,0,0,0,0,0,-88000,0,0,0,210000,298000,-88000,-88000
063403,鈺齊群益9B購01  ,0,0,0,0,0,0,0,0,0,-88000,0,0,0,46000,134000,-88000,-88000
063189,臻鼎凱基9B購01  ,0,0,0,0,0,0,0,0,0,-88000,0,0,0,17000,105000,-88000,-88000
063654,上銀元富9B購05  ,0,0,0,0,0,0,0,0,0,-88000,0,0,0,8000,96000,-88000,-88000
064406,健策凱基03購01  ,0,0,0,0,0,0,0,0,0,-88000,0,0,0,194000,282000,-88000,-88000
065952,聯發科統一03購02,0,0,0,0,0,0,0,0,0,-89000,0,0,0,0,89000,-89000,-89000
06679P,旺宏元大98售09  ,0,0,0,0,0,0,0,0,0,-89000,0,0,0,11000,100000,-89000,-89000
07078P,鴻海群益99售02  ,0,0,0,0,0,0,0,0,0,-89000,0,0,0,0,89000,-89000,-89000
057043,台積電元大99購02,0,0,0,0,0,0,0,0,0,-89000,0,0,0,406000,495000,-89000,-89000
057060,緯穎元大98購05  ,0,0,0,0,0,0,0,0,0,-89000,0,0,0,92000,181000,-89000,-89000
060666,聯茂凱基9A購02  ,0,0,0,0,0,0,0,0,0,-89000,0,0,0,0,89000,-89000,-89000
064538,鈺齊國票01購01  ,0,0,0,0,0,0,0,0,0,-89000,0,0,0,35000,124000,-89000,-89000
064656,聚陽元大9C購03  ,0,0,0,0,0,0,0,0,0,-89000,0,0,0,351000,440000,-89000,-89000
063315,京元電群益9B購03,0,0,0,0,0,0,0,0,0,-89000,0,0,0,16000,105000,-89000,-89000
8249,菱光            ,80000,169000,-89000,0,0,0,0,0,0,0,0,0,0,0,0,0,-89000
08305P,茂林群益9C售01  ,0,0,0,0,0,0,0,0,0,-90000,0,0,0,10000,100000,-90000,-90000
08241P,微星中信06售01  ,0,0,0,0,0,0,0,0,0,-90000,0,0,0,0,90000,-90000,-90000
08180P,聯發科國泰01售05,0,0,0,0,0,0,0,0,0,-90000,0,0,0,0,90000,-90000,-90000
08492P,大立光元大9C售22,0,0,0,0,0,0,0,0,0,-90000,0,0,0,0,90000,-90000,-90000
065734,凌華凱基9C購01  ,0,0,0,0,0,0,0,0,0,-90000,0,0,0,10000,100000,-90000,-90000
06525P,上証2X國泰99售01,0,0,0,0,0,0,0,0,0,-90000,0,0,0,400000,490000,-90000,-90000
057739,新日興富邦9B購01,0,0,0,0,0,0,0,0,0,-90000,0,0,0,25000,115000,-90000,-90000
058722,台郡元富99購01  ,0,0,0,0,0,0,0,0,0,-90000,0,0,0,467000,557000,-90000,-90000
060451,中石化元大9C購02,0,0,0,0,0,0,0,0,0,-90000,0,0,0,21000,111000,-90000,-90000
062996,致茂國票9C購01  ,0,0,0,0,0,0,0,0,0,-90000,0,0,0,77000,167000,-90000,-90000
063637,聯發科元大9C購02,0,0,0,0,0,0,0,0,0,-90000,0,0,0,43000,133000,-90000,-90000
064010,GIS凱基02購01   ,0,0,0,0,0,0,0,0,0,-90000,0,0,0,93000,183000,-90000,-90000
6209,今國光          ,9000,98000,-89000,0,0,0,0,0,0,-1000,0,1000,-1000,0,0,0,-90000
07127P,精元元大99售01  ,0,0,0,0,0,0,0,0,0,-91000,0,0,0,9000,100000,-91000,-91000
07482P,南亞科元富9A售04,0,0,0,0,0,0,0,0,0,-91000,0,0,0,0,91000,-91000,-91000
058055,華擎統一9A購01  ,0,0,0,0,0,0,0,0,0,-91000,0,0,0,10000,101000,-91000,-91000
061241,晶技兆豐9A購01  ,0,0,0,0,0,0,0,0,0,-91000,0,0,0,88000,179000,-91000,-91000
05712P,友達統一97售03  ,0,0,0,0,0,0,0,0,0,-91000,0,0,0,0,91000,-91000,-91000
055579,健策統一9A購01  ,0,0,0,0,0,0,0,0,0,-91000,0,0,0,21000,112000,-91000,-91000
058221,上銀統一99購04  ,0,0,0,0,0,0,0,0,0,-91000,0,0,0,0,91000,-91000,-91000
059042,世紀鋼群益99購02,0,0,0,0,0,0,0,0,0,-91000,0,0,0,0,91000,-91000,-91000
058896,中環元大99購03  ,0,0,0,0,0,0,0,0,0,-91000,0,0,0,10000,101000,-91000,-91000
063638,華新科元大9B購14,0,0,0,0,0,0,0,0,0,-91000,0,0,0,11000,102000,-91000,-91000
9933,中鼎            ,302000,197000,105000,0,0,0,0,0,0,-196000,0,0,0,0,196000,-196000,-91000
07170P,臺股指國票99售07,0,0,0,0,0,0,0,0,0,-92000,0,0,0,954000,1046000,-92000,-92000
1447,力鵬            ,79000,170000,-91000,0,0,0,0,0,0,-1000,0,1000,-1000,0,0,0,-92000
065611,嘉聯益元大9C購02,0,0,0,0,0,0,0,0,0,-92000,0,0,0,48000,140000,-92000,-92000
065575,神達群益01購01  ,0,0,0,0,0,0,0,0,0,-92000,0,0,0,18000,110000,-92000,-92000
06690P,玉晶光群益9A售05,0,0,0,0,0,0,0,0,0,-92000,0,0,0,16000,108000,-92000,-92000
065926,金像電國票02購01,0,0,0,0,0,0,0,0,0,-92000,0,0,0,0,92000,-92000,-92000
059807,大立光元富99購09,0,0,0,0,0,0,0,0,0,-92000,0,0,0,8000,100000,-92000,-92000
059763,華擎永豐99購03  ,0,0,0,0,0,0,0,0,0,-92000,0,0,0,66000,158000,-92000,-92000
064061,GIS麥證01購01   ,0,0,0,18000,110000,-92000,0,0,0,-92000,0,0,0,18000,110000,-92000,-92000
1609,大亞            ,139000,231000,-92000,0,0,0,0,1000,-1000,0,0,0,0,0,0,0,-93000
1733,五鼎            ,30000,124000,-94000,0,0,0,0,0,0,1000,2000,1000,1000,0,0,0,-93000
05088P,大立光富邦99售01,0,0,0,0,0,0,0,0,0,-93000,0,0,0,0,93000,-93000,-93000
056871,新日興日盛99購01,0,0,0,0,0,0,0,0,0,-93000,0,0,0,0,93000,-93000,-93000
057959,欣興元大98購14  ,0,0,0,0,0,0,0,0,0,-93000,0,0,0,75000,168000,-93000,-93000
057511,健策統一98購02  ,0,0,0,0,0,0,0,0,0,-93000,0,0,0,9000,102000,-93000,-93000
058494,可成群益9B購01  ,0,0,0,0,0,0,0,0,0,-93000,0,0,0,9000,102000,-93000,-93000
063519,聚陽凱基9B購02  ,0,0,0,0,0,0,0,0,0,-93000,0,0,0,17000,110000,-93000,-93000
063291,緯穎元大01購01  ,0,0,0,0,0,0,0,0,0,-93000,0,0,0,180000,273000,-93000,-93000
062261,嘉晶元大9B購02  ,0,0,0,0,0,0,0,0,0,-93000,0,0,0,2000,95000,-93000,-93000
1304,台聚            ,97000,191000,-94000,0,0,0,0,0,0,0,0,0,0,0,0,0,-94000
065445,台光電統一01購05,0,0,0,0,0,0,0,0,0,-94000,0,0,0,159000,253000,-94000,-94000
064904,茂林群益9C購02  ,0,0,0,0,0,0,0,0,0,-94000,0,0,0,20000,114000,-94000,-94000
055512,聯詠兆豐97購01  ,0,0,0,0,0,0,0,0,0,-94000,0,0,0,0,94000,-94000,-94000
061638,國泰金元大9A購03,0,0,0,0,0,0,0,0,0,-94000,0,0,0,0,94000,-94000,-94000
062163,大毅國泰01購01  ,0,0,0,0,0,0,0,0,0,-94000,0,0,0,12000,106000,-94000,-94000
064196,健策群益01購01  ,0,0,0,0,0,0,0,0,0,-94000,0,0,0,73000,167000,-94000,-94000
064414,臺股指凱基9C購10,0,0,0,0,0,0,0,0,0,-94000,0,0,0,22000,116000,-94000,-94000
064330,燿華元大9C購02  ,0,0,0,0,0,0,0,0,0,-94000,0,0,0,178000,272000,-94000,-94000
065037,緯穎統一02購02  ,0,0,0,0,0,0,0,0,0,-95000,0,0,0,131000,226000,-95000,-95000
065258,華邦電元大01購01,0,0,0,0,0,0,0,0,0,-95000,0,0,0,105000,200000,-95000,-95000
065837,臺指反元大03購05,0,0,0,0,0,0,0,0,0,-95000,0,0,0,50000,145000,-95000,-95000
05579P,友達凱基98售03  ,0,0,0,0,0,0,0,0,0,-95000,0,0,0,10000,105000,-95000,-95000
056314,力成元大97購01  ,0,0,0,0,0,0,0,0,0,-95000,0,0,0,3000,98000,-95000,-95000
062014,牧德富邦9C購01  ,0,0,0,0,0,0,0,0,0,-95000,0,0,0,0,95000,-95000,-95000
061917,亞德客凱基9B購02,0,0,0,0,0,0,0,0,0,-95000,0,0,0,5000,100000,-95000,-95000
061780,國巨群益9C購01  ,0,0,0,0,0,0,0,0,0,-95000,0,0,0,0,95000,-95000,-95000
061349,嘉澤元大9A購02  ,0,0,0,0,0,0,0,0,0,-95000,0,0,0,104000,199000,-95000,-95000
062880,大立光兆豐9B購02,0,0,0,0,0,0,0,0,0,-95000,0,0,0,5000,100000,-95000,-95000
3419,譁裕            ,23000,140000,-117000,0,0,0,0,0,0,22000,22000,0,22000,0,0,0,-95000
065175,大立光元大01購05,0,0,0,0,0,0,0,0,0,-96000,0,0,0,56000,152000,-96000,-96000
048383,元金2X國票99購01,0,0,0,0,0,0,0,0,0,-96000,0,0,0,301000,397000,-96000,-96000
052847,漢唐統一99購01  ,0,0,0,0,0,0,0,0,0,-96000,0,0,0,40000,136000,-96000,-96000
061469,瑞祺群益9A購02  ,0,0,0,0,0,0,0,0,0,-96000,0,0,0,108000,204000,-96000,-96000
062667,立積群益9B購01  ,0,0,0,0,0,0,0,0,0,-96000,0,0,0,59000,155000,-96000,-96000
063564,台積電元大9B購07,0,0,0,0,0,0,0,0,0,-96000,0,0,0,4000,100000,-96000,-96000
063424,新日興凱基01購01,0,0,0,0,0,0,0,0,0,-96000,0,0,0,1000,97000,-96000,-96000
064580,統一永豐9C購01  ,0,0,0,0,0,0,0,0,0,-96000,0,0,0,27000,123000,-96000,-96000
9934,成霖            ,29000,125000,-96000,0,0,0,0,0,0,0,0,0,0,0,0,0,-96000
1612,宏泰            ,1000,38000,-37000,0,0,0,0,0,0,-60000,0,60000,-60000,0,0,0,-97000
08261P,玉晶光元大9C售08,0,0,0,0,0,0,0,0,0,-97000,0,0,0,8000,105000,-97000,-97000
07494P,葡萄王元大9A售03,0,0,0,0,0,0,0,0,0,-97000,0,0,0,0,97000,-97000,-97000
07977P,華新科群益01售01,0,0,0,0,0,0,0,0,0,-97000,0,0,0,3000,100000,-97000,-97000
050758,聯發科元富9B購01,0,0,0,0,0,0,0,0,0,-97000,0,0,0,144000,241000,-97000,-97000
055849,聯詠元大97購05  ,0,0,0,0,0,0,0,0,0,-97000,0,0,0,1000,98000,-97000,-97000
057877,神達元大99購01  ,0,0,0,0,0,0,0,0,0,-97000,0,0,0,151000,248000,-97000,-97000
057198,智伸科統一9B購01,0,0,0,0,0,0,0,0,0,-97000,0,0,0,10000,107000,-97000,-97000
058926,勤誠元富99購01  ,0,0,0,0,0,0,0,0,0,-97000,0,0,0,0,97000,-97000,-97000
062915,嘉澤元大9B購03  ,0,0,0,0,0,0,0,0,0,-97000,0,0,0,119000,216000,-97000,-97000
058523,聯茂元大99購08  ,0,0,0,0,0,0,0,0,0,-98000,0,0,0,0,98000,-98000,-98000
061543,南亞科群益9A購01,0,0,0,0,0,0,0,0,0,-98000,0,0,0,0,98000,-98000,-98000
059375,道瓊反群益9C購02,0,0,0,0,0,0,0,0,0,-98000,0,0,0,0,98000,-98000,-98000
061901,柏文永豐9B購01  ,0,0,0,0,0,0,0,0,0,-98000,0,0,0,11000,109000,-98000,-98000
063423,聯詠凱基9C購02  ,0,0,0,0,0,0,0,0,0,-98000,0,0,0,7000,105000,-98000,-98000
063111,TPK兆豐9B購01   ,0,0,0,0,0,0,0,0,0,-98000,0,0,0,2000,100000,-98000,-98000
064547,宏達電凱基9C購01,0,0,0,0,0,0,0,0,0,-98000,0,0,0,154000,252000,-98000,-98000
064557,鴻海群益9C購04  ,0,0,0,0,0,0,0,0,0,-98000,0,0,0,15000,113000,-98000,-98000
07793P,同欣電元大9A售02,0,0,0,0,0,0,0,0,0,-99000,0,0,0,1000,100000,-99000,-99000
064900,景碩群益01購01  ,0,0,0,0,0,0,0,0,0,-99000,0,0,0,16000,115000,-99000,-99000
065307,矽格元富9C購01  ,0,0,0,0,0,0,0,0,0,-99000,0,0,0,155000,254000,-99000,-99000
065718,健策中信9C購02  ,0,0,0,0,0,0,0,0,0,-99000,0,0,0,2000,101000,-99000,-99000
06552P,茂林元大99售02  ,0,0,0,0,0,0,0,0,0,-99000,0,0,0,1000,100000,-99000,-99000
065593,達新元大9C購02  ,0,0,0,0,0,0,0,0,0,-99000,0,0,0,1000,100000,-99000,-99000
06889P,臺股指元大98售13,0,0,0,0,0,0,0,0,0,-99000,0,0,0,1000,100000,-99000,-99000
057691,健策凱基99購01  ,0,0,0,0,0,0,0,0,0,-99000,0,0,0,5000,104000,-99000,-99000
057912,美律日盛99購01  ,0,0,0,0,0,0,0,0,0,-99000,0,0,0,25000,124000,-99000,-99000
060072,國巨元富99購04  ,0,0,0,0,0,0,0,0,0,-99000,0,0,0,110000,209000,-99000,-99000
064285,貿聯元大9C購02  ,0,0,0,0,0,0,0,0,0,-99000,0,0,0,194000,293000,-99000,-99000
9955,佳龍            ,3000,102000,-99000,0,0,0,0,0,0,0,0,0,0,0,0,0,-99000
8271,宇瞻            ,62000,131000,-69000,0,0,0,0,0,0,-30000,0,30000,-30000,0,0,0,-99000
2511,太子            ,49000,148000,-99000,0,0,0,0,0,0,0,0,0,0,0,0,0,-99000
06850P,聯茂元大98售06  ,0,0,0,0,0,0,0,0,0,-100000,0,0,0,100000,200000,-100000,-100000
065711,矽格群益9C購02  ,0,0,0,0,0,0,0,0,0,-100000,0,0,0,97000,197000,-100000,-100000
06543P,鴻海元大98售08  ,0,0,0,0,0,0,0,0,0,-100000,0,0,0,0,100000,-100000,-100000
064987,勤誠元大9C購02  ,0,0,0,0,0,0,0,0,0,-100000,0,0,0,0,100000,-100000,-100000
07783P,聯發科富邦9C售03,0,0,0,0,0,0,0,0,0,-100000,0,0,0,0,100000,-100000,-100000
07843P,緯穎元大9A售05  ,0,0,0,0,0,0,0,0,0,-100000,0,0,0,100000,200000,-100000,-100000
07501P,華新科元大9A售07,0,0,0,0,0,0,0,0,0,-100000,0,0,0,0,100000,-100000,-100000
07471P,南亞科元大9A售01,0,0,0,0,0,0,0,0,0,-100000,0,0,0,200000,300000,-100000,-100000
07588P,滬深2X國票9C售01,0,0,0,0,0,0,0,0,0,-100000,0,0,0,100000,200000,-100000,-100000
07404P,華新科凱基99售10,0,0,0,0,0,0,0,0,0,-100000,0,0,0,0,100000,-100000,-100000
07359P,台積電元大99售45,0,0,0,0,0,0,0,0,0,-100000,0,0,0,10000,110000,-100000,-100000
07258P,台灣50台新9A售01,0,0,0,0,0,0,0,0,0,-100000,0,0,0,0,100000,-100000,-100000
07126P,台積電元大99售23,0,0,0,0,0,0,0,0,0,-100000,0,0,0,0,100000,-100000,-100000
08253P,鴻海元大9C售06  ,0,0,0,0,0,0,0,0,0,-100000,0,0,0,0,100000,-100000,-100000
08524P,奇力新元大9C售01,0,0,0,0,0,0,0,0,0,-100000,0,0,0,0,100000,-100000,-100000
08685P,南電凱基01售03  ,0,0,0,0,0,0,0,0,0,-100000,0,0,0,0,100000,-100000,-100000
08572P,台灣50凱基9C售13,0,0,0,0,0,0,0,0,0,-100000,0,0,0,0,100000,-100000,-100000
08578P,TPK元大9C售04   ,0,0,0,0,0,0,0,0,0,-100000,0,0,0,0,100000,-100000,-100000
08556P,臺股指中信01售08,0,0,0,0,0,0,0,0,0,-100000,0,0,0,0,100000,-100000,-100000
057914,日月光日盛9A購01,0,0,0,0,0,0,0,0,0,-100000,0,0,0,0,100000,-100000,-100000
057030,滬深反元大9B購01,0,0,0,0,0,0,0,0,0,-100000,0,0,0,0,100000,-100000,-100000
054093,智原群益97購01  ,0,0,0,0,0,0,0,0,0,-100000,0,0,0,0,100000,-100000,-100000
054800,訊芯群益99購01  ,0,0,0,0,0,0,0,0,0,-100000,0,0,0,0,100000,-100000,-100000
054040,中石化元大9C購01,0,0,0,0,0,0,0,0,0,-100000,0,0,0,0,100000,-100000,-100000
051727,S&P反1國票97購01,0,0,0,0,0,0,0,0,0,-100000,0,0,0,0,100000,-100000,-100000
052989,麗豐元大98購01  ,0,0,0,0,0,0,0,0,0,-100000,0,0,0,0,100000,-100000,-100000
03810P,大立光富邦98售01,0,0,0,0,0,0,0,0,0,-100000,0,0,0,0,100000,-100000,-100000
061234,國巨元大9A購18  ,0,0,0,0,0,0,0,0,0,-100000,0,0,0,0,100000,-100000,-100000
061189,可成富邦9B購02  ,0,0,0,0,0,0,0,0,0,-100000,0,0,0,0,100000,-100000,-100000
057927,勤誠凱基98購01  ,0,0,0,0,0,0,0,0,0,-100000,0,0,0,0,100000,-100000,-100000
057280,大立光元大98購15,0,0,0,0,0,0,0,0,0,-100000,0,0,0,0,100000,-100000,-100000
057252,牧德元富98購01  ,0,0,0,0,0,0,0,0,0,-100000,0,0,0,200000,300000,-100000,-100000
061664,上銀中信9A購01  ,0,0,0,0,0,0,0,0,0,-100000,0,0,0,0,100000,-100000,-100000
059883,T50反1國票99購02,0,0,0,0,0,0,0,0,0,-100000,0,0,0,0,100000,-100000,-100000
059230,滬深2X國票9B購02,0,0,0,0,0,0,0,0,0,-100000,0,0,0,0,100000,-100000,-100000
062133,大成鋼群益9B購01,0,0,0,0,0,0,0,0,0,-100000,0,0,0,0,100000,-100000,-100000
062091,世紀鋼元大9B購01,0,0,0,0,0,0,0,0,0,-100000,0,0,0,0,100000,-100000,-100000
061790,中租群益9B購01  ,0,0,0,0,0,0,0,0,0,-100000,0,0,0,20000,120000,-100000,-100000
060629,鴻海富邦9B購01  ,0,0,0,0,0,0,0,0,0,-100000,0,0,0,0,100000,-100000,-100000
061317,旺宏凱基9A購05  ,0,0,0,0,0,0,0,0,0,-100000,0,0,0,0,100000,-100000,-100000
058140,臻鼎元大99購02  ,0,0,0,0,0,0,0,0,0,-100000,0,0,0,100000,200000,-100000,-100000
06427P,鴻海元大97售13  ,0,0,0,0,0,0,0,0,0,-100000,0,0,0,0,100000,-100000,-100000
064312,大立光群益01購01,0,0,0,0,0,0,0,0,0,-100000,0,0,0,0,100000,-100000,-100000
064370,聯茂統一02購01  ,0,0,0,0,0,0,0,0,0,-100000,0,0,0,60000,160000,-100000,-100000
064421,技嘉兆豐01購01  ,0,0,0,0,0,0,0,0,0,-100000,0,0,0,272000,372000,-100000,-100000
063595,燿華中信9B購02  ,0,0,0,0,0,0,0,0,0,-100000,0,0,0,0,100000,-100000,-100000
062259,可成元大9B購03  ,0,0,0,0,0,0,0,0,0,-100000,0,0,0,0,100000,-100000,-100000
062274,台積電群益9B購04,0,0,0,0,0,0,0,0,0,-100000,0,0,0,0,100000,-100000,-100000
1201,味全            ,101000,164000,-63000,0,0,0,0,0,0,-38000,0,0,0,0,38000,-38000,-101000
08176P,國巨元大9B售20  ,0,0,0,0,0,0,0,0,0,-101000,0,0,0,23000,124000,-101000,-101000
065268,嘉澤元大9C購02  ,0,0,0,0,0,0,0,0,0,-101000,0,0,0,68000,169000,-101000,-101000
060450,南亞元大9A購02  ,0,0,0,0,0,0,0,0,0,-101000,0,0,0,125000,226000,-101000,-101000
063480,南六元大9C購01  ,0,0,0,0,0,0,0,0,0,-101000,0,0,0,2000,103000,-101000,-101000
063137,瑞昱統一01購02  ,0,0,0,0,0,0,0,0,0,-101000,0,0,0,0,101000,-101000,-101000
06513P,鴻海凱基98售10  ,0,0,0,0,0,0,0,0,0,-102000,0,0,0,0,102000,-102000,-102000
065985,金像電永豐01購02,0,0,0,0,0,0,0,0,0,-102000,0,0,0,0,102000,-102000,-102000
07913P,友達元大01售01  ,0,0,0,0,0,0,0,0,0,-102000,0,0,0,20000,122000,-102000,-102000
056767,大毅元大99購01  ,0,0,0,0,0,0,0,0,0,-102000,0,0,0,85000,187000,-102000,-102000
054770,健策國票98購01  ,0,0,0,0,0,0,0,0,0,-102000,0,0,0,1000,103000,-102000,-102000
056890,國巨元大98購11  ,0,0,0,0,0,0,0,0,0,-102000,0,0,0,0,102000,-102000,-102000
062218,燿華統一01購01  ,0,0,0,0,0,0,0,0,0,-102000,0,0,0,73000,175000,-102000,-102000
064440,大立光凱基03購03,0,0,0,0,0,0,0,0,0,-102000,0,0,0,33000,135000,-102000,-102000
063951,新日興元大9C購01,0,0,0,0,0,0,0,0,0,-102000,0,0,0,136000,238000,-102000,-102000
08209P,上銀元富9B售06  ,0,0,0,0,0,0,0,0,0,-103000,0,0,0,22000,125000,-103000,-103000
065505,健鼎永豐9C購01  ,0,0,0,0,0,0,0,0,0,-103000,0,0,0,18000,121000,-103000,-103000
05582P,群創凱基98售06  ,0,0,0,0,0,0,0,0,0,-103000,0,0,0,33000,136000,-103000,-103000
056607,貿聯富邦99購02  ,0,0,0,0,0,0,0,0,0,-103000,0,0,0,25000,128000,-103000,-103000
057112,立積群益99購01  ,0,0,0,0,0,0,0,0,0,-103000,0,0,0,123000,226000,-103000,-103000
05890P,彩晶元大99售01  ,0,0,0,0,0,0,0,0,0,-103000,0,0,0,0,103000,-103000,-103000
064175,華通國泰02購01  ,0,0,0,0,0,0,0,0,0,-103000,0,0,0,82000,185000,-103000,-103000
1786,科妍            ,12000,116000,-104000,0,0,0,0,0,0,1000,1000,0,1000,0,0,0,-103000
065435,臻鼎凱基02購01  ,0,0,0,0,0,0,0,0,0,-104000,0,0,0,60000,164000,-104000,-104000
07149P,健鼎元大99售03  ,0,0,0,0,0,0,0,0,0,-104000,0,0,0,499000,603000,-104000,-104000
056540,聯詠凱基98購02  ,0,0,0,0,0,0,0,0,0,-104000,0,0,0,77000,181000,-104000,-104000
053818,富邦金群益98購01,0,0,0,0,0,0,0,0,0,-104000,0,0,0,47000,151000,-104000,-104000
058834,GIS永豐99購01   ,0,0,0,0,0,0,0,0,0,-104000,0,0,0,16000,120000,-104000,-104000
061644,健策元大9C購02  ,0,0,0,0,0,0,0,0,0,-104000,0,0,0,180000,284000,-104000,-104000
062075,智邦元大9B購03  ,0,0,0,0,0,0,0,0,0,-104000,0,0,0,224000,328000,-104000,-104000
060681,華擎元大9A購02  ,0,0,0,0,0,0,0,0,0,-104000,0,0,0,70000,174000,-104000,-104000
061478,奇鋐元大9A購01  ,0,0,0,0,0,0,0,0,0,-104000,0,0,0,55000,159000,-104000,-104000
058325,昇陽半永豐99購01,0,0,0,0,0,0,0,0,0,-104000,0,0,0,414000,518000,-104000,-104000
064171,燿華元富9C購01  ,0,0,0,0,0,0,0,0,0,-104000,0,0,0,98000,202000,-104000,-104000
064385,台積電富邦03購02,0,0,0,0,0,0,0,0,0,-104000,0,0,0,313000,417000,-104000,-104000
06453P,群創元大9B售02  ,0,0,0,0,0,0,0,0,0,-104000,0,0,0,127000,231000,-104000,-104000
062471,國泰金凱基9B購02,0,0,0,0,0,0,0,0,0,-104000,0,0,0,0,104000,-104000,-104000
08337P,台灣50凱基01售15,0,0,0,0,0,0,0,0,0,-105000,0,0,0,205000,310000,-105000,-105000
08466P,旺宏統一9C售03  ,0,0,0,0,0,0,0,0,0,-105000,0,0,0,0,105000,-105000,-105000
1467,南緯            ,2000,107000,-105000,0,0,0,0,0,0,0,0,0,0,0,0,0,-105000
064885,T50反1中信04購01,0,0,0,0,0,0,0,0,0,-105000,0,0,0,0,105000,-105000,-105000
054427,潤泰全富邦97購01,0,0,0,0,0,0,0,0,0,-105000,0,0,0,218000,323000,-105000,-105000
060967,鈺齊凱基9A購02  ,0,0,0,0,0,0,0,0,0,-105000,0,0,0,55000,160000,-105000,-105000
057664,台積電元大9A購03,0,0,0,0,0,0,0,0,0,-105000,0,0,0,382000,487000,-105000,-105000
057354,聯鈞統一99購03  ,0,0,0,0,0,0,0,0,0,-105000,0,0,0,479000,584000,-105000,-105000
060509,宏達電元大9A購02,0,0,0,0,0,0,0,0,0,-105000,0,0,0,103000,208000,-105000,-105000
058727,嘉晶富邦9A購01  ,0,0,0,0,0,0,0,0,0,-105000,0,0,0,112000,217000,-105000,-105000
062302,聯詠中信05購02  ,0,0,0,0,0,0,0,0,0,-105000,0,0,0,0,105000,-105000,-105000
063118,中鋼元大9C購01  ,0,0,0,0,0,0,0,0,0,-105000,0,0,0,0,105000,-105000,-105000
063071,華新科富邦02購01,0,0,0,0,0,0,0,0,0,-105000,0,0,0,1000,106000,-105000,-105000
064272,鴻海元大9C購09  ,0,0,0,0,0,0,0,0,0,-105000,0,0,0,13000,118000,-105000,-105000
063651,金像電台新9B購01,0,0,0,0,0,0,0,0,0,-105000,0,0,0,0,105000,-105000,-105000
8213,志超            ,166000,203000,-37000,0,0,0,0,0,0,-68000,0,2000,-2000,0,66000,-66000,-105000
065478,緯創元大9C購03  ,0,0,0,0,0,0,0,0,0,-106000,0,0,0,123000,229000,-106000,-106000
065705,嘉晶群益9C購05  ,0,0,0,0,0,0,0,0,0,-106000,0,0,0,21000,127000,-106000,-106000
08331P,義隆元富9C售02  ,0,0,0,0,0,0,0,0,0,-106000,0,0,0,99000,205000,-106000,-106000
07890P,南電國票9B售01  ,0,0,0,0,0,0,0,0,0,-106000,0,0,0,0,106000,-106000,-106000
057606,健策統一98購03  ,0,0,0,0,0,0,0,0,0,-106000,0,0,0,0,106000,-106000,-106000
057133,京鼎凱基98購02  ,0,0,0,0,0,0,0,0,0,-106000,0,0,0,169000,275000,-106000,-106000
058688,矽創凱基9A購01  ,0,0,0,0,0,0,0,0,0,-106000,0,0,0,0,106000,-106000,-106000
063752,瑞祺國票9C購01  ,0,0,0,0,0,0,0,0,0,-106000,0,0,0,83000,189000,-106000,-106000
063900,GIS群益9C購03   ,0,0,0,0,0,0,0,0,0,-106000,0,0,0,0,106000,-106000,-106000
07048P,台積電中信03售01,0,0,0,0,0,0,0,0,0,-107000,0,0,0,103000,210000,-107000,-107000
07558P,玉晶光元大9A售10,0,0,0,0,0,0,0,0,0,-107000,0,0,0,0,107000,-107000,-107000
08516P,技嘉群益01售02  ,0,0,0,0,0,0,0,0,0,-107000,0,0,0,3000,110000,-107000,-107000
065672,嘉晶凱基01購01  ,0,0,0,0,0,0,0,0,0,-107000,0,0,0,84000,191000,-107000,-107000
057717,友訊元富98購02  ,0,0,0,0,0,0,0,0,0,-107000,0,0,0,123000,230000,-107000,-107000
061123,燿華永豐9A購01  ,0,0,0,0,0,0,0,0,0,-107000,0,0,0,6000,113000,-107000,-107000
054806,台化元大9A購01  ,0,0,0,0,0,0,0,0,0,-107000,0,0,0,0,107000,-107000,-107000
063207,聯茂統一01購01  ,0,0,0,0,0,0,0,0,0,-107000,0,0,0,141000,248000,-107000,-107000
063550,可成國票9C購01  ,0,0,0,0,0,0,0,0,0,-107000,0,0,0,3000,110000,-107000,-107000
4976,佳凌            ,170000,277000,-107000,0,0,0,0,0,0,0,0,0,0,0,0,0,-107000
065010,國巨國泰01購04  ,0,0,0,0,0,0,0,0,0,-108000,0,0,0,41000,149000,-108000,-108000
046937,聯電元大99購01  ,0,0,0,0,0,0,0,0,0,-108000,0,0,0,0,108000,-108000,-108000
060241,國泰金元大9A購01,0,0,0,0,0,0,0,0,0,-108000,0,0,0,0,108000,-108000,-108000
059488,大立光兆豐99購03,0,0,0,0,0,0,0,0,0,-108000,0,0,0,2000,110000,-108000,-108000
058864,欣興凱基99購04  ,0,0,0,0,0,0,0,0,0,-108000,0,0,0,38000,146000,-108000,-108000
063605,健策凱基9C購02  ,0,0,0,0,0,0,0,0,0,-108000,0,0,0,40000,148000,-108000,-108000
063225,茂林群益9B購04  ,0,0,0,0,0,0,0,0,0,-108000,0,0,0,0,108000,-108000,-108000
3062,建漢            ,227000,335000,-108000,0,0,0,0,0,0,0,0,0,0,0,0,0,-108000
064955,健策凱基9C購03  ,0,0,0,0,0,0,0,0,0,-109000,0,0,0,15000,124000,-109000,-109000
065809,同欣電群益9C購03,0,0,0,0,0,0,0,0,0,-109000,0,0,0,85000,194000,-109000,-109000
08264P,南電元大9C售02  ,0,0,0,0,0,0,0,0,0,-109000,0,0,0,80000,189000,-109000,-109000
1449,佳和            ,15000,124000,-109000,0,0,0,0,0,0,0,0,0,0,0,0,0,-109000
1522,堤維西          ,30000,137000,-107000,0,0,0,0,0,0,-2000,0,0,0,0,2000,-2000,-109000
054935,華通元大98購03  ,0,0,0,0,0,0,0,0,0,-109000,0,0,0,10000,119000,-109000,-109000
058093,神達元大9A購01  ,0,0,0,0,0,0,0,0,0,-109000,0,0,0,137000,246000,-109000,-109000
059146,貿聯國票9A購02  ,0,0,0,0,0,0,0,0,0,-109000,0,0,0,36000,145000,-109000,-109000
058170,國巨凱基9A購06  ,0,0,0,0,0,0,0,0,0,-109000,0,0,0,0,109000,-109000,-109000
058694,鈺齊國票9A購02  ,0,0,0,0,0,0,0,0,0,-109000,0,0,0,0,109000,-109000,-109000
064215,康控凱基02購01  ,0,0,0,0,0,0,0,0,0,-109000,0,0,0,100000,209000,-109000,-109000
064771,貿聯中信01購01  ,0,0,0,0,0,0,0,0,0,-109000,0,0,0,208000,317000,-109000,-109000
08296P,同欣電元大9C售04,0,0,0,0,0,0,0,0,0,-110000,0,0,0,0,110000,-110000,-110000
07579P,聯茂元大9A售01  ,0,0,0,0,0,0,0,0,0,-110000,0,0,0,100000,210000,-110000,-110000
07690P,華新科元大9A售15,0,0,0,0,0,0,0,0,0,-110000,0,0,0,0,110000,-110000,-110000
065841,國巨元大9C購20  ,0,0,0,0,0,0,0,0,0,-110000,0,0,0,0,110000,-110000,-110000
065599,台光電元大9C購05,0,0,0,0,0,0,0,0,0,-110000,0,0,0,497000,607000,-110000,-110000
06721P,臺股指中信9A售03,0,0,0,0,0,0,0,0,0,-110000,0,0,0,260000,370000,-110000,-110000
055570,華通統一98購03  ,0,0,0,0,0,0,0,0,0,-110000,0,0,0,70000,180000,-110000,-110000
03686P,大立光統一98售02,0,0,0,0,0,0,0,0,0,-110000,0,0,0,0,110000,-110000,-110000
057296,智原永豐98購01  ,0,0,0,0,0,0,0,0,0,-110000,0,0,0,144000,254000,-110000,-110000
057373,大立光元大98購17,0,0,0,0,0,0,0,0,0,-110000,0,0,0,0,110000,-110000,-110000
061470,鈺齊群益9A購02  ,0,0,0,0,0,0,0,0,0,-110000,0,0,0,20000,130000,-110000,-110000
062070,金寶元大9B購01  ,0,0,0,0,0,0,0,0,0,-110000,0,0,0,1000,111000,-110000,-110000
060063,可成兆豐9B購01  ,0,0,0,0,0,0,0,0,0,-110000,0,0,0,5000,115000,-110000,-110000
064605,GIS元富9C購01   ,0,0,0,0,0,0,0,0,0,-110000,0,0,0,85000,195000,-110000,-110000
064279,新光金元大01購01,0,0,0,0,0,0,0,0,0,-110000,0,0,0,100000,210000,-110000,-110000
063286,嘉澤元大9B購04  ,0,0,0,0,0,0,0,0,0,-110000,0,0,0,201000,311000,-110000,-110000
063278,國巨元大9C購04  ,0,0,0,0,0,0,0,0,0,-110000,0,0,0,0,110000,-110000,-110000
063598,國巨凱基9B購14  ,0,0,0,0,0,0,0,0,0,-110000,0,0,0,1000,111000,-110000,-110000
063601,金像電凱基01購01,0,0,0,0,0,0,0,0,0,-110000,0,0,0,0,110000,-110000,-110000
062427,嘉澤統一01購01  ,0,0,0,0,0,0,0,0,0,-110000,0,0,0,138000,248000,-110000,-110000
07016P,聯發科元大99售10,0,0,0,0,0,0,0,0,0,-111000,0,0,0,0,111000,-111000,-111000
1519,華城            ,26000,137000,-111000,0,0,0,0,0,0,0,0,0,0,0,0,0,-111000
057468,台郡永豐98購01  ,0,0,0,0,0,0,0,0,0,-111000,0,0,0,0,111000,-111000,-111000
057207,立積元富98購02  ,0,0,0,0,0,0,0,0,0,-111000,0,0,0,76000,187000,-111000,-111000
059950,百和永豐99購02  ,0,0,0,0,0,0,0,0,0,-111000,0,0,0,10000,121000,-111000,-111000
061464,瑞昱群益9A購01  ,0,0,0,0,0,0,0,0,0,-111000,0,0,0,19000,130000,-111000,-111000
059068,台虹國票9A購01  ,0,0,0,0,0,0,0,0,0,-111000,0,0,0,371000,482000,-111000,-111000
062414,臻鼎中信01購01  ,0,0,0,0,0,0,0,0,0,-111000,0,0,0,41000,152000,-111000,-111000
062327,燿華統一9B購02  ,0,0,0,0,0,0,0,0,0,-111000,0,0,0,0,111000,-111000,-111000
08256P,台積電元大9C售02,0,0,0,0,0,0,0,0,0,-112000,0,0,0,0,112000,-112000,-112000
06849P,欣興元大98售12  ,0,0,0,0,0,0,0,0,0,-112000,0,0,0,0,112000,-112000,-112000
061126,京元電永豐9A購02,0,0,0,0,0,0,0,0,0,-112000,0,0,0,24000,136000,-112000,-112000
062026,華邦電群益9B購01,0,0,0,0,0,0,0,0,0,-112000,0,0,0,0,112000,-112000,-112000
063305,亞光凱基9B購01  ,0,0,0,0,0,0,0,0,0,-112000,0,0,0,15000,127000,-112000,-112000
064053,祥碩統一02購01  ,0,0,0,0,0,0,0,0,0,-112000,0,0,0,396000,508000,-112000,-112000
064854,祥碩麥證9C購01  ,0,0,0,108000,220000,-112000,0,0,0,-112000,0,0,0,108000,220000,-112000,-112000
06657P,寶成元大98售01  ,0,0,0,0,0,0,0,0,0,-113000,0,0,0,40000,153000,-113000,-113000
065326,華擎凱基02購01  ,0,0,0,0,0,0,0,0,0,-113000,0,0,0,171000,284000,-113000,-113000
07922P,大立光群益9B售05,0,0,0,0,0,0,0,0,0,-113000,0,0,0,0,113000,-113000,-113000
053088,奇鋐元大98購01  ,0,0,0,0,0,0,0,0,0,-113000,0,0,0,100000,213000,-113000,-113000
062094,台積電富邦9C購12,0,0,0,0,0,0,0,0,0,-113000,0,0,0,152000,265000,-113000,-113000
060591,富邦金台新9A購01,0,0,0,0,0,0,0,0,0,-113000,0,0,0,27000,140000,-113000,-113000
059742,富邦金元富99購01,0,0,0,0,0,0,0,0,0,-113000,0,0,0,0,113000,-113000,-113000
064217,GIS凱基02購02   ,0,0,0,0,0,0,0,0,0,-113000,0,0,0,50000,163000,-113000,-113000
063067,緯穎麥證9B購01  ,0,0,0,0,113000,-113000,0,0,0,-113000,0,0,0,0,113000,-113000,-113000
2501,國建            ,56000,162000,-106000,0,0,0,0,0,0,-7000,0,7000,-7000,0,0,0,-113000
08429P,台達電凱基9C售01,0,0,0,0,0,0,0,0,0,-114000,0,0,0,0,114000,-114000,-114000
065422,T50反1凱基01購02,0,0,0,0,0,0,0,0,0,-114000,0,0,0,1000,115000,-114000,-114000
061411,T50反1群益9A購05,0,0,0,0,0,0,0,0,0,-114000,0,0,0,0,114000,-114000,-114000
062914,嘉澤元大9B購02  ,0,0,0,0,0,0,0,0,0,-114000,0,0,0,35000,149000,-114000,-114000
2103,台橡            ,135000,249000,-114000,0,0,0,0,0,0,0,0,0,0,0,0,0,-114000
065012,燿華國泰02購01  ,0,0,0,0,0,0,0,0,0,-115000,0,0,0,188000,303000,-115000,-115000
08581P,臺股指元大9C售29,0,0,0,0,0,0,0,0,0,-115000,0,0,0,0,115000,-115000,-115000
07955P,大成鋼群益9B售02,0,0,0,0,0,0,0,0,0,-115000,0,0,0,0,115000,-115000,-115000
07956P,鴻海群益9B售06  ,0,0,0,0,0,0,0,0,0,-115000,0,0,0,0,115000,-115000,-115000
07424P,大立光元大9B售01,0,0,0,0,0,0,0,0,0,-115000,0,0,0,0,115000,-115000,-115000
07416P,台積電元大99售53,0,0,0,0,0,0,0,0,0,-115000,0,0,0,3000,118000,-115000,-115000
058837,SGBR2X中信9C購01,0,0,0,0,0,0,0,0,0,-115000,0,0,0,0,115000,-115000,-115000
063402,GIS群益9B購02   ,0,0,0,0,0,0,0,0,0,-115000,0,0,0,97000,212000,-115000,-115000
08552P,華新科群益9C售04,0,0,0,0,0,0,0,0,0,-116000,0,0,0,0,116000,-116000,-116000
08139P,華新科元大9B售12,0,0,0,0,0,0,0,0,0,-116000,0,0,0,0,116000,-116000,-116000
065386,華通兆豐9C購02  ,0,0,0,0,0,0,0,0,0,-116000,0,0,0,0,116000,-116000,-116000
065241,南電凱基01購02  ,0,0,0,0,0,0,0,0,0,-116000,0,0,0,35000,151000,-116000,-116000
054785,建準群益98購01  ,0,0,0,0,0,0,0,0,0,-116000,0,0,0,0,116000,-116000,-116000
057574,中磊永豐98購01  ,0,0,0,0,0,0,0,0,0,-116000,0,0,0,14000,130000,-116000,-116000
056250,瑞昱兆豐97購02  ,0,0,0,0,0,0,0,0,0,-116000,0,0,0,35000,151000,-116000,-116000
060677,京元電元大9A購04,0,0,0,0,0,0,0,0,0,-116000,0,0,0,62000,178000,-116000,-116000
058610,欣興元大99購05  ,0,0,0,0,0,0,0,0,0,-116000,0,0,0,108000,224000,-116000,-116000
064933,矽創統一01購01  ,0,0,0,0,0,0,0,0,0,-117000,0,0,0,0,117000,-117000,-117000
08451P,南六統一9C售06  ,0,0,0,0,0,0,0,0,0,-117000,0,0,0,53000,170000,-117000,-117000
060430,和潤永豐9A購01  ,0,0,0,0,0,0,0,0,0,-117000,0,0,0,6000,123000,-117000,-117000
060953,富邦金群益9A購01,0,0,0,0,0,0,0,0,0,-117000,0,0,0,108000,225000,-117000,-117000
063486,聚陽國泰9C購01  ,0,0,0,0,0,0,0,0,0,-117000,0,0,0,40000,157000,-117000,-117000
063246,嘉晶元大9C購01  ,0,0,0,0,0,0,0,0,0,-117000,0,0,0,152000,269000,-117000,-117000
062301,聯詠中信05購01  ,0,0,0,0,0,0,0,0,0,-117000,0,0,0,1000,118000,-117000,-117000
5522,遠雄            ,101000,213000,-112000,0,0,0,0,0,0,-5000,0,5000,-5000,0,0,0,-117000
06934P,聯鈞元大98售03  ,0,0,0,0,0,0,0,0,0,-118000,0,0,0,0,118000,-118000,-118000
065529,聯發科中信01購04,0,0,0,0,0,0,0,0,0,-118000,0,0,0,28000,146000,-118000,-118000
060909,金像電元大9B購01,0,0,0,0,0,0,0,0,0,-118000,0,0,0,124000,242000,-118000,-118000
051946,健策統一98購01  ,0,0,0,0,0,0,0,0,0,-118000,0,0,0,10000,128000,-118000,-118000
059766,同欣電永豐99購03,0,0,0,0,0,0,0,0,0,-118000,0,0,0,12000,130000,-118000,-118000
058909,神達元大99購03  ,0,0,0,0,0,0,0,0,0,-118000,0,0,0,77000,195000,-118000,-118000
059181,世紀鋼元富9C購01,0,0,0,0,0,0,0,0,0,-118000,0,0,0,19000,137000,-118000,-118000
8104,錸寶            ,43000,161000,-118000,0,0,0,0,0,0,0,0,0,0,0,0,0,-118000
061150,國巨群益9A購09  ,0,0,0,0,0,0,0,0,0,-119000,0,0,0,53000,172000,-119000,-119000
05755P,臺股指中信99售04,0,0,0,0,0,0,0,0,0,-119000,0,0,0,10000,129000,-119000,-119000
063250,同欣電元大9B購03,0,0,0,0,0,0,0,0,0,-119000,0,0,0,216000,335000,-119000,-119000
063571,TPK元大9B購03   ,0,0,0,0,0,0,0,0,0,-119000,0,0,0,1000,120000,-119000,-119000
064074,南茂永豐9C購01  ,0,0,0,0,0,0,0,0,0,-119000,0,0,0,11000,130000,-119000,-119000
065895,台勝科統一02購01,0,0,0,0,0,0,0,0,0,-120000,0,0,0,0,120000,-120000,-120000
065039,國巨凱基02購02  ,0,0,0,0,0,0,0,0,0,-120000,0,0,0,0,120000,-120000,-120000
064989,鈺齊元大01購01  ,0,0,0,0,0,0,0,0,0,-120000,0,0,0,0,120000,-120000,-120000
07252P,台灣50凱基99售01,0,0,0,0,0,0,0,0,0,-120000,0,0,0,0,120000,-120000,-120000
07691P,宏達電元大9A售05,0,0,0,0,0,0,0,0,0,-120000,0,0,0,0,120000,-120000,-120000
060920,超眾富邦9B購01  ,0,0,0,0,0,0,0,0,0,-120000,0,0,0,113000,233000,-120000,-120000
057056,立積元大99購02  ,0,2000,-2000,0,0,0,0,0,0,-118000,0,0,0,4000,122000,-118000,-120000
056386,TPK國泰99購01   ,0,0,0,0,0,0,0,0,0,-120000,0,0,0,10000,130000,-120000,-120000
055902,同欣電中信99購01,0,0,0,0,0,0,0,0,0,-120000,0,0,0,525000,645000,-120000,-120000
062131,臺指反群益9B購03,0,0,0,0,0,0,0,0,0,-120000,0,0,0,0,120000,-120000,-120000
062186,晶技元大9B購05  ,0,0,0,0,0,0,0,0,0,-120000,0,0,0,5000,125000,-120000,-120000
063679,群創國泰01購01  ,0,0,0,0,0,0,0,0,0,-120000,0,0,0,32000,152000,-120000,-120000
064800,鴻海元大9C購12  ,0,0,0,0,0,0,0,0,0,-120000,0,0,0,5000,125000,-120000,-120000
062392,國巨富邦02購01  ,0,0,0,0,0,0,0,0,0,-120000,0,0,0,10000,130000,-120000,-120000
062761,嘉晶凱基9C購01  ,0,0,0,0,0,0,0,0,0,-120000,0,0,0,148000,268000,-120000,-120000
064897,宏達電群益9C購02,0,0,0,0,0,0,0,0,0,-121000,0,0,0,237000,358000,-121000,-121000
057819,新日興元大99購01,0,0,0,0,0,0,0,0,0,-121000,0,0,0,0,121000,-121000,-121000
057048,新日興元大98購01,0,0,0,0,0,0,0,0,0,-121000,0,0,0,97000,218000,-121000,-121000
062920,康友元大9B購01  ,0,0,0,0,0,0,0,0,0,-121000,0,0,0,72000,193000,-121000,-121000
062594,祥碩統一01購02  ,0,0,0,0,0,0,0,0,0,-121000,0,0,0,0,121000,-121000,-121000
064815,台表科元大01購01,0,0,0,0,0,0,0,0,0,-121000,0,0,0,56000,177000,-121000,-121000
064651,GIS凱基9C購02   ,0,0,0,0,0,0,0,0,0,-121000,0,0,0,4000,125000,-121000,-121000
064740,台光電國票01購01,0,0,0,0,0,0,0,0,0,-121000,0,0,0,30000,151000,-121000,-121000
065082,台光電元大9C購04,0,0,0,0,0,0,0,0,0,-122000,0,0,0,337000,459000,-122000,-122000
07974P,上証2X元大9B售02,0,0,0,0,0,0,0,0,0,-122000,0,0,0,0,122000,-122000,-122000
08538P,聯發科國票01售01,0,0,0,0,0,0,0,0,0,-122000,0,0,0,3000,125000,-122000,-122000
056375,玉晶光統一01購01,0,0,0,0,0,0,0,0,0,-122000,0,0,0,418000,540000,-122000,-122000
060412,儒鴻永豐9A購01  ,0,0,0,0,0,0,0,0,0,-122000,0,0,0,8000,130000,-122000,-122000
064801,鴻海元大9C購13  ,0,0,0,0,0,0,0,0,0,-122000,0,0,0,4000,126000,-122000,-122000
064596,台表科統一01購03,0,0,0,0,0,0,0,0,0,-122000,0,0,0,4000,126000,-122000,-122000
062544,信錦永豐9B購01  ,0,0,0,0,0,0,0,0,0,-122000,0,0,0,0,122000,-122000,-122000
062994,祥碩群益9B購05  ,0,0,0,0,0,0,0,0,0,-122000,0,0,0,42000,164000,-122000,-122000
057776,京元電群益98購02,0,0,0,0,0,0,0,0,0,-123000,0,0,0,38000,161000,-123000,-123000
1760,寶齡富錦        ,261000,395000,-134000,0,0,0,0,0,0,10000,0,0,0,10000,0,10000,-124000
07883P,可成凱基9B售03  ,0,0,0,0,0,0,0,0,0,-124000,0,0,0,0,124000,-124000,-124000
065884,智原元富9C購02  ,0,0,0,0,0,0,0,0,0,-124000,0,0,0,261000,385000,-124000,-124000
06847P,奇力新元大98售05,0,0,0,0,0,0,0,0,0,-124000,0,0,0,0,124000,-124000,-124000
065673,嘉晶凱基01購02  ,0,0,0,0,0,0,0,0,0,-124000,0,0,0,0,124000,-124000,-124000
056602,嘉澤國泰99購01  ,0,0,0,0,0,0,0,0,0,-124000,0,0,0,16000,140000,-124000,-124000
060434,台汽電永豐9A購01,0,0,0,0,0,0,0,0,0,-124000,0,0,0,10000,134000,-124000,-124000
062891,台汽電群益9B購01,0,0,0,0,0,0,0,0,0,-124000,0,0,0,10000,134000,-124000,-124000
064532,聯茂兆豐01購01  ,0,0,0,0,0,0,0,0,0,-124000,0,0,0,19000,143000,-124000,-124000
3504,揚明光          ,88000,211000,-123000,0,0,0,0,1000,-1000,0,1000,1000,0,0,0,0,-124000
065270,TPK元大01購01   ,0,0,0,0,0,0,0,0,0,-125000,0,0,0,7000,132000,-125000,-125000
07644P,南電凱基9A售03  ,0,0,0,0,0,0,0,0,0,-125000,0,0,0,20000,145000,-125000,-125000
06933P,禾伸堂元大98售03,0,0,0,0,0,0,0,0,0,-125000,0,0,0,0,125000,-125000,-125000
08488P,臺股指群益9C售19,0,0,0,0,0,0,0,0,0,-125000,0,0,0,0,125000,-125000,-125000
057515,智原元富98購02  ,0,0,0,0,0,0,0,0,0,-125000,0,0,0,463000,588000,-125000,-125000
055262,台虹國泰98購01  ,0,0,0,0,0,0,0,0,0,-125000,0,0,0,15000,140000,-125000,-125000
064522,華擎群益01購01  ,0,0,0,0,0,0,0,0,0,-125000,0,0,0,416000,541000,-125000,-125000
063807,超眾兆豐01購01  ,0,0,0,0,0,0,0,0,0,-125000,0,0,0,42000,167000,-125000,-125000
063159,嘉澤國泰01購01  ,0,0,0,0,0,0,0,0,0,-125000,0,0,0,167000,292000,-125000,-125000
3694,海華            ,87000,212000,-125000,0,0,0,0,0,0,0,0,0,0,0,0,0,-125000
08366P,祥碩凱基9C售04  ,0,0,0,0,0,0,0,0,0,-126000,0,0,0,34000,160000,-126000,-126000
058371,智原凱基9A購01  ,0,0,0,0,0,0,0,0,0,-126000,0,0,0,105000,231000,-126000,-126000
063082,瑞昱凱基9B購04  ,0,0,0,0,0,0,0,0,0,-126000,0,0,0,120000,246000,-126000,-126000
062726,華擎凱基9B購02  ,0,0,0,0,0,0,0,0,0,-126000,0,0,0,92000,218000,-126000,-126000
063926,南亞科統一03購01,0,0,0,0,0,0,0,0,0,-126000,0,0,0,74000,200000,-126000,-126000
064524,GIS群益02購01   ,0,0,0,0,0,0,0,0,0,-126000,0,0,0,0,126000,-126000,-126000
2228,劍麟            ,19000,118000,-99000,0,0,0,0,0,0,-27000,0,7000,-7000,0,20000,-20000,-126000
08206P,鴻海群益9C售03  ,0,0,0,0,0,0,0,0,0,-127000,0,0,0,0,127000,-127000,-127000
056475,宏達電元大99購02,0,0,0,0,0,0,0,0,0,-127000,0,0,0,480000,607000,-127000,-127000
061431,鈺齊元大9A購01  ,0,0,0,0,0,0,0,0,0,-127000,0,0,0,0,127000,-127000,-127000
058072,大立光凱基98購20,0,0,0,0,0,0,0,0,0,-127000,0,0,0,0,127000,-127000,-127000
063284,大立光元大9B購07,0,0,0,0,0,0,0,0,0,-127000,0,0,0,10000,137000,-127000,-127000
063623,祥碩兆豐9B購02  ,0,0,0,0,0,0,0,0,0,-127000,0,0,0,145000,272000,-127000,-127000
063461,金像電元大9B購03,0,0,0,0,0,0,0,0,0,-127000,0,0,0,50000,177000,-127000,-127000
07921P,鴻海群益9B售04  ,0,0,0,0,0,0,0,0,0,-128000,0,0,0,0,128000,-128000,-128000
065481,臻鼎元大9C購04  ,0,0,0,0,0,0,0,0,0,-128000,0,0,0,301000,429000,-128000,-128000
06861P,台積電國票99售08,0,0,0,0,0,0,0,0,0,-128000,0,0,0,0,128000,-128000,-128000
055234,昇陽半國票98購02,0,0,0,0,0,0,0,0,0,-128000,0,0,0,0,128000,-128000,-128000
053865,欣興元大97購02  ,0,0,0,0,0,0,0,0,0,-128000,0,0,0,60000,188000,-128000,-128000
058526,鈺齊元大99購02  ,0,0,0,0,0,0,0,0,0,-128000,0,0,0,87000,215000,-128000,-128000
062381,上銀國泰9C購01  ,0,0,0,0,0,0,0,0,0,-128000,0,0,0,11000,139000,-128000,-128000
064398,聚陽凱基01購01  ,0,0,0,0,0,0,0,0,0,-128000,0,0,0,259000,387000,-128000,-128000
064354,同欣電元大9C購05,0,0,0,0,0,0,0,0,0,-128000,0,0,0,88000,216000,-128000,-128000
061880,台郡元大9B購02  ,0,0,0,0,0,0,0,0,0,-129000,0,0,0,1000,130000,-129000,-129000
060002,T50反1群益9A購01,0,0,0,0,0,0,0,0,0,-129000,0,0,0,0,129000,-129000,-129000
062483,致新國票9B購01  ,0,0,0,0,0,0,0,0,0,-129000,0,0,0,0,129000,-129000,-129000
063249,祥碩元大9B購06  ,0,0,0,0,0,0,0,0,0,-129000,0,0,0,97000,226000,-129000,-129000
063042,同欣電凱基9C購01,0,0,0,0,0,0,0,0,0,-129000,0,0,0,18000,147000,-129000,-129000
06908P,健策國泰99售02  ,0,0,0,0,0,0,0,0,0,-130000,0,0,0,0,130000,-130000,-130000
08272P,鴻海元富9C售02  ,0,0,0,0,0,0,0,0,0,-130000,0,0,0,2000,132000,-130000,-130000
057744,健策永豐98購02  ,0,0,0,0,0,0,0,0,0,-130000,0,0,0,7000,137000,-130000,-130000
060742,臺指反國票9B購02,0,0,0,0,0,0,0,0,0,-130000,0,0,0,0,130000,-130000,-130000
061369,T50反1國泰9B購03,0,0,0,0,0,0,0,0,0,-130000,0,0,0,0,130000,-130000,-130000
063634,台光電元大9B購09,0,0,0,0,0,0,0,0,0,-130000,0,0,0,269000,399000,-130000,-130000
063573,茂林元大9B購06  ,0,0,0,0,0,0,0,0,0,-130000,0,0,0,310000,440000,-130000,-130000
063487,國巨國泰01購02  ,0,0,0,0,0,0,0,0,0,-130000,0,0,0,20000,150000,-130000,-130000
062844,T50反1國泰9C購01,0,0,0,0,0,0,0,0,0,-130000,0,0,0,0,130000,-130000,-130000
064589,聯鈞永豐9C購01  ,0,0,0,0,0,0,0,0,0,-130000,0,0,0,257000,387000,-130000,-130000
064230,上銀統一01購04  ,0,0,0,0,0,0,0,0,0,-130000,0,0,0,0,130000,-130000,-130000
08207P,金像電群益9B售05,0,0,0,0,0,0,0,0,0,-131000,0,0,0,99000,230000,-131000,-131000
08596P,聯發科國泰02售02,0,0,0,0,0,0,0,0,0,-131000,0,0,0,20000,151000,-131000,-131000
065943,台表科元富01購01,0,0,0,0,0,0,0,0,0,-131000,0,0,0,0,131000,-131000,-131000
053258,上証2X群益9A購03,0,0,0,0,0,0,0,0,0,-131000,0,0,0,1000,132000,-131000,-131000
058752,鈺齊凱基9A購01  ,0,0,0,0,0,0,0,0,0,-131000,0,0,0,73000,204000,-131000,-131000
2006,東和鋼鐵        ,199000,328000,-129000,0,0,0,0,2000,-2000,0,0,0,0,0,0,0,-131000
065737,南茂凱基9C購02  ,0,0,0,0,0,0,0,0,0,-132000,0,0,0,77000,209000,-132000,-132000
08478P,臺股指凱基9C售16,0,0,0,0,0,0,0,0,0,-132000,0,0,0,10000,142000,-132000,-132000
056095,臻鼎元富9A購01  ,0,0,0,0,0,0,0,0,0,-132000,0,0,0,176000,308000,-132000,-132000
063441,台達電統一9C購01,0,0,0,0,0,0,0,0,0,-132000,0,0,0,65000,197000,-132000,-132000
063356,台表科元富02購01,0,0,0,0,0,0,0,0,0,-132000,0,0,0,100000,232000,-132000,-132000
2207,和泰車          ,121781,251000,-129219,0,0,0,0,1000,-1000,-2000,1000,3000,-2000,0,0,0,-132219
053730,樺漢凱基98購01  ,0,0,0,0,0,0,0,0,0,-133000,0,0,0,27000,160000,-133000,-133000
060249,正文元大9C購01  ,0,0,0,0,0,0,0,0,0,-133000,0,0,0,10000,143000,-133000,-133000
061339,京元電元大9A購05,0,0,0,0,0,0,0,0,0,-133000,0,0,0,94000,227000,-133000,-133000
062093,台積電富邦9C購11,0,0,0,0,0,0,0,0,0,-133000,0,0,0,0,133000,-133000,-133000
061651,世紀鋼元大9C購02,0,0,0,0,0,0,0,0,0,-133000,0,0,0,1000,134000,-133000,-133000
08526P,義隆元大9C售04  ,0,0,0,0,0,0,0,0,0,-134000,0,0,0,20000,154000,-134000,-134000
1723,中碳            ,1000,135000,-134000,0,0,0,0,0,0,0,0,0,0,0,0,0,-134000
07428P,華新科國票9A售01,0,0,0,0,0,0,0,0,0,-134000,0,0,0,0,134000,-134000,-134000
07777P,創意元大9A售03  ,0,0,0,0,0,0,0,0,0,-134000,0,0,0,0,134000,-134000,-134000
07744P,奇力新凱基9A售05,0,0,0,0,0,0,0,0,0,-134000,0,0,0,0,134000,-134000,-134000
065678,聯發科統一01購07,0,0,0,0,0,0,0,0,0,-134000,0,0,0,21000,155000,-134000,-134000
065630,台積電國票9C購09,0,0,0,0,0,0,0,0,0,-134000,0,0,0,18000,152000,-134000,-134000
063086,祥碩凱基9C購01  ,0,0,0,0,0,0,0,0,0,-134000,0,0,0,129000,263000,-134000,-134000
062904,台光電元大9B購06,0,0,0,0,0,0,0,0,0,-134000,0,0,0,250000,384000,-134000,-134000
065188,玉晶光統一02購01,0,0,0,0,0,0,0,0,0,-135000,0,0,0,3000,138000,-135000,-135000
07708P,玉晶光元大9A售13,0,0,0,0,0,0,0,0,0,-135000,0,0,0,170000,305000,-135000,-135000
07653P,華新科群益9A售05,0,0,0,0,0,0,0,0,0,-135000,0,0,0,0,135000,-135000,-135000
07129P,華新科元大99售14,0,0,0,0,0,0,0,0,0,-135000,0,0,0,0,135000,-135000,-135000
058050,台郡元大99購05  ,0,0,0,0,0,0,0,0,0,-135000,0,0,0,368000,503000,-135000,-135000
060937,T50反1國票9A購10,0,0,0,0,0,0,0,0,0,-135000,0,0,0,0,135000,-135000,-135000
064893,金像電群益01購02,0,0,0,0,0,0,0,0,0,-136000,0,0,0,0,136000,-136000,-136000
065641,台積電元大9C購12,0,0,0,0,0,0,0,0,0,-136000,0,0,0,20000,156000,-136000,-136000
065879,瑞祺群益9C購02  ,0,0,0,0,0,0,0,0,0,-136000,0,0,0,0,136000,-136000,-136000
057136,立積凱基98購02  ,0,0,0,0,0,0,0,0,0,-136000,0,0,0,22000,158000,-136000,-136000
00631L,元大台灣50正2   ,534000,356000,178000,0,0,0,0,0,0,-314000,23000,12000,11000,1341000,1666000,-325000,-136000
060376,瑞祺元富9A購01  ,0,0,0,0,0,0,0,0,0,-136000,0,0,0,104000,240000,-136000,-136000
063201,廣達統一01購01  ,0,0,0,0,0,0,0,0,0,-136000,0,0,0,532000,668000,-136000,-136000
063579,GIS元大9C購01   ,0,0,0,0,0,0,0,0,0,-136000,0,0,0,15000,151000,-136000,-136000
064089,新日興凱基02購01,0,0,0,0,0,0,0,0,0,-136000,0,0,0,23000,159000,-136000,-136000
3704,合勤控          ,845000,1193000,-348000,0,0,0,0,0,0,212000,0,0,0,245000,33000,212000,-136000
065310,華擎國票01購01  ,0,0,0,0,0,0,0,0,0,-137000,0,0,0,38000,175000,-137000,-137000
08086P,燿華凱基9B售03  ,0,0,0,0,0,0,0,0,0,-137000,0,0,0,0,137000,-137000,-137000
08058P,華新科元大9B售10,0,0,0,0,0,0,0,0,0,-137000,0,0,0,0,137000,-137000,-137000
063500,嘉晶永豐9B購02  ,0,0,0,0,0,0,0,0,0,-137000,0,0,0,60000,197000,-137000,-137000
062748,祥碩永豐9B購02  ,0,0,0,0,0,0,0,0,0,-137000,0,0,0,33000,170000,-137000,-137000
062396,華通永豐9B購01  ,0,0,0,0,0,0,0,0,0,-137000,0,0,0,0,137000,-137000,-137000
3533,嘉澤            ,144000,260000,-116000,0,0,0,0,40000,-40000,18000,18000,18000,0,25000,7000,18000,-138000
08411P,技嘉凱基9C售01  ,0,0,0,0,0,0,0,0,0,-139000,0,0,0,66000,205000,-139000,-139000
057071,華擎永豐98購02  ,0,0,0,0,0,0,0,0,0,-139000,0,0,0,1000,140000,-139000,-139000
056459,茂林凱基99購01  ,0,0,0,0,0,0,0,0,0,-139000,0,0,0,135000,274000,-139000,-139000
064035,GIS元大9C購03   ,0,0,0,0,0,0,0,0,0,-139000,0,0,0,50000,189000,-139000,-139000
064266,聯茂永豐9C購01  ,0,0,0,0,0,0,0,0,0,-139000,0,0,0,144000,283000,-139000,-139000
064501,大立光元大01購02,0,0,0,0,0,0,0,0,0,-139000,0,0,0,12000,151000,-139000,-139000
08092P,仁寶元富9B售02  ,0,0,0,0,0,0,0,0,0,-140000,0,0,0,38000,178000,-140000,-140000
056219,T50反1日盛02購01,0,0,0,0,0,0,0,0,0,-140000,0,0,0,0,140000,-140000,-140000
060889,國泰金統一9C購01,0,0,0,0,0,0,0,0,0,-140000,0,0,0,0,140000,-140000,-140000
058889,元油2X元大9C購05,0,0,0,0,0,0,0,0,0,-140000,0,0,0,0,140000,-140000,-140000
061773,和潤元大9B購01  ,0,0,0,0,0,0,0,0,0,-140000,0,0,0,119000,259000,-140000,-140000
060955,大立光群益9A購02,0,0,0,0,0,0,0,0,0,-140000,0,0,0,100000,240000,-140000,-140000
058809,國巨統一9B購03  ,0,0,0,0,0,0,0,0,0,-140000,0,0,0,0,140000,-140000,-140000
2405,浩鑫            ,0,140000,-140000,0,0,0,0,0,0,0,0,0,0,0,0,0,-140000
07142P,台灣50元大01售01,0,0,0,0,0,0,0,0,0,-141000,0,0,0,0,141000,-141000,-141000
065400,華擎群益01購02  ,0,0,0,0,0,0,0,0,0,-141000,0,0,0,299000,440000,-141000,-141000
060387,盛群凱基9A購01  ,0,20000,-20000,0,0,0,0,0,0,-121000,0,0,0,145000,266000,-121000,-141000
059765,嘉聯益永豐99購02,0,0,0,0,0,0,0,0,0,-141000,0,0,0,41000,182000,-141000,-141000
064824,台積電統一02購03,0,0,0,0,0,0,0,0,0,-141000,0,0,0,59000,200000,-141000,-141000
064292,南茂元大01購01  ,0,0,0,0,0,0,0,0,0,-141000,0,0,0,199000,340000,-141000,-141000
6414,樺漢            ,208100,220758,-12658,0,0,0,15000,100000,-85000,-44000,74000,93000,-19000,5000,30000,-25000,-141658
058781,康友國票9A購01  ,0,0,0,0,0,0,0,0,0,-142000,0,0,0,170000,312000,-142000,-142000
059326,康友元大99購01  ,0,0,0,0,0,0,0,0,0,-142000,0,0,0,126000,268000,-142000,-142000
07312P,台灣50元大99售10,0,0,0,0,0,0,0,0,0,-143000,0,0,0,0,143000,-143000,-143000
08543P,世芯國票01售02  ,0,0,0,0,0,0,0,0,0,-143000,0,0,0,0,143000,-143000,-143000
08535P,和大國票01售02  ,0,0,0,0,0,0,0,0,0,-143000,0,0,0,0,143000,-143000,-143000
064081,國產中信06購01  ,0,0,0,0,0,0,0,0,0,-143000,0,0,0,393000,536000,-143000,-143000
063806,瀚宇博兆豐01購01,0,0,0,0,0,0,0,0,0,-143000,0,0,0,599000,742000,-143000,-143000
062491,矽創永豐9B購01  ,0,0,0,0,0,0,0,0,0,-143000,0,0,0,10000,153000,-143000,-143000
063274,鈺齊兆豐9B購01  ,0,0,0,0,0,0,0,0,0,-143000,0,0,0,150000,293000,-143000,-143000
063139,聯發科統一9B購07,0,0,0,0,0,0,0,0,0,-143000,0,0,0,15000,158000,-143000,-143000
3596,智易            ,145000,229000,-84000,0,0,0,0,0,0,-59000,0,1000,-1000,52000,110000,-58000,-143000
064982,新唐元大9C購01  ,0,0,0,0,0,0,0,0,0,-144000,0,0,0,556000,700000,-144000,-144000
058631,鈺齊國票9A購01  ,0,0,0,0,0,0,0,0,0,-144000,0,0,0,20000,164000,-144000,-144000
059743,開發金元富99購01,0,0,0,0,0,0,0,0,0,-144000,0,0,0,0,144000,-144000,-144000
064808,國產元大9C購02  ,0,0,0,0,0,0,0,0,0,-144000,0,0,0,478000,622000,-144000,-144000
065171,燿華元大9C購04  ,0,0,0,0,0,0,0,0,0,-145000,0,0,0,150000,295000,-145000,-145000
06765P,欣興元大98售11  ,0,0,0,0,0,0,0,0,0,-145000,0,0,0,56000,201000,-145000,-145000
059189,國泰金富邦9B購01,0,0,0,0,0,0,0,0,0,-145000,0,0,0,5000,150000,-145000,-145000
063737,大立光元大9C購07,0,0,0,0,0,0,0,0,0,-145000,0,0,0,190000,335000,-145000,-145000
2455,全新            ,248000,789000,-541000,0,0,0,279000,0,279000,117000,261000,47000,214000,54000,151000,-97000,-145000
065601,聯發科元大01購05,0,0,0,0,0,0,0,0,0,-146000,0,0,0,24000,170000,-146000,-146000
08463P,台灣50國泰02售02,0,0,0,0,0,0,0,0,0,-146000,0,0,0,66000,212000,-146000,-146000
061215,健策元大9A購06  ,0,0,0,0,0,0,0,0,0,-146000,0,0,0,78000,224000,-146000,-146000
064186,燿華永豐9C購01  ,0,0,0,0,0,0,0,0,0,-146000,0,0,0,36000,182000,-146000,-146000
08231P,上銀元富9B售10  ,0,0,0,0,0,0,0,0,0,-147000,0,0,0,9000,156000,-147000,-147000
065578,台郡群益9C購02  ,0,0,0,0,0,0,0,0,0,-147000,0,0,0,499000,646000,-147000,-147000
062045,崇越凱基9B購01  ,0,0,0,0,0,0,0,0,0,-147000,0,0,0,188000,335000,-147000,-147000
063460,智邦元大9B購08  ,0,0,0,0,0,0,0,0,0,-147000,0,0,0,201000,348000,-147000,-147000
065829,嘉晶凱基9C購05  ,0,0,0,0,0,0,0,0,0,-148000,0,0,0,0,148000,-148000,-148000
064993,嘉澤兆豐9C購01  ,0,0,0,0,0,0,0,0,0,-148000,0,0,0,93000,241000,-148000,-148000
064920,景碩統一01購02  ,0,0,0,0,0,0,0,0,0,-148000,0,0,0,26000,174000,-148000,-148000
07714P,世紀鋼元大9A售03,0,0,0,0,0,0,0,0,0,-148000,0,0,0,52000,200000,-148000,-148000
055576,嘉晶統一98購01  ,0,0,0,0,0,0,0,0,0,-148000,0,0,0,0,148000,-148000,-148000
061695,群創群益9A購01  ,0,0,0,0,0,0,0,0,0,-148000,0,0,0,12000,160000,-148000,-148000
059692,聯詠永豐99購01  ,0,2000,-2000,0,0,0,0,0,0,-146000,0,0,0,24000,170000,-146000,-148000
063396,金像電群益9C購01,0,0,0,0,0,0,0,0,0,-148000,0,0,0,0,148000,-148000,-148000
063610,儒鴻群益9B購02  ,0,0,0,0,0,0,0,0,0,-148000,0,0,0,2000,150000,-148000,-148000
063649,南六元大9C購02  ,0,0,0,0,0,0,0,0,0,-148000,0,0,0,29000,177000,-148000,-148000
2351,順德            ,12000,60000,-48000,0,0,0,0,100000,-100000,0,0,0,0,0,0,0,-148000
6108,競國            ,23000,171000,-148000,0,0,0,0,0,0,0,0,0,0,0,0,0,-148000
065030,亞光兆豐9C購01  ,0,0,0,0,0,0,0,0,0,-149000,0,0,0,11000,160000,-149000,-149000
062027,國泰金群益9B購01,0,0,0,0,0,0,0,0,0,-149000,0,0,0,0,149000,-149000,-149000
058972,新日興永豐9A購01,0,0,0,0,0,0,0,0,0,-149000,0,0,0,10000,159000,-149000,-149000
060229,楠梓電元大9C購01,0,0,0,0,0,0,0,0,0,-149000,0,0,0,31000,180000,-149000,-149000
061600,聯電凱基9B購01  ,0,0,0,0,0,0,0,0,0,-149000,0,0,0,80000,229000,-149000,-149000
065018,台達電富邦03購01,0,0,0,0,0,0,0,0,0,-150000,0,0,0,450000,600000,-150000,-150000
065093,新日興元大9C購03,30000,0,30000,0,0,0,0,0,0,-180000,0,0,0,182000,362000,-180000,-150000
065263,國泰金元大9C購02,0,0,0,0,0,0,0,0,0,-150000,0,0,0,10000,160000,-150000,-150000
06694P,臺股指凱基99售13,0,0,0,0,0,0,0,0,0,-150000,0,0,0,0,150000,-150000,-150000
06593P,欣興元大98售05  ,0,0,0,0,0,0,0,0,0,-150000,0,0,0,110000,260000,-150000,-150000
07259P,滬深2X國票01售01,0,0,0,0,0,0,0,0,0,-150000,0,0,0,0,150000,-150000,-150000
07080P,健策群益9A售01  ,0,0,0,0,0,0,0,0,0,-150000,0,0,0,0,150000,-150000,-150000
08449P,華新科群益9C售03,0,0,0,0,0,0,0,0,0,-150000,0,0,0,0,150000,-150000,-150000
057828,緯穎元大99購02  ,0,0,0,0,0,0,0,0,0,-150000,0,0,0,50000,200000,-150000,-150000
060164,合勤控永豐9A購01,0,0,0,0,0,0,0,0,0,-150000,0,0,0,0,150000,-150000,-150000
058634,可成兆豐99購03  ,0,0,0,0,0,0,0,0,0,-150000,0,0,0,1000,151000,-150000,-150000
064864,金像電永豐01購01,0,0,0,0,0,0,0,0,0,-150000,0,0,0,0,150000,-150000,-150000
064673,南茂元大9C購01  ,0,0,0,0,0,0,0,0,0,-150000,0,0,0,340000,490000,-150000,-150000
063034,致茂凱基9B購01  ,0,0,0,0,0,0,0,0,0,-150000,0,0,0,219000,369000,-150000,-150000
062400,晶豪科永豐9B購02,0,0,0,0,0,0,0,0,0,-150000,0,0,0,50000,200000,-150000,-150000
07162P,臺股指群益99售13,0,0,0,0,0,0,0,0,0,-151000,0,0,0,586000,737000,-151000,-151000
065345,台光電統一01購04,0,0,0,0,0,0,0,0,0,-151000,0,0,0,454000,605000,-151000,-151000
061876,明泰元大9B購01  ,0,0,0,0,0,0,0,0,0,-151000,0,0,0,0,151000,-151000,-151000
060723,致新永豐9A購01  ,0,0,0,0,0,0,0,0,0,-151000,0,0,0,21000,172000,-151000,-151000
064909,華擎麥證9C購01  ,0,0,0,265000,417000,-152000,0,0,0,-152000,0,0,0,265000,417000,-152000,-152000
06853P,華擎元富98售03  ,0,0,0,0,0,0,0,0,0,-152000,0,0,0,100000,252000,-152000,-152000
061007,聯詠兆豐9A購01  ,0,0,0,0,0,0,0,0,0,-152000,0,0,0,1000,153000,-152000,-152000
056124,華通國票98購02  ,0,0,0,0,0,0,0,0,0,-152000,0,0,0,42000,194000,-152000,-152000
058677,矽格群益99購01  ,0,0,0,0,0,0,0,0,0,-152000,0,0,0,159000,311000,-152000,-152000
063337,國巨統一02購02  ,0,0,0,0,0,0,0,0,0,-152000,0,0,0,0,152000,-152000,-152000
2014,中鴻            ,134000,286000,-152000,0,0,0,0,0,0,0,0,0,0,0,0,0,-152000
1301,台塑            ,1302521,1235400,67121,0,0,0,0,23000,-23000,-197000,28000,165000,-137000,0,60000,-60000,-152879
056292,統一元大97購01  ,0,0,0,0,0,0,0,0,0,-153000,0,0,0,16000,169000,-153000,-153000
063322,台郡群益9B購02  ,0,0,0,0,0,0,0,0,0,-153000,0,0,0,863000,1016000,-153000,-153000
08396P,鴻海元富9C售04  ,0,0,0,0,0,0,0,0,0,-154000,0,0,0,0,154000,-154000,-154000
08259P,華新科元大9C售04,0,0,0,0,0,0,0,0,0,-154000,0,0,0,0,154000,-154000,-154000
07500P,微星元大9A售01  ,0,0,0,0,0,0,0,0,0,-154000,0,0,0,200000,354000,-154000,-154000
065676,臻鼎凱基9C購04  ,0,0,0,0,0,0,0,0,0,-154000,0,0,0,30000,184000,-154000,-154000
062444,大立光元大9C購01,0,0,0,0,0,0,0,0,0,-154000,0,0,0,33000,187000,-154000,-154000
062751,華擎中信9C購01  ,0,0,0,0,0,0,0,0,0,-154000,0,0,0,45000,199000,-154000,-154000
3029,零壹            ,558000,636000,-78000,0,0,0,0,0,0,-76000,10000,86000,-76000,0,0,0,-154000
065609,嘉澤元大01購02  ,0,0,0,0,0,0,0,0,0,-155000,0,0,0,139000,294000,-155000,-155000
051266,國巨富邦99購01  ,0,0,0,0,0,0,0,0,0,-155000,0,0,0,0,155000,-155000,-155000
058429,欣興元富99購01  ,0,0,0,0,0,0,0,0,0,-155000,0,0,0,145000,300000,-155000,-155000
058287,國巨國票9A購02  ,0,0,0,0,0,0,0,0,0,-155000,0,0,0,0,155000,-155000,-155000
062734,臺指反國票9C購03,0,0,0,0,0,0,0,0,0,-155000,0,0,0,300000,455000,-155000,-155000
07504P,聯詠元大9A售02  ,0,0,0,0,0,0,0,0,0,-156000,0,0,0,0,156000,-156000,-156000
057231,美律凱基98購05  ,0,0,0,0,0,0,0,0,0,-156000,0,0,0,84000,240000,-156000,-156000
064519,聯詠群益9C購01  ,0,0,0,0,0,0,0,0,0,-156000,0,0,0,87000,243000,-156000,-156000
056644,宏達電凱基98購04,0,0,0,0,0,0,0,0,0,-157000,0,0,0,6000,163000,-157000,-157000
056554,GIS凱基99購01   ,0,0,0,0,0,0,0,0,0,-157000,0,0,0,125000,282000,-157000,-157000
060916,金像電國泰9C購01,0,0,0,0,0,0,0,0,0,-157000,0,0,0,171000,328000,-157000,-157000
062874,微星兆豐9B購01  ,0,0,0,0,0,0,0,0,0,-157000,0,0,0,95000,252000,-157000,-157000
062834,立積群益9B購02  ,0,0,0,0,0,0,0,0,0,-157000,0,0,0,17000,174000,-157000,-157000
08310P,南電凱基9C售01  ,0,0,0,0,0,0,0,0,0,-158000,0,0,0,0,158000,-158000,-158000
065803,大立光群益01購03,0,0,0,0,0,0,0,0,0,-158000,0,0,0,0,158000,-158000,-158000
059364,昇陽半永豐99購02,0,0,0,0,0,0,0,0,0,-158000,0,0,0,59000,217000,-158000,-158000
064488,台達電元大9C購01,0,0,0,0,0,0,0,0,0,-158000,0,0,0,62000,220000,-158000,-158000
08000P,奇鋐凱基9B售03  ,0,0,0,0,0,0,0,0,0,-159000,0,0,0,262000,421000,-159000,-159000
062195,聚陽中信9C購01  ,0,0,0,0,0,0,0,0,0,-159000,0,0,0,140000,299000,-159000,-159000
063172,廣達中信9C購01  ,0,0,0,0,0,0,0,0,0,-159000,0,0,0,203000,362000,-159000,-159000
07771P,義隆國票9A售01  ,0,0,0,0,0,0,0,0,0,-160000,0,0,0,130000,290000,-160000,-160000
065900,瑞祺國泰02購01  ,0,0,0,0,0,0,0,0,0,-160000,0,0,0,0,160000,-160000,-160000
061985,富邦金元大9B購01,0,0,0,0,0,0,0,0,0,-160000,0,0,0,5000,165000,-160000,-160000
058338,康友元富99購01  ,0,0,0,0,0,0,0,0,0,-160000,0,0,0,50000,210000,-160000,-160000
063357,聯發科國泰01購04,0,0,0,0,0,0,0,0,0,-160000,0,0,0,206000,366000,-160000,-160000
063633,金像電元大9B購05,0,0,0,0,0,0,0,0,0,-160000,0,0,0,10000,170000,-160000,-160000
062466,FBVIX凱基9B購01 ,0,0,0,0,0,0,0,0,0,-160000,0,0,0,61000,221000,-160000,-160000
9917,中保科          ,11000,170000,-159000,0,0,0,0,1000,-1000,0,0,0,0,0,0,0,-160000
056365,欣興元大98購01  ,0,0,0,0,0,0,0,0,0,-161000,0,0,0,15000,176000,-161000,-161000
063237,微星元大9B購02  ,0,30000,-30000,0,0,0,0,0,0,-131000,0,0,0,113000,244000,-131000,-161000
064560,技嘉群益01購01  ,0,0,0,0,0,0,0,0,0,-161000,0,0,0,18000,179000,-161000,-161000
064551,鈺齊凱基9C購02  ,0,0,0,0,0,0,0,0,0,-161000,0,0,0,15000,176000,-161000,-161000
2349,錸德            ,168000,329000,-161000,0,0,0,0,0,0,0,0,0,0,0,0,0,-161000
057284,新日興元大98購03,0,0,0,0,0,0,0,0,0,-162000,0,0,0,0,162000,-162000,-162000
064412,緯穎凱基01購01  ,0,0,0,0,0,0,0,0,0,-162000,0,0,0,44000,206000,-162000,-162000
063433,臻鼎元富9B購01  ,0,0,0,0,0,0,0,0,0,-162000,0,0,0,113000,275000,-162000,-162000
062803,嘉晶統一9B購02  ,0,0,0,0,0,0,0,0,0,-162000,0,0,0,288000,450000,-162000,-162000
065807,智伸科群益01購01,0,0,0,0,0,0,0,0,0,-163000,0,0,0,60000,223000,-163000,-163000
064972,台積電元大9C購11,0,0,0,0,0,0,0,0,0,-163000,0,0,0,10000,173000,-163000,-163000
07834P,聯詠群益9A售03  ,0,0,0,0,0,0,0,0,0,-163000,0,0,0,0,163000,-163000,-163000
057555,玉晶光凱基9A購02,0,0,0,0,0,0,0,0,0,-163000,0,0,0,222000,385000,-163000,-163000
061376,瑞昱永豐9A購02  ,0,0,0,0,0,0,0,0,0,-163000,0,0,0,162000,325000,-163000,-163000
063388,台光電兆豐9C購01,0,0,0,0,0,0,0,0,0,-163000,0,0,0,213000,376000,-163000,-163000
064453,微星統一02購01  ,0,0,0,0,0,0,0,0,0,-163000,0,0,0,10000,173000,-163000,-163000
063870,健策永豐01購01  ,0,0,0,0,0,0,0,0,0,-163000,0,0,0,17000,180000,-163000,-163000
2375,凱美            ,106000,251000,-145000,0,0,0,0,0,0,-18000,0,1000,-1000,0,17000,-17000,-163000
07920P,大立光中信01售01,0,0,0,0,0,0,0,0,0,-164000,0,0,0,0,164000,-164000,-164000
08300P,世芯國票01售01  ,0,0,0,0,0,0,0,0,0,-164000,0,0,0,0,164000,-164000,-164000
065912,瑞祺永豐9C購02  ,0,0,0,0,0,0,0,0,0,-164000,0,0,0,20000,184000,-164000,-164000
03433B,臺股指元大9C熊01,0,0,0,0,0,0,0,0,0,-164000,0,0,0,10000,174000,-164000,-164000
06269P,群創凱基98售10  ,0,0,0,0,0,0,0,0,0,-164000,0,0,0,0,164000,-164000,-164000
2363,矽統            ,1774000,1938912,-164912,0,0,0,0,0,0,0,0,0,0,0,0,0,-164912
057391,樺漢永豐98購01  ,0,0,0,0,0,0,0,0,0,-165000,0,0,0,55000,220000,-165000,-165000
057570,技嘉永豐98購02  ,0,0,0,0,0,0,0,0,0,-165000,0,0,0,106000,271000,-165000,-165000
058952,南茂群益99購01  ,0,0,0,0,0,0,0,0,0,-165000,0,0,0,68000,233000,-165000,-165000
060134,鈺齊群益9A購01  ,0,0,0,0,0,0,0,0,0,-165000,0,0,0,53000,218000,-165000,-165000
059656,T50反1元大99購11,0,0,0,0,0,0,0,0,0,-165000,0,0,0,0,165000,-165000,-165000
062649,緯穎富邦9B購03  ,0,0,0,0,0,0,0,0,0,-165000,0,0,0,10000,175000,-165000,-165000
062955,立積永豐9B購02  ,0,0,0,0,0,0,0,0,0,-165000,0,0,0,275000,440000,-165000,-165000
060876,國巨中信9A購04  ,0,0,0,0,0,0,0,0,0,-166000,0,0,0,0,166000,-166000,-166000
063440,上銀統一01購02  ,0,0,0,0,0,0,0,0,0,-166000,0,0,0,0,166000,-166000,-166000
063281,京元電元大9B購01,0,0,0,0,0,0,0,0,0,-166000,0,0,0,109000,275000,-166000,-166000
064500,國泰金元大9C購01,0,0,0,0,0,0,0,0,0,-166000,0,0,0,2000,168000,-166000,-166000
064518,華新科群益02購01,0,0,0,0,0,0,0,0,0,-166000,0,0,0,24000,190000,-166000,-166000
066044,京元電元大01購01,0,0,0,0,0,0,0,0,0,-167000,0,0,0,0,167000,-167000,-167000
057240,茂林凱基9A購01  ,0,0,0,0,0,0,0,0,0,-167000,0,0,0,30000,197000,-167000,-167000
06425P,TPK永豐97售02   ,0,0,0,0,0,0,0,0,0,-167000,0,0,0,0,167000,-167000,-167000
059856,昇陽半永豐99購03,0,0,0,0,0,0,0,0,0,-168000,0,0,0,63000,231000,-168000,-168000
058512,宏達電元大99購04,0,0,0,0,0,0,0,0,0,-168000,0,0,0,3000,171000,-168000,-168000
064776,金像電群益01購01,0,0,0,0,0,0,0,0,0,-168000,0,0,0,121000,289000,-168000,-168000
2105,正新            ,463767,626000,-162233,0,0,0,0,7000,-7000,1000,5000,4000,1000,0,0,0,-168233
065906,瑞昱永豐9C購01  ,0,0,0,0,0,0,0,0,0,-169000,0,0,0,15000,184000,-169000,-169000
065286,瑞昱群益9C購03  ,0,0,0,0,0,0,0,0,0,-169000,0,0,0,5000,174000,-169000,-169000
055810,T50反1國票99購01,0,0,0,0,0,0,0,0,0,-169000,0,0,0,200000,369000,-169000,-169000
060240,富邦金元大9A購01,0,0,0,0,0,0,0,0,0,-169000,0,0,0,4000,173000,-169000,-169000
064958,GIS凱基02購03   ,0,0,0,0,0,0,0,0,0,-170000,0,0,0,20000,190000,-170000,-170000
065623,瑞昱中信04購01  ,0,0,0,0,0,0,0,0,0,-170000,0,0,0,83000,253000,-170000,-170000
08160P,茂林元富9B售03  ,0,0,0,0,0,0,0,0,0,-170000,0,0,0,60000,230000,-170000,-170000
08384P,臺股指群益9C售12,0,0,0,0,0,0,0,0,0,-170000,0,0,0,0,170000,-170000,-170000
056718,GIS永豐98購01   ,0,0,0,0,0,0,0,0,0,-170000,0,0,0,0,170000,-170000,-170000
063438,聚陽統一9C購01  ,0,0,0,0,0,0,0,0,0,-170000,0,0,0,15000,185000,-170000,-170000
6552,易華電          ,171000,329000,-158000,0,0,0,0,0,0,-12000,10000,0,10000,2000,24000,-22000,-170000
07976P,聯發科群益9C售02,0,0,0,0,0,0,0,0,0,-171000,0,0,0,29000,200000,-171000,-171000
07840P,康控元大9A售02  ,0,0,0,0,0,0,0,0,0,-171000,0,0,0,106000,277000,-171000,-171000
065412,金像電永豐9C購01,0,0,0,0,0,0,0,0,0,-171000,0,0,0,47000,218000,-171000,-171000
057057,立積元大9A購01  ,0,0,0,0,0,0,0,0,0,-171000,0,0,0,28000,199000,-171000,-171000
06478P,臺股指日盛9A售01,0,0,0,0,0,0,0,0,0,-171000,0,0,0,0,171000,-171000,-171000
4155,訊映            ,6000,177000,-171000,0,0,0,0,0,0,0,0,0,0,0,0,0,-171000
056353,鴻海元大99購02  ,0,0,0,0,0,0,0,0,0,-172000,0,0,0,142000,314000,-172000,-172000
060960,金像電凱基9B購01,0,0,0,0,0,0,0,0,0,-172000,0,0,0,5000,177000,-172000,-172000
063445,金像電統一9B購01,0,0,0,0,0,0,0,0,0,-172000,0,0,0,240000,412000,-172000,-172000
063597,健策中信9B購02  ,0,0,0,0,0,0,0,0,0,-172000,0,0,0,3000,175000,-172000,-172000
4916,事欣科          ,2000,174000,-172000,0,0,0,0,0,0,0,0,0,0,0,0,0,-172000
2365,昆盈            ,42000,211000,-169000,0,0,0,0,0,0,-3000,0,3000,-3000,0,0,0,-172000
08470P,世芯凱基9C售02  ,0,0,0,0,0,0,0,0,0,-173000,0,0,0,430000,603000,-173000,-173000
061865,力山元大9B購01  ,0,0,0,0,0,0,0,0,0,-173000,0,0,0,75000,248000,-173000,-173000
063206,貿聯統一9C購02  ,0,0,0,0,0,0,0,0,0,-173000,0,0,0,155000,328000,-173000,-173000
07917P,可成永豐9B售01  ,0,0,0,0,0,0,0,0,0,-174000,0,0,0,0,174000,-174000,-174000
065621,聯發科第一9C購01,0,0,0,0,0,0,0,0,0,-174000,0,0,0,99000,273000,-174000,-174000
062398,建準永豐9B購01  ,0,0,0,0,0,0,0,0,0,-174000,0,0,0,280000,454000,-174000,-174000
064659,台達電元大9C購02,0,0,0,0,0,0,0,0,0,-174000,0,0,0,265000,439000,-174000,-174000
064706,嘉晶富邦01購01  ,0,0,0,0,0,0,0,0,0,-174000,0,0,0,0,174000,-174000,-174000
063958,瑞祺元大9C購01  ,0,0,0,0,0,0,0,0,0,-175000,0,0,0,441000,616000,-175000,-175000
063801,GIS凱基01購01   ,0,0,0,0,0,0,0,0,0,-175000,0,0,0,85000,260000,-175000,-175000
063185,聯發科凱基9C購03,0,0,0,0,0,0,0,0,0,-175000,0,0,0,407000,582000,-175000,-175000
055782,新日興凱基99購01,0,0,0,0,0,0,0,0,0,-176000,0,0,0,0,176000,-176000,-176000
060392,華擎群益9C購02  ,0,0,0,0,0,0,0,0,0,-176000,0,0,0,2000,178000,-176000,-176000
062415,聯茂中信9C購01  ,0,0,0,0,0,0,0,0,0,-176000,0,0,0,0,176000,-176000,-176000
063866,聯發科永豐9C購01,0,0,0,0,0,0,0,0,0,-176000,0,0,0,0,176000,-176000,-176000
5203,訊連            ,14000,128000,-114000,0,0,0,0,60000,-60000,-2000,0,1000,-1000,0,1000,-1000,-176000
08223P,臺股指凱基9B售18,0,0,0,0,0,0,0,0,0,-177000,0,0,0,50000,227000,-177000,-177000
054418,茂林元大97購01  ,0,0,0,0,0,0,0,0,0,-177000,0,0,0,0,177000,-177000,-177000
060157,致茂永豐9A購02  ,0,0,0,0,0,0,0,0,0,-177000,0,0,0,966000,1143000,-177000,-177000
058488,華擎國票9A購01  ,0,0,0,0,0,0,0,0,0,-177000,0,0,0,90000,267000,-177000,-177000
064774,聚陽群益9C購04  ,0,0,0,0,0,0,0,0,0,-177000,0,0,0,72000,249000,-177000,-177000
063394,金像電群益9B購01,0,0,0,0,0,0,0,0,0,-177000,0,0,0,10000,187000,-177000,-177000
052958,T50反1凱基99購02,0,0,0,0,0,0,0,0,0,-178000,0,0,0,0,178000,-178000,-178000
060988,華新科元大9A購12,0,0,0,0,0,0,0,0,0,-178000,0,0,0,12000,190000,-178000,-178000
06328P,台積電中信01售02,0,0,0,0,0,0,0,0,0,-178000,0,0,0,0,178000,-178000,-178000
057163,上銀元大98購04  ,0,0,0,0,0,0,0,0,0,-179000,0,0,0,1000,180000,-179000,-179000
059855,緯穎永豐99購04  ,0,0,0,0,0,0,0,0,0,-179000,0,0,0,1000,180000,-179000,-179000
064345,創意元大9C購03  ,0,0,0,0,0,0,0,0,0,-179000,0,0,0,63000,242000,-179000,-179000
4722,國精化          ,0,179000,-179000,0,0,0,0,0,0,0,0,0,0,0,0,0,-179000
3705,永信            ,47000,222000,-175000,0,0,0,0,0,0,-4000,0,4000,-4000,0,0,0,-179000
056983,大立光群益99購02,0,0,0,0,0,0,0,0,0,-180000,0,0,0,75000,255000,-180000,-180000
061924,聯發科凱基9C購01,0,0,0,0,0,0,0,0,0,-180000,0,0,0,10000,190000,-180000,-180000
064879,健策兆豐01購01  ,0,0,0,0,0,0,0,0,0,-180000,0,0,0,0,180000,-180000,-180000
063899,同欣電群益9C購01,0,0,0,0,0,0,0,0,0,-180000,0,0,0,19000,199000,-180000,-180000
062821,華擎兆豐9C購01  ,0,0,0,0,0,0,0,0,0,-180000,0,0,0,30000,210000,-180000,-180000
058047,可成元大98購11  ,0,0,0,0,0,0,0,0,0,-181000,0,0,0,79000,260000,-181000,-181000
061922,瑞昱凱基9B購01  ,0,0,0,0,0,0,0,0,0,-181000,0,0,0,143000,324000,-181000,-181000
062972,京元電元富9B購01,0,0,0,0,0,0,0,0,0,-181000,0,0,0,90000,271000,-181000,-181000
063663,台光電統一9C購01,0,0,0,0,0,0,0,0,0,-181000,0,0,0,169000,350000,-181000,-181000
064692,嘉晶群益9C購03  ,0,0,0,0,0,0,0,0,0,-181000,0,0,0,0,181000,-181000,-181000
07875P,祥碩群益9B售01  ,0,0,0,0,0,0,0,0,0,-182000,0,0,0,45000,227000,-182000,-182000
065908,聯發科永豐9C購04,0,0,0,0,0,0,0,0,0,-182000,0,0,0,10000,192000,-182000,-182000
065975,緯創元大02購01  ,0,0,0,0,0,0,0,0,0,-182000,0,0,0,115000,297000,-182000,-182000
057260,微星兆豐98購01  ,0,0,0,0,0,0,0,0,0,-182000,0,0,0,54000,236000,-182000,-182000
059920,宏達電元大99購07,0,0,0,0,0,0,0,0,0,-182000,0,0,0,55000,237000,-182000,-182000
064796,緯穎國票01購01  ,0,0,0,0,0,0,0,0,0,-182000,0,0,0,4000,186000,-182000,-182000
063083,聯發科凱基01購02,0,0,0,0,0,0,0,0,0,-182000,0,0,0,10000,192000,-182000,-182000
063499,金像電永豐9B購03,0,0,0,0,0,0,0,0,0,-182000,0,0,0,0,182000,-182000,-182000
1905,華紙            ,26000,208000,-182000,0,0,0,0,0,0,0,0,0,0,0,0,0,-182000
065682,健策統一9C購07  ,0,0,0,0,0,0,0,0,0,-183000,0,0,0,207000,390000,-183000,-183000
065743,宏達電麥證9C購02,0,0,0,45000,236000,-191000,0,0,0,-183000,0,0,0,53000,236000,-183000,-183000
06962P,華新科永豐99售01,0,0,0,0,0,0,0,0,0,-183000,0,0,0,41000,224000,-183000,-183000
064469,臻鼎元富9C購01  ,0,0,0,0,0,0,0,0,0,-183000,0,0,0,93000,276000,-183000,-183000
2480,敦陽科          ,35000,218000,-183000,0,0,0,0,0,0,0,0,0,0,0,0,0,-183000
057009,信邦中信99購01  ,0,0,0,0,0,0,0,0,0,-184000,0,0,0,104000,288000,-184000,-184000
03448B,臺股指元大9C熊11,0,0,0,0,0,0,0,0,0,-184000,0,0,0,15000,199000,-184000,-184000
045842,T50反1台新98購01,0,0,0,0,0,0,0,0,0,-184000,0,0,0,0,184000,-184000,-184000
058437,可成統一9B購01  ,0,0,0,0,0,0,0,0,0,-184000,0,0,0,38000,222000,-184000,-184000
058222,玉晶光統一9B購01,0,0,0,0,0,0,0,0,0,-184000,0,0,0,46000,230000,-184000,-184000
065814,健策統一9C購08  ,0,0,0,0,0,0,0,0,0,-185000,0,0,0,0,185000,-185000,-185000
053323,群創群益98購07  ,0,0,0,0,0,0,0,0,0,-185000,0,0,0,55000,240000,-185000,-185000
056774,和鑫元大98購01  ,0,0,0,0,0,0,0,0,0,-185000,0,0,0,0,185000,-185000,-185000
064480,聚陽永豐9C購01  ,0,0,0,0,0,0,0,0,0,-185000,0,0,0,4000,189000,-185000,-185000
06437P,玉晶光國票99售01,0,0,0,0,0,0,0,0,0,-185000,0,0,0,40000,225000,-185000,-185000
1773,勝一            ,134000,335000,-201000,0,0,0,0,0,0,16000,12000,4000,8000,8000,0,8000,-185000
065537,健鼎統一02購05  ,0,0,0,0,0,0,0,0,0,-186000,0,0,0,72000,258000,-186000,-186000
065210,健策國票01購03  ,0,0,0,0,0,0,0,0,0,-186000,0,0,0,84000,270000,-186000,-186000
1455,集盛            ,13000,199000,-186000,0,0,0,0,0,0,0,0,0,0,0,0,0,-186000
00738U,元大道瓊白銀    ,20000,20000,0,0,0,0,0,0,0,-186000,0,0,0,111000,297000,-186000,-186000
058699,楠梓電元大99購02,0,0,0,0,0,0,0,0,0,-186000,0,0,0,42000,228000,-186000,-186000
063186,聯發科凱基9C購04,0,0,0,0,0,0,0,0,0,-186000,0,0,0,31000,217000,-186000,-186000
053919,可成國票97購02  ,0,0,0,0,0,0,0,0,0,-187000,0,0,0,36000,223000,-187000,-187000
057195,南茂元大98購01  ,0,0,0,0,0,0,0,0,0,-187000,0,0,0,252000,439000,-187000,-187000
063956,神達元大9C購01  ,0,0,0,0,0,0,0,0,0,-187000,0,0,0,188000,375000,-187000,-187000
2637,慧洋-KY         ,338000,513000,-175000,0,0,0,0,2000,-2000,-10000,0,10000,-10000,0,0,0,-187000
054671,國巨國泰98購01  ,0,0,0,0,0,0,0,0,0,-188000,0,0,0,0,188000,-188000,-188000
058103,台積電永豐98購06,0,0,0,0,0,0,0,0,0,-188000,0,0,0,44000,232000,-188000,-188000
065321,瑞昱凱基9C購01  ,0,0,0,0,0,0,0,0,0,-189000,0,0,0,238000,427000,-189000,-189000
057416,T50反1凱基9C購01,0,0,0,0,0,0,0,0,0,-189000,0,0,0,0,189000,-189000,-189000
2489,瑞軒            ,98000,271000,-173000,0,0,0,0,0,0,-16000,0,16000,-16000,0,0,0,-189000
08530P,鴻海統一9C售19  ,0,0,0,0,0,0,0,0,0,-190000,0,0,0,0,190000,-190000,-190000
058851,大立光群益99購07,0,0,0,0,0,0,0,0,0,-190000,0,0,0,84000,274000,-190000,-190000
058366,元大金凱基99購01,0,0,0,0,0,0,0,0,0,-190000,0,0,0,50000,240000,-190000,-190000
064289,台郡元大9C購01  ,0,0,0,0,0,0,0,0,0,-190000,0,0,0,192000,382000,-190000,-190000
2634,漢翔            ,72000,244000,-172000,0,0,0,0,1000,-1000,-17000,0,0,0,10000,27000,-17000,-190000
3563,牧德            ,52000,78000,-26000,0,0,0,0,168000,-168000,4000,0,2000,-2000,10000,4000,6000,-190000
057579,長榮航中信9A購01,0,0,0,0,0,0,0,0,0,-191000,0,0,0,20000,211000,-191000,-191000
05995P,T50正2中信9C售01,0,1000,-1000,0,0,0,0,0,0,-190000,0,0,0,136000,326000,-190000,-191000
063736,大立光元大9B購08,0,0,0,0,0,0,0,0,0,-191000,0,0,0,0,191000,-191000,-191000
063568,高鐵元大9B購01  ,0,0,0,0,0,0,0,0,0,-191000,0,0,0,230000,421000,-191000,-191000
2347,聯強            ,781814,596000,185814,0,0,0,0,0,0,-377000,4000,126000,-122000,0,255000,-255000,-191186
053875,GIS元大97購01   ,0,0,0,0,0,0,0,0,0,-192000,0,0,0,0,192000,-192000,-192000
063145,台表科統一02購01,0,0,0,0,0,0,0,0,0,-192000,0,0,0,35000,227000,-192000,-192000
08315P,台積電元大9C售08,0,0,0,0,0,0,0,0,0,-193000,0,0,0,42000,235000,-193000,-193000
07944P,華新科元大9B售08,0,0,0,0,0,0,0,0,0,-193000,0,0,0,0,193000,-193000,-193000
063478,GIS元大9B購03   ,0,0,0,0,0,0,0,0,0,-193000,0,0,0,125000,318000,-193000,-193000
063471,泰鼎元大9C購01  ,0,0,0,0,0,0,0,0,0,-193000,0,0,0,456000,649000,-193000,-193000
2905,三商            ,39000,210000,-171000,0,0,0,0,0,0,-22000,0,22000,-22000,0,0,0,-193000
08316P,祥碩元大9C售04  ,0,0,0,0,0,0,0,0,0,-195000,0,0,0,101000,296000,-195000,-195000
08297P,寶成元大9C售01  ,0,0,0,0,0,0,0,0,0,-195000,0,0,0,0,195000,-195000,-195000
065350,華擎統一01購04  ,0,0,0,0,0,0,0,0,0,-195000,0,0,0,10000,205000,-195000,-195000
065378,嘉澤元大01購01  ,0,0,0,0,0,0,0,0,0,-195000,0,0,0,112000,307000,-195000,-195000
061996,矽格元大9B購01  ,0,0,0,0,0,0,0,0,0,-195000,0,0,0,362000,557000,-195000,-195000
061455,京元電凱基9B購01,0,0,0,0,0,0,0,0,0,-195000,0,0,0,101000,296000,-195000,-195000
062654,技嘉永豐9B購01  ,0,0,0,0,0,0,0,0,0,-195000,0,0,0,43000,238000,-195000,-195000
064172,義隆元富9C購01  ,0,0,0,0,0,0,0,0,0,-195000,0,0,0,140000,335000,-195000,-195000
064648,臻鼎凱基9C購02  ,0,0,0,0,0,0,0,0,0,-195000,0,0,0,80000,275000,-195000,-195000
9910,豐泰            ,161441,349000,-187559,0,0,0,0,2000,-2000,-6000,0,0,0,0,6000,-6000,-195559
07965P,玉晶光群益01售02,0,0,0,0,0,0,0,0,0,-196000,0,0,0,30000,226000,-196000,-196000
062819,奇鋐兆豐9B購01  ,0,0,0,0,0,0,0,0,0,-196000,0,0,0,144000,340000,-196000,-196000
05631P,國巨富邦9A售01  ,0,0,0,0,0,0,0,0,0,-197000,0,0,0,50000,247000,-197000,-197000
060738,矽格統一9C購01  ,0,0,0,0,0,0,0,0,0,-197000,0,0,0,49000,246000,-197000,-197000
064525,臺股指群益9C購10,0,0,0,0,0,0,0,0,0,-197000,0,0,0,0,197000,-197000,-197000
2388,威盛            ,869000,1016000,-147000,0,0,0,0,0,0,-50000,0,50000,-50000,0,0,0,-197000
055912,宏達電凱基98購03,0,0,0,0,0,0,0,0,0,-198000,0,0,0,0,198000,-198000,-198000
060369,滬深2X元富01購01,0,0,0,0,0,0,0,0,0,-198000,0,0,0,0,198000,-198000,-198000
058801,致伸元大99購01  ,0,0,0,0,0,0,0,0,0,-198000,0,0,0,0,198000,-198000,-198000
064371,矽格統一9C購02  ,0,0,0,0,0,0,0,0,0,-198000,0,0,0,262000,460000,-198000,-198000
064868,嘉晶永豐9C購02  ,0,0,0,0,0,0,0,0,0,-198000,0,0,0,0,198000,-198000,-198000
063241,聯發科元大9B購18,0,0,0,0,0,0,0,0,0,-198000,0,0,0,48000,246000,-198000,-198000
08094P,華新科元富9B售05,0,0,0,0,0,0,0,0,0,-199000,0,0,0,40000,239000,-199000,-199000
065159,臻鼎群益9C購02  ,0,0,0,0,0,0,0,0,0,-199000,0,0,0,0,199000,-199000,-199000
065150,上銀群益9C購03  ,0,0,0,0,0,0,0,0,0,-199000,0,0,0,0,199000,-199000,-199000
065886,中磊元富9C購01  ,0,0,0,0,0,0,0,0,0,-199000,0,0,0,89000,288000,-199000,-199000
06763P,技嘉元大98售05  ,0,0,0,0,0,0,0,0,0,-199000,0,0,0,23000,222000,-199000,-199000
056187,京鼎統一97購01  ,0,0,0,0,0,0,0,0,0,-199000,0,0,0,0,199000,-199000,-199000
065986,金像電永豐01購03,0,0,0,0,0,0,0,0,0,-200000,0,0,0,0,200000,-200000,-200000
07794P,智邦國票9A售03  ,0,0,0,0,0,0,0,0,0,-200000,0,0,0,0,200000,-200000,-200000
08517P,奇力新群益9C售03,0,0,0,0,0,0,0,0,0,-200000,0,0,0,0,200000,-200000,-200000
057746,同欣電永豐98購02,0,0,0,0,0,0,0,0,0,-200000,0,0,0,0,200000,-200000,-200000
055963,欣興元大97購04  ,0,0,0,0,0,0,0,0,0,-200000,0,0,0,440000,640000,-200000,-200000
057023,美律凱基99購02  ,0,0,0,0,0,0,0,0,0,-200000,0,0,0,10000,210000,-200000,-200000
05878P,創意群益98售01  ,0,0,0,0,0,0,0,0,0,-200000,0,0,0,0,200000,-200000,-200000
060379,T50反1凱基9A購07,0,0,0,0,0,0,0,0,0,-200000,0,0,0,0,200000,-200000,-200000
061798,晶豪科永豐9B購01,0,0,0,0,0,0,0,0,0,-200000,0,0,0,100000,300000,-200000,-200000
060804,T50反1群益9A購02,0,0,0,0,0,0,0,0,0,-200000,0,0,0,0,200000,-200000,-200000
063245,富邦金元大9B購03,0,0,0,0,0,0,0,0,0,-200000,0,0,0,8000,208000,-200000,-200000
062359,旺宏元大9C購02  ,0,0,0,0,0,0,0,0,0,-200000,0,0,0,0,200000,-200000,-200000
064817,鈺齊元大9C購02  ,0,0,0,0,0,0,0,0,0,-200000,0,0,0,0,200000,-200000,-200000
064770,開發金中信01購01,0,0,0,0,0,0,0,0,0,-200000,0,0,0,0,200000,-200000,-200000
063989,大立光永豐9C購01,0,0,0,0,0,0,0,0,0,-200000,0,0,0,10000,210000,-200000,-200000
08121P,聯發科國票9B售05,0,0,0,0,0,0,0,0,0,-201000,0,0,0,20000,221000,-201000,-201000
06687P,A50正2中信9A售01,0,0,0,0,0,0,0,0,0,-201000,0,0,0,0,201000,-201000,-201000
065686,同欣電統一03購01,0,0,0,0,0,0,0,0,0,-201000,0,0,0,0,201000,-201000,-201000
054509,上証反元大99購01,0,0,0,0,0,0,0,0,0,-201000,0,0,0,0,201000,-201000,-201000
00650L,FH香港正2       ,46000,51000,-5000,0,0,0,0,0,0,-196000,0,0,0,648000,844000,-196000,-201000
062729,神達凱基9B購02  ,0,0,0,0,0,0,0,0,0,-201000,0,0,0,198000,399000,-201000,-201000
063467,大立光元大9C購06,0,0,0,0,0,0,0,0,0,-201000,0,0,0,1000,202000,-201000,-201000
07614P,華新科群益9A售04,0,0,0,0,0,0,0,0,0,-202000,0,0,0,0,202000,-202000,-202000
08422P,玉晶光群益02售03,0,0,0,0,0,0,0,0,0,-202000,0,0,0,110000,312000,-202000,-202000
059425,SGBR2X元大9A購02,0,0,0,0,0,0,0,0,0,-202000,0,0,0,79000,281000,-202000,-202000
064134,瑞祺元大9C購02  ,0,0,0,0,0,0,0,0,0,-202000,0,0,0,328000,530000,-202000,-202000
065562,同欣電麥證9C購04,0,0,0,283000,486000,-203000,0,0,0,-203000,0,0,0,283000,486000,-203000,-203000
065624,聯詠中信9C購01  ,0,0,0,0,0,0,0,0,0,-203000,0,0,0,22000,225000,-203000,-203000
057798,貿聯兆豐99購01  ,0,0,0,0,0,0,0,0,0,-203000,0,0,0,176000,379000,-203000,-203000
058147,鈺齊元大99購01  ,0,0,0,0,0,0,0,0,0,-203000,0,0,0,84000,287000,-203000,-203000
060153,A50正2永豐9A購01,0,0,0,0,0,0,0,0,0,-203000,0,0,0,0,203000,-203000,-203000
063921,大立光元富9C購03,0,0,0,0,0,0,0,0,0,-203000,0,0,0,30000,233000,-203000,-203000
03658C,T50反1元大9A牛02,0,0,0,0,0,0,0,0,0,-204000,0,0,0,0,204000,-204000,-204000
059980,台積電元大99購50,0,0,0,0,0,0,0,0,0,-204000,0,0,0,5000,209000,-204000,-204000
062063,世紀鋼統一9C購01,0,0,0,0,0,0,0,0,0,-204000,0,0,0,0,204000,-204000,-204000
07484P,台灣50凱基04售02,0,0,0,0,0,0,0,0,0,-205000,0,0,0,0,205000,-205000,-205000
057265,聯詠兆豐98購01  ,0,0,0,0,0,0,0,0,0,-205000,0,0,0,32000,237000,-205000,-205000
062100,矽格永豐9B購01  ,0,0,0,0,0,0,0,0,0,-205000,0,0,0,90000,295000,-205000,-205000
062011,上銀富邦9C購01  ,0,0,0,0,0,0,0,0,0,-205000,0,0,0,0,205000,-205000,-205000
1736,喬山            ,123000,316000,-193000,0,0,0,0,0,0,-13000,0,0,0,0,13000,-13000,-206000
065613,GIS元大9C購08   ,0,0,0,0,0,0,0,0,0,-206000,0,0,0,51000,257000,-206000,-206000
057450,國泰金元富98購01,0,0,0,0,0,0,0,0,0,-206000,0,0,0,28000,234000,-206000,-206000
4106,雃博            ,219000,425000,-206000,0,0,0,0,0,0,0,0,0,0,0,0,0,-206000
064999,T50反1國票9C購03,0,0,0,0,0,0,0,0,0,-207000,0,0,0,475000,682000,-207000,-207000
061084,京元電兆豐9A購02,0,0,0,0,0,0,0,0,0,-207000,0,0,0,90000,297000,-207000,-207000
065859,GIS元大9C購10   ,0,0,0,0,0,0,0,0,0,-208000,0,0,0,53000,261000,-208000,-208000
1227,佳格            ,107000,313000,-206000,0,0,0,0,1000,-1000,-1000,0,1000,-1000,0,0,0,-208000
054318,台虹凱基98購01  ,0,0,0,0,0,0,0,0,0,-208000,0,0,0,238000,446000,-208000,-208000
05894P,友達群益98售02  ,0,0,0,0,0,0,0,0,0,-208000,0,0,0,5000,213000,-208000,-208000
064788,台汽電群益9C購01,0,0,0,0,0,0,0,0,0,-208000,0,0,0,0,208000,-208000,-208000
08178P,南亞科元大9B售01,0,0,0,0,0,0,0,0,0,-209000,0,0,0,52000,261000,-209000,-209000
056392,玉晶光富邦9C購01,0,10000,-10000,0,0,0,0,0,0,-199000,0,0,0,36000,235000,-199000,-209000
064356,矽創元大01購01  ,0,0,0,0,0,0,0,0,0,-209000,0,0,0,56000,265000,-209000,-209000
063701,燿華群益9B購02  ,0,0,0,0,0,0,0,0,0,-209000,0,0,0,57000,266000,-209000,-209000
063626,聚陽元大9B購03  ,0,0,0,0,0,0,0,0,0,-209000,0,0,0,341000,550000,-209000,-209000
062722,京元電凱基9B購02,0,0,0,0,0,0,0,0,0,-209000,0,0,0,135000,344000,-209000,-209000
07861P,台灣50中信03售08,0,0,0,0,0,0,0,0,0,-210000,0,0,0,0,210000,-210000,-210000
07754P,日月光元大9A售02,0,0,0,0,0,0,0,0,0,-210000,0,0,0,0,210000,-210000,-210000
065024,華擎永豐9C購01  ,0,0,0,0,0,0,0,0,0,-210000,0,0,0,42000,252000,-210000,-210000
057902,嘉晶永豐98購02  ,0,0,0,0,0,0,0,0,0,-210000,0,0,0,50000,260000,-210000,-210000
055331,國巨兆豐99購01  ,0,0,0,0,0,0,0,0,0,-210000,0,0,0,50000,260000,-210000,-210000
059473,T50反1群益99購03,0,0,0,0,0,0,0,0,0,-210000,0,0,0,0,210000,-210000,-210000
059957,中信金康和99購01,0,0,0,0,0,0,0,0,0,-210000,0,0,0,8000,218000,-210000,-210000
065014,南電國泰01購01  ,0,0,0,0,0,0,0,0,0,-211000,0,0,0,202000,413000,-211000,-211000
07715P,台灣50群益9A售14,0,0,0,0,0,0,0,0,0,-211000,0,0,0,19000,230000,-211000,-211000
08545P,南電國泰01售02  ,0,0,0,0,0,0,0,0,0,-211000,0,0,0,66000,277000,-211000,-211000
054308,嘉晶凱基98購01  ,0,0,0,0,0,0,0,0,0,-211000,0,0,0,212000,423000,-211000,-211000
060678,聯詠元大9A購03  ,0,0,0,0,0,0,0,0,0,-211000,0,0,0,206000,417000,-211000,-211000
063739,台勝科元大9B購03,0,0,0,0,0,0,0,0,0,-211000,0,0,0,0,211000,-211000,-211000
2456,奇力新          ,157000,358000,-201000,0,0,0,0,0,0,-10000,0,0,0,0,10000,-10000,-211000
065735,矽格凱基01購02  ,0,0,0,0,0,0,0,0,0,-212000,0,0,0,170000,382000,-212000,-212000
057704,台虹群益98購03  ,0,0,0,0,0,0,0,0,0,-212000,0,0,0,62000,274000,-212000,-212000
063863,儒鴻富邦02購01  ,0,0,0,0,0,0,0,0,0,-212000,0,0,0,197000,409000,-212000,-212000
064593,鈺齊永豐9C購01  ,0,0,0,0,0,0,0,0,0,-212000,0,0,0,128000,340000,-212000,-212000
062576,華擎群益9B購02  ,0,0,0,0,0,0,0,0,0,-212000,0,0,0,62000,274000,-212000,-212000
063593,GIS永豐9B購01   ,0,0,0,0,0,0,0,0,0,-212000,0,0,0,100000,312000,-212000,-212000
057105,致茂群益9A購01  ,0,0,0,0,0,0,0,0,0,-213000,0,0,0,236000,449000,-213000,-213000
057282,大立光元大99購06,0,0,0,0,0,0,0,0,0,-214000,0,0,0,91000,305000,-214000,-214000
063532,GIS凱基9B購03   ,0,0,0,0,0,0,0,0,0,-214000,0,0,0,30000,244000,-214000,-214000
064228,同欣電國票01購01,0,0,0,0,0,0,0,0,0,-214000,0,0,0,35000,249000,-214000,-214000
08179P,華新科元大9B售13,0,0,0,0,0,0,0,0,0,-215000,0,0,0,0,215000,-215000,-215000
07456P,華新科元大9A售06,0,0,0,0,0,0,0,0,0,-215000,0,0,0,0,215000,-215000,-215000
056146,台虹元大98購01  ,0,0,0,0,0,0,0,0,0,-215000,0,0,0,480000,695000,-215000,-215000
058038,滬深反元大98購01,0,0,0,0,0,0,0,0,0,-215000,0,0,0,0,215000,-215000,-215000
059524,FBVIX凱基9A購02 ,0,0,0,0,0,0,0,0,0,-215000,0,0,0,8000,223000,-215000,-215000
065625,聯發科兆豐9C購06,0,0,0,0,0,0,0,0,0,-216000,0,0,0,10000,226000,-216000,-216000
061379,鈺齊永豐9A購02  ,0,0,0,0,0,0,0,0,0,-216000,0,0,0,87000,303000,-216000,-216000
064207,國巨凱基03購02  ,0,0,0,0,0,0,0,0,0,-216000,0,0,0,1000,217000,-216000,-216000
063602,金像電凱基9B購04,0,0,0,0,0,0,0,0,0,-216000,0,0,0,16000,232000,-216000,-216000
1319,東陽            ,63464,277031,-213567,0,0,0,0,0,0,-4000,0,4000,-4000,0,0,0,-217567
07825P,健策國泰9B售04  ,0,0,0,0,0,0,0,0,0,-218000,0,0,0,31000,249000,-218000,-218000
057669,嘉晶元大99購03  ,0,0,0,0,0,0,0,0,0,-218000,0,0,0,148000,366000,-218000,-218000
060931,GIS永豐9A購01   ,0,0,0,0,0,0,0,0,0,-218000,0,0,0,10000,228000,-218000,-218000
058611,欣興元大99購06  ,0,0,0,0,0,0,0,0,0,-218000,0,0,0,39000,257000,-218000,-218000
062036,致新群益9B購01  ,0,0,0,0,0,0,0,0,0,-219000,0,0,0,189000,408000,-219000,-219000
063547,大立光兆豐9B購04,0,0,0,0,0,0,0,0,0,-219000,0,0,0,5000,224000,-219000,-219000
06730P,祥碩元大98售07  ,0,0,0,0,0,0,0,0,0,-220000,0,0,0,0,220000,-220000,-220000
062153,智邦麥證9B購01  ,0,0,0,122000,342000,-220000,0,0,0,-220000,0,0,0,122000,342000,-220000,-220000
064212,可成凱基03購01  ,0,0,0,0,0,0,0,0,0,-220000,0,0,0,55000,275000,-220000,-220000
063802,南茂凱基9C購01  ,0,0,0,0,0,0,0,0,0,-220000,0,0,0,114000,334000,-220000,-220000
064702,百和群益01購01  ,0,0,0,0,0,0,0,0,0,-220000,0,0,0,75000,295000,-220000,-220000
6213,聯茂            ,1669000,1296158,372842,0,0,0,168000,931374,-763374,170385,151000,111615,39385,155000,24000,131000,-220147
08119P,南亞科統一9C售03,0,0,0,0,0,0,0,0,0,-221000,0,0,0,0,221000,-221000,-221000
00654R,富邦印度反1     ,0,12000,-12000,0,0,0,0,0,0,-209000,0,0,0,0,209000,-209000,-221000
061906,統一中信9B購01  ,0,0,0,0,0,0,0,0,0,-221000,0,0,0,20000,241000,-221000,-221000
061626,超眾群益9A購02  ,0,0,0,0,0,0,0,0,0,-221000,0,0,0,29000,250000,-221000,-221000
065546,景碩兆豐01購01  ,0,0,0,0,0,0,0,0,0,-222000,0,0,0,31000,253000,-222000,-222000
061563,群創國票9B購02  ,0,0,0,0,0,0,0,0,0,-222000,0,0,0,31000,253000,-222000,-222000
064152,義隆統一02購02  ,0,0,0,0,0,0,0,0,0,-222000,0,0,0,627000,849000,-222000,-222000
064105,南茂群益9C購01  ,0,0,0,0,0,0,0,0,0,-222000,0,0,0,24000,246000,-222000,-222000
4119,旭富            ,85000,142000,-57000,0,0,0,0,0,0,-165000,1000,0,1000,2000,168000,-166000,-222000
3036,文曄            ,25000,189000,-164000,0,0,0,0,1000,-1000,-57000,16000,42000,-26000,0,31000,-31000,-222000
07146P,瑞昱元大99售02  ,0,0,0,0,0,0,0,0,0,-223000,0,0,0,277000,500000,-223000,-223000
064721,國泰金統一02購01,0,0,0,0,0,0,0,0,0,-223000,0,0,0,5000,228000,-223000,-223000
2535,達欣工          ,274000,417000,-143000,0,0,0,0,0,0,-80000,0,80000,-80000,0,0,0,-223000
2536,宏普            ,53000,276000,-223000,0,0,0,0,0,0,0,0,0,0,0,0,0,-223000
07731P,臺股指凱基9A售28,0,0,0,0,0,0,0,0,0,-224000,0,0,0,160000,384000,-224000,-224000
07767P,華新科群益9A售07,0,0,0,0,0,0,0,0,0,-224000,0,0,0,3000,227000,-224000,-224000
061195,健策永豐9B購02  ,0,0,0,0,0,0,0,0,0,-224000,0,0,0,16000,240000,-224000,-224000
060047,道瓊反凱基99購01,0,0,0,0,0,0,0,0,0,-224000,0,0,0,6000,230000,-224000,-224000
07649P,金像電永豐9A售02,0,0,0,0,0,0,0,0,0,-225000,0,0,0,112000,337000,-225000,-225000
062203,燿華國票9C購01  ,0,0,0,0,0,0,0,0,0,-225000,0,0,0,71000,296000,-225000,-225000
1460,宏遠            ,10000,236000,-226000,0,0,0,0,0,0,0,0,0,0,0,0,0,-226000
055551,致茂凱基98購01  ,0,0,0,0,0,0,0,0,0,-226000,0,0,0,4000,230000,-226000,-226000
055312,台虹群益99購01  ,0,0,0,0,0,0,0,0,0,-226000,0,0,0,250000,476000,-226000,-226000
058588,致茂中信9B購01  ,0,0,0,0,0,0,0,0,0,-226000,0,0,0,164000,390000,-226000,-226000
065042,國產凱基02購01  ,0,0,0,0,0,0,0,0,0,-227000,0,0,0,360000,587000,-227000,-227000
063491,國巨富邦02購02  ,0,0,0,0,0,0,0,0,0,-227000,0,0,0,191000,418000,-227000,-227000
063341,燿華統一9C購01  ,0,0,0,0,0,0,0,0,0,-227000,0,0,0,16000,243000,-227000,-227000
2338,光罩            ,386000,491000,-105000,0,0,0,0,0,0,-122000,0,7000,-7000,8000,123000,-115000,-227000
065081,金像電元大9C購05,0,0,0,0,0,0,0,0,0,-228000,0,0,0,61000,289000,-228000,-228000
065227,金像電凱基9C購01,0,0,0,0,0,0,0,0,0,-228000,0,0,0,0,228000,-228000,-228000
063494,金像電富邦9B購01,0,0,0,0,0,0,0,0,0,-228000,0,0,0,45000,273000,-228000,-228000
065357,立積元富03購01  ,0,0,0,0,0,0,0,0,0,-229000,0,0,0,153000,382000,-229000,-229000
065458,立積元富03購02  ,0,0,0,0,0,0,0,0,0,-229000,0,0,0,134000,363000,-229000,-229000
2342,茂矽            ,909000,1137000,-228000,0,0,0,0,0,0,-1000,0,1000,-1000,0,0,0,-229000
2348,海悅            ,123000,368000,-245000,0,0,0,0,0,0,16000,16000,0,16000,0,0,0,-229000
049591,開發金元大98購01,0,0,0,0,0,0,0,0,0,-230000,0,0,0,0,230000,-230000,-230000
056158,新日興凱基98購02,0,0,0,0,0,0,0,0,0,-230000,0,0,0,55000,285000,-230000,-230000
062130,T50反1群益9B購01,0,0,0,0,0,0,0,0,0,-230000,0,0,0,0,230000,-230000,-230000
064070,祥碩永豐9C購01  ,0,0,0,0,0,0,0,0,0,-230000,0,0,0,31000,261000,-230000,-230000
8163,達方            ,153000,326000,-173000,0,0,0,0,1000,-1000,-56000,2000,0,2000,37000,95000,-58000,-230000
065729,聯詠凱基9C購04  ,0,0,0,0,0,0,0,0,0,-231000,0,0,0,101000,332000,-231000,-231000
065949,瑞昱統一01購06  ,0,0,0,0,0,0,0,0,0,-231000,0,0,0,94000,325000,-231000,-231000
063290,GIS元大9B購02   ,0,0,0,0,0,0,0,0,0,-232000,0,0,0,37000,269000,-232000,-232000
065588,聯發科永豐9C購02,0,0,0,0,0,0,0,0,0,-233000,0,0,0,16000,249000,-233000,-233000
061506,瑞祺國票9A購02  ,0,0,0,0,0,0,0,0,0,-233000,0,0,0,13000,246000,-233000,-233000
059090,台新金元大99購01,0,0,0,0,0,0,0,0,0,-233000,0,0,0,67000,300000,-233000,-233000
063417,金像電凱基9B購03,0,0,0,0,0,0,0,0,0,-233000,0,0,0,30000,263000,-233000,-233000
065930,矽格國票02購01  ,0,0,0,0,0,0,0,0,0,-234000,0,0,0,0,234000,-234000,-234000
065166,台達電元大9C購04,0,0,0,0,0,0,0,0,0,-235000,0,0,0,83000,318000,-235000,-235000
07102P,南電元大99售03  ,0,0,0,0,0,0,0,0,0,-235000,0,0,0,30000,265000,-235000,-235000
00673R,元大S&P原油反1  ,0,0,0,0,0,0,0,0,0,-235000,0,0,0,23000,258000,-235000,-235000
055933,欣興群益98購02  ,0,0,0,0,0,0,0,0,0,-235000,0,0,0,10000,245000,-235000,-235000
1217,愛之味          ,110000,345015,-235015,0,0,0,0,0,0,0,0,0,0,0,0,0,-235015
065041,金像電凱基02購02,0,0,0,0,0,0,0,0,0,-236000,0,0,0,10000,246000,-236000,-236000
056276,同欣電國泰98購01,0,0,0,0,0,0,0,0,0,-237000,0,0,0,0,237000,-237000,-237000
056309,合勤控元大97購01,0,0,0,0,0,0,0,0,0,-237000,0,0,0,114000,351000,-237000,-237000
065974,智原元大01購01  ,0,0,0,0,0,0,0,0,0,-238000,0,0,0,941000,1179000,-238000,-238000
065605,義隆元大01購02  ,0,0,0,0,0,0,0,0,0,-238000,0,0,0,328000,566000,-238000,-238000
08159P,日月光元富9B售01,0,0,0,0,0,0,0,0,0,-238000,0,0,0,20000,258000,-238000,-238000
3712,永崴投控        ,0,282000,-282000,0,0,0,0,0,0,44000,0,0,0,68000,24000,44000,-238000
08184P,可成永豐9B售03  ,0,0,0,0,0,0,0,0,0,-239000,0,0,0,0,239000,-239000,-239000
058091,欣興元大99購03  ,1000,0,1000,0,0,0,0,0,0,-240000,0,0,0,218000,458000,-240000,-239000
062837,復盛群益9B購01  ,0,0,0,0,0,0,0,0,0,-239000,0,0,0,19000,258000,-239000,-239000
062912,新日興元大9B購01,0,0,0,0,0,0,0,0,0,-239000,0,0,0,164000,403000,-239000,-239000
07919P,創意永豐9B售01  ,0,0,0,0,0,0,0,0,0,-240000,0,0,0,0,240000,-240000,-240000
057823,神達元大98購01  ,0,0,0,0,0,0,0,0,0,-240000,0,0,0,171000,411000,-240000,-240000
058370,聯詠凱基99購01  ,0,0,0,0,0,0,0,0,0,-240000,0,0,0,131000,371000,-240000,-240000
053095,台光電統一98購01,0,0,0,0,0,0,0,0,0,-241000,0,0,0,15000,256000,-241000,-241000
058790,楠梓電元大99購03,0,0,0,0,0,0,0,0,0,-241000,0,0,0,40000,281000,-241000,-241000
061580,華擎元大9A購06  ,0,0,0,0,0,0,0,0,0,-242000,0,0,0,74000,316000,-242000,-242000
07130P,台郡元大9B售01  ,0,0,0,0,0,0,0,0,0,-243000,0,0,0,271000,514000,-243000,-243000
056497,GIS國泰99購01   ,0,0,0,0,0,0,0,0,0,-243000,0,0,0,3000,246000,-243000,-243000
064363,聯發科統一9C購14,0,0,0,0,0,0,0,0,0,-243000,0,0,0,94000,337000,-243000,-243000
056469,國巨元大99購01  ,0,0,0,0,0,0,0,0,0,-244000,0,0,0,52000,296000,-244000,-244000
06995P,臺股指凱基99售16,0,0,0,0,0,0,0,0,0,-245000,0,0,0,0,245000,-245000,-245000
08111P,臺股指中信01售06,0,0,0,0,0,0,0,0,0,-245000,0,0,0,55000,300000,-245000,-245000
056268,新日興統一97購01,0,0,0,0,0,0,0,0,0,-245000,0,0,0,0,245000,-245000,-245000
064760,玉晶光凱基01購02,0,0,0,0,0,0,0,0,0,-245000,0,0,0,53000,298000,-245000,-245000
065299,燿華元富9C購02  ,0,0,0,0,0,0,0,0,0,-246000,0,0,0,0,246000,-246000,-246000
055781,聯詠凱基98購01  ,0,0,0,0,0,0,0,0,0,-246000,0,0,0,17000,263000,-246000,-246000
062689,華擎統一02購01  ,0,0,0,0,0,0,0,0,0,-246000,0,0,0,56000,302000,-246000,-246000
03683C,T50反1元大9C牛04,0,0,0,0,0,0,0,0,0,-247000,0,0,0,183000,430000,-247000,-247000
6191,精成科          ,1682000,1929000,-247000,0,0,0,0,0,0,0,0,0,0,0,0,0,-247000
064884,台表科第一9C購01,0,0,0,0,0,0,0,0,0,-248000,0,0,0,0,248000,-248000,-248000
07719P,臺股指群益9A售08,0,0,0,0,0,0,0,0,0,-248000,0,0,0,423000,671000,-248000,-248000
062117,燿華中信9B購01  ,0,0,0,0,0,0,0,0,0,-248000,0,0,0,0,248000,-248000,-248000
064984,同欣電元大9C購06,0,0,0,0,0,0,0,0,0,-249000,0,0,0,169000,418000,-249000,-249000
059351,台虹凱基99購01  ,0,0,0,0,0,0,0,0,0,-249000,0,0,0,366000,615000,-249000,-249000
064129,新日興元大9C購02,0,0,0,0,0,0,0,0,0,-249000,0,0,0,108000,357000,-249000,-249000
054856,得力群益99購01  ,0,0,0,0,0,0,0,0,0,-250000,0,0,0,0,250000,-250000,-250000
064918,中信金統一02購01,0,0,0,0,0,0,0,0,0,-251000,0,0,0,170000,421000,-251000,-251000
064729,聯茂統一02購02  ,0,0,0,0,0,0,0,0,0,-251000,0,0,0,94000,345000,-251000,-251000
060922,金像電永豐9A購01,0,0,0,0,0,0,0,0,0,-252000,0,0,0,10000,262000,-252000,-252000
063920,大立光元富03購02,0,0,0,0,0,0,0,0,0,-252000,0,0,0,295000,547000,-252000,-252000
4414,如興            ,0,252000,-252000,0,0,0,0,0,0,0,0,0,0,0,0,0,-252000
058026,上銀富邦9A購01  ,0,0,0,0,0,0,0,0,0,-253000,0,0,0,0,253000,-253000,-253000
064189,TPK永豐9C購01   ,0,0,0,0,0,0,0,0,0,-253000,0,0,0,19000,272000,-253000,-253000
6452,康友-KY         ,107000,245000,-138000,0,0,0,0,0,0,-115000,1000,0,1000,40000,156000,-116000,-253000
08505P,臺股指國票9C售07,0,0,0,0,0,0,0,0,0,-254000,0,0,0,6000,260000,-254000,-254000
064048,大立光統一9C購07,0,0,0,0,0,0,0,0,0,-254000,0,0,0,154000,408000,-254000,-254000
064601,嘉晶元富9C購03  ,0,0,0,0,0,0,0,0,0,-254000,0,0,0,0,254000,-254000,-254000
4564,元翎            ,427000,600000,-173000,0,0,0,0,0,0,-82000,0,0,0,4000,86000,-82000,-255000
07099P,台積電元大99售19,0,0,0,0,0,0,0,0,0,-256000,0,0,0,90000,346000,-256000,-256000
056113,新日興兆豐98購01,0,0,0,0,0,0,0,0,0,-256000,0,0,0,0,256000,-256000,-256000
07821P,臺股指國票9A售12,0,0,0,0,0,0,0,0,0,-257000,0,0,0,80000,337000,-257000,-257000
060567,華擎富邦9C購01  ,0,0,0,0,0,0,0,0,0,-257000,0,0,0,0,257000,-257000,-257000
065645,嘉晶元大01購02  ,0,0,0,0,0,0,0,0,0,-258000,0,0,0,146000,404000,-258000,-258000
057566,欣興富邦99購01  ,0,0,0,0,0,0,0,0,0,-258000,0,0,0,7000,265000,-258000,-258000
2352,佳世達          ,317000,566000,-249000,0,0,0,0,4000,-4000,-5000,0,5000,-5000,0,0,0,-258000
065191,南電統一01購03  ,0,0,0,0,0,0,0,0,0,-259000,0,0,0,60000,319000,-259000,-259000
08434P,臺股指凱基03售02,0,0,0,0,0,0,0,0,0,-259000,0,0,0,20000,279000,-259000,-259000
08276P,可成元富9C售02  ,0,0,0,0,0,0,0,0,0,-260000,0,0,0,40000,300000,-260000,-260000
062708,立積元大9B購01  ,0,0,0,0,0,0,0,0,0,-260000,0,0,0,22000,282000,-260000,-260000
08379P,台積電國泰02售02,0,0,0,0,0,0,0,0,0,-261000,0,0,0,2947000,3208000,-261000,-261000
07788P,華新科群益9A售08,0,0,0,0,0,0,0,0,0,-261000,0,0,0,0,261000,-261000,-261000
046628,大立光統一98購01,0,0,0,0,0,0,0,0,0,-261000,0,0,0,543000,804000,-261000,-261000
06177P,玉晶光元大98售07,0,0,0,0,0,0,0,0,0,-261000,0,0,0,170000,431000,-261000,-261000
061536,華擎統一9C購02  ,0,0,0,0,0,0,0,0,0,-261000,0,0,0,102000,363000,-261000,-261000
064674,鈺齊元大9C購01  ,0,0,0,0,0,0,0,0,0,-261000,0,0,0,7000,268000,-261000,-261000
057199,台達電元富02購01,0,0,0,0,0,0,0,0,0,-262000,0,0,0,290000,552000,-262000,-262000
060722,矽格永豐9A購01  ,0,0,0,0,0,0,0,0,0,-262000,0,0,0,303000,565000,-262000,-262000
064743,聯詠國票01購01  ,0,0,0,0,0,0,0,0,0,-262000,0,0,0,3000,265000,-262000,-262000
064460,健策統一9C購03  ,15000,0,15000,0,0,0,0,0,0,-277000,0,0,0,449000,726000,-277000,-262000
058161,T50反1日盛03購01,0,0,0,0,0,0,0,0,0,-264000,0,0,0,0,264000,-264000,-264000
058499,滬深2X元大9C購01,0,0,0,0,0,0,0,0,0,-264000,0,0,0,117000,381000,-264000,-264000
065990,華擎永豐01購01  ,0,0,0,0,0,0,0,0,0,-265000,0,0,0,0,265000,-265000,-265000
06893P,致新元富98售02  ,0,0,0,0,0,0,0,0,0,-265000,0,0,0,0,265000,-265000,-265000
058480,新日興凱基9A購01,0,0,0,0,0,0,0,0,0,-265000,0,0,0,18000,283000,-265000,-265000
3702,大聯大          ,1017950,913000,104950,0,0,0,0,4000,-4000,-366000,10000,51000,-41000,0,325000,-325000,-265050
6504,南六            ,200051,226000,-25949,0,0,0,0,187000,-187000,-53000,0,54000,-54000,8000,7000,1000,-265949
1718,中纖            ,117000,383000,-266000,0,0,0,0,0,0,0,0,0,0,0,0,0,-266000
061265,富邦金凱基9B購01,0,0,0,0,0,0,0,0,0,-266000,0,0,0,196000,462000,-266000,-266000
060719,瀚宇博永豐9A購01,0,0,0,0,0,0,0,0,0,-266000,0,0,0,20000,286000,-266000,-266000
061422,台積電元大9A購30,0,0,0,0,0,0,0,0,0,-267000,0,0,0,6000,273000,-267000,-267000
063915,祥碩凱基01購01  ,0,0,0,0,0,0,0,0,0,-267000,0,0,0,154000,421000,-267000,-267000
062532,聯詠統一9C購01  ,0,0,0,0,0,0,0,0,0,-267000,0,0,0,631000,898000,-267000,-267000
07962P,聯詠中信05售03  ,0,0,0,0,0,0,0,0,0,-270000,0,0,0,0,270000,-270000,-270000
065401,立積群益9C購01  ,0,0,0,0,0,0,0,0,0,-270000,0,0,0,141000,411000,-270000,-270000
053568,智伸科富邦98購01,0,0,0,0,0,0,0,0,0,-270000,0,0,0,503000,773000,-270000,-270000
065462,聯發科中信03購02,0,0,0,0,0,0,0,0,0,-271000,0,0,0,20000,291000,-271000,-271000
057865,富邦金凱基98購01,0,0,0,0,0,0,0,0,0,-271000,0,0,0,20000,291000,-271000,-271000
062448,健策元大9C購04  ,0,0,0,0,0,0,0,0,0,-271000,0,0,0,125000,396000,-271000,-271000
065195,國巨元富06購01  ,0,0,0,0,0,0,0,0,0,-272000,0,0,0,0,272000,-272000,-272000
065674,華擎凱基9C購03  ,0,0,0,0,0,0,0,0,0,-272000,0,0,0,10000,282000,-272000,-272000
065817,聯發科元富03購08,0,0,0,0,0,0,0,0,0,-272000,0,0,0,0,272000,-272000,-272000
060929,健策永豐9A購01  ,0,0,0,0,0,0,0,0,0,-272000,0,0,0,2000,274000,-272000,-272000
062533,嘉澤統一9C購01  ,0,0,0,0,0,0,0,0,0,-272000,0,0,0,0,272000,-272000,-272000
00717,富邦美國特別股  ,1000,0,1000,0,0,0,0,0,0,-273548,0,0,0,325000,598548,-273548,-272548
064132,神達元大9C購02  ,0,0,0,0,0,0,0,0,0,-273000,0,0,0,195000,468000,-273000,-273000
07879P,瑞昱群益9C售01  ,0,0,0,0,0,0,0,0,0,-274000,0,0,0,0,274000,-274000,-274000
05888P,友達元大97售01  ,0,0,0,0,0,0,0,0,0,-274000,0,0,0,0,274000,-274000,-274000
063073,瑞昱永豐9B購01  ,0,0,0,0,0,0,0,0,0,-274000,0,0,0,9000,283000,-274000,-274000
053297,鎧勝中信98購01  ,0,0,0,0,0,0,0,0,0,-275000,0,0,0,96000,371000,-275000,-275000
055891,鴻海統一9A購01  ,0,0,0,0,0,0,0,0,0,-275000,0,0,0,42000,317000,-275000,-275000
056034,華通凱基98購01  ,0,0,0,0,0,0,0,0,0,-275000,0,0,0,125000,400000,-275000,-275000
057747,致新永豐98購01  ,0,0,0,0,0,0,0,0,0,-275000,0,0,0,0,275000,-275000,-275000
08628P,微星中信9C售01  ,0,0,0,0,0,0,0,0,0,-276000,0,0,0,40000,316000,-276000,-276000
063022,嘉晶元大9B購04  ,0,0,0,0,0,0,0,0,0,-276000,0,0,0,140000,416000,-276000,-276000
08010P,大成鋼元大9B售01,0,0,0,0,0,0,0,0,0,-277000,0,0,0,106000,383000,-277000,-277000
061372,世紀鋼國泰9C購01,0,0,0,0,0,0,0,0,0,-277000,0,0,0,138000,415000,-277000,-277000
063592,瑞祺永豐9B購02  ,0,0,0,0,0,0,0,0,0,-277000,0,0,0,204000,481000,-277000,-277000
062291,力成富邦9B購01  ,0,0,0,0,0,0,0,0,0,-277000,0,0,0,461000,738000,-277000,-277000
062822,力成兆豐9B購01  ,0,0,0,0,0,0,0,0,0,-277000,0,0,0,326000,603000,-277000,-277000
061326,新日興凱基9B購01,0,0,0,0,0,0,0,0,0,-278000,0,0,0,27000,305000,-278000,-278000
060764,華擎元大9A購03  ,0,0,0,0,0,0,0,0,0,-278000,0,0,0,235000,513000,-278000,-278000
2439,美律            ,71000,452000,-381000,0,0,0,0,0,0,103000,203000,8000,195000,6000,98000,-92000,-278000
060571,京元電永豐9A購01,0,0,0,0,0,0,0,0,0,-279000,0,0,0,194000,473000,-279000,-279000
064649,同欣電凱基01購01,0,0,0,0,0,0,0,0,0,-279000,0,0,0,1000,280000,-279000,-279000
2108,南帝            ,244000,603000,-359000,0,0,0,0,0,0,80000,131000,51000,80000,0,0,0,-279000
08055P,臺股指國票9B售20,0,0,0,0,0,0,0,0,0,-280000,0,0,0,1000,281000,-280000,-280000
057479,致茂元大98購03  ,0,0,0,0,0,0,0,0,0,-280000,0,0,0,55000,335000,-280000,-280000
059836,大立光國泰9B購02,0,0,0,0,0,0,0,0,0,-283000,0,0,0,220000,503000,-283000,-283000
063639,華擎元大9C購03  ,0,0,0,0,0,0,0,0,0,-283000,0,0,0,327000,610000,-283000,-283000
9939,宏全            ,42000,265000,-223000,0,0,0,0,0,0,-60000,14000,20000,-6000,0,54000,-54000,-283000
053381,友達元大9A購02  ,0,0,0,0,0,0,0,0,0,-284000,0,0,0,293000,577000,-284000,-284000
08494P,世芯元大9C售02  ,0,0,0,0,0,0,0,0,0,-285000,0,0,0,178000,463000,-285000,-285000
056352,鴻海元大99購01  ,0,0,0,0,0,0,0,0,0,-285000,0,0,0,79000,364000,-285000,-285000
061679,健策元大9B購04  ,0,0,0,0,0,0,0,0,0,-285000,0,0,0,238000,523000,-285000,-285000
065461,台光電中信9C購01,0,0,0,0,0,0,0,0,0,-286000,0,0,0,179000,465000,-286000,-286000
058650,台虹永豐9A購01  ,0,0,0,0,0,0,0,0,0,-286000,0,0,0,232000,518000,-286000,-286000
063632,金像電元大9B購04,0,0,0,0,0,0,0,0,0,-286000,0,0,0,0,286000,-286000,-286000
063324,道瓊反國票9B購03,0,0,0,0,0,0,0,0,0,-286000,0,0,0,10000,296000,-286000,-286000
064825,英業達統一9C購01,0,0,0,0,0,0,0,0,0,-286000,0,0,0,40000,326000,-286000,-286000
063299,金寶凱基9B購01  ,0,0,0,0,0,0,0,0,0,-287000,0,0,0,0,287000,-287000,-287000
064763,祥碩凱基02購01  ,0,0,0,0,0,0,0,0,0,-289000,0,0,0,232000,521000,-289000,-289000
055207,致新中信99購01  ,0,0,0,0,0,0,0,0,0,-290000,0,0,0,41000,331000,-290000,-290000
058898,台積電元大99購20,0,0,0,0,0,0,0,0,0,-290000,0,0,0,165000,455000,-290000,-290000
063904,大立光麥證01購01,0,0,0,20000,317000,-297000,0,0,0,-290000,0,0,0,27000,317000,-290000,-290000
065479,新日興元大9C購05,0,0,0,0,0,0,0,0,0,-291000,0,0,0,313000,604000,-291000,-291000
055972,GIS元大97購04   ,0,0,0,0,0,0,0,0,0,-291000,0,0,0,67000,358000,-291000,-291000
054819,裕民元大9A購01  ,0,0,0,0,0,0,0,0,0,-291000,0,0,0,78000,369000,-291000,-291000
062238,臻鼎凱基9C購01  ,0,0,0,0,0,0,0,0,0,-291000,0,0,0,83000,374000,-291000,-291000
059008,鈺齊元大99購03  ,0,0,0,0,0,0,0,0,0,-291000,0,0,0,3000,294000,-291000,-291000
064433,金像電凱基02購01,0,0,0,0,0,0,0,0,0,-291000,0,0,0,0,291000,-291000,-291000
063643,臻鼎元大9B購03  ,0,0,0,0,0,0,0,0,0,-292000,0,0,0,110000,402000,-292000,-292000
062488,台光電永豐9B購02,0,0,0,0,0,0,0,0,0,-292000,0,0,0,37000,329000,-292000,-292000
062976,嘉澤元富9B購01  ,0,0,0,0,0,0,0,0,0,-294000,0,0,0,70000,364000,-294000,-294000
064731,台郡統一01購02  ,2000,0,2000,0,0,0,0,0,0,-297000,0,0,0,624000,921000,-297000,-295000
064855,聯發科國泰02購01,0,0,0,0,0,0,0,0,0,-296000,0,0,0,144000,440000,-296000,-296000
1795,美時            ,80000,379000,-299000,0,0,0,0,0,0,1000,1000,0,1000,0,0,0,-298000
065016,臺指反富邦01購01,0,0,0,0,0,0,0,0,0,-300000,0,0,0,0,300000,-300000,-300000
052080,康友元富98購02  ,0,0,0,0,0,0,0,0,0,-300000,0,0,0,0,300000,-300000,-300000
057971,華新科富邦9B購02,0,0,0,0,0,0,0,0,0,-300000,0,0,0,0,300000,-300000,-300000
060695,同欣電麥證9A購01,0,0,0,0,300000,-300000,0,0,0,-300000,0,0,0,0,300000,-300000,-300000
6505,台塑化          ,505980,754000,-248020,0,0,0,0,28000,-28000,-24000,19000,43000,-24000,0,0,0,-300020
064950,美律凱基02購01  ,0,0,0,0,0,0,0,0,0,-301000,0,0,0,18000,319000,-301000,-301000
064476,金像電國泰02購01,0,0,0,0,0,0,0,0,0,-301000,0,0,0,215000,516000,-301000,-301000
063093,國產國票9B購01  ,0,0,0,0,0,0,0,0,0,-301000,0,0,0,348000,649000,-301000,-301000
064491,金像電元大9C購03,0,0,0,0,0,0,0,0,0,-302000,0,0,0,0,302000,-302000,-302000
064784,祥碩群益9C購01  ,0,0,0,0,0,0,0,0,0,-302000,0,0,0,17000,319000,-302000,-302000
6230,超眾            ,87000,79000,8000,0,0,0,0,280000,-280000,-30000,0,8000,-8000,5000,27000,-22000,-302000
065133,SP黃豆凱基02購01,0,0,0,0,0,0,0,0,0,-303000,0,0,0,0,303000,-303000,-303000
055063,玉晶光永豐99購01,0,0,0,0,0,0,0,0,0,-303000,0,0,0,403000,706000,-303000,-303000
063575,矽格元大9B購02  ,0,0,0,0,0,0,0,0,0,-303000,0,0,0,330000,633000,-303000,-303000
3019,亞光            ,188000,444000,-256000,0,0,0,0,0,0,-47000,8000,14000,-6000,10000,51000,-41000,-303000
07103P,南電元大99售04  ,0,0,0,0,0,0,0,0,0,-304000,0,0,0,0,304000,-304000,-304000
059073,元油2X元大9C購14,0,0,0,0,0,0,0,0,0,-305000,0,0,0,15000,320000,-305000,-305000
08376P,南亞科元富9C售03,0,0,0,0,0,0,0,0,0,-306000,0,0,0,0,306000,-306000,-306000
056211,南港國票98購01  ,0,0,0,0,0,0,0,0,0,-306000,0,0,0,94000,400000,-306000,-306000
062982,同欣電元富9B購01,0,0,0,0,0,0,0,0,0,-306000,0,0,0,142000,448000,-306000,-306000
07837P,華邦電元大9A售01,0,0,0,0,0,0,0,0,0,-307000,0,0,0,20000,327000,-307000,-307000
063740,矽格元大9B購03  ,0,0,0,0,0,0,0,0,0,-307000,0,0,0,301000,608000,-307000,-307000
065754,健鼎元大9C購06  ,0,0,0,0,0,0,0,0,0,-308000,0,0,0,30000,338000,-308000,-308000
056378,欣興元富98購01  ,0,0,0,0,0,0,0,0,0,-308000,0,0,0,81000,389000,-308000,-308000
064360,台積電統一9C購12,0,0,0,0,0,0,0,0,0,-308000,0,0,0,0,308000,-308000,-308000
06689P,鴻海中信9C售02  ,0,0,0,0,0,0,0,0,0,-309000,0,0,0,91000,400000,-309000,-309000
064948,致茂凱基01購01  ,0,0,0,0,0,0,0,0,0,-309000,0,0,0,57000,366000,-309000,-309000
063819,致新群益9C購01  ,0,0,0,0,0,0,0,0,0,-309000,0,0,0,247000,556000,-309000,-309000
061171,大立光麥證9A購01,0,0,0,0,310000,-310000,0,0,0,-310000,0,0,0,0,310000,-310000,-310000
057539,南茂元大98購02  ,0,0,0,0,0,0,0,0,0,-310000,0,0,0,145000,455000,-310000,-310000
062797,瑞昱統一9B購01  ,0,0,0,0,0,0,0,0,0,-310000,0,0,0,42000,352000,-310000,-310000
063116,大立光麥證9C購01,0,0,0,0,310000,-310000,0,0,0,-310000,0,0,0,0,310000,-310000,-310000
065061,聯發科群益9C購08,0,0,0,0,0,0,0,0,0,-311000,0,0,0,99000,410000,-311000,-311000
064677,金像電兆豐9C購01,0,0,0,0,0,0,0,0,0,-311000,0,0,0,29000,340000,-311000,-311000
08387P,臺股指群益9C售15,0,0,0,0,0,0,0,0,0,-312000,0,0,0,238000,550000,-312000,-312000
1515,力山            ,901000,708000,193000,0,0,0,0,453000,-453000,-52000,0,14000,-14000,11000,49000,-38000,-312000
065971,金像電元大02購01,0,0,0,0,0,0,0,0,0,-313000,0,0,0,0,313000,-313000,-313000
058318,致茂永豐9A購01  ,0,0,0,0,0,0,0,0,0,-313000,0,0,0,36000,349000,-313000,-313000
064669,健策元大01購03  ,0,0,0,0,0,0,0,0,0,-313000,0,0,0,278000,591000,-313000,-313000
08112P,臺股指中信01售07,0,0,0,0,0,0,0,0,0,-314000,0,0,0,275000,589000,-314000,-314000
063766,南茂元富9B購01  ,0,0,0,0,0,0,0,0,0,-315000,0,0,0,160000,475000,-315000,-315000
063570,嘉晶元大9C購02  ,0,0,0,0,0,0,0,0,0,-315000,0,0,0,235000,550000,-315000,-315000
2104,國際中橡        ,131000,242000,-111000,0,0,0,0,0,0,-205000,0,0,0,0,205000,-205000,-316000
3682,亞太電          ,157000,474000,-317000,0,0,0,0,0,0,0,0,0,0,0,0,0,-317000
05889P,群創元大98售02  ,0,0,0,0,0,0,0,0,0,-318000,0,0,0,10000,328000,-318000,-318000
2892,第一金          ,2492836,2747405,-254569,0,0,0,0,60000,-60000,-4000,0,4000,-4000,0,0,0,-318569
1608,華榮            ,23000,340000,-317000,0,0,0,0,0,0,-2000,0,2000,-2000,0,0,0,-319000
065094,新日興元大9C購04,0,0,0,0,0,0,0,0,0,-320000,0,0,0,105000,425000,-320000,-320000
061172,大立光麥證9A購02,0,0,0,0,320000,-320000,0,0,0,-320000,0,0,0,0,320000,-320000,-320000
063493,金像電富邦01購01,0,0,0,0,0,0,0,0,0,-320000,0,0,0,136000,456000,-320000,-320000
062802,宏達電統一9B購01,0,0,0,0,0,0,0,0,0,-320000,0,0,0,0,320000,-320000,-320000
4934,太極            ,295000,615000,-320000,0,0,0,0,0,0,0,0,0,0,0,0,0,-320000
065343,智邦統一01購03  ,0,0,0,0,0,0,0,0,0,-321000,0,0,0,301000,622000,-321000,-321000
053782,京元電元大98購02,0,0,0,0,0,0,0,0,0,-321000,0,0,0,189000,510000,-321000,-321000
060718,中磊永豐9A購01  ,0,0,0,0,0,0,0,0,0,-321000,0,0,0,11000,332000,-321000,-321000
066064,T50反1凱基03購03,0,0,0,0,0,0,0,0,0,-322000,0,0,0,0,322000,-322000,-322000
064719,聯發科統一02購01,0,0,0,0,0,0,0,0,0,-322000,0,0,0,1554000,1876000,-322000,-322000
4956,光鋐            ,367000,689000,-322000,0,0,0,0,0,0,0,0,0,0,0,0,0,-322000
4943,康控-KY         ,77000,347000,-270000,0,0,0,0,0,0,-52000,0,0,0,5000,57000,-52000,-322000
065664,矽格永豐9C購01  ,0,0,0,0,0,0,0,0,0,-323000,0,0,0,17000,340000,-323000,-323000
063612,金像電群益9B購04,0,0,0,0,0,0,0,0,0,-323000,0,0,0,0,323000,-323000,-323000
065813,華擎統一03購01  ,0,0,0,0,0,0,0,0,0,-324000,0,0,0,246000,570000,-324000,-324000
065354,金像電元富03購01,0,0,0,0,0,0,0,0,0,-324000,0,0,0,0,324000,-324000,-324000
08120P,南亞科國票9C售01,0,0,0,0,0,0,0,0,0,-324000,0,0,0,0,324000,-324000,-324000
060954,國泰金群益9A購02,0,0,0,0,0,0,0,0,0,-324000,0,0,0,0,324000,-324000,-324000
064174,致新元富9C購02  ,0,0,0,0,0,0,0,0,0,-324000,0,0,0,410000,734000,-324000,-324000
07559P,祥碩元大9A售03  ,0,0,0,0,0,0,0,0,0,-325000,0,0,0,0,325000,-325000,-325000
058798,大立光元大99購11,0,0,0,0,0,0,0,0,0,-325000,0,0,0,21000,346000,-325000,-325000
064216,矽格凱基01購01  ,0,0,0,0,0,0,0,0,0,-325000,0,0,0,316000,641000,-325000,-325000
063326,正隆國票9B購01  ,0,0,0,0,0,0,0,0,0,-325000,0,0,0,36000,361000,-325000,-325000
062290,聯發科富邦9C購04,0,0,0,0,0,0,0,0,0,-325000,0,0,0,33000,358000,-325000,-325000
6451,訊芯-KY         ,183000,447000,-264000,0,0,0,0,0,0,-61000,0,0,0,2000,63000,-61000,-325000
2101,南港            ,222000,388000,-166000,0,0,0,0,0,0,-160000,0,1000,-1000,5000,164000,-159000,-326000
2412,中華電          ,1297185,1425200,-128015,0,0,0,0,29000,-29000,-169000,0,169000,-169000,0,0,0,-326015
07993P,寶成群益9B售01  ,0,0,0,0,0,0,0,0,0,-327000,0,0,0,0,327000,-327000,-327000
06503P,臺股指中信9A售02,0,0,0,0,0,0,0,0,0,-327000,0,0,0,374000,701000,-327000,-327000
058011,台虹國票99購01  ,0,0,0,0,0,0,0,0,0,-327000,0,0,0,95000,422000,-327000,-327000
065399,新日興群益01購01,0,0,0,0,0,0,0,0,0,-328000,0,0,0,12000,340000,-328000,-328000
07949P,滬深2X元大9B售04,0,0,0,0,0,0,0,0,0,-328000,0,0,0,499000,827000,-328000,-328000
054098,嘉晶國票97購04  ,0,0,0,0,0,0,0,0,0,-328000,0,0,0,0,328000,-328000,-328000
058692,華邦電國票9B購01,0,0,0,0,0,0,0,0,0,-328000,0,0,0,180000,508000,-328000,-328000
2359,所羅門          ,157000,485000,-328000,0,0,0,0,0,0,0,0,0,0,0,0,0,-328000
06848P,聯詠元大98售04  ,0,0,0,0,0,0,0,0,0,-329000,0,0,0,0,329000,-329000,-329000
059403,T50反1台新03購03,0,0,0,0,0,0,0,0,0,-329000,0,0,0,0,329000,-329000,-329000
063268,GIS中信9B購01   ,0,0,0,0,0,0,0,0,0,-329000,0,0,0,19000,348000,-329000,-329000
057118,欣興日盛9A購01  ,0,0,0,0,0,0,0,0,0,-330000,0,0,0,152000,482000,-330000,-330000
064510,GIS元大01購01   ,0,0,0,0,0,0,0,0,0,-330000,0,0,0,0,330000,-330000,-330000
064375,智邦元富03購01  ,0,0,0,0,0,0,0,0,0,-331000,0,0,0,585000,916000,-331000,-331000
4935,茂林-KY         ,196000,226000,-30000,0,0,0,0,268000,-268000,-33000,13000,25000,-12000,5000,26000,-21000,-331000
062407,同欣電永豐9B購01,0,0,0,0,0,0,0,0,0,-332000,0,0,0,21000,353000,-332000,-332000
065757,新日興元大9C購06,0,0,0,0,0,0,0,0,0,-333000,0,0,0,202000,535000,-333000,-333000
065730,新日興凱基9C購01,0,0,0,0,0,0,0,0,0,-333000,0,0,0,0,333000,-333000,-333000
063658,瑞祺元富9B購01  ,0,0,0,0,0,0,0,0,0,-334000,0,0,0,844000,1178000,-334000,-334000
064290,GIS元大9C購04   ,0,0,0,0,0,0,0,0,0,-335000,0,0,0,68000,403000,-335000,-335000
063462,金像電元大9C購01,0,0,0,0,0,0,0,0,0,-336000,0,0,0,0,336000,-336000,-336000
065978,臻鼎元大02購01  ,0,0,0,0,0,0,0,0,0,-337000,0,0,0,119000,456000,-337000,-337000
063163,京元電永豐9B購01,0,0,0,0,0,0,0,0,0,-337000,0,0,0,53000,390000,-337000,-337000
065847,嘉晶元大9C購03  ,0,0,0,0,0,0,0,0,0,-339000,0,0,0,47000,386000,-339000,-339000
063023,華擎元大9B購02  ,0,0,0,0,0,0,0,0,0,-339000,0,0,0,260000,599000,-339000,-339000
065563,T50反1群益9C購04,0,0,0,0,0,0,0,0,0,-340000,0,0,0,0,340000,-340000,-340000
056155,嘉晶凱基97購01  ,0,0,0,0,0,0,0,0,0,-340000,0,0,0,35000,375000,-340000,-340000
065653,同欣電元大03購01,0,0,0,0,0,0,0,0,0,-342000,0,0,0,39000,381000,-342000,-342000
08210P,健策元富9B售02  ,0,0,0,0,0,0,0,0,0,-342000,0,0,0,126000,468000,-342000,-342000
064511,GIS元大9C購05   ,0,0,0,0,0,0,0,0,0,-342000,0,0,0,11000,353000,-342000,-342000
064787,和潤群益9C購01  ,0,0,0,0,0,0,0,0,0,-342000,0,0,0,24000,366000,-342000,-342000
065780,國巨富邦03購02  ,0,0,0,0,0,0,0,0,0,-343000,0,0,0,0,343000,-343000,-343000
062349,新日興群益9B購02,0,0,0,0,0,0,0,0,0,-343000,0,0,0,0,343000,-343000,-343000
064244,GIS統一02購01   ,0,0,0,0,0,0,0,0,0,-344000,0,0,0,46000,390000,-344000,-344000
06696P,台灣50國票99售01,0,0,0,0,0,0,0,0,0,-346000,0,0,0,160000,506000,-346000,-346000
1604,聲寶            ,72000,415000,-343000,0,0,0,0,0,0,-3000,0,3000,-3000,0,0,0,-346000
063434,和潤元富9B購01  ,0,0,0,0,0,0,0,0,0,-346000,0,0,0,90000,436000,-346000,-346000
3047,訊舟            ,404000,750000,-346000,0,0,0,0,0,0,0,0,0,0,0,0,0,-346000
065573,新日興群益01購02,0,0,0,0,0,0,0,0,0,-347000,0,0,0,12000,359000,-347000,-347000
07536P,華新科元富9A售04,0,0,0,0,0,0,0,0,0,-348000,0,0,0,65000,413000,-348000,-348000
062604,東元凱基9B購01  ,0,0,0,0,0,0,0,0,0,-349000,0,0,0,51000,400000,-349000,-349000
064639,聚陽凱基02購01  ,0,0,0,0,0,0,0,0,0,-349000,0,0,0,125000,474000,-349000,-349000
2515,中工            ,142000,497000,-355000,0,0,0,0,0,0,6000,14000,8000,6000,0,0,0,-349000
07068P,欣興台新99售01  ,0,0,0,0,0,0,0,0,0,-350000,0,0,0,10000,360000,-350000,-350000
060541,正隆凱基9A購01  ,0,0,0,0,0,0,0,0,0,-350000,0,0,0,158000,508000,-350000,-350000
063851,健策元大01購01  ,0,0,0,0,0,0,0,0,0,-350000,0,0,0,391000,741000,-350000,-350000
064700,致新群益9C購02  ,0,0,0,0,0,0,0,0,0,-351000,0,0,0,169000,520000,-351000,-351000
065719,T50反1兆豐9C購01,0,0,0,0,0,0,0,0,0,-352000,0,0,0,0,352000,-352000,-352000
056061,國泰金元大97購02,0,0,0,0,0,0,0,0,0,-354000,0,0,0,0,354000,-354000,-354000
063048,聯詠兆豐9B購01  ,0,0,0,0,0,0,0,0,0,-354000,0,0,0,147000,501000,-354000,-354000
1514,亞力            ,120000,472000,-352000,0,0,0,0,0,0,-3000,0,3000,-3000,0,0,0,-355000
2231,為升            ,27000,394000,-367000,0,0,0,0,0,0,10000,5000,0,5000,6000,1000,5000,-357000
07838P,泰碩元大9A售04  ,0,0,0,0,0,0,0,0,0,-359000,0,0,0,21000,380000,-359000,-359000
2451,創見            ,76000,324000,-248000,0,0,0,0,0,0,-111000,0,0,0,0,111000,-111000,-359000
07341P,台積電凱基99售18,0,0,0,0,0,0,0,0,0,-360000,0,0,0,0,360000,-360000,-360000
059646,聯茂凱基99購06  ,0,0,0,0,0,0,0,0,0,-361000,0,0,0,51000,412000,-361000,-361000
065044,大立光凱基9C購06,0,0,0,0,0,0,0,0,0,-362000,0,0,0,243000,605000,-362000,-362000
057835,華擎元富9B購01  ,0,0,0,0,0,0,0,0,0,-362000,0,0,0,221000,583000,-362000,-362000
065580,鈺齊群益01購01  ,0,0,0,0,0,0,0,0,0,-363000,0,0,0,0,363000,-363000,-363000
057743,華擎永豐98購03  ,0,0,0,0,0,0,0,0,0,-363000,0,0,0,0,363000,-363000,-363000
062379,致新元大9B購01  ,0,0,0,0,0,0,0,0,0,-364000,0,0,0,302000,666000,-364000,-364000
063435,儒鴻統一01購02  ,0,0,0,0,0,0,0,0,0,-367000,0,0,0,40000,407000,-367000,-367000
065869,微星群益02購01  ,0,0,0,0,0,0,0,0,0,-369000,0,0,0,0,369000,-369000,-369000
4919,新唐            ,405000,771000,-366000,0,0,0,0,1000,-1000,-2000,0,0,0,81000,83000,-2000,-369000
3406,玉晶光          ,777000,837721,-60721,0,0,0,163000,314000,-151000,-158000,142000,230000,-88000,40000,110000,-70000,-369721
06654P,欣興元大98售08  ,0,0,0,0,0,0,0,0,0,-370000,0,0,0,30000,400000,-370000,-370000
064805,金像電元大9C購04,0,0,0,0,0,0,0,0,0,-370000,0,0,0,68000,438000,-370000,-370000
4164,承業醫          ,20000,446000,-426000,0,0,0,0,0,0,56000,92000,36000,56000,0,0,0,-370000
065482,立積元大01購02  ,0,0,0,0,0,0,0,0,0,-372000,0,0,0,5000,377000,-372000,-372000
054471,T50反1中信9C購01,0,0,0,0,0,0,0,0,0,-372000,0,0,0,119000,491000,-372000,-372000
063285,華擎元大9B購03  ,0,0,0,0,0,0,0,0,0,-373000,0,0,0,149000,522000,-373000,-373000
056541,智原凱基98購03  ,0,0,0,0,0,0,0,0,0,-376000,0,0,0,60000,436000,-376000,-376000
2404,漢唐            ,74000,361000,-287000,0,0,0,0,0,0,-89000,0,10000,-10000,5000,84000,-79000,-376000
060253,昇陽半元大9C購01,0,0,0,0,0,0,0,0,0,-377000,0,0,0,83000,460000,-377000,-377000
061822,和潤群益9B購01  ,0,0,0,0,0,0,0,0,0,-377000,0,0,0,61000,438000,-377000,-377000
063630,智邦元大9B購09  ,0,0,0,0,0,0,0,0,0,-377000,0,0,0,301000,678000,-377000,-377000
07634P,金像電元大9A售01,0,0,0,0,0,0,0,0,0,-378000,0,0,0,31000,409000,-378000,-378000
058944,元石油群益9C購02,0,0,0,0,0,0,0,0,0,-378000,0,0,0,0,378000,-378000,-378000
07686P,祥碩凱基9A售02  ,0,0,0,0,0,0,0,0,0,-380000,0,0,0,0,380000,-380000,-380000
051369,新光金富邦9A購01,0,0,0,0,0,0,0,0,0,-380000,0,0,0,0,380000,-380000,-380000
9914,美利達          ,484000,591000,-107000,0,0,0,44000,320000,-276000,3000,10000,7000,3000,0,0,0,-380000
060625,華擎元大9A購01  ,0,0,0,0,0,0,0,0,0,-381000,0,0,0,190000,571000,-381000,-381000
063458,正隆元大9B購01  ,0,0,0,0,0,0,0,0,0,-381000,0,0,0,169000,550000,-381000,-381000
064000,台郡兆豐9C購01  ,0,0,0,0,0,0,0,0,0,-381000,0,0,0,397000,778000,-381000,-381000
1215,卜蜂            ,54000,190000,-136000,0,0,0,0,230000,-230000,-16000,0,0,0,0,16000,-16000,-382000
3673,TPK-KY          ,213000,612000,-399000,0,0,0,0,0,0,17000,22000,0,22000,47000,52000,-5000,-382000
065680,聯發科統一9C購16,0,0,0,0,0,0,0,0,0,-384000,0,0,0,4000,388000,-384000,-384000
063381,和潤永豐9B購01  ,0,0,0,0,0,0,0,0,0,-384000,0,0,0,14000,398000,-384000,-384000
062817,富邦金兆豐9B購01,0,0,0,0,0,0,0,0,0,-384000,0,0,0,73000,457000,-384000,-384000
062650,南電富邦01購01  ,0,0,0,0,0,0,0,0,0,-384000,0,0,0,71000,455000,-384000,-384000
056583,昇陽半元大98購02,0,0,0,0,0,0,0,0,0,-385000,0,0,0,0,385000,-385000,-385000
08152P,祥碩統一9B售02  ,0,0,0,0,0,0,0,0,0,-386000,0,0,0,30000,416000,-386000,-386000
064678,嘉晶兆豐01購01  ,0,0,0,0,0,0,0,0,0,-387000,0,0,0,0,387000,-387000,-387000
062102,T50反1國票9B購07,0,0,0,0,0,0,0,0,0,-389000,0,0,0,8000,397000,-389000,-389000
063208,鈺齊統一9C購01  ,0,0,0,0,0,0,0,0,0,-389000,0,0,0,3000,392000,-389000,-389000
08534P,玉晶光元富06售02,0,0,0,0,0,0,0,0,0,-390000,0,0,0,102000,492000,-390000,-390000
065002,致茂國票01購01  ,0,0,0,0,0,0,0,0,0,-390000,0,0,0,4000,394000,-390000,-390000
060907,金像電元大9A購02,0,0,0,0,0,0,0,0,0,-390000,0,0,0,91000,481000,-390000,-390000
065049,世芯凱基02購01  ,2000,0,2000,0,0,0,0,0,0,-393000,0,0,0,800000,1193000,-393000,-391000
3413,京鼎            ,294000,776000,-482000,0,0,0,200000,1000,199000,-108000,20000,30000,-10000,13000,111000,-98000,-391000
1444,力麗            ,46000,436000,-390000,0,0,0,0,0,0,-2000,0,2000,-2000,0,0,0,-392000
062477,聯詠國票9B購01  ,0,0,0,0,0,0,0,0,0,-392000,0,0,0,11000,403000,-392000,-392000
063076,柏文永豐9B購02  ,0,0,0,0,0,0,0,0,0,-393000,0,0,0,0,393000,-393000,-393000
064387,GIS富邦9C購01   ,0,0,0,0,0,0,0,0,0,-393000,0,0,0,88000,481000,-393000,-393000
07954P,台表科元大9B售02,0,0,0,0,0,0,0,0,0,-394000,0,0,0,0,394000,-394000,-394000
059760,楠梓電永豐99購01,0,0,0,0,0,0,0,0,0,-395000,0,0,0,0,395000,-395000,-395000
064452,微星統一01購02  ,0,0,0,0,0,0,0,0,0,-395000,0,0,0,235000,630000,-395000,-395000
064136,致新元大9C購01  ,0,0,0,0,0,0,0,0,0,-397000,0,0,0,320000,717000,-397000,-397000
064709,瑞祺永豐9C購01  ,0,0,0,0,0,0,0,0,0,-398000,0,0,0,334000,732000,-398000,-398000
063347,祥碩統一01購03  ,0,0,0,0,0,0,0,0,0,-399000,0,0,0,2000,401000,-399000,-399000
07000P,T50反1元大99售03,0,0,0,0,0,0,0,0,0,-400000,0,0,0,0,400000,-400000,-400000
062546,新日興永豐9B購01,0,0,0,0,0,0,0,0,0,-400000,0,0,0,169000,569000,-400000,-400000
058666,上証反群益01購01,0,0,0,0,0,0,0,0,0,-401000,0,0,0,0,401000,-401000,-401000
07670P,茂林元大9A售02  ,0,0,0,0,0,0,0,0,0,-402000,0,0,0,8000,410000,-402000,-402000
3040,遠見            ,80000,482000,-402000,0,0,0,0,0,0,0,0,0,0,0,0,0,-402000
064468,健策元富9C購02  ,0,0,0,0,0,0,0,0,0,-405000,0,0,0,160000,565000,-405000,-405000
064569,群創群益9C購01  ,0,0,0,0,0,0,0,0,0,-405000,0,0,0,40000,445000,-405000,-405000
065557,中磊凱基9C購01  ,0,0,0,0,0,0,0,0,0,-406000,0,0,0,44000,450000,-406000,-406000
061028,聚陽永豐9A購01  ,0,0,0,0,0,0,0,0,0,-406000,0,0,0,219000,625000,-406000,-406000
03650C,T50反1元大98牛05,0,0,0,0,0,0,0,0,0,-408000,0,0,0,40000,448000,-408000,-408000
063829,晶技國票01購01  ,0,0,0,0,0,0,0,0,0,-408000,0,0,0,1000,409000,-408000,-408000
065951,聯發科統一01購08,0,0,0,0,0,0,0,0,0,-411000,0,0,0,1000,412000,-411000,-411000
061307,和潤永豐9A購02  ,0,0,0,0,0,0,0,0,0,-413000,0,0,0,0,413000,-413000,-413000
00693U,街口S&P黃豆     ,5000,21000,-16000,0,0,0,0,0,0,-399000,0,0,0,0,399000,-399000,-415000
065380,緯穎元大9C購02  ,0,0,0,0,0,0,0,0,0,-416000,0,0,0,83000,499000,-416000,-416000
065124,燿華永豐9C購03  ,0,0,0,0,0,0,0,0,0,-417000,0,0,0,15000,432000,-417000,-417000
059024,大立光統一9B購04,0,0,0,0,0,0,0,0,0,-418000,0,0,0,162000,580000,-418000,-418000
1526,日馳            ,150000,570000,-420000,0,0,0,0,0,0,0,0,0,0,0,0,0,-420000
056161,康控凱基98購02  ,0,0,0,0,0,0,0,0,0,-420000,0,0,0,0,420000,-420000,-420000
064485,儒鴻元大01購01  ,0,0,0,0,0,0,0,0,0,-420000,0,0,0,176000,596000,-420000,-420000
062680,微星統一01購01  ,0,0,0,0,0,0,0,0,0,-421000,0,0,0,699000,1120000,-421000,-421000
062786,立積元大9C購03  ,0,0,0,0,0,0,0,0,0,-421000,0,0,0,190000,611000,-421000,-421000
1722,台肥            ,312000,852000,-540000,0,0,0,0,4000,-4000,121000,190000,4000,186000,108000,173000,-65000,-423000
065455,金寶元富9C購01  ,0,0,0,0,0,0,0,0,0,-423000,0,0,0,87000,510000,-423000,-423000
065901,台積電富邦03購04,0,0,0,0,0,0,0,0,0,-424000,0,0,0,171000,595000,-424000,-424000
064847,金像電元富9C購01,0,0,0,0,0,0,0,0,0,-424000,0,0,0,0,424000,-424000,-424000
065902,燿華富邦02購01  ,0,0,0,0,0,0,0,0,0,-426000,0,0,0,56000,482000,-426000,-426000
057011,日月光中信99購01,0,0,0,0,0,0,0,0,0,-426000,0,0,0,89000,515000,-426000,-426000
064690,台光電群益9C購02,0,0,0,0,0,0,0,0,0,-428000,0,0,0,125000,553000,-428000,-428000
065119,大立光富邦03購03,0,0,0,0,0,0,0,0,0,-430000,0,0,0,475000,905000,-430000,-430000
058887,元石油元大9C購04,0,0,0,0,0,0,0,0,0,-430000,0,0,0,0,430000,-430000,-430000
058732,矽格永豐99購01  ,0,0,0,0,0,0,0,0,0,-431000,0,0,0,458000,889000,-431000,-431000
065199,華擎元富03購01  ,0,0,0,0,0,0,0,0,0,-432000,0,0,0,174000,606000,-432000,-432000
057675,同欣電元大98購02,0,0,0,0,0,0,0,0,0,-433000,0,0,0,10000,443000,-433000,-433000
07089P,臺指2X中信01售01,0,0,0,0,0,0,0,0,0,-435000,0,0,0,10000,445000,-435000,-435000
060316,福懋科永豐9A購01,0,0,0,0,0,0,0,0,0,-435000,0,0,0,116000,551000,-435000,-435000
07845P,南亞科元大9A售08,0,0,0,0,0,0,0,0,0,-436000,0,0,0,36000,472000,-436000,-436000
03432B,臺股指凱基98熊13,0,0,0,0,0,0,0,0,0,-436000,0,0,0,0,436000,-436000,-436000
057700,新日興群益9A購01,0,0,0,0,0,0,0,0,0,-437000,0,0,0,1000,438000,-437000,-437000
07830P,牧德凱基9A售03  ,0,0,0,0,0,0,0,0,0,-439000,0,0,0,181000,620000,-439000,-439000
065132,臻鼎兆豐01購01  ,0,0,0,0,0,0,0,0,0,-439000,0,0,0,34000,473000,-439000,-439000
060888,金像電統一9C購01,0,0,0,0,0,0,0,0,0,-439000,0,0,0,149000,588000,-439000,-439000
5215,科嘉-KY         ,801000,1112000,-311000,0,0,0,70000,288000,-218000,90000,98000,8000,90000,0,0,0,-439000
063548,同欣電兆豐9B購01,0,0,0,0,0,0,0,0,0,-440000,0,0,0,0,440000,-440000,-440000
064575,鈺齊群益9C購01  ,0,0,0,0,0,0,0,0,0,-442000,0,0,0,6000,448000,-442000,-442000
065260,金像電元大9C購07,0,0,0,0,0,0,0,0,0,-443000,0,0,0,0,443000,-443000,-443000
057980,聯詠永豐98購01  ,0,0,0,0,0,0,0,0,0,-443000,0,0,0,15000,458000,-443000,-443000
064676,聚陽兆豐9C購01  ,0,0,0,0,0,0,0,0,0,-443000,0,0,0,630000,1073000,-443000,-443000
064668,大立光元大9C購21,0,0,0,0,0,0,0,0,0,-443000,0,0,0,18000,461000,-443000,-443000
3003,健和興          ,52000,463000,-411000,0,0,0,0,0,0,-32000,0,2000,-2000,1000,31000,-30000,-443000
9136,巨騰-DR         ,47000,541000,-494000,0,0,0,0,0,0,50000,60000,10000,50000,0,0,0,-444000
05887P,友達元富99售03  ,0,0,0,0,0,0,0,0,0,-446000,0,0,0,3000,449000,-446000,-446000
055443,台虹國票98購01  ,0,0,0,0,0,0,0,0,0,-447000,0,0,0,283000,730000,-447000,-447000
062846,國泰金富邦9C購01,0,0,0,0,0,0,0,0,0,-447000,0,0,0,55000,502000,-447000,-447000
061826,台郡麥證9B購01  ,0,0,0,78000,527000,-449000,0,0,0,-449000,0,0,0,78000,527000,-449000,-449000
058497,新日興群益9B購01,0,0,0,0,0,0,0,0,0,-450000,0,0,0,0,450000,-450000,-450000
063483,致新元大9B購03  ,0,0,0,0,0,0,0,0,0,-450000,0,0,0,282000,732000,-450000,-450000
060456,正隆元大9A購01  ,0,0,0,0,0,0,0,0,0,-452000,0,0,0,202000,654000,-452000,-452000
060908,金像電元大9A購03,0,0,0,0,0,0,0,0,0,-454000,0,0,0,45000,499000,-454000,-454000
06878P,台灣50日盛9B售01,0,0,0,0,0,0,0,0,0,-455000,0,0,0,0,455000,-455000,-455000
06632P,創意群益98售03  ,0,0,0,0,0,0,0,0,0,-457000,0,0,0,0,457000,-457000,-457000
03649C,T50反1凱基99牛05,0,0,0,0,0,0,0,0,0,-458000,0,0,0,0,458000,-458000,-458000
1598,岱宇            ,656000,1043000,-387000,0,0,0,0,0,0,-72000,0,12000,-12000,0,60000,-60000,-459000
065843,瑞昱元大9C購03  ,0,0,0,0,0,0,0,0,0,-460000,0,0,0,15000,475000,-460000,-460000
061722,健策永豐9B購03  ,0,0,0,0,0,0,0,0,0,-462000,0,0,0,15000,477000,-462000,-462000
064728,健策統一9C購04  ,0,0,0,0,0,0,0,0,0,-464000,0,0,0,256000,720000,-464000,-464000
08615P,同欣電統一9C售02,0,0,0,0,0,0,0,0,0,-465000,0,0,0,1000,466000,-465000,-465000
063922,大立光元富9C購04,0,0,0,0,0,0,0,0,0,-465000,0,0,0,84000,549000,-465000,-465000
08275P,南亞科元富9C售01,0,0,0,0,0,0,0,0,0,-466000,0,0,0,40000,506000,-466000,-466000
057613,瑞昱元富02購02  ,0,0,0,0,0,0,0,0,0,-467000,0,0,0,53000,520000,-467000,-467000
064358,台達電統一01購02,0,0,0,0,0,0,0,0,0,-467000,0,0,0,266000,733000,-467000,-467000
2107,厚生            ,51000,358000,-307000,0,0,0,0,0,0,-160000,0,160000,-160000,0,0,0,-467000
2357,華碩            ,864334,1064000,-199666,0,0,0,0,204000,-204000,-64000,1000,8000,-7000,0,57000,-57000,-467666
063390,嘉晶兆豐9B購01  ,0,0,0,0,0,0,0,0,0,-468000,0,0,0,136000,604000,-468000,-468000
063295,京元電麥證9B購01,0,0,0,31000,499000,-468000,0,0,0,-468000,0,0,0,31000,499000,-468000,-468000
06813P,友訊元富98售03  ,0,0,0,0,0,0,0,0,0,-471000,0,0,0,26000,497000,-471000,-471000
057719,欣興元富02購01  ,0,0,0,0,0,0,0,0,0,-471000,0,0,0,951000,1422000,-471000,-471000
06532P,友達元富98售04  ,0,0,0,0,0,0,0,0,0,-472000,0,0,0,0,472000,-472000,-472000
064939,健策元富9C購03  ,0,0,0,0,0,0,0,0,0,-472000,0,0,0,10000,482000,-472000,-472000
07647P,健策國票9A售04  ,0,0,0,0,0,0,0,0,0,-472000,0,0,0,180000,652000,-472000,-472000
062687,華擎統一01購02  ,0,0,0,0,0,0,0,0,0,-472000,0,0,0,1171000,1643000,-472000,-472000
064055,台郡統一02購01  ,0,0,0,0,0,0,0,0,0,-472000,0,0,0,302000,774000,-472000,-472000
065379,立積元大01購01  ,0,0,0,0,0,0,0,0,0,-474000,0,0,0,25000,499000,-474000,-474000
063781,健策永豐9B購08  ,0,0,0,0,0,0,0,0,0,-476000,0,0,0,28000,504000,-476000,-476000
064655,聚陽元大9C購02  ,0,0,0,0,0,0,0,0,0,-476000,0,0,0,181000,657000,-476000,-476000
064461,致伸統一01購01  ,0,0,0,0,0,0,0,0,0,-477000,0,0,0,10000,487000,-477000,-477000
064490,金像電元大9C購02,0,0,0,0,0,0,0,0,0,-477000,0,0,0,0,477000,-477000,-477000
064165,同欣電統一01購01,0,0,0,0,0,0,0,0,0,-477000,0,0,0,158000,635000,-477000,-477000
064848,金像電元富9C購02,0,0,0,0,0,0,0,0,0,-478000,0,0,0,0,478000,-478000,-478000
065356,聯發科元富03購06,0,0,0,0,0,0,0,0,0,-479000,0,0,0,196000,675000,-479000,-479000
065370,瑞昱元大9C購02  ,0,0,0,0,0,0,0,0,0,-480000,0,0,0,76000,556000,-480000,-480000
07646P,世芯元大9A售04  ,0,0,0,0,0,0,0,0,0,-480000,0,0,0,23000,503000,-480000,-480000
05957P,友達國票97售04  ,0,0,0,0,0,0,0,0,0,-480000,0,0,0,0,480000,-480000,-480000
060705,台光電富邦9B購01,0,0,0,0,0,0,0,0,0,-484000,0,0,0,20000,504000,-484000,-484000
061818,富邦金群益9C購01,0,0,0,0,0,0,0,0,0,-488000,0,0,0,19000,507000,-488000,-488000
064998,T50反1國票02購01,0,0,0,0,0,0,0,0,0,-490000,0,0,0,0,490000,-490000,-490000
065681,聯發科統一9C購17,0,0,0,0,0,0,0,0,0,-490000,0,0,0,22000,512000,-490000,-490000
057620,康控凱基99購01  ,0,0,0,0,0,0,0,0,0,-490000,0,0,0,0,490000,-490000,-490000
057347,國巨統一9A購03  ,0,0,0,0,0,0,0,0,0,-491000,0,0,0,250000,741000,-491000,-491000
05644P,大立光中信9A售03,0,0,0,0,0,0,0,0,0,-491000,0,0,0,0,491000,-491000,-491000
064943,聚陽凱基9C購01  ,0,0,0,0,0,0,0,0,0,-493000,0,0,0,67000,560000,-493000,-493000
065690,台苯群益9C購01  ,0,0,0,0,0,0,0,0,0,-494000,0,0,0,102000,596000,-494000,-494000
063585,台積電永豐9B購03,0,0,0,0,0,0,0,0,0,-495000,0,0,0,5000,500000,-495000,-495000
08412P,群創凱基01售03  ,0,0,0,0,0,0,0,0,0,-497000,0,0,0,0,497000,-497000,-497000
054406,旺宏國票98購01  ,0,0,0,0,0,0,0,0,0,-497000,0,0,0,0,497000,-497000,-497000
054104,T50反1凱基9A購02,0,0,0,0,0,0,0,0,0,-499000,0,0,0,0,499000,-499000,-499000
062475,道瓊反國票9B購02,0,0,0,0,0,0,0,0,0,-499000,0,0,0,0,499000,-499000,-499000
064820,裕隆統一9C購01  ,0,0,0,0,0,0,0,0,0,-499000,0,0,0,0,499000,-499000,-499000
065369,瑞昱元大9C購01  ,0,0,0,0,0,0,0,0,0,-501000,0,0,0,32000,533000,-501000,-501000
058321,大立光永豐99購01,0,0,0,0,0,0,0,0,0,-501000,0,0,0,8000,509000,-501000,-501000
064540,神達麥證01購01  ,0,0,0,99000,600000,-501000,0,0,0,-501000,0,0,0,99000,600000,-501000,-501000
065404,玉晶光國泰02購03,0,0,0,0,0,0,0,0,0,-503000,0,0,0,283000,786000,-503000,-503000
065155,聯發科群益9C購11,0,0,0,0,0,0,0,0,0,-503000,0,0,0,0,503000,-503000,-503000
065820,瑞祺元富03購01  ,0,0,0,0,0,0,0,0,0,-503000,0,0,0,438000,941000,-503000,-503000
054426,國泰金富邦97購02,0,0,0,0,0,0,0,0,0,-504000,0,0,0,0,504000,-504000,-504000
08110P,臺股指中信01售05,0,0,0,0,0,0,0,0,0,-505000,0,0,0,155000,660000,-505000,-505000
07021P,台積電富邦9C售02,0,0,0,0,0,0,0,0,0,-507000,0,0,0,0,507000,-507000,-507000
060417,正隆永豐9A購01  ,0,0,0,0,0,0,0,0,0,-509000,0,0,0,40000,549000,-509000,-509000
055876,美食元富9A購01  ,0,0,0,0,0,0,0,0,0,-510000,0,0,0,0,510000,-510000,-510000
065154,聯發科群益9C購10,0,20000,-20000,0,0,0,0,0,0,-493000,0,0,0,20000,513000,-493000,-513000
058247,聯茂元大99購04  ,0,0,0,0,0,0,0,0,0,-515000,0,0,0,121000,636000,-515000,-515000
056926,日月光兆豐98購01,0,0,0,0,0,0,0,0,0,-516000,0,0,0,0,516000,-516000,-516000
1909,榮成            ,216000,741000,-525000,0,0,0,0,0,0,8000,10000,2000,8000,0,0,0,-517000
08153P,台表科統一9B售01,0,0,0,0,0,0,0,0,0,-519000,0,0,0,0,519000,-519000,-519000
08227P,T50反1元大9B售09,0,0,0,0,0,0,0,0,0,-519000,0,0,0,0,519000,-519000,-519000
064114,南茂國票01購01  ,0,0,0,0,0,0,0,0,0,-519000,0,0,0,27000,546000,-519000,-519000
08371P,京元電凱基9C售01,0,0,0,0,0,0,0,0,0,-520000,0,0,0,0,520000,-520000,-520000
063905,健策麥證02購01  ,0,0,0,154000,675000,-521000,0,0,0,-521000,0,0,0,154000,675000,-521000,-521000
2392,正崴            ,473000,903000,-430000,0,0,0,0,0,0,-91000,4000,0,4000,51000,146000,-95000,-521000
5608,四維航          ,744000,1268000,-524000,0,0,0,0,0,0,0,0,0,0,0,0,0,-524000
08066P,南亞科凱基9B售04,0,0,0,0,0,0,0,0,0,-525000,0,0,0,0,525000,-525000,-525000
2606,裕民            ,109000,278000,-169000,0,0,0,0,4000,-4000,-352000,0,320000,-320000,0,32000,-32000,-525000
9921,巨大            ,240307,702000,-461693,0,0,0,0,1000,-1000,-63000,5000,7000,-2000,1000,62000,-61000,-525693
061005,可成兆豐9A購01  ,0,0,0,0,0,0,0,0,0,-529000,0,0,0,36000,565000,-529000,-529000
055497,開發金元大97購01,0,0,0,0,0,0,0,0,0,-530000,0,0,0,0,530000,-530000,-530000
064924,健策統一9C購05  ,0,0,0,0,0,0,0,0,0,-532000,0,0,0,261000,793000,-532000,-532000
065972,聯發科元大01購07,0,0,0,0,0,0,0,0,0,-533000,0,0,0,20000,553000,-533000,-533000
058477,億光凱基9A購01  ,0,0,0,0,0,0,0,0,0,-533000,0,0,0,387000,920000,-533000,-533000
063049,上海銀兆豐9B購01,0,0,0,0,0,0,0,0,0,-534000,0,0,0,148000,682000,-534000,-534000
065816,聯發科元富03購07,0,0,0,0,0,0,0,0,0,-535000,0,0,0,11000,546000,-535000,-535000
00651R,FH香港反1       ,0,0,0,0,0,0,0,0,0,-535000,0,0,0,711000,1246000,-535000,-535000
064063,健策國泰01購02  ,0,0,0,0,0,0,0,0,0,-536000,0,0,0,225000,761000,-536000,-536000
063271,中磊兆豐9C購01  ,0,0,0,0,0,0,0,0,0,-537000,0,0,0,261000,798000,-537000,-537000
063292,致新元大9B購02  ,0,0,0,0,0,0,0,0,0,-538000,0,0,0,279000,817000,-538000,-538000
064051,新日興統一01購01,0,0,0,0,0,0,0,0,0,-538000,0,0,0,51000,589000,-538000,-538000
1536,和大            ,265000,765000,-500000,0,0,0,37000,80000,-43000,1000,108000,30000,78000,23000,100000,-77000,-542000
063624,GIS兆豐9B購01   ,0,0,0,0,0,0,0,0,0,-543000,0,0,0,155000,698000,-543000,-543000
063864,健策富邦01購01  ,0,0,0,0,0,0,0,0,0,-547000,0,0,0,585000,1132000,-547000,-547000
063439,正隆統一01購01  ,0,0,0,0,0,0,0,0,0,-549000,0,0,0,19000,568000,-549000,-549000
3060,銘異            ,151000,700000,-549000,0,0,0,0,0,0,0,0,0,0,0,0,0,-549000
08662P,台積電國泰03售01,0,0,0,0,0,0,0,0,0,-550000,0,0,0,110000,660000,-550000,-550000
053083,中環元大99購01  ,0,0,0,0,0,0,0,0,0,-550000,0,0,0,10000,560000,-550000,-550000
3044,健鼎            ,274000,849000,-575000,0,0,0,731000,564000,167000,-144000,10000,4000,6000,19000,169000,-150000,-552000
065940,立積群益02購01  ,0,0,0,0,0,0,0,0,0,-555000,0,0,0,256000,811000,-555000,-555000
059072,元油2X元大9C購13,0,0,0,0,0,0,0,0,0,-557000,0,0,0,0,557000,-557000,-557000
064811,華擎元大01購01  ,0,0,0,0,0,0,0,0,0,-557000,0,0,0,214000,771000,-557000,-557000
2915,潤泰全          ,182000,613000,-431000,0,0,0,0,0,0,-126000,6000,0,6000,28000,160000,-132000,-557000
065995,台虹永豐01購01  ,0,0,0,0,0,0,0,0,0,-558000,0,0,0,10000,568000,-558000,-558000
056395,玉晶光永豐9B購01,0,0,0,0,0,0,0,0,0,-559000,0,0,0,138000,697000,-559000,-559000
5521,工信            ,45000,606000,-561000,0,0,0,0,0,0,0,0,0,0,0,0,0,-561000
059298,大立光元富9C購02,0,0,0,0,0,0,0,0,0,-562000,0,0,0,174000,736000,-562000,-562000
065200,健策元富9C購04  ,0,0,0,0,0,0,0,0,0,-563000,0,0,0,18000,581000,-563000,-563000
063538,神達統一9C購01  ,0,0,0,0,0,0,0,0,0,-564000,0,0,0,415000,979000,-564000,-564000
055907,台虹兆豐98購01  ,0,0,0,0,0,0,0,0,0,-565000,0,0,0,35000,600000,-565000,-565000
065315,玉晶光中信03購02,0,0,0,0,0,0,0,0,0,-567000,0,0,0,593000,1160000,-567000,-567000
064887,嘉晶中信9C購02  ,0,0,0,0,0,0,0,0,0,-567000,0,0,0,0,567000,-567000,-567000
061596,健策永豐9A購03  ,0,0,0,0,0,0,0,0,0,-568000,0,0,0,2000,570000,-568000,-568000
064718,友達統一02購01  ,0,0,0,0,0,0,0,0,0,-568000,0,0,0,120000,688000,-568000,-568000
065973,嘉晶元大01購03  ,0,0,0,0,0,0,0,0,0,-570000,0,0,0,127000,697000,-570000,-570000
063881,嘉晶元富9C購01  ,0,0,0,0,0,0,0,0,0,-571000,0,0,0,26000,597000,-571000,-571000
062984,致新元富9B購01  ,0,0,0,0,0,0,0,0,0,-573000,0,0,0,293000,866000,-573000,-573000
064883,GIS兆豐01購01   ,0,0,0,0,0,0,0,0,0,-574000,0,0,0,114000,688000,-574000,-574000
065979,立積元大03購01  ,0,0,0,0,0,0,0,0,0,-575000,0,0,0,0,575000,-575000,-575000
065352,GIS統一01購04   ,0,0,0,0,0,0,0,0,0,-578000,0,0,0,55000,633000,-578000,-578000
065347,聯發科統一9C購15,0,0,0,0,0,0,0,0,0,-578000,0,0,0,119000,697000,-578000,-578000
059100,元油2X統一9C購02,0,0,0,0,0,0,0,0,0,-579000,0,0,0,102000,681000,-579000,-579000
062809,同欣電統一9C購01,0,0,0,0,0,0,0,0,0,-580000,0,0,0,199000,779000,-580000,-580000
065388,華擎兆豐01購01  ,0,0,0,0,0,0,0,0,0,-583000,0,0,0,58000,641000,-583000,-583000
063164,聯發科永豐9B購03,0,0,0,0,0,0,0,0,0,-588000,0,0,0,0,588000,-588000,-588000
062688,華擎統一01購03  ,0,0,0,0,0,0,0,0,0,-591000,0,0,0,183000,774000,-591000,-591000
063541,華擎元富9B購02  ,0,0,0,0,0,0,0,0,0,-592000,0,0,0,223000,815000,-592000,-592000
057493,聯詠元大98購02  ,0,0,0,0,0,0,0,0,0,-595000,0,0,0,322000,917000,-595000,-595000
2102,泰豐            ,492000,1058000,-566000,0,0,0,0,0,0,-31000,1000,32000,-31000,0,0,0,-597000
00640L,富邦日本正2     ,0,0,0,0,0,0,0,0,0,-600000,0,0,0,115000,715000,-600000,-600000
065109,台勝科國票01購01,0,0,0,0,0,0,0,0,0,-602000,0,0,0,18000,620000,-602000,-602000
064464,台郡統一01購01  ,0,0,0,0,0,0,0,0,0,-605000,0,0,0,512000,1117000,-605000,-605000
9938,百和            ,196000,680000,-484000,0,0,0,0,220000,-220000,99000,132000,53000,79000,47000,27000,20000,-605000
062362,致茂元大9B購01  ,0,0,0,0,0,0,0,0,0,-606000,0,0,0,61000,667000,-606000,-606000
2809,京城銀          ,304000,560000,-256000,0,0,0,0,2000,-2000,-349000,156000,214000,-58000,0,291000,-291000,-607000
065679,聯發科統一03購01,0,0,0,0,0,0,0,0,0,-608000,0,0,0,11000,619000,-608000,-608000
054805,台苯元大9A購01  ,0,0,0,0,0,0,0,0,0,-610000,0,0,0,0,610000,-610000,-610000
065547,同欣電兆豐01購01,0,0,0,0,0,0,0,0,0,-611000,0,0,0,29000,640000,-611000,-611000
063992,大立光中信9C購03,0,0,0,0,0,0,0,0,0,-612000,0,0,0,151000,763000,-612000,-612000
064810,嘉晶元大01購01  ,0,0,0,0,0,0,0,0,0,-616000,0,0,0,40000,656000,-616000,-616000
057721,華擎元富98購02  ,0,0,0,0,0,0,0,0,0,-618000,0,0,0,184000,802000,-618000,-618000
060788,嘉晶富邦9B購01  ,0,0,0,0,0,0,0,0,0,-619000,0,0,0,102000,721000,-619000,-619000
062265,南茂元大9B購01  ,0,0,0,0,0,0,0,0,0,-621000,0,0,0,170000,791000,-621000,-621000
1701,中化            ,358000,980000,-622000,0,0,0,0,0,0,-1000,0,1000,-1000,0,0,0,-623000
06706P,智原台新98售02  ,0,0,0,0,0,0,0,0,0,-624000,0,0,0,2000,626000,-624000,-624000
063345,嘉晶統一9C購02  ,0,0,0,0,0,0,0,0,0,-626000,0,0,0,48000,674000,-626000,-626000
063259,廣達富邦9C購01  ,0,0,0,0,0,0,0,0,0,-629000,0,0,0,438000,1067000,-629000,-629000
063924,致新元富9C購01  ,0,0,0,0,0,0,0,0,0,-632000,0,0,0,322000,954000,-632000,-632000
065957,華擎統一03購02  ,0,0,0,0,0,0,0,0,0,-638000,0,0,0,0,638000,-638000,-638000
06701P,臺股指統一99售06,0,0,0,0,0,0,0,0,0,-645000,0,0,0,53000,698000,-645000,-645000
060713,聯詠永豐9A購01  ,0,0,0,0,0,0,0,0,0,-645000,0,0,0,164000,809000,-645000,-645000
057087,台郡統一99購01  ,0,0,0,0,0,0,0,0,0,-651000,0,0,0,263000,914000,-651000,-651000
2458,義隆            ,2042000,3031000,-989000,0,0,0,0,193000,-193000,530000,782000,134000,648000,61000,179000,-118000,-652000
056942,昇陽半元富98購01,0,0,0,0,0,0,0,0,0,-654000,0,0,0,10000,664000,-654000,-654000
2027,大成鋼          ,586000,1181000,-595000,0,0,0,0,0,0,-59000,12000,1000,11000,33000,103000,-70000,-654000
6669,緯穎            ,518342,1016052,-497710,0,0,0,48000,86000,-38000,-121000,15000,88000,-73000,5000,53000,-48000,-656710
065355,聯發科元富03購05,0,0,0,0,0,0,0,0,0,-657000,0,0,0,228000,885000,-657000,-657000
3014,聯陽            ,314000,907000,-593000,0,0,0,0,0,0,-65000,33000,3000,30000,31000,126000,-95000,-658000
064625,健策元大01購02  ,0,0,0,0,0,0,0,0,0,-659000,0,0,0,158000,817000,-659000,-659000
065607,聯詠元大9C購02  ,0,0,0,0,0,0,0,0,0,-661000,0,0,0,283000,944000,-661000,-661000
5264,鎧勝-KY         ,1339000,744000,595000,0,0,0,0,787000,-787000,-475000,30000,507000,-477000,18000,16000,2000,-667000
08430P,友達凱基01售01  ,0,0,0,0,0,0,0,0,0,-669000,0,0,0,15000,684000,-669000,-669000
063890,正隆群益9C購01  ,0,0,0,0,0,0,0,0,0,-672000,0,0,0,298000,970000,-672000,-672000
065021,貿聯富邦03購01  ,0,0,0,0,0,0,0,0,0,-678000,0,0,0,243000,921000,-678000,-678000
059074,元油2X元大9C購15,0,0,0,0,0,0,0,0,0,-681000,0,0,0,42000,723000,-681000,-681000
1477,聚陽            ,349000,1338000,-989000,0,0,0,0,10000,-10000,316000,127000,42000,85000,309000,78000,231000,-683000
063306,聯茂凱基9C購01  ,0,0,0,0,0,0,0,0,0,-684000,0,0,0,82000,766000,-684000,-684000
064829,義隆統一01購02  ,0,0,0,0,0,0,0,0,0,-687000,0,0,0,428000,1115000,-687000,-687000
065708,中磊群益9C購01  ,0,0,0,0,0,0,0,0,0,-689000,0,0,0,154000,843000,-689000,-689000
055653,聯詠元富01購02  ,0,0,0,0,0,0,0,0,0,-689000,0,0,0,715000,1404000,-689000,-689000
062745,聯詠永豐9B購01  ,0,0,0,0,0,0,0,0,0,-689000,0,0,0,88000,777000,-689000,-689000
4142,國光生          ,2833000,3529000,-696000,0,0,0,0,0,0,0,0,0,0,0,0,0,-696000
064160,新日興統一01購03,0,0,0,0,0,0,0,0,0,-697000,0,0,0,81000,778000,-697000,-697000
058553,合勤控永豐99購01,0,0,0,0,0,0,0,0,0,-705000,0,0,0,10000,715000,-705000,-705000
065685,同欣電統一01購04,0,0,0,0,0,0,0,0,0,-706000,0,0,0,81000,787000,-706000,-706000
07782P,寶成凱基9A售02  ,0,0,0,0,0,0,0,0,0,-709000,0,0,0,0,709000,-709000,-709000
061042,致新永豐9A購02  ,0,0,0,0,0,0,0,0,0,-710000,0,0,0,294000,1004000,-710000,-710000
2367,燿華            ,1758000,2519000,-761000,0,0,0,0,0,0,49000,0,0,0,273000,224000,49000,-712000
065541,GIS統一01購05   ,0,0,0,0,0,0,0,0,0,-713000,0,0,0,238000,951000,-713000,-713000
1513,中興電          ,40000,459000,-419000,0,0,0,0,84000,-84000,-219000,8000,23000,-15000,0,204000,-204000,-722000
064249,聯發科元富06購01,0,0,0,0,0,0,0,0,0,-722000,0,0,0,761000,1483000,-722000,-722000
065848,聯詠元大9C購03  ,0,0,0,0,0,0,0,0,0,-723000,0,0,0,419000,1142000,-723000,-723000
06852P,臺股指元大98售11,0,0,0,0,0,0,0,0,0,-725000,0,0,0,210000,935000,-725000,-725000
064928,同欣電統一01購02,0,0,0,0,0,0,0,0,0,-726000,0,0,0,20000,746000,-726000,-726000
057987,大立光元富98購02,0,0,0,0,0,0,0,0,0,-728000,0,0,0,427000,1155000,-728000,-728000
063672,GIS統一9C購01   ,0,0,0,0,0,0,0,0,0,-728000,0,0,0,76000,804000,-728000,-728000
056664,上証反中信9B購01,0,0,0,0,0,0,0,0,0,-730000,0,0,0,0,730000,-730000,-730000
062170,健策永豐9B購04  ,0,0,0,0,0,0,0,0,0,-733000,0,0,0,116000,849000,-733000,-733000
061775,臺指反國票9B購04,0,0,0,0,0,0,0,0,0,-735000,0,0,0,0,735000,-735000,-735000
065079,致茂元大9C購01  ,0,0,0,0,0,0,0,0,0,-737000,0,0,0,279000,1016000,-737000,-737000
08313P,健策國票01售01  ,0,0,0,0,0,0,0,0,0,-742000,0,0,0,138000,880000,-742000,-742000
08424P,群創元富9C售03  ,0,0,0,0,0,0,0,0,0,-756000,0,0,0,0,756000,-756000,-756000
1440,南紡            ,241000,1099000,-858000,0,0,0,0,0,0,100000,104000,4000,100000,0,0,0,-758000
063583,GIS國泰01購01   ,0,0,0,0,0,0,0,0,0,-760000,0,0,0,202000,962000,-760000,-760000
064986,GIS元大9C購07   ,0,0,0,0,0,0,0,0,0,-766000,0,0,0,1262000,2028000,-766000,-766000
056269,新日興統一98購01,0,0,0,0,0,0,0,0,0,-768000,0,0,0,74000,842000,-768000,-768000
065648,華擎元大01購02  ,0,0,0,0,0,0,0,0,0,-773000,0,0,0,117000,890000,-773000,-773000
064814,祥碩元大9C購06  ,0,0,0,0,0,0,0,0,0,-779000,0,0,0,200000,979000,-779000,-779000
2723,美食-KY         ,120000,238000,-118000,0,0,0,0,666000,-666000,1000,0,1000,-1000,4000,2000,2000,-783000
065344,瑞昱統一01購05  ,0,0,0,0,0,0,0,0,0,-790000,0,0,0,291000,1081000,-790000,-790000
4904,遠傳            ,608956,1396000,-787044,0,0,0,0,11000,-11000,5000,108000,102000,6000,0,1000,-1000,-793044
3045,台灣大          ,736186,1039000,-302814,0,0,0,0,13000,-13000,-479000,0,479000,-479000,0,0,0,-794814
05830P,滬深2X元富99售03,0,0,0,0,0,0,0,0,0,-795000,0,0,0,40000,835000,-795000,-795000
6443,元晶            ,71000,867000,-796000,0,0,0,0,0,0,0,0,0,0,0,0,0,-796000
064881,聯茂兆豐01購02  ,0,0,0,0,0,0,0,0,0,-798000,0,0,0,590000,1388000,-798000,-798000
07174P,臺股指國票99售11,0,0,0,0,0,0,0,0,0,-809000,0,0,0,170000,979000,-809000,-809000
055652,聯詠元富01購01  ,0,0,0,0,0,0,0,0,0,-811000,0,0,0,113000,924000,-811000,-811000
063057,祥碩統一03購01  ,0,0,0,0,0,0,0,0,0,-812000,0,0,0,521000,1333000,-812000,-812000
064147,瑞昱統一01購04  ,0,0,0,0,0,0,0,0,0,-813000,0,0,0,725000,1538000,-813000,-813000
03414B,臺股指凱基99熊01,0,0,0,0,0,0,0,0,0,-814000,0,0,0,1455000,2269000,-814000,-814000
08644P,臺股指中信02售02,0,0,0,0,0,0,0,0,0,-818000,0,0,0,2000,820000,-818000,-818000
2474,可成            ,446021,1446000,-999979,0,0,0,170000,5000,165000,14000,15000,8000,7000,21000,14000,7000,-820979
2328,廣宇            ,195000,1013000,-818000,0,0,0,0,0,0,-3000,2000,5000,-3000,0,0,0,-821000
2498,宏達電          ,777000,1544790,-767790,0,0,0,0,0,0,-71000,54000,38000,16000,71000,158000,-87000,-838790
062653,正隆永豐9B購01  ,0,0,0,0,0,0,0,0,0,-840000,0,0,0,122000,962000,-840000,-840000
2369,菱生            ,524000,1372000,-848000,0,0,0,0,0,0,0,0,0,0,0,0,0,-848000
064159,新日興統一01購02,0,0,0,0,0,0,0,0,0,-852000,0,0,0,26000,878000,-852000,-852000
064712,聚陽統一02購03  ,0,0,0,0,0,0,0,0,0,-852000,0,0,0,243000,1095000,-852000,-852000
062408,致新永豐9B購01  ,0,0,0,0,0,0,0,0,0,-867000,0,0,0,176000,1043000,-867000,-867000
3006,晶豪科          ,223000,550000,-327000,0,0,0,0,0,0,-540000,33000,149000,-116000,9000,433000,-424000,-867000
064822,台達電統一01購03,0,0,0,0,0,0,0,0,0,-871000,0,0,0,220000,1091000,-871000,-871000
2329,華泰            ,1628000,2501000,-873000,0,0,0,0,0,0,1000,0,0,0,1000,0,1000,-872000
2492,華新科          ,509376,1455000,-945624,0,0,0,307000,82000,225000,-154000,18000,89000,-71000,19000,102000,-83000,-874624
063782,致新永豐9B購02  ,0,0,0,0,0,0,0,0,0,-877000,0,0,0,99000,976000,-877000,-877000
06629P,台灣50第一98售01,0,0,0,0,0,0,0,0,0,-884000,0,0,0,445000,1329000,-884000,-884000
063348,祥碩統一01購04  ,0,0,0,0,0,0,0,0,0,-893000,0,0,0,236000,1129000,-893000,-893000
6282,康舒            ,297000,1197000,-900000,0,0,0,0,0,0,1000,0,1000,-1000,2000,0,2000,-899000
05693P,滬深2X凱基98售02,0,0,0,0,0,0,0,0,0,-900000,0,0,0,0,900000,-900000,-900000
064444,聚陽統一01購02  ,0,0,0,0,0,0,0,0,0,-901000,0,0,0,333000,1234000,-901000,-901000
1711,永光            ,166000,1068000,-902000,0,0,0,0,0,0,0,0,0,0,0,0,0,-902000
2542,興富發          ,297000,1096000,-799000,0,0,0,0,120000,-120000,13000,15000,2000,13000,0,0,0,-906000
2356,英業達          ,2626941,5026000,-2399059,0,0,0,2500000,19000,2481000,-992000,278000,53000,225000,113000,1330000,-1217000,-910059
6239,力成            ,696225,1630000,-933775,0,0,0,881000,717000,164000,-141000,0,21000,-21000,97000,217000,-120000,-910775
1605,華新            ,404000,467000,-63000,0,0,0,0,7000,-7000,-854000,0,34000,-34000,56000,876000,-820000,-924000
063760,聯詠統一9C購02  ,0,0,0,0,0,0,0,0,0,-957000,0,0,0,351000,1308000,-957000,-957000
08420P,國巨群益9C售12  ,0,0,0,0,0,0,0,0,0,-959000,0,0,0,0,959000,-959000,-959000
060431,復盛永豐9A購01  ,0,0,0,0,0,0,0,0,0,-959000,0,0,0,0,959000,-959000,-959000
4958,臻鼎-KY         ,1681555,2372000,-690445,0,0,0,1004000,1271000,-267000,-4000,212000,242000,-30000,43000,17000,26000,-961445
064071,台郡永豐9C購01  ,0,0,0,0,0,0,0,0,0,-964000,0,0,0,326000,1290000,-964000,-964000
2371,大同            ,689000,1909000,-1220000,0,0,0,0,0,0,254000,314000,60000,254000,0,0,0,-966000
08136P,祥碩國泰01售01  ,0,0,0,0,0,0,0,0,0,-971000,0,0,0,134000,1105000,-971000,-971000
1101,台泥            ,4928241,5666874,-738633,0,0,0,563000,18000,545000,-778000,17000,454000,-437000,53000,394000,-341000,-971633
055962,晶豪科元大97購02,0,0,0,0,0,0,0,0,0,-976000,0,0,0,0,976000,-976000,-976000
00712,FH富時不動產    ,16000,828000,-812000,0,0,0,0,0,0,-177000,0,0,0,6000,183000,-177000,-989000
06392P,T50反1元大9A售01,0,0,0,0,0,0,0,0,0,-995000,0,0,0,0,995000,-995000,-995000
060792,信錦永豐9A購01  ,0,0,0,0,0,0,0,0,0,-996000,0,0,0,0,996000,-996000,-996000
058095,昇陽半元大98購03,0,0,0,0,0,0,0,0,0,-1001000,0,0,0,258000,1259000,-1001000,-1001000
064177,立積國泰01購01  ,0,0,0,0,0,0,0,0,0,-1006000,0,0,0,1441000,2447000,-1006000,-1006000
2912,統一超          ,185497,1248000,-1062503,0,0,0,0,4000,-4000,59000,60000,1000,59000,0,0,0,-1007503
057085,立積統一9B購02  ,0,0,0,0,0,0,0,0,0,-1050000,0,0,0,199000,1249000,-1050000,-1050000
065782,健策富邦01購02  ,0,0,0,0,0,0,0,0,0,-1059000,0,0,0,217000,1276000,-1059000,-1059000
059948,正文永豐99購01  ,0,0,0,0,0,0,0,0,0,-1063000,0,0,0,75000,1138000,-1063000,-1063000
065651,中磊元大9C購01  ,0,0,0,0,0,0,0,0,0,-1064000,0,0,0,52000,1116000,-1064000,-1064000
063661,聚陽統一9C購02  ,0,0,0,0,0,0,0,0,0,-1067000,0,0,0,920000,1987000,-1067000,-1067000
063437,聚陽統一01購01  ,0,0,0,0,0,0,0,0,0,-1089000,0,0,0,1364000,2453000,-1089000,-1089000
8105,凌巨            ,41000,1132000,-1091000,0,0,0,0,0,0,0,0,0,0,0,0,0,-1091000
06824P,台灣50國票99售02,0,0,0,0,0,0,0,0,0,-1094000,0,0,0,96000,1190000,-1094000,-1094000
057114,台虹群益98購01  ,0,0,0,0,0,0,0,0,0,-1105000,0,0,0,164000,1269000,-1105000,-1105000
056954,聯詠富邦9A購01  ,0,0,0,0,0,0,0,0,0,-1109000,0,0,0,339000,1448000,-1109000,-1109000
2312,金寶            ,2474000,3636000,-1162000,0,0,0,0,0,0,51000,0,0,0,121000,70000,51000,-1111000
057578,可成中信99購01  ,0,0,0,0,0,0,0,0,0,-1112000,0,0,0,71000,1183000,-1112000,-1112000
063488,金像電國泰01購01,0,0,0,0,0,0,0,0,0,-1121000,0,0,0,272000,1393000,-1121000,-1121000
08554P,玉晶光國票01售06,0,0,0,0,0,0,0,0,0,-1137000,0,0,0,962000,2099000,-1137000,-1137000
1434,福懋            ,687000,1472000,-785000,0,0,0,0,8000,-8000,-352000,0,2000,-2000,15000,365000,-350000,-1145000
054546,玉晶光中信9B購01,0,0,0,0,0,0,0,0,0,-1151000,0,0,0,2838000,3989000,-1151000,-1151000
064979,華擎元大9C購04  ,0,0,0,0,0,0,0,0,0,-1170000,0,0,0,297000,1467000,-1170000,-1170000
4927,泰鼎-KY         ,2353453,2050000,303453,0,0,0,6000,279000,-273000,-1212000,0,280000,-280000,14000,946000,-932000,-1181547
2327,國巨            ,1092809,2160000,-1067191,0,0,0,0,171000,-171000,56000,47000,5000,42000,47000,33000,14000,-1182191
3010,華立            ,24000,1200000,-1176000,0,0,0,0,0,0,-10000,0,10000,-10000,0,0,0,-1186000
064835,嘉晶統一02購01  ,0,0,0,0,0,0,0,0,0,-1219000,0,0,0,94000,1313000,-1219000,-1219000
064445,聚陽統一02購01  ,0,0,0,0,0,0,0,0,0,-1227000,0,0,0,352000,1579000,-1227000,-1227000
2344,華邦電          ,4717000,5516000,-799000,0,0,0,0,8000,-8000,-420000,0,167000,-167000,7000,260000,-253000,-1227000
061844,T50反1國票9C購02,0,0,0,0,0,0,0,0,0,-1241000,0,0,0,50000,1291000,-1241000,-1241000
06604P,聯發科元富02售02,0,0,0,0,0,0,0,0,0,-1245000,0,0,0,127000,1372000,-1245000,-1245000
063846,智邦元大9C購01  ,0,0,0,0,0,0,0,0,0,-1285000,0,0,0,377000,1662000,-1285000,-1285000
3576,聯合再生        ,2937000,4232000,-1295000,0,0,0,0,0,0,0,0,0,0,0,0,0,-1295000
065496,裕隆富邦9C購01  ,0,0,0,0,0,0,0,0,0,-1305000,0,0,0,325000,1630000,-1305000,-1305000
064856,GIS國泰02購01   ,0,0,0,0,0,0,0,0,0,-1324000,0,0,0,218000,1542000,-1324000,-1324000
9904,寶成            ,567271,1588000,-1020729,0,0,0,0,15000,-15000,-297000,8000,211000,-203000,8000,102000,-94000,-1332729
1210,大成            ,117000,628000,-511000,0,0,0,0,868000,-868000,25000,25000,0,25000,0,0,0,-1354000
6251,定穎            ,899000,2347000,-1448000,0,0,0,0,0,0,77000,80000,3000,77000,0,0,0,-1371000
1504,東元            ,199000,1634000,-1435000,0,0,0,0,10000,-10000,56000,0,0,0,56000,0,56000,-1389000
2425,承啟            ,160000,1584000,-1424000,0,0,0,0,0,0,0,0,0,0,0,0,0,-1424000
064919,嘉晶統一02購02  ,0,0,0,0,0,0,0,0,0,-1478000,0,0,0,190000,1668000,-1478000,-1478000
064450,致茂統一01購01  ,0,0,0,0,0,0,0,0,0,-1494000,0,0,0,315000,1809000,-1494000,-1494000
058734,康友永豐99購01  ,0,0,0,0,0,0,0,0,0,-1500000,0,0,0,0,1500000,-1500000,-1500000
065353,GIS統一02購03   ,0,0,0,0,0,0,0,0,0,-1524000,0,0,0,30000,1554000,-1524000,-1524000
064704,嘉晶國泰01購01  ,0,0,0,0,0,0,0,0,0,-1551000,0,0,0,212000,1763000,-1551000,-1551000
064703,T50反1國泰01購01,0,0,0,0,0,0,0,0,0,-1552000,0,0,0,2107000,3659000,-1552000,-1552000
2201,裕隆            ,225000,873000,-648000,0,0,0,0,742000,-742000,-172000,9000,23000,-14000,64000,222000,-158000,-1562000
065279,T50反1群益9C購03,0,0,0,0,0,0,0,0,0,-1566000,0,0,0,230000,1796000,-1566000,-1566000
058928,國巨統一9C購01  ,0,0,0,0,0,0,0,0,0,-1577000,0,0,0,627000,2204000,-1577000,-1577000
00632R,元大台灣50反1   ,17463000,3287000,14176000,0,0,0,0,0,0,-15760000,1120000,1000000,120000,21400000,37280000,-15880000,-1584000
2376,技嘉            ,1206000,3698000,-2492000,0,0,0,1338000,725000,613000,273000,531000,141000,390000,211000,328000,-117000,-1606000
2505,國揚            ,367000,1800285,-1433285,0,0,0,0,0,0,-177000,20000,0,20000,51000,248000,-197000,-1610285
059931,緯穎富邦9A購01  ,0,0,0,0,0,0,0,0,0,-1618000,0,0,0,138000,1756000,-1618000,-1618000
3338,泰碩            ,35000,76000,-41000,0,0,0,0,1566000,-1566000,-33000,2000,8000,-6000,5000,32000,-27000,-1640000
9945,潤泰新          ,266000,1968000,-1702000,0,0,0,0,0,0,24000,54000,4000,50000,0,26000,-26000,-1678000
065499,京元電富邦01購01,0,0,0,0,0,0,0,0,0,-1691000,0,0,0,132000,1823000,-1691000,-1691000
065055,臺股指凱基02購04,0,0,0,0,0,0,0,0,0,-1692000,0,0,0,41000,1733000,-1692000,-1692000
00634R,富邦上証反1     ,19000,132000,-113000,0,0,0,0,0,0,-1640000,0,0,0,492000,2132000,-1640000,-1753000
00715L,街口布蘭特油正2 ,1000,0,1000,0,0,0,0,0,0,-1815000,0,0,0,10000,1825000,-1815000,-1814000
3017,奇鋐            ,729000,2533000,-1804000,0,0,0,0,0,0,-43000,60000,0,60000,34000,137000,-103000,-1847000
00671R,富邦NASDAQ反1   ,12000,29000,-17000,0,0,0,0,0,0,-1850000,0,0,0,57000,1907000,-1850000,-1867000
6176,瑞儀            ,769000,2529000,-1760000,0,0,0,0,10000,-10000,-184000,50000,41000,9000,8000,201000,-193000,-1954000
00669R,國泰美國道瓊反1 ,0,150000,-150000,0,0,0,0,0,0,-1818000,0,0,0,796000,2614000,-1818000,-1968000
2324,仁寶            ,2662241,3563000,-900759,0,0,0,0,224000,-224000,-859000,4000,6000,-2000,50000,907000,-857000,-1983759
1102,亞泥            ,954519,2731000,-1776481,0,0,0,552000,194000,358000,-621000,12000,275000,-263000,6000,364000,-358000,-2039481
00638R,元大滬深300反1  ,0,768000,-768000,0,0,0,0,0,0,-1327000,0,0,0,563000,1890000,-1327000,-2095000
07194P,聯發科元大99售25,0,0,0,0,0,0,0,0,0,-2102000,0,0,0,52000,2154000,-2102000,-2102000
00676R,富邦臺灣加權反1 ,103000,3000,100000,0,0,0,0,0,0,-2219000,0,0,0,3537000,5756000,-2219000,-2119000
064446,聚陽統一02購02  ,0,0,0,0,0,0,0,0,0,-2164000,0,0,0,221000,2385000,-2164000,-2164000
2301,光寶科          ,639218,2562000,-1922782,0,0,0,0,8000,-8000,-264000,10000,4000,6000,0,270000,-270000,-2194782
2614,東森            ,1557000,3757000,-2200000,0,0,0,0,0,0,2000,2000,0,2000,0,0,0,-2198000
1314,中石化          ,375000,2567000,-2192000,0,0,0,0,6000,-6000,-20000,0,0,0,5000,25000,-20000,-2218000
07307P,上証2X凱基9A售02,0,0,0,0,0,0,0,0,0,-2230000,0,0,0,0,2230000,-2230000,-2230000
06771P,台灣50中信02售01,0,0,0,0,0,0,0,0,0,-2344000,0,0,0,0,2344000,-2344000,-2344000
3035,智原            ,1602000,4608000,-3006000,0,0,0,796000,0,796000,-152000,112000,20000,92000,137000,381000,-244000,-2362000
3189,景碩            ,983000,3702000,-2719000,0,0,0,500000,0,500000,-219000,91000,299000,-208000,91000,102000,-11000,-2438000
00664R,國泰臺灣加權反1 ,102000,55000,47000,0,0,0,0,0,0,-2858000,0,0,0,10421000,13279000,-2858000,-2811000
6116,彩晶            ,1113000,3121000,-2008000,0,0,0,0,0,0,-888000,6000,40000,-34000,144000,998000,-854000,-2896000
07597P,臺股指中信01售02,0,0,0,0,0,0,0,0,0,-2975000,0,0,0,245000,3220000,-2975000,-2975000
1402,遠東新          ,644827,3603000,-2958173,0,0,0,0,25000,-25000,-78000,40000,0,40000,5000,123000,-118000,-3061173
056266,開發金統一9A購01,0,0,0,0,0,0,0,0,0,-3070000,0,0,0,400000,3470000,-3070000,-3070000
2481,強茂            ,1013000,3634000,-2621000,0,0,0,50000,540000,-490000,-253000,0,103000,-103000,16000,166000,-150000,-3364000
3711,日月光投控      ,4918148,9420000,-4501852,0,0,0,1477000,21000,1456000,-343000,397000,329000,68000,60000,471000,-411000,-3388852
3049,和鑫            ,638000,4188000,-3550000,0,0,0,0,0,0,-25000,0,0,0,0,25000,-25000,-3575000
2891,中信金          ,10247451,7257760,2989691,0,0,0,1198000,106000,1092000,-7918000,0,8012000,-8012000,179000,85000,94000,-3836309
2337,旺宏            ,2659000,6173000,-3514000,0,0,0,0,0,0,-993000,171000,204000,-33000,45000,1005000,-960000,-4507000
2884,玉山金          ,6103662,10702000,-4598338,0,0,0,0,65000,-65000,-155000,0,1000,-1000,0,154000,-154000,-4818338
2408,南亞科          ,1800491,5738000,-3937509,0,0,0,0,545000,-545000,-501000,0,185000,-185000,19000,335000,-316000,-4983509
056301,開發金元大9A購01,0,0,0,0,0,0,0,0,0,-7722000,0,0,0,14000,7736000,-7722000,-7722000
2886,兆豐金          ,3467402,16267000,-12799598,0,0,0,779000,68000,711000,288000,620000,8000,612000,0,324000,-324000,-11800598
2409,友達            ,48340738,46442000,1898738,0,0,0,0,7543000,-7543000,-7032000,238000,5456000,-5218000,608000,2422000,-1814000,-12676262
00677U,富邦VIX         ,33527000,21974000,11553000,0,0,0,0,0,0,-45785000,170000,515000,-345000,7320000,52760000,-45440000,-34232000
3481,群創            ,37053963,56800422,-19746459,0,0,0,0,9731000,-9731000,-6880000,585000,3526000,-2941000,504000,4443000,-3939000,-36357459
